[name]
unknown

[dist]
# distance from previous block
# <min> <max>
8	115

[block]
# block no. 0 follows, 43 sequences, length 8
# corresponding to MSA columns:
# 124-126,128-132
name=unknown_A
#
# <colnr> <probs for GDERKNQSTAVLIFYWHMCP>
#	G	D	E	R	K	N	Q	S	T	A	V	L	I	F	Y	W	H	M	C	P
0	0.00888	0.00696	0.01092	0.00954	0.01140	0.00640	0.11460	0.01126	0.01378	0.04794	0.38178	0.22415	0.10643	0.01190	0.00663	0.00190	0.00385	0.01089	0.00532	0.00549
1	0.01711	0.01303	0.01409	0.01163	0.01513	0.01446	0.00929	0.45958	0.21095	0.02889	0.01816	0.13018	0.01530	0.00843	0.00579	0.00180	0.00524	0.00688	0.00551	0.00853
2	0.01616	0.01180	0.01288	0.01104	0.01448	0.01307	0.00874	0.13363	0.51337	0.13480	0.02248	0.02067	0.04645	0.00756	0.00565	0.00182	0.00462	0.00620	0.00578	0.00879
3	0.14003	0.01050	0.08120	0.00943	0.01323	0.00852	0.00831	0.02074	0.01419	0.42848	0.14069	0.06563	0.01956	0.00779	0.00547	0.00175	0.00454	0.00637	0.00571	0.00784
4	0.13471	0.01062	0.03375	0.00910	0.01296	0.00965	0.00741	0.09506	0.09596	0.04449	0.01471	0.12784	0.01326	0.00696	0.00484	0.00142	0.00439	0.00567	0.00416	0.36304
5	0.01071	0.00686	0.00864	0.00766	0.00997	0.00588	0.00580	0.01277	0.01355	0.12945	0.29070	0.18948	0.10205	0.01074	0.00602	0.00167	0.00336	0.00937	0.00537	0.16996
6	0.01297	0.07028	0.39107	0.01313	0.01891	0.01351	0.01447	0.12631	0.16715	0.02100	0.04673	0.01695	0.05023	0.00659	0.00539	0.00174	0.00645	0.00523	0.00378	0.00811
7	0.00963	0.00917	0.05137	0.06607	0.01477	0.00873	0.07321	0.02527	0.01092	0.01565	0.05258	0.16655	0.01733	0.01849	0.23029	0.00383	0.07295	0.00737	0.01860	0.12722

[dist]
# distance from previous block
# <min> <max>
8	34

[block]
# block no. 1 follows, 43 sequences, length 28
# corresponding to MSA columns:
# 183-185,195-219
name=unknown_B
#
# <colnr> <probs for GDERKNQSTAVLIFYWHMCP>
#	G	D	E	R	K	N	Q	S	T	A	V	L	I	F	Y	W	H	M	C	P
0	0.03512	0.01170	0.01822	0.25174	0.27238	0.02930	0.05662	0.05145	0.02852	0.11037	0.03771	0.01676	0.01104	0.00605	0.00583	0.00177	0.02081	0.02343	0.00354	0.00764
1	0.00760	0.00552	0.00698	0.00787	0.00855	0.00528	0.00540	0.05276	0.01168	0.01545	0.03132	0.70038	0.08748	0.01647	0.00694	0.00219	0.00336	0.01480	0.00517	0.00481
2	0.03576	0.11854	0.01731	0.21419	0.02130	0.01374	0.04498	0.22873	0.01637	0.14138	0.03181	0.03608	0.04255	0.00669	0.00538	0.00169	0.00601	0.00548	0.00433	0.00767
3	0.06943	0.04209	0.02966	0.04232	0.06601	0.12583	0.03416	0.13777	0.01600	0.21441	0.09275	0.01737	0.01449	0.00662	0.00527	0.00162	0.00581	0.00529	0.06545	0.00767
4	0.01968	0.01064	0.01372	0.01112	0.03466	0.01050	0.05304	0.22461	0.01752	0.34225	0.01772	0.01732	0.01217	0.00653	0.00526	0.00162	0.00497	0.00536	0.18293	0.00838
5	0.08893	0.02774	0.01691	0.10065	0.22591	0.14749	0.04098	0.06349	0.08847	0.06812	0.05386	0.01521	0.01162	0.00596	0.00529	0.00165	0.00652	0.00498	0.00371	0.02252
6	0.04574	0.06778	0.01549	0.01203	0.01562	0.19069	0.00965	0.31307	0.17961	0.02499	0.05929	0.01539	0.01283	0.00673	0.00530	0.00163	0.00633	0.00504	0.00471	0.00808
7	0.00795	0.00586	0.00756	0.00803	0.00890	0.00562	0.01828	0.05329	0.01202	0.01597	0.08464	0.54549	0.09467	0.06980	0.00835	0.00236	0.00363	0.03766	0.00507	0.00486
8	0.03983	0.09067	0.10324	0.17460	0.16840	0.04583	0.02445	0.07181	0.05864	0.10086	0.02620	0.01524	0.01023	0.00603	0.00564	0.00171	0.02748	0.01785	0.00355	0.00773
9	0.01341	0.20822	0.32217	0.08666	0.02202	0.01469	0.10309	0.01758	0.01197	0.08515	0.01096	0.01348	0.00840	0.00563	0.00562	0.00168	0.03841	0.02034	0.00289	0.00762
10	0.01309	0.01246	0.02093	0.14626	0.61498	0.01268	0.01612	0.01639	0.01231	0.01750	0.01030	0.01373	0.00853	0.00497	0.00541	0.00163	0.00655	0.00483	0.00273	0.05860
11	0.00823	0.03442	0.03174	0.05165	0.01101	0.00676	0.00679	0.02103	0.01147	0.02778	0.04597	0.46349	0.15925	0.01439	0.00720	0.00210	0.04091	0.04597	0.00474	0.00510
12	0.03621	0.01125	0.01577	0.33120	0.12694	0.03140	0.01247	0.14538	0.01465	0.13259	0.01394	0.07925	0.01123	0.00681	0.00559	0.00179	0.00629	0.00584	0.00395	0.00744
13	0.01117	0.00659	0.00844	0.00757	0.00955	0.00604	0.00582	0.01403	0.04382	0.16576	0.50534	0.05796	0.11440	0.01075	0.00633	0.00177	0.00312	0.00934	0.00610	0.00609
14	0.00681	0.00521	0.00625	0.00686	0.00786	0.00465	0.00481	0.00813	0.01195	0.01542	0.12947	0.43887	0.30294	0.01542	0.00681	0.00205	0.00299	0.01358	0.00526	0.00465
15	0.03827	0.57433	0.15168	0.01097	0.01605	0.09968	0.01134	0.01731	0.01174	0.01417	0.00816	0.00947	0.00706	0.00494	0.00399	0.00132	0.00668	0.00321	0.00244	0.00718
16	0.08207	0.01129	0.01378	0.10452	0.04237	0.01187	0.00957	0.24838	0.04866	0.26850	0.02783	0.04620	0.01248	0.00692	0.00540	0.00172	0.00530	0.00556	0.03928	0.00829
17	0.01450	0.56192	0.19780	0.01127	0.01669	0.05497	0.01207	0.04786	0.01218	0.01499	0.00848	0.00976	0.00718	0.00498	0.00409	0.00135	0.00663	0.00333	0.00252	0.00742
18	0.01706	0.02730	0.01499	0.08002	0.01741	0.01365	0.00963	0.42903	0.03269	0.04772	0.01262	0.01400	0.00955	0.02682	0.02643	0.00176	0.00588	0.00468	0.00459	0.20416
19	0.01080	0.01121	0.05921	0.66920	0.09561	0.01252	0.01571	0.01455	0.01117	0.01463	0.00983	0.01445	0.00747	0.00557	0.00583	0.00184	0.02658	0.00488	0.00248	0.00647
20	0.00780	0.00563	0.00736	0.00700	0.00826	0.00520	0.00522	0.01034	0.01548	0.02189	0.73877	0.07140	0.05164	0.01156	0.00655	0.00176	0.00264	0.01024	0.00606	0.00520
21	0.02723	0.01293	0.03965	0.19399	0.31314	0.08210	0.05460	0.01680	0.01304	0.07183	0.08736	0.01798	0.01353	0.00619	0.00564	0.00172	0.00666	0.02478	0.00339	0.00743
22	0.03583	0.05891	0.09766	0.21993	0.04209	0.13786	0.04271	0.12834	0.01458	0.08953	0.01187	0.01515	0.00923	0.02814	0.00627	0.00181	0.02521	0.02406	0.00352	0.00727
23	0.00863	0.00554	0.00650	0.00643	0.00677	0.00546	0.00389	0.00901	0.00908	0.04372	0.06072	0.08336	0.03734	0.64034	0.04687	0.00486	0.00529	0.00855	0.00379	0.00386
24	0.00857	0.00570	0.00653	0.00645	0.00663	0.00575	0.00380	0.03651	0.00883	0.01177	0.01752	0.07287	0.01997	0.69148	0.02589	0.05126	0.00526	0.00814	0.00348	0.00359
25	0.24452	0.01567	0.03234	0.05127	0.05694	0.22944	0.00934	0.13480	0.01416	0.02058	0.01050	0.01318	0.00863	0.04715	0.05326	0.00223	0.00719	0.00423	0.03792	0.00665
26	0.09083	0.07038	0.14480	0.03581	0.03068	0.09151	0.01151	0.24984	0.06992	0.11238	0.01280	0.01320	0.00926	0.00602	0.00509	0.00163	0.00638	0.00449	0.00429	0.02917
27	0.16725	0.02641	0.02532	0.07853	0.04539	0.08821	0.00972	0.12102	0.01291	0.04876	0.01229	0.01486	0.04030	0.01085	0.08697	0.03459	0.13827	0.00475	0.00348	0.03012

[dist]
# distance from previous block
# <min> <max>
2	16

[block]
# block no. 2 follows, 43 sequences, length 29
# corresponding to MSA columns:
# 236-264
name=unknown_C
#
# <colnr> <probs for GDERKNQSTAVLIFYWHMCP>
#	G	D	E	R	K	N	Q	S	T	A	V	L	I	F	Y	W	H	M	C	P
0	0.17322	0.04599	0.04352	0.07934	0.03942	0.11985	0.00946	0.10571	0.01377	0.06588	0.08832	0.08785	0.01518	0.02421	0.00660	0.00184	0.06335	0.00586	0.00397	0.00665
1	0.00735	0.05386	0.00777	0.00772	0.00833	0.00560	0.00534	0.00837	0.01060	0.01413	0.02855	0.71822	0.03395	0.03541	0.00730	0.00224	0.00342	0.01455	0.02266	0.00464
2	0.08357	0.36699	0.18424	0.02676	0.03052	0.11425	0.01198	0.06036	0.04525	0.01685	0.00935	0.01060	0.00759	0.00526	0.00437	0.00146	0.00677	0.00362	0.00284	0.00738
3	0.03780	0.06242	0.14246	0.01204	0.04060	0.02802	0.03386	0.17097	0.01503	0.09777	0.01561	0.09682	0.02690	0.02852	0.00597	0.00172	0.00572	0.03501	0.00417	0.13859
4	0.02990	0.06115	0.03031	0.15957	0.11038	0.07128	0.01094	0.05426	0.01149	0.03106	0.01185	0.03102	0.01070	0.08192	0.17410	0.00361	0.10181	0.00533	0.00302	0.00630
5	0.06324	0.12184	0.54512	0.01463	0.02166	0.03235	0.05038	0.05762	0.01244	0.01830	0.00974	0.01138	0.00716	0.00525	0.00501	0.00167	0.00765	0.00403	0.00262	0.00791
6	0.00944	0.00765	0.04048	0.01065	0.05704	0.00679	0.03343	0.03916	0.01297	0.04613	0.18539	0.32759	0.03274	0.02698	0.00736	0.01627	0.00423	0.12512	0.00500	0.00558
7	0.00796	0.00552	0.00691	0.00695	0.00726	0.00580	0.00448	0.00859	0.00840	0.01149	0.01715	0.06018	0.01887	0.54917	0.25197	0.00630	0.00810	0.00771	0.00331	0.00387
8	0.00681	0.00487	0.00648	0.00767	0.00805	0.00454	0.00515	0.00786	0.01088	0.01458	0.07082	0.76019	0.03748	0.01702	0.00704	0.00222	0.00318	0.01543	0.00519	0.00454
9	0.00697	0.00512	0.00646	0.00718	0.00791	0.00469	0.00494	0.00827	0.01176	0.01563	0.17026	0.51267	0.15501	0.04647	0.00771	0.00222	0.00312	0.01374	0.00525	0.00462
10	0.01402	0.06213	0.02264	0.03181	0.69834	0.04060	0.01632	0.01715	0.01264	0.01763	0.01019	0.01328	0.00861	0.00495	0.00535	0.00161	0.00666	0.00477	0.00272	0.00859
11	0.01074	0.00556	0.00561	0.00546	0.00687	0.00563	0.00413	0.04151	0.01217	0.02120	0.01788	0.02036	0.01401	0.00646	0.00394	0.00130	0.00272	0.00516	0.80398	0.00533
12	0.00736	0.00530	0.00703	0.00775	0.00853	0.00497	0.00563	0.00904	0.01248	0.01695	0.25800	0.45645	0.05731	0.01516	0.00697	0.00212	0.00326	0.10546	0.00543	0.00480
13	0.00761	0.00565	0.00709	0.00673	0.00813	0.00513	0.00505	0.01001	0.01514	0.02093	0.64197	0.04348	0.17898	0.01180	0.00653	0.00176	0.00265	0.01031	0.00593	0.00513
14	0.02470	0.00967	0.01300	0.00997	0.01426	0.00850	0.00824	0.05610	0.01626	0.74496	0.02151	0.01863	0.01354	0.00685	0.00557	0.00171	0.00477	0.00555	0.00680	0.00943
15	0.04184	0.00949	0.01241	0.00965	0.01370	0.00850	0.00793	0.06840	0.01613	0.64872	0.04589	0.02087	0.05572	0.00733	0.00560	0.00172	0.00462	0.00595	0.00658	0.00896
16	0.84448	0.01071	0.00814	0.00728	0.01071	0.01242	0.00600	0.01628	0.00943	0.02485	0.00771	0.00900	0.00600	0.00514	0.00343	0.00171	0.00428	0.00300	0.00343	0.00600
17	0.01307	0.01494	0.03268	0.02334	0.02894	0.01401	0.75070	0.01774	0.01307	0.01774	0.01120	0.01494	0.00840	0.00467	0.00654	0.00187	0.00934	0.00654	0.00280	0.00747
18	0.12157	0.14789	0.46748	0.01458	0.02129	0.01437	0.10510	0.01725	0.01149	0.01781	0.00945	0.01129	0.00706	0.00509	0.00490	0.00167	0.00745	0.00407	0.00254	0.00764
19	0.01212	0.01212	0.01696	0.01454	0.01454	0.01696	0.01212	0.01333	0.00848	0.01333	0.00727	0.01212	0.00727	0.00969	0.01818	0.00242	0.79523	0.00485	0.00242	0.00606
20	0.00922	0.00588	0.00775	0.00734	0.00877	0.00538	0.00548	0.01154	0.01495	0.08899	0.59251	0.15071	0.04649	0.01180	0.00652	0.00181	0.00289	0.01045	0.00603	0.00550
21	0.00691	0.00493	0.00634	0.00739	0.00774	0.00462	0.00486	0.00777	0.01036	0.01373	0.03002	0.66386	0.06969	0.12202	0.00985	0.00265	0.00348	0.01453	0.00490	0.00435
22	0.34725	0.10907	0.07294	0.01009	0.03646	0.03267	0.03182	0.10723	0.01266	0.02224	0.01200	0.01342	0.03472	0.00644	0.01861	0.00172	0.00531	0.00416	0.11448	0.00669
23	0.01331	0.12721	0.01375	0.00984	0.01245	0.01087	0.02691	0.16989	0.01466	0.08396	0.04724	0.12640	0.06323	0.02982	0.08065	0.05262	0.00594	0.10028	0.00453	0.00644
24	0.24448	0.09754	0.19907	0.01065	0.01524	0.08127	0.01056	0.07371	0.01276	0.02042	0.08092	0.01404	0.01165	0.02637	0.00518	0.00166	0.00591	0.00428	0.00341	0.08087
25	0.04699	0.00802	0.04981	0.00816	0.01008	0.00719	0.00648	0.03770	0.05714	0.01729	0.09264	0.17989	0.05531	0.11773	0.11287	0.00318	0.00553	0.02489	0.08276	0.07636
26	0.12488	0.14973	0.19149	0.03233	0.06205	0.01305	0.01136	0.01681	0.08045	0.05871	0.01514	0.08749	0.04564	0.03254	0.00653	0.00186	0.05375	0.00569	0.00349	0.00703
27	0.01015	0.01234	0.20924	0.04161	0.01414	0.00829	0.02562	0.05344	0.01106	0.03215	0.01782	0.16358	0.04906	0.13682	0.03207	0.14526	0.00593	0.02242	0.00351	0.00548
28	0.11202	0.07541	0.08264	0.00910	0.01224	0.00981	0.00788	0.04943	0.05692	0.11864	0.09067	0.10352	0.01827	0.11087	0.04987	0.00252	0.00534	0.00660	0.00433	0.07393

[dist]
# distance from previous block
# <min> <max>
1	33

[block]
# block no. 3 follows, 43 sequences, length 27
# corresponding to MSA columns:
# 298-324
name=unknown_D
#
# <colnr> <probs for GDERKNQSTAVLIFYWHMCP>
#	G	D	E	R	K	N	Q	S	T	A	V	L	I	F	Y	W	H	M	C	P
0	0.09349	0.03417	0.03552	0.03031	0.05193	0.01274	0.02521	0.25142	0.12251	0.09615	0.08382	0.01938	0.01533	0.02289	0.00587	0.00177	0.00525	0.03611	0.00491	0.05119
1	0.15216	0.06925	0.11743	0.01120	0.04327	0.02752	0.00980	0.07442	0.07231	0.16534	0.10001	0.01710	0.01469	0.00798	0.03676	0.00195	0.02126	0.00510	0.00442	0.04803
2	0.19286	0.01012	0.01419	0.44783	0.05711	0.01207	0.01217	0.03224	0.02584	0.04092	0.04734	0.01599	0.01032	0.00620	0.00565	0.00183	0.03583	0.02191	0.00319	0.00638
3	0.09760	0.01507	0.01553	0.01218	0.01626	0.05589	0.01001	0.56700	0.02258	0.08419	0.01291	0.01307	0.00920	0.00659	0.00579	0.00169	0.03569	0.00476	0.00518	0.00882
4	0.05099	0.03458	0.01443	0.01074	0.01505	0.01264	0.00886	0.34519	0.03827	0.24757	0.03695	0.01537	0.01173	0.00639	0.00524	0.00155	0.00519	0.00496	0.00545	0.12886
5	0.00716	0.00520	0.00687	0.00746	0.00821	0.00491	0.00525	0.00873	0.01217	0.01661	0.26154	0.47347	0.07431	0.01701	0.06160	0.00254	0.00383	0.01307	0.00529	0.00477
6	0.01240	0.01174	0.01988	0.22159	0.53395	0.01234	0.01576	0.01563	0.01209	0.01683	0.01169	0.06952	0.01039	0.00596	0.00561	0.00174	0.00654	0.00569	0.00284	0.00782
7	0.01773	0.09170	0.09825	0.01393	0.04594	0.08141	0.04713	0.33592	0.11131	0.05939	0.01316	0.01366	0.00974	0.00629	0.00570	0.00167	0.02930	0.00483	0.00442	0.00852
8	0.02357	0.00914	0.01244	0.00964	0.01370	0.00792	0.00792	0.02575	0.01584	0.71818	0.07784	0.02054	0.01660	0.00719	0.00564	0.00172	0.00456	0.00590	0.00680	0.00911
9	0.00727	0.00504	0.00627	0.00705	0.00724	0.00485	0.00443	0.00785	0.00959	0.01278	0.02531	0.49668	0.03006	0.33139	0.01549	0.00349	0.00407	0.01268	0.00443	0.00404
10	0.00962	0.00762	0.01151	0.01109	0.04839	0.00833	0.05970	0.06966	0.01085	0.01527	0.03684	0.02230	0.01466	0.11311	0.52718	0.00690	0.01200	0.00619	0.00328	0.00551
11	0.05449	0.01031	0.01272	0.04848	0.01513	0.01047	0.00899	0.18367	0.06588	0.32492	0.05031	0.02587	0.01715	0.00841	0.00589	0.00187	0.00509	0.13644	0.00577	0.00813
12	0.00674	0.00486	0.00638	0.00760	0.00800	0.00451	0.00509	0.00772	0.01071	0.01418	0.03190	0.76165	0.07584	0.01717	0.00704	0.00223	0.00319	0.01553	0.00514	0.00451
13	0.01942	0.00820	0.01109	0.00897	0.01227	0.00719	0.00721	0.02165	0.01559	0.53620	0.22814	0.05672	0.02528	0.00851	0.00590	0.00174	0.00407	0.00721	0.00658	0.00807
14	0.13647	0.17688	0.34791	0.01530	0.11387	0.05458	0.01472	0.02893	0.01193	0.03873	0.00954	0.01113	0.00733	0.00519	0.00468	0.00160	0.00692	0.00384	0.00276	0.00769
15	0.01019	0.00631	0.00848	0.00903	0.01042	0.00604	0.00733	0.01214	0.01243	0.10606	0.05048	0.18906	0.07054	0.07768	0.00885	0.00256	0.00453	0.39733	0.00521	0.00535
16	0.00683	0.00562	0.00601	0.00591	0.00766	0.00480	0.00444	0.00851	0.01331	0.01658	0.21515	0.05063	0.60852	0.01342	0.00654	0.00184	0.00276	0.01131	0.00536	0.00480
17	0.11886	0.07256	0.53849	0.06996	0.06146	0.01334	0.01738	0.01705	0.01138	0.01799	0.00953	0.01149	0.00701	0.00522	0.00495	0.00171	0.00740	0.00398	0.00251	0.00772
18	0.01520	0.01636	0.04270	0.18657	0.35207	0.20129	0.01474	0.07342	0.01403	0.01741	0.01005	0.01293	0.00807	0.00539	0.00537	0.00164	0.00759	0.00458	0.00291	0.00768
19	0.03356	0.00516	0.00691	0.00718	0.00744	0.00515	0.00482	0.00809	0.00844	0.01176	0.01595	0.16908	0.01749	0.15059	0.01829	0.45279	0.00453	0.04020	0.02927	0.00327
20	0.01576	0.49098	0.12819	0.01133	0.01627	0.09420	0.01124	0.12437	0.03175	0.01712	0.00926	0.01030	0.00767	0.00525	0.00427	0.00137	0.00662	0.00355	0.00295	0.00756
21	0.08529	0.00880	0.02798	0.00994	0.05029	0.00855	0.00727	0.13035	0.02742	0.08325	0.21614	0.21536	0.04599	0.04948	0.00711	0.00203	0.00414	0.00911	0.00517	0.00634
22	0.03795	0.14189	0.11510	0.01285	0.03034	0.29084	0.01116	0.16261	0.01579	0.01873	0.02979	0.01404	0.03912	0.03062	0.00601	0.00166	0.02643	0.00447	0.00343	0.00718
23	0.49350	0.08218	0.05152	0.02736	0.03754	0.09425	0.00866	0.11312	0.01266	0.02316	0.00877	0.01006	0.00683	0.00537	0.00408	0.00163	0.00559	0.00347	0.00346	0.00678
24	0.18010	0.09250	0.11458	0.06531	0.01590	0.12543	0.01000	0.07218	0.01365	0.05738	0.13512	0.01785	0.04554	0.00690	0.00531	0.00166	0.02486	0.00518	0.00384	0.00672
25	0.26945	0.01228	0.06058	0.02792	0.02644	0.08967	0.04422	0.01562	0.02254	0.05567	0.14395	0.03821	0.04195	0.00752	0.00600	0.02651	0.03711	0.00553	0.00391	0.06492
26	0.17372	0.08726	0.06451	0.05591	0.02986	0.06126	0.02575	0.09903	0.02746	0.03803	0.09913	0.02726	0.02643	0.04744	0.04969	0.00222	0.02610	0.00526	0.00379	0.04987

[dist]
# distance from previous block
# <min> <max>
9	43

[block]
# block no. 4 follows, 43 sequences, length 37
# corresponding to MSA columns:
# 369-405
name=unknown_E
#
# <colnr> <probs for GDERKNQSTAVLIFYWHMCP>
#	G	D	E	R	K	N	Q	S	T	A	V	L	I	F	Y	W	H	M	C	P
0	0.01573	0.21196	0.01705	0.02513	0.01419	0.01262	0.03675	0.08718	0.01389	0.20532	0.06356	0.12643	0.01615	0.00794	0.00609	0.00164	0.05740	0.00638	0.00450	0.07011
1	0.00700	0.00501	0.00645	0.00750	0.00792	0.00470	0.00505	0.00795	0.01052	0.01389	0.03043	0.62871	0.07861	0.11215	0.00961	0.00262	0.00354	0.04900	0.00492	0.00440
2	0.04557	0.01429	0.04239	0.29380	0.23928	0.12352	0.07345	0.01730	0.04775	0.01651	0.01045	0.01368	0.00823	0.00536	0.00541	0.00170	0.00737	0.00479	0.00283	0.02635
3	0.01402	0.05030	0.01994	0.13909	0.42302	0.02748	0.02714	0.12517	0.01420	0.01937	0.01155	0.01578	0.00967	0.00743	0.04281	0.00204	0.00704	0.03274	0.00320	0.00801
4	0.00706	0.00501	0.00662	0.00780	0.00818	0.00474	0.00534	0.00809	0.01058	0.01407	0.02930	0.66877	0.03479	0.08440	0.00892	0.00254	0.00357	0.08079	0.00498	0.00446
5	0.00758	0.00564	0.00715	0.00804	0.00873	0.00555	0.00554	0.01024	0.09172	0.01566	0.07967	0.66609	0.03557	0.01588	0.00688	0.00217	0.00330	0.01434	0.00526	0.00501
6	0.03610	0.06126	0.06389	0.13855	0.45940	0.01355	0.01523	0.01712	0.06168	0.01761	0.02621	0.01429	0.00966	0.00552	0.00582	0.00170	0.03659	0.00490	0.00292	0.00800
7	0.01038	0.00892	0.00899	0.00856	0.01042	0.05357	0.00638	0.01640	0.25979	0.01747	0.09367	0.03608	0.19902	0.17672	0.01076	0.00262	0.00445	0.06499	0.00488	0.00594
8	0.00673	0.00489	0.00635	0.00752	0.00798	0.00451	0.00506	0.00773	0.01079	0.01421	0.03287	0.73324	0.10362	0.01705	0.00702	0.00221	0.00318	0.01537	0.00514	0.00451
9	0.31345	0.05817	0.14121	0.07530	0.06269	0.03652	0.02456	0.04909	0.02854	0.14543	0.01140	0.01239	0.00824	0.00556	0.00463	0.00169	0.00583	0.00411	0.00374	0.00741
10	0.01212	0.19661	0.45112	0.13539	0.02404	0.01491	0.04184	0.03368	0.01188	0.01643	0.00955	0.01170	0.00720	0.00520	0.00498	0.00164	0.00755	0.00408	0.00245	0.00764
11	0.00709	0.00556	0.00643	0.00652	0.00799	0.00491	0.00487	0.00887	0.01332	0.01719	0.27297	0.14685	0.41569	0.01368	0.00666	0.00191	0.00291	0.04631	0.00544	0.00484
12	0.01127	0.06367	0.74310	0.01550	0.02353	0.01327	0.01997	0.01750	0.01167	0.01734	0.00984	0.01157	0.00702	0.00524	0.00519	0.00173	0.00808	0.00404	0.00234	0.00814
13	0.01224	0.01681	0.19773	0.14359	0.15862	0.03140	0.28637	0.01671	0.01243	0.01712	0.02921	0.03111	0.00962	0.00544	0.00587	0.00179	0.00800	0.00565	0.00276	0.00751
14	0.00805	0.00537	0.00604	0.00604	0.00604	0.00537	0.00336	0.00805	0.00805	0.01074	0.01745	0.03624	0.02013	0.80536	0.02819	0.00537	0.00537	0.00805	0.00336	0.00336
15	0.00809	0.00619	0.00923	0.00913	0.01008	0.00734	0.00714	0.01003	0.00888	0.01288	0.01452	0.02136	0.01357	0.04022	0.75176	0.00863	0.04712	0.00589	0.00294	0.00499
16	0.03478	0.74886	0.02783	0.00968	0.01428	0.06150	0.00946	0.01687	0.01144	0.01334	0.00774	0.00894	0.00708	0.00480	0.00363	0.00121	0.00610	0.00299	0.00242	0.00705
17	0.01199	0.00677	0.00695	0.00634	0.00812	0.00703	0.00491	0.12798	0.01386	0.02287	0.01732	0.01950	0.01345	0.00648	0.00413	0.00135	0.00313	0.00513	0.70685	0.00582
18	0.00664	0.00561	0.00574	0.00571	0.00754	0.00472	0.00428	0.00813	0.01285	0.01549	0.10830	0.05242	0.71604	0.01383	0.00654	0.00186	0.00279	0.01157	0.00521	0.00472
19	0.84448	0.01071	0.00814	0.00728	0.01071	0.01242	0.00600	0.01628	0.00943	0.02485	0.00771	0.00900	0.00600	0.00514	0.00343	0.00171	0.00428	0.00300	0.00343	0.00600
20	0.84448	0.01071	0.00814	0.00728	0.01071	0.01242	0.00600	0.01628	0.00943	0.02485	0.00771	0.00900	0.00600	0.00514	0.00343	0.00171	0.00428	0.00300	0.00343	0.00600
21	0.00671	0.00562	0.00584	0.00578	0.00758	0.00475	0.00434	0.00827	0.01302	0.01589	0.14751	0.05177	0.67658	0.01368	0.00654	0.00185	0.00278	0.01147	0.00527	0.00475
22	0.00668	0.00562	0.00580	0.00576	0.00757	0.00473	0.00432	0.00822	0.01295	0.01574	0.13274	0.05202	0.69145	0.01374	0.00654	0.00186	0.00278	0.01151	0.00525	0.00473
23	0.84448	0.01071	0.00814	0.00728	0.01071	0.01242	0.00600	0.01628	0.00943	0.02485	0.00771	0.00900	0.00600	0.00514	0.00343	0.00171	0.00428	0.00300	0.00343	0.00600
24	0.00791	0.00593	0.00890	0.00890	0.00989	0.00692	0.00692	0.00989	0.00890	0.01286	0.01483	0.02176	0.01385	0.04154	0.78341	0.00890	0.01483	0.00593	0.00297	0.00494
25	0.01307	0.01494	0.03268	0.02334	0.02894	0.01401	0.75070	0.01774	0.01307	0.01774	0.01120	0.01494	0.00840	0.00467	0.00654	0.00187	0.00934	0.00654	0.00280	0.00747
26	0.00695	0.00551	0.00626	0.00632	0.00779	0.00481	0.00464	0.00864	0.01321	0.01695	0.25942	0.16267	0.44972	0.01374	0.00662	0.00189	0.00281	0.01181	0.00542	0.00481
27	0.01251	0.00873	0.02699	0.02991	0.09851	0.00846	0.00992	0.02935	0.08193	0.13186	0.03738	0.06622	0.02424	0.01157	0.00674	0.00219	0.00517	0.39662	0.00506	0.00665
28	0.01233	0.00684	0.00896	0.00786	0.00998	0.00628	0.00609	0.01532	0.04419	0.21075	0.55251	0.03494	0.04125	0.01006	0.00626	0.00174	0.00321	0.00876	0.00627	0.00641
29	0.00686	0.00489	0.00650	0.00775	0.00809	0.00459	0.00522	0.00785	0.01061	0.01413	0.03012	0.75527	0.03601	0.03922	0.00768	0.00235	0.00334	0.03997	0.00509	0.00449
30	0.01126	0.02756	0.71747	0.01639	0.02437	0.01295	0.07857	0.01756	0.01180	0.01756	0.01004	0.01195	0.00713	0.00521	0.00536	0.00176	0.00828	0.00429	0.00238	0.00813
31	0.00675	0.00482	0.00643	0.00771	0.00803	0.00450	0.00514	0.00771	0.01060	0.01414	0.03053	0.80175	0.03663	0.01735	0.00707	0.00225	0.00321	0.01574	0.00514	0.00450
32	0.00670	0.00500	0.00624	0.00723	0.00791	0.00454	0.00493	0.00777	0.01107	0.01433	0.03640	0.62976	0.20483	0.01659	0.00695	0.00216	0.00312	0.01481	0.00514	0.00454
33	0.01806	0.02537	0.01516	0.06048	0.08800	0.01261	0.01024	0.25641	0.04444	0.22718	0.05927	0.06005	0.01441	0.00759	0.00673	0.00179	0.07275	0.00602	0.00514	0.00830
34	0.01582	0.01352	0.07886	0.03403	0.02099	0.01168	0.29598	0.09661	0.03268	0.18448	0.03107	0.03102	0.01136	0.00586	0.00578	0.00169	0.00678	0.00582	0.02117	0.09480
35	0.01955	0.01471	0.01662	0.01318	0.03479	0.01598	0.03542	0.64488	0.02396	0.03226	0.01381	0.04990	0.01058	0.00693	0.00558	0.00166	0.00600	0.00547	0.00527	0.04343
36	0.01372	0.01447	0.13432	0.04473	0.23062	0.01272	0.01296	0.12775	0.19452	0.03586	0.04594	0.07883	0.01456	0.00716	0.00567	0.00178	0.00579	0.00621	0.00418	0.00822

[dist]
# distance from previous block
# <min> <max>
6	34

[block]
# block no. 5 follows, 43 sequences, length 216
# corresponding to MSA columns:
# 441-460,463-536,539-626,628-659,664,665
name=unknown_F
#
# <colnr> <probs for GDERKNQSTAVLIFYWHMCP>
#	G	D	E	R	K	N	Q	S	T	A	V	L	I	F	Y	W	H	M	C	P
0	0.01134	0.03141	0.05067	0.05445	0.04503	0.00883	0.00887	0.11101	0.03187	0.05422	0.02356	0.25935	0.05816	0.01195	0.00673	0.02159	0.00485	0.16161	0.00467	0.03982
1	0.16114	0.06660	0.18286	0.04593	0.27769	0.03164	0.02713	0.03227	0.05058	0.05833	0.01088	0.01271	0.00839	0.00533	0.00497	0.00167	0.00642	0.00438	0.00316	0.00793
2	0.05586	0.09895	0.01286	0.08401	0.01384	0.01096	0.04269	0.14310	0.01368	0.02087	0.01403	0.01709	0.01129	0.03985	0.03818	0.00195	0.02142	0.00496	0.34811	0.00631
3	0.01265	0.04868	0.22611	0.04242	0.12478	0.01353	0.34452	0.04663	0.01292	0.01797	0.01159	0.05104	0.00939	0.00557	0.00590	0.00179	0.00805	0.00587	0.00287	0.00772
4	0.00888	0.00824	0.04797	0.03427	0.04608	0.03798	0.00654	0.02533	0.01075	0.01390	0.04304	0.08698	0.19066	0.30012	0.11190	0.00399	0.00623	0.00850	0.00382	0.00483
5	0.04234	0.00706	0.00936	0.01030	0.07153	0.00699	0.02687	0.01216	0.09454	0.01802	0.20891	0.35289	0.09218	0.01268	0.00645	0.00197	0.00365	0.01133	0.00510	0.00565
6	0.10119	0.14874	0.44479	0.08267	0.04615	0.05407	0.01610	0.01717	0.01156	0.01711	0.00928	0.01120	0.00702	0.00520	0.00481	0.00165	0.00738	0.00387	0.00251	0.00753
7	0.00731	0.00557	0.00632	0.00652	0.00763	0.00515	0.00464	0.00846	0.01109	0.01395	0.05849	0.10251	0.37644	0.23930	0.05300	0.00331	0.00439	0.07704	0.00455	0.00436
8	0.01334	0.02859	0.01754	0.03246	0.01583	0.05256	0.03247	0.07895	0.01060	0.01537	0.00804	0.01220	0.00748	0.00891	0.01555	0.00226	0.63388	0.00481	0.00273	0.00643
9	0.01259	0.00828	0.01013	0.00854	0.01136	0.00767	0.00673	0.05944	0.08313	0.13747	0.32660	0.02919	0.02962	0.03045	0.00640	0.00170	0.00381	0.04470	0.00544	0.17677
10	0.01148	0.00984	0.01148	0.00820	0.01312	0.00738	0.00656	0.01395	0.01148	0.01805	0.00984	0.01148	0.00820	0.00410	0.00410	0.00082	0.00410	0.00328	0.00328	0.83922
11	0.01685	0.01498	0.01468	0.08379	0.03154	0.16335	0.01015	0.29684	0.08190	0.03886	0.05350	0.01738	0.04158	0.03417	0.00712	0.00183	0.05929	0.00544	0.01918	0.00756
12	0.57574	0.00923	0.00811	0.00729	0.01015	0.01022	0.00586	0.01503	0.01144	0.05269	0.22403	0.01856	0.01942	0.00696	0.00439	0.00172	0.00383	0.00509	0.00432	0.00591
13	0.00836	0.00629	0.00787	0.00789	0.00927	0.00578	0.00565	0.03453	0.01186	0.01657	0.10586	0.49966	0.05170	0.01355	0.00660	0.00190	0.02095	0.01202	0.03300	0.14068
14	0.01604	0.59171	0.02540	0.01081	0.01490	0.19687	0.00988	0.01771	0.01215	0.01316	0.00788	0.00929	0.00712	0.00519	0.00456	0.00130	0.04347	0.00319	0.00248	0.00690
15	0.00675	0.00482	0.00643	0.00771	0.00803	0.00450	0.00514	0.00771	0.01060	0.01414	0.03053	0.80175	0.03663	0.01735	0.00707	0.00225	0.00321	0.01574	0.00514	0.00450
16	0.01697	0.01126	0.01297	0.02831	0.01454	0.01197	0.00874	0.35482	0.08761	0.14527	0.02001	0.20871	0.01792	0.00955	0.00598	0.00186	0.00502	0.02493	0.00558	0.00798
17	0.01346	0.03797	0.30802	0.03619	0.13666	0.01353	0.23920	0.05916	0.01318	0.05758	0.01109	0.01344	0.00820	0.00527	0.00593	0.00177	0.02322	0.00509	0.00296	0.00808
18	0.01676	0.44836	0.06491	0.02702	0.02953	0.28304	0.01072	0.01874	0.01293	0.03108	0.00853	0.00985	0.00730	0.00517	0.00426	0.00133	0.00746	0.00336	0.00265	0.00699
19	0.01390	0.01138	0.04048	0.01289	0.07392	0.01146	0.03919	0.03887	0.33899	0.11181	0.02104	0.09471	0.05073	0.00811	0.00630	0.00181	0.04239	0.00685	0.00492	0.07024
20	0.05569	0.07187	0.58670	0.01544	0.05743	0.03919	0.01785	0.01810	0.01197	0.06155	0.01036	0.01184	0.00745	0.00532	0.00509	0.00170	0.00763	0.00408	0.00270	0.00805
21	0.00815	0.03194	0.00924	0.00860	0.00960	0.00724	0.00661	0.00990	0.00888	0.01263	0.01489	0.02295	0.01433	0.12537	0.67402	0.00826	0.01349	0.00607	0.00299	0.00484
22	0.02485	0.00943	0.01285	0.00985	0.01414	0.00814	0.00814	0.02699	0.01585	0.77465	0.02185	0.01885	0.01371	0.00685	0.00557	0.00171	0.00471	0.00557	0.00685	0.00943
23	0.01984	0.01483	0.01640	0.01279	0.01690	0.05197	0.04833	0.57481	0.02303	0.07535	0.01431	0.01623	0.01077	0.02631	0.00617	0.00178	0.00624	0.03453	0.02062	0.00877
24	0.01294	0.01468	0.03185	0.06312	0.02942	0.01392	0.71265	0.01755	0.01297	0.01755	0.01113	0.01493	0.00835	0.00471	0.00648	0.00187	0.00924	0.00645	0.00278	0.00740
25	0.02485	0.00943	0.01285	0.00985	0.01414	0.00814	0.00814	0.02699	0.01585	0.77465	0.02185	0.01885	0.01371	0.00685	0.00557	0.00171	0.00471	0.00557	0.00685	0.00943
26	0.02402	0.00940	0.01269	0.00982	0.01399	0.00824	0.00808	0.02662	0.04004	0.72967	0.04227	0.01953	0.01487	0.00700	0.00560	0.00172	0.00464	0.00571	0.00679	0.00929
27	0.00905	0.00615	0.00767	0.00813	0.00919	0.00592	0.00579	0.07440	0.01244	0.05540	0.03056	0.56944	0.10136	0.03702	0.00741	0.00223	0.00364	0.04378	0.00521	0.00520
28	0.00962	0.00481	0.00722	0.00722	0.00722	0.00481	0.00481	0.00722	0.00722	0.00962	0.00962	0.01684	0.00962	0.01924	0.02165	0.83886	0.00481	0.00481	0.00241	0.00241
29	0.84448	0.01071	0.00814	0.00728	0.01071	0.01242	0.00600	0.01628	0.00943	0.02485	0.00771	0.00900	0.00600	0.00514	0.00343	0.00171	0.00428	0.00300	0.00343	0.00600
30	0.00665	0.00550	0.00584	0.00601	0.00761	0.00468	0.00441	0.00806	0.01251	0.01528	0.09534	0.16421	0.61607	0.01436	0.00662	0.00192	0.00285	0.01219	0.00520	0.00468
31	0.01138	0.02691	0.69179	0.01621	0.03801	0.01296	0.05009	0.01815	0.05053	0.01785	0.01065	0.01233	0.00762	0.00535	0.00534	0.00176	0.00801	0.00432	0.00254	0.00820
32	0.84448	0.01071	0.00814	0.00728	0.01071	0.01242	0.00600	0.01628	0.00943	0.02485	0.00771	0.00900	0.00600	0.00514	0.00343	0.00171	0.00428	0.00300	0.00343	0.00600
33	0.00675	0.00482	0.00643	0.00771	0.00803	0.00450	0.00514	0.00771	0.01060	0.01414	0.03053	0.80175	0.03663	0.01735	0.00707	0.00225	0.00321	0.01574	0.00514	0.00450
34	0.01187	0.01007	0.01169	0.00839	0.01329	0.00778	0.00672	0.04377	0.01207	0.01873	0.00998	0.01156	0.00825	0.00420	0.00416	0.00085	0.00418	0.00335	0.00337	0.80571
35	0.01433	0.29048	0.28144	0.01507	0.09388	0.10828	0.01431	0.05553	0.01271	0.01629	0.00911	0.01084	0.00737	0.00538	0.00529	0.00154	0.04409	0.00381	0.00262	0.00763
36	0.00722	0.00516	0.00697	0.00825	0.00878	0.00491	0.00596	0.00853	0.01107	0.01467	0.03026	0.64151	0.03560	0.01691	0.00719	0.00231	0.00362	0.17133	0.00513	0.00463
37	0.78559	0.01062	0.00848	0.00747	0.01096	0.01212	0.00615	0.01705	0.00989	0.07872	0.00873	0.00970	0.00655	0.00526	0.00358	0.00171	0.00431	0.00318	0.00367	0.00624
38	0.01111	0.02865	0.77667	0.01579	0.02397	0.01286	0.02046	0.01754	0.01169	0.01754	0.00994	0.01169	0.00702	0.00526	0.00526	0.00175	0.00818	0.00409	0.00234	0.00818
39	0.00655	0.00561	0.00561	0.00561	0.00748	0.00468	0.00421	0.00795	0.01262	0.01496	0.05610	0.05330	0.76857	0.01403	0.00655	0.00187	0.00281	0.01169	0.00514	0.00468
40	0.00791	0.00593	0.00890	0.00890	0.00989	0.00692	0.00692	0.00989	0.00890	0.01286	0.01483	0.02176	0.01385	0.04154	0.78341	0.00890	0.01483	0.00593	0.00297	0.00494
41	0.01148	0.00984	0.01148	0.00820	0.01312	0.00738	0.00656	0.01395	0.01148	0.01805	0.00984	0.01148	0.00820	0.00410	0.00410	0.00082	0.00410	0.00328	0.00328	0.83922
42	0.00672	0.00493	0.00632	0.00743	0.00796	0.00452	0.00502	0.00774	0.01087	0.01425	0.03394	0.70193	0.13424	0.01691	0.00700	0.00220	0.00316	0.01520	0.00514	0.00452
43	0.84448	0.01071	0.00814	0.00728	0.01071	0.01242	0.00600	0.01628	0.00943	0.02485	0.00771	0.00900	0.00600	0.00514	0.00343	0.00171	0.00428	0.00300	0.00343	0.00600
44	0.84448	0.01071	0.00814	0.00728	0.01071	0.01242	0.00600	0.01628	0.00943	0.02485	0.00771	0.00900	0.00600	0.00514	0.00343	0.00171	0.00428	0.00300	0.00343	0.00600
45	0.02291	0.01253	0.01477	0.01133	0.01569	0.01275	0.00936	0.39685	0.02105	0.39746	0.01749	0.01602	0.01152	0.00675	0.00555	0.00169	0.00542	0.00527	0.00618	0.00942
46	0.39889	0.01001	0.01070	0.00868	0.01257	0.01010	0.00716	0.02210	0.01292	0.43247	0.01540	0.01435	0.01019	0.00607	0.00459	0.00171	0.00452	0.00440	0.00529	0.00786
47	0.01481	0.80869	0.02902	0.00948	0.01421	0.02191	0.00948	0.01658	0.01125	0.01303	0.00770	0.00888	0.00711	0.00474	0.00355	0.00118	0.00592	0.00296	0.00237	0.00711
48	0.01046	0.00984	0.01661	0.79205	0.03814	0.01230	0.01538	0.01415	0.01107	0.01415	0.00984	0.01477	0.00738	0.00554	0.00554	0.00185	0.00738	0.00492	0.00246	0.00615
49	0.00675	0.00482	0.00643	0.00771	0.00803	0.00450	0.00514	0.00771	0.01060	0.01414	0.03053	0.80175	0.03663	0.01735	0.00707	0.00225	0.00321	0.01574	0.00514	0.00450
50	0.80896	0.04488	0.00903	0.00738	0.01086	0.01283	0.00615	0.01629	0.00950	0.02434	0.00771	0.00899	0.00605	0.00512	0.00343	0.00169	0.00435	0.00300	0.00338	0.00605
51	0.00681	0.00486	0.00644	0.00765	0.00799	0.00454	0.00510	0.00779	0.01069	0.01428	0.05040	0.76382	0.03669	0.03483	0.00753	0.00231	0.00325	0.01542	0.00513	0.00449
52	0.00781	0.00568	0.00737	0.00699	0.00832	0.00523	0.00527	0.01037	0.01548	0.02177	0.72013	0.04239	0.08147	0.01153	0.00656	0.00177	0.00268	0.02795	0.00603	0.00520
53	0.01496	0.78869	0.02868	0.00960	0.01429	0.04138	0.00951	0.01673	0.01137	0.01304	0.00772	0.00891	0.00711	0.00476	0.00359	0.00119	0.00603	0.00298	0.00238	0.00709
54	0.01409	0.01411	0.11989	0.01071	0.01580	0.01119	0.00975	0.21215	0.04733	0.02261	0.01128	0.01240	0.00872	0.00518	0.00495	0.00125	0.01849	0.00400	0.00384	0.45226
55	0.01333	0.39660	0.11967	0.05145	0.03272	0.10049	0.01074	0.01592	0.01251	0.01537	0.13125	0.01626	0.03520	0.00636	0.00492	0.00146	0.02115	0.00472	0.00310	0.00677
56	0.01526	0.01263	0.01336	0.01157	0.01497	0.01447	0.00913	0.17688	0.61094	0.02556	0.02066	0.01916	0.01538	0.00734	0.00562	0.00183	0.00473	0.00600	0.00562	0.00890
57	0.81740	0.01068	0.00842	0.03277	0.01160	0.01242	0.00630	0.01621	0.00948	0.02450	0.00778	0.00918	0.00604	0.00515	0.00350	0.00172	0.00438	0.00306	0.00340	0.00600
58	0.01111	0.02865	0.77667	0.01579	0.02397	0.01286	0.02046	0.01754	0.01169	0.01754	0.00994	0.01169	0.00702	0.00526	0.00526	0.00175	0.00818	0.00409	0.00234	0.00818
59	0.01168	0.00655	0.00672	0.00620	0.00787	0.00677	0.00474	0.11136	0.01342	0.02221	0.01741	0.02020	0.01376	0.03352	0.00492	0.00148	0.00314	0.00524	0.69715	0.00567
60	0.00675	0.00482	0.00643	0.00771	0.00803	0.00450	0.00514	0.00771	0.01060	0.01414	0.03053	0.80175	0.03663	0.01735	0.00707	0.00225	0.00321	0.01574	0.00514	0.00450
61	0.01148	0.00984	0.01148	0.00820	0.01312	0.00738	0.00656	0.01395	0.01148	0.01805	0.00984	0.01148	0.00820	0.00410	0.00410	0.00082	0.00410	0.00328	0.00328	0.83922
62	0.02247	0.00890	0.01209	0.00945	0.01332	0.00773	0.00773	0.02468	0.01583	0.66953	0.12607	0.02200	0.01909	0.00748	0.00570	0.00172	0.00442	0.00619	0.00675	0.00884
63	0.02485	0.00943	0.01285	0.00985	0.01414	0.00814	0.00814	0.02699	0.01585	0.77465	0.02185	0.01885	0.01371	0.00685	0.00557	0.00171	0.00471	0.00557	0.00685	0.00943
64	0.00845	0.00604	0.00838	0.00966	0.01073	0.00597	0.00810	0.01066	0.01228	0.01605	0.02958	0.22264	0.03290	0.01574	0.00752	0.00248	0.00469	0.57802	0.00511	0.00497
65	0.00675	0.00482	0.00643	0.00771	0.00803	0.00450	0.00514	0.00771	0.01060	0.01414	0.03053	0.80175	0.03663	0.01735	0.00707	0.00225	0.00321	0.01574	0.00514	0.00450
66	0.01250	0.01003	0.01181	0.02260	0.01377	0.00798	0.00698	0.03229	0.04006	0.05989	0.01105	0.01233	0.00884	0.00446	0.00430	0.00095	0.00425	0.00359	0.00360	0.72872
67	0.00831	0.00644	0.00934	0.00912	0.00991	0.00768	0.00702	0.01001	0.00877	0.01268	0.01442	0.02240	0.01391	0.11937	0.63315	0.00793	0.08564	0.00606	0.00296	0.00488
68	0.01032	0.00516	0.00516	0.00516	0.00645	0.00516	0.00387	0.01290	0.01161	0.02065	0.01807	0.02065	0.01420	0.00645	0.00387	0.00129	0.00258	0.00516	0.83611	0.00516
69	0.84448	0.01071	0.00814	0.00728	0.01071	0.01242	0.00600	0.01628	0.00943	0.02485	0.00771	0.00900	0.00600	0.00514	0.00343	0.00171	0.00428	0.00300	0.00343	0.00600
70	0.01046	0.00984	0.01661	0.79205	0.03814	0.01230	0.01538	0.01415	0.01107	0.01415	0.00984	0.01477	0.00738	0.00554	0.00554	0.00185	0.00738	0.00492	0.00246	0.00615
71	0.01506	0.01253	0.01325	0.01153	0.01489	0.01437	0.00908	0.15680	0.63135	0.02524	0.02091	0.01937	0.01559	0.00736	0.00562	0.00184	0.00468	0.00604	0.00562	0.00888
72	0.00678	0.00484	0.00642	0.00767	0.00798	0.00452	0.00509	0.00772	0.01053	0.01404	0.03016	0.78047	0.03617	0.03926	0.00766	0.00234	0.00327	0.01553	0.00509	0.00447
73	0.00675	0.00482	0.00643	0.00771	0.00803	0.00450	0.00514	0.00771	0.01060	0.01414	0.03053	0.80175	0.03663	0.01735	0.00707	0.00225	0.00321	0.01574	0.00514	0.00450
74	0.01123	0.05505	0.75136	0.01557	0.02364	0.01317	0.02009	0.01751	0.01168	0.01739	0.00986	0.01160	0.00702	0.00524	0.00520	0.00173	0.00811	0.00405	0.00234	0.00815
75	0.84448	0.01071	0.00814	0.00728	0.01071	0.01242	0.00600	0.01628	0.00943	0.02485	0.00771	0.00900	0.00600	0.00514	0.00343	0.00171	0.00428	0.00300	0.00343	0.00600
76	0.00675	0.00482	0.00643	0.00771	0.00803	0.00450	0.00514	0.00771	0.01060	0.01414	0.03053	0.80175	0.03663	0.01735	0.00707	0.00225	0.00321	0.01574	0.00514	0.00450
77	0.00675	0.00564	0.00589	0.00588	0.00767	0.00478	0.00444	0.00832	0.01297	0.01581	0.13504	0.05219	0.67028	0.01376	0.00657	0.00187	0.00284	0.02932	0.00525	0.00475
78	0.01046	0.00984	0.01661	0.79205	0.03814	0.01230	0.01538	0.01415	0.01107	0.01415	0.00984	0.01477	0.00738	0.00554	0.00554	0.00185	0.00738	0.00492	0.00246	0.00615
79	0.01481	0.80869	0.02902	0.00948	0.01421	0.02191	0.00948	0.01658	0.01125	0.01303	0.00770	0.00888	0.00711	0.00474	0.00355	0.00118	0.00592	0.00296	0.00237	0.00711
80	0.00675	0.00482	0.00643	0.00771	0.00803	0.00450	0.00514	0.00771	0.01060	0.01414	0.03053	0.80175	0.03663	0.01735	0.00707	0.00225	0.00321	0.01574	0.00514	0.00450
81	0.01307	0.01494	0.03268	0.02334	0.02894	0.01401	0.75070	0.01774	0.01307	0.01774	0.01120	0.01494	0.00840	0.00467	0.00654	0.00187	0.00934	0.00654	0.00280	0.00747
82	0.06384	0.00949	0.01263	0.00973	0.01397	0.00834	0.00804	0.02648	0.01555	0.73898	0.02118	0.01838	0.01334	0.00677	0.00547	0.00171	0.00469	0.00545	0.00669	0.00926
83	0.01046	0.00984	0.01661	0.79205	0.03814	0.01230	0.01538	0.01415	0.01107	0.01415	0.00984	0.01477	0.00738	0.00554	0.00554	0.00185	0.00738	0.00492	0.00246	0.00615
84	0.01111	0.02865	0.77667	0.01579	0.02397	0.01286	0.02046	0.01754	0.01169	0.01754	0.00994	0.01169	0.00702	0.00526	0.00526	0.00175	0.00818	0.00409	0.00234	0.00818
85	0.00802	0.00550	0.00673	0.00673	0.00696	0.00574	0.00421	0.00849	0.00826	0.01125	0.01682	0.03277	0.01863	0.62214	0.20935	0.00622	0.00764	0.00755	0.00326	0.00374
86	0.00675	0.00482	0.00643	0.00771	0.00803	0.00450	0.00514	0.00771	0.01060	0.01414	0.03053	0.80175	0.03663	0.01735	0.00707	0.00225	0.00321	0.01574	0.00514	0.00450
87	0.00950	0.00827	0.01195	0.01103	0.01165	0.01071	0.00888	0.01119	0.00874	0.01303	0.01198	0.01812	0.01136	0.02951	0.49444	0.00645	0.30953	0.00552	0.00276	0.00537
88	0.00834	0.00566	0.00655	0.00646	0.00665	0.00578	0.00385	0.02540	0.00855	0.01149	0.01711	0.03438	0.01931	0.71678	0.09702	0.00561	0.00626	0.00779	0.00337	0.00364
89	0.01354	0.01299	0.02218	0.07322	0.73291	0.01311	0.01691	0.01685	0.01253	0.01789	0.01039	0.01376	0.00870	0.00497	0.00549	0.00166	0.00662	0.00493	0.00273	0.00864
90	0.00692	0.00522	0.00642	0.00713	0.00806	0.00472	0.00506	0.00827	0.01188	0.01542	0.12293	0.46170	0.25113	0.01559	0.00688	0.00209	0.00311	0.04755	0.00525	0.00466
91	0.00825	0.00625	0.00881	0.00863	0.00932	0.00728	0.00646	0.00971	0.00867	0.01239	0.01491	0.02447	0.01485	0.21870	0.55100	0.00761	0.06868	0.00635	0.00302	0.00465
92	0.77485	0.01100	0.00874	0.03703	0.01197	0.02944	0.00651	0.01659	0.00978	0.04245	0.00815	0.00948	0.00626	0.00521	0.00359	0.00171	0.00454	0.00315	0.00346	0.00610
93	0.05270	0.01291	0.03800	0.07734	0.56842	0.03834	0.01507	0.01632	0.01275	0.01841	0.08541	0.01612	0.01277	0.00565	0.00547	0.00167	0.00628	0.00528	0.00308	0.00803
94	0.01307	0.01494	0.03268	0.02334	0.02894	0.01401	0.75070	0.01774	0.01307	0.01774	0.01120	0.01494	0.00840	0.00467	0.00654	0.00187	0.00934	0.00654	0.00280	0.00747
95	0.01128	0.00664	0.00718	0.00667	0.00809	0.00724	0.00519	0.06217	0.02986	0.02097	0.01686	0.01938	0.01331	0.00679	0.00534	0.00143	0.07588	0.00515	0.68496	0.00561
96	0.00715	0.00594	0.00629	0.00615	0.00798	0.00525	0.00463	0.00951	0.05189	0.01670	0.18316	0.04945	0.60006	0.01320	0.00650	0.00185	0.00285	0.01111	0.00534	0.00499
97	0.01381	0.01186	0.01248	0.01119	0.01433	0.01368	0.00872	0.04660	0.72797	0.02329	0.02299	0.02114	0.03174	0.00762	0.00565	0.00187	0.00439	0.00634	0.00562	0.00870
98	0.01148	0.00984	0.01148	0.00820	0.01312	0.00738	0.00656	0.01395	0.01148	0.01805	0.00984	0.01148	0.00820	0.00410	0.00410	0.00082	0.00410	0.00328	0.00328	0.83922
99	0.00775	0.00566	0.00728	0.00687	0.00822	0.00519	0.00516	0.01028	0.01547	0.02171	0.71933	0.04218	0.10113	0.01151	0.00653	0.00175	0.00263	0.01013	0.00603	0.00519
100	0.02485	0.00943	0.01285	0.00985	0.01414	0.00814	0.00814	0.02699	0.01585	0.77465	0.02185	0.01885	0.01371	0.00685	0.00557	0.00171	0.00471	0.00557	0.00685	0.00943
101	0.00658	0.00561	0.00565	0.00564	0.00750	0.00469	0.00423	0.00801	0.01270	0.01514	0.07368	0.05301	0.75088	0.01396	0.00655	0.00187	0.00280	0.01165	0.00517	0.00469
102	0.00892	0.00637	0.00892	0.01020	0.01147	0.00637	0.00892	0.01147	0.01275	0.01657	0.02932	0.06247	0.03187	0.01530	0.00765	0.00255	0.00510	0.73354	0.00510	0.00510
103	0.01378	0.01190	0.01252	0.01127	0.01440	0.01378	0.00877	0.02943	0.76081	0.02317	0.02254	0.02066	0.01691	0.00751	0.00564	0.00188	0.00438	0.00626	0.00564	0.00877
104	0.02105	0.01551	0.01662	0.01274	0.01717	0.01717	0.01053	0.75235	0.02604	0.03490	0.01330	0.01330	0.00942	0.00665	0.00554	0.00166	0.00609	0.00499	0.00554	0.00942
105	0.02250	0.01319	0.01518	0.01164	0.01602	0.01373	0.00962	0.47551	0.02215	0.31723	0.01656	0.01542	0.01106	0.00673	0.00555	0.00168	0.00557	0.00521	0.00604	0.00942
