[name]
unknown

[dist]
# distance from previous block
# <min> <max>
0	57

[block]
# block no. 0 follows, 55 sequences, length 18
# corresponding to MSA columns:
# 66-83
name=unknown_A
#
# <colnr> <probs for GDERKNQSTAVLIFYWHMCP>
#	G	D	E	R	K	N	Q	S	T	A	V	L	I	F	Y	W	H	M	C	P
0	0.01077	0.00956	0.01258	0.07782	0.04457	0.05458	0.09796	0.04863	0.02183	0.04439	0.02738	0.03505	0.00960	0.00484	0.00425	0.00111	0.00464	0.04426	0.00301	0.44314
1	0.12251	0.12798	0.09866	0.01115	0.01475	0.29039	0.10197	0.04840	0.01155	0.07454	0.00851	0.00967	0.00660	0.00497	0.01585	0.00137	0.00650	0.00341	0.00271	0.03848
2	0.68166	0.00879	0.00742	0.00650	0.00926	0.00996	0.00531	0.07427	0.00975	0.04081	0.09973	0.01120	0.00993	0.00506	0.00336	0.00144	0.00356	0.00339	0.00335	0.00526
3	0.01070	0.00989	0.01486	0.04301	0.49311	0.03223	0.01110	0.05772	0.01141	0.01574	0.07055	0.01799	0.09398	0.00573	0.00475	0.00139	0.00485	0.03413	0.00295	0.06391
4	0.01148	0.01161	0.01847	0.13345	0.07488	0.06634	0.31504	0.06782	0.14030	0.01592	0.01092	0.02723	0.00852	0.00476	0.00489	0.00146	0.00619	0.00483	0.00292	0.07299
5	0.00879	0.00827	0.01395	0.82532	0.03204	0.01034	0.01292	0.01189	0.00930	0.01189	0.00827	0.01240	0.00620	0.00465	0.00465	0.00155	0.00620	0.00413	0.00207	0.00517
6	0.01241	0.01149	0.01092	0.00979	0.01243	0.10513	0.00759	0.04475	0.68695	0.01879	0.01736	0.01615	0.01308	0.00612	0.00467	0.00153	0.00427	0.00497	0.00446	0.00715
7	0.01665	0.01248	0.01396	0.10516	0.01647	0.01395	0.00932	0.70152	0.02042	0.02730	0.01083	0.01131	0.00771	0.00548	0.00465	0.00141	0.00524	0.00418	0.00435	0.00759
8	0.06164	0.01299	0.01489	0.01141	0.01512	0.06368	0.09916	0.56136	0.01876	0.07831	0.01095	0.01128	0.00778	0.00529	0.00463	0.00141	0.00548	0.00421	0.00423	0.00741
9	0.00567	0.00405	0.00540	0.00648	0.00675	0.00378	0.00432	0.00648	0.00891	0.01188	0.02564	0.83347	0.03077	0.01457	0.00594	0.00189	0.00270	0.01323	0.00432	0.00378
10	0.01121	0.08232	0.43299	0.01134	0.01627	0.01086	0.04002	0.14107	0.01177	0.06225	0.01112	0.08334	0.00935	0.04903	0.00554	0.00162	0.00582	0.00466	0.00289	0.00653
11	0.01965	0.00989	0.01201	0.00921	0.01286	0.00976	0.00761	0.31882	0.01661	0.50990	0.01559	0.01404	0.01013	0.00569	0.00467	0.00142	0.00441	0.00449	0.00533	0.00792
12	0.00973	0.00834	0.00968	0.00700	0.01107	0.00642	0.00559	0.01225	0.04232	0.01534	0.00871	0.00997	0.00719	0.00356	0.00350	0.00073	0.00346	0.00286	0.00284	0.82945
13	0.00590	0.00507	0.00510	0.00503	0.00667	0.00444	0.00379	0.00788	0.06330	0.01303	0.04524	0.04294	0.75270	0.01142	0.00545	0.00157	0.00244	0.00951	0.00435	0.00416
14	0.00719	0.00517	0.00712	0.00814	0.00914	0.00510	0.00694	0.00913	0.01050	0.01362	0.02582	0.14266	0.06427	0.01300	0.00633	0.00209	0.00401	0.65127	0.00429	0.00421
15	0.00788	0.00641	0.01125	0.00988	0.01146	0.00596	0.20198	0.00953	0.00968	0.05878	0.02114	0.58001	0.02370	0.01139	0.00575	0.00178	0.00406	0.01079	0.00391	0.00464
16	0.00567	0.00405	0.00540	0.00648	0.00675	0.00378	0.00432	0.00648	0.00891	0.01188	0.02564	0.83347	0.03077	0.01457	0.00594	0.00189	0.00270	0.01323	0.00432	0.00378
17	0.01365	0.01111	0.04195	0.00993	0.01291	0.01195	0.00821	0.26433	0.39605	0.06886	0.04332	0.01583	0.01257	0.00629	0.00530	0.00154	0.04733	0.01707	0.00453	0.00728

[dist]
# distance from previous block
# <min> <max>
0	1

[block]
# block no. 1 follows, 55 sequences, length 34
# corresponding to MSA columns:
# 85-118
name=unknown_B
#
# <colnr> <probs for GDERKNQSTAVLIFYWHMCP>
#	G	D	E	R	K	N	Q	S	T	A	V	L	I	F	Y	W	H	M	C	P
0	0.86937	0.00900	0.00684	0.00612	0.00900	0.01044	0.00504	0.01368	0.00792	0.02087	0.00648	0.00756	0.00504	0.00432	0.00288	0.00144	0.00360	0.00252	0.00288	0.00504
1	0.01018	0.01018	0.01425	0.01221	0.01221	0.01425	0.01018	0.01120	0.00712	0.01120	0.00611	0.01018	0.00611	0.00814	0.01527	0.00204	0.82799	0.00407	0.00204	0.00509
2	0.21672	0.01126	0.05396	0.01367	0.01783	0.01034	0.40473	0.01568	0.01051	0.14325	0.01003	0.01162	0.00723	0.00431	0.00459	0.00147	0.00595	0.00442	0.00302	0.04941
3	0.16960	0.13141	0.01379	0.00918	0.01277	0.01332	0.00778	0.44215	0.01649	0.12461	0.01056	0.01058	0.00758	0.00515	0.00410	0.00135	0.00468	0.00371	0.00409	0.00712
4	0.05553	0.01138	0.12721	0.01004	0.01413	0.00911	0.06301	0.13909	0.02373	0.46468	0.02533	0.01393	0.01003	0.00541	0.00463	0.00145	0.00478	0.00444	0.00466	0.00747
5	0.00627	0.00474	0.00578	0.00552	0.00675	0.00425	0.00414	0.00816	0.01242	0.01687	0.58260	0.03769	0.26744	0.01018	0.00549	0.00149	0.00224	0.00883	0.00489	0.00425
6	0.00804	0.00681	0.00789	0.00772	0.00876	0.06751	0.00580	0.01088	0.10866	0.01178	0.01387	0.06300	0.01322	0.12690	0.51113	0.00558	0.00953	0.00554	0.00291	0.00447
7	0.01375	0.01041	0.01115	0.00941	0.01231	0.01167	0.00749	0.26203	0.45705	0.06469	0.01621	0.01535	0.01193	0.00599	0.00460	0.00148	0.00403	0.00483	0.06829	0.00734
8	0.00672	0.00486	0.00657	0.00753	0.00838	0.00471	0.00609	0.00835	0.01014	0.01322	0.04002	0.31167	0.08713	0.01329	0.00618	0.00200	0.00357	0.45117	0.00431	0.00409
9	0.01088	0.01003	0.01705	0.09669	0.59373	0.01017	0.05428	0.01366	0.01039	0.01516	0.00956	0.01239	0.00783	0.00434	0.00448	0.00137	0.00528	0.00424	0.11175	0.00673
10	0.00677	0.00451	0.00507	0.00507	0.00507	0.00451	0.00282	0.00677	0.00677	0.00902	0.01466	0.03044	0.01691	0.83650	0.02368	0.00451	0.00451	0.00677	0.00282	0.00282
11	0.01750	0.01860	0.01349	0.01148	0.01440	0.50393	0.00893	0.32075	0.01658	0.01839	0.00875	0.00948	0.00674	0.00510	0.00437	0.00128	0.00711	0.00346	0.00328	0.00638
12	0.00954	0.00827	0.01020	0.11107	0.01370	0.00673	0.00646	0.01174	0.00960	0.01474	0.00827	0.01000	0.00680	0.00360	0.00360	0.00080	0.00380	0.00293	0.00267	0.75551
13	0.01569	0.31999	0.06803	0.00922	0.01310	0.04834	0.03581	0.04870	0.06828	0.31053	0.01223	0.01181	0.00874	0.00493	0.00404	0.00128	0.00488	0.00376	0.00372	0.00691
14	0.86937	0.00900	0.00684	0.00612	0.00900	0.01044	0.00504	0.01368	0.00792	0.02087	0.00648	0.00756	0.00504	0.00432	0.00288	0.00144	0.00360	0.00252	0.00288	0.00504
15	0.01236	0.11309	0.05017	0.11427	0.01625	0.04351	0.07914	0.05260	0.37240	0.07660	0.01388	0.01401	0.01037	0.00538	0.00453	0.00146	0.00494	0.00454	0.00370	0.00678
16	0.00805	0.00650	0.00789	0.11085	0.01104	0.04214	0.00601	0.01122	0.08879	0.03003	0.42480	0.07548	0.06536	0.00994	0.04912	0.00182	0.00375	0.00728	0.03514	0.00481
17	0.00596	0.00465	0.00541	0.00540	0.00661	0.00410	0.00398	0.00751	0.01144	0.01498	0.35491	0.13814	0.39784	0.01120	0.00555	0.00157	0.00233	0.00966	0.00465	0.00410
18	0.01900	0.00764	0.01043	0.00822	0.01147	0.00684	0.00674	0.03468	0.01273	0.69484	0.01747	0.01606	0.01147	0.00946	0.10821	0.00221	0.00506	0.00471	0.00532	0.00744
19	0.01726	0.01282	0.01372	0.01062	0.01427	0.01423	0.00874	0.73864	0.07590	0.02863	0.01171	0.01160	0.00835	0.00564	0.00466	0.00141	0.00502	0.00426	0.00466	0.00787
20	0.71319	0.00853	0.00707	0.00622	0.00904	0.00959	0.00510	0.01443	0.00864	0.10556	0.00841	0.00919	0.00625	0.00456	0.00310	0.00141	0.00353	0.00289	0.06800	0.00529
21	0.12747	0.01251	0.01304	0.01011	0.01373	0.01391	0.00835	0.69165	0.02007	0.02823	0.01056	0.01070	0.00754	0.00542	0.00443	0.00140	0.00492	0.00397	0.00443	0.00754
22	0.01043	0.00881	0.01173	0.01021	0.01088	0.01137	0.00821	0.01295	0.10837	0.07220	0.01033	0.01499	0.00948	0.12843	0.07014	0.00267	0.48609	0.00472	0.00280	0.00520
23	0.01236	0.82020	0.04285	0.00808	0.01213	0.01823	0.00818	0.01395	0.00946	0.01103	0.00651	0.00752	0.00597	0.00399	0.00302	0.00101	0.00502	0.00251	0.00199	0.00599
24	0.01057	0.01203	0.11868	0.22095	0.51812	0.01085	0.01432	0.01375	0.01018	0.01433	0.00858	0.01152	0.00690	0.00430	0.00459	0.00143	0.00586	0.00405	0.00220	0.00677
25	0.01098	0.22988	0.28242	0.01047	0.01475	0.01321	0.01093	0.01798	0.29501	0.01530	0.01159	0.01195	0.00893	0.00516	0.00464	0.00141	0.04180	0.00388	0.00298	0.00674
26	0.00759	0.00513	0.00567	0.00530	0.00708	0.00435	0.00406	0.00896	0.01126	0.11489	0.13438	0.03989	0.61315	0.01074	0.00539	0.00154	0.00254	0.00900	0.00460	0.00449
27	0.00708	0.00544	0.00799	0.00720	0.00786	0.00529	0.10339	0.00774	0.00773	0.01034	0.01617	0.18750	0.01841	0.56744	0.01784	0.00362	0.00458	0.00788	0.00306	0.00345
28	0.00637	0.00470	0.00659	0.11075	0.01011	0.00476	0.00560	0.00764	0.00914	0.01233	0.02279	0.62593	0.02632	0.01269	0.00567	0.00182	0.00324	0.06912	0.05042	0.00402
29	0.00798	0.00411	0.00616	0.00616	0.00622	0.00416	0.00416	0.00622	0.00616	0.00827	0.00839	0.01443	0.00833	0.01746	0.07378	0.80506	0.00463	0.00411	0.00205	0.00217
30	0.01145	0.03111	0.01276	0.36427	0.02081	0.28371	0.01010	0.01353	0.01023	0.01146	0.00858	0.01210	0.00716	0.02300	0.13512	0.00243	0.03100	0.00389	0.00226	0.00506
31	0.00918	0.00599	0.00746	0.00672	0.00838	0.00583	0.00516	0.01304	0.13803	0.11950	0.56704	0.02975	0.04806	0.00856	0.00526	0.00148	0.00266	0.00746	0.00513	0.00530
32	0.11891	0.00905	0.01235	0.08058	0.01326	0.02369	0.04418	0.02492	0.00802	0.01289	0.00801	0.01193	0.00728	0.01301	0.19031	0.00308	0.40709	0.00413	0.00231	0.00499
33	0.61781	0.08388	0.00884	0.00665	0.00941	0.04647	0.00551	0.03767	0.00940	0.01954	0.10830	0.01116	0.01020	0.00501	0.00333	0.00139	0.00380	0.00334	0.00312	0.00515

[dist]
# distance from previous block
# <min> <max>
0	2

[block]
# block no. 2 follows, 55 sequences, length 32
# corresponding to MSA columns:
# 121-152
name=unknown_C
#
# <colnr> <probs for GDERKNQSTAVLIFYWHMCP>
#	G	D	E	R	K	N	Q	S	T	A	V	L	I	F	Y	W	H	M	C	P
0	0.06542	0.39261	0.40401	0.01040	0.01571	0.01423	0.01223	0.01430	0.00953	0.01341	0.00738	0.00861	0.00587	0.00421	0.00367	0.00125	0.00581	0.00295	0.00203	0.00635
1	0.00992	0.00682	0.00644	0.00610	0.00766	0.05295	0.00464	0.01487	0.21357	0.01755	0.01569	0.01683	0.01217	0.00561	0.00369	0.00122	0.00292	0.00450	0.59169	0.00518
2	0.01300	0.13344	0.18883	0.01833	0.36799	0.01125	0.01254	0.01596	0.01079	0.16911	0.01020	0.01140	0.00765	0.00449	0.00434	0.00136	0.00543	0.00386	0.00286	0.00717
3	0.01738	0.02217	0.01318	0.01199	0.01438	0.81783	0.00899	0.01858	0.01318	0.01139	0.00719	0.00839	0.00599	0.00479	0.00419	0.00120	0.00839	0.00300	0.00240	0.00539
4	0.00783	0.16692	0.00957	0.00638	0.00741	0.00762	0.00475	0.00864	0.00751	0.00995	0.01239	0.02221	0.01315	0.42658	0.26552	0.00475	0.00706	0.00538	0.00256	0.00384
5	0.00810	0.00599	0.00699	0.00772	0.00879	0.05168	0.00642	0.01005	0.01048	0.01423	0.02190	0.12568	0.02312	0.01113	0.00563	0.00186	0.00394	0.50105	0.17096	0.00430
6	0.00956	0.00571	0.00808	0.00713	0.00883	0.00522	0.04024	0.01167	0.01272	0.17179	0.52844	0.07624	0.03425	0.00901	0.00541	0.00153	0.00294	0.05111	0.00503	0.00512
7	0.00610	0.00448	0.00582	0.00672	0.00740	0.00420	0.00499	0.00730	0.00963	0.01250	0.02880	0.51241	0.15279	0.01370	0.00599	0.00190	0.00304	0.20399	0.00431	0.00393
8	0.01033	0.00919	0.01517	0.17054	0.40683	0.00937	0.05521	0.01283	0.01049	0.05972	0.01667	0.01843	0.16251	0.00586	0.00498	0.00147	0.01596	0.00535	0.00285	0.00623
9	0.86937	0.00900	0.00684	0.00612	0.00900	0.01044	0.00504	0.01368	0.00792	0.02087	0.00648	0.00756	0.00504	0.00432	0.00288	0.00144	0.00360	0.00252	0.00288	0.00504
10	0.01226	0.00974	0.01358	0.01145	0.01215	0.01281	0.00953	0.01343	0.00833	0.16660	0.00849	0.01128	0.00716	0.00768	0.01321	0.00192	0.66782	0.00419	0.00276	0.00564
11	0.01051	0.01003	0.01707	0.32157	0.52232	0.01079	0.01378	0.01340	0.01012	0.01398	0.00857	0.01184	0.00694	0.00433	0.00462	0.00144	0.00577	0.00414	0.00222	0.00656
12	0.18299	0.01961	0.01195	0.01084	0.01334	0.66089	0.00822	0.01762	0.01216	0.01323	0.00705	0.00823	0.00581	0.00470	0.00394	0.00125	0.00746	0.00290	0.00249	0.00532
13	0.05868	0.00825	0.01080	0.00832	0.01189	0.00743	0.00687	0.06563	0.01356	0.73130	0.01742	0.01520	0.01102	0.00568	0.00460	0.00144	0.00401	0.00455	0.00557	0.00779
14	0.00608	0.00474	0.00552	0.00532	0.00664	0.00417	0.00399	0.00780	0.01197	0.01581	0.45116	0.03943	0.39954	0.01057	0.00549	0.00151	0.00227	0.00907	0.00475	0.00417
15	0.00682	0.00520	0.00639	0.00706	0.00779	0.00529	0.00491	0.01002	0.16250	0.01335	0.02434	0.67483	0.02755	0.01297	0.00570	0.00183	0.00289	0.01168	0.00440	0.00448
16	0.17823	0.45003	0.19623	0.00944	0.01389	0.01479	0.05369	0.01411	0.00932	0.01394	0.00705	0.00829	0.00583	0.00414	0.00342	0.00122	0.00529	0.00287	0.00218	0.00601
17	0.00582	0.00432	0.00543	0.00601	0.00670	0.00393	0.00418	0.00699	0.01011	0.01340	0.19003	0.51598	0.18408	0.01299	0.00576	0.00174	0.00253	0.01157	0.00448	0.00393
18	0.01141	0.17175	0.01957	0.01309	0.01545	0.01368	0.23353	0.01343	0.00910	0.05757	0.00804	0.01083	0.00680	0.00592	0.00917	0.00164	0.36536	0.00421	0.02370	0.00574
19	0.01057	0.00479	0.00698	0.00649	0.00719	0.00458	0.00458	0.00929	0.00747	0.16409	0.01008	0.01447	0.00875	0.01414	0.01556	0.69686	0.00402	0.00416	0.00275	0.00317
20	0.01130	0.00935	0.00966	0.00873	0.01092	0.03790	0.00659	0.02124	0.59933	0.04952	0.01775	0.01931	0.01429	0.15367	0.00808	0.00208	0.00400	0.00543	0.00435	0.00651
21	0.02104	0.00883	0.00949	0.00825	0.01058	0.02219	0.00626	0.09887	0.37674	0.06220	0.02529	0.05154	0.01396	0.16761	0.00830	0.00203	0.00400	0.00545	0.00414	0.09321
22	0.06722	0.73980	0.02267	0.00800	0.01189	0.01768	0.00782	0.05790	0.01006	0.01262	0.00673	0.00768	0.00602	0.00409	0.00307	0.00105	0.00490	0.00259	0.00220	0.00602
23	0.70280	0.17039	0.01025	0.00648	0.00957	0.01199	0.00561	0.01372	0.00822	0.01894	0.00648	0.00754	0.00522	0.00425	0.00290	0.00135	0.00387	0.00251	0.00271	0.00522
24	0.01259	0.06250	0.31073	0.01120	0.01576	0.01189	0.03076	0.24009	0.14069	0.05170	0.01202	0.04858	0.00926	0.00590	0.01430	0.00153	0.00553	0.00445	0.00346	0.00706
25	0.01148	0.01155	0.01891	0.17280	0.02133	0.09245	0.34921	0.01500	0.05542	0.05958	0.01088	0.01533	0.00883	0.00540	0.00597	0.00160	0.07359	0.06203	0.00275	0.00588
26	0.00579	0.00460	0.00519	0.00531	0.00653	0.00401	0.00388	0.00713	0.01089	0.01387	0.22128	0.18938	0.48217	0.01177	0.00558	0.00160	0.00238	0.01012	0.00451	0.00401
27	0.00607	0.00462	0.00558	0.00559	0.00670	0.00413	0.00410	0.00769	0.01158	0.01547	0.42054	0.17971	0.28902	0.01115	0.00557	0.00157	0.00234	0.00972	0.00472	0.00413
28	0.01556	0.01197	0.01276	0.01027	0.01362	0.01343	0.00833	0.52499	0.29232	0.02589	0.01387	0.01332	0.01010	0.00584	0.00468	0.00146	0.00462	0.00456	0.00468	0.00772
29	0.01722	0.00819	0.00997	0.00791	0.01094	0.00792	0.00645	0.16965	0.04126	0.45529	0.01627	0.01532	0.01100	0.00567	0.00436	0.00136	0.00378	0.00453	0.19583	0.00710
30	0.01687	0.17331	0.01579	0.01002	0.01378	0.01472	0.00854	0.59183	0.01891	0.07543	0.01071	0.01075	0.00776	0.00528	0.00433	0.00132	0.00502	0.00389	0.00421	0.00753
31	0.01468	0.00838	0.01035	0.00766	0.01156	0.00691	0.00624	0.05841	0.01181	0.34179	0.01256	0.01226	0.00884	0.00451	0.00402	0.00103	0.00375	0.00362	0.00409	0.46753

[dist]
# distance from previous block
# <min> <max>
0	4

[block]
# block no. 3 follows, 55 sequences, length 35
# corresponding to MSA columns:
# 157-191
name=unknown_D
#
# <colnr> <probs for GDERKNQSTAVLIFYWHMCP>
#	G	D	E	R	K	N	Q	S	T	A	V	L	I	F	Y	W	H	M	C	P
0	0.13334	0.72216	0.02190	0.00770	0.01153	0.01728	0.00755	0.01389	0.00924	0.01235	0.00647	0.00748	0.00584	0.00403	0.00297	0.00106	0.00478	0.00249	0.00212	0.00584
1	0.13242	0.01135	0.05007	0.05965	0.61607	0.02275	0.01296	0.01417	0.01016	0.01578	0.00837	0.01088	0.00691	0.00421	0.00435	0.00140	0.00538	0.00387	0.00236	0.00689
2	0.01123	0.00943	0.01012	0.00903	0.01151	0.01073	0.00703	0.06807	0.64201	0.01993	0.12938	0.01944	0.01802	0.00672	0.00484	0.00155	0.00356	0.00564	0.00478	0.00698
3	0.00729	0.00469	0.00617	0.00630	0.00723	0.00430	0.00453	0.00879	0.01117	0.07924	0.36417	0.39565	0.05955	0.01158	0.00563	0.00166	0.00257	0.01034	0.00478	0.00438
4	0.04771	0.00830	0.01363	0.78827	0.03100	0.01034	0.01256	0.01197	0.00924	0.01229	0.00819	0.01218	0.00615	0.00464	0.00457	0.00155	0.00608	0.00406	0.00210	0.00516
5	0.01403	0.00623	0.00820	0.00693	0.00921	0.00557	0.00546	0.01589	0.01237	0.41902	0.22432	0.09615	0.02181	0.00750	0.00481	0.00144	0.00313	0.00639	0.12542	0.00611
6	0.00808	0.00404	0.00606	0.00606	0.00606	0.00404	0.00404	0.00606	0.00606	0.00808	0.00808	0.01414	0.00808	0.01616	0.01818	0.86465	0.00404	0.00404	0.00202	0.00202
7	0.01244	0.83930	0.02438	0.00796	0.01194	0.01841	0.00796	0.01393	0.00945	0.01095	0.00647	0.00746	0.00597	0.00398	0.00299	0.00100	0.00498	0.00249	0.00199	0.00597
8	0.01276	0.00625	0.00825	0.00696	0.00918	0.00563	0.00550	0.01509	0.03690	0.35390	0.43080	0.02645	0.04678	0.00788	0.00512	0.00146	0.00299	0.00677	0.00536	0.00596
9	0.01006	0.09802	0.63582	0.01225	0.01832	0.01157	0.01506	0.04942	0.05912	0.01541	0.02735	0.01070	0.00738	0.00466	0.00434	0.00143	0.00632	0.00361	0.00233	0.00681
10	0.01182	0.01006	0.01063	0.00946	0.01213	0.01159	0.00739	0.06920	0.73724	0.02002	0.03494	0.01736	0.01446	0.00634	0.00474	0.00156	0.00373	0.00526	0.00474	0.00733
11	0.86937	0.00900	0.00684	0.00612	0.00900	0.01044	0.00504	0.01368	0.00792	0.02087	0.00648	0.00756	0.00504	0.00432	0.00288	0.00144	0.00360	0.00252	0.00288	0.00504
12	0.01115	0.01118	0.07630	0.02141	0.48960	0.01032	0.04665	0.01547	0.12182	0.04313	0.01224	0.05257	0.01058	0.00551	0.00482	0.00150	0.00521	0.05063	0.00295	0.00695
13	0.01125	0.01224	0.02539	0.05506	0.02359	0.01167	0.67990	0.06263	0.01153	0.01566	0.00943	0.01236	0.00707	0.00404	0.00533	0.00153	0.00745	0.00525	0.00250	0.03613
14	0.00617	0.00474	0.00565	0.00542	0.00670	0.00421	0.00407	0.00798	0.01220	0.01635	0.51859	0.03854	0.33177	0.01037	0.00549	0.00150	0.00226	0.00894	0.00482	0.00421
15	0.01151	0.01105	0.01888	0.02855	0.80748	0.01105	0.01428	0.01428	0.01059	0.01520	0.00875	0.01151	0.00737	0.00415	0.00461	0.00138	0.00553	0.00415	0.00230	0.00737
16	0.01200	0.01070	0.01691	0.08556	0.58669	0.01106	0.01273	0.12360	0.01203	0.01707	0.00945	0.01189	0.00764	0.00447	0.00453	0.00138	0.00531	0.00416	0.05571	0.00709
17	0.00742	0.00562	0.00850	0.00889	0.01007	0.00566	0.05352	0.00949	0.01011	0.01336	0.02210	0.11379	0.02382	0.01558	0.12084	0.00284	0.00551	0.55464	0.00392	0.00434
18	0.08604	0.00834	0.01063	0.00926	0.06030	0.00794	0.00700	0.11497	0.01370	0.47673	0.12403	0.01747	0.03027	0.00615	0.00465	0.00144	0.00390	0.00502	0.00506	0.00709
19	0.08059	0.05537	0.60128	0.01210	0.01808	0.01160	0.01464	0.12427	0.01135	0.01713	0.00852	0.00973	0.00611	0.00456	0.00427	0.00144	0.00628	0.00343	0.00242	0.00683
20	0.01037	0.01015	0.01372	0.01183	0.01220	0.01387	0.00978	0.01310	0.11886	0.01236	0.00792	0.01119	0.00725	0.00788	0.01378	0.00197	0.71169	0.00424	0.00242	0.00541
21	0.05184	0.01100	0.01324	0.12543	0.01629	0.02115	0.05690	0.40418	0.12634	0.03954	0.01280	0.07775	0.01025	0.00611	0.00474	0.00149	0.00499	0.00506	0.00405	0.00686
22	0.17620	0.04789	0.02950	0.00921	0.01263	0.01234	0.00773	0.46460	0.01667	0.11048	0.01127	0.03051	0.00850	0.03601	0.00497	0.00152	0.00466	0.00414	0.00419	0.00698
23	0.00739	0.00544	0.00620	0.00596	0.00676	0.00557	0.00399	0.00981	0.11979	0.01232	0.10778	0.02880	0.08990	0.45920	0.07557	0.00356	0.00446	0.00675	0.01820	0.02252
24	0.00729	0.00549	0.00683	0.00636	0.00768	0.00540	0.00481	0.01103	0.12405	0.01877	0.69412	0.03230	0.03971	0.00906	0.00538	0.00148	0.00240	0.00797	0.00507	0.00481
25	0.01742	0.02088	0.01329	0.01180	0.01439	0.70448	0.00897	0.12769	0.01441	0.01392	0.00775	0.00878	0.00626	0.00491	0.00426	0.00123	0.00793	0.00316	0.00272	0.00575
26	0.01798	0.01378	0.01352	0.01063	0.01415	0.12697	0.00865	0.60120	0.01974	0.10973	0.01137	0.01127	0.00802	0.00549	0.00459	0.00137	0.00546	0.00407	0.00445	0.00756
27	0.00895	0.12218	0.00729	0.00495	0.00647	0.00631	0.00400	0.01098	0.00995	0.01632	0.06223	0.01813	0.04618	0.00573	0.00344	0.00111	0.00257	0.00455	0.65412	0.00455
28	0.00997	0.00579	0.00610	0.00556	0.00696	0.00616	0.00433	0.11755	0.01129	0.01870	0.01422	0.01618	0.01111	0.00557	0.00399	0.00117	0.03992	0.00430	0.70628	0.00486
29	0.01198	0.00798	0.00967	0.00712	0.01096	0.00623	0.00573	0.01398	0.01064	0.19499	0.04457	0.01273	0.02400	0.00437	0.00385	0.00091	0.00349	0.00356	0.00356	0.61968
30	0.01678	0.00877	0.01075	0.00879	0.01180	0.00867	0.00713	0.22522	0.06114	0.40870	0.01775	0.11884	0.01402	0.00727	0.00494	0.00153	0.00411	0.05150	0.00514	0.00715
31	0.13046	0.00861	0.01292	0.57574	0.06052	0.01036	0.01125	0.01219	0.00906	0.01346	0.00791	0.01138	0.00613	0.00471	0.00496	0.00150	0.05448	0.00382	0.00223	0.05832
32	0.00923	0.00875	0.01466	0.67616	0.13998	0.01062	0.01298	0.01219	0.00938	0.01232	0.00824	0.01218	0.00636	0.00474	0.00513	0.00155	0.04383	0.00413	0.00210	0.00547
33	0.80165	0.00861	0.00678	0.00611	0.00877	0.00993	0.00496	0.01308	0.00777	0.01987	0.00660	0.00808	0.00528	0.00525	0.00408	0.06931	0.00363	0.00264	0.00281	0.00480
34	0.01206	0.00919	0.01101	0.00903	0.06079	0.00802	0.00675	0.15715	0.01230	0.08192	0.01986	0.02176	0.00826	0.00429	0.00390	0.00095	0.00390	0.00347	0.00337	0.56201

[dist]
# distance from previous block
# <min> <max>
0	1

[block]
# block no. 4 follows, 55 sequences, length 20
# corresponding to MSA columns:
# 193-212
name=unknown_E
#
# <colnr> <probs for GDERKNQSTAVLIFYWHMCP>
#	G	D	E	R	K	N	Q	S	T	A	V	L	I	F	Y	W	H	M	C	P
0	0.00592	0.00424	0.00567	0.00661	0.00704	0.00398	0.00462	0.00699	0.00947	0.01270	0.09841	0.68578	0.03162	0.01394	0.00594	0.00187	0.00280	0.08411	0.00439	0.00388
1	0.00671	0.00470	0.00560	0.00543	0.00637	0.00434	0.00382	0.00808	0.01074	0.02923	0.37330	0.06610	0.19546	0.21553	0.00993	0.00224	0.00286	0.00826	0.03737	0.00394
2	0.00661	0.00481	0.00626	0.00606	0.00718	0.00446	0.00465	0.00875	0.01278	0.01784	0.68397	0.03709	0.08528	0.00997	0.00558	0.00154	0.00241	0.08540	0.00499	0.00435
3	0.01654	0.01246	0.01332	0.01047	0.01399	0.01389	0.00857	0.64851	0.16720	0.02748	0.01262	0.01233	0.00909	0.00572	0.00467	0.00143	0.00485	0.00439	0.00467	0.00781
4	0.78294	0.00857	0.00678	0.00609	0.00879	0.00983	0.00497	0.01318	0.00844	0.02065	0.08647	0.01028	0.00893	0.00484	0.00314	0.00144	0.00346	0.00311	0.00310	0.00497
5	0.01828	0.01207	0.01337	0.01025	0.01395	0.01301	0.00847	0.64812	0.02027	0.17543	0.01251	0.01204	0.00859	0.00562	0.00466	0.00140	0.00490	0.00428	0.00486	0.00791
6	0.01302	0.83191	0.02466	0.00837	0.01237	0.01865	0.00821	0.01434	0.00984	0.01154	0.00709	0.00832	0.00655	0.00439	0.00326	0.00111	0.00518	0.00270	0.00220	0.00628
7	0.01244	0.83930	0.02438	0.00796	0.01194	0.01841	0.00796	0.01393	0.00945	0.01095	0.00647	0.00746	0.00597	0.00398	0.00299	0.00100	0.00498	0.00249	0.00199	0.00597
8	0.70954	0.00947	0.00785	0.00686	0.00979	0.01092	0.00561	0.08747	0.08319	0.02153	0.00808	0.00881	0.00616	0.00462	0.00322	0.00145	0.00375	0.00293	0.00322	0.00552
9	0.01167	0.01001	0.01108	0.09127	0.01424	0.01162	0.00801	0.07069	0.67210	0.01931	0.01739	0.01648	0.01301	0.00610	0.00472	0.00156	0.00402	0.00508	0.00446	0.00718
10	0.01732	0.00713	0.00966	0.00767	0.01065	0.00623	0.00623	0.01922	0.01328	0.61383	0.21390	0.02054	0.01956	0.00669	0.00488	0.00145	0.00352	0.00561	0.00560	0.00704
11	0.01116	0.01031	0.01730	0.04722	0.70662	0.01036	0.01314	0.01387	0.01047	0.01533	0.00938	0.01212	0.00779	0.00429	0.00447	0.00136	0.00521	0.00416	0.08844	0.00701
12	0.00597	0.00428	0.00567	0.00627	0.00681	0.00398	0.00434	0.00723	0.01030	0.01409	0.28001	0.57279	0.03505	0.01292	0.00579	0.00175	0.00253	0.01165	0.00458	0.00398
13	0.00808	0.00404	0.00606	0.00606	0.00606	0.00404	0.00404	0.00606	0.00606	0.00808	0.00808	0.01414	0.00808	0.01616	0.01818	0.86465	0.00404	0.00404	0.00202	0.00202
14	0.01244	0.83930	0.02438	0.00796	0.01194	0.01841	0.00796	0.01393	0.00945	0.01095	0.00647	0.00746	0.00597	0.00398	0.00299	0.00100	0.00498	0.00249	0.00199	0.00597
15	0.00687	0.00499	0.00702	0.00779	0.00862	0.00486	0.02158	0.00853	0.01011	0.01336	0.07234	0.31000	0.02839	0.04476	0.00685	0.00210	0.00371	0.42975	0.00425	0.00411
16	0.00879	0.00827	0.01395	0.82532	0.03204	0.01034	0.01292	0.01189	0.00930	0.01189	0.00827	0.01240	0.00620	0.00465	0.00465	0.00155	0.00620	0.00413	0.00207	0.00517
17	0.01008	0.00974	0.01800	0.04493	0.01741	0.00962	0.39039	0.09091	0.01248	0.01715	0.24776	0.03383	0.01884	0.00629	0.00576	0.00155	0.03647	0.01960	0.00346	0.00571
18	0.00995	0.00946	0.01606	0.48553	0.36274	0.01064	0.01350	0.01291	0.00985	0.01330	0.00847	0.01202	0.00670	0.00444	0.00463	0.00148	0.00591	0.00414	0.00217	0.00611
19	0.53628	0.00951	0.01101	0.09514	0.24061	0.01060	0.00849	0.01367	0.00883	0.01834	0.00731	0.00918	0.00582	0.00430	0.00355	0.00143	0.00441	0.00315	0.00263	0.00572

[dist]
# distance from previous block
# <min> <max>
0	1

[block]
# block no. 5 follows, 55 sequences, length 40
# corresponding to MSA columns:
# 214-253
name=unknown_F
#
# <colnr> <probs for GDERKNQSTAVLIFYWHMCP>
#	G	D	E	R	K	N	Q	S	T	A	V	L	I	F	Y	W	H	M	C	P
0	0.01823	0.01039	0.06839	0.00915	0.01285	0.00926	0.00797	0.25469	0.01551	0.46488	0.03498	0.01453	0.01085	0.00569	0.00461	0.00141	0.00440	0.00452	0.04007	0.00761
1	0.00867	0.00569	0.00659	0.00599	0.00779	0.00515	0.00461	0.06290	0.01235	0.12125	0.24738	0.07292	0.40091	0.01007	0.00535	0.00153	0.00273	0.00853	0.00475	0.00485
2	0.01192	0.01112	0.02177	0.01797	0.12454	0.01096	0.46796	0.01496	0.01069	0.11198	0.01082	0.05144	0.00866	0.00515	0.00638	0.00159	0.09747	0.00542	0.00282	0.00637
3	0.01173	0.01007	0.01061	0.00950	0.01216	0.01164	0.00740	0.04431	0.77923	0.01971	0.01874	0.01720	0.01404	0.00629	0.00473	0.00157	0.00372	0.00523	0.00473	0.00738
4	0.00658	0.00453	0.00557	0.00569	0.00594	0.00459	0.00360	0.00711	0.00768	0.01045	0.07796	0.14348	0.02022	0.53445	0.13854	0.00434	0.00526	0.00755	0.00316	0.00328
5	0.01125	0.01046	0.11678	0.08158	0.01433	0.00772	0.00806	0.01473	0.07541	0.12597	0.01057	0.01142	0.00795	0.00424	0.00396	0.00105	0.00424	0.00345	0.00317	0.48367
6	0.07051	0.53918	0.10608	0.00912	0.01280	0.01627	0.00910	0.05672	0.00977	0.01308	0.00688	0.00829	0.00602	0.00469	0.00485	0.00124	0.11430	0.00290	0.00220	0.00599
7	0.05166	0.02335	0.05076	0.19878	0.53184	0.03610	0.01341	0.01388	0.01022	0.01455	0.00844	0.01129	0.00688	0.00429	0.00449	0.00141	0.00572	0.00398	0.00226	0.00668
8	0.00734	0.00549	0.00709	0.00696	0.00775	0.00615	0.00504	0.00998	0.11228	0.01137	0.01404	0.02213	0.01370	0.29323	0.45038	0.00572	0.00870	0.00560	0.00290	0.00414
9	0.01059	0.01131	0.02228	0.01591	0.02045	0.01015	0.56245	0.01398	0.01059	0.01498	0.00908	0.01171	0.00701	0.00378	0.00490	0.00131	0.00657	0.00470	0.00247	0.25580
10	0.00661	0.00577	0.00827	0.00709	0.00891	0.00513	0.10827	0.00852	0.01157	0.01504	0.31154	0.03693	0.42888	0.00993	0.00549	0.00153	0.00303	0.00874	0.00434	0.00440
11	0.01086	0.00903	0.00957	0.00878	0.01109	0.01033	0.00676	0.02208	0.66782	0.01869	0.01911	0.07977	0.01526	0.00686	0.00469	0.00156	0.00347	0.00579	0.08166	0.00682
12	0.02023	0.00894	0.01143	0.00876	0.01239	0.00836	0.00724	0.17719	0.01503	0.65376	0.01691	0.01490	0.01079	0.00572	0.00467	0.00143	0.00419	0.00458	0.00554	0.00792
13	0.00658	0.00476	0.00622	0.00585	0.00695	0.00439	0.00439	0.00878	0.01317	0.01866	0.80503	0.03475	0.04390	0.00951	0.00549	0.00146	0.00219	0.00841	0.00512	0.00439
14	0.11256	0.00995	0.01134	0.00884	0.01228	0.01021	0.00728	0.33543	0.01604	0.36538	0.01395	0.01309	0.00935	0.00551	0.00440	0.00140	0.00431	0.00422	0.04702	0.00742
15	0.00702	0.00457	0.00551	0.00566	0.00580	0.00457	0.00359	0.00706	0.00720	0.00956	0.01519	0.03142	0.01716	0.62904	0.02073	0.10713	0.00442	0.10853	0.00292	0.00292
16	0.01763	0.07128	0.01438	0.01026	0.01399	0.01394	0.00858	0.65882	0.02012	0.10705	0.01156	0.01138	0.00814	0.00549	0.00454	0.00137	0.00499	0.00412	0.00458	0.00777
17	0.12613	0.50864	0.17706	0.00879	0.01317	0.01502	0.00932	0.01468	0.00960	0.06989	0.00769	0.00854	0.00623	0.00424	0.00338	0.00118	0.00510	0.00284	0.00237	0.00616
18	0.03426	0.11954	0.06952	0.00863	0.01243	0.00904	0.00772	0.02092	0.06578	0.57943	0.01588	0.01424	0.01044	0.00544	0.00441	0.00139	0.00428	0.00430	0.00486	0.00749
19	0.32951	0.04963	0.01115	0.00839	0.01177	0.01161	0.00698	0.30326	0.03159	0.17775	0.01080	0.01072	0.00761	0.00510	0.00393	0.00141	0.00430	0.00362	0.00410	0.00676
20	0.01203	0.73113	0.12894	0.00866	0.01303	0.01740	0.00918	0.01404	0.00950	0.01145	0.00672	0.00778	0.00596	0.00404	0.00318	0.00106	0.00523	0.00261	0.00199	0.00609
21	0.01136	0.01056	0.01881	0.18849	0.48480	0.01080	0.13620	0.01432	0.01053	0.05545	0.00925	0.01208	0.00730	0.00430	0.00476	0.00145	0.00595	0.00438	0.00244	0.00678
22	0.00797	0.00514	0.00602	0.00557	0.00715	0.00450	0.00419	0.00946	0.01149	0.12012	0.27795	0.03678	0.40600	0.06893	0.00668	0.00173	0.00267	0.00848	0.00465	0.00452
23	0.00677	0.00478	0.00644	0.00644	0.00696	0.00526	0.00457	0.00781	0.00729	0.01037	0.01340	0.02289	0.01366	0.34024	0.48356	0.00610	0.00903	0.00564	0.03512	0.00365
24	0.01326	0.01083	0.01147	0.00981	0.01274	0.01236	0.00777	0.23707	0.58397	0.02219	0.01679	0.01564	0.01246	0.00611	0.00471	0.00153	0.00408	0.00496	0.00471	0.00752
25	0.82993	0.00895	0.00702	0.00622	0.00913	0.01027	0.00512	0.01409	0.00817	0.05758	0.00703	0.00794	0.00534	0.00439	0.00296	0.00144	0.00362	0.00262	0.00301	0.00517
26	0.86937	0.00900	0.00684	0.00612	0.00900	0.01044	0.00504	0.01368	0.00792	0.02087	0.00648	0.00756	0.00504	0.00432	0.00288	0.00144	0.00360	0.00252	0.00288	0.00504
27	0.00582	0.00458	0.00526	0.00539	0.00656	0.00402	0.00393	0.00720	0.01093	0.01405	0.24517	0.20771	0.43932	0.01176	0.00559	0.00161	0.00239	0.01016	0.00453	0.00402
28	0.01228	0.79731	0.06497	0.00823	0.01236	0.01802	0.00844	0.01397	0.00947	0.01114	0.00656	0.00758	0.00597	0.00400	0.00306	0.00102	0.00507	0.00254	0.00199	0.00602
29	0.01631	0.02242	0.11923	0.01215	0.01515	0.71074	0.01008	0.01807	0.01274	0.01183	0.00734	0.00858	0.00598	0.00474	0.00422	0.00123	0.00819	0.00305	0.00234	0.00559
30	0.01089	0.45749	0.04358	0.00836	0.01157	0.02426	0.06049	0.01290	0.01091	0.04756	0.24896	0.01651	0.01776	0.00575	0.00405	0.00121	0.00440	0.00462	0.00313	0.00562
31	0.00627	0.00468	0.00582	0.00566	0.00679	0.00424	0.00420	0.00813	0.01224	0.01675	0.57398	0.10719	0.20601	0.01044	0.00553	0.00152	0.00227	0.00914	0.00488	0.00424
32	0.01092	0.01048	0.01766	0.17420	0.61044	0.01114	0.01375	0.01363	0.01012	0.01432	0.00848	0.01159	0.00707	0.00451	0.00534	0.00146	0.06172	0.00414	0.00224	0.00681
33	0.01000	0.00536	0.00693	0.00623	0.00783	0.00485	0.00475	0.01160	0.01193	0.20018	0.38711	0.06594	0.11187	0.00935	0.00616	0.06902	0.00279	0.00729	0.06587	0.00494
34	0.00808	0.00404	0.00606	0.00606	0.00606	0.00404	0.00404	0.00606	0.00606	0.00808	0.00808	0.01414	0.00808	0.01616	0.01818	0.86465	0.00404	0.00404	0.00202	0.00202
35	0.01223	0.78373	0.07810	0.00832	0.01250	0.01789	0.00859	0.01399	0.00948	0.01120	0.00660	0.00762	0.00596	0.00401	0.00308	0.00103	0.00510	0.00255	0.00199	0.00603
36	0.00768	0.00465	0.00606	0.00652	0.00738	0.00421	0.00457	0.00869	0.00975	0.11807	0.04091	0.62690	0.11075	0.01302	0.00572	0.00179	0.00282	0.01164	0.00452	0.00435
37	0.00879	0.00827	0.01395	0.82532	0.03204	0.01034	0.01292	0.01189	0.00930	0.01189	0.00827	0.01240	0.00620	0.00465	0.00465	0.00155	0.00620	0.00413	0.00207	0.00517
38	0.01050	0.01017	0.01535	0.28622	0.39072	0.06744	0.01256	0.01318	0.01037	0.01367	0.01059	0.01702	0.00946	0.00551	0.00483	0.00152	0.00579	0.10650	0.00250	0.00610
39	0.34274	0.18163	0.01224	0.00818	0.01103	0.24193	0.00674	0.01545	0.03022	0.03754	0.00797	0.00898	0.00642	0.00456	0.00340	0.00126	0.00515	0.00291	0.06624	0.00542

[dist]
# distance from previous block
# <min> <max>
0	5

[block]
# block no. 6 follows, 55 sequences, length 114
# corresponding to MSA columns:
# 259-372
name=unknown_G
#
# <colnr> <probs for GDERKNQSTAVLIFYWHMCP>
#	G	D	E	R	K	N	Q	S	T	A	V	L	I	F	Y	W	H	M	C	P
0	0.01015	0.05327	0.62568	0.01379	0.08974	0.01059	0.01536	0.01480	0.01023	0.05855	0.04834	0.01145	0.00822	0.00470	0.00445	0.00144	0.00629	0.00378	0.00236	0.00682
1	0.00940	0.00608	0.00789	0.00696	0.02752	0.00527	0.00521	0.01152	0.01241	0.13241	0.50881	0.02631	0.03075	0.00760	0.00493	0.00130	0.00279	0.00661	0.00466	0.18159
2	0.01174	0.00898	0.00995	0.00885	0.01125	0.00993	0.00694	0.15119	0.41354	0.06562	0.03160	0.10442	0.05634	0.00916	0.05009	0.00192	0.00426	0.03304	0.00458	0.00661
3	0.00765	0.00715	0.08070	0.00875	0.01036	0.00598	0.00798	0.01048	0.04952	0.01405	0.02350	0.12044	0.04313	0.01190	0.00609	0.00202	0.00429	0.57731	0.00410	0.00462
4	0.01094	0.00935	0.01052	0.02084	0.05717	0.02386	0.00749	0.06935	0.51355	0.01831	0.06110	0.08222	0.01586	0.00876	0.05645	0.00195	0.01546	0.00585	0.00433	0.00665
5	0.00576	0.00411	0.00550	0.00658	0.00689	0.00386	0.00448	0.00663	0.00900	0.01198	0.02559	0.79477	0.03057	0.01449	0.00596	0.00190	0.00278	0.05103	0.00432	0.00380
6	0.01211	0.01291	0.12150	0.01893	0.22564	0.01073	0.33637	0.04344	0.01130	0.09865	0.01004	0.01207	0.00748	0.00427	0.00490	0.00144	0.00637	0.00460	0.00275	0.05452
7	0.86937	0.00900	0.00684	0.00612	0.00900	0.01044	0.00504	0.01368	0.00792	0.02087	0.00648	0.00756	0.00504	0.00432	0.00288	0.00144	0.00360	0.00252	0.00288	0.00504
8	0.01018	0.01018	0.01425	0.01221	0.01221	0.01425	0.01018	0.01120	0.00712	0.01120	0.00611	0.01018	0.00611	0.00814	0.01527	0.00204	0.82799	0.00407	0.00204	0.00509
9	0.04182	0.01200	0.03096	0.01453	0.01847	0.01212	0.37977	0.20472	0.13510	0.06292	0.01160	0.01287	0.00850	0.00492	0.00528	0.00153	0.02763	0.00493	0.00347	0.00687
10	0.01247	0.80938	0.03916	0.00813	0.01214	0.03238	0.00815	0.01403	0.00953	0.01103	0.00652	0.00752	0.00597	0.00400	0.00303	0.00101	0.00507	0.00251	0.00200	0.00598
11	0.01011	0.00818	0.00939	0.00914	0.01116	0.00909	0.00748	0.04909	0.43881	0.01754	0.02100	0.03177	0.01920	0.00901	0.00544	0.00181	0.00399	0.32713	0.00454	0.00610
12	0.00570	0.00473	0.00500	0.00497	0.00646	0.00403	0.00375	0.00705	0.01098	0.01348	0.15667	0.04350	0.67646	0.01148	0.00552	0.00157	0.00238	0.02782	0.00444	0.00400
13	0.01157	0.00999	0.01052	0.00947	0.01210	0.01157	0.00736	0.02472	0.79908	0.01946	0.01893	0.01736	0.01420	0.00631	0.00473	0.00158	0.00368	0.00526	0.00473	0.00736
14	0.80124	0.00923	0.00735	0.00644	0.00939	0.01063	0.00531	0.06281	0.00889	0.03492	0.00698	0.00793	0.00533	0.00442	0.00302	0.00144	0.00370	0.00266	0.00304	0.00527
15	0.00697	0.00503	0.00687	0.00788	0.00880	0.00492	0.00656	0.00876	0.01030	0.01339	0.02611	0.22750	0.07089	0.01318	0.00626	0.00205	0.00382	0.56224	0.00429	0.00415
16	0.01437	0.01139	0.01986	0.07929	0.02011	0.01129	0.38751	0.19912	0.01388	0.17774	0.01153	0.01287	0.00809	0.00474	0.00506	0.00150	0.00629	0.00491	0.00356	0.00690
17	0.00596	0.00441	0.00565	0.00628	0.00696	0.00398	0.00432	0.00700	0.00951	0.01277	0.10103	0.64080	0.10061	0.01323	0.00572	0.00175	0.00266	0.01188	0.00431	0.05116
18	0.01786	0.01275	0.01379	0.01057	0.01429	0.01401	0.00873	0.74928	0.02140	0.07269	0.01157	0.01143	0.00811	0.00559	0.00466	0.00140	0.00505	0.00422	0.00472	0.00791
19	0.00983	0.00826	0.00967	0.00691	0.01104	0.00621	0.00553	0.01189	0.00971	0.02817	0.00843	0.00975	0.00697	0.00348	0.00347	0.00070	0.00345	0.00279	0.00281	0.85093
20	0.01210	0.76397	0.02257	0.00763	0.01135	0.01714	0.00754	0.01365	0.00948	0.01152	0.00725	0.00835	0.00651	0.00411	0.00301	0.00100	0.00472	0.00265	0.07961	0.00582
21	0.86937	0.00900	0.00684	0.00612	0.00900	0.01044	0.00504	0.01368	0.00792	0.02087	0.00648	0.00756	0.00504	0.00432	0.00288	0.00144	0.00360	0.00252	0.00288	0.00504
22	0.05200	0.01286	0.01335	0.01036	0.01398	0.05339	0.00851	0.65247	0.02011	0.09926	0.01144	0.01131	0.00803	0.00551	0.00456	0.00139	0.00511	0.00411	0.00457	0.00767
23	0.00732	0.00595	0.00864	0.00826	0.00889	0.00735	0.00650	0.00878	0.00737	0.01079	0.01136	0.01734	0.01084	0.06953	0.62623	0.00630	0.16696	0.00490	0.00242	0.00427
24	0.00580	0.00415	0.00552	0.00639	0.00678	0.00387	0.00433	0.00681	0.00953	0.01286	0.13921	0.71708	0.03268	0.01384	0.00587	0.00183	0.00263	0.01252	0.00444	0.00387
25	0.00567	0.00405	0.00540	0.00648	0.00675	0.00378	0.00432	0.00648	0.00891	0.01188	0.02564	0.83347	0.03077	0.01457	0.00594	0.00189	0.00270	0.01323	0.00432	0.00378
26	0.01335	0.01088	0.01152	0.00983	0.01278	0.01240	0.00779	0.24824	0.57266	0.02233	0.01667	0.01555	0.01237	0.00610	0.00471	0.00152	0.00410	0.00495	0.00471	0.00752
27	0.01738	0.02217	0.01318	0.01199	0.01438	0.81783	0.00899	0.01858	0.01318	0.01139	0.00719	0.00839	0.00599	0.00479	0.00419	0.00120	0.00839	0.00300	0.00240	0.00539
28	0.30803	0.00992	0.01046	0.00832	0.01171	0.01049	0.00687	0.26573	0.01422	0.29248	0.01202	0.01153	0.00816	0.00521	0.00406	0.00143	0.00421	0.00379	0.00443	0.00694
29	0.00750	0.00535	0.00750	0.00857	0.00964	0.00535	0.00750	0.00964	0.01071	0.01392	0.02463	0.05248	0.02677	0.01285	0.00643	0.00214	0.00428	0.77617	0.00428	0.00428
30	0.01244	0.83930	0.02438	0.00796	0.01194	0.01841	0.00796	0.01393	0.00945	0.01095	0.00647	0.00746	0.00597	0.00398	0.00299	0.00100	0.00498	0.00249	0.00199	0.00597
31	0.07005	0.01243	0.00875	0.00799	0.00991	0.33161	0.00608	0.07124	0.01189	0.01607	0.01110	0.01265	0.00879	0.00511	0.00371	0.00118	0.00497	0.00367	0.39773	0.00507
32	0.01148	0.01157	0.08585	0.01496	0.22877	0.01134	0.01011	0.04664	0.47321	0.01803	0.01487	0.01510	0.01142	0.01973	0.00499	0.00156	0.00454	0.00478	0.00379	0.00726
33	0.00583	0.00417	0.00559	0.00667	0.00701	0.00392	0.00461	0.00676	0.00907	0.01206	0.02555	0.76301	0.03041	0.01442	0.00598	0.00191	0.00284	0.08206	0.00432	0.00382
34	0.00908	0.00756	0.01192	0.52991	0.09555	0.00890	0.01048	0.02137	0.00964	0.01367	0.01013	0.01381	0.00790	0.01909	0.00464	0.00147	0.00512	0.00423	0.21036	0.00516
35	0.00708	0.00650	0.06985	0.00620	0.00815	0.00487	0.00535	0.00895	0.01128	0.05854	0.21235	0.03881	0.45490	0.01044	0.00545	0.00158	0.00294	0.07785	0.00439	0.00452
36	0.00808	0.00404	0.00606	0.00606	0.00606	0.00404	0.00404	0.00606	0.00606	0.00808	0.00808	0.01414	0.00808	0.01616	0.01818	0.86465	0.00404	0.00404	0.00202	0.00202
37	0.01244	0.83930	0.02438	0.00796	0.01194	0.01841	0.00796	0.01393	0.00945	0.01095	0.00647	0.00746	0.00597	0.00398	0.00299	0.00100	0.00498	0.00249	0.00199	0.00597
38	0.00745	0.00549	0.00724	0.00777	0.00890	0.00551	0.00640	0.01045	0.08223	0.01533	0.21112	0.12957	0.03017	0.01165	0.00600	0.00190	0.00356	0.44020	0.00453	0.00453
39	0.00879	0.00827	0.01395	0.82532	0.03204	0.01034	0.01292	0.01189	0.00930	0.01189	0.00827	0.01240	0.00620	0.00465	0.00465	0.00155	0.00620	0.00413	0.00207	0.00517
40	0.01111	0.00850	0.00999	0.00723	0.01129	0.00672	0.00582	0.05601	0.01066	0.08772	0.00934	0.01029	0.00736	0.00377	0.00362	0.00080	0.00358	0.00301	0.00313	0.74006
41	0.00665	0.00498	0.00748	0.00748	0.00831	0.00582	0.00582	0.00831	0.00748	0.01080	0.01246	0.01828	0.01163	0.03489	0.81807	0.00748	0.01246	0.00498	0.00249	0.00415
42	0.01958	0.00763	0.01038	0.00806	0.01143	0.00662	0.00662	0.02142	0.01330	0.73925	0.08933	0.01754	0.01444	0.00610	0.00475	0.00144	0.00380	0.00502	0.00570	0.00760
43	0.01024	0.00967	0.08213	0.00754	0.01189	0.00665	0.00664	0.01259	0.00986	0.05883	0.00883	0.01000	0.00705	0.00366	0.00360	0.00080	0.00378	0.00292	0.00285	0.74044
44	0.08898	0.01332	0.13837	0.01613	0.03412	0.01085	0.49452	0.01529	0.01067	0.08362	0.00970	0.01185	0.00709	0.00417	0.00493	0.00149	0.00677	0.00472	0.00265	0.04073
45	0.01579	0.16670	0.08730	0.01134	0.01447	0.57169	0.00954	0.04797	0.01256	0.01232	0.00732	0.00846	0.00606	0.00465	0.00402	0.00120	0.00752	0.00299	0.00238	0.00573
46	0.00879	0.00827	0.01395	0.82532	0.03204	0.01034	0.01292	0.01189	0.00930	0.01189	0.00827	0.01240	0.00620	0.00465	0.00465	0.00155	0.00620	0.00413	0.00207	0.00517
47	0.02431	0.00782	0.07809	0.00587	0.00763	0.07912	0.00506	0.01194	0.01004	0.01663	0.01368	0.01568	0.01072	0.00525	0.00344	0.00114	0.00318	0.00410	0.69162	0.00467
48	0.00724	0.00556	0.00733	0.00658	0.00807	0.00529	0.04759	0.01025	0.07482	0.01746	0.51151	0.03211	0.15326	0.00893	0.00523	0.00146	0.00265	0.00785	0.08215	0.00465
49	0.01136	0.01090	0.01861	0.07233	0.76488	0.01101	0.01420	0.01415	0.01052	0.01502	0.00872	0.01156	0.00730	0.00417	0.00461	0.00139	0.00556	0.00414	0.00229	0.00725
50	0.00685	0.00562	0.00680	0.07979	0.00957	0.00556	0.00522	0.00979	0.09325	0.01500	0.26983	0.03456	0.36510	0.01117	0.05045	0.00187	0.00338	0.01734	0.00430	0.00456
51	0.00636	0.00438	0.00538	0.00591	0.00610	0.00426	0.00378	0.00685	0.00794	0.01057	0.01998	0.36958	0.02344	0.43274	0.01500	0.00324	0.00373	0.06388	0.00355	0.00333
52	0.01040	0.04913	0.30193	0.01022	0.01426	0.01042	0.01052	0.03963	0.31525	0.03633	0.13774	0.01672	0.01526	0.00599	0.00466	0.00149	0.00471	0.00493	0.00370	0.00669
53	0.86937	0.00900	0.00684	0.00612	0.00900	0.01044	0.00504	0.01368	0.00792	0.02087	0.00648	0.00756	0.00504	0.00432	0.00288	0.00144	0.00360	0.00252	0.00288	0.00504
54	0.01018	0.01018	0.01425	0.01221	0.01221	0.01425	0.01018	0.01120	0.00712	0.01120	0.00611	0.01018	0.00611	0.00814	0.01527	0.00204	0.82799	0.00407	0.00204	0.00509
