[name]
unknown

[dist]
# distance from previous block
# <min> <max>
0	91

[block]
# block no. 0 follows, 45 sequences, length 14
# corresponding to MSA columns:
# 115-128
name=unknown_A
#
# <colnr> <probs for GDERKNQSTAVLIFYWHMCP>
#	G	D	E	R	K	N	Q	S	T	A	V	L	I	F	Y	W	H	M	C	P
0	0.09114	0.01304	0.14180	0.05236	0.03251	0.01091	0.04762	0.13564	0.02700	0.11480	0.04070	0.01686	0.01977	0.00799	0.00768	0.10226	0.04337	0.03539	0.00384	0.05532
1	0.04927	0.15042	0.27473	0.16329	0.06056	0.01386	0.11498	0.01586	0.01115	0.01590	0.00925	0.01185	0.00717	0.00507	0.00538	0.00161	0.03618	0.00424	0.00247	0.04679
2	0.06284	0.01176	0.03510	0.11447	0.04194	0.04210	0.01113	0.01429	0.00975	0.04895	0.00879	0.01239	0.00762	0.00847	0.03779	0.00215	0.41704	0.00442	0.00275	0.10624
3	0.04406	0.00967	0.01237	0.18362	0.03140	0.00903	0.00864	0.03023	0.03617	0.01731	0.02587	0.03174	0.00950	0.00508	0.00481	0.00120	0.02428	0.00414	0.00320	0.50767
4	0.01033	0.00980	0.01614	0.70479	0.03424	0.01247	0.01453	0.01362	0.01043	0.01362	0.00924	0.01400	0.00714	0.00585	0.00683	0.00186	0.10201	0.00476	0.00238	0.00595
5	0.00831	0.00659	0.00946	0.12015	0.01322	0.00693	0.03220	0.04493	0.01161	0.01566	0.12382	0.46608	0.02959	0.04506	0.00773	0.00215	0.03546	0.01152	0.00451	0.00502
6	0.00865	0.00683	0.00772	0.00733	0.00879	0.00684	0.00543	0.09796	0.01275	0.01637	0.06937	0.18337	0.36980	0.11031	0.00963	0.00230	0.05651	0.01035	0.00469	0.00501
7	0.00655	0.00493	0.00607	0.00687	0.00765	0.00445	0.00474	0.00769	0.01110	0.01438	0.08012	0.55527	0.23953	0.01559	0.00668	0.00205	0.00297	0.01386	0.00504	0.00445
8	0.01149	0.01123	0.03401	0.27109	0.04553	0.01244	0.06362	0.04183	0.01085	0.01554	0.00907	0.01272	0.00748	0.00614	0.00857	0.00171	0.23109	0.00448	0.00270	0.19841
9	0.20080	0.07520	0.03021	0.01285	0.05120	0.34863	0.07438	0.01775	0.01311	0.01717	0.09994	0.01364	0.01207	0.00586	0.00474	0.00152	0.00707	0.00436	0.00321	0.00627
10	0.00772	0.00525	0.00621	0.00634	0.00659	0.00517	0.00394	0.00825	0.00917	0.01236	0.10923	0.10551	0.02531	0.59883	0.02184	0.00436	0.00469	0.05175	0.00382	0.00367
11	0.00680	0.00490	0.00625	0.00712	0.00761	0.00457	0.00480	0.00782	0.01055	0.01399	0.08200	0.57558	0.09961	0.11095	0.00923	0.00248	0.00334	0.03325	0.00484	0.00431
12	0.01888	0.01418	0.01528	0.01176	0.01602	0.01535	0.00965	0.62607	0.07448	0.03122	0.01312	0.01318	0.00949	0.00622	0.00522	0.00153	0.00558	0.00473	0.00513	0.10290
13	0.02345	0.00863	0.03450	0.08227	0.05848	0.00782	0.02754	0.03101	0.05720	0.02716	0.13068	0.23772	0.02270	0.02612	0.00605	0.00170	0.00431	0.00818	0.00418	0.20028

[dist]
# distance from previous block
# <min> <max>
4	31

[block]
# block no. 1 follows, 45 sequences, length 80
# corresponding to MSA columns:
# 160-177,184-204,216-234,248-265,271-274
name=unknown_B
#
# <colnr> <probs for GDERKNQSTAVLIFYWHMCP>
#	G	D	E	R	K	N	Q	S	T	A	V	L	I	F	Y	W	H	M	C	P
0	0.01077	0.02777	0.78354	0.01530	0.02323	0.01247	0.01983	0.01700	0.01133	0.01700	0.00963	0.01133	0.00680	0.00510	0.00510	0.00170	0.00793	0.00397	0.00227	0.00793
1	0.00660	0.00471	0.00629	0.00754	0.00788	0.00441	0.00508	0.00757	0.01033	0.01377	0.02955	0.78754	0.03538	0.01676	0.00687	0.00219	0.00316	0.03500	0.00498	0.00438
2	0.01078	0.02598	0.70151	0.01585	0.04745	0.01226	0.05012	0.01668	0.01145	0.01694	0.01118	0.01286	0.03238	0.00535	0.00520	0.00170	0.00776	0.00434	0.00239	0.00781
3	0.00775	0.00518	0.00587	0.00592	0.00594	0.00517	0.00333	0.00779	0.00791	0.01055	0.01746	0.06826	0.02020	0.77729	0.02644	0.00507	0.00511	0.00813	0.00333	0.00330
4	0.00655	0.00545	0.00573	0.00566	0.00738	0.00462	0.00424	0.00811	0.01273	0.01568	0.17552	0.04972	0.65381	0.01315	0.00634	0.00179	0.00269	0.01106	0.00514	0.00462
5	0.01164	0.01159	0.01624	0.01395	0.01398	0.01619	0.01161	0.01283	0.00823	0.01291	0.00723	0.01198	0.00721	0.01019	0.03743	0.00251	0.78134	0.00472	0.00236	0.00584
6	0.01242	0.01187	0.02023	0.24302	0.57455	0.01253	0.01604	0.01572	0.01181	0.01649	0.00994	0.01357	0.00813	0.00494	0.00533	0.00165	0.00659	0.00478	0.00258	0.00781
7	0.01995	0.01460	0.01562	0.01203	0.01619	0.01614	0.00992	0.72733	0.02463	0.03323	0.01309	0.01320	0.00933	0.00644	0.00530	0.00160	0.00576	0.00484	0.04187	0.00895
8	0.01236	0.00838	0.00747	0.00684	0.00864	0.08619	0.00525	0.10950	0.01346	0.02109	0.01598	0.01805	0.01247	0.00620	0.00407	0.00131	0.00367	0.00482	0.64858	0.00566
9	0.30689	0.01109	0.01068	0.00881	0.01206	0.01235	0.00718	0.32778	0.01639	0.02724	0.01207	0.01308	0.00904	0.00589	0.00428	0.00155	0.00451	0.00420	0.19788	0.00702
10	0.01473	0.01068	0.01182	0.01038	0.01348	0.01182	0.00814	0.02676	0.58543	0.15038	0.07756	0.02122	0.01840	0.00745	0.00552	0.00178	0.00417	0.00623	0.00569	0.00835
11	0.01015	0.00618	0.00795	0.00717	0.00896	0.00564	0.00549	0.01280	0.03237	0.13727	0.58192	0.03726	0.10486	0.01045	0.00617	0.00170	0.00290	0.00910	0.00593	0.00572
12	0.84927	0.01038	0.00789	0.00706	0.01038	0.01204	0.00581	0.01578	0.00914	0.02408	0.00747	0.00872	0.00581	0.00498	0.00332	0.00166	0.00415	0.00291	0.00332	0.00581
13	0.00767	0.00575	0.00863	0.00863	0.00959	0.00671	0.00671	0.00959	0.00863	0.01246	0.01438	0.02109	0.01342	0.04026	0.79008	0.00863	0.01438	0.00575	0.00288	0.00479
14	0.01014	0.00954	0.01610	0.79845	0.03697	0.01193	0.01491	0.01371	0.01073	0.01371	0.00954	0.01431	0.00716	0.00537	0.00537	0.00179	0.00716	0.00477	0.00239	0.00596
15	0.01134	0.01000	0.02538	0.00819	0.01300	0.00747	0.00670	0.03082	0.01146	0.01786	0.00962	0.01118	0.00796	0.00405	0.00403	0.00083	0.00409	0.00323	0.00321	0.80958
16	0.09100	0.02041	0.01450	0.01272	0.01546	0.49049	0.00983	0.14869	0.01552	0.01753	0.00897	0.01060	0.00732	0.00650	0.00653	0.03606	0.07435	0.00380	0.00322	0.00651
17	0.00760	0.00549	0.00718	0.00675	0.00802	0.00506	0.00506	0.01013	0.01519	0.02153	0.77503	0.04010	0.05065	0.01097	0.00633	0.00169	0.00253	0.00971	0.00591	0.00506
18	0.00750	0.00516	0.00611	0.00627	0.00657	0.00501	0.00387	0.00810	0.00951	0.01282	0.13627	0.17575	0.04846	0.52307	0.01983	0.00403	0.00435	0.00954	0.00402	0.00377
19	0.02041	0.01504	0.01611	0.01235	0.01665	0.01665	0.01020	0.75997	0.02524	0.03383	0.01289	0.01289	0.00913	0.00644	0.00537	0.00161	0.00591	0.00483	0.00537	0.00913
20	0.01335	0.01153	0.01214	0.01092	0.01396	0.01335	0.00850	0.02852	0.76817	0.02245	0.02185	0.02003	0.01639	0.00728	0.00546	0.00182	0.00425	0.00607	0.00546	0.00850
21	0.01420	0.01187	0.01253	0.01096	0.01415	0.01357	0.00861	0.13978	0.62989	0.02394	0.02153	0.01996	0.03997	0.00736	0.00548	0.00179	0.00445	0.00605	0.00543	0.00846
22	0.00654	0.00467	0.00623	0.00747	0.00779	0.00436	0.00498	0.00747	0.01028	0.01370	0.02959	0.80785	0.03550	0.01682	0.00685	0.00218	0.00311	0.01526	0.00498	0.00436
23	0.01764	0.01312	0.01427	0.01103	0.01507	0.01387	0.00899	0.55964	0.02142	0.02936	0.01336	0.05434	0.01049	0.00655	0.00514	0.00148	0.00528	0.00510	0.03923	0.15462
24	0.01174	0.01174	0.01644	0.01409	0.01409	0.01644	0.01174	0.01292	0.00822	0.01292	0.00705	0.01174	0.00705	0.00940	0.01762	0.00235	0.80153	0.00470	0.00235	0.00587
25	0.00654	0.00467	0.00623	0.00747	0.00779	0.00436	0.00498	0.00747	0.01028	0.01370	0.02959	0.80785	0.03550	0.01682	0.00685	0.00218	0.00311	0.01526	0.00498	0.00436
26	0.01020	0.00622	0.00710	0.00644	0.00869	0.00529	0.00499	0.01184	0.01322	0.17591	0.12669	0.04340	0.53628	0.01185	0.00614	0.00177	0.00309	0.00991	0.00543	0.00555
27	0.02408	0.00914	0.01246	0.00955	0.01370	0.00789	0.00789	0.02616	0.01536	0.78158	0.02118	0.01827	0.01329	0.00664	0.00540	0.00166	0.00457	0.00540	0.00664	0.00914
28	0.01364	0.01147	0.01215	0.01089	0.01395	0.01320	0.00848	0.02846	0.74771	0.04308	0.02183	0.01998	0.01630	0.00727	0.00546	0.00182	0.00426	0.00605	0.00549	0.00851
29	0.14603	0.04945	0.01460	0.06965	0.01703	0.58760	0.00996	0.01982	0.01381	0.01484	0.00823	0.00983	0.00676	0.00540	0.00460	0.00145	0.00851	0.00345	0.00281	0.00616
30	0.01559	0.01039	0.01097	0.00895	0.01183	0.01125	0.00722	0.41380	0.01876	0.02743	0.01503	0.01619	0.01127	0.00636	0.00462	0.00144	0.00433	0.00491	0.39244	0.00722
31	0.17898	0.01065	0.01197	0.00924	0.01335	0.01030	0.00758	0.15796	0.01469	0.26771	0.01347	0.01331	0.00946	0.00560	0.00484	0.00143	0.02056	0.00418	0.00472	0.24001
32	0.01250	0.01225	0.01651	0.01401	0.01448	0.04762	0.02870	0.01382	0.00890	0.03857	0.00770	0.01193	0.00729	0.00893	0.01617	0.00224	0.70913	0.00468	0.00253	0.02203
33	0.00676	0.00477	0.00616	0.00719	0.00745	0.00451	0.00468	0.00753	0.00984	0.01312	0.02736	0.67202	0.03269	0.15648	0.01045	0.00271	0.00348	0.01395	0.00468	0.00417
34	0.00645	0.00528	0.00569	0.00592	0.00740	0.00452	0.00431	0.00778	0.01199	0.01470	0.08679	0.20509	0.58723	0.01411	0.00645	0.00188	0.00279	0.01205	0.00503	0.00452
35	0.00693	0.00520	0.00645	0.00726	0.00820	0.00478	0.00535	0.00828	0.01128	0.01448	0.05463	0.41411	0.24944	0.03509	0.00730	0.00219	0.00337	0.14620	0.00496	0.00451
36	0.01113	0.00954	0.01113	0.00795	0.01272	0.00716	0.00636	0.01352	0.01113	0.01749	0.00954	0.01113	0.00795	0.00398	0.00398	0.00080	0.00398	0.00318	0.00318	0.84417
37	0.00758	0.00520	0.00583	0.00590	0.00611	0.00509	0.00344	0.00778	0.00841	0.01102	0.02153	0.08054	0.09922	0.68330	0.02398	0.00468	0.00483	0.00859	0.00353	0.00345
38	0.00702	0.00530	0.00648	0.00652	0.00775	0.00476	0.00476	0.00888	0.01332	0.01788	0.41264	0.20299	0.25623	0.01294	0.00644	0.00183	0.00271	0.01133	0.00545	0.00476
39	0.01290	0.03636	0.01239	0.00888	0.01315	0.00926	0.00719	0.13323	0.01348	0.04504	0.02529	0.04738	0.01026	0.00533	0.00478	0.00109	0.02676	0.00421	0.00372	0.57932
40	0.00658	0.00539	0.00580	0.00582	0.00742	0.00461	0.00432	0.00811	0.01260	0.01566	0.17799	0.10642	0.59389	0.01338	0.00638	0.00182	0.00272	0.01134	0.00515	0.00461
41	0.01014	0.00954	0.01610	0.79845	0.03697	0.01193	0.01491	0.01371	0.01073	0.01371	0.00954	0.01431	0.00716	0.00537	0.00537	0.00179	0.00716	0.00477	0.00239	0.00596
42	0.01110	0.10038	0.71382	0.01474	0.02236	0.01328	0.01885	0.01691	0.01129	0.01660	0.00943	0.01108	0.00681	0.00505	0.00495	0.00165	0.00773	0.00387	0.00227	0.00784
43	0.01112	0.01037	0.01734	0.58734	0.17695	0.01214	0.03124	0.04042	0.01161	0.01529	0.01028	0.01526	0.00811	0.00552	0.00543	0.00176	0.00695	0.02371	0.00261	0.00656
44	0.00662	0.00473	0.00630	0.00742	0.00780	0.00441	0.00499	0.00767	0.01064	0.01428	0.08483	0.75095	0.03663	0.01638	0.00681	0.00214	0.00307	0.01485	0.00505	0.00441
45	0.01252	0.01197	0.02040	0.21957	0.59724	0.01255	0.01609	0.01580	0.01186	0.01661	0.00996	0.01354	0.00817	0.00493	0.00533	0.00164	0.00657	0.00478	0.00259	0.00788
46	0.01173	0.23881	0.58092	0.01366	0.02070	0.01482	0.01698	0.01675	0.01122	0.01583	0.00905	0.01060	0.00682	0.00496	0.00466	0.00155	0.00735	0.00367	0.00227	0.00765
47	0.01491	0.01177	0.01812	0.09666	0.47083	0.03335	0.01360	0.01848	0.05538	0.15944	0.01454	0.01616	0.04112	0.00571	0.00537	0.00164	0.00594	0.00520	0.00363	0.00816
48	0.00886	0.00570	0.00746	0.00714	0.00854	0.00522	0.00536	0.01105	0.01424	0.08680	0.53820	0.15583	0.07908	0.01172	0.00636	0.00179	0.00288	0.03270	0.00576	0.00529
49	0.01077	0.02777	0.78354	0.01530	0.02323	0.01247	0.01983	0.01700	0.01133	0.01700	0.00963	0.01133	0.00680	0.00510	0.00510	0.00170	0.00793	0.00397	0.00227	0.00793
50	0.01281	0.07645	0.59046	0.01435	0.02138	0.01382	0.01733	0.15640	0.01392	0.01988	0.01010	0.01145	0.00724	0.00532	0.00504	0.00165	0.00741	0.00406	0.00285	0.00809
51	0.00956	0.00660	0.00777	0.00737	0.00813	0.00708	0.00503	0.02525	0.08222	0.04510	0.03346	0.07306	0.03246	0.45424	0.06236	0.00407	0.05948	0.00748	0.06463	0.00462
52	0.00781	0.00520	0.00585	0.00585	0.00585	0.00520	0.00325	0.00781	0.00781	0.01041	0.01691	0.03513	0.01952	0.81135	0.02732	0.00520	0.00520	0.00781	0.00325	0.00325
53	0.55070	0.06701	0.01169	0.02557	0.05395	0.06980	0.00763	0.07973	0.01163	0.06722	0.00898	0.01006	0.00686	0.00521	0.00389	0.00160	0.00502	0.00339	0.00352	0.00654
54	0.01001	0.00519	0.00546	0.03753	0.00751	0.00529	0.00421	0.01256	0.01124	0.01975	0.01718	0.01978	0.01349	0.00622	0.00382	0.00127	0.00269	0.00499	0.80677	0.00504
55	0.01099	0.05066	0.55189	0.01528	0.02152	0.01297	0.09060	0.01603	0.01102	0.01621	0.01033	0.05005	0.00835	0.00612	0.00678	0.00179	0.10475	0.00480	0.00245	0.00740
56	0.00774	0.00547	0.00722	0.00722	0.00769	0.00594	0.00495	0.00868	0.00821	0.01142	0.01567	0.02822	0.01652	0.43212	0.40245	0.00689	0.00972	0.00680	0.00307	0.00401
57	0.01187	0.14686	0.60326	0.01453	0.02170	0.01371	0.05506	0.01719	0.01148	0.04285	0.00976	0.01132	0.00711	0.00505	0.00492	0.00162	0.00754	0.00397	0.00245	0.00778
58	0.00659	0.00471	0.00627	0.00744	0.00780	0.00439	0.00499	0.00760	0.01051	0.01408	0.06557	0.77079	0.03623	0.01654	0.00683	0.00216	0.00309	0.01499	0.00503	0.00439
59	0.00784	0.00523	0.00597	0.00593	0.00609	0.00518	0.00346	0.00817	0.00868	0.01182	0.09768	0.03529	0.02269	0.70677	0.02452	0.00473	0.00485	0.00794	0.02366	0.00349
60	0.00728	0.00592	0.00650	0.00627	0.00801	0.00538	0.00473	0.01007	0.07129	0.01732	0.27810	0.04560	0.48970	0.01229	0.00627	0.00177	0.00278	0.01042	0.00531	0.00500
61	0.01077	0.02777	0.78354	0.01530	0.02323	0.01247	0.01983	0.01700	0.01133	0.01700	0.00963	0.01133	0.00680	0.00510	0.00510	0.00170	0.00793	0.00397	0.00227	0.00793
62	0.00781	0.00520	0.00585	0.00585	0.00585	0.00520	0.00325	0.00781	0.00781	0.01041	0.01691	0.03513	0.01952	0.81135	0.02732	0.00520	0.00520	0.00781	0.00325	0.00325
63	0.01335	0.01153	0.01214	0.01092	0.01396	0.01335	0.00850	0.02852	0.76817	0.02245	0.02185	0.02003	0.01639	0.00728	0.00546	0.00182	0.00425	0.00607	0.00546	0.00850
64	0.80284	0.01031	0.00815	0.00720	0.01057	0.01181	0.00593	0.01636	0.00949	0.06670	0.00825	0.00926	0.00623	0.00508	0.00344	0.00166	0.00418	0.00305	0.00351	0.00600
65	0.00654	0.00467	0.00623	0.00747	0.00779	0.00436	0.00498	0.00747	0.01028	0.01370	0.02959	0.80785	0.03550	0.01682	0.00685	0.00218	0.00311	0.01526	0.00498	0.00436
66	0.00644	0.00544	0.00557	0.00553	0.00731	0.00457	0.00415	0.00788	0.01245	0.01502	0.10749	0.05081	0.72226	0.01340	0.00634	0.00180	0.00271	0.01121	0.00505	0.00457
67	0.01966	0.01464	0.01611	0.06948	0.01812	0.01630	0.01054	0.70574	0.02418	0.03237	0.01264	0.01299	0.00899	0.00637	0.00537	0.00162	0.00600	0.00483	0.00515	0.00890
68	0.00921	0.00470	0.00691	0.00691	0.00691	0.00470	0.00456	0.00705	0.00705	0.00940	0.00988	0.01768	0.01006	0.07625	0.02144	0.78288	0.00470	0.00489	0.00240	0.00240
69	0.01273	0.00875	0.00915	0.03408	0.01110	0.02486	0.00646	0.13961	0.17509	0.04084	0.01999	0.02070	0.06856	0.00700	0.00469	0.00150	0.00380	0.00563	0.39891	0.00655
70	0.01145	0.01065	0.01788	0.33034	0.40630	0.01157	0.01461	0.01461	0.01147	0.01584	0.01154	0.07165	0.01011	0.00593	0.00540	0.00170	0.00632	0.00555	0.02999	0.00709
71	0.78903	0.01072	0.00849	0.00744	0.01084	0.01238	0.00613	0.06986	0.01031	0.02479	0.00787	0.00902	0.00605	0.00509	0.00347	0.00166	0.00428	0.00305	0.00347	0.00605
72	0.02312	0.00961	0.01262	0.00979	0.01387	0.00873	0.00805	0.06321	0.07057	0.68884	0.02081	0.01813	0.01330	0.00668	0.00540	0.00167	0.00461	0.00542	0.00649	0.00909
73	0.01891	0.01470	0.01689	0.01364	0.04816	0.04125	0.06453	0.60902	0.02263	0.03035	0.01268	0.01333	0.00921	0.00682	0.01984	0.00173	0.00631	0.00492	0.03644	0.00863
74	0.00651	0.00543	0.00555	0.00552	0.00728	0.00458	0.00414	0.00798	0.01243	0.01513	0.10595	0.05014	0.70655	0.01325	0.00629	0.00179	0.00270	0.01107	0.02310	0.00458
75	0.84927	0.01038	0.00789	0.00706	0.01038	0.01204	0.00581	0.01578	0.00914	0.02408	0.00747	0.00872	0.00581	0.00498	0.00332	0.00166	0.00415	0.00291	0.00332	0.00581
76	0.00911	0.00472	0.00688	0.00688	0.00701	0.00465	0.00462	0.00704	0.00737	0.00970	0.01260	0.01889	0.06502	0.01828	0.01992	0.78263	0.00452	0.00515	0.00252	0.00249
77	0.01137	0.01123	0.01570	0.01361	0.01363	0.01556	0.01125	0.01252	0.00837	0.01298	0.00868	0.06960	0.00911	0.00993	0.01683	0.00234	0.74351	0.00547	0.00254	0.00576
78	0.01910	0.01405	0.01518	0.01195	0.01591	0.01551	0.00988	0.66652	0.04488	0.03188	0.01438	0.01673	0.01103	0.00707	0.00548	0.00167	0.00571	0.05842	0.02595	0.00871
79	0.01394	0.75583	0.02671	0.00924	0.01358	0.02015	0.00915	0.01571	0.01101	0.01288	0.00899	0.01239	0.00863	0.00534	0.00373	0.00124	0.00568	0.05656	0.00249	0.00675

[dist]
# distance from previous block
# <min> <max>
0	3

[block]
# block no. 2 follows, 45 sequences, length 15
# corresponding to MSA columns:
# 278-292
name=unknown_C
#
# <colnr> <probs for GDERKNQSTAVLIFYWHMCP>
#	G	D	E	R	K	N	Q	S	T	A	V	L	I	F	Y	W	H	M	C	P
0	0.01263	0.54981	0.02115	0.00837	0.01155	0.04303	0.00748	0.01383	0.01015	0.01199	0.01027	0.01643	0.01060	0.24142	0.01050	0.00235	0.00572	0.00434	0.00259	0.00580
1	0.01807	0.02182	0.01714	0.01944	0.24004	0.56172	0.01216	0.01998	0.01433	0.01443	0.00883	0.01074	0.00738	0.00531	0.00498	0.00144	0.00871	0.00385	0.00273	0.00689
2	0.01356	0.01150	0.01665	0.42516	0.13861	0.01321	0.01352	0.23306	0.01527	0.02027	0.01133	0.01552	0.00885	0.00596	0.00544	0.00173	0.00659	0.03316	0.00340	0.00723
3	0.01565	0.04755	0.01340	0.00935	0.01383	0.00896	0.03300	0.05775	0.01311	0.24231	0.01303	0.01333	0.00952	0.00506	0.00482	0.00118	0.02188	0.00405	0.00424	0.46799
4	0.25469	0.00711	0.00841	0.00817	0.00982	0.00827	0.00645	0.01140	0.00878	0.01587	0.01235	0.01746	0.01119	0.02990	0.55915	0.00658	0.01138	0.00492	0.00301	0.00509
5	0.00654	0.00467	0.00623	0.00747	0.00779	0.00436	0.00498	0.00747	0.01028	0.01370	0.02959	0.80785	0.03550	0.01682	0.00685	0.00218	0.00311	0.01526	0.00498	0.00436
6	0.01207	0.01667	0.24451	0.14428	0.44360	0.01254	0.01722	0.01621	0.01173	0.01680	0.00988	0.01287	0.00780	0.00496	0.00526	0.00165	0.00695	0.00454	0.00250	0.00795
7	0.01211	0.01838	0.25236	0.02047	0.02664	0.01325	0.54160	0.01714	0.01228	0.01714	0.01050	0.01356	0.00775	0.00469	0.00597	0.00178	0.00872	0.00564	0.00258	0.00744
8	0.01014	0.00954	0.01610	0.79845	0.03697	0.01193	0.01491	0.01371	0.01073	0.01371	0.00954	0.01431	0.00716	0.00537	0.00537	0.00179	0.00716	0.00477	0.00239	0.00596
9	0.01733	0.25941	0.03739	0.01059	0.01390	0.01411	0.00944	0.01920	0.01217	0.31947	0.03372	0.01413	0.01066	0.00675	0.00774	0.00167	0.19613	0.00453	0.00414	0.00752
10	0.00743	0.00508	0.00613	0.00650	0.00665	0.00505	0.00397	0.00782	0.00858	0.01150	0.02048	0.26109	0.02384	0.53183	0.06713	0.00452	0.00514	0.00987	0.00374	0.00367
11	0.01764	0.24713	0.01753	0.01026	0.01425	0.01469	0.00880	0.13709	0.22718	0.22712	0.01606	0.01510	0.01164	0.00619	0.00484	0.00155	0.00503	0.00476	0.00484	0.00830
12	0.26463	0.00913	0.01059	0.00854	0.01216	0.00882	0.00700	0.02150	0.01352	0.48283	0.09295	0.01766	0.01485	0.00659	0.00488	0.00166	0.00424	0.00510	0.00559	0.00775
13	0.00724	0.00546	0.00662	0.00633	0.00771	0.00491	0.00471	0.00933	0.01405	0.01905	0.53522	0.04331	0.26230	0.04161	0.00712	0.00186	0.00269	0.01011	0.00554	0.00484
14	0.00930	0.00515	0.00564	0.00552	0.00677	0.00502	0.00414	0.01181	0.01241	0.02046	0.23986	0.02591	0.02459	0.00764	0.00451	0.00138	0.00251	0.00638	0.59599	0.00502

[dist]
# distance from previous block
# <min> <max>
0	9

[block]
# block no. 3 follows, 45 sequences, length 20
# corresponding to MSA columns:
# 302-305,307-322
name=unknown_D
#
# <colnr> <probs for GDERKNQSTAVLIFYWHMCP>
#	G	D	E	R	K	N	Q	S	T	A	V	L	I	F	Y	W	H	M	C	P
0	0.08302	0.00617	0.00856	0.00849	0.00966	0.00719	0.00663	0.01014	0.00867	0.01350	0.01376	0.01998	0.01274	0.03710	0.71963	0.00800	0.01346	0.00550	0.00292	0.00488
1	0.00715	0.00529	0.00676	0.00778	0.00834	0.00517	0.00530	0.00936	0.07814	0.01449	0.02889	0.73731	0.03379	0.01596	0.00673	0.00215	0.00322	0.01444	0.00503	0.00473
2	0.01886	0.02329	0.01444	0.01320	0.01581	0.68875	0.00988	0.04953	0.01517	0.01401	0.01039	0.08128	0.00956	0.00658	0.00504	0.00146	0.00894	0.00457	0.00307	0.00617
3	0.01841	0.05814	0.01612	0.08281	0.01805	0.20921	0.01045	0.39999	0.09211	0.02467	0.01202	0.01268	0.00898	0.00610	0.00515	0.00157	0.00679	0.00450	0.00430	0.00794
4	0.00913	0.00773	0.01106	0.01027	0.01088	0.00990	0.00820	0.01075	0.00855	0.01281	0.01208	0.01833	0.01147	0.05280	0.47863	0.00615	0.27980	0.00543	0.03090	0.00512
5	0.61089	0.06692	0.10709	0.00883	0.01292	0.01279	0.02279	0.04590	0.01045	0.04847	0.00849	0.00964	0.00644	0.00508	0.00376	0.00163	0.00491	0.00327	0.00330	0.00642
6	0.01301	0.03637	0.15040	0.02108	0.35232	0.09437	0.03176	0.01625	0.01274	0.05424	0.06981	0.01890	0.07927	0.00641	0.00541	0.00163	0.00633	0.01898	0.00327	0.00745
7	0.01415	0.77032	0.07062	0.00953	0.01431	0.02075	0.00978	0.01613	0.01093	0.01288	0.00758	0.00876	0.00688	0.00462	0.00354	0.00118	0.00586	0.00293	0.00229	0.00695
8	0.00779	0.00528	0.00624	0.00624	0.00637	0.00541	0.00373	0.00805	0.00792	0.01069	0.01656	0.03319	0.01867	0.70502	0.13250	0.00568	0.00647	0.00752	0.00320	0.00346
9	0.03894	0.01514	0.09438	0.05018	0.49872	0.07908	0.02831	0.06209	0.01296	0.01800	0.01083	0.01344	0.02395	0.00529	0.00554	0.00162	0.02603	0.00470	0.00285	0.00796
10	0.84927	0.01038	0.00789	0.00706	0.01038	0.01204	0.00581	0.01578	0.00914	0.02408	0.00747	0.00872	0.00581	0.00498	0.00332	0.00166	0.00415	0.00291	0.00332	0.00581
11	0.84927	0.01038	0.00789	0.00706	0.01038	0.01204	0.00581	0.01578	0.00914	0.02408	0.00747	0.00872	0.00581	0.00498	0.00332	0.00166	0.00415	0.00291	0.00332	0.00581
12	0.00679	0.00519	0.00644	0.00716	0.00791	0.00489	0.00504	0.00793	0.01092	0.01417	0.06196	0.51100	0.23077	0.03475	0.00755	0.00215	0.02807	0.03794	0.00489	0.00447
13	0.00757	0.00510	0.00593	0.00616	0.00622	0.00504	0.00358	0.00774	0.00827	0.01103	0.01932	0.18158	0.02255	0.66076	0.02344	0.00463	0.00481	0.00922	0.00358	0.00346
14	0.01164	0.01175	0.01833	0.13988	0.03976	0.01529	0.10071	0.01365	0.00925	0.01367	0.00797	0.01252	0.00723	0.00806	0.01401	0.00218	0.56067	0.00491	0.00241	0.00612
15	0.00781	0.00520	0.00585	0.00585	0.00585	0.00520	0.00325	0.00781	0.00781	0.01041	0.01691	0.03513	0.01952	0.81135	0.02732	0.00520	0.00520	0.00781	0.00325	0.00325
16	0.01270	0.01465	0.05523	0.02400	0.14588	0.01341	0.61697	0.01707	0.01255	0.01724	0.01070	0.01419	0.00816	0.00458	0.00613	0.00177	0.00859	0.00601	0.00269	0.00746
17	0.01410	0.61533	0.09430	0.00997	0.01454	0.01915	0.01008	0.07258	0.01199	0.01486	0.00950	0.01066	0.02739	0.00522	0.00433	0.00130	0.03447	0.00345	0.01977	0.00702
18	0.84927	0.01038	0.00789	0.00706	0.01038	0.01204	0.00581	0.01578	0.00914	0.02408	0.00747	0.00872	0.00581	0.00498	0.00332	0.00166	0.00415	0.00291	0.00332	0.00581
19	0.01218	0.25077	0.50219	0.01460	0.06638	0.03509	0.01635	0.01682	0.01137	0.01569	0.00901	0.01063	0.00693	0.00495	0.00463	0.00153	0.00726	0.00369	0.00231	0.00763

[dist]
# distance from previous block
# <min> <max>
0	1

[block]
# block no. 4 follows, 45 sequences, length 9
# corresponding to MSA columns:
# 325-333
name=unknown_E
#
# <colnr> <probs for GDERKNQSTAVLIFYWHMCP>
#	G	D	E	R	K	N	Q	S	T	A	V	L	I	F	Y	W	H	M	C	P
0	0.01091	0.00928	0.01081	0.00811	0.01241	0.00734	0.00639	0.01402	0.06094	0.01752	0.01195	0.07506	0.01070	0.00521	0.00430	0.00097	0.00392	0.00433	0.00347	0.72233
1	0.01765	0.01298	0.08842	0.04566	0.16240	0.01166	0.02751	0.17755	0.07312	0.26816	0.03240	0.03267	0.01206	0.00636	0.00542	0.00167	0.00561	0.00538	0.00481	0.00850
2	0.01535	0.05057	0.01343	0.01095	0.01412	0.09400	0.00865	0.15696	0.44418	0.04437	0.01781	0.01757	0.01356	0.03211	0.00590	0.00178	0.00514	0.00542	0.04012	0.00801
3	0.00688	0.00541	0.00612	0.00605	0.00746	0.00481	0.00442	0.00846	0.01247	0.01601	0.25110	0.07936	0.44594	0.08198	0.03772	0.00234	0.00334	0.01054	0.00502	0.00457
4	0.01385	0.00856	0.04344	0.00929	0.03097	0.00748	0.00748	0.04997	0.05707	0.25454	0.33100	0.03106	0.06416	0.00921	0.00595	0.00174	0.00391	0.05772	0.00574	0.00687
5	0.01113	0.00954	0.01113	0.00795	0.01272	0.00716	0.00636	0.01352	0.01113	0.01749	0.00954	0.01113	0.00795	0.00398	0.00398	0.00080	0.00398	0.00318	0.00318	0.84417
6	0.01236	0.00886	0.01089	0.01077	0.05612	0.00922	0.00798	0.19429	0.06882	0.05815	0.13027	0.13041	0.02488	0.08075	0.00808	0.00221	0.00464	0.16984	0.00503	0.00642
7	0.04147	0.00910	0.01186	0.00948	0.01314	0.00842	0.00776	0.05497	0.06220	0.57929	0.06829	0.02064	0.01600	0.00864	0.04050	0.00200	0.00491	0.02670	0.00617	0.00844
8	0.79171	0.01032	0.00845	0.06134	0.01220	0.01203	0.00644	0.01564	0.00924	0.02337	0.00762	0.00910	0.00591	0.00501	0.00346	0.00167	0.00436	0.00303	0.00326	0.00582

[dist]
# distance from previous block
# <min> <max>
0	6

[block]
# block no. 5 follows, 45 sequences, length 51
# corresponding to MSA columns:
# 340-349,366-406
name=unknown_F
#
# <colnr> <probs for GDERKNQSTAVLIFYWHMCP>
#	G	D	E	R	K	N	Q	S	T	A	V	L	I	F	Y	W	H	M	C	P
0	0.01440	0.71175	0.02616	0.00949	0.01387	0.04086	0.00915	0.01749	0.08822	0.01364	0.00895	0.00980	0.00786	0.00489	0.00369	0.00122	0.00569	0.00321	0.00263	0.00703
1	0.00864	0.00567	0.00742	0.00691	0.00833	0.00521	0.00521	0.01109	0.01495	0.06846	0.68548	0.06515	0.04699	0.01081	0.00623	0.00169	0.00268	0.00953	0.02425	0.00529
2	0.00826	0.00558	0.00701	0.00679	0.00820	0.00503	0.00504	0.01025	0.01379	0.06896	0.45509	0.16867	0.19279	0.01219	0.00636	0.00179	0.00280	0.01068	0.00562	0.00511
3	0.00722	0.00568	0.00667	0.00716	0.00870	0.00514	0.00580	0.00899	0.01227	0.01519	0.05886	0.08112	0.46276	0.01410	0.00675	0.00206	0.00354	0.27829	0.00499	0.00469
4	0.00767	0.00575	0.00863	0.00863	0.00959	0.00671	0.00671	0.00959	0.00863	0.01246	0.01438	0.02109	0.01342	0.04026	0.79008	0.00863	0.01438	0.00575	0.00288	0.00479
5	0.01399	0.01185	0.01250	0.01105	0.01420	0.01365	0.00865	0.09443	0.70123	0.02348	0.02104	0.01938	0.01573	0.00721	0.00545	0.00180	0.00440	0.00596	0.00545	0.00855
6	0.02408	0.00914	0.01246	0.00955	0.01370	0.00789	0.00789	0.02616	0.01536	0.78158	0.02118	0.01827	0.01329	0.00664	0.00540	0.00166	0.00457	0.00540	0.00664	0.00914
7	0.01467	0.77109	0.02742	0.00944	0.01393	0.06361	0.00925	0.01637	0.01114	0.01266	0.00751	0.00867	0.00689	0.00464	0.00352	0.00116	0.00596	0.00290	0.00232	0.00685
8	0.05231	0.28137	0.07124	0.02816	0.05792	0.15038	0.01060	0.21020	0.03774	0.01975	0.01000	0.01106	0.00795	0.00543	0.00450	0.00143	0.00649	0.00384	0.02218	0.00745
9	0.01122	0.02889	0.05921	0.55231	0.06646	0.01267	0.04057	0.05887	0.01162	0.01549	0.00981	0.01387	0.00751	0.00564	0.00615	0.00178	0.06189	0.00475	0.02487	0.00641
10	0.02005	0.02558	0.01521	0.01383	0.01659	0.78980	0.01037	0.02143	0.01521	0.01314	0.00830	0.00968	0.00691	0.00553	0.00484	0.00138	0.00968	0.00346	0.00277	0.00622
11	0.00736	0.00586	0.00666	0.00649	0.00814	0.00535	0.00494	0.01007	0.05968	0.01775	0.32707	0.04571	0.41673	0.01226	0.00634	0.00180	0.00285	0.04458	0.00537	0.00500
12	0.01174	0.01174	0.01644	0.01409	0.01409	0.01644	0.01174	0.01292	0.00822	0.01292	0.00705	0.01174	0.00705	0.00940	0.01762	0.00235	0.80153	0.00470	0.00235	0.00587
13	0.01725	0.01172	0.01252	0.00997	0.01330	0.01275	0.00811	0.50466	0.02057	0.05094	0.01457	0.01528	0.01070	0.00639	0.00486	0.00150	0.00480	0.00490	0.26735	0.00784
14	0.00760	0.00549	0.00718	0.00675	0.00802	0.00506	0.00506	0.01013	0.01519	0.02153	0.77503	0.04010	0.05065	0.01097	0.00633	0.00169	0.00253	0.00971	0.00591	0.00506
15	0.01497	0.65206	0.04806	0.01001	0.01444	0.09875	0.00962	0.04032	0.04396	0.01389	0.00839	0.00942	0.00736	0.00487	0.00378	0.00123	0.00615	0.00316	0.00257	0.00699
16	0.01077	0.02777	0.78354	0.01530	0.02323	0.01247	0.01983	0.01700	0.01133	0.01700	0.00963	0.01133	0.00680	0.00510	0.00510	0.00170	0.00793	0.00397	0.00227	0.00793
17	0.00692	0.00546	0.00623	0.00604	0.00760	0.00478	0.00453	0.00881	0.01359	0.01771	0.38360	0.04638	0.44446	0.01240	0.00634	0.00176	0.00263	0.01059	0.00541	0.00478
18	0.01207	0.01009	0.01071	0.00979	0.01250	0.01127	0.00756	0.02386	0.58381	0.03830	0.02771	0.06659	0.14503	0.00883	0.00568	0.00183	0.00394	0.00742	0.00538	0.00763
19	0.02934	0.38269	0.28932	0.01263	0.04115	0.07465	0.01326	0.05690	0.01211	0.01571	0.00865	0.01008	0.00701	0.00505	0.00456	0.00143	0.02212	0.00350	0.00252	0.00734
20	0.84927	0.01038	0.00789	0.00706	0.01038	0.01204	0.00581	0.01578	0.00914	0.02408	0.00747	0.00872	0.00581	0.00498	0.00332	0.00166	0.00415	0.00291	0.00332	0.00581
21	0.01077	0.02777	0.78354	0.01530	0.02323	0.01247	0.01983	0.01700	0.01133	0.01700	0.00963	0.01133	0.00680	0.00510	0.00510	0.00170	0.00793	0.00397	0.00227	0.00793
22	0.01014	0.00954	0.01610	0.79845	0.03697	0.01193	0.01491	0.01371	0.01073	0.01371	0.00954	0.01431	0.00716	0.00537	0.00537	0.00179	0.00716	0.00477	0.00239	0.00596
23	0.00711	0.00509	0.00639	0.00729	0.00793	0.00479	0.00499	0.03114	0.01100	0.01471	0.03117	0.66492	0.11326	0.01565	0.00661	0.00208	0.00313	0.01403	0.04414	0.00456
24	0.01335	0.01153	0.01214	0.01092	0.01396	0.01335	0.00850	0.02852	0.76817	0.02245	0.02185	0.02003	0.01639	0.00728	0.00546	0.00182	0.00425	0.00607	0.00546	0.00850
25	0.00666	0.00476	0.00635	0.00751	0.00789	0.00445	0.00509	0.00772	0.01059	0.01418	0.06816	0.74666	0.03616	0.01646	0.00684	0.00216	0.00314	0.03580	0.00503	0.00441
26	0.01674	0.01077	0.01224	0.01049	0.01388	0.01163	0.00830	0.02778	0.53047	0.26215	0.02164	0.01947	0.01541	0.00708	0.00544	0.00177	0.00435	0.00586	0.00584	0.00870
27	0.00662	0.00473	0.00632	0.00757	0.00792	0.00443	0.00513	0.00762	0.01036	0.01379	0.02954	0.77877	0.03532	0.01674	0.00687	0.00219	0.00319	0.04353	0.00498	0.00438
28	0.00932	0.00466	0.00699	0.00699	0.00699	0.00466	0.00466	0.00699	0.00699	0.00932	0.00932	0.01632	0.00932	0.01865	0.02098	0.84382	0.00466	0.00466	0.00233	0.00233
29	0.00781	0.00520	0.00585	0.00585	0.00585	0.00520	0.00325	0.00781	0.00781	0.01041	0.01691	0.03513	0.01952	0.81135	0.02732	0.00520	0.00520	0.00781	0.00325	0.00325
30	0.01695	0.01332	0.01416	0.01165	0.01533	0.01503	0.00937	0.40165	0.38918	0.02826	0.01728	0.01639	0.01268	0.00685	0.00541	0.00171	0.00509	0.00544	0.00541	0.00882
31	0.01002	0.00938	0.01565	0.73820	0.03493	0.01171	0.01435	0.01340	0.01064	0.01369	0.01041	0.05139	0.00848	0.00602	0.00580	0.00182	0.03048	0.00526	0.00251	0.00589
32	0.03466	0.64668	0.02522	0.01002	0.01423	0.16653	0.00933	0.01708	0.01168	0.01299	0.00762	0.00882	0.00687	0.00478	0.00371	0.00120	0.00645	0.00298	0.00241	0.00674
33	0.08850	0.01323	0.01512	0.06139	0.07483	0.04091	0.02513	0.41974	0.01943	0.12806	0.01412	0.01448	0.02950	0.00627	0.00519	0.00162	0.00573	0.00490	0.02361	0.00825
34	0.02012	0.02875	0.01459	0.01116	0.01517	0.01349	0.00918	0.43370	0.09489	0.24440	0.03228	0.01577	0.01195	0.00729	0.02035	0.00177	0.00545	0.00520	0.00564	0.00885
35	0.01055	0.00993	0.01393	0.01228	0.01249	0.01346	0.01001	0.01180	0.00828	0.01263	0.00940	0.01553	0.00937	0.07470	0.19009	0.00395	0.56846	0.00516	0.00253	0.00544
36	0.01470	0.76634	0.02734	0.00947	0.01395	0.06824	0.00926	0.01640	0.01117	0.01266	0.00751	0.00868	0.00689	0.00465	0.00353	0.00116	0.00598	0.00291	0.00232	0.00685
37	0.01077	0.02777	0.78354	0.01530	0.02323	0.01247	0.01983	0.01700	0.01133	0.01700	0.00963	0.01133	0.00680	0.00510	0.00510	0.00170	0.00793	0.00397	0.00227	0.00793
38	0.01435	0.81458	0.02813	0.00918	0.01378	0.02124	0.00918	0.01607	0.01091	0.01263	0.00746	0.00861	0.00689	0.00459	0.00344	0.00115	0.00574	0.00287	0.00230	0.00689
39	0.01798	0.01076	0.04915	0.02625	0.08246	0.00921	0.00908	0.08409	0.03904	0.37662	0.06642	0.01709	0.01363	0.00616	0.00516	0.00149	0.00479	0.00509	0.00514	0.17038
40	0.01355	0.01325	0.02153	0.03220	0.74824	0.04299	0.01624	0.01667	0.01234	0.01737	0.01003	0.01315	0.00844	0.00481	0.00530	0.00159	0.00651	0.00473	0.00266	0.00841
41	0.00654	0.00467	0.00623	0.00747	0.00779	0.00436	0.00498	0.00747	0.01028	0.01370	0.02959	0.80785	0.03550	0.01682	0.00685	0.00218	0.00311	0.01526	0.00498	0.00436
42	0.00654	0.00519	0.00589	0.00625	0.00751	0.00453	0.00448	0.00789	0.01190	0.01499	0.12317	0.30127	0.45267	0.01438	0.00651	0.00192	0.00283	0.01246	0.00508	0.00453
43	0.01833	0.05852	0.01625	0.01209	0.01606	0.06550	0.04454	0.47176	0.10258	0.06352	0.01401	0.03305	0.01052	0.00649	0.00526	0.00159	0.00586	0.00509	0.02371	0.02525
44	0.00945	0.00768	0.01133	0.12723	0.01490	0.00795	0.08357	0.09451	0.01200	0.01588	0.02192	0.37584	0.05234	0.12886	0.00939	0.00245	0.00493	0.01036	0.00415	0.00528
45	0.00660	0.00470	0.00621	0.00739	0.00769	0.00440	0.00490	0.00749	0.01015	0.01354	0.02896	0.76947	0.03471	0.05628	0.00787	0.00233	0.00322	0.01489	0.00490	0.00431
46	0.01928	0.03806	0.03436	0.01182	0.01601	0.01546	0.00995	0.61649	0.04530	0.07297	0.05538	0.01473	0.01174	0.00664	0.00536	0.00161	0.00564	0.00509	0.00531	0.00879
47	0.01333	0.06402	0.10798	0.04509	0.07596	0.05586	0.39326	0.02916	0.01256	0.05248	0.01115	0.03432	0.00879	0.00522	0.00589	0.00168	0.02365	0.00552	0.00293	0.05116
48	0.01353	0.02613	0.01298	0.04257	0.04887	0.13815	0.02376	0.08252	0.14558	0.04505	0.05844	0.06751	0.05052	0.00888	0.03118	0.00193	0.10027	0.00609	0.08939	0.00663
49	0.01191	0.00904	0.01080	0.00958	0.01192	0.00923	0.02404	0.22913	0.06300	0.02129	0.08267	0.27716	0.02355	0.03962	0.00677	0.00194	0.00439	0.06886	0.00490	0.09020
50	0.01078	0.00742	0.00909	0.00924	0.03034	0.00753	0.00653	0.15974	0.03602	0.06054	0.02447	0.52453	0.02681	0.02718	0.00666	0.00204	0.00389	0.01165	0.02975	0.00581

[dist]
# distance from previous block
# <min> <max>
0	63

[block]
# block no. 6 follows, 45 sequences, length 18
# corresponding to MSA columns:
# 499-516
name=unknown_G
#
# <colnr> <probs for GDERKNQSTAVLIFYWHMCP>
#	G	D	E	R	K	N	Q	S	T	A	V	L	I	F	Y	W	H	M	C	P
0	0.01182	0.00994	0.01445	0.02562	0.01499	0.00984	0.12296	0.06562	0.03932	0.05849	0.01615	0.15611	0.03422	0.00822	0.00719	0.00166	0.11552	0.03603	0.00383	0.24802
1	0.13120	0.05233	0.10371	0.02793	0.12490	0.12089	0.02095	0.07282	0.06708	0.04079	0.08507	0.01513	0.01255	0.00707	0.02069	0.01329	0.05489	0.00478	0.01698	0.00696
2	0.01389	0.01003	0.01123	0.00941	0.01201	0.01058	0.00733	0.34397	0.01699	0.02365	0.04462	0.15907	0.01659	0.06968	0.00777	0.02499	0.02527	0.00697	0.10243	0.08354
3	0.06968	0.00744	0.00892	0.00924	0.05427	0.03113	0.00638	0.03241	0.00992	0.01522	0.01466	0.07028	0.01421	0.16403	0.23420	0.03455	0.04917	0.00609	0.14266	0.02554
4	0.00658	0.00495	0.00603	0.00678	0.00756	0.00448	0.00465	0.00767	0.01097	0.01416	0.07005	0.52145	0.25172	0.04729	0.00750	0.00217	0.00306	0.01356	0.00496	0.00440
5	0.01113	0.00954	0.01113	0.00795	0.01272	0.00716	0.00636	0.01352	0.01113	0.01749	0.00954	0.01113	0.00795	0.00398	0.00398	0.00080	0.00398	0.00318	0.00318	0.84417
6	0.00917	0.00688	0.00900	0.00864	0.01004	0.00680	0.03822	0.11468	0.01349	0.01814	0.16447	0.38184	0.06962	0.06242	0.00780	0.00218	0.00389	0.06247	0.00500	0.00527
7	0.01160	0.00957	0.01110	0.00837	0.01257	0.00785	0.00661	0.09309	0.01255	0.01881	0.01222	0.10331	0.01126	0.00572	0.00446	0.00104	0.00408	0.00475	0.00362	0.65740
8	0.07408	0.00923	0.01212	0.00933	0.01346	0.00811	0.00770	0.02498	0.01480	0.70234	0.01984	0.01738	0.01260	0.00643	0.00521	0.00162	0.00452	0.00515	0.00629	0.04482
9	0.01973	0.01434	0.01554	0.01186	0.01620	0.01550	0.00978	0.66791	0.02365	0.05997	0.01290	0.01293	0.00918	0.00624	0.00525	0.00154	0.00569	0.00471	0.00523	0.08184
10	0.03089	0.15793	0.01650	0.01096	0.01463	0.07769	0.02858	0.32403	0.10380	0.04215	0.01542	0.01578	0.05672	0.00784	0.03626	0.00182	0.00601	0.00497	0.04034	0.00768
11	0.01814	0.04403	0.01424	0.01247	0.01520	0.63103	0.00945	0.04766	0.01503	0.01428	0.01362	0.01455	0.08856	0.00642	0.00495	0.00143	0.00846	0.00438	0.02998	0.00613
12	0.00865	0.00618	0.00865	0.00989	0.01112	0.00618	0.00865	0.01112	0.01236	0.01606	0.02842	0.06055	0.03089	0.01483	0.00741	0.00247	0.00494	0.74174	0.00494	0.00494
13	0.00767	0.00575	0.00863	0.00863	0.00959	0.00671	0.00671	0.00959	0.00863	0.01246	0.01438	0.02109	0.01342	0.04026	0.79008	0.00863	0.01438	0.00575	0.00288	0.00479
14	0.01027	0.00668	0.00888	0.00830	0.00879	0.06133	0.04466	0.00856	0.00788	0.01001	0.00933	0.01575	0.00909	0.01697	0.01905	0.73930	0.00525	0.00466	0.00238	0.00287
15	0.00778	0.00515	0.00591	0.00602	0.00617	0.00510	0.00354	0.00812	0.00858	0.01176	0.05256	0.11465	0.02228	0.65049	0.02301	0.00452	0.00472	0.00852	0.04757	0.00354
16	0.01762	0.01313	0.01358	0.01055	0.01454	0.06803	0.00855	0.40842	0.01922	0.08895	0.01292	0.01337	0.00948	0.00582	0.00487	0.00138	0.00531	0.00442	0.08296	0.19687
17	0.07142	0.02584	0.04768	0.01008	0.01371	0.02428	0.05842	0.03339	0.01109	0.03436	0.01142	0.06596	0.01019	0.00871	0.06977	0.00192	0.08559	0.00471	0.01969	0.39179

[dist]
# distance from previous block
# <min> <max>
0	23

[block]
# block no. 7 follows, 45 sequences, length 24
# corresponding to MSA columns:
# 540-563
name=unknown_H
#
# <colnr> <probs for GDERKNQSTAVLIFYWHMCP>
#	G	D	E	R	K	N	Q	S	T	A	V	L	I	F	Y	W	H	M	C	P
0	0.04837	0.18294	0.12440	0.02635	0.01633	0.01355	0.13635	0.01398	0.01023	0.01456	0.01117	0.06542	0.01055	0.07510	0.06844	0.00256	0.15279	0.00543	0.01528	0.00619
1	0.05110	0.11963	0.08286	0.07230	0.11110	0.10359	0.23714	0.03513	0.03633	0.01646	0.01033	0.03246	0.00851	0.00554	0.00600	0.00167	0.05497	0.00500	0.00282	0.00706
2	0.01490	0.01163	0.01414	0.01119	0.01460	0.01212	0.07881	0.40350	0.03321	0.02488	0.01975	0.09631	0.10872	0.06457	0.00717	0.00191	0.00532	0.00692	0.00473	0.06562
3	0.75621	0.00999	0.00803	0.00714	0.01036	0.01138	0.00585	0.01582	0.00982	0.05555	0.06148	0.01130	0.00925	0.00547	0.00362	0.00166	0.00406	0.00348	0.00364	0.00590
4	0.00819	0.06159	0.00770	0.00643	0.00699	0.00642	0.00418	0.00870	0.00851	0.01138	0.01812	0.06670	0.05009	0.57611	0.10970	0.00492	0.00601	0.00763	0.02681	0.00383
5	0.01447	0.63275	0.06080	0.01000	0.01431	0.11319	0.00968	0.01637	0.01131	0.01289	0.00809	0.00963	0.00728	0.00690	0.05155	0.00166	0.00685	0.00317	0.00239	0.00673
6	0.00643	0.00536	0.00562	0.00572	0.00735	0.00454	0.00423	0.00782	0.01220	0.01482	0.09250	0.12804	0.65940	0.01378	0.00640	0.00184	0.00275	0.01164	0.00504	0.00454
7	0.01055	0.00782	0.01119	0.38798	0.02174	0.00920	0.00966	0.04340	0.01147	0.01730	0.01313	0.01670	0.01016	0.00594	0.00506	0.00156	0.03174	0.00487	0.37488	0.00566
8	0.00958	0.00564	0.00676	0.00662	0.00767	0.00571	0.00483	0.05639	0.01152	0.01768	0.12109	0.11664	0.02044	0.02810	0.06145	0.15496	0.00404	0.00691	0.34930	0.00466
9	0.16730	0.01035	0.05840	0.00948	0.01358	0.00882	0.00829	0.02311	0.01389	0.56780	0.01840	0.01807	0.01237	0.00663	0.00511	0.00170	0.00472	0.03798	0.00572	0.00829
10	0.01014	0.00954	0.01610	0.79845	0.03697	0.01193	0.01491	0.01371	0.01073	0.01371	0.00954	0.01431	0.00716	0.00537	0.00537	0.00179	0.00716	0.00477	0.00239	0.00596
11	0.00739	0.00523	0.00674	0.00741	0.00833	0.00483	0.00541	0.00889	0.01180	0.03393	0.15856	0.44687	0.14868	0.01484	0.00673	0.00207	0.00323	0.10920	0.00517	0.00470
12	0.01357	0.03410	0.01629	0.03237	0.01510	0.04883	0.06151	0.03088	0.01029	0.11383	0.01028	0.01417	0.00886	0.03747	0.07122	0.00268	0.46415	0.00498	0.00309	0.00634
13	0.01101	0.00752	0.00894	0.06269	0.01150	0.03162	0.00644	0.06966	0.01427	0.12247	0.27345	0.13063	0.18733	0.03001	0.00659	0.00185	0.00379	0.00919	0.00525	0.00579
14	0.00744	0.00532	0.00680	0.02309	0.00872	0.01991	0.00537	0.00847	0.01055	0.03846	0.02851	0.75138	0.03368	0.01605	0.00674	0.00214	0.00337	0.01451	0.00494	0.00458
15	0.81012	0.04809	0.00884	0.00716	0.01054	0.01247	0.00597	0.01579	0.00922	0.02355	0.00747	0.00871	0.00586	0.00496	0.00333	0.00164	0.00423	0.00290	0.00327	0.00586
16	0.00772	0.00537	0.00682	0.00686	0.00721	0.00569	0.00450	0.00841	0.00817	0.01123	0.01646	0.05614	0.01795	0.51901	0.28953	0.00628	0.00830	0.00735	0.00318	0.00382
17	0.06580	0.35139	0.05730	0.01207	0.03995	0.07475	0.07409	0.12653	0.08440	0.01834	0.01114	0.01214	0.02097	0.00542	0.00445	0.00144	0.00611	0.00410	0.02230	0.00730
18	0.00740	0.00518	0.00584	0.00603	0.00693	0.00480	0.00410	0.00860	0.01089	0.01478	0.11809	0.18286	0.25102	0.22754	0.01174	0.00271	0.00341	0.01010	0.11371	0.00428
19	0.00956	0.00735	0.00973	0.02212	0.01050	0.00868	0.00720	0.06270	0.01057	0.01556	0.03055	0.06580	0.06032	0.03631	0.33811	0.00475	0.15447	0.00635	0.13408	0.00528
20	0.01391	0.01129	0.05839	0.00960	0.01297	0.01058	0.00804	0.29174	0.03435	0.04773	0.03374	0.01987	0.06586	0.10401	0.06839	0.00245	0.00571	0.00556	0.05237	0.14343
21	0.01486	0.01149	0.01381	0.01161	0.03331	0.01229	0.05394	0.39098	0.06157	0.02452	0.01760	0.13406	0.04635	0.08483	0.02158	0.00217	0.01838	0.00704	0.00471	0.03490
22	0.04060	0.10297	0.08435	0.07954	0.04585	0.02867	0.27756	0.15444	0.03149	0.01950	0.01265	0.06202	0.02370	0.00602	0.00551	0.00169	0.00704	0.00577	0.00336	0.00728
23	0.15477	0.38844	0.12992	0.01112	0.03351	0.09260	0.01060	0.01670	0.01103	0.03470	0.00823	0.00972	0.00691	0.00525	0.00498	0.00145	0.06729	0.00334	0.00263	0.00681

[dist]
# distance from previous block
# <min> <max>
4	16

[block]
# block no. 8 follows, 45 sequences, length 43
# corresponding to MSA columns:
# 580-599,603-607,609-626
name=unknown_I
#
# <colnr> <probs for GDERKNQSTAVLIFYWHMCP>
#	G	D	E	R	K	N	Q	S	T	A	V	L	I	F	Y	W	H	M	C	P
