[name]
unknown

[dist]
# distance from previous block
# <min> <max>
8	76

[block]
# block no. 0 follows, 48 sequences, length 30
# corresponding to MSA columns:
# 102-131
name=unknown_A
#
# <colnr> <probs for GDERKNQSTAVLIFYWHMCP>
#	G	D	E	R	K	N	Q	S	T	A	V	L	I	F	Y	W	H	M	C	P
0	0.06895	0.01333	0.08787	0.01174	0.07587	0.11635	0.00927	0.11900	0.05802	0.18269	0.03360	0.05436	0.01165	0.00618	0.00481	0.00148	0.00532	0.00491	0.05205	0.08254
1	0.12180	0.03231	0.02799	0.06679	0.10357	0.02939	0.00886	0.17849	0.03482	0.06686	0.10171	0.04160	0.01367	0.00611	0.00475	0.00145	0.00480	0.00495	0.00397	0.14612
2	0.04380	0.06120	0.04347	0.05689	0.25138	0.05477	0.02725	0.18306	0.03423	0.04322	0.01094	0.01273	0.02160	0.00564	0.00601	0.00155	0.08392	0.00442	0.00332	0.05060
3	0.07724	0.03259	0.01391	0.02424	0.09602	0.01150	0.03048	0.25773	0.05839	0.11308	0.01494	0.01523	0.06222	0.00587	0.00478	0.00142	0.00488	0.00473	0.00425	0.16650
4	0.04246	0.00875	0.01207	0.17472	0.11626	0.00915	0.00909	0.11774	0.01405	0.05683	0.28630	0.04371	0.02306	0.00737	0.00534	0.00157	0.00450	0.00639	0.00425	0.05639
5	0.01618	0.04076	0.01588	0.03841	0.32164	0.03513	0.01086	0.05772	0.01313	0.27548	0.02919	0.01551	0.01088	0.04703	0.00606	0.00167	0.00534	0.00483	0.00405	0.05025
6	0.00816	0.00643	0.00868	0.08640	0.05733	0.00634	0.00674	0.05683	0.01129	0.01514	0.05137	0.48034	0.08845	0.01238	0.00600	0.00185	0.00374	0.02544	0.00433	0.06276
7	0.01103	0.00913	0.01475	0.52721	0.02780	0.01026	0.05675	0.03359	0.01154	0.07859	0.08545	0.01609	0.01152	0.00561	0.00516	0.00160	0.00602	0.00502	0.00310	0.07979
8	0.01236	0.11919	0.37875	0.06012	0.03941	0.02657	0.04336	0.08238	0.01267	0.06966	0.08525	0.01406	0.01132	0.00555	0.00488	0.00154	0.00637	0.00449	0.00311	0.01896
9	0.01376	0.69586	0.02463	0.00884	0.01323	0.01874	0.00858	0.05994	0.01126	0.01373	0.00763	0.00871	0.00681	0.00444	0.00345	0.00109	0.00533	0.00288	0.00245	0.08863
10	0.00899	0.00491	0.00753	0.08435	0.00946	0.00513	0.00541	0.00731	0.00703	0.00932	0.00893	0.01541	0.00871	0.01659	0.01861	0.76836	0.00469	0.00447	0.00223	0.00256
11	0.01109	0.00919	0.01524	0.70338	0.05891	0.01105	0.01365	0.01435	0.01074	0.08871	0.01022	0.01401	0.00745	0.00523	0.00513	0.00169	0.00657	0.00462	0.00268	0.00608
12	0.01191	0.01796	0.28978	0.02134	0.26036	0.04348	0.19410	0.01629	0.02396	0.01619	0.00964	0.01222	0.00748	0.00491	0.00582	0.00164	0.04842	0.00462	0.00246	0.00744
13	0.01199	0.01101	0.01783	0.38186	0.37121	0.01219	0.01449	0.08777	0.01224	0.01662	0.00967	0.01311	0.00760	0.00498	0.00511	0.00161	0.00639	0.00457	0.00267	0.00708
14	0.02036	0.01299	0.01455	0.01115	0.01522	0.01387	0.00921	0.58832	0.02182	0.21784	0.01426	0.01358	0.00970	0.00621	0.00514	0.00155	0.00533	0.00475	0.00543	0.00873
15	0.01166	0.01133	0.01832	0.35664	0.44478	0.03936	0.01491	0.01481	0.01119	0.01508	0.00937	0.01299	0.00753	0.00483	0.00508	0.00159	0.00652	0.00452	0.00243	0.00703
16	0.01134	0.00910	0.01071	0.00769	0.01221	0.00688	0.00616	0.01361	0.01087	0.06063	0.00975	0.01103	0.00789	0.00394	0.00388	0.00081	0.00383	0.00316	0.00323	0.80328
17	0.00606	0.00520	0.00520	0.00520	0.00693	0.00433	0.00390	0.00736	0.01170	0.01386	0.05198	0.04938	0.78558	0.01299	0.00606	0.00173	0.00260	0.01083	0.00476	0.00433
18	0.01177	0.01028	0.01458	0.02597	0.04380	0.00879	0.12624	0.05205	0.01163	0.04113	0.00978	0.01158	0.00783	0.00427	0.00467	0.00106	0.02546	0.00378	0.00312	0.58223
19	0.01210	0.01059	0.01108	0.00822	0.01257	0.08373	0.00653	0.01427	0.01123	0.05591	0.00957	0.01085	0.00776	0.00407	0.00395	0.00086	0.00436	0.00317	0.00317	0.72600
20	0.85592	0.00992	0.00754	0.00675	0.00992	0.01151	0.00556	0.01508	0.00873	0.02302	0.00714	0.00834	0.00556	0.00476	0.00318	0.00159	0.00397	0.00278	0.00318	0.00556
21	0.56094	0.01117	0.01011	0.00838	0.01187	0.01258	0.00691	0.23833	0.01362	0.07046	0.00943	0.01004	0.00691	0.00527	0.00387	0.00157	0.00449	0.00346	0.00394	0.00668
22	0.01247	0.00984	0.01052	0.00927	0.01185	0.03448	0.00723	0.09670	0.39465	0.06731	0.21593	0.02466	0.06691	0.00804	0.00545	0.00167	0.00390	0.00674	0.00528	0.00710
23	0.00733	0.00550	0.00825	0.00825	0.00916	0.00641	0.00641	0.00916	0.00825	0.01191	0.01374	0.02016	0.01283	0.03848	0.79934	0.00825	0.01374	0.00550	0.00275	0.00458
24	0.01064	0.00912	0.01064	0.00760	0.01216	0.00684	0.00608	0.01292	0.01064	0.01672	0.00912	0.01064	0.00760	0.00380	0.00380	0.00076	0.00380	0.00304	0.00304	0.85104
25	0.02302	0.00873	0.01191	0.00913	0.01310	0.00754	0.00754	0.02501	0.01469	0.79122	0.02024	0.01746	0.01270	0.00635	0.00516	0.00159	0.00437	0.00516	0.00635	0.00873
26	0.01270	0.01219	0.02083	0.03149	0.78767	0.01219	0.01575	0.01575	0.01168	0.01676	0.00965	0.01270	0.00813	0.00457	0.00508	0.00152	0.00610	0.00457	0.00254	0.00813
27	0.01268	0.56033	0.24044	0.01105	0.01637	0.01760	0.04986	0.01566	0.01062	0.01345	0.00787	0.00924	0.00662	0.00452	0.00387	0.00128	0.00623	0.00320	0.00221	0.00688
28	0.01115	0.01110	0.01625	0.01451	0.05421	0.01494	0.04464	0.01255	0.00826	0.01274	0.00740	0.01187	0.00716	0.01003	0.05511	0.00249	0.69293	0.00461	0.00230	0.00575
29	0.00956	0.00478	0.00478	0.00478	0.00598	0.00478	0.00359	0.01196	0.01076	0.01913	0.01674	0.01913	0.01315	0.00598	0.00359	0.00120	0.00239	0.00478	0.84816	0.00478

[dist]
# distance from previous block
# <min> <max>
0	3

[block]
# block no. 1 follows, 48 sequences, length 42
# corresponding to MSA columns:
# 135-176
name=unknown_B
#
# <colnr> <probs for GDERKNQSTAVLIFYWHMCP>
#	G	D	E	R	K	N	Q	S	T	A	V	L	I	F	Y	W	H	M	C	P
0	0.01951	0.01437	0.01540	0.01181	0.01591	0.01591	0.00975	0.77056	0.02412	0.03234	0.01232	0.01232	0.00873	0.00616	0.00513	0.00154	0.00565	0.00462	0.00513	0.00873
1	0.01097	0.01197	0.07051	0.43512	0.07901	0.02965	0.12555	0.03418	0.01079	0.01445	0.00907	0.01297	0.00707	0.00553	0.00690	0.00176	0.12117	0.00469	0.00241	0.00624
2	0.00956	0.00478	0.00478	0.00478	0.00598	0.00478	0.00359	0.01196	0.01076	0.01913	0.01674	0.01913	0.01315	0.00598	0.00359	0.00120	0.00239	0.00478	0.84816	0.00478
3	0.85592	0.00992	0.00754	0.00675	0.00992	0.01151	0.00556	0.01508	0.00873	0.02302	0.00714	0.00834	0.00556	0.00476	0.00318	0.00159	0.00397	0.00278	0.00318	0.00556
4	0.00625	0.00447	0.00595	0.00714	0.00744	0.00417	0.00476	0.00714	0.00982	0.01310	0.02828	0.81633	0.03394	0.01608	0.00655	0.00208	0.00298	0.01459	0.00476	0.00417
5	0.00956	0.00478	0.00478	0.00478	0.00598	0.00478	0.00359	0.01196	0.01076	0.01913	0.01674	0.01913	0.01315	0.00598	0.00359	0.00120	0.00239	0.00478	0.84816	0.00478
6	0.01372	0.82276	0.02689	0.00878	0.01317	0.02030	0.00878	0.01536	0.01043	0.01207	0.00713	0.00823	0.00658	0.00439	0.00329	0.00110	0.00549	0.00274	0.00219	0.00658
7	0.01308	0.01118	0.01178	0.01051	0.01347	0.01291	0.00820	0.06274	0.74240	0.02198	0.02048	0.01882	0.01533	0.00692	0.00522	0.00173	0.00414	0.00574	0.00522	0.00815
8	0.00753	0.00692	0.06126	0.00868	0.01004	0.00679	0.00726	0.00964	0.00842	0.01220	0.01344	0.01953	0.01240	0.03621	0.74568	0.00780	0.01333	0.00538	0.00271	0.00478
9	0.00759	0.00588	0.00875	0.00860	0.00945	0.00704	0.00674	0.00938	0.00822	0.01194	0.01327	0.01955	0.01242	0.03649	0.74649	0.00784	0.06755	0.00543	0.00271	0.00465
10	0.00636	0.00521	0.00560	0.00550	0.00711	0.00446	0.00413	0.00793	0.01238	0.01549	0.23009	0.04669	0.60646	0.01239	0.00606	0.00170	0.00256	0.01045	0.00498	0.00446
11	0.02290	0.00892	0.01203	0.00922	0.01319	0.00782	0.00762	0.05017	0.01500	0.76561	0.01998	0.01729	0.01257	0.00634	0.00516	0.00159	0.00441	0.00514	0.00631	0.00873
12	0.01112	0.01108	0.01569	0.06709	0.01495	0.01542	0.01143	0.01240	0.00802	0.01240	0.00690	0.01139	0.00674	0.00872	0.01605	0.00221	0.75601	0.00450	0.00225	0.00562
13	0.00726	0.00524	0.00686	0.00646	0.00767	0.00484	0.00484	0.00968	0.01452	0.02058	0.78496	0.03833	0.04841	0.01049	0.00605	0.00161	0.00242	0.00928	0.00565	0.00484
14	0.01269	0.01250	0.01977	0.12936	0.64765	0.05706	0.01522	0.01568	0.01167	0.01606	0.00949	0.01263	0.00788	0.00468	0.00506	0.00154	0.00637	0.00450	0.00251	0.00769
15	0.01585	0.30295	0.10741	0.01157	0.01548	0.34289	0.01042	0.05925	0.06302	0.01446	0.00888	0.00989	0.00729	0.00508	0.00425	0.00132	0.00721	0.00340	0.00273	0.00665
16	0.02302	0.00873	0.01191	0.00913	0.01310	0.00754	0.00754	0.02501	0.01469	0.79122	0.02024	0.01746	0.01270	0.00635	0.00516	0.00159	0.00437	0.00516	0.00635	0.00873
17	0.00956	0.00478	0.00478	0.00478	0.00598	0.00478	0.00359	0.01196	0.01076	0.01913	0.01674	0.01913	0.01315	0.00598	0.00359	0.00120	0.00239	0.00478	0.84816	0.00478
18	0.02302	0.00873	0.01191	0.00913	0.01310	0.00754	0.00754	0.02501	0.01469	0.79122	0.02024	0.01746	0.01270	0.00635	0.00516	0.00159	0.00437	0.00516	0.00635	0.00873
19	0.00746	0.00497	0.00560	0.00560	0.00560	0.00497	0.00311	0.00746	0.00746	0.00995	0.01617	0.03358	0.01865	0.81967	0.02612	0.00497	0.00497	0.00746	0.00311	0.00311
20	0.00625	0.00447	0.00595	0.00714	0.00744	0.00417	0.00476	0.00714	0.00982	0.01310	0.02828	0.81633	0.03394	0.01608	0.00655	0.00208	0.00298	0.01459	0.00476	0.00417
21	0.85592	0.00992	0.00754	0.00675	0.00992	0.01151	0.00556	0.01508	0.00873	0.02302	0.00714	0.00834	0.00556	0.00476	0.00318	0.00159	0.00397	0.00278	0.00318	0.00556
22	0.01352	0.74658	0.04785	0.00981	0.01434	0.01958	0.06041	0.01546	0.01055	0.01248	0.00741	0.00868	0.00666	0.00440	0.00352	0.00115	0.00576	0.00300	0.00222	0.00663
23	0.85592	0.00992	0.00754	0.00675	0.00992	0.01151	0.00556	0.01508	0.00873	0.02302	0.00714	0.00834	0.00556	0.00476	0.00318	0.00159	0.00397	0.00278	0.00318	0.00556
24	0.00827	0.00591	0.00827	0.00945	0.01063	0.00591	0.00827	0.01063	0.01181	0.01536	0.02717	0.05788	0.02953	0.01417	0.00709	0.00236	0.00472	0.75313	0.00472	0.00472
25	0.01951	0.01437	0.01540	0.01181	0.01591	0.01591	0.00975	0.77056	0.02412	0.03234	0.01232	0.01232	0.00873	0.00616	0.00513	0.00154	0.00565	0.00462	0.00513	0.00873
26	0.01036	0.00980	0.01659	0.63567	0.20181	0.01158	0.01458	0.01369	0.01057	0.01392	0.00924	0.01346	0.00712	0.00501	0.00512	0.00167	0.00668	0.00456	0.00234	0.00624
27	0.00643	0.00521	0.00571	0.00559	0.00716	0.00449	0.00419	0.00808	0.01257	0.01593	0.27793	0.04597	0.55834	0.01222	0.00606	0.00170	0.00254	0.01035	0.00504	0.00449
28	0.05101	0.02574	0.75526	0.01425	0.02162	0.01190	0.01831	0.01619	0.01073	0.01658	0.00911	0.01071	0.00645	0.00487	0.00479	0.00162	0.00741	0.00374	0.00222	0.00749
29	0.13840	0.15133	0.07179	0.04461	0.02835	0.02737	0.06102	0.13192	0.07946	0.12799	0.07815	0.01457	0.01210	0.00581	0.00465	0.00152	0.00525	0.00462	0.00397	0.00711
30	0.00640	0.00456	0.00607	0.00724	0.00758	0.00429	0.00492	0.00735	0.00988	0.01315	0.02791	0.75402	0.03330	0.03615	0.00707	0.00217	0.00313	0.05594	0.00472	0.00417
31	0.01029	0.02654	0.79309	0.01462	0.02221	0.01192	0.01896	0.01625	0.01083	0.01625	0.00921	0.01083	0.00650	0.00487	0.00487	0.00162	0.00758	0.00379	0.00217	0.00758
32	0.01117	0.01065	0.06993	0.00916	0.03135	0.00766	0.02744	0.01406	0.02800	0.04292	0.00981	0.01121	0.00789	0.00407	0.00405	0.00092	0.00429	0.00334	0.00311	0.69898
33	0.00904	0.00732	0.01007	0.06206	0.02624	0.02053	0.06365	0.02976	0.07752	0.03852	0.37509	0.11240	0.11225	0.00988	0.00591	0.00171	0.00375	0.02396	0.00485	0.00548
34	0.00802	0.00541	0.00710	0.00658	0.00793	0.00497	0.00497	0.01042	0.01453	0.05768	0.74814	0.03732	0.04669	0.01029	0.00601	0.00161	0.00251	0.00908	0.00568	0.00503
35	0.01123	0.01123	0.01572	0.01347	0.01347	0.01572	0.01123	0.01235	0.00786	0.01235	0.00674	0.01123	0.00674	0.00898	0.01684	0.00225	0.81028	0.00449	0.00225	0.00561
36	0.85592	0.00992	0.00754	0.00675	0.00992	0.01151	0.00556	0.01508	0.00873	0.02302	0.00714	0.00834	0.00556	0.00476	0.00318	0.00159	0.00397	0.00278	0.00318	0.00556
37	0.00969	0.00912	0.01539	0.80734	0.03534	0.01140	0.01425	0.01311	0.01026	0.01311	0.00912	0.01368	0.00684	0.00513	0.00513	0.00171	0.00684	0.00456	0.00228	0.00570
38	0.73225	0.01061	0.04490	0.06701	0.01248	0.01142	0.00688	0.01524	0.00909	0.04129	0.00772	0.00908	0.00588	0.00484	0.00345	0.00160	0.00436	0.00302	0.00314	0.00574
39	0.00969	0.00912	0.01539	0.80734	0.03534	0.01140	0.01425	0.01311	0.01026	0.01311	0.00912	0.01368	0.00684	0.00513	0.00513	0.00171	0.00684	0.00456	0.00228	0.00570
40	0.03540	0.08502	0.01970	0.09560	0.50231	0.10970	0.02809	0.01635	0.03102	0.01578	0.00940	0.01204	0.00780	0.00475	0.00484	0.00149	0.00644	0.00427	0.00258	0.00741
41	0.01342	0.05675	0.16058	0.01167	0.03267	0.01025	0.08957	0.06825	0.09462	0.16673	0.08002	0.04824	0.05471	0.00678	0.00521	0.00158	0.00524	0.02042	0.00418	0.06910

[dist]
# distance from previous block
# <min> <max>
0	1

[block]
# block no. 2 follows, 48 sequences, length 51
# corresponding to MSA columns:
# 178-188,191-230
name=unknown_C
#
# <colnr> <probs for GDERKNQSTAVLIFYWHMCP>
#	G	D	E	R	K	N	Q	S	T	A	V	L	I	F	Y	W	H	M	C	P
0	0.12068	0.07393	0.02862	0.01060	0.01457	0.04466	0.00890	0.45887	0.07496	0.02649	0.01143	0.01174	0.00847	0.00565	0.00462	0.00145	0.00533	0.00414	0.00435	0.08055
1	0.01016	0.11462	0.04617	0.00876	0.01068	0.04211	0.00722	0.09352	0.01206	0.03266	0.02158	0.35972	0.03847	0.05081	0.00680	0.00201	0.00447	0.12861	0.00421	0.00535
2	0.01342	0.69570	0.10647	0.00992	0.01464	0.03493	0.03625	0.01560	0.01061	0.01267	0.00748	0.00872	0.00662	0.00446	0.00358	0.00118	0.00589	0.00298	0.00221	0.00669
3	0.01088	0.16395	0.66086	0.01362	0.02065	0.01336	0.01720	0.01610	0.01076	0.01553	0.00885	0.01038	0.00651	0.00479	0.00460	0.00153	0.00722	0.00361	0.00217	0.00741
4	0.01068	0.07813	0.01078	0.00911	0.01127	0.00951	0.00740	0.03650	0.28368	0.04515	0.02480	0.14652	0.08485	0.01046	0.00582	0.00189	0.00414	0.20833	0.00476	0.00622
5	0.00842	0.00714	0.01028	0.14776	0.01419	0.02845	0.00822	0.01039	0.00870	0.01212	0.01220	0.01831	0.01122	0.05210	0.54422	0.00627	0.08729	0.00524	0.00263	0.00486
6	0.00710	0.00488	0.00602	0.00655	0.00678	0.00480	0.00423	0.00766	0.00871	0.01160	0.02145	0.31709	0.02500	0.44324	0.03307	0.00377	0.00441	0.07614	0.00384	0.00366
7	0.85592	0.00992	0.00754	0.00675	0.00992	0.01151	0.00556	0.01508	0.00873	0.02302	0.00714	0.00834	0.00556	0.00476	0.00318	0.00159	0.00397	0.00278	0.00318	0.00556
8	0.00726	0.00524	0.00686	0.00646	0.00767	0.00484	0.00484	0.00968	0.01452	0.02058	0.78496	0.03833	0.04841	0.01049	0.00605	0.00161	0.00242	0.00928	0.00565	0.00484
9	0.00980	0.00889	0.01219	0.01089	0.01155	0.01154	0.00883	0.01248	0.07794	0.01411	0.11003	0.01784	0.01454	0.01696	0.22576	0.00374	0.41888	0.00550	0.00309	0.00546
10	0.01147	0.22469	0.43255	0.04996	0.04869	0.01417	0.11889	0.01589	0.01091	0.01510	0.00886	0.01078	0.00677	0.00468	0.00466	0.00151	0.00711	0.00390	0.00225	0.00718
11	0.01198	0.06341	0.45180	0.01694	0.08457	0.05926	0.17246	0.04999	0.01196	0.01661	0.00944	0.01145	0.00701	0.00479	0.00505	0.00159	0.00759	0.00428	0.00245	0.00739
12	0.00769	0.00614	0.00904	0.00893	0.01011	0.00599	0.07565	0.01042	0.07701	0.01526	0.11565	0.49826	0.03119	0.01334	0.00639	0.00200	0.00372	0.09362	0.00470	0.00490
13	0.00699	0.00499	0.00631	0.00712	0.00757	0.00480	0.00476	0.04113	0.01019	0.01356	0.02647	0.66512	0.04531	0.11897	0.00899	0.00242	0.00335	0.01315	0.00457	0.00424
14	0.00733	0.00550	0.00825	0.00825	0.00916	0.00641	0.00641	0.00916	0.00825	0.01191	0.01374	0.02016	0.01283	0.03848	0.79934	0.00825	0.01374	0.00550	0.00275	0.00458
15	0.02293	0.00888	0.01200	0.00920	0.01317	0.00776	0.00760	0.04427	0.01493	0.77162	0.02004	0.01733	0.01260	0.00635	0.00516	0.00159	0.00440	0.00515	0.00632	0.00873
16	0.01114	0.00934	0.01546	0.59652	0.13543	0.01088	0.01346	0.01434	0.01103	0.08096	0.04464	0.01497	0.00937	0.00540	0.00517	0.00167	0.00633	0.00482	0.00282	0.00626
17	0.01277	0.01262	0.01895	0.06096	0.61951	0.08220	0.01452	0.01562	0.01189	0.01611	0.01098	0.01632	0.00978	0.00549	0.00521	0.00159	0.00629	0.06893	0.00273	0.00754
18	0.01113	0.00933	0.01067	0.01140	0.09786	0.04276	0.00783	0.01819	0.32937	0.05275	0.05860	0.12310	0.13780	0.00927	0.00563	0.00177	0.00414	0.05706	0.00472	0.00662
19	0.01212	0.01449	0.12015	0.12130	0.28160	0.10501	0.06959	0.01588	0.05044	0.01573	0.01222	0.02717	0.04555	0.00539	0.00504	0.00151	0.00643	0.00481	0.00280	0.08276
20	0.01120	0.00910	0.01070	0.00767	0.01220	0.00687	0.00615	0.01347	0.01082	0.05176	0.00962	0.01095	0.00783	0.00392	0.00386	0.00080	0.00383	0.00314	0.00319	0.81293
21	0.00718	0.00524	0.00674	0.00637	0.00761	0.00481	0.00477	0.00952	0.01432	0.02010	0.73269	0.03912	0.10098	0.01067	0.00605	0.00162	0.00243	0.00939	0.00559	0.00481
22	0.01106	0.09319	0.61882	0.01510	0.03870	0.01267	0.09326	0.01634	0.01102	0.03022	0.00936	0.01108	0.00679	0.00480	0.00487	0.00159	0.00742	0.00397	0.00230	0.00746
23	0.85592	0.00992	0.00754	0.00675	0.00992	0.01151	0.00556	0.01508	0.00873	0.02302	0.00714	0.00834	0.00556	0.00476	0.00318	0.00159	0.00397	0.00278	0.00318	0.00556
24	0.02302	0.00873	0.01191	0.00913	0.01310	0.00754	0.00754	0.02501	0.01469	0.79122	0.02024	0.01746	0.01270	0.00635	0.00516	0.00159	0.00437	0.00516	0.00635	0.00873
25	0.01211	0.01384	0.03028	0.02163	0.02682	0.01298	0.76903	0.01644	0.01211	0.01644	0.01038	0.01384	0.00779	0.00433	0.00606	0.00173	0.00865	0.00606	0.00260	0.00692
26	0.00891	0.00446	0.00668	0.00668	0.00668	0.00446	0.00446	0.00668	0.00668	0.00891	0.00891	0.01560	0.00891	0.01783	0.02005	0.85071	0.00446	0.00446	0.00223	0.00223
27	0.01276	0.01102	0.01160	0.01044	0.01334	0.01276	0.00812	0.02727	0.77840	0.02146	0.02088	0.01914	0.01566	0.00696	0.00522	0.00174	0.00406	0.00580	0.00522	0.00812
28	0.85592	0.00992	0.00754	0.00675	0.00992	0.01151	0.00556	0.01508	0.00873	0.02302	0.00714	0.00834	0.00556	0.00476	0.00318	0.00159	0.00397	0.00278	0.00318	0.00556
29	0.00619	0.00520	0.00537	0.00533	0.00701	0.00439	0.00400	0.00761	0.01199	0.01456	0.12873	0.04822	0.70840	0.01273	0.00606	0.00172	0.00258	0.01067	0.00486	0.00439
30	0.00723	0.00524	0.00682	0.00642	0.00765	0.00483	0.00482	0.00962	0.01445	0.02040	0.76584	0.03862	0.06764	0.01056	0.00605	0.00162	0.00243	0.00932	0.00563	0.00483
31	0.01276	0.01102	0.01160	0.01044	0.01334	0.01276	0.00812	0.02727	0.77840	0.02146	0.02088	0.01914	0.01566	0.00696	0.00522	0.00174	0.00406	0.00580	0.00522	0.00812
32	0.04392	0.01167	0.01362	0.01149	0.01476	0.01314	0.07649	0.12149	0.58491	0.02247	0.01835	0.01740	0.01370	0.00654	0.00521	0.00171	0.00467	0.00556	0.00490	0.00800
33	0.00617	0.00520	0.00534	0.00531	0.00699	0.00438	0.00398	0.00756	0.01194	0.01444	0.11511	0.04843	0.72209	0.01278	0.00606	0.00172	0.00258	0.01070	0.00484	0.00438
34	0.02293	0.00888	0.01200	0.00920	0.01317	0.00775	0.00760	0.04393	0.01493	0.77196	0.02004	0.01733	0.01260	0.00635	0.00516	0.00159	0.00440	0.00515	0.00632	0.00873
35	0.00726	0.00588	0.00741	0.00828	0.07475	0.00533	0.00563	0.00921	0.01275	0.01671	0.31660	0.04285	0.38377	0.01144	0.00606	0.00172	0.00301	0.07155	0.00490	0.00488
36	0.01024	0.02504	0.72611	0.08290	0.02334	0.01187	0.01855	0.01598	0.01078	0.01598	0.00920	0.01108	0.00653	0.00490	0.00490	0.00163	0.00752	0.00386	0.00218	0.00742
37	0.00827	0.00591	0.00827	0.00945	0.01063	0.00591	0.00827	0.01063	0.01181	0.01536	0.02717	0.05788	0.02953	0.01417	0.00709	0.00236	0.00472	0.75313	0.00472	0.00472
38	0.00625	0.00447	0.00595	0.00714	0.00744	0.00417	0.00476	0.00714	0.00982	0.01310	0.02828	0.81633	0.03394	0.01608	0.00655	0.00208	0.00298	0.01459	0.00476	0.00417
39	0.01200	0.01368	0.12158	0.12839	0.59100	0.01205	0.01598	0.01548	0.01139	0.01623	0.00953	0.01258	0.00775	0.00468	0.00506	0.00156	0.00639	0.00447	0.00246	0.00775
40	0.02004	0.01216	0.01411	0.01138	0.03755	0.01274	0.00907	0.44411	0.07189	0.28926	0.01552	0.01454	0.01053	0.00623	0.00515	0.00157	0.00512	0.00488	0.00548	0.00867
41	0.49848	0.08301	0.01170	0.00944	0.02647	0.25138	0.00742	0.03202	0.01100	0.01899	0.00753	0.00877	0.00607	0.00492	0.00370	0.00146	0.00577	0.00301	0.00296	0.00587
42	0.00877	0.00691	0.01055	0.01242	0.10658	0.00682	0.04322	0.01117	0.01165	0.01536	0.02498	0.10865	0.04565	0.01266	0.00673	0.00219	0.00488	0.55123	0.00436	0.00519
43	0.00726	0.00524	0.00686	0.00646	0.00767	0.00484	0.00484	0.00968	0.01452	0.02058	0.78496	0.03833	0.04841	0.01049	0.00605	0.00161	0.00242	0.00928	0.00565	0.00484
44	0.01129	0.25910	0.56930	0.01292	0.01957	0.01437	0.01599	0.01599	0.01071	0.01503	0.00860	0.01007	0.00652	0.00473	0.00441	0.00147	0.00697	0.00349	0.00217	0.00729
45	0.13018	0.00889	0.01135	0.00882	0.01269	0.00805	0.00729	0.02373	0.01392	0.69238	0.01856	0.01629	0.01178	0.00615	0.00490	0.00159	0.00432	0.00485	0.00594	0.00832
46	0.00726	0.00524	0.00686	0.00646	0.00767	0.00484	0.00484	0.00968	0.01452	0.02058	0.78496	0.03833	0.04841	0.01049	0.00605	0.00161	0.00242	0.00928	0.00565	0.00484
47	0.00665	0.00522	0.00600	0.00581	0.00729	0.00458	0.00436	0.00849	0.01307	0.01712	0.40794	0.04401	0.42758	0.01178	0.00606	0.00167	0.00251	0.01008	0.00519	0.00458
48	0.00956	0.00478	0.00478	0.00478	0.00598	0.00478	0.00359	0.01196	0.01076	0.01913	0.01674	0.01913	0.01315	0.00598	0.00359	0.00120	0.00239	0.00478	0.84816	0.00478
49	0.00726	0.00524	0.00686	0.00646	0.00767	0.00484	0.00484	0.00968	0.01452	0.02058	0.78496	0.03833	0.04841	0.01049	0.00605	0.00161	0.00242	0.00928	0.00565	0.00484
50	0.01379	0.01305	0.02744	0.01970	0.02470	0.01214	0.65152	0.01776	0.01251	0.13600	0.01190	0.01440	0.00854	0.00464	0.00592	0.00171	0.00799	0.00592	0.00317	0.00720

[dist]
# distance from previous block
# <min> <max>
0	32

[block]
# block no. 3 follows, 48 sequences, length 22
# corresponding to MSA columns:
# 263-284
name=unknown_D
#
# <colnr> <probs for GDERKNQSTAVLIFYWHMCP>
#	G	D	E	R	K	N	Q	S	T	A	V	L	I	F	Y	W	H	M	C	P
0	0.01951	0.01437	0.01540	0.01181	0.01591	0.01591	0.00975	0.77056	0.02412	0.03234	0.01232	0.01232	0.00873	0.00616	0.00513	0.00154	0.00565	0.00462	0.00513	0.00873
1	0.01352	0.72153	0.02731	0.01039	0.01488	0.01939	0.10392	0.01550	0.01064	0.01262	0.00754	0.00893	0.00673	0.00438	0.00364	0.00118	0.00588	0.00316	0.00224	0.00663
2	0.01057	0.01258	0.16583	0.00899	0.01415	0.00785	0.00863	0.01358	0.01068	0.01663	0.00914	0.01068	0.00738	0.00401	0.00401	0.00093	0.00455	0.00319	0.00287	0.68375
3	0.03624	0.42515	0.25697	0.01163	0.03393	0.11537	0.01210	0.03017	0.01130	0.01418	0.00802	0.00933	0.00661	0.00470	0.00401	0.00132	0.00657	0.00321	0.00233	0.00685
4	0.01389	0.68474	0.09221	0.00967	0.01419	0.08691	0.00976	0.01588	0.01082	0.01248	0.00738	0.00854	0.00658	0.00451	0.00354	0.00116	0.00599	0.00288	0.00223	0.00662
5	0.01092	0.00909	0.01468	0.66903	0.03141	0.01067	0.01296	0.01412	0.01068	0.08070	0.01008	0.01374	0.00741	0.00512	0.00502	0.00162	0.00636	0.00448	0.00270	0.07921
6	0.00729	0.00523	0.00680	0.07596	0.00927	0.00532	0.00512	0.00811	0.00893	0.01182	0.02087	0.31572	0.02407	0.39018	0.01561	0.00343	0.00440	0.07425	0.00377	0.00385
7	0.03353	0.01151	0.01361	0.01161	0.04747	0.01251	0.00904	0.26843	0.19782	0.24487	0.01593	0.01526	0.01125	0.00655	0.00613	0.00166	0.07447	0.00501	0.00510	0.00823
8	0.01108	0.00911	0.01069	0.00765	0.01219	0.00686	0.00613	0.01335	0.01078	0.04429	0.00952	0.01088	0.00778	0.00389	0.00385	0.00079	0.00382	0.00312	0.00316	0.82106
9	0.01053	0.01007	0.01631	0.59287	0.19661	0.03136	0.01426	0.01378	0.01073	0.01396	0.00981	0.01483	0.00787	0.00532	0.00517	0.00168	0.00667	0.02954	0.00243	0.00620
10	0.01064	0.00912	0.01064	0.00760	0.01216	0.00684	0.00608	0.01292	0.01064	0.01672	0.00912	0.01064	0.00760	0.00380	0.00380	0.00076	0.00380	0.00304	0.00304	0.85104
11	0.00702	0.00531	0.00653	0.00645	0.00781	0.00482	0.00498	0.00910	0.01332	0.01788	0.46710	0.04414	0.27035	0.01171	0.00619	0.00174	0.00276	0.10284	0.00526	0.00467
12	0.00645	0.00462	0.00613	0.00701	0.00749	0.00430	0.00478	0.00765	0.01076	0.01458	0.17836	0.66202	0.03681	0.01497	0.00645	0.00199	0.00287	0.01353	0.00494	0.00430
13	0.02302	0.00873	0.01191	0.00913	0.01310	0.00754	0.00754	0.02501	0.01469	0.79122	0.02024	0.01746	0.01270	0.00635	0.00516	0.00159	0.00437	0.00516	0.00635	0.00873
14	0.01022	0.00945	0.01473	0.66939	0.03153	0.01164	0.01319	0.01556	0.14324	0.01456	0.01116	0.01463	0.00837	0.00545	0.00515	0.00172	0.00636	0.00477	0.00279	0.00612
15	0.01361	0.01144	0.01208	0.01061	0.01366	0.01316	0.00833	0.12028	0.68401	0.02282	0.01981	0.01829	0.01479	0.00686	0.00521	0.00172	0.00426	0.00565	0.00521	0.00820
16	0.00969	0.00817	0.01030	0.10740	0.01395	0.00692	0.00680	0.01215	0.01155	0.01722	0.20022	0.01784	0.01756	0.00561	0.00452	0.00109	0.00384	0.00477	0.00359	0.53683
17	0.01104	0.18899	0.61701	0.01361	0.02048	0.01366	0.03599	0.01607	0.01078	0.01540	0.00881	0.01038	0.00655	0.00476	0.00458	0.00152	0.00718	0.00364	0.00218	0.00736
18	0.01097	0.18446	0.64112	0.01347	0.02042	0.01358	0.01694	0.01607	0.01075	0.01542	0.00880	0.01032	0.00652	0.00478	0.00456	0.00152	0.00717	0.00358	0.00217	0.00739
19	0.00680	0.00523	0.00621	0.00597	0.00738	0.00464	0.00447	0.00878	0.01342	0.01797	0.50009	0.04262	0.33492	0.01146	0.00606	0.00166	0.00249	0.00988	0.00530	0.00464
20	0.00643	0.00482	0.00598	0.00664	0.00743	0.00443	0.00466	0.00760	0.01063	0.01386	0.09895	0.47636	0.22645	0.04051	0.03805	0.00229	0.00336	0.03258	0.00471	0.00427
21	0.02166	0.00996	0.01316	0.01123	0.07028	0.00933	0.00852	0.15339	0.01610	0.60316	0.01810	0.01622	0.01168	0.00619	0.00515	0.00157	0.00471	0.00502	0.00586	0.00869

[dist]
# distance from previous block
# <min> <max>
0	8

[block]
# block no. 4 follows, 48 sequences, length 87
# corresponding to MSA columns:
# 293-379
name=unknown_E
#
# <colnr> <probs for GDERKNQSTAVLIFYWHMCP>
#	G	D	E	R	K	N	Q	S	T	A	V	L	I	F	Y	W	H	M	C	P
0	0.02272	0.00921	0.01220	0.00936	0.01334	0.00825	0.00773	0.08806	0.01548	0.72704	0.01957	0.01703	0.01237	0.00633	0.00516	0.00158	0.00447	0.00511	0.00625	0.00873
1	0.01160	0.01107	0.01883	0.31574	0.51203	0.01190	0.01520	0.01478	0.01116	0.01542	0.00946	0.01306	0.00766	0.00478	0.00510	0.00159	0.00637	0.00457	0.00244	0.00724
2	0.85592	0.00992	0.00754	0.00675	0.00992	0.01151	0.00556	0.01508	0.00873	0.02302	0.00714	0.00834	0.00556	0.00476	0.00318	0.00159	0.00397	0.00278	0.00318	0.00556
3	0.00726	0.00524	0.00686	0.00646	0.00767	0.00484	0.00484	0.00968	0.01452	0.02058	0.78496	0.03833	0.04841	0.01049	0.00605	0.00161	0.00242	0.00928	0.00565	0.00484
4	0.01270	0.01219	0.02083	0.03149	0.78767	0.01219	0.01575	0.01575	0.01168	0.01676	0.00965	0.01270	0.00813	0.00457	0.00508	0.00152	0.00610	0.00457	0.00254	0.00813
5	0.01064	0.00912	0.01064	0.00760	0.01216	0.00684	0.00608	0.01292	0.01064	0.01672	0.00912	0.01064	0.00760	0.00380	0.00380	0.00076	0.00380	0.00304	0.00304	0.85104
6	0.01410	0.01122	0.01201	0.01050	0.01359	0.01275	0.00825	0.10281	0.65339	0.07116	0.01997	0.01834	0.01477	0.00684	0.00521	0.00171	0.00424	0.00564	0.00528	0.00822
7	0.00625	0.00447	0.00595	0.00714	0.00744	0.00417	0.00476	0.00714	0.00982	0.01310	0.02828	0.81633	0.03394	0.01608	0.00655	0.00208	0.00298	0.01459	0.00476	0.00417
8	0.01951	0.01437	0.01540	0.01181	0.01591	0.01591	0.00975	0.77056	0.02412	0.03234	0.01232	0.01232	0.00873	0.00616	0.00513	0.00154	0.00565	0.00462	0.00513	0.00873
9	0.01064	0.00912	0.01064	0.00760	0.01216	0.00684	0.00608	0.01292	0.01064	0.01672	0.00912	0.01064	0.00760	0.00380	0.00380	0.00076	0.00380	0.00304	0.00304	0.85104
10	0.01917	0.02445	0.01454	0.01322	0.01586	0.79907	0.00991	0.02049	0.01454	0.01256	0.00793	0.00925	0.00661	0.00529	0.00463	0.00132	0.00925	0.00330	0.00264	0.00595
11	0.00625	0.00447	0.00595	0.00714	0.00744	0.00417	0.00476	0.00714	0.00982	0.01310	0.02828	0.81633	0.03394	0.01608	0.00655	0.00208	0.00298	0.01459	0.00476	0.00417
12	0.01837	0.12195	0.03297	0.01239	0.01567	0.51796	0.00993	0.17977	0.01599	0.01680	0.00880	0.00981	0.00706	0.00535	0.00457	0.00135	0.00798	0.00353	0.00311	0.00666
13	0.01137	0.00956	0.01041	0.00944	0.01191	0.01076	0.00729	0.02283	0.58562	0.02124	0.21371	0.02399	0.02393	0.00785	0.00543	0.00171	0.00365	0.00668	0.00533	0.00729
14	0.00625	0.00447	0.00595	0.00714	0.00744	0.00417	0.00476	0.00714	0.00982	0.01310	0.02828	0.81633	0.03394	0.01608	0.00655	0.00208	0.00298	0.01459	0.00476	0.00417
15	0.02128	0.01125	0.09736	0.01000	0.01438	0.00887	0.00901	0.09997	0.01523	0.62952	0.01823	0.01622	0.01162	0.00617	0.00513	0.00159	0.00485	0.00496	0.00577	0.00861
16	0.00743	0.00861	0.13620	0.00858	0.01030	0.00609	0.00735	0.01012	0.06335	0.01420	0.02488	0.58210	0.04417	0.02918	0.00656	0.00204	0.00387	0.02564	0.00433	0.00500
17	0.00712	0.00524	0.00667	0.00631	0.00758	0.00478	0.00473	0.00942	0.01420	0.01980	0.70050	0.03960	0.13336	0.01078	0.00605	0.00163	0.00244	0.00946	0.00555	0.00478
18	0.01029	0.02654	0.79309	0.01462	0.02221	0.01192	0.01896	0.01625	0.01083	0.01625	0.00921	0.01083	0.00650	0.00487	0.00487	0.00162	0.00758	0.00379	0.00217	0.00758
19	0.02230	0.00932	0.02842	0.00935	0.01336	0.00801	0.00785	0.04153	0.04293	0.72964	0.01986	0.01727	0.01259	0.00634	0.00516	0.00159	0.00445	0.00514	0.00619	0.00869
20	0.01928	0.00911	0.01245	0.14094	0.01668	0.00885	0.00870	0.10274	0.01464	0.52650	0.01811	0.07171	0.01278	0.00680	0.00525	0.00164	0.00482	0.00566	0.00544	0.00791
21	0.76430	0.03379	0.00931	0.02439	0.01135	0.02622	0.03685	0.01520	0.00906	0.02204	0.00733	0.00868	0.00572	0.00475	0.00336	0.00158	0.00436	0.00296	0.00309	0.00565
22	0.00710	0.00512	0.00671	0.00657	0.00763	0.00473	0.00483	0.00926	0.01375	0.01934	0.66015	0.16666	0.04603	0.01141	0.00613	0.00169	0.00251	0.01015	0.00550	0.00473
23	0.01270	0.01219	0.02083	0.03149	0.78767	0.01219	0.01575	0.01575	0.01168	0.01676	0.00965	0.01270	0.00813	0.00457	0.00508	0.00152	0.00610	0.00457	0.00254	0.00813
24	0.00999	0.00944	0.01589	0.72111	0.10317	0.01156	0.01433	0.01333	0.01034	0.01343	0.00912	0.01354	0.00695	0.00516	0.00536	0.00170	0.02280	0.00456	0.00230	0.00592
25	0.00629	0.00460	0.00592	0.00687	0.00740	0.00423	0.00467	0.00733	0.01034	0.01366	0.07886	0.67619	0.12406	0.01536	0.00646	0.00201	0.00290	0.01381	0.00482	0.00423
26	0.00625	0.00447	0.00595	0.00714	0.00744	0.00417	0.00476	0.00714	0.00982	0.01310	0.02828	0.81633	0.03394	0.01608	0.00655	0.00208	0.00298	0.01459	0.00476	0.00417
27	0.00746	0.00497	0.00560	0.00560	0.00560	0.00497	0.00311	0.00746	0.00746	0.00995	0.01617	0.03358	0.01865	0.81967	0.02612	0.00497	0.00497	0.00746	0.00311	0.00311
28	0.00874	0.00488	0.00488	0.00488	0.00620	0.00468	0.00366	0.01088	0.01098	0.01790	0.02500	0.02622	0.19416	0.00762	0.00417	0.00132	0.00244	0.00620	0.65053	0.00468
29	0.85592	0.00992	0.00754	0.00675	0.00992	0.01151	0.00556	0.01508	0.00873	0.02302	0.00714	0.00834	0.00556	0.00476	0.00318	0.00159	0.00397	0.00278	0.00318	0.00556
30	0.00726	0.00524	0.00686	0.00646	0.00767	0.00484	0.00484	0.00968	0.01452	0.02058	0.78496	0.03833	0.04841	0.01049	0.00605	0.00161	0.00242	0.00928	0.00565	0.00484
31	0.85592	0.00992	0.00754	0.00675	0.00992	0.01151	0.00556	0.01508	0.00873	0.02302	0.00714	0.00834	0.00556	0.00476	0.00318	0.00159	0.00397	0.00278	0.00318	0.00556
32	0.00956	0.00478	0.00478	0.00478	0.00598	0.00478	0.00359	0.01196	0.01076	0.01913	0.01674	0.01913	0.01315	0.00598	0.00359	0.00120	0.00239	0.00478	0.84816	0.00478
33	0.01391	0.01300	0.02725	0.01956	0.02455	0.01208	0.64343	0.01785	0.01254	0.14423	0.01201	0.01444	0.00860	0.00466	0.00591	0.00171	0.00794	0.00591	0.00321	0.00722
34	0.00726	0.00524	0.00686	0.00646	0.00767	0.00484	0.00484	0.00968	0.01452	0.02058	0.78496	0.03833	0.04841	0.01049	0.00605	0.00161	0.00242	0.00928	0.00565	0.00484
35	0.01286	0.01389	0.02876	0.02063	0.02571	0.01327	0.69172	0.09322	0.01333	0.01806	0.01058	0.01369	0.00788	0.00451	0.00596	0.00171	0.00834	0.00591	0.00285	0.00710
36	0.02302	0.00873	0.01191	0.00913	0.01310	0.00754	0.00754	0.02501	0.01469	0.79122	0.02024	0.01746	0.01270	0.00635	0.00516	0.00159	0.00437	0.00516	0.00635	0.00873
37	0.00625	0.00447	0.00595	0.00714	0.00744	0.00417	0.00476	0.00714	0.00982	0.01310	0.02828	0.81633	0.03394	0.01608	0.00655	0.00208	0.00298	0.01459	0.00476	0.00417
38	0.00969	0.00912	0.01539	0.80734	0.03534	0.01140	0.01425	0.01311	0.01026	0.01311	0.00912	0.01368	0.00684	0.00513	0.00513	0.00171	0.00684	0.00456	0.00228	0.00570
39	0.01994	0.01367	0.01497	0.01147	0.01556	0.01487	0.00948	0.67802	0.02295	0.12653	0.01330	0.01296	0.00922	0.00618	0.00514	0.00155	0.00549	0.00469	0.00528	0.00873
40	0.00711	0.00524	0.00665	0.00630	0.00757	0.00478	0.00472	0.00939	0.01417	0.01973	0.69252	0.03972	0.14138	0.01081	0.00605	0.00163	0.00244	0.00947	0.00554	0.00478
41	0.01029	0.02654	0.79309	0.01462	0.02221	0.01192	0.01896	0.01625	0.01083	0.01625	0.00921	0.01083	0.00650	0.00487	0.00487	0.00162	0.00758	0.00379	0.00217	0.00758
42	0.01187	0.01184	0.02019	0.02097	0.29823	0.01226	0.19304	0.01466	0.01074	0.01568	0.00908	0.01229	0.00764	0.00538	0.00775	0.00161	0.18798	0.00465	0.00257	0.15159
43	0.00926	0.00833	0.01194	0.01083	0.01129	0.01101	0.00879	0.01074	0.00805	0.01213	0.01028	0.01574	0.00982	0.02390	0.41254	0.00528	0.40749	0.00500	0.00250	0.00509
44	0.00625	0.00447	0.00595	0.00714	0.00744	0.00417	0.00476	0.00714	0.00982	0.01310	0.02828	0.81633	0.03394	0.01608	0.00655	0.00208	0.00298	0.01459	0.00476	0.00417
45	0.37889	0.01749	0.01211	0.01099	0.02771	0.40906	0.03005	0.03145	0.01209	0.01760	0.00777	0.00911	0.00626	0.00504	0.00406	0.00146	0.00684	0.00320	0.00291	0.00590
46	0.00637	0.00452	0.00592	0.00699	0.00725	0.00425	0.00459	0.00718	0.00958	0.01278	0.02705	0.73662	0.03238	0.09790	0.00854	0.00238	0.00318	0.01386	0.00459	0.00406
47	0.01149	0.30477	0.52534	0.01258	0.01905	0.01485	0.01540	0.01594	0.01069	0.01479	0.00848	0.00992	0.00653	0.00471	0.00432	0.00144	0.00685	0.00343	0.00218	0.00723
48	0.01270	0.01219	0.02083	0.03149	0.78767	0.01219	0.01575	0.01575	0.01168	0.01676	0.00965	0.01270	0.00813	0.00457	0.00508	0.00152	0.00610	0.00457	0.00254	0.00813
49	0.00625	0.00447	0.00595	0.00714	0.00744	0.00417	0.00476	0.00714	0.00982	0.01310	0.02828	0.81633	0.03394	0.01608	0.00655	0.00208	0.00298	0.01459	0.00476	0.00417
50	0.00733	0.00550	0.00825	0.00825	0.00916	0.00641	0.00641	0.00916	0.00825	0.01191	0.01374	0.02016	0.01283	0.03848	0.79934	0.00825	0.01374	0.00550	0.00275	0.00458
51	0.00726	0.00524	0.00686	0.00646	0.00767	0.00484	0.00484	0.00968	0.01452	0.02058	0.78496	0.03833	0.04841	0.01049	0.00605	0.00161	0.00242	0.00928	0.00565	0.00484
52	0.00658	0.00470	0.00634	0.00752	0.00797	0.00445	0.00534	0.00772	0.01015	0.01347	0.02810	0.69122	0.03321	0.01576	0.00664	0.00213	0.00327	0.13641	0.00476	0.00426
53	0.85592	0.00992	0.00754	0.00675	0.00992	0.01151	0.00556	0.01508	0.00873	0.02302	0.00714	0.00834	0.00556	0.00476	0.00318	0.00159	0.00397	0.00278	0.00318	0.00556
54	0.01220	0.01043	0.01112	0.01004	0.01276	0.01196	0.00779	0.02548	0.70062	0.02137	0.09869	0.02110	0.01900	0.00732	0.00531	0.00173	0.00389	0.00616	0.00526	0.00779
55	0.01917	0.02445	0.01454	0.01322	0.01586	0.79907	0.00991	0.02049	0.01454	0.01256	0.00793	0.00925	0.00661	0.00529	0.00463	0.00132	0.00925	0.00330	0.00264	0.00595
56	0.00956	0.00478	0.00478	0.00478	0.00598	0.00478	0.00359	0.01196	0.01076	0.01913	0.01674	0.01913	0.01315	0.00598	0.00359	0.00120	0.00239	0.00478	0.84816	0.00478
57	0.00817	0.00620	0.00764	0.00711	0.00860	0.00615	0.00538	0.01258	0.14052	0.02072	0.65893	0.03516	0.04301	0.00991	0.00591	0.00163	0.00269	0.00871	0.00558	0.00538
58	0.01372	0.82276	0.02689	0.00878	0.01317	0.02030	0.00878	0.01536	0.01043	0.01207	0.00713	0.00823	0.00658	0.00439	0.00329	0.00110	0.00549	0.00274	0.00219	0.00658
59	0.01917	0.02445	0.01454	0.01322	0.01586	0.79907	0.00991	0.02049	0.01454	0.01256	0.00793	0.00925	0.00661	0.00529	0.00463	0.00132	0.00925	0.00330	0.00264	0.00595
60	0.85592	0.00992	0.00754	0.00675	0.00992	0.01151	0.00556	0.01508	0.00873	0.02302	0.00714	0.00834	0.00556	0.00476	0.00318	0.00159	0.00397	0.00278	0.00318	0.00556
61	0.01202	0.01049	0.01245	0.14217	0.04386	0.01158	0.00909	0.03520	0.48314	0.01932	0.01643	0.01647	0.01247	0.00603	0.00496	0.00156	0.00457	0.00507	0.00428	0.14884
62	0.00953	0.00884	0.01477	0.67689	0.07999	0.01071	0.01338	0.01267	0.01031	0.01334	0.01110	0.09535	0.00968	0.00621	0.00527	0.00174	0.00640	0.00558	0.00255	0.00570
63	0.01143	0.09805	0.62270	0.03140	0.02135	0.01247	0.05353	0.01662	0.01107	0.06118	0.00972	0.01119	0.00694	0.00490	0.00481	0.00158	0.00724	0.00390	0.00244	0.00749
64	0.71753	0.01045	0.00860	0.00750	0.01075	0.01204	0.00615	0.09278	0.05888	0.02387	0.00854	0.00942	0.00652	0.00504	0.00350	0.00159	0.00415	0.00316	0.00350	0.00604
65	0.00637	0.00452	0.00592	0.00699	0.00725	0.00425	0.00459	0.00718	0.00958	0.01278	0.02705	0.73662	0.03238	0.09790	0.00854	0.00238	0.00318	0.01386	0.00459	0.00406
66	0.01350	0.59152	0.12066	0.01100	0.01584	0.01825	0.08750	0.06325	0.01151	0.01431	0.00805	0.00938	0.00683	0.00455	0.00388	0.00125	0.00608	0.00333	0.00242	0.00688
67	0.01270	0.01219	0.02083	0.03149	0.78767	0.01219	0.01575	0.01575	0.01168	0.01676	0.00965	0.01270	0.00813	0.00457	0.00508	0.00152	0.00610	0.00457	0.00254	0.00813
68	0.00746	0.00497	0.00560	0.00560	0.00560	0.00497	0.00311	0.00746	0.00746	0.00995	0.01617	0.03358	0.01865	0.81967	0.02612	0.00497	0.00497	0.00746	0.00311	0.00311
69	0.00623	0.00454	0.00588	0.00695	0.00739	0.00418	0.00468	0.00717	0.01001	0.01318	0.03069	0.73823	0.11047	0.01576	0.00650	0.00205	0.00294	0.01420	0.00476	0.00418
70	0.01302	0.01454	0.06919	0.10337	0.48884	0.11317	0.09176	0.01620	0.01190	0.01580	0.00942	0.01235	0.00767	0.00471	0.00511	0.00154	0.00693	0.00451	0.00251	0.00745
71	0.02107	0.00929	0.01147	0.00919	0.01270	0.05716	0.00741	0.02290	0.01418	0.66284	0.02028	0.09829	0.01448	0.00727	0.00527	0.00162	0.00453	0.00600	0.00596	0.00809
72	0.02266	0.00931	0.01226	0.00940	0.01338	0.00839	0.00777	0.10092	0.01565	0.71395	0.01944	0.01694	0.01230	0.00633	0.00516	0.00158	0.00450	0.00510	0.00623	0.00873
73	0.01951	0.01437	0.01540	0.01181	0.01591	0.01591	0.00975	0.77056	0.02412	0.03234	0.01232	0.01232	0.00873	0.00616	0.00513	0.00154	0.00565	0.00462	0.00513	0.00873
74	0.01600	0.08427	0.15700	0.01381	0.08857	0.07203	0.01169	0.35107	0.10210	0.03599	0.01183	0.01236	0.00877	0.00566	0.00490	0.00152	0.00609	0.00435	0.00396	0.00801
75	0.01255	0.20124	0.45951	0.04514	0.01966	0.10689	0.01497	0.05572	0.01185	0.01560	0.00876	0.01026	0.00666	0.00489	0.00452	0.00147	0.00719	0.00358	0.00239	0.00715
76	0.01064	0.00912	0.01064	0.00760	0.01216	0.00684	0.00608	0.01292	0.01064	0.01672	0.00912	0.01064	0.00760	0.00380	0.00380	0.00076	0.00380	0.00304	0.00304	0.85104
77	0.09757	0.09100	0.56765	0.01326	0.01980	0.01236	0.04640	0.01662	0.01088	0.06551	0.00957	0.01090	0.00685	0.00489	0.00463	0.00158	0.00688	0.00378	0.00255	0.00734
78	0.01279	0.01172	0.04334	0.01064	0.01375	0.01279	0.00859	0.04117	0.73274	0.02146	0.02025	0.01868	0.01516	0.00686	0.00521	0.00173	0.00423	0.00570	0.00510	0.00811
79	0.00790	0.00539	0.00706	0.00656	0.00789	0.00495	0.00495	0.01030	0.01453	0.05180	0.75397	0.03748	0.04697	0.01032	0.00602	0.00161	0.00250	0.00911	0.00568	0.00500
80	0.00640	0.00458	0.00611	0.00716	0.00757	0.00428	0.00489	0.00748	0.01029	0.01381	0.09252	0.72487	0.03502	0.01554	0.00652	0.00205	0.00299	0.03884	0.00484	0.00424
81	0.01123	0.01123	0.01572	0.01347	0.01347	0.01572	0.01123	0.01235	0.00786	0.01235	0.00674	0.01123	0.00674	0.00898	0.01684	0.00225	0.81028	0.00449	0.00225	0.00561
82	0.00749	0.00573	0.00855	0.00846	0.00933	0.00679	0.00661	0.00929	0.00823	0.01193	0.01346	0.01980	0.01258	0.03730	0.76803	0.00801	0.04561	0.00546	0.00273	0.00462
83	0.04413	0.02588	0.76166	0.01431	0.02172	0.01190	0.01842	0.01620	0.01075	0.01652	0.00913	0.01073	0.00646	0.00487	0.00481	0.00162	0.00744	0.00375	0.00221	0.00750
84	0.00767	0.00522	0.00584	0.00579	0.00591	0.00529	0.00331	0.00825	0.03831	0.01041	0.01636	0.03300	0.01853	0.78716	0.02528	0.00485	0.00494	0.00740	0.00319	0.00331
85	0.00823	0.00588	0.00821	0.00933	0.01051	0.00586	0.00813	0.01059	0.01192	0.01556	0.05749	0.05710	0.03029	0.01403	0.00705	0.00233	0.00463	0.72337	0.00476	0.00473
86	0.01190	0.01317	0.02749	0.01964	0.02474	0.01211	0.66082	0.01594	0.01190	0.01648	0.01020	0.01339	0.00776	0.00425	0.00574	0.00159	0.00796	0.00563	0.00266	0.12665

[dist]
# distance from previous block
# <min> <max>
0	9

[block]
# block no. 5 follows, 48 sequences, length 15
# corresponding to MSA columns:
# 407-421
name=unknown_F
#
# <colnr> <probs for GDERKNQSTAVLIFYWHMCP>
#	G	D	E	R	K	N	Q	S	T	A	V	L	I	F	Y	W	H	M	C	P
0	0.01343	0.74618	0.02536	0.00867	0.01307	0.01904	0.00853	0.01513	0.01045	0.01251	0.00732	0.00846	0.00668	0.00433	0.00334	0.00107	0.00533	0.00277	0.00227	0.08606
1	0.00734	0.00545	0.00800	0.00800	0.00883	0.00628	0.00610	0.00900	0.00817	0.01173	0.01397	0.02142	0.01338	0.11201	0.72657	0.00794	0.01292	0.00568	0.00278	0.00444
2	0.01178	0.01147	0.02036	0.08574	0.55006	0.01149	0.12152	0.01484	0.01146	0.01610	0.01147	0.08857	0.01041	0.00566	0.00536	0.00162	0.00622	0.00572	0.00274	0.00740
3	0.00726	0.00524	0.00686	0.00646	0.00767	0.00484	0.00484	0.00968	0.01452	0.02058	0.78496	0.03833	0.04841	0.01049	0.00605	0.00161	0.00242	0.00928	0.00565	0.00484
