[name]
unknown

[dist]
# distance from previous block
# <min> <max>
1	88

[block]
# block no. 0 follows, 54 sequences, length 72
# corresponding to MSA columns:
# 102-173
name=unknown_A
#
# <colnr> <probs for GDERKNQSTAVLIFYWHMCP>
#	G	D	E	R	K	N	Q	S	T	A	V	L	I	F	Y	W	H	M	C	P
0	0.02829	0.02763	0.05586	0.24310	0.33478	0.01048	0.02713	0.03756	0.05155	0.04065	0.03374	0.05282	0.01009	0.00540	0.00476	0.00150	0.00543	0.02001	0.00279	0.00644
1	0.03045	0.01522	0.28624	0.01838	0.28508	0.01065	0.10121	0.05315	0.02394	0.04740	0.01078	0.05516	0.00897	0.00525	0.00480	0.00151	0.00599	0.02625	0.00270	0.00689
2	0.05452	0.01338	0.16946	0.02020	0.42507	0.03587	0.02448	0.04827	0.01116	0.07443	0.01100	0.04845	0.01910	0.00518	0.00466	0.00146	0.00557	0.01794	0.00281	0.00698
3	0.05401	0.01228	0.14379	0.01563	0.14710	0.02244	0.22943	0.03187	0.01087	0.10589	0.01289	0.13955	0.01147	0.00628	0.00525	0.00158	0.02158	0.01861	0.00312	0.00634
4	0.01261	0.01196	0.04398	0.05722	0.44292	0.04317	0.11126	0.09230	0.02577	0.06013	0.01053	0.02305	0.01888	0.00482	0.00500	0.00146	0.02049	0.00456	0.00285	0.00708
5	0.01159	0.01131	0.01840	0.08357	0.69044	0.03574	0.01402	0.01429	0.01056	0.01487	0.00866	0.01158	0.00728	0.00444	0.00515	0.00144	0.04304	0.00416	0.00231	0.00715
6	0.01210	0.01192	0.01811	0.04043	0.68762	0.07539	0.01361	0.03227	0.01126	0.01546	0.03120	0.01209	0.00839	0.00445	0.00466	0.00139	0.00574	0.00423	0.00247	0.00720
7	0.07236	0.00933	0.01215	0.01197	0.14554	0.03125	0.00828	0.07268	0.02853	0.46481	0.01530	0.01581	0.01075	0.00569	0.00464	0.00145	0.00446	0.04111	0.00468	0.03923
8	0.03788	0.01110	0.01826	0.06699	0.70099	0.01133	0.01383	0.05462	0.01118	0.01616	0.00890	0.01157	0.00737	0.00431	0.00462	0.00141	0.00555	0.00415	0.00246	0.00731
9	0.01714	0.01251	0.01402	0.01066	0.01449	0.01342	0.03224	0.65899	0.02030	0.06520	0.01135	0.01145	0.00807	0.00542	0.00463	0.00136	0.00506	0.00418	0.00453	0.08499
10	0.82436	0.00898	0.00699	0.00622	0.00912	0.01034	0.00512	0.01406	0.00822	0.04378	0.00711	0.00812	0.00545	0.00444	0.00298	0.00145	0.00363	0.00266	0.02179	0.00517
11	0.75017	0.00954	0.00777	0.00679	0.00977	0.01101	0.00557	0.08669	0.04449	0.02189	0.00757	0.00844	0.00579	0.00459	0.00317	0.00146	0.00379	0.00283	0.00317	0.00548
12	0.00686	0.00457	0.00514	0.00514	0.00514	0.00457	0.00286	0.00686	0.00686	0.00914	0.01486	0.03086	0.01714	0.83430	0.02400	0.00457	0.00457	0.00686	0.00286	0.00286
13	0.00961	0.06325	0.77232	0.01318	0.02001	0.01132	0.01697	0.01489	0.00994	0.01475	0.00837	0.00984	0.00598	0.00446	0.00441	0.00147	0.00688	0.00344	0.00199	0.00692
14	0.01704	0.01277	0.01365	0.01067	0.01429	0.01421	0.00875	0.68035	0.13242	0.02829	0.01244	0.01221	0.00893	0.00577	0.00473	0.00144	0.00498	0.00440	0.00473	0.00794
15	0.00643	0.00458	0.00621	0.00727	0.00783	0.00441	0.00547	0.00770	0.00961	0.01269	0.02533	0.53524	0.02938	0.03621	0.00668	0.00208	0.00335	0.28121	0.00432	0.00398
16	0.63078	0.01255	0.05016	0.02974	0.01142	0.17068	0.00676	0.01486	0.00922	0.01867	0.00686	0.00808	0.00538	0.00449	0.00331	0.00142	0.00486	0.00274	0.00275	0.00528
17	0.00582	0.00417	0.00541	0.00637	0.00669	0.00389	0.00422	0.00660	0.00895	0.01186	0.02629	0.73054	0.07027	0.07587	0.00734	0.00210	0.00285	0.01274	0.00426	0.00376
18	0.06990	0.01074	0.01093	0.00889	0.01178	0.04779	0.00717	0.45020	0.02812	0.06178	0.01379	0.05599	0.03136	0.00617	0.00441	0.00139	0.00440	0.00478	0.16371	0.00671
19	0.01047	0.01141	0.15020	0.00861	0.01276	0.00808	0.00799	0.12561	0.01146	0.01690	0.01045	0.07587	0.00921	0.02677	0.01649	0.00124	0.00445	0.00411	0.00306	0.48486
20	0.01390	0.05468	0.24086	0.01161	0.01545	0.41182	0.01092	0.03293	0.04748	0.01333	0.00833	0.00969	0.00661	0.00523	0.00488	0.03969	0.00712	0.00330	0.00245	0.05972
21	0.00685	0.00485	0.00627	0.00594	0.00709	0.00444	0.00444	0.00894	0.01300	0.03388	0.70673	0.07094	0.08899	0.00993	0.00557	0.00151	0.00229	0.00876	0.00512	0.00446
22	0.00665	0.00470	0.00618	0.00633	0.00671	0.00501	0.00430	0.00745	0.00745	0.01027	0.01549	0.13620	0.01690	0.39686	0.34299	0.00543	0.00759	0.00703	0.00293	0.00354
23	0.02404	0.01004	0.01427	0.64810	0.06725	0.09690	0.02862	0.01286	0.00992	0.01237	0.00868	0.03067	0.00689	0.00491	0.00468	0.00153	0.00640	0.00428	0.00221	0.00536
24	0.54475	0.00870	0.00846	0.00704	0.01023	0.00919	0.00580	0.01734	0.01011	0.32133	0.01116	0.01086	0.00761	0.00493	0.00361	0.00146	0.00379	0.00339	0.00403	0.00622
25	0.00606	0.00480	0.00545	0.00528	0.00667	0.00419	0.00396	0.00770	0.01189	0.01545	0.37953	0.04091	0.46951	0.01093	0.00557	0.00154	0.00232	0.00933	0.00474	0.00419
26	0.01108	0.01060	0.01807	0.19884	0.63960	0.01105	0.01418	0.01395	0.01046	0.01469	0.00876	0.01186	0.00722	0.00431	0.00468	0.00144	0.00575	0.00420	0.00228	0.00699
27	0.00980	0.00952	0.01497	0.56354	0.15532	0.03558	0.01284	0.01256	0.00947	0.01249	0.00814	0.01201	0.00646	0.00509	0.00609	0.00160	0.11263	0.00415	0.00214	0.00560
28	0.01167	0.01120	0.01914	0.02894	0.80488	0.01120	0.01447	0.01447	0.01074	0.01540	0.00887	0.01167	0.00747	0.00420	0.00467	0.00140	0.00560	0.00420	0.00233	0.00747
29	0.86760	0.00912	0.00693	0.00620	0.00912	0.01058	0.00511	0.01386	0.00802	0.02115	0.00657	0.00766	0.00511	0.00438	0.00292	0.00146	0.00365	0.00255	0.00292	0.00511
30	0.00674	0.00503	0.00747	0.00747	0.00827	0.00583	0.00576	0.00835	0.00755	0.01087	0.01273	0.01907	0.01203	0.07098	0.78032	0.00744	0.01227	0.00513	0.00254	0.00415
31	0.01016	0.00953	0.01598	0.53449	0.25548	0.01091	0.03519	0.04682	0.01041	0.01388	0.00868	0.01226	0.00673	0.00459	0.00472	0.00152	0.00609	0.00423	0.00229	0.00604
32	0.00651	0.00472	0.00617	0.00602	0.00703	0.00438	0.00444	0.00850	0.01254	0.01758	0.65278	0.14492	0.06660	0.01101	0.02409	0.00168	0.00254	0.00917	0.00499	0.00434
33	0.00978	0.00838	0.00978	0.00698	0.01117	0.00629	0.00559	0.01187	0.00978	0.01536	0.00838	0.00978	0.00698	0.00349	0.00349	0.00070	0.00349	0.00279	0.00279	0.86312
34	0.01173	0.01013	0.01066	0.00960	0.01226	0.01173	0.00746	0.02505	0.79636	0.01972	0.01919	0.01759	0.01439	0.00640	0.00480	0.00160	0.00373	0.00533	0.00480	0.00746
35	0.00978	0.00838	0.00978	0.00698	0.01117	0.00629	0.00559	0.01187	0.00978	0.01536	0.00838	0.00978	0.00698	0.00349	0.00349	0.00070	0.00349	0.00279	0.00279	0.86312
36	0.00557	0.00478	0.00478	0.00478	0.00637	0.00398	0.00358	0.00677	0.01075	0.01274	0.04776	0.04538	0.80297	0.01194	0.00557	0.00159	0.00239	0.00995	0.00438	0.00398
37	0.01113	0.01272	0.02782	0.01987	0.02464	0.01192	0.78776	0.01510	0.01113	0.01510	0.00954	0.01272	0.00715	0.00397	0.00556	0.00159	0.00795	0.00556	0.00238	0.00636
38	0.00890	0.00838	0.01414	0.82296	0.03247	0.01048	0.01309	0.01205	0.00943	0.01205	0.00838	0.01257	0.00629	0.00471	0.00471	0.00157	0.00629	0.00419	0.00210	0.00524
39	0.01155	0.01108	0.01892	0.06434	0.77045	0.01117	0.01441	0.01436	0.01068	0.01525	0.00885	0.01171	0.00742	0.00422	0.00467	0.00141	0.00563	0.00420	0.00232	0.00737
40	0.01386	0.00985	0.01088	0.00942	0.01232	0.01092	0.00743	0.05940	0.60727	0.17515	0.01872	0.01700	0.01357	0.00625	0.00478	0.00156	0.00385	0.00517	0.00500	0.00760
41	0.00721	0.00520	0.00712	0.00808	0.00909	0.00510	0.00683	0.00916	0.01073	0.01399	0.06164	0.15175	0.06879	0.01304	0.00636	0.00208	0.00394	0.60123	0.00439	0.00426
42	0.00978	0.00838	0.00978	0.00698	0.01117	0.00629	0.00559	0.01187	0.00978	0.01536	0.00838	0.00978	0.00698	0.00349	0.00349	0.00070	0.00349	0.00279	0.00279	0.86312
43	0.00600	0.00440	0.00582	0.01911	0.00745	0.00406	0.00456	0.00693	0.00910	0.01222	0.02516	0.76309	0.04214	0.01398	0.00586	0.00184	0.00282	0.01265	0.00426	0.04854
44	0.00646	0.00495	0.00521	0.00505	0.00671	0.00417	0.00382	0.00777	0.01108	0.05456	0.10189	0.04310	0.70590	0.01145	0.00553	0.00158	0.00246	0.00958	0.00451	0.00423
45	0.00589	0.00420	0.00563	0.00673	0.00706	0.00395	0.00462	0.00681	0.00917	0.01219	0.02591	0.77204	0.03088	0.01464	0.00606	0.00193	0.00286	0.07119	0.00437	0.00387
46	0.01768	0.01190	0.05629	0.01136	0.01539	0.01135	0.11607	0.37266	0.01696	0.30075	0.01349	0.01311	0.00908	0.00543	0.00483	0.00146	0.00525	0.00456	0.00465	0.00774
47	0.86760	0.00912	0.00693	0.00620	0.00912	0.01058	0.00511	0.01386	0.00802	0.02115	0.00657	0.00766	0.00511	0.00438	0.00292	0.00146	0.00365	0.00255	0.00292	0.00511
48	0.01133	0.00786	0.00922	0.05044	0.01082	0.06438	0.00657	0.06362	0.01150	0.16709	0.13093	0.19177	0.05412	0.03090	0.04372	0.00196	0.09380	0.00716	0.03746	0.00536
49	0.01261	0.83713	0.02471	0.00807	0.01210	0.01866	0.00807	0.01412	0.00958	0.01109	0.00656	0.00756	0.00605	0.00403	0.00303	0.00101	0.00504	0.00252	0.00202	0.00605
50	0.00661	0.00480	0.00622	0.00590	0.00701	0.00442	0.00441	0.00875	0.01314	0.01849	0.75291	0.05310	0.07683	0.00985	0.00557	0.00150	0.00224	0.00870	0.00514	0.00442
51	0.00855	0.00524	0.00691	0.00625	0.00769	0.00477	0.00477	0.01073	0.01337	0.12139	0.70062	0.03273	0.04023	0.00915	0.00545	0.00148	0.00246	0.00804	0.00527	0.00491
52	0.11417	0.00814	0.01050	0.00815	0.01172	0.00733	0.00673	0.02198	0.01289	0.72167	0.01728	0.01513	0.01095	0.00568	0.00454	0.00146	0.00397	0.00450	0.00552	0.00770
53	0.00760	0.00543	0.00760	0.00868	0.00977	0.00543	0.00760	0.00977	0.01085	0.01411	0.02496	0.05319	0.02714	0.01303	0.00651	0.00217	0.00434	0.77315	0.00434	0.00434
54	0.02115	0.00802	0.01094	0.00839	0.01204	0.00693	0.00693	0.02298	0.01350	0.80815	0.01860	0.01605	0.01167	0.00584	0.00474	0.00146	0.00401	0.00474	0.00584	0.00802
55	0.00890	0.00838	0.01414	0.82296	0.03247	0.01048	0.01309	0.01205	0.00943	0.01205	0.00838	0.01257	0.00629	0.00471	0.00471	0.00157	0.00629	0.00419	0.00210	0.00524
56	0.01173	0.01013	0.01066	0.00960	0.01226	0.01173	0.00746	0.02505	0.79636	0.01972	0.01919	0.01759	0.01439	0.00640	0.00480	0.00160	0.00373	0.00533	0.00480	0.00746
57	0.86760	0.00912	0.00693	0.00620	0.00912	0.01058	0.00511	0.01386	0.00802	0.02115	0.00657	0.00766	0.00511	0.00438	0.00292	0.00146	0.00365	0.00255	0.00292	0.00511
58	0.01792	0.01321	0.01415	0.01085	0.01462	0.01462	0.00896	0.78916	0.02217	0.02972	0.01132	0.01132	0.00802	0.00566	0.00472	0.00142	0.00519	0.00425	0.00472	0.00802
59	0.86760	0.00912	0.00693	0.00620	0.00912	0.01058	0.00511	0.01386	0.00802	0.02115	0.00657	0.00766	0.00511	0.00438	0.00292	0.00146	0.00365	0.00255	0.00292	0.00511
60	0.01167	0.01120	0.01914	0.02894	0.80488	0.01120	0.01447	0.01447	0.01074	0.01540	0.00887	0.01167	0.00747	0.00420	0.00467	0.00140	0.00560	0.00420	0.00233	0.00747
61	0.01173	0.01013	0.01066	0.00960	0.01226	0.01173	0.00746	0.02505	0.79636	0.01972	0.01919	0.01759	0.01439	0.00640	0.00480	0.00160	0.00373	0.00533	0.00480	0.00746
62	0.02115	0.00802	0.01094	0.00839	0.01204	0.00693	0.00693	0.02298	0.01350	0.80815	0.01860	0.01605	0.01167	0.00584	0.00474	0.00146	0.00401	0.00474	0.00584	0.00802
63	0.02115	0.00802	0.01094	0.00839	0.01204	0.00693	0.00693	0.02298	0.01350	0.80815	0.01860	0.01605	0.01167	0.00584	0.00474	0.00146	0.00401	0.00474	0.00584	0.00802
64	0.00685	0.00458	0.00517	0.00516	0.00519	0.00457	0.00290	0.00691	0.00702	0.00939	0.03517	0.03097	0.01785	0.81303	0.02352	0.00449	0.00451	0.00690	0.00292	0.00290
65	0.00587	0.00420	0.00559	0.00648	0.00687	0.00392	0.00439	0.00689	0.00962	0.01298	0.13304	0.72146	0.03302	0.01406	0.00596	0.00186	0.00267	0.01273	0.00449	0.00392
66	0.00618	0.00470	0.00569	0.00564	0.00679	0.00421	0.00415	0.00787	0.01189	0.01592	0.44576	0.15068	0.29114	0.01112	0.00563	0.00158	0.00235	0.00968	0.00481	0.00421
67	0.00978	0.00838	0.00978	0.00698	0.01117	0.00629	0.00559	0.01187	0.00978	0.01536	0.00838	0.00978	0.00698	0.00349	0.00349	0.00070	0.00349	0.00279	0.00279	0.86312
68	0.00747	0.00534	0.00743	0.00844	0.00949	0.00530	0.00729	0.00958	0.01090	0.01427	0.06544	0.08764	0.02822	0.01293	0.00644	0.00212	0.00416	0.69883	0.00439	0.00432
69	0.00575	0.00422	0.00535	0.00625	0.00672	0.00387	0.00421	0.00660	0.00924	0.01207	0.02910	0.68789	0.15132	0.03547	0.00641	0.00193	0.00273	0.01270	0.00434	0.00383
70	0.01058	0.01905	0.45579	0.01479	0.02008	0.02657	0.21238	0.05487	0.01061	0.01524	0.00858	0.01075	0.00641	0.00489	0.00613	0.00158	0.10872	0.00413	0.00225	0.00662
71	0.01043	0.00993	0.01689	0.38617	0.45738	0.01088	0.01385	0.01338	0.01015	0.01389	0.00865	0.01208	0.00694	0.00443	0.00469	0.00148	0.00591	0.00420	0.00223	0.00646

[dist]
# distance from previous block
# <min> <max>
0	46

[block]
# block no. 1 follows, 54 sequences, length 6
# corresponding to MSA columns:
# 220-225
name=unknown_B
#
# <colnr> <probs for GDERKNQSTAVLIFYWHMCP>
#	G	D	E	R	K	N	Q	S	T	A	V	L	I	F	Y	W	H	M	C	P
0	0.00574	0.00410	0.00547	0.00657	0.00684	0.00383	0.00438	0.00657	0.00903	0.01204	0.02599	0.83122	0.03119	0.01477	0.00602	0.00191	0.00274	0.01340	0.00438	0.00383
1	0.01112	0.01028	0.01546	0.33998	0.26788	0.07499	0.05860	0.01389	0.01071	0.05581	0.05316	0.01361	0.00932	0.00488	0.00470	0.00146	0.00584	0.00446	0.03776	0.00609
2	0.05681	0.01291	0.09173	0.12544	0.02183	0.05238	0.39651	0.01559	0.04874	0.06798	0.00989	0.01229	0.00736	0.00468	0.00563	0.00157	0.05499	0.00475	0.00267	0.00624
3	0.01064	0.01090	0.01433	0.10835	0.01491	0.06772	0.01056	0.01193	0.00789	0.01144	0.00652	0.01046	0.00619	0.00761	0.01345	0.00195	0.67379	0.00406	0.00209	0.00519
4	0.01068	0.14271	0.03544	0.00801	0.01044	0.00986	0.00670	0.20644	0.06483	0.01895	0.24589	0.13981	0.06493	0.00824	0.00492	0.00147	0.00375	0.00691	0.00427	0.00576
5	0.01106	0.05150	0.01083	0.00774	0.01136	0.05225	0.00622	0.05511	0.03749	0.05020	0.01109	0.05104	0.03058	0.00481	0.00416	0.00096	0.02451	0.00379	0.00314	0.57216

[dist]
# distance from previous block
# <min> <max>
0	1

[block]
# block no. 2 follows, 54 sequences, length 20
# corresponding to MSA columns:
# 227-246
name=unknown_C
#
# <colnr> <probs for GDERKNQSTAVLIFYWHMCP>
#	G	D	E	R	K	N	Q	S	T	A	V	L	I	F	Y	W	H	M	C	P
0	0.09542	0.01226	0.02148	0.05883	0.12921	0.05313	0.44081	0.06734	0.01144	0.01636	0.00915	0.01181	0.00703	0.00436	0.00518	0.00152	0.02416	0.00474	0.01944	0.00634
1	0.27160	0.00888	0.00990	0.00796	0.01133	0.00892	0.00653	0.06975	0.08110	0.43205	0.01431	0.01321	0.00959	0.00537	0.00417	0.00145	0.00394	0.00406	0.00472	0.03116
2	0.83532	0.00908	0.00708	0.00628	0.00923	0.01044	0.00518	0.01421	0.00823	0.05117	0.00702	0.00798	0.00536	0.00443	0.00299	0.00146	0.00366	0.00264	0.00303	0.00522
3	0.01077	0.00596	0.00762	0.00666	0.00860	0.00544	0.00518	0.01333	0.05279	0.23441	0.45991	0.03026	0.12251	0.00870	0.00530	0.00150	0.00281	0.00749	0.00525	0.00553
4	0.00890	0.00838	0.01414	0.82296	0.03247	0.01048	0.01309	0.01205	0.00943	0.01205	0.00838	0.01257	0.00629	0.00471	0.00471	0.00157	0.00629	0.00419	0.00210	0.00524
5	0.08047	0.00791	0.01032	0.00803	0.01149	0.00706	0.00661	0.02171	0.01292	0.71108	0.01758	0.01553	0.01123	0.00571	0.00454	0.00144	0.00389	0.00457	0.05030	0.00763
6	0.00588	0.00425	0.00557	0.00638	0.00685	0.00394	0.00435	0.00695	0.00980	0.01316	0.15022	0.66600	0.07156	0.01382	0.00592	0.00183	0.00264	0.01246	0.00451	0.00394
7	0.00571	0.00478	0.00496	0.00492	0.00645	0.00404	0.00369	0.00703	0.01106	0.01349	0.13978	0.04414	0.71048	0.01166	0.00557	0.00158	0.00237	0.00978	0.00448	0.00404
8	0.00574	0.00410	0.00547	0.00657	0.00684	0.00383	0.00438	0.00657	0.00903	0.01204	0.02599	0.83122	0.03119	0.01477	0.00602	0.00191	0.00274	0.01340	0.00438	0.00383
9	0.01836	0.01251	0.01372	0.01052	0.01428	0.01359	0.00869	0.68659	0.02101	0.13392	0.01229	0.01195	0.00851	0.00568	0.00472	0.00142	0.00503	0.00431	0.00487	0.00802
10	0.00978	0.00838	0.00978	0.00698	0.01117	0.00629	0.00559	0.01187	0.00978	0.01536	0.00838	0.00978	0.00698	0.00349	0.00349	0.00070	0.00349	0.00279	0.00279	0.86312
11	0.01205	0.01029	0.01084	0.00966	0.01238	0.01188	0.00754	0.06445	0.75645	0.02024	0.01879	0.01727	0.01406	0.00636	0.00479	0.00159	0.00381	0.00527	0.00479	0.00749
12	0.00890	0.00838	0.01414	0.82296	0.03247	0.01048	0.01309	0.01205	0.00943	0.01205	0.00838	0.01257	0.00629	0.00471	0.00471	0.00157	0.00629	0.00419	0.00210	0.00524
13	0.01169	0.60103	0.25280	0.00963	0.01451	0.01642	0.01078	0.01435	0.00969	0.01221	0.00711	0.00826	0.00603	0.00416	0.00345	0.00115	0.00560	0.00280	0.00201	0.00632
14	0.00574	0.00410	0.00547	0.00657	0.00684	0.00383	0.00438	0.00657	0.00903	0.01204	0.02599	0.83122	0.03119	0.01477	0.00602	0.00191	0.00274	0.01340	0.00438	0.00383
15	0.02115	0.00802	0.01094	0.00839	0.01204	0.00693	0.00693	0.02298	0.01350	0.80815	0.01860	0.01605	0.01167	0.00584	0.00474	0.00146	0.00401	0.00474	0.00584	0.00802
16	0.00641	0.00594	0.06161	0.00722	0.00821	0.00484	0.00560	0.00830	0.04929	0.01280	0.02569	0.63536	0.07523	0.01335	0.00585	0.00187	0.00316	0.06075	0.00423	0.00427
17	0.01113	0.01272	0.02782	0.01987	0.02464	0.01192	0.78776	0.01510	0.01113	0.01510	0.00954	0.01272	0.00715	0.00397	0.00556	0.00159	0.00795	0.00556	0.00238	0.00636
18	0.01173	0.01013	0.01066	0.00960	0.01226	0.01173	0.00746	0.02505	0.79636	0.01972	0.01919	0.01759	0.01439	0.00640	0.00480	0.00160	0.00373	0.00533	0.00480	0.00746
19	0.00666	0.00509	0.00667	0.00704	0.00722	0.00551	0.00486	0.00733	0.00822	0.01121	0.02026	0.50511	0.02389	0.21327	0.03127	0.00272	0.11589	0.01034	0.00365	0.00378

[dist]
# distance from previous block
# <min> <max>
0	14

[block]
# block no. 3 follows, 54 sequences, length 225
# corresponding to MSA columns:
# 261-383,386-487
name=unknown_D
#
# <colnr> <probs for GDERKNQSTAVLIFYWHMCP>
#	G	D	E	R	K	N	Q	S	T	A	V	L	I	F	Y	W	H	M	C	P
0	0.03749	0.01173	0.03288	0.00995	0.01359	0.02396	0.00832	0.45544	0.08566	0.23677	0.01378	0.01307	0.00947	0.00570	0.00465	0.00144	0.00476	0.00440	0.01916	0.00778
1	0.00811	0.00474	0.00614	0.00645	0.00738	0.00436	0.00458	0.00936	0.01023	0.11590	0.11034	0.53009	0.05908	0.01206	0.00553	0.00172	0.00278	0.01076	0.08589	0.00450
2	0.00572	0.00419	0.00538	0.00633	0.00678	0.00385	0.00427	0.00659	0.00925	0.01213	0.02882	0.72888	0.13170	0.01440	0.00596	0.00187	0.00269	0.01295	0.00438	0.00385
3	0.00667	0.00482	0.00630	0.00593	0.00704	0.00445	0.00445	0.00890	0.01335	0.01891	0.80239	0.03522	0.04449	0.00964	0.00556	0.00148	0.00222	0.00853	0.00519	0.00445
4	0.86760	0.00912	0.00693	0.00620	0.00912	0.01058	0.00511	0.01386	0.00802	0.02115	0.00657	0.00766	0.00511	0.00438	0.00292	0.00146	0.00365	0.00255	0.00292	0.00511
5	0.86760	0.00912	0.00693	0.00620	0.00912	0.01058	0.00511	0.01386	0.00802	0.02115	0.00657	0.00766	0.00511	0.00438	0.00292	0.00146	0.00365	0.00255	0.00292	0.00511
6	0.05407	0.79697	0.02385	0.00798	0.01196	0.01826	0.00792	0.01411	0.00950	0.01158	0.00656	0.00757	0.00601	0.00405	0.00302	0.00103	0.00497	0.00252	0.00206	0.00601
7	0.01788	0.01300	0.01400	0.02714	0.01487	0.02458	0.00896	0.73021	0.02142	0.06295	0.01153	0.01151	0.00812	0.00564	0.00471	0.00142	0.00520	0.00425	0.00468	0.00793
8	0.00755	0.00541	0.00753	0.00858	0.00968	0.00539	0.00750	0.00969	0.01085	0.01408	0.02554	0.05299	0.04686	0.01300	0.00649	0.00216	0.00429	0.75374	0.00434	0.00433
9	0.00962	0.04450	0.75313	0.01360	0.02040	0.01119	0.05341	0.01492	0.01000	0.01484	0.00846	0.01002	0.00603	0.00444	0.00449	0.00149	0.00697	0.00356	0.00201	0.00692
10	0.02840	0.06783	0.03805	0.03548	0.01368	0.07661	0.00830	0.34179	0.05853	0.17413	0.08512	0.02668	0.01231	0.00598	0.00464	0.00141	0.00490	0.00467	0.00441	0.00710
11	0.01113	0.01272	0.02782	0.01987	0.02464	0.01192	0.78776	0.01510	0.01113	0.01510	0.00954	0.01272	0.00715	0.00397	0.00556	0.00159	0.00795	0.00556	0.00238	0.00636
12	0.00686	0.00457	0.00514	0.00514	0.00514	0.00457	0.00286	0.00686	0.00686	0.00914	0.01486	0.03086	0.01714	0.83430	0.02400	0.00457	0.00457	0.00686	0.00286	0.00286
13	0.05118	0.02126	0.65459	0.01236	0.01865	0.01034	0.01530	0.01607	0.01039	0.13223	0.00987	0.01075	0.00677	0.00467	0.00445	0.00149	0.00638	0.00363	0.00260	0.00704
14	0.01002	0.08409	0.63415	0.01273	0.01892	0.01115	0.05336	0.01495	0.02332	0.03969	0.02819	0.01171	0.02751	0.00480	0.00449	0.00146	0.00650	0.00386	0.00231	0.00678
15	0.00579	0.00414	0.00552	0.00662	0.00691	0.00387	0.00445	0.00664	0.00907	0.01209	0.02596	0.81246	0.03109	0.01473	0.00603	0.00192	0.00277	0.03172	0.00438	0.00384
16	0.01961	0.00922	0.01153	0.00898	0.01255	0.00888	0.00737	0.17009	0.09218	0.58132	0.01726	0.01529	0.01124	0.00586	0.00474	0.00146	0.00421	0.00470	0.00552	0.00797
17	0.03289	0.05350	0.08682	0.02924	0.11269	0.05984	0.41203	0.05001	0.01166	0.09018	0.00994	0.01200	0.00738	0.00437	0.00498	0.00149	0.00687	0.00471	0.00277	0.00665
18	0.05071	0.01801	0.01251	0.01091	0.01352	0.51179	0.00836	0.20731	0.01486	0.01658	0.00897	0.01058	0.00729	0.04166	0.00514	0.00142	0.00702	0.00355	0.04391	0.00591
19	0.00978	0.00838	0.00978	0.00698	0.01117	0.00629	0.00559	0.01187	0.00978	0.01536	0.00838	0.00978	0.00698	0.00349	0.00349	0.00070	0.00349	0.00279	0.00279	0.86312
20	0.01261	0.83713	0.02471	0.00807	0.01210	0.01866	0.00807	0.01412	0.00958	0.01109	0.00656	0.00756	0.00605	0.00403	0.00303	0.00101	0.00504	0.00252	0.00202	0.00605
21	0.00583	0.00478	0.00505	0.00498	0.00648	0.00407	0.00374	0.00723	0.01121	0.01396	0.18714	0.04302	0.64892	0.01141	0.00553	0.00156	0.00235	0.00959	0.01905	0.00407
22	0.00559	0.00471	0.00485	0.00496	0.00642	0.00397	0.00366	0.00675	0.01057	0.01267	0.04558	0.12429	0.72547	0.01223	0.00562	0.00162	0.00242	0.01030	0.00438	0.00397
23	0.00583	0.00479	0.00513	0.00504	0.00652	0.00409	0.00378	0.00726	0.01134	0.01415	0.22111	0.04304	0.62874	0.01141	0.00557	0.00157	0.00235	0.00962	0.00456	0.00409
24	0.03385	0.00804	0.01088	0.00836	0.01199	0.00698	0.00690	0.02284	0.01341	0.79634	0.01842	0.01592	0.01157	0.00581	0.00471	0.00146	0.00401	0.00471	0.00579	0.00798
25	0.01173	0.01013	0.01066	0.00960	0.01226	0.01173	0.00746	0.02505	0.79636	0.01972	0.01919	0.01759	0.01439	0.00640	0.00480	0.00160	0.00373	0.00533	0.00480	0.00746
26	0.00978	0.00838	0.00978	0.00698	0.01117	0.00629	0.00559	0.01187	0.00978	0.01536	0.00838	0.00978	0.00698	0.00349	0.00349	0.00070	0.00349	0.00279	0.00279	0.86312
27	0.86760	0.00912	0.00693	0.00620	0.00912	0.01058	0.00511	0.01386	0.00802	0.02115	0.00657	0.00766	0.00511	0.00438	0.00292	0.00146	0.00365	0.00255	0.00292	0.00511
28	0.00890	0.00838	0.01414	0.82296	0.03247	0.01048	0.01309	0.01205	0.00943	0.01205	0.00838	0.01257	0.00629	0.00471	0.00471	0.00157	0.00629	0.00419	0.00210	0.00524
29	0.00577	0.00411	0.00546	0.00653	0.00680	0.00385	0.00434	0.00657	0.00898	0.01197	0.02573	0.81275	0.03086	0.03369	0.00643	0.00198	0.00278	0.01325	0.00434	0.00381
30	0.00805	0.00581	0.02594	0.00833	0.00961	0.00538	0.00721	0.01013	0.01093	0.05449	0.07100	0.12955	0.03959	0.01242	0.00625	0.00204	0.00406	0.58023	0.00442	0.00454
31	0.01032	0.01032	0.01444	0.01238	0.01238	0.01444	0.01032	0.01135	0.00722	0.01135	0.00619	0.01032	0.00619	0.00825	0.01547	0.00206	0.82567	0.00413	0.00206	0.00516
32	0.00977	0.00961	0.01335	0.01160	0.01170	0.01319	0.00957	0.01079	0.00752	0.01146	0.00959	0.06945	0.04658	0.00889	0.01433	0.00203	0.72816	0.00506	0.00234	0.00501
33	0.00580	0.00415	0.00552	0.00653	0.00685	0.00387	0.00438	0.00671	0.00929	0.01245	0.07253	0.78350	0.03198	0.01446	0.00599	0.00189	0.00270	0.01311	0.00443	0.00387
34	0.01548	0.04187	0.18316	0.01149	0.01584	0.05120	0.04483	0.41733	0.07002	0.08503	0.01140	0.01163	0.00811	0.00531	0.00463	0.00143	0.00565	0.00414	0.00393	0.00750
35	0.00952	0.06219	0.73355	0.01295	0.01950	0.01105	0.01650	0.01464	0.00998	0.01471	0.00917	0.01194	0.00700	0.00487	0.00451	0.00150	0.00675	0.04077	0.00211	0.00680
36	0.00656	0.00482	0.00615	0.00582	0.00698	0.00440	0.00436	0.00869	0.01309	0.01830	0.72754	0.03623	0.11972	0.00987	0.00556	0.00149	0.00224	0.00867	0.00511	0.00440
37	0.01142	0.41469	0.32608	0.01248	0.10065	0.03514	0.01238	0.01459	0.00994	0.01305	0.00756	0.00895	0.00617	0.00424	0.00379	0.00124	0.00593	0.00309	0.00205	0.00654
38	0.28537	0.51087	0.03065	0.00758	0.01128	0.01526	0.00720	0.01458	0.00933	0.06213	0.00731	0.00814	0.00609	0.00426	0.00312	0.00119	0.00457	0.00268	0.00253	0.00588
39	0.00721	0.00512	0.00699	0.00797	0.00880	0.00507	0.00657	0.00894	0.01014	0.01325	0.02408	0.17930	0.02676	0.09878	0.00825	0.00238	0.00410	0.56798	0.00419	0.00410
40	0.05328	0.01257	0.01294	0.01038	0.01379	0.04102	0.00842	0.53789	0.21510	0.02622	0.01295	0.01264	0.00942	0.00576	0.00464	0.00146	0.00487	0.00440	0.00458	0.00767
41	0.00574	0.00410	0.00547	0.00657	0.00684	0.00383	0.00438	0.00657	0.00903	0.01204	0.02599	0.83122	0.03119	0.01477	0.00602	0.00191	0.00274	0.01340	0.00438	0.00383
42	0.04677	0.00881	0.01404	0.69144	0.06057	0.01083	0.01252	0.04648	0.00990	0.01333	0.00837	0.01219	0.00635	0.00485	0.00502	0.00157	0.03514	0.00412	0.00225	0.00544
43	0.01421	0.01139	0.01229	0.01062	0.03446	0.01288	0.00825	0.33145	0.46457	0.02362	0.01576	0.01492	0.01165	0.00604	0.00476	0.00152	0.00437	0.00486	0.00470	0.00769
44	0.00658	0.00482	0.00617	0.00583	0.00698	0.00441	0.00437	0.00871	0.01312	0.01837	0.73631	0.03611	0.11091	0.00984	0.00556	0.00149	0.00224	0.00865	0.00512	0.00441
45	0.00988	0.03892	0.69928	0.01277	0.01915	0.01089	0.02720	0.04884	0.01050	0.01567	0.00898	0.01046	0.00645	0.00458	0.00441	0.00146	0.00658	0.00358	0.05358	0.00683
46	0.00695	0.00537	0.00799	0.00787	0.00866	0.00641	0.00616	0.00860	0.00756	0.01097	0.01224	0.01803	0.01145	0.03374	0.76765	0.00725	0.06136	0.00500	0.00250	0.00427
47	0.00706	0.00486	0.00626	0.00589	0.00705	0.00448	0.00442	0.00922	0.01305	0.03576	0.71576	0.04631	0.05978	0.00948	0.00544	0.00147	0.00227	0.00834	0.04860	0.00450
48	0.00667	0.00482	0.00630	0.00593	0.00704	0.00445	0.00445	0.00890	0.01335	0.01891	0.80239	0.03522	0.04449	0.00964	0.00556	0.00148	0.00222	0.00853	0.00519	0.00445
49	0.00689	0.00453	0.00512	0.00519	0.00526	0.00452	0.00297	0.00705	0.00714	0.00974	0.01555	0.07816	0.01773	0.74309	0.02187	0.00424	0.00434	0.00712	0.04649	0.00299
50	0.01261	0.83713	0.02471	0.00807	0.01210	0.01866	0.00807	0.01412	0.00958	0.01109	0.00656	0.00756	0.00605	0.00403	0.00303	0.00101	0.00504	0.00252	0.00202	0.00605
51	0.00946	0.02439	0.80987	0.01344	0.02041	0.01095	0.01742	0.01493	0.00995	0.01493	0.00846	0.00995	0.00597	0.00448	0.00448	0.00149	0.00697	0.00348	0.00199	0.00697
52	0.02115	0.00802	0.01094	0.00839	0.01204	0.00693	0.00693	0.02298	0.01350	0.80815	0.01860	0.01605	0.01167	0.00584	0.00474	0.00146	0.00401	0.00474	0.00584	0.00802
53	0.01261	0.83713	0.02471	0.00807	0.01210	0.01866	0.00807	0.01412	0.00958	0.01109	0.00656	0.00756	0.00605	0.00403	0.00303	0.00101	0.00504	0.00252	0.00202	0.00605
54	0.01230	0.00894	0.01104	0.25286	0.01707	0.01011	0.00840	0.30732	0.01442	0.02053	0.01173	0.01369	0.00880	0.00532	0.00426	0.00136	0.00456	0.00428	0.27696	0.00603
55	0.00584	0.00418	0.00556	0.00664	0.00698	0.00391	0.00452	0.00673	0.00916	0.01216	0.02639	0.77550	0.04691	0.01462	0.00603	0.00192	0.00281	0.05191	0.00438	0.00386
56	0.00679	0.00454	0.00516	0.00523	0.00524	0.00453	0.00295	0.00684	0.00699	0.00932	0.01552	0.07883	0.01798	0.78517	0.02292	0.00441	0.00446	0.00725	0.00295	0.00292
57	0.33602	0.04135	0.27008	0.00985	0.01434	0.01203	0.01022	0.22038	0.01246	0.02109	0.00844	0.00938	0.00619	0.00474	0.00391	0.00144	0.00518	0.00330	0.00307	0.00652
58	0.00744	0.00532	0.00742	0.00851	0.00953	0.00530	0.00733	0.00950	0.01070	0.01394	0.02505	0.11745	0.02747	0.01317	0.00647	0.00215	0.00421	0.71040	0.00434	0.00430
59	0.86760	0.00912	0.00693	0.00620	0.00912	0.01058	0.00511	0.01386	0.00802	0.02115	0.00657	0.00766	0.00511	0.00438	0.00292	0.00146	0.00365	0.00255	0.00292	0.00511
60	0.00682	0.00456	0.00515	0.00519	0.00520	0.00455	0.00291	0.00685	0.00693	0.00924	0.01524	0.05814	0.01762	0.80636	0.02339	0.00448	0.00451	0.00708	0.00291	0.00289
61	0.01978	0.00784	0.01047	0.00812	0.01160	0.00681	0.00668	0.03439	0.01341	0.72765	0.02095	0.01846	0.07876	0.00635	0.00481	0.00147	0.00389	0.00518	0.00569	0.00768
62	0.00992	0.16113	0.58339	0.01279	0.04331	0.01195	0.04129	0.01437	0.01000	0.01419	0.01018	0.01149	0.04654	0.00476	0.00433	0.00142	0.00640	0.00374	0.00214	0.00666
63	0.01109	0.01260	0.02718	0.01952	0.02406	0.01204	0.75072	0.01492	0.01094	0.01492	0.00938	0.01260	0.00711	0.00418	0.00604	0.00161	0.04690	0.00550	0.00237	0.00630
64	0.00585	0.00418	0.00554	0.00648	0.00682	0.00390	0.00435	0.00679	0.00939	0.01263	0.09892	0.74007	0.03216	0.03082	0.00634	0.00193	0.00272	0.01281	0.00442	0.00387
65	0.01053	0.01021	0.01455	0.19926	0.05210	0.02366	0.01105	0.05123	0.00872	0.01262	0.00709	0.01092	0.00636	0.00709	0.01183	0.00188	0.54910	0.00414	0.00222	0.00543
66	0.01154	0.06637	0.10900	0.09194	0.27011	0.01209	0.24826	0.07270	0.04258	0.01592	0.00943	0.01182	0.00732	0.00439	0.00483	0.00147	0.00639	0.00447	0.00254	0.00683
67	0.00565	0.00474	0.00490	0.00494	0.00643	0.00400	0.00367	0.00688	0.01082	0.01307	0.09189	0.08467	0.71832	0.01195	0.00559	0.00160	0.00240	0.01004	0.00443	0.00400
68	0.00590	0.00421	0.00565	0.00674	0.00708	0.00396	0.00465	0.00683	0.00918	0.01221	0.02590	0.76627	0.03085	0.01463	0.00606	0.00194	0.00287	0.07683	0.00437	0.00387
69	0.05226	0.01014	0.01306	0.05241	0.05195	0.01097	0.06711	0.17329	0.22456	0.17978	0.01451	0.03771	0.01094	0.02597	0.00584	0.00162	0.05160	0.00497	0.00426	0.00704
70	0.04932	0.01179	0.02173	0.03144	0.22457	0.01218	0.38421	0.06071	0.01097	0.01575	0.00885	0.01180	0.00705	0.00477	0.00656	0.00159	0.12296	0.00477	0.00249	0.00651
71	0.00602	0.00430	0.00577	0.00677	0.00719	0.00405	0.00476	0.00708	0.00950	0.01269	0.07241	0.69275	0.03151	0.01426	0.00605	0.00192	0.00289	0.10173	0.00442	0.00393
72	0.19077	0.01140	0.01220	0.04483	0.01383	0.01254	0.00805	0.47292	0.01701	0.09722	0.01063	0.01097	0.00759	0.00534	0.00457	0.00142	0.02569	0.00388	0.00419	0.04496
73	0.01109	0.34292	0.42515	0.01088	0.01641	0.01391	0.01277	0.04862	0.01034	0.01410	0.00783	0.00906	0.00615	0.00431	0.00387	0.00126	0.00596	0.00310	0.00216	0.05012
74	0.08960	0.01530	0.01126	0.01013	0.01261	0.39093	0.00776	0.04826	0.20145	0.05599	0.05964	0.03471	0.02065	0.00599	0.00448	0.00140	0.00593	0.01433	0.00356	0.00601
75	0.00893	0.00842	0.01415	0.80661	0.03207	0.01056	0.01304	0.01203	0.00938	0.01203	0.00834	0.01253	0.00628	0.00479	0.00493	0.00158	0.02282	0.00419	0.00209	0.00524
76	0.01113	0.01272	0.02782	0.01987	0.02464	0.01192	0.78776	0.01510	0.01113	0.01510	0.00954	0.01272	0.00715	0.00397	0.00556	0.00159	0.00795	0.00556	0.00238	0.00636
77	0.01202	0.00991	0.01057	0.00946	0.01213	0.01135	0.00737	0.02458	0.74392	0.05396	0.03760	0.01794	0.01498	0.00645	0.00481	0.00159	0.00371	0.00538	0.00485	0.00742
78	0.00574	0.00410	0.00547	0.00657	0.00684	0.00383	0.00438	0.00657	0.00903	0.01204	0.02599	0.83122	0.03119	0.01477	0.00602	0.00191	0.00274	0.01340	0.00438	0.00383
79	0.00574	0.00410	0.00547	0.00657	0.00684	0.00383	0.00438	0.00657	0.00903	0.01204	0.02599	0.83122	0.03119	0.01477	0.00602	0.00191	0.00274	0.01340	0.00438	0.00383
80	0.00682	0.00456	0.00515	0.00519	0.00520	0.00455	0.00291	0.00685	0.00693	0.00923	0.01521	0.05624	0.01759	0.80830	0.02343	0.00449	0.00451	0.00706	0.00291	0.00289
81	0.01792	0.01321	0.01415	0.01085	0.01462	0.01462	0.00896	0.78916	0.02217	0.02972	0.01132	0.01132	0.00802	0.00566	0.00472	0.00142	0.00519	0.00425	0.00472	0.00802
82	0.02115	0.00802	0.01094	0.00839	0.01204	0.00693	0.00693	0.02298	0.01350	0.80815	0.01860	0.01605	0.01167	0.00584	0.00474	0.00146	0.00401	0.00474	0.00584	0.00802
83	0.01173	0.01013	0.01066	0.00960	0.01226	0.01173	0.00746	0.02505	0.79636	0.01972	0.01919	0.01759	0.01439	0.00640	0.00480	0.00160	0.00373	0.00533	0.00480	0.00746
84	0.00614	0.00438	0.00592	0.00701	0.00746	0.00417	0.00506	0.00724	0.00941	0.01248	0.02577	0.66614	0.03033	0.01440	0.00612	0.00197	0.00308	0.17460	0.00437	0.00394
85	0.00978	0.00838	0.00978	0.00698	0.01117	0.00629	0.00559	0.01187	0.00978	0.01536	0.00838	0.00978	0.00698	0.00349	0.00349	0.00070	0.00349	0.00279	0.00279	0.86312
86	0.01597	0.01210	0.01513	0.10631	0.12469	0.01320	0.03663	0.52937	0.01834	0.06477	0.01096	0.01180	0.00790	0.00530	0.00474	0.00144	0.00540	0.00430	0.00407	0.00757
87	0.01878	0.00794	0.01048	0.00838	0.01162	0.00719	0.00682	0.05456	0.05320	0.64115	0.03075	0.08264	0.01405	0.00679	0.00490	0.00152	0.00393	0.02222	0.00557	0.00752
88	0.00574	0.00410	0.00547	0.00657	0.00684	0.00383	0.00438	0.00657	0.00903	0.01204	0.02599	0.83122	0.03119	0.01477	0.00602	0.00191	0.00274	0.01340	0.00438	0.00383
89	0.02115	0.00802	0.01094	0.00839	0.01204	0.00693	0.00693	0.02298	0.01350	0.80815	0.01860	0.01605	0.01167	0.00584	0.00474	0.00146	0.00401	0.00474	0.00584	0.00802
90	0.01020	0.19675	0.60835	0.01258	0.01883	0.01263	0.04942	0.01477	0.00993	0.01412	0.00810	0.00957	0.00604	0.00436	0.00422	0.00139	0.00660	0.00337	0.00201	0.00675
91	0.00686	0.00457	0.00514	0.00514	0.00514	0.00457	0.00286	0.00686	0.00686	0.00914	0.01486	0.03086	0.01714	0.83430	0.02400	0.00457	0.00457	0.00686	0.00286	0.00286
92	0.02029	0.00783	0.01066	0.00824	0.01174	0.00678	0.00678	0.02213	0.01349	0.76084	0.06558	0.01720	0.01364	0.00606	0.00479	0.00146	0.00390	0.00497	0.00580	0.00781
93	0.01154	0.01098	0.01869	0.13528	0.62628	0.01129	0.05331	0.04783	0.01108	0.01556	0.00894	0.01183	0.00732	0.00432	0.00472	0.00143	0.00580	0.00427	0.00241	0.00713
94	0.02029	0.00783	0.01066	0.00824	0.01174	0.00678	0.00678	0.02213	0.01349	0.76084	0.06558	0.01720	0.01364	0.00606	0.00479	0.00146	0.00390	0.00497	0.00580	0.00781
95	0.86760	0.00912	0.00693	0.00620	0.00912	0.01058	0.00511	0.01386	0.00802	0.02115	0.00657	0.00766	0.00511	0.00438	0.00292	0.00146	0.00365	0.00255	0.00292	0.00511
96	0.00574	0.00410	0.00547	0.00657	0.00684	0.00383	0.00438	0.00657	0.00903	0.01204	0.02599	0.83122	0.03119	0.01477	0.00602	0.00191	0.00274	0.01340	0.00438	0.00383
97	0.01016	0.00945	0.01487	0.65859	0.08416	0.05130	0.04407	0.01316	0.00996	0.04697	0.00885	0.01246	0.00663	0.00470	0.00472	0.00154	0.00632	0.00421	0.00230	0.00557
98	0.01252	0.61404	0.12852	0.00938	0.01376	0.01643	0.04311	0.01520	0.04461	0.05263	0.00811	0.00898	0.00674	0.00429	0.00350	0.00115	0.00532	0.00302	0.00235	0.00635
99	0.00978	0.00838	0.00978	0.00698	0.01117	0.00629	0.00559	0.01187	0.00978	0.01536	0.00838	0.00978	0.00698	0.00349	0.00349	0.00070	0.00349	0.00279	0.00279	0.86312
100	0.01057	0.01313	0.10611	0.07455	0.02287	0.01181	0.54246	0.01421	0.01038	0.01435	0.00938	0.03304	0.00747	0.00485	0.00656	0.00164	0.10286	0.00528	0.00234	0.00614
101	0.00627	0.00468	0.00602	0.02338	0.00768	0.00451	0.00469	0.00807	0.05482	0.01346	0.13284	0.60717	0.08232	0.01320	0.00583	0.00181	0.00277	0.01186	0.00447	0.00416
102	0.00662	0.00480	0.00625	0.00592	0.00702	0.00442	0.00443	0.00879	0.01318	0.01859	0.76524	0.05569	0.06166	0.00982	0.00557	0.00150	0.00224	0.00868	0.00515	0.00442
103	0.00890	0.00838	0.01414	0.82296	0.03247	0.01048	0.01309	0.01205	0.00943	0.01205	0.00838	0.01257	0.00629	0.00471	0.00471	0.00157	0.00629	0.00419	0.00210	0.00524
104	0.00574	0.00410	0.00547	0.00657	0.00684	0.00383	0.00438	0.00657	0.00903	0.01204	0.02599	0.83122	0.03119	0.01477	0.00602	0.00191	0.00274	0.01340	0.00438	0.00383
105	0.01261	0.83713	0.02471	0.00807	0.01210	0.01866	0.00807	0.01412	0.00958	0.01109	0.00656	0.00756	0.00605	0.00403	0.00303	0.00101	0.00504	0.00252	0.00202	0.00605
106	0.00824	0.00550	0.00693	0.00700	0.00814	0.00540	0.00507	0.01130	0.12251	0.08766	0.22635	0.43395	0.03048	0.01143	0.00561	0.00172	0.00286	0.01020	0.00478	0.00489
107	0.01073	0.35334	0.49208	0.01126	0.01705	0.01407	0.01364	0.01460	0.00980	0.01338	0.00769	0.00899	0.00600	0.00430	0.00389	0.00130	0.00619	0.00309	0.00200	0.00660
108	0.01209	0.01074	0.01260	0.10911	0.14312	0.06731	0.00943	0.05113	0.41840	0.04239	0.01542	0.01724	0.01215	0.00608	0.00483	0.00156	0.00477	0.05081	0.00392	0.00691
109	0.01101	0.01053	0.01795	0.21806	0.62091	0.01103	0.01414	0.01389	0.01042	0.01460	0.00875	0.01188	0.00719	0.00432	0.00468	0.00144	0.00576	0.00420	0.00228	0.00694
110	0.00561	0.00475	0.00485	0.00489	0.00641	0.00399	0.00364	0.00682	0.01075	0.01290	0.07054	0.07920	0.74560	0.01199	0.00559	0.00160	0.00240	0.01006	0.00440	0.00399
111	0.01792	0.01321	0.01415	0.01085	0.01462	0.01462	0.00896	0.78916	0.02217	0.02972	0.01132	0.01132	0.00802	0.00566	0.00472	0.00142	0.00519	0.00425	0.00472	0.00802
112	0.01000	0.00862	0.01015	0.00789	0.03621	0.00690	0.00602	0.01306	0.07592	0.01573	0.00930	0.01049	0.00762	0.00376	0.00364	0.00080	0.00358	0.00305	0.00295	0.76431
113	0.01239	0.75942	0.05951	0.00890	0.01310	0.01797	0.04807	0.01420	0.00968	0.01147	0.00679	0.00793	0.00610	0.00405	0.00322	0.00106	0.00527	0.00272	0.00203	0.00611
114	0.00584	0.00411	0.00544	0.00650	0.00680	0.00385	0.00434	0.00671	0.00905	0.01221	0.02565	0.80541	0.03058	0.01448	0.00593	0.00189	0.00272	0.01312	0.03153	0.00385
115	0.09210	0.01077	0.01727	0.07355	0.60523	0.02363	0.04236	0.01420	0.01042	0.01576	0.00891	0.01160	0.00734	0.00431	0.00447	0.00141	0.00544	0.00409	0.04024	0.00690
116	0.00644	0.00474	0.00612	0.00690	0.00752	0.00461	0.00490	0.00843	0.06634	0.01346	0.10013	0.60924	0.04349	0.01346	0.00593	0.00187	0.00291	0.08483	0.00448	0.00420
117	0.01546	0.00862	0.01069	0.00873	0.01159	0.03064	0.03131	0.13634	0.07191	0.35525	0.17348	0.03033	0.01863	0.00701	0.00500	0.00150	0.00403	0.04769	0.02500	0.00681
118	0.00683	0.00458	0.00513	0.00513	0.00517	0.00456	0.00287	0.00685	0.00694	0.00922	0.01557	0.03117	0.03424	0.81640	0.02360	0.00451	0.00452	0.00692	0.00289	0.00288
119	0.00768	0.00528	0.00594	0.00600	0.00623	0.00509	0.00357	0.00761	0.00797	0.01064	0.01871	0.10883	0.06624	0.67897	0.03727	0.00433	0.00475	0.00790	0.00341	0.00358
120	0.01149	0.00982	0.01042	0.00944	0.01198	0.01131	0.00731	0.03826	0.73467	0.01945	0.01945	0.06624	0.01528	0.00689	0.00487	0.00161	0.00370	0.00579	0.00477	0.00726
121	0.00652	0.00459	0.00599	0.00664	0.00731	0.00437	0.00481	0.02048	0.01042	0.01426	0.18111	0.50301	0.04507	0.01285	0.00582	0.00181	0.00285	0.10996	0.04801	0.00412
122	0.00890	0.00838	0.01414	0.82296	0.03247	0.01048	0.01309	0.01205	0.00943	0.01205	0.00838	0.01257	0.00629	0.00471	0.00471	0.00157	0.00629	0.00419	0.00210	0.00524
123	0.01215	0.01211	0.01926	0.01492	0.03813	0.10143	0.36409	0.01486	0.01082	0.07411	0.01012	0.01377	0.00824	0.00518	0.00640	0.00150	0.11609	0.04356	0.00276	0.13049
124	0.00993	0.14523	0.69312	0.01264	0.01917	0.01210	0.01603	0.01481	0.00990	0.01436	0.00818	0.00960	0.00598	0.00441	0.00426	0.00142	0.00668	0.00334	0.00199	0.00683
125	0.00989	0.13683	0.70124	0.01270	0.01926	0.01202	0.01613	0.01482	0.00990	0.01440	0.00820	0.00962	0.00598	0.00442	0.00428	0.00143	0.00670	0.00335	0.00199	0.00684
126	0.01167	0.01120	0.01914	0.02894	0.80488	0.01120	0.01447	0.01447	0.01074	0.01540	0.00887	0.01167	0.00747	0.00420	0.00467	0.00140	0.00560	0.00420	0.00233	0.00747
127	0.00813	0.00707	0.00920	0.00854	0.00938	0.02004	0.00662	0.00994	0.04361	0.01297	0.10249	0.22509	0.04096	0.03360	0.12895	0.00269	0.24966	0.00728	0.00333	0.07044
128	0.02076	0.00823	0.01104	0.00845	0.01211	0.00721	0.00697	0.05172	0.01373	0.75971	0.01808	0.01572	0.01142	0.00577	0.00471	0.00144	0.00404	0.00468	0.00572	0.02848
129	0.02084	0.00793	0.01077	0.00829	0.01187	0.00687	0.00684	0.02267	0.01340	0.78796	0.01852	0.01609	0.01168	0.00583	0.00470	0.00145	0.00397	0.00473	0.02766	0.00793
130	0.00574	0.00412	0.00545	0.00651	0.00683	0.00383	0.00435	0.00657	0.00908	0.01206	0.02662	0.80835	0.05364	0.01469	0.00601	0.00191	0.00273	0.01330	0.00438	0.00383
131	0.00589	0.00424	0.00560	0.00648	0.00691	0.00394	0.00443	0.00693	0.00965	0.01295	0.12309	0.69300	0.05596	0.01401	0.00596	0.00186	0.00269	0.02802	0.00448	0.00392
132	0.00733	0.00577	0.00842	0.00812	0.00876	0.00702	0.00633	0.00868	0.00743	0.01081	0.01158	0.01767	0.01104	0.06579	0.62791	0.04379	0.13194	0.00495	0.00245	0.00420
133	0.00588	0.00420	0.00563	0.00672	0.00706	0.00395	0.00462	0.00680	0.00916	0.01219	0.02591	0.77361	0.03089	0.01464	0.00605	0.00193	0.00285	0.06966	0.00437	0.00387
134	0.00633	0.00471	0.00571	0.00571	0.00685	0.00421	0.00418	0.00794	0.01167	0.02636	0.39553	0.19004	0.29091	0.01132	0.00564	0.00160	0.00240	0.00987	0.00478	0.00423
135	0.00896	0.00877	0.03057	0.78078	0.03159	0.01061	0.01310	0.01208	0.00937	0.01208	0.00831	0.01245	0.00628	0.00482	0.00505	0.00159	0.03205	0.00417	0.00209	0.00527
136	0.00961	0.06359	0.77199	0.01318	0.02001	0.01132	0.01697	0.01489	0.00994	0.01475	0.00837	0.00984	0.00598	0.00446	0.00441	0.00147	0.00688	0.00344	0.00199	0.00692
137	0.00889	0.00843	0.01413	0.13443	0.04122	0.00947	0.16389	0.01121	0.01026	0.01434	0.20100	0.08495	0.02880	0.00784	0.00788	0.00172	0.20347	0.03971	0.00320	0.00516
138	0.00577	0.00483	0.00504	0.00503	0.00654	0.00413	0.00375	0.00722	0.02209	0.01339	0.11813	0.07816	0.68614	0.01177	0.00558	0.00160	0.00241	0.00990	0.00446	0.00407
139	0.06710	0.01119	0.01225	0.05386	0.02451	0.03085	0.00801	0.36357	0.08428	0.02217	0.01045	0.01119	0.00790	0.00504	0.00462	0.00126	0.03155	0.00380	0.00377	0.24264
