[name]
unknown

[dist]
# distance from previous block
# <min> <max>
10	78

[block]
# block no. 0 follows, 48 sequences, length 8
# corresponding to MSA columns:
# 124-131
name=unknown_A
#
# <colnr> <probs for GDERKNQSTAVLIFYWHMCP>
#	G	D	E	R	K	N	Q	S	T	A	V	L	I	F	Y	W	H	M	C	P
0	0.08708	0.17834	0.03823	0.01069	0.04243	0.02704	0.00888	0.25573	0.03941	0.09144	0.01175	0.02579	0.00912	0.00592	0.00527	0.00148	0.06145	0.00427	0.07512	0.02056
1	0.13500	0.01074	0.04078	0.00992	0.03267	0.01045	0.00805	0.18452	0.10803	0.21002	0.06957	0.03499	0.02608	0.00667	0.00492	0.00157	0.00449	0.02410	0.00484	0.07258
2	0.06529	0.06870	0.01511	0.08478	0.05664	0.01318	0.00957	0.37273	0.01784	0.20605	0.01302	0.01313	0.00910	0.00577	0.00487	0.00152	0.00533	0.00447	0.00466	0.02827
3	0.28448	0.08461	0.06472	0.01033	0.04078	0.01197	0.00852	0.12676	0.01309	0.12984	0.01253	0.04811	0.01014	0.00824	0.05099	0.00207	0.00560	0.00457	0.00412	0.07853
4	0.08551	0.00682	0.00846	0.00805	0.00943	0.00769	0.00615	0.05715	0.07455	0.01532	0.06799	0.02151	0.01540	0.12860	0.45775	0.00581	0.00964	0.00574	0.00339	0.00505
5	0.08688	0.00953	0.01150	0.01027	0.01138	0.04105	0.00815	0.01263	0.06019	0.01459	0.03981	0.14231	0.01396	0.04325	0.05899	0.00242	0.34702	0.00622	0.00320	0.07668
6	0.12835	0.00691	0.00800	0.00734	0.00932	0.00672	0.00566	0.05735	0.01293	0.07075	0.32076	0.16692	0.05016	0.00982	0.00548	0.00166	0.00330	0.04702	0.00487	0.07667
7	0.23304	0.04378	0.01191	0.02776	0.01300	0.06031	0.00765	0.24776	0.03146	0.12843	0.13097	0.01583	0.01446	0.00636	0.00467	0.00155	0.00475	0.00480	0.00454	0.00697

[dist]
# distance from previous block
# <min> <max>
1	3

[block]
# block no. 1 follows, 48 sequences, length 11
# corresponding to MSA columns:
# 135-145
name=unknown_B
#
# <colnr> <probs for GDERKNQSTAVLIFYWHMCP>
#	G	D	E	R	K	N	Q	S	T	A	V	L	I	F	Y	W	H	M	C	P
0	0.15963	0.01018	0.01133	0.04673	0.01368	0.00972	0.00726	0.14419	0.04296	0.11116	0.01108	0.01180	0.00831	0.00485	0.00420	0.00122	0.00437	0.00369	0.00386	0.38980
1	0.16225	0.01375	0.05663	0.01083	0.01459	0.05120	0.00930	0.44820	0.04832	0.04445	0.01288	0.01584	0.01017	0.00655	0.00493	0.00162	0.00546	0.07089	0.00451	0.00760
2	0.01021	0.00803	0.00979	0.00893	0.01029	0.00929	0.00677	0.10053	0.16258	0.01572	0.01493	0.02154	0.01379	0.21937	0.28461	0.00480	0.08393	0.00585	0.00356	0.00549
3	0.00827	0.00591	0.00827	0.00945	0.01063	0.00591	0.00827	0.01063	0.01181	0.01536	0.02717	0.05788	0.02953	0.01417	0.00709	0.00236	0.00472	0.75313	0.00472	0.00472
4	0.01041	0.00991	0.01685	0.61476	0.16179	0.01165	0.04807	0.01417	0.03555	0.01415	0.00965	0.01370	0.00739	0.00506	0.00517	0.00168	0.00670	0.00467	0.00243	0.00624
5	0.60398	0.00956	0.00886	0.00747	0.01088	0.01031	0.00616	0.01808	0.01053	0.25539	0.01111	0.01110	0.00772	0.00524	0.00378	0.00159	0.00409	0.00350	0.00414	0.00652
6	0.01711	0.00814	0.01047	0.00865	0.01167	0.00763	0.00691	0.02117	0.13716	0.46069	0.19754	0.05191	0.02222	0.00776	0.00543	0.00164	0.00382	0.00656	0.00595	0.00757
7	0.00721	0.00530	0.00679	0.00658	0.00784	0.00488	0.00504	0.00950	0.01395	0.01932	0.63128	0.04137	0.13315	0.01111	0.00615	0.00169	0.00265	0.07596	0.00546	0.00477
8	0.00721	0.00493	0.00596	0.00619	0.00635	0.00497	0.00380	0.00759	0.00802	0.01079	0.01830	0.18734	0.02105	0.57478	0.10689	0.00476	0.00554	0.00866	0.00340	0.00348
9	0.00983	0.00648	0.00911	0.13492	0.01260	0.00684	0.00664	0.03149	0.07709	0.01205	0.01013	0.01508	0.00906	0.01325	0.01448	0.53998	0.00478	0.00447	0.00266	0.07906
10	0.12436	0.06136	0.58259	0.01317	0.01957	0.08263	0.01588	0.01643	0.01086	0.01663	0.00872	0.01024	0.00639	0.00487	0.00455	0.00157	0.00715	0.00356	0.00235	0.00712

[dist]
# distance from previous block
# <min> <max>
0	1

[block]
# block no. 2 follows, 48 sequences, length 250
# corresponding to MSA columns:
# 147-162,164-189,191-214,219-255,260-302,305-337,348-375,377-405,444-457
name=unknown_C
#
# <colnr> <probs for GDERKNQSTAVLIFYWHMCP>
#	G	D	E	R	K	N	Q	S	T	A	V	L	I	F	Y	W	H	M	C	P
0	0.01071	0.00919	0.01080	0.00815	0.02630	0.00719	0.00633	0.01361	0.04854	0.01703	0.02513	0.01165	0.00882	0.00410	0.00394	0.00084	0.00383	0.00333	0.00319	0.77732
1	0.27484	0.03250	0.01290	0.04703	0.06073	0.42422	0.00899	0.01839	0.02719	0.03806	0.00843	0.00978	0.00673	0.00512	0.00423	0.00144	0.00703	0.00336	0.00293	0.00608
2	0.01213	0.01273	0.07665	0.20092	0.47525	0.01221	0.05506	0.04906	0.02591	0.01668	0.00986	0.01294	0.00787	0.00482	0.00513	0.00159	0.00645	0.00461	0.00262	0.00751
3	0.01135	0.00939	0.01159	0.00959	0.06942	0.00751	0.00700	0.01364	0.01082	0.05070	0.00958	0.01111	0.00784	0.00411	0.00431	0.00089	0.02600	0.00329	0.00313	0.72874
4	0.00671	0.00481	0.00647	0.00764	0.00817	0.00457	0.00555	0.00795	0.01031	0.01363	0.02843	0.62888	0.04588	0.01559	0.00666	0.00214	0.00337	0.18417	0.00475	0.00430
5	0.01343	0.01101	0.01185	0.01043	0.01336	0.01261	0.00820	0.12226	0.60961	0.03649	0.01924	0.01830	0.01450	0.00917	0.06376	0.00219	0.00499	0.00561	0.00505	0.00795
6	0.00653	0.00508	0.00562	0.00578	0.00692	0.00453	0.00408	0.00766	0.01089	0.01367	0.10879	0.15012	0.44501	0.16877	0.01003	0.00241	0.00315	0.03230	0.00453	0.00413
7	0.01033	0.02624	0.77519	0.01479	0.02232	0.01194	0.03655	0.01625	0.01086	0.01625	0.00924	0.01090	0.00653	0.00486	0.00490	0.00163	0.00761	0.00384	0.00218	0.00757
8	0.01147	0.29462	0.45528	0.01295	0.01907	0.01462	0.07042	0.01571	0.01076	0.01476	0.00913	0.03278	0.00739	0.00498	0.00447	0.00147	0.00682	0.00391	0.00228	0.00710
9	0.00737	0.00496	0.00577	0.00596	0.00606	0.00493	0.00355	0.00758	0.00794	0.01057	0.01808	0.12295	0.02092	0.68902	0.02296	0.00452	0.00474	0.04543	0.00338	0.00331
10	0.01202	0.01342	0.05149	0.11447	0.08428	0.09930	0.13338	0.01433	0.01006	0.01368	0.00856	0.02930	0.00760	0.00696	0.01060	0.00190	0.37527	0.00482	0.00243	0.00614
11	0.00746	0.00558	0.00718	0.00803	0.00929	0.00530	0.00671	0.00939	0.01161	0.01473	0.03442	0.12045	0.24806	0.01400	0.00675	0.00216	0.00396	0.47563	0.00474	0.00456
12	0.01064	0.00912	0.01064	0.00760	0.01216	0.00684	0.00608	0.01292	0.01064	0.01672	0.00912	0.01064	0.00760	0.00380	0.00380	0.00076	0.00380	0.00304	0.00304	0.85104
13	0.01009	0.00958	0.01625	0.69269	0.11505	0.01161	0.02835	0.01344	0.01039	0.01355	0.00915	0.01352	0.00699	0.00514	0.00540	0.00170	0.02422	0.00459	0.00231	0.00598
14	0.01064	0.00912	0.01064	0.00760	0.01216	0.00684	0.00608	0.01292	0.01064	0.01672	0.00912	0.01064	0.00760	0.00380	0.00380	0.00076	0.00380	0.00304	0.00304	0.85104
15	0.01254	0.01286	0.04400	0.02946	0.64575	0.01231	0.13507	0.01587	0.01173	0.01670	0.00975	0.01283	0.00803	0.00454	0.00523	0.00156	0.00654	0.00478	0.00254	0.00792
16	0.01859	0.00839	0.01089	0.00867	0.01195	0.00764	0.00697	0.06536	0.04570	0.52307	0.14967	0.02140	0.01883	0.04753	0.00632	0.00174	0.00411	0.00591	0.00586	0.03141
17	0.64540	0.01336	0.00932	0.00834	0.01142	0.19259	0.00665	0.03280	0.01040	0.02082	0.00744	0.00863	0.00587	0.00491	0.00355	0.00153	0.00522	0.00294	0.00310	0.00572
18	0.01029	0.02654	0.79309	0.01462	0.02221	0.01192	0.01896	0.01625	0.01083	0.01625	0.00921	0.01083	0.00650	0.00487	0.00487	0.00162	0.00758	0.00379	0.00217	0.00758
19	0.00682	0.00505	0.00637	0.00642	0.00749	0.00459	0.00467	0.00868	0.01291	0.01765	0.48050	0.23017	0.16520	0.01226	0.00618	0.00175	0.00259	0.01083	0.00529	0.00459
20	0.00625	0.00447	0.00595	0.00714	0.00744	0.00417	0.00476	0.00714	0.00982	0.01310	0.02828	0.81633	0.03394	0.01608	0.00655	0.00208	0.00298	0.01459	0.00476	0.00417
21	0.00617	0.00513	0.00539	0.00547	0.00703	0.00435	0.00405	0.00751	0.01173	0.01429	0.10376	0.11917	0.66211	0.01309	0.00611	0.00176	0.00262	0.01106	0.00483	0.00435
22	0.01225	0.01173	0.02001	0.14771	0.67497	0.01207	0.01552	0.01535	0.01147	0.01622	0.00957	0.01285	0.00793	0.00466	0.00509	0.00155	0.00621	0.00457	0.00250	0.00776
23	0.01261	0.01089	0.01145	0.01032	0.01319	0.01256	0.00802	0.02680	0.76041	0.02129	0.02161	0.01985	0.03373	0.00710	0.00524	0.00174	0.00403	0.00592	0.00521	0.00803
24	0.01270	0.01219	0.02083	0.03149	0.78767	0.01219	0.01575	0.01575	0.01168	0.01676	0.00965	0.01270	0.00813	0.00457	0.00508	0.00152	0.00610	0.00457	0.00254	0.00813
25	0.05400	0.00878	0.01175	0.00904	0.01298	0.00769	0.00747	0.02464	0.01446	0.76264	0.01976	0.01712	0.01244	0.00629	0.00509	0.00159	0.00435	0.00507	0.00623	0.00861
26	0.00956	0.00478	0.00478	0.00478	0.00598	0.00478	0.00359	0.01196	0.01076	0.01913	0.01674	0.01913	0.01315	0.00598	0.00359	0.00120	0.00239	0.00478	0.84816	0.00478
27	0.85592	0.00992	0.00754	0.00675	0.00992	0.01151	0.00556	0.01508	0.00873	0.02302	0.00714	0.00834	0.00556	0.00476	0.00318	0.00159	0.00397	0.00278	0.00318	0.00556
28	0.00723	0.00524	0.00681	0.00642	0.00765	0.00483	0.00482	0.00962	0.01445	0.02039	0.76496	0.03863	0.06853	0.01056	0.00605	0.00162	0.00243	0.00932	0.00562	0.00483
29	0.00956	0.00478	0.00478	0.00478	0.00598	0.00478	0.00359	0.01196	0.01076	0.01913	0.01674	0.01913	0.01315	0.00598	0.00359	0.00120	0.00239	0.00478	0.84816	0.00478
30	0.01123	0.01123	0.01572	0.01347	0.01347	0.01572	0.01123	0.01235	0.00786	0.01235	0.00674	0.01123	0.00674	0.00898	0.01684	0.00225	0.81028	0.00449	0.00225	0.00561
31	0.01901	0.01413	0.01512	0.01171	0.01572	0.01568	0.00963	0.71575	0.07974	0.03154	0.01295	0.01282	0.00924	0.00622	0.00514	0.00155	0.00553	0.00471	0.00514	0.00868
32	0.01372	0.82276	0.02689	0.00878	0.01317	0.02030	0.00878	0.01536	0.01043	0.01207	0.00713	0.00823	0.00658	0.00439	0.00329	0.00110	0.00549	0.00274	0.00219	0.00658
33	0.00625	0.00447	0.00595	0.00714	0.00744	0.00417	0.00476	0.00714	0.00982	0.01310	0.02828	0.81633	0.03394	0.01608	0.00655	0.00208	0.00298	0.01459	0.00476	0.00417
34	0.01123	0.01123	0.01572	0.01347	0.01347	0.01572	0.01123	0.01235	0.00786	0.01235	0.00674	0.01123	0.00674	0.00898	0.01684	0.00225	0.81028	0.00449	0.00225	0.00561
35	0.00720	0.00524	0.00678	0.00639	0.00763	0.00482	0.00479	0.00957	0.01438	0.02024	0.74843	0.03888	0.08515	0.01061	0.00605	0.00162	0.00243	0.00936	0.00560	0.00482
36	0.00695	0.00537	0.00647	0.00707	0.00838	0.00492	0.00566	0.00858	0.01142	0.01426	0.03881	0.15165	0.38663	0.02904	0.00689	0.00208	0.00350	0.29318	0.00472	0.00444
37	0.01311	0.01297	0.02043	0.03034	0.73897	0.06184	0.01538	0.01605	0.01186	0.01650	0.00954	0.01248	0.00803	0.00462	0.00505	0.00151	0.00629	0.00449	0.00255	0.00799
38	0.74330	0.01063	0.00869	0.00836	0.04908	0.04605	0.00634	0.01576	0.00938	0.05339	0.00784	0.00896	0.00602	0.00484	0.00341	0.00157	0.00432	0.00299	0.00325	0.00583
39	0.01082	0.14874	0.67550	0.01373	0.02082	0.01320	0.01740	0.01611	0.01077	0.01561	0.00889	0.01043	0.00651	0.00480	0.00463	0.00154	0.00726	0.00363	0.00217	0.00743
40	0.00716	0.00623	0.00972	0.00893	0.01047	0.00566	0.12992	0.00874	0.01077	0.01388	0.03254	0.45182	0.25781	0.01321	0.00632	0.00192	0.00379	0.01205	0.00441	0.00467
41	0.01079	0.00935	0.01139	0.00936	0.06934	0.00723	0.00679	0.01313	0.01072	0.01672	0.00916	0.01079	0.00764	0.00386	0.00389	0.00082	0.00397	0.00315	0.00300	0.78889
42	0.00746	0.00500	0.00570	0.00570	0.00574	0.00503	0.00324	0.00753	0.00749	0.01003	0.01607	0.03303	0.01842	0.78801	0.05746	0.00511	0.00533	0.00738	0.00309	0.00317
43	0.01859	0.01057	0.01264	0.00954	0.01371	0.00993	0.00783	0.25093	0.01649	0.34850	0.01480	0.01404	0.01010	0.00560	0.00478	0.00135	0.00461	0.00442	0.00508	0.23650
44	0.01760	0.01332	0.01410	0.01117	0.01485	0.02743	0.00909	0.61491	0.09540	0.02919	0.01561	0.05463	0.04481	0.00702	0.00524	0.00159	0.00529	0.00548	0.00507	0.00820
45	0.01064	0.00912	0.01064	0.00760	0.01216	0.00684	0.00608	0.01292	0.01064	0.01672	0.00912	0.01064	0.00760	0.00380	0.00380	0.00076	0.00380	0.00304	0.00304	0.85104
46	0.01053	0.00529	0.00569	0.00538	0.00684	0.00520	0.00411	0.02684	0.01164	0.07643	0.08634	0.02062	0.01622	0.00642	0.00395	0.00127	0.00260	0.00521	0.69425	0.00515
47	0.00758	0.00532	0.00694	0.00649	0.00777	0.00489	0.00488	0.00997	0.01448	0.03725	0.75468	0.03808	0.06132	0.01045	0.00603	0.00162	0.00247	0.00922	0.00565	0.00492
48	0.00707	0.00505	0.00643	0.00657	0.00760	0.00460	0.00474	0.00883	0.01260	0.03173	0.42343	0.29589	0.14121	0.01259	0.00620	0.00178	0.00266	0.01116	0.00525	0.00462
49	0.85592	0.00992	0.00754	0.00675	0.00992	0.01151	0.00556	0.01508	0.00873	0.02302	0.00714	0.00834	0.00556	0.00476	0.00318	0.00159	0.00397	0.00278	0.00318	0.00556
50	0.01123	0.01123	0.01572	0.01347	0.01347	0.01572	0.01123	0.01235	0.00786	0.01235	0.00674	0.01123	0.00674	0.00898	0.01684	0.00225	0.81028	0.00449	0.00225	0.00561
51	0.01029	0.02654	0.79309	0.01462	0.02221	0.01192	0.01896	0.01625	0.01083	0.01625	0.00921	0.01083	0.00650	0.00487	0.00487	0.00162	0.00758	0.00379	0.00217	0.00758
52	0.00631	0.00521	0.00554	0.00546	0.00708	0.00444	0.00410	0.00785	0.01229	0.01526	0.20483	0.04708	0.63186	0.01247	0.00606	0.00171	0.00256	0.01051	0.00495	0.00444
53	0.01356	0.01142	0.01205	0.01060	0.01365	0.01313	0.00831	0.11479	0.68958	0.02274	0.01988	0.01834	0.01485	0.00687	0.00521	0.00172	0.00425	0.00566	0.00521	0.00819
54	0.85592	0.00992	0.00754	0.00675	0.00992	0.01151	0.00556	0.01508	0.00873	0.02302	0.00714	0.00834	0.00556	0.00476	0.00318	0.00159	0.00397	0.00278	0.00318	0.00556
55	0.01047	0.02540	0.73547	0.01432	0.02155	0.01198	0.01816	0.01706	0.06743	0.01663	0.01007	0.01145	0.00718	0.00503	0.00490	0.00163	0.00732	0.00394	0.00239	0.00762
56	0.00718	0.00524	0.00675	0.00637	0.00762	0.00481	0.00478	0.00952	0.01433	0.02012	0.73502	0.03908	0.09864	0.01066	0.00605	0.00162	0.00243	0.00939	0.00559	0.00481
57	0.00722	0.00522	0.00683	0.00663	0.00778	0.00484	0.00499	0.00950	0.01399	0.01965	0.67888	0.09685	0.05900	0.01113	0.00614	0.00169	0.00258	0.04677	0.00552	0.00478
58	0.01092	0.17219	0.65293	0.01356	0.02055	0.01345	0.01710	0.01609	0.01076	0.01549	0.00883	0.01036	0.00652	0.00479	0.00459	0.00153	0.00720	0.00360	0.00217	0.00740
59	0.01101	0.01095	0.01529	0.01315	0.01321	0.01523	0.01094	0.01215	0.00797	0.01238	0.00810	0.01243	0.02810	0.00964	0.03110	0.00234	0.77343	0.00468	0.00232	0.00556
60	0.83221	0.00996	0.00777	0.00694	0.01002	0.01163	0.00572	0.01501	0.00871	0.02272	0.00713	0.00842	0.00559	0.00488	0.00356	0.00161	0.02660	0.00283	0.00315	0.00556
61	0.01276	0.00975	0.01327	0.03229	0.04850	0.00836	0.07764	0.02728	0.06190	0.12476	0.01214	0.01400	0.00951	0.00481	0.00450	0.00115	0.00458	0.02556	0.00364	0.50359
62	0.07167	0.02339	0.01094	0.01000	0.01055	0.01022	0.00783	0.01064	0.00901	0.03304	0.01657	0.36444	0.01873	0.01163	0.01077	0.00209	0.36111	0.00878	0.00352	0.00507
63	0.01366	0.01147	0.01211	0.01062	0.01368	0.01318	0.00834	0.12630	0.67790	0.02291	0.01974	0.01823	0.01474	0.00685	0.00521	0.00171	0.00427	0.00564	0.00521	0.00820
64	0.01335	0.72083	0.02497	0.00876	0.01307	0.01882	0.00856	0.01505	0.01039	0.01256	0.00733	0.00855	0.00669	0.00443	0.00365	0.00109	0.02354	0.00281	0.00228	0.09329
65	0.01561	0.01237	0.04524	0.07971	0.01629	0.05421	0.02596	0.23948	0.09018	0.14133	0.03996	0.01510	0.02730	0.00627	0.00591	0.00154	0.06643	0.00483	0.00432	0.10798
66	0.05711	0.01274	0.09656	0.07152	0.39869	0.02875	0.01314	0.03069	0.01238	0.19300	0.02843	0.01390	0.00963	0.00522	0.00500	0.00156	0.00578	0.00461	0.00350	0.00782
67	0.00891	0.00762	0.00795	0.00745	0.00964	0.00787	0.00571	0.01576	0.33069	0.01738	0.07845	0.03621	0.42578	0.01035	0.00571	0.00173	0.00320	0.00865	0.00500	0.00594
68	0.00731	0.00617	0.00693	0.03910	0.02350	0.00585	0.00521	0.01046	0.10557	0.01561	0.13509	0.08041	0.51689	0.01163	0.00593	0.00173	0.00301	0.00984	0.00479	0.00498
69	0.01305	0.01865	0.27996	0.04252	0.24581	0.11635	0.13969	0.01702	0.01195	0.05223	0.00988	0.01206	0.00750	0.00483	0.00512	0.00157	0.00737	0.00441	0.00261	0.00742
70	0.00974	0.00917	0.01548	0.79488	0.04742	0.01141	0.01427	0.01315	0.01028	0.01317	0.00913	0.01366	0.00686	0.00512	0.00513	0.00171	0.00683	0.00456	0.00228	0.00574
71	0.00699	0.00480	0.00586	0.00632	0.00648	0.00473	0.00390	0.00742	0.00841	0.01126	0.02072	0.33431	0.02426	0.47306	0.05542	0.00402	0.00462	0.01011	0.00373	0.00359
72	0.01087	0.00911	0.01066	0.00763	0.01218	0.00685	0.00611	0.01314	0.01071	0.03087	0.00932	0.01076	0.00769	0.00385	0.00382	0.00078	0.00381	0.00308	0.00310	0.83565
73	0.00671	0.00515	0.00614	0.00606	0.00737	0.00458	0.00448	0.00856	0.01299	0.01730	0.43340	0.12192	0.32279	0.01200	0.00611	0.00171	0.00254	0.01040	0.00523	0.00458
74	0.85592	0.00992	0.00754	0.00675	0.00992	0.01151	0.00556	0.01508	0.00873	0.02302	0.00714	0.00834	0.00556	0.00476	0.00318	0.00159	0.00397	0.00278	0.00318	0.00556
75	0.05382	0.01288	0.01419	0.01099	0.01497	0.01387	0.00905	0.55237	0.05614	0.18768	0.01413	0.01353	0.00973	0.00618	0.00506	0.00156	0.00524	0.00471	0.00531	0.00857
76	0.01057	0.01038	0.01683	0.39268	0.03672	0.01307	0.08813	0.01353	0.03112	0.01343	0.00881	0.01307	0.00728	0.00713	0.02491	0.00203	0.29730	0.00474	0.00239	0.00587
77	0.00805	0.00542	0.00711	0.00659	0.00794	0.00498	0.00498	0.01045	0.01453	0.05898	0.74685	0.03729	0.04663	0.01028	0.00601	0.00161	0.00252	0.00907	0.00568	0.00504
78	0.00721	0.00524	0.00678	0.00640	0.00763	0.00482	0.00480	0.00957	0.01439	0.02026	0.75055	0.03885	0.08302	0.01061	0.00605	0.00162	0.00243	0.00935	0.00561	0.00482
79	0.85592	0.00992	0.00754	0.00675	0.00992	0.01151	0.00556	0.01508	0.00873	0.02302	0.00714	0.00834	0.00556	0.00476	0.00318	0.00159	0.00397	0.00278	0.00318	0.00556
80	0.02289	0.00894	0.01203	0.00923	0.01320	0.00785	0.00762	0.05213	0.01503	0.76361	0.01995	0.01728	0.01256	0.00634	0.00516	0.00159	0.00441	0.00514	0.00631	0.00873
81	0.00746	0.00497	0.00560	0.00560	0.00560	0.00497	0.00311	0.00746	0.00746	0.00995	0.01617	0.03358	0.01865	0.81967	0.02612	0.00497	0.00497	0.00746	0.00311	0.00311
82	0.00606	0.00520	0.00520	0.00520	0.00693	0.00433	0.00390	0.00736	0.01170	0.01386	0.05198	0.04938	0.78558	0.01299	0.00606	0.00173	0.00260	0.01083	0.00476	0.00433
83	0.00827	0.00591	0.00827	0.00945	0.01063	0.00591	0.00827	0.01063	0.01181	0.01536	0.02717	0.05788	0.02953	0.01417	0.00709	0.00236	0.00472	0.75313	0.00472	0.00472
84	0.01064	0.00912	0.01064	0.00760	0.01216	0.00684	0.00608	0.01292	0.01064	0.01672	0.00912	0.01064	0.00760	0.00380	0.00380	0.00076	0.00380	0.00304	0.00304	0.85104
85	0.00956	0.00478	0.00478	0.00478	0.00598	0.00478	0.00359	0.01196	0.01076	0.01913	0.01674	0.01913	0.01315	0.00598	0.00359	0.00120	0.00239	0.00478	0.84816	0.00478
86	0.85592	0.00992	0.00754	0.00675	0.00992	0.01151	0.00556	0.01508	0.00873	0.02302	0.00714	0.00834	0.00556	0.00476	0.00318	0.00159	0.00397	0.00278	0.00318	0.00556
87	0.19290	0.01842	0.01303	0.01138	0.01444	0.42087	0.00884	0.16794	0.07322	0.01932	0.00962	0.01042	0.00750	0.00548	0.00447	0.00145	0.00705	0.00364	0.00344	0.00658
88	0.00956	0.00478	0.00478	0.00478	0.00598	0.00478	0.00359	0.01196	0.01076	0.01913	0.01674	0.01913	0.01315	0.00598	0.00359	0.00120	0.00239	0.00478	0.84816	0.00478
89	0.02760	0.00813	0.00883	0.00766	0.00909	0.00866	0.00537	0.25736	0.01303	0.01772	0.01496	0.03951	0.01533	0.51110	0.01812	0.00368	0.00510	0.00652	0.01719	0.00504
90	0.00750	0.00541	0.00719	0.00713	0.00758	0.00599	0.00497	0.00844	0.00786	0.01099	0.01470	0.02631	0.01544	0.41029	0.40854	0.00652	0.03192	0.00641	0.00291	0.00391
91	0.00956	0.00478	0.00478	0.00478	0.00598	0.00478	0.00359	0.01196	0.01076	0.01913	0.01674	0.01913	0.01315	0.00598	0.00359	0.00120	0.00239	0.00478	0.84816	0.00478
92	0.01467	0.01051	0.01165	0.00956	0.01245	0.02652	0.00765	0.35154	0.09162	0.08425	0.29459	0.02276	0.02408	0.00781	0.00547	0.00159	0.00430	0.00644	0.00537	0.00720
93	0.01241	0.01194	0.02051	0.10392	0.70202	0.01213	0.03068	0.01551	0.01156	0.01641	0.00962	0.01281	0.00800	0.00462	0.00510	0.00155	0.00622	0.00460	0.00252	0.00788
94	0.85592	0.00992	0.00754	0.00675	0.00992	0.01151	0.00556	0.01508	0.00873	0.02302	0.00714	0.00834	0.00556	0.00476	0.00318	0.00159	0.00397	0.00278	0.00318	0.00556
95	0.01170	0.01378	0.07685	0.01856	0.03717	0.01382	0.44421	0.01501	0.01056	0.01503	0.00904	0.01272	0.00735	0.00596	0.00964	0.00189	0.28238	0.00534	0.00245	0.00654
96	0.01222	0.47455	0.36197	0.01134	0.01712	0.01664	0.01323	0.01575	0.01060	0.01390	0.00804	0.00937	0.00655	0.00460	0.00398	0.00133	0.00640	0.00320	0.00218	0.00702
97	0.01347	0.76406	0.08338	0.00921	0.01384	0.01968	0.00953	0.01543	0.01046	0.01238	0.00729	0.00842	0.00658	0.00443	0.00341	0.00114	0.00564	0.00282	0.00219	0.00666
98	0.00624	0.00452	0.00590	0.00700	0.00740	0.00418	0.00470	0.00716	0.00996	0.01315	0.03003	0.75978	0.08936	0.01585	0.00651	0.00206	0.00295	0.01431	0.00476	0.00418
99	0.00956	0.00478	0.00478	0.00478	0.00598	0.00478	0.00359	0.01196	0.01076	0.01913	0.01674	0.01913	0.01315	0.00598	0.00359	0.00120	0.00239	0.00478	0.84816	0.00478
100	0.01034	0.02619	0.77227	0.01482	0.02233	0.01195	0.03943	0.01625	0.01087	0.01625	0.00924	0.01092	0.00653	0.00486	0.00491	0.00163	0.00761	0.00385	0.00218	0.00757
101	0.01628	0.38138	0.01925	0.00961	0.01363	0.01561	0.00855	0.14608	0.13958	0.16778	0.01283	0.01254	0.00964	0.00548	0.00429	0.00137	0.00503	0.00403	0.00400	0.02304
102	0.00746	0.00497	0.00560	0.00560	0.00560	0.00497	0.00311	0.00746	0.00746	0.00995	0.01617	0.03358	0.01865	0.81967	0.02612	0.00497	0.00497	0.00746	0.00311	0.00311
103	0.00741	0.00495	0.00561	0.00566	0.00568	0.00494	0.00318	0.00745	0.00757	0.01009	0.01670	0.06804	0.01933	0.78430	0.02525	0.00485	0.00489	0.00778	0.00318	0.00316
104	0.02051	0.02679	0.07100	0.01253	0.11787	0.00874	0.00951	0.02292	0.01391	0.61441	0.01774	0.01615	0.01151	0.00596	0.00509	0.00157	0.00486	0.00493	0.00545	0.00852
105	0.00734	0.00544	0.00795	0.00795	0.00876	0.00625	0.00604	0.00897	0.00816	0.01169	0.01402	0.02167	0.01349	0.12671	0.71201	0.00788	0.01275	0.00572	0.00279	0.00442
106	0.01918	0.02395	0.01458	0.01315	0.01586	0.76004	0.00991	0.05787	0.01502	0.01354	0.00815	0.00941	0.00671	0.00533	0.00465	0.00133	0.00907	0.00337	0.00277	0.00609
107	0.00969	0.00912	0.01539	0.80734	0.03534	0.01140	0.01425	0.01311	0.01026	0.01311	0.00912	0.01368	0.00684	0.00513	0.00513	0.00171	0.00684	0.00456	0.00228	0.00570
108	0.15654	0.00865	0.01074	0.00848	0.01203	0.00799	0.00689	0.02211	0.01319	0.60941	0.01782	0.01718	0.01199	0.06606	0.00638	0.00184	0.00435	0.00494	0.00560	0.00780
109	0.01237	0.01192	0.01979	0.02884	0.68299	0.02942	0.03597	0.01529	0.01168	0.01644	0.01116	0.04986	0.01009	0.00548	0.00524	0.00158	0.00605	0.03537	0.00273	0.00773
110	0.85592	0.00992	0.00754	0.00675	0.00992	0.01151	0.00556	0.01508	0.00873	0.02302	0.00714	0.00834	0.00556	0.00476	0.00318	0.00159	0.00397	0.00278	0.00318	0.00556
111	0.08457	0.01082	0.01127	0.01006	0.01304	0.01240	0.00788	0.02612	0.67525	0.05996	0.01969	0.01815	0.01466	0.00675	0.00505	0.00172	0.00407	0.00551	0.00510	0.00794
112	0.00625	0.00447	0.00595	0.00714	0.00744	0.00417	0.00476	0.00714	0.00982	0.01310	0.02828	0.81633	0.03394	0.01608	0.00655	0.00208	0.00298	0.01459	0.00476	0.00417
113	0.00733	0.00550	0.00825	0.00825	0.00916	0.00641	0.00641	0.00916	0.00825	0.01191	0.01374	0.02016	0.01283	0.03848	0.79934	0.00825	0.01374	0.00550	0.00275	0.00458
114	0.01372	0.82276	0.02689	0.00878	0.01317	0.02030	0.00878	0.01536	0.01043	0.01207	0.00713	0.00823	0.00658	0.00439	0.00329	0.00110	0.00549	0.00274	0.00219	0.00658
115	0.85592	0.00992	0.00754	0.00675	0.00992	0.01151	0.00556	0.01508	0.00873	0.02302	0.00714	0.00834	0.00556	0.00476	0.00318	0.00159	0.00397	0.00278	0.00318	0.00556
116	0.01097	0.02216	0.55631	0.01528	0.04284	0.01218	0.10703	0.01800	0.13251	0.01711	0.01121	0.01256	0.00815	0.00513	0.00508	0.00165	0.00711	0.00440	0.00271	0.00760
117	0.01276	0.01102	0.01160	0.01044	0.01334	0.01276	0.00812	0.02727	0.77840	0.02146	0.02088	0.01914	0.01566	0.00696	0.00522	0.00174	0.00406	0.00580	0.00522	0.00812
118	0.00969	0.00912	0.01539	0.80734	0.03534	0.01140	0.01425	0.01311	0.01026	0.01311	0.00912	0.01368	0.00684	0.00513	0.00513	0.00171	0.00684	0.00456	0.00228	0.00570
119	0.00625	0.00447	0.00595	0.00714	0.00744	0.00417	0.00476	0.00714	0.00982	0.01310	0.02828	0.81633	0.03394	0.01608	0.00655	0.00208	0.00298	0.01459	0.00476	0.00417
120	0.00744	0.00507	0.00606	0.00606	0.00622	0.00523	0.00368	0.00776	0.00760	0.01029	0.01575	0.03124	0.01764	0.68366	0.16074	0.00554	0.00650	0.00712	0.00305	0.00337
121	0.00705	0.00543	0.00742	0.00798	0.00878	0.00524	0.03610	0.00917	0.06676	0.01399	0.02814	0.65341	0.06880	0.01469	0.00643	0.00204	0.00334	0.04592	0.00471	0.00460
122	0.01243	0.00937	0.01466	0.56675	0.02866	0.01118	0.01254	0.04833	0.01142	0.14169	0.01103	0.01415	0.00798	0.00569	0.00601	0.00171	0.06791	0.00466	0.01752	0.00631
123	0.07184	0.01639	0.01517	0.03243	0.08603	0.23415	0.01027	0.37945	0.01800	0.02312	0.01010	0.01121	0.00771	0.00583	0.00558	0.00153	0.05582	0.00412	0.00383	0.00743
124	0.09475	0.09728	0.01541	0.01142	0.01497	0.25701	0.00926	0.36556	0.04898	0.02294	0.01033	0.01088	0.00785	0.00562	0.00462	0.00144	0.00652	0.00391	0.00390	0.00734
125	0.77729	0.07192	0.02265	0.00704	0.01038	0.01219	0.00603	0.01512	0.00890	0.02207	0.00718	0.00837	0.00565	0.00474	0.00321	0.00155	0.00415	0.00279	0.00308	0.00567
126	0.01330	0.04887	0.05486	0.02628	0.58638	0.03002	0.01444	0.07401	0.06913	0.01797	0.01051	0.01279	0.00855	0.00489	0.00500	0.00152	0.00602	0.00452	0.00290	0.00803
127	0.01064	0.00912	0.01064	0.00760	0.01216	0.00684	0.00608	0.01292	0.01064	0.01672	0.00912	0.01064	0.00760	0.00380	0.00380	0.00076	0.00380	0.00304	0.00304	0.85104
128	0.00704	0.00524	0.00655	0.00622	0.00753	0.00475	0.00466	0.00925	0.01399	0.01932	0.64748	0.04040	0.18668	0.01096	0.00605	0.00164	0.00245	0.00957	0.00548	0.00475
129	0.00844	0.00635	0.00873	0.00835	0.00931	0.00735	0.00638	0.06519	0.00927	0.01313	0.01367	0.02125	0.01314	0.15800	0.57967	0.00694	0.05146	0.00569	0.00296	0.00471
130	0.00855	0.00649	0.00989	0.01035	0.01182	0.00643	0.06436	0.01106	0.01183	0.01544	0.02593	0.05463	0.02793	0.01345	0.00701	0.00232	0.00501	0.69805	0.00457	0.00489
131	0.00733	0.00550	0.00825	0.00825	0.00916	0.00641	0.00641	0.00916	0.00825	0.01191	0.01374	0.02016	0.01283	0.03848	0.79934	0.00825	0.01374	0.00550	0.00275	0.00458
132	0.01951	0.01437	0.01540	0.01181	0.01591	0.01591	0.00975	0.77056	0.02412	0.03234	0.01232	0.01232	0.00873	0.00616	0.00513	0.00154	0.00565	0.00462	0.00513	0.00873
133	0.00827	0.00591	0.00827	0.00945	0.01063	0.00591	0.00827	0.01063	0.01181	0.01536	0.02717	0.05788	0.02953	0.01417	0.00709	0.00236	0.00472	0.75313	0.00472	0.00472
134	0.79425	0.01025	0.00812	0.00712	0.01036	0.01184	0.00587	0.07078	0.00987	0.02371	0.00753	0.00863	0.00579	0.00487	0.00332	0.00158	0.00409	0.00291	0.00332	0.00579
135	0.85592	0.00992	0.00754	0.00675	0.00992	0.01151	0.00556	0.01508	0.00873	0.02302	0.00714	0.00834	0.00556	0.00476	0.00318	0.00159	0.00397	0.00278	0.00318	0.00556
136	0.00668	0.00477	0.00645	0.00764	0.00812	0.00454	0.00551	0.00789	0.01025	0.01358	0.02804	0.65444	0.03300	0.01567	0.00666	0.00214	0.00335	0.17222	0.00475	0.00429
137	0.02302	0.00873	0.01191	0.00913	0.01310	0.00754	0.00754	0.02501	0.01469	0.79122	0.02024	0.01746	0.01270	0.00635	0.00516	0.00159	0.00437	0.00516	0.00635	0.00873
138	0.01029	0.02654	0.79309	0.01462	0.02221	0.01192	0.01896	0.01625	0.01083	0.01625	0.00921	0.01083	0.00650	0.00487	0.00487	0.00162	0.00758	0.00379	0.00217	0.00758
139	0.00733	0.00550	0.00825	0.00825	0.00916	0.00641	0.00641	0.00916	0.00825	0.01191	0.01374	0.02016	0.01283	0.03848	0.79934	0.00825	0.01374	0.00550	0.00275	0.00458
140	0.00978	0.00499	0.00501	0.00493	0.00619	0.00502	0.00372	0.02833	0.01105	0.01941	0.01664	0.01898	0.01306	0.00598	0.00362	0.00120	0.00246	0.00478	0.82996	0.00487
141	0.00724	0.00524	0.00683	0.00643	0.00765	0.00483	0.00482	0.00964	0.01447	0.02045	0.77070	0.03854	0.06276	0.01054	0.00605	0.00162	0.00242	0.00931	0.00563	0.00483
142	0.00779	0.00586	0.00730	0.00697	0.00839	0.00567	0.00534	0.01131	0.09001	0.01974	0.59392	0.03876	0.10334	0.01061	0.00605	0.00169	0.00277	0.06390	0.00547	0.00512
143	0.01064	0.00912	0.01064	0.00760	0.01216	0.00684	0.00608	0.01292	0.01064	0.01672	0.00912	0.01064	0.00760	0.00380	0.00380	0.00076	0.00380	0.00304	0.00304	0.85104
144	0.02275	0.00917	0.01218	0.00934	0.01332	0.00819	0.00771	0.08251	0.01541	0.73269	0.01963	0.01707	0.01239	0.00634	0.00516	0.00158	0.00446	0.00512	0.00626	0.00873
145	0.01610	0.01856	0.01506	0.01321	0.01494	0.43637	0.01041	0.07262	0.01265	0.01393	0.00779	0.01025	0.00681	0.00679	0.00942	0.00170	0.32083	0.00386	0.00267	0.00602
146	0.29967	0.00913	0.01046	0.00834	0.01204	0.00886	0.00688	0.02171	0.01271	0.53606	0.01589	0.01443	0.01033	0.00582	0.00450	0.00159	0.00423	0.00437	0.00530	0.00768
147	0.00637	0.00456	0.00606	0.00706	0.00747	0.00425	0.00477	0.00745	0.01040	0.01401	0.12041	0.72160	0.03570	0.01540	0.00649	0.00203	0.00291	0.01394	0.00487	0.00425
148	0.02056	0.00986	0.01226	0.00971	0.01348	0.00957	0.00792	0.11346	0.16827	0.54796	0.01944	0.01719	0.01282	0.00645	0.00517	0.00161	0.00446	0.00522	0.00598	0.00861
149	0.00808	0.00653	0.00749	0.00681	0.00867	0.02139	0.00516	0.01120	0.07623	0.01853	0.45250	0.05204	0.18808	0.00994	0.00571	0.00155	0.00290	0.00857	0.00505	0.10356
150	0.00624	0.00450	0.00592	0.00706	0.00742	0.00417	0.00472	0.00715	0.00991	0.01313	0.02932	0.78256	0.06703	0.01594	0.00653	0.00207	0.00296	0.01442	0.00476	0.00417
151	0.01114	0.00910	0.01069	0.00766	0.01220	0.00687	0.00614	0.01341	0.01080	0.04812	0.00957	0.01092	0.00781	0.00390	0.00386	0.00079	0.00382	0.00313	0.00317	0.81690
152	0.03806	0.16478	0.20070	0.01483	0.12494	0.22960	0.01242	0.06559	0.01258	0.01566	0.00860	0.01023	0.00694	0.00504	0.00491	0.00141	0.03632	0.00360	0.00261	0.04117
153	0.01790	0.01366	0.01518	0.01303	0.07239	0.01512	0.00993	0.59344	0.14647	0.02941	0.01352	0.01346	0.00982	0.00617	0.00514	0.00157	0.00542	0.00481	0.00496	0.00858
154	0.00629	0.00449	0.00599	0.00719	0.00750	0.00420	0.00483	0.00721	0.00986	0.01314	0.02826	0.80287	0.03386	0.01604	0.00656	0.00209	0.00301	0.02769	0.00476	0.00418
155	0.01088	0.00926	0.01077	0.00771	0.01226	0.00709	0.00618	0.03360	0.01101	0.01715	0.00921	0.01069	0.00763	0.00386	0.00384	0.00078	0.00385	0.00308	0.00310	0.82805
156	0.00734	0.00546	0.00805	0.00805	0.00890	0.00631	0.00617	0.00904	0.00819	0.01177	0.01392	0.02115	0.01326	0.09608	0.74233	0.00801	0.01310	0.00564	0.00278	0.00447
157	0.01525	0.01183	0.01252	0.01088	0.02658	0.04436	0.00846	0.15244	0.49251	0.10944	0.01822	0.01698	0.01336	0.00653	0.00512	0.00163	0.00460	0.00531	0.00511	0.03888
158	0.01061	0.06534	0.70590	0.01523	0.05698	0.01237	0.03163	0.01619	0.01087	0.01607	0.00915	0.01084	0.00660	0.00483	0.00483	0.00160	0.00743	0.00382	0.00219	0.00755
159	0.01968	0.01409	0.01522	0.01167	0.01577	0.01549	0.00964	0.73340	0.02365	0.07016	0.01271	0.01258	0.00892	0.00617	0.00513	0.00154	0.00558	0.00465	0.00519	0.00873
160	0.02302	0.00873	0.01191	0.00913	0.01310	0.00754	0.00754	0.02501	0.01469	0.79122	0.02024	0.01746	0.01270	0.00635	0.00516	0.00159	0.00437	0.00516	0.00635	0.00873
161	0.00609	0.00520	0.00523	0.00523	0.00695	0.00434	0.00392	0.00741	0.01176	0.01401	0.06780	0.04914	0.76967	0.01294	0.00606	0.00173	0.00260	0.01080	0.00478	0.00434
162	0.00648	0.00472	0.00616	0.00722	0.00778	0.00440	0.00510	0.00760	0.01027	0.01346	0.03066	0.64120	0.11317	0.01551	0.00656	0.00208	0.00315	0.10545	0.00476	0.00425
163	0.85592	0.00992	0.00754	0.00675	0.00992	0.01151	0.00556	0.01508	0.00873	0.02302	0.00714	0.00834	0.00556	0.00476	0.00318	0.00159	0.00397	0.00278	0.00318	0.00556
164	0.00956	0.00478	0.00478	0.00478	0.00598	0.00478	0.00359	0.01196	0.01076	0.01913	0.01674	0.01913	0.01315	0.00598	0.00359	0.00120	0.00239	0.00478	0.84816	0.00478
165	0.02302	0.00873	0.01191	0.00913	0.01310	0.00754	0.00754	0.02501	0.01469	0.79122	0.02024	0.01746	0.01270	0.00635	0.00516	0.00159	0.00437	0.00516	0.00635	0.00873
166	0.00753	0.00532	0.00685	0.00642	0.00773	0.00486	0.00483	0.00986	0.01432	0.03753	0.71360	0.03867	0.10196	0.01058	0.00603	0.00162	0.00248	0.00930	0.00560	0.00489
167	0.00746	0.00497	0.00560	0.00560	0.00560	0.00497	0.00311	0.00746	0.00746	0.00995	0.01617	0.03358	0.01865	0.81967	0.02612	0.00497	0.00497	0.00746	0.00311	0.00311
168	0.01276	0.01102	0.01160	0.01044	0.01334	0.01276	0.00812	0.02727	0.77840	0.02146	0.02088	0.01914	0.01566	0.00696	0.00522	0.00174	0.00406	0.00580	0.00522	0.00812
169	0.02302	0.00873	0.01191	0.00913	0.01310	0.00754	0.00754	0.02501	0.01469	0.79122	0.02024	0.01746	0.01270	0.00635	0.00516	0.00159	0.00437	0.00516	0.00635	0.00873
170	0.00733	0.00550	0.00825	0.00825	0.00916	0.00641	0.00641	0.00916	0.00825	0.01191	0.01374	0.02016	0.01283	0.03848	0.79934	0.00825	0.01374	0.00550	0.00275	0.00458
171	0.85592	0.00992	0.00754	0.00675	0.00992	0.01151	0.00556	0.01508	0.00873	0.02302	0.00714	0.00834	0.00556	0.00476	0.00318	0.00159	0.00397	0.00278	0.00318	0.00556
172	0.02302	0.00873	0.01191	0.00913	0.01310	0.00754	0.00754	0.02501	0.01469	0.79122	0.02024	0.01746	0.01270	0.00635	0.00516	0.00159	0.00437	0.00516	0.00635	0.00873
173	0.00782	0.00559	0.00774	0.00884	0.00985	0.00551	0.00740	0.00989	0.01155	0.01517	0.06516	0.20692	0.03134	0.01437	0.00693	0.00227	0.00426	0.56998	0.00478	0.00462
174	0.01592	0.00944	0.01437	0.29107	0.13962	0.00981	0.01111	0.01922	0.05141	0.34513	0.03135	0.01595	0.01088	0.00577	0.00516	0.00163	0.00544	0.00498	0.00427	0.00747
175	0.01330	0.01467	0.01541	0.01341	0.01409	0.21983	0.01088	0.01447	0.00960	0.01240	0.00705	0.01071	0.00670	0.00802	0.01366	0.00200	0.60157	0.00418	0.00235	0.00570
176	0.08443	0.00882	0.01159	0.00895	0.01286	0.00783	0.00740	0.02427	0.01425	0.73458	0.01928	0.01679	0.01217	0.00623	0.00501	0.00159	0.00434	0.00498	0.00612	0.00850
177	0.02302	0.00873	0.01191	0.00913	0.01310	0.00754	0.00754	0.02501	0.01469	0.79122	0.02024	0.01746	0.01270	0.00635	0.00516	0.00159	0.00437	0.00516	0.00635	0.00873
178	0.01153	0.16638	0.54366	0.01443	0.03797	0.05272	0.07292	0.01631	0.01106	0.01535	0.00887	0.01056	0.00665	0.00476	0.00468	0.00152	0.00734	0.00377	0.00224	0.00729
179	0.00748	0.00547	0.00717	0.00749	0.00865	0.00521	0.00594	0.00983	0.02703	0.01746	0.37526	0.14130	0.09585	0.01250	0.00644	0.00193	0.00328	0.25182	0.00516	0.00474
180	0.00972	0.00890	0.01475	0.74091	0.03307	0.01109	0.01353	0.01302	0.01024	0.01346	0.00953	0.01396	0.00722	0.00527	0.00529	0.00169	0.02408	0.00457	0.05406	0.00564
181	0.03526	0.00894	0.01122	0.00836	0.01259	0.00730	0.00681	0.01910	0.01265	0.41017	0.01473	0.01406	0.01015	0.00512	0.00448	0.00120	0.00409	0.00411	0.00472	0.40496
182	0.85592	0.00992	0.00754	0.00675	0.00992	0.01151	0.00556	0.01508	0.00873	0.02302	0.00714	0.00834	0.00556	0.00476	0.00318	0.00159	0.00397	0.00278	0.00318	0.00556
183	0.01324	0.62311	0.18583	0.01018	0.01517	0.05167	0.01095	0.01577	0.01069	0.01296	0.00760	0.00882	0.00657	0.00453	0.00368	0.00122	0.00608	0.00299	0.00221	0.00677
184	0.01840	0.01256	0.01384	0.01100	0.01478	0.01368	0.00896	0.45469	0.21346	0.15956	0.01584	0.01493	0.01116	0.00640	0.00516	0.00160	0.00503	0.00501	0.00536	0.00857
185	0.00687	0.00523	0.00631	0.00604	0.00742	0.00467	0.00453	0.00892	0.01359	0.01837	0.54390	0.04196	0.29085	0.01131	0.00606	0.00165	0.00248	0.00979	0.00536	0.00467
186	0.02285	0.00901	0.01208	0.00926	0.01324	0.00796	0.00765	0.06216	0.01516	0.75340	0.01985	0.01721	0.01250	0.00634	0.00516	0.00159	0.00443	0.00513	0.00629	0.00873
187	0.00719	0.00524	0.00675	0.00637	0.00762	0.00481	0.00478	0.00953	0.01434	0.02015	0.73798	0.03904	0.09566	0.01065	0.00605	0.00162	0.00243	0.00938	0.00559	0.00481
188	0.00615	0.00520	0.00532	0.00529	0.00698	0.00437	0.00397	0.00753	0.01190	0.01436	0.10602	0.04857	0.73123	0.01281	0.00606	0.00172	0.00259	0.01071	0.00483	0.00437
189	0.85592	0.00992	0.00754	0.00675	0.00992	0.01151	0.00556	0.01508	0.00873	0.02302	0.00714	0.00834	0.00556	0.00476	0.00318	0.00159	0.00397	0.00278	0.00318	0.00556
190	0.00759	0.00613	0.00686	0.00652	0.00823	0.00586	0.00493	0.01141	0.13358	0.01770	0.33526	0.04027	0.37448	0.01106	0.00593	0.00169	0.00276	0.00943	0.00518	0.00513
191	0.85592	0.00992	0.00754	0.00675	0.00992	0.01151	0.00556	0.01508	0.00873	0.02302	0.00714	0.00834	0.00556	0.00476	0.00318	0.00159	0.00397	0.00278	0.00318	0.00556
192	0.85592	0.00992	0.00754	0.00675	0.00992	0.01151	0.00556	0.01508	0.00873	0.02302	0.00714	0.00834	0.00556	0.00476	0.00318	0.00159	0.00397	0.00278	0.00318	0.00556
193	0.00721	0.00524	0.00679	0.00640	0.00764	0.00482	0.00480	0.00959	0.01441	0.02030	0.75532	0.03878	0.07823	0.01059	0.00605	0.00162	0.00243	0.00934	0.00561	0.00482
194	0.85592	0.00992	0.00754	0.00675	0.00992	0.01151	0.00556	0.01508	0.00873	0.02302	0.00714	0.00834	0.00556	0.00476	0.00318	0.00159	0.00397	0.00278	0.00318	0.00556
195	0.08098	0.01373	0.01456	0.01128	0.01524	0.01517	0.00930	0.68365	0.02250	0.04748	0.01243	0.02822	0.00908	0.00626	0.00502	0.00156	0.00544	0.00469	0.00501	0.00840
196	0.08117	0.01404	0.01482	0.01143	0.01547	0.01559	0.00944	0.71486	0.02299	0.03165	0.01194	0.01203	0.00849	0.00606	0.00499	0.00154	0.00552	0.00448	0.00499	0.00849
197	0.00940	0.00482	0.00494	0.00491	0.00610	0.00479	0.00368	0.01179	0.01104	0.01924	0.07338	0.02055	0.01575	0.00631	0.00377	0.00123	0.00239	0.00511	0.78604	0.00479
198	0.00632	0.00456	0.00599	0.00701	0.00744	0.00422	0.00473	0.00734	0.01025	0.01368	0.08511	0.72520	0.06809	0.01553	0.00649	0.00203	0.00292	0.01403	0.00483	0.00422
199	0.01211	0.01384	0.03028	0.02163	0.02682	0.01298	0.76903	0.01644	0.01211	0.01644	0.01038	0.01384	0.00779	0.00433	0.00606	0.00173	0.00865	0.00606	0.00260	0.00692
200	0.00628	0.00511	0.00557	0.00572	0.00717	0.00440	0.00423	0.00768	0.01176	0.01458	0.13440	0.15838	0.57367	0.01317	0.00616	0.00178	0.00268	0.02799	0.00487	0.00438
201	0.02287	0.00898	0.01206	0.00925	0.01322	0.00791	0.00764	0.05783	0.01510	0.75781	0.01989	0.01724	0.01253	0.00634	0.00516	0.00159	0.00442	0.00514	0.00630	0.00873
202	0.01039	0.00984	0.01666	0.62568	0.21150	0.01159	0.01460	0.01373	0.01059	0.01397	0.00924	0.01345	0.00714	0.00500	0.00512	0.00167	0.00667	0.00456	0.00234	0.00627
203	0.02302	0.00873	0.01191	0.00913	0.01310	0.00754	0.00754	0.02501	0.01469	0.79122	0.02024	0.01746	0.01270	0.00635	0.00516	0.00159	0.00437	0.00516	0.00635	0.00873
204	0.00746	0.00497	0.00560	0.00560	0.00560	0.00497	0.00311	0.00746	0.00746	0.00995	0.01617	0.03358	0.01865	0.81967	0.02612	0.00497	0.00497	0.00746	0.00311	0.00311
205	0.85592	0.00992	0.00754	0.00675	0.00992	0.01151	0.00556	0.01508	0.00873	0.02302	0.00714	0.00834	0.00556	0.00476	0.00318	0.00159	0.00397	0.00278	0.00318	0.00556
206	0.09345	0.00883	0.01154	0.00893	0.01283	0.00788	0.00737	0.02417	0.01418	0.72626	0.01914	0.01669	0.01210	0.00622	0.00499	0.00159	0.00433	0.00496	0.00608	0.00846
207	0.01765	0.01326	0.01561	0.12006	0.07528	0.01470	0.01069	0.57361	0.03716	0.05240	0.01213	0.01284	0.00870	0.00593	0.00513	0.00157	0.00577	0.00465	0.00460	0.00826
208	0.01155	0.26201	0.33392	0.01219	0.01748	0.01376	0.08111	0.01614	0.06754	0.03202	0.02870	0.02832	0.04329	0.00634	0.02328	0.00165	0.00645	0.00452	0.00278	0.00695
209	0.00688	0.00529	0.00596	0.00575	0.00734	0.00459	0.00433	0.00861	0.01282	0.03323	0.32528	0.04456	0.49327	0.01191	0.00604	0.00169	0.00257	0.01013	0.00513	0.00462
210	0.00606	0.00520	0.00520	0.00520	0.00693	0.00433	0.00390	0.00736	0.01170	0.01386	0.05198	0.04938	0.78558	0.01299	0.00606	0.00173	0.00260	0.01083	0.00476	0.00433
211	0.05969	0.00878	0.01172	0.00902	0.01296	0.00772	0.00745	0.02457	0.01442	0.75740	0.01967	0.01706	0.01239	0.00628	0.00507	0.00159	0.00435	0.00506	0.00621	0.00859
212	0.00726	0.00524	0.00686	0.00646	0.00767	0.00484	0.00484	0.00968	0.01452	0.02058	0.78496	0.03833	0.04841	0.01049	0.00605	0.00161	0.00242	0.00928	0.00565	0.00484
213	0.01372	0.82276	0.02689	0.00878	0.01317	0.02030	0.00878	0.01536	0.01043	0.01207	0.00713	0.00823	0.00658	0.00439	0.00329	0.00110	0.00549	0.00274	0.00219	0.00658
214	0.00694	0.00523	0.00641	0.00611	0.00746	0.00470	0.00458	0.00905	0.01375	0.01874	0.58481	0.04135	0.24971	0.01117	0.00606	0.00165	0.00247	0.00970	0.00541	0.00470
215	0.01323	0.05398	0.03954	0.03305	0.02050	0.07482	0.38154	0.15566	0.01401	0.01828	0.01268	0.12062	0.01125	0.00643	0.00583	0.00168	0.02038	0.00644	0.00332	0.00676
216	0.01378	0.76035	0.05748	0.00918	0.01364	0.04936	0.00924	0.01559	0.01060	0.01226	0.00725	0.00837	0.00658	0.00444	0.00341	0.00113	0.00571	0.00281	0.00221	0.00660
217	0.04859	0.22375	0.49699	0.01434	0.08858	0.01402	0.01553	0.01593	0.01072	0.01555	0.00864	0.01024	0.00663	0.00472	0.00442	0.00148	0.00677	0.00356	0.00225	0.00729
218	0.01270	0.01219	0.02083	0.03149	0.78767	0.01219	0.01575	0.01575	0.01168	0.01676	0.00965	0.01270	0.00813	0.00457	0.00508	0.00152	0.00610	0.00457	0.00254	0.00813
219	0.00625	0.00447	0.00595	0.00714	0.00744	0.00417	0.00476	0.00714	0.00982	0.01310	0.02828	0.81633	0.03394	0.01608	0.00655	0.00208	0.00298	0.01459	0.00476	0.00417
