[name]
unknown

[dist]
# distance from previous block
# <min> <max>
0	151

[block]
# block no. 0 follows, 55 sequences, length 82
# corresponding to MSA columns:
# 158-239
name=unknown_A
#
# <colnr> <probs for GDERKNQSTAVLIFYWHMCP>
#	G	D	E	R	K	N	Q	S	T	A	V	L	I	F	Y	W	H	M	C	P
0	0.01221	0.00917	0.01142	0.14017	0.05352	0.02304	0.00823	0.24993	0.04184	0.07264	0.12717	0.04654	0.01500	0.03699	0.00615	0.02298	0.02882	0.03409	0.00389	0.05621
1	0.00630	0.00464	0.00597	0.00656	0.00727	0.00442	0.00472	0.00812	0.04538	0.01400	0.20554	0.49527	0.07839	0.01272	0.00580	0.00178	0.00275	0.08172	0.00452	0.00413
2	0.00622	0.00440	0.00569	0.00638	0.00687	0.00417	0.00448	0.00717	0.00928	0.01235	0.10252	0.46491	0.07271	0.13339	0.00885	0.02586	0.00314	0.11376	0.00411	0.00373
3	0.03716	0.00573	0.00775	0.00725	0.00856	0.00548	0.05848	0.05653	0.01051	0.04814	0.11884	0.33997	0.15868	0.03348	0.00706	0.07536	0.00333	0.00929	0.00408	0.00435
4	0.03824	0.00635	0.00749	0.00671	0.00832	0.00619	0.00490	0.08245	0.03876	0.19329	0.06561	0.14746	0.10871	0.25226	0.01054	0.00243	0.00373	0.00730	0.00425	0.00502
5	0.10022	0.01120	0.01239	0.00958	0.01319	0.01190	0.00791	0.50026	0.01812	0.24904	0.01275	0.01214	0.00865	0.00551	0.00449	0.00141	0.00465	0.00417	0.00480	0.00764
6	0.08228	0.00732	0.00947	0.00778	0.01070	0.00665	0.00631	0.01883	0.02630	0.56540	0.06547	0.09680	0.02588	0.00713	0.00480	0.00152	0.00370	0.04153	0.00526	0.00686
7	0.00980	0.00541	0.00663	0.00609	0.00771	0.00480	0.00451	0.01105	0.01082	0.21845	0.12736	0.15308	0.27526	0.12818	0.00795	0.00199	0.00311	0.00839	0.00458	0.00483
8	0.00672	0.00482	0.00600	0.00642	0.00705	0.00466	0.00444	0.05281	0.01005	0.01348	0.13011	0.48949	0.06428	0.13982	0.00853	0.00220	0.00309	0.03784	0.00422	0.00398
9	0.00879	0.00827	0.01395	0.82532	0.03204	0.01034	0.01292	0.01189	0.00930	0.01189	0.00827	0.01240	0.00620	0.00465	0.00465	0.00155	0.00620	0.00413	0.00207	0.00517
10	0.00927	0.00520	0.00679	0.00647	0.00786	0.00468	0.00480	0.01080	0.01148	0.18638	0.30122	0.29427	0.09805	0.02350	0.00575	0.00166	0.00279	0.00929	0.00489	0.00488
11	0.06042	0.00544	0.00667	0.00634	0.00766	0.00510	0.00456	0.01088	0.01011	0.18958	0.13102	0.26468	0.08587	0.17967	0.00902	0.00222	0.00330	0.00843	0.00436	0.00467
12	0.00571	0.00408	0.00545	0.00653	0.00682	0.00382	0.00439	0.00655	0.00895	0.01192	0.02562	0.81498	0.03067	0.01453	0.00595	0.00190	0.00274	0.03129	0.00432	0.00379
13	0.00568	0.00463	0.00502	0.00512	0.00644	0.00397	0.00376	0.00695	0.01074	0.01335	0.15362	0.15022	0.59063	0.01183	0.00556	0.00160	0.00238	0.01008	0.00444	0.00397
14	0.00855	0.00513	0.00638	0.00612	0.00758	0.00462	0.00468	0.01022	0.01152	0.13586	0.27401	0.15508	0.22225	0.01022	0.00535	0.00157	0.00272	0.06132	0.06211	0.00471
15	0.00700	0.00468	0.00688	0.00689	0.00745	0.00518	0.00510	0.00761	0.00732	0.01032	0.04147	0.03783	0.01268	0.07492	0.51676	0.22747	0.00922	0.00517	0.00253	0.00353
16	0.64777	0.00929	0.00823	0.00696	0.01004	0.01036	0.00573	0.10310	0.01029	0.13836	0.00876	0.00919	0.00632	0.00467	0.00335	0.00143	0.00382	0.00303	0.00350	0.00579
17	0.05938	0.05591	0.56748	0.01190	0.01745	0.01025	0.05951	0.01378	0.01025	0.01550	0.12377	0.01336	0.01143	0.00510	0.00448	0.00145	0.00598	0.00418	0.00250	0.00633
18	0.00779	0.00421	0.00622	0.00618	0.00637	0.00425	0.00425	0.00655	0.00691	0.00941	0.08857	0.01662	0.01203	0.01734	0.09564	0.69356	0.00468	0.00457	0.00238	0.00247
19	0.01095	0.01247	0.02698	0.01935	0.02389	0.01185	0.76303	0.01477	0.01084	0.01477	0.00930	0.01247	0.00703	0.00407	0.00584	0.00159	0.03681	0.00544	0.00234	0.00623
20	0.01244	0.83930	0.02438	0.00796	0.01194	0.01841	0.00796	0.01393	0.00945	0.01095	0.00647	0.00746	0.00597	0.00398	0.00299	0.00100	0.00498	0.00249	0.00199	0.00597
21	0.01683	0.00920	0.01189	0.07237	0.06954	0.00931	0.00816	0.10619	0.19229	0.42860	0.01626	0.01510	0.01104	0.00567	0.00468	0.00147	0.00430	0.00468	0.00488	0.00754
22	0.01028	0.01045	0.01342	0.03567	0.01252	0.07202	0.00969	0.01141	0.00771	0.01122	0.00731	0.03689	0.00727	0.00983	0.06893	0.00233	0.66155	0.00435	0.00217	0.00501
23	0.00751	0.00524	0.00694	0.00773	0.00867	0.00523	0.00633	0.03819	0.01048	0.01405	0.02326	0.22480	0.02552	0.04919	0.00680	0.00209	0.00382	0.48681	0.06311	0.00424
24	0.01083	0.01983	0.59700	0.03855	0.02983	0.00998	0.04395	0.01538	0.01029	0.12002	0.01023	0.03519	0.00747	0.00486	0.00453	0.00147	0.00628	0.00398	0.00258	0.02775
25	0.00652	0.00471	0.00616	0.00590	0.00694	0.00435	0.00438	0.00862	0.01288	0.01819	0.75156	0.08955	0.04300	0.00986	0.00552	0.00149	0.00223	0.00874	0.00507	0.00435
26	0.00956	0.00889	0.01424	0.49166	0.20165	0.00971	0.01182	0.01239	0.00966	0.01325	0.00838	0.01168	0.00659	0.00431	0.00441	0.00135	0.00553	0.00388	0.00225	0.16880
27	0.00665	0.00495	0.00731	0.00731	0.00809	0.00573	0.00561	0.00820	0.00743	0.01068	0.01261	0.01911	0.01199	0.08989	0.76357	0.00727	0.01192	0.00511	0.00251	0.00406
28	0.01174	0.01008	0.01061	0.00950	0.01216	0.01165	0.00740	0.04572	0.77781	0.01973	0.01872	0.01719	0.01403	0.00629	0.00473	0.00157	0.00372	0.00523	0.00473	0.00738
29	0.01244	0.83930	0.02438	0.00796	0.01194	0.01841	0.00796	0.01393	0.00945	0.01095	0.00647	0.00746	0.00597	0.00398	0.00299	0.00100	0.00498	0.00249	0.00199	0.00597
30	0.00612	0.00469	0.00560	0.00547	0.00669	0.00418	0.00407	0.00784	0.01192	0.01593	0.46981	0.09327	0.32615	0.01070	0.00552	0.00153	0.00229	0.00927	0.00477	0.00418
31	0.01244	0.83930	0.02438	0.00796	0.01194	0.01841	0.00796	0.01393	0.00945	0.01095	0.00647	0.00746	0.00597	0.00398	0.00299	0.00100	0.00498	0.00249	0.00199	0.00597
32	0.00665	0.00498	0.00748	0.00748	0.00831	0.00582	0.00582	0.00831	0.00748	0.01080	0.01246	0.01828	0.01163	0.03489	0.81807	0.00748	0.01246	0.00498	0.00249	0.00415
33	0.00682	0.00577	0.03661	0.02177	0.03326	0.00524	0.00519	0.00873	0.06096	0.01252	0.08283	0.34510	0.09136	0.20366	0.03847	0.00258	0.00381	0.02739	0.00380	0.00413
34	0.00658	0.00476	0.00622	0.00585	0.00695	0.00439	0.00439	0.00878	0.01317	0.01866	0.80503	0.03475	0.04390	0.00951	0.00549	0.00146	0.00219	0.00841	0.00512	0.00439
35	0.00668	0.00456	0.00525	0.00525	0.00541	0.00458	0.00311	0.00689	0.00705	0.00937	0.01637	0.03028	0.06252	0.72258	0.08780	0.00458	0.00504	0.00680	0.00288	0.00299
36	0.01570	0.01205	0.01285	0.01030	0.01367	0.01350	0.00836	0.54314	0.27394	0.02612	0.01369	0.01318	0.00995	0.00582	0.00468	0.00146	0.00465	0.00454	0.00468	0.00773
37	0.01244	0.83930	0.02438	0.00796	0.01194	0.01841	0.00796	0.01393	0.00945	0.01095	0.00647	0.00746	0.00597	0.00398	0.00299	0.00100	0.00498	0.00249	0.00199	0.00597
38	0.02087	0.00792	0.01080	0.00828	0.01188	0.00684	0.00684	0.02267	0.01332	0.81071	0.01835	0.01583	0.01152	0.00576	0.00468	0.00144	0.00396	0.00468	0.00576	0.00792
39	0.02069	0.00821	0.01098	0.00842	0.01202	0.00728	0.00695	0.06731	0.01381	0.76537	0.01794	0.01556	0.01131	0.00575	0.00468	0.00144	0.00403	0.00465	0.00569	0.00792
40	0.01606	0.02054	0.02685	0.19399	0.01803	0.01045	0.05474	0.24040	0.03954	0.31150	0.01320	0.01337	0.00894	0.00532	0.00469	0.00146	0.00508	0.00443	0.00427	0.00714
41	0.00865	0.00583	0.00740	0.00739	0.00834	0.00601	0.00540	0.09954	0.01042	0.07081	0.02039	0.45342	0.02256	0.10498	0.06383	0.00249	0.04083	0.05308	0.00407	0.00456
42	0.00688	0.00501	0.00663	0.00690	0.00803	0.00476	0.00563	0.00896	0.01190	0.01612	0.40787	0.04314	0.10358	0.01113	0.00589	0.00176	0.00309	0.33374	0.00470	0.00430
43	0.01764	0.00750	0.01009	0.00807	0.01103	0.00683	0.00655	0.03333	0.02530	0.61173	0.11534	0.06564	0.01642	0.00683	0.00523	0.00149	0.03279	0.00562	0.00543	0.00713
44	0.04313	0.01021	0.03318	0.07631	0.01424	0.03359	0.02940	0.27749	0.01536	0.28046	0.09578	0.04409	0.01327	0.00615	0.00474	0.00145	0.00461	0.00503	0.00458	0.00694
45	0.81302	0.00924	0.00729	0.04277	0.01014	0.02747	0.00547	0.01370	0.00809	0.02027	0.00657	0.00779	0.00511	0.00434	0.00299	0.00144	0.00382	0.00260	0.00283	0.00505
46	0.24480	0.06806	0.11772	0.09576	0.22183	0.01063	0.02247	0.02945	0.00969	0.01602	0.02293	0.02478	0.06199	0.00528	0.00447	0.01286	0.01864	0.00410	0.00262	0.00590
47	0.01768	0.01303	0.01396	0.01070	0.01443	0.01443	0.00884	0.79197	0.02187	0.02932	0.01117	0.01117	0.00791	0.00558	0.00465	0.00140	0.00512	0.00419	0.00465	0.00791
48	0.00965	0.00827	0.00965	0.00689	0.01102	0.00620	0.00551	0.01171	0.00965	0.01516	0.00827	0.00965	0.00689	0.00345	0.00345	0.00069	0.00345	0.00276	0.00276	0.86494
49	0.00669	0.00482	0.00662	0.00662	0.00716	0.00535	0.00475	0.00776	0.00722	0.01017	0.01324	0.02259	0.01350	0.31920	0.53632	0.00642	0.00964	0.00562	0.00261	0.00368
50	0.02941	0.14426	0.22531	0.01562	0.20835	0.01110	0.10598	0.01441	0.01031	0.08743	0.01095	0.08450	0.00944	0.00538	0.00453	0.00143	0.00562	0.01676	0.00271	0.00652
51	0.00879	0.00827	0.01395	0.82532	0.03204	0.01034	0.01292	0.01189	0.00930	0.01189	0.00827	0.01240	0.00620	0.00465	0.00465	0.00155	0.00620	0.00413	0.00207	0.00517
52	0.01598	0.05464	0.01205	0.00909	0.01222	0.01085	0.00738	0.28154	0.18207	0.25651	0.01498	0.01520	0.01094	0.06358	0.02996	0.00182	0.00464	0.00467	0.00467	0.00723
53	0.01157	0.00999	0.01052	0.00947	0.01210	0.01157	0.00736	0.02472	0.79908	0.01946	0.01893	0.01736	0.01420	0.00631	0.00473	0.00158	0.00368	0.00526	0.00473	0.00736
54	0.00665	0.00496	0.00734	0.00734	0.00812	0.00574	0.00564	0.00822	0.00744	0.01070	0.01259	0.01899	0.01194	0.08169	0.77169	0.00730	0.01200	0.00509	0.00251	0.00408
55	0.00879	0.00827	0.01395	0.82532	0.03204	0.01034	0.01292	0.01189	0.00930	0.01189	0.00827	0.01240	0.00620	0.00465	0.00465	0.00155	0.00620	0.00413	0.00207	0.00517
56	0.00665	0.00498	0.00748	0.00748	0.00831	0.00582	0.00582	0.00831	0.00748	0.01080	0.01246	0.01828	0.01163	0.03489	0.81807	0.00748	0.01246	0.00498	0.00249	0.00415
57	0.01688	0.01260	0.01352	0.01044	0.01411	0.01385	0.00859	0.70134	0.07790	0.02797	0.01161	0.01155	0.00832	0.00554	0.00461	0.00138	0.00494	0.00420	0.00458	0.04609
58	0.00965	0.00827	0.00965	0.00689	0.01102	0.00620	0.00551	0.01171	0.00965	0.01516	0.00827	0.00965	0.00689	0.00345	0.00345	0.00069	0.00345	0.00276	0.00276	0.86494
59	0.00573	0.00411	0.00544	0.00640	0.00675	0.00382	0.00431	0.00664	0.00923	0.01235	0.07948	0.76525	0.04485	0.01418	0.00590	0.00185	0.00266	0.01284	0.00437	0.00382
60	0.00571	0.00416	0.00539	0.00627	0.00672	0.00383	0.00425	0.00665	0.00936	0.01241	0.08118	0.70282	0.10619	0.01396	0.00586	0.00183	0.00263	0.01257	0.00437	0.00383
61	0.02087	0.00792	0.01080	0.00828	0.01188	0.00684	0.00684	0.02267	0.01332	0.81071	0.01835	0.01583	0.01152	0.00576	0.00468	0.00144	0.00396	0.00468	0.00576	0.00792
62	0.00881	0.00505	0.00653	0.00631	0.00709	0.00499	0.00436	0.00944	0.00827	0.13061	0.01658	0.12348	0.02967	0.38299	0.16067	0.05436	0.00557	0.02786	0.00340	0.00396
63	0.00770	0.00512	0.00645	0.00679	0.00774	0.00487	0.00490	0.06181	0.01056	0.06893	0.06438	0.54799	0.10422	0.02301	0.00595	0.00182	0.00301	0.05590	0.00446	0.00441
64	0.00661	0.00432	0.00576	0.00654	0.00706	0.00399	0.00447	0.00756	0.00943	0.05893	0.07302	0.73674	0.03045	0.01375	0.00584	0.00184	0.00274	0.01243	0.00445	0.00406
65	0.00655	0.00509	0.00603	0.00618	0.00730	0.00486	0.00451	0.00920	0.09624	0.01482	0.24907	0.29660	0.24120	0.01148	0.00557	0.00165	0.00260	0.02207	0.00459	0.00439
66	0.00965	0.00827	0.00965	0.00689	0.01102	0.00620	0.00551	0.01171	0.00965	0.01516	0.00827	0.00965	0.00689	0.00345	0.00345	0.00069	0.00345	0.00276	0.00276	0.86494
67	0.01738	0.02217	0.01318	0.01199	0.01438	0.81783	0.00899	0.01858	0.01318	0.01139	0.00719	0.00839	0.00599	0.00479	0.00419	0.00120	0.00839	0.00300	0.00240	0.00539
68	0.01402	0.01026	0.01146	0.00924	0.01202	0.01121	0.00750	0.45248	0.07193	0.06313	0.15599	0.01867	0.07900	0.00699	0.00550	0.00147	0.05226	0.00549	0.00462	0.00676
69	0.00689	0.00492	0.00583	0.00601	0.00663	0.00489	0.00402	0.00847	0.08763	0.01158	0.04334	0.25467	0.13915	0.27579	0.02241	0.09830	0.00358	0.00861	0.00363	0.00368
70	0.03233	0.00517	0.00601	0.00621	0.00715	0.00501	0.00437	0.06117	0.02276	0.01393	0.10333	0.40420	0.18757	0.10950	0.00770	0.00204	0.00300	0.01023	0.00421	0.00413
71	0.01042	0.01026	0.01476	0.01237	0.01290	0.01371	0.06337	0.03712	0.03308	0.01224	0.00716	0.01120	0.00681	0.03222	0.01416	0.00204	0.69437	0.00429	0.00225	0.00527
72	0.01006	0.00919	0.04808	0.33640	0.05009	0.00851	0.02896	0.01273	0.00977	0.06043	0.00888	0.01127	0.00685	0.00420	0.00428	0.00118	0.01453	0.00359	0.00259	0.36842
73	0.01485	0.00940	0.01049	0.00848	0.01121	0.00994	0.00678	0.40318	0.03492	0.14935	0.03758	0.05863	0.01219	0.06320	0.00583	0.00160	0.00416	0.00510	0.14649	0.00664
74	0.00858	0.00437	0.00610	0.00595	0.00619	0.00430	0.00394	0.00729	0.00671	0.05535	0.01015	0.01753	0.01011	0.17685	0.01811	0.62383	0.00408	0.00462	0.02334	0.00258
75	0.81983	0.00893	0.00707	0.00624	0.00916	0.01023	0.00514	0.01420	0.00823	0.06698	0.00717	0.00804	0.00542	0.00440	0.00298	0.00144	0.00362	0.00265	0.00305	0.00521
76	0.01151	0.01105	0.01888	0.02855	0.80748	0.01105	0.01428	0.01428	0.01059	0.01520	0.00875	0.01151	0.00737	0.00415	0.00461	0.00138	0.00553	0.00415	0.00230	0.00737
77	0.00636	0.00446	0.00549	0.00572	0.00617	0.00426	0.00376	0.00725	0.00926	0.01257	0.22487	0.26440	0.05925	0.33822	0.01283	0.00281	0.00330	0.02150	0.00393	0.00357
78	0.00605	0.00420	0.00519	0.00594	0.00652	0.00389	0.00408	0.00713	0.00938	0.01287	0.05036	0.59649	0.13654	0.01287	0.00552	0.00173	0.00257	0.01148	0.11330	0.00389
79	0.00677	0.00451	0.00507	0.00507	0.00507	0.00451	0.00282	0.00677	0.00677	0.00902	0.01466	0.03044	0.01691	0.83650	0.02368	0.00451	0.00451	0.00677	0.00282	0.00282
80	0.05412	0.01131	0.01211	0.00949	0.01274	0.01239	0.00778	0.60820	0.01926	0.04785	0.06600	0.01334	0.01073	0.00579	0.00450	0.00137	0.00454	0.00443	0.08684	0.00720
81	0.04811	0.00738	0.00943	0.00769	0.01049	0.00683	0.00620	0.04924	0.04934	0.49079	0.16487	0.02137	0.04105	0.03615	0.00551	0.00158	0.00363	0.02835	0.00525	0.00672

[dist]
# distance from previous block
# <min> <max>
0	20

[block]
# block no. 1 follows, 55 sequences, length 59
# corresponding to MSA columns:
# 260-318
name=unknown_B
#
# <colnr> <probs for GDERKNQSTAVLIFYWHMCP>
#	G	D	E	R	K	N	Q	S	T	A	V	L	I	F	Y	W	H	M	C	P
0	0.08585	0.00930	0.01107	0.00869	0.01206	0.00923	0.00712	0.25397	0.01520	0.45897	0.01558	0.05686	0.01093	0.00605	0.00458	0.00145	0.00419	0.00481	0.01666	0.00742
1	0.01244	0.83930	0.02438	0.00796	0.01194	0.01841	0.00796	0.01393	0.00945	0.01095	0.00647	0.00746	0.00597	0.00398	0.00299	0.00100	0.00498	0.00249	0.00199	0.00597
2	0.00582	0.00422	0.00539	0.00615	0.00661	0.00391	0.00415	0.00675	0.00936	0.01244	0.10709	0.61936	0.10597	0.07093	0.00708	0.00200	0.00274	0.01195	0.00430	0.00379
3	0.05121	0.00466	0.00592	0.00659	0.00730	0.00445	0.00466	0.00805	0.00943	0.05485	0.06554	0.61359	0.04767	0.03194	0.00612	0.00189	0.00293	0.06478	0.00433	0.00411
4	0.01043	0.00607	0.00775	0.00681	0.00866	0.00575	0.00528	0.01375	0.10036	0.20138	0.53645	0.02846	0.03314	0.00829	0.00522	0.00147	0.00277	0.00720	0.00523	0.00553
5	0.68607	0.00876	0.00769	0.00658	0.00962	0.00966	0.00543	0.01562	0.00908	0.19149	0.00904	0.00935	0.00644	0.00463	0.00327	0.00144	0.00368	0.00299	0.00350	0.00566
6	0.04565	0.00514	0.00673	0.04950	0.00837	0.00532	0.00495	0.04421	0.00885	0.01238	0.08598	0.21929	0.05279	0.07903	0.08630	0.25062	0.00443	0.01503	0.01181	0.00363
7	0.00636	0.00466	0.00638	0.00659	0.00697	0.00447	0.04316	0.00701	0.00817	0.01091	0.02053	0.47779	0.02415	0.33596	0.01286	0.00290	0.00367	0.01031	0.00363	0.00353
8	0.00614	0.00489	0.00551	0.00572	0.00696	0.00444	0.00428	0.00790	0.04303	0.01329	0.10840	0.17140	0.46169	0.04720	0.00641	0.00180	0.00275	0.08979	0.00434	0.00408
9	0.01054	0.08689	0.01240	0.18465	0.01519	0.05315	0.00852	0.08027	0.01020	0.05439	0.05225	0.07064	0.01119	0.01145	0.13045	0.04574	0.14912	0.00492	0.00287	0.00518
10	0.01076	0.02219	0.07615	0.10147	0.10866	0.05429	0.04347	0.04993	0.18157	0.04297	0.06029	0.05928	0.03876	0.00733	0.03311	0.00171	0.04153	0.01275	0.04771	0.00608
11	0.00560	0.00450	0.00500	0.00532	0.00646	0.00390	0.00382	0.00671	0.01018	0.01262	0.07357	0.29377	0.52714	0.01257	0.00564	0.00167	0.00246	0.01083	0.00435	0.00390
12	0.00647	0.00427	0.00570	0.00654	0.00701	0.00396	0.00445	0.00738	0.00930	0.05221	0.05752	0.75942	0.03035	0.01392	0.00586	0.00185	0.00274	0.01260	0.00442	0.00401
13	0.01107	0.01154	0.08644	0.26244	0.33790	0.03079	0.01270	0.10650	0.02142	0.01567	0.01097	0.01334	0.04903	0.00494	0.00465	0.00145	0.00568	0.00437	0.00262	0.00650
14	0.00769	0.00638	0.02885	0.14525	0.04679	0.00615	0.06368	0.00931	0.00929	0.04753	0.01932	0.47739	0.02147	0.06818	0.00678	0.00194	0.00409	0.02174	0.00362	0.00454
15	0.05444	0.00851	0.01405	0.59238	0.02691	0.01005	0.09375	0.01278	0.04443	0.01347	0.00934	0.01279	0.00706	0.00469	0.00453	0.00151	0.00579	0.00426	0.07394	0.00531
16	0.63255	0.00938	0.00954	0.06805	0.13867	0.01059	0.00722	0.03661	0.00894	0.03205	0.00729	0.00877	0.00568	0.00437	0.00336	0.00144	0.00414	0.00298	0.00283	0.00555
17	0.01138	0.00662	0.00821	0.00706	0.00916	0.00635	0.00554	0.06810	0.08751	0.22054	0.41795	0.02743	0.08846	0.00816	0.00515	0.00147	0.00300	0.00698	0.00515	0.00578
18	0.01396	0.00999	0.01138	0.00847	0.01238	0.00932	0.00690	0.30126	0.01460	0.11592	0.01055	0.01095	0.00782	0.00451	0.00404	0.00104	0.00413	0.00352	0.00382	0.44543
19	0.01041	0.08930	0.42322	0.05475	0.03609	0.01029	0.06691	0.01432	0.01024	0.06758	0.05001	0.01164	0.00850	0.00457	0.00432	0.00133	0.00580	0.00380	0.00253	0.12437
20	0.04173	0.07830	0.03137	0.22842	0.14306	0.19285	0.05158	0.02357	0.04367	0.09449	0.01006	0.01180	0.01961	0.00480	0.00441	0.00138	0.00610	0.00394	0.00276	0.00609
21	0.00870	0.00690	0.05028	0.05072	0.01050	0.00620	0.02560	0.02356	0.10216	0.08699	0.10074	0.32806	0.08239	0.01063	0.00608	0.04620	0.00356	0.04160	0.00417	0.00494
22	0.01045	0.00741	0.01048	0.13325	0.06845	0.00778	0.07470	0.11708	0.01174	0.04408	0.05403	0.05878	0.01240	0.00581	0.00425	0.00133	0.00399	0.00506	0.36352	0.00542
23	0.00956	0.00736	0.00881	0.00955	0.09223	0.03471	0.00647	0.01375	0.19009	0.08443	0.11246	0.18343	0.14330	0.02971	0.00570	0.00168	0.00355	0.05340	0.00431	0.00548
24	0.02186	0.00580	0.00790	0.00719	0.00864	0.00588	0.00557	0.01155	0.00947	0.21125	0.06039	0.06304	0.10282	0.01742	0.24716	0.13906	0.04951	0.00583	0.01487	0.00479
25	0.09729	0.01018	0.01108	0.00874	0.01194	0.01083	0.00717	0.43037	0.01680	0.19290	0.01289	0.01281	0.00905	0.00548	0.00427	0.00136	0.00426	0.00416	0.14137	0.00707
26	0.01031	0.00577	0.00755	0.00686	0.00855	0.00537	0.00529	0.01286	0.05788	0.21264	0.43312	0.13108	0.03180	0.00919	0.00534	0.00155	0.00287	0.04151	0.00512	0.00535
27	0.03055	0.00630	0.00828	0.00748	0.00960	0.00579	0.00610	0.02628	0.01184	0.32869	0.11876	0.05706	0.10725	0.00947	0.00602	0.04712	0.00362	0.19934	0.00483	0.00563
28	0.01091	0.00562	0.00718	0.00647	0.00816	0.00517	0.00491	0.01291	0.03117	0.24451	0.28227	0.14407	0.05140	0.05221	0.00599	0.00164	0.00294	0.00743	0.10978	0.00528
29	0.00804	0.00406	0.00603	0.00603	0.00603	0.00406	0.00400	0.00608	0.00608	0.00811	0.00830	0.01469	0.00838	0.04359	0.01837	0.83588	0.00406	0.00413	0.00205	0.00205
30	0.00572	0.00407	0.00538	0.00642	0.00667	0.00381	0.00425	0.00649	0.00881	0.01175	0.02516	0.79825	0.03016	0.05062	0.00672	0.00200	0.00278	0.01294	0.00425	0.00374
31	0.00665	0.00444	0.00520	0.00539	0.00553	0.00442	0.00324	0.00698	0.00734	0.01004	0.01661	0.17676	0.01899	0.61072	0.05226	0.00398	0.00439	0.00776	0.04618	0.00313
32	0.01741	0.02131	0.01326	0.01186	0.01439	0.74202	0.00897	0.09156	0.01400	0.01308	0.00757	0.00865	0.00617	0.00487	0.00424	0.00122	0.00808	0.00311	0.00261	0.00563
33	0.00965	0.00827	0.00965	0.00689	0.01102	0.00620	0.00551	0.01171	0.00965	0.01516	0.00827	0.00965	0.00689	0.00345	0.00345	0.00069	0.00345	0.00276	0.00276	0.86494
34	0.00671	0.00454	0.00532	0.00537	0.00546	0.00461	0.00317	0.00690	0.00693	0.00932	0.01492	0.06362	0.01699	0.72362	0.09993	0.00469	0.00520	0.00687	0.00285	0.00299
35	0.01178	0.00995	0.01053	0.00944	0.01209	0.01146	0.00735	0.02467	0.78110	0.03757	0.01892	0.01732	0.01414	0.00630	0.00473	0.00157	0.00369	0.00525	0.00476	0.00738
36	0.00944	0.00513	0.00614	0.00573	0.00655	0.00488	0.00374	0.01000	0.00846	0.16315	0.01728	0.08328	0.04377	0.54822	0.01711	0.00346	0.00408	0.00679	0.04881	0.00398
37	0.01357	0.00946	0.01054	0.00910	0.01191	0.01038	0.00718	0.06522	0.55415	0.18320	0.05893	0.01760	0.01484	0.00632	0.00476	0.00153	0.00374	0.00524	0.00496	0.00735
38	0.00571	0.00476	0.00501	0.00506	0.00656	0.00406	0.00387	0.00703	0.01079	0.01308	0.09753	0.04462	0.69922	0.01170	0.00556	0.00160	0.00248	0.06300	0.00437	0.00398
39	0.52244	0.01042	0.00960	0.00788	0.01110	0.01173	0.00650	0.29710	0.01323	0.05858	0.00870	0.00923	0.00637	0.00484	0.00360	0.00142	0.00417	0.00322	0.00365	0.00621
40	0.01157	0.00999	0.01052	0.00947	0.01210	0.01157	0.00736	0.02472	0.79908	0.01946	0.01893	0.01736	0.01420	0.00631	0.00473	0.00158	0.00368	0.00526	0.00473	0.00736
41	0.00879	0.00827	0.01395	0.82532	0.03204	0.01034	0.01292	0.01189	0.00930	0.01189	0.00827	0.01240	0.00620	0.00465	0.00465	0.00155	0.00620	0.00413	0.00207	0.00517
42	0.86937	0.00900	0.00684	0.00612	0.00900	0.01044	0.00504	0.01368	0.00792	0.02087	0.00648	0.00756	0.00504	0.00432	0.00288	0.00144	0.00360	0.00252	0.00288	0.00504
43	0.01748	0.01924	0.01343	0.01157	0.01440	0.56004	0.00894	0.26673	0.01597	0.01714	0.00847	0.00928	0.00661	0.00505	0.00434	0.00126	0.00734	0.00338	0.00312	0.00620
44	0.08976	0.00479	0.00462	0.00456	0.00573	0.00492	0.00339	0.01082	0.00937	0.01710	0.01432	0.01733	0.01162	0.06310	0.00464	0.00136	0.00247	0.00433	0.72147	0.00430
45	0.00979	0.14398	0.69649	0.01248	0.01893	0.01192	0.01583	0.01461	0.00977	0.01418	0.00807	0.00947	0.00590	0.00436	0.00421	0.00140	0.00660	0.00330	0.00197	0.00674
46	0.01373	0.00814	0.01001	0.00753	0.01116	0.00681	0.00609	0.06941	0.01209	0.28742	0.08915	0.01429	0.01212	0.00497	0.00415	0.00107	0.00362	0.00406	0.00414	0.43006
47	0.00669	0.00467	0.00548	0.00572	0.00689	0.00409	0.00412	0.00781	0.01024	0.06807	0.07178	0.35627	0.40656	0.01237	0.00562	0.00168	0.00260	0.01075	0.00446	0.00417
48	0.00797	0.00595	0.00723	0.00649	0.00805	0.00578	0.00497	0.08554	0.05516	0.01930	0.62030	0.03123	0.07751	0.00888	0.00530	0.00144	0.00261	0.00772	0.00493	0.03364
49	0.05508	0.00624	0.00651	0.00592	0.00757	0.00658	0.00459	0.10753	0.08612	0.01939	0.13076	0.01863	0.01599	0.00607	0.00387	0.00124	0.00275	0.00491	0.50515	0.00510
50	0.01603	0.00808	0.00954	0.00791	0.01065	0.04753	0.00630	0.02955	0.10890	0.46126	0.10915	0.05415	0.01617	0.00657	0.00468	0.00143	0.00373	0.00544	0.08614	0.00679
51	0.00803	0.00509	0.00673	0.00707	0.00824	0.00476	0.00558	0.00964	0.01080	0.09787	0.14319	0.25714	0.11928	0.02256	0.00608	0.00186	0.00329	0.27374	0.00456	0.00449
52	0.00594	0.00459	0.00545	0.00582	0.00688	0.00411	0.00432	0.00727	0.01054	0.01351	0.16310	0.27512	0.37195	0.01234	0.00572	0.00171	0.00263	0.09057	0.00445	0.00400
53	0.00571	0.00408	0.00544	0.00652	0.00681	0.00381	0.00438	0.00654	0.00894	0.01192	0.02562	0.81718	0.03069	0.01454	0.00595	0.00189	0.00273	0.02914	0.00432	0.00379
54	0.20695	0.00592	0.00683	0.00663	0.01792	0.00633	0.00471	0.06284	0.00799	0.01328	0.00923	0.05571	0.00876	0.01189	0.01211	0.50361	0.00386	0.00420	0.04782	0.00341
55	0.00716	0.00539	0.00605	0.00608	0.00759	0.00501	0.00463	0.00970	0.09417	0.05352	0.06037	0.17052	0.45862	0.01139	0.00553	0.00167	0.00281	0.08082	0.00446	0.00451
56	0.00592	0.00448	0.00540	0.00589	0.00670	0.00407	0.00413	0.01602	0.01005	0.01304	0.12516	0.44847	0.27149	0.03896	0.00630	0.00182	0.00264	0.02117	0.00437	0.00392
57	0.00644	0.00587	0.04846	0.00708	0.04252	0.00481	0.00524	0.00812	0.01766	0.01357	0.12268	0.27524	0.31156	0.01223	0.03904	0.00187	0.00327	0.02167	0.04838	0.00431
58	0.13470	0.00597	0.00633	0.00603	0.00749	0.00633	0.00467	0.05786	0.01020	0.05912	0.01550	0.14285	0.01399	0.00714	0.00441	0.00138	0.03699	0.03964	0.43461	0.00478

[dist]
# distance from previous block
# <min> <max>
0	33

[block]
# block no. 2 follows, 55 sequences, length 34
# corresponding to MSA columns:
# 352-385
name=unknown_C
#
# <colnr> <probs for GDERKNQSTAVLIFYWHMCP>
#	G	D	E	R	K	N	Q	S	T	A	V	L	I	F	Y	W	H	M	C	P
0	0.00752	0.03610	0.00754	0.00674	0.00815	0.00595	0.00501	0.01089	0.13041	0.01599	0.34274	0.27186	0.03060	0.02357	0.00556	0.00158	0.00281	0.00870	0.00448	0.07380
1	0.00803	0.00565	0.00700	0.00706	0.02356	0.00560	0.00492	0.10016	0.01118	0.03706	0.19165	0.32443	0.06118	0.14687	0.04181	0.00236	0.00365	0.00915	0.00421	0.00445
2	0.01134	0.01041	0.02073	0.07357	0.02046	0.00997	0.49815	0.01490	0.04239	0.11098	0.01306	0.11279	0.01108	0.00576	0.00537	0.00160	0.00640	0.02184	0.00312	0.00610
3	0.04009	0.00832	0.01089	0.00835	0.01196	0.00744	0.00689	0.07653	0.01367	0.71048	0.01723	0.01511	0.01096	0.00564	0.00459	0.00141	0.00402	0.00453	0.00551	0.03638
4	0.11898	0.00785	0.00987	0.00775	0.01107	0.00719	0.00638	0.03428	0.01255	0.64107	0.01658	0.01491	0.01073	0.00556	0.00435	0.00141	0.00379	0.00439	0.07400	0.00729
5	0.00873	0.00501	0.00612	0.00585	0.00670	0.00471	0.00392	0.00951	0.00918	0.13650	0.11467	0.15001	0.07250	0.41702	0.01435	0.00303	0.00370	0.00777	0.01667	0.00405
6	0.00857	0.00443	0.00630	0.00627	0.00673	0.00429	0.00439	0.00783	0.00782	0.06730	0.07572	0.12214	0.01487	0.01414	0.01364	0.55994	0.00365	0.03133	0.03760	0.00302
7	0.00658	0.00486	0.00704	0.00713	0.00782	0.00551	0.00536	0.00799	0.00751	0.01069	0.01376	0.08491	0.01375	0.12235	0.66475	0.00670	0.01080	0.00584	0.00267	0.00398
8	0.86937	0.00900	0.00684	0.00612	0.00900	0.01044	0.00504	0.01368	0.00792	0.02087	0.00648	0.00756	0.00504	0.00432	0.00288	0.00144	0.00360	0.00252	0.00288	0.00504
9	0.00683	0.00438	0.00585	0.00655	0.00713	0.00405	0.00450	0.00783	0.00958	0.06949	0.08985	0.70874	0.03048	0.01352	0.00581	0.00182	0.00275	0.01222	0.00449	0.00412
10	0.00952	0.00540	0.00694	0.00626	0.00792	0.00482	0.00479	0.01136	0.01249	0.19292	0.45506	0.08918	0.15616	0.00940	0.00534	0.00151	0.00265	0.00815	0.00508	0.00506
11	0.00650	0.00475	0.00610	0.00576	0.00690	0.00435	0.00432	0.00861	0.01296	0.01817	0.74434	0.03555	0.10489	0.00969	0.00549	0.00147	0.00221	0.00853	0.00506	0.00435
12	0.01018	0.01018	0.01425	0.01221	0.01221	0.01425	0.01018	0.01120	0.00712	0.01120	0.00611	0.01018	0.00611	0.00814	0.01527	0.00204	0.82799	0.00407	0.00204	0.00509
13	0.00673	0.00448	0.00539	0.00559	0.00580	0.00440	0.00352	0.00691	0.00762	0.01010	0.04294	0.13840	0.05379	0.53444	0.01829	0.08271	0.00404	0.05859	0.00318	0.00307
14	0.00879	0.00827	0.01395	0.82532	0.03204	0.01034	0.01292	0.01189	0.00930	0.01189	0.00827	0.01240	0.00620	0.00465	0.00465	0.00155	0.00620	0.00413	0.00207	0.00517
15	0.00562	0.00461	0.00496	0.00510	0.00642	0.00394	0.00374	0.00683	0.01056	0.01300	0.11211	0.17257	0.61032	0.01203	0.00557	0.00161	0.00240	0.01025	0.00439	0.00394
16	0.00665	0.00498	0.00748	0.00748	0.00831	0.00582	0.00582	0.00831	0.00748	0.01080	0.01246	0.01828	0.01163	0.03489	0.81807	0.00748	0.01246	0.00498	0.00249	0.00415
17	0.00965	0.00827	0.00965	0.00689	0.01102	0.00620	0.00551	0.01171	0.00965	0.01516	0.00827	0.00965	0.00689	0.00345	0.00345	0.00069	0.00345	0.00276	0.00276	0.86494
18	0.00570	0.00472	0.00499	0.00492	0.00641	0.00401	0.00369	0.00706	0.01108	0.01369	0.18675	0.04293	0.66528	0.01136	0.00550	0.00155	0.00233	0.00956	0.00447	0.00401
19	0.00553	0.00471	0.00475	0.00474	0.00630	0.00394	0.00356	0.00673	0.01067	0.01272	0.06616	0.04452	0.78647	0.01172	0.00550	0.00157	0.00235	0.00978	0.00434	0.00394
20	0.00690	0.00533	0.00784	0.00769	0.00842	0.00635	0.00597	0.00843	0.00741	0.01074	0.01212	0.01832	0.01151	0.07421	0.71987	0.00694	0.07030	0.00501	0.00248	0.00415
21	0.08249	0.00807	0.01000	0.00804	0.01105	0.00769	0.00651	0.13022	0.01377	0.48355	0.10628	0.08215	0.01572	0.00675	0.00473	0.00147	0.00380	0.00555	0.00519	0.00696
22	0.00621	0.00477	0.00586	0.00614	0.00722	0.00416	0.00432	0.00735	0.00964	0.01291	0.08328	0.51757	0.17977	0.01225	0.00550	0.00164	0.00269	0.01088	0.00418	0.11366
23	0.01108	0.00868	0.01006	0.00745	0.01138	0.00722	0.00597	0.06037	0.08100	0.07194	0.01010	0.01086	0.00793	0.00399	0.00372	0.00086	0.00360	0.00320	0.00326	0.67733
24	0.00586	0.00451	0.00502	0.00527	0.00617	0.00404	0.00361	0.00674	0.00950	0.01193	0.06987	0.23249	0.41602	0.18671	0.00945	0.00226	0.00289	0.00993	0.00404	0.00368
25	0.00620	0.00457	0.00540	0.00547	0.00656	0.00411	0.00400	0.00778	0.01118	0.01515	0.33195	0.19638	0.29401	0.01096	0.00540	0.00155	0.00235	0.00952	0.07334	0.00411
26	0.00731	0.00486	0.00638	0.08125	0.00919	0.00470	0.00502	0.00855	0.00954	0.06944	0.03579	0.47368	0.13906	0.04676	0.00620	0.00182	0.00309	0.01023	0.07287	0.00424
27	0.00748	0.00577	0.00652	0.00621	0.00699	0.03787	0.00436	0.00888	0.02590	0.02702	0.33346	0.06988	0.08770	0.29580	0.01223	0.00257	0.04582	0.00762	0.00396	0.00398
28	0.00572	0.00409	0.00536	0.00635	0.00665	0.00382	0.00422	0.00650	0.00885	0.01175	0.02571	0.76900	0.05281	0.05677	0.00684	0.00201	0.00278	0.01279	0.00424	0.00373
29	0.06837	0.35641	0.02932	0.00864	0.02077	0.12253	0.00754	0.07241	0.01134	0.11379	0.01058	0.04177	0.00898	0.00532	0.00379	0.00123	0.00494	0.03446	0.07185	0.00597
30	0.03790	0.00982	0.09054	0.10705	0.10035	0.00821	0.01813	0.05432	0.01982	0.06804	0.01214	0.12083	0.01108	0.00602	0.00464	0.00132	0.01906	0.03599	0.00313	0.27163
31	0.02198	0.18546	0.01546	0.19128	0.03665	0.11036	0.07008	0.04844	0.01036	0.01303	0.01098	0.12947	0.01058	0.00646	0.00532	0.00147	0.07069	0.02771	0.02886	0.00537
32	0.00964	0.03176	0.00897	0.11859	0.01159	0.07990	0.00638	0.01115	0.00932	0.08356	0.05850	0.03108	0.04002	0.18136	0.18533	0.00336	0.03922	0.00533	0.08038	0.00458
33	0.04410	0.13184	0.00919	0.00633	0.00790	0.00724	0.00474	0.02069	0.00917	0.10030	0.06143	0.09826	0.06022	0.34175	0.01221	0.00264	0.00402	0.02893	0.00344	0.04560

[dist]
# distance from previous block
# <min> <max>
2	48

[block]
# block no. 3 follows, 55 sequences, length 16
# corresponding to MSA columns:
# 435-450
name=unknown_D
#
# <colnr> <probs for GDERKNQSTAVLIFYWHMCP>
#	G	D	E	R	K	N	Q	S	T	A	V	L	I	F	Y	W	H	M	C	P
0	0.05817	0.00604	0.00699	0.00674	0.00822	0.00599	0.00500	0.03650	0.10948	0.08498	0.03921	0.23631	0.17836	0.05640	0.00746	0.08374	0.00329	0.03898	0.00411	0.02403
1	0.00859	0.00512	0.00620	0.00590	0.00690	0.00473	0.00402	0.00941	0.00919	0.12757	0.08536	0.15216	0.11426	0.38229	0.01358	0.00290	0.00367	0.02167	0.00387	0.03263
2	0.01256	0.01045	0.01080	0.00942	0.01202	0.04549	0.00737	0.21570	0.45468	0.02089	0.06219	0.08828	0.01543	0.00697	0.00484	0.00154	0.00407	0.00578	0.00460	0.00693
3	0.03157	0.00764	0.01226	0.47843	0.09409	0.00870	0.02528	0.01092	0.00924	0.01248	0.04086	0.05991	0.03941	0.00684	0.00623	0.09957	0.00524	0.00493	0.00247	0.04392
4	0.02623	0.09117	0.25097	0.16077	0.03207	0.07815	0.05008	0.04430	0.03147	0.02483	0.00857	0.01039	0.00658	0.00442	0.00434	0.00130	0.01687	0.00353	0.00243	0.15155
5	0.11790	0.00848	0.01117	0.39787	0.02053	0.03977	0.00930	0.03558	0.06658	0.09726	0.05588	0.09675	0.01180	0.00615	0.00460	0.00154	0.00494	0.00519	0.00322	0.00550
6	0.05562	0.00717	0.08765	0.00649	0.00863	0.00536	0.00564	0.00985	0.01084	0.09466	0.15313	0.13339	0.37015	0.01003	0.00523	0.00157	0.00310	0.02249	0.00427	0.00475
7	0.00841	0.00569	0.00764	0.00814	0.04590	0.00543	0.01708	0.03202	0.03777	0.09185	0.13586	0.35000	0.10313	0.01130	0.00563	0.00174	0.00325	0.11989	0.00447	0.00480
8	0.00665	0.00446	0.00511	0.00522	0.00524	0.00444	0.00297	0.00674	0.00698	0.00931	0.01577	0.11180	0.01832	0.75323	0.02188	0.00424	0.00433	0.00742	0.00297	0.00292
9	0.59728	0.00873	0.00791	0.00672	0.00969	0.00957	0.00552	0.05900	0.00992	0.18398	0.00969	0.01003	0.00693	0.00475	0.00337	0.00142	0.00368	0.00316	0.05291	0.00575
10	0.00760	0.00469	0.00616	0.00663	0.00737	0.00438	0.00460	0.00887	0.02818	0.10058	0.07831	0.62891	0.02848	0.05355	0.00661	0.00193	0.00292	0.01144	0.00447	0.00432
11	0.00935	0.00545	0.00660	0.00618	0.00772	0.00505	0.00465	0.01146	0.05095	0.16054	0.19728	0.13719	0.18916	0.07231	0.00654	0.00176	0.00292	0.02841	0.09159	0.00488
12	0.01724	0.01131	0.01272	0.01004	0.01347	0.01211	0.00834	0.57134	0.01917	0.17135	0.01385	0.01621	0.01048	0.00635	0.00484	0.00148	0.00482	0.08249	0.00482	0.00755
13	0.53181	0.00899	0.00855	0.00711	0.01022	0.00971	0.00586	0.09487	0.01083	0.23379	0.01038	0.01041	0.00726	0.00486	0.00355	0.00143	0.00381	0.00332	0.02716	0.00608
14	0.09812	0.00930	0.01048	0.00854	0.01155	0.00970	0.00688	0.24301	0.13186	0.27362	0.04563	0.04972	0.02583	0.02007	0.00487	0.00151	0.00402	0.00503	0.03330	0.00698
15	0.00792	0.00589	0.00703	0.00679	0.00828	0.00586	0.00521	0.01196	0.16784	0.04649	0.34259	0.11307	0.16132	0.00993	0.00544	0.00161	0.00283	0.08021	0.00478	0.00496

[dist]
# distance from previous block
# <min> <max>
0	2

[block]
# block no. 4 follows, 55 sequences, length 51
# corresponding to MSA columns:
# 453-503
name=unknown_E
#
# <colnr> <probs for GDERKNQSTAVLIFYWHMCP>
#	G	D	E	R	K	N	Q	S	T	A	V	L	I	F	Y	W	H	M	C	P
0	0.04537	0.00729	0.00877	0.00754	0.00974	0.00718	0.00580	0.13006	0.05177	0.28734	0.06310	0.17831	0.02579	0.10661	0.00712	0.00188	0.00373	0.00673	0.03989	0.00597
1	0.00677	0.00435	0.00532	0.00580	0.00632	0.00417	0.00393	0.01948	0.00884	0.01242	0.02225	0.42092	0.09262	0.10612	0.00881	0.10017	0.00297	0.00943	0.15567	0.00365
2	0.20715	0.00967	0.00916	0.00832	0.01069	0.05536	0.00645	0.01958	0.46951	0.01822	0.01430	0.01433	0.01100	0.00662	0.00543	0.07914	0.00389	0.00436	0.04071	0.00611
3	0.38059	0.06211	0.00837	0.00662	0.00895	0.00825	0.00530	0.01320	0.00953	0.16144	0.08902	0.11651	0.02832	0.00745	0.00514	0.07176	0.00352	0.00508	0.00370	0.00514
4	0.06649	0.00523	0.00630	0.00640	0.00755	0.00497	0.00463	0.02793	0.01030	0.09617	0.12502	0.41305	0.12872	0.05312	0.00636	0.00184	0.00296	0.02413	0.00440	0.00445
5	0.05199	0.00616	0.00664	0.00605	0.00697	0.00648	0.00407	0.14318	0.00978	0.01413	0.01344	0.02365	0.01377	0.51299	0.01655	0.03867	0.00426	0.00569	0.11154	0.00397
6	0.00670	0.00476	0.00632	0.00632	0.00675	0.00519	0.00437	0.00756	0.00713	0.00994	0.01352	0.02414	0.01418	0.42143	0.43502	0.00605	0.00863	0.00584	0.00265	0.00351
7	0.00877	0.00587	0.00821	0.01712	0.03530	0.00656	0.00598	0.00995	0.00832	0.08548	0.01385	0.11834	0.01341	0.10168	0.29562	0.06097	0.11099	0.00588	0.08327	0.00444
8	0.00691	0.00445	0.00565	0.00620	0.00673	0.00414	0.00414	0.00765	0.00891	0.06573	0.02455	0.56318	0.08286	0.17500	0.00930	0.00235	0.00312	0.01113	0.00412	0.00388
9	0.00666	0.00494	0.00726	0.00726	0.00802	0.00570	0.00555	0.00817	0.00741	0.01064	0.01266	0.01937	0.01211	0.10700	0.74661	0.00721	0.01175	0.00514	0.00252	0.00403
10	0.77357	0.00999	0.05708	0.02420	0.02280	0.01048	0.01660	0.01373	0.00815	0.02014	0.00671	0.00793	0.00518	0.00432	0.00307	0.00144	0.00394	0.00267	0.00279	0.00521
11	0.01175	0.00813	0.00964	0.00849	0.00986	0.06528	0.02368	0.13430	0.04424	0.08571	0.01089	0.02556	0.00956	0.01107	0.01182	0.39699	0.07342	0.04293	0.01221	0.00447
12	0.01135	0.16264	0.41812	0.01207	0.02742	0.01201	0.07817	0.07301	0.03744	0.05584	0.00918	0.01031	0.00680	0.00445	0.00424	0.00134	0.00599	0.00359	0.00254	0.06348
13	0.00675	0.00457	0.00537	0.00537	0.00548	0.00467	0.00319	0.00696	0.00685	0.00924	0.01439	0.02893	0.01626	0.73703	0.12226	0.00488	0.00550	0.00654	0.00278	0.00298
14	0.00613	0.00486	0.00734	0.00754	0.00830	0.00451	0.07499	0.00725	0.00921	0.01220	0.02564	0.70595	0.08137	0.01343	0.00587	0.00184	0.00314	0.01230	0.00414	0.00401
15	0.01327	0.01462	0.01564	0.01298	0.01478	0.27713	0.12039	0.08433	0.01099	0.01341	0.00749	0.01015	0.00646	0.00665	0.02223	0.00173	0.35579	0.00395	0.00244	0.00560
16	0.00933	0.02406	0.81240	0.01326	0.02014	0.01080	0.01719	0.01473	0.00982	0.01473	0.00835	0.00982	0.00589	0.00442	0.00442	0.00147	0.00688	0.00344	0.00196	0.00688
17	0.01913	0.00838	0.01080	0.00854	0.01196	0.00783	0.00697	0.03660	0.15559	0.65382	0.01833	0.01603	0.01194	0.00586	0.00469	0.00146	0.00393	0.00477	0.00555	0.00782
18	0.00614	0.00439	0.00590	0.00664	0.00704	0.00438	0.00464	0.00711	0.00850	0.01146	0.02167	0.51207	0.02508	0.13089	0.15531	0.00328	0.00484	0.07314	0.00378	0.00376
19	0.00680	0.00488	0.00615	0.00680	0.00737	0.00477	0.00466	0.07715	0.00998	0.01332	0.02387	0.72507	0.02812	0.04901	0.00658	0.00196	0.00299	0.01214	0.00428	0.00411
20	0.00713	0.00570	0.00841	0.00813	0.00884	0.00697	0.00641	0.00870	0.00743	0.01085	0.01159	0.01717	0.01087	0.03122	0.70791	0.00673	0.12436	0.00486	0.00243	0.00428
21	0.01018	0.01018	0.01425	0.01221	0.01221	0.01425	0.01018	0.01120	0.00712	0.01120	0.00611	0.01018	0.00611	0.00814	0.01527	0.00204	0.82799	0.00407	0.00204	0.00509
22	0.00632	0.00422	0.00561	0.00651	0.00691	0.00392	0.00438	0.00715	0.00903	0.04457	0.02506	0.77902	0.02962	0.03561	0.00635	0.00194	0.00280	0.01271	0.00434	0.00392
23	0.16396	0.01003	0.01112	0.00960	0.01244	0.01137	0.06034	0.06146	0.54425	0.01977	0.01582	0.01588	0.01209	0.00593	0.00450	0.00156	0.00404	0.02480	0.00423	0.00683
24	0.00879	0.00827	0.01395	0.82532	0.03204	0.01034	0.01292	0.01189	0.00930	0.01189	0.00827	0.01240	0.00620	0.00465	0.00465	0.00155	0.00620	0.00413	0.00207	0.00517
25	0.01145	0.00991	0.01255	0.06753	0.19550	0.01100	0.00919	0.05338	0.47525	0.02807	0.06356	0.01647	0.01362	0.00586	0.00474	0.00151	0.00425	0.00507	0.00403	0.00707
26	0.01244	0.83930	0.02438	0.00796	0.01194	0.01841	0.00796	0.01393	0.00945	0.01095	0.00647	0.00746	0.00597	0.00398	0.00299	0.00100	0.00498	0.00249	0.00199	0.00597
27	0.00943	0.00816	0.00985	0.00739	0.01079	0.00693	0.00593	0.01139	0.00968	0.01503	0.07970	0.01196	0.01013	0.00451	0.00494	0.00091	0.09481	0.00341	0.00289	0.69214
28	0.00879	0.00827	0.01395	0.82532	0.03204	0.01034	0.01292	0.01189	0.00930	0.01189	0.00827	0.01240	0.00620	0.00465	0.00465	0.00155	0.00620	0.00413	0.00207	0.00517
29	0.01018	0.01018	0.01425	0.01221	0.01221	0.01425	0.01018	0.01120	0.00712	0.01120	0.00611	0.01018	0.00611	0.00814	0.01527	0.00204	0.82799	0.00407	0.00204	0.00509
30	0.01680	0.02099	0.01260	0.01148	0.01379	0.76411	0.00861	0.01807	0.01296	0.01178	0.00772	0.00898	0.00638	0.00484	0.00413	0.00119	0.00798	0.00308	0.05918	0.00532
31	0.00677	0.00451	0.00507	0.00507	0.00507	0.00451	0.00282	0.00677	0.00677	0.00902	0.01466	0.03044	0.01691	0.83650	0.02368	0.00451	0.00451	0.00677	0.00282	0.00282
32	0.01790	0.01268	0.01375	0.01054	0.01425	0.01391	0.00871	0.73962	0.02129	0.08250	0.01166	0.01149	0.00816	0.00560	0.00466	0.00140	0.00504	0.00422	0.00473	0.00791
33	0.00746	0.00618	0.00671	0.00576	0.00809	0.00525	0.00446	0.06156	0.01133	0.01484	0.09498	0.03284	0.48959	0.00908	0.00492	0.00133	0.00281	0.00754	0.00401	0.22127
34	0.00777	0.00542	0.00784	0.00763	0.00851	0.00619	0.00589	0.00923	0.00794	0.06527	0.01374	0.09151	0.01324	0.06932	0.59701	0.00606	0.06446	0.00573	0.00286	0.00437
35	0.00684	0.00451	0.00531	0.00531	0.00537	0.00457	0.00311	0.00683	0.00677	0.00909	0.01407	0.02850	0.01595	0.72528	0.07986	0.06151	0.00505	0.00646	0.00274	0.00286
36	0.00660	0.00494	0.00737	0.00743	0.00823	0.00571	0.00574	0.00822	0.00755	0.01085	0.01312	0.05896	0.01259	0.03388	0.77754	0.00720	0.01197	0.00540	0.00258	0.00413
37	0.12545	0.01949	0.01187	0.00975	0.01139	0.02158	0.02665	0.06413	0.00939	0.01510	0.07912	0.01241	0.00990	0.00792	0.04836	0.00187	0.37419	0.00409	0.00275	0.14460
38	0.00704	0.00685	0.07823	0.00612	0.00816	0.00516	0.00525	0.00941	0.05045	0.04705	0.20111	0.03660	0.48098	0.02996	0.00576	0.00160	0.00291	0.00843	0.00432	0.00460
39	0.00665	0.00498	0.00748	0.00748	0.00831	0.00582	0.00582	0.00831	0.00748	0.01080	0.01246	0.01828	0.01163	0.03489	0.81807	0.00748	0.01246	0.00498	0.00249	0.00415
40	0.00565	0.00411	0.00534	0.00632	0.00671	0.00379	0.00425	0.00650	0.00906	0.01194	0.02757	0.76252	0.10047	0.01432	0.00590	0.00186	0.00267	0.01292	0.00432	0.00379
41	0.01347	0.12224	0.01598	0.04133	0.01418	0.08039	0.07522	0.05961	0.01032	0.15718	0.00911	0.01103	0.00725	0.00624	0.00895	0.00162	0.35296	0.00401	0.00291	0.00601
42	0.04236	0.04385	0.01126	0.00910	0.01080	0.00990	0.02637	0.14450	0.01021	0.01483	0.01010	0.01435	0.00913	0.07101	0.29573	0.00381	0.18299	0.00438	0.00280	0.08250
43	0.11316	0.05038	0.28579	0.08519	0.01777	0.02419	0.11199	0.08478	0.01063	0.01591	0.00949	0.01329	0.00777	0.00641	0.03581	0.00176	0.06225	0.05480	0.00257	0.00606
44	0.09823	0.00964	0.01396	0.13995	0.01655	0.04193	0.16370	0.05900	0.01048	0.04491	0.04685	0.04586	0.08109	0.00664	0.01672	0.00162	0.13254	0.00516	0.00298	0.06220
45	0.22549	0.09917	0.19809	0.01030	0.04073	0.01076	0.06039	0.03494	0.06228	0.12506	0.00990	0.01058	0.00727	0.00456	0.00394	0.00135	0.00492	0.00352	0.00307	0.08369
