[name]
unknown

[dist]
# distance from previous block
# <min> <max>
0	54

[block]
# block no. 0 follows, 46 sequences, length 10
# corresponding to MSA columns:
# 249-255,268-270
name=unknown_A
#
# <colnr> <probs for GDERKNQSTAVLIFYWHMCP>
#	G	D	E	R	K	N	Q	S	T	A	V	L	I	F	Y	W	H	M	C	P
0	0.00920	0.05737	0.00884	0.00743	0.00910	0.00644	0.00551	0.01048	0.01043	0.05524	0.03975	0.25028	0.05900	0.20539	0.01086	0.00254	0.00412	0.09184	0.00412	0.15207
1	0.01872	0.06683	0.01490	0.01218	0.01524	0.48874	0.00946	0.10748	0.05656	0.09179	0.05927	0.01311	0.01090	0.00604	0.00493	0.00144	0.00765	0.00424	0.00371	0.00683
2	0.06567	0.01096	0.05290	0.00929	0.01328	0.00965	0.00782	0.11297	0.13450	0.05033	0.01385	0.06114	0.01164	0.00673	0.02045	0.00146	0.00463	0.02515	0.00401	0.38356
3	0.01469	0.01629	0.01377	0.01471	0.12426	0.36713	0.00993	0.05539	0.01336	0.01491	0.01424	0.18532	0.01459	0.00859	0.00636	0.00170	0.06548	0.04975	0.00341	0.00611
4	0.01242	0.01188	0.02026	0.19731	0.62157	0.01239	0.01589	0.01564	0.01172	0.01646	0.00983	0.01330	0.00809	0.00483	0.00524	0.00161	0.00644	0.00471	0.00256	0.00784
5	0.01062	0.01258	0.10798	0.22060	0.02304	0.01252	0.17551	0.01366	0.01030	0.01440	0.01138	0.10955	0.01057	0.00757	0.00907	0.00196	0.23366	0.00617	0.00271	0.00616
6	0.00744	0.00613	0.00969	0.10133	0.01295	0.00606	0.08006	0.00902	0.01047	0.01386	0.02587	0.61396	0.05458	0.01396	0.00651	0.00205	0.00409	0.01283	0.00439	0.00476
7	0.01290	0.01238	0.02113	0.07717	0.73792	0.01251	0.01613	0.01607	0.01195	0.01705	0.00991	0.01314	0.00830	0.00474	0.00524	0.00158	0.00633	0.00471	0.00260	0.00823
8	0.01060	0.02735	0.78682	0.01507	0.02288	0.01228	0.01953	0.01674	0.01116	0.01674	0.00949	0.01116	0.00670	0.00502	0.00502	0.00167	0.00781	0.00391	0.00223	0.00781
9	0.01489	0.04523	0.33242	0.01533	0.02131	0.01163	0.22600	0.01927	0.01262	0.22984	0.01291	0.01384	0.00885	0.00527	0.00539	0.00168	0.00713	0.00492	0.00355	0.00791

[dist]
# distance from previous block
# <min> <max>
0	7

[block]
# block no. 1 follows, 46 sequences, length 32
# corresponding to MSA columns:
# 278-309
name=unknown_B
#
# <colnr> <probs for GDERKNQSTAVLIFYWHMCP>
#	G	D	E	R	K	N	Q	S	T	A	V	L	I	F	Y	W	H	M	C	P
0	0.00769	0.00513	0.00577	0.00577	0.00577	0.00513	0.00320	0.00769	0.00769	0.01025	0.01666	0.03460	0.01922	0.81421	0.02691	0.00513	0.00513	0.00769	0.00320	0.00320
1	0.00748	0.00540	0.00707	0.00665	0.00790	0.00499	0.00499	0.00998	0.01496	0.02120	0.77844	0.03949	0.04988	0.01081	0.00624	0.00166	0.00249	0.00956	0.00582	0.00499
2	0.02010	0.01481	0.01587	0.01216	0.01639	0.01639	0.01005	0.76360	0.02486	0.03332	0.01269	0.01269	0.00899	0.00635	0.00529	0.00159	0.00582	0.00476	0.00529	0.00899
3	0.14299	0.04961	0.01434	0.01248	0.01534	0.65112	0.00951	0.02011	0.01395	0.01452	0.00802	0.00936	0.00665	0.00534	0.00450	0.00139	0.00860	0.00330	0.00279	0.00609
4	0.00777	0.00658	0.00754	0.00831	0.00876	0.06000	0.00580	0.00874	0.01030	0.01340	0.02593	0.69203	0.03080	0.01521	0.00745	0.00211	0.06678	0.01340	0.00455	0.00454
5	0.02886	0.11427	0.08445	0.01195	0.03622	0.05837	0.03342	0.06727	0.35733	0.08010	0.01563	0.01536	0.01175	0.00621	0.00532	0.00162	0.02716	0.00492	0.00429	0.03552
6	0.85155	0.01022	0.00777	0.00695	0.01022	0.01186	0.00573	0.01554	0.00900	0.02372	0.00736	0.00859	0.00573	0.00491	0.00327	0.00164	0.00409	0.00286	0.00327	0.00573
7	0.01734	0.01305	0.01397	0.01132	0.01499	0.01458	0.00915	0.45312	0.29070	0.04943	0.01623	0.01561	0.01182	0.00664	0.00526	0.00165	0.00507	0.00522	0.03623	0.00862
8	0.01826	0.01389	0.01483	0.01179	0.01569	0.01553	0.00960	0.56869	0.22277	0.03035	0.01503	0.01456	0.01088	0.00657	0.00531	0.00164	0.00538	0.00508	0.00531	0.00883
9	0.00790	0.00588	0.00774	0.00886	0.03338	0.00567	0.00686	0.00972	0.01148	0.01481	0.04588	0.12911	0.17209	0.10561	0.00920	0.00255	0.00430	0.40969	0.00464	0.00465
10	0.07559	0.00698	0.00822	0.04065	0.01055	0.00718	0.00624	0.06009	0.08653	0.03800	0.06099	0.37672	0.08820	0.04184	0.00681	0.00206	0.00378	0.05567	0.00474	0.01916
11	0.01071	0.02668	0.75246	0.01585	0.05692	0.01229	0.01938	0.01672	0.01120	0.01677	0.00951	0.01125	0.00677	0.00501	0.00503	0.00167	0.00774	0.00394	0.00225	0.00784
12	0.00692	0.00578	0.00611	0.00616	0.00763	0.02524	0.00453	0.00846	0.01253	0.01574	0.21662	0.15512	0.48438	0.01303	0.00628	0.00180	0.00287	0.01113	0.00506	0.00460
13	0.01783	0.00928	0.01127	0.00907	0.01203	0.00911	0.00711	0.20901	0.01575	0.35228	0.05749	0.02160	0.03277	0.16166	0.01019	0.04021	0.00481	0.00595	0.00532	0.00727
14	0.02032	0.00888	0.01161	0.00929	0.01279	0.00812	0.00751	0.09066	0.02945	0.57079	0.07433	0.09836	0.01755	0.00784	0.00552	0.00169	0.00433	0.00655	0.00619	0.00823
15	0.00666	0.00485	0.00629	0.00717	0.00779	0.00448	0.00498	0.00791	0.01108	0.01477	0.13890	0.59827	0.10630	0.01536	0.00665	0.00206	0.00302	0.04399	0.00504	0.00443
16	0.01316	0.00919	0.01049	0.00931	0.01182	0.00960	0.00732	0.21541	0.14596	0.09778	0.07757	0.17972	0.11507	0.01029	0.00592	0.00183	0.00418	0.06323	0.00531	0.00683
17	0.05706	0.01058	0.01170	0.00993	0.01313	0.03633	0.00787	0.09401	0.30581	0.26890	0.06132	0.06791	0.01669	0.00751	0.00536	0.00172	0.00445	0.00617	0.00555	0.00799
18	0.01020	0.00769	0.00808	0.00765	0.00968	0.04531	0.00584	0.01403	0.14122	0.09942	0.11103	0.13089	0.33869	0.01137	0.00602	0.00180	0.00358	0.03663	0.00515	0.00574
19	0.00768	0.00587	0.00707	0.00674	0.00822	0.00536	0.00493	0.01014	0.04933	0.01779	0.38894	0.14357	0.17420	0.07147	0.00763	0.00195	0.00300	0.00978	0.00510	0.07126
20	0.01292	0.01014	0.01167	0.00865	0.01296	0.00877	0.00697	0.16271	0.01418	0.04601	0.07114	0.01379	0.01155	0.00503	0.00442	0.00104	0.00420	0.00404	0.00389	0.58592
21	0.03298	0.00657	0.00825	0.00786	0.00971	0.00621	0.00612	0.02587	0.04791	0.16463	0.22806	0.19049	0.12301	0.01156	0.00617	0.00188	0.00351	0.10800	0.00544	0.00578
22	0.06733	0.00596	0.00716	0.00740	0.00857	0.00576	0.00525	0.04361	0.01137	0.08085	0.06371	0.49550	0.09406	0.06852	0.00763	0.00219	0.00346	0.01179	0.00488	0.00498
23	0.00820	0.00551	0.00691	0.00692	0.00822	0.00501	0.00516	0.00996	0.01276	0.07018	0.31452	0.21164	0.19901	0.04547	0.00721	0.00200	0.00309	0.06802	0.00529	0.00492
24	0.00802	0.00520	0.00663	0.00698	0.00780	0.00481	0.00480	0.00922	0.01121	0.06816	0.17639	0.43205	0.08935	0.13268	0.00950	0.00243	0.00333	0.01190	0.00495	0.00461
25	0.00770	0.00504	0.00647	0.00718	0.00793	0.00461	0.00492	0.00874	0.01069	0.06718	0.04862	0.61167	0.11955	0.05375	0.00755	0.00220	0.00321	0.01342	0.00496	0.00460
26	0.00992	0.00902	0.01515	0.73878	0.03408	0.01118	0.01389	0.01298	0.01028	0.01317	0.00938	0.01425	0.00722	0.00632	0.00650	0.06842	0.00685	0.00469	0.00234	0.00559
27	0.01209	0.01116	0.01704	0.19638	0.09737	0.01333	0.08324	0.11187	0.01184	0.01654	0.01042	0.05167	0.00919	0.00901	0.05299	0.00228	0.26664	0.00536	0.00294	0.01864
28	0.01261	0.00807	0.00957	0.00851	0.01044	0.00834	0.00645	0.19367	0.06504	0.08911	0.13061	0.17420	0.02164	0.03617	0.00859	0.12895	0.00410	0.00767	0.07031	0.00594
29	0.05201	0.00698	0.00791	0.00751	0.00919	0.00706	0.00569	0.09221	0.04624	0.04055	0.04099	0.09921	0.25692	0.12055	0.08810	0.03774	0.00497	0.06662	0.00441	0.00513
30	0.19385	0.07671	0.01411	0.01009	0.01376	0.01255	0.06706	0.25499	0.02974	0.10130	0.01362	0.01460	0.03335	0.02707	0.00518	0.00162	0.00502	0.00462	0.07895	0.04181
31	0.07185	0.00990	0.04249	0.02848	0.01200	0.01015	0.00754	0.22122	0.01407	0.05672	0.06904	0.09298	0.04224	0.19578	0.03740	0.00277	0.06832	0.00679	0.00420	0.00605

[dist]
# distance from previous block
# <min> <max>
6	51

[block]
# block no. 2 follows, 46 sequences, length 19
# corresponding to MSA columns:
# 361-379
name=unknown_C
#
# <colnr> <probs for GDERKNQSTAVLIFYWHMCP>
#	G	D	E	R	K	N	Q	S	T	A	V	L	I	F	Y	W	H	M	C	P
0	0.02743	0.00924	0.01222	0.02737	0.01336	0.00935	0.03786	0.10743	0.06482	0.32185	0.14258	0.04504	0.04408	0.00894	0.03279	0.00194	0.06072	0.00642	0.01918	0.00739
1	0.15256	0.01092	0.03476	0.05655	0.01459	0.01138	0.00846	0.09396	0.28332	0.19700	0.03667	0.01737	0.01325	0.00658	0.00500	0.00170	0.00460	0.01646	0.02713	0.00774
2	0.00814	0.00568	0.00709	0.00761	0.00870	0.00542	0.00553	0.01054	0.07145	0.05719	0.08276	0.47197	0.14347	0.01423	0.00650	0.00203	0.00330	0.07830	0.00509	0.00500
3	0.03145	0.00927	0.01099	0.00933	0.01229	0.00938	0.00743	0.13842	0.16479	0.26715	0.12078	0.09293	0.05979	0.00867	0.00565	0.00174	0.00417	0.03259	0.00567	0.00750
4	0.00871	0.00584	0.00767	0.00816	0.02907	0.00550	0.00585	0.02957	0.01258	0.06991	0.23993	0.33328	0.09362	0.03395	0.00697	0.00203	0.00339	0.09371	0.00518	0.00509
5	0.01385	0.75311	0.08947	0.00954	0.01433	0.02022	0.00990	0.01590	0.01078	0.01279	0.00752	0.00870	0.00678	0.00456	0.00352	0.00117	0.00583	0.00291	0.00226	0.00687
6	0.00799	0.00545	0.00651	0.00639	0.00677	0.00559	0.00405	0.02572	0.00893	0.01228	0.08359	0.03208	0.02065	0.58828	0.14008	0.00516	0.00621	0.00741	0.02311	0.00376
7	0.00892	0.00565	0.00717	0.00741	0.00853	0.00528	0.00528	0.02237	0.03173	0.09816	0.13107	0.45913	0.10530	0.05665	0.00750	0.00214	0.00332	0.02421	0.00513	0.00504
8	0.01065	0.00674	0.00780	0.00717	0.00847	0.00684	0.00504	0.06944	0.08449	0.07866	0.10852	0.06009	0.05064	0.31729	0.01459	0.05677	0.00424	0.00728	0.09024	0.00504
9	0.00658	0.00524	0.00584	0.00595	0.00734	0.00457	0.00433	0.00805	0.01223	0.01548	0.19930	0.16559	0.48977	0.03724	0.00694	0.00192	0.00277	0.01132	0.00505	0.00451
10	0.00732	0.00539	0.00685	0.00660	0.00788	0.00493	0.00496	0.00960	0.01433	0.01986	0.63463	0.06824	0.14470	0.01146	0.00629	0.00172	0.00261	0.03211	0.00564	0.00489
11	0.00821	0.00527	0.00665	0.00700	0.00789	0.00488	0.00490	0.00945	0.01114	0.07197	0.13587	0.39672	0.11149	0.13112	0.00941	0.00243	0.00341	0.04099	0.02657	0.00464
12	0.01096	0.00940	0.01096	0.00783	0.01253	0.00705	0.00626	0.01331	0.01096	0.01723	0.00940	0.01096	0.00783	0.00392	0.00392	0.00078	0.00392	0.00313	0.00313	0.84653
13	0.01127	0.00808	0.01069	0.00949	0.01189	0.00803	0.06806	0.01645	0.19395	0.11935	0.11972	0.06535	0.17626	0.03437	0.00672	0.00197	0.00419	0.12277	0.00511	0.00629
14	0.00708	0.00539	0.00656	0.00701	0.00802	0.00508	0.00497	0.00938	0.06322	0.01591	0.19523	0.42956	0.19495	0.01401	0.00644	0.00194	0.00294	0.01241	0.00514	0.00476
15	0.01059	0.00592	0.00781	0.00791	0.00923	0.00550	0.00571	0.03402	0.01165	0.17963	0.02723	0.55542	0.05775	0.01491	0.03782	0.00226	0.00388	0.01211	0.00519	0.00547
16	0.00950	0.00628	0.00745	0.00695	0.00804	0.00645	0.00504	0.04209	0.01145	0.05873	0.15565	0.07909	0.12049	0.23383	0.01239	0.00264	0.06879	0.00793	0.15239	0.00483
17	0.00798	0.00570	0.00697	0.00715	0.00776	0.00566	0.00486	0.03347	0.00980	0.01319	0.03748	0.26334	0.03886	0.37649	0.03640	0.00360	0.02023	0.08003	0.00399	0.03704
18	0.01235	0.01051	0.01129	0.01043	0.01310	0.01204	0.00809	0.02545	0.66756	0.02106	0.02250	0.08630	0.01846	0.00835	0.00560	0.00186	0.00413	0.04777	0.00531	0.00784

[dist]
# distance from previous block
# <min> <max>
0	1

[block]
# block no. 3 follows, 46 sequences, length 17
# corresponding to MSA columns:
# 381-397
name=unknown_D
#
# <colnr> <probs for GDERKNQSTAVLIFYWHMCP>
#	G	D	E	R	K	N	Q	S	T	A	V	L	I	F	Y	W	H	M	C	P
0	0.07599	0.00643	0.00751	0.00669	0.00873	0.00580	0.00512	0.01063	0.01344	0.01981	0.49252	0.03398	0.14026	0.00958	0.00562	0.00154	0.00288	0.00821	0.00506	0.14022
1	0.00716	0.00828	0.13158	0.00854	0.01004	0.00561	0.00720	0.00888	0.01020	0.01390	0.02552	0.65383	0.02985	0.04392	0.00721	0.00218	0.00391	0.01297	0.00442	0.00482
2	0.04866	0.03063	0.01269	0.00955	0.01341	0.00949	0.00789	0.15087	0.01648	0.54450	0.08411	0.01838	0.01515	0.00677	0.00527	0.00162	0.00457	0.00544	0.00605	0.00848
3	0.08521	0.25985	0.34132	0.01165	0.01710	0.04555	0.01298	0.07631	0.01239	0.01757	0.06601	0.01230	0.01004	0.00542	0.00448	0.00149	0.00636	0.00396	0.00286	0.00714
4	0.00939	0.00536	0.00783	0.00803	0.03259	0.00517	0.00544	0.00806	0.00784	0.01067	0.01085	0.01933	0.01088	0.01644	0.01766	0.67791	0.00461	0.06850	0.00260	0.07085
5	0.01431	0.00912	0.01042	0.00876	0.01186	0.03386	0.00693	0.04303	0.15818	0.23335	0.10494	0.05847	0.11280	0.00817	0.00542	0.00158	0.00406	0.02745	0.00521	0.14207
6	0.01199	0.00787	0.01033	0.00920	0.01110	0.03739	0.03402	0.06900	0.01133	0.14349	0.01518	0.01986	0.01286	0.07644	0.44387	0.00563	0.01021	0.00555	0.05887	0.00581
7	0.03733	0.00717	0.00843	0.00831	0.03187	0.00703	0.00616	0.01377	0.11544	0.12275	0.05875	0.15169	0.32750	0.01138	0.00636	0.00185	0.02978	0.04358	0.00502	0.00583
8	0.08869	0.00766	0.00756	0.00728	0.00894	0.06286	0.00540	0.04738	0.01174	0.08316	0.02349	0.22516	0.12578	0.02887	0.00659	0.04994	0.00382	0.00817	0.19228	0.00521
9	0.17369	0.00922	0.01062	0.00883	0.01206	0.00919	0.00706	0.06186	0.10373	0.36740	0.03163	0.05292	0.01427	0.06699	0.00665	0.00194	0.00440	0.02587	0.00527	0.02641
10	0.10336	0.00658	0.00693	0.00655	0.00833	0.00636	0.00486	0.04479	0.03343	0.01744	0.15609	0.11208	0.29774	0.09425	0.00783	0.00206	0.00333	0.00894	0.03788	0.04116
11	0.04394	0.00743	0.00870	0.00817	0.00984	0.00752	0.00604	0.16527	0.01391	0.08105	0.10244	0.36560	0.03923	0.07335	0.00756	0.00211	0.00386	0.01005	0.03821	0.00571
12	0.03524	0.00703	0.00853	0.00833	0.00985	0.00707	0.00623	0.11109	0.04594	0.08008	0.12114	0.37776	0.02878	0.05440	0.00731	0.00212	0.00382	0.07460	0.00509	0.00560
13	0.01241	0.00816	0.00957	0.00864	0.01083	0.00834	0.00663	0.09835	0.17665	0.13817	0.13841	0.14561	0.08781	0.07914	0.00771	0.00210	0.00398	0.04573	0.00529	0.00647
14	0.04449	0.00633	0.00728	0.00730	0.00870	0.00621	0.00543	0.06549	0.04122	0.01715	0.15319	0.25987	0.21750	0.06590	0.00761	0.00212	0.00345	0.07084	0.00492	0.00499
15	0.00961	0.00563	0.00739	0.00766	0.00871	0.00523	0.00540	0.02923	0.01156	0.13407	0.09127	0.56338	0.03143	0.05367	0.00744	0.00216	0.00341	0.01244	0.00516	0.00515
16	0.00961	0.00666	0.00821	0.00798	0.00923	0.00685	0.00586	0.01236	0.09672	0.09426	0.09530	0.30298	0.14365	0.09564	0.00933	0.00228	0.07268	0.01026	0.00481	0.00534

[dist]
# distance from previous block
# <min> <max>
2	24

[block]
# block no. 4 follows, 46 sequences, length 71
# corresponding to MSA columns:
# 427-497
name=unknown_E
#
# <colnr> <probs for GDERKNQSTAVLIFYWHMCP>
#	G	D	E	R	K	N	Q	S	T	A	V	L	I	F	Y	W	H	M	C	P
0	0.03158	0.03508	0.21306	0.09464	0.09206	0.01129	0.07044	0.12472	0.01305	0.04521	0.02539	0.07788	0.01232	0.08507	0.00746	0.00203	0.00626	0.02707	0.00339	0.02200
1	0.18535	0.01612	0.20589	0.03284	0.03349	0.06075	0.07887	0.10799	0.01308	0.09692	0.03791	0.01283	0.00918	0.00574	0.00564	0.00166	0.05787	0.00438	0.00349	0.03003
2	0.21907	0.04116	0.07194	0.07547	0.06832	0.04207	0.09224	0.06932	0.09723	0.04675	0.01233	0.01381	0.03546	0.00592	0.00576	0.00169	0.06884	0.00460	0.00343	0.02456
3	0.01299	0.00986	0.01189	0.00971	0.01268	0.06339	0.06971	0.10210	0.03169	0.11888	0.15526	0.11112	0.05943	0.03054	0.00604	0.00163	0.00462	0.00704	0.02282	0.15859
4	0.01396	0.13679	0.01650	0.06924	0.02884	0.09387	0.04209	0.12732	0.01305	0.05477	0.01156	0.07901	0.01033	0.00835	0.04290	0.00190	0.13438	0.00509	0.00337	0.10668
5	0.01827	0.01289	0.01432	0.03394	0.01567	0.01390	0.00924	0.52433	0.07649	0.10167	0.01449	0.04134	0.01094	0.02894	0.00586	0.00168	0.00538	0.00523	0.00513	0.06028
6	0.00885	0.00695	0.00899	0.05451	0.05905	0.00695	0.00661	0.04909	0.07502	0.01624	0.10582	0.36006	0.05517	0.09601	0.00823	0.00219	0.00392	0.01020	0.00448	0.06163
7	0.01072	0.07772	0.03871	0.62087	0.10103	0.01264	0.01430	0.01446	0.03267	0.01410	0.00963	0.01361	0.00740	0.00522	0.00512	0.00169	0.00680	0.00456	0.00245	0.00630
8	0.05749	0.07825	0.03989	0.02707	0.08478	0.01116	0.00910	0.07694	0.15679	0.21827	0.01666	0.01753	0.03334	0.00632	0.00497	0.00154	0.00483	0.03361	0.00456	0.11690
9	0.01393	0.10100	0.01279	0.00965	0.01207	0.15862	0.00761	0.11676	0.05074	0.08064	0.04867	0.01933	0.03909	0.10697	0.18120	0.00344	0.00776	0.00537	0.01818	0.00616
10	0.00649	0.00510	0.00586	0.00622	0.00743	0.00448	0.00446	0.00785	0.01180	0.01498	0.14698	0.30944	0.42193	0.01411	0.00642	0.00189	0.00279	0.01226	0.00504	0.00448
11	0.01898	0.01367	0.01482	0.01166	0.01561	0.01506	0.00953	0.58574	0.13747	0.08155	0.01494	0.03158	0.01092	0.00671	0.00534	0.00163	0.00542	0.00521	0.00538	0.00879
12	0.01969	0.01272	0.01465	0.01196	0.04214	0.01354	0.00946	0.51513	0.02102	0.19914	0.01482	0.02980	0.01063	0.00841	0.04983	0.00200	0.00596	0.00513	0.00533	0.00864
13	0.00762	0.00575	0.00849	0.00847	0.00933	0.00670	0.00652	0.00938	0.00849	0.01222	0.01452	0.04317	0.01395	0.07367	0.71782	0.00802	0.03231	0.00599	0.00289	0.00466
14	0.00998	0.00940	0.01586	0.80150	0.03641	0.01175	0.01468	0.01351	0.01057	0.01351	0.00940	0.01409	0.00705	0.00529	0.00529	0.00176	0.00705	0.00470	0.00235	0.00587
15	0.01052	0.00604	0.00789	0.00706	0.00870	0.00552	0.00531	0.01265	0.01418	0.16185	0.55241	0.03495	0.03961	0.09996	0.00838	0.00205	0.00316	0.00856	0.00566	0.00553
16	0.01660	0.01047	0.01206	0.00978	0.01294	0.01088	0.00784	0.33765	0.06062	0.18605	0.16694	0.05908	0.03517	0.02561	0.00602	0.00172	0.00452	0.00657	0.02182	0.00765
17	0.00858	0.00607	0.00803	0.00852	0.00979	0.00599	0.00688	0.01161	0.06400	0.03695	0.24159	0.17555	0.03533	0.01314	0.00672	0.00210	0.00383	0.34494	0.00522	0.00515
18	0.00951	0.00774	0.00903	0.00968	0.01113	0.06381	0.00817	0.01271	0.06364	0.01673	0.12411	0.05067	0.03029	0.01294	0.00685	0.00221	0.00485	0.54581	0.00487	0.00521
19	0.00659	0.00491	0.00597	0.00664	0.00738	0.00447	0.00453	0.00766	0.01080	0.01404	0.09584	0.47905	0.22891	0.08740	0.00840	0.00228	0.00310	0.01291	0.00483	0.00430
20	0.10173	0.00620	0.00710	0.00688	0.00858	0.00591	0.00526	0.01106	0.02554	0.06960	0.30459	0.14018	0.22280	0.01144	0.00596	0.00180	0.00309	0.05191	0.00517	0.00516
21	0.01315	0.01136	0.01195	0.01076	0.01375	0.01315	0.00837	0.02809	0.77168	0.02211	0.02152	0.01972	0.01614	0.00717	0.00538	0.00179	0.00418	0.00598	0.00538	0.00837
22	0.01050	0.00525	0.00565	0.00543	0.00684	0.00516	0.00411	0.01287	0.01147	0.07065	0.05996	0.02144	0.02770	0.02017	0.02443	0.00154	0.00294	0.00537	0.69335	0.00516
23	0.00688	0.00491	0.00608	0.00676	0.00750	0.00454	0.00470	0.00816	0.01102	0.01485	0.11950	0.47801	0.16103	0.05459	0.00742	0.00212	0.00305	0.03334	0.06113	0.00441
24	0.01322	0.00663	0.00733	0.00651	0.00855	0.00659	0.00509	0.06016	0.05520	0.16280	0.01789	0.01898	0.01334	0.00630	0.00419	0.00136	0.00314	0.00505	0.59157	0.00612
25	0.00625	0.00536	0.00536	0.00536	0.00714	0.00446	0.00402	0.00759	0.01205	0.01428	0.05355	0.05088	0.77909	0.01339	0.00625	0.00179	0.00268	0.01116	0.00491	0.00446
26	0.00650	0.00464	0.00620	0.00743	0.00776	0.00434	0.00501	0.00746	0.01018	0.01356	0.02911	0.79033	0.03484	0.01651	0.00676	0.00215	0.00312	0.03490	0.00491	0.00431
27	0.09286	0.00910	0.01189	0.00920	0.01322	0.00811	0.00760	0.02491	0.01462	0.72132	0.01973	0.01721	0.01247	0.00641	0.00515	0.00164	0.00446	0.00511	0.00627	0.00872
28	0.00736	0.00540	0.00690	0.00653	0.00783	0.00494	0.00490	0.00975	0.01469	0.02054	0.70937	0.04057	0.11937	0.01105	0.00624	0.00167	0.00251	0.00971	0.00573	0.00494
29	0.01413	0.81739	0.02770	0.00905	0.01357	0.02092	0.00905	0.01583	0.01074	0.01244	0.00735	0.00848	0.00678	0.00452	0.00339	0.00113	0.00565	0.00283	0.00226	0.00678
30	0.00769	0.00513	0.00577	0.00577	0.00577	0.00513	0.00320	0.00769	0.00769	0.01025	0.01666	0.03460	0.01922	0.81421	0.02691	0.00513	0.00513	0.00769	0.00320	0.00320
31	0.01288	0.04133	0.01847	0.18583	0.26655	0.09167	0.05743	0.01709	0.10427	0.01576	0.01057	0.01343	0.00859	0.00587	0.00703	0.00173	0.12681	0.00474	0.00285	0.00710
32	0.00977	0.00651	0.00693	0.00636	0.00855	0.02508	0.00490	0.01131	0.01284	0.15197	0.08796	0.04332	0.58136	0.01182	0.00604	0.00174	0.00317	0.00983	0.00520	0.00534
33	0.00866	0.00587	0.00665	0.00661	0.00677	0.00580	0.00387	0.00853	0.00837	0.01132	0.01733	0.03466	0.01956	0.75364	0.07575	0.00546	0.00601	0.00781	0.00349	0.00382
34	0.01096	0.00940	0.01096	0.00783	0.01253	0.00705	0.00626	0.01331	0.01096	0.01723	0.00940	0.01096	0.00783	0.00392	0.00392	0.00078	0.00392	0.00313	0.00313	0.84653
35	0.00998	0.00940	0.01586	0.80150	0.03641	0.01175	0.01468	0.01351	0.01057	0.01351	0.00940	0.01409	0.00705	0.00529	0.00529	0.00176	0.00705	0.00470	0.00235	0.00587
36	0.01031	0.03407	0.06741	0.68438	0.07586	0.01209	0.01492	0.01394	0.01070	0.01390	0.00937	0.01368	0.00709	0.00521	0.00521	0.00173	0.00702	0.00459	0.00235	0.00616
37	0.00778	0.00598	0.00812	0.00817	0.00899	0.02481	0.00612	0.00934	0.00865	0.01210	0.01536	0.07532	0.01534	0.14244	0.61790	0.00744	0.01208	0.00651	0.00302	0.00452
38	0.16271	0.00920	0.01151	0.00899	0.01295	0.00846	0.00743	0.02405	0.01410	0.65709	0.01859	0.01641	0.01185	0.00627	0.00497	0.00164	0.00443	0.00490	0.00599	0.00845
39	0.01308	0.01256	0.02146	0.03245	0.78123	0.01256	0.01622	0.01622	0.01204	0.01727	0.00994	0.01308	0.00837	0.00471	0.00523	0.00157	0.00628	0.00471	0.00262	0.00837
40	0.01552	0.01083	0.01202	0.01045	0.01369	0.01194	0.00823	0.02757	0.60186	0.19334	0.02137	0.01934	0.01545	0.00703	0.00537	0.00176	0.00425	0.00583	0.00564	0.00851
41	0.01056	0.02614	0.73515	0.06777	0.02379	0.01224	0.01921	0.01653	0.01112	0.01653	0.00948	0.01136	0.00672	0.00504	0.00504	0.00168	0.00776	0.00396	0.00224	0.00768
42	0.01344	0.01137	0.01244	0.02761	0.01430	0.01328	0.00875	0.04717	0.66451	0.04096	0.02002	0.01882	0.01505	0.00723	0.00618	0.00182	0.05794	0.00581	0.00514	0.00818
43	0.00784	0.00599	0.00863	0.00848	0.00923	0.00705	0.00647	0.00942	0.00836	0.01202	0.01402	0.02206	0.01362	0.14460	0.63541	0.00762	0.06588	0.00587	0.00285	0.00458
44	0.85155	0.01022	0.00777	0.00695	0.01022	0.01186	0.00573	0.01554	0.00900	0.02372	0.00736	0.00859	0.00573	0.00491	0.00327	0.00164	0.00409	0.00286	0.00327	0.00573
45	0.01291	0.01064	0.01128	0.01008	0.01295	0.01203	0.00786	0.06757	0.60432	0.03698	0.02368	0.02218	0.08601	0.00822	0.01918	0.00188	0.00426	0.00633	0.03376	0.00787
46	0.54633	0.01191	0.01074	0.00887	0.01249	0.01352	0.00731	0.29015	0.01482	0.02724	0.00932	0.01009	0.00692	0.00544	0.00401	0.00162	0.00472	0.00356	0.00401	0.00692
47	0.00657	0.00469	0.00612	0.00714	0.00759	0.00434	0.00481	0.00743	0.01029	0.01359	0.05040	0.68669	0.10229	0.01620	0.00729	0.03834	0.00308	0.01408	0.00482	0.00424
48	0.00852	0.00608	0.00852	0.00974	0.01095	0.00608	0.00852	0.01095	0.01217	0.01582	0.02799	0.05963	0.03042	0.01460	0.00730	0.00243	0.00487	0.74565	0.00487	0.00487
49	0.01413	0.81739	0.02770	0.00905	0.01357	0.02092	0.00905	0.01583	0.01074	0.01244	0.00735	0.00848	0.00678	0.00452	0.00339	0.00113	0.00565	0.00283	0.00226	0.00678
50	0.00808	0.00517	0.00674	0.00723	0.00811	0.00473	0.00505	0.00937	0.01145	0.07921	0.15725	0.53954	0.08957	0.03357	0.00699	0.00207	0.00311	0.01283	0.00516	0.00479
51	0.85155	0.01022	0.00777	0.00695	0.01022	0.01186	0.00573	0.01554	0.00900	0.02372	0.00736	0.00859	0.00573	0.00491	0.00327	0.00164	0.00409	0.00286	0.00327	0.00573
52	0.00833	0.00603	0.00766	0.00702	0.00847	0.00575	0.00533	0.06048	0.01563	0.02201	0.72712	0.03769	0.04714	0.01051	0.00617	0.00166	0.00272	0.00924	0.00578	0.00526
53	0.85155	0.01022	0.00777	0.00695	0.01022	0.01186	0.00573	0.01554	0.00900	0.02372	0.00736	0.00859	0.00573	0.00491	0.00327	0.00164	0.00409	0.00286	0.00327	0.00573
54	0.01983	0.01379	0.01506	0.01163	0.01566	0.01502	0.00955	0.65773	0.02317	0.10386	0.01393	0.03106	0.01020	0.02713	0.00587	0.00169	0.00561	0.00511	0.00535	0.00874
55	0.00768	0.00514	0.00584	0.00584	0.00586	0.00516	0.00329	0.00773	0.00771	0.01030	0.01659	0.03423	0.01906	0.79365	0.04725	0.00521	0.00537	0.00763	0.00319	0.00324
56	0.00739	0.00540	0.00694	0.00656	0.00784	0.00495	0.00492	0.00980	0.01475	0.02070	0.72557	0.04032	0.10307	0.01100	0.00624	0.00167	0.00251	0.00968	0.00575	0.00495
57	0.00888	0.00547	0.00722	0.00720	0.00834	0.00503	0.00519	0.01060	0.01276	0.10260	0.36499	0.34382	0.03861	0.04536	0.00718	0.00199	0.00305	0.01119	0.00543	0.00508
58	0.03926	0.00836	0.01109	0.00887	0.01234	0.00743	0.00724	0.02230	0.03121	0.59323	0.13757	0.02309	0.03741	0.00757	0.00549	0.00167	0.00414	0.02742	0.00624	0.00807
59	0.01978	0.02433	0.01506	0.01350	0.01635	0.72813	0.01020	0.08312	0.01581	0.01464	0.00855	0.00980	0.00699	0.00552	0.00481	0.00138	0.00922	0.00352	0.00294	0.00637
60	0.14482	0.01090	0.01267	0.00986	0.01387	0.01093	0.00814	0.24263	0.01710	0.45012	0.01645	0.01504	0.01079	0.00624	0.00501	0.00162	0.00483	0.00479	0.00569	0.00851
61	0.00655	0.00480	0.00608	0.00694	0.00753	0.00441	0.00471	0.00761	0.01067	0.01407	0.09061	0.60559	0.14414	0.05059	0.00752	0.00219	0.00306	0.01372	0.00490	0.00433
62	0.00897	0.00587	0.00760	0.00697	0.00852	0.00544	0.00530	0.01176	0.03674	0.08485	0.67660	0.03739	0.06267	0.01041	0.00613	0.00167	0.00271	0.00914	0.00585	0.00541
63	0.01938	0.01454	0.01589	0.01231	0.01618	0.01638	0.01017	0.70089	0.02346	0.03160	0.01221	0.01260	0.00882	0.00659	0.00630	0.00165	0.07252	0.00475	0.00504	0.00872
64	0.08044	0.00965	0.01543	0.68346	0.06615	0.01189	0.01393	0.01378	0.01045	0.01451	0.00919	0.01353	0.00699	0.00532	0.00539	0.00176	0.02517	0.00454	0.00244	0.00597
65	0.01163	0.01455	0.10573	0.01992	0.02497	0.01227	0.60367	0.01587	0.01209	0.01654	0.01258	0.10067	0.01082	0.00583	0.00617	0.00181	0.00816	0.00696	0.00287	0.00689
66	0.02342	0.00948	0.01257	0.00964	0.01374	0.00849	0.00796	0.08739	0.01594	0.72212	0.02017	0.01755	0.01274	0.00653	0.00531	0.00163	0.00461	0.00527	0.00644	0.00900
67	0.01113	0.00936	0.01556	0.73535	0.03450	0.01141	0.01410	0.01453	0.01095	0.07793	0.01035	0.01442	0.00755	0.00539	0.00529	0.00175	0.00683	0.00475	0.00270	0.00613
68	0.23073	0.06144	0.01379	0.01165	0.03050	0.42900	0.00893	0.06044	0.01373	0.08133	0.00927	0.01019	0.00721	0.00539	0.00440	0.00146	0.00725	0.00350	0.00330	0.00651
69	0.00985	0.00606	0.00749	0.02876	0.00939	0.00542	0.00542	0.01165	0.01308	0.15081	0.24054	0.11559	0.31916	0.02602	0.00650	0.00184	0.00320	0.02847	0.00534	0.00541
70	0.01501	0.01122	0.03478	0.07727	0.03820	0.02424	0.02710	0.18812	0.07409	0.14419	0.01561	0.05620	0.01292	0.00713	0.00565	0.00161	0.02746	0.07585	0.00445	0.15891

[dist]
# distance from previous block
# <min> <max>
0	45

[block]
# block no. 5 follows, 46 sequences, length 63
# corresponding to MSA columns:
# 553-615
name=unknown_F
#
# <colnr> <probs for GDERKNQSTAVLIFYWHMCP>
#	G	D	E	R	K	N	Q	S	T	A	V	L	I	F	Y	W	H	M	C	P
0	0.07860	0.02445	0.03208	0.05149	0.01240	0.00905	0.00776	0.07526	0.13668	0.01871	0.13046	0.04493	0.04189	0.07791	0.07261	0.00270	0.00534	0.16738	0.00443	0.00587
1	0.03874	0.01674	0.01551	0.07760	0.14749	0.32120	0.02953	0.09965	0.02645	0.01688	0.00953	0.01160	0.00773	0.00582	0.00561	0.04200	0.00717	0.00400	0.00305	0.11370
2	0.00871	0.00535	0.00753	0.02731	0.00851	0.00544	0.00532	0.00833	0.02924	0.01125	0.01439	0.19220	0.01543	0.04193	0.05722	0.48715	0.02296	0.00702	0.00305	0.04166
3	0.14374	0.01050	0.01490	0.13622	0.34862	0.03521	0.01165	0.01427	0.01173	0.01771	0.09805	0.03312	0.06419	0.00664	0.00519	0.00167	0.00539	0.03120	0.00331	0.00669
4	0.11879	0.04962	0.01218	0.01025	0.03680	0.07978	0.00788	0.07497	0.22879	0.14884	0.15765	0.01958	0.01858	0.00705	0.00511	0.00163	0.00464	0.00564	0.00492	0.00729
5	0.12697	0.00922	0.01258	0.00982	0.01357	0.00853	0.06889	0.02188	0.03050	0.51888	0.08610	0.01933	0.03629	0.00674	0.00524	0.00166	0.00457	0.00563	0.00567	0.00793
6	0.07579	0.00532	0.00619	0.00683	0.00768	0.00511	0.00473	0.00831	0.01038	0.01453	0.06294	0.47531	0.16475	0.09775	0.00846	0.00234	0.00332	0.03124	0.00464	0.00437
7	0.08132	0.01154	0.01807	0.14941	0.23604	0.01250	0.11954	0.11575	0.01315	0.01903	0.05535	0.03130	0.01147	0.00628	0.00639	0.00175	0.07218	0.02863	0.00327	0.00705
8	0.01890	0.03596	0.01574	0.11259	0.01862	0.13215	0.01045	0.47574	0.02038	0.08950	0.01213	0.01273	0.00870	0.00604	0.00516	0.00157	0.00642	0.00454	0.00455	0.00811
9	0.01381	0.01019	0.01124	0.00985	0.01277	0.01115	0.00772	0.06889	0.49325	0.11919	0.11156	0.02338	0.06790	0.00786	0.00552	0.00174	0.00403	0.00657	0.00554	0.00784
10	0.02779	0.01096	0.01201	0.00980	0.01297	0.01168	0.00785	0.40482	0.06195	0.10903	0.01932	0.08401	0.07572	0.02808	0.00584	0.00172	0.00469	0.00633	0.09788	0.00756
11	0.01201	0.00936	0.01107	0.00796	0.01261	0.00711	0.00639	0.01433	0.01130	0.08005	0.01033	0.01154	0.00826	0.00413	0.00403	0.00085	0.00396	0.00331	0.00341	0.77799
12	0.00644	0.00460	0.00613	0.00736	0.00767	0.00429	0.00491	0.00736	0.01012	0.01350	0.02914	0.81076	0.03497	0.01656	0.00675	0.00215	0.00307	0.01503	0.00491	0.00429
13	0.01988	0.00502	0.00600	0.00663	0.00756	0.00454	0.00464	0.00783	0.01122	0.01469	0.11278	0.47284	0.27782	0.01476	0.00648	0.00197	0.00290	0.01302	0.00497	0.00444
14	0.00882	0.00550	0.00679	0.00685	0.00809	0.00495	0.00487	0.01010	0.01164	0.11034	0.13626	0.33362	0.21967	0.09720	0.00848	0.00224	0.00328	0.01133	0.00506	0.00490
15	0.00672	0.00465	0.00601	0.00711	0.00753	0.00435	0.00478	0.00778	0.01025	0.01403	0.02881	0.72489	0.05327	0.01562	0.00648	0.00206	0.00301	0.01409	0.07421	0.00435
16	0.83341	0.01020	0.00787	0.00701	0.01030	0.01177	0.00577	0.01576	0.00913	0.04040	0.00766	0.00879	0.00589	0.00494	0.00332	0.00164	0.00410	0.00292	0.00334	0.00580
17	0.00823	0.00565	0.00651	0.00654	0.00701	0.00568	0.00409	0.00977	0.07171	0.02894	0.04170	0.16455	0.04201	0.55207	0.02014	0.00409	0.00455	0.00888	0.00386	0.00402
18	0.23180	0.00803	0.00897	0.00764	0.01055	0.00775	0.00609	0.01714	0.01262	0.32447	0.10659	0.06576	0.13917	0.02383	0.00553	0.00176	0.00382	0.00665	0.00520	0.00662
19	0.00998	0.00940	0.01586	0.80150	0.03641	0.01175	0.01468	0.01351	0.01057	0.01351	0.00940	0.01409	0.00705	0.00529	0.00529	0.00176	0.00705	0.00470	0.00235	0.00587
20	0.00794	0.00519	0.00659	0.00708	0.00807	0.00469	0.00499	0.00920	0.01140	0.07819	0.11134	0.52272	0.17368	0.01454	0.00648	0.00199	0.00305	0.01293	0.00514	0.00479
21	0.00858	0.00557	0.00681	0.00664	0.00804	0.00499	0.00484	0.01018	0.01259	0.09486	0.27822	0.20076	0.25229	0.07192	0.00779	0.00205	0.00307	0.01059	0.00525	0.00497
22	0.01612	0.01001	0.01147	0.00951	0.01231	0.01047	0.00736	0.24554	0.14181	0.20384	0.03784	0.06020	0.01572	0.18163	0.01008	0.00243	0.00486	0.00636	0.00515	0.00730
23	0.01268	0.01086	0.01155	0.01042	0.01326	0.01247	0.00809	0.02659	0.70915	0.02204	0.08407	0.02136	0.01893	0.00747	0.00545	0.00178	0.00404	0.00627	0.00542	0.00809
24	0.08403	0.01133	0.01363	0.04369	0.11149	0.01235	0.00956	0.25336	0.16420	0.09720	0.01513	0.03867	0.01188	0.00955	0.07057	0.01537	0.00591	0.01980	0.00454	0.00773
25	0.49024	0.01069	0.01026	0.00851	0.01210	0.01166	0.00699	0.13272	0.05085	0.20222	0.01202	0.01196	0.00846	0.00562	0.00416	0.00164	0.00445	0.00388	0.00445	0.00712
26	0.00999	0.00592	0.00774	0.00703	0.00858	0.00541	0.00527	0.01216	0.01425	0.13852	0.57670	0.05767	0.04122	0.07670	0.00782	0.00196	0.00304	0.00890	0.00569	0.00544
27	0.05217	0.76357	0.04321	0.00908	0.01362	0.02032	0.00912	0.01584	0.01067	0.01304	0.00740	0.00854	0.00673	0.00455	0.00342	0.00117	0.00563	0.00285	0.00231	0.00676
28	0.00755	0.00566	0.00850	0.00850	0.00944	0.00661	0.00661	0.00944	0.00850	0.01227	0.01416	0.02077	0.01322	0.03965	0.79326	0.00850	0.01416	0.00566	0.00283	0.00472
29	0.01248	0.01426	0.03119	0.02228	0.02763	0.01337	0.76203	0.01693	0.01248	0.01693	0.01070	0.01426	0.00802	0.00446	0.00624	0.00178	0.00891	0.00624	0.00267	0.00713
30	0.00918	0.00990	0.08665	0.00936	0.01169	0.07087	0.06941	0.01207	0.01428	0.01956	0.55976	0.04895	0.03831	0.00940	0.00601	0.00166	0.00414	0.00834	0.00493	0.00552
31	0.01152	0.01139	0.01576	0.01338	0.01377	0.01544	0.01113	0.01277	0.00833	0.01309	0.00714	0.01152	0.00701	0.00881	0.01624	0.00219	0.73837	0.00450	0.00238	0.07526
32	0.00964	0.00598	0.00781	0.00711	0.00876	0.00550	0.00545	0.01228	0.02862	0.11793	0.63959	0.03702	0.05873	0.01032	0.00612	0.00168	0.00283	0.02322	0.00587	0.00555
33	0.55706	0.01218	0.07375	0.00872	0.01251	0.01223	0.00773	0.10404	0.07469	0.07855	0.01029	0.01087	0.00757	0.00539	0.00397	0.00165	0.00463	0.00360	0.00383	0.00673
34	0.01060	0.02735	0.78682	0.01507	0.02288	0.01228	0.01953	0.01674	0.01116	0.01674	0.00949	0.01116	0.00670	0.00502	0.00502	0.00167	0.00781	0.00391	0.00223	0.00781
35	0.00755	0.00566	0.00850	0.00850	0.00944	0.00661	0.00661	0.00944	0.00850	0.01227	0.01416	0.02077	0.01322	0.03965	0.79326	0.00850	0.01416	0.00566	0.00283	0.00472
36	0.85155	0.01022	0.00777	0.00695	0.01022	0.01186	0.00573	0.01554	0.00900	0.02372	0.00736	0.00859	0.00573	0.00491	0.00327	0.00164	0.00409	0.00286	0.00327	0.00573
37	0.00781	0.00597	0.00795	0.00725	0.00876	0.00560	0.03027	0.01084	0.04908	0.02053	0.65911	0.03868	0.10662	0.01064	0.00620	0.00168	0.00280	0.00942	0.00562	0.00517
38	0.01141	0.01141	0.01564	0.01348	0.01374	0.03726	0.02383	0.01270	0.00841	0.01276	0.00776	0.01247	0.00758	0.01210	0.09442	0.00290	0.68931	0.00472	0.00238	0.00571
39	0.00918	0.00459	0.00689	0.00689	0.00689	0.00459	0.00459	0.00689	0.00689	0.00918	0.00918	0.01607	0.00918	0.01837	0.02066	0.84619	0.00459	0.00459	0.00230	0.00230
40	0.01975	0.02520	0.01498	0.01362	0.01634	0.79299	0.01021	0.02111	0.01498	0.01294	0.00817	0.00953	0.00681	0.00545	0.00477	0.00136	0.00953	0.00340	0.00272	0.00613
41	0.00769	0.00513	0.00577	0.00577	0.00577	0.00513	0.00320	0.00769	0.00769	0.01025	0.01666	0.03460	0.01922	0.81421	0.02691	0.00513	0.00513	0.00769	0.00320	0.00320
42	0.00769	0.00513	0.00577	0.00577	0.00577	0.00513	0.00320	0.00769	0.00769	0.01025	0.01666	0.03460	0.01922	0.81421	0.02691	0.00513	0.00513	0.00769	0.00320	0.00320
43	0.00759	0.00508	0.00580	0.00590	0.00592	0.00506	0.00334	0.00766	0.00789	0.01052	0.01768	0.09811	0.02051	0.74894	0.02526	0.00488	0.00496	0.00829	0.00334	0.00329
44	0.01315	0.01136	0.01195	0.01076	0.01375	0.01315	0.00837	0.02809	0.77168	0.02211	0.02152	0.01972	0.01614	0.00717	0.00538	0.00179	0.00418	0.00598	0.00538	0.00837
45	0.00650	0.00464	0.00620	0.00743	0.00776	0.00435	0.00501	0.00746	0.01018	0.01356	0.02910	0.78928	0.03484	0.01651	0.00676	0.00216	0.00312	0.03592	0.00491	0.00431
46	0.02336	0.00920	0.01235	0.00951	0.01357	0.00812	0.00784	0.04435	0.03449	0.74675	0.02067	0.01790	0.01306	0.00655	0.00532	0.00164	0.00452	0.00532	0.00648	0.00898
47	0.12328	0.00914	0.01173	0.00911	0.01310	0.00826	0.00752	0.02453	0.01439	0.69335	0.01923	0.01686	0.01220	0.00635	0.00507	0.00164	0.00445	0.00502	0.00615	0.00860
48	0.00716	0.00533	0.00666	0.00646	0.00773	0.00483	0.00480	0.00931	0.01401	0.01925	0.57853	0.10478	0.18808	0.01177	0.00628	0.00173	0.00258	0.01031	0.00557	0.00483
49	0.01830	0.01337	0.04956	0.07594	0.01709	0.01380	0.01004	0.50652	0.03312	0.11873	0.01377	0.01406	0.00971	0.00622	0.00515	0.00158	0.00555	0.00482	0.07433	0.00834
50	0.00796	0.00545	0.00641	0.00651	0.00793	0.00479	0.00475	0.00934	0.01191	0.07836	0.11677	0.27201	0.38378	0.03642	0.00693	0.00198	0.00304	0.02576	0.00509	0.00481
51	0.00787	0.00496	0.00664	0.00753	0.00815	0.00458	0.00514	0.00888	0.01054	0.07724	0.02845	0.74525	0.03316	0.01573	0.00663	0.00210	0.00319	0.01423	0.00504	0.00468
52	0.15122	0.01126	0.01136	0.01017	0.01323	0.01302	0.00798	0.04461	0.62738	0.02266	0.01897	0.01771	0.01424	0.00678	0.00503	0.00176	0.00421	0.00543	0.00503	0.00795
53	0.01723	0.01339	0.01559	0.01221	0.01588	0.03196	0.07137	0.53378	0.03973	0.02796	0.01401	0.07874	0.01141	0.01813	0.00600	0.00169	0.02638	0.00574	0.03645	0.02234
54	0.00830	0.00573	0.00676	0.00681	0.00806	0.00533	0.00489	0.02898	0.02654	0.06106	0.10732	0.24845	0.26789	0.14433	0.00971	0.00243	0.00348	0.04433	0.00483	0.00475
55	0.00742	0.00545	0.00622	0.00611	0.00766	0.00475	0.00452	0.00902	0.01265	0.05101	0.23996	0.12980	0.45311	0.03018	0.00671	0.00186	0.00281	0.01082	0.00519	0.00476
56	0.01643	0.03444	0.01545	0.10773	0.08127	0.44728	0.01077	0.05253	0.01374	0.01483	0.00875	0.01077	0.00720	0.00538	0.00537	0.00140	0.04664	0.00374	0.00281	0.11343
57	0.00685	0.00528	0.00603	0.00611	0.00751	0.00465	0.00456	0.00813	0.01201	0.01513	0.17669	0.10514	0.48559	0.01365	0.00752	0.07093	0.00295	0.05201	0.00486	0.00439
58	0.05172	0.02886	0.01314	0.03682	0.03408	0.02544	0.00832	0.06300	0.01183	0.10988	0.01039	0.01200	0.00822	0.00552	0.00669	0.00133	0.15100	0.00385	0.00347	0.41444
59	0.01466	0.00943	0.01142	0.00841	0.01283	0.00761	0.00680	0.05091	0.01281	0.22126	0.03392	0.01369	0.01044	0.00491	0.00441	0.00107	0.00412	0.00396	0.00421	0.56311
60	0.12144	0.01431	0.04240	0.02116	0.28113	0.07315	0.20301	0.12368	0.01388	0.04065	0.01034	0.01256	0.00799	0.00502	0.00521	0.00162	0.00685	0.00476	0.00320	0.00764
61	0.00943	0.00760	0.00970	0.04502	0.01132	0.04429	0.00724	0.07177	0.01011	0.01385	0.01340	0.02002	0.01249	0.09629	0.54898	0.02878	0.03611	0.00555	0.00301	0.00503
62	0.08240	0.00848	0.00874	0.00745	0.00986	0.00903	0.00593	0.23629	0.01519	0.05891	0.01525	0.01664	0.01153	0.00613	0.00421	0.00139	0.00369	0.00473	0.48777	0.00638

[dist]
# distance from previous block
# <min> <max>
0	3

[block]
# block no. 6 follows, 46 sequences, length 8
# corresponding to MSA columns:
# 621-628
name=unknown_G
#
# <colnr> <probs for GDERKNQSTAVLIFYWHMCP>
#	G	D	E	R	K	N	Q	S	T	A	V	L	I	F	Y	W	H	M	C	P
0	0.74115	0.01006	0.00837	0.00728	0.01066	0.01131	0.00600	0.01690	0.00981	0.12523	0.00916	0.00984	0.00671	0.00513	0.00354	0.00164	0.00414	0.00319	0.00371	0.00616
1	0.00896	0.00628	0.00727	0.00684	0.00868	0.00570	0.00513	0.05535	0.01277	0.07721	0.12792	0.17174	0.36708	0.03657	0.03853	0.00213	0.00365	0.01009	0.00496	0.04311
2	0.00937	0.00551	0.00708	0.00722	0.00832	0.00503	0.00508	0.01058	0.01137	0.13316	0.12036	0.43396	0.09772	0.10897	0.00882	0.00233	0.00343	0.01164	0.00507	0.00499
3	0.76467	0.01009	0.00824	0.00721	0.01057	0.01143	0.00594	0.01661	0.00964	0.10360	0.00878	0.00958	0.00650	0.00508	0.00349	0.00164	0.00413	0.00312	0.00361	0.00607
4	0.07867	0.00837	0.00951	0.00854	0.01055	0.00873	0.00654	0.21998	0.01478	0.05802	0.12006	0.18408	0.05649	0.08439	0.00871	0.05851	0.00428	0.04920	0.00475	0.00584
5	0.04458	0.00656	0.00799	0.00774	0.00926	0.00639	0.00563	0.04220	0.06196	0.13760	0.12835	0.35710	0.05910	0.09056	0.00811	0.00221	0.00362	0.01038	0.00510	0.00554
6	0.00671	0.00531	0.00604	0.00600	0.00746	0.00464	0.00444	0.00842	0.01292	0.01668	0.31055	0.11439	0.45220	0.01275	0.00629	0.00177	0.00265	0.01093	0.00523	0.00464
7	0.00644	0.00460	0.00613	0.00736	0.00767	0.00429	0.00491	0.00736	0.01012	0.01350	0.02914	0.81076	0.03497	0.01656	0.00675	0.00215	0.00307	0.01503	0.00491	0.00429

[dist]
# distance from previous block
# <min> <max>
0	7

[block]
# block no. 7 follows, 46 sequences, length 8
# corresponding to MSA columns:
# 636-643
name=unknown_H
#
# <colnr> <probs for GDERKNQSTAVLIFYWHMCP>
#	G	D	E	R	K	N	Q	S	T	A	V	L	I	F	Y	W	H	M	C	P
0	0.04035	0.00755	0.00908	0.00790	0.01039	0.00713	0.00616	0.05822	0.07112	0.22668	0.22544	0.10218	0.16255	0.00973	0.00575	0.00170	0.00353	0.00826	0.00554	0.03073
1	0.53526	0.00903	0.00841	0.00732	0.01032	0.00975	0.00593	0.01618	0.01128	0.15549	0.16722	0.01653	0.01602	0.00640	0.00423	0.00164	0.00383	0.00466	0.00436	0.00614
2	0.00826	0.00666	0.00965	0.00925	0.00996	0.00818	0.00724	0.00989	0.00837	0.01221	0.01307	0.02012	0.01253	0.08781	0.60488	0.00718	0.15154	0.00562	0.00277	0.00480
3	0.01215	0.01653	0.16212	0.02103	0.02681	0.01318	0.63338	0.01690	0.01225	0.01690	0.01049	0.01372	0.00779	0.00455	0.00603	0.00176	0.00872	0.00583	0.00260	0.00725
4	0.03526	0.00765	0.00894	0.00819	0.00996	0.00800	0.00629	0.08913	0.10949	0.05740	0.18664	0.06144	0.14131	0.09245	0.02565	0.04584	0.03822	0.05774	0.00477	0.00564
5	0.05357	0.00666	0.00757	0.00702	0.00834	0.00689	0.00512	0.09279	0.05473	0.01703	0.08639	0.02380	0.09026	0.10103	0.01195	0.24771	0.00395	0.00610	0.16449	0.00461
6	0.00644	0.00460	0.00613	0.00736	0.00767	0.00429	0.00491	0.00736	0.01012	0.01350	0.02914	0.81076	0.03497	0.01656	0.00675	0.00215	0.00307	0.01503	0.00491	0.00429
7	0.01209	0.00946	0.01095	0.03434	0.06476	0.04211	0.00792	0.18148	0.08018	0.04881	0.11373	0.20258	0.09888	0.01034	0.00595	0.00181	0.00446	0.05885	0.00488	0.00642

[dist]
# distance from previous block
# <min> <max>
0	1

[block]
# block no. 8 follows, 46 sequences, length 52
# corresponding to MSA columns:
# 645-654,657-659,667-691,694-707
name=unknown_I
#
# <colnr> <probs for GDERKNQSTAVLIFYWHMCP>
#	G	D	E	R	K	N	Q	S	T	A	V	L	I	F	Y	W	H	M	C	P
0	0.11068	0.01094	0.01319	0.10102	0.01591	0.05017	0.07134	0.21715	0.01433	0.02068	0.02708	0.10873	0.01298	0.06172	0.02424	0.00209	0.05537	0.00610	0.06995	0.00634
1	0.74072	0.01093	0.00879	0.07146	0.01265	0.05211	0.00668	0.01566	0.00943	0.02234	0.00757	0.00908	0.00589	0.00497	0.00351	0.00163	0.00461	0.00304	0.00317	0.00576
2	0.00642	0.00467	0.00607	0.00719	0.00762	0.00431	0.00483	0.00738	0.01029	0.01356	0.03122	0.74592	0.09846	0.01629	0.00671	0.00212	0.00303	0.01470	0.00491	0.00431
