[name]
unknown

[dist]
# distance from previous block
# <min> <max>
5	353

[block]
# block no. 0 follows, 45 sequences, length 26
# corresponding to MSA columns:
# 404-429
name=unknown_A
#
# <colnr> <probs for GDERKNQSTAVLIFYWHMCP>
#	G	D	E	R	K	N	Q	S	T	A	V	L	I	F	Y	W	H	M	C	P
0	0.01613	0.03055	0.10199	0.01246	0.03965	0.08455	0.04859	0.27709	0.05314	0.08699	0.05782	0.04384	0.01276	0.00654	0.00524	0.00157	0.00587	0.00531	0.04660	0.06330
1	0.05966	0.02540	0.02504	0.01206	0.01510	0.00941	0.19758	0.07431	0.02701	0.10881	0.02003	0.18583	0.05233	0.03813	0.00667	0.00196	0.00540	0.06694	0.04772	0.02060
2	0.01233	0.00980	0.03232	0.00900	0.01183	0.03058	0.00708	0.13973	0.07970	0.06070	0.05378	0.17216	0.01835	0.09785	0.00780	0.00196	0.00452	0.02083	0.02363	0.20606
3	0.02894	0.01495	0.09236	0.03647	0.11479	0.03491	0.48587	0.03738	0.01267	0.01741	0.01176	0.06496	0.00976	0.00551	0.00599	0.00178	0.00805	0.00630	0.00290	0.00724
4	0.35308	0.27298	0.09892	0.00893	0.01302	0.02897	0.00860	0.03714	0.01114	0.04015	0.06123	0.01173	0.00982	0.00540	0.00391	0.00149	0.00510	0.00365	0.01821	0.00652
5	0.01520	0.21290	0.04012	0.01003	0.01337	0.06018	0.00851	0.27476	0.04945	0.03217	0.01334	0.05434	0.01184	0.12703	0.00813	0.00204	0.00563	0.00526	0.04869	0.00700
6	0.00684	0.00489	0.00654	0.00759	0.00809	0.00460	0.00530	0.00809	0.01103	0.01482	0.11645	0.65513	0.03688	0.01597	0.00684	0.00215	0.00320	0.07601	0.00509	0.00449
7	0.05150	0.06917	0.02894	0.01034	0.04338	0.03881	0.00784	0.21854	0.03066	0.04177	0.01909	0.25460	0.04853	0.05945	0.00689	0.00194	0.00483	0.00807	0.00444	0.05122
8	0.01023	0.12861	0.01414	0.01252	0.11861	0.01035	0.02474	0.05049	0.01048	0.01440	0.01355	0.06876	0.01300	0.06080	0.40486	0.00532	0.02442	0.00584	0.00303	0.00583
9	0.02063	0.01232	0.01440	0.01120	0.01501	0.01310	0.00924	0.41857	0.01997	0.29281	0.01554	0.01498	0.01062	0.00672	0.00621	0.00167	0.06345	0.00503	0.03980	0.00872
10	0.01046	0.00987	0.01669	0.71953	0.11335	0.01201	0.01507	0.01400	0.01089	0.01411	0.00960	0.01421	0.00729	0.00531	0.00536	0.00177	0.00708	0.00477	0.00241	0.00622
11	0.02408	0.00914	0.01246	0.00955	0.01370	0.00789	0.00789	0.02616	0.01536	0.78158	0.02118	0.01827	0.01329	0.00664	0.00540	0.00166	0.00457	0.00540	0.00664	0.00914
12	0.00750	0.00547	0.00736	0.00748	0.00816	0.00589	0.00535	0.00873	0.00882	0.01214	0.01952	0.10439	0.07305	0.25805	0.43648	0.00651	0.00978	0.00768	0.00334	0.00429
13	0.00932	0.00466	0.00699	0.00699	0.00699	0.00466	0.00466	0.00699	0.00699	0.00932	0.00932	0.01632	0.00932	0.01865	0.02098	0.84382	0.00466	0.00466	0.00233	0.00233
14	0.00762	0.00561	0.00720	0.00677	0.00816	0.00509	0.00506	0.01001	0.01462	0.02060	0.66868	0.07936	0.08466	0.01112	0.00626	0.00168	0.00263	0.00981	0.00570	0.03935
15	0.01746	0.01392	0.01464	0.01273	0.05376	0.05677	0.00973	0.40295	0.27097	0.04277	0.01578	0.01542	0.01161	0.00659	0.00532	0.00166	0.00546	0.00518	0.02866	0.00861
16	0.03121	0.01559	0.20231	0.15196	0.29007	0.01230	0.05506	0.05450	0.02551	0.09350	0.01131	0.01354	0.00843	0.00526	0.00530	0.00168	0.00674	0.00471	0.00311	0.00791
17	0.07039	0.14652	0.04105	0.01142	0.01535	0.01551	0.04382	0.40964	0.04168	0.02519	0.01280	0.01440	0.02677	0.04546	0.03839	0.00203	0.02280	0.00479	0.00424	0.00777
18	0.00708	0.00544	0.00652	0.00687	0.00799	0.00503	0.00491	0.00924	0.05037	0.01625	0.21469	0.35887	0.25908	0.01398	0.00651	0.00193	0.00291	0.01230	0.00523	0.00479
19	0.00636	0.00537	0.00551	0.00561	0.00730	0.00452	0.00416	0.00768	0.01207	0.01443	0.05223	0.11717	0.71157	0.01387	0.00639	0.00184	0.00275	0.01167	0.00498	0.00452
20	0.02408	0.00914	0.01246	0.00955	0.01370	0.00789	0.00789	0.02616	0.01536	0.78158	0.02118	0.01827	0.01329	0.00664	0.00540	0.00166	0.00457	0.00540	0.00664	0.00914
21	0.00912	0.00476	0.00701	0.00696	0.00712	0.00471	0.00471	0.00737	0.00797	0.01078	0.10050	0.01915	0.01424	0.01773	0.01923	0.74355	0.00441	0.00526	0.00276	0.00266
22	0.01893	0.09174	0.01607	0.01292	0.01607	0.62634	0.00997	0.05874	0.01506	0.01449	0.00855	0.00986	0.00710	0.00538	0.00468	0.00133	0.00873	0.00346	0.00289	0.06768
23	0.00858	0.00594	0.00745	0.00678	0.00839	0.00532	0.00505	0.01075	0.01398	0.05789	0.54520	0.03757	0.11337	0.08006	0.00794	0.00194	0.00299	0.00901	0.00543	0.06639
24	0.07798	0.52238	0.03894	0.01007	0.01436	0.08662	0.00938	0.13883	0.01348	0.01711	0.00860	0.00971	0.00730	0.00568	0.01857	0.00143	0.00620	0.00332	0.00293	0.00710
25	0.06158	0.09052	0.04799	0.00863	0.01140	0.08764	0.00719	0.01524	0.02595	0.13671	0.27102	0.02505	0.05146	0.06732	0.02480	0.00197	0.00482	0.00648	0.00457	0.04965

[dist]
# distance from previous block
# <min> <max>
1	10

[block]
# block no. 1 follows, 45 sequences, length 15
# corresponding to MSA columns:
# 440-454
name=unknown_B
#
# <colnr> <probs for GDERKNQSTAVLIFYWHMCP>
#	G	D	E	R	K	N	Q	S	T	A	V	L	I	F	Y	W	H	M	C	P
0	0.01682	0.01476	0.10171	0.01353	0.07857	0.01415	0.01100	0.49607	0.02006	0.02749	0.01275	0.01444	0.00970	0.03424	0.06945	0.00228	0.00668	0.00491	0.04316	0.00822
1	0.00857	0.00524	0.00630	0.00637	0.00740	0.00538	0.00470	0.01054	0.01062	0.01667	0.08153	0.09038	0.05878	0.07649	0.20778	0.00358	0.00581	0.00697	0.38215	0.00475
2	0.00949	0.00695	0.00928	0.00851	0.00972	0.00758	0.03209	0.09879	0.01057	0.01475	0.01503	0.02450	0.01476	0.28981	0.38912	0.00616	0.00973	0.00632	0.03195	0.00489
3	0.00660	0.00474	0.00617	0.00728	0.00766	0.00441	0.00484	0.00750	0.01025	0.01357	0.03024	0.72728	0.07397	0.05820	0.00790	0.00232	0.00320	0.01466	0.00489	0.00431
4	0.00826	0.00661	0.00933	0.00898	0.00968	0.00790	0.00692	0.00980	0.00895	0.01282	0.04822	0.05831	0.04222	0.11782	0.48149	0.00638	0.14181	0.00660	0.00313	0.00478
5	0.05535	0.01036	0.01301	0.01001	0.01416	0.00980	0.00827	0.17242	0.01710	0.60275	0.01899	0.01682	0.01217	0.00654	0.00531	0.00165	0.00482	0.00519	0.00626	0.00901
6	0.01946	0.01413	0.01510	0.01168	0.01570	0.01559	0.00962	0.69222	0.02397	0.03258	0.01331	0.01353	0.00955	0.00643	0.00522	0.00158	0.00560	0.00485	0.08112	0.00875
7	0.01250	0.05322	0.05296	0.29919	0.36406	0.04347	0.05169	0.03054	0.01199	0.01605	0.00977	0.01324	0.00781	0.00504	0.00526	0.00165	0.00694	0.00467	0.00259	0.00736
8	0.03182	0.10132	0.01527	0.03429	0.08650	0.14829	0.00960	0.11273	0.16025	0.07493	0.03619	0.01748	0.03900	0.01950	0.03059	0.00189	0.03410	0.02167	0.01730	0.00727
9	0.06558	0.00920	0.01223	0.00943	0.01354	0.00810	0.00779	0.02564	0.01505	0.74349	0.02049	0.01779	0.01291	0.00656	0.00529	0.00166	0.00455	0.00527	0.00648	0.00897
10	0.09743	0.04117	0.11809	0.02747	0.01626	0.08153	0.03651	0.19976	0.14037	0.12317	0.01402	0.01420	0.01014	0.00605	0.00499	0.00163	0.00584	0.00468	0.04883	0.00786
11	0.00682	0.00493	0.00652	0.00769	0.00822	0.00462	0.00544	0.00800	0.01068	0.01408	0.03086	0.65961	0.07764	0.01635	0.00690	0.00220	0.00335	0.11665	0.00498	0.00445
12	0.04299	0.01159	0.04779	0.08694	0.04616	0.01204	0.03598	0.24734	0.07694	0.06417	0.04643	0.01739	0.01249	0.02707	0.06351	0.00227	0.04711	0.01642	0.08812	0.00725
13	0.00795	0.00569	0.00703	0.00713	0.00828	0.00538	0.00517	0.01031	0.05265	0.03789	0.30520	0.24876	0.14809	0.08038	0.00823	0.00218	0.00321	0.04631	0.00525	0.00493
14	0.06693	0.02734	0.01367	0.01148	0.03167	0.04835	0.00899	0.29567	0.30576	0.05460	0.06623	0.01715	0.01444	0.00687	0.00529	0.00168	0.00507	0.00543	0.00513	0.00824

[dist]
# distance from previous block
# <min> <max>
5	7

[block]
# block no. 2 follows, 45 sequences, length 9
# corresponding to MSA columns:
# 463-471
name=unknown_C
#
# <colnr> <probs for GDERKNQSTAVLIFYWHMCP>
#	G	D	E	R	K	N	Q	S	T	A	V	L	I	F	Y	W	H	M	C	P
0	0.84927	0.01038	0.00789	0.00706	0.01038	0.01204	0.00581	0.01578	0.00914	0.02408	0.00747	0.00872	0.00581	0.00498	0.00332	0.00166	0.00415	0.00291	0.00332	0.00581
1	0.05512	0.07660	0.11969	0.01121	0.01413	0.01135	0.04255	0.04305	0.01087	0.12242	0.01242	0.01596	0.01030	0.03919	0.25704	0.00405	0.13933	0.00495	0.00331	0.00646
2	0.08140	0.61518	0.08593	0.00943	0.01404	0.01877	0.00955	0.04326	0.01140	0.01479	0.01023	0.01119	0.04599	0.00519	0.00379	0.00129	0.00564	0.00346	0.00263	0.00685
3	0.00991	0.01063	0.15044	0.00920	0.01186	0.00778	0.00841	0.07575	0.04341	0.04226	0.31574	0.13326	0.03086	0.08360	0.00800	0.00211	0.00437	0.04168	0.00479	0.00593
4	0.01235	0.01251	0.07343	0.11897	0.39164	0.01148	0.01353	0.06340	0.03571	0.01828	0.04792	0.01592	0.04047	0.00559	0.00522	0.00154	0.00585	0.00504	0.00317	0.11796
5	0.00725	0.00614	0.00807	0.00728	0.00912	0.00542	0.06536	0.00912	0.01286	0.01647	0.24406	0.07544	0.46453	0.03634	0.00699	0.00190	0.00327	0.01054	0.00500	0.00485
6	0.01245	0.01461	0.12448	0.07268	0.37550	0.01268	0.17482	0.01747	0.08589	0.01754	0.01182	0.03470	0.00959	0.00536	0.00556	0.00170	0.00691	0.00540	0.00293	0.00789
7	0.00653	0.00472	0.00618	0.00734	0.00775	0.00437	0.00492	0.00749	0.01041	0.01376	0.03126	0.75681	0.08546	0.01660	0.00682	0.00216	0.00309	0.01499	0.00498	0.00437
8	0.01181	0.07298	0.57837	0.04780	0.02336	0.01290	0.10783	0.01726	0.01163	0.05233	0.01018	0.01199	0.00729	0.00508	0.00517	0.00168	0.00774	0.00429	0.00253	0.00776

[dist]
# distance from previous block
# <min> <max>
0	1

[block]
# block no. 3 follows, 45 sequences, length 17
# corresponding to MSA columns:
# 473-489
name=unknown_D
#
# <colnr> <probs for GDERKNQSTAVLIFYWHMCP>
#	G	D	E	R	K	N	Q	S	T	A	V	L	I	F	Y	W	H	M	C	P
0	0.01257	0.34809	0.21923	0.03409	0.01621	0.03619	0.01157	0.04588	0.04833	0.01570	0.02505	0.01451	0.06065	0.00678	0.02397	0.00165	0.03326	0.00436	0.03497	0.00694
1	0.01565	0.06504	0.01560	0.07347	0.05216	0.17215	0.01022	0.17608	0.09475	0.04200	0.03783	0.01385	0.01042	0.00715	0.02379	0.00176	0.10743	0.00461	0.00375	0.07229
2	0.22718	0.05627	0.05434	0.01067	0.01401	0.04091	0.05991	0.06673	0.05333	0.15887	0.01250	0.01378	0.00942	0.00892	0.07143	0.00227	0.08432	0.00448	0.04370	0.00695
3	0.55118	0.06522	0.01162	0.03544	0.01310	0.01317	0.02460	0.12284	0.04245	0.03963	0.00932	0.01036	0.00710	0.00527	0.00391	0.00161	0.00473	0.00351	0.00365	0.03130
4	0.00654	0.00467	0.00623	0.00747	0.00779	0.00436	0.00498	0.00747	0.01028	0.01370	0.02959	0.80785	0.03550	0.01682	0.00685	0.00218	0.00311	0.01526	0.00498	0.00436
5	0.01179	0.00995	0.01169	0.03841	0.01394	0.00805	0.00697	0.06960	0.01218	0.01857	0.00979	0.01138	0.00801	0.00421	0.00413	0.00089	0.00424	0.00337	0.00331	0.74949
6	0.01584	0.03135	0.16523	0.01453	0.10921	0.03181	0.06891	0.08293	0.05969	0.22894	0.03128	0.01763	0.06455	0.00634	0.00536	0.00163	0.00585	0.00539	0.00433	0.04921
7	0.06165	0.05336	0.11198	0.01502	0.07439	0.31529	0.05770	0.10599	0.02850	0.01735	0.00961	0.01153	0.00774	0.00707	0.03602	0.00186	0.07079	0.00414	0.00303	0.00698
8	0.00955	0.00673	0.03691	0.00738	0.00922	0.00566	0.00593	0.01217	0.01507	0.10582	0.66253	0.03659	0.04485	0.01027	0.00618	0.00169	0.00296	0.00901	0.00585	0.00562
9	0.00950	0.00731	0.00925	0.07885	0.05611	0.00735	0.00701	0.01357	0.13429	0.06194	0.16315	0.15795	0.25079	0.01099	0.00608	0.00183	0.00371	0.00952	0.00496	0.00586
10	0.01231	0.06804	0.51081	0.01644	0.06871	0.01263	0.12266	0.01745	0.01195	0.07349	0.02914	0.01296	0.00864	0.00523	0.00525	0.00167	0.00749	0.00454	0.00277	0.00783
11	0.01295	0.01241	0.02118	0.11528	0.69819	0.01267	0.01631	0.01618	0.01206	0.01713	0.01004	0.01340	0.00836	0.00485	0.00532	0.00162	0.00646	0.00478	0.00263	0.00823
12	0.00772	0.00517	0.00588	0.00596	0.00598	0.00515	0.00337	0.00778	0.00797	0.01063	0.01777	0.08712	0.02059	0.75790	0.02594	0.00500	0.00506	0.00831	0.00337	0.00333
13	0.01113	0.00954	0.01113	0.00795	0.01272	0.00716	0.00636	0.01352	0.01113	0.01749	0.00954	0.01113	0.00795	0.00398	0.00398	0.00080	0.00398	0.00318	0.00318	0.84417
14	0.01085	0.01036	0.01477	0.01273	0.01301	0.01385	0.03667	0.01204	0.00836	0.01267	0.00925	0.01602	0.00944	0.12603	0.08910	0.00331	0.58827	0.00529	0.00254	0.00545
15	0.00676	0.00573	0.00588	0.00590	0.00767	0.00502	0.00440	0.00887	0.05491	0.01489	0.05070	0.10576	0.67797	0.01348	0.00633	0.00184	0.00283	0.01132	0.00501	0.00474
16	0.04615	0.01200	0.01844	0.28235	0.10724	0.01310	0.13545	0.19369	0.04119	0.06220	0.02834	0.01465	0.00949	0.00567	0.00547	0.00172	0.00663	0.00516	0.00363	0.00744

[dist]
# distance from previous block
# <min> <max>
0	2

[block]
# block no. 4 follows, 45 sequences, length 10
# corresponding to MSA columns:
# 492-501
name=unknown_E
#
# <colnr> <probs for GDERKNQSTAVLIFYWHMCP>
#	G	D	E	R	K	N	Q	S	T	A	V	L	I	F	Y	W	H	M	C	P
0	0.18715	0.31487	0.03514	0.01037	0.01405	0.16556	0.00911	0.11235	0.01307	0.01807	0.00856	0.00987	0.00712	0.00541	0.00479	0.00144	0.05191	0.00342	0.02099	0.00675
1	0.00834	0.00681	0.00875	0.00872	0.00970	0.05153	0.00665	0.01008	0.00903	0.01244	0.01483	0.05526	0.01434	0.07996	0.66880	0.00774	0.01311	0.00614	0.00298	0.00477
2	0.06020	0.01116	0.01593	0.31871	0.21030	0.03201	0.01277	0.07232	0.07810	0.04993	0.01194	0.02927	0.00939	0.00587	0.00555	0.00171	0.02864	0.00498	0.03412	0.00711
3	0.01996	0.00914	0.01182	0.00915	0.01308	0.00801	0.00746	0.05592	0.03419	0.53493	0.08000	0.01960	0.03470	0.00678	0.00529	0.00154	0.00432	0.00555	0.00594	0.13262
4	0.00761	0.00506	0.00590	0.00621	0.00636	0.00498	0.00372	0.00799	0.00862	0.01178	0.02013	0.22836	0.02321	0.56628	0.02085	0.00422	0.00453	0.00952	0.05105	0.00363
5	0.01219	0.01421	0.12509	0.28699	0.31447	0.03476	0.05689	0.03295	0.03983	0.01657	0.01033	0.01356	0.00805	0.00516	0.00535	0.00169	0.00701	0.00476	0.00268	0.00744
6	0.00814	0.00555	0.00707	0.00683	0.00818	0.00503	0.00506	0.01024	0.01405	0.05971	0.52206	0.15564	0.14824	0.01199	0.00636	0.00178	0.00275	0.01054	0.00568	0.00510
7	0.01183	0.00995	0.01150	0.00828	0.01302	0.00787	0.00665	0.06952	0.01219	0.01872	0.00979	0.01126	0.00804	0.00416	0.00408	0.00086	0.00412	0.00330	0.00334	0.78151
8	0.01469	0.04483	0.10580	0.07821	0.06369	0.03790	0.02504	0.16341	0.07294	0.09273	0.01334	0.01421	0.02867	0.00560	0.00494	0.00143	0.00564	0.00453	0.00390	0.21848
9	0.10199	0.20952	0.01696	0.01039	0.01429	0.05585	0.00882	0.27597	0.08378	0.11725	0.03002	0.01362	0.01044	0.02223	0.00514	0.00159	0.00548	0.00444	0.00441	0.00783

[dist]
# distance from previous block
# <min> <max>
0	1

[block]
# block no. 5 follows, 45 sequences, length 13
# corresponding to MSA columns:
# 503,511-522
name=unknown_F
#
# <colnr> <probs for GDERKNQSTAVLIFYWHMCP>
#	G	D	E	R	K	N	Q	S	T	A	V	L	I	F	Y	W	H	M	C	P
0	0.01374	0.61030	0.07657	0.00960	0.01413	0.05850	0.00951	0.01585	0.01145	0.01387	0.05704	0.01105	0.00977	0.00504	0.00385	0.00121	0.00576	0.00344	0.00261	0.06670
1	0.01215	0.00697	0.00862	0.00753	0.00966	0.00652	0.00575	0.03042	0.06455	0.19021	0.31633	0.03124	0.10222	0.07801	0.00805	0.02646	0.00353	0.00777	0.04889	0.03512
2	0.02739	0.03422	0.09532	0.20510	0.30423	0.01229	0.08887	0.03989	0.01248	0.09636	0.01195	0.01447	0.02271	0.00533	0.00535	0.00167	0.00666	0.00496	0.00310	0.00765
3	0.01665	0.19429	0.04599	0.01297	0.07404	0.13916	0.01024	0.24936	0.09445	0.03496	0.01204	0.02666	0.00955	0.00592	0.00480	0.00148	0.00619	0.00443	0.02866	0.02819
4	0.00679	0.00506	0.00679	0.05800	0.00956	0.00489	0.00549	0.00790	0.01039	0.01367	0.02997	0.67102	0.09441	0.03987	0.00733	0.00222	0.00340	0.01404	0.00476	0.00444
5	0.00694	0.00506	0.00653	0.00701	0.00783	0.00466	0.00493	0.00855	0.01241	0.01689	0.32837	0.43476	0.10775	0.01420	0.00660	0.00195	0.00285	0.01270	0.00535	0.00466
6	0.01306	0.01252	0.02138	0.08770	0.72487	0.01269	0.01636	0.01628	0.01212	0.01726	0.01006	0.01336	0.00841	0.00482	0.00532	0.00161	0.00643	0.00478	0.00264	0.00832
7	0.06498	0.03570	0.00913	0.06371	0.01123	0.00881	0.00631	0.12653	0.04943	0.03468	0.01536	0.01745	0.01195	0.00805	0.04833	0.00181	0.00435	0.00485	0.47130	0.00604
8	0.01253	0.01420	0.03080	0.06618	0.02855	0.01348	0.71663	0.01700	0.01256	0.01700	0.01079	0.01447	0.00809	0.00457	0.00628	0.00181	0.00894	0.00625	0.00270	0.00717
9	0.00661	0.00472	0.00629	0.00743	0.00780	0.00440	0.00499	0.00764	0.01059	0.01420	0.07663	0.75939	0.03646	0.01645	0.00682	0.00215	0.00308	0.01491	0.00504	0.00440
10	0.02224	0.00917	0.01212	0.00941	0.01332	0.00816	0.00773	0.07162	0.01585	0.66196	0.05937	0.02049	0.04876	0.00715	0.00548	0.00167	0.00447	0.00584	0.00645	0.00873
11	0.00738	0.00541	0.00692	0.00668	0.00792	0.00495	0.00496	0.00966	0.01448	0.02016	0.63988	0.10612	0.12198	0.01173	0.00638	0.00174	0.00260	0.01034	0.00574	0.00495
12	0.13412	0.00975	0.01175	0.00929	0.01302	0.00942	0.00762	0.13116	0.01595	0.47850	0.10679	0.01874	0.01605	0.00690	0.00522	0.00166	0.00447	0.00548	0.00592	0.00820

[dist]
# distance from previous block
# <min> <max>
3	4

[block]
# block no. 6 follows, 45 sequences, length 33
# corresponding to MSA columns:
# 527-538,545-553,555-565,567
name=unknown_G
#
# <colnr> <probs for GDERKNQSTAVLIFYWHMCP>
#	G	D	E	R	K	N	Q	S	T	A	V	L	I	F	Y	W	H	M	C	P
0	0.06255	0.32809	0.07002	0.01139	0.01501	0.05995	0.06739	0.03931	0.01131	0.06280	0.00983	0.01212	0.00830	0.01031	0.11283	0.00249	0.10266	0.00408	0.00287	0.00669
1	0.75699	0.04608	0.02482	0.02359	0.03182	0.01247	0.00671	0.01579	0.00937	0.02306	0.00763	0.00900	0.00598	0.00497	0.00346	0.00164	0.00442	0.00301	0.00322	0.00598
2	0.01363	0.01339	0.08656	0.20486	0.24051	0.05698	0.10726	0.01731	0.02765	0.11012	0.03877	0.01628	0.01073	0.00573	0.00551	0.00170	0.00679	0.02548	0.00329	0.00742
3	0.01119	0.00701	0.00823	0.03873	0.01017	0.00685	0.00575	0.04643	0.01182	0.06381	0.01664	0.11119	0.01444	0.00723	0.00506	0.00139	0.04131	0.00587	0.42324	0.16365
4	0.01262	0.00985	0.01337	0.09792	0.05520	0.02230	0.08497	0.12589	0.09210	0.09089	0.06943	0.07751	0.18985	0.00872	0.00581	0.00175	0.00497	0.00760	0.02249	0.00675
5	0.01669	0.39382	0.03907	0.01205	0.01627	0.21200	0.06513	0.15475	0.01477	0.01710	0.00897	0.01016	0.00740	0.00517	0.00440	0.00135	0.00705	0.00366	0.00301	0.00718
6	0.09416	0.00800	0.01004	0.00820	0.01135	0.00729	0.00662	0.01983	0.01432	0.45829	0.18031	0.02437	0.07290	0.00786	0.00538	0.00165	0.00386	0.00646	0.05166	0.00743
7	0.01391	0.01181	0.01245	0.01104	0.01417	0.01361	0.00863	0.08596	0.70983	0.02335	0.02114	0.01947	0.01582	0.00722	0.00545	0.00180	0.00438	0.00597	0.00545	0.00855
8	0.78259	0.01036	0.00819	0.00723	0.01056	0.01191	0.00595	0.03903	0.00984	0.04294	0.00823	0.00936	0.00630	0.00510	0.00345	0.00165	0.00418	0.00308	0.02409	0.00598
9	0.00679	0.00491	0.00643	0.00728	0.00789	0.00455	0.00505	0.00809	0.01138	0.01529	0.17157	0.59774	0.08197	0.01547	0.00674	0.00207	0.00303	0.03407	0.00516	0.00452
10	0.01267	0.01448	0.03167	0.02262	0.02805	0.01357	0.75837	0.01719	0.01267	0.01719	0.01086	0.01448	0.00814	0.00452	0.00633	0.00181	0.00905	0.00633	0.00271	0.00724
11	0.00660	0.00472	0.00628	0.00743	0.00780	0.00440	0.00499	0.00763	0.01057	0.01417	0.07363	0.76248	0.03640	0.01647	0.00682	0.00215	0.00308	0.01493	0.00504	0.00440
12	0.06107	0.00980	0.01188	0.00859	0.01328	0.00775	0.03948	0.01415	0.01119	0.03844	0.00979	0.01133	0.00798	0.00413	0.00408	0.00091	0.00423	0.00336	0.00326	0.73529
13	0.78418	0.01075	0.00853	0.00747	0.01087	0.01240	0.00616	0.07421	0.01040	0.02485	0.00790	0.00905	0.00607	0.00510	0.00348	0.00166	0.00429	0.00306	0.00348	0.00607
14	0.00807	0.00564	0.00705	0.00661	0.00811	0.00508	0.00499	0.01034	0.01460	0.05356	0.59476	0.04150	0.19698	0.01132	0.00629	0.00171	0.00266	0.00985	0.00575	0.00514
15	0.00652	0.00476	0.00614	0.00725	0.00773	0.00438	0.00488	0.00750	0.01049	0.01379	0.03234	0.72382	0.11776	0.01646	0.00680	0.00214	0.00307	0.01482	0.00498	0.00438
16	0.01435	0.81458	0.02813	0.00918	0.01378	0.02124	0.00918	0.01607	0.01091	0.01263	0.00746	0.00861	0.00689	0.00459	0.00344	0.00115	0.00574	0.00287	0.00230	0.00689
17	0.01271	0.45360	0.37471	0.01199	0.01812	0.01721	0.01407	0.01650	0.01110	0.01463	0.00846	0.00986	0.00685	0.00483	0.00420	0.00140	0.00675	0.00337	0.00228	0.00737
18	0.00693	0.00498	0.00663	0.00771	0.00828	0.00469	0.00550	0.00823	0.01103	0.01469	0.08873	0.61411	0.05932	0.01597	0.00688	0.00217	0.00332	0.12129	0.00505	0.00451
19	0.00769	0.00523	0.00625	0.00635	0.00650	0.00534	0.00384	0.00801	0.00811	0.01094	0.01757	0.09395	0.01997	0.64717	0.12641	0.00542	0.00625	0.00812	0.00334	0.00354
20	0.02046	0.01187	0.01433	0.07275	0.01678	0.01229	0.00946	0.37071	0.01936	0.32700	0.01585	0.01531	0.01070	0.00729	0.02674	0.00181	0.00565	0.00503	0.00551	0.03108
21	0.00767	0.00575	0.00863	0.00863	0.00959	0.00671	0.00671	0.00959	0.00863	0.01246	0.01438	0.02109	0.01342	0.04026	0.79008	0.00863	0.01438	0.00575	0.00288	0.00479
22	0.03003	0.38668	0.06110	0.01056	0.01444	0.09318	0.00956	0.04013	0.22703	0.01654	0.01259	0.03746	0.01053	0.00602	0.00471	0.00147	0.02286	0.00438	0.00343	0.00728
23	0.84927	0.01038	0.00789	0.00706	0.01038	0.01204	0.00581	0.01578	0.00914	0.02408	0.00747	0.00872	0.00581	0.00498	0.00332	0.00166	0.00415	0.00291	0.00332	0.00581
24	0.01113	0.00954	0.01113	0.00795	0.01272	0.00716	0.00636	0.01352	0.01113	0.01749	0.00954	0.01113	0.00795	0.00398	0.00398	0.00080	0.00398	0.00318	0.00318	0.84417
25	0.00654	0.00467	0.00623	0.00747	0.00779	0.00436	0.00498	0.00747	0.01028	0.01370	0.02959	0.80785	0.03550	0.01682	0.00685	0.00218	0.00311	0.01526	0.00498	0.00436
26	0.84927	0.01038	0.00789	0.00706	0.01038	0.01204	0.00581	0.01578	0.00914	0.02408	0.00747	0.00872	0.00581	0.00498	0.00332	0.00166	0.00415	0.00291	0.00332	0.00581
27	0.03692	0.00867	0.01154	0.00912	0.01280	0.00765	0.00742	0.02336	0.03249	0.62401	0.10652	0.04495	0.01804	0.00738	0.00548	0.00167	0.00426	0.00612	0.00635	0.02525
28	0.00991	0.00970	0.04368	0.00914	0.01085	0.06838	0.00738	0.03867	0.07229	0.01764	0.26301	0.10163	0.16647	0.02500	0.00823	0.00191	0.12735	0.00851	0.00460	0.00562
29	0.00870	0.00551	0.00656	0.00638	0.00680	0.00552	0.00396	0.00910	0.00850	0.05636	0.01818	0.03306	0.04488	0.64542	0.11479	0.00528	0.00616	0.00755	0.00347	0.00383
30	0.05402	0.03586	0.01354	0.01054	0.01412	0.01326	0.00856	0.41069	0.11590	0.11052	0.01934	0.05702	0.08387	0.02084	0.00576	0.00174	0.00502	0.00608	0.00525	0.00807
31	0.04107	0.07066	0.26571	0.03409	0.19769	0.03714	0.01409	0.07079	0.05888	0.06748	0.01119	0.01261	0.00846	0.00523	0.00494	0.00154	0.00639	0.00426	0.00319	0.08456
32	0.04651	0.20091	0.46153	0.01409	0.05151	0.02965	0.02904	0.01772	0.07071	0.01669	0.01003	0.01141	0.00763	0.00514	0.00471	0.00158	0.00699	0.00391	0.00260	0.00763

[dist]
# distance from previous block
# <min> <max>
0	1

[block]
# block no. 7 follows, 45 sequences, length 24
# corresponding to MSA columns:
# 569-592
name=unknown_H
#
# <colnr> <probs for GDERKNQSTAVLIFYWHMCP>
#	G	D	E	R	K	N	Q	S	T	A	V	L	I	F	Y	W	H	M	C	P
0	0.13738	0.03828	0.05674	0.01001	0.01384	0.03902	0.00857	0.12389	0.10050	0.32465	0.04561	0.05075	0.01358	0.00687	0.00510	0.00167	0.00493	0.00540	0.00522	0.00798
1	0.00758	0.00542	0.00685	0.00656	0.00784	0.00498	0.00490	0.00993	0.01449	0.02046	0.63393	0.07204	0.11476	0.01119	0.00621	0.00170	0.00257	0.00982	0.05380	0.00498
2	0.01887	0.04482	0.01565	0.01188	0.01588	0.03181	0.00975	0.56882	0.14266	0.04750	0.01452	0.02867	0.01074	0.00669	0.00533	0.00163	0.00563	0.00513	0.00524	0.00879
3	0.00670	0.00479	0.00623	0.00732	0.00769	0.00449	0.00490	0.00761	0.01019	0.01351	0.02939	0.69271	0.06169	0.08518	0.00861	0.00243	0.00333	0.03410	0.00483	0.00429
4	0.01125	0.00916	0.01151	0.04480	0.01277	0.05630	0.00848	0.08216	0.01097	0.05122	0.01277	0.01755	0.01124	0.02573	0.44532	0.00564	0.14999	0.00527	0.02210	0.00573
5	0.00666	0.00482	0.00630	0.00727	0.00778	0.00446	0.00494	0.00783	0.01102	0.01474	0.12590	0.66665	0.07998	0.01589	0.00676	0.00210	0.00302	0.01433	0.00510	0.00446
6	0.00932	0.00466	0.00699	0.00699	0.00699	0.00466	0.00466	0.00699	0.00699	0.00932	0.00932	0.01632	0.00932	0.01865	0.02098	0.84382	0.00466	0.00466	0.00233	0.00233
7	0.02408	0.00914	0.01246	0.00955	0.01370	0.00789	0.00789	0.02616	0.01536	0.78158	0.02118	0.01827	0.01329	0.00664	0.00540	0.00166	0.00457	0.00540	0.00664	0.00914
8	0.01113	0.00954	0.01113	0.00795	0.01272	0.00716	0.00636	0.01352	0.01113	0.01749	0.00954	0.01113	0.00795	0.00398	0.00398	0.00080	0.00398	0.00318	0.00318	0.84417
9	0.01335	0.01153	0.01214	0.01092	0.01396	0.01335	0.00850	0.02852	0.76817	0.02245	0.02185	0.02003	0.01639	0.00728	0.00546	0.00182	0.00425	0.00607	0.00546	0.00850
10	0.02392	0.00940	0.01262	0.00968	0.01383	0.00828	0.00799	0.05898	0.01581	0.74814	0.02081	0.01803	0.01310	0.00663	0.00540	0.00166	0.00463	0.00537	0.00659	0.00913
11	0.01267	0.01431	0.03071	0.02284	0.06310	0.01363	0.69909	0.01702	0.01250	0.01707	0.01070	0.01433	0.00813	0.00469	0.00665	0.00182	0.03456	0.00621	0.00270	0.00726
12	0.03511	0.14003	0.09265	0.02788	0.04114	0.12041	0.01022	0.11366	0.04560	0.26927	0.02699	0.03023	0.01100	0.00617	0.00498	0.00156	0.00599	0.00474	0.00445	0.00792
13	0.00760	0.00549	0.00718	0.00675	0.00802	0.00506	0.00506	0.01013	0.01519	0.02153	0.77503	0.04010	0.05065	0.01097	0.00633	0.00169	0.00253	0.00971	0.00591	0.00506
14	0.01411	0.01244	0.02849	0.27214	0.02315	0.03946	0.06264	0.25797	0.06071	0.02107	0.01231	0.04835	0.00987	0.00742	0.02422	0.00193	0.07421	0.00539	0.01698	0.00716
15	0.01326	0.00660	0.00884	0.00793	0.01000	0.00591	0.00606	0.01523	0.01406	0.29236	0.32279	0.21943	0.03355	0.01084	0.00612	0.00180	0.00340	0.00951	0.00595	0.00635
16	0.01006	0.00714	0.00823	0.00771	0.00903	0.02814	0.01991	0.08622	0.01200	0.01756	0.05536	0.14263	0.05732	0.11887	0.09995	0.00292	0.03835	0.00751	0.26591	0.00516
17	0.00670	0.00525	0.00579	0.00600	0.00719	0.00464	0.00420	0.00785	0.01137	0.01421	0.09590	0.19697	0.45831	0.13974	0.00975	0.00241	0.00317	0.01143	0.00478	0.00433
18	0.00769	0.00566	0.00818	0.00818	0.00898	0.00647	0.00615	0.00930	0.00849	0.01213	0.01479	0.02335	0.01440	0.16455	0.66713	0.00808	0.01290	0.00608	0.00294	0.00454
19	0.11889	0.15653	0.06864	0.09074	0.29831	0.02916	0.01279	0.05981	0.05552	0.01808	0.00991	0.01208	0.00805	0.00527	0.00517	0.00158	0.03481	0.00420	0.00294	0.00750
20	0.12604	0.27012	0.21039	0.01125	0.01606	0.06722	0.01148	0.10931	0.05608	0.01877	0.03438	0.01164	0.00896	0.00552	0.00467	0.00151	0.02233	0.00387	0.00314	0.00725
21	0.04031	0.01031	0.01166	0.00857	0.01317	0.00872	0.00689	0.10401	0.04434	0.01988	0.01039	0.01163	0.00837	0.00444	0.00418	0.00096	0.00422	0.00349	0.00354	0.68088
22	0.01489	0.01070	0.03802	0.04562	0.05021	0.01067	0.00883	0.27865	0.04520	0.12556	0.09777	0.16209	0.01978	0.04454	0.00675	0.00192	0.00490	0.02156	0.00507	0.00727
23	0.63130	0.08170	0.06289	0.00813	0.01179	0.02795	0.00728	0.03297	0.02657	0.02247	0.04009	0.01056	0.00817	0.00530	0.00370	0.00162	0.00463	0.00338	0.00335	0.00616

[dist]
# distance from previous block
# <min> <max>
3	5

[block]
# block no. 8 follows, 45 sequences, length 7
# corresponding to MSA columns:
# 598-604
name=unknown_I
#
# <colnr> <probs for GDERKNQSTAVLIFYWHMCP>
#	G	D	E	R	K	N	Q	S	T	A	V	L	I	F	Y	W	H	M	C	P
0	0.01255	0.02380	0.57706	0.01635	0.06540	0.01261	0.07877	0.07214	0.01275	0.06311	0.01068	0.01222	0.00756	0.00522	0.00525	0.00169	0.00759	0.00435	0.00281	0.00807
1	0.01050	0.00888	0.01101	0.01257	0.15406	0.00913	0.00800	0.04291	0.22915	0.01926	0.13035	0.03090	0.25192	0.00916	0.00573	0.00172	0.00392	0.00783	0.04631	0.00667
2	0.00942	0.00692	0.00822	0.00751	0.00916	0.00690	0.00575	0.11598	0.01526	0.02116	0.41782	0.10107	0.15042	0.01086	0.00640	0.00173	0.02723	0.00926	0.06340	0.00552
3	0.01216	0.01250	0.03921	0.01745	0.07890	0.02861	0.35593	0.04219	0.01264	0.01760	0.01314	0.02015	0.01147	0.00617	0.00605	0.00168	0.02481	0.10953	0.02755	0.16225
4	0.00779	0.00585	0.00739	0.00829	0.00911	0.00588	0.00598	0.01095	0.11789	0.01526	0.02833	0.59516	0.03217	0.01520	0.00673	0.00217	0.00352	0.11225	0.00505	0.00502
5	0.01255	0.06485	0.24764	0.12997	0.22797	0.10528	0.01526	0.01627	0.01196	0.01593	0.03911	0.01427	0.00962	0.00574	0.00575	0.00166	0.04362	0.02266	0.00266	0.00727
6	0.01171	0.23530	0.58428	0.01369	0.02074	0.01478	0.01702	0.01676	0.01122	0.01585	0.00906	0.01062	0.00682	0.00497	0.00466	0.00155	0.00735	0.00368	0.00227	0.00766

[dist]
# distance from previous block
# <min> <max>
0	1

[block]
# block no. 9 follows, 45 sequences, length 9
# corresponding to MSA columns:
# 607-615
name=unknown_J
#
# <colnr> <probs for GDERKNQSTAVLIFYWHMCP>
#	G	D	E	R	K	N	Q	S	T	A	V	L	I	F	Y	W	H	M	C	P
0	0.01188	0.01021	0.07155	0.03413	0.06958	0.02869	0.00847	0.10784	0.06897	0.08630	0.16364	0.17654	0.07031	0.05853	0.00720	0.00199	0.00458	0.00838	0.00476	0.00644
1	0.04192	0.15972	0.04358	0.01377	0.06237	0.38852	0.01070	0.03998	0.07916	0.01514	0.00946	0.01095	0.00787	0.00587	0.00598	0.00152	0.08998	0.00383	0.00294	0.00677
2	0.73913	0.05796	0.00961	0.00769	0.01104	0.07066	0.00635	0.01622	0.00969	0.02260	0.00754	0.00879	0.00596	0.00500	0.00344	0.00161	0.00466	0.00295	0.00322	0.00591
3	0.00760	0.00549	0.00718	0.00675	0.00802	0.00506	0.00506	0.01013	0.01519	0.02153	0.77503	0.04010	0.05065	0.01097	0.00633	0.00169	0.00253	0.00971	0.00591	0.00506
4	0.00932	0.00466	0.00699	0.00699	0.00699	0.00466	0.00466	0.00699	0.00699	0.00932	0.00932	0.01632	0.00932	0.01865	0.02098	0.84382	0.00466	0.00466	0.00233	0.00233
5	0.01804	0.01353	0.01487	0.06861	0.01711	0.01513	0.00991	0.55824	0.12676	0.02994	0.01418	0.01442	0.01028	0.00647	0.00528	0.00163	0.00556	0.00501	0.05646	0.00856
6	0.01388	0.03713	0.01063	0.00867	0.01138	0.00868	0.00687	0.01968	0.22412	0.23014	0.27547	0.02827	0.08487	0.00873	0.00573	0.00171	0.00370	0.00739	0.00579	0.00716
7	0.01359	0.03055	0.10359	0.03347	0.21592	0.06319	0.03913	0.10863	0.18735	0.01994	0.05914	0.01656	0.01290	0.02356	0.03013	0.00196	0.02353	0.00531	0.00379	0.00775
8	0.78457	0.01000	0.00783	0.00704	0.01020	0.01151	0.00576	0.01534	0.00960	0.02389	0.06648	0.01113	0.00926	0.00544	0.00355	0.00166	0.00403	0.00343	0.00352	0.00576

[dist]
# distance from previous block
# <min> <max>
0	3

[block]
# block no. 10 follows, 45 sequences, length 33
# corresponding to MSA columns:
# 619-637,646-659
name=unknown_K
#
# <colnr> <probs for GDERKNQSTAVLIFYWHMCP>
#	G	D	E	R	K	N	Q	S	T	A	V	L	I	F	Y	W	H	M	C	P
0	0.01622	0.15640	0.14331	0.03777	0.01740	0.12156	0.01169	0.28834	0.04831	0.02160	0.01077	0.01199	0.00831	0.00698	0.02965	0.00179	0.05234	0.00423	0.00363	0.00770
1	0.00920	0.00486	0.00716	0.03112	0.00780	0.00494	0.00484	0.00728	0.00719	0.00956	0.01007	0.01808	0.01025	0.09532	0.02112	0.73649	0.00479	0.00497	0.00242	0.00253
2	0.02931	0.10157	0.59058	0.01538	0.07621	0.01297	0.01744	0.01697	0.01155	0.04326	0.03067	0.01218	0.00833	0.00524	0.00496	0.00164	0.00726	0.00410	0.00257	0.00779
3	0.65623	0.01323	0.00964	0.02706	0.01225	0.15759	0.00701	0.01673	0.01029	0.02155	0.00767	0.00910	0.00608	0.00519	0.00397	0.00163	0.02264	0.00309	0.00317	0.00589
4	0.01052	0.00781	0.01173	0.11572	0.16410	0.00816	0.05242	0.01323	0.01129	0.01773	0.01556	0.09583	0.01353	0.00687	0.00507	0.00154	0.02384	0.00602	0.41309	0.00591
5	0.00768	0.00570	0.00836	0.00836	0.00922	0.00656	0.00637	0.00941	0.00855	0.01226	0.01462	0.02245	0.01401	0.11524	0.71591	0.00829	0.01349	0.00595	0.00291	0.00464
6	0.00768	0.00571	0.00844	0.00844	0.00933	0.00661	0.00648	0.00947	0.00857	0.01232	0.01455	0.02204	0.01383	0.09234	0.73856	0.00840	0.01376	0.00589	0.00290	0.00469
7	0.00932	0.00854	0.03677	0.00857	0.00994	0.08229	0.00667	0.01131	0.01313	0.03620	0.37687	0.25433	0.03629	0.01175	0.00705	0.00186	0.05764	0.02126	0.00497	0.00523
8	0.00767	0.00573	0.00854	0.00854	0.00947	0.00666	0.00660	0.00953	0.00860	0.01240	0.01446	0.02154	0.01361	0.06493	0.76568	0.00852	0.01408	0.00582	0.00289	0.00474
9	0.01214	0.02606	0.63689	0.01632	0.07739	0.08798	0.01841	0.01759	0.01186	0.03294	0.00978	0.01146	0.00707	0.00515	0.00510	0.00166	0.00792	0.00401	0.00244	0.00783
10	0.00756	0.00546	0.00714	0.00678	0.00801	0.00504	0.00506	0.01004	0.01503	0.02126	0.74932	0.06658	0.05013	0.01118	0.00635	0.00171	0.00255	0.00990	0.00588	0.00504
11	0.01608	0.05501	0.01472	0.01236	0.05945	0.03255	0.00941	0.32760	0.28833	0.02564	0.01586	0.01587	0.01194	0.00771	0.03279	0.00188	0.00552	0.00518	0.05381	0.00829
12	0.00788	0.00572	0.00735	0.00686	0.00821	0.00534	0.00517	0.02873	0.01536	0.02163	0.73574	0.03975	0.07005	0.01094	0.00631	0.00169	0.00262	0.00963	0.00587	0.00515
13	0.00771	0.00560	0.00788	0.00788	0.00858	0.00630	0.00578	0.00911	0.00841	0.01191	0.01506	0.02486	0.01506	0.24763	0.58495	0.00771	0.01191	0.00630	0.00298	0.00438
14	0.01243	0.01263	0.01555	0.01345	0.01381	0.09087	0.01107	0.01372	0.00911	0.01342	0.00787	0.01210	0.00749	0.00881	0.01544	0.00218	0.67056	0.00460	0.05904	0.00585
15	0.01112	0.00954	0.01133	0.00827	0.01266	0.00762	0.00662	0.01332	0.01086	0.01703	0.00939	0.01130	0.00793	0.00465	0.00517	0.02204	0.04914	0.00330	0.00311	0.77559
16	0.01908	0.01309	0.01443	0.01137	0.01516	0.01426	0.00925	0.53246	0.10348	0.11372	0.01464	0.01464	0.01049	0.00738	0.00640	0.05852	0.00542	0.00502	0.02267	0.00852
17	0.01383	0.01171	0.01287	0.01225	0.05889	0.01336	0.00903	0.05819	0.67998	0.03569	0.02077	0.01930	0.01557	0.00709	0.00545	0.00180	0.00445	0.00593	0.00531	0.00853
18	0.09420	0.00978	0.01093	0.04256	0.01302	0.06174	0.03089	0.16998	0.01428	0.08095	0.02032	0.34225	0.02103	0.01092	0.00590	0.00190	0.00483	0.05361	0.00471	0.00621
19	0.01195	0.01242	0.02294	0.24781	0.17616	0.02966	0.30522	0.01559	0.01192	0.01609	0.04182	0.01499	0.00960	0.00540	0.00649	0.00178	0.05495	0.00556	0.00272	0.00692
20	0.00693	0.00541	0.00628	0.00616	0.00763	0.00476	0.00458	0.00880	0.01347	0.01766	0.38194	0.09223	0.39974	0.01259	0.00637	0.00178	0.00266	0.01083	0.00541	0.00476
21	0.01155	0.02571	0.68151	0.01474	0.02205	0.01259	0.01837	0.08891	0.01265	0.01852	0.01065	0.03957	0.00804	0.00564	0.00519	0.00171	0.00757	0.00445	0.00266	0.00792
22	0.01283	0.01179	0.01742	0.03732	0.45770	0.01239	0.01298	0.01993	0.26372	0.01919	0.04701	0.01771	0.03376	0.00612	0.00543	0.00168	0.00542	0.00559	0.00378	0.00820
23	0.01240	0.00843	0.00763	0.00696	0.00878	0.08298	0.00536	0.11819	0.01355	0.02113	0.01590	0.01803	0.01244	0.00689	0.01970	0.00146	0.00391	0.00484	0.62572	0.00570
24	0.00778	0.00653	0.03432	0.00813	0.00922	0.00622	0.00618	0.01034	0.06394	0.01521	0.13963	0.33791	0.05330	0.06825	0.17709	0.00363	0.02241	0.02048	0.00445	0.00495
25	0.02222	0.01056	0.01317	0.01019	0.01423	0.01015	0.00838	0.21366	0.03600	0.54091	0.04956	0.01782	0.01381	0.00678	0.00543	0.00165	0.00482	0.00544	0.00626	0.00895
26	0.04805	0.08264	0.01529	0.01225	0.01541	0.46213	0.00957	0.11064	0.09643	0.05559	0.01114	0.01181	0.00869	0.00581	0.00480	0.00146	0.00766	0.00398	0.02969	0.00696
27	0.01435	0.81458	0.02813	0.00918	0.01378	0.02124	0.00918	0.01607	0.01091	0.01263	0.00746	0.00861	0.00689	0.00459	0.00344	0.00115	0.00574	0.00287	0.00230	0.00689
28	0.01113	0.00954	0.01113	0.00795	0.01272	0.00716	0.00636	0.01352	0.01113	0.01749	0.00954	0.01113	0.00795	0.00398	0.00398	0.00080	0.00398	0.00318	0.00318	0.84417
29	0.00767	0.00575	0.00863	0.00863	0.00959	0.00671	0.00671	0.00959	0.00863	0.01246	0.01438	0.02109	0.01342	0.04026	0.79008	0.00863	0.01438	0.00575	0.00288	0.00479
30	0.02329	0.01041	0.01325	0.01016	0.01434	0.00979	0.00839	0.18518	0.01750	0.61954	0.01938	0.01710	0.01239	0.00660	0.00539	0.00165	0.00486	0.00528	0.00637	0.00913
31	0.01014	0.00954	0.01610	0.79845	0.03697	0.01193	0.01491	0.01371	0.01073	0.01371	0.00954	0.01431	0.00716	0.00537	0.00537	0.00179	0.00716	0.00477	0.00239	0.00596
32	0.71269	0.01115	0.00924	0.00793	0.01141	0.01280	0.00654	0.13841	0.01179	0.02569	0.00837	0.00941	0.00636	0.00522	0.00366	0.00165	0.00444	0.00322	0.00366	0.00636

[dist]
# distance from previous block
# <min> <max>
0	57

[block]
# block no. 11 follows, 45 sequences, length 14
# corresponding to MSA columns:
# 717-730
name=unknown_L
#
# <colnr> <probs for GDERKNQSTAVLIFYWHMCP>
#	G	D	E	R	K	N	Q	S	T	A	V	L	I	F	Y	W	H	M	C	P
0	0.00661	0.00476	0.00626	0.00734	0.00778	0.00442	0.00495	0.00768	0.01071	0.01430	0.08454	0.72148	0.06676	0.01626	0.00679	0.00213	0.00306	0.01470	0.00505	0.00442
1	0.02080	0.01440	0.01572	0.01205	0.01633	0.01571	0.00995	0.68126	0.02418	0.11404	0.01378	0.01347	0.00957	0.00647	0.00537	0.00162	0.00576	0.00489	0.00551	0.00913
2	0.04178	0.01032	0.01282	0.00992	0.01391	0.00984	0.00816	0.19702	0.01742	0.51853	0.06857	0.01805	0.01448	0.00678	0.00537	0.00163	0.00472	0.00544	0.00613	0.02911
3	0.01649	0.51796	0.02327	0.01093	0.01484	0.31018	0.00963	0.01809	0.01253	0.01282	0.00778	0.00901	0.00690	0.00495	0.00397	0.00124	0.00722	0.00309	0.00247	0.00664
4	0.76803	0.01049	0.00848	0.00741	0.01082	0.01197	0.00611	0.04520	0.01013	0.06958	0.00850	0.00945	0.00639	0.00514	0.00352	0.00166	0.00425	0.00313	0.00360	0.00614
5	0.01283	0.01444	0.15649	0.27370	0.19796	0.01269	0.04350	0.08435	0.08812	0.04645	0.01169	0.01413	0.00876	0.00549	0.00535	0.00171	0.00669	0.00485	0.00317	0.00760
6	0.01068	0.01009	0.01708	0.66669	0.16450	0.01207	0.01518	0.01419	0.01099	0.01437	0.00964	0.01413	0.00739	0.00527	0.00536	0.00176	0.00702	0.00477	0.00243	0.00640
7	0.01591	0.01197	0.01296	0.01106	0.01447	0.01342	0.00877	0.17419	0.53921	0.10615	0.01999	0.01841	0.01461	0.00705	0.00544	0.00176	0.00461	0.00575	0.00557	0.00869
8	0.00811	0.00613	0.00898	0.00880	0.00931	0.00647	0.05007	0.00870	0.00926	0.01261	0.02049	0.40706	0.02360	0.14057	0.04374	0.12743	0.09010	0.01050	0.00382	0.00424
9	0.00679	0.00495	0.00621	0.00691	0.00754	0.00457	0.00469	0.00791	0.01101	0.01458	0.13592	0.51034	0.14631	0.09552	0.00876	0.00236	0.00318	0.01315	0.00494	0.00437
10	0.00925	0.00575	0.00714	0.00668	0.00826	0.00522	0.00505	0.01145	0.01404	0.09579	0.46258	0.08123	0.15625	0.01078	0.00599	0.00169	0.00280	0.00934	0.09538	0.00534
11	0.01703	0.44340	0.02205	0.01137	0.01510	0.38280	0.00974	0.01860	0.01293	0.01287	0.00786	0.00911	0.00690	0.00503	0.00410	0.00126	0.00759	0.00315	0.00252	0.00658
12	0.00672	0.00504	0.00623	0.00701	0.00783	0.00459	0.00495	0.00794	0.01116	0.01445	0.07990	0.49352	0.23166	0.03517	0.00723	0.00215	0.00315	0.06185	0.00499	0.00446
13	0.01684	0.35123	0.02015	0.01127	0.02971	0.19359	0.00948	0.12239	0.06945	0.06773	0.01075	0.01147	0.00859	0.00556	0.00465	0.00139	0.02294	0.00383	0.03172	0.00726

[dist]
# distance from previous block
# <min> <max>
0	2

[block]
# block no. 12 follows, 45 sequences, length 14
# corresponding to MSA columns:
# 734-747
name=unknown_M
#
# <colnr> <probs for GDERKNQSTAVLIFYWHMCP>
#	G	D	E	R	K	N	Q	S	T	A	V	L	I	F	Y	W	H	M	C	P
0	0.02979	0.32551	0.04272	0.02330	0.01463	0.04686	0.00940	0.07240	0.12957	0.16703	0.01305	0.01330	0.00993	0.00681	0.02537	0.00169	0.05285	0.00427	0.00391	0.00760
1	0.00695	0.00519	0.00686	0.00770	0.00811	0.00516	0.00531	0.00800	0.01051	0.01415	0.08075	0.65818	0.06280	0.03633	0.00796	0.00222	0.05060	0.01390	0.00485	0.00448
2	0.01403	0.01299	0.02014	0.02924	0.65426	0.05833	0.01507	0.01697	0.01259	0.06238	0.01255	0.01501	0.04163	0.00532	0.00534	0.00160	0.00631	0.00502	0.00300	0.00823
3	0.01156	0.01031	0.01133	0.00823	0.01291	0.04479	0.00655	0.01390	0.01133	0.01728	0.00948	0.01106	0.00790	0.00405	0.00402	0.00082	0.00425	0.00319	0.00316	0.80388
4	0.01391	0.07358	0.44585	0.01421	0.05222	0.01218	0.03669	0.06083	0.02730	0.14846	0.01261	0.03962	0.00934	0.00579	0.00514	0.00165	0.00674	0.00470	0.00340	0.02581
5	0.58487	0.01294	0.06198	0.02849	0.03516	0.05869	0.00808	0.09431	0.01166	0.04907	0.00882	0.00998	0.00665	0.00524	0.00392	0.00164	0.00507	0.00339	0.00350	0.00652
6	0.00932	0.00466	0.00699	0.00699	0.00699	0.00466	0.00466	0.00699	0.00699	0.00932	0.00932	0.01632	0.00932	0.01865	0.02098	0.84382	0.00466	0.00466	0.00233	0.00233
7	0.04026	0.58518	0.15594	0.01035	0.01538	0.01885	0.01089	0.03677	0.05614	0.01489	0.00883	0.00987	0.00746	0.00490	0.00390	0.00131	0.00598	0.00330	0.00259	0.00719
8	0.04354	0.07480	0.11738	0.07492	0.18460	0.19101	0.02700	0.13571	0.01462	0.03071	0.01148	0.01397	0.02686	0.00579	0.00509	0.00158	0.00709	0.02322	0.00322	0.00741
9	0.00667	0.00473	0.00619	0.00731	0.00759	0.00445	0.00481	0.00751	0.01003	0.01337	0.02829	0.72910	0.03387	0.09778	0.00894	0.00249	0.00333	0.01450	0.00481	0.00425
10	0.06862	0.01210	0.11010	0.01102	0.01543	0.00961	0.06144	0.08691	0.01516	0.45134	0.08732	0.01812	0.01477	0.00659	0.00539	0.00167	0.00521	0.00549	0.00544	0.00828
11	0.01612	0.43827	0.03618	0.01294	0.10243	0.09970	0.01031	0.08532	0.01318	0.09270	0.00989	0.01098	0.00805	0.00588	0.01945	0.00150	0.02290	0.00370	0.00312	0.00739
12	0.01126	0.05701	0.54308	0.01614	0.10359	0.01222	0.03124	0.01662	0.02495	0.01700	0.01027	0.01278	0.00787	0.00519	0.00502	0.00159	0.00715	0.02139	0.00253	0.09309
13	0.01329	0.01263	0.02080	0.03070	0.70002	0.01281	0.01566	0.01770	0.08926	0.01804	0.01129	0.01397	0.00931	0.00504	0.00533	0.00162	0.00616	0.00491	0.00294	0.00850

[dist]
# distance from previous block
# <min> <max>
0	2

[block]
# block no. 13 follows, 45 sequences, length 38
# corresponding to MSA columns:
# 754-791
name=unknown_N
#
# <colnr> <probs for GDERKNQSTAVLIFYWHMCP>
