[name]
unknown

[dist]
# distance from previous block
# <min> <max>
14	140

[block]
# block no. 0 follows, 45 sequences, length 63
# corresponding to MSA columns:
# 428-465,476-500
name=unknown_A
#
# <colnr> <probs for GDERKNQSTAVLIFYWHMCP>
#	G	D	E	R	K	N	Q	S	T	A	V	L	I	F	Y	W	H	M	C	P
0	0.06991	0.02506	0.01184	0.02678	0.01314	0.04268	0.02196	0.08401	0.04164	0.20888	0.13519	0.07932	0.01831	0.00737	0.00543	0.00153	0.01990	0.00606	0.00482	0.17618
1	0.10184	0.09758	0.10812	0.01164	0.05086	0.05675	0.01001	0.18934	0.01509	0.11385	0.04046	0.02939	0.02730	0.00614	0.00510	0.00151	0.02373	0.00465	0.00403	0.10262
2	0.12346	0.03155	0.04323	0.06624	0.17592	0.10892	0.01075	0.04942	0.04544	0.20555	0.02962	0.01410	0.01019	0.00579	0.00523	0.00160	0.02385	0.00455	0.00401	0.04060
3	0.10581	0.05606	0.04933	0.01157	0.05076	0.04440	0.04711	0.10822	0.07441	0.22635	0.01476	0.01469	0.02672	0.00579	0.00487	0.00150	0.00527	0.00462	0.00446	0.14330
4	0.03140	0.30628	0.35488	0.01305	0.04081	0.01511	0.05152	0.01627	0.01120	0.01567	0.00887	0.01049	0.00705	0.00476	0.00442	0.00141	0.00666	0.00361	0.00243	0.09409
5	0.01283	0.01050	0.01204	0.03763	0.02914	0.03194	0.00765	0.06002	0.13501	0.06066	0.01259	0.01369	0.00991	0.00677	0.04462	0.00152	0.00502	0.00409	0.00380	0.50056
6	0.00778	0.00532	0.00642	0.00642	0.00661	0.00551	0.00395	0.00817	0.00797	0.01082	0.01640	0.03228	0.01828	0.65489	0.18210	0.00590	0.00707	0.00739	0.00318	0.00357
7	0.00830	0.00623	0.00779	0.00736	0.00885	0.00608	0.00562	0.01229	0.10409	0.02120	0.63263	0.03898	0.06382	0.01078	0.00628	0.00174	0.00285	0.04385	0.00579	0.00545
8	0.00662	0.00494	0.00615	0.00692	0.00769	0.00448	0.00478	0.00784	0.01130	0.01480	0.12198	0.54251	0.20966	0.01539	0.00667	0.00204	0.00295	0.01370	0.00509	0.00448
9	0.01335	0.01153	0.01214	0.01092	0.01396	0.01335	0.00850	0.02852	0.76817	0.02245	0.02185	0.02003	0.01639	0.00728	0.00546	0.00182	0.00425	0.00607	0.00546	0.00850
10	0.01335	0.01153	0.01214	0.01092	0.01396	0.01335	0.00850	0.02852	0.76817	0.02245	0.02185	0.02003	0.01639	0.00728	0.00546	0.00182	0.00425	0.00607	0.00546	0.00850
11	0.01113	0.00954	0.01113	0.00795	0.01272	0.00716	0.00636	0.01352	0.01113	0.01749	0.00954	0.01113	0.00795	0.00398	0.00398	0.00080	0.00398	0.00318	0.00318	0.84417
12	0.00654	0.00467	0.00623	0.00747	0.00779	0.00436	0.00498	0.00747	0.01028	0.01370	0.02959	0.80785	0.03550	0.01682	0.00685	0.00218	0.00311	0.01526	0.00498	0.00436
13	0.00767	0.00575	0.00863	0.00863	0.00959	0.00671	0.00671	0.00959	0.00863	0.01246	0.01438	0.02109	0.01342	0.04026	0.79008	0.00863	0.01438	0.00575	0.00288	0.00479
14	0.00767	0.00575	0.00863	0.00863	0.00959	0.00671	0.00671	0.00959	0.00863	0.01246	0.01438	0.02109	0.01342	0.04026	0.79008	0.00863	0.01438	0.00575	0.00288	0.00479
15	0.00838	0.00566	0.00742	0.00689	0.00829	0.00520	0.00520	0.01089	0.01520	0.05738	0.73947	0.03907	0.04889	0.01077	0.00629	0.00169	0.00263	0.00950	0.00594	0.00526
16	0.02005	0.02558	0.01521	0.01383	0.01659	0.78980	0.01037	0.02143	0.01521	0.01314	0.00830	0.00968	0.00691	0.00553	0.00484	0.00138	0.00968	0.00346	0.00277	0.00622
17	0.06301	0.00919	0.01224	0.00943	0.01355	0.00809	0.00779	0.02567	0.01507	0.74585	0.02053	0.01782	0.01294	0.00657	0.00530	0.00166	0.00455	0.00528	0.00649	0.00898
18	0.01334	0.00947	0.01136	0.00822	0.01289	0.00728	0.00662	0.01567	0.01185	0.14765	0.01152	0.01235	0.00886	0.00443	0.00422	0.00094	0.00408	0.00356	0.00377	0.70192
19	0.01113	0.00954	0.01113	0.00795	0.01272	0.00716	0.00636	0.01352	0.01113	0.01749	0.00954	0.01113	0.00795	0.00398	0.00398	0.00080	0.00398	0.00318	0.00318	0.84417
20	0.01174	0.01174	0.01644	0.01409	0.01409	0.01644	0.01174	0.01292	0.00822	0.01292	0.00705	0.01174	0.00705	0.00940	0.01762	0.00235	0.80153	0.00470	0.00235	0.00587
21	0.00859	0.00614	0.00858	0.00982	0.01103	0.00613	0.00855	0.01102	0.01230	0.01600	0.02845	0.08161	0.03102	0.01488	0.00740	0.00246	0.00489	0.72126	0.00494	0.00493
22	0.84927	0.01038	0.00789	0.00706	0.01038	0.01204	0.00581	0.01578	0.00914	0.02408	0.00747	0.00872	0.00581	0.00498	0.00332	0.00166	0.00415	0.00291	0.00332	0.00581
23	0.02041	0.01504	0.01611	0.01235	0.01665	0.01665	0.01020	0.75997	0.02524	0.03383	0.01289	0.01289	0.00913	0.00644	0.00537	0.00161	0.00591	0.00483	0.00537	0.00913
24	0.02408	0.00914	0.01246	0.00955	0.01370	0.00789	0.00789	0.02616	0.01536	0.78158	0.02118	0.01827	0.01329	0.00664	0.00540	0.00166	0.00457	0.00540	0.00664	0.00914
25	0.00767	0.00575	0.00863	0.00863	0.00959	0.00671	0.00671	0.00959	0.00863	0.01246	0.01438	0.02109	0.01342	0.04026	0.79008	0.00863	0.01438	0.00575	0.00288	0.00479
26	0.01364	0.01154	0.01233	0.01061	0.01401	0.01272	0.00833	0.08989	0.59183	0.02271	0.01925	0.01809	0.01451	0.00672	0.00523	0.00165	0.00435	0.00553	0.00512	0.13192
27	0.01335	0.01153	0.01214	0.01092	0.01396	0.01335	0.00850	0.02852	0.76817	0.02245	0.02185	0.02003	0.01639	0.00728	0.00546	0.00182	0.00425	0.00607	0.00546	0.00850
28	0.00634	0.00544	0.00544	0.00544	0.00725	0.00453	0.00408	0.00770	0.01224	0.01450	0.05438	0.05166	0.77569	0.01359	0.00634	0.00181	0.00272	0.01133	0.00498	0.00453
29	0.02408	0.00914	0.01246	0.00955	0.01370	0.00789	0.00789	0.02616	0.01536	0.78158	0.02118	0.01827	0.01329	0.00664	0.00540	0.00166	0.00457	0.00540	0.00664	0.00914
30	0.02408	0.00914	0.01246	0.00955	0.01370	0.00789	0.00789	0.02616	0.01536	0.78158	0.02118	0.01827	0.01329	0.00664	0.00540	0.00166	0.00457	0.00540	0.00664	0.00914
31	0.01435	0.81458	0.02813	0.00918	0.01378	0.02124	0.00918	0.01607	0.01091	0.01263	0.00746	0.00861	0.00689	0.00459	0.00344	0.00115	0.00574	0.00287	0.00230	0.00689
32	0.02290	0.00950	0.01253	0.00967	0.01369	0.00857	0.00796	0.09436	0.01628	0.67244	0.05889	0.01888	0.01480	0.00685	0.00544	0.00166	0.00459	0.00557	0.00649	0.00893
33	0.00732	0.00555	0.00595	0.00590	0.00767	0.00471	0.00440	0.00873	0.01234	0.05390	0.08205	0.12247	0.63333	0.01344	0.00634	0.00183	0.00284	0.01133	0.00511	0.00477
34	0.02390	0.00944	0.01264	0.00969	0.01385	0.00834	0.00801	0.06363	0.01587	0.74340	0.02075	0.01800	0.01308	0.00663	0.00540	0.00166	0.00464	0.00537	0.00658	0.00913
35	0.01014	0.00954	0.01610	0.79845	0.03697	0.01193	0.01491	0.01371	0.01073	0.01371	0.00954	0.01431	0.00716	0.00537	0.00537	0.00179	0.00716	0.00477	0.00239	0.00596
36	0.00781	0.00520	0.00585	0.00585	0.00585	0.00520	0.00325	0.00781	0.00781	0.01041	0.01691	0.03513	0.01952	0.81135	0.02732	0.00520	0.00520	0.00781	0.00325	0.00325
37	0.01260	0.01427	0.03053	0.02198	0.02700	0.01379	0.70210	0.01687	0.01233	0.01687	0.01057	0.01427	0.00806	0.00489	0.00719	0.00185	0.06877	0.00621	0.00269	0.00714
38	0.01014	0.00954	0.01610	0.79845	0.03697	0.01193	0.01491	0.01371	0.01073	0.01371	0.00954	0.01431	0.00716	0.00537	0.00537	0.00179	0.00716	0.00477	0.00239	0.00596
39	0.00654	0.00467	0.00623	0.00747	0.00779	0.00436	0.00498	0.00747	0.01028	0.01370	0.02959	0.80785	0.03550	0.01682	0.00685	0.00218	0.00311	0.01526	0.00498	0.00436
40	0.00778	0.00628	0.00962	0.00945	0.01058	0.00599	0.09378	0.02592	0.02997	0.01485	0.02739	0.64212	0.04897	0.01478	0.00672	0.00211	0.00393	0.03009	0.00474	0.00493
41	0.63279	0.04760	0.15887	0.00910	0.01342	0.01255	0.02640	0.01606	0.00972	0.02207	0.00797	0.00936	0.00610	0.00498	0.00374	0.00165	0.00506	0.00319	0.00306	0.00630
42	0.01301	0.01340	0.05680	0.10510	0.63602	0.02929	0.01616	0.01663	0.03033	0.01717	0.01027	0.01338	0.00845	0.00493	0.00530	0.00162	0.00654	0.00475	0.00268	0.00818
43	0.01288	0.04109	0.02017	0.21369	0.52406	0.04789	0.01541	0.01627	0.02707	0.01635	0.01002	0.01334	0.00821	0.00500	0.00524	0.00162	0.00665	0.00468	0.00264	0.00774
44	0.00760	0.00549	0.00718	0.00675	0.00802	0.00506	0.00506	0.01013	0.01519	0.02153	0.77503	0.04010	0.05065	0.01097	0.00633	0.00169	0.00253	0.00971	0.00591	0.00506
45	0.00739	0.00656	0.00674	0.04655	0.00940	0.03321	0.00511	0.00943	0.03653	0.01546	0.13074	0.04595	0.60321	0.01239	0.00621	0.00178	0.00322	0.01036	0.00489	0.00485
46	0.00775	0.00518	0.00587	0.00593	0.00594	0.00517	0.00333	0.00779	0.00792	0.01056	0.01750	0.07075	0.02025	0.77473	0.02638	0.00506	0.00511	0.00815	0.00333	0.00330
47	0.00652	0.00541	0.00570	0.00571	0.00738	0.00459	0.00425	0.00801	0.01252	0.01537	0.14648	0.08878	0.64395	0.01342	0.00637	0.00182	0.00271	0.01132	0.00510	0.00459
48	0.01335	0.01153	0.01214	0.01092	0.01396	0.01335	0.00850	0.02852	0.76817	0.02245	0.02185	0.02003	0.01639	0.00728	0.00546	0.00182	0.00425	0.00607	0.00546	0.00850
49	0.84927	0.01038	0.00789	0.00706	0.01038	0.01204	0.00581	0.01578	0.00914	0.02408	0.00747	0.00872	0.00581	0.00498	0.00332	0.00166	0.00415	0.00291	0.00332	0.00581
50	0.01335	0.01153	0.01214	0.01092	0.01396	0.01335	0.00850	0.02852	0.76817	0.02245	0.02185	0.02003	0.01639	0.00728	0.00546	0.00182	0.00425	0.00607	0.00546	0.00850
51	0.01435	0.81458	0.02813	0.00918	0.01378	0.02124	0.00918	0.01607	0.01091	0.01263	0.00746	0.00861	0.00689	0.00459	0.00344	0.00115	0.00574	0.00287	0.00230	0.00689
52	0.01077	0.02777	0.78354	0.01530	0.02323	0.01247	0.01983	0.01700	0.01133	0.01700	0.00963	0.01133	0.00680	0.00510	0.00510	0.00170	0.00793	0.00397	0.00227	0.00793
53	0.01174	0.01174	0.01644	0.01409	0.01409	0.01644	0.01174	0.01292	0.00822	0.01292	0.00705	0.01174	0.00705	0.00940	0.01762	0.00235	0.80153	0.00470	0.00235	0.00587
54	0.84927	0.01038	0.00789	0.00706	0.01038	0.01204	0.00581	0.01578	0.00914	0.02408	0.00747	0.00872	0.00581	0.00498	0.00332	0.00166	0.00415	0.00291	0.00332	0.00581
55	0.01077	0.02777	0.78354	0.01530	0.02323	0.01247	0.01983	0.01700	0.01133	0.01700	0.00963	0.01133	0.00680	0.00510	0.00510	0.00170	0.00793	0.00397	0.00227	0.00793
56	0.01329	0.01275	0.02179	0.03295	0.77787	0.01275	0.01647	0.01647	0.01222	0.01754	0.01010	0.01329	0.00850	0.00478	0.00531	0.00159	0.00638	0.00478	0.00266	0.00850
57	0.00634	0.00544	0.00544	0.00544	0.00725	0.00453	0.00408	0.00770	0.01224	0.01450	0.05438	0.05166	0.77569	0.01359	0.00634	0.00181	0.00272	0.01133	0.00498	0.00453
58	0.02408	0.00914	0.01246	0.00955	0.01370	0.00789	0.00789	0.02616	0.01536	0.78158	0.02118	0.01827	0.01329	0.00664	0.00540	0.00166	0.00457	0.00540	0.00664	0.00914
59	0.01470	0.01067	0.01179	0.01046	0.01350	0.01183	0.00816	0.02671	0.59048	0.14963	0.02226	0.07273	0.01715	0.00782	0.00554	0.00182	0.00423	0.00657	0.00563	0.00833
60	0.02304	0.01081	0.01349	0.01034	0.01454	0.01037	0.00855	0.23432	0.01817	0.56946	0.01883	0.01674	0.01211	0.00659	0.00539	0.00165	0.00495	0.00524	0.00628	0.00913
61	0.02408	0.00914	0.01246	0.00955	0.01370	0.00789	0.00789	0.02616	0.01536	0.78158	0.02118	0.01827	0.01329	0.00664	0.00540	0.00166	0.00457	0.00540	0.00664	0.00914
62	0.01952	0.01370	0.18137	0.01114	0.01593	0.00984	0.01079	0.09130	0.04726	0.47064	0.01831	0.01865	0.01258	0.00676	0.00544	0.00172	0.00544	0.04556	0.00542	0.00861

[dist]
# distance from previous block
# <min> <max>
0	1

[block]
# block no. 1 follows, 45 sequences, length 78
# corresponding to MSA columns:
# 502-574,588-592
name=unknown_B
#
# <colnr> <probs for GDERKNQSTAVLIFYWHMCP>
#	G	D	E	R	K	N	Q	S	T	A	V	L	I	F	Y	W	H	M	C	P
0	0.10982	0.02720	0.01230	0.00936	0.01337	0.00895	0.00774	0.02499	0.06057	0.63876	0.01948	0.01716	0.01255	0.00646	0.00514	0.00166	0.00453	0.00512	0.00613	0.00870
1	0.04744	0.04237	0.01731	0.14193	0.04922	0.15593	0.12202	0.16952	0.01488	0.03936	0.01110	0.01333	0.00853	0.00577	0.00573	0.00161	0.04800	0.00468	0.09435	0.00695
2	0.78540	0.01066	0.00831	0.00735	0.01070	0.02948	0.00603	0.01647	0.00961	0.06518	0.00824	0.00926	0.00625	0.00509	0.00347	0.00165	0.00430	0.00306	0.00349	0.00600
3	0.01439	0.01139	0.01383	0.25151	0.02091	0.04061	0.01056	0.31960	0.01706	0.03746	0.01611	0.10108	0.03959	0.00791	0.00561	0.00176	0.00584	0.04882	0.02894	0.00703
4	0.04866	0.01663	0.04277	0.01216	0.01609	0.17876	0.01003	0.40211	0.10001	0.09937	0.01336	0.01328	0.00963	0.00626	0.00519	0.00159	0.00641	0.00463	0.00477	0.00829
5	0.01113	0.00954	0.01113	0.00795	0.01272	0.00716	0.00636	0.01352	0.01113	0.01749	0.00954	0.01113	0.00795	0.00398	0.00398	0.00080	0.00398	0.00318	0.00318	0.84417
6	0.01575	0.01329	0.01876	0.09269	0.26067	0.04793	0.09068	0.21227	0.04694	0.07703	0.01203	0.01374	0.00907	0.00547	0.00535	0.00159	0.00638	0.00489	0.00379	0.06168
7	0.02825	0.17347	0.59556	0.01430	0.02142	0.01414	0.04874	0.01681	0.01127	0.01633	0.00924	0.01091	0.00685	0.00498	0.00481	0.00160	0.00750	0.00384	0.00231	0.00767
8	0.01174	0.01174	0.01644	0.01409	0.01409	0.01644	0.01174	0.01292	0.00822	0.01292	0.00705	0.01174	0.00705	0.00940	0.01762	0.00235	0.80153	0.00470	0.00235	0.00587
9	0.01001	0.00500	0.00500	0.00500	0.00625	0.00500	0.00375	0.01251	0.01126	0.02001	0.01751	0.02001	0.01376	0.00625	0.00375	0.00125	0.00250	0.00500	0.84115	0.00500
10	0.01479	0.72589	0.04380	0.00974	0.01424	0.09035	0.00953	0.01658	0.01130	0.01277	0.00759	0.00877	0.00689	0.00469	0.00361	0.00118	0.00614	0.00295	0.00234	0.00685
11	0.01188	0.13939	0.01224	0.00856	0.01105	0.02393	0.00690	0.04206	0.15219	0.09690	0.20659	0.13397	0.09866	0.00968	0.00564	0.00171	0.00397	0.02325	0.00500	0.00642
12	0.00670	0.00545	0.00593	0.00581	0.00747	0.00468	0.00436	0.00840	0.01308	0.01651	0.26020	0.04836	0.56861	0.01285	0.00634	0.00178	0.00267	0.01087	0.00525	0.00468
13	0.01859	0.01304	0.01438	0.01123	0.01502	0.01410	0.00919	0.58292	0.02286	0.08775	0.13768	0.01772	0.01620	0.00720	0.00553	0.00163	0.00526	0.00567	0.00555	0.00847
14	0.01599	0.03023	0.03645	0.01669	0.02094	0.06821	0.36879	0.05462	0.01356	0.19881	0.01345	0.04237	0.01014	0.00607	0.00689	0.00178	0.07781	0.00589	0.00381	0.00749
15	0.02034	0.01357	0.07368	0.01253	0.01716	0.01251	0.08852	0.33297	0.01893	0.32988	0.01575	0.01509	0.01051	0.00622	0.00546	0.00166	0.00585	0.00515	0.00537	0.00884
16	0.00767	0.00575	0.00863	0.00863	0.00959	0.00671	0.00671	0.00959	0.00863	0.01246	0.01438	0.02109	0.01342	0.04026	0.79008	0.00863	0.01438	0.00575	0.00288	0.00479
17	0.01219	0.01181	0.02008	0.16855	0.40819	0.01226	0.11795	0.01678	0.09135	0.01711	0.01412	0.01676	0.05728	0.00567	0.00555	0.00170	0.00644	0.00554	0.00306	0.00761
18	0.01349	0.09437	0.02625	0.01078	0.01380	0.01123	0.05198	0.11428	0.18154	0.10129	0.02203	0.07621	0.05639	0.00942	0.00590	0.00189	0.00502	0.19221	0.00485	0.00705
19	0.00654	0.00467	0.00623	0.00747	0.00779	0.00436	0.00498	0.00747	0.01028	0.01370	0.02959	0.80785	0.03550	0.01682	0.00685	0.00218	0.00311	0.01526	0.00498	0.00436
20	0.00932	0.00466	0.00699	0.00699	0.00699	0.00466	0.00466	0.00699	0.00699	0.00932	0.00932	0.01632	0.00932	0.01865	0.02098	0.84382	0.00466	0.00466	0.00233	0.00233
21	0.01453	0.10920	0.02114	0.08290	0.52318	0.01313	0.02662	0.01745	0.01236	0.11231	0.01114	0.01344	0.00880	0.00503	0.00512	0.00157	0.00617	0.00465	0.00309	0.00818
22	0.01394	0.57947	0.13988	0.01279	0.09550	0.05148	0.01159	0.01648	0.01129	0.01382	0.00810	0.00955	0.00705	0.00473	0.00395	0.00129	0.00630	0.00326	0.00235	0.00719
23	0.00659	0.00469	0.00621	0.00741	0.00771	0.00439	0.00492	0.00749	0.01019	0.01358	0.02912	0.77931	0.03491	0.04616	0.00761	0.00229	0.00319	0.01498	0.00492	0.00432
24	0.07671	0.68260	0.07554	0.00955	0.01421	0.03997	0.00966	0.01625	0.01091	0.01378	0.00763	0.00882	0.00680	0.00468	0.00358	0.00123	0.00587	0.00296	0.00238	0.00686
25	0.00642	0.00544	0.00554	0.00552	0.00730	0.00456	0.00414	0.00785	0.01241	0.01492	0.09770	0.05096	0.73211	0.01344	0.00634	0.00181	0.00271	0.01123	0.00504	0.00456
26	0.08648	0.04269	0.10817	0.01251	0.03308	0.01187	0.08865	0.18291	0.01602	0.34097	0.01506	0.01464	0.01012	0.00594	0.00521	0.00165	0.00578	0.00490	0.00492	0.00843
27	0.00792	0.00612	0.00910	0.00896	0.00986	0.00730	0.00702	0.00979	0.00860	0.01249	0.01393	0.02052	0.01303	0.03837	0.74291	0.00824	0.06244	0.00569	0.00284	0.00486
28	0.01455	0.78690	0.02768	0.00935	0.01388	0.04820	0.00923	0.01626	0.01106	0.01265	0.00749	0.00865	0.00689	0.00463	0.00349	0.00116	0.00588	0.00289	0.00231	0.00687
29	0.01319	0.01236	0.02054	0.15599	0.61349	0.01285	0.01586	0.05913	0.01274	0.01786	0.01017	0.01343	0.00832	0.00497	0.00533	0.00163	0.00648	0.00478	0.00277	0.00813
30	0.00781	0.00520	0.00585	0.00585	0.00585	0.00520	0.00325	0.00781	0.00781	0.01041	0.01691	0.03513	0.01952	0.81135	0.02732	0.00520	0.00520	0.00781	0.00325	0.00325
31	0.00650	0.00544	0.00565	0.00560	0.00734	0.00460	0.00420	0.00800	0.01260	0.01536	0.14276	0.05024	0.68677	0.01327	0.00634	0.00180	0.00270	0.01113	0.00510	0.00460
32	0.01014	0.00954	0.01610	0.79845	0.03697	0.01193	0.01491	0.01371	0.01073	0.01371	0.00954	0.01431	0.00716	0.00537	0.00537	0.00179	0.00716	0.00477	0.00239	0.00596
33	0.01335	0.01153	0.01214	0.01092	0.01396	0.01335	0.00850	0.02852	0.76817	0.02245	0.02185	0.02003	0.01639	0.00728	0.00546	0.00182	0.00425	0.00607	0.00546	0.00850
34	0.01356	0.01163	0.01225	0.01097	0.01404	0.01345	0.00855	0.05008	0.74627	0.02279	0.02158	0.01982	0.01617	0.00726	0.00546	0.00181	0.00430	0.00603	0.00546	0.00852
35	0.01408	0.58933	0.18227	0.01078	0.01595	0.06467	0.01146	0.03250	0.01156	0.01401	0.00807	0.00932	0.00692	0.00479	0.00391	0.00129	0.00643	0.00317	0.00238	0.00711
36	0.01554	0.01113	0.01293	0.02299	0.01442	0.01042	0.00798	0.23626	0.03163	0.12110	0.01233	0.01299	0.00923	0.00583	0.01768	0.00134	0.01853	0.00411	0.00429	0.42926
37	0.01283	0.01229	0.01935	0.21086	0.49434	0.04088	0.01513	0.04375	0.01240	0.01703	0.03243	0.01411	0.00934	0.00537	0.00581	0.00166	0.03710	0.00488	0.00278	0.00764
38	0.01120	0.01100	0.01537	0.01340	0.01343	0.01517	0.01103	0.01235	0.00844	0.01300	0.00941	0.09530	0.01003	0.01017	0.01649	0.00233	0.71773	0.00581	0.00263	0.00571
39	0.01216	0.02581	0.70261	0.01470	0.02223	0.01199	0.01858	0.01796	0.01176	0.09724	0.01084	0.01206	0.00748	0.00526	0.00513	0.00170	0.00758	0.00412	0.00273	0.00806
40	0.05215	0.01187	0.11614	0.01110	0.04254	0.00908	0.00970	0.02396	0.05695	0.56257	0.03554	0.01738	0.01297	0.00644	0.00530	0.00167	0.00501	0.00522	0.00570	0.00870
41	0.00667	0.00529	0.00600	0.00615	0.00754	0.00462	0.00449	0.00822	0.01253	0.01597	0.21635	0.20124	0.45868	0.01364	0.00644	0.00186	0.00276	0.01174	0.00520	0.00462
42	0.00760	0.00549	0.00718	0.00675	0.00802	0.00506	0.00506	0.01013	0.01519	0.02153	0.77503	0.04010	0.05065	0.01097	0.00633	0.00169	0.00253	0.00971	0.00591	0.00506
43	0.01339	0.07444	0.06105	0.02285	0.43084	0.13728	0.01327	0.01624	0.01304	0.01708	0.13421	0.01662	0.01490	0.00592	0.00525	0.00155	0.00632	0.00518	0.00316	0.00742
44	0.01219	0.20763	0.54962	0.01388	0.02078	0.01475	0.03232	0.05986	0.01207	0.01697	0.00935	0.01086	0.00698	0.00505	0.00476	0.00157	0.00734	0.00381	0.00246	0.00775
45	0.00777	0.00525	0.00607	0.00600	0.00621	0.00518	0.00355	0.00818	0.00901	0.01222	0.14043	0.03594	0.02459	0.68095	0.02390	0.00463	0.00477	0.00812	0.00369	0.00355
46	0.00748	0.00558	0.00824	0.00844	0.00929	0.00633	0.00643	0.00924	0.00890	0.01266	0.01686	0.14927	0.01702	0.03644	0.66247	0.00758	0.01254	0.00730	0.00322	0.00472
47	0.01763	0.02805	0.05963	0.04096	0.04565	0.01418	0.01033	0.50167	0.03204	0.07323	0.09306	0.01647	0.01376	0.02151	0.00582	0.00169	0.00561	0.00536	0.00502	0.00834
48	0.01062	0.00992	0.01656	0.71990	0.09574	0.01210	0.01493	0.03042	0.01117	0.01446	0.00966	0.01420	0.00731	0.00534	0.00536	0.00177	0.00707	0.00477	0.00247	0.00624
49	0.00785	0.00544	0.00695	0.00657	0.00783	0.00506	0.00493	0.01038	0.01478	0.02137	0.69553	0.03799	0.04678	0.01048	0.00606	0.00164	0.00253	0.00921	0.09357	0.00506
50	0.00731	0.00563	0.03622	0.00754	0.00807	0.00485	0.00534	0.00783	0.00949	0.01274	0.02389	0.55124	0.02803	0.10389	0.02384	0.13972	0.00396	0.01213	0.00422	0.00405
51	0.03556	0.10067	0.12622	0.01228	0.01695	0.10982	0.08003	0.08483	0.01477	0.34411	0.01451	0.01417	0.00990	0.00582	0.00512	0.00159	0.00634	0.00467	0.00453	0.00812
52	0.01766	0.01980	0.01630	0.14378	0.11328	0.45095	0.01183	0.13116	0.01563	0.01690	0.00941	0.01136	0.00748	0.00555	0.00506	0.00151	0.00829	0.00404	0.00308	0.00690
53	0.81222	0.04607	0.00879	0.00715	0.01053	0.01245	0.00596	0.01579	0.00921	0.02358	0.00747	0.00872	0.00586	0.00497	0.00333	0.00164	0.00422	0.00291	0.00328	0.00586
54	0.01435	0.81458	0.02813	0.00918	0.01378	0.02124	0.00918	0.01607	0.01091	0.01263	0.00746	0.00861	0.00689	0.00459	0.00344	0.00115	0.00574	0.00287	0.00230	0.00689
55	0.00635	0.00542	0.00546	0.00549	0.00726	0.00453	0.00410	0.00770	0.01219	0.01448	0.05379	0.06971	0.75802	0.01367	0.00636	0.00182	0.00273	0.01142	0.00498	0.00453
56	0.00767	0.00575	0.00863	0.00863	0.00959	0.00671	0.00671	0.00959	0.00863	0.01246	0.01438	0.02109	0.01342	0.04026	0.79008	0.00863	0.01438	0.00575	0.00288	0.00479
57	0.01166	0.01063	0.01747	0.56955	0.09253	0.01241	0.07336	0.09250	0.01254	0.01659	0.01028	0.01426	0.00774	0.00539	0.00539	0.00174	0.00698	0.00491	0.02747	0.00657
58	0.02383	0.03008	0.01286	0.00954	0.01370	0.00824	0.00792	0.02590	0.01525	0.76158	0.02082	0.01802	0.01312	0.00659	0.00535	0.00165	0.00460	0.00533	0.00653	0.00908
59	0.01445	0.72742	0.02757	0.01075	0.04375	0.04718	0.03676	0.01631	0.01117	0.01300	0.00772	0.00904	0.00700	0.00463	0.00367	0.00120	0.00602	0.00309	0.00234	0.00694
60	0.00767	0.00575	0.00863	0.00863	0.00959	0.00671	0.00671	0.00959	0.00863	0.01246	0.01438	0.02109	0.01342	0.04026	0.79008	0.00863	0.01438	0.00575	0.00288	0.00479
61	0.02633	0.04208	0.75515	0.01503	0.02282	0.01262	0.01938	0.01696	0.01128	0.01705	0.00955	0.01123	0.00678	0.00509	0.00504	0.00169	0.00782	0.00393	0.00229	0.00787
62	0.84927	0.01038	0.00789	0.00706	0.01038	0.01204	0.00581	0.01578	0.00914	0.02408	0.00747	0.00872	0.00581	0.00498	0.00332	0.00166	0.00415	0.00291	0.00332	0.00581
63	0.00713	0.00508	0.00690	0.00781	0.00807	0.00509	0.00534	0.00774	0.00981	0.01320	0.02615	0.67862	0.03111	0.01658	0.00896	0.09052	0.04956	0.01354	0.00455	0.00423
64	0.00767	0.00575	0.00863	0.00863	0.00959	0.00671	0.00671	0.00959	0.00863	0.01246	0.01438	0.02109	0.01342	0.04026	0.79008	0.00863	0.01438	0.00575	0.00288	0.00479
65	0.01001	0.00500	0.00500	0.00500	0.00625	0.00500	0.00375	0.01251	0.01126	0.02001	0.01751	0.02001	0.01376	0.00625	0.00375	0.00125	0.00250	0.00500	0.84115	0.00500
66	0.00742	0.00548	0.00693	0.00657	0.00791	0.00499	0.00493	0.00979	0.01478	0.02053	0.67308	0.04173	0.15322	0.01134	0.00633	0.00171	0.00256	0.00994	0.00578	0.00499
67	0.03895	0.15253	0.01725	0.01274	0.01599	0.55571	0.01005	0.10670	0.01554	0.01573	0.00868	0.00986	0.00714	0.00547	0.00464	0.00138	0.00847	0.00351	0.00301	0.00666
68	0.01001	0.00500	0.00500	0.00500	0.00625	0.00500	0.00375	0.01251	0.01126	0.02001	0.01751	0.02001	0.01376	0.00625	0.00375	0.00125	0.00250	0.00500	0.84115	0.00500
69	0.01077	0.02777	0.78354	0.01530	0.02323	0.01247	0.01983	0.01700	0.01133	0.01700	0.00963	0.01133	0.00680	0.00510	0.00510	0.00170	0.00793	0.00397	0.00227	0.00793
70	0.01077	0.02777	0.78354	0.01530	0.02323	0.01247	0.01983	0.01700	0.01133	0.01700	0.00963	0.01133	0.00680	0.00510	0.00510	0.00170	0.00793	0.00397	0.00227	0.00793
71	0.00768	0.00569	0.00834	0.00834	0.00919	0.00655	0.00635	0.00940	0.00854	0.01225	0.01464	0.02256	0.01406	0.12119	0.71003	0.00827	0.01342	0.00597	0.00292	0.00463
72	0.01329	0.01275	0.02179	0.03295	0.77787	0.01275	0.01647	0.01647	0.01222	0.01754	0.01010	0.01329	0.00850	0.00478	0.00531	0.00159	0.00638	0.00478	0.00266	0.00850
73	0.10198	0.73018	0.02600	0.00896	0.01342	0.02027	0.00883	0.01604	0.01072	0.01383	0.00746	0.00862	0.00678	0.00463	0.00343	0.00120	0.00557	0.00287	0.00240	0.00678
74	0.01103	0.02598	0.68484	0.01653	0.04334	0.01259	0.09726	0.01701	0.01150	0.01703	0.00977	0.01171	0.00699	0.00503	0.00524	0.00171	0.00801	0.00424	0.00232	0.00788
75	0.01488	0.04392	0.02072	0.02802	0.60454	0.03339	0.01488	0.09518	0.01380	0.06324	0.01088	0.01326	0.00874	0.00508	0.00524	0.00158	0.00628	0.00472	0.00316	0.00848
76	0.01128	0.14131	0.67452	0.01442	0.02187	0.01373	0.01830	0.01687	0.01127	0.01637	0.00932	0.01094	0.00681	0.00503	0.00486	0.00162	0.00762	0.00381	0.00227	0.00778
77	0.00812	0.00585	0.00741	0.00813	0.00891	0.00575	0.00574	0.08666	0.01197	0.01595	0.02777	0.68109	0.03247	0.01561	0.00673	0.00214	0.00351	0.05628	0.00502	0.00489

[dist]
# distance from previous block
# <min> <max>
0	1

[block]
# block no. 2 follows, 45 sequences, length 37
# corresponding to MSA columns:
# 602-638
name=unknown_C
#
# <colnr> <probs for GDERKNQSTAVLIFYWHMCP>
#	G	D	E	R	K	N	Q	S	T	A	V	L	I	F	Y	W	H	M	C	P
0	0.01270	0.21331	0.48006	0.01435	0.03537	0.01435	0.07235	0.01739	0.01162	0.06672	0.00998	0.01142	0.00739	0.00503	0.00482	0.00157	0.00724	0.00399	0.00261	0.00772
1	0.01827	0.17704	0.01740	0.01249	0.01576	0.58182	0.00984	0.01980	0.01407	0.01337	0.00823	0.00958	0.00699	0.00523	0.00450	0.00129	0.00849	0.00332	0.00271	0.06980
2	0.01765	0.05015	0.01657	0.07534	0.11208	0.54899	0.02534	0.03463	0.01433	0.01423	0.00947	0.03859	0.00820	0.00579	0.00500	0.00147	0.00862	0.00420	0.00284	0.00652
3	0.07445	0.00699	0.00658	0.00623	0.00779	0.03977	0.00479	0.03869	0.02569	0.02028	0.01590	0.01817	0.01251	0.00627	0.00436	0.00135	0.03248	0.00478	0.66756	0.00535
4	0.01001	0.00500	0.00500	0.00500	0.00625	0.00500	0.00375	0.01251	0.01126	0.02001	0.01751	0.02001	0.01376	0.00625	0.00375	0.00125	0.00250	0.00500	0.84115	0.00500
5	0.01166	0.00985	0.01141	0.00820	0.01294	0.00769	0.00658	0.05579	0.01193	0.01842	0.00973	0.01123	0.00802	0.00412	0.00405	0.00084	0.00408	0.00327	0.00330	0.79687
6	0.00925	0.00732	0.00865	0.00857	0.01041	0.00755	0.00687	0.01500	0.21877	0.01895	0.22568	0.04263	0.16301	0.01155	0.00641	0.00197	0.00374	0.22245	0.00534	0.00587
7	0.01174	0.01174	0.01644	0.01409	0.01409	0.01644	0.01174	0.01292	0.00822	0.01292	0.00705	0.01174	0.00705	0.00940	0.01762	0.00235	0.80153	0.00470	0.00235	0.00587
8	0.00780	0.00652	0.01050	0.16004	0.01527	0.00667	0.07760	0.00958	0.01059	0.01403	0.02400	0.58174	0.02752	0.01348	0.00652	0.00207	0.00444	0.01242	0.00427	0.00494
9	0.01323	0.01221	0.02065	0.03078	0.70596	0.01218	0.01572	0.01634	0.01231	0.03608	0.01164	0.01669	0.01017	0.00553	0.00546	0.00166	0.00623	0.05599	0.00291	0.00827
10	0.01113	0.00954	0.01113	0.00795	0.01272	0.00716	0.00636	0.01352	0.01113	0.01749	0.00954	0.01113	0.00795	0.00398	0.00398	0.00080	0.00398	0.00318	0.00318	0.84417
11	0.01001	0.00500	0.00500	0.00500	0.00625	0.00500	0.00375	0.01251	0.01126	0.02001	0.01751	0.02001	0.01376	0.00625	0.00375	0.00125	0.00250	0.00500	0.84115	0.00500
12	0.00975	0.00731	0.03667	0.00849	0.01062	0.00621	0.06285	0.01237	0.01449	0.10258	0.52995	0.06386	0.09289	0.01021	0.00621	0.00172	0.00347	0.00910	0.00552	0.00571
13	0.01490	0.01145	0.08692	0.06323	0.05921	0.01004	0.03469	0.10557	0.01369	0.21689	0.01668	0.14880	0.01446	0.00805	0.00646	0.00174	0.06551	0.02394	0.00444	0.09331
14	0.01014	0.00954	0.01610	0.79845	0.03697	0.01193	0.01491	0.01371	0.01073	0.01371	0.00954	0.01431	0.00716	0.00537	0.00537	0.00179	0.00716	0.00477	0.00239	0.00596
15	0.01345	0.01313	0.02143	0.04980	0.73421	0.03999	0.01622	0.01658	0.01229	0.01730	0.01002	0.01318	0.00842	0.00482	0.00530	0.00159	0.00651	0.00474	0.00265	0.00836
16	0.01077	0.02777	0.78354	0.01530	0.02323	0.01247	0.01983	0.01700	0.01133	0.01700	0.00963	0.01133	0.00680	0.00510	0.00510	0.00170	0.00793	0.00397	0.00227	0.00793
17	0.01504	0.66712	0.08162	0.00983	0.01457	0.04787	0.00991	0.01710	0.01143	0.07119	0.00869	0.00958	0.00737	0.00482	0.00376	0.00124	0.00596	0.00316	0.00264	0.00711
18	0.02005	0.02558	0.01521	0.01383	0.01659	0.78980	0.01037	0.02143	0.01521	0.01314	0.00830	0.00968	0.00691	0.00553	0.00484	0.00138	0.00968	0.00346	0.00277	0.00622
19	0.00767	0.00573	0.00850	0.00850	0.00942	0.00664	0.00656	0.00951	0.00859	0.01237	0.01449	0.02171	0.01369	0.07444	0.75626	0.00848	0.01397	0.00584	0.00289	0.00472
20	0.00781	0.00520	0.00585	0.00585	0.00585	0.00520	0.00325	0.00781	0.00781	0.01041	0.01691	0.03513	0.01952	0.81135	0.02732	0.00520	0.00520	0.00781	0.00325	0.00325
21	0.00781	0.00520	0.00585	0.00585	0.00585	0.00520	0.00325	0.00781	0.00781	0.01041	0.01691	0.03513	0.01952	0.81135	0.02732	0.00520	0.00520	0.00781	0.00325	0.00325
22	0.02281	0.00951	0.01295	0.06944	0.01564	0.00870	0.00856	0.06793	0.01559	0.67992	0.01981	0.01766	0.01258	0.00654	0.00539	0.00167	0.00484	0.00532	0.00625	0.00889
23	0.00654	0.00467	0.00623	0.00747	0.00779	0.00436	0.00498	0.00747	0.01028	0.01370	0.02959	0.80785	0.03550	0.01682	0.00685	0.00218	0.00311	0.01526	0.00498	0.00436
24	0.02041	0.01504	0.01611	0.01235	0.01665	0.01665	0.01020	0.75997	0.02524	0.03383	0.01289	0.01289	0.00913	0.00644	0.00537	0.00161	0.00591	0.00483	0.00537	0.00913
25	0.01329	0.01275	0.02179	0.03295	0.77787	0.01275	0.01647	0.01647	0.01222	0.01754	0.01010	0.01329	0.00850	0.00478	0.00531	0.00159	0.00638	0.00478	0.00266	0.00850
26	0.00767	0.00575	0.00863	0.00863	0.00959	0.00671	0.00671	0.00959	0.00863	0.01246	0.01438	0.02109	0.01342	0.04026	0.79008	0.00863	0.01438	0.00575	0.00288	0.00479
27	0.01320	0.01488	0.05092	0.02165	0.02706	0.01378	0.68166	0.07343	0.01358	0.01845	0.01098	0.01427	0.00818	0.00469	0.00623	0.00179	0.00878	0.00616	0.00290	0.00740
28	0.01341	0.01265	0.02204	0.04678	0.53855	0.01305	0.11901	0.01653	0.01194	0.04928	0.01032	0.01352	0.00846	0.00535	0.00682	0.00172	0.09476	0.00502	0.00279	0.00800
29	0.01272	0.01013	0.01578	0.05637	0.10982	0.00982	0.14081	0.10216	0.02706	0.07610	0.04247	0.13159	0.01505	0.00836	0.00682	0.06542	0.00552	0.02915	0.00390	0.13096
30	0.00655	0.00477	0.00613	0.00720	0.00768	0.00440	0.00484	0.00751	0.01044	0.01371	0.03209	0.70259	0.11920	0.03633	0.00731	0.00221	0.00312	0.01463	0.00494	0.00435
31	0.01090	0.05759	0.75490	0.01507	0.02287	0.01280	0.01943	0.01696	0.01132	0.01683	0.00955	0.01123	0.00680	0.00508	0.00504	0.00168	0.00785	0.00393	0.00227	0.00789
32	0.01218	0.25555	0.52277	0.01361	0.02041	0.01494	0.03907	0.01695	0.01135	0.03382	0.00931	0.01080	0.00702	0.00497	0.00466	0.00154	0.00725	0.00375	0.00239	0.00764
33	0.00852	0.00705	0.00776	0.00785	0.00928	0.02789	0.00572	0.01280	0.17438	0.01628	0.09686	0.30087	0.20886	0.03877	0.04955	0.00239	0.00407	0.01078	0.00494	0.00539
34	0.00673	0.00470	0.00616	0.00731	0.00765	0.00442	0.00487	0.00770	0.01023	0.01385	0.02862	0.74653	0.03400	0.04508	0.00746	0.00225	0.00316	0.01456	0.04037	0.00435
35	0.01623	0.02943	0.06737	0.04839	0.04291	0.04507	0.02250	0.19417	0.19721	0.16499	0.01965	0.03743	0.07612	0.00722	0.00545	0.00170	0.00535	0.00589	0.00492	0.00803
36	0.01441	0.01454	0.06578	0.13729	0.16989	0.05827	0.21432	0.14447	0.01434	0.04721	0.01078	0.01346	0.00821	0.00551	0.00635	0.00173	0.05755	0.00510	0.00321	0.00758

[dist]
# distance from previous block
# <min> <max>
0	2

[block]
# block no. 3 follows, 45 sequences, length 67
# corresponding to MSA columns:
# 641-652,683-735,758,759
name=unknown_D
#
# <colnr> <probs for GDERKNQSTAVLIFYWHMCP>
#	G	D	E	R	K	N	Q	S	T	A	V	L	I	F	Y	W	H	M	C	P
0	0.01163	0.01121	0.06720	0.00885	0.01372	0.00832	0.00763	0.04630	0.05850	0.01845	0.01045	0.01177	0.00844	0.00437	0.00421	0.00096	0.00436	0.00349	0.00335	0.69679
1	0.11549	0.34182	0.04460	0.08495	0.01622	0.22176	0.00967	0.03046	0.01211	0.01523	0.00867	0.01032	0.00725	0.00511	0.00409	0.00137	0.00660	0.00341	0.05442	0.00645
2	0.00781	0.00520	0.00585	0.00585	0.00585	0.00520	0.00325	0.00781	0.00781	0.01041	0.01691	0.03513	0.01952	0.81135	0.02732	0.00520	0.00520	0.00781	0.00325	0.00325
3	0.00756	0.00549	0.00712	0.00671	0.00799	0.00505	0.00503	0.01005	0.01510	0.02129	0.75108	0.04048	0.07475	0.01106	0.00633	0.00169	0.00254	0.00976	0.00588	0.00505
4	0.01228	0.01346	0.02807	0.15963	0.09573	0.01321	0.56253	0.01652	0.01229	0.01661	0.01056	0.01434	0.00800	0.00470	0.00608	0.00179	0.00848	0.00592	0.00265	0.00713
5	0.01113	0.00954	0.01113	0.00795	0.01272	0.00716	0.00636	0.01352	0.01113	0.01749	0.00954	0.01113	0.00795	0.00398	0.00398	0.00080	0.00398	0.00318	0.00318	0.84417
6	0.01916	0.01427	0.06233	0.01174	0.01610	0.01415	0.01012	0.53903	0.02162	0.12986	0.01437	0.03201	0.01062	0.00670	0.00537	0.00161	0.00566	0.02443	0.00520	0.05564
7	0.01036	0.00771	0.00952	0.00865	0.00973	0.00872	0.00637	0.14373	0.01124	0.01551	0.01450	0.02448	0.01456	0.34248	0.27537	0.00545	0.07681	0.00632	0.00343	0.00504
8	0.01014	0.00954	0.01610	0.79845	0.03697	0.01193	0.01491	0.01371	0.01073	0.01371	0.00954	0.01431	0.00716	0.00537	0.00537	0.00179	0.00716	0.00477	0.00239	0.00596
9	0.00754	0.00549	0.00779	0.11360	0.01196	0.00552	0.00650	0.00891	0.01054	0.03358	0.02665	0.65743	0.03099	0.01496	0.00663	0.00212	0.00375	0.03667	0.00468	0.00472
10	0.01946	0.02460	0.01530	0.01385	0.01642	0.73503	0.01047	0.02083	0.01472	0.01312	0.00821	0.00983	0.00692	0.00581	0.00574	0.00145	0.06576	0.00355	0.00274	0.00620
11	0.01077	0.02777	0.78354	0.01530	0.02323	0.01247	0.01983	0.01700	0.01133	0.01700	0.00963	0.01133	0.00680	0.00510	0.00510	0.00170	0.00793	0.00397	0.00227	0.00793
12	0.00752	0.00543	0.00711	0.00681	0.00800	0.00501	0.00506	0.00994	0.01484	0.02096	0.72118	0.09556	0.04955	0.01140	0.00637	0.00172	0.00257	0.01011	0.00584	0.00501
13	0.01180	0.01331	0.04520	0.02009	0.02473	0.01229	0.60864	0.01585	0.01233	0.01673	0.01361	0.08477	0.01205	0.00642	0.00665	0.00190	0.02366	0.06013	0.00305	0.00682
14	0.46003	0.01277	0.01164	0.00955	0.01327	0.03454	0.00784	0.33086	0.03143	0.02788	0.01008	0.01074	0.00746	0.00566	0.00427	0.00164	0.00504	0.00380	0.00422	0.00728
15	0.00920	0.00474	0.00711	0.00711	0.00718	0.00481	0.00481	0.00718	0.00711	0.00955	0.00969	0.01666	0.00962	0.02021	0.07654	0.78349	0.00536	0.00474	0.00237	0.00251
16	0.00676	0.00547	0.00602	0.00593	0.00757	0.00473	0.00448	0.00849	0.01309	0.01655	0.25989	0.04859	0.54859	0.01288	0.00637	0.00179	0.00272	0.03014	0.00525	0.00470
17	0.01338	0.03383	0.02062	0.16280	0.54347	0.06546	0.03252	0.03370	0.01245	0.01682	0.00989	0.01312	0.00813	0.00496	0.00527	0.00161	0.00677	0.00468	0.00267	0.00785
18	0.08542	0.03519	0.09537	0.01224	0.01669	0.07596	0.01080	0.52929	0.04092	0.02890	0.01187	0.01223	0.00859	0.00610	0.00509	0.00160	0.00622	0.00447	0.00461	0.00844
19	0.84927	0.01038	0.00789	0.00706	0.01038	0.01204	0.00581	0.01578	0.00914	0.02408	0.00747	0.00872	0.00581	0.00498	0.00332	0.00166	0.00415	0.00291	0.00332	0.00581
20	0.00661	0.00472	0.00629	0.00743	0.00780	0.00440	0.00499	0.00764	0.01058	0.01419	0.07563	0.76043	0.03644	0.01646	0.00682	0.00215	0.00308	0.01492	0.00504	0.00440
21	0.01089	0.01031	0.01746	0.61598	0.21358	0.01212	0.01528	0.01437	0.01109	0.01463	0.00967	0.01407	0.00748	0.00523	0.00535	0.00174	0.00697	0.00477	0.00245	0.00657
22	0.01435	0.81458	0.02813	0.00918	0.01378	0.02124	0.00918	0.01607	0.01091	0.01263	0.00746	0.00861	0.00689	0.00459	0.00344	0.00115	0.00574	0.00287	0.00230	0.00689
23	0.00781	0.00520	0.00585	0.00585	0.00585	0.00520	0.00325	0.00781	0.00781	0.01041	0.01691	0.03513	0.01952	0.81135	0.02732	0.00520	0.00520	0.00781	0.00325	0.00325
24	0.02041	0.01504	0.01611	0.01235	0.01665	0.01665	0.01020	0.75997	0.02524	0.03383	0.01289	0.01289	0.00913	0.00644	0.00537	0.00161	0.00591	0.00483	0.00537	0.00913
25	0.00634	0.00544	0.00544	0.00544	0.00725	0.00453	0.00408	0.00770	0.01224	0.01450	0.05438	0.05166	0.77569	0.01359	0.00634	0.00181	0.00272	0.01133	0.00498	0.00453
26	0.02041	0.01504	0.01611	0.01235	0.01665	0.01665	0.01020	0.75997	0.02524	0.03383	0.01289	0.01289	0.00913	0.00644	0.00537	0.00161	0.00591	0.00483	0.00537	0.00913
27	0.01014	0.00954	0.01610	0.79845	0.03697	0.01193	0.01491	0.01371	0.01073	0.01371	0.00954	0.01431	0.00716	0.00537	0.00537	0.00179	0.00716	0.00477	0.00239	0.00596
28	0.02339	0.00987	0.01287	0.00991	0.01404	0.00903	0.00817	0.10984	0.03594	0.67676	0.02025	0.01770	0.01289	0.00664	0.00540	0.00166	0.00471	0.00535	0.00647	0.00912
29	0.01938	0.01188	0.01365	0.01086	0.01453	0.01242	0.00879	0.44624	0.02031	0.23773	0.01764	0.13135	0.01416	0.00803	0.00560	0.00171	0.00513	0.00652	0.00567	0.00843
30	0.00757	0.00547	0.00715	0.00677	0.00801	0.00505	0.00506	0.01006	0.01507	0.02133	0.75678	0.05889	0.05028	0.01112	0.00634	0.00170	0.00255	0.00984	0.00589	0.00505
31	0.01311	0.50286	0.31224	0.01158	0.01739	0.03306	0.01322	0.01653	0.01115	0.01428	0.00830	0.00966	0.00686	0.00480	0.00410	0.00136	0.00664	0.00329	0.00229	0.00727
32	0.00932	0.00466	0.00699	0.00699	0.00699	0.00466	0.00466	0.00699	0.00699	0.00932	0.00932	0.01632	0.00932	0.01865	0.02098	0.84382	0.00466	0.00466	0.00233	0.00233
33	0.84927	0.01038	0.00789	0.00706	0.01038	0.01204	0.00581	0.01578	0.00914	0.02408	0.00747	0.00872	0.00581	0.00498	0.00332	0.00166	0.00415	0.00291	0.00332	0.00581
34	0.00635	0.00542	0.00546	0.00549	0.00726	0.00453	0.00410	0.00770	0.01219	0.01448	0.05380	0.06934	0.75838	0.01367	0.00636	0.00182	0.00273	0.01142	0.00498	0.00453
35	0.01206	0.00956	0.01188	0.10689	0.01586	0.00798	0.00760	0.01492	0.03213	0.07544	0.01077	0.01232	0.00849	0.00444	0.00430	0.00101	0.00443	0.00363	0.00341	0.65290
36	0.00752	0.00548	0.00707	0.00667	0.00797	0.00503	0.00500	0.00998	0.01501	0.02109	0.73052	0.04081	0.09543	0.01114	0.00633	0.00170	0.00254	0.00981	0.00585	0.00503
37	0.01113	0.00954	0.01113	0.00795	0.01272	0.00716	0.00636	0.01352	0.01113	0.01749	0.00954	0.01113	0.00795	0.00398	0.00398	0.00080	0.00398	0.00318	0.00318	0.84417
38	0.03952	0.11259	0.01750	0.06199	0.01799	0.51655	0.06428	0.02044	0.07299	0.01442	0.00950	0.01097	0.00773	0.00546	0.00483	0.00145	0.00846	0.00387	0.00291	0.00652
39	0.01453	0.78952	0.02772	0.00933	0.01387	0.04565	0.00922	0.01624	0.01104	0.01265	0.00749	0.00864	0.00689	0.00462	0.00349	0.00116	0.00587	0.00289	0.00231	0.00687
40	0.01579	0.09649	0.06355	0.01383	0.08539	0.17568	0.01055	0.08917	0.14338	0.01926	0.01253	0.01393	0.01013	0.00616	0.00550	0.00158	0.02736	0.00445	0.00383	0.20144
41	0.01352	0.03498	0.03619	0.06815	0.66198	0.01317	0.01590	0.05940	0.01285	0.01815	0.01015	0.01315	0.00840	0.00491	0.00526	0.00159	0.00640	0.00472	0.00278	0.00836
42	0.01260	0.01428	0.03057	0.02201	0.02705	0.01378	0.70443	0.01689	0.01235	0.01689	0.01058	0.01428	0.00807	0.00488	0.00715	0.00185	0.06630	0.00622	0.00269	0.00714
43	0.01335	0.01153	0.01214	0.01092	0.01396	0.01335	0.00850	0.02852	0.76817	0.02245	0.02185	0.02003	0.01639	0.00728	0.00546	0.00182	0.00425	0.00607	0.00546	0.00850
44	0.00651	0.00544	0.00567	0.00561	0.00735	0.00460	0.00421	0.00803	0.01263	0.01544	0.15095	0.05011	0.67853	0.01324	0.00634	0.00180	0.00269	0.01111	0.00511	0.00460
45	0.00767	0.00575	0.00863	0.00863	0.00959	0.00671	0.00671	0.00959	0.00863	0.01246	0.01438	0.02109	0.01342	0.04026	0.79008	0.00863	0.01438	0.00575	0.00288	0.00479
46	0.00760	0.00549	0.00718	0.00675	0.00802	0.00506	0.00506	0.01013	0.01519	0.02153	0.77503	0.04010	0.05065	0.01097	0.00633	0.00169	0.00253	0.00971	0.00591	0.00506
47	0.00932	0.00466	0.00699	0.00699	0.00699	0.00466	0.00466	0.00699	0.00699	0.00932	0.00932	0.01632	0.00932	0.01865	0.02098	0.84382	0.00466	0.00466	0.00233	0.00233
48	0.00781	0.00520	0.00585	0.00585	0.00585	0.00520	0.00325	0.00781	0.00781	0.01041	0.01691	0.03513	0.01952	0.81135	0.02732	0.00520	0.00520	0.00781	0.00325	0.00325
49	0.01435	0.81458	0.02813	0.00918	0.01378	0.02124	0.00918	0.01607	0.01091	0.01263	0.00746	0.00861	0.00689	0.00459	0.00344	0.00115	0.00574	0.00287	0.00230	0.00689
50	0.02408	0.00914	0.01246	0.00955	0.01370	0.00789	0.00789	0.02616	0.01536	0.78158	0.02118	0.01827	0.01329	0.00664	0.00540	0.00166	0.00457	0.00540	0.00664	0.00914
51	0.00654	0.00467	0.00623	0.00747	0.00779	0.00436	0.00498	0.00747	0.01028	0.01370	0.02959	0.80785	0.03550	0.01682	0.00685	0.00218	0.00311	0.01526	0.00498	0.00436
52	0.00736	0.00602	0.00673	0.00772	0.00829	0.05288	0.00525	0.00835	0.01072	0.01373	0.03006	0.70392	0.08721	0.01589	0.00669	0.00210	0.00349	0.01425	0.00485	0.00449
53	0.84927	0.01038	0.00789	0.00706	0.01038	0.01204	0.00581	0.01578	0.00914	0.02408	0.00747	0.00872	0.00581	0.00498	0.00332	0.00166	0.00415	0.00291	0.00332	0.00581
54	0.00767	0.00575	0.00863	0.00863	0.00959	0.00671	0.00671	0.00959	0.00863	0.01246	0.01438	0.02109	0.01342	0.04026	0.79008	0.00863	0.01438	0.00575	0.00288	0.00479
55	0.00660	0.00528	0.00590	0.00610	0.00750	0.00459	0.00444	0.00807	0.01232	0.01552	0.17160	0.21261	0.49291	0.01384	0.00645	0.00187	0.00277	0.01190	0.00514	0.00459
56	0.02041	0.01504	0.01611	0.01235	0.01665	0.01665	0.01020	0.75997	0.02524	0.03383	0.01289	0.01289	0.00913	0.00644	0.00537	0.00161	0.00591	0.00483	0.00537	0.00913
57	0.13466	0.00930	0.01185	0.00922	0.01326	0.00845	0.00761	0.02477	0.01453	0.68008	0.01934	0.01699	0.01229	0.00642	0.00512	0.00166	0.00451	0.00506	0.00620	0.00869
58	0.00718	0.00514	0.00665	0.00763	0.00811	0.00492	0.00515	0.04017	0.01084	0.01447	0.02844	0.74763	0.03383	0.04278	0.00747	0.00226	0.00331	0.01456	0.00494	0.00453
59	0.01177	0.00853	0.00990	0.00931	0.01117	0.00897	0.00695	0.23433	0.08668	0.04037	0.02366	0.47576	0.02525	0.01256	0.00624	0.00196	0.00409	0.01103	0.00519	0.00630
60	0.03990	0.21014	0.38096	0.01275	0.03576	0.03363	0.03101	0.01620	0.01127	0.01620	0.00903	0.01064	0.00707	0.00476	0.00447	0.00139	0.00659	0.00359	0.00251	0.16212
