[name]
unknown

[dist]
# distance from previous block
# <min> <max>
20	95

[block]
# block no. 0 follows, 44 sequences, length 6
# corresponding to MSA columns:
# 112-117
name=unknown_A
#
# <colnr> <probs for GDERKNQSTAVLIFYWHMCP>
#	G	D	E	R	K	N	Q	S	T	A	V	L	I	F	Y	W	H	M	C	P
0	0.01465	0.17122	0.19336	0.10153	0.01936	0.01545	0.01258	0.23781	0.05490	0.02137	0.01128	0.01277	0.00859	0.00594	0.00561	0.00162	0.04990	0.00438	0.04995	0.00774
1	0.01610	0.01741	0.18348	0.07117	0.05911	0.07046	0.01281	0.36467	0.01826	0.02455	0.01220	0.03905	0.00948	0.00741	0.02808	0.00188	0.02637	0.00498	0.02449	0.00805
2	0.04358	0.14972	0.09774	0.05547	0.07119	0.03419	0.01061	0.21296	0.01529	0.02109	0.03660	0.06565	0.01128	0.00626	0.00490	0.00147	0.00570	0.00495	0.00370	0.14763
3	0.05414	0.14381	0.18174	0.09774	0.11483	0.03638	0.01315	0.19364	0.01490	0.02061	0.01062	0.01312	0.00839	0.00561	0.00494	0.00157	0.00650	0.02310	0.00331	0.05189
4	0.05754	0.01106	0.06218	0.53185	0.03026	0.01195	0.03688	0.01459	0.01096	0.04380	0.01116	0.01491	0.02895	0.00591	0.00625	0.00180	0.06630	0.00487	0.00275	0.04606
5	0.01341	0.03692	0.01696	0.38845	0.15872	0.01290	0.01332	0.13971	0.01379	0.05709	0.01166	0.03911	0.00924	0.00612	0.00586	0.00174	0.03652	0.00517	0.02614	0.00716

[dist]
# distance from previous block
# <min> <max>
51	87

[block]
# block no. 1 follows, 44 sequences, length 60
# corresponding to MSA columns:
# 250-308,310
name=unknown_B
#
# <colnr> <probs for GDERKNQSTAVLIFYWHMCP>
#	G	D	E	R	K	N	Q	S	T	A	V	L	I	F	Y	W	H	M	C	P
0	0.01420	0.14237	0.08622	0.22615	0.02118	0.05221	0.02149	0.07860	0.05471	0.12177	0.05500	0.04588	0.02991	0.00678	0.00528	0.00167	0.00609	0.01955	0.00384	0.00711
1	0.04136	0.11061	0.17466	0.01125	0.03130	0.03602	0.01060	0.14469	0.01509	0.11026	0.13389	0.06890	0.04177	0.00790	0.00544	0.00169	0.00547	0.03745	0.00439	0.00726
2	0.01380	0.22241	0.24658	0.02739	0.14636	0.05082	0.07660	0.09614	0.01332	0.01775	0.01032	0.03588	0.00849	0.00548	0.00497	0.00157	0.00702	0.00452	0.00286	0.00774
3	0.01416	0.00979	0.01173	0.00854	0.01324	0.00773	0.00689	0.04049	0.01260	0.16526	0.01209	0.01276	0.00916	0.00464	0.00436	0.00100	0.00422	0.00372	0.00398	0.65363
4	0.03437	0.03267	0.44568	0.12183	0.05170	0.01221	0.11719	0.01615	0.01192	0.01740	0.07750	0.01490	0.01113	0.00564	0.00543	0.00174	0.00742	0.00497	0.00275	0.00738
5	0.01362	0.16491	0.20663	0.06759	0.01824	0.01303	0.05536	0.05796	0.09850	0.10810	0.08924	0.01848	0.03536	0.00663	0.00526	0.00166	0.00595	0.02209	0.00391	0.00750
6	0.00914	0.00595	0.00714	0.00665	0.00841	0.00525	0.00501	0.01105	0.01385	0.10586	0.35642	0.06322	0.32500	0.04395	0.00720	0.00192	0.00301	0.01007	0.00559	0.00532
7	0.01015	0.00601	0.00783	0.00734	0.00892	0.00545	0.00548	0.01220	0.01415	0.14127	0.45255	0.17540	0.08286	0.03670	0.00704	0.00192	0.00311	0.01021	0.00581	0.00559
8	0.01195	0.01219	0.08279	0.34446	0.23016	0.01198	0.03831	0.05575	0.03540	0.01746	0.01134	0.01473	0.00877	0.00546	0.00527	0.00169	0.00651	0.00490	0.09377	0.00712
9	0.09529	0.16217	0.17570	0.01164	0.01579	0.02873	0.06653	0.11769	0.01298	0.01855	0.02456	0.09435	0.01266	0.03172	0.08250	0.00247	0.00700	0.02952	0.00341	0.00678
10	0.00722	0.00565	0.00658	0.00690	0.00837	0.00508	0.00539	0.00895	0.01257	0.01584	0.14037	0.10189	0.43070	0.04059	0.00744	0.00212	0.00338	0.18112	0.00512	0.00472
11	0.00690	0.00495	0.00657	0.00761	0.00807	0.00471	0.00523	0.00801	0.01060	0.01416	0.05921	0.64391	0.05514	0.05199	0.04848	0.00267	0.00390	0.04852	0.00491	0.00446
12	0.06623	0.11000	0.06449	0.13676	0.10889	0.04947	0.08332	0.04501	0.12048	0.01753	0.01441	0.07197	0.03442	0.00687	0.00577	0.00174	0.03513	0.01703	0.00342	0.00704
13	0.07156	0.05294	0.44417	0.04274	0.17292	0.05338	0.03191	0.01748	0.03213	0.01756	0.00992	0.01192	0.00749	0.00517	0.00506	0.00167	0.00737	0.00418	0.00259	0.00783
14	0.00790	0.00529	0.00603	0.00606	0.00609	0.00531	0.00343	0.00797	0.00800	0.01070	0.01737	0.05090	0.01998	0.77154	0.04789	0.00532	0.00549	0.00803	0.00333	0.00337
15	0.01156	0.00984	0.01144	0.00819	0.01303	0.00752	0.00656	0.03349	0.01169	0.01821	0.00978	0.01135	0.00811	0.00410	0.00408	0.00083	0.00409	0.00327	0.00329	0.81958
16	0.03934	0.19705	0.04741	0.01102	0.01459	0.22993	0.00932	0.08161	0.05700	0.14063	0.05285	0.07000	0.01314	0.00683	0.00496	0.00154	0.00637	0.00515	0.00404	0.00720
17	0.00850	0.00715	0.04850	0.00799	0.00984	0.00587	0.03336	0.01116	0.01466	0.04594	0.59621	0.09228	0.07540	0.01098	0.00637	0.00176	0.00322	0.00975	0.00561	0.00544
18	0.26898	0.00971	0.01134	0.06474	0.01442	0.00979	0.00783	0.02213	0.05521	0.43188	0.04009	0.01616	0.01214	0.00632	0.00488	0.00171	0.00462	0.00485	0.00534	0.00787
19	0.27915	0.08671	0.01443	0.01196	0.05363	0.25222	0.00908	0.12051	0.01394	0.04031	0.00981	0.03536	0.00815	0.00599	0.00500	0.00159	0.03788	0.00403	0.00346	0.00678
20	0.01365	0.61350	0.21869	0.01090	0.01642	0.01932	0.01206	0.01656	0.01119	0.01395	0.00814	0.00944	0.00697	0.00479	0.00392	0.00131	0.00639	0.00320	0.00232	0.00726
21	0.00664	0.00474	0.00633	0.00759	0.00791	0.00443	0.00506	0.00759	0.01044	0.01392	0.03005	0.80485	0.03606	0.01708	0.00696	0.00221	0.00316	0.01550	0.00506	0.00443
22	0.05525	0.01428	0.15800	0.10296	0.33274	0.01167	0.07903	0.01564	0.01217	0.01785	0.06559	0.01860	0.01277	0.00617	0.00554	0.00175	0.00651	0.05765	0.01836	0.00744
23	0.01273	0.01432	0.03074	0.02266	0.05203	0.01350	0.69505	0.01740	0.02799	0.01749	0.01175	0.03622	0.00921	0.00500	0.00640	0.00184	0.00884	0.00662	0.00287	0.00734
24	0.00664	0.00477	0.00630	0.00753	0.00789	0.00443	0.00504	0.00760	0.01049	0.01394	0.03075	0.78384	0.05661	0.01699	0.00694	0.00220	0.00315	0.01539	0.00506	0.00443
25	0.00675	0.00482	0.00645	0.00772	0.00808	0.00452	0.00525	0.00778	0.01055	0.01404	0.02999	0.76612	0.03581	0.01697	0.00699	0.00223	0.00326	0.05313	0.00506	0.00446
26	0.01316	0.01601	0.12149	0.05352	0.11337	0.01371	0.49648	0.06969	0.01348	0.01854	0.01088	0.01405	0.00818	0.00487	0.00605	0.00178	0.00843	0.00578	0.00287	0.00767
27	0.00904	0.00660	0.00894	0.01002	0.01137	0.00672	0.00863	0.01240	0.06589	0.01668	0.02844	0.08801	0.03051	0.01460	0.00737	0.00245	0.00490	0.65713	0.00506	0.00525
28	0.00685	0.00552	0.00612	0.00619	0.00777	0.00479	0.00466	0.00851	0.01292	0.01625	0.20232	0.10392	0.53011	0.01355	0.00653	0.00188	0.00287	0.04928	0.00526	0.00473
29	0.01444	0.78288	0.05620	0.00956	0.01435	0.02124	0.00973	0.01636	0.01109	0.01299	0.00766	0.00885	0.00699	0.00468	0.00356	0.00119	0.00591	0.00296	0.00233	0.00704
30	0.09939	0.30792	0.03667	0.01097	0.01515	0.15484	0.00963	0.21356	0.01586	0.07422	0.01023	0.01086	0.00795	0.00553	0.00443	0.00143	0.00640	0.00376	0.00366	0.00756
31	0.84691	0.01054	0.00801	0.00717	0.01054	0.01223	0.00590	0.01603	0.00928	0.02446	0.00759	0.00886	0.00590	0.00506	0.00337	0.00169	0.00422	0.00295	0.00337	0.00590
32	0.01263	0.01636	0.12359	0.02207	0.02789	0.01365	0.66483	0.01744	0.01270	0.01744	0.01088	0.01432	0.00811	0.00467	0.00628	0.00182	0.00905	0.00614	0.00270	0.00744
33	0.27076	0.00966	0.01126	0.00894	0.01291	0.00928	0.00738	0.02341	0.01371	0.55246	0.01734	0.01565	0.01122	0.00624	0.00485	0.00169	0.00451	0.00472	0.00574	0.00827
34	0.00751	0.00556	0.00701	0.00665	0.00802	0.00506	0.00498	0.00990	0.01495	0.02073	0.65780	0.04259	0.16586	0.01157	0.00643	0.00173	0.00260	0.01012	0.00585	0.00506
35	0.01458	0.81168	0.02857	0.00933	0.01399	0.02157	0.00933	0.01632	0.01108	0.01283	0.00758	0.00875	0.00700	0.00466	0.00350	0.00117	0.00583	0.00292	0.00233	0.00700
36	0.00686	0.00585	0.00594	0.00586	0.00775	0.00510	0.00441	0.00903	0.05240	0.01539	0.07748	0.05037	0.70798	0.01338	0.00640	0.00184	0.00284	0.01117	0.00512	0.00483
37	0.04423	0.01391	0.01753	0.15539	0.23641	0.05544	0.01281	0.32474	0.04536	0.02419	0.01159	0.01341	0.00878	0.00580	0.00534	0.00166	0.00644	0.00479	0.00393	0.00823
38	0.68489	0.04650	0.00984	0.00778	0.01138	0.01261	0.00648	0.06895	0.01085	0.05422	0.00862	0.00963	0.00658	0.00517	0.00364	0.00162	0.00443	0.00320	0.00360	0.04000
39	0.00665	0.00539	0.00592	0.00622	0.00767	0.00466	0.00457	0.00805	0.01219	0.01505	0.09268	0.21433	0.54225	0.01440	0.00659	0.00194	0.00292	0.03880	0.00512	0.00461
40	0.01888	0.01418	0.01537	0.01167	0.01612	0.01502	0.00960	0.61060	0.02282	0.03110	0.01242	0.01274	0.00904	0.00605	0.00518	0.00147	0.00561	0.00458	0.00502	0.17254
41	0.01411	0.28902	0.33327	0.01312	0.01873	0.17826	0.03101	0.01774	0.01231	0.01506	0.02600	0.01097	0.00800	0.00522	0.00462	0.00147	0.00759	0.00373	0.00251	0.00725
42	0.01278	0.01178	0.01891	0.26411	0.42606	0.01246	0.01485	0.07029	0.01285	0.01779	0.01092	0.01421	0.01958	0.00524	0.00534	0.00163	0.00646	0.00484	0.00289	0.06701
43	0.05933	0.01184	0.01377	0.04359	0.06900	0.01230	0.00914	0.34431	0.04222	0.06556	0.01446	0.09254	0.01228	0.03626	0.00607	0.00170	0.00522	0.00575	0.00460	0.15005
44	0.00675	0.00479	0.00629	0.00745	0.00774	0.00450	0.00491	0.00762	0.01022	0.01363	0.02894	0.73841	0.03466	0.08543	0.00875	0.00248	0.00335	0.01484	0.00491	0.00433
45	0.01038	0.00841	0.01032	0.01121	0.11431	0.04633	0.00735	0.05472	0.03218	0.04397	0.46166	0.03411	0.12374	0.00984	0.00611	0.00170	0.00379	0.00855	0.00526	0.00606
46	0.01393	0.01221	0.01942	0.12757	0.51504	0.01267	0.01477	0.09876	0.02497	0.04698	0.01212	0.05510	0.01026	0.00587	0.00550	0.00168	0.00625	0.00546	0.00328	0.00818
47	0.00944	0.00854	0.01282	0.16771	0.01683	0.01028	0.04940	0.01129	0.01017	0.01411	0.01907	0.27056	0.07045	0.01163	0.02366	0.00223	0.24651	0.00882	0.03105	0.00542
48	0.00664	0.00477	0.00630	0.00753	0.00789	0.00443	0.00504	0.00760	0.01049	0.01394	0.03073	0.78443	0.05603	0.01699	0.00694	0.00220	0.00315	0.01539	0.00506	0.00443
49	0.01273	0.01217	0.02049	0.20945	0.51818	0.01283	0.04551	0.01698	0.06551	0.01724	0.01100	0.01427	0.00887	0.00517	0.00546	0.00169	0.00662	0.00501	0.00284	0.00798
50	0.01327	0.07020	0.04806	0.06785	0.58691	0.01360	0.08790	0.01665	0.01226	0.01721	0.01010	0.01326	0.00836	0.00486	0.00536	0.00162	0.00679	0.00484	0.00265	0.00825
51	0.00664	0.00474	0.00633	0.00759	0.00791	0.00443	0.00506	0.00759	0.01044	0.01392	0.03005	0.80485	0.03606	0.01708	0.00696	0.00221	0.00316	0.01550	0.00506	0.00443
52	0.00788	0.00526	0.00596	0.00601	0.00602	0.00525	0.00337	0.00791	0.00803	0.01070	0.01769	0.06613	0.02046	0.77707	0.02693	0.00516	0.00520	0.00823	0.00337	0.00335
53	0.00862	0.00704	0.01021	0.19095	0.01599	0.00747	0.03281	0.04860	0.01167	0.01530	0.04798	0.40531	0.11242	0.01275	0.00705	0.02476	0.02058	0.01103	0.00429	0.00517
54	0.02140	0.01419	0.01570	0.01203	0.01637	0.01531	0.00994	0.62518	0.02383	0.16794	0.01460	0.01407	0.01003	0.00658	0.00546	0.00165	0.00575	0.00501	0.00569	0.00927
55	0.00672	0.00480	0.00642	0.00768	0.00803	0.00450	0.00520	0.00773	0.01052	0.01401	0.03000	0.77752	0.03589	0.01701	0.00698	0.00222	0.00323	0.04205	0.00506	0.00445
56	0.07549	0.07161	0.01795	0.10654	0.24871	0.34182	0.01252	0.03446	0.01351	0.01598	0.00911	0.01140	0.00751	0.00528	0.00493	0.00152	0.00777	0.00402	0.00280	0.00707
57	0.00664	0.00474	0.00633	0.00759	0.00791	0.00443	0.00506	0.00759	0.01044	0.01392	0.03005	0.80485	0.03606	0.01708	0.00696	0.00221	0.00316	0.01550	0.00506	0.00443
58	0.01340	0.04609	0.05357	0.10817	0.51256	0.05753	0.04247	0.01731	0.05154	0.01715	0.01090	0.01426	0.00902	0.00525	0.00537	0.00165	0.00676	0.01614	0.00283	0.00804
59	0.01111	0.02237	0.52180	0.07208	0.10731	0.01220	0.07990	0.01635	0.01158	0.01686	0.02736	0.01412	0.00891	0.04710	0.00653	0.00192	0.00765	0.00471	0.00253	0.00761

[dist]
# distance from previous block
# <min> <max>
1	2

[block]
# block no. 2 follows, 44 sequences, length 22
# corresponding to MSA columns:
# 313-322,324-335
name=unknown_C
#
# <colnr> <probs for GDERKNQSTAVLIFYWHMCP>
#	G	D	E	R	K	N	Q	S	T	A	V	L	I	F	Y	W	H	M	C	P
0	0.01517	0.31463	0.05001	0.05192	0.04907	0.10233	0.07213	0.12456	0.01417	0.04736	0.03987	0.06319	0.01131	0.00629	0.00501	0.00151	0.01592	0.00498	0.00338	0.00719
1	0.49997	0.01019	0.01119	0.23321	0.03645	0.01214	0.00913	0.01489	0.00981	0.02013	0.00922	0.04596	0.00777	0.00597	0.00506	0.00179	0.05386	0.00420	0.00310	0.00595
2	0.00988	0.00644	0.00797	0.00740	0.00918	0.00603	0.00560	0.01312	0.07679	0.10969	0.43634	0.10746	0.16030	0.01128	0.00629	0.00179	0.00305	0.00981	0.00581	0.00577
3	0.00787	0.00551	0.00711	0.00711	0.00751	0.00592	0.00475	0.00867	0.00827	0.01143	0.01612	0.02980	0.01727	0.49217	0.34049	0.00672	0.00912	0.00707	0.00315	0.00395
4	0.00728	0.00524	0.00670	0.00766	0.00819	0.00500	0.00518	0.03931	0.01106	0.01468	0.02977	0.71176	0.06229	0.04833	0.00771	0.00230	0.00335	0.01459	0.00501	0.00459
5	0.00706	0.00531	0.00696	0.03817	0.00933	0.00492	0.00546	0.00824	0.01068	0.01422	0.03008	0.66201	0.09439	0.01554	0.00667	0.00208	0.00334	0.01399	0.00484	0.05670
6	0.01187	0.01008	0.01217	0.08817	0.01570	0.00844	0.00761	0.06609	0.01227	0.01855	0.00993	0.01176	0.00808	0.00436	0.00428	0.00097	0.00450	0.00351	0.00330	0.69836
7	0.01519	0.01353	0.06498	0.01357	0.07957	0.01220	0.06803	0.27394	0.01656	0.04088	0.01125	0.01257	0.00858	0.00529	0.00527	0.00136	0.02440	0.00434	0.00393	0.32457
8	0.15223	0.09922	0.03494	0.01831	0.27188	0.12004	0.01165	0.05674	0.05290	0.01872	0.01229	0.01778	0.01094	0.00644	0.00506	0.00168	0.00622	0.09235	0.00336	0.00727
9	0.13286	0.04188	0.01278	0.04433	0.01421	0.04209	0.00823	0.13388	0.01565	0.32647	0.13107	0.01866	0.01663	0.00706	0.00560	0.00168	0.02838	0.00549	0.00532	0.00773
10	0.01058	0.00976	0.07430	0.12404	0.01521	0.00882	0.00865	0.09125	0.01305	0.01875	0.12642	0.12502	0.04495	0.03738	0.00690	0.00179	0.04826	0.00709	0.11938	0.10840
11	0.01145	0.00990	0.01200	0.00970	0.06167	0.00763	0.00712	0.01392	0.01138	0.01777	0.00973	0.01145	0.00811	0.00409	0.00412	0.00086	0.00419	0.00333	0.00320	0.78839
12	0.01366	0.01144	0.01210	0.01079	0.01381	0.01312	0.00842	0.07281	0.66112	0.02339	0.04869	0.02063	0.01734	0.00744	0.00550	0.00181	0.00428	0.00618	0.03906	0.00840
13	0.00693	0.00487	0.00656	0.00778	0.00816	0.00459	0.00536	0.00788	0.01049	0.01395	0.02917	0.71305	0.03466	0.01698	0.00755	0.03418	0.00338	0.07513	0.00495	0.00440
14	0.02928	0.33603	0.36210	0.01414	0.06660	0.01628	0.04162	0.01730	0.04101	0.01591	0.00943	0.01095	0.00746	0.00502	0.00455	0.00151	0.00689	0.00379	0.00250	0.00763
15	0.00916	0.00689	0.00900	0.10412	0.01270	0.00705	0.00692	0.01315	0.10787	0.04674	0.38158	0.13434	0.09707	0.01091	0.00626	0.00184	0.00360	0.02978	0.00531	0.00570
16	0.00775	0.00581	0.00724	0.00710	0.00839	0.00548	0.00523	0.01071	0.06092	0.01974	0.51529	0.17309	0.12825	0.01224	0.00647	0.00182	0.00280	0.01079	0.00570	0.00518
17	0.70589	0.01072	0.00913	0.02633	0.01187	0.01218	0.00658	0.06424	0.01089	0.08750	0.00915	0.01007	0.00678	0.00531	0.00373	0.00169	0.00444	0.00333	0.00377	0.00640
18	0.01342	0.04480	0.01388	0.01021	0.01405	0.01097	0.02780	0.15372	0.04316	0.03806	0.01225	0.05553	0.01060	0.00627	0.00618	0.00135	0.09115	0.02017	0.00381	0.42261
19	0.00798	0.00590	0.00720	0.00745	0.00867	0.00550	0.00532	0.01023	0.05936	0.03030	0.12461	0.39604	0.15062	0.06616	0.00790	0.00218	0.00339	0.03913	0.00501	0.05705
20	0.00814	0.00626	0.00691	0.00688	0.00832	0.00589	0.00494	0.08385	0.01264	0.01598	0.03900	0.26318	0.38973	0.11202	0.00912	0.00235	0.00352	0.01154	0.00488	0.00487
21	0.04527	0.01285	0.08463	0.11056	0.12947	0.02326	0.11554	0.11461	0.01340	0.01895	0.03888	0.07583	0.01276	0.00848	0.03947	0.00207	0.05619	0.03529	0.00345	0.05906

[dist]
# distance from previous block
# <min> <max>
0	1

[block]
# block no. 3 follows, 44 sequences, length 9
# corresponding to MSA columns:
# 337-345
name=unknown_D
#
# <colnr> <probs for GDERKNQSTAVLIFYWHMCP>
#	G	D	E	R	K	N	Q	S	T	A	V	L	I	F	Y	W	H	M	C	P
0	0.07887	0.01306	0.08646	0.04704	0.04841	0.04686	0.05774	0.13142	0.01265	0.01841	0.01180	0.06464	0.01065	0.04010	0.10719	0.00284	0.16732	0.00549	0.00331	0.04574
1	0.03812	0.01139	0.08445	0.01268	0.06966	0.01020	0.03913	0.13541	0.09019	0.09948	0.05432	0.09598	0.04046	0.00965	0.00611	0.00195	0.00527	0.18364	0.00481	0.00712
2	0.07355	0.06179	0.25028	0.05192	0.15666	0.08088	0.07907	0.05226	0.01265	0.06620	0.01032	0.01234	0.00784	0.00552	0.00591	0.00169	0.05606	0.00442	0.00298	0.00766
3	0.01243	0.03033	0.10509	0.01158	0.05026	0.00971	0.04967	0.06587	0.03928	0.06660	0.01396	0.11130	0.01250	0.02472	0.00602	0.00152	0.03557	0.00566	0.02283	0.32511
4	0.06765	0.01161	0.06181	0.06440	0.14618	0.01068	0.11084	0.04201	0.09378	0.11035	0.11151	0.02093	0.07369	0.00688	0.00557	0.00170	0.00549	0.00618	0.00421	0.04454
5	0.05969	0.13668	0.19262	0.04714	0.10132	0.07394	0.01206	0.08155	0.03485	0.03325	0.04721	0.03800	0.05381	0.00634	0.00499	0.00156	0.00614	0.00501	0.00337	0.06047
6	0.07244	0.07681	0.07053	0.01588	0.07420	0.13490	0.20977	0.06689	0.05356	0.06677	0.01242	0.01392	0.02847	0.00546	0.00523	0.00158	0.00707	0.00489	0.00342	0.07578
7	0.01381	0.01466	0.09505	0.04117	0.08662	0.08964	0.12428	0.12974	0.06228	0.03782	0.04692	0.08698	0.03511	0.00734	0.00656	0.00175	0.06368	0.00626	0.00379	0.04652
8	0.01319	0.06332	0.04295	0.02236	0.01349	0.09942	0.02725	0.11095	0.03860	0.05694	0.05621	0.13225	0.06823	0.04766	0.00707	0.00179	0.04311	0.00683	0.02204	0.12636

[dist]
# distance from previous block
# <min> <max>
14	87

[block]
# block no. 4 follows, 44 sequences, length 30
# corresponding to MSA columns:
# 502-531
name=unknown_E
#
# <colnr> <probs for GDERKNQSTAVLIFYWHMCP>
#	G	D	E	R	K	N	Q	S	T	A	V	L	I	F	Y	W	H	M	C	P
0	0.09591	0.26857	0.18015	0.01076	0.01545	0.01474	0.01087	0.08193	0.01239	0.04576	0.02752	0.04417	0.00966	0.00594	0.00524	0.00148	0.05380	0.00425	0.00318	0.10824
1	0.05407	0.10256	0.10468	0.00985	0.01414	0.01130	0.00898	0.16526	0.01461	0.05502	0.07719	0.07957	0.02735	0.00676	0.00491	0.00142	0.00493	0.00542	0.00405	0.24791
2	0.06689	0.04512	0.05910	0.02635	0.04153	0.01124	0.03582	0.13648	0.13248	0.15002	0.10080	0.04747	0.04450	0.00727	0.00537	0.00165	0.00491	0.00604	0.00485	0.07211
3	0.32759	0.01080	0.04501	0.03632	0.01332	0.01014	0.00747	0.03421	0.06380	0.09212	0.06325	0.01387	0.01128	0.00556	0.00433	0.00145	0.00442	0.00413	0.00395	0.24698
4	0.04676	0.00994	0.01123	0.00852	0.01278	0.00860	0.00680	0.06610	0.08764	0.03780	0.04607	0.01406	0.01123	0.00506	0.00439	0.00108	0.00410	0.00405	0.03490	0.57889
5	0.01235	0.01191	0.01944	0.23737	0.47110	0.02995	0.02880	0.01545	0.01178	0.01615	0.01126	0.01535	0.02636	0.03385	0.00668	0.00183	0.03507	0.00511	0.00269	0.00748
6	0.01134	0.01053	0.01741	0.48438	0.26117	0.01182	0.01469	0.01473	0.01141	0.01559	0.01015	0.01422	0.00798	0.00521	0.00529	0.00167	0.00666	0.00476	0.03216	0.05884
7	0.01030	0.00969	0.01635	0.79530	0.03755	0.01211	0.01514	0.01393	0.01090	0.01393	0.00969	0.01453	0.00727	0.00545	0.00545	0.00182	0.00727	0.00484	0.00242	0.00606
8	0.00759	0.00555	0.00716	0.00711	0.00835	0.00513	0.00539	0.00987	0.01436	0.01985	0.55711	0.12110	0.11718	0.01237	0.00659	0.00185	0.00288	0.07982	0.00572	0.00501
9	0.00675	0.00560	0.00596	0.00615	0.00788	0.00481	0.00476	0.00826	0.01239	0.01491	0.05121	0.07386	0.65845	0.01405	0.00659	0.00194	0.00306	0.10369	0.00506	0.00465
10	0.84691	0.01054	0.00801	0.00717	0.01054	0.01223	0.00590	0.01603	0.00928	0.02446	0.00759	0.00886	0.00590	0.00506	0.00337	0.00169	0.00422	0.00295	0.00337	0.00590
11	0.01130	0.00969	0.01130	0.00807	0.01292	0.00727	0.00646	0.01373	0.01130	0.01776	0.00969	0.01130	0.00807	0.00404	0.00404	0.00081	0.00404	0.00323	0.00323	0.84173
12	0.01874	0.04316	0.31940	0.01202	0.01778	0.01031	0.01290	0.02252	0.01382	0.44946	0.01637	0.01542	0.01065	0.00605	0.00530	0.00169	0.00604	0.00482	0.00483	0.00872
13	0.00965	0.00643	0.00893	0.00991	0.01135	0.00634	0.00862	0.01211	0.01273	0.06107	0.02910	0.05874	0.04902	0.01454	0.00738	0.00244	0.00494	0.67632	0.00512	0.00526
14	0.01130	0.00969	0.01130	0.00807	0.01292	0.00727	0.00646	0.01373	0.01130	0.01776	0.00969	0.01130	0.00807	0.00404	0.00404	0.00081	0.00404	0.00323	0.00323	0.84173
15	0.02017	0.01494	0.01606	0.01228	0.01667	0.01634	0.01013	0.71256	0.02479	0.03338	0.01289	0.01298	0.00920	0.00640	0.00537	0.00159	0.00588	0.00481	0.00532	0.05822
16	0.01903	0.01006	0.01438	0.19192	0.06681	0.01005	0.01039	0.06076	0.01431	0.43918	0.01635	0.01632	0.01096	0.00628	0.00590	0.00169	0.03815	0.00510	0.00505	0.05731
17	0.01143	0.02751	0.75202	0.01532	0.02324	0.01249	0.01970	0.01761	0.01166	0.04516	0.01021	0.01177	0.00715	0.00524	0.00519	0.00173	0.00793	0.00408	0.00246	0.00810
18	0.00719	0.00523	0.00684	0.00783	0.00842	0.00502	0.00546	0.00903	0.04509	0.01520	0.09755	0.65313	0.03630	0.01597	0.00688	0.00217	0.00328	0.05952	0.00517	0.00472
19	0.00664	0.00474	0.00633	0.00759	0.00791	0.00443	0.00506	0.00759	0.01044	0.01392	0.03005	0.80485	0.03606	0.01708	0.00696	0.00221	0.00316	0.01550	0.00506	0.00443
20	0.02223	0.04054	0.06207	0.01077	0.01526	0.00909	0.05266	0.02475	0.01502	0.64237	0.03475	0.01797	0.01330	0.00653	0.00546	0.00168	0.00512	0.00544	0.00606	0.00892
21	0.02446	0.00928	0.01265	0.00970	0.01392	0.00801	0.00801	0.02657	0.01560	0.77817	0.02151	0.01856	0.01350	0.00675	0.00548	0.00169	0.00464	0.00548	0.00675	0.00928
22	0.02446	0.00928	0.01265	0.00970	0.01392	0.00801	0.00801	0.02657	0.01560	0.77817	0.02151	0.01856	0.01350	0.00675	0.00548	0.00169	0.00464	0.00548	0.00675	0.00928
23	0.02446	0.00928	0.01265	0.00970	0.01392	0.00801	0.00801	0.02657	0.01560	0.77817	0.02151	0.01856	0.01350	0.00675	0.00548	0.00169	0.00464	0.00548	0.00675	0.00928
24	0.01266	0.01693	0.22690	0.06302	0.53804	0.01284	0.01758	0.01675	0.01210	0.01749	0.01010	0.01300	0.00811	0.00497	0.00534	0.00166	0.00694	0.00463	0.00258	0.00836
25	0.00694	0.00495	0.00666	0.00793	0.00837	0.00468	0.00557	0.00810	0.01073	0.01425	0.02989	0.70268	0.03541	0.01680	0.00704	0.00225	0.00342	0.11476	0.00506	0.00451
26	0.01320	0.01251	0.05998	0.01133	0.01464	0.01320	0.00935	0.02751	0.68663	0.02219	0.02169	0.02149	0.01664	0.00757	0.00561	0.00187	0.00458	0.03622	0.00532	0.00844
27	0.01100	0.04617	0.73491	0.04333	0.02387	0.01285	0.01971	0.01712	0.01148	0.01704	0.00973	0.01155	0.00692	0.00518	0.00515	0.00172	0.00798	0.00403	0.00231	0.00796
28	0.02446	0.00928	0.01265	0.00970	0.01392	0.00801	0.00801	0.02657	0.01560	0.77817	0.02151	0.01856	0.01350	0.00675	0.00548	0.00169	0.00464	0.00548	0.00675	0.00928
29	0.01118	0.04870	0.35341	0.01662	0.02219	0.01246	0.26183	0.01573	0.01162	0.01647	0.01275	0.12153	0.01139	0.00685	0.00650	0.00185	0.05251	0.00641	0.00284	0.00717

[dist]
# distance from previous block
# <min> <max>
0	1

[block]
# block no. 5 follows, 44 sequences, length 7
# corresponding to MSA columns:
# 533,534,545-549
name=unknown_F
#
# <colnr> <probs for GDERKNQSTAVLIFYWHMCP>
#	G	D	E	R	K	N	Q	S	T	A	V	L	I	F	Y	W	H	M	C	P
0	0.01186	0.01974	0.44785	0.14513	0.02318	0.01113	0.04340	0.01661	0.01192	0.09795	0.03642	0.08593	0.01175	0.00664	0.00550	0.00179	0.00699	0.00563	0.00318	0.00741
1	0.00813	0.00562	0.00692	0.00755	0.00821	0.00551	0.00514	0.06356	0.01135	0.01557	0.02623	0.58877	0.03029	0.10972	0.00906	0.00246	0.00357	0.01294	0.07469	0.00471
2	0.01060	0.01000	0.01690	0.72332	0.10717	0.01219	0.01529	0.01419	0.01104	0.01430	0.00974	0.01444	0.00740	0.00539	0.00545	0.00180	0.00719	0.00485	0.00245	0.00630
3	0.05996	0.28578	0.35303	0.01271	0.01877	0.01511	0.05473	0.01801	0.01181	0.10785	0.01041	0.01147	0.00775	0.00516	0.00462	0.00154	0.00675	0.00391	0.00293	0.00769
4	0.02272	0.00889	0.01209	0.00940	0.01332	0.00771	0.00771	0.02488	0.01559	0.69949	0.09954	0.02086	0.01744	0.00721	0.00558	0.00169	0.00442	0.00594	0.00667	0.00885
5	0.01148	0.10677	0.58921	0.01433	0.02101	0.04144	0.01741	0.01664	0.01128	0.01617	0.00972	0.01186	0.00739	0.00778	0.05916	0.00217	0.04218	0.00405	0.00237	0.00758
6	0.00769	0.06154	0.04817	0.00807	0.00925	0.00626	0.00626	0.00916	0.01098	0.01461	0.08252	0.53485	0.05823	0.05850	0.00775	0.00226	0.00378	0.06060	0.00470	0.00483

[dist]
# distance from previous block
# <min> <max>
0	3

[block]
# block no. 6 follows, 44 sequences, length 133
# corresponding to MSA columns:
# 553-587,612-626,628-669,707-747
name=unknown_G
#
# <colnr> <probs for GDERKNQSTAVLIFYWHMCP>
#	G	D	E	R	K	N	Q	S	T	A	V	L	I	F	Y	W	H	M	C	P
0	0.01427	0.60994	0.17046	0.01083	0.01601	0.07139	0.01146	0.01687	0.01145	0.01370	0.00806	0.00934	0.00698	0.00483	0.00391	0.00129	0.00652	0.00317	0.00236	0.00715
1	0.07524	0.32738	0.01936	0.01075	0.01456	0.15393	0.00920	0.12199	0.16334	0.01892	0.02953	0.01261	0.01021	0.00582	0.00449	0.00146	0.00607	0.00411	0.00365	0.00739
2	0.12582	0.31578	0.33440	0.01178	0.01761	0.03094	0.01332	0.03474	0.01162	0.04617	0.00917	0.01040	0.00712	0.00507	0.00432	0.00150	0.00657	0.00354	0.00271	0.00741
3	0.00816	0.00632	0.00764	0.00780	0.00900	0.02081	0.00556	0.02294	0.02846	0.01548	0.10495	0.42276	0.06203	0.07451	0.06906	0.00271	0.00448	0.02837	0.00464	0.09433
4	0.00756	0.00516	0.00621	0.00668	0.00685	0.00506	0.00415	0.00799	0.00897	0.01194	0.02191	0.28434	0.02563	0.51339	0.02003	0.00416	0.00459	0.04766	0.00396	0.00375
5	0.00655	0.00553	0.00567	0.00563	0.00743	0.00465	0.00423	0.00803	0.01268	0.01532	0.11464	0.05149	0.71240	0.01359	0.00644	0.00183	0.00275	0.01137	0.00514	0.00465
6	0.84691	0.01054	0.00801	0.00717	0.01054	0.01223	0.00590	0.01603	0.00928	0.02446	0.00759	0.00886	0.00590	0.00506	0.00337	0.00169	0.00422	0.00295	0.00337	0.00590
7	0.01130	0.00969	0.01130	0.00807	0.01292	0.00727	0.00646	0.01373	0.01130	0.01776	0.00969	0.01130	0.00807	0.00404	0.00404	0.00081	0.00404	0.00323	0.00323	0.84173
8	0.01405	0.00960	0.01159	0.00841	0.01313	0.00742	0.00678	0.01640	0.01220	0.17624	0.01215	0.01282	0.00920	0.00460	0.00434	0.00099	0.00416	0.00370	0.00396	0.66824
9	0.01130	0.00969	0.01130	0.00807	0.01292	0.00727	0.00646	0.01373	0.01130	0.01776	0.00969	0.01130	0.00807	0.00404	0.00404	0.00081	0.00404	0.00323	0.00323	0.84173
10	0.01130	0.00969	0.01130	0.00807	0.01292	0.00727	0.00646	0.01373	0.01130	0.01776	0.00969	0.01130	0.00807	0.00404	0.00404	0.00081	0.00404	0.00323	0.00323	0.84173
11	0.02307	0.00925	0.01232	0.00960	0.01365	0.00818	0.00788	0.02589	0.05737	0.70285	0.02301	0.02012	0.04652	0.00709	0.00553	0.00170	0.00454	0.00578	0.00661	0.00904
12	0.00871	0.00583	0.00788	0.00829	0.00950	0.00553	0.00656	0.01088	0.01331	0.05679	0.30607	0.21695	0.03900	0.01362	0.00689	0.00211	0.00367	0.26779	0.00548	0.00515
13	0.00846	0.00574	0.00752	0.00698	0.00840	0.00527	0.00527	0.01101	0.01544	0.05530	0.73836	0.03974	0.04976	0.01095	0.00639	0.00171	0.00266	0.00967	0.00603	0.00533
14	0.02200	0.01017	0.01300	0.01092	0.04412	0.02660	0.00848	0.04154	0.11593	0.59588	0.03848	0.01881	0.01439	0.00683	0.00550	0.00170	0.00477	0.00560	0.00629	0.00900
15	0.01093	0.02820	0.78016	0.01554	0.02360	0.01266	0.02014	0.01727	0.01151	0.01727	0.00978	0.01151	0.00691	0.00518	0.00518	0.00173	0.00806	0.00403	0.00230	0.00806
16	0.02082	0.00858	0.01156	0.00915	0.01275	0.00755	0.00744	0.02332	0.03213	0.60800	0.17371	0.02309	0.02126	0.00765	0.00568	0.00170	0.00421	0.00639	0.00657	0.00842
17	0.01686	0.01991	0.44408	0.01298	0.01936	0.01063	0.01483	0.02134	0.01330	0.35046	0.01492	0.01460	0.00979	0.00587	0.00531	0.00171	0.00656	0.00467	0.00425	0.00859
18	0.01987	0.08113	0.01718	0.01221	0.01653	0.01713	0.01019	0.65959	0.06027	0.03201	0.01307	0.01308	0.00944	0.00643	0.00530	0.00161	0.00590	0.00480	0.00520	0.00905
19	0.02356	0.00998	0.01300	0.01005	0.01422	0.00915	0.00827	0.09819	0.05300	0.66856	0.02072	0.01811	0.01323	0.00676	0.00548	0.00169	0.00476	0.00546	0.00656	0.00925
20	0.01961	0.02463	0.01511	0.01355	0.01653	0.72191	0.01020	0.02110	0.01511	0.01371	0.00853	0.00995	0.00711	0.00549	0.00484	0.00135	0.00935	0.00349	0.00284	0.07559
21	0.01150	0.15020	0.66312	0.01457	0.02210	0.01405	0.01846	0.01712	0.01144	0.01657	0.00944	0.01108	0.00692	0.00510	0.00492	0.00164	0.00771	0.00386	0.00231	0.00789
22	0.02355	0.00958	0.01344	0.01167	0.07697	0.00842	0.00874	0.02575	0.01534	0.71513	0.02058	0.01814	0.01309	0.00659	0.00548	0.00168	0.00479	0.00543	0.00641	0.00922
23	0.01093	0.02820	0.78016	0.01554	0.02360	0.01266	0.02014	0.01727	0.01151	0.01727	0.00978	0.01151	0.00691	0.00518	0.00518	0.00173	0.00806	0.00403	0.00230	0.00806
24	0.01030	0.00969	0.01635	0.79530	0.03755	0.01211	0.01514	0.01393	0.01090	0.01393	0.00969	0.01453	0.00727	0.00545	0.00545	0.00182	0.00727	0.00484	0.00242	0.00606
25	0.00793	0.00529	0.00595	0.00595	0.00595	0.00529	0.00330	0.00793	0.00793	0.01057	0.01718	0.03568	0.01982	0.80840	0.02775	0.00529	0.00529	0.00793	0.00330	0.00330
26	0.01124	0.09316	0.71784	0.01502	0.02280	0.01340	0.01925	0.01719	0.01147	0.01690	0.00960	0.01128	0.00691	0.00514	0.00504	0.00168	0.00787	0.00394	0.00230	0.00797
27	0.01093	0.02820	0.78016	0.01554	0.02360	0.01266	0.02014	0.01727	0.01151	0.01727	0.00978	0.01151	0.00691	0.00518	0.00518	0.00173	0.00806	0.00403	0.00230	0.00806
28	0.00769	0.00557	0.00725	0.00683	0.00813	0.00513	0.00512	0.01024	0.01537	0.02172	0.75739	0.04096	0.06565	0.01120	0.00643	0.00172	0.00258	0.00989	0.00598	0.00513
29	0.01468	0.01149	0.01242	0.01092	0.01403	0.01293	0.00854	0.13009	0.55093	0.07050	0.02151	0.08425	0.01701	0.00804	0.00565	0.00184	0.00448	0.00672	0.00557	0.00841
30	0.01050	0.00994	0.01650	0.71517	0.05049	0.01251	0.01491	0.01392	0.01072	0.01394	0.00949	0.01430	0.00729	0.00578	0.00648	0.00186	0.07285	0.00484	0.00242	0.00610
31	0.00657	0.00556	0.00571	0.00578	0.00758	0.00470	0.00440	0.00802	0.01243	0.01482	0.05375	0.05297	0.73074	0.01388	0.00650	0.00188	0.00289	0.05214	0.00506	0.00463
32	0.00852	0.00586	0.00785	0.00868	0.00986	0.00560	0.00703	0.01050	0.01236	0.04539	0.09764	0.25013	0.10363	0.01480	0.00710	0.00227	0.00409	0.38849	0.00519	0.00500
33	0.32909	0.05082	0.14521	0.00993	0.01447	0.01170	0.00953	0.07985	0.01313	0.25237	0.02763	0.01323	0.00960	0.00582	0.00456	0.00167	0.00520	0.00420	0.00439	0.00761
34	0.01789	0.00867	0.01153	0.05289	0.01389	0.00777	0.00762	0.02079	0.04659	0.44110	0.17823	0.02213	0.02060	0.00727	0.00549	0.00159	0.00425	0.00610	0.00583	0.11976
35	0.04468	0.34027	0.36846	0.01223	0.01825	0.01619	0.01404	0.01802	0.07378	0.03304	0.01010	0.01119	0.00786	0.00519	0.00447	0.00151	0.00663	0.00375	0.00272	0.00762
36	0.06737	0.07586	0.05295	0.00905	0.01227	0.00974	0.00772	0.03235	0.14615	0.21883	0.19915	0.04525	0.08404	0.00838	0.00552	0.00171	0.00418	0.00693	0.00534	0.00721
37	0.07455	0.47812	0.02295	0.07654	0.05878	0.12785	0.01018	0.04924	0.03037	0.01527	0.00861	0.01012	0.00737	0.00505	0.00409	0.00135	0.00641	0.00344	0.00271	0.00697
38	0.01823	0.08267	0.01671	0.01316	0.04842	0.22534	0.04684	0.31155	0.01838	0.04989	0.01221	0.02667	0.00948	0.00614	0.00505	0.00152	0.00676	0.00466	0.08867	0.00765
39	0.01267	0.00941	0.01119	0.00839	0.01272	0.00749	0.00666	0.04603	0.01229	0.09951	0.01303	0.08754	0.01136	0.00567	0.00453	0.00107	0.00410	0.00471	0.00387	0.63775
40	0.00779	0.00584	0.00876	0.00876	0.00974	0.00681	0.00681	0.00974	0.00876	0.01266	0.01460	0.02142	0.01363	0.04089	0.78680	0.00876	0.01460	0.00584	0.00292	0.00487
41	0.01415	0.67139	0.09818	0.01006	0.01491	0.02007	0.01029	0.01746	0.07359	0.01407	0.00900	0.00997	0.00779	0.00494	0.00383	0.00128	0.00591	0.00329	0.00260	0.00723
42	0.00741	0.00546	0.00693	0.00679	0.00801	0.00498	0.00500	0.00961	0.01438	0.01988	0.58002	0.14464	0.14208	0.01228	0.00650	0.00180	0.00268	0.01083	0.00575	0.00498
43	0.00679	0.00493	0.00641	0.00733	0.00790	0.00455	0.00500	0.00801	0.01133	0.01516	0.14215	0.63409	0.09431	0.01595	0.00684	0.00211	0.00304	0.01436	0.00520	0.00455
44	0.77755	0.01047	0.00870	0.07252	0.01278	0.01222	0.00667	0.01585	0.00941	0.02359	0.00777	0.00933	0.00602	0.00509	0.00355	0.00170	0.00447	0.00311	0.00329	0.00592
45	0.01013	0.00610	0.00792	0.00729	0.00902	0.00551	0.00557	0.01241	0.01476	0.13730	0.51820	0.09070	0.11390	0.01122	0.00635	0.00178	0.00301	0.02722	0.00594	0.00568
46	0.01906	0.02351	0.01672	0.01773	0.16076	0.63957	0.01171	0.02081	0.01487	0.01419	0.00877	0.01053	0.00733	0.00547	0.00501	0.00145	0.00919	0.00377	0.00279	0.00676
47	0.01273	0.00934	0.01418	0.26136	0.02041	0.01125	0.02717	0.02740	0.01046	0.11950	0.02556	0.01529	0.00948	0.00968	0.01221	0.17701	0.22303	0.00502	0.00313	0.00578
48	0.01676	0.13172	0.09117	0.01840	0.20683	0.39610	0.01286	0.01913	0.01355	0.01476	0.00887	0.01080	0.00742	0.00534	0.00516	0.00148	0.02602	0.00384	0.00266	0.00715
49	0.01053	0.00675	0.00911	0.00952	0.01118	0.00663	0.00805	0.01365	0.05295	0.10025	0.13940	0.06970	0.03179	0.01321	0.00702	0.00226	0.00453	0.49241	0.00538	0.00568
50	0.01849	0.01368	0.05716	0.01152	0.01569	0.01354	0.00978	0.45184	0.07244	0.13742	0.01589	0.07739	0.01232	0.00724	0.00548	0.00166	0.00545	0.00577	0.00530	0.06195
51	0.03602	0.07047	0.01338	0.00963	0.01336	0.01070	0.00787	0.14746	0.08411	0.36272	0.03295	0.01966	0.04979	0.06244	0.00682	0.00186	0.00481	0.00561	0.00548	0.05484
52	0.03236	0.42446	0.19211	0.01097	0.01609	0.01702	0.01147	0.07905	0.05497	0.06860	0.03882	0.01223	0.00978	0.00548	0.00439	0.00144	0.00602	0.00394	0.00322	0.00758
53	0.01790	0.06402	0.07879	0.01357	0.03167	0.59002	0.01078	0.01977	0.01451	0.01409	0.05161	0.01284	0.01008	0.04059	0.00595	0.00161	0.00881	0.00410	0.00294	0.00635
54	0.00711	0.00560	0.00652	0.00694	0.00841	0.00501	0.00542	0.00879	0.01243	0.01554	0.10044	0.15116	0.44966	0.01432	0.00676	0.00204	0.00332	0.18070	0.00512	0.00472
55	0.01349	0.01295	0.02213	0.03346	0.77440	0.01295	0.01673	0.01673	0.01241	0.01781	0.01025	0.01349	0.00864	0.00486	0.00540	0.00162	0.00648	0.00486	0.00270	0.00864
56	0.01349	0.01295	0.02213	0.03346	0.77440	0.01295	0.01673	0.01673	0.01241	0.01781	0.01025	0.01349	0.00864	0.00486	0.00540	0.00162	0.00648	0.00486	0.00270	0.00864
57	0.01058	0.00998	0.01687	0.72680	0.10380	0.01219	0.01528	0.01418	0.01104	0.01428	0.00974	0.01444	0.00739	0.00540	0.00545	0.00180	0.00720	0.00485	0.00245	0.00629
58	0.00779	0.00584	0.00876	0.00876	0.00974	0.00681	0.00681	0.00974	0.00876	0.01266	0.01460	0.02142	0.01363	0.04089	0.78680	0.00876	0.01460	0.00584	0.00292	0.00487
59	0.00947	0.00473	0.00710	0.00710	0.00710	0.00473	0.00473	0.00710	0.00710	0.00947	0.00947	0.01657	0.00947	0.01894	0.02131	0.84138	0.00473	0.00473	0.00237	0.00237
60	0.01343	0.01289	0.02201	0.04892	0.75945	0.01294	0.01670	0.01667	0.01238	0.01773	0.01024	0.01351	0.00861	0.00487	0.00540	0.00162	0.00649	0.00486	0.00269	0.00858
61	0.00690	0.00498	0.00659	0.00779	0.00831	0.00467	0.00548	0.00807	0.01082	0.01427	0.03129	0.66883	0.07628	0.01664	0.00700	0.00223	0.00338	0.10689	0.00506	0.00451
62	0.02072	0.01527	0.01636	0.01254	0.01691	0.01691	0.01036	0.75622	0.02563	0.03436	0.01309	0.01309	0.00927	0.00654	0.00545	0.00164	0.00600	0.00491	0.00545	0.00927
63	0.00664	0.00474	0.00633	0.00759	0.00791	0.00443	0.00506	0.00759	0.01044	0.01392	0.03005	0.80485	0.03606	0.01708	0.00696	0.00221	0.00316	0.01550	0.00506	0.00443
64	0.00735	0.00524	0.00709	0.00833	0.00893	0.00503	0.00619	0.00877	0.01104	0.01459	0.02936	0.55152	0.03419	0.03549	0.00764	0.00238	0.00380	0.24345	0.00501	0.00459
65	0.00772	0.00557	0.00729	0.00686	0.00814	0.00514	0.00514	0.01029	0.01543	0.02186	0.77152	0.04072	0.05144	0.01115	0.00643	0.00171	0.00257	0.00986	0.00600	0.00514
66	0.01193	0.01193	0.01670	0.01431	0.01431	0.01670	0.01193	0.01312	0.00835	0.01312	0.00716	0.01193	0.00716	0.00954	0.01789	0.00239	0.79843	0.00477	0.00239	0.00596
67	0.01130	0.00969	0.01130	0.00807	0.01292	0.00727	0.00646	0.01373	0.01130	0.01776	0.00969	0.01130	0.00807	0.00404	0.00404	0.00081	0.00404	0.00323	0.00323	0.84173
68	0.01458	0.81168	0.02857	0.00933	0.01399	0.02157	0.00933	0.01632	0.01108	0.01283	0.00758	0.00875	0.00700	0.00466	0.00350	0.00117	0.00583	0.00292	0.00233	0.00700
69	0.01349	0.01295	0.02213	0.03346	0.77440	0.01295	0.01673	0.01673	0.01241	0.01781	0.01025	0.01349	0.00864	0.00486	0.00540	0.00162	0.00648	0.00486	0.00270	0.00864
70	0.01016	0.00508	0.00508	0.00508	0.00635	0.00508	0.00381	0.01270	0.01143	0.02033	0.01778	0.02033	0.01397	0.00635	0.00381	0.00127	0.00254	0.00508	0.83867	0.00508
71	0.01586	0.01347	0.05302	0.01098	0.01546	0.01295	0.00928	0.34536	0.15356	0.02599	0.01345	0.01374	0.01009	0.00581	0.00500	0.00141	0.00516	0.00454	0.00459	0.28029
72	0.01193	0.01193	0.01670	0.01431	0.01431	0.01670	0.01193	0.01312	0.00835	0.01312	0.00716	0.01193	0.00716	0.00954	0.01789	0.00239	0.79843	0.00477	0.00239	0.00596
73	0.01130	0.00969	0.01130	0.00807	0.01292	0.00727	0.00646	0.01373	0.01130	0.01776	0.00969	0.01130	0.00807	0.00404	0.00404	0.00081	0.00404	0.00323	0.00323	0.84173
74	0.01329	0.01656	0.13904	0.02055	0.02622	0.01378	0.55764	0.09354	0.01395	0.01912	0.01139	0.02791	0.00866	0.00510	0.00616	0.00181	0.00859	0.00608	0.00301	0.00760
75	0.02446	0.00928	0.01265	0.00970	0.01392	0.00801	0.00801	0.02657	0.01560	0.77817	0.02151	0.01856	0.01350	0.00675	0.00548	0.00169	0.00464	0.00548	0.00675	0.00928
76	0.01304	0.01426	0.02263	0.01768	0.02008	0.08386	0.30206	0.01559	0.01075	0.01484	0.00878	0.01283	0.00758	0.00726	0.01226	0.00208	0.42000	0.00531	0.00257	0.00654
77	0.01289	0.01984	0.26340	0.01992	0.02600	0.07751	0.46450	0.01776	0.01266	0.01706	0.01043	0.01331	0.00774	0.00486	0.00592	0.00177	0.00889	0.00544	0.00262	0.00749
78	0.02446	0.00928	0.01265	0.00970	0.01392	0.00801	0.00801	0.02657	0.01560	0.77817	0.02151	0.01856	0.01350	0.00675	0.00548	0.00169	0.00464	0.00548	0.00675	0.00928
79	0.00793	0.00529	0.00595	0.00595	0.00595	0.00529	0.00330	0.00793	0.00793	0.01057	0.01718	0.03568	0.01982	0.80840	0.02775	0.00529	0.00529	0.00793	0.00330	0.00330
80	0.00784	0.00614	0.00721	0.00706	0.00869	0.00576	0.00545	0.01103	0.07612	0.01871	0.36474	0.04560	0.31320	0.01224	0.00648	0.00186	0.00305	0.08808	0.00551	0.00522
81	0.01334	0.00977	0.01514	0.05177	0.36528	0.00942	0.01128	0.01580	0.01283	0.16124	0.04078	0.10265	0.15088	0.00825	0.00579	0.00174	0.00506	0.00738	0.00420	0.00741
82	0.00664	0.00474	0.00633	0.00759	0.00791	0.00443	0.00506	0.00759	0.01044	0.01392	0.03005	0.80485	0.03606	0.01708	0.00696	0.00221	0.00316	0.01550	0.00506	0.00443
83	0.02037	0.02598	0.01545	0.01404	0.01685	0.78652	0.01053	0.02177	0.01545	0.01334	0.00843	0.00983	0.00702	0.00562	0.00492	0.00140	0.00983	0.00351	0.00281	0.00632
84	0.01435	0.01496	0.02215	0.04755	0.56333	0.12536	0.09846	0.01748	0.01287	0.01703	0.01006	0.01312	0.00833	0.00495	0.00544	0.00162	0.00729	0.00484	0.00271	0.00809
85	0.02430	0.00954	0.01281	0.00982	0.01405	0.00840	0.00811	0.05816	0.01604	0.74596	0.02114	0.01832	0.01331	0.00674	0.00548	0.00168	0.00470	0.00546	0.00669	0.00928
86	0.00793	0.00529	0.00595	0.00595	0.00595	0.00529	0.00330	0.00793	0.00793	0.01057	0.01718	0.03568	0.01982	0.80840	0.02775	0.00529	0.00529	0.00793	0.00330	0.00330
87	0.01365	0.01326	0.02197	0.03301	0.75666	0.03107	0.01659	0.01685	0.01248	0.01771	0.01021	0.01341	0.00860	0.00488	0.00539	0.00161	0.00656	0.00483	0.00270	0.00858
88	0.01292	0.45514	0.37059	0.01215	0.01836	0.01752	0.01425	0.01675	0.01127	0.01485	0.00858	0.01000	0.00696	0.00490	0.00426	0.00142	0.00684	0.00342	0.00232	0.00748
89	0.00673	0.00481	0.00641	0.00753	0.00793	0.00449	0.00507	0.00781	0.01085	0.01458	0.09153	0.74149	0.03733	0.01659	0.00691	0.00217	0.00311	0.01503	0.00514	0.00449
90	0.01253	0.01546	0.09317	0.02180	0.02734	0.01337	0.66140	0.01718	0.01274	0.01740	0.01170	0.01647	0.00916	0.00510	0.00638	0.00186	0.00892	0.03790	0.00282	0.00731
91	0.01458	0.81168	0.02857	0.00933	0.01399	0.02157	0.00933	0.01632	0.01108	0.01283	0.00758	0.00875	0.00700	0.00466	0.00350	0.00117	0.00583	0.00292	0.00233	0.00700
92	0.01155	0.00983	0.01144	0.00819	0.01302	0.00752	0.00656	0.03288	0.01167	0.01819	0.00978	0.01135	0.00811	0.00410	0.00407	0.00083	0.00409	0.00327	0.00329	0.82026
93	0.02914	0.36050	0.26735	0.01177	0.01731	0.01621	0.02571	0.05588	0.05459	0.07987	0.02781	0.01215	0.00917	0.00540	0.00454	0.00149	0.00633	0.00399	0.00314	0.00768
94	0.01349	0.01295	0.02213	0.03346	0.77440	0.01295	0.01673	0.01673	0.01241	0.01781	0.01025	0.01349	0.00864	0.00486	0.00540	0.00162	0.00648	0.00486	0.00270	0.00864
95	0.01047	0.00987	0.01667	0.75268	0.07878	0.01216	0.01523	0.01409	0.01099	0.01415	0.00972	0.01448	0.00734	0.00542	0.00545	0.00181	0.00722	0.00485	0.00244	0.00620
96	0.15245	0.01212	0.01788	0.02425	0.48974	0.02707	0.01318	0.01858	0.01256	0.16326	0.01192	0.01362	0.00908	0.00526	0.00507	0.00164	0.00582	0.00464	0.00358	0.00826
97	0.01685	0.00985	0.07194	0.00916	0.01254	0.02562	0.00788	0.01950	0.02925	0.40869	0.19233	0.05138	0.08521	0.02681	0.00630	0.00180	0.00437	0.00720	0.00584	0.00749
98	0.00735	0.00557	0.00692	0.00757	0.00879	0.00513	0.00591	0.00911	0.01230	0.01579	0.11879	0.23853	0.28479	0.01471	0.00690	0.00213	0.00354	0.23627	0.00515	0.00475
99	0.01469	0.79634	0.02831	0.00942	0.01405	0.03651	0.00935	0.01643	0.01116	0.01284	0.00760	0.00877	0.00700	0.00468	0.00353	0.00117	0.00591	0.00293	0.00234	0.00698
