[name]
unknown

[dist]
# distance from previous block
# <min> <max>
0	109

[block]
# block no. 0 follows, 51 sequences, length 32
# corresponding to MSA columns:
# 955-986
name=unknown_A
#
# <colnr> <probs for GDERKNQSTAVLIFYWHMCP>
#	G	D	E	R	K	N	Q	S	T	A	V	L	I	F	Y	W	H	M	C	P
0	0.01057	0.08207	0.04395	0.01159	0.06658	0.05883	0.08428	0.03009	0.03163	0.04931	0.03614	0.17990	0.05374	0.08015	0.00856	0.00199	0.11872	0.04298	0.00340	0.00551
1	0.01256	0.67456	0.12707	0.00940	0.01403	0.01775	0.02836	0.01477	0.01008	0.01235	0.00724	0.00843	0.00636	0.00424	0.00343	0.00112	0.00553	0.00285	0.00214	0.03774
2	0.01776	0.00877	0.01077	0.00887	0.01189	0.02741	0.00706	0.14226	0.03050	0.47144	0.01954	0.18925	0.01584	0.00804	0.00521	0.00161	0.00420	0.00677	0.00546	0.00735
3	0.03511	0.02188	0.01217	0.10365	0.01467	0.00866	0.07054	0.08395	0.04189	0.26098	0.10031	0.09853	0.01676	0.05256	0.02682	0.00195	0.02172	0.01699	0.00446	0.00640
4	0.00829	0.00715	0.00985	0.00921	0.00953	0.00899	0.00713	0.00934	0.00799	0.01153	0.01425	0.15770	0.03468	0.14095	0.22108	0.00400	0.32415	0.00681	0.00288	0.00449
5	0.00614	0.00480	0.00559	0.00589	0.00703	0.00424	0.00428	0.00751	0.01118	0.01431	0.18259	0.27929	0.40027	0.01292	0.00598	0.00176	0.00263	0.03467	0.00472	0.00421
6	0.00983	0.00825	0.01331	0.33654	0.16997	0.00905	0.03664	0.02480	0.01049	0.04952	0.01485	0.19689	0.03242	0.00749	0.00535	0.00166	0.01685	0.00676	0.04360	0.00572
7	0.00956	0.04764	0.01477	0.69353	0.05900	0.01092	0.01276	0.01268	0.00992	0.01303	0.00915	0.01317	0.00699	0.00491	0.00473	0.00157	0.00618	0.00430	0.05966	0.00553
8	0.02205	0.00836	0.01140	0.00874	0.01254	0.00722	0.00722	0.02395	0.01407	0.80004	0.01939	0.01673	0.01216	0.00608	0.00494	0.00152	0.00418	0.00494	0.00608	0.00836
9	0.01954	0.00782	0.01054	0.00827	0.01167	0.00678	0.00676	0.02146	0.01392	0.67262	0.11193	0.02046	0.05157	0.00684	0.00508	0.00153	0.00389	0.00565	0.00593	0.00773
10	0.03571	0.19783	0.53056	0.01287	0.04682	0.01300	0.01486	0.01495	0.01022	0.01482	0.02229	0.02502	0.00745	0.00495	0.00468	0.00147	0.02969	0.00371	0.00223	0.00686
11	0.00648	0.00467	0.00587	0.00634	0.00718	0.00424	0.00446	0.00778	0.01094	0.02881	0.21591	0.46272	0.18982	0.01334	0.00604	0.00181	0.00267	0.01185	0.00479	0.00426
12	0.02119	0.00973	0.01225	0.00939	0.01323	0.00926	0.00776	0.21570	0.01636	0.60506	0.01746	0.01548	0.01120	0.00604	0.00494	0.00151	0.00449	0.00481	0.00579	0.00836
13	0.05292	0.57150	0.09239	0.01095	0.04961	0.01720	0.06298	0.01467	0.00994	0.01292	0.00731	0.00887	0.00641	0.00456	0.00442	0.00125	0.06042	0.00313	0.00219	0.00637
14	0.09612	0.01113	0.06937	0.12835	0.32164	0.01070	0.01187	0.09305	0.01195	0.07189	0.01182	0.04785	0.01011	0.00662	0.02442	0.00174	0.00564	0.05572	0.00317	0.00683
15	0.01809	0.01342	0.01443	0.01103	0.01499	0.01464	0.00910	0.72703	0.02221	0.02993	0.01159	0.01169	0.00828	0.00574	0.00483	0.00142	0.00529	0.00432	0.00478	0.06720
16	0.01979	0.06457	0.04800	0.00908	0.01288	0.00843	0.00792	0.05009	0.01377	0.62840	0.01824	0.01834	0.01248	0.00640	0.00494	0.00154	0.00446	0.05729	0.00548	0.00791
17	0.86201	0.00950	0.00722	0.00646	0.00950	0.01102	0.00532	0.01445	0.00836	0.02205	0.00684	0.00798	0.00532	0.00456	0.00304	0.00152	0.00380	0.00266	0.00304	0.00532
18	0.00740	0.00575	0.00812	0.00783	0.00836	0.00598	0.05829	0.00829	0.00871	0.01194	0.03133	0.35318	0.02256	0.30496	0.01383	0.00296	0.08209	0.02620	0.02825	0.00398
19	0.01263	0.01042	0.01113	0.00983	0.01262	0.01187	0.00769	0.09042	0.65313	0.03757	0.07147	0.01897	0.01648	0.00682	0.00505	0.00164	0.00392	0.00567	0.00504	0.00763
20	0.01822	0.01186	0.01617	0.01214	0.01617	0.01209	0.15041	0.39589	0.01801	0.26110	0.01384	0.01368	0.00942	0.00563	0.00506	0.00152	0.00551	0.00484	0.02047	0.00797
21	0.01019	0.00873	0.01019	0.00728	0.01165	0.00655	0.00582	0.01237	0.01019	0.01601	0.00873	0.01019	0.00728	0.00364	0.00364	0.00073	0.00364	0.00291	0.00291	0.85734
22	0.01075	0.01075	0.01505	0.01290	0.01290	0.01505	0.01075	0.01183	0.00753	0.01183	0.00645	0.01075	0.00645	0.00860	0.01613	0.00215	0.81830	0.00430	0.00215	0.00538
23	0.01019	0.00873	0.01019	0.00728	0.01165	0.00655	0.00582	0.01237	0.01019	0.01601	0.00873	0.01019	0.00728	0.00364	0.00364	0.00073	0.00364	0.00291	0.00291	0.85734
24	0.01696	0.02117	0.01356	0.06646	0.01601	0.69830	0.00954	0.01839	0.01323	0.01202	0.00806	0.00987	0.00676	0.00726	0.06015	0.00175	0.00900	0.00339	0.00252	0.00559
25	0.01154	0.00663	0.00788	0.00691	0.00823	0.00662	0.00481	0.10697	0.01075	0.16982	0.03996	0.02613	0.01619	0.50154	0.05219	0.00375	0.00502	0.00634	0.00390	0.00483
26	0.79585	0.00941	0.00755	0.00664	0.00974	0.01072	0.00547	0.01519	0.00881	0.08332	0.00783	0.00867	0.00586	0.00468	0.00319	0.00152	0.00383	0.00284	0.00328	0.00556
27	0.00916	0.00458	0.00458	0.00458	0.00573	0.00458	0.00344	0.01145	0.01031	0.01832	0.01603	0.01832	0.01260	0.00573	0.00344	0.00115	0.00229	0.00458	0.85457	0.00458
28	0.00679	0.00492	0.00640	0.00622	0.00729	0.00454	0.00459	0.00888	0.01323	0.01854	0.66714	0.13913	0.07224	0.01083	0.00586	0.00161	0.00239	0.00960	0.00527	0.00454
29	0.00588	0.00485	0.00516	0.00536	0.00675	0.00414	0.00391	0.00708	0.01096	0.01334	0.06885	0.18831	0.63265	0.01291	0.00589	0.00172	0.00255	0.01098	0.00459	0.00414
30	0.01674	0.00791	0.02994	0.00828	0.01128	0.00685	0.00679	0.01947	0.06159	0.50815	0.17668	0.08798	0.02081	0.00766	0.00522	0.00158	0.00375	0.00650	0.00565	0.00718
31	0.01275	0.06540	0.01386	0.21877	0.01829	0.01239	0.00974	0.13568	0.21563	0.07515	0.05808	0.01525	0.01173	0.00633	0.00629	0.00163	0.10765	0.00487	0.00381	0.00673

[dist]
# distance from previous block
# <min> <max>
2	11

[block]
# block no. 1 follows, 51 sequences, length 24
# corresponding to MSA columns:
# 998-1020,1023
name=unknown_B
#
# <colnr> <probs for GDERKNQSTAVLIFYWHMCP>
#	G	D	E	R	K	N	Q	S	T	A	V	L	I	F	Y	W	H	M	C	P
0	0.00706	0.00512	0.00659	0.00635	0.00747	0.00478	0.00471	0.02634	0.01344	0.01881	0.65177	0.14213	0.06539	0.01074	0.00584	0.00161	0.00246	0.00951	0.00526	0.00462
1	0.01277	0.00642	0.00836	0.00712	0.00938	0.00573	0.00560	0.01504	0.02851	0.32093	0.40023	0.02975	0.11225	0.00870	0.00545	0.00155	0.00309	0.00746	0.00557	0.00609
2	0.57835	0.01199	0.11507	0.00821	0.01198	0.01117	0.00765	0.09708	0.01074	0.09571	0.00882	0.00954	0.00641	0.00486	0.00364	0.00152	0.00447	0.00319	0.00340	0.00619
3	0.01241	0.02009	0.52347	0.08894	0.02073	0.01123	0.02908	0.09787	0.01220	0.12221	0.01057	0.01169	0.00730	0.00500	0.00478	0.00155	0.00660	0.00400	0.00293	0.00734
4	0.55615	0.01002	0.00916	0.00775	0.01099	0.01120	0.00635	0.11960	0.08482	0.12712	0.01043	0.01064	0.00756	0.00514	0.00373	0.00153	0.00408	0.00348	0.00388	0.00637
5	0.00769	0.00611	0.00956	0.00844	0.00946	0.00635	0.10838	0.00896	0.00805	0.01112	0.01380	0.02444	0.01422	0.39823	0.33794	0.00561	0.00862	0.00621	0.00277	0.00404
6	0.00746	0.00608	0.01048	0.00957	0.01076	0.00573	0.16023	0.00857	0.00945	0.01265	0.02115	0.55242	0.02425	0.01336	0.00791	0.11669	0.00413	0.01102	0.00382	0.00427
7	0.00942	0.00618	0.00922	0.09423	0.01215	0.00690	0.00733	0.01140	0.00925	0.11770	0.01463	0.02158	0.01308	0.02666	0.52577	0.00575	0.02365	0.07683	0.00322	0.00506
8	0.13587	0.00929	0.01326	0.01009	0.01395	0.00861	0.11056	0.03746	0.01314	0.57180	0.01624	0.01496	0.01051	0.00561	0.00480	0.00154	0.00471	0.00473	0.00516	0.00771
9	0.01137	0.01399	0.09099	0.01933	0.02396	0.01262	0.63450	0.01531	0.01106	0.01531	0.00948	0.01275	0.00725	0.00466	0.00681	0.00170	0.09449	0.00546	0.00242	0.00655
10	0.86201	0.00950	0.00722	0.00646	0.00950	0.01102	0.00532	0.01445	0.00836	0.02205	0.00684	0.00798	0.00532	0.00456	0.00304	0.00152	0.00380	0.00266	0.00304	0.00532
11	0.09328	0.01080	0.01113	0.00981	0.01273	0.01243	0.00771	0.10535	0.63259	0.02181	0.01788	0.01666	0.01338	0.00639	0.00481	0.00163	0.00404	0.00516	0.00481	0.00761
12	0.01069	0.01208	0.14286	0.04931	0.30738	0.00978	0.01161	0.01520	0.11029	0.03552	0.10579	0.01805	0.06961	0.00597	0.00493	0.00148	0.00498	0.00526	0.00332	0.07589
13	0.01252	0.00821	0.00998	0.08371	0.01290	0.00742	0.00657	0.08312	0.01196	0.14166	0.01231	0.01344	0.00926	0.00481	0.00404	0.00110	0.00386	0.00388	0.19202	0.37723
14	0.02014	0.00892	0.01156	0.00879	0.01268	0.00789	0.00724	0.09393	0.01440	0.62207	0.01724	0.01538	0.01115	0.00574	0.00476	0.00141	0.00422	0.00462	0.00555	0.12231
15	0.00986	0.02542	0.80183	0.01401	0.02127	0.01141	0.01816	0.01556	0.01038	0.01556	0.00882	0.01038	0.00623	0.00467	0.00467	0.00156	0.00726	0.00363	0.00208	0.00726
16	0.02271	0.00544	0.00691	0.00655	0.00801	0.00501	0.00490	0.01158	0.01218	0.15559	0.33094	0.22506	0.05206	0.01007	0.00540	0.00160	0.00280	0.00881	0.11923	0.00513
17	0.01059	0.00871	0.01652	0.01310	0.01588	0.00808	0.33767	0.01302	0.01101	0.11965	0.01867	0.35308	0.01893	0.00928	0.00590	0.00179	0.00540	0.02313	0.00387	0.00572
18	0.02205	0.00836	0.01140	0.00874	0.01254	0.00722	0.00722	0.02395	0.01407	0.80004	0.01939	0.01673	0.01216	0.00608	0.00494	0.00152	0.00418	0.00494	0.00608	0.00836
19	0.01126	0.00644	0.00825	0.00722	0.00921	0.00609	0.00561	0.01471	0.09639	0.21341	0.51938	0.02979	0.03454	0.00870	0.00550	0.00155	0.00295	0.00755	0.00553	0.00590
20	0.01130	0.03759	0.42658	0.20815	0.02327	0.01114	0.07286	0.01603	0.03331	0.09847	0.01029	0.01210	0.00729	0.00489	0.00482	0.00157	0.00669	0.00415	0.00264	0.00689
21	0.01631	0.01255	0.17109	0.04413	0.02827	0.00924	0.12213	0.05014	0.01293	0.40011	0.01551	0.01732	0.01101	0.00598	0.00514	0.00160	0.00558	0.05907	0.00440	0.00749
22	0.04630	0.00840	0.01128	0.00868	0.01246	0.00733	0.00717	0.02368	0.01390	0.77758	0.01903	0.01647	0.01197	0.00604	0.00489	0.00152	0.00417	0.00488	0.00599	0.00828
23	0.80170	0.00947	0.00757	0.03372	0.01036	0.01098	0.00564	0.02860	0.00872	0.02183	0.00717	0.00842	0.00556	0.00462	0.00315	0.00152	0.00390	0.00279	0.01892	0.00537

[dist]
# distance from previous block
# <min> <max>
0	1

[block]
# block no. 2 follows, 51 sequences, length 14
# corresponding to MSA columns:
# 1025-1038
name=unknown_C
#
# <colnr> <probs for GDERKNQSTAVLIFYWHMCP>
#	G	D	E	R	K	N	Q	S	T	A	V	L	I	F	Y	W	H	M	C	P
0	0.09774	0.07970	0.48582	0.01197	0.01775	0.04194	0.03028	0.03039	0.01091	0.07894	0.02575	0.01103	0.00757	0.00483	0.00441	0.00146	0.00629	0.00368	0.00268	0.04684
1	0.03976	0.00750	0.01121	0.20410	0.05889	0.00833	0.04205	0.02589	0.00970	0.07228	0.01475	0.20405	0.01480	0.10243	0.03853	0.03469	0.07718	0.00699	0.02178	0.00509
2	0.01650	0.00808	0.00955	0.00772	0.01055	0.00792	0.00625	0.17874	0.01456	0.34412	0.01653	0.01629	0.01152	0.00591	0.00437	0.00137	0.00373	0.00470	0.32468	0.00694
3	0.01132	0.04563	0.01510	0.57205	0.11264	0.01075	0.01249	0.01429	0.01051	0.10917	0.01021	0.01336	0.00753	0.00499	0.00479	0.00156	0.00600	0.00437	0.02714	0.00608
4	0.75389	0.00974	0.00796	0.03829	0.03090	0.03265	0.00593	0.01427	0.00860	0.02081	0.00730	0.00917	0.00590	0.03360	0.00397	0.00163	0.00413	0.00294	0.00298	0.00532
5	0.17625	0.00925	0.01106	0.00865	0.01232	0.00893	0.00714	0.11741	0.01415	0.56001	0.01612	0.01450	0.01043	0.00578	0.00459	0.00151	0.00427	0.00446	0.00538	0.00780
6	0.01149	0.00985	0.01045	0.00945	0.01205	0.01123	0.00733	0.02385	0.68944	0.02009	0.07714	0.02125	0.06026	0.00723	0.00510	0.00166	0.00370	0.00606	0.00501	0.00735
7	0.02205	0.00836	0.01140	0.00874	0.01254	0.00722	0.00722	0.02395	0.01407	0.80004	0.01939	0.01673	0.01216	0.00608	0.00494	0.00152	0.00418	0.00494	0.00608	0.00836
8	0.00703	0.00521	0.00762	0.00762	0.00840	0.00599	0.00579	0.00859	0.00781	0.01120	0.01342	0.02074	0.01291	0.12476	0.72076	0.00755	0.01223	0.00547	0.00267	0.00423
9	0.00616	0.00441	0.00588	0.00689	0.00729	0.00413	0.00473	0.00721	0.00990	0.01328	0.09477	0.71851	0.03353	0.01484	0.00625	0.00197	0.00288	0.04867	0.00463	0.00407
10	0.01836	0.02342	0.01393	0.01266	0.01519	0.80756	0.00950	0.01962	0.01393	0.01203	0.00760	0.00886	0.00633	0.00506	0.00443	0.00127	0.00886	0.00317	0.00253	0.00570
11	0.00690	0.00493	0.00675	0.00789	0.00857	0.00478	0.00615	0.00842	0.01031	0.01357	0.02658	0.46101	0.03051	0.01454	0.00652	0.00212	0.00364	0.36804	0.00454	0.00424
12	0.00986	0.02542	0.80183	0.01401	0.02127	0.01141	0.01816	0.01556	0.01038	0.01556	0.00882	0.01038	0.00623	0.00467	0.00467	0.00156	0.00726	0.00363	0.00208	0.00726
13	0.01079	0.00892	0.01027	0.00746	0.01164	0.00712	0.00598	0.07132	0.01119	0.01727	0.00932	0.01070	0.00761	0.00391	0.00373	0.00081	0.00371	0.00311	0.04360	0.75153

[dist]
# distance from previous block
# <min> <max>
0	2

[block]
# block no. 3 follows, 51 sequences, length 15
# corresponding to MSA columns:
# 1041-1055
name=unknown_D
#
# <colnr> <probs for GDERKNQSTAVLIFYWHMCP>
#	G	D	E	R	K	N	Q	S	T	A	V	L	I	F	Y	W	H	M	C	P
0	0.72113	0.04840	0.00892	0.00724	0.01034	0.06993	0.00596	0.05129	0.00955	0.02126	0.00713	0.00822	0.00559	0.00465	0.00324	0.00148	0.00432	0.00278	0.00305	0.00554
1	0.01272	0.70187	0.02367	0.00864	0.01255	0.01805	0.00836	0.01431	0.00982	0.01195	0.00696	0.00829	0.00640	0.00448	0.00414	0.00110	0.06465	0.00277	0.00217	0.07708
2	0.01099	0.00582	0.00636	0.00581	0.00743	0.00594	0.00451	0.08591	0.01167	0.08410	0.01570	0.01764	0.01213	0.00805	0.06260	0.00170	0.00354	0.00465	0.64021	0.00524
3	0.00921	0.04901	0.01204	0.01005	0.01079	0.01083	0.00817	0.01059	0.00853	0.01257	0.07545	0.07480	0.01335	0.03280	0.20357	0.00340	0.40101	0.00553	0.00277	0.04553
4	0.69790	0.00970	0.00808	0.00699	0.01007	0.01105	0.00575	0.09905	0.01029	0.05180	0.00829	0.00921	0.00625	0.00482	0.00334	0.00150	0.00392	0.00303	0.04323	0.00573
5	0.01328	0.65616	0.11455	0.00948	0.01387	0.09742	0.00965	0.01530	0.01043	0.01207	0.00714	0.00827	0.00630	0.00434	0.00346	0.00113	0.00585	0.00280	0.00214	0.00636
6	0.01413	0.15467	0.03941	0.08737	0.01724	0.14824	0.09500	0.15238	0.02812	0.03732	0.00895	0.01092	0.00718	0.00572	0.00690	0.00155	0.17152	0.00404	0.00290	0.00645
7	0.01520	0.01137	0.01287	0.06283	0.05258	0.02903	0.00890	0.23289	0.37412	0.12191	0.01615	0.01549	0.01173	0.00612	0.00495	0.00157	0.00472	0.00498	0.00476	0.00782
8	0.02100	0.00887	0.01163	0.00888	0.01273	0.00790	0.00732	0.09062	0.01463	0.68228	0.01804	0.01588	0.01152	0.00591	0.00486	0.00147	0.00426	0.00477	0.00578	0.06167
9	0.00677	0.00495	0.00635	0.00613	0.00726	0.00454	0.00455	0.00887	0.01328	0.01851	0.66127	0.10578	0.11195	0.01072	0.00584	0.00159	0.00238	0.00946	0.00526	0.00454
10	0.04870	0.10908	0.01561	0.04328	0.08582	0.01402	0.00939	0.47203	0.01833	0.07877	0.04886	0.01281	0.00997	0.00568	0.00468	0.00144	0.00518	0.00439	0.00428	0.00766
11	0.02022	0.00973	0.01209	0.00936	0.01305	0.00941	0.00770	0.22650	0.03879	0.53772	0.05044	0.01630	0.01268	0.00622	0.00497	0.00151	0.00442	0.00499	0.00571	0.00819
12	0.00607	0.00435	0.00572	0.00677	0.00711	0.00407	0.00455	0.00694	0.00942	0.01250	0.02733	0.74903	0.05674	0.04810	0.00703	0.00210	0.00296	0.03075	0.00450	0.00397
13	0.00742	0.00550	0.00687	0.02845	0.02694	0.00508	0.00501	0.00967	0.03159	0.04467	0.45519	0.05757	0.27684	0.01044	0.00572	0.00160	0.00269	0.00903	0.00498	0.00477
14	0.04141	0.04759	0.03837	0.08716	0.14152	0.01242	0.52715	0.01528	0.01119	0.01556	0.00948	0.01262	0.00729	0.00427	0.00536	0.00159	0.00747	0.00518	0.00245	0.00666

[dist]
# distance from previous block
# <min> <max>
0	34

[block]
# block no. 4 follows, 51 sequences, length 41
# corresponding to MSA columns:
# 1090-1130
name=unknown_E
#
# <colnr> <probs for GDERKNQSTAVLIFYWHMCP>
#	G	D	E	R	K	N	Q	S	T	A	V	L	I	F	Y	W	H	M	C	P
0	0.07896	0.00935	0.01168	0.00902	0.01279	0.00883	0.00745	0.15005	0.01519	0.61791	0.01726	0.01530	0.01106	0.00595	0.00481	0.00151	0.00436	0.00470	0.00568	0.00815
1	0.74315	0.01052	0.02043	0.05992	0.01162	0.05805	0.00631	0.01464	0.00882	0.02073	0.00704	0.00841	0.00548	0.00462	0.00327	0.00151	0.00433	0.00282	0.00294	0.00538
2	0.00628	0.00496	0.00567	0.00558	0.00695	0.00434	0.00415	0.00794	0.01219	0.01584	0.35038	0.08886	0.44609	0.01165	0.00583	0.00163	0.00244	0.00998	0.00491	0.00434
3	0.04789	0.02507	0.09528	0.01287	0.09838	0.01299	0.01019	0.36096	0.16411	0.10216	0.01328	0.01323	0.00958	0.00570	0.00481	0.00152	0.00517	0.00451	0.00438	0.00793
4	0.00945	0.00891	0.01505	0.76912	0.07888	0.01096	0.01373	0.01271	0.00991	0.01276	0.00876	0.01305	0.00662	0.00488	0.00491	0.00163	0.00651	0.00437	0.00220	0.00560
5	0.00827	0.00531	0.00699	0.00641	0.00780	0.00486	0.00486	0.01055	0.01392	0.08775	0.72650	0.03497	0.04339	0.00970	0.00572	0.00154	0.00248	0.00854	0.00547	0.00496
6	0.00689	0.00502	0.00648	0.00611	0.00730	0.00461	0.00458	0.00914	0.01375	0.01933	0.75011	0.03733	0.09054	0.01019	0.00580	0.00155	0.00233	0.00897	0.00536	0.00461
7	0.00653	0.00501	0.00598	0.00574	0.00708	0.00446	0.00431	0.00846	0.01292	0.01735	0.52080	0.04059	0.32108	0.01093	0.00580	0.00159	0.00238	0.00943	0.00510	0.00446
8	0.86201	0.00950	0.00722	0.00646	0.00950	0.01102	0.00532	0.01445	0.00836	0.02205	0.00684	0.00798	0.00532	0.00456	0.00304	0.00152	0.00380	0.00266	0.00304	0.00532
9	0.00623	0.00483	0.00575	0.00637	0.00742	0.00434	0.00475	0.00750	0.01054	0.01324	0.03716	0.34366	0.37604	0.01376	0.00615	0.00189	0.00297	0.13870	0.00456	0.00415
10	0.00969	0.00899	0.01505	0.66267	0.05082	0.01076	0.05390	0.04743	0.01054	0.01366	0.01015	0.06613	0.00841	0.00559	0.00505	0.00165	0.00633	0.00508	0.00249	0.00562
11	0.01105	0.01127	0.01527	0.01304	0.01322	0.04472	0.02493	0.01219	0.00784	0.01191	0.00656	0.01073	0.00647	0.00839	0.01550	0.00211	0.77295	0.00429	0.00217	0.00541
12	0.01019	0.00873	0.01019	0.00728	0.01165	0.00655	0.00582	0.01237	0.01019	0.01601	0.00873	0.01019	0.00728	0.00364	0.00364	0.00073	0.00364	0.00291	0.00291	0.85734
13	0.00630	0.00451	0.00594	0.00689	0.00730	0.00426	0.00466	0.02228	0.00997	0.01338	0.07700	0.75648	0.03293	0.01486	0.00621	0.00196	0.00287	0.01345	0.00462	0.00412
14	0.03039	0.01182	0.02196	0.08072	0.17241	0.01156	0.39087	0.04324	0.05763	0.06788	0.01086	0.01323	0.00818	0.00457	0.00524	0.00155	0.00670	0.00507	0.00296	0.05315
15	0.06649	0.01067	0.01454	0.01248	0.01268	0.01479	0.01040	0.01200	0.00758	0.01250	0.00648	0.01057	0.00638	0.00834	0.01527	0.00211	0.76497	0.00419	0.00221	0.00537
16	0.00655	0.00493	0.00657	0.00724	0.00754	0.00507	0.00501	0.00746	0.00938	0.01275	0.07469	0.64715	0.03011	0.06893	0.00837	0.00217	0.07536	0.01232	0.00430	0.00409
17	0.00991	0.00921	0.01512	0.71519	0.03168	0.01138	0.03311	0.05374	0.01048	0.01359	0.00883	0.01293	0.00667	0.00511	0.00545	0.00165	0.04355	0.00440	0.00234	0.00564
18	0.79744	0.01030	0.00776	0.00690	0.00994	0.04979	0.00564	0.03616	0.00905	0.02181	0.00702	0.00813	0.00546	0.00462	0.00316	0.00151	0.00409	0.00273	0.00307	0.00543
19	0.01426	0.01460	0.01794	0.04232	0.38441	0.20452	0.07342	0.08202	0.04056	0.03316	0.00960	0.01171	0.00772	0.00495	0.00528	0.00147	0.03788	0.00425	0.00283	0.00710
20	0.02188	0.00863	0.01157	0.00887	0.01268	0.00762	0.00733	0.06127	0.01451	0.76210	0.01901	0.01648	0.01198	0.00607	0.00494	0.00152	0.00424	0.00492	0.00602	0.00836
21	0.00612	0.00495	0.00545	0.00542	0.00686	0.00427	0.00403	0.00763	0.01181	0.01494	0.24610	0.09403	0.54721	0.01200	0.00583	0.00165	0.00247	0.01021	0.00479	0.00427
22	0.01307	0.04068	0.06294	0.27931	0.04164	0.05832	0.11518	0.05107	0.04914	0.13626	0.01087	0.01301	0.00801	0.00547	0.00613	0.00162	0.09313	0.00453	0.00310	0.00651
23	0.01862	0.01066	0.09300	0.00978	0.01375	0.00861	0.03591	0.10158	0.03627	0.52999	0.01835	0.02905	0.04085	0.02359	0.00542	0.00161	0.00469	0.00519	0.00524	0.00783
24	0.00617	0.00438	0.00579	0.00684	0.00715	0.00413	0.00461	0.00703	0.00933	0.01242	0.02616	0.72620	0.03119	0.07657	0.00771	0.00222	0.00308	0.05064	0.00444	0.00394
25	0.00943	0.00896	0.01538	0.76954	0.04920	0.01099	0.04238	0.01273	0.00992	0.01275	0.00879	0.01309	0.00661	0.00487	0.00495	0.00163	0.00660	0.00442	0.00220	0.00555
26	0.07697	0.06659	0.01510	0.05001	0.01566	0.06953	0.04405	0.44099	0.01799	0.12586	0.01150	0.01182	0.00821	0.00557	0.00485	0.00147	0.01774	0.00422	0.00430	0.00756
27	0.05121	0.01676	0.35450	0.01372	0.01880	0.01068	0.18328	0.01640	0.01100	0.16061	0.01176	0.05571	0.00898	0.00564	0.00572	0.00163	0.05866	0.00491	0.00309	0.00694
28	0.82549	0.00956	0.00755	0.02776	0.01024	0.01109	0.00561	0.02724	0.00865	0.02195	0.00698	0.00818	0.00541	0.00459	0.00312	0.00152	0.00390	0.00274	0.00305	0.00538
29	0.00630	0.00477	0.00582	0.00614	0.00715	0.00430	0.00445	0.00777	0.01140	0.01502	0.26614	0.31380	0.27523	0.01279	0.00600	0.00176	0.00264	0.03943	0.00482	0.00426
30	0.01051	0.01204	0.07964	0.16038	0.02284	0.01117	0.37695	0.01466	0.05665	0.01521	0.03837	0.05204	0.01013	0.00545	0.00602	0.00163	0.05614	0.00558	0.00276	0.06186
31	0.00721	0.00529	0.00679	0.00637	0.00761	0.00500	0.00479	0.01009	0.05146	0.01975	0.75649	0.03582	0.04485	0.00988	0.00576	0.00155	0.00239	0.00873	0.00539	0.00479
32	0.01347	0.56141	0.14342	0.00987	0.01425	0.09383	0.01006	0.02789	0.01071	0.04074	0.00773	0.00883	0.00654	0.00458	0.00398	0.00121	0.02967	0.00300	0.00233	0.00647
33	0.00693	0.00500	0.00655	0.00620	0.00734	0.00462	0.00463	0.00921	0.01379	0.01951	0.77316	0.05815	0.04599	0.01019	0.00581	0.00156	0.00233	0.00903	0.00539	0.00462
34	0.07530	0.00482	0.00589	0.00664	0.00730	0.00465	0.00457	0.00774	0.00985	0.01409	0.11133	0.62839	0.06020	0.02724	0.00625	0.00194	0.00289	0.01224	0.00451	0.00416
35	0.79857	0.01033	0.04989	0.00692	0.01020	0.01096	0.00605	0.01471	0.00859	0.03816	0.00721	0.00830	0.00552	0.00460	0.00317	0.00152	0.00400	0.00276	0.00305	0.00549
36	0.01034	0.09337	0.65792	0.01470	0.06228	0.01216	0.05184	0.01547	0.01044	0.01525	0.00872	0.01039	0.00637	0.00459	0.00460	0.00151	0.00706	0.00368	0.00212	0.00718
37	0.05412	0.56526	0.08072	0.00899	0.01277	0.05274	0.00877	0.01467	0.00994	0.04047	0.00801	0.01018	0.00723	0.05849	0.00551	0.00144	0.04900	0.00320	0.00237	0.00611
38	0.09489	0.00595	0.00697	0.00727	0.00842	0.00605	0.00523	0.01080	0.10149	0.03505	0.03872	0.47859	0.02487	0.05682	0.03491	0.00221	0.00365	0.03860	0.00430	0.03520
39	0.01203	0.05581	0.04898	0.06124	0.06104	0.04395	0.30603	0.06517	0.04484	0.05405	0.01368	0.05187	0.05562	0.00586	0.00576	0.00158	0.04894	0.00560	0.03355	0.02440
40	0.17772	0.01363	0.09485	0.06307	0.01526	0.06753	0.00950	0.34386	0.03486	0.02306	0.01077	0.01283	0.00832	0.00579	0.00490	0.00153	0.03404	0.03242	0.03920	0.00687

[dist]
# distance from previous block
# <min> <max>
0	26

[block]
# block no. 5 follows, 51 sequences, length 76
# corresponding to MSA columns:
# 1157-1232
name=unknown_F
#
# <colnr> <probs for GDERKNQSTAVLIFYWHMCP>
#	G	D	E	R	K	N	Q	S	T	A	V	L	I	F	Y	W	H	M	C	P
0	0.01116	0.02098	0.55911	0.01546	0.08336	0.01106	0.10683	0.01604	0.01085	0.07335	0.00976	0.01132	0.00697	0.00465	0.00480	0.00153	0.00691	0.00402	0.00248	0.03936
1	0.02611	0.17137	0.53737	0.01258	0.03690	0.01240	0.01478	0.01588	0.01056	0.07370	0.00922	0.01039	0.00675	0.00464	0.00435	0.00143	0.00643	0.00352	0.00244	0.03920
2	0.08279	0.00837	0.01083	0.00848	0.01206	0.00757	0.00697	0.02267	0.04276	0.67673	0.04384	0.01682	0.01290	0.00612	0.00481	0.00152	0.00405	0.00492	0.01785	0.00794
3	0.00748	0.00697	0.03939	0.18613	0.01490	0.00669	0.05882	0.00976	0.03548	0.01338	0.04818	0.41447	0.09863	0.02889	0.00619	0.00188	0.00422	0.00997	0.00381	0.00475
4	0.02608	0.04839	0.04789	0.08718	0.56672	0.01140	0.01363	0.01545	0.02271	0.07329	0.01048	0.03649	0.00869	0.00491	0.00480	0.00148	0.00565	0.00459	0.00276	0.00741
5	0.01812	0.01188	0.03858	0.06959	0.01573	0.01208	0.00912	0.43200	0.04464	0.24626	0.01391	0.01354	0.00951	0.00582	0.00487	0.00149	0.00507	0.00455	0.01841	0.02483
6	0.00916	0.00458	0.00458	0.00458	0.00573	0.00458	0.00344	0.01145	0.01031	0.01832	0.01603	0.01832	0.01260	0.00573	0.00344	0.00115	0.00229	0.00458	0.85457	0.00458
7	0.00705	0.00588	0.00961	0.08197	0.01198	0.00575	0.10805	0.00855	0.00970	0.01292	0.02297	0.63058	0.02660	0.02570	0.00638	0.00196	0.00394	0.01191	0.00405	0.00446
8	0.00833	0.06675	0.02615	0.00872	0.06164	0.00660	0.00609	0.02028	0.04498	0.04946	0.08755	0.42702	0.09324	0.04914	0.00657	0.00190	0.00351	0.02286	0.00427	0.00494
9	0.00973	0.00564	0.00742	0.00662	0.00829	0.00510	0.00509	0.01193	0.01385	0.16474	0.62545	0.03334	0.06454	0.00939	0.00564	0.00154	0.00267	0.00820	0.00551	0.00531
10	0.01836	0.02342	0.01393	0.01266	0.01519	0.80756	0.00950	0.01962	0.01393	0.01203	0.00760	0.00886	0.00633	0.00506	0.00443	0.00127	0.00886	0.00317	0.00253	0.00570
11	0.01911	0.01015	0.10041	0.06860	0.01488	0.00784	0.00882	0.02150	0.01316	0.62331	0.01771	0.04701	0.01187	0.00620	0.00496	0.00155	0.00465	0.00510	0.00529	0.00786
12	0.03655	0.00888	0.01056	0.00779	0.01175	0.00736	0.00629	0.01335	0.01026	0.08083	0.00939	0.01071	0.00756	0.00423	0.00465	0.00092	0.06361	0.00317	0.00312	0.69900
13	0.00605	0.00432	0.00567	0.00673	0.00702	0.00404	0.00446	0.00686	0.00931	0.01239	0.02684	0.76561	0.04524	0.06113	0.00732	0.00215	0.00295	0.01352	0.00447	0.00394
14	0.00604	0.00455	0.00558	0.00624	0.00701	0.00410	0.00433	0.00715	0.01038	0.01349	0.11197	0.52169	0.25165	0.01401	0.00609	0.00185	0.00269	0.01242	0.00465	0.00410
15	0.00842	0.00679	0.00946	0.00880	0.00943	0.00850	0.00699	0.00998	0.00826	0.01262	0.03612	0.01769	0.01188	0.05541	0.41003	0.00498	0.25146	0.00508	0.11346	0.00466
16	0.03357	0.00887	0.01472	0.76333	0.06153	0.01095	0.01347	0.01270	0.00984	0.01296	0.00870	0.01292	0.00656	0.00488	0.00486	0.00163	0.00645	0.00432	0.00222	0.00554
17	0.01994	0.00819	0.01095	0.00866	0.01212	0.00730	0.00711	0.03314	0.04714	0.66884	0.07654	0.01965	0.01536	0.00668	0.00508	0.00156	0.00406	0.03385	0.00591	0.00792
18	0.01834	0.00892	0.04035	0.00859	0.01199	0.01900	0.00723	0.04864	0.05698	0.54937	0.10175	0.01855	0.01559	0.00644	0.00491	0.00150	0.00406	0.00528	0.06492	0.00759
19	0.01257	0.00959	0.01045	0.00878	0.01095	0.04191	0.03173	0.28979	0.07151	0.02007	0.01571	0.04363	0.04774	0.19036	0.02769	0.00235	0.02262	0.00570	0.13094	0.00591
20	0.11674	0.01075	0.03360	0.39865	0.08969	0.02546	0.12978	0.04458	0.01046	0.01526	0.00865	0.01203	0.00669	0.00504	0.00571	0.00164	0.07249	0.00434	0.00247	0.00597
21	0.00739	0.00573	0.00811	0.15699	0.01242	0.00584	0.00649	0.00981	0.01279	0.01769	0.55971	0.05950	0.05435	0.00953	0.00571	0.00162	0.00326	0.05361	0.00471	0.00475
22	0.01019	0.00873	0.01019	0.00728	0.01165	0.00655	0.00582	0.01237	0.01019	0.01601	0.00873	0.01019	0.00728	0.00364	0.00364	0.00073	0.00364	0.00291	0.00291	0.85734
23	0.00712	0.00488	0.00593	0.00602	0.00623	0.00502	0.00380	0.00756	0.00753	0.01018	0.01590	0.05451	0.01779	0.62790	0.16082	0.00512	0.00617	0.04116	0.00303	0.00332
24	0.05674	0.01357	0.01441	0.01109	0.01498	0.01505	0.00916	0.74569	0.02244	0.03057	0.01157	0.01163	0.00822	0.00584	0.00483	0.00148	0.00534	0.00434	0.00483	0.00822
25	0.00671	0.00497	0.00625	0.00602	0.00721	0.00452	0.00448	0.00876	0.01319	0.01821	0.62485	0.08648	0.16859	0.01077	0.00583	0.00159	0.00238	0.00944	0.00522	0.00452
26	0.00627	0.00450	0.00582	0.00680	0.00713	0.00429	0.00451	0.00742	0.03127	0.01250	0.02584	0.72960	0.03068	0.08859	0.00793	0.00224	0.00305	0.01311	0.00443	0.00401
27	0.01216	0.01168	0.01995	0.03016	0.79664	0.01168	0.01508	0.01508	0.01119	0.01605	0.00924	0.01216	0.00778	0.00438	0.00487	0.00146	0.00584	0.00438	0.00243	0.00778
28	0.00702	0.00527	0.00790	0.00790	0.00878	0.00614	0.00614	0.00878	0.00790	0.01141	0.01316	0.01931	0.01229	0.03686	0.80782	0.00790	0.01316	0.00527	0.00263	0.00439
29	0.02205	0.00836	0.01140	0.00874	0.01254	0.00722	0.00722	0.02395	0.01407	0.80004	0.01939	0.01673	0.01216	0.00608	0.00494	0.00152	0.00418	0.00494	0.00608	0.00836
30	0.00783	0.00563	0.00780	0.00889	0.01004	0.00560	0.00775	0.01006	0.01131	0.01465	0.02698	0.05510	0.05919	0.01353	0.00675	0.00224	0.00444	0.73318	0.00453	0.00451
31	0.01222	0.01056	0.01111	0.01000	0.01278	0.01222	0.00778	0.02611	0.78776	0.02056	0.02000	0.01833	0.01500	0.00667	0.00500	0.00167	0.00389	0.00556	0.00500	0.00778
32	0.00776	0.00478	0.00639	0.00696	0.00771	0.00440	0.00485	0.00889	0.01040	0.09468	0.11364	0.65104	0.03198	0.01383	0.00608	0.00190	0.00293	0.01246	0.00482	0.00452
33	0.01314	0.83025	0.02575	0.00841	0.01261	0.01945	0.00841	0.01472	0.00999	0.01156	0.00683	0.00788	0.00631	0.00420	0.00315	0.00105	0.00526	0.00263	0.00210	0.00631
34	0.86201	0.00950	0.00722	0.00646	0.00950	0.01102	0.00532	0.01445	0.00836	0.02205	0.00684	0.00798	0.00532	0.00456	0.00304	0.00152	0.00380	0.00266	0.00304	0.00532
35	0.01216	0.01168	0.01995	0.03016	0.79664	0.01168	0.01508	0.01508	0.01119	0.01605	0.00924	0.01216	0.00778	0.00438	0.00487	0.00146	0.00584	0.00438	0.00243	0.00778
36	0.00595	0.00510	0.00512	0.00509	0.00678	0.00433	0.00383	0.00748	0.02880	0.01344	0.04911	0.04664	0.77697	0.01231	0.00579	0.00166	0.00252	0.01026	0.00457	0.00423
37	0.02194	0.00854	0.01151	0.00883	0.01263	0.00749	0.00729	0.04883	0.01436	0.77474	0.01914	0.01656	0.01204	0.00608	0.00494	0.00152	0.00422	0.00492	0.00604	0.00836
38	0.01877	0.00890	0.01110	0.00895	0.01237	0.00862	0.00725	0.04109	0.22103	0.53939	0.01923	0.01712	0.01286	0.00622	0.00489	0.00154	0.00405	0.00508	0.04351	0.00804
39	0.01705	0.01352	0.01393	0.01112	0.01455	0.06528	0.00907	0.57620	0.11188	0.02697	0.01340	0.01391	0.02796	0.00634	0.00545	0.00153	0.04205	0.01732	0.00463	0.00782
40	0.01702	0.01293	0.01398	0.03625	0.01530	0.01447	0.00915	0.59685	0.18424	0.02819	0.01344	0.01322	0.00970	0.00603	0.00493	0.00152	0.00512	0.00466	0.00485	0.00814
41	0.86201	0.00950	0.00722	0.00646	0.00950	0.01102	0.00532	0.01445	0.00836	0.02205	0.00684	0.00798	0.00532	0.00456	0.00304	0.00152	0.00380	0.00266	0.00304	0.00532
42	0.01081	0.03024	0.01531	0.01279	0.01289	0.01516	0.01070	0.01190	0.00758	0.01182	0.00646	0.01068	0.00645	0.00850	0.01582	0.00212	0.79896	0.00426	0.00215	0.00540
43	0.02131	0.00954	0.01214	0.00930	0.01313	0.00898	0.00769	0.18938	0.01604	0.63182	0.01773	0.01565	0.01133	0.00604	0.00494	0.00151	0.00445	0.00483	0.00583	0.00836
44	0.01912	0.01066	0.01263	0.00982	0.01342	0.01090	0.00806	0.38580	0.01802	0.36059	0.03960	0.01506	0.01135	0.00755	0.03759	0.01669	0.00508	0.00482	0.00529	0.00797
45	0.00854	0.00427	0.00640	0.00640	0.00640	0.00427	0.00427	0.00640	0.00640	0.00854	0.00854	0.01494	0.00854	0.01707	0.01921	0.85702	0.00427	0.00427	0.00213	0.00213
46	0.00630	0.00500	0.00565	0.00549	0.00694	0.00436	0.00412	0.00800	0.01235	0.01601	0.36639	0.04279	0.47633	0.01143	0.00580	0.00161	0.00242	0.00974	0.00492	0.00436
47	0.01821	0.01353	0.01448	0.01121	0.01506	0.01502	0.00923	0.72478	0.07935	0.03021	0.01240	0.01228	0.00885	0.00596	0.00492	0.00149	0.00530	0.00451	0.00492	0.00831
48	0.19959	0.01285	0.01313	0.01027	0.01401	0.01434	0.00848	0.61597	0.01994	0.02906	0.01074	0.01098	0.00771	0.00561	0.00451	0.00148	0.00506	0.00405	0.00451	0.00771
49	0.01277	0.01117	0.01707	0.10438	0.50491	0.03585	0.01280	0.04085	0.04304	0.07501	0.02616	0.01308	0.00899	0.00478	0.00480	0.00143	0.00556	0.00441	0.00296	0.06997
50	0.01202	0.01041	0.09428	0.01406	0.14190	0.00873	0.11356	0.05153	0.04632	0.15603	0.03034	0.22667	0.01683	0.00829	0.00547	0.00170	0.00501	0.04635	0.00400	0.00650
51	0.01893	0.01337	0.01450	0.01112	0.01504	0.01465	0.00918	0.72462	0.02244	0.08754	0.01236	0.01216	0.00864	0.00591	0.00492	0.00148	0.00532	0.00446	0.00500	0.00836
52	0.00928	0.00873	0.01474	0.81548	0.03385	0.01092	0.01365	0.01256	0.00983	0.01256	0.00873	0.01310	0.00655	0.00491	0.00491	0.00164	0.00655	0.00437	0.00218	0.00546
53	0.16487	0.02725	0.01585	0.03947	0.04781	0.16417	0.17860	0.06565	0.14125	0.04086	0.01147	0.01275	0.02101	0.00573	0.01573	0.00162	0.03173	0.00445	0.00328	0.00646
54	0.00958	0.00921	0.01613	0.66358	0.08262	0.01089	0.08487	0.01284	0.01007	0.01308	0.00947	0.03897	0.00755	0.00514	0.00504	0.00164	0.00655	0.00481	0.00230	0.00567
55	0.00696	0.00502	0.00657	0.00618	0.00734	0.00464	0.00464	0.00927	0.01391	0.01971	0.79405	0.03671	0.04637	0.01005	0.00580	0.00155	0.00232	0.00889	0.00541	0.00464
56	0.00719	0.00470	0.00545	0.00551	0.00553	0.00469	0.00315	0.00708	0.00721	0.00961	0.01557	0.07140	0.01793	0.72617	0.02363	0.06731	0.00463	0.00728	0.00300	0.00297
57	0.01208	0.06921	0.61163	0.01295	0.01943	0.01121	0.03109	0.01689	0.01098	0.14386	0.01046	0.01133	0.00723	0.00486	0.00465	0.00152	0.00666	0.00383	0.00274	0.00737
58	0.00744	0.00692	0.06535	0.00814	0.00942	0.00594	0.00652	0.01068	0.11879	0.01421	0.02459	0.53607	0.02749	0.01311	0.00605	0.00196	0.00357	0.12447	0.00443	0.00484
59	0.00928	0.00873	0.01474	0.81548	0.03385	0.01092	0.01365	0.01256	0.00983	0.01256	0.00873	0.01310	0.00655	0.00491	0.00491	0.00164	0.00655	0.00437	0.00218	0.00546
60	0.68923	0.00936	0.00814	0.00697	0.01017	0.01038	0.00575	0.02916	0.00969	0.16906	0.00929	0.00970	0.00666	0.00487	0.00343	0.00152	0.00390	0.00312	0.00365	0.00595
61	0.03496	0.00876	0.01451	0.79112	0.03311	0.01092	0.01340	0.01261	0.00978	0.01284	0.00868	0.01295	0.00651	0.00490	0.00486	0.00163	0.00647	0.00432	0.00221	0.00545
62	0.01868	0.01376	0.01475	0.01131	0.01524	0.01524	0.00934	0.78025	0.02311	0.03097	0.01180	0.01180	0.00836	0.00590	0.00492	0.00147	0.00541	0.00442	0.00492	0.00836
63	0.01323	0.81552	0.02554	0.00849	0.01266	0.03384	0.00843	0.01480	0.01006	0.01157	0.00685	0.00790	0.00631	0.00422	0.00318	0.00106	0.00532	0.00264	0.00211	0.00630
64	0.02205	0.00836	0.01140	0.00874	0.01254	0.00722	0.00722	0.02395	0.01407	0.80004	0.01939	0.01673	0.01216	0.00608	0.00494	0.00152	0.00418	0.00494	0.00608	0.00836
65	0.00649	0.00501	0.00592	0.00569	0.00706	0.00444	0.00427	0.00837	0.01281	0.01710	0.49213	0.04100	0.34991	0.01102	0.00580	0.00159	0.00239	0.00949	0.00507	0.00444
66	0.00606	0.00499	0.00533	0.00524	0.00679	0.00426	0.00393	0.00754	0.01180	0.01470	0.21412	0.04496	0.62942	0.01192	0.00581	0.00163	0.00245	0.01004	0.00475	0.00426
67	0.00696	0.00502	0.00657	0.00618	0.00734	0.00464	0.00464	0.00927	0.01391	0.01971	0.79405	0.03671	0.04637	0.01005	0.00580	0.00155	0.00232	0.00889	0.00541	0.00464
68	0.86201	0.00950	0.00722	0.00646	0.00950	0.01102	0.00532	0.01445	0.00836	0.02205	0.00684	0.00798	0.00532	0.00456	0.00304	0.00152	0.00380	0.00266	0.00304	0.00532
69	0.86201	0.00950	0.00722	0.00646	0.00950	0.01102	0.00532	0.01445	0.00836	0.02205	0.00684	0.00798	0.00532	0.00456	0.00304	0.00152	0.00380	0.00266	0.00304	0.00532
70	0.01749	0.02162	0.01330	0.01210	0.01459	0.71282	0.00910	0.01973	0.07068	0.01294	0.00889	0.00999	0.00725	0.00521	0.00443	0.00129	0.00820	0.00340	0.04117	0.00580
71	0.01222	0.01056	0.01111	0.01000	0.01278	0.01222	0.00778	0.02611	0.78776	0.02056	0.02000	0.01833	0.01500	0.00667	0.00500	0.00167	0.00389	0.00556	0.00500	0.00778
72	0.00719	0.00507	0.00665	0.00630	0.00748	0.00469	0.00475	0.00947	0.01375	0.03148	0.74732	0.05464	0.04512	0.01019	0.00582	0.00157	0.00241	0.02604	0.00538	0.00468
73	0.00928	0.00873	0.01474	0.81548	0.03385	0.01092	0.01365	0.01256	0.00983	0.01256	0.00873	0.01310	0.00655	0.00491	0.00491	0.00164	0.00655	0.00437	0.00218	0.00546
74	0.00984	0.00959	0.01602	0.51083	0.11005	0.03540	0.11039	0.01280	0.01018	0.01318	0.01053	0.07237	0.00917	0.04202	0.00600	0.00177	0.00642	0.00533	0.00247	0.00565
75	0.01314	0.83025	0.02575	0.00841	0.01261	0.01945	0.00841	0.01472	0.00999	0.01156	0.00683	0.00788	0.00631	0.00420	0.00315	0.00105	0.00526	0.00263	0.00210	0.00631

[dist]
# distance from previous block
# <min> <max>
0	11

[block]
# block no. 6 follows, 51 sequences, length 9
# corresponding to MSA columns:
# 1244-1252
name=unknown_G
#
# <colnr> <probs for GDERKNQSTAVLIFYWHMCP>
#	G	D	E	R	K	N	Q	S	T	A	V	L	I	F	Y	W	H	M	C	P
0	0.01652	0.30682	0.01808	0.01117	0.01429	0.53074	0.00911	0.01790	0.01254	0.01186	0.00733	0.00852	0.00632	0.00476	0.00398	0.00119	0.00760	0.00298	0.00238	0.00591
1	0.01019	0.00873	0.01019	0.00728	0.01165	0.00655	0.00582	0.01237	0.01019	0.01601	0.00873	0.01019	0.00728	0.00364	0.00364	0.00073	0.00364	0.00291	0.00291	0.85734
2	0.01028	0.01041	0.01598	0.64546	0.03074	0.07560	0.08261	0.01339	0.01022	0.01277	0.00866	0.01268	0.00661	0.00501	0.00542	0.00163	0.04032	0.00440	0.00224	0.00558
3	0.00599	0.00428	0.00570	0.00684	0.00713	0.00399	0.00456	0.00684	0.00941	0.01254	0.02709	0.82409	0.03250	0.01540	0.00627	0.00200	0.00285	0.01397	0.00456	0.00399
4	0.01222	0.01056	0.01111	0.01000	0.01278	0.01222	0.00778	0.02611	0.78776	0.02056	0.02000	0.01833	0.01500	0.00667	0.00500	0.00167	0.00389	0.00556	0.00500	0.00778
5	0.01804	0.00857	0.01086	0.00873	0.01210	0.00807	0.00706	0.02265	0.18558	0.52592	0.08831	0.01861	0.01565	0.00647	0.00498	0.00152	0.00393	0.00535	0.00566	0.04194
6	0.00928	0.00873	0.01474	0.81548	0.03385	0.01092	0.01365	0.01256	0.00983	0.01256	0.00873	0.01310	0.00655	0.00491	0.00491	0.00164	0.00655	0.00437	0.00218	0.00546
7	0.01091	0.01119	0.01637	0.14227	0.01764	0.04595	0.08900	0.01265	0.00856	0.01235	0.00722	0.01131	0.00656	0.00742	0.01281	0.00198	0.57365	0.00442	0.00220	0.00553
8	0.52768	0.07441	0.12467	0.00820	0.01179	0.01093	0.03797	0.01393	0.00955	0.01954	0.08627	0.01262	0.03495	0.00533	0.00376	0.00150	0.00440	0.00378	0.00309	0.00563

[dist]
# distance from previous block
# <min> <max>
0	1

[block]
# block no. 7 follows, 51 sequences, length 13
# corresponding to MSA columns:
# 1254-1266
name=unknown_H
#
# <colnr> <probs for GDERKNQSTAVLIFYWHMCP>
#	G	D	E	R	K	N	Q	S	T	A	V	L	I	F	Y	W	H	M	C	P
0	0.68789	0.00990	0.00996	0.00936	0.06649	0.01113	0.05767	0.01488	0.00898	0.05154	0.00770	0.00905	0.00594	0.00470	0.00380	0.00154	0.02759	0.00313	0.00306	0.00570
1	0.70106	0.04564	0.04157	0.00735	0.01056	0.01171	0.00638	0.04322	0.04213	0.02133	0.00766	0.00873	0.00595	0.00479	0.00360	0.00152	0.02509	0.00293	0.00309	0.00566
2	0.01071	0.01072	0.01427	0.01234	0.01247	0.04358	0.01016	0.01177	0.00776	0.01171	0.00719	0.01202	0.00722	0.04744	0.04889	0.00248	0.71739	0.00443	0.00222	0.00524
3	0.00875	0.00642	0.00863	0.07380	0.01144	0.00657	0.02175	0.03230	0.09692	0.05237	0.18956	0.23793	0.05048	0.01105	0.00591	0.00184	0.00374	0.17074	0.00463	0.00515
4	0.01019	0.00873	0.01019	0.00728	0.01165	0.00655	0.00582	0.01237	0.01019	0.01601	0.00873	0.01019	0.00728	0.00364	0.00364	0.00073	0.00364	0.00291	0.00291	0.85734
5	0.00954	0.00655	0.00908	0.09246	0.01207	0.00659	0.02972	0.01269	0.08585	0.10047	0.28273	0.08040	0.07924	0.00993	0.00633	0.04121	0.00376	0.12145	0.00462	0.00528
6	0.00928	0.00873	0.01474	0.81548	0.03385	0.01092	0.01365	0.01256	0.00983	0.01256	0.00873	0.01310	0.00655	0.00491	0.00491	0.00164	0.00655	0.00437	0.00218	0.00546
7	0.00598	0.00499	0.00524	0.00530	0.00685	0.00424	0.00400	0.00734	0.01134	0.01377	0.10046	0.07206	0.68472	0.01242	0.00586	0.00169	0.00258	0.04236	0.00462	0.00419
8	0.00696	0.00502	0.00657	0.00618	0.00734	0.00464	0.00464	0.00927	0.01391	0.01971	0.79405	0.03671	0.04637	0.01005	0.00580	0.00155	0.00232	0.00889	0.00541	0.00464
9	0.00773	0.00569	0.00812	0.07430	0.01157	0.00582	0.00779	0.00989	0.01106	0.01448	0.06142	0.15260	0.02793	0.01294	0.00652	0.00214	0.00436	0.56671	0.00438	0.00454
10	0.01668	0.01253	0.01349	0.01068	0.01420	0.01389	0.00870	0.59491	0.14662	0.02836	0.07684	0.01489	0.01253	0.00636	0.00500	0.00151	0.00491	0.00497	0.00497	0.00796
11	0.01087	0.01170	0.02389	0.27966	0.06820	0.01190	0.49048	0.01467	0.01100	0.01472	0.00951	0.01315	0.00718	0.00441	0.00546	0.00164	0.00759	0.00526	0.00238	0.00631
12	0.01481	0.01141	0.01282	0.01177	0.07712	0.01267	0.00869	0.30145	0.37007	0.05458	0.01587	0.01537	0.01173	0.00612	0.00487	0.00154	0.00453	0.00497	0.05178	0.00784

[dist]
# distance from previous block
# <min> <max>
0	4

[block]
# block no. 8 follows, 51 sequences, length 57
# corresponding to MSA columns:
# 1271-1280,1282-1328
name=unknown_I
#
# <colnr> <probs for GDERKNQSTAVLIFYWHMCP>
#	G	D	E	R	K	N	Q	S	T	A	V	L	I	F	Y	W	H	M	C	P
0	0.01102	0.04898	0.55560	0.01353	0.06120	0.03627	0.01513	0.03895	0.01101	0.04635	0.00982	0.03673	0.00755	0.00499	0.00460	0.00146	0.00652	0.00397	0.00251	0.08382
1	0.01002	0.12322	0.45408	0.06345	0.07034	0.01148	0.04618	0.01427	0.01084	0.01534	0.10325	0.01455	0.03143	0.00542	0.00471	0.00150	0.00620	0.00449	0.00259	0.00664
2	0.02092	0.00837	0.01120	0.00876	0.01239	0.00743	0.00717	0.02354	0.06216	0.72615	0.01967	0.04274	0.01299	0.00642	0.00499	0.00154	0.00412	0.00527	0.00597	0.00819
3	0.01680	0.02071	0.01456	0.01406	0.07594	0.63303	0.01011	0.01816	0.01281	0.01231	0.00756	0.00939	0.00646	0.00551	0.00612	0.00141	0.12337	0.00342	0.00247	0.00581
4	0.00602	0.00434	0.00571	0.00673	0.00712	0.00403	0.00453	0.00695	0.00967	0.01288	0.06008	0.75740	0.06627	0.01504	0.00623	0.00196	0.00281	0.01360	0.00460	0.00403
5	0.00854	0.00427	0.00640	0.00640	0.00640	0.00427	0.00427	0.00640	0.00640	0.00854	0.00854	0.01494	0.00854	0.01707	0.01921	0.85702	0.00427	0.00427	0.00213	0.00213
6	0.01512	0.52412	0.02126	0.01002	0.01359	0.31848	0.00882	0.01658	0.01148	0.01174	0.00712	0.00825	0.00632	0.00453	0.00364	0.00113	0.00662	0.00283	0.00227	0.00608
