[name]
unknown

[dist]
# distance from previous block
# <min> <max>
2	105

[block]
# block no. 0 follows, 52 sequences, length 11
# corresponding to MSA columns:
# 116-126
name=unknown_A
#
# <colnr> <probs for GDERKNQSTAVLIFYWHMCP>
#	G	D	E	R	K	N	Q	S	T	A	V	L	I	F	Y	W	H	M	C	P
0	0.06234	0.20799	0.07148	0.12830	0.01672	0.27783	0.00975	0.02773	0.07358	0.01381	0.00900	0.01102	0.00742	0.00497	0.00415	0.00132	0.00642	0.01986	0.00263	0.04367
1	0.40032	0.09431	0.04673	0.01882	0.01078	0.04686	0.00690	0.01382	0.00901	0.05921	0.00862	0.01053	0.00699	0.00720	0.04118	0.05232	0.08677	0.00335	0.07094	0.00534
2	0.00845	0.04398	0.01100	0.00869	0.01036	0.00707	0.13094	0.04002	0.00999	0.01363	0.12369	0.12146	0.03227	0.29463	0.07179	0.00309	0.00526	0.00725	0.00341	0.05301
3	0.06139	0.04591	0.01150	0.06988	0.01328	0.02750	0.03866	0.09102	0.03812	0.05819	0.08079	0.06022	0.01416	0.00813	0.05054	0.00172	0.01448	0.06561	0.00360	0.24530
4	0.01099	0.00920	0.00997	0.09614	0.01260	0.08836	0.00707	0.11871	0.03586	0.05165	0.07816	0.09171	0.08768	0.15013	0.00930	0.00211	0.06645	0.01909	0.00370	0.05111
5	0.07504	0.00825	0.01026	0.09875	0.09860	0.00892	0.00759	0.06323	0.19161	0.04139	0.06634	0.11934	0.01595	0.07869	0.00653	0.00183	0.00414	0.00617	0.07194	0.02544
6	0.11451	0.01003	0.01020	0.00804	0.01158	0.07209	0.00640	0.07249	0.07109	0.08641	0.07593	0.01315	0.01116	0.00494	0.00407	0.00111	0.00411	0.00384	0.00364	0.41520
7	0.19069	0.03298	0.13120	0.08111	0.04628	0.22840	0.00968	0.05408	0.02497	0.05145	0.09506	0.01291	0.01092	0.00542	0.00435	0.00144	0.00591	0.00402	0.00311	0.00601
8	0.06081	0.01163	0.01703	0.13107	0.50542	0.05360	0.01302	0.08174	0.03014	0.01685	0.00967	0.01280	0.00798	0.00483	0.00473	0.00148	0.00578	0.02161	0.00272	0.00710
9	0.00767	0.00665	0.06677	0.00709	0.00856	0.00535	0.00565	0.01000	0.05513	0.05627	0.21738	0.33824	0.11398	0.06981	0.00708	0.00194	0.00323	0.00995	0.00451	0.00472
10	0.00742	0.00491	0.00602	0.06687	0.00763	0.00506	0.00397	0.00774	0.00759	0.01047	0.01494	0.07462	0.01644	0.58271	0.01977	0.07216	0.00447	0.00679	0.07717	0.00325

[dist]
# distance from previous block
# <min> <max>
0	20

[block]
# block no. 1 follows, 52 sequences, length 8
# corresponding to MSA columns:
# 147-154
name=unknown_B
#
# <colnr> <probs for GDERKNQSTAVLIFYWHMCP>
#	G	D	E	R	K	N	Q	S	T	A	V	L	I	F	Y	W	H	M	C	P
0	0.16424	0.00951	0.01042	0.00899	0.01164	0.02949	0.02507	0.24866	0.03818	0.08197	0.11804	0.05225	0.03251	0.00789	0.00504	0.00164	0.00437	0.13942	0.00447	0.00621
1	0.01351	0.06410	0.25140	0.01524	0.05654	0.01186	0.26118	0.10917	0.01272	0.14055	0.01095	0.01224	0.00778	0.00476	0.00496	0.00152	0.00661	0.00454	0.00315	0.00723
2	0.01190	0.11717	0.46297	0.13850	0.02055	0.01149	0.01437	0.01607	0.01067	0.13728	0.01007	0.01133	0.00711	0.00480	0.00450	0.00148	0.00634	0.00378	0.00268	0.00694
3	0.01509	0.00915	0.05937	0.12377	0.01531	0.00817	0.03014	0.05425	0.06045	0.37355	0.17863	0.01949	0.01775	0.00654	0.00505	0.00153	0.00441	0.00556	0.00486	0.00693
4	0.00932	0.00675	0.00742	0.00649	0.00897	0.00607	0.00504	0.01272	0.13289	0.10980	0.03455	0.03281	0.45674	0.00927	0.00516	0.00148	0.00305	0.00769	0.00449	0.13931
5	0.86392	0.00937	0.00712	0.00637	0.00937	0.01087	0.00525	0.01425	0.00825	0.02174	0.00675	0.00787	0.00525	0.00450	0.00300	0.00150	0.00375	0.00262	0.00300	0.00525
6	0.01832	0.00920	0.01117	0.00874	0.01220	0.00884	0.00716	0.23173	0.01590	0.46539	0.02172	0.01985	0.13352	0.00693	0.00500	0.00151	0.00420	0.00557	0.00545	0.00760
7	0.01150	0.01922	0.55529	0.01155	0.01723	0.00955	0.01395	0.01601	0.01079	0.13930	0.01144	0.01244	0.00804	0.00499	0.00446	0.00147	0.00592	0.00393	0.13601	0.00692

[dist]
# distance from previous block
# <min> <max>
2	4

[block]
# block no. 2 follows, 52 sequences, length 10
# corresponding to MSA columns:
# 159-168
name=unknown_C
#
# <colnr> <probs for GDERKNQSTAVLIFYWHMCP>
#	G	D	E	R	K	N	Q	S	T	A	V	L	I	F	Y	W	H	M	C	P
0	0.19252	0.01976	0.50772	0.01330	0.01920	0.01134	0.13970	0.01514	0.01000	0.01674	0.00846	0.01019	0.00615	0.00450	0.00444	0.00154	0.00660	0.00372	0.00232	0.00665
1	0.68326	0.01027	0.00871	0.00739	0.01058	0.01176	0.00609	0.17858	0.01135	0.02362	0.00779	0.00868	0.00589	0.00478	0.00339	0.00149	0.00409	0.00300	0.00339	0.00589
2	0.00762	0.00588	0.00738	0.00711	0.00716	0.00674	0.00483	0.00798	0.00749	0.01037	0.01523	0.15673	0.01756	0.52148	0.01978	0.00370	0.17878	0.00754	0.00302	0.00360
3	0.02613	0.01529	0.30652	0.01286	0.01731	0.01019	0.17622	0.09128	0.04943	0.04253	0.02716	0.14581	0.01255	0.03735	0.00589	0.00174	0.00598	0.00612	0.00319	0.00643
4	0.27953	0.01072	0.01340	0.01092	0.01421	0.01182	0.16201	0.04434	0.36445	0.02011	0.01341	0.01367	0.01010	0.00540	0.00448	0.00159	0.00472	0.00460	0.00383	0.00670
5	0.00761	0.00559	0.00654	0.00592	0.00701	0.00518	0.00388	0.00831	0.00796	0.01113	0.01526	0.02654	0.05261	0.53407	0.09800	0.00401	0.00518	0.00612	0.00296	0.18612
6	0.00862	0.00790	0.01308	0.68583	0.02908	0.00965	0.01200	0.01146	0.00962	0.01238	0.01156	0.14551	0.01063	0.00653	0.00506	0.00167	0.00587	0.00585	0.00254	0.00515
7	0.01118	0.00927	0.01317	0.01369	0.18062	0.00884	0.06151	0.01551	0.14711	0.06768	0.01423	0.07837	0.01259	0.00627	0.00500	0.00140	0.01929	0.07016	0.00355	0.26056
8	0.01399	0.25572	0.03732	0.09096	0.01559	0.25155	0.00902	0.08168	0.03783	0.01439	0.00835	0.00968	0.00686	0.00461	0.00399	0.00117	0.00613	0.00324	0.00267	0.14523
9	0.59749	0.00948	0.00836	0.00734	0.01036	0.01075	0.00595	0.01764	0.17601	0.09971	0.01076	0.01092	0.00796	0.00509	0.00360	0.00153	0.00380	0.00346	0.00371	0.00607

[dist]
# distance from previous block
# <min> <max>
0	1

[block]
# block no. 3 follows, 52 sequences, length 38
# corresponding to MSA columns:
# 170-207
name=unknown_D
#
# <colnr> <probs for GDERKNQSTAVLIFYWHMCP>
#	G	D	E	R	K	N	Q	S	T	A	V	L	I	F	Y	W	H	M	C	P
0	0.01078	0.05936	0.01099	0.06665	0.01282	0.00785	0.00668	0.01390	0.08279	0.07705	0.01266	0.09554	0.01125	0.00563	0.00423	0.00112	0.00391	0.02559	0.00342	0.48777
1	0.00703	0.00530	0.00652	0.00721	0.00789	0.00536	0.00498	0.00997	0.13867	0.01353	0.02482	0.63033	0.02823	0.06428	0.00713	0.00209	0.00313	0.02456	0.00447	0.00450
2	0.01118	0.01081	0.01702	0.16033	0.48118	0.03534	0.01310	0.01363	0.01011	0.01412	0.00896	0.01308	0.00785	0.05626	0.00764	0.00176	0.12426	0.00444	0.00235	0.00658
3	0.00663	0.00483	0.00625	0.00622	0.00724	0.00445	0.00459	0.00857	0.01262	0.01751	0.57596	0.18399	0.09762	0.01116	0.00583	0.00164	0.00246	0.03293	0.00509	0.00442
4	0.01276	0.78249	0.07375	0.00863	0.01297	0.01868	0.00889	0.01456	0.00987	0.01165	0.00686	0.00793	0.00621	0.00417	0.00320	0.00107	0.00531	0.00265	0.00207	0.00628
5	0.00704	0.00620	0.05601	0.00658	0.00809	0.00499	0.00540	0.00953	0.01350	0.01918	0.74799	0.03459	0.04327	0.00958	0.00565	0.00152	0.00259	0.00844	0.00513	0.00473
6	0.01296	0.83261	0.02539	0.00829	0.01244	0.01917	0.00829	0.01451	0.00985	0.01140	0.00674	0.00777	0.00622	0.00415	0.00311	0.00104	0.00518	0.00259	0.00207	0.00622
7	0.00757	0.00564	0.00740	0.08197	0.00956	0.00625	0.00530	0.00944	0.06460	0.01109	0.01421	0.02473	0.01453	0.42763	0.28436	0.00522	0.00757	0.00606	0.00289	0.00397
8	0.00607	0.00422	0.00567	0.00672	0.00698	0.00395	0.00448	0.00672	0.00908	0.01211	0.02551	0.77332	0.03050	0.01529	0.00702	0.05814	0.00290	0.01315	0.00434	0.00382
9	0.01810	0.02310	0.01373	0.01248	0.01498	0.81024	0.00936	0.01935	0.01373	0.01186	0.00749	0.00874	0.00624	0.00499	0.00437	0.00125	0.00874	0.00312	0.00250	0.00562
10	0.01166	0.41681	0.39119	0.01107	0.01656	0.05078	0.01286	0.01512	0.01020	0.01328	0.00769	0.00897	0.00618	0.00440	0.00387	0.00128	0.00627	0.00308	0.00208	0.00664
11	0.01064	0.01028	0.01794	0.39455	0.38791	0.01122	0.07006	0.01376	0.01044	0.01421	0.00893	0.01250	0.00709	0.00455	0.00489	0.00153	0.00626	0.00441	0.00229	0.00653
12	0.00650	0.00464	0.00631	0.00743	0.00797	0.00445	0.00553	0.00778	0.00986	0.01304	0.02638	0.58539	0.03075	0.01462	0.00634	0.00205	0.00333	0.24904	0.00449	0.00410
13	0.01086	0.01195	0.02505	0.22127	0.02735	0.01188	0.58838	0.01473	0.01100	0.01473	0.00950	0.01303	0.00713	0.00428	0.00550	0.00163	0.00774	0.00536	0.00238	0.00625
14	0.01042	0.11592	0.47557	0.01289	0.07865	0.01115	0.01379	0.01481	0.03109	0.03670	0.01201	0.01309	0.06438	0.00508	0.00445	0.00140	0.00597	0.00403	0.00252	0.08608
15	0.35881	0.01008	0.08293	0.18002	0.01539	0.01005	0.00819	0.04608	0.06664	0.01878	0.01003	0.01182	0.00764	0.00498	0.00382	0.00147	0.00446	0.00368	0.14949	0.00563
16	0.34415	0.00653	0.00601	0.00575	0.00696	0.00710	0.00390	0.00987	0.00765	0.01440	0.01280	0.04367	0.02655	0.46934	0.01532	0.00331	0.00424	0.00554	0.00303	0.00389
17	0.00787	0.00526	0.00749	0.12964	0.01151	0.00527	0.00610	0.00917	0.00977	0.08581	0.02327	0.62820	0.02632	0.01277	0.00586	0.00187	0.00349	0.01152	0.00428	0.00456
18	0.01233	0.01222	0.02513	0.04919	0.09405	0.01175	0.58280	0.01595	0.01141	0.08844	0.01043	0.01319	0.00774	0.00448	0.00591	0.00162	0.03847	0.00541	0.00275	0.00671
19	0.00915	0.00861	0.01453	0.81804	0.03338	0.01077	0.01346	0.01238	0.00969	0.01238	0.00861	0.01292	0.00646	0.00484	0.00484	0.00161	0.00646	0.00431	0.00215	0.00538
20	0.00631	0.00491	0.00515	0.00523	0.00666	0.00430	0.00394	0.00764	0.01072	0.01350	0.05389	0.04336	0.59514	0.07122	0.00696	0.00186	0.00275	0.06880	0.08356	0.00408
21	0.00931	0.00877	0.01481	0.77545	0.07477	0.01081	0.01353	0.01252	0.00976	0.01257	0.00864	0.01287	0.00653	0.00482	0.00484	0.00161	0.00642	0.00431	0.00217	0.00551
22	0.00825	0.00721	0.01125	0.00997	0.01093	0.00867	0.07900	0.00990	0.00798	0.01160	0.01125	0.01742	0.01070	0.08878	0.47980	0.00559	0.20939	0.00515	0.00249	0.00466
23	0.02038	0.00951	0.01315	0.00997	0.01383	0.00884	0.06825	0.14888	0.01516	0.61307	0.01715	0.01542	0.01101	0.00582	0.00494	0.00150	0.00464	0.00486	0.00553	0.00811
24	0.00763	0.00546	0.00759	0.00859	0.00966	0.00541	0.00738	0.00979	0.01126	0.01477	0.08622	0.09492	0.02951	0.01321	0.00659	0.00216	0.00420	0.66668	0.00453	0.00444
25	0.01110	0.01044	0.01756	0.14672	0.60979	0.01077	0.01355	0.01377	0.01046	0.01471	0.00961	0.01397	0.00842	0.08108	0.00665	0.00177	0.00576	0.00457	0.00241	0.00689
26	0.01005	0.00861	0.01005	0.00718	0.01148	0.00646	0.00574	0.01220	0.01005	0.01579	0.00861	0.01005	0.00718	0.00359	0.00359	0.00072	0.00359	0.00287	0.00287	0.85932
27	0.01296	0.83261	0.02539	0.00829	0.01244	0.01917	0.00829	0.01451	0.00985	0.01140	0.00674	0.00777	0.00622	0.00415	0.00311	0.00104	0.00518	0.00259	0.00207	0.00622
28	0.00981	0.02442	0.76265	0.01417	0.02121	0.01131	0.05918	0.01536	0.01030	0.01536	0.00876	0.01038	0.00620	0.00458	0.00466	0.00154	0.00722	0.00370	0.00207	0.00713
29	0.02174	0.00825	0.01125	0.00862	0.01237	0.00712	0.00712	0.02362	0.01387	0.80282	0.01912	0.01649	0.01200	0.00600	0.00487	0.00150	0.00412	0.00487	0.00600	0.00825
30	0.00738	0.00544	0.00715	0.00695	0.00733	0.00618	0.00491	0.00824	0.00747	0.01059	0.01354	0.02431	0.01423	0.41354	0.33665	0.00559	0.08376	0.00597	0.02702	0.00376
31	0.86392	0.00937	0.00712	0.00637	0.00937	0.01087	0.00525	0.01425	0.00825	0.02174	0.00675	0.00787	0.00525	0.00450	0.00300	0.00150	0.00375	0.00262	0.00300	0.00525
32	0.00590	0.00422	0.00562	0.00675	0.00703	0.00394	0.00450	0.00675	0.00928	0.01237	0.02671	0.82653	0.03205	0.01518	0.00619	0.00197	0.00281	0.01378	0.00450	0.00394
33	0.00584	0.00491	0.00506	0.00503	0.00661	0.00414	0.00377	0.00717	0.01131	0.01371	0.12242	0.04561	0.72378	0.01204	0.00573	0.00163	0.00244	0.01008	0.00458	0.00414
34	0.00702	0.00479	0.00577	0.00577	0.00594	0.00496	0.00354	0.00736	0.00719	0.00976	0.01482	0.02925	0.01655	0.67534	0.17755	0.00530	0.00631	0.00669	0.00287	0.00321
35	0.01789	0.09036	0.01549	0.01098	0.01478	0.07331	0.00914	0.65625	0.02092	0.02740	0.01088	0.01107	0.00791	0.00560	0.00465	0.00140	0.00557	0.00411	0.00442	0.00786
36	0.00837	0.00423	0.00628	0.00628	0.00628	0.00423	0.00417	0.00634	0.00634	0.00845	0.00865	0.01531	0.00873	0.04473	0.01914	0.82969	0.00423	0.00431	0.00213	0.00213
37	0.01257	0.73612	0.11850	0.00895	0.01346	0.01823	0.00944	0.01461	0.00989	0.01187	0.00697	0.00807	0.00621	0.00420	0.00329	0.00110	0.00542	0.00271	0.00207	0.00633

[dist]
# distance from previous block
# <min> <max>
0	1

[block]
# block no. 4 follows, 52 sequences, length 20
# corresponding to MSA columns:
# 209-228
name=unknown_E
#
# <colnr> <probs for GDERKNQSTAVLIFYWHMCP>
#	G	D	E	R	K	N	Q	S	T	A	V	L	I	F	Y	W	H	M	C	P
0	0.00686	0.00495	0.00648	0.00610	0.00724	0.00457	0.00457	0.00914	0.01372	0.01943	0.79691	0.03620	0.04572	0.00991	0.00572	0.00152	0.00229	0.00876	0.00533	0.00457
1	0.00649	0.00481	0.00605	0.00601	0.00708	0.00437	0.00441	0.00833	0.01244	0.01704	0.52641	0.18309	0.17301	0.01128	0.00580	0.00163	0.00241	0.00994	0.00504	0.00437
2	0.02000	0.00796	0.01075	0.00843	0.01186	0.00698	0.00689	0.03790	0.01382	0.70089	0.06518	0.05804	0.01491	0.00668	0.00499	0.00152	0.00398	0.00554	0.00586	0.00781
3	0.05815	0.65160	0.07293	0.00899	0.01300	0.06932	0.00891	0.01475	0.00994	0.01224	0.00690	0.00811	0.00617	0.00442	0.00380	0.00115	0.03856	0.00276	0.00215	0.00615
4	0.01313	0.01067	0.01136	0.00995	0.01286	0.01218	0.00782	0.10777	0.67668	0.05240	0.01882	0.01732	0.01397	0.00647	0.00492	0.00162	0.00401	0.00533	0.00496	0.00776
5	0.04393	0.07186	0.01594	0.51808	0.02652	0.01176	0.06968	0.03333	0.01018	0.06550	0.00906	0.01234	0.00686	0.00515	0.00571	0.00160	0.07994	0.00425	0.00252	0.00578
6	0.07451	0.01022	0.01178	0.00919	0.01279	0.02215	0.00753	0.27234	0.03726	0.37829	0.05393	0.01486	0.01171	0.00590	0.00470	0.00144	0.00444	0.00462	0.00512	0.05722
7	0.00683	0.00491	0.00635	0.00708	0.00770	0.00474	0.00499	0.05225	0.01056	0.01417	0.09225	0.66237	0.03159	0.01407	0.00610	0.00192	0.00302	0.06024	0.00459	0.00427
8	0.01139	0.01117	0.01965	0.13000	0.53791	0.01159	0.11386	0.01435	0.01070	0.01507	0.00930	0.01301	0.00779	0.00478	0.00561	0.00154	0.05346	0.01940	0.00240	0.00703
9	0.00675	0.00522	0.00716	0.11232	0.01088	0.00537	0.00596	0.00872	0.05483	0.01294	0.02460	0.61871	0.05102	0.01318	0.00595	0.00190	0.00340	0.04251	0.00422	0.00437
10	0.05658	0.24580	0.11431	0.04289	0.12306	0.17560	0.05991	0.04873	0.01167	0.06646	0.00874	0.01011	0.00691	0.00463	0.00419	0.00133	0.00632	0.00354	0.00265	0.00657
11	0.01974	0.00859	0.01111	0.00872	0.01224	0.00792	0.00713	0.07585	0.07947	0.63389	0.05018	0.01777	0.03165	0.00634	0.00493	0.00151	0.00407	0.00517	0.00577	0.00796
12	0.00830	0.00421	0.00628	0.00633	0.00635	0.00420	0.00422	0.00633	0.00645	0.00859	0.00924	0.05115	0.00948	0.01676	0.01837	0.82055	0.00415	0.00464	0.00221	0.00219
13	0.01233	0.01356	0.07486	0.15722	0.35134	0.10498	0.08175	0.06360	0.01161	0.01538	0.00885	0.01163	0.00711	0.00486	0.00556	0.00152	0.06033	0.00425	0.00248	0.00679
14	0.01089	0.06584	0.02410	0.21674	0.05751	0.01215	0.49458	0.01448	0.01084	0.01443	0.00961	0.02864	0.00756	0.00450	0.00530	0.00159	0.00735	0.00527	0.00239	0.00623
15	0.00599	0.00428	0.00570	0.00669	0.00705	0.00399	0.00450	0.00696	0.00967	0.01299	0.09423	0.75724	0.03325	0.01472	0.00614	0.00193	0.00277	0.01334	0.00457	0.00399
16	0.02162	0.00844	0.01136	0.00871	0.01247	0.00741	0.00720	0.05100	0.01419	0.77498	0.01885	0.01632	0.01186	0.00599	0.00487	0.00150	0.00417	0.00485	0.00596	0.00825
17	0.01439	0.01173	0.10809	0.00996	0.01322	0.03452	0.02768	0.25114	0.04270	0.17631	0.01624	0.09622	0.04730	0.04793	0.03549	0.00193	0.02794	0.00576	0.02466	0.00679
18	0.01023	0.02262	0.70124	0.01301	0.01950	0.01051	0.01633	0.01531	0.01040	0.06537	0.01055	0.06453	0.00822	0.00539	0.00473	0.00156	0.00668	0.00434	0.00246	0.00702
19	0.00972	0.02507	0.80458	0.01381	0.02097	0.01125	0.01790	0.01535	0.01023	0.01535	0.00870	0.01023	0.00614	0.00460	0.00460	0.00153	0.00716	0.00358	0.00205	0.00716

[dist]
# distance from previous block
# <min> <max>
0	9

[block]
# block no. 5 follows, 52 sequences, length 7
# corresponding to MSA columns:
# 238-244
name=unknown_F
#
# <colnr> <probs for GDERKNQSTAVLIFYWHMCP>
#	G	D	E	R	K	N	Q	S	T	A	V	L	I	F	Y	W	H	M	C	P
0	0.75888	0.01108	0.00794	0.00713	0.01007	0.11014	0.00576	0.01488	0.00893	0.02052	0.00684	0.00798	0.00537	0.00456	0.00317	0.00147	0.00437	0.00269	0.00294	0.00529
1	0.01056	0.01002	0.01568	0.09199	0.44506	0.04747	0.04252	0.01305	0.01081	0.01463	0.01376	0.14145	0.01371	0.00717	0.00527	0.00163	0.00545	0.10045	0.00296	0.00636
2	0.01128	0.20114	0.27001	0.03467	0.05571	0.03214	0.01121	0.05916	0.04159	0.01539	0.01037	0.01155	0.03718	0.00473	0.00413	0.00124	0.00549	0.00363	0.00263	0.18675
3	0.00617	0.00477	0.00551	0.00583	0.00688	0.00427	0.00422	0.00738	0.01054	0.01338	0.12253	0.24453	0.39106	0.08719	0.00764	0.00203	0.00287	0.06474	0.00445	0.00403
4	0.04357	0.04210	0.05683	0.00798	0.01204	0.00817	0.00683	0.08147	0.03215	0.03402	0.03993	0.04040	0.00976	0.00469	0.00395	0.00099	0.00396	0.00375	0.00325	0.56417
5	0.04425	0.09537	0.23788	0.03008	0.07103	0.05963	0.02486	0.23313	0.04231	0.06526	0.02974	0.01173	0.00850	0.00516	0.00453	0.00143	0.00585	0.00401	0.00336	0.02187
6	0.08914	0.33884	0.15278	0.00876	0.01252	0.05340	0.00878	0.01459	0.01020	0.07486	0.01034	0.04634	0.00871	0.00651	0.03877	0.00156	0.00537	0.00381	0.10872	0.00603

[dist]
# distance from previous block
# <min> <max>
2	7

[block]
# block no. 6 follows, 52 sequences, length 11
# corresponding to MSA columns:
# 252-262
name=unknown_G
#
# <colnr> <probs for GDERKNQSTAVLIFYWHMCP>
#	G	D	E	R	K	N	Q	S	T	A	V	L	I	F	Y	W	H	M	C	P
0	0.00650	0.00492	0.00660	0.00715	0.00756	0.00510	0.00504	0.00754	0.00933	0.01271	0.08971	0.56242	0.05247	0.05052	0.08083	0.00258	0.06937	0.01141	0.00414	0.00410
1	0.01095	0.13516	0.01266	0.00906	0.01099	0.05679	0.02176	0.12805	0.01100	0.01510	0.01103	0.01445	0.00960	0.01796	0.32767	0.00395	0.09749	0.00438	0.09651	0.00545
2	0.08311	0.00882	0.02676	0.00839	0.01103	0.05480	0.00689	0.04910	0.08062	0.28679	0.09141	0.07505	0.08049	0.00824	0.00516	0.00164	0.00412	0.10642	0.00484	0.00634
3	0.26050	0.09934	0.01260	0.13302	0.03415	0.01166	0.00808	0.11509	0.09172	0.10681	0.01058	0.01141	0.00787	0.00499	0.00403	0.00141	0.00461	0.00371	0.00352	0.07491
4	0.04072	0.00803	0.01006	0.00769	0.01134	0.00668	0.00624	0.01758	0.01218	0.41731	0.05141	0.01696	0.06620	0.00573	0.00447	0.00124	0.00373	0.00466	0.00469	0.30310
5	0.01263	0.45148	0.22057	0.01141	0.06129	0.07111	0.01119	0.06289	0.01104	0.01388	0.00789	0.00924	0.00656	0.00524	0.02397	0.00140	0.00617	0.00316	0.00230	0.00658
6	0.01030	0.01041	0.01585	0.29928	0.02134	0.04613	0.09744	0.01251	0.00896	0.01234	0.00794	0.01207	0.00681	0.00803	0.05250	0.00215	0.36386	0.00443	0.00221	0.00543
7	0.01101	0.00585	0.00773	0.00680	0.00866	0.00525	0.00526	0.01306	0.01342	0.24235	0.50363	0.07324	0.06569	0.00917	0.00550	0.00155	0.00285	0.00798	0.00545	0.00557
8	0.00747	0.00478	0.00616	0.00675	0.00759	0.00437	0.00479	0.00852	0.01001	0.08441	0.02886	0.57331	0.13888	0.03439	0.00650	0.00196	0.00303	0.05927	0.00459	0.00436
9	0.01124	0.04603	0.13112	0.16805	0.04554	0.05595	0.04928	0.03600	0.14349	0.01465	0.00990	0.01226	0.00792	0.00610	0.00794	0.00170	0.23954	0.00432	0.00271	0.00627
10	0.01173	0.08691	0.06909	0.07119	0.51720	0.01225	0.07540	0.01553	0.06502	0.01548	0.00964	0.01206	0.00784	0.00449	0.00472	0.00145	0.00589	0.00431	0.00251	0.00728

[dist]
# distance from previous block
# <min> <max>
7	10

[block]
# block no. 7 follows, 52 sequences, length 21
# corresponding to MSA columns:
# 273-290,293-295
name=unknown_H
#
# <colnr> <probs for GDERKNQSTAVLIFYWHMCP>
#	G	D	E	R	K	N	Q	S	T	A	V	L	I	F	Y	W	H	M	C	P
0	0.13983	0.16339	0.06077	0.00906	0.01256	0.05793	0.00801	0.23353	0.02850	0.10288	0.08652	0.01394	0.02589	0.00573	0.00427	0.00139	0.00478	0.00427	0.03008	0.00666
1	0.01072	0.18576	0.32461	0.17607	0.14458	0.01288	0.05167	0.01452	0.01023	0.01403	0.00840	0.01068	0.00652	0.00449	0.00443	0.00144	0.00644	0.00374	0.00215	0.00666
2	0.00964	0.00611	0.00871	0.04559	0.01063	0.00572	0.05089	0.01159	0.02415	0.15678	0.14551	0.27342	0.13835	0.01085	0.00575	0.00175	0.00357	0.08115	0.00467	0.00516
3	0.01202	0.27266	0.24515	0.01279	0.03933	0.05649	0.15059	0.01536	0.02487	0.05149	0.04052	0.01157	0.00853	0.00509	0.00486	0.02942	0.00627	0.00398	0.00254	0.00648
4	0.01065	0.01015	0.08134	0.55635	0.10245	0.01034	0.01291	0.01398	0.02247	0.08865	0.01008	0.01367	0.00759	0.03306	0.00550	0.00169	0.00613	0.00441	0.00261	0.00598
5	0.00597	0.00426	0.00570	0.00682	0.00713	0.00399	0.00461	0.00686	0.00934	0.01244	0.02667	0.79972	0.03191	0.01512	0.00620	0.00198	0.00287	0.03993	0.00450	0.00395
6	0.01376	0.01091	0.03526	0.02123	0.47422	0.03284	0.01194	0.01718	0.06804	0.17976	0.04996	0.01578	0.01148	0.00542	0.00491	0.00149	0.00519	0.02962	0.00353	0.00747
7	0.01202	0.00871	0.01130	0.08793	0.07003	0.03479	0.03422	0.15835	0.05600	0.10442	0.05352	0.21959	0.01701	0.00927	0.00649	0.07436	0.00457	0.02747	0.00408	0.00588
8	0.00918	0.00876	0.01528	0.64868	0.05389	0.01035	0.08630	0.01228	0.00986	0.01279	0.01028	0.08191	0.00875	0.00563	0.00504	0.00164	0.00629	0.00525	0.00239	0.00544
9	0.00685	0.00454	0.00591	0.00658	0.00711	0.00422	0.00445	0.00779	0.00969	0.05032	0.09105	0.61891	0.05021	0.09847	0.00798	0.00218	0.00302	0.01214	0.00448	0.00410
10	0.01732	0.01067	0.01212	0.00954	0.01297	0.01108	0.00779	0.43710	0.03326	0.24543	0.01867	0.04970	0.09803	0.00698	0.00501	0.00151	0.00454	0.00556	0.00512	0.00760
11	0.01229	0.01518	0.22937	0.01522	0.01999	0.01145	0.32981	0.08121	0.04339	0.09218	0.03631	0.02889	0.00950	0.00527	0.00575	0.00161	0.04748	0.00512	0.00310	0.00688
12	0.00623	0.00614	0.07328	0.00698	0.00813	0.00461	0.00548	0.00760	0.00985	0.01300	0.05570	0.58264	0.17528	0.01355	0.00595	0.00185	0.00309	0.01207	0.00432	0.00426
13	0.00692	0.00519	0.00779	0.00779	0.00865	0.00606	0.00606	0.00865	0.00779	0.01125	0.01298	0.01904	0.01211	0.03634	0.81049	0.00779	0.01298	0.00519	0.00260	0.00433
14	0.08132	0.00678	0.00874	0.00811	0.00947	0.00774	0.02267	0.08929	0.00987	0.01522	0.01345	0.09378	0.01257	0.02189	0.40542	0.00466	0.06625	0.00557	0.11227	0.00491
15	0.03869	0.28623	0.29073	0.09382	0.01836	0.03800	0.06358	0.01566	0.01052	0.08923	0.00902	0.01037	0.00682	0.00459	0.00418	0.00137	0.00616	0.00355	0.00251	0.00663
16	0.02963	0.01854	0.10844	0.08962	0.04544	0.44913	0.01045	0.05077	0.01263	0.03884	0.00995	0.07919	0.00875	0.00590	0.00485	0.00142	0.02337	0.00436	0.00279	0.00590
17	0.00611	0.00437	0.00579	0.00668	0.00710	0.00408	0.00456	0.00718	0.00992	0.01338	0.13687	0.67908	0.03363	0.03009	0.00649	0.00196	0.00281	0.03131	0.00459	0.00402
18	0.04260	0.00728	0.08304	0.00754	0.00907	0.00582	0.00607	0.03485	0.01005	0.07648	0.04172	0.46678	0.05241	0.10269	0.00788	0.00212	0.01474	0.01007	0.00413	0.01466
19	0.01292	0.10219	0.04146	0.12975	0.39369	0.05855	0.02134	0.04346	0.01149	0.09036	0.01044	0.04450	0.00863	0.00507	0.00466	0.00144	0.00575	0.00448	0.00284	0.00698
20	0.00724	0.00531	0.00653	0.00685	0.00777	0.00512	0.00487	0.08150	0.01149	0.01533	0.15222	0.53022	0.12100	0.01310	0.00593	0.00181	0.00293	0.01165	0.00467	0.00447

[dist]
# distance from previous block
# <min> <max>
0	1

[block]
# block no. 8 follows, 52 sequences, length 86
# corresponding to MSA columns:
# 297-327,336-350,353-360,362-369,397-420
name=unknown_I
#
# <colnr> <probs for GDERKNQSTAVLIFYWHMCP>
#	G	D	E	R	K	N	Q	S	T	A	V	L	I	F	Y	W	H	M	C	P
0	0.01374	0.01410	0.22415	0.04731	0.15903	0.01045	0.08281	0.01902	0.14175	0.21796	0.01338	0.01383	0.00949	0.00520	0.00487	0.00154	0.00564	0.00459	0.00365	0.00749
1	0.01036	0.00860	0.01008	0.00722	0.01151	0.00648	0.00578	0.01251	0.01015	0.03670	0.00889	0.01022	0.00731	0.00365	0.00362	0.00074	0.00360	0.00292	0.00295	0.83671
2	0.00759	0.00619	0.00907	0.08343	0.05804	0.00613	0.04296	0.00983	0.02270	0.01481	0.16183	0.16256	0.15725	0.01102	0.00593	0.00183	0.00390	0.22595	0.00421	0.00475
3	0.01147	0.16422	0.43812	0.01250	0.06219	0.02258	0.01346	0.01537	0.01045	0.07216	0.00906	0.01032	0.00680	0.00456	0.00446	0.00134	0.02162	0.00346	0.00247	0.11338
4	0.86392	0.00937	0.00712	0.00637	0.00937	0.01087	0.00525	0.01425	0.00825	0.02174	0.00675	0.00787	0.00525	0.00450	0.00300	0.00150	0.00375	0.00262	0.00300	0.00525
5	0.00804	0.00484	0.00647	0.00687	0.00773	0.00444	0.00484	0.00925	0.01058	0.11217	0.15230	0.59560	0.03180	0.01317	0.00594	0.00184	0.00289	0.01184	0.00482	0.00458
6	0.01301	0.01104	0.08151	0.27329	0.30875	0.01032	0.02597	0.01603	0.01116	0.18511	0.01110	0.01313	0.00809	0.00487	0.00483	0.00152	0.00578	0.00440	0.00307	0.00701
7	0.01198	0.19451	0.51514	0.01187	0.01782	0.01245	0.01420	0.01652	0.03469	0.11292	0.00992	0.01073	0.00715	0.00474	0.00433	0.00143	0.00626	0.00359	0.00263	0.00711
8	0.00842	0.00421	0.00631	0.00631	0.00631	0.00421	0.00421	0.00631	0.00631	0.00842	0.00842	0.01473	0.00842	0.01684	0.01894	0.85901	0.00421	0.00421	0.00210	0.00210
9	0.00594	0.00425	0.00567	0.00679	0.00709	0.00397	0.00457	0.00682	0.00932	0.01241	0.02669	0.81063	0.03197	0.01515	0.00620	0.00197	0.00285	0.02929	0.00450	0.00395
10	0.05343	0.45367	0.09555	0.01046	0.01483	0.01496	0.11580	0.02860	0.01091	0.13305	0.02192	0.01058	0.00786	0.00460	0.00394	0.00127	0.00551	0.00359	0.00286	0.00662
11	0.01843	0.00747	0.01014	0.00813	0.01124	0.00651	0.00656	0.02026	0.01343	0.63253	0.11687	0.09328	0.01805	0.00733	0.00510	0.00155	0.00377	0.00618	0.00578	0.00739
12	0.00860	0.00528	0.00700	0.00677	0.00808	0.00485	0.00515	0.01054	0.01261	0.11527	0.46831	0.18420	0.05341	0.01078	0.00579	0.00167	0.00282	0.07881	0.00516	0.00489
13	0.01509	0.02776	0.01395	0.05818	0.01499	0.01165	0.06708	0.31765	0.05183	0.15362	0.01277	0.01399	0.00948	0.01030	0.12326	0.00245	0.06359	0.00468	0.02063	0.00703
14	0.01216	0.01099	0.01276	0.13593	0.10323	0.04914	0.00950	0.05514	0.51514	0.01863	0.01593	0.01590	0.01205	0.00595	0.00487	0.00159	0.00474	0.00501	0.00411	0.00725
15	0.01904	0.00884	0.01167	0.00927	0.01241	0.00873	0.00762	0.04581	0.08462	0.59132	0.03400	0.01617	0.01215	0.00644	0.00627	0.00159	0.10601	0.00492	0.00537	0.00775
16	0.29846	0.00897	0.01203	0.52023	0.02469	0.01092	0.01058	0.02293	0.00933	0.01577	0.00799	0.01116	0.00607	0.00480	0.00440	0.00158	0.01851	0.00374	0.00247	0.00537
17	0.00613	0.00503	0.00541	0.00529	0.00684	0.00437	0.00398	0.00786	0.02781	0.01474	0.22591	0.04357	0.60294	0.01159	0.00571	0.00161	0.00244	0.00978	0.00471	0.00428
18	0.01005	0.00861	0.01005	0.00718	0.01148	0.00646	0.00574	0.01220	0.01005	0.01579	0.00861	0.01005	0.00718	0.00359	0.00359	0.00072	0.00359	0.00287	0.00287	0.85932
19	0.00910	0.00464	0.00465	0.00463	0.00579	0.00468	0.00348	0.01160	0.02687	0.01811	0.01589	0.01807	0.01247	0.00567	0.00342	0.00114	0.00229	0.00454	0.83836	0.00458
20	0.02174	0.00825	0.01125	0.00862	0.01237	0.00712	0.00712	0.02362	0.01387	0.80282	0.01912	0.01649	0.01200	0.00600	0.00487	0.00150	0.00412	0.00487	0.00600	0.00825
21	0.00655	0.00477	0.00617	0.00617	0.00714	0.00439	0.00449	0.00842	0.01248	0.01732	0.56221	0.22599	0.09314	0.01133	0.00583	0.00164	0.00242	0.01006	0.00508	0.00439
22	0.00928	0.00582	0.00747	0.00673	0.00835	0.00550	0.00516	0.01239	0.07386	0.12566	0.63137	0.03213	0.03876	0.00912	0.00554	0.00153	0.00266	0.00798	0.00539	0.00531
23	0.01704	0.01289	0.01377	0.01087	0.01450	0.01438	0.00888	0.61926	0.18908	0.02832	0.01339	0.01303	0.00966	0.00598	0.00487	0.00150	0.00501	0.00460	0.00487	0.00812
24	0.02961	0.01127	0.01143	0.00943	0.01220	0.07370	0.00749	0.38715	0.10857	0.05924	0.01268	0.01357	0.00956	0.00718	0.00636	0.10843	0.00479	0.00439	0.11630	0.00666
25	0.00616	0.00441	0.00587	0.00695	0.00735	0.00416	0.00486	0.00716	0.00949	0.01258	0.02675	0.70180	0.04499	0.03139	0.00661	0.00205	0.00305	0.10592	0.00446	0.00398
26	0.02637	0.66607	0.13581	0.00918	0.01373	0.01772	0.00966	0.05039	0.01048	0.01302	0.00724	0.00831	0.00629	0.00429	0.00340	0.00113	0.00545	0.00282	0.00221	0.00643
27	0.00916	0.01058	0.11295	0.70219	0.03133	0.01070	0.01384	0.01264	0.00975	0.01275	0.00897	0.02812	0.00691	0.00501	0.00484	0.00161	0.00648	0.00440	0.00218	0.00558
28	0.01128	0.00961	0.01447	0.32443	0.17753	0.01089	0.02337	0.10918	0.02456	0.05238	0.02507	0.03289	0.07582	0.00619	0.00598	0.00161	0.08030	0.00515	0.00306	0.00623
29	0.01334	0.04372	0.01099	0.00959	0.02476	0.27413	0.00729	0.07097	0.16210	0.01654	0.02625	0.01475	0.02683	0.00686	0.03159	0.00156	0.02887	0.00436	0.21964	0.00587
30	0.00961	0.00612	0.00814	0.00852	0.00999	0.00607	0.00707	0.01264	0.08287	0.11331	0.06033	0.16094	0.02616	0.01195	0.00618	0.00201	0.00401	0.45419	0.00474	0.00516
31	0.08720	0.00583	0.00703	0.00664	0.00818	0.00562	0.00504	0.01099	0.02299	0.11503	0.34626	0.18166	0.12985	0.01020	0.00567	0.00164	0.01969	0.02066	0.00485	0.00497
32	0.04905	0.06992	0.46987	0.11347	0.04827	0.04874	0.01452	0.02529	0.01076	0.09249	0.00950	0.01094	0.00681	0.00476	0.00450	0.00149	0.00650	0.00371	0.00256	0.00686
33	0.01502	0.00729	0.00943	0.00813	0.01064	0.00682	0.00642	0.05718	0.06889	0.40626	0.10012	0.19604	0.03344	0.00886	0.00534	0.00165	0.00368	0.04274	0.00537	0.00665
34	0.00590	0.00422	0.00562	0.00675	0.00703	0.00394	0.00450	0.00675	0.00928	0.01237	0.02671	0.82653	0.03205	0.01518	0.00619	0.00197	0.00281	0.01378	0.00450	0.00394
35	0.01087	0.25548	0.39749	0.04035	0.03455	0.02775	0.08486	0.01469	0.01031	0.01404	0.02940	0.02395	0.00780	0.00483	0.00460	0.00142	0.02493	0.00384	0.00224	0.00659
36	0.02498	0.00933	0.01493	0.52015	0.11447	0.02352	0.03962	0.01483	0.01062	0.14840	0.01042	0.01324	0.00755	0.00503	0.00507	0.00158	0.02281	0.00441	0.00287	0.00617
37	0.00759	0.00512	0.00714	0.00803	0.00882	0.00507	0.00656	0.00882	0.00998	0.01303	0.02303	0.15779	0.03722	0.03003	0.00905	0.14900	0.00416	0.50158	0.00403	0.00395
38	0.70670	0.02287	0.03060	0.00806	0.05071	0.01083	0.00635	0.02730	0.00912	0.07947	0.00792	0.00885	0.00596	0.00462	0.00331	0.00149	0.00402	0.00293	0.00318	0.00571
39	0.00589	0.00425	0.00559	0.00665	0.00700	0.00394	0.00446	0.00676	0.00937	0.01241	0.02787	0.78602	0.07182	0.01503	0.00616	0.00195	0.00279	0.01359	0.00450	0.00394
40	0.01195	0.04325	0.02543	0.15623	0.19337	0.03834	0.05634	0.13110	0.13984	0.01749	0.01322	0.05522	0.01138	0.00676	0.01822	0.00169	0.00562	0.06448	0.00339	0.00667
41	0.01267	0.01201	0.03053	0.02397	0.54541	0.02501	0.01333	0.11071	0.03444	0.01715	0.00932	0.01185	0.00772	0.00516	0.00633	0.00154	0.11842	0.00432	0.00273	0.00738
42	0.00878	0.00554	0.00806	0.00774	0.00891	0.00611	0.00600	0.01042	0.00850	0.10991	0.01389	0.01951	0.01244	0.08216	0.66083	0.00681	0.01136	0.00527	0.00304	0.00473
43	0.00705	0.00470	0.00529	0.00529	0.00529	0.00470	0.00294	0.00705	0.00705	0.00940	0.01527	0.03171	0.01762	0.82969	0.02467	0.00470	0.00470	0.00705	0.00294	0.00294
44	0.01153	0.01259	0.02574	0.03042	0.11626	0.01213	0.61018	0.01635	0.08287	0.01596	0.01062	0.01340	0.00806	0.00435	0.00553	0.00161	0.00746	0.00551	0.00267	0.00676
45	0.03667	0.00788	0.01048	0.00816	0.01162	0.00692	0.00671	0.02209	0.01342	0.70415	0.03002	0.01676	0.01240	0.00599	0.00471	0.00147	0.00392	0.00485	0.08398	0.00779
46	0.00627	0.00492	0.00563	0.00561	0.00689	0.00437	0.00412	0.00796	0.02215	0.01522	0.30731	0.12881	0.41431	0.03691	0.00635	0.00173	0.00252	0.00995	0.00475	0.00426
47	0.00666	0.00495	0.00621	0.00589	0.00712	0.00449	0.00442	0.00877	0.01326	0.01834	0.66795	0.03800	0.17537	0.01032	0.00572	0.00154	0.00232	0.00902	0.00519	0.00449
48	0.12027	0.01099	0.01138	0.00970	0.01279	0.01248	0.00773	0.21261	0.47579	0.04954	0.01607	0.01515	0.01188	0.00611	0.00467	0.00157	0.00421	0.00482	0.00471	0.00753
49	0.01310	0.10479	0.49736	0.01242	0.03562	0.04835	0.01411	0.01723	0.01116	0.18531	0.01070	0.01130	0.00746	0.00487	0.00450	0.00146	0.00634	0.00375	0.00293	0.00724
50	0.00995	0.09711	0.63450	0.11366	0.02174	0.01192	0.01647	0.01490	0.01013	0.01461	0.00851	0.01034	0.00619	0.00459	0.00450	0.00150	0.00689	0.00358	0.00206	0.00685
51	0.01231	0.72941	0.02320	0.00837	0.01214	0.01748	0.00823	0.01395	0.01001	0.01179	0.00910	0.01362	0.00892	0.00530	0.00356	0.00119	0.00509	0.09796	0.00237	0.00600
52	0.71097	0.15734	0.01041	0.00672	0.00992	0.01236	0.00580	0.01429	0.00853	0.01988	0.00675	0.00785	0.00542	0.00444	0.00302	0.00142	0.00401	0.00262	0.00283	0.00542
53	0.00955	0.00591	0.00824	0.00889	0.01033	0.00577	0.00772	0.01173	0.01149	0.11287	0.02484	0.04990	0.02591	0.01246	0.00647	0.00214	0.00442	0.67176	0.00465	0.00493
54	0.01019	0.14173	0.69202	0.01301	0.01974	0.01240	0.01652	0.01523	0.01018	0.01478	0.00841	0.00988	0.00615	0.00454	0.00439	0.00146	0.00688	0.00344	0.00205	0.00703
55	0.01725	0.01256	0.01356	0.01071	0.01434	0.01389	0.00875	0.57181	0.18852	0.07655	0.01385	0.01333	0.00989	0.00599	0.00487	0.00150	0.00493	0.00464	0.00494	0.00812
56	0.00681	0.00611	0.00834	0.00744	0.00942	0.00544	0.10136	0.00877	0.02721	0.01369	0.04053	0.05493	0.58211	0.01131	0.00583	0.00171	0.00343	0.09680	0.00425	0.00451
57	0.02128	0.00898	0.01170	0.00897	0.01274	0.00822	0.00741	0.12866	0.01510	0.69603	0.01808	0.01582	0.01148	0.00597	0.00487	0.00149	0.00429	0.00480	0.00584	0.00825
58	0.01091	0.01327	0.11546	0.01403	0.01578	0.04503	0.13012	0.01302	0.00864	0.01272	0.00723	0.01086	0.00648	0.00719	0.01248	0.00194	0.56258	0.00434	0.00218	0.00574
59	0.00924	0.00865	0.01456	0.75686	0.06785	0.01064	0.01335	0.01242	0.00980	0.01261	0.00916	0.01417	0.00718	0.00508	0.00490	0.00163	0.00637	0.02784	0.00224	0.00546
60	0.00686	0.00467	0.00557	0.00574	0.00587	0.00470	0.00347	0.00715	0.00746	0.01003	0.01685	0.15499	0.01937	0.62937	0.09388	0.00455	0.00516	0.00793	0.00315	0.00322
61	0.00590	0.00422	0.00562	0.00675	0.00703	0.00394	0.00450	0.00675	0.00928	0.01237	0.02671	0.82653	0.03205	0.01518	0.00619	0.00197	0.00281	0.01378	0.00450	0.00394
62	0.01725	0.01244	0.01329	0.01032	0.01386	0.01372	0.00848	0.68697	0.02121	0.02898	0.01216	0.01244	0.00876	0.00580	0.00467	0.00141	0.00495	0.00438	0.11113	0.00778
63	0.02174	0.00825	0.01125	0.00862	0.01237	0.00712	0.00712	0.02362	0.01387	0.80282	0.01912	0.01649	0.01200	0.00600	0.00487	0.00150	0.00412	0.00487	0.00600	0.00825
64	0.02158	0.00850	0.01140	0.00874	0.01250	0.00750	0.00722	0.05986	0.01430	0.76598	0.01876	0.01626	0.01182	0.00599	0.00487	0.00150	0.00418	0.00485	0.00594	0.00825
65	0.00703	0.00491	0.00615	0.00628	0.00738	0.00459	0.00483	0.00901	0.01201	0.01686	0.39291	0.13091	0.12968	0.01085	0.00564	0.00165	0.00272	0.13096	0.11122	0.00441
66	0.01321	0.01111	0.01862	0.02711	0.70124	0.01097	0.01391	0.01596	0.01139	0.11404	0.01036	0.01256	0.00822	0.00453	0.00481	0.00145	0.00555	0.00439	0.00285	0.00775
67	0.00594	0.00425	0.00567	0.00679	0.00709	0.00397	0.00457	0.00682	0.00932	0.01241	0.02669	0.81063	0.03197	0.01515	0.00620	0.00197	0.00285	0.02929	0.00450	0.00395
68	0.09057	0.65424	0.02236	0.10916	0.01477	0.01736	0.00866	0.01422	0.00968	0.01247	0.00697	0.00842	0.00616	0.00427	0.00332	0.00115	0.00521	0.00281	0.00217	0.00603
69	0.00915	0.00861	0.01453	0.81804	0.03338	0.01077	0.01346	0.01238	0.00969	0.01238	0.00861	0.01292	0.00646	0.00484	0.00484	0.00161	0.00646	0.00431	0.00215	0.00538
70	0.01187	0.01051	0.01644	0.02211	0.53045	0.00982	0.01182	0.01449	0.01088	0.05243	0.00943	0.01163	0.00773	0.00418	0.00444	0.00123	0.00504	0.00392	0.00271	0.25888
71	0.01005	0.00861	0.01005	0.00718	0.01148	0.00646	0.00574	0.01220	0.01005	0.01579	0.00861	0.01005	0.00718	0.00359	0.00359	0.00072	0.00359	0.00287	0.00287	0.85932
72	0.01719	0.01591	0.11268	0.01144	0.01545	0.12396	0.01010	0.53341	0.01926	0.05831	0.01109	0.01169	0.00806	0.02283	0.00517	0.00151	0.00597	0.00417	0.00418	0.00763
73	0.01182	0.01129	0.01942	0.12605	0.58341	0.01156	0.08470	0.05028	0.01145	0.01604	0.00950	0.01289	0.00785	0.00458	0.00492	0.00149	0.00603	0.01693	0.00252	0.00726
74	0.00903	0.00452	0.00452	0.00452	0.00565	0.00452	0.00339	0.01129	0.01016	0.01807	0.01581	0.01807	0.01242	0.00565	0.00339	0.00113	0.00226	0.00452	0.85659	0.00452
75	0.00674	0.00495	0.00632	0.00598	0.00717	0.00452	0.00448	0.00892	0.01344	0.01878	0.72037	0.03727	0.12267	0.01015	0.00572	0.00154	0.00230	0.00891	0.00525	0.00452
76	0.00872	0.00536	0.00707	0.00641	0.00788	0.00489	0.00489	0.01095	0.01374	0.11719	0.69985	0.03374	0.04152	0.00942	0.00561	0.00152	0.00252	0.00828	0.00542	0.00503
77	0.00705	0.00470	0.00529	0.00529	0.00529	0.00470	0.00294	0.00705	0.00705	0.00940	0.01527	0.03171	0.01762	0.82969	0.02467	0.00470	0.00470	0.00705	0.00294	0.00294
78	0.01191	0.02209	0.63320	0.01300	0.01944	0.01135	0.01583	0.11194	0.01213	0.08950	0.01002	0.01098	0.00694	0.00488	0.00466	0.00152	0.00665	0.00380	0.00276	0.00740
79	0.01486	0.65409	0.02233	0.00836	0.01242	0.01657	0.00804	0.01648	0.01072	0.18278	0.00942	0.00966	0.00747	0.00455	0.00349	0.00114	0.00495	0.00309	0.00292	0.00666
80	0.01213	0.61439	0.04179	0.00771	0.01125	0.03237	0.00751	0.01394	0.01001	0.01296	0.00877	0.01009	0.00756	0.00450	0.00324	0.00107	0.00468	0.00305	0.18713	0.00586
81	0.00995	0.00851	0.00995	0.00717	0.01138	0.00640	0.00571	0.01208	0.01003	0.01571	0.00902	0.02859	0.00774	0.00385	0.00365	0.00075	0.00357	0.00312	0.00291	0.83990
82	0.11590	0.00871	0.01320	0.64235	0.02837	0.01038	0.01173	0.01260	0.00954	0.01386	0.00838	0.01203	0.00637	0.00469	0.00450	0.00152	0.00586	0.00396	0.00232	0.08372
83	0.65605	0.00885	0.00759	0.00661	0.00960	0.00977	0.00542	0.02380	0.00947	0.13173	0.01244	0.01269	0.07894	0.00544	0.00354	0.00151	0.00370	0.00366	0.00358	0.00560
84	0.00661	0.00545	0.00643	0.00609	0.00738	0.00526	0.00466	0.00824	0.01175	0.01542	0.33486	0.03929	0.43368	0.01101	0.00666	0.00164	0.07748	0.00911	0.00460	0.00439
85	0.01293	0.01001	0.01091	0.00948	0.01247	0.01100	0.00743	0.02427	0.63392	0.10564	0.01864	0.01717	0.01379	0.00624	0.00480	0.00154	0.00384	0.00517	0.00486	0.08588

[dist]
# distance from previous block
# <min> <max>
0	1

[block]
# block no. 9 follows, 52 sequences, length 59
# corresponding to MSA columns:
# 422-431,434-482
name=unknown_J
#
# <colnr> <probs for GDERKNQSTAVLIFYWHMCP>
#	G	D	E	R	K	N	Q	S	T	A	V	L	I	F	Y	W	H	M	C	P
0	0.01888	0.00833	0.01199	0.19265	0.01715	0.00795	0.00856	0.02106	0.01292	0.62311	0.01673	0.01568	0.01074	0.00574	0.00487	0.00153	0.00465	0.00474	0.00512	0.00760
1	0.01027	0.01015	0.01477	0.19582	0.01742	0.01392	0.01125	0.01183	0.00794	0.01183	0.00687	0.01113	0.00638	0.00765	0.01339	0.00201	0.63567	0.00426	0.00213	0.00532
2	0.01893	0.01972	0.01317	0.01161	0.01439	0.62764	0.00885	0.02032	0.01376	0.19169	0.01013	0.01050	0.00755	0.00522	0.00448	0.00131	0.00769	0.00352	0.00329	0.00622
3	0.01192	0.00536	0.00605	0.00545	0.00717	0.00511	0.00424	0.01409	0.01101	0.19649	0.01656	0.01771	0.01232	0.00573	0.00373	0.00121	0.00268	0.00460	0.66321	0.00536
4	0.01218	0.01029	0.01108	0.00937	0.01257	0.01105	0.00737	0.09184	0.54310	0.02019	0.01646	0.01567	0.01246	0.00583	0.00462	0.00142	0.00392	0.00478	0.00446	0.20135
5	0.00759	0.00544	0.00751	0.00828	0.00940	0.00535	0.00707	0.00984	0.01174	0.01562	0.20101	0.05047	0.03194	0.01260	0.00647	0.00207	0.00397	0.59449	0.00466	0.00449
6	0.00843	0.00656	0.00983	0.08528	0.10608	0.00676	0.00917	0.01083	0.01101	0.01447	0.02213	0.04578	0.02353	0.01153	0.00630	0.00208	0.00480	0.60651	0.00401	0.00493
7	0.01901	0.01207	0.19162	0.00980	0.01433	0.00806	0.00957	0.02174	0.01304	0.62378	0.01675	0.01507	0.01066	0.00568	0.00481	0.00151	0.00481	0.00458	0.00510	0.00800
8	0.00846	0.00533	0.00688	0.00628	0.00776	0.00482	0.00478	0.01060	0.01350	0.10848	0.64114	0.03488	0.10901	0.00967	0.00562	0.00153	0.00251	0.00845	0.00534	0.00495
9	0.29404	0.00881	0.01003	0.00799	0.01150	0.00862	0.00659	0.04829	0.01238	0.52200	0.01484	0.01353	0.00968	0.00551	0.00427	0.00150	0.00405	0.00413	0.00499	0.00728
10	0.00725	0.00630	0.01092	0.00980	0.01121	0.00589	0.18124	0.00896	0.01017	0.01373	0.09319	0.56942	0.02768	0.01218	0.00604	0.00185	0.00398	0.01149	0.00411	0.00459
11	0.01087	0.00597	0.00698	0.00613	0.00843	0.00507	0.00481	0.01234	0.01204	0.26497	0.06578	0.03667	0.52081	0.01019	0.00545	0.00159	0.00298	0.00847	0.00501	0.00543
12	0.67245	0.00912	0.00806	0.00688	0.01005	0.01002	0.00567	0.01638	0.00953	0.19933	0.00956	0.00983	0.00678	0.00484	0.00343	0.00150	0.00383	0.00314	0.00368	0.00593
13	0.01879	0.01242	0.01276	0.01159	0.08499	0.19086	0.00844	0.07916	0.04130	0.42179	0.01444	0.01365	0.00984	0.00549	0.00468	0.00140	0.00537	0.00430	0.00458	0.05415
14	0.01076	0.01031	0.01364	0.01185	0.01251	0.01381	0.00973	0.01473	0.18552	0.01360	0.00970	0.01269	0.00854	0.00933	0.04983	0.00227	0.59805	0.00457	0.00278	0.00580
15	0.01041	0.00902	0.01075	0.09647	0.01413	0.00820	0.00702	0.01530	0.18750	0.01644	0.01114	0.01219	0.00883	0.00441	0.00403	0.00103	0.00396	0.00362	0.00326	0.57230
16	0.01921	0.00878	0.01206	0.00955	0.01245	0.00888	0.00791	0.02090	0.01240	0.62294	0.01622	0.01515	0.01071	0.00656	0.00738	0.00164	0.18981	0.00473	0.00512	0.00758
