[name]
unknown

[dist]
# distance from previous block
# <min> <max>
0	219

[block]
# block no. 0 follows, 52 sequences, length 40
# corresponding to MSA columns:
# 243-282
name=unknown_A
#
# <colnr> <probs for GDERKNQSTAVLIFYWHMCP>
#	G	D	E	R	K	N	Q	S	T	A	V	L	I	F	Y	W	H	M	C	P
0	0.00931	0.00758	0.00826	0.00751	0.00961	0.00796	0.00574	0.01642	0.36052	0.01794	0.18591	0.02712	0.16425	0.04050	0.00584	0.00165	0.00319	0.00688	0.05409	0.05973
1	0.00669	0.00493	0.00615	0.00585	0.00700	0.00450	0.00433	0.00866	0.01287	0.01778	0.62747	0.03759	0.16472	0.06200	0.00691	0.00174	0.00247	0.00889	0.00505	0.00439
2	0.01852	0.01156	0.01310	0.01020	0.01382	0.01222	0.00836	0.53192	0.01956	0.23514	0.01458	0.06434	0.01074	0.00646	0.00494	0.00150	0.00485	0.00509	0.00513	0.00797
3	0.00655	0.00516	0.00600	0.00563	0.00719	0.00447	0.00425	0.00835	0.01228	0.01635	0.41036	0.03925	0.38189	0.01057	0.00559	0.00152	0.00244	0.00905	0.00480	0.05828
4	0.01393	0.01026	0.01121	0.00974	0.01271	0.01146	0.00767	0.06933	0.62536	0.14259	0.01916	0.01746	0.01398	0.00644	0.00492	0.00161	0.00397	0.00532	0.00509	0.00779
5	0.86392	0.00937	0.00712	0.00637	0.00937	0.01087	0.00525	0.01425	0.00825	0.02174	0.00675	0.00787	0.00525	0.00450	0.00300	0.00150	0.00375	0.00262	0.00300	0.00525
6	0.08673	0.00833	0.01093	0.00845	0.01214	0.00741	0.00698	0.02289	0.01344	0.74254	0.01816	0.01583	0.01148	0.00588	0.00473	0.00150	0.00409	0.00470	0.00577	0.00802
7	0.01242	0.01059	0.01117	0.00994	0.01274	0.01223	0.00776	0.06966	0.74619	0.02087	0.01925	0.01771	0.01441	0.00653	0.00493	0.00163	0.00392	0.00541	0.00493	0.00770
8	0.86392	0.00937	0.00712	0.00637	0.00937	0.01087	0.00525	0.01425	0.00825	0.02174	0.00675	0.00787	0.00525	0.00450	0.00300	0.00150	0.00375	0.00262	0.00300	0.00525
9	0.00687	0.00463	0.00534	0.00551	0.00555	0.00458	0.00317	0.00700	0.00738	0.00984	0.01699	0.15150	0.01979	0.70694	0.02188	0.00429	0.00441	0.00806	0.00317	0.00309
10	0.00619	0.00493	0.00555	0.00540	0.00683	0.00429	0.00405	0.00785	0.01214	0.01570	0.35644	0.04235	0.48852	0.01130	0.00572	0.00159	0.00239	0.00963	0.00484	0.00429
11	0.83996	0.00949	0.00733	0.00651	0.00953	0.01099	0.00536	0.03604	0.00866	0.02199	0.00689	0.00798	0.00533	0.00454	0.00305	0.00150	0.00379	0.00267	0.00305	0.00533
12	0.05935	0.01081	0.01527	0.36356	0.14489	0.01228	0.03359	0.25458	0.02580	0.01933	0.00974	0.01218	0.00729	0.00505	0.00476	0.00153	0.00586	0.00429	0.00313	0.00669
13	0.01027	0.00903	0.01512	0.65563	0.14705	0.01068	0.01332	0.01337	0.01012	0.05613	0.00926	0.01298	0.00694	0.00483	0.00484	0.00158	0.00623	0.00434	0.00240	0.00588
14	0.00590	0.00422	0.00562	0.00675	0.00703	0.00394	0.00450	0.00675	0.00928	0.01237	0.02671	0.82653	0.03205	0.01518	0.00619	0.00197	0.00281	0.01378	0.00450	0.00394
15	0.00686	0.00495	0.00648	0.00610	0.00724	0.00457	0.00457	0.00914	0.01372	0.01943	0.79691	0.03620	0.04572	0.00991	0.00572	0.00152	0.00229	0.00876	0.00533	0.00457
16	0.01282	0.01348	0.11800	0.01818	0.09317	0.01144	0.45130	0.01645	0.01138	0.13652	0.01082	0.01300	0.00789	0.00474	0.00601	0.00161	0.05827	0.00511	0.00292	0.00690
17	0.01064	0.01020	0.01739	0.39658	0.36552	0.01123	0.05585	0.01421	0.04391	0.01439	0.00937	0.01275	0.00740	0.00465	0.00488	0.00154	0.00613	0.00444	0.00240	0.00654
18	0.00590	0.00422	0.00562	0.00675	0.00703	0.00394	0.00450	0.00675	0.00928	0.01237	0.02671	0.82653	0.03205	0.01518	0.00619	0.00197	0.00281	0.01378	0.00450	0.00394
19	0.00951	0.00719	0.01073	0.07692	0.01240	0.00801	0.05938	0.01106	0.00988	0.10373	0.06624	0.33096	0.05071	0.01091	0.02203	0.00196	0.19084	0.00864	0.00381	0.00509
20	0.01973	0.01037	0.04272	0.04494	0.04566	0.03910	0.00851	0.13276	0.01473	0.56495	0.01634	0.01492	0.01060	0.00576	0.00484	0.00149	0.00476	0.00464	0.00524	0.00796
21	0.09635	0.50500	0.15025	0.00917	0.01365	0.01573	0.00951	0.04851	0.01070	0.08987	0.00846	0.00919	0.00675	0.00451	0.00359	0.00123	0.00527	0.00305	0.00265	0.00656
22	0.32904	0.12266	0.01340	0.01125	0.08365	0.30739	0.00825	0.01612	0.01070	0.01580	0.00722	0.00866	0.00601	0.00478	0.00419	0.00137	0.03815	0.00302	0.00260	0.00573
23	0.01105	0.01053	0.01421	0.01220	0.01262	0.04499	0.02219	0.01226	0.00804	0.04566	0.00762	0.01160	0.00715	0.01074	0.08828	0.00258	0.66621	0.00434	0.00235	0.00537
24	0.01326	0.02557	0.12879	0.04849	0.26050	0.04948	0.11106	0.14653	0.02953	0.07018	0.02991	0.01284	0.00886	0.00584	0.02651	0.00166	0.01615	0.00451	0.00313	0.00719
25	0.00656	0.00494	0.00607	0.00579	0.00706	0.00445	0.00434	0.00857	0.01302	0.01778	0.60146	0.03893	0.24220	0.01053	0.00572	0.00155	0.00233	0.00915	0.00512	0.00445
26	0.00957	0.00848	0.01298	0.50803	0.06664	0.02225	0.01122	0.01226	0.00957	0.01339	0.00967	0.01369	0.00771	0.01903	0.00634	0.00163	0.11037	0.00436	0.14751	0.00531
27	0.00681	0.00495	0.00641	0.00605	0.00721	0.00455	0.00454	0.00906	0.01361	0.01918	0.76691	0.03662	0.07588	0.01000	0.00572	0.00153	0.00229	0.00882	0.00530	0.00455
28	0.00590	0.00422	0.00562	0.00675	0.00703	0.00394	0.00450	0.00675	0.00928	0.01237	0.02671	0.82653	0.03205	0.01518	0.00619	0.00197	0.00281	0.01378	0.00450	0.00394
29	0.01205	0.01041	0.01096	0.00986	0.01260	0.01205	0.00767	0.02575	0.79071	0.02027	0.01972	0.01808	0.01479	0.00657	0.00493	0.00164	0.00384	0.00548	0.00493	0.00767
30	0.00915	0.00861	0.01453	0.81804	0.03338	0.01077	0.01346	0.01238	0.00969	0.01238	0.00861	0.01292	0.00646	0.00484	0.00484	0.00161	0.00646	0.00431	0.00215	0.00538
31	0.01751	0.09744	0.01529	0.01094	0.01455	0.13506	0.00900	0.56380	0.03330	0.02525	0.01072	0.01127	0.00801	0.01989	0.00495	0.00144	0.00579	0.00406	0.00418	0.00754
32	0.01141	0.00933	0.04497	0.23107	0.20987	0.00905	0.01058	0.01471	0.05105	0.12865	0.13481	0.01792	0.04038	0.00591	0.00492	0.00148	0.00488	0.00522	0.00352	0.06024
33	0.04527	0.04339	0.01340	0.01020	0.01370	0.05916	0.00835	0.46095	0.09340	0.13713	0.05584	0.01385	0.01117	0.00599	0.00475	0.00146	0.00499	0.00459	0.00474	0.00766
34	0.01406	0.01180	0.01747	0.06644	0.49775	0.06449	0.03510	0.06509	0.03307	0.13099	0.01090	0.01265	0.00836	0.00478	0.00482	0.00146	0.00575	0.00439	0.00314	0.00750
35	0.02150	0.00830	0.01124	0.00865	0.01238	0.00724	0.00714	0.02367	0.03310	0.78344	0.01913	0.01653	0.01207	0.00601	0.00487	0.00150	0.00412	0.00489	0.00597	0.00823
36	0.01103	0.01430	0.23532	0.26757	0.12537	0.01103	0.13605	0.02884	0.03323	0.06411	0.01017	0.02366	0.00764	0.00487	0.00493	0.00157	0.00654	0.00453	0.00260	0.00663
37	0.05961	0.02608	0.04382	0.01003	0.01283	0.01085	0.04915	0.34158	0.05310	0.03793	0.01596	0.20574	0.01523	0.02992	0.00589	0.00173	0.01900	0.05081	0.00428	0.00646
38	0.00816	0.00637	0.00853	0.01028	0.16058	0.00582	0.00627	0.00996	0.01171	0.06079	0.21166	0.06110	0.38733	0.02286	0.00581	0.00162	0.00320	0.00850	0.00435	0.00511
39	0.00676	0.00458	0.00537	0.00565	0.00572	0.00451	0.00333	0.00697	0.00761	0.01014	0.01815	0.23170	0.02125	0.62475	0.02002	0.00401	0.00422	0.00874	0.00333	0.00319

[dist]
# distance from previous block
# <min> <max>
9	24

[block]
# block no. 1 follows, 52 sequences, length 52
# corresponding to MSA columns:
# 310-361
name=unknown_B
#
# <colnr> <probs for GDERKNQSTAVLIFYWHMCP>
#	G	D	E	R	K	N	Q	S	T	A	V	L	I	F	Y	W	H	M	C	P
0	0.00988	0.01895	0.49560	0.01247	0.01847	0.00987	0.08697	0.01430	0.01027	0.01541	0.00922	0.03028	0.00717	0.00454	0.00447	0.00133	0.00618	0.00384	0.00237	0.23840
1	0.09822	0.01201	0.12724	0.05648	0.01477	0.00987	0.00899	0.15166	0.01263	0.14646	0.01058	0.01138	0.00773	0.00492	0.00477	0.00129	0.04328	0.00369	0.00355	0.27049
2	0.05226	0.21795	0.36057	0.04432	0.10775	0.01331	0.10981	0.01495	0.01026	0.01466	0.00831	0.01017	0.00645	0.00440	0.00433	0.00142	0.00645	0.00367	0.00219	0.00675
3	0.00831	0.00421	0.00628	0.00633	0.00634	0.00420	0.00422	0.00633	0.00644	0.00859	0.00921	0.05008	0.00945	0.01676	0.01838	0.82169	0.00415	0.00463	0.00221	0.00218
4	0.04593	0.06412	0.14712	0.17231	0.25511	0.04901	0.01264	0.05162	0.01145	0.10986	0.00994	0.01178	0.00747	0.00475	0.00456	0.00145	0.00588	0.00400	0.00286	0.02815
5	0.01411	0.22542	0.04783	0.10174	0.15338	0.12342	0.07703	0.03847	0.04195	0.11730	0.01006	0.01140	0.00774	0.00476	0.00440	0.00136	0.00606	0.00392	0.00293	0.00674
6	0.12731	0.00692	0.00715	0.00636	0.00837	0.01833	0.00500	0.09540	0.01168	0.12628	0.01476	0.04543	0.01157	0.00709	0.03516	0.00156	0.00357	0.00464	0.45792	0.00551
7	0.00600	0.00489	0.00530	0.00527	0.00673	0.00419	0.00393	0.00745	0.01158	0.01452	0.21995	0.08107	0.58852	0.01187	0.00575	0.00163	0.00243	0.01006	0.00469	0.00419
8	0.01125	0.01381	0.20336	0.10898	0.03959	0.02187	0.26243	0.01488	0.01084	0.08305	0.01111	0.05205	0.00876	0.00512	0.00513	0.00151	0.01891	0.00497	0.04277	0.07960
9	0.76894	0.02807	0.00825	0.00726	0.03020	0.01114	0.00577	0.04437	0.00906	0.04113	0.00731	0.00834	0.00562	0.00457	0.00317	0.00149	0.00390	0.00279	0.00311	0.00552
10	0.01788	0.01217	0.01334	0.01041	0.01404	0.01324	0.00854	0.57672	0.09329	0.13349	0.01358	0.01317	0.00954	0.00591	0.00480	0.00146	0.00490	0.00454	0.04096	0.00803
11	0.01335	0.06402	0.01244	0.01019	0.01298	0.14404	0.00803	0.08249	0.51483	0.01869	0.01593	0.01544	0.01220	0.00757	0.04451	0.00183	0.00530	0.00481	0.00423	0.00712
12	0.39959	0.00907	0.00970	0.00791	0.01114	0.00949	0.00653	0.04833	0.01138	0.38334	0.01265	0.01214	0.00854	0.00544	0.00457	0.00153	0.04368	0.00381	0.00442	0.00676
13	0.00680	0.00495	0.00639	0.00603	0.00720	0.00455	0.00452	0.00903	0.01357	0.01909	0.75685	0.03676	0.08599	0.01003	0.00572	0.00153	0.00230	0.00884	0.00529	0.00455
14	0.00686	0.00495	0.00648	0.00610	0.00724	0.00457	0.00457	0.00914	0.01372	0.01943	0.79691	0.03620	0.04572	0.00991	0.00572	0.00152	0.00229	0.00876	0.00533	0.00457
15	0.01810	0.02310	0.01373	0.01248	0.01498	0.81024	0.00936	0.01935	0.01373	0.01186	0.00749	0.00874	0.00624	0.00499	0.00437	0.00125	0.00874	0.00312	0.00250	0.00562
16	0.00590	0.00422	0.00562	0.00675	0.00703	0.00394	0.00450	0.00675	0.00928	0.01237	0.02671	0.82653	0.03205	0.01518	0.00619	0.00197	0.00281	0.01378	0.00450	0.00394
17	0.02062	0.00819	0.01101	0.00856	0.01214	0.00722	0.00703	0.02303	0.04769	0.73175	0.05587	0.01749	0.01371	0.00621	0.00492	0.00151	0.00402	0.00508	0.00592	0.00805
18	0.86392	0.00937	0.00712	0.00637	0.00937	0.01087	0.00525	0.01425	0.00825	0.02174	0.00675	0.00787	0.00525	0.00450	0.00300	0.00150	0.00375	0.00262	0.00300	0.00525
19	0.00899	0.01085	0.18684	0.00968	0.01239	0.00804	0.00924	0.04193	0.15977	0.01618	0.05939	0.19772	0.02157	0.01004	0.00566	0.00184	0.00452	0.22556	0.00408	0.00571
20	0.01050	0.00875	0.01020	0.00732	0.01160	0.00672	0.00587	0.03495	0.01049	0.03029	0.00889	0.01021	0.00729	0.00370	0.00365	0.00075	0.00365	0.00295	0.00298	0.81922
21	0.00573	0.00491	0.00491	0.00491	0.00655	0.00409	0.00368	0.00695	0.01105	0.01309	0.04909	0.04664	0.79750	0.01227	0.00573	0.00164	0.00245	0.01023	0.00450	0.00409
22	0.03362	0.01254	0.01382	0.01061	0.01445	0.01353	0.00876	0.63273	0.02092	0.16996	0.01290	0.01245	0.00887	0.00583	0.00482	0.00146	0.00509	0.00443	0.00502	0.00819
23	0.01191	0.01026	0.01083	0.00976	0.01245	0.01184	0.00758	0.02528	0.76877	0.02025	0.04167	0.01859	0.01567	0.00667	0.00495	0.00164	0.00379	0.00557	0.00494	0.00758
24	0.00915	0.00861	0.01453	0.81804	0.03338	0.01077	0.01346	0.01238	0.00969	0.01238	0.00861	0.01292	0.00646	0.00484	0.00484	0.00161	0.00646	0.00431	0.00215	0.00538
25	0.00842	0.00421	0.00631	0.00631	0.00631	0.00421	0.00421	0.00631	0.00631	0.00842	0.00842	0.01473	0.00842	0.01684	0.01894	0.85901	0.00421	0.00421	0.00210	0.00210
26	0.01648	0.05340	0.01407	0.01080	0.01427	0.08558	0.00878	0.48145	0.22021	0.02528	0.01312	0.01286	0.00966	0.00586	0.00474	0.00146	0.00524	0.00445	0.00452	0.00776
27	0.01264	0.05194	0.07907	0.00889	0.01319	0.00981	0.00784	0.22237	0.01353	0.03896	0.00977	0.01099	0.00768	0.01659	0.01711	0.00119	0.00462	0.00347	0.00337	0.46695
28	0.01113	0.10304	0.59896	0.05203	0.02006	0.01168	0.03433	0.01586	0.01052	0.08495	0.00945	0.01074	0.00671	0.00468	0.00452	0.00149	0.00668	0.00368	0.00242	0.00706
29	0.00610	0.00496	0.00541	0.00541	0.00685	0.00433	0.00401	0.00775	0.02647	0.01446	0.19942	0.11153	0.56244	0.01193	0.00575	0.00164	0.00248	0.01014	0.00468	0.00424
30	0.01199	0.01151	0.01967	0.02974	0.79946	0.01151	0.01487	0.01487	0.01103	0.01583	0.00912	0.01199	0.00768	0.00432	0.00480	0.00144	0.00576	0.00432	0.00240	0.00768
31	0.05478	0.04636	0.01775	0.08944	0.47151	0.01095	0.05549	0.01610	0.01125	0.15180	0.01086	0.01314	0.00841	0.00477	0.00473	0.00147	0.00553	0.01532	0.00305	0.00729
32	0.01106	0.12869	0.63476	0.01274	0.01922	0.01222	0.01580	0.04426	0.01083	0.05430	0.00907	0.01027	0.00652	0.00466	0.00443	0.00147	0.00669	0.00355	0.00235	0.00713
33	0.00578	0.00491	0.00498	0.00496	0.00658	0.00411	0.00372	0.00706	0.01117	0.01339	0.08413	0.04615	0.76228	0.01216	0.00573	0.00163	0.00245	0.01016	0.00454	0.00411
34	0.01121	0.01043	0.01752	0.02600	0.65930	0.01042	0.01354	0.01394	0.01101	0.01555	0.01207	0.03692	0.01136	0.00597	0.00512	0.00157	0.00549	0.12271	0.00277	0.00709
35	0.02372	0.14022	0.09330	0.14187	0.03609	0.01212	0.27073	0.04494	0.01163	0.16256	0.01080	0.01246	0.00781	0.00470	0.00483	0.00149	0.00638	0.00454	0.00307	0.00675
36	0.01808	0.01324	0.01417	0.01091	0.01468	0.01464	0.00900	0.75491	0.02232	0.03008	0.01179	0.01187	0.00839	0.00581	0.00479	0.00144	0.00522	0.00437	0.03618	0.00810
37	0.00915	0.00861	0.01453	0.81804	0.03338	0.01077	0.01346	0.01238	0.00969	0.01238	0.00861	0.01292	0.00646	0.00484	0.00484	0.00161	0.00646	0.00431	0.00215	0.00538
38	0.00616	0.00493	0.00551	0.00536	0.00681	0.00427	0.00402	0.00779	0.01207	0.01551	0.33466	0.04265	0.51042	0.01137	0.00572	0.00159	0.00239	0.00967	0.00482	0.00427
39	0.09895	0.04432	0.01478	0.26825	0.17081	0.15855	0.01106	0.08161	0.01203	0.08152	0.00938	0.01145	0.00714	0.00489	0.00450	0.00146	0.00613	0.00391	0.00290	0.00637
40	0.01100	0.00654	0.00820	0.00727	0.00924	0.00631	0.00562	0.01493	0.13744	0.19723	0.44450	0.06349	0.05066	0.00877	0.00542	0.00156	0.00298	0.00761	0.00536	0.00586
41	0.01205	0.01041	0.01096	0.00986	0.01260	0.01205	0.00767	0.02575	0.79071	0.02027	0.01972	0.01808	0.01479	0.00657	0.00493	0.00164	0.00384	0.00548	0.00493	0.00767
42	0.01646	0.01275	0.01464	0.01350	0.12288	0.01404	0.00973	0.54886	0.15131	0.02677	0.01266	0.01278	0.00927	0.00574	0.00485	0.00148	0.00514	0.00455	0.00452	0.00807
43	0.01240	0.01125	0.01864	0.09714	0.58838	0.01152	0.04976	0.05350	0.04950	0.04577	0.01012	0.01257	0.00809	0.00460	0.00486	0.00148	0.00576	0.00446	0.00276	0.00747
44	0.00660	0.00485	0.00619	0.00606	0.00713	0.00443	0.00446	0.00857	0.01281	0.01776	0.60862	0.14611	0.12658	0.01089	0.00578	0.00160	0.00238	0.00961	0.00513	0.00443
45	0.00817	0.00525	0.00688	0.00630	0.00768	0.00479	0.00478	0.01040	0.01369	0.08909	0.71500	0.03462	0.05543	0.00960	0.00564	0.00152	0.00245	0.00844	0.00538	0.00489
46	0.02876	0.41919	0.20652	0.01178	0.07818	0.03480	0.03929	0.02520	0.01071	0.05078	0.04720	0.01078	0.00859	0.00469	0.00396	0.00127	0.00568	0.00353	0.00252	0.00658
47	0.05349	0.00680	0.00867	0.00802	0.00962	0.00703	0.00613	0.03830	0.04470	0.21155	0.03990	0.31583	0.05161	0.02500	0.07058	0.00229	0.08212	0.00836	0.00445	0.00555
48	0.00666	0.00509	0.00542	0.00527	0.00696	0.00431	0.00401	0.00803	0.01142	0.05269	0.11254	0.04439	0.67813	0.01178	0.00570	0.00163	0.00256	0.02442	0.00465	0.00435
49	0.01783	0.02165	0.01405	0.01354	0.07019	0.72001	0.00966	0.01922	0.01355	0.04553	0.00810	0.00930	0.00659	0.00499	0.00442	0.00127	0.00833	0.00328	0.00264	0.00587
50	0.02757	0.09306	0.03836	0.02707	0.02396	0.18557	0.07710	0.16348	0.04802	0.18587	0.01164	0.01213	0.00849	0.00545	0.00519	0.00144	0.04957	0.00415	0.02497	0.00692
51	0.01457	0.00909	0.01063	0.04873	0.01261	0.00954	0.00727	0.22438	0.15442	0.20672	0.01881	0.11938	0.05195	0.00743	0.00495	0.00155	0.00410	0.00617	0.08080	0.00692

[dist]
# distance from previous block
# <min> <max>
1	3

[block]
# block no. 2 follows, 52 sequences, length 18
# corresponding to MSA columns:
# 366-383
name=unknown_C
#
# <colnr> <probs for GDERKNQSTAVLIFYWHMCP>
#	G	D	E	R	K	N	Q	S	T	A	V	L	I	F	Y	W	H	M	C	P
0	0.25172	0.15734	0.08010	0.00997	0.04369	0.03988	0.06266	0.04304	0.02411	0.10422	0.07021	0.02483	0.01043	0.00520	0.00406	0.00138	0.00482	0.00402	0.00330	0.05502
1	0.09347	0.30118	0.14986	0.00951	0.01383	0.06366	0.00940	0.04522	0.01164	0.24316	0.01088	0.01093	0.00787	0.00491	0.00401	0.00133	0.00531	0.00352	0.00342	0.00691
2	0.21888	0.02203	0.01155	0.04559	0.05903	0.03511	0.07662	0.02629	0.03412	0.19868	0.12046	0.04426	0.04894	0.01832	0.00496	0.00158	0.00442	0.01897	0.00407	0.00611
3	0.23404	0.00910	0.01336	0.54177	0.02613	0.01097	0.05334	0.01303	0.00935	0.01500	0.00813	0.01155	0.00619	0.00480	0.00467	0.00160	0.02523	0.00394	0.00239	0.00541
4	0.01052	0.00931	0.01237	0.01263	0.20185	0.00768	0.00795	0.01285	0.01029	0.01580	0.00873	0.01052	0.00730	0.00376	0.00388	0.00089	0.00411	0.00322	0.00276	0.65357
5	0.03881	0.02856	0.01416	0.01470	0.22506	0.01119	0.00944	0.20137	0.13550	0.05185	0.01154	0.01236	0.00887	0.00493	0.00445	0.00130	0.00469	0.00410	0.00365	0.21348
6	0.00811	0.00501	0.00624	0.00584	0.00711	0.00468	0.00441	0.01037	0.01287	0.05745	0.57013	0.03085	0.03603	0.00869	0.00511	0.00143	0.00237	0.00755	0.21102	0.00474
7	0.00705	0.00935	0.19858	0.00816	0.01005	0.00586	0.00743	0.00888	0.00907	0.01250	0.02009	0.47163	0.02293	0.17423	0.00947	0.00241	0.00424	0.00998	0.00360	0.00452
8	0.00741	0.00981	0.19909	0.00781	0.01047	0.00613	0.00768	0.01036	0.01253	0.01763	0.51086	0.03126	0.13229	0.00893	0.00545	0.00154	0.00349	0.00770	0.00443	0.00514
9	0.22266	0.01330	0.01269	0.01010	0.01366	0.07619	0.00827	0.53779	0.01856	0.02695	0.01013	0.01050	0.00736	0.00543	0.00436	0.00145	0.00522	0.00385	0.00422	0.00731
10	0.01759	0.00779	0.01021	0.00841	0.01134	0.00712	0.00669	0.09310	0.01362	0.53708	0.02023	0.21172	0.01648	0.00820	0.00519	0.00161	0.00392	0.00697	0.00552	0.00721
11	0.01175	0.00969	0.01019	0.00891	0.01161	0.01070	0.00700	0.16735	0.45421	0.02052	0.02526	0.02374	0.20262	0.00781	0.00511	0.00161	0.00379	0.00641	0.00481	0.00692
12	0.02174	0.00825	0.01125	0.00862	0.01237	0.00712	0.00712	0.02362	0.01387	0.80282	0.01912	0.01649	0.01200	0.00600	0.00487	0.00150	0.00412	0.00487	0.00600	0.00825
13	0.01016	0.00569	0.00725	0.00650	0.00832	0.00505	0.00500	0.01203	0.01291	0.20692	0.40426	0.08556	0.19158	0.00980	0.00555	0.00157	0.00280	0.00846	0.00527	0.00532
14	0.86392	0.00937	0.00712	0.00637	0.00937	0.01087	0.00525	0.01425	0.00825	0.02174	0.00675	0.00787	0.00525	0.00450	0.00300	0.00150	0.00375	0.00262	0.00300	0.00525
15	0.21398	0.00613	0.00725	0.00707	0.00832	0.00701	0.00539	0.00976	0.00779	0.01350	0.01182	0.01826	0.01129	0.14888	0.49632	0.00580	0.00949	0.00485	0.00274	0.00434
16	0.00729	0.00494	0.00735	0.00735	0.00798	0.00557	0.00551	0.00804	0.00741	0.01051	0.01195	0.01840	0.01140	0.05684	0.59429	0.21333	0.01060	0.00501	0.00249	0.00375
17	0.66046	0.00910	0.00812	0.00692	0.01010	0.00997	0.00570	0.01651	0.00961	0.21044	0.00974	0.00996	0.00688	0.00486	0.00345	0.00150	0.00384	0.00317	0.00372	0.00597

[dist]
# distance from previous block
# <min> <max>
2	6

[block]
# block no. 3 follows, 52 sequences, length 30
# corresponding to MSA columns:
# 391-420
name=unknown_D
#
# <colnr> <probs for GDERKNQSTAVLIFYWHMCP>
#	G	D	E	R	K	N	Q	S	T	A	V	L	I	F	Y	W	H	M	C	P
0	0.01028	0.05374	0.71524	0.01372	0.02055	0.01174	0.04298	0.04894	0.01081	0.01587	0.00879	0.01030	0.00627	0.00462	0.00460	0.00152	0.00704	0.00365	0.00218	0.00715
1	0.01173	0.01012	0.01051	0.00943	0.01206	0.02510	0.00733	0.05569	0.65292	0.02000	0.05554	0.02055	0.07347	0.00708	0.00501	0.00162	0.00381	0.00589	0.00487	0.00726
2	0.07287	0.07371	0.03851	0.12910	0.01957	0.03304	0.24740	0.10643	0.01219	0.11679	0.01103	0.04762	0.00864	0.00547	0.00557	0.00157	0.05587	0.00493	0.00321	0.00648
3	0.01118	0.00812	0.00954	0.03779	0.01119	0.00859	0.00661	0.13713	0.21918	0.07694	0.37192	0.02546	0.03999	0.00796	0.00528	0.00155	0.00346	0.00679	0.00507	0.00625
4	0.00703	0.00477	0.00566	0.00566	0.00579	0.00490	0.00341	0.00729	0.00716	0.00968	0.01492	0.02980	0.01679	0.70981	0.14341	0.00517	0.00595	0.00677	0.00288	0.00315
5	0.01325	0.66339	0.02278	0.00904	0.02795	0.04168	0.00836	0.07358	0.04530	0.01364	0.03669	0.00967	0.00822	0.00462	0.00349	0.00113	0.00515	0.00313	0.00255	0.00639
6	0.00972	0.02507	0.80458	0.01381	0.02097	0.01125	0.01790	0.01535	0.01023	0.01535	0.00870	0.01023	0.00614	0.00460	0.00460	0.00153	0.00716	0.00358	0.00205	0.00716
7	0.01418	0.15222	0.01925	0.05608	0.05974	0.07458	0.20395	0.12291	0.13749	0.09411	0.01175	0.01271	0.00881	0.00504	0.00475	0.00145	0.00601	0.00453	0.00344	0.00699
8	0.01861	0.01328	0.01436	0.01101	0.01488	0.01458	0.00909	0.74072	0.02228	0.07383	0.01205	0.01191	0.00845	0.00583	0.00485	0.00146	0.00526	0.00439	0.00491	0.00824
9	0.05724	0.00884	0.01078	0.02710	0.01248	0.00705	0.03886	0.01246	0.01000	0.01603	0.00856	0.01013	0.00706	0.00369	0.00368	0.00082	0.00386	0.00301	0.00284	0.75551
10	0.01765	0.01239	0.01362	0.01037	0.01430	0.01311	0.00855	0.60594	0.02022	0.10588	0.01199	0.01191	0.00848	0.00554	0.00468	0.00136	0.00498	0.00422	0.00470	0.12009
11	0.86392	0.00937	0.00712	0.00637	0.00937	0.01087	0.00525	0.01425	0.00825	0.02174	0.00675	0.00787	0.00525	0.00450	0.00300	0.00150	0.00375	0.00262	0.00300	0.00525
12	0.06455	0.04131	0.01426	0.04783	0.10040	0.54123	0.00974	0.05448	0.01329	0.05741	0.00849	0.00976	0.00676	0.00496	0.00438	0.00132	0.00753	0.00341	0.00279	0.00610
13	0.01296	0.83261	0.02539	0.00829	0.01244	0.01917	0.00829	0.01451	0.00985	0.01140	0.00674	0.00777	0.00622	0.00415	0.00311	0.00104	0.00518	0.00259	0.00207	0.00622
14	0.00693	0.00517	0.00765	0.00765	0.00847	0.00598	0.00589	0.00857	0.00775	0.01115	0.01310	0.01973	0.01241	0.07938	0.76786	0.00762	0.01253	0.00529	0.00261	0.00425
15	0.00590	0.00422	0.00562	0.00675	0.00703	0.00394	0.00450	0.00675	0.00928	0.01237	0.02671	0.82653	0.03205	0.01518	0.00619	0.00197	0.00281	0.01378	0.00450	0.00394
16	0.02101	0.00942	0.01197	0.00918	0.01295	0.00886	0.00758	0.19048	0.01583	0.63319	0.01747	0.01543	0.01117	0.00596	0.00487	0.00149	0.00439	0.00476	0.00575	0.00825
17	0.02503	0.02248	0.64920	0.01524	0.06470	0.01144	0.09731	0.01524	0.01031	0.01543	0.00875	0.01059	0.00634	0.00461	0.00494	0.00155	0.02381	0.00384	0.00213	0.00705
18	0.00686	0.00495	0.00648	0.00610	0.00724	0.00457	0.00457	0.00914	0.01372	0.01943	0.79691	0.03620	0.04572	0.00991	0.00572	0.00152	0.00229	0.00876	0.00533	0.00457
19	0.00995	0.00521	0.00522	0.00518	0.00639	0.00508	0.00382	0.01194	0.01074	0.01886	0.01662	0.01921	0.01321	0.00624	0.00379	0.00130	0.00260	0.00481	0.84483	0.00500
20	0.00968	0.00948	0.01703	0.64604	0.07891	0.01104	0.13287	0.01302	0.01004	0.01308	0.00883	0.01289	0.00667	0.00469	0.00498	0.00161	0.00668	0.00453	0.00221	0.00570
21	0.01167	0.02129	0.63288	0.01258	0.01889	0.01025	0.01546	0.01650	0.01101	0.15128	0.04500	0.01245	0.00888	0.00508	0.00470	0.00153	0.00642	0.00403	0.00287	0.00724
22	0.00842	0.00421	0.00631	0.00631	0.00631	0.00421	0.00421	0.00631	0.00631	0.00842	0.00842	0.01473	0.00842	0.01684	0.01894	0.85901	0.00421	0.00421	0.00210	0.00210
23	0.00972	0.02507	0.80458	0.01381	0.02097	0.01125	0.01790	0.01535	0.01023	0.01535	0.00870	0.01023	0.00614	0.00460	0.00460	0.00153	0.00716	0.00358	0.00205	0.00716
24	0.21895	0.00933	0.01154	0.00901	0.01264	0.00915	0.04967	0.09307	0.03149	0.48379	0.01500	0.01385	0.00986	0.00554	0.00448	0.00151	0.00437	0.00436	0.00496	0.00743
25	0.01493	0.00983	0.01265	0.10285	0.11334	0.01048	0.00907	0.09210	0.28961	0.23938	0.01609	0.01569	0.01149	0.00583	0.00483	0.00154	0.00454	0.00490	0.03333	0.00752
26	0.02174	0.00825	0.01125	0.00862	0.01237	0.00712	0.00712	0.02362	0.01387	0.80282	0.01912	0.01649	0.01200	0.00600	0.00487	0.00150	0.00412	0.00487	0.00600	0.00825
27	0.04474	0.00815	0.05521	0.09602	0.04234	0.00768	0.09120	0.03749	0.05322	0.01463	0.02978	0.38868	0.01996	0.03634	0.00634	0.00186	0.02355	0.00894	0.02877	0.00513
28	0.11950	0.01380	0.11976	0.03987	0.33817	0.07945	0.11565	0.01580	0.02266	0.06182	0.00974	0.02515	0.00774	0.00473	0.00466	0.00149	0.00611	0.00430	0.00272	0.00689
29	0.01066	0.00577	0.00767	0.00678	0.00855	0.00520	0.00523	0.01277	0.01356	0.22119	0.56238	0.06590	0.03642	0.00913	0.00552	0.00154	0.00278	0.00798	0.00547	0.00549

[dist]
# distance from previous block
# <min> <max>
0	6

[block]
# block no. 4 follows, 52 sequences, length 13
# corresponding to MSA columns:
# 427-439
name=unknown_E
#
# <colnr> <probs for GDERKNQSTAVLIFYWHMCP>
#	G	D	E	R	K	N	Q	S	T	A	V	L	I	F	Y	W	H	M	C	P
0	0.24132	0.38217	0.01823	0.01019	0.06272	0.06121	0.04414	0.04786	0.01050	0.05501	0.00790	0.00903	0.00648	0.00455	0.00380	0.00129	0.02157	0.00311	0.00270	0.00620
1	0.00779	0.00581	0.00713	0.00654	0.00806	0.00559	0.00496	0.01145	0.10763	0.01925	0.61675	0.03155	0.03802	0.00892	0.00538	0.00147	0.00255	0.00781	0.04868	0.05469
2	0.00936	0.00883	0.01491	0.76026	0.08953	0.01082	0.01356	0.01256	0.00979	0.01263	0.00865	0.01285	0.00655	0.00481	0.00484	0.00160	0.00641	0.00431	0.00217	0.00555
3	0.00626	0.00449	0.00594	0.00650	0.00711	0.00417	0.00453	0.00764	0.01094	0.01501	0.31471	0.53100	0.03716	0.01321	0.00601	0.00180	0.00262	0.01190	0.00481	0.00417
4	0.01183	0.00625	0.00819	0.00711	0.00914	0.00574	0.00554	0.01450	0.05252	0.26875	0.48315	0.05682	0.03295	0.00868	0.00542	0.00154	0.00297	0.00754	0.00550	0.00588
5	0.00636	0.00491	0.00668	0.10429	0.01016	0.00484	0.00548	0.00769	0.00999	0.01315	0.10199	0.54756	0.13278	0.01304	0.00592	0.00184	0.00315	0.01167	0.00430	0.00419
6	0.00651	0.00480	0.00551	0.00578	0.00699	0.00419	0.00416	0.00769	0.01069	0.04549	0.08348	0.32040	0.45115	0.01291	0.00585	0.00174	0.00264	0.01118	0.00461	0.00423
7	0.00915	0.00861	0.01453	0.81804	0.03338	0.01077	0.01346	0.01238	0.00969	0.01238	0.00861	0.01292	0.00646	0.00484	0.00484	0.00161	0.00646	0.00431	0.00215	0.00538
8	0.00662	0.00554	0.00578	0.00575	0.00733	0.00513	0.00425	0.00937	0.11176	0.01379	0.04161	0.12115	0.58601	0.04606	0.00646	0.00180	0.00276	0.00984	0.00449	0.00449
9	0.86392	0.00937	0.00712	0.00637	0.00937	0.01087	0.00525	0.01425	0.00825	0.02174	0.00675	0.00787	0.00525	0.00450	0.00300	0.00150	0.00375	0.00262	0.00300	0.00525
10	0.00643	0.00494	0.00588	0.00564	0.00697	0.00439	0.00423	0.00831	0.01270	0.01701	0.51093	0.04019	0.33322	0.01081	0.00572	0.00157	0.00235	0.00932	0.00502	0.00439
11	0.00781	0.00516	0.00678	0.00626	0.00757	0.00474	0.00474	0.01007	0.01373	0.06944	0.74726	0.03494	0.04357	0.00966	0.00566	0.00152	0.00240	0.00852	0.00538	0.00481
12	0.00590	0.00422	0.00562	0.00675	0.00703	0.00394	0.00450	0.00675	0.00928	0.01237	0.02671	0.82653	0.03205	0.01518	0.00619	0.00197	0.00281	0.01378	0.00450	0.00394

[dist]
# distance from previous block
# <min> <max>
0	1

[block]
# block no. 5 follows, 52 sequences, length 69
# corresponding to MSA columns:
# 441-509
name=unknown_F
#
# <colnr> <probs for GDERKNQSTAVLIFYWHMCP>
#	G	D	E	R	K	N	Q	S	T	A	V	L	I	F	Y	W	H	M	C	P
0	0.58672	0.17661	0.01135	0.00704	0.01037	0.01210	0.00610	0.01546	0.00927	0.11627	0.00828	0.00892	0.00628	0.00461	0.00325	0.00141	0.00409	0.00290	0.00318	0.00582
1	0.01130	0.01081	0.01829	0.17477	0.57344	0.01103	0.03885	0.01423	0.01072	0.01518	0.00901	0.01206	0.00740	0.00435	0.00475	0.00143	0.00581	0.00425	0.00239	0.06994
2	0.01242	0.63443	0.19212	0.00961	0.01435	0.04192	0.01039	0.01484	0.01005	0.01226	0.00718	0.00833	0.00620	0.00427	0.00347	0.00115	0.00572	0.00282	0.00208	0.00640
3	0.86392	0.00937	0.00712	0.00637	0.00937	0.01087	0.00525	0.01425	0.00825	0.02174	0.00675	0.00787	0.00525	0.00450	0.00300	0.00150	0.00375	0.00262	0.00300	0.00525
4	0.86392	0.00937	0.00712	0.00637	0.00937	0.01087	0.00525	0.01425	0.00825	0.02174	0.00675	0.00787	0.00525	0.00450	0.00300	0.00150	0.00375	0.00262	0.00300	0.00525
5	0.02163	0.00842	0.01135	0.00870	0.01246	0.00738	0.00719	0.04829	0.01416	0.77774	0.01888	0.01634	0.01187	0.00599	0.00487	0.00150	0.00416	0.00486	0.00596	0.00825
6	0.00590	0.00422	0.00562	0.00675	0.00703	0.00394	0.00450	0.00675	0.00928	0.01237	0.02671	0.82653	0.03205	0.01518	0.00619	0.00197	0.00281	0.01378	0.00450	0.00394
7	0.22673	0.00852	0.01024	0.00807	0.01164	0.00803	0.00667	0.02134	0.01250	0.61270	0.01611	0.01440	0.01035	0.00563	0.00442	0.00150	0.00403	0.00433	0.00527	0.00752
8	0.01167	0.01099	0.01856	0.08068	0.64865	0.01116	0.03416	0.03621	0.01130	0.01591	0.01036	0.01513	0.00905	0.00504	0.00496	0.00151	0.00576	0.05901	0.00260	0.00728
9	0.00781	0.00558	0.00781	0.00892	0.01004	0.00558	0.00781	0.01004	0.01116	0.01450	0.02566	0.05466	0.02789	0.01339	0.00669	0.00223	0.00446	0.76685	0.00446	0.00446
10	0.00602	0.00483	0.00537	0.00542	0.00677	0.00418	0.00400	0.00744	0.01145	0.01449	0.22224	0.14383	0.52275	0.01209	0.00578	0.00165	0.00246	0.01034	0.00470	0.00418
11	0.01005	0.00861	0.01005	0.00718	0.01148	0.00646	0.00574	0.01220	0.01005	0.01579	0.00861	0.01005	0.00718	0.00359	0.00359	0.00072	0.00359	0.00287	0.00287	0.85932
12	0.00682	0.00517	0.00625	0.00671	0.00754	0.00506	0.00467	0.00937	0.10342	0.01407	0.12310	0.47858	0.12529	0.07152	0.00725	0.00203	0.00296	0.01124	0.00454	0.00441
13	0.00705	0.00470	0.00529	0.00529	0.00529	0.00470	0.00294	0.00705	0.00705	0.00940	0.01527	0.03171	0.01762	0.82969	0.02467	0.00470	0.00470	0.00705	0.00294	0.00294
14	0.01008	0.00948	0.01598	0.02845	0.06888	0.04248	0.26135	0.03770	0.01170	0.01530	0.01785	0.03415	0.01790	0.00899	0.00606	0.00191	0.00600	0.39667	0.00356	0.00554
15	0.00802	0.00545	0.00709	0.00759	0.00894	0.00514	0.00631	0.00990	0.01136	0.06607	0.08800	0.10387	0.21044	0.01251	0.00624	0.00197	0.00369	0.42817	0.00464	0.00459
16	0.00705	0.00470	0.00529	0.00529	0.00529	0.00470	0.00294	0.00705	0.00705	0.00940	0.01527	0.03171	0.01762	0.82969	0.02467	0.00470	0.00470	0.00705	0.00294	0.00294
17	0.02049	0.00815	0.01101	0.00868	0.01223	0.00719	0.00719	0.02280	0.04066	0.72397	0.01957	0.01905	0.01314	0.00650	0.00499	0.00155	0.00414	0.05486	0.00586	0.00798
18	0.86392	0.00937	0.00712	0.00637	0.00937	0.01087	0.00525	0.01425	0.00825	0.02174	0.00675	0.00787	0.00525	0.00450	0.00300	0.00150	0.00375	0.00262	0.00300	0.00525
19	0.86392	0.00937	0.00712	0.00637	0.00937	0.01087	0.00525	0.01425	0.00825	0.02174	0.00675	0.00787	0.00525	0.00450	0.00300	0.00150	0.00375	0.00262	0.00300	0.00525
20	0.01005	0.00861	0.01005	0.00718	0.01148	0.00646	0.00574	0.01220	0.01005	0.01579	0.00861	0.01005	0.00718	0.00359	0.00359	0.00072	0.00359	0.00287	0.00287	0.85932
21	0.00601	0.00436	0.00570	0.00670	0.00715	0.00405	0.00461	0.00699	0.00962	0.01269	0.04403	0.70226	0.09749	0.01473	0.00616	0.00195	0.00286	0.05413	0.00451	0.00399
22	0.86392	0.00937	0.00712	0.00637	0.00937	0.01087	0.00525	0.01425	0.00825	0.02174	0.00675	0.00787	0.00525	0.00450	0.00300	0.00150	0.00375	0.00262	0.00300	0.00525
23	0.01656	0.11101	0.01516	0.01056	0.01426	0.01496	0.00881	0.54716	0.16733	0.02630	0.01259	0.01240	0.00925	0.00576	0.00466	0.00144	0.00503	0.00436	0.00453	0.00789
24	0.86392	0.00937	0.00712	0.00637	0.00937	0.01087	0.00525	0.01425	0.00825	0.02174	0.00675	0.00787	0.00525	0.00450	0.00300	0.00150	0.00375	0.00262	0.00300	0.00525
25	0.01203	0.01155	0.01946	0.22086	0.36724	0.05356	0.17082	0.01510	0.01108	0.05730	0.00959	0.01251	0.00747	0.00453	0.00498	0.00152	0.00649	0.00457	0.00255	0.00680
26	0.01144	0.01307	0.02859	0.02042	0.02533	0.01225	0.78186	0.01552	0.01144	0.01552	0.00980	0.01307	0.00735	0.00408	0.00572	0.00163	0.00817	0.00572	0.00245	0.00654
27	0.00842	0.00421	0.00631	0.00631	0.00631	0.00421	0.00421	0.00631	0.00631	0.00842	0.00842	0.01473	0.00842	0.01684	0.01894	0.85901	0.00421	0.00421	0.00210	0.00210
28	0.00720	0.00475	0.00543	0.00551	0.00565	0.00475	0.00332	0.00748	0.00751	0.01021	0.01606	0.03272	0.01811	0.72832	0.02228	0.00434	0.00456	0.06288	0.04578	0.00313
29	0.01842	0.01357	0.01454	0.01115	0.01503	0.01503	0.00921	0.78330	0.02278	0.03054	0.01163	0.01163	0.00824	0.00582	0.00485	0.00145	0.00533	0.00436	0.00485	0.00824
30	0.00842	0.00421	0.00631	0.00631	0.00631	0.00421	0.00421	0.00631	0.00631	0.00842	0.00842	0.01473	0.00842	0.01684	0.01894	0.85901	0.00421	0.00421	0.00210	0.00210
31	0.00592	0.00492	0.00518	0.00511	0.00666	0.00417	0.00383	0.00733	0.01150	0.01417	0.17639	0.04486	0.66953	0.01187	0.00573	0.00162	0.00243	0.00998	0.00464	0.00417
32	0.01060	0.01060	0.01484	0.01272	0.01272	0.01484	0.01060	0.01166	0.00742	0.01166	0.00636	0.01060	0.00636	0.00848	0.01590	0.00212	0.82082	0.00424	0.00212	0.00530
33	0.00727	0.00604	0.00927	0.29850	0.01679	0.00660	0.01948	0.00921	0.01006	0.01333	0.11773	0.40618	0.03957	0.01057	0.00563	0.00177	0.00413	0.00955	0.00373	0.00458
34	0.01264	0.75287	0.10233	0.00884	0.01328	0.01839	0.00924	0.01459	0.00988	0.01179	0.00693	0.00802	0.00621	0.00419	0.00326	0.00109	0.00538	0.00269	0.00207	0.00631
35	0.01296	0.83261	0.02539	0.00829	0.01244	0.01917	0.00829	0.01451	0.00985	0.01140	0.00674	0.00777	0.00622	0.00415	0.00311	0.00104	0.00518	0.00259	0.00207	0.00622
36	0.00786	0.00494	0.00622	0.00647	0.00758	0.00442	0.00463	0.00907	0.01071	0.10789	0.11167	0.46170	0.21286	0.01284	0.00587	0.00179	0.00283	0.01134	0.00477	0.00456
37	0.00755	0.00532	0.00684	0.00636	0.00766	0.00502	0.00480	0.01040	0.05262	0.04224	0.73540	0.03472	0.04320	0.00963	0.00565	0.00153	0.00242	0.00849	0.00533	0.00483
38	0.11845	0.18772	0.02789	0.01045	0.01368	0.38445	0.00860	0.10594	0.01326	0.07543	0.00863	0.00938	0.00679	0.00492	0.00404	0.00128	0.00663	0.00324	0.00300	0.00623
39	0.00605	0.00437	0.00576	0.00683	0.00725	0.00408	0.00473	0.00703	0.00953	0.01259	0.02783	0.72061	0.07314	0.01488	0.00620	0.00197	0.00293	0.07574	0.00450	0.00399
40	0.00585	0.00490	0.00509	0.00507	0.00663	0.00414	0.00379	0.00718	0.01129	0.01374	0.12655	0.06121	0.70381	0.01208	0.00574	0.00163	0.00244	0.01015	0.00459	0.00414
41	0.00734	0.00541	0.00721	0.00725	0.00835	0.00585	0.00564	0.00989	0.06003	0.01361	0.08190	0.06637	0.09477	0.02422	0.43539	0.00493	0.00832	0.06958	0.07939	0.00455
42	0.00981	0.02443	0.76364	0.01416	0.02120	0.01131	0.05822	0.01536	0.01029	0.01536	0.00875	0.01038	0.00620	0.00458	0.00466	0.00154	0.00722	0.00369	0.00207	0.00713
43	0.07605	0.00979	0.01188	0.00917	0.01290	0.00954	0.00757	0.23193	0.01595	0.53922	0.01625	0.01459	0.01052	0.00585	0.00474	0.00149	0.00443	0.00459	0.00548	0.00805
44	0.00591	0.00428	0.00559	0.00661	0.00700	0.00396	0.00444	0.00680	0.00947	0.01254	0.04166	0.76016	0.08389	0.01489	0.00615	0.00194	0.00278	0.01345	0.00451	0.00396
45	0.01305	0.01133	0.03602	0.14404	0.06623	0.03270	0.02244	0.23227	0.26064	0.03405	0.01614	0.03799	0.05880	0.00637	0.00496	0.00157	0.00500	0.00529	0.00408	0.00706
46	0.01768	0.02229	0.01415	0.01369	0.06979	0.75444	0.00975	0.01904	0.01354	0.01214	0.00760	0.00897	0.00634	0.00495	0.00440	0.00126	0.00853	0.00320	0.00249	0.00576
47	0.01020	0.05102	0.06324	0.00790	0.01240	0.00751	0.02020	0.01258	0.01007	0.01554	0.00855	0.01000	0.00706	0.00369	0.00367	0.00080	0.00398	0.00295	0.00277	0.74587
48	0.01748	0.01294	0.07750	0.01249	0.08901	0.01247	0.00989	0.43645	0.06318	0.19873	0.01329	0.01301	0.00923	0.00566	0.00483	0.00148	0.00516	0.00447	0.00465	0.00807
49	0.00698	0.00508	0.00748	0.00762	0.00838	0.00575	0.00584	0.00843	0.00797	0.01129	0.01442	0.07416	0.01429	0.06175	0.64588	0.04960	0.01111	0.04700	0.00281	0.00415
50	0.01142	0.01269	0.11153	0.12191	0.35173	0.01133	0.13947	0.07126	0.03473	0.01674	0.06127	0.01382	0.01003	0.00492	0.00500	0.00152	0.00609	0.00479	0.00278	0.00698
51	0.86392	0.00937	0.00712	0.00637	0.00937	0.01087	0.00525	0.01425	0.00825	0.02174	0.00675	0.00787	0.00525	0.00450	0.00300	0.00150	0.00375	0.00262	0.00300	0.00525
52	0.00727	0.00550	0.00693	0.00620	0.00784	0.00483	0.00470	0.00949	0.01303	0.01856	0.64110	0.03285	0.07873	0.00909	0.00540	0.00141	0.00249	0.00796	0.00493	0.13170
53	0.00605	0.00493	0.00541	0.00535	0.00678	0.00436	0.00399	0.00743	0.01101	0.01374	0.15595	0.04214	0.58871	0.04431	0.07615	0.00227	0.00342	0.00946	0.00440	0.00414
54	0.01810	0.02310	0.01373	0.01248	0.01498	0.81024	0.00936	0.01935	0.01373	0.01186	0.00749	0.00874	0.00624	0.00499	0.00437	0.00125	0.00874	0.00312	0.00250	0.00562
55	0.64322	0.00866	0.00750	0.00655	0.00943	0.00959	0.00535	0.01509	0.00946	0.13105	0.05185	0.01128	0.00886	0.00508	0.00343	0.00148	0.00362	0.00340	0.05952	0.00558
56	0.01171	0.01005	0.01066	0.00962	0.01225	0.01156	0.00747	0.02466	0.73976	0.02022	0.07068	0.01927	0.01682	0.00679	0.00498	0.00164	0.00373	0.00569	0.00496	0.00747
57	0.02168	0.00835	0.01131	0.00867	0.01242	0.00727	0.00716	0.03788	0.01404	0.78832	0.01898	0.01640	0.01193	0.00599	0.00487	0.00150	0.00415	0.00486	0.00598	0.00825
58	0.01005	0.00861	0.01005	0.00718	0.01148	0.00646	0.00574	0.01220	0.01005	0.01579	0.00861	0.01005	0.00718	0.00359	0.00359	0.00072	0.00359	0.00287	0.00287	0.85932
59	0.01726	0.02141	0.01399	0.01358	0.07260	0.69907	0.00966	0.01944	0.06448	0.01270	0.00841	0.00959	0.00691	0.00505	0.00444	0.00129	0.00820	0.00336	0.00265	0.00590
60	0.01005	0.00861	0.01005	0.00718	0.01148	0.00646	0.00574	0.01220	0.01005	0.01579	0.00861	0.01005	0.00718	0.00359	0.00359	0.00072	0.00359	0.00287	0.00287	0.85932
61	0.00684	0.00495	0.00645	0.00607	0.00723	0.00456	0.00456	0.00910	0.01367	0.01931	0.78274	0.03640	0.05996	0.00995	0.00572	0.00153	0.00229	0.00879	0.00532	0.00456
62	0.00929	0.00870	0.01437	0.78034	0.03241	0.01083	0.01319	0.01301	0.04612	0.01275	0.00913	0.01316	0.00685	0.00493	0.00485	0.00162	0.00634	0.00436	0.00228	0.00549
63	0.00659	0.00467	0.00626	0.00728	0.00779	0.00450	0.00537	0.00778	0.00965	0.01275	0.02537	0.52077	0.02950	0.08728	0.00799	0.00229	0.00348	0.24233	0.00435	0.00401
64	0.30483	0.01023	0.01092	0.06167	0.01341	0.01109	0.00748	0.24177	0.04435	0.21418	0.02769	0.01237	0.00903	0.00546	0.00425	0.00150	0.00446	0.00403	0.00434	0.00694
65	0.03940	0.02432	0.76417	0.01366	0.02064	0.01126	0.03001	0.01531	0.01018	0.01557	0.00865	0.01020	0.00613	0.00459	0.00457	0.00154	0.00706	0.00358	0.00209	0.00709
66	0.00718	0.00522	0.00725	0.03619	0.00977	0.00518	0.00681	0.00896	0.01049	0.01370	0.02607	0.30388	0.05037	0.01364	0.00644	0.00211	0.00394	0.47410	0.00439	0.00431
67	0.03871	0.00469	0.00461	0.00458	0.00578	0.00474	0.00345	0.01139	0.01010	0.01819	0.01549	0.01771	0.01217	0.00561	0.00337	0.00114	0.00231	0.00445	0.82697	0.00454
68	0.04254	0.21749	0.30244	0.01256	0.03120	0.03937	0.10258	0.12353	0.01230	0.05928	0.00923	0.01040	0.00691	0.00468	0.00436	0.00140	0.00628	0.00373	0.00276	0.00696

[dist]
# distance from previous block
# <min> <max>
0	2

[block]
# block no. 6 follows, 52 sequences, length 61
# corresponding to MSA columns:
# 512-572
name=unknown_G
#
# <colnr> <probs for GDERKNQSTAVLIFYWHMCP>
#	G	D	E	R	K	N	Q	S	T	A	V	L	I	F	Y	W	H	M	C	P
0	0.04616	0.01120	0.03349	0.14569	0.04845	0.02404	0.25714	0.06150	0.02807	0.11145	0.04072	0.01360	0.00919	0.00560	0.00690	0.00166	0.14070	0.00492	0.00310	0.00639
1	0.02513	0.00435	0.00564	0.00669	0.00707	0.00410	0.00450	0.00692	0.00930	0.01260	0.02680	0.78928	0.05000	0.01487	0.00610	0.00195	0.00282	0.01344	0.00446	0.00397
2	0.86392	0.00937	0.00712	0.00637	0.00937	0.01087	0.00525	0.01425	0.00825	0.02174	0.00675	0.00787	0.00525	0.00450	0.00300	0.00150	0.00375	0.00262	0.00300	0.00525
3	0.01436	0.01521	0.09366	0.13493	0.04385	0.18240	0.13858	0.18207	0.01395	0.06594	0.01058	0.01225	0.02263	0.00530	0.00538	0.00151	0.04325	0.00438	0.00314	0.00664
4	0.00921	0.00640	0.02109	0.00698	0.00878	0.00593	0.00551	0.01286	0.11318	0.10938	0.48673	0.03290	0.11676	0.00931	0.00553	0.00157	0.00288	0.03443	0.00518	0.00539
5	0.00639	0.00462	0.00612	0.00701	0.00764	0.00435	0.00514	0.00770	0.01026	0.01363	0.11320	0.53652	0.07656	0.01406	0.00621	0.00195	0.00307	0.16685	0.00458	0.00412
6	0.79047	0.00950	0.00762	0.00668	0.00975	0.01088	0.00550	0.04720	0.00911	0.05707	0.00751	0.00842	0.00568	0.00462	0.00316	0.00150	0.00383	0.00280	0.00321	0.00551
7	0.00932	0.00879	0.01484	0.77062	0.07947	0.01081	0.01354	0.01253	0.00977	0.01259	0.00864	0.01286	0.00653	0.00481	0.00484	0.00160	0.00642	0.00431	0.00217	0.00552
8	0.01005	0.00861	0.01005	0.00718	0.01148	0.00646	0.00574	0.01220	0.01005	0.01579	0.00861	0.01005	0.00718	0.00359	0.00359	0.00072	0.00359	0.00287	0.00287	0.85932
9	0.01842	0.01357	0.01454	0.01115	0.01503	0.01503	0.00921	0.78330	0.02278	0.03054	0.01163	0.01163	0.00824	0.00582	0.00485	0.00145	0.00533	0.00436	0.00485	0.00824
10	0.00830	0.00421	0.00628	0.00633	0.00635	0.00420	0.00422	0.00633	0.00645	0.00860	0.00924	0.05124	0.00948	0.01676	0.01837	0.82046	0.00415	0.00464	0.00221	0.00219
11	0.00595	0.00425	0.00566	0.00672	0.00704	0.00396	0.00450	0.00686	0.00948	0.01269	0.06135	0.79099	0.03267	0.01494	0.00616	0.00195	0.00279	0.01355	0.00454	0.00396
