[name]
unknown

[dist]
# distance from previous block
# <min> <max>
0	80

[block]
# block no. 0 follows, 43 sequences, length 9
# corresponding to MSA columns:
# 80-88
name=unknown_A
#
# <colnr> <probs for GDERKNQSTAVLIFYWHMCP>
#	G	D	E	R	K	N	Q	S	T	A	V	L	I	F	Y	W	H	M	C	P
0	0.00892	0.00637	0.00892	0.01020	0.01147	0.00637	0.00892	0.01147	0.01275	0.01657	0.02932	0.06247	0.03187	0.01530	0.00765	0.00255	0.00510	0.73354	0.00510	0.00510
1	0.01181	0.07709	0.59688	0.01460	0.02169	0.01361	0.01774	0.01951	0.13971	0.01820	0.01195	0.01304	0.00871	0.00561	0.00521	0.00174	0.00739	0.00439	0.00290	0.00821
2	0.16378	0.04001	0.22877	0.01233	0.01730	0.14361	0.03544	0.02118	0.06022	0.20655	0.01304	0.01330	0.00919	0.00582	0.00499	0.00168	0.00668	0.00436	0.00396	0.00779
3	0.00671	0.00495	0.00629	0.00735	0.00794	0.00453	0.00498	0.00775	0.01095	0.01428	0.03490	0.67382	0.16174	0.01678	0.00698	0.00218	0.00314	0.01505	0.00514	0.00453
4	0.01312	0.01286	0.08101	0.37227	0.10939	0.01299	0.03674	0.18698	0.01482	0.01983	0.01249	0.07962	0.01045	0.00667	0.00567	0.00181	0.00677	0.00582	0.00344	0.00728
5	0.01448	0.01543	0.10709	0.15461	0.35892	0.05398	0.01533	0.14308	0.04737	0.02022	0.01119	0.01369	0.00871	0.00552	0.00546	0.00169	0.00690	0.00483	0.00326	0.00825
6	0.00675	0.00482	0.00643	0.00771	0.00803	0.00450	0.00514	0.00771	0.01060	0.01414	0.03053	0.80175	0.03663	0.01735	0.00707	0.00225	0.00321	0.01574	0.00514	0.00450
7	0.05276	0.02366	0.53061	0.01929	0.15150	0.01301	0.09703	0.01741	0.01189	0.01802	0.01005	0.01225	0.00741	0.00514	0.00535	0.00175	0.00784	0.00444	0.00251	0.00810
8	0.01341	0.03818	0.23532	0.12007	0.18106	0.08749	0.13332	0.06346	0.01344	0.01801	0.03689	0.01394	0.00941	0.00546	0.00554	0.00171	0.00772	0.00495	0.00290	0.00771

[dist]
# distance from previous block
# <min> <max>
0	6

[block]
# block no. 1 follows, 43 sequences, length 13
# corresponding to MSA columns:
# 95-107
name=unknown_B
#
# <colnr> <probs for GDERKNQSTAVLIFYWHMCP>
#	G	D	E	R	K	N	Q	S	T	A	V	L	I	F	Y	W	H	M	C	P
0	0.00854	0.00625	0.02485	0.00718	0.00861	0.00543	0.00544	0.01069	0.01409	0.05606	0.50617	0.11629	0.10736	0.08811	0.00859	0.00215	0.00318	0.01020	0.00561	0.00520
1	0.01271	0.01372	0.02850	0.02074	0.02538	0.01344	0.60716	0.01685	0.01249	0.01759	0.01148	0.01522	0.00885	0.00533	0.00741	0.00187	0.08485	0.00624	0.08306	0.00711
2	0.01511	0.01319	0.02953	0.28044	0.14320	0.08157	0.01282	0.15403	0.08386	0.07623	0.04608	0.01587	0.01128	0.00619	0.00553	0.00173	0.00658	0.00520	0.00389	0.00767
3	0.01006	0.00755	0.00914	0.00898	0.01071	0.00787	0.00704	0.01512	0.18425	0.05506	0.15916	0.16407	0.13859	0.01231	0.00710	0.00206	0.03883	0.15068	0.00538	0.00605
4	0.00703	0.00515	0.00656	0.00739	0.00811	0.00475	0.00517	0.00833	0.01161	0.01535	0.13144	0.52521	0.14484	0.04155	0.00764	0.00224	0.00325	0.05453	0.00521	0.00462
5	0.01552	0.01573	0.09905	0.01346	0.01734	0.10932	0.09940	0.24175	0.11330	0.03602	0.01627	0.08438	0.01418	0.03317	0.00659	0.00193	0.00661	0.06388	0.00442	0.00764
6	0.01033	0.00626	0.00764	0.00765	0.00867	0.00614	0.00542	0.05153	0.01141	0.08767	0.02281	0.25155	0.02442	0.29144	0.01403	0.00321	0.00444	0.09565	0.08477	0.00497
7	0.00797	0.00590	0.00781	0.00861	0.00983	0.00574	0.00702	0.01000	0.01220	0.01586	0.07635	0.16862	0.17562	0.01766	0.08203	0.00294	0.00516	0.37079	0.00497	0.00492
8	0.05567	0.05741	0.12941	0.12953	0.02443	0.01436	0.28245	0.04925	0.08423	0.01810	0.01123	0.01401	0.00861	0.00580	0.00700	0.00186	0.09096	0.00531	0.00305	0.00734
9	0.04496	0.01346	0.03386	0.04928	0.01649	0.03886	0.00976	0.39886	0.07713	0.16090	0.01583	0.04420	0.01168	0.00697	0.00543	0.00169	0.00561	0.00546	0.05100	0.00856
10	0.01197	0.01171	0.03721	0.35328	0.02535	0.03206	0.03363	0.01539	0.05277	0.03889	0.03185	0.01483	0.00938	0.00736	0.01024	0.00204	0.29759	0.00513	0.00289	0.00644
11	0.59786	0.03643	0.00981	0.00812	0.01151	0.06112	0.00664	0.07065	0.01163	0.04805	0.01330	0.01397	0.08009	0.00619	0.00406	0.00169	0.00470	0.00410	0.00379	0.00630
12	0.00879	0.00612	0.00740	0.00749	0.00872	0.00588	0.00532	0.01153	0.08424	0.05918	0.18206	0.31876	0.15048	0.10699	0.00914	0.00239	0.00348	0.01154	0.00527	0.00523

[dist]
# distance from previous block
# <min> <max>
0	15

[block]
# block no. 2 follows, 43 sequences, length 7
# corresponding to MSA columns:
# 123-129
name=unknown_C
#
# <colnr> <probs for GDERKNQSTAVLIFYWHMCP>
#	G	D	E	R	K	N	Q	S	T	A	V	L	I	F	Y	W	H	M	C	P
0	0.01619	0.35818	0.04542	0.01128	0.01508	0.16655	0.00994	0.16740	0.01499	0.01788	0.01141	0.09138	0.01061	0.00680	0.00518	0.00150	0.03473	0.00491	0.00340	0.00718
1	0.01284	0.00883	0.01380	0.49390	0.02766	0.01009	0.01190	0.01590	0.01199	0.15735	0.01467	0.07889	0.01167	0.00683	0.00548	0.00179	0.00601	0.00593	0.09794	0.00652
2	0.00803	0.00548	0.00658	0.00658	0.00676	0.00566	0.00402	0.00840	0.00821	0.01114	0.01696	0.03353	0.01896	0.66228	0.16966	0.00603	0.00714	0.00766	0.00328	0.00365
3	0.00748	0.00504	0.00618	0.00694	0.00769	0.00470	0.00480	0.00893	0.01142	0.01609	0.08981	0.51042	0.11624	0.01445	0.00637	0.00199	0.00300	0.01285	0.16088	0.00470
4	0.02265	0.01377	0.01397	0.01125	0.01521	0.15518	0.00905	0.14347	0.07139	0.45815	0.01803	0.01642	0.01202	0.00665	0.00546	0.00166	0.00590	0.00515	0.00580	0.00881
5	0.01545	0.22842	0.05637	0.01750	0.10480	0.17414	0.19644	0.05726	0.01339	0.01627	0.00942	0.01175	0.00776	0.00542	0.00602	0.00159	0.06339	0.00449	0.00279	0.00734
6	0.00753	0.00518	0.00629	0.00675	0.00697	0.00502	0.00418	0.00810	0.00959	0.01288	0.07690	0.33222	0.02883	0.44351	0.01846	0.00390	0.00434	0.01117	0.00424	0.00393

[dist]
# distance from previous block
# <min> <max>
4	18

[block]
# block no. 3 follows, 43 sequences, length 6
# corresponding to MSA columns:
# 162-167
name=unknown_D
#
# <colnr> <probs for GDERKNQSTAVLIFYWHMCP>
#	G	D	E	R	K	N	Q	S	T	A	V	L	I	F	Y	W	H	M	C	P
0	0.17175	0.00742	0.00881	0.00947	0.07227	0.00740	0.00656	0.01234	0.01304	0.05150	0.30734	0.06958	0.13165	0.04086	0.00675	0.00197	0.00371	0.06695	0.00497	0.00566
1	0.01382	0.01748	0.17252	0.02149	0.09680	0.01413	0.44200	0.11568	0.01449	0.02003	0.01117	0.01398	0.00831	0.00507	0.00606	0.00180	0.00842	0.00571	0.00307	0.00799
2	0.01348	0.01245	0.01513	0.06258	0.01734	0.07391	0.09090	0.10141	0.01369	0.01935	0.01029	0.01217	0.00822	0.00469	0.00471	0.00115	0.00562	0.00398	0.00340	0.52551
3	0.10886	0.00740	0.00784	0.06753	0.01061	0.00799	0.00572	0.09861	0.01256	0.02110	0.01559	0.01985	0.01287	0.10233	0.00707	0.00192	0.00390	0.00522	0.47744	0.00561
4	0.45232	0.07366	0.05026	0.04897	0.10196	0.07644	0.00890	0.01650	0.01086	0.02093	0.00933	0.01118	0.00742	0.00529	0.00404	0.00161	0.00533	0.00363	0.08490	0.00648
5	0.05954	0.11958	0.24562	0.01387	0.05936	0.04106	0.02953	0.18632	0.03994	0.08013	0.01350	0.01577	0.02502	0.00634	0.00522	0.00168	0.00656	0.03905	0.00383	0.00807

[dist]
# distance from previous block
# <min> <max>
0	1

[block]
# block no. 4 follows, 43 sequences, length 16
# corresponding to MSA columns:
# 169-184
name=unknown_E
#
# <colnr> <probs for GDERKNQSTAVLIFYWHMCP>
#	G	D	E	R	K	N	Q	S	T	A	V	L	I	F	Y	W	H	M	C	P
0	0.00731	0.00545	0.00757	0.00937	0.05832	0.00514	0.00593	0.00858	0.01120	0.01514	0.09733	0.67956	0.03624	0.01598	0.00691	0.00216	0.00338	0.01450	0.00507	0.00485
1	0.04458	0.39763	0.09324	0.01142	0.01615	0.07088	0.03191	0.14388	0.06493	0.06160	0.01083	0.01151	0.00853	0.00550	0.00449	0.00145	0.00631	0.00393	0.00346	0.00777
2	0.00776	0.00589	0.00728	0.00791	0.00921	0.00554	0.00624	0.00993	0.03228	0.01613	0.10292	0.20175	0.26657	0.03194	0.00748	0.00225	0.00377	0.26504	0.00519	0.00492
3	0.05714	0.17148	0.25508	0.01403	0.03660	0.12501	0.08450	0.01747	0.03559	0.02998	0.01137	0.06395	0.00979	0.00738	0.03091	0.00189	0.03277	0.00495	0.00292	0.00718
4	0.01537	0.13490	0.07731	0.10285	0.19171	0.06761	0.13212	0.08869	0.01406	0.08945	0.01166	0.01435	0.00908	0.00557	0.00538	0.00165	0.00711	0.01994	0.00335	0.00787
5	0.01275	0.01210	0.02053	0.15537	0.60462	0.01248	0.01600	0.01596	0.01224	0.01721	0.01157	0.06275	0.01027	0.00580	0.00559	0.00171	0.00650	0.00560	0.00284	0.00808
6	0.01052	0.00596	0.00693	0.04643	0.00909	0.00607	0.00513	0.03415	0.01186	0.05229	0.06136	0.08471	0.01821	0.08775	0.04633	0.00224	0.00397	0.00660	0.49512	0.00529
7	0.04637	0.10170	0.08716	0.05308	0.04921	0.06165	0.05829	0.12293	0.02745	0.06433	0.09121	0.07970	0.01563	0.00747	0.00614	0.00171	0.05480	0.00605	0.05804	0.00707
8	0.00741	0.00547	0.00701	0.00787	0.00858	0.00527	0.00549	0.00962	0.06082	0.01586	0.12364	0.60636	0.05996	0.01577	0.00691	0.00216	0.00327	0.03834	0.00529	0.00490
9	0.00775	0.00563	0.00659	0.00672	0.00820	0.00495	0.00496	0.00936	0.01290	0.05017	0.18938	0.22899	0.39274	0.01401	0.00666	0.00195	0.00302	0.03564	0.00541	0.00497
10	0.01709	0.01281	0.01375	0.01122	0.01461	0.02857	0.00900	0.51524	0.04300	0.02881	0.03127	0.13155	0.05074	0.00986	0.03285	0.00200	0.00570	0.00701	0.02686	0.00806
11	0.06852	0.18310	0.34138	0.01403	0.04282	0.05534	0.05912	0.06564	0.01272	0.04006	0.01075	0.03778	0.00866	0.00678	0.02905	0.00185	0.00738	0.00448	0.00294	0.00760
12	0.01033	0.00811	0.01071	0.01023	0.02444	0.02739	0.02642	0.01190	0.03193	0.06057	0.01824	0.22611	0.01955	0.20611	0.10715	0.00375	0.17929	0.00870	0.00382	0.00525
13	0.00723	0.00529	0.00681	0.00761	0.00842	0.00492	0.00551	0.00871	0.01192	0.01578	0.15054	0.45620	0.13819	0.03565	0.00753	0.00224	0.00338	0.11413	0.00524	0.00469
14	0.02967	0.01110	0.01342	0.04233	0.06048	0.03591	0.03060	0.05095	0.03336	0.05594	0.01094	0.01246	0.00870	0.00465	0.00452	0.00110	0.00488	0.00383	0.00354	0.58163
15	0.01328	0.01487	0.11452	0.05606	0.60558	0.01313	0.01684	0.01776	0.06029	0.01822	0.01111	0.01394	0.00903	0.00516	0.00547	0.00168	0.00666	0.00492	0.00287	0.00861

[dist]
# distance from previous block
# <min> <max>
2	3

[block]
# block no. 5 follows, 43 sequences, length 14
# corresponding to MSA columns:
# 188-191,202-211
name=unknown_F
#
# <colnr> <probs for GDERKNQSTAVLIFYWHMCP>
#	G	D	E	R	K	N	Q	S	T	A	V	L	I	F	Y	W	H	M	C	P
0	0.09085	0.05610	0.03696	0.04419	0.01476	0.01211	0.00886	0.20441	0.03070	0.15724	0.08819	0.01791	0.01445	0.06116	0.00763	0.00190	0.06021	0.00534	0.00466	0.08237
1	0.03500	0.09739	0.09089	0.04640	0.03880	0.01303	0.01051	0.17387	0.05631	0.17552	0.01446	0.05809	0.01129	0.00681	0.00606	0.00165	0.05926	0.00524	0.00443	0.09498
2	0.00880	0.00645	0.00724	0.00716	0.00791	0.00664	0.00468	0.01170	0.13129	0.01399	0.05635	0.09570	0.07140	0.50306	0.01987	0.00408	0.00474	0.03022	0.00416	0.00455
3	0.00793	0.00624	0.00717	0.00795	0.00863	0.03635	0.00545	0.00975	0.05290	0.01465	0.05475	0.56653	0.06486	0.09795	0.00908	0.00249	0.00379	0.03385	0.00492	0.00475
4	0.08427	0.14392	0.45779	0.01670	0.10794	0.01432	0.06681	0.01723	0.01163	0.01756	0.00954	0.01148	0.00724	0.00509	0.00495	0.00166	0.00739	0.00409	0.00252	0.00785
5	0.05859	0.17699	0.48674	0.01507	0.06915	0.01432	0.03553	0.01695	0.01175	0.01732	0.04232	0.01250	0.00909	0.00538	0.00493	0.00164	0.00721	0.00419	0.00261	0.00774
6	0.01717	0.00852	0.01082	0.00917	0.01219	0.00796	0.00733	0.07472	0.05948	0.38277	0.12401	0.11413	0.09005	0.00973	0.00606	0.00184	0.00420	0.04608	0.00615	0.00763
7	0.01351	0.00995	0.01264	0.02878	0.02834	0.01061	0.04509	0.27525	0.01649	0.04862	0.04861	0.24341	0.02014	0.03357	0.06602	0.00252	0.02808	0.02269	0.03887	0.00681
8	0.08634	0.01060	0.01721	0.08026	0.03935	0.01125	0.21007	0.02941	0.02661	0.01717	0.04867	0.11484	0.04966	0.04913	0.00887	0.00210	0.12132	0.02149	0.00352	0.05212
9	0.06827	0.00842	0.01063	0.02161	0.02832	0.00906	0.03663	0.10871	0.04517	0.04520	0.05278	0.20738	0.01936	0.06681	0.00945	0.06754	0.06441	0.00802	0.11640	0.00583
10	0.07258	0.00881	0.06086	0.00884	0.01091	0.00798	0.00715	0.01443	0.12146	0.08171	0.11648	0.27536	0.09717	0.04934	0.00768	0.00213	0.03627	0.00985	0.00496	0.00602
11	0.05263	0.04870	0.05260	0.02347	0.01540	0.09505	0.03932	0.21364	0.11815	0.02275	0.09248	0.01835	0.04707	0.00735	0.00648	0.00171	0.07436	0.00561	0.03767	0.02721
12	0.13480	0.08722	0.09503	0.05677	0.07832	0.04528	0.07592	0.05981	0.03846	0.01827	0.01498	0.11277	0.04330	0.05182	0.00648	0.00189	0.00587	0.00619	0.00350	0.06333
13	0.08484	0.12600	0.33317	0.03241	0.08235	0.05863	0.08518	0.01771	0.04245	0.01760	0.01003	0.01188	0.00772	0.00514	0.00494	0.00160	0.00718	0.00417	0.00275	0.06426

[dist]
# distance from previous block
# <min> <max>
7	49

[block]
# block no. 6 follows, 43 sequences, length 28
# corresponding to MSA columns:
# 266-293
name=unknown_G
#
# <colnr> <probs for GDERKNQSTAVLIFYWHMCP>
#	G	D	E	R	K	N	Q	S	T	A	V	L	I	F	Y	W	H	M	C	P
0	0.03478	0.00940	0.01142	0.05656	0.03001	0.00919	0.00784	0.13128	0.06158	0.16824	0.02224	0.13429	0.09496	0.04555	0.00671	0.00187	0.00463	0.02868	0.00495	0.13583
1	0.01206	0.03278	0.11954	0.01115	0.04518	0.00959	0.02503	0.12632	0.03252	0.06587	0.08217	0.21892	0.06367	0.03627	0.00684	0.00192	0.01880	0.00844	0.03254	0.05039
2	0.06666	0.02922	0.03567	0.04296	0.15720	0.09962	0.34209	0.01746	0.02866	0.01762	0.01141	0.03489	0.00930	0.00556	0.00612	0.00175	0.03428	0.00565	0.04666	0.00724
3	0.05362	0.01357	0.08299	0.01489	0.14091	0.04805	0.01085	0.19216	0.12362	0.06015	0.03251	0.08485	0.06105	0.00880	0.02478	0.00196	0.00582	0.02710	0.00452	0.00779
4	0.06486	0.11023	0.09530	0.06771	0.04797	0.13013	0.01050	0.04471	0.10621	0.03556	0.01378	0.08651	0.01237	0.05253	0.02934	0.00213	0.05606	0.00565	0.02165	0.00679
5	0.03086	0.05776	0.01373	0.01058	0.01299	0.04178	0.10003	0.10513	0.04735	0.03143	0.05599	0.06196	0.12741	0.13980	0.02443	0.00249	0.06291	0.00728	0.06001	0.00607
6	0.03704	0.08529	0.28152	0.01746	0.12303	0.01300	0.15296	0.03859	0.01287	0.07904	0.05108	0.01479	0.01075	0.00567	0.00563	0.00170	0.02192	0.00505	0.03480	0.00780
7	0.04600	0.31132	0.17005	0.01092	0.01547	0.11132	0.01085	0.01726	0.01262	0.08305	0.08049	0.05515	0.01336	0.00641	0.00472	0.00149	0.00621	0.00482	0.00338	0.03509
8	0.01172	0.00948	0.06935	0.00938	0.01187	0.03347	0.00812	0.05300	0.03946	0.11858	0.25166	0.08203	0.09506	0.01117	0.00646	0.00195	0.00442	0.17116	0.00539	0.00627
9	0.01955	0.00974	0.01226	0.00927	0.01361	0.00835	0.00757	0.07078	0.01491	0.44316	0.01723	0.01621	0.01168	0.00594	0.00501	0.00140	0.00450	0.00478	0.04915	0.27488
10	0.00922	0.00624	0.00853	0.00924	0.01060	0.00604	0.00775	0.01161	0.01328	0.05294	0.17101	0.11420	0.05642	0.01427	0.00726	0.00231	0.00439	0.48405	0.00538	0.00527
11	0.00728	0.00561	0.00665	0.00645	0.00795	0.00498	0.00482	0.00936	0.01429	0.01904	0.45843	0.07142	0.33850	0.01261	0.00656	0.00181	0.00271	0.01088	0.00568	0.00498
12	0.68358	0.01122	0.00986	0.03505	0.04291	0.01289	0.00723	0.07710	0.04011	0.02498	0.00892	0.01018	0.00686	0.00536	0.00384	0.00172	0.00463	0.00343	0.00363	0.00650
13	0.00720	0.00509	0.00648	0.00734	0.00770	0.00488	0.00486	0.00804	0.01008	0.01337	0.02769	0.51987	0.06101	0.22019	0.03476	0.00324	0.00417	0.04515	0.00462	0.00425
14	0.04824	0.59318	0.06134	0.01152	0.05022	0.07472	0.01047	0.01681	0.01140	0.01401	0.00797	0.00954	0.00715	0.00519	0.00480	0.00135	0.05928	0.00328	0.00247	0.00707
15	0.05525	0.01059	0.01336	0.01029	0.01456	0.00996	0.00850	0.15952	0.01747	0.61064	0.01975	0.01746	0.01263	0.00675	0.00548	0.00170	0.00495	0.00537	0.00648	0.00929
16	0.00879	0.00631	0.00876	0.00999	0.01126	0.00627	0.00868	0.01126	0.01268	0.01646	0.03013	0.08401	0.05314	0.01532	0.00760	0.00252	0.00498	0.69166	0.00510	0.00507
17	0.01201	0.01592	0.17322	0.07060	0.13035	0.01258	0.34459	0.01689	0.04376	0.01747	0.01441	0.04396	0.04382	0.00616	0.00609	0.00185	0.00777	0.02804	0.00305	0.00747
18	0.01084	0.01036	0.01698	0.68729	0.07069	0.02903	0.03467	0.01445	0.01137	0.01452	0.01067	0.01655	0.00846	0.00589	0.00564	0.00186	0.00736	0.03451	0.00260	0.00627
19	0.02468	0.00970	0.01302	0.00998	0.01427	0.00854	0.00825	0.05915	0.01630	0.74186	0.02147	0.01860	0.01352	0.00685	0.00557	0.00171	0.00477	0.00554	0.00680	0.00942
20	0.01938	0.02420	0.01607	0.09237	0.05073	0.67435	0.01143	0.02111	0.01511	0.01380	0.00877	0.01062	0.00723	0.00566	0.00507	0.00148	0.00959	0.00376	0.00281	0.00649
21	0.02105	0.01551	0.01662	0.01274	0.01717	0.01717	0.01053	0.75235	0.02604	0.03490	0.01330	0.01330	0.00942	0.00665	0.00554	0.00166	0.00609	0.00499	0.00554	0.00942
22	0.01378	0.01190	0.01252	0.01127	0.01440	0.01378	0.00877	0.02943	0.76081	0.02317	0.02254	0.02066	0.01691	0.00751	0.00564	0.00188	0.00438	0.00626	0.00564	0.00877
23	0.00673	0.00489	0.00635	0.00751	0.00798	0.00452	0.00505	0.00773	0.01079	0.01422	0.03293	0.73135	0.10547	0.01704	0.00702	0.00221	0.00317	0.01536	0.00514	0.00452
24	0.01118	0.02812	0.74782	0.01608	0.02416	0.01291	0.04878	0.01755	0.01175	0.01755	0.00999	0.01182	0.00707	0.00524	0.00531	0.00176	0.00823	0.00419	0.00236	0.00816
25	0.01481	0.80869	0.02902	0.00948	0.01421	0.02191	0.00948	0.01658	0.01125	0.01303	0.00770	0.00888	0.00711	0.00474	0.00355	0.00118	0.00592	0.00296	0.00237	0.00711
26	0.00805	0.00537	0.00604	0.00604	0.00604	0.00537	0.00336	0.00805	0.00805	0.01074	0.01745	0.03624	0.02013	0.80536	0.02819	0.00537	0.00537	0.00805	0.00336	0.00336
27	0.01117	0.00613	0.00631	0.00594	0.00748	0.00627	0.00451	0.08050	0.01296	0.02172	0.04096	0.02106	0.01511	0.02934	0.00480	0.00145	0.00298	0.00538	0.71042	0.00550

[dist]
# distance from previous block
# <min> <max>
0	3

[block]
# block no. 7 follows, 43 sequences, length 50
# corresponding to MSA columns:
# 297-346
name=unknown_H
#
# <colnr> <probs for GDERKNQSTAVLIFYWHMCP>
#	G	D	E	R	K	N	Q	S	T	A	V	L	I	F	Y	W	H	M	C	P
0	0.01045	0.00963	0.01609	0.75632	0.03671	0.01198	0.01486	0.01409	0.01110	0.01445	0.01022	0.01503	0.00769	0.00558	0.00546	0.00182	0.00716	0.00493	0.04032	0.00611
1	0.02105	0.01551	0.01662	0.01274	0.01717	0.01717	0.01053	0.75235	0.02604	0.03490	0.01330	0.01330	0.00942	0.00665	0.00554	0.00166	0.00609	0.00499	0.00554	0.00942
2	0.00791	0.00593	0.00890	0.00890	0.00989	0.00692	0.00692	0.00989	0.00890	0.01286	0.01483	0.02176	0.01385	0.04154	0.78341	0.00890	0.01483	0.00593	0.00297	0.00494
3	0.00801	0.00535	0.00605	0.00610	0.00611	0.00534	0.00342	0.00804	0.00815	0.01086	0.01793	0.06421	0.02074	0.77657	0.02742	0.00526	0.00529	0.00833	0.00342	0.00340
4	0.00881	0.00634	0.00876	0.00997	0.01128	0.00629	0.00869	0.01130	0.01274	0.01649	0.03064	0.06202	0.06817	0.01524	0.00760	0.00252	0.00499	0.69797	0.00510	0.00508
5	0.00805	0.00537	0.00604	0.00604	0.00604	0.00537	0.00336	0.00805	0.00805	0.01074	0.01745	0.03624	0.02013	0.80536	0.02819	0.00537	0.00537	0.00805	0.00336	0.00336
6	0.01212	0.01212	0.01696	0.01454	0.01454	0.01696	0.01212	0.01333	0.00848	0.01333	0.00727	0.01212	0.00727	0.00969	0.01818	0.00242	0.79523	0.00485	0.00242	0.00606
7	0.50312	0.06632	0.13359	0.05795	0.09402	0.01322	0.02800	0.01648	0.01042	0.02142	0.00855	0.01039	0.00666	0.00512	0.00414	0.00169	0.00555	0.00357	0.00304	0.00675
8	0.00803	0.00577	0.00787	0.00906	0.01001	0.00561	0.00730	0.00998	0.01207	0.01583	0.05498	0.32708	0.05727	0.01587	0.00737	0.00239	0.00427	0.42922	0.00515	0.00487
9	0.01453	0.75022	0.08506	0.00995	0.01495	0.02124	0.01030	0.01666	0.01129	0.01337	0.00787	0.00909	0.00710	0.00478	0.00368	0.00123	0.00609	0.00305	0.00237	0.00719
10	0.01331	0.00721	0.00908	0.00773	0.01043	0.00623	0.00610	0.01546	0.01458	0.26188	0.27644	0.03506	0.21129	0.01004	0.00605	0.00171	0.00351	0.02370	0.00586	0.07432
11	0.01839	0.04714	0.01702	0.04730	0.03723	0.46073	0.04136	0.10908	0.07294	0.01714	0.01028	0.01184	0.00827	0.00618	0.00623	0.00160	0.07264	0.00424	0.00332	0.00705
12	0.01405	0.04938	0.10943	0.13617	0.24140	0.09351	0.09092	0.09755	0.01391	0.01825	0.01233	0.01486	0.04260	0.00588	0.00596	0.00171	0.03630	0.00508	0.00306	0.00765
13	0.01226	0.00984	0.01153	0.00843	0.01309	0.00773	0.00674	0.04776	0.01240	0.05040	0.02906	0.03519	0.01035	0.00488	0.00437	0.00096	0.00416	0.00397	0.00365	0.72324
14	0.01349	0.01525	0.09913	0.05177	0.02548	0.03026	0.48804	0.01822	0.04357	0.06864	0.01265	0.04082	0.00980	0.00558	0.00648	0.00183	0.02819	0.00626	0.00322	0.03130
15	0.01830	0.01353	0.03181	0.01207	0.01567	0.01462	0.01007	0.49214	0.04045	0.08829	0.03853	0.05005	0.01312	0.00907	0.03518	0.00206	0.07164	0.02974	0.00521	0.00845
16	0.00711	0.00576	0.00635	0.00635	0.00801	0.00508	0.00477	0.00915	0.03254	0.01674	0.20633	0.10081	0.51910	0.01354	0.00659	0.00189	0.00291	0.03669	0.00536	0.00490
17	0.00805	0.00537	0.00604	0.00604	0.00604	0.00537	0.00336	0.00805	0.00805	0.01074	0.01745	0.03624	0.02013	0.80536	0.02819	0.00537	0.00537	0.00805	0.00336	0.00336
18	0.01250	0.01194	0.02057	0.25768	0.48622	0.01263	0.04821	0.01593	0.01218	0.01684	0.01114	0.01629	0.00939	0.00557	0.00564	0.00176	0.00687	0.03809	0.00277	0.00777
19	0.00811	0.00600	0.00839	0.00830	0.00898	0.00685	0.00611	0.00950	0.00865	0.01228	0.01529	0.02548	0.01537	0.25527	0.54298	0.00767	0.04069	0.00649	0.00306	0.00454
20	0.00687	0.00487	0.00639	0.00756	0.00785	0.00458	0.00498	0.00774	0.01037	0.01383	0.02934	0.73255	0.03514	0.08858	0.00898	0.00253	0.00341	0.01505	0.00498	0.00440
21	0.01148	0.00984	0.01148	0.00820	0.01312	0.00738	0.00656	0.01395	0.01148	0.01805	0.00984	0.01148	0.00820	0.00410	0.00410	0.00082	0.00410	0.00328	0.00328	0.83922
22	0.00748	0.00559	0.00684	0.00686	0.00811	0.00510	0.00508	0.00941	0.01358	0.01824	0.39837	0.12725	0.23124	0.07117	0.00826	0.00215	0.00310	0.06184	0.00548	0.00486
23	0.00675	0.00482	0.00643	0.00771	0.00803	0.00450	0.00514	0.00771	0.01060	0.01414	0.03053	0.80175	0.03663	0.01735	0.00707	0.00225	0.00321	0.01574	0.00514	0.00450
24	0.01901	0.01378	0.01571	0.01220	0.01619	0.01502	0.04077	0.58587	0.02303	0.05617	0.04486	0.01556	0.01178	0.00834	0.04084	0.00198	0.00621	0.00533	0.05866	0.00869
25	0.00805	0.00537	0.00604	0.00604	0.00604	0.00537	0.00336	0.00805	0.00805	0.01074	0.01745	0.03624	0.02013	0.80536	0.02819	0.00537	0.00537	0.00805	0.00336	0.00336
26	0.01420	0.01101	0.01201	0.01068	0.01373	0.01234	0.00833	0.02720	0.61172	0.09415	0.10112	0.02268	0.02033	0.00785	0.00572	0.00185	0.00423	0.00659	0.00580	0.00845
27	0.01111	0.02865	0.77667	0.01579	0.02397	0.01286	0.02046	0.01754	0.01169	0.01754	0.00994	0.01169	0.00702	0.00526	0.00526	0.00175	0.00818	0.00409	0.00234	0.00818
28	0.02105	0.01551	0.01662	0.01274	0.01717	0.01717	0.01053	0.75235	0.02604	0.03490	0.01330	0.01330	0.00942	0.00665	0.00554	0.00166	0.00609	0.00499	0.00554	0.00942
29	0.00793	0.00586	0.00854	0.00854	0.00940	0.00673	0.00647	0.00966	0.00879	0.01259	0.01517	0.02359	0.01464	0.13813	0.68791	0.00845	0.01364	0.00620	0.00302	0.00474
30	0.00655	0.00561	0.00561	0.00561	0.00748	0.00468	0.00421	0.00795	0.01262	0.01496	0.05610	0.05330	0.76857	0.01403	0.00655	0.00187	0.00281	0.01169	0.00514	0.00468
31	0.00791	0.00593	0.00890	0.00890	0.00989	0.00692	0.00692	0.00989	0.00890	0.01286	0.01483	0.02176	0.01385	0.04154	0.78341	0.00890	0.01483	0.00593	0.00297	0.00494
32	0.01314	0.04832	0.03253	0.02276	0.02833	0.01434	0.71953	0.01769	0.01300	0.01754	0.01106	0.01468	0.00835	0.00467	0.00641	0.00184	0.00919	0.00639	0.00278	0.00745
33	0.00699	0.00502	0.00669	0.00795	0.00842	0.00472	0.00555	0.00815	0.01090	0.01444	0.03101	0.69827	0.05395	0.01703	0.00712	0.00227	0.00342	0.09838	0.00514	0.00457
34	0.01481	0.80869	0.02902	0.00948	0.01421	0.02191	0.00948	0.01658	0.01125	0.01303	0.00770	0.00888	0.00711	0.00474	0.00355	0.00118	0.00592	0.00296	0.00237	0.00711
35	0.07070	0.08621	0.07907	0.04549	0.07306	0.09609	0.01079	0.13745	0.14534	0.16207	0.01538	0.01537	0.02620	0.00633	0.00518	0.00166	0.00602	0.00491	0.00448	0.00817
36	0.00904	0.00740	0.03957	0.00875	0.01009	0.00672	0.00671	0.10551	0.01286	0.01711	0.02807	0.52458	0.06835	0.04935	0.00774	0.00230	0.00404	0.08150	0.00500	0.00531
37	0.02069	0.02640	0.01569	0.01427	0.01712	0.78313	0.01070	0.02212	0.01569	0.01355	0.00856	0.00999	0.00713	0.00571	0.00499	0.00143	0.00999	0.00357	0.00285	0.00642
38	0.01111	0.02865	0.77667	0.01579	0.02397	0.01286	0.02046	0.01754	0.01169	0.01754	0.00994	0.01169	0.00702	0.00526	0.00526	0.00175	0.00818	0.00409	0.00234	0.00818
39	0.05095	0.16956	0.04540	0.04099	0.47394	0.07746	0.01439	0.01711	0.01232	0.01683	0.00968	0.01238	0.00822	0.00576	0.02141	0.00170	0.00687	0.00435	0.00269	0.00798
40	0.01039	0.02458	0.07693	0.00950	0.01211	0.05517	0.03813	0.07750	0.02951	0.03402	0.03281	0.19481	0.27994	0.01190	0.00631	0.00193	0.00469	0.07316	0.02075	0.00587
41	0.00752	0.00540	0.00705	0.00775	0.00846	0.00512	0.00543	0.03144	0.01240	0.01686	0.21438	0.56812	0.03958	0.01546	0.00690	0.00211	0.00320	0.03258	0.00539	0.00485
42	0.01362	0.01386	0.01951	0.08459	0.02032	0.11883	0.22462	0.09157	0.01319	0.01730	0.01237	0.09013	0.01114	0.00861	0.03282	0.00213	0.17502	0.00628	0.03744	0.00665
43	0.03199	0.00946	0.06755	0.07834	0.03240	0.00813	0.02957	0.02781	0.06811	0.05018	0.05732	0.22568	0.10618	0.02953	0.00655	0.00193	0.00464	0.05276	0.00442	0.10745
44	0.03715	0.01184	0.01305	0.01007	0.01413	0.01181	0.00816	0.35196	0.03773	0.02655	0.09878	0.01691	0.02899	0.00645	0.00510	0.00139	0.00480	0.00510	0.02477	0.28525
45	0.04047	0.01154	0.04339	0.02803	0.02905	0.05241	0.00859	0.09547	0.13637	0.14502	0.10919	0.02217	0.01785	0.04732	0.00659	0.00181	0.00501	0.04697	0.00486	0.14789
46	0.19130	0.13518	0.11610	0.04163	0.04935	0.15530	0.05491	0.07421	0.01319	0.03896	0.01020	0.01182	0.00795	0.00545	0.00458	0.00156	0.00662	0.00400	0.07067	0.00703
47	0.25127	0.09392	0.14182	0.04733	0.09624	0.09707	0.01079	0.01700	0.04225	0.03693	0.02849	0.01496	0.03288	0.06029	0.00623	0.00190	0.00611	0.00450	0.00324	0.00678
48	0.06943	0.17128	0.01488	0.02602	0.05444	0.06491	0.00838	0.10005	0.04856	0.06000	0.18770	0.06780	0.03720	0.00825	0.00535	0.00165	0.00495	0.03819	0.02420	0.00676
49	0.04880	0.01219	0.04981	0.06178	0.01715	0.02795	0.09503	0.11936	0.14055	0.11777	0.04564	0.02000	0.08541	0.00713	0.00600	0.00171	0.03434	0.00597	0.01991	0.08353

[dist]
# distance from previous block
# <min> <max>
2	52

[block]
# block no. 8 follows, 43 sequences, length 25
# corresponding to MSA columns:
# 399-423
name=unknown_I
#
# <colnr> <probs for GDERKNQSTAVLIFYWHMCP>
#	G	D	E	R	K	N	Q	S	T	A	V	L	I	F	Y	W	H	M	C	P
0	0.01352	0.06188	0.20636	0.06876	0.08155	0.16934	0.02732	0.07239	0.01391	0.01780	0.10150	0.04482	0.01434	0.00860	0.04942	0.00204	0.00752	0.00538	0.00335	0.03019
1	0.06043	0.02414	0.01071	0.03796	0.01276	0.03119	0.00769	0.06040	0.15089	0.13306	0.09599	0.10094	0.05122	0.00982	0.00615	0.01753	0.00448	0.11071	0.05243	0.02149
2	0.01189	0.00962	0.03083	0.00882	0.01055	0.04499	0.00661	0.19877	0.01395	0.01821	0.02033	0.10116	0.06795	0.36326	0.01592	0.00343	0.00547	0.05849	0.00426	0.00549
3	0.08958	0.01433	0.16603	0.02988	0.20455	0.03399	0.01215	0.07121	0.06506	0.01920	0.04126	0.13509	0.05580	0.03019	0.00621	0.00190	0.00574	0.00688	0.00375	0.00720
4	0.06282	0.01415	0.01416	0.04853	0.10938	0.14571	0.00991	0.17296	0.17627	0.03454	0.04293	0.01772	0.03419	0.04411	0.00639	0.00183	0.00599	0.00540	0.03125	0.02177
5	0.10084	0.55598	0.02415	0.01014	0.01435	0.08569	0.04605	0.01672	0.01149	0.01489	0.00865	0.01024	0.00760	0.00605	0.02741	0.00153	0.00639	0.00339	0.04165	0.00679
6	0.01216	0.00986	0.01196	0.03283	0.03492	0.00834	0.00774	0.04946	0.04706	0.04182	0.01336	0.01861	0.01172	0.00590	0.00480	0.00120	0.00451	0.09298	0.00379	0.58698
7	0.00881	0.00574	0.00679	0.00686	0.00741	0.00559	0.00435	0.03156	0.01003	0.04864	0.03813	0.23894	0.06207	0.47862	0.01931	0.00401	0.00460	0.01011	0.00421	0.00423
8	0.06592	0.10124	0.07001	0.32054	0.14939	0.03365	0.01341	0.04588	0.05446	0.04140	0.01091	0.01386	0.00850	0.00669	0.02583	0.01671	0.00686	0.00461	0.00302	0.00712
9	0.05905	0.01053	0.03931	0.00856	0.01331	0.00805	0.00713	0.03479	0.01199	0.03876	0.03038	0.02642	0.00987	0.00477	0.00430	0.00100	0.00428	0.00380	0.00352	0.68018
10	0.00687	0.00491	0.00657	0.00785	0.00823	0.00460	0.00536	0.00792	0.01072	0.01428	0.03046	0.75991	0.03636	0.01723	0.00710	0.00227	0.00332	0.05637	0.00514	0.00453
11	0.07560	0.11271	0.06423	0.08233	0.03453	0.01025	0.00858	0.05620	0.02760	0.05423	0.21563	0.08167	0.07322	0.00877	0.00550	0.00171	0.00455	0.02584	0.05054	0.00632
12	0.06806	0.15870	0.01535	0.04702	0.01450	0.13266	0.00877	0.15213	0.05717	0.03211	0.05011	0.08668	0.04969	0.03306	0.02983	0.00198	0.03433	0.00597	0.01511	0.00677
13	0.00721	0.00548	0.00762	0.00801	0.00885	0.00506	0.03682	0.00861	0.01163	0.01556	0.14980	0.55421	0.10565	0.03864	0.00753	0.00221	0.00340	0.01383	0.00514	0.00472
14	0.00682	0.00487	0.00638	0.00756	0.00790	0.00455	0.00501	0.00774	0.01051	0.01397	0.03050	0.73640	0.05655	0.06255	0.00827	0.00242	0.00333	0.01519	0.00504	0.00444
15	0.01245	0.04527	0.37917	0.04454	0.07334	0.01372	0.28852	0.04436	0.01275	0.01804	0.01049	0.01309	0.00774	0.00507	0.00571	0.00177	0.00834	0.00507	0.00266	0.00791
16	0.01329	0.01188	0.01724	0.16978	0.02094	0.05469	0.16464	0.13624	0.01386	0.01924	0.01256	0.03366	0.01026	0.02882	0.02226	0.00201	0.10338	0.00558	0.15303	0.00665
17	0.01171	0.01444	0.12769	0.12801	0.05004	0.01395	0.21637	0.01506	0.01079	0.01542	0.01023	0.03657	0.00877	0.00862	0.04591	0.00236	0.26909	0.00558	0.00264	0.00676
18	0.74824	0.07634	0.01002	0.00755	0.01112	0.01306	0.00636	0.01667	0.00979	0.04946	0.00819	0.00932	0.00635	0.00517	0.00351	0.00167	0.00443	0.00308	0.00346	0.00621
19	0.00673	0.00490	0.00634	0.00749	0.00797	0.00452	0.00504	0.00774	0.01082	0.01423	0.03324	0.72217	0.11445	0.01700	0.00701	0.00221	0.00317	0.01531	0.00514	0.00452
20	0.00731	0.00524	0.00713	0.00835	0.00893	0.00505	0.00611	0.00870	0.01103	0.01465	0.02952	0.59200	0.03446	0.01799	0.04304	0.00263	0.00419	0.18399	0.00503	0.00466
21	0.01468	0.01290	0.01299	0.01153	0.01475	0.05237	0.00900	0.08442	0.66742	0.02359	0.02114	0.01957	0.01585	0.00736	0.00560	0.00184	0.00479	0.00603	0.00549	0.00870
22	0.01349	0.35008	0.34179	0.01459	0.07147	0.04288	0.04655	0.01745	0.01185	0.02996	0.00928	0.01089	0.00737	0.00504	0.00462	0.00150	0.00718	0.00380	0.00250	0.00771
23	0.01080	0.01044	0.01837	0.69582	0.05605	0.01250	0.08884	0.01458	0.01131	0.01461	0.00999	0.01476	0.00752	0.00543	0.00564	0.00184	0.00756	0.00508	0.00250	0.00635
24	0.00674	0.00548	0.00599	0.00625	0.00776	0.00473	0.00460	0.00816	0.01242	0.01530	0.09474	0.20180	0.55580	0.01456	0.00668	0.00196	0.00294	0.03421	0.00520	0.00469

[dist]
# distance from previous block
# <min> <max>
0	29

[block]
# block no. 9 follows, 43 sequences, length 21
# corresponding to MSA columns:
# 453-473
name=unknown_J
#
# <colnr> <probs for GDERKNQSTAVLIFYWHMCP>
#	G	D	E	R	K	N	Q	S	T	A	V	L	I	F	Y	W	H	M	C	P
0	0.02823	0.06908	0.05417	0.34162	0.06443	0.04364	0.17523	0.01632	0.05707	0.01634	0.04793	0.01668	0.03342	0.00590	0.00562	0.00177	0.00720	0.00554	0.00302	0.00680
1	0.01442	0.06477	0.34748	0.01508	0.03415	0.14001	0.08106	0.01969	0.07769	0.07911	0.01244	0.01491	0.00957	0.00610	0.00580	0.00174	0.03251	0.03248	0.00324	0.00775
2	0.01119	0.02805	0.74426	0.01611	0.02419	0.01291	0.05227	0.01755	0.01175	0.01755	0.00999	0.01183	0.00708	0.00524	0.00532	0.00176	0.00824	0.00420	0.00236	0.00815
3	0.00738	0.00512	0.00639	0.00716	0.00739	0.00494	0.00460	0.00803	0.00968	0.01288	0.02519	0.45789	0.02975	0.33505	0.01561	0.00352	0.00417	0.04676	0.00442	0.00407
4	0.01412	0.01422	0.03812	0.24211	0.40064	0.09449	0.01539	0.08205	0.01368	0.01799	0.01030	0.01353	0.00822	0.00535	0.00545	0.00168	0.00716	0.00477	0.00291	0.00783
5	0.03239	0.10364	0.01453	0.01021	0.01340	0.01357	0.02104	0.36655	0.01813	0.02562	0.01421	0.04330	0.01151	0.02402	0.04028	0.00196	0.03006	0.00526	0.20288	0.00744
6	0.84448	0.01071	0.00814	0.00728	0.01071	0.01242	0.00600	0.01628	0.00943	0.02485	0.00771	0.00900	0.00600	0.00514	0.00343	0.00171	0.00428	0.00300	0.00343	0.00600
7	0.01050	0.05242	0.36533	0.01249	0.04826	0.03958	0.01307	0.01451	0.01268	0.03428	0.14293	0.07911	0.13532	0.00849	0.00573	0.00176	0.00591	0.00707	0.00373	0.00683
8	0.03414	0.02463	0.58023	0.01773	0.07694	0.01287	0.12328	0.01734	0.01198	0.01790	0.02620	0.01285	0.00827	0.00528	0.00544	0.00176	0.00801	0.00460	0.00254	0.00800
9	0.00792	0.00591	0.00879	0.00879	0.00974	0.00686	0.00678	0.00982	0.00887	0.01277	0.01494	0.02233	0.01410	0.07194	0.75335	0.00876	0.01446	0.00602	0.00298	0.00488
10	0.00962	0.00481	0.00722	0.00722	0.00722	0.00481	0.00481	0.00722	0.00722	0.00962	0.00962	0.01684	0.00962	0.01924	0.02165	0.83886	0.00481	0.00481	0.00241	0.00241
11	0.02121	0.04616	0.01450	0.01207	0.07502	0.01095	0.00910	0.16358	0.05341	0.44841	0.01843	0.01715	0.01239	0.00657	0.00535	0.00165	0.00501	0.00530	0.06481	0.00893
12	0.00674	0.00486	0.00639	0.00761	0.00801	0.00451	0.00510	0.00772	0.01070	0.01418	0.03177	0.76520	0.07237	0.01719	0.00704	0.00223	0.00319	0.01555	0.00514	0.00451
13	0.01111	0.02865	0.77667	0.01579	0.02397	0.01286	0.02046	0.01754	0.01169	0.01754	0.00994	0.01169	0.00702	0.00526	0.00526	0.00175	0.00818	0.00409	0.00234	0.00818
14	0.01074	0.01030	0.01792	0.71524	0.05905	0.01245	0.06757	0.01449	0.01126	0.01452	0.00996	0.01475	0.00750	0.00546	0.00561	0.00184	0.00750	0.00504	0.00249	0.00632
15	0.01391	0.03805	0.02164	0.11368	0.61430	0.01363	0.01613	0.06882	0.01335	0.01870	0.01047	0.01364	0.00862	0.00512	0.00543	0.00165	0.00661	0.00487	0.00290	0.00848
16	0.00675	0.00482	0.00643	0.00771	0.00803	0.00450	0.00514	0.00771	0.01060	0.01414	0.03053	0.80175	0.03663	0.01735	0.00707	0.00225	0.00321	0.01574	0.00514	0.00450
17	0.01032	0.00516	0.00516	0.00516	0.00645	0.00516	0.00387	0.01290	0.01161	0.02065	0.01807	0.02065	0.01420	0.00645	0.00387	0.00129	0.00258	0.00516	0.83611	0.00516
18	0.13902	0.04047	0.01602	0.05521	0.01651	0.01463	0.07882	0.17386	0.09538	0.02146	0.01168	0.01418	0.00940	0.02130	0.02991	0.00214	0.20683	0.00495	0.04113	0.00712
19	0.05132	0.03973	0.01267	0.00945	0.01341	0.00847	0.00776	0.02387	0.01488	0.61258	0.03978	0.07097	0.01544	0.00740	0.00547	0.00169	0.00456	0.00607	0.00626	0.04821
20	0.00743	0.00533	0.00692	0.00790	0.00845	0.00509	0.00538	0.04086	0.01152	0.01542	0.06283	0.73268	0.03612	0.01661	0.00698	0.00220	0.00331	0.01501	0.00520	0.00475

[dist]
# distance from previous block
# <min> <max>
2	10

[block]
# block no. 10 follows, 43 sequences, length 31
# corresponding to MSA columns:
# 552-556,560-585
name=unknown_K
#
# <colnr> <probs for GDERKNQSTAVLIFYWHMCP>
#	G	D	E	R	K	N	Q	S	T	A	V	L	I	F	Y	W	H	M	C	P
0	0.00682	0.00560	0.00601	0.00596	0.00767	0.00479	0.00445	0.00847	0.01320	0.01646	0.20532	0.07445	0.59444	0.01356	0.00656	0.00186	0.00278	0.01146	0.00534	0.00479
1	0.03212	0.01380	0.01463	0.01296	0.06171	0.08951	0.03067	0.42174	0.01990	0.02672	0.01542	0.12636	0.01342	0.00788	0.00553	0.00169	0.00582	0.00641	0.08590	0.00785
2	0.00750	0.00590	0.00693	0.00691	0.00859	0.00518	0.00530	0.00938	0.01316	0.01714	0.23061	0.12278	0.37189	0.01320	0.00658	0.00190	0.00317	0.10207	0.00527	0.05653
3	0.01184	0.07997	0.61932	0.01641	0.03776	0.03251	0.09162	0.01760	0.01191	0.01717	0.00989	0.01182	0.00720	0.00517	0.00527	0.00172	0.00816	0.00426	0.00241	0.00801
4	0.01481	0.80869	0.02902	0.00948	0.01421	0.02191	0.00948	0.01658	0.01125	0.01303	0.00770	0.00888	0.00711	0.00474	0.00355	0.00118	0.00592	0.00296	0.00237	0.00711
5	0.00833	0.00578	0.00752	0.00702	0.00844	0.00530	0.00529	0.01090	0.01560	0.04549	0.72534	0.04099	0.07046	0.01126	0.00650	0.00174	0.00268	0.00992	0.00609	0.00534
6	0.00882	0.00650	0.00871	0.00993	0.03008	0.00648	0.00797	0.01144	0.03985	0.01600	0.02958	0.10214	0.08734	0.09290	0.00943	0.00271	0.00484	0.51532	0.00489	0.00509
7	0.01166	0.01208	0.06355	0.44418	0.29424	0.01251	0.01596	0.01557	0.02573	0.01597	0.01079	0.01555	0.00866	0.00560	0.00556	0.00179	0.00703	0.02367	0.00268	0.00722
8	0.02375	0.00967	0.01282	0.00999	0.01416	0.00870	0.00820	0.02723	0.08952	0.70034	0.02192	0.01903	0.01403	0.00692	0.00558	0.00173	0.00468	0.00564	0.00673	0.00936
9	0.00664	0.00556	0.00578	0.00583	0.00757	0.00470	0.00433	0.00810	0.01270	0.01540	0.10236	0.09885	0.67510	0.01405	0.00658	0.00189	0.00282	0.01183	0.00521	0.00470
10	0.01219	0.01408	0.09201	0.08739	0.01778	0.04537	0.01319	0.01416	0.00932	0.01383	0.00782	0.01224	0.00725	0.00871	0.01521	0.00227	0.61373	0.00473	0.00243	0.00629
11	0.00699	0.00521	0.00743	0.00831	0.00883	0.00486	0.03360	0.00809	0.01070	0.01428	0.02979	0.77172	0.03555	0.01687	0.00705	0.00223	0.00345	0.01539	0.00505	0.00461
12	0.01371	0.01316	0.02248	0.03399	0.77081	0.01316	0.01700	0.01700	0.01261	0.01809	0.01042	0.01371	0.00877	0.00493	0.00548	0.00164	0.00658	0.00493	0.00274	0.00877
13	0.02105	0.01551	0.01662	0.01274	0.01717	0.01717	0.01053	0.75235	0.02604	0.03490	0.01330	0.01330	0.00942	0.00665	0.00554	0.00166	0.00609	0.00499	0.00554	0.00942
14	0.00805	0.00537	0.00604	0.00604	0.00604	0.00537	0.00336	0.00805	0.00805	0.01074	0.01745	0.03624	0.02013	0.80536	0.02819	0.00537	0.00537	0.00805	0.00336	0.00336
15	0.01481	0.80869	0.02902	0.00948	0.01421	0.02191	0.00948	0.01658	0.01125	0.01303	0.00770	0.00888	0.00711	0.00474	0.00355	0.00118	0.00592	0.00296	0.00237	0.00711
16	0.00793	0.00587	0.00856	0.00856	0.00943	0.00674	0.00650	0.00967	0.00880	0.01260	0.01515	0.02348	0.01459	0.13237	0.69361	0.00848	0.01371	0.00619	0.00301	0.00476
17	0.01046	0.00984	0.01661	0.79205	0.03814	0.01230	0.01538	0.01415	0.01107	0.01415	0.00984	0.01477	0.00738	0.00554	0.00554	0.00185	0.00738	0.00492	0.00246	0.00615
18	0.00763	0.00567	0.00712	0.00680	0.00821	0.00515	0.00513	0.01003	0.01506	0.02077	0.62170	0.04403	0.18069	0.01191	0.00656	0.00178	0.00271	0.02802	0.00590	0.00512
19	0.00675	0.00482	0.00643	0.00771	0.00803	0.00450	0.00514	0.00771	0.01060	0.01414	0.03053	0.80175	0.03663	0.01735	0.00707	0.00225	0.00321	0.01574	0.00514	0.00450
20	0.02070	0.02601	0.01573	0.01421	0.01712	0.75604	0.01069	0.04794	0.01606	0.01431	0.00873	0.01010	0.00721	0.00574	0.00501	0.00144	0.00985	0.00362	0.00295	0.00653
21	0.00813	0.00695	0.00734	0.00836	0.00893	0.08149	0.00569	0.00914	0.01111	0.01408	0.02835	0.72345	0.03371	0.01620	0.00686	0.00217	0.00388	0.01454	0.00491	0.00469
22	0.00684	0.00491	0.00652	0.00777	0.00817	0.00459	0.00529	0.00789	0.01075	0.01427	0.03106	0.75132	0.05334	0.01718	0.00708	0.00225	0.00329	0.04781	0.00514	0.00453
23	0.00704	0.00503	0.00676	0.00805	0.00849	0.00475	0.00565	0.00822	0.01089	0.01446	0.03036	0.70263	0.03599	0.01708	0.00715	0.00229	0.00347	0.11198	0.00514	0.00458
24	0.00792	0.00591	0.00880	0.00880	0.00975	0.00687	0.00680	0.00983	0.00887	0.01278	0.01493	0.02227	0.01407	0.06842	0.75684	0.00878	0.01450	0.00601	0.00298	0.00489
25	0.06492	0.01484	0.08241	0.11274	0.11218	0.01397	0.37020	0.08956	0.01352	0.01928	0.01067	0.01387	0.00812	0.00530	0.00644	0.00183	0.04407	0.00552	0.00301	0.00755
26	0.00675	0.00482	0.00643	0.00771	0.00803	0.00450	0.00514	0.00771	0.01060	0.01414	0.03053	0.80175	0.03663	0.01735	0.00707	0.00225	0.00321	0.01574	0.00514	0.00450
27	0.01157	0.01089	0.01595	0.46327	0.02879	0.03443	0.06228	0.01826	0.20936	0.01676	0.01453	0.06493	0.01177	0.00674	0.00571	0.00187	0.00654	0.00602	0.00350	0.00684
28	0.59360	0.02688	0.06187	0.03371	0.01329	0.03228	0.00842	0.01597	0.00966	0.02168	0.00788	0.00988	0.00636	0.00590	0.00603	0.00182	0.13201	0.00344	0.00313	0.00619
29	0.01190	0.02014	0.38300	0.09448	0.05979	0.01261	0.20580	0.01750	0.04435	0.03593	0.02625	0.01548	0.03582	0.00567	0.00572	0.00180	0.00779	0.00534	0.00291	0.00771
30	0.02763	0.03867	0.18920	0.02115	0.25069	0.01239	0.15662	0.01626	0.01216	0.01756	0.01204	0.01782	0.01039	0.00607	0.00607	0.00174	0.03477	0.07685	0.00294	0.08899

[dist]
# distance from previous block
# <min> <max>
0	5

[block]
# block no. 11 follows, 43 sequences, length 25
# corresponding to MSA columns:
# 621-645
name=unknown_L
#
# <colnr> <probs for GDERKNQSTAVLIFYWHMCP>
#	G	D	E	R	K	N	Q	S	T	A	V	L	I	F	Y	W	H	M	C	P
0	0.00840	0.00593	0.00756	0.00706	0.00855	0.00550	0.00533	0.01125	0.03542	0.04368	0.67154	0.04107	0.10509	0.01130	0.00648	0.00175	0.00274	0.00991	0.00603	0.00540
1	0.01903	0.10229	0.08901	0.01444	0.03830	0.59003	0.01167	0.04467	0.01513	0.01470	0.00881	0.01025	0.00724	0.00558	0.00491	0.00145	0.00920	0.00364	0.00284	0.00682
2	0.01265	0.29411	0.50009	0.01359	0.02045	0.03828	0.01644	0.01735	0.01166	0.01589	0.00914	0.01069	0.00705	0.00510	0.00467	0.00155	0.00747	0.00369	0.00236	0.00777
3	0.00886	0.00616	0.00784	0.00845	0.00951	0.00604	0.00618	0.03492	0.06686	0.04981	0.06466	0.52755	0.05670	0.01516	0.00688	0.00218	0.00366	0.10797	0.00531	0.00531
4	0.01212	0.01212	0.01696	0.01454	0.01454	0.01696	0.01212	0.01333	0.00848	0.01333	0.00727	0.01212	0.00727	0.00969	0.01818	0.00242	0.79523	0.00485	0.00242	0.00606
5	0.00889	0.00633	0.00880	0.01002	0.01123	0.00633	0.00868	0.01132	0.01254	0.01632	0.02880	0.06131	0.03135	0.05022	0.00856	0.00267	0.00511	0.70148	0.00502	0.00502
