[name]
unknown

[dist]
# distance from previous block
# <min> <max>
0	43

[block]
# block no. 0 follows, 50 sequences, length 11
# corresponding to MSA columns:
# 46-56
name=unknown_A
#
# <colnr> <probs for GDERKNQSTAVLIFYWHMCP>
#	G	D	E	R	K	N	Q	S	T	A	V	L	I	F	Y	W	H	M	C	P
0	0.17748	0.12532	0.28370	0.01066	0.01538	0.03127	0.03435	0.03858	0.03520	0.11869	0.01122	0.01339	0.00862	0.00541	0.00435	0.00152	0.00561	0.04040	0.03211	0.00676
1	0.01192	0.16495	0.39995	0.07611	0.05231	0.09277	0.08876	0.01597	0.01100	0.02942	0.00879	0.01061	0.00667	0.00467	0.00458	0.00147	0.00709	0.00378	0.00230	0.00687
2	0.01124	0.01220	0.14298	0.10541	0.04855	0.02850	0.20864	0.03609	0.01152	0.09629	0.02673	0.19650	0.01471	0.00761	0.00555	0.00172	0.00599	0.03008	0.00345	0.00625
3	0.00612	0.00446	0.00577	0.00670	0.00719	0.00411	0.00455	0.00713	0.01004	0.01330	0.08218	0.68997	0.11022	0.01494	0.00628	0.00196	0.00282	0.01345	0.00469	0.00411
4	0.00871	0.00501	0.00600	0.06849	0.00849	0.00525	0.00469	0.01064	0.00980	0.01615	0.01598	0.08749	0.01399	0.03819	0.08594	0.04219	0.00400	0.00559	0.55896	0.00447
5	0.01298	0.06925	0.41282	0.01259	0.05359	0.01096	0.01332	0.09283	0.01245	0.15461	0.01364	0.07441	0.03238	0.00612	0.00488	0.00156	0.00595	0.00496	0.00339	0.00730
6	0.01904	0.00791	0.01043	0.00843	0.01165	0.00712	0.00679	0.02170	0.06447	0.60607	0.02022	0.09810	0.01464	0.00713	0.00503	0.00157	0.00394	0.00595	0.07211	0.00770
7	0.02206	0.00897	0.01187	0.00910	0.01297	0.00804	0.00752	0.09077	0.01508	0.72956	0.01898	0.01652	0.01200	0.00615	0.00501	0.00154	0.00435	0.00497	0.00606	0.00848
8	0.04678	0.01037	0.03892	0.25482	0.33477	0.01053	0.01261	0.01565	0.03478	0.12062	0.02642	0.01550	0.03144	0.00543	0.00496	0.00158	0.00562	0.01913	0.00314	0.00694
9	0.05804	0.03541	0.08175	0.05147	0.07279	0.23755	0.01017	0.18896	0.03400	0.13312	0.01171	0.04251	0.00904	0.00578	0.00474	0.00147	0.00633	0.00439	0.00373	0.00704
10	0.75913	0.07419	0.00908	0.00697	0.01012	0.04458	0.00582	0.01489	0.00884	0.02111	0.00697	0.00813	0.00552	0.00462	0.00315	0.00149	0.00418	0.00272	0.00299	0.00549

[dist]
# distance from previous block
# <min> <max>
9	14

[block]
# block no. 1 follows, 50 sequences, length 6
# corresponding to MSA columns:
# 73-78
name=unknown_B
#
# <colnr> <probs for GDERKNQSTAVLIFYWHMCP>
#	G	D	E	R	K	N	Q	S	T	A	V	L	I	F	Y	W	H	M	C	P
0	0.03387	0.15471	0.21901	0.04384	0.01605	0.09124	0.01096	0.08334	0.08356	0.14187	0.01236	0.04736	0.00961	0.00646	0.02316	0.00163	0.00604	0.00443	0.00348	0.00703
1	0.11615	0.01249	0.10039	0.04497	0.01476	0.01165	0.00920	0.33939	0.03673	0.14347	0.03371	0.06752	0.01133	0.00644	0.00481	0.00156	0.00498	0.00507	0.02806	0.00734
2	0.66110	0.01055	0.06140	0.06195	0.01242	0.01081	0.00704	0.01557	0.00930	0.09918	0.00848	0.00950	0.00624	0.00481	0.00352	0.00155	0.00432	0.00312	0.00327	0.00585
3	0.12412	0.01018	0.08978	0.00900	0.01279	0.00833	0.00804	0.02092	0.05603	0.50390	0.06150	0.01657	0.01304	0.00725	0.03443	0.00180	0.00472	0.00487	0.00514	0.00758
4	0.01333	0.82783	0.02612	0.00853	0.01279	0.01972	0.00853	0.01493	0.01013	0.01173	0.00693	0.00800	0.00640	0.00426	0.00320	0.00107	0.00533	0.00267	0.00213	0.00640
5	0.00895	0.00620	0.00768	0.00663	0.00880	0.00528	0.00509	0.01103	0.01273	0.08584	0.42234	0.06381	0.12723	0.00890	0.00533	0.00141	0.00286	0.00770	0.00483	0.19735

[dist]
# distance from previous block
# <min> <max>
2	4

[block]
# block no. 2 follows, 50 sequences, length 47
# corresponding to MSA columns:
# 83-129
name=unknown_C
#
# <colnr> <probs for GDERKNQSTAVLIFYWHMCP>
#	G	D	E	R	K	N	Q	S	T	A	V	L	I	F	Y	W	H	M	C	P
0	0.03437	0.00755	0.04385	0.09688	0.01108	0.03483	0.05106	0.00943	0.00825	0.01113	0.01376	0.02675	0.01489	0.59403	0.01960	0.00392	0.00548	0.00641	0.00285	0.00389
1	0.03588	0.70594	0.05917	0.00888	0.01318	0.05295	0.00884	0.01509	0.01028	0.01237	0.00712	0.00824	0.00640	0.00431	0.00334	0.00110	0.00548	0.00275	0.00220	0.03646
2	0.13152	0.08349	0.18342	0.02230	0.07371	0.05470	0.01086	0.19660	0.01406	0.13347	0.02100	0.01170	0.00826	0.00530	0.00464	0.00148	0.01676	0.00396	0.00362	0.01914
3	0.02331	0.33412	0.18047	0.01114	0.02610	0.10303	0.02351	0.08138	0.04958	0.05832	0.00991	0.01169	0.00805	0.00556	0.01301	0.00144	0.02455	0.02513	0.00288	0.00681
4	0.83364	0.01008	0.00754	0.00675	0.00982	0.03608	0.00553	0.01482	0.00866	0.02204	0.00696	0.00813	0.00543	0.00464	0.00313	0.00153	0.00402	0.00272	0.00307	0.00541
5	0.00920	0.00554	0.00759	0.00798	0.02236	0.00518	0.01634	0.01071	0.02380	0.13587	0.07018	0.50380	0.02835	0.05493	0.00710	0.00207	0.00346	0.07583	0.00477	0.00494
6	0.01372	0.01196	0.01235	0.01078	0.01343	0.06835	0.00852	0.11202	0.53347	0.04265	0.01689	0.01625	0.01277	0.00676	0.00628	0.00169	0.09480	0.00517	0.00460	0.00756
7	0.01068	0.00829	0.00968	0.00714	0.01110	0.00641	0.00568	0.01287	0.01051	0.05144	0.01050	0.02588	0.00866	0.00425	0.00377	0.00084	0.00355	0.00343	0.09765	0.70766
8	0.00607	0.00434	0.00578	0.00694	0.00723	0.00405	0.00463	0.00694	0.00954	0.01272	0.02747	0.82157	0.03297	0.01562	0.00636	0.00202	0.00289	0.01417	0.00463	0.00405
9	0.00818	0.00626	0.00860	0.00928	0.01035	0.00667	0.00801	0.01026	0.01104	0.01448	0.02612	0.05052	0.08745	0.01312	0.00786	0.00223	0.09467	0.61593	0.00432	0.00466
10	0.01091	0.01016	0.01443	0.01334	0.05883	0.01356	0.01044	0.01219	0.00833	0.04019	0.00922	0.06031	0.00923	0.00981	0.03855	0.00229	0.64194	0.02812	0.00257	0.00557
11	0.04470	0.00851	0.01145	0.00881	0.01264	0.00743	0.00727	0.02403	0.01411	0.77653	0.01933	0.01673	0.01215	0.00613	0.00496	0.00154	0.00423	0.00495	0.00609	0.00840
12	0.02229	0.00861	0.01164	0.00893	0.01279	0.00751	0.00737	0.04138	0.01447	0.77980	0.01949	0.01685	0.01225	0.00617	0.00501	0.00154	0.00427	0.00500	0.00614	0.00848
13	0.01368	0.01175	0.06423	0.08158	0.45511	0.01089	0.05331	0.01726	0.05160	0.15900	0.01248	0.01412	0.02198	0.00506	0.00501	0.00154	0.00573	0.00474	0.00328	0.00767
14	0.15259	0.01867	0.01250	0.01047	0.01241	0.06963	0.06781	0.02483	0.02327	0.12986	0.02762	0.10523	0.04962	0.02968	0.00875	0.00187	0.24008	0.00578	0.00353	0.00581
15	0.75015	0.01148	0.00821	0.00738	0.01039	0.11483	0.00595	0.01534	0.00922	0.02104	0.00704	0.00821	0.00553	0.00469	0.00327	0.00151	0.00453	0.00277	0.00302	0.00545
16	0.01224	0.01199	0.01514	0.04866	0.01445	0.06670	0.01079	0.09767	0.00992	0.01420	0.00733	0.01100	0.00675	0.00802	0.01381	0.00202	0.63665	0.00430	0.00252	0.00581
17	0.04284	0.00896	0.01115	0.00890	0.01240	0.00853	0.00724	0.07558	0.13057	0.54219	0.03696	0.01888	0.05928	0.00667	0.00504	0.00157	0.00413	0.00542	0.00573	0.00797
18	0.01361	0.16412	0.21569	0.01094	0.01550	0.02488	0.04999	0.05184	0.09810	0.15719	0.05829	0.01389	0.01107	0.00550	0.00486	0.00144	0.02382	0.00437	0.00360	0.07131
19	0.00940	0.00573	0.00704	0.00640	0.00817	0.00514	0.00491	0.02393	0.01326	0.14207	0.39956	0.06167	0.24899	0.01022	0.00568	0.00160	0.00277	0.00877	0.02950	0.00521
20	0.00839	0.00544	0.00704	0.00666	0.00800	0.00502	0.00498	0.02636	0.01346	0.08418	0.55555	0.16361	0.07057	0.01075	0.00587	0.00164	0.00267	0.00948	0.00536	0.00497
21	0.02687	0.11790	0.01814	0.22486	0.28529	0.02699	0.03540	0.09542	0.06946	0.03760	0.01023	0.01247	0.00802	0.00495	0.00473	0.00150	0.00589	0.00431	0.00293	0.00705
22	0.01208	0.00679	0.00878	0.00832	0.02778	0.00657	0.00617	0.03530	0.08292	0.24027	0.09309	0.23747	0.08578	0.01308	0.09452	0.00241	0.00459	0.00835	0.01972	0.00601
23	0.00607	0.00434	0.00578	0.00694	0.00723	0.00405	0.00463	0.00694	0.00954	0.01272	0.02747	0.82157	0.03297	0.01562	0.00636	0.00202	0.00289	0.01417	0.00463	0.00405
24	0.00607	0.00437	0.00576	0.00687	0.00721	0.00405	0.00459	0.00695	0.00961	0.01275	0.02836	0.79163	0.06233	0.01550	0.00634	0.00201	0.00288	0.01403	0.00463	0.00405
25	0.01255	0.19667	0.31171	0.12605	0.02033	0.05212	0.05860	0.09524	0.02704	0.04139	0.00938	0.01098	0.00705	0.00487	0.00453	0.00146	0.00659	0.00384	0.00266	0.00694
26	0.03400	0.01088	0.01211	0.00965	0.01307	0.09747	0.00785	0.11451	0.02788	0.52501	0.01646	0.01513	0.01089	0.00612	0.00539	0.00153	0.04265	0.00468	0.03690	0.00784
27	0.84300	0.00973	0.00748	0.00665	0.00976	0.01127	0.00548	0.03010	0.00879	0.02255	0.00704	0.00818	0.00546	0.00465	0.00312	0.00154	0.00389	0.00274	0.00312	0.00546
28	0.02044	0.00815	0.01102	0.00861	0.01214	0.00715	0.00705	0.02268	0.03118	0.69366	0.10551	0.01926	0.01626	0.00663	0.00511	0.00155	0.00402	0.00547	0.00607	0.00805
29	0.01023	0.00886	0.01085	0.09700	0.01432	0.00714	0.00679	0.01257	0.01029	0.01585	0.00886	0.01066	0.00730	0.00384	0.00384	0.00084	0.00402	0.00312	0.00287	0.76075
30	0.00866	0.00433	0.00649	0.00649	0.00649	0.00433	0.00433	0.00649	0.00649	0.00866	0.00866	0.01515	0.00866	0.01732	0.01948	0.85498	0.00433	0.00433	0.00216	0.00216
31	0.01793	0.02230	0.01381	0.01254	0.01514	0.71665	0.00944	0.02064	0.09986	0.01316	0.00910	0.01006	0.00740	0.00532	0.00456	0.00133	0.00843	0.00348	0.00285	0.00601
32	0.04051	0.09967	0.01309	0.00878	0.01266	0.00879	0.00742	0.02303	0.01367	0.69208	0.01796	0.01576	0.01152	0.00592	0.00477	0.00149	0.00435	0.00470	0.00565	0.00818
33	0.00654	0.00501	0.00729	0.00762	0.00836	0.00465	0.05035	0.00783	0.01038	0.01396	0.13486	0.63875	0.05724	0.01408	0.00625	0.00193	0.00313	0.01284	0.00462	0.00430
34	0.01692	0.21833	0.01738	0.01068	0.01456	0.05774	0.00910	0.47708	0.08963	0.02449	0.01124	0.01142	0.00847	0.00558	0.00452	0.00139	0.00549	0.00407	0.00415	0.00776
35	0.01085	0.10024	0.01312	0.07359	0.06018	0.00891	0.00745	0.02548	0.01056	0.01571	0.00873	0.01046	0.00726	0.00394	0.00384	0.00091	0.00427	0.00315	0.00281	0.62855
36	0.01699	0.10395	0.02933	0.04704	0.01574	0.01523	0.00964	0.53275	0.06437	0.04978	0.01162	0.01204	0.00852	0.00594	0.00546	0.00151	0.05349	0.00434	0.00437	0.00788
37	0.45167	0.01599	0.01067	0.00954	0.01244	0.35577	0.00744	0.05615	0.01170	0.01842	0.00753	0.00868	0.00600	0.00492	0.00379	0.00143	0.00617	0.00301	0.00296	0.00572
38	0.00808	0.10676	0.00998	0.03679	0.03370	0.04269	0.01860	0.00949	0.01041	0.01346	0.10133	0.44363	0.07318	0.01340	0.05310	0.00213	0.00432	0.01022	0.00402	0.00473
39	0.01623	0.01134	0.01206	0.00955	0.01274	0.01241	0.00779	0.56168	0.01978	0.02780	0.01318	0.01383	0.00969	0.00593	0.00456	0.00140	0.00460	0.00453	0.24350	0.00740
40	0.02236	0.00848	0.01157	0.00887	0.01272	0.00733	0.00733	0.02429	0.01427	0.79719	0.01966	0.01697	0.01234	0.00617	0.00501	0.00154	0.00424	0.00501	0.00617	0.00848
41	0.86003	0.00964	0.00733	0.00655	0.00964	0.01118	0.00540	0.01465	0.00848	0.02236	0.00694	0.00810	0.00540	0.00463	0.00308	0.00154	0.00386	0.00270	0.00308	0.00540
42	0.01295	0.68963	0.07234	0.01025	0.01479	0.01845	0.09447	0.01509	0.01033	0.01244	0.00740	0.00875	0.00652	0.00429	0.00359	0.00116	0.00579	0.00308	0.00217	0.00649
43	0.00692	0.00486	0.00627	0.00655	0.00688	0.00505	0.00434	0.00765	0.00803	0.01096	0.01790	0.22137	0.02011	0.39947	0.24638	0.00507	0.00682	0.00839	0.00331	0.00369
44	0.02175	0.00875	0.01165	0.00901	0.01281	0.00782	0.00742	0.04589	0.05444	0.73511	0.01948	0.01691	0.01238	0.00619	0.00501	0.00155	0.00426	0.00503	0.00608	0.00845
45	0.01034	0.00749	0.00945	0.00958	0.01134	0.00780	0.00823	0.17661	0.01404	0.01844	0.02366	0.05815	0.03643	0.01209	0.00645	0.00211	0.00473	0.57298	0.00468	0.00542
46	0.15703	0.28835	0.28060	0.01161	0.03399	0.06720	0.05603	0.01570	0.01043	0.02667	0.00808	0.00947	0.00639	0.00457	0.00400	0.00139	0.00618	0.00331	0.00240	0.00659

[dist]
# distance from previous block
# <min> <max>
0	3

[block]
# block no. 3 follows, 50 sequences, length 28
# corresponding to MSA columns:
# 133-160
name=unknown_D
#
# <colnr> <probs for GDERKNQSTAVLIFYWHMCP>
#	G	D	E	R	K	N	Q	S	T	A	V	L	I	F	Y	W	H	M	C	P
0	0.16501	0.01266	0.04811	0.01620	0.02085	0.01174	0.49035	0.04689	0.01145	0.01779	0.00941	0.01196	0.00715	0.00431	0.00505	0.00154	0.00688	0.00484	0.00276	0.10507
1	0.01393	0.27287	0.36444	0.01125	0.01676	0.02892	0.01269	0.03109	0.01148	0.17666	0.01057	0.01106	0.00763	0.00492	0.00431	0.00140	0.00608	0.00365	0.00302	0.00728
2	0.01745	0.00815	0.01039	0.00863	0.01165	0.00771	0.00687	0.03368	0.14570	0.49327	0.04551	0.12554	0.01667	0.00765	0.00518	0.00162	0.00390	0.00645	0.03647	0.00753
3	0.00917	0.00543	0.00695	0.00662	0.00743	0.00545	0.00453	0.01003	0.00889	0.11626	0.06339	0.06465	0.01847	0.44318	0.20347	0.00481	0.00651	0.00693	0.00358	0.00424
4	0.02786	0.55875	0.13819	0.01003	0.01469	0.02985	0.02483	0.11713	0.01203	0.01523	0.00797	0.00902	0.00667	0.00458	0.00373	0.00122	0.00574	0.00313	0.00254	0.00680
5	0.00900	0.00542	0.00690	0.00681	0.00817	0.00491	0.00499	0.01070	0.02494	0.14017	0.22135	0.35073	0.16245	0.01209	0.00592	0.00177	0.00293	0.01065	0.00510	0.00501
6	0.00633	0.00455	0.00606	0.00718	0.00763	0.00428	0.00506	0.00740	0.00986	0.01304	0.02803	0.69561	0.05550	0.01528	0.00642	0.00205	0.00311	0.11388	0.00462	0.00413
7	0.00634	0.00453	0.00608	0.00724	0.00764	0.00427	0.00508	0.00739	0.00980	0.01302	0.02733	0.71917	0.03239	0.01537	0.00643	0.00206	0.00312	0.11399	0.00462	0.00412
8	0.01546	0.27204	0.12324	0.01272	0.06166	0.39510	0.01080	0.03045	0.01240	0.01310	0.00780	0.00914	0.00652	0.00479	0.00416	0.00127	0.00740	0.00320	0.00241	0.00635
9	0.01686	0.00933	0.01219	0.00997	0.01237	0.01017	0.00809	0.06127	0.08419	0.40351	0.01543	0.01656	0.01133	0.07755	0.00982	0.00201	0.22249	0.00506	0.00466	0.00714
10	0.42279	0.00904	0.00954	0.00776	0.01125	0.00917	0.00640	0.01968	0.01150	0.42680	0.01358	0.01273	0.00902	0.00543	0.00409	0.00154	0.00406	0.00391	0.00469	0.00701
11	0.00638	0.00498	0.00580	0.00587	0.00716	0.00440	0.00435	0.00799	0.01204	0.01563	0.29923	0.15820	0.40266	0.01227	0.00599	0.00171	0.00258	0.03348	0.00492	0.00437
12	0.01273	0.01179	0.02376	0.18018	0.05382	0.01156	0.49086	0.01640	0.01172	0.11985	0.01109	0.01384	0.00803	0.00463	0.00555	0.00165	0.00740	0.00542	0.00295	0.00676
13	0.02009	0.01043	0.01260	0.00973	0.01348	0.01037	0.00801	0.31987	0.01787	0.44833	0.06355	0.01623	0.01293	0.00634	0.00505	0.00153	0.00462	0.00505	0.00566	0.00825
14	0.01000	0.02578	0.79900	0.01421	0.02157	0.01158	0.01842	0.01579	0.01052	0.01579	0.00895	0.01052	0.00631	0.00474	0.00474	0.00158	0.00737	0.00368	0.00210	0.00737
15	0.00620	0.00444	0.00590	0.00685	0.00726	0.00414	0.00464	0.00727	0.01015	0.01370	0.12965	0.71662	0.03485	0.01489	0.00630	0.00196	0.00282	0.01348	0.00474	0.00414
16	0.00859	0.00551	0.00662	0.00612	0.00785	0.00483	0.00466	0.01039	0.01287	0.12106	0.35795	0.05617	0.35708	0.01080	0.00578	0.00162	0.00269	0.00923	0.00520	0.00499
17	0.00607	0.00434	0.00578	0.00694	0.00723	0.00405	0.00463	0.00694	0.00954	0.01272	0.02747	0.82157	0.03297	0.01562	0.00636	0.00202	0.00289	0.01417	0.00463	0.00405
18	0.86003	0.00964	0.00733	0.00655	0.00964	0.01118	0.00540	0.01465	0.00848	0.02236	0.00694	0.00810	0.00540	0.00463	0.00308	0.00154	0.00386	0.00270	0.00308	0.00540
19	0.01301	0.01218	0.11669	0.04791	0.01489	0.01133	0.00938	0.02354	0.52323	0.11832	0.01908	0.01796	0.03701	0.00651	0.00504	0.00166	0.00452	0.00539	0.00467	0.00767
20	0.00967	0.00574	0.00680	0.00625	0.00820	0.00495	0.00478	0.01122	0.01228	0.18446	0.16439	0.10978	0.43036	0.01109	0.00574	0.00166	0.00290	0.00941	0.00510	0.00520
21	0.02055	0.01065	0.06056	0.01002	0.01413	0.00921	0.03149	0.15163	0.02803	0.58329	0.01743	0.01564	0.01122	0.00600	0.00502	0.00154	0.00476	0.00488	0.00559	0.00835
22	0.00983	0.00842	0.01387	0.66771	0.03011	0.01018	0.01276	0.01295	0.01037	0.04972	0.01171	0.01921	0.00986	0.00621	0.00524	0.00174	0.00626	0.10558	0.00272	0.00555
23	0.03327	0.01081	0.01641	0.29781	0.26531	0.05363	0.06353	0.02488	0.06041	0.04434	0.02359	0.01388	0.00887	0.00699	0.05363	0.00196	0.00665	0.00465	0.00280	0.00658
24	0.03440	0.07067	0.29520	0.01352	0.04695	0.01131	0.14316	0.02846	0.09433	0.14259	0.01448	0.01506	0.05629	0.00554	0.00495	0.00157	0.00607	0.00485	0.00338	0.00722
25	0.03697	0.01397	0.02620	0.06165	0.09727	0.22706	0.00936	0.07028	0.20033	0.12273	0.01350	0.01394	0.01010	0.00612	0.01611	0.00157	0.00593	0.00444	0.05548	0.00697
26	0.04540	0.08185	0.07807	0.16147	0.25280	0.01125	0.01183	0.03983	0.03532	0.18547	0.01189	0.02700	0.00895	0.00523	0.00473	0.00150	0.00550	0.00446	0.00339	0.02406
27	0.17497	0.03972	0.01254	0.01151	0.08014	0.25066	0.00838	0.05796	0.02417	0.05762	0.01057	0.01346	0.01843	0.00557	0.00468	0.00138	0.03033	0.04953	0.00320	0.14517

[dist]
# distance from previous block
# <min> <max>
0	8

[block]
# block no. 4 follows, 50 sequences, length 13
# corresponding to MSA columns:
# 169-181
name=unknown_E
#
# <colnr> <probs for GDERKNQSTAVLIFYWHMCP>
#	G	D	E	R	K	N	Q	S	T	A	V	L	I	F	Y	W	H	M	C	P
0	0.09171	0.01211	0.08595	0.00961	0.01345	0.01103	0.00840	0.32443	0.03820	0.05813	0.04514	0.03987	0.01084	0.02126	0.00525	0.01778	0.00474	0.00455	0.01654	0.18101
1	0.07473	0.18644	0.06713	0.01113	0.01467	0.28302	0.03976	0.11057	0.02511	0.07950	0.00959	0.01051	0.00746	0.00519	0.00460	0.00136	0.02865	0.00361	0.03040	0.00656
2	0.17121	0.05399	0.22609	0.06538	0.10262	0.01213	0.05444	0.15535	0.01273	0.01964	0.04466	0.02728	0.00924	0.00586	0.01758	0.00164	0.00590	0.00432	0.00310	0.00683
3	0.16308	0.32967	0.05327	0.08485	0.01480	0.07916	0.00874	0.06257	0.02623	0.05131	0.03971	0.01084	0.00847	0.00494	0.00388	0.00131	0.00533	0.00347	0.00293	0.04545
4	0.00712	0.00534	0.00801	0.00801	0.00890	0.00623	0.00623	0.00890	0.00801	0.01157	0.01335	0.01958	0.01246	0.03738	0.80507	0.00801	0.01335	0.00534	0.00267	0.00445
5	0.00607	0.00434	0.00578	0.00694	0.00723	0.00405	0.00463	0.00694	0.00954	0.01272	0.02747	0.82157	0.03297	0.01562	0.00636	0.00202	0.00289	0.01417	0.00463	0.00405
6	0.03786	0.10107	0.34585	0.01534	0.09250	0.01264	0.14368	0.04740	0.08886	0.05205	0.01065	0.01202	0.00791	0.00488	0.00480	0.00154	0.00653	0.00428	0.00284	0.00729
7	0.01326	0.38044	0.16328	0.01182	0.01659	0.01568	0.12242	0.08949	0.08501	0.04312	0.00994	0.01094	0.00779	0.00481	0.00428	0.00137	0.00599	0.00386	0.00287	0.00703
8	0.00979	0.00916	0.01504	0.65850	0.10819	0.01073	0.01324	0.01297	0.01014	0.01342	0.00891	0.01291	0.00684	0.00481	0.00486	0.00156	0.00629	0.00429	0.00231	0.08603
9	0.00685	0.00499	0.00645	0.00629	0.00737	0.00459	0.00464	0.00894	0.01333	0.01862	0.64411	0.14361	0.08942	0.01107	0.00594	0.00164	0.00243	0.00980	0.00532	0.00459
10	0.01501	0.01203	0.04948	0.10925	0.04742	0.02778	0.00967	0.34820	0.12161	0.08568	0.09180	0.01662	0.03014	0.00641	0.00509	0.00156	0.00511	0.00520	0.00452	0.00744
11	0.00721	0.00497	0.00616	0.00616	0.00641	0.00522	0.00392	0.00771	0.00746	0.01020	0.01505	0.02896	0.01653	0.60407	0.24395	0.00572	0.00722	0.00671	0.00292	0.00342
12	0.11200	0.12217	0.01560	0.09071	0.01633	0.01511	0.00933	0.51245	0.01862	0.02588	0.01041	0.01113	0.00767	0.00550	0.00453	0.00146	0.00540	0.00404	0.00411	0.00756

[dist]
# distance from previous block
# <min> <max>
0	1

[block]
# block no. 5 follows, 50 sequences, length 31
# corresponding to MSA columns:
# 183-213
name=unknown_F
#
# <colnr> <probs for GDERKNQSTAVLIFYWHMCP>
#	G	D	E	R	K	N	Q	S	T	A	V	L	I	F	Y	W	H	M	C	P
0	0.10811	0.10562	0.62922	0.01275	0.01931	0.01236	0.01591	0.01557	0.01025	0.01613	0.00851	0.00999	0.00622	0.00468	0.00439	0.00152	0.00676	0.00347	0.00222	0.00704
1	0.08836	0.59881	0.17465	0.00946	0.01422	0.01738	0.01017	0.01507	0.01006	0.01347	0.00732	0.00850	0.00629	0.00439	0.00349	0.00121	0.00559	0.00287	0.00221	0.00650
2	0.01167	0.01141	0.02020	0.19082	0.54882	0.01177	0.10246	0.01485	0.01111	0.01552	0.00935	0.01266	0.00760	0.00453	0.00505	0.00154	0.00636	0.00460	0.00242	0.00727
3	0.00620	0.00459	0.00579	0.00649	0.00717	0.00418	0.00449	0.00737	0.01060	0.01401	0.15288	0.55589	0.17368	0.01421	0.00620	0.00189	0.00274	0.01269	0.00476	0.00418
4	0.00774	0.00566	0.00756	0.00841	0.00949	0.00565	0.00691	0.01041	0.05759	0.01521	0.09313	0.21814	0.04622	0.01342	0.00655	0.00212	0.00395	0.47247	0.00471	0.00467
5	0.01342	0.77881	0.04662	0.00883	0.01312	0.04618	0.00883	0.01512	0.01027	0.01185	0.00701	0.00810	0.00640	0.00431	0.00328	0.00109	0.00551	0.00271	0.00215	0.00640
6	0.05269	0.01301	0.10968	0.01111	0.04079	0.03809	0.00963	0.25844	0.01635	0.37700	0.01467	0.01382	0.00976	0.00578	0.00487	0.00152	0.00522	0.00451	0.00493	0.00811
7	0.01247	0.35208	0.38293	0.01168	0.01720	0.09394	0.01325	0.03820	0.01110	0.01423	0.00809	0.00938	0.00642	0.00462	0.00409	0.00134	0.00664	0.00324	0.00225	0.00685
8	0.15875	0.01353	0.01338	0.03411	0.01481	0.06802	0.00879	0.55773	0.01960	0.02774	0.01085	0.01132	0.00787	0.00567	0.00460	0.00149	0.00541	0.00410	0.02462	0.00760
9	0.01234	0.05684	0.13649	0.02589	0.58097	0.05190	0.03325	0.01560	0.01131	0.01576	0.00912	0.01170	0.00750	0.00450	0.00482	0.00147	0.00632	0.00421	0.00240	0.00761
10	0.19233	0.00872	0.01071	0.00840	0.01210	0.00811	0.00693	0.02234	0.01309	0.63997	0.01708	0.01517	0.01093	0.00586	0.00462	0.00154	0.00416	0.00454	0.00554	0.00786
11	0.00691	0.00509	0.00647	0.00612	0.00736	0.00464	0.00459	0.00913	0.01377	0.01919	0.70058	0.03855	0.13805	0.01049	0.00588	0.00158	0.00237	0.00920	0.00538	0.00464
12	0.00803	0.00574	0.00803	0.00918	0.01033	0.00574	0.00803	0.01033	0.01147	0.01492	0.02639	0.05622	0.02869	0.01377	0.00688	0.00229	0.00459	0.76018	0.00459	0.00459
13	0.00803	0.00574	0.00803	0.00918	0.01033	0.00574	0.00803	0.01033	0.01147	0.01492	0.02639	0.05622	0.02869	0.01377	0.00688	0.00229	0.00459	0.76018	0.00459	0.00459
14	0.11688	0.01124	0.11253	0.00948	0.01371	0.00892	0.00869	0.07775	0.01380	0.55101	0.01625	0.01475	0.01048	0.00579	0.00475	0.00154	0.00469	0.00454	0.00520	0.00798
15	0.00866	0.00433	0.00649	0.00649	0.00649	0.00433	0.00433	0.00649	0.00649	0.00866	0.00866	0.01515	0.00866	0.01732	0.01948	0.85498	0.00433	0.00433	0.00216	0.00216
16	0.01000	0.02578	0.79900	0.01421	0.02157	0.01158	0.01842	0.01579	0.01052	0.01579	0.00895	0.01052	0.00631	0.00474	0.00474	0.00158	0.00737	0.00368	0.00210	0.00737
17	0.02813	0.01193	0.05782	0.30417	0.41118	0.05349	0.01421	0.01446	0.01087	0.01483	0.00943	0.03022	0.00780	0.00494	0.00491	0.00155	0.00631	0.00451	0.00242	0.00679
18	0.01034	0.00886	0.01034	0.00738	0.01181	0.00664	0.00591	0.01255	0.01034	0.01624	0.00886	0.01034	0.00738	0.00369	0.00369	0.00074	0.00369	0.00295	0.00295	0.85530
19	0.00607	0.00434	0.00578	0.00694	0.00723	0.00405	0.00463	0.00694	0.00954	0.01272	0.02747	0.82157	0.03297	0.01562	0.00636	0.00202	0.00289	0.01417	0.00463	0.00405
20	0.00803	0.00574	0.00803	0.00918	0.01033	0.00574	0.00803	0.01033	0.01147	0.01492	0.02639	0.05622	0.02869	0.01377	0.00688	0.00229	0.00459	0.76018	0.00459	0.00459
21	0.01012	0.02276	0.67858	0.01310	0.01962	0.01063	0.01643	0.01537	0.01108	0.04533	0.09931	0.01384	0.01122	0.00542	0.00488	0.00158	0.00667	0.00435	0.00264	0.00710
22	0.02070	0.00880	0.01213	0.10148	0.01535	0.00816	0.00818	0.06063	0.01423	0.66864	0.01804	0.01629	0.01149	0.00602	0.00501	0.00155	0.00458	0.00492	0.00566	0.00814
23	0.01091	0.01091	0.01527	0.01309	0.01309	0.01527	0.01091	0.01200	0.00763	0.01200	0.00654	0.01091	0.00654	0.00872	0.01636	0.00218	0.81570	0.00436	0.00218	0.00545
24	0.02236	0.00848	0.01157	0.00887	0.01272	0.00733	0.00733	0.02429	0.01427	0.79719	0.01966	0.01697	0.01234	0.00617	0.00501	0.00154	0.00424	0.00501	0.00617	0.00848
25	0.01138	0.01370	0.14966	0.17014	0.48791	0.01170	0.05359	0.01494	0.01098	0.01554	0.00925	0.01226	0.00739	0.00458	0.00496	0.00154	0.00642	0.00438	0.00236	0.00732
26	0.02087	0.00853	0.01196	0.10135	0.01521	0.00776	0.00808	0.02296	0.01377	0.70695	0.01842	0.01654	0.01168	0.00603	0.00501	0.00156	0.00452	0.00495	0.00571	0.00814
27	0.00734	0.09968	0.00832	0.00616	0.00781	0.00623	0.00484	0.00917	0.01251	0.01650	0.41619	0.07807	0.28812	0.01060	0.00560	0.00157	0.00278	0.00905	0.00477	0.00470
28	0.10715	0.00522	0.00495	0.00487	0.00625	0.00540	0.00370	0.01196	0.01023	0.01902	0.01519	0.01738	0.01193	0.00567	0.00344	0.00121	0.00250	0.00442	0.75479	0.00473
29	0.14878	0.01073	0.01203	0.00967	0.01287	0.01153	0.04368	0.35472	0.05473	0.10678	0.01471	0.03851	0.03602	0.04731	0.00575	0.00170	0.00473	0.01636	0.06238	0.00702
30	0.46266	0.01296	0.01081	0.04256	0.01314	0.16819	0.02980	0.11559	0.02948	0.04423	0.00878	0.01013	0.00680	0.02088	0.00431	0.00156	0.00536	0.00342	0.00332	0.00602

[dist]
# distance from previous block
# <min> <max>
0	11

[block]
# block no. 6 follows, 50 sequences, length 64
# corresponding to MSA columns:
# 225-243,245-289
name=unknown_G
#
# <colnr> <probs for GDERKNQSTAVLIFYWHMCP>
#	G	D	E	R	K	N	Q	S	T	A	V	L	I	F	Y	W	H	M	C	P
0	0.78612	0.02964	0.00791	0.00674	0.00976	0.01122	0.00554	0.03251	0.00892	0.02194	0.00786	0.03970	0.00656	0.00508	0.00326	0.00155	0.00389	0.00319	0.00317	0.00544
1	0.01207	0.11915	0.01770	0.07650	0.12326	0.02807	0.03207	0.07139	0.01008	0.01420	0.00769	0.01102	0.00689	0.00686	0.01082	0.00182	0.43758	0.00419	0.00245	0.00619
2	0.00656	0.00508	0.00597	0.00575	0.00714	0.00449	0.00431	0.00844	0.01293	0.01719	0.47313	0.04184	0.36676	0.01123	0.00588	0.00162	0.00243	0.00966	0.00512	0.00449
3	0.00623	0.00445	0.00596	0.00711	0.00747	0.00418	0.00489	0.00720	0.00969	0.01289	0.02739	0.76197	0.03263	0.01547	0.00640	0.00205	0.00302	0.07226	0.00462	0.00409
4	0.01862	0.02376	0.01413	0.01284	0.01541	0.80482	0.00963	0.01990	0.01413	0.01220	0.00770	0.00899	0.00642	0.00514	0.00449	0.00128	0.00899	0.00321	0.00257	0.00578
5	0.00649	0.00507	0.00589	0.00568	0.00710	0.00446	0.00426	0.00832	0.01279	0.01685	0.43475	0.04240	0.40535	0.01136	0.00588	0.00162	0.00243	0.00974	0.00507	0.00446
6	0.86003	0.00964	0.00733	0.00655	0.00964	0.01118	0.00540	0.01465	0.00848	0.02236	0.00694	0.00810	0.00540	0.00463	0.00308	0.00154	0.00386	0.00270	0.00308	0.00540
7	0.00725	0.00483	0.00544	0.00544	0.00544	0.00483	0.00302	0.00725	0.00725	0.00966	0.01571	0.03262	0.01812	0.82483	0.02537	0.00483	0.00483	0.00725	0.00302	0.00302
8	0.86003	0.00964	0.00733	0.00655	0.00964	0.01118	0.00540	0.01465	0.00848	0.02236	0.00694	0.00810	0.00540	0.00463	0.00308	0.00154	0.00386	0.00270	0.00308	0.00540
9	0.00785	0.00564	0.00781	0.00891	0.01004	0.00560	0.00770	0.01004	0.01138	0.01475	0.02738	0.09336	0.05845	0.01382	0.00682	0.00226	0.00443	0.69464	0.00459	0.00455
10	0.86003	0.00964	0.00733	0.00655	0.00964	0.01118	0.00540	0.01465	0.00848	0.02236	0.00694	0.00810	0.00540	0.00463	0.00308	0.00154	0.00386	0.00270	0.00308	0.00540
11	0.00605	0.00444	0.00567	0.00666	0.00715	0.00407	0.00450	0.00697	0.00982	0.01284	0.03094	0.70506	0.14725	0.01517	0.00629	0.00197	0.00284	0.01362	0.00463	0.00407
12	0.00693	0.00509	0.00649	0.00614	0.00737	0.00465	0.00461	0.00917	0.01382	0.01930	0.71331	0.03836	0.12525	0.01045	0.00588	0.00158	0.00237	0.00917	0.00540	0.00465
13	0.01333	0.82783	0.02612	0.00853	0.01279	0.01972	0.00853	0.01493	0.01013	0.01173	0.00693	0.00800	0.00640	0.00426	0.00320	0.00107	0.00533	0.00267	0.00213	0.00640
14	0.07822	0.01224	0.10574	0.01049	0.01386	0.01181	0.02158	0.04504	0.53593	0.03456	0.01783	0.01875	0.01381	0.00670	0.00499	0.00169	0.00451	0.05030	0.00451	0.00744
15	0.02079	0.00964	0.05046	0.00951	0.01324	0.00833	0.00819	0.03924	0.01377	0.68120	0.01795	0.01607	0.01151	0.00629	0.00588	0.00159	0.06761	0.00489	0.00563	0.00819
16	0.00589	0.00505	0.00505	0.00505	0.00673	0.00421	0.00379	0.00715	0.01136	0.01347	0.05049	0.04797	0.79171	0.01262	0.00589	0.00168	0.00252	0.01052	0.00463	0.00421
17	0.01259	0.01306	0.02802	0.02006	0.02501	0.01219	0.71580	0.01661	0.01196	0.07680	0.01083	0.01372	0.00793	0.00435	0.00581	0.00167	0.00808	0.00581	0.00281	0.00686
18	0.01226	0.01229	0.02292	0.15934	0.20633	0.01252	0.36772	0.09847	0.01256	0.01710	0.00985	0.01295	0.00756	0.00467	0.00559	0.00162	0.02146	0.00511	0.00272	0.00696
19	0.00764	0.00610	0.00920	0.09468	0.01183	0.00735	0.00729	0.00949	0.00817	0.01167	0.01245	0.01865	0.01157	0.05327	0.64232	0.00683	0.06906	0.00523	0.00260	0.00460
20	0.08400	0.01571	0.10949	0.01328	0.10029	0.17247	0.01045	0.20798	0.08610	0.13416	0.01194	0.01226	0.00867	0.00548	0.00471	0.00149	0.00602	0.00417	0.00390	0.00743
21	0.01037	0.00886	0.01027	0.00755	0.01173	0.00702	0.00601	0.01351	0.07079	0.01675	0.04005	0.01202	0.00953	0.00418	0.00388	0.00084	0.00366	0.00340	0.00322	0.75636
22	0.04521	0.01113	0.14511	0.07281	0.04797	0.00886	0.00937	0.07233	0.08490	0.16965	0.13149	0.12679	0.03763	0.00776	0.00522	0.00164	0.00458	0.00661	0.00435	0.00660
23	0.01404	0.01437	0.14542	0.05447	0.16634	0.01301	0.01192	0.28595	0.18276	0.02231	0.01296	0.01435	0.00986	0.00578	0.00500	0.00158	0.00558	0.02258	0.00390	0.00782
24	0.01091	0.01091	0.01527	0.01309	0.01309	0.01527	0.01091	0.01200	0.00763	0.01200	0.00654	0.01091	0.00654	0.00872	0.01636	0.00218	0.81570	0.00436	0.00218	0.00545
25	0.01240	0.01071	0.01127	0.01014	0.01296	0.01240	0.00789	0.02649	0.78473	0.02085	0.02029	0.01860	0.01522	0.00676	0.00507	0.00169	0.00394	0.00564	0.00507	0.00789
26	0.00589	0.00505	0.00505	0.00505	0.00673	0.00421	0.00379	0.00715	0.01136	0.01347	0.05049	0.04797	0.79171	0.01262	0.00589	0.00168	0.00252	0.01052	0.00463	0.00421
27	0.00657	0.00508	0.00599	0.00576	0.00715	0.00450	0.00432	0.00846	0.01296	0.01726	0.48149	0.04172	0.35834	0.01121	0.00588	0.00162	0.00242	0.00964	0.00513	0.00450
28	0.01000	0.02578	0.79900	0.01421	0.02157	0.01158	0.01842	0.01579	0.01052	0.01579	0.00895	0.01052	0.00631	0.00474	0.00474	0.00158	0.00737	0.00368	0.00210	0.00737
29	0.02236	0.00848	0.01157	0.00887	0.01272	0.00733	0.00733	0.02429	0.01427	0.79719	0.01966	0.01697	0.01234	0.00617	0.00501	0.00154	0.00424	0.00501	0.00617	0.00848
30	0.01091	0.01091	0.01527	0.01309	0.01309	0.01527	0.01091	0.01200	0.00763	0.01200	0.00654	0.01091	0.00654	0.00872	0.01636	0.00218	0.81570	0.00436	0.00218	0.00545
31	0.01036	0.00894	0.01054	0.00762	0.01186	0.00700	0.00611	0.01253	0.01023	0.01607	0.00876	0.01036	0.00735	0.00390	0.00421	0.00080	0.03679	0.00301	0.00292	0.82066
32	0.05907	0.26615	0.48755	0.01200	0.01797	0.01384	0.02784	0.01525	0.01029	0.01486	0.00870	0.02980	0.00697	0.00485	0.00424	0.00143	0.00646	0.00362	0.00224	0.00687
33	0.00705	0.00510	0.00666	0.00627	0.00745	0.00470	0.00470	0.00941	0.01411	0.01999	0.79110	0.03723	0.04703	0.01019	0.00588	0.00157	0.00235	0.00901	0.00549	0.00470
34	0.00731	0.00559	0.00841	0.07054	0.01069	0.00653	0.00665	0.00911	0.00812	0.01156	0.01313	0.01981	0.01232	0.07820	0.69985	0.00734	0.01236	0.00537	0.00265	0.00446
35	0.03279	0.19426	0.20680	0.01489	0.15774	0.02476	0.06547	0.01769	0.01162	0.21094	0.01128	0.01204	0.00820	0.00490	0.00454	0.00144	0.00589	0.00406	0.00325	0.00742
36	0.00969	0.00912	0.01493	0.67121	0.05340	0.01149	0.01329	0.01269	0.00972	0.01287	0.00874	0.01307	0.00680	0.00546	0.00639	0.00171	0.10912	0.00443	0.02029	0.00558
37	0.00803	0.00574	0.00803	0.00918	0.01033	0.00574	0.00803	0.01033	0.01147	0.01492	0.02639	0.05622	0.02869	0.01377	0.00688	0.00229	0.00459	0.76018	0.00459	0.00459
38	0.00638	0.00488	0.00610	0.02837	0.00815	0.00451	0.00498	0.00770	0.01065	0.01370	0.08784	0.42103	0.27027	0.01381	0.00620	0.00190	0.00302	0.09162	0.00462	0.00424
39	0.01079	0.03794	0.15215	0.35829	0.17226	0.01174	0.03766	0.05807	0.01107	0.01517	0.00968	0.03429	0.00778	0.00531	0.00540	0.00161	0.04096	0.00456	0.01880	0.00648
40	0.01491	0.08921	0.01404	0.01113	0.05146	0.03522	0.03792	0.18601	0.21713	0.15179	0.01675	0.12402	0.01390	0.00719	0.00505	0.00159	0.00474	0.00603	0.00460	0.00735
41	0.86003	0.00964	0.00733	0.00655	0.00964	0.01118	0.00540	0.01465	0.00848	0.02236	0.00694	0.00810	0.00540	0.00463	0.00308	0.00154	0.00386	0.00270	0.00308	0.00540
42	0.00866	0.00433	0.00649	0.00649	0.00649	0.00433	0.00433	0.00649	0.00649	0.00866	0.00866	0.01515	0.00866	0.01732	0.01948	0.85498	0.00433	0.00433	0.00216	0.00216
43	0.60304	0.14433	0.01122	0.00777	0.02979	0.01230	0.00639	0.01588	0.03036	0.08869	0.00848	0.00925	0.00650	0.00476	0.00337	0.00147	0.00419	0.00302	0.00324	0.00596
44	0.01056	0.06897	0.61700	0.01606	0.09927	0.01215	0.07617	0.01570	0.01068	0.01562	0.00896	0.01079	0.00657	0.00464	0.00476	0.00155	0.00719	0.00387	0.00218	0.00731
45	0.01197	0.01146	0.01956	0.12979	0.69744	0.01175	0.01511	0.01497	0.01117	0.01583	0.00931	0.01246	0.00774	0.00451	0.00494	0.00150	0.00601	0.00444	0.00244	0.00760
46	0.01168	0.16691	0.39073	0.03170	0.11290	0.05200	0.02808	0.01558	0.01081	0.03412	0.00884	0.01046	0.00682	0.00455	0.00439	0.00137	0.00644	0.00358	0.00238	0.09666
47	0.15010	0.02155	0.01306	0.01186	0.01451	0.68080	0.00897	0.01908	0.01324	0.01379	0.00759	0.00885	0.00626	0.00506	0.00427	0.00132	0.00819	0.00313	0.00265	0.00572
48	0.00703	0.00509	0.00662	0.00624	0.00743	0.00469	0.00468	0.00935	0.01404	0.01983	0.77273	0.03750	0.06550	0.01025	0.00588	0.00157	0.00236	0.00905	0.00547	0.00469
49	0.01153	0.01144	0.03467	0.26767	0.49710	0.02867	0.01450	0.01508	0.04249	0.01529	0.00962	0.01277	0.00775	0.00472	0.00494	0.00154	0.00616	0.00444	0.00249	0.00712
50	0.00605	0.00506	0.00527	0.00521	0.00683	0.00427	0.00391	0.00746	0.01173	0.01434	0.15038	0.04652	0.69128	0.01230	0.00589	0.00167	0.00250	0.01032	0.00474	0.00427
51	0.00680	0.00657	0.06761	0.00651	0.00822	0.00497	0.00540	0.00883	0.01211	0.01631	0.33972	0.14878	0.30246	0.01125	0.00579	0.00166	0.00288	0.00972	0.02975	0.00464
52	0.00780	0.00547	0.00652	0.00682	0.04456	0.00529	0.00390	0.00823	0.00786	0.01092	0.01511	0.04447	0.01685	0.67182	0.02142	0.00415	0.00466	0.00680	0.03764	0.06971
53	0.80691	0.00957	0.00759	0.00670	0.00984	0.01094	0.00552	0.01526	0.00885	0.07150	0.00775	0.00866	0.00584	0.00472	0.00321	0.00154	0.00388	0.00285	0.00328	0.00559
54	0.00965	0.00911	0.01539	0.74839	0.09691	0.01114	0.01396	0.01295	0.01008	0.01303	0.00890	0.01321	0.00675	0.00494	0.00498	0.00165	0.00658	0.00443	0.00224	0.00573
55	0.00866	0.00433	0.00649	0.00649	0.00649	0.00433	0.00433	0.00649	0.00649	0.00866	0.00866	0.01515	0.00866	0.01732	0.01948	0.85498	0.00433	0.00433	0.00216	0.00216
56	0.01176	0.01345	0.02941	0.02101	0.02605	0.01261	0.77563	0.01597	0.01176	0.01597	0.01008	0.01345	0.00756	0.00420	0.00588	0.00168	0.00840	0.00588	0.00252	0.00672
57	0.01333	0.82783	0.02612	0.00853	0.01279	0.01972	0.00853	0.01493	0.01013	0.01173	0.00693	0.00800	0.00640	0.00426	0.00320	0.00107	0.00533	0.00267	0.00213	0.00640
58	0.00726	0.00558	0.00673	0.00634	0.00760	0.02548	0.00476	0.00950	0.01389	0.01927	0.71184	0.03735	0.10517	0.01025	0.00584	0.00157	0.00254	0.00898	0.00534	0.00469
59	0.00622	0.00459	0.00584	0.00666	0.00731	0.00421	0.00465	0.00736	0.01036	0.01361	0.10047	0.58202	0.16394	0.01453	0.00626	0.00194	0.00286	0.04829	0.00470	0.00416
60	0.03231	0.06317	0.01296	0.00901	0.01297	0.01072	0.00744	0.23398	0.01389	0.02019	0.00943	0.01065	0.00753	0.00475	0.00488	0.00109	0.05941	0.00347	0.00344	0.47870
61	0.01122	0.02727	0.15278	0.08189	0.10704	0.01208	0.47334	0.01538	0.01143	0.01579	0.03574	0.01354	0.00862	0.00458	0.00548	0.00163	0.00758	0.00531	0.00252	0.00679
62	0.00618	0.00446	0.00590	0.00695	0.00735	0.00412	0.00466	0.00709	0.00956	0.01282	0.02699	0.80046	0.03230	0.01531	0.00629	0.00199	0.00291	0.01388	0.00458	0.02620
63	0.21219	0.12717	0.33726	0.01091	0.01599	0.01174	0.04880	0.01551	0.01028	0.07752	0.00999	0.04993	0.00799	0.00522	0.00425	0.00149	0.00570	0.00401	0.00283	0.04122

[dist]
# distance from previous block
# <min> <max>
0	4

[block]
# block no. 7 follows, 50 sequences, length 67
# corresponding to MSA columns:
# 302-327,335-364,370-374,382-387
name=unknown_H
#
# <colnr> <probs for GDERKNQSTAVLIFYWHMCP>
#	G	D	E	R	K	N	Q	S	T	A	V	L	I	F	Y	W	H	M	C	P
0	0.05140	0.01242	0.01466	0.06750	0.08276	0.01357	0.03174	0.44442	0.13364	0.02547	0.01231	0.01286	0.00908	0.00564	0.00486	0.00149	0.00527	0.00452	0.00431	0.06206
1	0.00714	0.00527	0.00764	0.00764	0.00840	0.00603	0.00577	0.00866	0.00790	0.01129	0.01369	0.02147	0.01328	0.15147	0.69211	0.00755	0.01212	0.00562	0.00272	0.00424
2	0.01333	0.82783	0.02612	0.00853	0.01279	0.01972	0.00853	0.01493	0.01013	0.01173	0.00693	0.00800	0.00640	0.00426	0.00320	0.00107	0.00533	0.00267	0.00213	0.00640
3	0.78839	0.00954	0.00769	0.00675	0.00990	0.01085	0.00556	0.01548	0.00898	0.08863	0.00803	0.00886	0.00599	0.00476	0.00325	0.00154	0.00389	0.00290	0.00335	0.00566
4	0.00592	0.00505	0.00508	0.00508	0.00675	0.00422	0.00381	0.00720	0.01142	0.01361	0.06655	0.04774	0.77556	0.01257	0.00589	0.00168	0.00252	0.01049	0.00465	0.00422
5	0.00725	0.00483	0.00544	0.00544	0.00544	0.00483	0.00302	0.00725	0.00725	0.00966	0.01571	0.03262	0.01812	0.82483	0.02537	0.00483	0.00483	0.00725	0.00302	0.00302
6	0.00725	0.00483	0.00544	0.00544	0.00544	0.00483	0.00302	0.00725	0.00725	0.00966	0.01571	0.03262	0.01812	0.82483	0.02537	0.00483	0.00483	0.00725	0.00302	0.00302
7	0.01333	0.82783	0.02612	0.00853	0.01279	0.01972	0.00853	0.01493	0.01013	0.01173	0.00693	0.00800	0.00640	0.00426	0.00320	0.00107	0.00533	0.00267	0.00213	0.00640
8	0.01240	0.01071	0.01127	0.01014	0.01296	0.01240	0.00789	0.02649	0.78473	0.02085	0.02029	0.01860	0.01522	0.00676	0.00507	0.00169	0.00394	0.00564	0.00507	0.00789
9	0.00713	0.00532	0.00789	0.00789	0.00873	0.00616	0.00607	0.00882	0.00797	0.01148	0.01347	0.02022	0.01274	0.07568	0.76716	0.00786	0.01294	0.00543	0.00269	0.00438
10	0.86003	0.00964	0.00733	0.00655	0.00964	0.01118	0.00540	0.01465	0.00848	0.02236	0.00694	0.00810	0.00540	0.00463	0.00308	0.00154	0.00386	0.00270	0.00308	0.00540
11	0.01000	0.02578	0.79900	0.01421	0.02157	0.01158	0.01842	0.01579	0.01052	0.01579	0.00895	0.01052	0.00631	0.00474	0.00474	0.00158	0.00737	0.00368	0.00210	0.00737
12	0.00744	0.00718	0.07571	0.00855	0.00995	0.00681	0.00726	0.00949	0.00819	0.01188	0.01292	0.01907	0.01201	0.05964	0.69642	0.00725	0.02769	0.00524	0.00262	0.00467
13	0.00712	0.00534	0.00801	0.00801	0.00890	0.00623	0.00623	0.00890	0.00801	0.01157	0.01335	0.01958	0.01246	0.03738	0.80507	0.00801	0.01335	0.00534	0.00267	0.00445
14	0.01074	0.20498	0.62631	0.01294	0.01961	0.01340	0.01621	0.01559	0.01044	0.01488	0.00849	0.00996	0.00633	0.00463	0.00439	0.00146	0.00691	0.00346	0.00211	0.00715
15	0.01311	0.77658	0.07550	0.00889	0.01335	0.01920	0.00916	0.01498	0.01015	0.01199	0.00706	0.00816	0.00639	0.00429	0.00330	0.00110	0.00546	0.00273	0.00213	0.00646
16	0.00711	0.00508	0.00697	0.00812	0.00886	0.00494	0.00642	0.00873	0.01056	0.01388	0.02690	0.41800	0.03071	0.01464	0.00664	0.00217	0.00379	0.40755	0.00461	0.00433
17	0.00952	0.00885	0.01503	0.73925	0.05769	0.01084	0.02718	0.01261	0.00990	0.01274	0.00889	0.01334	0.00679	0.00547	0.00561	0.03758	0.00656	0.00445	0.00223	0.00549
18	0.01042	0.09906	0.59794	0.08277	0.04286	0.01236	0.05642	0.01544	0.01053	0.01516	0.00882	0.01072	0.00646	0.00468	0.00468	0.00154	0.00713	0.00379	0.00215	0.00710
19	0.00725	0.00483	0.00544	0.00544	0.00544	0.00483	0.00302	0.00725	0.00725	0.00966	0.01571	0.03262	0.01812	0.82483	0.02537	0.00483	0.00483	0.00725	0.00302	0.00302
20	0.01092	0.01096	0.01559	0.01327	0.01339	0.01521	0.02854	0.01209	0.00773	0.01209	0.00662	0.01096	0.00657	0.00862	0.01612	0.00217	0.79709	0.00440	0.00219	0.00548
21	0.01286	0.01336	0.09355	0.01748	0.02232	0.01135	0.53373	0.03847	0.01230	0.12104	0.01390	0.01582	0.05822	0.00510	0.00564	0.00165	0.00729	0.00583	0.00318	0.00691
22	0.01108	0.01183	0.03597	0.01283	0.01353	0.08118	0.04686	0.01246	0.00863	0.01236	0.00882	0.08038	0.00897	0.00935	0.03187	0.00219	0.59861	0.00518	0.00245	0.00545
23	0.00607	0.00434	0.00578	0.00694	0.00723	0.00405	0.00463	0.00694	0.00954	0.01272	0.02747	0.82157	0.03297	0.01562	0.00636	0.00202	0.00289	0.01417	0.00463	0.00405
24	0.01035	0.00891	0.01045	0.00752	0.01184	0.00685	0.00602	0.01254	0.01027	0.01614	0.00881	0.01035	0.00736	0.00381	0.00399	0.00077	0.02270	0.00299	0.00294	0.83541
25	0.01130	0.01015	0.01632	0.24719	0.40303	0.01084	0.01289	0.04640	0.04359	0.02983	0.10701	0.01602	0.01280	0.00550	0.00507	0.00155	0.00556	0.00507	0.00305	0.00687
26	0.00608	0.00439	0.00573	0.00680	0.00717	0.00407	0.00455	0.00696	0.00961	0.01271	0.02863	0.76181	0.07779	0.02958	0.00667	0.00205	0.00290	0.01383	0.00460	0.00404
27	0.00607	0.00434	0.00578	0.00694	0.00723	0.00405	0.00463	0.00694	0.00954	0.01272	0.02747	0.82157	0.03297	0.01562	0.00636	0.00202	0.00289	0.01417	0.00463	0.00405
28	0.01272	0.01149	0.01883	0.13375	0.62473	0.02900	0.01447	0.01563	0.01141	0.06561	0.00993	0.01269	0.00798	0.00464	0.00494	0.00150	0.00598	0.00445	0.00267	0.00757
29	0.01082	0.00933	0.01227	0.06200	0.10582	0.00789	0.02043	0.01319	0.01047	0.03315	0.00912	0.01097	0.00749	0.00406	0.00433	0.00096	0.02610	0.00335	0.00289	0.64536
30	0.66325	0.15526	0.05444	0.00733	0.01086	0.01271	0.00667	0.01476	0.00889	0.02012	0.00705	0.00821	0.00563	0.00457	0.00320	0.00146	0.00431	0.00275	0.00286	0.00568
31	0.86003	0.00964	0.00733	0.00655	0.00964	0.01118	0.00540	0.01465	0.00848	0.02236	0.00694	0.00810	0.00540	0.00463	0.00308	0.00154	0.00386	0.00270	0.00308	0.00540
