[name]
unknown

[dist]
# distance from previous block
# <min> <max>
6	620

[block]
# block no. 0 follows, 47 sequences, length 34
# corresponding to MSA columns:
# 5912-5945
name=unknown_A
#
# <colnr> <probs for GDERKNQSTAVLIFYWHMCP>
#	G	D	E	R	K	N	Q	S	T	A	V	L	I	F	Y	W	H	M	C	P
0	0.06364	0.03543	0.03610	0.26743	0.14590	0.04935	0.11337	0.07646	0.04507	0.08912	0.01136	0.02433	0.00864	0.00539	0.00515	0.00164	0.00649	0.00485	0.00324	0.00703
1	0.06018	0.01124	0.06530	0.08850	0.19330	0.01940	0.02276	0.07667	0.03809	0.05792	0.06692	0.08175	0.03276	0.02072	0.00660	0.00173	0.07415	0.01594	0.00358	0.06250
2	0.02927	0.07594	0.08405	0.03425	0.05241	0.02419	0.03637	0.09695	0.07581	0.08373	0.05185	0.05710	0.05642	0.00644	0.00486	0.00142	0.00488	0.00535	0.02712	0.19159
3	0.08861	0.01282	0.07469	0.09021	0.32388	0.06158	0.06372	0.01564	0.01145	0.05582	0.02076	0.01494	0.00947	0.05869	0.00638	0.00178	0.00616	0.01769	0.00294	0.06274
4	0.03613	0.12514	0.01918	0.23051	0.37293	0.01268	0.03115	0.01455	0.01109	0.01526	0.01077	0.06767	0.00968	0.00569	0.00501	0.00159	0.00606	0.01529	0.00266	0.00695
5	0.01079	0.00931	0.01564	0.69948	0.04795	0.01121	0.03159	0.01415	0.01089	0.06491	0.02837	0.01472	0.00838	0.00539	0.00525	0.00172	0.00670	0.00482	0.00268	0.00604
6	0.01043	0.00795	0.01180	0.11805	0.11638	0.00776	0.03888	0.03143	0.01349	0.08082	0.36883	0.02719	0.06676	0.00804	0.00562	0.00158	0.00416	0.00716	0.00453	0.06916
7	0.00784	0.00612	0.00911	0.06808	0.01125	0.00727	0.00711	0.00964	0.00844	0.01205	0.01341	0.02052	0.01269	0.09349	0.63839	0.00730	0.05427	0.00560	0.00275	0.00468
8	0.00769	0.00592	0.00883	0.00974	0.06693	0.00643	0.00678	0.00960	0.00970	0.01380	0.11906	0.12723	0.02036	0.02964	0.52619	0.00612	0.01037	0.00725	0.00344	0.00490
9	0.01425	0.06742	0.01948	0.09535	0.44702	0.11805	0.02584	0.09289	0.03853	0.01754	0.01001	0.01241	0.00813	0.00502	0.00500	0.00152	0.00657	0.00441	0.00290	0.00767
10	0.01272	0.01179	0.01935	0.15340	0.57991	0.01227	0.01490	0.07160	0.01267	0.01774	0.03679	0.01393	0.00951	0.00506	0.00520	0.00158	0.00614	0.00481	0.00284	0.00778
11	0.00765	0.00528	0.00667	0.00643	0.00767	0.00485	0.00478	0.00985	0.01378	0.03394	0.57832	0.10837	0.10823	0.01096	0.00598	0.00166	0.00256	0.00962	0.06852	0.00488
12	0.00876	0.01167	0.21750	0.00908	0.01238	0.00730	0.00907	0.03234	0.01343	0.01918	0.43085	0.04327	0.05909	0.00881	0.00567	0.00161	0.00415	0.03240	0.00449	0.06894
13	0.00871	0.00655	0.00960	0.00878	0.00991	0.00701	0.06251	0.06082	0.00956	0.01322	0.01486	0.07493	0.01499	0.22754	0.38523	0.06206	0.00941	0.00660	0.00314	0.00455
14	0.01398	0.65249	0.07733	0.00974	0.01419	0.07105	0.00964	0.01691	0.06815	0.01329	0.00848	0.00943	0.00737	0.00475	0.00369	0.00121	0.00586	0.00313	0.00249	0.00683
15	0.68608	0.06580	0.08740	0.00795	0.01174	0.01246	0.00736	0.04028	0.00971	0.02225	0.00763	0.00884	0.00591	0.00487	0.00347	0.00158	0.00455	0.00298	0.00312	0.00602
16	0.54064	0.00984	0.03535	0.00757	0.01054	0.01045	0.00633	0.01598	0.10294	0.03810	0.16028	0.01600	0.01554	0.00627	0.00414	0.00164	0.00387	0.00456	0.00399	0.00595
17	0.03069	0.02328	0.65541	0.01348	0.02004	0.01097	0.01679	0.01527	0.01111	0.01670	0.06225	0.07751	0.01165	0.00624	0.00512	0.00169	0.00688	0.00508	0.00267	0.00718
18	0.00848	0.00580	0.00661	0.00634	0.00671	0.00598	0.00389	0.06459	0.00889	0.01194	0.01595	0.03153	0.01777	0.70318	0.07743	0.00501	0.00571	0.00722	0.00328	0.00368
19	0.07685	0.02775	0.36914	0.11890	0.02078	0.01135	0.03883	0.06896	0.01257	0.15967	0.03836	0.01357	0.00941	0.00551	0.00499	0.00164	0.00641	0.00445	0.00342	0.00745
20	0.01037	0.00598	0.00772	0.00698	0.00878	0.00536	0.00534	0.01249	0.01410	0.17383	0.48825	0.08719	0.13209	0.01049	0.00599	0.00168	0.00291	0.00913	0.00571	0.00560
21	0.85377	0.01007	0.00765	0.00685	0.01007	0.01168	0.00564	0.01531	0.00886	0.02336	0.00725	0.00846	0.00564	0.00483	0.00322	0.00161	0.00403	0.00282	0.00322	0.00564
22	0.03022	0.62089	0.12678	0.01010	0.01479	0.09579	0.01033	0.01622	0.01101	0.01308	0.00760	0.00881	0.00665	0.00462	0.00369	0.00122	0.00620	0.00298	0.00229	0.00673
23	0.01379	0.73583	0.02533	0.00879	0.01291	0.03392	0.00853	0.01535	0.01054	0.02684	0.00811	0.01025	0.00761	0.05828	0.00494	0.00139	0.00559	0.00316	0.00238	0.00648
24	0.00737	0.00532	0.00696	0.00655	0.00778	0.00491	0.00491	0.00983	0.01474	0.02088	0.78175	0.03890	0.04914	0.01065	0.00614	0.00164	0.00246	0.00942	0.00573	0.00491
25	0.00744	0.00558	0.00837	0.00837	0.00930	0.00651	0.00651	0.00930	0.00837	0.01209	0.01395	0.02046	0.01302	0.03906	0.79635	0.00837	0.01395	0.00558	0.00279	0.00465
26	0.00727	0.00530	0.00683	0.00648	0.00773	0.00486	0.00485	0.00961	0.01444	0.02025	0.71586	0.05780	0.09732	0.01095	0.00615	0.00166	0.00248	0.00965	0.00565	0.00486
27	0.01217	0.01164	0.01984	0.21410	0.60799	0.01218	0.01562	0.01535	0.01152	0.01614	0.00967	0.01312	0.00794	0.00477	0.00517	0.00159	0.00636	0.00464	0.00252	0.00767
28	0.01065	0.01009	0.01709	0.59823	0.23573	0.01178	0.01487	0.01402	0.01080	0.01430	0.00940	0.01362	0.00729	0.00506	0.00519	0.00169	0.00674	0.00463	0.00238	0.00644
29	0.06831	0.00966	0.01414	0.50058	0.06663	0.01148	0.01213	0.06453	0.10014	0.01646	0.01233	0.07915	0.01033	0.00634	0.00520	0.00174	0.00598	0.00548	0.00313	0.00626
30	0.06649	0.15551	0.55879	0.01277	0.01919	0.01298	0.01566	0.01581	0.01104	0.01654	0.06156	0.01229	0.00945	0.00525	0.00465	0.00156	0.00674	0.00398	0.00251	0.00720
31	0.19653	0.40389	0.03180	0.01070	0.06575	0.05780	0.00889	0.06694	0.06206	0.04011	0.00916	0.01007	0.00750	0.00496	0.00385	0.00136	0.00539	0.00337	0.00302	0.00686
32	0.01951	0.09340	0.11082	0.01006	0.01449	0.01016	0.00929	0.05267	0.06448	0.50744	0.02790	0.01601	0.01192	0.00610	0.00500	0.00156	0.00495	0.00485	0.00529	0.02410
33	0.04226	0.03716	0.26169	0.01331	0.06754	0.10391	0.01238	0.21800	0.04815	0.03418	0.04797	0.01355	0.01027	0.00577	0.00490	0.00154	0.00629	0.00445	0.05920	0.00748

[dist]
# distance from previous block
# <min> <max>
5	19

[block]
# block no. 1 follows, 47 sequences, length 11
# corresponding to MSA columns:
# 5966-5976
name=unknown_B
#
# <colnr> <probs for GDERKNQSTAVLIFYWHMCP>
#	G	D	E	R	K	N	Q	S	T	A	V	L	I	F	Y	W	H	M	C	P
0	0.01064	0.07068	0.74794	0.01452	0.02203	0.01256	0.01867	0.01644	0.01097	0.01626	0.00923	0.01085	0.00660	0.00492	0.00486	0.00162	0.00758	0.00379	0.00220	0.00764
1	0.01150	0.23531	0.46458	0.01248	0.01845	0.01351	0.03363	0.01578	0.01118	0.04148	0.04787	0.05117	0.01030	0.00569	0.00470	0.00153	0.00656	0.00448	0.00266	0.00714
2	0.00971	0.00485	0.00485	0.00485	0.00607	0.00485	0.00364	0.01213	0.01092	0.01942	0.01699	0.01942	0.01335	0.00607	0.00364	0.00121	0.00243	0.00485	0.84589	0.00485
3	0.01004	0.00960	0.01679	0.64238	0.06364	0.01133	0.08906	0.01352	0.01094	0.01429	0.06007	0.01550	0.00986	0.00546	0.00536	0.00172	0.00680	0.00509	0.00258	0.00595
4	0.00703	0.00531	0.00655	0.00660	0.00789	0.00482	0.00503	0.00900	0.01312	0.01755	0.40930	0.11986	0.25910	0.01237	0.00632	0.00181	0.00283	0.09556	0.00528	0.00468
5	0.00971	0.00485	0.00485	0.00485	0.00607	0.00485	0.00364	0.01213	0.01092	0.01942	0.01699	0.01942	0.01335	0.00607	0.00364	0.00121	0.00243	0.00485	0.84589	0.00485
6	0.14810	0.00595	0.00634	0.00620	0.00685	0.00633	0.00398	0.00907	0.00788	0.01255	0.01459	0.02816	0.01600	0.58679	0.11695	0.00488	0.00597	0.00654	0.00312	0.00375
7	0.01254	0.01363	0.11380	0.16907	0.32526	0.06020	0.03947	0.03942	0.01206	0.05199	0.01188	0.05420	0.01024	0.00609	0.00554	0.00168	0.02139	0.04142	0.00297	0.00717
8	0.05021	0.04904	0.01263	0.00967	0.01307	0.06275	0.00783	0.23750	0.11680	0.14426	0.09724	0.01753	0.03232	0.00660	0.00495	0.00149	0.00474	0.00520	0.04354	0.08265
9	0.53614	0.06398	0.01108	0.00929	0.04739	0.08850	0.00717	0.01659	0.01029	0.08891	0.00871	0.00979	0.00672	0.00510	0.00416	0.00153	0.03314	0.00324	0.00332	0.04493
10	0.15633	0.01487	0.08843	0.15692	0.12470	0.13434	0.09585	0.06420	0.06131	0.04010	0.01024	0.01226	0.00780	0.00520	0.00487	0.00161	0.00667	0.00432	0.00308	0.00689

[dist]
# distance from previous block
# <min> <max>
0	2

[block]
# block no. 2 follows, 47 sequences, length 38
# corresponding to MSA columns:
# 5979-6016
name=unknown_C
#
# <colnr> <probs for GDERKNQSTAVLIFYWHMCP>
#	G	D	E	R	K	N	Q	S	T	A	V	L	I	F	Y	W	H	M	C	P
0	0.11529	0.03108	0.10455	0.03137	0.06945	0.05892	0.00953	0.10908	0.04333	0.22116	0.06392	0.05336	0.01329	0.00653	0.00493	0.00159	0.00515	0.00522	0.04497	0.00730
1	0.00728	0.03620	0.00741	0.02492	0.00842	0.00549	0.00501	0.00934	0.01345	0.01810	0.49365	0.07552	0.25365	0.01126	0.00604	0.00168	0.00276	0.00975	0.00523	0.00482
2	0.00828	0.00591	0.00826	0.00946	0.01061	0.00590	0.00819	0.01059	0.01188	0.01546	0.02764	0.10071	0.03022	0.01449	0.00716	0.00238	0.00470	0.70860	0.00480	0.00476
3	0.00635	0.00516	0.00563	0.00578	0.00722	0.00444	0.00424	0.00775	0.01193	0.01485	0.14677	0.17879	0.55616	0.01338	0.00624	0.00180	0.00268	0.01143	0.00496	0.00444
4	0.01045	0.02694	0.79000	0.01484	0.02254	0.01209	0.01924	0.01649	0.01099	0.01649	0.00935	0.01099	0.00660	0.00495	0.00495	0.00165	0.00770	0.00385	0.00220	0.00770
5	0.00971	0.00485	0.00485	0.00485	0.00607	0.00485	0.00364	0.01213	0.01092	0.01942	0.01699	0.01942	0.01335	0.00607	0.00364	0.00121	0.00243	0.00485	0.84589	0.00485
6	0.01376	0.78191	0.06403	0.00920	0.01381	0.02020	0.00941	0.01564	0.01060	0.01246	0.00734	0.00848	0.00668	0.00448	0.00342	0.00114	0.00567	0.00284	0.00223	0.00673
7	0.04767	0.43682	0.13021	0.01084	0.04636	0.03584	0.01025	0.03457	0.04070	0.11782	0.03734	0.01178	0.00941	0.00519	0.00414	0.00135	0.00562	0.00375	0.00316	0.00717
8	0.00971	0.00485	0.00485	0.00485	0.00607	0.00485	0.00364	0.01213	0.01092	0.01942	0.01699	0.01942	0.01335	0.00607	0.00364	0.00121	0.00243	0.00485	0.84589	0.00485
9	0.00634	0.00453	0.00604	0.00725	0.00755	0.00423	0.00483	0.00725	0.00997	0.01329	0.02870	0.81358	0.03444	0.01632	0.00665	0.00211	0.00302	0.01480	0.00483	0.00423
10	0.74079	0.01113	0.00840	0.00746	0.01063	0.06530	0.00607	0.04669	0.00996	0.02293	0.00777	0.00897	0.00604	0.00496	0.00342	0.00158	0.00442	0.00299	0.02470	0.00578
11	0.85377	0.01007	0.00765	0.00685	0.01007	0.01168	0.00564	0.01531	0.00886	0.02336	0.00725	0.00846	0.00564	0.00483	0.00322	0.00161	0.00403	0.00282	0.00322	0.00564
12	0.00757	0.00507	0.00580	0.00580	0.00584	0.00511	0.00331	0.00765	0.00761	0.01019	0.01630	0.03347	0.01867	0.78214	0.06099	0.00520	0.00545	0.00748	0.00314	0.00322
13	0.01139	0.01139	0.01595	0.01367	0.01367	0.01595	0.01139	0.01253	0.00798	0.01253	0.00684	0.01139	0.00684	0.00911	0.01709	0.00228	0.80745	0.00456	0.00228	0.00570
14	0.00634	0.00453	0.00604	0.00725	0.00755	0.00423	0.00483	0.00725	0.00997	0.01329	0.02870	0.81358	0.03444	0.01632	0.00665	0.00211	0.00302	0.01480	0.00483	0.00423
15	0.06775	0.01158	0.01781	0.21232	0.45218	0.02635	0.01394	0.05190	0.04361	0.01752	0.02944	0.01368	0.00911	0.00513	0.00507	0.00160	0.00608	0.00467	0.00288	0.00739
16	0.00971	0.00485	0.00485	0.00485	0.00607	0.00485	0.00364	0.01213	0.01092	0.01942	0.01699	0.01942	0.01335	0.00607	0.00364	0.00121	0.00243	0.00485	0.84589	0.00485
17	0.00688	0.00493	0.00644	0.00731	0.00784	0.00467	0.00500	0.03064	0.01098	0.01479	0.11788	0.69700	0.03542	0.01533	0.00654	0.00204	0.00304	0.01386	0.00495	0.00445
18	0.01272	0.11336	0.06108	0.14857	0.46263	0.05102	0.01445	0.01623	0.04179	0.01579	0.00974	0.01247	0.00799	0.00485	0.00491	0.00153	0.00638	0.00435	0.00259	0.00753
19	0.01080	0.00926	0.01080	0.00771	0.01234	0.00694	0.00617	0.01311	0.01080	0.01697	0.00926	0.01080	0.00771	0.00386	0.00386	0.00077	0.00386	0.00309	0.00309	0.84882
20	0.01072	0.00926	0.01117	0.06925	0.01416	0.00730	0.00681	0.01313	0.01077	0.01669	0.00926	0.01104	0.00765	0.00396	0.00396	0.00085	0.00409	0.00320	0.00303	0.78370
21	0.00641	0.00458	0.00612	0.00732	0.00766	0.00429	0.00495	0.00736	0.01003	0.01337	0.02867	0.78980	0.03430	0.01625	0.00666	0.00212	0.00308	0.03795	0.00483	0.00425
22	0.01160	0.01362	0.13617	0.21878	0.46476	0.01193	0.01582	0.01518	0.01132	0.01593	0.01008	0.03328	0.00835	0.00512	0.00517	0.00162	0.00652	0.00478	0.00251	0.00746
23	0.01184	0.10880	0.35331	0.11015	0.14601	0.01231	0.03033	0.01625	0.02675	0.06392	0.06288	0.01390	0.01042	0.00539	0.00496	0.00158	0.00651	0.00450	0.00285	0.00732
24	0.00727	0.00532	0.00682	0.00644	0.00772	0.00487	0.00483	0.00963	0.01450	0.02031	0.72035	0.03984	0.11090	0.01086	0.00614	0.00165	0.00247	0.00955	0.00566	0.00487
25	0.01080	0.00926	0.01080	0.00771	0.01234	0.00694	0.00617	0.01311	0.01080	0.01697	0.00926	0.01080	0.00771	0.00386	0.00386	0.00077	0.00386	0.00309	0.00309	0.84882
26	0.01069	0.05320	0.70678	0.01528	0.05866	0.01227	0.01839	0.01635	0.01102	0.01638	0.00929	0.01099	0.00671	0.00489	0.00487	0.00160	0.00745	0.00383	0.00224	0.02908
27	0.77523	0.04415	0.03436	0.00727	0.01068	0.01209	0.00627	0.01559	0.02356	0.02265	0.00758	0.00875	0.00591	0.00486	0.00332	0.00159	0.00421	0.00291	0.00319	0.00580
28	0.01369	0.76627	0.07906	0.00931	0.01399	0.02003	0.00961	0.01565	0.01061	0.01254	0.00738	0.00853	0.00668	0.00449	0.00345	0.00115	0.00571	0.00286	0.00223	0.00675
29	0.00905	0.00452	0.00678	0.00678	0.00678	0.00452	0.00452	0.00678	0.00678	0.00905	0.00905	0.01583	0.00905	0.01809	0.02035	0.84848	0.00452	0.00452	0.00226	0.00226
30	0.00951	0.00709	0.00728	0.00681	0.00882	0.05199	0.00525	0.01159	0.03805	0.10760	0.16369	0.04139	0.46567	0.01136	0.00598	0.00173	0.00337	0.04251	0.00506	0.00525
31	0.00971	0.00485	0.00485	0.00485	0.00607	0.00485	0.00364	0.01213	0.01092	0.01942	0.01699	0.01942	0.01335	0.00607	0.00364	0.00121	0.00243	0.00485	0.84589	0.00485
32	0.33841	0.01081	0.06340	0.03112	0.01345	0.01007	0.05498	0.04591	0.01089	0.07203	0.03344	0.02888	0.00978	0.02912	0.02917	0.00179	0.02161	0.01555	0.00346	0.17615
33	0.00825	0.00554	0.00703	0.00721	0.02866	0.00567	0.00457	0.00898	0.00858	0.04077	0.05092	0.03027	0.03581	0.52722	0.20380	0.00537	0.00697	0.00710	0.00333	0.00397
34	0.00971	0.00485	0.00485	0.00485	0.00607	0.00485	0.00364	0.01213	0.01092	0.01942	0.01699	0.01942	0.01335	0.00607	0.00364	0.00121	0.00243	0.00485	0.84589	0.00485
35	0.01181	0.05046	0.50250	0.02895	0.05824	0.01233	0.11135	0.05050	0.03512	0.04280	0.01060	0.01229	0.00770	0.00506	0.00504	0.00162	0.00717	0.00434	0.03457	0.00757
36	0.12877	0.00937	0.02733	0.00956	0.03419	0.00847	0.00770	0.03686	0.03186	0.55743	0.07944	0.01790	0.01460	0.00650	0.00504	0.00162	0.00435	0.00522	0.00573	0.00807
37	0.04636	0.01255	0.13382	0.37075	0.18495	0.01137	0.02650	0.01515	0.01122	0.06909	0.04466	0.01435	0.00942	0.00543	0.00538	0.00168	0.02299	0.00472	0.00283	0.00677

[dist]
# distance from previous block
# <min> <max>
7	15

[block]
# block no. 3 follows, 47 sequences, length 30
# corresponding to MSA columns:
# 6032-6045,6048-6063
name=unknown_D
#
# <colnr> <probs for GDERKNQSTAVLIFYWHMCP>
#	G	D	E	R	K	N	Q	S	T	A	V	L	I	F	Y	W	H	M	C	P
0	0.60574	0.01034	0.00909	0.00790	0.01120	0.01171	0.00643	0.05387	0.12872	0.09571	0.01091	0.01122	0.00806	0.00540	0.00383	0.00163	0.00416	0.00361	0.00394	0.00650
1	0.01222	0.01169	0.01993	0.20168	0.62003	0.01220	0.01565	0.01539	0.01154	0.01620	0.00968	0.01311	0.00796	0.00476	0.00517	0.00159	0.00635	0.00464	0.00252	0.00771
2	0.01159	0.01224	0.06970	0.23398	0.39814	0.01179	0.08176	0.03297	0.01176	0.01615	0.01254	0.01554	0.05800	0.00538	0.00531	0.00164	0.00648	0.00513	0.00270	0.00721
3	0.00861	0.00753	0.01167	0.38401	0.07185	0.00838	0.01009	0.01112	0.01105	0.01452	0.09966	0.19640	0.10088	0.00917	0.00573	0.00180	0.00502	0.02105	0.00357	0.01789
4	0.01144	0.00868	0.01274	0.20162	0.10995	0.00954	0.00984	0.05318	0.01300	0.10067	0.26250	0.02361	0.04396	0.00789	0.00690	0.00173	0.09533	0.01703	0.00416	0.00623
5	0.01003	0.00946	0.01598	0.75435	0.08444	0.01162	0.01456	0.01348	0.01051	0.01355	0.00929	0.01382	0.00703	0.00517	0.00520	0.00172	0.00689	0.00463	0.00233	0.00594
6	0.01367	0.01099	0.01180	0.01052	0.01352	0.01252	0.00824	0.04040	0.69652	0.07203	0.02113	0.01999	0.01586	0.00716	0.00533	0.00177	0.00418	0.02081	0.00536	0.00822
7	0.01614	0.00775	0.01018	0.00900	0.01164	0.00728	0.00719	0.03066	0.08511	0.40720	0.02300	0.18591	0.02011	0.02244	0.01989	0.00201	0.00436	0.11738	0.00563	0.00710
8	0.01095	0.01039	0.01763	0.52347	0.30818	0.01186	0.01502	0.01428	0.01094	0.01465	0.00945	0.01352	0.00742	0.00500	0.00519	0.00167	0.00667	0.00463	0.00241	0.00668
9	0.01031	0.02509	0.71313	0.01454	0.02173	0.01166	0.04347	0.01606	0.01128	0.01679	0.05996	0.01292	0.00943	0.00530	0.00507	0.00165	0.00739	0.00429	0.00244	0.00749
10	0.01182	0.01128	0.01921	0.30220	0.52262	0.01209	0.01545	0.01505	0.01135	0.01572	0.00961	0.01324	0.00779	0.00484	0.00517	0.00161	0.00645	0.00464	0.00249	0.00739
11	0.00656	0.00467	0.00622	0.00720	0.00753	0.00451	0.00483	0.00746	0.00960	0.01288	0.02623	0.66927	0.03107	0.09388	0.07900	0.00295	0.00419	0.01330	0.00449	0.00417
12	0.00653	0.00492	0.00680	0.00756	0.00817	0.00455	0.03040	0.00759	0.01023	0.01348	0.03036	0.71460	0.10411	0.01562	0.00658	0.00207	0.00318	0.01415	0.00476	0.00434
13	0.02059	0.07013	0.01493	0.01063	0.01473	0.01297	0.00888	0.39354	0.04298	0.33297	0.01561	0.01451	0.01053	0.00623	0.00509	0.00156	0.00515	0.00481	0.00549	0.00868
14	0.13232	0.01344	0.01600	0.01300	0.05266	0.01453	0.08075	0.50994	0.01998	0.07871	0.01200	0.01246	0.00856	0.00582	0.00503	0.00159	0.00572	0.00461	0.00465	0.00822
15	0.01311	0.60744	0.18173	0.01096	0.01612	0.01840	0.06009	0.01585	0.01078	0.01340	0.00788	0.00926	0.00674	0.00455	0.00385	0.00126	0.00621	0.00322	0.00225	0.00691
16	0.00633	0.00460	0.00597	0.00706	0.00750	0.00425	0.00475	0.00727	0.01015	0.01337	0.03097	0.74156	0.10500	0.01602	0.00660	0.00208	0.00299	0.01444	0.00483	0.00425
17	0.00881	0.00465	0.00685	0.00685	0.00694	0.00473	0.00461	0.00706	0.00698	0.00939	0.00996	0.01743	0.01004	0.07179	0.09000	0.71879	0.00540	0.00482	0.00237	0.00253
18	0.02174	0.00867	0.01175	0.00933	0.01308	0.00765	0.00774	0.02414	0.03581	0.69782	0.02119	0.02143	0.01450	0.00717	0.00541	0.00169	0.00446	0.07167	0.00627	0.00848
19	0.02176	0.00913	0.01197	0.00927	0.01312	0.00823	0.00763	0.09409	0.01571	0.65759	0.05572	0.01921	0.03808	0.00683	0.00530	0.00161	0.00441	0.00556	0.00625	0.00854
20	0.01031	0.00998	0.01564	0.67230	0.03222	0.03342	0.01391	0.01340	0.01019	0.01318	0.00888	0.01341	0.00692	0.00576	0.00686	0.00180	0.11912	0.00458	0.00232	0.00578
21	0.00622	0.00530	0.00537	0.00541	0.00715	0.00445	0.00409	0.00758	0.01187	0.01411	0.05198	0.05038	0.75925	0.01323	0.00619	0.00178	0.00270	0.03370	0.00483	0.00441
22	0.01114	0.04849	0.59205	0.01402	0.02041	0.08164	0.03698	0.01619	0.01158	0.01616	0.04397	0.01516	0.01001	0.00581	0.00511	0.00166	0.00740	0.05245	0.00258	0.00719
23	0.01642	0.01318	0.01621	0.07860	0.19192	0.03574	0.01151	0.44884	0.01912	0.02560	0.01285	0.01674	0.01039	0.00650	0.00536	0.00164	0.00595	0.07110	0.00428	0.00804
24	0.00667	0.00508	0.00618	0.00692	0.00792	0.00463	0.00513	0.00798	0.01100	0.01394	0.03720	0.38000	0.31051	0.02864	0.00691	0.00208	0.00324	0.14681	0.00480	0.00438
25	0.00907	0.00466	0.00703	0.02909	0.00760	0.00472	0.00480	0.00697	0.00689	0.00916	0.00905	0.01578	0.00899	0.01773	0.01993	0.82481	0.00459	0.00453	0.00226	0.00236
26	0.01159	0.01116	0.01952	0.29144	0.42682	0.01187	0.08200	0.01489	0.01141	0.01566	0.01052	0.01551	0.00881	0.00527	0.00536	0.00167	0.00661	0.04014	0.00260	0.00714
27	0.03003	0.11479	0.68734	0.01400	0.02123	0.01303	0.01778	0.01637	0.01090	0.01618	0.00906	0.01064	0.00658	0.00489	0.00473	0.00159	0.00738	0.00371	0.00223	0.00754
28	0.01125	0.00822	0.01144	0.06354	0.13521	0.00749	0.00800	0.01391	0.02343	0.10919	0.27927	0.04804	0.02370	0.00718	0.00522	0.00142	0.00399	0.00630	0.00436	0.22884
29	0.01416	0.64467	0.09760	0.00998	0.01452	0.10193	0.00999	0.01647	0.02641	0.01290	0.00780	0.00894	0.00686	0.00465	0.00368	0.00120	0.00615	0.00301	0.00233	0.00674

[dist]
# distance from previous block
# <min> <max>
0	3

[block]
# block no. 4 follows, 47 sequences, length 58
# corresponding to MSA columns:
# 6079-6135,6139
name=unknown_E
#
# <colnr> <probs for GDERKNQSTAVLIFYWHMCP>
#	G	D	E	R	K	N	Q	S	T	A	V	L	I	F	Y	W	H	M	C	P
0	0.81985	0.00986	0.00754	0.00677	0.00991	0.01141	0.00556	0.01518	0.00895	0.02321	0.00764	0.00890	0.00595	0.00488	0.00324	0.00160	0.00396	0.00290	0.03709	0.00561
1	0.01410	0.08950	0.01326	0.01013	0.01318	0.09110	0.00811	0.14198	0.35441	0.04476	0.08840	0.02028	0.07392	0.00728	0.00518	0.00161	0.00479	0.00583	0.00477	0.00740
2	0.00767	0.00577	0.00806	0.00792	0.00880	0.00639	0.00591	0.00913	0.00845	0.01207	0.01499	0.07802	0.01516	0.17739	0.53681	0.00676	0.03487	0.00644	0.00300	0.04642
3	0.04135	0.00561	0.00850	0.07618	0.01043	0.00600	0.02858	0.00854	0.00773	0.01100	0.01009	0.01620	0.00949	0.01919	0.14638	0.55326	0.00634	0.00470	0.02711	0.00331
4	0.01002	0.00573	0.00667	0.00635	0.00741	0.00559	0.00436	0.01164	0.03933	0.10847	0.04880	0.07251	0.05932	0.36757	0.03087	0.00325	0.00422	0.01946	0.18378	0.00466
5	0.01189	0.01150	0.01832	0.41803	0.22517	0.04231	0.08901	0.05287	0.04987	0.01597	0.01023	0.01368	0.00791	0.00513	0.00527	0.00167	0.00682	0.00480	0.00272	0.00683
6	0.30532	0.00783	0.00831	0.00719	0.00983	0.00795	0.00575	0.01585	0.01239	0.21725	0.24525	0.02154	0.03371	0.00723	0.00470	0.00159	0.00351	0.00572	0.07294	0.00616
7	0.01095	0.01090	0.01564	0.58285	0.03005	0.08676	0.04591	0.01396	0.01067	0.01351	0.00941	0.01380	0.00740	0.01936	0.00652	0.00178	0.07542	0.00462	0.03471	0.00578
8	0.00905	0.00452	0.00678	0.00678	0.00678	0.00452	0.00452	0.00678	0.00678	0.00905	0.00905	0.01583	0.00905	0.01809	0.02035	0.84848	0.00452	0.00452	0.00226	0.00226
9	0.00745	0.00538	0.00790	0.00802	0.00878	0.00608	0.00604	0.00884	0.00837	0.01189	0.01514	0.09675	0.01508	0.07409	0.62783	0.06673	0.01180	0.00649	0.00297	0.00437
10	0.00912	0.08393	0.00918	0.00755	0.00940	0.00704	0.00609	0.01160	0.05784	0.06967	0.10517	0.16666	0.26170	0.01202	0.00606	0.00186	0.00362	0.16141	0.00480	0.00527
11	0.00623	0.00523	0.00541	0.00548	0.00711	0.00441	0.00407	0.00758	0.01188	0.01435	0.08737	0.10329	0.69323	0.01328	0.00619	0.00178	0.00266	0.01118	0.00488	0.00441
12	0.01080	0.00926	0.01080	0.00771	0.01234	0.00694	0.00617	0.01311	0.01080	0.01697	0.00926	0.01080	0.00771	0.00386	0.00386	0.00077	0.00386	0.00309	0.00309	0.84882
13	0.01045	0.02694	0.79000	0.01484	0.02254	0.01209	0.01924	0.01649	0.01099	0.01649	0.00935	0.01099	0.00660	0.00495	0.00495	0.00165	0.00770	0.00385	0.00220	0.00770
14	0.01045	0.02694	0.79000	0.01484	0.02254	0.01209	0.01924	0.01649	0.01099	0.01649	0.00935	0.01099	0.00660	0.00495	0.00495	0.00165	0.00770	0.00385	0.00220	0.00770
15	0.01295	0.01119	0.01178	0.01060	0.01354	0.01295	0.00824	0.02767	0.77509	0.02178	0.02120	0.01943	0.01590	0.00707	0.00530	0.00177	0.00412	0.00589	0.00530	0.00824
16	0.01862	0.03507	0.04529	0.01028	0.01373	0.05921	0.00870	0.11297	0.04460	0.40329	0.08646	0.01729	0.01434	0.00685	0.00633	0.00163	0.08175	0.00523	0.00519	0.02317
17	0.01761	0.06611	0.01245	0.00927	0.01262	0.00948	0.00770	0.13045	0.05322	0.38156	0.08652	0.03765	0.03594	0.00773	0.00537	0.00164	0.00444	0.07690	0.01829	0.02504
18	0.85377	0.01007	0.00765	0.00685	0.01007	0.01168	0.00564	0.01531	0.00886	0.02336	0.00725	0.00846	0.00564	0.00483	0.00322	0.00161	0.00403	0.00282	0.00322	0.00564
19	0.00983	0.00926	0.01562	0.80447	0.03587	0.01157	0.01446	0.01331	0.01041	0.01331	0.00926	0.01388	0.00694	0.00521	0.00521	0.00174	0.00694	0.00463	0.00231	0.00579
20	0.01196	0.01340	0.02870	0.12687	0.02838	0.01296	0.66487	0.01623	0.01204	0.01623	0.01036	0.01403	0.00777	0.00450	0.00602	0.00175	0.00853	0.00594	0.00259	0.00686
21	0.01149	0.01201	0.11624	0.02528	0.06485	0.00842	0.00889	0.04121	0.01148	0.03528	0.00968	0.01124	0.00775	0.00423	0.00419	0.00101	0.00466	0.00343	0.00307	0.61559
22	0.01123	0.01091	0.01531	0.01319	0.01319	0.01515	0.01091	0.01213	0.00789	0.01229	0.00699	0.01171	0.00699	0.00975	0.01732	0.06183	0.75094	0.00455	0.00228	0.00545
23	0.01856	0.02320	0.01469	0.01329	0.01580	0.70222	0.01007	0.02056	0.05210	0.01318	0.00862	0.01003	0.00717	0.00571	0.00560	0.00143	0.06530	0.00356	0.00278	0.00612
24	0.15082	0.00613	0.00727	0.00780	0.00857	0.00662	0.00560	0.00913	0.00959	0.01493	0.02296	0.59998	0.02691	0.01367	0.00706	0.00205	0.08021	0.01179	0.00432	0.00461
25	0.01166	0.01055	0.01681	0.54527	0.19444	0.01228	0.01425	0.10251	0.01238	0.01640	0.00975	0.01351	0.00745	0.00521	0.00520	0.00167	0.00664	0.00464	0.00271	0.00668
26	0.00983	0.00926	0.01562	0.80447	0.03587	0.01157	0.01446	0.01331	0.01041	0.01331	0.00926	0.01388	0.00694	0.00521	0.00521	0.00174	0.00694	0.00463	0.00231	0.00579
27	0.01045	0.02694	0.79000	0.01484	0.02254	0.01209	0.01924	0.01649	0.01099	0.01649	0.00935	0.01099	0.00660	0.00495	0.00495	0.00165	0.00770	0.00385	0.00220	0.00770
28	0.00645	0.00469	0.00609	0.00701	0.00754	0.00432	0.00477	0.00758	0.01069	0.01426	0.12017	0.66064	0.09578	0.01539	0.00655	0.00203	0.00292	0.01386	0.00494	0.00432
29	0.00749	0.00540	0.00745	0.00745	0.00806	0.00601	0.00536	0.00871	0.00810	0.01141	0.01479	0.02511	0.01504	0.30488	0.53328	0.00723	0.01091	0.00626	0.00291	0.00414
30	0.00908	0.00820	0.01344	0.57574	0.05750	0.00977	0.01212	0.01190	0.01036	0.01344	0.01413	0.21358	0.01386	0.00796	0.00556	0.00182	0.00593	0.00717	0.00295	0.00549
31	0.01443	0.01192	0.01261	0.01090	0.01410	0.01364	0.00860	0.18729	0.61306	0.02417	0.01932	0.01793	0.01438	0.00689	0.00528	0.00172	0.00447	0.00563	0.00528	0.00838
32	0.01855	0.02167	0.01489	0.01390	0.05413	0.58839	0.01016	0.11086	0.08858	0.01623	0.00993	0.01090	0.00792	0.00560	0.00484	0.00142	0.00829	0.00382	0.00323	0.00670
33	0.01236	0.51403	0.05022	0.00987	0.01342	0.01647	0.04642	0.01417	0.01052	0.02780	0.01295	0.08927	0.06413	0.00675	0.00555	0.00144	0.09061	0.00495	0.00277	0.00628
34	0.00936	0.00791	0.08188	0.00746	0.00890	0.00645	0.00579	0.03044	0.04787	0.06786	0.05683	0.14143	0.03708	0.43644	0.01669	0.00351	0.00472	0.00805	0.01665	0.00469
35	0.09253	0.24485	0.01702	0.00959	0.01373	0.01245	0.03703	0.06309	0.01356	0.42412	0.01469	0.01376	0.01004	0.00564	0.00454	0.00147	0.00497	0.00432	0.00472	0.00788
36	0.01416	0.63605	0.07902	0.01006	0.01433	0.10555	0.00989	0.01608	0.01094	0.01262	0.00746	0.00881	0.00669	0.00482	0.00429	0.00123	0.04608	0.00301	0.00228	0.00663
37	0.00924	0.00928	0.00769	0.00731	0.00912	0.16169	0.00547	0.01109	0.02881	0.01549	0.21354	0.03850	0.42770	0.02473	0.00619	0.00170	0.00401	0.00894	0.00460	0.00490
38	0.01134	0.02575	0.71586	0.01457	0.02193	0.01248	0.01835	0.08836	0.01229	0.01806	0.00965	0.01114	0.00681	0.00507	0.00497	0.00164	0.00751	0.00393	0.00249	0.00781
39	0.00829	0.00594	0.00824	0.00933	0.01055	0.00590	0.00811	0.01066	0.01212	0.01581	0.06575	0.05754	0.04938	0.01417	0.00712	0.00234	0.00463	0.69448	0.00484	0.00479
40	0.01162	0.15352	0.59523	0.03209	0.02092	0.06862	0.01683	0.01658	0.01118	0.01547	0.00891	0.01053	0.00663	0.00490	0.00468	0.00154	0.00746	0.00366	0.00224	0.00737
41	0.01798	0.01337	0.01426	0.01127	0.01504	0.01486	0.00920	0.59323	0.14844	0.03008	0.01425	0.01412	0.01033	0.00637	0.00512	0.00157	0.00524	0.00490	0.06189	0.00848
42	0.00651	0.00527	0.00578	0.00570	0.00726	0.00454	0.00426	0.00814	0.01263	0.01599	0.26052	0.06983	0.55022	0.01256	0.00617	0.00173	0.00260	0.01066	0.00509	0.00454
43	0.00636	0.00485	0.00581	0.00652	0.00738	0.00435	0.00453	0.00744	0.01072	0.01368	0.05155	0.49210	0.30435	0.03463	0.00695	0.00205	0.00295	0.02467	0.00481	0.00429
44	0.00990	0.00938	0.01601	0.78425	0.03564	0.01161	0.03387	0.01339	0.01046	0.01339	0.00929	0.01389	0.00697	0.00519	0.00523	0.00174	0.00699	0.00467	0.00232	0.00582
45	0.01110	0.01104	0.01576	0.01351	0.01369	0.01514	0.03307	0.01232	0.00823	0.01270	0.00831	0.06167	0.00859	0.00943	0.01612	0.00225	0.73372	0.00525	0.00245	0.00564
46	0.01102	0.00524	0.00555	0.00528	0.00676	0.00512	0.00402	0.01340	0.01130	0.09301	0.01733	0.01925	0.01330	0.00610	0.00379	0.00125	0.00262	0.00489	0.76552	0.00524
47	0.00956	0.00776	0.03174	0.00803	0.00915	0.04500	0.00598	0.08555	0.00994	0.01332	0.01381	0.02339	0.01389	0.31648	0.29798	0.08636	0.00855	0.00596	0.00309	0.00446
48	0.00733	0.00532	0.00691	0.00651	0.00776	0.00490	0.00489	0.00976	0.01466	0.02068	0.76040	0.03923	0.07061	0.01072	0.00614	0.00164	0.00246	0.00946	0.00571	0.00490
49	0.00873	0.00660	0.00954	0.01152	0.08968	0.00670	0.00862	0.01117	0.02296	0.01515	0.02383	0.07064	0.02549	0.05566	0.08346	0.00300	0.00576	0.53209	0.00430	0.00509
50	0.01572	0.01365	0.01236	0.01017	0.01346	0.17238	0.00805	0.27879	0.07425	0.03281	0.01323	0.01407	0.02353	0.00673	0.02620	0.00154	0.00572	0.00441	0.12593	0.14699
51	0.01071	0.00926	0.01126	0.08400	0.01459	0.00739	0.00696	0.01313	0.01076	0.01662	0.00926	0.01109	0.00764	0.00399	0.00399	0.00086	0.00415	0.00323	0.00301	0.76810
52	0.01278	0.11187	0.13329	0.06000	0.51785	0.04404	0.01531	0.01608	0.01163	0.01603	0.00933	0.01198	0.00770	0.00472	0.00489	0.00151	0.00649	0.00425	0.00247	0.00779
53	0.01109	0.21633	0.44184	0.08829	0.02010	0.03265	0.01477	0.01526	0.01084	0.01478	0.01050	0.08155	0.00912	0.00587	0.00473	0.00156	0.00673	0.00462	0.00246	0.00692
54	0.00751	0.00528	0.00687	0.00687	0.00728	0.00570	0.00464	0.00834	0.00793	0.01098	0.01532	0.02804	0.01631	0.47203	0.36787	0.00652	0.00900	0.00669	0.00299	0.00382
55	0.01712	0.01333	0.13067	0.08625	0.11082	0.01137	0.01151	0.20588	0.02741	0.27181	0.02729	0.01495	0.01050	0.00690	0.02894	0.00181	0.00593	0.00486	0.00451	0.00813
56	0.01312	0.10993	0.07062	0.02628	0.53496	0.05195	0.08682	0.01627	0.01184	0.01617	0.00945	0.01217	0.00785	0.00465	0.00500	0.00151	0.00661	0.00445	0.00252	0.00780
57	0.02310	0.00929	0.01235	0.00947	0.01351	0.00828	0.00782	0.08041	0.01562	0.73206	0.01995	0.01734	0.01259	0.00643	0.00523	0.00161	0.00453	0.00520	0.00635	0.00886

[dist]
# distance from previous block
# <min> <max>
0	1

[block]
# block no. 5 follows, 47 sequences, length 31
# corresponding to MSA columns:
# 6141-6171
name=unknown_F
#
# <colnr> <probs for GDERKNQSTAVLIFYWHMCP>
#	G	D	E	R	K	N	Q	S	T	A	V	L	I	F	Y	W	H	M	C	P
0	0.01729	0.13322	0.01688	0.01340	0.03933	0.54907	0.01028	0.01871	0.01309	0.01278	0.00781	0.00965	0.00677	0.00577	0.00634	0.00145	0.12595	0.00349	0.00256	0.00615
1	0.07813	0.15449	0.50183	0.01359	0.02002	0.01335	0.07986	0.01668	0.01105	0.05185	0.00945	0.01093	0.00694	0.00488	0.00466	0.00157	0.00700	0.00385	0.00252	0.00736
2	0.85377	0.01007	0.00765	0.00685	0.01007	0.01168	0.00564	0.01531	0.00886	0.02336	0.00725	0.00846	0.00564	0.00483	0.00322	0.00161	0.00403	0.00282	0.00322	0.00564
3	0.01408	0.79768	0.02694	0.00904	0.01344	0.04248	0.00894	0.01574	0.01070	0.01227	0.00726	0.00838	0.00668	0.00448	0.00338	0.00112	0.00568	0.00280	0.00224	0.00666
4	0.01392	0.82012	0.02729	0.00891	0.01337	0.02061	0.00891	0.01559	0.01058	0.01225	0.00724	0.00835	0.00668	0.00446	0.00334	0.00111	0.00557	0.00278	0.00223	0.00668
5	0.00724	0.00532	0.00679	0.00642	0.00770	0.00486	0.00481	0.00958	0.01444	0.02018	0.70640	0.04006	0.12493	0.01091	0.00614	0.00165	0.00248	0.00958	0.00564	0.00486
6	0.00756	0.00511	0.00600	0.00600	0.00611	0.00522	0.00356	0.00778	0.00767	0.01034	0.01611	0.03244	0.01822	0.72359	0.11893	0.00545	0.00612	0.00733	0.00311	0.00333
7	0.00687	0.00497	0.00689	0.00771	0.00825	0.00506	0.00555	0.00814	0.00960	0.01303	0.02398	0.49622	0.02743	0.05181	0.23114	0.00402	0.00634	0.07444	0.00419	0.00436
8	0.00937	0.00482	0.00497	0.00510	0.00622	0.00479	0.00376	0.01164	0.01082	0.01879	0.01818	0.10028	0.01550	0.00711	0.00395	0.00131	0.00249	0.00587	0.76025	0.00479
9	0.08221	0.02550	0.72342	0.01416	0.02148	0.01206	0.01808	0.01639	0.01081	0.01708	0.00917	0.01078	0.00652	0.00494	0.00480	0.00165	0.00738	0.00376	0.00229	0.00752
10	0.00778	0.00607	0.00901	0.00882	0.00967	0.00731	0.00693	0.00957	0.00834	0.01213	0.01334	0.01969	0.01249	0.03651	0.73003	0.00785	0.08148	0.00549	0.00275	0.00474
11	0.09645	0.02445	0.66957	0.01494	0.06167	0.01207	0.01768	0.01634	0.01082	0.01722	0.00916	0.01084	0.00659	0.00492	0.00478	0.00164	0.00724	0.00379	0.00232	0.00752
12	0.00744	0.00558	0.00837	0.00837	0.00930	0.00651	0.00651	0.00930	0.00837	0.01209	0.01395	0.02046	0.01302	0.03906	0.79635	0.00837	0.01395	0.00558	0.00279	0.00465
13	0.01401	0.66327	0.02384	0.00892	0.01288	0.09100	0.00848	0.01572	0.01100	0.01303	0.00831	0.00958	0.00736	0.00470	0.00350	0.00115	0.00560	0.00305	0.08818	0.00644
14	0.00742	0.00705	0.05490	0.00669	0.00880	0.00540	0.00553	0.00935	0.01203	0.01587	0.21366	0.04016	0.37551	0.07960	0.00763	0.00194	0.00336	0.04993	0.00456	0.09062
15	0.01106	0.01100	0.01635	0.26806	0.05760	0.03454	0.04518	0.01322	0.00946	0.01327	0.00919	0.01403	0.02094	0.00753	0.01151	0.00202	0.42575	0.02099	0.00243	0.00587
16	0.00964	0.00579	0.00807	0.00776	0.00806	0.00635	0.00549	0.00940	0.08512	0.01064	0.01009	0.01582	0.00956	0.01620	0.01854	0.69026	0.07281	0.00466	0.00257	0.00316
17	0.03226	0.01130	0.01766	0.02838	0.01595	0.01437	0.15170	0.01330	0.00904	0.01401	0.00835	0.01254	0.00753	0.00847	0.02934	0.00221	0.55839	0.00485	0.05447	0.00587
18	0.01691	0.01456	0.01500	0.14196	0.03305	0.12347	0.01052	0.40942	0.13902	0.02480	0.01267	0.01340	0.00934	0.00606	0.00515	0.00159	0.00619	0.00468	0.00435	0.00785
19	0.00756	0.00510	0.00595	0.00595	0.00605	0.00520	0.00350	0.00775	0.00765	0.01030	0.01616	0.03269	0.01833	0.73777	0.10490	0.00539	0.00596	0.00737	0.00312	0.00331
20	0.01289	0.01237	0.02114	0.03196	0.78450	0.01237	0.01598	0.01598	0.01186	0.01701	0.00980	0.01289	0.00825	0.00464	0.00516	0.00155	0.00619	0.00464	0.00258	0.00825
21	0.00983	0.00912	0.01528	0.77961	0.03494	0.01136	0.01413	0.01327	0.01043	0.01350	0.00950	0.01406	0.00714	0.00523	0.00516	0.00172	0.00680	0.00464	0.02854	0.00576
22	0.00633	0.00496	0.00574	0.00630	0.00738	0.00437	0.00448	0.00752	0.01109	0.01393	0.05943	0.39235	0.40999	0.01456	0.00640	0.00193	0.00286	0.03117	0.00486	0.00434
23	0.02035	0.16299	0.01493	0.00929	0.01326	0.01066	0.00793	0.05547	0.05291	0.54326	0.04351	0.01652	0.01292	0.00623	0.00491	0.00152	0.00462	0.00492	0.00551	0.00828
24	0.01201	0.42504	0.35765	0.01146	0.01710	0.01604	0.01325	0.01560	0.01062	0.01409	0.00857	0.01025	0.00704	0.00681	0.05301	0.00179	0.00701	0.00342	0.00225	0.00700
25	0.00710	0.05733	0.07359	0.00663	0.00882	0.00606	0.00570	0.00881	0.01151	0.01427	0.07170	0.14402	0.52761	0.02590	0.00629	0.00181	0.00333	0.01026	0.00446	0.00480
26	0.01393	0.37996	0.07813	0.00983	0.03304	0.08523	0.00880	0.01596	0.01190	0.11474	0.11518	0.01633	0.01433	0.07483	0.00623	0.00166	0.00548	0.00459	0.00338	0.00649
27	0.03205	0.43101	0.04799	0.01255	0.08001	0.20806	0.01027	0.04783	0.01210	0.01401	0.00792	0.00944	0.00690	0.00508	0.00480	0.00132	0.05612	0.00331	0.00251	0.00670
28	0.17731	0.26546	0.21700	0.01051	0.01528	0.08827	0.01085	0.03680	0.01155	0.09372	0.00952	0.01041	0.00727	0.00502	0.00411	0.00143	0.00601	0.00345	0.01912	0.00692
29	0.09686	0.17284	0.19821	0.03253	0.06653	0.01151	0.03402	0.01436	0.01126	0.03986	0.10335	0.07518	0.02690	0.00646	0.00470	0.00149	0.00525	0.00529	0.02087	0.07253
30	0.03020	0.05508	0.34689	0.09296	0.01922	0.05942	0.01349	0.12288	0.01320	0.02887	0.06795	0.06308	0.01200	0.00646	0.00548	0.00164	0.03358	0.00509	0.01553	0.00696

[dist]
# distance from previous block
# <min> <max>
2	13

[block]
# block no. 6 follows, 47 sequences, length 11
# corresponding to MSA columns:
# 6186-6196
name=unknown_G
#
# <colnr> <probs for GDERKNQSTAVLIFYWHMCP>
#	G	D	E	R	K	N	Q	S	T	A	V	L	I	F	Y	W	H	M	C	P
0	0.01353	0.70893	0.10372	0.00957	0.01430	0.01945	0.00993	0.01615	0.04000	0.01305	0.00799	0.00905	0.00703	0.00461	0.00358	0.00119	0.00573	0.00301	0.00234	0.00685
1	0.14725	0.06982	0.44908	0.01354	0.04385	0.01262	0.04830	0.01650	0.04084	0.03396	0.02546	0.01170	0.00795	0.00534	0.00538	0.00165	0.05289	0.00401	0.00269	0.00716
2	0.01309	0.37811	0.19468	0.01001	0.01481	0.01489	0.01048	0.06967	0.03213	0.03906	0.01003	0.01117	0.00802	0.00493	0.00403	0.00128	0.00551	0.00355	0.08792	0.08665
3	0.00865	0.00474	0.00691	0.00691	0.00705	0.00488	0.00468	0.00725	0.00711	0.00962	0.01056	0.01846	0.01069	0.10587	0.13794	0.63256	0.00600	0.00501	0.00244	0.00272
4	0.03711	0.13018	0.04226	0.04162	0.13857	0.34108	0.01031	0.03572	0.01263	0.01417	0.01090	0.01528	0.02507	0.08758	0.00691	0.00180	0.00721	0.03256	0.00282	0.00622
5	0.05084	0.00914	0.01060	0.02038	0.04110	0.02364	0.00717	0.16873	0.04053	0.11276	0.01765	0.18507	0.03283	0.03558	0.04928	0.00205	0.00487	0.00689	0.05299	0.12791
6	0.11635	0.09167	0.04400	0.06269	0.03018	0.02796	0.02371	0.21097	0.03371	0.03617	0.01124	0.03863	0.00915	0.00630	0.00622	0.00159	0.11331	0.00453	0.08106	0.05059
7	0.01274	0.08464	0.12744	0.07694	0.32896	0.13469	0.04315	0.01575	0.01199	0.01529	0.01357	0.01556	0.08571	0.00568	0.00504	0.00154	0.00665	0.00487	0.00272	0.00708
8	0.01331	0.39028	0.23978	0.01269	0.07139	0.06284	0.01231	0.01763	0.08834	0.03256	0.00978	0.01082	0.00785	0.00497	0.00425	0.00139	0.00627	0.00362	0.00268	0.00725
9	0.01448	0.02756	0.13279	0.01223	0.01634	0.01153	0.10602	0.25520	0.01542	0.10819	0.01371	0.06660	0.01107	0.01139	0.12711	0.00264	0.00726	0.00549	0.00401	0.05097
10	0.12702	0.25887	0.11928	0.01141	0.06904	0.07547	0.00993	0.04168	0.01203	0.09449	0.07296	0.01413	0.03626	0.00585	0.00478	0.00147	0.03095	0.00428	0.00331	0.00678

[dist]
# distance from previous block
# <min> <max>
5	15

[block]
# block no. 7 follows, 47 sequences, length 6
# corresponding to MSA columns:
# 6244-6249
name=unknown_H
#
# <colnr> <probs for GDERKNQSTAVLIFYWHMCP>
#	G	D	E	R	K	N	Q	S	T	A	V	L	I	F	Y	W	H	M	C	P
0	0.06013	0.17369	0.55409	0.01433	0.06731	0.01368	0.01631	0.01622	0.01085	0.01613	0.00886	0.01047	0.00666	0.00483	0.00456	0.00154	0.00699	0.00364	0.00229	0.00742
1	0.01131	0.16443	0.40166	0.08002	0.06537	0.04393	0.03646	0.01523	0.01072	0.01466	0.00940	0.01235	0.00759	0.04010	0.03185	0.03450	0.00723	0.00405	0.00233	0.00681
2	0.01083	0.13471	0.57045	0.01417	0.04942	0.01301	0.01645	0.01561	0.01076	0.01554	0.01009	0.05818	0.00833	0.00574	0.00542	0.00163	0.04559	0.00441	0.00238	0.00728
3	0.04112	0.07400	0.14422	0.09475	0.14945	0.17537	0.01211	0.06845	0.04808	0.06220	0.01370	0.01492	0.06782	0.00588	0.00493	0.00154	0.00656	0.00464	0.00321	0.00703
4	0.03938	0.01297	0.13014	0.07585	0.06778	0.03724	0.03945	0.13620	0.13050	0.05866	0.06979	0.11401	0.05019	0.00769	0.00542	0.00170	0.00534	0.00655	0.00415	0.00700
5	0.05071	0.01044	0.01404	0.03718	0.24627	0.03059	0.02997	0.12875	0.03199	0.01945	0.11622	0.02133	0.07200	0.03980	0.02794	0.00188	0.00530	0.03077	0.00380	0.08155

[dist]
# distance from previous block
# <min> <max>
5	24

[block]
# block no. 8 follows, 47 sequences, length 14
# corresponding to MSA columns:
# 6279-6289,6296-6298
name=unknown_I
#
# <colnr> <probs for GDERKNQSTAVLIFYWHMCP>
#	G	D	E	R	K	N	Q	S	T	A	V	L	I	F	Y	W	H	M	C	P
0	0.01258	0.01097	0.01401	0.01282	0.06900	0.02298	0.01974	0.04373	0.19861	0.05882	0.02747	0.01593	0.04350	0.00748	0.00965	0.00180	0.31062	0.00511	0.00365	0.11152
1	0.05915	0.03103	0.18979	0.07098	0.01825	0.10961	0.05226	0.17707	0.01440	0.05426	0.02198	0.01439	0.02249	0.00596	0.00546	0.00157	0.03882	0.03107	0.00345	0.07800
2	0.05773	0.00836	0.01250	0.15577	0.22321	0.00871	0.00988	0.03206	0.01124	0.04359	0.04284	0.28576	0.01889	0.02088	0.00590	0.00183	0.00480	0.02157	0.01598	0.01849
3	0.06772	0.00949	0.01176	0.00945	0.01317	0.00916	0.00768	0.02536	0.19815	0.55987	0.01995	0.01761	0.01321	0.00650	0.00514	0.00165	0.00433	0.00526	0.00599	0.00853
4	0.01997	0.00954	0.01406	0.01049	0.01477	0.00818	0.09626	0.02231	0.01391	0.56895	0.01749	0.01614	0.01144	0.00577	0.00511	0.00149	0.00485	0.00498	0.00544	0.14885
5	0.01945	0.02482	0.01476	0.01342	0.01610	0.79608	0.01006	0.02079	0.01476	0.01275	0.00805	0.00939	0.00671	0.00537	0.00470	0.00134	0.00939	0.00335	0.00268	0.00604
6	0.01694	0.01209	0.01500	0.01496	0.17132	0.01272	0.01013	0.41793	0.01909	0.11589	0.06929	0.05330	0.03357	0.00691	0.00536	0.00160	0.00523	0.00571	0.00483	0.00812
7	0.01030	0.00929	0.01457	0.48162	0.02648	0.01131	0.04441	0.01439	0.10497	0.01420	0.01136	0.04273	0.00935	0.00726	0.00774	0.06999	0.08987	0.00520	0.01918	0.00578
8	0.01201	0.01277	0.08061	0.13044	0.51241	0.01159	0.03018	0.01532	0.01147	0.01646	0.00964	0.01263	0.00787	0.00464	0.00500	0.00149	0.00617	0.00441	0.00258	0.11231
9	0.58414	0.01118	0.01267	0.01215	0.10881	0.01230	0.09635	0.07549	0.01088	0.02255	0.00837	0.00999	0.00649	0.00487	0.00396	0.00162	0.00499	0.00358	0.00323	0.00638
10	0.00988	0.00919	0.01554	0.62615	0.03094	0.01109	0.06712	0.01302	0.01025	0.01348	0.01011	0.01561	0.00819	0.07004	0.00736	0.00200	0.03674	0.00498	0.03269	0.00563
11	0.00922	0.00725	0.00899	0.01005	0.10464	0.00727	0.00623	0.07101	0.07587	0.01591	0.09445	0.12351	0.17326	0.25533	0.01212	0.00275	0.00421	0.00853	0.00420	0.00521
