[name]
unknown

[dist]
# distance from previous block
# <min> <max>
0	788

[block]
# block no. 0 follows, 53 sequences, length 16
# corresponding to MSA columns:
# 788-803
name=unknown_A
#
# <colnr> <probs for GDERKNQSTAVLIFYWHMCP>
#	G	D	E	R	K	N	Q	S	T	A	V	L	I	F	Y	W	H	M	C	P
0	0.07941	0.00689	0.00792	0.02201	0.06292	0.05540	0.00601	0.00946	0.00948	0.02865	0.02155	0.42813	0.08246	0.06961	0.00746	0.00199	0.05447	0.03788	0.00379	0.00450
1	0.09066	0.05807	0.01257	0.03283	0.06524	0.32734	0.00837	0.04400	0.01187	0.02382	0.06647	0.10183	0.01251	0.00758	0.00637	0.05411	0.06257	0.00505	0.00315	0.00559
2	0.00931	0.00620	0.00761	0.00773	0.00898	0.00602	0.00564	0.05829	0.07834	0.09011	0.07151	0.48778	0.07160	0.01252	0.00599	0.00190	0.00338	0.05703	0.00485	0.00523
3	0.14794	0.01206	0.04071	0.09480	0.10580	0.04594	0.23800	0.08645	0.01224	0.10838	0.02085	0.01285	0.00839	0.00504	0.00491	0.00158	0.00613	0.00457	0.00331	0.04005
4	0.04394	0.02292	0.08143	0.05896	0.03670	0.00809	0.01462	0.03583	0.01894	0.09830	0.04569	0.02476	0.02119	0.02267	0.05421	0.00168	0.00496	0.00420	0.00340	0.39750
5	0.45365	0.11096	0.01103	0.00818	0.01106	0.19918	0.00665	0.03681	0.04323	0.01799	0.05600	0.01019	0.00844	0.00496	0.00358	0.00137	0.00498	0.00323	0.00300	0.00552
6	0.05169	0.01371	0.14890	0.06087	0.01654	0.01230	0.05228	0.34687	0.03946	0.09974	0.01107	0.01192	0.00798	0.00598	0.01948	0.00160	0.05588	0.00421	0.00379	0.03575
7	0.01623	0.01267	0.04313	0.01148	0.06299	0.02858	0.00906	0.51874	0.02912	0.07350	0.01158	0.02736	0.00861	0.00549	0.00462	0.00135	0.00505	0.00428	0.00429	0.12188
8	0.00765	0.00554	0.00708	0.10004	0.01020	0.00536	0.00537	0.00966	0.03095	0.06384	0.28594	0.11169	0.25887	0.06835	0.00684	0.00181	0.00315	0.00861	0.00444	0.00459
9	0.01597	0.07087	0.04317	0.02536	0.01409	0.06197	0.00856	0.37893	0.08993	0.11545	0.01195	0.01208	0.00869	0.00564	0.00485	0.02277	0.00506	0.00408	0.00416	0.09643
10	0.00617	0.00473	0.00556	0.00560	0.00671	0.00422	0.00405	0.00764	0.01135	0.01490	0.32293	0.16901	0.34513	0.06207	0.00687	0.00181	0.00255	0.00993	0.00465	0.00412
11	0.11080	0.00856	0.01169	0.04549	0.04556	0.00858	0.08720	0.06644	0.07659	0.25894	0.11856	0.01720	0.01464	0.00594	0.00463	0.00147	0.00421	0.00508	0.10190	0.00653
12	0.00693	0.00526	0.00781	0.06502	0.00988	0.00606	0.00613	0.00854	0.00784	0.01108	0.01353	0.06960	0.01324	0.10121	0.63760	0.00663	0.01102	0.00574	0.00267	0.00420
13	0.15812	0.03186	0.01306	0.01065	0.01208	0.01295	0.00889	0.06710	0.00953	0.13455	0.00861	0.01087	0.00705	0.00703	0.01079	0.00182	0.48217	0.00397	0.00300	0.00588
14	0.01164	0.04863	0.15914	0.03065	0.01554	0.02435	0.08617	0.11315	0.01180	0.03954	0.00916	0.01058	0.00709	0.00430	0.00440	0.00113	0.02189	0.00354	0.00291	0.39439
15	0.07309	0.09230	0.01134	0.00873	0.01096	0.10695	0.03563	0.05671	0.05916	0.14593	0.01624	0.24967	0.01560	0.02216	0.00540	0.00160	0.02691	0.00680	0.04908	0.00571

[dist]
# distance from previous block
# <min> <max>
1	7

[block]
# block no. 1 follows, 53 sequences, length 19
# corresponding to MSA columns:
# 811-829
name=unknown_B
#
# <colnr> <probs for GDERKNQSTAVLIFYWHMCP>
#	G	D	E	R	K	N	Q	S	T	A	V	L	I	F	Y	W	H	M	C	P
0	0.01108	0.04639	0.01427	0.15345	0.01624	0.06925	0.01025	0.01476	0.14876	0.01315	0.00911	0.01193	0.00776	0.00698	0.01050	0.00181	0.44170	0.00427	0.00262	0.00572
1	0.01437	0.41680	0.12625	0.01050	0.03851	0.14782	0.00978	0.06901	0.02234	0.09130	0.00880	0.00952	0.00698	0.00462	0.00384	0.00122	0.00586	0.00321	0.00273	0.00656
2	0.01197	0.56727	0.12582	0.07125	0.01567	0.03297	0.05357	0.01432	0.00993	0.01225	0.00730	0.00878	0.00625	0.00419	0.00358	0.00115	0.00563	0.00301	0.00211	0.04296
3	0.00624	0.00449	0.00574	0.00629	0.00683	0.00426	0.00432	0.00729	0.00966	0.01295	0.15055	0.45131	0.09372	0.14205	0.04354	0.00252	0.00344	0.03668	0.00425	0.00388
4	0.00762	0.00889	0.12623	0.10008	0.07419	0.00710	0.00854	0.00985	0.01020	0.01369	0.08571	0.22477	0.19278	0.00992	0.00609	0.00171	0.05368	0.05038	0.00358	0.00499
5	0.00582	0.00419	0.00551	0.00657	0.00691	0.00389	0.00440	0.00666	0.00923	0.01223	0.02732	0.79416	0.06572	0.01485	0.00608	0.00193	0.00276	0.01343	0.00444	0.00389
6	0.00590	0.00422	0.00562	0.00660	0.00695	0.00394	0.00444	0.00686	0.00953	0.01280	0.09263	0.76091	0.03277	0.01453	0.00606	0.00190	0.00273	0.01316	0.00451	0.00394
7	0.01018	0.02458	0.75063	0.01353	0.02026	0.06831	0.01706	0.01542	0.01034	0.01489	0.00849	0.00999	0.00606	0.00457	0.00452	0.00149	0.00717	0.00350	0.00205	0.00696
8	0.00915	0.00522	0.00678	0.00664	0.00798	0.00469	0.00487	0.01061	0.01140	0.17189	0.22916	0.36654	0.12339	0.01147	0.00567	0.00170	0.00285	0.01013	0.00495	0.00491
9	0.03285	0.60439	0.06950	0.00896	0.01299	0.10621	0.00870	0.01567	0.01048	0.08102	0.00791	0.00867	0.00661	0.00438	0.00344	0.00113	0.00550	0.00287	0.00245	0.00628
10	0.01190	0.32322	0.37240	0.01089	0.01620	0.03018	0.02265	0.01530	0.01026	0.07357	0.00859	0.00966	0.00660	0.00448	0.00413	0.00129	0.01808	0.00325	0.00239	0.05495
11	0.03970	0.14537	0.13343	0.01785	0.32055	0.10636	0.01206	0.05238	0.05569	0.05878	0.00954	0.01098	0.00754	0.00464	0.00435	0.00137	0.00586	0.00379	0.00274	0.00701
12	0.00585	0.00427	0.00551	0.00643	0.00689	0.00393	0.00435	0.00679	0.00955	0.01261	0.06497	0.70586	0.11659	0.01442	0.00603	0.00188	0.00271	0.01297	0.00448	0.00393
13	0.00591	0.00429	0.00559	0.00645	0.00692	0.00396	0.00438	0.00693	0.00977	0.01303	0.11376	0.68155	0.09144	0.01418	0.00601	0.00187	0.00269	0.01277	0.00453	0.00396
14	0.01198	0.10790	0.02754	0.01235	0.10739	0.01035	0.11888	0.09203	0.01158	0.04861	0.00919	0.01073	0.00732	0.00418	0.00433	0.00110	0.01911	0.00363	0.00292	0.38888
15	0.01071	0.40177	0.25969	0.07139	0.01583	0.01406	0.01111	0.01364	0.00992	0.01306	0.06430	0.01148	0.00924	0.00657	0.04983	0.00165	0.02374	0.00360	0.00230	0.00611
16	0.00620	0.00472	0.00562	0.00584	0.00687	0.00426	0.00425	0.00758	0.01093	0.01425	0.24018	0.22298	0.32044	0.06923	0.00711	0.00191	0.00273	0.05630	0.00455	0.00407
17	0.00648	0.00584	0.06291	0.00698	0.00790	0.00469	0.00538	0.00785	0.00942	0.01295	0.08214	0.53100	0.04454	0.07800	0.05282	0.00238	0.00377	0.03193	0.03889	0.00414
18	0.03308	0.08663	0.03905	0.06250	0.04867	0.21486	0.13855	0.07333	0.01132	0.01417	0.00816	0.01068	0.00680	0.00642	0.03152	0.00172	0.19100	0.00400	0.01161	0.00592

[dist]
# distance from previous block
# <min> <max>
0	2

[block]
# block no. 2 follows, 53 sequences, length 42
# corresponding to MSA columns:
# 832-873
name=unknown_C
#
# <colnr> <probs for GDERKNQSTAVLIFYWHMCP>
#	G	D	E	R	K	N	Q	S	T	A	V	L	I	F	Y	W	H	M	C	P
0	0.20516	0.07271	0.08077	0.01399	0.05921	0.13006	0.25389	0.04257	0.04683	0.01650	0.00874	0.01057	0.00681	0.00460	0.00473	0.00147	0.02853	0.00402	0.00267	0.00619
1	0.22395	0.00981	0.05728	0.50429	0.02490	0.01078	0.02939	0.01369	0.05556	0.01522	0.00871	0.01165	0.00656	0.00476	0.00433	0.00156	0.00563	0.00389	0.00250	0.00553
2	0.00650	0.00476	0.00610	0.00606	0.00708	0.00436	0.00446	0.00838	0.01242	0.01717	0.56837	0.18166	0.11952	0.01102	0.00574	0.00161	0.00240	0.02303	0.00501	0.00434
3	0.01136	0.00890	0.01020	0.00910	0.01122	0.01005	0.00718	0.07303	0.40477	0.06530	0.14083	0.04073	0.03333	0.02730	0.00656	0.00173	0.07820	0.04906	0.00464	0.00651
4	0.00602	0.00455	0.00538	0.00578	0.00660	0.00411	0.00399	0.00708	0.01009	0.01305	0.13682	0.35953	0.29741	0.10754	0.00798	0.00208	0.00280	0.01095	0.00437	0.00391
5	0.01005	0.00954	0.01619	0.53102	0.31442	0.01089	0.01378	0.01311	0.01004	0.01346	0.00868	0.01241	0.00681	0.00459	0.00476	0.00153	0.00612	0.00425	0.00221	0.00614
6	0.86579	0.00924	0.00702	0.00629	0.00924	0.01072	0.00518	0.01405	0.00813	0.02144	0.00666	0.00776	0.00518	0.00444	0.00296	0.00148	0.00370	0.00259	0.00296	0.00518
7	0.16647	0.05844	0.06586	0.07866	0.01861	0.01085	0.33775	0.01395	0.01016	0.05168	0.01123	0.11427	0.00992	0.00576	0.00513	0.00159	0.02535	0.00560	0.00285	0.00587
8	0.01085	0.01004	0.08287	0.03610	0.01306	0.00721	0.00720	0.02376	0.02437	0.07413	0.00951	0.01066	0.00746	0.00393	0.00381	0.00090	0.00403	0.00316	0.00302	0.66394
9	0.05160	0.50903	0.21859	0.00980	0.01441	0.07028	0.01049	0.01500	0.01005	0.03078	0.00745	0.00858	0.00620	0.00438	0.00373	0.00121	0.01700	0.00291	0.00220	0.00632
10	0.01024	0.18966	0.64801	0.01251	0.01897	0.01269	0.01573	0.01497	0.01001	0.01434	0.00818	0.00960	0.00607	0.00445	0.00424	0.00141	0.00667	0.00333	0.00202	0.00687
11	0.02468	0.33710	0.40684	0.01074	0.01599	0.03257	0.01251	0.01439	0.01027	0.01398	0.07218	0.01116	0.00925	0.00480	0.00403	0.00131	0.00590	0.00354	0.00232	0.00643
12	0.02144	0.00813	0.01109	0.00850	0.01220	0.00702	0.00702	0.02329	0.01368	0.80552	0.01886	0.01627	0.01183	0.00592	0.00481	0.00148	0.00407	0.00481	0.00592	0.00813
13	0.00676	0.00489	0.00639	0.00601	0.00714	0.00451	0.00451	0.00902	0.01353	0.01917	0.79969	0.03570	0.04510	0.00977	0.00564	0.00150	0.00225	0.00864	0.00526	0.00451
14	0.00595	0.00425	0.00556	0.00648	0.00681	0.00397	0.00432	0.00682	0.00930	0.01242	0.07171	0.70925	0.04862	0.07126	0.00733	0.00209	0.00286	0.01276	0.00438	0.00385
15	0.00879	0.00448	0.00456	0.00454	0.00565	0.00446	0.00340	0.01102	0.01021	0.01789	0.05775	0.01878	0.01402	0.00579	0.00346	0.00113	0.00223	0.00468	0.81268	0.00446
16	0.01280	0.01068	0.01127	0.00984	0.01271	0.01222	0.00774	0.14958	0.65264	0.02152	0.01869	0.01732	0.02831	0.00647	0.00486	0.00159	0.00400	0.00531	0.00484	0.00759
17	0.05214	0.05830	0.04462	0.05010	0.11788	0.01201	0.15959	0.23165	0.02344	0.01945	0.00953	0.01119	0.00734	0.00465	0.00478	0.00134	0.02416	0.00410	0.00315	0.16056
18	0.01597	0.06072	0.01454	0.05728	0.07170	0.01373	0.00923	0.56229	0.04319	0.02566	0.01158	0.02649	0.00871	0.00566	0.00463	0.00142	0.00509	0.00440	0.05020	0.00752
19	0.01347	0.01072	0.01651	0.06522	0.49676	0.01097	0.01223	0.06427	0.11201	0.13189	0.01189	0.01327	0.00906	0.00490	0.00477	0.00146	0.00521	0.00449	0.00334	0.00756
20	0.01189	0.01027	0.01081	0.00973	0.01243	0.01189	0.00757	0.02540	0.79357	0.01999	0.01945	0.01783	0.01459	0.00648	0.00486	0.00162	0.00378	0.00540	0.00486	0.00757
21	0.00685	0.00505	0.00733	0.00733	0.00806	0.00578	0.00553	0.00831	0.00758	0.01083	0.01313	0.02058	0.01273	0.15046	0.69954	0.00724	0.01163	0.00538	0.00261	0.00407
22	0.04817	0.00894	0.01144	0.00880	0.01249	0.00829	0.00727	0.13519	0.01479	0.66624	0.01738	0.01529	0.01107	0.00584	0.00474	0.00147	0.00423	0.00466	0.00565	0.00804
23	0.00670	0.00503	0.00633	0.00663	0.00784	0.00466	0.00530	0.00855	0.01169	0.01538	0.28605	0.09325	0.25234	0.01187	0.00598	0.00179	0.00304	0.25857	0.00470	0.00430
24	0.01184	0.01123	0.01841	0.02708	0.71110	0.01142	0.01385	0.01591	0.10117	0.01612	0.01020	0.01252	0.00838	0.00452	0.00475	0.00144	0.00546	0.00439	0.00265	0.00757
25	0.00768	0.00561	0.00700	0.09996	0.00943	0.00600	0.00485	0.03549	0.04413	0.01124	0.01550	0.11444	0.01693	0.53936	0.05947	0.00390	0.00504	0.00711	0.00311	0.00375
26	0.00676	0.00489	0.00639	0.00601	0.00714	0.00451	0.00451	0.00902	0.01353	0.01917	0.79969	0.03570	0.04510	0.00977	0.00564	0.00150	0.00225	0.00864	0.00526	0.00451
27	0.57165	0.01353	0.20961	0.00857	0.01264	0.01120	0.00869	0.08548	0.00995	0.02065	0.00758	0.00869	0.00567	0.00458	0.00353	0.00148	0.00469	0.00298	0.00289	0.00592
28	0.01287	0.01187	0.01129	0.01009	0.01281	0.10576	0.00783	0.05897	0.66751	0.01948	0.01768	0.01647	0.01331	0.00627	0.00479	0.00157	0.00442	0.00508	0.00458	0.00735
29	0.01731	0.01296	0.01386	0.01082	0.01449	0.01442	0.00888	0.68207	0.12808	0.02874	0.01257	0.01235	0.00901	0.00584	0.00479	0.00146	0.00506	0.00445	0.00479	0.00805
30	0.01785	0.02278	0.01354	0.01231	0.01478	0.81284	0.00924	0.01909	0.01354	0.01170	0.00739	0.00862	0.00616	0.00493	0.00431	0.00123	0.00862	0.00308	0.00246	0.00554
31	0.01490	0.01226	0.05935	0.01034	0.01368	0.01261	0.00870	0.50468	0.15095	0.02506	0.01470	0.12443	0.01232	0.00706	0.00496	0.00154	0.00477	0.00572	0.00458	0.00739
32	0.00764	0.00594	0.00882	0.00814	0.00959	0.00568	0.07644	0.03464	0.01256	0.01731	0.44439	0.12819	0.03507	0.01047	0.00587	0.00171	0.00341	0.17471	0.00470	0.00471
33	0.00644	0.00442	0.00536	0.00587	0.00600	0.00429	0.00360	0.00682	0.00795	0.01060	0.02020	0.39478	0.02386	0.45967	0.01602	0.00341	0.00379	0.00998	0.00360	0.00335
34	0.00582	0.00419	0.00551	0.00657	0.00691	0.00389	0.00440	0.00666	0.00923	0.01223	0.02734	0.79360	0.06627	0.01484	0.00608	0.00193	0.00276	0.01343	0.00444	0.00389
35	0.00617	0.00485	0.00550	0.00547	0.00677	0.00428	0.00408	0.00768	0.01145	0.01472	0.28181	0.06876	0.45705	0.05769	0.00676	0.00179	0.00259	0.04384	0.00461	0.00413
36	0.10697	0.00910	0.01103	0.03832	0.01286	0.00782	0.04997	0.05625	0.01049	0.01692	0.00852	0.01003	0.00691	0.00384	0.00371	0.00092	0.00401	0.00310	0.00291	0.63631
37	0.01051	0.01018	0.08295	0.00813	0.01253	0.00727	0.01953	0.03108	0.01033	0.04296	0.00891	0.01024	0.00716	0.00386	0.00396	0.00086	0.01898	0.00307	0.00289	0.70461
38	0.15765	0.01285	0.12656	0.00965	0.01372	0.01140	0.00882	0.30149	0.08040	0.07581	0.02241	0.01163	0.00850	0.00515	0.00427	0.00136	0.00475	0.00387	0.00387	0.13584
39	0.10879	0.17621	0.15481	0.01139	0.04542	0.09672	0.10018	0.08813	0.01159	0.01605	0.01243	0.01349	0.08629	0.00527	0.00426	0.00136	0.00566	0.00419	0.02194	0.03583
40	0.05913	0.06710	0.05856	0.05493	0.03946	0.02263	0.19356	0.06956	0.04667	0.02573	0.01113	0.06787	0.00968	0.03506	0.02104	0.00170	0.07623	0.00500	0.05292	0.08202
41	0.04278	0.09060	0.07393	0.00989	0.04780	0.03839	0.00807	0.23180	0.05279	0.08196	0.05176	0.06142	0.03464	0.08316	0.00639	0.00169	0.00474	0.00510	0.00382	0.06925

[dist]
# distance from previous block
# <min> <max>
0	71

[block]
# block no. 3 follows, 53 sequences, length 40
# corresponding to MSA columns:
# 947-977,979-987
name=unknown_D
#
# <colnr> <probs for GDERKNQSTAVLIFYWHMCP>
#	G	D	E	R	K	N	Q	S	T	A	V	L	I	F	Y	W	H	M	C	P
0	0.08436	0.07696	0.05535	0.11823	0.09225	0.05142	0.11447	0.06952	0.02045	0.03551	0.02034	0.10711	0.01030	0.00595	0.00509	0.00147	0.04052	0.00511	0.00296	0.08264
1	0.06623	0.01988	0.02832	0.06471	0.09200	0.02861	0.03015	0.04324	0.04591	0.22017	0.21265	0.07624	0.01997	0.00710	0.00496	0.00151	0.00415	0.01257	0.00439	0.01725
2	0.02129	0.08197	0.04345	0.06293	0.03068	0.01950	0.04290	0.06765	0.02170	0.04303	0.32651	0.06969	0.03225	0.01765	0.00517	0.00144	0.00393	0.00638	0.00400	0.09788
3	0.01586	0.00738	0.00953	0.00770	0.01059	0.00664	0.00620	0.05333	0.03616	0.47160	0.20680	0.02323	0.08992	0.00734	0.00505	0.00148	0.00352	0.00614	0.00548	0.02604
4	0.07108	0.01018	0.01108	0.00889	0.01202	0.02103	0.00715	0.34888	0.06854	0.08177	0.13702	0.05339	0.01539	0.00646	0.00468	0.00138	0.00418	0.00519	0.00450	0.12718
5	0.00952	0.00615	0.00763	0.00674	0.00849	0.00587	0.00521	0.08027	0.03348	0.11068	0.55764	0.03170	0.09945	0.00908	0.00545	0.00151	0.00278	0.00785	0.00522	0.00529
6	0.00773	0.00654	0.00696	0.06066	0.00937	0.03739	0.00511	0.06230	0.04749	0.01429	0.08472	0.11376	0.41557	0.09788	0.00747	0.00193	0.00345	0.00872	0.00414	0.00452
7	0.01468	0.01057	0.05202	0.02013	0.44905	0.00961	0.01156	0.01744	0.03030	0.27684	0.01277	0.01426	0.00953	0.04316	0.00566	0.00160	0.00512	0.00456	0.00361	0.00752
8	0.00854	0.00661	0.00950	0.06247	0.01138	0.00657	0.07528	0.02241	0.09813	0.05343	0.36317	0.14678	0.07761	0.00933	0.00554	0.00162	0.00348	0.02841	0.00458	0.00516
9	0.01849	0.00817	0.01064	0.00835	0.01162	0.00748	0.00682	0.10899	0.01467	0.57772	0.15519	0.01913	0.01725	0.00657	0.00495	0.00148	0.00389	0.00542	0.00567	0.00750
10	0.01264	0.01009	0.01159	0.00896	0.01265	0.00974	0.02555	0.23680	0.14218	0.03290	0.01215	0.04904	0.00981	0.00522	0.00430	0.00116	0.00416	0.00426	0.00384	0.40295
11	0.62283	0.01043	0.00912	0.00764	0.01084	0.01190	0.00630	0.23539	0.01224	0.02393	0.00804	0.00883	0.00602	0.00481	0.00348	0.00147	0.00415	0.00308	0.00348	0.00602
12	0.01341	0.01422	0.01292	0.01132	0.01283	0.28774	0.00898	0.10834	0.02966	0.01436	0.03280	0.03380	0.02600	0.00867	0.05529	0.00198	0.30450	0.00441	0.01316	0.00560
13	0.00666	0.00495	0.00639	0.00722	0.00821	0.00468	0.00577	0.00823	0.01044	0.01336	0.03120	0.27619	0.21582	0.01345	0.00623	0.00198	0.00345	0.36719	0.00442	0.00416
14	0.00980	0.07894	0.75492	0.01326	0.02012	0.01162	0.01702	0.01508	0.01007	0.01488	0.00845	0.00993	0.00606	0.00451	0.00444	0.00148	0.00693	0.00347	0.00202	0.00700
15	0.00591	0.00422	0.00562	0.00660	0.00695	0.00394	0.00444	0.00687	0.00954	0.01282	0.09537	0.75811	0.03282	0.01451	0.00606	0.00190	0.00273	0.01315	0.00451	0.00394
16	0.00735	0.00569	0.00694	0.00654	0.00779	0.01583	0.00493	0.01047	0.08391	0.01832	0.62489	0.07022	0.08152	0.00975	0.00579	0.00155	0.02024	0.00849	0.00504	0.00476
17	0.00972	0.01938	0.53824	0.07481	0.08986	0.01046	0.04245	0.01428	0.01008	0.01499	0.00932	0.02928	0.00717	0.00481	0.00473	0.00147	0.02029	0.00397	0.04156	0.05312
18	0.00930	0.00623	0.00732	0.00667	0.00845	0.00614	0.00513	0.01355	0.16578	0.09941	0.37779	0.03022	0.15166	0.00872	0.00520	0.00151	0.00277	0.00747	0.08128	0.00540
19	0.01950	0.01066	0.10156	0.00936	0.01347	0.00843	0.00846	0.11554	0.01428	0.60727	0.01661	0.01487	0.01064	0.00570	0.00475	0.00146	0.00454	0.00457	0.00528	0.02305
20	0.00991	0.00850	0.00991	0.00708	0.01133	0.00637	0.00566	0.01203	0.00991	0.01557	0.00850	0.00991	0.00708	0.00354	0.00354	0.00071	0.00354	0.00283	0.00283	0.86124
21	0.00966	0.00925	0.01588	0.62481	0.16897	0.01091	0.04894	0.01278	0.00982	0.01294	0.00859	0.01254	0.00662	0.00473	0.00505	0.00157	0.02467	0.00431	0.00218	0.00576
22	0.00584	0.00422	0.00553	0.00653	0.00691	0.00391	0.00439	0.00673	0.00938	0.01244	0.04943	0.75866	0.07907	0.01465	0.00606	0.00191	0.00274	0.01323	0.00446	0.00391
23	0.14604	0.61645	0.05301	0.00828	0.01214	0.01679	0.00814	0.01447	0.00951	0.03714	0.00708	0.00815	0.00616	0.00438	0.00365	0.00117	0.03635	0.00273	0.00231	0.00605
24	0.01148	0.01101	0.01673	0.10753	0.52721	0.04289	0.01254	0.01467	0.04690	0.01529	0.00928	0.01177	0.00763	0.00433	0.00454	0.00133	0.00544	0.00404	0.00253	0.14287
25	0.00598	0.00431	0.00571	0.00678	0.00718	0.00403	0.00470	0.00695	0.00938	0.01242	0.02712	0.72903	0.06140	0.01470	0.00613	0.00195	0.00290	0.08097	0.00443	0.00393
26	0.01096	0.04196	0.01734	0.23017	0.45003	0.03175	0.04409	0.01341	0.01017	0.01380	0.00870	0.01211	0.00722	0.00550	0.00595	0.07817	0.00587	0.00421	0.00227	0.00634
27	0.01156	0.04360	0.13678	0.01119	0.04811	0.00958	0.08379	0.16812	0.04892	0.07957	0.03633	0.22989	0.01572	0.03572	0.00598	0.01325	0.00489	0.00699	0.00382	0.00619
28	0.00625	0.00468	0.00643	0.07932	0.00939	0.00461	0.00537	0.00738	0.00936	0.01233	0.02563	0.64892	0.06902	0.02849	0.00632	0.00196	0.00322	0.06307	0.00420	0.00403
29	0.00598	0.00431	0.00569	0.00668	0.00711	0.00402	0.00462	0.00698	0.00954	0.01266	0.05868	0.70372	0.07241	0.01449	0.00609	0.00192	0.00284	0.06382	0.00447	0.00395
30	0.05549	0.01959	0.01234	0.11891	0.02780	0.06775	0.00855	0.39655	0.02929	0.03211	0.01210	0.09618	0.01031	0.01539	0.00592	0.06135	0.00516	0.00511	0.01365	0.00643
31	0.06818	0.01721	0.40332	0.08382	0.04688	0.01068	0.13589	0.01576	0.04651	0.08046	0.01750	0.01299	0.00808	0.00496	0.00474	0.00155	0.00637	0.02566	0.00271	0.00672
32	0.01368	0.01401	0.02997	0.18082	0.07339	0.31051	0.00980	0.02593	0.01168	0.08397	0.04595	0.01284	0.00926	0.00663	0.03634	0.00166	0.06360	0.00409	0.06011	0.00575
33	0.01067	0.00858	0.01075	0.04553	0.01277	0.00725	0.03615	0.01400	0.08957	0.06864	0.02479	0.04564	0.00980	0.00465	0.00404	0.00099	0.00385	0.00394	0.00330	0.59508
34	0.00715	0.00547	0.00775	0.00760	0.00819	0.00642	0.00572	0.00843	0.00755	0.01080	0.01305	0.04327	0.01307	0.19047	0.56304	0.00642	0.08324	0.00564	0.00264	0.00407
35	0.18211	0.04930	0.01277	0.08572	0.13496	0.09154	0.00882	0.10845	0.12093	0.08884	0.05163	0.01346	0.02093	0.00542	0.00436	0.00145	0.00494	0.00425	0.00358	0.00653
36	0.07892	0.04099	0.03067	0.00804	0.01016	0.00765	0.04188	0.08149	0.02966	0.08746	0.04637	0.19185	0.01673	0.14053	0.08007	0.00257	0.00493	0.01990	0.00373	0.07641
37	0.10965	0.28679	0.24807	0.01070	0.02857	0.08710	0.03426	0.01614	0.01057	0.11446	0.00896	0.00979	0.00679	0.00457	0.00393	0.00132	0.00581	0.00330	0.00269	0.00653
38	0.18736	0.12846	0.42692	0.01052	0.01565	0.01161	0.01217	0.04975	0.01028	0.01650	0.02458	0.03308	0.04388	0.00523	0.00414	0.00145	0.00561	0.00390	0.00258	0.00633
39	0.11656	0.19471	0.13272	0.00856	0.01204	0.05364	0.00812	0.01441	0.06031	0.06748	0.14781	0.05172	0.01501	0.00634	0.01425	0.00141	0.00462	0.00468	0.00335	0.08226

[dist]
# distance from previous block
# <min> <max>
1	50

[block]
# block no. 4 follows, 53 sequences, length 28
# corresponding to MSA columns:
# 1039-1066
name=unknown_E
#
# <colnr> <probs for GDERKNQSTAVLIFYWHMCP>
#	G	D	E	R	K	N	Q	S	T	A	V	L	I	F	Y	W	H	M	C	P
0	0.12867	0.02716	0.20044	0.08591	0.12413	0.03667	0.08498	0.01551	0.09601	0.04273	0.01091	0.03038	0.02228	0.00551	0.00543	0.01473	0.05501	0.00437	0.00280	0.00637
1	0.12075	0.04787	0.11779	0.09102	0.08512	0.02086	0.04151	0.12402	0.04563	0.02944	0.02240	0.01239	0.00828	0.02034	0.06128	0.01380	0.11140	0.00414	0.01579	0.00616
2	0.09655	0.14725	0.03168	0.06518	0.18542	0.13318	0.04823	0.01544	0.03233	0.08400	0.02738	0.01426	0.00953	0.03678	0.01527	0.00160	0.00575	0.04104	0.00293	0.00620
3	0.05391	0.00985	0.01314	0.15737	0.16586	0.04327	0.04665	0.06615	0.17708	0.05007	0.02895	0.10180	0.05212	0.00664	0.00492	0.00157	0.00491	0.00582	0.00357	0.00635
4	0.50602	0.08068	0.06679	0.11265	0.01335	0.02548	0.00739	0.01399	0.00904	0.04950	0.02347	0.01041	0.00708	0.02756	0.00407	0.00153	0.00446	0.00326	0.02781	0.00544
5	0.15964	0.00512	0.00587	0.00659	0.00738	0.00517	0.00461	0.00811	0.00909	0.01404	0.04400	0.63041	0.02692	0.02744	0.00586	0.00190	0.00299	0.02657	0.00417	0.00412
6	0.00678	0.00507	0.00737	0.00737	0.00821	0.00579	0.00565	0.00835	0.00779	0.01107	0.01474	0.02098	0.05194	0.08756	0.72008	0.00717	0.01174	0.00549	0.00268	0.00416
7	0.01292	0.01146	0.05292	0.15220	0.06781	0.03401	0.02369	0.12970	0.37384	0.06811	0.01465	0.01483	0.01083	0.00572	0.00481	0.00155	0.00496	0.00478	0.00403	0.00719
8	0.00811	0.00610	0.07668	0.00690	0.00759	0.00492	0.00537	0.00732	0.00696	0.00944	0.01044	0.03923	0.01072	0.12232	0.04117	0.59378	0.00470	0.03309	0.00234	0.00282
9	0.06341	0.24499	0.16107	0.02464	0.04054	0.09303	0.16201	0.09802	0.02295	0.01568	0.00845	0.01004	0.00667	0.00459	0.00453	0.00137	0.02525	0.00373	0.00255	0.00649
10	0.03802	0.69404	0.12030	0.00888	0.01326	0.03403	0.00927	0.01450	0.00979	0.01204	0.00690	0.00799	0.00610	0.00417	0.00327	0.00110	0.00538	0.00269	0.00208	0.00621
11	0.00582	0.00416	0.00555	0.00666	0.00693	0.00388	0.00444	0.00666	0.00915	0.01220	0.02634	0.82891	0.03161	0.01497	0.00610	0.00194	0.00277	0.01359	0.00444	0.00388
12	0.00814	0.03852	0.00730	0.02312	0.00823	0.00580	0.00493	0.03661	0.04810	0.04582	0.30325	0.17014	0.15572	0.00977	0.00522	0.00153	0.00281	0.00845	0.11175	0.00480
13	0.04919	0.14628	0.32973	0.01222	0.05219	0.18317	0.01220	0.03865	0.01141	0.07307	0.03169	0.01063	0.00774	0.00488	0.00443	0.00137	0.01842	0.00355	0.00264	0.00655
14	0.01024	0.01082	0.04482	0.22117	0.13998	0.10137	0.10228	0.01346	0.05619	0.01396	0.03694	0.13558	0.02878	0.00705	0.00517	0.00161	0.00575	0.05614	0.00301	0.00570
15	0.00694	0.00533	0.00628	0.00600	0.00740	0.00501	0.00455	0.00983	0.07843	0.01722	0.47082	0.03723	0.26701	0.01016	0.00554	0.00155	0.00248	0.02630	0.02730	0.00462
16	0.01128	0.01289	0.02820	0.02015	0.02498	0.01209	0.78485	0.01531	0.01128	0.01531	0.00967	0.01289	0.00725	0.00403	0.00564	0.00161	0.00806	0.00564	0.00242	0.00645
17	0.02088	0.00815	0.01094	0.00842	0.01203	0.00715	0.00695	0.04494	0.01380	0.75333	0.01852	0.01619	0.01174	0.00590	0.00475	0.00146	0.00403	0.00478	0.03807	0.00800
18	0.01817	0.01339	0.01434	0.01100	0.01482	0.01482	0.00908	0.78627	0.02247	0.03012	0.01148	0.01148	0.00813	0.00574	0.00478	0.00143	0.00526	0.00430	0.00478	0.00813
19	0.01268	0.51559	0.12500	0.04986	0.01433	0.04834	0.00943	0.01488	0.01016	0.07368	0.00829	0.00948	0.00684	0.00551	0.03354	0.00139	0.00570	0.00308	0.00242	0.04979
20	0.11501	0.14765	0.31905	0.01150	0.01634	0.04070	0.06970	0.06691	0.04228	0.08579	0.00953	0.01054	0.00705	0.00484	0.00462	0.00144	0.03382	0.00367	0.00282	0.00671
21	0.00976	0.02353	0.72897	0.01428	0.02112	0.01120	0.09476	0.01515	0.01021	0.01515	0.00869	0.01037	0.00617	0.00449	0.00465	0.00152	0.00716	0.00374	0.00206	0.00700
22	0.00582	0.00426	0.00548	0.00641	0.00688	0.00392	0.00434	0.00673	0.00947	0.01245	0.04663	0.71143	0.12965	0.01449	0.00603	0.00189	0.00272	0.01303	0.00446	0.00392
23	0.00934	0.00821	0.01271	0.42145	0.14094	0.00937	0.01075	0.04033	0.05906	0.01445	0.05264	0.12440	0.02913	0.00664	0.00496	0.00159	0.00513	0.00593	0.03738	0.00560
24	0.01450	0.14697	0.14611	0.06387	0.03053	0.07449	0.00980	0.12436	0.07205	0.19060	0.01306	0.03580	0.02385	0.02720	0.00500	0.00150	0.00537	0.00442	0.00367	0.00686
25	0.55232	0.00910	0.02298	0.03098	0.01111	0.00954	0.02333	0.01634	0.00980	0.22513	0.01035	0.01068	0.00729	0.00487	0.00360	0.00147	0.00397	0.00337	0.03778	0.00598
26	0.00582	0.00416	0.00555	0.00666	0.00693	0.00388	0.00444	0.00666	0.00915	0.01220	0.02634	0.82891	0.03161	0.01497	0.00610	0.00194	0.00277	0.01359	0.00444	0.00388
27	0.01250	0.02517	0.13173	0.18177	0.10869	0.09603	0.16452	0.05428	0.01169	0.09491	0.03967	0.01292	0.00873	0.00511	0.00524	0.01273	0.02050	0.00450	0.00286	0.00643

[dist]
# distance from previous block
# <min> <max>
0	3

[block]
# block no. 5 follows, 53 sequences, length 52
# corresponding to MSA columns:
# 1070-1108,1110-1122
name=unknown_F
#
# <colnr> <probs for GDERKNQSTAVLIFYWHMCP>
#	G	D	E	R	K	N	Q	S	T	A	V	L	I	F	Y	W	H	M	C	P
0	0.01794	0.06268	0.04883	0.01029	0.04953	0.01036	0.00839	0.22487	0.05278	0.40430	0.04964	0.01489	0.01163	0.00581	0.00471	0.00144	0.00457	0.00465	0.00495	0.00775
1	0.00661	0.00655	0.08012	0.00747	0.00840	0.00533	0.00589	0.00790	0.00917	0.01253	0.06240	0.57368	0.04019	0.08891	0.00822	0.00213	0.05520	0.01114	0.00396	0.00420
2	0.09395	0.01269	0.05020	0.11239	0.01673	0.04898	0.03958	0.45531	0.01734	0.04010	0.04611	0.02442	0.00950	0.00566	0.00467	0.00147	0.00540	0.00444	0.00399	0.00704
3	0.02090	0.05964	0.01196	0.00848	0.01221	0.00777	0.00710	0.02273	0.01343	0.75604	0.01810	0.01573	0.01148	0.00580	0.00470	0.00145	0.00413	0.00467	0.00567	0.00801
4	0.00788	0.00524	0.00662	0.00626	0.00770	0.00465	0.00466	0.00965	0.01204	0.08474	0.41620	0.19843	0.14370	0.01046	0.00553	0.00156	0.00262	0.00918	0.00488	0.05800
5	0.00958	0.02102	0.63385	0.01274	0.01873	0.01042	0.04864	0.01511	0.05890	0.01547	0.01062	0.05137	0.00828	0.00522	0.00461	0.00152	0.00639	0.00429	0.05650	0.00675
6	0.00650	0.00585	0.00558	0.00567	0.00709	0.05442	0.00416	0.00770	0.01091	0.01305	0.08222	0.17462	0.58141	0.01202	0.00564	0.00164	0.00286	0.01016	0.00436	0.00413
7	0.14835	0.42341	0.04889	0.04865	0.01342	0.16073	0.00835	0.01533	0.01032	0.04759	0.00771	0.00889	0.00642	0.00482	0.01285	0.00128	0.00566	0.00294	0.01848	0.00590
8	0.77311	0.06065	0.00849	0.04397	0.01052	0.01123	0.00574	0.01398	0.00830	0.02038	0.00674	0.00799	0.00529	0.00443	0.00305	0.00146	0.00391	0.00266	0.00286	0.00524
9	0.00783	0.00634	0.00962	0.18622	0.09095	0.00715	0.00759	0.00951	0.00821	0.01129	0.01210	0.02015	0.01177	0.24071	0.34483	0.00492	0.00850	0.00534	0.00254	0.00445
10	0.00815	0.00421	0.00630	0.00633	0.00639	0.00426	0.00427	0.00638	0.00639	0.00858	0.00905	0.03563	0.00913	0.01778	0.06860	0.78500	0.00466	0.00445	0.00217	0.00226
11	0.00902	0.00824	0.01371	0.76893	0.03119	0.01023	0.01265	0.01214	0.00959	0.01257	0.00894	0.01306	0.00674	0.00483	0.00469	0.00156	0.00611	0.00426	0.05629	0.00526
12	0.10132	0.00634	0.00702	0.00648	0.00847	0.00609	0.00501	0.02785	0.06938	0.13878	0.13515	0.12040	0.31701	0.00980	0.00522	0.00161	0.00302	0.02120	0.00466	0.00519
13	0.00647	0.00478	0.00605	0.00593	0.00701	0.00435	0.00437	0.00838	0.01254	0.01730	0.58400	0.14591	0.15352	0.01083	0.00570	0.00158	0.00235	0.00953	0.00503	0.00435
14	0.01270	0.81185	0.03691	0.00832	0.01240	0.01874	0.00835	0.01429	0.00969	0.01131	0.00667	0.00774	0.00613	0.00415	0.00325	0.00104	0.01568	0.00259	0.00204	0.00614
15	0.07202	0.08520	0.35181	0.05147	0.04180	0.01068	0.05398	0.03500	0.01073	0.10509	0.01960	0.01109	0.00747	0.00459	0.00430	0.00136	0.00572	0.00369	0.00279	0.12163
16	0.04857	0.05293	0.06276	0.02575	0.22053	0.21522	0.01071	0.15938	0.06150	0.06671	0.01037	0.01194	0.00812	0.00513	0.00452	0.00140	0.00609	0.01822	0.00323	0.00692
17	0.00844	0.00625	0.00812	0.00768	0.00889	0.00702	0.00588	0.10087	0.04638	0.01375	0.01443	0.02032	0.03688	0.13277	0.53160	0.00591	0.00984	0.00541	0.02488	0.00470
18	0.00901	0.00629	0.00935	0.04564	0.02329	0.00619	0.05620	0.01148	0.03556	0.08751	0.11184	0.16357	0.03707	0.01110	0.00601	0.00191	0.00416	0.36441	0.00440	0.00499
19	0.19176	0.36231	0.01728	0.03071	0.01288	0.14828	0.03807	0.03511	0.01025	0.01420	0.00803	0.04554	0.00728	0.00553	0.01637	0.00139	0.04332	0.00347	0.00251	0.00571
20	0.04445	0.05933	0.13054	0.03371	0.01351	0.04741	0.00953	0.07688	0.13149	0.04558	0.04062	0.04383	0.01487	0.00793	0.00624	0.00172	0.09278	0.18994	0.00364	0.00601
21	0.00693	0.00509	0.00592	0.00605	0.00736	0.00461	0.00448	0.00881	0.04602	0.04964	0.14316	0.25155	0.38393	0.01207	0.00574	0.00171	0.00272	0.04515	0.00464	0.00442
22	0.00582	0.00416	0.00555	0.00666	0.00693	0.00388	0.00444	0.00666	0.00915	0.01220	0.02634	0.82891	0.03161	0.01497	0.00610	0.00194	0.00277	0.01359	0.00444	0.00388
23	0.08507	0.19647	0.16089	0.13750	0.04946	0.13863	0.03124	0.08547	0.03592	0.02517	0.00856	0.01013	0.00668	0.00469	0.00415	0.00137	0.00615	0.00351	0.00260	0.00632
24	0.00741	0.00549	0.00751	0.00829	0.00926	0.00559	0.00696	0.00932	0.01073	0.01412	0.07585	0.15337	0.07263	0.01292	0.00686	0.00208	0.04412	0.53879	0.00435	0.00436
25	0.00591	0.00444	0.00548	0.00610	0.00684	0.00401	0.00424	0.00704	0.01021	0.01335	0.13965	0.51612	0.23223	0.01351	0.00592	0.00180	0.00261	0.01199	0.00455	0.00401
26	0.00661	0.00443	0.00582	0.00658	0.00713	0.00409	0.00449	0.00760	0.00972	0.04840	0.08570	0.68163	0.06547	0.03005	0.00634	0.00193	0.00281	0.01253	0.00454	0.00411
27	0.01103	0.00983	0.01215	0.07262	0.04337	0.08255	0.01762	0.04803	0.02173	0.06288	0.04776	0.17161	0.01372	0.00855	0.00931	0.00179	0.32794	0.00621	0.02589	0.00540
28	0.01667	0.04029	0.01302	0.01117	0.01391	0.49076	0.00860	0.05536	0.19663	0.09004	0.01147	0.01161	0.00876	0.00540	0.00447	0.00135	0.00681	0.00383	0.00345	0.00639
29	0.01872	0.00969	0.01187	0.03056	0.02311	0.00964	0.00770	0.28540	0.01634	0.43798	0.03363	0.01501	0.01115	0.00587	0.00472	0.00144	0.00440	0.00468	0.06038	0.00773
30	0.00794	0.00712	0.04776	0.00868	0.05853	0.00619	0.03972	0.04511	0.03402	0.01839	0.53700	0.04526	0.10745	0.00896	0.00548	0.00152	0.00316	0.00793	0.00467	0.00510
31	0.04616	0.00837	0.08300	0.01039	0.01257	0.00681	0.19270	0.00984	0.00980	0.01367	0.02114	0.47750	0.06676	0.01077	0.00568	0.00178	0.00445	0.01008	0.00367	0.00485
32	0.01365	0.01716	0.08819	0.01361	0.04994	0.35766	0.05890	0.01548	0.01071	0.01246	0.00747	0.00998	0.00643	0.00603	0.00841	0.00159	0.29457	0.00375	0.01831	0.00570
33	0.28752	0.49429	0.07502	0.00801	0.01195	0.01563	0.00791	0.02984	0.00949	0.01519	0.00688	0.00795	0.00586	0.00427	0.00317	0.00121	0.00480	0.00267	0.00239	0.00593
34	0.00821	0.00436	0.00645	0.00662	0.00679	0.00436	0.00470	0.00679	0.00697	0.00923	0.01093	0.02062	0.01127	0.01608	0.01681	0.72817	0.00419	0.12256	0.00244	0.00244
35	0.01519	0.01119	0.01258	0.00973	0.01337	0.04196	0.03181	0.38515	0.01651	0.10768	0.01239	0.06269	0.00988	0.00577	0.00457	0.00129	0.00473	0.01572	0.00420	0.23362
36	0.00597	0.00432	0.00549	0.00629	0.00673	0.00401	0.00421	0.00684	0.00937	0.01239	0.07174	0.62690	0.11044	0.09203	0.00776	0.00214	0.00288	0.01231	0.00434	0.00384
37	0.14435	0.26078	0.01647	0.01119	0.08003	0.18467	0.00863	0.14419	0.05102	0.03239	0.00867	0.00958	0.00698	0.00483	0.00406	0.00129	0.01818	0.00332	0.00297	0.00641
38	0.06020	0.05176	0.03287	0.00833	0.01175	0.00813	0.00704	0.06618	0.02082	0.55908	0.01704	0.05470	0.01190	0.01547	0.00482	0.00149	0.00410	0.00495	0.05198	0.00738
39	0.00598	0.00428	0.00571	0.00669	0.00707	0.00400	0.00457	0.00699	0.00961	0.01289	0.09358	0.72873	0.03262	0.01445	0.00608	0.00191	0.00279	0.04359	0.00451	0.00396
40	0.01946	0.16394	0.04759	0.10759	0.04113	0.19619	0.08415	0.04003	0.01130	0.01395	0.01733	0.01101	0.02470	0.00455	0.00416	0.00119	0.00600	0.00362	0.00256	0.19955
41	0.10332	0.02253	0.68859	0.01326	0.03527	0.01108	0.03126	0.01501	0.00992	0.01584	0.00840	0.00993	0.00601	0.00451	0.00439	0.00151	0.00669	0.00348	0.00214	0.00686
42	0.01527	0.39163	0.07931	0.00938	0.01329	0.10410	0.00877	0.08259	0.02365	0.18777	0.01035	0.01067	0.00786	0.00578	0.02909	0.00144	0.00566	0.00345	0.00323	0.00671
43	0.01080	0.09067	0.43604	0.07731	0.02626	0.04280	0.01312	0.01471	0.01063	0.07391	0.06449	0.03416	0.01001	0.00520	0.00448	0.00141	0.00594	0.00416	0.00269	0.07120
44	0.00660	0.00480	0.00622	0.00604	0.00709	0.00441	0.00446	0.00864	0.01289	0.01806	0.67451	0.13044	0.07693	0.01049	0.00569	0.00156	0.00232	0.00930	0.00513	0.00441
45	0.00915	0.00581	0.00731	0.00696	0.00843	0.00559	0.00523	0.01227	0.10477	0.12553	0.35336	0.21833	0.06778	0.02005	0.00579	0.00168	0.00290	0.02886	0.00502	0.00518
46	0.04726	0.05632	0.06192	0.11137	0.03676	0.09117	0.03943	0.17542	0.02344	0.15578	0.03124	0.01257	0.00899	0.00526	0.00479	0.00139	0.02868	0.00412	0.03041	0.07369
47	0.01261	0.00743	0.00915	0.00781	0.01010	0.00729	0.00623	0.15761	0.03782	0.21188	0.34858	0.05067	0.04952	0.00841	0.00533	0.00155	0.00345	0.05321	0.00522	0.00612
48	0.00642	0.00459	0.00622	0.00727	0.00782	0.00439	0.00541	0.00771	0.00987	0.01310	0.05619	0.56852	0.03092	0.01425	0.00623	0.00200	0.00323	0.23737	0.00446	0.00406
49	0.01040	0.01578	0.37609	0.11850	0.03948	0.00981	0.06181	0.01485	0.04617	0.08585	0.13789	0.01571	0.01343	0.00569	0.00516	0.00154	0.02748	0.00482	0.00307	0.00646
50	0.05971	0.01112	0.01304	0.01035	0.02750	0.04203	0.04155	0.33295	0.01654	0.30052	0.01374	0.01395	0.00961	0.00566	0.00469	0.00143	0.00489	0.02435	0.00472	0.06166
51	0.01258	0.74487	0.02477	0.00914	0.01308	0.01828	0.05740	0.01425	0.00970	0.01151	0.00682	0.00813	0.00621	0.00428	0.00381	0.00111	0.04305	0.00283	0.00207	0.00611

[dist]
# distance from previous block
# <min> <max>
5	8

[block]
# block no. 6 follows, 53 sequences, length 13
# corresponding to MSA columns:
# 1131-1143
name=unknown_G
#
# <colnr> <probs for GDERKNQSTAVLIFYWHMCP>
#	G	D	E	R	K	N	Q	S	T	A	V	L	I	F	Y	W	H	M	C	P
0	0.05605	0.00735	0.00904	0.00761	0.01016	0.00708	0.00605	0.03616	0.12160	0.33298	0.29202	0.02391	0.05449	0.00751	0.00505	0.00151	0.00334	0.00632	0.00531	0.00648
1	0.02851	0.00837	0.04179	0.24445	0.02669	0.02834	0.02105	0.03575	0.07897	0.03640	0.01800	0.18654	0.07260	0.00902	0.02106	0.00181	0.03332	0.06908	0.03296	0.00528
2	0.01081	0.01091	0.01347	0.01169	0.01204	0.07862	0.00950	0.01242	0.04883	0.01175	0.00788	0.01264	0.00774	0.08516	0.01500	0.00223	0.63740	0.00442	0.00234	0.00516
3	0.00895	0.00497	0.00515	0.00503	0.00627	0.00507	0.00379	0.01210	0.07422	0.01812	0.08937	0.01950	0.01552	0.00604	0.00368	0.00119	0.00236	0.00492	0.70903	0.00471
4	0.00587	0.00418	0.00553	0.00659	0.00685	0.00392	0.00437	0.00667	0.00905	0.01207	0.02583	0.79274	0.03097	0.05202	0.00693	0.00206	0.00286	0.01329	0.00437	0.00384
5	0.04641	0.06624	0.11266	0.29678	0.06361	0.06367	0.03031	0.06797	0.01079	0.06451	0.00893	0.01150	0.00688	0.00571	0.01771	0.00164	0.11200	0.00398	0.00261	0.00609
6	0.01139	0.00899	0.08440	0.06924	0.05380	0.00784	0.00801	0.01609	0.15961	0.17111	0.27786	0.02293	0.02269	0.00717	0.00505	0.00152	0.00388	0.02393	0.03824	0.00624
7	0.00730	0.00539	0.00724	0.00705	0.00753	0.00618	0.00511	0.00835	0.00750	0.01081	0.01319	0.02256	0.01344	0.32358	0.41117	0.00573	0.08194	0.00567	0.04640	0.00386
8	0.63580	0.00918	0.00828	0.00700	0.01017	0.01007	0.00577	0.05158	0.01005	0.19930	0.00964	0.00986	0.00682	0.00483	0.00346	0.00148	0.00385	0.00317	0.00371	0.00598
9	0.01337	0.04742	0.12449	0.08168	0.08589	0.08405	0.01048	0.21241	0.17639	0.03838	0.05326	0.01449	0.01110	0.00572	0.00473	0.00148	0.00543	0.01854	0.00370	0.00700
10	0.01219	0.01107	0.08524	0.12332	0.36341	0.00982	0.03296	0.03208	0.01114	0.12550	0.01153	0.05493	0.00949	0.00529	0.00477	0.00145	0.00537	0.02077	0.00304	0.07662
11	0.01052	0.00831	0.01055	0.00944	0.03806	0.07244	0.07909	0.06817	0.02599	0.09137	0.42512	0.06616	0.02952	0.00833	0.00541	0.00153	0.00395	0.03592	0.00461	0.00549
12	0.12164	0.25585	0.16683	0.02914	0.03672	0.13646	0.00966	0.01543	0.01067	0.08822	0.03564	0.02538	0.02033	0.00576	0.02241	0.00147	0.00579	0.00369	0.00279	0.00614

[dist]
# distance from previous block
# <min> <max>
1	46

[block]
# block no. 7 follows, 53 sequences, length 20
# corresponding to MSA columns:
# 1190-1209
name=unknown_H
#
# <colnr> <probs for GDERKNQSTAVLIFYWHMCP>
#	G	D	E	R	K	N	Q	S	T	A	V	L	I	F	Y	W	H	M	C	P
0	0.14358	0.07329	0.02374	0.08423	0.05253	0.05708	0.00762	0.16120	0.06163	0.01873	0.01151	0.03432	0.00931	0.00747	0.05856	0.00179	0.00508	0.00421	0.17820	0.00591
1	0.00824	0.00606	0.00793	0.04372	0.06566	0.00609	0.00588	0.03852	0.06616	0.02692	0.32501	0.17287	0.03915	0.05791	0.00643	0.00175	0.00321	0.02722	0.08635	0.00493
2	0.00823	0.00420	0.00630	0.00630	0.00635	0.00425	0.00425	0.00635	0.00630	0.00845	0.00854	0.01475	0.00849	0.01760	0.05987	0.81669	0.00460	0.00420	0.00210	0.00219
3	0.02737	0.01036	0.03668	0.16959	0.27987	0.01036	0.01116	0.13066	0.01292	0.20630	0.01188	0.01318	0.00858	0.00504	0.00467	0.00146	0.00521	0.00436	0.04317	0.00717
4	0.00586	0.00423	0.00556	0.00660	0.00698	0.00393	0.00447	0.00675	0.00930	0.01230	0.02764	0.76235	0.07754	0.01476	0.00609	0.00193	0.00279	0.03258	0.00444	0.00390
5	0.01223	0.62709	0.13434	0.00917	0.01333	0.04064	0.00951	0.01432	0.00977	0.01204	0.00722	0.00851	0.00633	0.00444	0.00396	0.00115	0.04662	0.00285	0.03032	0.00615
6	0.04552	0.05630	0.54691	0.01185	0.01780	0.01076	0.01414	0.05460	0.01109	0.10968	0.02176	0.01107	0.00746	0.00476	0.00441	0.00143	0.00611	0.00368	0.00276	0.05792
7	0.01104	0.01175	0.11933	0.35321	0.25018	0.01094	0.02519	0.03632	0.06541	0.05580	0.01005	0.01264	0.00760	0.00479	0.00475	0.00152	0.00596	0.00429	0.00265	0.00659
8	0.03509	0.00929	0.01474	0.25972	0.29991	0.00980	0.03241	0.01434	0.04989	0.08174	0.01167	0.08031	0.00989	0.00553	0.00476	0.00149	0.00525	0.00505	0.01614	0.05297
9	0.00667	0.00485	0.00628	0.00599	0.00710	0.00446	0.00447	0.00882	0.01323	0.01859	0.73327	0.07005	0.07807	0.01010	0.00566	0.00153	0.00228	0.00892	0.00519	0.00446
10	0.00891	0.00445	0.00445	0.00445	0.00557	0.00445	0.00334	0.01114	0.01002	0.01782	0.01559	0.01782	0.01225	0.00557	0.00334	0.00111	0.00223	0.00445	0.85856	0.00445
11	0.00655	0.00500	0.00671	0.08427	0.00953	0.00485	0.00530	0.00828	0.01127	0.01524	0.34852	0.30433	0.13037	0.01143	0.00574	0.00169	0.00290	0.02917	0.00456	0.00431
12	0.01182	0.01083	0.01578	0.04896	0.03691	0.03972	0.08994	0.01340	0.00874	0.08819	0.00804	0.01134	0.00694	0.00730	0.01245	0.00191	0.57515	0.00436	0.00251	0.00571
13	0.00726	0.00526	0.00684	0.04813	0.05486	0.00545	0.00460	0.00785	0.00755	0.01021	0.01481	0.07875	0.01649	0.59162	0.11691	0.00449	0.00566	0.00686	0.00288	0.00353
14	0.05495	0.00818	0.01093	0.00842	0.01208	0.00717	0.00695	0.02293	0.01346	0.77441	0.01837	0.01593	0.01157	0.00586	0.00473	0.00148	0.00405	0.00472	0.00580	0.00802
15	0.01030	0.00987	0.04332	0.51545	0.13501	0.01092	0.02544	0.09460	0.01115	0.01483	0.02152	0.04859	0.00842	0.00540	0.00511	0.00158	0.02526	0.00473	0.00259	0.00593
16	0.08019	0.03702	0.16932	0.19806	0.06502	0.01067	0.16295	0.06271	0.01110	0.03586	0.05307	0.04931	0.01008	0.00534	0.00477	0.00153	0.00592	0.00487	0.02607	0.00613
17	0.00763	0.00517	0.00615	0.00607	0.00753	0.00461	0.00459	0.00932	0.02401	0.08889	0.20171	0.17755	0.37051	0.01150	0.00569	0.00167	0.00274	0.05533	0.00476	0.00457
18	0.00591	0.00422	0.00565	0.00675	0.00707	0.00396	0.00459	0.00681	0.00924	0.01230	0.02630	0.79302	0.03142	0.01489	0.00612	0.00195	0.00285	0.04861	0.00444	0.00391
19	0.16949	0.02431	0.06162	0.33935	0.10678	0.01113	0.05121	0.08060	0.03162	0.06629	0.00944	0.01174	0.00701	0.00479	0.00444	0.00152	0.00560	0.00401	0.00285	0.00619

[dist]
# distance from previous block
# <min> <max>
0	17

[block]
# block no. 8 follows, 53 sequences, length 25
# corresponding to MSA columns:
# 1227-1251
name=unknown_I
#
# <colnr> <probs for GDERKNQSTAVLIFYWHMCP>
#	G	D	E	R	K	N	Q	S	T	A	V	L	I	F	Y	W	H	M	C	P
0	0.26559	0.03425	0.12279	0.02125	0.06408	0.04078	0.04367	0.04090	0.01091	0.14481	0.07897	0.07732	0.01246	0.01687	0.00461	0.00154	0.00469	0.00486	0.00356	0.00609
