[name]
unknown

[dist]
# distance from previous block
# <min> <max>
4	184

[block]
# block no. 0 follows, 56 sequences, length 10
# corresponding to MSA columns:
# 226-235
name=unknown_A
#
# <colnr> <probs for GDERKNQSTAVLIFYWHMCP>
#	G	D	E	R	K	N	Q	S	T	A	V	L	I	F	Y	W	H	M	C	P
0	0.00785	0.00598	0.00688	0.00621	0.00812	0.00548	0.00470	0.01096	0.11750	0.04990	0.22763	0.09855	0.26041	0.03005	0.00547	0.00148	0.00278	0.00764	0.00431	0.13809
1	0.01148	0.01218	0.09991	0.01446	0.04794	0.03810	0.35249	0.03869	0.08228	0.08329	0.08358	0.01435	0.01114	0.00499	0.00527	0.00146	0.03299	0.00501	0.00311	0.05729
2	0.00889	0.00833	0.01381	0.72548	0.07908	0.00999	0.01237	0.01187	0.00928	0.01214	0.00819	0.01201	0.00624	0.00448	0.00451	0.00147	0.00591	0.00399	0.00210	0.05987
3	0.05029	0.12758	0.01414	0.11403	0.01566	0.44975	0.00891	0.06968	0.08319	0.01354	0.00841	0.00960	0.00675	0.00477	0.00406	0.00126	0.00672	0.00329	0.00265	0.00570
4	0.06676	0.03703	0.03434	0.05941	0.01317	0.00919	0.00716	0.18352	0.04413	0.07400	0.00973	0.01055	0.00741	0.00431	0.00385	0.00105	0.00413	0.00334	0.00333	0.42357
5	0.01303	0.18978	0.05752	0.17468	0.01675	0.01167	0.04154	0.17092	0.03128	0.14355	0.01232	0.06226	0.02206	0.00573	0.00440	0.00140	0.00501	0.02636	0.00342	0.00631
6	0.00792	0.00479	0.00572	0.00550	0.00589	0.00477	0.00340	0.00822	0.00732	0.08125	0.01460	0.02769	0.01575	0.69305	0.09189	0.00444	0.00509	0.00634	0.00301	0.00335
7	0.01816	0.06880	0.01343	0.00956	0.01321	0.01197	0.00799	0.47794	0.01786	0.29415	0.01311	0.01233	0.00888	0.00546	0.00449	0.00136	0.00465	0.00418	0.00478	0.00768
8	0.01062	0.01127	0.11424	0.03451	0.10300	0.02533	0.06746	0.09527	0.26467	0.01771	0.11428	0.05102	0.03446	0.00648	0.00486	0.00151	0.00461	0.02855	0.00377	0.00640
9	0.00674	0.00497	0.00603	0.00639	0.00724	0.00477	0.00450	0.07739	0.01051	0.01387	0.09323	0.54104	0.15799	0.03502	0.00611	0.00180	0.00283	0.01112	0.00432	0.00414

[dist]
# distance from previous block
# <min> <max>
0	3

[block]
# block no. 1 follows, 56 sequences, length 13
# corresponding to MSA columns:
# 239-251
name=unknown_B
#
# <colnr> <probs for GDERKNQSTAVLIFYWHMCP>
#	G	D	E	R	K	N	Q	S	T	A	V	L	I	F	Y	W	H	M	C	P
0	0.01472	0.19160	0.04451	0.01251	0.08851	0.31401	0.04453	0.15825	0.06175	0.01547	0.00865	0.00965	0.00692	0.00468	0.00410	0.00124	0.00635	0.00343	0.00280	0.00629
1	0.01376	0.28638	0.05133	0.00924	0.01276	0.01402	0.00829	0.30514	0.06583	0.04341	0.01004	0.02682	0.00800	0.00517	0.00451	0.00126	0.04790	0.00372	0.02435	0.05809
2	0.01343	0.33211	0.11403	0.04960	0.05541	0.07619	0.06250	0.07694	0.01143	0.13000	0.03146	0.01073	0.00803	0.00461	0.00398	0.00125	0.00546	0.00358	0.00287	0.00639
3	0.01147	0.74006	0.02179	0.00768	0.01116	0.01642	0.00742	0.01286	0.00926	0.01091	0.00867	0.10762	0.00885	0.00519	0.00330	0.00109	0.00464	0.00374	0.00224	0.00563
4	0.00603	0.00460	0.00557	0.00566	0.00677	0.00414	0.00423	0.00762	0.01126	0.01490	0.36144	0.17269	0.30556	0.01121	0.00555	0.00159	0.00244	0.06007	0.00459	0.00407
5	0.03017	0.03818	0.07559	0.14837	0.06537	0.04429	0.02671	0.26693	0.04791	0.14084	0.02381	0.02587	0.03447	0.00548	0.00455	0.00142	0.00515	0.00445	0.00372	0.00673
6	0.00935	0.00634	0.00892	0.03168	0.00959	0.00736	0.00641	0.01070	0.00835	0.12742	0.04785	0.01851	0.01247	0.14371	0.36691	0.00460	0.16709	0.00509	0.00299	0.00466
7	0.00655	0.00440	0.00505	0.00517	0.00521	0.00436	0.00296	0.00664	0.00693	0.00924	0.01578	0.12756	0.01835	0.73889	0.02125	0.00414	0.00423	0.00745	0.00296	0.00290
8	0.01239	0.04937	0.10127	0.12600	0.38525	0.03909	0.05543	0.05046	0.01110	0.11143	0.00967	0.01157	0.00736	0.00444	0.00450	0.00139	0.00568	0.00404	0.00272	0.00684
9	0.13429	0.02999	0.19335	0.12347	0.07394	0.06496	0.04977	0.22269	0.03360	0.01873	0.00895	0.01039	0.00665	0.00471	0.00427	0.00141	0.00571	0.00371	0.00293	0.00648
10	0.00770	0.00524	0.00619	0.00625	0.03293	0.00457	0.00456	0.00914	0.01104	0.11024	0.13993	0.07790	0.50958	0.01056	0.00536	0.00156	0.00270	0.04556	0.00447	0.00453
11	0.00569	0.00407	0.00542	0.00632	0.00668	0.00380	0.00427	0.00664	0.00926	0.01246	0.11209	0.74676	0.03180	0.01383	0.00581	0.00182	0.00261	0.01252	0.00435	0.00380
12	0.87108	0.00888	0.00675	0.00604	0.00888	0.01030	0.00497	0.01350	0.00781	0.02060	0.00639	0.00746	0.00497	0.00426	0.00284	0.00142	0.00355	0.00249	0.00284	0.00497

[dist]
# distance from previous block
# <min> <max>
1	4

[block]
# block no. 2 follows, 56 sequences, length 50
# corresponding to MSA columns:
# 256-305
name=unknown_C
#
# <colnr> <probs for GDERKNQSTAVLIFYWHMCP>
#	G	D	E	R	K	N	Q	S	T	A	V	L	I	F	Y	W	H	M	C	P
0	0.39571	0.01355	0.01017	0.10152	0.01362	0.30178	0.00747	0.05450	0.01052	0.01634	0.00727	0.00881	0.00579	0.00547	0.02917	0.00153	0.00589	0.00300	0.00266	0.00523
1	0.00646	0.00466	0.00610	0.00580	0.00685	0.00430	0.00433	0.00856	0.01281	0.01811	0.77249	0.07025	0.04274	0.00961	0.00543	0.00146	0.00219	0.00852	0.00502	0.00430
2	0.00641	0.00522	0.00674	0.13345	0.01046	0.00507	0.00531	0.00832	0.01140	0.01499	0.38142	0.03477	0.34055	0.00953	0.00529	0.00150	0.00285	0.00819	0.00427	0.00427
3	0.01035	0.01205	0.12523	0.01330	0.01705	0.01045	0.31257	0.03928	0.25207	0.01675	0.09467	0.03884	0.01363	0.00568	0.00505	0.00154	0.00552	0.01621	0.00341	0.00636
4	0.01211	0.72963	0.03945	0.00814	0.01197	0.01724	0.00798	0.01497	0.09916	0.01183	0.00782	0.00852	0.00681	0.00420	0.00317	0.00106	0.00481	0.00279	0.00227	0.00607
5	0.01103	0.13988	0.37352	0.01305	0.12416	0.01095	0.02281	0.03754	0.01031	0.06721	0.00875	0.01001	0.00662	0.00422	0.00406	0.00125	0.00556	0.00337	0.00244	0.14324
6	0.01228	0.50519	0.14278	0.04386	0.01378	0.01476	0.00943	0.01440	0.00963	0.10241	0.00845	0.02682	0.00704	0.00475	0.00440	0.00122	0.06701	0.00326	0.00244	0.00610
7	0.01181	0.01140	0.17030	0.29041	0.08541	0.00944	0.01133	0.04837	0.05915	0.17598	0.03317	0.03223	0.00939	0.00549	0.00492	0.02199	0.00531	0.00444	0.00318	0.00628
8	0.00587	0.00422	0.00561	0.00652	0.00699	0.00396	0.00460	0.00695	0.00941	0.01256	0.09521	0.65286	0.05351	0.01367	0.00586	0.00185	0.00279	0.09937	0.00433	0.00384
9	0.01203	0.15978	0.24075	0.01043	0.03756	0.01043	0.04609	0.08088	0.02393	0.15466	0.10468	0.07400	0.01336	0.00593	0.00447	0.00139	0.00492	0.00493	0.00342	0.00638
10	0.01234	0.05665	0.01118	0.00992	0.10111	0.00830	0.00701	0.03555	0.15551	0.19992	0.15988	0.01767	0.02487	0.01809	0.00473	0.00133	0.00370	0.00494	0.00415	0.16316
11	0.01494	0.00666	0.00892	0.00739	0.00980	0.00619	0.00586	0.03403	0.01156	0.47171	0.09074	0.01914	0.01484	0.09096	0.14667	0.00272	0.00519	0.00519	0.04129	0.00621
12	0.01754	0.02029	0.01274	0.01141	0.01391	0.72801	0.00863	0.01879	0.01302	0.10214	0.00835	0.00911	0.00653	0.00484	0.00419	0.00121	0.00778	0.00314	0.00274	0.00560
13	0.00982	0.00897	0.05471	0.05879	0.04713	0.00895	0.02595	0.03802	0.36172	0.02933	0.21574	0.02175	0.03967	0.00723	0.00528	0.02529	0.00380	0.02759	0.00421	0.00605
14	0.01227	0.84142	0.02406	0.00786	0.01178	0.01817	0.00786	0.01375	0.00933	0.01080	0.00638	0.00736	0.00589	0.00393	0.00295	0.00098	0.00491	0.00245	0.00196	0.00589
15	0.00797	0.00399	0.00598	0.00598	0.00598	0.00399	0.00399	0.00598	0.00598	0.00797	0.00797	0.01396	0.00797	0.01595	0.01794	0.86643	0.00399	0.00399	0.00199	0.00199
16	0.00781	0.00635	0.01048	0.01008	0.01166	0.00620	0.13735	0.01010	0.01046	0.01372	0.02191	0.11352	0.02354	0.01137	0.00615	0.00200	0.00467	0.58421	0.00391	0.00451
17	0.16954	0.01129	0.01291	0.26865	0.06998	0.14580	0.01971	0.01317	0.00911	0.01336	0.00715	0.01008	0.00594	0.00540	0.00690	0.00156	0.21837	0.00360	0.00225	0.00525
18	0.01136	0.01091	0.01863	0.02818	0.81002	0.01091	0.01409	0.01409	0.01045	0.01500	0.00864	0.01136	0.00727	0.00409	0.00455	0.00136	0.00545	0.00409	0.00227	0.00727
19	0.00657	0.00489	0.00722	0.00722	0.00799	0.00565	0.00555	0.00810	0.00733	0.01054	0.01244	0.01882	0.01182	0.08689	0.76847	0.00719	0.01179	0.00503	0.00248	0.00401
20	0.01027	0.01140	0.09405	0.24455	0.40990	0.02256	0.04763	0.01326	0.00999	0.01389	0.03145	0.01204	0.00776	0.00461	0.00513	0.00146	0.04728	0.00418	0.00225	0.00635
21	0.87108	0.00888	0.00675	0.00604	0.00888	0.01030	0.00497	0.01350	0.00781	0.02060	0.00639	0.00746	0.00497	0.00426	0.00284	0.00142	0.00355	0.00249	0.00284	0.00497
22	0.01513	0.01149	0.01324	0.15155	0.05349	0.06970	0.00933	0.36434	0.06385	0.12624	0.01130	0.01220	0.00821	0.01517	0.00539	0.00148	0.05294	0.00419	0.00387	0.00689
23	0.04363	0.01131	0.01248	0.00958	0.01322	0.01192	0.00788	0.53689	0.03967	0.15234	0.01190	0.01164	0.00834	0.00528	0.00441	0.00131	0.00460	0.00403	0.00450	0.10507
24	0.04680	0.01007	0.01823	0.12531	0.37732	0.01016	0.21801	0.01305	0.01009	0.01437	0.01054	0.10502	0.00956	0.00527	0.00486	0.00149	0.00575	0.00539	0.00251	0.00621
25	0.00614	0.00415	0.00527	0.00595	0.00648	0.00390	0.00410	0.00734	0.00954	0.01345	0.13282	0.58390	0.05136	0.01231	0.00540	0.00168	0.00251	0.01103	0.12877	0.00390
26	0.00794	0.00485	0.00650	0.00689	0.00788	0.00451	0.00519	0.00933	0.01034	0.11191	0.13800	0.43662	0.05138	0.01216	0.00573	0.00179	0.00305	0.16695	0.00454	0.00443
27	0.00625	0.00466	0.00590	0.00673	0.00726	0.00460	0.00460	0.00843	0.09867	0.01257	0.02455	0.74288	0.02851	0.01346	0.00573	0.00183	0.00277	0.01216	0.00431	0.00413
28	0.00806	0.00766	0.01394	0.20541	0.06378	0.00780	0.21934	0.01035	0.00958	0.01274	0.01655	0.34958	0.03836	0.00856	0.00535	0.00166	0.00500	0.00826	0.00310	0.00493
29	0.00952	0.00816	0.00952	0.00680	0.01088	0.00612	0.00544	0.01156	0.00952	0.01496	0.00816	0.00952	0.00680	0.00340	0.00340	0.00068	0.00340	0.00272	0.00272	0.86672
30	0.01037	0.00948	0.03053	0.46390	0.20035	0.01035	0.06929	0.04537	0.02997	0.04787	0.00935	0.01236	0.00708	0.00457	0.00460	0.00147	0.00579	0.00423	0.02714	0.00595
31	0.01438	0.01296	0.01215	0.04502	0.01396	0.15653	0.00828	0.28576	0.36105	0.02079	0.01356	0.01326	0.01012	0.00565	0.00455	0.00143	0.00505	0.00438	0.00412	0.00701
32	0.01223	0.00984	0.01075	0.04511	0.01292	0.01125	0.00756	0.07041	0.67162	0.06797	0.01773	0.01645	0.01313	0.00608	0.00466	0.00154	0.00384	0.00504	0.00461	0.00724
33	0.01145	0.09956	0.39756	0.01312	0.02891	0.08761	0.14755	0.04818	0.01087	0.05709	0.02083	0.01105	0.01854	0.00464	0.00467	0.00141	0.02418	0.00389	0.00244	0.00645
34	0.00983	0.01940	0.51381	0.01548	0.02145	0.01102	0.31366	0.01460	0.01013	0.01460	0.00864	0.01072	0.00626	0.00417	0.00477	0.00149	0.00715	0.00417	0.00209	0.00656
35	0.00710	0.00482	0.00632	0.00589	0.00707	0.00443	0.00444	0.00922	0.01292	0.05302	0.75825	0.04868	0.04168	0.00932	0.00539	0.00145	0.00225	0.00823	0.00507	0.00447
36	0.01684	0.01171	0.01340	0.10289	0.01590	0.01287	0.00894	0.61232	0.01916	0.12207	0.01156	0.01172	0.00805	0.00543	0.00460	0.00140	0.00503	0.00419	0.00444	0.00750
37	0.01270	0.01291	0.16900	0.06921	0.13820	0.01018	0.27679	0.01606	0.01088	0.19882	0.01087	0.01240	0.00773	0.00458	0.00511	0.00148	0.02883	0.00453	0.00299	0.00674
38	0.00561	0.00462	0.00493	0.00494	0.00634	0.00394	0.00367	0.00691	0.01078	0.01334	0.16911	0.09026	0.63681	0.01143	0.00545	0.00155	0.00232	0.00967	0.00439	0.00394
39	0.00574	0.00413	0.00546	0.00633	0.00675	0.00384	0.00433	0.00674	0.00936	0.01255	0.11455	0.70100	0.05362	0.01369	0.00581	0.00181	0.00264	0.03347	0.00435	0.00382
40	0.01188	0.01059	0.02462	0.26363	0.30854	0.04455	0.05237	0.08591	0.03354	0.07277	0.00963	0.01212	0.00743	0.01306	0.00509	0.00148	0.02941	0.00420	0.00273	0.00645
41	0.00713	0.00582	0.00846	0.00819	0.00878	0.00715	0.00642	0.00855	0.00747	0.01085	0.01254	0.10915	0.01255	0.02697	0.56978	0.00570	0.17202	0.00566	0.00258	0.00424
42	0.00896	0.00466	0.00471	0.00456	0.00575	0.00473	0.00346	0.04588	0.01016	0.01765	0.01480	0.01684	0.01159	0.00536	0.00327	0.00108	0.00227	0.00427	0.82557	0.00444
43	0.01668	0.08963	0.01366	0.01078	0.01348	0.51192	0.00846	0.11771	0.01350	0.10436	0.00892	0.00972	0.00694	0.00583	0.02861	0.00142	0.02615	0.00334	0.00299	0.00593
44	0.01608	0.01401	0.15750	0.01064	0.01481	0.01247	0.00988	0.51496	0.05708	0.12839	0.01183	0.01169	0.00822	0.00536	0.00456	0.00141	0.00514	0.00412	0.00426	0.00760
45	0.03401	0.00781	0.01284	0.71028	0.02829	0.00970	0.01172	0.01138	0.00894	0.01187	0.00858	0.01276	0.00669	0.00796	0.09702	0.00219	0.00674	0.00413	0.00211	0.00498
46	0.05944	0.02175	0.01146	0.48034	0.03438	0.03209	0.00972	0.04824	0.00981	0.01413	0.00975	0.02343	0.00768	0.00540	0.01610	0.00150	0.02804	0.00410	0.17756	0.00507
47	0.00624	0.00470	0.00586	0.00661	0.00723	0.00461	0.00455	0.00845	0.09878	0.01261	0.02594	0.69125	0.07925	0.01328	0.00570	0.00181	0.00275	0.01194	0.00431	0.00414
48	0.01916	0.00786	0.01051	0.00799	0.01161	0.00667	0.00658	0.02097	0.01267	0.70955	0.01682	0.01483	0.01077	0.00539	0.00446	0.00132	0.00384	0.00437	0.00530	0.11934
49	0.00643	0.00484	0.00624	0.04152	0.00784	0.00452	0.00457	0.00848	0.01244	0.01719	0.65557	0.03485	0.15936	0.00952	0.00538	0.00146	0.00236	0.00833	0.00480	0.00430

[dist]
# distance from previous block
# <min> <max>
0	9

[block]
# block no. 3 follows, 56 sequences, length 17
# corresponding to MSA columns:
# 315-331
name=unknown_D
#
# <colnr> <probs for GDERKNQSTAVLIFYWHMCP>
#	G	D	E	R	K	N	Q	S	T	A	V	L	I	F	Y	W	H	M	C	P
0	0.00643	0.00464	0.00608	0.00582	0.00684	0.00429	0.00433	0.00850	0.01269	0.01793	0.75110	0.09217	0.04238	0.00975	0.00545	0.00147	0.00220	0.00865	0.00500	0.00429
1	0.00924	0.00786	0.00922	0.00677	0.01058	0.00595	0.00535	0.01119	0.00947	0.01473	0.00940	0.06918	0.00850	0.00419	0.00358	0.00077	0.00335	0.00347	0.00283	0.80440
2	0.01084	0.01238	0.02709	0.01935	0.02399	0.01161	0.79334	0.01471	0.01084	0.01471	0.00929	0.01238	0.00697	0.00387	0.00542	0.00155	0.00774	0.00542	0.00232	0.00619
3	0.83548	0.00883	0.00691	0.00613	0.00900	0.01015	0.00505	0.01387	0.00804	0.05378	0.00688	0.00780	0.00524	0.00432	0.00292	0.00142	0.00357	0.00258	0.00296	0.00509
4	0.87108	0.00888	0.00675	0.00604	0.00888	0.01030	0.00497	0.01350	0.00781	0.02060	0.00639	0.00746	0.00497	0.00426	0.00284	0.00142	0.00355	0.00249	0.00284	0.00497
5	0.01715	0.02188	0.01301	0.01183	0.01419	0.82022	0.00887	0.01833	0.01301	0.01124	0.00710	0.00828	0.00591	0.00473	0.00414	0.00118	0.00828	0.00296	0.00237	0.00532
6	0.01176	0.01003	0.01057	0.00941	0.01207	0.01158	0.00735	0.06773	0.75783	0.01975	0.01825	0.01679	0.01367	0.00619	0.00467	0.00155	0.00371	0.00513	0.00467	0.00730
7	0.87108	0.00888	0.00675	0.00604	0.00888	0.01030	0.00497	0.01350	0.00781	0.02060	0.00639	0.00746	0.00497	0.00426	0.00284	0.00142	0.00355	0.00249	0.00284	0.00497
8	0.00559	0.00400	0.00533	0.00639	0.00666	0.00373	0.00426	0.00639	0.00879	0.01172	0.02530	0.83566	0.03036	0.01438	0.00586	0.00186	0.00266	0.01305	0.00426	0.00373
9	0.00650	0.00469	0.00614	0.00578	0.00686	0.00433	0.00433	0.00866	0.01300	0.01841	0.80760	0.03429	0.04332	0.00939	0.00541	0.00144	0.00217	0.00830	0.00505	0.00433
10	0.87108	0.00888	0.00675	0.00604	0.00888	0.01030	0.00497	0.01350	0.00781	0.02060	0.00639	0.00746	0.00497	0.00426	0.00284	0.00142	0.00355	0.00249	0.00284	0.00497
11	0.87108	0.00888	0.00675	0.00604	0.00888	0.01030	0.00497	0.01350	0.00781	0.02060	0.00639	0.00746	0.00497	0.00426	0.00284	0.00142	0.00355	0.00249	0.00284	0.00497
12	0.04700	0.01232	0.01329	0.01022	0.01385	0.01350	0.00844	0.70594	0.02044	0.09156	0.01143	0.01127	0.00800	0.00548	0.00453	0.00138	0.00491	0.00412	0.00462	0.00771
13	0.00686	0.00511	0.00643	0.00603	0.00724	0.00489	0.00454	0.00986	0.07619	0.01828	0.71978	0.03324	0.06562	0.00920	0.00536	0.00146	0.00229	0.00810	0.00500	0.00455
14	0.00952	0.00816	0.00952	0.00680	0.01088	0.00612	0.00544	0.01156	0.00952	0.01496	0.00816	0.00952	0.00680	0.00340	0.00340	0.00068	0.00340	0.00272	0.00272	0.86672
15	0.00812	0.00535	0.00684	0.00631	0.00770	0.00509	0.00478	0.01104	0.07604	0.09024	0.62863	0.07631	0.03734	0.00908	0.00531	0.00147	0.00247	0.00799	0.00504	0.00485
16	0.00723	0.00669	0.07138	0.00684	0.00753	0.00623	0.00523	0.00805	0.00708	0.00989	0.01266	0.02413	0.01374	0.54110	0.15920	0.00445	0.09659	0.00582	0.00257	0.00358

[dist]
# distance from previous block
# <min> <max>
0	1

[block]
# block no. 4 follows, 56 sequences, length 87
# corresponding to MSA columns:
# 333-419
name=unknown_E
#
# <colnr> <probs for GDERKNQSTAVLIFYWHMCP>
#	G	D	E	R	K	N	Q	S	T	A	V	L	I	F	Y	W	H	M	C	P
0	0.01214	0.77349	0.02320	0.05923	0.01307	0.03312	0.00818	0.01371	0.00939	0.01087	0.00651	0.00769	0.00591	0.00398	0.00307	0.00102	0.00505	0.00257	0.00198	0.00583
1	0.00921	0.02375	0.81487	0.01309	0.01987	0.01066	0.01696	0.01454	0.00969	0.01454	0.00824	0.00969	0.00582	0.00436	0.00436	0.00145	0.00678	0.00339	0.00194	0.00678
2	0.00643	0.00469	0.00605	0.00571	0.00682	0.00430	0.00428	0.00854	0.01284	0.01805	0.76212	0.03488	0.08902	0.00952	0.00542	0.00145	0.00218	0.00839	0.00501	0.00430
3	0.00574	0.00466	0.00509	0.00498	0.00640	0.00401	0.00374	0.00720	0.01121	0.01418	0.27119	0.04126	0.58236	0.01097	0.00542	0.00152	0.00228	0.00928	0.00450	0.00401
4	0.00592	0.00453	0.00543	0.00551	0.00658	0.00404	0.00402	0.00744	0.01119	0.01484	0.36912	0.21003	0.31221	0.01126	0.00551	0.00157	0.00233	0.00982	0.00460	0.00404
5	0.06802	0.01658	0.01238	0.01053	0.01334	0.41475	0.00823	0.31210	0.01574	0.01888	0.00904	0.00982	0.00694	0.00504	0.00418	0.00126	0.00639	0.00346	0.05716	0.00618
6	0.00737	0.00570	0.00694	0.00728	0.00842	0.00585	0.00554	0.01134	0.18540	0.01470	0.12482	0.33206	0.08159	0.01139	0.00561	0.00177	0.00312	0.17194	0.00445	0.00470
7	0.37045	0.01049	0.06030	0.06841	0.01307	0.01055	0.00755	0.21058	0.01254	0.16674	0.02276	0.01077	0.00760	0.00495	0.00387	0.00142	0.00436	0.00356	0.00372	0.00631
8	0.09825	0.00876	0.01073	0.11935	0.01384	0.00960	0.00771	0.23245	0.01309	0.17772	0.01411	0.16489	0.01240	0.00760	0.01565	0.00163	0.06366	0.01844	0.00401	0.00610
9	0.00740	0.00528	0.00740	0.00845	0.00951	0.00528	0.00740	0.00951	0.01057	0.01374	0.02431	0.05179	0.02642	0.01268	0.00634	0.00211	0.00423	0.77912	0.00423	0.00423
10	0.01584	0.16501	0.01482	0.01096	0.01360	0.60294	0.00861	0.03122	0.06151	0.01196	0.00774	0.00874	0.00645	0.00474	0.00413	0.00119	0.01945	0.00304	0.00247	0.00558
11	0.06673	0.02586	0.01573	0.07655	0.37167	0.18810	0.04474	0.02966	0.06027	0.05059	0.00917	0.01101	0.00731	0.00456	0.00455	0.00137	0.01914	0.00386	0.00265	0.00648
12	0.00567	0.00462	0.00500	0.00500	0.00635	0.00397	0.00370	0.00700	0.01083	0.01354	0.20110	0.09121	0.59110	0.02336	0.00571	0.00159	0.00234	0.00957	0.00440	0.00394
13	0.00561	0.00443	0.00506	0.00538	0.00644	0.00388	0.00385	0.00678	0.01021	0.01291	0.13286	0.31138	0.45038	0.01229	0.00557	0.00164	0.00242	0.01066	0.00436	0.00388
14	0.08407	0.02321	0.04511	0.01012	0.01363	0.03979	0.00858	0.54500	0.04044	0.09709	0.01103	0.01111	0.00785	0.00545	0.00480	0.00141	0.03575	0.00398	0.00425	0.00732
15	0.00655	0.00443	0.00516	0.00522	0.00536	0.00437	0.00309	0.00686	0.00756	0.01019	0.10082	0.10650	0.02085	0.67168	0.01978	0.00388	0.00404	0.00745	0.00317	0.00304
16	0.01227	0.84142	0.02406	0.00786	0.01178	0.01817	0.00786	0.01375	0.00933	0.01080	0.00638	0.00736	0.00589	0.00393	0.00295	0.00098	0.00491	0.00245	0.00196	0.00589
17	0.01119	0.01650	0.31738	0.01799	0.32364	0.09288	0.01352	0.01464	0.01040	0.03559	0.00853	0.01033	0.00664	0.00423	0.00431	0.00131	0.00598	0.00358	0.00229	0.09908
18	0.07311	0.05742	0.00736	0.00595	0.00739	0.00569	0.00463	0.00955	0.01233	0.03162	0.66916	0.03042	0.05114	0.00863	0.00505	0.00141	0.00248	0.00745	0.00469	0.00453
19	0.01774	0.01388	0.01331	0.01052	0.01396	0.15296	0.00854	0.57722	0.01919	0.11025	0.01111	0.01104	0.00786	0.00539	0.00452	0.00135	0.00549	0.00398	0.00432	0.00738
20	0.84278	0.02207	0.00714	0.00614	0.00902	0.01049	0.00508	0.02701	0.00808	0.02059	0.00647	0.00752	0.00504	0.00428	0.00287	0.00141	0.00360	0.00251	0.00286	0.00504
21	0.00776	0.00547	0.00598	0.00560	0.00734	0.00502	0.00428	0.01043	0.09477	0.08535	0.14980	0.03565	0.49229	0.00981	0.00513	0.00149	0.00257	0.00822	0.05835	0.00468
22	0.00657	0.00427	0.00570	0.00648	0.00698	0.00394	0.00442	0.00749	0.00925	0.06217	0.06007	0.74828	0.02976	0.01361	0.00576	0.00182	0.00272	0.01231	0.00439	0.00401
23	0.00772	0.00608	0.00714	0.00663	0.00817	0.00620	0.00504	0.01271	0.22527	0.01807	0.52485	0.03058	0.10596	0.00874	0.00522	0.00148	0.00258	0.00759	0.00488	0.00508
24	0.01088	0.00513	0.00565	0.00513	0.00670	0.00499	0.00398	0.03544	0.01058	0.15376	0.01540	0.01668	0.01158	0.00541	0.00349	0.00114	0.00253	0.00433	0.69223	0.00499
25	0.00949	0.02180	0.67999	0.01416	0.02058	0.01082	0.14989	0.01457	0.00989	0.01457	0.00842	0.01015	0.00601	0.00428	0.00454	0.00147	0.00695	0.00374	0.00200	0.00668
26	0.04647	0.00815	0.01072	0.00825	0.01179	0.00731	0.00681	0.06909	0.01349	0.74120	0.01732	0.01510	0.01095	0.00563	0.00456	0.00142	0.00397	0.00452	0.00553	0.00773
27	0.87108	0.00888	0.00675	0.00604	0.00888	0.01030	0.00497	0.01350	0.00781	0.02060	0.00639	0.00746	0.00497	0.00426	0.00284	0.00142	0.00355	0.00249	0.00284	0.00497
28	0.02312	0.00473	0.00507	0.00479	0.00613	0.00462	0.00366	0.01178	0.01016	0.09650	0.06475	0.01789	0.01359	0.00562	0.00348	0.00113	0.00234	0.00454	0.71145	0.00464
29	0.00582	0.00467	0.00519	0.00506	0.00644	0.00404	0.00380	0.00735	0.01139	0.01460	0.32497	0.04056	0.52832	0.01081	0.00542	0.00151	0.00227	0.00918	0.00455	0.00404
30	0.00559	0.00400	0.00533	0.00639	0.00666	0.00373	0.00426	0.00639	0.00879	0.01172	0.02530	0.83566	0.03036	0.01438	0.00586	0.00186	0.00266	0.01305	0.00426	0.00373
31	0.01028	0.02171	0.69946	0.01303	0.01941	0.01038	0.06185	0.01522	0.01006	0.08305	0.00915	0.01036	0.00636	0.00445	0.00445	0.00146	0.00659	0.00362	0.00228	0.00684
32	0.01607	0.10703	0.01403	0.01142	0.04166	0.52432	0.00864	0.06607	0.09322	0.06200	0.00916	0.00980	0.00723	0.00488	0.00414	0.00123	0.00688	0.00334	0.00289	0.00595
33	0.00563	0.00406	0.00534	0.00633	0.00669	0.00377	0.00428	0.00650	0.00898	0.01191	0.04109	0.76839	0.06915	0.01412	0.00584	0.00185	0.00266	0.02537	0.00428	0.00376
34	0.01111	0.20455	0.16097	0.00862	0.01209	0.05616	0.00844	0.11596	0.01199	0.06685	0.06187	0.02085	0.19028	0.00685	0.00446	0.00137	0.00463	0.04381	0.00337	0.00578
35	0.01558	0.01334	0.07879	0.01074	0.02795	0.10128	0.00903	0.34516	0.16523	0.12920	0.01250	0.01235	0.00900	0.00558	0.00501	0.00143	0.04228	0.00420	0.00413	0.00721
36	0.00927	0.00549	0.00694	0.00637	0.00709	0.00570	0.00438	0.00986	0.00789	0.14589	0.01419	0.02453	0.01431	0.52836	0.12793	0.00416	0.06460	0.00590	0.00318	0.00398
37	0.00763	0.00464	0.00616	0.00643	0.00731	0.00424	0.00457	0.00888	0.01036	0.11047	0.21272	0.53062	0.04410	0.01208	0.00560	0.00170	0.00269	0.01083	0.00462	0.00437
38	0.11224	0.36477	0.11005	0.11075	0.01479	0.04951	0.00897	0.01475	0.02510	0.10648	0.02170	0.02651	0.00769	0.00468	0.00368	0.00125	0.00504	0.00340	0.00267	0.00595
39	0.02943	0.06161	0.13074	0.01187	0.03624	0.39489	0.03907	0.10617	0.06420	0.06957	0.00929	0.01005	0.00707	0.00483	0.00426	0.00130	0.00674	0.00350	0.00292	0.00622
40	0.01007	0.01369	0.20410	0.25187	0.16579	0.03445	0.17999	0.01360	0.00987	0.01355	0.00835	0.01128	0.00643	0.00449	0.00529	0.00150	0.05327	0.00417	0.00213	0.00612
41	0.87108	0.00888	0.00675	0.00604	0.00888	0.01030	0.00497	0.01350	0.00781	0.02060	0.00639	0.00746	0.00497	0.00426	0.00284	0.00142	0.00355	0.00249	0.00284	0.00497
42	0.00695	0.00492	0.00601	0.00600	0.00617	0.00524	0.00396	0.00737	0.00717	0.00969	0.01483	0.03023	0.01668	0.63698	0.08159	0.00427	0.05642	0.08948	0.00286	0.00318
43	0.00760	0.00555	0.00630	0.00610	0.00772	0.00523	0.00475	0.01057	0.10929	0.06438	0.16784	0.05461	0.40419	0.01021	0.00533	0.00158	0.00277	0.09400	0.02732	0.00467
44	0.00791	0.00533	0.00738	0.00815	0.00928	0.00526	0.00701	0.00993	0.01069	0.04984	0.07268	0.04827	0.02644	0.04240	0.00683	0.00213	0.00409	0.66774	0.00429	0.00434
45	0.00952	0.00816	0.00952	0.00680	0.01088	0.00612	0.00544	0.01156	0.00952	0.01496	0.00816	0.00952	0.00680	0.00340	0.00340	0.00068	0.00340	0.00272	0.00272	0.86672
46	0.00559	0.00400	0.00533	0.00639	0.00666	0.00373	0.00426	0.00639	0.00879	0.01172	0.02530	0.83566	0.03036	0.01438	0.00586	0.00186	0.00266	0.01305	0.00426	0.00373
47	0.01227	0.84142	0.02406	0.00786	0.01178	0.01817	0.00786	0.01375	0.00933	0.01080	0.00638	0.00736	0.00589	0.00393	0.00295	0.00098	0.00491	0.00245	0.00196	0.00589
48	0.00559	0.00400	0.00533	0.00639	0.00666	0.00373	0.00426	0.00639	0.00879	0.01172	0.02530	0.83566	0.03036	0.01438	0.00586	0.00186	0.00266	0.01305	0.00426	0.00373
49	0.87108	0.00888	0.00675	0.00604	0.00888	0.01030	0.00497	0.01350	0.00781	0.02060	0.00639	0.00746	0.00497	0.00426	0.00284	0.00142	0.00355	0.00249	0.00284	0.00497
50	0.02051	0.00796	0.01074	0.00824	0.01179	0.00696	0.00681	0.04478	0.01339	0.79044	0.01791	0.01549	0.01126	0.00568	0.00462	0.00142	0.00394	0.00460	0.00565	0.00781
51	0.01174	0.01103	0.01833	0.02708	0.76049	0.01112	0.01376	0.06268	0.01115	0.01587	0.00878	0.01134	0.00731	0.00418	0.00455	0.00136	0.00543	0.00409	0.00242	0.00731
52	0.87108	0.00888	0.00675	0.00604	0.00888	0.01030	0.00497	0.01350	0.00781	0.02060	0.00639	0.00746	0.00497	0.00426	0.00284	0.00142	0.00355	0.00249	0.00284	0.00497
53	0.01668	0.01253	0.01408	0.04845	0.06481	0.01385	0.00924	0.71062	0.02033	0.02729	0.01074	0.01110	0.00770	0.00538	0.00459	0.00138	0.00513	0.00413	0.00433	0.00765
54	0.00856	0.00428	0.00428	0.00428	0.00535	0.00428	0.00321	0.01070	0.00963	0.01712	0.01498	0.01712	0.01177	0.00535	0.00321	0.00107	0.00214	0.00428	0.86414	0.00428
55	0.01127	0.01157	0.02314	0.01701	0.02055	0.01186	0.56843	0.01436	0.01012	0.06358	0.00910	0.01206	0.00703	0.00492	0.00754	0.00164	0.19226	0.00505	0.00246	0.00603
56	0.00555	0.00469	0.00482	0.00489	0.00641	0.00396	0.00373	0.00677	0.01047	0.01249	0.04512	0.04466	0.75924	0.01169	0.00548	0.00159	0.00244	0.05783	0.00426	0.00390
57	0.87108	0.00888	0.00675	0.00604	0.00888	0.01030	0.00497	0.01350	0.00781	0.02060	0.00639	0.00746	0.00497	0.00426	0.00284	0.00142	0.00355	0.00249	0.00284	0.00497
58	0.87108	0.00888	0.00675	0.00604	0.00888	0.01030	0.00497	0.01350	0.00781	0.02060	0.00639	0.00746	0.00497	0.00426	0.00284	0.00142	0.00355	0.00249	0.00284	0.00497
59	0.01661	0.02078	0.01246	0.01136	0.01364	0.76917	0.00852	0.01785	0.01280	0.01160	0.00759	0.00883	0.00628	0.00477	0.00408	0.00118	0.00789	0.00304	0.05629	0.00526
60	0.00633	0.00469	0.00590	0.00560	0.00675	0.00426	0.00420	0.00833	0.01259	0.01746	0.68660	0.03587	0.16491	0.00974	0.00542	0.00146	0.00219	0.00852	0.00493	0.00426
61	0.01773	0.01241	0.01350	0.01035	0.01401	0.01357	0.00855	0.72617	0.02084	0.09853	0.01165	0.01143	0.00812	0.00553	0.00459	0.00138	0.00495	0.00418	0.00469	0.00781
62	0.01142	0.00986	0.01038	0.00934	0.01194	0.01142	0.00727	0.02440	0.80172	0.01920	0.01869	0.01713	0.01401	0.00623	0.00467	0.00156	0.00363	0.00519	0.00467	0.00727
63	0.01715	0.02188	0.01301	0.01183	0.01419	0.82022	0.00887	0.01833	0.01301	0.01124	0.00710	0.00828	0.00591	0.00473	0.00414	0.00118	0.00828	0.00296	0.00237	0.00532
64	0.02060	0.00781	0.01065	0.00817	0.01172	0.00675	0.00675	0.02237	0.01314	0.81320	0.01811	0.01563	0.01136	0.00568	0.00462	0.00142	0.00391	0.00462	0.00568	0.00781
65	0.87108	0.00888	0.00675	0.00604	0.00888	0.01030	0.00497	0.01350	0.00781	0.02060	0.00639	0.00746	0.00497	0.00426	0.00284	0.00142	0.00355	0.00249	0.00284	0.00497
66	0.87108	0.00888	0.00675	0.00604	0.00888	0.01030	0.00497	0.01350	0.00781	0.02060	0.00639	0.00746	0.00497	0.00426	0.00284	0.00142	0.00355	0.00249	0.00284	0.00497
67	0.00558	0.00404	0.00528	0.00628	0.00663	0.00374	0.00421	0.00640	0.00889	0.01176	0.02662	0.78640	0.07878	0.01421	0.00583	0.00184	0.00264	0.01284	0.00426	0.00374
68	0.00874	0.00826	0.01379	0.78423	0.03058	0.01041	0.01261	0.01169	0.00907	0.01169	0.00805	0.01212	0.00611	0.00477	0.00515	0.00156	0.04997	0.00408	0.00204	0.00510
69	0.00584	0.00411	0.00530	0.00613	0.00635	0.00392	0.00399	0.00649	0.00833	0.01112	0.02281	0.65359	0.02717	0.18428	0.02581	0.00251	0.00322	0.01158	0.00392	0.00354
70	0.00591	0.00446	0.00545	0.00564	0.00661	0.00401	0.00406	0.00736	0.01096	0.01459	0.34354	0.28545	0.26208	0.01159	0.00556	0.00161	0.00237	0.01018	0.00458	0.00401
71	0.00867	0.00816	0.01377	0.82762	0.03162	0.01020	0.01275	0.01173	0.00918	0.01173	0.00816	0.01224	0.00612	0.00459	0.00459	0.00153	0.00612	0.00408	0.00204	0.00510
72	0.00693	0.00547	0.00810	0.00788	0.00861	0.00663	0.00620	0.00850	0.00734	0.01070	0.01162	0.01718	0.01089	0.03160	0.73408	0.00680	0.10003	0.00482	0.00241	0.00420
73	0.87108	0.00888	0.00675	0.00604	0.00888	0.01030	0.00497	0.01350	0.00781	0.02060	0.00639	0.00746	0.00497	0.00426	0.00284	0.00142	0.00355	0.00249	0.00284	0.00497
74	0.01696	0.01257	0.01351	0.01033	0.01403	0.01373	0.00852	0.74596	0.02083	0.02806	0.01084	0.01093	0.00774	0.00538	0.00452	0.00133	0.00495	0.00405	0.00448	0.06127
75	0.00559	0.00400	0.00533	0.00639	0.00666	0.00373	0.00426	0.00639	0.00879	0.01172	0.02530	0.83566	0.03036	0.01438	0.00586	0.00186	0.00266	0.01305	0.00426	0.00373
76	0.00994	0.00990	0.01404	0.07651	0.01360	0.01376	0.01026	0.01110	0.00720	0.01110	0.00620	0.01022	0.00603	0.00776	0.01424	0.00197	0.76512	0.00402	0.00201	0.00503
77	0.84641	0.00885	0.00686	0.00610	0.00896	0.01020	0.00502	0.01375	0.00797	0.04359	0.00673	0.00769	0.00516	0.00430	0.00289	0.00142	0.00356	0.00255	0.00292	0.00505
78	0.01626	0.01539	0.01290	0.01077	0.01381	0.28798	0.00851	0.39180	0.15917	0.02116	0.01107	0.01119	0.00828	0.00537	0.00445	0.00134	0.00589	0.00392	0.00385	0.00686
79	0.00633	0.00469	0.00591	0.00560	0.00676	0.00426	0.00420	0.00835	0.01261	0.01749	0.69161	0.03580	0.15988	0.00973	0.00542	0.00146	0.00219	0.00851	0.00493	0.00426
80	0.00559	0.00400	0.00533	0.00639	0.00666	0.00373	0.00426	0.00639	0.00879	0.01172	0.02530	0.83566	0.03036	0.01438	0.00586	0.00186	0.00266	0.01305	0.00426	0.00373
81	0.87108	0.00888	0.00675	0.00604	0.00888	0.01030	0.00497	0.01350	0.00781	0.02060	0.00639	0.00746	0.00497	0.00426	0.00284	0.00142	0.00355	0.00249	0.00284	0.00497
82	0.00568	0.00408	0.00539	0.00629	0.00667	0.00379	0.00425	0.00662	0.00925	0.01239	0.10235	0.73635	0.05222	0.01382	0.00580	0.00182	0.00261	0.01250	0.00434	0.00379
83	0.00921	0.02375	0.81487	0.01309	0.01987	0.01066	0.01696	0.01454	0.00969	0.01454	0.00824	0.00969	0.00582	0.00436	0.00436	0.00145	0.00678	0.00339	0.00194	0.00678
84	0.04353	0.00590	0.00769	0.00660	0.00858	0.00537	0.00517	0.01348	0.01285	0.28741	0.51058	0.02698	0.03108	0.00794	0.00505	0.00144	0.00281	0.00684	0.00518	0.00553
85	0.00688	0.00500	0.00639	0.00593	0.00712	0.00469	0.00448	0.03795	0.01326	0.01868	0.76212	0.03363	0.05782	0.00929	0.00538	0.00144	0.00228	0.00818	0.00502	0.00445
86	0.03863	0.00499	0.00637	0.00696	0.00767	0.00498	0.02046	0.00880	0.09588	0.01293	0.02355	0.69833	0.02715	0.01290	0.00561	0.00181	0.00291	0.01164	0.00421	0.00421

[dist]
# distance from previous block
# <min> <max>
0	9

[block]
# block no. 5 follows, 56 sequences, length 26
# corresponding to MSA columns:
# 429-454
name=unknown_F
#
# <colnr> <probs for GDERKNQSTAVLIFYWHMCP>
#	G	D	E	R	K	N	Q	S	T	A	V	L	I	F	Y	W	H	M	C	P
0	0.05817	0.00816	0.01063	0.00817	0.01171	0.00732	0.00675	0.06587	0.01329	0.71173	0.01692	0.01484	0.01075	0.00555	0.00450	0.00140	0.00394	0.00444	0.00541	0.03044
1	0.04561	0.34485	0.01718	0.01006	0.01299	0.45005	0.00837	0.01613	0.01119	0.01139	0.00676	0.00794	0.00587	0.00450	0.00395	0.00114	0.03151	0.00277	0.00221	0.00553
2	0.87108	0.00888	0.00675	0.00604	0.00888	0.01030	0.00497	0.01350	0.00781	0.02060	0.00639	0.00746	0.00497	0.00426	0.00284	0.00142	0.00355	0.00249	0.00284	0.00497
3	0.01151	0.07248	0.09938	0.08178	0.01498	0.09836	0.03705	0.02002	0.45161	0.01636	0.01405	0.01407	0.01066	0.00544	0.00443	0.00145	0.00488	0.00444	0.03047	0.00658
4	0.00636	0.00469	0.00595	0.00563	0.00677	0.00427	0.00422	0.00840	0.01267	0.01764	0.71018	0.03556	0.14121	0.00967	0.00542	0.00146	0.00219	0.00848	0.00495	0.00427
5	0.00575	0.00415	0.00545	0.00627	0.00672	0.00385	0.00430	0.00678	0.00949	0.01273	0.13636	0.67268	0.06581	0.01353	0.00579	0.00180	0.00261	0.02772	0.00437	0.00383
6	0.01260	0.78649	0.02332	0.00812	0.01194	0.07192	0.00792	0.01405	0.00958	0.01083	0.00643	0.00743	0.00589	0.00398	0.00303	0.00100	0.00514	0.00249	0.00199	0.00585
7	0.00718	0.00521	0.00707	0.00803	0.00898	0.00522	0.00669	0.00951	0.04758	0.01354	0.02427	0.22671	0.02672	0.01276	0.00615	0.00203	0.00385	0.56997	0.00426	0.00426
8	0.00567	0.00405	0.00541	0.00643	0.00675	0.00379	0.00435	0.00654	0.00896	0.01196	0.04666	0.79125	0.03061	0.01420	0.00586	0.00186	0.00269	0.03491	0.00428	0.00376
9	0.48301	0.00941	0.01003	0.11683	0.10376	0.01071	0.00760	0.07385	0.09821	0.03487	0.00883	0.01004	0.00674	0.00463	0.00364	0.00144	0.00423	0.00335	0.00306	0.00578
10	0.01165	0.00989	0.01046	0.00931	0.01192	0.01138	0.00727	0.07239	0.72798	0.01979	0.04285	0.01728	0.01454	0.00628	0.00469	0.00154	0.00368	0.00522	0.00468	0.00721
11	0.00559	0.00403	0.00529	0.00631	0.00664	0.00374	0.00422	0.00640	0.00887	0.01175	0.02635	0.79651	0.06884	0.01425	0.00584	0.00185	0.00265	0.01289	0.00426	0.00374
12	0.00852	0.00793	0.01326	0.77254	0.02996	0.00981	0.01219	0.01152	0.00944	0.01218	0.06174	0.01372	0.00861	0.00491	0.00465	0.00152	0.00585	0.00436	0.00224	0.00505
13	0.01136	0.01091	0.01863	0.02818	0.81002	0.01091	0.01409	0.01409	0.01045	0.01500	0.00864	0.01136	0.00727	0.00409	0.00455	0.00136	0.00545	0.00409	0.00227	0.00727
14	0.01227	0.84142	0.02406	0.00786	0.01178	0.01817	0.00786	0.01375	0.00933	0.01080	0.00638	0.00736	0.00589	0.00393	0.00295	0.00098	0.00491	0.00245	0.00196	0.00589
15	0.01716	0.02143	0.01305	0.01176	0.01419	0.78036	0.00886	0.05673	0.01343	0.01211	0.00729	0.00841	0.00601	0.00477	0.00416	0.00119	0.00812	0.00302	0.00248	0.00545
16	0.01142	0.00986	0.01038	0.00934	0.01194	0.01142	0.00727	0.02440	0.80172	0.01920	0.01869	0.01713	0.01401	0.00623	0.00467	0.00156	0.00363	0.00519	0.00467	0.00727
17	0.87108	0.00888	0.00675	0.00604	0.00888	0.01030	0.00497	0.01350	0.00781	0.02060	0.00639	0.00746	0.00497	0.00426	0.00284	0.00142	0.00355	0.00249	0.00284	0.00497
18	0.00656	0.00490	0.00727	0.00727	0.00806	0.00568	0.00561	0.00813	0.00735	0.01058	0.01239	0.01857	0.01171	0.07041	0.78481	0.00725	0.01195	0.00500	0.00247	0.00404
19	0.03870	0.81580	0.02352	0.00780	0.01169	0.01792	0.00777	0.01374	0.00928	0.01110	0.00638	0.00737	0.00586	0.00394	0.00294	0.00100	0.00487	0.00246	0.00199	0.00586
20	0.00576	0.00411	0.00550	0.00650	0.00686	0.00386	0.00448	0.00671	0.00911	0.01217	0.06223	0.74522	0.03071	0.01403	0.00587	0.00186	0.00274	0.06417	0.00430	0.00379
21	0.01136	0.01091	0.01863	0.02818	0.81002	0.01091	0.01409	0.01409	0.01045	0.01500	0.00864	0.01136	0.00727	0.00409	0.00455	0.00136	0.00545	0.00409	0.00227	0.00727
22	0.01040	0.01111	0.01998	0.01537	0.01748	0.01295	0.36592	0.01271	0.00876	0.01271	0.00751	0.01111	0.00645	0.00614	0.01068	0.00180	0.45656	0.00465	0.00215	0.00555
23	0.00559	0.00400	0.00533	0.00639	0.00666	0.00373	0.00426	0.00639	0.00879	0.01172	0.02530	0.83566	0.03036	0.01438	0.00586	0.00186	0.00266	0.01305	0.00426	0.00373
24	0.00668	0.00445	0.00501	0.00501	0.00501	0.00445	0.00278	0.00668	0.00668	0.00890	0.01447	0.03004	0.01669	0.83866	0.02337	0.00445	0.00445	0.00668	0.00278	0.00278
25	0.00551	0.00465	0.00477	0.00474	0.00626	0.00391	0.00356	0.00676	0.01067	0.01290	0.10907	0.04337	0.74529	0.01144	0.00543	0.00154	0.00231	0.00958	0.00433	0.00391

[dist]
# distance from previous block
# <min> <max>
0	1

[block]
# block no. 6 follows, 56 sequences, length 37
# corresponding to MSA columns:
# 456-492
name=unknown_G
#
# <colnr> <probs for GDERKNQSTAVLIFYWHMCP>
#	G	D	E	R	K	N	Q	S	T	A	V	L	I	F	Y	W	H	M	C	P
0	0.87108	0.00888	0.00675	0.00604	0.00888	0.01030	0.00497	0.01350	0.00781	0.02060	0.00639	0.00746	0.00497	0.00426	0.00284	0.00142	0.00355	0.00249	0.00284	0.00497
1	0.07857	0.01124	0.01245	0.00961	0.01319	0.01197	0.00793	0.53403	0.01837	0.23702	0.01258	0.01200	0.00855	0.00547	0.00448	0.00139	0.00464	0.00415	0.00476	0.00761
2	0.00921	0.02375	0.81487	0.01309	0.01987	0.01066	0.01696	0.01454	0.00969	0.01454	0.00824	0.00969	0.00582	0.00436	0.00436	0.00145	0.00678	0.00339	0.00194	0.00678
3	0.87108	0.00888	0.00675	0.00604	0.00888	0.01030	0.00497	0.01350	0.00781	0.02060	0.00639	0.00746	0.00497	0.00426	0.00284	0.00142	0.00355	0.00249	0.00284	0.00497
4	0.01466	0.01147	0.01221	0.01000	0.01317	0.01293	0.00805	0.43846	0.38238	0.02443	0.01457	0.01385	0.01068	0.00584	0.00463	0.00146	0.00440	0.00462	0.00463	0.00756
5	0.00559	0.00402	0.00531	0.00634	0.00664	0.00373	0.00424	0.00640	0.00884	0.01174	0.02596	0.81107	0.05452	0.01430	0.00585	0.00185	0.00265	0.01295	0.00426	0.00373
6	0.87108	0.00888	0.00675	0.00604	0.00888	0.01030	0.00497	0.01350	0.00781	0.02060	0.00639	0.00746	0.00497	0.00426	0.00284	0.00142	0.00355	0.00249	0.00284	0.00497
7	0.00585	0.00460	0.00529	0.00527	0.00650	0.00403	0.00389	0.00736	0.01126	0.01463	0.33576	0.12472	0.43233	0.01106	0.00547	0.00154	0.00230	0.00952	0.00457	0.00403
8	0.00664	0.00477	0.00591	0.00558	0.00684	0.00429	0.00420	0.00856	0.01240	0.03940	0.60411	0.03612	0.22452	0.00981	0.00539	0.00147	0.00225	0.00853	0.00488	0.00432
9	0.01156	0.00993	0.01046	0.00937	0.01199	0.01148	0.00730	0.04231	0.78358	0.01943	0.01851	0.01699	0.01387	0.00621	0.00467	0.00155	0.00367	0.00517	0.00467	0.00728
10	0.01307	0.01040	0.01756	0.02397	0.62047	0.01016	0.05169	0.01568	0.01098	0.16519	0.01045	0.01222	0.00803	0.00438	0.00460	0.00138	0.00528	0.00426	0.00292	0.00732
11	0.00707	0.00483	0.00619	0.00578	0.00703	0.00439	0.00436	0.00908	0.01266	0.05741	0.67186	0.04710	0.12582	0.00953	0.00538	0.00146	0.00228	0.00835	0.00499	0.00445
12	0.01880	0.01070	0.01244	0.00954	0.01316	0.01103	0.00788	0.46445	0.01797	0.36429	0.01405	0.01299	0.00933	0.00558	0.00460	0.00140	0.00456	0.00434	0.00506	0.00781
13	0.00571	0.00468	0.00506	0.00513	0.00654	0.00403	0.00390	0.00706	0.01074	0.01325	0.14294	0.07194	0.62525	0.01151	0.00551	0.00159	0.00245	0.06439	0.00436	0.00395
14	0.00729	0.00609	0.00955	0.00885	0.01000	0.00603	0.12617	0.05353	0.00980	0.01316	0.02156	0.60677	0.04035	0.01190	0.00614	0.00179	0.04186	0.01087	0.00388	0.00441
15	0.01136	0.00848	0.00910	0.00818	0.01050	0.00949	0.00636	0.02111	0.56814	0.07530	0.04635	0.01764	0.01446	0.00614	0.00442	0.00145	0.00332	0.00509	0.16649	0.00664
16	0.01104	0.00850	0.01077	0.00778	0.01182	0.00673	0.05086	0.03503	0.01034	0.10353	0.00940	0.01040	0.00734	0.00374	0.00368	0.00083	0.00375	0.00312	0.00308	0.69825
17	0.01128	0.00802	0.01050	0.11323	0.01381	0.00681	0.02743	0.01344	0.01013	0.15342	0.01041	0.02474	0.00805	0.00420	0.00385	0.00097	0.00390	0.00351	0.02992	0.54238
18	0.01183	0.01012	0.01699	0.16384	0.59513	0.01036	0.01312	0.01452	0.01051	0.09525	0.00951	0.01195	0.00749	0.00434	0.00456	0.00140	0.00541	0.00414	0.00258	0.00695
19	0.00807	0.00585	0.00726	0.00682	0.00856	0.00508	0.00499	0.04298	0.00981	0.05358	0.01913	0.49655	0.02125	0.01022	0.00501	0.00147	0.00308	0.02159	0.00388	0.26482
20	0.04499	0.00959	0.01101	0.04963	0.01281	0.00986	0.00725	0.31882	0.07095	0.14275	0.01330	0.07740	0.01079	0.03420	0.00510	0.00144	0.00427	0.01725	0.00416	0.15444
21	0.07873	0.01174	0.01276	0.00984	0.01344	0.01271	0.00813	0.61067	0.01920	0.15876	0.01187	0.01153	0.00820	0.00545	0.00447	0.00139	0.00475	0.00410	0.00465	0.00761
22	0.00779	0.00606	0.00745	0.00722	0.03069	0.00613	0.00530	0.02414	0.17490	0.01837	0.57311	0.03037	0.06060	0.00865	0.00524	0.00148	0.00264	0.01995	0.00485	0.00505
23	0.01571	0.07809	0.01545	0.01233	0.01498	0.59218	0.09553	0.05085	0.01253	0.01234	0.00740	0.00889	0.00612	0.00480	0.00485	0.00127	0.05542	0.00331	0.00241	0.00555
24	0.00625	0.00462	0.00587	0.00603	0.00691	0.00433	0.00434	0.00822	0.03964	0.01549	0.42895	0.32674	0.10283	0.01129	0.00555	0.00161	0.00241	0.01004	0.00468	0.00418
25	0.04204	0.00751	0.00996	0.00775	0.01105	0.00661	0.00637	0.02105	0.01267	0.71787	0.01751	0.01555	0.01123	0.00561	0.00444	0.00139	0.00373	0.00453	0.08572	0.00741
26	0.00643	0.00441	0.00534	0.00553	0.00573	0.00439	0.00343	0.00688	0.00761	0.01029	0.07297	0.19485	0.02099	0.54788	0.08042	0.00393	0.00453	0.00796	0.00322	0.00319
27	0.00590	0.00410	0.00518	0.00601	0.00638	0.00384	0.00400	0.00674	0.00875	0.01188	0.02477	0.65636	0.07236	0.09098	0.00729	0.00203	0.00277	0.01164	0.06532	0.00369
28	0.09425	0.00852	0.01069	0.00827	0.01178	0.00796	0.00683	0.11487	0.01370	0.64949	0.01624	0.01436	0.01038	0.00554	0.00446	0.00142	0.00401	0.00437	0.00530	0.00757
29	0.00808	0.00432	0.00462	0.00462	0.00565	0.00426	0.00344	0.01015	0.01008	0.01700	0.13357	0.06706	0.01754	0.00647	0.00369	0.00117	0.00217	0.00539	0.68647	0.00426
30	0.07356	0.01318	0.11271	0.03195	0.23039	0.11456	0.02718	0.07633	0.04701	0.05599	0.00926	0.01062	0.00718	0.00438	0.00417	0.00125	0.00533	0.00359	0.00283	0.16852
