[name]
unknown

[dist]
# distance from previous block
# <min> <max>
0	156

[block]
# block no. 0 follows, 56 sequences, length 24
# corresponding to MSA columns:
# 207-230
name=unknown_A
#
# <colnr> <probs for GDERKNQSTAVLIFYWHMCP>
#	G	D	E	R	K	N	Q	S	T	A	V	L	I	F	Y	W	H	M	C	P
0	0.01780	0.00628	0.00884	0.00961	0.10241	0.00603	0.03760	0.01737	0.05527	0.07010	0.14250	0.20840	0.13339	0.02188	0.00621	0.04454	0.00350	0.08125	0.00401	0.02302
1	0.41123	0.00879	0.00880	0.00734	0.01026	0.00938	0.01860	0.07854	0.10295	0.14310	0.02995	0.01235	0.00904	0.05294	0.00481	0.00155	0.00381	0.00372	0.00367	0.07918
2	0.08569	0.46480	0.05001	0.10502	0.01535	0.01432	0.08513	0.01461	0.00978	0.10495	0.00830	0.00948	0.00657	0.00425	0.00362	0.00121	0.00517	0.00322	0.00251	0.00601
3	0.01131	0.12614	0.01059	0.00754	0.00930	0.00850	0.00591	0.18472	0.01114	0.08109	0.01297	0.15743	0.02143	0.01068	0.00929	0.30475	0.00410	0.01510	0.00333	0.00469
4	0.06447	0.07647	0.00738	0.00591	0.00690	0.00640	0.00414	0.05328	0.00905	0.01260	0.09273	0.15720	0.07546	0.39344	0.01338	0.00287	0.00381	0.00729	0.00338	0.00386
5	0.46440	0.10643	0.01017	0.00722	0.01001	0.03698	0.02453	0.07843	0.01027	0.06467	0.10792	0.01194	0.01067	0.00545	0.00404	0.03070	0.00395	0.00361	0.00327	0.00534
6	0.39975	0.01054	0.04950	0.01703	0.01150	0.10338	0.06477	0.02958	0.01023	0.06356	0.10321	0.01633	0.01241	0.00587	0.00408	0.00148	0.00456	0.08367	0.00330	0.00526
7	0.21189	0.00646	0.00696	0.00635	0.00820	0.00638	0.00470	0.01182	0.03505	0.14739	0.01725	0.19734	0.06692	0.17117	0.00811	0.00206	0.00350	0.00656	0.00376	0.07813
8	0.00570	0.00407	0.00543	0.00640	0.00674	0.00381	0.00434	0.00662	0.00911	0.01221	0.07684	0.76406	0.03112	0.01401	0.00584	0.00184	0.00267	0.03109	0.00431	0.00378
9	0.00662	0.00467	0.00611	0.00611	0.00648	0.00505	0.00415	0.00738	0.00700	0.00971	0.01346	0.02448	0.01428	0.46627	0.39245	0.00581	0.00808	0.00586	0.00263	0.00339
10	0.01587	0.11079	0.12870	0.01022	0.01425	0.04034	0.00943	0.40933	0.05327	0.14570	0.01141	0.01131	0.00808	0.00520	0.00436	0.00135	0.00515	0.00392	0.00400	0.00733
11	0.01542	0.00703	0.00909	0.00764	0.01011	0.00652	0.00593	0.02880	0.08986	0.49063	0.01889	0.15938	0.01549	0.10475	0.00703	0.00187	0.00374	0.00637	0.00498	0.00646
12	0.49756	0.00914	0.00794	0.00707	0.00964	0.04837	0.00564	0.03398	0.15460	0.04920	0.12362	0.01349	0.01245	0.00546	0.00371	0.00144	0.00364	0.00395	0.00362	0.00549
13	0.01191	0.01426	0.03960	0.01792	0.02220	0.15285	0.64155	0.01534	0.01119	0.01410	0.00889	0.01162	0.00676	0.00403	0.00517	0.00148	0.00782	0.00495	0.00232	0.00605
14	0.01377	0.07768	0.04001	0.01473	0.01887	0.07891	0.40309	0.19354	0.01352	0.08536	0.01000	0.01156	0.00733	0.00449	0.00484	0.00142	0.00660	0.00458	0.00309	0.00662
15	0.01665	0.00682	0.00920	0.00760	0.01025	0.00599	0.00598	0.01811	0.01183	0.59810	0.01933	0.18241	0.01556	0.06234	0.00610	0.00171	0.00369	0.00646	0.00520	0.00666
16	0.01530	0.33267	0.01720	0.01032	0.01328	0.51607	0.00849	0.01659	0.01161	0.01107	0.00683	0.00793	0.00591	0.00443	0.00369	0.00111	0.00700	0.00277	0.00221	0.00554
17	0.01380	0.07452	0.30585	0.01020	0.01472	0.02663	0.01072	0.15430	0.01308	0.22899	0.09076	0.01375	0.01138	0.00539	0.00447	0.00139	0.00515	0.00426	0.00372	0.00690
18	0.01557	0.00658	0.00891	0.00750	0.01001	0.00577	0.00591	0.01714	0.01205	0.54047	0.09407	0.22001	0.01906	0.00818	0.00500	0.00153	0.00344	0.00705	0.00527	0.00648
19	0.00630	0.00463	0.00589	0.00570	0.00676	0.00423	0.00423	0.00823	0.01234	0.01714	0.65188	0.10370	0.13175	0.01007	0.00545	0.00149	0.00223	0.00887	0.00489	0.00423
20	0.14441	0.01079	0.01936	0.01440	0.01822	0.01064	0.46043	0.04686	0.07826	0.08951	0.01135	0.05504	0.00891	0.00491	0.00487	0.00153	0.00602	0.00522	0.00310	0.00618
21	0.16719	0.24654	0.01668	0.00982	0.01339	0.04275	0.13562	0.08878	0.01142	0.17735	0.02898	0.01107	0.00818	0.00514	0.01729	0.00140	0.00512	0.00374	0.00327	0.00626
22	0.01094	0.10992	0.06019	0.01774	0.02239	0.01234	0.66842	0.01459	0.01061	0.01424	0.00890	0.01168	0.00679	0.00390	0.00508	0.00148	0.00737	0.00499	0.00226	0.00618
23	0.00569	0.00411	0.00539	0.00623	0.00666	0.00381	0.00423	0.00667	0.00937	0.01254	0.11794	0.70259	0.07046	0.01366	0.00579	0.00180	0.00259	0.01233	0.00435	0.00381

[dist]
# distance from previous block
# <min> <max>
1	4

[block]
# block no. 1 follows, 56 sequences, length 43
# corresponding to MSA columns:
# 236-278
name=unknown_B
#
# <colnr> <probs for GDERKNQSTAVLIFYWHMCP>
#	G	D	E	R	K	N	Q	S	T	A	V	L	I	F	Y	W	H	M	C	P
0	0.17658	0.00924	0.01050	0.00844	0.01147	0.04588	0.00692	0.08401	0.02441	0.47487	0.02576	0.01324	0.00972	0.00562	0.00512	0.00146	0.07117	0.00412	0.00459	0.00688
1	0.00607	0.00446	0.00581	0.00632	0.00704	0.00403	0.00437	0.00722	0.00960	0.01317	0.16290	0.62624	0.03075	0.01260	0.00558	0.00169	0.00263	0.01137	0.00428	0.07387
2	0.10948	0.01153	0.01199	0.00970	0.01296	0.01297	0.00788	0.47968	0.25216	0.02512	0.01279	0.01245	0.00934	0.00559	0.00442	0.00144	0.00446	0.00427	0.00442	0.00733
3	0.00776	0.00617	0.00822	0.00685	0.00851	0.00546	0.06793	0.00887	0.00841	0.01197	0.06344	0.08269	0.01571	0.41175	0.01361	0.00272	0.00413	0.00599	0.00298	0.25685
4	0.01248	0.00854	0.00961	0.00842	0.01093	0.00914	0.00659	0.07828	0.42178	0.17486	0.05875	0.08783	0.07784	0.00732	0.00485	0.00154	0.00354	0.00616	0.00482	0.00671
5	0.01589	0.01208	0.01290	0.01025	0.01364	0.01351	0.00835	0.59534	0.22350	0.02642	0.01301	0.01260	0.00941	0.00570	0.00461	0.00142	0.00468	0.00441	0.00461	0.00767
6	0.03435	0.00446	0.00569	0.00616	0.00664	0.00443	0.00420	0.00722	0.00872	0.01222	0.12584	0.43542	0.02610	0.17743	0.11659	0.00303	0.00425	0.00975	0.00379	0.00371
7	0.01793	0.00716	0.00974	0.00781	0.01081	0.00624	0.00630	0.01961	0.01260	0.66838	0.06511	0.11739	0.01556	0.00697	0.00482	0.00148	0.00365	0.00587	0.00547	0.00711
8	0.00795	0.00536	0.00662	0.00618	0.00762	0.00505	0.00467	0.01077	0.08172	0.08837	0.48349	0.09770	0.15766	0.00953	0.00532	0.00150	0.00252	0.00830	0.00489	0.00478
9	0.00573	0.00466	0.00508	0.00497	0.00639	0.00401	0.00373	0.00718	0.01119	0.01412	0.26390	0.04136	0.58969	0.01099	0.00542	0.00152	0.00228	0.00929	0.00449	0.00401
10	0.07656	0.00473	0.00535	0.00554	0.00588	0.00482	0.00346	0.00724	0.00731	0.01061	0.01627	0.21865	0.01871	0.53349	0.05914	0.00374	0.00436	0.00776	0.00312	0.00325
11	0.66583	0.00872	0.00755	0.00656	0.00942	0.00977	0.00537	0.03695	0.04734	0.11396	0.04515	0.01021	0.00799	0.00479	0.00331	0.00143	0.00358	0.00318	0.00341	0.00547
12	0.02060	0.00781	0.01065	0.00817	0.01172	0.00675	0.00675	0.02237	0.01314	0.81320	0.01811	0.01563	0.01136	0.00568	0.00462	0.00142	0.00391	0.00462	0.00568	0.00781
13	0.87108	0.00888	0.00675	0.00604	0.00888	0.01030	0.00497	0.01350	0.00781	0.02060	0.00639	0.00746	0.00497	0.00426	0.00284	0.00142	0.00355	0.00249	0.00284	0.00497
14	0.00566	0.00404	0.00536	0.00634	0.00664	0.00377	0.00424	0.00651	0.00895	0.01199	0.06281	0.78160	0.03073	0.02992	0.00617	0.00189	0.00267	0.01270	0.00427	0.00374
15	0.00636	0.00461	0.00600	0.00581	0.00682	0.00425	0.00430	0.00835	0.01245	0.01748	0.69691	0.12555	0.06384	0.01002	0.00547	0.00149	0.00223	0.00888	0.00494	0.00425
16	0.01142	0.00986	0.01038	0.00934	0.01194	0.01142	0.00727	0.02440	0.80172	0.01920	0.01869	0.01713	0.01401	0.00623	0.00467	0.00156	0.00363	0.00519	0.00467	0.00727
17	0.01745	0.01286	0.01378	0.01056	0.01424	0.01424	0.00873	0.79471	0.02159	0.02893	0.01102	0.01102	0.00781	0.00551	0.00459	0.00138	0.00505	0.00413	0.00459	0.00781
18	0.00567	0.00405	0.00539	0.00634	0.00668	0.00378	0.00427	0.00658	0.00913	0.01226	0.08879	0.77063	0.03142	0.01398	0.00582	0.00183	0.00262	0.01267	0.00433	0.00378
19	0.01745	0.01286	0.01378	0.01056	0.01424	0.01424	0.00873	0.79471	0.02159	0.02893	0.01102	0.01102	0.00781	0.00551	0.00459	0.00138	0.00505	0.00413	0.00459	0.00781
20	0.00952	0.00816	0.00952	0.00680	0.01088	0.00612	0.00544	0.01156	0.00952	0.01496	0.00816	0.00952	0.00680	0.00340	0.00340	0.00068	0.00340	0.00272	0.00272	0.86672
21	0.00856	0.00428	0.00428	0.00428	0.00535	0.00428	0.00321	0.01070	0.00963	0.01712	0.01498	0.01712	0.01177	0.00535	0.00321	0.00107	0.00214	0.00428	0.86414	0.00428
22	0.01142	0.00986	0.01038	0.00934	0.01194	0.01142	0.00727	0.02440	0.80172	0.01920	0.01869	0.01713	0.01401	0.00623	0.00467	0.00156	0.00363	0.00519	0.00467	0.00727
23	0.00559	0.00400	0.00533	0.00639	0.00666	0.00373	0.00426	0.00639	0.00879	0.01172	0.02530	0.83566	0.03036	0.01438	0.00586	0.00186	0.00266	0.01305	0.00426	0.00373
24	0.01745	0.01286	0.01378	0.01056	0.01424	0.01424	0.00873	0.79471	0.02159	0.02893	0.01102	0.01102	0.00781	0.00551	0.00459	0.00138	0.00505	0.00413	0.00459	0.00781
25	0.00650	0.00469	0.00614	0.00578	0.00686	0.00433	0.00433	0.00866	0.01300	0.01841	0.80760	0.03429	0.04332	0.00939	0.00541	0.00144	0.00217	0.00830	0.00505	0.00433
26	0.00559	0.00400	0.00533	0.00639	0.00666	0.00373	0.00426	0.00639	0.00879	0.01172	0.02530	0.83566	0.03036	0.01438	0.00586	0.00186	0.00266	0.01305	0.00426	0.00373
27	0.00952	0.00816	0.00952	0.00680	0.01088	0.00612	0.00544	0.01156	0.00952	0.01496	0.00816	0.00952	0.00680	0.00340	0.00340	0.00068	0.00340	0.00272	0.00272	0.86672
28	0.00559	0.00400	0.00533	0.00639	0.00666	0.00373	0.00426	0.00639	0.00879	0.01172	0.02530	0.83566	0.03036	0.01438	0.00586	0.00186	0.00266	0.01305	0.00426	0.00373
29	0.01142	0.00986	0.01038	0.00934	0.01194	0.01142	0.00727	0.02440	0.80172	0.01920	0.01869	0.01713	0.01401	0.00623	0.00467	0.00156	0.00363	0.00519	0.00467	0.00727
30	0.00553	0.00423	0.00508	0.00576	0.00649	0.00378	0.00398	0.00646	0.00939	0.01197	0.03295	0.55039	0.31070	0.01339	0.00570	0.00175	0.00254	0.01184	0.00426	0.00378
31	0.87108	0.00888	0.00675	0.00604	0.00888	0.01030	0.00497	0.01350	0.00781	0.02060	0.00639	0.00746	0.00497	0.00426	0.00284	0.00142	0.00355	0.00249	0.00284	0.00497
32	0.00656	0.00492	0.00738	0.00738	0.00820	0.00574	0.00574	0.00820	0.00738	0.01066	0.01230	0.01804	0.01148	0.03443	0.82046	0.00738	0.01230	0.00492	0.00246	0.00410
33	0.00543	0.00465	0.00465	0.00465	0.00620	0.00388	0.00349	0.00659	0.01046	0.01240	0.04651	0.04418	0.80815	0.01163	0.00543	0.00155	0.00233	0.00969	0.00426	0.00388
34	0.87108	0.00888	0.00675	0.00604	0.00888	0.01030	0.00497	0.01350	0.00781	0.02060	0.00639	0.00746	0.00497	0.00426	0.00284	0.00142	0.00355	0.00249	0.00284	0.00497
35	0.32705	0.00832	0.00933	0.00746	0.01076	0.00822	0.00616	0.03870	0.01143	0.50770	0.01371	0.01257	0.00897	0.00517	0.00398	0.00142	0.00381	0.00384	0.00463	0.00679
36	0.00741	0.00523	0.00650	0.00626	0.00682	0.00562	0.00428	0.06417	0.00801	0.01098	0.01344	0.02434	0.01417	0.48859	0.30930	0.00528	0.00732	0.00586	0.00280	0.00362
37	0.67393	0.03647	0.00845	0.00680	0.00983	0.01072	0.00565	0.10491	0.00990	0.08647	0.00789	0.00854	0.00586	0.00451	0.00319	0.00140	0.00380	0.00285	0.00325	0.00556
38	0.13920	0.07902	0.01446	0.01080	0.04723	0.01301	0.06639	0.46483	0.01642	0.03550	0.00967	0.01030	0.00714	0.00489	0.00419	0.00132	0.00492	0.00377	0.00375	0.06319
39	0.64531	0.07917	0.01033	0.00756	0.01072	0.02378	0.06941	0.04215	0.00885	0.01920	0.00689	0.00809	0.00541	0.00422	0.00317	0.00135	0.00413	0.00280	0.00278	0.04468
40	0.08990	0.04497	0.01652	0.04859	0.55930	0.01092	0.01194	0.04026	0.03963	0.08060	0.00954	0.01142	0.00757	0.00437	0.00434	0.00137	0.00508	0.00396	0.00274	0.00700
41	0.14895	0.05644	0.04941	0.02148	0.01347	0.07340	0.00832	0.42931	0.04957	0.09051	0.01052	0.01068	0.00757	0.00515	0.00420	0.00137	0.00499	0.00375	0.00395	0.00697
42	0.17506	0.04458	0.05247	0.44389	0.09596	0.01056	0.05132	0.01315	0.00933	0.05065	0.00831	0.01108	0.00626	0.00446	0.00421	0.00146	0.00553	0.00377	0.00239	0.00557

[dist]
# distance from previous block
# <min> <max>
0	58

[block]
# block no. 2 follows, 56 sequences, length 34
# corresponding to MSA columns:
# 337-370
name=unknown_C
#
# <colnr> <probs for GDERKNQSTAVLIFYWHMCP>
#	G	D	E	R	K	N	Q	S	T	A	V	L	I	F	Y	W	H	M	C	P
0	0.08278	0.03873	0.01063	0.00822	0.01139	0.00926	0.00666	0.10339	0.22462	0.26378	0.06813	0.01503	0.01254	0.00558	0.00432	0.00134	0.00378	0.00447	0.00450	0.12084
1	0.01259	0.01550	0.28813	0.06561	0.03038	0.03845	0.16695	0.13740	0.01231	0.12031	0.01012	0.01133	0.00718	0.00458	0.00459	0.00140	0.00611	0.00407	0.00299	0.05999
2	0.02060	0.00498	0.00622	0.00652	0.02287	0.00476	0.00460	0.00886	0.06202	0.01549	0.37680	0.29953	0.12766	0.01092	0.00546	0.00160	0.00253	0.00967	0.00458	0.00433
3	0.03746	0.00548	0.00663	0.05884	0.00888	0.00523	0.00491	0.03744	0.01117	0.08116	0.22748	0.15795	0.29327	0.03631	0.00582	0.00164	0.00292	0.00854	0.00435	0.00452
4	0.39471	0.00850	0.00809	0.02903	0.02176	0.06046	0.00579	0.03730	0.01016	0.14702	0.09612	0.12296	0.01374	0.00666	0.00426	0.01562	0.00380	0.00503	0.00371	0.00530
5	0.01270	0.34790	0.01905	0.10916	0.01631	0.24021	0.11268	0.01464	0.01062	0.01174	0.00834	0.01174	0.00739	0.00479	0.00402	0.00125	0.00633	0.05326	0.00228	0.00557
6	0.10362	0.01110	0.01217	0.00947	0.01299	0.01190	0.00781	0.49541	0.05196	0.21809	0.01261	0.01205	0.00866	0.00546	0.00443	0.00140	0.00456	0.00413	0.00468	0.00750
7	0.04005	0.00500	0.00597	0.00586	0.00716	0.00456	0.00431	0.00907	0.01063	0.10124	0.21458	0.23136	0.26114	0.05818	0.00639	0.00176	0.00274	0.02119	0.00447	0.00436
8	0.02008	0.00864	0.01116	0.00856	0.01213	0.00797	0.00707	0.14852	0.01452	0.68510	0.01695	0.01487	0.01078	0.00565	0.00461	0.00141	0.00409	0.00454	0.00550	0.00781
9	0.00668	0.00445	0.00501	0.00501	0.00501	0.00445	0.00278	0.00668	0.00668	0.00890	0.01447	0.03004	0.01669	0.83866	0.02337	0.00445	0.00445	0.00668	0.00278	0.00278
10	0.01855	0.01110	0.01269	0.00973	0.01336	0.01163	0.00804	0.52541	0.01864	0.30239	0.01349	0.01263	0.00905	0.00557	0.00460	0.00139	0.00465	0.00430	0.00497	0.00781
11	0.00743	0.00489	0.00617	0.00662	0.00731	0.00477	0.00457	0.00922	0.07440	0.07085	0.02240	0.54425	0.02521	0.14878	0.00857	0.00224	0.00319	0.04079	0.00415	0.00419
12	0.87108	0.00888	0.00675	0.00604	0.00888	0.01030	0.00497	0.01350	0.00781	0.02060	0.00639	0.00746	0.00497	0.00426	0.00284	0.00142	0.00355	0.00249	0.00284	0.00497
13	0.00559	0.00400	0.00533	0.00639	0.00666	0.00373	0.00426	0.00639	0.00879	0.01172	0.02530	0.83566	0.03036	0.01438	0.00586	0.00186	0.00266	0.01305	0.00426	0.00373
14	0.02060	0.00781	0.01065	0.00817	0.01172	0.00675	0.00675	0.02237	0.01314	0.81320	0.01811	0.01563	0.01136	0.00568	0.00462	0.00142	0.00391	0.00462	0.00568	0.00781
15	0.01316	0.01018	0.01095	0.00944	0.01229	0.01149	0.00746	0.14917	0.60998	0.08644	0.01740	0.01601	0.01279	0.00607	0.00465	0.00152	0.00389	0.00497	0.00474	0.00740
16	0.01192	0.01011	0.01066	0.00944	0.01213	0.01165	0.00739	0.08810	0.73721	0.02001	0.01805	0.01662	0.01350	0.00617	0.00466	0.00154	0.00375	0.00510	0.00466	0.00731
17	0.00566	0.00402	0.00531	0.00631	0.00656	0.00377	0.00417	0.00641	0.00866	0.01155	0.02463	0.78584	0.02952	0.06536	0.00694	0.00202	0.00277	0.01266	0.00417	0.00367
18	0.02060	0.00781	0.01065	0.00817	0.01172	0.00675	0.00675	0.02237	0.01314	0.81320	0.01811	0.01563	0.01136	0.00568	0.00462	0.00142	0.00391	0.00462	0.00568	0.00781
19	0.06443	0.00525	0.00643	0.00635	0.00774	0.00483	0.00467	0.01027	0.01029	0.17173	0.10200	0.40228	0.16399	0.01104	0.00530	0.00165	0.00286	0.00965	0.00453	0.00470
20	0.00559	0.00400	0.00533	0.00639	0.00666	0.00373	0.00426	0.00639	0.00879	0.01172	0.02530	0.83566	0.03036	0.01438	0.00586	0.00186	0.00266	0.01305	0.00426	0.00373
21	0.87108	0.00888	0.00675	0.00604	0.00888	0.01030	0.00497	0.01350	0.00781	0.02060	0.00639	0.00746	0.00497	0.00426	0.00284	0.00142	0.00355	0.00249	0.00284	0.00497
22	0.00612	0.00476	0.00558	0.00546	0.00671	0.00428	0.00406	0.00805	0.03253	0.01543	0.41238	0.10413	0.35260	0.01063	0.00544	0.00152	0.00231	0.00918	0.00466	0.00417
23	0.23578	0.00713	0.00820	0.00684	0.00947	0.00691	0.00552	0.01579	0.01163	0.36410	0.23022	0.01961	0.04716	0.00653	0.00440	0.00143	0.00329	0.00525	0.00473	0.00599
24	0.01980	0.00909	0.01144	0.00877	0.01236	0.00864	0.00725	0.21754	0.01527	0.61502	0.01632	0.01446	0.01047	0.00564	0.00461	0.00141	0.00420	0.00449	0.00541	0.00781
25	0.08857	0.01168	0.01267	0.00979	0.01337	0.01265	0.00808	0.60046	0.01903	0.15990	0.01183	0.01150	0.00817	0.00544	0.00445	0.00139	0.00474	0.00408	0.00463	0.00757
26	0.00685	0.00487	0.00564	0.00583	0.00616	0.00495	0.00365	0.00838	0.08705	0.01072	0.01792	0.25392	0.02024	0.52473	0.01660	0.00344	0.00387	0.00831	0.00339	0.00350
27	0.01691	0.00693	0.00934	0.00757	0.01034	0.00607	0.00602	0.01850	0.01224	0.60892	0.08394	0.10679	0.01641	0.06064	0.00603	0.00167	0.00366	0.00597	0.00529	0.00676
28	0.87108	0.00888	0.00675	0.00604	0.00888	0.01030	0.00497	0.01350	0.00781	0.02060	0.00639	0.00746	0.00497	0.00426	0.00284	0.00142	0.00355	0.00249	0.00284	0.00497
29	0.04354	0.00975	0.01600	0.13003	0.55894	0.00998	0.01229	0.01384	0.01057	0.06653	0.07517	0.01350	0.01028	0.00470	0.00456	0.00140	0.00510	0.00441	0.00271	0.00669
30	0.02060	0.00781	0.01065	0.00817	0.01172	0.00675	0.00675	0.02237	0.01314	0.81320	0.01811	0.01563	0.01136	0.00568	0.00462	0.00142	0.00391	0.00462	0.00568	0.00781
31	0.00656	0.00492	0.00738	0.00738	0.00820	0.00574	0.00574	0.00820	0.00738	0.01066	0.01230	0.01804	0.01148	0.03443	0.82046	0.00738	0.01230	0.00492	0.00246	0.00410
32	0.87108	0.00888	0.00675	0.00604	0.00888	0.01030	0.00497	0.01350	0.00781	0.02060	0.00639	0.00746	0.00497	0.00426	0.00284	0.00142	0.00355	0.00249	0.00284	0.00497
33	0.01087	0.01223	0.02606	0.01873	0.02325	0.01160	0.74473	0.01531	0.05975	0.01498	0.00987	0.01268	0.00740	0.00402	0.00537	0.00155	0.00749	0.00540	0.00247	0.00626

[dist]
# distance from previous block
# <min> <max>
4	7

[block]
# block no. 3 follows, 56 sequences, length 15
# corresponding to MSA columns:
# 378-392
name=unknown_D
#
# <colnr> <probs for GDERKNQSTAVLIFYWHMCP>
#	G	D	E	R	K	N	Q	S	T	A	V	L	I	F	Y	W	H	M	C	P
0	0.00711	0.00441	0.00584	0.00650	0.00715	0.00404	0.00448	0.00802	0.00930	0.09318	0.02546	0.71913	0.06107	0.01338	0.00572	0.00181	0.00278	0.01205	0.00441	0.00415
1	0.00952	0.00816	0.00952	0.00680	0.01088	0.00612	0.00544	0.01156	0.00952	0.01496	0.00816	0.00952	0.00680	0.00340	0.00340	0.00068	0.00340	0.00272	0.00272	0.86672
2	0.00616	0.00471	0.00564	0.00571	0.00677	0.00433	0.00414	0.00808	0.04219	0.01483	0.34387	0.22822	0.26750	0.02948	0.00589	0.00165	0.00244	0.00970	0.00456	0.00413
3	0.04937	0.00737	0.00983	0.00779	0.01092	0.00650	0.00634	0.02000	0.01269	0.67223	0.08548	0.06236	0.01491	0.00643	0.00469	0.00145	0.00368	0.00532	0.00545	0.00719
4	0.01644	0.00689	0.00932	0.00746	0.01028	0.00603	0.00603	0.01833	0.01310	0.57856	0.25119	0.02114	0.02080	0.00678	0.00485	0.00143	0.00339	0.00570	0.00550	0.00679
5	0.06682	0.01220	0.01311	0.01010	0.01371	0.01337	0.00834	0.68365	0.02007	0.09560	0.01136	0.01121	0.00795	0.00545	0.00449	0.00138	0.00487	0.00408	0.00459	0.00764
6	0.35982	0.00661	0.00627	0.00584	0.00759	0.00707	0.00439	0.03012	0.00908	0.06039	0.07792	0.09684	0.05821	0.15600	0.00734	0.00198	0.00336	0.00546	0.09120	0.00450
7	0.00615	0.00448	0.00582	0.00628	0.00694	0.00425	0.00440	0.00792	0.04096	0.01446	0.31212	0.50998	0.03449	0.01223	0.00565	0.00170	0.00252	0.01101	0.00457	0.00409
8	0.06381	0.00787	0.01046	0.00806	0.01158	0.00693	0.00666	0.02192	0.01287	0.77293	0.01752	0.01521	0.01104	0.00561	0.00453	0.00142	0.00389	0.00451	0.00554	0.00767
9	0.00668	0.00488	0.00599	0.00597	0.00727	0.00442	0.00469	0.00848	0.01166	0.03699	0.37311	0.04056	0.30342	0.01069	0.00557	0.00161	0.00266	0.15645	0.00464	0.00425
10	0.00866	0.00513	0.00651	0.00607	0.00756	0.00457	0.00458	0.01033	0.01182	0.15872	0.38211	0.16350	0.19263	0.01000	0.00535	0.00153	0.00259	0.00870	0.00488	0.00476
11	0.00740	0.00528	0.00740	0.00845	0.00951	0.00528	0.00740	0.00951	0.01057	0.01374	0.02431	0.05179	0.02642	0.01268	0.00634	0.00211	0.00423	0.77912	0.00423	0.00423
12	0.77569	0.01052	0.09620	0.00682	0.01010	0.01034	0.00630	0.01361	0.00802	0.01993	0.00660	0.00771	0.00507	0.00427	0.00301	0.00142	0.00391	0.00259	0.00274	0.00517
13	0.00691	0.00498	0.00626	0.00685	0.00750	0.00489	0.00476	0.09365	0.01021	0.01362	0.02372	0.74438	0.02787	0.01340	0.00572	0.00181	0.00293	0.01206	0.00430	0.00418
14	0.11167	0.02044	0.01232	0.01119	0.01360	0.73058	0.00844	0.01780	0.01243	0.01227	0.00702	0.00819	0.00581	0.00468	0.00400	0.00121	0.00776	0.00290	0.00242	0.00528

[dist]
# distance from previous block
# <min> <max>
0	13

[block]
# block no. 4 follows, 56 sequences, length 12
# corresponding to MSA columns:
# 406-417
name=unknown_E
#
# <colnr> <probs for GDERKNQSTAVLIFYWHMCP>
#	G	D	E	R	K	N	Q	S	T	A	V	L	I	F	Y	W	H	M	C	P
0	0.00634	0.00475	0.00597	0.00677	0.00733	0.00471	0.00465	0.00869	0.11018	0.01268	0.02446	0.73100	0.02827	0.01334	0.00571	0.00183	0.00279	0.01205	0.00431	0.00418
1	0.00582	0.00416	0.00559	0.00666	0.00702	0.00393	0.00466	0.00679	0.00902	0.01198	0.02518	0.73543	0.02986	0.01417	0.00592	0.00190	0.00286	0.11100	0.00426	0.00379
2	0.14366	0.01998	0.58827	0.01279	0.01869	0.01073	0.11437	0.01440	0.00955	0.01550	0.00809	0.00969	0.00583	0.00428	0.00426	0.00146	0.00640	0.00351	0.00213	0.00643
3	0.00614	0.00468	0.00564	0.00540	0.00664	0.00418	0.00405	0.00797	0.01215	0.01640	0.55283	0.03760	0.29934	0.01014	0.00542	0.00148	0.00222	0.00877	0.00479	0.00418
4	0.00561	0.00448	0.00499	0.00523	0.00635	0.00390	0.00375	0.00675	0.01017	0.01272	0.11597	0.25023	0.50493	0.03620	0.00606	0.00171	0.00246	0.01034	0.00430	0.00385
5	0.01006	0.01979	0.58245	0.01226	0.01812	0.01039	0.05457	0.09462	0.01110	0.01623	0.04063	0.01094	0.00768	0.00457	0.00439	0.00138	0.00615	0.00371	0.00243	0.08853
6	0.00581	0.00421	0.00522	0.00586	0.00632	0.00391	0.00390	0.00660	0.00892	0.01173	0.07263	0.53457	0.14286	0.15470	0.00876	0.00224	0.00289	0.01119	0.00406	0.00362
7	0.01062	0.01139	0.02303	0.17907	0.04437	0.01137	0.55808	0.03420	0.05225	0.01472	0.00958	0.01254	0.00720	0.00418	0.00517	0.00154	0.00708	0.00508	0.00245	0.00610
8	0.00591	0.00415	0.00533	0.00615	0.00638	0.00395	0.00403	0.00657	0.00836	0.01114	0.02275	0.62040	0.02705	0.20568	0.00994	0.00247	0.00313	0.03917	0.00392	0.00353
9	0.00952	0.00816	0.00952	0.00680	0.01088	0.00612	0.00544	0.01156	0.00952	0.01496	0.00816	0.00952	0.00680	0.00340	0.00340	0.00068	0.00340	0.00272	0.00272	0.86672
10	0.01683	0.01255	0.01343	0.01044	0.01400	0.01395	0.00858	0.71514	0.10217	0.02793	0.01181	0.01165	0.00845	0.00559	0.00460	0.00140	0.00491	0.00424	0.00460	0.00775
11	0.00646	0.00436	0.00507	0.00528	0.00534	0.00431	0.00308	0.00662	0.00710	0.00946	0.01663	0.19077	0.01942	0.67421	0.01987	0.00393	0.00409	0.00795	0.00308	0.00297

[dist]
# distance from previous block
# <min> <max>
0	2

[block]
# block no. 5 follows, 56 sequences, length 7
# corresponding to MSA columns:
# 420-426
name=unknown_F
#
# <colnr> <probs for GDERKNQSTAVLIFYWHMCP>
#	G	D	E	R	K	N	Q	S	T	A	V	L	I	F	Y	W	H	M	C	P
0	0.01489	0.40484	0.01825	0.00985	0.01307	0.37057	0.00838	0.08751	0.01207	0.01266	0.00712	0.00810	0.00608	0.00443	0.00362	0.00111	0.00640	0.00283	0.00238	0.00582
1	0.00666	0.00445	0.00541	0.00543	0.00567	0.00443	0.00338	0.00701	0.00778	0.01058	0.13517	0.08362	0.02075	0.55057	0.06872	0.06260	0.00444	0.00706	0.00315	0.00311
2	0.01227	0.84142	0.02406	0.00786	0.01178	0.01817	0.00786	0.01375	0.00933	0.01080	0.00638	0.00736	0.00589	0.00393	0.00295	0.00098	0.00491	0.00245	0.00196	0.00589
3	0.01078	0.00747	0.00905	0.00692	0.01018	0.00613	0.00551	0.04607	0.01142	0.13519	0.20272	0.01647	0.01634	0.00527	0.00412	0.00100	0.00325	0.00441	0.00380	0.49389
4	0.00893	0.00842	0.01423	0.75162	0.10562	0.01027	0.01288	0.01195	0.00930	0.01204	0.00821	0.01216	0.00623	0.00454	0.00459	0.00151	0.00606	0.00408	0.00206	0.00531
5	0.01620	0.06704	0.05197	0.04912	0.11301	0.01040	0.06238	0.17752	0.04071	0.34469	0.01320	0.01300	0.00905	0.00512	0.00453	0.00139	0.00489	0.00430	0.00418	0.00732
6	0.01458	0.00639	0.00866	0.00746	0.00980	0.00566	0.00590	0.01620	0.01199	0.48079	0.12416	0.20690	0.02075	0.00855	0.00510	0.00156	0.00341	0.05072	0.00519	0.00622

[dist]
# distance from previous block
# <min> <max>
0	2

[block]
# block no. 6 follows, 56 sequences, length 81
# corresponding to MSA columns:
# 429-509
name=unknown_G
#
# <colnr> <probs for GDERKNQSTAVLIFYWHMCP>
#	G	D	E	R	K	N	Q	S	T	A	V	L	I	F	Y	W	H	M	C	P
0	0.09468	0.01697	0.01215	0.01064	0.02433	0.47768	0.00811	0.14330	0.03062	0.04192	0.00841	0.00925	0.00660	0.00474	0.00405	0.00120	0.00655	0.00320	0.00296	0.09265
1	0.00625	0.00432	0.00529	0.00563	0.00589	0.00417	0.00356	0.00687	0.00840	0.01137	0.13785	0.32670	0.02572	0.41094	0.01423	0.00305	0.00345	0.00926	0.00367	0.00336
2	0.00952	0.00816	0.00952	0.00680	0.01088	0.00612	0.00544	0.01156	0.00952	0.01496	0.00816	0.00952	0.00680	0.00340	0.00340	0.00068	0.00340	0.00272	0.00272	0.86672
3	0.01523	0.01114	0.01228	0.00934	0.01307	0.01144	0.00765	0.50137	0.05013	0.07317	0.01100	0.01115	0.00801	0.00498	0.00427	0.00120	0.00447	0.00382	0.00415	0.24213
4	0.08497	0.01061	0.01161	0.00916	0.01239	0.01131	0.00747	0.49789	0.01751	0.13075	0.06160	0.06500	0.01164	0.00615	0.00454	0.00139	0.00438	0.00483	0.00453	0.04227
5	0.00837	0.00506	0.00668	0.00617	0.00751	0.00461	0.00466	0.01034	0.01259	0.12825	0.61898	0.11245	0.03757	0.00937	0.00535	0.00148	0.00246	0.00827	0.00506	0.00476
6	0.01086	0.01227	0.02634	0.01890	0.02345	0.01160	0.75806	0.01514	0.04633	0.01491	0.00971	0.01260	0.00728	0.00398	0.00538	0.00155	0.00756	0.00541	0.00243	0.00624
7	0.02060	0.00781	0.01065	0.00817	0.01172	0.00675	0.00675	0.02237	0.01314	0.81320	0.01811	0.01563	0.01136	0.00568	0.00462	0.00142	0.00391	0.00462	0.00568	0.00781
8	0.00657	0.00489	0.00723	0.00723	0.00800	0.00566	0.00555	0.00810	0.00733	0.01055	0.01243	0.01880	0.01181	0.08542	0.76993	0.00719	0.01180	0.00503	0.00248	0.00402
9	0.00558	0.00404	0.00529	0.00628	0.00663	0.00374	0.00421	0.00640	0.00889	0.01176	0.02661	0.78676	0.07842	0.01421	0.00583	0.00185	0.00264	0.01284	0.00426	0.00374
10	0.02060	0.00781	0.01065	0.00817	0.01172	0.00675	0.00675	0.02237	0.01314	0.81320	0.01811	0.01563	0.01136	0.00568	0.00462	0.00142	0.00391	0.00462	0.00568	0.00781
11	0.87108	0.00888	0.00675	0.00604	0.00888	0.01030	0.00497	0.01350	0.00781	0.02060	0.00639	0.00746	0.00497	0.00426	0.00284	0.00142	0.00355	0.00249	0.00284	0.00497
12	0.00904	0.00490	0.00660	0.00686	0.00790	0.00446	0.00493	0.01011	0.00983	0.19288	0.02365	0.62461	0.02594	0.01236	0.00559	0.00177	0.00300	0.03632	0.00458	0.00467
13	0.01135	0.00931	0.01001	0.00897	0.01147	0.01059	0.00698	0.02289	0.69835	0.05164	0.08977	0.01861	0.01655	0.00649	0.00474	0.00154	0.00351	0.00545	0.00475	0.00702
14	0.00668	0.00445	0.00501	0.00501	0.00501	0.00445	0.00278	0.00668	0.00668	0.00890	0.01447	0.03004	0.01669	0.83866	0.02337	0.00445	0.00445	0.00668	0.00278	0.00278
15	0.02060	0.00781	0.01065	0.00817	0.01172	0.00675	0.00675	0.02237	0.01314	0.81320	0.01811	0.01563	0.01136	0.00568	0.00462	0.00142	0.00391	0.00462	0.00568	0.00781
16	0.00559	0.00400	0.00533	0.00639	0.00666	0.00373	0.00426	0.00639	0.00879	0.01172	0.02530	0.83566	0.03036	0.01438	0.00586	0.00186	0.00266	0.01305	0.00426	0.00373
17	0.02060	0.00781	0.01065	0.00817	0.01172	0.00675	0.00675	0.02237	0.01314	0.81320	0.01811	0.01563	0.01136	0.00568	0.00462	0.00142	0.00391	0.00462	0.00568	0.00781
18	0.02060	0.00781	0.01065	0.00817	0.01172	0.00675	0.00675	0.02237	0.01314	0.81320	0.01811	0.01563	0.01136	0.00568	0.00462	0.00142	0.00391	0.00462	0.00568	0.00781
19	0.01745	0.01286	0.01378	0.01056	0.01424	0.01424	0.00873	0.79471	0.02159	0.02893	0.01102	0.01102	0.00781	0.00551	0.00459	0.00138	0.00505	0.00413	0.00459	0.00781
20	0.00952	0.00816	0.00952	0.00680	0.01088	0.00612	0.00544	0.01156	0.00952	0.01496	0.00816	0.00952	0.00680	0.00340	0.00340	0.00068	0.00340	0.00272	0.00272	0.86672
21	0.00856	0.00428	0.00428	0.00428	0.00535	0.00428	0.00321	0.01070	0.00963	0.01712	0.01498	0.01712	0.01177	0.00535	0.00321	0.00107	0.00214	0.00428	0.86414	0.00428
22	0.01765	0.01255	0.01358	0.01042	0.01408	0.01377	0.00860	0.74699	0.02106	0.07739	0.01146	0.01131	0.00803	0.00552	0.00459	0.00138	0.00498	0.00416	0.00466	0.00781
23	0.01142	0.00986	0.01038	0.00934	0.01194	0.01142	0.00727	0.02440	0.80172	0.01920	0.01869	0.01713	0.01401	0.00623	0.00467	0.00156	0.00363	0.00519	0.00467	0.00727
24	0.00952	0.00816	0.00952	0.00680	0.01088	0.00612	0.00544	0.01156	0.00952	0.01496	0.00816	0.00952	0.00680	0.00340	0.00340	0.00068	0.00340	0.00272	0.00272	0.86672
25	0.00628	0.00468	0.00584	0.00555	0.00673	0.00424	0.00416	0.00824	0.01248	0.01719	0.65315	0.03630	0.19852	0.00984	0.00542	0.00147	0.00220	0.00858	0.00489	0.00424
26	0.00559	0.00400	0.00533	0.00639	0.00666	0.00373	0.00426	0.00639	0.00879	0.01172	0.02530	0.83566	0.03036	0.01438	0.00586	0.00186	0.00266	0.01305	0.00426	0.00373
27	0.02060	0.00781	0.01065	0.00817	0.01172	0.00675	0.00675	0.02237	0.01314	0.81320	0.01811	0.01563	0.01136	0.00568	0.00462	0.00142	0.00391	0.00462	0.00568	0.00781
28	0.01207	0.01019	0.01075	0.00947	0.01219	0.01172	0.00742	0.10745	0.71760	0.02025	0.01786	0.01647	0.01335	0.00615	0.00466	0.00154	0.00379	0.00508	0.00466	0.00732
29	0.00559	0.00400	0.00533	0.00639	0.00666	0.00373	0.00426	0.00639	0.00879	0.01172	0.02530	0.83566	0.03036	0.01438	0.00586	0.00186	0.00266	0.01305	0.00426	0.00373
30	0.00559	0.00400	0.00533	0.00639	0.00666	0.00373	0.00426	0.00639	0.00879	0.01172	0.02530	0.83566	0.03036	0.01438	0.00586	0.00186	0.00266	0.01305	0.00426	0.00373
31	0.56354	0.00864	0.00825	0.00688	0.00998	0.00923	0.00567	0.03860	0.00998	0.28489	0.01043	0.01028	0.00718	0.00477	0.00348	0.00142	0.00371	0.00324	0.00384	0.00600
32	0.00656	0.00492	0.00738	0.00738	0.00820	0.00574	0.00574	0.00820	0.00738	0.01066	0.01230	0.01804	0.01148	0.03443	0.82046	0.00738	0.01230	0.00492	0.00246	0.00410
33	0.00737	0.00489	0.00642	0.00592	0.00716	0.00448	0.00448	0.00951	0.01300	0.06752	0.75882	0.03314	0.04134	0.00916	0.00537	0.00144	0.00227	0.00807	0.00509	0.00455
34	0.01985	0.00901	0.01140	0.00874	0.01232	0.00853	0.00722	0.20616	0.01515	0.62657	0.01642	0.01453	0.01052	0.00564	0.00461	0.00141	0.00418	0.00450	0.00542	0.00781
35	0.01528	0.00982	0.01110	0.00922	0.01230	0.01056	0.00739	0.16837	0.42089	0.25705	0.01708	0.01554	0.01206	0.00593	0.00464	0.00148	0.00398	0.00482	0.00496	0.00753
36	0.01596	0.01212	0.01294	0.01026	0.01367	0.01354	0.00837	0.60422	0.21451	0.02653	0.01292	0.01253	0.00934	0.00569	0.00461	0.00142	0.00470	0.00439	0.00461	0.00767
37	0.13716	0.00967	0.01576	0.33512	0.31704	0.01061	0.08350	0.01314	0.00960	0.01453	0.00818	0.01122	0.00646	0.00429	0.00439	0.00145	0.00564	0.00397	0.00227	0.00599
38	0.01244	0.74578	0.02367	0.00879	0.01268	0.05992	0.05770	0.01405	0.00962	0.01107	0.00660	0.00773	0.00596	0.00397	0.00317	0.00103	0.00527	0.00267	0.00201	0.00588
39	0.01022	0.00814	0.00959	0.00689	0.01093	0.00616	0.00552	0.01225	0.00975	0.06556	0.00879	0.00991	0.00709	0.00354	0.00348	0.00073	0.00343	0.00284	0.00291	0.81227
40	0.06098	0.00483	0.00575	0.00568	0.00679	0.00453	0.00417	0.00818	0.01136	0.01614	0.47378	0.16712	0.17110	0.03210	0.00580	0.00161	0.00242	0.00892	0.00458	0.00415
41	0.00738	0.00691	0.05186	0.04329	0.00945	0.00604	0.00572	0.05813	0.08466	0.01522	0.16278	0.03511	0.42793	0.00972	0.00526	0.00155	0.00313	0.05687	0.00422	0.00475
42	0.87108	0.00888	0.00675	0.00604	0.00888	0.01030	0.00497	0.01350	0.00781	0.02060	0.00639	0.00746	0.00497	0.00426	0.00284	0.00142	0.00355	0.00249	0.00284	0.00497
43	0.78177	0.00898	0.00729	0.00636	0.00928	0.01024	0.00524	0.04645	0.00872	0.07119	0.00733	0.00812	0.00549	0.00440	0.00303	0.00142	0.00364	0.00269	0.00309	0.00527
44	0.01828	0.01115	0.01267	0.00976	0.01336	0.01175	0.00805	0.52405	0.04183	0.28047	0.01352	0.01268	0.00913	0.00559	0.00460	0.00140	0.00464	0.00432	0.00494	0.00779
45	0.00559	0.00400	0.00533	0.00639	0.00666	0.00373	0.00426	0.00639	0.00879	0.01172	0.02530	0.83566	0.03036	0.01438	0.00586	0.00186	0.00266	0.01305	0.00426	0.00373
46	0.00559	0.00400	0.00533	0.00639	0.00666	0.00373	0.00426	0.00639	0.00879	0.01172	0.02530	0.83566	0.03036	0.01438	0.00586	0.00186	0.00266	0.01305	0.00426	0.00373
47	0.00581	0.00411	0.00538	0.00631	0.00658	0.00389	0.00422	0.00657	0.00861	0.01146	0.02391	0.70009	0.02848	0.11701	0.00806	0.00220	0.00296	0.04664	0.00408	0.00363
48	0.01306	0.00945	0.01041	0.00909	0.01184	0.01050	0.00714	0.03648	0.63365	0.16073	0.03320	0.01708	0.01399	0.00618	0.00467	0.00153	0.00368	0.00513	0.00486	0.00732
49	0.00656	0.00492	0.00738	0.00738	0.00820	0.00574	0.00574	0.00820	0.00738	0.01066	0.01230	0.01804	0.01148	0.03443	0.82046	0.00738	0.01230	0.00492	0.00246	0.00410
50	0.01169	0.01000	0.01053	0.00940	0.01204	0.01155	0.00733	0.05897	0.76671	0.01964	0.01834	0.01685	0.01374	0.00620	0.00467	0.00155	0.00370	0.00514	0.00467	0.00729
51	0.01085	0.00870	0.00938	0.00853	0.01072	0.00977	0.00656	0.11352	0.49664	0.01894	0.03224	0.15541	0.01636	0.00751	0.00476	0.00155	0.00350	0.00638	0.07222	0.00645
52	0.87108	0.00888	0.00675	0.00604	0.00888	0.01030	0.00497	0.01350	0.00781	0.02060	0.00639	0.00746	0.00497	0.00426	0.00284	0.00142	0.00355	0.00249	0.00284	0.00497
53	0.00656	0.00492	0.00738	0.00738	0.00820	0.00574	0.00574	0.00820	0.00738	0.01066	0.01230	0.01804	0.01148	0.03443	0.82046	0.00738	0.01230	0.00492	0.00246	0.00410
54	0.00644	0.00469	0.00606	0.00572	0.00682	0.00431	0.00429	0.00855	0.01286	0.01809	0.76710	0.03482	0.08402	0.00950	0.00542	0.00145	0.00217	0.00838	0.00501	0.00431
55	0.04503	0.00860	0.01086	0.00846	0.01191	0.00812	0.00695	0.12204	0.06982	0.62073	0.02769	0.01515	0.01134	0.00571	0.00457	0.00142	0.00400	0.00458	0.00538	0.00764
56	0.00952	0.00816	0.00952	0.00680	0.01088	0.00612	0.00544	0.01156	0.00952	0.01496	0.00816	0.00952	0.00680	0.00340	0.00340	0.00068	0.00340	0.00272	0.00272	0.86672
57	0.00559	0.00400	0.00533	0.00639	0.00666	0.00373	0.00426	0.00639	0.00879	0.01172	0.02530	0.83566	0.03036	0.01438	0.00586	0.00186	0.00266	0.01305	0.00426	0.00373
58	0.00558	0.00406	0.00526	0.00621	0.00661	0.00374	0.00418	0.00641	0.00896	0.01179	0.02752	0.75305	0.11155	0.01410	0.00581	0.00183	0.00263	0.01270	0.00426	0.00374
59	0.00861	0.00489	0.00633	0.00638	0.00742	0.00445	0.00452	0.00968	0.00995	0.16309	0.10437	0.45101	0.08801	0.09994	0.00741	0.00199	0.00301	0.01003	0.00445	0.00447
60	0.02060	0.00781	0.01065	0.00817	0.01172	0.00675	0.00675	0.02237	0.01314	0.81320	0.01811	0.01563	0.01136	0.00568	0.00462	0.00142	0.00391	0.00462	0.00568	0.00781
61	0.02060	0.00781	0.01065	0.00817	0.01172	0.00675	0.00675	0.02237	0.01314	0.81320	0.01811	0.01563	0.01136	0.00568	0.00462	0.00142	0.00391	0.00462	0.00568	0.00781
62	0.01575	0.01174	0.01267	0.01000	0.01328	0.01297	0.00815	0.63984	0.10076	0.02670	0.06278	0.04023	0.01144	0.00612	0.00469	0.00142	0.00464	0.00480	0.00462	0.00740
63	0.00864	0.00491	0.00587	0.00559	0.00614	0.00473	0.00349	0.00897	0.00781	0.12786	0.01594	0.09734	0.01708	0.64467	0.01909	0.00378	0.00422	0.00692	0.00334	0.00361
64	0.01743	0.00852	0.01056	0.00857	0.01180	0.00836	0.00693	0.02307	0.28552	0.53894	0.01831	0.01615	0.01228	0.00587	0.00464	0.00147	0.00381	0.00481	0.00533	0.00762
65	0.80488	0.06038	0.00793	0.00622	0.00914	0.01085	0.00521	0.02554	0.00812	0.02012	0.00646	0.00751	0.00507	0.00426	0.00287	0.00139	0.00366	0.00251	0.00281	0.00507
66	0.12609	0.00808	0.01012	0.00800	0.01133	0.00754	0.00660	0.05234	0.03301	0.62566	0.02815	0.01582	0.01141	0.00578	0.00446	0.00144	0.00389	0.02778	0.00520	0.00728
67	0.00663	0.00432	0.00573	0.00640	0.00699	0.00398	0.00441	0.00764	0.00953	0.06322	0.10416	0.68489	0.04818	0.01327	0.00573	0.00179	0.00268	0.01196	0.00443	0.00405
68	0.04619	0.01180	0.02358	0.01986	0.17267	0.01141	0.56247	0.01515	0.06078	0.01529	0.00964	0.01229	0.00739	0.00408	0.00510	0.00151	0.00687	0.00503	0.00248	0.00642
69	0.02921	0.01234	0.03990	0.08338	0.06747	0.03333	0.13653	0.45490	0.01682	0.02270	0.04992	0.01236	0.00911	0.00519	0.00472	0.00142	0.00557	0.00446	0.00371	0.00696
70	0.00632	0.00464	0.00580	0.00626	0.00701	0.00438	0.00439	0.04623	0.01037	0.01381	0.16045	0.55269	0.13506	0.01272	0.00566	0.00173	0.00265	0.01135	0.00441	0.00405
71	0.00649	0.00512	0.00608	0.00703	0.00754	0.04484	0.00505	0.00754	0.00932	0.01205	0.02422	0.65527	0.02844	0.01360	0.00586	0.00187	0.00322	0.14840	0.00416	0.00390
72	0.01720	0.01202	0.03569	0.01016	0.01377	0.01254	0.00859	0.61489	0.01940	0.14803	0.01269	0.01373	0.00923	0.00586	0.00468	0.00142	0.00488	0.04294	0.00467	0.00760
73	0.00700	0.00448	0.00546	0.00568	0.00609	0.00432	0.00368	0.00768	0.00844	0.04414	0.09459	0.28200	0.02328	0.40702	0.01401	0.00301	0.00353	0.02535	0.04669	0.00354
74	0.00857	0.00797	0.01333	0.78648	0.03029	0.00991	0.01225	0.01148	0.00905	0.01159	0.00848	0.01313	0.00665	0.04630	0.00553	0.00168	0.00604	0.00421	0.00208	0.00498
75	0.01035	0.01105	0.06761	0.17807	0.42044	0.01050	0.14960	0.01346	0.01024	0.01421	0.00969	0.01433	0.00820	0.00474	0.00482	0.00148	0.00598	0.05645	0.00235	0.00643
76	0.00703	0.00501	0.00681	0.00740	0.05613	0.00530	0.00477	0.00800	0.00767	0.01088	0.05636	0.03445	0.01523	0.35554	0.32350	0.03333	0.00722	0.00581	0.04582	0.00371
77	0.01690	0.01264	0.01388	0.01139	0.05394	0.01396	0.00893	0.72413	0.05297	0.02784	0.01122	0.01129	0.00803	0.00547	0.00459	0.00138	0.00501	0.00417	0.00448	0.00776
78	0.01922	0.00802	0.01052	0.00818	0.01150	0.00726	0.00667	0.07760	0.03403	0.68314	0.02940	0.01633	0.01193	0.04740	0.00557	0.00157	0.00398	0.00476	0.00542	0.00749
79	0.00791	0.00401	0.00593	0.00593	0.00593	0.00401	0.00393	0.00602	0.00602	0.00802	0.00830	0.01476	0.00841	0.05709	0.01821	0.82332	0.00401	0.00412	0.00203	0.00203
80	0.00589	0.00473	0.00514	0.00521	0.01815	0.00409	0.00380	0.00733	0.01094	0.01390	0.19925	0.04033	0.60087	0.01075	0.00530	0.00150	0.00233	0.00905	0.04740	0.00404

[dist]
# distance from previous block
# <min> <max>
6	8

[block]
# block no. 7 follows, 56 sequences, length 13
# corresponding to MSA columns:
# 518-530
name=unknown_H
#
# <colnr> <probs for GDERKNQSTAVLIFYWHMCP>
#	G	D	E	R	K	N	Q	S	T	A	V	L	I	F	Y	W	H	M	C	P
0	0.00661	0.00414	0.00530	0.00581	0.00632	0.00394	0.00400	0.00736	0.00899	0.01283	0.10386	0.44014	0.05378	0.01236	0.00726	0.14114	0.00272	0.00937	0.16045	0.00362
1	0.52396	0.01149	0.13830	0.00792	0.01155	0.01025	0.00751	0.07608	0.03895	0.12283	0.00902	0.00951	0.00649	0.00463	0.00352	0.00143	0.00424	0.00314	0.00327	0.00594
2	0.71379	0.00807	0.00643	0.00585	0.00817	0.00923	0.00457	0.01225	0.00761	0.01847	0.00786	0.01157	0.00710	0.15609	0.00658	0.00197	0.00372	0.00325	0.00283	0.00457
3	0.57636	0.00794	0.00700	0.00613	0.00885	0.00856	0.00499	0.01367	0.00915	0.14697	0.01558	0.01546	0.15215	0.00583	0.00360	0.00144	0.00339	0.00414	0.00356	0.00523
4	0.03882	0.00559	0.00648	0.00630	0.00746	0.00566	0.00457	0.01072	0.14443	0.01561	0.33542	0.13953	0.09353	0.14336	0.00817	0.00202	0.00295	0.02054	0.00436	0.00448
5	0.00717	0.00555	0.00749	0.00752	0.00852	0.00629	0.00572	0.01048	0.13578	0.01223	0.01569	0.16667	0.01532	0.02623	0.54063	0.00544	0.00915	0.00644	0.00314	0.00454
6	0.06046	0.01201	0.01144	0.01002	0.01230	0.15873	0.00791	0.05824	0.38727	0.07821	0.01344	0.01343	0.01025	0.00606	0.00614	0.00154	0.13792	0.00435	0.00380	0.00649
7	0.00638	0.00436	0.00523	0.00556	0.00571	0.00427	0.00343	0.00677	0.00766	0.01023	0.04659	0.26335	0.02195	0.54102	0.01705	0.00351	0.00384	0.03658	0.00334	0.00316
8	0.00657	0.00409	0.00531	0.00600	0.00640	0.00392	0.00412	0.00720	0.00854	0.01216	0.02060	0.53019	0.02325	0.01294	0.00734	0.14120	0.00283	0.03342	0.16036	0.00356
9	0.01209	0.32956	0.01665	0.15774	0.01563	0.01395	0.00861	0.15775	0.17264	0.01616	0.02644	0.03466	0.00936	0.00521	0.00403	0.00130	0.00478	0.00403	0.00313	0.00629
10	0.01115	0.01084	0.14284	0.48094	0.09053	0.00970	0.01245	0.01432	0.01009	0.15829	0.01002	0.01237	0.00712	0.00471	0.00455	0.00148	0.00577	0.00407	0.00271	0.00605
11	0.00677	0.00496	0.00628	0.00649	0.00721	0.00504	0.00457	0.03641	0.04699	0.01300	0.12865	0.34670	0.05582	0.14950	0.15673	0.00318	0.00476	0.00906	0.00384	0.00405
12	0.00769	0.00472	0.00553	0.00531	0.00573	0.00460	0.00327	0.00815	0.00801	0.06767	0.11461	0.02923	0.01954	0.65416	0.01927	0.00377	0.00407	0.00667	0.02463	0.00337

[dist]
# distance from previous block
# <min> <max>
0	23

# created by:
# /st0/software/busco_prod/Augustus/scripts/msa2prfl.pl ./align_prep/112542.fa
