[name]
unknown

[dist]
# distance from previous block
# <min> <max>
0	71

[block]
# block no. 0 follows, 48 sequences, length 30
# corresponding to MSA columns:
# 78-107
name=unknown_A
#
# <colnr> <probs for GDERKNQSTAVLIFYWHMCP>
#	G	D	E	R	K	N	Q	S	T	A	V	L	I	F	Y	W	H	M	C	P
0	0.01521	0.15080	0.25863	0.04032	0.01753	0.01184	0.05578	0.05983	0.01279	0.25304	0.01368	0.01595	0.01017	0.00592	0.00494	0.00158	0.00599	0.05467	0.00381	0.00753
1	0.00726	0.00524	0.00686	0.00646	0.00767	0.00484	0.00484	0.00968	0.01452	0.02058	0.78496	0.03833	0.04841	0.01049	0.00605	0.00161	0.00242	0.00928	0.00565	0.00484
2	0.01052	0.00943	0.01584	0.69437	0.11450	0.01134	0.01415	0.01384	0.01058	0.04320	0.00960	0.01372	0.00720	0.00512	0.00513	0.00169	0.00667	0.00458	0.00246	0.00607
3	0.06114	0.01197	0.04655	0.07691	0.01721	0.05359	0.10204	0.14834	0.05874	0.31042	0.04982	0.01569	0.01178	0.00599	0.00516	0.00160	0.00558	0.00507	0.00472	0.00769
4	0.01700	0.01264	0.01363	0.01108	0.01468	0.01408	0.00895	0.42007	0.32925	0.07800	0.01631	0.01542	0.01180	0.00650	0.00517	0.00162	0.00492	0.00513	0.00525	0.00848
5	0.01761	0.01076	0.01213	0.00979	0.01319	0.01138	0.00793	0.29997	0.18252	0.23528	0.01695	0.01615	0.01193	0.00636	0.00494	0.00155	0.00450	0.00505	0.12395	0.00804
6	0.02084	0.00986	0.04506	0.01009	0.01410	0.00834	0.04945	0.06749	0.01470	0.63226	0.01919	0.05753	0.01303	0.00667	0.00527	0.00162	0.00474	0.00560	0.00582	0.00835
7	0.01016	0.00558	0.00780	0.00741	0.00787	0.00586	0.00521	0.00963	0.05825	0.06263	0.01074	0.01669	0.01002	0.05949	0.01823	0.64481	0.04882	0.00476	0.00275	0.00329
8	0.00726	0.00524	0.00686	0.00646	0.00767	0.00484	0.00484	0.00968	0.01452	0.02058	0.78496	0.03833	0.04841	0.01049	0.00605	0.00161	0.00242	0.00928	0.00565	0.00484
9	0.02127	0.00872	0.01162	0.00903	0.01273	0.00777	0.00741	0.06761	0.01523	0.67085	0.09467	0.01920	0.01596	0.00674	0.00525	0.00159	0.00425	0.00553	0.00621	0.00835
10	0.01597	0.16867	0.01640	0.08751	0.01628	0.04301	0.00939	0.35190	0.10953	0.05773	0.06322	0.01432	0.01169	0.00608	0.00483	0.00149	0.00540	0.00468	0.00430	0.00759
11	0.01085	0.01073	0.01558	0.22937	0.02011	0.05378	0.09357	0.01389	0.05269	0.01472	0.11250	0.01625	0.01302	0.00727	0.00954	0.00187	0.29698	0.00533	0.01613	0.00582
12	0.07729	0.01167	0.01339	0.01033	0.01431	0.01206	0.00853	0.40263	0.01907	0.35447	0.01534	0.01424	0.01020	0.00615	0.00501	0.00156	0.00499	0.00473	0.00552	0.00852
13	0.01799	0.01481	0.05727	0.01251	0.04730	0.05483	0.01017	0.55628	0.08937	0.05183	0.01290	0.01327	0.00940	0.02142	0.00550	0.00162	0.00576	0.00468	0.00475	0.00834
14	0.01092	0.06411	0.01553	0.01255	0.01290	0.01491	0.01046	0.01210	0.00816	0.01235	0.00831	0.05581	0.00853	0.01058	0.05538	0.00247	0.67202	0.00498	0.00241	0.00554
15	0.00726	0.00524	0.00686	0.00646	0.00767	0.00484	0.00484	0.00968	0.01452	0.02058	0.78496	0.03833	0.04841	0.01049	0.00605	0.00161	0.00242	0.00928	0.00565	0.00484
16	0.01245	0.01013	0.01352	0.01323	0.11173	0.01097	0.05988	0.10262	0.25561	0.05949	0.13812	0.04747	0.02842	0.02110	0.01886	0.00187	0.05995	0.02299	0.00451	0.00706
17	0.00672	0.00522	0.00611	0.00589	0.00733	0.00461	0.00441	0.00863	0.01324	0.01753	0.45295	0.04333	0.38233	0.01162	0.00606	0.00167	0.00250	0.00998	0.00525	0.00461
18	0.01490	0.61269	0.04712	0.00989	0.01407	0.14825	0.00934	0.06706	0.01204	0.01364	0.00768	0.00875	0.00673	0.00467	0.00368	0.00118	0.00618	0.00299	0.00247	0.00665
19	0.01473	0.14255	0.01607	0.01181	0.06588	0.01298	0.04997	0.30345	0.03896	0.06082	0.01397	0.09543	0.01243	0.05993	0.00638	0.00174	0.00526	0.02792	0.00411	0.05560
20	0.01598	0.06476	0.03074	0.01261	0.09568	0.01163	0.04029	0.24548	0.06817	0.18046	0.01524	0.09475	0.01241	0.02484	0.00557	0.00162	0.00507	0.00568	0.00453	0.06449
21	0.38584	0.01199	0.12936	0.03757	0.01389	0.01009	0.00865	0.01889	0.01133	0.30813	0.01242	0.01231	0.00841	0.00539	0.00425	0.00160	0.00477	0.00389	0.00417	0.00706
22	0.00614	0.00505	0.00541	0.00564	0.00706	0.00432	0.00411	0.00740	0.01141	0.01393	0.07168	0.20621	0.60682	0.01354	0.00616	0.00180	0.00267	0.01155	0.00479	0.00432
23	0.01238	0.02404	0.60654	0.01438	0.02104	0.08662	0.05836	0.01745	0.01160	0.08569	0.01014	0.01145	0.00714	0.00502	0.00494	0.00160	0.00751	0.00399	0.00261	0.00749
24	0.01324	0.01190	0.04834	0.13224	0.53352	0.01175	0.01455	0.01624	0.01159	0.09982	0.01056	0.01320	0.00832	0.00508	0.00569	0.00160	0.04718	0.00460	0.00289	0.00772
25	0.01046	0.00586	0.00779	0.00713	0.00876	0.00533	0.00545	0.01233	0.01349	0.17380	0.47125	0.09472	0.05908	0.01079	0.00687	0.05770	0.00308	0.03529	0.00543	0.00538
26	0.01375	0.00668	0.00894	0.00756	0.00990	0.00595	0.00595	0.01599	0.01459	0.33772	0.47025	0.02974	0.03372	0.00879	0.00568	0.00160	0.00322	0.00758	0.00594	0.00644
27	0.04589	0.25505	0.27679	0.01182	0.04760	0.07504	0.01198	0.03736	0.01185	0.11012	0.01270	0.01332	0.05879	0.00550	0.00445	0.00144	0.00612	0.00409	0.00303	0.00706
28	0.10276	0.08276	0.07321	0.01463	0.13924	0.08678	0.02175	0.15627	0.14359	0.01974	0.01106	0.01228	0.00869	0.00587	0.00608	0.00161	0.09866	0.00428	0.00346	0.00729
29	0.00663	0.00518	0.00610	0.00664	0.00790	0.00466	0.00510	0.00809	0.01133	0.01415	0.05570	0.23444	0.42136	0.01394	0.00641	0.00196	0.00316	0.17809	0.00477	0.00439

[dist]
# distance from previous block
# <min> <max>
3	9

[block]
# block no. 1 follows, 48 sequences, length 14
# corresponding to MSA columns:
# 118-131
name=unknown_B
#
# <colnr> <probs for GDERKNQSTAVLIFYWHMCP>
#	G	D	E	R	K	N	Q	S	T	A	V	L	I	F	Y	W	H	M	C	P
0	0.11609	0.01217	0.01553	0.03733	0.24818	0.01282	0.01081	0.31606	0.01662	0.13031	0.01185	0.01267	0.00865	0.00547	0.00486	0.00154	0.00540	0.00443	0.00417	0.02504
1	0.01088	0.15649	0.01173	0.00730	0.01016	0.00836	0.00604	0.01296	0.01270	0.10863	0.31654	0.02581	0.10475	0.00777	0.00498	0.00135	0.00351	0.00647	0.00447	0.17909
2	0.11466	0.02461	0.22422	0.01209	0.07058	0.02460	0.01104	0.03393	0.07925	0.25155	0.07145	0.01543	0.01237	0.00601	0.00517	0.00161	0.02500	0.00474	0.00417	0.00750
3	0.11208	0.00684	0.00945	0.15415	0.01364	0.00720	0.00702	0.01261	0.00922	0.17177	0.01106	0.01477	0.00891	0.01160	0.01227	0.42039	0.00482	0.00442	0.00319	0.00459
4	0.01410	0.32996	0.01639	0.00861	0.01141	0.09015	0.00728	0.01514	0.01063	0.15449	0.01147	0.01493	0.00996	0.10578	0.07784	0.10244	0.00619	0.00424	0.00316	0.00582
5	0.01075	0.20039	0.01218	0.00755	0.00914	0.07862	0.00564	0.06087	0.00992	0.01225	0.01294	0.02340	0.01381	0.46361	0.05601	0.00368	0.00595	0.00570	0.00297	0.00462
6	0.01180	0.22006	0.33769	0.01429	0.09739	0.01459	0.01389	0.01681	0.10094	0.01541	0.00982	0.01140	0.00780	0.00545	0.00596	0.00157	0.10138	0.00393	0.00258	0.00722
7	0.47698	0.13482	0.01478	0.12366	0.04349	0.01304	0.09790	0.01503	0.00971	0.01893	0.00790	0.00989	0.00625	0.00470	0.00388	0.00154	0.00524	0.00348	0.00281	0.00599
8	0.00779	0.15515	0.00973	0.00668	0.00851	0.00739	0.00537	0.00928	0.01142	0.01427	0.12364	0.19861	0.35147	0.01183	0.00572	0.00172	0.00333	0.05889	0.00439	0.00480
9	0.16626	0.01099	0.01422	0.01224	0.01282	0.01494	0.01019	0.01285	0.00802	0.01431	0.00681	0.01070	0.00652	0.00821	0.01433	0.00212	0.66229	0.00418	0.00242	0.00560
10	0.00807	0.00646	0.00916	0.00875	0.00934	0.00787	0.00673	0.00945	0.00804	0.01165	0.01288	0.02084	0.01272	0.16826	0.52190	0.00658	0.15842	0.00565	0.00272	0.00452
11	0.00936	0.00722	0.00961	0.10228	0.01170	0.00842	0.00681	0.05953	0.00952	0.01313	0.07941	0.02340	0.01560	0.32008	0.05353	0.10370	0.15316	0.00610	0.00309	0.00436
12	0.16829	0.67357	0.02334	0.00841	0.01257	0.01869	0.00819	0.01531	0.01011	0.01408	0.00714	0.00825	0.00640	0.00446	0.00327	0.00119	0.00521	0.00275	0.00237	0.00640
13	0.23471	0.03907	0.01209	0.01017	0.02643	0.22693	0.00793	0.02102	0.10295	0.25133	0.01298	0.01269	0.00927	0.00563	0.00445	0.00152	0.00563	0.00403	0.00419	0.00700

[dist]
# distance from previous block
# <min> <max>
1	9

[block]
# block no. 2 follows, 48 sequences, length 22
# corresponding to MSA columns:
# 141-162
name=unknown_C
#
# <colnr> <probs for GDERKNQSTAVLIFYWHMCP>
#	G	D	E	R	K	N	Q	S	T	A	V	L	I	F	Y	W	H	M	C	P
0	0.01079	0.07170	0.17031	0.00911	0.01427	0.00885	0.00888	0.01377	0.01066	0.01629	0.00899	0.01050	0.00730	0.00406	0.00398	0.00096	0.00469	0.00317	0.00280	0.61890
1	0.00814	0.00545	0.00697	0.00763	0.00846	0.00530	0.00531	0.01051	0.08928	0.07044	0.02694	0.67630	0.03051	0.01443	0.00631	0.00201	0.00319	0.01300	0.00493	0.00491
2	0.01280	0.01082	0.01151	0.01024	0.01310	0.01239	0.00799	0.07460	0.67362	0.02211	0.07578	0.02009	0.01759	0.00717	0.00528	0.00172	0.00405	0.00598	0.00525	0.00792
3	0.01107	0.00604	0.00798	0.00716	0.00898	0.00544	0.00548	0.01320	0.01401	0.21267	0.49585	0.11095	0.06031	0.01009	0.00588	0.00166	0.00297	0.00882	0.00571	0.00573
4	0.01194	0.01308	0.02687	0.09876	0.02628	0.01280	0.61552	0.01722	0.09079	0.01662	0.01134	0.01437	0.00850	0.00468	0.00588	0.00173	0.00800	0.00588	0.00283	0.00692
5	0.00773	0.00609	0.00902	0.00878	0.00961	0.00737	0.00691	0.00949	0.00821	0.01196	0.01302	0.01924	0.01220	0.03545	0.71881	0.00763	0.09572	0.00539	0.00270	0.00469
6	0.00842	0.00501	0.00658	0.00724	0.00805	0.00467	0.00512	0.00965	0.01053	0.09390	0.02624	0.61343	0.02944	0.01396	0.00614	0.00196	0.00316	0.05280	0.08896	0.00473
7	0.00682	0.00470	0.00579	0.00642	0.00657	0.00455	0.00399	0.00729	0.00871	0.01162	0.02259	0.44843	0.02675	0.39377	0.01575	0.00344	0.00392	0.01124	0.00399	0.00367
8	0.00722	0.00521	0.00682	0.00648	0.00766	0.00481	0.00484	0.00958	0.01433	0.02027	0.75423	0.06992	0.04783	0.01072	0.00607	0.00163	0.00244	0.00949	0.00561	0.00481
9	0.00645	0.00462	0.00613	0.00701	0.00749	0.00430	0.00478	0.00764	0.01075	0.01457	0.17736	0.66305	0.03679	0.01497	0.00645	0.00199	0.00287	0.01354	0.00494	0.00430
10	0.01372	0.82276	0.02689	0.00878	0.01317	0.02030	0.00878	0.01536	0.01043	0.01207	0.00713	0.00823	0.00658	0.00439	0.00329	0.00110	0.00549	0.00274	0.00219	0.00658
11	0.02177	0.00901	0.01187	0.00929	0.01313	0.00818	0.00761	0.02528	0.10752	0.69765	0.02032	0.01767	0.01306	0.00642	0.00517	0.00161	0.00433	0.00524	0.00621	0.00866
12	0.00656	0.00469	0.00631	0.00750	0.00793	0.00444	0.00530	0.00768	0.01013	0.01345	0.02811	0.69960	0.03326	0.01578	0.00663	0.00213	0.00325	0.12825	0.00476	0.00425
13	0.01917	0.02445	0.01454	0.01322	0.01586	0.79907	0.00991	0.02049	0.01454	0.01256	0.00793	0.00925	0.00661	0.00529	0.00463	0.00132	0.00925	0.00330	0.00264	0.00595
14	0.00746	0.00497	0.00560	0.00560	0.00560	0.00497	0.00311	0.00746	0.00746	0.00995	0.01617	0.03358	0.01865	0.81967	0.02612	0.00497	0.00497	0.00746	0.00311	0.00311
15	0.00956	0.00478	0.00478	0.00478	0.00598	0.00478	0.00359	0.01196	0.01076	0.01913	0.01674	0.01913	0.01315	0.00598	0.00359	0.00120	0.00239	0.00478	0.84816	0.00478
16	0.00746	0.00497	0.00560	0.00560	0.00560	0.00497	0.00311	0.00746	0.00746	0.00995	0.01617	0.03358	0.01865	0.81967	0.02612	0.00497	0.00497	0.00746	0.00311	0.00311
17	0.00891	0.00446	0.00668	0.00668	0.00668	0.00446	0.00446	0.00668	0.00668	0.00891	0.00891	0.01560	0.00891	0.01783	0.02005	0.85071	0.00446	0.00446	0.00223	0.00223
18	0.01064	0.00912	0.01064	0.00760	0.01216	0.00684	0.00608	0.01292	0.01064	0.01672	0.00912	0.01064	0.00760	0.00380	0.00380	0.00076	0.00380	0.00304	0.00304	0.85104
19	0.01338	0.74343	0.10323	0.00936	0.01407	0.01947	0.00979	0.01545	0.01047	0.01249	0.00734	0.00849	0.00658	0.00444	0.00345	0.00115	0.00570	0.00285	0.00219	0.00668
20	0.11735	0.05874	0.17707	0.01840	0.29853	0.02624	0.02669	0.04689	0.01175	0.07393	0.00992	0.01162	0.00766	0.00477	0.00460	0.00146	0.00584	0.00399	0.00296	0.09161
21	0.09617	0.40100	0.35288	0.01108	0.01671	0.01584	0.01281	0.01572	0.01043	0.01495	0.00802	0.00935	0.00645	0.00463	0.00396	0.00137	0.00623	0.00320	0.00228	0.00691

[dist]
# distance from previous block
# <min> <max>
0	6

[block]
# block no. 3 follows, 48 sequences, length 37
# corresponding to MSA columns:
# 177-213
name=unknown_D
#
# <colnr> <probs for GDERKNQSTAVLIFYWHMCP>
#	G	D	E	R	K	N	Q	S	T	A	V	L	I	F	Y	W	H	M	C	P
0	0.00644	0.00457	0.00604	0.00714	0.00746	0.00431	0.00481	0.00734	0.00975	0.01298	0.02734	0.72174	0.03260	0.07474	0.00801	0.00231	0.00321	0.05043	0.00464	0.00412
1	0.01468	0.05888	0.22986	0.01286	0.01715	0.14016	0.04266	0.23298	0.04396	0.01988	0.01119	0.01243	0.02573	0.00598	0.00612	0.00159	0.08948	0.00432	0.02283	0.00725
2	0.00733	0.00550	0.00825	0.00825	0.00916	0.00641	0.00641	0.00916	0.00825	0.01191	0.01374	0.02016	0.01283	0.03848	0.79934	0.00825	0.01374	0.00550	0.00275	0.00458
3	0.01235	0.54012	0.25851	0.01044	0.01564	0.01698	0.01167	0.01535	0.01075	0.01377	0.04668	0.01053	0.00865	0.00484	0.00391	0.00128	0.00597	0.00339	0.00236	0.00680
4	0.01227	0.04315	0.01560	0.01280	0.01368	0.12024	0.04499	0.01371	0.00933	0.01320	0.00804	0.01173	0.00738	0.00781	0.01292	0.00195	0.55770	0.00436	0.08347	0.00568
5	0.00635	0.00454	0.00604	0.00708	0.00746	0.00423	0.00477	0.00739	0.01027	0.01382	0.10088	0.74168	0.03533	0.01554	0.00650	0.00204	0.00292	0.01408	0.00485	0.00423
6	0.02247	0.00962	0.01246	0.00955	0.01354	0.00886	0.00789	0.14224	0.01617	0.67189	0.01900	0.01666	0.01208	0.00632	0.00516	0.00158	0.00457	0.00508	0.00616	0.00873
7	0.05445	0.01029	0.01284	0.03506	0.11045	0.01069	0.00894	0.24295	0.07098	0.19574	0.03474	0.13150	0.01516	0.00779	0.00535	0.00168	0.00477	0.03429	0.00486	0.00748
8	0.85592	0.00992	0.00754	0.00675	0.00992	0.01151	0.00556	0.01508	0.00873	0.02302	0.00714	0.00834	0.00556	0.00476	0.00318	0.00159	0.00397	0.00278	0.00318	0.00556
9	0.00657	0.00451	0.00608	0.00706	0.00738	0.00424	0.00474	0.00726	0.00981	0.01316	0.07280	0.69181	0.03242	0.01590	0.00781	0.08348	0.00308	0.01329	0.00457	0.00402
10	0.01273	0.01182	0.01927	0.17579	0.59339	0.03406	0.01497	0.01576	0.01162	0.04716	0.00993	0.01298	0.00803	0.00477	0.00508	0.00156	0.00625	0.00456	0.00265	0.00763
11	0.01568	0.13036	0.14174	0.08655	0.01610	0.03268	0.01002	0.03102	0.01265	0.32337	0.04356	0.08578	0.01361	0.00689	0.00503	0.00159	0.00527	0.02654	0.00433	0.00721
12	0.02107	0.00902	0.01163	0.00910	0.01281	0.00832	0.00746	0.07874	0.06889	0.62585	0.01946	0.01733	0.01265	0.00635	0.00505	0.00157	0.00430	0.00514	0.06686	0.00840
13	0.00792	0.00494	0.00657	0.00726	0.00799	0.00454	0.00502	0.00902	0.01061	0.08823	0.07431	0.67851	0.04600	0.01475	0.00638	0.00200	0.00307	0.01329	0.00497	0.00465
14	0.01050	0.01954	0.43747	0.01656	0.05275	0.01137	0.24647	0.01530	0.01127	0.01617	0.03330	0.08320	0.01055	0.00584	0.00542	0.00169	0.00730	0.00562	0.00264	0.00703
15	0.01720	0.02828	0.01572	0.11801	0.17052	0.27325	0.01117	0.11023	0.01443	0.16119	0.01122	0.01243	0.00834	0.00548	0.00513	0.00150	0.02089	0.00423	0.00356	0.00721
16	0.01363	0.80285	0.04605	0.00893	0.01340	0.02009	0.00903	0.01539	0.01044	0.01218	0.00719	0.00830	0.00658	0.00440	0.00333	0.00111	0.00554	0.00277	0.00219	0.00661
17	0.01212	0.01163	0.01664	0.04076	0.42100	0.05405	0.02455	0.01478	0.01140	0.01630	0.01012	0.01250	0.02224	0.00457	0.00481	0.00127	0.01670	0.00411	0.00275	0.29770
18	0.01676	0.01287	0.01534	0.04897	0.03853	0.02568	0.06424	0.44002	0.16031	0.06477	0.01400	0.01430	0.01019	0.00682	0.02352	0.00174	0.00574	0.00497	0.02312	0.00811
19	0.01563	0.00700	0.00918	0.00761	0.01026	0.00621	0.00607	0.01778	0.01410	0.41867	0.28005	0.02576	0.05014	0.00793	0.00532	0.00156	0.00343	0.00670	0.09978	0.00683
20	0.00680	0.00469	0.00579	0.00645	0.00661	0.00453	0.00402	0.00729	0.00876	0.01168	0.02282	0.46352	0.02705	0.37828	0.01537	0.00339	0.00388	0.01138	0.00402	0.00369
21	0.01497	0.64393	0.05453	0.00932	0.01375	0.02936	0.00915	0.07083	0.01190	0.08846	0.00886	0.00953	0.00732	0.00474	0.00369	0.00120	0.00553	0.00316	0.00281	0.00698
22	0.02077	0.06754	0.01287	0.00898	0.01299	0.00858	0.00750	0.04370	0.01425	0.62523	0.03221	0.01639	0.01232	0.00604	0.00491	0.00147	0.00439	0.00484	0.00569	0.08932
23	0.05181	0.58263	0.14554	0.01064	0.03985	0.03612	0.01058	0.01550	0.01044	0.01341	0.00754	0.00894	0.00658	0.00469	0.00417	0.00127	0.03828	0.00305	0.00226	0.00669
24	0.01138	0.01024	0.01564	0.54382	0.11447	0.01219	0.01329	0.09412	0.08552	0.01632	0.01059	0.01390	0.00803	0.00544	0.00539	0.00169	0.02389	0.00469	0.00289	0.00652
25	0.00625	0.00447	0.00595	0.00714	0.00744	0.00417	0.00476	0.00714	0.00982	0.01310	0.02828	0.81633	0.03394	0.01608	0.00655	0.00208	0.00298	0.01459	0.00476	0.00417
26	0.01343	0.01173	0.02298	0.09537	0.12795	0.01126	0.41907	0.01689	0.01217	0.14611	0.01291	0.06347	0.01017	0.00550	0.00571	0.00170	0.00706	0.00608	0.00332	0.00710
27	0.07438	0.01172	0.01568	0.09550	0.34605	0.07105	0.01172	0.10625	0.02514	0.05688	0.04646	0.01545	0.01077	0.00643	0.00596	0.05362	0.00576	0.03085	0.00331	0.00701
28	0.00927	0.00613	0.00822	0.00803	0.00934	0.00653	0.00625	0.05692	0.01048	0.07024	0.01915	0.10162	0.05762	0.06496	0.41165	0.00525	0.00894	0.07836	0.05600	0.00504
29	0.01309	0.11206	0.01361	0.01030	0.01340	0.02721	0.00826	0.03714	0.65835	0.02031	0.01882	0.01751	0.01427	0.00660	0.00497	0.00165	0.00435	0.00536	0.00480	0.00790
30	0.79499	0.00987	0.00776	0.00681	0.01008	0.01117	0.00559	0.01493	0.00887	0.02257	0.00729	0.00850	0.00570	0.00469	0.00322	0.00153	0.00396	0.00280	0.00317	0.06650
31	0.01291	0.00861	0.01084	0.08455	0.01406	0.00727	0.00703	0.01535	0.02489	0.18627	0.01430	0.05435	0.03569	0.00551	0.00446	0.00116	0.00411	0.00457	0.02339	0.48069
32	0.01166	0.10052	0.13607	0.09244	0.03578	0.01216	0.34686	0.01543	0.01162	0.04668	0.01265	0.01954	0.01085	0.00606	0.00560	0.00173	0.00717	0.11762	0.00293	0.00663
33	0.00643	0.00461	0.00612	0.00702	0.00748	0.00429	0.00478	0.00760	0.01067	0.01444	0.16392	0.67686	0.03653	0.01507	0.00646	0.00200	0.00288	0.01364	0.00492	0.00429
34	0.00991	0.00955	0.01676	0.73501	0.03456	0.01154	0.08374	0.01342	0.01043	0.01342	0.00924	0.01369	0.00693	0.00506	0.00522	0.00171	0.00701	0.00470	0.00231	0.00581
35	0.01152	0.05071	0.34589	0.16072	0.20360	0.03447	0.06328	0.01579	0.01113	0.03098	0.00944	0.01196	0.00716	0.00489	0.00514	0.00160	0.01785	0.00423	0.00240	0.00724
36	0.00649	0.00475	0.00616	0.00717	0.00777	0.00441	0.00509	0.00764	0.01038	0.01359	0.04375	0.61530	0.12697	0.01537	0.00655	0.00207	0.00313	0.10438	0.00477	0.00427

[dist]
# distance from previous block
# <min> <max>
0	1

[block]
# block no. 4 follows, 48 sequences, length 23
# corresponding to MSA columns:
# 216-224,231-239,243-247
name=unknown_E
#
# <colnr> <probs for GDERKNQSTAVLIFYWHMCP>
#	G	D	E	R	K	N	Q	S	T	A	V	L	I	F	Y	W	H	M	C	P
0	0.05644	0.00493	0.00605	0.00681	0.00728	0.00478	0.00453	0.00784	0.00966	0.01364	0.07561	0.58085	0.03059	0.15457	0.00972	0.00253	0.00334	0.01230	0.00444	0.00411
1	0.14657	0.01561	0.04589	0.04095	0.25559	0.24048	0.10051	0.01682	0.01197	0.01650	0.00923	0.01148	0.00744	0.00489	0.00467	0.00149	0.00684	0.00408	0.05233	0.00666
2	0.00903	0.00519	0.00805	0.13242	0.01118	0.00555	0.00599	0.00769	0.00725	0.00957	0.00895	0.01530	0.00859	0.01583	0.01771	0.71739	0.00483	0.00447	0.00224	0.00277
3	0.06086	0.01241	0.13427	0.01053	0.06576	0.00887	0.00895	0.05077	0.03191	0.01790	0.00952	0.01098	0.00761	0.00428	0.00412	0.00106	0.00465	0.00340	0.00304	0.54911
4	0.01023	0.00881	0.01370	0.57744	0.05996	0.01059	0.01212	0.03149	0.06216	0.01521	0.01120	0.01483	0.00852	0.00539	0.00489	0.00162	0.00590	0.00468	0.13539	0.00589
5	0.01106	0.01254	0.15420	0.02430	0.01483	0.00825	0.02321	0.03601	0.01116	0.03054	0.00945	0.01096	0.00751	0.00414	0.00413	0.00099	0.00470	0.00335	0.00298	0.62569
6	0.00647	0.00463	0.00615	0.00700	0.00749	0.00431	0.00478	0.00769	0.01084	0.01471	0.19155	0.64845	0.03706	0.01487	0.00644	0.00198	0.00286	0.01344	0.00495	0.00431
7	0.01064	0.00912	0.01064	0.00760	0.01216	0.00684	0.00608	0.01292	0.01064	0.01672	0.00912	0.01064	0.00760	0.00380	0.00380	0.00076	0.00380	0.00304	0.00304	0.85104
8	0.06341	0.03481	0.00674	0.00697	0.00776	0.00527	0.00487	0.00800	0.00997	0.01381	0.02864	0.65016	0.11192	0.01456	0.00615	0.00198	0.00309	0.01296	0.00456	0.00437
9	0.01236	0.02327	0.64181	0.01402	0.02095	0.01127	0.04529	0.01763	0.01149	0.13796	0.01098	0.01199	0.00752	0.00509	0.00496	0.00162	0.00712	0.00409	0.00284	0.00774
10	0.01251	0.49288	0.32532	0.01117	0.01676	0.03600	0.01278	0.01583	0.01068	0.01371	0.00796	0.00927	0.00655	0.00460	0.00394	0.00131	0.00640	0.00317	0.00219	0.00696
11	0.01029	0.02654	0.79309	0.01462	0.02221	0.01192	0.01896	0.01625	0.01083	0.01625	0.00921	0.01083	0.00650	0.00487	0.00487	0.00162	0.00758	0.00379	0.00217	0.00758
12	0.00969	0.00912	0.01539	0.80734	0.03534	0.01140	0.01425	0.01311	0.01026	0.01311	0.00912	0.01368	0.00684	0.00513	0.00513	0.00171	0.00684	0.00456	0.00228	0.00570
13	0.01427	0.00680	0.00899	0.00758	0.01006	0.00601	0.00598	0.01636	0.01425	0.36853	0.36056	0.04873	0.09222	0.00896	0.00566	0.00162	0.00333	0.00767	0.00587	0.00654
14	0.00969	0.00912	0.01539	0.80734	0.03534	0.01140	0.01425	0.01311	0.01026	0.01311	0.00912	0.01368	0.00684	0.00513	0.00513	0.00171	0.00684	0.00456	0.00228	0.00570
15	0.00644	0.00455	0.00590	0.00690	0.00715	0.00429	0.00450	0.00719	0.00945	0.01260	0.02638	0.69341	0.03154	0.14227	0.00962	0.00254	0.00329	0.01347	0.00450	0.00400
16	0.00641	0.00464	0.00608	0.00709	0.00759	0.00431	0.00489	0.00751	0.01036	0.01376	0.08040	0.67709	0.08235	0.01541	0.00651	0.00204	0.00300	0.05148	0.00482	0.00425
17	0.01338	0.01062	0.01487	0.18931	0.01833	0.03351	0.01115	0.01519	0.00989	0.16404	0.00992	0.01293	0.00792	0.00752	0.01164	0.00197	0.45388	0.00461	0.00306	0.00625
18	0.01029	0.02654	0.79309	0.01462	0.02221	0.01192	0.01896	0.01625	0.01083	0.01625	0.00921	0.01083	0.00650	0.00487	0.00487	0.00162	0.00758	0.00379	0.00217	0.00758
19	0.00707	0.00524	0.00660	0.00626	0.00755	0.00476	0.00469	0.00932	0.01408	0.01952	0.66985	0.04006	0.16418	0.01088	0.00605	0.00163	0.00245	0.00952	0.00551	0.00476
20	0.72318	0.00980	0.00803	0.00688	0.01027	0.01078	0.00564	0.01474	0.00903	0.02203	0.00745	0.00870	0.00588	0.00461	0.00327	0.00146	0.00394	0.00282	0.00315	0.13833
21	0.01020	0.00863	0.03911	0.02322	0.14273	0.00841	0.00801	0.07259	0.10110	0.03629	0.02001	0.24506	0.05354	0.15390	0.00959	0.00236	0.02411	0.01965	0.01567	0.00580
22	0.23096	0.01985	0.48558	0.01180	0.01757	0.01142	0.01388	0.01652	0.05564	0.03881	0.04564	0.01212	0.00890	0.00527	0.00451	0.00162	0.00611	0.00394	0.00288	0.00699

[dist]
# distance from previous block
# <min> <max>
4	6

[block]
# block no. 5 follows, 48 sequences, length 75
# corresponding to MSA columns:
# 254-280,294-299,302-334,336-344
name=unknown_F
#
# <colnr> <probs for GDERKNQSTAVLIFYWHMCP>
#	G	D	E	R	K	N	Q	S	T	A	V	L	I	F	Y	W	H	M	C	P
0	0.78085	0.00982	0.00794	0.00696	0.01021	0.01115	0.00574	0.01598	0.00927	0.09226	0.00833	0.00916	0.00620	0.00491	0.00335	0.00159	0.00400	0.00299	0.00346	0.00584
1	0.01284	0.01399	0.10782	0.02354	0.39657	0.01236	0.17127	0.11563	0.01322	0.01849	0.01117	0.05869	0.00943	0.00542	0.00535	0.00161	0.00656	0.00537	0.00298	0.00767
2	0.02131	0.00876	0.01163	0.00911	0.01285	0.00788	0.00746	0.02445	0.08351	0.68342	0.05843	0.01866	0.01475	0.00661	0.00521	0.00160	0.00424	0.00542	0.00621	0.00848
3	0.01753	0.01013	0.01190	0.00950	0.01289	0.01026	0.00772	0.28547	0.07014	0.30092	0.10501	0.02099	0.08512	0.00793	0.01887	0.00171	0.00458	0.00599	0.00556	0.00779
4	0.05996	0.01973	0.01521	0.01612	0.16785	0.52030	0.01063	0.03182	0.01385	0.08441	0.00941	0.01068	0.00744	0.00523	0.00470	0.00140	0.00787	0.00372	0.00302	0.00666
5	0.00641	0.00461	0.00595	0.00695	0.00735	0.00431	0.00467	0.00730	0.00980	0.01294	0.02874	0.66955	0.08262	0.08824	0.00830	0.00233	0.00319	0.03803	0.00461	0.00410
6	0.00713	0.00524	0.00667	0.00631	0.00758	0.00478	0.00473	0.00942	0.01420	0.01982	0.70220	0.03958	0.13164	0.01077	0.00605	0.00163	0.00244	0.00945	0.00555	0.00478
7	0.01229	0.03315	0.36959	0.09762	0.19598	0.01148	0.02856	0.03443	0.02560	0.09525	0.01139	0.04213	0.00879	0.00544	0.00504	0.00162	0.00654	0.00466	0.00292	0.00751
8	0.01991	0.01252	0.01451	0.03163	0.01565	0.01327	0.02166	0.52233	0.02077	0.23801	0.01444	0.01390	0.00982	0.00615	0.00513	0.00155	0.00532	0.00479	0.02007	0.00855
9	0.01607	0.00722	0.00865	0.00718	0.00979	0.00683	0.00575	0.07712	0.01348	0.34838	0.01788	0.01789	0.01261	0.00615	0.00438	0.00139	0.00349	0.00493	0.42406	0.00677
10	0.60015	0.07181	0.02931	0.02777	0.04856	0.08186	0.04522	0.01566	0.00976	0.02029	0.00758	0.00906	0.00601	0.00476	0.00363	0.00154	0.00503	0.00313	0.00295	0.00590
11	0.12504	0.01516	0.01784	0.02270	0.43529	0.21394	0.05036	0.03118	0.01229	0.01678	0.00897	0.01129	0.00740	0.00480	0.00476	0.00149	0.00675	0.00409	0.00270	0.00718
12	0.01951	0.01437	0.01540	0.01181	0.01591	0.01591	0.00975	0.77056	0.02412	0.03234	0.01232	0.01232	0.00873	0.00616	0.00513	0.00154	0.00565	0.00462	0.00513	0.00873
13	0.02266	0.00865	0.01179	0.00907	0.01298	0.00748	0.00748	0.02466	0.01468	0.77377	0.03756	0.01794	0.01351	0.00644	0.00518	0.00159	0.00432	0.00525	0.00633	0.00864
14	0.02639	0.00784	0.04535	0.00810	0.01074	0.00656	0.00670	0.01666	0.03816	0.33316	0.34559	0.08615	0.02920	0.00877	0.00560	0.00164	0.00357	0.00755	0.00566	0.00661
15	0.04271	0.03483	0.08644	0.06305	0.24670	0.08175	0.03267	0.09081	0.12964	0.12172	0.01267	0.01363	0.00945	0.00544	0.00498	0.00157	0.00595	0.00459	0.00368	0.00773
16	0.00625	0.00447	0.00595	0.00714	0.00744	0.00417	0.00476	0.00714	0.00982	0.01310	0.02828	0.81633	0.03394	0.01608	0.00655	0.00208	0.00298	0.01459	0.00476	0.00417
17	0.00712	0.00524	0.00666	0.00630	0.00758	0.00478	0.00473	0.00940	0.01418	0.01976	0.69582	0.03967	0.13806	0.01079	0.00605	0.00163	0.00244	0.00947	0.00554	0.00478
18	0.01737	0.08298	0.13138	0.12826	0.01847	0.01098	0.03566	0.09106	0.03475	0.37502	0.01476	0.01456	0.00992	0.00571	0.00498	0.00157	0.00556	0.00465	0.00450	0.00785
19	0.00731	0.00564	0.00771	0.00956	0.07822	0.00550	0.00604	0.00934	0.05914	0.01416	0.03859	0.64498	0.04614	0.01426	0.00633	0.00200	0.00336	0.03231	0.00460	0.00481
20	0.00723	0.00559	0.00665	0.00640	0.00788	0.00517	0.00487	0.00997	0.05721	0.01819	0.46713	0.04172	0.28821	0.01127	0.00605	0.00169	0.00267	0.04196	0.00529	0.00486
21	0.01482	0.00959	0.01083	0.00940	0.01233	0.01032	0.00740	0.02443	0.47629	0.21759	0.05844	0.01967	0.01631	0.00689	0.00510	0.00165	0.00391	0.00572	0.08151	0.00781
22	0.04842	0.08420	0.05566	0.37553	0.06058	0.01233	0.07170	0.07995	0.01200	0.08161	0.01068	0.01402	0.00816	0.00546	0.00527	0.00163	0.02736	0.02150	0.01740	0.00655
23	0.01242	0.01096	0.01459	0.08412	0.01510	0.05016	0.01060	0.01382	0.00921	0.09585	0.00964	0.05121	0.00888	0.02147	0.01362	0.00212	0.56249	0.00505	0.00284	0.00586
24	0.00746	0.00497	0.00560	0.00560	0.00560	0.00497	0.00311	0.00746	0.00746	0.00995	0.01617	0.03358	0.01865	0.81967	0.02612	0.00497	0.00497	0.00746	0.00311	0.00311
25	0.01087	0.00911	0.01066	0.00763	0.01218	0.00685	0.00611	0.01314	0.01071	0.03087	0.00932	0.01076	0.00769	0.00385	0.00382	0.00078	0.00381	0.00308	0.00310	0.83566
26	0.78085	0.00982	0.00794	0.00696	0.01021	0.01115	0.00574	0.01598	0.00927	0.09226	0.00833	0.00916	0.00620	0.00491	0.00335	0.00159	0.00400	0.00299	0.00346	0.00584
27	0.00746	0.00497	0.00560	0.00560	0.00560	0.00497	0.00311	0.00746	0.00746	0.00995	0.01617	0.03358	0.01865	0.81967	0.02612	0.00497	0.00497	0.00746	0.00311	0.00311
28	0.00974	0.01069	0.08549	0.73589	0.03416	0.01145	0.01467	0.01339	0.01031	0.01339	0.00913	0.01342	0.00681	0.00511	0.00511	0.00170	0.00691	0.00449	0.00227	0.00587
29	0.01372	0.82276	0.02689	0.00878	0.01317	0.02030	0.00878	0.01536	0.01043	0.01207	0.00713	0.00823	0.00658	0.00439	0.00329	0.00110	0.00549	0.00274	0.00219	0.00658
30	0.01092	0.01084	0.01577	0.01341	0.01375	0.01474	0.04857	0.01227	0.00811	0.01251	0.00755	0.01216	0.00734	0.01141	0.08683	0.00276	0.69852	0.00466	0.00231	0.00559
31	0.01642	0.01180	0.01328	0.08236	0.01596	0.01310	0.00905	0.39401	0.20605	0.08966	0.01516	0.01512	0.01096	0.00626	0.00503	0.00158	0.00498	0.00496	0.07629	0.00797
32	0.00751	0.00559	0.00705	0.00698	0.00815	0.00540	0.00514	0.01063	0.08218	0.01868	0.51127	0.21684	0.06116	0.01158	0.00611	0.00175	0.00273	0.02090	0.00537	0.00497
33	0.00733	0.00550	0.00825	0.00825	0.00916	0.00641	0.00641	0.00916	0.00825	0.01191	0.01374	0.02016	0.01283	0.03848	0.79934	0.00825	0.01374	0.00550	0.00275	0.00458
34	0.06029	0.01137	0.01884	0.20577	0.57278	0.01197	0.01482	0.01511	0.01119	0.01629	0.00939	0.01267	0.00769	0.00471	0.00498	0.00157	0.00614	0.00447	0.00252	0.00743
35	0.85592	0.00992	0.00754	0.00675	0.00992	0.01151	0.00556	0.01508	0.00873	0.02302	0.00714	0.00834	0.00556	0.00476	0.00318	0.00159	0.00397	0.00278	0.00318	0.00556
36	0.01086	0.01230	0.08652	0.18505	0.01971	0.01429	0.05463	0.01309	0.00888	0.01309	0.00767	0.01186	0.00680	0.00752	0.01264	0.00205	0.52036	0.00453	0.00227	0.00588
37	0.01217	0.01359	0.02859	0.02062	0.02560	0.01296	0.70045	0.01741	0.08118	0.01689	0.01133	0.01432	0.00850	0.00456	0.00598	0.00173	0.00824	0.00603	0.00283	0.00703
38	0.00708	0.00520	0.00664	0.00636	0.00758	0.00475	0.00474	0.00930	0.01396	0.01945	0.66583	0.08401	0.12382	0.01107	0.00608	0.00165	0.00247	0.00974	0.00551	0.00475
39	0.00746	0.00497	0.00560	0.00560	0.00560	0.00497	0.00311	0.00746	0.00746	0.00995	0.01617	0.03358	0.01865	0.81967	0.02612	0.00497	0.00497	0.00746	0.00311	0.00311
40	0.00653	0.00465	0.00609	0.00696	0.00730	0.00450	0.00464	0.00738	0.00937	0.01253	0.02574	0.60560	0.04909	0.14039	0.08097	0.00307	0.00424	0.01259	0.00433	0.00405
41	0.00766	0.00603	0.00842	0.00839	0.00935	0.02871	0.00651	0.00948	0.00842	0.01193	0.01358	0.01985	0.01265	0.03755	0.77699	0.00805	0.01362	0.00544	0.00275	0.00462
42	0.01270	0.01219	0.02083	0.03149	0.78767	0.01219	0.01575	0.01575	0.01168	0.01676	0.00965	0.01270	0.00813	0.00457	0.00508	0.00152	0.00610	0.00457	0.00254	0.00813
43	0.00969	0.00912	0.01539	0.80734	0.03534	0.01140	0.01425	0.01311	0.01026	0.01311	0.00912	0.01368	0.00684	0.00513	0.00513	0.00171	0.00684	0.00456	0.00228	0.00570
44	0.02302	0.00873	0.01191	0.00913	0.01310	0.00754	0.00754	0.02501	0.01469	0.79122	0.02024	0.01746	0.01270	0.00635	0.00516	0.00159	0.00437	0.00516	0.00635	0.00873
45	0.01211	0.01384	0.03028	0.02163	0.02682	0.01298	0.76903	0.01644	0.01211	0.01644	0.01038	0.01384	0.00779	0.00433	0.00606	0.00173	0.00865	0.00606	0.00260	0.00692
46	0.00606	0.00520	0.00520	0.00520	0.00693	0.00433	0.00390	0.00736	0.01170	0.01386	0.05198	0.04938	0.78558	0.01299	0.00606	0.00173	0.00260	0.01083	0.00476	0.00433
47	0.00751	0.00493	0.00567	0.00570	0.00571	0.00492	0.00323	0.00741	0.00748	0.00997	0.01607	0.05306	0.01850	0.75271	0.02526	0.05332	0.00489	0.00748	0.00310	0.00309
48	0.01480	0.00691	0.00927	0.00773	0.01026	0.00613	0.00613	0.01701	0.01460	0.38920	0.41918	0.02835	0.03133	0.00851	0.00563	0.00160	0.00335	0.00731	0.00598	0.00670
49	0.13656	0.00903	0.01139	0.00887	0.01273	0.00828	0.00732	0.04132	0.01410	0.66844	0.01827	0.01610	0.01163	0.00613	0.00489	0.00159	0.00434	0.00482	0.00589	0.00830
50	0.01372	0.82276	0.02689	0.00878	0.01317	0.02030	0.00878	0.01536	0.01043	0.01207	0.00713	0.00823	0.00658	0.00439	0.00329	0.00110	0.00549	0.00274	0.00219	0.00658
51	0.00638	0.00464	0.00601	0.00687	0.00743	0.00428	0.00470	0.00752	0.01066	0.01422	0.13717	0.63744	0.10373	0.01501	0.00644	0.00199	0.00286	0.01350	0.00489	0.00428
52	0.00872	0.00458	0.00688	0.00688	0.00699	0.00470	0.00470	0.00699	0.00688	0.00928	0.00950	0.01615	0.00939	0.02035	0.11535	0.74769	0.00559	0.00458	0.00229	0.00252
53	0.81256	0.01044	0.00792	0.00705	0.01023	0.03377	0.00578	0.03314	0.00926	0.02295	0.00729	0.00846	0.00566	0.00481	0.00326	0.00158	0.00416	0.00284	0.00321	0.00564
54	0.02225	0.00851	0.01150	0.00888	0.01269	0.00738	0.00732	0.02426	0.01446	0.74702	0.02004	0.01756	0.01273	0.00633	0.00507	0.00157	0.00425	0.00514	0.05455	0.00851
55	0.00746	0.00499	0.00567	0.00567	0.00569	0.00501	0.00320	0.00751	0.00748	0.01000	0.01610	0.03323	0.01850	0.79921	0.04638	0.00506	0.00520	0.00741	0.00310	0.00315
56	0.21734	0.03603	0.04838	0.09361	0.47739	0.01219	0.01306	0.01536	0.01077	0.01780	0.00890	0.01152	0.00728	0.00468	0.00456	0.00155	0.00569	0.00405	0.00265	0.00722
57	0.85592	0.00992	0.00754	0.00675	0.00992	0.01151	0.00556	0.01508	0.00873	0.02302	0.00714	0.00834	0.00556	0.00476	0.00318	0.00159	0.00397	0.00278	0.00318	0.00556
58	0.06648	0.01367	0.08945	0.15170	0.11773	0.01244	0.44083	0.01570	0.01143	0.01634	0.00977	0.01307	0.00742	0.00456	0.00550	0.00168	0.00765	0.00523	0.00254	0.00683
59	0.70124	0.01161	0.00890	0.03147	0.01160	0.09119	0.00648	0.05632	0.01019	0.02217	0.00756	0.00880	0.00587	0.00490	0.00349	0.00156	0.00468	0.00298	0.00320	0.00577
60	0.00729	0.00546	0.00758	0.00756	0.00856	0.00578	0.00566	0.00890	0.00924	0.01303	0.08693	0.13533	0.05315	0.09010	0.48258	0.00587	0.00955	0.00738	0.00342	0.04662
61	0.85592	0.00992	0.00754	0.00675	0.00992	0.01151	0.00556	0.01508	0.00873	0.02302	0.00714	0.00834	0.00556	0.00476	0.00318	0.00159	0.00397	0.00278	0.00318	0.00556
62	0.01390	0.10393	0.46401	0.02862	0.04554	0.03537	0.01479	0.03864	0.01209	0.17874	0.01137	0.01207	0.00794	0.00518	0.00478	0.00155	0.00662	0.00402	0.00316	0.00769
63	0.00746	0.00497	0.00560	0.00560	0.00560	0.00497	0.00311	0.00746	0.00746	0.00995	0.01617	0.03358	0.01865	0.81967	0.02612	0.00497	0.00497	0.00746	0.00311	0.00311
64	0.01393	0.04801	0.07239	0.04181	0.10311	0.15455	0.01090	0.07488	0.01187	0.07727	0.01017	0.01277	0.00835	0.00981	0.09301	0.00238	0.21311	0.00434	0.03083	0.00651
65	0.01372	0.82276	0.02689	0.00878	0.01317	0.02030	0.00878	0.01536	0.01043	0.01207	0.00713	0.00823	0.00658	0.00439	0.00329	0.00110	0.00549	0.00274	0.00219	0.00658
66	0.00619	0.00521	0.00537	0.00536	0.00705	0.00440	0.00405	0.00758	0.01189	0.01434	0.10077	0.04880	0.72145	0.01285	0.00608	0.00174	0.00263	0.02505	0.00482	0.00437
67	0.27970	0.03994	0.03532	0.03558	0.06713	0.07025	0.04690	0.26454	0.02707	0.07231	0.01039	0.01125	0.00767	0.00536	0.00446	0.00155	0.00554	0.00398	0.00385	0.00720
68	0.01863	0.01285	0.01585	0.05171	0.01711	0.01372	0.07792	0.52002	0.02041	0.15394	0.01341	0.01357	0.00933	0.00597	0.00517	0.00156	0.00567	0.00484	0.03002	0.00830
69	0.00621	0.00496	0.00556	0.00592	0.00715	0.00431	0.00425	0.00746	0.01129	0.01409	0.09608	0.29745	0.48961	0.01382	0.00622	0.00184	0.00271	0.01194	0.00483	0.00431
70	0.01276	0.01102	0.01160	0.01044	0.01334	0.01276	0.00812	0.02727	0.77840	0.02146	0.02088	0.01914	0.01566	0.00696	0.00522	0.00174	0.00406	0.00580	0.00522	0.00812
71	0.00702	0.00550	0.00653	0.00702	0.00851	0.00501	0.00576	0.00880	0.01182	0.01467	0.06074	0.05267	0.44805	0.01343	0.00649	0.00199	0.00349	0.32322	0.00477	0.00451
72	0.00787	0.00533	0.00617	0.00621	0.00645	0.00537	0.00389	0.02783	0.00841	0.01117	0.01735	0.03586	0.01966	0.70433	0.02335	0.00458	0.00496	0.09443	0.00335	0.00344
73	0.02302	0.00873	0.01191	0.00913	0.01310	0.00754	0.00754	0.02501	0.01469	0.79122	0.02024	0.01746	0.01270	0.00635	0.00516	0.00159	0.00437	0.00516	0.00635	0.00873
74	0.06193	0.77623	0.02578	0.00866	0.01298	0.01980	0.00860	0.01535	0.01033	0.01270	0.00713	0.00824	0.00653	0.00441	0.00329	0.00113	0.00540	0.00275	0.00225	0.00653

[dist]
# distance from previous block
# <min> <max>
0	7

[block]
# block no. 6 follows, 48 sequences, length 61
# corresponding to MSA columns:
# 352-377,383-417
name=unknown_G
#
# <colnr> <probs for GDERKNQSTAVLIFYWHMCP>
#	G	D	E	R	K	N	Q	S	T	A	V	L	I	F	Y	W	H	M	C	P
0	0.00733	0.00550	0.00825	0.00825	0.00916	0.00641	0.00641	0.00916	0.00825	0.01191	0.01374	0.02016	0.01283	0.03848	0.79934	0.00825	0.01374	0.00550	0.00275	0.00458
1	0.00689	0.00592	0.00738	0.16188	0.01257	0.00574	0.00605	0.00867	0.01154	0.01425	0.10574	0.08990	0.52224	0.01144	0.00591	0.00174	0.00343	0.00971	0.00436	0.00463
2	0.00715	0.00520	0.00672	0.00642	0.00761	0.00478	0.00479	0.00943	0.01414	0.01985	0.70835	0.07690	0.08762	0.01090	0.00608	0.00164	0.00246	0.00962	0.00556	0.00478
3	0.01064	0.00912	0.01064	0.00760	0.01216	0.00684	0.00608	0.01292	0.01064	0.01672	0.00912	0.01064	0.00760	0.00380	0.00380	0.00076	0.00380	0.00304	0.00304	0.85104
4	0.01987	0.00803	0.01090	0.00859	0.01201	0.00700	0.00700	0.02194	0.01465	0.63688	0.17340	0.02164	0.01985	0.00718	0.00534	0.00159	0.00398	0.00598	0.00621	0.00795
5	0.00781	0.00602	0.00844	0.00753	0.00905	0.00569	0.04926	0.01092	0.05105	0.02038	0.70342	0.03599	0.04449	0.00996	0.00601	0.00163	0.00286	0.00893	0.00545	0.00512
6	0.00625	0.00447	0.00595	0.00714	0.00744	0.00417	0.00476	0.00714	0.00982	0.01310	0.02828	0.81633	0.03394	0.01608	0.00655	0.00208	0.00298	0.01459	0.00476	0.00417
7	0.01025	0.01087	0.04989	0.60067	0.03292	0.01177	0.18244	0.01398	0.01069	0.01398	0.00940	0.01360	0.00704	0.00494	0.00533	0.00171	0.00727	0.00486	0.00235	0.00605
8	0.01249	0.02848	0.20724	0.01786	0.04961	0.06706	0.38000	0.01722	0.05612	0.04156	0.01064	0.01306	0.00802	0.00547	0.01691	0.00177	0.05157	0.00509	0.00275	0.00707
9	0.00705	0.00484	0.00677	0.04760	0.00903	0.00475	0.00553	0.00771	0.00953	0.01264	0.02408	0.57306	0.02810	0.01562	0.00871	0.13935	0.00358	0.08384	0.00422	0.00398
10	0.80266	0.01007	0.00838	0.00831	0.05905	0.01155	0.00620	0.01512	0.00892	0.02263	0.00730	0.00861	0.00572	0.00475	0.00330	0.00158	0.00410	0.00289	0.00314	0.00572
11	0.00696	0.00528	0.00614	0.00589	0.00741	0.00464	0.00443	0.00883	0.01316	0.03073	0.41768	0.04330	0.40381	0.01163	0.00604	0.00167	0.00254	0.00996	0.00523	0.00466
12	0.00625	0.00447	0.00595	0.00714	0.00744	0.00417	0.00476	0.00714	0.00982	0.01310	0.02828	0.81633	0.03394	0.01608	0.00655	0.00208	0.00298	0.01459	0.00476	0.00417
13	0.01218	0.06326	0.04384	0.16710	0.41110	0.03586	0.01364	0.04443	0.03919	0.01599	0.01061	0.05304	0.00921	0.00568	0.00572	0.00161	0.05267	0.00494	0.00275	0.00718
14	0.00741	0.00546	0.00807	0.00807	0.00898	0.00633	0.00625	0.00923	0.00832	0.01213	0.01390	0.02038	0.01295	0.05260	0.75555	0.00793	0.01316	0.00551	0.03321	0.00456
15	0.07051	0.06468	0.03746	0.04269	0.01602	0.01472	0.00963	0.54386	0.02036	0.11144	0.01231	0.01238	0.00869	0.00590	0.00489	0.00153	0.00550	0.00442	0.00476	0.00824
16	0.01568	0.01283	0.05887	0.01156	0.01582	0.01213	0.08432	0.35804	0.06165	0.08432	0.01307	0.04727	0.01006	0.00589	0.00499	0.00144	0.00535	0.00492	0.00435	0.18744
17	0.01634	0.04697	0.04388	0.02610	0.07427	0.08245	0.00919	0.17949	0.13486	0.18943	0.06317	0.01583	0.01282	0.00613	0.00495	0.00150	0.00517	0.00491	0.03235	0.05020
18	0.00628	0.00448	0.00598	0.00713	0.00745	0.00418	0.00476	0.00720	0.00993	0.01327	0.04609	0.79801	0.03428	0.01594	0.00654	0.00207	0.00296	0.01446	0.00478	0.00418
19	0.03311	0.05138	0.01253	0.00931	0.01288	0.00958	0.00767	0.15684	0.04053	0.47746	0.05743	0.05599	0.01475	0.00700	0.00515	0.00159	0.00445	0.01661	0.01772	0.00802
20	0.01621	0.06806	0.08615	0.03626	0.05824	0.12348	0.04659	0.26530	0.06460	0.09033	0.01239	0.01312	0.00914	0.00565	0.00483	0.00149	0.00601	0.00444	0.08021	0.00749
21	0.01338	0.00952	0.01188	0.06210	0.10604	0.02159	0.00873	0.14621	0.10904	0.13962	0.05096	0.02769	0.16315	0.00847	0.00559	0.00172	0.00462	0.09813	0.00470	0.00687
22	0.00652	0.00522	0.00584	0.00568	0.00721	0.00453	0.00426	0.00826	0.01278	0.01644	0.33387	0.04513	0.50208	0.01203	0.00606	0.00169	0.00253	0.01023	0.00510	0.00453
23	0.02640	0.38373	0.22531	0.01497	0.17196	0.01545	0.02541	0.01541	0.01098	0.01478	0.04557	0.01136	0.00888	0.00485	0.00425	0.00137	0.00604	0.00376	0.00245	0.00706
24	0.06038	0.02858	0.06389	0.04405	0.09923	0.07368	0.01036	0.29870	0.04566	0.20471	0.01320	0.01327	0.00928	0.00577	0.00495	0.00155	0.00570	0.00450	0.00450	0.00804
25	0.12212	0.04390	0.01476	0.09242	0.09538	0.36501	0.03493	0.07275	0.02730	0.01613	0.01008	0.06347	0.00881	0.00587	0.00472	0.00149	0.00710	0.00445	0.00302	0.00628
26	0.05069	0.02859	0.14235	0.15875	0.04428	0.04862	0.03876	0.16100	0.16025	0.01967	0.01434	0.01601	0.04688	0.00617	0.00521	0.00164	0.01662	0.01879	0.01427	0.00710
27	0.01030	0.02365	0.65160	0.01408	0.02068	0.03708	0.05076	0.01559	0.01117	0.01623	0.05352	0.05111	0.01022	0.00572	0.00507	0.00164	0.00718	0.00470	0.00252	0.00718
28	0.00612	0.00507	0.00536	0.00556	0.00704	0.00431	0.00407	0.00737	0.01143	0.01387	0.06329	0.18259	0.63929	0.01348	0.00615	0.00179	0.00266	0.01145	0.00478	0.00431
29	0.18738	0.03604	0.05935	0.00817	0.01152	0.02641	0.00702	0.06497	0.03059	0.12144	0.15911	0.03108	0.03882	0.00650	0.00457	0.00142	0.00409	0.00514	0.03741	0.15896
30	0.01741	0.01184	0.05035	0.00996	0.01433	0.01072	0.00850	0.30414	0.01689	0.23635	0.01341	0.01317	0.00938	0.00545	0.00473	0.00133	0.00484	0.00426	0.00471	0.25824
31	0.85592	0.00992	0.00754	0.00675	0.00992	0.01151	0.00556	0.01508	0.00873	0.02302	0.00714	0.00834	0.00556	0.00476	0.00318	0.00159	0.00397	0.00278	0.00318	0.00556
32	0.10875	0.01323	0.01380	0.01099	0.01476	0.01481	0.00898	0.54213	0.17123	0.02918	0.01345	0.01323	0.00975	0.00617	0.00494	0.00158	0.00515	0.00465	0.00494	0.00826
