[name]
unknown

[dist]
# distance from previous block
# <min> <max>
0	0

[block]
# block no. 0 follows, 46 sequences, length 14
# corresponding to MSA columns:
# 9-22
name=unknown_A
#
# <colnr> <probs for GDERKNQSTAVLIFYWHMCP>
#	G	D	E	R	K	N	Q	S	T	A	V	L	I	F	Y	W	H	M	C	P
0	0.00852	0.00608	0.00852	0.00974	0.01095	0.00608	0.00852	0.01095	0.01217	0.01582	0.02799	0.05963	0.03042	0.01460	0.00730	0.00243	0.00487	0.74565	0.00487	0.00487
1	0.01393	0.01447	0.01967	0.11558	0.56023	0.15248	0.01497	0.01680	0.01240	0.01607	0.00956	0.01256	0.00794	0.00491	0.00516	0.00155	0.00695	0.00447	0.00261	0.00769
2	0.01975	0.02520	0.01498	0.01362	0.01634	0.79299	0.01021	0.02111	0.01498	0.01294	0.00817	0.00953	0.00681	0.00545	0.00477	0.00136	0.00953	0.00340	0.00272	0.00613
3	0.00643	0.00465	0.00608	0.00722	0.00763	0.00431	0.00484	0.00738	0.01026	0.01355	0.03087	0.75699	0.08762	0.01634	0.00671	0.00212	0.00304	0.01475	0.00491	0.00431
4	0.01283	0.01243	0.02161	0.08732	0.68416	0.01255	0.05902	0.01607	0.01196	0.01698	0.00995	0.01322	0.00826	0.00474	0.00530	0.00160	0.00649	0.00480	0.00260	0.00812
5	0.00661	0.00485	0.00622	0.00698	0.00765	0.00445	0.00481	0.00788	0.01127	0.01505	0.17396	0.57165	0.12898	0.01508	0.00659	0.00201	0.00291	0.01352	0.00508	0.00445
6	0.00961	0.00675	0.00841	0.00790	0.00910	0.00714	0.00581	0.12932	0.01220	0.01688	0.14434	0.12172	0.02224	0.17236	0.21653	0.06390	0.00679	0.00761	0.02645	0.00494
7	0.01598	0.01238	0.01558	0.09143	0.16506	0.01357	0.01100	0.33577	0.15425	0.05861	0.01371	0.01472	0.01026	0.00731	0.02444	0.03259	0.00582	0.00500	0.00439	0.00811
8	0.01064	0.04336	0.56154	0.13649	0.02449	0.01225	0.07564	0.01591	0.01104	0.01591	0.00977	0.01262	0.00730	0.03380	0.00589	0.00180	0.00763	0.00432	0.00232	0.00727
9	0.00872	0.00865	0.07389	0.00972	0.02444	0.00712	0.08083	0.02463	0.01228	0.03062	0.22252	0.20396	0.15687	0.03811	0.00731	0.00191	0.03915	0.00950	0.00447	0.03531
10	0.01456	0.01064	0.01194	0.00966	0.01284	0.01095	0.00759	0.30635	0.11559	0.05375	0.04653	0.05411	0.01359	0.06860	0.00801	0.06991	0.00476	0.00552	0.00454	0.17056
11	0.01222	0.00984	0.01477	0.03876	0.01548	0.01002	0.17122	0.17543	0.06829	0.05351	0.09338	0.23110	0.02092	0.05113	0.00711	0.00199	0.00526	0.00856	0.00452	0.00648
12	0.05164	0.08540	0.04742	0.03655	0.15135	0.20634	0.22143	0.04246	0.01295	0.03305	0.01073	0.01293	0.02774	0.00530	0.00556	0.00158	0.03298	0.00472	0.00286	0.00699
13	0.00647	0.00480	0.00604	0.00693	0.00758	0.00437	0.00474	0.00758	0.01081	0.01415	0.08278	0.61291	0.18039	0.01557	0.00662	0.00205	0.00295	0.01392	0.00497	0.00437

[dist]
# distance from previous block
# <min> <max>
5	7

[block]
# block no. 1 follows, 46 sequences, length 34
# corresponding to MSA columns:
# 36-69
name=unknown_B
#
# <colnr> <probs for GDERKNQSTAVLIFYWHMCP>
#	G	D	E	R	K	N	Q	S	T	A	V	L	I	F	Y	W	H	M	C	P
0	0.34995	0.25401	0.17449	0.01016	0.01476	0.06612	0.03365	0.01628	0.01046	0.01802	0.00795	0.00932	0.00638	0.00484	0.00386	0.00148	0.00583	0.00321	0.00270	0.00654
1	0.01060	0.02735	0.78682	0.01507	0.02288	0.01228	0.01953	0.01674	0.01116	0.01674	0.00949	0.01116	0.00670	0.00502	0.00502	0.00167	0.00781	0.00391	0.00223	0.00781
2	0.01160	0.01022	0.03645	0.06321	0.01340	0.06369	0.00788	0.03086	0.28308	0.06177	0.24315	0.06298	0.07229	0.00869	0.00568	0.00172	0.00428	0.00738	0.00502	0.00665
3	0.00677	0.00513	0.00628	0.00673	0.00778	0.00463	0.00490	0.00830	0.01201	0.01573	0.21493	0.33976	0.26964	0.01407	0.00651	0.00194	0.00293	0.06228	0.00512	0.00455
4	0.01001	0.00818	0.01174	0.13063	0.01546	0.00860	0.07487	0.11061	0.06636	0.01866	0.18230	0.29290	0.02677	0.01053	0.00608	0.00185	0.00451	0.00952	0.00460	0.00584
5	0.00950	0.00552	0.00680	0.00668	0.00744	0.00525	0.00439	0.01030	0.01005	0.11229	0.09741	0.21580	0.02511	0.41888	0.01665	0.00352	0.00422	0.00923	0.02652	0.00443
6	0.02096	0.01233	0.01415	0.01092	0.01499	0.01285	0.00900	0.45421	0.04067	0.30731	0.01603	0.01501	0.01080	0.00643	0.00526	0.00160	0.00520	0.00500	0.02841	0.00887
7	0.02250	0.00942	0.01234	0.00963	0.01361	0.00859	0.00790	0.04821	0.09491	0.68214	0.02068	0.01802	0.01328	0.00660	0.00532	0.00165	0.00451	0.00537	0.00638	0.00893
8	0.00730	0.00533	0.00650	0.00662	0.00741	0.00525	0.00464	0.00840	0.00993	0.01310	0.09471	0.08681	0.19242	0.31696	0.15634	0.00430	0.00583	0.06007	0.00398	0.00410
9	0.01413	0.81739	0.02770	0.00905	0.01357	0.02092	0.00905	0.01583	0.01074	0.01244	0.00735	0.00848	0.00678	0.00452	0.00339	0.00113	0.00565	0.00283	0.00226	0.00678
10	0.00994	0.00658	0.00745	0.00670	0.00887	0.00589	0.00515	0.06207	0.01358	0.12197	0.15459	0.05998	0.44851	0.03547	0.00663	0.00182	0.00323	0.00947	0.00520	0.02692
11	0.01095	0.10520	0.71201	0.01447	0.02196	0.01313	0.01850	0.01665	0.01112	0.01632	0.00928	0.01090	0.00671	0.00497	0.00486	0.00162	0.00760	0.00380	0.00224	0.00771
12	0.01073	0.01075	0.01974	0.55878	0.04980	0.01236	0.19678	0.01437	0.01096	0.01439	0.00961	0.01400	0.00731	0.00525	0.00606	0.00179	0.04359	0.00507	0.00243	0.00623
13	0.01734	0.03776	0.01501	0.09782	0.01774	0.48577	0.01036	0.12378	0.01543	0.01642	0.06131	0.01260	0.01008	0.00611	0.00565	0.00150	0.05146	0.00421	0.00322	0.00642
14	0.00998	0.00940	0.01586	0.80150	0.03641	0.01175	0.01468	0.01351	0.01057	0.01351	0.00940	0.01409	0.00705	0.00529	0.00529	0.00176	0.00705	0.00470	0.00235	0.00587
15	0.00969	0.00566	0.00743	0.00771	0.00887	0.00523	0.00566	0.01103	0.01139	0.13919	0.06965	0.41695	0.07811	0.08611	0.00835	0.00232	0.00368	0.11283	0.00506	0.00509
16	0.00765	0.00512	0.00580	0.00583	0.00587	0.00510	0.00329	0.00773	0.00792	0.01058	0.03387	0.05600	0.02033	0.77454	0.02590	0.00497	0.00501	0.00793	0.00331	0.00327
17	0.00754	0.00511	0.00600	0.00613	0.00623	0.00514	0.00363	0.00777	0.00801	0.01075	0.01785	0.11852	0.02052	0.67309	0.07802	0.00503	0.00553	0.00835	0.00336	0.00343
18	0.02094	0.00865	0.01156	0.00917	0.01275	0.00770	0.00744	0.05872	0.01517	0.62963	0.07519	0.08557	0.01734	0.00768	0.00550	0.00168	0.00430	0.00640	0.00629	0.00832
19	0.02010	0.01481	0.01587	0.01216	0.01639	0.01639	0.01005	0.76360	0.02486	0.03332	0.01269	0.01269	0.00899	0.00635	0.00529	0.00159	0.00582	0.00476	0.00529	0.00899
20	0.01921	0.06923	0.01640	0.01185	0.01602	0.01648	0.00986	0.66151	0.07585	0.03112	0.01294	0.01289	0.00934	0.00628	0.00517	0.00157	0.00569	0.00471	0.00509	0.00880
21	0.03771	0.04095	0.07321	0.01073	0.01464	0.01160	0.00941	0.19097	0.08656	0.35656	0.03571	0.01605	0.01210	0.00716	0.01898	0.00178	0.05727	0.00507	0.00524	0.00831
22	0.04117	0.04678	0.01470	0.01334	0.04112	0.66877	0.00982	0.02004	0.01433	0.01382	0.00880	0.01029	0.00729	0.00543	0.00463	0.00136	0.00868	0.00352	0.05998	0.00613
23	0.00920	0.00692	0.00739	0.03795	0.00865	0.04429	0.00484	0.06165	0.01061	0.01418	0.08853	0.09518	0.04888	0.46264	0.01757	0.00361	0.00478	0.00788	0.06097	0.00427
24	0.00656	0.00527	0.00586	0.00592	0.00739	0.00456	0.00436	0.00812	0.01248	0.01580	0.21983	0.14810	0.51079	0.01320	0.00631	0.00180	0.00269	0.01129	0.00512	0.00456
25	0.00755	0.00566	0.00850	0.00850	0.00944	0.00661	0.00661	0.00944	0.00850	0.01227	0.01416	0.02077	0.01322	0.03965	0.79326	0.00850	0.01416	0.00566	0.00283	0.00472
26	0.07336	0.01178	0.01237	0.01037	0.01378	0.03248	0.00829	0.22048	0.33583	0.13884	0.02000	0.01875	0.06592	0.00709	0.00525	0.00169	0.00469	0.00564	0.00529	0.00812
27	0.01077	0.00716	0.00856	0.00810	0.00991	0.00713	0.00605	0.06281	0.13831	0.11339	0.16104	0.29080	0.11641	0.02624	0.00647	0.00192	0.00350	0.01011	0.00534	0.00598
28	0.01308	0.05196	0.04949	0.01588	0.01888	0.08627	0.26500	0.07527	0.01197	0.01608	0.01029	0.06068	0.00916	0.00701	0.00947	0.00187	0.26788	0.00556	0.00288	0.02131
29	0.00647	0.00466	0.00608	0.00719	0.00757	0.00433	0.00480	0.00739	0.01015	0.01343	0.03013	0.74084	0.07735	0.04320	0.00740	0.00223	0.00311	0.01456	0.00485	0.00427
30	0.01373	0.01094	0.01257	0.00987	0.01344	0.01090	0.00792	0.27851	0.02961	0.02218	0.01300	0.10980	0.01165	0.00684	0.00591	0.00138	0.07199	0.00535	0.00409	0.36031
31	0.07746	0.01267	0.01388	0.01090	0.01475	0.01361	0.00892	0.52282	0.02092	0.16119	0.01555	0.06262	0.02634	0.00704	0.00526	0.00164	0.00524	0.00548	0.00533	0.00839
32	0.01305	0.01112	0.06449	0.01096	0.06580	0.01030	0.00830	0.24380	0.01448	0.03950	0.01488	0.04480	0.04076	0.22403	0.01136	0.00247	0.03212	0.00580	0.00390	0.13806
33	0.01307	0.06935	0.02309	0.01675	0.02015	0.03895	0.35024	0.06710	0.08903	0.01691	0.01076	0.01385	0.00872	0.02168	0.00912	0.00191	0.21401	0.00540	0.00301	0.00690

[dist]
# distance from previous block
# <min> <max>
5	18

[block]
# block no. 2 follows, 46 sequences, length 6
# corresponding to MSA columns:
# 89-91,111-113
name=unknown_C
#
# <colnr> <probs for GDERKNQSTAVLIFYWHMCP>
#	G	D	E	R	K	N	Q	S	T	A	V	L	I	F	Y	W	H	M	C	P
0	0.07520	0.05981	0.00946	0.00766	0.00968	0.00782	0.00600	0.03851	0.07073	0.09064	0.32445	0.09478	0.08445	0.04099	0.03740	0.00210	0.00392	0.02560	0.00503	0.00575
1	0.10911	0.14664	0.18202	0.01085	0.01491	0.05717	0.03842	0.06871	0.01199	0.01806	0.05172	0.01306	0.01005	0.00576	0.00557	0.00150	0.07941	0.00415	0.09490	0.07601
2	0.01252	0.03619	0.14855	0.03774	0.01542	0.01004	0.03252	0.11192	0.05481	0.08557	0.01785	0.08173	0.07101	0.00761	0.00556	0.00160	0.02243	0.06688	0.00401	0.17604
3	0.00821	0.00635	0.00739	0.00689	0.00871	0.00580	0.00524	0.06723	0.01380	0.01843	0.30464	0.12175	0.29545	0.01157	0.00608	0.00171	0.00306	0.03371	0.00513	0.06882
4	0.09745	0.39967	0.06889	0.00937	0.01348	0.01555	0.00885	0.07851	0.06305	0.07656	0.06757	0.03272	0.01188	0.00582	0.00423	0.00139	0.00511	0.00427	0.00350	0.03212
5	0.00774	0.00597	0.00722	0.00782	0.00884	0.00598	0.00558	0.01130	0.14480	0.01552	0.06136	0.52504	0.11185	0.01424	0.00646	0.00204	0.00328	0.04487	0.00503	0.00508

[dist]
# distance from previous block
# <min> <max>
0	1

[block]
# block no. 3 follows, 46 sequences, length 12
# corresponding to MSA columns:
# 115-126
name=unknown_D
#
# <colnr> <probs for GDERKNQSTAVLIFYWHMCP>
#	G	D	E	R	K	N	Q	S	T	A	V	L	I	F	Y	W	H	M	C	P
0	0.01161	0.18103	0.54011	0.01609	0.11739	0.01401	0.01705	0.01650	0.01119	0.01596	0.00912	0.01088	0.00693	0.00488	0.00473	0.00155	0.00719	0.00380	0.00229	0.00768
1	0.01205	0.09227	0.11143	0.00929	0.01395	0.00966	0.00859	0.01507	0.03123	0.06744	0.03549	0.01240	0.00949	0.00485	0.00484	0.00111	0.04179	0.00370	0.00327	0.51208
2	0.44267	0.09754	0.25784	0.01015	0.01501	0.04064	0.01075	0.04141	0.01061	0.02031	0.00824	0.00957	0.00629	0.00497	0.00396	0.00159	0.00568	0.00327	0.00289	0.00662
3	0.01413	0.81739	0.02770	0.00905	0.01357	0.02092	0.00905	0.01583	0.01074	0.01244	0.00735	0.00848	0.00678	0.00452	0.00339	0.00113	0.00565	0.00283	0.00226	0.00678
4	0.01106	0.00896	0.03607	0.11969	0.01359	0.02813	0.00750	0.14733	0.01249	0.01740	0.03791	0.02270	0.03904	0.23421	0.08148	0.00318	0.03075	0.00596	0.13711	0.00544
5	0.00686	0.00562	0.00608	0.00592	0.00762	0.00496	0.00445	0.00907	0.04450	0.01643	0.24312	0.04658	0.55523	0.01245	0.00621	0.00175	0.00269	0.01052	0.00517	0.00476
6	0.01152	0.00981	0.01047	0.00953	0.01214	0.01097	0.00737	0.02310	0.57529	0.02100	0.12550	0.02629	0.11752	0.00844	0.00560	0.00177	0.00377	0.00711	0.00538	0.00743
7	0.01924	0.01051	0.01233	0.00971	0.01313	0.01064	0.00780	0.31484	0.01774	0.33300	0.01683	0.01813	0.01228	0.10905	0.00793	0.00203	0.00495	0.00537	0.06653	0.00796
8	0.00782	0.00545	0.00706	0.00784	0.00843	0.00539	0.00589	0.00907	0.01015	0.01335	0.02410	0.19566	0.02723	0.30536	0.01431	0.00336	0.00461	0.33650	0.00427	0.00415
9	0.03925	0.54029	0.24081	0.01060	0.01590	0.01763	0.01176	0.01587	0.01095	0.01432	0.03502	0.01033	0.00824	0.00490	0.00395	0.00132	0.00610	0.00337	0.00241	0.00698
10	0.00758	0.00557	0.00802	0.00802	0.00880	0.00635	0.00602	0.00914	0.00836	0.01192	0.01459	0.02317	0.01426	0.17405	0.66028	0.00791	0.01259	0.00602	0.00290	0.00446
11	0.00647	0.00469	0.00612	0.00719	0.00764	0.00433	0.00485	0.00748	0.01046	0.01387	0.06149	0.72399	0.08972	0.01610	0.00669	0.00210	0.00302	0.01452	0.00494	0.00433

[dist]
# distance from previous block
# <min> <max>
0	1

[block]
# block no. 4 follows, 46 sequences, length 21
# corresponding to MSA columns:
# 128-148
name=unknown_E
#
# <colnr> <probs for GDERKNQSTAVLIFYWHMCP>
#	G	D	E	R	K	N	Q	S	T	A	V	L	I	F	Y	W	H	M	C	P
0	0.01060	0.02735	0.78682	0.01507	0.02288	0.01228	0.01953	0.01674	0.01116	0.01674	0.00949	0.01116	0.00670	0.00502	0.00502	0.00167	0.00781	0.00391	0.00223	0.00781
1	0.01319	0.03862	0.02112	0.07345	0.68797	0.04093	0.01569	0.01624	0.01202	0.01675	0.00977	0.01286	0.00819	0.00476	0.00516	0.00156	0.00642	0.00460	0.00259	0.00810
2	0.01060	0.02735	0.78682	0.01507	0.02288	0.01228	0.01953	0.01674	0.01116	0.01674	0.00949	0.01116	0.00670	0.00502	0.00502	0.00167	0.00781	0.00391	0.00223	0.00781
3	0.04526	0.01041	0.01300	0.00999	0.01409	0.00992	0.00825	0.20032	0.01727	0.58621	0.01856	0.01648	0.01192	0.00645	0.00525	0.00162	0.00480	0.00512	0.00616	0.00891
4	0.00643	0.00463	0.00610	0.00728	0.00765	0.00430	0.00487	0.00737	0.01020	0.01353	0.03015	0.77927	0.06580	0.01643	0.00673	0.00213	0.00305	0.01487	0.00491	0.00430
5	0.00855	0.00551	0.00672	0.00687	0.00828	0.00488	0.00503	0.00994	0.01191	0.10479	0.10235	0.34342	0.31127	0.01364	0.00637	0.00192	0.00310	0.03530	0.00518	0.00499
6	0.00718	0.00520	0.00635	0.00668	0.00782	0.00467	0.00483	0.00869	0.01210	0.03742	0.21568	0.33708	0.27656	0.01383	0.00644	0.00191	0.00290	0.03483	0.00517	0.00466
7	0.75469	0.01008	0.00830	0.00724	0.01061	0.01138	0.00596	0.01674	0.00971	0.11278	0.00894	0.00969	0.00659	0.00510	0.00351	0.00164	0.00414	0.00315	0.00365	0.00611
8	0.01345	0.01111	0.01189	0.01058	0.01345	0.01262	0.00823	0.14096	0.56551	0.02286	0.02103	0.11117	0.01722	0.00814	0.00553	0.00180	0.00431	0.00685	0.00531	0.00799
9	0.01883	0.01282	0.01438	0.03571	0.01570	0.01391	0.00933	0.54882	0.04217	0.13166	0.01489	0.05429	0.01133	0.02929	0.02023	0.00185	0.00563	0.00548	0.00525	0.00841
10	0.03346	0.11086	0.01523	0.02929	0.02645	0.26339	0.00936	0.10753	0.12708	0.05963	0.01200	0.01328	0.00955	0.00910	0.07692	0.00216	0.06121	0.00434	0.02228	0.00688
11	0.85155	0.01022	0.00777	0.00695	0.01022	0.01186	0.00573	0.01554	0.00900	0.02372	0.00736	0.00859	0.00573	0.00491	0.00327	0.00164	0.00409	0.00286	0.00327	0.00573
12	0.00878	0.10047	0.00936	0.00750	0.00874	0.00739	0.00571	0.03385	0.01103	0.01569	0.08747	0.36573	0.02495	0.01468	0.09185	0.00249	0.02711	0.00957	0.16263	0.00500
13	0.00649	0.00469	0.00615	0.00730	0.00772	0.00435	0.00495	0.00747	0.01030	0.01361	0.03066	0.74214	0.08207	0.01631	0.00673	0.00213	0.00309	0.03462	0.00491	0.00432
14	0.00657	0.00476	0.00622	0.00726	0.00776	0.00441	0.00498	0.00767	0.01064	0.01413	0.07875	0.68041	0.08857	0.01590	0.00670	0.00210	0.00307	0.04075	0.00496	0.00437
15	0.00726	0.00582	0.00917	0.00903	0.01003	0.00543	0.09350	0.00878	0.01094	0.01476	0.11121	0.63087	0.03349	0.01450	0.00663	0.00205	0.00369	0.01339	0.00475	0.00470
16	0.00893	0.00762	0.01064	0.00996	0.01038	0.00962	0.00778	0.01023	0.00854	0.01254	0.01391	0.12898	0.01457	0.10542	0.30313	0.00485	0.30212	0.00679	0.01908	0.00490
17	0.03882	0.06362	0.04853	0.01176	0.01502	0.33059	0.00952	0.10824	0.23416	0.01848	0.01523	0.01528	0.05534	0.00643	0.00498	0.00155	0.00670	0.00474	0.00389	0.00711
18	0.03305	0.00660	0.00853	0.00789	0.03019	0.00596	0.00587	0.01241	0.01418	0.10216	0.54162	0.03292	0.03807	0.00934	0.00579	0.00158	0.00310	0.03135	0.00540	0.10399
19	0.01460	0.57554	0.16740	0.01021	0.01530	0.01777	0.01085	0.01716	0.01133	0.10362	0.00933	0.01009	0.00751	0.00485	0.00392	0.00129	0.00592	0.00332	0.00276	0.00723
20	0.11442	0.27298	0.13892	0.01032	0.01467	0.01504	0.01008	0.12521	0.10191	0.06301	0.01176	0.01301	0.00922	0.00570	0.00458	0.00150	0.01874	0.01936	0.04226	0.00731

[dist]
# distance from previous block
# <min> <max>
0	2

[block]
# block no. 5 follows, 46 sequences, length 50
# corresponding to MSA columns:
# 179-216,218-229
name=unknown_F
#
# <colnr> <probs for GDERKNQSTAVLIFYWHMCP>
#	G	D	E	R	K	N	Q	S	T	A	V	L	I	F	Y	W	H	M	C	P
0	0.01593	0.10319	0.04610	0.11156	0.17336	0.35743	0.05389	0.04955	0.01356	0.01504	0.00897	0.01114	0.00731	0.00515	0.00489	0.00147	0.00792	0.00399	0.00270	0.00686
1	0.05804	0.02468	0.11902	0.00988	0.01328	0.00979	0.00891	0.02002	0.24712	0.17264	0.14283	0.02445	0.03113	0.03359	0.00615	0.00186	0.00456	0.05987	0.00497	0.00722
2	0.01283	0.01086	0.01159	0.01044	0.01330	0.01239	0.00817	0.06025	0.64993	0.02218	0.06407	0.02266	0.03502	0.00775	0.00551	0.00180	0.00416	0.03373	0.00537	0.00799
3	0.01100	0.02468	0.63940	0.01597	0.02321	0.01248	0.13126	0.01726	0.04397	0.01700	0.01019	0.01200	0.00730	0.00503	0.00522	0.00170	0.00782	0.00435	0.00243	0.00773
4	0.00706	0.00528	0.00657	0.00661	0.00781	0.00479	0.00490	0.00901	0.01331	0.01801	0.44674	0.18021	0.21357	0.01259	0.00638	0.00181	0.00274	0.04246	0.00541	0.00474
5	0.00745	0.00540	0.00702	0.00661	0.00788	0.00497	0.00496	0.00990	0.01488	0.02099	0.75679	0.03983	0.07166	0.01088	0.00624	0.00167	0.00250	0.00961	0.00579	0.00497
6	0.85155	0.01022	0.00777	0.00695	0.01022	0.01186	0.00573	0.01554	0.00900	0.02372	0.00736	0.00859	0.00573	0.00491	0.00327	0.00164	0.00409	0.00286	0.00327	0.00573
7	0.05030	0.01335	0.04815	0.40877	0.06056	0.13738	0.07398	0.03992	0.01217	0.05794	0.01042	0.01425	0.00806	0.00559	0.00541	0.00169	0.01938	0.02334	0.00287	0.00645
8	0.00712	0.00523	0.00666	0.00664	0.00776	0.00478	0.00485	0.00915	0.01361	0.01877	0.53541	0.19862	0.13717	0.01230	0.00634	0.00178	0.00263	0.01088	0.00552	0.00478
9	0.01218	0.19276	0.55188	0.01419	0.05155	0.01387	0.01653	0.01703	0.01133	0.05849	0.00969	0.01105	0.00714	0.00499	0.00470	0.00155	0.00711	0.00379	0.00249	0.00768
10	0.85155	0.01022	0.00777	0.00695	0.01022	0.01186	0.00573	0.01554	0.00900	0.02372	0.00736	0.00859	0.00573	0.00491	0.00327	0.00164	0.00409	0.00286	0.00327	0.00573
11	0.85155	0.01022	0.00777	0.00695	0.01022	0.01186	0.00573	0.01554	0.00900	0.02372	0.00736	0.00859	0.00573	0.00491	0.00327	0.00164	0.00409	0.00286	0.00327	0.00573
12	0.00737	0.00540	0.00692	0.00654	0.00783	0.00494	0.00490	0.00977	0.01471	0.02059	0.71504	0.04049	0.11366	0.01103	0.00624	0.00167	0.00251	0.00970	0.00574	0.00494
13	0.01348	0.01364	0.01871	0.12074	0.46996	0.12560	0.03090	0.03021	0.04768	0.01690	0.05288	0.01448	0.01065	0.00536	0.00526	0.00158	0.00659	0.00488	0.00295	0.00754
14	0.01384	0.00896	0.00979	0.02835	0.01129	0.00972	0.00672	0.21926	0.11414	0.06573	0.01631	0.01767	0.01241	0.02266	0.00528	0.00154	0.02329	0.00508	0.40125	0.00672
15	0.00657	0.00534	0.00585	0.00597	0.00751	0.00461	0.00449	0.00810	0.01231	0.01531	0.15595	0.11780	0.56420	0.01336	0.00635	0.00184	0.00281	0.05204	0.00504	0.00455
16	0.02005	0.01244	0.01380	0.01080	0.01466	0.03749	0.00883	0.42004	0.05172	0.26705	0.04710	0.01590	0.01235	0.00659	0.00527	0.00159	0.00520	0.00514	0.03542	0.00857
17	0.01206	0.00898	0.01028	0.00814	0.01160	0.00797	0.00639	0.14136	0.01336	0.04119	0.01430	0.13102	0.01299	0.00659	0.00458	0.00121	0.00393	0.00548	0.12188	0.43668
18	0.02009	0.01514	0.01584	0.01221	0.01639	0.04115	0.01005	0.73994	0.02454	0.03267	0.01255	0.01259	0.00892	0.00632	0.00527	0.00158	0.00594	0.00472	0.00521	0.00890
19	0.01096	0.00940	0.01096	0.00783	0.01253	0.00705	0.00626	0.01331	0.01096	0.01723	0.00940	0.01096	0.00783	0.00392	0.00392	0.00078	0.00392	0.00313	0.00313	0.84653
20	0.01401	0.71754	0.02575	0.00926	0.01359	0.01996	0.00896	0.01735	0.10501	0.01364	0.00910	0.00987	0.00794	0.00485	0.00364	0.00121	0.00547	0.00322	0.00265	0.00698
21	0.85155	0.01022	0.00777	0.00695	0.01022	0.01186	0.00573	0.01554	0.00900	0.02372	0.00736	0.00859	0.00573	0.00491	0.00327	0.00164	0.00409	0.00286	0.00327	0.00573
22	0.01696	0.41788	0.13463	0.01006	0.01492	0.01504	0.01015	0.01944	0.01234	0.28313	0.01239	0.01220	0.00897	0.00530	0.00431	0.00139	0.00557	0.00386	0.00375	0.00771
23	0.00654	0.00468	0.00622	0.00729	0.00769	0.00436	0.00491	0.00760	0.01057	0.01421	0.09898	0.73887	0.03636	0.01603	0.00670	0.00210	0.00301	0.01452	0.00499	0.00436
24	0.00648	0.00473	0.00606	0.00706	0.00756	0.00436	0.00475	0.00747	0.01041	0.01371	0.05254	0.67644	0.12268	0.03985	0.00728	0.00218	0.00307	0.01420	0.00488	0.00430
25	0.29596	0.01024	0.01079	0.00882	0.01231	0.01077	0.00720	0.15743	0.06146	0.26767	0.05679	0.01527	0.01214	0.00622	0.00461	0.00162	0.00438	0.00466	0.04422	0.00746
26	0.00705	0.00526	0.00655	0.00649	0.00770	0.00476	0.00477	0.00904	0.01356	0.01848	0.50306	0.16751	0.20171	0.01229	0.00632	0.00177	0.00263	0.01079	0.00548	0.00476
27	0.01050	0.00791	0.00858	0.00784	0.01023	0.00802	0.00605	0.01704	0.29337	0.08796	0.10411	0.03534	0.36158	0.01023	0.00584	0.00176	0.00338	0.00857	0.00531	0.00637
28	0.01496	0.01199	0.01278	0.01100	0.01429	0.01363	0.00869	0.18048	0.58998	0.05154	0.01966	0.01820	0.01455	0.00698	0.00536	0.00174	0.00453	0.00570	0.00540	0.00852
29	0.81547	0.01019	0.00812	0.04102	0.01135	0.01185	0.00611	0.01545	0.00906	0.02328	0.00745	0.00882	0.00578	0.00492	0.00336	0.00164	0.00422	0.00294	0.00323	0.00573
30	0.00996	0.00702	0.00771	0.00747	0.00847	0.03427	0.00508	0.09620	0.01135	0.05726	0.02215	0.27669	0.06491	0.35023	0.01489	0.00326	0.00454	0.00958	0.00425	0.00471
31	0.78407	0.01031	0.00834	0.02734	0.01116	0.01190	0.00614	0.03896	0.00968	0.04243	0.00791	0.00909	0.00604	0.00500	0.00344	0.00164	0.00423	0.00303	0.00339	0.00591
32	0.01242	0.01415	0.03084	0.04005	0.02783	0.01333	0.74499	0.01686	0.01243	0.01686	0.01067	0.01426	0.00800	0.00448	0.00622	0.00178	0.00887	0.00620	0.00267	0.00710
33	0.00645	0.00489	0.00596	0.00677	0.00758	0.00440	0.00471	0.00757	0.01088	0.01396	0.05366	0.53962	0.26797	0.01540	0.00659	0.00203	0.00297	0.02929	0.00493	0.00437
34	0.00655	0.00468	0.00626	0.00745	0.00781	0.00439	0.00506	0.00757	0.01032	0.01376	0.04560	0.76156	0.03510	0.01635	0.00676	0.00215	0.00313	0.04623	0.00493	0.00433
35	0.00741	0.00536	0.00701	0.00681	0.00799	0.00496	0.00511	0.00974	0.01437	0.02016	0.66710	0.10801	0.06257	0.01152	0.00632	0.00174	0.00265	0.04057	0.00568	0.00491
36	0.00840	0.00605	0.00835	0.00950	0.01075	0.00600	0.00828	0.01077	0.01216	0.01574	0.02934	0.05917	0.07004	0.01454	0.00725	0.00240	0.00475	0.70679	0.00487	0.00485
37	0.01362	0.01201	0.01219	0.01091	0.01393	0.04387	0.00849	0.05065	0.71879	0.02210	0.02072	0.01911	0.01555	0.00708	0.00535	0.00177	0.00444	0.00584	0.00527	0.00830
38	0.01115	0.01123	0.01703	0.01390	0.01565	0.04653	0.16266	0.01319	0.00968	0.01391	0.01021	0.05185	0.00960	0.01305	0.14097	0.00305	0.37592	0.00545	0.00268	0.07229
39	0.01399	0.78493	0.05889	0.00929	0.01395	0.02056	0.00948	0.01587	0.01076	0.01261	0.00744	0.00859	0.00678	0.00454	0.00346	0.00115	0.00574	0.00287	0.00226	0.00683
40	0.00918	0.00459	0.00689	0.00689	0.00689	0.00459	0.00459	0.00689	0.00689	0.00918	0.00918	0.01607	0.00918	0.01837	0.02066	0.84619	0.00459	0.00459	0.00230	0.00230
41	0.03124	0.49097	0.26430	0.01080	0.01617	0.01690	0.01205	0.01617	0.01116	0.03903	0.04168	0.01096	0.00879	0.00502	0.00409	0.00135	0.00612	0.00354	0.00256	0.00708
42	0.00705	0.00506	0.00669	0.00704	0.00787	0.00471	0.00503	0.00884	0.01276	0.01767	0.42948	0.38122	0.04283	0.01344	0.00649	0.00189	0.00280	0.02906	0.00539	0.00468
43	0.00707	0.00525	0.00750	0.00824	0.00887	0.00498	0.03646	0.00831	0.01039	0.01380	0.02752	0.62284	0.03231	0.06005	0.00793	0.00234	0.00369	0.12331	0.00472	0.00444
44	0.00798	0.00603	0.00866	0.00849	0.00935	0.00703	0.00650	0.02381	0.00870	0.01247	0.01411	0.02177	0.01354	0.12398	0.66017	0.00773	0.04629	0.00583	0.00290	0.00468
45	0.01060	0.02735	0.78682	0.01507	0.02288	0.01228	0.01953	0.01674	0.01116	0.01674	0.00949	0.01116	0.00670	0.00502	0.00502	0.00167	0.00781	0.00391	0.00223	0.00781
46	0.01318	0.01116	0.01206	0.06582	0.05697	0.08637	0.00905	0.03888	0.34177	0.07483	0.04568	0.02644	0.06471	0.00833	0.00568	0.00181	0.00503	0.12034	0.00475	0.00715
47	0.01863	0.01063	0.01298	0.01017	0.01412	0.01033	0.02149	0.19528	0.11036	0.34624	0.03146	0.01774	0.01294	0.00651	0.00521	0.00155	0.00473	0.03135	0.00546	0.13282
48	0.00648	0.00467	0.00611	0.00721	0.00761	0.00434	0.00483	0.00745	0.01030	0.01368	0.05048	0.73792	0.07177	0.03105	0.00708	0.00217	0.00307	0.01455	0.00490	0.00430
49	0.07479	0.28480	0.27332	0.01156	0.01645	0.09526	0.01228	0.03667	0.01171	0.03373	0.03788	0.01193	0.02306	0.00557	0.00509	0.00149	0.05086	0.00386	0.00274	0.00693

[dist]
# distance from previous block
# <min> <max>
9	34

[block]
# block no. 6 follows, 46 sequences, length 20
# corresponding to MSA columns:
# 265-284
name=unknown_G
#
# <colnr> <probs for GDERKNQSTAVLIFYWHMCP>
#	G	D	E	R	K	N	Q	S	T	A	V	L	I	F	Y	W	H	M	C	P
0	0.19436	0.06217	0.30607	0.05998	0.06764	0.01277	0.10888	0.04910	0.01127	0.01830	0.00946	0.01213	0.00738	0.03678	0.00584	0.00179	0.02218	0.00421	0.00272	0.00697
1	0.03246	0.01167	0.01237	0.01005	0.01331	0.03418	0.00810	0.42715	0.04873	0.06739	0.04044	0.04950	0.08062	0.00868	0.03481	0.00184	0.00523	0.00589	0.08315	0.02444
2	0.01583	0.01243	0.01446	0.01103	0.01520	0.02874	0.05647	0.36010	0.06627	0.04625	0.01241	0.01318	0.00933	0.00630	0.02374	0.00151	0.00547	0.00444	0.02860	0.26824
3	0.00723	0.00547	0.00599	0.00588	0.00758	0.00468	0.00440	0.00875	0.01252	0.04921	0.16662	0.09971	0.57752	0.01289	0.00624	0.00178	0.00276	0.01091	0.00513	0.00473
4	0.01972	0.01437	0.01547	0.01197	0.01611	0.01589	0.00985	0.68734	0.07797	0.05660	0.01359	0.01337	0.00963	0.00641	0.00530	0.00160	0.00566	0.00486	0.00534	0.00895
5	0.00918	0.00459	0.00689	0.00689	0.00689	0.00459	0.00459	0.00689	0.00689	0.00918	0.00918	0.01607	0.00918	0.01837	0.02066	0.84619	0.00459	0.00459	0.00230	0.00230
6	0.00998	0.00940	0.01586	0.80150	0.03641	0.01175	0.01468	0.01351	0.01057	0.01351	0.00940	0.01409	0.00705	0.00529	0.00529	0.00176	0.00705	0.00470	0.00235	0.00587
7	0.85155	0.01022	0.00777	0.00695	0.01022	0.01186	0.00573	0.01554	0.00900	0.02372	0.00736	0.00859	0.00573	0.00491	0.00327	0.00164	0.00409	0.00286	0.00327	0.00573
8	0.01413	0.81739	0.02770	0.00905	0.01357	0.02092	0.00905	0.01583	0.01074	0.01244	0.00735	0.00848	0.00678	0.00452	0.00339	0.00113	0.00565	0.00283	0.00226	0.00678
9	0.85155	0.01022	0.00777	0.00695	0.01022	0.01186	0.00573	0.01554	0.00900	0.02372	0.00736	0.00859	0.00573	0.00491	0.00327	0.00164	0.00409	0.00286	0.00327	0.00573
10	0.01292	0.01239	0.02115	0.07426	0.74074	0.01252	0.01614	0.01608	0.01196	0.01707	0.00991	0.01314	0.00830	0.00474	0.00524	0.00158	0.00632	0.00471	0.00260	0.00824
11	0.00780	0.00590	0.00844	0.00831	0.00903	0.00688	0.00628	0.00931	0.00833	0.01194	0.01420	0.02272	0.01393	0.17628	0.61256	0.00754	0.05718	0.00597	0.00287	0.00451
12	0.00756	0.00513	0.00593	0.00601	0.00612	0.00514	0.00352	0.00776	0.00800	0.01067	0.01822	0.08561	0.03798	0.70028	0.06675	0.00503	0.00542	0.00815	0.00334	0.00339
13	0.02164	0.00880	0.01179	0.00918	0.01294	0.00778	0.00753	0.05270	0.01549	0.66442	0.11092	0.02035	0.01732	0.00704	0.00542	0.00164	0.00431	0.00580	0.00641	0.00852
14	0.01363	0.01159	0.01222	0.01086	0.01393	0.01337	0.00848	0.07877	0.72023	0.02289	0.02091	0.01924	0.01565	0.00712	0.00537	0.00178	0.00430	0.00589	0.00537	0.00841
15	0.00732	0.00537	0.00681	0.00765	0.00847	0.00511	0.00555	0.04071	0.01133	0.01481	0.03161	0.55811	0.13538	0.01539	0.00670	0.00212	0.00341	0.12462	0.00492	0.00461
16	0.21672	0.01308	0.01300	0.01047	0.01417	0.03619	0.00855	0.44068	0.08851	0.05093	0.03384	0.01331	0.01016	0.00618	0.00480	0.00161	0.00517	0.00454	0.02023	0.00789
17	0.21419	0.06249	0.22424	0.08505	0.10258	0.01225	0.03123	0.07090	0.01211	0.06374	0.03932	0.01418	0.00970	0.00567	0.00474	0.00165	0.00594	0.02970	0.00325	0.00707
18	0.01046	0.00792	0.04231	0.00804	0.01014	0.00710	0.00648	0.08316	0.03542	0.07422	0.32034	0.12986	0.04757	0.04501	0.00691	0.00182	0.02011	0.02198	0.06120	0.05997
19	0.06912	0.10600	0.07508	0.02338	0.04008	0.14410	0.00952	0.07980	0.01196	0.01627	0.01161	0.08223	0.01077	0.02640	0.08203	0.00235	0.12374	0.00511	0.05866	0.02178

[dist]
# distance from previous block
# <min> <max>
2	11

[block]
# block no. 7 follows, 46 sequences, length 21
# corresponding to MSA columns:
# 298-318
name=unknown_H
#
# <colnr> <probs for GDERKNQSTAVLIFYWHMCP>
#	G	D	E	R	K	N	Q	S	T	A	V	L	I	F	Y	W	H	M	C	P
0	0.01254	0.01238	0.02197	0.13547	0.47673	0.01265	0.16348	0.01679	0.06321	0.01701	0.01080	0.01391	0.00864	0.00491	0.00545	0.00165	0.00677	0.00510	0.00278	0.00778
1	0.01282	0.01212	0.02044	0.18844	0.55022	0.01265	0.04998	0.05829	0.01249	0.01740	0.01002	0.01332	0.00812	0.00491	0.00529	0.00162	0.00653	0.00478	0.00272	0.00784
2	0.00645	0.00480	0.00601	0.00690	0.00757	0.00436	0.00472	0.00753	0.01076	0.01402	0.06895	0.61251	0.19494	0.01562	0.00662	0.00205	0.00296	0.01395	0.00495	0.00436
3	0.01288	0.01231	0.01923	0.10492	0.57103	0.03441	0.01473	0.01751	0.10968	0.01737	0.01170	0.01491	0.00966	0.00531	0.00529	0.00163	0.00615	0.02030	0.00300	0.00799
4	0.00676	0.00538	0.00607	0.00589	0.00745	0.00468	0.00442	0.00858	0.01326	0.01715	0.35431	0.04615	0.47654	0.01232	0.00624	0.00173	0.00260	0.01049	0.00529	0.00468
5	0.00918	0.00459	0.00689	0.00689	0.00689	0.00459	0.00459	0.00689	0.00689	0.00918	0.00918	0.01607	0.00918	0.01837	0.02066	0.84619	0.00459	0.00459	0.00230	0.00230
6	0.01104	0.12568	0.69233	0.01432	0.02172	0.01335	0.01823	0.01663	0.01111	0.01621	0.00922	0.01083	0.00671	0.00496	0.00482	0.00161	0.00754	0.00377	0.00224	0.00768
7	0.01095	0.00991	0.01586	0.72598	0.03450	0.01219	0.01424	0.08527	0.01194	0.01540	0.00971	0.01396	0.00723	0.00539	0.00529	0.00175	0.00693	0.00470	0.00263	0.00617
8	0.01277	0.40591	0.36621	0.01208	0.01788	0.05497	0.01385	0.01642	0.01108	0.01439	0.00834	0.00980	0.00675	0.00490	0.00452	0.00141	0.02587	0.00338	0.00227	0.00719
9	0.05648	0.01387	0.01467	0.01163	0.01555	0.01550	0.00949	0.57347	0.18261	0.03050	0.01432	0.01400	0.01036	0.00646	0.00522	0.00163	0.00539	0.00493	0.00522	0.00871
10	0.85155	0.01022	0.00777	0.00695	0.01022	0.01186	0.00573	0.01554	0.00900	0.02372	0.00736	0.00859	0.00573	0.00491	0.00327	0.00164	0.00409	0.00286	0.00327	0.00573
11	0.01865	0.08458	0.03527	0.01237	0.09265	0.06477	0.00932	0.09063	0.07236	0.37227	0.03113	0.03303	0.02996	0.00668	0.00520	0.00160	0.00522	0.02115	0.00505	0.00810
12	0.00718	0.00493	0.00652	0.00732	0.00796	0.00457	0.00509	0.00845	0.01117	0.03783	0.15236	0.61977	0.05521	0.01518	0.00662	0.00205	0.00306	0.03505	0.00510	0.00457
13	0.01105	0.01101	0.01666	0.01402	0.01469	0.01442	0.09511	0.01258	0.00879	0.01325	0.00966	0.08509	0.00986	0.01055	0.04511	0.00248	0.61151	0.00580	0.00261	0.00576
14	0.02133	0.01239	0.01432	0.01102	0.01516	0.01286	0.00909	0.44777	0.04321	0.33240	0.01621	0.01501	0.01083	0.00645	0.00530	0.00161	0.00524	0.00502	0.00579	0.00897
15	0.01601	0.01162	0.02989	0.01022	0.01347	0.01215	0.00836	0.40598	0.09508	0.08161	0.13296	0.01959	0.01715	0.04970	0.02273	0.00193	0.00504	0.00582	0.05301	0.00766
16	0.06762	0.01431	0.01526	0.01176	0.01593	0.01579	0.00971	0.69157	0.02356	0.06272	0.01271	0.01267	0.00897	0.00627	0.00517	0.00159	0.00567	0.00467	0.00522	0.00880
17	0.01151	0.23124	0.59091	0.01351	0.02048	0.01451	0.01683	0.01651	0.01105	0.01563	0.00894	0.01047	0.00672	0.00489	0.00460	0.00153	0.00726	0.00363	0.00224	0.00755
18	0.01440	0.01122	0.04244	0.00996	0.01357	0.01077	0.00824	0.22556	0.15577	0.08967	0.03388	0.04866	0.01355	0.03941	0.04232	0.00195	0.00518	0.02737	0.00459	0.20148
19	0.01307	0.01251	0.01959	0.11294	0.59114	0.04787	0.01510	0.04563	0.01253	0.01722	0.01094	0.01567	0.00944	0.00544	0.00534	0.00163	0.00641	0.04687	0.00283	0.00782
20	0.01741	0.09245	0.08359	0.01167	0.04475	0.07941	0.02962	0.07620	0.11357	0.27838	0.01487	0.01444	0.01052	0.00575	0.00492	0.00148	0.00552	0.00457	0.00451	0.10637

[dist]
# distance from previous block
# <min> <max>
0	1

[block]
# block no. 8 follows, 46 sequences, length 22
# corresponding to MSA columns:
# 352,354-370,444-447
name=unknown_I
#
# <colnr> <probs for GDERKNQSTAVLIFYWHMCP>
#	G	D	E	R	K	N	Q	S	T	A	V	L	I	F	Y	W	H	M	C	P
0	0.00995	0.00681	0.00877	0.00907	0.01067	0.00679	0.00751	0.07220	0.03662	0.06185	0.08351	0.15036	0.08645	0.01313	0.00673	0.00216	0.00432	0.41257	0.00509	0.00545
1	0.61441	0.01195	0.05013	0.01101	0.03919	0.01228	0.14039	0.03485	0.01022	0.02222	0.00827	0.00996	0.00635	0.00486	0.00400	0.00166	0.00524	0.00362	0.00315	0.00624
2	0.09064	0.01319	0.11138	0.01084	0.01526	0.03600	0.04044	0.13658	0.06796	0.26429	0.02488	0.01457	0.01059	0.00646	0.02048	0.00166	0.00550	0.00463	0.00461	0.12004
3	0.01468	0.00835	0.00993	0.00835	0.01110	0.00815	0.00663	0.13179	0.07894	0.24759	0.19628	0.04159	0.13178	0.00867	0.00556	0.00165	0.00377	0.00724	0.07097	0.00698
4	0.00662	0.00476	0.00628	0.00719	0.00770	0.00442	0.00490	0.00782	0.01101	0.01486	0.16022	0.65813	0.05549	0.01548	0.00665	0.00205	0.00296	0.01398	0.00507	0.00442
5	0.01433	0.45826	0.23659	0.01115	0.01653	0.01739	0.01204	0.11633	0.01292	0.04727	0.00920	0.01017	0.00731	0.00499	0.00418	0.00136	0.00623	0.00348	0.00283	0.00745
6	0.00918	0.00459	0.00689	0.00689	0.00689	0.00459	0.00459	0.00689	0.00689	0.00918	0.00918	0.01607	0.00918	0.01837	0.02066	0.84619	0.00459	0.00459	0.00230	0.00230
7	0.01026	0.00747	0.00964	0.01010	0.01180	0.00776	0.00872	0.11217	0.04547	0.01842	0.02568	0.05170	0.02697	0.01319	0.00695	0.00229	0.00497	0.61594	0.00495	0.00556
8	0.01107	0.00940	0.01175	0.00876	0.01296	0.00777	0.03797	0.05439	0.01146	0.01744	0.01027	0.01250	0.00862	0.00884	0.10949	0.00190	0.00560	0.00369	0.00319	0.65293
9	0.04678	0.01592	0.01534	0.01214	0.01609	0.11982	0.00987	0.61231	0.05132	0.02986	0.01225	0.01240	0.00886	0.00621	0.00516	0.00157	0.00620	0.00456	0.00488	0.00848
10	0.81146	0.01044	0.00816	0.00720	0.01052	0.01208	0.00593	0.05161	0.00976	0.02418	0.00762	0.00879	0.00588	0.00498	0.00337	0.00163	0.00417	0.00295	0.00337	0.00588
11	0.02262	0.00964	0.01255	0.00967	0.01367	0.00882	0.00797	0.12369	0.01642	0.65560	0.04847	0.01810	0.01393	0.00668	0.00535	0.00163	0.00460	0.00540	0.00635	0.00884
12	0.01282	0.01243	0.02056	0.13470	0.66404	0.03055	0.01588	0.01597	0.01191	0.01667	0.00983	0.01314	0.00816	0.00480	0.00523	0.00159	0.00646	0.00468	0.00258	0.00799
13	0.00661	0.00530	0.00590	0.00589	0.00740	0.00459	0.00436	0.00823	0.01268	0.01612	0.25134	0.11438	0.51270	0.01296	0.00629	0.00178	0.00266	0.01106	0.00516	0.00459
14	0.02279	0.00900	0.01211	0.00939	0.01335	0.00793	0.00772	0.02543	0.04907	0.72926	0.04213	0.01867	0.01426	0.00669	0.00534	0.00164	0.00443	0.00546	0.00647	0.00886
15	0.01746	0.00957	0.01153	0.00976	0.01305	0.00968	0.00781	0.04056	0.30682	0.37682	0.02290	0.05471	0.04646	0.00783	0.00553	0.00176	0.00429	0.03941	0.00586	0.00819
16	0.01479	0.00739	0.00962	0.00804	0.01063	0.00674	0.00637	0.05799	0.01547	0.33454	0.39937	0.02962	0.05906	0.00891	0.00581	0.00165	0.00351	0.00761	0.00605	0.00683
17	0.00858	0.00638	0.00913	0.00856	0.00949	0.00731	0.03627	0.01033	0.00901	0.01362	0.01447	0.03650	0.01365	0.13197	0.42015	0.00569	0.09129	0.00590	0.15695	0.00475
18	0.01559	0.54850	0.02393	0.01158	0.07215	0.05608	0.00976	0.11644	0.01311	0.05829	0.00904	0.01004	0.00755	0.00504	0.00427	0.00129	0.02368	0.00343	0.00295	0.00727
19	0.04209	0.01017	0.01583	0.60788	0.07784	0.02720	0.03510	0.05538	0.01156	0.01557	0.00990	0.01392	0.00750	0.00531	0.00515	0.00170	0.00672	0.00466	0.04032	0.00619
20	0.01409	0.01166	0.01948	0.13267	0.57867	0.01181	0.01489	0.01713	0.01225	0.11926	0.01133	0.01388	0.00882	0.00503	0.00525	0.00160	0.00615	0.00479	0.00311	0.00812
21	0.01697	0.16646	0.09790	0.01098	0.03205	0.04661	0.00975	0.14146	0.10288	0.23375	0.03284	0.01617	0.04562	0.00631	0.00494	0.00154	0.00537	0.00491	0.00454	0.01896

[dist]
# distance from previous block
# <min> <max>
0	1

[block]
# block no. 9 follows, 46 sequences, length 22
# corresponding to MSA columns:
# 449-470
name=unknown_J
#
# <colnr> <probs for GDERKNQSTAVLIFYWHMCP>
#	G	D	E	R	K	N	Q	S	T	A	V	L	I	F	Y	W	H	M	C	P
0	0.17458	0.11219	0.05534	0.07268	0.08565	0.25157	0.01049	0.05459	0.01267	0.06666	0.00922	0.01079	0.00728	0.00546	0.00517	0.00153	0.05062	0.00373	0.00306	0.00671
1	0.04374	0.03069	0.20059	0.07466	0.33961	0.02581	0.03793	0.06591	0.06184	0.03340	0.01124	0.03134	0.00897	0.00541	0.00515	0.00164	0.00646	0.00478	0.00301	0.00783
2	0.09756	0.00827	0.00845	0.00842	0.05894	0.03337	0.00599	0.13952	0.01338	0.02203	0.01471	0.01664	0.01144	0.00595	0.00405	0.00136	0.00367	0.00463	0.53567	0.00595
3	0.01142	0.00926	0.01085	0.00805	0.01235	0.00730	0.00638	0.04947	0.01169	0.04077	0.01149	0.07561	0.01023	0.00513	0.00425	0.00096	0.00396	0.00423	0.00348	0.71311
4	0.01391	0.04123	0.03335	0.00999	0.01273	0.01121	0.00807	0.36527	0.03298	0.04117	0.07265	0.27514	0.02056	0.01068	0.02394	0.00192	0.00486	0.00841	0.00498	0.00695
5	0.00769	0.00560	0.00614	0.00591	0.00773	0.00478	0.00446	0.00925	0.01267	0.07017	0.16420	0.06901	0.58842	0.01259	0.00619	0.00177	0.00279	0.01060	0.00517	0.00486
6	0.00959	0.00612	0.00789	0.00727	0.00888	0.00576	0.00551	0.01270	0.06227	0.10637	0.59251	0.09071	0.04257	0.01051	0.00611	0.00170	0.00287	0.00925	0.00581	0.00560
7	0.00758	0.00508	0.00580	0.00590	0.00593	0.00505	0.00335	0.00766	0.00790	0.01053	0.01774	0.10203	0.02059	0.74491	0.02516	0.00487	0.00495	0.00833	0.00335	0.00330
8	0.00764	0.00530	0.00667	0.00667	0.00698	0.00561	0.00432	0.00827	0.00795	0.01092	0.01583	0.03004	0.01724	0.55910	0.27931	0.00624	0.00810	0.00702	0.00308	0.00370
9	0.01060	0.02735	0.78682	0.01507	0.02288	0.01228	0.01953	0.01674	0.01116	0.01674	0.00949	0.01116	0.00670	0.00502	0.00502	0.00167	0.00781	0.00391	0.00223	0.00781
10	0.01078	0.01021	0.01730	0.60327	0.22840	0.01196	0.01508	0.01421	0.01095	0.01448	0.00954	0.01383	0.00739	0.00514	0.00527	0.00171	0.00685	0.00470	0.00242	0.00652
11	0.01975	0.02520	0.01498	0.01362	0.01634	0.79299	0.01021	0.02111	0.01498	0.01294	0.00817	0.00953	0.00681	0.00545	0.00477	0.00136	0.00953	0.00340	0.00272	0.00613
12	0.85155	0.01022	0.00777	0.00695	0.01022	0.01186	0.00573	0.01554	0.00900	0.02372	0.00736	0.00859	0.00573	0.00491	0.00327	0.00164	0.00409	0.00286	0.00327	0.00573
13	0.00644	0.00460	0.00613	0.00736	0.00767	0.00429	0.00491	0.00736	0.01012	0.01350	0.02914	0.81076	0.03497	0.01656	0.00675	0.00215	0.00307	0.01503	0.00491	0.00429
14	0.01068	0.02425	0.64887	0.01619	0.08999	0.01186	0.03595	0.01611	0.01104	0.01637	0.01003	0.01294	0.00770	0.05793	0.00650	0.00189	0.00753	0.00428	0.00234	0.00755
15	0.00998	0.00940	0.01586	0.80150	0.03641	0.01175	0.01468	0.01351	0.01057	0.01351	0.00940	0.01409	0.00705	0.00529	0.00529	0.00176	0.00705	0.00470	0.00235	0.00587
16	0.04403	0.07229	0.01590	0.01165	0.01559	0.08732	0.00961	0.56674	0.05390	0.02880	0.01225	0.01248	0.00897	0.00612	0.00500	0.00153	0.00593	0.00450	0.02906	0.00833
17	0.01703	0.01314	0.01519	0.07564	0.04172	0.01492	0.01036	0.50887	0.07400	0.02744	0.01317	0.02758	0.01017	0.00689	0.00644	0.00170	0.07965	0.02189	0.02610	0.00810
18	0.00761	0.00509	0.00579	0.00587	0.00589	0.00507	0.00331	0.00767	0.00785	0.01046	0.01747	0.08499	0.02024	0.76242	0.02560	0.00493	0.00499	0.00816	0.00331	0.00327
19	0.01549	0.02635	0.06803	0.06870	0.01567	0.04211	0.00937	0.39880	0.01828	0.02526	0.01431	0.02929	0.03460	0.00638	0.00491	0.00150	0.00531	0.00496	0.16778	0.04288
20	0.00680	0.00552	0.00608	0.00619	0.00775	0.00489	0.00467	0.00874	0.03622	0.01545	0.14352	0.13010	0.53112	0.01327	0.00634	0.00185	0.00288	0.05889	0.00504	0.00466
21	0.13220	0.30039	0.05594	0.01065	0.01422	0.28815	0.00925	0.04548	0.01250	0.01526	0.00950	0.06624	0.00873	0.00585	0.00425	0.00140	0.00672	0.00403	0.00287	0.00636

[dist]
# distance from previous block
# <min> <max>
2	8

[block]
# block no. 10 follows, 46 sequences, length 80
# corresponding to MSA columns:
# 481-502,520-543,552-567,569-586
name=unknown_K
#
# <colnr> <probs for GDERKNQSTAVLIFYWHMCP>
#	G	D	E	R	K	N	Q	S	T	A	V	L	I	F	Y	W	H	M	C	P
0	0.00710	0.00535	0.00624	0.00603	0.00741	0.00479	0.00445	0.00899	0.01325	0.01779	0.42185	0.04293	0.33175	0.05963	0.00738	0.00190	0.00272	0.00990	0.03587	0.00467
1	0.01157	0.04869	0.47720	0.01836	0.16485	0.01277	0.08020	0.03857	0.01183	0.01719	0.03288	0.01261	0.00851	0.00527	0.00562	0.00167	0.03751	0.00444	0.00255	0.00770
2	0.01146	0.00811	0.00877	0.00832	0.00998	0.06293	0.00618	0.02973	0.09105	0.13218	0.08335	0.21636	0.11228	0.12678	0.00927	0.00233	0.02081	0.04964	0.00483	0.00564
3	0.00657	0.00472	0.00624	0.00722	0.00769	0.00439	0.00490	0.00771	0.01080	0.01452	0.12739	0.69308	0.05367	0.01574	0.00667	0.00208	0.00298	0.01423	0.00503	0.00439
4	0.01276	0.01240	0.02168	0.10033	0.65923	0.01255	0.07105	0.01603	0.01194	0.01691	0.00995	0.01326	0.00823	0.00474	0.00531	0.00160	0.00654	0.00482	0.00260	0.00806
5	0.00914	0.00461	0.00685	0.00685	0.00685	0.00461	0.00455	0.00691	0.00691	0.00922	0.00942	0.01665	0.00950	0.04335	0.02086	0.81979	0.00461	0.00469	0.00232	0.00232
