[name]
unknown

[dist]
# distance from previous block
# <min> <max>
0	60

[block]
# block no. 0 follows, 54 sequences, length 11
# corresponding to MSA columns:
# 65-75
name=unknown_A
#
# <colnr> <probs for GDERKNQSTAVLIFYWHMCP>
#	G	D	E	R	K	N	Q	S	T	A	V	L	I	F	Y	W	H	M	C	P
0	0.07907	0.04260	0.14484	0.08069	0.01520	0.00965	0.06219	0.10388	0.03435	0.12622	0.12520	0.01890	0.01475	0.00640	0.00502	0.00153	0.02272	0.07541	0.00372	0.02765
1	0.04011	0.18286	0.19935	0.03300	0.06512	0.02578	0.13596	0.04721	0.01050	0.01481	0.04208	0.01114	0.00810	0.00483	0.00529	0.00138	0.08104	0.00389	0.00246	0.08511
2	0.08077	0.00461	0.00558	0.00637	0.00692	0.00449	0.00432	0.00729	0.00898	0.01287	0.04746	0.66158	0.05138	0.06571	0.00686	0.00202	0.00291	0.01180	0.00418	0.00390
3	0.08454	0.00861	0.00961	0.00716	0.01110	0.00716	0.00572	0.01326	0.08199	0.01627	0.00922	0.01031	0.00750	0.00384	0.00356	0.00085	0.00353	0.00301	0.00299	0.70981
4	0.08571	0.00978	0.01352	0.21983	0.16119	0.01090	0.04391	0.12430	0.16978	0.01761	0.01257	0.08813	0.01060	0.00596	0.00472	0.00155	0.00501	0.00519	0.00335	0.00639
5	0.08834	0.01112	0.01596	0.03742	0.28756	0.03278	0.10205	0.12239	0.10539	0.13260	0.01165	0.01267	0.00866	0.00491	0.00464	0.00146	0.00530	0.00440	0.00351	0.00718
6	0.01010	0.01958	0.57365	0.01380	0.08744	0.01024	0.01492	0.01445	0.01002	0.06492	0.01064	0.08606	0.00880	0.00569	0.00523	0.00155	0.04916	0.00457	0.00249	0.00670
7	0.03456	0.00888	0.01177	0.00921	0.01243	0.00865	0.04078	0.13019	0.04319	0.49975	0.09221	0.01668	0.01382	0.00622	0.00538	0.00150	0.04721	0.00502	0.00517	0.00738
8	0.04269	0.01161	0.01268	0.20212	0.01720	0.18540	0.03022	0.04699	0.02297	0.11004	0.07084	0.01372	0.01035	0.00783	0.05796	0.00193	0.14236	0.00438	0.00307	0.00566
9	0.00802	0.00863	0.13185	0.00761	0.00986	0.00649	0.00691	0.04264	0.08165	0.01806	0.46339	0.06520	0.06364	0.00865	0.00525	0.00152	0.00329	0.02590	0.03624	0.00520
10	0.00574	0.00410	0.00547	0.00657	0.00684	0.00383	0.00438	0.00657	0.00903	0.01204	0.02599	0.83122	0.03119	0.01477	0.00602	0.00191	0.00274	0.01340	0.00438	0.00383

[dist]
# distance from previous block
# <min> <max>
0	2

[block]
# block no. 1 follows, 54 sequences, length 24
# corresponding to MSA columns:
# 78-101
name=unknown_B
#
# <colnr> <probs for GDERKNQSTAVLIFYWHMCP>
#	G	D	E	R	K	N	Q	S	T	A	V	L	I	F	Y	W	H	M	C	P
0	0.01330	0.01148	0.10427	0.22138	0.28255	0.01040	0.01236	0.08638	0.01195	0.18342	0.01098	0.01260	0.00794	0.00484	0.00468	0.00147	0.00555	0.00424	0.00319	0.00702
1	0.72010	0.00932	0.00822	0.00726	0.00968	0.01124	0.00600	0.01343	0.00789	0.01947	0.00650	0.00812	0.00529	0.00504	0.00508	0.00156	0.14508	0.00282	0.00277	0.00512
2	0.01218	0.00992	0.01384	0.01169	0.01232	0.01315	0.00973	0.01335	0.00830	0.14844	0.00833	0.01130	0.00713	0.00784	0.01363	0.00196	0.68429	0.00423	0.00271	0.00565
3	0.01006	0.01967	0.58326	0.15206	0.02134	0.01031	0.01540	0.01475	0.01025	0.07018	0.04247	0.01189	0.00804	0.00483	0.00458	0.00150	0.00644	0.00391	0.00241	0.00664
4	0.72049	0.15159	0.00999	0.00652	0.00963	0.01197	0.00562	0.01390	0.00829	0.01942	0.00656	0.00764	0.00527	0.00432	0.00294	0.00138	0.00389	0.00255	0.00276	0.00527
5	0.06120	0.00820	0.01056	0.00811	0.01177	0.00718	0.00666	0.02096	0.03912	0.62558	0.01652	0.01476	0.01075	0.00544	0.00447	0.00135	0.00391	0.00437	0.00521	0.13389
6	0.00667	0.00482	0.00630	0.00593	0.00704	0.00445	0.00445	0.00890	0.01335	0.01891	0.80239	0.03522	0.04449	0.00964	0.00556	0.00148	0.00222	0.00853	0.00519	0.00445
7	0.00578	0.00414	0.00555	0.00661	0.00690	0.00391	0.00444	0.00664	0.00897	0.01199	0.02546	0.79888	0.03041	0.01559	0.03824	0.00214	0.00313	0.01307	0.00430	0.00384
8	0.02071	0.00812	0.01093	0.00845	0.01205	0.00716	0.00696	0.02308	0.05055	0.77083	0.01863	0.01612	0.01180	0.00586	0.00474	0.00147	0.00400	0.00477	0.00579	0.00800
9	0.01405	0.00649	0.00846	0.00702	0.00954	0.00566	0.00560	0.01589	0.01298	0.43032	0.26293	0.02695	0.15784	0.00805	0.00513	0.00149	0.00319	0.00679	0.00539	0.00624
10	0.00939	0.00868	0.01354	0.68301	0.02900	0.01069	0.01213	0.01429	0.14483	0.01337	0.01024	0.01343	0.00768	0.00500	0.00473	0.00158	0.00585	0.00439	0.00256	0.00562
11	0.00686	0.00457	0.00514	0.00514	0.00514	0.00457	0.00286	0.00686	0.00686	0.00914	0.01486	0.03086	0.01714	0.83430	0.02400	0.00457	0.00457	0.00686	0.00286	0.00286
12	0.01768	0.02051	0.01353	0.01187	0.01459	0.64606	0.00908	0.18170	0.01522	0.01538	0.00814	0.00910	0.00648	0.00503	0.00435	0.00126	0.00780	0.00329	0.00291	0.00601
13	0.18974	0.01032	0.01249	0.22902	0.07572	0.02373	0.00941	0.24137	0.01327	0.06485	0.00982	0.01206	0.00747	0.00516	0.00453	0.00146	0.02042	0.02213	0.00335	0.04368
14	0.04670	0.61472	0.02235	0.00944	0.01310	0.11687	0.05777	0.01464	0.00999	0.01181	0.00682	0.00813	0.00609	0.00433	0.00388	0.00113	0.04133	0.00285	0.00213	0.00592
15	0.86760	0.00912	0.00693	0.00620	0.00912	0.01058	0.00511	0.01386	0.00802	0.02115	0.00657	0.00766	0.00511	0.00438	0.00292	0.00146	0.00365	0.00255	0.00292	0.00511
16	0.01666	0.01829	0.11215	0.01195	0.04118	0.43173	0.00983	0.08317	0.06340	0.15118	0.01053	0.01090	0.00776	0.00512	0.00445	0.00134	0.00686	0.00367	0.00330	0.00650
17	0.00735	0.00596	0.00876	0.00840	0.00910	0.00736	0.00665	0.00892	0.00752	0.01101	0.01152	0.01711	0.01082	0.03070	0.67794	0.00663	0.15252	0.00489	0.00245	0.00437
18	0.01067	0.00501	0.00549	0.00507	0.00661	0.00479	0.00391	0.01276	0.01052	0.14703	0.01740	0.01861	0.04837	0.00585	0.00364	0.00118	0.00250	0.00471	0.68093	0.00497
19	0.00592	0.00427	0.00561	0.00638	0.00686	0.00396	0.00437	0.00703	0.00993	0.01341	0.17973	0.64889	0.05878	0.01367	0.00591	0.00182	0.00262	0.01233	0.00454	0.00396
20	0.01592	0.01221	0.01302	0.01044	0.01386	0.01368	0.00848	0.54159	0.27301	0.02648	0.01387	0.01335	0.01008	0.00590	0.00474	0.00147	0.00472	0.00460	0.00474	0.00784
21	0.04986	0.00474	0.00474	0.00462	0.00589	0.00477	0.00350	0.01153	0.00992	0.04446	0.01507	0.01706	0.01174	0.00545	0.00333	0.00113	0.00233	0.00432	0.79100	0.00455
22	0.86760	0.00912	0.00693	0.00620	0.00912	0.01058	0.00511	0.01386	0.00802	0.02115	0.00657	0.00766	0.00511	0.00438	0.00292	0.00146	0.00365	0.00255	0.00292	0.00511
23	0.01106	0.01058	0.01803	0.20464	0.63397	0.01104	0.01417	0.01393	0.01045	0.01466	0.00876	0.01187	0.00721	0.00431	0.00468	0.00144	0.00575	0.00420	0.00228	0.00697

[dist]
# distance from previous block
# <min> <max>
0	2

[block]
# block no. 2 follows, 54 sequences, length 19
# corresponding to MSA columns:
# 104-122
name=unknown_C
#
# <colnr> <probs for GDERKNQSTAVLIFYWHMCP>
#	G	D	E	R	K	N	Q	S	T	A	V	L	I	F	Y	W	H	M	C	P
0	0.01261	0.83713	0.02471	0.00807	0.01210	0.01866	0.00807	0.01412	0.00958	0.01109	0.00656	0.00756	0.00605	0.00403	0.00303	0.00101	0.00504	0.00252	0.00202	0.00605
1	0.03839	0.00841	0.01389	0.79491	0.03167	0.01048	0.01282	0.01211	0.00938	0.01236	0.00832	0.01240	0.00624	0.00470	0.00465	0.00157	0.00619	0.00413	0.00212	0.00523
2	0.01309	0.00936	0.01036	0.00898	0.01172	0.01023	0.00707	0.08622	0.50408	0.14929	0.07778	0.01959	0.05749	0.00678	0.00488	0.00155	0.00372	0.00562	0.00497	0.00719
3	0.00595	0.00450	0.00517	0.00554	0.00632	0.00407	0.00376	0.00682	0.00950	0.01209	0.07187	0.31721	0.33678	0.17747	0.00942	0.00230	0.00294	0.01047	0.00411	0.00373
4	0.01090	0.00803	0.01290	0.62907	0.02713	0.00945	0.01136	0.01376	0.01013	0.14288	0.01057	0.01351	0.00760	0.00496	0.00461	0.00152	0.00561	0.00430	0.06608	0.00563
5	0.00574	0.00410	0.00547	0.00657	0.00684	0.00383	0.00438	0.00657	0.00903	0.01204	0.02599	0.83122	0.03119	0.01477	0.00602	0.00191	0.00274	0.01340	0.00438	0.00383
6	0.00819	0.00410	0.00614	0.00614	0.00614	0.00410	0.00410	0.00614	0.00614	0.00819	0.00819	0.01433	0.00819	0.01638	0.01843	0.86282	0.00410	0.00410	0.00205	0.00205
7	0.01766	0.02095	0.01349	0.01193	0.01458	0.68418	0.00909	0.14503	0.01480	0.01452	0.00795	0.00896	0.00639	0.00499	0.00433	0.00125	0.00796	0.00323	0.00280	0.00588
8	0.01164	0.00832	0.00997	0.00721	0.01132	0.00639	0.00581	0.01369	0.01039	0.14525	0.01006	0.01080	0.00775	0.00388	0.00370	0.00082	0.00358	0.00311	0.00329	0.72303
9	0.00980	0.00964	0.01462	0.14517	0.01607	0.01272	0.06763	0.01139	0.00788	0.01163	0.00751	0.01212	0.00702	0.03910	0.06289	0.00238	0.55077	0.00440	0.00215	0.00512
10	0.01068	0.00961	0.01385	0.40483	0.14670	0.01119	0.01136	0.05685	0.25326	0.01586	0.01195	0.01391	0.00906	0.00520	0.00473	0.00154	0.00533	0.00455	0.00310	0.00642
11	0.78818	0.00879	0.00693	0.00625	0.00904	0.01003	0.00508	0.01335	0.00814	0.02041	0.00782	0.05878	0.00678	0.00499	0.00313	0.00146	0.00359	0.00323	0.00300	0.03103
12	0.00934	0.00633	0.00731	0.02627	0.00914	0.00614	0.00527	0.01311	0.16834	0.13468	0.08118	0.14949	0.34488	0.01001	0.00534	0.00161	0.00304	0.00852	0.00468	0.00533
13	0.00844	0.00766	0.01061	0.06953	0.01167	0.00939	0.00784	0.00965	0.00830	0.01204	0.01400	0.31886	0.01566	0.00999	0.00999	0.00184	0.37812	0.00749	0.00300	0.08591
14	0.00582	0.00467	0.00519	0.00530	0.00658	0.00405	0.00388	0.00715	0.01098	0.01384	0.19279	0.17212	0.52718	0.01195	0.00564	0.00162	0.00241	0.01024	0.00454	0.00405
15	0.01122	0.01074	0.01832	0.15903	0.67834	0.01108	0.01425	0.01407	0.01052	0.01485	0.00879	0.01182	0.00727	0.00429	0.00468	0.00143	0.00571	0.00420	0.00229	0.00710
16	0.01396	0.01034	0.03246	0.00947	0.01256	0.01087	0.00769	0.12732	0.48564	0.16001	0.04306	0.01663	0.01361	0.00618	0.00476	0.00152	0.00401	0.00507	0.00485	0.02999
17	0.00674	0.00503	0.00749	0.00749	0.00831	0.00585	0.00579	0.00837	0.00755	0.01088	0.01271	0.01895	0.01197	0.06326	0.78797	0.00747	0.01235	0.00511	0.00254	0.00416
18	0.03478	0.01228	0.04507	0.15297	0.41539	0.08783	0.01250	0.08681	0.05636	0.03679	0.00963	0.01177	0.00758	0.00466	0.00460	0.00143	0.00580	0.00410	0.00276	0.00690

[dist]
# distance from previous block
# <min> <max>
0	1

[block]
# block no. 3 follows, 54 sequences, length 46
# corresponding to MSA columns:
# 124-169
name=unknown_D
#
# <colnr> <probs for GDERKNQSTAVLIFYWHMCP>
#	G	D	E	R	K	N	Q	S	T	A	V	L	I	F	Y	W	H	M	C	P
0	0.29994	0.01120	0.01135	0.00900	0.01247	0.01231	0.00743	0.43541	0.01639	0.12523	0.01066	0.01070	0.00751	0.00526	0.00412	0.00144	0.00453	0.00375	0.00426	0.00705
1	0.01032	0.01032	0.01444	0.01238	0.01238	0.01444	0.01032	0.01135	0.00722	0.01135	0.00619	0.01032	0.00619	0.00825	0.01547	0.00206	0.82567	0.00413	0.00206	0.00516
2	0.66727	0.00886	0.00788	0.00672	0.00981	0.00971	0.00554	0.01602	0.00932	0.20742	0.00941	0.00964	0.00666	0.00472	0.00335	0.00146	0.00373	0.00307	0.00361	0.00580
3	0.00866	0.00799	0.01319	0.66184	0.02791	0.01000	0.01189	0.01148	0.00904	0.01185	0.00890	0.01334	0.00709	0.00941	0.12486	0.00248	0.04852	0.00431	0.00216	0.00508
4	0.00983	0.10500	0.70603	0.01311	0.01972	0.01175	0.04170	0.01486	0.00996	0.01456	0.00831	0.00981	0.00602	0.00442	0.00437	0.00145	0.00681	0.00346	0.00201	0.00686
5	0.00665	0.00482	0.00627	0.00591	0.00703	0.00444	0.00443	0.00885	0.01329	0.01877	0.78615	0.03544	0.06081	0.00969	0.00556	0.00149	0.00223	0.00856	0.00517	0.00444
6	0.00890	0.00838	0.01414	0.82296	0.03247	0.01048	0.01309	0.01205	0.00943	0.01205	0.00838	0.01257	0.00629	0.00471	0.00471	0.00157	0.00629	0.00419	0.00210	0.00524
7	0.01261	0.83713	0.02471	0.00807	0.01210	0.01866	0.00807	0.01412	0.00958	0.01109	0.00656	0.00756	0.00605	0.00403	0.00303	0.00101	0.00504	0.00252	0.00202	0.00605
8	0.00945	0.00543	0.00719	0.00640	0.00800	0.00493	0.00493	0.01160	0.01338	0.17040	0.65195	0.03154	0.03819	0.00891	0.00540	0.00148	0.00257	0.00780	0.00531	0.00514
9	0.01395	0.01070	0.01339	0.01120	0.01261	0.05781	0.00923	0.08016	0.04129	0.19900	0.01009	0.01192	0.00794	0.00721	0.01102	0.00180	0.48697	0.00427	0.00329	0.00617
10	0.00867	0.00579	0.00698	0.00629	0.00779	0.00563	0.00483	0.09612	0.01372	0.04499	0.54599	0.02965	0.06005	0.00853	0.00510	0.00142	0.00261	0.00736	0.13355	0.00494
11	0.01414	0.00976	0.01082	0.00917	0.01205	0.01066	0.00728	0.16054	0.43801	0.16363	0.05842	0.01711	0.01422	0.00629	0.00474	0.00151	0.00389	0.00515	0.04525	0.00736
12	0.01323	0.01057	0.01392	0.15415	0.06167	0.01113	0.06539	0.33415	0.03605	0.04020	0.01157	0.07299	0.00945	0.00566	0.00468	0.00139	0.00509	0.00483	0.00366	0.14023
13	0.01261	0.83713	0.02471	0.00807	0.01210	0.01866	0.00807	0.01412	0.00958	0.01109	0.00656	0.00756	0.00605	0.00403	0.00303	0.00101	0.00504	0.00252	0.00202	0.00605
14	0.08879	0.02135	0.01282	0.01165	0.01412	0.74797	0.00877	0.01841	0.01291	0.01234	0.00723	0.00843	0.00599	0.00482	0.00414	0.00124	0.00810	0.00300	0.00247	0.00544
15	0.11143	0.01140	0.01252	0.00970	0.01334	0.01217	0.00801	0.50385	0.01835	0.23275	0.01271	0.01216	0.00866	0.00557	0.00453	0.00143	0.00471	0.00419	0.00481	0.00770
16	0.01154	0.01097	0.01818	0.06734	0.69957	0.01121	0.01381	0.01523	0.07646	0.01560	0.00971	0.01221	0.00799	0.00441	0.00468	0.00143	0.00548	0.00430	0.00253	0.00736
17	0.00599	0.00428	0.00533	0.00606	0.00640	0.00402	0.00394	0.00665	0.00869	0.01143	0.02555	0.56605	0.10451	0.20613	0.01018	0.00250	0.00313	0.01153	0.00402	0.00362
18	0.01253	0.00636	0.00748	0.00642	0.00853	0.00610	0.00507	0.07276	0.03813	0.24108	0.13213	0.02116	0.07144	0.00668	0.00434	0.00133	0.00300	0.00550	0.34421	0.00577
19	0.01709	0.01279	0.01368	0.01068	0.01431	0.01423	0.00876	0.68666	0.12603	0.02838	0.01238	0.01216	0.00887	0.00576	0.00473	0.00144	0.00499	0.00439	0.00473	0.00794
20	0.02460	0.00450	0.00453	0.00450	0.00563	0.00451	0.00338	0.01094	0.01002	0.01771	0.05224	0.01822	0.01348	0.00567	0.00340	0.00112	0.00223	0.00455	0.80435	0.00441
21	0.86760	0.00912	0.00693	0.00620	0.00912	0.01058	0.00511	0.01386	0.00802	0.02115	0.00657	0.00766	0.00511	0.00438	0.00292	0.00146	0.00365	0.00255	0.00292	0.00511
22	0.79106	0.00902	0.00729	0.00640	0.00938	0.01025	0.00527	0.01468	0.00852	0.09232	0.00765	0.00842	0.00570	0.00451	0.00308	0.00146	0.00368	0.00275	0.00318	0.00537
23	0.01261	0.83713	0.02471	0.00807	0.01210	0.01866	0.00807	0.01412	0.00958	0.01109	0.00656	0.00756	0.00605	0.00403	0.00303	0.00101	0.00504	0.00252	0.00202	0.00605
24	0.00943	0.00892	0.01509	0.67250	0.17884	0.01061	0.01336	0.01251	0.00968	0.01268	0.00847	0.01240	0.00651	0.00462	0.00471	0.00154	0.00616	0.00419	0.00214	0.00566
25	0.08279	0.01221	0.02522	0.01812	0.02271	0.01155	0.68542	0.01485	0.01081	0.01562	0.00924	0.01216	0.00697	0.00399	0.00525	0.00154	0.00738	0.00518	0.00245	0.04656
26	0.00619	0.00472	0.00569	0.00562	0.00679	0.00422	0.00415	0.00791	0.01196	0.01603	0.45741	0.13229	0.29785	0.01102	0.00562	0.00157	0.00234	0.00958	0.00482	0.00422
27	0.00680	0.00464	0.00557	0.00561	0.00576	0.00477	0.00343	0.00711	0.00705	0.00955	0.01484	0.05504	0.01669	0.67065	0.15888	0.00500	0.00589	0.00676	0.00285	0.00312
28	0.00657	0.00487	0.00709	0.00721	0.00800	0.00539	0.00548	0.00818	0.00852	0.01210	0.11192	0.14948	0.01889	0.02893	0.58754	0.00593	0.00978	0.00680	0.00315	0.00418
29	0.00819	0.00410	0.00614	0.00614	0.00614	0.00410	0.00410	0.00614	0.00614	0.00819	0.00819	0.01433	0.00819	0.01638	0.01843	0.86282	0.00410	0.00410	0.00205	0.00205
30	0.01261	0.83713	0.02471	0.00807	0.01210	0.01866	0.00807	0.01412	0.00958	0.01109	0.00656	0.00756	0.00605	0.00403	0.00303	0.00101	0.00504	0.00252	0.00202	0.00605
31	0.00667	0.00482	0.00630	0.00593	0.00704	0.00445	0.00445	0.00890	0.01335	0.01891	0.80239	0.03522	0.04449	0.00964	0.00556	0.00148	0.00222	0.00853	0.00519	0.00445
32	0.05247	0.01053	0.01225	0.00943	0.01311	0.01072	0.00778	0.37950	0.02971	0.38220	0.01449	0.01338	0.00964	0.00565	0.00463	0.00142	0.00453	0.00439	0.00511	0.02907
33	0.01377	0.01114	0.01181	0.01001	0.01304	0.01268	0.00796	0.27704	0.54105	0.02302	0.01660	0.01552	0.01229	0.00615	0.00477	0.00154	0.00421	0.00497	0.00477	0.00765
34	0.82932	0.00907	0.00711	0.00630	0.00925	0.01041	0.00519	0.01427	0.00827	0.05675	0.00711	0.00804	0.00540	0.00444	0.00300	0.00146	0.00366	0.00265	0.00305	0.00524
35	0.01140	0.00968	0.01460	0.49987	0.08172	0.05954	0.05086	0.01408	0.01022	0.11648	0.00987	0.02565	0.00750	0.00520	0.00550	0.00156	0.06338	0.00440	0.00267	0.00580
36	0.00810	0.00547	0.00715	0.00713	0.04755	0.00500	0.00496	0.01002	0.01231	0.08323	0.52514	0.03262	0.12514	0.07570	0.00688	0.00172	0.00278	0.00788	0.00476	0.02645
37	0.00585	0.00507	0.00557	0.07333	0.00856	0.00452	0.00439	0.00721	0.01061	0.01267	0.04407	0.05705	0.72209	0.01139	0.00551	0.00160	0.00272	0.00953	0.00419	0.00408
38	0.00890	0.00838	0.01414	0.82296	0.03247	0.01048	0.01309	0.01205	0.00943	0.01205	0.00838	0.01257	0.00629	0.00471	0.00471	0.00157	0.00629	0.00419	0.00210	0.00524
39	0.01125	0.01078	0.01839	0.14816	0.68891	0.01109	0.01426	0.01411	0.01054	0.01490	0.00880	0.01180	0.00729	0.00428	0.00467	0.00143	0.00570	0.00420	0.00230	0.00713
40	0.00672	0.00452	0.00518	0.00531	0.00535	0.00448	0.00304	0.00682	0.00712	0.00949	0.01619	0.12689	0.01883	0.73596	0.02184	0.00425	0.00435	0.00764	0.00304	0.00297
41	0.00942	0.00985	0.08112	0.70213	0.03054	0.01045	0.03870	0.01275	0.00966	0.03844	0.00876	0.01247	0.00646	0.00471	0.00472	0.00156	0.00632	0.00419	0.00222	0.00551
42	0.86760	0.00912	0.00693	0.00620	0.00912	0.01058	0.00511	0.01386	0.00802	0.02115	0.00657	0.00766	0.00511	0.00438	0.00292	0.00146	0.00365	0.00255	0.00292	0.00511
43	0.01032	0.01032	0.01444	0.01238	0.01238	0.01444	0.01032	0.01135	0.00722	0.01135	0.00619	0.01032	0.00619	0.00825	0.01547	0.00206	0.82567	0.00413	0.00206	0.00516
44	0.01289	0.62931	0.09521	0.00923	0.01320	0.12138	0.00914	0.01472	0.01003	0.01151	0.00681	0.00800	0.00605	0.00432	0.00373	0.00111	0.03253	0.00273	0.00207	0.00603
45	0.28903	0.01139	0.01153	0.00912	0.01261	0.01257	0.00753	0.46573	0.01680	0.10456	0.01053	0.01062	0.00745	0.00527	0.00415	0.00143	0.00458	0.00376	0.00425	0.00709

[dist]
# distance from previous block
# <min> <max>
0	2

[block]
# block no. 4 follows, 54 sequences, length 40
# corresponding to MSA columns:
# 172-211
name=unknown_E
#
# <colnr> <probs for GDERKNQSTAVLIFYWHMCP>
#	G	D	E	R	K	N	Q	S	T	A	V	L	I	F	Y	W	H	M	C	P
0	0.09896	0.01814	0.49790	0.01119	0.01654	0.01008	0.01301	0.01540	0.08214	0.04991	0.00997	0.01127	0.00739	0.00678	0.06084	0.00186	0.00631	0.00367	0.00261	0.07602
1	0.00680	0.00530	0.00623	0.00591	0.00732	0.00498	0.00446	0.00974	0.08553	0.01705	0.49334	0.03675	0.27894	0.01006	0.00549	0.00153	0.00242	0.00867	0.00490	0.00458
2	0.01761	0.02247	0.01336	0.01215	0.01458	0.81537	0.00911	0.01883	0.01336	0.01154	0.00729	0.00850	0.00607	0.00486	0.00425	0.00121	0.00850	0.00304	0.00243	0.00547
3	0.04719	0.00939	0.01148	0.00897	0.01253	0.00918	0.00736	0.19014	0.08941	0.53780	0.01667	0.01489	0.01092	0.00580	0.00468	0.00146	0.00423	0.00462	0.00540	0.00787
4	0.00652	0.00477	0.00612	0.00588	0.00698	0.00437	0.00437	0.00856	0.01283	0.01793	0.68713	0.09155	0.10500	0.01018	0.00559	0.00152	0.00227	0.00898	0.00507	0.00437
5	0.01122	0.01008	0.01544	0.06480	0.50477	0.01054	0.01167	0.01626	0.18126	0.01640	0.01179	0.01364	0.00941	0.00485	0.00455	0.00142	0.00486	0.00447	0.09555	0.00702
6	0.00720	0.00517	0.00706	0.00649	0.00689	0.00509	0.06661	0.00747	0.00732	0.00978	0.01484	0.08431	0.01683	0.66589	0.02095	0.05032	0.00469	0.00706	0.00288	0.00316
7	0.08615	0.01687	0.01175	0.01031	0.01295	0.48945	0.00794	0.09126	0.01346	0.12224	0.00989	0.01057	0.00750	0.00509	0.00416	0.00128	0.00660	0.00347	0.08313	0.00592
8	0.01364	0.09253	0.40178	0.01081	0.01607	0.01009	0.01213	0.01722	0.01101	0.27561	0.01157	0.01174	0.00793	0.00490	0.00460	0.00139	0.02301	0.00377	0.00332	0.06689
9	0.07966	0.01186	0.11748	0.00933	0.01161	0.15980	0.00817	0.06130	0.00992	0.01356	0.01045	0.01440	0.00922	0.04649	0.39647	0.00448	0.02384	0.00425	0.00261	0.00511
10	0.07292	0.28489	0.01629	0.00934	0.01285	0.16963	0.00800	0.16525	0.01348	0.18998	0.01025	0.01033	0.00760	0.00492	0.00396	0.00125	0.00543	0.00344	0.00351	0.00668
11	0.01527	0.06958	0.07891	0.01063	0.01440	0.01190	0.08401	0.33016	0.09150	0.14658	0.01287	0.01302	0.00920	0.00537	0.00454	0.00141	0.00498	0.00439	0.08404	0.00724
12	0.00782	0.00520	0.00676	0.00619	0.00752	0.00483	0.00470	0.02687	0.01355	0.06802	0.73652	0.03351	0.04166	0.00932	0.00549	0.00148	0.00240	0.00820	0.00522	0.00475
13	0.00631	0.00461	0.00593	0.00600	0.00692	0.00423	0.00435	0.00805	0.01189	0.01641	0.51444	0.25934	0.11139	0.01129	0.00569	0.00161	0.00238	0.01003	0.00489	0.00423
14	0.00667	0.00478	0.00612	0.00592	0.00703	0.00437	0.00439	0.00863	0.01261	0.02904	0.62854	0.12319	0.12030	0.01038	0.00560	0.00154	0.00232	0.00915	0.00503	0.00439
15	0.01709	0.01279	0.01368	0.01068	0.01430	0.01423	0.00876	0.68616	0.12653	0.02837	0.01238	0.01217	0.00888	0.00576	0.00473	0.00144	0.00499	0.00439	0.00473	0.00794
16	0.22236	0.00828	0.00999	0.00787	0.01134	0.00780	0.00650	0.02081	0.01219	0.62108	0.01574	0.01405	0.01011	0.00549	0.00431	0.00146	0.00393	0.00422	0.00514	0.00733
17	0.79878	0.00945	0.00751	0.00658	0.00956	0.01090	0.00542	0.07666	0.00917	0.02185	0.00695	0.00796	0.00534	0.00448	0.00306	0.00146	0.00377	0.00269	0.00306	0.00534
18	0.03907	0.00517	0.00737	0.00734	0.00820	0.00597	0.00564	0.00851	0.00754	0.01119	0.01257	0.01904	0.01194	0.09386	0.72598	0.00712	0.01169	0.00509	0.00257	0.00414
19	0.01261	0.83713	0.02471	0.00807	0.01210	0.01866	0.00807	0.01412	0.00958	0.01109	0.00656	0.00756	0.00605	0.00403	0.00303	0.00101	0.00504	0.00252	0.00202	0.00605
20	0.01178	0.00982	0.01800	0.38903	0.09507	0.01038	0.23514	0.01492	0.01070	0.14295	0.01042	0.01310	0.00752	0.00464	0.00496	0.00154	0.00633	0.00468	0.00281	0.00621
21	0.01684	0.01125	0.01236	0.00974	0.01311	0.01218	0.00796	0.51238	0.11055	0.14476	0.01371	0.01334	0.00969	0.00576	0.00460	0.00141	0.00456	0.00446	0.08370	0.00762
22	0.00671	0.00468	0.00616	0.00617	0.00709	0.00432	0.00448	0.00851	0.01207	0.03395	0.55575	0.27029	0.03984	0.01108	0.00568	0.00161	0.00241	0.00989	0.00496	0.00434
23	0.00958	0.00907	0.01536	0.63016	0.22003	0.01065	0.01343	0.01264	0.00975	0.01286	0.00850	0.01235	0.00657	0.00459	0.00470	0.00153	0.00612	0.00419	0.00215	0.00578
24	0.01338	0.00635	0.00844	0.00708	0.00932	0.00569	0.00556	0.01549	0.02432	0.37991	0.39840	0.02600	0.02785	0.04334	0.00597	0.00161	0.00317	0.00668	0.00538	0.00606
25	0.00792	0.00419	0.00594	0.00594	0.00594	0.00419	0.00384	0.00629	0.00629	0.00838	0.00954	0.01768	0.01000	0.18204	0.01956	0.68898	0.00419	0.00465	0.00221	0.00221
26	0.01261	0.83713	0.02471	0.00807	0.01210	0.01866	0.00807	0.01412	0.00958	0.01109	0.00656	0.00756	0.00605	0.00403	0.00303	0.00101	0.00504	0.00252	0.00202	0.00605
27	0.00848	0.00453	0.00487	0.00493	0.00603	0.00449	0.00380	0.01068	0.01030	0.01738	0.08963	0.02250	0.01649	0.00657	0.00380	0.00123	0.00240	0.07557	0.70190	0.00439
28	0.00929	0.00877	0.01483	0.71353	0.13893	0.01058	0.01328	0.01238	0.00961	0.01251	0.00845	0.01245	0.00645	0.00464	0.00471	0.00155	0.00619	0.00419	0.00213	0.00555
29	0.01822	0.01272	0.01385	0.01062	0.01438	0.01390	0.00877	0.71774	0.02136	0.10228	0.01200	0.01176	0.00836	0.00568	0.00472	0.00142	0.00508	0.00429	0.00482	0.00802
30	0.01136	0.01229	0.01567	0.23825	0.01975	0.16073	0.09876	0.01335	0.00941	0.01200	0.00738	0.01088	0.00630	0.00616	0.00930	0.00172	0.35504	0.00411	0.00218	0.00537
31	0.09676	0.01349	0.01341	0.04103	0.01478	0.08677	0.00877	0.61779	0.01957	0.02660	0.01040	0.01077	0.00751	0.00543	0.00451	0.00141	0.00539	0.00398	0.00424	0.00741
32	0.09075	0.00836	0.00860	0.00761	0.00984	0.02541	0.00585	0.10106	0.25936	0.07081	0.07214	0.02424	0.18128	0.10559	0.00709	0.00189	0.00372	0.00622	0.00434	0.00583
33	0.01081	0.37523	0.37842	0.08671	0.01802	0.01427	0.02936	0.01431	0.00977	0.01300	0.00765	0.00922	0.00606	0.00430	0.00389	0.00129	0.00609	0.00318	0.00202	0.00640
34	0.01163	0.00832	0.00997	0.00721	0.01131	0.00639	0.00581	0.01368	0.01038	0.14455	0.01005	0.01080	0.00775	0.00387	0.00370	0.00082	0.00358	0.00311	0.00329	0.72378
35	0.00592	0.00484	0.00526	0.00531	0.00678	0.00418	0.00408	0.00735	0.01113	0.01376	0.15471	0.04464	0.62102	0.01171	0.00566	0.00163	0.00255	0.08089	0.00449	0.00408
36	0.01113	0.01272	0.02782	0.01987	0.02464	0.01192	0.78776	0.01510	0.01113	0.01510	0.00954	0.01272	0.00715	0.00397	0.00556	0.00159	0.00795	0.00556	0.00238	0.00636
37	0.00742	0.00602	0.00680	0.00663	0.02718	0.00579	0.00487	0.04373	0.11602	0.01642	0.28201	0.03618	0.40325	0.01001	0.00541	0.00155	0.00271	0.00850	0.00466	0.00485
38	0.00600	0.00483	0.00541	0.00568	0.00704	0.00424	0.00440	0.00739	0.01075	0.01326	0.08502	0.11940	0.55413	0.01226	0.00578	0.00172	0.00275	0.14148	0.00442	0.00406
39	0.01257	0.49567	0.04036	0.01204	0.14065	0.09887	0.00924	0.01535	0.07406	0.01297	0.04233	0.01039	0.00861	0.00459	0.00371	0.00117	0.00531	0.00336	0.00247	0.00629

[dist]
# distance from previous block
# <min> <max>
0	5

[block]
# block no. 5 follows, 54 sequences, length 11
# corresponding to MSA columns:
# 217-227
name=unknown_F
#
# <colnr> <probs for GDERKNQSTAVLIFYWHMCP>
#	G	D	E	R	K	N	Q	S	T	A	V	L	I	F	Y	W	H	M	C	P
0	0.14430	0.10575	0.07876	0.00929	0.01261	0.02848	0.00810	0.06510	0.42234	0.05599	0.01419	0.01366	0.01065	0.00556	0.00426	0.00148	0.00433	0.00429	0.00395	0.00692
1	0.00783	0.00470	0.00548	0.00535	0.00560	0.00464	0.00320	0.00789	0.00733	0.05087	0.01453	0.02788	0.01580	0.67149	0.02125	0.07593	0.00435	0.00636	0.05638	0.00315
2	0.01226	0.01100	0.05697	0.06337	0.04116	0.01059	0.21065	0.24103	0.04736	0.05572	0.01466	0.17195	0.02745	0.00698	0.00520	0.00158	0.00543	0.00650	0.00372	0.00643
3	0.01261	0.83713	0.02471	0.00807	0.01210	0.01866	0.00807	0.01412	0.00958	0.01109	0.00656	0.00756	0.00605	0.00403	0.00303	0.00101	0.00504	0.00252	0.00202	0.00605
4	0.01783	0.01214	0.01334	0.01036	0.01401	0.01319	0.00851	0.60204	0.09332	0.14623	0.01316	0.01262	0.00917	0.00576	0.00473	0.00144	0.00487	0.00442	0.00489	0.00797
5	0.00765	0.00504	0.00661	0.00610	0.00738	0.00462	0.00462	0.00985	0.01336	0.07202	0.74965	0.03393	0.04228	0.00938	0.00551	0.00148	0.00234	0.00827	0.00523	0.00469
6	0.00943	0.00751	0.00896	0.00909	0.01088	0.00822	0.00754	0.01656	0.35961	0.01660	0.02240	0.03738	0.02148	0.01008	0.00575	0.00192	0.00407	0.43225	0.00454	0.00573
7	0.01696	0.01179	0.01273	0.00989	0.01331	0.01287	0.00812	0.64541	0.02010	0.07422	0.01226	0.01239	0.00875	0.00565	0.00454	0.00138	0.00474	0.00429	0.11303	0.00756
8	0.00642	0.00473	0.00601	0.00585	0.00693	0.00432	0.00433	0.00835	0.01250	0.01730	0.61352	0.12918	0.14196	0.01054	0.00562	0.00155	0.00231	0.00928	0.00499	0.00432
9	0.01034	0.00717	0.00765	0.00684	0.00859	0.06009	0.02911	0.04662	0.09304	0.06711	0.17875	0.02099	0.04292	0.00710	0.01836	0.00142	0.00339	0.00549	0.37980	0.00522
10	0.00786	0.00554	0.00715	0.04942	0.00934	0.00560	0.00553	0.01078	0.11640	0.06108	0.12320	0.47548	0.02770	0.02844	0.00604	0.00184	0.00318	0.04624	0.00447	0.00473

[dist]
# distance from previous block
# <min> <max>
1	5

[block]
# block no. 6 follows, 54 sequences, length 68
# corresponding to MSA columns:
# 233-300
name=unknown_G
#
# <colnr> <probs for GDERKNQSTAVLIFYWHMCP>
#	G	D	E	R	K	N	Q	S	T	A	V	L	I	F	Y	W	H	M	C	P
0	0.18315	0.01977	0.01419	0.13846	0.37349	0.05650	0.01078	0.03046	0.00990	0.01534	0.00820	0.01105	0.00681	0.00568	0.00574	0.09301	0.00530	0.00377	0.00244	0.00597
1	0.01341	0.01029	0.01057	0.00899	0.01190	0.06147	0.00708	0.10622	0.41184	0.11215	0.01599	0.01531	0.01183	0.00576	0.00447	0.00140	0.00406	0.00464	0.08448	0.09815
2	0.01025	0.01999	0.56557	0.17486	0.02220	0.01125	0.01565	0.09740	0.01116	0.01594	0.00875	0.01062	0.00625	0.00465	0.00455	0.00150	0.00664	0.00371	0.00230	0.00674
3	0.00580	0.00480	0.00509	0.00506	0.00656	0.00409	0.00382	0.00719	0.01118	0.01380	0.17311	0.04386	0.65927	0.01158	0.00559	0.00159	0.00240	0.02664	0.00451	0.00407
4	0.00904	0.00577	0.00654	0.00611	0.00792	0.00525	0.00460	0.01137	0.08421	0.15602	0.03545	0.12872	0.45256	0.05690	0.00644	0.00177	0.00297	0.00881	0.00459	0.00495
5	0.26783	0.00796	0.00907	0.00732	0.01049	0.00773	0.00601	0.01903	0.01151	0.49352	0.01473	0.01375	0.00979	0.00537	0.00405	0.00142	0.00371	0.00406	0.09585	0.00678
6	0.76232	0.00898	0.00743	0.00647	0.00948	0.01012	0.00533	0.01499	0.00870	0.11904	0.00806	0.00870	0.00592	0.00456	0.00314	0.00146	0.00369	0.00283	0.00328	0.00547
7	0.09614	0.01171	0.01224	0.00960	0.01295	0.01295	0.00788	0.61808	0.01929	0.02738	0.01139	0.01177	0.00826	0.00552	0.00437	0.00138	0.00467	0.00411	0.11304	0.00729
8	0.00667	0.00482	0.00630	0.00593	0.00704	0.00445	0.00445	0.00890	0.01335	0.01891	0.80239	0.03522	0.04449	0.00964	0.00556	0.00148	0.00222	0.00853	0.00519	0.00445
9	0.01261	0.83713	0.02471	0.00807	0.01210	0.01866	0.00807	0.01412	0.00958	0.01109	0.00656	0.00756	0.00605	0.00403	0.00303	0.00101	0.00504	0.00252	0.00202	0.00605
10	0.86760	0.00912	0.00693	0.00620	0.00912	0.01058	0.00511	0.01386	0.00802	0.02115	0.00657	0.00766	0.00511	0.00438	0.00292	0.00146	0.00365	0.00255	0.00292	0.00511
11	0.07655	0.01035	0.01101	0.00943	0.01241	0.01162	0.00749	0.15301	0.52460	0.10534	0.01687	0.01564	0.01235	0.00606	0.00464	0.00154	0.00400	0.00488	0.00476	0.00744
12	0.00706	0.00534	0.00658	0.00625	0.00753	0.00514	0.00469	0.01029	0.09611	0.01804	0.60555	0.08070	0.10914	0.00980	0.00551	0.00153	0.00243	0.00860	0.00503	0.00469
13	0.00916	0.00864	0.01461	0.74878	0.10463	0.01054	0.01322	0.01227	0.00955	0.01236	0.00843	0.01249	0.00640	0.00467	0.00471	0.00156	0.00622	0.00419	0.00212	0.00545
14	0.01069	0.00914	0.01098	0.19186	0.01624	0.01060	0.00840	0.02038	0.52491	0.02946	0.10003	0.01832	0.01573	0.00636	0.00486	0.00158	0.00415	0.00541	0.00425	0.00665
15	0.00672	0.00459	0.00548	0.00554	0.00574	0.00459	0.00339	0.00716	0.00780	0.01058	0.09947	0.10519	0.02097	0.61145	0.07842	0.00422	0.00474	0.00751	0.00322	0.00322
16	0.01261	0.83713	0.02471	0.00807	0.01210	0.01866	0.00807	0.01412	0.00958	0.01109	0.00656	0.00756	0.00605	0.00403	0.00303	0.00101	0.00504	0.00252	0.00202	0.00605
17	0.00599	0.00484	0.00536	0.00535	0.00679	0.00420	0.00409	0.00751	0.01139	0.01435	0.23071	0.04347	0.56000	0.01146	0.00564	0.00161	0.00249	0.06607	0.00457	0.00412
18	0.00890	0.00838	0.01414	0.82296	0.03247	0.01048	0.01309	0.01205	0.00943	0.01205	0.00838	0.01257	0.00629	0.00471	0.00471	0.00157	0.00629	0.00419	0.00210	0.00524
19	0.00926	0.00650	0.00813	0.09402	0.01152	0.02455	0.00670	0.01190	0.06039	0.11342	0.10775	0.04699	0.22809	0.01003	0.00559	0.00173	0.00381	0.24022	0.00437	0.00503
20	0.86760	0.00912	0.00693	0.00620	0.00912	0.01058	0.00511	0.01386	0.00802	0.02115	0.00657	0.00766	0.00511	0.00438	0.00292	0.00146	0.00365	0.00255	0.00292	0.00511
21	0.00921	0.00994	0.09785	0.62572	0.02797	0.01019	0.01250	0.02215	0.04983	0.01336	0.00949	0.01290	0.00711	0.00484	0.00459	0.00153	0.00591	0.00419	0.06522	0.00551
22	0.00943	0.01566	0.44384	0.01037	0.01479	0.00812	0.01172	0.01296	0.01013	0.09904	0.01727	0.19786	0.08686	0.00859	0.03044	0.00178	0.00545	0.00649	0.00318	0.00601
23	0.00784	0.00653	0.00793	0.00759	0.00853	0.00733	0.00578	0.01067	0.12130	0.01348	0.06835	0.17014	0.19659	0.10712	0.00966	0.00210	0.16743	0.04629	0.03074	0.00461
24	0.01338	0.00968	0.01083	0.00891	0.01163	0.01041	0.00713	0.35737	0.16032	0.06821	0.26571	0.02036	0.02103	0.00707	0.00500	0.00147	0.00391	0.00584	0.00495	0.00678
25	0.01254	0.82051	0.04076	0.00818	0.01227	0.01850	0.00826	0.01414	0.00959	0.01117	0.00659	0.00761	0.00605	0.00404	0.00306	0.00102	0.00508	0.00254	0.00202	0.00607
26	0.01530	0.28689	0.05250	0.05192	0.01499	0.25901	0.05269	0.02615	0.02906	0.15529	0.00962	0.01029	0.00734	0.00473	0.00406	0.00125	0.00620	0.00346	0.00294	0.00630
27	0.00593	0.00424	0.00567	0.00657	0.00689	0.00410	0.00443	0.00678	0.00872	0.01172	0.02378	0.68816	0.02813	0.07496	0.09337	0.00270	0.00392	0.01205	0.00407	0.00380
28	0.66220	0.00942	0.00880	0.00793	0.02181	0.01145	0.00642	0.01330	0.00788	0.01887	0.00652	0.00832	0.00539	0.00524	0.00576	0.00159	0.18829	0.00293	0.00272	0.00515
29	0.00986	0.01013	0.01840	0.09000	0.01829	0.01125	0.32606	0.01250	0.01012	0.01430	0.15082	0.01598	0.01347	0.00643	0.00865	0.00172	0.26823	0.00551	0.00276	0.00553
30	0.01029	0.00859	0.00999	0.00718	0.01134	0.00667	0.00576	0.04695	0.01038	0.02640	0.00865	0.00993	0.00709	0.00362	0.00356	0.00074	0.00357	0.00288	0.00292	0.81349
31	0.00659	0.00482	0.00619	0.00584	0.00699	0.00441	0.00438	0.00874	0.01315	0.01844	0.74550	0.03599	0.10168	0.00981	0.00556	0.00149	0.00224	0.00863	0.00513	0.00441
32	0.01499	0.01696	0.01216	0.01101	0.01354	0.45660	0.00837	0.02161	0.36291	0.01519	0.01260	0.01256	0.00979	0.00555	0.00450	0.00139	0.00637	0.00406	0.00349	0.00636
33	0.10334	0.00757	0.00788	0.00681	0.00871	0.00839	0.00544	0.20899	0.01261	0.02059	0.01273	0.01439	0.00987	0.00562	0.00451	0.00129	0.06351	0.00414	0.48815	0.00545
34	0.00589	0.00460	0.00535	0.00555	0.00667	0.00406	0.00402	0.00724	0.01092	0.01408	0.22940	0.25820	0.40291	0.01214	0.00569	0.00165	0.00244	0.01054	0.00458	0.00406
35	0.01818	0.01122	0.01305	0.01072	0.04831	0.01179	0.00841	0.46570	0.06070	0.26900	0.01395	0.01323	0.00953	0.00569	0.00471	0.00143	0.00472	0.00446	0.01729	0.00791
36	0.00749	0.00486	0.00632	0.00659	0.00750	0.00454	0.00485	0.00888	0.01061	0.07223	0.22299	0.31637	0.08154	0.09950	0.00776	0.00207	0.00311	0.12398	0.00452	0.00428
37	0.01726	0.01288	0.01378	0.01071	0.01437	0.01431	0.00880	0.70720	0.10521	0.02864	0.01216	0.01199	0.00870	0.00574	0.00473	0.00143	0.00503	0.00436	0.00473	0.00796
38	0.09435	0.01585	0.01277	0.20259	0.01785	0.43016	0.00958	0.01617	0.01135	0.05318	0.00809	0.01013	0.00646	0.00578	0.02364	0.00154	0.06900	0.00348	0.00254	0.00546
39	0.01261	0.83713	0.02471	0.00807	0.01210	0.01866	0.00807	0.01412	0.00958	0.01109	0.00656	0.00756	0.00605	0.00403	0.00303	0.00101	0.00504	0.00252	0.00202	0.00605
40	0.60802	0.01124	0.02711	0.04734	0.01160	0.11190	0.00668	0.03715	0.00937	0.04611	0.00732	0.00857	0.00566	0.00471	0.00388	0.00146	0.04067	0.00291	0.00291	0.00539
41	0.03460	0.01667	0.01434	0.01417	0.12324	0.46480	0.08183	0.01676	0.01221	0.07111	0.01054	0.09812	0.00945	0.00581	0.00463	0.00137	0.00699	0.00466	0.00288	0.00583
42	0.00870	0.00447	0.00463	0.00471	0.00581	0.00447	0.00361	0.01090	0.00996	0.01732	0.01608	0.02019	0.01319	0.00605	0.00353	0.00118	0.00235	0.06078	0.79767	0.00439
43	0.00616	0.00468	0.00571	0.00606	0.00699	0.00432	0.00434	0.00785	0.03532	0.01422	0.22839	0.37560	0.23897	0.01270	0.01603	0.00178	0.00269	0.01948	0.00457	0.00415
44	0.00738	0.00452	0.00605	0.00676	0.00739	0.00416	0.00465	0.00831	0.00950	0.09668	0.02520	0.74454	0.02911	0.01382	0.00588	0.00187	0.00287	0.01248	0.00453	0.00428
45	0.01826	0.00738	0.01002	0.00790	0.01104	0.00643	0.00643	0.02017	0.01347	0.65050	0.17516	0.01988	0.01823	0.00660	0.00491	0.00146	0.00366	0.00550	0.00571	0.00731
46	0.32671	0.01158	0.01072	0.00875	0.01204	0.09982	0.00712	0.25092	0.01412	0.19943	0.01079	0.01074	0.00757	0.00515	0.00402	0.00142	0.00473	0.00361	0.00406	0.00668
47	0.00868	0.00449	0.00469	0.00480	0.00589	0.00449	0.00370	0.01087	0.00998	0.01725	0.01628	0.02091	0.01349	0.00620	0.00360	0.00120	0.00240	0.07621	0.78049	0.00439
48	0.00630	0.00460	0.00601	0.00698	0.00749	0.00446	0.00493	0.00798	0.05352	0.01271	0.02549	0.69418	0.02977	0.01410	0.00601	0.00193	0.00298	0.10209	0.00440	0.00409
49	0.01251	0.74920	0.02321	0.00823	0.01212	0.01792	0.00800	0.01528	0.09324	0.01201	0.00790	0.00863	0.00694	0.00429	0.00321	0.00107	0.00490	0.00282	0.00231	0.00620
50	0.13467	0.01265	0.01316	0.01021	0.01387	0.01407	0.00843	0.68264	0.02023	0.02854	0.01067	0.01082	0.00762	0.00548	0.00447	0.00142	0.00498	0.00401	0.00447	0.00762
51	0.01146	0.00922	0.01065	0.17140	0.01550	0.02805	0.00808	0.02045	0.48003	0.06208	0.01626	0.01630	0.01215	0.00588	0.00458	0.00152	0.00417	0.00490	0.11069	0.00662
52	0.00609	0.00450	0.00571	0.00629	0.00705	0.00414	0.00453	0.00738	0.01036	0.01372	0.18795	0.44468	0.17262	0.02308	0.00611	0.00183	0.00274	0.08268	0.00452	0.00402
53	0.00888	0.00758	0.01220	0.65946	0.02708	0.00926	0.01114	0.01184	0.00952	0.01315	0.00978	0.01357	0.00744	0.00487	0.00443	0.00148	0.00547	0.00423	0.17355	0.00507
54	0.00574	0.00410	0.00547	0.00657	0.00684	0.00383	0.00438	0.00657	0.00903	0.01204	0.02599	0.83122	0.03119	0.01477	0.00602	0.00191	0.00274	0.01340	0.00438	0.00383
55	0.00745	0.00460	0.00610	0.00675	0.00747	0.00423	0.00472	0.00846	0.00969	0.09687	0.03556	0.67494	0.06225	0.01358	0.00587	0.00186	0.00290	0.03785	0.00454	0.00431
56	0.01227	0.75072	0.10819	0.00864	0.01298	0.01784	0.00906	0.01421	0.00962	0.01150	0.00676	0.00782	0.00604	0.00408	0.00318	0.00106	0.00525	0.00262	0.00201	0.00615
57	0.01077	0.00795	0.01263	0.50388	0.09180	0.00904	0.01079	0.01355	0.01040	0.12831	0.05529	0.01480	0.00993	0.00519	0.00461	0.00149	0.00524	0.00454	0.09410	0.00570
58	0.10864	0.01150	0.03704	0.00965	0.01321	0.02309	0.00809	0.36468	0.13676	0.21842	0.01367	0.01297	0.00949	0.00563	0.00453	0.00146	0.00461	0.00431	0.00469	0.00755
59	0.06177	0.12548	0.07190	0.00971	0.01321	0.01315	0.00848	0.24470	0.32724	0.03839	0.01357	0.01323	0.01014	0.00557	0.00437	0.00144	0.00454	0.00430	0.02160	0.00721
60	0.85388	0.00910	0.00700	0.00624	0.00917	0.01052	0.00514	0.01401	0.00811	0.03392	0.00676	0.00780	0.00521	0.00440	0.00295	0.00146	0.00365	0.00259	0.00297	0.00515
61	0.01123	0.22940	0.45137	0.01252	0.01820	0.01336	0.09688	0.08707	0.01113	0.01535	0.00836	0.00977	0.00631	0.00442	0.00425	0.00137	0.00642	0.00353	0.00229	0.00677
62	0.09822	0.00586	0.00867	0.00825	0.00949	0.00570	0.10647	0.00875	0.00965	0.01410	0.09429	0.54249	0.02642	0.01174	0.00560	0.00179	0.00350	0.03060	0.00404	0.00437
63	0.00592	0.00423	0.00567	0.00676	0.00711	0.00398	0.00468	0.00686	0.00920	0.01223	0.02589	0.75853	0.03081	0.01461	0.00606	0.00194	0.00289	0.08438	0.00437	0.00388
64	0.01401	0.01207	0.02067	0.01542	0.01940	0.09565	0.45670	0.01703	0.01193	0.20868	0.01265	0.01605	0.00961	0.00519	0.00529	0.00156	0.00678	0.06140	0.00338	0.00652
65	0.01071	0.01986	0.56117	0.01256	0.01833	0.01076	0.05214	0.05966	0.09466	0.05696	0.05004	0.01255	0.00926	0.00505	0.00465	0.00150	0.00618	0.00414	0.00282	0.00698
66	0.00674	0.00502	0.00740	0.00740	0.00818	0.00580	0.00567	0.00830	0.00752	0.01081	0.01279	0.01943	0.01218	0.09396	0.75754	0.00736	0.01204	0.00518	0.00255	0.00411
67	0.01087	0.01029	0.01675	0.25152	0.43688	0.01110	0.04120	0.01540	0.12920	0.01509	0.01032	0.01286	0.00817	0.00467	0.00473	0.00149	0.00560	0.00442	0.00264	0.00679

[dist]
# distance from previous block
# <min> <max>
0	2

[block]
# block no. 7 follows, 54 sequences, length 38
# corresponding to MSA columns:
# 303-313,318-333,349-359
name=unknown_H
#
# <colnr> <probs for GDERKNQSTAVLIFYWHMCP>
#	G	D	E	R	K	N	Q	S	T	A	V	L	I	F	Y	W	H	M	C	P
0	0.84292	0.00924	0.00714	0.00634	0.00928	0.01069	0.00522	0.03638	0.00844	0.02140	0.00670	0.00777	0.00519	0.00441	0.00297	0.00146	0.00369	0.00260	0.00297	0.00519
1	0.01012	0.01003	0.01407	0.01212	0.01216	0.01398	0.01008	0.01119	0.00724	0.01133	0.00654	0.01076	0.00649	0.00972	0.05880	0.00236	0.78164	0.00418	0.00209	0.00511
2	0.00938	0.00797	0.03101	0.02278	0.12590	0.00778	0.00718	0.01466	0.23728	0.05556	0.17868	0.07011	0.19582	0.00830	0.00516	0.00155	0.00349	0.00717	0.00433	0.00587
3	0.01227	0.00923	0.00958	0.00831	0.00985	0.09460	0.00664	0.12305	0.01162	0.07359	0.01199	0.01389	0.00944	0.00613	0.00659	0.00141	0.19891	0.00419	0.38323	0.00546
4	0.04845	0.01207	0.11608	0.02154	0.49950	0.01021	0.01280	0.01638	0.01113	0.18997	0.01086	0.01225	0.00811	0.00460	0.00459	0.00143	0.00534	0.00416	0.00309	0.00743
5	0.01675	0.01217	0.01353	0.06849	0.01545	0.01349	0.00895	0.59409	0.11242	0.07716	0.01251	0.01246	0.00888	0.00569	0.00473	0.00145	0.00502	0.00440	0.00461	0.00775
6	0.00945	0.00582	0.00731	0.00679	0.00793	0.00600	0.00487	0.01176	0.09167	0.13062	0.08724	0.02452	0.01717	0.34525	0.21879	0.00428	0.00624	0.00607	0.00363	0.00460
7	0.01138	0.01091	0.01861	0.11246	0.72363	0.01113	0.01433	0.01422	0.01060	0.01505	0.00882	0.01176	0.00734	0.00426	0.00467	0.00142	0.00567	0.00420	0.00231	0.00723
8	0.00797	0.00617	0.00758	0.00796	0.00934	0.00637	0.00645	0.01232	0.18498	0.01529	0.08656	0.15294	0.10784	0.01143	0.00589	0.00189	0.00361	0.35597	0.00452	0.00493
9	0.01217	0.69281	0.10752	0.00948	0.01387	0.01737	0.06469	0.01427	0.00973	0.01178	0.00697	0.00818	0.00612	0.00408	0.00336	0.00110	0.00545	0.00284	0.00204	0.00617
10	0.01053	0.00543	0.00574	0.00526	0.00678	0.00546	0.00406	0.07832	0.01122	0.07996	0.01528	0.01693	0.01171	0.00553	0.00353	0.00115	0.00259	0.00441	0.72113	0.00499
11	0.00968	0.00496	0.00562	0.06820	0.00805	0.00505	0.00432	0.01192	0.01011	0.07356	0.01507	0.01708	0.01161	0.00546	0.00351	0.00116	0.00264	0.00440	0.73288	0.00472
12	0.00581	0.00414	0.00544	0.00645	0.00673	0.00388	0.00427	0.00659	0.00893	0.01188	0.02572	0.77009	0.04412	0.06296	0.00707	0.00207	0.00284	0.01296	0.00429	0.00378
13	0.01238	0.01045	0.01103	0.00973	0.01251	0.01203	0.00762	0.10543	0.71493	0.02077	0.01836	0.01693	0.01372	0.00632	0.00479	0.00158	0.00388	0.00522	0.00479	0.00752
