[name]
unknown

[dist]
# distance from previous block
# <min> <max>
0	64

[block]
# block no. 0 follows, 49 sequences, length 15
# corresponding to MSA columns:
# 64-73,75-79
name=unknown_A
#
# <colnr> <probs for GDERKNQSTAVLIFYWHMCP>
#	G	D	E	R	K	N	Q	S	T	A	V	L	I	F	Y	W	H	M	C	P
0	0.05706	0.01285	0.01401	0.01105	0.01468	0.06224	0.04741	0.43535	0.06935	0.06183	0.01236	0.01368	0.00934	0.00652	0.00571	0.04747	0.00544	0.02331	0.00439	0.08596
1	0.11911	0.06139	0.01429	0.01087	0.03541	0.01398	0.00874	0.49710	0.03262	0.07635	0.01213	0.03612	0.00915	0.00597	0.00470	0.00148	0.00510	0.00450	0.00456	0.04645
2	0.07207	0.05065	0.01363	0.03180	0.07441	0.07892	0.00864	0.24985	0.03319	0.13256	0.01270	0.06259	0.01012	0.00596	0.00468	0.00141	0.00514	0.00470	0.00413	0.14286
3	0.01332	0.01148	0.06183	0.08910	0.01596	0.04245	0.03914	0.22101	0.03336	0.07101	0.01193	0.01404	0.00930	0.01202	0.17018	0.00278	0.00723	0.00448	0.01615	0.15323
4	0.16612	0.00975	0.01273	0.11127	0.01591	0.00951	0.08821	0.06240	0.01093	0.03609	0.00960	0.01248	0.00790	0.05570	0.00588	0.00149	0.02705	0.00392	0.00307	0.35001
5	0.00670	0.00539	0.00600	0.00591	0.00742	0.00485	0.00440	0.00898	0.05381	0.01596	0.26547	0.10140	0.47162	0.01198	0.00596	0.00170	0.00262	0.01023	0.00498	0.00461
6	0.00764	0.00585	0.00745	0.06955	0.01016	0.00601	0.00575	0.04798	0.05862	0.01413	0.02566	0.46342	0.10643	0.08415	0.06044	0.00259	0.00426	0.01098	0.00428	0.00465
7	0.01030	0.00647	0.00760	0.00786	0.05962	0.00685	0.00543	0.09164	0.01141	0.01829	0.01493	0.01896	0.01247	0.08775	0.08525	0.00231	0.02858	0.00500	0.51408	0.00519
8	0.01654	0.00718	0.00970	0.00805	0.01080	0.00632	0.00639	0.01850	0.01390	0.49253	0.23490	0.11120	0.02463	0.00845	0.00548	0.00163	0.00362	0.00724	0.00589	0.00704
9	0.07522	0.01287	0.01396	0.01084	0.01474	0.01399	0.00893	0.57340	0.05763	0.14699	0.01340	0.01297	0.00932	0.00605	0.00494	0.00154	0.00519	0.00457	0.00512	0.00836
10	0.00735	0.00493	0.00567	0.00567	0.00573	0.00499	0.00326	0.00745	0.00740	0.00992	0.01579	0.03230	0.01804	0.77514	0.07241	0.00510	0.00542	0.00724	0.00304	0.00315
11	0.01889	0.02410	0.01433	0.01303	0.01563	0.80199	0.00977	0.02019	0.01433	0.01238	0.00782	0.00912	0.00651	0.00521	0.00456	0.00130	0.00912	0.00326	0.00261	0.00586
12	0.01194	0.01364	0.02984	0.02131	0.02643	0.01279	0.77238	0.01620	0.01194	0.01620	0.01023	0.01364	0.00767	0.00426	0.00597	0.00171	0.00853	0.00597	0.00256	0.00682
13	0.01336	0.78869	0.06178	0.00892	0.01339	0.01963	0.00911	0.01518	0.01029	0.01209	0.00712	0.00823	0.00649	0.00435	0.00332	0.00111	0.00550	0.00275	0.00216	0.00653
14	0.01602	0.01634	0.01306	0.01235	0.06195	0.38827	0.00893	0.08560	0.03085	0.07348	0.01113	0.03186	0.00945	0.06579	0.00738	0.00172	0.08605	0.00443	0.06919	0.00613

[dist]
# distance from previous block
# <min> <max>
0	3

[block]
# block no. 1 follows, 49 sequences, length 19
# corresponding to MSA columns:
# 83-101
name=unknown_B
#
# <colnr> <probs for GDERKNQSTAVLIFYWHMCP>
#	G	D	E	R	K	N	Q	S	T	A	V	L	I	F	Y	W	H	M	C	P
0	0.01775	0.01343	0.01435	0.01134	0.01512	0.01499	0.00926	0.60842	0.19164	0.02950	0.01401	0.01363	0.01011	0.00625	0.00508	0.00156	0.00522	0.00481	0.00508	0.00847
1	0.19374	0.00630	0.00693	0.05300	0.00939	0.00696	0.00545	0.01142	0.00958	0.01710	0.01507	0.10903	0.01391	0.02785	0.13013	0.00262	0.01930	0.03672	0.32069	0.00481
2	0.00723	0.00498	0.00600	0.00590	0.00636	0.00482	0.00377	0.00816	0.01006	0.01385	0.30506	0.06874	0.03000	0.48401	0.01751	0.00354	0.00388	0.00833	0.00407	0.00375
3	0.06160	0.00887	0.01084	0.00865	0.01191	0.00861	0.00705	0.16094	0.01529	0.43269	0.09035	0.01801	0.01482	0.00755	0.03159	0.00174	0.00445	0.00522	0.09227	0.00754
4	0.00642	0.00507	0.00568	0.00564	0.00700	0.00444	0.00413	0.00793	0.01199	0.01536	0.26694	0.09643	0.47257	0.05922	0.00715	0.00188	0.00267	0.01027	0.00486	0.00434
5	0.43500	0.01000	0.00987	0.00810	0.01151	0.01074	0.00666	0.15638	0.01307	0.23270	0.01195	0.01191	0.00834	0.00543	0.00403	0.00154	0.00424	0.00381	0.04786	0.00685
6	0.01378	0.07242	0.01307	0.01025	0.01332	0.01335	0.00820	0.17329	0.53545	0.02198	0.01731	0.01655	0.01308	0.00703	0.00570	0.04309	0.00444	0.00519	0.00476	0.00773
7	0.01086	0.01048	0.01846	0.33984	0.33004	0.01127	0.11201	0.01395	0.01069	0.01453	0.00988	0.01459	0.00824	0.06616	0.00671	0.00186	0.00654	0.00490	0.00245	0.00653
8	0.02298	0.34388	0.15784	0.07176	0.01748	0.04646	0.08906	0.01598	0.07739	0.01415	0.00971	0.03665	0.00825	0.00541	0.00519	0.00146	0.06304	0.00413	0.00258	0.00658
9	0.76305	0.00993	0.00792	0.00696	0.01008	0.01143	0.00572	0.07244	0.00983	0.02324	0.00778	0.00890	0.00599	0.00484	0.00329	0.00155	0.00398	0.00295	0.03443	0.00569
10	0.00780	0.00508	0.00616	0.00621	0.00673	0.00496	0.00401	0.00844	0.00888	0.05167	0.06099	0.17425	0.07972	0.46370	0.08608	0.00408	0.00496	0.00868	0.00374	0.00384
11	0.01247	0.01082	0.01783	0.23289	0.44411	0.01177	0.01397	0.01528	0.01101	0.08263	0.00998	0.01303	0.00793	0.00525	0.00621	0.00163	0.08874	0.00454	0.00273	0.00718
12	0.00622	0.00509	0.00549	0.00547	0.00700	0.00436	0.00407	0.00770	0.01198	0.01494	0.19656	0.08714	0.60145	0.01248	0.00600	0.00170	0.00255	0.01056	0.00487	0.00436
13	0.00773	0.00545	0.00681	0.00663	0.00680	0.00590	0.00433	0.00800	0.00787	0.01082	0.05943	0.04951	0.01815	0.54247	0.10240	0.06846	0.07570	0.00697	0.00308	0.00349
14	0.08781	0.51934	0.07337	0.00986	0.01390	0.19628	0.00930	0.01632	0.01108	0.01322	0.00735	0.00852	0.00640	0.00459	0.00364	0.00121	0.00626	0.00290	0.00235	0.00632
15	0.01425	0.00918	0.01033	0.00865	0.01138	0.00956	0.00686	0.24396	0.12696	0.13156	0.09588	0.07836	0.01683	0.00726	0.00492	0.00150	0.00393	0.00598	0.17265	0.04001
16	0.01595	0.19553	0.04414	0.08559	0.02591	0.30707	0.02195	0.05061	0.05823	0.09509	0.01029	0.02227	0.00818	0.00548	0.00489	0.00141	0.03385	0.00391	0.00311	0.00657
17	0.03009	0.08261	0.01323	0.01027	0.01341	0.05670	0.00823	0.15211	0.50005	0.02145	0.01813	0.01714	0.04125	0.00659	0.00493	0.00160	0.00462	0.00525	0.00468	0.00767
18	0.56445	0.00917	0.00855	0.00766	0.00988	0.01095	0.00624	0.01360	0.00895	0.02006	0.04857	0.03708	0.00938	0.00618	0.00581	0.00166	0.14738	0.00391	0.07519	0.00534

[dist]
# distance from previous block
# <min> <max>
0	2

[block]
# block no. 2 follows, 49 sequences, length 46
# corresponding to MSA columns:
# 104-149
name=unknown_C
#
# <colnr> <probs for GDERKNQSTAVLIFYWHMCP>
#	G	D	E	R	K	N	Q	S	T	A	V	L	I	F	Y	W	H	M	C	P
0	0.00731	0.00546	0.00709	0.00773	0.00825	0.00575	0.00555	0.00911	0.05050	0.01384	0.02458	0.60150	0.02820	0.01386	0.00714	0.00200	0.07864	0.04986	0.06912	0.00452
1	0.00904	0.00569	0.00679	0.02820	0.00801	0.00627	0.00509	0.01109	0.01049	0.01727	0.09719	0.11006	0.01790	0.00786	0.00591	0.00147	0.11125	0.00623	0.52939	0.00479
2	0.00810	0.00671	0.00866	0.00845	0.00920	0.04466	0.00643	0.00954	0.00836	0.01162	0.01366	0.06073	0.01358	0.13348	0.55079	0.00653	0.08630	0.00593	0.00280	0.00447
3	0.01100	0.17640	0.49988	0.06849	0.05253	0.01339	0.07983	0.01563	0.01070	0.01505	0.00879	0.01070	0.00662	0.00467	0.00463	0.00151	0.00706	0.00381	0.00220	0.00713
4	0.01145	0.08742	0.01682	0.34946	0.12072	0.10364	0.05222	0.01428	0.02744	0.01346	0.00996	0.05330	0.00863	0.00691	0.03281	0.00184	0.07626	0.00482	0.00253	0.00602
5	0.02692	0.02392	0.01247	0.01093	0.06496	0.11512	0.00808	0.13828	0.05488	0.29511	0.09506	0.01749	0.01448	0.04941	0.00607	0.00166	0.00506	0.00512	0.00477	0.05020
6	0.00934	0.05077	0.06818	0.00741	0.00952	0.02350	0.00619	0.01108	0.01158	0.11603	0.11322	0.27092	0.26021	0.01138	0.00574	0.00173	0.00355	0.00979	0.00462	0.00524
7	0.85801	0.00978	0.00743	0.00665	0.00978	0.01134	0.00548	0.01486	0.00861	0.02269	0.00704	0.00821	0.00548	0.00469	0.00313	0.00156	0.00391	0.00274	0.00313	0.00548
8	0.22086	0.00940	0.01103	0.00869	0.01242	0.00913	0.00717	0.09225	0.01395	0.53975	0.01615	0.01460	0.01048	0.00587	0.00462	0.00156	0.00433	0.00448	0.00540	0.00786
9	0.00690	0.00493	0.00594	0.00611	0.00665	0.00479	0.00402	0.00772	0.00930	0.01240	0.11615	0.18077	0.13476	0.37817	0.09598	0.00384	0.00478	0.00916	0.00387	0.00378
10	0.14637	0.01200	0.01122	0.11117	0.01481	0.14605	0.00807	0.20898	0.02414	0.02040	0.11674	0.01988	0.12573	0.00712	0.00492	0.00155	0.00520	0.00553	0.00399	0.00613
11	0.00805	0.00705	0.00719	0.00683	0.00836	0.06012	0.00521	0.00945	0.01167	0.04075	0.12749	0.09060	0.49969	0.01160	0.00687	0.00173	0.07872	0.00946	0.00448	0.00469
12	0.00817	0.00531	0.00687	0.00658	0.00786	0.00494	0.00502	0.01045	0.01355	0.05862	0.58546	0.07691	0.04067	0.01025	0.00579	0.00163	0.00266	0.06001	0.08434	0.00492
13	0.01057	0.02518	0.71587	0.05466	0.02222	0.05281	0.01798	0.01607	0.01084	0.01567	0.00900	0.01074	0.00643	0.00484	0.00480	0.00159	0.00752	0.00375	0.00217	0.00730
14	0.00818	0.00592	0.00816	0.00911	0.01041	0.00579	0.00787	0.01043	0.01149	0.01510	0.02589	0.09076	0.02817	0.01352	0.00679	0.00223	0.00453	0.68159	0.00457	0.04951
15	0.00648	0.00463	0.00638	0.03526	0.00838	0.00452	0.00512	0.00736	0.00944	0.01263	0.02532	0.69783	0.02991	0.01706	0.06155	0.04286	0.00386	0.01294	0.00435	0.00410
16	0.00799	0.00606	0.00646	0.00636	0.00661	0.04669	0.00396	0.00831	0.00782	0.01023	0.01506	0.02979	0.01684	0.66483	0.12693	0.00510	0.01770	0.00684	0.00298	0.00344
17	0.08982	0.01182	0.01290	0.09472	0.01575	0.02362	0.00880	0.47131	0.02936	0.06315	0.01236	0.01311	0.00896	0.00583	0.00469	0.00150	0.00509	0.00443	0.11531	0.00746
18	0.01589	0.01251	0.01330	0.01096	0.01441	0.01412	0.00880	0.39870	0.40440	0.02649	0.01638	0.01552	0.01203	0.00647	0.00510	0.00162	0.00478	0.00514	0.00510	0.00830
19	0.01872	0.07940	0.01592	0.01164	0.01546	0.14888	0.00956	0.58709	0.02112	0.02701	0.01101	0.01131	0.00808	0.00579	0.00483	0.00145	0.00615	0.00419	0.00442	0.00797
20	0.00620	0.00449	0.00578	0.00679	0.00720	0.00416	0.00454	0.00708	0.00974	0.01283	0.02950	0.70990	0.10347	0.05347	0.00732	0.00216	0.00299	0.01370	0.00462	0.00407
21	0.00620	0.00459	0.00579	0.00664	0.00726	0.00419	0.00454	0.00726	0.01036	0.01359	0.08765	0.61904	0.17466	0.01488	0.00633	0.00196	0.00282	0.01331	0.00476	0.00419
22	0.07737	0.00838	0.01071	0.00845	0.01196	0.00764	0.00692	0.03303	0.03507	0.61965	0.03635	0.01720	0.01292	0.00623	0.00483	0.00153	0.00406	0.00499	0.08477	0.00793
23	0.00656	0.00518	0.00574	0.00579	0.00711	0.00462	0.00424	0.00811	0.02358	0.01446	0.16888	0.09797	0.47132	0.10843	0.00838	0.00212	0.00296	0.04562	0.00466	0.00428
24	0.00716	0.00517	0.00676	0.00636	0.00755	0.00477	0.00477	0.00954	0.01431	0.02028	0.78808	0.03777	0.04771	0.01034	0.00596	0.00159	0.00239	0.00914	0.00557	0.00477
25	0.85801	0.00978	0.00743	0.00665	0.00978	0.01134	0.00548	0.01486	0.00861	0.02269	0.00704	0.00821	0.00548	0.00469	0.00313	0.00156	0.00391	0.00274	0.00313	0.00548
26	0.01980	0.08529	0.01305	0.00922	0.01296	0.00964	0.00766	0.02420	0.16798	0.56613	0.01887	0.01669	0.01254	0.00620	0.00493	0.00155	0.00435	0.00499	0.00565	0.00829
27	0.85801	0.00978	0.00743	0.00665	0.00978	0.01134	0.00548	0.01486	0.00861	0.02269	0.00704	0.00821	0.00548	0.00469	0.00313	0.00156	0.00391	0.00274	0.00313	0.00548
28	0.01056	0.12446	0.70142	0.01370	0.02079	0.01276	0.01745	0.01591	0.01063	0.01551	0.00882	0.01036	0.00642	0.00475	0.00461	0.00154	0.00722	0.00361	0.00214	0.00735
29	0.01142	0.01296	0.04433	0.01956	0.04147	0.01214	0.62570	0.01534	0.01190	0.01637	0.08260	0.01566	0.01133	0.00509	0.00648	0.00171	0.05042	0.00610	0.00281	0.00660
30	0.01140	0.00896	0.01070	0.02810	0.01264	0.00691	0.00631	0.01366	0.01078	0.07644	0.00983	0.01108	0.00786	0.00397	0.00388	0.00084	0.00386	0.00320	0.00323	0.76634
31	0.01861	0.01224	0.05413	0.01066	0.01444	0.01209	0.00913	0.40472	0.01867	0.27224	0.06735	0.01538	0.01231	0.00650	0.00570	0.00158	0.04596	0.00499	0.00518	0.00813
32	0.00645	0.00471	0.00646	0.04532	0.00884	0.00456	0.00536	0.00754	0.00983	0.01305	0.02690	0.73127	0.03189	0.01521	0.00642	0.00205	0.00323	0.06210	0.00458	0.00421
33	0.01844	0.01377	0.01473	0.01148	0.01538	0.01531	0.00942	0.68541	0.11353	0.03060	0.01314	0.01294	0.00941	0.00616	0.00507	0.00154	0.00538	0.00469	0.00507	0.00853
34	0.01049	0.00899	0.01049	0.00749	0.01198	0.00674	0.00599	0.01273	0.01049	0.01648	0.00899	0.01049	0.00749	0.00374	0.00374	0.00075	0.00374	0.00300	0.00300	0.85320
35	0.00955	0.00899	0.01517	0.81013	0.03483	0.01123	0.01404	0.01292	0.01011	0.01292	0.00899	0.01348	0.00674	0.00506	0.00506	0.00169	0.00674	0.00449	0.00225	0.00562
36	0.01017	0.00923	0.01474	0.58810	0.12035	0.01101	0.01294	0.01445	0.08232	0.01452	0.01065	0.01424	0.00813	0.00522	0.00495	0.00163	0.00610	0.00462	0.06058	0.00606
37	0.00614	0.00447	0.00580	0.00686	0.00729	0.00412	0.00461	0.00706	0.00985	0.01298	0.03005	0.74709	0.10393	0.01556	0.00641	0.00202	0.00290	0.01403	0.00469	0.00412
38	0.05656	0.00853	0.00925	0.04193	0.08285	0.04954	0.00672	0.11796	0.03852	0.01996	0.02370	0.01608	0.01127	0.00583	0.00442	0.00135	0.02624	0.00456	0.46891	0.00583
39	0.00649	0.00469	0.00615	0.00689	0.00751	0.00436	0.00484	0.00782	0.01098	0.01481	0.20963	0.55527	0.07657	0.01428	0.00634	0.00194	0.00287	0.04938	0.00490	0.00430
40	0.00704	0.00490	0.00580	0.00611	0.00643	0.00479	0.00389	0.00754	0.00851	0.01119	0.02223	0.19053	0.09337	0.51194	0.04032	0.00396	0.00452	0.05977	0.00363	0.00353
41	0.01770	0.15316	0.01661	0.01323	0.05419	0.63570	0.00988	0.01914	0.01353	0.01251	0.00777	0.00913	0.00658	0.00503	0.00437	0.00128	0.00836	0.00323	0.00253	0.00607
42	0.01299	0.01021	0.01129	0.01054	0.04235	0.01139	0.00788	0.02460	0.61637	0.09244	0.02207	0.02070	0.06669	0.02039	0.00553	0.00174	0.00403	0.00597	0.00508	0.00773
43	0.01102	0.00938	0.01201	0.10377	0.04899	0.01050	0.03626	0.06657	0.28998	0.03113	0.13807	0.02359	0.10669	0.00787	0.00630	0.00171	0.06765	0.01755	0.00439	0.00656
44	0.01354	0.01049	0.01173	0.05224	0.04161	0.03377	0.00830	0.09362	0.44366	0.10425	0.01988	0.09277	0.03664	0.00750	0.00525	0.00169	0.00440	0.00631	0.00489	0.00747
45	0.54009	0.03178	0.02753	0.08355	0.03349	0.10041	0.00767	0.04918	0.01054	0.06375	0.00837	0.00965	0.00635	0.00492	0.00375	0.00153	0.00502	0.00324	0.00319	0.00598

[dist]
# distance from previous block
# <min> <max>
0	1

[block]
# block no. 3 follows, 49 sequences, length 61
# corresponding to MSA columns:
# 151-211
name=unknown_D
#
# <colnr> <probs for GDERKNQSTAVLIFYWHMCP>
#	G	D	E	R	K	N	Q	S	T	A	V	L	I	F	Y	W	H	M	C	P
0	0.01503	0.00847	0.01036	0.00841	0.01151	0.00790	0.00670	0.12562	0.05494	0.29544	0.14096	0.08896	0.06440	0.00774	0.00520	0.00150	0.00386	0.00650	0.00521	0.13131
1	0.00806	0.00646	0.00874	0.04974	0.11020	0.00635	0.00674	0.06395	0.01133	0.01490	0.02808	0.46368	0.17722	0.01254	0.00600	0.00186	0.00363	0.01117	0.00432	0.00504
2	0.09603	0.01120	0.05992	0.30488	0.16435	0.01113	0.15419	0.01498	0.01109	0.06806	0.04833	0.01411	0.00941	0.00510	0.00506	0.00163	0.00632	0.00482	0.00287	0.00652
3	0.01120	0.15461	0.62625	0.01340	0.02008	0.05960	0.01654	0.01612	0.01083	0.01514	0.00867	0.01017	0.00643	0.00475	0.00454	0.00150	0.00724	0.00354	0.00217	0.00722
4	0.00628	0.00457	0.00595	0.00700	0.00749	0.00424	0.00484	0.00729	0.01000	0.01313	0.03013	0.69095	0.10855	0.01541	0.00644	0.00204	0.00301	0.06382	0.00469	0.00416
5	0.01782	0.02051	0.01582	0.01344	0.01655	0.53939	0.08576	0.14513	0.06768	0.01658	0.00964	0.01073	0.00758	0.00537	0.00482	0.00141	0.00812	0.00391	0.00318	0.00656
6	0.00754	0.00495	0.00575	0.00575	0.00598	0.00506	0.00351	0.00800	0.00777	0.01094	0.01570	0.03006	0.01714	0.64511	0.11824	0.00492	0.00570	0.00685	0.08761	0.00341
7	0.00925	0.00645	0.00876	0.05963	0.06166	0.00592	0.00638	0.01079	0.01055	0.09187	0.04836	0.40927	0.04755	0.05097	0.00660	0.00184	0.00371	0.00963	0.00422	0.14659
8	0.01432	0.01159	0.01227	0.01042	0.01359	0.01309	0.00828	0.26478	0.49448	0.02415	0.01966	0.01844	0.05805	0.00695	0.00517	0.00165	0.00442	0.00563	0.00509	0.00798
9	0.01862	0.01350	0.01457	0.01135	0.01525	0.01491	0.00932	0.64959	0.11188	0.06826	0.01351	0.01318	0.00959	0.00617	0.00507	0.00154	0.00532	0.00472	0.00513	0.00853
10	0.00640	0.00514	0.00571	0.00557	0.00709	0.00445	0.00417	0.00807	0.01252	0.01602	0.31448	0.04477	0.52396	0.01192	0.00597	0.00167	0.00250	0.01013	0.00501	0.00445
11	0.00689	0.00511	0.00651	0.00737	0.00798	0.00502	0.00509	0.00922	0.08704	0.01418	0.06961	0.68255	0.03237	0.01461	0.00631	0.00200	0.00304	0.02579	0.00479	0.00454
12	0.15462	0.00894	0.01098	0.00861	0.01231	0.00838	0.00710	0.06116	0.01388	0.60539	0.01738	0.01558	0.01121	0.00599	0.00472	0.00155	0.00424	0.00467	0.03532	0.00797
13	0.00710	0.00517	0.00669	0.00631	0.00752	0.00475	0.00473	0.00944	0.01419	0.01998	0.75490	0.03826	0.08108	0.01045	0.00596	0.00160	0.00239	0.00921	0.00553	0.00475
14	0.05161	0.00918	0.01526	0.67879	0.03160	0.01117	0.05782	0.01315	0.01012	0.01380	0.00920	0.01339	0.00696	0.00509	0.00517	0.00167	0.02176	0.00450	0.03409	0.00565
15	0.00719	0.00515	0.00690	0.00783	0.00862	0.00498	0.00611	0.00878	0.01081	0.01424	0.07978	0.34106	0.06357	0.06601	0.00787	0.00231	0.00378	0.34605	0.00463	0.00434
16	0.01893	0.02276	0.01444	0.01284	0.01564	0.69621	0.00975	0.12158	0.01560	0.01500	0.00840	0.00953	0.00679	0.00533	0.00463	0.00133	0.00864	0.00343	0.00294	0.00623
17	0.01004	0.00937	0.01573	0.55482	0.21354	0.01087	0.01372	0.01316	0.01048	0.01386	0.01069	0.05461	0.00918	0.00578	0.00518	0.00168	0.00630	0.03236	0.00252	0.00608
18	0.01324	0.01225	0.05223	0.02519	0.52269	0.01152	0.10877	0.01706	0.05891	0.09431	0.01166	0.02920	0.00930	0.00503	0.00516	0.00156	0.00603	0.00498	0.00307	0.00782
19	0.00955	0.00899	0.01517	0.81013	0.03483	0.01123	0.01404	0.01292	0.01011	0.01292	0.00899	0.01348	0.00674	0.00506	0.00506	0.00169	0.00674	0.00449	0.00225	0.00562
20	0.00614	0.00448	0.00578	0.00682	0.00728	0.00413	0.00460	0.00707	0.00989	0.01299	0.03052	0.73146	0.11926	0.01550	0.00640	0.00201	0.00289	0.01395	0.00469	0.00413
21	0.00835	0.00546	0.00679	0.00635	0.00789	0.00487	0.00480	0.01033	0.01335	0.09544	0.48097	0.08446	0.23007	0.01088	0.00591	0.00164	0.00265	0.00943	0.00536	0.00499
22	0.00958	0.00571	0.00749	0.00673	0.00838	0.00517	0.00516	0.01185	0.01423	0.14286	0.63780	0.03493	0.07065	0.00979	0.00583	0.00159	0.00270	0.00856	0.00564	0.00536
23	0.00710	0.00547	0.00723	0.08645	0.01013	0.00527	0.00553	0.00926	0.01299	0.01773	0.51344	0.10914	0.16990	0.01074	0.00592	0.00166	0.00290	0.00943	0.00500	0.00471
24	0.00725	0.00727	0.08536	0.00813	0.00942	0.00578	0.00645	0.01008	0.09316	0.01411	0.02521	0.65187	0.02880	0.01377	0.00615	0.00197	0.00350	0.01238	0.00449	0.00486
25	0.01166	0.01412	0.15846	0.03227	0.02158	0.01116	0.42560	0.05905	0.01220	0.05555	0.02195	0.12730	0.01183	0.00628	0.00572	0.00172	0.00706	0.00665	0.00314	0.00670
26	0.02425	0.30856	0.21020	0.15335	0.05840	0.09359	0.05670	0.01554	0.01088	0.01376	0.00826	0.01032	0.00665	0.00467	0.00432	0.00140	0.00670	0.00360	0.00227	0.00659
27	0.01230	0.01110	0.01823	0.27222	0.49548	0.02642	0.01448	0.01533	0.01130	0.06038	0.00992	0.01302	0.00785	0.00479	0.00502	0.00156	0.00620	0.00451	0.00264	0.00726
28	0.01316	0.00930	0.01051	0.00926	0.01195	0.01009	0.00724	0.02289	0.49245	0.15165	0.18000	0.02252	0.02165	0.00748	0.00531	0.00166	0.00372	0.00632	0.00542	0.00743
29	0.00834	0.00658	0.00860	0.00818	0.00884	0.00775	0.00605	0.01068	0.08503	0.01208	0.01409	0.02302	0.01403	0.29677	0.34936	0.00557	0.12156	0.00597	0.00300	0.00451
30	0.00639	0.00514	0.00570	0.00556	0.00708	0.00445	0.00417	0.00806	0.01250	0.01598	0.30957	0.04485	0.52890	0.01194	0.00597	0.00167	0.00250	0.01014	0.00500	0.00445
31	0.00805	0.00664	0.00972	0.00924	0.00995	0.00830	0.00735	0.00971	0.00804	0.01183	0.01205	0.01796	0.01134	0.03164	0.63235	0.00685	0.18643	0.00520	0.00260	0.00473
32	0.01294	0.58811	0.16821	0.00965	0.01436	0.01736	0.01027	0.05310	0.01104	0.01407	0.00822	0.00941	0.00695	0.00459	0.00364	0.00121	0.00562	0.00311	0.05145	0.00668
33	0.00800	0.00569	0.00700	0.00736	0.00851	0.00546	0.00545	0.06215	0.02631	0.04113	0.06965	0.44320	0.17429	0.01359	0.00623	0.00194	0.00329	0.10117	0.00482	0.00477
34	0.13067	0.01974	0.06083	0.02899	0.01643	0.46418	0.07237	0.09944	0.01391	0.01639	0.00844	0.00992	0.00669	0.00522	0.00486	0.00144	0.02769	0.00363	0.00289	0.00626
35	0.01665	0.01364	0.01542	0.01400	0.10593	0.05382	0.03670	0.45046	0.19452	0.02610	0.01348	0.01362	0.00995	0.00596	0.00508	0.00156	0.00554	0.00480	0.00457	0.00820
36	0.00740	0.00533	0.00673	0.00745	0.00819	0.00525	0.00517	0.01001	0.10359	0.03360	0.06768	0.66021	0.03151	0.01422	0.00624	0.00198	0.00307	0.01282	0.00483	0.00473
37	0.02567	0.01136	0.04659	0.10860	0.07580	0.04959	0.07894	0.05648	0.16755	0.21165	0.08158	0.01701	0.01370	0.00620	0.00546	0.00162	0.02528	0.00531	0.00432	0.00729
38	0.00838	0.00543	0.00599	0.00578	0.00753	0.00476	0.00445	0.01001	0.01181	0.09286	0.08429	0.05512	0.49112	0.01104	0.00556	0.00164	0.00281	0.04860	0.13800	0.00482
39	0.00635	0.00461	0.00624	0.00758	0.02571	0.00432	0.00495	0.00733	0.00990	0.01327	0.05579	0.77094	0.03338	0.01537	0.00640	0.00202	0.00299	0.01395	0.00468	0.00422
40	0.06198	0.40227	0.16062	0.11640	0.01865	0.01591	0.08731	0.02982	0.01057	0.01423	0.00806	0.01001	0.00661	0.00472	0.00453	0.00139	0.03451	0.00355	0.00232	0.00653
41	0.01134	0.01140	0.11131	0.00970	0.01283	0.01044	0.00849	0.02130	0.47773	0.04375	0.11664	0.02193	0.06506	0.00732	0.00517	0.00165	0.00409	0.00612	0.04655	0.00716
42	0.00606	0.00501	0.00527	0.00544	0.00689	0.00427	0.00397	0.00727	0.01120	0.01357	0.05997	0.16307	0.64476	0.03223	0.00651	0.00183	0.00267	0.01112	0.00467	0.00423
43	0.01253	0.59151	0.25166	0.01034	0.01558	0.01759	0.01159	0.01540	0.01039	0.01310	0.00763	0.00886	0.00646	0.00447	0.00370	0.00123	0.00601	0.00301	0.00215	0.00678
44	0.01242	0.01073	0.01129	0.01017	0.01300	0.01238	0.00791	0.02641	0.76352	0.02098	0.02130	0.01957	0.03359	0.00700	0.00516	0.00171	0.00397	0.00583	0.00513	0.00792
45	0.02493	0.00820	0.09288	0.00763	0.01010	0.00610	0.00670	0.01248	0.01358	0.12154	0.53330	0.03014	0.04510	0.00875	0.00554	0.00154	0.00330	0.00757	0.00508	0.05553
46	0.01291	0.01170	0.05101	0.00917	0.01335	0.05507	0.00770	0.17633	0.01355	0.03392	0.01046	0.04085	0.00866	0.00498	0.00451	0.00108	0.02096	0.00387	0.00348	0.51644
47	0.01835	0.10409	0.01554	0.01259	0.01537	0.72392	0.00966	0.01969	0.01393	0.01233	0.00774	0.00902	0.00651	0.00512	0.00443	0.00128	0.00875	0.00320	0.00256	0.00592
48	0.01195	0.00964	0.01055	0.00847	0.01186	0.03565	0.00664	0.09724	0.13567	0.05704	0.02409	0.07038	0.06250	0.03229	0.00544	0.00136	0.01525	0.00521	0.00396	0.39481
49	0.06029	0.01049	0.01702	0.13849	0.52527	0.01090	0.01325	0.01428	0.02554	0.01600	0.01177	0.11194	0.01096	0.00604	0.00509	0.00160	0.00557	0.00564	0.00282	0.00704
50	0.80201	0.00970	0.00772	0.00681	0.00999	0.01108	0.00561	0.01552	0.00900	0.07441	0.00791	0.00882	0.00595	0.00480	0.00326	0.00156	0.00394	0.00290	0.00334	0.00569
51	0.00658	0.00456	0.00577	0.00671	0.00722	0.00429	0.00456	0.00782	0.01961	0.01370	0.02801	0.67440	0.07816	0.01446	0.00609	0.00193	0.00286	0.01299	0.09604	0.00423
52	0.01078	0.00573	0.00622	0.00592	0.00747	0.00577	0.00466	0.06720	0.01188	0.06507	0.01741	0.02209	0.01423	0.00673	0.00408	0.00134	0.00293	0.07980	0.65546	0.00522
53	0.04046	0.00863	0.01164	0.00895	0.01284	0.00752	0.00739	0.02444	0.01435	0.77783	0.01967	0.01702	0.01237	0.00623	0.00504	0.00156	0.00429	0.00504	0.00619	0.00854
54	0.00693	0.00473	0.00564	0.00605	0.00615	0.00462	0.00364	0.00724	0.00817	0.01089	0.02013	0.30909	0.02367	0.53907	0.01897	0.00390	0.00421	0.00982	0.00364	0.00343
55	0.01857	0.01288	0.01409	0.01106	0.01489	0.01407	0.00905	0.54978	0.14901	0.13126	0.01459	0.01394	0.01026	0.00623	0.00508	0.00156	0.00514	0.00482	0.00523	0.00850
56	0.01169	0.00829	0.00989	0.00742	0.01120	0.00666	0.00593	0.01390	0.01116	0.11275	0.05697	0.01384	0.01105	0.00477	0.00427	0.00097	0.01941	0.00383	0.09506	0.59091
57	0.02537	0.09515	0.01360	0.01029	0.02638	0.19968	0.00815	0.31532	0.01665	0.02177	0.01155	0.01260	0.00890	0.00561	0.00437	0.00134	0.00561	0.00408	0.20683	0.00676
58	0.01219	0.00953	0.04935	0.00970	0.01175	0.00963	0.00791	0.20178	0.03819	0.09600	0.01975	0.32071	0.04548	0.01049	0.00729	0.00185	0.11992	0.01781	0.00447	0.00618
59	0.01182	0.38156	0.43840	0.01182	0.01780	0.03098	0.01405	0.01571	0.01057	0.01411	0.00814	0.00950	0.00644	0.00460	0.00411	0.00136	0.00659	0.00327	0.00216	0.00700
60	0.30830	0.01228	0.05020	0.00893	0.01255	0.09574	0.00753	0.13050	0.01261	0.12287	0.01010	0.01092	0.00752	0.00559	0.00477	0.03961	0.00495	0.00355	0.00366	0.14783

[dist]
# distance from previous block
# <min> <max>
0	1

[block]
# block no. 4 follows, 49 sequences, length 9
# corresponding to MSA columns:
# 213-221
name=unknown_E
#
# <colnr> <probs for GDERKNQSTAVLIFYWHMCP>
#	G	D	E	R	K	N	Q	S	T	A	V	L	I	F	Y	W	H	M	C	P
0	0.01316	0.00950	0.00881	0.00759	0.00983	0.09098	0.00595	0.22304	0.01462	0.02168	0.01412	0.01568	0.01089	0.00579	0.00407	0.00127	0.00400	0.00446	0.49818	0.03639
1	0.00708	0.00509	0.00690	0.00700	0.00765	0.00534	0.00500	0.00842	0.00937	0.01310	0.16441	0.15153	0.02396	0.21415	0.34233	0.00517	0.00771	0.00799	0.00365	0.00416
2	0.00615	0.00445	0.00581	0.00690	0.00730	0.00412	0.00463	0.00706	0.00982	0.01296	0.02960	0.76207	0.08925	0.01562	0.00642	0.00203	0.00291	0.01410	0.00469	0.00412
3	0.02269	0.00861	0.01174	0.00900	0.01291	0.00743	0.00743	0.02464	0.01447	0.79425	0.01995	0.01721	0.01252	0.00626	0.00509	0.00156	0.00430	0.00509	0.00626	0.00861
4	0.00644	0.00473	0.00632	0.00702	0.00764	0.00461	0.00494	0.00768	0.00998	0.01344	0.09892	0.52820	0.09376	0.01929	0.15849	0.00314	0.00488	0.01186	0.00440	0.00426
5	0.01282	0.00891	0.01072	0.00778	0.01216	0.00687	0.00627	0.01501	0.01125	0.16515	0.01108	0.01177	0.00845	0.00423	0.00400	0.00090	0.00385	0.00340	0.00362	0.69175
6	0.02057	0.16531	0.01492	0.00921	0.01321	0.01070	0.00789	0.10098	0.01464	0.56517	0.01667	0.01494	0.01096	0.00587	0.00473	0.00147	0.00465	0.00457	0.00535	0.00820
7	0.17876	0.01474	0.05443	0.03540	0.01546	0.08973	0.00945	0.49380	0.01887	0.02684	0.01050	0.01107	0.00763	0.00563	0.00463	0.00152	0.00572	0.00404	0.00422	0.00759
8	0.05918	0.01283	0.01180	0.01062	0.03047	0.16229	0.00810	0.07535	0.36370	0.11684	0.03838	0.01782	0.05714	0.00668	0.00498	0.00159	0.00504	0.00528	0.00461	0.00728

[dist]
# distance from previous block
# <min> <max>
0	3

[block]
# block no. 5 follows, 49 sequences, length 9
# corresponding to MSA columns:
# 225-233
name=unknown_F
#
# <colnr> <probs for GDERKNQSTAVLIFYWHMCP>
#	G	D	E	R	K	N	Q	S	T	A	V	L	I	F	Y	W	H	M	C	P
0	0.01721	0.01329	0.08704	0.01097	0.01492	0.01282	0.00956	0.39339	0.17269	0.15794	0.01475	0.01435	0.01045	0.00660	0.00564	0.03540	0.00517	0.00479	0.00489	0.00812
1	0.01005	0.00597	0.00768	0.00696	0.00869	0.00546	0.00535	0.03140	0.01399	0.15527	0.50090	0.08045	0.10903	0.01016	0.00584	0.00164	0.00291	0.02729	0.00552	0.00545
2	0.00725	0.00575	0.00849	0.14299	0.06433	0.00589	0.00699	0.00883	0.01031	0.01385	0.09508	0.55668	0.02862	0.01276	0.00608	0.00191	0.00372	0.01157	0.00422	0.00468
3	0.00680	0.00509	0.00631	0.00613	0.00737	0.00460	0.00455	0.00881	0.01329	0.01815	0.55575	0.10512	0.21670	0.01136	0.00601	0.00166	0.00247	0.00993	0.00529	0.00460
4	0.00766	0.00602	0.00880	0.00856	0.00931	0.00727	0.00667	0.00929	0.00804	0.01168	0.01291	0.01962	0.01229	0.07863	0.67096	0.00729	0.10238	0.00542	0.00267	0.00455
5	0.01584	0.36667	0.02028	0.01325	0.10487	0.37416	0.00996	0.01748	0.01226	0.01265	0.00768	0.00908	0.00668	0.00475	0.00405	0.00123	0.00716	0.00317	0.00240	0.00638
6	0.01425	0.00713	0.00926	0.00797	0.01039	0.00662	0.00623	0.01747	0.09123	0.35170	0.28980	0.12070	0.02764	0.00890	0.00556	0.00165	0.00344	0.00768	0.00572	0.00666
7	0.01179	0.00793	0.00989	0.00974	0.03083	0.00813	0.00769	0.16354	0.06285	0.09953	0.04303	0.18782	0.03882	0.01116	0.00609	0.00194	0.00435	0.28392	0.00491	0.00603
8	0.01266	0.20988	0.25868	0.05205	0.05165	0.13625	0.10423	0.01595	0.01103	0.01402	0.00832	0.01043	0.00670	0.00507	0.00567	0.00150	0.08314	0.00382	0.00229	0.00667

[dist]
# distance from previous block
# <min> <max>
0	6

[block]
# block no. 6 follows, 49 sequences, length 6
# corresponding to MSA columns:
# 240-245
name=unknown_G
#
# <colnr> <probs for GDERKNQSTAVLIFYWHMCP>
#	G	D	E	R	K	N	Q	S	T	A	V	L	I	F	Y	W	H	M	C	P
0	0.08567	0.00587	0.00723	0.04706	0.00964	0.00557	0.00543	0.00909	0.01006	0.01487	0.07682	0.52720	0.02668	0.01207	0.00564	0.00176	0.00330	0.01073	0.00424	0.13107
1	0.01225	0.07342	0.13391	0.06623	0.01803	0.13127	0.15866	0.01581	0.05610	0.01487	0.00999	0.01250	0.00801	0.00578	0.00710	0.00162	0.16565	0.00444	0.09811	0.00625
2	0.10802	0.00844	0.00955	0.00845	0.01073	0.00879	0.00654	0.21130	0.04475	0.11546	0.14497	0.26013	0.02291	0.00962	0.00542	0.00171	0.00385	0.00817	0.00496	0.00624
3	0.00806	0.00717	0.00938	0.00882	0.00946	0.00850	0.00688	0.00927	0.00989	0.01355	0.10068	0.23626	0.22260	0.01187	0.01010	0.00198	0.30778	0.00915	0.00385	0.00475
4	0.01257	0.00674	0.00727	0.00636	0.00833	0.00687	0.00500	0.14166	0.01326	0.10845	0.01615	0.01754	0.01218	0.00596	0.00397	0.00128	0.00312	0.00473	0.61276	0.00581
5	0.01076	0.02182	0.53037	0.01681	0.02346	0.01211	0.28005	0.01608	0.01111	0.01608	0.00948	0.01170	0.00684	0.00462	0.00521	0.00164	0.00784	0.00451	0.00228	0.00725

[dist]
# distance from previous block
# <min> <max>
0	1

[block]
# block no. 7 follows, 49 sequences, length 8
# corresponding to MSA columns:
# 247-254
name=unknown_H
#
# <colnr> <probs for GDERKNQSTAVLIFYWHMCP>
#	G	D	E	R	K	N	Q	S	T	A	V	L	I	F	Y	W	H	M	C	P
0	0.00849	0.00545	0.00602	0.00573	0.00753	0.00472	0.00435	0.01002	0.01183	0.10911	0.08627	0.08709	0.51257	0.01123	0.00561	0.00164	0.00276	0.00942	0.10528	0.00487
1	0.01220	0.41507	0.09663	0.10743	0.01939	0.01627	0.17896	0.01497	0.01047	0.01337	0.00813	0.01042	0.00678	0.00478	0.00519	0.00142	0.06590	0.00386	0.00226	0.00648
2	0.02124	0.00865	0.01159	0.00882	0.01280	0.00735	0.00726	0.02323	0.01400	0.70196	0.01865	0.01641	0.01192	0.00596	0.00493	0.00147	0.00424	0.00484	0.00587	0.10883
3	0.01106	0.01106	0.01549	0.01328	0.01328	0.01549	0.01106	0.01217	0.00774	0.01217	0.00664	0.01106	0.00664	0.00885	0.01659	0.00221	0.81303	0.00443	0.00221	0.00553
4	0.01056	0.01141	0.04823	0.47002	0.06354	0.03438	0.23455	0.01414	0.01083	0.01413	0.00991	0.03742	0.00785	0.00512	0.00534	0.00168	0.00721	0.00516	0.00243	0.00610
5	0.01906	0.01311	0.01404	0.01103	0.01485	0.04437	0.00901	0.51312	0.11339	0.17328	0.01446	0.01379	0.01008	0.00617	0.00505	0.00154	0.00528	0.00474	0.00520	0.00842
6	0.01200	0.00960	0.01134	0.04906	0.01364	0.00808	0.00690	0.10536	0.01224	0.05023	0.00982	0.01112	0.00779	0.00420	0.00403	0.00092	0.00414	0.00335	0.00334	0.67284
7	0.00640	0.00459	0.00608	0.00688	0.00739	0.00427	0.00471	0.00765	0.01080	0.01469	0.21147	0.63032	0.03689	0.01451	0.00634	0.00194	0.00280	0.01311	0.00490	0.00427

[dist]
# distance from previous block
# <min> <max>
0	14

[block]
# block no. 8 follows, 49 sequences, length 31
# corresponding to MSA columns:
# 269-299
name=unknown_I
#
# <colnr> <probs for GDERKNQSTAVLIFYWHMCP>
#	G	D	E	R	K	N	Q	S	T	A	V	L	I	F	Y	W	H	M	C	P
0	0.02091	0.00935	0.01195	0.00934	0.01310	0.00877	0.00766	0.10659	0.09086	0.61452	0.03921	0.01735	0.01329	0.00640	0.00511	0.00157	0.00436	0.00519	0.00600	0.00845
1	0.01854	0.00795	0.01058	0.00847	0.01170	0.00712	0.00686	0.02132	0.05928	0.57196	0.19575	0.02201	0.02074	0.00723	0.00529	0.00158	0.00385	0.00605	0.00604	0.00769
2	0.00698	0.00523	0.00664	0.00737	0.00847	0.00489	0.00585	0.00866	0.01131	0.01453	0.08708	0.24040	0.24610	0.01385	0.00650	0.00203	0.00348	0.31149	0.00474	0.00442
3	0.01746	0.00901	0.03136	0.00889	0.01217	0.00819	0.00736	0.10207	0.07382	0.44532	0.20458	0.02159	0.02067	0.00723	0.00529	0.00158	0.00404	0.00602	0.00577	0.00760
4	0.00689	0.00460	0.00582	0.00638	0.00667	0.00438	0.00412	0.00707	0.00873	0.01148	0.02374	0.40610	0.09510	0.23500	0.01377	0.13856	0.00367	0.01053	0.00385	0.00353
5	0.01866	0.06472	0.01559	0.01146	0.01533	0.09440	0.00946	0.63805	0.02176	0.02846	0.01147	0.01171	0.00834	0.00587	0.00487	0.00146	0.00585	0.00431	0.02007	0.00813
6	0.05438	0.01411	0.06223	0.01128	0.01539	0.01443	0.00970	0.62907	0.02130	0.06057	0.01246	0.03585	0.00920	0.00619	0.00498	0.00153	0.00545	0.00471	0.00480	0.02236
7	0.11056	0.25258	0.08319	0.01105	0.01464	0.38783	0.00965	0.01807	0.04473	0.01408	0.00815	0.00927	0.00676	0.00493	0.00407	0.00131	0.00711	0.00318	0.00260	0.00623
8	0.85801	0.00978	0.00743	0.00665	0.00978	0.01134	0.00548	0.01486	0.00861	0.02269	0.00704	0.00821	0.00548	0.00469	0.00313	0.00156	0.00391	0.00274	0.00313	0.00548
9	0.09363	0.00857	0.00933	0.00923	0.01120	0.04071	0.00756	0.05482	0.21114	0.01852	0.08506	0.06964	0.02301	0.01024	0.00582	0.00194	0.00438	0.32472	0.00465	0.00584
10	0.00735	0.00571	0.00822	0.00839	0.00905	0.00658	0.00642	0.00885	0.00869	0.01227	0.01750	0.24363	0.01864	0.02774	0.46439	0.00557	0.08907	0.04409	0.00331	0.00451
11	0.00612	0.00477	0.00557	0.00619	0.00717	0.00422	0.00437	0.00722	0.01060	0.01331	0.03887	0.43824	0.38985	0.01437	0.00624	0.00190	0.00280	0.02931	0.00469	0.00420
12	0.02269	0.00861	0.01174	0.00900	0.01291	0.00743	0.00743	0.02464	0.01447	0.79425	0.01995	0.01721	0.01252	0.00626	0.00509	0.00156	0.00430	0.00509	0.00626	0.00861
13	0.01292	0.01103	0.01163	0.01036	0.01328	0.01274	0.00809	0.06553	0.74239	0.02171	0.02014	0.01852	0.01508	0.00682	0.00514	0.00170	0.00408	0.00566	0.00514	0.00803
14	0.04485	0.00864	0.01162	0.00893	0.01283	0.00754	0.00738	0.02438	0.01432	0.77377	0.01961	0.01697	0.01233	0.00622	0.00503	0.00156	0.00429	0.00502	0.00618	0.00852
15	0.01886	0.01398	0.01497	0.01156	0.01554	0.01551	0.00952	0.73264	0.06561	0.03128	0.01261	0.01251	0.00898	0.00611	0.00506	0.00153	0.00548	0.00462	0.00506	0.00857
16	0.03007	0.04349	0.56491	0.01421	0.06697	0.01150	0.01593	0.04790	0.01176	0.13075	0.01072	0.01169	0.00747	0.00504	0.00479	0.00157	0.00671	0.00397	0.00290	0.00765
17	0.01184	0.01264	0.02530	0.10285	0.24922	0.01248	0.45716	0.01557	0.01152	0.01586	0.00981	0.01323	0.00765	0.00453	0.00587	0.00166	0.02795	0.00536	0.00250	0.00701
18	0.85801	0.00978	0.00743	0.00665	0.00978	0.01134	0.00548	0.01486	0.00861	0.02269	0.00704	0.00821	0.00548	0.00469	0.00313	0.00156	0.00391	0.00274	0.00313	0.00548
19	0.01258	0.01086	0.01143	0.01029	0.01315	0.01258	0.00800	0.02687	0.78161	0.02115	0.02058	0.01887	0.01544	0.00686	0.00515	0.00172	0.00400	0.00572	0.00515	0.00800
20	0.00680	0.00519	0.00634	0.00668	0.00792	0.00473	0.00519	0.00855	0.01201	0.01560	0.23205	0.15732	0.31632	0.01287	0.00627	0.00187	0.00305	0.18187	0.00491	0.00446
21	0.00618	0.00513	0.00541	0.00534	0.00696	0.00436	0.00400	0.00765	0.01201	0.01480	0.17866	0.04678	0.66054	0.01238	0.00597	0.00169	0.00253	0.01041	0.00485	0.00436
22	0.00955	0.00899	0.01517	0.81013	0.03483	0.01123	0.01404	0.01292	0.01011	0.01292	0.00899	0.01348	0.00674	0.00506	0.00506	0.00169	0.00674	0.00449	0.00225	0.00562
23	0.00710	0.00517	0.00668	0.00630	0.00752	0.00475	0.00473	0.00944	0.01418	0.01997	0.75392	0.03828	0.08206	0.01045	0.00596	0.00160	0.00239	0.00922	0.00553	0.00475
24	0.01088	0.01066	0.01471	0.01269	0.01286	0.01468	0.01048	0.01261	0.04510	0.01251	0.00786	0.01249	0.00767	0.03782	0.04208	0.00248	0.71987	0.00462	0.00240	0.00553
25	0.06041	0.00660	0.00816	0.08652	0.01139	0.00696	0.00637	0.07695	0.06921	0.01614	0.05431	0.49308	0.04941	0.01222	0.00587	0.00189	0.00367	0.02131	0.00446	0.00507
26	0.00691	0.00509	0.00649	0.00646	0.00759	0.00467	0.00482	0.00894	0.01314	0.01807	0.54072	0.15204	0.14175	0.01165	0.00609	0.00171	0.00261	0.05137	0.00528	0.00460
27	0.01605	0.01129	0.01329	0.05906	0.01535	0.01132	0.02055	0.35335	0.04070	0.13283	0.01263	0.02636	0.00933	0.00552	0.00472	0.00133	0.00489	0.00440	0.00442	0.25261
28	0.01242	0.15933	0.22187	0.13979	0.02267	0.01396	0.21569	0.12386	0.01273	0.01712	0.00945	0.01166	0.00712	0.00480	0.00492	0.00154	0.00700	0.00438	0.00269	0.00700
29	0.08233	0.00912	0.01169	0.00903	0.01290	0.00835	0.00746	0.08178	0.01477	0.68006	0.01842	0.01617	0.01171	0.00613	0.00494	0.00156	0.00437	0.00488	0.00594	0.00838
30	0.01473	0.01095	0.01210	0.01072	0.03038	0.01220	0.00827	0.11118	0.57225	0.12955	0.01929	0.01773	0.01409	0.00664	0.00512	0.00167	0.00426	0.00547	0.00523	0.00816

[dist]
# distance from previous block
# <min> <max>
0	10

[block]
# block no. 9 follows, 49 sequences, length 24
# corresponding to MSA columns:
# 310-333
name=unknown_J
#
# <colnr> <probs for GDERKNQSTAVLIFYWHMCP>
#	G	D	E	R	K	N	Q	S	T	A	V	L	I	F	Y	W	H	M	C	P
0	0.01212	0.01187	0.02104	0.11612	0.61609	0.01202	0.10544	0.01531	0.01141	0.01608	0.00954	0.01276	0.00783	0.00454	0.00513	0.00155	0.00639	0.00468	0.00248	0.00760
1	0.01860	0.01183	0.01339	0.01054	0.01419	0.01255	0.00871	0.51186	0.02026	0.19904	0.04242	0.01726	0.01230	0.00677	0.00518	0.00157	0.00503	0.05367	0.02672	0.00811
2	0.00820	0.00662	0.00940	0.00894	0.00950	0.00813	0.00696	0.00942	0.00813	0.01180	0.01365	0.07298	0.03229	0.06803	0.43103	0.06067	0.20680	0.00594	0.01700	0.00451
3	0.01781	0.01458	0.06765	0.01166	0.01580	0.01504	0.01003	0.63343	0.11328	0.02952	0.01294	0.01284	0.00927	0.00608	0.00505	0.00155	0.00551	0.00464	0.00487	0.00845
4	0.00728	0.00487	0.00554	0.00561	0.00563	0.00485	0.00316	0.00733	0.00750	0.00999	0.01666	0.08105	0.01930	0.77308	0.02456	0.00473	0.00478	0.00778	0.00316	0.00313
5	0.00955	0.00899	0.01517	0.81013	0.03483	0.01123	0.01404	0.01292	0.01011	0.01292	0.00899	0.01348	0.00674	0.00506	0.00506	0.00169	0.00674	0.00449	0.00225	0.00562
6	0.00955	0.00899	0.01517	0.81013	0.03483	0.01123	0.01404	0.01292	0.01011	0.01292	0.00899	0.01348	0.00674	0.00506	0.00506	0.00169	0.00674	0.00449	0.00225	0.00562
7	0.85801	0.00978	0.00743	0.00665	0.00978	0.01134	0.00548	0.01486	0.00861	0.02269	0.00704	0.00821	0.00548	0.00469	0.00313	0.00156	0.00391	0.00274	0.00313	0.00548
8	0.01491	0.01112	0.01226	0.02807	0.01407	0.01242	0.00845	0.19642	0.47708	0.10506	0.01859	0.01867	0.01396	0.00688	0.00520	0.00168	0.00448	0.03752	0.00516	0.00801
9	0.00859	0.00665	0.00878	0.00850	0.00985	0.00758	0.00657	0.04476	0.14324	0.01469	0.04971	0.07613	0.01595	0.02842	0.53923	0.00602	0.01032	0.00622	0.00350	0.00528
10	0.01339	0.01010	0.01160	0.00858	0.01287	0.00887	0.00694	0.17292	0.04113	0.08418	0.01097	0.01169	0.00842	0.00455	0.00418	0.00101	0.00418	0.00359	0.00377	0.57706
11	0.01912	0.01222	0.01367	0.01057	0.01436	0.01301	0.00870	0.54971	0.02083	0.19739	0.04152	0.01445	0.01103	0.00625	0.00503	0.00152	0.00504	0.00484	0.04245	0.00829
12	0.01542	0.01268	0.01234	0.01136	0.04535	0.14120	0.00850	0.02491	0.48690	0.15783	0.01792	0.01671	0.01315	0.00639	0.00503	0.00161	0.00498	0.00515	0.00482	0.00776
13	0.00598	0.00512	0.00512	0.00512	0.00683	0.00427	0.00384	0.00726	0.01153	0.01366	0.05123	0.04866	0.78869	0.01281	0.00598	0.00171	0.00256	0.01067	0.00470	0.00427
14	0.00890	0.00776	0.01015	0.00913	0.01042	0.06263	0.08644	0.01116	0.06120	0.01232	0.01462	0.05531	0.01456	0.27852	0.32875	0.00526	0.00888	0.00633	0.00305	0.00461
15	0.01827	0.01338	0.01431	0.01111	0.01491	0.01481	0.00913	0.69025	0.05534	0.03053	0.01280	0.01288	0.00919	0.00609	0.00496	0.00150	0.00528	0.00461	0.06234	0.00831
16	0.00630	0.00450	0.00603	0.00720	0.00755	0.00423	0.00494	0.00728	0.00982	0.01306	0.02779	0.76560	0.03314	0.01571	0.00649	0.00207	0.00305	0.06638	0.00469	0.00415
17	0.01993	0.01319	0.01406	0.01096	0.01484	0.06439	0.00898	0.49689	0.04537	0.23750	0.01426	0.01354	0.00975	0.00609	0.00504	0.00152	0.00540	0.00465	0.00523	0.00840
18	0.00735	0.00490	0.00552	0.00552	0.00552	0.00490	0.00306	0.00735	0.00735	0.00980	0.01593	0.03309	0.01838	0.82229	0.02574	0.00490	0.00490	0.00735	0.00306	0.00306
19	0.54420	0.01058	0.00981	0.00812	0.01157	0.01171	0.00669	0.18531	0.01288	0.14212	0.01014	0.01046	0.00724	0.00524	0.00386	0.00155	0.00434	0.00350	0.00403	0.00665
20	0.01101	0.00942	0.01113	0.00812	0.01250	0.00761	0.02174	0.04489	0.06113	0.01741	0.00989	0.01116	0.00805	0.00405	0.00393	0.00086	0.00393	0.00330	0.00321	0.74666
21	0.01636	0.01140	0.01268	0.00982	0.01359	0.01171	0.00800	0.41543	0.06815	0.10988	0.04467	0.01421	0.01108	0.00583	0.00475	0.00136	0.00465	0.00457	0.05195	0.17994
22	0.10677	0.02115	0.05464	0.01087	0.05287	0.03033	0.04179	0.08474	0.14935	0.13702	0.06878	0.08405	0.03885	0.00791	0.00526	0.00171	0.00466	0.08804	0.00449	0.00672
23	0.03539	0.12763	0.13020	0.01328	0.04790	0.01166	0.19014	0.01496	0.04186	0.07004	0.09824	0.04916	0.01405	0.05925	0.00737	0.00183	0.07180	0.00562	0.00325	0.00636

[dist]
# distance from previous block
# <min> <max>
1	3

[block]
# block no. 10 follows, 49 sequences, length 24
# corresponding to MSA columns:
# 341-364
name=unknown_K
#
# <colnr> <probs for GDERKNQSTAVLIFYWHMCP>
#	G	D	E	R	K	N	Q	S	T	A	V	L	I	F	Y	W	H	M	C	P
