[name]
unknown

[dist]
# distance from previous block
# <min> <max>
1	209

[block]
# block no. 0 follows, 49 sequences, length 11
# corresponding to MSA columns:
# 246-256
name=unknown_A
#
# <colnr> <probs for GDERKNQSTAVLIFYWHMCP>
#	G	D	E	R	K	N	Q	S	T	A	V	L	I	F	Y	W	H	M	C	P
0	0.01282	0.01020	0.03587	0.03814	0.03622	0.03349	0.02204	0.17094	0.14420	0.04403	0.03242	0.01625	0.01188	0.02676	0.01907	0.00162	0.03057	0.00482	0.22901	0.07966
1	0.10672	0.27225	0.20894	0.03054	0.07687	0.06889	0.01124	0.01674	0.04087	0.08522	0.01075	0.01166	0.02927	0.00509	0.00420	0.00141	0.00585	0.00374	0.00288	0.00686
2	0.22576	0.11950	0.05778	0.00906	0.01253	0.06092	0.00788	0.15322	0.04927	0.09934	0.02923	0.04245	0.04018	0.02200	0.02348	0.00170	0.00510	0.00455	0.00383	0.03224
3	0.04215	0.01107	0.01244	0.00986	0.01326	0.01161	0.00793	0.38689	0.09321	0.13065	0.01310	0.01362	0.00962	0.00737	0.00678	0.11275	0.00483	0.00449	0.00456	0.10380
4	0.06557	0.03242	0.08388	0.03378	0.01150	0.04678	0.00746	0.03213	0.05892	0.06371	0.40435	0.04981	0.04357	0.00846	0.00577	0.00161	0.03294	0.00706	0.00458	0.00571
5	0.00735	0.00490	0.00552	0.00552	0.00552	0.00490	0.00306	0.00735	0.00735	0.00980	0.01593	0.03309	0.01838	0.82229	0.02574	0.00490	0.00490	0.00735	0.00306	0.00306
6	0.01352	0.82533	0.02650	0.00865	0.01298	0.02001	0.00865	0.01514	0.01027	0.01190	0.00703	0.00811	0.00649	0.00433	0.00324	0.00108	0.00541	0.00270	0.00216	0.00649
7	0.01049	0.00899	0.01049	0.00749	0.01198	0.00674	0.00599	0.01273	0.01049	0.01648	0.00899	0.01049	0.00749	0.00374	0.00374	0.00075	0.00374	0.00300	0.00300	0.85320
8	0.00616	0.00440	0.00587	0.00704	0.00733	0.00411	0.00469	0.00704	0.00968	0.01291	0.02787	0.81899	0.03344	0.01584	0.00645	0.00205	0.00293	0.01438	0.00469	0.00411
9	0.75037	0.01048	0.04539	0.03757	0.01144	0.01119	0.00651	0.01526	0.00901	0.05449	0.00776	0.00891	0.00586	0.00478	0.00336	0.00157	0.00420	0.00295	0.00318	0.00571
10	0.00653	0.00528	0.00601	0.00660	0.02967	0.00476	0.00449	0.00806	0.03505	0.01349	0.03989	0.26343	0.47229	0.07191	0.00749	0.00203	0.00298	0.01114	0.00453	0.00436

[dist]
# distance from previous block
# <min> <max>
1	14

[block]
# block no. 1 follows, 49 sequences, length 6
# corresponding to MSA columns:
# 271-276
name=unknown_B
#
# <colnr> <probs for GDERKNQSTAVLIFYWHMCP>
#	G	D	E	R	K	N	Q	S	T	A	V	L	I	F	Y	W	H	M	C	P
0	0.12276	0.00978	0.01135	0.00916	0.01257	0.00982	0.03730	0.12735	0.16348	0.16199	0.06395	0.03752	0.04995	0.00643	0.00477	0.00147	0.00421	0.00525	0.00459	0.15630
1	0.00866	0.00528	0.00758	0.00744	0.00748	0.00581	0.00521	0.00741	0.00718	0.00980	0.01136	0.11843	0.01222	0.06350	0.01801	0.58520	0.10810	0.00584	0.00257	0.00292
2	0.06762	0.16004	0.23275	0.04796	0.06465	0.06380	0.03427	0.23533	0.01456	0.01998	0.00945	0.01072	0.00715	0.00508	0.00454	0.00147	0.00635	0.00384	0.00312	0.00733
3	0.04114	0.06735	0.11490	0.01136	0.01540	0.13666	0.01013	0.33810	0.09875	0.07126	0.01325	0.01333	0.03399	0.00594	0.00482	0.00150	0.00596	0.00443	0.00413	0.00760
4	0.00768	0.00766	0.10752	0.00734	0.00885	0.00554	0.00605	0.00925	0.01015	0.03913	0.13524	0.27814	0.09719	0.24381	0.01160	0.00269	0.00401	0.00959	0.00408	0.00450
5	0.00926	0.11138	0.01111	0.02640	0.01030	0.00777	0.06500	0.03585	0.01098	0.04559	0.12736	0.26986	0.04199	0.14096	0.00871	0.00219	0.00411	0.00874	0.05748	0.00495

[dist]
# distance from previous block
# <min> <max>
18	33

[block]
# block no. 2 follows, 49 sequences, length 244
# corresponding to MSA columns:
# 313-367,369-384,387-523,525-560
name=unknown_C
#
# <colnr> <probs for GDERKNQSTAVLIFYWHMCP>
#	G	D	E	R	K	N	Q	S	T	A	V	L	I	F	Y	W	H	M	C	P
0	0.02157	0.00898	0.01270	0.01142	0.09847	0.00794	0.00832	0.02364	0.01415	0.70870	0.01880	0.01669	0.01202	0.00607	0.00508	0.00156	0.00449	0.00502	0.00585	0.00854
1	0.11457	0.00873	0.01126	0.00874	0.01256	0.00786	0.00722	0.02357	0.01383	0.70938	0.01853	0.01622	0.01174	0.00609	0.00487	0.00156	0.00426	0.00483	0.00591	0.00826
2	0.00672	0.00563	0.00605	0.00585	0.00780	0.00471	0.00456	0.00822	0.01142	0.01413	0.04385	0.04540	0.61785	0.01194	0.00584	0.00167	0.00293	0.09322	0.00450	0.09769
3	0.01014	0.02616	0.79609	0.01441	0.02189	0.01174	0.01868	0.01601	0.01068	0.01601	0.00907	0.01068	0.00641	0.00480	0.00480	0.00160	0.00747	0.00374	0.00214	0.00747
4	0.01361	0.81140	0.02629	0.00873	0.01302	0.03360	0.00867	0.01523	0.01035	0.01191	0.00704	0.00813	0.00649	0.00434	0.00327	0.00109	0.00547	0.00271	0.00217	0.00648
5	0.01716	0.01321	0.01454	0.01242	0.05980	0.01469	0.00955	0.54211	0.21376	0.02829	0.01411	0.01385	0.01029	0.00618	0.00508	0.00157	0.00520	0.00484	0.00493	0.00842
6	0.01909	0.01410	0.01510	0.01161	0.01563	0.01562	0.00958	0.75880	0.03907	0.03165	0.01231	0.01228	0.00874	0.00609	0.00506	0.00152	0.00553	0.00458	0.00506	0.00859
7	0.00604	0.00513	0.00522	0.00519	0.00687	0.00430	0.00390	0.00739	0.01169	0.01404	0.09378	0.04804	0.74590	0.01266	0.00598	0.00170	0.00255	0.01058	0.00475	0.00430
8	0.10628	0.70519	0.05370	0.00865	0.01297	0.01874	0.00868	0.01514	0.01011	0.01324	0.00711	0.00822	0.00637	0.00438	0.00329	0.00115	0.00532	0.00275	0.00227	0.00642
9	0.00708	0.00491	0.00547	0.00553	0.00581	0.00477	0.00326	0.00732	0.00812	0.01056	0.02202	0.07341	0.13943	0.65698	0.02172	0.00427	0.00444	0.00821	0.00340	0.00330
10	0.76474	0.01158	0.09418	0.00750	0.01111	0.01139	0.00693	0.01499	0.00883	0.02195	0.00726	0.00849	0.00558	0.00471	0.00331	0.00157	0.00430	0.00285	0.00302	0.00570
11	0.01352	0.82533	0.02650	0.00865	0.01298	0.02001	0.00865	0.01514	0.01027	0.01190	0.00703	0.00811	0.00649	0.00433	0.00324	0.00108	0.00541	0.00270	0.00216	0.00649
12	0.00735	0.00490	0.00552	0.00552	0.00552	0.00490	0.00306	0.00735	0.00735	0.00980	0.01593	0.03309	0.01838	0.82229	0.02574	0.00490	0.00490	0.00735	0.00306	0.00306
13	0.00735	0.00490	0.00552	0.00552	0.00552	0.00490	0.00306	0.00735	0.00735	0.00980	0.01593	0.03309	0.01838	0.82229	0.02574	0.00490	0.00490	0.00735	0.00306	0.00306
14	0.01226	0.01175	0.02006	0.09888	0.72492	0.01195	0.01539	0.01529	0.01139	0.01621	0.00947	0.01260	0.00790	0.00455	0.00501	0.00152	0.00607	0.00450	0.00248	0.00780
15	0.84260	0.00986	0.00757	0.00674	0.00989	0.01142	0.00555	0.02881	0.00888	0.02286	0.00713	0.00829	0.00553	0.00472	0.00316	0.00156	0.00394	0.00277	0.00316	0.00553
16	0.01129	0.01061	0.02622	0.01301	0.18288	0.04299	0.00846	0.01373	0.01088	0.01630	0.00905	0.01087	0.00754	0.00399	0.00408	0.00095	0.00454	0.00335	0.00286	0.61639
17	0.00616	0.00440	0.00587	0.00704	0.00733	0.00411	0.00469	0.00704	0.00968	0.01291	0.02787	0.81899	0.03344	0.01584	0.00645	0.00205	0.00293	0.01438	0.00469	0.00411
18	0.01049	0.00899	0.01049	0.00749	0.01198	0.00674	0.00599	0.01273	0.01049	0.01648	0.00899	0.01049	0.00749	0.00374	0.00374	0.00075	0.00374	0.00300	0.00300	0.85320
19	0.77171	0.01145	0.08770	0.00744	0.01101	0.01138	0.00682	0.01498	0.00882	0.02201	0.00725	0.00847	0.00557	0.00471	0.00330	0.00157	0.00427	0.00284	0.00303	0.00568
20	0.01252	0.01201	0.02053	0.03104	0.79074	0.01201	0.01552	0.01552	0.01151	0.01652	0.00951	0.01252	0.00801	0.00451	0.00501	0.00150	0.00601	0.00451	0.00250	0.00801
21	0.00722	0.00485	0.00555	0.00568	0.00572	0.00481	0.00324	0.00732	0.00761	0.01015	0.01725	0.11954	0.02004	0.73358	0.02362	0.00459	0.00469	0.00813	0.00324	0.00318
22	0.00616	0.00440	0.00587	0.00704	0.00733	0.00411	0.00469	0.00704	0.00968	0.01291	0.02787	0.81899	0.03344	0.01584	0.00645	0.00205	0.00293	0.01438	0.00469	0.00411
23	0.01134	0.01260	0.10399	0.02533	0.56923	0.01091	0.03774	0.01444	0.01134	0.01603	0.01390	0.05722	0.06892	0.00591	0.00520	0.00158	0.00580	0.01838	0.00278	0.00737
24	0.00620	0.00443	0.00591	0.00701	0.00734	0.00414	0.00470	0.00715	0.00989	0.01323	0.06134	0.78459	0.03407	0.01560	0.00643	0.00203	0.00291	0.01415	0.00473	0.00414
25	0.00616	0.00440	0.00587	0.00704	0.00733	0.00411	0.00469	0.00704	0.00968	0.01291	0.02787	0.81899	0.03344	0.01584	0.00645	0.00205	0.00293	0.01438	0.00469	0.00411
26	0.72319	0.00913	0.00747	0.00681	0.00966	0.01036	0.00549	0.01449	0.00901	0.05959	0.00997	0.09784	0.00890	0.00600	0.00359	0.00162	0.00382	0.00413	0.00346	0.00548
27	0.00721	0.00486	0.00633	0.00660	0.00688	0.00501	0.00435	0.00760	0.00798	0.01085	0.01726	0.20386	0.01934	0.36705	0.20594	0.09749	0.00647	0.00814	0.00325	0.00355
28	0.00616	0.00440	0.00587	0.00704	0.00733	0.00411	0.00469	0.00704	0.00968	0.01291	0.02787	0.81899	0.03344	0.01584	0.00645	0.00205	0.00293	0.01438	0.00469	0.00411
29	0.02061	0.00823	0.01104	0.00863	0.01223	0.00717	0.00707	0.02275	0.02677	0.68910	0.06890	0.02032	0.05955	0.00690	0.00519	0.00158	0.00408	0.00567	0.00611	0.00811
30	0.00618	0.00442	0.00589	0.00703	0.00734	0.00412	0.00470	0.00710	0.00979	0.01308	0.04540	0.80097	0.03377	0.01572	0.00644	0.00204	0.00292	0.01425	0.00471	0.00412
31	0.01922	0.01416	0.01518	0.01163	0.01568	0.01568	0.00961	0.77388	0.02378	0.03187	0.01214	0.01214	0.00860	0.00607	0.00506	0.00152	0.00556	0.00455	0.00506	0.00860
32	0.00955	0.00899	0.01517	0.81013	0.03483	0.01123	0.01404	0.01292	0.01011	0.01292	0.00899	0.01348	0.00674	0.00506	0.00506	0.00169	0.00674	0.00449	0.00225	0.00562
33	0.00632	0.00462	0.00594	0.00669	0.00731	0.00425	0.00461	0.00751	0.01073	0.01431	0.16637	0.58777	0.12595	0.01450	0.00631	0.00193	0.00279	0.01300	0.00485	0.00425
34	0.85801	0.00978	0.00743	0.00665	0.00978	0.01134	0.00548	0.01486	0.00861	0.02269	0.00704	0.00821	0.00548	0.00469	0.00313	0.00156	0.00391	0.00274	0.00313	0.00548
35	0.00753	0.00612	0.00679	0.00645	0.00817	0.00586	0.00489	0.01142	0.14368	0.01732	0.31114	0.03967	0.39039	0.01091	0.00583	0.00167	0.00274	0.00928	0.00509	0.00509
36	0.00722	0.00542	0.00813	0.00813	0.00903	0.00632	0.00632	0.00903	0.00813	0.01174	0.01354	0.01987	0.01264	0.03792	0.80225	0.00813	0.01354	0.00542	0.00271	0.00451
37	0.00617	0.00505	0.00545	0.00552	0.00699	0.00433	0.00407	0.00757	0.01174	0.01456	0.15806	0.13178	0.59560	0.01277	0.00603	0.00173	0.00258	0.01085	0.00482	0.00433
38	0.01049	0.00899	0.01049	0.00749	0.01198	0.00674	0.00599	0.01273	0.01049	0.01648	0.00899	0.01049	0.00749	0.00374	0.00374	0.00075	0.00374	0.00300	0.00300	0.85320
39	0.00616	0.00442	0.00585	0.00699	0.00732	0.00411	0.00467	0.00705	0.00973	0.01293	0.02846	0.79962	0.05243	0.01577	0.00644	0.00204	0.00292	0.01428	0.00469	0.00411
40	0.63550	0.00929	0.00807	0.00689	0.01009	0.01003	0.00558	0.01447	0.00905	0.05485	0.00802	0.00939	0.00630	0.00535	0.00428	0.05060	0.00393	0.00298	0.00319	0.14214
41	0.85801	0.00978	0.00743	0.00665	0.00978	0.01134	0.00548	0.01486	0.00861	0.02269	0.00704	0.00821	0.00548	0.00469	0.00313	0.00156	0.00391	0.00274	0.00313	0.00548
42	0.00713	0.00517	0.00672	0.00633	0.00754	0.00476	0.00475	0.00949	0.01424	0.02011	0.76955	0.03805	0.06634	0.01040	0.00596	0.00159	0.00239	0.00918	0.00554	0.00476
43	0.01771	0.19959	0.01700	0.01207	0.01505	0.63071	0.00953	0.01909	0.01344	0.01227	0.00764	0.00890	0.00651	0.00502	0.00427	0.00125	0.00831	0.00314	0.00251	0.00600
44	0.02248	0.00879	0.01479	0.67357	0.03106	0.01060	0.04726	0.01273	0.01063	0.01403	0.09471	0.01608	0.01127	0.00560	0.00517	0.00167	0.00630	0.00505	0.00264	0.00558
45	0.01325	0.09480	0.53882	0.01275	0.01909	0.01194	0.01521	0.06127	0.01209	0.15778	0.01104	0.01171	0.00765	0.00510	0.00473	0.00154	0.00660	0.00393	0.00305	0.00765
46	0.02269	0.00861	0.01174	0.00900	0.01291	0.00743	0.00743	0.02464	0.01447	0.79425	0.01995	0.01721	0.01252	0.00626	0.00509	0.00156	0.00430	0.00509	0.00626	0.00861
47	0.00735	0.00490	0.00552	0.00552	0.00552	0.00490	0.00306	0.00735	0.00735	0.00980	0.01593	0.03309	0.01838	0.82229	0.02574	0.00490	0.00490	0.00735	0.00306	0.00306
48	0.01293	0.00731	0.01011	0.00848	0.01087	0.00681	0.05026	0.05411	0.03984	0.25916	0.36240	0.09430	0.04403	0.00890	0.00566	0.00163	0.00360	0.00783	0.00548	0.00631
49	0.85801	0.00978	0.00743	0.00665	0.00978	0.01134	0.00548	0.01486	0.00861	0.02269	0.00704	0.00821	0.00548	0.00469	0.00313	0.00156	0.00391	0.00274	0.00313	0.00548
50	0.01887	0.02110	0.01452	0.01259	0.01560	0.56889	0.00970	0.23069	0.03020	0.01797	0.00924	0.01013	0.00725	0.00548	0.00471	0.00137	0.00804	0.00366	0.00333	0.00666
51	0.00626	0.00461	0.00585	0.00680	0.00737	0.00424	0.00469	0.00726	0.01004	0.01308	0.03146	0.63257	0.15957	0.03384	0.00685	0.00208	0.00301	0.05166	0.00465	0.00414
52	0.01347	0.78357	0.02573	0.00874	0.01299	0.01963	0.00862	0.01574	0.04983	0.01237	0.00772	0.00866	0.00695	0.00446	0.00334	0.00111	0.00534	0.00286	0.00232	0.00657
53	0.01208	0.05606	0.09273	0.01876	0.02378	0.01311	0.57555	0.03281	0.09032	0.01679	0.01106	0.01361	0.00831	0.00461	0.00563	0.00166	0.00775	0.00556	0.00282	0.00702
54	0.01793	0.02433	0.10032	0.01318	0.01632	0.71506	0.01075	0.01973	0.01393	0.01278	0.00795	0.00929	0.00650	0.00517	0.00459	0.00134	0.00894	0.00331	0.00255	0.00604
55	0.11149	0.01368	0.01432	0.01109	0.01503	0.01520	0.00916	0.69039	0.02211	0.03086	0.01158	0.01171	0.00826	0.00592	0.00485	0.00152	0.00538	0.00435	0.00485	0.00826
56	0.00625	0.00466	0.00579	0.00650	0.00721	0.00423	0.00448	0.00737	0.01056	0.01382	0.11651	0.54271	0.20506	0.03156	0.00670	0.00198	0.00283	0.01282	0.00476	0.00419
57	0.00622	0.00444	0.00583	0.00692	0.00723	0.00415	0.00459	0.00706	0.00960	0.01277	0.02775	0.76244	0.04860	0.05713	0.00743	0.00219	0.00303	0.01394	0.00461	0.00406
58	0.29309	0.01236	0.01252	0.05091	0.01465	0.01394	0.00843	0.46288	0.04196	0.02755	0.01058	0.01114	0.00770	0.00559	0.00443	0.00155	0.00503	0.00399	0.00429	0.00741
59	0.01187	0.01015	0.01082	0.00993	0.01251	0.01165	0.00764	0.02469	0.69670	0.02025	0.02138	0.10688	0.01742	0.00785	0.00529	0.00175	0.00388	0.00667	0.00510	0.00758
60	0.00614	0.00448	0.00579	0.00683	0.00728	0.00413	0.00460	0.00706	0.00988	0.01299	0.03044	0.73425	0.11652	0.01551	0.00640	0.00202	0.00289	0.01397	0.00469	0.00413
61	0.01442	0.69092	0.02446	0.00939	0.01342	0.15118	0.00884	0.01599	0.01095	0.01198	0.00716	0.00828	0.00649	0.00447	0.00347	0.00112	0.00603	0.00280	0.00224	0.00638
62	0.01766	0.01302	0.01402	0.01115	0.01488	0.01445	0.00908	0.54003	0.22156	0.06816	0.01475	0.01416	0.01059	0.00629	0.00508	0.00157	0.00509	0.00488	0.00514	0.00844
63	0.00719	0.00483	0.00556	0.00572	0.00576	0.00479	0.00328	0.00731	0.00767	0.01022	0.01755	0.13929	0.02042	0.71331	0.02313	0.00452	0.00464	0.00830	0.00328	0.00320
64	0.01922	0.01416	0.01518	0.01163	0.01568	0.01568	0.00961	0.77388	0.02378	0.03187	0.01214	0.01214	0.00860	0.00607	0.00506	0.00152	0.00556	0.00455	0.00506	0.00860
65	0.85801	0.00978	0.00743	0.00665	0.00978	0.01134	0.00548	0.01486	0.00861	0.02269	0.00704	0.00821	0.00548	0.00469	0.00313	0.00156	0.00391	0.00274	0.00313	0.00548
66	0.85801	0.00978	0.00743	0.00665	0.00978	0.01134	0.00548	0.01486	0.00861	0.02269	0.00704	0.00821	0.00548	0.00469	0.00313	0.00156	0.00391	0.00274	0.00313	0.00548
67	0.80957	0.01003	0.00788	0.00694	0.01012	0.01159	0.00572	0.05870	0.00948	0.02322	0.00734	0.00844	0.00566	0.00477	0.00324	0.00156	0.00401	0.00284	0.00324	0.00566
68	0.00600	0.00512	0.00515	0.00514	0.00684	0.00428	0.00386	0.00729	0.01157	0.01377	0.06290	0.04849	0.77695	0.01277	0.00598	0.00171	0.00256	0.01065	0.00471	0.00428
69	0.76612	0.00965	0.00791	0.00691	0.01012	0.01091	0.00569	0.01594	0.00925	0.10756	0.00846	0.00920	0.00625	0.00487	0.00334	0.00156	0.00395	0.00300	0.00347	0.00582
70	0.00955	0.00899	0.01517	0.81013	0.03483	0.01123	0.01404	0.01292	0.01011	0.01292	0.00899	0.01348	0.00674	0.00506	0.00506	0.00169	0.00674	0.00449	0.00225	0.00562
71	0.00627	0.00450	0.00595	0.00694	0.00735	0.00418	0.00469	0.00732	0.01022	0.01373	0.11185	0.72133	0.04651	0.01519	0.00639	0.00200	0.00287	0.01374	0.00479	0.00418
72	0.85801	0.00978	0.00743	0.00665	0.00978	0.01134	0.00548	0.01486	0.00861	0.02269	0.00704	0.00821	0.00548	0.00469	0.00313	0.00156	0.00391	0.00274	0.00313	0.00548
73	0.00631	0.00508	0.00562	0.00560	0.00706	0.00439	0.00416	0.00786	0.01215	0.01541	0.25014	0.10288	0.53086	0.01236	0.00601	0.00170	0.00254	0.01053	0.00493	0.00439
74	0.02786	0.00548	0.00572	0.00539	0.00677	0.00551	0.00402	0.04565	0.01101	0.06329	0.01625	0.01981	0.01319	0.09570	0.00613	0.00163	0.00292	0.00498	0.65376	0.00494
75	0.01922	0.01416	0.01518	0.01163	0.01568	0.01568	0.00961	0.77388	0.02378	0.03187	0.01214	0.01214	0.00860	0.00607	0.00506	0.00152	0.00556	0.00455	0.00506	0.00860
76	0.00616	0.00440	0.00587	0.00704	0.00733	0.00411	0.00469	0.00704	0.00968	0.01291	0.02787	0.81899	0.03344	0.01584	0.00645	0.00205	0.00293	0.01438	0.00469	0.00411
77	0.85801	0.00978	0.00743	0.00665	0.00978	0.01134	0.00548	0.01486	0.00861	0.02269	0.00704	0.00821	0.00548	0.00469	0.00313	0.00156	0.00391	0.00274	0.00313	0.00548
78	0.00598	0.00512	0.00512	0.00512	0.00683	0.00427	0.00384	0.00726	0.01153	0.01366	0.05123	0.04866	0.78869	0.01281	0.00598	0.00171	0.00256	0.01067	0.00470	0.00427
79	0.00716	0.00517	0.00676	0.00636	0.00755	0.00477	0.00477	0.00954	0.01431	0.02028	0.78808	0.03777	0.04771	0.01034	0.00596	0.00159	0.00239	0.00914	0.00557	0.00477
80	0.01049	0.00899	0.01049	0.00749	0.01198	0.00674	0.00599	0.01273	0.01049	0.01648	0.00899	0.01049	0.00749	0.00374	0.00374	0.00075	0.00374	0.00300	0.00300	0.85320
81	0.00734	0.00496	0.00580	0.00580	0.00590	0.00506	0.00342	0.00754	0.00744	0.01002	0.01567	0.03164	0.01775	0.73601	0.11115	0.00526	0.00585	0.00714	0.00302	0.00322
82	0.00598	0.00512	0.00512	0.00512	0.00683	0.00427	0.00384	0.00726	0.01153	0.01366	0.05123	0.04866	0.78869	0.01281	0.00598	0.00171	0.00256	0.01067	0.00470	0.00427
83	0.01889	0.02410	0.01433	0.01303	0.01563	0.80199	0.00977	0.02019	0.01433	0.01238	0.00782	0.00912	0.00651	0.00521	0.00456	0.00130	0.00912	0.00326	0.00261	0.00586
84	0.02269	0.00861	0.01174	0.00900	0.01291	0.00743	0.00743	0.02464	0.01447	0.79425	0.01995	0.01721	0.01252	0.00626	0.00509	0.00156	0.00430	0.00509	0.00626	0.00861
85	0.01220	0.01366	0.02931	0.02097	0.02604	0.01289	0.74499	0.04340	0.01236	0.01676	0.01030	0.01359	0.00771	0.00433	0.00593	0.00170	0.00842	0.00592	0.00265	0.00688
86	0.00598	0.00512	0.00512	0.00512	0.00683	0.00427	0.00384	0.00726	0.01153	0.01366	0.05123	0.04866	0.78869	0.01281	0.00598	0.00171	0.00256	0.01067	0.00470	0.00427
87	0.00698	0.00512	0.00653	0.00626	0.00746	0.00468	0.00467	0.00916	0.01377	0.01917	0.66804	0.07903	0.12849	0.01089	0.00599	0.00163	0.00243	0.00958	0.00543	0.00468
88	0.00719	0.00494	0.00554	0.00552	0.00578	0.00483	0.00325	0.00747	0.00821	0.01083	0.06441	0.03507	0.10481	0.68636	0.02242	0.00436	0.00450	0.00782	0.00339	0.00330
89	0.01194	0.01364	0.02984	0.02131	0.02643	0.01279	0.77238	0.01620	0.01194	0.01620	0.01023	0.01364	0.00767	0.00426	0.00597	0.00171	0.00853	0.00597	0.00256	0.00682
90	0.00616	0.00440	0.00587	0.00704	0.00733	0.00411	0.00469	0.00704	0.00968	0.01291	0.02787	0.81899	0.03344	0.01584	0.00645	0.00205	0.00293	0.01438	0.00469	0.00411
91	0.00798	0.00486	0.00651	0.00726	0.00795	0.00447	0.00500	0.00898	0.01021	0.09885	0.02700	0.73079	0.03114	0.01479	0.00630	0.00200	0.00308	0.01335	0.00487	0.00460
92	0.14715	0.00954	0.01098	0.00907	0.01251	0.00976	0.00732	0.02389	0.27078	0.41696	0.01819	0.01639	0.01242	0.00622	0.00481	0.00162	0.00414	0.00494	0.00541	0.00792
93	0.01244	0.01308	0.02519	0.01848	0.02306	0.01289	0.57139	0.05731	0.17554	0.01805	0.01252	0.01467	0.00936	0.00491	0.00575	0.00170	0.00742	0.00584	0.00323	0.00716
94	0.00659	0.00501	0.00606	0.00609	0.00728	0.00449	0.00446	0.00834	0.01255	0.01677	0.40833	0.18615	0.28520	0.01216	0.00606	0.00171	0.00254	0.01061	0.00512	0.00449
95	0.00745	0.00558	0.00748	0.00746	0.00813	0.01905	0.00544	0.00873	0.00801	0.01119	0.01414	0.02350	0.01420	0.26343	0.56529	0.00708	0.01098	0.00594	0.00281	0.00412
96	0.01049	0.00899	0.01049	0.00749	0.01198	0.00674	0.00599	0.01273	0.01049	0.01648	0.00899	0.01049	0.00749	0.00374	0.00374	0.00075	0.00374	0.00300	0.00300	0.85320
97	0.01239	0.01274	0.06029	0.03019	0.75132	0.01200	0.01568	0.01554	0.01147	0.01649	0.00949	0.01242	0.00793	0.00452	0.00500	0.00151	0.00608	0.00447	0.00248	0.00798
98	0.00616	0.00440	0.00587	0.00704	0.00733	0.00411	0.00469	0.00704	0.00968	0.01291	0.02787	0.81899	0.03344	0.01584	0.00645	0.00205	0.00293	0.01438	0.00469	0.00411
99	0.10491	0.01386	0.06667	0.01935	0.02436	0.01258	0.64937	0.01604	0.01150	0.01690	0.00982	0.01289	0.00737	0.00434	0.00560	0.00168	0.00796	0.00550	0.00260	0.00671
100	0.01242	0.57150	0.23004	0.05128	0.01646	0.01737	0.01159	0.01526	0.01037	0.01304	0.00767	0.00907	0.00648	0.00449	0.00375	0.00125	0.00602	0.00307	0.00216	0.00671
101	0.00616	0.00440	0.00587	0.00704	0.00733	0.00411	0.00469	0.00704	0.00968	0.01291	0.02787	0.81899	0.03344	0.01584	0.00645	0.00205	0.00293	0.01438	0.00469	0.00411
102	0.01194	0.01364	0.02984	0.02131	0.02643	0.01279	0.77238	0.01620	0.01194	0.01620	0.01023	0.01364	0.00767	0.00426	0.00597	0.00171	0.00853	0.00597	0.00256	0.00682
103	0.01233	0.01183	0.02020	0.07878	0.74442	0.01197	0.01543	0.01536	0.01143	0.01630	0.00948	0.01257	0.00793	0.00454	0.00501	0.00151	0.00605	0.00450	0.00249	0.00786
104	0.01124	0.01072	0.01823	0.36510	0.46662	0.01168	0.01489	0.01440	0.01091	0.01498	0.00929	0.01293	0.00747	0.00474	0.00503	0.00158	0.00632	0.00450	0.00239	0.00698
105	0.01014	0.02616	0.79609	0.01441	0.02189	0.01174	0.01868	0.01601	0.01068	0.01601	0.00907	0.01068	0.00641	0.00480	0.00480	0.00160	0.00747	0.00374	0.00214	0.00747
106	0.85801	0.00978	0.00743	0.00665	0.00978	0.01134	0.00548	0.01486	0.00861	0.02269	0.00704	0.00821	0.00548	0.00469	0.00313	0.00156	0.00391	0.00274	0.00313	0.00548
107	0.01069	0.02538	0.76156	0.01417	0.02149	0.01155	0.01819	0.01639	0.01084	0.05028	0.00955	0.01096	0.00667	0.00487	0.00482	0.00160	0.00733	0.00380	0.00232	0.00752
108	0.02245	0.00877	0.01181	0.00908	0.01298	0.00770	0.00749	0.04196	0.02694	0.76431	0.01978	0.01712	0.01247	0.00626	0.00509	0.00157	0.00433	0.00508	0.00621	0.00860
109	0.85801	0.00978	0.00743	0.00665	0.00978	0.01134	0.00548	0.01486	0.00861	0.02269	0.00704	0.00821	0.00548	0.00469	0.00313	0.00156	0.00391	0.00274	0.00313	0.00548
110	0.00955	0.00899	0.01517	0.81013	0.03483	0.01123	0.01404	0.01292	0.01011	0.01292	0.00899	0.01348	0.00674	0.00506	0.00506	0.00169	0.00674	0.00449	0.00225	0.00562
111	0.01241	0.01264	0.05467	0.03031	0.75689	0.01200	0.01566	0.01554	0.01148	0.01650	0.00949	0.01243	0.00794	0.00452	0.00500	0.00151	0.00607	0.00447	0.00249	0.00799
112	0.01252	0.01201	0.02053	0.03104	0.79074	0.01201	0.01552	0.01552	0.01151	0.01652	0.00951	0.01252	0.00801	0.00451	0.00501	0.00150	0.00601	0.00451	0.00250	0.00801
113	0.00654	0.00514	0.00591	0.00572	0.00718	0.00451	0.00429	0.00835	0.01286	0.01683	0.40415	0.04345	0.43379	0.01162	0.00597	0.00165	0.00248	0.00994	0.00511	0.00451
114	0.00720	0.00595	0.00966	0.00997	0.04433	0.00559	0.10581	0.00861	0.01006	0.01350	0.02475	0.67791	0.02895	0.01383	0.00633	0.00198	0.00380	0.01284	0.00432	0.00463
115	0.01266	0.01444	0.03790	0.09367	0.02569	0.09933	0.59125	0.01650	0.01206	0.03089	0.01002	0.01315	0.00754	0.00449	0.00569	0.00165	0.00832	0.00548	0.00260	0.00665
116	0.00731	0.00536	0.00804	0.00804	0.00889	0.00621	0.00621	0.00889	0.00804	0.01157	0.01327	0.01961	0.01242	0.03675	0.75706	0.05691	0.01302	0.00536	0.00268	0.00438
117	0.01258	0.01086	0.01143	0.01029	0.01315	0.01258	0.00800	0.02687	0.78161	0.02115	0.02058	0.01887	0.01544	0.00686	0.00515	0.00172	0.00400	0.00572	0.00515	0.00800
118	0.00988	0.00948	0.01648	0.71098	0.07791	0.01139	0.06620	0.01330	0.01032	0.01335	0.00910	0.01344	0.00688	0.00497	0.00512	0.00168	0.00682	0.00460	0.00228	0.00584
119	0.00731	0.00536	0.00804	0.00804	0.00889	0.00621	0.00621	0.00889	0.00804	0.01157	0.01327	0.01961	0.01242	0.03675	0.75706	0.05691	0.01302	0.00536	0.00268	0.00438
120	0.02269	0.00861	0.01174	0.00900	0.01291	0.00743	0.00743	0.02464	0.01447	0.79425	0.01995	0.01721	0.01252	0.00626	0.00509	0.00156	0.00430	0.00509	0.00626	0.00861
121	0.01960	0.01355	0.01480	0.01134	0.01538	0.01477	0.00937	0.69147	0.02275	0.11573	0.01300	0.01270	0.00903	0.00609	0.00506	0.00152	0.00543	0.00461	0.00519	0.00860
122	0.00705	0.00508	0.00666	0.00644	0.00753	0.00470	0.00476	0.00927	0.01380	0.01947	0.70445	0.12370	0.04614	0.01094	0.00602	0.00164	0.00245	0.00972	0.00547	0.00470
123	0.79555	0.00961	0.00764	0.00676	0.00989	0.01099	0.00556	0.01524	0.00904	0.06220	0.02572	0.00936	0.00681	0.00490	0.00330	0.00157	0.00390	0.00301	0.00335	0.00562
124	0.00722	0.00485	0.00555	0.00568	0.00572	0.00481	0.00324	0.00732	0.00761	0.01015	0.01725	0.11954	0.02004	0.73358	0.02362	0.00459	0.00469	0.00813	0.00324	0.00318
125	0.07093	0.00867	0.01149	0.00886	0.01273	0.00766	0.00732	0.02408	0.01413	0.74969	0.01920	0.01669	0.01211	0.00617	0.00497	0.00156	0.00428	0.00495	0.00608	0.00842
126	0.00633	0.00501	0.00569	0.00578	0.00711	0.00438	0.00424	0.00784	0.01197	0.01533	0.24680	0.17427	0.46206	0.01264	0.00605	0.00173	0.00258	0.01088	0.00493	0.00438
127	0.00913	0.00559	0.00721	0.00656	0.00804	0.00510	0.00492	0.01120	0.01360	0.11980	0.58234	0.03534	0.08352	0.07639	0.00747	0.00186	0.00285	0.00856	0.00540	0.00510
128	0.01194	0.01364	0.02984	0.02131	0.02643	0.01279	0.77238	0.01620	0.01194	0.01620	0.01023	0.01364	0.00767	0.00426	0.00597	0.00171	0.00853	0.00597	0.00256	0.00682
129	0.02262	0.00871	0.01180	0.00905	0.01296	0.00759	0.00747	0.03858	0.01465	0.78007	0.01980	0.01712	0.01244	0.00626	0.00508	0.00156	0.00433	0.00508	0.00624	0.00861
130	0.00620	0.00513	0.00543	0.00535	0.00697	0.00436	0.00402	0.00768	0.01205	0.01489	0.18854	0.04664	0.65061	0.01235	0.00597	0.00169	0.00253	0.01039	0.00486	0.00436
131	0.76574	0.01026	0.00828	0.00720	0.01043	0.01182	0.00593	0.09835	0.01027	0.02370	0.00760	0.00865	0.00582	0.00485	0.00334	0.00156	0.00409	0.00294	0.00334	0.00582
132	0.01194	0.01364	0.02984	0.02131	0.02643	0.01279	0.77238	0.01620	0.01194	0.01620	0.01023	0.01364	0.00767	0.00426	0.00597	0.00171	0.00853	0.00597	0.00256	0.00682
133	0.00771	0.00529	0.00694	0.00645	0.00774	0.00487	0.00487	0.01008	0.01432	0.04762	0.76094	0.03705	0.04647	0.01019	0.00593	0.00159	0.00245	0.00900	0.00559	0.00491
134	0.00725	0.00529	0.00658	0.00722	0.00786	0.00521	0.00493	0.04206	0.05486	0.01418	0.05037	0.61912	0.04933	0.09054	0.00810	0.00226	0.00327	0.01252	0.00461	0.00446
135	0.00723	0.00517	0.00699	0.00704	0.00756	0.00566	0.00495	0.00828	0.00789	0.01102	0.01512	0.06030	0.01584	0.34873	0.45856	0.00658	0.00964	0.00658	0.00294	0.00392
136	0.00613	0.00451	0.00575	0.00675	0.00726	0.00413	0.00456	0.00707	0.00996	0.01302	0.03145	0.70109	0.14904	0.01538	0.00638	0.00200	0.00288	0.01381	0.00469	0.00413
137	0.00993	0.00938	0.01586	0.70899	0.13296	0.01134	0.01423	0.01326	0.01029	0.01339	0.00906	0.01336	0.00691	0.00498	0.00505	0.00166	0.00665	0.00450	0.00228	0.00593
138	0.01049	0.00899	0.01049	0.00749	0.01198	0.00674	0.00599	0.01273	0.01049	0.01648	0.00899	0.01049	0.00749	0.00374	0.00374	0.00075	0.00374	0.00300	0.00300	0.85320
139	0.00722	0.00542	0.00813	0.00813	0.00903	0.00632	0.00632	0.00903	0.00813	0.01174	0.01354	0.01987	0.01264	0.03792	0.80225	0.00813	0.01354	0.00542	0.00271	0.00451
140	0.01060	0.00593	0.00786	0.00695	0.00874	0.00536	0.00536	0.01289	0.01435	0.19162	0.61803	0.03322	0.03992	0.00943	0.00577	0.00158	0.00281	0.00825	0.00572	0.00562
141	0.01598	0.11227	0.02547	0.01165	0.01428	0.51935	0.00921	0.03106	0.04692	0.01318	0.01011	0.01346	0.00892	0.00930	0.09233	0.00211	0.00861	0.04708	0.00283	0.00588
142	0.01320	0.70086	0.06075	0.01030	0.01485	0.01885	0.09310	0.01530	0.01048	0.01255	0.00747	0.00883	0.00662	0.00434	0.00361	0.00117	0.00584	0.00311	0.00221	0.00657
143	0.00735	0.00490	0.00552	0.00552	0.00552	0.00490	0.00306	0.00735	0.00735	0.00980	0.01593	0.03309	0.01838	0.82229	0.02574	0.00490	0.00490	0.00735	0.00306	0.00306
144	0.01848	0.10350	0.01635	0.01131	0.01534	0.02907	0.00948	0.66569	0.03462	0.02917	0.01165	0.01176	0.00845	0.00588	0.00485	0.00147	0.00558	0.00435	0.00470	0.00831
145	0.01227	0.01007	0.01093	0.00975	0.01236	0.01133	0.00761	0.12010	0.52154	0.02185	0.12279	0.06251	0.02014	0.00786	0.00536	0.00171	0.00395	0.02535	0.00516	0.00736
146	0.14745	0.03322	0.44461	0.01521	0.04025	0.01208	0.20524	0.01585	0.01067	0.01708	0.00901	0.01103	0.00662	0.00464	0.00481	0.00161	0.00709	0.00414	0.00241	0.00698
147	0.00863	0.00445	0.00647	0.00647	0.00647	0.00445	0.00425	0.00667	0.00667	0.00890	0.00957	0.01732	0.00984	0.10608	0.02042	0.75960	0.00445	0.00472	0.00229	0.00229
148	0.01163	0.00613	0.00797	0.00699	0.00885	0.00552	0.00531	0.01355	0.01337	0.24438	0.42813	0.04540	0.07197	0.09868	0.00789	0.00196	0.00324	0.00793	0.00543	0.00566
149	0.10036	0.00536	0.00604	0.00642	0.00750	0.00512	0.00453	0.00857	0.01030	0.03252	0.08704	0.41123	0.21303	0.06960	0.00725	0.00207	0.00308	0.01110	0.00451	0.00438
150	0.05504	0.01262	0.01362	0.01082	0.01455	0.01389	0.00883	0.49036	0.19220	0.11292	0.01467	0.01404	0.01043	0.00621	0.00500	0.00157	0.00500	0.00479	0.00513	0.00833
151	0.01918	0.01372	0.01484	0.01143	0.01543	0.01509	0.00943	0.70292	0.05133	0.07550	0.01290	0.01268	0.00908	0.00611	0.00506	0.00153	0.00543	0.00463	0.00513	0.00858
152	0.00702	0.00516	0.00657	0.00622	0.00747	0.00471	0.00466	0.00928	0.01399	0.01952	0.70343	0.03902	0.13283	0.01062	0.00597	0.00160	0.00241	0.00932	0.00547	0.00471
153	0.01155	0.00848	0.00950	0.00863	0.01097	0.00901	0.00667	0.05752	0.36098	0.09817	0.11849	0.11368	0.13301	0.00916	0.00553	0.00172	0.00360	0.02148	0.00518	0.00667
154	0.00799	0.00494	0.00661	0.00721	0.00799	0.00455	0.00505	0.00918	0.01072	0.09329	0.11066	0.63577	0.03279	0.01422	0.00627	0.00196	0.00305	0.02814	0.00495	0.00465
155	0.00616	0.00440	0.00587	0.00704	0.00733	0.00411	0.00469	0.00704	0.00968	0.01291	0.02787	0.81899	0.03344	0.01584	0.00645	0.00205	0.00293	0.01438	0.00469	0.00411
156	0.01244	0.01066	0.01129	0.01014	0.01294	0.01228	0.00789	0.03743	0.73634	0.02128	0.05424	0.01960	0.01675	0.00700	0.00518	0.00171	0.00395	0.00585	0.00516	0.00787
157	0.00799	0.00492	0.00650	0.00714	0.00793	0.00450	0.00495	0.00905	0.01042	0.09908	0.04731	0.67165	0.07023	0.01449	0.00627	0.00197	0.00305	0.01303	0.00489	0.00463
158	0.85801	0.00978	0.00743	0.00665	0.00978	0.01134	0.00548	0.01486	0.00861	0.02269	0.00704	0.00821	0.00548	0.00469	0.00313	0.00156	0.00391	0.00274	0.00313	0.00548
159	0.02032	0.01240	0.01408	0.01080	0.01480	0.01306	0.00892	0.53552	0.02082	0.27441	0.01462	0.01375	0.00985	0.00613	0.00507	0.00153	0.00516	0.00472	0.00544	0.00860
160	0.02018	0.00544	0.00711	0.00679	0.00811	0.00508	0.00525	0.01029	0.01394	0.04886	0.66413	0.03869	0.04373	0.01050	0.00600	0.00167	0.00273	0.09113	0.00546	0.00491
161	0.05785	0.00508	0.00569	0.00601	0.00662	0.00492	0.00390	0.00773	0.00905	0.01245	0.03878	0.28351	0.16408	0.35546	0.01431	0.00316	0.00375	0.00994	0.00393	0.00379
162	0.01231	0.01254	0.09774	0.01074	0.01411	0.01249	0.00918	0.02568	0.69681	0.02059	0.01932	0.01797	0.01444	0.00663	0.00511	0.00170	0.00438	0.00550	0.00481	0.00795
163	0.01187	0.00989	0.01078	0.00983	0.01239	0.01119	0.00775	0.06160	0.57998	0.02099	0.10520	0.02449	0.02003	0.00793	0.00542	0.00175	0.00397	0.08247	0.00514	0.00734
164	0.00803	0.00589	0.00796	0.00774	0.00863	0.00662	0.00575	0.05308	0.02108	0.01258	0.01415	0.02259	0.01383	0.22435	0.55673	0.00687	0.01085	0.00584	0.00297	0.00446
165	0.00600	0.00505	0.00520	0.00533	0.00688	0.00425	0.00393	0.00723	0.01133	0.01358	0.04874	0.13064	0.70832	0.01313	0.00603	0.00174	0.00260	0.01107	0.00470	0.00425
166	0.76612	0.00965	0.00791	0.00691	0.01012	0.01091	0.00569	0.01594	0.00925	0.10756	0.00846	0.00920	0.00625	0.00487	0.00334	0.00156	0.00395	0.00300	0.00347	0.00582
167	0.01051	0.11406	0.71143	0.01378	0.02091	0.01265	0.01758	0.01592	0.01063	0.01556	0.00885	0.01039	0.00641	0.00475	0.00463	0.00154	0.00725	0.00362	0.00214	0.00737
168	0.01013	0.00913	0.01516	0.54003	0.12590	0.01064	0.05106	0.01371	0.03933	0.01444	0.01037	0.01419	0.00799	0.00530	0.00516	0.01507	0.00612	0.00464	0.09569	0.00592
169	0.00609	0.00513	0.00530	0.00541	0.00698	0.00437	0.00400	0.00752	0.02265	0.01369	0.04821	0.13296	0.69424	0.01305	0.00602	0.00175	0.00262	0.01101	0.00470	0.00431
170	0.11001	0.01295	0.01349	0.01079	0.01447	0.01451	0.00880	0.52389	0.19102	0.02847	0.01346	0.01321	0.00978	0.00610	0.00487	0.00157	0.00503	0.00461	0.00487	0.00812
171	0.01297	0.69505	0.15196	0.00959	0.01443	0.01866	0.01029	0.01528	0.01034	0.01257	0.00736	0.00853	0.00648	0.00440	0.00350	0.00117	0.00574	0.00287	0.00216	0.00665
172	0.00620	0.00448	0.00593	0.00699	0.00738	0.00421	0.00472	0.00714	0.00971	0.01290	0.02844	0.74431	0.07126	0.01666	0.04146	0.00230	0.00338	0.01379	0.00461	0.00413
173	0.01252	0.01201	0.02053	0.03104	0.79074	0.01201	0.01552	0.01552	0.01151	0.01652	0.00951	0.01252	0.00801	0.00451	0.00501	0.00150	0.00601	0.00451	0.00250	0.00801
174	0.00616	0.00442	0.00585	0.00700	0.00732	0.00411	0.00468	0.00705	0.00972	0.01292	0.02835	0.80313	0.04899	0.01578	0.00644	0.00205	0.00293	0.01430	0.00469	0.00411
175	0.85801	0.00978	0.00743	0.00665	0.00978	0.01134	0.00548	0.01486	0.00861	0.02269	0.00704	0.00821	0.00548	0.00469	0.00313	0.00156	0.00391	0.00274	0.00313	0.00548
176	0.01893	0.02301	0.01442	0.01287	0.01564	0.71549	0.00975	0.10310	0.01537	0.01452	0.00829	0.00945	0.00674	0.00531	0.00461	0.00133	0.00873	0.00340	0.00288	0.00616
177	0.85801	0.00978	0.00743	0.00665	0.00978	0.01134	0.00548	0.01486	0.00861	0.02269	0.00704	0.00821	0.00548	0.00469	0.00313	0.00156	0.00391	0.00274	0.00313	0.00548
178	0.01258	0.01086	0.01143	0.01029	0.01315	0.01258	0.00800	0.02687	0.78161	0.02115	0.02058	0.01887	0.01544	0.00686	0.00515	0.00172	0.00400	0.00572	0.00515	0.00800
179	0.01922	0.01416	0.01518	0.01163	0.01568	0.01568	0.00961	0.77388	0.02378	0.03187	0.01214	0.01214	0.00860	0.00607	0.00506	0.00152	0.00556	0.00455	0.00506	0.00860
180	0.00616	0.00440	0.00587	0.00704	0.00733	0.00411	0.00469	0.00704	0.00968	0.01291	0.02787	0.81899	0.03344	0.01584	0.00645	0.00205	0.00293	0.01438	0.00469	0.00411
181	0.00616	0.00440	0.00587	0.00704	0.00733	0.00411	0.00469	0.00704	0.00968	0.01291	0.02787	0.81899	0.03344	0.01584	0.00645	0.00205	0.00293	0.01438	0.00469	0.00411
182	0.00598	0.00512	0.00512	0.00512	0.00683	0.00427	0.00384	0.00726	0.01153	0.01366	0.05123	0.04866	0.78869	0.01281	0.00598	0.00171	0.00256	0.01067	0.00470	0.00427
183	0.00735	0.00490	0.00552	0.00552	0.00552	0.00490	0.00306	0.00735	0.00735	0.00980	0.01593	0.03309	0.01838	0.82229	0.02574	0.00490	0.00490	0.00735	0.00306	0.00306
184	0.01258	0.01086	0.01143	0.01029	0.01315	0.01258	0.00800	0.02687	0.78161	0.02115	0.02058	0.01887	0.01544	0.00686	0.00515	0.00172	0.00400	0.00572	0.00515	0.00800
185	0.01890	0.01919	0.01457	0.01225	0.01550	0.42527	0.00960	0.36927	0.01865	0.02151	0.00995	0.01067	0.00758	0.00562	0.00477	0.00140	0.00737	0.00388	0.01693	0.00711
186	0.00598	0.00512	0.00512	0.00512	0.00683	0.00427	0.00384	0.00726	0.01153	0.01366	0.05123	0.04866	0.78869	0.01281	0.00598	0.00171	0.00256	0.01067	0.00470	0.00427
187	0.00624	0.00510	0.00551	0.00548	0.00701	0.00437	0.00408	0.00773	0.01202	0.01502	0.20609	0.08536	0.59353	0.01244	0.00600	0.00170	0.00254	0.01054	0.00488	0.00437
188	0.01922	0.01416	0.01518	0.01163	0.01568	0.01568	0.00961	0.77388	0.02378	0.03187	0.01214	0.01214	0.00860	0.00607	0.00506	0.00152	0.00556	0.00455	0.00506	0.00860
189	0.00784	0.00587	0.00849	0.00831	0.00937	0.00680	0.00649	0.04825	0.00893	0.01277	0.01347	0.01947	0.01243	0.03629	0.76137	0.00779	0.01314	0.00537	0.00283	0.00472
190	0.00620	0.00442	0.00585	0.00699	0.00727	0.00414	0.00464	0.00705	0.00960	0.01280	0.02745	0.79103	0.03291	0.04453	0.00714	0.00215	0.00300	0.01413	0.00464	0.00407
191	0.01049	0.00899	0.01049	0.00749	0.01198	0.00674	0.00599	0.01273	0.01049	0.01648	0.00899	0.01049	0.00749	0.00374	0.00374	0.00075	0.00374	0.00300	0.00300	0.85320
192	0.02183	0.00878	0.01168	0.00903	0.01284	0.00778	0.00743	0.06722	0.01486	0.71934	0.02035	0.03086	0.03054	0.00656	0.00513	0.00157	0.00431	0.00534	0.00613	0.00843
193	0.01910	0.01410	0.01511	0.01161	0.01563	0.01562	0.00958	0.75998	0.03788	0.03167	0.01230	0.01227	0.00873	0.00608	0.00506	0.00152	0.00554	0.00457	0.00506	0.00859
194	0.00704	0.00498	0.00557	0.00552	0.00601	0.00475	0.00341	0.00757	0.00898	0.01175	0.10636	0.03689	0.18467	0.56363	0.01943	0.00387	0.00414	0.00825	0.00368	0.00350
195	0.85801	0.00978	0.00743	0.00665	0.00978	0.01134	0.00548	0.01486	0.00861	0.02269	0.00704	0.00821	0.00548	0.00469	0.00313	0.00156	0.00391	0.00274	0.00313	0.00548
196	0.00969	0.00926	0.01601	0.76458	0.03434	0.01132	0.05784	0.01311	0.01022	0.01311	0.00906	0.01349	0.00679	0.00501	0.00511	0.00169	0.00684	0.00458	0.00226	0.00569
197	0.01258	0.01086	0.01143	0.01029	0.01315	0.01258	0.00800	0.02687	0.78161	0.02115	0.02058	0.01887	0.01544	0.00686	0.00515	0.00172	0.00400	0.00572	0.00515	0.00800
198	0.00990	0.00599	0.00753	0.00678	0.00851	0.00552	0.00516	0.01248	0.04819	0.15072	0.48401	0.03461	0.13690	0.05291	0.00683	0.00178	0.00294	0.00841	0.00542	0.00541
199	0.02174	0.05077	0.01262	0.00910	0.01299	0.00853	0.00758	0.06956	0.01482	0.69450	0.03188	0.01679	0.01257	0.00622	0.00500	0.00154	0.00440	0.00500	0.00596	0.00843
200	0.01176	0.10538	0.17985	0.01857	0.02406	0.01338	0.54045	0.01605	0.01151	0.01569	0.00965	0.01245	0.00729	0.00438	0.00544	0.00162	0.00798	0.00517	0.00243	0.00691
201	0.09080	0.00870	0.01138	0.00881	0.01265	0.00775	0.00727	0.02385	0.01399	0.73133	0.01890	0.01648	0.01194	0.00613	0.00493	0.00156	0.00427	0.00489	0.00600	0.00835
202	0.00874	0.00532	0.00663	0.00653	0.00725	0.00523	0.00436	0.00945	0.00889	0.09713	0.02007	0.16332	0.06390	0.42983	0.13724	0.00436	0.00568	0.00819	0.00373	0.00414
203	0.03057	0.01451	0.02507	0.03581	0.14772	0.10891	0.49390	0.04984	0.01258	0.01655	0.00982	0.01273	0.00756	0.00452	0.00553	0.00161	0.00793	0.00525	0.00267	0.00692
204	0.01331	0.59808	0.12734	0.00962	0.01419	0.01761	0.00988	0.01691	0.09533	0.04282	0.00928	0.00998	0.00769	0.00474	0.00373	0.00124	0.00549	0.00326	0.00264	0.00687
205	0.63248	0.00968	0.00939	0.00782	0.01122	0.01053	0.03968	0.01713	0.01007	0.19631	0.01009	0.01048	0.00716	0.00503	0.00370	0.00157	0.00420	0.00341	0.00381	0.00624
206	0.01889	0.02410	0.01433	0.01303	0.01563	0.80199	0.00977	0.02019	0.01433	0.01238	0.00782	0.00912	0.00651	0.00521	0.00456	0.00130	0.00912	0.00326	0.00261	0.00586
207	0.00740	0.00530	0.00796	0.00796	0.00876	0.00611	0.00611	0.00876	0.00796	0.01141	0.01302	0.01937	0.01222	0.03569	0.71618	0.10105	0.01254	0.00530	0.00265	0.00426
208	0.10344	0.00715	0.00803	0.00715	0.00941	0.00699	0.00555	0.01429	0.12690	0.11596	0.29018	0.04514	0.17371	0.00889	0.00530	0.00159	0.00316	0.00746	0.00499	0.05470
209	0.85801	0.00978	0.00743	0.00665	0.00978	0.01134	0.00548	0.01486	0.00861	0.02269	0.00704	0.00821	0.00548	0.00469	0.00313	0.00156	0.00391	0.00274	0.00313	0.00548
210	0.00616	0.00440	0.00587	0.00704	0.00733	0.00411	0.00469	0.00704	0.00968	0.01291	0.02787	0.81899	0.03344	0.01584	0.00645	0.00205	0.00293	0.01438	0.00469	0.00411
211	0.12463	0.00737	0.00899	0.00764	0.01030	0.00692	0.00606	0.01702	0.03237	0.36321	0.21668	0.08812	0.07306	0.00831	0.00523	0.00162	0.00353	0.00695	0.00542	0.00656
212	0.19024	0.00987	0.01044	0.00903	0.01216	0.01076	0.00719	0.02311	0.40512	0.21019	0.01875	0.01736	0.04132	0.00648	0.00474	0.00165	0.00400	0.00513	0.00498	0.00749
213	0.00674	0.00564	0.00570	0.00550	0.00734	0.00493	0.00418	0.05153	0.01223	0.01471	0.04897	0.04656	0.74364	0.01242	0.00592	0.00170	0.00273	0.01032	0.00472	0.00452
214	0.05069	0.00551	0.00630	0.00631	0.00771	0.00514	0.00469	0.00937	0.03758	0.03218	0.25292	0.19215	0.31182	0.02478	0.00622	0.00180	0.00284	0.03244	0.00489	0.00465
215	0.05823	0.00579	0.00704	0.00673	0.00835	0.00532	0.00506	0.01114	0.01232	0.13646	0.28265	0.21378	0.19316	0.01122	0.00580	0.00173	0.00297	0.02199	0.00513	0.00514
216	0.05562	0.01329	0.01422	0.01112	0.01498	0.01467	0.00913	0.61503	0.10593	0.07431	0.01330	0.01300	0.00944	0.00611	0.00498	0.00154	0.00525	0.00463	0.00505	0.00840
217	0.00735	0.00490	0.00552	0.00552	0.00552	0.00490	0.00306	0.00735	0.00735	0.00980	0.01593	0.03309	0.01838	0.82229	0.02574	0.00490	0.00490	0.00735	0.00306	0.00306
218	0.00748	0.00521	0.00617	0.00618	0.00667	0.00510	0.00397	0.03605	0.00988	0.01335	0.16839	0.18284	0.05083	0.45666	0.01687	0.00350	0.00399	0.00903	0.00398	0.00383
219	0.00675	0.00481	0.00619	0.00706	0.00749	0.00461	0.00474	0.03462	0.01011	0.01351	0.04542	0.70453	0.03165	0.08297	0.00801	0.00226	0.00318	0.01330	0.00459	0.00420
220	0.00616	0.00440	0.00587	0.00704	0.00733	0.00411	0.00469	0.00704	0.00968	0.01291	0.02787	0.81899	0.03344	0.01584	0.00645	0.00205	0.00293	0.01438	0.00469	0.00411
221	0.00703	0.00516	0.00658	0.00623	0.00747	0.00472	0.00467	0.00929	0.01401	0.01955	0.70702	0.03897	0.12922	0.01061	0.00597	0.00160	0.00240	0.00931	0.00547	0.00472
