[name]
unknown

[dist]
# distance from previous block
# <min> <max>
8	139

[block]
# block no. 0 follows, 53 sequences, length 73
# corresponding to MSA columns:
# 147-164,191-245
name=unknown_A
#
# <colnr> <probs for GDERKNQSTAVLIFYWHMCP>
#	G	D	E	R	K	N	Q	S	T	A	V	L	I	F	Y	W	H	M	C	P
0	0.01253	0.00930	0.01035	0.00883	0.01147	0.03725	0.00700	0.11739	0.25999	0.11630	0.13403	0.02971	0.02693	0.00824	0.04282	0.00176	0.02769	0.03033	0.00452	0.10357
1	0.03940	0.01037	0.02457	0.12551	0.30560	0.01052	0.01067	0.17894	0.01311	0.04385	0.01452	0.01593	0.10535	0.00562	0.00471	0.00142	0.00501	0.00482	0.00328	0.07680
2	0.52458	0.00930	0.00899	0.10749	0.01291	0.01051	0.00669	0.09755	0.04289	0.02025	0.00921	0.05727	0.00771	0.00526	0.00368	0.00147	0.00414	0.00376	0.00321	0.06313
3	0.17403	0.00771	0.00841	0.00739	0.00975	0.00785	0.00576	0.07067	0.12256	0.07561	0.21071	0.12761	0.02122	0.00767	0.00470	0.00148	0.00336	0.01602	0.00435	0.11315
4	0.40950	0.00874	0.00785	0.00724	0.00950	0.05736	0.00573	0.01388	0.07620	0.05920	0.11300	0.08201	0.06440	0.00717	0.00455	0.00157	0.02584	0.03721	0.00378	0.00526
5	0.01148	0.06246	0.01360	0.03254	0.01302	0.04634	0.00889	0.06191	0.17734	0.01499	0.01000	0.01205	0.00841	0.00735	0.02974	0.00179	0.36224	0.00415	0.00297	0.11873
6	0.00993	0.00560	0.00737	0.00707	0.00864	0.00500	0.00521	0.01126	0.01052	0.19733	0.06933	0.44157	0.05475	0.01264	0.05263	0.00202	0.00368	0.00966	0.00458	0.08122
7	0.06654	0.04140	0.04495	0.00684	0.00885	0.00641	0.00563	0.01179	0.05760	0.10036	0.36636	0.10107	0.14561	0.00915	0.00521	0.00154	0.00305	0.00781	0.00467	0.00518
8	0.06032	0.00895	0.01465	0.41022	0.18635	0.00991	0.05838	0.01339	0.01060	0.06783	0.10195	0.01520	0.01151	0.00527	0.00482	0.00153	0.00554	0.00479	0.00286	0.00594
9	0.06382	0.01091	0.01676	0.09136	0.51604	0.01155	0.01262	0.11433	0.01187	0.01723	0.00973	0.04572	0.00834	0.00515	0.00520	0.00149	0.04351	0.00455	0.00277	0.00704
10	0.79358	0.00933	0.00734	0.00658	0.00951	0.01082	0.00538	0.01501	0.07455	0.02132	0.00774	0.00862	0.00597	0.00461	0.00312	0.00149	0.00370	0.00283	0.00312	0.00538
11	0.01271	0.00982	0.01123	0.01037	0.06007	0.01045	0.00764	0.02248	0.53631	0.11108	0.01709	0.01609	0.01271	0.00584	0.00465	0.00145	0.00389	0.00488	0.00453	0.13672
12	0.86579	0.00924	0.00702	0.00629	0.00924	0.01072	0.00518	0.01405	0.00813	0.02144	0.00666	0.00776	0.00518	0.00444	0.00296	0.00148	0.00370	0.00259	0.00296	0.00518
13	0.86579	0.00924	0.00702	0.00629	0.00924	0.01072	0.00518	0.01405	0.00813	0.02144	0.00666	0.00776	0.00518	0.00444	0.00296	0.00148	0.00370	0.00259	0.00296	0.00518
14	0.00876	0.00813	0.01359	0.75171	0.03072	0.01005	0.01253	0.01174	0.00952	0.01221	0.01000	0.08176	0.00851	0.00564	0.00489	0.00162	0.00607	0.00504	0.00232	0.00519
15	0.01817	0.01339	0.01434	0.01100	0.01482	0.01482	0.00908	0.78627	0.02247	0.03012	0.01148	0.01148	0.00813	0.00574	0.00478	0.00143	0.00526	0.00430	0.00478	0.00813
16	0.01845	0.01294	0.01407	0.01079	0.01460	0.01416	0.00891	0.72175	0.02173	0.09569	0.01210	0.01188	0.00844	0.00575	0.00478	0.00144	0.00516	0.00435	0.00488	0.00813
17	0.00795	0.00514	0.00662	0.00610	0.00740	0.00470	0.00456	0.00996	0.01295	0.08463	0.63702	0.03436	0.08449	0.06490	0.00683	0.00172	0.00258	0.00829	0.00511	0.00468
18	0.01764	0.01312	0.01405	0.01089	0.01462	0.01457	0.00896	0.72193	0.08768	0.02927	0.01215	0.01201	0.00867	0.00580	0.00479	0.00145	0.00513	0.00440	0.00479	0.00808
19	0.86579	0.00924	0.00702	0.00629	0.00924	0.01072	0.00518	0.01405	0.00813	0.02144	0.00666	0.00776	0.00518	0.00444	0.00296	0.00148	0.00370	0.00259	0.00296	0.00518
20	0.00595	0.00481	0.00520	0.00519	0.00653	0.00420	0.00379	0.00720	0.01074	0.01336	0.14433	0.07750	0.57531	0.08195	0.03098	0.00205	0.00291	0.00964	0.00436	0.00400
21	0.00825	0.00668	0.00755	0.00702	0.00877	0.00689	0.00535	0.01407	0.27498	0.01815	0.38213	0.03183	0.19116	0.00915	0.00538	0.00157	0.00280	0.00785	0.00496	0.00544
22	0.01869	0.00781	0.01028	0.00809	0.01132	0.00701	0.00660	0.06533	0.01393	0.61515	0.10968	0.01837	0.01554	0.00633	0.00480	0.00145	0.00380	0.00520	0.06314	0.00746
23	0.01241	0.01006	0.01076	0.00960	0.01234	0.01148	0.00749	0.02503	0.73363	0.06919	0.03051	0.01799	0.01485	0.00650	0.00487	0.00161	0.00378	0.00541	0.00493	0.00756
24	0.00653	0.00488	0.00607	0.00577	0.00700	0.00441	0.00433	0.00857	0.01298	0.01787	0.64345	0.03784	0.20214	0.01026	0.00564	0.00153	0.00229	0.00894	0.00509	0.00441
25	0.00695	0.00463	0.00521	0.00521	0.00521	0.00463	0.00290	0.00695	0.00695	0.00927	0.01506	0.03128	0.01738	0.83203	0.02433	0.00463	0.00463	0.00695	0.00290	0.00290
26	0.86579	0.00924	0.00702	0.00629	0.00924	0.01072	0.00518	0.01405	0.00813	0.02144	0.00666	0.00776	0.00518	0.00444	0.00296	0.00148	0.00370	0.00259	0.00296	0.00518
27	0.01880	0.00924	0.01122	0.00875	0.01215	0.00905	0.00718	0.24437	0.02720	0.47067	0.01631	0.01508	0.01084	0.00583	0.00462	0.00142	0.00418	0.00463	0.11078	0.00767
28	0.01356	0.01194	0.01169	0.01019	0.01307	0.08321	0.00799	0.16314	0.58448	0.02110	0.01694	0.01586	0.01267	0.00621	0.00480	0.00155	0.00448	0.00500	0.00464	0.00749
29	0.86579	0.00924	0.00702	0.00629	0.00924	0.01072	0.00518	0.01405	0.00813	0.02144	0.00666	0.00776	0.00518	0.00444	0.00296	0.00148	0.00370	0.00259	0.00296	0.00518
30	0.00701	0.00471	0.00542	0.00552	0.00561	0.00471	0.00330	0.00720	0.00729	0.00969	0.01593	0.03319	0.01823	0.76278	0.02283	0.00443	0.00461	0.07148	0.00302	0.00302
31	0.00588	0.00420	0.00558	0.00660	0.00691	0.00392	0.00442	0.00677	0.00932	0.01248	0.06217	0.77936	0.03202	0.02765	0.00637	0.00196	0.00278	0.01325	0.00445	0.00390
32	0.86579	0.00924	0.00702	0.00629	0.00924	0.01072	0.00518	0.01405	0.00813	0.02144	0.00666	0.00776	0.00518	0.00444	0.00296	0.00148	0.00370	0.00259	0.00296	0.00518
33	0.00983	0.00893	0.01434	0.74899	0.03132	0.01099	0.01290	0.08063	0.01070	0.01379	0.00876	0.01263	0.00653	0.00486	0.00478	0.00158	0.00627	0.00425	0.00236	0.00556
34	0.00806	0.00538	0.00797	0.00775	0.00885	0.00606	0.00606	0.00978	0.00819	0.07827	0.01331	0.01856	0.01194	0.03332	0.74473	0.00716	0.01206	0.00509	0.00284	0.00459
35	0.00638	0.00471	0.00596	0.00599	0.00699	0.00429	0.00436	0.00815	0.01213	0.01663	0.50922	0.22038	0.15447	0.01132	0.00575	0.00162	0.00240	0.01000	0.00495	0.00429
36	0.00892	0.00565	0.00727	0.00657	0.00812	0.00532	0.00503	0.01188	0.06603	0.11626	0.65084	0.03210	0.03894	0.00907	0.00548	0.00151	0.00258	0.00795	0.00532	0.00516
37	0.01325	0.01564	0.02279	0.01721	0.02101	0.24783	0.49431	0.02641	0.01183	0.01419	0.00879	0.01145	0.00688	0.00461	0.00591	0.00153	0.06303	0.00477	0.00244	0.00612
38	0.01257	0.01441	0.10966	0.02623	0.02076	0.07984	0.43159	0.06229	0.01165	0.06501	0.00960	0.01204	0.00723	0.00494	0.00655	0.00161	0.10998	0.00486	0.00270	0.00648
39	0.00587	0.00429	0.00552	0.00639	0.00689	0.00394	0.00434	0.00684	0.00966	0.01276	0.08105	0.68066	0.12567	0.01428	0.00601	0.00187	0.00270	0.01283	0.00449	0.00394
40	0.12377	0.00827	0.01060	0.00824	0.01184	0.00747	0.00680	0.02217	0.01301	0.71050	0.01738	0.01524	0.01102	0.00574	0.00458	0.00148	0.00402	0.00454	0.00556	0.00778
41	0.01179	0.01165	0.01828	0.14659	0.63769	0.06160	0.01412	0.01458	0.01085	0.01486	0.00882	0.01176	0.00730	0.00438	0.00471	0.00143	0.00597	0.00418	0.00234	0.00711
42	0.00906	0.00675	0.00840	0.04222	0.01085	0.00699	0.00720	0.10810	0.06157	0.01668	0.05063	0.04117	0.13539	0.01086	0.00587	0.00188	0.00409	0.42301	0.04419	0.00506
43	0.86579	0.00924	0.00702	0.00629	0.00924	0.01072	0.00518	0.01405	0.00813	0.02144	0.00666	0.00776	0.00518	0.00444	0.00296	0.00148	0.00370	0.00259	0.00296	0.00518
44	0.07083	0.01199	0.01284	0.01003	0.01357	0.01313	0.00824	0.58886	0.05800	0.09390	0.01244	0.01234	0.00882	0.00570	0.00459	0.00143	0.00480	0.00430	0.05648	0.00769
45	0.01116	0.01251	0.02676	0.07453	0.07088	0.01195	0.68799	0.01506	0.01114	0.01512	0.00955	0.01282	0.00721	0.00409	0.00553	0.00160	0.00781	0.00547	0.00239	0.00644
46	0.00693	0.00484	0.00627	0.00630	0.00732	0.00455	0.00479	0.00899	0.01234	0.01750	0.53101	0.13449	0.04815	0.01052	0.00562	0.00161	0.00259	0.10458	0.07720	0.00441
47	0.00627	0.00459	0.00589	0.00647	0.00720	0.00426	0.00467	0.00763	0.01058	0.01414	0.21765	0.42680	0.13061	0.03716	0.00652	0.00190	0.00284	0.09614	0.00459	0.00408
48	0.00669	0.00469	0.00586	0.00585	0.00679	0.00435	0.00422	0.00845	0.01177	0.01661	0.47358	0.18422	0.10183	0.06038	0.00665	0.00175	0.00251	0.00922	0.08031	0.00425
49	0.00991	0.00850	0.00991	0.00708	0.01133	0.00637	0.00566	0.01203	0.00991	0.01557	0.00850	0.00991	0.00708	0.00354	0.00354	0.00071	0.00354	0.00283	0.00283	0.86124
50	0.00833	0.00687	0.00767	0.00726	0.00774	0.05376	0.00505	0.00974	0.06043	0.01072	0.01343	0.02431	0.01422	0.48840	0.15767	0.00445	0.10724	0.00596	0.00285	0.00389
51	0.00903	0.00850	0.01434	0.82054	0.03292	0.01062	0.01327	0.01221	0.00956	0.01221	0.00850	0.01274	0.00637	0.00478	0.00478	0.00159	0.00637	0.00425	0.00212	0.00531
52	0.56859	0.00837	0.00701	0.00623	0.00878	0.00946	0.00505	0.08155	0.00989	0.02127	0.00940	0.01070	0.00727	0.00485	0.00322	0.00138	0.00345	0.00322	0.22507	0.00525
53	0.07113	0.11252	0.01254	0.00901	0.01186	0.05872	0.00733	0.33505	0.08440	0.02125	0.01462	0.12796	0.03756	0.00696	0.00454	0.00145	0.00454	0.00551	0.06658	0.00648
54	0.01017	0.17297	0.66413	0.01263	0.01915	0.01253	0.01592	0.01499	0.01002	0.01442	0.00822	0.00965	0.00607	0.00446	0.00427	0.00142	0.00671	0.00335	0.00202	0.00689
55	0.01330	0.53709	0.04163	0.00922	0.01272	0.18727	0.00840	0.01559	0.05976	0.01205	0.00885	0.05832	0.00821	0.00509	0.00367	0.00117	0.00569	0.00354	0.00246	0.00599
56	0.01440	0.20152	0.15684	0.01176	0.08098	0.04481	0.01030	0.26702	0.01449	0.07428	0.01031	0.01109	0.00775	0.00499	0.00422	0.00132	0.00540	0.00376	0.06767	0.00706
57	0.01038	0.00823	0.01131	0.11076	0.01381	0.00860	0.02721	0.01243	0.02186	0.08408	0.10709	0.01537	0.01254	0.03152	0.03413	0.02488	0.17924	0.00453	0.00315	0.27884
58	0.00955	0.00941	0.01735	0.52620	0.05152	0.01055	0.20497	0.01285	0.01015	0.01327	0.01029	0.01639	0.00849	0.00532	0.00515	0.00165	0.00660	0.07228	0.00241	0.00558
59	0.01046	0.01046	0.01464	0.01255	0.01255	0.01464	0.01046	0.01150	0.00732	0.01150	0.00627	0.01046	0.00627	0.00837	0.01569	0.00209	0.82328	0.00418	0.00209	0.00523
60	0.00582	0.00416	0.00555	0.00666	0.00693	0.00388	0.00444	0.00666	0.00915	0.01220	0.02634	0.82891	0.03161	0.01497	0.00610	0.00194	0.00277	0.01359	0.00444	0.00388
61	0.01148	0.01100	0.01878	0.12697	0.70728	0.01127	0.01450	0.01437	0.01072	0.01520	0.00893	0.01194	0.00742	0.00432	0.00474	0.00144	0.00576	0.00426	0.00234	0.00729
62	0.00727	0.00591	0.00844	0.00786	0.00931	0.00549	0.07370	0.00963	0.05975	0.01486	0.19593	0.41801	0.06341	0.01112	0.00562	0.00166	0.00324	0.01011	0.00432	0.08435
63	0.00770	0.00550	0.00770	0.00880	0.00990	0.00550	0.00770	0.00990	0.01100	0.01430	0.02531	0.05391	0.02751	0.01320	0.00660	0.00220	0.00440	0.77004	0.00440	0.00440
64	0.86579	0.00924	0.00702	0.00629	0.00924	0.01072	0.00518	0.01405	0.00813	0.02144	0.00666	0.00776	0.00518	0.00444	0.00296	0.00148	0.00370	0.00259	0.00296	0.00518
65	0.01278	0.83490	0.02505	0.00818	0.01227	0.01891	0.00818	0.01431	0.00971	0.01125	0.00664	0.00767	0.00613	0.00409	0.00307	0.00102	0.00511	0.00256	0.00204	0.00613
66	0.00582	0.00416	0.00555	0.00666	0.00693	0.00388	0.00444	0.00666	0.00915	0.01220	0.02634	0.82891	0.03161	0.01497	0.00610	0.00194	0.00277	0.01359	0.00444	0.00388
67	0.86579	0.00924	0.00702	0.00629	0.00924	0.01072	0.00518	0.01405	0.00813	0.02144	0.00666	0.00776	0.00518	0.00444	0.00296	0.00148	0.00370	0.00259	0.00296	0.00518
68	0.01128	0.01289	0.02820	0.02015	0.02498	0.01209	0.78485	0.01531	0.01128	0.01531	0.00967	0.01289	0.00725	0.00403	0.00564	0.00161	0.00806	0.00564	0.00242	0.00645
69	0.00597	0.00485	0.00529	0.00518	0.00666	0.00417	0.00389	0.00749	0.01166	0.01473	0.26732	0.04300	0.58023	0.01142	0.00565	0.00158	0.00237	0.00967	0.00468	0.00417
70	0.00670	0.00484	0.00633	0.00606	0.00713	0.00447	0.00450	0.00886	0.01323	0.01870	0.74766	0.08907	0.04419	0.01012	0.00567	0.00153	0.00229	0.00898	0.00521	0.00447
71	0.00940	0.00815	0.01076	0.00845	0.01175	0.00691	0.05851	0.01149	0.00992	0.01486	0.01210	0.08796	0.01173	0.00606	0.00499	0.00114	0.05173	0.09872	0.00310	0.57227
72	0.00710	0.00509	0.00684	0.00774	0.00860	0.00498	0.00628	0.00877	0.01034	0.01350	0.04880	0.21166	0.07406	0.08265	0.00791	0.00230	0.00390	0.48102	0.00431	0.00415

[dist]
# distance from previous block
# <min> <max>
0	1

[block]
# block no. 1 follows, 53 sequences, length 54
# corresponding to MSA columns:
# 247-300
name=unknown_B
#
# <colnr> <probs for GDERKNQSTAVLIFYWHMCP>
#	G	D	E	R	K	N	Q	S	T	A	V	L	I	F	Y	W	H	M	C	P
0	0.01181	0.14043	0.10209	0.02049	0.42631	0.06518	0.02513	0.01448	0.01059	0.01444	0.03160	0.01135	0.00809	0.00473	0.00520	0.00138	0.06355	0.00394	0.00237	0.03683
1	0.00681	0.00488	0.00677	0.00689	0.00749	0.00539	0.00500	0.00804	0.00773	0.01097	0.01485	0.10719	0.01533	0.22268	0.51591	0.00616	0.00948	0.00643	0.02808	0.00391
2	0.01601	0.32352	0.01781	0.01044	0.01366	0.37464	0.00874	0.09572	0.01289	0.05497	0.00810	0.00900	0.00665	0.00483	0.00418	0.00121	0.02563	0.00312	0.00272	0.00615
3	0.00928	0.00715	0.00818	0.00639	0.00964	0.00558	0.00504	0.01105	0.01056	0.07639	0.02368	0.02340	0.29311	0.00681	0.00440	0.00109	0.00318	0.00560	0.00365	0.48581
4	0.00950	0.00875	0.01434	0.77815	0.03197	0.01084	0.01305	0.05274	0.01023	0.01315	0.00865	0.01268	0.00646	0.00483	0.00478	0.00158	0.00631	0.00425	0.00226	0.00546
5	0.01367	0.69186	0.02302	0.00891	0.01271	0.15875	0.00836	0.01515	0.01039	0.01132	0.00678	0.00783	0.00614	0.00424	0.00329	0.00106	0.00573	0.00265	0.00212	0.00603
6	0.01068	0.24000	0.49797	0.01132	0.01695	0.01248	0.01358	0.01473	0.01042	0.04593	0.07510	0.01184	0.00959	0.00491	0.00425	0.00138	0.00601	0.00375	0.00245	0.00664
7	0.08341	0.35216	0.13388	0.01012	0.02720	0.16071	0.00954	0.07103	0.01159	0.07787	0.00853	0.00936	0.00674	0.00462	0.00379	0.00124	0.00583	0.00315	0.01282	0.00639
8	0.01721	0.05761	0.01353	0.01002	0.01337	0.01245	0.00828	0.46124	0.03538	0.20076	0.01383	0.07018	0.01056	0.00648	0.00532	0.00149	0.04500	0.00499	0.00473	0.00756
9	0.00590	0.00481	0.00527	0.00529	0.00669	0.00418	0.00393	0.00728	0.01109	0.01387	0.17479	0.09843	0.58396	0.01287	0.03842	0.00186	0.00284	0.00988	0.00450	0.00412
10	0.01199	0.01060	0.01788	0.17399	0.60432	0.01091	0.01387	0.01482	0.01084	0.07079	0.00960	0.01231	0.00765	0.00447	0.00475	0.00146	0.00569	0.00430	0.00257	0.00719
11	0.01743	0.00827	0.01181	0.17789	0.01640	0.00827	0.00848	0.01984	0.03440	0.54470	0.01581	0.01537	0.01049	0.00702	0.03759	0.00179	0.04778	0.00469	0.00476	0.00722
12	0.01433	0.00665	0.00887	0.00736	0.00983	0.00595	0.00585	0.01663	0.03109	0.41810	0.38608	0.02544	0.02754	0.00774	0.00520	0.00149	0.00321	0.00662	0.00558	0.00642
13	0.00688	0.00515	0.00659	0.00720	0.00839	0.00486	0.00594	0.00871	0.01115	0.01435	0.12528	0.10424	0.24703	0.01261	0.00618	0.00193	0.00347	0.41124	0.00452	0.00427
14	0.01967	0.01076	0.08519	0.00950	0.01353	0.00903	0.00843	0.18149	0.01518	0.57110	0.01637	0.01470	0.01053	0.00575	0.00478	0.00147	0.00459	0.00458	0.00532	0.00803
15	0.01121	0.01080	0.01699	0.33760	0.43956	0.04576	0.01369	0.04096	0.01089	0.01462	0.00881	0.01204	0.00706	0.00454	0.00473	0.00148	0.00606	0.00420	0.00236	0.00662
16	0.01951	0.01124	0.01301	0.00998	0.01375	0.01163	0.00824	0.47382	0.01887	0.34766	0.01450	0.01344	0.00964	0.00581	0.00479	0.00145	0.00477	0.00451	0.00525	0.00813
17	0.01785	0.02278	0.01354	0.01231	0.01478	0.81284	0.00924	0.01909	0.01354	0.01170	0.00739	0.00862	0.00616	0.00493	0.00431	0.00123	0.00862	0.00308	0.00246	0.00554
18	0.00671	0.00484	0.00634	0.00605	0.00713	0.00447	0.00451	0.00887	0.01326	0.01873	0.75151	0.08511	0.04426	0.01010	0.00567	0.00153	0.00229	0.00895	0.00521	0.00447
19	0.00665	0.00488	0.00624	0.00590	0.00707	0.00446	0.00442	0.00880	0.01327	0.01854	0.72497	0.03673	0.12020	0.01000	0.00564	0.00151	0.00227	0.00879	0.00518	0.00446
20	0.00587	0.00480	0.00516	0.00518	0.00659	0.00411	0.00383	0.00721	0.01116	0.01387	0.17399	0.10145	0.60516	0.02287	0.00593	0.00166	0.00245	0.01006	0.00456	0.00409
21	0.01785	0.02278	0.01354	0.01231	0.01478	0.81284	0.00924	0.01909	0.01354	0.01170	0.00739	0.00862	0.00616	0.00493	0.00431	0.00123	0.00862	0.00308	0.00246	0.00554
22	0.00657	0.00441	0.00572	0.00666	0.00719	0.00422	0.00478	0.00782	0.00957	0.01336	0.02459	0.58861	0.02810	0.01330	0.00577	0.00186	0.00294	0.12911	0.13138	0.00405
23	0.00595	0.00479	0.00531	0.00531	0.00668	0.00414	0.00393	0.00740	0.01142	0.01447	0.24174	0.11442	0.53413	0.01176	0.00569	0.00161	0.00241	0.01003	0.00465	0.00414
24	0.86579	0.00924	0.00702	0.00629	0.00924	0.01072	0.00518	0.01405	0.00813	0.02144	0.00666	0.00776	0.00518	0.00444	0.00296	0.00148	0.00370	0.00259	0.00296	0.00518
25	0.01039	0.00844	0.01400	0.58258	0.07209	0.00980	0.03488	0.01334	0.01026	0.09430	0.01140	0.01740	0.00926	0.00573	0.00500	0.00164	0.00594	0.08513	0.00278	0.00567
26	0.06373	0.24260	0.46083	0.09681	0.01897	0.01315	0.01384	0.01454	0.00981	0.01416	0.00792	0.00957	0.00605	0.00444	0.00407	0.00139	0.00625	0.00328	0.00210	0.00651
27	0.00762	0.00616	0.00996	0.00908	0.01012	0.00690	0.08606	0.00904	0.00803	0.01139	0.01300	0.10278	0.01283	0.04034	0.49218	0.08462	0.07700	0.00593	0.00267	0.00430
28	0.03156	0.02308	0.70471	0.01412	0.02085	0.01119	0.09827	0.01513	0.01017	0.01532	0.00864	0.01033	0.00616	0.00448	0.00462	0.00152	0.00708	0.00373	0.00208	0.00695
29	0.01189	0.01027	0.01081	0.00973	0.01243	0.01189	0.00757	0.02540	0.79357	0.01999	0.01945	0.01783	0.01459	0.00648	0.00486	0.00162	0.00378	0.00540	0.00486	0.00757
30	0.00937	0.00823	0.01346	0.62393	0.07173	0.00989	0.01199	0.03877	0.00981	0.01273	0.00943	0.01486	0.00774	0.00641	0.00630	0.08998	0.00597	0.04190	0.00234	0.00516
31	0.01785	0.02278	0.01354	0.01231	0.01478	0.81284	0.00924	0.01909	0.01354	0.01170	0.00739	0.00862	0.00616	0.00493	0.00431	0.00123	0.00862	0.00308	0.00246	0.00554
32	0.00703	0.00485	0.00668	0.00668	0.00715	0.00532	0.00472	0.00774	0.00728	0.01017	0.01311	0.02264	0.01344	0.30850	0.45715	0.09664	0.00907	0.00565	0.00263	0.00356
33	0.17107	0.01229	0.01302	0.06733	0.01509	0.01378	0.00867	0.59170	0.01896	0.02729	0.01039	0.01089	0.00747	0.00543	0.00445	0.00145	0.00506	0.00399	0.00426	0.00739
34	0.00692	0.00462	0.00522	0.00525	0.00526	0.00461	0.00294	0.00694	0.00701	0.00934	0.01535	0.05158	0.01774	0.81123	0.02386	0.00457	0.00459	0.00712	0.00294	0.00292
35	0.00999	0.08476	0.64709	0.01418	0.05181	0.01166	0.07079	0.01496	0.01024	0.01494	0.02193	0.01061	0.00687	0.00455	0.00453	0.00148	0.00685	0.00372	0.00212	0.00693
36	0.01069	0.31530	0.51490	0.01156	0.01747	0.01381	0.01407	0.01475	0.01000	0.01380	0.01929	0.00959	0.00665	0.00445	0.00403	0.00134	0.00629	0.00326	0.00207	0.00669
37	0.00719	0.00498	0.00642	0.00604	0.00727	0.00455	0.00454	0.00931	0.01320	0.04730	0.69088	0.06354	0.09676	0.00998	0.00562	0.00153	0.00235	0.00878	0.00520	0.00459
38	0.01527	0.01847	0.01393	0.01240	0.01400	0.53346	0.00966	0.01643	0.01137	0.01163	0.00700	0.00926	0.00620	0.00613	0.00829	0.00153	0.29376	0.00346	0.00233	0.00543
39	0.00827	0.00734	0.01002	0.02031	0.00990	0.00905	0.00726	0.00984	0.00989	0.01425	0.28416	0.04163	0.09362	0.01194	0.08772	0.00237	0.35761	0.00656	0.00350	0.00475
40	0.07943	0.22600	0.09687	0.01015	0.01293	0.01370	0.02122	0.06330	0.05108	0.07410	0.02638	0.01182	0.00842	0.04007	0.00817	0.00168	0.24183	0.00392	0.00285	0.00608
41	0.00714	0.00506	0.00638	0.00690	0.00774	0.00490	0.00540	0.00829	0.00960	0.01231	0.02601	0.04384	0.17457	0.23293	0.01192	0.05623	0.00406	0.36908	0.00386	0.00378
42	0.01662	0.00851	0.01075	0.00803	0.01196	0.00710	0.00656	0.05163	0.01253	0.45115	0.01433	0.01348	0.00974	0.00494	0.00429	0.00116	0.00390	0.00398	0.00461	0.35472
43	0.02282	0.01820	0.42308	0.01520	0.14196	0.04519	0.05044	0.01721	0.06630	0.13747	0.01097	0.01191	0.00784	0.00484	0.00466	0.00149	0.00622	0.00404	0.00293	0.00723
44	0.01053	0.01087	0.01943	0.36880	0.15932	0.03908	0.25709	0.01378	0.01047	0.01384	0.02161	0.01280	0.00747	0.00464	0.00535	0.00157	0.03029	0.00472	0.00232	0.00605
45	0.00582	0.00426	0.00544	0.00638	0.00683	0.00392	0.00430	0.00669	0.00934	0.01224	0.02911	0.70666	0.13555	0.03106	0.00641	0.00195	0.00276	0.01298	0.00441	0.00388
46	0.02115	0.00861	0.01139	0.00873	0.01244	0.00773	0.00721	0.09256	0.01448	0.73512	0.01819	0.01583	0.01150	0.00590	0.00480	0.00147	0.00418	0.00476	0.00581	0.00813
47	0.02869	0.01007	0.08654	0.11768	0.21016	0.02182	0.06536	0.01290	0.04910	0.01515	0.07938	0.07056	0.03636	0.00761	0.00532	0.00168	0.00517	0.16732	0.00328	0.00585
48	0.00848	0.00532	0.00612	0.00581	0.00756	0.00456	0.00439	0.00980	0.01127	0.15067	0.08310	0.15528	0.50727	0.01132	0.00557	0.00163	0.00275	0.00960	0.00474	0.00475
49	0.01727	0.00808	0.00998	0.00794	0.01100	0.00763	0.00646	0.14817	0.01439	0.46543	0.05058	0.01835	0.06174	0.00637	0.00465	0.00142	0.00379	0.00515	0.14447	0.00713
50	0.01357	0.01019	0.01685	0.15100	0.48495	0.01026	0.02625	0.01626	0.01132	0.19555	0.01118	0.01301	0.00835	0.00472	0.00477	0.00146	0.00546	0.00441	0.00314	0.00732
51	0.01079	0.11644	0.66134	0.01264	0.01912	0.01171	0.01582	0.01562	0.01030	0.07053	0.00908	0.01025	0.00647	0.00459	0.00439	0.00145	0.00663	0.00351	0.00230	0.00703
52	0.01106	0.01026	0.01363	0.01161	0.01230	0.01357	0.00959	0.09842	0.05386	0.01476	0.08076	0.01331	0.01053	0.00810	0.01293	0.00194	0.61023	0.00468	0.00284	0.00562
53	0.86579	0.00924	0.00702	0.00629	0.00924	0.01072	0.00518	0.01405	0.00813	0.02144	0.00666	0.00776	0.00518	0.00444	0.00296	0.00148	0.00370	0.00259	0.00296	0.00518

[dist]
# distance from previous block
# <min> <max>
0	1

[block]
# block no. 2 follows, 53 sequences, length 26
# corresponding to MSA columns:
# 302-327
name=unknown_C
#
# <colnr> <probs for GDERKNQSTAVLIFYWHMCP>
#	G	D	E	R	K	N	Q	S	T	A	V	L	I	F	Y	W	H	M	C	P
0	0.00600	0.00486	0.00533	0.00521	0.00667	0.00418	0.00391	0.00754	0.01172	0.01488	0.28453	0.04276	0.56293	0.01137	0.00565	0.00158	0.00237	0.00963	0.00470	0.00418
1	0.00867	0.04810	0.14169	0.05076	0.01391	0.00794	0.08113	0.03646	0.01108	0.01485	0.06929	0.11890	0.04071	0.00978	0.00572	0.00184	0.00497	0.32530	0.00368	0.00522
2	0.00924	0.00872	0.01473	0.75940	0.09236	0.01068	0.01338	0.01240	0.00966	0.01247	0.00853	0.01267	0.00646	0.00474	0.00477	0.00158	0.00632	0.00425	0.00214	0.00548
3	0.00669	0.00467	0.00592	0.00610	0.00644	0.00477	0.00401	0.00744	0.00814	0.01115	0.09075	0.17879	0.02148	0.42730	0.19117	0.00450	0.00584	0.00796	0.00334	0.00353
4	0.00585	0.00478	0.00516	0.00521	0.00661	0.00410	0.00385	0.00719	0.01116	0.01387	0.16972	0.11821	0.60369	0.01199	0.00569	0.00163	0.00243	0.01018	0.00457	0.00410
5	0.01095	0.01193	0.02283	0.01714	0.02006	0.01310	0.47815	0.01380	0.00971	0.01380	0.00832	0.01193	0.00686	0.00575	0.00962	0.00180	0.33093	0.00506	0.00229	0.00596
6	0.00695	0.00504	0.00630	0.00625	0.00716	0.00484	0.00453	0.00905	0.04489	0.01592	0.44231	0.11804	0.06710	0.17062	0.00937	0.00222	0.00301	0.06758	0.00460	0.00423
7	0.01817	0.01339	0.01434	0.01100	0.01482	0.01482	0.00908	0.78627	0.02247	0.03012	0.01148	0.01148	0.00813	0.00574	0.00478	0.00143	0.00526	0.00430	0.00478	0.00813
8	0.01243	0.09059	0.00894	0.00656	0.00863	0.08327	0.00527	0.06829	0.01168	0.12058	0.01406	0.01528	0.01072	0.00542	0.00370	0.00119	0.00357	0.00417	0.52019	0.00547
9	0.00604	0.00439	0.00573	0.00667	0.00719	0.00409	0.00469	0.00710	0.00969	0.01278	0.06144	0.64331	0.10433	0.01430	0.00609	0.00192	0.00288	0.08892	0.00447	0.00398
10	0.68781	0.00958	0.00798	0.00690	0.00997	0.04134	0.00565	0.01583	0.00930	0.15566	0.00878	0.00926	0.00636	0.00471	0.00333	0.00147	0.00395	0.00299	0.00345	0.00570
11	0.02088	0.00835	0.01116	0.00858	0.01222	0.00741	0.00708	0.06681	0.01418	0.74087	0.03835	0.01649	0.01247	0.00600	0.00483	0.00148	0.00409	0.00488	0.00583	0.00804
12	0.01601	0.19408	0.04196	0.08675	0.01602	0.01482	0.00945	0.48021	0.01760	0.06256	0.01041	0.01095	0.00764	0.00525	0.00440	0.00136	0.00533	0.00391	0.00390	0.00739
13	0.01155	0.05201	0.10475	0.00871	0.01261	0.00891	0.00787	0.10973	0.03511	0.07178	0.06269	0.04050	0.01117	0.00532	0.00464	0.00116	0.03496	0.01447	0.00342	0.39868
14	0.01547	0.15919	0.04637	0.01059	0.01389	0.12876	0.00905	0.34171	0.07532	0.04639	0.01086	0.03760	0.00865	0.00585	0.00529	0.00142	0.06876	0.00418	0.00368	0.00696
15	0.01740	0.01294	0.01392	0.01101	0.01415	0.06982	0.00904	0.51950	0.01846	0.12408	0.01134	0.01173	0.00818	0.00610	0.00639	0.00152	0.12829	0.00426	0.00436	0.00751
16	0.01045	0.00921	0.04061	0.00969	0.09072	0.00728	0.00710	0.05259	0.01110	0.03770	0.08403	0.02964	0.01136	0.00465	0.00405	0.00097	0.00385	0.00390	0.00320	0.57792
17	0.01817	0.01339	0.01434	0.01100	0.01482	0.01482	0.00908	0.78627	0.02247	0.03012	0.01148	0.01148	0.00813	0.00574	0.00478	0.00143	0.00526	0.00430	0.00478	0.00813
18	0.01071	0.00919	0.01585	0.47745	0.17624	0.01022	0.08534	0.01366	0.01032	0.08372	0.01058	0.05682	0.00853	0.00526	0.00492	0.00157	0.00600	0.00493	0.00266	0.00602
19	0.00792	0.00663	0.01056	0.19314	0.01546	0.00720	0.07152	0.01006	0.00980	0.01300	0.03783	0.14995	0.03203	0.06084	0.08585	0.00262	0.03239	0.24516	0.00341	0.00462
20	0.00654	0.00501	0.00699	0.00740	0.00803	0.00500	0.03133	0.00765	0.00920	0.01224	0.02472	0.51120	0.08624	0.07683	0.06453	0.00254	0.03907	0.08743	0.00402	0.00404
21	0.00954	0.00902	0.01540	0.69111	0.07750	0.01078	0.06117	0.03203	0.01009	0.01309	0.00892	0.01328	0.00686	0.00485	0.00486	0.00159	0.00638	0.01570	0.00226	0.00557
22	0.01607	0.00967	0.01115	0.00929	0.01245	0.01021	0.00743	0.10099	0.40718	0.31693	0.01835	0.01660	0.01286	0.00618	0.00480	0.00154	0.00401	0.00505	0.02145	0.00778
23	0.01183	0.01136	0.01940	0.02934	0.80221	0.01136	0.01467	0.01467	0.01088	0.01562	0.00899	0.01183	0.00757	0.00426	0.00473	0.00142	0.00568	0.00426	0.00237	0.00757
24	0.02060	0.00831	0.01137	0.00882	0.01223	0.00761	0.00729	0.02238	0.01319	0.74416	0.01788	0.01582	0.01140	0.00611	0.00565	0.00153	0.06737	0.00476	0.00562	0.00791
25	0.01707	0.00859	0.04595	0.08566	0.01442	0.00738	0.04660	0.01924	0.01260	0.54377	0.05967	0.08911	0.01439	0.00667	0.00499	0.00154	0.00440	0.00573	0.00505	0.00716

[dist]
# distance from previous block
# <min> <max>
0	7

[block]
# block no. 3 follows, 53 sequences, length 7
# corresponding to MSA columns:
# 335-341
name=unknown_D
#
# <colnr> <probs for GDERKNQSTAVLIFYWHMCP>
#	G	D	E	R	K	N	Q	S	T	A	V	L	I	F	Y	W	H	M	C	P
0	0.49406	0.00904	0.00899	0.00740	0.01069	0.00951	0.00610	0.05906	0.01105	0.32486	0.01163	0.01125	0.00791	0.00508	0.00377	0.00148	0.00392	0.00354	0.00420	0.00648
1	0.01047	0.24787	0.59182	0.01212	0.01837	0.01325	0.01505	0.01491	0.00999	0.01406	0.00805	0.00942	0.00608	0.00442	0.00413	0.00138	0.00653	0.00326	0.00203	0.00681
2	0.03659	0.06035	0.48655	0.01510	0.13714	0.01114	0.04454	0.01617	0.03216	0.10144	0.00995	0.01116	0.00717	0.00466	0.00453	0.00148	0.00628	0.00384	0.00262	0.00714
3	0.01710	0.00952	0.06091	0.00891	0.01219	0.00836	0.00759	0.15694	0.04660	0.43718	0.06170	0.04732	0.01330	0.00734	0.00611	0.07733	0.00431	0.00516	0.00499	0.00713
4	0.00696	0.00530	0.00646	0.00619	0.00748	0.00504	0.00463	0.00994	0.08161	0.01770	0.55062	0.09081	0.16878	0.01024	0.00560	0.00156	0.00245	0.00894	0.00503	0.00466
5	0.00744	0.00555	0.00780	0.15472	0.01237	0.00581	0.00654	0.00960	0.05737	0.03998	0.02236	0.55075	0.02504	0.01218	0.00578	0.00186	0.00364	0.06260	0.00409	0.00455
6	0.01197	0.06450	0.13379	0.31861	0.09881	0.04166	0.04653	0.09943	0.01169	0.07256	0.00980	0.01267	0.00747	0.00508	0.00501	0.00152	0.03025	0.01948	0.00276	0.00640

[dist]
# distance from previous block
# <min> <max>
0	1

[block]
# block no. 4 follows, 53 sequences, length 62
# corresponding to MSA columns:
# 343-404
name=unknown_E
#
# <colnr> <probs for GDERKNQSTAVLIFYWHMCP>
#	G	D	E	R	K	N	Q	S	T	A	V	L	I	F	Y	W	H	M	C	P
0	0.01268	0.01609	0.37668	0.01095	0.01560	0.05719	0.03118	0.01611	0.01130	0.22982	0.03015	0.10898	0.04896	0.00659	0.00488	0.00154	0.00556	0.00548	0.00357	0.00669
1	0.10620	0.00503	0.00551	0.00579	0.00631	0.00506	0.00371	0.00767	0.00804	0.01185	0.01971	0.28941	0.06626	0.42181	0.01482	0.00321	0.00379	0.00879	0.00350	0.00355
2	0.01014	0.06316	0.01093	0.00720	0.01141	0.00730	0.00587	0.01244	0.02463	0.01537	0.00858	0.00991	0.00716	0.00363	0.00353	0.00075	0.00365	0.00286	0.00282	0.78866
3	0.02573	0.06200	0.53378	0.01187	0.01734	0.04524	0.01393	0.08962	0.01131	0.01594	0.01184	0.06600	0.04766	0.00594	0.00486	0.01701	0.00623	0.00452	0.00261	0.00657
4	0.02128	0.00840	0.01125	0.00863	0.01233	0.00741	0.00713	0.06141	0.01412	0.76678	0.01849	0.01603	0.01165	0.00591	0.00481	0.00148	0.00413	0.00478	0.00586	0.00813
5	0.01165	0.01001	0.01060	0.00955	0.01218	0.01154	0.00742	0.02462	0.75665	0.01995	0.05639	0.01868	0.01603	0.00664	0.00490	0.00162	0.00371	0.00556	0.00488	0.00742
6	0.00587	0.00485	0.00514	0.00507	0.00659	0.00413	0.00380	0.00728	0.01141	0.01413	0.19415	0.04400	0.65378	0.01165	0.00565	0.00159	0.00239	0.00981	0.00460	0.00413
7	0.00715	0.00508	0.00684	0.00757	0.00841	0.00497	0.00608	0.00889	0.01066	0.01420	0.15505	0.17355	0.02997	0.10795	0.00842	0.00232	0.00380	0.43055	0.00438	0.00416
8	0.01008	0.00957	0.01624	0.52331	0.32191	0.01090	0.01380	0.01313	0.01006	0.01349	0.00868	0.01240	0.00682	0.00458	0.00476	0.00153	0.00611	0.00425	0.00221	0.00616
9	0.00993	0.00841	0.00980	0.00718	0.01116	0.00661	0.00572	0.02713	0.03834	0.01625	0.06125	0.01193	0.00988	0.00410	0.00375	0.00081	0.00350	0.00334	0.00310	0.75784
10	0.15496	0.00854	0.01059	0.00826	0.01185	0.00795	0.00682	0.05482	0.01318	0.64788	0.01661	0.01471	0.01062	0.00567	0.00451	0.00148	0.00406	0.00443	0.00540	0.00767
11	0.01150	0.09000	0.01163	0.00971	0.08402	0.00898	0.00702	0.05959	0.14864	0.10758	0.20328	0.03541	0.04850	0.00664	0.00468	0.00135	0.00371	0.00559	0.01835	0.13383
12	0.00704	0.00511	0.00686	0.00769	0.00869	0.00494	0.00632	0.00889	0.01094	0.01434	0.11767	0.19538	0.10684	0.01303	0.00630	0.00201	0.00365	0.46549	0.00451	0.00428
13	0.00710	0.00561	0.00614	0.00582	0.00731	0.00527	0.00431	0.04756	0.06342	0.01537	0.22324	0.04895	0.43297	0.09684	0.00751	0.00190	0.00285	0.00886	0.00452	0.00447
14	0.86579	0.00924	0.00702	0.00629	0.00924	0.01072	0.00518	0.01405	0.00813	0.02144	0.00666	0.00776	0.00518	0.00444	0.00296	0.00148	0.00370	0.00259	0.00296	0.00518
15	0.01054	0.00897	0.00966	0.00881	0.01116	0.01014	0.00682	0.02119	0.60401	0.01871	0.08883	0.02221	0.09486	0.00901	0.05147	0.00196	0.00404	0.00613	0.00472	0.00676
16	0.00964	0.02390	0.76170	0.01356	0.02022	0.01130	0.01725	0.01493	0.00993	0.01493	0.00845	0.01011	0.00607	0.00476	0.00518	0.00155	0.05399	0.00357	0.00202	0.00696
17	0.01278	0.83490	0.02505	0.00818	0.01227	0.01891	0.00818	0.01431	0.00971	0.01125	0.00664	0.00767	0.00613	0.00409	0.00307	0.00102	0.00511	0.00256	0.00204	0.00613
18	0.00933	0.00885	0.01466	0.69504	0.07513	0.01106	0.01308	0.01228	0.00941	0.01234	0.00830	0.01246	0.00643	0.00510	0.00586	0.00163	0.08723	0.00424	0.00213	0.00543
19	0.00605	0.00464	0.00522	0.00546	0.00637	0.00416	0.00375	0.00701	0.00988	0.01252	0.09997	0.23162	0.38832	0.18199	0.00962	0.00231	0.00295	0.01016	0.00419	0.00380
20	0.00612	0.00436	0.00579	0.00666	0.00700	0.00423	0.00453	0.00699	0.00882	0.01183	0.02366	0.62885	0.02787	0.11182	0.08815	0.00283	0.00404	0.03857	0.00407	0.00382
21	0.01757	0.02224	0.01382	0.01312	0.05205	0.77489	0.00949	0.01888	0.01342	0.01188	0.00746	0.00877	0.00622	0.00489	0.00433	0.00124	0.00848	0.00313	0.00246	0.00564
22	0.00916	0.00834	0.01324	0.30541	0.06254	0.00889	0.07861	0.01193	0.01913	0.01402	0.08342	0.01690	0.01195	0.00860	0.08535	0.00206	0.04474	0.04287	0.00278	0.17007
23	0.00750	0.00428	0.00585	0.00603	0.00615	0.00420	0.00392	0.00647	0.00708	0.00936	0.01453	0.15386	0.05146	0.17949	0.01712	0.50684	0.00394	0.00655	0.00274	0.00263
24	0.01977	0.00798	0.01058	0.00822	0.01172	0.00698	0.00676	0.04635	0.01369	0.70194	0.02155	0.01906	0.08979	0.00652	0.00489	0.00149	0.00394	0.00531	0.00573	0.00773
25	0.00999	0.01082	0.08896	0.07515	0.01677	0.01039	0.20330	0.05013	0.09440	0.01475	0.01356	0.01929	0.03894	0.06290	0.08799	0.00251	0.11925	0.07218	0.00298	0.00574
26	0.00806	0.00671	0.01034	0.00983	0.05508	0.00699	0.11027	0.00922	0.00845	0.01157	0.02648	0.11728	0.01688	0.39739	0.05372	0.00343	0.08133	0.05978	0.00302	0.00416
27	0.01473	0.00717	0.00920	0.00771	0.01027	0.00662	0.00610	0.06655	0.04692	0.40404	0.19551	0.11429	0.07350	0.00822	0.00519	0.00155	0.00347	0.00700	0.00539	0.00655
28	0.01157	0.01081	0.01766	0.06595	0.65136	0.01108	0.01341	0.01546	0.08829	0.01597	0.01028	0.01273	0.00841	0.00456	0.00469	0.00144	0.00538	0.00438	0.03927	0.00732
29	0.01208	0.01110	0.01579	0.06206	0.50407	0.09428	0.01183	0.01434	0.01088	0.06655	0.01152	0.09387	0.01059	0.05311	0.00596	0.00165	0.00557	0.00525	0.00283	0.00665
30	0.00797	0.00562	0.00757	0.00753	0.00839	0.00622	0.00565	0.01042	0.12467	0.01190	0.01422	0.04979	0.01361	0.07289	0.36476	0.21322	0.00790	0.06052	0.00301	0.00414
31	0.26544	0.02350	0.00987	0.00765	0.01105	0.04590	0.00618	0.14255	0.01201	0.01986	0.08672	0.01199	0.01040	0.00486	0.00381	0.00117	0.00401	0.00359	0.00341	0.32602
32	0.00949	0.00631	0.00672	0.00638	0.00710	0.05163	0.00419	0.02896	0.00878	0.10064	0.01596	0.06307	0.01699	0.59428	0.01881	0.00376	0.00472	0.04491	0.00340	0.00389
33	0.00827	0.00495	0.00647	0.00661	0.00766	0.00450	0.00474	0.00959	0.01091	0.12637	0.20802	0.45661	0.08731	0.02701	0.00610	0.00180	0.00284	0.01081	0.00481	0.00463
34	0.00991	0.00850	0.00991	0.00708	0.01133	0.00637	0.00566	0.01203	0.00991	0.01557	0.00850	0.00991	0.00708	0.00354	0.00354	0.00071	0.00354	0.00283	0.00283	0.86124
35	0.00625	0.00466	0.00585	0.00657	0.00722	0.00442	0.00453	0.00799	0.05487	0.01342	0.10497	0.61720	0.11693	0.01365	0.00593	0.00184	0.00274	0.01224	0.00454	0.00417
36	0.00644	0.00498	0.00567	0.00552	0.00677	0.00444	0.00402	0.00780	0.01082	0.01407	0.24193	0.03930	0.38205	0.16046	0.01844	0.00220	0.00303	0.04321	0.00430	0.03454
37	0.53684	0.14495	0.08938	0.00741	0.01083	0.01150	0.00689	0.01440	0.00888	0.07029	0.00813	0.00989	0.00656	0.05206	0.00448	0.00159	0.00434	0.00307	0.00291	0.00558
38	0.33703	0.36713	0.01598	0.00800	0.01149	0.05834	0.00715	0.08164	0.04793	0.01719	0.00772	0.00857	0.00635	0.00452	0.00333	0.00127	0.00472	0.00288	0.00278	0.00598
39	0.86579	0.00924	0.00702	0.00629	0.00924	0.01072	0.00518	0.01405	0.00813	0.02144	0.00666	0.00776	0.00518	0.00444	0.00296	0.00148	0.00370	0.00259	0.00296	0.00518
40	0.01610	0.05386	0.04827	0.01240	0.09868	0.04305	0.00943	0.41375	0.08593	0.11254	0.01290	0.04941	0.00986	0.00592	0.00473	0.00145	0.00512	0.00471	0.00430	0.00758
41	0.01296	0.01179	0.01114	0.00997	0.01259	0.11884	0.00771	0.09071	0.55918	0.02906	0.01758	0.06964	0.01398	0.00676	0.00486	0.00157	0.00450	0.00553	0.00452	0.00711
42	0.01135	0.01097	0.01903	0.15580	0.63989	0.01127	0.05301	0.01431	0.01069	0.01505	0.00895	0.01203	0.00736	0.00433	0.00478	0.00146	0.00591	0.00433	0.00233	0.00715
43	0.00644	0.00526	0.00622	0.00624	0.00726	0.00516	0.00466	0.00764	0.01023	0.01311	0.11555	0.18633	0.40844	0.07237	0.00808	0.00196	0.07899	0.04778	0.00419	0.00410
44	0.01128	0.01289	0.02820	0.02015	0.02498	0.01209	0.78485	0.01531	0.01128	0.01531	0.00967	0.01289	0.00725	0.00403	0.00564	0.00161	0.00806	0.00564	0.00242	0.00645
45	0.00991	0.00850	0.00991	0.00708	0.01133	0.00637	0.00566	0.01203	0.00991	0.01557	0.00850	0.00991	0.00708	0.00354	0.00354	0.00071	0.00354	0.00283	0.00283	0.86124
46	0.00748	0.00547	0.00687	0.00640	0.00773	0.00527	0.00484	0.01082	0.09074	0.03123	0.69718	0.03382	0.05486	0.00943	0.00555	0.00152	0.00244	0.00829	0.00522	0.00486
47	0.00772	0.00540	0.00743	0.00726	0.00803	0.00607	0.00544	0.04505	0.00830	0.01188	0.01298	0.04811	0.01259	0.12716	0.49029	0.10533	0.02956	0.00544	0.05191	0.00405
48	0.00676	0.00489	0.00639	0.00601	0.00714	0.00451	0.00451	0.00902	0.01353	0.01917	0.79969	0.03570	0.04510	0.00977	0.00564	0.00150	0.00225	0.00864	0.00526	0.00451
49	0.00852	0.08262	0.00918	0.10107	0.01095	0.00675	0.00600	0.02498	0.01152	0.06905	0.31414	0.21060	0.08224	0.03390	0.00588	0.00167	0.00338	0.00840	0.00432	0.00485
50	0.01278	0.83490	0.02505	0.00818	0.01227	0.01891	0.00818	0.01431	0.00971	0.01125	0.00664	0.00767	0.00613	0.00409	0.00307	0.00102	0.00511	0.00256	0.00204	0.00613
51	0.00722	0.00499	0.00654	0.00609	0.00730	0.00459	0.00459	0.00947	0.01353	0.04378	0.77525	0.03509	0.04406	0.00965	0.00561	0.00150	0.00231	0.00852	0.00528	0.00462
52	0.02144	0.00813	0.01109	0.00850	0.01220	0.00702	0.00702	0.02329	0.01368	0.80552	0.01886	0.01627	0.01183	0.00592	0.00481	0.00148	0.00407	0.00481	0.00592	0.00813
53	0.06010	0.09055	0.01324	0.00916	0.01267	0.00920	0.05843	0.09217	0.01348	0.48901	0.05515	0.05009	0.01280	0.00610	0.00469	0.00146	0.00438	0.00505	0.00495	0.00731
54	0.04519	0.00826	0.01104	0.00849	0.01216	0.00727	0.00701	0.03663	0.01368	0.76960	0.01838	0.01594	0.01158	0.00587	0.00475	0.00148	0.00408	0.00474	0.00581	0.00805
55	0.00614	0.00482	0.00545	0.00536	0.00665	0.00424	0.00394	0.00764	0.01155	0.01494	0.31839	0.07346	0.44959	0.05851	0.00674	0.00176	0.00250	0.00953	0.00465	0.00414
56	0.00820	0.00608	0.00816	0.04802	0.00999	0.00600	0.03884	0.01130	0.09508	0.05635	0.30711	0.13496	0.11993	0.06428	0.00684	0.00185	0.00337	0.06419	0.00455	0.00489
57	0.01904	0.01209	0.01289	0.01028	0.01374	0.16045	0.04674	0.13885	0.07354	0.43902	0.01516	0.01405	0.01018	0.00565	0.00476	0.00144	0.00528	0.00449	0.00484	0.00752
58	0.01768	0.00927	0.01117	0.00883	0.01212	0.00910	0.00719	0.27316	0.01610	0.41260	0.04131	0.05958	0.08579	0.00700	0.00497	0.00150	0.00419	0.00569	0.00531	0.00743
59	0.00615	0.00443	0.00585	0.00659	0.00716	0.00413	0.00464	0.00740	0.01031	0.01392	0.19915	0.57325	0.06175	0.01360	0.00601	0.00185	0.00275	0.06237	0.00462	0.00406
60	0.01106	0.01144	0.05261	0.18419	0.51373	0.01142	0.07645	0.01409	0.01044	0.01469	0.00879	0.01195	0.00718	0.00456	0.00535	0.00151	0.04701	0.00433	0.00229	0.00689
61	0.01225	0.61201	0.12046	0.01102	0.09155	0.01685	0.00996	0.01500	0.04904	0.01260	0.00776	0.00889	0.00669	0.00428	0.00350	0.00115	0.00534	0.00299	0.00221	0.00646

[dist]
# distance from previous block
# <min> <max>
0	2

[block]
# block no. 5 follows, 53 sequences, length 31
# corresponding to MSA columns:
# 407-437
name=unknown_F
#
# <colnr> <probs for GDERKNQSTAVLIFYWHMCP>
#	G	D	E	R	K	N	Q	S	T	A	V	L	I	F	Y	W	H	M	C	P
0	0.55280	0.01215	0.17333	0.00797	0.01179	0.01009	0.00786	0.01376	0.00870	0.01896	0.00758	0.00907	0.00593	0.00609	0.04778	0.00175	0.00488	0.00295	0.00273	0.09383
1	0.05165	0.10280	0.11492	0.00948	0.01291	0.01158	0.00855	0.18819	0.22018	0.07515	0.01618	0.08078	0.05249	0.02762	0.00515	0.00159	0.00457	0.00537	0.00405	0.00680
2	0.01680	0.01208	0.01327	0.01054	0.01395	0.01342	0.00861	0.51500	0.18875	0.10216	0.01371	0.01328	0.00982	0.00603	0.00525	0.00151	0.03855	0.00459	0.00480	0.00789
3	0.01174	0.00691	0.00931	0.00952	0.04812	0.00671	0.00753	0.07540	0.01254	0.20069	0.05469	0.08118	0.04917	0.01039	0.00585	0.00187	0.00421	0.39377	0.00473	0.00569
4	0.86579	0.00924	0.00702	0.00629	0.00924	0.01072	0.00518	0.01405	0.00813	0.02144	0.00666	0.00776	0.00518	0.00444	0.00296	0.00148	0.00370	0.00259	0.00296	0.00518
5	0.01157	0.01168	0.02097	0.09055	0.54457	0.02468	0.19559	0.01469	0.01091	0.01521	0.00908	0.01210	0.00738	0.00426	0.00494	0.00148	0.00634	0.00456	0.00236	0.00709
6	0.01034	0.00835	0.00918	0.00833	0.01056	0.00917	0.00643	0.01955	0.50230	0.04310	0.22806	0.02472	0.08406	0.00778	0.00513	0.00159	0.00328	0.00661	0.00497	0.00650
7	0.00679	0.00499	0.00715	0.00721	0.00788	0.00563	0.00537	0.00816	0.00764	0.01085	0.01394	0.06594	0.01396	0.16940	0.63476	0.00685	0.01086	0.00590	0.00272	0.00401
8	0.00981	0.02013	0.60389	0.01225	0.01796	0.01015	0.01481	0.01499	0.05004	0.05068	0.01027	0.01214	0.00769	0.00965	0.13233	0.00249	0.00767	0.00394	0.00243	0.00670
9	0.00585	0.00417	0.00554	0.00662	0.00689	0.00390	0.00440	0.00666	0.00909	0.01212	0.02605	0.80804	0.03124	0.03635	0.00658	0.00201	0.00282	0.01341	0.00440	0.00386
10	0.64435	0.00895	0.00809	0.00687	0.01002	0.00975	0.00566	0.01647	0.00959	0.22707	0.00986	0.00999	0.00692	0.00482	0.00344	0.00148	0.00379	0.00317	0.00373	0.00595
11	0.86579	0.00924	0.00702	0.00629	0.00924	0.01072	0.00518	0.01405	0.00813	0.02144	0.00666	0.00776	0.00518	0.00444	0.00296	0.00148	0.00370	0.00259	0.00296	0.00518
12	0.01030	0.07607	0.01191	0.00896	0.07503	0.00779	0.00659	0.01243	0.00997	0.01523	0.00838	0.00988	0.00704	0.00364	0.00360	0.00079	0.00384	0.00292	0.00273	0.72288
13	0.01132	0.36170	0.33671	0.01402	0.14381	0.01443	0.02827	0.01472	0.01008	0.01359	0.00786	0.00941	0.00636	0.00430	0.00398	0.00129	0.00604	0.00328	0.00209	0.00674
