[name]
unknown

[dist]
# distance from previous block
# <min> <max>
0	50

[block]
# block no. 0 follows, 49 sequences, length 28
# corresponding to MSA columns:
# 255-282
name=unknown_A
#
# <colnr> <probs for GDERKNQSTAVLIFYWHMCP>
#	G	D	E	R	K	N	Q	S	T	A	V	L	I	F	Y	W	H	M	C	P
0	0.03471	0.03355	0.01402	0.01104	0.01460	0.04126	0.00908	0.51496	0.14360	0.04229	0.01448	0.01674	0.01128	0.00675	0.00513	0.00160	0.00530	0.06678	0.00486	0.00797
1	0.08098	0.02531	0.01248	0.07464	0.01426	0.03849	0.11997	0.03087	0.08488	0.08854	0.25459	0.03963	0.09885	0.00779	0.00538	0.00162	0.00451	0.00688	0.00438	0.00595
2	0.05378	0.03557	0.02800	0.01421	0.16155	0.12302	0.00976	0.25316	0.05771	0.07934	0.02845	0.01554	0.07187	0.00610	0.00488	0.00148	0.00555	0.00483	0.00400	0.04121
3	0.07101	0.08509	0.40852	0.04426	0.01859	0.01181	0.05667	0.05588	0.04483	0.07494	0.07161	0.01362	0.01064	0.00543	0.00478	0.00156	0.00620	0.00439	0.00309	0.00709
4	0.20175	0.04935	0.34308	0.13759	0.05472	0.04761	0.01329	0.01598	0.01057	0.06893	0.00922	0.01091	0.00674	0.00490	0.00442	0.00157	0.00627	0.00369	0.00269	0.00672
5	0.01279	0.07430	0.02113	0.02729	0.62058	0.04850	0.06352	0.01563	0.01145	0.01581	0.00919	0.01205	0.00776	0.00466	0.00531	0.00150	0.03402	0.00440	0.00248	0.00764
6	0.00668	0.00463	0.00575	0.00639	0.00659	0.00445	0.00402	0.00724	0.00884	0.01182	0.04294	0.47460	0.02761	0.34802	0.01439	0.00322	0.00373	0.01134	0.00405	0.00369
7	0.00992	0.00937	0.01584	0.71290	0.12916	0.01133	0.01423	0.01324	0.01029	0.01337	0.00905	0.01336	0.00690	0.00499	0.00505	0.00166	0.00665	0.00450	0.00228	0.00592
8	0.00735	0.00490	0.00552	0.00552	0.00552	0.00490	0.00306	0.00735	0.00735	0.00980	0.01593	0.03309	0.01838	0.82229	0.02574	0.00490	0.00490	0.00735	0.00306	0.00306
9	0.00943	0.00471	0.00471	0.00471	0.00589	0.00471	0.00353	0.01178	0.01060	0.01885	0.01650	0.01885	0.01296	0.00589	0.00353	0.00118	0.00236	0.00471	0.85036	0.00471
10	0.00602	0.00512	0.00518	0.00516	0.00685	0.00429	0.00387	0.00733	0.01162	0.01388	0.07620	0.04830	0.76358	0.01272	0.00598	0.00170	0.00256	0.01062	0.00473	0.00429
11	0.01352	0.82533	0.02650	0.00865	0.01298	0.02001	0.00865	0.01514	0.01027	0.01190	0.00703	0.00811	0.00649	0.00433	0.00324	0.00108	0.00541	0.00270	0.00216	0.00649
12	0.00955	0.00899	0.01517	0.81013	0.03483	0.01123	0.01404	0.01292	0.01011	0.01292	0.00899	0.01348	0.00674	0.00506	0.00506	0.00169	0.00674	0.00449	0.00225	0.00562
13	0.85801	0.00978	0.00743	0.00665	0.00978	0.01134	0.00548	0.01486	0.00861	0.02269	0.00704	0.00821	0.00548	0.00469	0.00313	0.00156	0.00391	0.00274	0.00313	0.00548
14	0.85801	0.00978	0.00743	0.00665	0.00978	0.01134	0.00548	0.01486	0.00861	0.02269	0.00704	0.00821	0.00548	0.00469	0.00313	0.00156	0.00391	0.00274	0.00313	0.00548
15	0.01258	0.01086	0.01143	0.01029	0.01315	0.01258	0.00800	0.02687	0.78161	0.02115	0.02058	0.01887	0.01544	0.00686	0.00515	0.00172	0.00400	0.00572	0.00515	0.00800
16	0.00735	0.00490	0.00552	0.00552	0.00552	0.00490	0.00306	0.00735	0.00735	0.00980	0.01593	0.03309	0.01838	0.82229	0.02574	0.00490	0.00490	0.00735	0.00306	0.00306
17	0.01258	0.01086	0.01143	0.01029	0.01315	0.01258	0.00800	0.02687	0.78161	0.02115	0.02058	0.01887	0.01544	0.00686	0.00515	0.00172	0.00400	0.00572	0.00515	0.00800
18	0.01352	0.82533	0.02650	0.00865	0.01298	0.02001	0.00865	0.01514	0.01027	0.01190	0.00703	0.00811	0.00649	0.00433	0.00324	0.00108	0.00541	0.00270	0.00216	0.00649
19	0.00681	0.00516	0.00627	0.00599	0.00734	0.00462	0.00449	0.00886	0.01348	0.01831	0.56855	0.04102	0.26847	0.01107	0.00597	0.00163	0.00244	0.00960	0.00531	0.00462
20	0.00722	0.00542	0.00813	0.00813	0.00903	0.00632	0.00632	0.00903	0.00813	0.01174	0.01354	0.01987	0.01264	0.03792	0.80225	0.00813	0.01354	0.00542	0.00271	0.00451
21	0.02269	0.00861	0.01174	0.00900	0.01291	0.00743	0.00743	0.02464	0.01447	0.79425	0.01995	0.01721	0.01252	0.00626	0.00509	0.00156	0.00430	0.00509	0.00626	0.00861
22	0.01050	0.07886	0.68895	0.01453	0.02162	0.01237	0.07261	0.01597	0.01074	0.01575	0.00902	0.01072	0.00650	0.00473	0.00478	0.00157	0.00741	0.00383	0.00217	0.00736
23	0.00649	0.00514	0.00584	0.00566	0.00715	0.00449	0.00425	0.00826	0.01274	0.01655	0.37342	0.04390	0.46469	0.01173	0.00597	0.00166	0.00248	0.01000	0.00508	0.00449
24	0.01049	0.00899	0.01049	0.00749	0.01198	0.00674	0.00599	0.01273	0.01049	0.01648	0.00899	0.01049	0.00749	0.00374	0.00374	0.00075	0.00374	0.00300	0.00300	0.85320
25	0.75629	0.03937	0.00877	0.00715	0.01040	0.01202	0.00594	0.07954	0.00996	0.02308	0.00748	0.00855	0.00578	0.00480	0.00330	0.00154	0.00411	0.00289	0.00326	0.00578
26	0.08039	0.01329	0.10960	0.18459	0.14104	0.03820	0.16911	0.01510	0.01058	0.04641	0.00920	0.01223	0.00719	0.00541	0.00687	0.00171	0.13540	0.00454	0.00258	0.00655
27	0.04755	0.01121	0.01237	0.06965	0.03253	0.04126	0.00814	0.26963	0.05775	0.02170	0.01148	0.03926	0.00921	0.00539	0.00448	0.00126	0.00479	0.00426	0.03293	0.31517

[dist]
# distance from previous block
# <min> <max>
0	8

[block]
# block no. 1 follows, 49 sequences, length 120
# corresponding to MSA columns:
# 291-326,337-420
name=unknown_B
#
# <colnr> <probs for GDERKNQSTAVLIFYWHMCP>
#	G	D	E	R	K	N	Q	S	T	A	V	L	I	F	Y	W	H	M	C	P
0	0.08975	0.31957	0.26189	0.02946	0.01628	0.04145	0.01165	0.07319	0.06501	0.03510	0.00937	0.01035	0.00730	0.00491	0.00412	0.00140	0.00596	0.00349	0.00278	0.00698
1	0.57713	0.00813	0.00687	0.00635	0.00855	0.00920	0.00487	0.01269	0.00839	0.01905	0.00949	0.01394	0.00859	0.14538	0.02582	0.05892	0.00421	0.00383	0.06381	0.00477
2	0.00963	0.00876	0.01456	0.46866	0.10402	0.01028	0.04931	0.01261	0.01034	0.01413	0.06393	0.01592	0.01071	0.00897	0.08831	0.00233	0.04725	0.00499	0.04960	0.00569
3	0.00916	0.00584	0.00751	0.00683	0.00837	0.00548	0.00517	0.01204	0.05437	0.10506	0.63682	0.03436	0.04114	0.03759	0.00650	0.00171	0.00277	0.00846	0.00553	0.00530
4	0.00716	0.00575	0.03231	0.00817	0.00913	0.00510	0.00659	0.00887	0.01075	0.01422	0.05348	0.42537	0.04947	0.01443	0.00660	0.00213	0.00378	0.32759	0.00463	0.00447
5	0.01252	0.01201	0.02053	0.03104	0.79074	0.01201	0.01552	0.01552	0.01151	0.01652	0.00951	0.01252	0.00801	0.00451	0.00501	0.00150	0.00601	0.00451	0.00250	0.00801
6	0.00616	0.00440	0.00587	0.00704	0.00733	0.00411	0.00469	0.00704	0.00968	0.01291	0.02787	0.81899	0.03344	0.01584	0.00645	0.00205	0.00293	0.01438	0.00469	0.00411
7	0.00616	0.00440	0.00587	0.00704	0.00733	0.00411	0.00469	0.00704	0.00968	0.01291	0.02787	0.81899	0.03344	0.01584	0.00645	0.00205	0.00293	0.01438	0.00469	0.00411
8	0.01922	0.01416	0.01518	0.01163	0.01568	0.01568	0.00961	0.77388	0.02378	0.03187	0.01214	0.01214	0.00860	0.00607	0.00506	0.00152	0.00556	0.00455	0.00506	0.00860
9	0.00752	0.00773	0.10296	0.00734	0.00930	0.00562	0.00647	0.01033	0.01387	0.01976	0.69313	0.03447	0.04268	0.00966	0.00582	0.00159	0.00301	0.00849	0.00515	0.00510
10	0.01352	0.82533	0.02650	0.00865	0.01298	0.02001	0.00865	0.01514	0.01027	0.01190	0.00703	0.00811	0.00649	0.00433	0.00324	0.00108	0.00541	0.00270	0.00216	0.00649
11	0.06929	0.00904	0.01027	0.00743	0.01183	0.00706	0.00596	0.01288	0.01036	0.01691	0.00885	0.01033	0.00735	0.00381	0.00370	0.00081	0.00376	0.00298	0.00301	0.79438
12	0.09378	0.01167	0.01324	0.01162	0.06756	0.01251	0.00876	0.43678	0.04459	0.13982	0.01457	0.09680	0.01167	0.00691	0.00503	0.00159	0.00493	0.00553	0.00485	0.00779
13	0.01889	0.02410	0.01433	0.01303	0.01563	0.80199	0.00977	0.02019	0.01433	0.01238	0.00782	0.00912	0.00651	0.00521	0.00456	0.00130	0.00912	0.00326	0.00261	0.00586
14	0.00722	0.00542	0.00813	0.00813	0.00903	0.00632	0.00632	0.00903	0.00813	0.01174	0.01354	0.01987	0.01264	0.03792	0.80225	0.00813	0.01354	0.00542	0.00271	0.00451
15	0.01346	0.64177	0.12285	0.01031	0.03936	0.01841	0.01021	0.06791	0.01130	0.01395	0.00772	0.00886	0.00667	0.00451	0.00362	0.00119	0.00570	0.00302	0.00237	0.00681
16	0.01421	0.72647	0.02512	0.00902	0.01331	0.01948	0.00877	0.10761	0.01192	0.01433	0.00765	0.00860	0.00675	0.00454	0.00347	0.00113	0.00543	0.00293	0.00252	0.00675
17	0.02269	0.00861	0.01174	0.00900	0.01291	0.00743	0.00743	0.02464	0.01447	0.79425	0.01995	0.01721	0.01252	0.00626	0.00509	0.00156	0.00430	0.00509	0.00626	0.00861
18	0.01049	0.00899	0.01049	0.00749	0.01198	0.00674	0.00599	0.01273	0.01049	0.01648	0.00899	0.01049	0.00749	0.00374	0.00374	0.00075	0.00374	0.00300	0.00300	0.85320
19	0.00725	0.00596	0.00797	0.17682	0.01310	0.00597	0.00642	0.00946	0.01245	0.01640	0.36484	0.03642	0.29804	0.01008	0.00578	0.00165	0.00337	0.00869	0.00456	0.00478
20	0.01014	0.02616	0.79609	0.01441	0.02189	0.01174	0.01868	0.01601	0.01068	0.01601	0.00907	0.01068	0.00641	0.00480	0.00480	0.00160	0.00747	0.00374	0.00214	0.00747
21	0.85801	0.00978	0.00743	0.00665	0.00978	0.01134	0.00548	0.01486	0.00861	0.02269	0.00704	0.00821	0.00548	0.00469	0.00313	0.00156	0.00391	0.00274	0.00313	0.00548
22	0.00600	0.00512	0.00515	0.00515	0.00684	0.00428	0.00386	0.00730	0.01158	0.01379	0.06577	0.04845	0.77406	0.01276	0.00598	0.00171	0.00256	0.01064	0.00471	0.00428
23	0.00955	0.00899	0.01517	0.81013	0.03483	0.01123	0.01404	0.01292	0.01011	0.01292	0.00899	0.01348	0.00674	0.00506	0.00506	0.00169	0.00674	0.00449	0.00225	0.00562
24	0.00955	0.00899	0.01517	0.81013	0.03483	0.01123	0.01404	0.01292	0.01011	0.01292	0.00899	0.01348	0.00674	0.00506	0.00506	0.00169	0.00674	0.00449	0.00225	0.00562
25	0.00612	0.00512	0.00528	0.00524	0.00686	0.00433	0.00391	0.00747	0.01168	0.01417	0.11719	0.04731	0.70334	0.03169	0.00644	0.00177	0.00260	0.01046	0.00474	0.00429
26	0.00616	0.00442	0.00585	0.00699	0.00732	0.00411	0.00467	0.00705	0.00973	0.01293	0.02846	0.79971	0.05234	0.01577	0.00644	0.00204	0.00292	0.01428	0.00469	0.00411
27	0.01027	0.02525	0.74082	0.01491	0.02221	0.01182	0.07304	0.01603	0.01077	0.01603	0.00916	0.01089	0.00650	0.00477	0.00489	0.00161	0.00755	0.00390	0.00217	0.00743
28	0.03049	0.02427	0.70649	0.06979	0.03885	0.01170	0.01798	0.01576	0.01061	0.01597	0.00903	0.01085	0.00644	0.00481	0.00479	0.00160	0.00731	0.00378	0.00217	0.00731
29	0.00750	0.00520	0.00658	0.00646	0.00701	0.00546	0.00444	0.00861	0.00910	0.01296	0.16066	0.02907	0.02179	0.39044	0.22345	0.00481	0.02328	0.00694	0.06230	0.00393
30	0.01281	0.01071	0.01171	0.01066	0.03133	0.01223	0.00815	0.11386	0.59324	0.02164	0.04497	0.01863	0.01535	0.00898	0.06047	0.00213	0.00484	0.00565	0.00492	0.00772
31	0.83958	0.00976	0.00760	0.02410	0.01032	0.01134	0.00566	0.01482	0.00864	0.02248	0.00708	0.00833	0.00550	0.00470	0.00317	0.00157	0.00397	0.00278	0.00311	0.00548
32	0.01126	0.01883	0.37878	0.07502	0.24405	0.04112	0.10867	0.01569	0.01125	0.01593	0.02655	0.01230	0.00796	0.00481	0.00504	0.00158	0.00708	0.00438	0.00239	0.00730
33	0.01259	0.03804	0.01972	0.07841	0.65052	0.01237	0.01461	0.04137	0.05222	0.01690	0.01007	0.01276	0.00829	0.00471	0.00496	0.00151	0.00591	0.00451	0.00270	0.00783
34	0.00601	0.00511	0.00518	0.00520	0.00686	0.00428	0.00388	0.00730	0.01154	0.01379	0.06665	0.06771	0.75370	0.01283	0.00599	0.00171	0.00257	0.01073	0.00471	0.00428
35	0.01143	0.02990	0.01132	0.00796	0.01233	0.00799	0.00643	0.09444	0.01189	0.01796	0.00958	0.02342	0.00800	0.00420	0.00392	0.00086	0.00397	0.00334	0.00322	0.72786
36	0.00955	0.00899	0.01517	0.81013	0.03483	0.01123	0.01404	0.01292	0.01011	0.01292	0.00899	0.01348	0.00674	0.00506	0.00506	0.00169	0.00674	0.00449	0.00225	0.00562
37	0.01699	0.08197	0.01470	0.01081	0.01441	0.05403	0.00890	0.43425	0.18597	0.06726	0.01418	0.01458	0.01059	0.00624	0.00491	0.00153	0.00523	0.02217	0.02331	0.00798
38	0.01755	0.01397	0.08737	0.01185	0.04193	0.01355	0.01004	0.54699	0.02042	0.09883	0.05538	0.01406	0.01100	0.00615	0.00505	0.00152	0.00539	0.00478	0.02599	0.00817
39	0.01241	0.01186	0.02000	0.02980	0.74986	0.01174	0.01502	0.01537	0.01146	0.01652	0.00948	0.01241	0.00798	0.00447	0.00494	0.00146	0.00589	0.00443	0.00253	0.05238
40	0.00624	0.00506	0.00554	0.00557	0.00703	0.00436	0.00412	0.00771	0.01193	0.01497	0.20295	0.12306	0.55860	0.01259	0.00602	0.00172	0.00256	0.01072	0.00488	0.00436
41	0.01049	0.00899	0.01049	0.00749	0.01198	0.00674	0.00599	0.01273	0.01049	0.01648	0.00899	0.01049	0.00749	0.00374	0.00374	0.00075	0.00374	0.00300	0.00300	0.85320
42	0.01254	0.01097	0.01134	0.01022	0.01305	0.02660	0.00794	0.02629	0.74982	0.02082	0.02107	0.01939	0.03332	0.00697	0.00515	0.00171	0.00406	0.00579	0.00509	0.00788
43	0.09681	0.55742	0.18999	0.00993	0.01482	0.01724	0.02467	0.01532	0.01023	0.01394	0.00753	0.00878	0.00639	0.00446	0.00362	0.00125	0.00576	0.00299	0.00226	0.00661
44	0.01236	0.01286	0.04336	0.17194	0.51143	0.08850	0.01442	0.01553	0.02424	0.01546	0.01000	0.01391	0.00841	0.00504	0.00503	0.00155	0.00641	0.02975	0.00257	0.00723
45	0.00598	0.00510	0.00515	0.00519	0.00685	0.00426	0.00387	0.00725	0.01146	0.01363	0.05042	0.07512	0.76275	0.01291	0.00599	0.00172	0.00257	0.01080	0.00470	0.00426
46	0.01088	0.16503	0.60067	0.01395	0.02069	0.01327	0.07666	0.01588	0.01071	0.01531	0.00881	0.01046	0.00652	0.00468	0.00462	0.00152	0.00720	0.00373	0.00217	0.00725
47	0.00878	0.00439	0.00659	0.00659	0.00659	0.00439	0.00439	0.00659	0.00659	0.00878	0.00878	0.01537	0.00878	0.01757	0.01976	0.85288	0.00439	0.00439	0.00220	0.00220
48	0.00608	0.00513	0.00527	0.00523	0.00690	0.00431	0.00393	0.00746	0.01178	0.01426	0.11769	0.04768	0.72185	0.01258	0.00598	0.00170	0.00255	0.01053	0.00477	0.00431
49	0.00955	0.00899	0.01517	0.81013	0.03483	0.01123	0.01404	0.01292	0.01011	0.01292	0.00899	0.01348	0.00674	0.00506	0.00506	0.00169	0.00674	0.00449	0.00225	0.00562
50	0.00815	0.00582	0.00815	0.00931	0.01048	0.00582	0.00815	0.01048	0.01164	0.01513	0.02677	0.05704	0.02910	0.01397	0.00698	0.00233	0.00466	0.75671	0.00466	0.00466
51	0.85801	0.00978	0.00743	0.00665	0.00978	0.01134	0.00548	0.01486	0.00861	0.02269	0.00704	0.00821	0.00548	0.00469	0.00313	0.00156	0.00391	0.00274	0.00313	0.00548
52	0.01258	0.01086	0.01143	0.01029	0.01315	0.01258	0.00800	0.02687	0.78161	0.02115	0.02058	0.01887	0.01544	0.00686	0.00515	0.00172	0.00400	0.00572	0.00515	0.00800
53	0.01258	0.01086	0.01143	0.01029	0.01315	0.01258	0.00800	0.02687	0.78161	0.02115	0.02058	0.01887	0.01544	0.00686	0.00515	0.00172	0.00400	0.00572	0.00515	0.00800
54	0.00716	0.00517	0.00676	0.00636	0.00755	0.00477	0.00477	0.00954	0.01431	0.02028	0.78808	0.03777	0.04771	0.01034	0.00596	0.00159	0.00239	0.00914	0.00557	0.00477
55	0.08065	0.00869	0.01144	0.00883	0.01269	0.00770	0.00730	0.02397	0.01407	0.74071	0.01905	0.01659	0.01203	0.00615	0.00495	0.00156	0.00428	0.00492	0.00604	0.00839
56	0.01258	0.01086	0.01143	0.01029	0.01315	0.01258	0.00800	0.02687	0.78161	0.02115	0.02058	0.01887	0.01544	0.00686	0.00515	0.00172	0.00400	0.00572	0.00515	0.00800
57	0.01889	0.02410	0.01433	0.01303	0.01563	0.80199	0.00977	0.02019	0.01433	0.01238	0.00782	0.00912	0.00651	0.00521	0.00456	0.00130	0.00912	0.00326	0.00261	0.00586
58	0.02262	0.00872	0.01181	0.00905	0.01297	0.00760	0.00748	0.04004	0.01466	0.77858	0.01979	0.01711	0.01244	0.00625	0.00508	0.00156	0.00433	0.00507	0.00623	0.00861
59	0.00616	0.00440	0.00587	0.00704	0.00733	0.00411	0.00469	0.00704	0.00968	0.01291	0.02787	0.81899	0.03344	0.01584	0.00645	0.00205	0.00293	0.01438	0.00469	0.00411
60	0.00616	0.00440	0.00587	0.00704	0.00733	0.00411	0.00469	0.00704	0.00968	0.01291	0.02787	0.81899	0.03344	0.01584	0.00645	0.00205	0.00293	0.01438	0.00469	0.00411
61	0.01014	0.02616	0.79609	0.01441	0.02189	0.01174	0.01868	0.01601	0.01068	0.01601	0.00907	0.01068	0.00641	0.00480	0.00480	0.00160	0.00747	0.00374	0.00214	0.00747
62	0.00955	0.00899	0.01517	0.81013	0.03483	0.01123	0.01404	0.01292	0.01011	0.01292	0.00899	0.01348	0.00674	0.00506	0.00506	0.00169	0.00674	0.00449	0.00225	0.00562
63	0.01229	0.01257	0.06042	0.05548	0.67047	0.01201	0.01511	0.01624	0.06485	0.01669	0.01024	0.01289	0.00840	0.00470	0.00501	0.00153	0.00597	0.00455	0.00266	0.00790
64	0.85801	0.00978	0.00743	0.00665	0.00978	0.01134	0.00548	0.01486	0.00861	0.02269	0.00704	0.00821	0.00548	0.00469	0.00313	0.00156	0.00391	0.00274	0.00313	0.00548
65	0.01171	0.02374	0.68351	0.01391	0.02089	0.01124	0.03401	0.01707	0.01117	0.11087	0.01043	0.01154	0.00718	0.00497	0.00486	0.00160	0.00711	0.00395	0.00265	0.00760
66	0.00986	0.00920	0.01535	0.76648	0.05977	0.01136	0.01400	0.02970	0.01046	0.01346	0.00907	0.01342	0.00682	0.00506	0.00505	0.00168	0.00669	0.00450	0.00232	0.00576
67	0.00773	0.00652	0.00666	0.00629	0.00831	0.00620	0.00481	0.05064	0.13547	0.01582	0.04427	0.04198	0.62393	0.01150	0.00580	0.00170	0.00295	0.00956	0.00479	0.00509
68	0.02269	0.00861	0.01174	0.00900	0.01291	0.00743	0.00743	0.02464	0.01447	0.79425	0.01995	0.01721	0.01252	0.00626	0.00509	0.00156	0.00430	0.00509	0.00626	0.00861
69	0.00624	0.00446	0.00594	0.00699	0.00735	0.00416	0.00470	0.00725	0.01006	0.01351	0.09009	0.75505	0.03461	0.01539	0.00641	0.00202	0.00289	0.01395	0.00477	0.00416
70	0.00915	0.00477	0.00496	0.00491	0.00609	0.00472	0.00369	0.01151	0.01106	0.01903	0.11053	0.02116	0.01720	0.00643	0.00383	0.00123	0.00236	0.00525	0.74740	0.00472
71	0.00753	0.00556	0.00708	0.00663	0.00794	0.00531	0.00500	0.01074	0.06755	0.02034	0.73482	0.03646	0.04547	0.01010	0.00591	0.00160	0.00250	0.00891	0.00554	0.00500
72	0.01258	0.01086	0.01143	0.01029	0.01315	0.01258	0.00800	0.02687	0.78161	0.02115	0.02058	0.01887	0.01544	0.00686	0.00515	0.00172	0.00400	0.00572	0.00515	0.00800
73	0.01098	0.01196	0.07694	0.36603	0.30967	0.01175	0.11078	0.01452	0.01090	0.01488	0.00934	0.01294	0.00730	0.00474	0.00513	0.00161	0.00675	0.00463	0.00237	0.00678
74	0.85801	0.00978	0.00743	0.00665	0.00978	0.01134	0.00548	0.01486	0.00861	0.02269	0.00704	0.00821	0.00548	0.00469	0.00313	0.00156	0.00391	0.00274	0.00313	0.00548
75	0.00735	0.00490	0.00552	0.00552	0.00552	0.00490	0.00306	0.00735	0.00735	0.00980	0.01593	0.03309	0.01838	0.82229	0.02574	0.00490	0.00490	0.00735	0.00306	0.00306
76	0.15385	0.01038	0.03410	0.43603	0.24293	0.01148	0.01312	0.01405	0.01026	0.01566	0.00881	0.01225	0.00688	0.00483	0.00471	0.00161	0.00607	0.00418	0.00247	0.00631
77	0.01376	0.78905	0.02595	0.00885	0.01310	0.05541	0.00870	0.01537	0.01046	0.01192	0.00707	0.00816	0.00649	0.00437	0.00330	0.00109	0.00558	0.00273	0.00218	0.00646
78	0.00616	0.00440	0.00587	0.00704	0.00733	0.00411	0.00469	0.00704	0.00968	0.01291	0.02787	0.81899	0.03344	0.01584	0.00645	0.00205	0.00293	0.01438	0.00469	0.00411
79	0.00616	0.00440	0.00587	0.00704	0.00733	0.00411	0.00469	0.00704	0.00968	0.01291	0.02787	0.81899	0.03344	0.01584	0.00645	0.00205	0.00293	0.01438	0.00469	0.00411
80	0.01306	0.01312	0.05124	0.06597	0.04346	0.01199	0.59234	0.01701	0.01209	0.11083	0.01129	0.01394	0.00818	0.00458	0.00575	0.00168	0.00781	0.00567	0.00298	0.00702
81	0.00600	0.00512	0.00516	0.00515	0.00685	0.00428	0.00386	0.00731	0.01159	0.01382	0.06862	0.04841	0.77120	0.01275	0.00598	0.00170	0.00256	0.01064	0.00472	0.00428
82	0.85801	0.00978	0.00743	0.00665	0.00978	0.01134	0.00548	0.01486	0.00861	0.02269	0.00704	0.00821	0.00548	0.00469	0.00313	0.00156	0.00391	0.00274	0.00313	0.00548
83	0.01865	0.06051	0.01488	0.01283	0.01551	0.76645	0.00972	0.01996	0.01415	0.01235	0.00778	0.00907	0.00651	0.00517	0.00450	0.00129	0.00895	0.00323	0.00259	0.00589
84	0.01194	0.01364	0.02984	0.02131	0.02643	0.01279	0.77238	0.01620	0.01194	0.01620	0.01023	0.01364	0.00767	0.00426	0.00597	0.00171	0.00853	0.00597	0.00256	0.00682
85	0.02253	0.00886	0.01189	0.00912	0.01303	0.00781	0.00753	0.05869	0.01490	0.75960	0.01959	0.01698	0.01234	0.00625	0.00508	0.00156	0.00436	0.00506	0.00620	0.00861
86	0.00955	0.00899	0.01517	0.81013	0.03483	0.01123	0.01404	0.01292	0.01011	0.01292	0.00899	0.01348	0.00674	0.00506	0.00506	0.00169	0.00674	0.00449	0.00225	0.00562
87	0.01049	0.00899	0.01049	0.00749	0.01198	0.00674	0.00599	0.01273	0.01049	0.01648	0.00899	0.01049	0.00749	0.00374	0.00374	0.00075	0.00374	0.00300	0.00300	0.85320
88	0.01601	0.19623	0.01801	0.02757	0.07935	0.37287	0.02307	0.08664	0.01318	0.01445	0.00810	0.00984	0.00686	0.00545	0.00581	0.00141	0.10252	0.00356	0.00267	0.00640
89	0.00598	0.00512	0.00512	0.00512	0.00683	0.00427	0.00384	0.00726	0.01153	0.01366	0.05123	0.04866	0.78869	0.01281	0.00598	0.00171	0.00256	0.01067	0.00470	0.00427
90	0.00735	0.00490	0.00552	0.00552	0.00552	0.00490	0.00306	0.00735	0.00735	0.00980	0.01593	0.03309	0.01838	0.82229	0.02574	0.00490	0.00490	0.00735	0.00306	0.00306
91	0.01352	0.82533	0.02650	0.00865	0.01298	0.02001	0.00865	0.01514	0.01027	0.01190	0.00703	0.00811	0.00649	0.00433	0.00324	0.00108	0.00541	0.00270	0.00216	0.00649
92	0.00616	0.00440	0.00587	0.00704	0.00733	0.00411	0.00469	0.00704	0.00968	0.01291	0.02787	0.81899	0.03344	0.01584	0.00645	0.00205	0.00293	0.01438	0.00469	0.00411
93	0.01329	0.01175	0.05404	0.01344	0.12583	0.01217	0.00965	0.04163	0.55945	0.07410	0.01814	0.01725	0.01353	0.00635	0.00510	0.00166	0.00453	0.00537	0.00468	0.00803
94	0.00809	0.00540	0.00691	0.00639	0.00784	0.00490	0.00484	0.01032	0.01399	0.07334	0.64481	0.03767	0.13557	0.01035	0.00590	0.00160	0.00254	0.00905	0.00551	0.00498
95	0.01742	0.01300	0.06830	0.03778	0.05632	0.01280	0.00994	0.43811	0.06522	0.16145	0.01443	0.05777	0.01082	0.00649	0.00512	0.00158	0.00530	0.00520	0.00483	0.00811
96	0.01187	0.01124	0.01895	0.12427	0.63989	0.01153	0.01467	0.01507	0.02442	0.01626	0.03679	0.01468	0.00985	0.00504	0.00509	0.00155	0.00591	0.02273	0.00267	0.00753
97	0.01090	0.00910	0.01061	0.00761	0.01208	0.00695	0.00610	0.03009	0.01086	0.03047	0.00925	0.01064	0.00760	0.00384	0.00380	0.00078	0.00380	0.00307	0.00310	0.81936
98	0.07742	0.01386	0.01464	0.01129	0.01527	0.01538	0.00932	0.72122	0.02272	0.03123	0.01179	0.01187	0.00838	0.00597	0.00492	0.00152	0.00545	0.00443	0.00492	0.00838
99	0.01758	0.02099	0.01405	0.05430	0.01629	0.61503	0.00967	0.07207	0.05931	0.01450	0.00899	0.01020	0.00725	0.00528	0.00461	0.00133	0.00815	0.00354	0.00293	0.05394
100	0.00616	0.00440	0.00587	0.00704	0.00733	0.00411	0.00469	0.00704	0.00968	0.01291	0.02787	0.81899	0.03344	0.01584	0.00645	0.00205	0.00293	0.01438	0.00469	0.00411
101	0.00722	0.00542	0.00813	0.00813	0.00903	0.00632	0.00632	0.00903	0.00813	0.01174	0.01354	0.01987	0.01264	0.03792	0.80225	0.00813	0.01354	0.00542	0.00271	0.00451
102	0.01014	0.02616	0.79609	0.01441	0.02189	0.01174	0.01868	0.01601	0.01068	0.01601	0.00907	0.01068	0.00641	0.00480	0.00480	0.00160	0.00747	0.00374	0.00214	0.00747
103	0.01036	0.08555	0.59816	0.13674	0.02329	0.01233	0.03446	0.01547	0.01059	0.01522	0.00893	0.01098	0.00649	0.00479	0.00475	0.00158	0.00722	0.00382	0.00216	0.00710
104	0.00711	0.00517	0.00670	0.00631	0.00753	0.00475	0.00474	0.00946	0.01421	0.02003	0.76028	0.03818	0.07567	0.01043	0.00596	0.00159	0.00239	0.00920	0.00553	0.00475
105	0.00656	0.00513	0.00594	0.00577	0.00719	0.00451	0.00431	0.00837	0.01285	0.01688	0.41116	0.05917	0.41074	0.01166	0.00598	0.00166	0.00248	0.01000	0.00512	0.00451
106	0.01014	0.02616	0.79609	0.01441	0.02189	0.01174	0.01868	0.01601	0.01068	0.01601	0.00907	0.01068	0.00641	0.00480	0.00480	0.00160	0.00747	0.00374	0.00214	0.00747
107	0.00952	0.00570	0.00744	0.00670	0.00835	0.00516	0.00513	0.01178	0.01418	0.14111	0.62552	0.03518	0.08470	0.00984	0.00583	0.00159	0.00270	0.00860	0.00562	0.00534
108	0.01348	0.65990	0.14374	0.00955	0.01434	0.01808	0.01013	0.01577	0.01056	0.05360	0.00802	0.00898	0.00679	0.00450	0.00358	0.00119	0.00567	0.00299	0.00237	0.00675
109	0.01014	0.02616	0.79609	0.01441	0.02189	0.01174	0.01868	0.01601	0.01068	0.01601	0.00907	0.01068	0.00641	0.00480	0.00480	0.00160	0.00747	0.00374	0.00214	0.00747
110	0.00955	0.00899	0.01517	0.81013	0.03483	0.01123	0.01404	0.01292	0.01011	0.01292	0.00899	0.01348	0.00674	0.00506	0.00506	0.00169	0.00674	0.00449	0.00225	0.00562
111	0.00691	0.00516	0.00642	0.00610	0.00740	0.00467	0.00458	0.00906	0.01373	0.01889	0.63370	0.04005	0.20295	0.01085	0.00597	0.00161	0.00242	0.00946	0.00538	0.00467
112	0.01018	0.02078	0.53029	0.13124	0.02375	0.01148	0.12875	0.01527	0.01096	0.01580	0.04720	0.01284	0.00866	0.00503	0.00507	0.00163	0.00727	0.00444	0.00238	0.00697
113	0.00623	0.00445	0.00593	0.00699	0.00735	0.00415	0.00470	0.00721	0.01000	0.01342	0.08062	0.76478	0.03443	0.01546	0.00642	0.00202	0.00290	0.01401	0.00475	0.00415
114	0.02458	0.00611	0.00778	0.00693	0.00866	0.00568	0.00528	0.03691	0.01400	0.15525	0.53417	0.04917	0.06257	0.05221	0.00678	0.00177	0.00300	0.00824	0.00545	0.00546
115	0.03793	0.06413	0.01156	0.04168	0.01201	0.02086	0.08731	0.06622	0.01114	0.01514	0.03990	0.46320	0.03828	0.01142	0.00622	0.00183	0.03698	0.01017	0.00403	0.01999
116	0.11869	0.41624	0.20098	0.01021	0.01492	0.06689	0.01066	0.04209	0.05089	0.01539	0.00843	0.00948	0.00688	0.00473	0.00384	0.00132	0.00587	0.00320	0.00256	0.00670
117	0.24034	0.03986	0.11502	0.01565	0.21269	0.09466	0.04482	0.04066	0.05764	0.01849	0.05017	0.01233	0.00944	0.00513	0.00445	0.00151	0.00568	0.00409	0.00304	0.02432
118	0.02702	0.18190	0.52661	0.01364	0.03660	0.01346	0.05783	0.04178	0.01109	0.01590	0.00881	0.01038	0.00661	0.00469	0.00452	0.00148	0.00688	0.00367	0.00231	0.02481
119	0.17211	0.15657	0.17959	0.13681	0.10863	0.05385	0.02860	0.02791	0.01082	0.03507	0.02734	0.02452	0.00812	0.00508	0.00436	0.00150	0.00596	0.00395	0.00269	0.00653

[dist]
# distance from previous block
# <min> <max>
1	21

[block]
# block no. 2 follows, 49 sequences, length 109
# corresponding to MSA columns:
# 442-550
name=unknown_C
#
# <colnr> <probs for GDERKNQSTAVLIFYWHMCP>
#	G	D	E	R	K	N	Q	S	T	A	V	L	I	F	Y	W	H	M	C	P
0	0.16417	0.05081	0.02535	0.00987	0.03845	0.01041	0.02476	0.13965	0.04319	0.20372	0.05184	0.07777	0.01311	0.00670	0.00509	0.00154	0.03012	0.01827	0.00439	0.08078
1	0.03991	0.01262	0.04051	0.05049	0.09481	0.03960	0.00982	0.35853	0.05743	0.12253	0.01322	0.05048	0.01014	0.00616	0.00512	0.00152	0.01625	0.00491	0.00440	0.06154
2	0.00935	0.00717	0.00950	0.07338	0.01187	0.00737	0.04245	0.12403	0.03717	0.02808	0.14096	0.29515	0.09147	0.07290	0.02363	0.00215	0.00420	0.00946	0.00446	0.00526
3	0.00694	0.00512	0.00649	0.00623	0.00744	0.00467	0.00464	0.00910	0.01370	0.01900	0.64847	0.07926	0.14823	0.01096	0.00599	0.00163	0.00244	0.00962	0.00540	0.00467
4	0.01153	0.03173	0.12729	0.02193	0.36226	0.01154	0.17027	0.01586	0.06475	0.01688	0.07387	0.01577	0.01185	0.00531	0.00524	0.00157	0.00621	0.02065	0.00294	0.02253
5	0.85801	0.00978	0.00743	0.00665	0.00978	0.01134	0.00548	0.01486	0.00861	0.02269	0.00704	0.00821	0.00548	0.00469	0.00313	0.00156	0.00391	0.00274	0.00313	0.00548
6	0.00759	0.00585	0.00670	0.00627	0.00789	0.00542	0.00476	0.07053	0.01372	0.01811	0.38055	0.06523	0.36627	0.01124	0.00591	0.00165	0.00274	0.00960	0.00512	0.00484
7	0.01835	0.01373	0.01469	0.01146	0.01535	0.01527	0.00940	0.67594	0.12313	0.03046	0.01325	0.01302	0.00950	0.00617	0.00507	0.00154	0.00536	0.00471	0.00507	0.00852
8	0.83923	0.00988	0.00761	0.00676	0.00991	0.01144	0.00557	0.03185	0.00895	0.02289	0.00716	0.00830	0.00555	0.00472	0.00317	0.00156	0.00395	0.00278	0.00317	0.00555
9	0.01024	0.04886	0.77422	0.01425	0.02163	0.01198	0.01840	0.01599	0.01066	0.01590	0.00902	0.01060	0.00641	0.00479	0.00476	0.00159	0.00741	0.00371	0.00214	0.00745
10	0.00789	0.00550	0.00726	0.00763	0.00846	0.00544	0.01974	0.01000	0.07235	0.05228	0.02447	0.51448	0.03989	0.10443	0.07126	0.00279	0.00429	0.03278	0.00443	0.00464
11	0.00695	0.00510	0.00653	0.00644	0.00759	0.00468	0.00482	0.00902	0.01329	0.01835	0.57071	0.13315	0.13435	0.01147	0.00607	0.00170	0.00259	0.04726	0.00531	0.00463
12	0.01013	0.05030	0.13046	0.49041	0.13179	0.01151	0.01405	0.01389	0.02973	0.01402	0.01021	0.05302	0.00840	0.00549	0.00500	0.00164	0.00643	0.00482	0.00246	0.00624
13	0.00682	0.00516	0.00629	0.00600	0.00735	0.00463	0.00450	0.00888	0.01351	0.01837	0.57570	0.04091	0.26128	0.01105	0.00597	0.00162	0.00244	0.00959	0.00532	0.00463
14	0.04032	0.00790	0.05998	0.03339	0.01079	0.00674	0.00670	0.05969	0.01365	0.15610	0.39817	0.10842	0.03117	0.03663	0.00627	0.00174	0.00359	0.00789	0.00507	0.00579
15	0.01213	0.01162	0.01982	0.13307	0.69175	0.01191	0.01533	0.01518	0.01133	0.01605	0.00944	0.01264	0.00784	0.00458	0.00501	0.00153	0.00610	0.00450	0.00247	0.00770
16	0.01055	0.00895	0.01057	0.00811	0.03390	0.00693	0.00621	0.01306	0.02625	0.01666	0.00952	0.01103	0.00787	0.00391	0.00380	0.00081	0.00376	0.00316	0.03500	0.77992
17	0.00649	0.00471	0.00605	0.00675	0.00734	0.00434	0.00458	0.00757	0.01026	0.01381	0.12900	0.59352	0.07507	0.07217	0.00766	0.00214	0.00300	0.01265	0.00465	0.02825
18	0.01468	0.59129	0.05991	0.00996	0.01405	0.18856	0.00940	0.03783	0.01155	0.01276	0.00744	0.00857	0.00655	0.00459	0.00365	0.00117	0.00631	0.00292	0.00234	0.00646
19	0.03577	0.01689	0.43425	0.01099	0.01580	0.00892	0.01253	0.01427	0.01188	0.08040	0.23052	0.07189	0.02028	0.00720	0.00521	0.00162	0.00538	0.00604	0.00363	0.00652
20	0.01072	0.09747	0.67149	0.01422	0.04686	0.01230	0.01721	0.01597	0.01080	0.03054	0.02238	0.01109	0.00729	0.00487	0.00469	0.00155	0.00709	0.00379	0.00229	0.00738
21	0.06000	0.02670	0.01238	0.00953	0.01316	0.01031	0.00784	0.22796	0.07152	0.41693	0.06592	0.01719	0.01366	0.00650	0.00503	0.00157	0.00451	0.01567	0.00555	0.00807
22	0.00637	0.00461	0.00605	0.00714	0.00752	0.00438	0.00480	0.00767	0.03432	0.01317	0.02764	0.79345	0.03287	0.01556	0.00641	0.00204	0.00297	0.01410	0.00471	0.00423
23	0.01163	0.01130	0.03165	0.28766	0.51217	0.01183	0.01496	0.03036	0.01129	0.01564	0.00939	0.01280	0.00758	0.00472	0.00502	0.00156	0.00627	0.00449	0.00247	0.00722
24	0.01041	0.02309	0.01073	0.00763	0.01188	0.00708	0.00611	0.01258	0.01039	0.01619	0.00950	0.03627	0.00828	0.00426	0.00411	0.00083	0.02191	0.00339	0.00302	0.79234
25	0.00884	0.00668	0.00853	0.07396	0.04975	0.03137	0.00659	0.06075	0.01133	0.05152	0.04784	0.54721	0.05042	0.01269	0.00602	0.00189	0.00381	0.01135	0.00445	0.00502
26	0.00618	0.00441	0.00586	0.00701	0.00730	0.00412	0.00466	0.00705	0.00964	0.01285	0.02763	0.80338	0.03315	0.03186	0.00684	0.00211	0.00297	0.01424	0.00466	0.00409
27	0.01299	0.01456	0.06180	0.02562	0.46720	0.10474	0.20656	0.01626	0.01191	0.01593	0.00947	0.01231	0.00767	0.00454	0.00519	0.00154	0.00708	0.00469	0.00251	0.00743
28	0.51933	0.02651	0.00960	0.03260	0.01174	0.03509	0.00654	0.03313	0.01087	0.24042	0.01105	0.01122	0.00776	0.00521	0.00384	0.00154	0.00431	0.00355	0.01923	0.00645
29	0.00621	0.00444	0.00591	0.00701	0.00734	0.00414	0.00470	0.00716	0.00990	0.01326	0.06379	0.78208	0.03412	0.01558	0.00643	0.00203	0.00291	0.01413	0.00474	0.00414
30	0.00616	0.00440	0.00587	0.00704	0.00733	0.00411	0.00469	0.00704	0.00968	0.01291	0.02787	0.81899	0.03344	0.01584	0.00645	0.00205	0.00293	0.01438	0.00469	0.00411
31	0.01239	0.40691	0.30629	0.01198	0.01746	0.01570	0.08361	0.03472	0.01107	0.03194	0.02064	0.01033	0.00740	0.00467	0.00420	0.00136	0.00638	0.00359	0.00241	0.00695
32	0.01212	0.07948	0.10694	0.07697	0.56810	0.01261	0.04080	0.01540	0.01124	0.01585	0.00925	0.01205	0.00762	0.00455	0.00488	0.00150	0.00625	0.00432	0.00242	0.00763
33	0.85801	0.00978	0.00743	0.00665	0.00978	0.01134	0.00548	0.01486	0.00861	0.02269	0.00704	0.00821	0.00548	0.00469	0.00313	0.00156	0.00391	0.00274	0.00313	0.00548
34	0.00607	0.00513	0.00526	0.00522	0.00689	0.00431	0.00392	0.00744	0.01175	0.01420	0.11106	0.04778	0.72853	0.01261	0.00598	0.00170	0.00255	0.01055	0.00477	0.00431
35	0.05139	0.05136	0.01627	0.19533	0.06159	0.06581	0.06057	0.35468	0.04127	0.02250	0.01075	0.01234	0.00801	0.00546	0.00489	0.00153	0.00610	0.00442	0.01845	0.00727
36	0.01182	0.00702	0.00726	0.00640	0.00828	0.00739	0.00502	0.19766	0.01382	0.02203	0.01543	0.01722	0.01190	0.00593	0.00391	0.00126	0.00314	0.00467	0.64418	0.00566
37	0.00615	0.00446	0.00581	0.00689	0.00729	0.00412	0.00462	0.00706	0.00983	0.01297	0.02977	0.75644	0.09477	0.01560	0.00642	0.00203	0.00290	0.01407	0.00469	0.00412
38	0.02241	0.00906	0.01201	0.00921	0.01313	0.00810	0.00761	0.08548	0.01523	0.73234	0.01932	0.01680	0.01220	0.00624	0.00508	0.00156	0.00441	0.00504	0.00616	0.00861
39	0.00716	0.00517	0.00676	0.00636	0.00755	0.00477	0.00477	0.00954	0.01431	0.02028	0.78808	0.03777	0.04771	0.01034	0.00596	0.00159	0.00239	0.00914	0.00557	0.00477
40	0.00716	0.00517	0.00676	0.00636	0.00755	0.00477	0.00477	0.00954	0.01431	0.02028	0.78808	0.03777	0.04771	0.01034	0.00596	0.00159	0.00239	0.00914	0.00557	0.00477
41	0.00624	0.00443	0.00584	0.00694	0.00722	0.00416	0.00459	0.00706	0.00953	0.01271	0.02709	0.76747	0.03246	0.06871	0.00772	0.00224	0.00306	0.01392	0.00459	0.00404
42	0.00748	0.00539	0.00735	0.00845	0.00941	0.00526	0.00695	0.00935	0.01110	0.01444	0.02847	0.26579	0.07360	0.01442	0.00678	0.00222	0.00406	0.51033	0.00467	0.00448
43	0.01106	0.01106	0.01549	0.01328	0.01328	0.01549	0.01106	0.01217	0.00774	0.01217	0.00664	0.01106	0.00664	0.00885	0.01659	0.00221	0.81303	0.00443	0.00221	0.00553
44	0.01922	0.01416	0.01518	0.01163	0.01568	0.01568	0.00961	0.77388	0.02378	0.03187	0.01214	0.01214	0.00860	0.00607	0.00506	0.00152	0.00556	0.00455	0.00506	0.00860
45	0.00722	0.00542	0.00813	0.00813	0.00903	0.00632	0.00632	0.00903	0.00813	0.01174	0.01354	0.01987	0.01264	0.03792	0.80225	0.00813	0.01354	0.00542	0.00271	0.00451
46	0.01286	0.01056	0.01124	0.01005	0.01292	0.01204	0.00783	0.02610	0.71729	0.05948	0.02159	0.01979	0.04143	0.00703	0.00517	0.00171	0.00397	0.00585	0.00519	0.00791
47	0.00726	0.00528	0.00744	0.00744	0.00810	0.00595	0.00546	0.00859	0.00792	0.01123	0.01417	0.02335	0.01415	0.24452	0.59772	0.00728	0.01127	0.00593	0.00280	0.00413
48	0.01075	0.07541	0.01245	0.02812	0.01305	0.00810	0.02818	0.01303	0.01050	0.01601	0.00886	0.01046	0.00739	0.00384	0.00380	0.00083	0.00409	0.00309	0.00290	0.73913
49	0.01230	0.09289	0.09107	0.04369	0.08594	0.01278	0.30299	0.01547	0.01103	0.07817	0.03475	0.01361	0.00913	0.00672	0.03716	0.00192	0.13583	0.00504	0.00281	0.00669
50	0.01106	0.01106	0.01549	0.01328	0.01328	0.01549	0.01106	0.01217	0.00774	0.01217	0.00664	0.01106	0.00664	0.00885	0.01659	0.00221	0.81303	0.00443	0.00221	0.00553
51	0.01014	0.02616	0.79609	0.01441	0.02189	0.01174	0.01868	0.01601	0.01068	0.01601	0.00907	0.01068	0.00641	0.00480	0.00480	0.00160	0.00747	0.00374	0.00214	0.00747
52	0.00855	0.00710	0.01134	0.08699	0.01386	0.00677	0.14035	0.01068	0.01134	0.05325	0.05627	0.19659	0.26128	0.01092	0.00607	0.00184	0.00443	0.10308	0.00419	0.00510
53	0.01521	0.04626	0.01247	0.00967	0.01257	0.00814	0.08033	0.07665	0.01326	0.34703	0.03636	0.20534	0.05412	0.00967	0.02815	0.00188	0.00469	0.02639	0.00502	0.00679
54	0.00675	0.00508	0.00624	0.00609	0.00734	0.00458	0.00452	0.00870	0.01314	0.01782	0.52022	0.11368	0.24431	0.01151	0.00601	0.00166	0.00248	0.01004	0.00525	0.00458
55	0.16173	0.03421	0.57649	0.01390	0.05999	0.02686	0.02740	0.01585	0.01043	0.01710	0.00870	0.01031	0.00635	0.00476	0.00451	0.00158	0.00678	0.00361	0.00235	0.00709
56	0.01346	0.05058	0.01901	0.15224	0.47567	0.06488	0.03857	0.03184	0.01192	0.07890	0.01012	0.01265	0.00800	0.00480	0.00494	0.00151	0.00624	0.00443	0.00281	0.00743
57	0.00617	0.00444	0.00586	0.00697	0.00732	0.00412	0.00467	0.00709	0.00982	0.01306	0.04165	0.78113	0.05767	0.01565	0.00643	0.00203	0.00291	0.01417	0.00471	0.00412
58	0.02257	0.00880	0.01186	0.00909	0.01301	0.00772	0.00751	0.05095	0.01480	0.76747	0.01968	0.01703	0.01238	0.00625	0.00508	0.00156	0.00435	0.00507	0.00622	0.00861
59	0.00898	0.00734	0.04884	0.09353	0.09996	0.00656	0.00804	0.01091	0.01088	0.07758	0.07745	0.41387	0.04085	0.01153	0.00594	0.00187	0.00409	0.06221	0.00425	0.00533
60	0.08155	0.01790	0.26015	0.01276	0.03341	0.04281	0.02741	0.41829	0.01764	0.02483	0.01053	0.01130	0.00756	0.00547	0.00483	0.00154	0.00623	0.00413	0.00380	0.00785
61	0.00741	0.00529	0.00730	0.00847	0.00931	0.00518	0.00686	0.00920	0.01091	0.01430	0.02718	0.34071	0.03072	0.01467	0.00679	0.00223	0.00402	0.48034	0.00467	0.00445
62	0.85801	0.00978	0.00743	0.00665	0.00978	0.01134	0.00548	0.01486	0.00861	0.02269	0.00704	0.00821	0.00548	0.00469	0.00313	0.00156	0.00391	0.00274	0.00313	0.00548
63	0.00735	0.00490	0.00552	0.00552	0.00552	0.00490	0.00306	0.00735	0.00735	0.00980	0.01593	0.03309	0.01838	0.82229	0.02574	0.00490	0.00490	0.00735	0.00306	0.00306
64	0.01083	0.01158	0.08035	0.42081	0.30902	0.01163	0.01466	0.01482	0.04918	0.01490	0.00976	0.01317	0.00761	0.00492	0.00502	0.00161	0.00640	0.00450	0.00248	0.00676
65	0.01121	0.01148	0.01782	0.01458	0.01542	0.01505	0.13494	0.01282	0.00843	0.01282	0.00722	0.01148	0.00681	0.00810	0.01487	0.00213	0.68213	0.00468	0.00227	0.00574
66	0.00716	0.00517	0.00676	0.00636	0.00755	0.00477	0.00477	0.00954	0.01431	0.02028	0.78808	0.03777	0.04771	0.01034	0.00596	0.00159	0.00239	0.00914	0.00557	0.00477
67	0.01950	0.01371	0.01490	0.01142	0.01546	0.01501	0.00943	0.71305	0.02302	0.09377	0.01277	0.01255	0.00892	0.00609	0.00506	0.00152	0.00546	0.00460	0.00516	0.00860
68	0.00648	0.00482	0.00617	0.00724	0.02041	0.00448	0.00484	0.02137	0.01025	0.01343	0.03079	0.67475	0.14626	0.01502	0.00633	0.00198	0.00298	0.01347	0.00466	0.00428
69	0.01922	0.01416	0.01518	0.01163	0.01568	0.01568	0.00961	0.77388	0.02378	0.03187	0.01214	0.01214	0.00860	0.00607	0.00506	0.00152	0.00556	0.00455	0.00506	0.00860
70	0.01922	0.01416	0.01518	0.01163	0.01568	0.01568	0.00961	0.77388	0.02378	0.03187	0.01214	0.01214	0.00860	0.00607	0.00506	0.00152	0.00556	0.00455	0.00506	0.00860
71	0.04895	0.04809	0.01291	0.00982	0.03058	0.00950	0.00797	0.14088	0.01538	0.56947	0.01767	0.01685	0.01181	0.00629	0.00499	0.00156	0.00459	0.02879	0.00564	0.00826
72	0.00616	0.00440	0.00587	0.00704	0.00733	0.00411	0.00469	0.00704	0.00968	0.01291	0.02787	0.81899	0.03344	0.01584	0.00645	0.00205	0.00293	0.01438	0.00469	0.00411
73	0.01205	0.00989	0.01071	0.00946	0.01208	0.01105	0.00739	0.11644	0.49915	0.02208	0.18332	0.02298	0.04598	0.00769	0.00533	0.00166	0.00381	0.00646	0.00521	0.00727
74	0.01049	0.00899	0.01049	0.00749	0.01198	0.00674	0.00599	0.01273	0.01049	0.01648	0.00899	0.01049	0.00749	0.00374	0.00374	0.00075	0.00374	0.00300	0.00300	0.85320
75	0.00815	0.00582	0.00815	0.00931	0.01048	0.00582	0.00815	0.01048	0.01164	0.01513	0.02677	0.05704	0.02910	0.01397	0.00698	0.00233	0.00466	0.75671	0.00466	0.00466
76	0.00711	0.00517	0.00669	0.00631	0.00752	0.00475	0.00473	0.00945	0.01420	0.02000	0.75683	0.03823	0.07914	0.01044	0.00596	0.00160	0.00239	0.00921	0.00553	0.00475
77	0.00955	0.00899	0.01517	0.81013	0.03483	0.01123	0.01404	0.01292	0.01011	0.01292	0.00899	0.01348	0.00674	0.00506	0.00506	0.00169	0.00674	0.00449	0.00225	0.00562
78	0.02064	0.00816	0.01102	0.00860	0.01219	0.00707	0.00705	0.02260	0.01432	0.69452	0.08380	0.02037	0.05205	0.00690	0.00520	0.00157	0.00406	0.00568	0.00613	0.00809
79	0.00716	0.00517	0.00676	0.00636	0.00755	0.00477	0.00477	0.00954	0.01431	0.02028	0.78808	0.03777	0.04771	0.01034	0.00596	0.00159	0.00239	0.00914	0.00557	0.00477
80	0.01049	0.00899	0.01049	0.00749	0.01198	0.00674	0.00599	0.01273	0.01049	0.01648	0.00899	0.01049	0.00749	0.00374	0.00374	0.00075	0.00374	0.00300	0.00300	0.85320
81	0.00955	0.00899	0.01517	0.81013	0.03483	0.01123	0.01404	0.01292	0.01011	0.01292	0.00899	0.01348	0.00674	0.00506	0.00506	0.00169	0.00674	0.00449	0.00225	0.00562
82	0.85801	0.00978	0.00743	0.00665	0.00978	0.01134	0.00548	0.01486	0.00861	0.02269	0.00704	0.00821	0.00548	0.00469	0.00313	0.00156	0.00391	0.00274	0.00313	0.00548
83	0.00731	0.00586	0.00788	0.00822	0.00843	0.00660	0.00589	0.00816	0.00905	0.01246	0.02225	0.57419	0.02635	0.08967	0.01041	0.00235	0.17499	0.01161	0.00402	0.00431
84	0.01258	0.01086	0.01143	0.01029	0.01315	0.01258	0.00800	0.02687	0.78161	0.02115	0.02058	0.01887	0.01544	0.00686	0.00515	0.00172	0.00400	0.00572	0.00515	0.00800
85	0.09051	0.00870	0.01139	0.00881	0.01265	0.00775	0.00727	0.02385	0.01400	0.73160	0.01890	0.01648	0.01195	0.00613	0.00493	0.00156	0.00427	0.00489	0.00600	0.00835
86	0.01815	0.01260	0.01378	0.01089	0.01462	0.01378	0.00889	0.51423	0.17236	0.12741	0.01490	0.01426	0.01055	0.00625	0.00505	0.00156	0.00503	0.00485	0.02243	0.00840
87	0.00716	0.00517	0.00676	0.00636	0.00755	0.00477	0.00477	0.00954	0.01431	0.02028	0.78808	0.03777	0.04771	0.01034	0.00596	0.00159	0.00239	0.00914	0.00557	0.00477
88	0.01352	0.82533	0.02650	0.00865	0.01298	0.02001	0.00865	0.01514	0.01027	0.01190	0.00703	0.00811	0.00649	0.00433	0.00324	0.00108	0.00541	0.00270	0.00216	0.00649
89	0.02251	0.00888	0.01191	0.00913	0.01305	0.00784	0.00754	0.06204	0.01494	0.75620	0.01956	0.01696	0.01232	0.00625	0.00508	0.00156	0.00437	0.00506	0.00620	0.00861
90	0.00722	0.00542	0.00813	0.00813	0.00903	0.00632	0.00632	0.00903	0.00813	0.01174	0.01354	0.01987	0.01264	0.03792	0.80225	0.00813	0.01354	0.00542	0.00271	0.00451
91	0.00616	0.00440	0.00587	0.00704	0.00733	0.00411	0.00469	0.00704	0.00968	0.01291	0.02787	0.81899	0.03344	0.01584	0.00645	0.00205	0.00293	0.01438	0.00469	0.00411
