[name]
unknown

[dist]
# distance from previous block
# <min> <max>
2	93

[block]
# block no. 0 follows, 49 sequences, length 15
# corresponding to MSA columns:
# 143-152,155-159
name=unknown_A
#
# <colnr> <probs for GDERKNQSTAVLIFYWHMCP>
#	G	D	E	R	K	N	Q	S	T	A	V	L	I	F	Y	W	H	M	C	P
0	0.14174	0.03605	0.21507	0.01003	0.01407	0.01047	0.02008	0.08532	0.08285	0.12663	0.04887	0.01596	0.01156	0.10117	0.00726	0.00194	0.01797	0.00469	0.00372	0.04457
1	0.01610	0.07542	0.16373	0.01014	0.01449	0.02345	0.00968	0.08839	0.09280	0.30801	0.07346	0.01590	0.01303	0.00599	0.00485	0.00148	0.00498	0.00479	0.00458	0.06874
2	0.07431	0.01269	0.14929	0.01088	0.04830	0.01065	0.00948	0.22073	0.08498	0.07661	0.03013	0.10841	0.01308	0.02039	0.01766	0.00173	0.00501	0.00569	0.06909	0.03090
3	0.13624	0.01319	0.01190	0.01202	0.10475	0.23129	0.00829	0.06572	0.03553	0.12795	0.01537	0.01682	0.08562	0.04509	0.06683	0.00215	0.00644	0.00483	0.00366	0.00631
4	0.01029	0.00920	0.06577	0.01077	0.07057	0.04627	0.00815	0.03647	0.00970	0.07195	0.01288	0.01896	0.01179	0.14423	0.37851	0.00515	0.07570	0.00528	0.00300	0.00536
5	0.00820	0.00546	0.00622	0.00600	0.00764	0.00474	0.00446	0.00956	0.01166	0.10528	0.11365	0.12357	0.47873	0.06934	0.00734	0.00195	0.00299	0.02364	0.00485	0.00473
6	0.05159	0.01062	0.01102	0.00825	0.01247	0.06879	0.00658	0.07277	0.02687	0.01774	0.00928	0.01057	0.00756	0.00414	0.00391	0.00091	0.00431	0.00318	0.00317	0.66627
7	0.01892	0.00872	0.01205	0.03041	0.03275	0.00781	0.02972	0.05472	0.01432	0.55037	0.10782	0.01858	0.01569	0.00641	0.00511	0.00151	0.00432	0.00538	0.00558	0.06982
8	0.11967	0.00925	0.01147	0.00897	0.01275	0.00873	0.00739	0.07764	0.05043	0.61276	0.01791	0.01587	0.01155	0.00609	0.00486	0.00157	0.00433	0.00480	0.00575	0.00821
9	0.01049	0.01115	0.10276	0.00874	0.01324	0.00799	0.00786	0.01307	0.01030	0.01610	0.00882	0.01055	0.00730	0.00425	0.00484	0.00096	0.06532	0.00319	0.00284	0.69023
10	0.00810	0.06912	0.00794	0.00616	0.00834	0.00681	0.00489	0.09753	0.01286	0.01565	0.04326	0.04128	0.63742	0.01137	0.00566	0.00164	0.00313	0.00934	0.00454	0.00495
11	0.00779	0.00571	0.00737	0.06779	0.00983	0.00580	0.00555	0.07147	0.01095	0.01468	0.09526	0.49029	0.02829	0.14380	0.00930	0.00240	0.00371	0.01118	0.00436	0.00449
12	0.00611	0.00460	0.00566	0.00651	0.00720	0.00415	0.00446	0.00710	0.01019	0.01312	0.03432	0.60626	0.24201	0.01500	0.00632	0.00196	0.00283	0.01335	0.00469	0.00415
13	0.01134	0.00950	0.01095	0.00790	0.01235	0.00762	0.00635	0.08752	0.01179	0.01799	0.00930	0.01065	0.00760	0.00397	0.00387	0.00082	0.00392	0.00315	0.00320	0.77022
14	0.01232	0.22638	0.32845	0.07429	0.07534	0.01446	0.05740	0.10408	0.01212	0.01653	0.00894	0.01071	0.00690	0.00490	0.00484	0.00148	0.02732	0.00383	0.00255	0.00716

[dist]
# distance from previous block
# <min> <max>
0	2

[block]
# block no. 1 follows, 49 sequences, length 27
# corresponding to MSA columns:
# 162-174,177-190
name=unknown_B
#
# <colnr> <probs for GDERKNQSTAVLIFYWHMCP>
#	G	D	E	R	K	N	Q	S	T	A	V	L	I	F	Y	W	H	M	C	P
0	0.85801	0.00978	0.00743	0.00665	0.00978	0.01134	0.00548	0.01486	0.00861	0.02269	0.00704	0.00821	0.00548	0.00469	0.00313	0.00156	0.00391	0.00274	0.00313	0.00548
1	0.01125	0.05563	0.01164	0.00785	0.01218	0.00816	0.00639	0.07530	0.01171	0.01762	0.03823	0.01151	0.00903	0.00422	0.00391	0.00086	0.00394	0.00334	0.00321	0.70402
2	0.00878	0.00439	0.00659	0.00659	0.00659	0.00439	0.00439	0.00659	0.00659	0.00878	0.00878	0.01537	0.00878	0.01757	0.01976	0.85288	0.00439	0.00439	0.00220	0.00220
3	0.01289	0.01355	0.07028	0.05440	0.53406	0.05163	0.05240	0.05802	0.05872	0.01719	0.01018	0.01266	0.00823	0.00487	0.00522	0.00154	0.01916	0.00454	0.00277	0.00771
4	0.01187	0.01436	0.08949	0.02053	0.06713	0.01265	0.61734	0.01689	0.06521	0.01654	0.01082	0.01370	0.00813	0.00450	0.00576	0.00169	0.00799	0.00569	0.00270	0.00702
5	0.00625	0.00509	0.00553	0.00551	0.00702	0.00437	0.00410	0.00776	0.01205	0.01511	0.21601	0.08996	0.57876	0.01242	0.00600	0.00170	0.00254	0.01054	0.00489	0.00437
6	0.02819	0.02727	0.17890	0.00906	0.01402	0.00812	0.00880	0.01412	0.01071	0.06459	0.01008	0.03084	0.00815	0.00446	0.00410	0.00104	0.00459	0.00355	0.00304	0.56636
7	0.85801	0.00978	0.00743	0.00665	0.00978	0.01134	0.00548	0.01486	0.00861	0.02269	0.00704	0.00821	0.00548	0.00469	0.00313	0.00156	0.00391	0.00274	0.00313	0.00548
8	0.85801	0.00978	0.00743	0.00665	0.00978	0.01134	0.00548	0.01486	0.00861	0.02269	0.00704	0.00821	0.00548	0.00469	0.00313	0.00156	0.00391	0.00274	0.00313	0.00548
9	0.00707	0.00517	0.00663	0.00627	0.00750	0.00473	0.00470	0.00937	0.01410	0.01977	0.73123	0.03861	0.10487	0.01053	0.00597	0.00160	0.00240	0.00926	0.00550	0.00473
10	0.01219	0.01010	0.01060	0.00960	0.01225	0.01160	0.00745	0.02499	0.68576	0.02087	0.02007	0.01886	0.01513	0.00674	0.00495	0.00165	0.00380	0.00559	0.11022	0.00759
11	0.05896	0.00866	0.01155	0.00889	0.01277	0.00760	0.00735	0.02422	0.01422	0.76075	0.01939	0.01682	0.01221	0.00619	0.00500	0.00156	0.00429	0.00498	0.00612	0.00847
12	0.02078	0.00867	0.01154	0.00876	0.01276	0.00732	0.00721	0.02278	0.01385	0.67237	0.01823	0.01616	0.01173	0.00586	0.00488	0.00144	0.00422	0.00476	0.00575	0.14095
13	0.01218	0.02908	0.14566	0.08001	0.53579	0.01158	0.01499	0.01558	0.01133	0.04459	0.01004	0.01265	0.00801	0.00471	0.00488	0.00151	0.00607	0.00438	0.03937	0.00761
14	0.85801	0.00978	0.00743	0.00665	0.00978	0.01134	0.00548	0.01486	0.00861	0.02269	0.00704	0.00821	0.00548	0.00469	0.00313	0.00156	0.00391	0.00274	0.00313	0.00548
15	0.00735	0.00493	0.00565	0.00565	0.00570	0.00498	0.00324	0.00744	0.00739	0.00991	0.01581	0.03239	0.01808	0.78042	0.06718	0.00507	0.00536	0.00725	0.00305	0.00314
16	0.01234	0.01215	0.01921	0.17062	0.61031	0.05674	0.01493	0.01532	0.01142	0.01564	0.00932	0.01250	0.00770	0.00464	0.00499	0.00152	0.00632	0.00443	0.00246	0.00746
17	0.02161	0.00837	0.01139	0.00881	0.01254	0.00725	0.00725	0.02360	0.01446	0.74055	0.07324	0.01864	0.01496	0.00654	0.00515	0.00157	0.00417	0.00537	0.00621	0.00834
18	0.02077	0.00851	0.01128	0.00885	0.01250	0.00758	0.00724	0.02359	0.06875	0.68134	0.05052	0.01926	0.04240	0.00670	0.00516	0.00158	0.00414	0.00549	0.00610	0.00826
19	0.85801	0.00978	0.00743	0.00665	0.00978	0.01134	0.00548	0.01486	0.00861	0.02269	0.00704	0.00821	0.00548	0.00469	0.00313	0.00156	0.00391	0.00274	0.00313	0.00548
20	0.00785	0.00549	0.00698	0.00745	0.00880	0.00516	0.00600	0.00955	0.01122	0.05687	0.03391	0.16496	0.28426	0.01510	0.06163	0.00244	0.00428	0.29878	0.00463	0.00465
21	0.00790	0.00614	0.00915	0.00976	0.06324	0.00710	0.00699	0.00972	0.00842	0.01234	0.01309	0.01927	0.01220	0.05886	0.64290	0.00693	0.05617	0.00533	0.03971	0.00477
22	0.53240	0.00932	0.00911	0.00756	0.01100	0.00982	0.00624	0.01868	0.01089	0.32344	0.01207	0.01172	0.00822	0.00530	0.00389	0.00156	0.00406	0.00365	0.00435	0.00670
23	0.78992	0.00982	0.00828	0.00718	0.01041	0.01118	0.02689	0.01542	0.00901	0.06369	0.00782	0.00885	0.00591	0.00477	0.00331	0.00157	0.00406	0.00295	0.00328	0.00568
24	0.00624	0.00446	0.00593	0.00699	0.00735	0.00416	0.00470	0.00723	0.01003	0.01346	0.08514	0.76013	0.03452	0.01543	0.00642	0.00202	0.00289	0.01398	0.00476	0.00416
25	0.00955	0.00899	0.01517	0.81013	0.03483	0.01123	0.01404	0.01292	0.01011	0.01292	0.00899	0.01348	0.00674	0.00506	0.00506	0.00169	0.00674	0.00449	0.00225	0.00562
26	0.02201	0.00846	0.01152	0.00888	0.01267	0.00732	0.00732	0.02398	0.01447	0.76043	0.05351	0.01811	0.01405	0.00644	0.00512	0.00157	0.00422	0.00526	0.00623	0.00844

[dist]
# distance from previous block
# <min> <max>
0	1

[block]
# block no. 2 follows, 49 sequences, length 60
# corresponding to MSA columns:
# 192,193,195-232,235-254
name=unknown_C
#
# <colnr> <probs for GDERKNQSTAVLIFYWHMCP>
#	G	D	E	R	K	N	Q	S	T	A	V	L	I	F	Y	W	H	M	C	P
0	0.83247	0.00990	0.00811	0.00709	0.01028	0.01139	0.02862	0.01490	0.00871	0.02249	0.00714	0.00838	0.00554	0.00468	0.00322	0.00157	0.00405	0.00284	0.00311	0.00552
1	0.01132	0.08851	0.42601	0.01791	0.19875	0.01266	0.07108	0.01680	0.07896	0.01625	0.01010	0.01182	0.00767	0.00484	0.00483	0.00155	0.00673	0.00416	0.00252	0.00751
2	0.01232	0.01182	0.02018	0.08178	0.74151	0.01196	0.01542	0.01535	0.01142	0.01629	0.00948	0.01258	0.00793	0.00454	0.00501	0.00151	0.00606	0.00450	0.00249	0.00785
3	0.01196	0.00894	0.01079	0.03405	0.01285	0.00697	0.00643	0.01421	0.01097	0.11236	0.01034	0.01141	0.00809	0.00410	0.00395	0.00088	0.00391	0.00330	0.00337	0.72110
4	0.01352	0.82533	0.02650	0.00865	0.01298	0.02001	0.00865	0.01514	0.01027	0.01190	0.00703	0.00811	0.00649	0.00433	0.00324	0.00108	0.00541	0.00270	0.00216	0.00649
5	0.00637	0.00443	0.00578	0.00685	0.00723	0.00415	0.00460	0.00735	0.00978	0.01331	0.02758	0.75208	0.04662	0.01514	0.00625	0.00199	0.00289	0.01368	0.05977	0.00415
6	0.02260	0.00875	0.01182	0.00906	0.01298	0.00764	0.00749	0.04390	0.01471	0.77465	0.01975	0.01708	0.01242	0.00625	0.00508	0.00156	0.00434	0.00507	0.00623	0.00861
7	0.00616	0.00440	0.00587	0.00704	0.00733	0.00411	0.00469	0.00704	0.00968	0.01291	0.02787	0.81899	0.03344	0.01584	0.00645	0.00205	0.00293	0.01438	0.00469	0.00411
8	0.00703	0.00515	0.00659	0.00626	0.00748	0.00471	0.00469	0.00928	0.01396	0.01951	0.70439	0.05589	0.11480	0.01068	0.00598	0.00161	0.00241	0.00940	0.00547	0.00471
9	0.01222	0.00893	0.01005	0.00897	0.01149	0.00967	0.00697	0.02150	0.46639	0.11707	0.19366	0.04257	0.05258	0.00800	0.00538	0.00168	0.00360	0.00680	0.00535	0.00712
10	0.01161	0.00572	0.00617	0.00563	0.00731	0.00566	0.00436	0.05603	0.01182	0.11529	0.01668	0.01827	0.01266	0.00595	0.00381	0.00124	0.00278	0.00475	0.69885	0.00541
11	0.01343	0.75538	0.07572	0.00912	0.01361	0.03758	0.00932	0.01531	0.01039	0.01217	0.00718	0.00830	0.00648	0.00438	0.00338	0.00112	0.00563	0.00278	0.00217	0.00654
12	0.00916	0.09091	0.00947	0.00707	0.00888	0.00713	0.00559	0.01240	0.07554	0.06460	0.60061	0.03198	0.03879	0.00920	0.00556	0.00155	0.00294	0.00796	0.00522	0.00543
13	0.01323	0.75223	0.05012	0.00877	0.01320	0.01897	0.00882	0.01503	0.01030	0.01230	0.00721	0.00833	0.00654	0.00431	0.00332	0.00108	0.00538	0.00275	0.00221	0.05589
14	0.02269	0.00861	0.01174	0.00900	0.01291	0.00743	0.00743	0.02464	0.01447	0.79425	0.01995	0.01721	0.01252	0.00626	0.00509	0.00156	0.00430	0.00509	0.00626	0.00861
15	0.01007	0.00783	0.00846	0.00776	0.00983	0.03425	0.00598	0.01584	0.25311	0.07274	0.27809	0.03243	0.21057	0.00945	0.00562	0.00166	0.00334	0.02187	0.00516	0.00596
16	0.01732	0.00990	0.01161	0.00921	0.01245	0.01006	0.00749	0.32430	0.01787	0.27790	0.15452	0.01900	0.01729	0.00688	0.00510	0.00152	0.00430	0.00557	0.08013	0.00757
17	0.04274	0.00863	0.01163	0.00894	0.01283	0.00753	0.00739	0.02441	0.01433	0.77573	0.01964	0.01700	0.01235	0.00622	0.00504	0.00156	0.00429	0.00503	0.00618	0.00853
18	0.85801	0.00978	0.00743	0.00665	0.00978	0.01134	0.00548	0.01486	0.00861	0.02269	0.00704	0.00821	0.00548	0.00469	0.00313	0.00156	0.00391	0.00274	0.00313	0.00548
19	0.01659	0.00938	0.01116	0.00911	0.01229	0.00944	0.00733	0.16518	0.16966	0.32680	0.13554	0.02170	0.06817	0.00738	0.00528	0.00160	0.00408	0.00608	0.00560	0.00763
20	0.00735	0.00490	0.00552	0.00552	0.00552	0.00490	0.00306	0.00735	0.00735	0.00980	0.01593	0.03309	0.01838	0.82229	0.02574	0.00490	0.00490	0.00735	0.00306	0.00306
21	0.01258	0.01086	0.01143	0.01029	0.01315	0.01258	0.00800	0.02687	0.78161	0.02115	0.02058	0.01887	0.01544	0.00686	0.00515	0.00172	0.00400	0.00572	0.00515	0.00800
22	0.01203	0.01072	0.01358	0.02807	0.10005	0.01191	0.06822	0.02310	0.56315	0.01954	0.01887	0.05677	0.01511	0.00700	0.00531	0.00172	0.00459	0.02811	0.00456	0.00758
23	0.01889	0.02410	0.01433	0.01303	0.01563	0.80199	0.00977	0.02019	0.01433	0.01238	0.00782	0.00912	0.00651	0.00521	0.00456	0.00130	0.00912	0.00326	0.00261	0.00586
24	0.00712	0.00532	0.00665	0.00638	0.00766	0.00493	0.00479	0.00964	0.03682	0.01893	0.61039	0.06938	0.15711	0.01089	0.00598	0.00164	0.00253	0.02372	0.00537	0.00477
25	0.00732	0.00527	0.00698	0.00684	0.00803	0.00494	0.00532	0.00969	0.01388	0.01944	0.66471	0.04089	0.04470	0.01093	0.00613	0.00171	0.00275	0.13029	0.00542	0.00475
26	0.02097	0.00825	0.01095	0.00853	0.01211	0.00728	0.00700	0.04006	0.01421	0.68124	0.01935	0.01730	0.01248	0.00621	0.00489	0.00152	0.00409	0.00503	0.11042	0.00813
27	0.02269	0.00861	0.01174	0.00900	0.01291	0.00743	0.00743	0.02464	0.01447	0.79425	0.01995	0.01721	0.01252	0.00626	0.00509	0.00156	0.00430	0.00509	0.00626	0.00861
28	0.02269	0.00861	0.01174	0.00900	0.01291	0.00743	0.00743	0.02464	0.01447	0.79425	0.01995	0.01721	0.01252	0.00626	0.00509	0.00156	0.00430	0.00509	0.00626	0.00861
29	0.01049	0.00899	0.01049	0.00749	0.01198	0.00674	0.00599	0.01273	0.01049	0.01648	0.00899	0.01049	0.00749	0.00374	0.00374	0.00075	0.00374	0.00300	0.00300	0.85320
30	0.00712	0.00517	0.00671	0.00633	0.00753	0.00476	0.00475	0.00948	0.01424	0.02009	0.76764	0.03807	0.06826	0.01041	0.00596	0.00159	0.00239	0.00919	0.00554	0.00476
31	0.00724	0.00623	0.03326	0.00807	0.03033	0.00551	0.02219	0.00973	0.06150	0.01570	0.22406	0.40799	0.12375	0.01255	0.00608	0.00183	0.00317	0.01122	0.00476	0.00483
32	0.00724	0.00537	0.00788	0.00788	0.00869	0.00619	0.00601	0.00887	0.00805	0.01155	0.01377	0.02113	0.01319	0.11268	0.72824	0.00782	0.01272	0.00560	0.00274	0.00438
33	0.00943	0.00471	0.00471	0.00471	0.00589	0.00471	0.00353	0.01178	0.01060	0.01885	0.01650	0.01885	0.01296	0.00589	0.00353	0.00118	0.00236	0.00471	0.85036	0.00471
34	0.01197	0.01154	0.01993	0.16867	0.62799	0.01191	0.04383	0.01508	0.01128	0.01587	0.00945	0.01273	0.00777	0.00459	0.00505	0.00154	0.00623	0.00456	0.00246	0.00754
35	0.01370	0.06258	0.08862	0.12875	0.24724	0.14753	0.04215	0.10628	0.02443	0.01656	0.00926	0.01163	0.00741	0.00526	0.00573	0.00154	0.06737	0.00419	0.00276	0.00701
36	0.01161	0.00741	0.01004	0.00858	0.01089	0.00713	0.05594	0.04224	0.10382	0.17628	0.35909	0.04772	0.08573	0.00902	0.00572	0.00166	0.00361	0.04205	0.00532	0.00614
37	0.00616	0.00440	0.00587	0.00704	0.00733	0.00411	0.00469	0.00704	0.00968	0.01291	0.02787	0.81899	0.03344	0.01584	0.00645	0.00205	0.00293	0.01438	0.00469	0.00411
38	0.03461	0.22277	0.15275	0.01169	0.03712	0.13654	0.02476	0.14214	0.01399	0.16157	0.01087	0.01129	0.00798	0.00520	0.00445	0.00140	0.00620	0.00382	0.00350	0.00733
39	0.06904	0.05011	0.01293	0.05857	0.10344	0.09133	0.00878	0.10843	0.16126	0.11220	0.03101	0.06944	0.07714	0.00712	0.00502	0.00159	0.00499	0.01651	0.00420	0.00689
40	0.01770	0.01376	0.01533	0.01383	0.11091	0.04055	0.01007	0.60168	0.04700	0.02820	0.01230	0.02597	0.00930	0.02308	0.00549	0.00159	0.00563	0.00476	0.00462	0.00823
41	0.01383	0.05276	0.04889	0.04666	0.31203	0.09078	0.02627	0.05438	0.19014	0.06286	0.01247	0.01359	0.00965	0.00528	0.00488	0.00150	0.00575	0.00455	0.00344	0.04030
42	0.01274	0.01081	0.01189	0.01092	0.03112	0.01254	0.00838	0.04076	0.66954	0.03675	0.01947	0.01896	0.01486	0.00705	0.00585	0.00175	0.05127	0.02262	0.00492	0.00781
43	0.08267	0.00860	0.01110	0.00865	0.01238	0.00769	0.00712	0.03749	0.01405	0.67754	0.02068	0.01829	0.05718	0.00652	0.00499	0.00157	0.00420	0.00523	0.00592	0.00812
44	0.00955	0.00899	0.01517	0.81013	0.03483	0.01123	0.01404	0.01292	0.01011	0.01292	0.00899	0.01348	0.00674	0.00506	0.00506	0.00169	0.00674	0.00449	0.00225	0.00562
45	0.05495	0.00865	0.01157	0.00891	0.01279	0.00758	0.00736	0.02427	0.01425	0.76445	0.01945	0.01686	0.01225	0.00620	0.00501	0.00156	0.00429	0.00499	0.00614	0.00848
46	0.00706	0.00512	0.00666	0.00637	0.00752	0.00472	0.00474	0.00932	0.01394	0.01963	0.71954	0.08893	0.06592	0.01076	0.00600	0.00162	0.00243	0.00953	0.00549	0.00472
47	0.00630	0.00450	0.00602	0.00716	0.00752	0.00422	0.00490	0.00729	0.00989	0.01319	0.04346	0.75847	0.03349	0.01562	0.00648	0.00206	0.00302	0.05755	0.00471	0.00415
48	0.00665	0.00567	0.00579	0.00566	0.00746	0.00508	0.00427	0.00921	0.08446	0.01465	0.07948	0.04539	0.68424	0.01214	0.00590	0.00170	0.00269	0.01014	0.00478	0.00464
49	0.01889	0.02410	0.01433	0.01303	0.01563	0.80199	0.00977	0.02019	0.01433	0.01238	0.00782	0.00912	0.00651	0.00521	0.00456	0.00130	0.00912	0.00326	0.00261	0.00586
50	0.02269	0.00861	0.01174	0.00900	0.01291	0.00743	0.00743	0.02464	0.01447	0.79425	0.01995	0.01721	0.01252	0.00626	0.00509	0.00156	0.00430	0.00509	0.00626	0.00861
51	0.85801	0.00978	0.00743	0.00665	0.00978	0.01134	0.00548	0.01486	0.00861	0.02269	0.00704	0.00821	0.00548	0.00469	0.00313	0.00156	0.00391	0.00274	0.00313	0.00548
52	0.01194	0.01364	0.02984	0.02131	0.02643	0.01279	0.77238	0.01620	0.01194	0.01620	0.01023	0.01364	0.00767	0.00426	0.00597	0.00171	0.00853	0.00597	0.00256	0.00682
53	0.02269	0.00861	0.01174	0.00900	0.01291	0.00743	0.00743	0.02464	0.01447	0.79425	0.01995	0.01721	0.01252	0.00626	0.00509	0.00156	0.00430	0.00509	0.00626	0.00861
54	0.01889	0.02410	0.01433	0.01303	0.01563	0.80199	0.00977	0.02019	0.01433	0.01238	0.00782	0.00912	0.00651	0.00521	0.00456	0.00130	0.00912	0.00326	0.00261	0.00586
55	0.02269	0.00861	0.01174	0.00900	0.01291	0.00743	0.00743	0.02464	0.01447	0.79425	0.01995	0.01721	0.01252	0.00626	0.00509	0.00156	0.00430	0.00509	0.00626	0.00861
56	0.02269	0.00861	0.01174	0.00900	0.01291	0.00743	0.00743	0.02464	0.01447	0.79425	0.01995	0.01721	0.01252	0.00626	0.00509	0.00156	0.00430	0.00509	0.00626	0.00861
57	0.01258	0.01086	0.01143	0.01029	0.01315	0.01258	0.00800	0.02687	0.78161	0.02115	0.02058	0.01887	0.01544	0.00686	0.00515	0.00172	0.00400	0.00572	0.00515	0.00800
58	0.85801	0.00978	0.00743	0.00665	0.00978	0.01134	0.00548	0.01486	0.00861	0.02269	0.00704	0.00821	0.00548	0.00469	0.00313	0.00156	0.00391	0.00274	0.00313	0.00548
59	0.01297	0.67161	0.05574	0.00977	0.04428	0.01816	0.00910	0.01560	0.05552	0.01321	0.04710	0.01050	0.00913	0.00480	0.00363	0.00118	0.00528	0.00332	0.00252	0.00659

[dist]
# distance from previous block
# <min> <max>
0	2

[block]
# block no. 3 follows, 49 sequences, length 73
# corresponding to MSA columns:
# 257-289,294-328,332-336
name=unknown_D
#
# <colnr> <probs for GDERKNQSTAVLIFYWHMCP>
#	G	D	E	R	K	N	Q	S	T	A	V	L	I	F	Y	W	H	M	C	P
0	0.02004	0.00878	0.03795	0.00881	0.01253	0.00719	0.00742	0.02204	0.01380	0.65769	0.02155	0.06301	0.05872	0.00705	0.00517	0.00158	0.00422	0.00582	0.00585	0.03079
1	0.85801	0.00978	0.00743	0.00665	0.00978	0.01134	0.00548	0.01486	0.00861	0.02269	0.00704	0.00821	0.00548	0.00469	0.00313	0.00156	0.00391	0.00274	0.00313	0.00548
2	0.00845	0.00578	0.00862	0.03798	0.01022	0.00656	0.00664	0.01030	0.00865	0.06912	0.01388	0.01962	0.01250	0.04562	0.70303	0.00736	0.01249	0.00539	0.00296	0.00483
3	0.01256	0.01430	0.09371	0.01969	0.02484	0.01235	0.63994	0.01674	0.01195	0.07316	0.01079	0.01361	0.00790	0.00453	0.00597	0.00169	0.02081	0.00569	0.00279	0.00699
4	0.01352	0.82533	0.02650	0.00865	0.01298	0.02001	0.00865	0.01514	0.01027	0.01190	0.00703	0.00811	0.00649	0.00433	0.00324	0.00108	0.00541	0.00270	0.00216	0.00649
5	0.01293	0.00687	0.00897	0.00789	0.01013	0.00643	0.00630	0.01615	0.07796	0.27951	0.38434	0.03138	0.03121	0.00907	0.00571	0.00167	0.00341	0.08810	0.00567	0.00631
6	0.00685	0.03575	0.00723	0.06502	0.00941	0.00545	0.00520	0.00848	0.01163	0.01499	0.22224	0.22252	0.34295	0.01203	0.00592	0.00173	0.00302	0.01042	0.00464	0.00454
7	0.01191	0.26351	0.50766	0.01249	0.01878	0.01398	0.02763	0.01626	0.01080	0.06030	0.00912	0.01034	0.00681	0.00474	0.00437	0.00145	0.00669	0.00354	0.00239	0.00723
8	0.01167	0.00728	0.00755	0.00674	0.00867	0.00779	0.00526	0.15573	0.11467	0.02158	0.01622	0.01760	0.01247	0.00605	0.00403	0.00131	0.00317	0.00482	0.58151	0.00587
9	0.01839	0.00928	0.01152	0.00909	0.01244	0.00896	0.00741	0.21319	0.01682	0.42923	0.18646	0.02042	0.01924	0.00711	0.00527	0.00156	0.00421	0.00584	0.00580	0.00776
10	0.09092	0.11709	0.10836	0.01302	0.08319	0.23094	0.01055	0.12910	0.06063	0.07323	0.01019	0.01106	0.00782	0.00534	0.00481	0.00145	0.02818	0.00381	0.00330	0.00700
11	0.03631	0.01072	0.02334	0.00981	0.01366	0.03723	0.00812	0.17815	0.07285	0.52850	0.01758	0.01576	0.01151	0.00618	0.00503	0.00156	0.00474	0.00490	0.00569	0.00839
12	0.00685	0.00487	0.00632	0.00688	0.00760	0.00455	0.00480	0.00851	0.02870	0.02734	0.25419	0.52952	0.06337	0.01375	0.00624	0.00189	0.00280	0.01235	0.00499	0.00447
13	0.02230	0.00923	0.01212	0.00929	0.01322	0.00836	0.00768	0.10851	0.01551	0.70891	0.01908	0.01664	0.01208	0.00624	0.00508	0.00156	0.00444	0.00503	0.00612	0.00860
14	0.01186	0.01550	0.20548	0.02240	0.38045	0.02745	0.11170	0.01694	0.09865	0.01676	0.01129	0.01434	0.00909	0.00514	0.00515	0.00160	0.00647	0.02937	0.00279	0.00758
15	0.00860	0.00534	0.00711	0.01907	0.00873	0.00509	0.00544	0.00975	0.01047	0.11600	0.02770	0.58796	0.09010	0.01389	0.00656	0.00197	0.02970	0.03695	0.00478	0.00480
16	0.00627	0.00441	0.00583	0.00696	0.00729	0.00413	0.00466	0.00720	0.00971	0.01310	0.02750	0.79281	0.03277	0.01552	0.00636	0.00202	0.00291	0.01406	0.03236	0.00413
17	0.23404	0.01365	0.04306	0.01740	0.13792	0.09260	0.30480	0.01588	0.01093	0.01729	0.00877	0.01133	0.00693	0.00483	0.00560	0.00163	0.05975	0.00445	0.00267	0.00649
18	0.00732	0.00556	0.00684	0.00692	0.00816	0.00533	0.00521	0.01024	0.07917	0.01724	0.36881	0.20173	0.16266	0.01194	0.00609	0.00179	0.00289	0.08216	0.00512	0.00482
19	0.01362	0.03664	0.01620	0.18985	0.20259	0.06023	0.04499	0.15148	0.01342	0.07468	0.01080	0.01320	0.00838	0.00788	0.07338	0.00205	0.00674	0.00446	0.00323	0.06619
20	0.01193	0.01173	0.09602	0.02479	0.01513	0.00934	0.07724	0.05755	0.13740	0.05681	0.01197	0.02344	0.00933	0.00485	0.00448	0.00120	0.00478	0.00416	0.00350	0.43434
21	0.06622	0.24938	0.42273	0.01206	0.01776	0.09260	0.01380	0.04429	0.01128	0.01551	0.00836	0.00970	0.00646	0.00475	0.00424	0.00142	0.00676	0.00337	0.00236	0.00695
22	0.01331	0.23373	0.33830	0.03551	0.03032	0.03495	0.09215	0.03412	0.01158	0.11585	0.01010	0.01125	0.00744	0.00485	0.00456	0.00146	0.00658	0.00391	0.00281	0.00723
23	0.00678	0.00515	0.00624	0.00597	0.00733	0.00461	0.00448	0.00882	0.01343	0.01819	0.55504	0.04122	0.28206	0.01112	0.00597	0.00163	0.00244	0.00963	0.00529	0.00461
24	0.00624	0.00445	0.00592	0.00706	0.00737	0.00417	0.00475	0.00714	0.00967	0.01289	0.02754	0.77842	0.03294	0.03638	0.00696	0.00213	0.00303	0.03417	0.00465	0.00410
25	0.00618	0.00497	0.00551	0.00571	0.00704	0.00431	0.00416	0.00753	0.01153	0.01444	0.15044	0.21204	0.52220	0.01311	0.00608	0.00177	0.00262	0.01125	0.00482	0.00431
26	0.01047	0.02137	0.53629	0.01586	0.02225	0.01158	0.21663	0.01566	0.01108	0.01600	0.01068	0.01486	0.00840	0.00533	0.00527	0.00168	0.00754	0.05953	0.00243	0.00709
27	0.01922	0.01416	0.01518	0.01163	0.01568	0.01568	0.00961	0.77388	0.02378	0.03187	0.01214	0.01214	0.00860	0.00607	0.00506	0.00152	0.00556	0.00455	0.00506	0.00860
28	0.01258	0.01086	0.01143	0.01029	0.01315	0.01258	0.00800	0.02687	0.78161	0.02115	0.02058	0.01887	0.01544	0.00686	0.00515	0.00172	0.00400	0.00572	0.00515	0.00800
29	0.85801	0.00978	0.00743	0.00665	0.00978	0.01134	0.00548	0.01486	0.00861	0.02269	0.00704	0.00821	0.00548	0.00469	0.00313	0.00156	0.00391	0.00274	0.00313	0.00548
30	0.00716	0.00517	0.00676	0.00636	0.00755	0.00477	0.00477	0.00954	0.01431	0.02028	0.78808	0.03777	0.04771	0.01034	0.00596	0.00159	0.00239	0.00914	0.00557	0.00477
31	0.00598	0.00512	0.00512	0.00512	0.00683	0.00427	0.00384	0.00726	0.01153	0.01366	0.05123	0.04866	0.78869	0.01281	0.00598	0.00171	0.00256	0.01067	0.00470	0.00427
32	0.85801	0.00978	0.00743	0.00665	0.00978	0.01134	0.00548	0.01486	0.00861	0.02269	0.00704	0.00821	0.00548	0.00469	0.00313	0.00156	0.00391	0.00274	0.00313	0.00548
33	0.01150	0.01219	0.02384	0.14341	0.16919	0.01260	0.41442	0.01499	0.01104	0.01522	0.00955	0.01322	0.00756	0.00552	0.02029	0.00183	0.09922	0.00528	0.00246	0.00667
34	0.00955	0.00899	0.01517	0.81013	0.03483	0.01123	0.01404	0.01292	0.01011	0.01292	0.00899	0.01348	0.00674	0.00506	0.00506	0.00169	0.00674	0.00449	0.00225	0.00562
35	0.00610	0.00516	0.00530	0.00537	0.00704	0.00436	0.00409	0.00745	0.01153	0.01375	0.04980	0.04915	0.74427	0.01287	0.00604	0.00174	0.00268	0.05430	0.00469	0.00429
36	0.01268	0.01232	0.02037	0.03058	0.77095	0.03219	0.01537	0.01564	0.01159	0.01641	0.00947	0.01243	0.00797	0.00452	0.00499	0.00150	0.00609	0.00447	0.00251	0.00795
37	0.01184	0.01106	0.01861	0.02768	0.67021	0.01106	0.01438	0.01474	0.01153	0.01631	0.01218	0.01939	0.01127	0.00597	0.00531	0.00163	0.00580	0.12070	0.00284	0.00749
38	0.06473	0.26360	0.45124	0.01326	0.07124	0.01415	0.01447	0.01577	0.01054	0.02629	0.00852	0.00997	0.00657	0.00465	0.00425	0.00144	0.00648	0.00344	0.00229	0.00711
39	0.02036	0.01133	0.08221	0.01130	0.07087	0.05461	0.00913	0.02271	0.01383	0.60704	0.01729	0.01568	0.01119	0.00589	0.00500	0.00153	0.00498	0.00477	0.00534	0.02491
40	0.00634	0.00448	0.00581	0.00681	0.00706	0.00423	0.00445	0.00709	0.00933	0.01244	0.02609	0.70153	0.03119	0.13637	0.00934	0.00248	0.00323	0.01333	0.00445	0.00395
41	0.00625	0.00451	0.00592	0.00688	0.00733	0.00418	0.00466	0.00730	0.01024	0.01369	0.10530	0.70182	0.07292	0.01514	0.00638	0.00199	0.00286	0.01366	0.00478	0.00418
42	0.01642	0.01849	0.06507	0.01388	0.07137	0.39757	0.06483	0.08645	0.01397	0.06662	0.00951	0.01080	0.00741	0.00508	0.00489	0.00134	0.02115	0.00379	0.00307	0.11828
43	0.08153	0.01254	0.01380	0.01065	0.01460	0.01342	0.00880	0.54202	0.02048	0.21050	0.01360	0.01305	0.00929	0.00601	0.00492	0.00153	0.00515	0.00454	0.00520	0.00837
44	0.00617	0.00452	0.00580	0.00677	0.00728	0.00415	0.00458	0.00715	0.01008	0.01325	0.05582	0.69190	0.13345	0.01526	0.00638	0.00199	0.00287	0.01372	0.00472	0.00415
45	0.01101	0.00933	0.01085	0.00783	0.01222	0.00742	0.00629	0.05724	0.01121	0.01730	0.00913	0.01059	0.00754	0.00397	0.00405	0.00082	0.01814	0.00311	0.00310	0.78884
46	0.01131	0.09314	0.06200	0.19631	0.24272	0.02670	0.01203	0.02638	0.11998	0.01558	0.02410	0.01648	0.07848	0.00603	0.00553	0.00159	0.04684	0.00503	0.00302	0.00675
47	0.00616	0.00440	0.00587	0.00704	0.00733	0.00411	0.00469	0.00704	0.00968	0.01291	0.02787	0.81899	0.03344	0.01584	0.00645	0.00205	0.00293	0.01438	0.00469	0.00411
48	0.00832	0.00551	0.00711	0.00655	0.00800	0.00507	0.00497	0.01081	0.02645	0.07669	0.68114	0.03653	0.08318	0.01011	0.00589	0.00160	0.00256	0.00887	0.00557	0.00508
49	0.18963	0.13209	0.04420	0.04753	0.09216	0.21199	0.00956	0.10211	0.02485	0.08783	0.00958	0.01059	0.00736	0.00510	0.00426	0.00143	0.00613	0.00361	0.00325	0.00672
50	0.01649	0.01315	0.01506	0.11012	0.01790	0.07130	0.05721	0.45068	0.06366	0.06028	0.01317	0.06435	0.01033	0.00645	0.00517	0.00158	0.00584	0.00526	0.00441	0.00760
51	0.00639	0.00467	0.00628	0.03507	0.00836	0.00445	0.00507	0.00751	0.01014	0.01352	0.08368	0.69220	0.05822	0.01492	0.00636	0.00200	0.00305	0.02919	0.00467	0.00423
52	0.06728	0.04489	0.07233	0.01141	0.01564	0.01524	0.00997	0.63216	0.03518	0.02923	0.01158	0.01178	0.00830	0.00585	0.00486	0.00151	0.00557	0.00434	0.00463	0.00825
53	0.01660	0.06819	0.01426	0.01036	0.01422	0.08737	0.00849	0.38102	0.05847	0.08071	0.01181	0.01220	0.00880	0.00636	0.02714	0.00151	0.00557	0.00412	0.00424	0.17854
54	0.01689	0.01282	0.01359	0.01098	0.01452	0.02583	0.00886	0.47119	0.27464	0.05523	0.01524	0.01496	0.01119	0.02355	0.00552	0.00165	0.00504	0.00500	0.00505	0.00824
55	0.01021	0.00702	0.00836	0.00746	0.00955	0.00690	0.00576	0.01515	0.19106	0.11052	0.39844	0.03135	0.12822	0.00912	0.00559	0.00160	0.00306	0.00784	0.00535	0.03745
56	0.01255	0.05834	0.46776	0.01552	0.06395	0.01172	0.15053	0.01721	0.01147	0.12733	0.01077	0.01212	0.00760	0.00488	0.00499	0.00158	0.00703	0.00432	0.00282	0.00750
57	0.54803	0.05892	0.05036	0.00859	0.01228	0.01215	0.03675	0.11604	0.01146	0.09160	0.00909	0.00986	0.00671	0.00498	0.00376	0.00154	0.00461	0.00336	0.00353	0.00638
58	0.05573	0.03010	0.01288	0.01093	0.07974	0.00875	0.00819	0.06354	0.01437	0.63472	0.01777	0.01593	0.01148	0.00598	0.00495	0.00154	0.00453	0.00485	0.00564	0.00837
59	0.10169	0.46774	0.04904	0.00964	0.01321	0.13422	0.00894	0.01556	0.01075	0.02833	0.00889	0.01230	0.00817	0.00552	0.00458	0.00135	0.05304	0.05825	0.00259	0.00618
60	0.01795	0.02676	0.01368	0.05707	0.01534	0.02624	0.00877	0.42534	0.01857	0.20207	0.01395	0.04350	0.01021	0.00617	0.00494	0.00148	0.00510	0.00485	0.01735	0.08065
61	0.02158	0.00899	0.01216	0.00945	0.01303	0.00838	0.00781	0.04691	0.01418	0.70333	0.01856	0.01653	0.01189	0.00648	0.00607	0.00162	0.07380	0.00501	0.00587	0.00834
62	0.02136	0.00833	0.01143	0.00892	0.01258	0.00734	0.00734	0.02330	0.01393	0.72704	0.01940	0.01744	0.01253	0.00898	0.07355	0.00213	0.00510	0.00511	0.00595	0.00825
63	0.00760	0.00576	0.00719	0.00679	0.00818	0.00565	0.00514	0.01103	0.09142	0.01898	0.57097	0.03539	0.11448	0.01260	0.07427	0.00218	0.00353	0.00863	0.00519	0.00503
64	0.04429	0.00893	0.01237	0.01083	0.07963	0.00793	0.00807	0.02360	0.01406	0.70669	0.01871	0.01657	0.01194	0.00607	0.00503	0.00156	0.00444	0.00497	0.00585	0.00847
65	0.00609	0.00510	0.00516	0.00516	0.00672	0.00432	0.00378	0.00727	0.01117	0.01333	0.04820	0.04733	0.72253	0.08233	0.00767	0.00198	0.00276	0.01039	0.00456	0.00417
66	0.01202	0.00986	0.01053	0.00956	0.01205	0.01130	0.00737	0.02402	0.65852	0.01992	0.01927	0.01857	0.01468	0.00771	0.00628	0.07478	0.00391	0.00553	0.06686	0.00726
67	0.01213	0.01035	0.01093	0.00988	0.01249	0.01192	0.00758	0.02519	0.71511	0.02018	0.02018	0.02009	0.01569	0.07689	0.00691	0.00199	0.00408	0.00586	0.00497	0.00758
68	0.01315	0.01115	0.01176	0.01041	0.01337	0.01284	0.00814	0.09103	0.71652	0.02207	0.01986	0.01829	0.01485	0.00679	0.00514	0.00170	0.00414	0.00562	0.00514	0.00806
69	0.01331	0.75540	0.02555	0.00905	0.01300	0.01962	0.00886	0.01489	0.01006	0.01192	0.00700	0.00837	0.00650	0.00471	0.00439	0.00118	0.07477	0.00285	0.00217	0.00641
70	0.00626	0.00446	0.00582	0.00688	0.00717	0.00418	0.00454	0.00707	0.00951	0.01266	0.02726	0.73778	0.04559	0.08505	0.00810	0.00229	0.00310	0.01371	0.00455	0.00402
71	0.00716	0.00519	0.00688	0.00651	0.00768	0.00490	0.00490	0.00950	0.01378	0.01954	0.72155	0.03623	0.04470	0.01271	0.07435	0.00215	0.00334	0.00882	0.00532	0.00475
72	0.01748	0.01353	0.01633	0.08908	0.01837	0.01492	0.07550	0.61467	0.04284	0.02840	0.01191	0.01259	0.00853	0.00584	0.00514	0.00156	0.00589	0.00470	0.00458	0.00814

[dist]
# distance from previous block
# <min> <max>
0	2

[block]
# block no. 4 follows, 49 sequences, length 83
# corresponding to MSA columns:
# 339-342,349-351,353-372,377-382,385-403,411-421,425-444
name=unknown_E
#
# <colnr> <probs for GDERKNQSTAVLIFYWHMCP>
#	G	D	E	R	K	N	Q	S	T	A	V	L	I	F	Y	W	H	M	C	P
0	0.00936	0.00565	0.00723	0.00657	0.00821	0.00509	0.00502	0.01152	0.01383	0.13353	0.55508	0.04857	0.12749	0.00999	0.00578	0.00160	0.00270	0.00869	0.02883	0.00527
1	0.02229	0.00853	0.01164	0.00901	0.01284	0.00739	0.00745	0.02425	0.01440	0.77278	0.02014	0.01831	0.01297	0.00647	0.00514	0.00159	0.00431	0.02579	0.00621	0.00850
2	0.00652	0.00508	0.00596	0.00590	0.00724	0.00452	0.00438	0.00824	0.01243	0.01631	0.35650	0.11343	0.38840	0.01274	0.02795	0.00187	0.00282	0.01023	0.00501	0.00447
3	0.01214	0.02422	0.62445	0.05732	0.02420	0.01277	0.12813	0.01702	0.01193	0.01748	0.01100	0.01368	0.00830	0.00591	0.00574	0.00194	0.00810	0.00468	0.00282	0.00814
4	0.01340	0.01038	0.01129	0.00965	0.01244	0.01149	0.00759	0.23287	0.36703	0.04362	0.11394	0.02131	0.05230	0.04726	0.02068	0.00191	0.00440	0.00609	0.00504	0.00732
5	0.01124	0.06426	0.37266	0.01698	0.11568	0.01217	0.18232	0.05421	0.01164	0.01646	0.01086	0.05328	0.00904	0.00558	0.00534	0.00163	0.01920	0.02770	0.00263	0.00711
6	0.00677	0.00515	0.00622	0.00595	0.00732	0.00461	0.00447	0.00879	0.01340	0.01811	0.54614	0.04135	0.29100	0.01115	0.00597	0.00163	0.00244	0.00965	0.00528	0.00461
7	0.74374	0.00966	0.00834	0.08307	0.01228	0.01118	0.00637	0.01507	0.00899	0.05286	0.00775	0.00908	0.00588	0.00479	0.00339	0.00158	0.00420	0.00300	0.00317	0.00562
8	0.79171	0.01067	0.02388	0.02202	0.01072	0.04270	0.00607	0.01506	0.00890	0.02196	0.00715	0.00840	0.00556	0.00472	0.00326	0.00156	0.00424	0.00281	0.00307	0.00553
9	0.01186	0.00911	0.01023	0.02209	0.01195	0.00994	0.00723	0.07585	0.41514	0.06945	0.18245	0.02600	0.07448	0.00821	0.00545	0.00169	0.00378	0.04295	0.00520	0.00696
10	0.01338	0.02277	0.01307	0.13038	0.07749	0.04521	0.02030	0.09747	0.21400	0.09953	0.01471	0.05356	0.01160	0.00658	0.01705	0.00160	0.00508	0.00513	0.03345	0.11765
11	0.00641	0.00514	0.00572	0.00558	0.00710	0.00445	0.00418	0.00810	0.01255	0.01609	0.32160	0.04467	0.51680	0.01190	0.00597	0.00166	0.00250	0.01011	0.00502	0.00445
12	0.01020	0.00970	0.01613	0.60169	0.16473	0.01176	0.01403	0.01330	0.01014	0.01348	0.00887	0.01309	0.00695	0.00531	0.00610	0.00170	0.08000	0.00449	0.00229	0.00603
13	0.00665	0.00510	0.00608	0.00595	0.00727	0.00454	0.00442	0.00851	0.01295	0.01729	0.45926	0.09631	0.32408	0.01165	0.00600	0.00167	0.00249	0.01008	0.00518	0.00454
14	0.85801	0.00978	0.00743	0.00665	0.00978	0.01134	0.00548	0.01486	0.00861	0.02269	0.00704	0.00821	0.00548	0.00469	0.00313	0.00156	0.00391	0.00274	0.00313	0.00548
15	0.85801	0.00978	0.00743	0.00665	0.00978	0.01134	0.00548	0.01486	0.00861	0.02269	0.00704	0.00821	0.00548	0.00469	0.00313	0.00156	0.00391	0.00274	0.00313	0.00548
16	0.00800	0.00577	0.00794	0.00902	0.01022	0.00571	0.00785	0.01025	0.01163	0.01503	0.02848	0.05646	0.08206	0.01389	0.00691	0.00228	0.00451	0.70470	0.00466	0.00463
17	0.02148	0.00825	0.01110	0.00861	0.01227	0.00718	0.00708	0.02347	0.01412	0.72367	0.01964	0.01736	0.01256	0.00623	0.00494	0.00153	0.00413	0.00505	0.08309	0.00825
18	0.01252	0.01201	0.02053	0.03104	0.79074	0.01201	0.01552	0.01552	0.01151	0.01652	0.00951	0.01252	0.00801	0.00451	0.00501	0.00150	0.00601	0.00451	0.00250	0.00801
19	0.85801	0.00978	0.00743	0.00665	0.00978	0.01134	0.00548	0.01486	0.00861	0.02269	0.00704	0.00821	0.00548	0.00469	0.00313	0.00156	0.00391	0.00274	0.00313	0.00548
20	0.01922	0.01416	0.01518	0.01163	0.01568	0.01568	0.00961	0.77388	0.02378	0.03187	0.01214	0.01214	0.00860	0.00607	0.00506	0.00152	0.00556	0.00455	0.00506	0.00860
21	0.85801	0.00978	0.00743	0.00665	0.00978	0.01134	0.00548	0.01486	0.00861	0.02269	0.00704	0.00821	0.00548	0.00469	0.00313	0.00156	0.00391	0.00274	0.00313	0.00548
22	0.00815	0.00582	0.00815	0.00931	0.01048	0.00582	0.00815	0.01048	0.01164	0.01513	0.02677	0.05704	0.02910	0.01397	0.00698	0.00233	0.00466	0.75671	0.00466	0.00466
23	0.00598	0.00512	0.00512	0.00512	0.00683	0.00427	0.00384	0.00726	0.01153	0.01366	0.05123	0.04866	0.78869	0.01281	0.00598	0.00171	0.00256	0.01067	0.00470	0.00427
24	0.01125	0.01138	0.01546	0.01327	0.01333	0.03435	0.01103	0.01236	0.00790	0.01217	0.00667	0.01102	0.00663	0.00876	0.01631	0.00219	0.79376	0.00440	0.00222	0.00554
25	0.01049	0.00899	0.01049	0.00749	0.01198	0.00674	0.00599	0.01273	0.01049	0.01648	0.00899	0.01049	0.00749	0.00374	0.00374	0.00075	0.00374	0.00300	0.00300	0.85320
26	0.01874	0.04603	0.01466	0.01291	0.01556	0.78058	0.00974	0.02005	0.01422	0.01236	0.00779	0.00909	0.00651	0.00519	0.00452	0.00130	0.00902	0.00324	0.00259	0.00588
27	0.00810	0.00579	0.00809	0.00926	0.01040	0.00578	0.00807	0.01040	0.01159	0.01508	0.02680	0.07497	0.02920	0.01401	0.00697	0.00232	0.00462	0.73924	0.00466	0.00464
28	0.04337	0.00863	0.01163	0.00894	0.01283	0.00753	0.00738	0.02440	0.01433	0.77514	0.01963	0.01699	0.01234	0.00622	0.00504	0.00156	0.00429	0.00503	0.00618	0.00853
29	0.01258	0.01086	0.01143	0.01029	0.01315	0.01258	0.00800	0.02687	0.78161	0.02115	0.02058	0.01887	0.01544	0.00686	0.00515	0.00172	0.00400	0.00572	0.00515	0.00800
30	0.00798	0.00570	0.00796	0.00912	0.01021	0.00568	0.00786	0.01019	0.01147	0.01494	0.02687	0.12153	0.02947	0.01413	0.00694	0.00230	0.00451	0.69388	0.00466	0.00461
31	0.00616	0.00440	0.00587	0.00704	0.00733	0.00411	0.00469	0.00704	0.00968	0.01291	0.02787	0.81899	0.03344	0.01584	0.00645	0.00205	0.00293	0.01438	0.00469	0.00411
32	0.81788	0.00999	0.00780	0.00689	0.01006	0.01155	0.00567	0.05118	0.00933	0.02313	0.00728	0.00840	0.00563	0.00476	0.00322	0.00156	0.00399	0.00282	0.00322	0.00563
33	0.00729	0.00514	0.00664	0.00627	0.00746	0.00477	0.00470	0.00967	0.01410	0.02020	0.74447	0.03670	0.04575	0.01009	0.00583	0.00157	0.00238	0.00889	0.05330	0.00477
34	0.00652	0.00504	0.00595	0.00593	0.00722	0.00447	0.00437	0.00824	0.01250	0.01648	0.37298	0.14845	0.35941	0.01213	0.00604	0.00170	0.00253	0.01050	0.00508	0.00447
35	0.01258	0.01086	0.01143	0.01029	0.01315	0.01258	0.00800	0.02687	0.78161	0.02115	0.02058	0.01887	0.01544	0.00686	0.00515	0.00172	0.00400	0.00572	0.00515	0.00800
36	0.01202	0.00978	0.01025	0.00930	0.01187	0.01119	0.00721	0.02420	0.64533	0.02075	0.01986	0.01886	0.01500	0.00669	0.00486	0.00162	0.00371	0.00554	0.15454	0.00742
37	0.01352	0.82533	0.02650	0.00865	0.01298	0.02001	0.00865	0.01514	0.01027	0.01190	0.00703	0.00811	0.00649	0.00433	0.00324	0.00108	0.00541	0.00270	0.00216	0.00649
38	0.02208	0.00847	0.01154	0.00889	0.01270	0.00733	0.00733	0.02405	0.01447	0.76378	0.05019	0.01802	0.01390	0.00642	0.00512	0.00157	0.00423	0.00524	0.00623	0.00845
39	0.01178	0.04074	0.01240	0.03507	0.01287	0.03273	0.09576	0.12713	0.01287	0.09934	0.06538	0.28551	0.02005	0.03235	0.00699	0.02995	0.02851	0.01958	0.02522	0.00579
40	0.00716	0.00517	0.00676	0.00636	0.00755	0.00477	0.00477	0.00954	0.01431	0.02028	0.78808	0.03777	0.04771	0.01034	0.00596	0.00159	0.00239	0.00914	0.00557	0.00477
41	0.01565	0.06199	0.11542	0.04057	0.01585	0.01213	0.03521	0.14039	0.27874	0.20611	0.01603	0.01533	0.01138	0.00602	0.00498	0.00159	0.00511	0.00491	0.00463	0.00795
42	0.01688	0.01276	0.01361	0.01058	0.01443	0.03812	0.00862	0.50771	0.07120	0.05730	0.03592	0.01332	0.01021	0.00636	0.01769	0.00151	0.00525	0.00450	0.00467	0.14936
43	0.03432	0.65533	0.05446	0.00948	0.02792	0.03450	0.00907	0.01611	0.02399	0.06811	0.00832	0.00921	0.00708	0.00464	0.00377	0.00119	0.02024	0.00304	0.00254	0.00668
44	0.00693	0.00514	0.00646	0.00617	0.00743	0.00467	0.00461	0.00910	0.01374	0.01899	0.64602	0.05651	0.17374	0.01088	0.00598	0.00162	0.00243	0.00952	0.00540	0.00467
45	0.00878	0.00439	0.00659	0.00659	0.00659	0.00439	0.00439	0.00659	0.00659	0.00878	0.00878	0.01537	0.00878	0.01757	0.01976	0.85288	0.00439	0.00439	0.00220	0.00220
46	0.00987	0.00932	0.01559	0.71991	0.05855	0.01138	0.03616	0.01382	0.04985	0.01356	0.00964	0.01373	0.00726	0.00511	0.00509	0.00168	0.00663	0.00460	0.00241	0.00585
47	0.05565	0.05857	0.20436	0.06583	0.35464	0.01237	0.01411	0.06716	0.05532	0.01756	0.00990	0.01193	0.00778	0.00482	0.00473	0.00150	0.00603	0.00415	0.00276	0.04084
48	0.00777	0.00568	0.00763	0.00863	0.00985	0.00554	0.00741	0.00990	0.01157	0.01485	0.03042	0.07829	0.14142	0.01385	0.00682	0.00223	0.00430	0.62461	0.00466	0.00458
49	0.00768	0.00572	0.00721	0.00674	0.00809	0.00552	0.00508	0.01121	0.08809	0.02036	0.71428	0.03595	0.04461	0.01000	0.00589	0.00160	0.00254	0.00882	0.00553	0.00508
50	0.01115	0.01110	0.02065	0.20120	0.17550	0.01131	0.30639	0.05694	0.01188	0.01600	0.01314	0.08845	0.04069	0.00599	0.00556	0.00168	0.00671	0.00622	0.00290	0.00653
51	0.00940	0.00766	0.00953	0.09522	0.04332	0.00815	0.00718	0.01541	0.25051	0.03104	0.29306	0.04571	0.13001	0.00891	0.00559	0.00168	0.00361	0.02321	0.00481	0.00597
52	0.02186	0.00994	0.01256	0.00963	0.01357	0.00941	0.00795	0.20389	0.01670	0.61185	0.01808	0.01600	0.01158	0.00621	0.00508	0.00155	0.00460	0.00496	0.00597	0.00860
53	0.05586	0.00589	0.00723	0.00665	0.00810	0.00570	0.00506	0.04911	0.01448	0.02101	0.70408	0.03479	0.04332	0.00980	0.00576	0.00159	0.00264	0.00855	0.00540	0.00501
54	0.06230	0.06908	0.01459	0.02675	0.04567	0.44771	0.00936	0.14556	0.01518	0.06093	0.04931	0.01166	0.00933	0.00556	0.00461	0.00138	0.00723	0.00389	0.00337	0.00652
55	0.01149	0.00893	0.01466	0.69194	0.03159	0.01067	0.01307	0.01465	0.01075	0.12819	0.01060	0.01403	0.00759	0.00523	0.00506	0.00167	0.00638	0.00458	0.00284	0.00606
56	0.01922	0.01416	0.01518	0.01163	0.01568	0.01568	0.00961	0.77388	0.02378	0.03187	0.01214	0.01214	0.00860	0.00607	0.00506	0.00152	0.00556	0.00455	0.00506	0.00860
57	0.00735	0.00490	0.00552	0.00552	0.00552	0.00490	0.00306	0.00735	0.00735	0.00980	0.01593	0.03309	0.01838	0.82229	0.02574	0.00490	0.00490	0.00735	0.00306	0.00306
58	0.01889	0.02410	0.01433	0.01303	0.01563	0.80199	0.00977	0.02019	0.01433	0.01238	0.00782	0.00912	0.00651	0.00521	0.00456	0.00130	0.00912	0.00326	0.00261	0.00586
59	0.01231	0.01367	0.02908	0.02082	0.02588	0.01294	0.73319	0.05512	0.01254	0.01700	0.01033	0.01356	0.00772	0.00436	0.00592	0.00170	0.00837	0.00589	0.00269	0.00691
60	0.00598	0.00512	0.00512	0.00512	0.00683	0.00427	0.00384	0.00726	0.01153	0.01366	0.05123	0.04866	0.78869	0.01281	0.00598	0.00171	0.00256	0.01067	0.00470	0.00427
61	0.01313	0.01114	0.01175	0.01040	0.01336	0.01284	0.00814	0.08900	0.71858	0.02204	0.01988	0.01831	0.01487	0.00679	0.00514	0.00170	0.00413	0.00562	0.00514	0.00805
