[name]
unknown

[dist]
# distance from previous block
# <min> <max>
7	88

[block]
# block no. 0 follows, 47 sequences, length 35
# corresponding to MSA columns:
# 112-146
name=unknown_A
#
# <colnr> <probs for GDERKNQSTAVLIFYWHMCP>
#	G	D	E	R	K	N	Q	S	T	A	V	L	I	F	Y	W	H	M	C	P
0	0.01304	0.00929	0.01056	0.03609	0.01236	0.02880	0.00719	0.17154	0.11039	0.10359	0.06414	0.13679	0.04772	0.07237	0.02516	0.00205	0.00466	0.03036	0.01961	0.09428
1	0.03146	0.01040	0.01206	0.04095	0.03114	0.01101	0.00804	0.28973	0.09410	0.11265	0.07365	0.06403	0.01523	0.06148	0.00681	0.00181	0.01898	0.00587	0.04617	0.06446
2	0.01675	0.01175	0.01302	0.04384	0.01469	0.05314	0.00859	0.35009	0.01776	0.15689	0.04293	0.08068	0.03052	0.00789	0.02264	0.00171	0.02750	0.00571	0.00481	0.08912
3	0.05929	0.00932	0.01088	0.07196	0.01328	0.00979	0.00743	0.21889	0.03113	0.04870	0.14374	0.06500	0.05614	0.07402	0.00740	0.00185	0.03560	0.00633	0.02113	0.10812
4	0.03044	0.01055	0.01482	0.16604	0.01911	0.01123	0.09005	0.17476	0.09725	0.19841	0.04667	0.07388	0.01347	0.00692	0.00566	0.00171	0.02112	0.00598	0.00457	0.00738
5	0.04141	0.00982	0.01178	0.08857	0.01440	0.03208	0.03493	0.18465	0.05990	0.09725	0.03920	0.07708	0.01383	0.07778	0.00741	0.00190	0.03966	0.00587	0.11748	0.04501
6	0.02839	0.00934	0.01044	0.00915	0.01134	0.03987	0.00709	0.16772	0.08159	0.11532	0.01880	0.15772	0.04835	0.06574	0.07056	0.00246	0.05645	0.00704	0.06299	0.02965
7	0.10316	0.01318	0.06067	0.01136	0.01506	0.01347	0.04144	0.40822	0.02998	0.05733	0.02923	0.03025	0.01008	0.00720	0.02552	0.00178	0.06717	0.00481	0.02547	0.04461
8	0.10253	0.01049	0.02305	0.02971	0.01348	0.01090	0.02287	0.24567	0.05598	0.09567	0.03684	0.09596	0.04891	0.02244	0.00622	0.00174	0.04517	0.05061	0.00453	0.07722
9	0.05773	0.01066	0.05877	0.06729	0.01480	0.05130	0.07710	0.06123	0.05365	0.01752	0.10471	0.17731	0.01838	0.02241	0.00602	0.00166	0.02830	0.00700	0.00382	0.16034
10	0.12080	0.01227	0.01339	0.01076	0.01411	0.06998	0.06396	0.27009	0.08305	0.05398	0.03318	0.01599	0.04322	0.04467	0.02072	0.01560	0.02556	0.00498	0.00419	0.07950
11	0.09093	0.01214	0.03727	0.12799	0.06535	0.02406	0.21726	0.03027	0.03604	0.01807	0.01308	0.08027	0.01152	0.02121	0.00651	0.00190	0.03493	0.00596	0.02543	0.13981
12	0.03353	0.01062	0.01623	0.33892	0.10119	0.01181	0.07590	0.07778	0.03575	0.01673	0.00994	0.01312	0.00779	0.00540	0.00611	0.00160	0.08103	0.00452	0.01885	0.13318
13	0.01184	0.01088	0.05820	0.04243	0.01426	0.00864	0.00773	0.10470	0.02950	0.01887	0.01013	0.01158	0.00809	0.00440	0.00417	0.00099	0.00441	0.00350	0.02660	0.61906
14	0.00840	0.00567	0.00797	0.12338	0.01209	0.00566	0.00640	0.00983	0.01066	0.07962	0.06541	0.54104	0.04493	0.04474	0.00705	0.00210	0.00375	0.01186	0.00459	0.00485
15	0.00995	0.00938	0.01583	0.77446	0.06495	0.01160	0.01452	0.01341	0.01047	0.01345	0.00928	0.01385	0.00699	0.00518	0.00520	0.00173	0.00691	0.00463	0.00232	0.00588
16	0.00775	0.00538	0.00745	0.00748	0.00830	0.00602	0.00560	0.00941	0.00865	0.01286	0.01505	0.03991	0.01437	0.14291	0.56057	0.00677	0.01085	0.00596	0.12024	0.00446
17	0.02336	0.00886	0.01209	0.00927	0.01329	0.00765	0.00765	0.02538	0.01491	0.78810	0.02055	0.01773	0.01289	0.00645	0.00524	0.00161	0.00443	0.00524	0.00645	0.00886
18	0.00713	0.00529	0.00665	0.00635	0.00765	0.00481	0.00475	0.00936	0.01412	0.01951	0.63685	0.06077	0.17501	0.01123	0.00616	0.00167	0.00250	0.00983	0.00556	0.00481
19	0.00637	0.00460	0.00603	0.00711	0.00753	0.00426	0.00478	0.00735	0.01024	0.01358	0.05393	0.74331	0.07979	0.01595	0.00660	0.00208	0.00298	0.01441	0.00486	0.00426
20	0.85377	0.01007	0.00765	0.00685	0.01007	0.01168	0.00564	0.01531	0.00886	0.02336	0.00725	0.00846	0.00564	0.00483	0.00322	0.00161	0.00403	0.00282	0.00322	0.00564
21	0.02336	0.00886	0.01209	0.00927	0.01329	0.00765	0.00765	0.02538	0.01491	0.78810	0.02055	0.01773	0.01289	0.00645	0.00524	0.00161	0.00443	0.00524	0.00645	0.00886
22	0.85377	0.01007	0.00765	0.00685	0.01007	0.01168	0.00564	0.01531	0.00886	0.02336	0.00725	0.00846	0.00564	0.00483	0.00322	0.00161	0.00403	0.00282	0.00322	0.00564
23	0.00757	0.00505	0.00568	0.00568	0.00568	0.00505	0.00316	0.00757	0.00757	0.01010	0.01641	0.03408	0.01893	0.81698	0.02651	0.00505	0.00505	0.00757	0.00316	0.00316
24	0.02336	0.00886	0.01209	0.00927	0.01329	0.00765	0.00765	0.02538	0.01491	0.78810	0.02055	0.01773	0.01289	0.00645	0.00524	0.00161	0.00443	0.00524	0.00645	0.00886
25	0.85377	0.01007	0.00765	0.00685	0.01007	0.01168	0.00564	0.01531	0.00886	0.02336	0.00725	0.00846	0.00564	0.00483	0.00322	0.00161	0.00403	0.00282	0.00322	0.00564
26	0.00651	0.00472	0.00616	0.00709	0.00763	0.00437	0.00488	0.00767	0.01073	0.01431	0.11901	0.64484	0.09138	0.01536	0.00657	0.00204	0.00298	0.03448	0.00494	0.00434
27	0.02001	0.01424	0.01542	0.01182	0.01598	0.01564	0.00976	0.72262	0.02391	0.07814	0.01299	0.01282	0.00910	0.00626	0.00521	0.00157	0.00565	0.00472	0.00528	0.00886
28	0.00737	0.00532	0.00696	0.00655	0.00778	0.00491	0.00491	0.00983	0.01474	0.02088	0.78175	0.03890	0.04914	0.01065	0.00614	0.00164	0.00246	0.00942	0.00573	0.00491
29	0.01926	0.00841	0.01107	0.00888	0.01226	0.00766	0.00719	0.02262	0.09067	0.56439	0.16676	0.02196	0.02015	0.00731	0.00542	0.00163	0.00402	0.00610	0.00619	0.00804
30	0.00898	0.00457	0.00685	0.00685	0.00689	0.00461	0.00461	0.00689	0.00685	0.00917	0.00925	0.01603	0.00921	0.01898	0.05326	0.81286	0.00492	0.00457	0.00228	0.00236
31	0.01215	0.01265	0.01584	0.01365	0.01390	0.08907	0.01127	0.01331	0.00861	0.01255	0.00695	0.01121	0.00682	0.00876	0.01593	0.00219	0.73265	0.00444	0.00232	0.00573
32	0.00634	0.00453	0.00604	0.00725	0.00755	0.00423	0.00483	0.00725	0.00997	0.01329	0.02870	0.81358	0.03444	0.01632	0.00665	0.00211	0.00302	0.01480	0.00483	0.00423
33	0.00639	0.00455	0.00603	0.00719	0.00749	0.00426	0.00477	0.00726	0.00988	0.01318	0.02826	0.78562	0.03389	0.04504	0.00736	0.00222	0.00309	0.01455	0.00477	0.00419
34	0.01237	0.01303	0.04314	0.04630	0.45208	0.01240	0.28320	0.01591	0.01182	0.01657	0.01024	0.01395	0.00839	0.03012	0.00618	0.00174	0.00713	0.00525	0.00260	0.00758

[dist]
# distance from previous block
# <min> <max>
1	25

[block]
# block no. 1 follows, 47 sequences, length 36
# corresponding to MSA columns:
# 172-207
name=unknown_B
#
# <colnr> <probs for GDERKNQSTAVLIFYWHMCP>
#	G	D	E	R	K	N	Q	S	T	A	V	L	I	F	Y	W	H	M	C	P
0	0.06861	0.01247	0.01339	0.01065	0.01434	0.01366	0.00869	0.47416	0.13698	0.10905	0.01470	0.01439	0.01050	0.00630	0.00499	0.00158	0.00500	0.00483	0.06746	0.00827
1	0.01411	0.01101	0.01236	0.00937	0.01352	0.01047	0.00758	0.25270	0.07891	0.04110	0.01172	0.01248	0.00902	0.00510	0.00467	0.00116	0.01878	0.00395	0.02745	0.45454
2	0.01351	0.03341	0.11654	0.08254	0.42327	0.03718	0.01444	0.14467	0.01387	0.01904	0.01145	0.01425	0.02741	0.00542	0.00515	0.00158	0.00633	0.01907	0.00306	0.00783
3	0.06398	0.20166	0.38133	0.01285	0.03428	0.03085	0.03726	0.08335	0.01243	0.08168	0.00998	0.01104	0.00736	0.00505	0.00457	0.00151	0.00659	0.00381	0.00292	0.00750
4	0.04253	0.00976	0.01101	0.00958	0.01205	0.01036	0.00743	0.37036	0.01722	0.06519	0.03738	0.34350	0.02045	0.01046	0.00576	0.00180	0.00441	0.00894	0.00507	0.00675
5	0.03832	0.01375	0.01448	0.23294	0.06114	0.20143	0.02393	0.06873	0.01247	0.01599	0.00916	0.01172	0.00734	0.00522	0.00546	0.00142	0.05770	0.00395	0.01688	0.19796
6	0.00677	0.00505	0.00622	0.00661	0.00757	0.00461	0.00475	0.00824	0.01172	0.01548	0.23652	0.31856	0.22678	0.06153	0.00760	0.00209	0.00300	0.05747	0.00497	0.00443
7	0.01268	0.00942	0.01227	0.20299	0.04213	0.01058	0.03246	0.21308	0.03072	0.02099	0.01316	0.01559	0.01008	0.00656	0.01990	0.00164	0.03392	0.00481	0.30060	0.00642
8	0.00667	0.00528	0.00600	0.00586	0.00736	0.00461	0.00438	0.00846	0.01303	0.01691	0.35811	0.06403	0.45643	0.01220	0.00616	0.00172	0.00257	0.01042	0.00521	0.00461
9	0.01373	0.77704	0.06871	0.00923	0.01386	0.02014	0.00947	0.01564	0.01060	0.01248	0.00735	0.00850	0.00668	0.00448	0.00343	0.00114	0.00568	0.00284	0.00223	0.00674
10	0.00643	0.00509	0.00578	0.00602	0.00731	0.00445	0.00436	0.00784	0.01189	0.01510	0.17894	0.24790	0.45338	0.01355	0.00628	0.00183	0.00271	0.01170	0.00500	0.00445
11	0.00741	0.00540	0.00750	0.00753	0.00822	0.00600	0.00549	0.00873	0.00830	0.01165	0.01616	0.04451	0.03866	0.24581	0.54682	0.00713	0.01095	0.00651	0.00300	0.00423
12	0.01392	0.82012	0.02729	0.00891	0.01337	0.02061	0.00891	0.01559	0.01058	0.01225	0.00724	0.00835	0.00668	0.00446	0.00334	0.00111	0.00557	0.00278	0.00223	0.00668
13	0.01084	0.11779	0.70263	0.01416	0.02149	0.01307	0.01806	0.01639	0.01095	0.01601	0.00910	0.01069	0.00661	0.00489	0.00476	0.00159	0.00745	0.00373	0.00220	0.00758
14	0.01248	0.00881	0.00954	0.00869	0.02414	0.08786	0.00659	0.06352	0.02863	0.15924	0.40823	0.04951	0.06795	0.00927	0.00578	0.00164	0.00394	0.03276	0.00535	0.00608
15	0.85377	0.01007	0.00765	0.00685	0.01007	0.01168	0.00564	0.01531	0.00886	0.02336	0.00725	0.00846	0.00564	0.00483	0.00322	0.00161	0.00403	0.00282	0.00322	0.00564
16	0.00638	0.00526	0.00560	0.00556	0.00718	0.00448	0.00415	0.00788	0.01232	0.01525	0.18086	0.07068	0.63074	0.01283	0.00617	0.00175	0.00262	0.01083	0.00499	0.00448
17	0.78451	0.00997	0.00802	0.00705	0.01034	0.01135	0.00581	0.01615	0.00937	0.08714	0.00836	0.00923	0.00624	0.00497	0.00339	0.00161	0.00406	0.00302	0.00349	0.00591
18	0.82684	0.01003	0.00780	0.00693	0.01018	0.01155	0.00571	0.01563	0.00906	0.04816	0.00768	0.00876	0.00587	0.00489	0.00329	0.00161	0.00404	0.00290	0.00333	0.00574
19	0.85377	0.01007	0.00765	0.00685	0.01007	0.01168	0.00564	0.01531	0.00886	0.02336	0.00725	0.00846	0.00564	0.00483	0.00322	0.00161	0.00403	0.00282	0.00322	0.00564
20	0.02336	0.00886	0.01209	0.00927	0.01329	0.00765	0.00765	0.02538	0.01491	0.78810	0.02055	0.01773	0.01289	0.00645	0.00524	0.00161	0.00443	0.00524	0.00645	0.00886
21	0.01980	0.01459	0.01563	0.01198	0.01615	0.01615	0.00990	0.76713	0.02448	0.03282	0.01250	0.01250	0.00886	0.00625	0.00521	0.00156	0.00573	0.00469	0.00521	0.00886
22	0.85377	0.01007	0.00765	0.00685	0.01007	0.01168	0.00564	0.01531	0.00886	0.02336	0.00725	0.00846	0.00564	0.00483	0.00322	0.00161	0.00403	0.00282	0.00322	0.00564
23	0.00897	0.00596	0.00759	0.00714	0.00873	0.00554	0.00558	0.03403	0.01437	0.07944	0.51829	0.04021	0.13359	0.01095	0.00617	0.00174	0.00301	0.09789	0.00555	0.00526
24	0.02055	0.01338	0.01488	0.01141	0.01555	0.01436	0.00943	0.61077	0.02247	0.19203	0.01420	0.01360	0.00971	0.00629	0.00522	0.00157	0.00546	0.00480	0.00547	0.00886
25	0.85377	0.01007	0.00765	0.00685	0.01007	0.01168	0.00564	0.01531	0.00886	0.02336	0.00725	0.00846	0.00564	0.00483	0.00322	0.00161	0.00403	0.00282	0.00322	0.00564
26	0.85377	0.01007	0.00765	0.00685	0.01007	0.01168	0.00564	0.01531	0.00886	0.02336	0.00725	0.00846	0.00564	0.00483	0.00322	0.00161	0.00403	0.00282	0.00322	0.00564
27	0.00634	0.00453	0.00604	0.00725	0.00755	0.00423	0.00483	0.00725	0.00997	0.01329	0.02870	0.81358	0.03444	0.01632	0.00665	0.00211	0.00302	0.01480	0.00483	0.00423
28	0.00640	0.00461	0.00607	0.00713	0.00755	0.00428	0.00480	0.00741	0.01033	0.01377	0.07405	0.73704	0.06558	0.01585	0.00660	0.00207	0.00297	0.01433	0.00489	0.00428
29	0.01139	0.01139	0.01595	0.01367	0.01367	0.01595	0.01139	0.01253	0.00798	0.01253	0.00684	0.01139	0.00684	0.00911	0.01709	0.00228	0.80745	0.00456	0.00228	0.00570
30	0.01185	0.00922	0.01091	0.00784	0.01242	0.00700	0.00629	0.01414	0.01114	0.08128	0.01020	0.01138	0.00815	0.00407	0.00397	0.00084	0.00390	0.00326	0.00337	0.77877
31	0.00745	0.00554	0.00815	0.00815	0.00900	0.00639	0.00623	0.00916	0.00830	0.01192	0.01415	0.02159	0.01351	0.10394	0.73214	0.00809	0.01321	0.00575	0.00282	0.00453
32	0.01954	0.01503	0.01545	0.01201	0.01606	0.05840	0.00985	0.70144	0.04949	0.03135	0.01256	0.01257	0.00898	0.00623	0.00518	0.00156	0.00587	0.00466	0.00508	0.00868
33	0.01152	0.01055	0.01113	0.00819	0.01265	0.07275	0.00650	0.01375	0.01113	0.01662	0.00916	0.01068	0.00763	0.00398	0.00393	0.00082	0.00432	0.00311	0.00305	0.77853
34	0.01289	0.01237	0.02114	0.03196	0.78450	0.01237	0.01598	0.01598	0.01186	0.01701	0.00980	0.01289	0.00825	0.00464	0.00516	0.00155	0.00619	0.00464	0.00258	0.00825
35	0.25898	0.00746	0.00825	0.00721	0.00962	0.00748	0.00570	0.01472	0.01305	0.18349	0.39399	0.02550	0.02873	0.00806	0.00509	0.00162	0.00333	0.00660	0.00515	0.00596

[dist]
# distance from previous block
# <min> <max>
0	1

[block]
# block no. 2 follows, 47 sequences, length 26
# corresponding to MSA columns:
# 244-269
name=unknown_C
#
# <colnr> <probs for GDERKNQSTAVLIFYWHMCP>
#	G	D	E	R	K	N	Q	S	T	A	V	L	I	F	Y	W	H	M	C	P
0	0.01277	0.01214	0.02009	0.06188	0.68636	0.01239	0.01524	0.01689	0.07846	0.01728	0.01077	0.01350	0.00886	0.00488	0.00517	0.00157	0.00604	0.00475	0.00280	0.00815
1	0.00802	0.00589	0.00733	0.00761	0.00866	0.00558	0.00533	0.07427	0.01140	0.01550	0.05598	0.60556	0.02973	0.04915	0.00712	0.00205	0.00340	0.01233	0.00467	0.08041
2	0.00634	0.00453	0.00604	0.00725	0.00755	0.00423	0.00483	0.00725	0.00997	0.01329	0.02870	0.81358	0.03444	0.01632	0.00665	0.00211	0.00302	0.01480	0.00483	0.00423
3	0.00893	0.00452	0.00675	0.00680	0.00682	0.00451	0.00454	0.00680	0.00692	0.00923	0.00988	0.04953	0.01012	0.01802	0.01977	0.81274	0.00446	0.00496	0.00237	0.00234
4	0.03279	0.01094	0.07229	0.41045	0.16232	0.01128	0.04249	0.01366	0.01059	0.01457	0.01081	0.01722	0.00925	0.00661	0.00665	0.03755	0.05214	0.06963	0.00260	0.00617
5	0.77175	0.01014	0.00821	0.00717	0.01048	0.01156	0.00591	0.04018	0.00977	0.07448	0.00830	0.00921	0.00623	0.00499	0.00342	0.00161	0.00411	0.00304	0.00350	0.00596
6	0.09203	0.01139	0.07900	0.01182	0.04890	0.00960	0.07520	0.07333	0.01426	0.47911	0.01678	0.01679	0.01137	0.00616	0.00518	0.00165	0.00523	0.02888	0.00517	0.00817
7	0.01096	0.07563	0.62024	0.01560	0.02270	0.01281	0.13748	0.01646	0.01117	0.01625	0.00940	0.01131	0.00681	0.00483	0.00504	0.00163	0.00773	0.00415	0.00227	0.00752
8	0.14323	0.00601	0.00573	0.00549	0.00698	0.00632	0.00411	0.03635	0.01067	0.01947	0.01524	0.01903	0.01258	0.09252	0.00607	0.00170	0.00307	0.00482	0.59570	0.00492
9	0.00891	0.00462	0.00692	0.00692	0.00700	0.00470	0.00470	0.00700	0.00692	0.00931	0.00947	0.01623	0.00939	0.01992	0.08813	0.77510	0.00535	0.00462	0.00231	0.00247
10	0.04122	0.03498	0.09122	0.11101	0.34895	0.11196	0.04659	0.01766	0.03275	0.09840	0.01081	0.01286	0.00831	0.00507	0.00503	0.00156	0.00661	0.00446	0.00303	0.00752
11	0.01249	0.02408	0.66703	0.01396	0.02108	0.01139	0.01741	0.01790	0.01161	0.13846	0.01112	0.01206	0.00759	0.00518	0.00499	0.00164	0.00718	0.00407	0.00287	0.00788
12	0.01522	0.00922	0.01008	0.00837	0.01109	0.00973	0.00668	0.26788	0.08269	0.13061	0.01634	0.01716	0.01211	0.02233	0.00498	0.00151	0.00401	0.00500	0.35796	0.00701
13	0.00682	0.00492	0.00655	0.00769	0.00829	0.00465	0.00562	0.00810	0.01055	0.01388	0.02977	0.59352	0.07489	0.01569	0.00675	0.00216	0.00342	0.18755	0.00483	0.00437
14	0.02584	0.11903	0.12336	0.10846	0.29712	0.12448	0.02793	0.01616	0.02313	0.01559	0.04275	0.01404	0.00985	0.00537	0.00492	0.00153	0.00664	0.02400	0.00271	0.00708
15	0.00643	0.00459	0.00614	0.00735	0.00769	0.00431	0.00499	0.00740	0.01006	0.01339	0.02865	0.78128	0.03425	0.01623	0.00667	0.00213	0.00310	0.04625	0.00483	0.00425
16	0.00634	0.00456	0.00602	0.00719	0.00754	0.00424	0.00481	0.00726	0.01003	0.01332	0.02948	0.78896	0.05856	0.01621	0.00663	0.00210	0.00301	0.01468	0.00483	0.00424
17	0.01595	0.08455	0.08361	0.17008	0.03936	0.18687	0.01138	0.23199	0.01583	0.06443	0.01204	0.01331	0.03645	0.00581	0.00495	0.00153	0.00676	0.00441	0.00355	0.00716
18	0.00982	0.00633	0.00730	0.00658	0.00863	0.00571	0.00508	0.05573	0.01382	0.12517	0.25072	0.03922	0.39732	0.01089	0.00589	0.00167	0.00301	0.00917	0.03251	0.00544
19	0.02336	0.00886	0.01209	0.00927	0.01329	0.00765	0.00765	0.02538	0.01491	0.78810	0.02055	0.01773	0.01289	0.00645	0.00524	0.00161	0.00443	0.00524	0.00645	0.00886
20	0.01078	0.02686	0.76133	0.01479	0.02230	0.04109	0.01890	0.01665	0.01113	0.01635	0.00930	0.01094	0.00660	0.00496	0.00494	0.00164	0.00776	0.00383	0.00222	0.00763
21	0.01494	0.06992	0.09215	0.20513	0.06510	0.01144	0.09527	0.03350	0.08066	0.23702	0.01414	0.01592	0.01022	0.00579	0.00522	0.00166	0.00603	0.02454	0.00392	0.00745
22	0.02185	0.00901	0.01193	0.00931	0.01314	0.00811	0.00763	0.04442	0.06655	0.68219	0.05427	0.01865	0.01460	0.00667	0.00528	0.00162	0.00436	0.00545	0.00630	0.00864
23	0.01352	0.01086	0.01370	0.06255	0.04806	0.10790	0.10534	0.09009	0.01434	0.13569	0.18944	0.08876	0.04918	0.00826	0.00590	0.01354	0.00536	0.02664	0.00447	0.00640
24	0.19770	0.06717	0.10615	0.02295	0.01403	0.01148	0.04344	0.11121	0.07952	0.04704	0.05148	0.10173	0.02648	0.00701	0.00519	0.00162	0.03159	0.00557	0.00383	0.06480
25	0.01587	0.03471	0.13053	0.01199	0.03512	0.05815	0.04208	0.22990	0.08525	0.14935	0.01494	0.08340	0.01185	0.00669	0.00517	0.00159	0.00562	0.00550	0.02124	0.05105

[dist]
# distance from previous block
# <min> <max>
0	18

[block]
# block no. 3 follows, 47 sequences, length 15
# corresponding to MSA columns:
# 309-323
name=unknown_D
#
# <colnr> <probs for GDERKNQSTAVLIFYWHMCP>
#	G	D	E	R	K	N	Q	S	T	A	V	L	I	F	Y	W	H	M	C	P
0	0.21050	0.28600	0.08389	0.01132	0.08134	0.05937	0.00946	0.05403	0.01161	0.07405	0.02484	0.01099	0.00820	0.00600	0.02696	0.00160	0.00573	0.00358	0.00308	0.02744
1	0.22518	0.16357	0.16953	0.01088	0.04047	0.06488	0.01022	0.06825	0.01223	0.15310	0.01101	0.03078	0.00837	0.00547	0.00432	0.00152	0.00563	0.00396	0.00351	0.00710
2	0.01020	0.00766	0.00871	0.04489	0.01041	0.02410	0.00553	0.04347	0.06442	0.04975	0.01660	0.06753	0.04410	0.36577	0.01444	0.00298	0.00468	0.00645	0.00363	0.20469
3	0.00648	0.00517	0.00584	0.00616	0.00750	0.00453	0.00458	0.00791	0.01174	0.01468	0.11653	0.21660	0.49044	0.01372	0.00634	0.00187	0.00287	0.06767	0.00492	0.00444
4	0.01036	0.03663	0.00838	0.00692	0.00888	0.00592	0.00540	0.01251	0.01411	0.16122	0.48368	0.03581	0.16977	0.01008	0.00587	0.00163	0.00297	0.00867	0.00557	0.00562
5	0.01001	0.00796	0.01180	0.38760	0.02151	0.03109	0.00987	0.03385	0.00958	0.01248	0.01032	0.05655	0.00930	0.01051	0.01103	0.29763	0.03984	0.00510	0.01939	0.00455
6	0.01057	0.01001	0.01695	0.61826	0.21632	0.01176	0.01483	0.01395	0.01076	0.01420	0.00939	0.01364	0.00726	0.00507	0.00519	0.00169	0.00676	0.00463	0.00238	0.00638
7	0.03619	0.01013	0.01565	0.63947	0.06842	0.01222	0.01367	0.11281	0.01229	0.01635	0.00965	0.01349	0.00722	0.00531	0.00515	0.00170	0.00666	0.00458	0.00273	0.00630
8	0.85377	0.01007	0.00765	0.00685	0.01007	0.01168	0.00564	0.01531	0.00886	0.02336	0.00725	0.00846	0.00564	0.00483	0.00322	0.00161	0.00403	0.00282	0.00322	0.00564
9	0.00616	0.00524	0.00531	0.00537	0.00706	0.00439	0.00400	0.00746	0.01178	0.01403	0.05156	0.08795	0.74532	0.01334	0.00618	0.00178	0.00266	0.01118	0.00484	0.00439
10	0.00653	0.00482	0.00611	0.00679	0.00752	0.00440	0.00471	0.00782	0.01127	0.01499	0.18845	0.52940	0.15883	0.01463	0.00646	0.00196	0.00284	0.01307	0.00502	0.00440
11	0.01001	0.00944	0.01594	0.75906	0.07987	0.01162	0.01455	0.01346	0.01050	0.01352	0.00929	0.01383	0.00702	0.00517	0.00520	0.00172	0.00690	0.00463	0.00233	0.00593
12	0.01054	0.00898	0.01052	0.00769	0.01206	0.00678	0.00609	0.01277	0.01075	0.01676	0.01038	0.05730	0.00926	0.00458	0.00402	0.00085	0.00381	0.00376	0.00319	0.79990
13	0.03941	0.00841	0.01086	0.00854	0.01214	0.00731	0.00693	0.03597	0.01409	0.52326	0.08422	0.04692	0.06096	0.00716	0.00519	0.00153	0.00406	0.00591	0.00572	0.11142
14	0.01077	0.00863	0.01026	0.01053	0.05603	0.00931	0.00766	0.04023	0.35143	0.03369	0.11002	0.16374	0.04549	0.01005	0.00590	0.00188	0.00397	0.10874	0.00505	0.00663

[dist]
# distance from previous block
# <min> <max>
0	1

[block]
# block no. 4 follows, 47 sequences, length 11
# corresponding to MSA columns:
# 325-335
name=unknown_E
#
# <colnr> <probs for GDERKNQSTAVLIFYWHMCP>
#	G	D	E	R	K	N	Q	S	T	A	V	L	I	F	Y	W	H	M	C	P
0	0.01115	0.01399	0.25099	0.01260	0.01675	0.00913	0.13516	0.03187	0.01249	0.09740	0.11134	0.09147	0.03331	0.00853	0.00589	0.00183	0.00585	0.13977	0.00395	0.00652
1	0.01251	0.01192	0.01993	0.12830	0.64792	0.01230	0.01537	0.01628	0.05335	0.01681	0.01035	0.01337	0.00850	0.00484	0.00517	0.00158	0.00617	0.00471	0.00269	0.00794
2	0.01544	0.01612	0.01363	0.01273	0.04661	0.33192	0.00948	0.05919	0.12652	0.05576	0.01401	0.08419	0.03597	0.00756	0.00724	0.00168	0.14645	0.00542	0.00359	0.00649
3	0.01083	0.00624	0.00808	0.00792	0.00964	0.00578	0.00618	0.01309	0.04180	0.18399	0.13835	0.24433	0.13151	0.01219	0.00626	0.00193	0.00359	0.15735	0.00533	0.00563
4	0.02788	0.35249	0.09110	0.09120	0.03138	0.09725	0.01026	0.05956	0.03042	0.01526	0.05753	0.02560	0.03369	0.00612	0.00471	0.00145	0.02051	0.03411	0.00298	0.00650
5	0.01109	0.07945	0.01050	0.00903	0.05123	0.07706	0.00665	0.01360	0.05863	0.10720	0.13171	0.08996	0.28103	0.01005	0.00565	0.00168	0.00408	0.04097	0.00463	0.00578
6	0.00859	0.00545	0.00742	0.00810	0.00902	0.00528	0.00614	0.01005	0.01069	0.08145	0.02562	0.41169	0.02846	0.06517	0.07749	0.00288	0.00474	0.22229	0.00468	0.00477
7	0.01385	0.01490	0.02947	0.09944	0.21624	0.23110	0.05713	0.05466	0.06064	0.01593	0.01234	0.07700	0.01114	0.00713	0.01791	0.00175	0.03275	0.03675	0.00314	0.00672
8	0.01325	0.27086	0.21994	0.01749	0.22485	0.03568	0.04261	0.01653	0.01135	0.05718	0.00933	0.01113	0.00748	0.00494	0.00501	0.00147	0.03696	0.00391	0.00257	0.00744
9	0.01701	0.02092	0.01372	0.01257	0.01473	0.61965	0.00947	0.01835	0.01374	0.01317	0.04726	0.08137	0.01120	0.00691	0.00603	0.00151	0.07885	0.00476	0.00298	0.00579
10	0.01918	0.07963	0.01265	0.00892	0.01249	0.00894	0.00740	0.05788	0.04702	0.52148	0.12234	0.02068	0.04366	0.00708	0.00523	0.00158	0.00425	0.00578	0.00582	0.00796

[dist]
# distance from previous block
# <min> <max>
4	11

[block]
# block no. 5 follows, 47 sequences, length 25
# corresponding to MSA columns:
# 364-388
name=unknown_F
#
# <colnr> <probs for GDERKNQSTAVLIFYWHMCP>
#	G	D	E	R	K	N	Q	S	T	A	V	L	I	F	Y	W	H	M	C	P
0	0.01491	0.07458	0.10620	0.09917	0.01727	0.01021	0.05349	0.03568	0.04368	0.25263	0.06325	0.01551	0.01204	0.00573	0.00514	0.00147	0.02036	0.00475	0.00413	0.15981
1	0.12684	0.01269	0.01303	0.01111	0.04670	0.04231	0.00859	0.46879	0.04022	0.02713	0.01516	0.01579	0.06725	0.02448	0.00538	0.00164	0.00517	0.00497	0.05516	0.00758
2	0.06488	0.00729	0.06470	0.00614	0.00809	0.00637	0.00529	0.04497	0.01130	0.01982	0.01550	0.01780	0.01214	0.00683	0.02577	0.00149	0.00339	0.00466	0.66828	0.00528
3	0.07511	0.01064	0.01400	0.35391	0.10153	0.05423	0.01120	0.09683	0.01248	0.01735	0.04855	0.02527	0.03132	0.00645	0.02218	0.00170	0.00606	0.00481	0.00312	0.10326
4	0.00757	0.00534	0.00625	0.00627	0.00772	0.00468	0.00461	0.00908	0.01222	0.06552	0.19849	0.22733	0.40005	0.01296	0.00621	0.00181	0.00281	0.01119	0.00513	0.00476
5	0.01228	0.05342	0.47209	0.07480	0.02307	0.01213	0.15956	0.01721	0.01160	0.09925	0.01069	0.01241	0.00755	0.00500	0.00516	0.00165	0.00741	0.00445	0.00275	0.00751
6	0.01178	0.00856	0.00945	0.00836	0.01077	0.00887	0.00647	0.14700	0.19800	0.05687	0.09632	0.12290	0.13441	0.00903	0.00539	0.00164	0.00369	0.00760	0.10447	0.04843
7	0.00636	0.00492	0.00580	0.00635	0.00735	0.00436	0.00447	0.00757	0.01120	0.01430	0.10588	0.42123	0.35261	0.01449	0.00639	0.00192	0.00281	0.01271	0.00491	0.00436
8	0.07049	0.45761	0.07951	0.01048	0.01436	0.16050	0.00985	0.01673	0.01121	0.04494	0.00805	0.00940	0.00688	0.00517	0.00498	0.00135	0.07616	0.00323	0.00255	0.00657
9	0.10317	0.01473	0.10118	0.13115	0.24030	0.09714	0.01277	0.15044	0.01394	0.05249	0.01057	0.01319	0.00825	0.00545	0.00495	0.00160	0.00639	0.02167	0.00327	0.00737
10	0.04344	0.35824	0.19478	0.01050	0.01528	0.04329	0.04112	0.03137	0.01114	0.01495	0.02545	0.01258	0.03006	0.04261	0.00517	0.00147	0.00590	0.00385	0.00264	0.10616
11	0.04877	0.01113	0.09199	0.00982	0.01373	0.00932	0.00871	0.08518	0.11208	0.42543	0.11092	0.01904	0.01643	0.00681	0.00525	0.00163	0.00458	0.00555	0.00555	0.00806
12	0.02174	0.00851	0.01151	0.00894	0.01272	0.00736	0.00734	0.02375	0.01476	0.71266	0.06130	0.02032	0.05042	0.00697	0.00533	0.00162	0.00425	0.00572	0.00633	0.00845
13	0.01199	0.01378	0.07771	0.13134	0.08360	0.01266	0.47252	0.04363	0.04333	0.01694	0.01191	0.01490	0.02982	0.00499	0.00579	0.00172	0.00778	0.00573	0.00282	0.00703
14	0.05470	0.05811	0.07991	0.07518	0.20915	0.11443	0.01164	0.13391	0.01392	0.09362	0.01210	0.01364	0.02797	0.00634	0.02234	0.00169	0.02258	0.00447	0.03699	0.00732
15	0.00648	0.00470	0.00616	0.00726	0.00775	0.00438	0.00503	0.00754	0.01028	0.01353	0.03061	0.69360	0.09598	0.01591	0.00665	0.00211	0.00312	0.06980	0.00483	0.00429
16	0.00702	0.00522	0.00654	0.00648	0.00768	0.00475	0.00481	0.00904	0.01345	0.01837	0.51685	0.14977	0.18810	0.01202	0.00624	0.00175	0.00263	0.02915	0.00541	0.00472
17	0.01080	0.00926	0.01080	0.00771	0.01234	0.00694	0.00617	0.01311	0.01080	0.01697	0.00926	0.01080	0.00771	0.00386	0.00386	0.00077	0.00386	0.00309	0.00309	0.84882
18	0.43320	0.09277	0.03720	0.02304	0.08253	0.18247	0.00868	0.02787	0.01087	0.01879	0.00781	0.00938	0.00635	0.00509	0.00436	0.00153	0.03575	0.00325	0.00290	0.00618
19	0.00639	0.00474	0.00596	0.00680	0.00747	0.00432	0.00466	0.00750	0.01073	0.01404	0.09242	0.59960	0.18588	0.01524	0.00651	0.00201	0.00290	0.01362	0.00490	0.00432
20	0.01263	0.01045	0.10199	0.04179	0.02967	0.00936	0.00840	0.16185	0.01348	0.07021	0.01439	0.03503	0.01132	0.00843	0.05469	0.00193	0.05725	0.00498	0.34577	0.00638
21	0.00848	0.00707	0.05812	0.00788	0.00948	0.00587	0.00637	0.02277	0.04616	0.05361	0.36284	0.28730	0.03673	0.01191	0.00620	0.00184	0.00333	0.05362	0.00516	0.00526
22	0.01111	0.00944	0.01096	0.00786	0.01247	0.00726	0.00630	0.03898	0.01127	0.01751	0.00937	0.01086	0.00775	0.00394	0.00390	0.00080	0.00392	0.00314	0.00316	0.82000
23	0.00843	0.00735	0.06579	0.00754	0.00870	0.00622	0.00571	0.07440	0.01074	0.01467	0.06979	0.32176	0.02475	0.31429	0.01374	0.00308	0.00432	0.00980	0.02436	0.00455
24	0.11080	0.18857	0.02967	0.01212	0.03054	0.50564	0.00960	0.03099	0.01327	0.01430	0.00792	0.00922	0.00665	0.00511	0.00427	0.00134	0.00785	0.00323	0.00268	0.00625

[dist]
# distance from previous block
# <min> <max>
0	2

[block]
# block no. 6 follows, 47 sequences, length 17
# corresponding to MSA columns:
# 457-473
name=unknown_G
#
# <colnr> <probs for GDERKNQSTAVLIFYWHMCP>
#	G	D	E	R	K	N	Q	S	T	A	V	L	I	F	Y	W	H	M	C	P
0	0.09492	0.00925	0.01178	0.00916	0.01303	0.00851	0.00755	0.07558	0.01504	0.64401	0.04360	0.01724	0.01316	0.00643	0.00509	0.00161	0.00442	0.00512	0.00606	0.00845
1	0.00721	0.00500	0.00590	0.00608	0.00643	0.00482	0.00378	0.00781	0.00931	0.01247	0.12545	0.19126	0.07713	0.49388	0.01841	0.00378	0.00413	0.00949	0.00395	0.00369
2	0.00861	0.00689	0.00972	0.03735	0.01066	0.00835	0.00721	0.03498	0.00880	0.01260	0.01293	0.02048	0.01252	0.14703	0.49944	0.00641	0.14277	0.00564	0.00282	0.00478
3	0.00779	0.00566	0.00749	0.00844	0.00953	0.00551	0.00699	0.00970	0.01143	0.01472	0.03049	0.13775	0.13739	0.07240	0.00838	0.00247	0.00431	0.51028	0.00469	0.00456
4	0.01082	0.00944	0.01179	0.04304	0.01395	0.00739	0.03642	0.01326	0.01084	0.01680	0.00931	0.01106	0.00769	0.00394	0.00401	0.00085	0.00419	0.00327	0.00303	0.77890
5	0.13437	0.13493	0.29469	0.05719	0.04826	0.01248	0.05946	0.04144	0.01099	0.01681	0.01150	0.11927	0.01049	0.00648	0.00501	0.00164	0.02015	0.00528	0.00287	0.00666
6	0.14239	0.00904	0.01145	0.00892	0.01283	0.00823	0.00737	0.02394	0.01404	0.67849	0.01864	0.01640	0.01185	0.00621	0.00495	0.00161	0.00437	0.00489	0.00598	0.00840
7	0.00707	0.00528	0.00664	0.00692	0.00809	0.00485	0.00529	0.00895	0.01267	0.01689	0.33304	0.19312	0.21561	0.01299	0.00643	0.00189	0.00302	0.14142	0.00518	0.00464
8	0.01873	0.02331	0.01443	0.01310	0.01582	0.70925	0.00986	0.02156	0.09906	0.01375	0.00951	0.01050	0.00773	0.00555	0.00476	0.00139	0.00881	0.00363	0.00297	0.00628
9	0.00664	0.00523	0.00600	0.00594	0.00737	0.00458	0.00441	0.00837	0.01282	0.01665	0.33450	0.11224	0.43175	0.01247	0.00619	0.00174	0.00260	0.01071	0.00518	0.00458
10	0.01506	0.01753	0.01513	0.01337	0.01467	0.38369	0.01060	0.01632	0.01119	0.01262	0.00765	0.01075	0.00698	0.00835	0.03725	0.00204	0.40445	0.00402	0.00249	0.00582
11	0.01224	0.00986	0.01140	0.00826	0.01281	0.00803	0.00665	0.10099	0.01252	0.04309	0.00999	0.01121	0.00801	0.00422	0.00406	0.00089	0.00409	0.00334	0.00344	0.72492
12	0.02869	0.01207	0.04015	0.13927	0.17952	0.01185	0.32243	0.01565	0.05439	0.01630	0.01206	0.07910	0.01034	0.00580	0.00589	0.00172	0.02500	0.00606	0.00291	0.03080
13	0.01139	0.01113	0.01499	0.37831	0.10404	0.08711	0.02602	0.01517	0.07733	0.01467	0.01108	0.04053	0.00920	0.00713	0.03186	0.00191	0.08362	0.00495	0.03022	0.03936
14	0.00744	0.00558	0.00837	0.00837	0.00930	0.00651	0.00651	0.00930	0.00837	0.01209	0.01395	0.02046	0.01302	0.03906	0.79635	0.00837	0.01395	0.00558	0.00279	0.00465
15	0.00634	0.00453	0.00604	0.00725	0.00755	0.00423	0.00483	0.00725	0.00997	0.01329	0.02870	0.81358	0.03444	0.01632	0.00665	0.00211	0.00302	0.01480	0.00483	0.00423
16	0.01215	0.08832	0.25367	0.01895	0.06316	0.03879	0.41632	0.01663	0.01182	0.01613	0.00978	0.01244	0.00739	0.00460	0.00545	0.00164	0.00807	0.00501	0.00247	0.00722

[dist]
# distance from previous block
# <min> <max>
0	13

[block]
# block no. 7 follows, 47 sequences, length 11
# corresponding to MSA columns:
# 487-497
name=unknown_H
#
# <colnr> <probs for GDERKNQSTAVLIFYWHMCP>
#	G	D	E	R	K	N	Q	S	T	A	V	L	I	F	Y	W	H	M	C	P
0	0.11016	0.00969	0.04183	0.00923	0.01331	0.00825	0.00789	0.02398	0.01412	0.67774	0.01871	0.01649	0.01188	0.00622	0.00501	0.00161	0.00452	0.00493	0.00594	0.00848
1	0.00634	0.00453	0.00604	0.00725	0.00755	0.00423	0.00483	0.00725	0.00997	0.01329	0.02870	0.81358	0.03444	0.01632	0.00665	0.00211	0.00302	0.01480	0.00483	0.00423
2	0.00775	0.00507	0.00628	0.00628	0.00643	0.00522	0.00390	0.00775	0.00760	0.01029	0.01501	0.02935	0.01662	0.57990	0.15384	0.11917	0.00646	0.00683	0.00297	0.00328
3	0.00847	0.00657	0.00894	0.11714	0.01281	0.00685	0.02153	0.07492	0.03511	0.01559	0.05004	0.48313	0.04908	0.04184	0.00698	0.00209	0.00406	0.04535	0.00446	0.00504
4	0.08484	0.00895	0.01176	0.00909	0.01306	0.00795	0.00750	0.02463	0.01446	0.73149	0.01956	0.01704	0.01235	0.00633	0.00509	0.00161	0.00440	0.00506	0.00621	0.00862
5	0.01028	0.00541	0.00546	0.00526	0.00664	0.00549	0.00399	0.05490	0.01169	0.02017	0.01673	0.01902	0.01309	0.00608	0.00373	0.00123	0.00261	0.00484	0.79828	0.00508
6	0.01227	0.01856	0.31427	0.05973	0.12701	0.04236	0.25721	0.01674	0.01171	0.04941	0.01014	0.01262	0.00754	0.00495	0.00576	0.00168	0.03325	0.00480	0.00260	0.00738
7	0.01635	0.09095	0.01596	0.01298	0.04114	0.41457	0.05688	0.05251	0.09295	0.04156	0.01400	0.01475	0.07500	0.00625	0.00531	0.00148	0.03291	0.00460	0.00332	0.00653
8	0.00807	0.00607	0.00833	0.00824	0.00917	0.00593	0.05282	0.06244	0.01091	0.01454	0.04320	0.46458	0.04374	0.18561	0.01076	0.00267	0.00408	0.04989	0.00438	0.00456
9	0.01607	0.00793	0.01022	0.00841	0.01125	0.00738	0.00672	0.06869	0.05525	0.38541	0.32977	0.02608	0.02753	0.00817	0.00561	0.00163	0.00370	0.00694	0.00601	0.00722
10	0.06656	0.13642	0.07312	0.06913	0.33874	0.08339	0.01302	0.07941	0.01249	0.01716	0.00946	0.01230	0.00791	0.00526	0.00526	0.00153	0.04082	0.01790	0.00278	0.00734

[dist]
# distance from previous block
# <min> <max>
4	11

[block]
# block no. 8 follows, 47 sequences, length 15
# corresponding to MSA columns:
# 509-523
name=unknown_I
#
# <colnr> <probs for GDERKNQSTAVLIFYWHMCP>
#	G	D	E	R	K	N	Q	S	T	A	V	L	I	F	Y	W	H	M	C	P
0	0.01256	0.05118	0.40259	0.06575	0.05274	0.14888	0.14524	0.01724	0.02661	0.01564	0.00949	0.01157	0.00711	0.00495	0.00508	0.00160	0.00792	0.00424	0.00244	0.00717
1	0.00869	0.00537	0.00655	0.00667	0.00785	0.00485	0.00471	0.00988	0.01110	0.10741	0.07930	0.35336	0.21856	0.10877	0.00857	0.00225	0.00328	0.01111	0.03695	0.00477
2	0.01385	0.01297	0.01298	0.01328	0.10997	0.18339	0.00921	0.08805	0.14639	0.03983	0.01397	0.06121	0.01187	0.01072	0.10012	0.00242	0.07695	0.00531	0.08088	0.00664
3	0.00666	0.00470	0.00614	0.00718	0.00749	0.00446	0.00482	0.00753	0.00975	0.01298	0.02684	0.65079	0.03189	0.13269	0.00957	0.00256	0.00343	0.06181	0.00459	0.00411
4	0.00935	0.00840	0.01223	0.05677	0.01272	0.01053	0.03641	0.01095	0.00937	0.01362	0.11474	0.07627	0.01673	0.08117	0.16786	0.00355	0.34463	0.00645	0.00311	0.00513
5	0.01317	0.01350	0.01994	0.08116	0.54222	0.10519	0.06066	0.01604	0.01197	0.01597	0.01065	0.01357	0.02906	0.00517	0.00568	0.00158	0.03956	0.00475	0.00262	0.00753
6	0.01270	0.01530	0.13202	0.05958	0.40492	0.05789	0.17449	0.03256	0.01226	0.01688	0.02552	0.01323	0.00864	0.00486	0.00533	0.00160	0.00709	0.00487	0.00265	0.00762
7	0.01715	0.01377	0.01527	0.04522	0.04204	0.06028	0.01024	0.44323	0.07449	0.05322	0.01194	0.01286	0.00894	0.00657	0.00708	0.00167	0.13619	0.00465	0.00437	0.03084
8	0.00710	0.00547	0.00643	0.00616	0.00758	0.00497	0.00458	0.00939	0.03606	0.01791	0.45610	0.04223	0.31650	0.04811	0.00705	0.00184	0.00269	0.00981	0.00527	0.00474
9	0.01452	0.30699	0.03328	0.01154	0.03226	0.07006	0.05671	0.07386	0.04211	0.08830	0.01072	0.03065	0.00893	0.00674	0.02418	0.00165	0.12668	0.00427	0.02508	0.03147
10	0.04116	0.13662	0.05487	0.10580	0.10048	0.16804	0.01114	0.24605	0.01564	0.01981	0.00993	0.01164	0.00780	0.00690	0.04070	0.00179	0.00703	0.00407	0.00333	0.00721
11	0.00643	0.00460	0.00612	0.00719	0.00757	0.00429	0.00484	0.00747	0.01038	0.01394	0.09323	0.74720	0.03570	0.01583	0.00660	0.00207	0.00297	0.01434	0.00491	0.00429
12	0.01222	0.00995	0.01485	0.11671	0.03965	0.01085	0.11739	0.15846	0.01346	0.06640	0.03685	0.20480	0.04758	0.00898	0.00736	0.00185	0.11460	0.00768	0.00397	0.00636
13	0.06258	0.11645	0.49111	0.01495	0.02134	0.01337	0.15606	0.01625	0.01098	0.01634	0.00913	0.01111	0.00680	0.00489	0.00519	0.00162	0.02810	0.00411	0.00235	0.00727
14	0.00659	0.00468	0.00598	0.00687	0.00721	0.00440	0.00451	0.00741	0.00980	0.01304	0.05486	0.61855	0.06198	0.15625	0.01009	0.00260	0.00334	0.01319	0.00457	0.00407

[dist]
# distance from previous block
# <min> <max>
1	6

[block]
# block no. 9 follows, 47 sequences, length 40
# corresponding to MSA columns:
# 554-575,581-584,587-600
name=unknown_J
#
# <colnr> <probs for GDERKNQSTAVLIFYWHMCP>
#	G	D	E	R	K	N	Q	S	T	A	V	L	I	F	Y	W	H	M	C	P
0	0.64562	0.06376	0.06636	0.00788	0.01160	0.01198	0.00710	0.02865	0.00996	0.09484	0.00875	0.00958	0.00652	0.00499	0.00358	0.00158	0.00446	0.00315	0.00342	0.00622
1	0.13494	0.16188	0.46477	0.01235	0.01841	0.03078	0.01448	0.05783	0.02949	0.01770	0.00910	0.01041	0.00682	0.00498	0.00443	0.00154	0.00663	0.00360	0.00260	0.00726
2	0.00744	0.00558	0.00837	0.00837	0.00930	0.00651	0.00651	0.00930	0.00837	0.01209	0.01395	0.02046	0.01302	0.03906	0.79635	0.00837	0.01395	0.00558	0.00279	0.00465
3	0.01400	0.57204	0.10039	0.01030	0.01483	0.06822	0.02467	0.04167	0.08389	0.01436	0.00906	0.00998	0.00764	0.00487	0.00389	0.00127	0.00595	0.00335	0.00265	0.00697
4	0.02226	0.00953	0.01239	0.00954	0.01349	0.00874	0.00786	0.12844	0.01624	0.65366	0.04811	0.01779	0.01369	0.00658	0.00527	0.00161	0.00454	0.00532	0.00625	0.00871
5	0.00736	0.00534	0.00695	0.00659	0.00784	0.00493	0.00498	0.00978	0.01458	0.02053	0.73872	0.03979	0.07131	0.01083	0.00617	0.00166	0.00253	0.02955	0.00568	0.00489
6	0.00654	0.00529	0.00581	0.00568	0.00727	0.00456	0.00426	0.00823	0.01279	0.01625	0.28581	0.04653	0.54797	0.01238	0.00615	0.00172	0.00258	0.01049	0.00512	0.00456
7	0.00660	0.00529	0.00589	0.00574	0.00731	0.00458	0.00430	0.00833	0.01291	0.01655	0.31802	0.04604	0.51558	0.01226	0.00615	0.00171	0.00257	0.01042	0.00516	0.00458
8	0.00971	0.00485	0.00485	0.00485	0.00607	0.00485	0.00364	0.01213	0.01092	0.01942	0.01699	0.01942	0.01335	0.00607	0.00364	0.00121	0.00243	0.00485	0.84589	0.00485
9	0.00802	0.00584	0.00734	0.00796	0.00881	0.00580	0.00569	0.08034	0.03677	0.01583	0.04977	0.63172	0.03152	0.01474	0.00649	0.00206	0.00343	0.06808	0.00491	0.00486
10	0.85377	0.01007	0.00765	0.00685	0.01007	0.01168	0.00564	0.01531	0.00886	0.02336	0.00725	0.00846	0.00564	0.00483	0.00322	0.00161	0.00403	0.00282	0.00322	0.00564
11	0.05598	0.00970	0.01231	0.00950	0.01347	0.00905	0.00784	0.13698	0.01604	0.62910	0.01873	0.01659	0.01200	0.00634	0.00512	0.00160	0.00458	0.00505	0.02136	0.00866
12	0.05201	0.01179	0.01884	0.18760	0.45388	0.03738	0.05547	0.01648	0.01183	0.08952	0.01057	0.01330	0.00823	0.00495	0.00512	0.00160	0.00633	0.00465	0.00293	0.00754
13	0.01791	0.00824	0.01078	0.00870	0.01184	0.00755	0.00705	0.08640	0.01564	0.47296	0.24786	0.02457	0.02379	0.00787	0.00555	0.00163	0.00396	0.02402	0.00608	0.00758
14	0.04066	0.28176	0.06180	0.02792	0.05608	0.07741	0.00912	0.06979	0.03221	0.12781	0.12773	0.01582	0.01463	0.00606	0.00457	0.00142	0.00527	0.00466	0.02836	0.00691
15	0.01021	0.00764	0.00971	0.08467	0.03286	0.00813	0.00754	0.14146	0.03621	0.01686	0.02008	0.17258	0.02126	0.20446	0.01108	0.00273	0.00492	0.19811	0.00420	0.00530
16	0.00646	0.00458	0.00601	0.00710	0.00738	0.00431	0.00467	0.00728	0.00974	0.01299	0.02754	0.73964	0.03297	0.09226	0.00853	0.00239	0.00321	0.01412	0.00467	0.00413
17	0.01132	0.00929	0.01087	0.00784	0.01241	0.00711	0.00627	0.01391	0.02872	0.04614	0.00996	0.01126	0.00810	0.00403	0.00394	0.00083	0.00388	0.00323	0.00326	0.79763
18	0.08702	0.02507	0.69891	0.01431	0.02153	0.01209	0.03776	0.01639	0.01084	0.01712	0.00919	0.01085	0.00654	0.00492	0.00482	0.00165	0.00739	0.00382	0.00230	0.00749
19	0.00647	0.00465	0.00609	0.00706	0.00750	0.00433	0.00476	0.00751	0.01042	0.01395	0.10067	0.68759	0.06355	0.04005	0.00719	0.00215	0.00302	0.01393	0.00487	0.00427
20	0.01843	0.01180	0.01358	0.01128	0.03937	0.01251	0.00886	0.37467	0.14768	0.21965	0.05833	0.01659	0.01335	0.00662	0.00525	0.00161	0.00490	0.00529	0.02180	0.00844
21	0.60979	0.05628	0.02452	0.00773	0.01085	0.10679	0.00643	0.01571	0.00991	0.02096	0.00831	0.00966	0.00658	0.00500	0.00348	0.00151	0.00468	0.00310	0.08302	0.00571
22	0.01140	0.01303	0.11497	0.28001	0.37048	0.03113	0.01510	0.01490	0.01145	0.01570	0.03534	0.01546	0.00973	0.00544	0.00524	0.00165	0.00653	0.03273	0.00263	0.00708
23	0.00634	0.00453	0.00604	0.00725	0.00755	0.00423	0.00483	0.00725	0.00997	0.01329	0.02870	0.81358	0.03444	0.01632	0.00665	0.00211	0.00302	0.01480	0.00483	0.00423
24	0.01086	0.00946	0.01129	0.00828	0.01247	0.00780	0.00667	0.01306	0.01053	0.01655	0.00903	0.01086	0.00763	0.00436	0.00511	0.00091	0.08008	0.00322	0.00301	0.76884
25	0.00634	0.00453	0.00604	0.00725	0.00755	0.00423	0.00483	0.00725	0.00997	0.01329	0.02870	0.81358	0.03444	0.01632	0.00665	0.00211	0.00302	0.01480	0.00483	0.00423
26	0.01128	0.01004	0.01541	0.65957	0.03212	0.01223	0.01354	0.11036	0.05430	0.01626	0.01033	0.01401	0.00768	0.00544	0.00521	0.00172	0.00663	0.00471	0.00285	0.00631
27	0.01288	0.01062	0.01139	0.01050	0.01319	0.03114	0.00837	0.05630	0.55614	0.04505	0.02167	0.02622	0.01791	0.00834	0.00563	0.00186	0.00446	0.14555	0.00517	0.00759
28	0.00971	0.00485	0.00485	0.00485	0.00607	0.00485	0.00364	0.01213	0.01092	0.01942	0.01699	0.01942	0.01335	0.00607	0.00364	0.00121	0.00243	0.00485	0.84589	0.00485
29	0.00983	0.00926	0.01562	0.80447	0.03587	0.01157	0.01446	0.01331	0.01041	0.01331	0.00926	0.01388	0.00694	0.00521	0.00521	0.00174	0.00694	0.00463	0.00231	0.00579
30	0.85377	0.01007	0.00765	0.00685	0.01007	0.01168	0.00564	0.01531	0.00886	0.02336	0.00725	0.00846	0.00564	0.00483	0.00322	0.00161	0.00403	0.00282	0.00322	0.00564
31	0.00749	0.00569	0.00762	0.08212	0.01037	0.00550	0.00573	0.00994	0.01406	0.01952	0.63983	0.03758	0.11418	0.01037	0.00605	0.00166	0.00290	0.00911	0.00532	0.00495
32	0.00681	0.00544	0.00611	0.00592	0.00749	0.00481	0.00444	0.00891	0.03199	0.01697	0.34169	0.04490	0.47191	0.01203	0.00613	0.00171	0.00260	0.01024	0.00520	0.00470
33	0.01979	0.00847	0.01120	0.00897	0.01241	0.00767	0.00726	0.02298	0.08372	0.59360	0.12174	0.04459	0.01862	0.00735	0.00540	0.00164	0.00410	0.00614	0.00620	0.00814
34	0.03026	0.04223	0.21842	0.01541	0.06173	0.01457	0.07599	0.01427	0.00945	0.01440	0.00799	0.01143	0.00691	0.00713	0.01158	0.00198	0.44301	0.00441	0.00232	0.00650
35	0.00676	0.00477	0.00622	0.00722	0.00756	0.00455	0.00491	0.00766	0.00977	0.01298	0.02650	0.60518	0.03136	0.15218	0.01008	0.00264	0.00354	0.08748	0.00454	0.00410
36	0.01179	0.04100	0.12010	0.04630	0.05700	0.01356	0.43542	0.01553	0.01114	0.01558	0.00982	0.02674	0.00794	0.00559	0.00789	0.00182	0.15796	0.00549	0.00252	0.00681
37	0.00779	0.00531	0.00692	0.00742	0.00842	0.00473	0.00514	0.00892	0.01034	0.05636	0.02601	0.67736	0.03018	0.01434	0.00625	0.00193	0.00320	0.01293	0.00472	0.10172
38	0.03749	0.00962	0.01151	0.00862	0.01248	0.00850	0.00697	0.01309	0.01030	0.01648	0.00881	0.01082	0.00751	0.00471	0.00591	0.00103	0.12975	0.00331	0.00296	0.69013
