[name]
unknown

[dist]
# distance from previous block
# <min> <max>
7	172

[block]
# block no. 0 follows, 48 sequences, length 35
# corresponding to MSA columns:
# 187-221
name=unknown_A
#
# <colnr> <probs for GDERKNQSTAVLIFYWHMCP>
#	G	D	E	R	K	N	Q	S	T	A	V	L	I	F	Y	W	H	M	C	P
0	0.01403	0.10850	0.08886	0.05574	0.04076	0.01157	0.00975	0.16121	0.05586	0.12073	0.01424	0.04775	0.01202	0.00676	0.00529	0.00154	0.02707	0.08546	0.00398	0.12889
1	0.05147	0.14225	0.04334	0.13171	0.05954	0.03448	0.03062	0.19566	0.05180	0.11546	0.01331	0.04276	0.03029	0.00599	0.00480	0.00152	0.00553	0.00481	0.00384	0.03082
2	0.05321	0.15038	0.03898	0.01076	0.02791	0.03676	0.00910	0.35439	0.05619	0.11963	0.01209	0.01217	0.00884	0.00556	0.00460	0.00141	0.00531	0.00414	0.00431	0.08426
3	0.01485	0.06961	0.08261	0.01001	0.01382	0.01180	0.00880	0.32043	0.04920	0.09022	0.07940	0.05381	0.03973	0.02890	0.00558	0.00157	0.00490	0.00547	0.00449	0.10482
4	0.04480	0.01258	0.01446	0.01117	0.01514	0.02822	0.05800	0.41202	0.10149	0.07286	0.03404	0.01372	0.01042	0.00581	0.00494	0.00145	0.00522	0.00466	0.00461	0.14438
5	0.06873	0.10014	0.03476	0.00975	0.01342	0.11749	0.00812	0.15886	0.08742	0.08446	0.01308	0.03462	0.02532	0.02171	0.00496	0.00142	0.00524	0.01731	0.00387	0.18933
6	0.00992	0.00690	0.00821	0.00828	0.00956	0.02180	0.00604	0.12721	0.03237	0.06699	0.02448	0.55714	0.02723	0.02506	0.00648	0.00200	0.00374	0.04640	0.00487	0.00532
7	0.01506	0.15317	0.01541	0.01066	0.01413	0.05647	0.00876	0.22212	0.40486	0.02225	0.01555	0.01492	0.01177	0.00621	0.00483	0.00155	0.00500	0.00483	0.00454	0.00790
8	0.01314	0.02638	0.06610	0.00989	0.05408	0.00831	0.00793	0.06122	0.03807	0.15908	0.08360	0.05232	0.01376	0.00582	0.00464	0.00124	0.00428	0.00485	0.00406	0.38124
9	0.01143	0.12613	0.47861	0.01450	0.02036	0.01361	0.11280	0.03052	0.01090	0.02571	0.00900	0.01104	0.00683	0.00527	0.00624	0.00164	0.10182	0.00406	0.00235	0.00717
10	0.01205	0.01426	0.05546	0.02140	0.02666	0.01294	0.74426	0.01643	0.01207	0.01643	0.01034	0.01374	0.00774	0.00434	0.00602	0.00173	0.00862	0.00598	0.00258	0.00694
11	0.01219	0.01081	0.01711	0.22704	0.41245	0.03336	0.02576	0.02632	0.01181	0.06616	0.03054	0.03495	0.05754	0.00580	0.00522	0.00160	0.00593	0.00532	0.00302	0.00706
12	0.01450	0.01123	0.01588	0.13539	0.11352	0.01196	0.09095	0.28184	0.03858	0.08141	0.01440	0.08485	0.01224	0.02279	0.00586	0.00175	0.00577	0.04569	0.00411	0.00727
13	0.01089	0.00930	0.01475	0.66928	0.03152	0.01130	0.01315	0.01541	0.09354	0.06467	0.01112	0.01452	0.00817	0.00541	0.00514	0.00171	0.00638	0.00473	0.00286	0.00616
14	0.10117	0.00653	0.00757	0.00734	0.00936	0.00622	0.00600	0.02285	0.01230	0.12356	0.11219	0.04124	0.29225	0.01116	0.00590	0.00186	0.00362	0.21868	0.00490	0.00530
15	0.01224	0.13135	0.55904	0.01367	0.02028	0.01264	0.06178	0.01709	0.01127	0.09943	0.01019	0.01138	0.00726	0.00494	0.00476	0.00156	0.00702	0.00394	0.00265	0.00753
16	0.01036	0.00686	0.00906	0.00807	0.00959	0.00680	0.05475	0.01314	0.10603	0.11872	0.05348	0.08200	0.07559	0.34649	0.05183	0.00340	0.00501	0.02957	0.00415	0.00510
17	0.10881	0.02155	0.01552	0.01342	0.01642	0.61420	0.09258	0.03257	0.01381	0.01446	0.00819	0.00971	0.00666	0.00514	0.00464	0.00140	0.00855	0.00357	0.00274	0.00606
18	0.01263	0.01058	0.01750	0.12714	0.45175	0.01099	0.03355	0.01529	0.01139	0.09928	0.01252	0.09805	0.01108	0.00633	0.00604	0.00167	0.05810	0.00573	0.00313	0.00726
19	0.03446	0.00858	0.01052	0.00917	0.02586	0.00850	0.00709	0.15674	0.01369	0.21245	0.01723	0.12854	0.01527	0.05752	0.03596	0.01860	0.03171	0.05484	0.05546	0.09781
20	0.03057	0.00573	0.00762	0.09778	0.01113	0.00586	0.00617	0.04108	0.01088	0.01479	0.08246	0.52872	0.04733	0.04005	0.00686	0.00207	0.00366	0.04817	0.00447	0.00462
21	0.02268	0.00921	0.03283	0.00928	0.01334	0.00766	0.00785	0.02477	0.01458	0.77046	0.01995	0.01729	0.01254	0.00631	0.00515	0.00159	0.00445	0.00512	0.00624	0.00870
22	0.03081	0.00984	0.01492	0.22578	0.28472	0.02504	0.01173	0.01315	0.01062	0.01493	0.01258	0.11457	0.02286	0.02235	0.00631	0.00169	0.05792	0.01972	0.00289	0.09759
23	0.02019	0.01143	0.01519	0.01153	0.01563	0.01136	0.09069	0.31460	0.01804	0.39699	0.01622	0.01582	0.01093	0.00620	0.00528	0.00160	0.00534	0.01906	0.00544	0.00846
24	0.01250	0.09982	0.01975	0.21655	0.47076	0.06410	0.01425	0.01537	0.01139	0.01509	0.00914	0.01223	0.00755	0.00473	0.00487	0.00151	0.00642	0.00429	0.00245	0.00723
25	0.00959	0.00875	0.01406	0.62209	0.04403	0.01024	0.01248	0.01265	0.01029	0.01357	0.01080	0.04982	0.00925	0.02684	0.00566	0.00173	0.00621	0.03245	0.00258	0.09691
26	0.01942	0.02132	0.01436	0.01312	0.03819	0.62945	0.00975	0.03353	0.01452	0.13046	0.00989	0.01068	0.00761	0.00551	0.00494	0.00139	0.02247	0.00366	0.00323	0.00647
27	0.00801	0.00535	0.00771	0.02705	0.00941	0.00501	0.03791	0.00921	0.01038	0.07935	0.02682	0.68051	0.04449	0.01443	0.00637	0.00201	0.00342	0.01311	0.00475	0.00471
28	0.01374	0.09898	0.01803	0.25565	0.29764	0.05010	0.01285	0.03195	0.02128	0.12064	0.01072	0.01304	0.00821	0.00514	0.00511	0.00155	0.02077	0.00440	0.00303	0.00718
29	0.00827	0.00632	0.00779	0.00839	0.04194	0.00628	0.00581	0.01135	0.11480	0.04645	0.08197	0.37075	0.21779	0.01257	0.00644	0.00188	0.03027	0.01095	0.00477	0.00519
30	0.01262	0.00632	0.00748	0.00665	0.00831	0.00655	0.00526	0.01478	0.01128	0.18315	0.01641	0.01792	0.01236	0.00638	0.00535	0.00139	0.09010	0.00483	0.57714	0.00571
31	0.01573	0.01509	0.17808	0.02416	0.08046	0.03809	0.01137	0.27215	0.08528	0.13844	0.05127	0.04159	0.01211	0.00636	0.00516	0.00160	0.00565	0.00515	0.00437	0.00791
32	0.03494	0.18560	0.24533	0.03254	0.01891	0.02958	0.17571	0.09467	0.01232	0.01681	0.01133	0.09809	0.00998	0.00601	0.00496	0.00157	0.00659	0.00530	0.00290	0.00685
33	0.01062	0.01009	0.01735	0.25307	0.30004	0.01083	0.09444	0.01363	0.01142	0.01578	0.11685	0.05511	0.01441	0.00630	0.00600	0.00168	0.04703	0.00585	0.00299	0.00651
34	0.01003	0.00654	0.00804	0.00719	0.00902	0.00621	0.00553	0.09305	0.01492	0.10180	0.47832	0.08291	0.13566	0.01026	0.00589	0.00165	0.00303	0.00887	0.00550	0.00556

[dist]
# distance from previous block
# <min> <max>
2	12

[block]
# block no. 1 follows, 48 sequences, length 8
# corresponding to MSA columns:
# 244-251
name=unknown_B
#
# <colnr> <probs for GDERKNQSTAVLIFYWHMCP>
#	G	D	E	R	K	N	Q	S	T	A	V	L	I	F	Y	W	H	M	C	P
0	0.33891	0.11756	0.07996	0.03329	0.02839	0.01158	0.00803	0.06179	0.02622	0.13084	0.01169	0.05523	0.00934	0.00578	0.00409	0.00153	0.00461	0.00424	0.06041	0.00650
1	0.07593	0.00786	0.02456	0.00787	0.00931	0.05016	0.00593	0.03469	0.06010	0.05468	0.01553	0.08522	0.01509	0.23144	0.25341	0.00453	0.00751	0.00632	0.04491	0.00496
2	0.01001	0.00693	0.00870	0.00732	0.00992	0.00583	0.00572	0.01225	0.01279	0.09548	0.35718	0.06998	0.02886	0.00825	0.00526	0.00138	0.00325	0.04681	0.00471	0.29935
3	0.01212	0.06405	0.10365	0.08874	0.54401	0.01225	0.01489	0.01538	0.01133	0.01612	0.00937	0.01216	0.00772	0.00459	0.00486	0.00147	0.00612	0.00427	0.00249	0.06443
4	0.00638	0.00452	0.00592	0.00698	0.00725	0.00425	0.00459	0.00718	0.00958	0.01277	0.02702	0.73502	0.03235	0.09955	0.00858	0.00238	0.00318	0.01385	0.00459	0.00406
5	0.04712	0.04030	0.43863	0.04408	0.03488	0.01220	0.04097	0.14586	0.01353	0.09898	0.02881	0.01249	0.00855	0.00535	0.00492	0.00160	0.00658	0.00426	0.00325	0.00764
6	0.01057	0.12810	0.52269	0.01449	0.06764	0.01229	0.05415	0.01516	0.01079	0.01541	0.01100	0.09443	0.00953	0.00593	0.00491	0.00160	0.00679	0.00494	0.00249	0.00710
7	0.00624	0.00452	0.00590	0.00701	0.00741	0.00418	0.00470	0.00716	0.00995	0.01315	0.02992	0.76341	0.08580	0.01586	0.00652	0.00206	0.00295	0.01433	0.00476	0.00418

[dist]
# distance from previous block
# <min> <max>
0	1

[block]
# block no. 2 follows, 48 sequences, length 32
# corresponding to MSA columns:
# 253-284
name=unknown_C
#
# <colnr> <probs for GDERKNQSTAVLIFYWHMCP>
#	G	D	E	R	K	N	Q	S	T	A	V	L	I	F	Y	W	H	M	C	P
0	0.00752	0.00524	0.00680	0.00657	0.00776	0.00480	0.00487	0.00967	0.01375	0.04159	0.62392	0.14637	0.07924	0.01126	0.00610	0.00168	0.00256	0.00997	0.00551	0.00484
1	0.01195	0.14290	0.60900	0.01326	0.02005	0.01276	0.01642	0.01691	0.01112	0.08563	0.00990	0.01105	0.00707	0.00494	0.00467	0.00154	0.00698	0.00376	0.00255	0.00754
2	0.01145	0.11115	0.46856	0.01411	0.04657	0.02677	0.08092	0.04280	0.01145	0.01639	0.00917	0.01087	0.00691	0.00467	0.00467	0.00145	0.00685	0.00382	0.00245	0.11897
3	0.01555	0.01174	0.01268	0.01070	0.01403	0.01316	0.00852	0.23181	0.50163	0.09399	0.01847	0.01711	0.01348	0.00669	0.00519	0.00167	0.00453	0.00542	0.00530	0.00834
4	0.00891	0.00446	0.00668	0.00668	0.00668	0.00446	0.00446	0.00668	0.00668	0.00891	0.00891	0.01560	0.00891	0.01783	0.02005	0.85071	0.00446	0.00446	0.00223	0.00223
5	0.00733	0.00540	0.00753	0.11138	0.01130	0.00544	0.00611	0.02051	0.01070	0.02761	0.11389	0.58193	0.03110	0.02631	0.00657	0.00201	0.00351	0.01223	0.00455	0.00458
6	0.02475	0.18422	0.44744	0.01491	0.09218	0.01369	0.04759	0.01636	0.02408	0.04325	0.00935	0.01097	0.00710	0.00498	0.00509	0.00154	0.03888	0.00385	0.00245	0.00734
7	0.01734	0.00759	0.01014	0.00837	0.01127	0.00676	0.00666	0.04069	0.01429	0.50194	0.18602	0.12587	0.02306	0.00850	0.00553	0.00166	0.00380	0.00726	0.00596	0.00730
8	0.00645	0.00464	0.00612	0.00723	0.00767	0.00435	0.00501	0.00748	0.01005	0.01328	0.02907	0.69797	0.06828	0.03025	0.00693	0.00214	0.00315	0.08100	0.00473	0.00421
9	0.08770	0.03411	0.01302	0.04205	0.07014	0.00936	0.03952	0.05512	0.01118	0.01760	0.00935	0.02379	0.00785	0.00460	0.00469	0.00111	0.04172	0.00364	0.00305	0.52041
10	0.54472	0.12006	0.11115	0.00855	0.01252	0.02536	0.00812	0.07233	0.01059	0.03589	0.00806	0.00913	0.00620	0.00487	0.00362	0.00152	0.00485	0.00310	0.00312	0.00626
11	0.01113	0.02451	0.66760	0.01505	0.02217	0.01230	0.08604	0.07115	0.01192	0.01744	0.00954	0.01121	0.00678	0.00492	0.00500	0.00163	0.00754	0.00406	0.00242	0.00761
12	0.00662	0.00462	0.00585	0.00667	0.00688	0.00441	0.00426	0.00724	0.00911	0.01214	0.02460	0.57828	0.02929	0.26046	0.01250	0.00296	0.00358	0.01242	0.00426	0.00385
13	0.02885	0.04700	0.11919	0.08534	0.06813	0.01365	0.33204	0.13865	0.01323	0.01834	0.00989	0.01258	0.00754	0.00519	0.00640	0.00169	0.07731	0.00499	0.00289	0.00711
14	0.01431	0.01238	0.01945	0.02753	0.63997	0.03404	0.01441	0.07164	0.01294	0.08773	0.01075	0.01301	0.00854	0.00487	0.00508	0.00153	0.00600	0.00459	0.00308	0.00816
15	0.01263	0.01018	0.01226	0.00895	0.01341	0.00869	0.03698	0.13731	0.02688	0.04707	0.01030	0.01144	0.00812	0.00435	0.00418	0.00097	0.00432	0.00354	0.00352	0.63490
16	0.00772	0.00598	0.00916	0.00994	0.06581	0.00683	0.00709	0.00964	0.00850	0.01226	0.01345	0.01961	0.01249	0.03602	0.74155	0.00776	0.01319	0.00543	0.00273	0.00484
17	0.01725	0.00739	0.00981	0.00821	0.01079	0.00665	0.00642	0.01865	0.01236	0.49571	0.01960	0.02551	0.01578	0.21124	0.01102	0.02626	0.00456	0.08080	0.00526	0.00674
18	0.05077	0.04300	0.04780	0.10186	0.29034	0.03776	0.02630	0.01548	0.06725	0.07486	0.04777	0.14624	0.01457	0.00712	0.00522	0.00165	0.00532	0.00635	0.00350	0.00682
19	0.01561	0.06424	0.14873	0.03735	0.08591	0.33514	0.01177	0.09708	0.12366	0.01687	0.01060	0.01164	0.00825	0.00543	0.00479	0.00147	0.00729	0.00400	0.00314	0.00705
20	0.00625	0.00447	0.00595	0.00714	0.00744	0.00417	0.00476	0.00714	0.00982	0.01310	0.02828	0.81633	0.03394	0.01608	0.00655	0.00208	0.00298	0.01459	0.00476	0.00417
21	0.01111	0.01043	0.13891	0.00868	0.01152	0.00832	0.03952	0.13663	0.01265	0.01965	0.01415	0.01691	0.01121	0.03085	0.09416	0.00224	0.00539	0.00480	0.41697	0.00592
22	0.01324	0.06678	0.09263	0.20389	0.25812	0.03433	0.01292	0.01765	0.09952	0.11677	0.01229	0.02903	0.00947	0.00547	0.00499	0.00159	0.00595	0.00474	0.00327	0.00734
23	0.00743	0.00498	0.00559	0.00559	0.00563	0.00496	0.00313	0.00746	0.00757	0.01005	0.01707	0.03398	0.03793	0.79940	0.02561	0.00489	0.00491	0.00755	0.00315	0.00314
24	0.00691	0.00499	0.00653	0.00664	0.00758	0.00461	0.00479	0.00881	0.01295	0.01801	0.52396	0.28759	0.06273	0.01234	0.00621	0.00177	0.00260	0.01102	0.00534	0.00461
25	0.05151	0.01815	0.39850	0.04599	0.06376	0.01104	0.09025	0.05242	0.03485	0.05923	0.08117	0.04629	0.01228	0.00596	0.00515	0.00165	0.00638	0.00514	0.00316	0.00713
26	0.01504	0.01296	0.04844	0.14296	0.11217	0.06327	0.13366	0.13470	0.05502	0.14286	0.01203	0.01367	0.00882	0.00572	0.00624	0.00166	0.07491	0.00486	0.00363	0.00736
27	0.01076	0.02518	0.71874	0.01497	0.02229	0.01188	0.07152	0.01649	0.01102	0.03668	0.00958	0.01122	0.00675	0.00488	0.00497	0.00163	0.00757	0.00399	0.00231	0.00757
28	0.00927	0.00614	0.00782	0.08347	0.01090	0.00590	0.00593	0.01117	0.04602	0.10197	0.13754	0.06779	0.31923	0.01168	0.00772	0.11233	0.00360	0.04207	0.00452	0.00494
29	0.09032	0.01072	0.01135	0.06941	0.03604	0.08012	0.01978	0.21420	0.02780	0.08409	0.01613	0.09254	0.05047	0.00713	0.00500	0.00156	0.01647	0.00571	0.15465	0.00651
30	0.48876	0.03483	0.01080	0.00874	0.01182	0.03702	0.00720	0.16803	0.03755	0.04942	0.00932	0.01035	0.00713	0.00556	0.00490	0.00161	0.07167	0.00354	0.02534	0.00642
31	0.23891	0.06658	0.03446	0.01397	0.17394	0.03545	0.00965	0.20145	0.01388	0.04285	0.01010	0.01219	0.00806	0.00534	0.00457	0.00148	0.01698	0.02474	0.00352	0.08188

[dist]
# distance from previous block
# <min> <max>
0	6

[block]
# block no. 3 follows, 48 sequences, length 29
# corresponding to MSA columns:
# 291-319
name=unknown_D
#
# <colnr> <probs for GDERKNQSTAVLIFYWHMCP>
#	G	D	E	R	K	N	Q	S	T	A	V	L	I	F	Y	W	H	M	C	P
0	0.02960	0.03679	0.02404	0.00907	0.03500	0.00760	0.05186	0.02373	0.07825	0.04242	0.39490	0.07596	0.04220	0.04847	0.00678	0.00176	0.01836	0.00772	0.00468	0.06080
1	0.01065	0.03004	0.01080	0.00784	0.01189	0.00733	0.00633	0.04289	0.01144	0.01727	0.05266	0.03350	0.01174	0.00517	0.00422	0.00097	0.00388	0.04859	0.00338	0.67940
2	0.00646	0.00521	0.00574	0.00561	0.00717	0.00450	0.00421	0.00812	0.01262	0.01606	0.29228	0.04576	0.54391	0.01217	0.00606	0.00169	0.00254	0.01032	0.00505	0.00450
3	0.00736	0.00539	0.00768	0.00768	0.00840	0.00611	0.00571	0.00880	0.00808	0.01149	0.01426	0.02303	0.01407	0.20542	0.63411	0.00755	0.01187	0.00592	0.00283	0.00427
4	0.01064	0.00912	0.01064	0.00760	0.01216	0.00684	0.00608	0.01292	0.01064	0.01672	0.00912	0.01064	0.00760	0.00380	0.00380	0.00076	0.00380	0.00304	0.00304	0.85104
5	0.01064	0.00912	0.01064	0.00760	0.01216	0.00684	0.00608	0.01292	0.01064	0.01672	0.00912	0.01064	0.00760	0.00380	0.00380	0.00076	0.00380	0.00304	0.00304	0.85104
6	0.01238	0.01095	0.01875	0.09096	0.06602	0.01023	0.27924	0.03443	0.04994	0.08336	0.01212	0.05126	0.00973	0.00517	0.00516	0.00144	0.00602	0.00525	0.00330	0.24427
7	0.01303	0.10411	0.01637	0.01214	0.01348	0.01433	0.03629	0.02766	0.00953	0.11916	0.00943	0.01288	0.00821	0.03343	0.04574	0.00232	0.50828	0.00457	0.00291	0.00613
8	0.00770	0.00591	0.00866	0.00978	0.06599	0.00568	0.04803	0.03285	0.01063	0.01456	0.02471	0.62681	0.02848	0.01363	0.00620	0.00196	0.00360	0.02506	0.05497	0.00480
9	0.00641	0.00521	0.00568	0.00556	0.00714	0.00448	0.00417	0.00804	0.01252	0.01581	0.26494	0.04617	0.57141	0.01227	0.00606	0.00170	0.00255	0.01038	0.00502	0.00448
10	0.00746	0.00497	0.00560	0.00560	0.00560	0.00497	0.00311	0.00746	0.00746	0.00995	0.01617	0.03358	0.01865	0.81967	0.02612	0.00497	0.00497	0.00746	0.00311	0.00311
11	0.01668	0.04019	0.01511	0.12982	0.01837	0.56980	0.01068	0.01830	0.01301	0.01260	0.00794	0.01012	0.00666	0.00569	0.00614	0.00148	0.10537	0.00362	0.00253	0.00589
12	0.02302	0.00873	0.01191	0.00913	0.01310	0.00754	0.00754	0.02501	0.01469	0.79122	0.02024	0.01746	0.01270	0.00635	0.00516	0.00159	0.00437	0.00516	0.00635	0.00873
13	0.00642	0.00453	0.00590	0.00693	0.00719	0.00428	0.00454	0.00719	0.00950	0.01267	0.02663	0.70935	0.03185	0.12590	0.00922	0.00248	0.00325	0.01361	0.00454	0.00402
14	0.01810	0.02268	0.01470	0.01325	0.01554	0.69415	0.01009	0.01940	0.01365	0.01253	0.00777	0.00952	0.00663	0.00578	0.00626	0.00145	0.11655	0.00346	0.00259	0.00590
15	0.01661	0.01201	0.01307	0.01071	0.01418	0.01323	0.00862	0.36845	0.31094	0.10706	0.01787	0.03693	0.03270	0.00692	0.00523	0.00164	0.00476	0.00554	0.00528	0.00826
16	0.01196	0.00945	0.00988	0.00902	0.01149	0.01075	0.00698	0.02341	0.58504	0.02088	0.01984	0.01914	0.01503	0.00671	0.00481	0.00160	0.00364	0.00554	0.21754	0.00728
17	0.01172	0.00954	0.01107	0.00799	0.01250	0.00761	0.00642	0.07593	0.01187	0.03984	0.00970	0.01097	0.00784	0.00407	0.00395	0.00085	0.00397	0.00323	0.00331	0.75762
18	0.00737	0.00500	0.00565	0.00563	0.00579	0.00493	0.00326	0.00759	0.00812	0.01080	0.06416	0.03474	0.06290	0.72658	0.02381	0.00459	0.00469	0.00776	0.00335	0.00328
19	0.01346	0.65625	0.04909	0.00978	0.01359	0.04762	0.00948	0.01516	0.01023	0.01226	0.00717	0.00877	0.00660	0.00507	0.00527	0.00128	0.11720	0.00304	0.00222	0.00646
20	0.01122	0.01046	0.01653	0.52415	0.15329	0.02831	0.04713	0.07371	0.02984	0.01555	0.01036	0.03820	0.00828	0.00547	0.00520	0.00167	0.00657	0.00494	0.00271	0.00640
21	0.00715	0.00522	0.00672	0.00640	0.00761	0.00479	0.00478	0.00945	0.01420	0.01991	0.71432	0.06303	0.09555	0.01082	0.00607	0.00164	0.00245	0.00954	0.00556	0.00479
22	0.01255	0.01221	0.02001	0.12034	0.67783	0.03571	0.01540	0.01559	0.01161	0.01622	0.00954	0.01271	0.00793	0.00466	0.00507	0.00154	0.00628	0.00453	0.00251	0.00778
23	0.01699	0.00758	0.01010	0.00823	0.01117	0.00679	0.00660	0.01964	0.04548	0.48547	0.29281	0.02497	0.02555	0.00785	0.00548	0.00160	0.00366	0.00665	0.00605	0.00732
24	0.00726	0.00524	0.00686	0.00646	0.00767	0.00484	0.00484	0.00968	0.01452	0.02058	0.78496	0.03833	0.04841	0.01049	0.00605	0.00161	0.00242	0.00928	0.00565	0.00484
25	0.00617	0.00517	0.00536	0.00537	0.00701	0.00437	0.00400	0.00754	0.01185	0.01436	0.10895	0.07698	0.69950	0.01291	0.00608	0.00174	0.00260	0.01085	0.00483	0.00437
26	0.00614	0.00489	0.00552	0.00602	0.00715	0.00426	0.00426	0.00727	0.01091	0.01354	0.04203	0.37132	0.47006	0.01429	0.00627	0.00188	0.00276	0.01241	0.00476	0.00426
27	0.85592	0.00992	0.00754	0.00675	0.00992	0.01151	0.00556	0.01508	0.00873	0.02302	0.00714	0.00834	0.00556	0.00476	0.00318	0.00159	0.00397	0.00278	0.00318	0.00556
28	0.01211	0.01384	0.03028	0.02163	0.02682	0.01298	0.76903	0.01644	0.01211	0.01644	0.01038	0.01384	0.00779	0.00433	0.00606	0.00173	0.00865	0.00606	0.00260	0.00692

[dist]
# distance from previous block
# <min> <max>
0	7

[block]
# block no. 4 follows, 48 sequences, length 40
# corresponding to MSA columns:
# 327-347,349-367
name=unknown_E
#
# <colnr> <probs for GDERKNQSTAVLIFYWHMCP>
#	G	D	E	R	K	N	Q	S	T	A	V	L	I	F	Y	W	H	M	C	P
0	0.01372	0.82276	0.02689	0.00878	0.01317	0.02030	0.00878	0.01536	0.01043	0.01207	0.00713	0.00823	0.00658	0.00439	0.00329	0.00110	0.00549	0.00274	0.00219	0.00658
1	0.01064	0.00912	0.01064	0.00760	0.01216	0.00684	0.00608	0.01292	0.01064	0.01672	0.00912	0.01064	0.00760	0.00380	0.00380	0.00076	0.00380	0.00304	0.00304	0.85104
2	0.00733	0.00550	0.00825	0.00825	0.00916	0.00641	0.00641	0.00916	0.00825	0.01191	0.01374	0.02016	0.01283	0.03848	0.79934	0.00825	0.01374	0.00550	0.00275	0.00458
3	0.01123	0.01123	0.01572	0.01347	0.01347	0.01572	0.01123	0.01235	0.00786	0.01235	0.00674	0.01123	0.00674	0.00898	0.01684	0.00225	0.81028	0.00449	0.00225	0.00561
4	0.80936	0.05486	0.00861	0.00686	0.01010	0.01200	0.00574	0.01510	0.00883	0.02242	0.00714	0.00833	0.00561	0.00474	0.00318	0.00156	0.00405	0.00278	0.00312	0.00561
5	0.01034	0.00886	0.01050	0.00781	0.01187	0.00701	0.00619	0.01247	0.01047	0.01627	0.01043	0.06986	0.00950	0.00491	0.00454	0.00092	0.03683	0.00395	0.00313	0.75413
6	0.81107	0.00988	0.00796	0.04918	0.01127	0.01150	0.00602	0.01498	0.00881	0.02250	0.00725	0.00862	0.00562	0.00478	0.00328	0.00159	0.00412	0.00287	0.00313	0.00556
7	0.01211	0.01384	0.03028	0.02163	0.02682	0.01298	0.76903	0.01644	0.01211	0.01644	0.01038	0.01384	0.00779	0.00433	0.00606	0.00173	0.00865	0.00606	0.00260	0.00692
8	0.02302	0.00873	0.01191	0.00913	0.01310	0.00754	0.00754	0.02501	0.01469	0.79122	0.02024	0.01746	0.01270	0.00635	0.00516	0.00159	0.00437	0.00516	0.00635	0.00873
9	0.00827	0.00591	0.00827	0.00945	0.01063	0.00591	0.00827	0.01063	0.01181	0.01536	0.02717	0.05788	0.02953	0.01417	0.00709	0.00236	0.00472	0.75313	0.00472	0.00472
10	0.85592	0.00992	0.00754	0.00675	0.00992	0.01151	0.00556	0.01508	0.00873	0.02302	0.00714	0.00834	0.00556	0.00476	0.00318	0.00159	0.00397	0.00278	0.00318	0.00556
11	0.00636	0.00454	0.00608	0.00727	0.00762	0.00426	0.00496	0.00734	0.00993	0.01322	0.02822	0.77476	0.03370	0.01597	0.00658	0.00210	0.00307	0.05506	0.00476	0.00420
12	0.01944	0.01313	0.01438	0.01108	0.01502	0.01423	0.00914	0.63315	0.02219	0.13057	0.01359	0.01335	0.00948	0.00617	0.00505	0.00153	0.00531	0.00470	0.04997	0.00852
13	0.00746	0.00497	0.00560	0.00560	0.00560	0.00497	0.00311	0.00746	0.00746	0.00995	0.01617	0.03358	0.01865	0.81967	0.02612	0.00497	0.00497	0.00746	0.00311	0.00311
14	0.01951	0.01437	0.01540	0.01181	0.01591	0.01591	0.00975	0.77056	0.02412	0.03234	0.01232	0.01232	0.00873	0.00616	0.00513	0.00154	0.00565	0.00462	0.00513	0.00873
15	0.00720	0.00524	0.00677	0.00639	0.00763	0.00481	0.00479	0.00956	0.01437	0.02022	0.74611	0.03891	0.08748	0.01062	0.00605	0.00162	0.00243	0.00936	0.00560	0.00481
16	0.01132	0.00910	0.01071	0.00768	0.01221	0.00688	0.00616	0.01358	0.01086	0.05917	0.00973	0.01101	0.00788	0.00394	0.00387	0.00081	0.00383	0.00316	0.00322	0.80488
17	0.04578	0.02060	0.50281	0.04981	0.05948	0.01189	0.04185	0.01579	0.01063	0.04681	0.00935	0.01135	0.00694	0.00529	0.00612	0.00164	0.09395	0.00399	0.00247	0.05348
18	0.81609	0.02798	0.00796	0.00679	0.00994	0.01154	0.00561	0.01496	0.00891	0.02272	0.02639	0.00908	0.00664	0.00490	0.00325	0.00158	0.00396	0.00294	0.00321	0.00556
19	0.00723	0.00697	0.05887	0.05086	0.00998	0.00563	0.00599	0.00974	0.02793	0.01725	0.38724	0.03912	0.33276	0.01074	0.00591	0.00167	0.00311	0.00920	0.00488	0.00493
20	0.01300	0.01167	0.01950	0.06863	0.66386	0.01160	0.01469	0.01597	0.01172	0.05939	0.01018	0.01290	0.00829	0.00466	0.00502	0.00150	0.00591	0.00452	0.00276	0.05423
21	0.00704	0.00549	0.00680	0.00706	0.03461	0.00492	0.00499	0.00894	0.01285	0.01722	0.40051	0.12071	0.29316	0.01164	0.00605	0.00170	0.00274	0.02558	0.00508	0.02294
22	0.01064	0.00912	0.01064	0.00760	0.01216	0.00684	0.00608	0.01292	0.01064	0.01672	0.00912	0.01064	0.00760	0.00380	0.00380	0.00076	0.00380	0.00304	0.00304	0.85104
23	0.01951	0.01437	0.01540	0.01181	0.01591	0.01591	0.00975	0.77056	0.02412	0.03234	0.01232	0.01232	0.00873	0.00616	0.00513	0.00154	0.00565	0.00462	0.00513	0.00873
24	0.01951	0.01437	0.01540	0.01181	0.01591	0.01591	0.00975	0.77056	0.02412	0.03234	0.01232	0.01232	0.00873	0.00616	0.00513	0.00154	0.00565	0.00462	0.00513	0.00873
25	0.00625	0.00447	0.00595	0.00714	0.00744	0.00417	0.00476	0.00714	0.00982	0.01310	0.02828	0.81633	0.03394	0.01608	0.00655	0.00208	0.00298	0.01459	0.00476	0.00417
26	0.08553	0.00683	0.00944	0.09594	0.01254	0.00686	0.04866	0.01191	0.02557	0.07987	0.30923	0.17279	0.06924	0.00992	0.00573	0.00175	0.00377	0.03440	0.00469	0.00533
27	0.01917	0.02445	0.01454	0.01322	0.01586	0.79907	0.00991	0.02049	0.01454	0.01256	0.00793	0.00925	0.00661	0.00529	0.00463	0.00132	0.00925	0.00330	0.00264	0.00595
28	0.00631	0.00528	0.00554	0.00567	0.00734	0.00451	0.00439	0.00773	0.01171	0.01403	0.04921	0.05033	0.70134	0.01313	0.00618	0.00180	0.00284	0.09354	0.00476	0.00438
29	0.00743	0.00510	0.00625	0.00625	0.00648	0.00533	0.00392	0.00788	0.00766	0.01043	0.01557	0.03027	0.01722	0.62713	0.21670	0.00578	0.00714	0.00698	0.00302	0.00347
30	0.01261	0.01210	0.02066	0.05505	0.76482	0.01217	0.01570	0.01567	0.01164	0.01665	0.00964	0.01273	0.00809	0.00459	0.00508	0.00153	0.00612	0.00457	0.00253	0.00805
31	0.01029	0.02654	0.79309	0.01462	0.02221	0.01192	0.01896	0.01625	0.01083	0.01625	0.00921	0.01083	0.00650	0.00487	0.00487	0.00162	0.00758	0.00379	0.00217	0.00758
32	0.00622	0.00457	0.00584	0.00686	0.00737	0.00419	0.00464	0.00718	0.01010	0.01321	0.03172	0.70496	0.14308	0.01563	0.00648	0.00203	0.00292	0.01404	0.00476	0.00419
33	0.01185	0.01374	0.09478	0.15058	0.26414	0.04224	0.18831	0.01516	0.01096	0.01518	0.00916	0.01258	0.00740	0.00537	0.00715	0.00172	0.13555	0.00478	0.00243	0.00692
34	0.01275	0.14760	0.09975	0.02110	0.23548	0.03174	0.32167	0.03933	0.01202	0.01619	0.00954	0.01216	0.00756	0.00454	0.00516	0.00154	0.00724	0.00477	0.00255	0.00730
35	0.01372	0.82276	0.02689	0.00878	0.01317	0.02030	0.00878	0.01536	0.01043	0.01207	0.00713	0.00823	0.00658	0.00439	0.00329	0.00110	0.00549	0.00274	0.00219	0.00658
36	0.00661	0.00474	0.00627	0.00690	0.00752	0.00441	0.00479	0.00804	0.01149	0.01574	0.29606	0.54100	0.03906	0.01410	0.00637	0.00192	0.00278	0.01271	0.00508	0.00441
37	0.81373	0.01012	0.00868	0.00749	0.01077	0.01158	0.04373	0.01515	0.00890	0.02269	0.00731	0.00861	0.00567	0.00474	0.00332	0.00159	0.00420	0.00294	0.00315	0.00563
38	0.00963	0.00505	0.00523	0.00514	0.00629	0.00523	0.00390	0.01197	0.01064	0.01885	0.01633	0.01881	0.01289	0.00610	0.00413	0.00124	0.03554	0.00477	0.81345	0.00482
39	0.01655	0.01329	0.05695	0.05101	0.01616	0.01366	0.00974	0.43924	0.18392	0.06860	0.01453	0.03378	0.01080	0.00637	0.00512	0.00158	0.00526	0.00503	0.00482	0.04362

[dist]
# distance from previous block
# <min> <max>
0	5

[block]
# block no. 5 follows, 48 sequences, length 12
# corresponding to MSA columns:
# 373-384
name=unknown_F
#
# <colnr> <probs for GDERKNQSTAVLIFYWHMCP>
#	G	D	E	R	K	N	Q	S	T	A	V	L	I	F	Y	W	H	M	C	P
0	0.00677	0.00554	0.00612	0.00580	0.00761	0.00467	0.00436	0.00840	0.01214	0.01559	0.21008	0.07949	0.51231	0.01171	0.00587	0.00163	0.00269	0.00993	0.00480	0.08449
1	0.01064	0.00912	0.01064	0.00760	0.01216	0.00684	0.00608	0.01292	0.01064	0.01672	0.00912	0.01064	0.00760	0.00380	0.00380	0.00076	0.00380	0.00304	0.00304	0.85104
2	0.09477	0.01161	0.01429	0.05989	0.04787	0.01246	0.06818	0.39719	0.01750	0.04120	0.03212	0.12396	0.01269	0.00715	0.00519	0.00162	0.00528	0.00600	0.00438	0.03664
3	0.01296	0.01328	0.01553	0.01331	0.01399	0.12273	0.01093	0.07266	0.01004	0.01394	0.00733	0.01104	0.00687	0.00826	0.01426	0.00206	0.63804	0.00434	0.00253	0.00590
4	0.85592	0.00992	0.00754	0.00675	0.00992	0.01151	0.00556	0.01508	0.00873	0.02302	0.00714	0.00834	0.00556	0.00476	0.00318	0.00159	0.00397	0.00278	0.00318	0.00556
5	0.01823	0.16226	0.01667	0.01245	0.01540	0.66464	0.00972	0.01960	0.01383	0.01247	0.00779	0.00908	0.00661	0.00513	0.00440	0.00128	0.00860	0.00321	0.00257	0.00606
6	0.00625	0.00447	0.00595	0.00714	0.00744	0.00417	0.00476	0.00714	0.00982	0.01310	0.02828	0.81633	0.03394	0.01608	0.00655	0.00208	0.00298	0.01459	0.00476	0.00417
7	0.03515	0.02192	0.52110	0.01552	0.02195	0.01261	0.16914	0.08746	0.01220	0.01789	0.00961	0.01152	0.00695	0.00500	0.00543	0.00165	0.03057	0.00432	0.00256	0.00744
8	0.01164	0.01128	0.01960	0.26655	0.45850	0.01180	0.08214	0.01489	0.01124	0.01562	0.00953	0.01302	0.00768	0.00469	0.00513	0.00157	0.00646	0.00464	0.00249	0.04155
9	0.00891	0.00446	0.00668	0.00668	0.00668	0.00446	0.00446	0.00668	0.00668	0.00891	0.00891	0.01560	0.00891	0.01783	0.02005	0.85071	0.00446	0.00446	0.00223	0.00223
10	0.02220	0.00893	0.01192	0.00918	0.01305	0.00793	0.00757	0.06856	0.01524	0.71611	0.04971	0.01798	0.01386	0.00650	0.00519	0.00159	0.00437	0.00529	0.00625	0.00858
11	0.00911	0.00849	0.08247	0.00823	0.01028	0.00721	0.00705	0.07051	0.04014	0.03646	0.46589	0.07923	0.06521	0.01085	0.03656	0.00193	0.04169	0.00821	0.00492	0.00557

[dist]
# distance from previous block
# <min> <max>
4	30

[block]
# block no. 6 follows, 48 sequences, length 7
# corresponding to MSA columns:
# 427-433
name=unknown_G
#
# <colnr> <probs for GDERKNQSTAVLIFYWHMCP>
#	G	D	E	R	K	N	Q	S	T	A	V	L	I	F	Y	W	H	M	C	P
0	0.00659	0.00471	0.00635	0.00754	0.00798	0.00446	0.00536	0.00774	0.01016	0.01348	0.02809	0.68761	0.03319	0.01575	0.00664	0.00213	0.00327	0.13993	0.00476	0.00426
1	0.00652	0.00458	0.00587	0.00680	0.00703	0.00435	0.00440	0.00721	0.00930	0.01240	0.02559	0.64254	0.03054	0.19449	0.01089	0.00273	0.00342	0.01300	0.00440	0.00393
2	0.01727	0.02105	0.01367	0.01197	0.01504	0.62318	0.00906	0.01881	0.01367	0.01348	0.00820	0.00956	0.00683	0.00496	0.00444	0.00120	0.00804	0.00325	0.00273	0.19358
3	0.01733	0.19057	0.01534	0.00965	0.01337	0.01262	0.00814	0.06863	0.26811	0.31661	0.01707	0.01566	0.01209	0.00611	0.00476	0.00153	0.00459	0.00480	0.00498	0.00805
4	0.00726	0.00524	0.00686	0.00646	0.00767	0.00484	0.00484	0.00968	0.01452	0.02058	0.78496	0.03833	0.04841	0.01049	0.00605	0.00161	0.00242	0.00928	0.00565	0.00484
5	0.00625	0.00447	0.00595	0.00714	0.00744	0.00417	0.00476	0.00714	0.00982	0.01310	0.02828	0.81633	0.03394	0.01608	0.00655	0.00208	0.00298	0.01459	0.00476	0.00417
6	0.01458	0.01193	0.01263	0.01081	0.01404	0.01361	0.00856	0.22791	0.57479	0.02440	0.01857	0.01730	0.01379	0.00674	0.00520	0.00169	0.00449	0.00548	0.00520	0.00828

[dist]
# distance from previous block
# <min> <max>
0	25

[block]
# block no. 7 follows, 48 sequences, length 80
# corresponding to MSA columns:
# 459-508,510-539
name=unknown_H
#
# <colnr> <probs for GDERKNQSTAVLIFYWHMCP>
#	G	D	E	R	K	N	Q	S	T	A	V	L	I	F	Y	W	H	M	C	P
0	0.00726	0.00524	0.00686	0.00646	0.00767	0.00484	0.00484	0.00968	0.01452	0.02058	0.78496	0.03833	0.04841	0.01049	0.00605	0.00161	0.00242	0.00928	0.00565	0.00484
1	0.00991	0.00934	0.01578	0.75129	0.08969	0.01146	0.01436	0.01330	0.01036	0.01337	0.00916	0.01361	0.00693	0.00509	0.00513	0.00170	0.00679	0.00456	0.00230	0.00588
2	0.01463	0.05211	0.15768	0.02999	0.14388	0.10957	0.09074	0.17477	0.01410	0.04803	0.00992	0.01180	0.00765	0.00564	0.00648	0.00162	0.10654	0.00437	0.00312	0.00737
3	0.08995	0.01124	0.01597	0.03303	0.07155	0.01484	0.04470	0.01305	0.00847	0.01387	0.00721	0.01124	0.00678	0.00797	0.01395	0.00210	0.62147	0.00441	0.00237	0.00585
4	0.01327	0.01386	0.02812	0.02024	0.02524	0.03562	0.67126	0.04576	0.01280	0.06456	0.01099	0.01387	0.00809	0.00455	0.00592	0.00170	0.00829	0.00587	0.00292	0.00707
5	0.02154	0.00871	0.01169	0.00893	0.01291	0.00742	0.00735	0.02356	0.01429	0.70252	0.03315	0.01719	0.01286	0.00618	0.00505	0.00151	0.00428	0.00503	0.00602	0.08980
6	0.01955	0.02289	0.01428	0.01281	0.01559	0.72031	0.00968	0.02094	0.01456	0.09005	0.00916	0.01007	0.00722	0.00539	0.00468	0.00135	0.00877	0.00349	0.00301	0.00623
7	0.01951	0.01437	0.01540	0.01181	0.01591	0.01591	0.00975	0.77056	0.02412	0.03234	0.01232	0.01232	0.00873	0.00616	0.00513	0.00154	0.00565	0.00462	0.00513	0.00873
8	0.01123	0.01123	0.01572	0.01347	0.01347	0.01572	0.01123	0.01235	0.00786	0.01235	0.00674	0.01123	0.00674	0.00898	0.01684	0.00225	0.81028	0.00449	0.00225	0.00561
9	0.02235	0.00905	0.01304	0.00990	0.01394	0.00788	0.05436	0.02448	0.01453	0.74358	0.01964	0.01724	0.01240	0.00623	0.00522	0.00160	0.00463	0.00522	0.00612	0.00862
10	0.01334	0.01339	0.02000	0.02921	0.69391	0.09052	0.01500	0.01647	0.02874	0.01645	0.00973	0.01250	0.00814	0.00470	0.00504	0.00151	0.00637	0.00447	0.00261	0.00791
11	0.01248	0.01197	0.02043	0.08751	0.73335	0.01213	0.01564	0.01556	0.01158	0.01650	0.00961	0.01277	0.00803	0.00461	0.00508	0.00154	0.00615	0.00457	0.00252	0.00795
12	0.85592	0.00992	0.00754	0.00675	0.00992	0.01151	0.00556	0.01508	0.00873	0.02302	0.00714	0.00834	0.00556	0.00476	0.00318	0.00159	0.00397	0.00278	0.00318	0.00556
13	0.00891	0.00446	0.00668	0.00668	0.00668	0.00446	0.00446	0.00668	0.00668	0.00891	0.00891	0.01560	0.00891	0.01783	0.02005	0.85071	0.00446	0.00446	0.00223	0.00223
14	0.01029	0.02654	0.79309	0.01462	0.02221	0.01192	0.01896	0.01625	0.01083	0.01625	0.00921	0.01083	0.00650	0.00487	0.00487	0.00162	0.00758	0.00379	0.00217	0.00758
15	0.01149	0.01242	0.04660	0.06651	0.05205	0.01128	0.46855	0.03692	0.01193	0.01653	0.01154	0.05925	0.00973	0.00529	0.00560	0.00160	0.00715	0.02508	0.00288	0.13761
16	0.00746	0.00499	0.00569	0.00569	0.00572	0.00503	0.00323	0.00752	0.00749	0.01002	0.01608	0.03310	0.01845	0.79176	0.05375	0.00509	0.00529	0.00739	0.00310	0.00316
17	0.01276	0.01102	0.01160	0.01044	0.01334	0.01276	0.00812	0.02727	0.77840	0.02146	0.02088	0.01914	0.01566	0.00696	0.00522	0.00174	0.00406	0.00580	0.00522	0.00812
18	0.01372	0.82276	0.02689	0.00878	0.01317	0.02030	0.00878	0.01536	0.01043	0.01207	0.00713	0.00823	0.00658	0.00439	0.00329	0.00110	0.00549	0.00274	0.00219	0.00658
19	0.02271	0.00923	0.01221	0.00936	0.01335	0.00828	0.00774	0.09056	0.01552	0.72449	0.01955	0.01701	0.01235	0.00633	0.00516	0.00158	0.00448	0.00511	0.00624	0.00873
20	0.00958	0.00577	0.00750	0.00677	0.00844	0.00521	0.00518	0.01185	0.01433	0.13775	0.61212	0.03599	0.09934	0.01005	0.00592	0.00162	0.00273	0.00877	0.00569	0.00540
21	0.00606	0.00520	0.00520	0.00520	0.00693	0.00433	0.00390	0.00736	0.01170	0.01386	0.05198	0.04938	0.78558	0.01299	0.00606	0.00173	0.00260	0.01083	0.00476	0.00433
22	0.04282	0.01182	0.05906	0.29613	0.31865	0.01189	0.08764	0.04362	0.02446	0.01645	0.03226	0.01373	0.00879	0.00504	0.00514	0.00162	0.00644	0.00476	0.00269	0.00697
23	0.01497	0.01075	0.01206	0.04059	0.01427	0.01193	0.00835	0.09826	0.52705	0.15666	0.01964	0.03371	0.01450	0.00689	0.00522	0.00170	0.00435	0.00570	0.00529	0.00812
24	0.00613	0.00508	0.00537	0.00554	0.00703	0.00432	0.00406	0.00740	0.01149	0.01396	0.07192	0.16935	0.64386	0.01340	0.00614	0.00178	0.00265	0.01137	0.00479	0.00432
25	0.01948	0.01499	0.01535	0.01189	0.01591	0.06406	0.00976	0.72444	0.02354	0.03112	0.01205	0.01213	0.00860	0.00611	0.00510	0.00153	0.00587	0.00454	0.00498	0.00856
26	0.01181	0.04661	0.05262	0.08287	0.15947	0.02590	0.44697	0.01548	0.01159	0.01570	0.01080	0.05582	0.00902	0.00521	0.00592	0.00169	0.02720	0.00583	0.00264	0.00685
27	0.01241	0.01372	0.08260	0.06531	0.54576	0.02948	0.14343	0.01588	0.01168	0.01640	0.00968	0.01272	0.00785	0.00460	0.00522	0.00157	0.00675	0.00473	0.00251	0.00772
28	0.02793	0.01136	0.01930	0.23786	0.55814	0.01198	0.02900	0.01504	0.01126	0.01590	0.00948	0.01290	0.00773	0.00472	0.00507	0.00158	0.00630	0.00456	0.00248	0.00741
29	0.01314	0.01864	0.34017	0.07581	0.10500	0.03127	0.04034	0.18751	0.10163	0.02021	0.01130	0.01260	0.00830	0.00538	0.00505	0.00161	0.00660	0.00442	0.00326	0.00776
30	0.85592	0.00992	0.00754	0.00675	0.00992	0.01151	0.00556	0.01508	0.00873	0.02302	0.00714	0.00834	0.00556	0.00476	0.00318	0.00159	0.00397	0.00278	0.00318	0.00556
31	0.00705	0.00518	0.00661	0.00637	0.00757	0.00473	0.00473	0.00923	0.01385	0.01927	0.64648	0.09874	0.12869	0.01119	0.00609	0.00166	0.00248	0.00985	0.00548	0.00473
32	0.00719	0.00524	0.00676	0.00638	0.00762	0.00481	0.00479	0.00955	0.01436	0.02020	0.74357	0.03895	0.09004	0.01063	0.00605	0.00162	0.00243	0.00937	0.00560	0.00481
33	0.00745	0.00501	0.00576	0.00576	0.00582	0.00506	0.00331	0.00757	0.00751	0.01007	0.01602	0.03275	0.01830	0.77164	0.07366	0.00518	0.00551	0.00734	0.00309	0.00320
34	0.00622	0.00459	0.00583	0.00681	0.00736	0.00420	0.00462	0.00718	0.01014	0.01323	0.03231	0.68587	0.16179	0.01555	0.00647	0.00202	0.00291	0.01395	0.00476	0.00420
35	0.00625	0.00447	0.00595	0.00714	0.00744	0.00417	0.00476	0.00714	0.00982	0.01310	0.02828	0.81633	0.03394	0.01608	0.00655	0.00208	0.00298	0.01459	0.00476	0.00417
36	0.00891	0.00446	0.00668	0.00668	0.00668	0.00446	0.00446	0.00668	0.00668	0.00891	0.00891	0.01560	0.00891	0.01783	0.02005	0.85071	0.00446	0.00446	0.00223	0.00223
37	0.85592	0.00992	0.00754	0.00675	0.00992	0.01151	0.00556	0.01508	0.00873	0.02302	0.00714	0.00834	0.00556	0.00476	0.00318	0.00159	0.00397	0.00278	0.00318	0.00556
38	0.01708	0.02104	0.01486	0.17651	0.03708	0.61995	0.01093	0.01887	0.01360	0.01276	0.00821	0.01024	0.00669	0.00524	0.00474	0.00141	0.00869	0.00359	0.00257	0.00595
39	0.01433	0.01069	0.01236	0.01020	0.01286	0.01198	0.00823	0.41919	0.01692	0.02333	0.01263	0.01558	0.01033	0.04816	0.23135	0.00358	0.05718	0.00493	0.04260	0.03355
40	0.02302	0.00873	0.01191	0.00913	0.01310	0.00754	0.00754	0.02501	0.01469	0.79122	0.02024	0.01746	0.01270	0.00635	0.00516	0.00159	0.00437	0.00516	0.00635	0.00873
41	0.01203	0.01368	0.02976	0.04874	0.02711	0.01292	0.74298	0.01632	0.01205	0.01632	0.01034	0.01384	0.00775	0.00435	0.00602	0.00173	0.00859	0.00600	0.00258	0.00688
42	0.04717	0.07202	0.37605	0.01256	0.03874	0.01113	0.03729	0.05309	0.01265	0.22845	0.05242	0.01401	0.01052	0.00557	0.00490	0.00157	0.00606	0.00447	0.00369	0.00766
43	0.01270	0.01219	0.02083	0.03149	0.78767	0.01219	0.01575	0.01575	0.01168	0.01676	0.00965	0.01270	0.00813	0.00457	0.00508	0.00152	0.00610	0.00457	0.00254	0.00813
44	0.09979	0.01153	0.03472	0.02339	0.01371	0.01191	0.00829	0.36814	0.08482	0.12043	0.01873	0.07342	0.09379	0.00748	0.00514	0.00163	0.00475	0.00594	0.00490	0.00749
45	0.01159	0.01001	0.01642	0.54894	0.20505	0.01153	0.01400	0.04500	0.01142	0.06256	0.01005	0.01363	0.00757	0.00512	0.00512	0.00165	0.00647	0.00460	0.00270	0.00656
46	0.00629	0.00449	0.00599	0.00712	0.00745	0.00419	0.00477	0.00724	0.01000	0.01338	0.05706	0.78674	0.03449	0.01586	0.00653	0.00207	0.00296	0.01438	0.00480	0.00419
47	0.00621	0.00520	0.00539	0.00535	0.00702	0.00439	0.00401	0.00764	0.01203	0.01465	0.13814	0.04808	0.69893	0.01270	0.00606	0.00172	0.00258	0.01065	0.00487	0.00439
48	0.01426	0.74306	0.02565	0.00922	0.01344	0.09805	0.00889	0.01588	0.01084	0.01212	0.00721	0.00833	0.00659	0.00448	0.00343	0.00112	0.00586	0.00280	0.00224	0.00652
49	0.10288	0.03165	0.34036	0.06164	0.04790	0.01076	0.05146	0.01778	0.03394	0.18295	0.03868	0.01353	0.00963	0.00537	0.00483	0.00159	0.00604	0.00438	0.00345	0.03119
50	0.01494	0.01271	0.01360	0.01277	0.08094	0.05187	0.00932	0.23269	0.46530	0.02365	0.01690	0.01621	0.01264	0.00645	0.00516	0.00165	0.00493	0.00524	0.00484	0.00818
51	0.01342	0.01260	0.04169	0.05694	0.64679	0.01238	0.01501	0.08615	0.01284	0.03805	0.01014	0.01277	0.00821	0.00479	0.00508	0.00154	0.00608	0.00457	0.00286	0.00809
52	0.01171	0.01204	0.01564	0.01346	0.01362	0.06388	0.01115	0.01285	0.00827	0.01236	0.00681	0.01110	0.00673	0.00875	0.01609	0.00219	0.76103	0.00442	0.00227	0.00563
53	0.01092	0.01077	0.01513	0.02816	0.01352	0.01495	0.01088	0.01211	0.00792	0.01230	0.00732	0.01214	0.00727	0.02421	0.05943	0.00261	0.73796	0.00460	0.00229	0.00552
54	0.00644	0.00521	0.00571	0.00559	0.00716	0.00449	0.00419	0.00808	0.01257	0.01594	0.27900	0.04596	0.55727	0.01222	0.00606	0.00170	0.00254	0.01035	0.00504	0.00449
55	0.00625	0.00447	0.00595	0.00714	0.00744	0.00417	0.00476	0.00714	0.00982	0.01310	0.02828	0.81633	0.03394	0.01608	0.00655	0.00208	0.00298	0.01459	0.00476	0.00417
56	0.01242	0.01170	0.01861	0.09998	0.53873	0.01225	0.03083	0.01791	0.17107	0.01739	0.01195	0.01416	0.00957	0.00512	0.00514	0.00159	0.00580	0.00486	0.00307	0.00787
57	0.02140	0.01017	0.01260	0.00974	0.01363	0.00982	0.00802	0.22326	0.03678	0.54482	0.01804	0.01619	0.01173	0.00630	0.00510	0.00157	0.00464	0.00502	0.03258	0.00859
58	0.02302	0.00873	0.01191	0.00913	0.01310	0.00754	0.00754	0.02501	0.01469	0.79122	0.02024	0.01746	0.01270	0.00635	0.00516	0.00159	0.00437	0.00516	0.00635	0.00873
59	0.01123	0.01123	0.01572	0.01347	0.01347	0.01572	0.01123	0.01235	0.00786	0.01235	0.00674	0.01123	0.00674	0.00898	0.01684	0.00225	0.81028	0.00449	0.00225	0.00561
60	0.01064	0.00912	0.01064	0.00760	0.01216	0.00684	0.00608	0.01292	0.01064	0.01672	0.00912	0.01064	0.00760	0.00380	0.00380	0.00076	0.00380	0.00304	0.00304	0.85104
61	0.01951	0.01437	0.01540	0.01181	0.01591	0.01591	0.00975	0.77056	0.02412	0.03234	0.01232	0.01232	0.00873	0.00616	0.00513	0.00154	0.00565	0.00462	0.00513	0.00873
62	0.85592	0.00992	0.00754	0.00675	0.00992	0.01151	0.00556	0.01508	0.00873	0.02302	0.00714	0.00834	0.00556	0.00476	0.00318	0.00159	0.00397	0.00278	0.00318	0.00556
63	0.00625	0.00447	0.00595	0.00714	0.00744	0.00417	0.00476	0.00714	0.00982	0.01310	0.02828	0.81633	0.03394	0.01608	0.00655	0.00208	0.00298	0.01459	0.00476	0.00417
64	0.01951	0.01437	0.01540	0.01181	0.01591	0.01591	0.00975	0.77056	0.02412	0.03234	0.01232	0.01232	0.00873	0.00616	0.00513	0.00154	0.00565	0.00462	0.00513	0.00873
65	0.02302	0.00873	0.01191	0.00913	0.01310	0.00754	0.00754	0.02501	0.01469	0.79122	0.02024	0.01746	0.01270	0.00635	0.00516	0.00159	0.00437	0.00516	0.00635	0.00873
66	0.01739	0.02049	0.01489	0.01314	0.01532	0.54634	0.01020	0.08996	0.01393	0.01439	0.00808	0.00999	0.00684	0.00621	0.00745	0.00155	0.19119	0.00370	0.00279	0.00614
67	0.00985	0.00928	0.01568	0.76648	0.07496	0.01144	0.01433	0.01325	0.01033	0.01330	0.00915	0.01363	0.00691	0.00510	0.00513	0.00170	0.00680	0.00456	0.00229	0.00583
68	0.85592	0.00992	0.00754	0.00675	0.00992	0.01151	0.00556	0.01508	0.00873	0.02302	0.00714	0.00834	0.00556	0.00476	0.00318	0.00159	0.00397	0.00278	0.00318	0.00556
69	0.00746	0.00497	0.00560	0.00560	0.00560	0.00497	0.00311	0.00746	0.00746	0.00995	0.01617	0.03358	0.01865	0.81967	0.02612	0.00497	0.00497	0.00746	0.00311	0.00311
