[name]
unknown

[dist]
# distance from previous block
# <min> <max>
1	134

[block]
# block no. 0 follows, 54 sequences, length 15
# corresponding to MSA columns:
# 149-163
name=unknown_A
#
# <colnr> <probs for GDERKNQSTAVLIFYWHMCP>
#	G	D	E	R	K	N	Q	S	T	A	V	L	I	F	Y	W	H	M	C	P
0	0.05768	0.03877	0.04889	0.02060	0.01303	0.06154	0.01818	0.26129	0.09471	0.10577	0.04603	0.04495	0.02146	0.01639	0.00472	0.00138	0.00466	0.00460	0.00403	0.13131
1	0.10209	0.01072	0.03162	0.00850	0.01112	0.09284	0.00672	0.18069	0.14182	0.07395	0.02337	0.01656	0.02304	0.16343	0.00806	0.00198	0.00470	0.00467	0.02527	0.06883
2	0.10027	0.06342	0.01182	0.02890	0.03766	0.04411	0.00721	0.14713	0.11533	0.09112	0.02294	0.03189	0.00941	0.00506	0.00409	0.00121	0.00429	0.00394	0.00365	0.26654
3	0.05495	0.02894	0.01549	0.14979	0.27758	0.08749	0.02232	0.05195	0.05638	0.04785	0.00913	0.01151	0.00737	0.00534	0.00648	0.00154	0.15275	0.00407	0.00268	0.00639
4	0.01267	0.01144	0.01802	0.06142	0.62844	0.01178	0.01342	0.15327	0.01273	0.01782	0.00929	0.01165	0.00751	0.00449	0.00468	0.00141	0.00556	0.00421	0.00275	0.00747
5	0.01183	0.01146	0.01886	0.08029	0.62565	0.03219	0.06373	0.04754	0.01113	0.01556	0.00887	0.01166	0.00732	0.00442	0.00503	0.00144	0.02920	0.00426	0.00242	0.00715
6	0.01142	0.01132	0.01447	0.33147	0.09394	0.12536	0.06616	0.06987	0.01124	0.01454	0.00857	0.01119	0.00671	0.00442	0.00443	0.00130	0.00594	0.00381	0.00254	0.20130
7	0.00685	0.00582	0.00956	0.00869	0.01002	0.00540	0.14478	0.00850	0.01027	0.01378	0.15291	0.48482	0.09628	0.01174	0.00582	0.00176	0.00356	0.01089	0.00415	0.00440
8	0.00660	0.00482	0.00620	0.00586	0.00700	0.00442	0.00439	0.00876	0.01318	0.01850	0.75304	0.03588	0.09410	0.00979	0.00556	0.00149	0.00224	0.00862	0.00514	0.00442
9	0.00713	0.00451	0.00503	0.00510	0.00531	0.00449	0.00303	0.00758	0.00754	0.01084	0.01566	0.07971	0.01713	0.63322	0.01914	0.00378	0.00403	0.00683	0.15673	0.00319
10	0.00805	0.00582	0.00716	0.00747	0.00842	0.00587	0.00541	0.14709	0.01150	0.01534	0.02329	0.63401	0.02677	0.01303	0.00582	0.00184	0.00328	0.06078	0.00444	0.00461
11	0.71379	0.00899	0.00744	0.00634	0.00949	0.00981	0.00519	0.01350	0.00834	0.02012	0.00689	0.00804	0.00544	0.00422	0.00302	0.00132	0.00362	0.00260	0.00290	0.15895
12	0.01508	0.01063	0.01161	0.00938	0.01226	0.01161	0.00741	0.44055	0.16118	0.09294	0.01405	0.01640	0.01115	0.15439	0.00819	0.00202	0.00471	0.00496	0.00450	0.00699
13	0.00987	0.00873	0.01061	0.00795	0.01139	0.00775	0.00643	0.01178	0.00932	0.01464	0.00799	0.00987	0.00684	0.00435	0.00564	0.00094	0.15091	0.00303	0.00266	0.70928
14	0.01118	0.03970	0.11948	0.03193	0.02271	0.01187	0.58312	0.05756	0.01145	0.01566	0.00968	0.02735	0.00746	0.00433	0.00526	0.00154	0.00737	0.00521	0.00250	0.02466

[dist]
# distance from previous block
# <min> <max>
0	4

[block]
# block no. 1 follows, 54 sequences, length 22
# corresponding to MSA columns:
# 168-170,187-205
name=unknown_B
#
# <colnr> <probs for GDERKNQSTAVLIFYWHMCP>
#	G	D	E	R	K	N	Q	S	T	A	V	L	I	F	Y	W	H	M	C	P
0	0.00695	0.00494	0.00632	0.00587	0.00712	0.00452	0.00442	0.00917	0.01296	0.01867	0.71492	0.03293	0.04068	0.00909	0.00532	0.00142	0.00228	0.00800	0.06310	0.04131
1	0.01944	0.01077	0.01264	0.00969	0.01341	0.01101	0.00801	0.42963	0.01810	0.39500	0.01474	0.01354	0.00973	0.00574	0.00473	0.00144	0.00464	0.00448	0.00524	0.00802
2	0.01702	0.00811	0.01031	0.00829	0.01132	0.00767	0.00670	0.10901	0.07664	0.49315	0.14528	0.05344	0.01762	0.00686	0.00493	0.00149	0.00378	0.00571	0.00546	0.00722
3	0.12500	0.01162	0.06565	0.01037	0.05756	0.02226	0.00831	0.30538	0.12667	0.04778	0.01382	0.04180	0.05102	0.00587	0.00444	0.00141	0.00454	0.00461	0.00397	0.08793
4	0.00747	0.00500	0.00656	0.00607	0.00732	0.00459	0.00459	0.00968	0.01335	0.06254	0.75907	0.03416	0.04267	0.00943	0.00552	0.00148	0.00232	0.00832	0.00523	0.00465
5	0.00574	0.00410	0.00547	0.00657	0.00684	0.00383	0.00438	0.00657	0.00903	0.01204	0.02599	0.83122	0.03119	0.01477	0.00602	0.00191	0.00274	0.01340	0.00438	0.00383
6	0.06975	0.53267	0.15798	0.04655	0.01503	0.01589	0.05795	0.01414	0.00957	0.01273	0.00714	0.00859	0.00606	0.00426	0.00380	0.00121	0.02547	0.00299	0.00210	0.00611
7	0.06055	0.04464	0.01364	0.07732	0.14340	0.00982	0.03558	0.06307	0.11262	0.36875	0.01441	0.01408	0.00996	0.00533	0.00459	0.00146	0.00464	0.00448	0.00434	0.00735
8	0.00580	0.00419	0.00549	0.00642	0.00683	0.00388	0.00434	0.00673	0.00942	0.01254	0.07986	0.73378	0.07475	0.01427	0.00596	0.00187	0.00268	0.01288	0.00443	0.00388
9	0.00603	0.00426	0.00535	0.00609	0.00636	0.00404	0.00393	0.00665	0.00853	0.01129	0.02413	0.57506	0.06753	0.23508	0.01083	0.00261	0.00321	0.01146	0.00397	0.00358
10	0.03305	0.33629	0.05392	0.01020	0.01368	0.21702	0.04909	0.05693	0.06104	0.07236	0.03241	0.01050	0.00827	0.00488	0.00418	0.00125	0.02236	0.00349	0.00285	0.00621
11	0.01999	0.00887	0.04704	0.00863	0.01235	0.00735	0.00740	0.05412	0.01369	0.71247	0.04496	0.01624	0.01240	0.00590	0.00476	0.00146	0.00413	0.00479	0.00559	0.00785
12	0.01886	0.01170	0.01322	0.01013	0.01387	0.01239	0.00837	0.56639	0.01965	0.25605	0.01344	0.01269	0.00908	0.00571	0.00472	0.00143	0.00485	0.00439	0.00504	0.00802
13	0.10378	0.02635	0.14152	0.04630	0.03076	0.02163	0.08276	0.19370	0.04923	0.22571	0.01238	0.02513	0.00877	0.00529	0.00457	0.00147	0.00526	0.00435	0.00393	0.00711
14	0.01709	0.02990	0.01382	0.01169	0.08344	0.00980	0.07534	0.18812	0.05997	0.38792	0.01554	0.06171	0.01127	0.00600	0.00484	0.00148	0.00468	0.00514	0.00475	0.00751
15	0.01099	0.02998	0.10184	0.00938	0.04697	0.00812	0.02884	0.07137	0.01095	0.04778	0.00903	0.01027	0.00714	0.00392	0.00384	0.00093	0.00428	0.00319	0.00292	0.58826
16	0.05504	0.43467	0.04859	0.00962	0.01306	0.19418	0.00868	0.08369	0.04484	0.01384	0.00773	0.00877	0.00654	0.00472	0.00423	0.00121	0.04897	0.00303	0.00251	0.00610
17	0.01858	0.01216	0.01350	0.01035	0.01410	0.01306	0.00855	0.63388	0.02041	0.18748	0.01280	0.01228	0.00876	0.00570	0.00472	0.00142	0.00495	0.00435	0.00494	0.00802
18	0.03544	0.03668	0.01042	0.00915	0.04474	0.00844	0.03333	0.13145	0.12240	0.13580	0.04235	0.18532	0.13530	0.00865	0.00510	0.00158	0.00383	0.02940	0.00443	0.01617
19	0.00686	0.00457	0.00514	0.00514	0.00514	0.00457	0.00286	0.00686	0.00686	0.00914	0.01486	0.03086	0.01714	0.83430	0.02400	0.00457	0.00457	0.00686	0.00286	0.00286
20	0.00997	0.06347	0.57128	0.04930	0.04950	0.01151	0.15000	0.01478	0.01014	0.01466	0.00856	0.01048	0.00625	0.00437	0.00461	0.00148	0.00696	0.00385	0.00208	0.00676
21	0.00641	0.00474	0.00598	0.00581	0.00692	0.00431	0.00431	0.00833	0.01251	0.01726	0.60675	0.11658	0.16159	0.01051	0.00561	0.00154	0.00230	0.00924	0.00498	0.00431

[dist]
# distance from previous block
# <min> <max>
0	2

[block]
# block no. 2 follows, 54 sequences, length 16
# corresponding to MSA columns:
# 208-223
name=unknown_C
#
# <colnr> <probs for GDERKNQSTAVLIFYWHMCP>
#	G	D	E	R	K	N	Q	S	T	A	V	L	I	F	Y	W	H	M	C	P
0	0.01783	0.00868	0.01126	0.00901	0.01219	0.00854	0.02395	0.04041	0.18022	0.53386	0.01760	0.01595	0.01180	0.00602	0.00528	0.00151	0.04675	0.00483	0.03670	0.00759
1	0.14014	0.00781	0.00987	0.00799	0.01120	0.00719	0.00656	0.02000	0.01231	0.60608	0.01766	0.06332	0.01272	0.00654	0.00465	0.00152	0.00391	0.04810	0.00525	0.00716
2	0.00608	0.00480	0.00548	0.00531	0.00668	0.00420	0.00398	0.00775	0.01195	0.01560	0.39751	0.04067	0.45144	0.01087	0.00557	0.00154	0.00231	0.00929	0.00475	0.00420
3	0.00667	0.00482	0.00630	0.00593	0.00704	0.00445	0.00445	0.00890	0.01335	0.01891	0.80239	0.03522	0.04449	0.00964	0.00556	0.00148	0.00222	0.00853	0.00519	0.00445
4	0.01364	0.01108	0.01174	0.00998	0.01299	0.01262	0.00793	0.26122	0.55708	0.02281	0.01676	0.01565	0.01242	0.00617	0.00477	0.00154	0.00418	0.00500	0.00477	0.00763
5	0.01113	0.01272	0.02782	0.01987	0.02464	0.01192	0.78776	0.01510	0.01113	0.01510	0.00954	0.01272	0.00715	0.00397	0.00556	0.00159	0.00795	0.00556	0.00238	0.00636
6	0.00978	0.00838	0.00978	0.00698	0.01117	0.00629	0.00559	0.01187	0.00978	0.01536	0.00838	0.00978	0.00698	0.00349	0.00349	0.00070	0.00349	0.00279	0.00279	0.86312
7	0.18492	0.00847	0.00941	0.00707	0.01091	0.00726	0.00572	0.01421	0.01007	0.15493	0.00980	0.01044	0.00742	0.00408	0.00359	0.00098	0.00361	0.00309	0.00335	0.54066
8	0.01672	0.01040	0.01351	0.13510	0.10575	0.01092	0.00948	0.29956	0.04274	0.28705	0.01332	0.01336	0.00914	0.00544	0.00472	0.00146	0.00496	0.00444	0.00443	0.00752
9	0.12222	0.00873	0.01205	0.30336	0.05435	0.00896	0.02483	0.03009	0.01034	0.14175	0.00988	0.01169	0.00728	0.00451	0.00418	0.00130	0.00482	0.00373	0.00305	0.23288
10	0.01033	0.00965	0.01612	0.51852	0.24285	0.01100	0.04763	0.06164	0.01066	0.01421	0.00875	0.01225	0.00676	0.00460	0.00474	0.00152	0.00610	0.00426	0.00234	0.00607
11	0.36423	0.28130	0.03013	0.00857	0.01184	0.15853	0.02599	0.03078	0.00988	0.01586	0.00689	0.00808	0.00574	0.00445	0.00358	0.00128	0.02194	0.00279	0.00253	0.00561
12	0.00890	0.00838	0.01414	0.82296	0.03247	0.01048	0.01309	0.01205	0.00943	0.01205	0.00838	0.01257	0.00629	0.00471	0.00471	0.00157	0.00629	0.00419	0.00210	0.00524
13	0.86760	0.00912	0.00693	0.00620	0.00912	0.01058	0.00511	0.01386	0.00802	0.02115	0.00657	0.00766	0.00511	0.00438	0.00292	0.00146	0.00365	0.00255	0.00292	0.00511
14	0.01111	0.01094	0.01523	0.49335	0.21116	0.10194	0.01271	0.06218	0.01098	0.01389	0.00856	0.01182	0.00665	0.00467	0.00465	0.00148	0.00631	0.00407	0.00235	0.00596
15	0.01151	0.01078	0.01776	0.16712	0.60588	0.01127	0.01375	0.05465	0.03294	0.01568	0.00920	0.01197	0.00748	0.00443	0.00468	0.00144	0.00565	0.00423	0.00248	0.00710

[dist]
# distance from previous block
# <min> <max>
1	5

[block]
# block no. 3 follows, 54 sequences, length 15
# corresponding to MSA columns:
# 229-243
name=unknown_D
#
# <colnr> <probs for GDERKNQSTAVLIFYWHMCP>
#	G	D	E	R	K	N	Q	S	T	A	V	L	I	F	Y	W	H	M	C	P
0	0.00874	0.00651	0.00875	0.00838	0.01026	0.00616	0.04112	0.01174	0.08851	0.05579	0.02202	0.20018	0.05641	0.01042	0.00559	0.00174	0.00387	0.31136	0.00415	0.13830
1	0.00947	0.00825	0.01056	0.00781	0.01165	0.00642	0.05824	0.01156	0.00979	0.01501	0.01022	0.09197	0.00941	0.00465	0.00388	0.00088	0.00372	0.00404	0.00292	0.71955
2	0.01792	0.01321	0.01415	0.01085	0.01462	0.01462	0.00896	0.78916	0.02217	0.02972	0.01132	0.01132	0.00802	0.00566	0.00472	0.00142	0.00519	0.00425	0.00472	0.00802
3	0.01094	0.00834	0.00985	0.00727	0.01117	0.00661	0.00580	0.05080	0.01067	0.08469	0.01042	0.05718	0.00882	0.00444	0.00380	0.00087	0.00358	0.00364	0.00324	0.69786
4	0.00697	0.00482	0.00633	0.00609	0.00716	0.00444	0.00451	0.00900	0.01278	0.04081	0.67793	0.13905	0.04180	0.01020	0.00560	0.00154	0.00234	0.00906	0.00510	0.00447
5	0.06135	0.00979	0.08202	0.00885	0.01277	0.00784	0.00787	0.05953	0.01334	0.66073	0.01675	0.01486	0.01066	0.00564	0.00463	0.00146	0.00432	0.00450	0.00530	0.00779
6	0.01270	0.01363	0.13440	0.01556	0.02011	0.04897	0.43950	0.01678	0.05236	0.14789	0.01274	0.01416	0.03800	0.00483	0.00517	0.00154	0.00675	0.00516	0.00311	0.00665
7	0.00928	0.00696	0.01022	0.08868	0.01221	0.00797	0.03659	0.03385	0.00950	0.08991	0.05353	0.23045	0.01657	0.01550	0.19505	0.00313	0.16514	0.00712	0.00339	0.00497
8	0.02115	0.00802	0.01094	0.00839	0.01204	0.00693	0.00693	0.02298	0.01350	0.80815	0.01860	0.01605	0.01167	0.00584	0.00474	0.00146	0.00401	0.00474	0.00584	0.00802
9	0.00690	0.00477	0.00660	0.07936	0.00951	0.00466	0.00540	0.00806	0.00944	0.05350	0.02482	0.65109	0.05704	0.01323	0.00584	0.00186	0.00318	0.04630	0.00425	0.00420
10	0.01151	0.53219	0.19367	0.08955	0.06215	0.01576	0.01096	0.01411	0.00971	0.01227	0.00728	0.00881	0.00614	0.00421	0.00360	0.00119	0.00561	0.00299	0.00204	0.00625
11	0.01112	0.00941	0.01421	0.54703	0.10553	0.02398	0.01200	0.12025	0.01156	0.05614	0.00972	0.02602	0.00743	0.00557	0.01931	0.00163	0.00604	0.00438	0.00273	0.00595
12	0.79446	0.02917	0.03151	0.00690	0.01002	0.01082	0.03106	0.01394	0.00822	0.02054	0.00672	0.00789	0.00522	0.00436	0.00305	0.00145	0.00392	0.00268	0.00285	0.00522
13	0.00656	0.00455	0.00531	0.00559	0.00586	0.00442	0.00350	0.00696	0.00788	0.01034	0.02077	0.18695	0.09670	0.54948	0.01774	0.00363	0.00399	0.05314	0.00338	0.00324
14	0.01131	0.00874	0.01012	0.00770	0.01137	0.00753	0.00612	0.12113	0.05012	0.06355	0.01148	0.08387	0.00992	0.00508	0.00402	0.00100	0.00370	0.00418	0.00348	0.57558

[dist]
# distance from previous block
# <min> <max>
0	1

[block]
# block no. 4 follows, 54 sequences, length 13
# corresponding to MSA columns:
# 245-257
name=unknown_E
#
# <colnr> <probs for GDERKNQSTAVLIFYWHMCP>
#	G	D	E	R	K	N	Q	S	T	A	V	L	I	F	Y	W	H	M	C	P
0	0.03927	0.01390	0.16999	0.04321	0.01592	0.03667	0.05461	0.26896	0.01417	0.08363	0.01005	0.01103	0.00736	0.00499	0.00500	0.00135	0.04921	0.00385	0.00341	0.16343
1	0.01256	0.58159	0.13146	0.00946	0.01353	0.05371	0.00962	0.06038	0.01039	0.01277	0.00711	0.00835	0.00617	0.00452	0.00424	0.00118	0.06166	0.00289	0.00220	0.00621
2	0.00725	0.00531	0.00793	0.12821	0.01169	0.00535	0.03332	0.00866	0.00949	0.04996	0.02239	0.59280	0.02547	0.01237	0.00578	0.00185	0.00361	0.06017	0.00404	0.00436
3	0.00568	0.00473	0.00495	0.00501	0.00646	0.00401	0.00371	0.00693	0.01083	0.01319	0.10822	0.10368	0.68248	0.01196	0.00561	0.00161	0.00240	0.01009	0.00445	0.00401
4	0.00658	0.00439	0.00531	0.00566	0.00575	0.00430	0.00342	0.00672	0.00752	0.01002	0.01807	0.28915	0.02116	0.52014	0.01784	0.05478	0.00395	0.00881	0.00330	0.00312
5	0.01203	0.00925	0.00973	0.00855	0.01102	0.01044	0.00671	0.14589	0.48195	0.02083	0.01700	0.01657	0.01280	0.00606	0.00442	0.00145	0.00360	0.00493	0.20994	0.00682
6	0.00978	0.00838	0.00978	0.00698	0.01117	0.00629	0.00559	0.01187	0.00978	0.01536	0.00838	0.00978	0.00698	0.00349	0.00349	0.00070	0.00349	0.00279	0.00279	0.86312
7	0.01054	0.09362	0.46151	0.01162	0.01672	0.01041	0.05846	0.01471	0.02432	0.08918	0.10756	0.03943	0.01226	0.00561	0.00486	0.00148	0.02371	0.00461	0.00289	0.00651
8	0.01025	0.00967	0.01592	0.43694	0.34693	0.01087	0.01323	0.01402	0.06919	0.01400	0.00939	0.01258	0.00738	0.00463	0.00470	0.00150	0.00581	0.00428	0.00240	0.00632
9	0.02065	0.00814	0.01093	0.00845	0.01205	0.00719	0.00696	0.02309	0.05530	0.76605	0.01863	0.01613	0.01182	0.00587	0.00474	0.00147	0.00400	0.00477	0.00578	0.00799
10	0.49417	0.01091	0.01011	0.13021	0.05148	0.09955	0.00761	0.08530	0.01046	0.05050	0.00794	0.00934	0.00603	0.00465	0.00365	0.00144	0.00482	0.00317	0.00299	0.00566
11	0.00992	0.14378	0.69452	0.01265	0.01919	0.01208	0.01605	0.01481	0.00990	0.01437	0.00818	0.00960	0.00598	0.00441	0.00427	0.00142	0.00669	0.00334	0.00199	0.00683
12	0.02455	0.14752	0.54462	0.03746	0.01798	0.01161	0.01415	0.01444	0.01001	0.03357	0.03986	0.01078	0.00770	0.00468	0.00444	0.00139	0.02153	0.00355	0.00227	0.04790

[dist]
# distance from previous block
# <min> <max>
0	29

[block]
# block no. 5 follows, 54 sequences, length 33
# corresponding to MSA columns:
# 287-319
name=unknown_F
#
# <colnr> <probs for GDERKNQSTAVLIFYWHMCP>
#	G	D	E	R	K	N	Q	S	T	A	V	L	I	F	Y	W	H	M	C	P
0	0.09124	0.06025	0.02342	0.00886	0.03129	0.00971	0.00710	0.16807	0.11665	0.22348	0.05423	0.03815	0.05314	0.00694	0.00519	0.03896	0.00408	0.02521	0.02745	0.00659
1	0.00686	0.00457	0.00514	0.00514	0.00514	0.00457	0.00286	0.00686	0.00686	0.00914	0.01486	0.03086	0.01714	0.83430	0.02400	0.00457	0.00457	0.00686	0.00286	0.00286
2	0.00574	0.00414	0.00544	0.00648	0.00682	0.00384	0.00434	0.00657	0.00911	0.01207	0.02702	0.79390	0.06784	0.01464	0.00600	0.00190	0.00272	0.01324	0.00438	0.00384
3	0.01552	0.08949	0.05384	0.03476	0.03519	0.01284	0.03391	0.46299	0.01713	0.08876	0.01147	0.01264	0.00858	0.04130	0.02598	0.00167	0.00534	0.00426	0.03715	0.00718
4	0.02913	0.20313	0.03649	0.07837	0.01470	0.22952	0.00867	0.08322	0.08283	0.15053	0.01080	0.01125	0.00810	0.00503	0.00414	0.00130	0.00575	0.00366	0.02697	0.00642
5	0.00589	0.00416	0.00543	0.00639	0.00662	0.00392	0.00418	0.00660	0.00875	0.01167	0.02458	0.73014	0.02941	0.11827	0.00829	0.00225	0.00297	0.01258	0.00418	0.00371
6	0.01087	0.01043	0.03968	0.36771	0.31526	0.01106	0.03438	0.08840	0.02579	0.01549	0.02997	0.01273	0.00806	0.00475	0.00474	0.00149	0.00584	0.00435	0.00257	0.00644
7	0.03256	0.10209	0.19045	0.00982	0.01421	0.01041	0.00965	0.12366	0.04786	0.39101	0.01386	0.01305	0.00930	0.00531	0.00446	0.00142	0.00492	0.00414	0.00432	0.00750
8	0.00589	0.00423	0.00560	0.00653	0.00694	0.00394	0.00447	0.00689	0.00954	0.01277	0.10019	0.71079	0.05179	0.01416	0.00598	0.00187	0.00273	0.03732	0.00445	0.00391
9	0.01153	0.05172	0.22479	0.07390	0.08141	0.07364	0.30183	0.03779	0.01096	0.03254	0.00891	0.01128	0.00676	0.00455	0.00540	0.00151	0.04826	0.00437	0.00238	0.00647
10	0.00964	0.00823	0.00963	0.00694	0.01099	0.00621	0.00554	0.01174	0.00993	0.01552	0.04294	0.01088	0.00862	0.00376	0.00358	0.00073	0.00344	0.00304	0.00290	0.82574
11	0.01077	0.33620	0.44810	0.01163	0.01715	0.01407	0.04823	0.01452	0.00978	0.01335	0.00771	0.00917	0.00606	0.00440	0.00431	0.00133	0.03144	0.00323	0.00202	0.00653
12	0.00585	0.00420	0.00555	0.00645	0.00685	0.00391	0.00436	0.00684	0.00957	0.01285	0.11636	0.71914	0.05237	0.01411	0.00595	0.00186	0.00267	0.01275	0.00447	0.00391
13	0.00938	0.00470	0.00513	0.00510	0.00632	0.00461	0.00392	0.01148	0.01016	0.07014	0.01686	0.06108	0.01416	0.00655	0.00377	0.00125	0.00251	0.06309	0.69518	0.00461
14	0.00615	0.00480	0.00558	0.00538	0.00672	0.00423	0.00404	0.00788	0.01211	0.01597	0.44297	0.04006	0.40575	0.01074	0.00557	0.00153	0.00230	0.00921	0.00480	0.00423
15	0.01173	0.01013	0.01066	0.00960	0.01226	0.01173	0.00746	0.02505	0.79636	0.01972	0.01919	0.01759	0.01439	0.00640	0.00480	0.00160	0.00373	0.00533	0.00480	0.00746
16	0.02065	0.00806	0.01088	0.00838	0.01195	0.00704	0.00691	0.04123	0.01370	0.76598	0.04147	0.01650	0.01255	0.00594	0.00477	0.00146	0.00399	0.00484	0.00579	0.00792
17	0.02115	0.00802	0.01094	0.00839	0.01204	0.00693	0.00693	0.02298	0.01350	0.80815	0.01860	0.01605	0.01167	0.00584	0.00474	0.00146	0.00401	0.00474	0.00584	0.00802
18	0.00674	0.00505	0.00758	0.00758	0.00842	0.00589	0.00589	0.00842	0.00758	0.01095	0.01263	0.01852	0.01179	0.03536	0.81561	0.00758	0.01263	0.00505	0.00253	0.00421
19	0.86760	0.00912	0.00693	0.00620	0.00912	0.01058	0.00511	0.01386	0.00802	0.02115	0.00657	0.00766	0.00511	0.00438	0.00292	0.00146	0.00365	0.00255	0.00292	0.00511
20	0.01761	0.02247	0.01336	0.01215	0.01458	0.81537	0.00911	0.01883	0.01336	0.01154	0.00729	0.00850	0.00607	0.00486	0.00425	0.00121	0.00850	0.00304	0.00243	0.00547
21	0.00589	0.00483	0.00521	0.00528	0.00666	0.00427	0.00397	0.00710	0.01022	0.01242	0.04105	0.04274	0.63075	0.07608	0.06907	0.00232	0.00347	0.06061	0.00412	0.00394
22	0.00574	0.00410	0.00547	0.00657	0.00684	0.00383	0.00438	0.00657	0.00903	0.01204	0.02599	0.83122	0.03119	0.01477	0.00602	0.00191	0.00274	0.01340	0.00438	0.00383
23	0.01021	0.00863	0.01001	0.00719	0.01136	0.00672	0.00576	0.05272	0.01043	0.01612	0.00853	0.00986	0.00704	0.00361	0.00356	0.00074	0.00358	0.00287	0.00289	0.81819
24	0.01310	0.01226	0.01690	0.04012	0.01734	0.06209	0.24592	0.17992	0.32163	0.01963	0.01352	0.01407	0.01008	0.00535	0.00498	0.00153	0.00570	0.00500	0.00381	0.00704
25	0.01107	0.01096	0.03726	0.18670	0.63208	0.01105	0.01427	0.01400	0.01046	0.01472	0.00876	0.01181	0.00720	0.00431	0.00467	0.00144	0.00577	0.00418	0.00228	0.00701
26	0.00680	0.00455	0.00516	0.00521	0.00523	0.00453	0.00293	0.00684	0.00697	0.00929	0.01542	0.07110	0.01785	0.79309	0.02309	0.00444	0.00448	0.00719	0.00293	0.00291
27	0.00574	0.00410	0.00547	0.00657	0.00684	0.00383	0.00438	0.00657	0.00903	0.01204	0.02599	0.83122	0.03119	0.01477	0.00602	0.00191	0.00274	0.01340	0.00438	0.00383
28	0.05691	0.31631	0.07274	0.01344	0.15256	0.22518	0.03283	0.01592	0.01096	0.05179	0.00796	0.00926	0.00656	0.00441	0.00389	0.00123	0.00615	0.00322	0.00242	0.00627
29	0.00580	0.00498	0.00500	0.00496	0.00659	0.00427	0.00373	0.00745	0.04025	0.01300	0.04669	0.04433	0.77336	0.01173	0.00554	0.00159	0.00244	0.00978	0.00439	0.00411
30	0.00978	0.00838	0.00978	0.00698	0.01117	0.00629	0.00559	0.01187	0.00978	0.01536	0.00838	0.00978	0.00698	0.00349	0.00349	0.00070	0.00349	0.00279	0.00279	0.86312
31	0.01202	0.00986	0.01315	0.12767	0.11512	0.00989	0.04092	0.20185	0.05500	0.03778	0.04187	0.04599	0.01017	0.00521	0.00448	0.00127	0.00470	0.00448	0.00343	0.25515
32	0.00889	0.00685	0.00996	0.01008	0.07561	0.00728	0.06571	0.05383	0.00993	0.02682	0.01636	0.22110	0.01680	0.08127	0.07756	0.00242	0.09061	0.06765	0.14642	0.00485

[dist]
# distance from previous block
# <min> <max>
0	1

[block]
# block no. 6 follows, 54 sequences, length 70
# corresponding to MSA columns:
# 321-390
name=unknown_G
#
# <colnr> <probs for GDERKNQSTAVLIFYWHMCP>
#	G	D	E	R	K	N	Q	S	T	A	V	L	I	F	Y	W	H	M	C	P
0	0.86760	0.00912	0.00693	0.00620	0.00912	0.01058	0.00511	0.01386	0.00802	0.02115	0.00657	0.00766	0.00511	0.00438	0.00292	0.00146	0.00365	0.00255	0.00292	0.00511
1	0.01148	0.00991	0.01042	0.00940	0.01202	0.01141	0.00730	0.02431	0.76429	0.01944	0.02036	0.01873	0.04659	0.00662	0.00483	0.00160	0.00368	0.00552	0.00478	0.00732
2	0.00642	0.00465	0.00606	0.00605	0.00698	0.00429	0.00441	0.00828	0.01225	0.01710	0.59613	0.22461	0.06326	0.01093	0.00567	0.00159	0.00235	0.00973	0.00497	0.00429
3	0.01761	0.02247	0.01336	0.01215	0.01458	0.81537	0.00911	0.01883	0.01336	0.01154	0.00729	0.00850	0.00607	0.00486	0.00425	0.00121	0.00850	0.00304	0.00243	0.00547
4	0.00571	0.00478	0.00497	0.00492	0.00645	0.00404	0.00369	0.00704	0.01108	0.01352	0.14330	0.04409	0.70695	0.01165	0.00557	0.00158	0.00237	0.00977	0.00448	0.00404
5	0.01032	0.01032	0.01444	0.01238	0.01238	0.01444	0.01032	0.01135	0.00722	0.01135	0.00619	0.01032	0.00619	0.00825	0.01547	0.00206	0.82567	0.00413	0.00206	0.00516
6	0.00978	0.00838	0.00978	0.00698	0.01117	0.00629	0.00559	0.01187	0.00978	0.01536	0.00838	0.00978	0.00698	0.00349	0.00349	0.00070	0.00349	0.00279	0.00279	0.86312
7	0.01792	0.01321	0.01415	0.01085	0.01462	0.01462	0.00896	0.78916	0.02217	0.02972	0.01132	0.01132	0.00802	0.00566	0.00472	0.00142	0.00519	0.00425	0.00472	0.00802
8	0.00582	0.00418	0.00555	0.00662	0.00696	0.00390	0.00450	0.00671	0.00914	0.01214	0.02639	0.78099	0.04689	0.01464	0.00603	0.00192	0.00280	0.04658	0.00438	0.00386
9	0.00574	0.00410	0.00547	0.00657	0.00684	0.00383	0.00438	0.00657	0.00903	0.01204	0.02599	0.83122	0.03119	0.01477	0.00602	0.00191	0.00274	0.01340	0.00438	0.00383
10	0.00978	0.00838	0.00978	0.00698	0.01117	0.00629	0.00559	0.01187	0.00978	0.01536	0.00838	0.00978	0.00698	0.00349	0.00349	0.00070	0.00349	0.00279	0.00279	0.86312
11	0.00745	0.00571	0.00910	0.03971	0.03738	0.00543	0.09577	0.00883	0.00955	0.05090	0.02264	0.61299	0.03762	0.02553	0.00609	0.00186	0.00366	0.01126	0.00404	0.00449
12	0.00680	0.00498	0.00738	0.00738	0.00814	0.00574	0.00564	0.00824	0.00748	0.01073	0.01258	0.01907	0.01195	0.08137	0.73684	0.04219	0.01181	0.00512	0.00253	0.00404
13	0.00890	0.00838	0.01414	0.82296	0.03247	0.01048	0.01309	0.01205	0.00943	0.01205	0.00838	0.01257	0.00629	0.00471	0.00471	0.00157	0.00629	0.00419	0.00210	0.00524
14	0.86760	0.00912	0.00693	0.00620	0.00912	0.01058	0.00511	0.01386	0.00802	0.02115	0.00657	0.00766	0.00511	0.00438	0.00292	0.00146	0.00365	0.00255	0.00292	0.00511
15	0.02115	0.00802	0.01094	0.00839	0.01204	0.00693	0.00693	0.02298	0.01350	0.80815	0.01860	0.01605	0.01167	0.00584	0.00474	0.00146	0.00401	0.00474	0.00584	0.00802
16	0.02097	0.00832	0.01112	0.00853	0.01218	0.00736	0.00704	0.06613	0.01398	0.76431	0.01819	0.01578	0.01147	0.00583	0.00474	0.00146	0.00408	0.00471	0.00577	0.00802
17	0.00978	0.00838	0.00978	0.00698	0.01117	0.00629	0.00559	0.01187	0.00978	0.01536	0.00838	0.00978	0.00698	0.00349	0.00349	0.00070	0.00349	0.00279	0.00279	0.86312
18	0.00661	0.00482	0.00622	0.00587	0.00701	0.00442	0.00440	0.00878	0.01321	0.01857	0.76152	0.03577	0.08558	0.00976	0.00556	0.00149	0.00223	0.00860	0.00515	0.00442
19	0.01113	0.01272	0.02782	0.01987	0.02464	0.01192	0.78776	0.01510	0.01113	0.01510	0.00954	0.01272	0.00715	0.00397	0.00556	0.00159	0.00795	0.00556	0.00238	0.00636
20	0.00890	0.00838	0.01414	0.82296	0.03247	0.01048	0.01309	0.01205	0.00943	0.01205	0.00838	0.01257	0.00629	0.00471	0.00471	0.00157	0.00629	0.00419	0.00210	0.00524
21	0.02043	0.00781	0.01056	0.00816	0.01165	0.00678	0.00672	0.02228	0.01328	0.76186	0.01841	0.01614	0.01170	0.00582	0.00466	0.00144	0.00391	0.00472	0.05588	0.00781
22	0.00573	0.00416	0.00541	0.00642	0.00680	0.00384	0.00431	0.00658	0.00917	0.01209	0.02777	0.76690	0.09436	0.01454	0.00598	0.00189	0.00271	0.01312	0.00438	0.00384
23	0.01043	0.01439	0.18321	0.01752	0.02239	0.01114	0.56337	0.01451	0.01076	0.01487	0.01040	0.02703	0.00837	0.00547	0.02575	0.00175	0.00761	0.04230	0.00243	0.00629
24	0.02519	0.71741	0.02298	0.05588	0.01335	0.01753	0.00832	0.04579	0.01018	0.03681	0.00723	0.00827	0.00631	0.00420	0.00324	0.00108	0.00507	0.00276	0.00226	0.00613
25	0.84569	0.03034	0.00739	0.00625	0.00919	0.01078	0.00518	0.01387	0.00806	0.02090	0.00657	0.00766	0.00513	0.00437	0.00292	0.00145	0.00368	0.00255	0.00289	0.00513
26	0.00817	0.05466	0.03346	0.00703	0.00878	0.00591	0.03707	0.01042	0.01268	0.06956	0.59567	0.06925	0.05106	0.00896	0.00535	0.00148	0.00291	0.00791	0.00478	0.00489
27	0.01305	0.03252	0.06002	0.07428	0.39633	0.04848	0.01181	0.05815	0.10057	0.10949	0.01111	0.01248	0.00849	0.00477	0.00458	0.00140	0.00534	0.00420	0.00313	0.03978
28	0.02149	0.01997	0.60167	0.01260	0.01836	0.00994	0.07680	0.01392	0.01059	0.01570	0.14089	0.01436	0.01248	0.00530	0.00472	0.00150	0.00621	0.00448	0.00257	0.00647
29	0.01188	0.01020	0.01075	0.00963	0.01232	0.01180	0.00750	0.04343	0.77775	0.01996	0.01900	0.01744	0.01424	0.00638	0.00480	0.00159	0.00377	0.00530	0.00480	0.00748
30	0.86760	0.00912	0.00693	0.00620	0.00912	0.01058	0.00511	0.01386	0.00802	0.02115	0.00657	0.00766	0.00511	0.00438	0.00292	0.00146	0.00365	0.00255	0.00292	0.00511
31	0.00665	0.00482	0.00627	0.00591	0.00703	0.00444	0.00443	0.00885	0.01329	0.01878	0.78624	0.03544	0.06072	0.00969	0.00556	0.00149	0.00223	0.00856	0.00517	0.00444
32	0.01758	0.01303	0.01395	0.01078	0.01449	0.01446	0.00888	0.74623	0.06567	0.02915	0.01176	0.01167	0.00838	0.00570	0.00472	0.00143	0.00511	0.00431	0.00472	0.00799
33	0.00603	0.00434	0.00571	0.00633	0.00689	0.00402	0.00438	0.00729	0.01040	0.01417	0.26641	0.56952	0.05068	0.01313	0.00587	0.00177	0.00257	0.01183	0.00463	0.00402
34	0.01932	0.00759	0.01033	0.00812	0.01141	0.00659	0.00662	0.02113	0.01327	0.71043	0.07785	0.05683	0.01508	0.00655	0.00486	0.00148	0.00382	0.00544	0.00572	0.00755
35	0.00679	0.00485	0.00654	0.00654	0.00702	0.00533	0.00460	0.00775	0.00727	0.01017	0.01358	0.02380	0.01408	0.37700	0.47710	0.00629	0.00918	0.00582	0.00267	0.00363
36	0.01213	0.01033	0.01089	0.00968	0.01241	0.01191	0.00756	0.07439	0.74638	0.02037	0.01868	0.01719	0.01398	0.00635	0.00479	0.00159	0.00383	0.00526	0.00479	0.00750
37	0.00662	0.00482	0.00623	0.00587	0.00701	0.00443	0.00441	0.00879	0.01322	0.01860	0.76498	0.03572	0.08210	0.00975	0.00556	0.00149	0.00223	0.00860	0.00515	0.00443
38	0.00828	0.00753	0.01242	0.66072	0.02738	0.00915	0.01136	0.01096	0.00935	0.01204	0.01188	0.17526	0.01123	0.00671	0.00497	0.00164	0.00558	0.00602	0.00255	0.00496
39	0.01787	0.01014	0.07679	0.01373	0.19659	0.00832	0.02179	0.02024	0.01254	0.54878	0.01540	0.01450	0.01017	0.00532	0.00472	0.00145	0.00468	0.00453	0.00466	0.00779
40	0.00636	0.00443	0.00590	0.00693	0.00744	0.00423	0.00506	0.00757	0.00950	0.01285	0.02512	0.60225	0.02912	0.01382	0.00597	0.00193	0.00308	0.18959	0.05488	0.00398
41	0.01261	0.83713	0.02471	0.00807	0.01210	0.01866	0.00807	0.01412	0.00958	0.01109	0.00656	0.00756	0.00605	0.00403	0.00303	0.00101	0.00504	0.00252	0.00202	0.00605
42	0.02096	0.00833	0.01113	0.00853	0.01219	0.00739	0.00705	0.06841	0.01401	0.76199	0.01817	0.01577	0.01145	0.00583	0.00474	0.00146	0.00408	0.00471	0.00577	0.00802
43	0.86760	0.00912	0.00693	0.00620	0.00912	0.01058	0.00511	0.01386	0.00802	0.02115	0.00657	0.00766	0.00511	0.00438	0.00292	0.00146	0.00365	0.00255	0.00292	0.00511
44	0.01000	0.00837	0.00980	0.00701	0.01119	0.00630	0.00561	0.01209	0.00985	0.03098	0.00858	0.00990	0.00708	0.00354	0.00352	0.00071	0.00350	0.00283	0.00285	0.84628
45	0.00645	0.00481	0.00599	0.00569	0.00691	0.00435	0.00427	0.00846	0.01281	0.01764	0.64753	0.03730	0.20014	0.01011	0.00556	0.00151	0.00226	0.00882	0.00502	0.00435
46	0.00564	0.00462	0.00498	0.00523	0.00650	0.00396	0.00379	0.00678	0.01041	0.01274	0.06277	0.23179	0.59935	0.01255	0.00568	0.00167	0.00247	0.01073	0.00440	0.00396
47	0.01870	0.00834	0.01126	0.08930	0.01400	0.00786	0.00758	0.08323	0.02824	0.60765	0.06059	0.01641	0.01272	0.00593	0.00478	0.00147	0.00423	0.00487	0.00532	0.00754
48	0.01114	0.00906	0.01342	0.11268	0.01552	0.00987	0.15932	0.16928	0.06112	0.01784	0.01214	0.02501	0.00971	0.02883	0.06303	0.00197	0.05627	0.00483	0.21317	0.00579
49	0.02322	0.01911	0.53112	0.01415	0.07460	0.01022	0.10582	0.01461	0.01052	0.05351	0.05716	0.01358	0.04115	0.00507	0.00472	0.00150	0.00633	0.00438	0.00255	0.00669
50	0.01092	0.01121	0.10599	0.40607	0.17522	0.01087	0.01273	0.06104	0.09172	0.05329	0.01027	0.01271	0.00767	0.00487	0.00469	0.00152	0.00579	0.00426	0.00274	0.00639
51	0.00694	0.00521	0.00681	0.03964	0.00820	0.00534	0.00506	0.00834	0.01025	0.01402	0.30526	0.10536	0.10146	0.17473	0.04928	0.02325	0.05185	0.07097	0.00400	0.00403
52	0.02725	0.04700	0.34517	0.01378	0.06582	0.03132	0.13966	0.07518	0.06963	0.04586	0.02491	0.01171	0.00804	0.00468	0.00458	0.00142	0.00612	0.00409	0.00279	0.07100
53	0.00638	0.00474	0.00594	0.00578	0.00690	0.00430	0.00428	0.00827	0.01244	0.01709	0.58625	0.11607	0.18298	0.01057	0.00561	0.00155	0.00231	0.00927	0.00496	0.00430
54	0.01274	0.69299	0.03475	0.00924	0.04460	0.07469	0.00842	0.01437	0.00991	0.01156	0.00682	0.00794	0.00615	0.00408	0.00322	0.00103	0.00527	0.00265	0.00210	0.04745
55	0.11018	0.44787	0.18212	0.00943	0.01391	0.04630	0.03615	0.01429	0.00970	0.01354	0.00723	0.00846	0.00604	0.00415	0.00348	0.00116	0.00539	0.00287	0.00221	0.07553
56	0.01100	0.19693	0.03486	0.03110	0.01488	0.09108	0.21358	0.01324	0.01001	0.01318	0.01086	0.03366	0.03384	0.02344	0.04698	0.00178	0.09861	0.00458	0.11091	0.00549
57	0.00690	0.03543	0.08579	0.00604	0.00831	0.00548	0.00536	0.02285	0.01111	0.03377	0.09929	0.03842	0.60343	0.01048	0.00534	0.00155	0.00301	0.00871	0.00417	0.00456
58	0.01163	0.01128	0.01948	0.02762	0.72077	0.01127	0.07073	0.01488	0.03763	0.01553	0.00927	0.01195	0.00768	0.00426	0.00474	0.00142	0.00571	0.00434	0.00242	0.00739
59	0.02052	0.00816	0.01115	0.00862	0.01206	0.00737	0.00713	0.02230	0.01313	0.76149	0.01787	0.01571	0.01135	0.00598	0.00537	0.00149	0.05212	0.00471	0.00561	0.00786
60	0.01000	0.05696	0.01068	0.00712	0.01126	0.00717	0.00579	0.01239	0.03299	0.01524	0.00859	0.00988	0.00715	0.00361	0.00350	0.00074	0.00359	0.00285	0.00281	0.78767
61	0.01054	0.30488	0.53890	0.01159	0.01754	0.01361	0.01419	0.01465	0.00983	0.01361	0.00780	0.00913	0.00600	0.00433	0.00398	0.00133	0.00630	0.00315	0.00200	0.00665
62	0.00574	0.00410	0.00547	0.00657	0.00684	0.00383	0.00438	0.00657	0.00903	0.01204	0.02599	0.83122	0.03119	0.01477	0.00602	0.00191	0.00274	0.01340	0.00438	0.00383
63	0.00623	0.00466	0.00638	0.00713	0.00766	0.00447	0.02556	0.00778	0.04714	0.01255	0.02519	0.74756	0.02961	0.01403	0.00596	0.00190	0.00297	0.03478	0.00434	0.00409
64	0.01461	0.17412	0.11149	0.01038	0.01448	0.01165	0.08527	0.13213	0.08408	0.21975	0.02539	0.02554	0.00971	0.00523	0.00442	0.00136	0.00503	0.00430	0.00381	0.05724
65	0.00707	0.00759	0.09983	0.07548	0.03130	0.00608	0.02635	0.00931	0.03880	0.01286	0.03814	0.39239	0.11409	0.05458	0.05200	0.00222	0.00437	0.01929	0.00366	0.00461
66	0.00574	0.00410	0.00547	0.00657	0.00684	0.00383	0.00438	0.00657	0.00903	0.01204	0.02599	0.83122	0.03119	0.01477	0.00602	0.00191	0.00274	0.01340	0.00438	0.00383
67	0.00686	0.00457	0.00514	0.00514	0.00514	0.00457	0.00286	0.00686	0.00686	0.00914	0.01486	0.03086	0.01714	0.83430	0.02400	0.00457	0.00457	0.00686	0.00286	0.00286
68	0.08428	0.13194	0.08569	0.06893	0.01540	0.12919	0.03599	0.21958	0.01363	0.09553	0.00981	0.02061	0.00749	0.00567	0.01698	0.00149	0.04414	0.00383	0.00329	0.00654
69	0.00884	0.01123	0.17585	0.10587	0.10789	0.00866	0.08353	0.02539	0.08822	0.01446	0.01867	0.20140	0.11427	0.00791	0.00515	0.00162	0.00493	0.00710	0.00325	0.00575

[dist]
# distance from previous block
# <min> <max>
0	1

[block]
# block no. 7 follows, 54 sequences, length 21
# corresponding to MSA columns:
# 392-412
name=unknown_H
#
# <colnr> <probs for GDERKNQSTAVLIFYWHMCP>
#	G	D	E	R	K	N	Q	S	T	A	V	L	I	F	Y	W	H	M	C	P
0	0.86760	0.00912	0.00693	0.00620	0.00912	0.01058	0.00511	0.01386	0.00802	0.02115	0.00657	0.00766	0.00511	0.00438	0.00292	0.00146	0.00365	0.00255	0.00292	0.00511
1	0.09250	0.01125	0.01209	0.00967	0.01302	0.01233	0.00788	0.44638	0.16861	0.11800	0.05007	0.01387	0.01111	0.00589	0.00461	0.00146	0.00449	0.00456	0.00473	0.00749
2	0.01144	0.04843	0.10778	0.06560	0.45971	0.05692	0.07662	0.01483	0.03668	0.01500	0.00937	0.01178	0.00756	0.00442	0.00455	0.00140	0.00587	0.00414	0.05103	0.00685
3	0.00775	0.00464	0.00616	0.00674	0.00750	0.00424	0.00468	0.00871	0.00967	0.11579	0.02575	0.69898	0.05421	0.01351	0.00584	0.00184	0.00289	0.01216	0.00457	0.00438
4	0.00574	0.00410	0.00547	0.00657	0.00684	0.00383	0.00438	0.00657	0.00903	0.01204	0.02599	0.83122	0.03119	0.01477	0.00602	0.00191	0.00274	0.01340	0.00438	0.00383
5	0.00568	0.00451	0.00511	0.00554	0.00658	0.00394	0.00393	0.00676	0.01015	0.01268	0.06615	0.36098	0.46537	0.01300	0.00575	0.00172	0.00252	0.01129	0.00441	0.00394
6	0.01051	0.09028	0.12013	0.38315	0.02398	0.03822	0.09844	0.04267	0.01014	0.02359	0.00845	0.01149	0.00654	0.00498	0.00571	0.00153	0.09286	0.00406	0.01749	0.00579
7	0.01128	0.01984	0.55557	0.08024	0.07338	0.02994	0.02986	0.01578	0.01052	0.11546	0.00976	0.01108	0.00685	0.00465	0.00456	0.00148	0.00650	0.00378	0.00253	0.00695
8	0.00585	0.00418	0.00559	0.00669	0.00700	0.00392	0.00456	0.00675	0.00913	0.01215	0.02593	0.78709	0.03096	0.01467	0.00605	0.00193	0.00283	0.05649	0.00437	0.00386
9	0.00987	0.00846	0.00982	0.00711	0.01123	0.00654	0.00568	0.01250	0.04694	0.01557	0.00889	0.01015	0.00733	0.00363	0.00355	0.00074	0.00350	0.00291	0.00289	0.82269
10	0.01545	0.11521	0.01497	0.07831	0.01516	0.01407	0.00897	0.52174	0.01762	0.03770	0.01046	0.01175	0.00796	0.02892	0.03285	0.00171	0.05201	0.00412	0.00390	0.00711
11	0.00599	0.00476	0.00539	0.00540	0.00673	0.00416	0.00405	0.00750	0.01141	0.01460	0.27319	0.10001	0.48967	0.01149	0.00564	0.00160	0.00243	0.03723	0.00462	0.00412
12	0.00680	0.00434	0.00544	0.00574	0.00585	0.00425	0.00356	0.00662	0.00739	0.00983	0.01724	0.25297	0.03463	0.41656	0.01741	0.18313	0.00391	0.00818	0.00315	0.00298
13	0.01428	0.66086	0.02187	0.00829	0.01219	0.04978	0.00792	0.01584	0.01041	0.14799	0.00865	0.00906	0.00702	0.00438	0.00337	0.00109	0.00501	0.00292	0.00269	0.00637
14	0.84032	0.00960	0.03246	0.00643	0.00948	0.01059	0.00550	0.01389	0.00809	0.02096	0.00663	0.00773	0.00513	0.00438	0.00297	0.00146	0.00375	0.00258	0.00289	0.00517
15	0.01443	0.01190	0.04967	0.07684	0.01517	0.01259	0.00901	0.44768	0.19270	0.02370	0.01347	0.01550	0.01047	0.04516	0.00571	0.00165	0.00497	0.03788	0.00429	0.00721
16	0.17417	0.00959	0.07714	0.00841	0.01221	0.00793	0.00748	0.02065	0.01220	0.59852	0.01556	0.01401	0.01000	0.00546	0.00439	0.00146	0.00419	0.00424	0.00498	0.00740
17	0.01226	0.01097	0.04618	0.24972	0.20337	0.03505	0.05493	0.13909	0.01239	0.07261	0.01082	0.01323	0.02499	0.00495	0.00467	0.00142	0.00563	0.01496	0.00300	0.07977
18	0.10562	0.00986	0.08833	0.00962	0.02181	0.02149	0.08830	0.13298	0.02904	0.07419	0.08363	0.18874	0.02834	0.07742	0.01785	0.00191	0.00466	0.00678	0.00380	0.00562
19	0.01077	0.07955	0.01544	0.19049	0.32991	0.06819	0.01118	0.02407	0.05692	0.01398	0.01292	0.08185	0.05923	0.00592	0.00487	0.00147	0.01916	0.00517	0.00273	0.00618
20	0.02037	0.00820	0.01092	0.00849	0.01206	0.00733	0.00697	0.02315	0.07908	0.74210	0.01865	0.01618	0.01190	0.00588	0.00475	0.00147	0.00399	0.00479	0.00575	0.00798

[dist]
# distance from previous block
# <min> <max>
4	6

[block]
# block no. 8 follows, 54 sequences, length 9
# corresponding to MSA columns:
# 419-427
name=unknown_I
#
# <colnr> <probs for GDERKNQSTAVLIFYWHMCP>
#	G	D	E	R	K	N	Q	S	T	A	V	L	I	F	Y	W	H	M	C	P
0	0.01149	0.38870	0.22260	0.00994	0.01389	0.01409	0.01045	0.01400	0.00945	0.06503	0.00842	0.01019	0.00700	0.00795	0.08735	0.00196	0.10568	0.00337	0.00232	0.00612
1	0.10386	0.01156	0.01243	0.00974	0.01326	0.01256	0.00800	0.52483	0.06526	0.14705	0.01254	0.01223	0.00878	0.00560	0.00450	0.00143	0.00468	0.00422	0.02988	0.00758
2	0.01158	0.09435	0.01848	0.08530	0.45833	0.01165	0.08171	0.01542	0.09528	0.03808	0.01063	0.03968	0.00887	0.00484	0.00465	0.00143	0.00547	0.00460	0.00272	0.00694
3	0.01704	0.00746	0.01015	0.00880	0.04675	0.00666	0.00669	0.01925	0.03805	0.56663	0.12964	0.06801	0.03922	0.00702	0.00495	0.00150	0.00370	0.00593	0.00543	0.00712
4	0.01158	0.00935	0.00995	0.00894	0.01135	0.01060	0.00693	0.10622	0.56075	0.01992	0.01855	0.08983	0.01496	0.00697	0.00475	0.00156	0.00365	0.00584	0.09144	0.00689
5	0.00837	0.00899	0.12619	0.00967	0.03103	0.00782	0.00818	0.01006	0.00901	0.05077	0.01761	0.40627	0.01950	0.02991	0.00838	0.00192	0.19956	0.03840	0.00346	0.00490
6	0.02115	0.00802	0.01094	0.00839	0.01204	0.00693	0.00693	0.02298	0.01350	0.80815	0.01860	0.01605	0.01167	0.00584	0.00474	0.00146	0.00401	0.00474	0.00584	0.00802
7	0.01192	0.00851	0.01078	0.00781	0.01192	0.00665	0.04020	0.01404	0.01052	0.16028	0.01030	0.01105	0.00785	0.00394	0.00381	0.00088	0.00378	0.00327	0.00333	0.66916
8	0.01167	0.01120	0.01914	0.02894	0.80488	0.01120	0.01447	0.01447	0.01074	0.01540	0.00887	0.01167	0.00747	0.00420	0.00467	0.00140	0.00560	0.00420	0.00233	0.00747

[dist]
# distance from previous block
# <min> <max>
0	6

[block]
# block no. 9 follows, 54 sequences, length 11
# corresponding to MSA columns:
# 434-444
name=unknown_J
#
# <colnr> <probs for GDERKNQSTAVLIFYWHMCP>
#	G	D	E	R	K	N	Q	S	T	A	V	L	I	F	Y	W	H	M	C	P
0	0.00640	0.00497	0.00590	0.00624	0.00730	0.00467	0.00455	0.00859	0.07005	0.01406	0.15694	0.34533	0.27980	0.01231	0.00574	0.00173	0.00271	0.05392	0.00454	0.00428
1	0.08640	0.01193	0.01236	0.07654	0.04278	0.09356	0.00856	0.30665	0.15832	0.10354	0.01343	0.01392	0.02762	0.00576	0.00458	0.00146	0.00504	0.01636	0.00415	0.00702
2	0.01246	0.00981	0.01161	0.06894	0.01381	0.02396	0.03103	0.24082	0.02638	0.05671	0.05425	0.01423	0.05334	0.00521	0.00432	0.00115	0.00433	0.00424	0.00368	0.35971
3	0.01209	0.23078	0.48353	0.01127	0.01697	0.01230	0.01338	0.01598	0.01041	0.13754	0.00955	0.01029	0.00688	0.00458	0.00415	0.00136	0.00601	0.00343	0.00260	0.00690
4	0.00995	0.15103	0.68752	0.01260	0.01911	0.01215	0.01596	0.01481	0.00990	0.01433	0.00816	0.00958	0.00598	0.00441	0.00425	0.00142	0.00667	0.00333	0.00199	0.00683
5	0.11507	0.01108	0.01231	0.00953	0.01317	0.01170	0.00787	0.45600	0.01779	0.27813	0.01312	0.01242	0.00886	0.00557	0.00452	0.00143	0.00464	0.00421	0.00487	0.00769
6	0.01078	0.00730	0.05465	0.06923	0.01051	0.05011	0.00640	0.01066	0.00860	0.13434	0.04195	0.01605	0.01044	0.01214	0.01275	0.50214	0.00459	0.03064	0.00286	0.00387
7	0.00590	0.00426	0.00562	0.00661	0.00704	0.00398	0.00458	0.00689	0.00938	0.01243	0.05004	0.70693	0.07230	0.01434	0.00602	0.00190	0.00282	0.07066	0.00440	0.00389
8	0.01498	0.31010	0.01705	0.00940	0.01291	0.06172	0.00814	0.37450	0.04764	0.02034	0.00998	0.01097	0.00793	0.03210	0.00465	0.00135	0.00512	0.00369	0.04061	0.00681
9	0.00668	0.00450	0.00519	0.00536	0.00541	0.00446	0.00309	0.00681	0.00719	0.00959	0.01659	0.15557	0.01933	0.70660	0.02120	0.00416	0.00429	0.00788	0.00309	0.00301
10	0.14630	0.38129	0.10919	0.00907	0.01294	0.05380	0.02748	0.04574	0.01057	0.08782	0.00958	0.01242	0.00812	0.00509	0.00379	0.00130	0.00515	0.06142	0.00282	0.00612

[dist]
# distance from previous block
# <min> <max>
3	9

[block]
# block no. 10 follows, 54 sequences, length 21
# corresponding to MSA columns:
# 454-474
name=unknown_K
#
# <colnr> <probs for GDERKNQSTAVLIFYWHMCP>
#	G	D	E	R	K	N	Q	S	T	A	V	L	I	F	Y	W	H	M	C	P
0	0.01108	0.01052	0.01783	0.13815	0.66271	0.01081	0.01377	0.01380	0.01039	0.01466	0.00906	0.01263	0.00773	0.04052	0.00552	0.00156	0.00565	0.00432	0.00232	0.00696
1	0.00667	0.00482	0.00630	0.00593	0.00704	0.00445	0.00445	0.00890	0.01335	0.01891	0.80239	0.03522	0.04449	0.00964	0.00556	0.00148	0.00222	0.00853	0.00519	0.00445
2	0.00890	0.00838	0.01414	0.82296	0.03247	0.01048	0.01309	0.01205	0.00943	0.01205	0.00838	0.01257	0.00629	0.00471	0.00471	0.00157	0.00629	0.00419	0.00210	0.00524
