[name]
unknown

[dist]
# distance from previous block
# <min> <max>
2	102

[block]
# block no. 0 follows, 46 sequences, length 31
# corresponding to MSA columns:
# 361-391
name=unknown_A
#
# <colnr> <probs for GDERKNQSTAVLIFYWHMCP>
#	G	D	E	R	K	N	Q	S	T	A	V	L	I	F	Y	W	H	M	C	P
0	0.07192	0.04535	0.05804	0.01146	0.01538	0.01427	0.02247	0.44515	0.06023	0.07584	0.02357	0.01570	0.01079	0.02231	0.00603	0.00171	0.03479	0.03740	0.00471	0.02287
1	0.01346	0.01150	0.04452	0.13117	0.04141	0.01138	0.10052	0.14043	0.15768	0.06482	0.04205	0.01669	0.01207	0.00600	0.00519	0.00157	0.00547	0.01776	0.05886	0.11745
2	0.07571	0.01129	0.07854	0.01017	0.02510	0.00980	0.02875	0.09017	0.06732	0.10259	0.12666	0.02784	0.01546	0.00642	0.00570	0.00146	0.05673	0.00511	0.00416	0.25104
3	0.04283	0.15025	0.30124	0.04739	0.01877	0.01321	0.07202	0.04861	0.08132	0.03100	0.02726	0.03428	0.00965	0.00562	0.00511	0.00155	0.02495	0.00453	0.00304	0.07736
4	0.04695	0.01103	0.01548	0.01329	0.01364	0.01506	0.02841	0.01264	0.00827	0.01325	0.00771	0.01234	0.00749	0.01174	0.08751	0.00284	0.67955	0.00468	0.00241	0.00571
5	0.01005	0.01187	0.15152	0.08785	0.09321	0.04184	0.02945	0.01340	0.03319	0.04130	0.23921	0.04766	0.11895	0.03882	0.00666	0.00183	0.01586	0.00721	0.00402	0.00611
6	0.01616	0.00904	0.01199	0.01118	0.08258	0.00864	0.01775	0.04719	0.12913	0.33566	0.19640	0.02320	0.04182	0.00752	0.00552	0.00163	0.00418	0.00642	0.00557	0.03842
7	0.77274	0.04041	0.05344	0.00750	0.01107	0.01221	0.00664	0.01562	0.00918	0.02291	0.00748	0.00873	0.00582	0.00490	0.00338	0.00162	0.00436	0.00292	0.00318	0.00588
8	0.14475	0.19233	0.03723	0.01272	0.12674	0.06209	0.00938	0.03026	0.03846	0.17379	0.02104	0.01240	0.00915	0.00529	0.00455	0.00142	0.01619	0.00396	0.00366	0.09459
9	0.01084	0.00666	0.00856	0.00802	0.00890	0.00710	0.00572	0.07969	0.13636	0.01355	0.01157	0.01637	0.01033	0.01539	0.01670	0.62775	0.00464	0.00484	0.00308	0.00392
10	0.00798	0.00597	0.00804	0.00783	0.00828	0.00685	0.00561	0.00899	0.00812	0.01145	0.01456	0.02581	0.01520	0.36662	0.39598	0.00650	0.08266	0.00643	0.00294	0.00417
11	0.01825	0.01394	0.01643	0.13106	0.04765	0.04907	0.04280	0.50738	0.02060	0.08152	0.01239	0.01322	0.00883	0.00602	0.00531	0.00161	0.00622	0.00479	0.00462	0.00830
12	0.00894	0.00573	0.00750	0.00687	0.00839	0.00523	0.00522	0.01136	0.01490	0.09091	0.68953	0.03783	0.06620	0.01049	0.00615	0.00166	0.00268	0.00922	0.00586	0.00534
13	0.01108	0.00958	0.01157	0.00925	0.05694	0.00737	0.00684	0.01348	0.01102	0.01723	0.00943	0.01108	0.00786	0.00396	0.00399	0.00083	0.00405	0.00322	0.00310	0.79810
14	0.21686	0.25549	0.28268	0.01111	0.01629	0.08629	0.01198	0.03661	0.01123	0.01726	0.00831	0.00964	0.00656	0.00492	0.00410	0.00147	0.00638	0.00331	0.00262	0.00688
15	0.00644	0.00460	0.00613	0.00736	0.00767	0.00429	0.00491	0.00736	0.01012	0.01350	0.02914	0.81076	0.03497	0.01656	0.00675	0.00215	0.00307	0.01503	0.00491	0.00429
16	0.01201	0.01034	0.01376	0.44615	0.02554	0.04452	0.01142	0.16694	0.01405	0.01836	0.04849	0.01847	0.08041	0.00655	0.00529	0.00167	0.00600	0.00548	0.05825	0.00629
17	0.00655	0.00474	0.00622	0.00729	0.00777	0.00440	0.00499	0.00763	0.01054	0.01397	0.06373	0.69852	0.08401	0.01603	0.00671	0.00211	0.00309	0.04239	0.00495	0.00436
18	0.01060	0.01008	0.01678	0.63289	0.03282	0.01207	0.08231	0.01562	0.10439	0.01488	0.01101	0.01480	0.00825	0.00544	0.00538	0.00177	0.00687	0.00500	0.00275	0.00629
19	0.03546	0.68324	0.10977	0.00981	0.01460	0.04606	0.01015	0.01610	0.01089	0.01322	0.00761	0.00881	0.00675	0.00462	0.00361	0.00121	0.00598	0.00297	0.00230	0.00685
20	0.01181	0.01196	0.01616	0.01387	0.01395	0.03889	0.01153	0.01297	0.00830	0.01273	0.00698	0.01151	0.00694	0.00914	0.01698	0.00229	0.78131	0.00459	0.00233	0.00579
21	0.01011	0.00879	0.01333	0.47873	0.02577	0.01067	0.01144	0.01438	0.12207	0.01407	0.01186	0.01671	0.00975	0.05626	0.06864	0.07978	0.03396	0.00512	0.00288	0.00567
22	0.00769	0.00513	0.00577	0.00577	0.00577	0.00513	0.00320	0.00769	0.00769	0.01025	0.01666	0.03460	0.01922	0.81421	0.02691	0.00513	0.00513	0.00769	0.00320	0.00320
23	0.01371	0.05828	0.04725	0.04141	0.01558	0.03193	0.07769	0.08080	0.32344	0.09547	0.03126	0.02176	0.08822	0.01944	0.00577	0.00177	0.00513	0.02896	0.00465	0.00749
24	0.00741	0.00535	0.00701	0.00670	0.00788	0.00494	0.00498	0.00981	0.01465	0.02070	0.72954	0.08982	0.04891	0.01118	0.00627	0.00169	0.00253	0.00992	0.00576	0.00494
25	0.01096	0.00940	0.01096	0.00783	0.01253	0.00705	0.00626	0.01331	0.01096	0.01723	0.00940	0.01096	0.00783	0.00392	0.00392	0.00078	0.00392	0.00313	0.00313	0.84653
26	0.00644	0.00460	0.00613	0.00736	0.00767	0.00429	0.00491	0.00736	0.01012	0.01350	0.02914	0.81076	0.03497	0.01656	0.00675	0.00215	0.00307	0.01503	0.00491	0.00429
27	0.01440	0.74554	0.04751	0.00950	0.01400	0.06980	0.00940	0.01619	0.01102	0.01259	0.00746	0.00862	0.00678	0.00460	0.00352	0.00116	0.00596	0.00289	0.00229	0.00677
28	0.00855	0.00714	0.01042	0.00984	0.01055	0.00900	0.00785	0.01026	0.00840	0.01238	0.01236	0.01847	0.01165	0.03206	0.59957	0.00695	0.21146	0.00541	0.00270	0.00499
29	0.06803	0.04321	0.01521	0.01193	0.03905	0.04928	0.00951	0.48500	0.04943	0.15612	0.01361	0.01333	0.00956	0.00617	0.00509	0.00158	0.00561	0.00466	0.00508	0.00855
30	0.10550	0.04463	0.01291	0.03388	0.13494	0.03695	0.02687	0.08861	0.02513	0.15157	0.02837	0.14327	0.07228	0.06359	0.00679	0.00193	0.00492	0.00692	0.00427	0.00667

[dist]
# distance from previous block
# <min> <max>
2	13

[block]
# block no. 1 follows, 46 sequences, length 16
# corresponding to MSA columns:
# 405-420
name=unknown_B
#
# <colnr> <probs for GDERKNQSTAVLIFYWHMCP>
#	G	D	E	R	K	N	Q	S	T	A	V	L	I	F	Y	W	H	M	C	P
0	0.14461	0.02481	0.01506	0.05438	0.01629	0.01165	0.11126	0.10837	0.05583	0.05903	0.01065	0.01231	0.00826	0.00541	0.00593	0.00147	0.08875	0.00423	0.00352	0.25819
1	0.01498	0.01454	0.02915	0.07074	0.28345	0.14656	0.01213	0.10914	0.19902	0.03350	0.01307	0.01428	0.01013	0.00573	0.00517	0.00160	0.00625	0.00480	0.01791	0.00784
2	0.00646	0.00529	0.00569	0.00574	0.00731	0.00453	0.00425	0.00794	0.01233	0.01529	0.16471	0.11823	0.59734	0.01327	0.00629	0.00180	0.00268	0.01126	0.00505	0.00453
3	0.01489	0.13912	0.05815	0.08307	0.01705	0.01513	0.01014	0.23756	0.32535	0.02277	0.01498	0.01495	0.01126	0.00623	0.00501	0.00162	0.00535	0.00490	0.00442	0.00804
4	0.00702	0.00529	0.00649	0.00640	0.00767	0.00476	0.00472	0.00900	0.01356	0.01836	0.48865	0.14285	0.24139	0.01224	0.00631	0.00176	0.00262	0.01070	0.00546	0.00476
5	0.00769	0.00513	0.00577	0.00577	0.00577	0.00513	0.00320	0.00769	0.00769	0.01025	0.01666	0.03460	0.01922	0.81421	0.02691	0.00513	0.00513	0.00769	0.00320	0.00320
6	0.04275	0.00826	0.01081	0.00854	0.01206	0.00733	0.00698	0.02282	0.01433	0.61751	0.04739	0.01879	0.01430	0.00659	0.00504	0.00157	0.00410	0.00534	0.13734	0.00813
7	0.00998	0.00940	0.01586	0.80150	0.03641	0.01175	0.01468	0.01351	0.01057	0.01351	0.00940	0.01409	0.00705	0.00529	0.00529	0.00176	0.00705	0.00470	0.00235	0.00587
8	0.01012	0.02391	0.66486	0.01375	0.02054	0.01114	0.01726	0.01568	0.01176	0.01744	0.12975	0.01559	0.01345	0.00593	0.00521	0.00167	0.00698	0.00479	0.00279	0.00737
9	0.00753	0.00528	0.00683	0.00682	0.00793	0.00484	0.00497	0.00951	0.01346	0.03833	0.50578	0.24619	0.09783	0.01243	0.00635	0.00180	0.00271	0.01103	0.00553	0.00487
10	0.00737	0.00531	0.00696	0.00673	0.00787	0.00491	0.00498	0.00969	0.01443	0.02034	0.69508	0.12529	0.04822	0.01145	0.00629	0.00172	0.00256	0.01017	0.00572	0.00491
11	0.04462	0.01062	0.01349	0.01060	0.01406	0.01097	0.00877	0.17464	0.01585	0.48846	0.01662	0.01563	0.01108	0.00688	0.00713	0.00173	0.12989	0.00502	0.00553	0.00840
12	0.01321	0.00757	0.01043	0.13191	0.01457	0.00711	0.00748	0.01568	0.01382	0.25333	0.32419	0.02602	0.04369	0.00793	0.00555	0.00157	0.00398	0.00682	0.00518	0.09996
13	0.50742	0.05665	0.01173	0.01070	0.08187	0.13413	0.00779	0.01763	0.01099	0.10551	0.00922	0.01019	0.00701	0.00513	0.00392	0.00156	0.00527	0.00339	0.00344	0.00645
14	0.01389	0.01223	0.01982	0.11539	0.60759	0.03340	0.01512	0.01692	0.01224	0.08657	0.01083	0.01355	0.00861	0.00496	0.00523	0.00159	0.00629	0.00473	0.00295	0.00809
15	0.01196	0.02156	0.46683	0.05620	0.01996	0.09833	0.01509	0.08394	0.01339	0.01835	0.12989	0.01571	0.01369	0.00611	0.00522	0.00163	0.00695	0.00486	0.00313	0.00719

[dist]
# distance from previous block
# <min> <max>
1	6

[block]
# block no. 2 follows, 46 sequences, length 34
# corresponding to MSA columns:
# 429-462
name=unknown_C
#
# <colnr> <probs for GDERKNQSTAVLIFYWHMCP>
#	G	D	E	R	K	N	Q	S	T	A	V	L	I	F	Y	W	H	M	C	P
0	0.01529	0.03821	0.03069	0.01281	0.07808	0.08896	0.06678	0.14203	0.05259	0.12227	0.01339	0.05638	0.01084	0.00598	0.00499	0.00141	0.00557	0.01606	0.00402	0.23366
1	0.00683	0.00488	0.00658	0.00781	0.00828	0.00463	0.00558	0.00803	0.01050	0.01393	0.02892	0.67027	0.03412	0.01620	0.00685	0.00220	0.00340	0.15169	0.00490	0.00440
2	0.01096	0.00940	0.01096	0.00783	0.01253	0.00705	0.00626	0.01331	0.01096	0.01723	0.00940	0.01096	0.00783	0.00392	0.00392	0.00078	0.00392	0.00313	0.00313	0.84653
3	0.00767	0.00554	0.00810	0.00810	0.00889	0.00632	0.00612	0.00909	0.00831	0.01186	0.01410	0.02193	0.01359	0.12020	0.66236	0.06219	0.01259	0.00581	0.00284	0.00440
4	0.00644	0.00462	0.00611	0.00730	0.00765	0.00430	0.00488	0.00737	0.01018	0.01352	0.02985	0.78849	0.05677	0.01647	0.00673	0.00214	0.00306	0.01492	0.00491	0.00430
5	0.00689	0.00497	0.00646	0.00729	0.00788	0.00467	0.00500	0.02438	0.01125	0.01513	0.14376	0.65086	0.06099	0.01536	0.00662	0.00205	0.00303	0.01384	0.00505	0.00451
6	0.00758	0.00554	0.00785	0.00785	0.00857	0.00626	0.00580	0.00902	0.00830	0.01179	0.01475	0.02405	0.01464	0.22348	0.61138	0.00770	0.01202	0.00614	0.00292	0.00436
7	0.00644	0.00460	0.00613	0.00736	0.00767	0.00429	0.00491	0.00736	0.01012	0.01350	0.02914	0.81076	0.03497	0.01656	0.00675	0.00215	0.00307	0.01503	0.00491	0.00429
8	0.01248	0.01426	0.03119	0.02228	0.02763	0.01337	0.76203	0.01693	0.01248	0.01693	0.01070	0.01426	0.00802	0.00446	0.00624	0.00178	0.00891	0.00624	0.00267	0.00713
9	0.85155	0.01022	0.00777	0.00695	0.01022	0.01186	0.00573	0.01554	0.00900	0.02372	0.00736	0.00859	0.00573	0.00491	0.00327	0.00164	0.00409	0.00286	0.00327	0.00573
10	0.85155	0.01022	0.00777	0.00695	0.01022	0.01186	0.00573	0.01554	0.00900	0.02372	0.00736	0.00859	0.00573	0.00491	0.00327	0.00164	0.00409	0.00286	0.00327	0.00573
11	0.01096	0.00940	0.01096	0.00783	0.01253	0.00705	0.00626	0.01331	0.01096	0.01723	0.00940	0.01096	0.00783	0.00392	0.00392	0.00078	0.00392	0.00313	0.00313	0.84653
12	0.85155	0.01022	0.00777	0.00695	0.01022	0.01186	0.00573	0.01554	0.00900	0.02372	0.00736	0.00859	0.00573	0.00491	0.00327	0.00164	0.00409	0.00286	0.00327	0.00573
13	0.00768	0.00514	0.00585	0.00585	0.00588	0.00517	0.00331	0.00774	0.00771	0.01031	0.01658	0.03417	0.01904	0.79064	0.05023	0.00523	0.00540	0.00763	0.00319	0.00325
14	0.01060	0.02735	0.78682	0.01507	0.02288	0.01228	0.01953	0.01674	0.01116	0.01674	0.00949	0.01116	0.00670	0.00502	0.00502	0.00167	0.00781	0.00391	0.00223	0.00781
15	0.08231	0.00975	0.01037	0.00849	0.01142	0.01037	0.00686	0.31228	0.01687	0.11648	0.01508	0.01584	0.01107	0.00618	0.00449	0.00145	0.00417	0.00474	0.34471	0.00709
16	0.01203	0.00925	0.01147	0.08996	0.01496	0.00765	0.00729	0.01470	0.02844	0.09258	0.01143	0.03752	0.00931	0.00479	0.00432	0.00103	0.00428	0.00395	0.00349	0.63155
17	0.03032	0.00982	0.01643	0.72041	0.03476	0.01197	0.05136	0.03624	0.01106	0.01451	0.00951	0.01393	0.00712	0.00527	0.00529	0.00175	0.00703	0.00473	0.00248	0.00603
18	0.01067	0.00909	0.01065	0.00780	0.01221	0.00687	0.00618	0.01293	0.01091	0.01699	0.01067	0.06256	0.00958	0.00473	0.00410	0.00087	0.00386	0.00390	0.00325	0.79219
19	0.01278	0.01047	0.01119	0.01009	0.01280	0.01185	0.00785	0.09491	0.55433	0.02211	0.03774	0.07961	0.03324	0.00807	0.00545	0.00178	0.00410	0.02045	0.05347	0.00771
20	0.01102	0.11961	0.69816	0.01436	0.02179	0.01329	0.01831	0.01664	0.01111	0.01624	0.00924	0.01085	0.00671	0.00496	0.00483	0.00161	0.00756	0.00378	0.00224	0.00769
21	0.07634	0.01138	0.03773	0.00999	0.01396	0.04334	0.00839	0.14824	0.06483	0.46167	0.01738	0.01592	0.01154	0.00628	0.00507	0.00160	0.00492	0.00492	0.03219	0.02432
22	0.27682	0.01380	0.01315	0.01057	0.01437	0.05649	0.00865	0.46119	0.05125	0.02878	0.01118	0.01155	0.00817	0.00589	0.00464	0.00160	0.00541	0.00415	0.00453	0.00780
23	0.80300	0.00994	0.00763	0.00686	0.01005	0.01143	0.00563	0.01508	0.00917	0.02318	0.01001	0.01102	0.05014	0.00539	0.00344	0.00164	0.00401	0.00334	0.00337	0.00565
24	0.00918	0.00459	0.00689	0.00689	0.00689	0.00459	0.00459	0.00689	0.00689	0.00918	0.00918	0.01607	0.00918	0.01837	0.02066	0.84619	0.00459	0.00459	0.00230	0.00230
25	0.00651	0.00521	0.00585	0.00613	0.00748	0.00454	0.00449	0.00793	0.01194	0.01495	0.13051	0.22794	0.49460	0.01388	0.00640	0.00188	0.00282	0.03744	0.00501	0.00450
26	0.05474	0.01282	0.01969	0.06184	0.31417	0.05516	0.15334	0.09861	0.01340	0.06798	0.01183	0.05923	0.00988	0.00590	0.00587	0.00168	0.03753	0.00547	0.00332	0.00753
27	0.01249	0.01173	0.01906	0.23724	0.45370	0.01295	0.01495	0.05804	0.01195	0.01669	0.00963	0.01317	0.00790	0.00545	0.00655	0.00170	0.09198	0.00470	0.00267	0.00746
28	0.02206	0.00863	0.01174	0.00912	0.01292	0.00749	0.00749	0.02415	0.01511	0.70693	0.09819	0.02019	0.01684	0.00698	0.00541	0.00164	0.00429	0.00575	0.00647	0.00859
29	0.00991	0.00532	0.00556	0.00538	0.00672	0.00532	0.00407	0.03752	0.01203	0.02035	0.10992	0.02188	0.01783	0.00673	0.00406	0.00130	0.00258	0.00549	0.71296	0.00507
30	0.01275	0.02518	0.62300	0.01456	0.02147	0.08999	0.03333	0.01800	0.01193	0.08630	0.01042	0.01169	0.00732	0.00519	0.00505	0.00164	0.00771	0.00403	0.00268	0.00774
31	0.05545	0.11364	0.48489	0.01411	0.04473	0.01355	0.03809	0.10733	0.01263	0.01846	0.00977	0.01147	0.00731	0.00657	0.03841	0.00189	0.00738	0.00400	0.00271	0.00760
32	0.00857	0.00683	0.00913	0.00858	0.00889	0.00824	0.00630	0.00945	0.00805	0.01149	0.01354	0.02463	0.01435	0.37132	0.27348	0.00555	0.19812	0.00630	0.00287	0.00431
33	0.00997	0.00906	0.01504	0.74237	0.03417	0.01124	0.01387	0.01342	0.01061	0.01397	0.00998	0.01451	0.00753	0.00535	0.00517	0.00172	0.00671	0.00472	0.06479	0.00580

[dist]
# distance from previous block
# <min> <max>
0	6

[block]
# block no. 3 follows, 46 sequences, length 21
# corresponding to MSA columns:
# 469-480,498-506
name=unknown_D
#
# <colnr> <probs for GDERKNQSTAVLIFYWHMCP>
#	G	D	E	R	K	N	Q	S	T	A	V	L	I	F	Y	W	H	M	C	P
0	0.00998	0.00940	0.01586	0.80150	0.03641	0.01175	0.01468	0.01351	0.01057	0.01351	0.00940	0.01409	0.00705	0.00529	0.00529	0.00176	0.00705	0.00470	0.00235	0.00587
1	0.85155	0.01022	0.00777	0.00695	0.01022	0.01186	0.00573	0.01554	0.00900	0.02372	0.00736	0.00859	0.00573	0.00491	0.00327	0.00164	0.00409	0.00286	0.00327	0.00573
2	0.01315	0.01136	0.01195	0.01076	0.01375	0.01315	0.00837	0.02809	0.77168	0.02211	0.02152	0.01972	0.01614	0.00717	0.00538	0.00179	0.00418	0.00598	0.00538	0.00837
3	0.85155	0.01022	0.00777	0.00695	0.01022	0.01186	0.00573	0.01554	0.00900	0.02372	0.00736	0.00859	0.00573	0.00491	0.00327	0.00164	0.00409	0.00286	0.00327	0.00573
4	0.00748	0.00573	0.00806	0.13867	0.01270	0.00593	0.00669	0.03349	0.01068	0.01416	0.02533	0.65269	0.02949	0.01436	0.00646	0.00206	0.00382	0.01298	0.00450	0.00471
5	0.02010	0.01481	0.01587	0.01216	0.01639	0.01639	0.01005	0.76360	0.02486	0.03332	0.01269	0.01269	0.00899	0.00635	0.00529	0.00159	0.00582	0.00476	0.00529	0.00899
6	0.01584	0.01211	0.01304	0.01103	0.01444	0.01361	0.00878	0.22693	0.51128	0.08395	0.01908	0.01769	0.01397	0.00690	0.00535	0.00173	0.00465	0.00560	0.00544	0.00858
7	0.01229	0.00982	0.01187	0.07816	0.01500	0.00827	0.00740	0.07592	0.01229	0.05796	0.01026	0.01174	0.00813	0.00437	0.00422	0.00098	0.00438	0.00352	0.00342	0.66001
8	0.00649	0.00485	0.00604	0.00684	0.00757	0.00439	0.00471	0.00764	0.01099	0.01435	0.10075	0.56764	0.20785	0.01532	0.00659	0.00202	0.00293	0.01365	0.00499	0.00439
9	0.01458	0.01207	0.01276	0.01105	0.01429	0.01382	0.00871	0.17952	0.61793	0.02442	0.01970	0.01828	0.01467	0.00700	0.00536	0.00175	0.00452	0.00573	0.00536	0.00850
10	0.01416	0.00914	0.01087	0.00873	0.01216	0.00852	0.00694	0.07304	0.15019	0.19344	0.17426	0.02034	0.01944	0.00675	0.00507	0.00141	0.00391	0.00562	0.02123	0.25478
11	0.12013	0.01351	0.01424	0.01120	0.01518	0.01494	0.00920	0.54669	0.10157	0.08026	0.01352	0.01329	0.00962	0.00627	0.00506	0.00162	0.00535	0.00470	0.00514	0.00853
12	0.02060	0.01563	0.01517	0.01198	0.01594	0.14319	0.00973	0.52774	0.02173	0.14543	0.01320	0.01299	0.00926	0.00623	0.00521	0.00156	0.00623	0.00462	0.00506	0.00852
13	0.00748	0.00535	0.00731	0.00839	0.00919	0.00518	0.00657	0.00924	0.01149	0.01524	0.09447	0.39871	0.03420	0.01516	0.00696	0.00224	0.00384	0.34941	0.00497	0.00462
14	0.01627	0.01248	0.08108	0.03734	0.01539	0.03683	0.03278	0.29399	0.01702	0.18209	0.01763	0.18585	0.01548	0.00851	0.00564	0.00175	0.00537	0.02203	0.00493	0.00754
15	0.01310	0.01321	0.02700	0.09160	0.15193	0.01273	0.52371	0.01709	0.01241	0.06706	0.01112	0.01430	0.00833	0.00471	0.00593	0.00174	0.00802	0.00579	0.00289	0.00735
16	0.00741	0.00576	0.00720	0.00831	0.06689	0.00536	0.00529	0.00868	0.01099	0.01426	0.11473	0.19007	0.27804	0.19971	0.01114	0.00264	0.00370	0.05088	0.00443	0.00452
17	0.21877	0.09591	0.03928	0.03164	0.33134	0.02639	0.01153	0.05251	0.09300	0.01947	0.01035	0.01205	0.00831	0.00509	0.00454	0.00155	0.00549	0.00412	0.00316	0.02548
18	0.15688	0.08459	0.01557	0.01103	0.01513	0.01604	0.00925	0.57434	0.02100	0.02990	0.01134	0.01164	0.00826	0.00595	0.00479	0.00155	0.00552	0.00428	0.00469	0.00826
19	0.09225	0.02665	0.02855	0.00895	0.01324	0.00863	0.00752	0.05025	0.01358	0.43057	0.01546	0.01455	0.01047	0.00555	0.00468	0.00137	0.00444	0.00436	0.00502	0.25389
20	0.08653	0.05494	0.26219	0.01469	0.10076	0.01177	0.09007	0.07660	0.03856	0.07693	0.12152	0.01633	0.01413	0.00602	0.00517	0.00164	0.00603	0.00515	0.00360	0.00737

[dist]
# distance from previous block
# <min> <max>
0	1

[block]
# block no. 4 follows, 46 sequences, length 27
# corresponding to MSA columns:
# 508-534
name=unknown_E
#
# <colnr> <probs for GDERKNQSTAVLIFYWHMCP>
#	G	D	E	R	K	N	Q	S	T	A	V	L	I	F	Y	W	H	M	C	P
0	0.01502	0.24062	0.14500	0.01674	0.20082	0.07426	0.05374	0.03104	0.01243	0.12573	0.01084	0.01214	0.00833	0.00508	0.00468	0.00146	0.00639	0.00413	0.02395	0.00761
1	0.00886	0.00835	0.01562	0.06757	0.01672	0.00803	0.26965	0.01124	0.01104	0.01477	0.02131	0.45348	0.02349	0.01150	0.00649	0.00200	0.00544	0.03508	0.00395	0.00541
2	0.01789	0.00797	0.01058	0.00857	0.01167	0.00715	0.00689	0.03876	0.03113	0.49074	0.27814	0.02520	0.02555	0.00800	0.00563	0.00165	0.00384	0.00676	0.00624	0.00762
3	0.01484	0.32247	0.22374	0.01161	0.01647	0.13926	0.01184	0.08944	0.01310	0.05827	0.01032	0.04751	0.00863	0.00565	0.00449	0.00143	0.00667	0.00409	0.00298	0.00717
4	0.00782	0.00582	0.00826	0.00815	0.00889	0.00674	0.00614	0.00933	0.00839	0.01209	0.01436	0.02289	0.01405	0.18154	0.59608	0.00741	0.04888	0.00598	0.02269	0.00449
5	0.00643	0.00465	0.00608	0.00723	0.00763	0.00430	0.00485	0.00738	0.01025	0.01355	0.03073	0.76110	0.08360	0.01635	0.00671	0.00212	0.00304	0.01478	0.00491	0.00430
6	0.01293	0.01128	0.01780	0.12496	0.38298	0.01178	0.05771	0.01841	0.16351	0.06704	0.05301	0.01696	0.02614	0.00585	0.00540	0.00167	0.00575	0.00546	0.00359	0.00777
7	0.01117	0.01105	0.01428	0.01254	0.01279	0.05685	0.01018	0.01230	0.00858	0.01257	0.00937	0.05388	0.00969	0.06753	0.07911	0.00294	0.60175	0.00538	0.00257	0.00546
8	0.00769	0.00513	0.00577	0.00577	0.00577	0.00513	0.00320	0.00769	0.00769	0.01025	0.01666	0.03460	0.01922	0.81421	0.02691	0.00513	0.00513	0.00769	0.00320	0.00320
9	0.00998	0.00940	0.01586	0.80150	0.03641	0.01175	0.01468	0.01351	0.01057	0.01351	0.00940	0.01409	0.00705	0.00529	0.00529	0.00176	0.00705	0.00470	0.00235	0.00587
10	0.02294	0.00936	0.01358	0.01030	0.01448	0.00816	0.06009	0.02515	0.01495	0.73163	0.02015	0.01773	0.01274	0.00640	0.00538	0.00165	0.00480	0.00538	0.00627	0.00887
11	0.01413	0.81739	0.02770	0.00905	0.01357	0.02092	0.00905	0.01583	0.01074	0.01244	0.00735	0.00848	0.00678	0.00452	0.00339	0.00113	0.00565	0.00283	0.00226	0.00678
12	0.01986	0.02192	0.01526	0.01316	0.01636	0.54809	0.01016	0.25525	0.01810	0.01936	0.00960	0.01053	0.00750	0.00573	0.00493	0.00143	0.00836	0.00383	0.00353	0.00703
13	0.00625	0.00536	0.00536	0.00536	0.00714	0.00446	0.00402	0.00759	0.01205	0.01428	0.05355	0.05088	0.77909	0.01339	0.00625	0.00179	0.00268	0.01116	0.00491	0.00446
14	0.00739	0.00540	0.00694	0.00656	0.00784	0.00495	0.00492	0.00980	0.01475	0.02070	0.72573	0.04032	0.10291	0.01100	0.00624	0.00167	0.00251	0.00968	0.00575	0.00495
15	0.01601	0.01597	0.01685	0.14847	0.22198	0.28410	0.02567	0.01856	0.02664	0.10362	0.01051	0.01262	0.00819	0.00563	0.00596	0.00160	0.06314	0.00437	0.00309	0.00705
16	0.01413	0.81739	0.02770	0.00905	0.01357	0.02092	0.00905	0.01583	0.01074	0.01244	0.00735	0.00848	0.00678	0.00452	0.00339	0.00113	0.00565	0.00283	0.00226	0.00678
17	0.02197	0.00866	0.01149	0.00894	0.01269	0.00766	0.00734	0.04359	0.01490	0.67364	0.02021	0.01806	0.01303	0.00649	0.00512	0.00159	0.00429	0.00526	0.10656	0.00851
18	0.01060	0.02735	0.78682	0.01507	0.02288	0.01228	0.01953	0.01674	0.01116	0.01674	0.00949	0.01116	0.00670	0.00502	0.00502	0.00167	0.00781	0.00391	0.00223	0.00781
19	0.00852	0.00580	0.00654	0.00639	0.00701	0.00580	0.00413	0.06060	0.01007	0.01369	0.05563	0.09136	0.07518	0.52701	0.01934	0.00392	0.00453	0.02855	0.06189	0.00402
20	0.00648	0.00536	0.00568	0.00560	0.00729	0.00456	0.00420	0.00805	0.01261	0.01561	0.19268	0.04869	0.63914	0.01289	0.00625	0.00176	0.00264	0.01085	0.00508	0.00456
21	0.00998	0.00940	0.01586	0.80150	0.03641	0.01175	0.01468	0.01351	0.01057	0.01351	0.00940	0.01409	0.00705	0.00529	0.00529	0.00176	0.00705	0.00470	0.00235	0.00587
22	0.00995	0.00833	0.01207	0.02901	0.24483	0.00825	0.00903	0.05363	0.03770	0.01902	0.29863	0.09062	0.10464	0.00937	0.00592	0.00172	0.00414	0.04236	0.00453	0.00625
23	0.01145	0.00960	0.01390	0.38967	0.02380	0.02553	0.01147	0.03537	0.06367	0.06840	0.04775	0.05582	0.01196	0.00893	0.05081	0.00221	0.14088	0.00560	0.01705	0.00614
24	0.00649	0.00466	0.00617	0.00735	0.00773	0.00434	0.00497	0.00746	0.01024	0.01358	0.02991	0.76719	0.05922	0.01641	0.00675	0.00214	0.00310	0.03308	0.00491	0.00431
25	0.00787	0.02233	0.00833	0.00847	0.06159	0.00576	0.00579	0.01022	0.01418	0.01984	0.61772	0.09101	0.08526	0.01080	0.00614	0.00169	0.00287	0.00955	0.00541	0.00518
26	0.06887	0.00918	0.01047	0.00769	0.01205	0.00724	0.00614	0.01323	0.01110	0.01795	0.06260	0.01278	0.01060	0.00446	0.00403	0.00090	0.00383	0.00356	0.00333	0.73000

[dist]
# distance from previous block
# <min> <max>
0	5

[block]
# block no. 5 follows, 46 sequences, length 37
# corresponding to MSA columns:
# 541-557,565-584
name=unknown_F
#
# <colnr> <probs for GDERKNQSTAVLIFYWHMCP>
#	G	D	E	R	K	N	Q	S	T	A	V	L	I	F	Y	W	H	M	C	P
0	0.41674	0.06513	0.07824	0.03894	0.07958	0.01202	0.00893	0.03165	0.05730	0.15003	0.01107	0.01172	0.00809	0.00533	0.00418	0.00161	0.00491	0.00381	0.00374	0.00698
1	0.01133	0.01016	0.01394	0.06427	0.11732	0.00863	0.05414	0.01432	0.03098	0.01710	0.00986	0.01188	0.00808	0.00423	0.00436	0.00104	0.00475	0.00371	0.00304	0.60687
2	0.00918	0.00459	0.00689	0.00689	0.00689	0.00459	0.00459	0.00689	0.00689	0.00918	0.00918	0.01607	0.00918	0.01837	0.02066	0.84619	0.00459	0.00459	0.00230	0.00230
3	0.01497	0.01120	0.01247	0.01127	0.03535	0.01248	0.00864	0.08373	0.57236	0.12416	0.02059	0.01980	0.01534	0.00715	0.00541	0.00177	0.00443	0.02502	0.00544	0.00841
4	0.00668	0.00523	0.00606	0.00615	0.00748	0.00460	0.00450	0.00832	0.01263	0.01637	0.28329	0.19047	0.40305	0.01315	0.00634	0.00181	0.00269	0.01137	0.00520	0.00460
5	0.00644	0.00460	0.00613	0.00736	0.00767	0.00429	0.00491	0.00736	0.01012	0.01350	0.02914	0.81076	0.03497	0.01656	0.00675	0.00215	0.00307	0.01503	0.00491	0.00429
6	0.85155	0.01022	0.00777	0.00695	0.01022	0.01186	0.00573	0.01554	0.00900	0.02372	0.00736	0.00859	0.00573	0.00491	0.00327	0.00164	0.00409	0.00286	0.00327	0.00573
7	0.01248	0.01426	0.03119	0.02228	0.02763	0.01337	0.76203	0.01693	0.01248	0.01693	0.01070	0.01426	0.00802	0.00446	0.00624	0.00178	0.00891	0.00624	0.00267	0.00713
8	0.02010	0.01481	0.01587	0.01216	0.01639	0.01639	0.01005	0.76360	0.02486	0.03332	0.01269	0.01269	0.00899	0.00635	0.00529	0.00159	0.00582	0.00476	0.00529	0.00899
9	0.00763	0.00537	0.00700	0.00700	0.00742	0.00579	0.00474	0.00848	0.00805	0.01116	0.01553	0.02836	0.01651	0.46494	0.37248	0.00665	0.00920	0.00678	0.00304	0.00389
10	0.85155	0.01022	0.00777	0.00695	0.01022	0.01186	0.00573	0.01554	0.00900	0.02372	0.00736	0.00859	0.00573	0.00491	0.00327	0.00164	0.00409	0.00286	0.00327	0.00573
11	0.85155	0.01022	0.00777	0.00695	0.01022	0.01186	0.00573	0.01554	0.00900	0.02372	0.00736	0.00859	0.00573	0.00491	0.00327	0.00164	0.00409	0.00286	0.00327	0.00573
12	0.00769	0.00513	0.00577	0.00577	0.00577	0.00513	0.00320	0.00769	0.00769	0.01025	0.01666	0.03460	0.01922	0.81421	0.02691	0.00513	0.00513	0.00769	0.00320	0.00320
13	0.00985	0.00493	0.00493	0.00493	0.00616	0.00493	0.00370	0.01232	0.01109	0.01971	0.01725	0.01971	0.01355	0.00616	0.00370	0.00123	0.00246	0.00493	0.84356	0.00493
14	0.07281	0.00856	0.01080	0.00866	0.01217	0.00782	0.00704	0.02236	0.06028	0.55476	0.05715	0.02143	0.08162	0.00725	0.00524	0.00164	0.00411	0.00589	0.04240	0.00799
15	0.00875	0.00560	0.00738	0.00700	0.00835	0.00513	0.00522	0.01097	0.01426	0.08698	0.60124	0.15167	0.04445	0.01129	0.00623	0.00173	0.00275	0.01000	0.00575	0.00524
16	0.01287	0.01118	0.01230	0.08005	0.01573	0.01303	0.00892	0.02681	0.70499	0.02136	0.02045	0.01923	0.01534	0.00701	0.00537	0.00179	0.00443	0.00586	0.00511	0.00815
17	0.00755	0.00566	0.00850	0.00850	0.00944	0.00661	0.00661	0.00944	0.00850	0.01227	0.01416	0.02077	0.01322	0.03965	0.79326	0.00850	0.01416	0.00566	0.00283	0.00472
18	0.00644	0.00460	0.00613	0.00736	0.00767	0.00429	0.00491	0.00736	0.01012	0.01350	0.02914	0.81076	0.03497	0.01656	0.00675	0.00215	0.00307	0.01503	0.00491	0.00429
19	0.02010	0.01481	0.01587	0.01216	0.01639	0.01639	0.01005	0.76360	0.02486	0.03332	0.01269	0.01269	0.00899	0.00635	0.00529	0.00159	0.00582	0.00476	0.00529	0.00899
20	0.00777	0.00558	0.00737	0.00714	0.00764	0.00552	0.03849	0.00853	0.00911	0.01230	0.08510	0.12830	0.02357	0.52815	0.06107	0.00435	0.00528	0.04722	0.00368	0.00384
21	0.02372	0.00900	0.01227	0.00941	0.01350	0.00777	0.00777	0.02576	0.01513	0.78489	0.02086	0.01799	0.01309	0.00654	0.00532	0.00164	0.00450	0.00532	0.00654	0.00900
22	0.01208	0.00936	0.01108	0.00797	0.01261	0.00711	0.00640	0.01440	0.01133	0.08449	0.01040	0.01158	0.00829	0.00415	0.00404	0.00086	0.00397	0.00332	0.00343	0.77314
23	0.01213	0.01911	0.33887	0.01911	0.10773	0.01306	0.26686	0.03710	0.01187	0.03298	0.01003	0.01264	0.00755	0.00526	0.00662	0.00176	0.08230	0.00490	0.00260	0.00751
24	0.69209	0.01110	0.00932	0.00795	0.01141	0.01273	0.00655	0.15901	0.01204	0.02556	0.00838	0.00938	0.00635	0.00518	0.00366	0.00163	0.00442	0.00323	0.00366	0.00635
25	0.00652	0.00472	0.00617	0.00718	0.00766	0.00437	0.00486	0.00760	0.01066	0.01422	0.09628	0.69699	0.08150	0.01587	0.00667	0.00208	0.00299	0.01431	0.00499	0.00437
26	0.01349	0.01290	0.04025	0.02638	0.56141	0.02995	0.01442	0.10767	0.01357	0.01883	0.01287	0.01662	0.04277	0.00588	0.00566	0.00164	0.02599	0.03859	0.00313	0.00799
27	0.01360	0.05035	0.12620	0.01834	0.06630	0.01403	0.36536	0.12336	0.05983	0.03333	0.01120	0.01351	0.00846	0.00538	0.00651	0.00174	0.06646	0.00533	0.00317	0.00755
28	0.01327	0.00664	0.00880	0.00754	0.00978	0.00596	0.00591	0.01561	0.01485	0.28857	0.48012	0.03110	0.03542	0.00911	0.00580	0.00163	0.00319	0.00787	0.04241	0.00639
29	0.00658	0.00470	0.00606	0.00709	0.00742	0.00440	0.00467	0.00741	0.00993	0.01316	0.02880	0.68649	0.06694	0.10866	0.00906	0.00247	0.00329	0.01400	0.00471	0.00418
30	0.00643	0.00497	0.00589	0.00661	0.00756	0.00443	0.00466	0.00758	0.01100	0.01391	0.03931	0.46617	0.34613	0.01517	0.00656	0.00201	0.00297	0.03935	0.00491	0.00439
31	0.01315	0.01136	0.01195	0.01076	0.01375	0.01315	0.00837	0.02809	0.77168	0.02211	0.02152	0.01972	0.01614	0.00717	0.00538	0.00179	0.00418	0.00598	0.00538	0.00837
32	0.85155	0.01022	0.00777	0.00695	0.01022	0.01186	0.00573	0.01554	0.00900	0.02372	0.00736	0.00859	0.00573	0.00491	0.00327	0.00164	0.00409	0.00286	0.00327	0.00573
33	0.85155	0.01022	0.00777	0.00695	0.01022	0.01186	0.00573	0.01554	0.00900	0.02372	0.00736	0.00859	0.00573	0.00491	0.00327	0.00164	0.00409	0.00286	0.00327	0.00573
34	0.00671	0.00534	0.00607	0.00656	0.00774	0.00486	0.00466	0.00861	0.05299	0.01436	0.04077	0.39224	0.40113	0.01448	0.00643	0.00195	0.00294	0.01262	0.00493	0.00460
35	0.01174	0.00937	0.01104	0.00793	0.01259	0.00709	0.00636	0.01407	0.01122	0.06389	0.01009	0.01139	0.00815	0.00407	0.00400	0.00083	0.00395	0.00326	0.00334	0.79562
36	0.01122	0.00955	0.01110	0.00795	0.01264	0.00731	0.00637	0.03447	0.01135	0.01768	0.00949	0.01101	0.00786	0.00398	0.00395	0.00081	0.00397	0.00318	0.00319	0.82291

[dist]
# distance from previous block
# <min> <max>
0	1

[block]
# block no. 6 follows, 46 sequences, length 45
# corresponding to MSA columns:
# 586-630
name=unknown_G
#
# <colnr> <probs for GDERKNQSTAVLIFYWHMCP>
#	G	D	E	R	K	N	Q	S	T	A	V	L	I	F	Y	W	H	M	C	P
0	0.00654	0.00529	0.00582	0.00597	0.00746	0.00458	0.00444	0.00803	0.01222	0.01523	0.15383	0.14811	0.54910	0.01347	0.00635	0.00184	0.00279	0.03935	0.00504	0.00453
1	0.52587	0.10207	0.01240	0.02483	0.04531	0.01355	0.00768	0.09486	0.01119	0.04999	0.00854	0.00987	0.00669	0.00539	0.00471	0.00162	0.06224	0.00339	0.00338	0.00643
2	0.04676	0.17345	0.15494	0.01658	0.17650	0.13639	0.05140	0.04474	0.04961	0.04442	0.01020	0.01193	0.00813	0.00643	0.03368	0.00176	0.01872	0.00412	0.00290	0.00732
3	0.54016	0.03625	0.02208	0.00769	0.01143	0.01080	0.00646	0.01668	0.02396	0.11810	0.00972	0.01044	0.00727	0.00497	0.00372	0.00147	0.00422	0.00329	0.00365	0.15766
4	0.01057	0.00639	0.00565	0.00555	0.00689	0.06166	0.00416	0.01295	0.01137	0.01922	0.01659	0.01898	0.01306	0.00611	0.00377	0.00124	0.00297	0.00482	0.78302	0.00501
5	0.01541	0.01115	0.01226	0.01056	0.01386	0.01231	0.00833	0.07898	0.57082	0.15464	0.02050	0.01873	0.01492	0.00693	0.00533	0.00173	0.00435	0.00571	0.00552	0.02798
6	0.02360	0.00918	0.01238	0.00949	0.01359	0.00805	0.00784	0.04956	0.01544	0.76065	0.02059	0.01782	0.01295	0.00654	0.00532	0.00163	0.00454	0.00530	0.00650	0.00900
7	0.01325	0.53821	0.23561	0.01148	0.01690	0.04049	0.04918	0.01629	0.01107	0.01385	0.00812	0.00953	0.00682	0.00468	0.00402	0.00132	0.00652	0.00331	0.00229	0.00706
8	0.01780	0.11054	0.01413	0.00981	0.01349	0.01188	0.00814	0.15384	0.19316	0.30533	0.03565	0.01914	0.06955	0.00700	0.00517	0.00161	0.00463	0.00558	0.00538	0.00816
9	0.00826	0.00643	0.00766	0.00716	0.00857	0.02918	0.00539	0.01161	0.06944	0.02102	0.70088	0.03717	0.04616	0.01039	0.00613	0.00166	0.00283	0.00912	0.00570	0.00527
10	0.00755	0.00566	0.00850	0.00850	0.00944	0.00661	0.00661	0.00944	0.00850	0.01227	0.01416	0.02077	0.01322	0.03965	0.79326	0.00850	0.01416	0.00566	0.00283	0.00472
11	0.01141	0.02446	0.07346	0.47683	0.17252	0.02465	0.01459	0.05734	0.01177	0.01563	0.01025	0.01504	0.00823	0.00566	0.00564	0.00173	0.02987	0.03163	0.00266	0.00665
12	0.02167	0.00893	0.01186	0.00931	0.01311	0.00801	0.00762	0.02480	0.07701	0.66660	0.07635	0.01971	0.01603	0.00691	0.00539	0.00165	0.00433	0.00568	0.00639	0.00865
13	0.19702	0.00614	0.00590	0.00586	0.00746	0.00643	0.00443	0.01252	0.01055	0.03530	0.01703	0.14403	0.01523	0.00756	0.00412	0.00148	0.00296	0.00610	0.50481	0.00509
14	0.00835	0.00577	0.00691	0.00665	0.00736	0.00589	0.00450	0.00905	0.00912	0.04948	0.02390	0.03417	0.17992	0.45531	0.12617	0.00456	0.04727	0.00788	0.00363	0.00410
15	0.05963	0.05038	0.47303	0.01844	0.20940	0.01227	0.02935	0.01605	0.01121	0.01696	0.01038	0.05063	0.00847	0.00548	0.00502	0.00165	0.00692	0.00459	0.00253	0.00761
16	0.01211	0.01280	0.02552	0.20618	0.06138	0.01273	0.48568	0.04317	0.01238	0.01675	0.01036	0.01394	0.00783	0.00470	0.00581	0.00171	0.00798	0.00559	0.00271	0.05065
17	0.00774	0.00547	0.00679	0.00650	0.00792	0.00492	0.00486	0.00982	0.01391	0.04854	0.51907	0.09939	0.22205	0.01169	0.00624	0.00173	0.00266	0.01019	0.00556	0.00497
18	0.00939	0.00691	0.00988	0.09220	0.01295	0.00664	0.06605	0.01184	0.03991	0.09295	0.14220	0.20527	0.24668	0.02473	0.00648	0.00189	0.00397	0.00987	0.00475	0.00544
19	0.01049	0.00901	0.01299	0.19359	0.01779	0.02819	0.05942	0.01350	0.06544	0.05463	0.04536	0.20680	0.04908	0.01002	0.02060	0.00204	0.16332	0.00781	0.02413	0.00578
20	0.01306	0.01399	0.03021	0.02161	0.02690	0.01308	0.72292	0.01739	0.01262	0.05676	0.01122	0.01445	0.00828	0.00456	0.00619	0.00177	0.00868	0.00619	0.00287	0.00723
21	0.01976	0.02482	0.01501	0.01357	0.01635	0.76462	0.01021	0.04823	0.01534	0.01368	0.00834	0.00965	0.00689	0.00548	0.00479	0.00137	0.00940	0.00345	0.00282	0.00623
22	0.01273	0.06311	0.53674	0.05251	0.02138	0.01183	0.04366	0.01770	0.01180	0.13256	0.01181	0.01409	0.00860	0.00557	0.00512	0.00168	0.00710	0.03131	0.00300	0.00771
23	0.01308	0.01256	0.02146	0.03245	0.78123	0.01256	0.01622	0.01622	0.01204	0.01727	0.00994	0.01308	0.00837	0.00471	0.00523	0.00157	0.00628	0.00471	0.00262	0.00837
24	0.00757	0.00559	0.00812	0.00812	0.00894	0.00641	0.00615	0.00920	0.00839	0.01200	0.01450	0.02265	0.01403	0.14499	0.68903	0.00804	0.01293	0.00594	0.00288	0.00451
25	0.00755	0.00566	0.00850	0.00850	0.00944	0.00661	0.00661	0.00944	0.00850	0.01227	0.01416	0.02077	0.01322	0.03965	0.79326	0.00850	0.01416	0.00566	0.00283	0.00472
26	0.01323	0.01388	0.09784	0.09813	0.50526	0.01254	0.08171	0.05306	0.01260	0.04564	0.01045	0.01325	0.00826	0.00492	0.00531	0.00162	0.00665	0.00479	0.00283	0.00803
27	0.00998	0.00940	0.01586	0.80150	0.03641	0.01175	0.01468	0.01351	0.01057	0.01351	0.00940	0.01409	0.00705	0.00529	0.00529	0.00176	0.00705	0.00470	0.00235	0.00587
28	0.00766	0.00524	0.00636	0.00636	0.00657	0.00545	0.00395	0.00807	0.00786	0.01069	0.01611	0.03157	0.01791	0.64499	0.19433	0.00586	0.00710	0.00725	0.00312	0.00353
29	0.01096	0.00940	0.01096	0.00783	0.01253	0.00705	0.00626	0.01331	0.01096	0.01723	0.00940	0.01096	0.00783	0.00392	0.00392	0.00078	0.00392	0.00313	0.00313	0.84653
30	0.09151	0.01569	0.12126	0.04703	0.02384	0.06885	0.46561	0.01659	0.01200	0.01701	0.01078	0.01516	0.00859	0.00525	0.00591	0.00177	0.02197	0.04157	0.00277	0.00683
31	0.01413	0.81739	0.02770	0.00905	0.01357	0.02092	0.00905	0.01583	0.01074	0.01244	0.00735	0.00848	0.00678	0.00452	0.00339	0.00113	0.00565	0.00283	0.00226	0.00678
32	0.00911	0.00672	0.03555	0.00680	0.00890	0.00551	0.00550	0.01141	0.02711	0.10960	0.33403	0.04043	0.35714	0.01113	0.00607	0.00171	0.00304	0.00947	0.00538	0.00541
33	0.01254	0.02144	0.49030	0.01727	0.10093	0.01190	0.13551	0.01759	0.01187	0.09727	0.01091	0.01256	0.00777	0.00504	0.00525	0.00166	0.00740	0.00449	0.00281	0.02548
34	0.00755	0.00587	0.00737	0.10239	0.01113	0.00555	0.00578	0.00942	0.01247	0.03815	0.23201	0.13744	0.38168	0.01194	0.00616	0.00179	0.00326	0.01028	0.00488	0.00488
35	0.00734	0.00540	0.00687	0.00651	0.00781	0.00493	0.00488	0.00971	0.01464	0.02042	0.69708	0.04077	0.13173	0.01110	0.00624	0.00168	0.00251	0.00974	0.00572	0.00493
36	0.11155	0.01016	0.01651	0.47355	0.02813	0.01207	0.11885	0.01410	0.01043	0.01548	0.00951	0.01351	0.00737	0.00557	0.00630	0.00178	0.08656	0.00470	0.04791	0.00597
37	0.01292	0.27005	0.42386	0.05352	0.01982	0.01498	0.01484	0.06449	0.01207	0.05394	0.00958	0.01091	0.00720	0.00504	0.00456	0.00150	0.00681	0.00374	0.00265	0.00753
38	0.00697	0.00527	0.00644	0.00640	0.00765	0.00473	0.00470	0.00890	0.01339	0.01806	0.45817	0.16215	0.25301	0.01243	0.00632	0.00177	0.00263	0.01086	0.00542	0.00473
39	0.00742	0.00540	0.00698	0.00659	0.00786	0.00496	0.00494	0.00986	0.01482	0.02086	0.74243	0.04006	0.08611	0.01094	0.00624	0.00167	0.00250	0.00964	0.00577	0.00496
40	0.01416	0.01393	0.01509	0.15788	0.17137	0.22072	0.03354	0.03289	0.06659	0.07081	0.01547	0.09549	0.05532	0.00703	0.00538	0.00165	0.00656	0.00594	0.00349	0.00671
41	0.00862	0.00697	0.00971	0.00915	0.00968	0.00859	0.00704	0.00996	0.00831	0.01218	0.01300	0.02132	0.01292	0.18971	0.42493	0.00609	0.20455	0.00580	0.02678	0.00467
42	0.00652	0.00466	0.00620	0.00731	0.00768	0.00434	0.00491	0.00755	0.01047	0.01405	0.08308	0.75523	0.03604	0.01615	0.00671	0.00211	0.00303	0.01464	0.00497	0.00434
43	0.02033	0.01010	0.02884	0.06679	0.01537	0.00942	0.00865	0.12964	0.04877	0.51912	0.05737	0.01860	0.02864	0.00677	0.00537	0.00165	0.00479	0.00552	0.00585	0.00843
44	0.01371	0.07620	0.46229	0.01560	0.08853	0.09138	0.03644	0.04530	0.01253	0.09420	0.01055	0.01182	0.00763	0.00519	0.00498	0.00159	0.00733	0.00409	0.00288	0.00777

[dist]
# distance from previous block
# <min> <max>
3	4

[block]
# block no. 7 follows, 46 sequences, length 43
# corresponding to MSA columns:
# 635-677
name=unknown_H
#
# <colnr> <probs for GDERKNQSTAVLIFYWHMCP>
#	G	D	E	R	K	N	Q	S	T	A	V	L	I	F	Y	W	H	M	C	P
0	0.69691	0.01057	0.00927	0.08037	0.01320	0.01227	0.00695	0.08499	0.01062	0.02368	0.00804	0.00948	0.00615	0.00508	0.00364	0.00164	0.00452	0.00321	0.00337	0.00604
1	0.00748	0.00540	0.00707	0.00665	0.00790	0.00499	0.00499	0.00998	0.01496	0.02120	0.77844	0.03949	0.04988	0.01081	0.00624	0.00166	0.00249	0.00956	0.00582	0.00499
2	0.01259	0.00895	0.01184	0.00940	0.01285	0.00787	0.06679	0.07361	0.03714	0.12946	0.03060	0.17994	0.03478	0.00766	0.00514	0.00142	0.00429	0.00673	0.02322	0.33570
3	0.00759	0.00575	0.00713	0.00794	0.00871	0.00581	0.00550	0.01090	0.14009	0.01497	0.02784	0.67576	0.03175	0.01496	0.00651	0.00209	0.00326	0.01348	0.00499	0.00499
4	0.01096	0.00940	0.01096	0.00783	0.01253	0.00705	0.00626	0.01331	0.01096	0.01723	0.00940	0.01096	0.00783	0.00392	0.00392	0.00078	0.00392	0.00313	0.00313	0.84653
5	0.02038	0.01435	0.01558	0.01195	0.01617	0.01571	0.00987	0.70540	0.02409	0.09260	0.01334	0.01311	0.00931	0.00636	0.00529	0.00159	0.00571	0.00480	0.00539	0.00899
6	0.85155	0.01022	0.00777	0.00695	0.01022	0.01186	0.00573	0.01554	0.00900	0.02372	0.00736	0.00859	0.00573	0.00491	0.00327	0.00164	0.00409	0.00286	0.00327	0.00573
7	0.73388	0.01148	0.00860	0.00771	0.01093	0.07355	0.00624	0.01676	0.05683	0.02277	0.00830	0.00935	0.00646	0.00509	0.00352	0.00162	0.00452	0.00310	0.00336	0.00592
8	0.00815	0.00867	0.08044	0.06704	0.12544	0.00699	0.00814	0.01028	0.01151	0.01487	0.06854	0.09734	0.37608	0.07194	0.00755	0.00203	0.00424	0.02133	0.00405	0.00537
9	0.00644	0.00460	0.00613	0.00736	0.00767	0.00429	0.00491	0.00736	0.01012	0.01350	0.02914	0.81076	0.03497	0.01656	0.00675	0.00215	0.00307	0.01503	0.00491	0.00429
10	0.01315	0.01136	0.01195	0.01076	0.01375	0.01315	0.00837	0.02809	0.77168	0.02211	0.02152	0.01972	0.01614	0.00717	0.00538	0.00179	0.00418	0.00598	0.00538	0.00837
11	0.01062	0.00894	0.01048	0.00766	0.01197	0.00682	0.00609	0.01299	0.01133	0.01764	0.08014	0.01376	0.01181	0.00459	0.00412	0.00087	0.00376	0.00376	0.02044	0.75221
12	0.01085	0.01029	0.01736	0.58011	0.23565	0.01205	0.01504	0.01422	0.01092	0.01450	0.00950	0.01377	0.00740	0.00521	0.00550	0.00172	0.02226	0.00470	0.00242	0.00654
13	0.60708	0.01004	0.00875	0.00784	0.01085	0.01137	0.00641	0.11171	0.01152	0.02370	0.03300	0.06344	0.01098	0.00667	0.00412	0.00172	0.00426	0.05672	0.00382	0.00598
14	0.00652	0.00471	0.00603	0.00706	0.00747	0.00437	0.00470	0.00741	0.01011	0.01332	0.03043	0.68197	0.10207	0.07695	0.00824	0.00234	0.00319	0.01412	0.00478	0.00423
15	0.01248	0.01426	0.03119	0.02228	0.02763	0.01337	0.76203	0.01693	0.01248	0.01693	0.01070	0.01426	0.00802	0.00446	0.00624	0.00178	0.00891	0.00624	0.00267	0.00713
16	0.01191	0.00800	0.00950	0.00890	0.01092	0.00834	0.01733	0.03473	0.27614	0.12730	0.02390	0.30116	0.03558	0.03377	0.00639	0.00195	0.00382	0.00914	0.06469	0.00654
17	0.00647	0.00464	0.00615	0.00730	0.00766	0.00432	0.00489	0.00744	0.01030	0.01373	0.05113	0.77338	0.05032	0.01633	0.00672	0.00213	0.00304	0.01479	0.00493	0.00432
18	0.85155	0.01022	0.00777	0.00695	0.01022	0.01186	0.00573	0.01554	0.00900	0.02372	0.00736	0.00859	0.00573	0.00491	0.00327	0.00164	0.00409	0.00286	0.00327	0.00573
19	0.00656	0.00465	0.00610	0.00721	0.00749	0.00437	0.00475	0.00739	0.00990	0.01320	0.02799	0.73952	0.03352	0.08977	0.00860	0.00242	0.00326	0.01436	0.00475	0.00419
20	0.01848	0.01338	0.01487	0.01173	0.01534	0.01495	0.00962	0.54590	0.09779	0.08301	0.03088	0.01436	0.01077	0.00701	0.00658	0.01831	0.06846	0.00502	0.00510	0.00845
21	0.62830	0.00988	0.00864	0.00752	0.01060	0.01111	0.00609	0.07452	0.01058	0.08425	0.00920	0.01054	0.00702	0.00641	0.00520	0.07914	0.00428	0.00340	0.01740	0.00592
