[name]
unknown

[dist]
# distance from previous block
# <min> <max>
11	355

[block]
# block no. 0 follows, 51 sequences, length 49
# corresponding to MSA columns:
# 426-467,469-475
name=unknown_A
#
# <colnr> <probs for GDERKNQSTAVLIFYWHMCP>
#	G	D	E	R	K	N	Q	S	T	A	V	L	I	F	Y	W	H	M	C	P
0	0.05676	0.01104	0.04069	0.00974	0.01312	0.04813	0.04029	0.20883	0.09821	0.10187	0.03027	0.09299	0.01224	0.00767	0.03902	0.00168	0.00506	0.00525	0.00412	0.17300
1	0.06492	0.01157	0.05123	0.04051	0.04317	0.05016	0.09937	0.13328	0.06869	0.03681	0.04824	0.02438	0.02244	0.00517	0.00454	0.00129	0.00503	0.00441	0.00347	0.28131
2	0.06655	0.03966	0.01432	0.03653	0.08329	0.06281	0.10421	0.12957	0.03646	0.07686	0.04601	0.08882	0.01203	0.00675	0.02360	0.00156	0.00532	0.00524	0.00361	0.15681
3	0.06590	0.07253	0.06589	0.02687	0.15342	0.02560	0.04773	0.05926	0.02489	0.08678	0.01207	0.08335	0.02054	0.00565	0.00468	0.00134	0.01827	0.00477	0.00327	0.21719
4	0.10047	0.07205	0.05201	0.05264	0.13268	0.13108	0.03373	0.06335	0.14466	0.08684	0.01141	0.01221	0.00868	0.00509	0.00445	0.00141	0.00554	0.00404	0.00341	0.07424
5	0.03564	0.03418	0.19874	0.01644	0.17664	0.05345	0.12373	0.06740	0.10075	0.08212	0.01125	0.01248	0.00840	0.00491	0.00480	0.00148	0.00611	0.00437	0.00316	0.05397
6	0.01490	0.02633	0.01230	0.06334	0.04767	0.03192	0.00833	0.08689	0.34793	0.20941	0.01710	0.01626	0.02528	0.00605	0.00484	0.00152	0.00447	0.00496	0.00469	0.06581
7	0.39939	0.19453	0.01418	0.05596	0.09332	0.01300	0.02570	0.02783	0.07176	0.01817	0.00848	0.00978	0.00682	0.00463	0.00364	0.00140	0.00462	0.00327	0.00289	0.04065
8	0.01039	0.00578	0.00767	0.00676	0.00853	0.00522	0.00522	0.01261	0.01395	0.19717	0.61788	0.03216	0.03859	0.00915	0.00560	0.00154	0.00274	0.00799	0.00556	0.00548
9	0.00634	0.00500	0.00572	0.00554	0.00697	0.00438	0.00415	0.00809	0.01246	0.01627	0.39656	0.04236	0.44599	0.01133	0.00580	0.00161	0.00241	0.00968	0.00496	0.00438
10	0.00632	0.00500	0.00569	0.00552	0.00695	0.00437	0.00414	0.00805	0.01242	0.01616	0.38346	0.04255	0.45917	0.01137	0.00580	0.00161	0.00241	0.00971	0.00494	0.00437
11	0.00634	0.00500	0.00571	0.00553	0.00696	0.00437	0.00415	0.00807	0.01245	0.01623	0.39218	0.04242	0.45040	0.01134	0.00580	0.00161	0.00241	0.00969	0.00495	0.00437
12	0.86201	0.00950	0.00722	0.00646	0.00950	0.01102	0.00532	0.01445	0.00836	0.02205	0.00684	0.00798	0.00532	0.00456	0.00304	0.00152	0.00380	0.00266	0.00304	0.00532
13	0.31415	0.00876	0.00995	0.00795	0.01149	0.00854	0.00656	0.02064	0.01208	0.52949	0.01503	0.01369	0.00979	0.00555	0.00428	0.00152	0.00405	0.00415	0.00502	0.00731
14	0.86201	0.00950	0.00722	0.00646	0.00950	0.01102	0.00532	0.01445	0.00836	0.02205	0.00684	0.00798	0.00532	0.00456	0.00304	0.00152	0.00380	0.00266	0.00304	0.00532
15	0.00606	0.00433	0.00577	0.00679	0.00714	0.00404	0.00457	0.00703	0.00975	0.01308	0.08472	0.76492	0.03354	0.01499	0.00624	0.00196	0.00281	0.01359	0.00463	0.00404
16	0.02175	0.00885	0.01170	0.00897	0.01279	0.00794	0.00741	0.09175	0.01488	0.73109	0.01871	0.01628	0.01182	0.00607	0.00494	0.00152	0.00429	0.00490	0.00598	0.00836
17	0.86201	0.00950	0.00722	0.00646	0.00950	0.01102	0.00532	0.01445	0.00836	0.02205	0.00684	0.00798	0.00532	0.00456	0.00304	0.00152	0.00380	0.00266	0.00304	0.00532
18	0.00599	0.00428	0.00570	0.00684	0.00713	0.00399	0.00456	0.00684	0.00941	0.01254	0.02709	0.82409	0.03250	0.01540	0.00627	0.00200	0.00285	0.01397	0.00456	0.00399
19	0.02061	0.00871	0.01148	0.00895	0.01248	0.00808	0.00737	0.06672	0.04286	0.66923	0.01836	0.01633	0.01185	0.00618	0.00532	0.00153	0.03523	0.00490	0.03573	0.00809
20	0.02076	0.00798	0.01072	0.00833	0.01186	0.00696	0.00684	0.02270	0.01369	0.72164	0.01905	0.01689	0.01221	0.00605	0.00479	0.00148	0.00399	0.00491	0.09119	0.00798
21	0.02137	0.00817	0.01105	0.00853	0.01219	0.00708	0.00702	0.02329	0.01387	0.75910	0.01921	0.01681	0.01219	0.00606	0.00486	0.00150	0.00408	0.00492	0.05053	0.00817
22	0.01196	0.01123	0.04202	0.10242	0.07669	0.06701	0.00914	0.02084	0.44418	0.04684	0.04753	0.03679	0.04853	0.00666	0.00502	0.00161	0.00469	0.00560	0.00422	0.00700
23	0.01030	0.01083	0.05692	0.28353	0.09034	0.01240	0.06340	0.01351	0.05761	0.01347	0.00945	0.04331	0.00818	0.00663	0.00902	0.00182	0.29606	0.00484	0.00247	0.00590
24	0.00610	0.00429	0.00566	0.00676	0.00708	0.00401	0.00452	0.00701	0.00944	0.01276	0.02668	0.79466	0.03178	0.01504	0.00617	0.00196	0.00283	0.01363	0.03561	0.00401
25	0.06043	0.01304	0.01474	0.03655	0.01555	0.18376	0.11753	0.01979	0.13077	0.23346	0.01295	0.01344	0.00941	0.00588	0.00629	0.00159	0.10958	0.00455	0.00386	0.00682
26	0.01754	0.01259	0.04313	0.05484	0.06477	0.01276	0.06719	0.44252	0.02995	0.18496	0.01292	0.01306	0.00897	0.00563	0.00498	0.00151	0.00550	0.00462	0.00458	0.00800
27	0.01266	0.15011	0.13568	0.11583	0.06736	0.04797	0.07307	0.10287	0.01228	0.09074	0.01262	0.11381	0.01115	0.00643	0.00485	0.00153	0.00577	0.02548	0.00326	0.00653
28	0.30312	0.01536	0.01225	0.06780	0.02717	0.29985	0.02615	0.14914	0.02599	0.01903	0.00843	0.00968	0.00655	0.00502	0.00413	0.00143	0.00624	0.00342	0.00313	0.00610
29	0.00755	0.04881	0.00773	0.02200	0.00856	0.00581	0.02290	0.00970	0.03899	0.04448	0.25900	0.03856	0.44691	0.01054	0.00559	0.00159	0.00291	0.00894	0.00466	0.00477
30	0.01087	0.08113	0.01243	0.00930	0.07084	0.00849	0.00690	0.03134	0.04021	0.01615	0.00911	0.01048	0.00755	0.00391	0.00377	0.00086	0.00400	0.00313	0.00293	0.66659
31	0.00794	0.00523	0.00609	0.00577	0.00629	0.00506	0.00352	0.00827	0.00768	0.04027	0.01500	0.02925	0.01656	0.69268	0.06364	0.00450	0.00510	0.00665	0.00307	0.06745
32	0.00702	0.00536	0.00672	0.02654	0.00853	0.00536	0.00518	0.00990	0.11502	0.01457	0.12407	0.55573	0.07094	0.01314	0.00598	0.00187	0.00299	0.01177	0.00467	0.00463
33	0.00607	0.00436	0.00577	0.00674	0.00714	0.00405	0.00455	0.00707	0.00986	0.01321	0.09736	0.73630	0.04959	0.01485	0.00622	0.00195	0.00280	0.01343	0.00464	0.00405
34	0.00618	0.00441	0.00582	0.00668	0.00709	0.00412	0.00451	0.00722	0.00999	0.01349	0.14080	0.67479	0.03397	0.04748	0.00696	0.00204	0.00285	0.01294	0.00462	0.00405
35	0.00986	0.02542	0.80183	0.01401	0.02127	0.01141	0.01816	0.01556	0.01038	0.01556	0.00882	0.01038	0.00623	0.00467	0.00467	0.00156	0.00726	0.00363	0.00208	0.00726
36	0.05213	0.00936	0.01184	0.00911	0.01291	0.00877	0.00753	0.15680	0.01545	0.63618	0.01759	0.01554	0.01124	0.00599	0.00487	0.00151	0.00438	0.00477	0.00577	0.00825
37	0.01868	0.01376	0.01475	0.01131	0.01524	0.01524	0.00934	0.78025	0.02311	0.03097	0.01180	0.01180	0.00836	0.00590	0.00492	0.00147	0.00541	0.00442	0.00492	0.00836
38	0.03550	0.78195	0.02487	0.00850	0.01262	0.04545	0.00836	0.01487	0.01007	0.01185	0.00686	0.00792	0.00628	0.00424	0.00319	0.00107	0.00534	0.00265	0.00214	0.00626
39	0.37164	0.06650	0.01128	0.11667	0.01429	0.01061	0.00749	0.05925	0.01131	0.27057	0.01140	0.01169	0.00792	0.00515	0.00402	0.00150	0.00448	0.00372	0.00394	0.00655
40	0.00676	0.00494	0.00636	0.00617	0.00727	0.00453	0.00456	0.00884	0.01321	0.01844	0.65460	0.12538	0.09893	0.01082	0.00585	0.00160	0.00239	0.00956	0.00525	0.00453
41	0.86201	0.00950	0.00722	0.00646	0.00950	0.01102	0.00532	0.01445	0.00836	0.02205	0.00684	0.00798	0.00532	0.00456	0.00304	0.00152	0.00380	0.00266	0.00304	0.00532
42	0.86201	0.00950	0.00722	0.00646	0.00950	0.01102	0.00532	0.01445	0.00836	0.02205	0.00684	0.00798	0.00532	0.00456	0.00304	0.00152	0.00380	0.00266	0.00304	0.00532
43	0.00928	0.00873	0.01474	0.81548	0.03385	0.01092	0.01365	0.01256	0.00983	0.01256	0.00873	0.01310	0.00655	0.00491	0.00491	0.00164	0.00655	0.00437	0.00218	0.00546
44	0.00692	0.00500	0.00654	0.00621	0.00733	0.00461	0.00463	0.00919	0.01375	0.01945	0.76701	0.06446	0.04588	0.01024	0.00581	0.00156	0.00234	0.00907	0.00538	0.00461
45	0.01100	0.00868	0.01429	0.70672	0.03097	0.01042	0.01278	0.01409	0.01040	0.11873	0.01017	0.01359	0.00731	0.00507	0.00492	0.00162	0.00623	0.00444	0.00271	0.00585
46	0.01280	0.01084	0.01144	0.01012	0.01300	0.01249	0.00792	0.09353	0.71941	0.02149	0.01927	0.01775	0.01441	0.00660	0.00499	0.00165	0.00402	0.00545	0.00499	0.00783
47	0.01314	0.83025	0.02575	0.00841	0.01261	0.01945	0.00841	0.01472	0.00999	0.01156	0.00683	0.00788	0.00631	0.00420	0.00315	0.00105	0.00526	0.00263	0.00210	0.00631
48	0.00924	0.04053	0.09614	0.00892	0.04992	0.02013	0.00731	0.10114	0.02957	0.01832	0.32737	0.05577	0.17347	0.02026	0.00564	0.00158	0.00375	0.00750	0.00439	0.01906

[dist]
# distance from previous block
# <min> <max>
0	1

[block]
# block no. 1 follows, 51 sequences, length 43
# corresponding to MSA columns:
# 477-505,510-523
name=unknown_B
#
# <colnr> <probs for GDERKNQSTAVLIFYWHMCP>
#	G	D	E	R	K	N	Q	S	T	A	V	L	I	F	Y	W	H	M	C	P
0	0.00713	0.02965	0.00709	0.00628	0.00750	0.00510	0.00470	0.00917	0.01287	0.01804	0.62375	0.08923	0.06407	0.04927	0.02241	0.00182	0.00281	0.00880	0.00500	0.02533
1	0.04130	0.64855	0.10702	0.00956	0.01403	0.03937	0.04065	0.01513	0.01021	0.02569	0.00740	0.00854	0.00641	0.00432	0.00348	0.00116	0.00562	0.00292	0.00222	0.00641
2	0.84074	0.03006	0.00769	0.00651	0.00958	0.01124	0.00540	0.01445	0.00840	0.02179	0.00684	0.00798	0.00535	0.00455	0.00304	0.00151	0.00384	0.00266	0.00302	0.00535
3	0.00712	0.00488	0.00596	0.00596	0.00616	0.00509	0.00372	0.00753	0.00732	0.00997	0.01494	0.02913	0.01655	0.64119	0.20932	0.00550	0.00674	0.00670	0.00290	0.00331
4	0.00672	0.00517	0.00685	0.09445	0.01012	0.00521	0.00551	0.00844	0.04714	0.01277	0.02600	0.56432	0.09908	0.07511	0.00744	0.00212	0.00341	0.01167	0.00421	0.00427
5	0.00599	0.00428	0.00570	0.00684	0.00713	0.00399	0.00456	0.00684	0.00941	0.01254	0.02709	0.82409	0.03250	0.01540	0.00627	0.00200	0.00285	0.01397	0.00456	0.00399
6	0.01314	0.83025	0.02575	0.00841	0.01261	0.01945	0.00841	0.01472	0.00999	0.01156	0.00683	0.00788	0.00631	0.00420	0.00315	0.00105	0.00526	0.00263	0.00210	0.00631
7	0.00928	0.00873	0.01474	0.81548	0.03385	0.01092	0.01365	0.01256	0.00983	0.01256	0.00873	0.01310	0.00655	0.00491	0.00491	0.00164	0.00655	0.00437	0.00218	0.00546
8	0.86201	0.00950	0.00722	0.00646	0.00950	0.01102	0.00532	0.01445	0.00836	0.02205	0.00684	0.00798	0.00532	0.00456	0.00304	0.00152	0.00380	0.00266	0.00304	0.00532
9	0.00715	0.00476	0.00536	0.00536	0.00536	0.00476	0.00298	0.00715	0.00715	0.00953	0.01548	0.03216	0.01787	0.82729	0.02501	0.00476	0.00476	0.00715	0.00298	0.00298
10	0.01226	0.01295	0.02789	0.01996	0.02485	0.01210	0.73002	0.01626	0.01175	0.06532	0.01054	0.01348	0.00775	0.00427	0.00575	0.00165	0.00803	0.00575	0.00271	0.00674
11	0.00581	0.00498	0.00498	0.00498	0.00664	0.00415	0.00373	0.00705	0.01120	0.01328	0.04978	0.04729	0.79464	0.01245	0.00581	0.00166	0.00249	0.01037	0.00456	0.00415
12	0.00732	0.00505	0.00582	0.00572	0.00572	0.00525	0.00334	0.00737	0.00716	0.00964	0.01506	0.03115	0.01733	0.78864	0.02459	0.00464	0.04317	0.00701	0.00294	0.00309
13	0.00588	0.00470	0.00526	0.00571	0.00683	0.00409	0.00406	0.00697	0.01050	0.01299	0.04089	0.35152	0.49616	0.01360	0.00599	0.00179	0.00263	0.01178	0.00456	0.00409
14	0.01254	0.01071	0.01129	0.01007	0.01290	0.01237	0.00786	0.06319	0.75017	0.02107	0.01960	0.01801	0.01467	0.00663	0.00500	0.00166	0.00396	0.00550	0.00500	0.00781
15	0.25113	0.00885	0.01037	0.00820	0.01180	0.00852	0.00677	0.04553	0.01280	0.56318	0.01572	0.01418	0.01018	0.00566	0.00442	0.00152	0.00412	0.00430	0.00522	0.00753
16	0.00702	0.00527	0.00790	0.00790	0.00878	0.00614	0.00614	0.00878	0.00790	0.01141	0.01316	0.01931	0.01229	0.03686	0.80782	0.00790	0.01316	0.00527	0.00263	0.00439
17	0.01042	0.00887	0.01032	0.00739	0.01175	0.00679	0.00592	0.03357	0.01055	0.01643	0.00882	0.01023	0.00731	0.00370	0.00367	0.00075	0.00369	0.00295	0.00297	0.83390
18	0.00976	0.02475	0.77538	0.01380	0.02085	0.01124	0.01776	0.01534	0.01029	0.01542	0.00896	0.01067	0.00643	0.00574	0.03143	0.00177	0.00746	0.00369	0.00209	0.00717
19	0.01978	0.00770	0.01020	0.00801	0.01135	0.00676	0.00656	0.02175	0.01340	0.66260	0.01880	0.01701	0.01224	0.00602	0.00468	0.00145	0.00385	0.00488	0.15527	0.00770
20	0.01115	0.01123	0.02192	0.26354	0.16397	0.01148	0.36976	0.01471	0.01100	0.03227	0.00985	0.01325	0.00750	0.00451	0.00527	0.00160	0.00705	0.00506	0.02845	0.00645
21	0.01267	0.03645	0.03110	0.23896	0.39967	0.04587	0.03889	0.04505	0.01159	0.07836	0.00989	0.01250	0.00768	0.00474	0.00484	0.00150	0.00610	0.00435	0.00274	0.00704
22	0.00704	0.00509	0.00691	0.00715	0.00804	0.00474	0.02889	0.02617	0.01099	0.03410	0.18669	0.53619	0.09280	0.01325	0.00606	0.00184	0.00298	0.01194	0.00472	0.00443
23	0.00599	0.00428	0.00570	0.00684	0.00713	0.00399	0.00456	0.00684	0.00941	0.01254	0.02709	0.82409	0.03250	0.01540	0.00627	0.00200	0.00285	0.01397	0.00456	0.00399
24	0.01414	0.66936	0.02332	0.00907	0.01294	0.11612	0.00855	0.01568	0.01060	0.04885	0.00751	0.00850	0.00659	0.00452	0.00375	0.00113	0.02788	0.00285	0.00234	0.00630
25	0.00704	0.00520	0.00758	0.00758	0.00835	0.00597	0.00575	0.00857	0.00780	0.01118	0.01345	0.02090	0.01298	0.13477	0.71085	0.00751	0.01212	0.00550	0.00268	0.00421
26	0.01237	0.21109	0.18762	0.02639	0.04289	0.08352	0.15540	0.06059	0.01157	0.01528	0.00862	0.01035	0.00684	0.00439	0.00436	0.00129	0.00636	0.00372	0.00252	0.14485
27	0.06026	0.01064	0.03895	0.00960	0.01352	0.00999	0.00815	0.25427	0.01643	0.50183	0.01612	0.01459	0.01048	0.00591	0.00484	0.00151	0.00464	0.00463	0.00545	0.00818
28	0.00599	0.00428	0.00570	0.00684	0.00713	0.00399	0.00456	0.00684	0.00941	0.01254	0.02709	0.82409	0.03250	0.01540	0.00627	0.00200	0.00285	0.01397	0.00456	0.00399
29	0.01331	0.39535	0.02058	0.20511	0.01915	0.19786	0.05824	0.01538	0.01095	0.01217	0.00766	0.00971	0.00644	0.00457	0.00404	0.00128	0.00659	0.00337	0.00224	0.00598
30	0.00599	0.00428	0.00570	0.00684	0.00713	0.00399	0.00456	0.00684	0.00941	0.01254	0.02709	0.82409	0.03250	0.01540	0.00627	0.00200	0.00285	0.01397	0.00456	0.00399
31	0.01059	0.01103	0.02149	0.37828	0.09806	0.01174	0.35081	0.01417	0.01068	0.01426	0.00926	0.01304	0.00706	0.00460	0.00553	0.00164	0.02424	0.00500	0.00234	0.00618
32	0.01159	0.01092	0.01524	0.12669	0.27745	0.04774	0.04279	0.03424	0.09356	0.01621	0.01017	0.01222	0.00816	0.00453	0.00453	0.00128	0.00528	0.00405	0.00289	0.27049
33	0.00715	0.00476	0.00536	0.00536	0.00536	0.00476	0.00298	0.00715	0.00715	0.00953	0.01548	0.03216	0.01787	0.82729	0.02501	0.00476	0.00476	0.00715	0.00298	0.00298
34	0.00702	0.00525	0.00782	0.00782	0.00867	0.00610	0.00605	0.00873	0.00787	0.01135	0.01323	0.01970	0.01246	0.06091	0.78400	0.00780	0.01291	0.00532	0.00264	0.00434
35	0.01791	0.01095	0.01269	0.00962	0.01360	0.01080	0.00790	0.37254	0.01742	0.27274	0.01355	0.01302	0.00934	0.00547	0.00465	0.00133	0.00463	0.00426	0.00485	0.19273
36	0.86201	0.00950	0.00722	0.00646	0.00950	0.01102	0.00532	0.01445	0.00836	0.02205	0.00684	0.00798	0.00532	0.00456	0.00304	0.00152	0.00380	0.00266	0.00304	0.00532
37	0.02205	0.00836	0.01140	0.00874	0.01254	0.00722	0.00722	0.02395	0.01407	0.80004	0.01939	0.01673	0.01216	0.00608	0.00494	0.00152	0.00418	0.00494	0.00608	0.00836
38	0.00922	0.05995	0.01403	0.18543	0.16517	0.00902	0.08141	0.02459	0.01027	0.01369	0.01587	0.27048	0.01675	0.05843	0.00661	0.00190	0.00511	0.04342	0.00321	0.00546
39	0.00673	0.00501	0.00626	0.00595	0.00721	0.00454	0.00446	0.00884	0.01338	0.01846	0.64961	0.03876	0.19158	0.01051	0.00580	0.00157	0.00235	0.00918	0.00525	0.00454
40	0.00749	0.00529	0.00754	0.08202	0.00971	0.00589	0.00559	0.00828	0.00763	0.01051	0.01277	0.02201	0.01290	0.27282	0.37660	0.13234	0.00866	0.00561	0.00262	0.00372
41	0.00783	0.00617	0.00869	0.00815	0.00902	0.00688	0.04242	0.01002	0.06694	0.01207	0.03231	0.08106	0.01572	0.25456	0.35903	0.00530	0.05987	0.00650	0.00308	0.00439
42	0.34021	0.20537	0.03874	0.03315	0.01310	0.23479	0.00799	0.03478	0.01087	0.03166	0.00753	0.00869	0.00610	0.00469	0.00364	0.00134	0.00579	0.00296	0.00273	0.00585

[dist]
# distance from previous block
# <min> <max>
0	5

[block]
# block no. 2 follows, 51 sequences, length 20
# corresponding to MSA columns:
# 529-546,548,549
name=unknown_C
#
# <colnr> <probs for GDERKNQSTAVLIFYWHMCP>
#	G	D	E	R	K	N	Q	S	T	A	V	L	I	F	Y	W	H	M	C	P
0	0.59658	0.02981	0.13939	0.04423	0.01297	0.04835	0.00814	0.01513	0.00926	0.04745	0.00773	0.00895	0.00584	0.00467	0.00353	0.00151	0.00478	0.00300	0.00291	0.00579
1	0.19527	0.01033	0.02846	0.19177	0.08116	0.01039	0.13532	0.02794	0.04672	0.04479	0.00952	0.01167	0.00730	0.00455	0.00440	0.00141	0.00539	0.00401	0.00290	0.17672
2	0.00714	0.00473	0.00540	0.00545	0.00546	0.00472	0.00308	0.00711	0.00722	0.00962	0.01575	0.06344	0.01819	0.77202	0.02410	0.02854	0.00467	0.00734	0.00302	0.00299
3	0.01019	0.00992	0.01351	0.01180	0.01199	0.03014	0.00968	0.01132	0.00770	0.01167	0.00789	0.01294	0.00783	0.04801	0.13789	0.00313	0.64243	0.00455	0.00227	0.00513
4	0.01035	0.00892	0.01098	0.20215	0.01681	0.01033	0.00867	0.01914	0.44584	0.01712	0.01868	0.14865	0.01632	0.00793	0.00525	0.00174	0.00438	0.03603	0.00424	0.00649
5	0.00676	0.00487	0.00640	0.00631	0.00730	0.00451	0.00462	0.00879	0.01301	0.01827	0.64043	0.19441	0.04359	0.01112	0.00589	0.00164	0.00243	0.00991	0.00524	0.00451
6	0.02112	0.00985	0.01233	0.00945	0.01329	0.00944	0.00781	0.23267	0.01656	0.58780	0.01729	0.01537	0.01111	0.00603	0.00493	0.00151	0.00452	0.00480	0.00576	0.00836
7	0.01314	0.83025	0.02575	0.00841	0.01261	0.01945	0.00841	0.01472	0.00999	0.01156	0.00683	0.00788	0.00631	0.00420	0.00315	0.00105	0.00526	0.00263	0.00210	0.00631
8	0.01019	0.00873	0.01019	0.00728	0.01165	0.00655	0.00582	0.01237	0.01019	0.01601	0.00873	0.01019	0.00728	0.00364	0.00364	0.00073	0.00364	0.00291	0.00291	0.85734
9	0.00713	0.00469	0.00586	0.00630	0.00674	0.00444	0.00410	0.00784	0.00917	0.04577	0.07124	0.43754	0.05446	0.29684	0.01268	0.00290	0.00353	0.01077	0.00413	0.00387
10	0.00914	0.00854	0.01434	0.77999	0.03267	0.01061	0.01325	0.01231	0.00981	0.01256	0.00954	0.04870	0.00769	0.00537	0.00497	0.00165	0.00639	0.00479	0.00229	0.00539
11	0.00983	0.03520	0.01308	0.05443	0.01255	0.02736	0.00920	0.01093	0.00813	0.01181	0.01071	0.14749	0.01163	0.07010	0.01391	0.00224	0.53772	0.00605	0.00262	0.00501
12	0.00812	0.00615	0.00714	0.00621	0.00781	0.00533	0.00417	0.00900	0.00848	0.01218	0.01426	0.10686	0.01557	0.44525	0.01534	0.00302	0.00416	0.00633	0.00312	0.31149
13	0.02583	0.00651	0.00781	0.00736	0.00875	0.00657	0.00547	0.12649	0.04816	0.03473	0.08051	0.19268	0.12966	0.02631	0.00937	0.21722	0.00372	0.04021	0.00404	0.01860
14	0.01280	0.58213	0.02233	0.17032	0.01698	0.01705	0.00953	0.04519	0.01053	0.03741	0.00780	0.00945	0.00663	0.00461	0.00403	0.00123	0.03020	0.00317	0.00236	0.00626
15	0.17361	0.01211	0.01283	0.01000	0.01375	0.01316	0.00826	0.51696	0.01894	0.15452	0.01213	0.01190	0.00842	0.00568	0.00458	0.00149	0.00491	0.00419	0.00476	0.00780
16	0.00686	0.00469	0.00604	0.00656	0.00735	0.00428	0.00459	0.00811	0.01075	0.04830	0.18580	0.53355	0.12769	0.01354	0.00606	0.00184	0.00276	0.01210	0.00480	0.00433
17	0.08281	0.01046	0.02821	0.05207	0.10729	0.01031	0.13838	0.16872	0.01350	0.17073	0.01350	0.09101	0.01106	0.00672	0.00565	0.03829	0.00531	0.01548	0.00391	0.02660
18	0.01834	0.01270	0.01390	0.01083	0.01461	0.01387	0.00889	0.59561	0.11251	0.12668	0.01373	0.01319	0.00962	0.00601	0.00493	0.00150	0.00507	0.00462	0.00507	0.00829
19	0.00618	0.00445	0.00585	0.00665	0.00715	0.00413	0.00455	0.00734	0.01037	0.01400	0.18145	0.64079	0.06039	0.01423	0.00616	0.00189	0.00273	0.01283	0.00473	0.00413

[dist]
# distance from previous block
# <min> <max>
0	2

[block]
# block no. 3 follows, 51 sequences, length 22
# corresponding to MSA columns:
# 552-573
name=unknown_D
#
# <colnr> <probs for GDERKNQSTAVLIFYWHMCP>
#	G	D	E	R	K	N	Q	S	T	A	V	L	I	F	Y	W	H	M	C	P
0	0.03042	0.00839	0.00965	0.00828	0.01081	0.00859	0.00633	0.03319	0.30171	0.20495	0.05789	0.04275	0.01598	0.15708	0.00858	0.00212	0.00401	0.00580	0.00468	0.07879
1	0.01787	0.02131	0.01411	0.01250	0.01504	0.65135	0.00956	0.11624	0.01465	0.01443	0.00805	0.00937	0.00660	0.00542	0.00530	0.00135	0.06460	0.00340	0.00281	0.00601
2	0.01019	0.00873	0.01019	0.00728	0.01165	0.00655	0.00582	0.01237	0.01019	0.01601	0.00873	0.01019	0.00728	0.00364	0.00364	0.00073	0.00364	0.00291	0.00291	0.85734
3	0.00602	0.00499	0.00527	0.00520	0.00677	0.00424	0.00390	0.00747	0.01170	0.01447	0.18807	0.04533	0.65561	0.01200	0.00581	0.00164	0.00246	0.01010	0.00472	0.00424
4	0.86201	0.00950	0.00722	0.00646	0.00950	0.01102	0.00532	0.01445	0.00836	0.02205	0.00684	0.00798	0.00532	0.00456	0.00304	0.00152	0.00380	0.00266	0.00304	0.00532
5	0.01676	0.01347	0.01362	0.01101	0.01451	0.06725	0.00889	0.50758	0.24747	0.02664	0.01393	0.01353	0.01018	0.00607	0.00491	0.00152	0.00519	0.00467	0.00478	0.00801
6	0.00742	0.00525	0.00652	0.00620	0.00756	0.00468	0.00457	0.00922	0.01228	0.04799	0.44576	0.14978	0.16491	0.04838	0.00659	0.00173	0.00269	0.00929	0.00491	0.05427
7	0.03493	0.00633	0.00757	0.00692	0.00867	0.00591	0.00514	0.05847	0.02943	0.09108	0.23650	0.21113	0.10285	0.07723	0.00703	0.00184	0.00324	0.00853	0.00463	0.09256
8	0.01314	0.83025	0.02575	0.00841	0.01261	0.01945	0.00841	0.01472	0.00999	0.01156	0.00683	0.00788	0.00631	0.00420	0.00315	0.00105	0.00526	0.00263	0.00210	0.00631
9	0.01216	0.01168	0.01995	0.03016	0.79664	0.01168	0.01508	0.01508	0.01119	0.01605	0.00924	0.01216	0.00778	0.00438	0.00487	0.00146	0.00584	0.00438	0.00243	0.00778
10	0.05822	0.00514	0.00627	0.00662	0.00758	0.00491	0.00471	0.02474	0.01107	0.03344	0.22464	0.46532	0.10377	0.01268	0.00585	0.00180	0.00282	0.01124	0.00473	0.00444
11	0.00705	0.00590	0.00701	0.08132	0.01006	0.05434	0.00567	0.00817	0.00980	0.01254	0.02510	0.66831	0.05886	0.01368	0.00602	0.00190	0.00355	0.01228	0.00422	0.00424
12	0.00633	0.00500	0.00571	0.00553	0.00696	0.00437	0.00415	0.00807	0.01244	0.01622	0.39032	0.04245	0.45228	0.01135	0.00580	0.00161	0.00241	0.00969	0.00495	0.00437
13	0.69485	0.00928	0.00805	0.00692	0.01011	0.01027	0.00570	0.01634	0.00950	0.17687	0.00934	0.00972	0.00668	0.00486	0.00342	0.00152	0.00388	0.00311	0.00365	0.00593
14	0.00731	0.00541	0.00661	0.00698	0.00789	0.00527	0.00493	0.06763	0.03931	0.01512	0.11767	0.53664	0.11788	0.02902	0.00637	0.00191	0.00302	0.01179	0.00467	0.00454
15	0.01250	0.00890	0.00999	0.00885	0.01127	0.00967	0.00681	0.04961	0.44977	0.13097	0.12037	0.05147	0.01934	0.07962	0.00690	0.00191	0.00382	0.00631	0.00501	0.00691
16	0.00928	0.00873	0.01474	0.81548	0.03385	0.01092	0.01365	0.01256	0.00983	0.01256	0.00873	0.01310	0.00655	0.00491	0.00491	0.00164	0.00655	0.00437	0.00218	0.00546
17	0.00794	0.00501	0.00621	0.00643	0.00751	0.00450	0.00455	0.00906	0.01054	0.10374	0.08348	0.42132	0.22421	0.07276	0.00734	0.00203	0.00302	0.01117	0.00468	0.00450
18	0.05661	0.01036	0.01705	0.43901	0.23775	0.02989	0.08906	0.01414	0.01051	0.03615	0.00916	0.01259	0.00706	0.00471	0.00488	0.00157	0.00637	0.00441	0.00244	0.00628
19	0.01309	0.00728	0.00917	0.00771	0.01005	0.00696	0.00609	0.10702	0.04304	0.25540	0.43937	0.02705	0.03039	0.00824	0.00540	0.00153	0.00331	0.00705	0.00554	0.00632
20	0.01020	0.00539	0.00724	0.00727	0.00854	0.00488	0.00525	0.01145	0.01100	0.21536	0.09253	0.54758	0.02850	0.01253	0.00589	0.00183	0.00315	0.01121	0.00503	0.00517
21	0.01269	0.00844	0.00959	0.00830	0.01078	0.00863	0.00649	0.19985	0.13837	0.14715	0.07804	0.14991	0.18258	0.00920	0.00539	0.00164	0.00374	0.00774	0.00502	0.00644

[dist]
# distance from previous block
# <min> <max>
0	2

[block]
# block no. 4 follows, 51 sequences, length 7
# corresponding to MSA columns:
# 576-582
name=unknown_E
#
# <colnr> <probs for GDERKNQSTAVLIFYWHMCP>
#	G	D	E	R	K	N	Q	S	T	A	V	L	I	F	Y	W	H	M	C	P
0	0.19294	0.01111	0.01490	0.14829	0.25678	0.05419	0.06386	0.05260	0.08636	0.01751	0.01063	0.05079	0.00887	0.00535	0.00461	0.00155	0.00550	0.00462	0.00300	0.00653
1	0.07524	0.05664	0.01365	0.04274	0.01456	0.01308	0.00841	0.43694	0.09009	0.04780	0.01155	0.01187	0.00852	0.00539	0.00449	0.00136	0.00487	0.00408	0.00424	0.14449
2	0.01101	0.50926	0.01823	0.00772	0.01063	0.03549	0.00698	0.01248	0.00995	0.01229	0.03840	0.10418	0.04874	0.04827	0.05952	0.00186	0.00521	0.00498	0.04930	0.00549
3	0.03243	0.26121	0.31721	0.02811	0.01636	0.03203	0.02688	0.05152	0.01073	0.05069	0.00912	0.01089	0.00724	0.00795	0.08286	0.00204	0.04002	0.00364	0.00251	0.00659
4	0.01149	0.25081	0.37761	0.01180	0.01706	0.04685	0.06693	0.01521	0.01102	0.04755	0.08963	0.01278	0.01072	0.00513	0.00443	0.00140	0.00619	0.00408	0.00264	0.00665
5	0.00603	0.00488	0.00540	0.00575	0.00706	0.00425	0.00429	0.00728	0.01082	0.01324	0.04270	0.21829	0.55959	0.01319	0.00600	0.00179	0.00275	0.07798	0.00456	0.00415
6	0.00646	0.00456	0.00596	0.00691	0.00727	0.00436	0.00477	0.00737	0.00930	0.01235	0.02499	0.58149	0.02944	0.15150	0.00949	0.00250	0.00341	0.11969	0.00429	0.00390

[dist]
# distance from previous block
# <min> <max>
2	3

[block]
# block no. 5 follows, 51 sequences, length 89
# corresponding to MSA columns:
# 586-594,606-685
name=unknown_F
#
# <colnr> <probs for GDERKNQSTAVLIFYWHMCP>
#	G	D	E	R	K	N	Q	S	T	A	V	L	I	F	Y	W	H	M	C	P
0	0.06368	0.17708	0.18396	0.01003	0.02700	0.08162	0.00967	0.06133	0.02401	0.01604	0.00854	0.00979	0.00686	0.00435	0.00392	0.00114	0.00536	0.00318	0.00269	0.29976
1	0.00986	0.02542	0.80183	0.01401	0.02127	0.01141	0.01816	0.01556	0.01038	0.01556	0.00882	0.01038	0.00623	0.00467	0.00467	0.00156	0.00726	0.00363	0.00208	0.00726
2	0.01032	0.00828	0.02030	0.00826	0.01044	0.00865	0.00649	0.07130	0.33270	0.03845	0.37713	0.02676	0.04387	0.00824	0.00537	0.00159	0.00330	0.00707	0.00516	0.00631
3	0.01331	0.01092	0.01218	0.04075	0.03189	0.01161	0.00811	0.21790	0.35878	0.02178	0.01454	0.01438	0.01097	0.00564	0.00465	0.00139	0.00437	0.00457	0.00432	0.20794
4	0.01003	0.00860	0.00903	0.00829	0.01066	0.00942	0.00640	0.01953	0.51588	0.01829	0.06319	0.02801	0.25514	0.00859	0.00528	0.00166	0.00339	0.00718	0.00488	0.00653
5	0.02629	0.00720	0.04922	0.07109	0.01124	0.00611	0.00658	0.02558	0.01174	0.14406	0.07071	0.07576	0.36231	0.01029	0.00561	0.00171	0.00368	0.10103	0.00451	0.00527
6	0.01301	0.33574	0.21668	0.02835	0.06426	0.03739	0.09244	0.03406	0.04081	0.08001	0.00953	0.01069	0.00737	0.00465	0.00425	0.00136	0.00610	0.00371	0.00268	0.00691
7	0.00777	0.00663	0.00996	0.25349	0.04088	0.00764	0.00830	0.00942	0.00929	0.01246	0.01814	0.42899	0.02030	0.04170	0.00765	0.00199	0.09788	0.00938	0.00344	0.00468
8	0.00599	0.00428	0.00570	0.00684	0.00713	0.00399	0.00456	0.00684	0.00941	0.01254	0.02709	0.82409	0.03250	0.01540	0.00627	0.00200	0.00285	0.01397	0.00456	0.00399
9	0.02636	0.04754	0.06246	0.28978	0.31535	0.02306	0.06005	0.03100	0.02368	0.03029	0.00997	0.04080	0.00821	0.00506	0.00487	0.00154	0.00611	0.00466	0.00257	0.00665
10	0.04702	0.04160	0.05665	0.08444	0.31976	0.11515	0.05883	0.07101	0.02322	0.11995	0.01050	0.01214	0.00797	0.00488	0.00475	0.00147	0.00614	0.00424	0.00312	0.00720
11	0.00899	0.03843	0.15460	0.00797	0.01069	0.00709	0.00739	0.03500	0.05646	0.07744	0.02895	0.19385	0.29237	0.05054	0.00640	0.00183	0.00396	0.00854	0.00410	0.00539
12	0.86201	0.00950	0.00722	0.00646	0.00950	0.01102	0.00532	0.01445	0.00836	0.02205	0.00684	0.00798	0.00532	0.00456	0.00304	0.00152	0.00380	0.00266	0.00304	0.00532
13	0.00715	0.00476	0.00536	0.00536	0.00536	0.00476	0.00298	0.00715	0.00715	0.00953	0.01548	0.03216	0.01787	0.82729	0.02501	0.00476	0.00476	0.00715	0.00298	0.00298
14	0.01834	0.01359	0.01456	0.01124	0.01511	0.01508	0.00926	0.74029	0.06362	0.03042	0.01223	0.01214	0.00871	0.00594	0.00492	0.00148	0.00533	0.00448	0.00492	0.00833
15	0.02914	0.43893	0.13196	0.00985	0.01450	0.01527	0.04343	0.10066	0.01159	0.01542	0.00812	0.00929	0.00672	0.00437	0.00376	0.00115	0.00540	0.00316	0.00258	0.14470
16	0.01775	0.01296	0.09971	0.01055	0.01459	0.01194	0.00939	0.43252	0.03185	0.23165	0.03355	0.02950	0.01075	0.00611	0.00491	0.00150	0.00507	0.00479	0.02293	0.00797
17	0.00638	0.00514	0.00577	0.00599	0.00749	0.00453	0.00475	0.00794	0.01144	0.01411	0.10410	0.04828	0.56159	0.01251	0.00603	0.00179	0.00294	0.18032	0.00462	0.00427
18	0.00667	0.00532	0.00604	0.00609	0.00744	0.00493	0.00447	0.00918	0.07795	0.01530	0.22250	0.20442	0.38783	0.01199	0.00583	0.00170	0.00264	0.01035	0.00481	0.00454
19	0.16096	0.35886	0.20373	0.02185	0.03386	0.01473	0.01037	0.04521	0.01023	0.01540	0.00827	0.03102	0.00705	0.00498	0.00429	0.00136	0.04129	0.00342	0.01679	0.00633
20	0.00986	0.00907	0.01483	0.75637	0.04614	0.01118	0.01343	0.05592	0.01060	0.01366	0.00892	0.01301	0.00667	0.00496	0.00491	0.00163	0.00647	0.00437	0.00234	0.00566
21	0.00715	0.00476	0.00536	0.00536	0.00536	0.00476	0.00298	0.00715	0.00715	0.00953	0.01548	0.03216	0.01787	0.82729	0.02501	0.00476	0.00476	0.00715	0.00298	0.00298
22	0.00699	0.00470	0.00541	0.00556	0.00559	0.00466	0.00319	0.00711	0.00745	0.00993	0.01702	0.13725	0.01981	0.71955	0.02253	0.00440	0.00451	0.00805	0.00319	0.00311
23	0.00945	0.00897	0.01540	0.71085	0.06890	0.01081	0.05073	0.01272	0.01012	0.01313	0.03637	0.01389	0.00805	0.00503	0.00499	0.00163	0.00645	0.00460	0.00232	0.00560
24	0.01019	0.00873	0.01019	0.00728	0.01165	0.00655	0.00582	0.01237	0.01019	0.01601	0.00873	0.01019	0.00728	0.00364	0.00364	0.00073	0.00364	0.00291	0.00291	0.85734
25	0.00715	0.00476	0.00536	0.00536	0.00536	0.00476	0.00298	0.00715	0.00715	0.00953	0.01548	0.03216	0.01787	0.82729	0.02501	0.00476	0.00476	0.00715	0.00298	0.00298
26	0.00686	0.00469	0.00566	0.00610	0.00627	0.00460	0.00384	0.00729	0.00815	0.01084	0.01980	0.27186	0.02308	0.51944	0.01795	0.00374	0.00417	0.06868	0.00358	0.00340
27	0.66888	0.00948	0.00833	0.00710	0.01032	0.01050	0.00585	0.05002	0.01007	0.16684	0.00939	0.00977	0.00673	0.00490	0.00348	0.00152	0.00394	0.00316	0.00369	0.00602
28	0.86201	0.00950	0.00722	0.00646	0.00950	0.01102	0.00532	0.01445	0.00836	0.02205	0.00684	0.00798	0.00532	0.00456	0.00304	0.00152	0.00380	0.00266	0.00304	0.00532
29	0.00591	0.00498	0.00512	0.00509	0.00670	0.00419	0.00381	0.00725	0.01144	0.01385	0.11590	0.04635	0.72817	0.01223	0.00581	0.00165	0.00247	0.01024	0.00464	0.00419
30	0.00715	0.00476	0.00536	0.00536	0.00536	0.00476	0.00298	0.00715	0.00715	0.00953	0.01548	0.03216	0.01787	0.82729	0.02501	0.00476	0.00476	0.00715	0.00298	0.00298
31	0.00739	0.00496	0.00556	0.00549	0.00557	0.00499	0.00311	0.02379	0.00749	0.00999	0.01540	0.03172	0.01766	0.80962	0.02458	0.00469	0.00478	0.00709	0.00302	0.00309
32	0.01355	0.76681	0.02482	0.00874	0.01282	0.08142	0.00849	0.01510	0.01030	0.01160	0.00689	0.00796	0.00631	0.00427	0.00325	0.00107	0.00554	0.00267	0.00214	0.00626
33	0.01082	0.00939	0.01377	0.38063	0.12452	0.01001	0.01094	0.02807	0.09547	0.04270	0.01046	0.01293	0.00805	0.00477	0.00460	0.00138	0.00534	0.00416	0.00289	0.21911
34	0.01234	0.15005	0.41172	0.03056	0.08298	0.05619	0.08121	0.01636	0.01102	0.08913	0.00957	0.01095	0.00705	0.00469	0.00456	0.00146	0.00670	0.00383	0.00255	0.00708
35	0.00599	0.00428	0.00570	0.00684	0.00713	0.00399	0.00456	0.00684	0.00941	0.01254	0.02709	0.82409	0.03250	0.01540	0.00627	0.00200	0.00285	0.01397	0.00456	0.00399
36	0.08448	0.15323	0.36196	0.08975	0.03095	0.01267	0.08728	0.01605	0.06182	0.04388	0.00955	0.01108	0.00713	0.00473	0.00444	0.00149	0.00631	0.00385	0.00256	0.00678
37	0.01222	0.01056	0.01111	0.01000	0.01278	0.01222	0.00778	0.02611	0.78776	0.02056	0.02000	0.01833	0.01500	0.00667	0.00500	0.00167	0.00389	0.00556	0.00500	0.00778
38	0.01490	0.01189	0.01262	0.01054	0.01380	0.01348	0.00843	0.33925	0.47026	0.02488	0.01660	0.01562	0.01224	0.00635	0.00497	0.00159	0.00452	0.00509	0.00497	0.00802
39	0.01868	0.01376	0.01475	0.01131	0.01524	0.01524	0.00934	0.78025	0.02311	0.03097	0.01180	0.01180	0.00836	0.00590	0.00492	0.00147	0.00541	0.00442	0.00492	0.00836
40	0.00952	0.00898	0.01517	0.75081	0.09667	0.01098	0.01377	0.01276	0.00994	0.01284	0.00878	0.01302	0.00665	0.00487	0.00491	0.00162	0.00649	0.00437	0.00220	0.00565
41	0.00599	0.00428	0.00570	0.00684	0.00713	0.00399	0.00456	0.00684	0.00941	0.01254	0.02709	0.82409	0.03250	0.01540	0.00627	0.00200	0.00285	0.01397	0.00456	0.00399
42	0.00711	0.00477	0.00546	0.00550	0.00554	0.00479	0.00314	0.00719	0.00724	0.00969	0.01577	0.05683	0.01813	0.77380	0.05188	0.00479	0.00500	0.00730	0.00302	0.00306
43	0.01374	0.43796	0.18763	0.01088	0.01537	0.19298	0.02649	0.03947	0.01138	0.01320	0.00764	0.00886	0.00638	0.00455	0.00387	0.00123	0.00655	0.00308	0.00229	0.00644
44	0.00701	0.00471	0.00540	0.00553	0.00556	0.00468	0.00316	0.00711	0.00741	0.00988	0.01682	0.12320	0.01955	0.73396	0.02286	0.00445	0.00454	0.00793	0.00316	0.00309
45	0.00648	0.00500	0.00591	0.00568	0.00705	0.00443	0.00426	0.00835	0.01279	0.01704	0.48595	0.04109	0.35613	0.01104	0.00580	0.00159	0.00239	0.00950	0.00506	0.00443
46	0.00723	0.00491	0.00576	0.00594	0.00618	0.00489	0.00380	0.00763	0.00795	0.01048	0.01827	0.03639	0.04419	0.67037	0.02147	0.00426	0.00465	0.12909	0.00328	0.00326
47	0.01146	0.01096	0.01868	0.22134	0.61095	0.01149	0.01473	0.01447	0.01086	0.01520	0.00912	0.01239	0.00748	0.00451	0.00488	0.00150	0.00601	0.00438	0.00237	0.00722
48	0.00915	0.00558	0.00672	0.09882	0.01008	0.00585	0.00558	0.03816	0.01100	0.01743	0.04222	0.02481	0.03582	0.00722	0.00433	0.00142	0.00326	0.12710	0.54065	0.00480
49	0.00599	0.00428	0.00570	0.00684	0.00713	0.00399	0.00456	0.00684	0.00941	0.01254	0.02709	0.82409	0.03250	0.01540	0.00627	0.00200	0.00285	0.01397	0.00456	0.00399
50	0.02205	0.00836	0.01140	0.00874	0.01254	0.00722	0.00722	0.02395	0.01407	0.80004	0.01939	0.01673	0.01216	0.00608	0.00494	0.00152	0.00418	0.00494	0.00608	0.00836
51	0.00701	0.00530	0.00659	0.00734	0.00804	0.00533	0.00508	0.01000	0.13488	0.01399	0.04220	0.67760	0.02998	0.01388	0.00606	0.00193	0.00301	0.01251	0.00465	0.00462
52	0.86201	0.00950	0.00722	0.00646	0.00950	0.01102	0.00532	0.01445	0.00836	0.02205	0.00684	0.00798	0.00532	0.00456	0.00304	0.00152	0.00380	0.00266	0.00304	0.00532
53	0.01328	0.47618	0.14331	0.01111	0.01577	0.03262	0.09423	0.11611	0.02851	0.01539	0.00843	0.00961	0.00687	0.00456	0.00397	0.00127	0.00596	0.00344	0.00258	0.00678
54	0.01836	0.02342	0.01393	0.01266	0.01519	0.80756	0.00950	0.01962	0.01393	0.01203	0.00760	0.00886	0.00633	0.00506	0.00443	0.00127	0.00886	0.00317	0.00253	0.00570
55	0.01355	0.00919	0.01011	0.00889	0.01160	0.01007	0.00698	0.02335	0.51915	0.16465	0.01925	0.01803	0.01409	0.00641	0.00474	0.00156	0.00369	0.00529	0.14205	0.00737
56	0.00598	0.00430	0.00568	0.00679	0.00711	0.00400	0.00454	0.00685	0.00946	0.01256	0.02770	0.80295	0.05324	0.01532	0.00626	0.00199	0.00284	0.01387	0.00456	0.00400
57	0.01019	0.00873	0.01019	0.00728	0.01165	0.00655	0.00582	0.01237	0.01019	0.01601	0.00873	0.01019	0.00728	0.00364	0.00364	0.00073	0.00364	0.00291	0.00291	0.85734
58	0.01891	0.01143	0.12687	0.01022	0.03188	0.00883	0.00915	0.09877	0.03917	0.54019	0.04144	0.01588	0.01199	0.00596	0.00493	0.00153	0.00472	0.00483	0.00524	0.00805
59	0.06285	0.07823	0.01651	0.07476	0.27451	0.13524	0.05537	0.01667	0.02854	0.12600	0.01171	0.01554	0.00965	0.00555	0.00478	0.00150	0.00595	0.06666	0.00319	0.00678
60	0.86201	0.00950	0.00722	0.00646	0.00950	0.01102	0.00532	0.01445	0.00836	0.02205	0.00684	0.00798	0.00532	0.00456	0.00304	0.00152	0.00380	0.00266	0.00304	0.00532
61	0.00581	0.00498	0.00498	0.00498	0.00664	0.00415	0.00373	0.00705	0.01120	0.01328	0.04978	0.04729	0.79464	0.01245	0.00581	0.00166	0.00249	0.01037	0.00456	0.00415
62	0.47632	0.01062	0.04441	0.00808	0.01153	0.01090	0.00694	0.16388	0.01245	0.16008	0.02359	0.01113	0.00804	0.00522	0.00387	0.00150	0.00427	0.00360	0.02710	0.00650
63	0.01995	0.01103	0.12934	0.00985	0.01420	0.00799	0.02984	0.02248	0.01345	0.66214	0.01756	0.01569	0.01115	0.00582	0.00492	0.00153	0.00475	0.00477	0.00539	0.00815
64	0.00599	0.00499	0.00523	0.00517	0.00675	0.00423	0.00388	0.00741	0.01164	0.01431	0.16967	0.04559	0.67411	0.01206	0.00581	0.00164	0.00246	0.01013	0.00470	0.00423
65	0.01363	0.00898	0.01079	0.00790	0.01211	0.00730	0.00640	0.06699	0.01200	0.20641	0.01151	0.01188	0.00853	0.00438	0.00404	0.00097	0.00389	0.00350	0.00381	0.59498
66	0.03059	0.08226	0.33329	0.01348	0.04754	0.16573	0.07202	0.07535	0.01252	0.10738	0.00995	0.01098	0.00724	0.00491	0.00462	0.00145	0.00687	0.00385	0.00291	0.00703
67	0.01161	0.01322	0.02882	0.02090	0.04122	0.01241	0.76340	0.01573	0.01159	0.01575	0.00993	0.01323	0.00746	0.00415	0.00578	0.00165	0.00824	0.00577	0.00248	0.00665
68	0.00603	0.00431	0.00575	0.00689	0.00720	0.00403	0.00464	0.00692	0.00945	0.01259	0.02706	0.80631	0.03241	0.01535	0.00628	0.00200	0.00289	0.03130	0.00456	0.00400
69	0.04639	0.00817	0.01106	0.03637	0.01286	0.00728	0.00723	0.02226	0.01354	0.70114	0.03201	0.05231	0.01323	0.00647	0.00496	0.00155	0.00416	0.00532	0.00578	0.00791
70	0.12236	0.11835	0.01317	0.02464	0.02671	0.01047	0.00759	0.12893	0.01368	0.40813	0.01491	0.02826	0.01070	0.02463	0.00499	0.00155	0.00453	0.02431	0.00473	0.00735
71	0.06816	0.01108	0.01710	0.25657	0.45224	0.02978	0.01351	0.06478	0.01145	0.01632	0.00907	0.01206	0.00727	0.00466	0.00475	0.00151	0.00595	0.00424	0.00257	0.00693
72	0.00599	0.00428	0.00570	0.00684	0.00713	0.00399	0.00456	0.00684	0.00941	0.01254	0.02709	0.82409	0.03250	0.01540	0.00627	0.00200	0.00285	0.01397	0.00456	0.00399
73	0.01115	0.00905	0.01035	0.00750	0.01179	0.02493	0.00600	0.01329	0.01053	0.06699	0.00940	0.01059	0.00758	0.00383	0.00374	0.00079	0.00379	0.00305	0.00311	0.78254
74	0.01614	0.03912	0.01392	0.01020	0.01406	0.01027	0.07887	0.23787	0.03786	0.24760	0.01411	0.05858	0.01063	0.00581	0.00476	0.00137	0.00476	0.00489	0.00450	0.18467
75	0.30007	0.22147	0.09226	0.02724	0.02714	0.14739	0.02875	0.04755	0.01065	0.01653	0.00784	0.00967	0.00652	0.03348	0.00446	0.00148	0.00568	0.00321	0.00266	0.00595
76	0.01821	0.01294	0.01396	0.01080	0.01455	0.01420	0.00889	0.68400	0.03939	0.06991	0.01260	0.01254	0.00893	0.00592	0.00484	0.00146	0.00515	0.00449	0.04907	0.00815
77	0.00635	0.00489	0.00580	0.00580	0.00703	0.00434	0.00426	0.00801	0.01214	0.01604	0.37908	0.16002	0.34489	0.01182	0.00587	0.00166	0.00247	0.01025	0.00494	0.00434
78	0.00781	0.00660	0.00918	0.24009	0.04275	0.02669	0.00764	0.00985	0.03077	0.01314	0.06994	0.36328	0.05134	0.07885	0.00728	0.00204	0.00433	0.02008	0.00369	0.00466
79	0.00618	0.00439	0.00578	0.00673	0.00705	0.00415	0.00450	0.00706	0.00941	0.01260	0.05966	0.69197	0.03142	0.09073	0.01863	0.00232	0.00317	0.02590	0.00443	0.00394
80	0.06066	0.03600	0.01377	0.04125	0.01549	0.71154	0.00939	0.01913	0.02617	0.01269	0.00779	0.00911	0.00643	0.00504	0.00437	0.00130	0.00838	0.00321	0.00258	0.00571
81	0.01755	0.01161	0.01293	0.01035	0.01391	0.01255	0.00841	0.38900	0.24508	0.20112	0.01591	0.01482	0.01116	0.00617	0.00495	0.00154	0.00469	0.00487	0.00520	0.00819
82	0.01043	0.00984	0.01636	0.46135	0.31884	0.01088	0.01361	0.01349	0.01037	0.01412	0.00893	0.01254	0.00707	0.00462	0.00480	0.00150	0.00607	0.00427	0.00233	0.06857
83	0.01057	0.00582	0.00773	0.00680	0.00859	0.00526	0.00526	0.01279	0.01395	0.20650	0.60861	0.03193	0.03818	0.00910	0.00559	0.00154	0.00276	0.00794	0.00557	0.00553
84	0.01380	0.03053	0.05401	0.00856	0.02263	0.00770	0.00707	0.05659	0.09189	0.29413	0.26553	0.05796	0.03498	0.00773	0.00519	0.00154	0.00372	0.00656	0.02321	0.00666
85	0.07389	0.01289	0.03453	0.03640	0.06059	0.04042	0.00940	0.48095	0.01878	0.16473	0.01236	0.01235	0.00862	0.00566	0.00477	0.00149	0.00531	0.00433	0.00462	0.00792
86	0.00672	0.00518	0.00617	0.00602	0.00733	0.00475	0.00447	0.00906	0.04675	0.01695	0.44295	0.11580	0.28740	0.01120	0.00581	0.00163	0.00250	0.00972	0.00503	0.00455
87	0.05641	0.40695	0.16656	0.04757	0.01498	0.05947	0.02380	0.04915	0.01110	0.01454	0.06838	0.01216	0.02660	0.00562	0.01696	0.00140	0.00573	0.00375	0.00262	0.00625
88	0.09566	0.00971	0.08576	0.07327	0.03120	0.00873	0.03640	0.12633	0.01148	0.03134	0.05038	0.08286	0.02717	0.15432	0.07446	0.00261	0.00554	0.00576	0.02288	0.06414

[dist]
# distance from previous block
# <min> <max>
1	11

[block]
# block no. 6 follows, 51 sequences, length 33
# corresponding to MSA columns:
# 697-729
name=unknown_G
#
# <colnr> <probs for GDERKNQSTAVLIFYWHMCP>
#	G	D	E	R	K	N	Q	S	T	A	V	L	I	F	Y	W	H	M	C	P
0	0.09556	0.01028	0.03231	0.12225	0.02367	0.03757	0.00825	0.19045	0.15960	0.03013	0.12953	0.05294	0.07275	0.00717	0.00497	0.00158	0.00451	0.00588	0.00422	0.00639
1	0.00715	0.00680	0.07756	0.00692	0.00857	0.00520	0.00584	0.00968	0.01331	0.01889	0.67583	0.08370	0.04191	0.00990	0.00573	0.00157	0.00279	0.00874	0.00506	0.00483
2	0.08680	0.01078	0.05382	0.29007	0.09449	0.04412	0.01063	0.01707	0.23630	0.01681	0.07892	0.01577	0.01239	0.00577	0.00481	0.00159	0.00524	0.00486	0.00339	0.00638
3	0.00667	0.07810	0.00753	0.00695	0.00763	0.00540	0.00491	0.00765	0.00965	0.01276	0.05786	0.71772	0.03075	0.01417	0.00597	0.00189	0.00304	0.01274	0.00438	0.00423
