[name]
unknown

[dist]
# distance from previous block
# <min> <max>
0	70

[block]
# block no. 0 follows, 45 sequences, length 22
# corresponding to MSA columns:
# 70-91
name=unknown_A
#
# <colnr> <probs for GDERKNQSTAVLIFYWHMCP>
#	G	D	E	R	K	N	Q	S	T	A	V	L	I	F	Y	W	H	M	C	P
0	0.15065	0.04295	0.01363	0.01012	0.01398	0.00992	0.08167	0.06605	0.03446	0.26281	0.07761	0.03297	0.01420	0.00640	0.00500	0.00155	0.00479	0.02248	0.00473	0.14403
1	0.04085	0.25453	0.05568	0.03701	0.01363	0.01271	0.00842	0.05681	0.07921	0.15995	0.03502	0.09458	0.01419	0.08027	0.00685	0.00187	0.00506	0.00572	0.00407	0.03359
2	0.06017	0.06898	0.01426	0.03565	0.01447	0.01255	0.00889	0.23985	0.04290	0.23077	0.01561	0.09292	0.01252	0.00794	0.00704	0.02143	0.09574	0.00580	0.00485	0.00767
3	0.19351	0.01130	0.01505	0.34678	0.02429	0.03118	0.06036	0.10181	0.04837	0.04330	0.01031	0.01305	0.00778	0.00579	0.00589	0.00177	0.06509	0.00452	0.00324	0.00660
4	0.04208	0.01520	0.01535	0.05024	0.01711	0.09212	0.00999	0.56370	0.02184	0.02908	0.01182	0.01237	0.00862	0.00604	0.00514	0.00153	0.00612	0.00449	0.00472	0.08244
5	0.10152	0.01909	0.01487	0.08204	0.01780	0.38208	0.01026	0.27028	0.01761	0.02128	0.00988	0.01108	0.00758	0.00577	0.00492	0.00152	0.00763	0.00398	0.00367	0.00714
6	0.01307	0.08481	0.01545	0.23808	0.05069	0.05047	0.01053	0.09168	0.18179	0.01848	0.01239	0.01399	0.00960	0.00552	0.00489	0.00148	0.00568	0.00450	0.00356	0.18333
7	0.01964	0.01001	0.04294	0.01029	0.02699	0.00881	0.00859	0.08785	0.05479	0.49729	0.06038	0.02369	0.03584	0.00778	0.00566	0.00175	0.00472	0.07871	0.00598	0.00830
8	0.17841	0.01013	0.01207	0.00944	0.01346	0.00980	0.00780	0.11898	0.01547	0.54292	0.01754	0.01578	0.01135	0.00631	0.00500	0.00165	0.00466	0.00486	0.00586	0.00851
9	0.00760	0.00549	0.00718	0.00675	0.00802	0.00506	0.00506	0.01013	0.01519	0.02153	0.77503	0.04010	0.05065	0.01097	0.00633	0.00169	0.00253	0.00971	0.00591	0.00506
10	0.01323	0.01309	0.02738	0.04485	0.02552	0.01235	0.60015	0.01732	0.01282	0.08458	0.01333	0.01901	0.01064	0.00568	0.00632	0.00186	0.00822	0.07323	0.00325	0.00716
11	0.09893	0.01070	0.01228	0.00970	0.01366	0.07741	0.00792	0.02480	0.01478	0.64459	0.01879	0.01664	0.01204	0.00639	0.00516	0.00164	0.00498	0.00500	0.00600	0.00857
12	0.01335	0.01153	0.01214	0.01092	0.01396	0.01335	0.00850	0.02852	0.76817	0.02245	0.02185	0.02003	0.01639	0.00728	0.00546	0.00182	0.00425	0.00607	0.00546	0.00850
13	0.02005	0.02558	0.01521	0.01383	0.01659	0.78980	0.01037	0.02143	0.01521	0.01314	0.00830	0.00968	0.00691	0.00553	0.00484	0.00138	0.00968	0.00346	0.00277	0.00622
14	0.01435	0.81458	0.02813	0.00918	0.01378	0.02124	0.00918	0.01607	0.01091	0.01263	0.00746	0.00861	0.00689	0.00459	0.00344	0.00115	0.00574	0.00287	0.00230	0.00689
15	0.01532	0.73471	0.02657	0.00922	0.01377	0.01992	0.00906	0.01707	0.01135	0.08888	0.00882	0.00957	0.00752	0.00480	0.00364	0.00120	0.00562	0.00312	0.00273	0.00711
16	0.02408	0.00914	0.01246	0.00955	0.01370	0.00789	0.00789	0.02616	0.01536	0.78158	0.02118	0.01827	0.01329	0.00664	0.00540	0.00166	0.00457	0.00540	0.00664	0.00914
17	0.01966	0.01270	0.01578	0.01221	0.01636	0.01328	0.07541	0.36214	0.14056	0.24928	0.01657	0.01575	0.01142	0.00647	0.00548	0.00168	0.00553	0.00533	0.00552	0.00886
18	0.02195	0.00945	0.01233	0.00961	0.01348	0.00864	0.00788	0.09752	0.03501	0.61932	0.08908	0.01977	0.01636	0.00703	0.00548	0.00166	0.00451	0.00575	0.00642	0.00875
19	0.02041	0.01504	0.01611	0.01235	0.01665	0.01665	0.01020	0.75997	0.02524	0.03383	0.01289	0.01289	0.00913	0.00644	0.00537	0.00161	0.00591	0.00483	0.00537	0.00913
20	0.01329	0.01275	0.02179	0.03295	0.77787	0.01275	0.01647	0.01647	0.01222	0.01754	0.01010	0.01329	0.00850	0.00478	0.00531	0.00159	0.00638	0.00478	0.00266	0.00850
21	0.00814	0.00508	0.00680	0.00766	0.00833	0.00468	0.00525	0.00918	0.01074	0.08369	0.02882	0.73589	0.03348	0.01589	0.00672	0.00213	0.00325	0.01436	0.00513	0.00480

[dist]
# distance from previous block
# <min> <max>
0	27

[block]
# block no. 1 follows, 45 sequences, length 49
# corresponding to MSA columns:
# 119-137,143-172
name=unknown_B
#
# <colnr> <probs for GDERKNQSTAVLIFYWHMCP>
#	G	D	E	R	K	N	Q	S	T	A	V	L	I	F	Y	W	H	M	C	P
0	0.02041	0.01504	0.01611	0.01235	0.01665	0.01665	0.01020	0.75997	0.02524	0.03383	0.01289	0.01289	0.00913	0.00644	0.00537	0.00161	0.00591	0.00483	0.00537	0.00913
1	0.01001	0.00500	0.00500	0.00500	0.00625	0.00500	0.00375	0.01251	0.01126	0.02001	0.01751	0.02001	0.01376	0.00625	0.00375	0.00125	0.00250	0.00500	0.84115	0.00500
2	0.00792	0.00587	0.00743	0.00697	0.00837	0.00558	0.00525	0.01123	0.06363	0.02133	0.70024	0.03922	0.07483	0.01083	0.00628	0.00170	0.00265	0.00953	0.00585	0.00527
3	0.01428	0.01492	0.02027	0.06999	0.46289	0.15250	0.07978	0.01838	0.08220	0.01695	0.01089	0.01342	0.00883	0.00516	0.00534	0.00161	0.00705	0.00480	0.00292	0.00784
4	0.01251	0.01175	0.01983	0.02965	0.67363	0.01173	0.01515	0.01549	0.01209	0.01717	0.01267	0.07288	0.01187	0.00629	0.00556	0.00169	0.00605	0.05304	0.00297	0.00798
5	0.81760	0.01047	0.00842	0.00804	0.03946	0.01207	0.00622	0.01581	0.00925	0.02384	0.00757	0.00889	0.00592	0.00498	0.00340	0.00166	0.00424	0.00298	0.00330	0.00592
6	0.00767	0.00575	0.00863	0.00863	0.00959	0.00671	0.00671	0.00959	0.00863	0.01246	0.01438	0.02109	0.01342	0.04026	0.79008	0.00863	0.01438	0.00575	0.00288	0.00479
7	0.00818	0.00595	0.00788	0.00871	0.00994	0.00578	0.00732	0.01032	0.01226	0.01592	0.09582	0.05574	0.13531	0.07101	0.00859	0.00251	0.00444	0.52464	0.00491	0.00478
8	0.01335	0.01324	0.02165	0.04858	0.60164	0.04359	0.08017	0.01696	0.04053	0.01722	0.01038	0.01346	0.00861	0.00510	0.00594	0.00165	0.04215	0.00491	0.00275	0.00812
9	0.01435	0.81458	0.02813	0.00918	0.01378	0.02124	0.00918	0.01607	0.01091	0.01263	0.00746	0.00861	0.00689	0.00459	0.00344	0.00115	0.00574	0.00287	0.00230	0.00689
10	0.01429	0.62750	0.11260	0.01022	0.01505	0.08357	0.01039	0.01652	0.01132	0.01336	0.00786	0.00911	0.00692	0.00470	0.00377	0.00122	0.00625	0.00306	0.00237	0.03992
11	0.00771	0.00561	0.00789	0.00789	0.00859	0.00631	0.00579	0.00911	0.00841	0.01191	0.01505	0.02483	0.01504	0.24571	0.58685	0.00771	0.01193	0.00630	0.00298	0.00438
12	0.00729	0.00547	0.00675	0.00643	0.00783	0.00493	0.00482	0.00953	0.01447	0.01980	0.59763	0.04294	0.22913	0.01162	0.00633	0.00172	0.00258	0.01011	0.00568	0.00493
13	0.01200	0.01214	0.01804	0.08069	0.09633	0.03072	0.06603	0.01383	0.00930	0.01377	0.00787	0.01227	0.00728	0.00816	0.01428	0.00217	0.58164	0.00481	0.00242	0.00626
14	0.00748	0.00571	0.00769	0.00825	0.00860	0.00614	0.00588	0.00850	0.00968	0.01321	0.02397	0.51481	0.02799	0.11083	0.09035	0.00322	0.09430	0.04464	0.00427	0.00447
15	0.00781	0.00520	0.00585	0.00585	0.00585	0.00520	0.00325	0.00781	0.00781	0.01041	0.01691	0.03513	0.01952	0.81135	0.02732	0.00520	0.00520	0.00781	0.00325	0.00325
16	0.00752	0.00548	0.00706	0.00667	0.00797	0.00503	0.00500	0.00997	0.01500	0.02107	0.72857	0.04084	0.09739	0.01114	0.00633	0.00170	0.00254	0.00981	0.00585	0.00503
17	0.01118	0.01056	0.01772	0.52334	0.27216	0.01200	0.01507	0.01459	0.01122	0.01508	0.00972	0.01386	0.00762	0.00513	0.00530	0.00169	0.00678	0.00471	0.00250	0.03978
18	0.01167	0.01006	0.01681	0.61191	0.16152	0.01178	0.01467	0.01507	0.01132	0.06901	0.01046	0.01442	0.00782	0.00536	0.00536	0.00175	0.00684	0.00482	0.00273	0.00662
19	0.01208	0.00990	0.01217	0.00904	0.01336	0.00830	0.04410	0.04832	0.07263	0.04719	0.01166	0.01391	0.00964	0.05653	0.00583	0.00128	0.00444	0.00403	0.00357	0.61201
20	0.00874	0.00682	0.00810	0.00774	0.00935	0.00691	0.00580	0.01399	0.19462	0.02017	0.43984	0.13639	0.09839	0.01106	0.00619	0.00179	0.00303	0.00969	0.00561	0.00575
21	0.01099	0.01041	0.01765	0.59037	0.23836	0.01215	0.01533	0.01446	0.01114	0.01475	0.00969	0.01403	0.00752	0.00521	0.00535	0.00174	0.00694	0.00477	0.00246	0.00665
22	0.01014	0.00954	0.01610	0.79845	0.03697	0.01193	0.01491	0.01371	0.01073	0.01371	0.00954	0.01431	0.00716	0.00537	0.00537	0.00179	0.00716	0.00477	0.00239	0.00596
23	0.02218	0.01218	0.01434	0.01100	0.01522	0.01241	0.00908	0.40512	0.02046	0.39542	0.01690	0.01549	0.01114	0.00654	0.00538	0.00164	0.00526	0.00511	0.00599	0.00913
24	0.01113	0.00954	0.01113	0.00795	0.01272	0.00716	0.00636	0.01352	0.01113	0.01749	0.00954	0.01113	0.00795	0.00398	0.00398	0.00080	0.00398	0.00318	0.00318	0.84417
25	0.00645	0.00532	0.00567	0.00583	0.00738	0.00454	0.00428	0.00782	0.01213	0.01483	0.09704	0.16683	0.61548	0.01392	0.00642	0.00186	0.00277	0.01183	0.00504	0.00454
26	0.00634	0.00544	0.00544	0.00544	0.00725	0.00453	0.00408	0.00770	0.01224	0.01450	0.05438	0.05166	0.77569	0.01359	0.00634	0.00181	0.00272	0.01133	0.00498	0.00453
27	0.02005	0.02558	0.01521	0.01383	0.01659	0.78980	0.01037	0.02143	0.01521	0.01314	0.00830	0.00968	0.00691	0.00553	0.00484	0.00138	0.00968	0.00346	0.00277	0.00622
28	0.01014	0.00954	0.01610	0.79845	0.03697	0.01193	0.01491	0.01371	0.01073	0.01371	0.00954	0.01431	0.00716	0.00537	0.00537	0.00179	0.00716	0.00477	0.00239	0.00596
29	0.84927	0.01038	0.00789	0.00706	0.01038	0.01204	0.00581	0.01578	0.00914	0.02408	0.00747	0.00872	0.00581	0.00498	0.00332	0.00166	0.00415	0.00291	0.00332	0.00581
30	0.00767	0.00575	0.00863	0.00863	0.00959	0.00671	0.00671	0.00959	0.00863	0.01246	0.01438	0.02109	0.01342	0.04026	0.79008	0.00863	0.01438	0.00575	0.00288	0.00479
31	0.00774	0.00546	0.00713	0.00713	0.00757	0.00589	0.00484	0.00862	0.00818	0.01135	0.01575	0.02869	0.01672	0.45761	0.37723	0.00677	0.00941	0.00686	0.00308	0.00396
32	0.02350	0.01006	0.01303	0.00999	0.01417	0.00927	0.00825	0.14166	0.01692	0.66388	0.01987	0.01742	0.01263	0.00661	0.00539	0.00165	0.00478	0.00531	0.00644	0.00913
33	0.01014	0.00954	0.01610	0.79845	0.03697	0.01193	0.01491	0.01371	0.01073	0.01371	0.00954	0.01431	0.00716	0.00537	0.00537	0.00179	0.00716	0.00477	0.00239	0.00596
34	0.00949	0.00540	0.00876	0.00812	0.00853	0.00536	0.05832	0.00780	0.00746	0.00999	0.00974	0.01677	0.00959	0.03778	0.03839	0.74327	0.00522	0.00488	0.00239	0.00276
35	0.02302	0.01007	0.01296	0.00996	0.01407	0.00934	0.00822	0.15306	0.01707	0.63235	0.03908	0.01790	0.01352	0.00672	0.00542	0.00165	0.00475	0.00541	0.00640	0.00903
36	0.01942	0.00897	0.01156	0.00927	0.01272	0.00836	0.00750	0.07516	0.07813	0.50362	0.18144	0.02269	0.02122	0.00761	0.00560	0.00168	0.00420	0.00633	0.00630	0.00821
37	0.00694	0.00495	0.00627	0.00707	0.00753	0.00467	0.00475	0.00789	0.01033	0.01371	0.07674	0.51950	0.08324	0.17476	0.01090	0.00274	0.00355	0.04556	0.00470	0.00422
38	0.01014	0.00954	0.01610	0.79845	0.03697	0.01193	0.01491	0.01371	0.01073	0.01371	0.00954	0.01431	0.00716	0.00537	0.00537	0.00179	0.00716	0.00477	0.00239	0.00596
39	0.01337	0.01242	0.02163	0.04353	0.63583	0.01234	0.08127	0.01661	0.01236	0.04604	0.01139	0.01570	0.00963	0.00529	0.00550	0.00166	0.00649	0.03782	0.00291	0.00821
40	0.00684	0.00491	0.00650	0.00766	0.00814	0.00462	0.00537	0.00796	0.01055	0.01395	0.03004	0.66299	0.06253	0.03742	0.00744	0.00228	0.00339	0.10805	0.00493	0.00441
41	0.00681	0.00487	0.00652	0.00765	0.00811	0.00458	0.00533	0.00800	0.01082	0.01448	0.08253	0.68421	0.03616	0.01622	0.00687	0.00217	0.00324	0.08194	0.00505	0.00446
42	0.01109	0.00990	0.01182	0.04232	0.04676	0.08728	0.02489	0.04036	0.06452	0.03000	0.01497	0.08377	0.01456	0.12107	0.22998	0.00423	0.11952	0.03393	0.00340	0.00563
43	0.01247	0.01438	0.04808	0.07805	0.05698	0.01340	0.65978	0.01692	0.01248	0.01696	0.01071	0.01435	0.00806	0.00461	0.00620	0.00180	0.00879	0.00611	0.00268	0.00721
44	0.00781	0.00520	0.00585	0.00585	0.00585	0.00520	0.00325	0.00781	0.00781	0.01041	0.01691	0.03513	0.01952	0.81135	0.02732	0.00520	0.00520	0.00781	0.00325	0.00325
45	0.00654	0.00467	0.00623	0.00747	0.00779	0.00436	0.00498	0.00747	0.01028	0.01370	0.02959	0.80785	0.03550	0.01682	0.00685	0.00218	0.00311	0.01526	0.00498	0.00436
46	0.03278	0.33982	0.05312	0.01354	0.11021	0.15506	0.01055	0.07350	0.06201	0.07070	0.01077	0.02667	0.00886	0.00551	0.00447	0.00141	0.00637	0.00403	0.00324	0.00737
47	0.01433	0.00824	0.00995	0.00840	0.01096	0.00828	0.03440	0.13077	0.06882	0.17405	0.05593	0.05156	0.04404	0.00794	0.01999	0.00167	0.00407	0.00606	0.33377	0.00675
48	0.25727	0.08604	0.25897	0.03303	0.06549	0.01215	0.02443	0.03127	0.01118	0.06806	0.01109	0.06775	0.00921	0.00592	0.00458	0.00163	0.00578	0.00456	0.00319	0.03842

[dist]
# distance from previous block
# <min> <max>
2	10

[block]
# block no. 2 follows, 45 sequences, length 47
# corresponding to MSA columns:
# 187-208,211-235
name=unknown_C
#
# <colnr> <probs for GDERKNQSTAVLIFYWHMCP>
#	G	D	E	R	K	N	Q	S	T	A	V	L	I	F	Y	W	H	M	C	P
0	0.11370	0.01103	0.03475	0.01422	0.15290	0.03445	0.05282	0.03591	0.15881	0.04576	0.07786	0.05252	0.09182	0.00766	0.00562	0.00171	0.01960	0.03356	0.00417	0.05114
1	0.01226	0.01159	0.01901	0.17925	0.47592	0.01161	0.03318	0.01542	0.01175	0.01677	0.00991	0.01313	0.00813	0.00475	0.00511	0.00150	0.00617	0.00453	0.00270	0.15731
2	0.01254	0.01179	0.01972	0.04391	0.65594	0.01182	0.01491	0.01588	0.02682	0.01804	0.10314	0.01669	0.01374	0.00559	0.00544	0.00161	0.00589	0.00540	0.00310	0.00804
3	0.01267	0.01448	0.03167	0.02262	0.02805	0.01357	0.75837	0.01719	0.01267	0.01719	0.01086	0.01448	0.00814	0.00452	0.00633	0.00181	0.00905	0.00633	0.00271	0.00724
4	0.00663	0.00545	0.00583	0.00574	0.00742	0.00465	0.00430	0.00825	0.01290	0.01609	0.21740	0.04904	0.61168	0.01300	0.00634	0.00178	0.00268	0.01096	0.00519	0.00465
5	0.00674	0.00483	0.00641	0.00734	0.00783	0.00449	0.00500	0.00798	0.01121	0.01519	0.17171	0.66147	0.03839	0.01570	0.00675	0.00209	0.00300	0.01420	0.00516	0.00449
6	0.02041	0.01504	0.01611	0.01235	0.01665	0.01665	0.01020	0.75997	0.02524	0.03383	0.01289	0.01289	0.00913	0.00644	0.00537	0.00161	0.00591	0.00483	0.00537	0.00913
7	0.00656	0.00470	0.00620	0.00740	0.00773	0.00438	0.00493	0.00749	0.01026	0.01365	0.02981	0.77609	0.05004	0.03378	0.00728	0.00224	0.00315	0.01502	0.00495	0.00434
8	0.84927	0.01038	0.00789	0.00706	0.01038	0.01204	0.00581	0.01578	0.00914	0.02408	0.00747	0.00872	0.00581	0.00498	0.00332	0.00166	0.00415	0.00291	0.00332	0.00581
9	0.02408	0.00914	0.01246	0.00955	0.01370	0.00789	0.00789	0.02616	0.01536	0.78158	0.02118	0.01827	0.01329	0.00664	0.00540	0.00166	0.00457	0.00540	0.00664	0.00914
10	0.84927	0.01038	0.00789	0.00706	0.01038	0.01204	0.00581	0.01578	0.00914	0.02408	0.00747	0.00872	0.00581	0.00498	0.00332	0.00166	0.00415	0.00291	0.00332	0.00581
11	0.00781	0.00520	0.00585	0.00585	0.00585	0.00520	0.00325	0.00781	0.00781	0.01041	0.01691	0.03513	0.01952	0.81135	0.02732	0.00520	0.00520	0.00781	0.00325	0.00325
12	0.01435	0.81458	0.02813	0.00918	0.01378	0.02124	0.00918	0.01607	0.01091	0.01263	0.00746	0.00861	0.00689	0.00459	0.00344	0.00115	0.00574	0.00287	0.00230	0.00689
13	0.01335	0.01153	0.01214	0.01092	0.01396	0.01335	0.00850	0.02852	0.76817	0.02245	0.02185	0.02003	0.01639	0.00728	0.00546	0.00182	0.00425	0.00607	0.00546	0.00850
14	0.01215	0.01001	0.01098	0.01032	0.01282	0.01129	0.00802	0.02384	0.57395	0.03495	0.02356	0.13233	0.02041	0.00934	0.00585	0.00193	0.00417	0.08114	0.00537	0.00758
15	0.00772	0.00553	0.00752	0.00752	0.00810	0.00611	0.00533	0.00887	0.00830	0.01164	0.01539	0.02669	0.01585	0.34818	0.48549	0.00726	0.01071	0.00657	0.00303	0.00418
16	0.00799	0.00514	0.00599	0.00599	0.00599	0.00514	0.00342	0.00771	0.00771	0.01028	0.01599	0.03284	0.01828	0.71515	0.02655	0.10698	0.00514	0.00742	0.00314	0.00314
17	0.01292	0.01485	0.03112	0.02233	0.02767	0.03980	0.73310	0.01734	0.01276	0.01706	0.01077	0.01432	0.00810	0.00456	0.00628	0.00180	0.00907	0.00624	0.00272	0.00721
18	0.00654	0.00467	0.00623	0.00747	0.00779	0.00436	0.00498	0.00747	0.01028	0.01370	0.02959	0.80785	0.03550	0.01682	0.00685	0.00218	0.00311	0.01526	0.00498	0.00436
19	0.01140	0.01210	0.02281	0.01760	0.04203	0.04962	0.46272	0.01497	0.01312	0.01762	0.17464	0.08288	0.01982	0.00717	0.00630	0.00180	0.00706	0.02622	0.00363	0.00648
20	0.01403	0.50165	0.10615	0.01179	0.01661	0.03003	0.12173	0.01671	0.01181	0.06230	0.05379	0.01223	0.01002	0.00515	0.00436	0.00137	0.00627	0.00407	0.00285	0.00707
21	0.01099	0.07619	0.73705	0.01492	0.02265	0.01301	0.01918	0.01694	0.01131	0.01673	0.00950	0.01117	0.00681	0.00507	0.00500	0.00167	0.00780	0.00390	0.00227	0.00787
22	0.74055	0.01224	0.09201	0.02490	0.01234	0.01209	0.00753	0.01587	0.00941	0.02310	0.00775	0.00912	0.00595	0.00500	0.00356	0.00167	0.00463	0.00306	0.00319	0.00605
23	0.01374	0.01217	0.01576	0.03500	0.29292	0.11086	0.05438	0.01701	0.06429	0.10918	0.02176	0.04673	0.16808	0.00746	0.00559	0.00167	0.00576	0.00654	0.00390	0.00721
24	0.05974	0.00958	0.01230	0.00941	0.01360	0.00850	0.00774	0.06690	0.01514	0.61092	0.01866	0.01666	0.01206	0.00623	0.00513	0.00155	0.00455	0.00498	0.00600	0.11032
25	0.01034	0.00881	0.01021	0.00758	0.01178	0.00672	0.00601	0.01261	0.01150	0.01736	0.05958	0.01774	0.10361	0.00555	0.00440	0.00097	0.00374	0.00455	0.00356	0.69338
26	0.01342	0.10102	0.01535	0.01153	0.01334	0.04912	0.00957	0.14079	0.01217	0.05308	0.01079	0.01452	0.00946	0.03075	0.20040	0.00359	0.29667	0.00481	0.00323	0.00640
27	0.00759	0.00605	0.00886	0.10514	0.05664	0.00604	0.02031	0.00919	0.01092	0.01450	0.06291	0.54034	0.07837	0.01395	0.00653	0.00205	0.00391	0.03724	0.00453	0.00491
28	0.00768	0.00569	0.00833	0.00833	0.00918	0.00655	0.00634	0.00939	0.00854	0.01224	0.01465	0.02261	0.01408	0.12371	0.70753	0.00826	0.01339	0.00597	0.00292	0.00463
29	0.00750	0.00553	0.00711	0.00684	0.00816	0.00513	0.00520	0.00986	0.01438	0.01997	0.61388	0.04161	0.13587	0.01289	0.04388	0.00207	0.00324	0.04629	0.00560	0.00498
30	0.01077	0.02777	0.78354	0.01530	0.02323	0.01247	0.01983	0.01700	0.01133	0.01700	0.00963	0.01133	0.00680	0.00510	0.00510	0.00170	0.00793	0.00397	0.00227	0.00793
31	0.00677	0.00485	0.00644	0.00732	0.00784	0.00451	0.00500	0.00805	0.01135	0.01541	0.19251	0.64005	0.03881	0.01554	0.00674	0.00207	0.00299	0.01405	0.00519	0.00451
32	0.01435	0.81458	0.02813	0.00918	0.01378	0.02124	0.00918	0.01607	0.01091	0.01263	0.00746	0.00861	0.00689	0.00459	0.00344	0.00115	0.00574	0.00287	0.00230	0.00689
33	0.00791	0.00532	0.00619	0.00634	0.00649	0.00532	0.00391	0.00821	0.00836	0.01109	0.01831	0.03821	0.02090	0.71468	0.02491	0.00487	0.00517	0.09688	0.00346	0.00346
34	0.01237	0.01079	0.01737	0.02330	0.47119	0.01029	0.03933	0.01506	0.01210	0.06139	0.01645	0.09440	0.07796	0.00673	0.00543	0.00159	0.00544	0.00627	0.00338	0.10916
35	0.01100	0.02615	0.69229	0.01619	0.02382	0.01260	0.10946	0.01702	0.01150	0.01702	0.00978	0.01171	0.00696	0.00503	0.00525	0.00171	0.00807	0.00425	0.00232	0.00785
36	0.00760	0.00549	0.00718	0.00675	0.00802	0.00506	0.00506	0.01013	0.01519	0.02153	0.77503	0.04010	0.05065	0.01097	0.00633	0.00169	0.00253	0.00971	0.00591	0.00506
37	0.01295	0.01074	0.01127	0.01021	0.01302	0.01234	0.00792	0.02658	0.67631	0.02216	0.02132	0.02003	0.01607	0.00716	0.00525	0.00175	0.00404	0.00594	0.10688	0.00807
38	0.01783	0.01322	0.01498	0.02923	0.06023	0.01447	0.01016	0.57315	0.02192	0.02962	0.01477	0.01908	0.01192	0.00733	0.00553	0.00170	0.00567	0.09427	0.04659	0.00831
39	0.01277	0.01436	0.11386	0.08153	0.63719	0.01266	0.01678	0.01635	0.01202	0.01722	0.01000	0.01312	0.00821	0.00486	0.00529	0.00162	0.00662	0.00468	0.00259	0.00827
40	0.01329	0.01275	0.02179	0.03295	0.77787	0.01275	0.01647	0.01647	0.01222	0.01754	0.01010	0.01329	0.00850	0.00478	0.00531	0.00159	0.00638	0.00478	0.00266	0.00850
41	0.02235	0.00922	0.01225	0.00969	0.01360	0.00831	0.00798	0.02566	0.08508	0.67451	0.02159	0.02046	0.01442	0.00709	0.00550	0.00171	0.00456	0.04069	0.00645	0.00888
42	0.13460	0.00960	0.01168	0.00955	0.01321	0.00932	0.00791	0.07957	0.06641	0.48555	0.01949	0.02124	0.01406	0.00733	0.00533	0.00176	0.00463	0.08475	0.00583	0.00818
43	0.00751	0.00528	0.00645	0.00680	0.00794	0.00471	0.00485	0.00893	0.01205	0.05214	0.17546	0.38845	0.27124	0.01423	0.00652	0.00195	0.00295	0.01251	0.00523	0.00477
44	0.00656	0.00545	0.00574	0.00566	0.00738	0.00462	0.00425	0.00812	0.01274	0.01570	0.17785	0.04968	0.65147	0.01315	0.00634	0.00179	0.00269	0.01105	0.00514	0.00462
45	0.01586	0.04193	0.42718	0.01353	0.01957	0.11694	0.03363	0.02012	0.01300	0.22849	0.01263	0.01304	0.00865	0.00556	0.00514	0.00163	0.00721	0.00433	0.00356	0.00799
46	0.01455	0.01226	0.01438	0.10745	0.01714	0.04832	0.01030	0.16779	0.23743	0.05837	0.01405	0.01569	0.01097	0.02397	0.03054	0.00213	0.19790	0.00521	0.00414	0.00741

[dist]
# distance from previous block
# <min> <max>
0	1

[block]
# block no. 3 follows, 45 sequences, length 6
# corresponding to MSA columns:
# 237-242
name=unknown_D
#
# <colnr> <probs for GDERKNQSTAVLIFYWHMCP>
#	G	D	E	R	K	N	Q	S	T	A	V	L	I	F	Y	W	H	M	C	P
0	0.04030	0.03379	0.08610	0.01412	0.10601	0.13310	0.02544	0.24226	0.03124	0.04181	0.01397	0.08048	0.03415	0.00674	0.00519	0.00156	0.00615	0.00542	0.00395	0.08822
1	0.01271	0.05435	0.28021	0.01652	0.02206	0.01232	0.30763	0.01714	0.01248	0.09083	0.08179	0.01579	0.01202	0.00569	0.00608	0.00174	0.03451	0.00554	0.00321	0.00739
2	0.00715	0.00511	0.00693	0.00817	0.00875	0.00488	0.00604	0.00853	0.01088	0.01438	0.02925	0.59249	0.03417	0.01624	0.00701	0.00226	0.00364	0.22461	0.00497	0.00453
3	0.01169	0.00915	0.01457	0.25776	0.25019	0.00970	0.01177	0.01454	0.01205	0.08402	0.08465	0.09504	0.01611	0.00728	0.00551	0.00172	0.00542	0.02791	0.07426	0.00666
4	0.01446	0.22285	0.20794	0.15788	0.02158	0.10169	0.04545	0.08594	0.01316	0.06677	0.01002	0.01174	0.00760	0.00527	0.00479	0.00153	0.00706	0.00405	0.00295	0.00727
5	0.01150	0.01081	0.01759	0.07616	0.49902	0.01127	0.01345	0.01410	0.01153	0.01614	0.01600	0.11712	0.07643	0.00750	0.00669	0.00177	0.07595	0.00665	0.00310	0.00724

[dist]
# distance from previous block
# <min> <max>
3	8

[block]
# block no. 4 follows, 45 sequences, length 33
# corresponding to MSA columns:
# 303-335
name=unknown_E
#
# <colnr> <probs for GDERKNQSTAVLIFYWHMCP>
#	G	D	E	R	K	N	Q	S	T	A	V	L	I	F	Y	W	H	M	C	P
0	0.02001	0.00918	0.01191	0.00907	0.01322	0.00779	0.00741	0.04256	0.01457	0.54004	0.04423	0.01797	0.03101	0.00633	0.00512	0.00146	0.00436	0.00515	0.00574	0.20287
1	0.10746	0.01379	0.05719	0.01182	0.01580	0.01412	0.05364	0.46741	0.04500	0.02838	0.08166	0.01553	0.01280	0.00809	0.04136	0.00197	0.00604	0.00519	0.00476	0.00800
2	0.00714	0.00610	0.00677	0.00649	0.00791	0.00592	0.00489	0.00842	0.01157	0.01437	0.08830	0.04515	0.58127	0.08496	0.00946	0.00217	0.08969	0.01020	0.00460	0.00459
3	0.01803	0.14456	0.01775	0.01165	0.01572	0.01548	0.05340	0.46889	0.01998	0.07889	0.01309	0.03000	0.00990	0.00710	0.02480	0.00172	0.00594	0.00489	0.04999	0.00822
4	0.01064	0.00953	0.01405	0.20897	0.10407	0.00946	0.06499	0.05265	0.03199	0.01707	0.05541	0.06203	0.12899	0.00715	0.00539	0.00155	0.00521	0.00635	0.00357	0.20094
5	0.05900	0.09694	0.55199	0.01330	0.02003	0.01248	0.01615	0.01782	0.01172	0.11655	0.01186	0.01278	0.02550	0.00545	0.00492	0.00164	0.00696	0.00416	0.00296	0.00780
6	0.01428	0.01363	0.07024	0.11185	0.52716	0.04980	0.01530	0.01750	0.01249	0.09986	0.01112	0.01363	0.00869	0.00511	0.00529	0.00162	0.00653	0.00473	0.00304	0.00815
7	0.84927	0.01038	0.00789	0.00706	0.01038	0.01204	0.00581	0.01578	0.00914	0.02408	0.00747	0.00872	0.00581	0.00498	0.00332	0.00166	0.00415	0.00291	0.00332	0.00581
8	0.01082	0.02491	0.65044	0.10085	0.02504	0.01248	0.06816	0.01666	0.01136	0.01666	0.00970	0.01186	0.00693	0.00509	0.00521	0.00172	0.00792	0.00421	0.00231	0.00767
9	0.00755	0.00539	0.00683	0.00653	0.00776	0.00492	0.00483	0.00933	0.01374	0.01887	0.55553	0.03970	0.18332	0.01230	0.00792	0.09318	0.00280	0.00947	0.00535	0.00467
10	0.00865	0.00694	0.00883	0.06777	0.01138	0.00743	0.00672	0.06130	0.04872	0.01620	0.09329	0.38316	0.14632	0.02511	0.00775	0.00205	0.07740	0.01111	0.00465	0.00522
11	0.26675	0.01365	0.01367	0.01078	0.01478	0.01528	0.00890	0.53879	0.02045	0.03093	0.01128	0.01165	0.00814	0.00601	0.00476	0.00163	0.00539	0.00426	0.00476	0.00814
12	0.10585	0.37264	0.16176	0.01062	0.01545	0.05039	0.01073	0.06201	0.05949	0.09035	0.01043	0.01106	0.00810	0.00524	0.00423	0.00143	0.00595	0.00366	0.00322	0.00738
13	0.01395	0.01293	0.01637	0.01376	0.01495	0.10616	0.06236	0.01550	0.01026	0.09692	0.00986	0.03462	0.00873	0.00844	0.01338	0.00209	0.52591	0.00504	0.02249	0.00630
14	0.00767	0.00575	0.00863	0.00863	0.00959	0.00671	0.00671	0.00959	0.00863	0.01246	0.01438	0.02109	0.01342	0.04026	0.79008	0.00863	0.01438	0.00575	0.00288	0.00479
15	0.01369	0.01324	0.02039	0.12507	0.59968	0.05863	0.01558	0.05745	0.01293	0.01771	0.01008	0.01318	0.00828	0.00499	0.00530	0.00161	0.00664	0.00471	0.00278	0.00809
16	0.00654	0.00467	0.00623	0.00747	0.00779	0.00436	0.00498	0.00747	0.01028	0.01370	0.02959	0.80785	0.03550	0.01682	0.00685	0.00218	0.00311	0.01526	0.00498	0.00436
17	0.00878	0.00536	0.00692	0.00728	0.00809	0.00497	0.00497	0.00985	0.01096	0.09737	0.10678	0.48218	0.05107	0.15706	0.01028	0.00260	0.00357	0.01216	0.00495	0.00476
18	0.01386	0.01002	0.01180	0.00860	0.01324	0.00818	0.00695	0.08770	0.01310	0.12716	0.01151	0.01231	0.00882	0.00459	0.00431	0.00100	0.00425	0.00365	0.00388	0.64506
19	0.01380	0.00675	0.00869	0.00745	0.00981	0.00604	0.00585	0.01607	0.01453	0.29760	0.34875	0.03059	0.09086	0.00902	0.00567	0.00163	0.00328	0.00769	0.10941	0.00650
20	0.01435	0.81458	0.02813	0.00918	0.01378	0.02124	0.00918	0.01607	0.01091	0.01263	0.00746	0.00861	0.00689	0.00459	0.00344	0.00115	0.00574	0.00287	0.00230	0.00689
21	0.00651	0.00479	0.00611	0.00717	0.00771	0.00439	0.00485	0.00751	0.01057	0.01382	0.03327	0.69545	0.14553	0.01634	0.00678	0.00213	0.00306	0.01468	0.00498	0.00439
22	0.01036	0.00968	0.01583	0.74450	0.03539	0.01202	0.01447	0.01473	0.06262	0.01431	0.01038	0.01470	0.00779	0.00550	0.00537	0.00179	0.00696	0.00486	0.00260	0.00614
23	0.01577	0.55891	0.06189	0.01060	0.01502	0.14702	0.01002	0.09780	0.01319	0.01523	0.00830	0.00939	0.00713	0.00497	0.00397	0.00126	0.00652	0.00323	0.00271	0.00707
24	0.00715	0.00583	0.00638	0.00626	0.00793	0.00526	0.00468	0.00973	0.06465	0.01676	0.23141	0.08832	0.50110	0.01268	0.00631	0.00180	0.00280	0.01078	0.00525	0.00493
25	0.10476	0.04375	0.11506	0.01550	0.09588	0.05631	0.18039	0.06070	0.01270	0.07090	0.01050	0.01230	0.00800	0.00495	0.00513	0.00149	0.01814	0.00440	0.00322	0.17592
26	0.01387	0.01389	0.02146	0.09358	0.31044	0.07949	0.19258	0.07660	0.07412	0.01829	0.01157	0.01486	0.00930	0.00549	0.00586	0.00170	0.02495	0.02113	0.00314	0.00769
27	0.00665	0.00476	0.00633	0.00740	0.00781	0.00444	0.00499	0.00776	0.01081	0.01455	0.11055	0.72446	0.03715	0.01618	0.00679	0.00213	0.00305	0.01466	0.00508	0.00444
28	0.01396	0.44375	0.07598	0.06240	0.01577	0.15701	0.00999	0.01644	0.02864	0.01432	0.09235	0.01374	0.02432	0.00575	0.00435	0.00136	0.00627	0.00413	0.00289	0.00658
29	0.01621	0.36912	0.13077	0.01100	0.01570	0.02896	0.01083	0.17720	0.01467	0.11556	0.01139	0.01299	0.00898	0.00580	0.00483	0.00147	0.02450	0.02871	0.00360	0.00771
30	0.01096	0.00627	0.00794	0.00720	0.00920	0.00557	0.00558	0.01303	0.01421	0.18857	0.37612	0.07433	0.21327	0.01103	0.00619	0.00176	0.00314	0.03405	0.00578	0.00581
31	0.00691	0.00528	0.00587	0.00619	0.00748	0.00469	0.00452	0.00830	0.01165	0.01489	0.07588	0.21053	0.44628	0.05775	0.00750	0.00207	0.00305	0.05445	0.06221	0.00451
32	0.11776	0.05566	0.08547	0.06265	0.09723	0.02998	0.03536	0.16807	0.08701	0.13762	0.03069	0.01422	0.01034	0.00606	0.00554	0.00167	0.03795	0.00474	0.00415	0.00782

[dist]
# distance from previous block
# <min> <max>
0	1

[block]
# block no. 5 follows, 45 sequences, length 62
# corresponding to MSA columns:
# 339-375,379-403
name=unknown_F
#
# <colnr> <probs for GDERKNQSTAVLIFYWHMCP>
#	G	D	E	R	K	N	Q	S	T	A	V	L	I	F	Y	W	H	M	C	P
0	0.02366	0.00923	0.01244	0.00960	0.01371	0.00810	0.00791	0.02625	0.04503	0.75167	0.02120	0.01834	0.01341	0.00667	0.00540	0.00167	0.00456	0.00542	0.00660	0.00911
1	0.20169	0.11237	0.14498	0.01211	0.01623	0.16243	0.10353	0.01730	0.01175	0.04913	0.00991	0.01161	0.00771	0.00535	0.00494	0.00156	0.03525	0.00398	0.08154	0.00662
2	0.00744	0.00532	0.00710	0.00820	0.00890	0.00513	0.00623	0.00891	0.01095	0.01438	0.02902	0.43293	0.05853	0.07821	0.00865	0.00252	0.00397	0.29426	0.00483	0.00450
3	0.01435	0.81458	0.02813	0.00918	0.01378	0.02124	0.00918	0.01607	0.01091	0.01263	0.00746	0.00861	0.00689	0.00459	0.00344	0.00115	0.00574	0.00287	0.00230	0.00689
4	0.01168	0.00931	0.01098	0.02075	0.01283	0.00743	0.00656	0.03660	0.02437	0.05009	0.01175	0.05964	0.01014	0.00507	0.00429	0.00098	0.00402	0.00417	0.02549	0.68383
5	0.11601	0.01421	0.01531	0.02787	0.04838	0.01578	0.01001	0.61151	0.03892	0.03137	0.01227	0.01261	0.00884	0.00620	0.00513	0.00162	0.00571	0.00463	0.00496	0.00864
6	0.00933	0.00555	0.00755	0.03182	0.00962	0.00518	0.00578	0.01064	0.01138	0.12690	0.07352	0.60700	0.03223	0.01458	0.00657	0.00207	0.00345	0.02648	0.00520	0.00516
7	0.01113	0.00954	0.01113	0.00795	0.01272	0.00716	0.00636	0.01352	0.01113	0.01749	0.00954	0.01113	0.00795	0.00398	0.00398	0.00080	0.00398	0.00318	0.00318	0.84417
8	0.01335	0.01153	0.01214	0.01092	0.01396	0.01335	0.00850	0.02852	0.76817	0.02245	0.02185	0.02003	0.01639	0.00728	0.00546	0.00182	0.00425	0.00607	0.00546	0.00850
9	0.00749	0.00507	0.00595	0.00626	0.00634	0.00499	0.00369	0.00772	0.00842	0.01123	0.02009	0.22859	0.02352	0.61243	0.02220	0.00445	0.00468	0.00967	0.00369	0.00353
10	0.00647	0.00544	0.00561	0.00557	0.00733	0.00459	0.00418	0.00795	0.01254	0.01522	0.12766	0.05048	0.70197	0.01333	0.00634	0.00180	0.00270	0.01116	0.00508	0.00459
11	0.00643	0.00525	0.00568	0.00598	0.00740	0.00450	0.00433	0.00771	0.01182	0.01449	0.06706	0.24068	0.57137	0.01433	0.00647	0.00190	0.00281	0.01227	0.00501	0.00450
12	0.02393	0.00938	0.01261	0.00967	0.01382	0.00825	0.00799	0.05654	0.01577	0.75063	0.02083	0.01805	0.01312	0.00664	0.00540	0.00166	0.00462	0.00537	0.00659	0.00913
13	0.01077	0.02777	0.78354	0.01530	0.02323	0.01247	0.01983	0.01700	0.01133	0.01700	0.00963	0.01133	0.00680	0.00510	0.00510	0.00170	0.00793	0.00397	0.00227	0.00793
14	0.01001	0.00500	0.00500	0.00500	0.00625	0.00500	0.00375	0.01251	0.01126	0.02001	0.01751	0.02001	0.01376	0.00625	0.00375	0.00125	0.00250	0.00500	0.84115	0.00500
15	0.00760	0.00549	0.00718	0.00675	0.00802	0.00506	0.00506	0.01013	0.01519	0.02153	0.77503	0.04010	0.05065	0.01097	0.00633	0.00169	0.00253	0.00971	0.00591	0.00506
16	0.00654	0.00467	0.00623	0.00747	0.00779	0.00436	0.00498	0.00747	0.01028	0.01370	0.02959	0.80785	0.03550	0.01682	0.00685	0.00218	0.00311	0.01526	0.00498	0.00436
17	0.00647	0.00544	0.00561	0.00557	0.00733	0.00459	0.00418	0.00795	0.01254	0.01522	0.12766	0.05048	0.70197	0.01333	0.00634	0.00180	0.00270	0.01116	0.00508	0.00459
18	0.00767	0.00575	0.00863	0.00863	0.00959	0.00671	0.00671	0.00959	0.00863	0.01246	0.01438	0.02109	0.01342	0.04026	0.79008	0.00863	0.01438	0.00575	0.00288	0.00479
19	0.00663	0.00475	0.00632	0.00755	0.00793	0.00444	0.00513	0.00764	0.01040	0.01382	0.02996	0.76111	0.04809	0.01667	0.00687	0.00219	0.00319	0.04792	0.00498	0.00439
20	0.01372	0.61144	0.20584	0.01063	0.01600	0.01888	0.01167	0.01651	0.01111	0.03054	0.00828	0.00946	0.00701	0.00476	0.00388	0.00129	0.00623	0.00318	0.00238	0.00718
21	0.01183	0.00952	0.01172	0.08843	0.01525	0.00769	0.00732	0.01431	0.01135	0.06405	0.01026	0.01189	0.00820	0.00428	0.00420	0.00095	0.00434	0.00348	0.00331	0.70764
22	0.01365	0.41352	0.20324	0.01245	0.06298	0.05333	0.01200	0.01810	0.10088	0.03214	0.01109	0.01199	0.02319	0.00531	0.00435	0.00142	0.00622	0.00387	0.00286	0.00740
23	0.01889	0.06444	0.09413	0.01193	0.01647	0.01511	0.01066	0.53148	0.02150	0.10734	0.04524	0.01417	0.01093	0.00641	0.00527	0.00160	0.00582	0.00489	0.00502	0.00870
24	0.01794	0.01370	0.01460	0.01173	0.01556	0.01534	0.00952	0.51205	0.25953	0.02992	0.01582	0.01530	0.01153	0.00670	0.00536	0.00167	0.00531	0.00523	0.02434	0.00884
25	0.04814	0.13241	0.06479	0.46709	0.02809	0.02643	0.04999	0.03145	0.03110	0.01536	0.00998	0.01336	0.00770	0.00530	0.00493	0.00165	0.00666	0.00446	0.04476	0.00637
26	0.05385	0.09655	0.01596	0.04346	0.01592	0.01164	0.05726	0.13123	0.03558	0.44014	0.01649	0.01555	0.01105	0.00622	0.00544	0.00163	0.02332	0.00498	0.00530	0.00842
27	0.00649	0.00525	0.00578	0.00606	0.00745	0.00453	0.00439	0.00784	0.01197	0.01485	0.10516	0.24272	0.53035	0.01421	0.00647	0.00190	0.00280	0.01220	0.00506	0.00453
28	0.00737	0.00536	0.00693	0.00678	0.00794	0.00493	0.00499	0.00959	0.01429	0.01995	0.62138	0.15346	0.09297	0.01199	0.00641	0.00177	0.00263	0.01062	0.00572	0.00493
29	0.31159	0.01140	0.01313	0.22224	0.06153	0.04656	0.02416	0.11271	0.01289	0.10217	0.01147	0.01313	0.02462	0.00565	0.00466	0.00168	0.00566	0.00430	0.00365	0.00680
30	0.00966	0.00566	0.00950	0.00858	0.00913	0.00557	0.08130	0.00803	0.00757	0.01012	0.00948	0.01613	0.00920	0.01721	0.01949	0.75821	0.00511	0.00483	0.00237	0.00283
31	0.03974	0.00897	0.01155	0.00931	0.01286	0.00827	0.00752	0.05681	0.06603	0.56868	0.02123	0.09829	0.01542	0.00766	0.00543	0.00170	0.00436	0.00635	0.04147	0.00836
32	0.07163	0.01366	0.01482	0.01145	0.01559	0.01481	0.00945	0.58957	0.02248	0.14280	0.01388	0.01358	0.00964	0.00638	0.00521	0.00161	0.00553	0.00480	0.02427	0.00883
33	0.01419	0.09481	0.12573	0.08079	0.37288	0.01325	0.07260	0.05084	0.01280	0.09508	0.01104	0.01321	0.00850	0.00509	0.00519	0.00160	0.00659	0.00466	0.00308	0.00807
34	0.01307	0.01131	0.01581	0.02011	0.33814	0.01204	0.01189	0.02116	0.32972	0.04287	0.01765	0.02216	0.01475	0.00714	0.00564	0.00180	0.00525	0.09718	0.00424	0.00808
35	0.00759	0.00516	0.00587	0.00599	0.00614	0.00508	0.00348	0.00777	0.00833	0.01099	0.02050	0.11471	0.06759	0.68155	0.02395	0.00469	0.00484	0.00878	0.00353	0.00344
36	0.01837	0.01443	0.04799	0.01304	0.06302	0.01460	0.01038	0.54554	0.03384	0.05806	0.01260	0.01294	0.00911	0.00598	0.00518	0.00151	0.00569	0.00462	0.00484	0.11827
37	0.01398	0.01265	0.01244	0.01117	0.01421	0.07199	0.00867	0.04113	0.69801	0.02196	0.02066	0.01912	0.01554	0.00714	0.00541	0.00178	0.00469	0.00585	0.00526	0.00834
38	0.07397	0.01027	0.01280	0.00990	0.01401	0.00975	0.00817	0.15251	0.02896	0.59332	0.01891	0.01678	0.01216	0.00652	0.00527	0.00165	0.00477	0.00516	0.00620	0.00892
39	0.00937	0.00597	0.00713	0.00659	0.00848	0.00521	0.00503	0.01127	0.01374	0.12749	0.32051	0.06548	0.37019	0.01170	0.00622	0.00176	0.00293	0.00998	0.00557	0.00539
40	0.00789	0.00530	0.00614	0.00626	0.00639	0.00530	0.00380	0.00814	0.00827	0.01098	0.01808	0.03771	0.02067	0.73036	0.02530	0.00493	0.00518	0.08243	0.00342	0.00342
41	0.00765	0.00519	0.00609	0.00615	0.00637	0.00510	0.00370	0.00812	0.00916	0.01240	0.13092	0.11444	0.02577	0.61156	0.02212	0.00437	0.00459	0.00885	0.00382	0.00363
42	0.00808	0.00556	0.00707	0.00764	0.00854	0.00530	0.00535	0.02921	0.04350	0.05004	0.10576	0.59368	0.08002	0.01489	0.00660	0.00205	0.00322	0.01335	0.00518	0.00496
43	0.00767	0.00575	0.00863	0.00863	0.00959	0.00671	0.00671	0.00959	0.00863	0.01246	0.01438	0.02109	0.01342	0.04026	0.79008	0.00863	0.01438	0.00575	0.00288	0.00479
44	0.01077	0.02777	0.78354	0.01530	0.02323	0.01247	0.01983	0.01700	0.01133	0.01700	0.00963	0.01133	0.00680	0.00510	0.00510	0.00170	0.00793	0.00397	0.00227	0.00793
45	0.01267	0.01448	0.03167	0.02262	0.02805	0.01357	0.75837	0.01719	0.01267	0.01719	0.01086	0.01448	0.00814	0.00452	0.00633	0.00181	0.00905	0.00633	0.00271	0.00724
46	0.00659	0.00545	0.00578	0.00569	0.00740	0.00464	0.00427	0.00818	0.01281	0.01587	0.19526	0.04940	0.63395	0.01308	0.00634	0.00179	0.00268	0.01101	0.00517	0.00464
47	0.01061	0.01030	0.01473	0.16466	0.01750	0.01372	0.01123	0.01225	0.00921	0.01327	0.01333	0.06414	0.08089	0.00946	0.01354	0.00218	0.52459	0.00597	0.00276	0.00567
48	0.04846	0.00912	0.01053	0.00787	0.01215	0.00711	0.00621	0.01305	0.01096	0.01743	0.01133	0.08576	0.01044	0.00523	0.00422	0.00096	0.00390	0.00430	0.00336	0.72762
49	0.01439	0.63971	0.06054	0.01207	0.08606	0.06757	0.01047	0.01642	0.01127	0.01332	0.00785	0.00930	0.00704	0.00478	0.00405	0.00125	0.02133	0.00317	0.00236	0.00703
50	0.01426	0.73925	0.02663	0.00935	0.01379	0.02050	0.00912	0.01724	0.08194	0.01355	0.00881	0.00968	0.00778	0.00484	0.00363	0.00121	0.00560	0.00317	0.00259	0.00704
51	0.02244	0.00872	0.01187	0.00936	0.01315	0.00756	0.00762	0.02441	0.01489	0.70955	0.02197	0.09234	0.01537	0.00760	0.00553	0.00171	0.00443	0.00632	0.00649	0.00869
52	0.00769	0.00515	0.00589	0.00601	0.00604	0.00512	0.00341	0.00778	0.00804	0.01072	0.01810	0.10761	0.02102	0.73682	0.02540	0.00492	0.00501	0.00851	0.00341	0.00336
53	0.84927	0.01038	0.00789	0.00706	0.01038	0.01204	0.00581	0.01578	0.00914	0.02408	0.00747	0.00872	0.00581	0.00498	0.00332	0.00166	0.00415	0.00291	0.00332	0.00581
54	0.02754	0.01649	0.19158	0.01986	0.10034	0.01316	0.37712	0.01765	0.08283	0.01748	0.01167	0.03135	0.00915	0.00550	0.00649	0.00180	0.05394	0.00567	0.00291	0.00747
55	0.01844	0.01816	0.03380	0.02535	0.03086	0.01648	0.69043	0.02096	0.01624	0.02254	0.01669	0.02240	0.01376	0.00854	0.00876	0.00288	0.01066	0.00808	0.00477	0.01020
56	0.00855	0.00611	0.00851	0.00959	0.01083	0.00607	0.00831	0.01103	0.01262	0.01658	0.09846	0.05863	0.03275	0.01447	0.00731	0.00240	0.00472	0.67307	0.00503	0.00495
57	0.08556	0.00583	0.00594	0.00610	0.00781	0.00529	0.00459	0.00860	0.01167	0.01536	0.04514	0.15686	0.56058	0.01331	0.00619	0.00188	0.00302	0.04680	0.00483	0.00465
58	0.01087	0.00965	0.01498	0.46661	0.13254	0.01108	0.01277	0.08298	0.01239	0.01623	0.01560	0.09822	0.06806	0.00731	0.00561	0.00180	0.00615	0.01762	0.00320	0.00633
59	0.01911	0.02365	0.01425	0.01300	0.01562	0.71618	0.00975	0.02060	0.01484	0.01378	0.00916	0.01065	0.00756	0.00560	0.00474	0.00137	0.00901	0.00360	0.08141	0.00611
60	0.00664	0.00475	0.00632	0.00741	0.00781	0.00443	0.00499	0.00772	0.01074	0.01444	0.09951	0.73583	0.03692	0.01627	0.00680	0.00213	0.00306	0.01474	0.00507	0.00443
61	0.01193	0.02523	0.63498	0.01569	0.02302	0.01300	0.08813	0.09256	0.01287	0.01873	0.01008	0.01179	0.00716	0.00518	0.00524	0.00170	0.00783	0.00428	0.00262	0.00799

[dist]
# distance from previous block
# <min> <max>
0	42

[block]
# block no. 6 follows, 45 sequences, length 17
# corresponding to MSA columns:
# 448-464
name=unknown_G
#
# <colnr> <probs for GDERKNQSTAVLIFYWHMCP>
#	G	D	E	R	K	N	Q	S	T	A	V	L	I	F	Y	W	H	M	C	P
0	0.01734	0.01265	0.01386	0.01122	0.01466	0.01386	0.00913	0.57844	0.02173	0.02933	0.01595	0.11078	0.01375	0.00901	0.02612	0.00189	0.00560	0.04548	0.04117	0.00805
1	0.01014	0.00954	0.01610	0.79845	0.03697	0.01193	0.01491	0.01371	0.01073	0.01371	0.00954	0.01431	0.00716	0.00537	0.00537	0.00179	0.00716	0.00477	0.00239	0.00596
2	0.84927	0.01038	0.00789	0.00706	0.01038	0.01204	0.00581	0.01578	0.00914	0.02408	0.00747	0.00872	0.00581	0.00498	0.00332	0.00166	0.00415	0.00291	0.00332	0.00581
3	0.01001	0.00500	0.00500	0.00500	0.00625	0.00500	0.00375	0.01251	0.01126	0.02001	0.01751	0.02001	0.01376	0.00625	0.00375	0.00125	0.00250	0.00500	0.84115	0.00500
4	0.15787	0.00971	0.01110	0.00838	0.01271	0.00845	0.00681	0.03726	0.01239	0.24134	0.01266	0.01284	0.00917	0.00499	0.00431	0.00122	0.00423	0.00382	0.00427	0.43645
5	0.00654	0.00467	0.00623	0.00747	0.00779	0.00436	0.00498	0.00747	0.01028	0.01370	0.02959	0.80785	0.03550	0.01682	0.00685	0.00218	0.00311	0.01526	0.00498	0.00436
6	0.00654	0.00467	0.00623	0.00747	0.00779	0.00436	0.00498	0.00747	0.01028	0.01370	0.02959	0.80785	0.03550	0.01682	0.00685	0.00218	0.00311	0.01526	0.00498	0.00436
7	0.73446	0.01077	0.00887	0.00767	0.01112	0.01230	0.00632	0.08745	0.01094	0.05759	0.00858	0.00953	0.00645	0.00519	0.00361	0.00166	0.00434	0.00320	0.00366	0.00627
8	0.00635	0.00540	0.00547	0.00553	0.00727	0.00452	0.00412	0.00769	0.01215	0.01446	0.05326	0.08584	0.74223	0.01374	0.00637	0.00183	0.00274	0.01151	0.00498	0.00452
9	0.01225	0.08409	0.05436	0.01085	0.01274	0.18171	0.00911	0.01418	0.01065	0.01386	0.01106	0.01493	0.00980	0.01726	0.25509	0.00385	0.17126	0.00459	0.10265	0.00570
10	0.01999	0.17266	0.03554	0.00932	0.01317	0.01034	0.00809	0.02158	0.01335	0.51293	0.01667	0.01589	0.01134	0.00762	0.00685	0.10201	0.00491	0.00476	0.00513	0.00784
11	0.01399	0.10758	0.01434	0.01082	0.01414	0.01454	0.00871	0.08133	0.62269	0.02213	0.01947	0.01814	0.01471	0.00690	0.00521	0.00172	0.00455	0.00560	0.00508	0.00835
12	0.01104	0.00925	0.01084	0.00796	0.01230	0.00724	0.00634	0.03970	0.01212	0.01855	0.10097	0.01465	0.01309	0.00490	0.00431	0.00093	0.00387	0.00402	0.00358	0.71434
13	0.01366	0.10745	0.01443	0.01138	0.03572	0.01436	0.00885	0.04640	0.63635	0.02145	0.01956	0.01828	0.01483	0.00687	0.00521	0.00173	0.00453	0.00562	0.00500	0.00832
14	0.00729	0.00769	0.09921	0.00843	0.00989	0.00548	0.00683	0.00893	0.01045	0.01430	0.02613	0.67028	0.03061	0.01473	0.00649	0.00205	0.00374	0.01327	0.00456	0.04965
