[name]
unknown

[dist]
# distance from previous block
# <min> <max>
0	1

[block]
# block no. 0 follows, 49 sequences, length 14
# corresponding to MSA columns:
# 8-21
name=unknown_A
#
# <colnr> <probs for GDERKNQSTAVLIFYWHMCP>
#	G	D	E	R	K	N	Q	S	T	A	V	L	I	F	Y	W	H	M	C	P
0	0.00808	0.00577	0.00805	0.00910	0.01027	0.00574	0.00790	0.01041	0.01183	0.01551	0.08187	0.05565	0.03045	0.01371	0.00691	0.00227	0.00449	0.70260	0.00472	0.00466
1	0.63908	0.00950	0.00848	0.00717	0.01054	0.01028	0.00590	0.01669	0.00989	0.17673	0.00974	0.01015	0.00701	0.00495	0.00356	0.00151	0.00398	0.00322	0.00375	0.05785
2	0.00617	0.00503	0.00549	0.00581	0.00720	0.00435	0.00432	0.00745	0.01117	0.01362	0.04478	0.20345	0.58256	0.01350	0.00614	0.00182	0.00279	0.06541	0.00469	0.00426
3	0.00735	0.00490	0.00552	0.00552	0.00552	0.00490	0.00306	0.00735	0.00735	0.00980	0.01593	0.03309	0.01838	0.82229	0.02574	0.00490	0.00490	0.00735	0.00306	0.00306
4	0.01276	0.02188	0.59232	0.01375	0.02037	0.01094	0.06244	0.01775	0.01151	0.17179	0.01132	0.01217	0.00771	0.00506	0.00493	0.00160	0.00690	0.00414	0.00299	0.00766
5	0.01147	0.00914	0.01071	0.00771	0.01216	0.00708	0.00619	0.03894	0.01116	0.06095	0.00971	0.01092	0.00781	0.00396	0.00386	0.00082	0.00384	0.00317	0.00325	0.77713
6	0.00805	0.00634	0.00853	0.00809	0.00844	0.00758	0.00594	0.00897	0.00773	0.01103	0.01314	0.02352	0.01379	0.35310	0.32722	0.00562	0.17002	0.00601	0.00275	0.00412
7	0.00968	0.00912	0.01541	0.77491	0.06901	0.01127	0.01411	0.01304	0.01017	0.01308	0.00901	0.01344	0.00680	0.00503	0.00505	0.00168	0.00671	0.00449	0.00226	0.00573
8	0.01966	0.01200	0.16855	0.00999	0.01453	0.00821	0.00959	0.02241	0.01371	0.61252	0.04354	0.01659	0.01247	0.00610	0.00506	0.00157	0.00487	0.00495	0.00541	0.00825
9	0.00609	0.00486	0.00546	0.00587	0.00704	0.00423	0.00419	0.00728	0.01098	0.01367	0.07457	0.32740	0.48296	0.01380	0.00615	0.00183	0.00269	0.01195	0.00473	0.00423
10	0.85801	0.00978	0.00743	0.00665	0.00978	0.01134	0.00548	0.01486	0.00861	0.02269	0.00704	0.00821	0.00548	0.00469	0.00313	0.00156	0.00391	0.00274	0.00313	0.00548
11	0.00713	0.00518	0.00749	0.00773	0.00852	0.00579	0.00585	0.00878	0.00857	0.01235	0.01657	0.17975	0.01682	0.03181	0.60067	0.00654	0.01083	0.00717	0.04800	0.00444
12	0.00649	0.00538	0.00572	0.00559	0.00724	0.00472	0.00421	0.00855	0.04488	0.01530	0.19740	0.04522	0.60745	0.01206	0.00594	0.00168	0.00259	0.01016	0.00489	0.00453
13	0.01422	0.01370	0.01223	0.01091	0.01379	0.17075	0.00845	0.06775	0.58521	0.02000	0.01755	0.01654	0.01326	0.00649	0.00502	0.00162	0.00511	0.00516	0.00463	0.00761

[dist]
# distance from previous block
# <min> <max>
0	2

[block]
# block no. 1 follows, 49 sequences, length 41
# corresponding to MSA columns:
# 24-64
name=unknown_B
#
# <colnr> <probs for GDERKNQSTAVLIFYWHMCP>
#	G	D	E	R	K	N	Q	S	T	A	V	L	I	F	Y	W	H	M	C	P
0	0.11569	0.20281	0.07940	0.01036	0.01442	0.02590	0.00936	0.30724	0.14806	0.02274	0.01149	0.01174	0.00871	0.00552	0.00440	0.00146	0.00526	0.00402	0.00390	0.00751
1	0.33767	0.01299	0.01138	0.00958	0.01287	0.11662	0.00771	0.22849	0.12162	0.05561	0.01101	0.01136	0.00821	0.00555	0.00440	0.00153	0.01563	0.00385	0.00399	0.01992
2	0.00822	0.00594	0.00745	0.00693	0.00838	0.00579	0.00524	0.01202	0.10829	0.04112	0.65776	0.05083	0.04252	0.00991	0.00585	0.00161	0.00265	0.00872	0.00552	0.00526
3	0.01075	0.00898	0.01051	0.00752	0.01200	0.00676	0.00602	0.01299	0.01057	0.03347	0.00923	0.01063	0.00760	0.00380	0.00377	0.00077	0.00376	0.00304	0.00307	0.83475
4	0.00733	0.00494	0.00569	0.00563	0.00580	0.00488	0.00330	0.00766	0.00833	0.01127	0.12389	0.03375	0.02248	0.70877	0.02297	0.00444	0.00455	0.00760	0.00341	0.00330
5	0.01780	0.01248	0.01373	0.01069	0.01433	0.01352	0.00877	0.60946	0.02174	0.08882	0.12122	0.01611	0.01437	0.00668	0.00519	0.00153	0.00502	0.00524	0.00522	0.00806
6	0.00710	0.00514	0.00669	0.00635	0.00753	0.00474	0.00474	0.00941	0.01410	0.01988	0.74538	0.06151	0.06728	0.01057	0.00598	0.00161	0.00241	0.00934	0.00552	0.00474
7	0.01210	0.01374	0.02668	0.13101	0.02683	0.06884	0.61198	0.01602	0.01185	0.01547	0.00988	0.01330	0.00746	0.00444	0.00574	0.00167	0.00832	0.00557	0.00252	0.00658
8	0.00988	0.00933	0.01577	0.72305	0.11932	0.01132	0.01421	0.01321	0.01027	0.01332	0.00905	0.01337	0.00688	0.00499	0.00505	0.00166	0.00666	0.00450	0.00228	0.00588
9	0.00776	0.00614	0.00884	0.21806	0.01505	0.00661	0.00748	0.04780	0.01056	0.01393	0.02209	0.54822	0.02507	0.01247	0.00603	0.00194	0.00411	0.02904	0.00407	0.00475
10	0.85801	0.00978	0.00743	0.00665	0.00978	0.01134	0.00548	0.01486	0.00861	0.02269	0.00704	0.00821	0.00548	0.00469	0.00313	0.00156	0.00391	0.00274	0.00313	0.00548
11	0.01286	0.01079	0.01280	0.01097	0.01400	0.01207	0.06969	0.04592	0.62701	0.05325	0.05865	0.01915	0.01614	0.00678	0.00525	0.00170	0.00434	0.00585	0.00500	0.00778
12	0.01042	0.09080	0.73384	0.01395	0.02117	0.01241	0.01787	0.01594	0.01064	0.01568	0.00891	0.01047	0.00641	0.00477	0.00468	0.00156	0.00731	0.00365	0.00214	0.00739
13	0.01356	0.01156	0.01174	0.01029	0.01318	0.05549	0.00806	0.12951	0.56060	0.03320	0.08077	0.01890	0.01656	0.00693	0.00517	0.00165	0.00437	0.00569	0.00504	0.00772
14	0.00726	0.00499	0.00611	0.00617	0.00638	0.00517	0.00387	0.00771	0.00764	0.01039	0.01601	0.07028	0.01789	0.60803	0.19613	0.00547	0.00671	0.00728	0.00307	0.00344
15	0.00929	0.00564	0.00740	0.00671	0.00828	0.00512	0.00512	0.01156	0.01420	0.12822	0.65200	0.04831	0.05851	0.00991	0.00585	0.00160	0.00267	0.00870	0.00563	0.00529
16	0.01371	0.01128	0.01196	0.01045	0.01350	0.01291	0.00822	0.13127	0.66025	0.03817	0.01939	0.01789	0.01442	0.00674	0.00513	0.00168	0.00423	0.00554	0.00516	0.00810
17	0.00716	0.00517	0.00676	0.00636	0.00755	0.00477	0.00477	0.00954	0.01431	0.02028	0.78808	0.03777	0.04771	0.01034	0.00596	0.00159	0.00239	0.00914	0.00557	0.00477
18	0.01899	0.01392	0.01495	0.01153	0.01552	0.01539	0.00950	0.72693	0.05732	0.04535	0.01266	0.01253	0.00898	0.00611	0.00506	0.00153	0.00547	0.00461	0.00508	0.00857
19	0.00920	0.00564	0.00728	0.00660	0.00823	0.00509	0.00505	0.01141	0.01404	0.12779	0.60346	0.03604	0.12045	0.01003	0.00584	0.00160	0.00267	0.00874	0.00557	0.00525
20	0.71751	0.01009	0.02886	0.11919	0.01359	0.01134	0.00701	0.01462	0.00887	0.02115	0.00737	0.00901	0.00568	0.00475	0.00344	0.00158	0.00440	0.00301	0.00298	0.00555
21	0.01292	0.12623	0.02110	0.02716	0.64968	0.04608	0.01432	0.01566	0.01146	0.01570	0.00909	0.01176	0.00773	0.00451	0.00474	0.00143	0.00605	0.00420	0.00246	0.00771
22	0.15080	0.00910	0.01127	0.00879	0.01258	0.00850	0.00725	0.06540	0.01410	0.63274	0.01753	0.01554	0.01121	0.00601	0.00478	0.00156	0.00431	0.00469	0.00571	0.00812
23	0.00778	0.00475	0.00583	0.00583	0.00583	0.00475	0.00346	0.00713	0.00713	0.00950	0.01380	0.02781	0.01552	0.58253	0.02396	0.25754	0.00475	0.00647	0.00281	0.00281
24	0.01120	0.01226	0.02550	0.01874	0.02280	0.01213	0.59591	0.01483	0.01102	0.01521	0.01037	0.01428	0.00827	0.00939	0.11826	0.00265	0.08253	0.00575	0.00255	0.00638
25	0.00655	0.00534	0.00618	0.04661	0.00850	0.00479	0.00467	0.00831	0.01238	0.01583	0.29457	0.04324	0.50191	0.01159	0.00593	0.00167	0.00272	0.00985	0.00486	0.00451
26	0.00704	0.00518	0.00747	0.00768	0.00839	0.00578	0.00571	0.00851	0.00833	0.01177	0.01637	0.16618	0.01697	0.10899	0.58348	0.00672	0.01079	0.00723	0.00310	0.00430
27	0.01719	0.20043	0.01752	0.01352	0.07774	0.56504	0.00999	0.01870	0.01320	0.01261	0.00778	0.00917	0.00663	0.00496	0.00430	0.00127	0.00805	0.00324	0.00250	0.00617
28	0.00943	0.00471	0.00471	0.00471	0.00589	0.00471	0.00353	0.01178	0.01060	0.01885	0.01650	0.01885	0.01296	0.00589	0.00353	0.00118	0.00236	0.00471	0.85036	0.00471
29	0.08824	0.01008	0.02470	0.01227	0.12186	0.00940	0.00882	0.10883	0.01460	0.52362	0.01638	0.01515	0.01077	0.00584	0.00491	0.00155	0.00470	0.00473	0.00528	0.00825
30	0.01265	0.01233	0.02023	0.04582	0.75214	0.03618	0.01531	0.01561	0.01157	0.01632	0.00945	0.01243	0.00794	0.00454	0.00499	0.00150	0.00612	0.00447	0.00250	0.00790
31	0.00616	0.00440	0.00587	0.00704	0.00733	0.00411	0.00469	0.00704	0.00968	0.01291	0.02787	0.81899	0.03344	0.01584	0.00645	0.00205	0.00293	0.01438	0.00469	0.00411
32	0.01480	0.01547	0.01416	0.01267	0.03875	0.27693	0.07060	0.07775	0.34311	0.01804	0.01487	0.05531	0.01200	0.00643	0.00507	0.00157	0.00621	0.00523	0.00397	0.00704
33	0.00616	0.00440	0.00587	0.00704	0.00733	0.00411	0.00469	0.00704	0.00968	0.01291	0.02787	0.81899	0.03344	0.01584	0.00645	0.00205	0.00293	0.01438	0.00469	0.00411
34	0.01012	0.00677	0.02475	0.00742	0.00932	0.00619	0.00591	0.02968	0.07644	0.12856	0.56212	0.03283	0.03790	0.00939	0.00576	0.00162	0.00303	0.03097	0.00552	0.00570
35	0.00713	0.00488	0.00626	0.00703	0.00767	0.00458	0.00497	0.00818	0.01000	0.03918	0.02827	0.50275	0.10766	0.12133	0.00898	0.00242	0.00344	0.11654	0.00453	0.00421
36	0.03095	0.00647	0.00843	0.11897	0.01205	0.00646	0.00634	0.04639	0.01357	0.07314	0.45134	0.03229	0.14335	0.00926	0.00563	0.00161	0.00334	0.00799	0.01714	0.00528
37	0.66666	0.01078	0.00920	0.00779	0.01113	0.01233	0.00642	0.18802	0.01207	0.02478	0.00820	0.00911	0.00619	0.00501	0.00357	0.00155	0.00429	0.00315	0.00357	0.00619
38	0.01044	0.01139	0.12032	0.00846	0.01337	0.00744	0.00777	0.01319	0.01051	0.01641	0.00900	0.01051	0.00734	0.00389	0.00389	0.00087	0.00427	0.00310	0.00288	0.73496
39	0.01164	0.01262	0.02591	0.13028	0.02621	0.01214	0.58823	0.03148	0.01181	0.01609	0.01000	0.01333	0.00755	0.00437	0.00564	0.00162	0.00783	0.00549	0.00260	0.07515
40	0.00616	0.00440	0.00587	0.00704	0.00733	0.00411	0.00469	0.00704	0.00968	0.01291	0.02787	0.81899	0.03344	0.01584	0.00645	0.00205	0.00293	0.01438	0.00469	0.00411

[dist]
# distance from previous block
# <min> <max>
0	3

[block]
# block no. 2 follows, 49 sequences, length 30
# corresponding to MSA columns:
# 68-86,88-98
name=unknown_C
#
# <colnr> <probs for GDERKNQSTAVLIFYWHMCP>
#	G	D	E	R	K	N	Q	S	T	A	V	L	I	F	Y	W	H	M	C	P
0	0.01070	0.01084	0.09583	0.00827	0.01308	0.00730	0.00740	0.01334	0.01059	0.03266	0.00923	0.01065	0.00748	0.00391	0.00389	0.00086	0.00416	0.00312	0.00297	0.74372
1	0.01246	0.01184	0.01925	0.02784	0.66593	0.01223	0.01445	0.01669	0.10084	0.01687	0.01067	0.01319	0.00881	0.00497	0.00554	0.00156	0.04153	0.00464	0.00280	0.00790
2	0.01419	0.01205	0.01848	0.08513	0.55922	0.04522	0.01383	0.06674	0.01268	0.10747	0.01079	0.01296	0.00841	0.00488	0.00500	0.00152	0.00597	0.00452	0.00309	0.00785
3	0.00598	0.00512	0.00512	0.00512	0.00683	0.00427	0.00384	0.00726	0.01153	0.01366	0.05123	0.04866	0.78869	0.01281	0.00598	0.00171	0.00256	0.01067	0.00470	0.00427
4	0.02827	0.00973	0.01568	0.61643	0.03056	0.01165	0.07016	0.03806	0.10029	0.01491	0.01048	0.01397	0.00785	0.00523	0.00509	0.00168	0.00646	0.00471	0.00271	0.00607
5	0.02241	0.00867	0.01173	0.00903	0.01292	0.00758	0.00745	0.02471	0.03590	0.77265	0.01997	0.01726	0.01260	0.00628	0.00509	0.00157	0.00429	0.00510	0.00623	0.00859
6	0.00615	0.00442	0.00584	0.00698	0.00732	0.00411	0.00467	0.00705	0.00974	0.01293	0.02865	0.79337	0.05856	0.01574	0.00644	0.00204	0.00292	0.01425	0.00469	0.00411
7	0.02152	0.00835	0.01136	0.00880	0.01251	0.00723	0.00723	0.02351	0.01446	0.73593	0.07782	0.01876	0.01517	0.00657	0.00515	0.00157	0.00416	0.00539	0.00621	0.00832
8	0.01748	0.01284	0.01370	0.01079	0.01441	0.01423	0.00882	0.61133	0.11053	0.02933	0.01355	0.01359	0.00983	0.00614	0.00492	0.00151	0.00506	0.00470	0.08908	0.00814
9	0.00809	0.00643	0.00952	0.13553	0.01320	0.00763	0.00760	0.02881	0.00893	0.01258	0.01361	0.07893	0.01308	0.06439	0.49826	0.00585	0.05947	0.00594	0.01739	0.00476
10	0.01056	0.01112	0.06857	0.50181	0.28206	0.01152	0.01483	0.01398	0.01061	0.01431	0.00917	0.01298	0.00714	0.00486	0.00502	0.00162	0.00655	0.00445	0.00232	0.00653
11	0.06856	0.60226	0.16225	0.00948	0.01419	0.01747	0.01011	0.01510	0.01037	0.01361	0.03234	0.00952	0.00772	0.00463	0.00360	0.00122	0.00558	0.00310	0.00233	0.00654
12	0.00744	0.00514	0.00714	0.00712	0.00767	0.00562	0.00510	0.00829	0.00799	0.01120	0.04657	0.02390	0.01533	0.25953	0.45461	0.10509	0.00953	0.00601	0.00287	0.00384
13	0.01258	0.01086	0.01143	0.01029	0.01315	0.01258	0.00800	0.02687	0.78161	0.02115	0.02058	0.01887	0.01544	0.00686	0.00515	0.00172	0.00400	0.00572	0.00515	0.00800
14	0.00734	0.00494	0.00571	0.00571	0.00578	0.00501	0.00331	0.00748	0.00741	0.00995	0.01575	0.03209	0.01795	0.76319	0.08424	0.00515	0.00555	0.00721	0.00304	0.00317
15	0.01894	0.00767	0.01021	0.00812	0.01133	0.00674	0.00660	0.02100	0.01400	0.59420	0.12865	0.02032	0.01757	0.00680	0.00503	0.00152	0.00380	0.00562	0.10425	0.00761
16	0.02269	0.00861	0.01174	0.00900	0.01291	0.00743	0.00743	0.02464	0.01447	0.79425	0.01995	0.01721	0.01252	0.00626	0.00509	0.00156	0.00430	0.00509	0.00626	0.00861
17	0.00972	0.00740	0.00933	0.00866	0.01020	0.00841	0.00668	0.11968	0.12369	0.01576	0.01463	0.02005	0.01310	0.11323	0.48904	0.00590	0.01009	0.00555	0.00344	0.00545
18	0.82100	0.00973	0.00762	0.00675	0.00992	0.01117	0.00556	0.01530	0.00887	0.05687	0.00761	0.00861	0.00579	0.00476	0.00322	0.00156	0.00393	0.00284	0.00327	0.00561
19	0.01550	0.01567	0.01383	0.15136	0.03996	0.29648	0.00992	0.19770	0.11073	0.01812	0.01130	0.01371	0.00910	0.06714	0.00645	0.00175	0.00682	0.00443	0.00347	0.00659
20	0.01277	0.35762	0.14676	0.01157	0.05620	0.13264	0.01055	0.01543	0.02756	0.01408	0.09864	0.01281	0.01155	0.00564	0.00515	0.00138	0.06655	0.00399	0.00271	0.00640
21	0.00621	0.00513	0.00545	0.00537	0.00698	0.00437	0.00403	0.00772	0.01209	0.01499	0.19911	0.04648	0.63998	0.01231	0.00597	0.00168	0.00253	0.01037	0.00487	0.00437
22	0.18038	0.00839	0.01060	0.10127	0.01409	0.00825	0.00745	0.01925	0.01281	0.44485	0.12486	0.01795	0.01546	0.00639	0.00483	0.00158	0.00424	0.00514	0.00509	0.00711
23	0.00735	0.00509	0.00644	0.00615	0.00733	0.00473	0.00460	0.00965	0.01365	0.01968	0.65169	0.06086	0.06578	0.01007	0.00570	0.00156	0.00241	0.00884	0.10369	0.00473
24	0.00731	0.00495	0.00576	0.00568	0.00592	0.00488	0.00340	0.00778	0.00872	0.01187	0.16797	0.03401	0.02416	0.66241	0.02184	0.00425	0.00441	0.00771	0.00356	0.00340
25	0.01263	0.06650	0.03978	0.07237	0.64445	0.04605	0.01482	0.01556	0.01145	0.01582	0.00924	0.01209	0.00773	0.00456	0.00487	0.00148	0.00618	0.00431	0.00246	0.00767
26	0.00955	0.00899	0.01517	0.81013	0.03483	0.01123	0.01404	0.01292	0.01011	0.01292	0.00899	0.01348	0.00674	0.00506	0.00506	0.00169	0.00674	0.00449	0.00225	0.00562
27	0.01968	0.00943	0.01175	0.00941	0.01299	0.00916	0.00762	0.06984	0.20527	0.54158	0.01956	0.01762	0.01312	0.02205	0.00549	0.00166	0.00432	0.00525	0.00585	0.00835
28	0.01137	0.13895	0.01878	0.10605	0.01720	0.01540	0.09612	0.01317	0.00889	0.01266	0.00737	0.01117	0.00674	0.00719	0.01197	0.00192	0.50262	0.00434	0.00225	0.00584
29	0.01155	0.01473	0.11778	0.02032	0.04851	0.01234	0.63529	0.01584	0.01170	0.01607	0.01068	0.04101	0.00842	0.00473	0.00582	0.00170	0.00813	0.00595	0.00258	0.00684

[dist]
# distance from previous block
# <min> <max>
0	2

[block]
# block no. 3 follows, 49 sequences, length 8
# corresponding to MSA columns:
# 101-108
name=unknown_D
#
# <colnr> <probs for GDERKNQSTAVLIFYWHMCP>
#	G	D	E	R	K	N	Q	S	T	A	V	L	I	F	Y	W	H	M	C	P
0	0.00677	0.00496	0.00634	0.00640	0.00742	0.00454	0.00465	0.00864	0.01280	0.01762	0.50828	0.24112	0.12760	0.01204	0.00609	0.00172	0.00255	0.01067	0.00524	0.00454
1	0.01758	0.00726	0.00947	0.00767	0.01059	0.00646	0.00619	0.01968	0.01357	0.51364	0.12261	0.02035	0.01736	0.00672	0.00485	0.00148	0.00360	0.00555	0.19817	0.00720
2	0.01482	0.01082	0.01154	0.04502	0.01383	0.06809	0.00804	0.02403	0.46273	0.19594	0.07385	0.01890	0.01605	0.00677	0.00514	0.00164	0.00445	0.00559	0.00512	0.00765
3	0.00810	0.00443	0.00636	0.00662	0.00669	0.00436	0.00438	0.00674	0.00734	0.00979	0.01358	0.19930	0.01501	0.06855	0.01712	0.60521	0.00409	0.00685	0.00282	0.00269
4	0.01475	0.01224	0.04409	0.01170	0.06903	0.03628	0.00902	0.41231	0.08109	0.02557	0.18989	0.01933	0.03797	0.00709	0.00527	0.00155	0.00485	0.00577	0.00480	0.00740
5	0.29787	0.01078	0.01319	0.18759	0.16723	0.03306	0.01008	0.09961	0.01200	0.10909	0.01002	0.01169	0.00743	0.00508	0.00439	0.00157	0.00530	0.00395	0.00338	0.00671
6	0.01141	0.01102	0.01457	0.01260	0.01325	0.01483	0.01037	0.01551	0.18377	0.01421	0.00981	0.01284	0.00864	0.00840	0.01399	0.00210	0.62901	0.00472	0.00288	0.00609
7	0.01363	0.03364	0.15521	0.19408	0.04375	0.13505	0.01200	0.18308	0.10277	0.01896	0.05046	0.01371	0.01017	0.00570	0.00495	0.00155	0.00640	0.00452	0.00341	0.00697

[dist]
# distance from previous block
# <min> <max>
0	1

[block]
# block no. 4 follows, 49 sequences, length 30
# corresponding to MSA columns:
# 110-139
name=unknown_E
#
# <colnr> <probs for GDERKNQSTAVLIFYWHMCP>
#	G	D	E	R	K	N	Q	S	T	A	V	L	I	F	Y	W	H	M	C	P
0	0.01222	0.01377	0.11685	0.02897	0.69525	0.01198	0.01591	0.01558	0.01141	0.01646	0.00946	0.01229	0.00781	0.00454	0.00498	0.00151	0.00619	0.00441	0.00246	0.00794
1	0.00694	0.00513	0.00627	0.00600	0.00715	0.00469	0.00437	0.00881	0.01288	0.01763	0.54217	0.03941	0.19492	0.11168	0.00842	0.00203	0.00273	0.00923	0.00508	0.00446
2	0.01458	0.04923	0.02443	0.11344	0.12818	0.39134	0.01047	0.01734	0.05777	0.01453	0.09124	0.01393	0.01174	0.00576	0.00499	0.00144	0.01984	0.00438	0.01920	0.00617
3	0.01053	0.00769	0.01239	0.01066	0.01279	0.00743	0.16009	0.05657	0.02551	0.11191	0.02145	0.33206	0.04109	0.03432	0.06431	0.00242	0.00536	0.07355	0.00430	0.00560
4	0.00616	0.00440	0.00587	0.00704	0.00733	0.00411	0.00469	0.00704	0.00968	0.01291	0.02787	0.81899	0.03344	0.01584	0.00645	0.00205	0.00293	0.01438	0.00469	0.00411
5	0.00678	0.00513	0.00730	0.10685	0.01088	0.00533	0.00599	0.00805	0.00941	0.01260	0.02303	0.57384	0.02662	0.05755	0.11280	0.00296	0.00491	0.01161	0.00405	0.00430
6	0.00774	0.00832	0.11017	0.00824	0.01010	0.00634	0.00695	0.01123	0.10652	0.01564	0.14674	0.43856	0.05797	0.01197	0.00591	0.00183	0.00358	0.01064	0.00451	0.02704
7	0.00723	0.00485	0.00555	0.00568	0.00571	0.00482	0.00324	0.00732	0.00760	0.01013	0.01719	0.11585	0.01997	0.73737	0.02371	0.00460	0.00470	0.00809	0.00324	0.00317
8	0.85801	0.00978	0.00743	0.00665	0.00978	0.01134	0.00548	0.01486	0.00861	0.02269	0.00704	0.00821	0.00548	0.00469	0.00313	0.00156	0.00391	0.00274	0.00313	0.00548
9	0.01195	0.15539	0.38640	0.01333	0.01831	0.01434	0.05851	0.09492	0.01148	0.01625	0.00864	0.01065	0.00677	0.00562	0.00696	0.00163	0.16544	0.00391	0.00249	0.00701
10	0.01030	0.00999	0.01479	0.01258	0.01310	0.01319	0.06776	0.01167	0.00809	0.01224	0.00859	0.01413	0.00844	0.07168	0.13033	0.00323	0.57731	0.00490	0.00237	0.00530
11	0.00626	0.00497	0.00563	0.00581	0.00709	0.00433	0.00423	0.00767	0.01167	0.01483	0.19548	0.22324	0.46491	0.01300	0.00608	0.00176	0.00261	0.01121	0.00487	0.00433
12	0.00616	0.00456	0.00576	0.00667	0.00725	0.00416	0.00454	0.00717	0.01019	0.01332	0.06030	0.64939	0.17187	0.01508	0.00635	0.00197	0.00285	0.01351	0.00473	0.00416
13	0.01965	0.01347	0.01475	0.01131	0.01534	0.01466	0.00934	0.68083	0.02262	0.12656	0.01311	0.01277	0.00909	0.00609	0.00506	0.00152	0.00541	0.00462	0.00521	0.00860
14	0.00940	0.00614	0.00725	0.00668	0.00851	0.00562	0.00509	0.06566	0.01338	0.11482	0.25853	0.13209	0.32521	0.01114	0.00585	0.00168	0.00299	0.00953	0.00517	0.00526
15	0.10244	0.73945	0.02449	0.00844	0.01264	0.01910	0.00832	0.01511	0.01010	0.01303	0.00703	0.00812	0.00638	0.00436	0.00323	0.00113	0.00525	0.00271	0.00226	0.00638
16	0.01037	0.09246	0.00961	0.00704	0.00921	0.00725	0.00564	0.01325	0.06898	0.13709	0.38450	0.03230	0.18408	0.00932	0.00549	0.00157	0.00315	0.00790	0.00511	0.00568
17	0.07671	0.28698	0.22868	0.04339	0.16657	0.05776	0.01250	0.01550	0.01073	0.01504	0.00853	0.01031	0.00693	0.00465	0.00414	0.00138	0.00610	0.00350	0.03375	0.00684
18	0.73810	0.00974	0.00854	0.09150	0.01254	0.01148	0.00658	0.01456	0.00873	0.02128	0.00723	0.00887	0.00565	0.00488	0.00382	0.00160	0.03341	0.00298	0.00300	0.00549
19	0.01689	0.04557	0.01504	0.06064	0.09752	0.45081	0.01031	0.01858	0.01287	0.10990	0.00961	0.01121	0.00763	0.00655	0.02990	0.00166	0.08212	0.00384	0.00298	0.00636
20	0.00750	0.00524	0.00674	0.00702	0.00818	0.00484	0.00539	0.00931	0.01219	0.04491	0.29511	0.22671	0.16727	0.01266	0.00626	0.00187	0.00309	0.16600	0.00505	0.00465
21	0.00812	0.00559	0.00635	0.00635	0.00695	0.00583	0.00414	0.01043	0.10427	0.01289	0.01785	0.12180	0.01873	0.46936	0.06674	0.00388	0.00477	0.00752	0.11434	0.00411
22	0.00845	0.00557	0.00653	0.00637	0.00805	0.00491	0.00484	0.01014	0.02281	0.11155	0.13827	0.16435	0.42334	0.01213	0.00598	0.00176	0.00295	0.05206	0.00501	0.00492
23	0.00878	0.00439	0.00659	0.00659	0.00659	0.00439	0.00439	0.00659	0.00659	0.00878	0.00878	0.01537	0.00878	0.01757	0.01976	0.85288	0.00439	0.00439	0.00220	0.00220
24	0.04799	0.17035	0.01613	0.02087	0.05930	0.01138	0.04992	0.08261	0.03157	0.32316	0.01348	0.01325	0.00951	0.00524	0.00451	0.00136	0.00489	0.00422	0.00428	0.12599
25	0.00848	0.00553	0.00650	0.00633	0.00694	0.00551	0.00406	0.01002	0.06501	0.05801	0.11366	0.11447	0.02306	0.52981	0.01855	0.00377	0.00428	0.00806	0.00388	0.00407
26	0.16236	0.11191	0.01752	0.10134	0.43293	0.01239	0.01200	0.01462	0.01046	0.01629	0.00909	0.01250	0.00785	0.05227	0.00567	0.00168	0.00557	0.00413	0.00258	0.00684
27	0.46053	0.17242	0.04737	0.10625	0.01392	0.01244	0.00769	0.01448	0.00960	0.04172	0.01096	0.01216	0.06287	0.00531	0.00373	0.00150	0.00463	0.00364	0.00299	0.00579
28	0.01070	0.10884	0.01066	0.02309	0.01053	0.00838	0.00620	0.09864	0.02218	0.08455	0.09401	0.10789	0.26280	0.00936	0.00527	0.00154	0.00372	0.03230	0.00441	0.09492
29	0.01399	0.25818	0.29887	0.01279	0.05534	0.05143	0.04114	0.07211	0.02348	0.11254	0.01022	0.01108	0.00761	0.00495	0.00444	0.00142	0.00632	0.00379	0.00297	0.00734

[dist]
# distance from previous block
# <min> <max>
8	37

[block]
# block no. 5 follows, 49 sequences, length 101
# corresponding to MSA columns:
# 177-203,205-223,230-273,298-308
name=unknown_F
#
# <colnr> <probs for GDERKNQSTAVLIFYWHMCP>
#	G	D	E	R	K	N	Q	S	T	A	V	L	I	F	Y	W	H	M	C	P
0	0.01114	0.12938	0.10611	0.01464	0.13947	0.01126	0.11888	0.08810	0.02366	0.01655	0.03770	0.14610	0.03179	0.02236	0.00572	0.00172	0.00556	0.08005	0.00341	0.00641
1	0.00860	0.00503	0.00670	0.00726	0.00807	0.00462	0.00502	0.00960	0.01028	0.12577	0.02623	0.67077	0.02980	0.04758	0.00705	0.00210	0.00321	0.01274	0.00485	0.00471
2	0.12624	0.19863	0.23949	0.04332	0.01595	0.01298	0.02226	0.02719	0.04287	0.01614	0.00889	0.01054	0.00711	0.00538	0.01607	0.00149	0.05741	0.00350	0.01551	0.12902
3	0.09197	0.28595	0.14608	0.15598	0.01847	0.07879	0.03285	0.02473	0.01083	0.04320	0.00945	0.04883	0.00801	0.00527	0.00426	0.00142	0.00606	0.00401	0.00263	0.02122
4	0.12247	0.01408	0.06316	0.04358	0.35041	0.14119	0.01203	0.04862	0.01245	0.12958	0.01049	0.01199	0.00798	0.00500	0.00470	0.00150	0.00610	0.00411	0.00322	0.00734
5	0.00746	0.00510	0.00598	0.04385	0.00691	0.00520	0.00359	0.00762	0.00749	0.00995	0.01560	0.03216	0.01783	0.78335	0.02475	0.00475	0.00499	0.00722	0.00303	0.00319
6	0.05473	0.01270	0.01589	0.01269	0.01626	0.04742	0.15812	0.23781	0.32152	0.02272	0.01514	0.03740	0.01160	0.00620	0.00520	0.00164	0.00552	0.00543	0.00439	0.00762
7	0.01209	0.00875	0.01049	0.00765	0.01191	0.00675	0.00614	0.01430	0.01124	0.12913	0.04769	0.01276	0.01013	0.00442	0.00404	0.00091	0.00376	0.00359	0.00359	0.69064
8	0.01623	0.01414	0.01340	0.01124	0.01455	0.12801	0.00892	0.33427	0.35782	0.02431	0.01525	0.01468	0.01132	0.00630	0.00502	0.00157	0.00539	0.00488	0.00474	0.00794
9	0.01142	0.00680	0.00701	0.00629	0.00809	0.00717	0.00490	0.15500	0.05266	0.02140	0.01589	0.01760	0.01227	0.00597	0.00390	0.00127	0.00304	0.00473	0.64896	0.00561
10	0.00616	0.00507	0.00542	0.00546	0.00698	0.00433	0.00405	0.00757	0.01178	0.01456	0.15587	0.10989	0.61997	0.01270	0.00601	0.00172	0.00257	0.01075	0.00482	0.00433
11	0.00825	0.00566	0.00748	0.00824	0.00946	0.00563	0.00701	0.01077	0.02547	0.01627	0.10415	0.04862	0.04972	0.01227	0.00632	0.00206	0.00402	0.53681	0.12705	0.00473
12	0.01106	0.01106	0.01549	0.01328	0.01328	0.01549	0.01106	0.01217	0.00774	0.01217	0.00664	0.01106	0.00664	0.00885	0.01659	0.00221	0.81303	0.00443	0.00221	0.00553
13	0.01049	0.00899	0.01049	0.00749	0.01198	0.00674	0.00599	0.01273	0.01049	0.01648	0.00899	0.01049	0.00749	0.00374	0.00374	0.00075	0.00374	0.00300	0.00300	0.85320
14	0.01359	0.76421	0.02632	0.00938	0.01369	0.04157	0.04507	0.01533	0.01047	0.01212	0.00720	0.00840	0.00655	0.00435	0.00341	0.00112	0.00566	0.00287	0.00219	0.00649
15	0.13483	0.01071	0.01086	0.00976	0.01266	0.01240	0.00764	0.02513	0.66983	0.02138	0.01862	0.01733	0.01400	0.00655	0.00485	0.00169	0.00399	0.00529	0.00485	0.00764
16	0.00722	0.00542	0.00813	0.00813	0.00903	0.00632	0.00632	0.00903	0.00813	0.01174	0.01354	0.01987	0.01264	0.03792	0.80225	0.00813	0.01354	0.00542	0.00271	0.00451
17	0.00630	0.00451	0.00600	0.00694	0.00737	0.00420	0.00471	0.00740	0.01035	0.01397	0.13780	0.70602	0.03551	0.01505	0.00638	0.00199	0.00285	0.01362	0.00482	0.00420
18	0.01786	0.17814	0.01667	0.01219	0.01512	0.65165	0.00956	0.01922	0.01355	0.01228	0.00767	0.00893	0.00651	0.00504	0.00431	0.00126	0.00841	0.00315	0.00252	0.00598
19	0.01157	0.01102	0.01830	0.02729	0.67739	0.01089	0.01383	0.01432	0.01152	0.01611	0.01554	0.01774	0.12090	0.00571	0.00515	0.00153	0.00551	0.00540	0.00282	0.00747
20	0.00695	0.00506	0.00654	0.00639	0.00748	0.00465	0.00471	0.00906	0.01350	0.01886	0.63901	0.15132	0.08500	0.01126	0.00604	0.00166	0.00247	0.00998	0.00539	0.00465
21	0.00623	0.00481	0.00570	0.00625	0.00723	0.00428	0.00444	0.00745	0.01091	0.01394	0.10521	0.41001	0.34662	0.01405	0.00623	0.00188	0.00278	0.03297	0.00477	0.00425
22	0.00652	0.00495	0.00561	0.00575	0.00673	0.00447	0.00396	0.00761	0.01069	0.01370	0.15715	0.17856	0.35941	0.19984	0.01062	0.00249	0.00314	0.01031	0.00446	0.00404
23	0.83616	0.00965	0.00736	0.00660	0.00968	0.01117	0.00543	0.01479	0.00866	0.02259	0.00728	0.00849	0.00567	0.00472	0.00314	0.00155	0.00387	0.00279	0.02494	0.00546
24	0.13995	0.01309	0.01360	0.01062	0.01434	0.01454	0.00870	0.62760	0.02080	0.02949	0.01158	0.01257	0.00861	0.04476	0.00576	0.00169	0.00529	0.00442	0.00468	0.00788
25	0.01123	0.01894	0.36908	0.01778	0.04316	0.01225	0.36734	0.03771	0.01159	0.01644	0.01007	0.02936	0.00768	0.00488	0.00558	0.00166	0.02060	0.00505	0.00248	0.00711
26	0.01150	0.23612	0.52093	0.01319	0.01957	0.01388	0.06464	0.01604	0.01076	0.03674	0.00891	0.01037	0.00668	0.00468	0.00448	0.00147	0.00691	0.00365	0.00229	0.00720
27	0.85801	0.00978	0.00743	0.00665	0.00978	0.01134	0.00548	0.01486	0.00861	0.02269	0.00704	0.00821	0.00548	0.00469	0.00313	0.00156	0.00391	0.00274	0.00313	0.00548
28	0.01385	0.01076	0.01348	0.20484	0.01893	0.02505	0.02152	0.22405	0.04052	0.08393	0.01142	0.02675	0.00872	0.00540	0.00501	0.00137	0.02602	0.00434	0.00372	0.25030
29	0.00623	0.00445	0.00595	0.00712	0.00744	0.00417	0.00481	0.00716	0.00975	0.01298	0.02783	0.79309	0.03330	0.01578	0.00647	0.00206	0.00299	0.03961	0.00469	0.00413
30	0.01345	0.01318	0.04354	0.01938	0.02438	0.01199	0.64571	0.01742	0.01228	0.12870	0.01161	0.01409	0.00835	0.00456	0.00582	0.00168	0.00789	0.00579	0.00308	0.00709
31	0.00616	0.00440	0.00587	0.00704	0.00733	0.00411	0.00469	0.00704	0.00968	0.01291	0.02787	0.81899	0.03344	0.01584	0.00645	0.00205	0.00293	0.01438	0.00469	0.00411
32	0.00855	0.00450	0.00661	0.00655	0.00673	0.00445	0.00445	0.00701	0.00770	0.01045	0.12147	0.01861	0.01441	0.01652	0.01777	0.72978	0.00410	0.00508	0.00268	0.00257
33	0.01811	0.13996	0.01609	0.01239	0.01525	0.68891	0.00961	0.01946	0.01374	0.01231	0.00770	0.00897	0.00651	0.00508	0.00437	0.00127	0.00858	0.00318	0.00254	0.00595
34	0.00624	0.00513	0.00548	0.00540	0.00699	0.00438	0.00405	0.00776	0.01214	0.01513	0.21434	0.04625	0.62466	0.01226	0.00597	0.00168	0.00252	0.01033	0.00489	0.00438
35	0.01702	0.01388	0.01506	0.12806	0.05516	0.08628	0.01049	0.52751	0.01985	0.02593	0.01177	0.01392	0.00895	0.00609	0.00509	0.00155	0.00604	0.03532	0.00429	0.00773
36	0.01523	0.01098	0.01204	0.01028	0.01349	0.01220	0.00815	0.13793	0.54278	0.14951	0.01922	0.01759	0.01394	0.00664	0.00512	0.00166	0.00428	0.00544	0.00531	0.00819
37	0.13426	0.01105	0.01757	0.12511	0.52750	0.01154	0.03523	0.01496	0.01089	0.01704	0.00940	0.01231	0.00768	0.00465	0.00471	0.00153	0.00572	0.00430	0.03739	0.00717
38	0.01266	0.01261	0.05235	0.02532	0.54252	0.01230	0.06256	0.04870	0.14543	0.01791	0.01156	0.01359	0.00923	0.00497	0.00509	0.00156	0.00587	0.00478	0.00305	0.00793
39	0.01156	0.01060	0.01619	0.02268	0.48672	0.02474	0.01251	0.01596	0.12287	0.01671	0.01506	0.05480	0.01404	0.00709	0.00545	0.00171	0.00539	0.14537	0.00338	0.00718
40	0.00659	0.00497	0.00637	0.00708	0.02747	0.00454	0.00483	0.00806	0.01149	0.01538	0.26272	0.41333	0.18190	0.01330	0.00618	0.00183	0.00278	0.01182	0.00490	0.00444
41	0.00797	0.00642	0.00942	0.12416	0.01256	0.00771	0.00733	0.00961	0.00824	0.01161	0.01261	0.02042	0.01221	0.17115	0.46750	0.00601	0.09236	0.00553	0.00266	0.00452
42	0.01093	0.12056	0.62681	0.01418	0.02102	0.01274	0.07842	0.01609	0.01080	0.03031	0.00913	0.01073	0.00663	0.00473	0.00472	0.00155	0.00725	0.00382	0.00225	0.00732
43	0.00735	0.00490	0.00552	0.00552	0.00552	0.00490	0.00306	0.00735	0.00735	0.00980	0.01593	0.03309	0.01838	0.82229	0.02574	0.00490	0.00490	0.00735	0.00306	0.00306
44	0.01286	0.05433	0.02055	0.02907	0.71548	0.04842	0.01490	0.01571	0.01158	0.01609	0.00931	0.01213	0.00786	0.00453	0.00490	0.00147	0.00612	0.00436	0.00249	0.00783
45	0.85801	0.00978	0.00743	0.00665	0.00978	0.01134	0.00548	0.01486	0.00861	0.02269	0.00704	0.00821	0.00548	0.00469	0.00313	0.00156	0.00391	0.00274	0.00313	0.00548
46	0.00881	0.00452	0.00684	0.02978	0.00740	0.00459	0.00467	0.00677	0.00669	0.00890	0.00879	0.01532	0.00872	0.01721	0.01934	0.82831	0.00446	0.00439	0.00220	0.00229
47	0.28607	0.05915	0.03506	0.01234	0.08361	0.39307	0.00906	0.02956	0.01201	0.01643	0.00786	0.00931	0.00642	0.00536	0.01424	0.00149	0.00694	0.00324	0.00277	0.00604
48	0.01922	0.01416	0.01518	0.01163	0.01568	0.01568	0.00961	0.77388	0.02378	0.03187	0.01214	0.01214	0.00860	0.00607	0.00506	0.00152	0.00556	0.00455	0.00506	0.00860
49	0.05853	0.01150	0.01329	0.12560	0.01698	0.01203	0.00895	0.37205	0.03836	0.05504	0.01114	0.01209	0.00823	0.00527	0.00461	0.00135	0.00507	0.00409	0.00406	0.23176
50	0.00711	0.00525	0.00624	0.00593	0.00741	0.00464	0.00447	0.00904	0.01319	0.03929	0.46844	0.04160	0.34651	0.01122	0.00594	0.00164	0.00251	0.00965	0.00523	0.00468
51	0.01177	0.00917	0.01096	0.14383	0.01506	0.01064	0.00822	0.12251	0.25187	0.01954	0.01562	0.05450	0.01253	0.00680	0.00572	0.00160	0.07106	0.00540	0.21671	0.00647
52	0.01380	0.00779	0.00851	0.00723	0.00955	0.00806	0.00574	0.19360	0.05100	0.13415	0.01617	0.01704	0.01199	0.00603	0.00419	0.00134	0.00347	0.00478	0.48923	0.00635
53	0.00966	0.00497	0.00536	0.00537	0.00657	0.00489	0.00397	0.01194	0.02305	0.05772	0.01838	0.13468	0.01602	0.01947	0.00439	0.00139	0.00260	0.00618	0.65853	0.00485
54	0.00767	0.00836	0.12122	0.04052	0.01074	0.00604	0.00715	0.01059	0.01358	0.01927	0.63350	0.03300	0.05004	0.00935	0.00576	0.00160	0.00330	0.00819	0.00492	0.00519
55	0.01903	0.01484	0.01451	0.01139	0.01524	0.12819	0.00925	0.55897	0.02090	0.09627	0.01205	0.01207	0.00859	0.00584	0.00492	0.00145	0.00587	0.00433	0.00470	0.05158
56	0.01922	0.01416	0.01518	0.01163	0.01568	0.01568	0.00961	0.77388	0.02378	0.03187	0.01214	0.01214	0.00860	0.00607	0.00506	0.00152	0.00556	0.00455	0.00506	0.00860
57	0.01074	0.00914	0.01062	0.00761	0.01209	0.00700	0.00610	0.03470	0.01087	0.01692	0.00908	0.01053	0.00752	0.00381	0.00378	0.00077	0.00380	0.00304	0.00306	0.82882
58	0.02269	0.00861	0.01174	0.00900	0.01291	0.00743	0.00743	0.02464	0.01447	0.79425	0.01995	0.01721	0.01252	0.00626	0.00509	0.00156	0.00430	0.00509	0.00626	0.00861
59	0.00709	0.00534	0.00667	0.00751	0.00818	0.00533	0.00517	0.00991	0.12131	0.01410	0.02682	0.70329	0.03084	0.01454	0.00626	0.00200	0.00309	0.01312	0.00476	0.00467
60	0.01352	0.82533	0.02650	0.00865	0.01298	0.02001	0.00865	0.01514	0.01027	0.01190	0.00703	0.00811	0.00649	0.00433	0.00324	0.00108	0.00541	0.00270	0.00216	0.00649
61	0.00714	0.00514	0.00651	0.00623	0.00727	0.00478	0.00454	0.00912	0.01310	0.01830	0.62087	0.03807	0.08445	0.12796	0.00884	0.00209	0.00280	0.02316	0.00514	0.00449
62	0.00701	0.00527	0.00650	0.00618	0.00751	0.00482	0.00464	0.00939	0.02858	0.01889	0.61698	0.03972	0.20420	0.01079	0.00595	0.00162	0.00245	0.00940	0.00537	0.00473
63	0.13970	0.00877	0.01113	0.00867	0.01247	0.00798	0.00716	0.02327	0.01365	0.68617	0.01814	0.01595	0.01153	0.00604	0.00481	0.00156	0.00425	0.00476	0.00582	0.00817
64	0.00713	0.00522	0.00644	0.00610	0.00747	0.00469	0.00459	0.00924	0.01363	0.03168	0.59453	0.04010	0.22875	0.01087	0.00595	0.00162	0.00246	0.00945	0.00536	0.00471
65	0.85801	0.00978	0.00743	0.00665	0.00978	0.01134	0.00548	0.01486	0.00861	0.02269	0.00704	0.00821	0.00548	0.00469	0.00313	0.00156	0.00391	0.00274	0.00313	0.00548
66	0.00879	0.00465	0.00494	0.00517	0.00617	0.00459	0.00376	0.01085	0.01042	0.01769	0.01872	0.17565	0.01697	0.00784	0.00411	0.00135	0.00247	0.00661	0.68464	0.00459
67	0.07335	0.01294	0.12588	0.01045	0.01483	0.01092	0.00960	0.24383	0.04323	0.37995	0.01526	0.01425	0.01013	0.00591	0.00491	0.00156	0.00510	0.00460	0.00507	0.00822
68	0.01390	0.76805	0.02563	0.00897	0.01317	0.07591	0.00873	0.01550	0.01056	0.01193	0.00709	0.00818	0.00649	0.00439	0.00334	0.00110	0.00567	0.00274	0.00219	0.00644
69	0.85801	0.00978	0.00743	0.00665	0.00978	0.01134	0.00548	0.01486	0.00861	0.02269	0.00704	0.00821	0.00548	0.00469	0.00313	0.00156	0.00391	0.00274	0.00313	0.00548
70	0.01185	0.01092	0.01691	0.21647	0.41134	0.01182	0.01326	0.04204	0.15376	0.01694	0.01250	0.01519	0.02310	0.00541	0.00509	0.00160	0.00572	0.01567	0.00308	0.00733
71	0.00641	0.00514	0.00572	0.00558	0.00709	0.00445	0.00418	0.00809	0.01255	0.01608	0.32060	0.04468	0.51780	0.01190	0.00597	0.00166	0.00250	0.01011	0.00501	0.00445
72	0.00994	0.00956	0.01326	0.01174	0.01191	0.01289	0.00958	0.01105	0.00823	0.01234	0.01228	0.13019	0.05092	0.01126	0.04685	0.00241	0.62143	0.00623	0.00272	0.00522
73	0.00693	0.00505	0.00651	0.00637	0.00747	0.00464	0.00469	0.00901	0.01344	0.01872	0.62376	0.15154	0.10034	0.01132	0.00604	0.00167	0.00248	0.01001	0.00538	0.00464
74	0.01050	0.01021	0.01423	0.01228	0.01245	0.01394	0.01015	0.01179	0.00869	0.01334	0.11964	0.01493	0.01258	0.00907	0.01506	0.00212	0.69581	0.00511	0.00270	0.00542
75	0.01889	0.02410	0.01433	0.01303	0.01563	0.80199	0.00977	0.02019	0.01433	0.01238	0.00782	0.00912	0.00651	0.00521	0.00456	0.00130	0.00912	0.00326	0.00261	0.00586
76	0.00619	0.00493	0.00556	0.00592	0.00715	0.00431	0.00430	0.00746	0.01118	0.01397	0.09763	0.27765	0.48475	0.01357	0.00615	0.00182	0.00273	0.03569	0.00476	0.00427
77	0.00944	0.00876	0.01467	0.53423	0.12374	0.01024	0.03514	0.01231	0.01022	0.01345	0.01230	0.15237	0.01153	0.00690	0.00556	0.00174	0.02278	0.00624	0.00271	0.00569
78	0.00765	0.00829	0.12165	0.00871	0.01048	0.00682	0.00773	0.00990	0.00865	0.01258	0.01417	0.07789	0.01357	0.07071	0.56153	0.00634	0.01106	0.00591	0.03151	0.00484
79	0.01380	0.78418	0.02587	0.00888	0.01311	0.06017	0.00871	0.01540	0.01048	0.01192	0.00707	0.00816	0.00649	0.00437	0.00331	0.00109	0.00560	0.00273	0.00219	0.00646
80	0.01176	0.05805	0.58623	0.01452	0.03578	0.01274	0.06458	0.12557	0.01265	0.01815	0.00951	0.01100	0.00684	0.00493	0.00485	0.00157	0.00715	0.00397	0.00259	0.00756
81	0.01024	0.02071	0.56014	0.01259	0.01845	0.01079	0.01500	0.01673	0.11925	0.02915	0.12350	0.01584	0.01374	0.00591	0.00502	0.00162	0.00620	0.00482	0.00312	0.00717
82	0.00645	0.00477	0.00602	0.00649	0.00732	0.00435	0.00457	0.00788	0.01149	0.01541	0.27606	0.43412	0.16940	0.01355	0.00621	0.00184	0.00269	0.01205	0.00497	0.00435
83	0.00941	0.00568	0.00737	0.00697	0.00831	0.00530	0.00529	0.01125	0.01255	0.12130	0.41000	0.03719	0.04759	0.16599	0.00979	0.00233	0.00347	0.12026	0.00503	0.00493
84	0.01514	0.01199	0.01277	0.01074	0.01404	0.01357	0.00856	0.29167	0.49700	0.04100	0.01758	0.01645	0.01295	0.00657	0.00511	0.00164	0.00456	0.00529	0.00514	0.00823
85	0.00726	0.00492	0.00571	0.00572	0.00590	0.00484	0.00339	0.00765	0.00848	0.01148	0.12820	0.07413	0.02340	0.66346	0.02189	0.00428	0.00444	0.00797	0.00351	0.00336
86	0.01456	0.01430	0.08478	0.01247	0.06345	0.09068	0.00994	0.18974	0.39438	0.03329	0.01549	0.01510	0.01157	0.00612	0.00500	0.00159	0.00529	0.00490	0.00441	0.02293
87	0.01100	0.01082	0.01506	0.01261	0.01336	0.01417	0.02613	0.01233	0.00823	0.01288	0.00705	0.01103	0.00678	0.00802	0.01452	0.00199	0.67931	0.00425	0.00233	0.12814
88	0.01693	0.13055	0.03185	0.01154	0.01557	0.01466	0.06977	0.39317	0.14157	0.10332	0.01334	0.01325	0.00968	0.00580	0.00488	0.00151	0.00543	0.00462	0.00452	0.00804
89	0.06853	0.00992	0.01088	0.00969	0.01189	0.02393	0.00769	0.07441	0.34653	0.04745	0.03362	0.02259	0.09040	0.04984	0.00791	0.00195	0.12111	0.05062	0.00441	0.00663
90	0.17593	0.00927	0.01387	0.62068	0.06097	0.01129	0.01243	0.01341	0.00987	0.01498	0.00863	0.01241	0.00655	0.00496	0.00468	0.00165	0.00616	0.00415	0.00243	0.00569
91	0.73483	0.00900	0.00721	0.00671	0.00943	0.01030	0.00536	0.01373	0.00876	0.02127	0.01005	0.12546	0.00952	0.00631	0.00361	0.00164	0.00377	0.00442	0.00336	0.00528
92	0.05967	0.00982	0.01307	0.01231	0.12548	0.00926	0.00867	0.09756	0.04282	0.49999	0.01650	0.01531	0.01099	0.00580	0.00491	0.00151	0.00462	0.00475	0.00524	0.05172
93	0.00699	0.00516	0.00652	0.00618	0.00745	0.00470	0.00464	0.00921	0.01391	0.01932	0.68152	0.03935	0.15486	0.01069	0.00597	0.00161	0.00241	0.00937	0.00544	0.00470
94	0.01345	0.01253	0.01185	0.01065	0.01349	0.10914	0.00825	0.03779	0.67589	0.02025	0.01889	0.01757	0.01424	0.00665	0.00507	0.00166	0.00465	0.00540	0.00483	0.00775
95	0.02258	0.00878	0.01184	0.00908	0.01299	0.00769	0.00750	0.04787	0.01476	0.77062	0.01971	0.01705	0.01240	0.00625	0.00508	0.00156	0.00434	0.00507	0.00622	0.00861
96	0.00616	0.00440	0.00587	0.00704	0.00733	0.00411	0.00469	0.00704	0.00968	0.01291	0.02787	0.81899	0.03344	0.01584	0.00645	0.00205	0.00293	0.01438	0.00469	0.00411
97	0.01944	0.01296	0.01427	0.01098	0.01491	0.01399	0.00906	0.62834	0.02184	0.15325	0.01354	0.01318	0.00937	0.00609	0.00501	0.00151	0.00525	0.00464	0.03389	0.00847
98	0.00735	0.00490	0.00552	0.00552	0.00552	0.00490	0.00306	0.00735	0.00735	0.00980	0.01593	0.03309	0.01838	0.82229	0.02574	0.00490	0.00490	0.00735	0.00306	0.00306
99	0.01380	0.01126	0.01517	0.45897	0.02641	0.01319	0.01209	0.34758	0.01612	0.02125	0.01037	0.01289	0.00756	0.00550	0.00506	0.00161	0.00622	0.00452	0.00348	0.00693
100	0.01282	0.01098	0.01157	0.01034	0.01324	0.01269	0.00806	0.05413	0.75395	0.02154	0.02027	0.01862	0.01519	0.00683	0.00514	0.00171	0.00406	0.00567	0.00514	0.00803

[dist]
# distance from previous block
# <min> <max>
0	1

[block]
# block no. 6 follows, 49 sequences, length 185
# corresponding to MSA columns:
# 310-400,402-495
name=unknown_G
#
# <colnr> <probs for GDERKNQSTAVLIFYWHMCP>
#	G	D	E	R	K	N	Q	S	T	A	V	L	I	F	Y	W	H	M	C	P
0	0.01352	0.82533	0.02650	0.00865	0.01298	0.02001	0.00865	0.01514	0.01027	0.01190	0.00703	0.00811	0.00649	0.00433	0.00324	0.00108	0.00541	0.00270	0.00216	0.00649
1	0.76363	0.01021	0.00993	0.00829	0.01164	0.01150	0.09102	0.01501	0.00898	0.02196	0.00740	0.00882	0.00572	0.00465	0.00345	0.00158	0.00443	0.00310	0.00307	0.00563
2	0.01168	0.10362	0.04188	0.14049	0.02562	0.01344	0.52643	0.01542	0.01128	0.01506	0.00952	0.01284	0.00733	0.00458	0.00591	0.00165	0.03897	0.00527	0.00244	0.00656
3	0.01142	0.10011	0.01239	0.00774	0.01218	0.00838	0.00640	0.02433	0.01081	0.04624	0.00924	0.01050	0.00759	0.00394	0.00376	0.00083	0.00398	0.00307	0.00306	0.71405
4	0.00655	0.00473	0.00618	0.00695	0.00730	0.00458	0.00467	0.00750	0.00986	0.01333	0.11065	0.61451	0.03249	0.11329	0.00902	0.00235	0.02476	0.01267	0.00453	0.00409
5	0.00618	0.00441	0.00588	0.00703	0.00734	0.00412	0.00470	0.00708	0.00976	0.01303	0.04084	0.80566	0.03369	0.01575	0.00645	0.00205	0.00292	0.01429	0.00471	0.00412
6	0.02121	0.00817	0.01095	0.00852	0.01213	0.00713	0.00700	0.02321	0.01404	0.70775	0.01956	0.01739	0.01257	0.00622	0.00491	0.00152	0.00409	0.00504	0.10042	0.00817
7	0.01828	0.01230	0.01352	0.01050	0.01427	0.01314	0.00863	0.57292	0.02098	0.14731	0.01770	0.01700	0.09622	0.00685	0.00517	0.00155	0.00504	0.00532	0.00520	0.00812
8	0.80852	0.00971	0.00769	0.00679	0.00996	0.01111	0.00559	0.01544	0.00895	0.06839	0.00781	0.00875	0.00589	0.00479	0.00325	0.00156	0.00393	0.00288	0.00331	0.00566
9	0.60878	0.10128	0.01014	0.00735	0.01046	0.05628	0.00614	0.03778	0.01004	0.03194	0.05391	0.01051	0.00852	0.00511	0.00349	0.00149	0.00430	0.00328	0.02353	0.00569
