[name]
unknown

[dist]
# distance from previous block
# <min> <max>
13	107

[block]
# block no. 0 follows, 50 sequences, length 22
# corresponding to MSA columns:
# 170-191
name=unknown_A
#
# <colnr> <probs for GDERKNQSTAVLIFYWHMCP>
#	G	D	E	R	K	N	Q	S	T	A	V	L	I	F	Y	W	H	M	C	P
0	0.11199	0.30224	0.06425	0.00916	0.01275	0.07506	0.00825	0.09727	0.06916	0.08570	0.01066	0.01255	0.00879	0.07293	0.02225	0.00175	0.00548	0.00383	0.00325	0.02266
1	0.01608	0.01076	0.07389	0.07620	0.01610	0.00921	0.06798	0.09099	0.06222	0.34107	0.01532	0.05185	0.01109	0.00591	0.00493	0.00148	0.00496	0.00504	0.00453	0.13042
2	0.12083	0.01853	0.47094	0.01147	0.01711	0.01006	0.01330	0.01620	0.01077	0.13724	0.01142	0.05855	0.00876	0.00550	0.00458	0.00153	0.00590	0.00432	0.00307	0.06991
3	0.09437	0.12534	0.21602	0.01628	0.23272	0.02582	0.01246	0.11804	0.01223	0.01782	0.01051	0.07716	0.00916	0.00565	0.00459	0.00150	0.00575	0.00462	0.00291	0.00704
4	0.08665	0.01173	0.05944	0.02925	0.01509	0.01118	0.06789	0.30382	0.01640	0.25857	0.01541	0.05574	0.03319	0.00638	0.00499	0.00157	0.00512	0.00523	0.00474	0.00761
5	0.00775	0.00540	0.00639	0.00647	0.00697	0.00538	0.00419	0.06680	0.00982	0.01320	0.08292	0.29181	0.02465	0.42764	0.01592	0.00338	0.00404	0.00946	0.00390	0.00392
6	0.01411	0.01228	0.06442	0.02332	0.47913	0.01131	0.08178	0.07545	0.01263	0.13916	0.01137	0.01350	0.00875	0.02408	0.00550	0.00159	0.00591	0.00469	0.00324	0.00778
7	0.01346	0.08025	0.11515	0.03382	0.43634	0.01242	0.01347	0.07546	0.05259	0.08646	0.01074	0.01245	0.00835	0.00495	0.00502	0.00149	0.02249	0.00432	0.00304	0.00772
8	0.07750	0.00925	0.01000	0.00894	0.01150	0.01026	0.00697	0.02174	0.49991	0.08078	0.18456	0.02166	0.02106	0.00729	0.00509	0.00164	0.00362	0.00609	0.00509	0.00706
9	0.00971	0.00821	0.07137	0.00907	0.01160	0.00657	0.10815	0.01244	0.01334	0.11472	0.47727	0.03030	0.08925	0.00866	0.00568	0.00159	0.00379	0.00780	0.00485	0.00561
10	0.01309	0.02011	0.51689	0.01445	0.06497	0.01070	0.07180	0.01771	0.01152	0.19408	0.01150	0.01232	0.00787	0.00501	0.00490	0.00157	0.00665	0.00419	0.00308	0.00760
11	0.00675	0.00486	0.00613	0.00640	0.00738	0.00442	0.00461	0.00831	0.01176	0.03022	0.32389	0.34632	0.18172	0.01276	0.00607	0.00178	0.00267	0.02455	0.00498	0.00442
12	0.01333	0.82783	0.02612	0.00853	0.01279	0.01972	0.00853	0.01493	0.01013	0.01173	0.00693	0.00800	0.00640	0.00426	0.00320	0.00107	0.00533	0.00267	0.00213	0.00640
13	0.01108	0.04992	0.14087	0.46815	0.13535	0.01144	0.01400	0.01453	0.01054	0.07178	0.00962	0.01271	0.00718	0.00498	0.00502	0.00159	0.01804	0.00427	0.00252	0.00641
14	0.00625	0.00446	0.00595	0.00708	0.00743	0.00420	0.00485	0.00721	0.00964	0.01282	0.02712	0.74463	0.03230	0.03371	0.00683	0.00211	0.00307	0.07168	0.00459	0.00407
15	0.00589	0.00505	0.00505	0.00505	0.00673	0.00421	0.00379	0.00715	0.01136	0.01347	0.05049	0.04797	0.79171	0.01262	0.00589	0.00168	0.00252	0.01052	0.00463	0.00421
16	0.01322	0.80153	0.05146	0.00871	0.01308	0.01946	0.00885	0.01495	0.01014	0.01186	0.00700	0.00808	0.00639	0.00428	0.00325	0.00108	0.00540	0.00270	0.00213	0.00643
17	0.01140	0.00918	0.01265	0.01373	0.14785	0.03240	0.04469	0.01592	0.15740	0.08284	0.07791	0.05343	0.01925	0.00885	0.00661	0.00184	0.07129	0.22225	0.00416	0.00631
18	0.00622	0.00445	0.00596	0.00711	0.00747	0.00418	0.00489	0.00720	0.00969	0.01289	0.02739	0.76243	0.03264	0.01547	0.00640	0.00205	0.00302	0.07182	0.00462	0.00409
19	0.00930	0.00839	0.01341	0.51552	0.06132	0.00986	0.02882	0.01310	0.07373	0.01385	0.01386	0.11779	0.01283	0.00726	0.00536	0.00176	0.00577	0.07950	0.00300	0.00559
20	0.01500	0.27461	0.20355	0.01094	0.01567	0.03009	0.01106	0.25433	0.01482	0.08343	0.02236	0.01110	0.00816	0.00525	0.00455	0.00139	0.01907	0.00381	0.00341	0.00739
21	0.02008	0.00942	0.01242	0.01083	0.07082	0.00891	0.00815	0.07913	0.11444	0.58268	0.01842	0.01647	0.01210	0.00610	0.00501	0.00155	0.00442	0.00501	0.00567	0.00836

[dist]
# distance from previous block
# <min> <max>
0	1

[block]
# block no. 1 follows, 50 sequences, length 37
# corresponding to MSA columns:
# 193-229
name=unknown_B
#
# <colnr> <probs for GDERKNQSTAVLIFYWHMCP>
#	G	D	E	R	K	N	Q	S	T	A	V	L	I	F	Y	W	H	M	C	P
0	0.01765	0.05995	0.07735	0.01194	0.01542	0.38508	0.00999	0.21469	0.04980	0.08221	0.01038	0.01094	0.00781	0.00550	0.00484	0.00141	0.02076	0.00382	0.00353	0.00694
1	0.01262	0.11252	0.02649	0.01024	0.01439	0.01047	0.11308	0.12625	0.01248	0.06362	0.01024	0.01184	0.00813	0.00702	0.06825	0.00166	0.00566	0.00387	0.00325	0.37790
2	0.08111	0.01226	0.05417	0.24205	0.14501	0.04963	0.21141	0.03521	0.03603	0.01583	0.01025	0.01313	0.02290	0.00501	0.00542	0.00161	0.03454	0.00472	0.00264	0.01709
3	0.01151	0.07548	0.49677	0.01506	0.05565	0.03974	0.11957	0.07815	0.01186	0.01665	0.00963	0.03014	0.00738	0.00499	0.00485	0.00155	0.00710	0.00425	0.00249	0.00720
4	0.00650	0.00462	0.00610	0.00700	0.00745	0.00437	0.00489	0.00761	0.01007	0.01351	0.10941	0.58565	0.03280	0.08123	0.00793	0.00224	0.00318	0.09677	0.00458	0.00410
5	0.01393	0.10802	0.09587	0.01234	0.01707	0.01049	0.22178	0.01691	0.01167	0.20222	0.01156	0.01253	0.00840	0.00460	0.00466	0.00131	0.00569	0.00430	0.00342	0.23325
6	0.06244	0.01337	0.08749	0.02185	0.25480	0.01185	0.40545	0.01533	0.01133	0.01643	0.02473	0.03251	0.00879	0.00473	0.00535	0.00161	0.00705	0.00534	0.00261	0.00695
7	0.00778	0.00530	0.00642	0.00678	0.00792	0.00492	0.00483	0.00973	0.06221	0.07786	0.03287	0.48295	0.24485	0.01340	0.00603	0.00187	0.00297	0.01182	0.00478	0.00471
8	0.00705	0.00510	0.00666	0.00627	0.00745	0.00470	0.00470	0.00941	0.01411	0.01999	0.79110	0.03723	0.04703	0.01019	0.00588	0.00157	0.00235	0.00901	0.00549	0.00470
9	0.04077	0.00675	0.00886	0.00746	0.00990	0.00607	0.00590	0.01622	0.01378	0.37400	0.37246	0.05590	0.04393	0.00843	0.00541	0.00157	0.00328	0.00721	0.00567	0.00641
10	0.01045	0.02285	0.62487	0.01670	0.09959	0.01173	0.11257	0.01576	0.01076	0.01586	0.00913	0.01107	0.00663	0.00464	0.00490	0.00158	0.00735	0.00403	0.00219	0.00734
11	0.01802	0.02276	0.01421	0.01286	0.01523	0.74340	0.00973	0.01929	0.01362	0.01218	0.00761	0.00914	0.00643	0.00542	0.00542	0.00135	0.07174	0.00330	0.00254	0.00575
12	0.00643	0.00500	0.00584	0.00578	0.00710	0.00442	0.00428	0.00815	0.01242	0.01633	0.38124	0.11696	0.38454	0.01182	0.00593	0.00166	0.00248	0.01019	0.00501	0.00442
13	0.00640	0.00464	0.00612	0.00719	0.00773	0.00436	0.00516	0.00755	0.01002	0.01317	0.02907	0.62704	0.09124	0.01506	0.00642	0.00205	0.00316	0.14485	0.00462	0.00416
14	0.05922	0.01038	0.05042	0.00950	0.01351	0.00919	0.00817	0.16092	0.01550	0.58398	0.01716	0.01534	0.01102	0.00600	0.00491	0.00154	0.00460	0.00475	0.00561	0.00829
15	0.00700	0.00484	0.00540	0.00546	0.00570	0.00471	0.00320	0.00722	0.00793	0.01034	0.02107	0.07323	0.12542	0.67345	0.02176	0.00426	0.00442	0.00804	0.00332	0.00323
16	0.01607	0.42230	0.02007	0.01057	0.01406	0.36684	0.00904	0.05006	0.01254	0.02680	0.00772	0.00877	0.00660	0.00476	0.00388	0.00119	0.00694	0.00303	0.00252	0.00625
17	0.01169	0.01794	0.39041	0.07907	0.02035	0.01144	0.10207	0.03618	0.16286	0.07024	0.01209	0.01314	0.00873	0.00518	0.00494	0.00158	0.00637	0.00446	0.00312	0.03814
18	0.31873	0.05717	0.01253	0.06544	0.13910	0.04222	0.00851	0.12818	0.02221	0.03045	0.09209	0.01316	0.01115	0.00543	0.00422	0.00147	0.00474	0.00413	0.00345	0.03561
19	0.00725	0.00483	0.00544	0.00544	0.00544	0.00483	0.00302	0.00725	0.00725	0.00966	0.01571	0.03262	0.01812	0.82483	0.02537	0.00483	0.00483	0.00725	0.00302	0.00302
20	0.00866	0.00433	0.00649	0.00649	0.00649	0.00433	0.00433	0.00649	0.00649	0.00866	0.00866	0.01515	0.00866	0.01732	0.01948	0.85498	0.00433	0.00433	0.00216	0.00216
21	0.00639	0.00494	0.00589	0.00635	0.00747	0.00443	0.00474	0.00782	0.01119	0.01429	0.13646	0.28078	0.36125	0.01337	0.00617	0.00186	0.00290	0.11470	0.00473	0.00428
22	0.00939	0.00871	0.01468	0.78687	0.03343	0.01086	0.01354	0.01253	0.00985	0.01260	0.00885	0.01335	0.00671	0.00538	0.00545	0.02915	0.00657	0.00443	0.00221	0.00543
23	0.00621	0.00451	0.00589	0.00686	0.00736	0.00418	0.00473	0.00727	0.01005	0.01332	0.07501	0.67701	0.09263	0.01497	0.00632	0.00198	0.00291	0.04998	0.00468	0.00413
24	0.02236	0.00848	0.01157	0.00887	0.01272	0.00733	0.00733	0.02429	0.01427	0.79719	0.01966	0.01697	0.01234	0.00617	0.00501	0.00154	0.00424	0.00501	0.00617	0.00848
25	0.01948	0.00913	0.01148	0.00924	0.01279	0.00879	0.00749	0.02493	0.23698	0.57278	0.01984	0.01744	0.01317	0.00634	0.00503	0.00159	0.00416	0.00519	0.00585	0.00831
26	0.00941	0.00886	0.01495	0.81285	0.03433	0.01107	0.01384	0.01274	0.00997	0.01274	0.00886	0.01329	0.00664	0.00498	0.00498	0.00166	0.00664	0.00443	0.00221	0.00554
27	0.01533	0.01229	0.01229	0.07603	0.01500	0.12070	0.00851	0.21484	0.23499	0.12412	0.01860	0.01804	0.09362	0.00674	0.00504	0.00156	0.00515	0.00534	0.00457	0.00724
28	0.01301	0.75247	0.09874	0.00906	0.01362	0.01896	0.00946	0.01501	0.01017	0.01211	0.00712	0.00823	0.00639	0.00431	0.00334	0.00111	0.00552	0.00276	0.00213	0.00649
29	0.01187	0.00914	0.01014	0.00928	0.01162	0.01012	0.00711	0.06642	0.48740	0.07158	0.05887	0.18745	0.01990	0.00870	0.00537	0.00173	0.00376	0.00748	0.00507	0.00700
30	0.01363	0.00592	0.00694	0.00605	0.00810	0.00554	0.00476	0.01582	0.01172	0.27714	0.01739	0.01805	0.01263	0.00593	0.00399	0.00129	0.00296	0.00477	0.57145	0.00592
31	0.01411	0.01174	0.01752	0.02320	0.50792	0.01211	0.01277	0.13096	0.12155	0.07992	0.01209	0.01352	0.00935	0.00513	0.00497	0.00152	0.00545	0.00466	0.00349	0.00803
32	0.01724	0.06748	0.01490	0.01092	0.01462	0.01487	0.00903	0.60910	0.09654	0.02797	0.01287	0.03214	0.00972	0.00719	0.03069	0.00171	0.00551	0.00474	0.00472	0.00804
33	0.01150	0.26247	0.39943	0.01391	0.07877	0.01396	0.06966	0.03096	0.01082	0.01497	0.00852	0.01014	0.00665	0.00451	0.00433	0.00139	0.00652	0.00358	0.00227	0.04564
34	0.01439	0.65788	0.07567	0.00896	0.01337	0.01742	0.00902	0.01631	0.01074	0.12357	0.00887	0.00944	0.00724	0.00457	0.00356	0.00117	0.00531	0.00307	0.00270	0.00676
35	0.01295	0.70761	0.08977	0.00983	0.01440	0.01858	0.06057	0.01507	0.01027	0.01234	0.00731	0.00857	0.00647	0.00430	0.00350	0.00115	0.00570	0.00296	0.00216	0.00650
36	0.01281	0.01131	0.01935	0.11617	0.60950	0.01142	0.04905	0.01578	0.01145	0.07996	0.01019	0.01287	0.00810	0.00463	0.00499	0.00151	0.00598	0.00455	0.00275	0.00763

[dist]
# distance from previous block
# <min> <max>
0	12

[block]
# block no. 2 follows, 50 sequences, length 42
# corresponding to MSA columns:
# 242-283
name=unknown_C
#
# <colnr> <probs for GDERKNQSTAVLIFYWHMCP>
#	G	D	E	R	K	N	Q	S	T	A	V	L	I	F	Y	W	H	M	C	P
0	0.04041	0.07086	0.20936	0.04658	0.42730	0.01209	0.06049	0.01514	0.01096	0.01588	0.00969	0.01321	0.00805	0.00486	0.00484	0.00153	0.00628	0.03272	0.00245	0.00731
1	0.01310	0.55834	0.04999	0.12347	0.01719	0.01739	0.05567	0.08737	0.01149	0.01414	0.00794	0.00954	0.00670	0.00454	0.00383	0.00125	0.00578	0.00332	0.00244	0.00653
2	0.00677	0.00501	0.00727	0.00765	0.00834	0.00550	0.00569	0.00825	0.00852	0.01196	0.01807	0.28779	0.01932	0.03010	0.53796	0.00601	0.00985	0.00829	0.00332	0.00432
3	0.01094	0.03821	0.49760	0.06808	0.02030	0.01118	0.07048	0.01668	0.08483	0.06307	0.06171	0.01377	0.01029	0.00534	0.00492	0.00159	0.00651	0.00448	0.00289	0.00712
4	0.01272	0.05788	0.50711	0.01328	0.01938	0.01099	0.08750	0.01728	0.01149	0.17304	0.03480	0.01279	0.00888	0.00512	0.00486	0.00156	0.00659	0.00427	0.00307	0.00740
5	0.00614	0.00439	0.00585	0.00689	0.00725	0.00410	0.00463	0.00712	0.00988	0.01325	0.08311	0.76443	0.03399	0.01522	0.00633	0.00199	0.00285	0.01379	0.00469	0.00410
6	0.02214	0.00884	0.01179	0.00904	0.01290	0.00786	0.00747	0.07339	0.01486	0.74724	0.01916	0.01664	0.01209	0.00616	0.00501	0.00154	0.00432	0.00498	0.00609	0.00848
7	0.01464	0.06832	0.07226	0.01189	0.06088	0.06897	0.05901	0.19380	0.08263	0.14089	0.04129	0.10412	0.04510	0.00707	0.00509	0.00156	0.00525	0.00594	0.00424	0.00707
8	0.01542	0.09119	0.01497	0.06326	0.01564	0.12590	0.03506	0.30327	0.16484	0.03919	0.05962	0.01472	0.02274	0.00607	0.00486	0.00149	0.00559	0.00477	0.00417	0.00724
9	0.00684	0.00504	0.00639	0.00614	0.00733	0.00460	0.00457	0.00895	0.01346	0.01866	0.64367	0.08462	0.14952	0.01085	0.00591	0.00161	0.00241	0.00952	0.00532	0.00460
10	0.00803	0.00574	0.00803	0.00918	0.01033	0.00574	0.00803	0.01033	0.01147	0.01492	0.02639	0.05622	0.02869	0.01377	0.00688	0.00229	0.00459	0.76018	0.00459	0.00459
11	0.01485	0.01350	0.01407	0.01176	0.02749	0.16954	0.08324	0.32157	0.05378	0.02193	0.12293	0.09260	0.01607	0.00717	0.00524	0.00154	0.00571	0.00599	0.00426	0.00677
12	0.00633	0.00497	0.00577	0.00623	0.00730	0.00450	0.00446	0.00799	0.03852	0.01391	0.09191	0.37893	0.36700	0.01355	0.00609	0.00184	0.00277	0.02892	0.00470	0.00432
13	0.00700	0.00509	0.00659	0.00621	0.00741	0.00468	0.00466	0.00930	0.01398	0.01968	0.75659	0.03773	0.08174	0.01030	0.00588	0.00157	0.00236	0.00908	0.00545	0.00468
14	0.01294	0.73515	0.11542	0.00918	0.01381	0.01878	0.00967	0.01502	0.01017	0.01220	0.00716	0.00829	0.00639	0.00432	0.00338	0.00113	0.00557	0.00278	0.00213	0.00651
15	0.01103	0.01011	0.08727	0.32862	0.07173	0.00978	0.01085	0.05996	0.06423	0.07259	0.01345	0.06431	0.02091	0.04428	0.00597	0.00175	0.01414	0.00531	0.09762	0.00609
16	0.00669	0.00495	0.00624	0.00667	0.00761	0.00458	0.00496	0.00825	0.01141	0.01514	0.24679	0.28149	0.18921	0.05089	0.00710	0.00200	0.00303	0.13391	0.00479	0.00431
17	0.00723	0.00537	0.00727	0.06503	0.00941	0.00517	0.00537	0.00965	0.01381	0.01946	0.73411	0.03549	0.04409	0.00981	0.00581	0.00157	0.00266	0.00868	0.00525	0.00476
18	0.01158	0.01153	0.01669	0.22054	0.18351	0.05925	0.04135	0.03954	0.01008	0.01391	0.00811	0.01183	0.00695	0.00640	0.00959	0.00181	0.33441	0.00439	0.00238	0.00616
19	0.01169	0.01289	0.09440	0.13223	0.56668	0.01177	0.06751	0.01505	0.01112	0.01574	0.00931	0.01237	0.00756	0.00452	0.00499	0.00153	0.00633	0.00447	0.00240	0.00745
20	0.01347	0.01124	0.01188	0.01036	0.01337	0.01290	0.00815	0.14949	0.65997	0.02258	0.01892	0.01751	0.01411	0.00663	0.00506	0.00166	0.00420	0.00545	0.00506	0.00799
21	0.01340	0.09940	0.20260	0.07299	0.15878	0.23808	0.03604	0.01715	0.06206	0.01445	0.00916	0.01099	0.00729	0.00501	0.00500	0.00146	0.03304	0.00385	0.00252	0.00674
22	0.01136	0.07039	0.54320	0.01480	0.02125	0.01261	0.14970	0.08835	0.01195	0.01706	0.00931	0.01102	0.00674	0.00473	0.00487	0.00156	0.00725	0.00408	0.00245	0.00730
23	0.01216	0.01216	0.02224	0.04134	0.60607	0.01200	0.18871	0.01541	0.01142	0.01615	0.00953	0.01261	0.00780	0.00440	0.00515	0.00153	0.00650	0.00477	0.00248	0.00759
24	0.00604	0.00491	0.00535	0.00555	0.00690	0.00422	0.00404	0.00733	0.01126	0.01394	0.11647	0.20268	0.56798	0.01299	0.00598	0.00174	0.00258	0.01111	0.00471	0.00422
25	0.01165	0.16857	0.47291	0.01337	0.01938	0.02497	0.08744	0.06853	0.05789	0.01639	0.00956	0.01090	0.00713	0.00481	0.00460	0.00149	0.00679	0.00387	0.00253	0.00721
26	0.01528	0.18184	0.06486	0.08793	0.01754	0.01496	0.06657	0.35245	0.09050	0.04337	0.01132	0.01207	0.00843	0.00541	0.00468	0.00146	0.00571	0.00428	0.00382	0.00751
27	0.01977	0.01324	0.01406	0.01091	0.01478	0.06493	0.00895	0.54114	0.02056	0.21995	0.01360	0.01301	0.00930	0.00597	0.00496	0.00149	0.00541	0.00453	0.00512	0.00830
28	0.07611	0.01064	0.01137	0.00984	0.01293	0.01192	0.00778	0.09689	0.55254	0.12581	0.01844	0.01698	0.01347	0.00645	0.00491	0.00164	0.00412	0.00523	0.00507	0.00784
29	0.06891	0.49464	0.05775	0.08715	0.07210	0.01628	0.00976	0.06107	0.01119	0.06805	0.00856	0.00979	0.00699	0.00462	0.00379	0.00127	0.00543	0.00328	0.00267	0.00667
30	0.00710	0.00536	0.00660	0.00646	0.00769	0.00506	0.00477	0.00986	0.06581	0.01796	0.51044	0.15931	0.15255	0.01116	0.00590	0.00166	0.00257	0.00981	0.00520	0.00475
31	0.00607	0.00434	0.00578	0.00694	0.00723	0.00405	0.00463	0.00694	0.00954	0.01272	0.02747	0.82157	0.03297	0.01562	0.00636	0.00202	0.00289	0.01417	0.00463	0.00405
32	0.01174	0.01365	0.10958	0.02511	0.45006	0.01181	0.24092	0.01536	0.01139	0.01608	0.01018	0.01412	0.00841	0.00476	0.00527	0.00158	0.00677	0.03334	0.00252	0.00736
33	0.13543	0.13967	0.08951	0.08586	0.01523	0.01110	0.00912	0.06479	0.02999	0.29819	0.01378	0.01562	0.01019	0.00590	0.00455	0.00153	0.00498	0.05337	0.00413	0.00706
34	0.00613	0.00506	0.00538	0.00530	0.00688	0.00431	0.00397	0.00761	0.01192	0.01478	0.19997	0.04580	0.64141	0.01213	0.00589	0.00166	0.00249	0.01022	0.00480	0.00431
35	0.00605	0.00442	0.00570	0.00672	0.00717	0.00407	0.00453	0.00697	0.00976	0.01281	0.03019	0.73014	0.12264	0.01526	0.00631	0.00198	0.00285	0.01374	0.00463	0.00407
36	0.01289	0.06734	0.14652	0.09364	0.27522	0.07966	0.01263	0.07171	0.01258	0.07019	0.09044	0.01440	0.01166	0.00546	0.00498	0.00149	0.01443	0.00461	0.00312	0.00703
37	0.01470	0.00877	0.01089	0.00804	0.01217	0.00708	0.00653	0.01679	0.01170	0.29875	0.01272	0.01275	0.00916	0.00470	0.00444	0.00106	0.02125	0.00373	0.00410	0.53070
38	0.09337	0.00662	0.00832	0.00731	0.00950	0.00618	0.00577	0.01465	0.01316	0.27480	0.36631	0.07930	0.04174	0.00889	0.00541	0.00162	0.00326	0.04246	0.00537	0.00596
39	0.01327	0.00669	0.00867	0.00758	0.00994	0.00604	0.00608	0.01567	0.03966	0.32901	0.25362	0.04174	0.14225	0.00928	0.00562	0.00166	0.00343	0.08805	0.00551	0.00623
40	0.04470	0.51082	0.18838	0.01051	0.01505	0.05944	0.03087	0.01521	0.01025	0.01314	0.00746	0.00891	0.00638	0.00470	0.00448	0.00129	0.05660	0.00310	0.00220	0.00648
41	0.14131	0.12616	0.42713	0.01204	0.01774	0.01241	0.06308	0.04410	0.01957	0.01701	0.02112	0.01057	0.00716	0.00472	0.00432	0.00146	0.00622	0.00364	0.00253	0.05770

[dist]
# distance from previous block
# <min> <max>
1	3

[block]
# block no. 3 follows, 50 sequences, length 22
# corresponding to MSA columns:
# 287-308
name=unknown_D
#
# <colnr> <probs for GDERKNQSTAVLIFYWHMCP>
#	G	D	E	R	K	N	Q	S	T	A	V	L	I	F	Y	W	H	M	C	P
0	0.28911	0.10708	0.44011	0.01106	0.01659	0.02846	0.01290	0.01540	0.00989	0.01743	0.00805	0.00942	0.00602	0.00466	0.00402	0.00151	0.00603	0.00324	0.00244	0.00658
1	0.00838	0.01104	0.20107	0.00883	0.01223	0.00703	0.06159	0.01146	0.03511	0.05273	0.09094	0.03322	0.42797	0.00944	0.00554	0.00164	0.00423	0.00800	0.00402	0.00551
2	0.01184	0.00846	0.01073	0.00939	0.03000	0.00882	0.03484	0.19501	0.07172	0.03079	0.07264	0.01821	0.04245	0.01020	0.01000	0.26930	0.03458	0.02649	0.02976	0.07477
3	0.00888	0.00584	0.00998	0.05879	0.01090	0.00600	0.09798	0.00834	0.00754	0.01017	0.00946	0.01541	0.00890	0.01760	0.11985	0.58807	0.00615	0.00465	0.00228	0.00322
4	0.00906	0.00749	0.00896	0.00720	0.01039	0.00587	0.00551	0.01094	0.01037	0.01559	0.06238	0.21590	0.01629	0.00709	0.00450	0.00111	0.00341	0.00615	0.00353	0.58825
5	0.01008	0.00858	0.01006	0.00734	0.01152	0.00649	0.00582	0.01224	0.01038	0.01616	0.02607	0.04679	0.00934	0.00436	0.00386	0.00081	0.00363	0.00358	0.00308	0.79982
6	0.00869	0.00778	0.01267	0.47232	0.11093	0.00896	0.01111	0.01120	0.00999	0.01313	0.01476	0.26679	0.01504	0.00826	0.00541	0.00175	0.00539	0.00749	0.00300	0.00533
7	0.07227	0.46264	0.03917	0.00945	0.01340	0.09081	0.00866	0.11755	0.06130	0.06912	0.00943	0.00996	0.00756	0.00490	0.00383	0.00126	0.00548	0.00333	0.00307	0.00681
8	0.01131	0.00975	0.03639	0.00984	0.06151	0.00773	0.03647	0.01453	0.06474	0.06571	0.01087	0.03104	0.00886	0.00445	0.00413	0.00099	0.00416	0.00377	0.00327	0.61048
9	0.02570	0.21749	0.41344	0.01423	0.06107	0.02460	0.10927	0.01582	0.01072	0.03930	0.00887	0.01052	0.00675	0.00464	0.00466	0.00146	0.01830	0.00378	0.00233	0.00703
10	0.01768	0.01030	0.01547	0.06362	0.11005	0.01004	0.10958	0.11195	0.06169	0.39893	0.02863	0.01556	0.01112	0.00571	0.00513	0.00156	0.00524	0.00506	0.00478	0.00790
11	0.00644	0.00488	0.00647	0.06282	0.00909	0.00467	0.00517	0.00778	0.01058	0.01403	0.15626	0.53042	0.13578	0.01357	0.00612	0.00188	0.00301	0.01214	0.00460	0.00428
12	0.01234	0.01334	0.05583	0.08325	0.25602	0.13923	0.09398	0.06388	0.05922	0.01635	0.05163	0.01768	0.10322	0.00607	0.00513	0.00153	0.00610	0.00537	0.00317	0.00665
13	0.01156	0.00739	0.03472	0.10936	0.01379	0.00680	0.04425	0.01381	0.03474	0.22385	0.02136	0.37489	0.02131	0.01049	0.00574	0.00182	0.00425	0.04949	0.00457	0.00580
14	0.00778	0.00562	0.00768	0.00858	0.00977	0.00552	0.00738	0.01001	0.01175	0.01537	0.11075	0.05361	0.08250	0.01330	0.00671	0.00217	0.00421	0.62800	0.00469	0.00458
15	0.00975	0.01745	0.40969	0.33832	0.03867	0.01115	0.04419	0.01430	0.01049	0.01472	0.03882	0.01280	0.00807	0.00502	0.00493	0.00161	0.00690	0.00428	0.00230	0.00651
16	0.11443	0.11879	0.03264	0.02293	0.51619	0.02943	0.02310	0.01541	0.02925	0.01639	0.00946	0.01254	0.00809	0.00477	0.00454	0.00146	0.00564	0.02507	0.00262	0.00724
17	0.02763	0.01769	0.45509	0.01249	0.06138	0.00946	0.01341	0.01540	0.01184	0.11926	0.18857	0.01751	0.01645	0.00615	0.00501	0.00156	0.00566	0.00510	0.00345	0.00690
18	0.00723	0.00551	0.00663	0.00690	0.00823	0.00515	0.00540	0.04300	0.01205	0.01554	0.15635	0.18366	0.31242	0.01275	0.00618	0.00187	0.00321	0.19859	0.00477	0.00455
19	0.01298	0.11923	0.10718	0.01005	0.01325	0.11604	0.03789	0.09528	0.04278	0.09815	0.08346	0.05555	0.08381	0.04702	0.02178	0.00181	0.02475	0.01899	0.00376	0.00624
20	0.01161	0.01143	0.02888	0.17957	0.06370	0.06036	0.31997	0.02247	0.01152	0.06284	0.06577	0.05547	0.01206	0.04269	0.00666	0.00179	0.02814	0.00589	0.00303	0.00614
21	0.01056	0.00990	0.01419	0.53671	0.02681	0.05150	0.01218	0.06456	0.01073	0.01384	0.00986	0.01560	0.00832	0.04296	0.00748	0.00187	0.11400	0.04079	0.00257	0.00558

[dist]
# distance from previous block
# <min> <max>
0	2

[block]
# block no. 4 follows, 50 sequences, length 22
# corresponding to MSA columns:
# 311-332
name=unknown_E
#
# <colnr> <probs for GDERKNQSTAVLIFYWHMCP>
#	G	D	E	R	K	N	Q	S	T	A	V	L	I	F	Y	W	H	M	C	P
0	0.03099	0.05057	0.36017	0.01234	0.01792	0.01148	0.07117	0.14625	0.01320	0.11573	0.01075	0.01162	0.00765	0.00493	0.00467	0.00144	0.00611	0.00400	0.00326	0.11573
1	0.46622	0.01257	0.12292	0.00881	0.01263	0.03048	0.00816	0.07122	0.08828	0.12050	0.01056	0.01092	0.00764	0.00516	0.00394	0.00155	0.00466	0.00357	0.00366	0.00655
2	0.01285	0.01059	0.02061	0.08092	0.03804	0.01024	0.40891	0.01604	0.01144	0.16732	0.01252	0.01550	0.00945	0.02932	0.11849	0.00261	0.00792	0.00550	0.01519	0.00656
3	0.00632	0.00452	0.00607	0.00723	0.00762	0.00426	0.00506	0.00737	0.00979	0.01300	0.02733	0.72394	0.03242	0.01538	0.00643	0.00206	0.00311	0.10933	0.00462	0.00412
4	0.01333	0.82783	0.02612	0.00853	0.01279	0.01972	0.00853	0.01493	0.01013	0.01173	0.00693	0.00800	0.00640	0.00426	0.00320	0.00107	0.00533	0.00267	0.00213	0.00640
5	0.01011	0.05326	0.77252	0.01401	0.02127	0.01186	0.01808	0.01576	0.01051	0.01565	0.00888	0.01044	0.00632	0.00472	0.00468	0.00156	0.00730	0.00365	0.00211	0.00733
6	0.49333	0.00997	0.00957	0.00798	0.01134	0.01088	0.00654	0.11075	0.07107	0.20777	0.01160	0.01148	0.00818	0.00532	0.00393	0.00155	0.00415	0.00369	0.00420	0.00670
7	0.00694	0.00470	0.00553	0.00584	0.00591	0.00462	0.00345	0.00717	0.00786	0.01048	0.01883	0.24221	0.02207	0.60985	0.02032	0.00409	0.00432	0.00909	0.00345	0.00329
8	0.00617	0.00441	0.00587	0.00687	0.00725	0.00411	0.00463	0.00719	0.01000	0.01345	0.10378	0.74320	0.03437	0.01507	0.00631	0.00198	0.00284	0.01365	0.00471	0.00411
9	0.01978	0.01125	0.01311	0.01020	0.01402	0.01160	0.00838	0.37366	0.09551	0.36445	0.01616	0.01481	0.01083	0.00614	0.00501	0.00154	0.00479	0.00483	0.00551	0.00842
10	0.01434	0.02121	0.45184	0.01285	0.01851	0.12126	0.01421	0.15176	0.01378	0.11773	0.01067	0.01139	0.00748	0.00519	0.00478	0.00152	0.00686	0.00393	0.00320	0.00749
11	0.01096	0.00584	0.00754	0.00665	0.00848	0.00531	0.00515	0.01318	0.01362	0.20465	0.49181	0.03027	0.05133	0.00873	0.00537	0.00151	0.00280	0.00754	0.11368	0.00558
12	0.01371	0.01382	0.01102	0.01003	0.01194	0.31248	0.00759	0.14811	0.01324	0.01523	0.01276	0.02066	0.01229	0.18616	0.11142	0.00304	0.00760	0.08022	0.00331	0.00537
13	0.02193	0.00918	0.01200	0.00920	0.01307	0.00836	0.00760	0.12032	0.01544	0.69950	0.01868	0.01633	0.01185	0.00615	0.00501	0.00154	0.00440	0.00495	0.00602	0.00848
14	0.01017	0.00956	0.01950	0.01481	0.01775	0.00922	0.43492	0.01213	0.00965	0.01315	0.01013	0.01484	0.00859	0.01289	0.12498	0.25700	0.00790	0.00534	0.00244	0.00504
15	0.00676	0.00517	0.00632	0.00702	0.00794	0.00494	0.00511	0.00892	0.06953	0.01380	0.03226	0.47838	0.21166	0.01399	0.00622	0.00195	0.00310	0.10781	0.00466	0.00445
16	0.00982	0.00927	0.01568	0.70482	0.13920	0.01118	0.01404	0.01309	0.01016	0.01323	0.00893	0.01316	0.00682	0.00491	0.00498	0.00164	0.00654	0.00443	0.00225	0.00586
17	0.01170	0.01222	0.02402	0.02445	0.36437	0.01178	0.39589	0.01516	0.01146	0.01592	0.01075	0.05866	0.00915	0.00495	0.00549	0.00161	0.00699	0.00571	0.00262	0.00709
18	0.01978	0.00936	0.01223	0.01033	0.05691	0.00882	0.00793	0.15946	0.01576	0.54297	0.08782	0.01764	0.01454	0.00640	0.00508	0.00153	0.00439	0.00525	0.00568	0.00810
19	0.01392	0.01508	0.15578	0.02089	0.37577	0.02525	0.02563	0.23564	0.04760	0.02068	0.01050	0.01214	0.00807	0.00504	0.00493	0.00151	0.00605	0.00437	0.00324	0.00792
20	0.02467	0.09046	0.42295	0.01588	0.14133	0.01237	0.05269	0.09152	0.01205	0.02918	0.01032	0.01352	0.00819	0.00528	0.00481	0.00155	0.00656	0.04669	0.00269	0.00727
21	0.01265	0.70372	0.09978	0.00895	0.01334	0.01809	0.00927	0.01470	0.01039	0.01259	0.05147	0.00989	0.00869	0.00465	0.00350	0.00114	0.00536	0.00312	0.00232	0.00639

[dist]
# distance from previous block
# <min> <max>
0	4

[block]
# block no. 5 follows, 50 sequences, length 17
# corresponding to MSA columns:
# 337-353
name=unknown_F
#
# <colnr> <probs for GDERKNQSTAVLIFYWHMCP>
#	G	D	E	R	K	N	Q	S	T	A	V	L	I	F	Y	W	H	M	C	P
0	0.05567	0.32526	0.03004	0.05898	0.04590	0.11507	0.00818	0.08972	0.01130	0.01416	0.00970	0.01444	0.00919	0.18339	0.00857	0.00204	0.00577	0.00412	0.00273	0.00577
1	0.01031	0.00929	0.01490	0.02150	0.49386	0.00919	0.01140	0.01260	0.01083	0.01494	0.01712	0.05776	0.09085	0.09870	0.00763	0.00200	0.00516	0.10246	0.00311	0.00640
2	0.11947	0.13667	0.09096	0.00813	0.01266	0.00973	0.00749	0.01351	0.01009	0.01629	0.00833	0.00971	0.00687	0.00400	0.00364	0.00098	0.00433	0.00295	0.00276	0.53145
3	0.51547	0.00937	0.00819	0.00707	0.00991	0.01057	0.00575	0.15833	0.01174	0.02325	0.00992	0.01111	0.00759	0.00514	0.00353	0.00145	0.00383	0.00346	0.18849	0.00582
4	0.00743	0.00486	0.00625	0.00713	0.00787	0.00474	0.00543	0.00905	0.01031	0.01464	0.02444	0.38505	0.02689	0.02992	0.00630	0.00198	0.00335	0.25074	0.18929	0.00433
5	0.01089	0.01178	0.17914	0.01466	0.18357	0.00844	0.06073	0.01389	0.01178	0.11461	0.16710	0.16578	0.02036	0.00788	0.00541	0.00164	0.00492	0.00713	0.00385	0.00645
6	0.01644	0.00864	0.01363	0.18514	0.01827	0.00836	0.09438	0.01883	0.01258	0.44579	0.03184	0.09633	0.01329	0.00671	0.00525	0.00163	0.00506	0.00597	0.00473	0.00713
7	0.00713	0.00518	0.00718	0.00785	0.00873	0.00523	0.00620	0.00892	0.01054	0.01422	0.12232	0.24754	0.04894	0.01891	0.18048	0.00336	0.00571	0.28283	0.00430	0.00442
8	0.00677	0.00440	0.00554	0.00644	0.00692	0.00418	0.00438	0.00796	0.00974	0.01400	0.02503	0.64664	0.02857	0.01348	0.00574	0.00184	0.00277	0.01210	0.18934	0.00418
9	0.01302	0.01523	0.02464	0.09813	0.02456	0.18504	0.53285	0.01650	0.01210	0.01482	0.00944	0.01246	0.00722	0.00448	0.00549	0.00159	0.00836	0.00516	0.00250	0.00640
10	0.01051	0.00967	0.01616	0.12456	0.48587	0.01013	0.01260	0.01315	0.01035	0.01462	0.01109	0.05491	0.01000	0.01225	0.17933	0.00295	0.00748	0.00513	0.00259	0.00665
11	0.00720	0.00523	0.00686	0.00683	0.00803	0.00490	0.00537	0.00947	0.01337	0.01848	0.57906	0.04203	0.08873	0.01112	0.00610	0.00173	0.00285	0.17275	0.00524	0.00465
12	0.00632	0.00452	0.00607	0.00723	0.00763	0.00426	0.00506	0.00737	0.00979	0.01300	0.02733	0.72365	0.03242	0.01538	0.00643	0.00206	0.00311	0.10962	0.00462	0.00412
13	0.01407	0.01236	0.02552	0.01836	0.02315	0.01145	0.60825	0.01778	0.01231	0.18616	0.01217	0.01421	0.00860	0.00463	0.00569	0.00165	0.00750	0.00569	0.00332	0.00711
14	0.00766	0.00592	0.00718	0.00774	0.00877	0.00606	0.00563	0.01161	0.17882	0.01493	0.04582	0.50910	0.07021	0.01321	0.00610	0.00195	0.00326	0.08632	0.00474	0.00496
15	0.00736	0.00505	0.00700	0.00700	0.00749	0.00554	0.00497	0.00807	0.00757	0.01059	0.01350	0.02315	0.01377	0.28483	0.45701	0.11536	0.00949	0.00582	0.00272	0.00370
16	0.02147	0.00992	0.01246	0.00955	0.01344	0.00946	0.00789	0.22215	0.01668	0.59593	0.01764	0.01565	0.01132	0.00612	0.00501	0.00153	0.00457	0.00487	0.00586	0.00848

[dist]
# distance from previous block
# <min> <max>
0	2

[block]
# block no. 6 follows, 50 sequences, length 8
# corresponding to MSA columns:
# 356-363
name=unknown_G
#
# <colnr> <probs for GDERKNQSTAVLIFYWHMCP>
#	G	D	E	R	K	N	Q	S	T	A	V	L	I	F	Y	W	H	M	C	P
0	0.10971	0.01071	0.01190	0.00935	0.01288	0.01121	0.00768	0.37067	0.01746	0.27076	0.01434	0.01387	0.00985	0.00588	0.00462	0.00148	0.00456	0.00448	0.10089	0.00771
1	0.01052	0.00938	0.01320	0.18771	0.09187	0.05333	0.09540	0.01486	0.14279	0.01585	0.08156	0.01848	0.05121	0.00713	0.00623	0.07368	0.00513	0.00545	0.11048	0.00578
2	0.01029	0.00930	0.05776	0.01086	0.05057	0.00858	0.09423	0.15800	0.01358	0.01851	0.18763	0.05758	0.07510	0.08320	0.07497	0.00249	0.00548	0.07207	0.00408	0.00573
3	0.00607	0.00434	0.00578	0.00694	0.00723	0.00405	0.00463	0.00694	0.00954	0.01272	0.02747	0.82157	0.03297	0.01562	0.00636	0.00202	0.00289	0.01417	0.00463	0.00405
4	0.10923	0.01036	0.01258	0.12939	0.01622	0.01134	0.05072	0.28883	0.08049	0.05611	0.01688	0.10308	0.07895	0.00727	0.00506	0.00163	0.00491	0.00604	0.00421	0.00670
5	0.05374	0.09966	0.01867	0.06088	0.50165	0.01290	0.01284	0.06087	0.09908	0.01732	0.01035	0.01239	0.00841	0.00481	0.00468	0.00147	0.00554	0.00430	0.00289	0.00753
6	0.00963	0.00848	0.01210	0.33735	0.05839	0.00925	0.00968	0.01267	0.04432	0.01456	0.01433	0.01683	0.09250	0.00596	0.00563	0.00145	0.07340	0.00483	0.07633	0.19231
7	0.01425	0.01369	0.10056	0.01307	0.01731	0.01254	0.17887	0.36065	0.05343	0.02293	0.01270	0.08235	0.01039	0.00613	0.00517	0.00154	0.00588	0.00547	0.00394	0.07913

[dist]
# distance from previous block
# <min> <max>
1	35

[block]
# block no. 7 follows, 50 sequences, length 26
# corresponding to MSA columns:
# 399-424
name=unknown_H
#
# <colnr> <probs for GDERKNQSTAVLIFYWHMCP>
#	G	D	E	R	K	N	Q	S	T	A	V	L	I	F	Y	W	H	M	C	P
0	0.07477	0.12521	0.05943	0.00989	0.01246	0.00925	0.13187	0.01214	0.05668	0.01546	0.11586	0.28642	0.05216	0.00933	0.00533	0.00168	0.00445	0.00838	0.00380	0.00543
1	0.26506	0.01090	0.06076	0.03714	0.33100	0.01035	0.01051	0.01459	0.01065	0.04876	0.07013	0.02720	0.01093	0.00532	0.00443	0.00150	0.00486	0.01574	0.00310	0.05708
2	0.09707	0.04081	0.05805	0.08048	0.01412	0.00849	0.00797	0.01846	0.03410	0.37813	0.11710	0.01715	0.01477	0.00607	0.00473	0.00147	0.00434	0.00492	0.00470	0.08708
3	0.01053	0.14517	0.61188	0.01274	0.01938	0.01236	0.01581	0.01537	0.01045	0.01521	0.00863	0.01013	0.00642	0.00457	0.00441	0.00143	0.00673	0.00346	0.00218	0.08314
4	0.20074	0.01330	0.15268	0.01477	0.10840	0.01101	0.18715	0.03361	0.01110	0.13016	0.01105	0.03881	0.00852	0.00595	0.02130	0.00174	0.03502	0.00468	0.00321	0.00679
5	0.00932	0.00532	0.00659	0.00635	0.00720	0.00503	0.00425	0.01019	0.00986	0.13076	0.13413	0.18575	0.02433	0.39914	0.01508	0.00320	0.00393	0.00847	0.02676	0.00434
6	0.00632	0.00452	0.00605	0.00709	0.00752	0.00425	0.00494	0.00743	0.01007	0.01348	0.08641	0.69241	0.03367	0.01503	0.00637	0.00201	0.00300	0.08056	0.00469	0.00415
7	0.01169	0.15933	0.56653	0.01308	0.01930	0.11756	0.01561	0.01619	0.01093	0.01464	0.00845	0.00990	0.00634	0.00471	0.00445	0.00145	0.00724	0.00345	0.00217	0.00700
8	0.01434	0.06109	0.09616	0.06144	0.13684	0.07051	0.01069	0.12587	0.22106	0.10343	0.02255	0.01425	0.01054	0.00567	0.00482	0.00152	0.00542	0.00461	0.02170	0.00750
9	0.00636	0.00481	0.00573	0.00600	0.00696	0.00434	0.00422	0.00766	0.01109	0.01451	0.22488	0.29481	0.29039	0.08570	0.00778	0.00205	0.00281	0.01103	0.00470	0.00417
10	0.00613	0.00488	0.00552	0.00591	0.00711	0.00427	0.00432	0.00739	0.01098	0.01370	0.08561	0.27963	0.48031	0.01344	0.00608	0.00181	0.00273	0.05129	0.00468	0.00421
11	0.01266	0.05655	0.15315	0.02922	0.28053	0.01129	0.09369	0.06160	0.02473	0.09930	0.01120	0.01345	0.00872	0.00913	0.11046	0.00237	0.00716	0.00457	0.00301	0.00721
12	0.09611	0.00881	0.01118	0.00871	0.01237	0.00813	0.00717	0.07793	0.01441	0.63053	0.05888	0.01688	0.01328	0.00623	0.00488	0.00154	0.00420	0.00498	0.00577	0.00801
13	0.01120	0.26531	0.16611	0.00904	0.01398	0.01163	0.00911	0.01390	0.01031	0.01476	0.00828	0.00965	0.00687	0.00407	0.00374	0.00100	0.00490	0.00300	0.00254	0.43060
14	0.01039	0.02361	0.69027	0.01370	0.02045	0.01142	0.03124	0.06128	0.01154	0.01698	0.05563	0.01225	0.00889	0.00512	0.00484	0.00157	0.00697	0.00409	0.00249	0.00726
15	0.01265	0.09478	0.39831	0.07309	0.06556	0.09582	0.06715	0.03691	0.02012	0.07573	0.00976	0.01126	0.00716	0.00486	0.00471	0.00150	0.00695	0.00394	0.00264	0.00708
16	0.01199	0.14927	0.26938	0.01445	0.05952	0.06349	0.17964	0.01552	0.01119	0.06184	0.03046	0.07452	0.01014	0.00569	0.00512	0.00154	0.02171	0.00505	0.00278	0.00670
17	0.00866	0.00433	0.00649	0.00649	0.00649	0.00433	0.00433	0.00649	0.00649	0.00866	0.00866	0.01515	0.00866	0.01732	0.01948	0.85498	0.00433	0.00433	0.00216	0.00216
18	0.01541	0.06879	0.10646	0.01192	0.01509	0.46320	0.01006	0.02895	0.14170	0.01423	0.01037	0.01153	0.00834	0.00769	0.06334	0.00187	0.00801	0.00381	0.00294	0.00629
19	0.01377	0.05591	0.03916	0.11301	0.26725	0.06381	0.01158	0.19768	0.03030	0.02907	0.01033	0.01272	0.00824	0.00509	0.00472	0.00141	0.00576	0.01961	0.00322	0.10736
20	0.00638	0.00464	0.00608	0.00707	0.00765	0.00434	0.00506	0.00755	0.01017	0.01338	0.05606	0.60400	0.10708	0.01486	0.00638	0.00202	0.00309	0.12537	0.00465	0.00417
21	0.00613	0.00454	0.00565	0.00649	0.00707	0.00415	0.00442	0.00706	0.00983	0.01274	0.03165	0.60170	0.19216	0.06025	0.00734	0.00211	0.00295	0.02518	0.00454	0.00403
22	0.00798	0.00722	0.01152	0.33891	0.01990	0.00778	0.07721	0.01028	0.01045	0.01338	0.05068	0.18725	0.19855	0.02955	0.00610	0.00182	0.00487	0.00821	0.00344	0.00493
23	0.03593	0.29555	0.13397	0.02448	0.03228	0.18234	0.06974	0.11832	0.01304	0.03858	0.00876	0.00996	0.00694	0.00482	0.00426	0.00134	0.00662	0.00355	0.00278	0.00676
24	0.53298	0.00967	0.00893	0.11684	0.01331	0.05743	0.00712	0.01368	0.00934	0.01880	0.01049	0.07298	0.00977	0.00644	0.00436	0.00166	0.02612	0.07167	0.00316	0.00527
25	0.01030	0.00555	0.00742	0.00740	0.00870	0.00507	0.00544	0.01165	0.01123	0.20207	0.11555	0.43998	0.02859	0.05549	0.00702	0.00202	0.00337	0.06295	0.00501	0.00517

[dist]
# distance from previous block
# <min> <max>
0	2

[block]
# block no. 8 follows, 50 sequences, length 51
# corresponding to MSA columns:
# 427-434,436-478
name=unknown_I
#
# <colnr> <probs for GDERKNQSTAVLIFYWHMCP>
#	G	D	E	R	K	N	Q	S	T	A	V	L	I	F	Y	W	H	M	C	P
0	0.63284	0.05327	0.00901	0.00696	0.01023	0.01070	0.00577	0.01539	0.00934	0.10674	0.00870	0.00981	0.00667	0.02306	0.00385	0.00152	0.00399	0.00308	0.00336	0.07571
1	0.12269	0.01325	0.09443	0.02366	0.49817	0.03478	0.07641	0.01583	0.01114	0.04970	0.00946	0.01180	0.00753	0.00457	0.00474	0.00151	0.00602	0.00425	0.00268	0.00739
2	0.70493	0.01038	0.01019	0.00842	0.01178	0.01168	0.08369	0.07756	0.01005	0.02246	0.00767	0.00896	0.00587	0.00470	0.00352	0.00155	0.00445	0.00317	0.00318	0.00579
3	0.09893	0.21622	0.25185	0.01276	0.09117	0.05205	0.02145	0.08831	0.01187	0.05080	0.00899	0.01020	0.00694	0.00471	0.00419	0.00137	0.00594	0.00350	0.00277	0.05595
4	0.00771	0.00591	0.00679	0.00636	0.00795	0.00554	0.00481	0.08601	0.01358	0.01794	0.35352	0.10354	0.33945	0.01118	0.00583	0.00164	0.00278	0.00958	0.00502	0.00483
5	0.05679	0.01409	0.04662	0.01209	0.05970	0.07874	0.00954	0.47280	0.07408	0.04483	0.01201	0.02731	0.00902	0.00582	0.00480	0.00147	0.00551	0.00445	0.00435	0.05598
6	0.09837	0.01341	0.18955	0.00950	0.01435	0.00942	0.00927	0.11369	0.01221	0.08286	0.00998	0.01091	0.00749	0.00452	0.00414	0.00117	0.00482	0.00346	0.00330	0.39757
7	0.01252	0.13872	0.42540	0.01175	0.01736	0.04441	0.02767	0.01648	0.01137	0.12836	0.05527	0.01260	0.00965	0.00512	0.00456	0.00143	0.00617	0.00401	0.00298	0.06419
8	0.05214	0.20697	0.43432	0.01339	0.08166	0.01332	0.01413	0.04896	0.01121	0.05789	0.01776	0.01068	0.00729	0.00479	0.00436	0.00145	0.00631	0.00363	0.00257	0.00717
9	0.00658	0.00455	0.00563	0.00629	0.00645	0.00439	0.00393	0.00707	0.00855	0.01140	0.02239	0.48049	0.02655	0.36545	0.01458	0.00324	0.00373	0.01118	0.00393	0.00360
10	0.00845	0.02052	0.00847	0.06597	0.01049	0.01603	0.00637	0.06113	0.00986	0.01338	0.01668	0.10767	0.01730	0.20340	0.27398	0.00456	0.00757	0.11545	0.02818	0.00451
11	0.05631	0.01335	0.12808	0.04653	0.08533	0.07530	0.08785	0.04030	0.04638	0.34897	0.01403	0.01398	0.00957	0.00543	0.00492	0.00154	0.00576	0.00459	0.00420	0.00758
12	0.09701	0.00675	0.00819	0.00732	0.00937	0.00659	0.00576	0.01444	0.07687	0.17872	0.44664	0.02971	0.03206	0.00873	0.00541	0.00161	0.00315	0.05060	0.00530	0.00580
13	0.00722	0.00528	0.00596	0.00593	0.00745	0.00466	0.00439	0.00896	0.03366	0.05961	0.14338	0.18812	0.48275	0.01231	0.00590	0.00172	0.00271	0.01054	0.00485	0.00460
14	0.01224	0.03812	0.05536	0.02508	0.44565	0.03249	0.26421	0.02501	0.01161	0.01606	0.00975	0.02353	0.00799	0.00456	0.00519	0.00154	0.00681	0.00493	0.00252	0.00734
15	0.01183	0.01081	0.01750	0.16344	0.51719	0.01128	0.01349	0.07697	0.01238	0.01728	0.08862	0.01499	0.01169	0.00524	0.00504	0.00152	0.00565	0.00491	0.00294	0.00721
16	0.00941	0.00868	0.01450	0.69454	0.06779	0.01057	0.01332	0.01261	0.01018	0.01312	0.01066	0.01759	0.00893	0.00585	0.00517	0.00172	0.00640	0.08092	0.00247	0.00555
17	0.00683	0.00531	0.00636	0.00679	0.00820	0.00484	0.00553	0.00858	0.01161	0.01456	0.10208	0.06107	0.42131	0.01291	0.00628	0.00192	0.00332	0.30340	0.00468	0.00440
18	0.01000	0.02578	0.79900	0.01421	0.02157	0.01158	0.01842	0.01579	0.01052	0.01579	0.00895	0.01052	0.00631	0.00474	0.00474	0.00158	0.00737	0.00368	0.00210	0.00737
19	0.04765	0.00936	0.01449	0.61584	0.02907	0.01156	0.01264	0.05433	0.01059	0.05115	0.00922	0.01292	0.00695	0.00546	0.00605	0.00169	0.08824	0.00438	0.00258	0.00582
20	0.01025	0.00832	0.00918	0.00832	0.01053	0.00895	0.00647	0.07986	0.35575	0.02016	0.24867	0.02913	0.14292	0.00881	0.00548	0.00166	0.00341	0.03067	0.00510	0.00635
21	0.00792	0.00495	0.00642	0.00680	0.00767	0.00453	0.00475	0.00909	0.01070	0.09306	0.13817	0.51768	0.09452	0.06029	0.00721	0.00204	0.00303	0.01180	0.00481	0.00455
22	0.00612	0.00482	0.00555	0.00608	0.00718	0.00426	0.00442	0.00730	0.01067	0.01328	0.03988	0.34688	0.44409	0.01386	0.00614	0.00186	0.00282	0.06599	0.00463	0.00417
23	0.13230	0.00915	0.01474	0.55000	0.02783	0.01085	0.08910	0.01302	0.00977	0.01436	0.00908	0.01307	0.00704	0.00752	0.07067	0.00217	0.00697	0.00440	0.00241	0.00555
24	0.09692	0.00927	0.00981	0.00924	0.01158	0.01052	0.00718	0.02114	0.53056	0.01934	0.02048	0.13659	0.01789	0.00840	0.00521	0.00177	0.00384	0.06869	0.00477	0.00681
25	0.01143	0.02200	0.60714	0.01392	0.02056	0.01097	0.08531	0.01649	0.01100	0.09492	0.01013	0.01143	0.00709	0.00478	0.00481	0.00154	0.00695	0.00398	0.00260	0.05295
26	0.49925	0.01245	0.01013	0.00861	0.01185	0.13411	0.00695	0.14883	0.01254	0.10079	0.00922	0.00980	0.00679	0.00510	0.00383	0.00149	0.00497	0.00332	0.00365	0.00630
27	0.86003	0.00964	0.00733	0.00655	0.00964	0.01118	0.00540	0.01465	0.00848	0.02236	0.00694	0.00810	0.00540	0.00463	0.00308	0.00154	0.00386	0.00270	0.00308	0.00540
28	0.01895	0.01396	0.01496	0.01147	0.01546	0.01546	0.00947	0.77711	0.02344	0.03141	0.01197	0.01197	0.00848	0.00598	0.00499	0.00150	0.00548	0.00449	0.00499	0.00848
29	0.00759	0.00616	0.01018	0.00933	0.01064	0.00688	0.08410	0.00962	0.00839	0.01202	0.01302	0.01896	0.01197	0.03402	0.72418	0.00737	0.01285	0.00540	0.00266	0.00468
30	0.01502	0.01212	0.03499	0.04935	0.06624	0.01134	0.42594	0.08063	0.01326	0.22030	0.01262	0.01412	0.00884	0.00491	0.00547	0.00162	0.00685	0.00536	0.00365	0.00736
31	0.01176	0.01345	0.02941	0.02101	0.02605	0.01261	0.77563	0.01597	0.01176	0.01597	0.01008	0.01345	0.00756	0.00420	0.00588	0.00168	0.00840	0.00588	0.00252	0.00672
32	0.00941	0.00886	0.01495	0.81285	0.03433	0.01107	0.01384	0.01274	0.00997	0.01274	0.00886	0.01329	0.00664	0.00498	0.00498	0.00166	0.00664	0.00443	0.00221	0.00554
33	0.00655	0.00505	0.00598	0.00581	0.00715	0.00448	0.00433	0.00840	0.01282	0.01707	0.46203	0.07413	0.34543	0.01139	0.00590	0.00163	0.00244	0.00983	0.00511	0.00448
34	0.00755	0.00664	0.01166	0.01034	0.01187	0.00620	0.19401	0.00936	0.01046	0.01412	0.08607	0.55850	0.02789	0.01237	0.00620	0.00190	0.00420	0.01171	0.00418	0.00476
