[name]
unknown

[dist]
# distance from previous block
# <min> <max>
0	10

[block]
# block no. 0 follows, 51 sequences, length 42
# corresponding to MSA columns:
# 10-51
name=unknown_A
#
# <colnr> <probs for GDERKNQSTAVLIFYWHMCP>
#	G	D	E	R	K	N	Q	S	T	A	V	L	I	F	Y	W	H	M	C	P
0	0.02509	0.12730	0.25183	0.03478	0.07105	0.02695	0.06825	0.10255	0.05053	0.12772	0.02737	0.01416	0.00963	0.00546	0.00473	0.00150	0.00591	0.03468	0.00335	0.00716
1	0.02167	0.07433	0.25843	0.05190	0.03413	0.05748	0.07047	0.11227	0.01255	0.04101	0.05272	0.01391	0.04525	0.00532	0.00463	0.00139	0.00585	0.00437	0.00305	0.12926
2	0.06065	0.06373	0.22513	0.01064	0.01461	0.05708	0.01045	0.14695	0.10186	0.06943	0.07250	0.05164	0.01265	0.00704	0.02310	0.00168	0.03364	0.01361	0.00366	0.01994
3	0.29616	0.06398	0.14230	0.02354	0.02499	0.01127	0.01949	0.08802	0.02339	0.09078	0.00934	0.01054	0.00706	0.00542	0.00515	0.03103	0.05033	0.00351	0.00319	0.09051
4	0.13516	0.05008	0.15193	0.01027	0.01478	0.00994	0.08973	0.01652	0.09183	0.11123	0.01097	0.01176	0.00818	0.00464	0.00424	0.00129	0.00495	0.00381	0.00330	0.26539
5	0.01154	0.15163	0.11378	0.00999	0.01470	0.02423	0.09243	0.02600	0.01075	0.04576	0.00899	0.01041	0.00719	0.00407	0.00401	0.00104	0.00501	0.00338	0.00277	0.45232
6	0.13964	0.17229	0.05650	0.01163	0.05845	0.27524	0.02044	0.03874	0.01121	0.02749	0.00819	0.01052	0.00707	0.04336	0.01903	0.00166	0.08650	0.00352	0.00261	0.00592
7	0.04332	0.00905	0.01447	0.50806	0.08610	0.01048	0.05470	0.01430	0.07969	0.05020	0.01168	0.07592	0.00966	0.00583	0.00500	0.00165	0.00585	0.00525	0.00287	0.00593
8	0.01150	0.16774	0.52630	0.01336	0.03377	0.01331	0.05411	0.09545	0.01172	0.01648	0.00884	0.01026	0.00655	0.00468	0.00448	0.00146	0.00673	0.00366	0.00240	0.00718
9	0.00609	0.00437	0.00591	0.00694	0.00728	0.00420	0.00471	0.00703	0.00927	0.01244	0.02577	0.74793	0.03059	0.01743	0.08212	0.00255	0.00383	0.01315	0.00438	0.00403
10	0.00702	0.00527	0.00790	0.00790	0.00878	0.00614	0.00614	0.00878	0.00790	0.01141	0.01316	0.01931	0.01229	0.03686	0.80782	0.00790	0.01316	0.00527	0.00263	0.00439
11	0.10551	0.00848	0.01099	0.00852	0.01224	0.00760	0.00703	0.02300	0.01350	0.72273	0.01814	0.01586	0.01148	0.00593	0.00475	0.00152	0.00414	0.00472	0.00578	0.00806
12	0.00730	0.00507	0.00683	0.07848	0.00971	0.00490	0.00538	0.00858	0.01025	0.05725	0.10384	0.51946	0.10608	0.04462	0.00671	0.00197	0.00324	0.01148	0.00446	0.00441
13	0.00599	0.00428	0.00570	0.00684	0.00713	0.00399	0.00456	0.00684	0.00941	0.01254	0.02709	0.82409	0.03250	0.01540	0.00627	0.00200	0.00285	0.01397	0.00456	0.00399
14	0.10284	0.01564	0.01430	0.01241	0.01390	0.32272	0.03725	0.01527	0.01025	0.01312	0.00706	0.00982	0.00632	0.00664	0.00984	0.00172	0.38922	0.00374	0.00240	0.00554
15	0.00631	0.00475	0.00584	0.00610	0.00708	0.00428	0.00437	0.00782	0.01159	0.01546	0.32455	0.32045	0.23831	0.01259	0.00597	0.00174	0.00255	0.01109	0.00488	0.00428
16	0.06483	0.03231	0.01386	0.01034	0.01427	0.01361	0.00855	0.58468	0.01990	0.06879	0.01143	0.01155	0.00821	0.00552	0.00461	0.00138	0.00503	0.00412	0.00456	0.11244
17	0.01028	0.00896	0.01125	0.06467	0.07362	0.00725	0.00707	0.01260	0.01024	0.01578	0.00877	0.01054	0.00727	0.00378	0.00382	0.00085	0.00401	0.00312	0.00282	0.73328
18	0.01214	0.35413	0.32520	0.01123	0.01647	0.01511	0.02871	0.07244	0.09255	0.01557	0.00941	0.01035	0.00736	0.00477	0.00412	0.00136	0.00597	0.00352	0.00261	0.00699
19	0.02192	0.00856	0.01153	0.00884	0.01265	0.00752	0.00730	0.05204	0.01440	0.77147	0.01911	0.01654	0.01202	0.00608	0.00494	0.00152	0.00423	0.00492	0.00604	0.00836
20	0.01780	0.01330	0.01426	0.01104	0.01489	0.01465	0.00907	0.68662	0.08732	0.02951	0.01237	0.01229	0.00888	0.00588	0.00487	0.00146	0.00521	0.00446	0.00485	0.04126
21	0.04634	0.60441	0.10443	0.00914	0.01350	0.04781	0.00925	0.01592	0.02781	0.07047	0.00829	0.00907	0.00689	0.00449	0.00353	0.00118	0.00544	0.00299	0.00251	0.00653
22	0.01066	0.22233	0.61195	0.01264	0.01915	0.01338	0.01577	0.01536	0.01028	0.01458	0.00833	0.00977	0.00625	0.00456	0.00430	0.00143	0.00677	0.00339	0.00208	0.00703
23	0.01064	0.21774	0.61638	0.01267	0.01920	0.01333	0.01583	0.01536	0.01028	0.01461	0.00834	0.00978	0.00624	0.00456	0.00431	0.00144	0.00678	0.00339	0.00208	0.00703
24	0.00586	0.00493	0.00509	0.00516	0.00670	0.00415	0.00383	0.00711	0.01116	0.01344	0.07376	0.10674	0.71009	0.01259	0.00584	0.00168	0.00251	0.01060	0.00459	0.00415
25	0.00938	0.00876	0.01469	0.65571	0.12650	0.01048	0.01313	0.01243	0.00996	0.01299	0.01021	0.07543	0.00870	0.00565	0.00501	0.00164	0.00618	0.00511	0.00240	0.00563
26	0.01099	0.01048	0.01783	0.34979	0.48618	0.01137	0.01450	0.01405	0.01063	0.01463	0.00904	0.01254	0.00728	0.00460	0.00488	0.00153	0.00613	0.00437	0.00233	0.00684
27	0.02189	0.00862	0.01156	0.00886	0.01267	0.00760	0.00732	0.05975	0.01449	0.76363	0.01903	0.01649	0.01198	0.00607	0.00494	0.00152	0.00424	0.00492	0.00603	0.00836
28	0.00704	0.00520	0.00757	0.00757	0.00833	0.00596	0.00573	0.00856	0.00780	0.01116	0.01347	0.02099	0.01302	0.14035	0.70532	0.00749	0.01206	0.00551	0.00268	0.00420
29	0.00904	0.00841	0.01408	0.75614	0.03189	0.01041	0.01298	0.01214	0.00980	0.01256	0.01008	0.07262	0.00846	0.00568	0.00501	0.00166	0.00628	0.00507	0.00236	0.00535
30	0.07813	0.01314	0.02343	0.01731	0.02144	0.07056	0.53018	0.01659	0.04697	0.05975	0.01027	0.01278	0.00775	0.00478	0.00613	0.00165	0.06461	0.00520	0.00282	0.00652
31	0.00759	0.00437	0.00624	0.00658	0.00672	0.00434	0.00441	0.00674	0.00745	0.01000	0.01483	0.25971	0.01653	0.06383	0.06994	0.49299	0.00448	0.00742	0.00295	0.00290
32	0.02180	0.00876	0.01165	0.00893	0.01274	0.00781	0.00738	0.07945	0.01473	0.74360	0.01883	0.01636	0.01189	0.00607	0.00494	0.00152	0.00427	0.00490	0.00600	0.00836
33	0.07379	0.01211	0.02390	0.01765	0.02195	0.01178	0.58197	0.01630	0.09258	0.01663	0.01201	0.01665	0.00969	0.00516	0.00559	0.00169	0.00721	0.06389	0.00295	0.00649
34	0.00782	0.00580	0.00678	0.00637	0.00794	0.00546	0.00481	0.05267	0.05091	0.03876	0.38336	0.09805	0.29128	0.01076	0.00573	0.00162	0.00272	0.00926	0.00503	0.00489
35	0.00818	0.00534	0.00767	0.00759	0.00864	0.00588	0.00585	0.00989	0.00869	0.06994	0.01530	0.10328	0.01442	0.02995	0.60306	0.00629	0.01059	0.00610	0.06869	0.00465
36	0.01075	0.01075	0.01505	0.01290	0.01290	0.01505	0.01075	0.01183	0.00753	0.01183	0.00645	0.01075	0.00645	0.00860	0.01613	0.00215	0.81830	0.00430	0.00215	0.00538
37	0.01019	0.00873	0.01019	0.00728	0.01165	0.00655	0.00582	0.01237	0.01019	0.01601	0.00873	0.01019	0.00728	0.00364	0.00364	0.00073	0.00364	0.00291	0.00291	0.85734
38	0.01314	0.83025	0.02575	0.00841	0.01261	0.01945	0.00841	0.01472	0.00999	0.01156	0.00683	0.00788	0.00631	0.00420	0.00315	0.00105	0.00526	0.00263	0.00210	0.00631
39	0.01216	0.01168	0.01995	0.03016	0.79664	0.01168	0.01508	0.01508	0.01119	0.01605	0.00924	0.01216	0.00778	0.00438	0.00487	0.00146	0.00584	0.00438	0.00243	0.00778
40	0.00826	0.00687	0.00961	0.00885	0.00989	0.00815	0.02334	0.02222	0.05275	0.01368	0.11275	0.02131	0.06561	0.02301	0.41300	0.00488	0.16691	0.00586	0.01814	0.00490
41	0.01169	0.01172	0.02323	0.03634	0.02177	0.01103	0.54278	0.03196	0.04723	0.05425	0.01202	0.07285	0.00985	0.00519	0.00552	0.00159	0.00695	0.00602	0.00301	0.08502

[dist]
# distance from previous block
# <min> <max>
2	8

[block]
# block no. 1 follows, 51 sequences, length 68
# corresponding to MSA columns:
# 63-130
name=unknown_B
#
# <colnr> <probs for GDERKNQSTAVLIFYWHMCP>
#	G	D	E	R	K	N	Q	S	T	A	V	L	I	F	Y	W	H	M	C	P
0	0.00815	0.00654	0.01009	0.06132	0.01258	0.00683	0.06854	0.01033	0.01070	0.01412	0.02263	0.17184	0.02461	0.01227	0.00708	0.00212	0.05439	0.48707	0.00408	0.00472
1	0.01185	0.01155	0.01999	0.07853	0.64276	0.01189	0.07150	0.01477	0.01091	0.01555	0.00909	0.01222	0.00760	0.00465	0.00563	0.00153	0.05570	0.00448	0.00240	0.00740
2	0.01281	0.39024	0.27567	0.01183	0.06542	0.05639	0.01188	0.01581	0.01070	0.07494	0.00913	0.02874	0.00744	0.00482	0.00404	0.00131	0.00599	0.00354	0.00251	0.00679
3	0.00879	0.05976	0.05709	0.00814	0.05913	0.00664	0.00629	0.01110	0.02991	0.08218	0.25811	0.03391	0.34125	0.00955	0.00541	0.00156	0.00330	0.00808	0.00451	0.00529
4	0.02205	0.00836	0.01140	0.00874	0.01254	0.00722	0.00722	0.02395	0.01407	0.80004	0.01939	0.01673	0.01216	0.00608	0.00494	0.00152	0.00418	0.00494	0.00608	0.00836
5	0.01325	0.01156	0.07890	0.01019	0.01348	0.01153	0.00860	0.02494	0.62450	0.11750	0.01897	0.01745	0.01389	0.00642	0.00496	0.00164	0.00421	0.00531	0.00488	0.00781
6	0.01045	0.04689	0.54569	0.01496	0.02125	0.01184	0.18583	0.01613	0.05818	0.01584	0.02138	0.01181	0.00763	0.00474	0.00491	0.00157	0.00715	0.00428	0.00240	0.00708
7	0.01652	0.01927	0.01392	0.01231	0.01484	0.59389	0.06897	0.01800	0.01319	0.06263	0.01097	0.11155	0.01006	0.00635	0.00480	0.00140	0.00777	0.00483	0.00301	0.00573
8	0.00715	0.00476	0.00536	0.00536	0.00536	0.00476	0.00298	0.00715	0.00715	0.00953	0.01548	0.03216	0.01787	0.82729	0.02501	0.00476	0.00476	0.00715	0.00298	0.00298
9	0.01252	0.01408	0.02363	0.06276	0.03993	0.12526	0.51378	0.01740	0.10878	0.01564	0.01078	0.01323	0.00820	0.00464	0.00544	0.00160	0.00767	0.00528	0.00279	0.00660
10	0.00930	0.00883	0.01496	0.69096	0.07163	0.01059	0.04366	0.01246	0.01006	0.01291	0.01143	0.01524	0.05696	0.00534	0.00500	0.00163	0.00632	0.00481	0.00236	0.00554
11	0.00588	0.00494	0.00511	0.00516	0.00671	0.00417	0.00384	0.00716	0.01124	0.01359	0.08956	0.09624	0.70460	0.01250	0.00584	0.00167	0.00250	0.01052	0.00461	0.00417
12	0.00962	0.00785	0.01328	0.28724	0.01966	0.00841	0.16955	0.01264	0.01056	0.01585	0.04333	0.01620	0.01079	0.00529	0.00453	0.00144	0.00502	0.00493	0.34851	0.00531
13	0.01070	0.21731	0.58313	0.01280	0.01914	0.01343	0.03311	0.01529	0.01025	0.01454	0.00832	0.00985	0.00628	0.00462	0.00456	0.00145	0.02269	0.00345	0.00209	0.00698
14	0.02205	0.00836	0.01140	0.00874	0.01254	0.00722	0.00722	0.02395	0.01407	0.80004	0.01939	0.01673	0.01216	0.00608	0.00494	0.00152	0.00418	0.00494	0.00608	0.00836
15	0.00702	0.00527	0.00790	0.00790	0.00878	0.00614	0.00614	0.00878	0.00790	0.01141	0.01316	0.01931	0.01229	0.03686	0.80782	0.00790	0.01316	0.00527	0.00263	0.00439
16	0.00999	0.05758	0.77082	0.01378	0.02092	0.01173	0.01777	0.01553	0.01036	0.01540	0.00874	0.01028	0.00623	0.00465	0.00461	0.00154	0.00718	0.00359	0.00208	0.00722
17	0.00662	0.00543	0.00589	0.00570	0.00731	0.00491	0.00430	0.00915	0.07274	0.01559	0.24928	0.04216	0.53068	0.01134	0.00574	0.00163	0.00255	0.00959	0.00483	0.00457
18	0.00599	0.00428	0.00570	0.00684	0.00713	0.00399	0.00456	0.00684	0.00941	0.01254	0.02709	0.82409	0.03250	0.01540	0.00627	0.00200	0.00285	0.01397	0.00456	0.00399
19	0.01763	0.01350	0.01398	0.01098	0.01465	0.04619	0.00897	0.65010	0.09168	0.02865	0.01325	0.01315	0.02544	0.00607	0.00489	0.00148	0.00529	0.00460	0.02147	0.00804
20	0.01368	0.74651	0.02452	0.00885	0.01288	0.10125	0.00852	0.01522	0.01039	0.01161	0.00691	0.00798	0.00631	0.00429	0.00329	0.00107	0.00563	0.00268	0.00215	0.00624
21	0.00988	0.01937	0.52011	0.01158	0.01771	0.00962	0.01373	0.01433	0.01042	0.01584	0.03288	0.01112	0.00780	0.00450	0.00437	0.00129	0.00593	0.00356	0.00245	0.28349
22	0.01330	0.06725	0.04906	0.05390	0.05011	0.21965	0.16628	0.03718	0.12548	0.01489	0.02034	0.01240	0.00861	0.00624	0.02321	0.00170	0.11675	0.00445	0.00287	0.00635
23	0.01175	0.01126	0.01921	0.14173	0.68827	0.01157	0.01488	0.01472	0.01100	0.01556	0.00917	0.01230	0.00761	0.00445	0.00487	0.00148	0.00594	0.00438	0.00240	0.00745
24	0.00928	0.00873	0.01474	0.81548	0.03385	0.01092	0.01365	0.01256	0.00983	0.01256	0.00873	0.01310	0.00655	0.00491	0.00491	0.00164	0.00655	0.00437	0.00218	0.00546
25	0.01101	0.11558	0.11047	0.01724	0.05133	0.01222	0.48004	0.01460	0.01103	0.01488	0.01137	0.09292	0.01001	0.00549	0.00537	0.00161	0.00710	0.01872	0.00263	0.00641
26	0.00597	0.00498	0.00520	0.00515	0.00674	0.00422	0.00386	0.00737	0.01158	0.01418	0.15467	0.04580	0.68919	0.01211	0.00581	0.00164	0.00247	0.01016	0.00468	0.00422
27	0.00702	0.00527	0.00790	0.00790	0.00878	0.00614	0.00614	0.00878	0.00790	0.01141	0.01316	0.01931	0.01229	0.03686	0.80782	0.00790	0.01316	0.00527	0.00263	0.00439
28	0.01314	0.83025	0.02575	0.00841	0.01261	0.01945	0.00841	0.01472	0.00999	0.01156	0.00683	0.00788	0.00631	0.00420	0.00315	0.00105	0.00526	0.00263	0.00210	0.00631
29	0.00611	0.00492	0.00544	0.00545	0.00686	0.00425	0.00403	0.00758	0.01170	0.01479	0.23104	0.11823	0.53810	0.01213	0.00585	0.00166	0.00248	0.01035	0.00477	0.00425
30	0.00702	0.00527	0.00790	0.00790	0.00878	0.00614	0.00614	0.00878	0.00790	0.01141	0.01316	0.01931	0.01229	0.03686	0.80782	0.00790	0.01316	0.00527	0.00263	0.00439
31	0.86201	0.00950	0.00722	0.00646	0.00950	0.01102	0.00532	0.01445	0.00836	0.02205	0.00684	0.00798	0.00532	0.00456	0.00304	0.00152	0.00380	0.00266	0.00304	0.00532
32	0.00902	0.00725	0.01108	0.01462	0.22010	0.00724	0.00976	0.01144	0.01128	0.01504	0.02192	0.04375	0.03506	0.01110	0.00626	0.00204	0.00484	0.54883	0.00397	0.00539
33	0.01004	0.02434	0.74061	0.01527	0.08198	0.01143	0.01792	0.01553	0.01044	0.01560	0.00885	0.01052	0.00635	0.00465	0.00468	0.00155	0.00715	0.00369	0.00210	0.00730
34	0.86201	0.00950	0.00722	0.00646	0.00950	0.01102	0.00532	0.01445	0.00836	0.02205	0.00684	0.00798	0.00532	0.00456	0.00304	0.00152	0.00380	0.00266	0.00304	0.00532
35	0.00601	0.00433	0.00570	0.00674	0.00711	0.00402	0.00453	0.00693	0.00963	0.01281	0.05268	0.76327	0.06788	0.01509	0.00624	0.00197	0.00282	0.01364	0.00459	0.00402
36	0.01587	0.01358	0.01273	0.01236	0.09080	0.22297	0.00878	0.03893	0.31059	0.17839	0.01602	0.01540	0.02942	0.00601	0.00484	0.00151	0.00547	0.00476	0.00430	0.00727
37	0.01936	0.01267	0.01407	0.01079	0.01469	0.01362	0.00891	0.62730	0.02128	0.18650	0.01333	0.01280	0.00913	0.00594	0.00492	0.00148	0.00516	0.00453	0.00515	0.00836
38	0.86201	0.00950	0.00722	0.00646	0.00950	0.01102	0.00532	0.01445	0.00836	0.02205	0.00684	0.00798	0.00532	0.00456	0.00304	0.00152	0.00380	0.00266	0.00304	0.00532
39	0.00625	0.00445	0.00592	0.00695	0.00731	0.00424	0.00477	0.00718	0.00937	0.01249	0.02582	0.68803	0.03060	0.06770	0.03278	0.00238	0.00343	0.07195	0.00440	0.00398
40	0.01011	0.08844	0.74106	0.01357	0.02059	0.01204	0.01739	0.01550	0.01034	0.01525	0.00866	0.01018	0.00623	0.00463	0.00455	0.00152	0.00711	0.00355	0.00208	0.00719
41	0.00611	0.00437	0.00581	0.00676	0.00715	0.00407	0.00457	0.00715	0.00997	0.01344	0.12284	0.72578	0.03423	0.01473	0.00621	0.00194	0.00278	0.01334	0.00467	0.00407
42	0.83541	0.00964	0.00746	0.00662	0.00968	0.01116	0.00545	0.03860	0.00883	0.02233	0.00700	0.00810	0.00542	0.00460	0.00310	0.00152	0.00385	0.00272	0.00310	0.00542
43	0.01086	0.06221	0.14887	0.00904	0.01362	0.00930	0.00852	0.04094	0.12626	0.01689	0.01959	0.01166	0.00868	0.00445	0.00406	0.00107	0.00445	0.00353	0.00312	0.49288
44	0.01125	0.01074	0.01773	0.20369	0.49729	0.01178	0.01392	0.01425	0.02719	0.01483	0.00942	0.01335	0.00798	0.00526	0.00626	0.00160	0.10201	0.02209	0.00245	0.00690
45	0.00605	0.00432	0.00576	0.00680	0.00714	0.00403	0.00457	0.00700	0.00970	0.01300	0.07604	0.77383	0.03339	0.01505	0.00624	0.00197	0.00282	0.01365	0.00462	0.00403
46	0.08250	0.08477	0.01564	0.01532	0.18060	0.40348	0.01019	0.09586	0.03946	0.01585	0.00867	0.01003	0.00706	0.00495	0.00438	0.00134	0.00701	0.00355	0.00284	0.00650
47	0.04224	0.01183	0.01653	0.05676	0.46881	0.06234	0.01245	0.08696	0.09502	0.01761	0.01173	0.01586	0.00998	0.00556	0.00495	0.00154	0.00564	0.06381	0.00312	0.00726
48	0.01288	0.00820	0.01168	0.12018	0.12548	0.00767	0.00833	0.01539	0.02250	0.23293	0.17811	0.03544	0.01749	0.00623	0.00487	0.00139	0.00420	0.00541	0.00421	0.17740
49	0.01082	0.25558	0.55673	0.01237	0.01855	0.01382	0.01515	0.01521	0.01018	0.01431	0.00818	0.00967	0.00626	0.00465	0.00457	0.00143	0.03015	0.00336	0.00209	0.00693
50	0.01021	0.12767	0.68566	0.01312	0.01986	0.01229	0.01662	0.01532	0.01040	0.01514	0.02549	0.01063	0.00710	0.00473	0.00450	0.00149	0.00690	0.00362	0.00215	0.00708
51	0.00614	0.00482	0.00558	0.00598	0.00713	0.00427	0.00440	0.00745	0.01093	0.01378	0.11197	0.28213	0.43256	0.01320	0.00602	0.00180	0.00274	0.07029	0.00464	0.00418
52	0.01123	0.01070	0.01806	0.28335	0.53230	0.01144	0.01445	0.01452	0.02855	0.01503	0.00933	0.01261	0.00755	0.00460	0.00488	0.00152	0.00602	0.00440	0.00241	0.00703
53	0.01240	0.01938	0.46726	0.02755	0.17979	0.03072	0.04151	0.01677	0.01121	0.13171	0.01048	0.01178	0.00747	0.00481	0.00479	0.00153	0.00658	0.00405	0.00277	0.00745
54	0.01113	0.02087	0.55830	0.01529	0.07011	0.01109	0.11141	0.01599	0.01086	0.07696	0.01032	0.01277	0.00764	0.00503	0.00506	0.00159	0.01780	0.02802	0.00254	0.00719
55	0.00668	0.00442	0.00603	0.00673	0.00700	0.00434	0.00452	0.00699	0.00847	0.01139	0.02107	0.51451	0.02453	0.09361	0.09320	0.16419	0.00436	0.01060	0.00376	0.00359
56	0.00986	0.02542	0.80183	0.01401	0.02127	0.01141	0.01816	0.01556	0.01038	0.01556	0.00882	0.01038	0.00623	0.00467	0.00467	0.00156	0.00726	0.00363	0.00208	0.00726
57	0.01038	0.01036	0.07634	0.48385	0.12310	0.01040	0.07094	0.01359	0.01040	0.06157	0.01098	0.07651	0.00912	0.00566	0.00506	0.00163	0.00621	0.00521	0.00265	0.00604
58	0.00627	0.00450	0.00576	0.00651	0.00689	0.00432	0.00433	0.00707	0.00900	0.01194	0.02549	0.55401	0.08471	0.17005	0.07254	0.00296	0.00399	0.01173	0.00411	0.00384
59	0.01091	0.01086	0.01984	0.33641	0.33244	0.01154	0.17774	0.01423	0.01074	0.01461	0.00919	0.01277	0.00723	0.00454	0.00508	0.00157	0.00664	0.00468	0.00235	0.00662
60	0.01025	0.01034	0.06573	0.47466	0.13509	0.01072	0.05924	0.01422	0.05790	0.03372	0.01119	0.01653	0.00911	0.00559	0.00510	0.00166	0.00622	0.06394	0.00268	0.00611
61	0.00978	0.00956	0.01721	0.49633	0.07555	0.01086	0.16793	0.01297	0.01025	0.01351	0.01063	0.04684	0.00907	0.00578	0.00570	0.00170	0.03904	0.04908	0.00249	0.00572
62	0.01194	0.01274	0.03899	0.09227	0.41678	0.05335	0.25624	0.01524	0.01133	0.01541	0.00961	0.01311	0.00781	0.00455	0.00517	0.00154	0.00684	0.01757	0.00246	0.00705
63	0.01065	0.03363	0.63714	0.01453	0.06759	0.01160	0.03068	0.07516	0.01157	0.01691	0.03913	0.01162	0.00805	0.00494	0.00474	0.00154	0.00683	0.00397	0.00245	0.00726
64	0.01110	0.01682	0.34442	0.04295	0.06727	0.02544	0.18465	0.01587	0.06060	0.06566	0.03650	0.07145	0.01071	0.00577	0.00530	0.00162	0.01884	0.00530	0.00293	0.00682
65	0.01316	0.07164	0.42343	0.02989	0.01947	0.07394	0.10996	0.05328	0.01192	0.13188	0.01044	0.01152	0.00738	0.00488	0.00475	0.00151	0.00683	0.00405	0.00289	0.00718
66	0.01228	0.01097	0.01854	0.16226	0.61916	0.01128	0.01436	0.01519	0.01113	0.06335	0.00978	0.01260	0.00784	0.00457	0.00488	0.00149	0.00586	0.00441	0.00261	0.00742
67	0.00930	0.00631	0.00855	0.00907	0.06729	0.00602	0.02219	0.02101	0.05982	0.10833	0.16692	0.29148	0.12036	0.03273	0.00629	0.00183	0.00344	0.04912	0.00468	0.00527

[dist]
# distance from previous block
# <min> <max>
0	1

[block]
# block no. 2 follows, 51 sequences, length 17
# corresponding to MSA columns:
# 132-148
name=unknown_C
#
# <colnr> <probs for GDERKNQSTAVLIFYWHMCP>
#	G	D	E	R	K	N	Q	S	T	A	V	L	I	F	Y	W	H	M	C	P
0	0.01819	0.00955	0.02561	0.00916	0.01257	0.00906	0.00755	0.20631	0.05375	0.44448	0.04349	0.08129	0.04188	0.00713	0.00510	0.00156	0.00430	0.00586	0.00548	0.00770
1	0.01086	0.02350	0.01548	0.09949	0.01591	0.01347	0.07535	0.06275	0.02652	0.01375	0.00939	0.07983	0.00905	0.00811	0.01202	0.00197	0.50904	0.00526	0.00263	0.00564
2	0.05670	0.00639	0.00743	0.00684	0.00826	0.00633	0.00495	0.09695	0.01198	0.09338	0.20592	0.15832	0.08084	0.22157	0.01052	0.00245	0.00366	0.00814	0.00446	0.00489
3	0.01176	0.01256	0.01384	0.22540	0.03461	0.22921	0.07873	0.02456	0.01104	0.01306	0.01182	0.13250	0.01935	0.00727	0.00634	0.03210	0.06429	0.01648	0.00280	0.05231
4	0.01123	0.00936	0.01281	0.00987	0.01308	0.00905	0.07883	0.06385	0.01067	0.05894	0.00982	0.01217	0.00813	0.00894	0.10665	0.00204	0.13808	0.00391	0.00302	0.42953
5	0.01417	0.01181	0.01367	0.21539	0.04001	0.04756	0.01004	0.33137	0.19381	0.02205	0.01400	0.01477	0.03737	0.00598	0.00494	0.00156	0.00541	0.00483	0.00406	0.00721
6	0.73653	0.00969	0.00796	0.00706	0.01007	0.01112	0.00584	0.08540	0.00990	0.02247	0.00836	0.01095	0.00687	0.00518	0.00342	0.00156	0.00399	0.04477	0.00330	0.00556
7	0.01504	0.01095	0.01197	0.00981	0.01296	0.01194	0.00789	0.36991	0.24774	0.08658	0.10041	0.01882	0.05978	0.00696	0.00509	0.00155	0.00436	0.00562	0.00507	0.00755
8	0.00624	0.00492	0.00591	0.00624	0.00740	0.00459	0.00467	0.00758	0.01026	0.01303	0.05522	0.22089	0.40660	0.01759	0.15233	0.00291	0.00465	0.06054	0.00423	0.00419
9	0.00635	0.00470	0.00597	0.00659	0.00739	0.00432	0.00477	0.00772	0.01087	0.01439	0.19116	0.44072	0.17386	0.01356	0.00614	0.00187	0.00284	0.08784	0.00474	0.00421
10	0.01548	0.00744	0.00935	0.00787	0.01038	0.00708	0.00614	0.01885	0.12369	0.40789	0.07807	0.02274	0.01682	0.14758	0.00842	0.00210	0.00398	0.03504	0.06442	0.00666
11	0.01553	0.01800	0.03495	0.12296	0.12008	0.44258	0.02534	0.09507	0.01353	0.01469	0.00865	0.01067	0.00698	0.00615	0.03229	0.00162	0.01825	0.00376	0.00270	0.00622
12	0.00765	0.00524	0.00656	0.00710	0.00803	0.00501	0.00514	0.00960	0.06125	0.05996	0.02834	0.46851	0.13175	0.06641	0.00733	0.00211	0.00329	0.10763	0.00457	0.00452
13	0.01798	0.16226	0.01645	0.01054	0.01451	0.01526	0.00897	0.57025	0.01987	0.09892	0.01160	0.01154	0.00834	0.00561	0.00460	0.00140	0.00527	0.00414	0.00451	0.00798
14	0.00873	0.00512	0.00671	0.00684	0.00796	0.00464	0.00491	0.01000	0.01108	0.13803	0.16828	0.46544	0.10225	0.01270	0.00617	0.01739	0.00296	0.01110	0.00491	0.00478
15	0.01170	0.01039	0.01071	0.00834	0.01201	0.08217	0.00658	0.10312	0.06344	0.01780	0.06289	0.04406	0.01141	0.00512	0.00420	0.00103	0.00423	0.00411	0.00348	0.53323
16	0.03635	0.16821	0.07403	0.03795	0.01790	0.02551	0.23738	0.08338	0.01188	0.11397	0.01000	0.01171	0.00759	0.00516	0.00608	0.00152	0.10435	0.00436	0.00303	0.03966

[dist]
# distance from previous block
# <min> <max>
0	13

[block]
# block no. 3 follows, 51 sequences, length 18
# corresponding to MSA columns:
# 175-192
name=unknown_D
#
# <colnr> <probs for GDERKNQSTAVLIFYWHMCP>
#	G	D	E	R	K	N	Q	S	T	A	V	L	I	F	Y	W	H	M	C	P
0	0.00798	0.00914	0.12948	0.00849	0.01110	0.00656	0.07276	0.03138	0.03060	0.03572	0.03158	0.18557	0.36252	0.04660	0.00650	0.00184	0.00405	0.00907	0.00400	0.00508
1	0.00751	0.00583	0.00861	0.00860	0.00980	0.00561	0.07205	0.00928	0.01055	0.01382	0.06605	0.19163	0.10042	0.12113	0.00889	0.00240	0.00425	0.34500	0.00420	0.00437
2	0.03177	0.00959	0.02993	0.39035	0.09828	0.01073	0.03388	0.05636	0.12947	0.01553	0.01382	0.08429	0.04177	0.00644	0.00533	0.00166	0.02603	0.00560	0.00311	0.00608
3	0.48558	0.00994	0.00957	0.04946	0.01228	0.01117	0.00681	0.09927	0.13450	0.12183	0.01116	0.01142	0.00812	0.00525	0.00389	0.00154	0.00418	0.00369	0.00390	0.00643
4	0.01014	0.00654	0.00855	0.00868	0.01038	0.00645	0.00739	0.07728	0.01280	0.10158	0.08217	0.04548	0.08710	0.01176	0.00628	0.00201	0.00424	0.50112	0.00480	0.00525
5	0.13051	0.00914	0.01159	0.00942	0.01251	0.00938	0.05666	0.11960	0.09735	0.29564	0.05642	0.01630	0.01258	0.01070	0.12739	0.00251	0.00580	0.00495	0.00460	0.00697
6	0.00760	0.00552	0.00747	0.00832	0.00951	0.00539	0.00713	0.00976	0.01158	0.01510	0.11184	0.05256	0.10979	0.01308	0.00658	0.00212	0.00407	0.60348	0.00463	0.00450
7	0.01578	0.01178	0.01184	0.01004	0.01305	0.10417	0.00792	0.16169	0.33886	0.18296	0.02810	0.01638	0.01264	0.02946	0.03109	0.00184	0.00511	0.00503	0.00480	0.00748
8	0.01806	0.01452	0.01433	0.01134	0.01501	0.10095	0.00922	0.62931	0.09146	0.02797	0.01209	0.01207	0.00874	0.00588	0.00487	0.00147	0.00564	0.00439	0.00466	0.00802
9	0.14183	0.06407	0.32610	0.01249	0.01756	0.01225	0.11790	0.11502	0.07844	0.03031	0.01056	0.03372	0.00810	0.00520	0.00460	0.00155	0.00606	0.00430	0.00303	0.00694
10	0.00659	0.00493	0.00607	0.00594	0.00709	0.00446	0.00436	0.00844	0.01260	0.01715	0.51705	0.11734	0.22050	0.03765	0.00647	0.00172	0.00249	0.00969	0.00505	0.00440
11	0.01192	0.22698	0.07088	0.01603	0.04110	0.01430	0.40509	0.01612	0.07732	0.01485	0.00972	0.01195	0.00768	0.00465	0.00550	0.00151	0.05047	0.00470	0.00256	0.00664
12	0.01551	0.01004	0.01139	0.00931	0.01234	0.01054	0.00746	0.33943	0.11716	0.18254	0.08062	0.08066	0.07255	0.02043	0.00549	0.00162	0.00430	0.00624	0.00512	0.00726
13	0.01085	0.01098	0.01946	0.04589	0.01914	0.01007	0.36561	0.01391	0.01064	0.01545	0.00913	0.01177	0.00727	0.00428	0.00560	0.00130	0.06501	0.00441	0.00263	0.36660
14	0.00640	0.00484	0.00593	0.00620	0.00726	0.00438	0.00457	0.00797	0.01164	0.01538	0.29847	0.26441	0.26809	0.01253	0.00600	0.00176	0.00267	0.06235	0.00485	0.00430
15	0.10910	0.07398	0.07733	0.01078	0.01490	0.01479	0.00954	0.58031	0.01953	0.02736	0.01066	0.01098	0.00771	0.00553	0.00456	0.00146	0.00537	0.00404	0.00428	0.00779
16	0.01227	0.01300	0.10291	0.02348	0.52579	0.01153	0.01363	0.07656	0.06879	0.01751	0.01014	0.01222	0.00815	0.00464	0.00475	0.00142	0.00563	0.00426	0.00282	0.08050
17	0.01186	0.04642	0.01732	0.38891	0.16544	0.04616	0.07617	0.11467	0.01202	0.01577	0.00907	0.01224	0.00706	0.00506	0.00550	0.00157	0.05137	0.00437	0.00262	0.00640

[dist]
# distance from previous block
# <min> <max>
0	9

[block]
# block no. 4 follows, 51 sequences, length 67
# corresponding to MSA columns:
# 202-212,220-251,253-276
name=unknown_E
#
# <colnr> <probs for GDERKNQSTAVLIFYWHMCP>
#	G	D	E	R	K	N	Q	S	T	A	V	L	I	F	Y	W	H	M	C	P
0	0.01587	0.33559	0.01827	0.01071	0.01394	0.42807	0.00889	0.04438	0.04215	0.01286	0.00872	0.00968	0.02177	0.00496	0.00400	0.00121	0.00703	0.00323	0.00258	0.00608
1	0.02884	0.02079	0.00995	0.00856	0.01112	0.00918	0.00676	0.04957	0.35229	0.16363	0.14039	0.03729	0.08670	0.01943	0.00548	0.00167	0.00368	0.03277	0.00509	0.00680
2	0.00759	0.00506	0.00625	0.00617	0.00730	0.00459	0.00443	0.00907	0.01160	0.07107	0.32453	0.21296	0.19706	0.10034	0.00793	0.00202	0.00287	0.00987	0.00482	0.00447
3	0.05182	0.00835	0.01037	0.00879	0.01122	0.00874	0.00710	0.09530	0.07725	0.28636	0.08692	0.05188	0.08205	0.01021	0.06990	0.00215	0.09333	0.02693	0.00475	0.00658
4	0.00708	0.00506	0.00617	0.00641	0.00759	0.00459	0.00483	0.00858	0.01131	0.04462	0.18919	0.21468	0.29644	0.04831	0.00687	0.00193	0.00301	0.12427	0.00472	0.00438
5	0.69696	0.00997	0.00962	0.00800	0.01129	0.01114	0.06690	0.05766	0.00978	0.06917	0.00812	0.00914	0.00607	0.00469	0.00348	0.00153	0.00427	0.00315	0.00329	0.00578
6	0.86201	0.00950	0.00722	0.00646	0.00950	0.01102	0.00532	0.01445	0.00836	0.02205	0.00684	0.00798	0.00532	0.00456	0.00304	0.00152	0.00380	0.00266	0.00304	0.00532
7	0.01691	0.02039	0.01303	0.01188	0.01427	0.64734	0.00891	0.07302	0.02940	0.01361	0.01027	0.09808	0.00950	0.00628	0.00468	0.00137	0.00786	0.00448	0.00297	0.00574
8	0.00767	0.00489	0.00652	0.00702	0.00783	0.00456	0.00505	0.00900	0.01076	0.07640	0.17641	0.50556	0.03270	0.04170	0.00677	0.00199	0.00308	0.08281	0.00479	0.00448
9	0.10851	0.01073	0.06966	0.00883	0.01200	0.09470	0.00750	0.03215	0.01272	0.38866	0.10040	0.07141	0.01558	0.03822	0.00561	0.00165	0.00463	0.00551	0.00475	0.00675
10	0.00773	0.00510	0.00672	0.00646	0.00763	0.00469	0.00479	0.00977	0.01314	0.06717	0.61255	0.17216	0.04183	0.01073	0.00583	0.00162	0.00253	0.00952	0.00530	0.00476
11	0.01371	0.05836	0.03156	0.24071	0.10335	0.26185	0.02699	0.06868	0.07714	0.02907	0.01103	0.01286	0.03310	0.00532	0.00471	0.00146	0.00671	0.00422	0.00289	0.00629
12	0.38550	0.03667	0.11087	0.12306	0.10122	0.01133	0.03315	0.05254	0.01044	0.08079	0.00894	0.01048	0.00666	0.00477	0.00403	0.00152	0.00513	0.00357	0.00302	0.00631
13	0.13704	0.04268	0.06360	0.02498	0.06098	0.42644	0.00967	0.06829	0.06561	0.03003	0.00897	0.01008	0.00710	0.00514	0.00452	0.00139	0.02082	0.00349	0.00293	0.00624
14	0.01511	0.04402	0.04934	0.03823	0.02954	0.01069	0.00871	0.24860	0.02789	0.20821	0.11670	0.04147	0.01596	0.00728	0.00592	0.00161	0.06310	0.05599	0.00463	0.00702
15	0.86201	0.00950	0.00722	0.00646	0.00950	0.01102	0.00532	0.01445	0.00836	0.02205	0.00684	0.00798	0.00532	0.00456	0.00304	0.00152	0.00380	0.00266	0.00304	0.00532
16	0.48487	0.05408	0.00973	0.04521	0.01159	0.01085	0.00648	0.03794	0.10969	0.11102	0.06677	0.01272	0.01050	0.00544	0.00386	0.00152	0.00400	0.00387	0.00378	0.00608
17	0.71753	0.00943	0.00808	0.02511	0.01056	0.01062	0.00584	0.03124	0.00943	0.12209	0.00860	0.00930	0.00629	0.00479	0.00337	0.00152	0.00395	0.00303	0.00345	0.00578
18	0.05326	0.01108	0.01173	0.00945	0.01277	0.09286	0.00764	0.22702	0.03793	0.35130	0.05221	0.01679	0.05139	0.00745	0.03284	0.00172	0.00512	0.00500	0.00501	0.00742
19	0.02926	0.00768	0.01089	0.00890	0.01168	0.00701	0.06178	0.01820	0.04129	0.45452	0.06270	0.11079	0.01725	0.09697	0.00743	0.00197	0.00428	0.03553	0.00513	0.00674
20	0.01307	0.01103	0.01092	0.00953	0.01207	0.07797	0.00736	0.24098	0.29678	0.02064	0.01937	0.10670	0.07617	0.06669	0.00657	0.00183	0.00459	0.00644	0.00454	0.00673
21	0.06305	0.00696	0.00882	0.00764	0.01002	0.00647	0.00600	0.01665	0.03956	0.38235	0.12926	0.11198	0.03775	0.07320	0.00678	0.00188	0.00372	0.05225	0.02939	0.00631
22	0.19145	0.00610	0.00666	0.00639	0.00795	0.00617	0.00486	0.01051	0.03707	0.01886	0.44291	0.11334	0.09722	0.00958	0.00524	0.00161	0.00280	0.02179	0.00471	0.00478
23	0.00710	0.00469	0.00629	0.00679	0.00723	0.00467	0.00462	0.00779	0.00863	0.03701	0.02069	0.43867	0.02355	0.17271	0.16149	0.06506	0.00530	0.01005	0.00377	0.00388
24	0.05368	0.00941	0.01529	0.58218	0.19231	0.01105	0.01329	0.02621	0.01027	0.01418	0.00891	0.01270	0.00688	0.00481	0.00478	0.00158	0.00617	0.00429	0.01601	0.00598
25	0.01055	0.01054	0.01492	0.25901	0.01940	0.03949	0.01160	0.01230	0.00844	0.01206	0.00719	0.01141	0.00648	0.00736	0.01231	0.00196	0.54312	0.00428	0.00217	0.00541
26	0.01096	0.01232	0.04011	0.03971	0.02229	0.02828	0.57125	0.01461	0.01161	0.01584	0.11473	0.01608	0.01253	0.00528	0.00641	0.00166	0.06126	0.00597	0.00284	0.00624
27	0.00798	0.00522	0.00657	0.00677	0.00786	0.00493	0.00490	0.00953	0.03236	0.08778	0.06739	0.35416	0.18257	0.08125	0.08225	0.00264	0.00409	0.04274	0.00445	0.00456
28	0.01817	0.07168	0.01490	0.01065	0.01448	0.01453	0.00889	0.63923	0.02100	0.08660	0.01217	0.01214	0.00866	0.00578	0.00473	0.00144	0.00519	0.00434	0.03736	0.00807
29	0.01424	0.10131	0.04070	0.01072	0.02620	0.01233	0.06932	0.33842	0.01577	0.02183	0.00993	0.01090	0.00762	0.00474	0.00435	0.00119	0.00508	0.00379	0.00361	0.29794
30	0.00941	0.03536	0.00912	0.06536	0.01055	0.00689	0.00628	0.01144	0.01198	0.11025	0.41030	0.02794	0.06238	0.04036	0.09441	0.00239	0.06883	0.00711	0.00446	0.00515
31	0.01737	0.07656	0.01405	0.01010	0.01364	0.01320	0.00831	0.46762	0.09069	0.15522	0.01370	0.01438	0.01013	0.06489	0.00623	0.00170	0.00500	0.00467	0.00476	0.00776
32	0.01753	0.01324	0.01433	0.01123	0.01483	0.01487	0.00922	0.65306	0.11372	0.02880	0.01252	0.01253	0.00906	0.00612	0.00547	0.00153	0.04445	0.00455	0.00479	0.00814
33	0.00679	0.00498	0.00592	0.00600	0.00727	0.00447	0.00441	0.00823	0.01122	0.04421	0.19349	0.21785	0.38263	0.01413	0.06351	0.00216	0.00337	0.01031	0.00466	0.00439
34	0.01054	0.18485	0.63333	0.01302	0.01964	0.01303	0.03054	0.01540	0.01032	0.01477	0.00845	0.00994	0.00626	0.00457	0.00439	0.00146	0.00688	0.00347	0.00209	0.00706
35	0.00806	0.00507	0.00594	0.00571	0.00628	0.00486	0.00360	0.00863	0.00894	0.06809	0.12569	0.04799	0.08315	0.57596	0.01905	0.00379	0.00417	0.00761	0.00369	0.00370
36	0.07059	0.00847	0.00870	0.00897	0.01036	0.11387	0.00738	0.01161	0.02025	0.01514	0.10452	0.08373	0.05651	0.01112	0.00651	0.00195	0.04862	0.40279	0.00413	0.00479
37	0.21062	0.00854	0.01035	0.00817	0.01174	0.00802	0.00674	0.02148	0.01278	0.60746	0.03405	0.01521	0.01140	0.00583	0.00453	0.00152	0.00405	0.00452	0.00538	0.00760
38	0.01521	0.01067	0.01194	0.00983	0.01291	0.01154	0.00797	0.36723	0.19342	0.10979	0.13343	0.02003	0.01714	0.00715	0.00518	0.00158	0.00441	0.04801	0.00511	0.00745
39	0.01401	0.00703	0.00907	0.00792	0.01024	0.00658	0.00618	0.04132	0.07327	0.35076	0.17352	0.17581	0.04003	0.02758	0.00590	0.00173	0.00357	0.03369	0.00538	0.00642
40	0.86201	0.00950	0.00722	0.00646	0.00950	0.01102	0.00532	0.01445	0.00836	0.02205	0.00684	0.00798	0.00532	0.00456	0.00304	0.00152	0.00380	0.00266	0.00304	0.00532
41	0.00630	0.00470	0.00598	0.00669	0.00744	0.00421	0.00458	0.00730	0.00965	0.01289	0.02791	0.68172	0.10697	0.01417	0.00602	0.00186	0.00288	0.01273	0.00443	0.07157
42	0.02756	0.00973	0.01661	0.63077	0.07353	0.02344	0.10702	0.01322	0.01011	0.01331	0.00881	0.01285	0.00670	0.00486	0.00519	0.00163	0.02220	0.00449	0.00226	0.00573
43	0.03455	0.01192	0.01435	0.01095	0.01488	0.01239	0.06374	0.44734	0.06037	0.19194	0.01339	0.01310	0.00932	0.00565	0.00485	0.00145	0.00510	0.00454	0.00480	0.07536
44	0.00706	0.00521	0.00639	0.00683	0.00771	0.00497	0.00481	0.06835	0.01122	0.01482	0.10437	0.55832	0.15420	0.01365	0.00604	0.00186	0.00294	0.01214	0.00467	0.00443
45	0.00733	0.00499	0.00590	0.00605	0.00727	0.00441	0.00434	0.00851	0.01080	0.07564	0.09941	0.31695	0.35918	0.05751	0.00696	0.00193	0.00286	0.01091	0.00467	0.00440
46	0.53074	0.01101	0.00953	0.00819	0.01134	0.04253	0.00664	0.15922	0.14144	0.02308	0.00999	0.01046	0.00754	0.00518	0.00377	0.00153	0.00431	0.00349	0.00370	0.00631
47	0.06942	0.00556	0.00685	0.00669	0.00806	0.00531	0.00511	0.01028	0.02124	0.07160	0.39135	0.14770	0.10582	0.01093	0.00621	0.03447	0.00295	0.08085	0.00487	0.00474
48	0.01203	0.01305	0.03977	0.01829	0.02282	0.01259	0.59013	0.05919	0.12935	0.01722	0.01147	0.01384	0.00860	0.00472	0.00582	0.00166	0.02396	0.00562	0.00298	0.00688
49	0.01303	0.01037	0.01142	0.01004	0.01272	0.01180	0.00801	0.14031	0.50142	0.05723	0.01957	0.02080	0.04427	0.00738	0.00575	0.00170	0.04816	0.06380	0.00483	0.00738
50	0.06129	0.01150	0.01208	0.01008	0.01319	0.01298	0.00801	0.34208	0.37547	0.02436	0.01555	0.01585	0.01184	0.05597	0.00607	0.00177	0.00458	0.00502	0.00473	0.00760
51	0.00893	0.00796	0.01301	0.64112	0.02828	0.00964	0.01190	0.01199	0.01039	0.01369	0.09579	0.01890	0.01266	0.00612	0.00509	0.00166	0.00580	0.05942	0.03238	0.00527
52	0.01184	0.01335	0.02500	0.01850	0.02223	0.06347	0.56229	0.01513	0.01086	0.01465	0.00903	0.01243	0.00717	0.00517	0.00797	0.00174	0.18516	0.00531	0.00242	0.00630
53	0.00608	0.00454	0.00567	0.00648	0.00712	0.00417	0.00444	0.00728	0.02151	0.01312	0.06446	0.62046	0.18779	0.01444	0.00614	0.00190	0.00277	0.01290	0.00460	0.00411
54	0.01757	0.05750	0.01488	0.01099	0.01479	0.01509	0.00909	0.64354	0.11906	0.02861	0.01257	0.01241	0.00909	0.00590	0.00483	0.00148	0.00521	0.00447	0.00477	0.00817
55	0.01199	0.00945	0.01188	0.02652	0.06885	0.03637	0.05053	0.13233	0.04759	0.08274	0.07818	0.12332	0.06376	0.00717	0.00511	0.00140	0.01694	0.00616	0.00400	0.21569
56	0.01100	0.05525	0.01480	0.01205	0.01241	0.05621	0.00994	0.01202	0.00797	0.01164	0.00725	0.01219	0.00734	0.07300	0.01551	0.00225	0.66731	0.00438	0.00223	0.00525
57	0.01744	0.01201	0.01331	0.01061	0.01413	0.01303	0.00873	0.55280	0.08133	0.12025	0.01481	0.03928	0.01146	0.00681	0.00510	0.00157	0.00500	0.05940	0.00502	0.00791
58	0.01384	0.01167	0.01346	0.03394	0.04201	0.02576	0.05097	0.22492	0.46663	0.02244	0.01649	0.01648	0.01244	0.00630	0.00504	0.00161	0.00477	0.01891	0.00462	0.00771
59	0.12861	0.00851	0.01087	0.00845	0.01216	0.00771	0.00698	0.02274	0.01334	0.70134	0.01780	0.01562	0.01130	0.00589	0.00470	0.00152	0.00413	0.00465	0.00570	0.00798
60	0.01375	0.01180	0.01188	0.01031	0.01329	0.05633	0.00811	0.18002	0.57206	0.02207	0.01827	0.01709	0.02962	0.00654	0.00497	0.00161	0.00444	0.00529	0.00484	0.00771
61	0.00973	0.00703	0.00846	0.00824	0.00986	0.00716	0.00650	0.18291	0.02163	0.03051	0.08611	0.28376	0.10127	0.01183	0.00598	0.00187	0.00381	0.20331	0.00473	0.00529
62	0.50223	0.01079	0.00927	0.00805	0.01105	0.06100	0.00648	0.11230	0.13170	0.04431	0.05246	0.01192	0.00968	0.00543	0.00387	0.00152	0.00426	0.00376	0.00376	0.00615
63	0.00940	0.00577	0.00701	0.00684	0.00843	0.00532	0.00506	0.01170	0.07273	0.15630	0.08734	0.32775	0.25369	0.01176	0.00576	0.00175	0.00303	0.01024	0.00493	0.00517
64	0.01857	0.01140	0.01246	0.01001	0.01349	0.06799	0.00814	0.27522	0.12329	0.33990	0.03089	0.01637	0.01203	0.00635	0.00498	0.00153	0.00486	0.02940	0.00523	0.00789
65	0.00785	0.00592	0.00867	0.01036	0.11295	0.00594	0.00694	0.00939	0.01026	0.01397	0.13589	0.12768	0.07860	0.01675	0.15928	0.09617	0.00563	0.17938	0.00377	0.00460
66	0.01736	0.01446	0.01593	0.01237	0.01618	0.09733	0.09307	0.55792	0.08143	0.02651	0.01181	0.01217	0.00857	0.00568	0.00497	0.00149	0.00596	0.00453	0.00441	0.00785

[dist]
# distance from previous block
# <min> <max>
0	1

[block]
# block no. 5 follows, 51 sequences, length 31
# corresponding to MSA columns:
# 278-294,296-309
name=unknown_F
#
# <colnr> <probs for GDERKNQSTAVLIFYWHMCP>
#	G	D	E	R	K	N	Q	S	T	A	V	L	I	F	Y	W	H	M	C	P
0	0.02409	0.00927	0.01425	0.38609	0.14643	0.01011	0.03218	0.05471	0.02718	0.01576	0.09462	0.01505	0.01145	0.00532	0.00497	0.00147	0.01599	0.00470	0.00290	0.12345
1	0.10586	0.68615	0.02300	0.00839	0.01245	0.01825	0.00814	0.06607	0.01069	0.01401	0.00717	0.00816	0.00634	0.00436	0.00326	0.00113	0.00511	0.00275	0.00239	0.00634
2	0.65249	0.00999	0.05721	0.00739	0.01054	0.01018	0.00655	0.01477	0.00924	0.07958	0.01000	0.01395	0.00839	0.00566	0.00369	0.00160	0.00412	0.08567	0.00337	0.00559
3	0.22586	0.01234	0.01272	0.01015	0.01354	0.01403	0.00836	0.50012	0.05861	0.02694	0.01065	0.01113	0.00783	0.00579	0.00521	0.00154	0.05950	0.00404	0.00427	0.00738
4	0.00690	0.00543	0.00631	0.00635	0.00764	0.00514	0.00465	0.00976	0.09608	0.01586	0.26935	0.22880	0.29594	0.01179	0.00583	0.00171	0.00268	0.01026	0.00487	0.00466
5	0.22566	0.01763	0.01194	0.01068	0.01346	0.45301	0.00822	0.06622	0.11928	0.01684	0.00937	0.01013	0.00740	0.00521	0.00420	0.00140	0.00672	0.00345	0.00314	0.00605
6	0.00669	0.00509	0.00755	0.00811	0.00884	0.00482	0.05301	0.00801	0.00989	0.01314	0.02583	0.63235	0.03018	0.01437	0.00634	0.00202	0.00350	0.15160	0.00443	0.00425
7	0.07278	0.01270	0.01713	0.01302	0.01699	0.01354	0.19860	0.40722	0.12469	0.05438	0.01243	0.01299	0.00899	0.00549	0.00502	0.00155	0.00575	0.00482	0.00425	0.00765
8	0.01409	0.01785	0.08956	0.01068	0.01311	0.48087	0.00865	0.01585	0.01255	0.01345	0.09561	0.06527	0.01357	0.06832	0.00621	0.00163	0.00690	0.00490	0.05559	0.00536
9	0.03513	0.01023	0.01103	0.00934	0.01219	0.05172	0.00742	0.19009	0.22470	0.18627	0.13432	0.05773	0.01807	0.00730	0.00511	0.00158	0.00428	0.02129	0.00507	0.00714
10	0.00945	0.00582	0.00756	0.00729	0.00798	0.00623	0.00513	0.01126	0.19916	0.01150	0.01136	0.01578	0.01013	0.01451	0.01570	0.64601	0.00417	0.00459	0.00284	0.00353
11	0.01324	0.01130	0.01164	0.01020	0.01311	0.03594	0.00800	0.13318	0.64361	0.02178	0.03082	0.01742	0.01430	0.00656	0.00498	0.00163	0.00423	0.00538	0.00492	0.00775
12	0.00928	0.00873	0.01474	0.81548	0.03385	0.01092	0.01365	0.01256	0.00983	0.01256	0.00873	0.01310	0.00655	0.00491	0.00491	0.00164	0.00655	0.00437	0.00218	0.00546
13	0.01123	0.01251	0.02609	0.03537	0.02355	0.01240	0.63813	0.01485	0.01097	0.01507	0.01013	0.04373	0.00826	0.00514	0.00709	0.00173	0.10897	0.00589	0.00252	0.00635
14	0.00603	0.00437	0.00568	0.00671	0.00712	0.00405	0.00454	0.00693	0.00956	0.01260	0.02872	0.73170	0.09423	0.02854	0.00656	0.00202	0.00289	0.02921	0.00453	0.00400
15	0.01685	0.01229	0.01339	0.01047	0.01424	0.01323	0.00854	0.51379	0.15509	0.07914	0.01341	0.01310	0.00966	0.00580	0.00479	0.00143	0.00487	0.00449	0.00479	0.10062
16	0.01111	0.11149	0.42985	0.01292	0.06590	0.01120	0.02952	0.01545	0.03329	0.07408	0.01024	0.01194	0.00779	0.00819	0.09187	0.00213	0.00705	0.00390	0.00261	0.05947
17	0.01426	0.08809	0.01350	0.01102	0.02800	0.23872	0.00851	0.03248	0.45097	0.02958	0.01479	0.01438	0.01138	0.00595	0.00482	0.00150	0.01649	0.00455	0.00397	0.00704
18	0.01368	0.00882	0.01035	0.00903	0.01163	0.00922	0.00722	0.14658	0.23870	0.18638	0.13362	0.07429	0.03030	0.00828	0.00537	0.00167	0.00396	0.08877	0.00519	0.00690
19	0.01394	0.02154	0.01542	0.06192	0.01654	0.15210	0.14048	0.18986	0.14255	0.03521	0.08722	0.01594	0.02414	0.01943	0.00588	0.00160	0.04056	0.00517	0.00381	0.00667
20	0.67396	0.00925	0.00816	0.00697	0.01018	0.01017	0.00575	0.01657	0.00964	0.19623	0.00965	0.00994	0.00685	0.00490	0.00347	0.00152	0.00389	0.00317	0.00372	0.00600
21	0.01534	0.08343	0.12306	0.01199	0.01529	0.43339	0.01033	0.04195	0.15649	0.01461	0.01008	0.01091	0.00798	0.00541	0.00496	0.00141	0.04029	0.00371	0.00295	0.00641
22	0.00604	0.00490	0.00555	0.00574	0.00704	0.00441	0.00424	0.00731	0.01050	0.01306	0.06079	0.17980	0.53251	0.01627	0.11649	0.00258	0.00402	0.01026	0.00432	0.00417
23	0.10502	0.01407	0.15847	0.01471	0.01916	0.01169	0.32522	0.12076	0.01247	0.06658	0.01126	0.06652	0.00906	0.00557	0.00554	0.00163	0.03704	0.00532	0.00316	0.00672
