[name]
unknown

[dist]
# distance from previous block
# <min> <max>
0	44

[block]
# block no. 0 follows, 53 sequences, length 21
# corresponding to MSA columns:
# 44-64
name=unknown_A
#
# <colnr> <probs for GDERKNQSTAVLIFYWHMCP>
#	G	D	E	R	K	N	Q	S	T	A	V	L	I	F	Y	W	H	M	C	P
0	0.04627	0.01018	0.02607	0.04832	0.37635	0.04413	0.01079	0.01528	0.10236	0.06624	0.03374	0.07935	0.01311	0.00647	0.00493	0.00155	0.00496	0.07765	0.00334	0.02891
1	0.01161	0.00954	0.01501	0.23234	0.35325	0.01014	0.01176	0.01560	0.09977	0.09704	0.08484	0.01544	0.01199	0.00533	0.00485	0.00150	0.00516	0.00485	0.00322	0.00674
2	0.00640	0.00483	0.00591	0.00572	0.00694	0.00434	0.00426	0.00828	0.01254	0.01701	0.54456	0.08476	0.25551	0.01073	0.00567	0.00156	0.00233	0.00934	0.00498	0.00434
3	0.00605	0.00430	0.00564	0.00645	0.00683	0.00403	0.00433	0.00702	0.00962	0.01299	0.13755	0.65316	0.03248	0.07650	0.00742	0.00208	0.00284	0.01237	0.00444	0.00390
4	0.00634	0.00484	0.00581	0.00563	0.00689	0.00432	0.00420	0.00817	0.01243	0.01670	0.50585	0.07066	0.30921	0.01079	0.00566	0.00156	0.00233	0.00935	0.00494	0.00432
5	0.00756	0.00579	0.00705	0.00667	0.00803	0.00575	0.00501	0.01167	0.15136	0.01856	0.57556	0.08803	0.07109	0.00965	0.00553	0.00156	0.00257	0.00847	0.00510	0.00499
6	0.86579	0.00924	0.00702	0.00629	0.00924	0.01072	0.00518	0.01405	0.00813	0.02144	0.00666	0.00776	0.00518	0.00444	0.00296	0.00148	0.00370	0.00259	0.00296	0.00518
7	0.86579	0.00924	0.00702	0.00629	0.00924	0.01072	0.00518	0.01405	0.00813	0.02144	0.00666	0.00776	0.00518	0.00444	0.00296	0.00148	0.00370	0.00259	0.00296	0.00518
8	0.01408	0.01135	0.01204	0.01017	0.01326	0.01291	0.00809	0.29030	0.52511	0.02352	0.01668	0.01562	0.01234	0.00622	0.00483	0.00156	0.00430	0.00502	0.00483	0.00776
9	0.86579	0.00924	0.00702	0.00629	0.00924	0.01072	0.00518	0.01405	0.00813	0.02144	0.00666	0.00776	0.00518	0.00444	0.00296	0.00148	0.00370	0.00259	0.00296	0.00518
10	0.00683	0.00510	0.00759	0.00759	0.00842	0.00593	0.00586	0.00848	0.00766	0.01103	0.01288	0.01922	0.01214	0.06418	0.78501	0.00757	0.01251	0.00519	0.00257	0.00422
11	0.00593	0.00422	0.00556	0.00654	0.00683	0.00395	0.00434	0.00677	0.00918	0.01229	0.05600	0.74678	0.03123	0.06698	0.00725	0.00210	0.00287	0.01297	0.00437	0.00384
12	0.86579	0.00924	0.00702	0.00629	0.00924	0.01072	0.00518	0.01405	0.00813	0.02144	0.00666	0.00776	0.00518	0.00444	0.00296	0.00148	0.00370	0.00259	0.00296	0.00518
13	0.01122	0.01200	0.02473	0.01801	0.02228	0.01142	0.64257	0.07316	0.01191	0.01611	0.01158	0.09972	0.00991	0.00533	0.00562	0.00163	0.00728	0.00639	0.00281	0.00630
14	0.00979	0.00937	0.01293	0.01124	0.01127	0.01278	0.00912	0.01069	0.00727	0.01114	0.00787	0.01399	0.00820	0.13818	0.04373	0.00268	0.66804	0.00465	0.00223	0.00483
15	0.00608	0.00427	0.00549	0.00636	0.00683	0.00397	0.00432	0.00712	0.00962	0.01309	0.08155	0.67442	0.07716	0.01383	0.00586	0.00184	0.00268	0.01245	0.05907	0.00397
16	0.00594	0.00431	0.00561	0.00643	0.00692	0.00398	0.00439	0.00699	0.00987	0.01319	0.13226	0.66232	0.09202	0.01405	0.00600	0.00186	0.00268	0.01265	0.00455	0.00398
17	0.01278	0.04140	0.15048	0.05854	0.06899	0.01129	0.38053	0.02800	0.01139	0.14975	0.01079	0.01267	0.00776	0.00464	0.00540	0.00155	0.02945	0.00483	0.00294	0.00683
18	0.14718	0.04325	0.10069	0.02692	0.01294	0.01007	0.02055	0.06893	0.03040	0.27321	0.01236	0.01386	0.00922	0.05998	0.04700	0.00205	0.10683	0.00429	0.00379	0.00649
19	0.00672	0.00469	0.00585	0.00632	0.00664	0.00466	0.00417	0.02270	0.00848	0.01135	0.02022	0.37498	0.02345	0.36097	0.07413	0.00351	0.00444	0.04946	0.00365	0.00361
20	0.01675	0.04074	0.02671	0.01046	0.03404	0.02384	0.06697	0.19131	0.07448	0.35016	0.01668	0.06890	0.03220	0.00638	0.00488	0.00150	0.00467	0.00537	0.01659	0.00737

[dist]
# distance from previous block
# <min> <max>
4	27

[block]
# block no. 1 follows, 53 sequences, length 9
# corresponding to MSA columns:
# 92-100
name=unknown_B
#
# <colnr> <probs for GDERKNQSTAVLIFYWHMCP>
#	G	D	E	R	K	N	Q	S	T	A	V	L	I	F	Y	W	H	M	C	P
0	0.01465	0.28105	0.01739	0.11504	0.01592	0.05338	0.04171	0.12444	0.03841	0.16768	0.01061	0.01132	0.00793	0.00494	0.00441	0.00130	0.02355	0.00376	0.00336	0.05915
1	0.00614	0.00453	0.00574	0.00613	0.00693	0.00413	0.00433	0.00754	0.01102	0.01483	0.30942	0.41436	0.16206	0.01263	0.00586	0.00173	0.00253	0.01123	0.00474	0.00413
2	0.19552	0.00766	0.00925	0.00771	0.01064	0.00724	0.00618	0.01839	0.01171	0.50000	0.01763	0.15921	0.01396	0.00722	0.00465	0.00156	0.00376	0.00591	0.00503	0.00676
3	0.00778	0.00580	0.00876	0.00780	0.00872	0.00589	0.09524	0.00882	0.00798	0.03400	0.01459	0.07179	0.01539	0.44818	0.23383	0.00486	0.00712	0.00663	0.00293	0.00389
4	0.01187	0.00993	0.01062	0.00941	0.01203	0.01130	0.00735	0.09404	0.63100	0.02084	0.10981	0.01933	0.01755	0.00680	0.00495	0.00159	0.00374	0.00568	0.00490	0.00726
5	0.00847	0.00728	0.01004	0.00911	0.00953	0.00926	0.00720	0.00976	0.00821	0.01225	0.10230	0.01879	0.01412	0.12333	0.24279	0.00391	0.35541	0.00534	0.03837	0.00453
6	0.01272	0.01070	0.01251	0.03994	0.01290	0.12291	0.02968	0.01473	0.05782	0.14559	0.01175	0.08820	0.01041	0.00925	0.04433	0.03856	0.32399	0.00516	0.00320	0.00564
7	0.01459	0.05403	0.01436	0.08766	0.09333	0.01345	0.00954	0.37696	0.24394	0.02311	0.01303	0.01328	0.00969	0.00564	0.00471	0.00148	0.00497	0.00452	0.00418	0.00754
8	0.03383	0.03044	0.10989	0.01121	0.01409	0.24664	0.02615	0.12785	0.07221	0.01602	0.02180	0.01197	0.00837	0.04428	0.00718	0.00161	0.13973	0.00398	0.01610	0.05665

[dist]
# distance from previous block
# <min> <max>
10	18

[block]
# block no. 2 follows, 53 sequences, length 20
# corresponding to MSA columns:
# 119-126,128-139
name=unknown_C
#
# <colnr> <probs for GDERKNQSTAVLIFYWHMCP>
#	G	D	E	R	K	N	Q	S	T	A	V	L	I	F	Y	W	H	M	C	P
0	0.11093	0.00849	0.01027	0.00805	0.01135	0.00795	0.00652	0.09229	0.01230	0.38298	0.01367	0.01391	0.00967	0.03019	0.03352	0.04213	0.01841	0.00414	0.00441	0.17880
1	0.00709	0.00489	0.00577	0.00577	0.00587	0.00510	0.00354	0.00736	0.00729	0.01000	0.01549	0.09510	0.01759	0.65939	0.05862	0.00431	0.04335	0.00719	0.03306	0.00321
2	0.01013	0.03277	0.01496	0.30576	0.06703	0.01125	0.06453	0.02933	0.00934	0.01311	0.00802	0.01159	0.00670	0.00603	0.00817	0.04206	0.22373	0.00407	0.00231	0.12909
3	0.00715	0.00493	0.00635	0.00609	0.00726	0.00450	0.00453	0.00915	0.01283	0.04928	0.62015	0.12432	0.10462	0.01039	0.00566	0.00156	0.00240	0.00916	0.00513	0.00455
4	0.01318	0.77100	0.02414	0.00850	0.01246	0.08138	0.00826	0.01469	0.01001	0.01128	0.00670	0.00774	0.00614	0.00415	0.00316	0.00104	0.00539	0.00260	0.00208	0.00609
5	0.00780	0.00515	0.00656	0.00704	0.00780	0.00497	0.00489	0.06909	0.01038	0.06191	0.02420	0.67821	0.02790	0.05128	0.00676	0.00200	0.00313	0.01201	0.00448	0.00443
6	0.01256	0.01032	0.02591	0.16292	0.19797	0.01047	0.15182	0.02628	0.14942	0.13853	0.01339	0.01473	0.02703	0.00516	0.00492	0.00152	0.00551	0.00490	0.01506	0.02156
7	0.01455	0.01226	0.01265	0.01146	0.06003	0.07576	0.00858	0.26465	0.42472	0.03991	0.01535	0.01471	0.01141	0.00598	0.00478	0.00152	0.00475	0.00479	0.00452	0.00760
8	0.68777	0.01179	0.13639	0.00762	0.01128	0.01076	0.00732	0.02975	0.00889	0.04207	0.00739	0.00845	0.00556	0.00452	0.00330	0.00148	0.00428	0.00284	0.00292	0.00562
9	0.09068	0.15072	0.21203	0.01071	0.01470	0.06649	0.09600	0.03610	0.01095	0.07731	0.05222	0.08232	0.05614	0.00619	0.00469	0.00146	0.01703	0.00509	0.00307	0.00608
10	0.79812	0.00890	0.00697	0.00626	0.00908	0.01023	0.00512	0.01365	0.00856	0.02127	0.06912	0.00997	0.00832	0.00486	0.00317	0.00148	0.00358	0.00307	0.00314	0.00512
11	0.00657	0.00447	0.00553	0.00606	0.00625	0.00436	0.00387	0.00699	0.00809	0.01077	0.02019	0.36469	0.02367	0.41765	0.01548	0.02831	0.00383	0.05623	0.00361	0.00338
12	0.08253	0.31785	0.19670	0.02153	0.01502	0.05466	0.08416	0.02497	0.01010	0.05092	0.00873	0.01122	0.00733	0.06969	0.00580	0.00158	0.02503	0.00364	0.00246	0.00610
13	0.08397	0.12648	0.02887	0.00909	0.01259	0.01062	0.03011	0.16605	0.03920	0.35307	0.01492	0.08039	0.01127	0.00619	0.00454	0.00145	0.00447	0.00496	0.00458	0.00718
14	0.00687	0.00481	0.00522	0.00524	0.00663	0.00423	0.00388	0.00831	0.01084	0.04205	0.10259	0.14068	0.47737	0.01097	0.00529	0.00156	0.00248	0.00929	0.14743	0.00427
15	0.01513	0.01182	0.07753	0.00985	0.01318	0.01142	0.00843	0.44424	0.05855	0.10683	0.06173	0.06361	0.01309	0.07449	0.00651	0.00175	0.00482	0.00538	0.00453	0.00711
16	0.01225	0.03340	0.13072	0.08743	0.12751	0.06439	0.16542	0.05177	0.04633	0.09498	0.01203	0.07395	0.01856	0.00581	0.00559	0.00156	0.05356	0.00518	0.00305	0.00653
17	0.06538	0.05569	0.02443	0.07807	0.05513	0.07687	0.04630	0.14022	0.18481	0.17749	0.02794	0.01379	0.01027	0.00556	0.00477	0.00148	0.01623	0.00448	0.00406	0.00705
18	0.00796	0.00489	0.00597	0.00603	0.00651	0.00473	0.00391	0.00852	0.00850	0.07637	0.05500	0.19088	0.02168	0.51218	0.01712	0.00354	0.00409	0.05477	0.00366	0.00369
19	0.63771	0.00886	0.00786	0.02120	0.00999	0.01018	0.00576	0.01452	0.05495	0.06784	0.00980	0.07689	0.00839	0.00571	0.00407	0.00156	0.04208	0.00390	0.00332	0.00540

[dist]
# distance from previous block
# <min> <max>
0	13

[block]
# block no. 3 follows, 53 sequences, length 40
# corresponding to MSA columns:
# 153-192
name=unknown_D
#
# <colnr> <probs for GDERKNQSTAVLIFYWHMCP>
#	G	D	E	R	K	N	Q	S	T	A	V	L	I	F	Y	W	H	M	C	P
0	0.00905	0.00756	0.00898	0.00694	0.01035	0.00585	0.00539	0.01097	0.01001	0.01525	0.06091	0.14509	0.01346	0.00579	0.00409	0.00096	0.00333	0.00495	0.00325	0.66782
1	0.01189	0.52245	0.02014	0.03651	0.01251	0.01586	0.00841	0.01346	0.00974	0.04159	0.08641	0.01154	0.01028	0.00563	0.00606	0.00133	0.17419	0.00364	0.00252	0.00583
2	0.00866	0.00528	0.00690	0.00633	0.00778	0.00479	0.00480	0.01071	0.01313	0.12621	0.60299	0.08361	0.08077	0.00970	0.00555	0.00153	0.00255	0.00851	0.00525	0.00494
3	0.00666	0.00486	0.00625	0.00595	0.00709	0.00446	0.00445	0.00879	0.01321	0.01851	0.72271	0.06147	0.09750	0.01010	0.00565	0.00152	0.00228	0.00890	0.00518	0.00446
4	0.00653	0.00488	0.00607	0.00577	0.00700	0.00441	0.00433	0.00857	0.01298	0.01786	0.64276	0.03785	0.20284	0.01026	0.00564	0.00153	0.00229	0.00895	0.00509	0.00441
5	0.01785	0.02278	0.01354	0.01231	0.01478	0.81284	0.00924	0.01909	0.01354	0.01170	0.00739	0.00862	0.00616	0.00493	0.00431	0.00123	0.00862	0.00308	0.00246	0.00554
6	0.00971	0.00500	0.00518	0.00498	0.00632	0.00505	0.00379	0.01262	0.05922	0.05645	0.01599	0.01774	0.01238	0.00564	0.00351	0.00116	0.00241	0.00453	0.76348	0.00483
7	0.02144	0.00813	0.01109	0.00850	0.01220	0.00702	0.00702	0.02329	0.01368	0.80552	0.01886	0.01627	0.01183	0.00592	0.00481	0.00148	0.00407	0.00481	0.00592	0.00813
8	0.02144	0.00813	0.01109	0.00850	0.01220	0.00702	0.00702	0.02329	0.01368	0.80552	0.01886	0.01627	0.01183	0.00592	0.00481	0.00148	0.00407	0.00481	0.00592	0.00813
9	0.00688	0.00503	0.00628	0.00647	0.00774	0.00449	0.02331	0.00816	0.01044	0.05341	0.03560	0.32325	0.38323	0.01274	0.00587	0.00179	0.00298	0.09358	0.00446	0.00429
10	0.01817	0.01339	0.01434	0.01100	0.01482	0.01482	0.00908	0.78627	0.02247	0.03012	0.01148	0.01148	0.00813	0.00574	0.00478	0.00143	0.00526	0.00430	0.00478	0.00813
11	0.00940	0.00698	0.01071	0.00876	0.01089	0.00656	0.13055	0.06012	0.01353	0.08682	0.50187	0.04248	0.07442	0.00847	0.00552	0.00153	0.00355	0.00771	0.00477	0.00533
12	0.00991	0.00850	0.00991	0.00708	0.01133	0.00637	0.00566	0.01203	0.00991	0.01557	0.00850	0.00991	0.00708	0.00354	0.00354	0.00071	0.00354	0.00283	0.00283	0.86124
13	0.06525	0.00858	0.01335	0.62137	0.02770	0.01012	0.01167	0.02924	0.01039	0.14213	0.01012	0.01298	0.00722	0.00496	0.00467	0.00156	0.00581	0.00423	0.00284	0.00582
14	0.01618	0.07750	0.04153	0.00972	0.06143	0.00823	0.01863	0.02754	0.03841	0.45478	0.08470	0.06829	0.01526	0.04876	0.00581	0.00164	0.00422	0.00555	0.00482	0.00700
15	0.00891	0.00445	0.00445	0.00445	0.00557	0.00445	0.00334	0.01114	0.01002	0.01782	0.01559	0.01782	0.01225	0.00557	0.00334	0.00111	0.00223	0.00445	0.85856	0.00445
16	0.00959	0.02472	0.80726	0.01362	0.02069	0.01110	0.01766	0.01514	0.01009	0.01514	0.00858	0.01009	0.00605	0.00454	0.00454	0.00151	0.00706	0.00353	0.00202	0.00706
17	0.01051	0.01043	0.07045	0.06956	0.15560	0.03136	0.11654	0.05234	0.09308	0.03950	0.09675	0.04557	0.06811	0.00727	0.00530	0.00163	0.00515	0.11114	0.00359	0.00613
18	0.01326	0.63226	0.09728	0.00933	0.01345	0.14132	0.00924	0.01513	0.01034	0.01168	0.00694	0.00804	0.00613	0.00426	0.00340	0.00110	0.00584	0.00273	0.00211	0.00613
19	0.01098	0.00904	0.04909	0.04787	0.01278	0.00686	0.00680	0.01326	0.01019	0.10533	0.00995	0.01134	0.00784	0.00594	0.05444	0.00132	0.00449	0.00330	0.00309	0.62608
20	0.01494	0.19458	0.13253	0.02904	0.01414	0.01094	0.03535	0.03063	0.08608	0.30914	0.04146	0.01440	0.02710	0.00545	0.00442	0.00138	0.00481	0.00436	0.00399	0.03523
21	0.03247	0.00937	0.02896	0.10115	0.04187	0.00934	0.03725	0.09303	0.09827	0.36440	0.01587	0.07911	0.01188	0.00649	0.00545	0.00157	0.04647	0.00537	0.00456	0.00711
22	0.02144	0.00813	0.01109	0.00850	0.01220	0.00702	0.00702	0.02329	0.01368	0.80552	0.01886	0.01627	0.01183	0.00592	0.00481	0.00148	0.00407	0.00481	0.00592	0.00813
23	0.00972	0.00661	0.00915	0.06010	0.03646	0.00688	0.00788	0.04025	0.02067	0.09344	0.02132	0.06478	0.03443	0.06730	0.00778	0.00217	0.04326	0.45862	0.00415	0.00502
24	0.01942	0.01115	0.04162	0.00964	0.01335	0.06026	0.00812	0.24181	0.02900	0.47708	0.01576	0.02759	0.01057	0.00591	0.00478	0.00146	0.00478	0.00466	0.00519	0.00785
25	0.00812	0.00599	0.00685	0.00651	0.00817	0.00580	0.00491	0.01191	0.15756	0.06544	0.24322	0.12550	0.31098	0.01036	0.00550	0.00161	0.00277	0.00889	0.00483	0.00506
26	0.01785	0.02278	0.01354	0.01231	0.01478	0.81284	0.00924	0.01909	0.01354	0.01170	0.00739	0.00862	0.00616	0.00493	0.00431	0.00123	0.00862	0.00308	0.00246	0.00554
27	0.00666	0.00485	0.00627	0.00599	0.00709	0.00445	0.00446	0.00879	0.01317	0.01849	0.72119	0.07764	0.08271	0.01016	0.00566	0.00153	0.00229	0.00898	0.00518	0.00445
28	0.00991	0.00850	0.00991	0.00708	0.01133	0.00637	0.00566	0.01203	0.00991	0.01557	0.00850	0.00991	0.00708	0.00354	0.00354	0.00071	0.00354	0.00283	0.00283	0.86124
29	0.01466	0.01239	0.06273	0.07904	0.01570	0.01304	0.00947	0.39881	0.22170	0.03997	0.01312	0.01336	0.00963	0.00591	0.00531	0.00153	0.04683	0.00455	0.02481	0.00744
30	0.01529	0.01112	0.01419	0.06554	0.06447	0.01224	0.04884	0.38455	0.03028	0.11950	0.06237	0.01396	0.01078	0.00608	0.00607	0.00153	0.09662	0.00472	0.02472	0.00717
31	0.00587	0.00420	0.00559	0.00662	0.00694	0.00391	0.00444	0.00677	0.00937	0.01255	0.06463	0.78964	0.03228	0.01472	0.00608	0.00192	0.00275	0.01334	0.00448	0.00391
32	0.02331	0.00505	0.00624	0.00618	0.00726	0.00483	0.00454	0.00944	0.05075	0.01736	0.49290	0.20363	0.07592	0.01047	0.00550	0.00158	0.00248	0.00924	0.05878	0.00451
33	0.01362	0.09528	0.03095	0.09483	0.21781	0.23183	0.07445	0.01718	0.09786	0.05276	0.01002	0.01167	0.00792	0.00528	0.01716	0.00149	0.00654	0.00403	0.00279	0.00653
34	0.01045	0.00549	0.00752	0.00699	0.00780	0.00557	0.00500	0.04932	0.05758	0.09909	0.01050	0.01492	0.00921	0.01487	0.04257	0.63799	0.00447	0.00434	0.00283	0.00348
35	0.00629	0.00450	0.00589	0.00685	0.00727	0.00429	0.00467	0.03349	0.00965	0.01286	0.02581	0.78437	0.03072	0.01462	0.00607	0.00193	0.00289	0.02935	0.00445	0.00404
36	0.01457	0.01142	0.06213	0.02215	0.04298	0.03571	0.03488	0.27784	0.05413	0.12641	0.01751	0.24366	0.01623	0.00883	0.00559	0.00179	0.00500	0.00732	0.00470	0.00713
37	0.07668	0.05481	0.06437	0.07732	0.01605	0.02593	0.04769	0.43286	0.07563	0.02326	0.01074	0.01168	0.00796	0.00589	0.00527	0.04346	0.00537	0.00416	0.00384	0.00705
38	0.00801	0.00631	0.00860	0.04781	0.00934	0.00686	0.05369	0.03519	0.02013	0.01135	0.01503	0.14415	0.01671	0.48526	0.01756	0.00346	0.09629	0.00729	0.00306	0.00389
39	0.16203	0.02683	0.11918	0.11943	0.08964	0.09315	0.05568	0.06454	0.05757	0.13868	0.01068	0.01198	0.00786	0.01709	0.00470	0.00152	0.00564	0.00400	0.00325	0.00654

[dist]
# distance from previous block
# <min> <max>
1	33

[block]
# block no. 4 follows, 53 sequences, length 6
# corresponding to MSA columns:
# 237-242
name=unknown_E
#
# <colnr> <probs for GDERKNQSTAVLIFYWHMCP>
#	G	D	E	R	K	N	Q	S	T	A	V	L	I	F	Y	W	H	M	C	P
0	0.01230	0.01385	0.02524	0.01846	0.02274	0.09797	0.62324	0.05499	0.01190	0.01549	0.00935	0.01224	0.00713	0.00443	0.00596	0.00159	0.04899	0.00522	0.00253	0.00637
1	0.00706	0.00531	0.00658	0.00618	0.00749	0.00505	0.00466	0.01010	0.07563	0.01856	0.65696	0.03537	0.12340	0.00976	0.00558	0.00152	0.00239	0.00854	0.00514	0.00470
2	0.00683	0.00512	0.00768	0.00768	0.00853	0.00597	0.00597	0.00853	0.00768	0.01110	0.01280	0.01878	0.01195	0.03585	0.81308	0.00768	0.01280	0.00512	0.00256	0.00427
3	0.04839	0.07251	0.60941	0.01395	0.06072	0.01148	0.05765	0.01533	0.01022	0.04485	0.00884	0.01031	0.00638	0.00452	0.00446	0.00148	0.00666	0.00363	0.00225	0.00696
4	0.86579	0.00924	0.00702	0.00629	0.00924	0.01072	0.00518	0.01405	0.00813	0.02144	0.00666	0.00776	0.00518	0.00444	0.00296	0.00148	0.00370	0.00259	0.00296	0.00518
5	0.01033	0.05501	0.14831	0.00900	0.01193	0.07304	0.00827	0.05476	0.16150	0.03755	0.26206	0.04379	0.07022	0.00761	0.00503	0.00151	0.00432	0.02569	0.00413	0.00594

[dist]
# distance from previous block
# <min> <max>
0	3

[block]
# block no. 5 follows, 53 sequences, length 32
# corresponding to MSA columns:
# 246-273,275-278
name=unknown_F
#
# <colnr> <probs for GDERKNQSTAVLIFYWHMCP>
#	G	D	E	R	K	N	Q	S	T	A	V	L	I	F	Y	W	H	M	C	P
0	0.01198	0.01069	0.01771	0.09475	0.62603	0.01064	0.01338	0.01474	0.01085	0.06057	0.00947	0.01201	0.00767	0.00434	0.00464	0.00138	0.00547	0.00417	0.00259	0.07692
1	0.01807	0.01305	0.01411	0.01089	0.01465	0.07803	0.04012	0.53231	0.01929	0.15725	0.01218	0.01204	0.00851	0.00554	0.00473	0.00140	0.00538	0.00428	0.00460	0.04357
2	0.05730	0.00604	0.00693	0.04447	0.00790	0.00654	0.00439	0.07128	0.00843	0.01193	0.01357	0.02635	0.01485	0.62960	0.03455	0.00400	0.03900	0.00621	0.00298	0.00369
3	0.00710	0.00492	0.00730	0.00727	0.00799	0.00551	0.00551	0.00814	0.00788	0.01123	0.07603	0.01936	0.01396	0.03011	0.59805	0.16753	0.01032	0.00523	0.00269	0.00388
4	0.01201	0.01300	0.10594	0.06079	0.50889	0.03828	0.01361	0.09077	0.01193	0.01668	0.04112	0.01245	0.00882	0.00488	0.00520	0.00146	0.04001	0.00432	0.00266	0.00717
5	0.00985	0.09069	0.74357	0.01318	0.02000	0.01174	0.01689	0.01507	0.01006	0.01482	0.00842	0.00989	0.00606	0.00450	0.00442	0.00147	0.00690	0.00345	0.00202	0.00699
6	0.05131	0.27276	0.37141	0.01107	0.03960	0.01285	0.01211	0.01507	0.04216	0.04772	0.07318	0.01194	0.00985	0.00495	0.00413	0.00136	0.00561	0.00375	0.00262	0.00656
7	0.01312	0.67031	0.03861	0.00859	0.01237	0.11595	0.00823	0.01474	0.01021	0.01176	0.00729	0.00842	0.00649	0.00429	0.00327	0.00106	0.00542	0.00275	0.05116	0.00598
8	0.01067	0.01883	0.52397	0.01256	0.06242	0.00961	0.01391	0.01495	0.01052	0.09368	0.01233	0.01323	0.06110	0.00505	0.00452	0.00141	0.00591	0.00406	0.00270	0.11858
9	0.01252	0.00951	0.01052	0.00895	0.01202	0.01003	0.00704	0.02212	0.52813	0.11580	0.02910	0.01688	0.02586	0.00600	0.00463	0.00143	0.00373	0.00497	0.00461	0.16613
10	0.01057	0.00843	0.01083	0.04876	0.09281	0.05569	0.05162	0.10031	0.02554	0.07879	0.21453	0.16363	0.10126	0.00867	0.00533	0.00157	0.00413	0.00764	0.00425	0.00562
11	0.01072	0.00847	0.00999	0.00718	0.01139	0.00642	0.00576	0.01283	0.01018	0.07106	0.00922	0.01036	0.00741	0.00371	0.00363	0.00076	0.00358	0.00297	0.00305	0.80132
12	0.00674	0.00487	0.00637	0.00603	0.00714	0.00449	0.00451	0.00896	0.01341	0.01898	0.77906	0.05687	0.04474	0.00991	0.00565	0.00151	0.00227	0.00878	0.00524	0.00449
13	0.01785	0.02278	0.01354	0.01231	0.01478	0.81284	0.00924	0.01909	0.01354	0.01170	0.00739	0.00862	0.00616	0.00493	0.00431	0.00123	0.00862	0.00308	0.00246	0.00554
14	0.00902	0.00612	0.00771	0.00734	0.00894	0.00606	0.00582	0.01294	0.13297	0.08800	0.44027	0.03507	0.05011	0.00966	0.00564	0.00166	0.00308	0.15927	0.00507	0.00527
15	0.00683	0.00512	0.00768	0.00768	0.00853	0.00597	0.00597	0.00853	0.00768	0.01110	0.01280	0.01878	0.01195	0.03585	0.81308	0.00768	0.01280	0.00512	0.00256	0.00427
16	0.86579	0.00924	0.00702	0.00629	0.00924	0.01072	0.00518	0.01405	0.00813	0.02144	0.00666	0.00776	0.00518	0.00444	0.00296	0.00148	0.00370	0.00259	0.00296	0.00518
17	0.01157	0.01140	0.08475	0.19796	0.44925	0.01060	0.02942	0.02437	0.01082	0.07437	0.01034	0.04543	0.00848	0.00497	0.00481	0.00150	0.00575	0.00464	0.00267	0.00691
18	0.01645	0.01246	0.01333	0.01061	0.01409	0.01390	0.00863	0.59500	0.19712	0.02740	0.01364	0.03245	0.01016	0.00613	0.00483	0.00149	0.00486	0.00477	0.00479	0.00790
19	0.01183	0.01136	0.01940	0.02934	0.80221	0.01136	0.01467	0.01467	0.01088	0.01562	0.00899	0.01183	0.00757	0.00426	0.00473	0.00142	0.00568	0.00426	0.00237	0.00757
20	0.00647	0.00468	0.00611	0.00617	0.00706	0.00432	0.00447	0.00829	0.01221	0.01702	0.56025	0.26326	0.05914	0.01132	0.00577	0.00163	0.00241	0.01009	0.00501	0.00432
21	0.01744	0.01341	0.20574	0.01059	0.03329	0.07377	0.01001	0.02038	0.02598	0.49149	0.01538	0.01521	0.01038	0.00569	0.00476	0.00149	0.00521	0.02771	0.00453	0.00752
22	0.04577	0.00835	0.01109	0.00853	0.01221	0.00740	0.00704	0.04931	0.01382	0.75611	0.01825	0.01586	0.01151	0.00587	0.00475	0.00148	0.00410	0.00472	0.00579	0.00805
23	0.00952	0.02424	0.78785	0.01344	0.02036	0.01094	0.01734	0.01499	0.01017	0.01523	0.02775	0.01071	0.00700	0.00467	0.00457	0.00151	0.00695	0.00366	0.00210	0.00700
24	0.01009	0.03468	0.06155	0.17181	0.21768	0.02736	0.21385	0.01296	0.01029	0.01388	0.01179	0.13506	0.01110	0.03955	0.00591	0.00170	0.00608	0.00601	0.00264	0.00599
25	0.00884	0.00596	0.00765	0.00717	0.00774	0.00655	0.00509	0.00951	0.00823	0.09343	0.01667	0.13124	0.04900	0.39705	0.08545	0.00366	0.14219	0.00711	0.00332	0.00413
26	0.00586	0.00482	0.00515	0.00513	0.00660	0.00411	0.00382	0.00724	0.01129	0.01400	0.18233	0.07693	0.63255	0.01181	0.00567	0.00161	0.00241	0.00997	0.00459	0.00411
27	0.01386	0.01030	0.01461	0.12559	0.06222	0.01083	0.11675	0.25815	0.05636	0.13012	0.03813	0.01721	0.06616	0.01633	0.02635	0.00172	0.00547	0.01900	0.00401	0.00682
28	0.01428	0.07371	0.33829	0.03510	0.04574	0.01076	0.01211	0.11421	0.02302	0.24204	0.03651	0.01289	0.00936	0.00524	0.00460	0.00146	0.00558	0.00415	0.00363	0.00733
29	0.05487	0.01591	0.01492	0.06928	0.22279	0.34828	0.02003	0.09307	0.04455	0.01541	0.00881	0.01063	0.00714	0.00546	0.01749	0.00149	0.03697	0.00376	0.00275	0.00636
30	0.00809	0.00455	0.00582	0.00582	0.00649	0.00476	0.00421	0.00882	0.00816	0.01287	0.01276	0.01793	0.01135	0.06614	0.21348	0.24978	0.00559	0.00469	0.34505	0.00363
31	0.01316	0.03565	0.01382	0.04298	0.01459	0.01056	0.09023	0.30833	0.01520	0.03877	0.07482	0.03456	0.01129	0.00536	0.00454	0.00124	0.00473	0.00454	0.00379	0.27185

[dist]
# distance from previous block
# <min> <max>
0	2

[block]
# block no. 6 follows, 53 sequences, length 15
# corresponding to MSA columns:
# 282-296
name=unknown_G
#
# <colnr> <probs for GDERKNQSTAVLIFYWHMCP>
#	G	D	E	R	K	N	Q	S	T	A	V	L	I	F	Y	W	H	M	C	P
0	0.01551	0.01850	0.01424	0.16553	0.08376	0.54695	0.01047	0.04338	0.01271	0.01274	0.00784	0.00981	0.00639	0.00496	0.00475	0.00134	0.02945	0.00347	0.00246	0.00575
1	0.00918	0.00634	0.00838	0.00767	0.00826	0.00730	0.00563	0.00998	0.00790	0.09339	0.01308	0.02243	0.01320	0.38789	0.20309	0.00447	0.17886	0.00572	0.00296	0.00425
2	0.01660	0.00706	0.00954	0.00768	0.01053	0.00619	0.00619	0.01858	0.01363	0.54577	0.27678	0.02269	0.02282	0.00719	0.00508	0.00149	0.00347	0.00607	0.00570	0.00694
3	0.00684	0.00556	0.00583	0.00550	0.00724	0.00499	0.00420	0.07210	0.01220	0.01515	0.14148	0.04180	0.63761	0.01128	0.00558	0.00158	0.00264	0.00942	0.00457	0.00444
4	0.00586	0.00419	0.00558	0.00663	0.00694	0.00391	0.00444	0.00676	0.00934	0.01250	0.05999	0.79439	0.03220	0.01475	0.00608	0.00192	0.00275	0.01337	0.00447	0.00391
5	0.00903	0.00850	0.01434	0.82054	0.03292	0.01062	0.01327	0.01221	0.00956	0.01221	0.00850	0.01274	0.00637	0.00478	0.00478	0.00159	0.00637	0.00425	0.00212	0.00531
6	0.01782	0.01243	0.01363	0.01041	0.01426	0.01330	0.00858	0.64200	0.02051	0.10996	0.01200	0.01185	0.00843	0.00557	0.00468	0.00138	0.00499	0.00423	0.00474	0.07923
7	0.01817	0.01339	0.01434	0.01100	0.01482	0.01482	0.00908	0.78627	0.02247	0.03012	0.01148	0.01148	0.00813	0.00574	0.00478	0.00143	0.00526	0.00430	0.00478	0.00813
8	0.00567	0.00477	0.00492	0.00503	0.00651	0.00402	0.00372	0.00684	0.01071	0.01284	0.04611	0.12783	0.71993	0.01240	0.00570	0.00165	0.00246	0.01045	0.00444	0.00402
9	0.00565	0.00484	0.00484	0.00484	0.00646	0.00403	0.00363	0.00686	0.01089	0.01291	0.04842	0.04600	0.80027	0.01210	0.00565	0.00161	0.00242	0.01009	0.00444	0.00403
10	0.00722	0.00538	0.00703	0.00690	0.00775	0.00588	0.00504	0.00949	0.07372	0.01225	0.09434	0.02494	0.05305	0.23984	0.41973	0.00548	0.00836	0.00621	0.00320	0.00419
11	0.86579	0.00924	0.00702	0.00629	0.00924	0.01072	0.00518	0.01405	0.00813	0.02144	0.00666	0.00776	0.00518	0.00444	0.00296	0.00148	0.00370	0.00259	0.00296	0.00518
12	0.01064	0.00905	0.01088	0.00784	0.01207	0.00726	0.03166	0.07667	0.01100	0.01678	0.00878	0.01014	0.00717	0.00374	0.00371	0.00080	0.00383	0.00305	0.00298	0.76194
13	0.01108	0.01310	0.06455	0.01874	0.02363	0.01156	0.68262	0.01503	0.01111	0.01532	0.00952	0.01251	0.00718	0.00401	0.00541	0.00153	0.00763	0.00530	0.00243	0.07772
14	0.01158	0.00950	0.01048	0.00867	0.01200	0.00958	0.00682	0.02024	0.46117	0.05432	0.01528	0.01476	0.01162	0.00534	0.00436	0.00127	0.00370	0.00440	0.00414	0.33076

[dist]
# distance from previous block
# <min> <max>
1	2

[block]
# block no. 7 follows, 53 sequences, length 51
# corresponding to MSA columns:
# 299-349
name=unknown_H
#
# <colnr> <probs for GDERKNQSTAVLIFYWHMCP>
#	G	D	E	R	K	N	Q	S	T	A	V	L	I	F	Y	W	H	M	C	P
0	0.01434	0.01039	0.01177	0.06319	0.01357	0.01129	0.00788	0.48065	0.01782	0.05054	0.10368	0.01948	0.04275	0.09178	0.00700	0.00182	0.00475	0.03614	0.00448	0.00669
1	0.00993	0.00857	0.01010	0.00729	0.01137	0.00670	0.00585	0.01201	0.00981	0.01541	0.00841	0.00993	0.00705	0.00373	0.00402	0.00076	0.03571	0.00288	0.00280	0.82765
2	0.00654	0.00475	0.00617	0.00609	0.00707	0.00437	0.00446	0.00849	0.01260	0.01761	0.62458	0.18548	0.07218	0.01084	0.00573	0.00159	0.00236	0.00963	0.00507	0.00437
3	0.13518	0.01019	0.02839	0.00925	0.01287	0.00977	0.05734	0.13311	0.04932	0.08410	0.00997	0.01099	0.00765	0.00480	0.00498	0.00123	0.07232	0.00362	0.00340	0.35153
4	0.01104	0.01055	0.01798	0.25105	0.58663	0.01115	0.01428	0.01398	0.01051	0.01466	0.00885	0.01209	0.00723	0.00440	0.00474	0.00147	0.00587	0.00426	0.00230	0.00694
5	0.01535	0.01235	0.01277	0.00993	0.01366	0.05973	0.00805	0.45964	0.10108	0.02419	0.01132	0.01158	0.00843	0.00520	0.00444	0.00125	0.00486	0.00397	0.00415	0.22804
6	0.00582	0.00416	0.00555	0.00666	0.00693	0.00388	0.00444	0.00666	0.00915	0.01220	0.02634	0.82891	0.03161	0.01497	0.00610	0.00194	0.00277	0.01359	0.00444	0.00388
7	0.00912	0.00750	0.00869	0.00659	0.00977	0.00591	0.00496	0.01072	0.00922	0.01401	0.01082	0.01571	0.02437	0.20249	0.00857	0.00167	0.00378	0.00396	0.00288	0.63928
8	0.00631	0.00511	0.00605	0.00600	0.00713	0.00484	0.00447	0.00773	0.01108	0.01443	0.25046	0.17781	0.40322	0.01171	0.00639	0.00167	0.05694	0.00991	0.00451	0.00422
9	0.01179	0.06728	0.02730	0.01888	0.02362	0.01234	0.70195	0.01557	0.01127	0.04687	0.00984	0.01268	0.00736	0.00411	0.00544	0.00157	0.00770	0.00540	0.00253	0.00649
10	0.00801	0.00426	0.00600	0.00600	0.00600	0.00426	0.00388	0.00639	0.00639	0.00851	0.00978	0.01819	0.01029	0.19501	0.01992	0.67359	0.00426	0.00476	0.00226	0.00226
11	0.00645	0.00503	0.00598	0.00632	0.00766	0.00456	0.00507	0.00810	0.01121	0.01414	0.13804	0.07369	0.43001	0.01225	0.00597	0.00180	0.00304	0.25194	0.00453	0.00421
12	0.01193	0.66874	0.07417	0.00840	0.01227	0.03313	0.00840	0.01374	0.01004	0.01208	0.06041	0.05009	0.00997	0.00505	0.00351	0.00114	0.00501	0.00358	0.00238	0.00596
13	0.29691	0.05645	0.01186	0.00914	0.01241	0.09274	0.00753	0.31262	0.03472	0.07517	0.01045	0.01191	0.00802	0.00546	0.00412	0.00144	0.00492	0.03363	0.00386	0.00663
14	0.01226	0.00755	0.00909	0.00769	0.00998	0.00748	0.00606	0.17419	0.05440	0.17979	0.36399	0.05336	0.07735	0.00831	0.00527	0.00151	0.00335	0.00706	0.00519	0.00610
15	0.00594	0.00434	0.00602	0.00694	0.00731	0.00406	0.02088	0.00684	0.00920	0.01227	0.02599	0.81171	0.03110	0.01474	0.00609	0.00193	0.00288	0.01342	0.00439	0.00394
16	0.02837	0.01154	0.01449	0.05681	0.13017	0.01220	0.02653	0.43473	0.01763	0.18889	0.01259	0.02337	0.00898	0.00557	0.00479	0.00146	0.00514	0.00453	0.00444	0.00776
17	0.06982	0.01131	0.02960	0.05094	0.32307	0.01117	0.19060	0.09077	0.01210	0.10716	0.01097	0.01284	0.02172	0.00478	0.00504	0.00149	0.02111	0.00461	0.00308	0.01781
18	0.67447	0.06446	0.01004	0.07824	0.01240	0.02830	0.04450	0.01408	0.00863	0.01945	0.00698	0.00846	0.00547	0.00443	0.00328	0.00146	0.00434	0.00289	0.00279	0.00532
19	0.01169	0.15638	0.22866	0.06081	0.24247	0.05145	0.12402	0.04283	0.01101	0.01485	0.00856	0.01069	0.00677	0.00438	0.00451	0.00140	0.00645	0.00392	0.00231	0.00683
20	0.04305	0.01338	0.19488	0.01434	0.14679	0.00985	0.10685	0.01665	0.09895	0.12068	0.01128	0.01230	0.00836	0.00463	0.00452	0.00135	0.00536	0.00412	0.00316	0.17952
21	0.00879	0.00639	0.00777	0.00728	0.00891	0.00647	0.00567	0.02375	0.18462	0.05609	0.46910	0.04309	0.05583	0.00930	0.00552	0.00161	0.00295	0.08642	0.00508	0.00537
22	0.01154	0.23750	0.32587	0.01269	0.05910	0.02635	0.06530	0.04772	0.13991	0.01548	0.01005	0.01104	0.00773	0.00474	0.00429	0.00139	0.00594	0.00379	0.00266	0.00690
23	0.00691	0.00462	0.00522	0.00526	0.00527	0.00461	0.00295	0.00694	0.00703	0.00937	0.01544	0.05829	0.01786	0.80435	0.02371	0.00454	0.00457	0.00718	0.00295	0.00293
24	0.00695	0.00463	0.00521	0.00521	0.00521	0.00463	0.00290	0.00695	0.00695	0.00927	0.01506	0.03128	0.01738	0.83203	0.02433	0.00463	0.00463	0.00695	0.00290	0.00290
25	0.01175	0.01362	0.12659	0.01178	0.01362	0.12709	0.01049	0.01450	0.06762	0.05539	0.00904	0.01179	0.00768	0.00966	0.08672	0.00235	0.40782	0.00415	0.00259	0.00577
26	0.01278	0.83490	0.02505	0.00818	0.01227	0.01891	0.00818	0.01431	0.00971	0.01125	0.00664	0.00767	0.00613	0.00409	0.00307	0.00102	0.00511	0.00256	0.00204	0.00613
27	0.00959	0.02472	0.80726	0.01362	0.02069	0.01110	0.01766	0.01514	0.01009	0.01514	0.00858	0.01009	0.00605	0.00454	0.00454	0.00151	0.00706	0.00353	0.00202	0.00706
28	0.00708	0.00471	0.00596	0.00596	0.00620	0.00494	0.00385	0.00736	0.00712	0.00978	0.01380	0.02610	0.01496	0.52770	0.23351	0.08979	0.00673	0.00615	0.01508	0.00320
29	0.00903	0.00850	0.01434	0.82054	0.03292	0.01062	0.01327	0.01221	0.00956	0.01221	0.00850	0.01274	0.00637	0.00478	0.00478	0.00159	0.00637	0.00425	0.00212	0.00531
30	0.00973	0.00563	0.00531	0.00509	0.00640	0.03753	0.00386	0.04974	0.01078	0.01818	0.01506	0.01714	0.01180	0.00555	0.00345	0.00113	0.00263	0.00439	0.78190	0.00468
31	0.00991	0.00850	0.00991	0.00708	0.01133	0.00637	0.00566	0.01203	0.00991	0.01557	0.00850	0.00991	0.00708	0.00354	0.00354	0.00071	0.00354	0.00283	0.00283	0.86124
32	0.00638	0.00487	0.00585	0.00561	0.00690	0.00435	0.00421	0.00827	0.01262	0.01700	0.53918	0.03927	0.30696	0.01058	0.00564	0.00154	0.00231	0.00914	0.00498	0.00435
33	0.00849	0.00581	0.00815	0.04763	0.00973	0.00648	0.00604	0.04767	0.00878	0.06452	0.01331	0.02006	0.01239	0.16485	0.54700	0.00615	0.01016	0.00532	0.00293	0.00453
34	0.00767	0.00510	0.00661	0.00611	0.00744	0.00465	0.00463	0.00984	0.01339	0.07102	0.70444	0.03501	0.08652	0.00965	0.00558	0.00151	0.00238	0.00847	0.00526	0.00472
35	0.07892	0.01025	0.01583	0.09375	0.50678	0.02275	0.01204	0.01376	0.02748	0.01550	0.06166	0.01423	0.01036	0.04950	0.00624	0.00165	0.04550	0.00456	0.00265	0.00658
36	0.01278	0.83490	0.02505	0.00818	0.01227	0.01891	0.00818	0.01431	0.00971	0.01125	0.00664	0.00767	0.00613	0.00409	0.00307	0.00102	0.00511	0.00256	0.00204	0.00613
37	0.00638	0.00476	0.00597	0.00616	0.00719	0.00435	0.00459	0.00807	0.01169	0.01571	0.38184	0.22769	0.20553	0.01183	0.00584	0.00169	0.00261	0.07906	0.00481	0.00425
38	0.00683	0.00483	0.00624	0.00596	0.00705	0.00448	0.00444	0.00902	0.01312	0.01875	0.71929	0.07392	0.04266	0.00980	0.00554	0.00150	0.00228	0.00866	0.05115	0.00448
39	0.02696	0.09307	0.01436	0.11012	0.07800	0.12199	0.03703	0.04678	0.14465	0.24016	0.01400	0.01408	0.02678	0.00546	0.00459	0.00144	0.00531	0.00443	0.00389	0.00690
40	0.00895	0.00602	0.00729	0.00659	0.00827	0.00580	0.00512	0.01136	0.05917	0.12579	0.31566	0.03403	0.31322	0.00980	0.00615	0.00159	0.05717	0.00815	0.00482	0.00507
41	0.00658	0.00518	0.00547	0.00533	0.00689	0.00469	0.00402	0.00890	0.06440	0.01491	0.16779	0.03960	0.54403	0.01069	0.00537	0.00155	0.00247	0.00897	0.08879	0.00439
42	0.00939	0.00655	0.01057	0.02675	0.03973	0.00617	0.12203	0.02063	0.01049	0.11907	0.07245	0.40355	0.04277	0.02383	0.00667	0.04655	0.00403	0.01966	0.00412	0.00499
43	0.01422	0.00920	0.01162	0.08429	0.06943	0.02363	0.00824	0.10108	0.17574	0.24984	0.02687	0.09821	0.03429	0.02022	0.00586	0.00164	0.04845	0.00583	0.00447	0.00685
44	0.00582	0.00417	0.00553	0.00662	0.00692	0.00389	0.00442	0.00666	0.00919	0.01222	0.02680	0.81283	0.04739	0.01492	0.00609	0.00193	0.00277	0.01352	0.00444	0.00389
45	0.01187	0.00850	0.00934	0.00821	0.01078	0.00894	0.00649	0.09904	0.34068	0.12793	0.04244	0.02651	0.23506	0.00821	0.00515	0.00160	0.00359	0.03426	0.00487	0.00654
46	0.01413	0.08941	0.09237	0.06968	0.23061	0.18176	0.01133	0.09590	0.06939	0.07485	0.01020	0.01147	0.00786	0.00490	0.00448	0.00138	0.00609	0.00391	0.01343	0.00687
47	0.02092	0.01038	0.05317	0.24080	0.18513	0.04248	0.06024	0.06975	0.05946	0.01524	0.01343	0.14454	0.02061	0.00682	0.00507	0.00161	0.00549	0.03577	0.00306	0.00602
48	0.01096	0.00605	0.00891	0.00777	0.00899	0.00594	0.04371	0.04051	0.00862	0.13442	0.01063	0.03498	0.00932	0.01326	0.03089	0.53356	0.03413	0.00452	0.00291	0.04993
49	0.06447	0.08885	0.07160	0.00670	0.00896	0.00702	0.00577	0.00997	0.04205	0.01423	0.09766	0.13754	0.31417	0.04794	0.00592	0.00167	0.00342	0.01740	0.00384	0.05082
50	0.06108	0.01193	0.05345	0.01289	0.10544	0.01188	0.07088	0.36513	0.05915	0.10283	0.03964	0.03112	0.01041	0.00570	0.00475	0.00147	0.00507	0.00474	0.03511	0.00734

[dist]
# distance from previous block
# <min> <max>
0	4

[block]
# block no. 8 follows, 53 sequences, length 41
# corresponding to MSA columns:
# 365-405
name=unknown_I
#
# <colnr> <probs for GDERKNQSTAVLIFYWHMCP>
#	G	D	E	R	K	N	Q	S	T	A	V	L	I	F	Y	W	H	M	C	P
0	0.01079	0.06727	0.04546	0.10002	0.12609	0.01028	0.25607	0.01382	0.02143	0.04369	0.01046	0.04783	0.00882	0.02770	0.03600	0.00170	0.00617	0.00484	0.00268	0.15888
1	0.00972	0.00622	0.00880	0.01807	0.01040	0.00592	0.04014	0.01187	0.03287	0.12415	0.10338	0.06712	0.07359	0.01102	0.00678	0.06094	0.00406	0.36310	0.00438	0.03748
2	0.02791	0.01107	0.02132	0.06411	0.06099	0.01166	0.43896	0.01342	0.00999	0.01410	0.01007	0.06857	0.00883	0.00700	0.03952	0.00196	0.17648	0.00565	0.00249	0.00590
3	0.00719	0.00601	0.00743	0.11708	0.01112	0.05203	0.00613	0.00862	0.01010	0.01310	0.10895	0.51744	0.03975	0.01227	0.00579	0.00182	0.00365	0.06314	0.00410	0.00428
4	0.00660	0.00502	0.00660	0.06256	0.00906	0.00496	0.00519	0.00867	0.05589	0.01425	0.19883	0.50152	0.07788	0.01244	0.00581	0.00178	0.00294	0.01116	0.00449	0.00434
5	0.00610	0.00437	0.00591	0.00672	0.00708	0.00432	0.00459	0.00702	0.00871	0.01176	0.02298	0.61754	0.02690	0.08503	0.15368	0.00320	0.00474	0.01152	0.00397	0.00387
6	0.01785	0.02278	0.01354	0.01231	0.01478	0.81284	0.00924	0.01909	0.01354	0.01170	0.00739	0.00862	0.00616	0.00493	0.00431	0.00123	0.00862	0.00308	0.00246	0.00554
7	0.00833	0.00524	0.00694	0.00679	0.00809	0.00484	0.00527	0.01030	0.01243	0.10216	0.45174	0.14506	0.06660	0.01073	0.00577	0.00168	0.00288	0.13534	0.00504	0.00478
8	0.86579	0.00924	0.00702	0.00629	0.00924	0.01072	0.00518	0.01405	0.00813	0.02144	0.00666	0.00776	0.00518	0.00444	0.00296	0.00148	0.00370	0.00259	0.00296	0.00518
9	0.86579	0.00924	0.00702	0.00629	0.00924	0.01072	0.00518	0.01405	0.00813	0.02144	0.00666	0.00776	0.00518	0.00444	0.00296	0.00148	0.00370	0.00259	0.00296	0.00518
10	0.01018	0.00849	0.01006	0.02915	0.01193	0.00650	0.00590	0.01233	0.01000	0.03558	0.00876	0.01015	0.00718	0.00363	0.00361	0.00075	0.00363	0.00292	0.00289	0.81636
11	0.01258	0.66113	0.10751	0.00921	0.01331	0.05944	0.00937	0.01450	0.00982	0.01170	0.00687	0.00813	0.00613	0.00441	0.00397	0.00114	0.04976	0.00278	0.00207	0.00615
12	0.00903	0.00850	0.01434	0.82054	0.03292	0.01062	0.01327	0.01221	0.00956	0.01221	0.00850	0.01274	0.00637	0.00478	0.00478	0.00159	0.00637	0.00425	0.00212	0.00531
13	0.00636	0.00458	0.00605	0.00646	0.00719	0.00427	0.00465	0.00793	0.01128	0.01551	0.37942	0.41000	0.04928	0.01245	0.00591	0.00175	0.00263	0.05528	0.00481	0.00420
14	0.01817	0.01339	0.01434	0.01100	0.01482	0.01482	0.00908	0.78627	0.02247	0.03012	0.01148	0.01148	0.00813	0.00574	0.00478	0.00143	0.00526	0.00430	0.00478	0.00813
15	0.00903	0.00850	0.01434	0.82054	0.03292	0.01062	0.01327	0.01221	0.00956	0.01221	0.00850	0.01274	0.00637	0.00478	0.00478	0.00159	0.00637	0.00425	0.00212	0.00531
16	0.01015	0.00552	0.00733	0.00673	0.00828	0.00499	0.00506	0.01195	0.01247	0.20919	0.42537	0.19724	0.03339	0.03264	0.00605	0.00168	0.00287	0.00870	0.00518	0.00522
17	0.01182	0.18590	0.15942	0.01582	0.02071	0.02817	0.43503	0.01540	0.01083	0.04554	0.00912	0.01134	0.00696	0.00429	0.00501	0.00147	0.01971	0.00454	0.00241	0.00652
18	0.00765	0.00549	0.00763	0.00870	0.00982	0.00547	0.00760	0.00983	0.01100	0.01427	0.02588	0.05372	0.04670	0.01318	0.00658	0.00219	0.00435	0.75117	0.00440	0.00439
19	0.02144	0.00813	0.01109	0.00850	0.01220	0.00702	0.00702	0.02329	0.01368	0.80552	0.01886	0.01627	0.01183	0.00592	0.00481	0.00148	0.00407	0.00481	0.00592	0.00813
20	0.00992	0.03210	0.57612	0.06856	0.02002	0.01042	0.06835	0.01461	0.01045	0.04909	0.05575	0.04331	0.00965	0.00528	0.00475	0.00153	0.00648	0.00445	0.00250	0.00666
21	0.01571	0.00893	0.01174	0.00946	0.01258	0.00887	0.06048	0.09061	0.20396	0.35936	0.13404	0.01948	0.01706	0.00660	0.00503	0.00153	0.00412	0.01796	0.00519	0.00728
22	0.00791	0.00543	0.00695	0.00640	0.00778	0.00515	0.00486	0.01092	0.06719	0.06176	0.70379	0.03342	0.04120	0.00934	0.00554	0.00151	0.00246	0.00821	0.00527	0.00492
23	0.02093	0.00802	0.01093	0.00842	0.01202	0.00694	0.00694	0.02279	0.01367	0.77800	0.04618	0.01695	0.01300	0.00605	0.00484	0.00148	0.00400	0.00494	0.00589	0.00801
24	0.01231	0.11499	0.18362	0.12170	0.04532	0.01192	0.10438	0.03986	0.04780	0.13016	0.02351	0.02266	0.00861	0.00546	0.00600	0.00155	0.10623	0.00438	0.00298	0.00656
25	0.00761	0.00621	0.03720	0.00655	0.00806	0.00552	0.00525	0.02099	0.01211	0.05044	0.43630	0.03427	0.23315	0.04722	0.01921	0.00180	0.05063	0.00820	0.00461	0.00466
26	0.06721	0.00803	0.01259	0.57740	0.07445	0.00959	0.01117	0.01176	0.00938	0.01312	0.01032	0.06978	0.00899	0.05358	0.00582	0.00175	0.00562	0.00494	0.03932	0.00517
27	0.81789	0.00916	0.00740	0.00652	0.00946	0.01054	0.02208	0.01398	0.00827	0.02119	0.00703	0.00822	0.00546	0.00447	0.00303	0.00147	0.00374	0.00272	0.03220	0.00518
28	0.00735	0.00571	0.00837	0.00809	0.00881	0.00685	0.00633	0.00881	0.00796	0.01155	0.06587	0.01868	0.01333	0.02962	0.61599	0.05272	0.11181	0.00519	0.00266	0.00428
29	0.01490	0.37694	0.06761	0.01058	0.02740	0.20272	0.00938	0.18820	0.01345	0.01590	0.00805	0.00903	0.00661	0.00479	0.00418	0.00123	0.02658	0.00320	0.00276	0.00650
30	0.01095	0.06598	0.04168	0.02196	0.03728	0.01001	0.00774	0.06595	0.21458	0.06225	0.01662	0.17886	0.03303	0.01738	0.00630	0.00162	0.09555	0.01676	0.00386	0.09167
31	0.06742	0.01216	0.01402	0.02465	0.04581	0.02775	0.03825	0.51200	0.01873	0.17265	0.01228	0.01219	0.00853	0.00554	0.00470	0.00145	0.00515	0.00432	0.00461	0.00778
32	0.00863	0.00620	0.00717	0.00792	0.03527	0.06016	0.00540	0.00972	0.01018	0.10143	0.02527	0.58192	0.08519	0.01265	0.00576	0.00180	0.00342	0.02289	0.00440	0.00462
33	0.00588	0.00483	0.00518	0.00514	0.00661	0.00412	0.00384	0.00729	0.01136	0.01414	0.19821	0.07133	0.62203	0.01174	0.00566	0.00160	0.00240	0.00992	0.00460	0.00412
34	0.01102	0.01175	0.07059	0.05425	0.52068	0.06332	0.01264	0.01387	0.02338	0.01510	0.05713	0.09283	0.02091	0.00583	0.00489	0.00148	0.00545	0.00538	0.00277	0.00674
35	0.01416	0.01017	0.01281	0.09939	0.01531	0.01047	0.02775	0.24877	0.01403	0.14338	0.01111	0.02485	0.00838	0.00541	0.00560	0.00133	0.08933	0.00413	0.00377	0.24985
36	0.00753	0.00545	0.00761	0.00676	0.00825	0.00498	0.04674	0.00975	0.01314	0.05220	0.64468	0.03471	0.12064	0.00954	0.00560	0.00152	0.00266	0.00847	0.00505	0.00472
