[name]
unknown

[dist]
# distance from previous block
# <min> <max>
6	305

[block]
# block no. 0 follows, 47 sequences, length 10
# corresponding to MSA columns:
# 386-395
name=unknown_A
#
# <colnr> <probs for GDERKNQSTAVLIFYWHMCP>
#	G	D	E	R	K	N	Q	S	T	A	V	L	I	F	Y	W	H	M	C	P
0	0.05167	0.04397	0.03516	0.18127	0.01916	0.03125	0.10000	0.11456	0.02800	0.03627	0.07817	0.10475	0.01430	0.00705	0.00588	0.00164	0.04883	0.00604	0.00359	0.08842
1	0.03786	0.01090	0.01272	0.05114	0.03926	0.07822	0.04734	0.10717	0.08811	0.09348	0.04707	0.01835	0.06548	0.04060	0.03643	0.03723	0.06278	0.00535	0.02133	0.09917
2	0.20323	0.05056	0.01153	0.13271	0.01487	0.00977	0.02722	0.03028	0.01123	0.15917	0.06324	0.08110	0.03457	0.07149	0.00723	0.00199	0.04346	0.03638	0.00399	0.00600
3	0.04280	0.05341	0.01368	0.09161	0.02695	0.03817	0.02898	0.16241	0.06034	0.13504	0.01372	0.06963	0.01105	0.00633	0.00527	0.00148	0.03323	0.00508	0.03751	0.16329
4	0.21710	0.06690	0.01291	0.06358	0.01438	0.02306	0.04693	0.13156	0.08198	0.09456	0.05821	0.08595	0.01332	0.00670	0.00474	0.00159	0.00477	0.00540	0.00414	0.06222
5	0.02947	0.00648	0.00833	0.06725	0.01041	0.00643	0.02733	0.04369	0.01036	0.04124	0.07410	0.19452	0.05191	0.34045	0.01423	0.00309	0.00450	0.00852	0.00389	0.05379
6	0.00940	0.00848	0.01403	0.60943	0.02948	0.01013	0.03686	0.01252	0.01068	0.01409	0.04350	0.08657	0.03243	0.00664	0.00534	0.00174	0.00610	0.00595	0.05106	0.00556
7	0.05888	0.00660	0.04643	0.00609	0.00790	0.00579	0.00501	0.01315	0.01104	0.08250	0.01749	0.09683	0.01461	0.00698	0.00411	0.00138	0.00302	0.00570	0.60117	0.00532
8	0.01308	0.01083	0.01049	0.06531	0.01262	0.17542	0.02505	0.05738	0.01200	0.08622	0.01435	0.07233	0.01276	0.10359	0.06316	0.03218	0.03398	0.00560	0.18813	0.00550
9	0.01120	0.00582	0.00643	0.00594	0.00769	0.00563	0.00455	0.01399	0.04166	0.10396	0.01749	0.05184	0.01394	0.00744	0.02789	0.00151	0.00317	0.00527	0.60987	0.05470

[dist]
# distance from previous block
# <min> <max>
5	41

[block]
# block no. 1 follows, 47 sequences, length 34
# corresponding to MSA columns:
# 444-477
name=unknown_B
#
# <colnr> <probs for GDERKNQSTAVLIFYWHMCP>
#	G	D	E	R	K	N	Q	S	T	A	V	L	I	F	Y	W	H	M	C	P
0	0.01768	0.03706	0.01441	0.01126	0.03521	0.04038	0.02400	0.31382	0.11884	0.18177	0.01437	0.01403	0.01026	0.00586	0.00496	0.00146	0.00516	0.00463	0.00484	0.14001
1	0.07716	0.01244	0.05515	0.01176	0.07353	0.01183	0.00917	0.28635	0.08775	0.07198	0.03974	0.01366	0.01052	0.00561	0.00476	0.00140	0.00494	0.00443	0.00428	0.21353
2	0.04019	0.01075	0.01191	0.00943	0.01316	0.01075	0.00758	0.23642	0.16284	0.08365	0.06599	0.01695	0.04547	0.00625	0.00487	0.00138	0.00436	0.00501	0.00465	0.25838
3	0.05134	0.01168	0.07208	0.01105	0.05523	0.01060	0.00890	0.21100	0.09517	0.15550	0.05933	0.07267	0.03170	0.00691	0.00510	0.00154	0.00473	0.00567	0.00467	0.12514
4	0.00884	0.00760	0.01123	0.24846	0.04126	0.00799	0.03809	0.01227	0.05734	0.01731	0.31956	0.04419	0.10315	0.00838	0.00567	0.00165	0.00437	0.00742	0.00421	0.05100
5	0.01235	0.01148	0.01889	0.29108	0.47765	0.01237	0.01504	0.06823	0.01226	0.01688	0.00981	0.01320	0.00785	0.00495	0.00518	0.00161	0.00641	0.00464	0.00268	0.00746
6	0.01269	0.01262	0.03778	0.02967	0.67987	0.01212	0.06158	0.01588	0.01181	0.01698	0.00980	0.01281	0.00816	0.00459	0.00514	0.00152	0.00625	0.00463	0.00260	0.05349
7	0.00983	0.00926	0.01562	0.80447	0.03587	0.01157	0.01446	0.01331	0.01041	0.01331	0.00926	0.01388	0.00694	0.00521	0.00521	0.00174	0.00694	0.00463	0.00231	0.00579
8	0.00681	0.00530	0.00619	0.00597	0.00744	0.00468	0.00448	0.00875	0.01343	0.01776	0.44802	0.04404	0.38481	0.01181	0.00615	0.00169	0.00254	0.01014	0.00532	0.00468
9	0.00709	0.00511	0.00671	0.00674	0.00772	0.00473	0.00489	0.00913	0.01345	0.01882	0.57738	0.24914	0.04515	0.01218	0.00628	0.00177	0.00261	0.01088	0.00549	0.00473
10	0.01980	0.01459	0.01563	0.01198	0.01615	0.01615	0.00990	0.76713	0.02448	0.03282	0.01250	0.01250	0.00886	0.00625	0.00521	0.00156	0.00573	0.00469	0.00521	0.00886
11	0.85377	0.01007	0.00765	0.00685	0.01007	0.01168	0.00564	0.01531	0.00886	0.02336	0.00725	0.00846	0.00564	0.00483	0.00322	0.00161	0.00403	0.00282	0.00322	0.00564
12	0.00737	0.00532	0.00696	0.00655	0.00778	0.00491	0.00491	0.00983	0.01474	0.02088	0.78175	0.03890	0.04914	0.01065	0.00614	0.00164	0.00246	0.00942	0.00573	0.00491
13	0.01229	0.01405	0.03073	0.02195	0.02722	0.01317	0.76558	0.01668	0.01229	0.01668	0.01054	0.01405	0.00790	0.00439	0.00615	0.00176	0.00878	0.00615	0.00263	0.00702
14	0.01080	0.00926	0.01080	0.00771	0.01234	0.00694	0.00617	0.01311	0.01080	0.01697	0.00926	0.01080	0.00771	0.00386	0.00386	0.00077	0.00386	0.00309	0.00309	0.84882
15	0.01295	0.01119	0.01178	0.01060	0.01354	0.01295	0.00824	0.02767	0.77509	0.02178	0.02120	0.01943	0.01590	0.00707	0.00530	0.00177	0.00412	0.00589	0.00530	0.00824
16	0.85377	0.01007	0.00765	0.00685	0.01007	0.01168	0.00564	0.01531	0.00886	0.02336	0.00725	0.00846	0.00564	0.00483	0.00322	0.00161	0.00403	0.00282	0.00322	0.00564
17	0.01671	0.01203	0.01399	0.06796	0.04614	0.01314	0.00961	0.44972	0.09139	0.08790	0.01582	0.08449	0.01299	0.00750	0.00545	0.00169	0.00530	0.04529	0.00496	0.00795
18	0.00680	0.00547	0.00617	0.00602	0.00766	0.00468	0.00446	0.00840	0.01222	0.01579	0.21951	0.14902	0.45121	0.01235	0.00606	0.00171	0.00273	0.01058	0.00492	0.06425
19	0.01150	0.01138	0.01566	0.01345	0.01366	0.01574	0.01117	0.01360	0.06226	0.01319	0.00785	0.01196	0.00748	0.00897	0.01626	0.00224	0.75061	0.00465	0.00249	0.00588
20	0.00634	0.00453	0.00604	0.00725	0.00755	0.00423	0.00483	0.00725	0.00997	0.01329	0.02870	0.81358	0.03444	0.01632	0.00665	0.00211	0.00302	0.01480	0.00483	0.00423
21	0.85377	0.01007	0.00765	0.00685	0.01007	0.01168	0.00564	0.01531	0.00886	0.02336	0.00725	0.00846	0.00564	0.00483	0.00322	0.00161	0.00403	0.00282	0.00322	0.00564
22	0.01945	0.02482	0.01476	0.01342	0.01610	0.79608	0.01006	0.02079	0.01476	0.01275	0.00805	0.00939	0.00671	0.00537	0.00470	0.00134	0.00939	0.00335	0.00268	0.00604
23	0.00744	0.00558	0.00837	0.00837	0.00930	0.00651	0.00651	0.00930	0.00837	0.01209	0.01395	0.02046	0.01302	0.03906	0.79635	0.00837	0.01395	0.00558	0.00279	0.00465
24	0.00656	0.00469	0.00605	0.00706	0.00744	0.00440	0.00474	0.00744	0.00987	0.01306	0.02849	0.65548	0.07096	0.10777	0.00892	0.00244	0.00330	0.04255	0.00464	0.00414
25	0.85377	0.01007	0.00765	0.00685	0.01007	0.01168	0.00564	0.01531	0.00886	0.02336	0.00725	0.00846	0.00564	0.00483	0.00322	0.00161	0.00403	0.00282	0.00322	0.00564
26	0.02336	0.00886	0.01209	0.00927	0.01329	0.00765	0.00765	0.02538	0.01491	0.78810	0.02055	0.01773	0.01289	0.00645	0.00524	0.00161	0.00443	0.00524	0.00645	0.00886
27	0.00631	0.00533	0.00550	0.00558	0.00730	0.00451	0.00427	0.00771	0.01188	0.01418	0.05097	0.05073	0.72914	0.01327	0.00623	0.00180	0.00279	0.06324	0.00483	0.00442
28	0.01241	0.01188	0.02027	0.15409	0.66614	0.01225	0.01574	0.01556	0.01163	0.01643	0.00971	0.01305	0.00804	0.00473	0.00516	0.00158	0.00631	0.00464	0.00254	0.00786
29	0.06429	0.02330	0.01433	0.01294	0.01571	0.70555	0.00977	0.04734	0.03455	0.01427	0.00851	0.00971	0.00697	0.00541	0.00465	0.00138	0.00883	0.00344	0.00287	0.00617
30	0.00898	0.00457	0.00685	0.00685	0.00689	0.00461	0.00461	0.00689	0.00685	0.00918	0.00926	0.01603	0.00922	0.01900	0.05381	0.81227	0.00493	0.00457	0.00228	0.00236
31	0.00726	0.00561	0.00666	0.00638	0.00785	0.00517	0.00479	0.00998	0.05472	0.01859	0.49107	0.05907	0.28087	0.01139	0.00611	0.00169	0.00262	0.00985	0.00540	0.00491
32	0.04809	0.02511	0.04657	0.06061	0.07778	0.01085	0.00955	0.19557	0.04295	0.32719	0.01555	0.04251	0.01112	0.00623	0.00507	0.00157	0.00508	0.00506	0.00492	0.05862
33	0.00642	0.00459	0.00613	0.00734	0.00768	0.00430	0.00497	0.00738	0.01005	0.01338	0.02866	0.78505	0.03427	0.01624	0.00667	0.00213	0.00309	0.04257	0.00483	0.00425

[dist]
# distance from previous block
# <min> <max>
0	8

[block]
# block no. 2 follows, 47 sequences, length 18
# corresponding to MSA columns:
# 486-503
name=unknown_C
#
# <colnr> <probs for GDERKNQSTAVLIFYWHMCP>
#	G	D	E	R	K	N	Q	S	T	A	V	L	I	F	Y	W	H	M	C	P
0	0.01229	0.01405	0.03073	0.02195	0.02722	0.01317	0.76558	0.01668	0.01229	0.01668	0.01054	0.01405	0.00790	0.00439	0.00615	0.00176	0.00878	0.00615	0.00263	0.00702
1	0.01446	0.46809	0.14715	0.01115	0.01548	0.19313	0.01098	0.01674	0.01144	0.01306	0.00774	0.00918	0.00668	0.00500	0.00467	0.00132	0.05157	0.00318	0.00233	0.00665
2	0.01188	0.03668	0.14206	0.01200	0.04074	0.01167	0.04879	0.07981	0.35702	0.01986	0.05621	0.12770	0.01708	0.00781	0.00544	0.00175	0.00496	0.00675	0.00442	0.00737
3	0.00746	0.00551	0.00804	0.00804	0.00885	0.00633	0.00609	0.00908	0.00827	0.01184	0.01425	0.02215	0.01375	0.13573	0.70068	0.00796	0.01284	0.00583	0.00284	0.00446
4	0.01208	0.39890	0.43233	0.01206	0.01824	0.01609	0.01440	0.01607	0.01080	0.01450	0.00836	0.00976	0.00664	0.00472	0.00419	0.00140	0.00670	0.00335	0.00221	0.00722
5	0.01522	0.01146	0.01199	0.01050	0.01363	0.05224	0.00823	0.02689	0.59523	0.16321	0.02040	0.01860	0.01487	0.00686	0.00526	0.00172	0.00445	0.00564	0.00538	0.00824
6	0.00694	0.00478	0.00587	0.00649	0.00665	0.00463	0.00402	0.00741	0.00881	0.01175	0.02277	0.43742	0.02696	0.40269	0.01623	0.00353	0.00400	0.01131	0.00402	0.00371
7	0.00756	0.00511	0.00598	0.00598	0.00608	0.00521	0.00353	0.00776	0.00766	0.01032	0.01614	0.03258	0.01828	0.73122	0.11138	0.00541	0.00603	0.00735	0.00312	0.00332
8	0.00797	0.00500	0.00541	0.00545	0.00603	0.00488	0.00346	0.00887	0.00916	0.01340	0.02150	0.06210	0.11140	0.45296	0.01663	0.00342	0.00392	0.00749	0.24711	0.00384
9	0.00733	0.00544	0.00618	0.00591	0.00757	0.00472	0.00446	0.00909	0.01304	0.04937	0.31639	0.04467	0.48321	0.01198	0.00611	0.00171	0.00265	0.01018	0.00523	0.00477
10	0.00737	0.00532	0.00696	0.00655	0.00778	0.00491	0.00491	0.00983	0.01474	0.02088	0.78175	0.03890	0.04914	0.01065	0.00614	0.00164	0.00246	0.00942	0.00573	0.00491
11	0.01392	0.82012	0.02729	0.00891	0.01337	0.02061	0.00891	0.01559	0.01058	0.01225	0.00724	0.00835	0.00668	0.00446	0.00334	0.00111	0.00557	0.00278	0.00223	0.00668
12	0.00706	0.05380	0.00759	0.00748	0.00805	0.00560	0.00525	0.00807	0.00997	0.01340	0.02637	0.71542	0.03126	0.01506	0.00668	0.00203	0.02822	0.01345	0.03081	0.00444
13	0.01139	0.01139	0.01595	0.01367	0.01367	0.01595	0.01139	0.01253	0.00798	0.01253	0.00684	0.01139	0.00684	0.00911	0.01709	0.00228	0.80745	0.00456	0.00228	0.00570
14	0.02336	0.00886	0.01209	0.00927	0.01329	0.00765	0.00765	0.02538	0.01491	0.78810	0.02055	0.01773	0.01289	0.00645	0.00524	0.00161	0.00443	0.00524	0.00645	0.00886
15	0.00663	0.00563	0.00576	0.00567	0.00747	0.00494	0.00427	0.00882	0.05792	0.01491	0.09159	0.04765	0.69533	0.01268	0.00610	0.00175	0.00272	0.01060	0.00491	0.00466
16	0.01295	0.01119	0.01178	0.01060	0.01354	0.01295	0.00824	0.02767	0.77509	0.02178	0.02120	0.01943	0.01590	0.00707	0.00530	0.00177	0.00412	0.00589	0.00530	0.00824
17	0.00854	0.00651	0.00849	0.00860	0.00966	0.04533	0.05115	0.00993	0.01111	0.06022	0.08676	0.58554	0.03117	0.01392	0.00641	0.00200	0.00380	0.04126	0.00476	0.00484

[dist]
# distance from previous block
# <min> <max>
0	1

[block]
# block no. 3 follows, 47 sequences, length 27
# corresponding to MSA columns:
# 505-531
name=unknown_D
#
# <colnr> <probs for GDERKNQSTAVLIFYWHMCP>
#	G	D	E	R	K	N	Q	S	T	A	V	L	I	F	Y	W	H	M	C	P
0	0.01158	0.01068	0.05514	0.00964	0.01447	0.00790	0.08475	0.01430	0.01118	0.05689	0.00998	0.01150	0.00794	0.00410	0.00422	0.00096	0.00460	0.00355	0.00317	0.67346
1	0.00876	0.00752	0.01084	0.01005	0.01069	0.00959	0.00806	0.01041	0.00858	0.01271	0.05317	0.01841	0.01290	0.02746	0.49187	0.00596	0.27976	0.00544	0.00278	0.00502
2	0.01286	0.57873	0.25940	0.01072	0.01616	0.01802	0.01205	0.01587	0.01071	0.01354	0.00788	0.00916	0.00666	0.00461	0.00383	0.00128	0.00622	0.00311	0.00222	0.00699
3	0.01497	0.00952	0.01128	0.00897	0.01271	0.00887	0.00716	0.03834	0.22198	0.24059	0.07037	0.01718	0.01439	0.00602	0.00484	0.00137	0.00404	0.00496	0.00489	0.29755
4	0.01383	0.01224	0.04951	0.09108	0.13325	0.01120	0.29114	0.03235	0.01236	0.14395	0.01168	0.01379	0.00860	0.00495	0.00566	0.00157	0.02727	0.00504	0.00332	0.12720
5	0.01231	0.01692	0.25912	0.01719	0.02269	0.01192	0.38724	0.05433	0.01272	0.06410	0.05326	0.04072	0.01095	0.00551	0.00569	0.00171	0.00750	0.00577	0.00310	0.00723
6	0.00634	0.00453	0.00604	0.00725	0.00755	0.00423	0.00483	0.00725	0.00997	0.01329	0.02870	0.81358	0.03444	0.01632	0.00665	0.00211	0.00302	0.01480	0.00483	0.00423
7	0.06777	0.01168	0.05551	0.09891	0.01676	0.01163	0.05485	0.28521	0.04429	0.08787	0.01743	0.09446	0.07697	0.01992	0.00583	0.00173	0.01709	0.00623	0.00437	0.02149
8	0.01364	0.01173	0.04377	0.13315	0.49297	0.01160	0.01423	0.01660	0.01186	0.12435	0.01197	0.01435	0.02484	0.00539	0.00579	0.00163	0.04645	0.00483	0.00310	0.00777
9	0.02153	0.02958	0.01350	0.01015	0.01418	0.01081	0.00840	0.25122	0.05608	0.50133	0.01782	0.01600	0.01167	0.00637	0.00519	0.00159	0.00484	0.00505	0.00591	0.00878
10	0.01295	0.01119	0.01178	0.01060	0.01354	0.01295	0.00824	0.02767	0.77509	0.02178	0.02120	0.01943	0.01590	0.00707	0.00530	0.00177	0.00412	0.00589	0.00530	0.00824
11	0.01056	0.00994	0.01648	0.62046	0.17619	0.01179	0.01445	0.01450	0.04739	0.01441	0.00993	0.01396	0.00762	0.00519	0.00520	0.00170	0.00666	0.00469	0.00251	0.00637
12	0.01639	0.25712	0.05701	0.01233	0.05621	0.13296	0.01023	0.27116	0.10183	0.02079	0.01094	0.01152	0.00853	0.00552	0.00457	0.00142	0.00617	0.00401	0.00366	0.00763
13	0.01380	0.01119	0.01209	0.01059	0.01356	0.01264	0.00843	0.19270	0.49824	0.02373	0.06563	0.02218	0.01743	0.00768	0.00548	0.00176	0.00444	0.06525	0.00526	0.00791
14	0.02336	0.00886	0.01209	0.00927	0.01329	0.00765	0.00765	0.02538	0.01491	0.78810	0.02055	0.01773	0.01289	0.00645	0.00524	0.00161	0.00443	0.00524	0.00645	0.00886
15	0.02336	0.00886	0.01209	0.00927	0.01329	0.00765	0.00765	0.02538	0.01491	0.78810	0.02055	0.01773	0.01289	0.00645	0.00524	0.00161	0.00443	0.00524	0.00645	0.00886
16	0.00728	0.00549	0.00621	0.00647	0.00792	0.00493	0.00479	0.00914	0.04398	0.04314	0.04190	0.26367	0.46445	0.01363	0.00629	0.00189	0.00301	0.05620	0.00491	0.00470
17	0.00744	0.00558	0.00837	0.00837	0.00930	0.00651	0.00651	0.00930	0.00837	0.01209	0.01395	0.02046	0.01302	0.03906	0.79635	0.00837	0.01395	0.00558	0.00279	0.00465
18	0.00631	0.00465	0.00592	0.00693	0.00747	0.00426	0.00469	0.00729	0.01028	0.01342	0.03262	0.68911	0.15639	0.01581	0.00657	0.00206	0.00296	0.01418	0.00483	0.00426
19	0.02336	0.00886	0.01209	0.00927	0.01329	0.00765	0.00765	0.02538	0.01491	0.78810	0.02055	0.01773	0.01289	0.00645	0.00524	0.00161	0.00443	0.00524	0.00645	0.00886
20	0.01376	0.00604	0.00700	0.00616	0.00821	0.00568	0.00483	0.01606	0.01210	0.24752	0.01804	0.01891	0.01321	0.00618	0.00411	0.00133	0.00302	0.00497	0.59679	0.00604
21	0.85377	0.01007	0.00765	0.00685	0.01007	0.01168	0.00564	0.01531	0.00886	0.02336	0.00725	0.00846	0.00564	0.00483	0.00322	0.00161	0.00403	0.00282	0.00322	0.00564
22	0.00676	0.00526	0.00615	0.00601	0.00743	0.00464	0.00447	0.00862	0.01319	0.01739	0.41072	0.08417	0.38230	0.01210	0.00617	0.00172	0.00257	0.01041	0.00528	0.00464
23	0.01411	0.79296	0.02686	0.00906	0.01346	0.04708	0.00895	0.01577	0.01072	0.01227	0.00727	0.00839	0.00668	0.00449	0.00339	0.00112	0.00570	0.00280	0.00224	0.00666
24	0.01297	0.01037	0.01129	0.00895	0.01273	0.03653	0.00710	0.08917	0.19453	0.07324	0.05219	0.01657	0.04700	0.00583	0.00467	0.00125	0.00421	0.00472	0.00424	0.40246
25	0.01845	0.07845	0.05579	0.01135	0.01551	0.01476	0.00979	0.52847	0.04890	0.11283	0.01377	0.04462	0.01029	0.00649	0.00511	0.00157	0.00551	0.00500	0.00494	0.00842
26	0.01221	0.01159	0.01966	0.11794	0.65282	0.01183	0.01514	0.01531	0.01187	0.01683	0.05632	0.01457	0.01057	0.00507	0.00522	0.00157	0.00605	0.00493	0.00274	0.00777

[dist]
# distance from previous block
# <min> <max>
0	5

[block]
# block no. 4 follows, 47 sequences, length 42
# corresponding to MSA columns:
# 537-540,544-581
name=unknown_E
#
# <colnr> <probs for GDERKNQSTAVLIFYWHMCP>
#	G	D	E	R	K	N	Q	S	T	A	V	L	I	F	Y	W	H	M	C	P
0	0.02290	0.00960	0.01254	0.00962	0.01366	0.00875	0.00794	0.12120	0.01614	0.69054	0.01951	0.01705	0.01237	0.00642	0.00523	0.00161	0.00460	0.00517	0.00629	0.00886
1	0.01930	0.01473	0.01532	0.01194	0.01596	0.04526	0.00979	0.68661	0.07736	0.03128	0.01295	0.01288	0.00927	0.00628	0.00520	0.00157	0.00575	0.00472	0.00512	0.00871
2	0.00700	0.00531	0.00645	0.00616	0.00755	0.00476	0.00462	0.00911	0.01387	0.01881	0.56040	0.04231	0.27178	0.01142	0.00615	0.00167	0.00251	0.00990	0.00546	0.00476
3	0.00757	0.00505	0.00568	0.00568	0.00568	0.00505	0.00316	0.00757	0.00757	0.01010	0.01641	0.03408	0.01893	0.81698	0.02651	0.00505	0.00505	0.00757	0.00316	0.00316
4	0.00737	0.00532	0.00696	0.00655	0.00778	0.00491	0.00491	0.00983	0.01474	0.02088	0.78175	0.03890	0.04914	0.01065	0.00614	0.00164	0.00246	0.00942	0.00573	0.00491
5	0.01229	0.01405	0.03073	0.02195	0.02722	0.01317	0.76558	0.01668	0.01229	0.01668	0.01054	0.01405	0.00790	0.00439	0.00615	0.00176	0.00878	0.00615	0.00263	0.00702
6	0.01980	0.01459	0.01563	0.01198	0.01615	0.01615	0.00990	0.76713	0.02448	0.03282	0.01250	0.01250	0.00886	0.00625	0.00521	0.00156	0.00573	0.00469	0.00521	0.00886
7	0.01139	0.01139	0.01595	0.01367	0.01367	0.01595	0.01139	0.01253	0.00798	0.01253	0.00684	0.01139	0.00684	0.00911	0.01709	0.00228	0.80745	0.00456	0.00228	0.00570
8	0.00733	0.00532	0.00690	0.00651	0.00775	0.00490	0.00488	0.00974	0.01464	0.02064	0.75591	0.03930	0.07513	0.01074	0.00614	0.00164	0.00246	0.00947	0.00570	0.00490
9	0.01196	0.01032	0.01488	0.52434	0.02833	0.01177	0.01228	0.16308	0.01327	0.01775	0.00990	0.01313	0.00744	0.00521	0.00500	0.00155	0.00623	0.00440	0.00301	0.13616
10	0.02327	0.00902	0.01218	0.00934	0.01337	0.00789	0.00772	0.04592	0.01517	0.76719	0.02032	0.01758	0.01278	0.00644	0.00524	0.00161	0.00447	0.00522	0.00641	0.00886
11	0.01139	0.01139	0.01595	0.01367	0.01367	0.01595	0.01139	0.01253	0.00798	0.01253	0.00684	0.01139	0.00684	0.00911	0.01709	0.00228	0.80745	0.00456	0.00228	0.00570
12	0.01262	0.00747	0.00926	0.00799	0.01028	0.00719	0.00629	0.10857	0.04154	0.19336	0.40130	0.04919	0.08427	0.00944	0.00584	0.00167	0.00345	0.02823	0.00570	0.00635
13	0.01052	0.02644	0.76046	0.01512	0.02272	0.01214	0.04828	0.01650	0.01105	0.01650	0.00939	0.01111	0.00665	0.00493	0.00499	0.00165	0.00774	0.00394	0.00222	0.00767
14	0.00640	0.00457	0.00611	0.00731	0.00764	0.00428	0.00493	0.00735	0.01002	0.01336	0.02867	0.79317	0.03432	0.01626	0.00666	0.00212	0.00307	0.03467	0.00483	0.00425
15	0.01004	0.00669	0.00875	0.00930	0.01089	0.00680	0.00792	0.01380	0.10009	0.07146	0.02561	0.06313	0.02604	0.01243	0.00657	0.00218	0.00449	0.54386	0.06447	0.00548
16	0.00905	0.00452	0.00678	0.00678	0.00678	0.00452	0.00452	0.00678	0.00678	0.00905	0.00905	0.01583	0.00905	0.01809	0.02035	0.84848	0.00452	0.00452	0.00226	0.00226
17	0.00647	0.00470	0.00638	0.03517	0.00855	0.00449	0.00517	0.00746	0.00999	0.01329	0.02802	0.78557	0.03348	0.01593	0.00660	0.00210	0.00316	0.01445	0.00475	0.00428
18	0.00634	0.00453	0.00604	0.00725	0.00755	0.00423	0.00483	0.00725	0.00997	0.01329	0.02870	0.81358	0.03444	0.01632	0.00665	0.00211	0.00302	0.01480	0.00483	0.00423
19	0.01887	0.01523	0.04364	0.01179	0.01582	0.07054	0.00991	0.64463	0.02254	0.03005	0.01232	0.01261	0.00887	0.00613	0.00508	0.00153	0.00588	0.00457	0.05159	0.00839
20	0.01753	0.01156	0.01253	0.00990	0.01330	0.01247	0.00808	0.50539	0.02012	0.09817	0.01439	0.01476	0.01038	0.00622	0.00481	0.00148	0.00476	0.00478	0.22153	0.00783
21	0.01829	0.00985	0.01195	0.00961	0.01302	0.00978	0.00783	0.21777	0.07853	0.36843	0.13557	0.02177	0.03248	0.00749	0.00546	0.00165	0.00443	0.03227	0.00583	0.00798
22	0.01353	0.01106	0.01179	0.01052	0.01353	0.01266	0.00821	0.02754	0.73261	0.06460	0.02116	0.01933	0.01573	0.00703	0.00530	0.00176	0.00414	0.00585	0.00536	0.00828
23	0.01080	0.00926	0.01080	0.00771	0.01234	0.00694	0.00617	0.01311	0.01080	0.01697	0.00926	0.01080	0.00771	0.00386	0.00386	0.00077	0.00386	0.00309	0.00309	0.84882
24	0.00634	0.00525	0.00557	0.00567	0.00727	0.00448	0.00425	0.00776	0.01195	0.01458	0.10423	0.10353	0.64728	0.01327	0.00623	0.00180	0.00273	0.03848	0.00490	0.00444
25	0.77945	0.01047	0.00836	0.00731	0.01061	0.01208	0.00602	0.08230	0.01025	0.02421	0.00772	0.00882	0.00593	0.00496	0.00340	0.00161	0.00418	0.00299	0.00340	0.00593
26	0.00905	0.00452	0.00678	0.00678	0.00678	0.00452	0.00452	0.00678	0.00678	0.00905	0.00905	0.01583	0.00905	0.01809	0.02035	0.84848	0.00452	0.00452	0.00226	0.00226
27	0.00634	0.00453	0.00604	0.00725	0.00755	0.00423	0.00483	0.00725	0.00997	0.01329	0.02870	0.81358	0.03444	0.01632	0.00665	0.00211	0.00302	0.01480	0.00483	0.00423
28	0.04565	0.02190	0.07187	0.04435	0.04853	0.54500	0.11662	0.01927	0.01367	0.01411	0.00857	0.01043	0.00690	0.00515	0.00490	0.00145	0.00879	0.00386	0.00264	0.00636
29	0.01133	0.01078	0.01832	0.42654	0.40212	0.01196	0.01521	0.01462	0.01112	0.01512	0.00952	0.01340	0.00758	0.00493	0.00518	0.00164	0.00657	0.00463	0.00244	0.00699
30	0.00839	0.00599	0.00839	0.00959	0.01079	0.00599	0.00839	0.01079	0.01199	0.01558	0.02757	0.05874	0.02997	0.01439	0.00719	0.00240	0.00480	0.74945	0.00480	0.00480
31	0.00674	0.00579	0.00584	0.00573	0.00760	0.00513	0.00433	0.00922	0.07767	0.01473	0.05003	0.04747	0.71630	0.01266	0.00608	0.00176	0.00277	0.01055	0.00488	0.00473
32	0.01229	0.01405	0.03073	0.02195	0.02722	0.01317	0.76558	0.01668	0.01229	0.01668	0.01054	0.01405	0.00790	0.00439	0.00615	0.00176	0.00878	0.00615	0.00263	0.00702
33	0.00757	0.00505	0.00568	0.00568	0.00568	0.00505	0.00316	0.00757	0.00757	0.01010	0.01641	0.03408	0.01893	0.81698	0.02651	0.00505	0.00505	0.00757	0.00316	0.00316
34	0.01289	0.01237	0.02114	0.03196	0.78450	0.01237	0.01598	0.01598	0.01186	0.01701	0.00980	0.01289	0.00825	0.00464	0.00516	0.00155	0.00619	0.00464	0.00258	0.00825
35	0.01045	0.02694	0.79000	0.01484	0.02254	0.01209	0.01924	0.01649	0.01099	0.01649	0.00935	0.01099	0.00660	0.00495	0.00495	0.00165	0.00770	0.00385	0.00220	0.00770
36	0.01289	0.01237	0.02114	0.03196	0.78450	0.01237	0.01598	0.01598	0.01186	0.01701	0.00980	0.01289	0.00825	0.00464	0.00516	0.00155	0.00619	0.00464	0.00258	0.00825
37	0.02027	0.01382	0.01515	0.01162	0.01577	0.01501	0.00960	0.66770	0.02320	0.13406	0.01358	0.01320	0.00940	0.00628	0.00521	0.00157	0.00556	0.00476	0.00538	0.00886
38	0.00989	0.00921	0.01536	0.72105	0.06160	0.01137	0.01398	0.01321	0.01041	0.01356	0.00987	0.03376	0.00781	0.00557	0.00548	0.00174	0.02499	0.00488	0.02044	0.00582
39	0.01289	0.01237	0.02114	0.03196	0.78450	0.01237	0.01598	0.01598	0.01186	0.01701	0.00980	0.01289	0.00825	0.00464	0.00516	0.00155	0.00619	0.00464	0.00258	0.00825
40	0.01890	0.01294	0.15177	0.01164	0.01633	0.00968	0.08252	0.06261	0.05875	0.47727	0.03203	0.01641	0.01196	0.00609	0.00529	0.00164	0.00544	0.00517	0.00518	0.00837
41	0.85377	0.01007	0.00765	0.00685	0.01007	0.01168	0.00564	0.01531	0.00886	0.02336	0.00725	0.00846	0.00564	0.00483	0.00322	0.00161	0.00403	0.00282	0.00322	0.00564

[dist]
# distance from previous block
# <min> <max>
0	1

[block]
# block no. 5 follows, 47 sequences, length 22
# corresponding to MSA columns:
# 583-604
name=unknown_F
#
# <colnr> <probs for GDERKNQSTAVLIFYWHMCP>
#	G	D	E	R	K	N	Q	S	T	A	V	L	I	F	Y	W	H	M	C	P
0	0.01058	0.05779	0.76033	0.01461	0.02218	0.01243	0.01884	0.01646	0.01098	0.01633	0.00926	0.01089	0.00660	0.00493	0.00489	0.00163	0.00761	0.00381	0.00220	0.00766
1	0.01685	0.23220	0.10037	0.01240	0.01601	0.49086	0.01077	0.01877	0.01310	0.01301	0.00795	0.00934	0.00669	0.00518	0.00468	0.00134	0.02831	0.00329	0.00250	0.00637
2	0.01046	0.00601	0.00795	0.00708	0.00885	0.00544	0.00544	0.01283	0.01477	0.16914	0.63465	0.03481	0.04213	0.00983	0.00597	0.00163	0.00284	0.00861	0.00587	0.00568
3	0.55580	0.01106	0.01036	0.06980	0.01366	0.01261	0.00743	0.19750	0.01299	0.05334	0.00917	0.01020	0.00679	0.00527	0.00393	0.00161	0.00468	0.00350	0.00375	0.00655
4	0.01007	0.00674	0.00837	0.00753	0.00935	0.00660	0.00578	0.03617	0.11808	0.09677	0.58112	0.03340	0.03988	0.00962	0.00591	0.00165	0.00297	0.00839	0.00573	0.00587
5	0.30636	0.00986	0.01094	0.00872	0.01249	0.00990	0.00720	0.09804	0.01383	0.44967	0.01518	0.01403	0.01000	0.00588	0.00455	0.00161	0.00443	0.00436	0.00522	0.00776
6	0.00634	0.00453	0.00604	0.00725	0.00755	0.00423	0.00483	0.00725	0.00997	0.01329	0.02870	0.81358	0.03444	0.01632	0.00665	0.00211	0.00302	0.01480	0.00483	0.00423
7	0.00657	0.00465	0.00609	0.00716	0.00746	0.00440	0.00477	0.00743	0.00976	0.01300	0.02717	0.68929	0.03239	0.11289	0.00907	0.00248	0.00334	0.04332	0.00463	0.00412
8	0.01272	0.06533	0.01254	0.01025	0.01325	0.01310	0.00810	0.02598	0.69056	0.02081	0.02163	0.02002	0.04854	0.00716	0.00520	0.00172	0.00415	0.00590	0.00507	0.00797
9	0.00744	0.00558	0.00837	0.00837	0.00930	0.00651	0.00651	0.00930	0.00837	0.01209	0.01395	0.02046	0.01302	0.03906	0.79635	0.00837	0.01395	0.00558	0.00279	0.00465
10	0.01080	0.00926	0.01080	0.00771	0.01234	0.00694	0.00617	0.01311	0.01080	0.01697	0.00926	0.01080	0.00771	0.00386	0.00386	0.00077	0.00386	0.00309	0.00309	0.84882
11	0.00813	0.10865	0.00947	0.00690	0.00847	0.00685	0.00541	0.01037	0.01386	0.01922	0.62740	0.09271	0.04266	0.01028	0.00582	0.00161	0.00289	0.00898	0.00522	0.00509
12	0.00634	0.00453	0.00604	0.00725	0.00755	0.00423	0.00483	0.00725	0.00997	0.01329	0.02870	0.81358	0.03444	0.01632	0.00665	0.00211	0.00302	0.01480	0.00483	0.00423
13	0.00839	0.00599	0.00839	0.00959	0.01079	0.00599	0.00839	0.01079	0.01199	0.01558	0.02757	0.05874	0.02997	0.01439	0.00719	0.00240	0.00480	0.74945	0.00480	0.00480
14	0.02250	0.00906	0.01206	0.00938	0.01331	0.00810	0.00770	0.02557	0.07838	0.72412	0.02060	0.01787	0.01314	0.00650	0.00524	0.00162	0.00441	0.00529	0.00635	0.00881
15	0.02119	0.01235	0.01424	0.01092	0.01503	0.01283	0.00902	0.47744	0.02074	0.32780	0.01564	0.01454	0.01043	0.00633	0.00522	0.00158	0.00522	0.00490	0.00569	0.00886
16	0.01392	0.82012	0.02729	0.00891	0.01337	0.02061	0.00891	0.01559	0.01058	0.01225	0.00724	0.00835	0.00668	0.00446	0.00334	0.00111	0.00557	0.00278	0.00223	0.00668
17	0.00615	0.00528	0.00528	0.00528	0.00703	0.00440	0.00396	0.00747	0.01187	0.01407	0.05276	0.05012	0.78238	0.01319	0.00615	0.00176	0.00264	0.01099	0.00484	0.00440
18	0.00634	0.00457	0.00601	0.00716	0.00753	0.00424	0.00479	0.00726	0.01006	0.01333	0.02987	0.77667	0.07060	0.01616	0.00662	0.00210	0.00300	0.01462	0.00483	0.00424
19	0.00634	0.00453	0.00604	0.00725	0.00755	0.00423	0.00483	0.00725	0.00997	0.01329	0.02870	0.81358	0.03444	0.01632	0.00665	0.00211	0.00302	0.01480	0.00483	0.00423
20	0.00744	0.00558	0.00837	0.00837	0.00930	0.00651	0.00651	0.00930	0.00837	0.01209	0.01395	0.02046	0.01302	0.03906	0.79635	0.00837	0.01395	0.00558	0.00279	0.00465
21	0.04393	0.01419	0.02872	0.02168	0.07190	0.04125	0.66482	0.01674	0.01223	0.01681	0.01028	0.01360	0.00780	0.00446	0.00592	0.00172	0.00847	0.00583	0.00265	0.00701

[dist]
# distance from previous block
# <min> <max>
0	5

[block]
# block no. 6 follows, 47 sequences, length 38
# corresponding to MSA columns:
# 610-647
name=unknown_G
#
# <colnr> <probs for GDERKNQSTAVLIFYWHMCP>
#	G	D	E	R	K	N	Q	S	T	A	V	L	I	F	Y	W	H	M	C	P
0	0.01962	0.01278	0.01425	0.01096	0.01501	0.01354	0.00902	0.53961	0.03636	0.18521	0.01429	0.01384	0.00990	0.00618	0.00510	0.00153	0.00524	0.00475	0.03208	0.05075
1	0.01380	0.79249	0.05386	0.00912	0.01369	0.02031	0.00927	0.01562	0.01060	0.01240	0.00731	0.00845	0.00668	0.00447	0.00340	0.00113	0.00564	0.00282	0.00223	0.00672
2	0.00683	0.00479	0.00596	0.00663	0.00690	0.00462	0.00423	0.00745	0.00910	0.01210	0.02461	0.46561	0.05839	0.31409	0.04150	0.00341	0.00414	0.01164	0.00414	0.00385
3	0.00737	0.00532	0.00696	0.00655	0.00778	0.00491	0.00491	0.00983	0.01474	0.02088	0.78175	0.03890	0.04914	0.01065	0.00614	0.00164	0.00246	0.00942	0.00573	0.00491
4	0.01080	0.00926	0.01080	0.00771	0.01234	0.00694	0.00617	0.01311	0.01080	0.01697	0.00926	0.01080	0.00771	0.00386	0.00386	0.00077	0.00386	0.00309	0.00309	0.84882
5	0.00737	0.00532	0.00696	0.00655	0.00778	0.00491	0.00491	0.00983	0.01474	0.02088	0.78175	0.03890	0.04914	0.01065	0.00614	0.00164	0.00246	0.00942	0.00573	0.00491
6	0.85377	0.01007	0.00765	0.00685	0.01007	0.01168	0.00564	0.01531	0.00886	0.02336	0.00725	0.00846	0.00564	0.00483	0.00322	0.00161	0.00403	0.00282	0.00322	0.00564
7	0.01059	0.05977	0.75843	0.01460	0.02216	0.01245	0.01881	0.01645	0.01098	0.01632	0.00926	0.01089	0.00660	0.00493	0.00488	0.00163	0.00761	0.00380	0.00220	0.00765
8	0.01392	0.82012	0.02729	0.00891	0.01337	0.02061	0.00891	0.01559	0.01058	0.01225	0.00724	0.00835	0.00668	0.00446	0.00334	0.00111	0.00557	0.00278	0.00223	0.00668
9	0.01229	0.01405	0.03073	0.02195	0.02722	0.01317	0.76558	0.01668	0.01229	0.01668	0.01054	0.01405	0.00790	0.00439	0.00615	0.00176	0.00878	0.00615	0.00263	0.00702
10	0.01236	0.01168	0.01904	0.16628	0.55968	0.01230	0.01479	0.01691	0.10285	0.01693	0.01106	0.01385	0.00893	0.00503	0.00518	0.00161	0.00607	0.00479	0.00286	0.00781
11	0.01229	0.01405	0.03073	0.02195	0.02722	0.01317	0.76558	0.01668	0.01229	0.01668	0.01054	0.01405	0.00790	0.00439	0.00615	0.00176	0.00878	0.00615	0.00263	0.00702
12	0.01139	0.01139	0.01595	0.01367	0.01367	0.01595	0.01139	0.01253	0.00798	0.01253	0.00684	0.01139	0.00684	0.00911	0.01709	0.00228	0.80745	0.00456	0.00228	0.00570
13	0.00638	0.00463	0.00603	0.00713	0.00759	0.00429	0.00484	0.00736	0.01019	0.01342	0.03081	0.72744	0.10074	0.01599	0.00662	0.00209	0.00303	0.03234	0.00483	0.00426
14	0.01045	0.02694	0.79000	0.01484	0.02254	0.01209	0.01924	0.01649	0.01099	0.01649	0.00935	0.01099	0.00660	0.00495	0.00495	0.00165	0.00770	0.00385	0.00220	0.00770
15	0.00640	0.00457	0.00611	0.00731	0.00764	0.00428	0.00493	0.00735	0.01002	0.01336	0.02867	0.79333	0.03432	0.01626	0.00666	0.00212	0.00307	0.03451	0.00483	0.00425
16	0.01440	0.01097	0.01190	0.01046	0.01357	0.01236	0.00821	0.04382	0.66374	0.11745	0.02092	0.01906	0.01537	0.00697	0.00529	0.00174	0.00420	0.00578	0.00544	0.00833
17	0.00983	0.00926	0.01562	0.80447	0.03587	0.01157	0.01446	0.01331	0.01041	0.01331	0.00926	0.01388	0.00694	0.00521	0.00521	0.00174	0.00694	0.00463	0.00231	0.00579
18	0.01199	0.36057	0.43724	0.01264	0.01887	0.01572	0.04578	0.01612	0.01087	0.01471	0.00851	0.01001	0.00669	0.00472	0.00432	0.00143	0.00685	0.00350	0.00223	0.00724
19	0.00647	0.00490	0.00599	0.00667	0.00755	0.00442	0.00472	0.00772	0.01112	0.01439	0.11123	0.46874	0.26724	0.01470	0.00647	0.00197	0.00292	0.04350	0.00492	0.00437
20	0.02327	0.00902	0.01218	0.00934	0.01337	0.00789	0.00772	0.04594	0.01517	0.76717	0.02032	0.01758	0.01278	0.00644	0.00524	0.00161	0.00447	0.00522	0.00641	0.00886
21	0.07620	0.10140	0.51946	0.01525	0.05887	0.02708	0.09877	0.01639	0.01104	0.01658	0.00911	0.01094	0.00676	0.00482	0.00479	0.00159	0.00728	0.00395	0.00236	0.00736
22	0.00998	0.00941	0.01589	0.76678	0.07239	0.01161	0.01454	0.01344	0.01048	0.01349	0.00928	0.01384	0.00701	0.00518	0.00520	0.00173	0.00691	0.00463	0.00233	0.00591
23	0.00768	0.00542	0.00697	0.00668	0.00794	0.00501	0.00505	0.00991	0.01398	0.03498	0.61952	0.04048	0.10237	0.05101	0.00721	0.00187	0.00280	0.06077	0.00548	0.00486
24	0.01945	0.02482	0.01476	0.01342	0.01610	0.79608	0.01006	0.02079	0.01476	0.01275	0.00805	0.00939	0.00671	0.00537	0.00470	0.00134	0.00939	0.00335	0.00268	0.00604
25	0.04394	0.05413	0.01293	0.01098	0.01276	0.27698	0.00860	0.06423	0.01171	0.01415	0.01095	0.05294	0.01031	0.04901	0.21036	0.00350	0.13907	0.00489	0.00293	0.00562
26	0.00683	0.00612	0.04549	0.00829	0.00924	0.00506	0.04324	0.00818	0.01020	0.01364	0.02762	0.71050	0.05554	0.01507	0.00652	0.00206	0.00352	0.01372	0.00460	0.00454
27	0.00746	0.00551	0.00801	0.00801	0.00882	0.00632	0.00606	0.00907	0.00826	0.01182	0.01428	0.02227	0.01380	0.14225	0.69423	0.00793	0.01277	0.00584	0.00284	0.00445
28	0.85377	0.01007	0.00765	0.00685	0.01007	0.01168	0.00564	0.01531	0.00886	0.02336	0.00725	0.00846	0.00564	0.00483	0.00322	0.00161	0.00403	0.00282	0.00322	0.00564
29	0.85377	0.01007	0.00765	0.00685	0.01007	0.01168	0.00564	0.01531	0.00886	0.02336	0.00725	0.00846	0.00564	0.00483	0.00322	0.00161	0.00403	0.00282	0.00322	0.00564
30	0.04532	0.01072	0.01641	0.57010	0.19147	0.05066	0.01421	0.01432	0.01087	0.01447	0.00923	0.01323	0.00715	0.00508	0.00509	0.00167	0.00679	0.00449	0.00242	0.00631
31	0.05395	0.01197	0.01989	0.08294	0.67738	0.01217	0.01518	0.01599	0.01169	0.03529	0.00989	0.01286	0.00814	0.00473	0.00507	0.00156	0.00609	0.00456	0.00268	0.00797
32	0.05131	0.00480	0.00683	0.00679	0.00695	0.00488	0.00458	0.00721	0.00689	0.00976	0.00896	0.01546	0.00888	0.01743	0.01950	0.80611	0.00450	0.00444	0.00231	0.00243
33	0.01289	0.01237	0.02114	0.03196	0.78450	0.01237	0.01598	0.01598	0.01186	0.01701	0.00980	0.01289	0.00825	0.00464	0.00516	0.00155	0.00619	0.00464	0.00258	0.00825
34	0.01289	0.01237	0.02114	0.03196	0.78450	0.01237	0.01598	0.01598	0.01186	0.01701	0.00980	0.01289	0.00825	0.00464	0.00516	0.00155	0.00619	0.00464	0.00258	0.00825
35	0.00741	0.00578	0.00849	0.15961	0.03005	0.00602	0.00736	0.00904	0.01035	0.01367	0.02446	0.54862	0.02809	0.01371	0.00641	0.00207	0.00406	0.10583	0.00430	0.00468
36	0.82327	0.01015	0.00814	0.00776	0.03816	0.01171	0.00601	0.01533	0.00897	0.02313	0.00734	0.00862	0.00573	0.00483	0.00329	0.00161	0.00411	0.00289	0.00320	0.00573
37	0.77704	0.00976	0.00770	0.00690	0.01004	0.01112	0.00562	0.01482	0.00900	0.02260	0.00841	0.04884	0.00717	0.00537	0.00342	0.00160	0.00397	0.00343	0.00330	0.03990

[dist]
# distance from previous block
# <min> <max>
0	10

[block]
# block no. 7 follows, 47 sequences, length 140
# corresponding to MSA columns:
# 658-674,679-690,693-752,757-807
name=unknown_H
#
# <colnr> <probs for GDERKNQSTAVLIFYWHMCP>
#	G	D	E	R	K	N	Q	S	T	A	V	L	I	F	Y	W	H	M	C	P
0	0.00997	0.00937	0.01567	0.75338	0.06155	0.01146	0.01427	0.01339	0.01048	0.01355	0.00928	0.01376	0.00701	0.00515	0.00516	0.00170	0.00682	0.00458	0.00235	0.03112
1	0.85377	0.01007	0.00765	0.00685	0.01007	0.01168	0.00564	0.01531	0.00886	0.02336	0.00725	0.00846	0.00564	0.00483	0.00322	0.00161	0.00403	0.00282	0.00322	0.00564
2	0.79560	0.01039	0.00821	0.00721	0.01050	0.01199	0.00594	0.06774	0.00995	0.02402	0.00762	0.00874	0.00586	0.00493	0.00336	0.00161	0.00415	0.00295	0.00336	0.00586
3	0.01713	0.07708	0.01528	0.18815	0.04577	0.01239	0.01016	0.24376	0.04562	0.24011	0.02937	0.02860	0.01089	0.00616	0.00511	0.00160	0.00546	0.00499	0.00459	0.00779
4	0.00639	0.00502	0.00579	0.00616	0.00732	0.00441	0.00440	0.00773	0.01160	0.01475	0.14713	0.32029	0.41262	0.01394	0.00633	0.00187	0.00275	0.01213	0.00496	0.00441
5	0.00743	0.00499	0.00572	0.00587	0.00590	0.00495	0.00336	0.00753	0.00786	0.01048	0.01788	0.12745	0.02079	0.72108	0.02413	0.00470	0.00481	0.00844	0.00336	0.00328
6	0.01228	0.01171	0.01991	0.11658	0.66991	0.01195	0.01536	0.01533	0.01162	0.01645	0.01051	0.04558	0.00917	0.00518	0.00522	0.00159	0.00614	0.00505	0.00264	0.00781
7	0.00722	0.00532	0.00675	0.00639	0.00769	0.00485	0.00479	0.00953	0.01438	0.02003	0.69077	0.04030	0.14064	0.01096	0.00614	0.00165	0.00248	0.00961	0.00562	0.00485
8	0.01080	0.00926	0.01080	0.00771	0.01234	0.00694	0.00617	0.01311	0.01080	0.01697	0.00926	0.01080	0.00771	0.00386	0.00386	0.00077	0.00386	0.00309	0.00309	0.84882
9	0.01069	0.08328	0.73582	0.01442	0.02189	0.01270	0.01851	0.01643	0.01097	0.01619	0.00920	0.01081	0.00660	0.00491	0.00483	0.00161	0.00755	0.00377	0.00220	0.00762
10	0.01544	0.00876	0.01092	0.00818	0.01230	0.00703	0.00662	0.01761	0.01266	0.32279	0.05273	0.01636	0.04037	0.00556	0.00460	0.00118	0.00397	0.00454	0.00461	0.44376
11	0.06572	0.00508	0.00629	0.00716	0.00768	0.00501	0.00488	0.00807	0.00960	0.01363	0.02500	0.59790	0.02942	0.11814	0.04140	0.00272	0.00386	0.03980	0.00442	0.00423
12	0.00673	0.00570	0.00588	0.00583	0.00759	0.00507	0.00437	0.00911	0.07111	0.01487	0.07445	0.08430	0.66123	0.01278	0.00611	0.00177	0.00277	0.01072	0.00490	0.00470
13	0.01056	0.00898	0.01053	0.00763	0.01202	0.00680	0.00608	0.01288	0.01107	0.01724	0.06313	0.01276	0.01060	0.00433	0.00402	0.00083	0.00376	0.00353	0.00327	0.78996
14	0.01121	0.06769	0.07318	0.01057	0.04591	0.00905	0.07414	0.01397	0.01097	0.01658	0.00926	0.01101	0.00760	0.00406	0.00416	0.00098	0.00479	0.00345	0.00290	0.61853
15	0.01795	0.01039	0.06212	0.06523	0.01515	0.00933	0.00884	0.02348	0.20109	0.44427	0.07052	0.01887	0.01525	0.00670	0.00529	0.00166	0.00461	0.00555	0.00555	0.00815
16	0.82446	0.00989	0.00756	0.00678	0.00993	0.01145	0.00557	0.01520	0.00893	0.02323	0.00759	0.00884	0.00591	0.00488	0.00324	0.00160	0.00397	0.00289	0.03248	0.00561
17	0.13200	0.00902	0.01151	0.00895	0.01287	0.00818	0.00739	0.02406	0.01411	0.68806	0.01881	0.01651	0.01194	0.00623	0.00497	0.00161	0.00438	0.00492	0.00602	0.00844
18	0.00983	0.00926	0.01562	0.80447	0.03587	0.01157	0.01446	0.01331	0.01041	0.01331	0.00926	0.01388	0.00694	0.00521	0.00521	0.00174	0.00694	0.00463	0.00231	0.00579
19	0.00727	0.00528	0.00645	0.00616	0.00750	0.00480	0.00462	0.00948	0.01386	0.01932	0.57226	0.03994	0.20370	0.01087	0.00597	0.00163	0.00249	0.00944	0.06414	0.00480
20	0.00839	0.00599	0.00839	0.00959	0.01079	0.00599	0.00839	0.01079	0.01199	0.01558	0.02757	0.05874	0.02997	0.01439	0.00719	0.00240	0.00480	0.74945	0.00480	0.00480
21	0.01980	0.01459	0.01563	0.01198	0.01615	0.01615	0.00990	0.76713	0.02448	0.03282	0.01250	0.01250	0.00886	0.00625	0.00521	0.00156	0.00573	0.00469	0.00521	0.00886
22	0.00634	0.00453	0.00604	0.00725	0.00755	0.00423	0.00483	0.00725	0.00997	0.01329	0.02870	0.81358	0.03444	0.01632	0.00665	0.00211	0.00302	0.01480	0.00483	0.00423
23	0.01255	0.01103	0.01308	0.01137	0.01435	0.01242	0.07348	0.03802	0.64290	0.02094	0.02065	0.07423	0.01638	0.00747	0.00546	0.00179	0.00447	0.00651	0.00503	0.00787
24	0.01392	0.82012	0.02729	0.00891	0.01337	0.02061	0.00891	0.01559	0.01058	0.01225	0.00724	0.00835	0.00668	0.00446	0.00334	0.00111	0.00557	0.00278	0.00223	0.00668
25	0.85377	0.01007	0.00765	0.00685	0.01007	0.01168	0.00564	0.01531	0.00886	0.02336	0.00725	0.00846	0.00564	0.00483	0.00322	0.00161	0.00403	0.00282	0.00322	0.00564
26	0.00937	0.00684	0.00813	0.00833	0.00965	0.00712	0.00601	0.04459	0.20800	0.04796	0.02549	0.52465	0.02723	0.01287	0.00611	0.00196	0.00346	0.01146	0.02510	0.00566
27	0.01975	0.01263	0.01421	0.01098	0.01491	0.01342	0.00904	0.54477	0.02162	0.20463	0.06799	0.01554	0.01259	0.00660	0.00528	0.00158	0.00521	0.00514	0.00553	0.00858
28	0.01289	0.01237	0.02114	0.03196	0.78450	0.01237	0.01598	0.01598	0.01186	0.01701	0.00980	0.01289	0.00825	0.00464	0.00516	0.00155	0.00619	0.00464	0.00258	0.00825
29	0.00839	0.00599	0.00839	0.00959	0.01079	0.00599	0.00839	0.01079	0.01199	0.01558	0.02757	0.05874	0.02997	0.01439	0.00719	0.00240	0.00480	0.74945	0.00480	0.00480
30	0.01980	0.01459	0.01563	0.01198	0.01615	0.01615	0.00990	0.76713	0.02448	0.03282	0.01250	0.01250	0.00886	0.00625	0.00521	0.00156	0.00573	0.00469	0.00521	0.00886
31	0.01289	0.01237	0.02114	0.03196	0.78450	0.01237	0.01598	0.01598	0.01186	0.01701	0.00980	0.01289	0.00825	0.00464	0.00516	0.00155	0.00619	0.00464	0.00258	0.00825
32	0.01980	0.01459	0.01563	0.01198	0.01615	0.01615	0.00990	0.76713	0.02448	0.03282	0.01250	0.01250	0.00886	0.00625	0.00521	0.00156	0.00573	0.00469	0.00521	0.00886
33	0.02264	0.04022	0.01293	0.00964	0.01357	0.07275	0.00794	0.03730	0.01490	0.68316	0.01889	0.01661	0.01209	0.00628	0.00512	0.00157	0.00490	0.00498	0.00596	0.00855
34	0.01100	0.01219	0.13261	0.00899	0.01405	0.00810	0.00835	0.03194	0.02761	0.01738	0.00960	0.01106	0.00774	0.00415	0.00409	0.00095	0.00451	0.00330	0.00305	0.67934
35	0.02019	0.01479	0.01513	0.01178	0.01581	0.08253	0.00965	0.61459	0.02251	0.12074	0.01307	0.01285	0.00915	0.00620	0.00517	0.00155	0.00589	0.00464	0.00514	0.00861
36	0.01358	0.74175	0.10264	0.00950	0.01427	0.01977	0.00993	0.01568	0.01062	0.01267	0.00745	0.00861	0.00667	0.00450	0.00350	0.00117	0.00578	0.00289	0.00222	0.00678
37	0.11330	0.01287	0.02347	0.01734	0.02176	0.04967	0.50354	0.01699	0.01212	0.10016	0.01238	0.06989	0.00998	0.00555	0.00567	0.00173	0.00737	0.00613	0.00327	0.00681
38	0.01980	0.01459	0.01563	0.01198	0.01615	0.01615	0.00990	0.76713	0.02448	0.03282	0.01250	0.01250	0.00886	0.00625	0.00521	0.00156	0.00573	0.00469	0.00521	0.00886
39	0.00983	0.00926	0.01562	0.80447	0.03587	0.01157	0.01446	0.01331	0.01041	0.01331	0.00926	0.01388	0.00694	0.00521	0.00521	0.00174	0.00694	0.00463	0.00231	0.00579
40	0.00615	0.00528	0.00528	0.00528	0.00703	0.00440	0.00396	0.00747	0.01187	0.01407	0.05276	0.05012	0.78238	0.01319	0.00615	0.00176	0.00264	0.01099	0.00484	0.00440
