[name]
unknown

[dist]
# distance from previous block
# <min> <max>
2	98

[block]
# block no. 0 follows, 49 sequences, length 18
# corresponding to MSA columns:
# 132-149
name=unknown_A
#
# <colnr> <probs for GDERKNQSTAVLIFYWHMCP>
#	G	D	E	R	K	N	Q	S	T	A	V	L	I	F	Y	W	H	M	C	P
0	0.00968	0.00625	0.00720	0.00654	0.00860	0.00568	0.00504	0.01252	0.08299	0.14822	0.21231	0.03811	0.41633	0.01059	0.00575	0.00166	0.00295	0.00892	0.00520	0.00546
1	0.01045	0.00617	0.00735	0.00642	0.00779	0.00562	0.00427	0.01113	0.00905	0.14387	0.01552	0.02684	0.01567	0.55509	0.01877	0.00368	0.00462	0.00628	0.00359	0.13780
2	0.01629	0.55867	0.02190	0.00894	0.01314	0.01644	0.00840	0.06775	0.01226	0.21732	0.01074	0.01075	0.00820	0.00495	0.00384	0.00124	0.00513	0.00345	0.00342	0.00718
3	0.01171	0.00850	0.01380	0.60091	0.02853	0.00997	0.01204	0.01433	0.01053	0.14503	0.01083	0.01429	0.00791	0.00640	0.00640	0.07939	0.00611	0.00458	0.00292	0.00581
4	0.01389	0.26314	0.13086	0.01145	0.03681	0.02921	0.04897	0.01635	0.01103	0.15576	0.02870	0.01194	0.00878	0.00555	0.00616	0.00145	0.12869	0.00396	0.00311	0.08419
5	0.00707	0.00548	0.00788	0.17672	0.01301	0.00574	0.00653	0.00853	0.00997	0.01327	0.08814	0.51225	0.02770	0.08413	0.00781	0.00219	0.00387	0.01122	0.00411	0.00439
6	0.01154	0.01095	0.01856	0.21775	0.57035	0.01147	0.01464	0.01460	0.01131	0.01583	0.04723	0.01398	0.00963	0.00492	0.00506	0.00155	0.00601	0.00473	0.00259	0.00728
7	0.01092	0.00918	0.01441	0.65044	0.03042	0.01109	0.01276	0.03313	0.08118	0.06585	0.01098	0.01429	0.00807	0.00534	0.00504	0.00167	0.00622	0.00465	0.01827	0.00609
8	0.01190	0.00903	0.01330	0.11350	0.28029	0.02194	0.00996	0.03553	0.02983	0.11715	0.03152	0.09307	0.04308	0.14520	0.00876	0.00218	0.00517	0.01868	0.00358	0.00632
9	0.01062	0.01107	0.02021	0.01577	0.01809	0.01236	0.34681	0.01308	0.00993	0.01408	0.01183	0.14920	0.01164	0.00801	0.01017	0.00196	0.31973	0.00679	0.00279	0.00586
10	0.00873	0.00788	0.01292	0.61644	0.02820	0.00952	0.01179	0.01150	0.01001	0.01292	0.01354	0.20776	0.01318	0.00766	0.00539	0.00177	0.00582	0.00688	0.00284	0.00525
11	0.01338	0.65365	0.02318	0.00847	0.01281	0.01725	0.00815	0.01512	0.01048	0.04454	0.00789	0.00888	0.00690	0.00431	0.00340	0.00104	0.00508	0.00285	0.00247	0.15015
12	0.00955	0.00899	0.01517	0.81013	0.03483	0.01123	0.01404	0.01292	0.01011	0.01292	0.00899	0.01348	0.00674	0.00506	0.00506	0.00169	0.00674	0.00449	0.00225	0.00562
13	0.02035	0.00895	0.01228	0.00973	0.01291	0.00876	0.00807	0.02217	0.01326	0.64196	0.01786	0.01717	0.01194	0.00689	0.00708	0.00169	0.14144	0.02395	0.00553	0.00798
14	0.02030	0.00892	0.01247	0.14496	0.01675	0.00845	0.00865	0.05681	0.01416	0.62700	0.01773	0.01635	0.01136	0.00605	0.00508	0.00158	0.00477	0.00496	0.00552	0.00810
15	0.00926	0.00533	0.00807	0.13311	0.01129	0.00562	0.00599	0.00846	0.00783	0.04195	0.03237	0.04663	0.01110	0.05399	0.01625	0.58720	0.00467	0.00509	0.00260	0.00318
16	0.00880	0.00596	0.00750	0.00750	0.00866	0.00586	0.00544	0.09351	0.01226	0.05991	0.16251	0.44460	0.05856	0.03278	0.05913	0.00234	0.00393	0.01094	0.00481	0.00499
17	0.04219	0.06243	0.01309	0.20110	0.03056	0.00970	0.04652	0.06680	0.04001	0.03208	0.01669	0.04522	0.02479	0.00835	0.00549	0.00177	0.00527	0.26115	0.00365	0.08315

[dist]
# distance from previous block
# <min> <max>
4	19

[block]
# block no. 1 follows, 49 sequences, length 35
# corresponding to MSA columns:
# 169-172,186-208,210-217
name=unknown_B
#
# <colnr> <probs for GDERKNQSTAVLIFYWHMCP>
#	G	D	E	R	K	N	Q	S	T	A	V	L	I	F	Y	W	H	M	C	P
0	0.06525	0.04382	0.03179	0.00895	0.01285	0.01051	0.00747	0.24461	0.05381	0.04472	0.07345	0.01376	0.01154	0.00537	0.00440	0.00122	0.00436	0.00419	0.02358	0.33435
1	0.02402	0.00471	0.00575	0.00645	0.00675	0.00453	0.00413	0.00731	0.00894	0.01209	0.02424	0.51016	0.05448	0.28742	0.01287	0.00299	0.00360	0.01164	0.00411	0.00379
2	0.00758	0.00506	0.00669	0.00691	0.00784	0.00469	0.00501	0.00928	0.01217	0.05537	0.38701	0.35608	0.03866	0.02736	0.00653	0.00188	0.00287	0.04921	0.00515	0.00465
3	0.01373	0.59703	0.09122	0.00997	0.01411	0.07878	0.00983	0.05112	0.01107	0.01325	0.00748	0.00882	0.00659	0.00485	0.00453	0.00125	0.06444	0.00305	0.00233	0.00656
4	0.01641	0.01364	0.14392	0.01109	0.01517	0.01195	0.01016	0.20663	0.23303	0.22704	0.01586	0.01510	0.01113	0.00624	0.00551	0.00163	0.03769	0.00488	0.00480	0.00812
5	0.00708	0.00511	0.00669	0.00642	0.00754	0.00472	0.00477	0.00934	0.01394	0.01969	0.72697	0.10057	0.04657	0.01078	0.00600	0.00163	0.00243	0.00957	0.00550	0.00472
6	0.02007	0.00918	0.01167	0.00927	0.01289	0.00870	0.00755	0.06475	0.15317	0.58339	0.04999	0.01805	0.01422	0.00652	0.00513	0.00159	0.00424	0.00533	0.00597	0.00835
7	0.01129	0.28387	0.44195	0.07687	0.02028	0.01445	0.05559	0.01549	0.01057	0.01444	0.00847	0.01023	0.00653	0.00464	0.00438	0.00144	0.00680	0.00358	0.00218	0.00697
8	0.01659	0.01943	0.01443	0.18373	0.01963	0.53258	0.01058	0.07602	0.05331	0.01442	0.00905	0.01078	0.00718	0.00533	0.00473	0.00142	0.00808	0.00375	0.00284	0.00613
9	0.00621	0.00446	0.00591	0.00706	0.00741	0.00416	0.00477	0.00715	0.00978	0.01299	0.02842	0.77795	0.05210	0.01571	0.00646	0.00205	0.00297	0.03560	0.00469	0.00413
10	0.00621	0.00444	0.00591	0.00701	0.00735	0.00414	0.00470	0.00717	0.00991	0.01328	0.06582	0.77999	0.03416	0.01557	0.00643	0.00203	0.00291	0.01411	0.00474	0.00414
11	0.01352	0.82533	0.02650	0.00865	0.01298	0.02001	0.00865	0.01514	0.01027	0.01190	0.00703	0.00811	0.00649	0.00433	0.00324	0.00108	0.00541	0.00270	0.00216	0.00649
12	0.00955	0.00899	0.01517	0.81013	0.03483	0.01123	0.01404	0.01292	0.01011	0.01292	0.00899	0.01348	0.00674	0.00506	0.00506	0.00169	0.00674	0.00449	0.00225	0.00562
13	0.00616	0.00440	0.00587	0.00704	0.00733	0.00411	0.00469	0.00704	0.00968	0.01291	0.02787	0.81899	0.03344	0.01584	0.00645	0.00205	0.00293	0.01438	0.00469	0.00411
14	0.01043	0.04960	0.49656	0.07977	0.05915	0.01180	0.14682	0.01528	0.01082	0.01551	0.01017	0.05267	0.00811	0.00526	0.00506	0.00163	0.00722	0.00472	0.00237	0.00703
15	0.01352	0.82533	0.02650	0.00865	0.01298	0.02001	0.00865	0.01514	0.01027	0.01190	0.00703	0.00811	0.00649	0.00433	0.00324	0.00108	0.00541	0.00270	0.00216	0.00649
16	0.00894	0.00478	0.00482	0.00481	0.00605	0.00466	0.00361	0.01117	0.01083	0.01827	0.04389	0.02302	0.10766	0.00686	0.00390	0.00125	0.00238	0.00557	0.72285	0.00466
17	0.01165	0.01101	0.01833	0.19072	0.55993	0.01154	0.01435	0.01524	0.04792	0.01617	0.04659	0.01421	0.00997	0.00501	0.00507	0.00155	0.00589	0.00478	0.00272	0.00736
18	0.01206	0.01106	0.01795	0.31897	0.45231	0.03287	0.01443	0.01511	0.01121	0.05169	0.00976	0.01300	0.00771	0.00481	0.00502	0.00157	0.00628	0.00449	0.00259	0.00709
19	0.01481	0.04375	0.01425	0.08691	0.05273	0.01222	0.04806	0.11126	0.38181	0.15348	0.01680	0.01629	0.01221	0.00615	0.00508	0.00163	0.00488	0.00519	0.00468	0.00783
20	0.00735	0.00490	0.00552	0.00552	0.00552	0.00490	0.00306	0.00735	0.00735	0.00980	0.01593	0.03309	0.01838	0.82229	0.02574	0.00490	0.00490	0.00735	0.00306	0.00306
21	0.01086	0.01086	0.07976	0.01010	0.07554	0.00784	0.00796	0.03382	0.01094	0.01686	0.00912	0.01071	0.00747	0.00396	0.00397	0.00090	0.00430	0.00322	0.00294	0.68886
22	0.01288	0.01066	0.01212	0.07503	0.04212	0.01204	0.00862	0.16719	0.44831	0.02205	0.08888	0.01971	0.04393	0.00701	0.00522	0.00166	0.00439	0.00584	0.00482	0.00750
23	0.02040	0.00823	0.01109	0.00870	0.01223	0.00725	0.00711	0.02278	0.03752	0.67204	0.11818	0.01989	0.01711	0.00680	0.00520	0.00157	0.00405	0.00562	0.00614	0.00810
24	0.00629	0.00455	0.00587	0.00676	0.00723	0.00421	0.00456	0.00729	0.01013	0.01347	0.09505	0.65425	0.09471	0.05120	0.00724	0.00211	0.00294	0.01331	0.00470	0.00413
25	0.01036	0.00756	0.00662	0.00627	0.00777	0.10270	0.00472	0.04281	0.01209	0.01817	0.11691	0.02263	0.08371	0.02067	0.00462	0.00137	0.00338	0.00566	0.51705	0.00495
26	0.00638	0.00454	0.00603	0.00708	0.00746	0.00428	0.00483	0.00738	0.00994	0.01329	0.06612	0.70151	0.03329	0.04888	0.00726	0.00216	0.00309	0.05768	0.00467	0.00413
27	0.85801	0.00978	0.00743	0.00665	0.00978	0.01134	0.00548	0.01486	0.00861	0.02269	0.00704	0.00821	0.00548	0.00469	0.00313	0.00156	0.00391	0.00274	0.00313	0.00548
28	0.85801	0.00978	0.00743	0.00665	0.00978	0.01134	0.00548	0.01486	0.00861	0.02269	0.00704	0.00821	0.00548	0.00469	0.00313	0.00156	0.00391	0.00274	0.00313	0.00548
29	0.02053	0.01207	0.01388	0.01064	0.01464	0.01257	0.00879	0.49128	0.02027	0.31943	0.01509	0.01405	0.01008	0.00614	0.00507	0.00154	0.00509	0.00475	0.00551	0.00860
30	0.15842	0.00722	0.00807	0.00773	0.00941	0.00745	0.00571	0.12161	0.01186	0.09687	0.02029	0.42250	0.02175	0.06902	0.00691	0.00204	0.00377	0.00947	0.00452	0.00538
31	0.18776	0.17097	0.26985	0.05023	0.02992	0.01309	0.11325	0.01623	0.02400	0.06747	0.00933	0.01080	0.00699	0.00476	0.00435	0.00151	0.00616	0.00380	0.00274	0.00679
32	0.01828	0.00933	0.01305	0.01079	0.04409	0.00897	0.04430	0.08283	0.01362	0.47596	0.01608	0.01578	0.01102	0.00919	0.08408	0.00220	0.06323	0.00490	0.00497	0.06731
33	0.00684	0.00531	0.00624	0.00598	0.00742	0.00479	0.00449	0.00912	0.03523	0.01765	0.47059	0.04160	0.34389	0.01123	0.00595	0.00164	0.00250	0.00966	0.00521	0.00466
34	0.01201	0.00979	0.01530	0.42714	0.09209	0.03878	0.07034	0.01545	0.04007	0.11893	0.03673	0.01821	0.01109	0.00606	0.00529	0.00169	0.00617	0.06530	0.00325	0.00631

[dist]
# distance from previous block
# <min> <max>
3	6

[block]
# block no. 2 follows, 49 sequences, length 26
# corresponding to MSA columns:
# 234-259
name=unknown_C
#
# <colnr> <probs for GDERKNQSTAVLIFYWHMCP>
#	G	D	E	R	K	N	Q	S	T	A	V	L	I	F	Y	W	H	M	C	P
0	0.11829	0.00981	0.01464	0.41866	0.05388	0.02564	0.07280	0.02803	0.01029	0.01519	0.00981	0.05343	0.00824	0.00572	0.00571	0.00165	0.06744	0.00478	0.01653	0.05948
1	0.67460	0.01211	0.12845	0.00791	0.01167	0.01107	0.00754	0.01519	0.00929	0.04641	0.03215	0.00980	0.00716	0.00494	0.00354	0.00157	0.00442	0.00317	0.00315	0.00586
2	0.01121	0.01002	0.01517	0.68032	0.03173	0.06110	0.02972	0.01436	0.01076	0.07359	0.00979	0.01350	0.00719	0.00514	0.00505	0.00165	0.00674	0.00449	0.00259	0.00589
3	0.64192	0.07135	0.00973	0.04792	0.01163	0.01143	0.00629	0.01513	0.00926	0.06077	0.00796	0.00912	0.00614	0.00469	0.00339	0.00147	0.00418	0.00297	0.00316	0.07150
4	0.54244	0.07262	0.02977	0.01926	0.01178	0.04604	0.00691	0.06458	0.01092	0.14127	0.00947	0.01002	0.00693	0.00503	0.00369	0.00152	0.00454	0.00329	0.00360	0.00630
5	0.00688	0.00560	0.00615	0.00597	0.00761	0.00509	0.00453	0.00951	0.07209	0.01619	0.26207	0.04337	0.49726	0.01165	0.00593	0.00169	0.00267	0.02604	0.00498	0.00471
6	0.01053	0.04207	0.57781	0.07777	0.06300	0.01206	0.11502	0.01575	0.01083	0.01572	0.00919	0.01131	0.00668	0.00473	0.00495	0.00160	0.00743	0.00410	0.00222	0.00725
7	0.01196	0.01287	0.08751	0.08999	0.55396	0.01223	0.01487	0.01579	0.05807	0.01613	0.00988	0.01271	0.00811	0.00506	0.00590	0.00159	0.06870	0.00450	0.00259	0.00758
8	0.00644	0.00467	0.00607	0.00685	0.00744	0.00433	0.00477	0.00767	0.01070	0.01434	0.16639	0.57196	0.09272	0.02896	0.00670	0.00201	0.00292	0.04602	0.00482	0.00424
9	0.00696	0.00574	0.00618	0.00603	0.00767	0.00535	0.00451	0.00976	0.09557	0.01508	0.13828	0.05856	0.53098	0.04364	0.04126	0.00210	0.00327	0.00966	0.00471	0.00470
10	0.00958	0.00768	0.01076	0.01027	0.01163	0.00850	0.04148	0.07264	0.01236	0.01681	0.14188	0.04018	0.02541	0.01141	0.00835	0.00210	0.15023	0.40918	0.00430	0.00525
11	0.00774	0.00562	0.00758	0.00831	0.00953	0.00546	0.00705	0.00998	0.01218	0.01605	0.18516	0.05229	0.10537	0.01311	0.00668	0.00212	0.00399	0.53231	0.00485	0.00464
12	0.01374	0.79419	0.02606	0.00877	0.01308	0.01984	0.00869	0.04427	0.01079	0.01266	0.00723	0.00827	0.00657	0.00439	0.00331	0.00110	0.00541	0.00277	0.00227	0.00657
13	0.01128	0.00820	0.00960	0.00912	0.01134	0.00864	0.00724	0.02822	0.33204	0.09393	0.02355	0.15377	0.04886	0.00992	0.00573	0.00185	0.00397	0.18091	0.00495	0.04687
14	0.01922	0.01416	0.01518	0.01163	0.01568	0.01568	0.00961	0.77388	0.02378	0.03187	0.01214	0.01214	0.00860	0.00607	0.00506	0.00152	0.00556	0.00455	0.00506	0.00860
15	0.01080	0.01107	0.11696	0.07175	0.01570	0.02478	0.10167	0.05296	0.01064	0.06797	0.02414	0.04677	0.01919	0.06115	0.19655	0.02849	0.08200	0.00540	0.00306	0.04895
16	0.01476	0.59942	0.07526	0.00906	0.01353	0.01678	0.00902	0.01675	0.01104	0.14750	0.00947	0.00995	0.00756	0.00467	0.00369	0.00119	0.00529	0.00320	0.00290	0.03897
17	0.00815	0.00582	0.00815	0.00931	0.01048	0.00582	0.00815	0.01048	0.01164	0.01513	0.02677	0.05704	0.02910	0.01397	0.00698	0.00233	0.00466	0.75671	0.00466	0.00466
18	0.00657	0.00492	0.00612	0.00642	0.00743	0.00447	0.00467	0.00817	0.01192	0.01590	0.31337	0.30984	0.22252	0.01299	0.00618	0.00181	0.00272	0.04454	0.00501	0.00442
19	0.01256	0.17381	0.07581	0.14889	0.29931	0.08322	0.10639	0.01555	0.01128	0.01459	0.00885	0.01151	0.00722	0.00461	0.00473	0.00146	0.00669	0.00416	0.00238	0.00695
20	0.01121	0.00802	0.01209	0.22413	0.12227	0.00844	0.02177	0.05543	0.01149	0.12465	0.04041	0.23035	0.01717	0.07052	0.01757	0.00206	0.00507	0.00761	0.00383	0.00591
21	0.01134	0.00682	0.00769	0.00688	0.00872	0.00681	0.00524	0.14550	0.01263	0.05869	0.01648	0.14221	0.01462	0.00832	0.00571	0.07257	0.00339	0.00606	0.39079	0.06952
22	0.01295	0.01030	0.04797	0.24622	0.21151	0.01004	0.08187	0.01582	0.01141	0.17300	0.01295	0.01774	0.01039	0.06742	0.00679	0.00189	0.00601	0.04561	0.00334	0.00675
23	0.07724	0.21927	0.21228	0.10870	0.01827	0.09457	0.02570	0.11445	0.01254	0.02869	0.01040	0.01176	0.03533	0.00522	0.00440	0.00144	0.00631	0.00387	0.00282	0.00672
24	0.01511	0.02221	0.01265	0.06465	0.05385	0.01029	0.00864	0.14439	0.09066	0.23447	0.02967	0.10354	0.01377	0.00744	0.00626	0.00164	0.08228	0.02265	0.00457	0.07127
25	0.07598	0.07071	0.24010	0.07809	0.04229	0.01169	0.06234	0.04446	0.05711	0.08482	0.01208	0.06783	0.01003	0.00733	0.03155	0.00188	0.07662	0.01521	0.00315	0.00672

[dist]
# distance from previous block
# <min> <max>
0	38

[block]
# block no. 3 follows, 49 sequences, length 44
# corresponding to MSA columns:
# 298-341
name=unknown_D
#
# <colnr> <probs for GDERKNQSTAVLIFYWHMCP>
#	G	D	E	R	K	N	Q	S	T	A	V	L	I	F	Y	W	H	M	C	P
0	0.11454	0.19530	0.05231	0.02285	0.08107	0.14811	0.00966	0.06409	0.11771	0.04742	0.01051	0.02504	0.00858	0.00569	0.00537	0.00149	0.07635	0.00400	0.00318	0.00672
1	0.05059	0.22143	0.09232	0.01204	0.07115	0.11174	0.05054	0.07970	0.05030	0.01654	0.00921	0.01050	0.00746	0.00465	0.00418	0.00124	0.00579	0.00355	0.00288	0.19420
2	0.06811	0.07316	0.09602	0.03823	0.03705	0.26692	0.09466	0.11936	0.02627	0.07646	0.02359	0.01176	0.00829	0.00565	0.00521	0.02832	0.00695	0.00410	0.00323	0.00668
3	0.00808	0.00658	0.00743	0.00701	0.00893	0.00623	0.00531	0.01194	0.15000	0.01617	0.14122	0.13677	0.28167	0.03750	0.00632	0.00176	0.00318	0.04950	0.00464	0.10977
4	0.00999	0.06107	0.55733	0.10174	0.03501	0.01152	0.02949	0.01485	0.01035	0.01501	0.00949	0.01196	0.00719	0.00846	0.09316	0.00231	0.00796	0.00401	0.00223	0.00689
5	0.01066	0.00904	0.00966	0.00899	0.01112	0.04210	0.00699	0.01926	0.42314	0.01899	0.16784	0.02554	0.04623	0.01111	0.08364	0.00232	0.00477	0.05377	0.03835	0.00649
6	0.01263	0.01096	0.04047	0.01087	0.01318	0.02671	0.05671	0.27068	0.01508	0.02071	0.13635	0.07908	0.03963	0.04684	0.00863	0.00189	0.16490	0.01737	0.02097	0.00632
7	0.00842	0.00660	0.00843	0.00802	0.00840	0.03027	0.00583	0.00901	0.00780	0.01081	0.01255	0.02231	0.01309	0.30956	0.28493	0.09942	0.14213	0.00577	0.00269	0.00395
8	0.00763	0.00561	0.00699	0.00701	0.00812	0.00550	0.00517	0.01053	0.09724	0.01686	0.35911	0.20190	0.09615	0.03622	0.00758	0.06069	0.00305	0.05503	0.00490	0.00471
9	0.00823	0.09675	0.01021	0.00733	0.00933	0.00695	0.04322	0.01052	0.01324	0.01831	0.54564	0.03234	0.10225	0.00913	0.00551	0.00149	0.00313	0.00798	0.00479	0.06366
10	0.61978	0.00966	0.00841	0.00728	0.01051	0.01072	0.00593	0.01684	0.09495	0.08873	0.00995	0.01050	0.00745	0.00502	0.00357	0.00152	0.00392	0.00332	0.01732	0.06460
11	0.01371	0.67841	0.02422	0.09750	0.01540	0.01817	0.00917	0.01555	0.01055	0.06608	0.00814	0.00934	0.00693	0.00454	0.00357	0.00118	0.00548	0.00307	0.00246	0.00654
12	0.01174	0.02510	0.65547	0.01407	0.02076	0.09960	0.01707	0.06886	0.01199	0.01671	0.00915	0.01060	0.00657	0.00494	0.00479	0.00156	0.00752	0.00374	0.00239	0.00737
13	0.01014	0.02616	0.79609	0.01441	0.02189	0.01174	0.01868	0.01601	0.01068	0.01601	0.00907	0.01068	0.00641	0.00480	0.00480	0.00160	0.00747	0.00374	0.00214	0.00747
14	0.00878	0.00686	0.00735	0.00709	0.00788	0.04569	0.00478	0.03468	0.09474	0.01304	0.06967	0.07342	0.01932	0.46272	0.11884	0.00429	0.00585	0.00716	0.00356	0.00429
15	0.00615	0.00443	0.00584	0.00696	0.00731	0.00411	0.00466	0.00705	0.00976	0.01294	0.02884	0.78714	0.06467	0.01572	0.00643	0.00204	0.00292	0.01422	0.00469	0.00411
16	0.01052	0.00911	0.01099	0.00785	0.01236	0.00690	0.02596	0.01282	0.01052	0.01647	0.00902	0.01057	0.00749	0.00376	0.00380	0.00077	0.00387	0.00307	0.00298	0.83115
17	0.00651	0.00502	0.00591	0.00611	0.00731	0.00449	0.00450	0.00803	0.01177	0.01525	0.24175	0.20238	0.36536	0.03845	0.00676	0.00189	0.00279	0.05649	0.00488	0.00436
18	0.03806	0.01266	0.09259	0.08827	0.47758	0.01130	0.05921	0.01668	0.01168	0.12707	0.01088	0.01303	0.00830	0.00482	0.00500	0.00155	0.00605	0.00455	0.00300	0.00771
19	0.01064	0.06039	0.51405	0.01200	0.01839	0.01061	0.01427	0.01517	0.01067	0.03000	0.00914	0.01061	0.00684	0.00450	0.00442	0.00133	0.00622	0.00349	0.00246	0.25480
20	0.23755	0.01465	0.03729	0.01037	0.01396	0.15672	0.00859	0.34921	0.01680	0.07788	0.01055	0.01099	0.00769	0.00552	0.00443	0.00149	0.00569	0.00386	0.01956	0.00718
21	0.01849	0.01380	0.01476	0.01149	0.01540	0.01534	0.00943	0.69109	0.10776	0.03068	0.01308	0.01289	0.00936	0.00616	0.00507	0.00154	0.00539	0.00468	0.00507	0.00853
22	0.00866	0.00615	0.00947	0.00856	0.01010	0.00580	0.08694	0.01063	0.01183	0.08305	0.29008	0.28255	0.05103	0.01423	0.09430	0.00248	0.00462	0.00976	0.00469	0.00507
23	0.01336	0.78791	0.06253	0.00892	0.01340	0.01962	0.00912	0.01518	0.01029	0.01209	0.00713	0.00823	0.00649	0.00435	0.00332	0.00111	0.00550	0.00275	0.00216	0.00654
24	0.00906	0.00531	0.00703	0.00737	0.00842	0.00490	0.00527	0.01053	0.02446	0.13906	0.09295	0.56742	0.05035	0.01354	0.00617	0.00193	0.00316	0.03307	0.00503	0.00497
25	0.00725	0.00523	0.00655	0.00618	0.00753	0.00473	0.00465	0.00942	0.01380	0.03446	0.63533	0.03939	0.18523	0.01072	0.00595	0.00161	0.00246	0.00935	0.00542	0.00475
26	0.00636	0.00513	0.00567	0.00566	0.00716	0.00444	0.00426	0.00794	0.01216	0.01535	0.23573	0.07838	0.54391	0.01235	0.00603	0.00171	0.00260	0.03585	0.00491	0.00440
27	0.01961	0.01355	0.01479	0.01134	0.01537	0.01477	0.00937	0.69085	0.02274	0.11636	0.01301	0.01270	0.00903	0.00609	0.00506	0.00152	0.00542	0.00461	0.00519	0.00860
28	0.01117	0.00640	0.00658	0.00595	0.00764	0.00667	0.00462	0.14780	0.01296	0.02118	0.01572	0.01765	0.01218	0.00592	0.00381	0.00124	0.00293	0.00468	0.69949	0.00541
29	0.00616	0.00440	0.00587	0.00704	0.00733	0.00411	0.00469	0.00704	0.00968	0.01291	0.02787	0.81899	0.03344	0.01584	0.00645	0.00205	0.00293	0.01438	0.00469	0.00411
30	0.85801	0.00978	0.00743	0.00665	0.00978	0.01134	0.00548	0.01486	0.00861	0.02269	0.00704	0.00821	0.00548	0.00469	0.00313	0.00156	0.00391	0.00274	0.00313	0.00548
31	0.00616	0.00440	0.00587	0.00704	0.00733	0.00411	0.00469	0.00704	0.00968	0.01291	0.02787	0.81899	0.03344	0.01584	0.00645	0.00205	0.00293	0.01438	0.00469	0.00411
32	0.01106	0.01106	0.01549	0.01328	0.01328	0.01549	0.01106	0.01217	0.00774	0.01217	0.00664	0.01106	0.00664	0.00885	0.01659	0.00221	0.81303	0.00443	0.00221	0.00553
33	0.00878	0.00439	0.00659	0.00659	0.00659	0.00439	0.00439	0.00659	0.00659	0.00878	0.00878	0.01537	0.00878	0.01757	0.01976	0.85288	0.00439	0.00439	0.00220	0.00220
34	0.01075	0.00867	0.00953	0.00865	0.01098	0.00946	0.00668	0.02011	0.47229	0.04448	0.22379	0.02704	0.10945	0.00841	0.00545	0.00168	0.00343	0.00714	0.00524	0.00677
35	0.01889	0.02410	0.01433	0.01303	0.01563	0.80199	0.00977	0.02019	0.01433	0.01238	0.00782	0.00912	0.00651	0.00521	0.00456	0.00130	0.00912	0.00326	0.00261	0.00586
36	0.01373	0.79356	0.02602	0.00883	0.01308	0.05101	0.00870	0.01534	0.01044	0.01192	0.00706	0.00815	0.00649	0.00436	0.00330	0.00109	0.00555	0.00273	0.00218	0.00646
37	0.00638	0.00457	0.00606	0.00689	0.00738	0.00425	0.00471	0.00759	0.01070	0.01453	0.19480	0.64744	0.03658	0.01463	0.00635	0.00195	0.00281	0.01323	0.00489	0.00425
38	0.01049	0.00899	0.01049	0.00749	0.01198	0.00674	0.00599	0.01273	0.01049	0.01648	0.00899	0.01049	0.00749	0.00374	0.00374	0.00075	0.00374	0.00300	0.00300	0.85320
39	0.85801	0.00978	0.00743	0.00665	0.00978	0.01134	0.00548	0.01486	0.00861	0.02269	0.00704	0.00821	0.00548	0.00469	0.00313	0.00156	0.00391	0.00274	0.00313	0.00548
40	0.01963	0.00841	0.01110	0.00872	0.01216	0.00758	0.00712	0.07916	0.01516	0.59674	0.15757	0.02052	0.01855	0.00698	0.00524	0.00157	0.00405	0.00578	0.00604	0.00792
41	0.00793	0.00566	0.00790	0.00906	0.01013	0.00563	0.00777	0.01010	0.01142	0.01489	0.02690	0.14149	0.02958	0.01418	0.00693	0.00230	0.00447	0.67444	0.00466	0.00460
42	0.00972	0.00716	0.00765	0.00697	0.00926	0.00696	0.00540	0.04519	0.18874	0.09470	0.03944	0.03716	0.50117	0.01051	0.00566	0.00169	0.00319	0.00872	0.00497	0.00574
43	0.01230	0.01367	0.02911	0.02083	0.02590	0.01293	0.73461	0.05372	0.01252	0.01697	0.01032	0.01357	0.00772	0.00435	0.00592	0.00170	0.00838	0.00590	0.00268	0.00691

[dist]
# distance from previous block
# <min> <max>
0	16

[block]
# block no. 4 follows, 49 sequences, length 48
# corresponding to MSA columns:
# 358-405
name=unknown_E
#
# <colnr> <probs for GDERKNQSTAVLIFYWHMCP>
#	G	D	E	R	K	N	Q	S	T	A	V	L	I	F	Y	W	H	M	C	P
0	0.03369	0.00747	0.00823	0.00699	0.00922	0.00760	0.00549	0.16813	0.01371	0.16222	0.01598	0.01792	0.01219	0.06173	0.00563	0.00158	0.00357	0.00488	0.44767	0.00611
1	0.01126	0.00936	0.01554	0.59651	0.14995	0.01089	0.01352	0.01442	0.01078	0.08930	0.01046	0.01449	0.00791	0.00525	0.00509	0.00166	0.00635	0.01829	0.00272	0.00626
2	0.00787	0.00684	0.01109	0.03863	0.01218	0.00696	0.13256	0.00997	0.04062	0.01377	0.02250	0.55429	0.02557	0.01267	0.00699	0.00199	0.06021	0.02632	0.00410	0.00487
3	0.02257	0.00880	0.01186	0.00909	0.01301	0.00772	0.00751	0.05110	0.01480	0.76733	0.01967	0.01703	0.01238	0.00625	0.00508	0.00156	0.00435	0.00507	0.00622	0.00861
4	0.00621	0.00444	0.00593	0.00710	0.00741	0.00415	0.00478	0.00713	0.00973	0.01296	0.02784	0.79978	0.03334	0.01580	0.00647	0.00206	0.00298	0.03309	0.00469	0.00412
5	0.01184	0.01123	0.01909	0.06707	0.66368	0.01129	0.02792	0.01482	0.01172	0.01670	0.08501	0.01503	0.01179	0.00509	0.00512	0.00152	0.00574	0.00498	0.00279	0.00756
6	0.01049	0.00899	0.01049	0.00749	0.01198	0.00674	0.00599	0.01273	0.01049	0.01648	0.00899	0.01049	0.00749	0.00374	0.00374	0.00075	0.00374	0.00300	0.00300	0.85320
7	0.01352	0.82533	0.02650	0.00865	0.01298	0.02001	0.00865	0.01514	0.01027	0.01190	0.00703	0.00811	0.00649	0.00433	0.00324	0.00108	0.00541	0.00270	0.00216	0.00649
8	0.83876	0.00966	0.00737	0.00661	0.00969	0.01119	0.00543	0.01479	0.00865	0.02260	0.00726	0.00846	0.00565	0.00472	0.00314	0.00156	0.00388	0.00278	0.02234	0.00546
9	0.00624	0.00443	0.00584	0.00694	0.00721	0.00416	0.00458	0.00706	0.00952	0.01270	0.02706	0.76531	0.03242	0.07092	0.00777	0.00225	0.00307	0.01390	0.00458	0.00404
10	0.00731	0.00489	0.00553	0.00557	0.00558	0.00488	0.00312	0.00734	0.00743	0.00991	0.01634	0.05980	0.01890	0.79488	0.02508	0.00481	0.00484	0.00759	0.00312	0.00310
11	0.00616	0.00440	0.00587	0.00704	0.00733	0.00411	0.00469	0.00704	0.00968	0.01291	0.02787	0.81899	0.03344	0.01584	0.00645	0.00205	0.00293	0.01438	0.00469	0.00411
12	0.09305	0.00924	0.01170	0.00905	0.01291	0.00856	0.00748	0.09648	0.01488	0.65500	0.01810	0.01596	0.01154	0.00611	0.00492	0.00156	0.00439	0.00483	0.00588	0.00834
13	0.02066	0.00887	0.01138	0.00889	0.01251	0.00819	0.00729	0.09750	0.04548	0.61303	0.01887	0.01694	0.01229	0.00623	0.00493	0.00153	0.00423	0.00502	0.08796	0.00820
14	0.00643	0.00526	0.00576	0.00598	0.00757	0.00459	0.00472	0.00795	0.01161	0.01411	0.06376	0.05007	0.62077	0.01298	0.00618	0.00183	0.00297	0.15841	0.00471	0.00436
15	0.00663	0.00463	0.00587	0.00661	0.00684	0.00448	0.00427	0.00727	0.00889	0.01187	0.02339	0.51628	0.02764	0.28574	0.03964	0.00321	0.00398	0.02491	0.00408	0.00378
16	0.85801	0.00978	0.00743	0.00665	0.00978	0.01134	0.00548	0.01486	0.00861	0.02269	0.00704	0.00821	0.00548	0.00469	0.00313	0.00156	0.00391	0.00274	0.00313	0.00548
17	0.85801	0.00978	0.00743	0.00665	0.00978	0.01134	0.00548	0.01486	0.00861	0.02269	0.00704	0.00821	0.00548	0.00469	0.00313	0.00156	0.00391	0.00274	0.00313	0.00548
18	0.01139	0.09259	0.60085	0.01361	0.01992	0.08925	0.01633	0.01660	0.03812	0.01536	0.00910	0.01061	0.00675	0.00501	0.00506	0.00155	0.03472	0.00370	0.00229	0.00719
19	0.01258	0.01086	0.01143	0.01029	0.01315	0.01258	0.00800	0.02687	0.78161	0.02115	0.02058	0.01887	0.01544	0.00686	0.00515	0.00172	0.00400	0.00572	0.00515	0.00800
20	0.00616	0.00440	0.00587	0.00704	0.00733	0.00411	0.00469	0.00704	0.00968	0.01291	0.02787	0.81899	0.03344	0.01584	0.00645	0.00205	0.00293	0.01438	0.00469	0.00411
21	0.01184	0.01177	0.02137	0.17626	0.49518	0.01202	0.16653	0.01516	0.01133	0.01578	0.00956	0.01292	0.00770	0.00456	0.00521	0.00158	0.00665	0.00480	0.00247	0.00732
22	0.01014	0.02616	0.79609	0.01441	0.02189	0.01174	0.01868	0.01601	0.01068	0.01601	0.00907	0.01068	0.00641	0.00480	0.00480	0.00160	0.00747	0.00374	0.00214	0.00747
23	0.00616	0.00440	0.00587	0.00704	0.00733	0.00411	0.00469	0.00704	0.00968	0.01291	0.02787	0.81899	0.03344	0.01584	0.00645	0.00205	0.00293	0.01438	0.00469	0.00411
24	0.00955	0.00899	0.01517	0.81013	0.03483	0.01123	0.01404	0.01292	0.01011	0.01292	0.00899	0.01348	0.00674	0.00506	0.00506	0.00169	0.00674	0.00449	0.00225	0.00562
25	0.00764	0.00546	0.00584	0.00562	0.00750	0.00460	0.00429	0.00900	0.01177	0.08938	0.04716	0.06481	0.68045	0.01227	0.00592	0.00171	0.00278	0.02426	0.00485	0.00469
26	0.02231	0.00921	0.01211	0.00928	0.01321	0.00832	0.00767	0.10557	0.01548	0.71190	0.01911	0.01666	0.01209	0.00624	0.00508	0.00156	0.00444	0.00503	0.00613	0.00861
27	0.00943	0.00471	0.00471	0.00471	0.00589	0.00471	0.00353	0.01178	0.01060	0.01885	0.01650	0.01885	0.01296	0.00589	0.00353	0.00118	0.00236	0.00471	0.85036	0.00471
28	0.01403	0.01070	0.01188	0.01037	0.01322	0.01222	0.00820	0.05220	0.60156	0.12188	0.01925	0.01788	0.01421	0.00689	0.00592	0.00172	0.05935	0.00550	0.00509	0.00793
29	0.00681	0.00498	0.00611	0.00628	0.00739	0.00447	0.00454	0.00840	0.01205	0.03132	0.32212	0.29151	0.25007	0.01272	0.00611	0.00177	0.00265	0.01117	0.00506	0.00449
30	0.02269	0.00861	0.01174	0.00900	0.01291	0.00743	0.00743	0.02464	0.01447	0.79425	0.01995	0.01721	0.01252	0.00626	0.00509	0.00156	0.00430	0.00509	0.00626	0.00861
31	0.01160	0.01502	0.12989	0.01951	0.02437	0.01295	0.58841	0.01573	0.01131	0.01573	0.00968	0.01296	0.00739	0.00484	0.00699	0.00175	0.09715	0.00550	0.00246	0.00676
32	0.00859	0.00688	0.01024	0.01013	0.01177	0.00688	0.08609	0.01202	0.08607	0.01544	0.02571	0.15715	0.05995	0.01250	0.00658	0.00214	0.00465	0.46762	0.00449	0.00511
33	0.01037	0.02478	0.72087	0.01603	0.09646	0.01177	0.01838	0.01597	0.01076	0.01606	0.00912	0.01085	0.00656	0.00478	0.00482	0.00159	0.00733	0.00381	0.00217	0.00753
34	0.00932	0.00864	0.01448	0.73235	0.03233	0.01076	0.01329	0.01254	0.00992	0.01281	0.00943	0.01410	0.00731	0.00824	0.08237	0.00231	0.00740	0.00458	0.00229	0.00551
35	0.01014	0.02616	0.79609	0.01441	0.02189	0.01174	0.01868	0.01601	0.01068	0.01601	0.00907	0.01068	0.00641	0.00480	0.00480	0.00160	0.00747	0.00374	0.00214	0.00747
36	0.82470	0.00995	0.00774	0.00685	0.01001	0.01152	0.00564	0.04500	0.00921	0.02305	0.00724	0.00837	0.00560	0.00475	0.00321	0.00156	0.00398	0.00281	0.00321	0.00560
37	0.85801	0.00978	0.00743	0.00665	0.00978	0.01134	0.00548	0.01486	0.00861	0.02269	0.00704	0.00821	0.00548	0.00469	0.00313	0.00156	0.00391	0.00274	0.00313	0.00548
38	0.00632	0.00514	0.00560	0.00548	0.00704	0.00442	0.00411	0.00792	0.01234	0.01559	0.26561	0.04550	0.57311	0.01209	0.00597	0.00167	0.00251	0.01023	0.00495	0.00442
39	0.01934	0.01397	0.01505	0.01154	0.01558	0.01539	0.00953	0.74743	0.02345	0.05879	0.01242	0.01232	0.00874	0.00608	0.00506	0.00152	0.00552	0.00457	0.00510	0.00860
40	0.01167	0.00895	0.01061	0.00764	0.01207	0.00681	0.00613	0.01389	0.01087	0.09191	0.01005	0.01114	0.00798	0.00399	0.00387	0.00083	0.00380	0.00320	0.00331	0.77128
41	0.00945	0.00882	0.01469	0.74914	0.03282	0.01100	0.01343	0.01261	0.00995	0.01280	0.00950	0.02838	0.00760	0.03280	0.00606	0.00181	0.02654	0.00476	0.00232	0.00550
42	0.00694	0.00507	0.00658	0.00683	0.00785	0.00471	0.00515	0.00884	0.01252	0.01707	0.41782	0.23149	0.11671	0.01245	0.00623	0.00182	0.00287	0.11937	0.00513	0.00454
43	0.01922	0.01416	0.01518	0.01163	0.01568	0.01568	0.00961	0.77388	0.02378	0.03187	0.01214	0.01214	0.00860	0.00607	0.00506	0.00152	0.00556	0.00455	0.00506	0.00860
44	0.01049	0.00899	0.01049	0.00749	0.01198	0.00674	0.00599	0.01273	0.01049	0.01648	0.00899	0.01049	0.00749	0.00374	0.00374	0.00075	0.00374	0.00300	0.00300	0.85320
45	0.00624	0.00443	0.00584	0.00694	0.00721	0.00416	0.00458	0.00706	0.00952	0.01270	0.02706	0.76531	0.03242	0.07092	0.00777	0.00225	0.00307	0.01390	0.00458	0.00404
46	0.02190	0.00886	0.01179	0.00908	0.01291	0.00790	0.00749	0.07528	0.01510	0.71459	0.04680	0.01760	0.01350	0.00639	0.00511	0.00156	0.00432	0.00519	0.00615	0.00847
47	0.01169	0.01307	0.02744	0.07441	0.02573	0.01294	0.64674	0.01558	0.01140	0.01558	0.00980	0.01338	0.00751	0.00476	0.00694	0.00175	0.08643	0.00572	0.00250	0.00661

[dist]
# distance from previous block
# <min> <max>
0	17

[block]
# block no. 5 follows, 49 sequences, length 33
# corresponding to MSA columns:
# 423-455
name=unknown_F
#
# <colnr> <probs for GDERKNQSTAVLIFYWHMCP>
#	G	D	E	R	K	N	Q	S	T	A	V	L	I	F	Y	W	H	M	C	P
0	0.00716	0.00517	0.00676	0.00636	0.00755	0.00477	0.00477	0.00954	0.01431	0.02028	0.78808	0.03777	0.04771	0.01034	0.00596	0.00159	0.00239	0.00914	0.00557	0.00477
1	0.01013	0.00930	0.01517	0.76206	0.03367	0.01150	0.01378	0.05874	0.01093	0.01406	0.00918	0.01340	0.00685	0.00512	0.00506	0.00168	0.00667	0.00450	0.00242	0.00580
2	0.01352	0.82533	0.02650	0.00865	0.01298	0.02001	0.00865	0.01514	0.01027	0.01190	0.00703	0.00811	0.00649	0.00433	0.00324	0.00108	0.00541	0.00270	0.00216	0.00649
3	0.02154	0.00827	0.01113	0.00863	0.01230	0.00720	0.00709	0.02353	0.01414	0.72715	0.01965	0.01735	0.01256	0.00623	0.00495	0.00153	0.00413	0.00505	0.07930	0.00827
4	0.85801	0.00978	0.00743	0.00665	0.00978	0.01134	0.00548	0.01486	0.00861	0.02269	0.00704	0.00821	0.00548	0.00469	0.00313	0.00156	0.00391	0.00274	0.00313	0.00548
5	0.01892	0.02324	0.01440	0.01291	0.01564	0.73395	0.00976	0.08541	0.01515	0.01406	0.00819	0.00938	0.00669	0.00529	0.00460	0.00132	0.00881	0.00337	0.00282	0.00610
6	0.00616	0.00440	0.00587	0.00704	0.00733	0.00411	0.00469	0.00704	0.00968	0.01291	0.02787	0.81899	0.03344	0.01584	0.00645	0.00205	0.00293	0.01438	0.00469	0.00411
7	0.00616	0.00440	0.00587	0.00704	0.00733	0.00411	0.00469	0.00704	0.00968	0.01291	0.02787	0.81899	0.03344	0.01584	0.00645	0.00205	0.00293	0.01438	0.00469	0.00411
8	0.11423	0.01096	0.01161	0.01020	0.01321	0.01258	0.02768	0.06028	0.63326	0.02171	0.01829	0.01714	0.01372	0.00650	0.00492	0.00169	0.00418	0.00531	0.00483	0.00770
9	0.00955	0.00899	0.01517	0.81013	0.03483	0.01123	0.01404	0.01292	0.01011	0.01292	0.00899	0.01348	0.00674	0.00506	0.00506	0.00169	0.00674	0.00449	0.00225	0.00562
10	0.02269	0.00861	0.01174	0.00900	0.01291	0.00743	0.00743	0.02464	0.01447	0.79425	0.01995	0.01721	0.01252	0.00626	0.00509	0.00156	0.00430	0.00509	0.00626	0.00861
11	0.72426	0.04296	0.07664	0.00761	0.01114	0.03808	0.00688	0.01515	0.00904	0.02135	0.00724	0.00845	0.00563	0.00471	0.00333	0.00154	0.00445	0.00284	0.00299	0.00570
12	0.00704	0.00479	0.00568	0.00598	0.00609	0.00474	0.00358	0.00732	0.00798	0.01066	0.01894	0.23537	0.02210	0.59160	0.04326	0.00426	0.00465	0.00911	0.00347	0.00338
13	0.01672	0.01045	0.01189	0.00991	0.01324	0.01116	0.00793	0.13721	0.39988	0.27089	0.01900	0.01733	0.01341	0.00652	0.00507	0.00162	0.00428	0.00531	0.02997	0.00819
14	0.00614	0.00450	0.00577	0.00678	0.00727	0.00413	0.00458	0.00707	0.00993	0.01301	0.03100	0.71591	0.13450	0.01544	0.00639	0.00201	0.00288	0.01388	0.00469	0.00413
15	0.01055	0.00905	0.01052	0.00758	0.01202	0.00693	0.00606	0.01318	0.03491	0.01663	0.00935	0.01075	0.00774	0.00384	0.00379	0.00078	0.00375	0.00308	0.00306	0.82643
16	0.52917	0.00982	0.00930	0.00783	0.01119	0.01070	0.00642	0.06266	0.07308	0.21884	0.01170	0.01158	0.00825	0.00535	0.00390	0.00157	0.00411	0.00368	0.00420	0.00666
17	0.00713	0.00517	0.00672	0.00633	0.00754	0.00476	0.00475	0.00948	0.01424	0.02010	0.76830	0.03807	0.06760	0.01040	0.00596	0.00159	0.00239	0.00919	0.00554	0.00476
18	0.01352	0.82533	0.02650	0.00865	0.01298	0.02001	0.00865	0.01514	0.01027	0.01190	0.00703	0.00811	0.00649	0.00433	0.00324	0.00108	0.00541	0.00270	0.00216	0.00649
19	0.00711	0.00518	0.00669	0.00635	0.00757	0.00476	0.00479	0.00942	0.01409	0.01977	0.72744	0.03884	0.09193	0.01056	0.00599	0.00161	0.00244	0.02521	0.00549	0.00474
20	0.01335	0.75883	0.04367	0.00954	0.01398	0.01939	0.05486	0.01522	0.01038	0.01225	0.00727	0.00850	0.00656	0.00433	0.00344	0.00113	0.00564	0.00292	0.00219	0.00653
21	0.01082	0.12385	0.46410	0.06960	0.02000	0.01241	0.05708	0.05433	0.03712	0.01606	0.01306	0.01435	0.07462	0.00556	0.00481	0.00156	0.00658	0.00449	0.00264	0.00698
22	0.00722	0.00545	0.00761	0.00752	0.00839	0.00606	0.00570	0.00879	0.00886	0.01243	0.08405	0.02535	0.08569	0.12589	0.55001	0.00645	0.03056	0.00642	0.00316	0.00437
23	0.01103	0.01021	0.01177	0.01064	0.03706	0.07802	0.07310	0.01858	0.34463	0.01916	0.26012	0.02482	0.06358	0.00781	0.00546	0.00163	0.00432	0.00682	0.00473	0.00651
24	0.00723	0.00523	0.00686	0.00663	0.00783	0.00486	0.00508	0.00959	0.01399	0.01963	0.69752	0.03990	0.06148	0.01075	0.00606	0.00167	0.00261	0.08286	0.00546	0.00475
25	0.01168	0.01130	0.01713	0.27446	0.36983	0.06795	0.03944	0.01460	0.01106	0.01510	0.00974	0.01311	0.00786	0.00501	0.00535	0.00155	0.03790	0.00448	0.07579	0.00667
26	0.00722	0.00542	0.00813	0.00813	0.00903	0.00632	0.00632	0.00903	0.00813	0.01174	0.01354	0.01987	0.01264	0.03792	0.80225	0.00813	0.01354	0.00542	0.00271	0.00451
27	0.08757	0.06632	0.05652	0.08459	0.13910	0.18496	0.01032	0.10365	0.01298	0.04778	0.00932	0.01089	0.00732	0.00485	0.00442	0.00133	0.00610	0.00369	0.00304	0.15527
28	0.01821	0.07356	0.01557	0.02625	0.01544	0.02961	0.00938	0.65890	0.02181	0.02916	0.01181	0.01209	0.00855	0.00590	0.00485	0.00147	0.00551	0.00440	0.03935	0.00818
29	0.04936	0.00869	0.01143	0.00873	0.01269	0.00748	0.00719	0.02283	0.01378	0.67107	0.01814	0.01607	0.01165	0.00589	0.00485	0.00146	0.00422	0.00475	0.00575	0.11398
30	0.00711	0.00543	0.00719	0.00789	0.00841	0.00564	0.00576	0.00870	0.03599	0.01366	0.05569	0.56882	0.04363	0.02738	0.00764	0.00211	0.07329	0.10672	0.00450	0.00444
31	0.01149	0.25392	0.46165	0.01301	0.01906	0.01392	0.08075	0.01576	0.01068	0.03416	0.00901	0.01067	0.00690	0.00577	0.03138	0.00168	0.00710	0.00372	0.00230	0.00706
32	0.00616	0.00442	0.00584	0.00698	0.00732	0.00411	0.00467	0.00705	0.00974	0.01293	0.02859	0.79516	0.05680	0.01575	0.00644	0.00204	0.00292	0.01426	0.00469	0.00411

[dist]
# distance from previous block
# <min> <max>
0	5

[block]
# block no. 6 follows, 49 sequences, length 18
# corresponding to MSA columns:
# 462-479
name=unknown_G
#
# <colnr> <probs for GDERKNQSTAVLIFYWHMCP>
#	G	D	E	R	K	N	Q	S	T	A	V	L	I	F	Y	W	H	M	C	P
0	0.00638	0.00514	0.00568	0.00554	0.00708	0.00444	0.00416	0.00803	0.01247	0.01591	0.30203	0.04496	0.53649	0.01197	0.00597	0.00167	0.00250	0.01015	0.00499	0.00444
1	0.01024	0.08553	0.42904	0.05912	0.01878	0.01110	0.06315	0.04727	0.01206	0.01713	0.18048	0.01685	0.01570	0.00602	0.00503	0.00156	0.00613	0.00507	0.00305	0.00669
2	0.01278	0.01393	0.01523	0.01322	0.01379	0.18851	0.01078	0.01393	0.00919	0.01221	0.00690	0.01064	0.00661	0.00805	0.01395	0.00201	0.63618	0.00417	0.00230	0.00560
3	0.00641	0.00455	0.00575	0.00661	0.00691	0.00429	0.00430	0.00712	0.00926	0.01226	0.02635	0.60960	0.06591	0.19311	0.01067	0.00266	0.00335	0.01266	0.00434	0.00389
4	0.01020	0.00965	0.01635	0.63874	0.20112	0.01141	0.01437	0.01349	0.01042	0.01371	0.00910	0.01327	0.00702	0.00493	0.00504	0.00164	0.00658	0.00450	0.00230	0.00614
5	0.02881	0.00990	0.02626	0.01059	0.01387	0.00950	0.08858	0.19437	0.04128	0.31143	0.01849	0.19185	0.01559	0.00808	0.00544	0.00168	0.00478	0.00706	0.00509	0.00734
6	0.00921	0.18602	0.01205	0.00903	0.01084	0.00884	0.00806	0.01130	0.01123	0.01429	0.02249	0.09092	0.02438	0.01196	0.00613	0.00204	0.00472	0.54733	0.00411	0.00503
7	0.77725	0.00967	0.00785	0.00688	0.01008	0.01097	0.00567	0.01581	0.00917	0.09728	0.00829	0.00908	0.00616	0.00485	0.00332	0.00156	0.00395	0.00297	0.00343	0.00578
8	0.01207	0.02570	0.62411	0.01411	0.02051	0.18559	0.01672	0.01693	0.01148	0.01521	0.00880	0.01033	0.00643	0.00489	0.00475	0.00154	0.00784	0.00363	0.00224	0.00712
9	0.01170	0.00949	0.01016	0.00910	0.01173	0.01041	0.00716	0.10223	0.45255	0.03805	0.05009	0.02704	0.18637	0.00851	0.00543	0.00171	0.00384	0.04235	0.00505	0.00700
10	0.07433	0.01895	0.01338	0.01161	0.01466	0.51130	0.00896	0.08262	0.01476	0.18665	0.01079	0.01109	0.00794	0.00548	0.00462	0.00139	0.00743	0.00373	0.00364	0.00667
11	0.07327	0.00851	0.01176	0.18481	0.01707	0.00835	0.00851	0.02060	0.01288	0.52194	0.01647	0.01591	0.01082	0.00587	0.00485	0.00157	0.00469	0.00478	0.05986	0.00749
12	0.00698	0.00531	0.00617	0.00688	0.00726	0.03407	0.00453	0.00779	0.00970	0.01278	0.08378	0.55499	0.03024	0.19243	0.01059	0.00262	0.00355	0.01201	0.00433	0.00399
13	0.00959	0.00806	0.01310	0.07310	0.01467	0.00797	0.18431	0.04656	0.05647	0.04903	0.05164	0.26627	0.09866	0.08731	0.00780	0.00210	0.00490	0.00904	0.00400	0.00543
14	0.01168	0.01238	0.06291	0.01709	0.06998	0.04690	0.41733	0.04691	0.01128	0.01504	0.01039	0.01513	0.00866	0.00772	0.00881	0.18894	0.00715	0.03320	0.00264	0.00587
15	0.00876	0.00806	0.01275	0.57978	0.04392	0.00947	0.01156	0.01162	0.01052	0.01326	0.01910	0.02318	0.17981	0.00715	0.00534	0.00172	0.00571	0.04004	0.00290	0.00533
16	0.02976	0.01512	0.01415	0.19916	0.01948	0.24639	0.01033	0.28848	0.02626	0.01988	0.01174	0.03302	0.03029	0.00614	0.00513	0.00154	0.01855	0.01430	0.00358	0.00670
17	0.01214	0.01091	0.01284	0.04726	0.12026	0.12151	0.05769	0.04232	0.03394	0.06033	0.02751	0.06166	0.01255	0.18545	0.00971	0.00217	0.02289	0.00549	0.00328	0.15009

[dist]
# distance from previous block
# <min> <max>
0	1

[block]
# block no. 7 follows, 49 sequences, length 9
# corresponding to MSA columns:
# 481-489
name=unknown_H
#
# <colnr> <probs for GDERKNQSTAVLIFYWHMCP>
#	G	D	E	R	K	N	Q	S	T	A	V	L	I	F	Y	W	H	M	C	P
0	0.00737	0.00712	0.06085	0.00689	0.00877	0.00569	0.00557	0.00998	0.07095	0.01474	0.10767	0.17223	0.33254	0.09134	0.00775	0.00202	0.00341	0.02626	0.00438	0.05446
1	0.00624	0.00446	0.00594	0.00699	0.00735	0.00416	0.00470	0.00724	0.01004	0.01348	0.08710	0.75813	0.03456	0.01541	0.00642	0.00202	0.00289	0.01397	0.00476	0.00416
2	0.01215	0.01289	0.04184	0.06491	0.31483	0.15481	0.01114	0.01480	0.03022	0.01510	0.01206	0.13144	0.01148	0.00629	0.00493	0.00144	0.00580	0.00550	0.00296	0.14541
3	0.01043	0.00989	0.01676	0.57804	0.26002	0.01147	0.01448	0.01369	0.01053	0.01399	0.00914	0.01319	0.00712	0.00489	0.00504	0.00163	0.00652	0.00450	0.00232	0.00633
4	0.09165	0.34856	0.19419	0.01030	0.01491	0.01554	0.01055	0.06999	0.16731	0.01708	0.01059	0.01115	0.00833	0.00510	0.00409	0.00140	0.00546	0.00368	0.00305	0.00707
5	0.01159	0.00959	0.01039	0.00947	0.01190	0.01076	0.00728	0.08619	0.52222	0.02053	0.07492	0.13942	0.04668	0.00857	0.00542	0.00174	0.00382	0.00731	0.00508	0.00712
6	0.02119	0.00894	0.01169	0.00919	0.01294	0.00820	0.00752	0.02497	0.12837	0.67947	0.02004	0.01746	0.01295	0.00635	0.00509	0.00159	0.00426	0.00518	0.00609	0.00852
7	0.00709	0.00478	0.00613	0.00682	0.00757	0.00435	0.00472	0.00818	0.01050	0.05566	0.07747	0.61348	0.14532	0.01454	0.00628	0.00195	0.00292	0.01300	0.00483	0.00441
8	0.02269	0.00861	0.01174	0.00900	0.01291	0.00743	0.00743	0.02464	0.01447	0.79425	0.01995	0.01721	0.01252	0.00626	0.00509	0.00156	0.00430	0.00509	0.00626	0.00861

[dist]
# distance from previous block
# <min> <max>
0	35

[block]
# block no. 8 follows, 49 sequences, length 12
# corresponding to MSA columns:
# 527-538
name=unknown_I
#
# <colnr> <probs for GDERKNQSTAVLIFYWHMCP>
#	G	D	E	R	K	N	Q	S	T	A	V	L	I	F	Y	W	H	M	C	P
