[name]
unknown

[dist]
# distance from previous block
# <min> <max>
4	120

[block]
# block no. 0 follows, 48 sequences, length 11
# corresponding to MSA columns:
# 164-174
name=unknown_A
#
# <colnr> <probs for GDERKNQSTAVLIFYWHMCP>
#	G	D	E	R	K	N	Q	S	T	A	V	L	I	F	Y	W	H	M	C	P
0	0.09618	0.05004	0.01303	0.17883	0.04675	0.01145	0.00918	0.17224	0.09194	0.06416	0.05804	0.06801	0.02526	0.01867	0.03005	0.00186	0.01906	0.00551	0.00395	0.03577
1	0.07077	0.03302	0.01050	0.09510	0.03172	0.00817	0.02227	0.03413	0.06345	0.05866	0.13963	0.03855	0.11232	0.02189	0.00731	0.10077	0.01568	0.00608	0.00387	0.12612
2	0.01228	0.00813	0.02502	0.02092	0.01079	0.00745	0.00627	0.09755	0.06837	0.14400	0.06758	0.07274	0.15071	0.00791	0.00497	0.00147	0.00364	0.00657	0.16006	0.12357
3	0.01517	0.01017	0.01250	0.10349	0.04340	0.01057	0.00877	0.17605	0.16649	0.17902	0.03437	0.01749	0.01256	0.00631	0.00501	0.00153	0.00472	0.03421	0.05084	0.10736
4	0.04704	0.00937	0.01302	0.34651	0.02201	0.01037	0.01023	0.10544	0.03649	0.19484	0.01327	0.03426	0.01001	0.04176	0.00620	0.00177	0.02447	0.00499	0.02892	0.03903
5	0.05018	0.00891	0.01136	0.00911	0.01255	0.00830	0.00736	0.12001	0.01502	0.55311	0.01987	0.13020	0.01495	0.00765	0.00528	0.00165	0.00432	0.00635	0.00585	0.00797
6	0.00912	0.00639	0.00893	0.05928	0.01114	0.00715	0.00679	0.01209	0.08382	0.07178	0.01596	0.08295	0.01481	0.08773	0.49108	0.00596	0.01015	0.00630	0.00342	0.00517
7	0.00856	0.00619	0.00814	0.08472	0.01093	0.00619	0.00612	0.01055	0.01260	0.07527	0.35439	0.09653	0.22715	0.01064	0.00663	0.00173	0.05469	0.00902	0.00486	0.00508
8	0.07076	0.01163	0.01325	0.08790	0.01620	0.01266	0.00902	0.32152	0.18777	0.16158	0.01487	0.01457	0.01055	0.00609	0.00498	0.00158	0.00500	0.00480	0.00489	0.04037
9	0.41298	0.00873	0.00868	0.00724	0.01035	0.00886	0.00578	0.01563	0.01068	0.17437	0.08639	0.01534	0.01246	0.06710	0.00568	0.00172	0.00395	0.00428	0.00402	0.13577
10	0.01232	0.07108	0.01282	0.08598	0.01488	0.00926	0.00753	0.07384	0.03805	0.06563	0.01031	0.01160	0.00813	0.00443	0.00413	0.00102	0.00441	0.00352	0.00335	0.55771

[dist]
# distance from previous block
# <min> <max>
15	53

[block]
# block no. 1 follows, 48 sequences, length 41
# corresponding to MSA columns:
# 232-272
name=unknown_B
#
# <colnr> <probs for GDERKNQSTAVLIFYWHMCP>
#	G	D	E	R	K	N	Q	S	T	A	V	L	I	F	Y	W	H	M	C	P
0	0.03592	0.01175	0.12416	0.08536	0.10943	0.00931	0.04206	0.05041	0.04118	0.08747	0.05487	0.01864	0.10142	0.02172	0.00535	0.00151	0.00507	0.00527	0.00359	0.18551
1	0.04099	0.16075	0.09358	0.03265	0.05531	0.08593	0.01000	0.18872	0.02421	0.10879	0.02690	0.02807	0.00944	0.00562	0.00484	0.00141	0.02348	0.00423	0.00368	0.09138
2	0.01222	0.00662	0.00859	0.00767	0.00985	0.00585	0.00583	0.01429	0.03176	0.25343	0.19172	0.27289	0.04961	0.01026	0.00568	0.00167	0.00338	0.00899	0.00528	0.09443
3	0.02592	0.08622	0.00773	0.00592	0.00768	0.00618	0.00457	0.00869	0.01161	0.01470	0.16124	0.08517	0.48498	0.05884	0.00692	0.00186	0.00305	0.00962	0.00452	0.00458
4	0.03388	0.05999	0.01396	0.05624	0.02623	0.06943	0.00903	0.32825	0.22163	0.02341	0.01524	0.09330	0.01262	0.00708	0.00511	0.00162	0.00524	0.00567	0.00453	0.00754
5	0.00929	0.00594	0.00725	0.01973	0.00790	0.05114	0.00498	0.02078	0.00815	0.01029	0.01414	0.05809	0.08689	0.01613	0.01661	0.64704	0.00454	0.00553	0.00268	0.00292
6	0.38595	0.01218	0.09499	0.04375	0.01451	0.01119	0.04159	0.11540	0.01218	0.12610	0.01024	0.01106	0.00739	0.00507	0.00415	0.00151	0.00494	0.00370	0.00368	0.09041
7	0.10263	0.00571	0.00692	0.00710	0.00825	0.00560	0.00508	0.01026	0.01055	0.09190	0.11828	0.42164	0.04922	0.07677	0.05377	0.00250	0.00393	0.01049	0.00461	0.00480
8	0.00673	0.00495	0.00621	0.00655	0.00743	0.00455	0.00466	0.00824	0.01178	0.01584	0.30741	0.33199	0.16541	0.06043	0.00745	0.00203	0.00288	0.03606	0.00499	0.00440
9	0.03167	0.00517	0.00695	0.00692	0.00742	0.00515	0.00475	0.03393	0.00849	0.04553	0.01388	0.16889	0.01445	0.05886	0.01551	0.51959	0.00414	0.00655	0.03880	0.00334
10	0.10278	0.01137	0.01427	0.14222	0.13120	0.01223	0.01029	0.25943	0.06801	0.10517	0.01238	0.01400	0.00925	0.00569	0.00488	0.00155	0.00534	0.01948	0.00407	0.06639
11	0.00635	0.00454	0.00604	0.00708	0.00746	0.00423	0.00477	0.00740	0.01029	0.01384	0.10321	0.73928	0.03537	0.01552	0.00650	0.00204	0.00292	0.01406	0.00485	0.00423
12	0.00663	0.00481	0.00626	0.00692	0.00760	0.00446	0.00488	0.00803	0.01130	0.01526	0.23715	0.50370	0.08618	0.02650	0.00671	0.00199	0.00292	0.04936	0.00498	0.00437
13	0.07170	0.02036	0.01103	0.08814	0.01377	0.01011	0.00789	0.25451	0.05332	0.03563	0.05959	0.13250	0.03682	0.00986	0.00716	0.10073	0.00468	0.07186	0.00429	0.00606
14	0.01192	0.01217	0.05448	0.35003	0.21672	0.06412	0.08191	0.03088	0.01145	0.03552	0.00965	0.01295	0.00750	0.00517	0.00541	0.02018	0.00669	0.00450	0.00260	0.05614
15	0.01115	0.01222	0.06159	0.09241	0.01682	0.03702	0.05544	0.01300	0.00872	0.01288	0.00764	0.01189	0.00703	0.00914	0.04475	0.00234	0.58336	0.00455	0.00230	0.00578
16	0.01186	0.01095	0.01859	0.14855	0.59444	0.01130	0.01440	0.01444	0.01097	0.01542	0.00950	0.01314	0.00801	0.00597	0.00657	0.08565	0.00605	0.00456	0.00247	0.00717
17	0.00863	0.00565	0.00760	0.05409	0.01009	0.00523	0.00575	0.00981	0.01033	0.08670	0.02408	0.54629	0.04180	0.01328	0.00668	0.04049	0.00351	0.02704	0.00448	0.08848
18	0.00997	0.00950	0.01602	0.70675	0.06734	0.01173	0.03306	0.01327	0.01023	0.01331	0.00904	0.01350	0.00691	0.00531	0.00583	0.00173	0.05377	0.00459	0.00230	0.00583
19	0.00647	0.00480	0.00605	0.00673	0.00750	0.00438	0.00474	0.00777	0.01110	0.01467	0.16845	0.49944	0.18264	0.01440	0.00639	0.00194	0.00287	0.04038	0.00492	0.00434
20	0.04934	0.00791	0.01012	0.00863	0.01145	0.00739	0.00695	0.07972	0.01405	0.41785	0.07721	0.14548	0.03359	0.00896	0.00554	0.00173	0.00407	0.08094	0.02200	0.00707
21	0.03602	0.00601	0.00751	0.00691	0.00874	0.00542	0.00525	0.01232	0.01305	0.18656	0.32473	0.16273	0.18307	0.01082	0.00585	0.00171	0.00302	0.00936	0.00541	0.00550
22	0.01820	0.01088	0.01233	0.00973	0.01318	0.01137	0.00798	0.41393	0.01891	0.22623	0.03235	0.01633	0.01181	0.00644	0.00493	0.00151	0.00466	0.02013	0.15123	0.00788
23	0.01111	0.00599	0.00787	0.00743	0.00907	0.00545	0.00556	0.01295	0.02297	0.21887	0.24585	0.28599	0.06722	0.03959	0.00670	0.00191	0.00330	0.03123	0.00538	0.00560
24	0.01160	0.00616	0.00804	0.00768	0.00919	0.00573	0.00567	0.03402	0.01179	0.22503	0.09674	0.32934	0.02625	0.13289	0.00906	0.00234	0.00380	0.06415	0.00504	0.00548
25	0.01839	0.01140	0.01298	0.01047	0.01413	0.01212	0.00848	0.27711	0.27451	0.27671	0.01779	0.01629	0.01236	0.00649	0.00517	0.00162	0.00470	0.00519	0.00556	0.00852
26	0.00650	0.00464	0.00622	0.00734	0.00777	0.00437	0.00511	0.00760	0.01023	0.01365	0.06122	0.70723	0.03413	0.01564	0.00658	0.00209	0.00313	0.08749	0.00480	0.00425
27	0.00956	0.00560	0.00718	0.00689	0.00828	0.00507	0.00503	0.01115	0.01235	0.14895	0.29590	0.25195	0.12277	0.07610	0.00764	0.00202	0.00313	0.01009	0.00522	0.00512
28	0.42621	0.00839	0.00815	0.00714	0.00981	0.00888	0.00562	0.03066	0.01069	0.18938	0.04592	0.06282	0.03025	0.08699	0.00632	0.00194	0.00396	0.00504	0.04593	0.00590
29	0.10199	0.00584	0.00599	0.00555	0.00732	0.00586	0.00431	0.01397	0.01105	0.11879	0.01616	0.01776	0.01228	0.00590	0.00374	0.00129	0.00281	0.00462	0.64941	0.00537
30	0.01385	0.01156	0.01221	0.01066	0.01376	0.01327	0.00838	0.14669	0.65721	0.02321	0.01951	0.01805	0.01455	0.00683	0.00521	0.00171	0.00432	0.00561	0.00521	0.00822
31	0.09845	0.01020	0.01110	0.00958	0.01268	0.01116	0.00759	0.05442	0.46098	0.18784	0.05235	0.01827	0.01513	0.00672	0.00501	0.00167	0.00408	0.00545	0.01949	0.00782
32	0.01020	0.00568	0.00593	0.00570	0.00709	0.00580	0.00430	0.08509	0.01196	0.01981	0.01745	0.09741	0.01478	0.00700	0.00403	0.00132	0.00277	0.00574	0.68283	0.00510
33	0.01262	0.01115	0.01121	0.01020	0.01285	0.05775	0.00785	0.05744	0.60388	0.02040	0.02130	0.09800	0.03694	0.00789	0.00534	0.00174	0.00429	0.00661	0.00501	0.00753
34	0.00625	0.00447	0.00595	0.00714	0.00744	0.00417	0.00476	0.00714	0.00982	0.01310	0.02828	0.81633	0.03394	0.01608	0.00655	0.00208	0.00298	0.01459	0.00476	0.00417
35	0.01912	0.01308	0.01441	0.01126	0.01516	0.01422	0.00928	0.58639	0.08289	0.13499	0.01453	0.01492	0.01044	0.00649	0.00520	0.00159	0.00532	0.02688	0.00529	0.00856
36	0.01075	0.00655	0.00917	0.00946	0.01116	0.00636	0.01928	0.02757	0.01248	0.13785	0.04220	0.08331	0.02676	0.01264	0.00668	0.00219	0.00462	0.56053	0.00498	0.00544
37	0.01064	0.00912	0.01064	0.00760	0.01216	0.00684	0.00608	0.01292	0.01064	0.01672	0.00912	0.01064	0.00760	0.00380	0.00380	0.00076	0.00380	0.00304	0.00304	0.85104
38	0.00669	0.00528	0.00696	0.00698	0.00812	0.00477	0.03784	0.00815	0.01141	0.01494	0.19117	0.35568	0.27139	0.03779	0.00687	0.00195	0.00305	0.01172	0.00480	0.00445
39	0.00706	0.00484	0.00587	0.00626	0.00641	0.00480	0.00385	0.00746	0.00828	0.01110	0.01999	0.28919	0.02331	0.50974	0.06593	0.00422	0.00484	0.00968	0.00363	0.00354
40	0.01933	0.01428	0.01530	0.01177	0.01584	0.01583	0.00971	0.75092	0.04406	0.03205	0.01255	0.01250	0.00891	0.00618	0.00514	0.00155	0.00560	0.00465	0.00514	0.00871

[dist]
# distance from previous block
# <min> <max>
0	22

[block]
# block no. 2 follows, 48 sequences, length 12
# corresponding to MSA columns:
# 295-306
name=unknown_C
#
# <colnr> <probs for GDERKNQSTAVLIFYWHMCP>
#	G	D	E	R	K	N	Q	S	T	A	V	L	I	F	Y	W	H	M	C	P
0	0.77911	0.01033	0.00826	0.00721	0.01047	0.01191	0.00594	0.08446	0.01015	0.02388	0.00762	0.00870	0.00585	0.00489	0.00336	0.00158	0.00412	0.00295	0.00336	0.00585
1	0.05445	0.01006	0.01601	0.41471	0.18893	0.03233	0.06026	0.01382	0.01094	0.01492	0.01180	0.01950	0.01039	0.00626	0.00535	0.00175	0.00640	0.11320	0.00277	0.00615
2	0.00716	0.00487	0.00575	0.00601	0.00614	0.00478	0.00359	0.00750	0.00839	0.01125	0.05894	0.21934	0.02382	0.58721	0.02044	0.00411	0.00437	0.00924	0.00363	0.00345
3	0.00715	0.00494	0.00570	0.00587	0.00611	0.00485	0.00353	0.00746	0.00822	0.01083	0.02113	0.14821	0.09110	0.60238	0.04772	0.00437	0.00476	0.00874	0.00349	0.00343
4	0.01044	0.02551	0.73136	0.01519	0.02258	0.01200	0.07966	0.01626	0.01094	0.01626	0.00930	0.01108	0.00660	0.00483	0.00497	0.00163	0.00767	0.00397	0.00220	0.00753
5	0.00870	0.00680	0.00812	0.00783	0.00949	0.00697	0.00610	0.01408	0.20942	0.01933	0.40206	0.05569	0.09646	0.01046	0.00600	0.00178	0.00320	0.11663	0.00531	0.00561
6	0.00624	0.00451	0.00591	0.00702	0.00741	0.00418	0.00471	0.00716	0.00994	0.01315	0.02976	0.76843	0.08087	0.01588	0.00652	0.00206	0.00295	0.01435	0.00476	0.00418
7	0.00733	0.00601	0.00642	0.00611	0.00792	0.00554	0.00464	0.03717	0.07475	0.01648	0.19302	0.04340	0.54922	0.01176	0.00596	0.00170	0.00279	0.00989	0.00499	0.00490
8	0.73449	0.01057	0.00868	0.00748	0.01079	0.01215	0.00617	0.12476	0.01097	0.02437	0.00790	0.00891	0.00602	0.00497	0.00346	0.00158	0.00421	0.00305	0.00346	0.00602
9	0.13543	0.00977	0.01346	0.20507	0.04128	0.01064	0.07891	0.01860	0.19147	0.14139	0.06887	0.01745	0.03342	0.00619	0.00505	0.00167	0.00510	0.00532	0.00409	0.00682
10	0.18733	0.00959	0.01503	0.41291	0.04348	0.01090	0.12093	0.01367	0.01074	0.01663	0.09988	0.01545	0.01161	0.00555	0.00496	0.00167	0.00596	0.00496	0.00291	0.00580
11	0.01488	0.01178	0.01304	0.01057	0.04596	0.03716	0.00815	0.28983	0.07071	0.05370	0.01155	0.01217	0.00878	0.00507	0.00452	0.00120	0.00479	0.00397	0.00405	0.38814

[dist]
# distance from previous block
# <min> <max>
0	1

[block]
# block no. 3 follows, 48 sequences, length 21
# corresponding to MSA columns:
# 308-328
name=unknown_D
#
# <colnr> <probs for GDERKNQSTAVLIFYWHMCP>
#	G	D	E	R	K	N	Q	S	T	A	V	L	I	F	Y	W	H	M	C	P
0	0.14553	0.10377	0.45214	0.01193	0.01775	0.01246	0.01383	0.01773	0.08435	0.07914	0.01067	0.01149	0.00773	0.00512	0.00450	0.00157	0.00620	0.00382	0.00296	0.00730
1	0.01254	0.01055	0.01391	0.01166	0.08825	0.00918	0.06838	0.12441	0.01292	0.03725	0.01000	0.01150	0.00795	0.00432	0.00433	0.00104	0.00469	0.00371	0.00334	0.56007
2	0.00650	0.00465	0.00610	0.00699	0.00736	0.00449	0.00468	0.00739	0.00944	0.01261	0.02617	0.61515	0.05572	0.11934	0.08500	0.00303	0.00425	0.01269	0.00436	0.00408
3	0.01147	0.00658	0.00862	0.00781	0.00916	0.00649	0.00575	0.08984	0.03768	0.08797	0.01274	0.06363	0.01176	0.01373	0.01388	0.49534	0.00443	0.03817	0.00336	0.07161
4	0.03186	0.07449	0.18362	0.15690	0.23277	0.08390	0.06564	0.05159	0.03006	0.01622	0.01009	0.01245	0.01806	0.00502	0.00492	0.00155	0.00679	0.00433	0.00263	0.00711
5	0.00645	0.00465	0.00613	0.00709	0.00759	0.00433	0.00489	0.00761	0.01054	0.01411	0.11797	0.66207	0.06424	0.01522	0.00650	0.00203	0.00297	0.04648	0.00487	0.00428
6	0.00644	0.00460	0.00597	0.00699	0.00736	0.00432	0.00470	0.00732	0.00976	0.01292	0.02817	0.67674	0.06708	0.09290	0.00842	0.00236	0.00322	0.04203	0.00460	0.00410
7	0.03642	0.01164	0.01304	0.01037	0.01386	0.01246	0.00838	0.41366	0.12556	0.19369	0.01514	0.01546	0.01096	0.04452	0.00684	0.04489	0.00502	0.00499	0.00513	0.00798
8	0.01221	0.01124	0.01793	0.09145	0.52251	0.01152	0.02861	0.07513	0.03911	0.01753	0.01480	0.01786	0.08349	0.00592	0.00527	0.00160	0.00573	0.02753	0.00310	0.00748
9	0.00663	0.00506	0.00610	0.00625	0.00743	0.00453	0.00458	0.00829	0.01236	0.01632	0.32985	0.22413	0.30547	0.01277	0.00620	0.00178	0.00267	0.02997	0.00511	0.00450
10	0.48875	0.00958	0.00944	0.00790	0.01134	0.01018	0.00648	0.01963	0.07221	0.29958	0.01296	0.01248	0.00894	0.00551	0.00405	0.00160	0.00412	0.00388	0.00448	0.00690
11	0.00870	0.00586	0.00728	0.00703	0.00832	0.00564	0.00512	0.01162	0.08593	0.07442	0.38185	0.19963	0.07364	0.09184	0.00801	0.00206	0.00310	0.00966	0.00517	0.00510
12	0.08808	0.00537	0.00631	0.00687	0.00781	0.00521	0.00484	0.02319	0.01083	0.01547	0.12526	0.53047	0.12423	0.01371	0.00608	0.00192	0.00301	0.01213	0.00473	0.00450
13	0.00733	0.00550	0.00825	0.00825	0.00916	0.00641	0.00641	0.00916	0.00825	0.01191	0.01374	0.02016	0.01283	0.03848	0.79934	0.00825	0.01374	0.00550	0.00275	0.00458
14	0.01467	0.00853	0.01031	0.00872	0.01146	0.00849	0.00694	0.12998	0.13119	0.25769	0.22670	0.05921	0.06461	0.00852	0.00557	0.00166	0.00385	0.02925	0.00561	0.00705
15	0.00666	0.00474	0.00634	0.00741	0.00788	0.00450	0.00525	0.00782	0.01029	0.01372	0.06614	0.63302	0.03347	0.04300	0.00728	0.00220	0.00329	0.12798	0.00475	0.00425
16	0.01029	0.02654	0.79309	0.01462	0.02221	0.01192	0.01896	0.01625	0.01083	0.01625	0.00921	0.01083	0.00650	0.00487	0.00487	0.00162	0.00758	0.00379	0.00217	0.00758
17	0.01064	0.00912	0.01064	0.00760	0.01216	0.00684	0.00608	0.01292	0.01064	0.01672	0.00912	0.01064	0.00760	0.00380	0.00380	0.00076	0.00380	0.00304	0.00304	0.85104
18	0.00699	0.00521	0.00588	0.00594	0.00740	0.00451	0.00437	0.00841	0.01186	0.04754	0.15366	0.20080	0.49320	0.01297	0.00612	0.00178	0.00272	0.01112	0.00496	0.00456
19	0.00794	0.00496	0.00600	0.00630	0.00669	0.00479	0.00398	0.00854	0.00893	0.05144	0.02093	0.32376	0.02368	0.42395	0.01624	0.00347	0.00402	0.00982	0.06064	0.00390
20	0.01276	0.01102	0.01160	0.01044	0.01334	0.01276	0.00812	0.02727	0.77840	0.02146	0.02088	0.01914	0.01566	0.00696	0.00522	0.00174	0.00406	0.00580	0.00522	0.00812

[dist]
# distance from previous block
# <min> <max>
0	5

[block]
# block no. 4 follows, 48 sequences, length 67
# corresponding to MSA columns:
# 334-400
name=unknown_E
#
# <colnr> <probs for GDERKNQSTAVLIFYWHMCP>
#	G	D	E	R	K	N	Q	S	T	A	V	L	I	F	Y	W	H	M	C	P
0	0.00679	0.00520	0.00605	0.00586	0.00717	0.00464	0.00429	0.00852	0.01269	0.01680	0.40956	0.04243	0.34960	0.08848	0.00797	0.00198	0.00274	0.00975	0.00504	0.00447
1	0.00752	0.00537	0.00617	0.00597	0.00745	0.00474	0.00442	0.00906	0.01220	0.05799	0.25445	0.06993	0.41756	0.08877	0.00796	0.00203	0.00293	0.02595	0.00495	0.00460
2	0.00742	0.00516	0.00651	0.00651	0.00683	0.00547	0.00425	0.00805	0.00773	0.01063	0.01533	0.02894	0.01664	0.54964	0.29340	0.00611	0.00801	0.00678	0.00298	0.00362
3	0.00719	0.00530	0.00676	0.00655	0.00782	0.00487	0.00501	0.00946	0.01392	0.01926	0.62484	0.04144	0.14256	0.01113	0.00614	0.00169	0.00264	0.07319	0.00545	0.00477
4	0.00906	0.00714	0.00872	0.08364	0.01189	0.00751	0.00663	0.01414	0.19925	0.04216	0.21348	0.05829	0.20663	0.01227	0.07373	0.00229	0.00440	0.02838	0.00473	0.00568
5	0.01919	0.02374	0.01460	0.01312	0.01587	0.74365	0.00990	0.07357	0.01522	0.01396	0.00824	0.00947	0.00676	0.00535	0.00466	0.00134	0.00900	0.00340	0.00282	0.00615
6	0.00781	0.00563	0.00766	0.00850	0.00964	0.00549	0.00714	0.01000	0.01213	0.01604	0.16552	0.11591	0.07264	0.01360	0.00680	0.00217	0.00405	0.51968	0.00490	0.00468
7	0.01462	0.01576	0.01164	0.01075	0.01309	0.36678	0.00811	0.02045	0.26898	0.01647	0.04025	0.08357	0.01396	0.00701	0.00494	0.00152	0.00610	0.00544	0.08419	0.00637
8	0.02478	0.01021	0.01141	0.00989	0.02372	0.02649	0.00774	0.16188	0.26127	0.16248	0.08186	0.02273	0.09607	0.02484	0.00617	0.00175	0.03066	0.02357	0.00513	0.00735
9	0.00826	0.00560	0.00681	0.00661	0.00825	0.00501	0.00517	0.01016	0.01295	0.08304	0.30742	0.05598	0.33838	0.01174	0.00613	0.00177	0.00299	0.11358	0.00521	0.00494
10	0.16201	0.00544	0.00684	0.00670	0.00727	0.00573	0.00466	0.00820	0.00705	0.01146	0.00859	0.01428	0.00831	0.01546	0.01700	0.69723	0.00437	0.00415	0.00240	0.00283
11	0.01029	0.02654	0.79309	0.01462	0.02221	0.01192	0.01896	0.01625	0.01083	0.01625	0.00921	0.01083	0.00650	0.00487	0.00487	0.00162	0.00758	0.00379	0.00217	0.00758
12	0.01345	0.01503	0.09357	0.02633	0.55540	0.09822	0.04453	0.04905	0.02456	0.01699	0.00974	0.01228	0.00794	0.00478	0.00505	0.00152	0.00663	0.00444	0.00267	0.00782
13	0.00719	0.00524	0.00675	0.00638	0.00762	0.00481	0.00478	0.00954	0.01434	0.02015	0.73836	0.03903	0.09529	0.01065	0.00605	0.00162	0.00243	0.00938	0.00559	0.00481
14	0.00829	0.00606	0.00814	0.00900	0.01022	0.00611	0.00758	0.01136	0.06612	0.01606	0.09890	0.13018	0.03079	0.01351	0.00680	0.00222	0.00428	0.55462	0.00485	0.00492
15	0.03395	0.01109	0.01335	0.01059	0.02853	0.01112	0.00854	0.31502	0.04408	0.44349	0.01678	0.01529	0.01106	0.00624	0.00512	0.00157	0.00488	0.00492	0.00572	0.00865
16	0.01361	0.01105	0.01327	0.17809	0.04555	0.02400	0.00981	0.19723	0.27543	0.05334	0.02873	0.01820	0.06891	0.00682	0.00562	0.00168	0.03141	0.00553	0.00437	0.00734
17	0.00628	0.00450	0.00597	0.00709	0.00744	0.00419	0.00475	0.00722	0.00998	0.01332	0.04935	0.78194	0.04721	0.01587	0.00653	0.00206	0.00296	0.01438	0.00479	0.00419
18	0.00977	0.00920	0.01554	0.78615	0.05589	0.01142	0.01429	0.01318	0.01030	0.01321	0.00913	0.01365	0.00688	0.00511	0.00513	0.00170	0.00682	0.00456	0.00229	0.00577
19	0.09555	0.01121	0.08588	0.00974	0.01364	0.00963	0.00859	0.16819	0.01521	0.41697	0.03132	0.08380	0.01316	0.00694	0.00508	0.00162	0.00473	0.00559	0.00527	0.00787
20	0.01174	0.09157	0.11723	0.05006	0.03845	0.01362	0.45837	0.01550	0.01121	0.01534	0.01028	0.01333	0.02303	0.00515	0.00686	0.00171	0.10201	0.00530	0.00250	0.00674
21	0.00649	0.00523	0.00580	0.00592	0.00733	0.00462	0.00434	0.00827	0.03214	0.01514	0.17911	0.18521	0.49637	0.01294	0.00613	0.00177	0.00267	0.01110	0.00494	0.00449
22	0.00745	0.00501	0.00578	0.00578	0.00585	0.00508	0.00334	0.00758	0.00752	0.01009	0.01600	0.03263	0.01824	0.76439	0.08083	0.00521	0.00560	0.00732	0.00308	0.00321
23	0.14048	0.01025	0.01552	0.50611	0.08312	0.01199	0.06017	0.08380	0.01153	0.01688	0.00923	0.01268	0.00697	0.00508	0.00489	0.00166	0.00635	0.00439	0.00272	0.00621
24	0.01177	0.00966	0.01518	0.58718	0.02981	0.01142	0.03918	0.04699	0.09235	0.08890	0.01159	0.01457	0.00844	0.00545	0.00517	0.00170	0.00633	0.00480	0.00311	0.00641
25	0.00664	0.00502	0.00615	0.00645	0.00753	0.00453	0.00471	0.00824	0.01206	0.01596	0.29111	0.28921	0.26033	0.01318	0.00626	0.00184	0.00276	0.04848	0.00506	0.00447
26	0.00627	0.00448	0.00597	0.00713	0.00745	0.00418	0.00476	0.00720	0.00992	0.01325	0.04349	0.80069	0.03423	0.01596	0.00654	0.00207	0.00297	0.01448	0.00478	0.00418
27	0.00658	0.00532	0.00592	0.00604	0.00761	0.00465	0.00472	0.00821	0.01212	0.01506	0.15301	0.04913	0.56182	0.01282	0.00622	0.00181	0.00291	0.12671	0.00488	0.00447
28	0.01204	0.01369	0.02967	0.03847	0.02674	0.01300	0.73794	0.01628	0.01199	0.01628	0.01028	0.01379	0.00774	0.00443	0.00625	0.00174	0.02423	0.00599	0.00258	0.00687
29	0.01216	0.01164	0.01984	0.17173	0.65168	0.01205	0.01548	0.01527	0.01143	0.01610	0.00956	0.01288	0.00789	0.00467	0.00509	0.00156	0.00623	0.00457	0.00249	0.00769
30	0.00928	0.00573	0.00738	0.00703	0.00862	0.00520	0.00545	0.01133	0.01339	0.12490	0.41323	0.10603	0.15611	0.01121	0.00609	0.00175	0.00303	0.09360	0.00543	0.00523
31	0.01094	0.04586	0.60560	0.01370	0.02020	0.01186	0.04168	0.08019	0.01228	0.01781	0.07113	0.02459	0.01044	0.00556	0.00501	0.00161	0.00692	0.00450	0.00275	0.00736
32	0.00746	0.00497	0.00560	0.00560	0.00560	0.00497	0.00311	0.00746	0.00746	0.00995	0.01617	0.03358	0.01865	0.81967	0.02612	0.00497	0.00497	0.00746	0.00311	0.00311
33	0.00746	0.00499	0.00569	0.00569	0.00572	0.00502	0.00322	0.00752	0.00749	0.01001	0.01609	0.03313	0.01846	0.79351	0.05201	0.00508	0.00527	0.00740	0.00310	0.00316
34	0.01372	0.82276	0.02689	0.00878	0.01317	0.02030	0.00878	0.01536	0.01043	0.01207	0.00713	0.00823	0.00658	0.00439	0.00329	0.00110	0.00549	0.00274	0.00219	0.00658
35	0.01043	0.00976	0.01628	0.66521	0.11927	0.01174	0.02791	0.03882	0.01088	0.01421	0.00927	0.01348	0.00706	0.00515	0.00534	0.00169	0.02037	0.00459	0.00241	0.00610
36	0.00940	0.00864	0.01045	0.00979	0.01058	0.08393	0.00767	0.01088	0.00870	0.01194	0.01168	0.01792	0.01118	0.08352	0.48104	0.00591	0.20407	0.00519	0.00264	0.00485
37	0.01244	0.01203	0.02055	0.08366	0.59575	0.01226	0.08663	0.01661	0.07729	0.01688	0.01065	0.01343	0.00865	0.00479	0.00519	0.00158	0.00622	0.00482	0.00276	0.00784
38	0.00826	0.00629	0.00772	0.00718	0.00869	0.00627	0.00543	0.01286	0.15259	0.02074	0.64685	0.03486	0.04249	0.00985	0.00590	0.00164	0.00272	0.00865	0.00557	0.00543
39	0.64618	0.01002	0.00889	0.00754	0.01092	0.01110	0.00621	0.07034	0.01090	0.16253	0.00988	0.01027	0.00707	0.00515	0.00367	0.00158	0.00416	0.00334	0.00389	0.00636
40	0.01052	0.02518	0.71965	0.01623	0.09500	0.01194	0.01865	0.01620	0.01091	0.01630	0.00925	0.01101	0.00665	0.00485	0.00489	0.00162	0.00744	0.00387	0.00220	0.00763
41	0.00625	0.00448	0.00594	0.00710	0.00743	0.00417	0.00474	0.00715	0.00986	0.01311	0.02878	0.80020	0.04974	0.01601	0.00654	0.00208	0.00297	0.01451	0.00476	0.00417
42	0.01470	0.01152	0.01216	0.01055	0.01369	0.03098	0.00830	0.11605	0.59748	0.09577	0.01949	0.01793	0.01434	0.00677	0.00519	0.00169	0.00440	0.00554	0.00526	0.00820
43	0.48472	0.01051	0.00967	0.00810	0.01153	0.06576	0.00661	0.01918	0.01137	0.31003	0.01211	0.01182	0.00831	0.00539	0.00402	0.00157	0.00449	0.00371	0.00433	0.00677
44	0.00686	0.00511	0.00647	0.00739	0.00799	0.00499	0.00505	0.00907	0.08298	0.01392	0.02835	0.71543	0.05678	0.01511	0.00641	0.00204	0.00307	0.01363	0.00481	0.00455
45	0.00631	0.00458	0.00595	0.00693	0.00741	0.00423	0.00469	0.00734	0.01032	0.01369	0.08386	0.69558	0.09934	0.01542	0.00647	0.00202	0.00291	0.01389	0.00483	0.00423
46	0.01443	0.01185	0.01254	0.01078	0.01398	0.01354	0.00852	0.21082	0.59214	0.02415	0.01877	0.01746	0.01395	0.00676	0.00520	0.00169	0.00445	0.00551	0.00520	0.00827
47	0.01606	0.01210	0.01370	0.01091	0.01434	0.01320	0.03341	0.48176	0.13869	0.03969	0.15336	0.01821	0.01700	0.00701	0.00534	0.00159	0.00490	0.00570	0.00518	0.00787
48	0.01277	0.60144	0.23986	0.01040	0.01568	0.01797	0.01161	0.01561	0.01054	0.01323	0.00771	0.00895	0.00656	0.00452	0.00373	0.00124	0.00607	0.00303	0.00219	0.00686
49	0.00630	0.00450	0.00602	0.00721	0.00753	0.00421	0.00486	0.00724	0.00988	0.01316	0.02825	0.79627	0.03382	0.01602	0.00656	0.00209	0.00302	0.03412	0.00476	0.00418
50	0.69950	0.10392	0.01009	0.00715	0.01052	0.01225	0.00607	0.01582	0.00935	0.07612	0.00807	0.00897	0.00618	0.00483	0.00333	0.00153	0.00417	0.00294	0.00329	0.00590
51	0.01974	0.01210	0.01376	0.01076	0.01466	0.01278	0.00882	0.42962	0.12206	0.27661	0.01603	0.01490	0.01094	0.00633	0.00515	0.00158	0.00502	0.00495	0.00554	0.00865
52	0.00662	0.00478	0.00626	0.00702	0.00764	0.00445	0.00493	0.00794	0.01102	0.01483	0.19199	0.54360	0.07557	0.03024	0.00683	0.00204	0.00299	0.06200	0.00492	0.00434
53	0.01238	0.01225	0.01903	0.22540	0.54624	0.06521	0.01498	0.01540	0.01152	0.01556	0.00940	0.01271	0.00770	0.00476	0.00506	0.00156	0.00650	0.00448	0.00248	0.00737
54	0.04117	0.27475	0.03232	0.01084	0.01464	0.18431	0.00931	0.24166	0.08848	0.04075	0.01054	0.01100	0.00822	0.00542	0.00438	0.00137	0.00617	0.00380	0.00359	0.00728
55	0.00688	0.00509	0.00607	0.00615	0.00727	0.00458	0.00440	0.00839	0.01197	0.02651	0.30153	0.20749	0.28906	0.08177	0.00787	0.00204	0.00284	0.01072	0.00496	0.00443
56	0.00714	0.00524	0.00668	0.00632	0.00759	0.00479	0.00474	0.00944	0.01423	0.01987	0.70764	0.03949	0.12618	0.01075	0.00605	0.00163	0.00244	0.00944	0.00556	0.00479
57	0.01783	0.01363	0.01345	0.01087	0.01416	0.11429	0.00864	0.48359	0.01955	0.09868	0.01397	0.07113	0.01147	0.07644	0.00697	0.00185	0.00574	0.00545	0.00473	0.00756
58	0.01334	0.27492	0.41130	0.01214	0.01796	0.08156	0.01390	0.01717	0.01139	0.08832	0.00950	0.01051	0.00713	0.00490	0.00438	0.00143	0.00676	0.00355	0.00261	0.00724
59	0.01917	0.02445	0.01454	0.01322	0.01586	0.79907	0.00991	0.02049	0.01454	0.01256	0.00793	0.00925	0.00661	0.00529	0.00463	0.00132	0.00925	0.00330	0.00264	0.00595
60	0.00713	0.00570	0.00643	0.00617	0.00777	0.00525	0.00465	0.01000	0.07666	0.01733	0.35907	0.04220	0.41010	0.01143	0.00599	0.00168	0.00265	0.00976	0.00518	0.00486
61	0.01959	0.01424	0.01532	0.01174	0.01585	0.01572	0.00970	0.75318	0.02390	0.05003	0.01250	0.01244	0.00882	0.00616	0.00513	0.00154	0.00562	0.00463	0.00516	0.00873
62	0.00969	0.00912	0.01539	0.80734	0.03534	0.01140	0.01425	0.01311	0.01026	0.01311	0.00912	0.01368	0.00684	0.00513	0.00513	0.00171	0.00684	0.00456	0.00228	0.00570
63	0.01372	0.82276	0.02689	0.00878	0.01317	0.02030	0.00878	0.01536	0.01043	0.01207	0.00713	0.00823	0.00658	0.00439	0.00329	0.00110	0.00549	0.00274	0.00219	0.00658
64	0.00969	0.00912	0.01539	0.80734	0.03534	0.01140	0.01425	0.01311	0.01026	0.01311	0.00912	0.01368	0.00684	0.00513	0.00513	0.00171	0.00684	0.00456	0.00228	0.00570
65	0.83521	0.00989	0.00765	0.00681	0.01000	0.01141	0.00561	0.01533	0.00888	0.04212	0.00747	0.00856	0.00573	0.00480	0.00322	0.00159	0.00398	0.00284	0.00325	0.00564
66	0.02823	0.00496	0.00574	0.00604	0.00620	0.00492	0.00362	0.00757	0.00813	0.01113	0.01922	0.24463	0.02246	0.58209	0.02025	0.00411	0.00441	0.00927	0.00356	0.00346

[dist]
# distance from previous block
# <min> <max>
0	1

[block]
# block no. 5 follows, 48 sequences, length 84
# corresponding to MSA columns:
# 402-406,414-492
name=unknown_F
#
# <colnr> <probs for GDERKNQSTAVLIFYWHMCP>
#	G	D	E	R	K	N	Q	S	T	A	V	L	I	F	Y	W	H	M	C	P
0	0.02243	0.00896	0.01195	0.00919	0.01307	0.00795	0.00756	0.06685	0.01504	0.72849	0.01969	0.01758	0.01263	0.02683	0.00569	0.00167	0.00445	0.00519	0.00620	0.00859
1	0.00672	0.00480	0.00577	0.00627	0.00671	0.00452	0.00404	0.00744	0.00949	0.01248	0.07012	0.37862	0.13509	0.30845	0.01359	0.00306	0.00362	0.01116	0.00421	0.00384
2	0.10608	0.01215	0.01287	0.01050	0.01385	0.01342	0.00850	0.51926	0.07185	0.02763	0.01484	0.11976	0.01272	0.00758	0.00517	0.00165	0.00498	0.02468	0.00487	0.00764
3	0.01034	0.02622	0.77387	0.01480	0.02232	0.01194	0.03785	0.01625	0.01087	0.01625	0.00924	0.01091	0.00653	0.00486	0.00490	0.00163	0.00761	0.00385	0.00218	0.00757
4	0.00942	0.00567	0.00706	0.00651	0.00817	0.00514	0.00501	0.01158	0.01357	0.12094	0.45146	0.03606	0.16639	0.01001	0.00571	0.00161	0.00278	0.03237	0.09528	0.00526
5	0.00983	0.00644	0.00773	0.00738	0.00906	0.00623	0.00556	0.01330	0.12526	0.11875	0.18541	0.16289	0.18474	0.07606	0.00757	0.00205	0.00340	0.05777	0.00509	0.00548
6	0.85592	0.00992	0.00754	0.00675	0.00992	0.01151	0.00556	0.01508	0.00873	0.02302	0.00714	0.00834	0.00556	0.00476	0.00318	0.00159	0.00397	0.00278	0.00318	0.00556
7	0.01365	0.01146	0.01210	0.01062	0.01368	0.01318	0.00834	0.12550	0.67872	0.02290	0.01975	0.01824	0.01475	0.00686	0.00521	0.00171	0.00427	0.00564	0.00521	0.00820
8	0.00655	0.00503	0.00592	0.00633	0.00737	0.00456	0.00451	0.00801	0.02318	0.01441	0.13669	0.33236	0.32779	0.05951	0.00740	0.00205	0.00294	0.03625	0.00479	0.00434
9	0.01108	0.00608	0.00685	0.00621	0.00789	0.00596	0.00474	0.07324	0.01282	0.10196	0.16328	0.03398	0.04850	0.04748	0.00559	0.00156	0.00301	0.00614	0.44821	0.00542
10	0.00638	0.00510	0.00571	0.00579	0.00718	0.00443	0.00425	0.00788	0.01209	0.01535	0.22336	0.16145	0.49725	0.01286	0.00613	0.00176	0.00261	0.01102	0.00498	0.00443
11	0.00625	0.00447	0.00595	0.00714	0.00744	0.00417	0.00476	0.00714	0.00982	0.01310	0.02828	0.81633	0.03394	0.01608	0.00655	0.00208	0.00298	0.01459	0.00476	0.00417
12	0.00762	0.00492	0.00571	0.00571	0.00571	0.00492	0.00325	0.00738	0.00738	0.00984	0.01539	0.03166	0.01762	0.73429	0.02547	0.09504	0.00492	0.00714	0.00302	0.00302
13	0.01606	0.01000	0.01231	0.13987	0.01666	0.02309	0.00881	0.09729	0.24013	0.28448	0.05604	0.01878	0.03982	0.00672	0.00524	0.00165	0.00473	0.00556	0.00508	0.00767
14	0.00623	0.00456	0.00586	0.00691	0.00738	0.00419	0.00466	0.00717	0.01005	0.01319	0.03119	0.72228	0.12611	0.01570	0.00649	0.00204	0.00293	0.01413	0.00476	0.00419
15	0.02058	0.01266	0.01434	0.01099	0.01506	0.01336	0.00908	0.54360	0.02125	0.26336	0.01473	0.01389	0.00994	0.00622	0.00514	0.00155	0.00526	0.00478	0.00550	0.00873
16	0.01076	0.00878	0.01015	0.00796	0.01150	0.00764	0.00621	0.02757	0.14812	0.01669	0.01299	0.01442	0.04075	0.00663	0.00632	0.11332	0.00392	0.00407	0.00343	0.53876
17	0.01150	0.01426	0.11592	0.17026	0.10891	0.01247	0.45829	0.01571	0.01157	0.01582	0.00993	0.01334	0.00749	0.00457	0.00564	0.00169	0.00791	0.00535	0.00248	0.00690
18	0.00625	0.00447	0.00595	0.00714	0.00744	0.00417	0.00476	0.00714	0.00982	0.01310	0.02828	0.81633	0.03394	0.01608	0.00655	0.00208	0.00298	0.01459	0.00476	0.00417
19	0.02302	0.00873	0.01191	0.00913	0.01310	0.00754	0.00754	0.02501	0.01469	0.79122	0.02024	0.01746	0.01270	0.00635	0.00516	0.00159	0.00437	0.00516	0.00635	0.00873
20	0.01064	0.00912	0.01064	0.00760	0.01216	0.00684	0.00608	0.01292	0.01064	0.01672	0.00912	0.01064	0.00760	0.00380	0.00380	0.00076	0.00380	0.00304	0.00304	0.85104
21	0.00675	0.00522	0.00614	0.00591	0.00735	0.00462	0.00444	0.00868	0.01331	0.01768	0.46926	0.04309	0.36592	0.01157	0.00606	0.00166	0.00250	0.00995	0.00527	0.00462
22	0.00669	0.00451	0.00580	0.00683	0.00725	0.00425	0.00461	0.00778	0.00995	0.01390	0.02676	0.71097	0.03119	0.01474	0.00616	0.00197	0.00290	0.01329	0.11622	0.00425
23	0.58469	0.01028	0.00942	0.00788	0.01133	0.01133	0.00649	0.11684	0.01192	0.17246	0.01036	0.01062	0.00735	0.00525	0.00382	0.00158	0.00427	0.00348	0.00405	0.00659
24	0.02600	0.00502	0.00627	0.00665	0.00745	0.00472	0.00468	0.00834	0.01134	0.01561	0.27832	0.35916	0.10567	0.09920	0.00837	0.00220	0.00306	0.03876	0.00484	0.00434
25	0.00780	0.00562	0.00708	0.00755	0.00837	0.00551	0.00530	0.08878	0.01197	0.01614	0.12658	0.62789	0.03317	0.01428	0.00633	0.00196	0.00319	0.01282	0.00492	0.00474
26	0.00767	0.00563	0.00743	0.00802	0.00930	0.00539	0.00671	0.00988	0.01248	0.01645	0.22411	0.05157	0.15228	0.01305	0.00666	0.00207	0.00381	0.44781	0.00497	0.00469
27	0.00700	0.00518	0.00658	0.00695	0.00783	0.00492	0.00493	0.00927	0.05532	0.01648	0.31852	0.42861	0.08263	0.01324	0.00626	0.00186	0.00280	0.01184	0.00513	0.00466
28	0.01649	0.01089	0.01233	0.00995	0.01320	0.01156	0.00801	0.35626	0.14082	0.16553	0.15734	0.01969	0.01812	0.02867	0.00588	0.00169	0.00455	0.00584	0.00541	0.00777
29	0.00913	0.00562	0.00729	0.00677	0.00830	0.00508	0.00511	0.01124	0.01380	0.12104	0.53990	0.11938	0.10593	0.01075	0.00599	0.00167	0.00275	0.00943	0.00557	0.00524
30	0.13042	0.01318	0.01399	0.01085	0.01482	0.01444	0.00896	0.59132	0.02109	0.11192	0.01248	0.01234	0.00873	0.00600	0.00488	0.00155	0.00529	0.00443	0.00500	0.00831
31	0.03637	0.00587	0.00707	0.00669	0.00839	0.00535	0.00506	0.01127	0.02709	0.12431	0.30342	0.15389	0.25247	0.01128	0.00591	0.00173	0.00294	0.02041	0.00526	0.00521
32	0.05823	0.00657	0.00790	0.00767	0.00916	0.00648	0.00560	0.07865	0.03671	0.11908	0.10479	0.41164	0.04808	0.06592	0.00725	0.00206	0.00355	0.01036	0.00491	0.00539
33	0.01097	0.00657	0.00826	0.00732	0.00932	0.00620	0.00567	0.01450	0.09567	0.17778	0.48743	0.03292	0.09768	0.00947	0.00578	0.00163	0.00301	0.00819	0.00567	0.00595
34	0.03779	0.00893	0.01194	0.00917	0.01313	0.00788	0.00758	0.04873	0.01488	0.75316	0.01975	0.01714	0.01245	0.00632	0.00512	0.00159	0.00440	0.00510	0.00625	0.00868
35	0.00689	0.00520	0.00639	0.00635	0.00757	0.00473	0.00470	0.00895	0.02311	0.01764	0.45901	0.16143	0.23188	0.01201	0.00614	0.00173	0.00261	0.02374	0.00527	0.00465
36	0.00737	0.00532	0.00736	0.00736	0.00796	0.00593	0.00530	0.00859	0.00798	0.01125	0.01456	0.02467	0.01479	0.30093	0.53957	0.00715	0.01080	0.00616	0.00287	0.00409
37	0.01299	0.01309	0.01944	0.13208	0.60605	0.09588	0.01493	0.01590	0.01180	0.01583	0.00940	0.01246	0.00780	0.00472	0.00504	0.00153	0.00653	0.00444	0.00252	0.00757
38	0.00969	0.00912	0.01539	0.80734	0.03534	0.01140	0.01425	0.01311	0.01026	0.01311	0.00912	0.01368	0.00684	0.00513	0.00513	0.00171	0.00684	0.00456	0.00228	0.00570
39	0.01666	0.01359	0.01542	0.01397	0.09739	0.04396	0.01035	0.45062	0.13357	0.02567	0.01242	0.01313	0.00936	0.00645	0.00667	0.00165	0.11193	0.00473	0.00440	0.00806
40	0.01382	0.01237	0.01193	0.01069	0.01360	0.09630	0.00829	0.02646	0.66883	0.04897	0.01948	0.01803	0.01459	0.00676	0.00516	0.00169	0.00463	0.00551	0.00499	0.00791
41	0.09836	0.00663	0.00826	0.11268	0.01206	0.00688	0.00650	0.01159	0.05596	0.02829	0.38006	0.07145	0.11355	0.00971	0.00566	0.00172	0.00349	0.05726	0.00472	0.00517
42	0.01232	0.11885	0.01453	0.01141	0.10983	0.10325	0.00810	0.01449	0.01120	0.01562	0.00878	0.01041	0.00741	0.00415	0.00399	0.00097	0.00496	0.00322	0.00282	0.53368
43	0.00830	0.00589	0.00713	0.00680	0.00833	0.00556	0.00510	0.01143	0.08686	0.06199	0.41502	0.13445	0.20126	0.01115	0.00599	0.00171	0.00280	0.00971	0.00535	0.00518
44	0.00783	0.00786	0.10983	0.00695	0.00800	0.00598	0.00540	0.00872	0.00795	0.01090	0.01510	0.02978	0.01670	0.66569	0.06914	0.00473	0.00584	0.00686	0.00296	0.00379
45	0.01321	0.01133	0.01926	0.14244	0.54328	0.01148	0.05126	0.01623	0.01181	0.09863	0.01149	0.01406	0.02225	0.00498	0.00516	0.00157	0.00608	0.00482	0.00295	0.00771
46	0.01999	0.05614	0.01395	0.11516	0.01663	0.01054	0.00896	0.17991	0.01585	0.48436	0.01636	0.01536	0.01074	0.00604	0.00504	0.00157	0.00503	0.00483	0.00532	0.00821
47	0.01079	0.09675	0.01710	0.01279	0.01409	0.01379	0.10991	0.01244	0.00873	0.01266	0.00888	0.01390	0.00848	0.05843	0.13570	0.00314	0.44958	0.00484	0.00241	0.00559
48	0.76722	0.00980	0.00801	0.00700	0.01026	0.01109	0.00577	0.01614	0.00937	0.10483	0.00854	0.00931	0.00632	0.00493	0.00339	0.00159	0.00401	0.00303	0.00351	0.00590
49	0.01211	0.00663	0.00880	0.00874	0.03125	0.00614	0.00660	0.04038	0.01258	0.23776	0.06990	0.28071	0.09862	0.01166	0.00608	0.00190	0.00381	0.14522	0.00521	0.00590
50	0.01752	0.00822	0.01072	0.00867	0.01164	0.00771	0.00698	0.07137	0.02898	0.47002	0.19233	0.03355	0.03704	0.03373	0.00650	0.00174	0.03376	0.00636	0.00578	0.00739
51	0.01158	0.01249	0.02665	0.01943	0.02395	0.01169	0.65080	0.01540	0.01187	0.03353	0.01297	0.11998	0.01135	0.00592	0.00610	0.00177	0.00780	0.00716	0.00297	0.00660
52	0.15843	0.00977	0.01172	0.00914	0.01300	0.00945	0.00755	0.13542	0.01513	0.55180	0.01691	0.01520	0.01094	0.00606	0.00483	0.00158	0.00449	0.00469	0.00565	0.00821
53	0.01520	0.01191	0.04357	0.25852	0.02161	0.01272	0.03210	0.31776	0.06176	0.10428	0.01275	0.02638	0.00943	0.01813	0.01823	0.00179	0.01743	0.00494	0.00409	0.00740
54	0.00685	0.00537	0.00632	0.00669	0.00812	0.00484	0.00533	0.00855	0.01192	0.01497	0.12143	0.09419	0.44313	0.01325	0.00639	0.00192	0.00322	0.22817	0.00485	0.00449
55	0.06566	0.01140	0.01274	0.01002	0.01359	0.01202	0.00820	0.44181	0.01955	0.19341	0.11712	0.01783	0.03956	0.00691	0.00518	0.00157	0.00475	0.00545	0.00534	0.00789
56	0.01574	0.58333	0.06677	0.00919	0.01367	0.01678	0.00906	0.01772	0.01147	0.19825	0.01038	0.01058	0.00804	0.00489	0.00383	0.00124	0.00534	0.00338	0.00319	0.00715
57	0.01230	0.00635	0.00717	0.00636	0.00826	0.00625	0.00496	0.07478	0.02397	0.14643	0.11854	0.02085	0.01742	0.00666	0.00432	0.00135	0.00300	0.00544	0.51980	0.00580
58	0.01615	0.00722	0.00965	0.00792	0.01071	0.00635	0.00633	0.01827	0.01450	0.45710	0.32163	0.02695	0.05823	0.00825	0.00555	0.00160	0.00353	0.00701	0.00601	0.00703
59	0.01590	0.01279	0.01547	0.01237	0.01605	0.03868	0.10925	0.27583	0.34329	0.07989	0.01615	0.01571	0.01178	0.00625	0.00528	0.00165	0.00539	0.00531	0.00484	0.00814
60	0.01189	0.02297	0.60909	0.01496	0.02185	0.01159	0.11687	0.01721	0.01141	0.09880	0.01054	0.01194	0.00733	0.00496	0.00506	0.00163	0.00738	0.00424	0.00267	0.00762
61	0.01466	0.01099	0.01195	0.01038	0.01352	0.01232	0.00818	0.08652	0.61703	0.12406	0.02011	0.01838	0.01472	0.00682	0.00521	0.00170	0.00423	0.00562	0.00536	0.00825
62	0.00713	0.00485	0.00568	0.00599	0.00609	0.00476	0.00355	0.00738	0.00814	0.01083	0.01992	0.23465	0.03647	0.59892	0.02073	0.00417	0.00442	0.00935	0.00356	0.00340
63	0.10789	0.12060	0.01600	0.01081	0.01485	0.01583	0.00913	0.57343	0.02046	0.04584	0.01126	0.01147	0.00820	0.00578	0.00468	0.00149	0.00542	0.00419	0.00456	0.00811
64	0.02213	0.01089	0.01224	0.00972	0.01347	0.11234	0.00788	0.02449	0.04289	0.65986	0.01864	0.01644	0.01201	0.00623	0.00509	0.00156	0.00500	0.00494	0.00582	0.00834
65	0.00648	0.00530	0.00578	0.00589	0.00750	0.00459	0.00458	0.00804	0.01201	0.01477	0.12676	0.04933	0.60717	0.01288	0.00620	0.00180	0.00286	0.10876	0.00485	0.00444
66	0.00969	0.00912	0.01539	0.80734	0.03534	0.01140	0.01425	0.01311	0.01026	0.01311	0.00912	0.01368	0.00684	0.00513	0.00513	0.00171	0.00684	0.00456	0.00228	0.00570
67	0.01188	0.01025	0.01076	0.00975	0.01250	0.01165	0.00756	0.02464	0.67707	0.02046	0.02499	0.02314	0.11741	0.00776	0.00533	0.00174	0.00387	0.00647	0.00516	0.00762
68	0.00726	0.00524	0.00686	0.00646	0.00767	0.00484	0.00484	0.00968	0.01452	0.02058	0.78496	0.03833	0.04841	0.01049	0.00605	0.00161	0.00242	0.00928	0.00565	0.00484
69	0.00980	0.00923	0.01559	0.77866	0.06315	0.01143	0.01431	0.01321	0.01031	0.01324	0.00914	0.01364	0.00689	0.00511	0.00513	0.00170	0.00681	0.00456	0.00229	0.00579
70	0.01936	0.01430	0.01532	0.01178	0.01586	0.01584	0.00972	0.75416	0.04077	0.03210	0.01251	0.01247	0.00888	0.00618	0.00513	0.00154	0.00561	0.00465	0.00513	0.00871
71	0.00746	0.00497	0.00560	0.00560	0.00560	0.00497	0.00311	0.00746	0.00746	0.00995	0.01617	0.03358	0.01865	0.81967	0.02612	0.00497	0.00497	0.00746	0.00311	0.00311
72	0.51103	0.01044	0.00990	0.00817	0.01166	0.01142	0.00674	0.16060	0.01292	0.18448	0.01100	0.01115	0.00776	0.00538	0.00397	0.00157	0.00435	0.00365	0.01700	0.00681
73	0.85592	0.00992	0.00754	0.00675	0.00992	0.01151	0.00556	0.01508	0.00873	0.02302	0.00714	0.00834	0.00556	0.00476	0.00318	0.00159	0.00397	0.00278	0.00318	0.00556
74	0.01029	0.02654	0.79309	0.01462	0.02221	0.01192	0.01896	0.01625	0.01083	0.01625	0.00921	0.01083	0.00650	0.00487	0.00487	0.00162	0.00758	0.00379	0.00217	0.00758
75	0.01473	0.01093	0.01792	0.13665	0.49568	0.01097	0.01358	0.01758	0.01220	0.20106	0.01210	0.01398	0.00904	0.00508	0.00511	0.00157	0.00579	0.00471	0.00341	0.00793
76	0.00903	0.00821	0.01327	0.54852	0.04308	0.00997	0.01182	0.01169	0.01003	0.01313	0.01355	0.20505	0.01333	0.00798	0.00623	0.00183	0.05807	0.00695	0.00288	0.00538
77	0.01303	0.01498	0.12913	0.01937	0.02475	0.01226	0.58881	0.01732	0.01222	0.09892	0.01128	0.01383	0.00814	0.00461	0.00580	0.00170	0.00805	0.00566	0.00294	0.00720
78	0.00808	0.00623	0.00841	0.11368	0.01266	0.00643	0.00759	0.01047	0.03558	0.01428	0.02746	0.06228	0.15358	0.11271	0.00895	0.00247	0.00462	0.39562	0.00422	0.00468
79	0.04073	0.01258	0.11510	0.05563	0.01499	0.01150	0.00952	0.37072	0.01657	0.02275	0.02651	0.15376	0.01419	0.05889	0.00719	0.03327	0.00530	0.01979	0.00422	0.00679
80	0.00917	0.00768	0.02163	0.20001	0.01706	0.01785	0.05214	0.03218	0.01182	0.02942	0.08179	0.11342	0.05926	0.02221	0.00650	0.00203	0.00512	0.30141	0.00406	0.00523
81	0.00746	0.00497	0.00560	0.00560	0.00560	0.00497	0.00311	0.00746	0.00746	0.00995	0.01617	0.03358	0.01865	0.81967	0.02612	0.00497	0.00497	0.00746	0.00311	0.00311
82	0.43592	0.16084	0.01491	0.02374	0.01367	0.02633	0.10751	0.01652	0.01044	0.11911	0.01012	0.01107	0.02095	0.00500	0.00395	0.00152	0.00504	0.00370	0.00333	0.00633
83	0.01653	0.03132	0.16684	0.11578	0.03842	0.26516	0.01203	0.15492	0.01488	0.11993	0.01079	0.01184	0.00784	0.00545	0.00489	0.00151	0.00718	0.00407	0.00343	0.00717

[dist]
