[name]
unknown

[dist]
# distance from previous block
# <min> <max>
0	74

[block]
# block no. 0 follows, 47 sequences, length 32
# corresponding to MSA columns:
# 83-91,93-115
name=unknown_A
#
# <colnr> <probs for GDERKNQSTAVLIFYWHMCP>
#	G	D	E	R	K	N	Q	S	T	A	V	L	I	F	Y	W	H	M	C	P
0	0.85377	0.01007	0.00765	0.00685	0.01007	0.01168	0.00564	0.01531	0.00886	0.02336	0.00725	0.00846	0.00564	0.00483	0.00322	0.00161	0.00403	0.00282	0.00322	0.00564
1	0.85377	0.01007	0.00765	0.00685	0.01007	0.01168	0.00564	0.01531	0.00886	0.02336	0.00725	0.00846	0.00564	0.00483	0.00322	0.00161	0.00403	0.00282	0.00322	0.00564
2	0.02336	0.00886	0.01209	0.00927	0.01329	0.00765	0.00765	0.02538	0.01491	0.78810	0.02055	0.01773	0.01289	0.00645	0.00524	0.00161	0.00443	0.00524	0.00645	0.00886
3	0.02336	0.00886	0.01209	0.00927	0.01329	0.00765	0.00765	0.02538	0.01491	0.78810	0.02055	0.01773	0.01289	0.00645	0.00524	0.00161	0.00443	0.00524	0.00645	0.00886
4	0.00622	0.00528	0.00536	0.00534	0.00707	0.00442	0.00400	0.00759	0.01201	0.01441	0.08937	0.04955	0.74556	0.01306	0.00615	0.00175	0.00263	0.01091	0.00488	0.00442
5	0.01295	0.01119	0.01178	0.01060	0.01354	0.01295	0.00824	0.02767	0.77509	0.02178	0.02120	0.01943	0.01590	0.00707	0.00530	0.00177	0.00412	0.00589	0.00530	0.00824
6	0.01119	0.00858	0.00804	0.06772	0.01046	0.11714	0.00597	0.03221	0.01153	0.01747	0.03794	0.01835	0.01286	0.04525	0.02402	0.00169	0.04201	0.00489	0.51752	0.00515
7	0.01289	0.01237	0.02114	0.03196	0.78450	0.01237	0.01598	0.01598	0.01186	0.01701	0.00980	0.01289	0.00825	0.00464	0.00516	0.00155	0.00619	0.00464	0.00258	0.00825
8	0.13513	0.12326	0.01545	0.01194	0.01473	0.53079	0.00939	0.01877	0.01291	0.01416	0.00775	0.00927	0.00656	0.00545	0.00521	0.00142	0.06581	0.00329	0.00267	0.00604
9	0.01108	0.07747	0.61101	0.01730	0.14885	0.01271	0.01801	0.01635	0.01111	0.01630	0.00928	0.01113	0.00688	0.00486	0.00488	0.00160	0.00730	0.00391	0.00226	0.00772
10	0.00649	0.00467	0.00603	0.00706	0.00747	0.00436	0.00475	0.00740	0.00998	0.01317	0.02945	0.67484	0.08716	0.07806	0.00817	0.00233	0.00321	0.03652	0.00470	0.00418
11	0.01045	0.02694	0.79000	0.01484	0.02254	0.01209	0.01924	0.01649	0.01099	0.01649	0.00935	0.01099	0.00660	0.00495	0.00495	0.00165	0.00770	0.00385	0.00220	0.00770
12	0.01427	0.01294	0.06695	0.03272	0.33443	0.01264	0.01256	0.16055	0.18061	0.05729	0.01415	0.01667	0.01121	0.00608	0.00529	0.00165	0.00561	0.04230	0.00393	0.00814
13	0.00655	0.00543	0.00611	0.04323	0.00864	0.00483	0.00477	0.00809	0.01196	0.01474	0.12405	0.10705	0.58501	0.01283	0.00618	0.00179	0.00293	0.03649	0.00481	0.00452
14	0.03972	0.15728	0.01681	0.01251	0.01523	0.56537	0.00989	0.01893	0.01321	0.01292	0.00777	0.00939	0.00669	0.00558	0.00569	0.00141	0.08957	0.00337	0.00258	0.00610
15	0.03105	0.11815	0.52697	0.05151	0.04351	0.04961	0.03507	0.01644	0.01130	0.03466	0.02968	0.01172	0.00796	0.00508	0.00479	0.00157	0.00717	0.00397	0.00247	0.00731
16	0.01137	0.06269	0.62757	0.01411	0.02108	0.01238	0.04016	0.03986	0.03919	0.03571	0.01007	0.01147	0.00724	0.00502	0.00489	0.00159	0.00720	0.00397	0.00256	0.04186
17	0.01693	0.03828	0.01381	0.01170	0.01447	0.43877	0.00907	0.18653	0.01630	0.01793	0.06516	0.01629	0.08978	0.00684	0.00547	0.00148	0.03623	0.00487	0.00365	0.00643
18	0.00634	0.00456	0.00602	0.00718	0.00754	0.00424	0.00480	0.00726	0.01004	0.01332	0.02954	0.78705	0.06044	0.01621	0.00663	0.00210	0.00301	0.01467	0.00483	0.00424
19	0.04161	0.05272	0.21332	0.16440	0.12205	0.03074	0.07455	0.11667	0.01290	0.03580	0.02911	0.01355	0.00884	0.03017	0.00608	0.00174	0.03103	0.00461	0.00298	0.00712
20	0.01312	0.01185	0.09268	0.02709	0.14981	0.01067	0.01023	0.18080	0.10693	0.07813	0.04530	0.06048	0.13456	0.00806	0.00554	0.00170	0.00498	0.04641	0.00441	0.00725
21	0.00984	0.00639	0.00809	0.00732	0.00907	0.00614	0.00561	0.01363	0.10068	0.10924	0.60825	0.03426	0.04121	0.00976	0.00594	0.00165	0.00287	0.00854	0.00577	0.00574
22	0.01778	0.01129	0.01242	0.00985	0.01326	0.01205	0.00803	0.44378	0.05030	0.15123	0.01519	0.01522	0.01083	0.00627	0.00486	0.00150	0.00470	0.00486	0.19869	0.00791
23	0.01702	0.01260	0.07541	0.01060	0.01434	0.01204	0.00915	0.40022	0.05795	0.15722	0.02998	0.08555	0.02651	0.00729	0.00526	0.00162	0.00502	0.00587	0.05844	0.00792
24	0.01215	0.01363	0.02838	0.02064	0.02507	0.01361	0.64592	0.01602	0.01161	0.01602	0.00995	0.01363	0.00773	0.00514	0.00788	0.00184	0.13550	0.00589	0.00258	0.00681
25	0.00634	0.00457	0.00601	0.00716	0.00753	0.00424	0.00479	0.00726	0.01006	0.01333	0.02983	0.77774	0.06956	0.01617	0.00662	0.00210	0.00300	0.01463	0.00483	0.00424
26	0.00999	0.00944	0.01578	0.74622	0.05507	0.01180	0.01436	0.01334	0.01034	0.01337	0.00916	0.01374	0.00697	0.00538	0.00577	0.00176	0.04473	0.00463	0.00232	0.00585
27	0.01171	0.01670	0.20923	0.02012	0.06319	0.01275	0.50632	0.01623	0.01176	0.01643	0.01054	0.03284	0.00823	0.00499	0.00620	0.00175	0.03565	0.00568	0.00257	0.00713
28	0.02205	0.00914	0.01206	0.00937	0.01325	0.00825	0.00770	0.06116	0.05620	0.68228	0.04776	0.01833	0.01417	0.00662	0.00527	0.00162	0.00441	0.00540	0.00630	0.00869
29	0.00808	0.00579	0.00788	0.00893	0.01001	0.00572	0.00755	0.01014	0.01152	0.01495	0.02803	0.11156	0.06482	0.07247	0.00850	0.00254	0.00458	0.60764	0.00468	0.00462
30	0.08435	0.00815	0.00884	0.00844	0.02299	0.02115	0.00662	0.13076	0.06131	0.03279	0.11062	0.06130	0.26547	0.01064	0.00584	0.00182	0.00393	0.14441	0.00482	0.00574
31	0.09343	0.03360	0.13516	0.01112	0.04013	0.01147	0.00983	0.19677	0.04776	0.10155	0.01387	0.07746	0.02649	0.00661	0.00547	0.00155	0.04572	0.00514	0.00402	0.13286

[dist]
# distance from previous block
# <min> <max>
1	10

[block]
# block no. 1 follows, 47 sequences, length 15
# corresponding to MSA columns:
# 126-140
name=unknown_B
#
# <colnr> <probs for GDERKNQSTAVLIFYWHMCP>
#	G	D	E	R	K	N	Q	S	T	A	V	L	I	F	Y	W	H	M	C	P
0	0.01254	0.01388	0.09936	0.07885	0.37894	0.06223	0.03511	0.04639	0.04668	0.01728	0.06189	0.01440	0.01088	0.00553	0.00579	0.00158	0.04946	0.00481	0.00298	0.05143
1	0.09959	0.00817	0.00857	0.00762	0.00969	0.04795	0.00589	0.07749	0.05738	0.02138	0.47008	0.02902	0.05250	0.00875	0.00544	0.00157	0.00344	0.00737	0.02600	0.05210
2	0.00808	0.00621	0.00788	0.04302	0.00980	0.00612	0.00583	0.00959	0.01088	0.03052	0.12000	0.25409	0.16728	0.08123	0.00861	0.00209	0.06689	0.04719	0.02579	0.08892
3	0.63266	0.03525	0.03122	0.00829	0.01177	0.06525	0.00700	0.12216	0.01158	0.02349	0.00811	0.00916	0.00622	0.00506	0.00365	0.00157	0.00477	0.00315	0.00341	0.00621
4	0.00828	0.00591	0.00826	0.00946	0.01061	0.00589	0.00819	0.01059	0.01187	0.01546	0.02764	0.10135	0.03022	0.01449	0.00716	0.00238	0.00470	0.70798	0.00480	0.00476
5	0.01392	0.82012	0.02729	0.00891	0.01337	0.02061	0.00891	0.01559	0.01058	0.01225	0.00724	0.00835	0.00668	0.00446	0.00334	0.00111	0.00557	0.00278	0.00223	0.00668
6	0.00905	0.00452	0.00678	0.00678	0.00678	0.00452	0.00452	0.00678	0.00678	0.00905	0.00905	0.01583	0.00905	0.01809	0.02035	0.84848	0.00452	0.00452	0.00226	0.00226
7	0.01980	0.01459	0.01563	0.01198	0.01615	0.01615	0.00990	0.76713	0.02448	0.03282	0.01250	0.01250	0.00886	0.00625	0.00521	0.00156	0.00573	0.00469	0.00521	0.00886
8	0.01224	0.01193	0.01927	0.25859	0.53485	0.04207	0.01531	0.01538	0.01154	0.01576	0.00957	0.01305	0.00781	0.00483	0.00515	0.00159	0.00653	0.00459	0.00250	0.00744
9	0.01076	0.01073	0.01672	0.67053	0.06596	0.06438	0.06016	0.01413	0.01088	0.01363	0.00928	0.01355	0.00704	0.00514	0.00523	0.00170	0.00719	0.00464	0.00237	0.00598
10	0.01180	0.03278	0.01140	0.00895	0.01185	0.05080	0.00709	0.06135	0.01167	0.06657	0.01606	0.11886	0.07645	0.02547	0.00696	0.00148	0.11570	0.00581	0.00366	0.35529
11	0.71743	0.01280	0.13413	0.00814	0.01209	0.01175	0.00784	0.01550	0.00921	0.02225	0.00759	0.00887	0.00579	0.00485	0.00350	0.00162	0.00462	0.00299	0.00306	0.00597
12	0.08552	0.16811	0.08638	0.01348	0.11557	0.09462	0.05597	0.09274	0.05698	0.01833	0.10547	0.01675	0.05650	0.00622	0.00483	0.00151	0.00569	0.00503	0.00348	0.00681
13	0.01656	0.01322	0.01397	0.03788	0.01554	0.05533	0.00892	0.46498	0.04186	0.02615	0.01200	0.03343	0.00927	0.00584	0.00487	0.00137	0.00537	0.00451	0.00442	0.22450
14	0.10450	0.11621	0.33541	0.01102	0.01588	0.01168	0.01209	0.01583	0.03811	0.08115	0.05733	0.03503	0.06752	0.00647	0.00542	0.00161	0.04894	0.00491	0.00326	0.02762

[dist]
# distance from previous block
# <min> <max>
9	19

[block]
# block no. 2 follows, 47 sequences, length 30
# corresponding to MSA columns:
# 160-189
name=unknown_C
#
# <colnr> <probs for GDERKNQSTAVLIFYWHMCP>
#	G	D	E	R	K	N	Q	S	T	A	V	L	I	F	Y	W	H	M	C	P
0	0.04408	0.06369	0.07799	0.04004	0.03294	0.15847	0.01047	0.35960	0.10491	0.02376	0.01186	0.01242	0.00886	0.00585	0.00490	0.00153	0.00630	0.00434	0.02027	0.00775
1	0.04348	0.01543	0.01462	0.10181	0.10650	0.25802	0.01021	0.14737	0.01477	0.08327	0.01039	0.01175	0.00794	0.00524	0.00475	0.00138	0.00659	0.00397	0.00347	0.14904
2	0.00757	0.00505	0.00568	0.00568	0.00568	0.00505	0.00316	0.00757	0.00757	0.01010	0.01641	0.03408	0.01893	0.81698	0.02651	0.00505	0.00505	0.00757	0.00316	0.00316
3	0.00669	0.00527	0.00604	0.00590	0.00738	0.00462	0.00440	0.00849	0.01306	0.01702	0.37045	0.07118	0.43658	0.01218	0.00617	0.00172	0.00257	0.01043	0.00523	0.00462
4	0.00725	0.00532	0.00680	0.00643	0.00771	0.00486	0.00482	0.00960	0.01446	0.02021	0.71005	0.04000	0.12125	0.01090	0.00614	0.00165	0.00247	0.00957	0.00564	0.00486
5	0.00733	0.00532	0.00691	0.00651	0.00776	0.00490	0.00488	0.00975	0.01465	0.02067	0.75855	0.03926	0.07248	0.01073	0.00614	0.00164	0.00246	0.00947	0.00570	0.00490
6	0.01139	0.01139	0.01595	0.01367	0.01367	0.01595	0.01139	0.01253	0.00798	0.01253	0.00684	0.01139	0.00684	0.00911	0.01709	0.00228	0.80745	0.00456	0.00228	0.00570
7	0.85377	0.01007	0.00765	0.00685	0.01007	0.01168	0.00564	0.01531	0.00886	0.02336	0.00725	0.00846	0.00564	0.00483	0.00322	0.00161	0.00403	0.00282	0.00322	0.00564
8	0.05447	0.00891	0.01192	0.00917	0.01317	0.00780	0.00758	0.02500	0.01468	0.75946	0.02005	0.01738	0.01262	0.00639	0.00516	0.00161	0.00442	0.00515	0.00632	0.00874
9	0.85377	0.01007	0.00765	0.00685	0.01007	0.01168	0.00564	0.01531	0.00886	0.02336	0.00725	0.00846	0.00564	0.00483	0.00322	0.00161	0.00403	0.00282	0.00322	0.00564
10	0.01980	0.01459	0.01563	0.01198	0.01615	0.01615	0.00990	0.76713	0.02448	0.03282	0.01250	0.01250	0.00886	0.00625	0.00521	0.00156	0.00573	0.00469	0.00521	0.00886
11	0.00757	0.00508	0.00582	0.00582	0.00587	0.00513	0.00334	0.00767	0.00762	0.01020	0.01628	0.03335	0.01861	0.77506	0.06799	0.00523	0.00553	0.00747	0.00314	0.00324
12	0.85377	0.01007	0.00765	0.00685	0.01007	0.01168	0.00564	0.01531	0.00886	0.02336	0.00725	0.00846	0.00564	0.00483	0.00322	0.00161	0.00403	0.00282	0.00322	0.00564
13	0.01139	0.01139	0.01595	0.01367	0.01367	0.01595	0.01139	0.01253	0.00798	0.01253	0.00684	0.01139	0.00684	0.00911	0.01709	0.00228	0.80745	0.00456	0.00228	0.00570
14	0.00757	0.00505	0.00568	0.00568	0.00568	0.00505	0.00316	0.00757	0.00757	0.01010	0.01641	0.03408	0.01893	0.81698	0.02651	0.00505	0.00505	0.00757	0.00316	0.00316
15	0.01229	0.01405	0.03073	0.02195	0.02722	0.01317	0.76558	0.01668	0.01229	0.01668	0.01054	0.01405	0.00790	0.00439	0.00615	0.00176	0.00878	0.00615	0.00263	0.00702
16	0.02336	0.00886	0.01209	0.00927	0.01329	0.00765	0.00765	0.02538	0.01491	0.78810	0.02055	0.01773	0.01289	0.00645	0.00524	0.00161	0.00443	0.00524	0.00645	0.00886
17	0.01980	0.01459	0.01563	0.01198	0.01615	0.01615	0.00990	0.76713	0.02448	0.03282	0.01250	0.01250	0.00886	0.00625	0.00521	0.00156	0.00573	0.00469	0.00521	0.00886
18	0.01208	0.01172	0.01870	0.26586	0.43473	0.04132	0.04470	0.03022	0.03017	0.01603	0.01143	0.01456	0.03510	0.00522	0.00523	0.00162	0.00646	0.00490	0.00270	0.00724
19	0.01980	0.01459	0.01563	0.01198	0.01615	0.01615	0.00990	0.76713	0.02448	0.03282	0.01250	0.01250	0.00886	0.00625	0.00521	0.00156	0.00573	0.00469	0.00521	0.00886
20	0.80486	0.01000	0.00792	0.00699	0.01026	0.01145	0.00576	0.01590	0.00922	0.06840	0.00803	0.00901	0.00607	0.00493	0.00334	0.00161	0.00405	0.00296	0.00341	0.00583
21	0.00732	0.00532	0.00689	0.00650	0.00775	0.00489	0.00487	0.00973	0.01462	0.02060	0.75161	0.03936	0.07945	0.01075	0.00614	0.00164	0.00246	0.00948	0.00570	0.00489
22	0.01237	0.01302	0.01581	0.01364	0.01397	0.11051	0.01123	0.01353	0.00880	0.01256	0.00698	0.01115	0.00682	0.00866	0.01559	0.00217	0.71072	0.00441	0.00233	0.00574
23	0.01269	0.01217	0.02078	0.08223	0.73578	0.01232	0.01588	0.01581	0.01176	0.01677	0.00976	0.01295	0.00816	0.00468	0.00516	0.00156	0.00624	0.00464	0.00256	0.00809
24	0.85377	0.01007	0.00765	0.00685	0.01007	0.01168	0.00564	0.01531	0.00886	0.02336	0.00725	0.00846	0.00564	0.00483	0.00322	0.00161	0.00403	0.00282	0.00322	0.00564
25	0.74845	0.05401	0.01036	0.00804	0.01147	0.01227	0.06005	0.01542	0.00920	0.02229	0.00748	0.00885	0.00586	0.00478	0.00344	0.00159	0.00445	0.00306	0.00313	0.00579
26	0.00643	0.00453	0.00607	0.00724	0.00753	0.00424	0.00482	0.00724	0.00987	0.01316	0.02806	0.78756	0.03361	0.01637	0.00709	0.02972	0.00307	0.01447	0.00475	0.00417
27	0.03067	0.08699	0.11033	0.01456	0.05807	0.23140	0.07038	0.09159	0.01266	0.01583	0.00866	0.01104	0.00721	0.00677	0.02283	0.00179	0.20569	0.00411	0.00274	0.00665
28	0.01262	0.01222	0.01816	0.15034	0.22553	0.08118	0.14933	0.10913	0.01322	0.01732	0.01322	0.14813	0.01233	0.00693	0.00556	0.00170	0.00648	0.00652	0.00327	0.00682
29	0.01164	0.00979	0.01117	0.00839	0.01267	0.00833	0.00668	0.07147	0.10797	0.01868	0.01146	0.03072	0.00945	0.00473	0.00420	0.00099	0.00401	0.00383	0.00356	0.66025

[dist]
# distance from previous block
# <min> <max>
0	1

[block]
# block no. 3 follows, 47 sequences, length 77
# corresponding to MSA columns:
# 193-220,227-250,255-279
name=unknown_D
#
# <colnr> <probs for GDERKNQSTAVLIFYWHMCP>
#	G	D	E	R	K	N	Q	S	T	A	V	L	I	F	Y	W	H	M	C	P
0	0.00632	0.00464	0.00593	0.00696	0.00748	0.00425	0.00470	0.00728	0.01025	0.01341	0.03227	0.70021	0.14551	0.01585	0.00657	0.00206	0.00296	0.01424	0.00483	0.00425
1	0.00795	0.00545	0.00715	0.00665	0.00798	0.00501	0.00501	0.01039	0.01475	0.04849	0.75436	0.03814	0.04783	0.01050	0.00611	0.00164	0.00253	0.00927	0.00576	0.00506
2	0.01311	0.01298	0.02066	0.06956	0.68795	0.05837	0.02917	0.01614	0.01196	0.01657	0.00968	0.01275	0.00809	0.00471	0.00515	0.00155	0.00646	0.00459	0.00257	0.00797
3	0.08347	0.00908	0.01185	0.00915	0.01313	0.00814	0.00756	0.04175	0.01469	0.71526	0.01940	0.01693	0.01227	0.00632	0.00509	0.00161	0.00443	0.00505	0.00618	0.00863
4	0.85377	0.01007	0.00765	0.00685	0.01007	0.01168	0.00564	0.01531	0.00886	0.02336	0.00725	0.00846	0.00564	0.00483	0.00322	0.00161	0.00403	0.00282	0.00322	0.00564
5	0.00757	0.00505	0.00568	0.00568	0.00568	0.00505	0.00316	0.00757	0.00757	0.01010	0.01641	0.03408	0.01893	0.81698	0.02651	0.00505	0.00505	0.00757	0.00316	0.00316
6	0.00737	0.00532	0.00696	0.00655	0.00778	0.00491	0.00491	0.00983	0.01474	0.02088	0.78175	0.03890	0.04914	0.01065	0.00614	0.00164	0.00246	0.00942	0.00573	0.00491
7	0.02336	0.00886	0.01209	0.00927	0.01329	0.00765	0.00765	0.02538	0.01491	0.78810	0.02055	0.01773	0.01289	0.00645	0.00524	0.00161	0.00443	0.00524	0.00645	0.00886
8	0.01295	0.01119	0.01178	0.01060	0.01354	0.01295	0.00824	0.02767	0.77509	0.02178	0.02120	0.01943	0.01590	0.00707	0.00530	0.00177	0.00412	0.00589	0.00530	0.00824
9	0.00983	0.00926	0.01562	0.80447	0.03587	0.01157	0.01446	0.01331	0.01041	0.01331	0.00926	0.01388	0.00694	0.00521	0.00521	0.00174	0.00694	0.00463	0.00231	0.00579
10	0.00617	0.00523	0.00532	0.00539	0.00706	0.00439	0.00401	0.00746	0.01176	0.01402	0.05134	0.09495	0.73846	0.01337	0.00618	0.00178	0.00266	0.01121	0.00484	0.00439
11	0.01980	0.01459	0.01563	0.01198	0.01615	0.01615	0.00990	0.76713	0.02448	0.03282	0.01250	0.01250	0.00886	0.00625	0.00521	0.00156	0.00573	0.00469	0.00521	0.00886
12	0.00737	0.00532	0.00696	0.00655	0.00778	0.00491	0.00491	0.00983	0.01474	0.02088	0.78175	0.03890	0.04914	0.01065	0.00614	0.00164	0.00246	0.00942	0.00573	0.00491
13	0.01320	0.01131	0.01192	0.01065	0.01364	0.01307	0.00830	0.05465	0.74771	0.02219	0.02088	0.01918	0.01564	0.00704	0.00530	0.00176	0.00418	0.00584	0.00530	0.00827
14	0.01706	0.01443	0.01520	0.01427	0.11210	0.09324	0.01024	0.39959	0.22291	0.02586	0.01404	0.01409	0.01045	0.00618	0.00518	0.00159	0.00573	0.00487	0.00465	0.00833
15	0.00634	0.00453	0.00604	0.00725	0.00755	0.00423	0.00483	0.00725	0.00997	0.01329	0.02870	0.81358	0.03444	0.01632	0.00665	0.00211	0.00302	0.01480	0.00483	0.00423
16	0.01945	0.02482	0.01476	0.01342	0.01610	0.79608	0.01006	0.02079	0.01476	0.01275	0.00805	0.00939	0.00671	0.00537	0.00470	0.00134	0.00939	0.00335	0.00268	0.00604
17	0.00762	0.00653	0.01070	0.01002	0.01116	0.00640	0.13120	0.00913	0.01028	0.01383	0.02495	0.61685	0.04527	0.01385	0.00717	0.00206	0.05121	0.01268	0.00432	0.00478
18	0.05251	0.02470	0.67747	0.01609	0.09498	0.01210	0.01825	0.01638	0.01097	0.01688	0.00928	0.01105	0.00671	0.00491	0.00488	0.00164	0.00737	0.00387	0.00229	0.00765
19	0.00636	0.00528	0.00556	0.00549	0.00716	0.00448	0.00412	0.00787	0.01236	0.01522	0.17610	0.04822	0.65832	0.01276	0.00615	0.00174	0.00261	0.01072	0.00499	0.00448
20	0.00730	0.00532	0.00686	0.00648	0.00774	0.00488	0.00486	0.00969	0.01457	0.02048	0.73894	0.03956	0.09220	0.01080	0.00614	0.00164	0.00247	0.00951	0.00568	0.00488
21	0.00983	0.00926	0.01562	0.80447	0.03587	0.01157	0.01446	0.01331	0.01041	0.01331	0.00926	0.01388	0.00694	0.00521	0.00521	0.00174	0.00694	0.00463	0.00231	0.00579
22	0.04322	0.00923	0.01202	0.00929	0.01320	0.00836	0.00766	0.08882	0.01551	0.66963	0.03493	0.01824	0.03182	0.00663	0.00522	0.00161	0.00445	0.00535	0.00620	0.00860
23	0.00634	0.00453	0.00604	0.00725	0.00755	0.00423	0.00483	0.00725	0.00997	0.01329	0.02870	0.81358	0.03444	0.01632	0.00665	0.00211	0.00302	0.01480	0.00483	0.00423
24	0.02336	0.00886	0.01209	0.00927	0.01329	0.00765	0.00765	0.02538	0.01491	0.78810	0.02055	0.01773	0.01289	0.00645	0.00524	0.00161	0.00443	0.00524	0.00645	0.00886
25	0.01068	0.00967	0.01559	0.65940	0.04977	0.01167	0.02948	0.08085	0.01173	0.01521	0.01055	0.05341	0.00853	0.00582	0.00530	0.00173	0.00666	0.00517	0.00271	0.00607
26	0.01064	0.04552	0.72681	0.01512	0.02259	0.01236	0.06282	0.01648	0.01106	0.01640	0.00936	0.01111	0.00668	0.00490	0.00498	0.00164	0.00771	0.00396	0.00223	0.00763
27	0.85377	0.01007	0.00765	0.00685	0.01007	0.01168	0.00564	0.01531	0.00886	0.02336	0.00725	0.00846	0.00564	0.00483	0.00322	0.00161	0.00403	0.00282	0.00322	0.00564
28	0.00616	0.00525	0.00530	0.00535	0.00705	0.00439	0.00399	0.00747	0.01180	0.01404	0.05188	0.07797	0.75510	0.01330	0.00617	0.00177	0.00265	0.01113	0.00484	0.00439
29	0.01087	0.00932	0.01083	0.00780	0.01238	0.00713	0.00624	0.01357	0.03474	0.01712	0.00963	0.01107	0.00797	0.00396	0.00390	0.00080	0.00386	0.00317	0.00315	0.82249
30	0.01947	0.01338	0.01467	0.01144	0.01544	0.01458	0.00939	0.57469	0.11334	0.13697	0.01467	0.01406	0.01027	0.00638	0.00522	0.00159	0.00536	0.00491	0.00539	0.00878
31	0.00681	0.00527	0.00620	0.00603	0.00745	0.00467	0.00450	0.00872	0.01334	0.01768	0.44171	0.07197	0.36300	0.01194	0.00617	0.00171	0.00256	0.01029	0.00532	0.00467
32	0.80224	0.01011	0.00800	0.00705	0.01033	0.01160	0.00581	0.03037	0.00942	0.05605	0.00792	0.00893	0.00601	0.00493	0.00335	0.00161	0.00408	0.00296	0.00340	0.00584
33	0.00790	0.00579	0.00774	0.00874	0.00998	0.00563	0.00745	0.01004	0.01185	0.01520	0.03180	0.10111	0.15457	0.01430	0.00699	0.00228	0.00434	0.58479	0.00480	0.00470
34	0.01871	0.01394	0.01504	0.01146	0.01569	0.01503	0.00945	0.67573	0.02283	0.03090	0.01211	0.01230	0.00872	0.00596	0.00505	0.00147	0.00550	0.00449	0.00495	0.11067
35	0.01080	0.00926	0.01080	0.00771	0.01234	0.00694	0.00617	0.01311	0.01080	0.01697	0.00926	0.01080	0.00771	0.00386	0.00386	0.00077	0.00386	0.00309	0.00309	0.84882
36	0.00757	0.00507	0.00579	0.00579	0.00582	0.00511	0.00329	0.00764	0.00760	0.01018	0.01631	0.03355	0.01870	0.78649	0.05668	0.00518	0.00540	0.00749	0.00314	0.00321
37	0.02129	0.01195	0.01397	0.01073	0.01482	0.01227	0.00886	0.42050	0.03289	0.37282	0.01627	0.01497	0.01079	0.00635	0.00522	0.00159	0.00512	0.00496	0.00577	0.00885
38	0.01147	0.00556	0.00594	0.00553	0.00713	0.00547	0.00425	0.03459	0.01173	0.10306	0.01725	0.01904	0.01317	0.00611	0.00386	0.00127	0.00274	0.00489	0.73155	0.00540
39	0.85377	0.01007	0.00765	0.00685	0.01007	0.01168	0.00564	0.01531	0.00886	0.02336	0.00725	0.00846	0.00564	0.00483	0.00322	0.00161	0.00403	0.00282	0.00322	0.00564
40	0.00905	0.00452	0.00678	0.00678	0.00678	0.00452	0.00452	0.00678	0.00678	0.00905	0.00905	0.01583	0.00905	0.01809	0.02035	0.84848	0.00452	0.00452	0.00226	0.00226
41	0.01833	0.01361	0.01459	0.01140	0.01526	0.01498	0.00934	0.67094	0.05280	0.03070	0.01560	0.04145	0.05266	0.00700	0.00531	0.00160	0.00541	0.00542	0.00518	0.00843
42	0.01295	0.01119	0.01178	0.01060	0.01354	0.01295	0.00824	0.02767	0.77509	0.02178	0.02120	0.01943	0.01590	0.00707	0.00530	0.00177	0.00412	0.00589	0.00530	0.00824
43	0.01391	0.01075	0.01513	0.08275	0.05593	0.01172	0.12110	0.24506	0.01505	0.04548	0.01270	0.01514	0.00979	0.02317	0.00657	0.00166	0.08464	0.00500	0.21762	0.00683
44	0.12985	0.05648	0.20768	0.03270	0.19729	0.05170	0.21846	0.01638	0.01141	0.01717	0.00931	0.01175	0.00721	0.00471	0.00499	0.00161	0.00710	0.00445	0.00257	0.00719
45	0.02888	0.00962	0.01606	0.70085	0.11858	0.01166	0.01444	0.01365	0.01054	0.01394	0.00927	0.01365	0.00706	0.00514	0.00516	0.00171	0.00679	0.00459	0.00236	0.00606
46	0.01683	0.10080	0.01590	0.02945	0.08635	0.48512	0.01011	0.01844	0.01332	0.05162	0.01144	0.01282	0.05283	0.00654	0.01981	0.00156	0.05375	0.00409	0.00291	0.00630
47	0.00691	0.00522	0.00639	0.00673	0.00787	0.00476	0.00505	0.00856	0.01211	0.01587	0.24296	0.22346	0.27359	0.03838	0.00705	0.00200	0.00307	0.12047	0.00502	0.00452
48	0.01883	0.09135	0.06176	0.01155	0.06723	0.01108	0.00932	0.09415	0.12248	0.41363	0.01688	0.01564	0.01150	0.00605	0.00500	0.00156	0.00493	0.00486	0.00515	0.02706
49	0.01653	0.03840	0.06268	0.05067	0.02872	0.01382	0.00981	0.48468	0.03698	0.04334	0.02978	0.01459	0.01041	0.03537	0.00605	0.00168	0.02351	0.00483	0.08035	0.00782
50	0.02112	0.09648	0.01334	0.00902	0.01288	0.00885	0.00758	0.02313	0.01442	0.64529	0.07741	0.01833	0.01499	0.00655	0.00510	0.00156	0.00440	0.00529	0.00593	0.00832
51	0.03864	0.60610	0.02373	0.00994	0.01393	0.20705	0.00910	0.01684	0.01154	0.01268	0.00744	0.00861	0.00666	0.00469	0.00366	0.00118	0.00645	0.00292	0.00237	0.00650
52	0.00927	0.00554	0.00709	0.00705	0.00843	0.00497	0.00515	0.01080	0.01225	0.13851	0.21386	0.36446	0.16693	0.01282	0.00621	0.00186	0.00304	0.01130	0.00531	0.00516
53	0.01875	0.01349	0.01501	0.01169	0.01558	0.01472	0.02580	0.64271	0.03654	0.07245	0.01421	0.06949	0.01099	0.00695	0.00533	0.00161	0.00550	0.00549	0.00520	0.00848
54	0.11255	0.01151	0.05464	0.01322	0.01666	0.01127	0.21789	0.05665	0.15446	0.03247	0.04555	0.02329	0.02857	0.00744	0.00619	0.00183	0.04575	0.13294	0.00390	0.02320
55	0.00708	0.00528	0.00658	0.00631	0.00762	0.00478	0.00471	0.00924	0.01397	0.01919	0.60239	0.06912	0.20176	0.01138	0.00616	0.00168	0.00251	0.00994	0.00551	0.00478
56	0.01518	0.03361	0.01192	0.05629	0.04107	0.00795	0.04493	0.03374	0.02773	0.35014	0.09847	0.02727	0.19809	0.00830	0.00556	0.00166	0.00431	0.02159	0.00521	0.00697
57	0.01252	0.01476	0.12785	0.10255	0.46073	0.05353	0.07498	0.02980	0.01191	0.01646	0.01002	0.02839	0.00828	0.00510	0.00543	0.00161	0.02110	0.00478	0.00260	0.00760
58	0.02038	0.00987	0.01229	0.00972	0.01345	0.00956	0.00792	0.13978	0.12457	0.51656	0.06443	0.01841	0.01484	0.00675	0.00530	0.00163	0.00447	0.00549	0.00605	0.00854
59	0.00642	0.00506	0.00574	0.00604	0.00725	0.00444	0.00432	0.00773	0.01157	0.01464	0.14380	0.27305	0.43823	0.03894	0.00694	0.00195	0.00280	0.01179	0.00490	0.00438
60	0.03424	0.48098	0.06005	0.01121	0.05027	0.09464	0.00990	0.02897	0.01102	0.01379	0.02196	0.01019	0.00777	0.00541	0.00558	0.00137	0.11380	0.00344	0.02886	0.00653
61	0.01988	0.01178	0.01359	0.01058	0.01443	0.01228	0.00869	0.42604	0.04967	0.29153	0.04373	0.01582	0.01215	0.00706	0.01853	0.00170	0.00517	0.00512	0.02372	0.00853
62	0.82342	0.01068	0.03580	0.00714	0.01052	0.01170	0.00613	0.01535	0.00894	0.02312	0.00733	0.00855	0.00567	0.00484	0.00328	0.00161	0.00416	0.00286	0.00319	0.00571
63	0.00749	0.00502	0.00570	0.00578	0.00580	0.00500	0.00326	0.00755	0.00773	0.01031	0.01721	0.08469	0.01994	0.76500	0.02522	0.00486	0.00492	0.00804	0.00326	0.00323
64	0.00743	0.00573	0.00683	0.00648	0.00799	0.00535	0.00488	0.01045	0.06904	0.01902	0.52029	0.04066	0.25427	0.01111	0.00608	0.00168	0.00263	0.00961	0.00545	0.00501
65	0.01080	0.00926	0.01080	0.00771	0.01234	0.00694	0.00617	0.01311	0.01080	0.01697	0.00926	0.01080	0.00771	0.00386	0.00386	0.00077	0.00386	0.00309	0.00309	0.84882
66	0.00734	0.00532	0.00692	0.00652	0.00776	0.00490	0.00489	0.00977	0.01467	0.02071	0.76341	0.03918	0.06759	0.01071	0.00614	0.00164	0.00246	0.00946	0.00571	0.00490
67	0.00640	0.00457	0.00609	0.00722	0.00756	0.00426	0.00484	0.00738	0.01021	0.01367	0.06606	0.77515	0.03517	0.01603	0.00662	0.00209	0.00299	0.01454	0.00488	0.00426
68	0.01139	0.01139	0.01595	0.01367	0.01367	0.01595	0.01139	0.01253	0.00798	0.01253	0.00684	0.01139	0.00684	0.00911	0.01709	0.00228	0.80745	0.00456	0.00228	0.00570
69	0.85377	0.01007	0.00765	0.00685	0.01007	0.01168	0.00564	0.01531	0.00886	0.02336	0.00725	0.00846	0.00564	0.00483	0.00322	0.00161	0.00403	0.00282	0.00322	0.00564
70	0.01392	0.82012	0.02729	0.00891	0.01337	0.02061	0.00891	0.01559	0.01058	0.01225	0.00724	0.00835	0.00668	0.00446	0.00334	0.00111	0.00557	0.00278	0.00223	0.00668
71	0.02287	0.00875	0.01193	0.00918	0.01312	0.00757	0.00757	0.02490	0.01490	0.76425	0.04421	0.01838	0.01402	0.00658	0.00527	0.00161	0.00437	0.00537	0.00642	0.00874
72	0.00737	0.00532	0.00696	0.00655	0.00778	0.00491	0.00491	0.00983	0.01474	0.02088	0.78175	0.03890	0.04914	0.01065	0.00614	0.00164	0.00246	0.00942	0.00573	0.00491
73	0.00670	0.00490	0.00656	0.05384	0.00900	0.00477	0.00520	0.00770	0.00986	0.01310	0.04071	0.64878	0.04823	0.10411	0.00874	0.00240	0.00346	0.01322	0.00452	0.00422
74	0.01392	0.82012	0.02729	0.00891	0.01337	0.02061	0.00891	0.01559	0.01058	0.01225	0.00724	0.00835	0.00668	0.00446	0.00334	0.00111	0.00557	0.00278	0.00223	0.00668
75	0.01384	0.14709	0.26807	0.04108	0.01788	0.12173	0.01287	0.12970	0.07372	0.01776	0.02485	0.01193	0.00855	0.00581	0.00592	0.00158	0.08325	0.00410	0.00305	0.00721
76	0.01017	0.00770	0.00912	0.02514	0.01057	0.00812	0.00651	0.16716	0.05142	0.03051	0.06865	0.34926	0.14328	0.03167	0.00722	0.00197	0.05094	0.01022	0.00477	0.00562

[dist]
# distance from previous block
# <min> <max>
0	6

[block]
# block no. 4 follows, 47 sequences, length 38
# corresponding to MSA columns:
# 286-305,361-378
name=unknown_E
#
# <colnr> <probs for GDERKNQSTAVLIFYWHMCP>
#	G	D	E	R	K	N	Q	S	T	A	V	L	I	F	Y	W	H	M	C	P
0	0.00971	0.00991	0.02000	0.01556	0.01867	0.00928	0.43500	0.01258	0.01128	0.01521	0.01843	0.36149	0.01944	0.00957	0.00636	0.00191	0.00628	0.00991	0.00359	0.00581
1	0.52276	0.24021	0.10072	0.00832	0.01239	0.01424	0.00808	0.01552	0.00959	0.01946	0.00748	0.00871	0.00604	0.00474	0.00345	0.00148	0.00487	0.00292	0.00283	0.00616
2	0.00971	0.00485	0.00485	0.00485	0.00607	0.00485	0.00364	0.01213	0.01092	0.01942	0.01699	0.01942	0.01335	0.00607	0.00364	0.00121	0.00243	0.00485	0.84589	0.00485
3	0.01315	0.01105	0.01164	0.01039	0.01331	0.01272	0.00810	0.06557	0.69822	0.02224	0.02053	0.01907	0.01540	0.00697	0.00521	0.00173	0.00412	0.00577	0.04668	0.00811
4	0.00615	0.00528	0.00528	0.00528	0.00703	0.00440	0.00396	0.00747	0.01187	0.01407	0.05276	0.05012	0.78238	0.01319	0.00615	0.00176	0.00264	0.01099	0.00484	0.00440
5	0.00634	0.00453	0.00604	0.00725	0.00755	0.00423	0.00483	0.00725	0.00997	0.01329	0.02870	0.81358	0.03444	0.01632	0.00665	0.00211	0.00302	0.01480	0.00483	0.00423
6	0.01980	0.01459	0.01563	0.01198	0.01615	0.01615	0.00990	0.76713	0.02448	0.03282	0.01250	0.01250	0.00886	0.00625	0.00521	0.00156	0.00573	0.00469	0.00521	0.00886
7	0.85377	0.01007	0.00765	0.00685	0.01007	0.01168	0.00564	0.01531	0.00886	0.02336	0.00725	0.00846	0.00564	0.00483	0.00322	0.00161	0.00403	0.00282	0.00322	0.00564
8	0.01392	0.82012	0.02729	0.00891	0.01337	0.02061	0.00891	0.01559	0.01058	0.01225	0.00724	0.00835	0.00668	0.00446	0.00334	0.00111	0.00557	0.00278	0.00223	0.00668
9	0.00781	0.00543	0.00713	0.00670	0.00800	0.00501	0.00507	0.01025	0.01468	0.04059	0.74290	0.03886	0.04771	0.01063	0.00615	0.00166	0.00257	0.02811	0.00573	0.00501
10	0.00622	0.00524	0.00540	0.00552	0.00716	0.00442	0.00412	0.00754	0.01174	0.01405	0.05047	0.10352	0.71210	0.01344	0.00621	0.00180	0.00272	0.02909	0.00483	0.00439
11	0.00641	0.00532	0.00563	0.00564	0.00730	0.00453	0.00428	0.00791	0.01222	0.01495	0.13822	0.04920	0.65887	0.01294	0.00620	0.00178	0.00272	0.04645	0.00494	0.00448
12	0.01211	0.01047	0.01562	0.62373	0.03137	0.01261	0.01342	0.18523	0.01362	0.01776	0.01000	0.01357	0.00738	0.00544	0.00521	0.00170	0.00667	0.00464	0.00297	0.00649
13	0.01110	0.01098	0.01570	0.10756	0.01619	0.01517	0.01162	0.01254	0.00828	0.01261	0.00732	0.01194	0.00702	0.00947	0.03710	0.00238	0.69045	0.00459	0.00230	0.00568
14	0.00634	0.00453	0.00604	0.00725	0.00755	0.00423	0.00483	0.00725	0.00997	0.01329	0.02870	0.81358	0.03444	0.01632	0.00665	0.00211	0.00302	0.01480	0.00483	0.00423
15	0.02320	0.00913	0.01225	0.00939	0.01343	0.00805	0.00776	0.05956	0.01535	0.75330	0.02017	0.01748	0.01271	0.00644	0.00524	0.00161	0.00449	0.00521	0.00639	0.00886
16	0.03184	0.07830	0.17612	0.01414	0.01923	0.01144	0.23875	0.03629	0.01308	0.28610	0.03395	0.01478	0.01035	0.00544	0.00529	0.00162	0.00646	0.00509	0.00400	0.00773
17	0.00896	0.01053	0.12279	0.01157	0.01360	0.00934	0.09772	0.01132	0.01003	0.01432	0.06922	0.25213	0.01902	0.01498	0.13453	0.00301	0.17990	0.00817	0.00339	0.00548
18	0.00746	0.00542	0.00685	0.00762	0.00837	0.00524	0.00539	0.06317	0.01130	0.01494	0.02911	0.64991	0.08438	0.01523	0.00654	0.00207	0.00331	0.06421	0.00486	0.00462
19	0.02826	0.01206	0.01929	0.07398	0.54389	0.02646	0.05125	0.06197	0.03826	0.01779	0.01159	0.03024	0.01004	0.00561	0.00531	0.00163	0.00615	0.04552	0.00299	0.00773
20	0.01080	0.00926	0.01080	0.00771	0.01234	0.00694	0.00617	0.01311	0.01080	0.01697	0.00926	0.01080	0.00771	0.00386	0.00386	0.00077	0.00386	0.00309	0.00309	0.84882
21	0.01284	0.14050	0.34506	0.03266	0.17367	0.08675	0.04465	0.05345	0.01208	0.01626	0.00913	0.01109	0.00713	0.00501	0.00512	0.00154	0.02915	0.00397	0.00249	0.00744
22	0.00775	0.00568	0.00799	0.00790	0.00872	0.00643	0.00590	0.02657	0.00858	0.01216	0.01442	0.02307	0.01414	0.19798	0.61992	0.00753	0.01193	0.00597	0.00292	0.00444
23	0.00737	0.00532	0.00696	0.00655	0.00778	0.00491	0.00491	0.00983	0.01474	0.02088	0.78175	0.03890	0.04914	0.01065	0.00614	0.00164	0.00246	0.00942	0.00573	0.00491
24	0.00733	0.00532	0.00691	0.00651	0.00776	0.00490	0.00488	0.00975	0.01465	0.02066	0.75750	0.03927	0.07353	0.01073	0.00614	0.00164	0.00246	0.00947	0.00570	0.00490
25	0.00757	0.00505	0.00568	0.00568	0.00568	0.00505	0.00316	0.00757	0.00757	0.01010	0.01641	0.03408	0.01893	0.81698	0.02651	0.00505	0.00505	0.00757	0.00316	0.00316
26	0.00634	0.00453	0.00604	0.00725	0.00755	0.00423	0.00483	0.00725	0.00997	0.01329	0.02870	0.81358	0.03444	0.01632	0.00665	0.00211	0.00302	0.01480	0.00483	0.00423
27	0.01295	0.01119	0.01178	0.01060	0.01354	0.01295	0.00824	0.02767	0.77509	0.02178	0.02120	0.01943	0.01590	0.00707	0.00530	0.00177	0.00412	0.00589	0.00530	0.00824
28	0.01458	0.72555	0.02580	0.00945	0.01369	0.11282	0.00905	0.01621	0.01108	0.01231	0.00734	0.00848	0.00669	0.00456	0.00350	0.00114	0.00602	0.00285	0.00228	0.00661
29	0.00737	0.00532	0.00696	0.00655	0.00778	0.00491	0.00491	0.00983	0.01474	0.02088	0.78175	0.03890	0.04914	0.01065	0.00614	0.00164	0.00246	0.00942	0.00573	0.00491
30	0.00857	0.00676	0.00870	0.00840	0.00944	0.00713	0.00617	0.05385	0.01026	0.01434	0.01974	0.40240	0.02227	0.09444	0.09527	0.00291	0.11061	0.00975	0.00392	0.10507
31	0.85377	0.01007	0.00765	0.00685	0.01007	0.01168	0.00564	0.01531	0.00886	0.02336	0.00725	0.00846	0.00564	0.00483	0.00322	0.00161	0.00403	0.00282	0.00322	0.00564
32	0.00737	0.00532	0.00696	0.00655	0.00778	0.00491	0.00491	0.00983	0.01474	0.02088	0.78175	0.03890	0.04914	0.01065	0.00614	0.00164	0.00246	0.00942	0.00573	0.00491
33	0.00746	0.00550	0.00795	0.00795	0.00873	0.00628	0.00598	0.00903	0.00824	0.01178	0.01433	0.02260	0.01395	0.16112	0.67555	0.00785	0.01255	0.00589	0.00285	0.00442
34	0.01421	0.78123	0.02673	0.00906	0.01350	0.02039	0.00896	0.05187	0.01125	0.01325	0.00749	0.00855	0.00679	0.00454	0.00343	0.00114	0.00558	0.00288	0.00237	0.00679
35	0.00991	0.00924	0.01535	0.74510	0.03401	0.01160	0.01403	0.01324	0.01031	0.01343	0.00934	0.01391	0.00711	0.00542	0.00574	0.00175	0.04546	0.00463	0.02467	0.00576
36	0.01143	0.00963	0.01114	0.00801	0.01261	0.00758	0.00643	0.06565	0.01175	0.01807	0.00948	0.01092	0.00779	0.00402	0.00395	0.00083	0.00399	0.00320	0.00323	0.79029
37	0.01080	0.00926	0.01080	0.00771	0.01234	0.00694	0.00617	0.01311	0.01080	0.01697	0.00926	0.01080	0.00771	0.00386	0.00386	0.00077	0.00386	0.00309	0.00309	0.84882

[dist]
# distance from previous block
# <min> <max>
0	2

[block]
# block no. 5 follows, 47 sequences, length 11
# corresponding to MSA columns:
# 396-406
name=unknown_F
#
# <colnr> <probs for GDERKNQSTAVLIFYWHMCP>
#	G	D	E	R	K	N	Q	S	T	A	V	L	I	F	Y	W	H	M	C	P
0	0.01421	0.01199	0.05344	0.01057	0.01389	0.01241	0.00877	0.20999	0.41262	0.05565	0.12083	0.01980	0.01799	0.00721	0.00537	0.00169	0.00450	0.00593	0.00522	0.00794
1	0.01139	0.25558	0.39826	0.01243	0.01801	0.03508	0.05375	0.01541	0.01114	0.01518	0.06378	0.01294	0.01013	0.00744	0.05674	0.00193	0.00722	0.00415	0.00253	0.00692
2	0.01168	0.01101	0.04891	0.00854	0.01322	0.03547	0.00718	0.06320	0.01185	0.01784	0.00943	0.01087	0.00770	0.00412	0.00403	0.00089	0.00436	0.00324	0.00317	0.72330
3	0.21237	0.25868	0.01684	0.01045	0.01360	0.29392	0.00872	0.01757	0.03801	0.01538	0.00799	0.00936	0.00678	0.00531	0.00489	0.00142	0.06656	0.00324	0.00273	0.00619
4	0.02311	0.00927	0.01234	0.00946	0.01350	0.00826	0.00781	0.07792	0.01558	0.73460	0.01998	0.01736	0.01261	0.00643	0.00524	0.00161	0.00452	0.00520	0.00636	0.00886
5	0.00775	0.00604	0.00760	0.05924	0.01001	0.00590	0.00571	0.01098	0.07201	0.01893	0.50438	0.03859	0.19017	0.01063	0.00605	0.00170	0.00298	0.03094	0.00527	0.00512
6	0.00634	0.00453	0.00604	0.00725	0.00755	0.00423	0.00483	0.00725	0.00997	0.01329	0.02870	0.81358	0.03444	0.01632	0.00665	0.00211	0.00302	0.01480	0.00483	0.00423
7	0.00632	0.00464	0.00593	0.00697	0.00748	0.00425	0.00471	0.00728	0.01024	0.01340	0.03210	0.70584	0.13999	0.01587	0.00658	0.00206	0.00297	0.01427	0.00483	0.00425
8	0.01102	0.01091	0.01983	0.47333	0.20778	0.01207	0.16073	0.01458	0.01111	0.01482	0.00963	0.01369	0.00743	0.00492	0.00538	0.00170	0.00712	0.00493	0.00244	0.00660
9	0.01063	0.02585	0.73243	0.01612	0.07959	0.01212	0.01900	0.01645	0.01106	0.01653	0.00938	0.01114	0.00672	0.00492	0.00496	0.00164	0.00758	0.00391	0.00223	0.00774
10	0.00615	0.00528	0.00528	0.00528	0.00703	0.00440	0.00396	0.00747	0.01187	0.01407	0.05276	0.05012	0.78238	0.01319	0.00615	0.00176	0.00264	0.01099	0.00484	0.00440

[dist]
# distance from previous block
# <min> <max>
0	26

[block]
# block no. 6 follows, 47 sequences, length 16
# corresponding to MSA columns:
# 433-436,444-455
name=unknown_G
#
# <colnr> <probs for GDERKNQSTAVLIFYWHMCP>
#	G	D	E	R	K	N	Q	S	T	A	V	L	I	F	Y	W	H	M	C	P
0	0.01885	0.03672	0.11959	0.00977	0.01393	0.00869	0.00902	0.05710	0.01466	0.51223	0.12593	0.01925	0.01676	0.00676	0.00526	0.00160	0.00470	0.00553	0.00557	0.00807
1	0.00737	0.00532	0.00696	0.00655	0.00778	0.00491	0.00491	0.00983	0.01474	0.02088	0.78175	0.03890	0.04914	0.01065	0.00614	0.00164	0.00246	0.00942	0.00573	0.00491
2	0.15913	0.31814	0.01745	0.11710	0.01566	0.05126	0.00879	0.04423	0.01128	0.11027	0.01008	0.01174	0.00804	0.00857	0.08637	0.00213	0.00641	0.00373	0.00312	0.00649
3	0.01126	0.16901	0.58347	0.01483	0.05325	0.01370	0.05292	0.01632	0.01102	0.01576	0.00904	0.01074	0.00674	0.00482	0.00472	0.00155	0.00730	0.00380	0.00224	0.00750
4	0.03715	0.62625	0.06246	0.01036	0.03943	0.08269	0.00963	0.01668	0.04943	0.01344	0.00820	0.00928	0.00717	0.00470	0.00369	0.00122	0.00589	0.00310	0.00246	0.00678
5	0.76791	0.01103	0.03946	0.00749	0.01095	0.01198	0.00645	0.06233	0.00992	0.02368	0.00766	0.00881	0.00588	0.00493	0.00342	0.00161	0.00428	0.00298	0.00331	0.00592
6	0.06225	0.01496	0.01472	0.04818	0.03461	0.11833	0.00978	0.52085	0.05214	0.02732	0.01311	0.01348	0.03414	0.00624	0.00507	0.00156	0.00602	0.00467	0.00457	0.00799
7	0.00905	0.00452	0.00678	0.00678	0.00678	0.00452	0.00452	0.00678	0.00678	0.00905	0.00905	0.01583	0.00905	0.01809	0.02035	0.84848	0.00452	0.00452	0.00226	0.00226
8	0.01703	0.02737	0.01555	0.03685	0.11145	0.01449	0.01035	0.52318	0.06782	0.02743	0.01326	0.01554	0.01033	0.02708	0.02706	0.00187	0.00589	0.03462	0.00462	0.00820
9	0.00688	0.00530	0.00628	0.00604	0.00748	0.00471	0.00453	0.00888	0.01359	0.01815	0.48908	0.04340	0.34351	0.01167	0.00615	0.00169	0.00253	0.01005	0.00537	0.00471
10	0.00826	0.00658	0.04024	0.00711	0.00880	0.00558	0.00569	0.01119	0.04426	0.05176	0.60604	0.06813	0.09532	0.01050	0.00604	0.00167	0.00286	0.00920	0.00550	0.00526
11	0.01387	0.06427	0.02029	0.06964	0.52492	0.10519	0.03836	0.05258	0.03073	0.01687	0.00982	0.01242	0.00810	0.00487	0.00503	0.00152	0.00658	0.00445	0.00275	0.00774
12	0.01080	0.00926	0.01080	0.00771	0.01234	0.00694	0.00617	0.01311	0.01080	0.01697	0.00926	0.01080	0.00771	0.00386	0.00386	0.00077	0.00386	0.00309	0.00309	0.84882
13	0.01355	0.00999	0.01249	0.06279	0.09782	0.04817	0.02627	0.01917	0.21057	0.16436	0.15489	0.03570	0.03079	0.00722	0.00537	0.00161	0.00461	0.01984	0.00473	0.07007
14	0.00689	0.00508	0.00680	0.04492	0.00912	0.00483	0.00536	0.00798	0.00994	0.01335	0.02590	0.65763	0.03056	0.06844	0.00777	0.00223	0.00344	0.03651	0.00451	0.04874
15	0.06376	0.04119	0.22078	0.03886	0.08916	0.01189	0.28628	0.01516	0.01117	0.01639	0.01146	0.09184	0.00998	0.00593	0.00577	0.00170	0.03272	0.00576	0.00276	0.03744

[dist]
# distance from previous block
# <min> <max>
1	11

[block]
# block no. 7 follows, 47 sequences, length 49
# corresponding to MSA columns:
# 476-504,509-519,528-536
name=unknown_H
#
# <colnr> <probs for GDERKNQSTAVLIFYWHMCP>
#	G	D	E	R	K	N	Q	S	T	A	V	L	I	F	Y	W	H	M	C	P
0	0.12020	0.01336	0.09530	0.01617	0.11638	0.01177	0.22331	0.07065	0.04380	0.08189	0.01101	0.01277	0.00827	0.00503	0.00540	0.00156	0.03271	0.00464	0.00331	0.12246
1	0.00728	0.00532	0.00684	0.00646	0.00773	0.00488	0.00485	0.00966	0.01454	0.02040	0.72957	0.03970	0.10162	0.01083	0.00614	0.00165	0.00247	0.00953	0.00567	0.00488
2	0.01103	0.06562	0.61911	0.01726	0.13691	0.01260	0.03349	0.01637	0.01113	0.01635	0.00933	0.01121	0.00688	0.00486	0.00492	0.00161	0.00738	0.00396	0.00227	0.00771
3	0.00800	0.00662	0.00714	0.00699	0.00872	0.00659	0.00523	0.01236	0.18857	0.01544	0.03795	0.09509	0.42489	0.07766	0.04864	0.00241	0.00386	0.03395	0.00470	0.00521
4	0.01531	0.01292	0.05730	0.04386	0.01576	0.01356	0.00960	0.25288	0.43172	0.06340	0.01734	0.01651	0.01269	0.00659	0.00524	0.00169	0.00495	0.00532	0.00503	0.00833
5	0.00819	0.00554	0.00724	0.00682	0.00820	0.00510	0.00522	0.01058	0.01450	0.05849	0.67852	0.03932	0.06899	0.01073	0.00616	0.00168	0.00269	0.05126	0.00569	0.00509
6	0.04311	0.00913	0.01212	0.00932	0.01333	0.00810	0.00770	0.05566	0.01515	0.73870	0.01990	0.01729	0.01255	0.00640	0.00519	0.00161	0.00448	0.00516	0.00632	0.00879
7	0.02292	0.00958	0.01253	0.00961	0.01365	0.00872	0.00794	0.11883	0.01611	0.69294	0.01953	0.01707	0.01238	0.00642	0.00523	0.00161	0.00459	0.00517	0.00629	0.00886
8	0.01139	0.01139	0.01595	0.01367	0.01367	0.01595	0.01139	0.01253	0.00798	0.01253	0.00684	0.01139	0.00684	0.00911	0.01709	0.00228	0.80745	0.00456	0.00228	0.00570
9	0.01392	0.82012	0.02729	0.00891	0.01337	0.02061	0.00891	0.01559	0.01058	0.01225	0.00724	0.00835	0.00668	0.00446	0.00334	0.00111	0.00557	0.00278	0.00223	0.00668
10	0.01295	0.01119	0.01178	0.01060	0.01354	0.01295	0.00824	0.02767	0.77509	0.02178	0.02120	0.01943	0.01590	0.00707	0.00530	0.00177	0.00412	0.00589	0.00530	0.00824
11	0.01295	0.01119	0.01178	0.01060	0.01354	0.01295	0.00824	0.02767	0.77509	0.02178	0.02120	0.01943	0.01590	0.00707	0.00530	0.00177	0.00412	0.00589	0.00530	0.00824
12	0.85377	0.01007	0.00765	0.00685	0.01007	0.01168	0.00564	0.01531	0.00886	0.02336	0.00725	0.00846	0.00564	0.00483	0.00322	0.00161	0.00403	0.00282	0.00322	0.00564
