[name]
unknown

[dist]
# distance from previous block
# <min> <max>
0	58

[block]
# block no. 0 follows, 46 sequences, length 17
# corresponding to MSA columns:
# 58-74
name=unknown_A
#
# <colnr> <probs for GDERKNQSTAVLIFYWHMCP>
#	G	D	E	R	K	N	Q	S	T	A	V	L	I	F	Y	W	H	M	C	P
0	0.06057	0.04028	0.01045	0.00991	0.01193	0.05472	0.00851	0.06413	0.01322	0.08614	0.02313	0.04476	0.02365	0.01182	0.00645	0.00214	0.00516	0.51258	0.00472	0.00572
1	0.23328	0.01214	0.06417	0.01053	0.04092	0.04163	0.00871	0.11858	0.05886	0.32189	0.02950	0.01444	0.01071	0.00601	0.00477	0.00163	0.00499	0.00454	0.00488	0.00783
2	0.17505	0.45801	0.13825	0.01001	0.01464	0.07978	0.01013	0.03522	0.01117	0.01583	0.00788	0.00910	0.00663	0.00479	0.00378	0.00134	0.00600	0.00309	0.00256	0.00674
3	0.06640	0.34049	0.07718	0.01136	0.01536	0.30671	0.01016	0.08785	0.01357	0.01557	0.00832	0.00947	0.00693	0.00510	0.00420	0.00133	0.00718	0.00331	0.00277	0.00676
4	0.00642	0.00470	0.00603	0.00709	0.00760	0.00432	0.00479	0.00739	0.01038	0.01360	0.03238	0.70975	0.13388	0.01614	0.00668	0.00210	0.00302	0.01451	0.00491	0.00432
5	0.00769	0.00513	0.00577	0.00577	0.00577	0.00513	0.00320	0.00769	0.00769	0.01025	0.01666	0.03460	0.01922	0.81421	0.02691	0.00513	0.00513	0.00769	0.00320	0.00320
6	0.07437	0.03746	0.43783	0.01426	0.02008	0.01241	0.11656	0.08997	0.01251	0.01869	0.03806	0.05693	0.01014	0.00604	0.00558	0.00171	0.03211	0.00505	0.00295	0.00730
7	0.69070	0.16527	0.01160	0.00735	0.01087	0.01360	0.00636	0.01560	0.00933	0.02155	0.00736	0.00857	0.00593	0.00483	0.00329	0.00154	0.00439	0.00286	0.00308	0.00593
8	0.00644	0.00460	0.00613	0.00736	0.00767	0.00429	0.00491	0.00736	0.01012	0.01350	0.02914	0.81076	0.03497	0.01656	0.00675	0.00215	0.00307	0.01503	0.00491	0.00429
9	0.01096	0.00940	0.01096	0.00783	0.01253	0.00705	0.00626	0.01331	0.01096	0.01723	0.00940	0.01096	0.00783	0.00392	0.00392	0.00078	0.00392	0.00313	0.00313	0.84653
10	0.01205	0.00936	0.01107	0.00796	0.01261	0.00711	0.00639	0.01437	0.01132	0.08262	0.01037	0.01156	0.00828	0.00414	0.00403	0.00086	0.00396	0.00332	0.00342	0.77518
11	0.01074	0.00916	0.01072	0.00781	0.01229	0.00691	0.00620	0.01301	0.01092	0.01704	0.01038	0.05098	0.00919	0.00455	0.00406	0.00085	0.00387	0.00373	0.00322	0.80438
12	0.01901	0.01188	0.01352	0.01066	0.01439	0.01248	0.00869	0.43196	0.06530	0.22912	0.06299	0.04549	0.03530	0.00727	0.00544	0.00164	0.00499	0.00581	0.00563	0.00842
13	0.01934	0.01229	0.01435	0.01191	0.04506	0.07164	0.03520	0.21179	0.07259	0.33002	0.01641	0.01571	0.02471	0.00639	0.00573	0.00160	0.03793	0.00503	0.00515	0.05713
14	0.01492	0.06020	0.02846	0.04593	0.04309	0.09015	0.08019	0.07503	0.06836	0.14830	0.03225	0.06039	0.01181	0.00626	0.00553	0.00149	0.03813	0.00519	0.00397	0.18035
15	0.01430	0.01214	0.01565	0.01239	0.03118	0.08727	0.13648	0.04791	0.07610	0.12269	0.01281	0.04353	0.01020	0.00575	0.00582	0.00142	0.06039	0.00488	0.00376	0.29534
16	0.06159	0.01223	0.04008	0.01228	0.01621	0.03310	0.15037	0.16728	0.08862	0.08670	0.05454	0.05385	0.01274	0.00633	0.00558	0.00156	0.02926	0.00550	0.00417	0.15802

[dist]
# distance from previous block
# <min> <max>
11	45

[block]
# block no. 1 follows, 46 sequences, length 21
# corresponding to MSA columns:
# 134-154
name=unknown_B
#
# <colnr> <probs for GDERKNQSTAVLIFYWHMCP>
#	G	D	E	R	K	N	Q	S	T	A	V	L	I	F	Y	W	H	M	C	P
0	0.01389	0.04929	0.01353	0.05382	0.04125	0.00936	0.03582	0.09773	0.01330	0.14050	0.02635	0.03505	0.03657	0.00552	0.00466	0.00123	0.00465	0.00459	0.00394	0.40894
1	0.01431	0.03014	0.03829	0.00910	0.01268	0.06017	0.00751	0.11133	0.03538	0.16666	0.13434	0.05414	0.05440	0.00706	0.00508	0.00140	0.00451	0.00578	0.00463	0.24310
2	0.01381	0.01032	0.01254	0.04815	0.01461	0.00974	0.03110	0.17155	0.07953	0.09474	0.05191	0.04693	0.03151	0.00611	0.00488	0.00132	0.00456	0.00508	0.00430	0.35731
3	0.01493	0.01038	0.03132	0.00929	0.01321	0.00919	0.00765	0.19562	0.01515	0.16698	0.02848	0.09223	0.02936	0.00683	0.00499	0.00137	0.00447	0.02378	0.00457	0.33020
4	0.08805	0.00921	0.01071	0.06283	0.01365	0.00789	0.00680	0.03544	0.01156	0.07311	0.01432	0.01531	0.08118	0.00526	0.00431	0.00111	0.00413	0.00418	0.00357	0.54739
5	0.01384	0.01058	0.01255	0.03981	0.10145	0.06689	0.00817	0.01615	0.01224	0.15509	0.03391	0.03196	0.02545	0.00530	0.00460	0.00118	0.00474	0.00438	0.00378	0.44793
6	0.01348	0.01090	0.01248	0.03298	0.01433	0.00979	0.00757	0.22239	0.01482	0.02160	0.01031	0.01154	0.00813	0.00463	0.00434	0.00104	0.00454	0.00363	0.00371	0.58779
7	0.01225	0.00664	0.00817	0.00708	0.00953	0.00572	0.00554	0.01412	0.01365	0.26071	0.21514	0.05466	0.31725	0.01036	0.00588	0.00168	0.00326	0.00875	0.00559	0.03403
8	0.00643	0.00463	0.00610	0.00728	0.00765	0.00430	0.00487	0.00737	0.01020	0.01353	0.03009	0.78099	0.06412	0.01644	0.00673	0.00213	0.00305	0.01488	0.00491	0.00430
9	0.01472	0.01245	0.02009	0.02843	0.63886	0.01249	0.01487	0.08801	0.01354	0.08858	0.01120	0.01349	0.00886	0.00503	0.00525	0.00158	0.00607	0.00477	0.00323	0.00849
10	0.06612	0.01455	0.01542	0.01188	0.01605	0.01614	0.00981	0.72220	0.02398	0.03279	0.01240	0.01247	0.00881	0.00627	0.00518	0.00159	0.00572	0.00465	0.00518	0.00881
11	0.06816	0.00983	0.01235	0.00958	0.01351	0.00926	0.00789	0.14424	0.01636	0.58347	0.05573	0.01766	0.01381	0.00663	0.00524	0.00163	0.00459	0.00530	0.00612	0.00862
12	0.00965	0.00542	0.00727	0.00774	0.00875	0.00494	0.00544	0.01078	0.01105	0.15682	0.02760	0.66346	0.03090	0.01470	0.00648	0.00205	0.00333	0.01322	0.00521	0.00517
13	0.01473	0.01243	0.02008	0.02842	0.63885	0.01245	0.01486	0.08508	0.01350	0.09157	0.01123	0.01351	0.00888	0.00503	0.00525	0.00158	0.00607	0.00477	0.00323	0.00849
14	0.01227	0.00996	0.01568	0.63422	0.05215	0.01185	0.01365	0.08587	0.01238	0.08562	0.01077	0.01429	0.00782	0.00549	0.00529	0.00173	0.00668	0.00476	0.00302	0.00652
15	0.01357	0.09982	0.06887	0.01495	0.17818	0.01265	0.01062	0.14209	0.11497	0.01994	0.01142	0.01263	0.00904	0.00518	0.00492	0.00135	0.02215	0.00417	0.00351	0.24996
16	0.01296	0.01367	0.04079	0.17111	0.48513	0.11217	0.01467	0.01594	0.01212	0.01585	0.01173	0.01460	0.04546	0.00534	0.00523	0.00159	0.00671	0.00483	0.00268	0.00741
17	0.01364	0.01078	0.03166	0.00927	0.01352	0.00943	0.00766	0.13530	0.06339	0.08964	0.01211	0.03041	0.00958	0.00528	0.00497	0.00117	0.03545	0.00412	0.00392	0.50870
18	0.01540	0.04519	0.01283	0.02072	0.01371	0.02453	0.00789	0.16111	0.17974	0.15898	0.08757	0.01707	0.01471	0.00628	0.00498	0.00143	0.00452	0.00507	0.00484	0.21344
19	0.01379	0.05208	0.34940	0.01359	0.01941	0.01187	0.11309	0.10240	0.02508	0.12456	0.02793	0.01423	0.02825	0.00555	0.00515	0.00158	0.00657	0.00472	0.00349	0.07725
20	0.01456	0.09231	0.18600	0.01335	0.08583	0.03479	0.01166	0.28002	0.01631	0.02238	0.06166	0.01389	0.01093	0.02135	0.00534	0.00153	0.00591	0.00452	0.00374	0.11392

[dist]
# distance from previous block
# <min> <max>
1	24

[block]
# block no. 2 follows, 46 sequences, length 11
# corresponding to MSA columns:
# 191-201
name=unknown_C
#
# <colnr> <probs for GDERKNQSTAVLIFYWHMCP>
#	G	D	E	R	K	N	Q	S	T	A	V	L	I	F	Y	W	H	M	C	P
0	0.01664	0.01172	0.05394	0.05050	0.11277	0.02574	0.01027	0.13473	0.06357	0.26017	0.04174	0.04838	0.01265	0.00683	0.00640	0.00167	0.07879	0.00542	0.00462	0.05343
1	0.04286	0.01117	0.12897	0.00968	0.01337	0.00845	0.00894	0.01803	0.01338	0.32548	0.20353	0.02081	0.02001	0.00726	0.00617	0.00162	0.06237	0.00581	0.00497	0.08712
2	0.09698	0.01116	0.04231	0.00965	0.03066	0.03030	0.02708	0.07788	0.03145	0.07469	0.01111	0.03179	0.00893	0.00492	0.00433	0.00115	0.00461	0.00392	0.00360	0.49347
3	0.13278	0.01686	0.26482	0.01854	0.19012	0.01196	0.16158	0.01756	0.01178	0.10873	0.01087	0.01264	0.00795	0.00500	0.00509	0.00166	0.00677	0.00456	0.00306	0.00765
4	0.01290	0.01237	0.02112	0.07884	0.73630	0.01251	0.01613	0.01606	0.01195	0.01704	0.00991	0.01315	0.00829	0.00475	0.00524	0.00158	0.00633	0.00471	0.00260	0.00822
5	0.05419	0.01044	0.01611	0.57858	0.12057	0.01239	0.01387	0.10133	0.01233	0.01678	0.00974	0.01353	0.00736	0.00532	0.00518	0.00171	0.00666	0.00461	0.00277	0.00652
6	0.00667	0.00478	0.00634	0.00720	0.00772	0.00445	0.00493	0.00794	0.01120	0.01521	0.19632	0.63867	0.03829	0.01528	0.00663	0.00204	0.00294	0.01381	0.00511	0.00445
7	0.01043	0.01004	0.01754	0.67818	0.09382	0.01194	0.07553	0.01400	0.01084	0.01408	0.00954	0.01403	0.00723	0.00517	0.00536	0.00175	0.00714	0.00482	0.00240	0.00617
8	0.00769	0.00513	0.00577	0.00577	0.00577	0.00513	0.00320	0.00769	0.00769	0.01025	0.01666	0.03460	0.01922	0.81421	0.02691	0.00513	0.00513	0.00769	0.00320	0.00320
9	0.01255	0.01225	0.02158	0.14890	0.59209	0.01252	0.09058	0.01588	0.01186	0.01666	0.00994	0.01336	0.00814	0.00477	0.00534	0.00162	0.00666	0.00486	0.00258	0.00787
10	0.01336	0.01119	0.01203	0.01062	0.01373	0.01254	0.00839	0.09938	0.58852	0.02244	0.02021	0.02119	0.01583	0.00738	0.00540	0.00174	0.00438	0.05764	0.00517	0.06887

[dist]
# distance from previous block
# <min> <max>
0	1

[block]
# block no. 3 follows, 46 sequences, length 43
# corresponding to MSA columns:
# 203-245
name=unknown_D
#
# <colnr> <probs for GDERKNQSTAVLIFYWHMCP>
#	G	D	E	R	K	N	Q	S	T	A	V	L	I	F	Y	W	H	M	C	P
0	0.01312	0.01246	0.07734	0.01099	0.01429	0.01258	0.00936	0.12662	0.48586	0.02207	0.02135	0.02251	0.06226	0.00782	0.00581	0.00181	0.02393	0.05700	0.00496	0.00786
1	0.01182	0.00937	0.01042	0.00940	0.01189	0.01034	0.00727	0.02226	0.49959	0.05488	0.26086	0.02590	0.02668	0.00829	0.00565	0.00175	0.00366	0.00708	0.00557	0.00733
2	0.01359	0.69534	0.14497	0.00998	0.01501	0.01958	0.01067	0.01597	0.01081	0.01310	0.00768	0.00889	0.00677	0.00460	0.00364	0.00121	0.00599	0.00299	0.00226	0.00694
3	0.02269	0.00897	0.01207	0.00937	0.01331	0.00790	0.00770	0.02531	0.04791	0.72485	0.04766	0.01883	0.01452	0.00672	0.00535	0.00164	0.00441	0.00549	0.00647	0.00883
4	0.01900	0.01427	0.01525	0.01194	0.01598	0.01588	0.00978	0.64805	0.14218	0.03156	0.01408	0.01380	0.01011	0.00648	0.00530	0.00162	0.00556	0.00495	0.00530	0.00889
5	0.01112	0.04859	0.67997	0.01429	0.02156	0.01237	0.01793	0.05301	0.01190	0.01755	0.02664	0.01178	0.00781	0.00516	0.00497	0.00162	0.00739	0.00401	0.00250	0.03985
6	0.01431	0.01431	0.17241	0.01419	0.10554	0.01175	0.03224	0.06696	0.29217	0.13927	0.04506	0.01830	0.01385	0.00658	0.00539	0.00172	0.00541	0.02789	0.00451	0.00812
7	0.01248	0.01426	0.03119	0.02228	0.02763	0.01337	0.76203	0.01693	0.01248	0.01693	0.01070	0.01426	0.00802	0.00446	0.00624	0.00178	0.00891	0.00624	0.00267	0.00713
8	0.00724	0.00539	0.00673	0.00639	0.00775	0.00488	0.00480	0.00950	0.01439	0.01983	0.63510	0.04174	0.19408	0.01132	0.00624	0.00169	0.00253	0.00988	0.00564	0.00488
9	0.00690	0.00531	0.00584	0.00600	0.00750	0.00456	0.00438	0.00824	0.01190	0.03815	0.09102	0.21518	0.54898	0.01372	0.00633	0.00185	0.00281	0.01173	0.00501	0.00460
10	0.08228	0.18480	0.56839	0.01317	0.01994	0.01398	0.01626	0.01646	0.01089	0.01647	0.00888	0.01040	0.00663	0.00491	0.00455	0.00156	0.00706	0.00360	0.00233	0.00743
11	0.02372	0.00900	0.01227	0.00941	0.01350	0.00777	0.00777	0.02576	0.01513	0.78489	0.02086	0.01799	0.01309	0.00654	0.00532	0.00164	0.00450	0.00532	0.00654	0.00900
12	0.00833	0.00602	0.00825	0.00937	0.01063	0.00595	0.00814	0.01067	0.01216	0.01569	0.03015	0.05889	0.09360	0.01450	0.00721	0.00238	0.00468	0.68367	0.00487	0.00483
13	0.01370	0.03854	0.04201	0.03802	0.13327	0.01346	0.48823	0.08009	0.01339	0.05569	0.01103	0.01385	0.00830	0.00487	0.00603	0.00171	0.02162	0.00564	0.00304	0.00751
14	0.01308	0.01256	0.02146	0.03245	0.78123	0.01256	0.01622	0.01622	0.01204	0.01727	0.00994	0.01308	0.00837	0.00471	0.00523	0.00157	0.00628	0.00471	0.00262	0.00837
15	0.00625	0.00534	0.00538	0.00541	0.00715	0.00446	0.00404	0.00758	0.01200	0.01426	0.05292	0.07057	0.75980	0.01347	0.00626	0.00179	0.00269	0.01126	0.00491	0.00446
16	0.02067	0.00982	0.01221	0.00973	0.01349	0.00950	0.00792	0.09240	0.16734	0.53097	0.02009	0.01793	0.01335	0.00663	0.00526	0.00165	0.00447	0.00538	0.04247	0.00869
17	0.01957	0.01441	0.01549	0.01198	0.01606	0.01593	0.00985	0.73445	0.02429	0.03255	0.01333	0.04346	0.00999	0.00674	0.00534	0.00161	0.00571	0.00516	0.00527	0.00881
18	0.01157	0.01157	0.01619	0.01388	0.01388	0.01619	0.01157	0.01272	0.00810	0.01272	0.00694	0.01157	0.00694	0.00925	0.01735	0.00231	0.80453	0.00463	0.00231	0.00578
19	0.00625	0.00536	0.00536	0.00536	0.00714	0.00446	0.00402	0.00759	0.01205	0.01428	0.05355	0.05088	0.77909	0.01339	0.00625	0.00179	0.00268	0.01116	0.00491	0.00446
20	0.16569	0.01284	0.01764	0.08893	0.46796	0.06078	0.01330	0.07924	0.01263	0.01921	0.00955	0.01210	0.00774	0.00498	0.00486	0.00159	0.00611	0.00430	0.00295	0.00760
21	0.01875	0.02325	0.01467	0.01360	0.03154	0.68858	0.01006	0.02144	0.08544	0.01405	0.02489	0.01116	0.00857	0.00570	0.00486	0.00141	0.00883	0.00379	0.00303	0.00636
22	0.01189	0.00952	0.01100	0.00825	0.01250	0.00787	0.00657	0.06342	0.05979	0.05160	0.01340	0.04185	0.04169	0.00523	0.00435	0.00103	0.00400	0.00427	0.00370	0.63807
23	0.05890	0.01225	0.01372	0.01102	0.01479	0.01323	0.02265	0.34408	0.23102	0.16208	0.01656	0.03064	0.01201	0.00665	0.00523	0.00165	0.00500	0.00529	0.00533	0.02791
24	0.01308	0.01256	0.02146	0.03245	0.78123	0.01256	0.01622	0.01622	0.01204	0.01727	0.00994	0.01308	0.00837	0.00471	0.00523	0.00157	0.00628	0.00471	0.00262	0.00837
25	0.00761	0.00513	0.00581	0.00583	0.00593	0.00508	0.00333	0.00776	0.00813	0.01084	0.04618	0.05387	0.04005	0.74484	0.02513	0.00484	0.00492	0.00802	0.00338	0.00333
26	0.15436	0.01369	0.01377	0.01083	0.01481	0.06410	0.00887	0.45827	0.01966	0.13148	0.01248	0.01246	0.00882	0.00596	0.00487	0.00155	0.00551	0.00436	0.00486	0.04930
27	0.01308	0.01256	0.02146	0.03245	0.78123	0.01256	0.01622	0.01622	0.01204	0.01727	0.00994	0.01308	0.00837	0.00471	0.00523	0.00157	0.00628	0.00471	0.00262	0.00837
28	0.02372	0.00900	0.01227	0.00941	0.01350	0.00777	0.00777	0.02576	0.01513	0.78489	0.02086	0.01799	0.01309	0.00654	0.00532	0.00164	0.00450	0.00532	0.00654	0.00900
29	0.02053	0.01411	0.01543	0.01183	0.01605	0.01536	0.00977	0.67492	0.02369	0.12365	0.01367	0.01333	0.00948	0.00637	0.00529	0.00159	0.00566	0.00483	0.00544	0.00899
30	0.01308	0.01256	0.02146	0.03245	0.78123	0.01256	0.01622	0.01622	0.01204	0.01727	0.00994	0.01308	0.00837	0.00471	0.00523	0.00157	0.00628	0.00471	0.00262	0.00837
31	0.00644	0.00460	0.00613	0.00736	0.00767	0.00429	0.00491	0.00736	0.01012	0.01350	0.02914	0.81076	0.03497	0.01656	0.00675	0.00215	0.00307	0.01503	0.00491	0.00429
32	0.02296	0.00883	0.01203	0.00928	0.01323	0.00764	0.00764	0.02503	0.01512	0.74919	0.05628	0.01900	0.01481	0.00674	0.00536	0.00164	0.00440	0.00551	0.00651	0.00881
33	0.00668	0.00530	0.00604	0.00635	0.00767	0.00471	0.00466	0.00834	0.02468	0.01518	0.13962	0.25135	0.43880	0.01385	0.00641	0.00190	0.00288	0.04599	0.00503	0.00457
34	0.01230	0.01391	0.03010	0.07807	0.02826	0.01325	0.70852	0.01669	0.01234	0.01669	0.01060	0.01425	0.00795	0.00452	0.00617	0.00178	0.00878	0.00613	0.00265	0.00704
35	0.00650	0.00464	0.00620	0.00743	0.00776	0.00435	0.00501	0.00747	0.01018	0.01356	0.02910	0.78887	0.03483	0.01651	0.00676	0.00216	0.00312	0.03632	0.00491	0.00431
36	0.00632	0.00526	0.00552	0.00567	0.00724	0.00446	0.00417	0.00765	0.01190	0.01444	0.07802	0.15178	0.65197	0.01371	0.00631	0.00183	0.00272	0.01161	0.00494	0.00446
37	0.01218	0.01646	0.16561	0.02080	0.04406	0.01315	0.58343	0.01730	0.04042	0.01710	0.01086	0.01388	0.00809	0.00466	0.00597	0.00176	0.00848	0.00578	0.00269	0.00733
38	0.09299	0.00929	0.01193	0.00926	0.01322	0.00847	0.00764	0.06063	0.01509	0.66444	0.03857	0.01749	0.01320	0.00650	0.00517	0.00163	0.00448	0.00519	0.00619	0.00862
39	0.75492	0.03641	0.07412	0.00770	0.01139	0.01217	0.00699	0.01565	0.00923	0.02278	0.00754	0.00880	0.00584	0.00491	0.00342	0.00162	0.00445	0.00295	0.00315	0.00593
40	0.01892	0.01438	0.01495	0.01164	0.01561	0.04283	0.00955	0.67357	0.02343	0.03099	0.01598	0.01580	0.07390	0.00691	0.00535	0.00160	0.00568	0.00525	0.00517	0.00851
41	0.00735	0.00533	0.00692	0.00666	0.00785	0.00491	0.00495	0.00967	0.01445	0.02029	0.68830	0.10500	0.07570	0.01139	0.00628	0.00171	0.00255	0.01008	0.00571	0.00491
42	0.01292	0.01252	0.02160	0.05994	0.65157	0.01263	0.07872	0.01676	0.04922	0.01734	0.01055	0.01355	0.00867	0.00483	0.00533	0.00161	0.00643	0.00490	0.00275	0.00817

[dist]
# distance from previous block
# <min> <max>
0	2

[block]
# block no. 4 follows, 46 sequences, length 16
# corresponding to MSA columns:
# 248-263
name=unknown_E
#
# <colnr> <probs for GDERKNQSTAVLIFYWHMCP>
#	G	D	E	R	K	N	Q	S	T	A	V	L	I	F	Y	W	H	M	C	P
0	0.03708	0.01165	0.06630	0.00961	0.01439	0.00928	0.03427	0.13178	0.01346	0.07905	0.01079	0.01184	0.00829	0.00462	0.00438	0.00109	0.00471	0.00371	0.00366	0.54005
1	0.37064	0.06359	0.24018	0.01016	0.01500	0.01211	0.01056	0.04657	0.03353	0.13721	0.01066	0.01126	0.00763	0.00529	0.00425	0.00162	0.00541	0.00371	0.00354	0.00711
2	0.01295	0.01178	0.01154	0.01044	0.01319	0.07966	0.00806	0.02507	0.60762	0.02102	0.09958	0.02171	0.03904	0.00756	0.00544	0.00174	0.00443	0.00626	0.00518	0.00772
3	0.10857	0.01237	0.01339	0.02758	0.01479	0.01331	0.00873	0.48007	0.02009	0.14146	0.01743	0.01697	0.08785	0.00692	0.00517	0.00162	0.00514	0.00529	0.00516	0.00811
4	0.06851	0.56503	0.04466	0.00957	0.01374	0.06007	0.00911	0.09436	0.01231	0.01583	0.00844	0.00961	0.00725	0.00497	0.00400	0.00127	0.02171	0.00322	0.03950	0.00684
5	0.01096	0.00891	0.01366	0.03570	0.01375	0.01085	0.06970	0.01287	0.00948	0.08211	0.01229	0.01804	0.01103	0.02083	0.32384	0.00466	0.29752	0.03506	0.00303	0.00572
6	0.00756	0.00507	0.00580	0.00593	0.00596	0.00504	0.00338	0.00765	0.00794	0.01058	0.01794	0.11434	0.02084	0.73226	0.02484	0.00482	0.00491	0.00844	0.00338	0.00332
7	0.00762	0.00513	0.00568	0.00571	0.00600	0.00502	0.00337	0.00794	0.00845	0.01135	0.02120	0.05609	0.10544	0.65469	0.02266	0.00444	0.00464	0.00811	0.05299	0.00348
8	0.10629	0.03208	0.05901	0.00989	0.01411	0.01009	0.00862	0.12087	0.03834	0.51947	0.01740	0.01573	0.01134	0.00623	0.00504	0.00162	0.00485	0.00486	0.00564	0.00852
9	0.00653	0.00538	0.00577	0.00591	0.00754	0.00462	0.00450	0.00801	0.01214	0.01481	0.09599	0.09010	0.63144	0.01349	0.00636	0.00185	0.00287	0.07319	0.00496	0.00452
10	0.00644	0.00460	0.00613	0.00736	0.00767	0.00429	0.00491	0.00736	0.01012	0.01350	0.02914	0.81076	0.03497	0.01656	0.00675	0.00215	0.00307	0.01503	0.00491	0.00429
11	0.01106	0.10676	0.62373	0.06238	0.06129	0.01315	0.01800	0.01643	0.01113	0.01613	0.00929	0.01116	0.00681	0.00497	0.00488	0.00162	0.00747	0.00388	0.00226	0.00762
12	0.04510	0.00933	0.01227	0.00949	0.01353	0.00839	0.00782	0.05345	0.04175	0.70974	0.02021	0.01761	0.01284	0.00651	0.00526	0.00164	0.00453	0.00525	0.00637	0.00889
13	0.02372	0.00900	0.01227	0.00941	0.01350	0.00777	0.00777	0.02576	0.01513	0.78489	0.02086	0.01799	0.01309	0.00654	0.00532	0.00164	0.00450	0.00532	0.00654	0.00900
14	0.00852	0.00608	0.00852	0.00974	0.01095	0.00608	0.00852	0.01095	0.01217	0.01582	0.02799	0.05963	0.03042	0.01460	0.00730	0.00243	0.00487	0.74565	0.00487	0.00487
15	0.01910	0.01257	0.01407	0.01110	0.01484	0.01349	0.00903	0.51329	0.06708	0.16532	0.01553	0.06125	0.01170	0.00749	0.00597	0.03355	0.00527	0.00553	0.00538	0.00842

[dist]
# distance from previous block
# <min> <max>
0	2

[block]
# block no. 5 follows, 46 sequences, length 56
# corresponding to MSA columns:
# 266-289,294-318,320-326
name=unknown_F
#
# <colnr> <probs for GDERKNQSTAVLIFYWHMCP>
#	G	D	E	R	K	N	Q	S	T	A	V	L	I	F	Y	W	H	M	C	P
0	0.01787	0.01333	0.01492	0.06389	0.03171	0.01468	0.00988	0.61296	0.02201	0.02961	0.01372	0.07436	0.01092	0.00698	0.00534	0.00162	0.00559	0.00552	0.02208	0.02300
1	0.01249	0.01002	0.01256	0.01109	0.08210	0.00890	0.02501	0.10440	0.05693	0.05293	0.01320	0.09813	0.01165	0.00595	0.00470	0.00122	0.00442	0.00508	0.00381	0.47543
2	0.13572	0.01140	0.01167	0.01012	0.01329	0.01291	0.00805	0.18081	0.43445	0.02417	0.03155	0.01938	0.05619	0.00720	0.00515	0.00174	0.00442	0.01896	0.00503	0.00778
3	0.01750	0.01160	0.01392	0.01096	0.01472	0.06186	0.06643	0.17154	0.10561	0.26757	0.07510	0.03438	0.01452	0.00659	0.00529	0.00155	0.00515	0.00551	0.00511	0.10508
4	0.01229	0.00595	0.00646	0.00589	0.00766	0.00584	0.00456	0.04742	0.01227	0.12991	0.01756	0.01915	0.01328	0.00622	0.00400	0.00131	0.00290	0.00498	0.68666	0.00569
5	0.01503	0.01551	0.01266	0.01132	0.01389	0.28999	0.00876	0.09215	0.25359	0.01907	0.12450	0.01970	0.03076	0.00742	0.00584	0.00164	0.03884	0.02813	0.00434	0.00686
6	0.01348	0.43776	0.30408	0.01177	0.01729	0.10593	0.01302	0.01677	0.01138	0.01407	0.00823	0.00958	0.00676	0.00481	0.00415	0.00136	0.00689	0.00329	0.00230	0.00709
7	0.01227	0.00916	0.01157	0.06337	0.01440	0.00748	0.01842	0.01470	0.01156	0.10983	0.01224	0.01585	0.01017	0.00516	0.00448	0.00110	0.00435	0.06106	0.00362	0.60921
8	0.01816	0.01322	0.01525	0.04286	0.07546	0.01440	0.01013	0.57145	0.02151	0.06965	0.01424	0.08346	0.01138	0.00709	0.00541	0.00164	0.00559	0.00569	0.00500	0.00841
9	0.00704	0.00509	0.00665	0.00689	0.00779	0.00470	0.00493	0.00889	0.01300	0.01800	0.46591	0.34011	0.06499	0.01312	0.00644	0.00185	0.00272	0.01174	0.00544	0.00470
10	0.02634	0.00909	0.01501	0.70780	0.03314	0.01129	0.01366	0.01302	0.01020	0.01335	0.00929	0.01409	0.00718	0.00638	0.00669	0.06717	0.02369	0.00465	0.00236	0.00559
11	0.08665	0.00906	0.01197	0.06128	0.01456	0.00841	0.00803	0.03938	0.01450	0.61661	0.04684	0.01841	0.01368	0.00663	0.00522	0.00166	0.00460	0.01827	0.00593	0.00832
12	0.01442	0.69583	0.07529	0.00969	0.01427	0.04706	0.00976	0.01639	0.01104	0.04113	0.00801	0.00909	0.00701	0.00474	0.00384	0.00121	0.01888	0.00304	0.00243	0.00689
13	0.00761	0.00561	0.00819	0.00819	0.00913	0.00644	0.00632	0.00944	0.00867	0.01255	0.01549	0.02203	0.03539	0.06219	0.71669	0.00792	0.01310	0.00586	0.03454	0.00467
14	0.01181	0.01229	0.02023	0.01614	0.01758	0.01543	0.21358	0.01386	0.00928	0.01386	0.00795	0.01229	0.00723	0.00796	0.01436	0.00217	0.59036	0.00506	0.00241	0.00615
15	0.01971	0.01208	0.10716	0.01081	0.02786	0.00992	0.00953	0.10238	0.11363	0.47369	0.01838	0.01680	0.01220	0.00637	0.00523	0.00164	0.00496	0.00515	0.03387	0.00862
16	0.00651	0.00465	0.00621	0.00743	0.00777	0.00435	0.00502	0.00747	0.01019	0.01357	0.02910	0.78741	0.03482	0.01650	0.00676	0.00216	0.00312	0.03774	0.00491	0.00431
17	0.00766	0.00511	0.00577	0.00580	0.00581	0.00511	0.00324	0.00768	0.00774	0.01032	0.01693	0.05146	0.01956	0.79688	0.02647	0.00506	0.00508	0.00785	0.00324	0.00323
18	0.01624	0.02681	0.01428	0.01258	0.07368	0.05574	0.00934	0.42232	0.12512	0.02617	0.06625	0.04741	0.04768	0.02483	0.00587	0.00171	0.00535	0.00587	0.00486	0.00790
19	0.08708	0.00944	0.02583	0.00932	0.01334	0.00829	0.00780	0.02467	0.03628	0.68002	0.02971	0.01748	0.01298	0.00646	0.00517	0.00164	0.00449	0.00518	0.00617	0.00865
20	0.01933	0.00813	0.01093	0.00873	0.01207	0.00718	0.00707	0.02178	0.03246	0.57228	0.21441	0.02352	0.02256	0.00765	0.00555	0.00165	0.00398	0.00642	0.00633	0.00796
21	0.01229	0.01506	0.08955	0.02147	0.04942	0.01344	0.63124	0.01662	0.01207	0.01665	0.01033	0.01380	0.00786	0.00482	0.00684	0.00180	0.06108	0.00590	0.00261	0.00713
22	0.08636	0.62912	0.04813	0.00953	0.01390	0.07476	0.00922	0.05172	0.01158	0.01456	0.00773	0.00885	0.00680	0.00472	0.00362	0.00123	0.00587	0.00300	0.00252	0.00678
23	0.01277	0.00789	0.01064	0.06217	0.07182	0.00779	0.00762	0.01691	0.11904	0.20677	0.33555	0.05703	0.04429	0.00869	0.00577	0.00169	0.00384	0.00757	0.00541	0.00672
24	0.01460	0.00910	0.01223	0.02841	0.14106	0.00908	0.00872	0.04953	0.14857	0.24508	0.03349	0.13475	0.07187	0.02035	0.02854	0.00200	0.00477	0.02550	0.00499	0.00736
25	0.02392	0.08534	0.66209	0.01482	0.02211	0.01306	0.05771	0.03212	0.01145	0.01688	0.00943	0.01112	0.00681	0.00498	0.00494	0.00164	0.00761	0.00395	0.00234	0.00769
26	0.02787	0.00596	0.00683	0.00647	0.00776	0.00624	0.00493	0.01258	0.01106	0.07735	0.05223	0.08154	0.04502	0.03805	0.02166	0.00176	0.07218	0.00621	0.50911	0.00520
27	0.00700	0.00484	0.00597	0.00664	0.00681	0.00467	0.00414	0.00751	0.00903	0.01203	0.02352	0.46138	0.02788	0.37561	0.01582	0.00349	0.00399	0.01172	0.00414	0.00380
28	0.01801	0.14906	0.01691	0.01194	0.01553	0.31254	0.00966	0.26080	0.09561	0.02052	0.01091	0.01148	0.00850	0.00572	0.00475	0.00142	0.00698	0.00401	0.00376	0.03187
29	0.06887	0.04117	0.06455	0.07803	0.41436	0.02501	0.09656	0.01694	0.01194	0.08810	0.01063	0.01305	0.00829	0.00498	0.00529	0.00160	0.01787	0.00465	0.00298	0.02513
30	0.01473	0.01321	0.02148	0.04043	0.40388	0.03744	0.17127	0.12665	0.01428	0.06980	0.01155	0.01452	0.00910	0.00527	0.00549	0.00164	0.00674	0.02117	0.00333	0.00805
31	0.01242	0.01415	0.03084	0.04004	0.02783	0.01333	0.74500	0.01686	0.01243	0.01686	0.01067	0.01426	0.00800	0.00448	0.00622	0.00178	0.00887	0.00620	0.00267	0.00710
32	0.01282	0.01307	0.02377	0.08078	0.49987	0.02720	0.23097	0.01634	0.01212	0.01684	0.01009	0.01343	0.00815	0.00469	0.00552	0.00164	0.00715	0.00513	0.00262	0.00781
33	0.02007	0.02240	0.01484	0.01372	0.04471	0.65116	0.01009	0.02159	0.01489	0.12367	0.01006	0.01088	0.00777	0.00558	0.00486	0.00141	0.00869	0.00373	0.00327	0.00662
34	0.01091	0.01129	0.02274	0.03442	0.02133	0.01100	0.47809	0.01434	0.01185	0.01626	0.03870	0.13361	0.01524	0.00762	0.00692	0.00190	0.05273	0.07061	0.03416	0.00628
35	0.00657	0.00486	0.00592	0.00667	0.00730	0.00445	0.00448	0.00750	0.01034	0.01338	0.04507	0.51826	0.20867	0.11964	0.00925	0.00244	0.00323	0.01307	0.00470	0.00420
36	0.01531	0.10026	0.08596	0.01093	0.01483	0.01350	0.00962	0.15383	0.36388	0.11605	0.01795	0.01773	0.02631	0.00674	0.00517	0.00167	0.00499	0.02222	0.00486	0.00818
37	0.01199	0.00862	0.00975	0.00871	0.01118	0.00903	0.00676	0.05199	0.32321	0.10901	0.20696	0.05857	0.14359	0.00926	0.00576	0.00175	0.00361	0.00785	0.00552	0.00690
38	0.00918	0.00459	0.00689	0.00689	0.00689	0.00459	0.00459	0.00689	0.00689	0.00918	0.00918	0.01607	0.00918	0.01837	0.02066	0.84619	0.00459	0.00459	0.00230	0.00230
39	0.01192	0.01263	0.12231	0.03497	0.01488	0.01160	0.00974	0.05500	0.46146	0.02089	0.10007	0.02324	0.04433	0.00775	0.00554	0.00179	0.00467	0.04480	0.00484	0.00757
40	0.00696	0.00537	0.00616	0.00655	0.00767	0.00494	0.00476	0.00841	0.02616	0.01377	0.03783	0.21267	0.37465	0.14462	0.02327	0.00260	0.00365	0.10098	0.00460	0.00435
41	0.01102	0.01035	0.01564	0.39740	0.07726	0.05454	0.06491	0.02505	0.01050	0.01360	0.01080	0.01508	0.03589	0.00787	0.00905	0.12274	0.10518	0.00495	0.00254	0.00562
42	0.02346	0.00906	0.01226	0.00944	0.01350	0.00790	0.00778	0.02582	0.03381	0.76606	0.02087	0.01804	0.01316	0.00656	0.00532	0.00164	0.00449	0.00533	0.00651	0.00898
43	0.00837	0.00688	0.00764	0.00737	0.00864	0.06599	0.00551	0.01062	0.01439	0.01962	0.61862	0.11262	0.04439	0.01109	0.00621	0.00171	0.00318	0.03667	0.00546	0.00500
44	0.00765	0.02000	0.00750	0.00711	0.00829	0.00531	0.00543	0.00985	0.01391	0.01941	0.58953	0.11939	0.04457	0.01186	0.00667	0.02030	0.00291	0.08995	0.00548	0.00488
45	0.16228	0.00920	0.01152	0.00900	0.01295	0.00845	0.00743	0.02405	0.01410	0.65749	0.01860	0.01642	0.01185	0.00627	0.00497	0.00164	0.00443	0.00491	0.00600	0.00845
46	0.01946	0.02458	0.01485	0.01349	0.01623	0.75855	0.01013	0.02142	0.04839	0.01334	0.00876	0.00998	0.00722	0.00552	0.00479	0.00138	0.00930	0.00352	0.00284	0.00623
47	0.01375	0.73202	0.10973	0.00970	0.01457	0.01998	0.01018	0.01593	0.01079	0.01290	0.00758	0.00877	0.00677	0.00458	0.00357	0.00119	0.00589	0.00294	0.00226	0.00690
48	0.00664	0.00469	0.00607	0.00710	0.00736	0.00443	0.00463	0.00741	0.00972	0.01296	0.02710	0.68375	0.03239	0.14709	0.01005	0.00263	0.00340	0.01383	0.00463	0.00412
49	0.00856	0.00643	0.00812	0.06884	0.01017	0.02081	0.00585	0.03250	0.00971	0.01344	0.06634	0.10891	0.01923	0.31843	0.19709	0.00460	0.03631	0.00744	0.05282	0.00442
50	0.01284	0.01101	0.01173	0.01069	0.01356	0.01268	0.00838	0.02696	0.72172	0.02170	0.02194	0.02235	0.01708	0.00766	0.00551	0.00184	0.00423	0.05463	0.00535	0.00814
51	0.01413	0.81739	0.02770	0.00905	0.01357	0.02092	0.00905	0.01583	0.01074	0.01244	0.00735	0.00848	0.00678	0.00452	0.00339	0.00113	0.00565	0.00283	0.00226	0.00678
52	0.01413	0.81739	0.02770	0.00905	0.01357	0.02092	0.00905	0.01583	0.01074	0.01244	0.00735	0.00848	0.00678	0.00452	0.00339	0.00113	0.00565	0.00283	0.00226	0.00678
53	0.03733	0.01421	0.01513	0.01185	0.01588	0.01583	0.00971	0.64186	0.13147	0.03150	0.01384	0.01361	0.00994	0.00643	0.00526	0.00162	0.00555	0.00489	0.00526	0.00883
54	0.00768	0.00517	0.00598	0.00598	0.00605	0.00524	0.00347	0.00782	0.00775	0.01041	0.01646	0.03352	0.01875	0.75422	0.08626	0.00539	0.00583	0.00753	0.00317	0.00332
55	0.00766	0.00569	0.00786	0.00733	0.00867	0.00529	0.02836	0.01017	0.01459	0.02054	0.69028	0.06200	0.04705	0.01100	0.00631	0.00172	0.00284	0.05196	0.00564	0.00503

[dist]
# distance from previous block
# <min> <max>
0	6

[block]
# block no. 6 follows, 46 sequences, length 36
# corresponding to MSA columns:
# 333-368
name=unknown_G
#
# <colnr> <probs for GDERKNQSTAVLIFYWHMCP>
#	G	D	E	R	K	N	Q	S	T	A	V	L	I	F	Y	W	H	M	C	P
0	0.00764	0.00515	0.00599	0.00603	0.00611	0.00522	0.00352	0.00781	0.00782	0.01050	0.01683	0.05651	0.01922	0.73033	0.08592	0.00530	0.00577	0.00775	0.00322	0.00335
1	0.02010	0.01481	0.01587	0.01216	0.01639	0.01639	0.01005	0.76360	0.02486	0.03332	0.01269	0.01269	0.00899	0.00635	0.00529	0.00159	0.00582	0.00476	0.00529	0.00899
2	0.01299	0.01247	0.02129	0.05517	0.75922	0.01254	0.01618	0.01614	0.01199	0.01716	0.00993	0.01311	0.00833	0.00473	0.00524	0.00158	0.00630	0.00471	0.00261	0.00830
3	0.02049	0.00972	0.01217	0.00982	0.01357	0.00941	0.00795	0.02648	0.24635	0.55177	0.02106	0.01852	0.01402	0.00674	0.00534	0.00168	0.00440	0.00552	0.00619	0.00880
4	0.02024	0.00928	0.01185	0.00940	0.01302	0.00872	0.00765	0.09284	0.08857	0.53948	0.10921	0.02022	0.01733	0.00708	0.00540	0.00164	0.00432	0.00582	0.01953	0.00840
5	0.56208	0.01107	0.00985	0.03190	0.01245	0.02636	0.00702	0.10194	0.11466	0.06301	0.01065	0.01122	0.00794	0.00548	0.00398	0.00165	0.00450	0.00369	0.00391	0.00663
6	0.01129	0.01110	0.01983	0.44261	0.24765	0.01233	0.13031	0.01479	0.01123	0.01509	0.00970	0.01377	0.00757	0.00509	0.00570	0.00172	0.02600	0.00494	0.00247	0.00678
7	0.00655	0.00534	0.00579	0.00574	0.00734	0.00458	0.00428	0.00814	0.01266	0.01588	0.22304	0.07916	0.57728	0.01291	0.00627	0.00177	0.00265	0.01094	0.00512	0.00458
8	0.01254	0.01208	0.02080	0.16180	0.63328	0.01245	0.03812	0.01579	0.01180	0.01663	0.00987	0.01329	0.00814	0.00480	0.00527	0.00161	0.00649	0.00475	0.00257	0.00792
9	0.01171	0.21422	0.49961	0.01464	0.02132	0.01449	0.12108	0.01655	0.01125	0.01574	0.00915	0.01096	0.00690	0.00482	0.00480	0.00156	0.00745	0.00398	0.00230	0.00747
10	0.02057	0.02414	0.01223	0.00946	0.01318	0.00893	0.00774	0.09518	0.07020	0.55888	0.02173	0.03816	0.05690	0.00810	0.02771	0.00185	0.00476	0.00584	0.00602	0.00842
11	0.00628	0.00536	0.00540	0.00539	0.00716	0.00448	0.00404	0.00765	0.01213	0.01447	0.07359	0.05056	0.75894	0.01332	0.00625	0.00178	0.00267	0.01111	0.00493	0.00448
12	0.01828	0.12654	0.01677	0.01132	0.01533	0.01618	0.00950	0.59155	0.04061	0.02897	0.01295	0.04537	0.01004	0.00653	0.00505	0.00154	0.00556	0.00495	0.02458	0.00838
13	0.03125	0.07794	0.08195	0.01242	0.01652	0.25175	0.02927	0.28801	0.01776	0.12577	0.01163	0.01199	0.00845	0.00578	0.00496	0.00150	0.00698	0.00421	0.00410	0.00776
14	0.00644	0.00460	0.00613	0.00736	0.00767	0.00429	0.00491	0.00736	0.01012	0.01350	0.02914	0.81076	0.03497	0.01656	0.00675	0.00215	0.00307	0.01503	0.00491	0.00429
15	0.01096	0.00940	0.01096	0.00783	0.01253	0.00705	0.00626	0.01331	0.01096	0.01723	0.00940	0.01096	0.00783	0.00392	0.00392	0.00078	0.00392	0.00313	0.00313	0.84653
16	0.00873	0.00935	0.11675	0.00823	0.01055	0.02874	0.00733	0.01132	0.01313	0.03644	0.40629	0.06782	0.11690	0.05391	0.00731	0.00189	0.01846	0.03680	0.00477	0.03527
17	0.02286	0.00934	0.01237	0.00955	0.01356	0.00839	0.00787	0.07242	0.03421	0.70106	0.03760	0.01819	0.01374	0.00664	0.00534	0.00164	0.00453	0.00539	0.00642	0.00889
18	0.01327	0.01129	0.01194	0.01069	0.01368	0.01298	0.00837	0.06658	0.69852	0.02240	0.02188	0.02091	0.03253	0.00743	0.00544	0.00180	0.00425	0.02245	0.00535	0.00824
19	0.01134	0.07396	0.39976	0.03957	0.14940	0.02783	0.02860	0.01594	0.02482	0.03411	0.11532	0.01654	0.01370	0.00599	0.00519	0.00163	0.00652	0.01945	0.00301	0.00733
20	0.01314	0.45065	0.30216	0.01161	0.01723	0.04083	0.02920	0.01650	0.01122	0.03697	0.00942	0.01062	0.02026	0.00494	0.00419	0.00138	0.00654	0.00353	0.00245	0.00717
21	0.01441	0.63083	0.13522	0.01004	0.01496	0.03629	0.01049	0.01676	0.01120	0.06590	0.00860	0.00954	0.00720	0.00475	0.00379	0.00125	0.00597	0.00317	0.00256	0.00707
22	0.01426	0.70653	0.08128	0.00979	0.01443	0.07311	0.00988	0.01626	0.01106	0.01278	0.00756	0.00874	0.00678	0.00462	0.00360	0.00119	0.00607	0.00294	0.00229	0.00681
23	0.06837	0.00983	0.00983	0.05054	0.02625	0.11232	0.00725	0.02723	0.07547	0.12704	0.10351	0.09719	0.18964	0.00967	0.00568	0.00176	0.00460	0.06311	0.00470	0.00603
24	0.01205	0.21392	0.46352	0.01229	0.01833	0.01324	0.01458	0.01643	0.01176	0.07129	0.09352	0.01409	0.01188	0.00564	0.00478	0.00154	0.00648	0.00436	0.00294	0.00734
25	0.01063	0.02606	0.73117	0.01455	0.02214	0.01190	0.01858	0.01650	0.01115	0.01678	0.00948	0.01115	0.00678	0.00494	0.00494	0.00161	0.00753	0.00385	0.00230	0.06797
26	0.02060	0.01306	0.16195	0.01075	0.01554	0.00947	0.01024	0.08214	0.03658	0.55596	0.01804	0.01631	0.01162	0.00625	0.00526	0.00164	0.00523	0.00502	0.00558	0.00875
27	0.01834	0.01089	0.09855	0.06470	0.04324	0.00860	0.00952	0.03510	0.03134	0.48353	0.04280	0.02098	0.08193	0.00710	0.00542	0.00168	0.00491	0.01797	0.00539	0.00802
28	0.01764	0.01022	0.06413	0.00940	0.01307	0.00878	0.00809	0.08019	0.11070	0.41224	0.07859	0.02279	0.10523	0.00761	0.00544	0.00166	0.00438	0.00624	0.02568	0.00791
29	0.00746	0.06476	0.06186	0.00847	0.00975	0.00631	0.02963	0.00891	0.01031	0.01375	0.02566	0.67388	0.03018	0.01453	0.00637	0.00203	0.00376	0.01312	0.00447	0.00480
30	0.03463	0.01568	0.21654	0.04519	0.23391	0.03111	0.01355	0.04951	0.10982	0.15660	0.01434	0.01508	0.02876	0.00576	0.00518	0.00165	0.00604	0.00486	0.00375	0.00806
31	0.08743	0.26037	0.15609	0.01176	0.05515	0.01396	0.03134	0.04050	0.06387	0.11476	0.04011	0.05589	0.01140	0.00617	0.00499	0.00155	0.02920	0.00476	0.00350	0.00720
32	0.03253	0.04409	0.27264	0.02771	0.11951	0.01171	0.01312	0.09108	0.04151	0.15385	0.03178	0.05188	0.01106	0.00630	0.00571	0.00166	0.04341	0.00506	0.00373	0.03166
33	0.13828	0.06883	0.12555	0.01331	0.11106	0.02864	0.01065	0.07944	0.19789	0.12745	0.01478	0.01537	0.02152	0.00607	0.00488	0.00164	0.00533	0.01740	0.00414	0.00777
34	0.03594	0.07576	0.29797	0.01528	0.12914	0.09480	0.03561	0.04861	0.01290	0.01779	0.15320	0.01647	0.01516	0.00619	0.00539	0.00160	0.02290	0.00504	0.00319	0.00704
35	0.03694	0.01030	0.02688	0.03574	0.13600	0.02884	0.02390	0.09079	0.12214	0.11251	0.02108	0.11232	0.09595	0.00838	0.00555	0.00171	0.00483	0.05718	0.00446	0.06449

[dist]
# distance from previous block
# <min> <max>
4	31

[block]
# block no. 7 follows, 46 sequences, length 19
# corresponding to MSA columns:
# 482-500
name=unknown_H
#
# <colnr> <probs for GDERKNQSTAVLIFYWHMCP>
#	G	D	E	R	K	N	Q	S	T	A	V	L	I	F	Y	W	H	M	C	P
0	0.08698	0.04517	0.23125	0.01288	0.01798	0.04414	0.08716	0.23567	0.03054	0.07515	0.01143	0.01274	0.00842	0.02507	0.00550	0.00166	0.00643	0.00443	0.00371	0.05368
1	0.10503	0.11499	0.22279	0.01111	0.01558	0.13202	0.01103	0.05075	0.07057	0.06674	0.04045	0.01322	0.01006	0.00682	0.03351	0.00175	0.00647	0.00415	0.03532	0.04765
2	0.03954	0.04575	0.10865	0.02972	0.05133	0.27094	0.02839	0.14258	0.06781	0.01856	0.03227	0.01441	0.05101	0.00612	0.00523	0.00151	0.02314	0.00458	0.00348	0.05499
3	0.11796	0.12263	0.09576	0.03081	0.14635	0.21483	0.01108	0.03451	0.04614	0.03626	0.02894	0.01242	0.02191	0.00550	0.00485	0.00148	0.02256	0.00405	0.00305	0.03890
4	0.04670	0.05064	0.21190	0.01844	0.25380	0.06389	0.04401	0.03712	0.01266	0.08794	0.05725	0.01689	0.04185	0.00603	0.00520	0.00162	0.00630	0.02697	0.00332	0.00748
5	0.04714	0.10746	0.43172	0.01367	0.06738	0.01214	0.01455	0.01644	0.01175	0.08663	0.09789	0.01475	0.01229	0.00591	0.00544	0.00163	0.03814	0.00460	0.00311	0.00735
6	0.01225	0.04381	0.56885	0.01363	0.02019	0.03252	0.01633	0.10289	0.01317	0.04783	0.04244	0.01407	0.03726	0.00577	0.00511	0.00164	0.00704	0.00451	0.00300	0.00769
7	0.01782	0.03316	0.01388	0.01057	0.01414	0.02804	0.00850	0.48090	0.01971	0.11373	0.01410	0.03476	0.01124	0.11220	0.00801	0.00200	0.00546	0.00527	0.00488	0.06164
8	0.01413	0.81739	0.02770	0.00905	0.01357	0.02092	0.00905	0.01583	0.01074	0.01244	0.00735	0.00848	0.00678	0.00452	0.00339	0.00113	0.00565	0.00283	0.00226	0.00678
9	0.01096	0.00940	0.01096	0.00783	0.01253	0.00705	0.00626	0.01331	0.01096	0.01723	0.00940	0.01096	0.00783	0.00392	0.00392	0.00078	0.00392	0.00313	0.00313	0.84653
10	0.00769	0.00513	0.00577	0.00577	0.00577	0.00513	0.00320	0.00769	0.00769	0.01025	0.01666	0.03460	0.01922	0.81421	0.02691	0.00513	0.00513	0.00769	0.00320	0.00320
11	0.85155	0.01022	0.00777	0.00695	0.01022	0.01186	0.00573	0.01554	0.00900	0.02372	0.00736	0.00859	0.00573	0.00491	0.00327	0.00164	0.00409	0.00286	0.00327	0.00573
12	0.00644	0.00460	0.00613	0.00736	0.00767	0.00429	0.00491	0.00736	0.01012	0.01350	0.02914	0.81076	0.03497	0.01656	0.00675	0.00215	0.00307	0.01503	0.00491	0.00429
13	0.01456	0.75692	0.02673	0.00939	0.01378	0.07985	0.00913	0.01623	0.01107	0.01248	0.00741	0.00856	0.00679	0.00459	0.00350	0.00115	0.00595	0.00287	0.00230	0.00673
14	0.05702	0.10707	0.01385	0.00929	0.01325	0.00992	0.00783	0.04923	0.04242	0.57409	0.04854	0.01717	0.01344	0.00641	0.00503	0.00158	0.00458	0.00508	0.00577	0.00841
15	0.00690	0.00469	0.00613	0.00703	0.00726	0.00447	0.00457	0.00738	0.00940	0.01254	0.02516	0.60232	0.02989	0.15949	0.01157	0.07651	0.00357	0.01280	0.00437	0.00392
16	0.00648	0.00504	0.00592	0.00658	0.00762	0.00448	0.00471	0.00768	0.01114	0.01400	0.04040	0.41250	0.37991	0.01497	0.00655	0.00200	0.00300	0.05771	0.00491	0.00441
17	0.01269	0.01124	0.07616	0.00917	0.01368	0.00864	0.00798	0.07598	0.03123	0.08479	0.01161	0.04120	0.00946	0.00514	0.00480	0.00112	0.02933	0.00407	0.00362	0.55808
18	0.05467	0.03633	0.03107	0.05511	0.08209	0.09819	0.01081	0.34443	0.04349	0.02330	0.01067	0.01214	0.00825	0.00628	0.00682	0.00165	0.12507	0.00441	0.00387	0.04136

[dist]
# distance from previous block
# <min> <max>
10	22

[block]
# block no. 8 follows, 46 sequences, length 109
# corresponding to MSA columns:
# 542-622,626-653
name=unknown_I
#
# <colnr> <probs for GDERKNQSTAVLIFYWHMCP>
#	G	D	E	R	K	N	Q	S	T	A	V	L	I	F	Y	W	H	M	C	P
0	0.11188	0.10548	0.05174	0.09503	0.38310	0.04366	0.03725	0.03703	0.03898	0.01751	0.01007	0.01308	0.00834	0.00513	0.00485	0.00157	0.00618	0.01885	0.00283	0.00744
1	0.08705	0.07934	0.19084	0.08324	0.12300	0.01180	0.04767	0.03289	0.05497	0.16482	0.04981	0.01459	0.01088	0.00563	0.00497	0.00161	0.00588	0.00468	0.00366	0.02267
2	0.05639	0.32191	0.31750	0.01183	0.01753	0.01490	0.04220	0.01767	0.01153	0.12802	0.01028	0.01114	0.00767	0.00503	0.00441	0.00147	0.00637	0.00374	0.00294	0.00747
3	0.01233	0.07344	0.49444	0.01458	0.02102	0.01204	0.12563	0.01719	0.01178	0.10260	0.01281	0.03126	0.03583	0.00563	0.00521	0.00166	0.00717	0.00484	0.00294	0.00758
4	0.02629	0.09947	0.62093	0.01442	0.03455	0.01272	0.03738	0.01648	0.01127	0.03162	0.02510	0.02800	0.00831	0.00533	0.00494	0.00163	0.00728	0.00423	0.00248	0.00757
5	0.03095	0.09776	0.70021	0.01433	0.02174	0.01304	0.01826	0.01663	0.01107	0.01652	0.00924	0.01086	0.00668	0.00498	0.00483	0.00162	0.00753	0.00378	0.00226	0.00767
6	0.01683	0.01330	0.01336	0.01168	0.03261	0.12412	0.00904	0.18248	0.26784	0.14622	0.01676	0.03852	0.01284	0.00759	0.01948	0.00180	0.03637	0.02086	0.00488	0.02343
7	0.06876	0.01171	0.01910	0.07379	0.61001	0.01188	0.01456	0.01626	0.01189	0.06094	0.01115	0.03115	0.00942	0.00532	0.00519	0.00162	0.00598	0.02038	0.00296	0.00793
8	0.02878	0.00990	0.01573	0.60429	0.11434	0.01175	0.01377	0.06389	0.01174	0.01551	0.01203	0.01577	0.04914	0.00572	0.00529	0.00173	0.00658	0.00501	0.00273	0.00628
9	0.00796	0.00538	0.00623	0.00635	0.00660	0.00538	0.00392	0.02878	0.00878	0.01178	0.01876	0.13228	0.02144	0.63214	0.02226	0.00443	0.00482	0.05037	0.01871	0.00363
10	0.00664	0.00484	0.00627	0.00725	0.00777	0.00453	0.00493	0.00798	0.02514	0.01433	0.09076	0.68834	0.08013	0.01573	0.00665	0.00208	0.00302	0.01419	0.00499	0.00444
11	0.01179	0.01129	0.01936	0.34892	0.45830	0.01224	0.03164	0.01512	0.01144	0.01571	0.00973	0.01353	0.00782	0.00494	0.00528	0.00165	0.00665	0.00474	0.00251	0.00732
