[name]
unknown

[dist]
# distance from previous block
# <min> <max>
0	80

[block]
# block no. 0 follows, 49 sequences, length 66
# corresponding to MSA columns:
# 127-192
name=unknown_A
#
# <colnr> <probs for GDERKNQSTAVLIFYWHMCP>
#	G	D	E	R	K	N	Q	S	T	A	V	L	I	F	Y	W	H	M	C	P
0	0.36464	0.01066	0.04703	0.02381	0.01194	0.03955	0.00736	0.12321	0.05253	0.04796	0.06710	0.04121	0.02983	0.00690	0.00450	0.00164	0.00447	0.07947	0.01678	0.01940
1	0.15918	0.00892	0.00955	0.00858	0.01058	0.03860	0.00658	0.14420	0.02848	0.05184	0.01538	0.24802	0.01556	0.02210	0.01947	0.07412	0.06129	0.00703	0.00392	0.06661
2	0.00662	0.00506	0.00616	0.00627	0.00747	0.00460	0.00467	0.00833	0.01213	0.01606	0.32755	0.17774	0.30143	0.01354	0.04074	0.00203	0.00314	0.04705	0.00494	0.00446
3	0.01298	0.01115	0.01894	0.04706	0.49868	0.01106	0.09976	0.01654	0.05369	0.09716	0.04758	0.03985	0.01142	0.00542	0.00522	0.00157	0.00577	0.00532	0.00324	0.00760
4	0.00665	0.00509	0.00580	0.00576	0.00715	0.00450	0.00431	0.00838	0.01236	0.01630	0.31190	0.09272	0.41597	0.01176	0.00589	0.00167	0.00256	0.02587	0.05090	0.00447
5	0.03803	0.01225	0.01396	0.03069	0.01519	0.01296	0.00897	0.51019	0.02027	0.26358	0.01433	0.01364	0.00968	0.00607	0.00503	0.00154	0.00517	0.00467	0.00531	0.00846
6	0.01218	0.04482	0.01215	0.05182	0.01381	0.00838	0.02217	0.05672	0.03476	0.08756	0.01074	0.02418	0.00857	0.00449	0.00412	0.00100	0.00422	0.00366	0.00341	0.59125
7	0.01130	0.18604	0.50420	0.01309	0.01933	0.02619	0.06779	0.01580	0.01090	0.03108	0.02776	0.01111	0.00768	0.00479	0.00455	0.00146	0.00680	0.00380	0.00238	0.04394
8	0.00713	0.00517	0.00672	0.00633	0.00754	0.00476	0.00475	0.00949	0.01425	0.02013	0.77124	0.03802	0.06464	0.01039	0.00596	0.00159	0.00239	0.00918	0.00555	0.00476
9	0.01684	0.01295	0.09261	0.12739	0.05190	0.01231	0.01081	0.36147	0.01729	0.18918	0.01300	0.01362	0.00910	0.00715	0.03965	0.00185	0.00602	0.00461	0.00440	0.00785
10	0.03240	0.13064	0.31575	0.05947	0.01862	0.06307	0.05579	0.03995	0.02743	0.19256	0.01151	0.01219	0.00813	0.00515	0.00469	0.00151	0.00639	0.00408	0.00330	0.00734
11	0.02269	0.00861	0.01174	0.00900	0.01291	0.00743	0.00743	0.02464	0.01447	0.79425	0.01995	0.01721	0.01252	0.00626	0.00509	0.00156	0.00430	0.00509	0.00626	0.00861
12	0.00620	0.00447	0.00587	0.00692	0.00732	0.00414	0.00466	0.00716	0.00998	0.01328	0.06359	0.74840	0.06837	0.01545	0.00641	0.00202	0.00289	0.01397	0.00473	0.00414
13	0.01647	0.01248	0.06792	0.10469	0.09594	0.01223	0.01060	0.36916	0.01739	0.16062	0.01383	0.07179	0.01068	0.00645	0.00514	0.00159	0.00546	0.00529	0.00446	0.00779
14	0.01352	0.01187	0.01325	0.22373	0.01885	0.14018	0.02531	0.12075	0.05639	0.07484	0.01296	0.06099	0.02334	0.00667	0.00629	0.00163	0.09892	0.00514	0.07912	0.00625
15	0.80086	0.00963	0.00773	0.04325	0.01084	0.01119	0.00582	0.01471	0.00872	0.02216	0.00734	0.00869	0.00570	0.00474	0.00323	0.00156	0.00401	0.00286	0.02152	0.00547
16	0.15770	0.04736	0.01355	0.15400	0.09773	0.07059	0.00965	0.10063	0.03580	0.07623	0.05180	0.03725	0.01077	0.02659	0.00639	0.00170	0.08774	0.00471	0.00342	0.00637
17	0.04160	0.00880	0.01109	0.00830	0.01243	0.00725	0.00677	0.01936	0.01263	0.44572	0.01498	0.01413	0.01021	0.00516	0.00447	0.00122	0.00406	0.00414	0.00480	0.36288
18	0.00704	0.00516	0.00660	0.00624	0.00748	0.00472	0.00468	0.00931	0.01404	0.01962	0.71447	0.03886	0.12173	0.01058	0.00597	0.00160	0.00240	0.00930	0.00548	0.00472
19	0.00716	0.00517	0.00676	0.00636	0.00755	0.00477	0.00477	0.00954	0.01431	0.02028	0.78808	0.03777	0.04771	0.01034	0.00596	0.00159	0.00239	0.00914	0.00557	0.00477
20	0.02269	0.00861	0.01174	0.00900	0.01291	0.00743	0.00743	0.02464	0.01447	0.79425	0.01995	0.01721	0.01252	0.00626	0.00509	0.00156	0.00430	0.00509	0.00626	0.00861
21	0.00616	0.00440	0.00587	0.00704	0.00733	0.00411	0.00469	0.00704	0.00968	0.01291	0.02787	0.81899	0.03344	0.01584	0.00645	0.00205	0.00293	0.01438	0.00469	0.00411
22	0.01014	0.02616	0.79609	0.01441	0.02189	0.01174	0.01868	0.01601	0.01068	0.01601	0.00907	0.01068	0.00641	0.00480	0.00480	0.00160	0.00747	0.00374	0.00214	0.00747
23	0.01922	0.01416	0.01518	0.01163	0.01568	0.01568	0.00961	0.77388	0.02378	0.03187	0.01214	0.01214	0.00860	0.00607	0.00506	0.00152	0.00556	0.00455	0.00506	0.00860
24	0.01258	0.01086	0.01143	0.01029	0.01315	0.01258	0.00800	0.02687	0.78161	0.02115	0.02058	0.01887	0.01544	0.00686	0.00515	0.00172	0.00400	0.00572	0.00515	0.00800
25	0.00601	0.00512	0.00516	0.00515	0.00685	0.00428	0.00387	0.00731	0.01160	0.01382	0.06952	0.04839	0.77029	0.01275	0.00598	0.00170	0.00256	0.01063	0.00472	0.00428
26	0.00613	0.00513	0.00533	0.00528	0.00692	0.00433	0.00396	0.00755	0.01188	0.01450	0.14446	0.04729	0.69493	0.01249	0.00597	0.00169	0.00254	0.01048	0.00481	0.00433
27	0.01742	0.01200	0.01293	0.01015	0.01362	0.01309	0.00831	0.57386	0.03586	0.07056	0.01356	0.01382	0.00978	0.00606	0.00477	0.00146	0.00486	0.00464	0.16539	0.00785
28	0.01106	0.01106	0.01549	0.01328	0.01328	0.01549	0.01106	0.01217	0.00774	0.01217	0.00664	0.01106	0.00664	0.00885	0.01659	0.00221	0.81303	0.00443	0.00221	0.00553
29	0.85801	0.00978	0.00743	0.00665	0.00978	0.01134	0.00548	0.01486	0.00861	0.02269	0.00704	0.00821	0.00548	0.00469	0.00313	0.00156	0.00391	0.00274	0.00313	0.00548
30	0.00815	0.00582	0.00815	0.00931	0.01048	0.00582	0.00815	0.01048	0.01164	0.01513	0.02677	0.05704	0.02910	0.01397	0.00698	0.00233	0.00466	0.75671	0.00466	0.00466
31	0.01049	0.00899	0.01049	0.00749	0.01198	0.00674	0.00599	0.01273	0.01049	0.01648	0.00899	0.01049	0.00749	0.00374	0.00374	0.00075	0.00374	0.00300	0.00300	0.85320
32	0.00724	0.00534	0.00774	0.00774	0.00851	0.00611	0.00584	0.00878	0.00801	0.01145	0.01390	0.02182	0.01349	0.15411	0.68723	0.00765	0.01226	0.00570	0.00276	0.00430
33	0.01049	0.00899	0.01049	0.00749	0.01198	0.00674	0.00599	0.01273	0.01049	0.01648	0.00899	0.01049	0.00749	0.00374	0.00374	0.00075	0.00374	0.00300	0.00300	0.85320
34	0.01182	0.05107	0.08428	0.03552	0.14408	0.01273	0.53635	0.01580	0.01163	0.01592	0.01019	0.02792	0.00804	0.00457	0.00560	0.00164	0.00778	0.00556	0.00253	0.00697
35	0.01889	0.02410	0.01433	0.01303	0.01563	0.80199	0.00977	0.02019	0.01433	0.01238	0.00782	0.00912	0.00651	0.00521	0.00456	0.00130	0.00912	0.00326	0.00261	0.00586
36	0.00644	0.00452	0.00579	0.00669	0.00691	0.00429	0.00432	0.00711	0.00914	0.01219	0.02512	0.63777	0.02997	0.20180	0.01090	0.00271	0.00339	0.01276	0.00432	0.00387
37	0.01138	0.04434	0.38991	0.03377	0.11262	0.01253	0.19112	0.05016	0.01147	0.01648	0.00947	0.01181	0.00714	0.00495	0.00573	0.00162	0.05467	0.00442	0.01920	0.00720
38	0.01238	0.01063	0.01128	0.01025	0.01303	0.01227	0.00801	0.02612	0.74650	0.02088	0.02086	0.02061	0.01606	0.00718	0.00523	0.00174	0.00403	0.03996	0.00512	0.00785
39	0.02269	0.00861	0.01174	0.00900	0.01291	0.00743	0.00743	0.02464	0.01447	0.79425	0.01995	0.01721	0.01252	0.00626	0.00509	0.00156	0.00430	0.00509	0.00626	0.00861
40	0.01106	0.01031	0.01737	0.13129	0.51247	0.01055	0.03522	0.01387	0.01122	0.01560	0.02774	0.06183	0.02585	0.02194	0.00572	0.00170	0.00574	0.07069	0.00288	0.00693
41	0.01029	0.02515	0.73461	0.01497	0.02225	0.01183	0.07916	0.01603	0.01078	0.01603	0.00917	0.01091	0.00651	0.00476	0.00490	0.00161	0.00756	0.00392	0.00217	0.00742
42	0.00699	0.00506	0.00660	0.00643	0.00751	0.00467	0.00474	0.00914	0.01359	0.01908	0.66366	0.15003	0.06115	0.01118	0.00603	0.00166	0.00247	0.00993	0.00542	0.00467
43	0.01014	0.02616	0.79609	0.01441	0.02189	0.01174	0.01868	0.01601	0.01068	0.01601	0.00907	0.01068	0.00641	0.00480	0.00480	0.00160	0.00747	0.00374	0.00214	0.00747
44	0.03744	0.04504	0.02780	0.02364	0.01358	0.00921	0.02629	0.12465	0.01521	0.51426	0.09413	0.01770	0.01475	0.00643	0.00506	0.00155	0.00453	0.00525	0.00554	0.00794
45	0.00615	0.00509	0.00538	0.00539	0.00696	0.00433	0.00401	0.00755	0.01180	0.01451	0.14944	0.08900	0.64766	0.01264	0.00600	0.00171	0.00256	0.01067	0.00481	0.00433
46	0.00714	0.00518	0.00674	0.00638	0.00759	0.00478	0.00481	0.00949	0.01418	0.01998	0.75129	0.03847	0.06963	0.01048	0.00598	0.00161	0.00243	0.02356	0.00552	0.00475
47	0.00980	0.00924	0.01562	0.74446	0.09855	0.01130	0.01417	0.01314	0.01023	0.01322	0.00903	0.01340	0.00685	0.00501	0.00505	0.00167	0.00668	0.00449	0.00227	0.00582
48	0.01384	0.16145	0.33223	0.01331	0.06802	0.03817	0.04031	0.03429	0.08207	0.15137	0.01175	0.01231	0.00851	0.00516	0.00466	0.00150	0.00619	0.00410	0.00325	0.00753
49	0.03411	0.02180	0.01375	0.01248	0.01495	0.68408	0.00940	0.03806	0.01400	0.02806	0.00919	0.05334	0.00813	0.00593	0.00503	0.00139	0.03362	0.00395	0.00285	0.00587
50	0.85801	0.00978	0.00743	0.00665	0.00978	0.01134	0.00548	0.01486	0.00861	0.02269	0.00704	0.00821	0.00548	0.00469	0.00313	0.00156	0.00391	0.00274	0.00313	0.00548
51	0.02238	0.00867	0.01173	0.00904	0.01292	0.00759	0.00745	0.02471	0.03754	0.77100	0.01997	0.01726	0.01261	0.00628	0.00509	0.00157	0.00429	0.00510	0.00623	0.00859
52	0.00755	0.00706	0.05713	0.00691	0.00882	0.00585	0.00571	0.01103	0.08991	0.01818	0.44900	0.03730	0.25576	0.01035	0.00581	0.00164	0.00292	0.00890	0.00505	0.00512
53	0.01049	0.00899	0.01049	0.00749	0.01198	0.00674	0.00599	0.01273	0.01049	0.01648	0.00899	0.01049	0.00749	0.00374	0.00374	0.00075	0.00374	0.00300	0.00300	0.85320
54	0.02269	0.00861	0.01174	0.00900	0.01291	0.00743	0.00743	0.02464	0.01447	0.79425	0.01995	0.01721	0.01252	0.00626	0.00509	0.00156	0.00430	0.00509	0.00626	0.00861
55	0.01258	0.01086	0.01143	0.01029	0.01315	0.01258	0.00800	0.02687	0.78161	0.02115	0.02058	0.01887	0.01544	0.00686	0.00515	0.00172	0.00400	0.00572	0.00515	0.00800
56	0.00608	0.00513	0.00527	0.00524	0.00690	0.00431	0.00393	0.00747	0.01178	0.01426	0.11833	0.04767	0.72121	0.01258	0.00598	0.00170	0.00255	0.01053	0.00478	0.00431
57	0.02269	0.00861	0.01174	0.00900	0.01291	0.00743	0.00743	0.02464	0.01447	0.79425	0.01995	0.01721	0.01252	0.00626	0.00509	0.00156	0.00430	0.00509	0.00626	0.00861
58	0.00608	0.00513	0.00526	0.00523	0.00689	0.00431	0.00392	0.00745	0.01176	0.01423	0.11423	0.04773	0.72533	0.01260	0.00598	0.00170	0.00255	0.01054	0.00477	0.00431
59	0.00619	0.00451	0.00584	0.00682	0.00730	0.00415	0.00461	0.00718	0.01007	0.01332	0.06482	0.70806	0.10793	0.01529	0.00639	0.00200	0.00287	0.01377	0.00473	0.00415
60	0.01375	0.63902	0.05210	0.06928	0.01525	0.11306	0.00955	0.01561	0.01076	0.01218	0.00735	0.00873	0.00651	0.00450	0.00359	0.00117	0.00603	0.00294	0.00222	0.00638
61	0.85801	0.00978	0.00743	0.00665	0.00978	0.01134	0.00548	0.01486	0.00861	0.02269	0.00704	0.00821	0.00548	0.00469	0.00313	0.00156	0.00391	0.00274	0.00313	0.00548
62	0.00780	0.00576	0.00715	0.00694	0.02045	0.00542	0.00513	0.01079	0.06765	0.03819	0.53892	0.05176	0.17863	0.01052	0.00590	0.00164	0.00269	0.02430	0.00531	0.00504
63	0.01117	0.00890	0.01048	0.00760	0.01191	0.00686	0.00609	0.02784	0.01112	0.05915	0.04353	0.01207	0.00953	0.00421	0.00394	0.00084	0.00375	0.00341	0.00332	0.75426
64	0.00976	0.00667	0.00846	0.10396	0.01111	0.00795	0.00655	0.01195	0.00985	0.01649	0.01332	0.01648	0.01079	0.00711	0.02307	0.00161	0.18479	0.00464	0.54043	0.00500
65	0.00681	0.00521	0.00597	0.00574	0.00726	0.00455	0.00432	0.00859	0.01281	0.03118	0.37485	0.04328	0.44814	0.01160	0.00595	0.00165	0.00252	0.00990	0.00511	0.00457

[dist]
# distance from previous block
# <min> <max>
0	3

[block]
# block no. 1 follows, 49 sequences, length 145
# corresponding to MSA columns:
# 196-237,246-348
name=unknown_B
#
# <colnr> <probs for GDERKNQSTAVLIFYWHMCP>
#	G	D	E	R	K	N	Q	S	T	A	V	L	I	F	Y	W	H	M	C	P
0	0.85801	0.00978	0.00743	0.00665	0.00978	0.01134	0.00548	0.01486	0.00861	0.02269	0.00704	0.00821	0.00548	0.00469	0.00313	0.00156	0.00391	0.00274	0.00313	0.00548
1	0.00616	0.00440	0.00587	0.00704	0.00733	0.00411	0.00469	0.00704	0.00968	0.01291	0.02787	0.81899	0.03344	0.01584	0.00645	0.00205	0.00293	0.01438	0.00469	0.00411
2	0.01650	0.01637	0.03814	0.01182	0.01517	0.25054	0.02518	0.27673	0.23867	0.02172	0.01396	0.01392	0.02620	0.00610	0.00496	0.00152	0.00624	0.00463	0.00420	0.00744
3	0.05177	0.14590	0.12371	0.01013	0.01361	0.05490	0.00933	0.12185	0.15511	0.04692	0.04082	0.08234	0.04228	0.00741	0.00514	0.00161	0.01966	0.05686	0.00391	0.00673
4	0.01275	0.06096	0.55850	0.01415	0.06347	0.01177	0.01590	0.06007	0.01199	0.12787	0.01073	0.01167	0.00750	0.00504	0.00479	0.00156	0.00673	0.00397	0.00291	0.00768
5	0.01084	0.05220	0.52294	0.01640	0.02300	0.01239	0.25853	0.01604	0.01106	0.01592	0.00937	0.01152	0.00681	0.00461	0.00512	0.00161	0.00773	0.00441	0.00227	0.00723
6	0.00616	0.00440	0.00587	0.00704	0.00733	0.00411	0.00469	0.00704	0.00968	0.01291	0.02787	0.81899	0.03344	0.01584	0.00645	0.00205	0.00293	0.01438	0.00469	0.00411
7	0.02781	0.02130	0.53923	0.01819	0.20917	0.01161	0.03085	0.01629	0.01105	0.05404	0.00969	0.01145	0.00710	0.00479	0.00486	0.00158	0.00691	0.00401	0.00245	0.00761
8	0.02435	0.03417	0.01482	0.56410	0.11008	0.02481	0.01258	0.02495	0.02349	0.01393	0.01324	0.03074	0.07641	0.00590	0.00506	0.00165	0.00612	0.00513	0.00264	0.00584
9	0.00619	0.00447	0.00587	0.00697	0.00736	0.00415	0.00471	0.00711	0.00982	0.01299	0.02917	0.76197	0.07611	0.01564	0.00644	0.00204	0.00294	0.02724	0.00469	0.00413
10	0.02263	0.00870	0.01180	0.00904	0.01296	0.00758	0.00747	0.03773	0.01464	0.78093	0.01981	0.01712	0.01245	0.00626	0.00508	0.00156	0.00432	0.00508	0.00624	0.00861
11	0.01172	0.01184	0.05881	0.18110	0.18217	0.06570	0.04533	0.11016	0.06958	0.01749	0.06077	0.01984	0.13060	0.00665	0.00524	0.00160	0.00563	0.00574	0.00346	0.00659
12	0.00852	0.00596	0.00757	0.03223	0.00949	0.00596	0.00576	0.09540	0.02752	0.04403	0.02505	0.64515	0.02860	0.01384	0.00618	0.00196	0.00345	0.02368	0.00473	0.00492
13	0.85801	0.00978	0.00743	0.00665	0.00978	0.01134	0.00548	0.01486	0.00861	0.02269	0.00704	0.00821	0.00548	0.00469	0.00313	0.00156	0.00391	0.00274	0.00313	0.00548
14	0.01274	0.01177	0.05828	0.15413	0.14980	0.02535	0.01083	0.14503	0.19681	0.03551	0.02813	0.03961	0.02525	0.00603	0.00501	0.00155	0.00527	0.00511	0.00378	0.08001
15	0.01373	0.01204	0.01874	0.17891	0.29979	0.02678	0.11494	0.18604	0.01421	0.04773	0.01090	0.01406	0.00854	0.00526	0.00520	0.00159	0.00635	0.02454	0.00323	0.00740
16	0.01608	0.00703	0.00926	0.00762	0.01020	0.00628	0.00598	0.01795	0.01333	0.45388	0.20958	0.02424	0.02194	0.09989	0.00753	0.00192	0.00375	0.00632	0.07049	0.00673
17	0.01156	0.01122	0.02196	0.22139	0.04891	0.01127	0.41448	0.03488	0.01174	0.05951	0.01298	0.07061	0.03373	0.00570	0.00566	0.00171	0.00710	0.00619	0.00297	0.00643
18	0.01252	0.01201	0.02053	0.03104	0.79074	0.01201	0.01552	0.01552	0.01151	0.01652	0.00951	0.01252	0.00801	0.00451	0.00501	0.00150	0.00601	0.00451	0.00250	0.00801
19	0.01281	0.01000	0.01086	0.00968	0.01245	0.01119	0.00755	0.02458	0.62392	0.08950	0.08699	0.02126	0.04210	0.00729	0.00524	0.00169	0.00385	0.00611	0.00527	0.00766
20	0.02192	0.00984	0.01250	0.00958	0.01353	0.00927	0.00792	0.19122	0.01654	0.62475	0.01821	0.01608	0.01165	0.00622	0.00508	0.00155	0.00458	0.00497	0.00599	0.00860
21	0.08871	0.00960	0.01446	0.65247	0.03051	0.01171	0.01279	0.09283	0.01140	0.01580	0.00914	0.01286	0.00682	0.00513	0.00488	0.00166	0.00636	0.00434	0.00262	0.00592
22	0.00955	0.00899	0.01517	0.81013	0.03483	0.01123	0.01404	0.01292	0.01011	0.01292	0.00899	0.01348	0.00674	0.00506	0.00506	0.00169	0.00674	0.00449	0.00225	0.00562
23	0.01352	0.82533	0.02650	0.00865	0.01298	0.02001	0.00865	0.01514	0.01027	0.01190	0.00703	0.00811	0.00649	0.00433	0.00324	0.00108	0.00541	0.00270	0.00216	0.00649
24	0.00605	0.00506	0.00527	0.00536	0.00691	0.00428	0.00397	0.00735	0.01149	0.01391	0.08481	0.12009	0.68218	0.01297	0.00602	0.00173	0.00259	0.01094	0.00474	0.00428
25	0.02053	0.00860	0.01145	0.00872	0.01267	0.00728	0.00716	0.02254	0.01386	0.66050	0.03196	0.01654	0.01237	0.00594	0.00489	0.00144	0.00418	0.00484	0.00574	0.13878
26	0.01064	0.00978	0.01319	0.01146	0.01240	0.04582	0.04883	0.04867	0.00967	0.02979	0.03890	0.07065	0.02473	0.03205	0.17986	0.00337	0.39618	0.00570	0.00292	0.00541
27	0.00809	0.00533	0.00687	0.00640	0.00775	0.00489	0.00483	0.01039	0.01398	0.06368	0.67072	0.04909	0.06766	0.01006	0.00581	0.00158	0.00251	0.00884	0.04657	0.00496
28	0.00724	0.00523	0.00658	0.00649	0.00776	0.00484	0.00503	0.00943	0.01328	0.01840	0.51759	0.04119	0.16281	0.01100	0.00597	0.00169	0.00273	0.11499	0.05311	0.00467
29	0.06973	0.00904	0.01172	0.00904	0.01292	0.00820	0.00747	0.07383	0.01476	0.69997	0.01870	0.01637	0.01186	0.00616	0.00497	0.00156	0.00436	0.00492	0.00600	0.00843
30	0.08471	0.01062	0.01274	0.11595	0.04027	0.01182	0.03213	0.14328	0.32822	0.09508	0.01670	0.04570	0.02744	0.00655	0.00503	0.00166	0.00477	0.00544	0.00450	0.00738
31	0.32421	0.00966	0.01299	0.38077	0.08422	0.01141	0.03417	0.01390	0.00964	0.01702	0.00841	0.01147	0.00652	0.00501	0.00476	0.00164	0.03529	0.00389	0.01925	0.00577
32	0.49271	0.01231	0.12436	0.03263	0.03686	0.01117	0.00851	0.08571	0.01106	0.09763	0.00998	0.03995	0.00774	0.00541	0.00398	0.00159	0.00473	0.00382	0.00348	0.00640
33	0.01768	0.07592	0.01478	0.01232	0.01512	0.61731	0.00945	0.04432	0.11880	0.01415	0.00964	0.01047	0.00779	0.00540	0.00457	0.00135	0.00806	0.00359	0.00300	0.00628
34	0.81073	0.00971	0.00768	0.00678	0.00996	0.01112	0.00559	0.01542	0.00894	0.06636	0.00777	0.00872	0.00587	0.00478	0.00324	0.00156	0.00393	0.00287	0.00331	0.00565
35	0.04880	0.00864	0.01160	0.00892	0.01281	0.00755	0.00737	0.02434	0.01429	0.77013	0.01955	0.01693	0.01230	0.00621	0.00502	0.00156	0.00429	0.00501	0.00616	0.00851
36	0.01258	0.01086	0.01143	0.01029	0.01315	0.01258	0.00800	0.02687	0.78161	0.02115	0.02058	0.01887	0.01544	0.00686	0.00515	0.00172	0.00400	0.00572	0.00515	0.00800
37	0.01258	0.01086	0.01143	0.01029	0.01315	0.01258	0.00800	0.02687	0.78161	0.02115	0.02058	0.01887	0.01544	0.00686	0.00515	0.00172	0.00400	0.00572	0.00515	0.00800
38	0.00716	0.00517	0.00676	0.00636	0.00755	0.00477	0.00477	0.00954	0.01431	0.02028	0.78808	0.03777	0.04771	0.01034	0.00596	0.00159	0.00239	0.00914	0.00557	0.00477
39	0.01922	0.01416	0.01518	0.01163	0.01568	0.01568	0.00961	0.77388	0.02378	0.03187	0.01214	0.01214	0.00860	0.00607	0.00506	0.00152	0.00556	0.00455	0.00506	0.00860
40	0.06990	0.00877	0.01155	0.00891	0.01278	0.00780	0.00736	0.03752	0.01431	0.73691	0.01908	0.01661	0.01205	0.00617	0.00497	0.00156	0.00430	0.00494	0.00606	0.00843
41	0.01274	0.01094	0.01152	0.01032	0.01321	0.01265	0.00804	0.04467	0.76355	0.02141	0.02038	0.01871	0.01527	0.00684	0.00514	0.00171	0.00404	0.00569	0.00514	0.00802
42	0.00797	0.00569	0.00794	0.00910	0.01019	0.00566	0.00783	0.01016	0.01146	0.01493	0.02687	0.12721	0.02950	0.01414	0.00694	0.00230	0.00450	0.68834	0.00466	0.00461
43	0.00799	0.00514	0.00619	0.00615	0.00663	0.00509	0.00392	0.00849	0.00839	0.05503	0.01963	0.11164	0.07445	0.54209	0.11389	0.00458	0.00553	0.00795	0.00349	0.00374
44	0.00704	0.00477	0.00561	0.00591	0.00599	0.00470	0.00349	0.00727	0.00796	0.01061	0.01904	0.23785	0.02231	0.61217	0.02071	0.00416	0.00439	0.00918	0.00349	0.00334
45	0.02269	0.00861	0.01174	0.00900	0.01291	0.00743	0.00743	0.02464	0.01447	0.79425	0.01995	0.01721	0.01252	0.00626	0.00509	0.00156	0.00430	0.00509	0.00626	0.00861
46	0.01773	0.01206	0.01434	0.05646	0.01566	0.01352	0.00956	0.44735	0.01829	0.17383	0.01268	0.01327	0.00908	0.00748	0.03200	0.00185	0.12773	0.00466	0.00463	0.00784
47	0.00990	0.00842	0.01340	0.08583	0.30777	0.00861	0.01138	0.01258	0.01151	0.01557	0.03349	0.03610	0.01957	0.00956	0.00605	0.00195	0.00530	0.39335	0.00365	0.00601
48	0.01003	0.00580	0.00768	0.00685	0.00854	0.00526	0.00526	0.01233	0.01434	0.16335	0.64609	0.03397	0.04121	0.00958	0.00580	0.00159	0.00274	0.00839	0.00569	0.00548
49	0.83721	0.01013	0.00760	0.00681	0.00992	0.03094	0.00558	0.01500	0.00875	0.02243	0.00706	0.00824	0.00550	0.00471	0.00316	0.00156	0.00404	0.00275	0.00312	0.00549
50	0.00612	0.00513	0.00533	0.00528	0.00692	0.00433	0.00396	0.00754	0.01187	0.01448	0.14295	0.04731	0.69646	0.01250	0.00597	0.00169	0.00254	0.01048	0.00480	0.00433
51	0.01215	0.05710	0.05225	0.01045	0.03482	0.00963	0.07818	0.08813	0.01199	0.04616	0.00964	0.01113	0.00767	0.00439	0.00463	0.00107	0.03286	0.00361	0.00315	0.52100
52	0.00671	0.00511	0.00616	0.00598	0.00730	0.00457	0.00446	0.00864	0.01313	0.01766	0.49998	0.08355	0.29543	0.01146	0.00599	0.00165	0.00247	0.00994	0.00523	0.00457
53	0.00735	0.00490	0.00552	0.00552	0.00552	0.00490	0.00306	0.00735	0.00735	0.00980	0.01593	0.03309	0.01838	0.82229	0.02574	0.00490	0.00490	0.00735	0.00306	0.00306
54	0.00716	0.00517	0.00676	0.00636	0.00755	0.00477	0.00477	0.00954	0.01431	0.02028	0.78808	0.03777	0.04771	0.01034	0.00596	0.00159	0.00239	0.00914	0.00557	0.00477
55	0.01258	0.01086	0.01143	0.01029	0.01315	0.01258	0.00800	0.02687	0.78161	0.02115	0.02058	0.01887	0.01544	0.00686	0.00515	0.00172	0.00400	0.00572	0.00515	0.00800
56	0.85801	0.00978	0.00743	0.00665	0.00978	0.01134	0.00548	0.01486	0.00861	0.02269	0.00704	0.00821	0.00548	0.00469	0.00313	0.00156	0.00391	0.00274	0.00313	0.00548
57	0.85801	0.00978	0.00743	0.00665	0.00978	0.01134	0.00548	0.01486	0.00861	0.02269	0.00704	0.00821	0.00548	0.00469	0.00313	0.00156	0.00391	0.00274	0.00313	0.00548
58	0.00603	0.00512	0.00520	0.00518	0.00687	0.00429	0.00389	0.00737	0.01166	0.01398	0.08699	0.04814	0.75273	0.01269	0.00598	0.00170	0.00255	0.01060	0.00474	0.00429
59	0.85801	0.00978	0.00743	0.00665	0.00978	0.01134	0.00548	0.01486	0.00861	0.02269	0.00704	0.00821	0.00548	0.00469	0.00313	0.00156	0.00391	0.00274	0.00313	0.00548
60	0.85801	0.00978	0.00743	0.00665	0.00978	0.01134	0.00548	0.01486	0.00861	0.02269	0.00704	0.00821	0.00548	0.00469	0.00313	0.00156	0.00391	0.00274	0.00313	0.00548
61	0.00716	0.00517	0.00676	0.00636	0.00755	0.00477	0.00477	0.00954	0.01431	0.02028	0.78808	0.03777	0.04771	0.01034	0.00596	0.00159	0.00239	0.00914	0.00557	0.00477
62	0.01106	0.01106	0.01549	0.01328	0.01328	0.01549	0.01106	0.01217	0.00774	0.01217	0.00664	0.01106	0.00664	0.00885	0.01659	0.00221	0.81303	0.00443	0.00221	0.00553
63	0.00960	0.00908	0.01547	0.79378	0.03465	0.01127	0.02976	0.01299	0.01015	0.01299	0.00901	0.01348	0.00676	0.00504	0.00507	0.00169	0.00678	0.00452	0.00225	0.00564
64	0.11651	0.07607	0.01526	0.01196	0.01307	0.05162	0.02989	0.02595	0.00877	0.01388	0.00736	0.01097	0.00688	0.00930	0.05785	0.00231	0.53014	0.00412	0.00243	0.00564
65	0.75560	0.00964	0.00796	0.00694	0.01016	0.01086	0.00572	0.01606	0.00933	0.11728	0.00862	0.00932	0.00634	0.00489	0.00337	0.00156	0.00396	0.00303	0.00351	0.00586
66	0.01093	0.04046	0.68713	0.01454	0.02148	0.06984	0.05442	0.01631	0.01100	0.01568	0.00900	0.01066	0.00648	0.00480	0.00481	0.00157	0.00761	0.00379	0.00219	0.00730
67	0.01437	0.01491	0.01782	0.04443	0.05866	0.20167	0.17011	0.14526	0.02742	0.01702	0.01068	0.01295	0.03175	0.00620	0.00770	0.00167	0.18671	0.00472	0.01942	0.00653
68	0.01315	0.01115	0.01176	0.01041	0.01337	0.01284	0.00814	0.09107	0.71648	0.02207	0.01986	0.01829	0.01485	0.00679	0.00514	0.00170	0.00414	0.00562	0.00514	0.00806
69	0.00786	0.00561	0.00782	0.00898	0.01002	0.00557	0.00765	0.00998	0.01136	0.01481	0.02693	0.16789	0.02973	0.01424	0.00691	0.00229	0.00441	0.64871	0.00466	0.00458
70	0.01352	0.82533	0.02650	0.00865	0.01298	0.02001	0.00865	0.01514	0.01027	0.01190	0.00703	0.00811	0.00649	0.00433	0.00324	0.00108	0.00541	0.00270	0.00216	0.00649
71	0.00627	0.00513	0.00553	0.00543	0.00701	0.00439	0.00407	0.00783	0.01222	0.01531	0.23476	0.04595	0.60413	0.01219	0.00597	0.00168	0.00252	0.01029	0.00491	0.00439
72	0.01922	0.01416	0.01518	0.01163	0.01568	0.01568	0.00961	0.77388	0.02378	0.03187	0.01214	0.01214	0.00860	0.00607	0.00506	0.00152	0.00556	0.00455	0.00506	0.00860
73	0.01971	0.01337	0.01469	0.01126	0.01529	0.01451	0.00930	0.66753	0.02245	0.14009	0.01325	0.01286	0.00916	0.00610	0.00506	0.00152	0.00539	0.00463	0.00523	0.00860
74	0.01352	0.82533	0.02650	0.00865	0.01298	0.02001	0.00865	0.01514	0.01027	0.01190	0.00703	0.00811	0.00649	0.00433	0.00324	0.00108	0.00541	0.00270	0.00216	0.00649
75	0.00616	0.00440	0.00587	0.00704	0.00733	0.00411	0.00469	0.00704	0.00968	0.01291	0.02787	0.81899	0.03344	0.01584	0.00645	0.00205	0.00293	0.01438	0.00469	0.00411
76	0.01197	0.01029	0.01088	0.00983	0.01255	0.01177	0.00763	0.02501	0.70492	0.02069	0.05543	0.02137	0.06059	0.00735	0.00523	0.00171	0.00385	0.00615	0.00514	0.00765
77	0.01130	0.02454	0.72385	0.01391	0.02106	0.01135	0.01765	0.01681	0.01103	0.08769	0.01008	0.01128	0.00697	0.00494	0.00483	0.00160	0.00718	0.00386	0.00251	0.00758
78	0.00616	0.00440	0.00587	0.00704	0.00733	0.00411	0.00469	0.00704	0.00968	0.01291	0.02787	0.81899	0.03344	0.01584	0.00645	0.00205	0.00293	0.01438	0.00469	0.00411
79	0.85801	0.00978	0.00743	0.00665	0.00978	0.01134	0.00548	0.01486	0.00861	0.02269	0.00704	0.00821	0.00548	0.00469	0.00313	0.00156	0.00391	0.00274	0.00313	0.00548
80	0.01134	0.02830	0.01700	0.48410	0.26797	0.07795	0.01403	0.01438	0.01090	0.01397	0.00901	0.01270	0.00711	0.00488	0.00496	0.00158	0.00668	0.00436	0.00235	0.00640
81	0.01258	0.01086	0.01143	0.01029	0.01315	0.01258	0.00800	0.02687	0.78161	0.02115	0.02058	0.01887	0.01544	0.00686	0.00515	0.00172	0.00400	0.00572	0.00515	0.00800
82	0.01134	0.00983	0.01074	0.00785	0.01222	0.05177	0.00625	0.01352	0.01083	0.04035	0.00926	0.01062	0.00759	0.00391	0.00383	0.00081	0.00407	0.00308	0.00307	0.77907
83	0.00701	0.00516	0.00656	0.00621	0.00747	0.00471	0.00466	0.00926	0.01397	0.01946	0.69718	0.03912	0.13912	0.01064	0.00597	0.00160	0.00241	0.00933	0.00546	0.00471
84	0.02081	0.00848	0.01115	0.00876	0.01237	0.00763	0.00717	0.02380	0.07661	0.66945	0.01973	0.01748	0.01279	0.00628	0.00497	0.00155	0.00412	0.00511	0.07352	0.00825
85	0.00716	0.00517	0.00676	0.00636	0.00755	0.00477	0.00477	0.00954	0.01431	0.02028	0.78808	0.03777	0.04771	0.01034	0.00596	0.00159	0.00239	0.00914	0.00557	0.00477
86	0.00639	0.00514	0.00570	0.00556	0.00708	0.00444	0.00417	0.00806	0.01250	0.01598	0.30939	0.04485	0.52908	0.01194	0.00597	0.00167	0.00250	0.01014	0.00500	0.00444
87	0.01659	0.01163	0.01237	0.00978	0.01305	0.01274	0.00798	0.56933	0.02024	0.02838	0.01331	0.01394	0.00977	0.00602	0.00465	0.00143	0.00470	0.00460	0.23194	0.00756
88	0.02269	0.00861	0.01174	0.00900	0.01291	0.00743	0.00743	0.02464	0.01447	0.79425	0.01995	0.01721	0.01252	0.00626	0.00509	0.00156	0.00430	0.00509	0.00626	0.00861
89	0.85801	0.00978	0.00743	0.00665	0.00978	0.01134	0.00548	0.01486	0.00861	0.02269	0.00704	0.00821	0.00548	0.00469	0.00313	0.00156	0.00391	0.00274	0.00313	0.00548
90	0.00867	0.00553	0.00710	0.00650	0.00804	0.00500	0.00495	0.01088	0.01401	0.10162	0.62114	0.03685	0.12990	0.01019	0.00587	0.00160	0.00261	0.00889	0.00554	0.00512
91	0.01252	0.01201	0.02053	0.03104	0.79074	0.01201	0.01552	0.01552	0.01151	0.01652	0.00951	0.01252	0.00801	0.00451	0.00501	0.00150	0.00601	0.00451	0.00250	0.00801
92	0.01922	0.01416	0.01518	0.01163	0.01568	0.01568	0.00961	0.77388	0.02378	0.03187	0.01214	0.01214	0.00860	0.00607	0.00506	0.00152	0.00556	0.00455	0.00506	0.00860
93	0.00612	0.00514	0.00532	0.00530	0.00696	0.00434	0.00400	0.00751	0.01177	0.01425	0.11368	0.04788	0.71190	0.01262	0.00599	0.00171	0.00258	0.02385	0.00477	0.00432
94	0.00616	0.00440	0.00587	0.00704	0.00733	0.00411	0.00469	0.00704	0.00968	0.01291	0.02787	0.81899	0.03344	0.01584	0.00645	0.00205	0.00293	0.01438	0.00469	0.00411
95	0.01352	0.82533	0.02650	0.00865	0.01298	0.02001	0.00865	0.01514	0.01027	0.01190	0.00703	0.00811	0.00649	0.00433	0.00324	0.00108	0.00541	0.00270	0.00216	0.00649
96	0.00606	0.00513	0.00524	0.00521	0.00688	0.00431	0.00391	0.00742	0.01173	0.01415	0.10521	0.04787	0.73441	0.01263	0.00598	0.00170	0.00255	0.01056	0.00476	0.00431
97	0.01145	0.00931	0.01082	0.00783	0.01225	0.00739	0.00629	0.05692	0.02652	0.04465	0.00978	0.01098	0.00788	0.00403	0.00389	0.00084	0.00387	0.00321	0.00327	0.75882
98	0.01015	0.00960	0.01626	0.65147	0.18877	0.01139	0.01434	0.01345	0.01040	0.01365	0.00909	0.01328	0.00700	0.00494	0.00505	0.00165	0.00659	0.00450	0.00230	0.00610
99	0.01258	0.01086	0.01143	0.01029	0.01315	0.01258	0.00800	0.02687	0.78161	0.02115	0.02058	0.01887	0.01544	0.00686	0.00515	0.00172	0.00400	0.00572	0.00515	0.00800
100	0.00616	0.00440	0.00587	0.00704	0.00733	0.00411	0.00469	0.00704	0.00968	0.01291	0.02787	0.81899	0.03344	0.01584	0.00645	0.00205	0.00293	0.01438	0.00469	0.00411
101	0.01014	0.02616	0.79609	0.01441	0.02189	0.01174	0.01868	0.01601	0.01068	0.01601	0.00907	0.01068	0.00641	0.00480	0.00480	0.00160	0.00747	0.00374	0.00214	0.00747
102	0.00730	0.00547	0.00800	0.00794	0.00878	0.00630	0.00610	0.00900	0.00842	0.01210	0.05742	0.02162	0.01491	0.08903	0.69074	0.00743	0.02636	0.00574	0.00289	0.00445
103	0.00616	0.00440	0.00587	0.00704	0.00733	0.00411	0.00469	0.00704	0.00968	0.01291	0.02787	0.81899	0.03344	0.01584	0.00645	0.00205	0.00293	0.01438	0.00469	0.00411
104	0.01014	0.02616	0.79609	0.01441	0.02189	0.01174	0.01868	0.01601	0.01068	0.01601	0.00907	0.01068	0.00641	0.00480	0.00480	0.00160	0.00747	0.00374	0.00214	0.00747
105	0.01258	0.01086	0.01143	0.01029	0.01315	0.01258	0.00800	0.02687	0.78161	0.02115	0.02058	0.01887	0.01544	0.00686	0.00515	0.00172	0.00400	0.00572	0.00515	0.00800
106	0.01171	0.01317	0.02789	0.02020	0.02472	0.01283	0.68171	0.01559	0.01148	0.01574	0.01033	0.03336	0.00821	0.00498	0.00698	0.00176	0.08410	0.00603	0.00258	0.00663
107	0.69108	0.01127	0.08099	0.07523	0.02935	0.01139	0.00762	0.01482	0.00898	0.02113	0.00744	0.00897	0.00572	0.00473	0.00348	0.00158	0.00452	0.00301	0.00295	0.00573
108	0.00879	0.00553	0.00728	0.00664	0.00812	0.00505	0.00505	0.01113	0.01433	0.10165	0.70732	0.03561	0.04401	0.00991	0.00587	0.00159	0.00259	0.00872	0.00564	0.00517
109	0.01083	0.00790	0.00840	0.00782	0.00981	0.00884	0.00601	0.01919	0.40348	0.01933	0.01835	0.01921	0.01431	0.02462	0.06279	0.00203	0.00406	0.00533	0.34135	0.00634
110	0.00729	0.00531	0.00688	0.00646	0.00769	0.00496	0.00485	0.00997	0.03333	0.02030	0.76906	0.03730	0.04691	0.01025	0.00594	0.00159	0.00243	0.00906	0.00556	0.00485
111	0.04729	0.00798	0.01037	0.00834	0.01161	0.00718	0.00675	0.02130	0.04325	0.58246	0.07042	0.05829	0.03977	0.00714	0.00508	0.00158	0.00392	0.00590	0.05372	0.00766
112	0.10560	0.00904	0.01137	0.00893	0.01269	0.00843	0.00734	0.04358	0.07129	0.63918	0.01850	0.01630	0.01193	0.00614	0.00489	0.00157	0.00427	0.00488	0.00583	0.00825
113	0.00719	0.00539	0.00806	0.00809	0.00898	0.00625	0.00627	0.00897	0.00817	0.01177	0.01398	0.04424	0.01328	0.03725	0.77798	0.00794	0.01322	0.00569	0.00277	0.00450
114	0.18438	0.01124	0.01671	0.18201	0.40041	0.02715	0.04134	0.03514	0.01109	0.03154	0.00916	0.01189	0.00729	0.00473	0.00466	0.00156	0.00584	0.00419	0.00272	0.00695
115	0.01323	0.01043	0.01131	0.00992	0.01278	0.01173	0.00778	0.09371	0.58463	0.06893	0.10045	0.02013	0.01802	0.00712	0.00522	0.00167	0.00399	0.00593	0.00525	0.00776
116	0.01586	0.43899	0.02079	0.01106	0.02819	0.35367	0.00931	0.03118	0.01223	0.01256	0.00750	0.00875	0.00657	0.00482	0.00411	0.00121	0.02148	0.00304	0.00241	0.00627
117	0.01028	0.05093	0.75923	0.01435	0.02168	0.01202	0.03096	0.01599	0.01068	0.01589	0.00903	0.01065	0.00643	0.00478	0.00477	0.00159	0.00743	0.00374	0.00214	0.00743
118	0.00735	0.00490	0.00552	0.00552	0.00552	0.00490	0.00306	0.00735	0.00735	0.00980	0.01593	0.03309	0.01838	0.82229	0.02574	0.00490	0.00490	0.00735	0.00306	0.00306
119	0.01049	0.00899	0.01049	0.00749	0.01198	0.00674	0.00599	0.01273	0.01049	0.01648	0.00899	0.01049	0.00749	0.00374	0.00374	0.00075	0.00374	0.00300	0.00300	0.85320
120	0.02256	0.00880	0.01186	0.00909	0.01301	0.00773	0.00751	0.05127	0.01480	0.76715	0.01967	0.01703	0.01238	0.00625	0.00508	0.00156	0.00435	0.00507	0.00622	0.00861
121	0.00735	0.00490	0.00552	0.00552	0.00552	0.00490	0.00306	0.00735	0.00735	0.00980	0.01593	0.03309	0.01838	0.82229	0.02574	0.00490	0.00490	0.00735	0.00306	0.00306
122	0.00735	0.00492	0.00560	0.00560	0.00563	0.00495	0.00317	0.00741	0.00738	0.00987	0.01586	0.03268	0.01820	0.79777	0.05001	0.00500	0.00517	0.00729	0.00305	0.00311
123	0.01315	0.01115	0.01176	0.01041	0.01337	0.01285	0.00814	0.09125	0.71629	0.02208	0.01985	0.01829	0.01485	0.00679	0.00514	0.00170	0.00414	0.00562	0.00514	0.00806
124	0.04283	0.04818	0.46450	0.14132	0.02278	0.01161	0.09494	0.01518	0.01061	0.01569	0.00902	0.01123	0.00665	0.00467	0.00475	0.00153	0.00693	0.00395	0.00231	0.08130
125	0.01261	0.01103	0.01422	0.08249	0.20069	0.03253	0.02554	0.09473	0.29495	0.03515	0.04200	0.01833	0.06166	0.02000	0.00586	0.00169	0.02965	0.00555	0.00403	0.00730
126	0.01922	0.01416	0.01518	0.01163	0.01568	0.01568	0.00961	0.77388	0.02378	0.03187	0.01214	0.01214	0.00860	0.00607	0.00506	0.00152	0.00556	0.00455	0.00506	0.00860
127	0.84112	0.00987	0.00759	0.00675	0.00990	0.01143	0.00556	0.03015	0.00891	0.02287	0.00714	0.00829	0.00554	0.00472	0.00317	0.00156	0.00394	0.00277	0.00317	0.00554
128	0.01016	0.00555	0.00571	0.00540	0.00678	0.00570	0.00410	0.07725	0.01158	0.01952	0.01604	0.01879	0.01277	0.03484	0.01989	0.00147	0.00294	0.00480	0.73174	0.00499
129	0.01270	0.01200	0.03550	0.08734	0.63353	0.01178	0.06241	0.01582	0.01156	0.05397	0.01002	0.01285	0.00808	0.00462	0.00507	0.00153	0.00617	0.00461	0.00266	0.00777
130	0.01567	0.00705	0.00949	0.00781	0.01049	0.00623	0.00623	0.01782	0.01440	0.44461	0.36695	0.02650	0.02842	0.00810	0.00548	0.00158	0.00344	0.00692	0.00595	0.00687
131	0.01112	0.00947	0.01122	0.00813	0.01251	0.00765	0.01969	0.06258	0.02260	0.01748	0.00935	0.01078	0.00767	0.00403	0.00409	0.00085	0.01681	0.00321	0.00314	0.75761
132	0.05308	0.00671	0.00716	0.00643	0.00832	0.00688	0.00498	0.10717	0.03632	0.10146	0.01662	0.06288	0.01335	0.02112	0.00448	0.00141	0.00316	0.00526	0.52755	0.00567
133	0.00967	0.00922	0.01589	0.77125	0.03441	0.01131	0.05142	0.01308	0.01020	0.01308	0.00905	0.01349	0.00679	0.00502	0.00510	0.00169	0.00683	0.00457	0.00226	0.00568
134	0.00742	0.00520	0.00673	0.00641	0.00764	0.00476	0.00478	0.00962	0.01381	0.03976	0.66905	0.09638	0.08777	0.01078	0.00598	0.00163	0.00249	0.00952	0.00547	0.00479
135	0.01407	0.63322	0.08911	0.00982	0.01414	0.14142	0.00967	0.01600	0.01094	0.01232	0.00732	0.00848	0.00649	0.00450	0.00358	0.00116	0.00616	0.00288	0.00223	0.00647
136	0.01646	0.01303	0.01360	0.01111	0.01463	0.03313	0.00895	0.44617	0.33780	0.02696	0.01554	0.01486	0.01138	0.00638	0.00508	0.00159	0.00500	0.00500	0.00504	0.00829
137	0.01142	0.00938	0.03443	0.00785	0.01221	0.00700	0.00650	0.02684	0.01112	0.07861	0.03085	0.02853	0.00947	0.00444	0.00402	0.00090	0.00388	0.00361	0.00337	0.70556
138	0.00999	0.03937	0.63276	0.05271	0.02140	0.01133	0.05718	0.01518	0.01068	0.01559	0.01069	0.05808	0.00871	0.00568	0.00501	0.00165	0.00711	0.02744	0.00239	0.00705
139	0.01148	0.31279	0.39369	0.01244	0.01789	0.01496	0.05554	0.01525	0.01043	0.01430	0.02451	0.01051	0.00739	0.00506	0.00532	0.00147	0.07421	0.00366	0.00225	0.00686
140	0.01205	0.00564	0.00623	0.00565	0.00739	0.00546	0.00438	0.03226	0.01162	0.15886	0.01701	0.01840	0.01278	0.00596	0.00385	0.00126	0.00278	0.00478	0.67815	0.00551
141	0.02269	0.00861	0.01174	0.00900	0.01291	0.00743	0.00743	0.02464	0.01447	0.79425	0.01995	0.01721	0.01252	0.00626	0.00509	0.00156	0.00430	0.00509	0.00626	0.00861
142	0.01182	0.03177	0.04070	0.49802	0.14778	0.01126	0.06434	0.01506	0.01098	0.10466	0.01038	0.01355	0.00765	0.00503	0.00506	0.00163	0.00645	0.00459	0.00277	0.00650
143	0.00648	0.00481	0.00606	0.00656	0.00741	0.00439	0.00468	0.00791	0.01142	0.01521	0.24607	0.42063	0.18508	0.01363	0.00624	0.00187	0.00277	0.03951	0.00494	0.00435
144	0.00624	0.00530	0.00540	0.00534	0.00706	0.00455	0.00402	0.00798	0.03553	0.01421	0.08604	0.04721	0.72877	0.01250	0.00595	0.00170	0.00260	0.01044	0.00475	0.00441

[dist]
# distance from previous block
# <min> <max>
0	29

[block]
# block no. 2 follows, 49 sequences, length 9
# corresponding to MSA columns:
# 378-386
name=unknown_C
#
# <colnr> <probs for GDERKNQSTAVLIFYWHMCP>
#	G	D	E	R	K	N	Q	S	T	A	V	L	I	F	Y	W	H	M	C	P
0	0.01323	0.41696	0.09810	0.01081	0.04827	0.10486	0.00973	0.01535	0.01088	0.05608	0.03984	0.01173	0.00918	0.00857	0.08859	0.00202	0.04308	0.00370	0.00265	0.00638
1	0.02150	0.00898	0.01180	0.00915	0.01294	0.00815	0.00752	0.07817	0.04677	0.68130	0.04539	0.01761	0.01355	0.00641	0.00512	0.00157	0.00432	0.00521	0.00610	0.00845
2	0.05641	0.02017	0.01395	0.01215	0.01515	0.53872	0.00936	0.17085	0.04239	0.06018	0.00975	0.01046	0.00752	0.00547	0.00464	0.00139	0.00774	0.00368	0.00341	0.00662
3	0.00949	0.00937	0.06766	0.08753	0.11690	0.02251	0.03017	0.05575	0.04812	0.01570	0.03474	0.17821	0.12414	0.02666	0.00641	0.00190	0.01887	0.13632	0.00387	0.00569
4	0.01354	0.01464	0.01669	0.24846	0.30491	0.24410	0.01301	0.01674	0.05232	0.01451	0.00944	0.01213	0.00759	0.00499	0.00490	0.00151	0.00703	0.00420	0.00260	0.00669
5	0.00648	0.00460	0.00607	0.00708	0.00746	0.00436	0.00486	0.00748	0.00983	0.01313	0.05752	0.64917	0.03229	0.08775	0.00821	0.00231	0.00324	0.07949	0.00458	0.00409
6	0.21485	0.05493	0.12531	0.10274	0.15791	0.08667	0.02989	0.01574	0.01053	0.05936	0.00881	0.01093	0.00692	0.00525	0.00563	0.00159	0.08981	0.00382	0.00274	0.00653
7	0.00702	0.00555	0.00839	0.11407	0.01210	0.00558	0.04238	0.00850	0.00999	0.01323	0.02446	0.61964	0.02839	0.01374	0.00628	0.00201	0.00382	0.06613	0.00427	0.00447
8	0.56141	0.02849	0.01206	0.03764	0.11472	0.01183	0.06398	0.05785	0.01038	0.04912	0.00841	0.00989	0.00646	0.00477	0.00383	0.00156	0.00476	0.00345	0.00318	0.00622

[dist]
# distance from previous block
# <min> <max>
0	1

[block]
# block no. 3 follows, 49 sequences, length 30
# corresponding to MSA columns:
# 388-417
name=unknown_D
#
# <colnr> <probs for GDERKNQSTAVLIFYWHMCP>
#	G	D	E	R	K	N	Q	S	T	A	V	L	I	F	Y	W	H	M	C	P
0	0.85801	0.00978	0.00743	0.00665	0.00978	0.01134	0.00548	0.01486	0.00861	0.02269	0.00704	0.00821	0.00548	0.00469	0.00313	0.00156	0.00391	0.00274	0.00313	0.00548
1	0.00735	0.00600	0.00644	0.00632	0.00811	0.00555	0.00492	0.04689	0.06185	0.01547	0.07550	0.06224	0.57056	0.01218	0.00600	0.00177	0.00303	0.09026	0.00478	0.00478
2	0.00637	0.00456	0.00605	0.00690	0.00738	0.00425	0.00471	0.00756	0.01064	0.01444	0.18581	0.65668	0.03641	0.01470	0.00635	0.00196	0.00282	0.01329	0.00488	0.00425
3	0.00628	0.00502	0.00533	0.00542	0.00669	0.00438	0.00383	0.00736	0.01080	0.01327	0.07856	0.11525	0.55636	0.14796	0.00931	0.00227	0.00298	0.01038	0.00447	0.00408
4	0.26948	0.00895	0.01046	0.00830	0.01198	0.00859	0.00685	0.02175	0.01274	0.56629	0.01614	0.01455	0.01044	0.00580	0.00451	0.00156	0.00419	0.00439	0.00533	0.00768
5	0.00706	0.00517	0.00662	0.00626	0.00749	0.00473	0.00469	0.00935	0.01408	0.01973	0.72742	0.03867	0.10871	0.01054	0.00597	0.00160	0.00240	0.00927	0.00549	0.00473
6	0.01049	0.00899	0.01049	0.00749	0.01198	0.00674	0.00599	0.01273	0.01049	0.01648	0.00899	0.01049	0.00749	0.00374	0.00374	0.00075	0.00374	0.00300	0.00300	0.85320
7	0.00604	0.00513	0.00522	0.00519	0.00687	0.00430	0.00389	0.00739	0.01168	0.01403	0.09293	0.04805	0.74675	0.01267	0.00598	0.00170	0.00255	0.01059	0.00475	0.00430
8	0.01086	0.00898	0.01052	0.00754	0.01201	0.00676	0.00604	0.01310	0.01061	0.04038	0.00932	0.01069	0.00764	0.00382	0.00379	0.00077	0.00376	0.00306	0.00310	0.82724
9	0.01359	0.01379	0.13570	0.10760	0.33853	0.02502	0.06527	0.06640	0.05440	0.11305	0.01147	0.01326	0.00858	0.00505	0.00506	0.00157	0.00618	0.00461	0.00320	0.00766
10	0.01107	0.03235	0.49009	0.04966	0.06126	0.01250	0.14076	0.05036	0.01127	0.01631	0.00920	0.01144	0.00683	0.00508	0.00593	0.00165	0.07043	0.00425	0.00237	0.00720
11	0.01074	0.06070	0.01526	0.01235	0.01273	0.01463	0.01033	0.01196	0.00795	0.01210	0.00752	0.01197	0.00737	0.01217	0.11309	0.00288	0.66407	0.00444	0.00227	0.00546
12	0.01880	0.01259	0.08966	0.01064	0.01476	0.01141	0.00946	0.35955	0.01816	0.31795	0.04007	0.01663	0.01198	0.00649	0.00515	0.00158	0.00513	0.03655	0.00523	0.00820
13	0.02121	0.00879	0.01161	0.00905	0.01278	0.00793	0.00742	0.04794	0.06678	0.68374	0.05334	0.01806	0.01413	0.00647	0.00513	0.00157	0.00424	0.00529	0.00611	0.00840
14	0.01809	0.05096	0.01386	0.01038	0.01401	0.01277	0.00853	0.43392	0.08494	0.20488	0.03010	0.05425	0.01204	0.00721	0.01880	0.00167	0.00508	0.00528	0.00516	0.00808
15	0.75691	0.00989	0.00811	0.00705	0.01028	0.01125	0.00581	0.05043	0.00974	0.08093	0.00824	0.00907	0.00615	0.00487	0.00336	0.00156	0.00402	0.00300	0.00345	0.00585
16	0.03871	0.01720	0.08923	0.05321	0.07363	0.26591	0.07043	0.17091	0.01472	0.08829	0.01018	0.01153	0.00766	0.00554	0.00567	0.00153	0.06118	0.00416	0.00335	0.00700
17	0.00868	0.02086	0.00841	0.02014	0.04504	0.02776	0.00598	0.01163	0.09308	0.04027	0.18946	0.25426	0.13500	0.04218	0.00654	0.00184	0.00350	0.03496	0.00460	0.04581
