[name]
unknown

[dist]
# distance from previous block
# <min> <max>
0	140

[block]
# block no. 0 follows, 52 sequences, length 65
# corresponding to MSA columns:
# 165-229
name=unknown_A
#
# <colnr> <probs for GDERKNQSTAVLIFYWHMCP>
#	G	D	E	R	K	N	Q	S	T	A	V	L	I	F	Y	W	H	M	C	P
0	0.01368	0.02596	0.20847	0.01038	0.01429	0.03839	0.01005	0.07349	0.16181	0.20335	0.02926	0.03323	0.04638	0.00650	0.00541	0.00156	0.04520	0.03030	0.00408	0.03823
1	0.01585	0.03804	0.05134	0.04963	0.01443	0.01038	0.02520	0.16256	0.17573	0.27803	0.03685	0.01500	0.01150	0.00573	0.00473	0.00144	0.00457	0.00467	0.00465	0.08968
2	0.01467	0.00990	0.02641	0.00977	0.04829	0.03560	0.00754	0.11330	0.15958	0.24006	0.12046	0.01714	0.01527	0.00605	0.00475	0.00138	0.00416	0.00499	0.00466	0.15603
3	0.01538	0.03255	0.05474	0.01368	0.16251	0.03762	0.02885	0.16081	0.08875	0.21931	0.01355	0.03930	0.01012	0.00554	0.00471	0.00141	0.00497	0.00464	0.00411	0.09743
4	0.04156	0.01026	0.03372	0.01090	0.01446	0.00962	0.16675	0.19546	0.02763	0.13210	0.04534	0.07041	0.10503	0.00668	0.00504	0.00147	0.00489	0.00595	0.00411	0.10862
5	0.03892	0.10074	0.06931	0.01009	0.01392	0.03036	0.00883	0.39378	0.05452	0.06150	0.01172	0.05028	0.00924	0.00578	0.00470	0.00137	0.01922	0.00440	0.00402	0.10731
6	0.00725	0.04564	0.00670	0.00592	0.00633	0.00555	0.00383	0.00763	0.00754	0.01004	0.01606	0.07123	0.04328	0.57084	0.14452	0.02854	0.00582	0.00693	0.00295	0.00339
7	0.00995	0.00883	0.04171	0.65572	0.02902	0.00993	0.01233	0.01297	0.01008	0.07839	0.01168	0.05440	0.03354	0.00568	0.00493	0.00162	0.00598	0.00499	0.00266	0.00557
8	0.11075	0.10757	0.01491	0.01172	0.06885	0.18475	0.03441	0.22245	0.06619	0.07647	0.01033	0.01093	0.00783	0.00509	0.00431	0.00135	0.00572	0.00378	0.00356	0.04902
9	0.01049	0.00980	0.01644	0.16237	0.53489	0.01012	0.01290	0.01309	0.01051	0.01466	0.01196	0.14780	0.01152	0.00622	0.00504	0.00156	0.00539	0.00589	0.00271	0.00666
10	0.01508	0.04998	0.14859	0.01115	0.01513	0.23698	0.02798	0.18309	0.03052	0.08371	0.01126	0.02798	0.02487	0.00536	0.00452	0.00133	0.00621	0.00404	0.00338	0.10884
11	0.01144	0.00989	0.01052	0.01831	0.01215	0.07514	0.00629	0.01390	0.03657	0.05911	0.00947	0.01060	0.00761	0.00396	0.00379	0.00085	0.00410	0.00311	0.00307	0.70014
12	0.04420	0.02960	0.01796	0.04254	0.50676	0.01220	0.03413	0.17993	0.01355	0.05779	0.01002	0.01195	0.00785	0.00473	0.00474	0.00145	0.00559	0.00430	0.00311	0.00762
13	0.02999	0.55618	0.24860	0.00982	0.01471	0.01630	0.01092	0.01456	0.00986	0.01275	0.00750	0.00884	0.00636	0.00532	0.02943	0.00141	0.00597	0.00296	0.00210	0.00641
14	0.00758	0.00623	0.00683	0.00645	0.00820	0.00613	0.00490	0.01209	0.19708	0.01675	0.27238	0.03664	0.38008	0.01019	0.00553	0.00160	0.00273	0.00865	0.00486	0.00509
15	0.01511	0.01739	0.01394	0.14807	0.08443	0.45901	0.01024	0.03764	0.13973	0.01412	0.00991	0.01131	0.00784	0.00519	0.00459	0.00140	0.00722	0.00384	0.00289	0.00615
16	0.00676	0.00495	0.00634	0.00599	0.00718	0.00453	0.00449	0.00895	0.01348	0.01886	0.72971	0.03714	0.11328	0.01012	0.00572	0.00153	0.00230	0.00890	0.00526	0.00453
17	0.00681	0.00451	0.00603	0.00685	0.00739	0.00419	0.00473	0.00786	0.00991	0.05194	0.08694	0.70289	0.03202	0.01426	0.00610	0.00192	0.00288	0.03391	0.00464	0.00421
18	0.00678	0.00495	0.00636	0.00601	0.00719	0.00454	0.00451	0.00898	0.01352	0.01897	0.74175	0.03697	0.10118	0.01008	0.00572	0.00153	0.00230	0.00887	0.00527	0.00454
19	0.00842	0.00618	0.00756	0.00706	0.00858	0.00620	0.00537	0.01299	0.17477	0.04583	0.55463	0.07111	0.03710	0.00942	0.00557	0.00159	0.00274	0.02438	0.00521	0.00531
20	0.86392	0.00937	0.00712	0.00637	0.00937	0.01087	0.00525	0.01425	0.00825	0.02174	0.00675	0.00787	0.00525	0.00450	0.00300	0.00150	0.00375	0.00262	0.00300	0.00525
21	0.06038	0.01108	0.01261	0.00965	0.01349	0.01129	0.00795	0.41173	0.01775	0.28303	0.01353	0.01288	0.00922	0.00557	0.00463	0.00139	0.00467	0.00428	0.00492	0.09994
22	0.01205	0.01041	0.01096	0.00986	0.01260	0.01205	0.00767	0.02575	0.79071	0.02027	0.01972	0.01808	0.01479	0.00657	0.00493	0.00164	0.00384	0.00548	0.00493	0.00767
23	0.86392	0.00937	0.00712	0.00637	0.00937	0.01087	0.00525	0.01425	0.00825	0.02174	0.00675	0.00787	0.00525	0.00450	0.00300	0.00150	0.00375	0.00262	0.00300	0.00525
24	0.00692	0.00519	0.00779	0.00779	0.00865	0.00606	0.00606	0.00865	0.00779	0.01125	0.01298	0.01904	0.01211	0.03634	0.81049	0.00779	0.01298	0.00519	0.00260	0.00433
25	0.00573	0.00491	0.00491	0.00491	0.00655	0.00409	0.00368	0.00695	0.01105	0.01309	0.04909	0.04664	0.79750	0.01227	0.00573	0.00164	0.00245	0.01023	0.00450	0.00409
26	0.86392	0.00937	0.00712	0.00637	0.00937	0.01087	0.00525	0.01425	0.00825	0.02174	0.00675	0.00787	0.00525	0.00450	0.00300	0.00150	0.00375	0.00262	0.00300	0.00525
27	0.01187	0.01143	0.01787	0.22276	0.54649	0.05963	0.01403	0.01471	0.01093	0.03116	0.00910	0.01212	0.00738	0.00452	0.00478	0.00147	0.00608	0.00425	0.00242	0.00700
28	0.00703	0.00477	0.00563	0.00563	0.00575	0.00489	0.00337	0.00727	0.00715	0.00965	0.01495	0.02996	0.01686	0.72030	0.13302	0.00512	0.00584	0.00679	0.00289	0.00313
29	0.00686	0.00495	0.00648	0.00610	0.00724	0.00457	0.00457	0.00914	0.01372	0.01943	0.79691	0.03620	0.04572	0.00991	0.00572	0.00152	0.00229	0.00876	0.00533	0.00457
30	0.00734	0.00546	0.00690	0.00645	0.00774	0.00527	0.00486	0.01069	0.08614	0.01951	0.72447	0.03451	0.04284	0.00960	0.00564	0.00154	0.00243	0.00846	0.00530	0.00486
31	0.01064	0.01020	0.01684	0.34700	0.41198	0.02527	0.02734	0.01370	0.02062	0.01425	0.00990	0.05255	0.00845	0.00510	0.00490	0.00154	0.00597	0.00480	0.00244	0.00651
32	0.01011	0.02453	0.77914	0.01365	0.02070	0.01112	0.01756	0.01561	0.01035	0.04060	0.00903	0.01043	0.00633	0.00465	0.00461	0.00153	0.00706	0.00362	0.00217	0.00720
33	0.00603	0.00431	0.00576	0.00684	0.00719	0.00404	0.00467	0.00698	0.00950	0.01268	0.04812	0.76515	0.03222	0.01494	0.00620	0.00197	0.00288	0.05203	0.00452	0.00398
34	0.00754	0.00516	0.00623	0.00610	0.00734	0.00484	0.00451	0.00996	0.05070	0.04393	0.38861	0.16525	0.16095	0.01037	0.00545	0.00157	0.00254	0.00904	0.10524	0.00466
35	0.01404	0.05764	0.01656	0.21034	0.23390	0.15866	0.03638	0.10675	0.01274	0.08268	0.00970	0.01175	0.00745	0.00492	0.00482	0.00145	0.01648	0.00410	0.00293	0.00672
36	0.00926	0.00883	0.01523	0.77864	0.03298	0.01084	0.05142	0.01254	0.00978	0.01254	0.00867	0.01293	0.00650	0.00481	0.00489	0.00162	0.00654	0.00438	0.00217	0.00544
37	0.84653	0.00969	0.02336	0.00652	0.00961	0.01088	0.00551	0.01427	0.00829	0.02161	0.00679	0.00792	0.00527	0.00450	0.00303	0.00150	0.00382	0.00264	0.00298	0.00529
38	0.00742	0.00555	0.00719	0.00694	0.00722	0.00631	0.00482	0.00809	0.00732	0.01024	0.01351	0.02526	0.01457	0.48421	0.27048	0.00537	0.10298	0.00614	0.00273	0.00365
39	0.01593	0.08870	0.01643	0.09076	0.01763	0.52906	0.09967	0.02979	0.01281	0.02687	0.00810	0.00978	0.00654	0.00480	0.00447	0.00131	0.00791	0.00354	0.00253	0.02337
40	0.00714	0.00502	0.00657	0.00614	0.00734	0.00462	0.00462	0.00942	0.01372	0.03411	0.78233	0.03583	0.04509	0.00983	0.00570	0.00152	0.00232	0.00869	0.00535	0.00464
41	0.00707	0.00580	0.00635	0.00623	0.00780	0.00556	0.00465	0.01064	0.14902	0.01540	0.17448	0.13865	0.42803	0.01121	0.00564	0.00166	0.00271	0.00958	0.00472	0.00479
42	0.02174	0.00825	0.01125	0.00862	0.01237	0.00712	0.00712	0.02362	0.01387	0.80282	0.01912	0.01649	0.01200	0.00600	0.00487	0.00150	0.00412	0.00487	0.00600	0.00825
43	0.00654	0.00487	0.00581	0.00565	0.00671	0.00444	0.00405	0.00810	0.01170	0.01574	0.43125	0.06525	0.24908	0.14914	0.00893	0.00211	0.00276	0.00905	0.00467	0.00414
44	0.01990	0.00834	0.01096	0.00860	0.01209	0.00757	0.00703	0.04157	0.08004	0.66608	0.05736	0.01751	0.01381	0.00623	0.00490	0.00151	0.00401	0.00510	0.01944	0.00796
45	0.00915	0.00861	0.01453	0.81804	0.03338	0.01077	0.01346	0.01238	0.00969	0.01238	0.00861	0.01292	0.00646	0.00484	0.00484	0.00161	0.00646	0.00431	0.00215	0.00538
46	0.01023	0.02231	0.67232	0.01276	0.01943	0.01048	0.01593	0.01527	0.01035	0.04597	0.00909	0.01045	0.00650	0.00453	0.00448	0.00143	0.00659	0.00354	0.00230	0.11603
47	0.01162	0.01127	0.01744	0.31262	0.41937	0.05748	0.03281	0.05212	0.01129	0.01507	0.00898	0.01215	0.00717	0.00462	0.00482	0.00150	0.00622	0.00428	0.00244	0.00673
48	0.01878	0.01300	0.01419	0.01088	0.01474	0.01417	0.00899	0.70132	0.02182	0.11388	0.01244	0.01216	0.00865	0.00584	0.00485	0.00146	0.00520	0.00442	0.00497	0.00824
49	0.86392	0.00937	0.00712	0.00637	0.00937	0.01087	0.00525	0.01425	0.00825	0.02174	0.00675	0.00787	0.00525	0.00450	0.00300	0.00150	0.00375	0.00262	0.00300	0.00525
50	0.00599	0.00507	0.00520	0.00519	0.00679	0.00437	0.00388	0.00765	0.03693	0.01354	0.07494	0.07704	0.71252	0.01211	0.00572	0.00165	0.00251	0.01016	0.00455	0.00422
51	0.22082	0.00947	0.01390	0.43490	0.20507	0.01097	0.01176	0.01342	0.00965	0.01549	0.00827	0.01146	0.00644	0.00464	0.00438	0.00155	0.00563	0.00389	0.00242	0.00588
52	0.80468	0.00956	0.00757	0.00666	0.00971	0.01100	0.00548	0.05234	0.00908	0.03847	0.00725	0.00824	0.00554	0.00459	0.00313	0.00150	0.00383	0.00276	0.00315	0.00546
53	0.01157	0.01079	0.01784	0.21378	0.55443	0.01137	0.01396	0.05832	0.01146	0.01595	0.02852	0.01279	0.00836	0.00467	0.00483	0.00148	0.00581	0.00443	0.00255	0.00709
54	0.01432	0.06486	0.01405	0.01200	0.04010	0.40794	0.06474	0.03868	0.10402	0.01430	0.05469	0.01711	0.02379	0.03782	0.00556	0.00156	0.00675	0.06870	0.00318	0.00582
55	0.17401	0.22771	0.01610	0.02400	0.05218	0.05133	0.00854	0.32727	0.04105	0.02166	0.00934	0.01004	0.00722	0.00503	0.00403	0.00135	0.00514	0.00355	0.00350	0.00694
56	0.01274	0.01020	0.01642	0.06436	0.47967	0.00982	0.02991	0.01539	0.01139	0.13091	0.04933	0.01366	0.01004	0.00476	0.00471	0.00137	0.00515	0.00445	0.00312	0.12259
57	0.01193	0.24565	0.45834	0.01208	0.01785	0.03118	0.03452	0.09116	0.01154	0.03115	0.00865	0.00986	0.00652	0.00462	0.00425	0.00139	0.00644	0.00346	0.00243	0.00698
58	0.05366	0.30909	0.27190	0.05534	0.06005	0.01412	0.10367	0.01530	0.03429	0.02841	0.00858	0.01016	0.00674	0.00446	0.00416	0.00137	0.00614	0.00359	0.00234	0.00662
59	0.01200	0.00902	0.01001	0.00888	0.01140	0.00990	0.00692	0.03790	0.51774	0.10210	0.17555	0.02213	0.04056	0.00731	0.00510	0.00160	0.00355	0.00617	0.00511	0.00703
60	0.00778	0.00701	0.04846	0.06562	0.06872	0.00620	0.05487	0.02125	0.01064	0.02984	0.13246	0.43840	0.04811	0.01127	0.00577	0.00178	0.00384	0.02900	0.00409	0.00489
61	0.03157	0.02770	0.14440	0.06435	0.16186	0.14338	0.04048	0.12893	0.05879	0.13499	0.01117	0.01210	0.00817	0.00510	0.00470	0.00146	0.00615	0.00415	0.00339	0.00717
62	0.01151	0.17957	0.19167	0.01442	0.03127	0.03190	0.29824	0.01493	0.01089	0.05314	0.01131	0.05786	0.00977	0.00555	0.00495	0.00153	0.00659	0.05579	0.00271	0.00641
63	0.00618	0.00433	0.00554	0.00639	0.00661	0.00412	0.00412	0.00682	0.00874	0.01165	0.02393	0.63365	0.02855	0.21284	0.01067	0.00263	0.00327	0.01214	0.00412	0.00369
64	0.01439	0.01348	0.09279	0.06817	0.10621	0.11653	0.09224	0.10543	0.01293	0.15305	0.01083	0.01193	0.00794	0.00477	0.00461	0.00133	0.00585	0.00406	0.00336	0.17009

[dist]
# distance from previous block
# <min> <max>
0	8

[block]
# block no. 1 follows, 52 sequences, length 20
# corresponding to MSA columns:
# 238-257
name=unknown_B
#
# <colnr> <probs for GDERKNQSTAVLIFYWHMCP>
#	G	D	E	R	K	N	Q	S	T	A	V	L	I	F	Y	W	H	M	C	P
0	0.66822	0.05317	0.00882	0.00698	0.01012	0.04964	0.00575	0.01480	0.04118	0.02014	0.00748	0.00852	0.00591	0.00451	0.00320	0.00140	0.00405	0.00279	0.00299	0.08031
1	0.07961	0.00872	0.01114	0.00866	0.01233	0.00805	0.00714	0.06723	0.04619	0.67127	0.01785	0.01568	0.01143	0.00591	0.00474	0.00150	0.00416	0.00471	0.00568	0.00801
2	0.01440	0.07396	0.09645	0.06773	0.04260	0.30646	0.04445	0.08281	0.19224	0.01601	0.01096	0.01180	0.00848	0.00525	0.00458	0.00142	0.00664	0.00401	0.00315	0.00660
3	0.00680	0.00491	0.00643	0.00613	0.00723	0.00454	0.00457	0.00901	0.01346	0.01903	0.75250	0.08176	0.04494	0.01021	0.00574	0.00155	0.00232	0.00905	0.00529	0.00454
4	0.00978	0.00623	0.00855	0.14799	0.09115	0.00647	0.00673	0.01218	0.01094	0.06634	0.14474	0.01945	0.01640	0.00628	0.00451	0.01462	0.00349	0.00519	0.41376	0.00519
5	0.00704	0.00471	0.00536	0.00534	0.00541	0.00469	0.00304	0.00718	0.00747	0.01003	0.06448	0.03199	0.01939	0.77808	0.02347	0.00450	0.00455	0.00716	0.00309	0.00304
6	0.27118	0.01167	0.01193	0.00942	0.01302	0.01283	0.00777	0.46130	0.01736	0.12191	0.01109	0.01110	0.00780	0.00545	0.00430	0.00147	0.00471	0.00391	0.00444	0.00735
7	0.01375	0.63589	0.06826	0.00923	0.01340	0.07315	0.00903	0.10310	0.01162	0.01386	0.00746	0.00843	0.00645	0.00442	0.00348	0.00113	0.00556	0.00289	0.00242	0.00646
8	0.00789	0.00518	0.00681	0.00627	0.00760	0.00475	0.00475	0.01015	0.01373	0.07381	0.74292	0.03483	0.04338	0.00964	0.00566	0.00152	0.00241	0.00849	0.00538	0.00483
9	0.05708	0.01004	0.01068	0.00955	0.01223	0.01139	0.00750	0.10178	0.56820	0.04221	0.01887	0.06869	0.01515	0.00719	0.00497	0.00166	0.00396	0.03681	0.00480	0.00725
10	0.01419	0.42105	0.09488	0.02523	0.02488	0.17454	0.02943	0.11413	0.01230	0.01451	0.00783	0.00905	0.00653	0.00471	0.00420	0.00124	0.02913	0.00320	0.00253	0.00643
11	0.01081	0.00680	0.00854	0.00757	0.00965	0.00626	0.00573	0.04444	0.04213	0.16602	0.11099	0.30318	0.02202	0.03019	0.00602	0.00161	0.02867	0.00811	0.00448	0.17676
12	0.04983	0.38332	0.16765	0.01045	0.05900	0.01358	0.00990	0.01596	0.01065	0.16170	0.01058	0.04978	0.00860	0.00513	0.00398	0.00130	0.00518	0.00386	0.00300	0.02654
13	0.01593	0.08397	0.03192	0.00984	0.01333	0.01257	0.00828	0.37440	0.15509	0.13944	0.07988	0.01572	0.02526	0.00625	0.00479	0.00147	0.00462	0.00492	0.00476	0.00757
14	0.00598	0.00435	0.00557	0.00644	0.00691	0.00402	0.00434	0.00690	0.00961	0.01267	0.06611	0.66377	0.12168	0.04868	0.00688	0.00202	0.00282	0.01284	0.00447	0.00394
15	0.02686	0.06072	0.42388	0.11723	0.01932	0.04399	0.02601	0.03393	0.04133	0.03487	0.01127	0.10294	0.00966	0.00603	0.00495	0.00157	0.02142	0.00491	0.00267	0.00645
16	0.05565	0.03778	0.03968	0.21403	0.29795	0.07993	0.03176	0.08603	0.01208	0.08515	0.00978	0.01194	0.00747	0.00480	0.00466	0.00147	0.00599	0.00414	0.00290	0.00683
17	0.06092	0.12322	0.04599	0.00936	0.01294	0.03235	0.00811	0.31700	0.03003	0.18762	0.06140	0.01386	0.01118	0.00575	0.00446	0.00139	0.00473	0.00438	0.05809	0.00723
18	0.04415	0.00542	0.00679	0.00668	0.00800	0.00499	0.00485	0.01068	0.01092	0.16264	0.15910	0.36824	0.11303	0.06306	0.00684	0.00192	0.00309	0.00997	0.00477	0.00487
19	0.02561	0.09383	0.16554	0.05814	0.05090	0.09705	0.07052	0.12800	0.01193	0.02926	0.01056	0.01494	0.00916	0.16014	0.00842	0.00204	0.01574	0.00450	0.03772	0.00600

[dist]
# distance from previous block
# <min> <max>
2	5

[block]
# block no. 2 follows, 52 sequences, length 70
# corresponding to MSA columns:
# 263-332
name=unknown_C
#
# <colnr> <probs for GDERKNQSTAVLIFYWHMCP>
#	G	D	E	R	K	N	Q	S	T	A	V	L	I	F	Y	W	H	M	C	P
0	0.08558	0.03562	0.02506	0.05931	0.04748	0.03131	0.01918	0.23182	0.02634	0.06025	0.00993	0.01099	0.00758	0.00477	0.00447	0.00122	0.02481	0.00365	0.00350	0.30713
1	0.00688	0.00520	0.00608	0.00573	0.00723	0.00461	0.00428	0.00851	0.01160	0.03375	0.31159	0.03781	0.37625	0.06028	0.05356	0.00208	0.00324	0.00872	0.00455	0.04806
2	0.01252	0.67940	0.02343	0.00912	0.01249	0.01837	0.00872	0.01398	0.00939	0.01145	0.00667	0.00830	0.00625	0.00495	0.00549	0.00124	0.15721	0.00290	0.00208	0.00605
3	0.01129	0.00593	0.00790	0.00685	0.00877	0.00533	0.00533	0.01345	0.01376	0.25274	0.56526	0.03033	0.03568	0.00874	0.00546	0.00152	0.00283	0.00761	0.00553	0.00567
4	0.00921	0.00547	0.00723	0.00650	0.00805	0.00498	0.00498	0.01143	0.01374	0.14322	0.67401	0.03309	0.04040	0.00929	0.00558	0.00152	0.00258	0.00815	0.00544	0.00515
5	0.00681	0.00495	0.00641	0.00604	0.00721	0.00455	0.00453	0.00905	0.01360	0.01915	0.76371	0.03666	0.07909	0.01001	0.00572	0.00153	0.00229	0.00883	0.00530	0.00455
6	0.01595	0.01119	0.01190	0.00940	0.01255	0.01226	0.00767	0.57969	0.01946	0.02725	0.01274	0.01333	0.00934	0.00577	0.00446	0.00137	0.00452	0.00440	0.22949	0.00726
7	0.00903	0.00452	0.00452	0.00452	0.00565	0.00452	0.00339	0.01129	0.01016	0.01807	0.01581	0.01807	0.01242	0.00565	0.00339	0.00113	0.00226	0.00452	0.85659	0.00452
8	0.00590	0.00422	0.00562	0.00675	0.00703	0.00394	0.00450	0.00675	0.00928	0.01237	0.02671	0.82653	0.03205	0.01518	0.00619	0.00197	0.00281	0.01378	0.00450	0.00394
9	0.02174	0.00825	0.01125	0.00862	0.01237	0.00712	0.00712	0.02362	0.01387	0.80282	0.01912	0.01649	0.01200	0.00600	0.00487	0.00150	0.00412	0.00487	0.00600	0.00825
10	0.01842	0.01357	0.01454	0.01115	0.01503	0.01503	0.00921	0.78330	0.02278	0.03054	0.01163	0.01163	0.00824	0.00582	0.00485	0.00145	0.00533	0.00436	0.00485	0.00824
11	0.00915	0.00861	0.01453	0.81804	0.03338	0.01077	0.01346	0.01238	0.00969	0.01238	0.00861	0.01292	0.00646	0.00484	0.00484	0.00161	0.00646	0.00431	0.00215	0.00538
12	0.14847	0.01478	0.01182	0.01036	0.01324	0.26527	0.00808	0.14502	0.29713	0.01951	0.01250	0.01247	0.00952	0.00563	0.00444	0.00147	0.00562	0.00410	0.00384	0.00673
13	0.86392	0.00937	0.00712	0.00637	0.00937	0.01087	0.00525	0.01425	0.00825	0.02174	0.00675	0.00787	0.00525	0.00450	0.00300	0.00150	0.00375	0.00262	0.00300	0.00525
14	0.86392	0.00937	0.00712	0.00637	0.00937	0.01087	0.00525	0.01425	0.00825	0.02174	0.00675	0.00787	0.00525	0.00450	0.00300	0.00150	0.00375	0.00262	0.00300	0.00525
15	0.00717	0.00571	0.00761	0.00855	0.09927	0.00526	0.00554	0.00925	0.01273	0.01740	0.51486	0.03604	0.23266	0.00986	0.00561	0.00154	0.00273	0.00862	0.00478	0.00481
16	0.01240	0.01144	0.02003	0.07047	0.59742	0.01142	0.11606	0.03175	0.01141	0.05618	0.00974	0.01241	0.00780	0.00443	0.00493	0.00148	0.00602	0.00453	0.00263	0.00744
17	0.01296	0.83261	0.02539	0.00829	0.01244	0.01917	0.00829	0.01451	0.00985	0.01140	0.00674	0.00777	0.00622	0.00415	0.00311	0.00104	0.00518	0.00259	0.00207	0.00622
18	0.01842	0.01357	0.01454	0.01115	0.01503	0.01503	0.00921	0.78330	0.02278	0.03054	0.01163	0.01163	0.00824	0.00582	0.00485	0.00145	0.00533	0.00436	0.00485	0.00824
19	0.00843	0.00431	0.00650	0.02492	0.00693	0.00436	0.00442	0.00645	0.00639	0.00851	0.00842	0.01469	0.00837	0.01656	0.01862	0.83935	0.00426	0.00421	0.00211	0.00218
20	0.01142	0.09750	0.01652	0.12837	0.40513	0.04331	0.01160	0.01375	0.01068	0.05441	0.01223	0.15030	0.01166	0.00633	0.00485	0.00151	0.00533	0.00572	0.00288	0.00652
21	0.00602	0.00492	0.00532	0.00522	0.00673	0.00422	0.00392	0.00753	0.01175	0.01476	0.24530	0.04390	0.60025	0.01165	0.00572	0.00161	0.00241	0.00984	0.00472	0.00422
22	0.01296	0.83261	0.02539	0.00829	0.01244	0.01917	0.00829	0.01451	0.00985	0.01140	0.00674	0.00777	0.00622	0.00415	0.00311	0.00104	0.00518	0.00259	0.00207	0.00622
23	0.00711	0.00547	0.00815	0.00804	0.00886	0.00651	0.00629	0.00881	0.00777	0.01127	0.01264	0.01861	0.01182	0.03492	0.76984	0.00750	0.05431	0.00514	0.00257	0.00438
24	0.02920	0.05972	0.39415	0.12354	0.05557	0.01179	0.14543	0.03566	0.04794	0.03759	0.00964	0.01156	0.00707	0.00467	0.00475	0.00153	0.00671	0.00415	0.00249	0.00683
25	0.02164	0.00840	0.01134	0.00870	0.01245	0.00736	0.00718	0.04602	0.01413	0.78004	0.01890	0.01635	0.01189	0.00599	0.00487	0.00150	0.00416	0.00486	0.00596	0.00825
26	0.01326	0.01153	0.01144	0.01012	0.01296	0.07150	0.00790	0.08245	0.65317	0.04231	0.01819	0.01685	0.01358	0.00638	0.00488	0.00160	0.00432	0.00520	0.00477	0.00758
27	0.01006	0.00927	0.01540	0.16794	0.46919	0.00959	0.01212	0.01259	0.01059	0.01473	0.05266	0.16762	0.01402	0.00676	0.00512	0.00158	0.00515	0.00633	0.00290	0.00639
28	0.01687	0.02105	0.01377	0.01242	0.01455	0.68680	0.00947	0.01810	0.01276	0.01182	0.00745	0.00919	0.00637	0.00608	0.02184	0.00150	0.11864	0.00331	0.00245	0.00555
29	0.01653	0.01187	0.01296	0.01030	0.01373	0.01302	0.00838	0.52030	0.16549	0.08622	0.07789	0.01522	0.01282	0.00631	0.00494	0.00150	0.00471	0.00497	0.00499	0.00783
30	0.00590	0.00422	0.00562	0.00675	0.00703	0.00394	0.00450	0.00675	0.00928	0.01237	0.02671	0.82653	0.03205	0.01518	0.00619	0.00197	0.00281	0.01378	0.00450	0.00394
31	0.00864	0.16654	0.03294	0.05022	0.01227	0.00879	0.11110	0.01083	0.01141	0.01527	0.30368	0.15397	0.06518	0.02134	0.00551	0.00158	0.00411	0.00766	0.00386	0.00511
32	0.01998	0.00803	0.01080	0.00841	0.01187	0.00706	0.00690	0.04325	0.01410	0.69360	0.10590	0.01856	0.01566	0.00643	0.00497	0.00150	0.00395	0.00529	0.00589	0.00784
33	0.55511	0.00921	0.00879	0.00732	0.01060	0.00987	0.00603	0.05346	0.01073	0.27162	0.01093	0.01080	0.00754	0.00504	0.00368	0.00150	0.00394	0.00342	0.00404	0.00635
34	0.00968	0.00912	0.01539	0.63423	0.19101	0.01076	0.01352	0.01281	0.01007	0.01328	0.02903	0.01333	0.00772	0.00487	0.00486	0.00158	0.00621	0.00442	0.00229	0.00584
35	0.08901	0.01271	0.05802	0.12052	0.30392	0.11388	0.01159	0.05328	0.02423	0.15119	0.01061	0.01209	0.00792	0.00490	0.00460	0.00146	0.00580	0.00409	0.00319	0.00700
36	0.00874	0.00694	0.00935	0.12090	0.03562	0.02958	0.04051	0.04642	0.00985	0.03159	0.05625	0.23170	0.01902	0.25820	0.02408	0.00271	0.03289	0.00789	0.02325	0.00451
37	0.86392	0.00937	0.00712	0.00637	0.00937	0.01087	0.00525	0.01425	0.00825	0.02174	0.00675	0.00787	0.00525	0.00450	0.00300	0.00150	0.00375	0.00262	0.00300	0.00525
38	0.02157	0.00853	0.01142	0.00876	0.01251	0.00754	0.00723	0.06370	0.01434	0.76207	0.01872	0.01624	0.01180	0.00599	0.00487	0.00150	0.00419	0.00485	0.00594	0.00825
39	0.01704	0.01163	0.01539	0.01495	0.18434	0.01203	0.05094	0.36517	0.04007	0.20418	0.02675	0.01353	0.00979	0.00554	0.00491	0.00148	0.00520	0.00465	0.00447	0.00795
40	0.01060	0.01060	0.01484	0.01272	0.01272	0.01484	0.01060	0.01166	0.00742	0.01166	0.00636	0.01060	0.00636	0.00848	0.01590	0.00212	0.82082	0.00424	0.00212	0.00530
41	0.00702	0.00469	0.00529	0.00532	0.00533	0.00468	0.00298	0.00704	0.00711	0.00947	0.01557	0.05246	0.01799	0.80843	0.02418	0.00463	0.00465	0.00722	0.00298	0.00296
42	0.00686	0.00495	0.00648	0.00610	0.00724	0.00457	0.00457	0.00914	0.01372	0.01943	0.79691	0.03620	0.04572	0.00991	0.00572	0.00152	0.00229	0.00876	0.00533	0.00457
43	0.00590	0.00422	0.00562	0.00675	0.00703	0.00394	0.00450	0.00675	0.00928	0.01237	0.02671	0.82653	0.03205	0.01518	0.00619	0.00197	0.00281	0.01378	0.00450	0.00394
44	0.00590	0.00422	0.00562	0.00675	0.00703	0.00394	0.00450	0.00675	0.00928	0.01237	0.02671	0.82653	0.03205	0.01518	0.00619	0.00197	0.00281	0.01378	0.00450	0.00394
45	0.01842	0.01357	0.01454	0.01115	0.01503	0.01503	0.00921	0.78330	0.02278	0.03054	0.01163	0.01163	0.00824	0.00582	0.00485	0.00145	0.00533	0.00436	0.00485	0.00824
46	0.02174	0.00825	0.01125	0.00862	0.01237	0.00712	0.00712	0.02362	0.01387	0.80282	0.01912	0.01649	0.01200	0.00600	0.00487	0.00150	0.00412	0.00487	0.00600	0.00825
47	0.00583	0.00491	0.00505	0.00502	0.00661	0.00413	0.00376	0.00715	0.01128	0.01366	0.11575	0.04571	0.73049	0.01206	0.00573	0.00163	0.00244	0.01010	0.00457	0.00413
48	0.00903	0.00452	0.00452	0.00452	0.00565	0.00452	0.00339	0.01129	0.01016	0.01807	0.01581	0.01807	0.01242	0.00565	0.00339	0.00113	0.00226	0.00452	0.85659	0.00452
49	0.00686	0.00495	0.00648	0.00610	0.00724	0.00457	0.00457	0.00914	0.01372	0.01943	0.79691	0.03620	0.04572	0.00991	0.00572	0.00152	0.00229	0.00876	0.00533	0.00457
50	0.01144	0.01307	0.02859	0.02042	0.02533	0.01225	0.78186	0.01552	0.01144	0.01552	0.00980	0.01307	0.00735	0.00408	0.00572	0.00163	0.00817	0.00572	0.00245	0.00654
51	0.01163	0.01114	0.01901	0.13114	0.70093	0.01142	0.01469	0.01455	0.01086	0.01539	0.00905	0.01211	0.00752	0.00439	0.00480	0.00146	0.00585	0.00432	0.00237	0.00738
52	0.01005	0.00861	0.01005	0.00718	0.01148	0.00646	0.00574	0.01220	0.01005	0.01579	0.00861	0.01005	0.00718	0.00359	0.00359	0.00072	0.00359	0.00287	0.00287	0.85932
53	0.00694	0.00498	0.00633	0.00707	0.00763	0.00485	0.00484	0.06938	0.01032	0.01377	0.02523	0.74270	0.02980	0.03298	0.00650	0.00199	0.00306	0.01286	0.00449	0.00426
54	0.00590	0.00422	0.00562	0.00675	0.00703	0.00394	0.00450	0.00675	0.00928	0.01237	0.02671	0.82653	0.03205	0.01518	0.00619	0.00197	0.00281	0.01378	0.00450	0.00394
55	0.00986	0.02421	0.75838	0.01358	0.02049	0.01130	0.01731	0.01595	0.05567	0.01563	0.00934	0.01069	0.00664	0.00472	0.00462	0.00154	0.00697	0.00369	0.00221	0.00719
56	0.00705	0.00470	0.00529	0.00529	0.00529	0.00470	0.00294	0.00705	0.00705	0.00940	0.01527	0.03171	0.01762	0.82969	0.02467	0.00470	0.00470	0.00705	0.00294	0.00294
57	0.01144	0.01307	0.02859	0.02042	0.02533	0.01225	0.78186	0.01552	0.01144	0.01552	0.00980	0.01307	0.00735	0.00408	0.00572	0.00163	0.00817	0.00572	0.00245	0.00654
58	0.00992	0.00901	0.01515	0.68438	0.13910	0.01076	0.01346	0.01306	0.01000	0.03652	0.00900	0.01290	0.00679	0.00481	0.00484	0.00159	0.00629	0.00433	0.00230	0.00579
59	0.02174	0.00825	0.01125	0.00862	0.01237	0.00712	0.00712	0.02362	0.01387	0.80282	0.01912	0.01649	0.01200	0.00600	0.00487	0.00150	0.00412	0.00487	0.00600	0.00825
60	0.01199	0.01151	0.01967	0.02974	0.79946	0.01151	0.01487	0.01487	0.01103	0.01583	0.00912	0.01199	0.00768	0.00432	0.00480	0.00144	0.00576	0.00432	0.00240	0.00768
61	0.00590	0.00422	0.00562	0.00675	0.00703	0.00394	0.00450	0.00675	0.00928	0.01237	0.02671	0.82653	0.03205	0.01518	0.00619	0.00197	0.00281	0.01378	0.00450	0.00394
62	0.01264	0.01122	0.01910	0.04932	0.70111	0.01118	0.03201	0.01548	0.01122	0.07536	0.00988	0.01238	0.00796	0.00445	0.00483	0.00145	0.00571	0.00439	0.00267	0.00763
63	0.00693	0.00465	0.00532	0.00544	0.00547	0.00462	0.00310	0.00702	0.00728	0.00971	0.01647	0.11517	0.01913	0.74417	0.02272	0.00441	0.00450	0.00775	0.00310	0.00304
64	0.00972	0.02507	0.80458	0.01381	0.02097	0.01125	0.01790	0.01535	0.01023	0.01535	0.00870	0.01023	0.00614	0.00460	0.00460	0.00153	0.00716	0.00358	0.00205	0.00716
65	0.06056	0.11266	0.13900	0.00985	0.01419	0.01030	0.03098	0.08870	0.01325	0.45034	0.01439	0.01347	0.00955	0.00540	0.00454	0.00145	0.00494	0.00425	0.00454	0.00763
66	0.01021	0.07533	0.65662	0.01544	0.11747	0.01180	0.01691	0.01523	0.01031	0.01515	0.00862	0.01029	0.00634	0.00454	0.00453	0.00149	0.00686	0.00361	0.00209	0.00717
67	0.00595	0.00425	0.00567	0.00680	0.00710	0.00397	0.00458	0.00682	0.00932	0.01242	0.02668	0.80861	0.03195	0.01514	0.00620	0.00197	0.00285	0.03126	0.00450	0.00395
68	0.01064	0.00817	0.03364	0.05223	0.01460	0.00745	0.17728	0.01328	0.01186	0.14026	0.11780	0.03321	0.08665	0.00898	0.00584	0.00180	0.00495	0.26155	0.00420	0.00562
69	0.01441	0.06059	0.13759	0.03743	0.34629	0.04742	0.02612	0.07569	0.01243	0.17877	0.01110	0.01228	0.00819	0.00485	0.00469	0.00144	0.00576	0.00419	0.00326	0.00751

[dist]
# distance from previous block
# <min> <max>
0	6

[block]
# block no. 3 follows, 52 sequences, length 118
# corresponding to MSA columns:
# 339-456
name=unknown_D
#
# <colnr> <probs for GDERKNQSTAVLIFYWHMCP>
#	G	D	E	R	K	N	Q	S	T	A	V	L	I	F	Y	W	H	M	C	P
0	0.27002	0.12050	0.08405	0.00890	0.01271	0.09362	0.00797	0.11028	0.05866	0.03163	0.00891	0.00976	0.00695	0.00467	0.00378	0.00128	0.00494	0.00322	0.00311	0.15503
1	0.41772	0.23897	0.01378	0.03216	0.02360	0.02828	0.00709	0.08125	0.02180	0.08465	0.00849	0.00927	0.00657	0.00469	0.00348	0.00137	0.00452	0.00308	0.00314	0.00611
2	0.00691	0.00501	0.00552	0.00554	0.00609	0.00488	0.00348	0.00798	0.04789	0.01115	0.03542	0.08611	0.20148	0.53195	0.01776	0.00360	0.00397	0.00817	0.00354	0.00353
3	0.01387	0.01131	0.01198	0.01023	0.01329	0.01290	0.00811	0.24143	0.57208	0.02320	0.01742	0.01625	0.01293	0.00636	0.00491	0.00159	0.00426	0.00516	0.00491	0.00783
4	0.00720	0.00534	0.00790	0.00781	0.00854	0.00626	0.00601	0.00856	0.00764	0.01099	0.01242	0.01877	0.01177	0.06001	0.69025	0.07129	0.04739	0.00514	0.00255	0.00416
5	0.01831	0.01352	0.01448	0.01113	0.01498	0.01497	0.00918	0.76967	0.03660	0.03036	0.01178	0.01175	0.00836	0.00583	0.00485	0.00146	0.00531	0.00438	0.00485	0.00823
6	0.00579	0.00491	0.00499	0.00497	0.00658	0.00412	0.00373	0.00707	0.01119	0.01343	0.08937	0.04607	0.75700	0.01215	0.00573	0.00163	0.00245	0.01015	0.00455	0.00412
7	0.00686	0.00495	0.00648	0.00610	0.00724	0.00457	0.00457	0.00914	0.01372	0.01943	0.79691	0.03620	0.04572	0.00991	0.00572	0.00152	0.00229	0.00876	0.00533	0.00457
8	0.00915	0.00861	0.01453	0.81804	0.03338	0.01077	0.01346	0.01238	0.00969	0.01238	0.00861	0.01292	0.00646	0.00484	0.00484	0.00161	0.00646	0.00431	0.00215	0.00538
9	0.01005	0.00861	0.01005	0.00718	0.01148	0.00646	0.00574	0.01220	0.01005	0.01579	0.00861	0.01005	0.00718	0.00359	0.00359	0.00072	0.00359	0.00287	0.00287	0.85932
10	0.01205	0.01041	0.01096	0.00986	0.01260	0.01205	0.00767	0.02575	0.79071	0.02027	0.01972	0.01808	0.01479	0.00657	0.00493	0.00164	0.00384	0.00548	0.00493	0.00767
11	0.02174	0.00825	0.01125	0.00862	0.01237	0.00712	0.00712	0.02362	0.01387	0.80282	0.01912	0.01649	0.01200	0.00600	0.00487	0.00150	0.00412	0.00487	0.00600	0.00825
12	0.00705	0.00470	0.00529	0.00529	0.00529	0.00470	0.00294	0.00705	0.00705	0.00940	0.01527	0.03171	0.01762	0.82969	0.02467	0.00470	0.00470	0.00705	0.00294	0.00294
13	0.00705	0.00470	0.00529	0.00529	0.00529	0.00470	0.00294	0.00705	0.00705	0.00940	0.01527	0.03171	0.01762	0.82969	0.02467	0.00470	0.00470	0.00705	0.00294	0.00294
14	0.01199	0.01151	0.01967	0.02974	0.79946	0.01151	0.01487	0.01487	0.01103	0.01583	0.00912	0.01199	0.00768	0.00432	0.00480	0.00144	0.00576	0.00432	0.00240	0.00768
15	0.01842	0.01357	0.01454	0.01115	0.01503	0.01503	0.00921	0.78330	0.02278	0.03054	0.01163	0.01163	0.00824	0.00582	0.00485	0.00145	0.00533	0.00436	0.00485	0.00824
16	0.00589	0.00427	0.00557	0.00662	0.00699	0.00395	0.00444	0.00676	0.00940	0.01242	0.02830	0.77113	0.08642	0.01498	0.00615	0.00194	0.00279	0.01352	0.00450	0.00395
17	0.60903	0.00903	0.00837	0.00705	0.01028	0.00974	0.00582	0.01708	0.00995	0.25815	0.01049	0.01048	0.00729	0.00495	0.00357	0.00150	0.00386	0.00330	0.00391	0.00616
18	0.86392	0.00937	0.00712	0.00637	0.00937	0.01087	0.00525	0.01425	0.00825	0.02174	0.00675	0.00787	0.00525	0.00450	0.00300	0.00150	0.00375	0.00262	0.00300	0.00525
19	0.01144	0.01307	0.02859	0.02042	0.02533	0.01225	0.78186	0.01552	0.01144	0.01552	0.00980	0.01307	0.00735	0.00408	0.00572	0.00163	0.00817	0.00572	0.00245	0.00654
20	0.00676	0.00495	0.00634	0.00599	0.00718	0.00453	0.00450	0.00896	0.01349	0.01889	0.73265	0.03710	0.11032	0.01011	0.00572	0.00153	0.00230	0.00889	0.00526	0.00453
21	0.01065	0.21046	0.55314	0.01357	0.05496	0.01314	0.05037	0.01514	0.01023	0.01447	0.00831	0.00987	0.00628	0.00446	0.00432	0.00142	0.00669	0.00348	0.00209	0.00694
22	0.00856	0.00635	0.00737	0.00728	0.00868	0.00636	0.00534	0.11977	0.08052	0.03209	0.06213	0.42890	0.18361	0.01208	0.00574	0.00177	0.00319	0.01058	0.00465	0.00503
23	0.00686	0.00495	0.00648	0.00610	0.00724	0.00457	0.00457	0.00914	0.01372	0.01943	0.79691	0.03620	0.04572	0.00991	0.00572	0.00152	0.00229	0.00876	0.00533	0.00457
24	0.01239	0.01163	0.02084	0.02701	0.62097	0.01142	0.15186	0.01543	0.01125	0.05561	0.00974	0.01241	0.00784	0.00436	0.00497	0.00148	0.00611	0.00460	0.00259	0.00750
25	0.08230	0.40325	0.03055	0.01357	0.16827	0.08209	0.04510	0.05666	0.05057	0.01486	0.00835	0.00970	0.00702	0.00449	0.00386	0.00126	0.00558	0.00338	0.00256	0.00659
26	0.86392	0.00937	0.00712	0.00637	0.00937	0.01087	0.00525	0.01425	0.00825	0.02174	0.00675	0.00787	0.00525	0.00450	0.00300	0.00150	0.00375	0.00262	0.00300	0.00525
27	0.17149	0.01230	0.01752	0.02305	0.51714	0.08433	0.07529	0.01522	0.01079	0.01655	0.00858	0.01102	0.00707	0.00439	0.00450	0.00145	0.00585	0.00401	0.00252	0.00694
28	0.01005	0.00861	0.01005	0.00718	0.01148	0.00646	0.00574	0.01220	0.01005	0.01579	0.00861	0.01005	0.00718	0.00359	0.00359	0.00072	0.00359	0.00287	0.00287	0.85932
29	0.00692	0.00519	0.00779	0.00779	0.00865	0.00606	0.00606	0.00865	0.00779	0.01125	0.01298	0.01904	0.01211	0.03634	0.81049	0.00779	0.01298	0.00519	0.00260	0.00433
30	0.00686	0.00495	0.00648	0.00610	0.00724	0.00457	0.00457	0.00914	0.01372	0.01943	0.79691	0.03620	0.04572	0.00991	0.00572	0.00152	0.00229	0.00876	0.00533	0.00457
31	0.00784	0.00551	0.00773	0.00879	0.00985	0.00551	0.00763	0.00985	0.01091	0.01419	0.02479	0.05264	0.02690	0.01356	0.00731	0.04559	0.00445	0.72825	0.00434	0.00434
32	0.00705	0.00470	0.00529	0.00529	0.00529	0.00470	0.00294	0.00705	0.00705	0.00940	0.01527	0.03171	0.01762	0.82969	0.02467	0.00470	0.00470	0.00705	0.00294	0.00294
33	0.86392	0.00937	0.00712	0.00637	0.00937	0.01087	0.00525	0.01425	0.00825	0.02174	0.00675	0.00787	0.00525	0.00450	0.00300	0.00150	0.00375	0.00262	0.00300	0.00525
34	0.01296	0.83261	0.02539	0.00829	0.01244	0.01917	0.00829	0.01451	0.00985	0.01140	0.00674	0.00777	0.00622	0.00415	0.00311	0.00104	0.00518	0.00259	0.00207	0.00622
35	0.86392	0.00937	0.00712	0.00637	0.00937	0.01087	0.00525	0.01425	0.00825	0.02174	0.00675	0.00787	0.00525	0.00450	0.00300	0.00150	0.00375	0.00262	0.00300	0.00525
36	0.01254	0.01299	0.04154	0.10686	0.49528	0.10482	0.08095	0.01575	0.03442	0.03455	0.00948	0.01204	0.00763	0.00455	0.00483	0.00146	0.00633	0.00433	0.00254	0.00710
37	0.00590	0.00422	0.00562	0.00675	0.00703	0.00394	0.00450	0.00675	0.00928	0.01237	0.02671	0.82653	0.03205	0.01518	0.00619	0.00197	0.00281	0.01378	0.00450	0.00394
38	0.01289	0.00580	0.00668	0.00585	0.00779	0.00552	0.00460	0.03388	0.01153	0.24190	0.01665	0.01746	0.01220	0.00575	0.00385	0.00124	0.00287	0.00461	0.59326	0.00567
39	0.02145	0.00871	0.01153	0.00884	0.01260	0.00782	0.00731	0.09016	0.01465	0.73517	0.01846	0.01607	0.01167	0.00598	0.00487	0.00150	0.00423	0.00483	0.00590	0.00825
40	0.00903	0.00452	0.00452	0.00452	0.00565	0.00452	0.00339	0.01129	0.01016	0.01807	0.01581	0.01807	0.01242	0.00565	0.00339	0.00113	0.00226	0.00452	0.85659	0.00452
41	0.01199	0.01151	0.01967	0.02974	0.79946	0.01151	0.01487	0.01487	0.01103	0.01583	0.00912	0.01199	0.00768	0.00432	0.00480	0.00144	0.00576	0.00432	0.00240	0.00768
42	0.01005	0.00861	0.01005	0.00718	0.01148	0.00646	0.00574	0.01220	0.01005	0.01579	0.00861	0.01005	0.00718	0.00359	0.00359	0.00072	0.00359	0.00287	0.00287	0.85932
43	0.00582	0.00494	0.00504	0.00508	0.00670	0.00416	0.00386	0.00709	0.01105	0.01315	0.04807	0.04699	0.76385	0.01232	0.00577	0.00166	0.00254	0.04330	0.00450	0.00411
44	0.01842	0.01357	0.01454	0.01115	0.01503	0.01503	0.00921	0.78330	0.02278	0.03054	0.01163	0.01163	0.00824	0.00582	0.00485	0.00145	0.00533	0.00436	0.00485	0.00824
45	0.00972	0.02507	0.80458	0.01381	0.02097	0.01125	0.01790	0.01535	0.01023	0.01535	0.00870	0.01023	0.00614	0.00460	0.00460	0.00153	0.00716	0.00358	0.00205	0.00716
46	0.01457	0.01353	0.17559	0.04863	0.01896	0.01024	0.23632	0.08315	0.01271	0.25281	0.01239	0.01316	0.00853	0.00491	0.00496	0.00149	0.00608	0.00464	0.00366	0.07367
47	0.01306	0.81649	0.02516	0.00838	0.01249	0.03493	0.00831	0.01461	0.00992	0.01141	0.00675	0.00779	0.00622	0.00416	0.00313	0.00104	0.00525	0.00260	0.00208	0.00621
48	0.00590	0.00422	0.00562	0.00675	0.00703	0.00394	0.00450	0.00675	0.00928	0.01237	0.02671	0.82653	0.03205	0.01518	0.00619	0.00197	0.00281	0.01378	0.00450	0.00394
49	0.02174	0.00825	0.01125	0.00862	0.01237	0.00712	0.00712	0.02362	0.01387	0.80282	0.01912	0.01649	0.01200	0.00600	0.00487	0.00150	0.00412	0.00487	0.00600	0.00825
50	0.01764	0.01214	0.01433	0.06166	0.08431	0.01309	0.00956	0.54125	0.01940	0.14508	0.01243	0.01258	0.00872	0.00565	0.00482	0.00146	0.00521	0.00444	0.01826	0.00796
51	0.00703	0.00477	0.00563	0.00563	0.00575	0.00489	0.00337	0.00727	0.00715	0.00965	0.01495	0.02995	0.01685	0.71968	0.13364	0.00513	0.00585	0.00679	0.00289	0.00313
52	0.00613	0.00504	0.00546	0.00568	0.00721	0.00438	0.00447	0.00755	0.01107	0.01336	0.04460	0.04817	0.65008	0.01249	0.00591	0.00175	0.00284	0.15516	0.00449	0.00416
53	0.01992	0.00818	0.01091	0.00849	0.01196	0.00728	0.00696	0.06434	0.01435	0.67377	0.10412	0.01839	0.01549	0.00642	0.00496	0.00150	0.00399	0.00527	0.00586	0.00784
54	0.01291	0.78260	0.05927	0.00861	0.01286	0.03317	0.00873	0.01464	0.00993	0.01158	0.00684	0.00790	0.00622	0.00418	0.00320	0.00106	0.00533	0.00264	0.00208	0.00625
55	0.00959	0.00505	0.00511	0.00491	0.00620	0.00514	0.00373	0.05692	0.01091	0.01880	0.01556	0.01769	0.01217	0.00566	0.00347	0.00115	0.00244	0.00451	0.80625	0.00474
56	0.00654	0.00494	0.00604	0.00576	0.00705	0.00444	0.00432	0.00853	0.01297	0.01766	0.58768	0.03912	0.25606	0.01057	0.00572	0.00156	0.00233	0.00917	0.00510	0.00444
57	0.00909	0.00697	0.00870	0.07900	0.01149	0.00747	0.00665	0.12893	0.10667	0.01649	0.05888	0.39195	0.02328	0.02718	0.04361	0.00214	0.00423	0.05773	0.00432	0.00524
58	0.04260	0.31074	0.19287	0.01297	0.10653	0.01506	0.03423	0.19923	0.01317	0.01785	0.00871	0.00989	0.00686	0.00468	0.00412	0.00133	0.00576	0.00353	0.00281	0.00706
59	0.01091	0.06716	0.48285	0.02668	0.05637	0.01086	0.06916	0.01543	0.02230	0.06544	0.02595	0.01146	0.00776	0.00464	0.00454	0.00142	0.00629	0.00386	0.00255	0.10438
60	0.02888	0.51552	0.06863	0.00967	0.01378	0.09066	0.02463	0.12915	0.01235	0.05482	0.00834	0.00913	0.00681	0.00460	0.00371	0.00119	0.00564	0.00314	0.00274	0.00661
61	0.01118	0.01058	0.01741	0.06616	0.63324	0.02343	0.01340	0.01384	0.01087	0.01522	0.01155	0.08454	0.01088	0.00582	0.00502	0.00154	0.00551	0.05012	0.00269	0.00702
62	0.00876	0.00671	0.04188	0.00682	0.00879	0.00574	0.00567	0.01094	0.03642	0.11601	0.19023	0.03709	0.39281	0.01038	0.00608	0.00166	0.04062	0.06367	0.00466	0.00505
63	0.01753	0.02204	0.01344	0.03560	0.01520	0.75964	0.00928	0.01887	0.01349	0.01209	0.00781	0.00918	0.00646	0.00501	0.00435	0.00126	0.00845	0.00320	0.03152	0.00557
64	0.01147	0.01198	0.02338	0.09856	0.36535	0.01179	0.37438	0.01495	0.01110	0.01537	0.00939	0.01259	0.00741	0.00426	0.00523	0.00155	0.00695	0.00497	0.00240	0.00693
65	0.00657	0.00492	0.00609	0.00590	0.00712	0.00445	0.00442	0.00853	0.01282	0.01750	0.56756	0.07537	0.22354	0.01078	0.00576	0.00159	0.00240	0.02517	0.00508	0.00443
66	0.00592	0.00422	0.00562	0.00672	0.00700	0.00395	0.00447	0.00675	0.00924	0.01232	0.02653	0.81380	0.03182	0.02823	0.00648	0.00201	0.00284	0.01367	0.00447	0.00392
67	0.01005	0.00861	0.01005	0.00718	0.01148	0.00646	0.00574	0.01220	0.01005	0.01579	0.00861	0.01005	0.00718	0.00359	0.00359	0.00072	0.00359	0.00287	0.00287	0.85932
68	0.00573	0.00491	0.00491	0.00491	0.00655	0.00409	0.00368	0.00695	0.01105	0.01309	0.04909	0.04664	0.79750	0.01227	0.00573	0.00164	0.00245	0.01023	0.00450	0.00409
69	0.86392	0.00937	0.00712	0.00637	0.00937	0.01087	0.00525	0.01425	0.00825	0.02174	0.00675	0.00787	0.00525	0.00450	0.00300	0.00150	0.00375	0.00262	0.00300	0.00525
70	0.86392	0.00937	0.00712	0.00637	0.00937	0.01087	0.00525	0.01425	0.00825	0.02174	0.00675	0.00787	0.00525	0.00450	0.00300	0.00150	0.00375	0.00262	0.00300	0.00525
71	0.01005	0.00861	0.01005	0.00718	0.01148	0.00646	0.00574	0.01220	0.01005	0.01579	0.00861	0.01005	0.00718	0.00359	0.00359	0.00072	0.00359	0.00287	0.00287	0.85932
72	0.80387	0.00967	0.00765	0.00671	0.00977	0.01117	0.00553	0.06887	0.00928	0.02237	0.00709	0.00814	0.00546	0.00459	0.00313	0.00150	0.00386	0.00275	0.00313	0.00546
73	0.06588	0.01163	0.05269	0.11933	0.62576	0.01137	0.01423	0.01456	0.01066	0.01579	0.00889	0.01176	0.00731	0.00440	0.00468	0.00147	0.00577	0.00418	0.00239	0.00723
74	0.02174	0.00825	0.01125	0.00862	0.01237	0.00712	0.00712	0.02362	0.01387	0.80282	0.01912	0.01649	0.01200	0.00600	0.00487	0.00150	0.00412	0.00487	0.00600	0.00825
75	0.00615	0.00439	0.00588	0.00692	0.00729	0.00418	0.00479	0.00712	0.00931	0.01241	0.02572	0.70200	0.03046	0.04420	0.03595	0.00230	0.00339	0.07920	0.00437	0.00396
76	0.01261	0.01069	0.01127	0.00997	0.01281	0.01231	0.00781	0.09211	0.72344	0.02117	0.01902	0.01752	0.01422	0.00651	0.00492	0.00163	0.00397	0.00538	0.00492	0.00772
77	0.01279	0.00853	0.01033	0.00752	0.01169	0.00662	0.00607	0.01488	0.01094	0.20013	0.01107	0.01156	0.00831	0.00415	0.00389	0.00090	0.00371	0.00334	0.00360	0.65997
78	0.00743	0.00568	0.00836	0.05129	0.12482	0.00555	0.00668	0.00879	0.00979	0.03228	0.02338	0.59608	0.04027	0.01271	0.00590	0.00187	0.00353	0.04679	0.00411	0.00469
79	0.01026	0.08797	0.61725	0.01443	0.02099	0.01205	0.13998	0.01531	0.01039	0.01506	0.00872	0.01049	0.00634	0.00448	0.00466	0.00151	0.00717	0.00385	0.00211	0.00699
80	0.01144	0.01307	0.02859	0.02042	0.02533	0.01225	0.78186	0.01552	0.01144	0.01552	0.00980	0.01307	0.00735	0.00408	0.00572	0.00163	0.00817	0.00572	0.00245	0.00654
81	0.67673	0.00912	0.00804	0.00687	0.01004	0.01004	0.00566	0.01633	0.00950	0.19535	0.00950	0.00979	0.00675	0.00483	0.00342	0.00150	0.00383	0.00312	0.00367	0.00591
82	0.01041	0.07941	0.57173	0.01373	0.01992	0.01202	0.10308	0.01648	0.09800	0.01564	0.00992	0.01126	0.00725	0.00473	0.00466	0.00152	0.00676	0.00397	0.00242	0.00708
83	0.00706	0.00525	0.00682	0.00766	0.00875	0.00505	0.00629	0.00899	0.02261	0.01388	0.03088	0.19642	0.19647	0.01338	0.00636	0.00204	0.00371	0.44957	0.00448	0.00433
