[name]
unknown

[dist]
# distance from previous block
# <min> <max>
0	113

[block]
# block no. 0 follows, 45 sequences, length 32
# corresponding to MSA columns:
# 155-183,186-188
name=unknown_A
#
# <colnr> <probs for GDERKNQSTAVLIFYWHMCP>
#	G	D	E	R	K	N	Q	S	T	A	V	L	I	F	Y	W	H	M	C	P
0	0.10800	0.01049	0.08119	0.15186	0.06253	0.00942	0.00969	0.03040	0.03670	0.08154	0.05993	0.05290	0.02796	0.02731	0.09137	0.01627	0.00619	0.00543	0.00359	0.12725
1	0.01239	0.00955	0.01231	0.11091	0.01572	0.03092	0.05876	0.15606	0.04833	0.06917	0.02037	0.19473	0.06552	0.06990	0.00747	0.00205	0.00515	0.04270	0.01641	0.05157
2	0.01428	0.03000	0.06318	0.04755	0.04289	0.00948	0.00859	0.14520	0.01423	0.16273	0.05010	0.11489	0.01530	0.07068	0.00697	0.00181	0.00489	0.00622	0.00443	0.18659
3	0.03979	0.01055	0.06339	0.18236	0.06815	0.02611	0.00989	0.07439	0.04965	0.07271	0.04385	0.09607	0.08305	0.06330	0.00714	0.00195	0.01571	0.01820	0.00390	0.06984
4	0.02941	0.01462	0.17617	0.16315	0.27155	0.02318	0.06385	0.04333	0.02631	0.01698	0.01236	0.08812	0.01097	0.02043	0.00586	0.00180	0.00662	0.01509	0.00296	0.00725
5	0.03684	0.01194	0.01755	0.13339	0.39749	0.03370	0.01307	0.05770	0.02875	0.06858	0.01094	0.01331	0.00862	0.00503	0.00505	0.00150	0.00594	0.00450	0.00320	0.14289
6	0.03090	0.01154	0.01590	0.18202	0.22813	0.02471	0.01195	0.14275	0.09811	0.12988	0.01586	0.01701	0.05487	0.00626	0.00538	0.00168	0.00576	0.00535	0.00409	0.00784
7	0.09929	0.01222	0.03267	0.07413	0.38730	0.02392	0.01281	0.06998	0.01293	0.11656	0.01122	0.01319	0.00864	0.00533	0.00548	0.00159	0.03577	0.00452	0.00343	0.06901
8	0.01178	0.00934	0.01087	0.00799	0.01235	0.00741	0.00638	0.04934	0.01214	0.04415	0.04530	0.01329	0.01046	0.00463	0.00418	0.00093	0.00394	0.00374	0.05274	0.68903
9	0.02624	0.00986	0.01357	0.16362	0.11515	0.00903	0.02506	0.02484	0.01124	0.02825	0.01032	0.01377	0.00870	0.05785	0.00604	0.00144	0.00512	0.00412	0.00304	0.46273
10	0.01667	0.01324	0.01590	0.09327	0.12685	0.02553	0.01091	0.40268	0.07837	0.03849	0.01250	0.01347	0.00930	0.00584	0.00518	0.00154	0.00576	0.00469	0.00439	0.11542
11	0.00654	0.00467	0.00623	0.00747	0.00779	0.00436	0.00498	0.00747	0.01028	0.01370	0.02959	0.80785	0.03550	0.01682	0.00685	0.00218	0.00311	0.01526	0.00498	0.00436
12	0.00920	0.00752	0.02338	0.01104	0.10770	0.00703	0.02304	0.06048	0.01476	0.02070	0.50601	0.12804	0.03900	0.01036	0.00618	0.00173	0.00355	0.00927	0.00521	0.00578
13	0.01861	0.01526	0.01462	0.01184	0.01528	0.14034	0.00944	0.51070	0.05500	0.02682	0.01209	0.01313	0.00912	0.00789	0.00728	0.10930	0.00628	0.00464	0.00456	0.00776
14	0.00690	0.00506	0.00640	0.00735	0.00796	0.00472	0.00501	0.02842	0.01094	0.01436	0.03229	0.68904	0.12943	0.01612	0.00675	0.00212	0.00314	0.01447	0.00499	0.00451
15	0.01005	0.00540	0.00565	0.00547	0.00683	0.00540	0.00414	0.03737	0.01223	0.02067	0.11424	0.02234	0.01832	0.00686	0.00414	0.00132	0.00262	0.00560	0.70619	0.00515
16	0.00905	0.00558	0.00719	0.00746	0.00863	0.00510	0.00533	0.01068	0.02540	0.11338	0.14836	0.48678	0.11827	0.01406	0.00650	0.00199	0.00318	0.01252	0.00535	0.00517
17	0.67673	0.11338	0.01171	0.00812	0.01173	0.01315	0.04047	0.01623	0.00973	0.04781	0.00809	0.00929	0.00631	0.00497	0.00354	0.00160	0.00459	0.00314	0.00328	0.00613
18	0.00751	0.00555	0.00701	0.00701	0.00810	0.00528	0.00507	0.00996	0.04473	0.01828	0.44705	0.21364	0.10014	0.05707	0.03705	0.00227	0.00334	0.01069	0.00535	0.00490
19	0.00670	0.00512	0.00616	0.00660	0.00765	0.00458	0.00468	0.00814	0.01205	0.01571	0.20296	0.37127	0.30023	0.01439	0.00656	0.00194	0.00285	0.01265	0.00519	0.00458
20	0.74373	0.01022	0.00847	0.00738	0.01081	0.01151	0.00608	0.01711	0.00993	0.12096	0.00923	0.00994	0.00677	0.00520	0.00359	0.00166	0.00421	0.00323	0.00375	0.00624
21	0.01325	0.01320	0.06262	0.27660	0.24350	0.01327	0.13334	0.14399	0.01400	0.01902	0.01049	0.01363	0.00802	0.00524	0.00549	0.00170	0.00706	0.00499	0.00302	0.00755
22	0.01261	0.01248	0.01610	0.01379	0.01424	0.05607	0.01141	0.06266	0.00972	0.01430	0.00774	0.01202	0.00738	0.01000	0.04126	0.00245	0.68242	0.00468	0.00259	0.00607
23	0.00685	0.00485	0.00630	0.00716	0.00756	0.00456	0.00476	0.00786	0.01057	0.01426	0.12322	0.60564	0.03529	0.12303	0.00954	0.00252	0.00332	0.01355	0.00487	0.00430
24	0.01133	0.15075	0.66546	0.01434	0.02175	0.01384	0.01817	0.01685	0.01127	0.01632	0.00929	0.01091	0.00681	0.00502	0.00484	0.00161	0.00759	0.00380	0.00227	0.00777
25	0.01355	0.63921	0.19650	0.01055	0.01588	0.01928	0.01156	0.01628	0.01100	0.01360	0.00795	0.00922	0.00687	0.00471	0.00381	0.00127	0.00623	0.00311	0.00229	0.00712
26	0.00658	0.00525	0.00594	0.00643	0.00772	0.00460	0.00472	0.00789	0.01161	0.01436	0.04441	0.29646	0.48031	0.01473	0.00659	0.00198	0.00302	0.06792	0.00498	0.00451
27	0.00672	0.00550	0.00596	0.00596	0.00764	0.00473	0.00456	0.00836	0.01277	0.01585	0.18020	0.05020	0.59812	0.01321	0.00641	0.00183	0.00283	0.05935	0.00515	0.00465
28	0.03881	0.27102	0.13938	0.03241	0.01587	0.02617	0.02816	0.04622	0.08299	0.06401	0.03083	0.02666	0.01008	0.00544	0.00446	0.00137	0.00556	0.00417	0.00333	0.16306
29	0.01480	0.53920	0.06035	0.00934	0.01342	0.01704	0.00909	0.01684	0.01139	0.11202	0.01041	0.01141	0.00847	0.00533	0.00458	0.00132	0.04874	0.00358	0.09569	0.00696
30	0.11435	0.00562	0.00633	0.00694	0.00802	0.00543	0.00490	0.00876	0.01088	0.01572	0.08138	0.49276	0.19139	0.01423	0.00626	0.00200	0.00312	0.01247	0.00483	0.00463
31	0.16653	0.10388	0.07551	0.01039	0.01476	0.02914	0.00926	0.24649	0.05380	0.14817	0.01247	0.01255	0.00899	0.00570	0.00464	0.00152	0.00534	0.00418	0.00438	0.08228

[dist]
# distance from previous block
# <min> <max>
3	4

[block]
# block no. 1 follows, 45 sequences, length 41
# corresponding to MSA columns:
# 193-195,199-236
name=unknown_B
#
# <colnr> <probs for GDERKNQSTAVLIFYWHMCP>
#	G	D	E	R	K	N	Q	S	T	A	V	L	I	F	Y	W	H	M	C	P
0	0.06262	0.03774	0.03900	0.01065	0.03404	0.17214	0.00833	0.05430	0.06424	0.09166	0.03413	0.04635	0.14724	0.05579	0.02295	0.00204	0.08317	0.00623	0.02109	0.00629
1	0.00740	0.00505	0.00595	0.00632	0.00645	0.00494	0.00378	0.00771	0.00863	0.01147	0.02149	0.26217	0.04159	0.55995	0.02083	0.00424	0.00453	0.01007	0.00380	0.00361
2	0.01113	0.00954	0.01113	0.00795	0.01272	0.00716	0.00636	0.01352	0.01113	0.01749	0.00954	0.01113	0.00795	0.00398	0.00398	0.00080	0.00398	0.00318	0.00318	0.84417
3	0.03360	0.01001	0.01264	0.00963	0.01357	0.00919	0.04895	0.14887	0.01493	0.25213	0.03055	0.01599	0.01157	0.03203	0.00556	0.00148	0.00465	0.00478	0.08618	0.25369
4	0.04323	0.44721	0.05946	0.01091	0.01433	0.08706	0.01011	0.01644	0.05185	0.01388	0.00853	0.01045	0.00758	0.00683	0.02828	0.00170	0.16930	0.00361	0.00257	0.00666
5	0.00808	0.00597	0.00674	0.00652	0.00835	0.00534	0.00503	0.01042	0.04614	0.05918	0.20740	0.04653	0.48652	0.01245	0.00633	0.00183	0.00301	0.06375	0.00530	0.00511
6	0.01292	0.01238	0.02113	0.12178	0.69189	0.01266	0.01629	0.01615	0.01205	0.01709	0.01003	0.01340	0.00835	0.00485	0.00532	0.00162	0.00647	0.00478	0.00263	0.00821
7	0.03702	0.08523	0.01123	0.03362	0.01193	0.00787	0.04776	0.01170	0.01173	0.05781	0.02726	0.22516	0.11810	0.01253	0.00639	0.00206	0.00455	0.27814	0.00454	0.00536
8	0.01959	0.00976	0.01247	0.01033	0.03833	0.00917	0.00806	0.11125	0.07868	0.46271	0.10669	0.01965	0.01686	0.00693	0.00541	0.00161	0.00448	0.00571	0.00594	0.06636
9	0.00682	0.00517	0.00635	0.00704	0.00804	0.00470	0.00514	0.00822	0.01159	0.01492	0.10158	0.40444	0.27782	0.01502	0.00671	0.00205	0.00316	0.10162	0.00506	0.00455
10	0.01447	0.00703	0.00933	0.00834	0.01069	0.00634	0.00653	0.01667	0.03010	0.34031	0.18526	0.19645	0.06975	0.01074	0.00611	0.00185	0.00374	0.06373	0.00589	0.00667
11	0.02361	0.00990	0.01293	0.00991	0.01408	0.00902	0.00819	0.12125	0.01664	0.68468	0.02010	0.01757	0.01275	0.00662	0.00539	0.00165	0.00474	0.00532	0.00648	0.00913
12	0.00653	0.00545	0.00569	0.00563	0.00736	0.00461	0.00422	0.00806	0.01267	0.01552	0.15938	0.04998	0.67005	0.01321	0.00634	0.00179	0.00269	0.01109	0.00512	0.00461
13	0.02400	0.00927	0.01254	0.00962	0.01377	0.00810	0.00794	0.04346	0.01560	0.76395	0.02098	0.01814	0.01319	0.00664	0.00540	0.00166	0.00460	0.00538	0.00661	0.00914
14	0.01032	0.00973	0.01644	0.75325	0.08072	0.01197	0.01500	0.01388	0.01082	0.01394	0.00957	0.01425	0.00724	0.00533	0.00536	0.00178	0.00711	0.00477	0.00240	0.00611
15	0.01014	0.00954	0.01610	0.79845	0.03697	0.01193	0.01491	0.01371	0.01073	0.01371	0.00954	0.01431	0.00716	0.00537	0.00537	0.00179	0.00716	0.00477	0.00239	0.00596
16	0.01027	0.00967	0.01633	0.76694	0.06747	0.01196	0.01497	0.01383	0.01079	0.01387	0.00956	0.01427	0.00721	0.00534	0.00536	0.00178	0.00712	0.00477	0.00240	0.00607
17	0.01264	0.01324	0.03970	0.30680	0.37132	0.08114	0.06671	0.01598	0.01196	0.01573	0.00978	0.01337	0.00781	0.00505	0.00536	0.00166	0.00718	0.00475	0.00256	0.00728
18	0.00688	0.00470	0.00611	0.00723	0.00764	0.00442	0.00486	0.00796	0.01037	0.01432	0.02841	0.73120	0.03339	0.01579	0.00655	0.00209	0.00305	0.01426	0.08634	0.00442
19	0.00654	0.00467	0.00623	0.00747	0.00779	0.00436	0.00498	0.00747	0.01028	0.01370	0.02959	0.80785	0.03550	0.01682	0.00685	0.00218	0.00311	0.01526	0.00498	0.00436
20	0.01793	0.23018	0.01836	0.01269	0.03889	0.47366	0.00992	0.04593	0.03519	0.03026	0.00924	0.01043	0.00765	0.00539	0.00450	0.00135	0.00792	0.00356	0.03030	0.00665
21	0.01435	0.81458	0.02813	0.00918	0.01378	0.02124	0.00918	0.01607	0.01091	0.01263	0.00746	0.00861	0.00689	0.00459	0.00344	0.00115	0.00574	0.00287	0.00230	0.00689
22	0.01522	0.44527	0.17113	0.01228	0.05845	0.10917	0.01167	0.01789	0.01201	0.08862	0.00946	0.01047	0.00759	0.00501	0.00423	0.00136	0.00656	0.00350	0.00279	0.00732
23	0.00933	0.00583	0.00755	0.00701	0.00851	0.00531	0.00525	0.01152	0.01438	0.10620	0.56334	0.09425	0.08435	0.04446	0.00714	0.00187	0.00293	0.00964	0.00576	0.00537
24	0.00657	0.00506	0.00602	0.00670	0.00768	0.00451	0.00473	0.00779	0.01134	0.01444	0.07277	0.45070	0.33146	0.01521	0.00664	0.00202	0.00298	0.03389	0.00502	0.00448
25	0.00789	0.00648	0.00782	0.08380	0.01124	0.00637	0.00611	0.01122	0.08947	0.01721	0.24258	0.06863	0.36237	0.01161	0.00623	0.00182	0.00338	0.04552	0.00503	0.00523
26	0.02156	0.01141	0.01365	0.01051	0.01460	0.01137	0.00865	0.32945	0.01927	0.41940	0.03514	0.01643	0.01233	0.00659	0.00534	0.00161	0.00502	0.00521	0.02488	0.02758
27	0.00654	0.00467	0.00623	0.00747	0.00779	0.00436	0.00498	0.00747	0.01028	0.01370	0.02959	0.80785	0.03550	0.01682	0.00685	0.00218	0.00311	0.01526	0.00498	0.00436
28	0.02044	0.00846	0.01126	0.00891	0.01242	0.00750	0.00725	0.04289	0.01538	0.59146	0.14690	0.02187	0.01945	0.00734	0.00546	0.00164	0.00415	0.00608	0.05291	0.00822
29	0.01353	0.63497	0.20057	0.01058	0.01594	0.01924	0.01162	0.01628	0.01100	0.01363	0.00796	0.00923	0.00687	0.00471	0.00382	0.00127	0.00624	0.00312	0.00229	0.00713
30	0.05127	0.03148	0.15598	0.01223	0.01657	0.08453	0.01131	0.37464	0.05702	0.04073	0.02687	0.01437	0.03458	0.00651	0.00572	0.00165	0.04127	0.00480	0.02049	0.00799
31	0.01964	0.01453	0.01561	0.01212	0.01623	0.01608	0.00995	0.70454	0.05417	0.03267	0.01383	0.04109	0.01034	0.00684	0.00543	0.00164	0.00574	0.00525	0.00536	0.00894
32	0.00963	0.00536	0.00743	0.00731	0.00761	0.00554	0.00496	0.00913	0.08110	0.01066	0.01096	0.01772	0.01058	0.06164	0.01982	0.71524	0.00465	0.00497	0.00269	0.00298
33	0.01162	0.09243	0.54785	0.01622	0.09172	0.01337	0.04163	0.01800	0.08506	0.01721	0.01072	0.01223	0.00794	0.00522	0.00505	0.00166	0.00728	0.00423	0.00263	0.00793
34	0.00686	0.00577	0.00595	0.00591	0.00767	0.00510	0.00439	0.00905	0.05839	0.01506	0.07259	0.07960	0.65572	0.03548	0.00689	0.00192	0.00289	0.01102	0.00499	0.00475
35	0.00652	0.00475	0.00615	0.00728	0.00773	0.00438	0.00489	0.00750	0.01047	0.01378	0.03200	0.73428	0.10752	0.01650	0.00680	0.00214	0.00308	0.01488	0.00498	0.00438
36	0.01435	0.81458	0.02813	0.00918	0.01378	0.02124	0.00918	0.01607	0.01091	0.01263	0.00746	0.00861	0.00689	0.00459	0.00344	0.00115	0.00574	0.00287	0.00230	0.00689
37	0.00854	0.00561	0.00691	0.00681	0.00827	0.00499	0.00502	0.01024	0.01301	0.09126	0.28391	0.24396	0.26559	0.01290	0.00638	0.00185	0.00294	0.01125	0.00545	0.00511
38	0.02041	0.01504	0.01611	0.01235	0.01665	0.01665	0.01020	0.75997	0.02524	0.03383	0.01289	0.01289	0.00913	0.00644	0.00537	0.00161	0.00591	0.00483	0.00537	0.00913
39	0.69422	0.06243	0.03091	0.00747	0.01095	0.01214	0.00644	0.01623	0.00972	0.06193	0.00866	0.00975	0.00663	0.00510	0.00350	0.00161	0.00431	0.00315	0.03876	0.00608
40	0.01939	0.01406	0.01503	0.01164	0.01564	0.01551	0.00958	0.68724	0.02388	0.03249	0.01334	0.01358	0.00958	0.00643	0.00521	0.00158	0.00558	0.00485	0.08669	0.00873

[dist]
# distance from previous block
# <min> <max>
0	3

[block]
# block no. 2 follows, 45 sequences, length 12
# corresponding to MSA columns:
# 240-251
name=unknown_C
#
# <colnr> <probs for GDERKNQSTAVLIFYWHMCP>
#	G	D	E	R	K	N	Q	S	T	A	V	L	I	F	Y	W	H	M	C	P
0	0.07868	0.46821	0.18574	0.05441	0.01707	0.04198	0.01161	0.05994	0.01183	0.01577	0.00839	0.00980	0.00693	0.00491	0.00405	0.00138	0.00630	0.00335	0.00257	0.00709
1	0.00745	0.00545	0.00700	0.00668	0.00795	0.00499	0.00498	0.00983	0.01476	0.02065	0.68703	0.07214	0.10818	0.01142	0.00635	0.00172	0.00257	0.01006	0.00580	0.00499
2	0.01700	0.01335	0.01419	0.01166	0.01535	0.01506	0.00938	0.40722	0.38352	0.02834	0.01721	0.01633	0.01263	0.00685	0.00541	0.00171	0.00511	0.00543	0.00541	0.00882
3	0.01576	0.66099	0.02542	0.00975	0.01410	0.10893	0.00922	0.01748	0.01175	0.07236	0.00862	0.00948	0.00739	0.00486	0.00376	0.00122	0.00610	0.00313	0.00269	0.00699
4	0.01269	0.01023	0.06992	0.00902	0.01158	0.00940	0.00743	0.20809	0.05910	0.07391	0.09932	0.03881	0.08028	0.22158	0.04192	0.00288	0.00527	0.00692	0.02536	0.00629
5	0.79988	0.01066	0.00838	0.00737	0.01075	0.01232	0.00607	0.06012	0.01009	0.02466	0.00780	0.00897	0.00601	0.00507	0.00344	0.00166	0.00426	0.00302	0.00344	0.00601
6	0.00650	0.00484	0.00606	0.00704	0.00767	0.00440	0.00479	0.00752	0.01070	0.01387	0.03490	0.64566	0.19426	0.01613	0.00674	0.00210	0.00303	0.01442	0.00498	0.00440
7	0.01665	0.00869	0.01072	0.02320	0.01241	0.00838	0.00725	0.09779	0.09182	0.35302	0.07174	0.09107	0.11660	0.00884	0.00567	0.00174	0.00415	0.02147	0.04129	0.00750
8	0.01475	0.01338	0.10108	0.02085	0.30971	0.01181	0.09491	0.01958	0.10678	0.16519	0.04343	0.01599	0.01176	0.00590	0.00600	0.00171	0.03982	0.00533	0.00385	0.00818
9	0.01081	0.00614	0.00807	0.00734	0.00913	0.00554	0.00559	0.01301	0.01453	0.17669	0.50129	0.12202	0.07676	0.01086	0.00620	0.00174	0.00303	0.00952	0.00591	0.00580
10	0.06103	0.00948	0.01180	0.00940	0.01307	0.00900	0.00765	0.09474	0.07793	0.50927	0.09292	0.02071	0.04384	0.00726	0.00542	0.00168	0.00439	0.00590	0.00613	0.00836
11	0.04346	0.01844	0.26619	0.11140	0.20053	0.09389	0.09341	0.01734	0.01209	0.05890	0.01022	0.01260	0.00772	0.00523	0.00554	0.00168	0.02659	0.00451	0.00275	0.00752

[dist]
# distance from previous block
# <min> <max>
0	2

[block]
# block no. 3 follows, 45 sequences, length 10
# corresponding to MSA columns:
# 254-260,267-269
name=unknown_D
#
# <colnr> <probs for GDERKNQSTAVLIFYWHMCP>
#	G	D	E	R	K	N	Q	S	T	A	V	L	I	F	Y	W	H	M	C	P
0	0.01120	0.00783	0.00953	0.06241	0.02966	0.00787	0.00717	0.01616	0.18013	0.12585	0.12617	0.03592	0.26895	0.01024	0.00602	0.00183	0.00389	0.07761	0.00521	0.00635
1	0.01016	0.00566	0.00595	0.00584	0.00710	0.00574	0.00429	0.06226	0.01184	0.01954	0.01849	0.10813	0.01629	0.06703	0.00595	0.00167	0.00300	0.00634	0.62964	0.00508
2	0.02884	0.02792	0.01709	0.18332	0.26837	0.06515	0.02610	0.10574	0.08623	0.01878	0.01252	0.01466	0.03190	0.00558	0.00516	0.00157	0.00616	0.00482	0.00333	0.08677
3	0.03396	0.03992	0.01408	0.06858	0.01565	0.30264	0.03829	0.13816	0.01433	0.01700	0.02899	0.01628	0.01081	0.13662	0.02421	0.00227	0.04646	0.00488	0.04074	0.00613
4	0.00663	0.00487	0.00623	0.00712	0.00774	0.00446	0.00487	0.00780	0.01109	0.01468	0.11570	0.62068	0.13695	0.01573	0.00673	0.00208	0.00300	0.01411	0.00509	0.00446
5	0.03155	0.01059	0.01792	0.32367	0.15390	0.01161	0.14443	0.01592	0.09514	0.01618	0.01158	0.01511	0.00906	0.00639	0.00660	0.06625	0.00653	0.00515	0.04585	0.00657
6	0.02338	0.06752	0.01359	0.00952	0.01371	0.00886	0.00798	0.02543	0.01504	0.72585	0.02018	0.01757	0.01282	0.00650	0.00526	0.00162	0.00465	0.00521	0.00633	0.00897
7	0.00861	0.00571	0.00730	0.00696	0.00844	0.00518	0.00527	0.01079	0.01424	0.07672	0.52092	0.10902	0.14841	0.01169	0.00635	0.00178	0.00286	0.03881	0.00571	0.00523
8	0.01435	0.81458	0.02813	0.00918	0.01378	0.02124	0.00918	0.01607	0.01091	0.01263	0.00746	0.00861	0.00689	0.00459	0.00344	0.00115	0.00574	0.00287	0.00230	0.00689
9	0.00665	0.00556	0.00582	0.00590	0.00757	0.00483	0.00437	0.00848	0.03805	0.01494	0.07653	0.13413	0.64128	0.01364	0.00637	0.00185	0.00281	0.01153	0.00503	0.00467

[dist]
# distance from previous block
# <min> <max>
0	4

[block]
# block no. 4 follows, 45 sequences, length 48
# corresponding to MSA columns:
# 274-321
name=unknown_E
#
# <colnr> <probs for GDERKNQSTAVLIFYWHMCP>
#	G	D	E	R	K	N	Q	S	T	A	V	L	I	F	Y	W	H	M	C	P
0	0.01958	0.01459	0.01611	0.07585	0.01829	0.01627	0.01058	0.69969	0.02407	0.03221	0.01262	0.01300	0.00897	0.00636	0.00537	0.00163	0.00601	0.00483	0.00513	0.00887
1	0.01034	0.00955	0.01558	0.59872	0.03113	0.02865	0.06880	0.01369	0.01101	0.01460	0.01151	0.05768	0.00943	0.00602	0.00534	0.00175	0.00666	0.00545	0.08822	0.00588
2	0.01001	0.00500	0.00500	0.00500	0.00625	0.00500	0.00375	0.01251	0.01126	0.02001	0.01751	0.02001	0.01376	0.00625	0.00375	0.00125	0.00250	0.00500	0.84115	0.00500
3	0.03457	0.18087	0.12078	0.04039	0.03474	0.18553	0.01103	0.15463	0.06624	0.01871	0.01040	0.01163	0.00822	0.00631	0.02517	0.00162	0.00694	0.00394	0.00330	0.07496
4	0.09412	0.01378	0.01838	0.11442	0.48167	0.12484	0.01411	0.01662	0.01219	0.01704	0.01018	0.01413	0.00866	0.00534	0.00514	0.00162	0.00668	0.03080	0.00279	0.00750
5	0.00655	0.00534	0.00580	0.00591	0.00744	0.00458	0.00435	0.00802	0.01239	0.01540	0.15496	0.15579	0.56745	0.01367	0.00641	0.00185	0.00275	0.01164	0.00512	0.00458
6	0.01434	0.01202	0.01269	0.01112	0.01433	0.01381	0.00873	0.13059	0.66450	0.02404	0.02060	0.01903	0.01537	0.00717	0.00545	0.00179	0.00448	0.00590	0.00545	0.00858
7	0.01859	0.01052	0.01246	0.02496	0.01390	0.02216	0.00806	0.22416	0.04610	0.32801	0.10597	0.01869	0.01600	0.00683	0.00529	0.00156	0.00466	0.00552	0.04647	0.08010
8	0.01787	0.01001	0.01208	0.01137	0.07438	0.06649	0.00832	0.05489	0.03709	0.39392	0.06706	0.05885	0.05616	0.03388	0.00640	0.00185	0.00492	0.07136	0.00548	0.00760
9	0.63778	0.01089	0.00957	0.00809	0.01164	0.01221	0.00667	0.12112	0.01211	0.11311	0.00982	0.01041	0.00714	0.00538	0.00385	0.00165	0.00445	0.00346	0.00399	0.00666
10	0.00729	0.00540	0.00680	0.00661	0.00787	0.00491	0.00490	0.00948	0.01424	0.01964	0.58722	0.11578	0.16604	0.01196	0.00638	0.00176	0.00262	0.01050	0.00567	0.00491
11	0.01736	0.01455	0.07742	0.12619	0.01951	0.01476	0.01128	0.52124	0.03889	0.04314	0.01313	0.03876	0.00994	0.02205	0.00582	0.00174	0.00608	0.00518	0.00466	0.00829
12	0.03437	0.04443	0.47305	0.01429	0.05844	0.01129	0.04993	0.01704	0.01191	0.11583	0.01550	0.01644	0.08186	0.00690	0.02413	0.00185	0.00696	0.00499	0.00318	0.00760
13	0.00661	0.00481	0.00620	0.00719	0.00770	0.00444	0.00486	0.00766	0.01072	0.01418	0.07681	0.66920	0.11027	0.03310	0.00721	0.00218	0.00308	0.01437	0.00500	0.00440
14	0.00883	0.00564	0.00725	0.00711	0.00842	0.00515	0.00523	0.01068	0.01325	0.09126	0.38556	0.22804	0.11674	0.05098	0.00742	0.00201	0.00309	0.03269	0.00550	0.00514
15	0.01204	0.03207	0.07492	0.18833	0.08898	0.03525	0.24396	0.05682	0.01233	0.01699	0.01174	0.04433	0.00958	0.00669	0.02386	0.01406	0.02607	0.00556	0.08973	0.00669
16	0.01360	0.01263	0.01609	0.01454	0.05620	0.09076	0.02920	0.01506	0.01002	0.08725	0.00990	0.05161	0.00914	0.00875	0.01371	0.00213	0.54493	0.00521	0.00296	0.00632
17	0.01136	0.00540	0.00572	0.00544	0.00697	0.00528	0.00415	0.01382	0.01165	0.09324	0.01786	0.01985	0.01371	0.00629	0.00391	0.00129	0.00270	0.00504	0.76091	0.00540
18	0.01103	0.03209	0.01556	0.20282	0.03831	0.01124	0.07072	0.01354	0.01049	0.01524	0.01022	0.05436	0.00909	0.00631	0.00771	0.00157	0.18296	0.00485	0.01475	0.28715
19	0.01771	0.01533	0.07734	0.08786	0.01848	0.05275	0.01105	0.53949	0.02120	0.02823	0.01303	0.05428	0.01010	0.00672	0.00537	0.00165	0.00617	0.00524	0.01972	0.00826
20	0.00652	0.00476	0.00614	0.00724	0.00772	0.00438	0.00488	0.00750	0.01051	0.01380	0.03248	0.71969	0.12180	0.01644	0.00679	0.00214	0.00307	0.01480	0.00498	0.00438
21	0.01117	0.02270	0.55313	0.12898	0.02450	0.01266	0.05611	0.01642	0.01116	0.03461	0.00975	0.01213	0.00710	0.00549	0.00622	0.00177	0.07190	0.00430	0.00242	0.00747
22	0.01107	0.00955	0.00996	0.00914	0.01178	0.01049	0.00706	0.02176	0.52250	0.01987	0.03242	0.03031	0.26315	0.00933	0.00575	0.00182	0.00375	0.00778	0.00531	0.00721
23	0.00659	0.00471	0.00629	0.00753	0.00786	0.00440	0.00507	0.00756	0.01033	0.01376	0.02956	0.79027	0.03539	0.01677	0.00686	0.00219	0.00316	0.03235	0.00498	0.00437
24	0.01014	0.00954	0.01610	0.79845	0.03697	0.01193	0.01491	0.01371	0.01073	0.01371	0.00954	0.01431	0.00716	0.00537	0.00537	0.00179	0.00716	0.00477	0.00239	0.00596
25	0.00949	0.00495	0.00562	0.00572	0.00667	0.00498	0.00415	0.01101	0.01032	0.01729	0.01692	0.08307	0.01474	0.01090	0.04536	0.14669	0.00350	0.00581	0.58832	0.00448
26	0.84927	0.01038	0.00789	0.00706	0.01038	0.01204	0.00581	0.01578	0.00914	0.02408	0.00747	0.00872	0.00581	0.00498	0.00332	0.00166	0.00415	0.00291	0.00332	0.00581
27	0.84927	0.01038	0.00789	0.00706	0.01038	0.01204	0.00581	0.01578	0.00914	0.02408	0.00747	0.00872	0.00581	0.00498	0.00332	0.00166	0.00415	0.00291	0.00332	0.00581
28	0.01192	0.14951	0.01049	0.00673	0.00894	0.00939	0.00556	0.08464	0.04947	0.02013	0.01551	0.01732	0.01223	0.00603	0.00393	0.00129	0.00348	0.00466	0.57285	0.00590
29	0.01361	0.00960	0.01180	0.04812	0.01415	0.00804	0.00730	0.04305	0.01228	0.15287	0.01220	0.03431	0.00962	0.00510	0.00478	0.00111	0.02512	0.00408	0.00386	0.57899
30	0.02773	0.01024	0.01415	0.47398	0.02708	0.03013	0.01207	0.08963	0.10806	0.02738	0.01606	0.02000	0.07181	0.00686	0.00551	0.00180	0.00617	0.04139	0.00349	0.00648
31	0.01941	0.01407	0.01504	0.01164	0.01565	0.01553	0.00958	0.68810	0.02389	0.03250	0.01333	0.01357	0.00957	0.00643	0.00521	0.00158	0.00558	0.00485	0.08573	0.00873
32	0.01409	0.29502	0.35233	0.01289	0.01851	0.19164	0.01406	0.01769	0.01207	0.01464	0.00859	0.01003	0.00686	0.00503	0.00448	0.00144	0.00758	0.00348	0.00239	0.00719
33	0.01481	0.01157	0.01260	0.09288	0.01530	0.11686	0.00893	0.13592	0.03343	0.13890	0.02493	0.03975	0.02962	0.08935	0.12603	0.00310	0.08979	0.00567	0.00401	0.00655
34	0.01513	0.01079	0.01195	0.01051	0.01368	0.01191	0.00828	0.02713	0.58610	0.16820	0.02264	0.02148	0.03356	0.00750	0.00552	0.00181	0.00429	0.02541	0.00566	0.00844
35	0.02199	0.00858	0.01148	0.00897	0.01272	0.00748	0.00735	0.02410	0.01491	0.67500	0.04110	0.01960	0.02773	0.00684	0.00528	0.00162	0.00428	0.00558	0.08684	0.00855
36	0.01033	0.01158	0.09093	0.63679	0.03411	0.01195	0.07519	0.01419	0.01088	0.01427	0.00980	0.01424	0.00739	0.00632	0.02895	0.00199	0.00760	0.00485	0.00242	0.00622
37	0.02773	0.01038	0.01594	0.53188	0.08947	0.04402	0.04101	0.01574	0.01162	0.09969	0.01126	0.01468	0.00830	0.00548	0.00526	0.00171	0.00668	0.00482	0.04780	0.00652
38	0.01450	0.00843	0.00907	0.00766	0.01011	0.00880	0.00610	0.23949	0.01587	0.09741	0.01647	0.01769	0.01232	0.00635	0.00440	0.00140	0.00373	0.00499	0.50858	0.00665
39	0.00688	0.00514	0.00626	0.00689	0.00772	0.00472	0.00476	0.02055	0.01135	0.01478	0.10186	0.49337	0.22491	0.05514	0.00768	0.00218	0.00311	0.01321	0.00499	0.00449
40	0.21761	0.05474	0.01380	0.02599	0.07574	0.11759	0.00886	0.21352	0.01510	0.04690	0.01047	0.01168	0.00808	0.00607	0.01955	0.00160	0.00580	0.00392	0.03609	0.10689
41	0.08817	0.00627	0.00713	0.00719	0.00844	0.00640	0.00537	0.00918	0.01083	0.01514	0.06838	0.22648	0.31543	0.06255	0.04666	0.00249	0.06827	0.03648	0.00445	0.00470
42	0.00684	0.00492	0.00602	0.00676	0.00721	0.00460	0.00440	0.00759	0.00992	0.01296	0.02989	0.49769	0.13866	0.22254	0.01209	0.00291	0.00360	0.01276	0.00453	0.00410
43	0.01200	0.01111	0.01849	0.02703	0.60407	0.01102	0.01390	0.01504	0.01289	0.01844	0.18279	0.01934	0.01802	0.00618	0.00554	0.00162	0.00551	0.00589	0.00339	0.00773
44	0.01113	0.00954	0.01113	0.00795	0.01272	0.00716	0.00636	0.01352	0.01113	0.01749	0.00954	0.01113	0.00795	0.00398	0.00398	0.00080	0.00398	0.00318	0.00318	0.84417
45	0.01298	0.02431	0.03722	0.16233	0.35444	0.06076	0.07396	0.04398	0.10200	0.01749	0.01352	0.01586	0.04588	0.00570	0.00541	0.00167	0.00652	0.00525	0.00315	0.00760
46	0.00658	0.00472	0.00619	0.00734	0.00769	0.00440	0.00488	0.00750	0.01025	0.01360	0.02999	0.75099	0.06139	0.04733	0.00762	0.00228	0.00318	0.01483	0.00492	0.00432
47	0.01625	0.10534	0.18509	0.03593	0.06043	0.35711	0.07316	0.07524	0.01420	0.01608	0.00919	0.01088	0.00725	0.00528	0.00495	0.00150	0.00831	0.00395	0.00279	0.00708

[dist]
# distance from previous block
# <min> <max>
0	1

[block]
# block no. 5 follows, 45 sequences, length 51
# corresponding to MSA columns:
# 326-339,351-387
name=unknown_F
#
# <colnr> <probs for GDERKNQSTAVLIFYWHMCP>
#	G	D	E	R	K	N	Q	S	T	A	V	L	I	F	Y	W	H	M	C	P
0	0.11169	0.20087	0.01593	0.01047	0.01335	0.18972	0.00867	0.01812	0.08849	0.07711	0.07480	0.01446	0.01229	0.00834	0.05049	0.00196	0.08867	0.00446	0.00353	0.00658
1	0.11900	0.00887	0.10463	0.00806	0.01034	0.00685	0.00709	0.01156	0.01296	0.03511	0.40587	0.16235	0.05535	0.01048	0.00587	0.00178	0.00360	0.01983	0.00493	0.00547
2	0.11856	0.06192	0.63158	0.01383	0.02093	0.01272	0.01727	0.01701	0.01112	0.03491	0.00952	0.01103	0.00682	0.00510	0.00480	0.00167	0.00727	0.00381	0.00250	0.00764
3	0.38822	0.01636	0.28378	0.01037	0.01517	0.01175	0.01105	0.07486	0.01190	0.02205	0.09747	0.01361	0.01161	0.00583	0.00446	0.00167	0.00545	0.00422	0.00341	0.00674
4	0.01381	0.52652	0.24256	0.01118	0.01670	0.01837	0.01230	0.07562	0.01217	0.01556	0.00851	0.00973	0.00704	0.00488	0.00407	0.00134	0.00638	0.00334	0.00253	0.00736
5	0.01864	0.10689	0.01679	0.01165	0.01577	0.01653	0.00974	0.57115	0.11094	0.02973	0.01342	0.01339	0.00983	0.00632	0.00512	0.00157	0.00562	0.00476	0.02342	0.00870
6	0.00932	0.00466	0.00699	0.00699	0.00699	0.00466	0.00466	0.00699	0.00699	0.00932	0.00932	0.01632	0.00932	0.01865	0.02098	0.84382	0.00466	0.00466	0.00233	0.00233
7	0.01077	0.02777	0.78354	0.01530	0.02323	0.01247	0.01983	0.01700	0.01133	0.01700	0.00963	0.01133	0.00680	0.00510	0.00510	0.00170	0.00793	0.00397	0.00227	0.00793
8	0.01100	0.04218	0.64211	0.01427	0.02125	0.01242	0.01761	0.01800	0.09905	0.01774	0.04606	0.01360	0.00992	0.00561	0.00516	0.00170	0.00721	0.00445	0.00280	0.00784
9	0.00703	0.00532	0.00742	0.09886	0.01116	0.00530	0.00611	0.00841	0.01078	0.01435	0.08743	0.63184	0.05597	0.01493	0.00662	0.00208	0.00352	0.01348	0.00476	0.00461
10	0.01523	0.47604	0.11697	0.01133	0.04763	0.09179	0.01058	0.01761	0.01215	0.10280	0.04533	0.01184	0.00973	0.00529	0.00422	0.00134	0.00613	0.00376	0.00302	0.00720
11	0.01427	0.01367	0.10176	0.02836	0.02924	0.05229	0.00990	0.10827	0.35683	0.07776	0.08794	0.01866	0.01610	0.00687	0.00536	0.00167	0.00510	0.00562	0.00482	0.05550
12	0.01237	0.07426	0.05915	0.01251	0.10817	0.01031	0.00936	0.09485	0.10568	0.07531	0.19780	0.07508	0.02437	0.00898	0.00581	0.00178	0.00467	0.10790	0.00475	0.00689
13	0.01282	0.29859	0.42553	0.01432	0.07965	0.01532	0.01533	0.01706	0.01144	0.05055	0.00945	0.01086	0.00726	0.00497	0.00456	0.00150	0.00689	0.00372	0.00251	0.00767
14	0.00817	0.00650	0.00695	0.00654	0.00844	0.00600	0.00495	0.09502	0.01391	0.01750	0.13782	0.09313	0.53634	0.02636	0.00662	0.00186	0.00313	0.01056	0.00512	0.00510
15	0.32152	0.01013	0.01056	0.00880	0.01233	0.01067	0.00715	0.06984	0.13491	0.28928	0.01693	0.01602	0.03950	0.00638	0.00465	0.00168	0.00434	0.00478	0.02298	0.00756
16	0.07412	0.03356	0.05003	0.01241	0.01486	0.14915	0.02443	0.14030	0.10108	0.01927	0.07138	0.01454	0.01184	0.00740	0.00893	0.00183	0.24951	0.00489	0.00364	0.00685
17	0.67618	0.01013	0.00901	0.09878	0.01353	0.01179	0.00696	0.01591	0.04590	0.02270	0.04124	0.01125	0.00839	0.00539	0.00379	0.00168	0.00444	0.00356	0.00343	0.00593
18	0.10206	0.00920	0.01175	0.00916	0.01310	0.00836	0.00755	0.04225	0.01481	0.65479	0.01949	0.01731	0.01250	0.00646	0.00512	0.00164	0.00446	0.00513	0.04623	0.00862
19	0.07914	0.04930	0.12609	0.01683	0.02155	0.01361	0.36707	0.01885	0.15905	0.01823	0.01229	0.01441	0.00937	0.00611	0.02113	0.00191	0.04908	0.00544	0.00320	0.00733
20	0.02050	0.01357	0.01504	0.01168	0.01583	0.01464	0.00960	0.55180	0.08913	0.17891	0.01530	0.01457	0.01058	0.00656	0.00538	0.00164	0.00550	0.00505	0.00563	0.00907
21	0.00654	0.00467	0.00623	0.00747	0.00779	0.00436	0.00498	0.00747	0.01028	0.01370	0.02959	0.80785	0.03550	0.01682	0.00685	0.00218	0.00311	0.01526	0.00498	0.00436
22	0.01054	0.07569	0.10557	0.62578	0.03279	0.01256	0.01475	0.01425	0.01083	0.01416	0.00958	0.01365	0.00725	0.00530	0.00514	0.00171	0.00702	0.00453	0.02263	0.00624
23	0.00932	0.00466	0.00699	0.00699	0.00699	0.00466	0.00466	0.00699	0.00699	0.00932	0.00932	0.01632	0.00932	0.01865	0.02098	0.84382	0.00466	0.00466	0.00233	0.00233
24	0.00658	0.00469	0.00622	0.00743	0.00773	0.00438	0.00494	0.00748	0.01021	0.01361	0.02924	0.78648	0.03506	0.03879	0.00742	0.00226	0.00317	0.01505	0.00494	0.00433
25	0.00800	0.00587	0.00736	0.00696	0.00834	0.00551	0.00521	0.04555	0.01497	0.02077	0.60530	0.10711	0.11574	0.01152	0.00633	0.00174	0.00276	0.01011	0.00571	0.00515
26	0.00932	0.00466	0.00699	0.00699	0.00699	0.00466	0.00466	0.00699	0.00699	0.00932	0.00932	0.01632	0.00932	0.01865	0.02098	0.84382	0.00466	0.00466	0.00233	0.00233
27	0.01113	0.00954	0.01113	0.00795	0.01272	0.00716	0.00636	0.01352	0.01113	0.01749	0.00954	0.01113	0.00795	0.00398	0.00398	0.00080	0.00398	0.00318	0.00318	0.84417
28	0.05273	0.12708	0.02044	0.11077	0.35581	0.10730	0.04518	0.07612	0.02399	0.01754	0.00975	0.01222	0.00796	0.00508	0.00496	0.00155	0.00672	0.00436	0.00288	0.00759
29	0.00661	0.00545	0.00581	0.00572	0.00742	0.00465	0.00429	0.00822	0.01287	0.01601	0.20883	0.04918	0.62030	0.01303	0.00634	0.00179	0.00268	0.01098	0.00518	0.00465
30	0.01358	0.65915	0.08656	0.10097	0.01721	0.01947	0.01069	0.01587	0.01092	0.01310	0.00787	0.00949	0.00691	0.00472	0.00380	0.00127	0.00608	0.00318	0.00230	0.00686
31	0.02630	0.13881	0.17344	0.01988	0.32232	0.04477	0.01372	0.01616	0.01171	0.01659	0.00938	0.01155	0.00770	0.00470	0.00468	0.00139	0.00624	0.00394	0.00264	0.16408
32	0.01555	0.42124	0.07646	0.01043	0.01451	0.19402	0.00967	0.01753	0.01239	0.08505	0.01280	0.01350	0.06568	0.00655	0.02261	0.00151	0.00667	0.00403	0.00302	0.00680
33	0.01867	0.01443	0.01671	0.01294	0.01712	0.01588	0.06918	0.58467	0.14255	0.03070	0.01415	0.01415	0.01021	0.00643	0.00546	0.00166	0.00589	0.00515	0.00517	0.00888
34	0.00890	0.00773	0.01256	0.14007	0.15900	0.00787	0.06021	0.01100	0.01103	0.01479	0.02206	0.42190	0.04427	0.01170	0.00630	0.00199	0.00485	0.04417	0.00397	0.00562
35	0.01200	0.05441	0.51604	0.01360	0.01983	0.01125	0.05129	0.01680	0.01187	0.10502	0.02792	0.07817	0.02927	0.00668	0.00537	0.00174	0.00684	0.02119	0.00320	0.00751
36	0.02620	0.07445	0.01315	0.18005	0.01769	0.03121	0.00936	0.12152	0.17208	0.01890	0.02314	0.02730	0.15802	0.00856	0.00562	0.00179	0.00516	0.09489	0.00427	0.00663
37	0.00689	0.00501	0.00635	0.00719	0.00778	0.00474	0.00497	0.00792	0.01031	0.01350	0.03073	0.50385	0.13941	0.12438	0.04309	0.00283	0.00396	0.06813	0.00466	0.00430
38	0.01881	0.01301	0.07533	0.01202	0.05011	0.01211	0.00994	0.34671	0.03251	0.25465	0.10331	0.01767	0.01509	0.00686	0.00547	0.00164	0.00527	0.00552	0.00544	0.00853
39	0.01472	0.04566	0.04196	0.16499	0.03248	0.02347	0.01028	0.13559	0.20376	0.13556	0.03546	0.06140	0.01462	0.00744	0.00551	0.00177	0.00538	0.04774	0.00464	0.00757
40	0.01124	0.08159	0.64341	0.01572	0.02313	0.01321	0.10452	0.01696	0.01146	0.01671	0.00962	0.01151	0.00696	0.00500	0.00513	0.00167	0.00791	0.00416	0.00232	0.00778
41	0.01033	0.00550	0.00560	0.00542	0.00672	0.00558	0.00402	0.04790	0.01165	0.01991	0.01724	0.02088	0.01400	0.07042	0.00571	0.00158	0.00288	0.00522	0.73438	0.00506
42	0.01113	0.00954	0.01113	0.00795	0.01272	0.00716	0.00636	0.01352	0.01113	0.01749	0.00954	0.01113	0.00795	0.00398	0.00398	0.00080	0.00398	0.00318	0.00318	0.84417
43	0.01025	0.00975	0.01677	0.76526	0.03659	0.01200	0.04672	0.01386	0.01082	0.01386	0.00960	0.01432	0.00720	0.00533	0.00541	0.00179	0.00724	0.00484	0.00240	0.00602
44	0.00664	0.00545	0.00584	0.00575	0.00743	0.00466	0.00431	0.00827	0.01293	0.01615	0.22304	0.04895	0.60600	0.01298	0.00634	0.00178	0.00268	0.01095	0.00520	0.00466
45	0.00861	0.00724	0.00869	0.09916	0.03156	0.00737	0.00667	0.01313	0.15438	0.01755	0.18868	0.03733	0.35867	0.01053	0.00598	0.00177	0.00357	0.00894	0.02453	0.00566
46	0.00727	0.00542	0.00676	0.00653	0.00785	0.00491	0.00486	0.00946	0.01427	0.01959	0.57968	0.09262	0.19719	0.01189	0.00637	0.00175	0.00261	0.01040	0.00566	0.00491
47	0.01861	0.02326	0.01428	0.01301	0.01560	0.69902	0.00976	0.02013	0.01521	0.01411	0.09700	0.01320	0.01197	0.00616	0.00501	0.00142	0.00885	0.00418	0.00313	0.00609
48	0.01263	0.00949	0.01128	0.00814	0.01283	0.00724	0.00654	0.01498	0.01162	0.10588	0.01089	0.01196	0.00857	0.00428	0.00414	0.00090	0.00404	0.00344	0.00358	0.74757
49	0.01275	0.01272	0.02155	0.02533	0.44415	0.03868	0.17964	0.01604	0.01250	0.01757	0.06158	0.01498	0.01114	0.00507	0.00544	0.00155	0.00655	0.00523	0.00295	0.10458
50	0.01157	0.00950	0.01150	0.07112	0.01447	0.00791	0.00713	0.04982	0.01167	0.03547	0.01044	0.01299	0.00874	0.04217	0.02513	0.00133	0.00466	0.00372	0.00330	0.65736

[dist]
# distance from previous block
# <min> <max>
2	109

[block]
# block no. 6 follows, 45 sequences, length 31
# corresponding to MSA columns:
# 497-519,521-528
name=unknown_G
#
# <colnr> <probs for GDERKNQSTAVLIFYWHMCP>
#	G	D	E	R	K	N	Q	S	T	A	V	L	I	F	Y	W	H	M	C	P
0	0.01203	0.13350	0.26274	0.03375	0.12335	0.02671	0.14097	0.01595	0.01197	0.04244	0.06358	0.01599	0.04024	0.00744	0.04479	0.00197	0.00725	0.00514	0.00294	0.00723
1	0.00794	0.00586	0.00728	0.00679	0.00839	0.00526	0.00509	0.01038	0.02643	0.03251	0.53718	0.08718	0.16096	0.01115	0.00618	0.00168	0.00276	0.00974	0.00553	0.06171
2	0.01113	0.00954	0.01113	0.00795	0.01272	0.00716	0.00636	0.01352	0.01113	0.01749	0.00954	0.01113	0.00795	0.00398	0.00398	0.00080	0.00398	0.00318	0.00318	0.84417
3	0.06163	0.00948	0.01290	0.29398	0.07854	0.04545	0.02486	0.02446	0.02527	0.06452	0.06799	0.01968	0.06392	0.03604	0.05527	0.02047	0.00619	0.00559	0.04563	0.03812
4	0.05118	0.02363	0.61813	0.01399	0.02074	0.01176	0.01720	0.01688	0.01128	0.06672	0.01087	0.01318	0.00804	0.00766	0.05431	0.00216	0.02428	0.01770	0.00269	0.00762
5	0.02408	0.00914	0.01246	0.00955	0.01370	0.00789	0.00789	0.02616	0.01536	0.78158	0.02118	0.01827	0.01329	0.00664	0.00540	0.00166	0.00457	0.00540	0.00664	0.00914
6	0.00827	0.06049	0.00949	0.12602	0.01264	0.00712	0.00676	0.02927	0.01064	0.01395	0.04222	0.44842	0.04753	0.09514	0.00895	0.03280	0.00426	0.02712	0.00417	0.00475
7	0.01279	0.00910	0.01292	0.04012	0.01466	0.00769	0.08806	0.01518	0.01198	0.15482	0.01575	0.13520	0.01421	0.00705	0.00515	0.00139	0.00467	0.04301	0.00409	0.40218
8	0.08979	0.35510	0.06827	0.01121	0.01539	0.18218	0.02890	0.10820	0.06460	0.01737	0.00949	0.01046	0.00774	0.00526	0.00428	0.00140	0.00658	0.00361	0.00308	0.00711
9	0.00879	0.00790	0.05659	0.06141	0.02776	0.00677	0.00700	0.01226	0.07715	0.04736	0.31845	0.07829	0.24827	0.01069	0.00609	0.00177	0.00357	0.00921	0.00505	0.00563
10	0.01558	0.02795	0.01208	0.00922	0.01279	0.00853	0.03970	0.08292	0.05234	0.28484	0.12811	0.02361	0.11536	0.00755	0.00539	0.00153	0.00426	0.00634	0.00527	0.15663
11	0.00657	0.00469	0.00625	0.00746	0.00779	0.00438	0.00498	0.00754	0.01040	0.01390	0.04870	0.78816	0.03589	0.01667	0.00684	0.00217	0.00310	0.01512	0.00501	0.00438
12	0.01435	0.81458	0.02813	0.00918	0.01378	0.02124	0.00918	0.01607	0.01091	0.01263	0.00746	0.00861	0.00689	0.00459	0.00344	0.00115	0.00574	0.00287	0.00230	0.00689
13	0.08168	0.29446	0.24564	0.01195	0.01644	0.07036	0.01247	0.02727	0.01090	0.01526	0.00841	0.01047	0.00705	0.00681	0.03232	0.00182	0.13368	0.00365	0.00248	0.00686
14	0.01393	0.01111	0.04702	0.00953	0.01329	0.00999	0.00793	0.19932	0.01468	0.08490	0.04311	0.01692	0.03203	0.08935	0.00785	0.00172	0.05038	0.00485	0.00409	0.33799
15	0.00816	0.00627	0.00732	0.00701	0.00827	0.00622	0.00516	0.02957	0.02925	0.02952	0.15942	0.08809	0.32223	0.16822	0.02953	0.00268	0.05760	0.02609	0.00463	0.00477
16	0.00722	0.00530	0.00677	0.00676	0.00788	0.00485	0.00493	0.00927	0.01378	0.01900	0.52870	0.20925	0.13124	0.01255	0.00645	0.00181	0.00268	0.01111	0.00560	0.00485
17	0.01273	0.08465	0.27431	0.02082	0.30834	0.03456	0.03672	0.01750	0.06306	0.03999	0.02896	0.03357	0.01008	0.00556	0.00518	0.00163	0.00664	0.00484	0.00294	0.00791
18	0.10781	0.66993	0.02504	0.06223	0.01496	0.01958	0.00919	0.01588	0.01070	0.01399	0.00760	0.00901	0.00679	0.00469	0.00356	0.00125	0.00566	0.00300	0.00242	0.00671
19	0.00645	0.00543	0.00560	0.00559	0.00733	0.00457	0.00418	0.00790	0.01244	0.01507	0.11383	0.06725	0.69913	0.01345	0.00635	0.00181	0.00271	0.01128	0.00506	0.00457
20	0.01431	0.77316	0.02728	0.00929	0.01373	0.03993	0.00915	0.01603	0.01095	0.01264	0.00767	0.00897	0.00707	0.00558	0.02471	0.00136	0.00607	0.00296	0.00232	0.00682
21	0.01178	0.00952	0.01120	0.00803	0.01277	0.00719	0.00644	0.01415	0.01134	0.05599	0.01013	0.01149	0.00822	0.00411	0.00405	0.00084	0.00401	0.00329	0.00335	0.80209
22	0.08448	0.01281	0.04387	0.14102	0.46906	0.03466	0.03299	0.03752	0.01237	0.06549	0.01051	0.01321	0.00828	0.00507	0.00517	0.00164	0.00639	0.00464	0.00299	0.00784
23	0.01441	0.01178	0.01251	0.01095	0.01415	0.01343	0.00860	0.12300	0.63365	0.04492	0.02140	0.01976	0.03246	0.00730	0.00547	0.00179	0.00444	0.00601	0.00547	0.00851
24	0.00932	0.00466	0.00699	0.00699	0.00699	0.00466	0.00466	0.00699	0.00699	0.00932	0.00932	0.01632	0.00932	0.01865	0.02098	0.84382	0.00466	0.00466	0.00233	0.00233
25	0.01827	0.00923	0.02478	0.00924	0.01270	0.00837	0.00759	0.07864	0.07549	0.43940	0.20329	0.02294	0.02200	0.00761	0.00557	0.00165	0.00419	0.00635	0.00608	0.03661
26	0.00912	0.00754	0.00901	0.00833	0.00963	0.03718	0.00647	0.03674	0.03040	0.01942	0.48744	0.05148	0.09062	0.02260	0.00806	0.00187	0.10694	0.04668	0.00512	0.00534
27	0.03346	0.01117	0.01471	0.06931	0.10392	0.01186	0.05621	0.20482	0.08410	0.04457	0.01292	0.01473	0.00998	0.00700	0.02445	0.01998	0.05216	0.00483	0.10859	0.11121
28	0.36913	0.03196	0.02654	0.14198	0.01606	0.01158	0.00844	0.09458	0.01244	0.11004	0.06027	0.01546	0.04893	0.00630	0.00486	0.00169	0.02466	0.00463	0.00394	0.00654
29	0.06518	0.00821	0.00979	0.02842	0.04016	0.00811	0.00652	0.11663	0.01365	0.15946	0.12058	0.04603	0.11804	0.19503	0.01059	0.00248	0.00445	0.00718	0.00474	0.03475
30	0.01359	0.01142	0.02659	0.02240	0.02880	0.09863	0.00794	0.08434	0.16384	0.09428	0.16753	0.02359	0.06232	0.02763	0.00597	0.00166	0.00479	0.02602	0.00477	0.12388

[dist]
# distance from previous block
# <min> <max>
4	38

[block]
# block no. 7 follows, 45 sequences, length 22
# corresponding to MSA columns:
# 567-588
name=unknown_H
#
# <colnr> <probs for GDERKNQSTAVLIFYWHMCP>
#	G	D	E	R	K	N	Q	S	T	A	V	L	I	F	Y	W	H	M	C	P
0	0.01560	0.10475	0.04398	0.01046	0.01370	0.09500	0.00866	0.26554	0.02925	0.07673	0.03717	0.09826	0.01399	0.09462	0.00783	0.00197	0.02201	0.00596	0.00429	0.05024
1	0.03325	0.14140	0.01575	0.01047	0.01431	0.07667	0.00872	0.26597	0.03037	0.21874	0.04393	0.05522	0.01263	0.00671	0.00504	0.00153	0.00543	0.00519	0.00486	0.04380
2	0.03291	0.01306	0.09675	0.01134	0.04440	0.01120	0.00961	0.19070	0.10111	0.13077	0.01347	0.01381	0.00989	0.00563	0.00509	0.00141	0.02050	0.00441	0.02055	0.26338
3	0.01521	0.10336	0.08959	0.01176	0.03353	0.19983	0.00991	0.12745	0.09831	0.03283	0.01276	0.04852	0.02265	0.00606	0.00483	0.00141	0.00625	0.00461	0.00363	0.16748
4	0.01160	0.16682	0.58707	0.01365	0.02050	0.01350	0.01684	0.01664	0.01133	0.03901	0.01057	0.05019	0.00842	0.00563	0.00490	0.00162	0.00720	0.00437	0.00254	0.00761
5	0.00690	0.00506	0.00652	0.00731	0.00808	0.00468	0.00523	0.00832	0.01159	0.01540	0.16260	0.50439	0.13382	0.01519	0.00675	0.00207	0.00314	0.08326	0.00514	0.00456
6	0.01517	0.01201	0.01345	0.01010	0.01447	0.01166	0.00823	0.33301	0.03594	0.02446	0.01120	0.01212	0.00864	0.00529	0.00504	0.00122	0.03010	0.00401	0.00415	0.43974
