[name]
unknown

[dist]
# distance from previous block
# <min> <max>
15	64

[block]
# block no. 0 follows, 47 sequences, length 48
# corresponding to MSA columns:
# 370-417
name=unknown_A
#
# <colnr> <probs for GDERKNQSTAVLIFYWHMCP>
#	G	D	E	R	K	N	Q	S	T	A	V	L	I	F	Y	W	H	M	C	P
0	0.03552	0.02905	0.01237	0.02313	0.01364	0.30159	0.00839	0.10016	0.14773	0.01712	0.01942	0.05092	0.14508	0.00771	0.00579	0.00159	0.04950	0.00579	0.00387	0.02163
1	0.04537	0.01056	0.01598	0.47705	0.08379	0.01244	0.03698	0.11246	0.01217	0.01676	0.00947	0.01304	0.00730	0.00554	0.00613	0.00169	0.07709	0.00453	0.00280	0.04885
2	0.01024	0.00935	0.01515	0.48213	0.11494	0.01076	0.04462	0.03544	0.05351	0.01546	0.06867	0.09115	0.01337	0.00668	0.00545	0.00174	0.00604	0.00607	0.00309	0.00613
3	0.01194	0.01015	0.01346	0.00987	0.01422	0.00869	0.08668	0.04657	0.03474	0.04835	0.01021	0.01178	0.00819	0.00450	0.00497	0.00105	0.04800	0.00373	0.00329	0.61962
4	0.01289	0.01237	0.02114	0.03196	0.78450	0.01237	0.01598	0.01598	0.01186	0.01701	0.00980	0.01289	0.00825	0.00464	0.00516	0.00155	0.00619	0.00464	0.00258	0.00825
5	0.08072	0.02333	0.01427	0.01288	0.01566	0.70731	0.00973	0.05023	0.01471	0.01433	0.00817	0.00945	0.00672	0.00536	0.00461	0.00137	0.00885	0.00337	0.00282	0.00612
6	0.00737	0.00532	0.00696	0.00655	0.00778	0.00491	0.00491	0.00983	0.01474	0.02088	0.78175	0.03890	0.04914	0.01065	0.00614	0.00164	0.00246	0.00942	0.00573	0.00491
7	0.01308	0.01525	0.02686	0.01971	0.02439	0.13489	0.60643	0.01682	0.01265	0.01593	0.01243	0.01527	0.04965	0.00502	0.00592	0.00169	0.00854	0.00597	0.00276	0.00673
8	0.00935	0.00634	0.00797	0.00727	0.00894	0.00613	0.00555	0.01329	0.10900	0.08294	0.62602	0.03478	0.04209	0.00986	0.00596	0.00165	0.00282	0.00864	0.00574	0.00565
9	0.02075	0.01077	0.05457	0.00993	0.01398	0.00946	0.00855	0.17813	0.01668	0.53281	0.07415	0.01783	0.01437	0.00663	0.00528	0.00161	0.00473	0.00535	0.00591	0.00851
10	0.00669	0.00485	0.00631	0.00689	0.00760	0.00448	0.00481	0.00815	0.01173	0.01595	0.28917	0.50126	0.08442	0.01418	0.00644	0.00193	0.00280	0.01272	0.00514	0.00448
11	0.01026	0.00977	0.01649	0.67130	0.10520	0.01192	0.03111	0.01359	0.01046	0.01369	0.00920	0.01366	0.00708	0.00535	0.00587	0.00175	0.05025	0.00466	0.00234	0.00604
12	0.02310	0.00928	0.01235	0.00946	0.01350	0.00828	0.00782	0.07984	0.01561	0.73265	0.01995	0.01734	0.01259	0.00643	0.00523	0.00161	0.00453	0.00520	0.00635	0.00886
13	0.01296	0.01259	0.02081	0.05494	0.74258	0.03193	0.01579	0.01602	0.01189	0.01679	0.00974	0.01283	0.00817	0.00468	0.00515	0.00155	0.00629	0.00461	0.00257	0.00812
14	0.00905	0.00452	0.00678	0.00678	0.00678	0.00452	0.00452	0.00678	0.00678	0.00905	0.00905	0.01583	0.00905	0.01809	0.02035	0.84848	0.00452	0.00452	0.00226	0.00226
15	0.01646	0.01451	0.14696	0.01202	0.01661	0.01218	0.07165	0.30933	0.04943	0.15704	0.01350	0.01462	0.00985	0.05045	0.00630	0.00173	0.00581	0.00483	0.00441	0.08231
16	0.82881	0.01003	0.00779	0.00692	0.01017	0.01156	0.00570	0.01561	0.00904	0.04635	0.00765	0.00874	0.00586	0.00488	0.00328	0.00161	0.00404	0.00289	0.00332	0.00574
17	0.01295	0.01119	0.01178	0.01060	0.01354	0.01295	0.00824	0.02767	0.77509	0.02178	0.02120	0.01943	0.01590	0.00707	0.00530	0.00177	0.00412	0.00589	0.00530	0.00824
18	0.01307	0.01060	0.01202	0.00879	0.01330	0.00926	0.00711	0.20328	0.01425	0.02097	0.01007	0.01123	0.00800	0.00446	0.00420	0.00097	0.00433	0.00349	0.00362	0.63698
19	0.00640	0.00466	0.00604	0.00702	0.00752	0.00430	0.00476	0.00747	0.01050	0.01394	0.08763	0.68580	0.10356	0.01560	0.00656	0.00205	0.00294	0.01405	0.00490	0.00430
20	0.00634	0.00453	0.00604	0.00725	0.00755	0.00423	0.00483	0.00725	0.00997	0.01329	0.02870	0.81358	0.03444	0.01632	0.00665	0.00211	0.00302	0.01480	0.00483	0.00423
21	0.00634	0.00453	0.00604	0.00725	0.00755	0.00423	0.00483	0.00725	0.00997	0.01329	0.02870	0.81358	0.03444	0.01632	0.00665	0.00211	0.00302	0.01480	0.00483	0.00423
22	0.01045	0.02694	0.79000	0.01484	0.02254	0.01209	0.01924	0.01649	0.01099	0.01649	0.00935	0.01099	0.00660	0.00495	0.00495	0.00165	0.00770	0.00385	0.00220	0.00770
23	0.02248	0.00883	0.01196	0.00934	0.01322	0.00775	0.00774	0.04050	0.01495	0.73007	0.02075	0.01983	0.01373	0.00687	0.00534	0.00165	0.00448	0.04552	0.00633	0.00864
24	0.71358	0.01124	0.00896	0.00777	0.01109	0.04330	0.00636	0.11214	0.01110	0.02416	0.00796	0.00902	0.00610	0.00504	0.00354	0.00159	0.00446	0.00308	0.00346	0.00607
25	0.01045	0.02694	0.79000	0.01484	0.02254	0.01209	0.01924	0.01649	0.01099	0.01649	0.00935	0.01099	0.00660	0.00495	0.00495	0.00165	0.00770	0.00385	0.00220	0.00770
26	0.00634	0.00453	0.00604	0.00725	0.00755	0.00423	0.00483	0.00725	0.00997	0.01329	0.02870	0.81358	0.03444	0.01632	0.00665	0.00211	0.00302	0.01480	0.00483	0.00423
27	0.00645	0.00469	0.00605	0.00696	0.00748	0.00433	0.00472	0.00753	0.01056	0.01403	0.10367	0.64638	0.10809	0.03405	0.00701	0.00210	0.00298	0.01374	0.00488	0.00429
28	0.02031	0.01260	0.01424	0.01099	0.01497	0.01333	0.00902	0.51843	0.03578	0.24719	0.01508	0.01478	0.01045	0.03084	0.00586	0.00169	0.00531	0.00496	0.00550	0.00867
29	0.03829	0.01319	0.07631	0.05143	0.61926	0.01231	0.01529	0.04403	0.02868	0.01772	0.01043	0.01384	0.00870	0.00502	0.00514	0.00159	0.00616	0.02185	0.00277	0.00800
30	0.02883	0.02498	0.69391	0.01455	0.02136	0.01248	0.01814	0.01606	0.01064	0.01624	0.00904	0.01098	0.00660	0.00537	0.00615	0.00171	0.08938	0.00390	0.00223	0.00745
31	0.06438	0.06979	0.05714	0.20164	0.01861	0.01129	0.06002	0.14849	0.01190	0.01652	0.00953	0.01323	0.00784	0.00911	0.00976	0.24792	0.02996	0.00442	0.00289	0.00556
32	0.01351	0.09100	0.02056	0.05624	0.52889	0.04447	0.03561	0.07104	0.01267	0.01738	0.00965	0.01224	0.00799	0.00474	0.00492	0.00147	0.00620	0.00437	0.00276	0.05428
33	0.03487	0.52388	0.02336	0.03435	0.01529	0.10761	0.07021	0.01592	0.01118	0.01353	0.00790	0.00939	0.00689	0.00452	0.00384	0.00118	0.00608	0.00321	0.00244	0.10436
34	0.00893	0.00766	0.00887	0.00886	0.00988	0.07261	0.03827	0.06482	0.01135	0.01463	0.02373	0.55394	0.04010	0.05144	0.03385	0.00234	0.02778	0.01172	0.00437	0.00485
35	0.00755	0.00516	0.00624	0.00624	0.00643	0.00535	0.00385	0.00793	0.00774	0.01051	0.01590	0.03127	0.01771	0.65639	0.18543	0.00573	0.00689	0.00716	0.00308	0.00346
36	0.00905	0.00452	0.00678	0.00678	0.00678	0.00452	0.00452	0.00678	0.00678	0.00905	0.00905	0.01583	0.00905	0.01809	0.02035	0.84848	0.00452	0.00452	0.00226	0.00226
37	0.02874	0.19067	0.35835	0.09067	0.06152	0.07987	0.01456	0.01619	0.01103	0.03066	0.00881	0.01080	0.00688	0.00522	0.00549	0.00156	0.06581	0.00376	0.00239	0.00702
38	0.00757	0.00505	0.00568	0.00568	0.00568	0.00505	0.00316	0.00757	0.00757	0.01010	0.01641	0.03408	0.01893	0.81698	0.02651	0.00505	0.00505	0.00757	0.00316	0.00316
39	0.00730	0.00618	0.00642	0.00636	0.00800	0.02028	0.00471	0.01008	0.09134	0.01547	0.13002	0.13110	0.50256	0.02858	0.00650	0.00184	0.00299	0.01050	0.00491	0.00484
40	0.02839	0.40593	0.32093	0.01213	0.03487	0.04458	0.01319	0.01596	0.01075	0.01425	0.00812	0.00969	0.00668	0.00495	0.00481	0.00141	0.05074	0.00336	0.00226	0.00701
41	0.04955	0.04051	0.01180	0.00966	0.02460	0.00904	0.03745	0.08282	0.01343	0.21904	0.16286	0.13396	0.06631	0.02260	0.00714	0.00180	0.08865	0.00746	0.00486	0.00647
42	0.00905	0.00452	0.00678	0.00678	0.00678	0.00452	0.00452	0.00678	0.00678	0.00905	0.00905	0.01583	0.00905	0.01809	0.02035	0.84848	0.00452	0.00452	0.00226	0.00226
43	0.00782	0.00628	0.00855	0.01035	0.09016	0.00635	0.00664	0.01008	0.06648	0.01443	0.02690	0.54541	0.08442	0.01376	0.00685	0.00202	0.04024	0.04368	0.00451	0.00505
44	0.08031	0.03123	0.21424	0.09141	0.01977	0.06123	0.11980	0.02669	0.01092	0.07233	0.00987	0.02763	0.00784	0.00624	0.00789	0.00179	0.19668	0.00461	0.00281	0.00669
45	0.01510	0.07117	0.04912	0.05444	0.02991	0.05014	0.06466	0.21945	0.04624	0.12431	0.04497	0.09922	0.01370	0.00704	0.00523	0.00157	0.00546	0.01897	0.00432	0.07499
46	0.03046	0.35910	0.26053	0.01148	0.03203	0.03780	0.01203	0.01812	0.06748	0.11001	0.01063	0.01127	0.00811	0.00508	0.00429	0.00141	0.00608	0.00370	0.00300	0.00737
47	0.10908	0.14871	0.14874	0.03615	0.21606	0.05225	0.01228	0.06224	0.02563	0.01739	0.00941	0.01182	0.00775	0.00519	0.00506	0.00149	0.04239	0.01656	0.00280	0.06900

[dist]
# distance from previous block
# <min> <max>
2	11

[block]
# block no. 1 follows, 47 sequences, length 57
# corresponding to MSA columns:
# 429-447,449-486
name=unknown_B
#
# <colnr> <probs for GDERKNQSTAVLIFYWHMCP>
#	G	D	E	R	K	N	Q	S	T	A	V	L	I	F	Y	W	H	M	C	P
0	0.01354	0.01136	0.10090	0.00900	0.01238	0.00997	0.00807	0.26909	0.03295	0.04313	0.01549	0.01659	0.04119	0.00686	0.02186	0.00155	0.00463	0.00483	0.30138	0.07523
1	0.01163	0.01009	0.01264	0.07146	0.07500	0.04820	0.00918	0.15332	0.01249	0.01697	0.01493	0.22116	0.01536	0.04040	0.06266	0.00243	0.18317	0.00733	0.00362	0.02794
2	0.01593	0.01363	0.01339	0.01134	0.01468	0.08718	0.00898	0.28264	0.44463	0.02476	0.01696	0.01610	0.01261	0.00663	0.00521	0.00166	0.00517	0.00524	0.00502	0.00825
3	0.02139	0.13573	0.01445	0.00927	0.01332	0.00993	0.00788	0.02396	0.05041	0.63040	0.01850	0.01634	0.01206	0.00616	0.00494	0.00154	0.00459	0.00488	0.00573	0.00849
4	0.01278	0.01268	0.06152	0.21178	0.48148	0.01258	0.01514	0.09732	0.01285	0.01783	0.00994	0.01298	0.00791	0.00497	0.00516	0.00160	0.00640	0.00460	0.00278	0.00770
5	0.09427	0.26315	0.11602	0.00917	0.01264	0.06245	0.00872	0.06415	0.01143	0.03660	0.01042	0.01254	0.00857	0.02453	0.00590	0.05355	0.03284	0.00382	0.16310	0.00614
6	0.00971	0.00485	0.00485	0.00485	0.00607	0.00485	0.00364	0.01213	0.01092	0.01942	0.01699	0.01942	0.01335	0.00607	0.00364	0.00121	0.00243	0.00485	0.84589	0.00485
7	0.00864	0.00531	0.00699	0.00725	0.00827	0.00487	0.00518	0.01009	0.01177	0.10392	0.21802	0.45594	0.05928	0.04116	0.00704	0.00203	0.00314	0.03098	0.00519	0.00492
8	0.01170	0.03384	0.12156	0.04592	0.22971	0.04643	0.20533	0.01512	0.02117	0.01568	0.02235	0.09737	0.01107	0.00648	0.00676	0.00174	0.09208	0.00596	0.00281	0.00691
9	0.01219	0.01290	0.05380	0.11900	0.45794	0.03912	0.11367	0.01558	0.02281	0.01611	0.01180	0.01473	0.04400	0.00532	0.00579	0.00164	0.03845	0.00507	0.00267	0.00741
10	0.00615	0.00528	0.00528	0.00528	0.00703	0.00440	0.00396	0.00747	0.01187	0.01407	0.05276	0.05012	0.78238	0.01319	0.00615	0.00176	0.00264	0.01099	0.00484	0.00440
11	0.00882	0.00710	0.03878	0.00769	0.00933	0.00633	0.00602	0.10031	0.01403	0.03142	0.34941	0.27739	0.09951	0.01181	0.00613	0.00179	0.00328	0.01038	0.00518	0.00530
12	0.03212	0.03014	0.18775	0.03197	0.33911	0.07902	0.04152	0.09847	0.03036	0.01811	0.00985	0.01208	0.00780	0.00526	0.00575	0.00161	0.05417	0.00437	0.00284	0.00770
13	0.01146	0.15557	0.06184	0.04477	0.01674	0.01408	0.15272	0.03993	0.01026	0.01425	0.02164	0.01366	0.00889	0.02440	0.13060	0.00286	0.26285	0.00479	0.00258	0.00613
14	0.52214	0.00970	0.00931	0.00781	0.01120	0.01040	0.00641	0.05102	0.02431	0.24307	0.05077	0.01302	0.01024	0.00569	0.00407	0.00161	0.00414	0.00398	0.00440	0.00671
15	0.01307	0.01187	0.01685	0.33598	0.06387	0.04253	0.09055	0.17170	0.10269	0.01881	0.01162	0.02770	0.00901	0.00596	0.00603	0.00172	0.05467	0.00507	0.00336	0.00694
16	0.01674	0.01389	0.05765	0.01186	0.01602	0.02945	0.05600	0.42167	0.13652	0.06265	0.01361	0.01410	0.01003	0.02460	0.00561	0.00161	0.00559	0.00482	0.00465	0.09295
17	0.00736	0.00608	0.00683	0.00742	0.00812	0.05317	0.01561	0.00836	0.01048	0.01337	0.05498	0.55612	0.12612	0.09027	0.00831	0.00228	0.00362	0.01263	0.00454	0.00432
18	0.00649	0.00467	0.00605	0.00698	0.00743	0.00434	0.00469	0.00749	0.01031	0.01375	0.08935	0.65919	0.07849	0.06492	0.00780	0.00224	0.00308	0.01371	0.00480	0.00423
19	0.12785	0.05215	0.01406	0.04545	0.01529	0.10345	0.00899	0.35357	0.09558	0.08596	0.03891	0.01351	0.01043	0.00608	0.00484	0.00156	0.00559	0.00453	0.00452	0.00768
20	0.07316	0.07235	0.46809	0.01483	0.04937	0.03201	0.09304	0.05801	0.01190	0.04815	0.00973	0.01135	0.00711	0.00507	0.00514	0.00162	0.02484	0.00408	0.00268	0.00746
21	0.01270	0.01069	0.01294	0.02942	0.03097	0.01012	0.01849	0.16117	0.02306	0.01956	0.00981	0.01148	0.00794	0.00500	0.00567	0.00116	0.09161	0.00371	0.00341	0.53109
22	0.00679	0.00518	0.00763	0.00810	0.00878	0.00483	0.05162	0.00804	0.01049	0.01411	0.08746	0.70282	0.03398	0.01513	0.00658	0.00205	0.00333	0.01384	0.00477	0.00446
23	0.12277	0.00940	0.01157	0.00905	0.01289	0.00882	0.00746	0.09608	0.01497	0.58481	0.01967	0.01762	0.04799	0.00655	0.00503	0.00161	0.00443	0.00516	0.00586	0.00826
24	0.01891	0.01369	0.01490	0.01135	0.01557	0.01467	0.00936	0.64396	0.02243	0.06667	0.01250	0.01255	0.00891	0.00598	0.00505	0.00147	0.00545	0.00453	0.00502	0.10702
25	0.00655	0.00486	0.00614	0.00692	0.00767	0.00445	0.00488	0.00781	0.01104	0.01450	0.12516	0.52646	0.18184	0.01490	0.00652	0.00200	0.00298	0.05598	0.00494	0.00438
26	0.00748	0.00503	0.00578	0.00586	0.00590	0.00503	0.00336	0.00760	0.00776	0.01037	0.01720	0.08788	0.01986	0.74109	0.04519	0.00493	0.00514	0.00802	0.00326	0.00327
27	0.01093	0.08071	0.55353	0.04622	0.02172	0.01323	0.07543	0.01585	0.01069	0.01561	0.00899	0.01120	0.00675	0.00537	0.00637	0.00170	0.10215	0.00406	0.00225	0.00726
28	0.00758	0.00514	0.00595	0.00612	0.00626	0.00511	0.00362	0.02288	0.00839	0.01119	0.01875	0.18684	0.02178	0.64322	0.02217	0.00440	0.00466	0.00894	0.00353	0.00348
29	0.01956	0.01447	0.01549	0.01193	0.01606	0.01604	0.00984	0.74123	0.05078	0.03243	0.01281	0.01275	0.00910	0.00628	0.00521	0.00157	0.00567	0.00473	0.00521	0.00883
30	0.00634	0.00453	0.00604	0.00725	0.00755	0.00423	0.00483	0.00725	0.00997	0.01329	0.02870	0.81358	0.03444	0.01632	0.00665	0.00211	0.00302	0.01480	0.00483	0.00423
31	0.01324	0.01069	0.01154	0.01010	0.01302	0.01183	0.00803	0.19939	0.41086	0.02288	0.04234	0.04163	0.08911	0.00825	0.00553	0.00175	0.00434	0.06434	0.00515	0.02597
32	0.00639	0.00457	0.00610	0.00731	0.00763	0.00427	0.00492	0.00733	0.01002	0.01335	0.02868	0.79621	0.03434	0.01627	0.00666	0.00212	0.00306	0.03171	0.00483	0.00424
33	0.00983	0.00926	0.01562	0.80447	0.03587	0.01157	0.01446	0.01331	0.01041	0.01331	0.00926	0.01388	0.00694	0.00521	0.00521	0.00174	0.00694	0.00463	0.00231	0.00579
34	0.01873	0.01385	0.01491	0.01164	0.01553	0.01531	0.00953	0.69495	0.04943	0.03124	0.01380	0.06201	0.01067	0.00690	0.00530	0.00160	0.00551	0.00535	0.00519	0.00855
35	0.02315	0.00920	0.01229	0.00943	0.01346	0.00816	0.00779	0.06921	0.01547	0.74348	0.02007	0.01742	0.01265	0.00643	0.00524	0.00161	0.00451	0.00520	0.00637	0.00886
36	0.01980	0.01459	0.01563	0.01198	0.01615	0.01615	0.00990	0.76713	0.02448	0.03282	0.01250	0.01250	0.00886	0.00625	0.00521	0.00156	0.00573	0.00469	0.00521	0.00886
37	0.01085	0.00931	0.01082	0.00779	0.01237	0.00710	0.00622	0.01349	0.03057	0.01709	0.00956	0.01102	0.00793	0.00394	0.00389	0.00080	0.00386	0.00316	0.00314	0.82708
38	0.02444	0.00996	0.01616	0.59853	0.15648	0.01176	0.01407	0.03017	0.04157	0.03275	0.01012	0.01392	0.00767	0.00523	0.00517	0.00170	0.00658	0.00467	0.00265	0.00642
39	0.00635	0.00464	0.00597	0.00701	0.00750	0.00426	0.00473	0.00734	0.01030	0.01356	0.04866	0.70710	0.12181	0.01582	0.00658	0.00206	0.00296	0.01424	0.00485	0.00426
40	0.00784	0.00611	0.03296	0.00691	0.00840	0.00520	0.00545	0.01037	0.01451	0.03930	0.72053	0.05504	0.04651	0.01048	0.00609	0.00165	0.00269	0.00925	0.00561	0.00509
41	0.00649	0.00465	0.00618	0.00715	0.00759	0.00433	0.00485	0.00762	0.01066	0.01439	0.13724	0.70193	0.03656	0.01550	0.00657	0.00205	0.00294	0.01403	0.00496	0.00433
42	0.00744	0.00558	0.00837	0.00837	0.00930	0.00651	0.00651	0.00930	0.00837	0.01209	0.01395	0.02046	0.01302	0.03906	0.79635	0.00837	0.01395	0.00558	0.00279	0.00465
43	0.01082	0.00978	0.01698	0.66629	0.06624	0.01156	0.07862	0.01428	0.01085	0.05063	0.00993	0.01404	0.00736	0.00517	0.00529	0.00172	0.00695	0.00479	0.00255	0.00614
44	0.01223	0.01382	0.02988	0.04969	0.05256	0.01309	0.71448	0.01654	0.01221	0.01657	0.01047	0.01400	0.00788	0.00443	0.00608	0.00175	0.00863	0.00604	0.00262	0.00702
45	0.00634	0.00453	0.00604	0.00725	0.00755	0.00423	0.00483	0.00725	0.00997	0.01329	0.02870	0.81358	0.03444	0.01632	0.00665	0.00211	0.00302	0.01480	0.00483	0.00423
46	0.02336	0.00886	0.01209	0.00927	0.01329	0.00765	0.00765	0.02538	0.01491	0.78810	0.02055	0.01773	0.01289	0.00645	0.00524	0.00161	0.00443	0.00524	0.00645	0.00886
47	0.01233	0.11820	0.40214	0.01603	0.06384	0.01393	0.15244	0.09221	0.01246	0.01751	0.00954	0.01151	0.00718	0.00509	0.00557	0.00162	0.04401	0.00430	0.00261	0.00751
48	0.01143	0.18168	0.58170	0.01404	0.02086	0.03102	0.05807	0.01642	0.01107	0.01559	0.00897	0.01061	0.00669	0.00483	0.00469	0.00154	0.00738	0.00376	0.00224	0.00742
49	0.01980	0.01459	0.01563	0.01198	0.01615	0.01615	0.00990	0.76713	0.02448	0.03282	0.01250	0.01250	0.00886	0.00625	0.00521	0.00156	0.00573	0.00469	0.00521	0.00886
50	0.00633	0.00457	0.00600	0.00714	0.00752	0.00424	0.00479	0.00726	0.01007	0.01334	0.03003	0.77159	0.07558	0.01614	0.00662	0.00210	0.00300	0.01459	0.00483	0.00424
51	0.01926	0.01433	0.06256	0.01170	0.01596	0.01451	0.01008	0.60259	0.02192	0.12615	0.01337	0.01333	0.00936	0.00728	0.03136	0.00180	0.00596	0.00474	0.00510	0.00865
52	0.01813	0.01413	0.05755	0.06045	0.01711	0.01460	0.01031	0.60179	0.02180	0.06588	0.04335	0.02676	0.01082	0.00646	0.00526	0.00159	0.00568	0.00502	0.00494	0.00837
53	0.00821	0.00600	0.00729	0.00702	0.00735	0.00649	0.00466	0.03341	0.00900	0.01232	0.07321	0.09598	0.03110	0.52980	0.06421	0.00430	0.08441	0.00786	0.00347	0.00391
54	0.06421	0.03777	0.01169	0.00851	0.01257	0.07742	0.00677	0.08795	0.01219	0.01802	0.00967	0.01190	0.00819	0.04903	0.00525	0.00120	0.00466	0.00349	0.00324	0.56627
55	0.00886	0.00684	0.00854	0.00827	0.00940	0.00718	0.00610	0.09711	0.01178	0.01609	0.08319	0.39971	0.07279	0.06019	0.05283	0.00246	0.08459	0.01039	0.00439	0.04932
56	0.13710	0.08220	0.05104	0.01077	0.05619	0.03719	0.00864	0.07289	0.09504	0.16976	0.08608	0.03079	0.01486	0.01779	0.00577	0.00168	0.04299	0.04595	0.00433	0.02894

[dist]
# distance from previous block
# <min> <max>
4	38

[block]
# block no. 2 follows, 47 sequences, length 18
# corresponding to MSA columns:
# 526-543
name=unknown_C
#
# <colnr> <probs for GDERKNQSTAVLIFYWHMCP>
#	G	D	E	R	K	N	Q	S	T	A	V	L	I	F	Y	W	H	M	C	P
0	0.44866	0.01424	0.17396	0.04893	0.03833	0.05494	0.00972	0.01689	0.01063	0.11179	0.02337	0.01110	0.00769	0.00520	0.00412	0.00161	0.00533	0.00362	0.00334	0.00655
1	0.58982	0.02684	0.01010	0.03587	0.01240	0.02726	0.02788	0.03268	0.07061	0.10932	0.01014	0.01082	0.00749	0.00523	0.00384	0.00162	0.00449	0.00354	0.00371	0.00635
2	0.02900	0.06091	0.02808	0.06126	0.29010	0.06301	0.04956	0.07553	0.11452	0.01780	0.01306	0.01836	0.01135	0.00652	0.00599	0.00170	0.05337	0.08923	0.00336	0.00727
3	0.00971	0.00485	0.00485	0.00485	0.00607	0.00485	0.00364	0.01213	0.01092	0.01942	0.01699	0.01942	0.01335	0.00607	0.00364	0.00121	0.00243	0.00485	0.84589	0.00485
4	0.00971	0.00485	0.00485	0.00485	0.00607	0.00485	0.00364	0.01213	0.01092	0.01942	0.01699	0.01942	0.01335	0.00607	0.00364	0.00121	0.00243	0.00485	0.84589	0.00485
5	0.00907	0.00454	0.00670	0.00670	0.00675	0.00454	0.00448	0.00702	0.00696	0.00950	0.00939	0.01599	0.00923	0.01757	0.01962	0.81157	0.00443	0.00454	0.03902	0.00237
6	0.00730	0.00532	0.00686	0.00647	0.00773	0.00488	0.00486	0.00968	0.01457	0.02047	0.73758	0.03958	0.09356	0.01080	0.00614	0.00165	0.00247	0.00951	0.00568	0.00488
7	0.01336	0.69061	0.15182	0.00988	0.01486	0.01922	0.01060	0.01574	0.01065	0.01294	0.00758	0.00878	0.00667	0.00454	0.00360	0.00120	0.00592	0.00296	0.00222	0.00685
8	0.01307	0.00988	0.01086	0.00966	0.01245	0.01089	0.00753	0.02410	0.55320	0.10829	0.11646	0.02332	0.06180	0.00777	0.00544	0.00173	0.00387	0.00653	0.00546	0.00769
9	0.75802	0.00998	0.00801	0.00695	0.01033	0.01114	0.00570	0.01506	0.00908	0.02264	0.00748	0.00873	0.00588	0.00472	0.00329	0.00152	0.00401	0.00285	0.00321	0.10141
10	0.30823	0.03884	0.05640	0.01038	0.01424	0.11030	0.00888	0.33202	0.01647	0.04405	0.01000	0.01064	0.00738	0.00553	0.00439	0.00155	0.00566	0.00379	0.00398	0.00726
11	0.01575	0.01242	0.07229	0.06503	0.12561	0.01207	0.02182	0.24077	0.05436	0.16019	0.09534	0.01659	0.01371	0.00658	0.00615	0.00166	0.06213	0.00529	0.00446	0.00779
12	0.00815	0.00599	0.00738	0.00766	0.00875	0.00577	0.00543	0.09403	0.01208	0.01624	0.07769	0.59225	0.06998	0.01403	0.00629	0.00194	0.00331	0.01253	0.00485	0.04565
13	0.00713	0.00493	0.00592	0.00624	0.00653	0.00476	0.00389	0.00773	0.00925	0.01242	0.10821	0.27176	0.05117	0.45697	0.01752	0.00367	0.00406	0.01009	0.00401	0.00372
14	0.00739	0.00516	0.00634	0.00660	0.00689	0.00528	0.00421	0.00828	0.02797	0.01148	0.01911	0.21928	0.02167	0.48281	0.14054	0.00477	0.00592	0.00896	0.00356	0.00378
15	0.05596	0.39739	0.09714	0.10083	0.01726	0.16130	0.01067	0.03820	0.03489	0.01432	0.00839	0.00996	0.00700	0.00501	0.00436	0.00136	0.02342	0.00339	0.00255	0.00660
16	0.02456	0.01053	0.12002	0.00895	0.01187	0.00857	0.00805	0.10732	0.11570	0.05082	0.38068	0.02860	0.08550	0.00875	0.00566	0.00165	0.00394	0.00742	0.00503	0.00636
17	0.04544	0.02678	0.01276	0.00968	0.01354	0.01016	0.00796	0.22170	0.03009	0.43530	0.04567	0.03904	0.01317	0.00660	0.00512	0.00155	0.00464	0.00528	0.00563	0.05989

[dist]
# distance from previous block
# <min> <max>
0	1

[block]
# block no. 3 follows, 47 sequences, length 10
# corresponding to MSA columns:
# 545-554
name=unknown_D
#
# <colnr> <probs for GDERKNQSTAVLIFYWHMCP>
#	G	D	E	R	K	N	Q	S	T	A	V	L	I	F	Y	W	H	M	C	P
0	0.05517	0.29675	0.48932	0.01241	0.01877	0.01498	0.01501	0.01612	0.01074	0.01540	0.00852	0.00996	0.00658	0.00477	0.00431	0.00146	0.00678	0.00343	0.00226	0.00724
1	0.00661	0.00470	0.00620	0.00722	0.00760	0.00443	0.00491	0.00763	0.01021	0.01367	0.07569	0.66674	0.03400	0.07458	0.00810	0.00231	0.00323	0.05320	0.00477	0.00422
2	0.00856	0.00901	0.08056	0.05446	0.06526	0.02893	0.05724	0.01037	0.01010	0.01363	0.02007	0.43001	0.02265	0.10198	0.00913	0.00231	0.05664	0.01022	0.00375	0.00511
3	0.01192	0.01334	0.16409	0.01302	0.08053	0.04046	0.04944	0.13967	0.04272	0.04366	0.05035	0.21501	0.03633	0.00881	0.00603	0.00175	0.03377	0.01887	0.00397	0.02625
4	0.00917	0.00654	0.07724	0.00751	0.00820	0.00520	0.00585	0.00766	0.00716	0.00972	0.00907	0.01540	0.00883	0.01691	0.01897	0.77231	0.00481	0.00446	0.00226	0.00275
5	0.00641	0.00464	0.00606	0.00707	0.00754	0.00429	0.00478	0.00745	0.01044	0.01390	0.08551	0.70688	0.08439	0.01570	0.00658	0.00206	0.00295	0.01416	0.00490	0.00429
6	0.03302	0.12836	0.17852	0.10733	0.05251	0.01285	0.16866	0.03614	0.01194	0.14399	0.01149	0.03033	0.00869	0.00552	0.00569	0.00164	0.04812	0.00480	0.00319	0.00721
7	0.12358	0.07164	0.08323	0.03083	0.02923	0.12856	0.00943	0.19808	0.08804	0.02023	0.01398	0.01675	0.05105	0.06112	0.00658	0.00183	0.02624	0.02908	0.00374	0.00678
8	0.01282	0.01156	0.08240	0.01030	0.01420	0.00978	0.04880	0.17538	0.05366	0.06161	0.01452	0.14870	0.01310	0.00703	0.00526	0.00143	0.02096	0.00595	0.00401	0.29852
9	0.12791	0.01293	0.03553	0.04375	0.10115	0.05075	0.03155	0.27392	0.06190	0.07812	0.01211	0.03257	0.00930	0.00586	0.00508	0.00154	0.02085	0.00460	0.00409	0.08652

[dist]
# distance from previous block
# <min> <max>
3	9

[block]
# block no. 4 follows, 47 sequences, length 46
# corresponding to MSA columns:
# 571-591,612-636
name=unknown_E
#
# <colnr> <probs for GDERKNQSTAVLIFYWHMCP>
#	G	D	E	R	K	N	Q	S	T	A	V	L	I	F	Y	W	H	M	C	P
0	0.01100	0.04476	0.04694	0.00889	0.03402	0.00851	0.00668	0.04054	0.17702	0.08884	0.07027	0.10901	0.06704	0.24987	0.01176	0.00271	0.00446	0.00750	0.00435	0.00583
1	0.05641	0.05420	0.19870	0.01696	0.05547	0.01233	0.34659	0.04101	0.01174	0.01695	0.01101	0.06053	0.00922	0.01997	0.00601	0.00172	0.02386	0.00552	0.00279	0.04898
2	0.11246	0.01486	0.15338	0.01703	0.05872	0.01244	0.34254	0.03423	0.01159	0.05195	0.01039	0.01355	0.00805	0.00532	0.00642	0.00172	0.08056	0.02134	0.00289	0.04056
3	0.01007	0.00845	0.01000	0.00755	0.01146	0.00651	0.00593	0.01229	0.01117	0.01711	0.09590	0.07709	0.01438	0.00559	0.00433	0.00097	0.00364	0.00471	0.00351	0.68935
4	0.01109	0.05698	0.62904	0.01418	0.02117	0.04709	0.04483	0.01636	0.01118	0.01620	0.00924	0.01091	0.00675	0.00483	0.00482	0.00154	0.00739	0.00380	0.00231	0.08029
5	0.00667	0.00499	0.00668	0.05676	0.00930	0.00479	0.00537	0.00796	0.01074	0.01428	0.12028	0.60230	0.10123	0.01466	0.00645	0.00200	0.00316	0.01318	0.00479	0.00442
6	0.00755	0.00514	0.00612	0.00612	0.00628	0.00529	0.00371	0.00786	0.00770	0.01043	0.01600	0.03183	0.01796	0.68866	0.15349	0.00560	0.00652	0.00724	0.00310	0.00340
7	0.01334	0.50270	0.28287	0.01093	0.01645	0.01693	0.01231	0.01651	0.01099	0.06211	0.00878	0.00983	0.00704	0.00475	0.00400	0.00132	0.00621	0.00330	0.00248	0.00716
8	0.00753	0.00503	0.00569	0.00573	0.00574	0.00502	0.00321	0.00756	0.00765	0.01020	0.01681	0.05963	0.01944	0.79074	0.02586	0.00495	0.00498	0.00781	0.00321	0.00319
9	0.01392	0.82012	0.02729	0.00891	0.01337	0.02061	0.00891	0.01559	0.01058	0.01225	0.00724	0.00835	0.00668	0.00446	0.00334	0.00111	0.00557	0.00278	0.00223	0.00668
10	0.01139	0.01139	0.01595	0.01367	0.01367	0.01595	0.01139	0.01253	0.00798	0.01253	0.00684	0.01139	0.00684	0.00911	0.01709	0.00228	0.80745	0.00456	0.00228	0.00570
11	0.00700	0.00530	0.00646	0.00627	0.00763	0.00476	0.00471	0.00906	0.01365	0.01846	0.52011	0.06908	0.26634	0.01169	0.00619	0.00171	0.00259	0.02883	0.00541	0.00473
12	0.00945	0.00854	0.01223	0.01107	0.01153	0.01132	0.00900	0.01095	0.00817	0.01232	0.01033	0.01584	0.00987	0.02381	0.39953	0.00527	0.41802	0.00506	0.00253	0.00518
13	0.00999	0.00752	0.00868	0.00709	0.00950	0.00652	0.00505	0.05102	0.01021	0.03262	0.01363	0.05728	0.01391	0.35295	0.01379	0.00273	0.00444	0.00567	0.00339	0.38403
14	0.21422	0.31798	0.06665	0.08605	0.01634	0.01471	0.07626	0.01607	0.01080	0.08329	0.03439	0.01144	0.00849	0.00510	0.00433	0.00146	0.01909	0.00379	0.00299	0.00656
15	0.01977	0.01427	0.01539	0.01184	0.01597	0.01573	0.00977	0.71931	0.04246	0.06282	0.01304	0.01288	0.00919	0.00628	0.00521	0.00157	0.00564	0.00474	0.00526	0.00884
16	0.01675	0.01715	0.07619	0.04962	0.09380	0.24385	0.02200	0.24588	0.05713	0.05486	0.01201	0.03552	0.00959	0.00621	0.00533	0.00157	0.02029	0.02104	0.00379	0.00741
17	0.05096	0.02548	0.00933	0.05748	0.02262	0.00787	0.00646	0.09011	0.05570	0.09441	0.19742	0.03176	0.26136	0.03396	0.03058	0.00197	0.00404	0.00782	0.00482	0.00585
18	0.40467	0.01086	0.02677	0.02972	0.03887	0.01177	0.01837	0.11615	0.14431	0.06219	0.01310	0.01472	0.02828	0.04215	0.00531	0.00180	0.00460	0.01567	0.00400	0.00668
19	0.06211	0.03784	0.01407	0.01078	0.01455	0.06488	0.00881	0.41322	0.04364	0.21549	0.01482	0.05173	0.01093	0.00662	0.00510	0.00158	0.00538	0.00510	0.00514	0.00820
20	0.01057	0.00907	0.01148	0.09712	0.03596	0.00810	0.00749	0.02872	0.01057	0.01592	0.00999	0.01353	0.00874	0.06980	0.04196	0.00167	0.04586	0.00387	0.00298	0.56660
21	0.00797	0.00612	0.00740	0.00707	0.00853	0.00599	0.00529	0.01199	0.12752	0.01955	0.51613	0.10533	0.12932	0.01091	0.00606	0.00171	0.00278	0.00955	0.00548	0.00529
22	0.02077	0.00856	0.01136	0.00896	0.01250	0.00766	0.00725	0.02348	0.06200	0.64560	0.06596	0.02012	0.01563	0.05733	0.00662	0.00184	0.00433	0.00567	0.00613	0.00823
23	0.00643	0.00529	0.00565	0.00556	0.00720	0.00451	0.00417	0.00800	0.01251	0.01558	0.21489	0.04762	0.61931	0.01262	0.00615	0.00173	0.00260	0.01064	0.00504	0.00451
24	0.00650	0.00460	0.00600	0.00706	0.00732	0.00433	0.00463	0.00729	0.00967	0.01290	0.02718	0.71681	0.03252	0.11572	0.00911	0.00248	0.00327	0.01391	0.00463	0.00410
25	0.00744	0.00558	0.00837	0.00837	0.00930	0.00651	0.00651	0.00930	0.00837	0.01209	0.01395	0.02046	0.01302	0.03906	0.79635	0.00837	0.01395	0.00558	0.00279	0.00465
26	0.85377	0.01007	0.00765	0.00685	0.01007	0.01168	0.00564	0.01531	0.00886	0.02336	0.00725	0.00846	0.00564	0.00483	0.00322	0.00161	0.00403	0.00282	0.00322	0.00564
27	0.02336	0.00886	0.01209	0.00927	0.01329	0.00765	0.00765	0.02538	0.01491	0.78810	0.02055	0.01773	0.01289	0.00645	0.00524	0.00161	0.00443	0.00524	0.00645	0.00886
28	0.00664	0.00476	0.00623	0.00697	0.00751	0.00443	0.00476	0.00789	0.01105	0.01499	0.20899	0.57523	0.05550	0.05015	0.00739	0.00212	0.00297	0.01310	0.00498	0.00435
29	0.85377	0.01007	0.00765	0.00685	0.01007	0.01168	0.00564	0.01531	0.00886	0.02336	0.00725	0.00846	0.00564	0.00483	0.00322	0.00161	0.00403	0.00282	0.00322	0.00564
30	0.01324	0.01125	0.01192	0.01065	0.01362	0.01295	0.00835	0.07214	0.70821	0.02228	0.02085	0.02010	0.01586	0.00722	0.00535	0.00177	0.00424	0.02654	0.00528	0.00818
31	0.07396	0.18421	0.10463	0.01386	0.13146	0.11098	0.02876	0.05136	0.01191	0.01638	0.03743	0.01192	0.00896	0.00659	0.03916	0.00167	0.03706	0.00391	0.00283	0.12296
32	0.00971	0.00485	0.00485	0.00485	0.00607	0.00485	0.00364	0.01213	0.01092	0.01942	0.01699	0.01942	0.01335	0.00607	0.00364	0.00121	0.00243	0.00485	0.84589	0.00485
33	0.00757	0.00505	0.00568	0.00568	0.00568	0.00505	0.00316	0.00757	0.00757	0.01010	0.01641	0.03408	0.01893	0.81698	0.02651	0.00505	0.00505	0.00757	0.00316	0.00316
34	0.04029	0.01225	0.07837	0.25860	0.36450	0.01169	0.05358	0.01611	0.01157	0.08794	0.01056	0.01341	0.00806	0.00500	0.00515	0.00163	0.00643	0.00465	0.00285	0.00738
35	0.01126	0.09757	0.46975	0.07592	0.08343	0.01306	0.10647	0.01668	0.04763	0.01617	0.00988	0.01188	0.00736	0.00493	0.00499	0.00162	0.00728	0.00424	0.00244	0.00745
36	0.00805	0.00551	0.00644	0.00655	0.00690	0.00554	0.00418	0.04408	0.00911	0.01213	0.01899	0.14900	0.02168	0.59163	0.02091	0.00422	0.00476	0.07295	0.00364	0.00373
37	0.01139	0.01139	0.01595	0.01367	0.01367	0.01595	0.01139	0.01253	0.00798	0.01253	0.00684	0.01139	0.00684	0.00911	0.01709	0.00228	0.80745	0.00456	0.00228	0.00570
38	0.05570	0.02393	0.01064	0.12837	0.02683	0.02777	0.00776	0.10519	0.03843	0.03904	0.30346	0.10037	0.06289	0.00901	0.00604	0.00170	0.03488	0.00759	0.00457	0.00583
39	0.01200	0.00955	0.01176	0.02237	0.01274	0.02817	0.05622	0.08910	0.21870	0.07527	0.14605	0.08647	0.09741	0.03634	0.00734	0.00188	0.06989	0.00740	0.00476	0.00655
40	0.00634	0.00453	0.00604	0.00725	0.00755	0.00423	0.00483	0.00725	0.00997	0.01329	0.02870	0.81358	0.03444	0.01632	0.00665	0.00211	0.00302	0.01480	0.00483	0.00423
41	0.01613	0.00884	0.01088	0.00890	0.01186	0.00866	0.00713	0.15948	0.07390	0.31107	0.29414	0.02452	0.02546	0.00797	0.00556	0.00162	0.00394	0.00669	0.00587	0.00739
42	0.06355	0.09977	0.43772	0.01593	0.09539	0.04723	0.08986	0.06128	0.01201	0.01738	0.00931	0.01109	0.00698	0.00490	0.00483	0.00158	0.00718	0.00402	0.00254	0.00746
43	0.02303	0.00939	0.01241	0.00952	0.01356	0.00844	0.00786	0.09397	0.01579	0.71826	0.01980	0.01724	0.01252	0.00643	0.00523	0.00161	0.00455	0.00519	0.00633	0.00886
44	0.02100	0.01084	0.01312	0.01014	0.01404	0.01074	0.00834	0.30883	0.01857	0.45060	0.06498	0.01704	0.01361	0.00663	0.00528	0.00159	0.00481	0.00529	0.00593	0.00861
45	0.01239	0.01198	0.02064	0.11503	0.62440	0.01220	0.06222	0.01582	0.02764	0.01663	0.01083	0.01391	0.02290	0.00490	0.00524	0.00159	0.00632	0.00488	0.00265	0.00783

[dist]
# distance from previous block
# <min> <max>
0	1

[block]
# block no. 5 follows, 47 sequences, length 18
# corresponding to MSA columns:
# 651-668
name=unknown_F
#
# <colnr> <probs for GDERKNQSTAVLIFYWHMCP>
#	G	D	E	R	K	N	Q	S	T	A	V	L	I	F	Y	W	H	M	C	P
0	0.05618	0.01743	0.30374	0.04156	0.18712	0.01213	0.18608	0.01573	0.01128	0.01670	0.01068	0.01518	0.00874	0.00555	0.00584	0.00173	0.04132	0.05318	0.00261	0.00723
1	0.72211	0.06818	0.01000	0.00855	0.05173	0.03799	0.00657	0.01554	0.00934	0.02189	0.00741	0.00872	0.00589	0.00481	0.00338	0.00156	0.00443	0.00293	0.00310	0.00587
2	0.05656	0.01135	0.03115	0.09022	0.51203	0.01162	0.03386	0.01456	0.01102	0.01619	0.01107	0.07039	0.01019	0.04045	0.00683	0.00181	0.05533	0.00541	0.00275	0.00720
3	0.00780	0.00544	0.00690	0.00649	0.00789	0.00493	0.00488	0.01004	0.01422	0.04990	0.62992	0.05838	0.15166	0.01098	0.00612	0.00167	0.00257	0.00961	0.00561	0.00498
4	0.01256	0.01137	0.01737	0.21116	0.41852	0.04677	0.01364	0.01622	0.05836	0.05696	0.01207	0.01537	0.02216	0.00707	0.04476	0.00196	0.00660	0.01683	0.00298	0.00729
5	0.00744	0.00558	0.00837	0.00837	0.00930	0.00651	0.00651	0.00930	0.00837	0.01209	0.01395	0.02046	0.01302	0.03906	0.79635	0.00837	0.01395	0.00558	0.00279	0.00465
6	0.00942	0.00582	0.00736	0.00668	0.00842	0.00520	0.00511	0.01159	0.01419	0.12967	0.52532	0.03812	0.19193	0.01056	0.00601	0.00166	0.00278	0.00914	0.00565	0.00538
7	0.00916	0.00561	0.00753	0.00725	0.00858	0.00526	0.00541	0.01113	0.01297	0.11557	0.42577	0.22045	0.03732	0.01438	0.08685	0.00244	0.00402	0.00979	0.00531	0.00522
8	0.00983	0.00926	0.01562	0.80447	0.03587	0.01157	0.01446	0.01331	0.01041	0.01331	0.00926	0.01388	0.00694	0.00521	0.00521	0.00174	0.00694	0.00463	0.00231	0.00579
9	0.01125	0.00980	0.01228	0.00887	0.01339	0.00791	0.05037	0.04296	0.01135	0.01746	0.00939	0.01107	0.00775	0.00412	0.00440	0.00090	0.02594	0.00337	0.00312	0.74431
10	0.00738	0.00530	0.00687	0.00649	0.00763	0.00492	0.00479	0.00967	0.01423	0.02012	0.72741	0.03856	0.04699	0.06789	0.00759	0.00188	0.00264	0.00929	0.00555	0.00479
11	0.00634	0.00456	0.00601	0.00717	0.00753	0.00424	0.00480	0.00726	0.01005	0.01333	0.02968	0.78255	0.06485	0.01619	0.00663	0.00210	0.00301	0.01465	0.00483	0.00424
12	0.01122	0.00939	0.01089	0.00801	0.01235	0.00748	0.00638	0.06977	0.01179	0.01796	0.01062	0.05722	0.00934	0.00476	0.00412	0.00091	0.00395	0.00388	0.00335	0.73663
13	0.03791	0.07024	0.01499	0.01089	0.01462	0.01459	0.00898	0.56738	0.02072	0.05468	0.01329	0.05752	0.01061	0.03423	0.02804	0.00186	0.00566	0.00518	0.00480	0.02382
14	0.78283	0.01075	0.00816	0.00726	0.01048	0.04988	0.00593	0.01594	0.00937	0.05061	0.00777	0.00884	0.00596	0.00492	0.00337	0.00160	0.00431	0.00293	0.00331	0.00578
15	0.00971	0.00485	0.00485	0.00485	0.00607	0.00485	0.00364	0.01213	0.01092	0.01942	0.01699	0.01942	0.01335	0.00607	0.00364	0.00121	0.00243	0.00485	0.84589	0.00485
16	0.05620	0.04668	0.51720	0.01509	0.02169	0.01216	0.15670	0.01719	0.01145	0.08250	0.01035	0.01192	0.00733	0.00495	0.00506	0.00165	0.00736	0.00431	0.00270	0.00753
17	0.09624	0.01270	0.10187	0.01130	0.04734	0.01130	0.00961	0.22883	0.07387	0.26746	0.07395	0.01618	0.01318	0.00636	0.00508	0.00161	0.00503	0.00504	0.00501	0.00805

[dist]
# distance from previous block
# <min> <max>
0	1

[block]
# block no. 6 follows, 47 sequences, length 49
# corresponding to MSA columns:
# 674-682,684-723
name=unknown_G
#
# <colnr> <probs for GDERKNQSTAVLIFYWHMCP>
#	G	D	E	R	K	N	Q	S	T	A	V	L	I	F	Y	W	H	M	C	P
0	0.01506	0.06092	0.06100	0.01806	0.28297	0.06605	0.01161	0.10425	0.10763	0.12750	0.02944	0.01611	0.05045	0.00607	0.00531	0.00158	0.01923	0.00506	0.00389	0.00782
1	0.01505	0.01039	0.01109	0.00927	0.01212	0.04970	0.00732	0.23193	0.13206	0.15018	0.13706	0.02320	0.08809	0.04922	0.00644	0.00178	0.00447	0.00635	0.04716	0.00712
2	0.23865	0.03825	0.10916	0.07065	0.01655	0.05180	0.01013	0.31011	0.06730	0.02451	0.01069	0.01154	0.00789	0.00559	0.00458	0.00159	0.00568	0.00404	0.00389	0.00739
3	0.01158	0.00930	0.01154	0.03179	0.01251	0.03315	0.02983	0.09809	0.01192	0.05512	0.06990	0.04451	0.01399	0.11036	0.10871	0.00276	0.10863	0.00544	0.00357	0.22729
4	0.00971	0.00485	0.00485	0.00485	0.00607	0.00485	0.00364	0.01213	0.01092	0.01942	0.01699	0.01942	0.01335	0.00607	0.00364	0.00121	0.00243	0.00485	0.84589	0.00485
5	0.55321	0.01052	0.00969	0.00815	0.01162	0.01165	0.00669	0.11533	0.05723	0.15584	0.01104	0.01122	0.00791	0.00543	0.00395	0.00161	0.00432	0.00366	0.00416	0.00676
6	0.01872	0.01067	0.01491	0.13042	0.05646	0.01077	0.05827	0.19909	0.01607	0.37766	0.02811	0.01606	0.01119	0.02053	0.00567	0.00169	0.00546	0.00515	0.00503	0.00809
7	0.00838	0.00596	0.00705	0.00663	0.00827	0.00547	0.00500	0.05431	0.01387	0.05674	0.37167	0.11300	0.30096	0.01160	0.00609	0.00172	0.00287	0.00999	0.00534	0.00510
8	0.85377	0.01007	0.00765	0.00685	0.01007	0.01168	0.00564	0.01531	0.00886	0.02336	0.00725	0.00846	0.00564	0.00483	0.00322	0.00161	0.00403	0.00282	0.00322	0.00564
9	0.01778	0.01016	0.01226	0.01008	0.01334	0.01063	0.00813	0.10518	0.26515	0.35704	0.06992	0.01876	0.01550	0.00707	0.00602	0.00170	0.05182	0.00563	0.00564	0.00821
10	0.18596	0.01116	0.03773	0.17887	0.10605	0.02635	0.07816	0.12723	0.01322	0.03339	0.09955	0.04194	0.02637	0.00629	0.00503	0.00165	0.00555	0.00536	0.00359	0.00655
11	0.07656	0.50446	0.14986	0.01201	0.08428	0.01751	0.01106	0.06411	0.01153	0.01553	0.00816	0.00947	0.00687	0.00470	0.00388	0.00131	0.00587	0.00325	0.00252	0.00705
12	0.01702	0.01168	0.01274	0.00994	0.01387	0.05753	0.00803	0.25089	0.06533	0.20310	0.01409	0.02748	0.01038	0.00682	0.02968	0.00157	0.00522	0.00456	0.00467	0.24537
13	0.00702	0.00513	0.00665	0.00682	0.00781	0.00468	0.00488	0.00881	0.01258	0.01744	0.42490	0.34912	0.07158	0.01280	0.00627	0.00181	0.00274	0.01143	0.00525	0.03227
14	0.01727	0.09213	0.01513	0.01214	0.01499	0.48480	0.00946	0.07672	0.11409	0.02945	0.01062	0.01175	0.00859	0.00783	0.05588	0.00187	0.02356	0.00394	0.00324	0.00655
15	0.00638	0.00455	0.00603	0.00720	0.00749	0.00426	0.00478	0.00726	0.00989	0.01319	0.02830	0.78814	0.03394	0.04245	0.00730	0.00221	0.00309	0.01457	0.00478	0.00419
16	0.55068	0.01033	0.00970	0.00806	0.01160	0.01126	0.00665	0.11017	0.01224	0.20922	0.01111	0.01119	0.00779	0.00540	0.00395	0.00161	0.00433	0.00363	0.00425	0.00681
17	0.85377	0.01007	0.00765	0.00685	0.01007	0.01168	0.00564	0.01531	0.00886	0.02336	0.00725	0.00846	0.00564	0.00483	0.00322	0.00161	0.00403	0.00282	0.00322	0.00564
18	0.00745	0.00553	0.00813	0.00813	0.00897	0.00638	0.00621	0.00914	0.00830	0.01191	0.01417	0.02169	0.01355	0.10915	0.72698	0.00807	0.01315	0.00576	0.00282	0.00452
19	0.85377	0.01007	0.00765	0.00685	0.01007	0.01168	0.00564	0.01531	0.00886	0.02336	0.00725	0.00846	0.00564	0.00483	0.00322	0.00161	0.00403	0.00282	0.00322	0.00564
20	0.00874	0.00564	0.00732	0.00672	0.00823	0.00513	0.00510	0.01109	0.01459	0.08961	0.67006	0.03766	0.08923	0.01042	0.00606	0.00164	0.00265	0.00913	0.00574	0.00524
21	0.01045	0.02694	0.79000	0.01484	0.02254	0.01209	0.01924	0.01649	0.01099	0.01649	0.00935	0.01099	0.00660	0.00495	0.00495	0.00165	0.00770	0.00385	0.00220	0.00770
22	0.00634	0.00453	0.00604	0.00725	0.00755	0.00423	0.00483	0.00725	0.00997	0.01329	0.02870	0.81358	0.03444	0.01632	0.00665	0.00211	0.00302	0.01480	0.00483	0.00423
23	0.02289	0.00876	0.01193	0.00919	0.01313	0.00757	0.00757	0.02492	0.01490	0.76548	0.04299	0.01835	0.01396	0.00657	0.00526	0.00161	0.00437	0.00536	0.00642	0.00875
24	0.00641	0.00456	0.00602	0.00717	0.00746	0.00427	0.00475	0.00727	0.00985	0.01313	0.02807	0.77363	0.03365	0.05736	0.00766	0.00227	0.00313	0.01443	0.00475	0.00417
25	0.01289	0.01237	0.02114	0.03196	0.78450	0.01237	0.01598	0.01598	0.01186	0.01701	0.00980	0.01289	0.00825	0.00464	0.00516	0.00155	0.00619	0.00464	0.00258	0.00825
26	0.01945	0.02482	0.01476	0.01342	0.01610	0.79608	0.01006	0.02079	0.01476	0.01275	0.00805	0.00939	0.00671	0.00537	0.00470	0.00134	0.00939	0.00335	0.00268	0.00604
27	0.00839	0.00599	0.00839	0.00959	0.01079	0.00599	0.00839	0.01079	0.01199	0.01558	0.02757	0.05874	0.02997	0.01439	0.00719	0.00240	0.00480	0.74945	0.00480	0.00480
28	0.01045	0.02694	0.79000	0.01484	0.02254	0.01209	0.01924	0.01649	0.01099	0.01649	0.00935	0.01099	0.00660	0.00495	0.00495	0.00165	0.00770	0.00385	0.00220	0.00770
29	0.00744	0.00558	0.00837	0.00837	0.00930	0.00651	0.00651	0.00930	0.00837	0.01209	0.01395	0.02046	0.01302	0.03906	0.79635	0.00837	0.01395	0.00558	0.00279	0.00465
30	0.01289	0.01237	0.02114	0.03196	0.78450	0.01237	0.01598	0.01598	0.01186	0.01701	0.00980	0.01289	0.00825	0.00464	0.00516	0.00155	0.00619	0.00464	0.00258	0.00825
31	0.02336	0.00886	0.01209	0.00927	0.01329	0.00765	0.00765	0.02538	0.01491	0.78810	0.02055	0.01773	0.01289	0.00645	0.00524	0.00161	0.00443	0.00524	0.00645	0.00886
32	0.00921	0.00608	0.00798	0.00853	0.01012	0.00576	0.00727	0.01131	0.01222	0.08483	0.03294	0.05299	0.20757	0.01339	0.00677	0.00217	0.00425	0.50658	0.00495	0.00507
33	0.01392	0.82012	0.02729	0.00891	0.01337	0.02061	0.00891	0.01559	0.01058	0.01225	0.00724	0.00835	0.00668	0.00446	0.00334	0.00111	0.00557	0.00278	0.00223	0.00668
34	0.01392	0.82012	0.02729	0.00891	0.01337	0.02061	0.00891	0.01559	0.01058	0.01225	0.00724	0.00835	0.00668	0.00446	0.00334	0.00111	0.00557	0.00278	0.00223	0.00668
35	0.01865	0.01402	0.01498	0.01175	0.01571	0.01561	0.00962	0.64299	0.15050	0.03097	0.01396	0.01367	0.01004	0.00639	0.00522	0.00160	0.00546	0.00489	0.00522	0.00875
36	0.01527	0.01405	0.22675	0.01101	0.01544	0.00993	0.01091	0.02159	0.20272	0.28821	0.04352	0.02058	0.02723	0.00703	0.00536	0.00172	0.00519	0.06078	0.00481	0.00788
