[name]
unknown

[dist]
# distance from previous block
# <min> <max>
0	3

[block]
# block no. 0 follows, 47 sequences, length 20
# corresponding to MSA columns:
# 13-32
name=unknown_A
#
# <colnr> <probs for GDERKNQSTAVLIFYWHMCP>
#	G	D	E	R	K	N	Q	S	T	A	V	L	I	F	Y	W	H	M	C	P
0	0.00833	0.00631	0.00806	0.00880	0.00998	0.03077	0.00733	0.01058	0.01254	0.01653	0.20233	0.11855	0.03407	0.01340	0.00682	0.00216	0.00424	0.48945	0.00495	0.00481
1	0.02936	0.00524	0.00670	0.00689	0.00792	0.00492	0.00507	0.00912	0.01280	0.01794	0.44612	0.27786	0.08036	0.01259	0.00629	0.00184	0.00282	0.05617	0.00529	0.00469
2	0.01392	0.82012	0.02729	0.00891	0.01337	0.02061	0.00891	0.01559	0.01058	0.01225	0.00724	0.00835	0.00668	0.00446	0.00334	0.00111	0.00557	0.00278	0.00223	0.00668
3	0.00858	0.00512	0.00685	0.00749	0.00830	0.00469	0.00520	0.00967	0.01075	0.11369	0.05050	0.68719	0.03210	0.01487	0.00645	0.00204	0.00319	0.01340	0.00507	0.00485
4	0.45167	0.01062	0.01030	0.00848	0.01193	0.01158	0.00694	0.19379	0.01385	0.16959	0.03772	0.01281	0.00957	0.02492	0.00472	0.00168	0.00448	0.00405	0.00438	0.00692
5	0.01400	0.01469	0.19316	0.01078	0.01563	0.01090	0.01038	0.25272	0.01536	0.06816	0.01239	0.06989	0.01006	0.00593	0.00482	0.00137	0.00532	0.00475	0.00388	0.27582
6	0.00757	0.00505	0.00568	0.00568	0.00568	0.00505	0.00316	0.00757	0.00757	0.01010	0.01641	0.03408	0.01893	0.81698	0.02651	0.00505	0.00505	0.00757	0.00316	0.00316
7	0.24396	0.01314	0.01330	0.01050	0.01438	0.01465	0.00865	0.52708	0.03941	0.04914	0.01152	0.01173	0.00828	0.00590	0.00468	0.00158	0.00520	0.00423	0.00471	0.00798
8	0.04153	0.45138	0.19714	0.01054	0.01554	0.05701	0.01107	0.03260	0.01168	0.11431	0.00959	0.01031	0.00748	0.00492	0.00406	0.00134	0.00606	0.00341	0.00288	0.00717
9	0.01084	0.08130	0.65800	0.01441	0.02156	0.01259	0.05149	0.01659	0.02922	0.01634	0.00953	0.01114	0.00692	0.00490	0.00486	0.00159	0.00738	0.00390	0.00232	0.03508
10	0.23236	0.01419	0.01626	0.02129	0.41320	0.15942	0.01198	0.04242	0.01206	0.01840	0.00890	0.01107	0.00730	0.00488	0.00457	0.00153	0.00621	0.00393	0.00285	0.00718
11	0.00756	0.00509	0.00587	0.00587	0.00594	0.00515	0.00340	0.00770	0.00763	0.01024	0.01623	0.03309	0.01850	0.76069	0.08221	0.00529	0.00569	0.00743	0.00313	0.00326
12	0.01367	0.69453	0.04520	0.05797	0.01507	0.04499	0.00964	0.01553	0.01062	0.01245	0.00743	0.00890	0.00670	0.00472	0.00405	0.00122	0.03544	0.00301	0.00225	0.00660
13	0.01506	0.00946	0.01160	0.02855	0.01345	0.00783	0.00705	0.06281	0.01285	0.24709	0.01281	0.01304	0.00930	0.00481	0.00438	0.00109	0.00422	0.00386	0.00419	0.52653
14	0.01286	0.01245	0.02157	0.03151	0.75033	0.01241	0.04980	0.01601	0.01188	0.01700	0.00983	0.01294	0.00823	0.00463	0.00520	0.00156	0.00630	0.00471	0.00258	0.00819
15	0.01308	0.06072	0.01949	0.24563	0.41124	0.01248	0.04485	0.04364	0.01208	0.07204	0.01040	0.01328	0.00813	0.00497	0.00511	0.00159	0.00632	0.00463	0.00286	0.00748
16	0.00905	0.00452	0.00678	0.00678	0.00678	0.00452	0.00452	0.00678	0.00678	0.00905	0.00905	0.01583	0.00905	0.01809	0.02035	0.84848	0.00452	0.00452	0.00226	0.00226
17	0.00644	0.00523	0.00570	0.00570	0.00724	0.00450	0.00423	0.00798	0.01237	0.01552	0.21180	0.10289	0.56654	0.01285	0.00619	0.00176	0.00263	0.01092	0.00503	0.00450
18	0.01945	0.02482	0.01476	0.01342	0.01610	0.79608	0.01006	0.02079	0.01476	0.01275	0.00805	0.00939	0.00671	0.00537	0.00470	0.00134	0.00939	0.00335	0.00268	0.00604
19	0.05285	0.01175	0.02637	0.01035	0.01423	0.04445	0.00860	0.26666	0.05299	0.39905	0.03196	0.01650	0.01212	0.00652	0.00518	0.00161	0.00506	0.01975	0.00558	0.00841

[dist]
# distance from previous block
# <min> <max>
0	1

[block]
# block no. 1 follows, 47 sequences, length 145
# corresponding to MSA columns:
# 34-90,118-122,124-171,209-243
name=unknown_B
#
# <colnr> <probs for GDERKNQSTAVLIFYWHMCP>
#	G	D	E	R	K	N	Q	S	T	A	V	L	I	F	Y	W	H	M	C	P
0	0.02223	0.00926	0.01218	0.00942	0.01333	0.00838	0.00775	0.08692	0.03318	0.67842	0.04852	0.01812	0.01399	0.00660	0.00527	0.00161	0.00446	0.00536	0.00629	0.00870
1	0.00921	0.00547	0.00603	0.00612	0.00727	0.00550	0.00446	0.04236	0.04376	0.01835	0.05861	0.22951	0.02074	0.02498	0.00514	0.00159	0.00284	0.00779	0.49531	0.00497
2	0.01240	0.16912	0.08166	0.04943	0.11905	0.01452	0.40155	0.01601	0.01150	0.01550	0.00947	0.01243	0.00752	0.00477	0.00598	0.00163	0.05294	0.00500	0.00249	0.00704
3	0.04129	0.04342	0.01485	0.01107	0.01509	0.03827	0.02397	0.41397	0.05998	0.26195	0.01492	0.01414	0.01022	0.00618	0.00510	0.00157	0.00537	0.00479	0.00530	0.00854
4	0.01009	0.00952	0.01608	0.73965	0.09868	0.01164	0.01459	0.01353	0.01053	0.01362	0.00930	0.01380	0.00705	0.00516	0.00520	0.00172	0.00688	0.00463	0.00234	0.00599
5	0.01117	0.01101	0.01528	0.01309	0.01336	0.01500	0.01085	0.01237	0.00821	0.01281	0.00780	0.04181	0.00793	0.00909	0.01594	0.00219	0.73139	0.00486	0.00242	0.05341
6	0.01097	0.00936	0.01089	0.00780	0.01242	0.00712	0.00624	0.02778	0.01106	0.01728	0.00932	0.01083	0.00774	0.00390	0.00388	0.00079	0.00389	0.00312	0.00313	0.83248
7	0.01360	0.11543	0.02808	0.01885	0.02385	0.01454	0.55945	0.12681	0.01387	0.01850	0.01041	0.01310	0.00789	0.00467	0.00566	0.00165	0.00793	0.00551	0.00296	0.00725
8	0.01284	0.57419	0.26376	0.01075	0.01621	0.01797	0.01211	0.01587	0.01071	0.01357	0.00789	0.00917	0.00666	0.00461	0.00384	0.00128	0.00623	0.00311	0.00222	0.00700
9	0.01493	0.01149	0.01284	0.00961	0.01397	0.01095	0.00781	0.32108	0.04601	0.04719	0.01138	0.01204	0.00865	0.00503	0.00451	0.00116	0.00465	0.00391	0.00414	0.44866
10	0.00655	0.00478	0.00618	0.00700	0.00763	0.00441	0.00486	0.00780	0.01101	0.01469	0.15533	0.58764	0.11276	0.01501	0.00653	0.00201	0.00294	0.03355	0.00498	0.00437
11	0.01303	0.61739	0.22223	0.01043	0.01571	0.01843	0.01155	0.01582	0.01069	0.01334	0.00778	0.00903	0.00666	0.00458	0.00375	0.00125	0.00611	0.00306	0.00222	0.00694
12	0.01235	0.01217	0.01904	0.24084	0.50273	0.05605	0.01503	0.01537	0.01145	0.01556	0.00942	0.01290	0.00774	0.00504	0.00568	0.00162	0.04261	0.00456	0.00250	0.00734
13	0.00992	0.00912	0.01299	0.01132	0.01169	0.01182	0.04060	0.01104	0.00812	0.01206	0.01034	0.01825	0.01068	0.20454	0.13768	0.00384	0.46290	0.00549	0.00258	0.00499
14	0.00646	0.00462	0.00618	0.00739	0.00774	0.00433	0.00504	0.00746	0.01009	0.01343	0.02864	0.76951	0.03418	0.01620	0.00668	0.00213	0.00312	0.05770	0.00483	0.00426
15	0.04027	0.00823	0.01001	0.00839	0.01100	0.00809	0.00668	0.14404	0.04503	0.22752	0.37116	0.02755	0.04124	0.00856	0.00564	0.00164	0.00369	0.01878	0.00571	0.00678
16	0.01355	0.73532	0.10882	0.00954	0.01435	0.01970	0.01001	0.01569	0.01063	0.01271	0.00747	0.00864	0.00667	0.00451	0.00351	0.00117	0.00580	0.00290	0.00222	0.00679
17	0.00940	0.00537	0.00720	0.00763	0.00865	0.00491	0.00543	0.01062	0.01115	0.14729	0.06993	0.61058	0.03143	0.01424	0.00639	0.00201	0.00328	0.03426	0.00516	0.00508
18	0.01045	0.02694	0.79000	0.01484	0.02254	0.01209	0.01924	0.01649	0.01099	0.01649	0.00935	0.01099	0.00660	0.00495	0.00495	0.00165	0.00770	0.00385	0.00220	0.00770
19	0.00886	0.01149	0.21410	0.01084	0.01377	0.00755	0.01111	0.01219	0.01172	0.01578	0.02356	0.04590	0.04720	0.01186	0.00657	0.00218	0.00549	0.53018	0.00411	0.00555
20	0.01323	0.01264	0.01965	0.14321	0.58508	0.04860	0.01506	0.06864	0.01267	0.01738	0.00983	0.01285	0.00803	0.00487	0.00515	0.00157	0.00641	0.00458	0.00273	0.00783
21	0.00634	0.00455	0.00603	0.00721	0.00754	0.00423	0.00481	0.00726	0.01001	0.01331	0.02926	0.79605	0.05162	0.01624	0.00664	0.00211	0.00301	0.01472	0.00483	0.00423
22	0.01164	0.01279	0.02675	0.22799	0.02949	0.01275	0.56781	0.01579	0.01180	0.01579	0.01020	0.01400	0.00765	0.00460	0.00590	0.00175	0.00830	0.00575	0.00255	0.00670
23	0.01102	0.00724	0.00910	0.00902	0.01087	0.00721	0.00741	0.11027	0.03413	0.09984	0.04793	0.16386	0.10120	0.01237	0.00646	0.00206	0.00430	0.34492	0.00507	0.00572
24	0.01272	0.00710	0.00904	0.00804	0.01027	0.00666	0.00640	0.06854	0.02819	0.23125	0.30903	0.07801	0.09762	0.01009	0.00596	0.00175	0.00358	0.09386	0.00564	0.00624
25	0.02059	0.01265	0.01436	0.01104	0.01510	0.01333	0.00911	0.52587	0.02137	0.26078	0.03232	0.01468	0.01099	0.00641	0.00524	0.00158	0.00526	0.00496	0.00559	0.00877
26	0.01114	0.18486	0.63814	0.01366	0.02071	0.01379	0.01718	0.01631	0.01091	0.01565	0.00893	0.01047	0.00661	0.00485	0.00463	0.00154	0.00727	0.00364	0.00220	0.00749
27	0.03345	0.14095	0.49057	0.01504	0.08931	0.08217	0.01586	0.01709	0.04029	0.01596	0.00936	0.01089	0.00710	0.00496	0.00468	0.00154	0.00717	0.00377	0.00242	0.00742
28	0.00868	0.00580	0.00628	0.00586	0.00795	0.00487	0.00450	0.01010	0.01232	0.12780	0.04802	0.04536	0.66932	0.01220	0.00602	0.00174	0.00290	0.01015	0.00507	0.00505
29	0.14591	0.01000	0.01188	0.00938	0.01322	0.00983	0.00770	0.12442	0.07618	0.51047	0.01753	0.01577	0.01150	0.00623	0.00494	0.00162	0.00452	0.00485	0.00571	0.00833
30	0.02173	0.10357	0.01399	0.00935	0.01338	0.00966	0.00789	0.07202	0.01502	0.63417	0.03306	0.01670	0.01260	0.00628	0.00503	0.00155	0.00461	0.00500	0.00586	0.00853
31	0.01993	0.04388	0.01615	0.01184	0.01605	0.01430	0.05218	0.53415	0.02117	0.19603	0.01395	0.01357	0.00960	0.00612	0.00520	0.00157	0.00561	0.00482	0.00522	0.00867
32	0.00634	0.00453	0.00604	0.00725	0.00755	0.00423	0.00483	0.00725	0.00997	0.01329	0.02870	0.81358	0.03444	0.01632	0.00665	0.00211	0.00302	0.01480	0.00483	0.00423
33	0.01077	0.09992	0.71982	0.01430	0.02170	0.01288	0.01829	0.01641	0.01096	0.01610	0.00915	0.01075	0.00660	0.00490	0.00480	0.00160	0.00750	0.00375	0.00220	0.00760
34	0.01028	0.02228	0.58610	0.22275	0.02605	0.01196	0.01798	0.01565	0.01084	0.01565	0.00932	0.01176	0.00669	0.00502	0.00502	0.00167	0.00750	0.00405	0.00223	0.00719
35	0.01209	0.13353	0.11718	0.01897	0.05256	0.01373	0.50728	0.01608	0.01178	0.01588	0.01064	0.04625	0.00869	0.00497	0.00558	0.00166	0.00784	0.00569	0.00261	0.00698
36	0.05730	0.01438	0.01527	0.01175	0.01588	0.01595	0.00971	0.73332	0.02378	0.03239	0.01227	0.01232	0.00871	0.00619	0.00512	0.00157	0.00565	0.00460	0.00512	0.00871
37	0.19264	0.00973	0.01136	0.00902	0.01274	0.00958	0.00741	0.11205	0.04366	0.47621	0.05110	0.01621	0.01266	0.00630	0.00486	0.00161	0.00440	0.00489	0.00556	0.00800
38	0.12074	0.22474	0.01683	0.00996	0.01397	0.06911	0.03179	0.12863	0.01433	0.30199	0.01306	0.01266	0.00919	0.00556	0.00448	0.00146	0.00536	0.00411	0.00438	0.00764
39	0.02308	0.00932	0.01237	0.00948	0.01352	0.00834	0.00783	0.08500	0.01568	0.72740	0.01990	0.01731	0.01257	0.00643	0.00523	0.00161	0.00454	0.00519	0.00635	0.00886
40	0.00632	0.00461	0.00596	0.00704	0.00750	0.00425	0.00474	0.00728	0.01017	0.01338	0.03128	0.73185	0.11452	0.01598	0.00659	0.00208	0.00298	0.01440	0.00483	0.00425
41	0.00726	0.00578	0.00856	0.21716	0.01501	0.00616	0.00737	0.00885	0.01009	0.01330	0.02358	0.60302	0.02720	0.01339	0.00627	0.00202	0.00405	0.01213	0.00417	0.00464
42	0.00983	0.00926	0.01562	0.80447	0.03587	0.01157	0.01446	0.01331	0.01041	0.01331	0.00926	0.01388	0.00694	0.00521	0.00521	0.00174	0.00694	0.00463	0.00231	0.00579
43	0.00734	0.00532	0.00692	0.00652	0.00776	0.00490	0.00489	0.00976	0.01466	0.02070	0.76188	0.03921	0.06912	0.01072	0.00614	0.00164	0.00246	0.00946	0.00571	0.00490
44	0.01080	0.00926	0.01080	0.00771	0.01234	0.00694	0.00617	0.01311	0.01080	0.01697	0.00926	0.01080	0.00771	0.00386	0.00386	0.00077	0.00386	0.00309	0.00309	0.84882
45	0.00896	0.00806	0.01320	0.59461	0.02849	0.00974	0.01200	0.01180	0.01022	0.01325	0.01371	0.18878	0.01322	0.00915	0.04110	0.00212	0.00640	0.00689	0.00289	0.00539
46	0.02289	0.00897	0.01207	0.00933	0.01331	0.00790	0.00768	0.02548	0.04983	0.75290	0.02057	0.01780	0.01303	0.00647	0.00524	0.00162	0.00442	0.00527	0.00639	0.00883
47	0.01336	0.01069	0.01047	0.00922	0.01184	0.06260	0.00720	0.15323	0.34722	0.02209	0.01947	0.01927	0.05679	0.00689	0.00486	0.00156	0.00422	0.00552	0.22642	0.00710
48	0.00983	0.00926	0.01562	0.80447	0.03587	0.01157	0.01446	0.01331	0.01041	0.01331	0.00926	0.01388	0.00694	0.00521	0.00521	0.00174	0.00694	0.00463	0.00231	0.00579
49	0.01349	0.72129	0.12232	0.00965	0.01451	0.01955	0.01020	0.01571	0.01063	0.01278	0.00750	0.00868	0.00667	0.00452	0.00354	0.00118	0.00583	0.00292	0.00222	0.00681
50	0.01033	0.00600	0.00779	0.00695	0.00877	0.00539	0.00535	0.01259	0.01450	0.16748	0.56723	0.03589	0.11102	0.01008	0.00597	0.00164	0.00285	0.00876	0.00579	0.00562
51	0.00747	0.05186	0.00748	0.00673	0.00805	0.02638	0.00493	0.02341	0.01162	0.01470	0.12555	0.32933	0.31173	0.03819	0.00675	0.00193	0.00324	0.01133	0.00469	0.00462
52	0.00990	0.00935	0.01563	0.76890	0.03487	0.01177	0.01432	0.01327	0.01030	0.01327	0.00915	0.01377	0.00694	0.00538	0.00574	0.00176	0.04295	0.00462	0.00231	0.00578
53	0.00647	0.00465	0.00613	0.00710	0.00757	0.00432	0.00482	0.00758	0.01063	0.01427	0.12408	0.69287	0.05916	0.01551	0.00657	0.00204	0.00294	0.01401	0.00495	0.00432
54	0.00988	0.00934	0.01589	0.79042	0.03571	0.01160	0.02795	0.01337	0.01045	0.01337	0.00928	0.01389	0.00696	0.00519	0.00522	0.00174	0.00698	0.00466	0.00232	0.00581
55	0.01392	0.82012	0.02729	0.00891	0.01337	0.02061	0.00891	0.01559	0.01058	0.01225	0.00724	0.00835	0.00668	0.00446	0.00334	0.00111	0.00557	0.00278	0.00223	0.00668
56	0.01386	0.80472	0.04209	0.00903	0.01354	0.02044	0.00911	0.01561	0.01059	0.01233	0.00728	0.00841	0.00668	0.00446	0.00337	0.00112	0.00561	0.00281	0.00223	0.00670
57	0.04514	0.00898	0.01202	0.00924	0.01325	0.00789	0.00764	0.03686	0.01490	0.75604	0.02007	0.01740	0.01264	0.00640	0.00518	0.00161	0.00444	0.00516	0.00634	0.00878
58	0.00711	0.00544	0.00754	0.00736	0.00850	0.00499	0.03900	0.00900	0.01268	0.01736	0.41094	0.30776	0.11743	0.01259	0.00632	0.00182	0.00296	0.01130	0.00519	0.00472
59	0.01961	0.01295	0.01436	0.01116	0.01514	0.01391	0.00917	0.54311	0.08073	0.18059	0.01583	0.01506	0.03054	0.00654	0.00525	0.00159	0.00527	0.00506	0.00545	0.00869
60	0.00637	0.00454	0.00603	0.00722	0.00751	0.00425	0.00480	0.00726	0.00992	0.01322	0.02842	0.79566	0.03409	0.03472	0.00710	0.00218	0.00307	0.01464	0.00480	0.00421
61	0.00983	0.00926	0.01562	0.80447	0.03587	0.01157	0.01446	0.01331	0.01041	0.01331	0.00926	0.01388	0.00694	0.00521	0.00521	0.00174	0.00694	0.00463	0.00231	0.00579
62	0.15738	0.01368	0.01425	0.01131	0.01502	0.06864	0.03933	0.43045	0.05624	0.08495	0.01269	0.01294	0.02038	0.00614	0.00530	0.00160	0.03271	0.00454	0.00459	0.00785
63	0.01731	0.01156	0.01356	0.01096	0.01405	0.01279	0.00894	0.33053	0.11321	0.19377	0.05034	0.03775	0.02770	0.00742	0.00707	0.00173	0.12276	0.00555	0.00507	0.00793
64	0.00704	0.00513	0.00662	0.00662	0.00767	0.00471	0.00482	0.00904	0.01340	0.01858	0.54890	0.22151	0.10219	0.01217	0.00626	0.00176	0.00260	0.01080	0.00545	0.00471
65	0.08463	0.01230	0.01378	0.01067	0.01470	0.01295	0.00880	0.45212	0.03362	0.28058	0.01491	0.01404	0.01007	0.00622	0.00507	0.00159	0.00514	0.00475	0.00547	0.00860
66	0.31046	0.01214	0.01215	0.00972	0.01348	0.02849	0.00799	0.34698	0.02853	0.16396	0.01216	0.01207	0.00852	0.00579	0.00451	0.00159	0.00495	0.00413	0.00469	0.00767
67	0.00637	0.00528	0.00558	0.00550	0.00717	0.00449	0.00413	0.00789	0.01238	0.01528	0.18252	0.04812	0.65186	0.01274	0.00615	0.00174	0.00261	0.01071	0.00500	0.00449
68	0.00638	0.00456	0.00602	0.00716	0.00748	0.00426	0.00476	0.00727	0.00993	0.01321	0.02880	0.77279	0.04922	0.04214	0.00728	0.00220	0.00308	0.01449	0.00478	0.00420
69	0.03720	0.07272	0.02210	0.01582	0.01958	0.01119	0.43360	0.03347	0.01197	0.04553	0.03526	0.20662	0.01543	0.00757	0.00590	0.00178	0.00659	0.00789	0.00344	0.00634
70	0.01425	0.01252	0.01964	0.02739	0.61599	0.01275	0.01446	0.14549	0.01403	0.04027	0.01068	0.01337	0.00869	0.02107	0.00559	0.00162	0.00604	0.00472	0.00315	0.00827
71	0.00634	0.00455	0.00602	0.00719	0.00754	0.00423	0.00481	0.00726	0.01003	0.01332	0.02944	0.79024	0.05732	0.01622	0.00663	0.00210	0.00301	0.01469	0.00483	0.00423
72	0.01378	0.01419	0.08483	0.04637	0.54455	0.03076	0.03846	0.12951	0.01373	0.01915	0.01014	0.01265	0.00812	0.00493	0.00517	0.00156	0.00642	0.00460	0.00294	0.00814
73	0.01226	0.01263	0.04193	0.02753	0.53428	0.01202	0.19361	0.01559	0.01182	0.01668	0.01120	0.06546	0.00984	0.00535	0.00548	0.00164	0.00663	0.00564	0.00273	0.00768
74	0.02246	0.00866	0.01180	0.00911	0.01298	0.00750	0.00750	0.02450	0.01490	0.74464	0.06367	0.01892	0.01494	0.00668	0.00529	0.00161	0.00432	0.00547	0.00641	0.00864
75	0.01073	0.09271	0.72675	0.01435	0.02178	0.01280	0.01838	0.01642	0.01096	0.01614	0.00917	0.01078	0.00660	0.00491	0.00481	0.00160	0.00752	0.00376	0.00220	0.00761
76	0.81626	0.01027	0.00801	0.00708	0.01034	0.01188	0.00583	0.04912	0.00957	0.02379	0.00749	0.00864	0.00578	0.00490	0.00331	0.00161	0.00410	0.00290	0.00331	0.00578
77	0.01721	0.01293	0.01391	0.01107	0.01470	0.01426	0.00900	0.56878	0.12843	0.02930	0.05949	0.03506	0.04750	0.00716	0.00535	0.00162	0.00512	0.00564	0.00523	0.00824
78	0.01991	0.01441	0.01552	0.01190	0.01606	0.01589	0.00983	0.74445	0.02419	0.05592	0.01275	0.01266	0.00898	0.00626	0.00521	0.00156	0.00569	0.00471	0.00525	0.00886
79	0.02336	0.00886	0.01209	0.00927	0.01329	0.00765	0.00765	0.02538	0.01491	0.78810	0.02055	0.01773	0.01289	0.00645	0.00524	0.00161	0.00443	0.00524	0.00645	0.00886
80	0.01086	0.08856	0.68580	0.01413	0.02131	0.01281	0.01780	0.01705	0.05425	0.01646	0.00985	0.01126	0.00713	0.00503	0.00484	0.00161	0.00733	0.00388	0.00238	0.00765
81	0.01895	0.01377	0.01473	0.01139	0.01531	0.01520	0.00937	0.70395	0.02335	0.03170	0.01288	0.01308	0.00923	0.00624	0.00508	0.00153	0.00545	0.00470	0.07556	0.00852
82	0.00652	0.00529	0.00578	0.00566	0.00726	0.00455	0.00424	0.00818	0.01273	0.01611	0.27065	0.04676	0.56322	0.01243	0.00615	0.00172	0.00258	0.01052	0.00510	0.00455
83	0.02161	0.02768	0.01230	0.00937	0.01321	0.00845	0.00774	0.03794	0.07691	0.66296	0.03381	0.01887	0.01396	0.00670	0.00526	0.00163	0.00443	0.02239	0.00618	0.00860
84	0.02125	0.00933	0.01202	0.00954	0.01334	0.00873	0.00777	0.02584	0.16916	0.63260	0.02068	0.01807	0.01350	0.00657	0.00525	0.00164	0.00437	0.00537	0.00621	0.00874
85	0.00634	0.00455	0.00602	0.00720	0.00754	0.00423	0.00481	0.00726	0.01002	0.01331	0.02935	0.79312	0.05450	0.01623	0.00663	0.00211	0.00301	0.01470	0.00483	0.00423
86	0.02309	0.00930	0.01236	0.00947	0.01351	0.00831	0.00783	0.08255	0.01564	0.72989	0.01993	0.01732	0.01258	0.00643	0.00523	0.00161	0.00453	0.00519	0.00635	0.00886
87	0.01192	0.01148	0.01986	0.27104	0.51854	0.01216	0.04901	0.01518	0.01143	0.01585	0.00966	0.01325	0.00783	0.00480	0.00522	0.00161	0.00654	0.00470	0.00250	0.00743
88	0.00703	0.00530	0.00653	0.00628	0.00761	0.00480	0.00470	0.00913	0.01371	0.01869	0.55237	0.06180	0.24099	0.01212	0.02431	0.00184	0.00278	0.00989	0.00541	0.00475
89	0.01392	0.82012	0.02729	0.00891	0.01337	0.02061	0.00891	0.01559	0.01058	0.01225	0.00724	0.00835	0.00668	0.00446	0.00334	0.00111	0.00557	0.00278	0.00223	0.00668
90	0.01352	0.01025	0.01076	0.00957	0.01232	0.05037	0.00752	0.05524	0.40761	0.12301	0.08679	0.02512	0.10200	0.00814	0.00548	0.00172	0.00421	0.03989	0.01916	0.00733
91	0.00737	0.00532	0.00696	0.00655	0.00778	0.00491	0.00491	0.00983	0.01474	0.02088	0.78175	0.03890	0.04914	0.01065	0.00614	0.00164	0.00246	0.00942	0.00573	0.00491
92	0.01289	0.01237	0.02114	0.03196	0.78450	0.01237	0.01598	0.01598	0.01186	0.01701	0.00980	0.01289	0.00825	0.00464	0.00516	0.00155	0.00619	0.00464	0.00258	0.00825
93	0.01171	0.01292	0.02727	0.16073	0.02810	0.01264	0.60858	0.01580	0.01181	0.01588	0.01049	0.01463	0.00807	0.02939	0.00660	0.00185	0.00834	0.00592	0.00259	0.00668
94	0.00983	0.00926	0.01562	0.80447	0.03587	0.01157	0.01446	0.01331	0.01041	0.01331	0.00926	0.01388	0.00694	0.00521	0.00521	0.00174	0.00694	0.00463	0.00231	0.00579
95	0.00839	0.00599	0.00839	0.00959	0.01079	0.00599	0.00839	0.01079	0.01199	0.01558	0.02757	0.05874	0.02997	0.01439	0.00719	0.00240	0.00480	0.74945	0.00480	0.00480
96	0.01045	0.02694	0.79000	0.01484	0.02254	0.01209	0.01924	0.01649	0.01099	0.01649	0.00935	0.01099	0.00660	0.00495	0.00495	0.00165	0.00770	0.00385	0.00220	0.00770
97	0.02317	0.00891	0.01208	0.00929	0.01330	0.00776	0.00767	0.02542	0.02947	0.77343	0.02056	0.01776	0.01295	0.00646	0.00524	0.00161	0.00443	0.00525	0.00642	0.00885
98	0.02273	0.00900	0.01207	0.00935	0.01331	0.00798	0.00769	0.02552	0.06120	0.74144	0.02058	0.01783	0.01307	0.00648	0.00524	0.00162	0.00441	0.00528	0.00638	0.00882
99	0.00802	0.00635	0.00956	0.01002	0.05344	0.00746	0.00731	0.00987	0.00852	0.01236	0.01327	0.01968	0.01244	0.05093	0.68201	0.00749	0.06810	0.00550	0.00275	0.00490
100	0.01245	0.08985	0.47324	0.01610	0.13639	0.01255	0.01591	0.01806	0.07659	0.08381	0.01122	0.01236	0.00820	0.00517	0.00490	0.00159	0.00669	0.00417	0.00289	0.00784
101	0.01295	0.01119	0.01178	0.01060	0.01354	0.01295	0.00824	0.02767	0.77509	0.02178	0.02120	0.01943	0.01590	0.00707	0.00530	0.00177	0.00412	0.00589	0.00530	0.00824
102	0.00634	0.00453	0.00604	0.00725	0.00755	0.00423	0.00483	0.00725	0.00997	0.01329	0.02870	0.81358	0.03444	0.01632	0.00665	0.00211	0.00302	0.01480	0.00483	0.00423
103	0.01229	0.01405	0.03073	0.02195	0.02722	0.01317	0.76558	0.01668	0.01229	0.01668	0.01054	0.01405	0.00790	0.00439	0.00615	0.00176	0.00878	0.00615	0.00263	0.00702
104	0.01392	0.82012	0.02729	0.00891	0.01337	0.02061	0.00891	0.01559	0.01058	0.01225	0.00724	0.00835	0.00668	0.00446	0.00334	0.00111	0.00557	0.00278	0.00223	0.00668
105	0.02336	0.00886	0.01209	0.00927	0.01329	0.00765	0.00765	0.02538	0.01491	0.78810	0.02055	0.01773	0.01289	0.00645	0.00524	0.00161	0.00443	0.00524	0.00645	0.00886
106	0.02336	0.00886	0.01209	0.00927	0.01329	0.00765	0.00765	0.02538	0.01491	0.78810	0.02055	0.01773	0.01289	0.00645	0.00524	0.00161	0.00443	0.00524	0.00645	0.00886
107	0.85377	0.01007	0.00765	0.00685	0.01007	0.01168	0.00564	0.01531	0.00886	0.02336	0.00725	0.00846	0.00564	0.00483	0.00322	0.00161	0.00403	0.00282	0.00322	0.00564
108	0.00634	0.00453	0.00604	0.00725	0.00755	0.00423	0.00483	0.00725	0.00997	0.01329	0.02870	0.81358	0.03444	0.01632	0.00665	0.00211	0.00302	0.01480	0.00483	0.00423
109	0.01594	0.01057	0.01229	0.01118	0.04814	0.01141	0.00842	0.02649	0.52245	0.24165	0.02050	0.01865	0.01469	0.00678	0.00527	0.00171	0.00430	0.00564	0.00551	0.00842
110	0.01233	0.01393	0.03007	0.02264	0.07949	0.01311	0.71384	0.01663	0.01226	0.01670	0.01048	0.01397	0.00793	0.00441	0.00608	0.00174	0.00860	0.00604	0.00263	0.00711
111	0.00634	0.00453	0.00604	0.00725	0.00755	0.00423	0.00483	0.00725	0.00997	0.01329	0.02870	0.81358	0.03444	0.01632	0.00665	0.00211	0.00302	0.01480	0.00483	0.00423
112	0.01980	0.01459	0.01563	0.01198	0.01615	0.01615	0.00990	0.76713	0.02448	0.03282	0.01250	0.01250	0.00886	0.00625	0.00521	0.00156	0.00573	0.00469	0.00521	0.00886
113	0.01973	0.01223	0.01637	0.01237	0.01657	0.01239	0.12002	0.37240	0.01893	0.30468	0.01545	0.03021	0.01068	0.00624	0.00539	0.00162	0.00565	0.00530	0.00527	0.00850
114	0.01608	0.01274	0.01354	0.01123	0.01473	0.01441	0.00900	0.36575	0.43192	0.02683	0.01722	0.01626	0.01268	0.00669	0.00526	0.00167	0.00486	0.00534	0.00526	0.00852
115	0.00730	0.00532	0.00687	0.00648	0.00774	0.00488	0.00486	0.00969	0.01458	0.02050	0.74045	0.03954	0.09068	0.01079	0.00614	0.00164	0.00247	0.00951	0.00568	0.00488
116	0.01045	0.02694	0.79000	0.01484	0.02254	0.01209	0.01924	0.01649	0.01099	0.01649	0.00935	0.01099	0.00660	0.00495	0.00495	0.00165	0.00770	0.00385	0.00220	0.00770
117	0.01362	0.75101	0.09374	0.00943	0.01417	0.01986	0.00981	0.01567	0.01062	0.01262	0.00742	0.00858	0.00668	0.00450	0.00348	0.00116	0.00575	0.00288	0.00223	0.00677
118	0.00737	0.00532	0.00696	0.00655	0.00778	0.00491	0.00491	0.00983	0.01474	0.02088	0.78175	0.03890	0.04914	0.01065	0.00614	0.00164	0.00246	0.00942	0.00573	0.00491
119	0.00757	0.00505	0.00568	0.00568	0.00568	0.00505	0.00316	0.00757	0.00757	0.01010	0.01641	0.03408	0.01893	0.81698	0.02651	0.00505	0.00505	0.00757	0.00316	0.00316
120	0.02278	0.00981	0.01267	0.00971	0.01376	0.00905	0.00802	0.14752	0.01648	0.66373	0.01922	0.01687	0.01223	0.00641	0.00523	0.00160	0.00465	0.00515	0.00624	0.00886
121	0.01980	0.01459	0.01563	0.01198	0.01615	0.01615	0.00990	0.76713	0.02448	0.03282	0.01250	0.01250	0.00886	0.00625	0.00521	0.00156	0.00573	0.00469	0.00521	0.00886
122	0.83710	0.01012	0.00792	0.00735	0.02542	0.01170	0.00584	0.01532	0.00892	0.02324	0.00730	0.00855	0.00569	0.00483	0.00326	0.00161	0.00407	0.00286	0.00321	0.00569
123	0.01446	0.74341	0.02608	0.00935	0.01363	0.09540	0.00902	0.01610	0.01098	0.01230	0.00732	0.00845	0.00669	0.00454	0.00347	0.00114	0.00594	0.00284	0.00227	0.00662
124	0.00634	0.00453	0.00604	0.00725	0.00755	0.00423	0.00483	0.00725	0.00997	0.01329	0.02870	0.81358	0.03444	0.01632	0.00665	0.00211	0.00302	0.01480	0.00483	0.00423
125	0.01080	0.00926	0.01080	0.00771	0.01234	0.00694	0.00617	0.01311	0.01080	0.01697	0.00926	0.01080	0.00771	0.00386	0.00386	0.00077	0.00386	0.00309	0.00309	0.84882
126	0.01039	0.00993	0.01714	0.62011	0.15681	0.01164	0.05512	0.01380	0.01074	0.01409	0.00981	0.02996	0.00776	0.00530	0.00528	0.00171	0.00684	0.00492	0.00243	0.00622
127	0.02246	0.00866	0.01180	0.00911	0.01298	0.00750	0.00750	0.02450	0.01490	0.74464	0.06367	0.01892	0.01494	0.00668	0.00529	0.00161	0.00432	0.00547	0.00641	0.00864
128	0.02336	0.00886	0.01209	0.00927	0.01329	0.00765	0.00765	0.02538	0.01491	0.78810	0.02055	0.01773	0.01289	0.00645	0.00524	0.00161	0.00443	0.00524	0.00645	0.00886
129	0.01057	0.05646	0.76161	0.01462	0.02220	0.01241	0.01886	0.01646	0.01098	0.01633	0.00927	0.01090	0.00660	0.00493	0.00489	0.00163	0.00762	0.00381	0.00220	0.00766
130	0.01292	0.01119	0.01186	0.01066	0.01354	0.01301	0.00831	0.02737	0.75952	0.02160	0.02090	0.01927	0.01571	0.00711	0.00554	0.00178	0.02042	0.00586	0.00524	0.00819
131	0.00634	0.00453	0.00604	0.00725	0.00755	0.00423	0.00483	0.00725	0.00997	0.01329	0.02870	0.81358	0.03444	0.01632	0.00665	0.00211	0.00302	0.01480	0.00483	0.00423
132	0.02330	0.00897	0.01215	0.00932	0.01335	0.00781	0.00770	0.03943	0.01509	0.77380	0.02039	0.01763	0.01281	0.00644	0.00524	0.00161	0.00446	0.00523	0.00642	0.00886
133	0.01774	0.02046	0.01574	0.01353	0.01664	0.51137	0.07601	0.09922	0.14656	0.01674	0.01100	0.01185	0.00862	0.00567	0.00498	0.00147	0.00805	0.00417	0.00339	0.00680
134	0.00839	0.00599	0.00839	0.00959	0.01079	0.00599	0.00839	0.01079	0.01199	0.01558	0.02757	0.05874	0.02997	0.01439	0.00719	0.00240	0.00480	0.74945	0.00480	0.00480
135	0.00983	0.00926	0.01562	0.80447	0.03587	0.01157	0.01446	0.01331	0.01041	0.01331	0.00926	0.01388	0.00694	0.00521	0.00521	0.00174	0.00694	0.00463	0.00231	0.00579
136	0.01187	0.01225	0.01581	0.11304	0.01666	0.08068	0.01167	0.01332	0.00885	0.01265	0.00724	0.01154	0.00684	0.00831	0.01456	0.00213	0.64006	0.00447	0.00232	0.00574
137	0.00971	0.00485	0.00485	0.00485	0.00607	0.00485	0.00364	0.01213	0.01092	0.01942	0.01699	0.01942	0.01335	0.00607	0.00364	0.00121	0.00243	0.00485	0.84589	0.00485
138	0.00634	0.00453	0.00604	0.00725	0.00755	0.00423	0.00483	0.00725	0.00997	0.01329	0.02870	0.81358	0.03444	0.01632	0.00665	0.00211	0.00302	0.01480	0.00483	0.00423
139	0.01927	0.01471	0.05907	0.01188	0.01619	0.01514	0.01019	0.63816	0.05275	0.08963	0.01329	0.01309	0.00932	0.00622	0.00520	0.00158	0.00568	0.00473	0.00514	0.00877
140	0.02092	0.00832	0.01130	0.00885	0.01245	0.00723	0.00723	0.02300	0.01488	0.67077	0.13696	0.02096	0.01843	0.00709	0.00538	0.00162	0.00413	0.00588	0.00634	0.00826
141	0.00737	0.00532	0.00696	0.00655	0.00778	0.00491	0.00491	0.00983	0.01474	0.02088	0.78175	0.03890	0.04914	0.01065	0.00614	0.00164	0.00246	0.00942	0.00573	0.00491
142	0.85377	0.01007	0.00765	0.00685	0.01007	0.01168	0.00564	0.01531	0.00886	0.02336	0.00725	0.00846	0.00564	0.00483	0.00322	0.00161	0.00403	0.00282	0.00322	0.00564
143	0.01045	0.02694	0.79000	0.01484	0.02254	0.01209	0.01924	0.01649	0.01099	0.01649	0.00935	0.01099	0.00660	0.00495	0.00495	0.00165	0.00770	0.00385	0.00220	0.00770
144	0.00737	0.00532	0.00696	0.00655	0.00778	0.00491	0.00491	0.00983	0.01474	0.02088	0.78175	0.03890	0.04914	0.01065	0.00614	0.00164	0.00246	0.00942	0.00573	0.00491

[dist]
# distance from previous block
# <min> <max>
0	1

[block]
# block no. 2 follows, 47 sequences, length 77
# corresponding to MSA columns:
# 245-279,281-292,339-352,354-369
name=unknown_C
#
# <colnr> <probs for GDERKNQSTAVLIFYWHMCP>
#	G	D	E	R	K	N	Q	S	T	A	V	L	I	F	Y	W	H	M	C	P
0	0.02144	0.00892	0.01189	0.00903	0.01315	0.00755	0.00743	0.02350	0.01428	0.67002	0.01882	0.01666	0.01210	0.00605	0.00503	0.00148	0.00434	0.00491	0.00593	0.13748
1	0.01045	0.02694	0.79000	0.01484	0.02254	0.01209	0.01924	0.01649	0.01099	0.01649	0.00935	0.01099	0.00660	0.00495	0.00495	0.00165	0.00770	0.00385	0.00220	0.00770
2	0.00757	0.00505	0.00568	0.00568	0.00568	0.00505	0.00316	0.00757	0.00757	0.01010	0.01641	0.03408	0.01893	0.81698	0.02651	0.00505	0.00505	0.00757	0.00316	0.00316
3	0.02329	0.00898	0.01216	0.00932	0.01335	0.00783	0.00770	0.04073	0.01510	0.77248	0.02038	0.01762	0.01281	0.00644	0.00524	0.00161	0.00446	0.00523	0.00642	0.00886
4	0.01907	0.08017	0.01563	0.01310	0.01591	0.74211	0.00998	0.02043	0.01447	0.01271	0.00799	0.00932	0.00671	0.00530	0.00460	0.00133	0.00913	0.00331	0.00265	0.00608
5	0.00691	0.00531	0.00632	0.00607	0.00750	0.00472	0.00455	0.00893	0.01365	0.01829	0.50431	0.04317	0.32820	0.01161	0.00615	0.00168	0.00253	0.01002	0.00539	0.00472
6	0.01030	0.00973	0.01646	0.68618	0.15050	0.01169	0.01470	0.01372	0.01063	0.01387	0.00934	0.01373	0.00714	0.00512	0.00520	0.00171	0.00683	0.00463	0.00235	0.00616
7	0.01202	0.01149	0.01957	0.25210	0.57116	0.01214	0.01555	0.01522	0.01145	0.01596	0.00964	0.01317	0.00788	0.00480	0.00517	0.00160	0.00640	0.00464	0.00250	0.00755
8	0.01229	0.01405	0.03073	0.02195	0.02722	0.01317	0.76558	0.01668	0.01229	0.01668	0.01054	0.01405	0.00790	0.00439	0.00615	0.00176	0.00878	0.00615	0.00263	0.00702
9	0.00634	0.00453	0.00604	0.00725	0.00755	0.00423	0.00483	0.00725	0.00997	0.01329	0.02870	0.81358	0.03444	0.01632	0.00665	0.00211	0.00302	0.01480	0.00483	0.00423
10	0.06914	0.02576	0.73555	0.01429	0.02167	0.01207	0.01829	0.01641	0.01085	0.01697	0.00920	0.01082	0.00653	0.00494	0.00483	0.00165	0.00744	0.00378	0.00227	0.00755
11	0.04459	0.00577	0.00735	0.00675	0.00826	0.00539	0.00514	0.01114	0.01450	0.07438	0.69574	0.03613	0.04476	0.01011	0.00595	0.00163	0.00266	0.00885	0.00568	0.00522
12	0.00634	0.00453	0.00604	0.00725	0.00755	0.00423	0.00483	0.00725	0.00997	0.01329	0.02870	0.81358	0.03444	0.01632	0.00665	0.00211	0.00302	0.01480	0.00483	0.00423
13	0.01045	0.02694	0.79000	0.01484	0.02254	0.01209	0.01924	0.01649	0.01099	0.01649	0.00935	0.01099	0.00660	0.00495	0.00495	0.00165	0.00770	0.00385	0.00220	0.00770
14	0.01366	0.71260	0.11365	0.00965	0.01447	0.01954	0.01011	0.03197	0.01093	0.01318	0.00759	0.00874	0.00672	0.00455	0.00356	0.00118	0.00581	0.00295	0.00229	0.00685
15	0.00991	0.00933	0.01575	0.78553	0.05421	0.01159	0.01450	0.01337	0.01045	0.01340	0.00927	0.01386	0.00697	0.00519	0.00521	0.00173	0.00692	0.00463	0.00232	0.00585
16	0.00634	0.00453	0.00604	0.00725	0.00755	0.00423	0.00483	0.00725	0.00997	0.01329	0.02870	0.81358	0.03444	0.01632	0.00665	0.00211	0.00302	0.01480	0.00483	0.00423
17	0.01249	0.49389	0.34098	0.01135	0.01714	0.01711	0.01316	0.01596	0.01075	0.01400	0.00811	0.00944	0.00665	0.00466	0.00400	0.00133	0.00644	0.00322	0.00222	0.00710
18	0.14276	0.03979	0.15160	0.01082	0.01526	0.04968	0.01013	0.18610	0.08788	0.23457	0.01383	0.01346	0.00959	0.00584	0.00480	0.00159	0.00549	0.00440	0.00451	0.00791
19	0.00832	0.00595	0.00830	0.00939	0.01059	0.00592	0.00816	0.01072	0.01217	0.01594	0.07849	0.05740	0.03126	0.01413	0.00712	0.00235	0.00464	0.69949	0.00486	0.00480
20	0.00737	0.00532	0.00696	0.00655	0.00778	0.00491	0.00491	0.00983	0.01474	0.02088	0.78175	0.03890	0.04914	0.01065	0.00614	0.00164	0.00246	0.00942	0.00573	0.00491
21	0.01217	0.01385	0.03022	0.02165	0.02681	0.01299	0.74991	0.01649	0.01224	0.01661	0.01091	0.03052	0.00845	0.00464	0.00616	0.00176	0.00866	0.00632	0.00268	0.00697
22	0.01109	0.00943	0.01095	0.00785	0.01246	0.00724	0.00629	0.03735	0.01124	0.01748	0.00936	0.01085	0.00775	0.00393	0.00390	0.00080	0.00392	0.00314	0.00315	0.82182
23	0.01005	0.00944	0.01590	0.69152	0.11759	0.01140	0.01430	0.01339	0.01056	0.01371	0.00999	0.04147	0.00804	0.00553	0.00525	0.00173	0.00672	0.00498	0.00243	0.00600
24	0.00633	0.00458	0.00600	0.00713	0.00752	0.00424	0.00478	0.00726	0.01008	0.01334	0.03014	0.76803	0.07907	0.01613	0.00662	0.00209	0.00300	0.01458	0.00483	0.00424
25	0.01425	0.03868	0.01224	0.01004	0.01302	0.01207	0.00794	0.16886	0.41351	0.08689	0.09359	0.04863	0.01796	0.03105	0.00596	0.00179	0.00434	0.00621	0.00523	0.00774
26	0.01354	0.73249	0.11155	0.00957	0.01438	0.01967	0.01005	0.01569	0.01063	0.01272	0.00747	0.00865	0.00667	0.00451	0.00352	0.00117	0.00580	0.00290	0.00222	0.00679
27	0.02336	0.00886	0.01209	0.00927	0.01329	0.00765	0.00765	0.02538	0.01491	0.78810	0.02055	0.01773	0.01289	0.00645	0.00524	0.00161	0.00443	0.00524	0.00645	0.00886
28	0.00635	0.00464	0.00594	0.00696	0.00744	0.00427	0.00468	0.00729	0.01014	0.01330	0.03136	0.69738	0.12696	0.03784	0.00713	0.00215	0.00303	0.01413	0.00479	0.00422
29	0.01682	0.01339	0.01417	0.01147	0.01493	0.05830	0.03098	0.47548	0.16646	0.02693	0.01517	0.07011	0.01217	0.02687	0.00582	0.00171	0.00545	0.00566	0.02011	0.00799
30	0.01765	0.02020	0.01549	0.01342	0.01613	0.54713	0.07280	0.03383	0.01380	0.06736	0.00961	0.01144	0.00779	0.00832	0.06910	0.00202	0.06069	0.00400	0.00297	0.00624
31	0.01003	0.00950	0.01577	0.72411	0.05055	0.01194	0.01425	0.01330	0.01025	0.01333	0.00907	0.01366	0.00696	0.00551	0.00616	0.00177	0.07107	0.00462	0.00232	0.00583
32	0.01279	0.01227	0.02096	0.05679	0.76044	0.01235	0.01593	0.01590	0.01181	0.01689	0.00978	0.01292	0.00821	0.00466	0.00516	0.00155	0.00621	0.00464	0.00257	0.00817
33	0.00826	0.02842	0.00777	0.00677	0.00829	0.00570	0.00517	0.01102	0.04075	0.04929	0.65115	0.03740	0.09948	0.01038	0.00600	0.00164	0.00269	0.00907	0.00558	0.00519
34	0.01343	0.64596	0.15580	0.01066	0.03652	0.03599	0.01088	0.01587	0.01078	0.01311	0.00769	0.00895	0.00671	0.00456	0.00369	0.00122	0.00603	0.00303	0.00224	0.00688
35	0.01359	0.07949	0.01103	0.00808	0.01073	0.00837	0.00654	0.07862	0.05366	0.23141	0.35408	0.02791	0.07783	0.00856	0.00553	0.00159	0.00364	0.00721	0.00549	0.00662
36	0.01714	0.00819	0.01055	0.00868	0.01173	0.00767	0.00695	0.02123	0.13126	0.44856	0.24110	0.02412	0.02385	0.00776	0.00551	0.00164	0.00381	0.00655	0.00606	0.00762
37	0.01220	0.01384	0.02985	0.03898	0.02691	0.01324	0.72101	0.01645	0.01209	0.01645	0.01037	0.01395	0.00784	0.00458	0.00653	0.00177	0.03832	0.00605	0.00261	0.00695
38	0.08355	0.52095	0.16685	0.01160	0.06856	0.04456	0.01109	0.01594	0.01075	0.01432	0.00784	0.00921	0.00669	0.00462	0.00380	0.00129	0.00601	0.00313	0.00235	0.00687
39	0.00684	0.00488	0.00660	0.00774	0.00825	0.00469	0.00559	0.00807	0.01028	0.01366	0.02768	0.61174	0.03243	0.03455	0.03455	0.00246	0.00381	0.16712	0.00472	0.00434
40	0.00984	0.00912	0.01530	0.75913	0.03435	0.01140	0.01403	0.01305	0.01023	0.01313	0.00920	0.01391	0.00702	0.00576	0.00600	0.03310	0.02284	0.00462	0.00231	0.00565
41	0.40296	0.10946	0.03493	0.06384	0.01446	0.08300	0.04549	0.03090	0.01121	0.12183	0.03230	0.01146	0.00839	0.00525	0.00409	0.00154	0.00528	0.00373	0.00347	0.00641
42	0.00615	0.00528	0.00528	0.00528	0.00703	0.00440	0.00396	0.00747	0.01187	0.01407	0.05276	0.05012	0.78238	0.01319	0.00615	0.00176	0.00264	0.01099	0.00484	0.00440
43	0.00634	0.00453	0.00604	0.00725	0.00755	0.00423	0.00483	0.00725	0.00997	0.01329	0.02870	0.81358	0.03444	0.01632	0.00665	0.00211	0.00302	0.01480	0.00483	0.00423
44	0.00685	0.00584	0.00600	0.00607	0.00766	0.02240	0.00451	0.00871	0.03954	0.01478	0.10473	0.14703	0.57022	0.01302	0.00617	0.00180	0.00291	0.02228	0.00487	0.00460
45	0.01109	0.00944	0.01515	0.66956	0.04528	0.01143	0.01350	0.01539	0.07463	0.06800	0.01105	0.01460	0.00813	0.00544	0.00522	0.00173	0.00652	0.00478	0.00286	0.00625
46	0.00615	0.00528	0.00528	0.00528	0.00703	0.00440	0.00396	0.00747	0.01187	0.01407	0.05276	0.05012	0.78238	0.01319	0.00615	0.00176	0.00264	0.01099	0.00484	0.00440
47	0.73845	0.02477	0.03207	0.02490	0.01148	0.06643	0.00660	0.01569	0.00940	0.02202	0.00741	0.00872	0.00579	0.00488	0.00342	0.00159	0.00460	0.00293	0.00312	0.00575
48	0.00983	0.00926	0.01562	0.80447	0.03587	0.01157	0.01446	0.01331	0.01041	0.01331	0.00926	0.01388	0.00694	0.00521	0.00521	0.00174	0.00694	0.00463	0.00231	0.00579
49	0.00755	0.00512	0.00605	0.00605	0.00618	0.00525	0.00362	0.00781	0.00768	0.01037	0.01607	0.03219	0.01811	0.70898	0.13339	0.00551	0.00628	0.00730	0.00310	0.00336
50	0.01358	0.01260	0.02065	0.04348	0.66901	0.01279	0.03220	0.09893	0.01324	0.01869	0.01010	0.01289	0.00828	0.00482	0.00518	0.00156	0.00621	0.00468	0.00287	0.00824
51	0.01980	0.01459	0.01563	0.01198	0.01615	0.01615	0.00990	0.76713	0.02448	0.03282	0.01250	0.01250	0.00886	0.00625	0.00521	0.00156	0.00573	0.00469	0.00521	0.00886
52	0.00642	0.00462	0.00611	0.00727	0.00766	0.00431	0.00494	0.00740	0.01012	0.01341	0.02955	0.75513	0.06196	0.01612	0.00665	0.00211	0.00308	0.04403	0.00483	0.00426
53	0.01045	0.02694	0.79000	0.01484	0.02254	0.01209	0.01924	0.01649	0.01099	0.01649	0.00935	0.01099	0.00660	0.00495	0.00495	0.00165	0.00770	0.00385	0.00220	0.00770
54	0.01055	0.00790	0.01209	0.01058	0.01264	0.00770	0.13346	0.08861	0.03930	0.07971	0.09072	0.38296	0.02601	0.01153	0.00625	0.00192	0.00449	0.06306	0.00473	0.00578
55	0.01177	0.01261	0.02145	0.01666	0.01917	0.05394	0.33568	0.01440	0.01023	0.01428	0.00925	0.01340	0.00795	0.01008	0.09477	0.00265	0.33776	0.00529	0.00251	0.00617
56	0.00744	0.00558	0.00837	0.00837	0.00930	0.00651	0.00651	0.00930	0.00837	0.01209	0.01395	0.02046	0.01302	0.03906	0.79635	0.00837	0.01395	0.00558	0.00279	0.00465
57	0.01325	0.01081	0.01147	0.01013	0.01310	0.01218	0.00793	0.09469	0.59906	0.04855	0.02365	0.02192	0.09494	0.00761	0.00538	0.00174	0.00413	0.00628	0.00528	0.00792
58	0.01247	0.01189	0.02023	0.09570	0.69460	0.01208	0.01559	0.01558	0.01174	0.01665	0.01038	0.01459	0.00891	0.00503	0.00523	0.00159	0.00620	0.03098	0.00263	0.00792
59	0.00720	0.00534	0.00674	0.00655	0.00785	0.00488	0.00498	0.00941	0.01392	0.01913	0.58332	0.06474	0.17420	0.01150	0.00623	0.00172	0.00266	0.05936	0.00549	0.00480
60	0.03557	0.01086	0.01563	0.19794	0.01874	0.01480	0.01194	0.01279	0.00857	0.01303	0.00741	0.01189	0.00683	0.00808	0.01391	0.00213	0.59731	0.00452	0.00231	0.00572
61	0.00705	0.00500	0.00654	0.00732	0.00809	0.00466	0.00531	0.00846	0.01124	0.02775	0.14292	0.50180	0.11018	0.01472	0.00658	0.00204	0.00317	0.11767	0.00499	0.00451
62	0.01237	0.01221	0.03694	0.14988	0.65336	0.01224	0.01582	0.01558	0.01162	0.01643	0.00970	0.01300	0.00801	0.00473	0.00516	0.00158	0.00634	0.00462	0.00253	0.00786
63	0.01124	0.00948	0.01102	0.00797	0.01249	0.00746	0.00639	0.05656	0.01153	0.01778	0.00955	0.01111	0.00790	0.00478	0.02150	0.00099	0.00419	0.00323	0.00320	0.78162
64	0.00623	0.00496	0.00560	0.00610	0.00725	0.00433	0.00432	0.00738	0.01107	0.01374	0.04266	0.37051	0.46851	0.01450	0.00636	0.00191	0.00280	0.01259	0.00484	0.00433
65	0.01223	0.01178	0.02029	0.19321	0.60359	0.01223	0.03976	0.01544	0.01157	0.01623	0.00971	0.01313	0.00796	0.00475	0.00520	0.00159	0.00643	0.00469	0.00252	0.00769
66	0.01209	0.01276	0.02365	0.15334	0.26145	0.04129	0.35049	0.01568	0.01188	0.01596	0.01121	0.03200	0.02306	0.00507	0.00564	0.00168	0.00745	0.00561	0.00266	0.00705
67	0.00753	0.00483	0.00646	0.00739	0.00795	0.00447	0.00503	0.00851	0.01031	0.06722	0.02813	0.75820	0.03294	0.01563	0.00655	0.00208	0.00312	0.01414	0.00495	0.00455
68	0.00905	0.00452	0.00678	0.00678	0.00678	0.00452	0.00452	0.00678	0.00678	0.00905	0.00905	0.01583	0.00905	0.01809	0.02035	0.84848	0.00452	0.00452	0.00226	0.00226
69	0.02630	0.09488	0.70994	0.01418	0.02152	0.01282	0.01810	0.01639	0.01092	0.01625	0.00913	0.01072	0.00659	0.00490	0.00478	0.00160	0.00745	0.00374	0.00222	0.00757
70	0.04401	0.57682	0.19047	0.03324	0.01575	0.01782	0.01109	0.01558	0.01070	0.01380	0.02523	0.00978	0.00759	0.00474	0.00380	0.00128	0.00594	0.00322	0.00234	0.00680
71	0.00757	0.00507	0.00580	0.00580	0.00584	0.00512	0.00331	0.00765	0.00761	0.01019	0.01630	0.03346	0.01866	0.78158	0.06154	0.00520	0.00545	0.00748	0.00314	0.00322
72	0.01288	0.58326	0.25504	0.01068	0.01611	0.01806	0.01200	0.01586	0.01070	0.01352	0.00787	0.00914	0.00666	0.00460	0.00382	0.00127	0.00620	0.00310	0.00222	0.00699
73	0.01376	0.00955	0.01109	0.00965	0.01206	0.01017	0.00755	0.29736	0.07770	0.09105	0.10094	0.25170	0.02209	0.01005	0.00612	0.00180	0.02626	0.02909	0.00518	0.00684
74	0.10414	0.01038	0.01650	0.38359	0.32132	0.01161	0.01367	0.01441	0.01099	0.01617	0.04220	0.01397	0.00910	0.00518	0.00501	0.00164	0.00614	0.00464	0.00266	0.00668
