[name]
unknown

[dist]
# distance from previous block
# <min> <max>
18	212

[block]
# block no. 0 follows, 52 sequences, length 16
# corresponding to MSA columns:
# 217-232
name=unknown_A
#
# <colnr> <probs for GDERKNQSTAVLIFYWHMCP>
#	G	D	E	R	K	N	Q	S	T	A	V	L	I	F	Y	W	H	M	C	P
0	0.04204	0.11077	0.05790	0.04865	0.04617	0.02750	0.04628	0.20231	0.01337	0.09784	0.03771	0.04488	0.02849	0.04081	0.00654	0.00161	0.08488	0.00479	0.00356	0.05388
1	0.04834	0.05248	0.05260	0.02309	0.03340	0.02255	0.02324	0.24514	0.01455	0.11037	0.08564	0.05775	0.01289	0.00616	0.00502	0.00138	0.03517	0.00490	0.01992	0.14540
2	0.06426	0.01039	0.04510	0.00961	0.01290	0.01009	0.03347	0.23801	0.06548	0.25096	0.01642	0.08470	0.04174	0.00681	0.00526	0.00153	0.03508	0.00548	0.02591	0.03680
3	0.04839	0.01056	0.01128	0.00921	0.01220	0.02951	0.00736	0.33657	0.13226	0.04641	0.07434	0.05285	0.03878	0.02197	0.00537	0.00150	0.02332	0.00528	0.03122	0.10163
4	0.03446	0.00690	0.04186	0.04969	0.05663	0.00627	0.03201	0.01013	0.05387	0.01479	0.17481	0.26865	0.09615	0.09450	0.00752	0.00200	0.00372	0.02380	0.00404	0.01819
5	0.21770	0.05947	0.01225	0.00975	0.01287	0.20141	0.00780	0.18441	0.18508	0.02021	0.01090	0.01121	0.00835	0.00531	0.00417	0.00141	0.00537	0.00375	0.00365	0.03494
6	0.00915	0.00861	0.01453	0.81804	0.03338	0.01077	0.01346	0.01238	0.00969	0.01238	0.00861	0.01292	0.00646	0.00484	0.00484	0.00161	0.00646	0.00431	0.00215	0.00538
7	0.00915	0.00861	0.01453	0.81804	0.03338	0.01077	0.01346	0.01238	0.00969	0.01238	0.00861	0.01292	0.00646	0.00484	0.00484	0.00161	0.00646	0.00431	0.00215	0.00538
8	0.06477	0.06947	0.13752	0.11467	0.05306	0.01234	0.23292	0.05478	0.03643	0.04877	0.00979	0.02773	0.00771	0.00529	0.00617	0.00161	0.10320	0.00462	0.00271	0.00643
9	0.00657	0.00457	0.00540	0.00575	0.00601	0.00440	0.00355	0.00702	0.00832	0.01099	0.04847	0.28491	0.08805	0.47557	0.01659	0.00347	0.00383	0.00950	0.00364	0.00341
10	0.00800	0.00513	0.00615	0.00620	0.00756	0.00454	0.00456	0.00924	0.01084	0.11225	0.07780	0.28464	0.35467	0.04547	0.00657	0.00187	0.00294	0.04233	0.00467	0.00456
11	0.12895	0.00944	0.01117	0.00965	0.04492	0.00970	0.00743	0.18743	0.07934	0.32873	0.02869	0.04122	0.01168	0.02366	0.05425	0.00196	0.00486	0.00491	0.00478	0.00723
12	0.07439	0.13363	0.19596	0.03269	0.04925	0.01164	0.12850	0.01492	0.01026	0.11529	0.01095	0.06636	0.00911	0.00704	0.03964	0.00182	0.08453	0.00472	0.00290	0.00639
13	0.01513	0.01074	0.01204	0.01009	0.01311	0.01200	0.00809	0.19414	0.43414	0.16231	0.01703	0.01592	0.01234	0.00641	0.00554	0.00160	0.05162	0.00505	0.00494	0.00776
14	0.01763	0.00841	0.01061	0.00863	0.01176	0.00807	0.00692	0.05349	0.16859	0.50813	0.06635	0.05223	0.01547	0.03372	0.00564	0.00165	0.00397	0.00565	0.00553	0.00755
15	0.09004	0.00897	0.01089	0.00877	0.01216	0.00877	0.00712	0.08576	0.14159	0.51136	0.01787	0.04929	0.01241	0.00633	0.00478	0.00154	0.00409	0.00511	0.00541	0.00772

[dist]
# distance from previous block
# <min> <max>
17	34

[block]
# block no. 1 follows, 52 sequences, length 17
# corresponding to MSA columns:
# 267-283
name=unknown_B
#
# <colnr> <probs for GDERKNQSTAVLIFYWHMCP>
#	G	D	E	R	K	N	Q	S	T	A	V	L	I	F	Y	W	H	M	C	P
0	0.00676	0.00527	0.00760	0.00996	0.11955	0.00502	0.00595	0.00791	0.00958	0.01288	0.02490	0.68671	0.05228	0.01355	0.00597	0.00188	0.00322	0.01232	0.00420	0.00447
1	0.01171	0.00856	0.01022	0.00738	0.01161	0.00655	0.00594	0.01382	0.01059	0.12756	0.01011	0.01096	0.00786	0.00393	0.00377	0.00083	0.00366	0.00316	0.00332	0.73845
2	0.00717	0.12257	0.00827	0.00584	0.00769	0.00650	0.00464	0.02467	0.01124	0.01385	0.12286	0.11990	0.50591	0.01102	0.00538	0.00157	0.00292	0.00922	0.00426	0.00452
3	0.01238	0.62760	0.20033	0.00965	0.01443	0.04022	0.01049	0.01484	0.01005	0.01230	0.00720	0.00835	0.00620	0.00427	0.00348	0.00115	0.00573	0.00283	0.00208	0.00641
4	0.01012	0.00844	0.01088	0.03437	0.10730	0.00695	0.00696	0.01241	0.01078	0.03771	0.12091	0.01426	0.01282	0.00468	0.00411	0.00097	0.00377	0.00398	0.00323	0.58535
5	0.63928	0.10928	0.00976	0.00672	0.01004	0.01125	0.00569	0.01399	0.00870	0.01964	0.00701	0.00817	0.00564	0.00433	0.00310	0.00133	0.00390	0.00266	0.00287	0.12666
6	0.00672	0.00485	0.00636	0.00619	0.00721	0.00448	0.00456	0.00880	0.01309	0.01843	0.68752	0.14844	0.04378	0.01066	0.00578	0.00159	0.00236	0.00948	0.00522	0.00448
7	0.00831	0.00609	0.00741	0.00681	0.00827	0.00595	0.00516	0.11865	0.01429	0.01973	0.54194	0.12942	0.08888	0.01012	0.00565	0.00158	0.00279	0.00885	0.00511	0.00498
8	0.01560	0.01124	0.01255	0.01313	0.01426	0.00971	0.00869	0.01394	0.01517	0.02115	0.03328	0.72320	0.03715	0.01975	0.00987	0.00357	0.00614	0.01536	0.00736	0.00888
9	0.00590	0.00422	0.00562	0.00675	0.00703	0.00394	0.00450	0.00675	0.00928	0.01237	0.02671	0.82653	0.03205	0.01518	0.00619	0.00197	0.00281	0.01378	0.00450	0.00394
10	0.01296	0.83261	0.02539	0.00829	0.01244	0.01917	0.00829	0.01451	0.00985	0.01140	0.00674	0.00777	0.00622	0.00415	0.00311	0.00104	0.00518	0.00259	0.00207	0.00622
11	0.00599	0.00490	0.00529	0.00532	0.00678	0.00420	0.00399	0.00740	0.01142	0.01418	0.17628	0.08647	0.60706	0.01205	0.00577	0.00165	0.00250	0.02993	0.00464	0.00418
12	0.02124	0.00866	0.01146	0.00882	0.01255	0.00779	0.00728	0.07377	0.03688	0.72931	0.01864	0.01622	0.01183	0.00600	0.00487	0.00150	0.00419	0.00486	0.00589	0.00823
13	0.00705	0.00470	0.00529	0.00529	0.00529	0.00470	0.00294	0.00705	0.00705	0.00940	0.01527	0.03171	0.01762	0.82969	0.02467	0.00470	0.00470	0.00705	0.00294	0.00294
14	0.00749	0.00562	0.00702	0.00655	0.00789	0.00548	0.00495	0.01116	0.10811	0.01953	0.70249	0.03400	0.04197	0.00950	0.00562	0.00154	0.00247	0.00836	0.00529	0.00495
15	0.11432	0.00943	0.00996	0.00740	0.01146	0.04085	0.00592	0.03131	0.01029	0.01670	0.00841	0.00977	0.00693	0.00381	0.00358	0.00085	0.00387	0.00289	0.00292	0.69934
16	0.01274	0.62950	0.09410	0.00914	0.01333	0.04666	0.00913	0.01613	0.10489	0.01285	0.00852	0.00928	0.00725	0.00451	0.00351	0.00116	0.00533	0.00305	0.00243	0.00646

[dist]
# distance from previous block
# <min> <max>
0	2

[block]
# block no. 2 follows, 52 sequences, length 82
# corresponding to MSA columns:
# 286-331,341-376
name=unknown_C
#
# <colnr> <probs for GDERKNQSTAVLIFYWHMCP>
#	G	D	E	R	K	N	Q	S	T	A	V	L	I	F	Y	W	H	M	C	P
0	0.01650	0.07786	0.01648	0.01405	0.09867	0.32347	0.06543	0.26833	0.04086	0.01889	0.00952	0.01057	0.00740	0.00511	0.00459	0.00136	0.00685	0.00388	0.00330	0.00687
1	0.01031	0.01021	0.01478	0.17326	0.01684	0.01403	0.01117	0.01181	0.00787	0.01181	0.00681	0.01106	0.00638	0.00776	0.01370	0.00202	0.65848	0.00425	0.00213	0.00532
2	0.86392	0.00937	0.00712	0.00637	0.00937	0.01087	0.00525	0.01425	0.00825	0.02174	0.00675	0.00787	0.00525	0.00450	0.00300	0.00150	0.00375	0.00262	0.00300	0.00525
3	0.00705	0.00470	0.00529	0.00529	0.00529	0.00470	0.00294	0.00705	0.00705	0.00940	0.01527	0.03171	0.01762	0.82969	0.02467	0.00470	0.00470	0.00705	0.00294	0.00294
4	0.00594	0.00424	0.00565	0.00673	0.00704	0.00396	0.00450	0.00683	0.00943	0.01261	0.05245	0.80011	0.03251	0.01501	0.00617	0.00195	0.00279	0.01361	0.00453	0.00396
5	0.00590	0.00422	0.00562	0.00675	0.00703	0.00394	0.00450	0.00675	0.00928	0.01237	0.02671	0.82653	0.03205	0.01518	0.00619	0.00197	0.00281	0.01378	0.00450	0.00394
6	0.86392	0.00937	0.00712	0.00637	0.00937	0.01087	0.00525	0.01425	0.00825	0.02174	0.00675	0.00787	0.00525	0.00450	0.00300	0.00150	0.00375	0.00262	0.00300	0.00525
7	0.01236	0.01056	0.01113	0.00992	0.01272	0.01220	0.00775	0.06272	0.75323	0.02077	0.01933	0.01777	0.01447	0.00654	0.00493	0.00163	0.00391	0.00542	0.00493	0.00770
8	0.00915	0.00861	0.01453	0.81804	0.03338	0.01077	0.01346	0.01238	0.00969	0.01238	0.00861	0.01292	0.00646	0.00484	0.00484	0.00161	0.00646	0.00431	0.00215	0.00538
9	0.01144	0.01307	0.02859	0.02042	0.02533	0.01225	0.78186	0.01552	0.01144	0.01552	0.00980	0.01307	0.00735	0.00408	0.00572	0.00163	0.00817	0.00572	0.00245	0.00654
10	0.01205	0.01041	0.01096	0.00986	0.01260	0.01205	0.00767	0.02575	0.79071	0.02027	0.01972	0.01808	0.01479	0.00657	0.00493	0.00164	0.00384	0.00548	0.00493	0.00767
11	0.00580	0.00463	0.00520	0.00565	0.00674	0.00403	0.00401	0.00687	0.01033	0.01280	0.04009	0.36022	0.48972	0.01344	0.00591	0.00177	0.00260	0.01165	0.00450	0.00403
12	0.00601	0.00429	0.00574	0.00687	0.00720	0.00403	0.00468	0.00693	0.00938	0.01249	0.02665	0.78350	0.03182	0.01508	0.00621	0.00198	0.00290	0.05576	0.00450	0.00397
13	0.00972	0.02507	0.80458	0.01381	0.02097	0.01125	0.01790	0.01535	0.01023	0.01535	0.00870	0.01023	0.00614	0.00460	0.00460	0.00153	0.00716	0.00358	0.00205	0.00716
14	0.01205	0.01041	0.01096	0.00986	0.01260	0.01205	0.00767	0.02575	0.79071	0.02027	0.01972	0.01808	0.01479	0.00657	0.00493	0.00164	0.00384	0.00548	0.00493	0.00767
15	0.01156	0.01083	0.01776	0.02613	0.67191	0.01094	0.01329	0.01496	0.06686	0.01558	0.01043	0.01419	0.00908	0.07812	0.00658	0.00174	0.00552	0.00464	0.00263	0.00725
16	0.01342	0.76041	0.02435	0.00867	0.01266	0.08972	0.00839	0.01494	0.01019	0.01144	0.00680	0.00786	0.00622	0.00422	0.00322	0.00106	0.00550	0.00264	0.00211	0.00617
17	0.81972	0.00939	0.00753	0.00697	0.02723	0.01077	0.00552	0.01454	0.00848	0.04483	0.00717	0.00822	0.00550	0.00454	0.00310	0.00150	0.00381	0.00273	0.00307	0.00539
18	0.86392	0.00937	0.00712	0.00637	0.00937	0.01087	0.00525	0.01425	0.00825	0.02174	0.00675	0.00787	0.00525	0.00450	0.00300	0.00150	0.00375	0.00262	0.00300	0.00525
19	0.01482	0.02997	0.01569	0.07970	0.21155	0.31871	0.03980	0.12865	0.05245	0.01620	0.01052	0.02391	0.02611	0.00528	0.00470	0.00140	0.00676	0.00422	0.00298	0.00658
20	0.01259	0.01063	0.01121	0.00990	0.01274	0.01221	0.00775	0.10298	0.69745	0.02119	0.01945	0.01796	0.02880	0.00660	0.00494	0.00162	0.00396	0.00545	0.00491	0.00766
21	0.00842	0.00421	0.00631	0.00631	0.00631	0.00421	0.00421	0.00631	0.00631	0.00842	0.00842	0.01473	0.00842	0.01684	0.01894	0.85901	0.00421	0.00421	0.00210	0.00210
22	0.01192	0.10112	0.04916	0.00778	0.01013	0.04705	0.00644	0.06284	0.02443	0.16940	0.24450	0.05956	0.04045	0.13470	0.00802	0.00196	0.00414	0.00644	0.00433	0.00564
23	0.03140	0.00917	0.02389	0.00783	0.01191	0.00738	0.01819	0.07232	0.01122	0.08467	0.01000	0.01160	0.00804	0.03740	0.00468	0.00105	0.00395	0.00338	0.00328	0.63867
24	0.00927	0.00873	0.01474	0.78619	0.06434	0.01080	0.01352	0.01248	0.00974	0.01252	0.00863	0.01288	0.00651	0.00482	0.00484	0.00161	0.00643	0.00431	0.00216	0.00548
25	0.01761	0.07239	0.01509	0.01086	0.01468	0.01513	0.00904	0.67817	0.07227	0.02849	0.01181	0.01178	0.00853	0.00575	0.00473	0.00144	0.00522	0.00431	0.00465	0.00806
26	0.00582	0.00486	0.00507	0.00512	0.00663	0.00411	0.00380	0.00709	0.01110	0.01347	0.09876	0.10212	0.69078	0.01232	0.00576	0.00165	0.00247	0.01038	0.00456	0.00411
27	0.01320	0.00888	0.01059	0.00787	0.01192	0.00740	0.00635	0.05028	0.06773	0.19407	0.01192	0.01215	0.00886	0.00445	0.00403	0.00099	0.00381	0.00358	0.00381	0.56811
28	0.07952	0.01239	0.01339	0.01040	0.01414	0.01350	0.00857	0.58863	0.05481	0.13661	0.01268	0.01233	0.00884	0.00578	0.00472	0.00147	0.00498	0.00436	0.00488	0.00800
29	0.05823	0.00801	0.01066	0.00839	0.01185	0.00706	0.00685	0.02198	0.01329	0.71096	0.01911	0.07448	0.01314	0.00659	0.00488	0.00153	0.00401	0.00541	0.00576	0.00780
30	0.00932	0.02120	0.64066	0.05191	0.01952	0.01022	0.01557	0.01411	0.01000	0.01477	0.01025	0.07004	0.00853	0.03868	0.00550	0.00166	0.00655	0.00446	0.00230	0.04474
31	0.01208	0.61445	0.23589	0.00978	0.01474	0.01704	0.01089	0.01474	0.00995	0.01247	0.00727	0.00844	0.00620	0.00427	0.00351	0.00117	0.00572	0.00286	0.00207	0.00647
32	0.01014	0.13103	0.70234	0.01309	0.01985	0.01229	0.01664	0.01524	0.01018	0.01483	0.00844	0.00991	0.00615	0.00454	0.00441	0.00147	0.00690	0.00345	0.00205	0.00704
33	0.05434	0.75636	0.05931	0.00844	0.01267	0.01842	0.00857	0.01454	0.00979	0.01208	0.00683	0.00789	0.00617	0.00418	0.00317	0.00108	0.00520	0.00264	0.00212	0.00621
34	0.00703	0.00473	0.00542	0.00538	0.00551	0.00468	0.00312	0.00728	0.00780	0.01053	0.10318	0.03222	0.02078	0.73749	0.02253	0.00434	0.00443	0.00724	0.00321	0.00312
35	0.01810	0.02310	0.01373	0.01248	0.01498	0.81024	0.00936	0.01935	0.01373	0.01186	0.00749	0.00874	0.00624	0.00499	0.00437	0.00125	0.00874	0.00312	0.00250	0.00562
36	0.00693	0.00517	0.00767	0.00767	0.00849	0.00599	0.00591	0.00858	0.00775	0.01116	0.01309	0.01966	0.01238	0.07506	0.77214	0.00764	0.01258	0.00528	0.00261	0.00426
37	0.00915	0.00861	0.01453	0.81804	0.03338	0.01077	0.01346	0.01238	0.00969	0.01238	0.00861	0.01292	0.00646	0.00484	0.00484	0.00161	0.00646	0.00431	0.00215	0.00538
38	0.00700	0.00468	0.00530	0.00535	0.00536	0.00466	0.00301	0.00703	0.00715	0.00953	0.01578	0.06722	0.01826	0.79330	0.02384	0.00458	0.00461	0.00735	0.00301	0.00298
39	0.01810	0.02310	0.01373	0.01248	0.01498	0.81024	0.00936	0.01935	0.01373	0.01186	0.00749	0.00874	0.00624	0.00499	0.00437	0.00125	0.00874	0.00312	0.00250	0.00562
40	0.01827	0.01327	0.01426	0.01095	0.01477	0.01464	0.00904	0.75175	0.02233	0.04469	0.01187	0.01187	0.00841	0.00582	0.00482	0.00145	0.00524	0.00438	0.02403	0.00816
41	0.00597	0.00492	0.00525	0.00517	0.00670	0.00420	0.00388	0.00743	0.01163	0.01447	0.21155	0.04437	0.63418	0.01176	0.00572	0.00161	0.00242	0.00991	0.00468	0.00420
42	0.01842	0.01357	0.01454	0.01115	0.01503	0.01503	0.00921	0.78330	0.02278	0.03054	0.01163	0.01163	0.00824	0.00582	0.00485	0.00145	0.00533	0.00436	0.00485	0.00824
43	0.00705	0.00470	0.00529	0.00529	0.00529	0.00470	0.00294	0.00705	0.00705	0.00940	0.01527	0.03171	0.01762	0.82969	0.02467	0.00470	0.00470	0.00705	0.00294	0.00294
44	0.01292	0.01213	0.01712	0.07661	0.46092	0.11690	0.05266	0.02761	0.01164	0.07178	0.01123	0.05040	0.00975	0.00549	0.00495	0.00150	0.00601	0.04057	0.00289	0.00692
45	0.81936	0.00990	0.03506	0.00667	0.00983	0.01082	0.00572	0.01445	0.00841	0.03517	0.00703	0.00811	0.00540	0.00453	0.00309	0.00150	0.00387	0.00270	0.00302	0.00537
46	0.01175	0.05296	0.09998	0.03902	0.64698	0.01187	0.03764	0.01488	0.01089	0.01550	0.00897	0.01166	0.00742	0.00434	0.00472	0.00144	0.00595	0.00420	0.00234	0.00748
47	0.00985	0.04879	0.76679	0.01377	0.02080	0.01151	0.03208	0.01533	0.01024	0.01523	0.00866	0.01021	0.00616	0.00458	0.00458	0.00152	0.00712	0.00359	0.00205	0.00712
48	0.86392	0.00937	0.00712	0.00637	0.00937	0.01087	0.00525	0.01425	0.00825	0.02174	0.00675	0.00787	0.00525	0.00450	0.00300	0.00150	0.00375	0.00262	0.00300	0.00525
49	0.00842	0.00421	0.00631	0.00631	0.00631	0.00421	0.00421	0.00631	0.00631	0.00842	0.00842	0.01473	0.00842	0.01684	0.01894	0.85901	0.00421	0.00421	0.00210	0.00210
50	0.00573	0.00491	0.00491	0.00491	0.00655	0.00409	0.00368	0.00695	0.01105	0.01309	0.04909	0.04664	0.79750	0.01227	0.00573	0.00164	0.00245	0.01023	0.00450	0.00409
51	0.00696	0.00532	0.00626	0.00588	0.00733	0.00486	0.00445	0.04292	0.01314	0.01759	0.48611	0.03895	0.32122	0.01060	0.00568	0.00156	0.00248	0.00911	0.00501	0.00456
52	0.86392	0.00937	0.00712	0.00637	0.00937	0.01087	0.00525	0.01425	0.00825	0.02174	0.00675	0.00787	0.00525	0.00450	0.00300	0.00150	0.00375	0.00262	0.00300	0.00525
53	0.01199	0.01151	0.01967	0.02974	0.79946	0.01151	0.01487	0.01487	0.01103	0.01583	0.00912	0.01199	0.00768	0.00432	0.00480	0.00144	0.00576	0.00432	0.00240	0.00768
54	0.01005	0.00861	0.01005	0.00718	0.01148	0.00646	0.00574	0.01220	0.01005	0.01579	0.00861	0.01005	0.00718	0.00359	0.00359	0.00072	0.00359	0.00287	0.00287	0.85932
55	0.02162	0.00845	0.01137	0.00872	0.01247	0.00742	0.00720	0.05240	0.01421	0.77356	0.01883	0.01631	0.01185	0.00599	0.00487	0.00150	0.00417	0.00485	0.00595	0.00825
56	0.00581	0.00491	0.00502	0.00499	0.00660	0.00413	0.00375	0.00711	0.01124	0.01355	0.10298	0.04589	0.74332	0.01210	0.00573	0.00163	0.00244	0.01012	0.00456	0.00413
57	0.00590	0.00422	0.00562	0.00675	0.00703	0.00394	0.00450	0.00675	0.00928	0.01237	0.02671	0.82653	0.03205	0.01518	0.00619	0.00197	0.00281	0.01378	0.00450	0.00394
58	0.00590	0.00422	0.00562	0.00675	0.00703	0.00394	0.00450	0.00675	0.00928	0.01237	0.02671	0.82653	0.03205	0.01518	0.00619	0.00197	0.00281	0.01378	0.00450	0.00394
59	0.00890	0.00806	0.01164	0.01089	0.03413	0.01058	0.00857	0.01033	0.00770	0.01159	0.00958	0.01464	0.00913	0.02157	0.39238	0.00479	0.41355	0.00469	0.00235	0.00491
60	0.01205	0.01041	0.01096	0.00986	0.01260	0.01205	0.00767	0.02575	0.79071	0.02027	0.01972	0.01808	0.01479	0.00657	0.00493	0.00164	0.00384	0.00548	0.00493	0.00767
61	0.01663	0.01182	0.01304	0.01081	0.03815	0.02764	0.00849	0.45943	0.14589	0.12303	0.07027	0.01500	0.01241	0.00616	0.00490	0.00148	0.00477	0.00488	0.00489	0.02031
62	0.01375	0.70775	0.02360	0.00894	0.01283	0.14119	0.00846	0.01526	0.01045	0.01147	0.00685	0.00792	0.00622	0.00428	0.00330	0.00107	0.00573	0.00267	0.00214	0.00613
63	0.22620	0.00904	0.01057	0.00832	0.01190	0.00881	0.00687	0.09564	0.01337	0.53736	0.01538	0.01392	0.00999	0.00562	0.00442	0.00150	0.00415	0.00428	0.00516	0.00752
64	0.86392	0.00937	0.00712	0.00637	0.00937	0.01087	0.00525	0.01425	0.00825	0.02174	0.00675	0.00787	0.00525	0.00450	0.00300	0.00150	0.00375	0.00262	0.00300	0.00525
65	0.01102	0.21914	0.46996	0.01437	0.11271	0.02707	0.02760	0.01547	0.03346	0.01453	0.00860	0.01010	0.00662	0.00451	0.00429	0.00140	0.00646	0.00351	0.00220	0.00697
66	0.01756	0.01562	0.01390	0.01133	0.01472	0.21799	0.00906	0.49569	0.11401	0.02451	0.01156	0.01168	0.00853	0.00570	0.00474	0.00142	0.00602	0.00418	0.00426	0.00750
67	0.00842	0.00421	0.00631	0.00631	0.00631	0.00421	0.00421	0.00631	0.00631	0.00842	0.00842	0.01473	0.00842	0.01684	0.01894	0.85901	0.00421	0.00421	0.00210	0.00210
68	0.01020	0.09835	0.65741	0.01428	0.04833	0.01206	0.06336	0.01526	0.01030	0.01501	0.00860	0.01024	0.00628	0.00452	0.00454	0.00149	0.00699	0.00365	0.00209	0.00706
69	0.00915	0.00861	0.01453	0.81804	0.03338	0.01077	0.01346	0.01238	0.00969	0.01238	0.00861	0.01292	0.00646	0.00484	0.00484	0.00161	0.00646	0.00431	0.00215	0.00538
70	0.00602	0.00492	0.00531	0.00521	0.00672	0.00421	0.00391	0.00751	0.01173	0.01471	0.23946	0.04398	0.60612	0.01167	0.00572	0.00161	0.00241	0.00985	0.00471	0.00421
71	0.10609	0.00870	0.00972	0.00709	0.01125	0.00696	0.00569	0.01243	0.00985	0.01646	0.00840	0.00980	0.00696	0.00369	0.00352	0.00081	0.00361	0.00284	0.00289	0.76326
72	0.00590	0.00422	0.00562	0.00675	0.00703	0.00394	0.00450	0.00675	0.00928	0.01237	0.02671	0.82653	0.03205	0.01518	0.00619	0.00197	0.00281	0.01378	0.00450	0.00394
73	0.01842	0.01357	0.01454	0.01115	0.01503	0.01503	0.00921	0.78330	0.02278	0.03054	0.01163	0.01163	0.00824	0.00582	0.00485	0.00145	0.00533	0.00436	0.00485	0.00824
74	0.01830	0.01016	0.01197	0.00916	0.01296	0.02222	0.00751	0.26616	0.01606	0.39414	0.01576	0.01469	0.03329	0.00573	0.00468	0.00136	0.00445	0.00453	0.00504	0.14183
75	0.01087	0.01345	0.12109	0.20834	0.06423	0.01181	0.44983	0.03254	0.01112	0.01512	0.00939	0.01260	0.00703	0.00438	0.00531	0.00160	0.00746	0.00502	0.00238	0.00644
76	0.00590	0.00422	0.00562	0.00675	0.00703	0.00394	0.00450	0.00675	0.00928	0.01237	0.02671	0.82653	0.03205	0.01518	0.00619	0.00197	0.00281	0.01378	0.00450	0.00394
77	0.01005	0.00861	0.01005	0.00718	0.01148	0.00646	0.00574	0.01220	0.01005	0.01579	0.00861	0.01005	0.00718	0.00359	0.00359	0.00072	0.00359	0.00287	0.00287	0.85932
78	0.86392	0.00937	0.00712	0.00637	0.00937	0.01087	0.00525	0.01425	0.00825	0.02174	0.00675	0.00787	0.00525	0.00450	0.00300	0.00150	0.00375	0.00262	0.00300	0.00525
79	0.01548	0.52621	0.02061	0.00924	0.01297	0.18672	0.00833	0.01702	0.01133	0.13913	0.00890	0.00939	0.00716	0.00463	0.00366	0.00116	0.00577	0.00307	0.00280	0.00642
80	0.00824	0.00638	0.00816	0.00802	0.01010	0.00568	0.00680	0.01035	0.01083	0.01473	0.02316	0.04113	0.09943	0.01048	0.00571	0.00174	0.00401	0.47287	0.00401	0.24817
81	0.00673	0.00490	0.00633	0.00608	0.00719	0.00450	0.00452	0.00886	0.01326	0.01859	0.70182	0.09370	0.08453	0.01041	0.00575	0.00156	0.00233	0.00920	0.00523	0.00450

[dist]
# distance from previous block
# <min> <max>
5	11

[block]
# block no. 3 follows, 52 sequences, length 11
# corresponding to MSA columns:
# 521-531
name=unknown_D
#
# <colnr> <probs for GDERKNQSTAVLIFYWHMCP>
#	G	D	E	R	K	N	Q	S	T	A	V	L	I	F	Y	W	H	M	C	P
0	0.52692	0.08825	0.18892	0.05087	0.01367	0.03285	0.00891	0.01455	0.00906	0.01861	0.00730	0.00868	0.00563	0.00452	0.00350	0.00146	0.00492	0.00294	0.00264	0.00578
1	0.01056	0.11587	0.38030	0.01156	0.05912	0.04852	0.01207	0.01407	0.01072	0.05557	0.01634	0.01692	0.15104	0.00595	0.00456	0.00141	0.00563	0.00471	0.00281	0.07228
2	0.14639	0.08393	0.01772	0.16621	0.35234	0.05685	0.08061	0.01460	0.01043	0.01549	0.00841	0.01105	0.00683	0.00444	0.00443	0.00145	0.00590	0.00395	0.00243	0.00653
3	0.03762	0.01097	0.01262	0.00993	0.01310	0.01190	0.06215	0.47591	0.05509	0.02558	0.01283	0.01358	0.00948	0.00565	0.00449	0.00139	0.00464	0.00451	0.22151	0.00707
4	0.01944	0.00831	0.01185	0.15633	0.01620	0.00779	0.00828	0.02157	0.01311	0.65858	0.01720	0.01584	0.01099	0.00579	0.00487	0.00152	0.00455	0.00477	0.00530	0.00772
5	0.01013	0.02259	0.66135	0.01672	0.16304	0.01130	0.01735	0.01526	0.01038	0.01544	0.00877	0.01055	0.00642	0.00455	0.00464	0.00152	0.00691	0.00372	0.00211	0.00726
6	0.00792	0.00533	0.00754	0.00845	0.00936	0.00533	0.00715	0.00936	0.01027	0.01339	0.02251	0.04738	0.02434	0.01402	0.00893	0.15858	0.00442	0.62767	0.00403	0.00403
7	0.00710	0.00527	0.00665	0.00625	0.00751	0.00498	0.00470	0.00998	0.05847	0.01913	0.71042	0.03573	0.08574	0.00985	0.00567	0.00154	0.00239	0.00866	0.00526	0.00472
8	0.01205	0.01041	0.01096	0.00986	0.01260	0.01205	0.00767	0.02575	0.79071	0.02027	0.01972	0.01808	0.01479	0.00657	0.00493	0.00164	0.00384	0.00548	0.00493	0.00767
9	0.01325	0.78704	0.02474	0.00853	0.01258	0.06370	0.00835	0.01478	0.01007	0.01143	0.00678	0.00783	0.00622	0.00419	0.00318	0.00105	0.00538	0.00262	0.00210	0.00619
10	0.01040	0.02030	0.49592	0.01644	0.02271	0.01165	0.32178	0.01542	0.01071	0.01542	0.00914	0.01136	0.00662	0.00440	0.00505	0.00157	0.00756	0.00443	0.00221	0.00691

[dist]
# distance from previous block
# <min> <max>
0	3

[block]
# block no. 4 follows, 52 sequences, length 113
# corresponding to MSA columns:
# 535-647
name=unknown_E
#
# <colnr> <probs for GDERKNQSTAVLIFYWHMCP>
#	G	D	E	R	K	N	Q	S	T	A	V	L	I	F	Y	W	H	M	C	P
0	0.86392	0.00937	0.00712	0.00637	0.00937	0.01087	0.00525	0.01425	0.00825	0.02174	0.00675	0.00787	0.00525	0.00450	0.00300	0.00150	0.00375	0.00262	0.00300	0.00525
1	0.02174	0.00825	0.01125	0.00862	0.01237	0.00712	0.00712	0.02362	0.01387	0.80282	0.01912	0.01649	0.01200	0.00600	0.00487	0.00150	0.00412	0.00487	0.00600	0.00825
2	0.00573	0.00491	0.00491	0.00491	0.00655	0.00409	0.00368	0.00695	0.01105	0.01309	0.04909	0.04664	0.79750	0.01227	0.00573	0.00164	0.00245	0.01023	0.00450	0.00409
3	0.00692	0.00519	0.00779	0.00779	0.00865	0.00606	0.00606	0.00865	0.00779	0.01125	0.01298	0.01904	0.01211	0.03634	0.81049	0.00779	0.01298	0.00519	0.00260	0.00433
4	0.00697	0.00512	0.00641	0.00616	0.00730	0.00479	0.00456	0.02108	0.02566	0.01784	0.58603	0.08922	0.11785	0.05859	0.00685	0.00176	0.00259	0.02168	0.00502	0.00449
5	0.01240	0.01058	0.01115	0.00993	0.01273	0.01221	0.00775	0.06669	0.74921	0.02083	0.01929	0.01773	0.01444	0.00653	0.00493	0.00163	0.00392	0.00542	0.00493	0.00770
6	0.01767	0.01316	0.01455	0.01212	0.06090	0.01450	0.00941	0.67591	0.07307	0.04102	0.01214	0.01216	0.00870	0.00578	0.00485	0.00147	0.00524	0.00444	0.00473	0.00817
7	0.01746	0.12453	0.01519	0.01196	0.01466	0.71111	0.00923	0.01874	0.01325	0.01180	0.00740	0.00862	0.00624	0.00489	0.00421	0.00122	0.00829	0.00305	0.00244	0.00569
8	0.21304	0.00924	0.01315	0.35303	0.15982	0.01032	0.01072	0.01513	0.01028	0.14640	0.01001	0.01216	0.00731	0.00486	0.00441	0.00154	0.00531	0.00401	0.00303	0.00623
9	0.64256	0.00908	0.00821	0.00696	0.01016	0.00989	0.00574	0.01671	0.00973	0.22705	0.01000	0.01014	0.00702	0.00489	0.00349	0.00150	0.00385	0.00322	0.00379	0.00604
10	0.00756	0.00599	0.00924	0.11058	0.05457	0.00688	0.00759	0.00957	0.00852	0.01193	0.01349	0.02154	0.01278	0.04014	0.57639	0.00609	0.01082	0.07900	0.00272	0.00463
11	0.01786	0.02258	0.01362	0.01238	0.01488	0.77794	0.00929	0.01961	0.04518	0.01220	0.00799	0.00912	0.00659	0.00506	0.00439	0.00126	0.00854	0.00322	0.00260	0.00570
12	0.00842	0.00421	0.00631	0.00631	0.00631	0.00421	0.00421	0.00631	0.00631	0.00842	0.00842	0.01473	0.00842	0.01684	0.01894	0.85901	0.00421	0.00421	0.00210	0.00210
13	0.01120	0.01059	0.01738	0.25010	0.50706	0.01136	0.01377	0.01523	0.08634	0.01529	0.01000	0.01285	0.00802	0.00469	0.00482	0.00151	0.00577	0.00443	0.00258	0.00703
14	0.02174	0.00825	0.01125	0.00862	0.01237	0.00712	0.00712	0.02362	0.01387	0.80282	0.01912	0.01649	0.01200	0.00600	0.00487	0.00150	0.00412	0.00487	0.00600	0.00825
15	0.02174	0.00825	0.01125	0.00862	0.01237	0.00712	0.00712	0.02362	0.01387	0.80282	0.01912	0.01649	0.01200	0.00600	0.00487	0.00150	0.00412	0.00487	0.00600	0.00825
16	0.00662	0.00494	0.00615	0.00585	0.00710	0.00447	0.00439	0.00869	0.01316	0.01812	0.64198	0.03836	0.20147	0.01040	0.00572	0.00155	0.00232	0.00907	0.00516	0.00447
17	0.01097	0.01631	0.23781	0.01864	0.02415	0.01199	0.57589	0.01548	0.01111	0.01548	0.00951	0.01231	0.00703	0.00422	0.00542	0.00161	0.00790	0.00514	0.00234	0.00670
18	0.00972	0.02507	0.80458	0.01381	0.02097	0.01125	0.01790	0.01535	0.01023	0.01535	0.00870	0.01023	0.00614	0.00460	0.00460	0.00153	0.00716	0.00358	0.00205	0.00716
19	0.01233	0.01054	0.01111	0.00992	0.01270	0.01218	0.00774	0.05810	0.75792	0.02071	0.01938	0.01780	0.01451	0.00654	0.00493	0.00164	0.00390	0.00543	0.00493	0.00769
20	0.00673	0.00491	0.00633	0.00605	0.00718	0.00451	0.00451	0.00887	0.01330	0.01863	0.70551	0.07960	0.09503	0.01035	0.00574	0.00156	0.00233	0.00913	0.00523	0.00451
21	0.01789	0.09308	0.01560	0.01087	0.01478	0.01543	0.00912	0.70867	0.02153	0.02868	0.01116	0.01126	0.00804	0.00566	0.00468	0.00141	0.00532	0.00419	0.00458	0.00804
22	0.02174	0.00825	0.01125	0.00862	0.01237	0.00712	0.00712	0.02362	0.01387	0.80282	0.01912	0.01649	0.01200	0.00600	0.00487	0.00150	0.00412	0.00487	0.00600	0.00825
23	0.01205	0.01041	0.01096	0.00986	0.01260	0.01205	0.00767	0.02575	0.79071	0.02027	0.01972	0.01808	0.01479	0.00657	0.00493	0.00164	0.00384	0.00548	0.00493	0.00767
24	0.00590	0.00422	0.00562	0.00675	0.00703	0.00394	0.00450	0.00675	0.00928	0.01237	0.02671	0.82653	0.03205	0.01518	0.00619	0.00197	0.00281	0.01378	0.00450	0.00394
25	0.01810	0.02310	0.01373	0.01248	0.01498	0.81024	0.00936	0.01935	0.01373	0.01186	0.00749	0.00874	0.00624	0.00499	0.00437	0.00125	0.00874	0.00312	0.00250	0.00562
26	0.00915	0.00861	0.01453	0.81804	0.03338	0.01077	0.01346	0.01238	0.00969	0.01238	0.00861	0.01292	0.00646	0.00484	0.00484	0.00161	0.00646	0.00431	0.00215	0.00538
27	0.05758	0.00982	0.01032	0.00931	0.01191	0.01126	0.00724	0.02352	0.67300	0.02027	0.09447	0.01929	0.01728	0.00679	0.00490	0.00162	0.00368	0.00564	0.00487	0.00724
28	0.00737	0.00542	0.00676	0.00625	0.00759	0.00509	0.00474	0.05076	0.01395	0.01942	0.68188	0.03588	0.11668	0.00992	0.00567	0.00153	0.00247	0.00867	0.00523	0.00472
29	0.01842	0.01357	0.01454	0.01115	0.01503	0.01503	0.00921	0.78330	0.02278	0.03054	0.01163	0.01163	0.00824	0.00582	0.00485	0.00145	0.00533	0.00436	0.00485	0.00824
30	0.01842	0.01357	0.01454	0.01115	0.01503	0.01503	0.00921	0.78330	0.02278	0.03054	0.01163	0.01163	0.00824	0.00582	0.00485	0.00145	0.00533	0.00436	0.00485	0.00824
31	0.81786	0.00957	0.00828	0.00713	0.01023	0.01095	0.04721	0.01431	0.00842	0.02141	0.00691	0.00815	0.00536	0.00448	0.00315	0.00151	0.00399	0.00279	0.00297	0.00532
32	0.00580	0.00491	0.00501	0.00499	0.00659	0.00412	0.00374	0.00710	0.01122	0.01351	0.09887	0.04594	0.74745	0.01212	0.00573	0.00163	0.00244	0.01013	0.00456	0.00412
33	0.01758	0.01335	0.01527	0.01169	0.01557	0.01467	0.06055	0.68770	0.06714	0.02894	0.01199	0.01211	0.00857	0.00575	0.00491	0.00148	0.00543	0.00452	0.00469	0.00809
34	0.86392	0.00937	0.00712	0.00637	0.00937	0.01087	0.00525	0.01425	0.00825	0.02174	0.00675	0.00787	0.00525	0.00450	0.00300	0.00150	0.00375	0.00262	0.00300	0.00525
35	0.02174	0.00825	0.01125	0.00862	0.01237	0.00712	0.00712	0.02362	0.01387	0.80282	0.01912	0.01649	0.01200	0.00600	0.00487	0.00150	0.00412	0.00487	0.00600	0.00825
36	0.01842	0.01357	0.01454	0.01115	0.01503	0.01503	0.00921	0.78330	0.02278	0.03054	0.01163	0.01163	0.00824	0.00582	0.00485	0.00145	0.00533	0.00436	0.00485	0.00824
37	0.00693	0.00517	0.00769	0.00769	0.00852	0.00600	0.00593	0.00859	0.00776	0.01117	0.01307	0.01955	0.01234	0.06845	0.77869	0.00766	0.01265	0.00527	0.00261	0.00427
38	0.00692	0.00519	0.00779	0.00779	0.00865	0.00606	0.00606	0.00865	0.00779	0.01125	0.01298	0.01904	0.01211	0.03634	0.81049	0.00779	0.01298	0.00519	0.00260	0.00433
39	0.01183	0.01183	0.08800	0.01025	0.01341	0.01198	0.00866	0.02474	0.71494	0.01979	0.01865	0.01732	0.01395	0.00638	0.00490	0.00163	0.00416	0.00529	0.00465	0.00762
40	0.86392	0.00937	0.00712	0.00637	0.00937	0.01087	0.00525	0.01425	0.00825	0.02174	0.00675	0.00787	0.00525	0.00450	0.00300	0.00150	0.00375	0.00262	0.00300	0.00525
41	0.01278	0.01077	0.01137	0.01001	0.01288	0.01239	0.00785	0.11194	0.70334	0.02144	0.01880	0.01735	0.01405	0.00649	0.00492	0.00162	0.00401	0.00535	0.00492	0.00774
42	0.00688	0.00463	0.00533	0.00550	0.00554	0.00459	0.00316	0.00700	0.00737	0.00983	0.01692	0.14674	0.01971	0.71181	0.02199	0.00430	0.00443	0.00802	0.00316	0.00308
43	0.06394	0.01827	0.01372	0.01158	0.01470	0.42608	0.00908	0.34664	0.01732	0.02040	0.00923	0.00993	0.00705	0.00532	0.00450	0.00135	0.00701	0.00363	0.00353	0.00672
44	0.01435	0.01197	0.01169	0.01018	0.01311	0.10135	0.00797	0.10707	0.54580	0.09545	0.01742	0.01618	0.01286	0.00626	0.00485	0.00156	0.00457	0.00504	0.00475	0.00756
45	0.00660	0.00493	0.00612	0.00585	0.00709	0.00446	0.00438	0.00863	0.01307	0.01794	0.62204	0.05087	0.20915	0.01050	0.00573	0.00156	0.00233	0.00916	0.00514	0.00446
46	0.01829	0.02041	0.01365	0.01198	0.01478	0.61972	0.00916	0.13877	0.02796	0.06756	0.00911	0.00986	0.00708	0.00521	0.00449	0.00130	0.00782	0.00347	0.00314	0.00624
47	0.00915	0.00861	0.01453	0.81804	0.03338	0.01077	0.01346	0.01238	0.00969	0.01238	0.00861	0.01292	0.00646	0.00484	0.00484	0.00161	0.00646	0.00431	0.00215	0.00538
48	0.01848	0.01548	0.01423	0.01134	0.01491	0.19155	0.00916	0.58267	0.02041	0.05764	0.01102	0.01119	0.00795	0.00564	0.00474	0.00141	0.00604	0.00411	0.00437	0.00766
49	0.01133	0.05835	0.01145	0.00806	0.01200	0.06167	0.00649	0.05570	0.08674	0.01645	0.00997	0.02434	0.00827	0.00432	0.00385	0.00092	0.00413	0.00339	0.00313	0.60942
50	0.01390	0.57264	0.07894	0.01047	0.05971	0.04853	0.02914	0.01592	0.01063	0.10799	0.00863	0.00943	0.00703	0.00445	0.00365	0.00118	0.00545	0.00314	0.00259	0.00660
51	0.86392	0.00937	0.00712	0.00637	0.00937	0.01087	0.00525	0.01425	0.00825	0.02174	0.00675	0.00787	0.00525	0.00450	0.00300	0.00150	0.00375	0.00262	0.00300	0.00525
52	0.01290	0.18833	0.06329	0.27860	0.06935	0.11416	0.01122	0.13448	0.05458	0.01574	0.00918	0.01116	0.00716	0.00491	0.00440	0.00141	0.00616	0.00382	0.00276	0.00641
53	0.00692	0.00519	0.00779	0.00779	0.00865	0.00606	0.00606	0.00865	0.00779	0.01125	0.01298	0.01904	0.01211	0.03634	0.81049	0.00779	0.01298	0.00519	0.00260	0.00433
54	0.00673	0.00491	0.00632	0.00606	0.00718	0.00450	0.00451	0.00886	0.01328	0.01860	0.70189	0.08332	0.09496	0.01037	0.00574	0.00156	0.00233	0.00916	0.00523	0.00450
55	0.17278	0.00845	0.01051	0.00822	0.01183	0.00779	0.00679	0.02194	0.01286	0.66274	0.01690	0.01495	0.01079	0.00573	0.00454	0.00150	0.00406	0.00447	0.00546	0.00771
56	0.00674	0.00486	0.00637	0.00618	0.00721	0.00449	0.00456	0.00884	0.01316	0.01855	0.70040	0.13523	0.04401	0.01057	0.00577	0.00158	0.00235	0.00939	0.00523	0.00449
57	0.01814	0.01337	0.01435	0.01103	0.01484	0.01478	0.00910	0.76463	0.02257	0.03027	0.03058	0.01223	0.00915	0.00592	0.00487	0.00146	0.00526	0.00447	0.00486	0.00815
58	0.01842	0.01357	0.01454	0.01115	0.01503	0.01503	0.00921	0.78330	0.02278	0.03054	0.01163	0.01163	0.00824	0.00582	0.00485	0.00145	0.00533	0.00436	0.00485	0.00824
59	0.00915	0.00861	0.01453	0.81804	0.03338	0.01077	0.01346	0.01238	0.00969	0.01238	0.00861	0.01292	0.00646	0.00484	0.00484	0.00161	0.00646	0.00431	0.00215	0.00538
60	0.86392	0.00937	0.00712	0.00637	0.00937	0.01087	0.00525	0.01425	0.00825	0.02174	0.00675	0.00787	0.00525	0.00450	0.00300	0.00150	0.00375	0.00262	0.00300	0.00525
61	0.01810	0.02310	0.01373	0.01248	0.01498	0.81024	0.00936	0.01935	0.01373	0.01186	0.00749	0.00874	0.00624	0.00499	0.00437	0.00125	0.00874	0.00312	0.00250	0.00562
62	0.00705	0.00470	0.00529	0.00529	0.00529	0.00470	0.00294	0.00705	0.00705	0.00940	0.01527	0.03171	0.01762	0.82969	0.02467	0.00470	0.00470	0.00705	0.00294	0.00294
63	0.00696	0.00506	0.00710	0.00710	0.00773	0.00569	0.00520	0.00821	0.00759	0.01074	0.01361	0.02251	0.01362	0.25356	0.59533	0.00694	0.01071	0.00570	0.00269	0.00395
64	0.00651	0.00465	0.00630	0.00734	0.00791	0.00444	0.00546	0.00783	0.01006	0.01337	0.06802	0.56112	0.03159	0.01438	0.00631	0.00202	0.00326	0.23079	0.00453	0.00412
65	0.01205	0.01041	0.01096	0.00986	0.01260	0.01205	0.00767	0.02575	0.79071	0.02027	0.01972	0.01808	0.01479	0.00657	0.00493	0.00164	0.00384	0.00548	0.00493	0.00767
66	0.00842	0.00421	0.00631	0.00631	0.00631	0.00421	0.00421	0.00631	0.00631	0.00842	0.00842	0.01473	0.00842	0.01684	0.01894	0.85901	0.00421	0.00421	0.00210	0.00210
67	0.01188	0.02201	0.61668	0.01317	0.01956	0.01164	0.02768	0.14150	0.01252	0.06409	0.00981	0.01087	0.00685	0.00488	0.00468	0.00152	0.00670	0.00382	0.00274	0.00739
68	0.01005	0.00861	0.01005	0.00718	0.01148	0.00646	0.00574	0.01220	0.01005	0.01579	0.00861	0.01005	0.00718	0.00359	0.00359	0.00072	0.00359	0.00287	0.00287	0.85932
69	0.86392	0.00937	0.00712	0.00637	0.00937	0.01087	0.00525	0.01425	0.00825	0.02174	0.00675	0.00787	0.00525	0.00450	0.00300	0.00150	0.00375	0.00262	0.00300	0.00525
70	0.01144	0.01307	0.02859	0.02042	0.02533	0.01225	0.78186	0.01552	0.01144	0.01552	0.00980	0.01307	0.00735	0.00408	0.00572	0.00163	0.00817	0.00572	0.00245	0.00654
71	0.01376	0.00876	0.01078	0.05182	0.01305	0.00770	0.00685	0.04785	0.08740	0.24164	0.01332	0.03530	0.00998	0.00504	0.00428	0.00114	0.00397	0.00413	0.00405	0.42917
72	0.00756	0.00604	0.00752	0.00745	0.00820	0.04919	0.00550	0.00885	0.00793	0.01084	0.01323	0.02148	0.01310	0.22233	0.58103	0.00670	0.01079	0.00552	0.00267	0.00407
73	0.00842	0.00421	0.00631	0.00631	0.00631	0.00421	0.00421	0.00631	0.00631	0.00842	0.00842	0.01473	0.00842	0.01684	0.01894	0.85901	0.00421	0.00421	0.00210	0.00210
74	0.01103	0.01231	0.02633	0.09727	0.02538	0.01180	0.67581	0.01496	0.01136	0.01538	0.04154	0.01399	0.00882	0.00439	0.00563	0.00163	0.00777	0.00571	0.00254	0.00634
75	0.01005	0.00861	0.01005	0.00718	0.01148	0.00646	0.00574	0.01220	0.01005	0.01579	0.00861	0.01005	0.00718	0.00359	0.00359	0.00072	0.00359	0.00287	0.00287	0.85932
76	0.01060	0.01060	0.01484	0.01272	0.01272	0.01484	0.01060	0.01166	0.00742	0.01166	0.00636	0.01060	0.00636	0.00848	0.01590	0.00212	0.82082	0.00424	0.00212	0.00530
77	0.01810	0.02310	0.01373	0.01248	0.01498	0.81024	0.00936	0.01935	0.01373	0.01186	0.00749	0.00874	0.00624	0.00499	0.00437	0.00125	0.00874	0.00312	0.00250	0.00562
78	0.00915	0.00861	0.01453	0.81804	0.03338	0.01077	0.01346	0.01238	0.00969	0.01238	0.00861	0.01292	0.00646	0.00484	0.00484	0.00161	0.00646	0.00431	0.00215	0.00538
79	0.01815	0.00984	0.01163	0.02991	0.01326	0.04134	0.00756	0.10555	0.14460	0.45839	0.01664	0.01520	0.01121	0.00577	0.00473	0.00144	0.00440	0.00464	0.00515	0.09059
80	0.01122	0.00854	0.00935	0.00795	0.01012	0.04059	0.00625	0.26215	0.01648	0.03363	0.44095	0.02758	0.08827	0.00850	0.00537	0.00150	0.00358	0.00715	0.00501	0.00583
81	0.07686	0.00853	0.01094	0.00859	0.01219	0.00785	0.00705	0.02320	0.08891	0.67486	0.01835	0.01607	0.01182	0.00595	0.00475	0.00151	0.00407	0.00478	0.00569	0.00799
82	0.00915	0.00861	0.01453	0.81804	0.03338	0.01077	0.01346	0.01238	0.00969	0.01238	0.00861	0.01292	0.00646	0.00484	0.00484	0.00161	0.00646	0.00431	0.00215	0.00538
83	0.00915	0.00861	0.01453	0.81804	0.03338	0.01077	0.01346	0.01238	0.00969	0.01238	0.00861	0.01292	0.00646	0.00484	0.00484	0.00161	0.00646	0.00431	0.00215	0.00538
84	0.00589	0.00485	0.00518	0.00524	0.00668	0.00414	0.00387	0.00721	0.01121	0.01382	0.14062	0.12104	0.62899	0.01226	0.00577	0.00165	0.00247	0.01039	0.00460	0.00414
85	0.01144	0.01307	0.02859	0.02042	0.02533	0.01225	0.78186	0.01552	0.01144	0.01552	0.00980	0.01307	0.00735	0.00408	0.00572	0.00163	0.00817	0.00572	0.00245	0.00654
86	0.01816	0.02150	0.01387	0.01226	0.01499	0.67658	0.00934	0.14775	0.01525	0.01500	0.00819	0.00923	0.00658	0.00513	0.00445	0.00128	0.00817	0.00333	0.00289	0.00606
87	0.00781	0.00558	0.00781	0.00892	0.01004	0.00558	0.00781	0.01004	0.01116	0.01450	0.02566	0.05466	0.02789	0.01339	0.00669	0.00223	0.00446	0.76685	0.00446	0.00446
88	0.86392	0.00937	0.00712	0.00637	0.00937	0.01087	0.00525	0.01425	0.00825	0.02174	0.00675	0.00787	0.00525	0.00450	0.00300	0.00150	0.00375	0.00262	0.00300	0.00525
89	0.00828	0.00426	0.00621	0.00621	0.00621	0.00426	0.00409	0.00638	0.00638	0.00851	0.00908	0.01638	0.00931	0.09574	0.01950	0.77608	0.00426	0.00448	0.00219	0.00219
90	0.00943	0.00879	0.01419	0.73959	0.03136	0.01089	0.01290	0.01368	0.08551	0.01315	0.00969	0.01342	0.00727	0.00501	0.00485	0.00162	0.00621	0.00442	0.00242	0.00561
91	0.01920	0.00859	0.01160	0.00967	0.05850	0.00740	0.00739	0.03393	0.01323	0.61489	0.01669	0.01509	0.01089	0.00550	0.00466	0.00137	0.00415	0.00450	0.00526	0.14748
92	0.01296	0.83261	0.02539	0.00829	0.01244	0.01917	0.00829	0.01451	0.00985	0.01140	0.00674	0.00777	0.00622	0.00415	0.00311	0.00104	0.00518	0.00259	0.00207	0.00622
93	0.78217	0.00926	0.00752	0.00659	0.00966	0.01051	0.00543	0.01515	0.00879	0.09756	0.00795	0.00871	0.00590	0.00464	0.00318	0.00150	0.00379	0.00284	0.00329	0.00554
94	0.78122	0.00958	0.00834	0.00864	0.08607	0.01093	0.00618	0.01431	0.00852	0.02117	0.00698	0.00827	0.00548	0.00448	0.00317	0.00149	0.00394	0.00279	0.00294	0.00548
95	0.00593	0.00437	0.00556	0.00641	0.00696	0.00400	0.00437	0.00692	0.00983	0.01290	0.07561	0.65248	0.15811	0.01440	0.00608	0.00189	0.00272	0.01290	0.00455	0.00400
96	0.00842	0.00421	0.00631	0.00631	0.00631	0.00421	0.00421	0.00631	0.00631	0.00842	0.00842	0.01473	0.00842	0.01684	0.01894	0.85901	0.00421	0.00421	0.00210	0.00210
97	0.00638	0.00683	0.10574	0.00763	0.00878	0.00485	0.00618	0.00783	0.00940	0.01274	0.02445	0.72424	0.02880	0.01386	0.00599	0.00191	0.00336	0.01250	0.00419	0.00434
98	0.00660	0.00489	0.00623	0.00698	0.00759	0.00479	0.00481	0.00884	0.08560	0.01387	0.10601	0.66598	0.03180	0.01380	0.00601	0.00189	0.00286	0.01245	0.00463	0.00436
99	0.00866	0.00648	0.00779	0.00716	0.00880	0.00661	0.00546	0.01393	0.21795	0.04249	0.56995	0.03086	0.03661	0.00892	0.00548	0.00155	0.00275	0.00779	0.00525	0.00549
100	0.00943	0.00889	0.01503	0.74152	0.10774	0.01084	0.01360	0.01262	0.00982	0.01272	0.00866	0.01283	0.00658	0.00479	0.00484	0.00160	0.00639	0.00431	0.00218	0.00561
101	0.86392	0.00937	0.00712	0.00637	0.00937	0.01087	0.00525	0.01425	0.00825	0.02174	0.00675	0.00787	0.00525	0.00450	0.00300	0.00150	0.00375	0.00262	0.00300	0.00525
102	0.86392	0.00937	0.00712	0.00637	0.00937	0.01087	0.00525	0.01425	0.00825	0.02174	0.00675	0.00787	0.00525	0.00450	0.00300	0.00150	0.00375	0.00262	0.00300	0.00525
103	0.78132	0.08929	0.00890	0.00656	0.00967	0.01168	0.00554	0.01427	0.00840	0.02074	0.00675	0.00786	0.00534	0.00446	0.00301	0.00145	0.00389	0.00262	0.00291	0.00534
104	0.00604	0.00438	0.00571	0.00652	0.00703	0.00405	0.00446	0.00713	0.01009	0.01352	0.14821	0.65147	0.08513	0.01417	0.00608	0.00188	0.00271	0.01276	0.00463	0.00405
105	0.00697	0.00502	0.00693	0.00693	0.00750	0.00559	0.00499	0.00810	0.00753	0.01062	0.01376	0.02337	0.01400	0.30775	0.54166	0.00673	0.01015	0.00583	0.00271	0.00385
106	0.00654	0.00493	0.00715	0.00740	0.00799	0.00477	0.05006	0.00755	0.00901	0.01214	0.04112	0.55327	0.02667	0.14765	0.08720	0.00294	0.00440	0.01127	0.00396	0.00398
107	0.03902	0.01263	0.01357	0.01054	0.01413	0.01391	0.00866	0.68840	0.02153	0.02924	0.08774	0.01392	0.01180	0.00618	0.00488	0.00146	0.00500	0.00475	0.00485	0.00781
108	0.01237	0.09263	0.05212	0.02532	0.59387	0.06546	0.05904	0.01519	0.01109	0.01510	0.00880	0.01136	0.00736	0.00434	0.00465	0.00140	0.00610	0.00412	0.00236	0.00731
109	0.73527	0.05767	0.00838	0.00667	0.00967	0.01127	0.00554	0.01495	0.06048	0.02094	0.00784	0.00881	0.00612	0.00465	0.00314	0.00147	0.00380	0.00286	0.02500	0.00545
110	0.01304	0.06528	0.01217	0.00963	0.01259	0.01239	0.00771	0.17974	0.50283	0.03278	0.01909	0.03848	0.05925	0.00680	0.00487	0.00157	0.00413	0.00554	0.00470	0.00739
