[name]
unknown

[dist]
# distance from previous block
# <min> <max>
0	81

[block]
# block no. 0 follows, 50 sequences, length 16
# corresponding to MSA columns:
# 115-130
name=unknown_A
#
# <colnr> <probs for GDERKNQSTAVLIFYWHMCP>
#	G	D	E	R	K	N	Q	S	T	A	V	L	I	F	Y	W	H	M	C	P
0	0.01072	0.00987	0.03432	0.24052	0.09540	0.00999	0.09394	0.09845	0.04095	0.01675	0.05446	0.04525	0.03606	0.03366	0.00589	0.00169	0.00555	0.06796	0.00331	0.09526
1	0.01388	0.00842	0.01007	0.06192	0.01257	0.00850	0.00700	0.10343	0.16347	0.24186	0.06870	0.03716	0.17245	0.00782	0.00518	0.00158	0.00391	0.00648	0.04478	0.02080
2	0.03492	0.00930	0.01401	0.31368	0.03685	0.01091	0.06660	0.08694	0.02577	0.05662	0.01085	0.01458	0.00869	0.03618	0.07956	0.00235	0.11691	0.00473	0.06465	0.00589
3	0.09258	0.01014	0.01128	0.00890	0.01251	0.07422	0.00722	0.08056	0.01404	0.47666	0.05744	0.01551	0.01227	0.00588	0.00470	0.00143	0.00454	0.00461	0.00512	0.10038
4	0.01220	0.01120	0.01821	0.02642	0.64320	0.01129	0.01365	0.07756	0.01215	0.01715	0.01157	0.10079	0.01069	0.00579	0.00509	0.00154	0.00555	0.00551	0.00291	0.00752
5	0.00791	0.00609	0.00881	0.07102	0.00998	0.00618	0.08836	0.00864	0.00796	0.01060	0.01455	0.02899	0.01606	0.67023	0.02163	0.00424	0.00537	0.00688	0.00290	0.00362
6	0.23773	0.16630	0.26727	0.09925	0.01869	0.01304	0.10299	0.01501	0.00999	0.01648	0.00816	0.01006	0.00627	0.00458	0.00417	0.00150	0.00610	0.00358	0.00243	0.00638
7	0.01135	0.01058	0.01713	0.02275	0.48732	0.03640	0.07923	0.01419	0.01164	0.01645	0.07366	0.01961	0.01359	0.00603	0.00517	0.00156	0.00551	0.08754	0.07343	0.00684
8	0.00713	0.00494	0.00560	0.00570	0.00601	0.00483	0.00354	0.00749	0.00814	0.01060	0.02117	0.03660	0.12087	0.65062	0.02127	0.00421	0.00451	0.07012	0.00336	0.00331
9	0.05708	0.17129	0.20187	0.10122	0.02067	0.01316	0.21729	0.04106	0.03787	0.07757	0.01009	0.01183	0.00751	0.00475	0.00473	0.00151	0.00657	0.00431	0.00280	0.00685
10	0.25883	0.02423	0.09770	0.08926	0.01544	0.02857	0.03377	0.09035	0.04637	0.20717	0.05282	0.01357	0.01032	0.00555	0.00446	0.00155	0.00498	0.00428	0.00398	0.00680
11	0.06193	0.13311	0.14390	0.01062	0.01505	0.01136	0.06723	0.11846	0.01325	0.26752	0.01301	0.03132	0.00950	0.02258	0.00503	0.00151	0.00532	0.00444	0.00401	0.06085
12	0.02911	0.14433	0.13598	0.00991	0.01421	0.03468	0.00933	0.15876	0.08594	0.13713	0.03278	0.01380	0.03309	0.00552	0.00448	0.00135	0.00505	0.00425	0.00386	0.13643
13	0.04343	0.06957	0.07950	0.01102	0.01508	0.04950	0.10226	0.13883	0.09036	0.13929	0.05054	0.02656	0.01119	0.00554	0.00472	0.00140	0.00527	0.00466	0.00394	0.14734
14	0.03476	0.13871	0.11587	0.01070	0.01453	0.10363	0.06269	0.14833	0.01335	0.05851	0.03795	0.11619	0.01201	0.00643	0.00469	0.00141	0.00556	0.00526	0.00347	0.10596
15	0.07256	0.18860	0.21030	0.01064	0.01496	0.03235	0.02006	0.06369	0.02709	0.11480	0.01070	0.01166	0.02330	0.00543	0.00556	0.00144	0.09411	0.00381	0.00309	0.08586

[dist]
# distance from previous block
# <min> <max>
7	23

[block]
# block no. 1 follows, 50 sequences, length 48
# corresponding to MSA columns:
# 154-201
name=unknown_B
#
# <colnr> <probs for GDERKNQSTAVLIFYWHMCP>
#	G	D	E	R	K	N	Q	S	T	A	V	L	I	F	Y	W	H	M	C	P
0	0.05433	0.11125	0.14739	0.01081	0.01490	0.01110	0.09560	0.08834	0.07870	0.05030	0.06488	0.02752	0.01954	0.00819	0.07188	0.00195	0.00596	0.00470	0.00337	0.12929
1	0.04271	0.09599	0.25117	0.01317	0.08002	0.01054	0.11087	0.02710	0.01179	0.09181	0.14671	0.05058	0.02375	0.00622	0.00498	0.00153	0.00557	0.00547	0.00339	0.01662
2	0.08774	0.06865	0.28098	0.01306	0.05096	0.02677	0.12986	0.01623	0.01124	0.12129	0.04180	0.01257	0.00908	0.00490	0.00463	0.00144	0.00600	0.00420	0.00306	0.10553
3	0.02295	0.12153	0.32650	0.01194	0.02689	0.01125	0.07662	0.03089	0.07209	0.05576	0.07251	0.07483	0.01273	0.00607	0.00481	0.00151	0.00571	0.00514	0.00316	0.05711
4	0.07729	0.09793	0.19672	0.01477	0.08901	0.02760	0.19733	0.03501	0.01185	0.13287	0.05330	0.01384	0.01981	0.00517	0.00487	0.00153	0.00620	0.00469	0.00322	0.00699
5	0.01211	0.05517	0.34015	0.01299	0.07753	0.08636	0.02556	0.03143	0.01164	0.09133	0.05079	0.08535	0.01164	0.00604	0.00482	0.00148	0.00601	0.00498	0.00311	0.08150
6	0.02396	0.16859	0.38470	0.21158	0.02166	0.01243	0.01402	0.01418	0.01002	0.01390	0.00905	0.01244	0.00733	0.06920	0.00611	0.00176	0.00655	0.00394	0.00223	0.00636
7	0.05972	0.57283	0.14251	0.00960	0.01426	0.01680	0.02706	0.01585	0.01048	0.07915	0.00838	0.00927	0.00686	0.00452	0.00364	0.00122	0.00554	0.00309	0.00253	0.00667
8	0.01305	0.76030	0.09119	0.00901	0.01353	0.01904	0.00936	0.01500	0.01016	0.01207	0.00710	0.00821	0.00639	0.00430	0.00333	0.00111	0.00550	0.00275	0.00213	0.00648
9	0.01598	0.30163	0.02012	0.04300	0.01615	0.01655	0.07381	0.41310	0.01721	0.02241	0.00990	0.01074	0.00759	0.00519	0.00443	0.00137	0.00572	0.00396	0.00366	0.00748
10	0.00865	0.05754	0.06908	0.00615	0.00804	0.00611	0.00536	0.01112	0.01159	0.01792	0.24594	0.02525	0.08753	0.00749	0.00447	0.00135	0.00293	0.00623	0.41230	0.00495
11	0.00607	0.00434	0.00578	0.00694	0.00723	0.00405	0.00463	0.00694	0.00954	0.01272	0.02747	0.82157	0.03297	0.01562	0.00636	0.00202	0.00289	0.01417	0.00463	0.00405
12	0.01034	0.00886	0.01034	0.00738	0.01181	0.00664	0.00591	0.01255	0.01034	0.01624	0.00886	0.01034	0.00738	0.00369	0.00369	0.00074	0.00369	0.00295	0.00295	0.85530
13	0.01642	0.18917	0.04932	0.01185	0.01588	0.15587	0.07403	0.35841	0.01698	0.02134	0.00975	0.01060	0.00747	0.00518	0.00454	0.00136	0.00633	0.00390	0.00355	0.03805
14	0.01558	0.49424	0.02135	0.01002	0.01388	0.17779	0.00895	0.17586	0.01373	0.01595	0.00814	0.00903	0.00684	0.00480	0.00384	0.00120	0.00610	0.00316	0.00282	0.00671
15	0.00607	0.00434	0.00578	0.00694	0.00723	0.00405	0.00463	0.00694	0.00954	0.01272	0.02747	0.82157	0.03297	0.01562	0.00636	0.00202	0.00289	0.01417	0.00463	0.00405
16	0.01060	0.02044	0.57098	0.01278	0.03088	0.01045	0.01500	0.01512	0.01066	0.07450	0.06348	0.01462	0.01051	0.06991	0.00704	0.00186	0.04712	0.00447	0.00272	0.00684
17	0.56922	0.22179	0.01253	0.00737	0.01074	0.01350	0.00642	0.01572	0.07426	0.01948	0.00806	0.00895	0.00648	0.00471	0.00328	0.00143	0.00425	0.00294	0.00301	0.00587
18	0.02211	0.00890	0.01182	0.00906	0.01293	0.00794	0.00749	0.08122	0.01496	0.73927	0.01908	0.01659	0.01205	0.00616	0.00501	0.00154	0.00434	0.00497	0.00608	0.00848
19	0.00672	0.00507	0.00624	0.00622	0.00747	0.00459	0.00471	0.00863	0.01271	0.01708	0.44958	0.10783	0.25844	0.01165	0.00601	0.00170	0.00264	0.07312	0.00509	0.00450
20	0.01128	0.07001	0.01387	0.34563	0.02123	0.00949	0.06551	0.01356	0.01071	0.14030	0.01726	0.01933	0.13031	0.00867	0.04613	0.05644	0.00583	0.00549	0.00327	0.00569
21	0.01175	0.01269	0.02497	0.03511	0.02300	0.01276	0.57044	0.01728	0.13713	0.01636	0.01142	0.01407	0.00870	0.00502	0.00661	0.00172	0.07561	0.00568	0.00290	0.00678
22	0.02005	0.01219	0.01387	0.01063	0.01458	0.01284	0.00878	0.53433	0.02048	0.27837	0.01445	0.01358	0.00972	0.00604	0.00499	0.00151	0.00508	0.00466	0.00537	0.00848
23	0.38104	0.01053	0.01070	0.00861	0.01217	0.01128	0.00710	0.23259	0.01437	0.24844	0.01203	0.01175	0.00827	0.00545	0.00418	0.00153	0.00443	0.00387	0.00451	0.00716
24	0.01186	0.01752	0.31051	0.01796	0.16709	0.03090	0.18066	0.08039	0.07305	0.01756	0.02351	0.02657	0.00889	0.00511	0.00511	0.00158	0.00677	0.00478	0.00285	0.00732
25	0.02194	0.00916	0.01199	0.00919	0.01306	0.00833	0.00759	0.11752	0.01540	0.70236	0.01871	0.01635	0.01186	0.00615	0.00501	0.00154	0.00440	0.00495	0.00602	0.00848
26	0.04877	0.01145	0.01245	0.01027	0.01367	0.01262	0.00826	0.28750	0.36840	0.14653	0.01678	0.01563	0.01204	0.00632	0.00496	0.00159	0.00453	0.00502	0.00514	0.00809
27	0.12966	0.01054	0.07328	0.00925	0.01329	0.00897	0.00816	0.09778	0.01414	0.55857	0.01640	0.01481	0.01058	0.00584	0.00474	0.00154	0.00456	0.00456	0.00533	0.00799
28	0.01218	0.08403	0.08431	0.05156	0.01563	0.01044	0.13338	0.14100	0.04088	0.09282	0.01684	0.22711	0.02410	0.00831	0.00540	0.00168	0.00525	0.03472	0.00394	0.00639
29	0.01078	0.00574	0.00723	0.00665	0.00769	0.00556	0.00452	0.01150	0.00913	0.19772	0.01695	0.06686	0.01679	0.49163	0.11612	0.00430	0.00565	0.00683	0.00381	0.00455
30	0.00691	0.00507	0.00604	0.00592	0.00719	0.00453	0.00434	0.00858	0.01229	0.03523	0.38501	0.12373	0.31201	0.05242	0.00689	0.00182	0.00264	0.00992	0.00498	0.00446
31	0.01751	0.13986	0.01745	0.01210	0.01580	0.24467	0.06728	0.37288	0.01770	0.03361	0.00995	0.01069	0.00756	0.00535	0.00464	0.00138	0.00668	0.00396	0.00369	0.00725
32	0.01773	0.01388	0.01582	0.07278	0.01754	0.07636	0.07403	0.53243	0.03182	0.07970	0.01190	0.01240	0.00847	0.00572	0.00503	0.00151	0.00598	0.00455	0.00446	0.00789
33	0.86003	0.00964	0.00733	0.00655	0.00964	0.01118	0.00540	0.01465	0.00848	0.02236	0.00694	0.00810	0.00540	0.00463	0.00308	0.00154	0.00386	0.00270	0.00308	0.00540
34	0.65848	0.01066	0.00825	0.00729	0.01029	0.07095	0.00590	0.07438	0.01033	0.02156	0.01105	0.01182	0.07180	0.00544	0.00358	0.00153	0.00426	0.00354	0.00332	0.00557
35	0.00945	0.04862	0.01107	0.00994	0.01181	0.01940	0.07192	0.01382	0.15659	0.02812	0.02299	0.17253	0.03230	0.01123	0.00611	0.00199	0.00457	0.35772	0.00439	0.00546
36	0.07659	0.00921	0.01486	0.67396	0.10566	0.01116	0.01332	0.01313	0.00998	0.01383	0.00876	0.01279	0.00667	0.00490	0.00483	0.00163	0.00636	0.00429	0.00231	0.00575
37	0.04596	0.00928	0.01078	0.00863	0.01194	0.06994	0.00699	0.03972	0.01400	0.56825	0.08283	0.01777	0.01452	0.00635	0.00487	0.00149	0.00433	0.00509	0.06971	0.00756
38	0.00701	0.00601	0.00772	0.00727	0.00902	0.00549	0.06297	0.00937	0.05822	0.01441	0.06961	0.14362	0.48229	0.01203	0.00600	0.00178	0.00330	0.08468	0.00453	0.00466
39	0.00972	0.00568	0.00752	0.00672	0.00836	0.00516	0.00516	0.01199	0.01414	0.15507	0.65703	0.03371	0.04100	0.00949	0.00573	0.00156	0.00268	0.00832	0.00561	0.00536
40	0.01000	0.02578	0.79900	0.01421	0.02157	0.01158	0.01842	0.01579	0.01052	0.01579	0.00895	0.01052	0.00631	0.00474	0.00474	0.00158	0.00737	0.00368	0.00210	0.00737
41	0.00616	0.00440	0.00586	0.00688	0.00725	0.00410	0.00463	0.00715	0.00993	0.01333	0.09164	0.75566	0.03415	0.01516	0.00632	0.00199	0.00285	0.01374	0.00470	0.00410
42	0.00670	0.00519	0.00722	0.07079	0.00980	0.00545	0.00583	0.00778	0.00943	0.01267	0.02443	0.69670	0.02890	0.01426	0.00701	0.00201	0.06466	0.01266	0.00425	0.00427
43	0.00609	0.00490	0.00535	0.00555	0.00683	0.00425	0.00399	0.00731	0.01102	0.01368	0.10651	0.20048	0.53898	0.05376	0.00696	0.00190	0.00270	0.01096	0.00462	0.00416
44	0.08174	0.00892	0.01008	0.00731	0.01163	0.00703	0.00586	0.01273	0.01018	0.01676	0.00870	0.01015	0.00722	0.00377	0.00364	0.00081	0.00371	0.00293	0.00296	0.78388
45	0.01129	0.01841	0.34630	0.01791	0.02389	0.01205	0.44511	0.01609	0.01131	0.03451	0.00984	0.01232	0.00716	0.00447	0.00539	0.00164	0.00788	0.00495	0.00244	0.00703
46	0.00630	0.00445	0.00570	0.00660	0.00686	0.00421	0.00429	0.00701	0.00913	0.01213	0.02565	0.64690	0.04711	0.17683	0.01014	0.00258	0.00327	0.01271	0.00431	0.00385
47	0.01035	0.01253	0.14788	0.01493	0.01878	0.00979	0.38438	0.01338	0.02892	0.01465	0.07555	0.01550	0.01112	0.00798	0.00892	0.20500	0.00665	0.00541	0.00268	0.00560

[dist]
# distance from previous block
# <min> <max>
0	6

[block]
# block no. 2 follows, 50 sequences, length 27
# corresponding to MSA columns:
# 208-234
name=unknown_C
#
# <colnr> <probs for GDERKNQSTAVLIFYWHMCP>
#	G	D	E	R	K	N	Q	S	T	A	V	L	I	F	Y	W	H	M	C	P
0	0.00916	0.00765	0.00726	0.00679	0.00788	0.08663	0.00465	0.07934	0.01105	0.01388	0.10820	0.04762	0.17271	0.39895	0.01498	0.00312	0.00454	0.00757	0.00378	0.00424
1	0.00666	0.00475	0.00641	0.00734	0.00782	0.00467	0.00529	0.00781	0.00953	0.01273	0.02469	0.52019	0.02862	0.09180	0.09306	0.00297	0.00450	0.15279	0.00426	0.00410
2	0.07085	0.37042	0.01821	0.00915	0.01306	0.10188	0.00808	0.09797	0.01267	0.16258	0.01012	0.01043	0.00776	0.00487	0.00391	0.00123	0.00530	0.00339	0.00338	0.08474
3	0.01330	0.27282	0.27268	0.01302	0.02973	0.14739	0.10786	0.01675	0.02335	0.04677	0.00888	0.01027	0.00693	0.00468	0.00438	0.00138	0.00693	0.00366	0.00247	0.00678
4	0.01163	0.05015	0.52936	0.08738	0.02191	0.01146	0.09685	0.01644	0.01101	0.10257	0.01018	0.01171	0.00715	0.00484	0.00486	0.00157	0.00699	0.00410	0.00261	0.00722
5	0.86003	0.00964	0.00733	0.00655	0.00964	0.01118	0.00540	0.01465	0.00848	0.02236	0.00694	0.00810	0.00540	0.00463	0.00308	0.00154	0.00386	0.00270	0.00308	0.00540
6	0.01829	0.37779	0.01813	0.00872	0.01276	0.01291	0.00787	0.02007	0.01240	0.44315	0.01392	0.01292	0.00966	0.00531	0.00419	0.00133	0.00473	0.00395	0.00435	0.00754
7	0.10188	0.01304	0.02707	0.01947	0.02431	0.01245	0.69380	0.01583	0.01142	0.01665	0.00975	0.01288	0.00733	0.00425	0.00559	0.00167	0.00792	0.00554	0.00258	0.00658
8	0.03299	0.00983	0.08440	0.01013	0.01373	0.00775	0.09423	0.01863	0.02272	0.43750	0.04251	0.12234	0.06536	0.00755	0.00530	0.00164	0.00465	0.00661	0.00499	0.00715
9	0.01004	0.01787	0.41768	0.31593	0.11253	0.01142	0.01635	0.01459	0.01041	0.01470	0.00896	0.01176	0.00661	0.00480	0.00485	0.00160	0.00693	0.00405	0.00219	0.00674
10	0.00651	0.00465	0.00586	0.00637	0.00689	0.00436	0.00427	0.00756	0.01022	0.01378	0.19611	0.44114	0.08236	0.17441	0.00999	0.00246	0.00313	0.01142	0.00450	0.00400
11	0.00866	0.00433	0.00649	0.00649	0.00649	0.00433	0.00433	0.00649	0.00649	0.00866	0.00866	0.01515	0.00866	0.01732	0.01948	0.85498	0.00433	0.00433	0.00216	0.00216
12	0.02680	0.14329	0.36436	0.17089	0.02143	0.06380	0.03520	0.01611	0.01094	0.08860	0.00955	0.01123	0.00699	0.00486	0.00456	0.00150	0.00669	0.00381	0.00257	0.00681
13	0.00623	0.00455	0.00591	0.00693	0.00746	0.00422	0.00485	0.00727	0.00992	0.01301	0.02994	0.66505	0.11724	0.01511	0.00636	0.00201	0.00301	0.08219	0.00462	0.00412
14	0.01724	0.01201	0.01306	0.01040	0.01392	0.01315	0.00847	0.48610	0.17625	0.10964	0.01480	0.01435	0.01059	0.00615	0.00489	0.00151	0.00480	0.00479	0.06982	0.00807
15	0.01025	0.00985	0.01712	0.57846	0.21148	0.01135	0.06359	0.01354	0.01041	0.01378	0.00906	0.01308	0.00700	0.00481	0.00503	0.00162	0.00659	0.00453	0.00229	0.00617
16	0.00802	0.01039	0.15823	0.08304	0.01449	0.00751	0.08979	0.01128	0.04540	0.01500	0.10335	0.09105	0.32408	0.00928	0.00559	0.00168	0.00451	0.00810	0.00381	0.00539
17	0.00719	0.00487	0.00574	0.00578	0.00589	0.00496	0.00344	0.00742	0.00742	0.00999	0.01587	0.05971	0.01803	0.70768	0.11169	0.00509	0.00571	0.00729	0.00304	0.00322
18	0.00801	0.00491	0.00653	0.00704	0.00786	0.00450	0.00492	0.00920	0.01068	0.10120	0.12459	0.61912	0.04463	0.01382	0.00614	0.00191	0.00297	0.01243	0.00491	0.00463
19	0.01295	0.47430	0.21494	0.00986	0.01454	0.01512	0.01055	0.01557	0.01064	0.10046	0.01042	0.07172	0.00907	0.00546	0.00402	0.00132	0.00553	0.00406	0.00277	0.00669
20	0.01458	0.06401	0.01628	0.01233	0.02584	0.01208	0.16408	0.06007	0.38031	0.17026	0.01667	0.01614	0.01210	0.00590	0.00510	0.00161	0.00510	0.00530	0.00454	0.00770
21	0.00616	0.00438	0.00576	0.00683	0.00709	0.00411	0.00450	0.00696	0.00937	0.01249	0.02657	0.76135	0.03183	0.07738	0.00781	0.00224	0.00304	0.01364	0.00450	0.00397
22	0.01015	0.00745	0.01157	0.10333	0.01428	0.00706	0.14264	0.01247	0.01171	0.12450	0.06404	0.02991	0.30582	0.00849	0.00542	0.00162	0.00433	0.03088	0.09884	0.00549
23	0.01156	0.01915	0.47701	0.01506	0.10188	0.01050	0.08316	0.01601	0.01126	0.11210	0.01423	0.01521	0.07937	0.00556	0.00500	0.00158	0.00648	0.00475	0.00291	0.00721
24	0.02144	0.01678	0.36113	0.15561	0.10232	0.01105	0.02563	0.08459	0.03979	0.02809	0.01178	0.09790	0.00999	0.00610	0.00501	0.00163	0.00624	0.00519	0.00288	0.00685
25	0.01119	0.00914	0.01071	0.09483	0.01414	0.01029	0.00810	0.10849	0.37652	0.01927	0.04792	0.14785	0.01895	0.00877	0.00549	0.00178	0.00426	0.09103	0.00465	0.00662
26	0.71679	0.01013	0.02203	0.00757	0.03268	0.02366	0.00603	0.01455	0.00889	0.02126	0.00726	0.00851	0.00571	0.00453	0.00325	0.00145	0.00404	0.00280	0.00303	0.09580

[dist]
# distance from previous block
# <min> <max>
2	4

[block]
# block no. 3 follows, 50 sequences, length 63
# corresponding to MSA columns:
# 264-282,284-299,301-328
name=unknown_D
#
# <colnr> <probs for GDERKNQSTAVLIFYWHMCP>
#	G	D	E	R	K	N	Q	S	T	A	V	L	I	F	Y	W	H	M	C	P
0	0.00684	0.00499	0.00630	0.00614	0.00718	0.00459	0.00446	0.00873	0.01279	0.01770	0.56954	0.11766	0.12500	0.07694	0.00751	0.00189	0.00263	0.00956	0.00511	0.00445
1	0.01157	0.01101	0.01844	0.23621	0.55888	0.01166	0.01459	0.01511	0.04503	0.01555	0.00972	0.01286	0.00789	0.00469	0.00495	0.00154	0.00603	0.00449	0.00252	0.00727
2	0.02003	0.00797	0.01082	0.00847	0.01192	0.00693	0.00693	0.02202	0.01424	0.67850	0.13747	0.02006	0.01764	0.00678	0.00514	0.00155	0.00395	0.00562	0.00607	0.00791
3	0.00643	0.00507	0.00580	0.00562	0.00706	0.00444	0.00421	0.00820	0.01264	0.01649	0.39416	0.04299	0.44616	0.01149	0.00589	0.00163	0.00244	0.00982	0.00503	0.00444
4	0.00724	0.00488	0.00566	0.00566	0.00573	0.00495	0.00329	0.00739	0.00731	0.00983	0.01550	0.03150	0.01764	0.75753	0.09200	0.00510	0.00556	0.00709	0.00299	0.00314
5	0.01120	0.00883	0.01042	0.00749	0.01188	0.00669	0.00601	0.01339	0.01062	0.07230	0.00963	0.01081	0.00774	0.00387	0.00379	0.00080	0.00373	0.00310	0.00318	0.79451
6	0.01333	0.82783	0.02612	0.00853	0.01279	0.01972	0.00853	0.01493	0.01013	0.01173	0.00693	0.00800	0.00640	0.00426	0.00320	0.00107	0.00533	0.00267	0.00213	0.00640
7	0.01975	0.00836	0.01111	0.00885	0.01229	0.00755	0.00730	0.06611	0.02554	0.62234	0.08214	0.02115	0.01613	0.00704	0.00522	0.00160	0.00418	0.05952	0.00592	0.00789
8	0.86003	0.00964	0.00733	0.00655	0.00964	0.01118	0.00540	0.01465	0.00848	0.02236	0.00694	0.00810	0.00540	0.00463	0.00308	0.00154	0.00386	0.00270	0.00308	0.00540
9	0.01680	0.00741	0.00972	0.00788	0.01075	0.00667	0.00634	0.04828	0.01425	0.48185	0.23588	0.02261	0.02198	0.00726	0.00512	0.00151	0.00359	0.00609	0.07891	0.00709
10	0.02236	0.00848	0.01157	0.00887	0.01272	0.00733	0.00733	0.02429	0.01427	0.79719	0.01966	0.01697	0.01234	0.00617	0.00501	0.00154	0.00424	0.00501	0.00617	0.00848
11	0.02236	0.00848	0.01157	0.00887	0.01272	0.00733	0.00733	0.02429	0.01427	0.79719	0.01966	0.01697	0.01234	0.00617	0.00501	0.00154	0.00424	0.00501	0.00617	0.00848
12	0.00679	0.00483	0.00652	0.00762	0.00819	0.00465	0.00570	0.00810	0.01008	0.01332	0.02655	0.52621	0.03082	0.05371	0.00745	0.00225	0.00356	0.26495	0.00454	0.00418
13	0.00612	0.00437	0.00583	0.00691	0.00724	0.00408	0.00463	0.00706	0.00976	0.01307	0.06401	0.78405	0.03364	0.01536	0.00634	0.00200	0.00287	0.01392	0.00467	0.00408
14	0.01345	0.01207	0.03598	0.02724	0.65633	0.01177	0.02631	0.06772	0.01237	0.07335	0.01029	0.01262	0.00821	0.00467	0.00495	0.00149	0.00584	0.00449	0.00290	0.00795
15	0.07813	0.00690	0.00939	0.00872	0.00984	0.00823	0.00690	0.01115	0.00848	0.08016	0.01231	0.01760	0.01114	0.06867	0.49212	0.00574	0.15157	0.00503	0.00294	0.00497
16	0.01074	0.01248	0.08514	0.30479	0.10993	0.01175	0.34770	0.01457	0.01094	0.01477	0.00977	0.02670	0.00760	0.00474	0.00538	0.00165	0.00733	0.00517	0.00241	0.00643
17	0.00866	0.00433	0.00649	0.00649	0.00649	0.00433	0.00433	0.00649	0.00649	0.00866	0.00866	0.01515	0.00866	0.01732	0.01948	0.85498	0.00433	0.00433	0.00216	0.00216
18	0.03720	0.01121	0.02717	0.02117	0.44630	0.02013	0.02183	0.01788	0.11846	0.12613	0.01218	0.01348	0.00936	0.00494	0.00479	0.00145	0.00522	0.00448	0.00341	0.09322
19	0.01406	0.76151	0.02494	0.00856	0.01279	0.01872	0.00843	0.01568	0.01046	0.07530	0.00796	0.00872	0.00688	0.00442	0.00335	0.00110	0.00524	0.00286	0.00246	0.00657
20	0.01948	0.00831	0.01137	0.06319	0.01376	0.00735	0.00748	0.02155	0.01365	0.62830	0.07005	0.01755	0.01389	0.00616	0.00496	0.00149	0.00423	0.00508	0.00559	0.07656
21	0.10631	0.01068	0.03571	0.04238	0.05298	0.03357	0.09725	0.04450	0.10999	0.16555	0.02273	0.02686	0.03320	0.00548	0.00465	0.00141	0.00488	0.00468	0.00388	0.19332
22	0.00723	0.00488	0.00566	0.00563	0.00576	0.00489	0.00331	0.00750	0.00784	0.01059	0.07835	0.03237	0.02019	0.72122	0.06110	0.00472	0.00504	0.00730	0.00320	0.00322
23	0.33771	0.02489	0.02963	0.03583	0.12239	0.06588	0.00876	0.15832	0.06838	0.08860	0.01042	0.01119	0.00776	0.00518	0.00420	0.00151	0.00502	0.00379	0.00366	0.00685
24	0.00702	0.00483	0.00525	0.00535	0.00600	0.00457	0.00343	0.00774	0.00901	0.01212	0.02668	0.09910	0.23999	0.42405	0.01551	0.00324	0.00370	0.00842	0.11033	0.00365
25	0.06150	0.01005	0.01230	0.00948	0.01333	0.00976	0.00783	0.23178	0.01652	0.54859	0.01693	0.01516	0.01094	0.00604	0.00491	0.00153	0.00457	0.00476	0.00569	0.00833
26	0.01895	0.01396	0.01496	0.01147	0.01546	0.01546	0.00947	0.77711	0.02344	0.03141	0.01197	0.01197	0.00848	0.00598	0.00499	0.00150	0.00548	0.00449	0.00499	0.00848
27	0.00748	0.00470	0.00628	0.00711	0.00770	0.00433	0.00486	0.00844	0.00995	0.08036	0.02680	0.75220	0.03119	0.01480	0.00625	0.00198	0.00301	0.01338	0.00476	0.00443
28	0.15848	0.01622	0.01344	0.01107	0.01448	0.25433	0.00884	0.42071	0.01813	0.02408	0.00984	0.01042	0.00734	0.00550	0.00452	0.00144	0.00628	0.00380	0.00394	0.00715
29	0.01333	0.82783	0.02612	0.00853	0.01279	0.01972	0.00853	0.01493	0.01013	0.01173	0.00693	0.00800	0.00640	0.00426	0.00320	0.00107	0.00533	0.00267	0.00213	0.00640
30	0.00950	0.00904	0.01551	0.78206	0.03401	0.01113	0.04346	0.01286	0.01004	0.01286	0.00891	0.01330	0.00668	0.00495	0.00502	0.00166	0.00671	0.00449	0.00223	0.00558
31	0.01250	0.01093	0.01776	0.08692	0.58878	0.02626	0.01351	0.01520	0.01138	0.07882	0.01170	0.08250	0.01029	0.00560	0.00506	0.00154	0.00564	0.00530	0.00294	0.00739
32	0.00997	0.00847	0.00994	0.00734	0.01142	0.00642	0.00580	0.01207	0.01027	0.01594	0.01046	0.08028	0.00959	0.00472	0.00392	0.00085	0.00362	0.00392	0.00310	0.78190
33	0.00825	0.00539	0.00710	0.00658	0.00797	0.00502	0.00501	0.01047	0.01347	0.08187	0.62820	0.03456	0.07484	0.01232	0.07472	0.00213	0.00346	0.00844	0.00526	0.00496
34	0.03840	0.24897	0.22278	0.01292	0.01793	0.03836	0.15111	0.14740	0.04578	0.01766	0.00948	0.01081	0.00729	0.00481	0.00451	0.00143	0.00645	0.00397	0.00285	0.00708
35	0.03942	0.17975	0.02856	0.04188	0.13827	0.08671	0.00942	0.10179	0.04960	0.10263	0.03243	0.01293	0.02587	0.00528	0.00458	0.00133	0.01899	0.00409	0.00341	0.11303
36	0.09783	0.30731	0.40551	0.01151	0.01720	0.01436	0.03574	0.01555	0.01029	0.03166	0.00829	0.00961	0.00642	0.00457	0.00406	0.00140	0.00625	0.00332	0.00231	0.00683
37	0.01333	0.82783	0.02612	0.00853	0.01279	0.01972	0.00853	0.01493	0.01013	0.01173	0.00693	0.00800	0.00640	0.00426	0.00320	0.00107	0.00533	0.00267	0.00213	0.00640
38	0.04015	0.11397	0.68573	0.01331	0.02018	0.01246	0.01687	0.01565	0.01041	0.01557	0.00865	0.01016	0.00629	0.00468	0.00451	0.00152	0.00702	0.00354	0.00214	0.00719
39	0.00755	0.00526	0.00622	0.00601	0.00752	0.00462	0.00452	0.00924	0.01241	0.07207	0.31719	0.11237	0.38212	0.01156	0.00588	0.00167	0.00265	0.02141	0.00505	0.00469
40	0.00857	0.00542	0.00692	0.00645	0.00793	0.00488	0.00487	0.01059	0.01333	0.10841	0.52752	0.10409	0.15080	0.01055	0.00582	0.00162	0.00264	0.00922	0.00537	0.00501
41	0.00697	0.00509	0.00655	0.00618	0.00740	0.00467	0.00464	0.00924	0.01391	0.01952	0.73794	0.03800	0.10049	0.01036	0.00588	0.00158	0.00236	0.00912	0.00543	0.00467
42	0.00737	0.00529	0.00709	0.00806	0.00895	0.00517	0.00653	0.00907	0.01066	0.01386	0.02736	0.22988	0.08060	0.08405	0.00829	0.00241	0.00408	0.47254	0.00447	0.00430
43	0.00894	0.00550	0.00683	0.00640	0.00802	0.00487	0.00483	0.01071	0.01272	0.13691	0.35217	0.14148	0.25958	0.01101	0.00581	0.00166	0.00277	0.00953	0.00522	0.00505
44	0.07915	0.00701	0.00800	0.00706	0.00907	0.00697	0.00550	0.12555	0.01429	0.08770	0.36938	0.05993	0.12559	0.00898	0.00530	0.00156	0.00315	0.00757	0.06268	0.00556
45	0.01034	0.00886	0.01034	0.00738	0.01181	0.00664	0.00591	0.01255	0.01034	0.01624	0.00886	0.01034	0.00738	0.00369	0.00369	0.00074	0.00369	0.00295	0.00295	0.85530
46	0.01354	0.79618	0.02569	0.00864	0.01290	0.01956	0.00857	0.04456	0.01065	0.01249	0.00713	0.00815	0.00648	0.00433	0.00327	0.00108	0.00534	0.00274	0.00224	0.00648
47	0.00873	0.00742	0.01020	0.00901	0.01053	0.00837	0.00721	0.01046	0.00847	0.01276	0.01076	0.01545	0.00993	0.02299	0.43866	0.00499	0.19217	0.00456	0.00263	0.20471
48	0.01159	0.01254	0.02517	0.01813	0.02292	0.01167	0.60186	0.01619	0.06703	0.01636	0.01063	0.01334	0.00808	0.00431	0.00549	0.00154	0.00736	0.00541	0.00277	0.13762
49	0.20293	0.00753	0.00872	0.00876	0.01079	0.00792	0.00751	0.07842	0.01203	0.07418	0.02026	0.03869	0.02050	0.01048	0.00573	0.00200	0.00448	0.46929	0.00440	0.00539
50	0.00729	0.00470	0.00627	0.00700	0.00763	0.00434	0.00482	0.00839	0.01036	0.06680	0.10936	0.68225	0.03308	0.01439	0.00622	0.00194	0.00293	0.01299	0.00482	0.00442
51	0.04562	0.07042	0.50484	0.08238	0.03265	0.01192	0.01505	0.07723	0.01157	0.04955	0.00943	0.01092	0.00681	0.00483	0.00458	0.00150	0.00656	0.00374	0.00261	0.04778
52	0.01228	0.07287	0.06560	0.03460	0.07969	0.02622	0.00864	0.08385	0.01136	0.14563	0.01304	0.01606	0.01060	0.03136	0.32816	0.00415	0.00858	0.00474	0.03640	0.00618
53	0.00721	0.00506	0.00653	0.00616	0.00734	0.00470	0.00462	0.00956	0.01386	0.01989	0.73846	0.03597	0.04470	0.00989	0.00572	0.00154	0.00235	0.00872	0.06303	0.00470
54	0.07907	0.02037	0.52313	0.01369	0.01963	0.01134	0.10445	0.01627	0.07732	0.01672	0.01108	0.01447	0.00867	0.00545	0.00491	0.00165	0.00672	0.05542	0.00266	0.00699
55	0.01123	0.01040	0.01649	0.50202	0.25540	0.02362	0.01383	0.07950	0.01160	0.01538	0.00926	0.01283	0.00717	0.00491	0.00496	0.00159	0.00637	0.00442	0.00253	0.00649
56	0.00666	0.00548	0.00593	0.00599	0.00749	0.00503	0.00442	0.00921	0.08709	0.01462	0.10741	0.17950	0.51860	0.01236	0.00589	0.00173	0.00271	0.01055	0.00475	0.00458
57	0.01913	0.00903	0.01104	0.00885	0.01218	0.04569	0.00716	0.03538	0.08083	0.57068	0.12679	0.01947	0.01708	0.00673	0.00511	0.00155	0.00420	0.00553	0.00579	0.00777
58	0.01538	0.01232	0.01545	0.13463	0.18767	0.03710	0.01107	0.37916	0.05426	0.05042	0.03466	0.01349	0.00967	0.00604	0.01506	0.00161	0.00575	0.00465	0.00398	0.00764
59	0.12725	0.12537	0.05985	0.02655	0.01464	0.07282	0.11214	0.02900	0.12938	0.11229	0.01372	0.10561	0.01169	0.00700	0.01890	0.00168	0.01656	0.00540	0.00363	0.00650
60	0.00777	0.00489	0.00648	0.00720	0.00790	0.00457	0.00509	0.00882	0.01003	0.08039	0.02628	0.59890	0.04429	0.07263	0.00766	0.00221	0.00332	0.09250	0.00464	0.00442
61	0.08623	0.07167	0.01414	0.01038	0.01397	0.08185	0.00854	0.46020	0.01868	0.11644	0.03538	0.03782	0.01027	0.00613	0.00473	0.00147	0.00532	0.00460	0.00456	0.00760
62	0.06464	0.49368	0.15688	0.01027	0.01501	0.03954	0.06198	0.01508	0.01034	0.01375	0.00767	0.00903	0.00648	0.00434	0.00372	0.00121	0.00578	0.00310	0.00229	0.07521

[dist]
# distance from previous block
# <min> <max>
0	8

[block]
# block no. 4 follows, 50 sequences, length 43
# corresponding to MSA columns:
# 337-379
name=unknown_E
#
# <colnr> <probs for GDERKNQSTAVLIFYWHMCP>
#	G	D	E	R	K	N	Q	S	T	A	V	L	I	F	Y	W	H	M	C	P
0	0.09209	0.12537	0.01178	0.00731	0.01120	0.00870	0.00609	0.01317	0.01059	0.05996	0.04462	0.01439	0.07403	0.00501	0.00391	0.00102	0.00382	0.00388	0.00327	0.49980
1	0.01090	0.00920	0.01564	0.65941	0.06480	0.01083	0.05434	0.01412	0.01053	0.08799	0.00998	0.01361	0.00729	0.00503	0.00503	0.00164	0.00648	0.00456	0.00262	0.00598
2	0.01304	0.00892	0.01072	0.00780	0.01210	0.00703	0.00630	0.03594	0.01150	0.17719	0.01117	0.01174	0.00843	0.00426	0.00400	0.00092	0.00385	0.00342	0.00367	0.65800
3	0.00626	0.00455	0.00593	0.00683	0.00738	0.00422	0.00475	0.00739	0.01025	0.01361	0.10239	0.63494	0.10150	0.01473	0.00630	0.00197	0.00290	0.05524	0.00471	0.00416
4	0.00641	0.00507	0.00577	0.00559	0.00705	0.00443	0.00419	0.00816	0.01258	0.01637	0.37985	0.04319	0.46054	0.01154	0.00589	0.00163	0.00245	0.00985	0.00501	0.00443
5	0.00759	0.00542	0.00753	0.00867	0.00963	0.00536	0.00726	0.00956	0.01104	0.01442	0.02664	0.22880	0.02965	0.01419	0.00677	0.00223	0.00421	0.59196	0.00460	0.00447
6	0.00815	0.00450	0.00646	0.00649	0.00666	0.00450	0.00437	0.00699	0.00754	0.01021	0.08532	0.06433	0.01473	0.08939	0.06031	0.60437	0.00459	0.00564	0.00272	0.00271
7	0.01862	0.02376	0.01413	0.01284	0.01541	0.80482	0.00963	0.01990	0.01413	0.01220	0.00770	0.00899	0.00642	0.00514	0.00449	0.00128	0.00899	0.00321	0.00257	0.00578
8	0.01046	0.00927	0.01203	0.00859	0.01308	0.00717	0.07431	0.01285	0.01046	0.01622	0.00897	0.01061	0.00740	0.00374	0.00389	0.00082	0.00411	0.00321	0.00291	0.77988
9	0.00941	0.00886	0.01495	0.81285	0.03433	0.01107	0.01384	0.01274	0.00997	0.01274	0.00886	0.01329	0.00664	0.00498	0.00498	0.00166	0.00664	0.00443	0.00221	0.00554
10	0.00607	0.00434	0.00578	0.00694	0.00723	0.00405	0.00463	0.00694	0.00954	0.01272	0.02747	0.82157	0.03297	0.01562	0.00636	0.00202	0.00289	0.01417	0.00463	0.00405
11	0.01012	0.00671	0.00838	0.00721	0.00938	0.00618	0.03723	0.07915	0.01356	0.13401	0.24933	0.03529	0.34374	0.02966	0.00615	0.00169	0.00330	0.00846	0.00501	0.00544
12	0.01895	0.01396	0.01496	0.01147	0.01546	0.01546	0.00947	0.77711	0.02344	0.03141	0.01197	0.01197	0.00848	0.00598	0.00499	0.00150	0.00548	0.00449	0.00499	0.00848
13	0.43374	0.01685	0.36865	0.01011	0.01509	0.01111	0.01136	0.01519	0.00956	0.03554	0.00862	0.02905	0.00663	0.00497	0.00396	0.00157	0.00544	0.00347	0.00274	0.00633
14	0.01287	0.71900	0.13098	0.00930	0.01398	0.01862	0.00987	0.01504	0.01018	0.01228	0.00720	0.00834	0.00639	0.00433	0.00341	0.00114	0.00561	0.00280	0.00213	0.00653
15	0.00852	0.00542	0.00713	0.00652	0.00795	0.00495	0.00495	0.01083	0.01412	0.09422	0.71742	0.03530	0.04372	0.00981	0.00580	0.00157	0.00253	0.00863	0.00555	0.00506
16	0.86003	0.00964	0.00733	0.00655	0.00964	0.01118	0.00540	0.01465	0.00848	0.02236	0.00694	0.00810	0.00540	0.00463	0.00308	0.00154	0.00386	0.00270	0.00308	0.00540
17	0.00675	0.00502	0.00628	0.00610	0.00729	0.00455	0.00452	0.00876	0.01318	0.01811	0.58310	0.10897	0.18669	0.01113	0.00592	0.00163	0.00243	0.00976	0.00525	0.00455
18	0.86003	0.00964	0.00733	0.00655	0.00964	0.01118	0.00540	0.01465	0.00848	0.02236	0.00694	0.00810	0.00540	0.00463	0.00308	0.00154	0.00386	0.00270	0.00308	0.00540
19	0.00657	0.00470	0.00570	0.00614	0.00660	0.00447	0.00400	0.00731	0.00920	0.01214	0.07322	0.35402	0.13336	0.30400	0.04316	0.00317	0.00389	0.01054	0.00403	0.00376
20	0.01803	0.02251	0.01385	0.01258	0.01518	0.72913	0.00946	0.02053	0.08773	0.01303	0.00891	0.00991	0.00726	0.00529	0.00455	0.00132	0.00851	0.00344	0.00281	0.00598
21	0.00891	0.00606	0.00766	0.00687	0.00843	0.00580	0.00526	0.07841	0.01495	0.06144	0.68172	0.03393	0.04180	0.00961	0.00575	0.00156	0.00273	0.00840	0.00548	0.00524
22	0.00941	0.00886	0.01495	0.81285	0.03433	0.01107	0.01384	0.01274	0.00997	0.01274	0.00886	0.01329	0.00664	0.00498	0.00498	0.00166	0.00664	0.00443	0.00221	0.00554
23	0.01249	0.01338	0.01706	0.36402	0.24328	0.19390	0.05625	0.01529	0.01141	0.01379	0.00881	0.01204	0.00700	0.00482	0.00491	0.00152	0.00708	0.00423	0.00238	0.00632
24	0.00653	0.00477	0.00625	0.00726	0.00793	0.00449	0.00537	0.00780	0.01024	0.01336	0.03003	0.53734	0.12510	0.01479	0.00643	0.00205	0.00327	0.19816	0.00462	0.00420
25	0.00951	0.00896	0.01513	0.78629	0.06011	0.01110	0.01389	0.01282	0.01001	0.01286	0.00888	0.01326	0.00669	0.00496	0.00498	0.00165	0.00662	0.00443	0.00222	0.00562
26	0.01064	0.01388	0.20988	0.47102	0.04979	0.01171	0.06436	0.08170	0.01146	0.01546	0.00925	0.01247	0.00682	0.00495	0.00498	0.00162	0.00681	0.00435	0.00246	0.00639
27	0.09176	0.12553	0.01390	0.05528	0.02752	0.12223	0.07576	0.04255	0.01025	0.01385	0.01059	0.01524	0.00960	0.09062	0.27020	0.00389	0.00867	0.00454	0.00270	0.00535
28	0.00715	0.00482	0.00558	0.00576	0.00583	0.00478	0.00340	0.00734	0.00767	0.01022	0.01744	0.12041	0.02019	0.70243	0.02252	0.00442	0.00461	0.03896	0.00326	0.00320
29	0.00613	0.00438	0.00585	0.00700	0.00732	0.00410	0.00472	0.00703	0.00960	0.01278	0.02744	0.80036	0.03285	0.01556	0.00638	0.00203	0.00294	0.03484	0.00463	0.00406
30	0.13283	0.01273	0.01502	0.05940	0.01658	0.01392	0.07715	0.51905	0.01906	0.06896	0.01134	0.01192	0.00807	0.00559	0.00481	0.00153	0.00552	0.00439	0.00441	0.00772
31	0.05945	0.01217	0.01291	0.08862	0.07579	0.08297	0.00928	0.13415	0.41758	0.03102	0.01527	0.01518	0.01148	0.00603	0.00488	0.00160	0.00503	0.00488	0.00427	0.00744
32	0.00732	0.00492	0.00568	0.00579	0.00590	0.00492	0.00350	0.00754	0.00765	0.01017	0.01673	0.03487	0.01913	0.74736	0.02360	0.00459	0.00481	0.07916	0.00317	0.00317
33	0.01319	0.01151	0.01169	0.01036	0.01327	0.04567	0.00809	0.08696	0.69101	0.02135	0.01909	0.01766	0.01430	0.00663	0.00504	0.00166	0.00428	0.00544	0.00496	0.00785
34	0.01007	0.00823	0.00927	0.00842	0.01055	0.00896	0.00650	0.03447	0.40967	0.02009	0.31504	0.02631	0.04831	0.00945	0.03872	0.00189	0.00372	0.00699	0.00509	0.01827
35	0.00987	0.00611	0.00782	0.00701	0.00874	0.00579	0.00539	0.01320	0.08262	0.13887	0.60467	0.03248	0.03890	0.00927	0.00567	0.00157	0.00278	0.00810	0.00555	0.00556
36	0.00712	0.00534	0.00801	0.00801	0.00890	0.00623	0.00623	0.00890	0.00801	0.01157	0.01335	0.01958	0.01246	0.03738	0.80507	0.00801	0.01335	0.00534	0.00267	0.00445
37	0.01701	0.01246	0.01357	0.01066	0.01398	0.01391	0.00873	0.62435	0.02055	0.02810	0.01222	0.01330	0.00914	0.03026	0.02306	0.00174	0.04900	0.00459	0.08567	0.00771
38	0.00738	0.00527	0.00727	0.00833	0.00921	0.00516	0.00680	0.00924	0.01103	0.01453	0.06966	0.28999	0.03103	0.01413	0.00667	0.00217	0.00394	0.48911	0.00465	0.00443
39	0.01062	0.00954	0.01660	0.62377	0.09864	0.01108	0.08636	0.01392	0.01050	0.05740	0.00963	0.01343	0.00716	0.00493	0.00507	0.00164	0.00661	0.00460	0.00249	0.00602
40	0.01105	0.00928	0.01072	0.00772	0.01211	0.00737	0.00620	0.07585	0.01142	0.01750	0.00912	0.01047	0.00747	0.00388	0.00380	0.00080	0.00384	0.00308	0.00312	0.78519
41	0.00646	0.00483	0.00634	0.05200	0.00880	0.00465	0.00518	0.00758	0.00982	0.01280	0.02886	0.55499	0.13851	0.06770	0.00751	0.00216	0.00331	0.06999	0.00438	0.00413
42	0.13368	0.00956	0.02242	0.00828	0.01249	0.00806	0.03730	0.04648	0.01121	0.12299	0.01022	0.01111	0.00780	0.00429	0.00394	0.00104	0.00411	0.00339	0.00346	0.53817

[dist]
# distance from previous block
# <min> <max>
0	2

[block]
# block no. 5 follows, 50 sequences, length 48
# corresponding to MSA columns:
# 382-429
name=unknown_F
#
# <colnr> <probs for GDERKNQSTAVLIFYWHMCP>
#	G	D	E	R	K	N	Q	S	T	A	V	L	I	F	Y	W	H	M	C	P
0	0.01487	0.04722	0.06695	0.01018	0.01336	0.14603	0.00849	0.19606	0.18406	0.09586	0.01657	0.01773	0.06761	0.08463	0.00685	0.00183	0.00547	0.00515	0.00418	0.00690
1	0.80186	0.00956	0.00762	0.00672	0.00985	0.01091	0.00553	0.01532	0.00888	0.07617	0.00782	0.00871	0.00588	0.00473	0.00322	0.00154	0.00388	0.00286	0.00330	0.00561
2	0.02044	0.01061	0.01277	0.00990	0.01373	0.01061	0.00814	0.29607	0.07108	0.46698	0.01693	0.01528	0.01114	0.00614	0.00501	0.00154	0.00467	0.00487	0.00567	0.00844
3	0.00659	0.00503	0.00605	0.00590	0.00719	0.00449	0.00439	0.00846	0.01285	0.01725	0.48499	0.09727	0.29861	0.01141	0.00592	0.00164	0.00245	0.00990	0.00513	0.00449
4	0.00723	0.00491	0.00581	0.00581	0.00594	0.00504	0.00349	0.00749	0.00736	0.00994	0.01536	0.03072	0.01730	0.71017	0.13890	0.00530	0.00607	0.00697	0.00297	0.00323
5	0.00991	0.00936	0.01584	0.68086	0.16246	0.01120	0.01409	0.01317	0.01020	0.01333	0.00895	0.01313	0.00686	0.00489	0.00498	0.00163	0.00652	0.00443	0.00226	0.00593
6	0.01051	0.00735	0.01044	0.18173	0.01514	0.00787	0.07818	0.08185	0.01177	0.02874	0.01448	0.01905	0.01172	0.00607	0.00443	0.00143	0.00430	0.05903	0.44047	0.00543
7	0.00713	0.00532	0.00790	0.00790	0.00876	0.00617	0.00610	0.00883	0.00798	0.01149	0.01345	0.02013	0.01270	0.07026	0.77252	0.00788	0.01300	0.00542	0.00268	0.00439
8	0.01034	0.00886	0.01034	0.00738	0.01181	0.00664	0.00591	0.01255	0.01034	0.01624	0.00886	0.01034	0.00738	0.00369	0.00369	0.00074	0.00369	0.00295	0.00295	0.85530
9	0.70973	0.07069	0.07800	0.02092	0.01133	0.01184	0.00691	0.01474	0.00881	0.02085	0.00715	0.00839	0.00557	0.00462	0.00327	0.00151	0.00432	0.00281	0.00291	0.00565
10	0.00981	0.00880	0.01280	0.07050	0.11640	0.04499	0.10252	0.06624	0.01158	0.01547	0.03419	0.33472	0.01980	0.00969	0.00566	0.00173	0.00487	0.05899	0.00373	0.06750
11	0.00866	0.00433	0.00649	0.00649	0.00649	0.00433	0.00433	0.00649	0.00649	0.00866	0.00866	0.01515	0.00866	0.01732	0.01948	0.85498	0.00433	0.00433	0.00216	0.00216
12	0.01195	0.01186	0.02144	0.10453	0.57601	0.01191	0.15797	0.01517	0.01129	0.01588	0.00946	0.01264	0.00771	0.00445	0.00512	0.00154	0.00646	0.00471	0.00245	0.00745
13	0.00688	0.00502	0.00647	0.00625	0.00738	0.00461	0.00463	0.00901	0.01348	0.01883	0.66574	0.11392	0.09739	0.01088	0.00593	0.00162	0.00242	0.00962	0.00534	0.00461
14	0.00724	0.00488	0.00569	0.00569	0.00577	0.00497	0.00333	0.00741	0.00732	0.00985	0.01548	0.03136	0.01757	0.74859	0.10086	0.00514	0.00566	0.00706	0.00299	0.00316
15	0.00823	0.00627	0.00791	0.00776	0.00879	0.01891	0.00575	0.05726	0.06359	0.01398	0.07293	0.15739	0.01912	0.14295	0.38014	0.00512	0.00833	0.00731	0.00357	0.00470
16	0.01295	0.51876	0.26532	0.01032	0.01552	0.01629	0.01151	0.01588	0.01055	0.07025	0.00848	0.00944	0.00680	0.00455	0.00381	0.00126	0.00588	0.00315	0.00242	0.00685
17	0.01343	0.71748	0.08153	0.00922	0.01360	0.06994	0.00932	0.01531	0.01042	0.01205	0.00713	0.00824	0.00639	0.00436	0.00339	0.00112	0.00572	0.00277	0.00216	0.00643
18	0.01291	0.01413	0.18510	0.01869	0.32482	0.01094	0.01286	0.12380	0.01320	0.07474	0.06646	0.01381	0.01071	0.00519	0.00485	0.00144	0.00557	0.00450	0.00328	0.09300
19	0.01435	0.28439	0.07240	0.01446	0.14642	0.15399	0.04623	0.10512	0.08767	0.01621	0.00964	0.01081	0.00780	0.00492	0.00433	0.00135	0.00624	0.00378	0.00290	0.00701
20	0.00981	0.00881	0.01440	0.54556	0.02743	0.01030	0.06491	0.06717	0.01133	0.01480	0.04816	0.07637	0.01224	0.00666	0.00533	0.00172	0.00606	0.06040	0.00294	0.00561
21	0.01013	0.00863	0.01008	0.00732	0.01152	0.00652	0.00580	0.01225	0.01024	0.01598	0.00960	0.03648	0.00843	0.02258	0.00426	0.00087	0.00369	0.00340	0.00301	0.80918
22	0.50033	0.01551	0.01025	0.00922	0.01211	0.33731	0.00720	0.02952	0.01105	0.01834	0.00734	0.00853	0.00587	0.00486	0.00370	0.00144	0.00599	0.00294	0.00290	0.00561
23	0.00941	0.00886	0.01495	0.81285	0.03433	0.01107	0.01384	0.01274	0.00997	0.01274	0.00886	0.01329	0.00664	0.00498	0.00498	0.00166	0.00664	0.00443	0.00221	0.00554
24	0.00706	0.00522	0.00761	0.00769	0.00845	0.00594	0.00581	0.00860	0.00804	0.01147	0.01456	0.07654	0.01443	0.11211	0.67412	0.00729	0.01180	0.00614	0.00284	0.00428
25	0.00874	0.00758	0.00903	0.06835	0.08648	0.06453	0.00695	0.06452	0.01129	0.01446	0.02448	0.47733	0.11289	0.01196	0.00583	0.00181	0.00405	0.01060	0.00412	0.00499
26	0.00607	0.00434	0.00578	0.00694	0.00723	0.00405	0.00463	0.00694	0.00954	0.01272	0.02747	0.82157	0.03297	0.01562	0.00636	0.00202	0.00289	0.01417	0.00463	0.00405
27	0.01858	0.00766	0.01027	0.00815	0.01140	0.00666	0.00663	0.02053	0.01403	0.60908	0.15206	0.02264	0.07485	0.00732	0.00522	0.00156	0.00380	0.00609	0.00594	0.00753
28	0.07354	0.01128	0.01920	0.17355	0.52087	0.01173	0.08792	0.01484	0.01092	0.01604	0.00917	0.01231	0.00745	0.00453	0.00490	0.00154	0.00615	0.00445	0.00247	0.00716
29	0.00965	0.02331	0.70441	0.01326	0.01989	0.01076	0.01678	0.01502	0.01095	0.01629	0.10232	0.01371	0.01118	0.00539	0.00487	0.00158	0.00677	0.00432	0.00251	0.00705
30	0.01115	0.01018	0.05102	0.01199	0.01480	0.00962	0.19654	0.20787	0.01379	0.01862	0.03513	0.27570	0.01823	0.03191	0.03245	0.00206	0.00558	0.04332	0.00399	0.00603
31	0.07293	0.06852	0.05274	0.04514	0.01208	0.00840	0.00699	0.04534	0.05037	0.16284	0.06729	0.03431	0.20825	0.00742	0.00481	0.00144	0.00396	0.00601	0.00420	0.13694
32	0.07212	0.03194	0.10754	0.05876	0.01639	0.06906	0.01022	0.38043	0.16186	0.02410	0.01224	0.01257	0.00898	0.00574	0.00477	0.00153	0.00562	0.00436	0.00414	0.00762
33	0.00972	0.00918	0.01551	0.72986	0.11489	0.01116	0.01400	0.01301	0.01011	0.01311	0.00891	0.01319	0.00678	0.00493	0.00498	0.00164	0.00657	0.00443	0.00224	0.00579
34	0.00992	0.00842	0.00990	0.00734	0.01137	0.00639	0.00578	0.01201	0.01026	0.01590	0.01066	0.08888	0.00986	0.00485	0.00395	0.00086	0.00361	0.00404	0.00312	0.77288
35	0.07523	0.39561	0.01900	0.00939	0.01320	0.04042	0.06345	0.01685	0.10493	0.09050	0.02285	0.01301	0.04518	0.00523	0.00403	0.00129	0.00500	0.00398	0.00321	0.06762
36	0.15909	0.00821	0.00969	0.00808	0.01107	0.00795	0.00646	0.06565	0.03224	0.34747	0.02978	0.10981	0.04690	0.00941	0.06232	0.00201	0.00460	0.00583	0.00480	0.06864
37	0.03577	0.23282	0.42782	0.01172	0.01733	0.01376	0.01349	0.01747	0.13994	0.02976	0.01045	0.01126	0.00791	0.00497	0.00435	0.00146	0.00610	0.00374	0.00271	0.00716
38	0.01342	0.60109	0.12919	0.01023	0.01493	0.01721	0.06569	0.01580	0.01060	0.06968	0.00836	0.00938	0.00690	0.00446	0.00373	0.00121	0.00575	0.00321	0.00245	0.00670
