[name]
unknown

[dist]
# distance from previous block
# <min> <max>
0	38

[block]
# block no. 0 follows, 45 sequences, length 54
# corresponding to MSA columns:
# 61-79,81-115
name=unknown_A
#
# <colnr> <probs for GDERKNQSTAVLIFYWHMCP>
#	G	D	E	R	K	N	Q	S	T	A	V	L	I	F	Y	W	H	M	C	P
0	0.00846	0.00636	0.00871	0.08820	0.01238	0.00654	0.00752	0.03457	0.03678	0.01673	0.15005	0.29657	0.03213	0.01338	0.00671	0.00213	0.00417	0.25858	0.00489	0.00512
1	0.01113	0.00912	0.01109	0.05773	0.01381	0.00727	0.00682	0.01360	0.01165	0.04232	0.08711	0.01448	0.01238	0.00485	0.00435	0.00098	0.00405	0.00401	0.00352	0.67974
2	0.84927	0.01038	0.00789	0.00706	0.01038	0.01204	0.00581	0.01578	0.00914	0.02408	0.00747	0.00872	0.00581	0.00498	0.00332	0.00166	0.00415	0.00291	0.00332	0.00581
3	0.02011	0.02395	0.01535	0.01360	0.01660	0.67036	0.01035	0.13553	0.01676	0.01633	0.00901	0.01018	0.00726	0.00567	0.00492	0.00142	0.00910	0.00367	0.00317	0.00667
4	0.00634	0.00544	0.00544	0.00544	0.00725	0.00453	0.00408	0.00770	0.01224	0.01450	0.05438	0.05166	0.77569	0.01359	0.00634	0.00181	0.00272	0.01133	0.00498	0.00453
5	0.00922	0.00725	0.00830	0.00798	0.00988	0.00736	0.00617	0.01487	0.22321	0.03261	0.25210	0.08035	0.22355	0.01124	0.00621	0.00186	0.00337	0.08315	0.00541	0.00590
6	0.01099	0.05840	0.62446	0.09470	0.03885	0.01284	0.05330	0.01663	0.01133	0.01650	0.00960	0.01170	0.00693	0.00507	0.00512	0.00169	0.00778	0.00413	0.00231	0.00767
7	0.00664	0.00545	0.00568	0.00573	0.00732	0.00469	0.00425	0.00794	0.01186	0.01433	0.06556	0.05018	0.64536	0.09405	0.00851	0.00219	0.00308	0.04791	0.00483	0.00444
8	0.01102	0.10568	0.65141	0.05102	0.02253	0.01313	0.01815	0.01657	0.01136	0.01652	0.02925	0.01194	0.00796	0.00521	0.00498	0.00165	0.00754	0.00404	0.00237	0.00766
9	0.00661	0.00484	0.00622	0.00717	0.00774	0.00444	0.00488	0.00774	0.01096	0.01451	0.10068	0.64736	0.12528	0.01590	0.00674	0.00209	0.00301	0.01428	0.00507	0.00444
10	0.01153	0.01075	0.01453	0.07188	0.09122	0.04180	0.01068	0.01322	0.00948	0.01429	0.00978	0.01474	0.00900	0.05618	0.02862	0.00233	0.45916	0.00491	0.12004	0.00586
11	0.01948	0.10515	0.01651	0.01336	0.01631	0.71230	0.01025	0.02089	0.01478	0.01309	0.00821	0.00957	0.00691	0.00544	0.00470	0.00136	0.00928	0.00340	0.00272	0.00629
12	0.00781	0.00520	0.00585	0.00585	0.00585	0.00520	0.00325	0.00781	0.00781	0.01041	0.01691	0.03513	0.01952	0.81135	0.02732	0.00520	0.00520	0.00781	0.00325	0.00325
13	0.00865	0.00618	0.00865	0.00989	0.01112	0.00618	0.00865	0.01112	0.01236	0.01606	0.02842	0.06055	0.03089	0.01483	0.00741	0.00247	0.00494	0.74174	0.00494	0.00494
14	0.01335	0.01153	0.01214	0.01092	0.01396	0.01335	0.00850	0.02852	0.76817	0.02245	0.02185	0.02003	0.01639	0.00728	0.00546	0.00182	0.00425	0.00607	0.00546	0.00850
15	0.00774	0.00548	0.00724	0.00724	0.00772	0.00596	0.00498	0.00869	0.00822	0.01143	0.01565	0.02812	0.01647	0.42653	0.40798	0.00691	0.00978	0.00678	0.00306	0.00402
16	0.01622	0.42304	0.02241	0.01308	0.09182	0.19014	0.01028	0.11048	0.04765	0.01632	0.00923	0.01036	0.00776	0.00517	0.00427	0.00133	0.00663	0.00358	0.00296	0.00725
17	0.01165	0.15503	0.01801	0.08151	0.11271	0.01497	0.01139	0.01350	0.00949	0.01345	0.00884	0.01301	0.00818	0.01229	0.12970	0.00294	0.37008	0.00455	0.00246	0.00623
18	0.00673	0.00491	0.00638	0.00748	0.00806	0.00456	0.00525	0.00787	0.01071	0.01403	0.03232	0.64540	0.12028	0.01625	0.00685	0.00217	0.00325	0.08807	0.00498	0.00444
19	0.01197	0.01013	0.01406	0.01731	0.28013	0.01051	0.01022	0.09125	0.15504	0.02061	0.20739	0.02492	0.04260	0.04836	0.00681	0.00188	0.00476	0.03038	0.00444	0.00721
20	0.01073	0.00594	0.00610	0.00576	0.00716	0.00609	0.00429	0.08035	0.01219	0.02031	0.01703	0.02089	0.01392	0.08746	0.00628	0.00168	0.00309	0.00527	0.68026	0.00520
21	0.01231	0.01132	0.01902	0.12547	0.51966	0.01172	0.04593	0.01544	0.01187	0.01726	0.02579	0.01475	0.00972	0.00529	0.00559	0.00161	0.03171	0.00497	0.10302	0.00755
22	0.01113	0.00954	0.01113	0.00795	0.01272	0.00716	0.00636	0.01352	0.01113	0.01749	0.00954	0.01113	0.00795	0.00398	0.00398	0.00080	0.00398	0.00318	0.00318	0.84417
23	0.75253	0.01026	0.00849	0.00750	0.01069	0.01185	0.00617	0.01614	0.00945	0.06738	0.00840	0.00965	0.00645	0.00600	0.02076	0.00184	0.03381	0.00318	0.00347	0.00599
24	0.01649	0.01236	0.01376	0.01029	0.01479	0.01208	0.00841	0.39886	0.01859	0.06009	0.01179	0.01236	0.00880	0.00537	0.00476	0.00125	0.00500	0.00413	0.00446	0.37637
25	0.01014	0.00954	0.01610	0.79845	0.03697	0.01193	0.01491	0.01371	0.01073	0.01371	0.00954	0.01431	0.00716	0.00537	0.00537	0.00179	0.00716	0.00477	0.00239	0.00596
26	0.00654	0.00467	0.00623	0.00747	0.00779	0.00436	0.00498	0.00747	0.01028	0.01370	0.02959	0.80785	0.03550	0.01682	0.00685	0.00218	0.00311	0.01526	0.00498	0.00436
27	0.02005	0.02558	0.01521	0.01383	0.01659	0.78980	0.01037	0.02143	0.01521	0.01314	0.00830	0.00968	0.00691	0.00553	0.00484	0.00138	0.00968	0.00346	0.00277	0.00622
28	0.00658	0.00470	0.00626	0.00745	0.00779	0.00439	0.00499	0.00757	0.01046	0.01399	0.05708	0.77953	0.03606	0.01660	0.00683	0.00216	0.00309	0.01506	0.00502	0.00439
29	0.00749	0.00540	0.00708	0.00683	0.00800	0.00499	0.00506	0.00986	0.01470	0.02074	0.69986	0.11752	0.04912	0.01156	0.00638	0.00174	0.00259	0.01027	0.00582	0.00499
30	0.00673	0.00545	0.00598	0.00585	0.00749	0.00470	0.00438	0.00845	0.01315	0.01668	0.27748	0.04808	0.55123	0.01278	0.00634	0.00177	0.00266	0.01083	0.00527	0.00470
31	0.84927	0.01038	0.00789	0.00706	0.01038	0.01204	0.00581	0.01578	0.00914	0.02408	0.00747	0.00872	0.00581	0.00498	0.00332	0.00166	0.00415	0.00291	0.00332	0.00581
32	0.01113	0.00954	0.01113	0.00795	0.01272	0.00716	0.00636	0.01352	0.01113	0.01749	0.00954	0.01113	0.00795	0.00398	0.00398	0.00080	0.00398	0.00318	0.00318	0.84417
33	0.02005	0.02558	0.01521	0.01383	0.01659	0.78980	0.01037	0.02143	0.01521	0.01314	0.00830	0.00968	0.00691	0.00553	0.00484	0.00138	0.00968	0.00346	0.00277	0.00622
34	0.84927	0.01038	0.00789	0.00706	0.01038	0.01204	0.00581	0.01578	0.00914	0.02408	0.00747	0.00872	0.00581	0.00498	0.00332	0.00166	0.00415	0.00291	0.00332	0.00581
35	0.01905	0.01436	0.01535	0.01208	0.01613	0.01601	0.00987	0.61935	0.16807	0.03164	0.01461	0.01426	0.01052	0.00661	0.00539	0.00165	0.00559	0.00507	0.00539	0.00901
36	0.84927	0.01038	0.00789	0.00706	0.01038	0.01204	0.00581	0.01578	0.00914	0.02408	0.00747	0.00872	0.00581	0.00498	0.00332	0.00166	0.00415	0.00291	0.00332	0.00581
37	0.01329	0.01275	0.02179	0.03295	0.77787	0.01275	0.01647	0.01647	0.01222	0.01754	0.01010	0.01329	0.00850	0.00478	0.00531	0.00159	0.00638	0.00478	0.00266	0.00850
38	0.02041	0.01504	0.01611	0.01235	0.01665	0.01665	0.01020	0.75997	0.02524	0.03383	0.01289	0.01289	0.00913	0.00644	0.00537	0.00161	0.00591	0.00483	0.00537	0.00913
39	0.02018	0.01492	0.01598	0.01230	0.01656	0.01654	0.01015	0.73653	0.04905	0.03347	0.01317	0.01312	0.00936	0.00647	0.00537	0.00162	0.00585	0.00487	0.00537	0.00911
40	0.00649	0.00487	0.00603	0.00696	0.00765	0.00440	0.00475	0.00753	0.01078	0.01391	0.03589	0.61550	0.22378	0.01600	0.00672	0.00209	0.00301	0.01426	0.00498	0.00440
41	0.00760	0.00549	0.00718	0.00675	0.00802	0.00506	0.00506	0.01013	0.01519	0.02153	0.77503	0.04010	0.05065	0.01097	0.00633	0.00169	0.00253	0.00971	0.00591	0.00506
42	0.01001	0.00500	0.00500	0.00500	0.00625	0.00500	0.00375	0.01251	0.01126	0.02001	0.01751	0.02001	0.01376	0.00625	0.00375	0.00125	0.00250	0.00500	0.84115	0.00500
43	0.02408	0.00914	0.01246	0.00955	0.01370	0.00789	0.00789	0.02616	0.01536	0.78158	0.02118	0.01827	0.01329	0.00664	0.00540	0.00166	0.00457	0.00540	0.00664	0.00914
44	0.00639	0.00540	0.00552	0.00557	0.00730	0.00454	0.00415	0.00776	0.01222	0.01465	0.07190	0.08666	0.72234	0.01368	0.00637	0.00183	0.00273	0.01147	0.00501	0.00454
45	0.06085	0.00941	0.01239	0.00954	0.01366	0.00840	0.00788	0.05276	0.01545	0.72012	0.02026	0.01764	0.01280	0.00656	0.00530	0.00166	0.00460	0.00527	0.00645	0.00899
46	0.00652	0.00474	0.00616	0.00729	0.00774	0.00438	0.00490	0.00750	0.01046	0.01378	0.03185	0.73873	0.10316	0.01652	0.00681	0.00215	0.00308	0.01490	0.00498	0.00438
47	0.66755	0.00967	0.00810	0.00712	0.01032	0.01083	0.00583	0.01660	0.01006	0.10861	0.01008	0.01099	0.00750	0.00530	0.00360	0.00162	0.00402	0.00341	0.09271	0.00610
48	0.00723	0.00536	0.00682	0.00782	0.00841	0.00527	0.00534	0.00960	0.08671	0.01459	0.02881	0.72840	0.03358	0.01586	0.00671	0.00214	0.00323	0.01433	0.00503	0.00478
49	0.47250	0.00964	0.00956	0.00798	0.01150	0.01010	0.00655	0.01982	0.02666	0.31317	0.01353	0.01320	0.00930	0.00573	0.00418	0.00164	0.00422	0.00403	0.04959	0.00709
50	0.77894	0.01027	0.00828	0.00727	0.01066	0.01169	0.00599	0.01666	0.00967	0.08864	0.00864	0.00953	0.00645	0.00512	0.00350	0.00166	0.00419	0.00312	0.00361	0.00610
51	0.01278	0.25519	0.48657	0.01322	0.01982	0.01544	0.01577	0.09166	0.01261	0.01743	0.00933	0.01070	0.00706	0.00509	0.00465	0.00153	0.00709	0.00374	0.00259	0.00775
52	0.01119	0.00959	0.01116	0.00803	0.01275	0.00732	0.00642	0.01392	0.03152	0.01763	0.00987	0.01137	0.00818	0.00406	0.00402	0.00082	0.00398	0.00326	0.00324	0.82166
53	0.01511	0.01573	0.02577	0.01908	0.02377	0.13877	0.50466	0.08314	0.01429	0.06673	0.01176	0.03424	0.00906	0.00531	0.00596	0.00172	0.00844	0.00591	0.00326	0.00729

[dist]
# distance from previous block
# <min> <max>
0	7

[block]
# block no. 1 follows, 45 sequences, length 43
# corresponding to MSA columns:
# 123-164,176
name=unknown_B
#
# <colnr> <probs for GDERKNQSTAVLIFYWHMCP>
#	G	D	E	R	K	N	Q	S	T	A	V	L	I	F	Y	W	H	M	C	P
0	0.00650	0.00484	0.00605	0.00703	0.00767	0.00440	0.00478	0.00752	0.01071	0.01388	0.03503	0.64168	0.19816	0.01611	0.00674	0.00210	0.00303	0.01440	0.00498	0.00440
1	0.00654	0.00467	0.00623	0.00747	0.00779	0.00436	0.00498	0.00747	0.01028	0.01370	0.02959	0.80785	0.03550	0.01682	0.00685	0.00218	0.00311	0.01526	0.00498	0.00436
2	0.84927	0.01038	0.00789	0.00706	0.01038	0.01204	0.00581	0.01578	0.00914	0.02408	0.00747	0.00872	0.00581	0.00498	0.00332	0.00166	0.00415	0.00291	0.00332	0.00581
3	0.01014	0.00954	0.01610	0.79845	0.03697	0.01193	0.01491	0.01371	0.01073	0.01371	0.00954	0.01431	0.00716	0.00537	0.00537	0.00179	0.00716	0.00477	0.00239	0.00596
4	0.02408	0.00914	0.01246	0.00955	0.01370	0.00789	0.00789	0.02616	0.01536	0.78158	0.02118	0.01827	0.01329	0.00664	0.00540	0.00166	0.00457	0.00540	0.00664	0.00914
5	0.16336	0.01231	0.01272	0.01061	0.01419	0.01381	0.00854	0.26586	0.33767	0.08049	0.01634	0.01557	0.01193	0.00656	0.00505	0.00171	0.00480	0.00506	0.00514	0.00828
6	0.01892	0.01559	0.01694	0.01325	0.01714	0.08791	0.06264	0.55505	0.05988	0.02884	0.01240	0.01299	0.00909	0.00645	0.00617	0.00166	0.05697	0.00486	0.00476	0.00849
7	0.00766	0.00580	0.00674	0.00641	0.00806	0.00524	0.00484	0.01020	0.04579	0.03539	0.40832	0.04386	0.36832	0.01188	0.00628	0.00175	0.00273	0.01017	0.00550	0.00507
8	0.73237	0.01047	0.00933	0.04481	0.06397	0.01198	0.00701	0.01601	0.00958	0.04323	0.00811	0.00954	0.00626	0.00503	0.00361	0.00166	0.00445	0.00319	0.00332	0.00609
9	0.02226	0.15044	0.01528	0.00962	0.01380	0.03385	0.00819	0.02425	0.01458	0.62394	0.01839	0.01632	0.01198	0.00625	0.00504	0.00156	0.00493	0.00490	0.00577	0.00865
10	0.00773	0.00550	0.00735	0.00735	0.00787	0.00602	0.00512	0.00877	0.00825	0.01152	0.01555	0.02755	0.01623	0.39532	0.43885	0.00705	0.01015	0.00670	0.00305	0.00408
11	0.00760	0.00549	0.00718	0.00675	0.00802	0.00506	0.00506	0.01013	0.01519	0.02153	0.77503	0.04010	0.05065	0.01097	0.00633	0.00169	0.00253	0.00971	0.00591	0.00506
12	0.01306	0.01253	0.02139	0.08657	0.72597	0.01270	0.01636	0.01628	0.01212	0.01727	0.01006	0.01336	0.00841	0.00482	0.00532	0.00161	0.00643	0.00478	0.00264	0.00832
13	0.01014	0.00954	0.01610	0.79845	0.03697	0.01193	0.01491	0.01371	0.01073	0.01371	0.00954	0.01431	0.00716	0.00537	0.00537	0.00179	0.00716	0.00477	0.00239	0.00596
14	0.84927	0.01038	0.00789	0.00706	0.01038	0.01204	0.00581	0.01578	0.00914	0.02408	0.00747	0.00872	0.00581	0.00498	0.00332	0.00166	0.00415	0.00291	0.00332	0.00581
15	0.01176	0.02605	0.70618	0.01512	0.02271	0.01218	0.04192	0.01765	0.01166	0.07056	0.01048	0.01192	0.00730	0.00519	0.00516	0.00170	0.00773	0.00414	0.00259	0.00800
16	0.01163	0.21412	0.49714	0.01283	0.01915	0.01383	0.01541	0.01659	0.03076	0.02985	0.08048	0.01368	0.01124	0.00560	0.00483	0.00157	0.00675	0.00431	0.00277	0.00745
17	0.01896	0.01312	0.01417	0.01114	0.01483	0.02753	0.00907	0.55977	0.03451	0.09244	0.01378	0.01422	0.00995	0.00730	0.00633	0.06058	0.00547	0.00488	0.07370	0.00825
18	0.77773	0.01010	0.00797	0.00708	0.01035	0.01156	0.00582	0.01609	0.00950	0.05694	0.00850	0.00961	0.00648	0.00511	0.00343	0.00164	0.00410	0.00310	0.03896	0.00592
19	0.01023	0.00820	0.01121	0.01020	0.01119	0.01008	0.00809	0.09367	0.01023	0.01467	0.01215	0.01811	0.01133	0.06000	0.42652	0.05921	0.21119	0.00540	0.00300	0.00533
20	0.00730	0.00572	0.00663	0.00636	0.00794	0.00518	0.00478	0.00986	0.04566	0.01853	0.43172	0.04425	0.36266	0.01195	0.00630	0.00175	0.00269	0.01026	0.00549	0.00498
21	0.01279	0.01334	0.06939	0.11336	0.63410	0.01266	0.01635	0.01647	0.02826	0.01720	0.01026	0.01342	0.00842	0.00492	0.00531	0.00163	0.00651	0.00476	0.00266	0.00819
22	0.00641	0.00533	0.00560	0.00577	0.00735	0.00452	0.00424	0.00774	0.01205	0.01460	0.07265	0.15809	0.64926	0.01397	0.00642	0.00186	0.00277	0.01184	0.00501	0.00452
23	0.01662	0.01282	0.01371	0.01136	0.01491	0.01440	0.00910	0.36552	0.37822	0.04326	0.01778	0.03363	0.01333	0.00707	0.00541	0.00172	0.00496	0.00566	0.02186	0.00864
24	0.00654	0.00467	0.00623	0.00747	0.00779	0.00436	0.00498	0.00747	0.01028	0.01370	0.02959	0.80785	0.03550	0.01682	0.00685	0.00218	0.00311	0.01526	0.00498	0.00436
25	0.01033	0.00984	0.01690	0.74457	0.05782	0.01202	0.04558	0.01394	0.01086	0.01397	0.00961	0.01429	0.00723	0.00532	0.00541	0.00178	0.00721	0.00484	0.00241	0.00609
26	0.75730	0.04369	0.00921	0.00745	0.01089	0.01253	0.00620	0.04982	0.01009	0.04237	0.00805	0.00914	0.00619	0.00507	0.00347	0.00164	0.00431	0.00305	0.00345	0.00609
27	0.01448	0.34404	0.12167	0.01446	0.09669	0.14465	0.07623	0.05255	0.01251	0.01516	0.00916	0.01135	0.00777	0.02299	0.03359	0.00174	0.00734	0.00391	0.00263	0.00707
28	0.01445	0.05015	0.06818	0.05160	0.01627	0.04623	0.01020	0.16587	0.39923	0.02232	0.03318	0.01669	0.01315	0.00690	0.00615	0.00175	0.05969	0.00535	0.00461	0.00803
29	0.03002	0.01436	0.15854	0.08758	0.17265	0.03293	0.06175	0.04218	0.01238	0.08260	0.01188	0.03101	0.01982	0.00531	0.00502	0.00146	0.00607	0.00464	0.00323	0.21655
30	0.14516	0.27304	0.32639	0.01173	0.01724	0.07509	0.01298	0.03977	0.01156	0.01691	0.00893	0.02298	0.00722	0.00519	0.00431	0.00150	0.00664	0.00362	0.00262	0.00712
31	0.01299	0.14526	0.44229	0.04996	0.05176	0.01410	0.01580	0.06902	0.01228	0.06568	0.01009	0.01171	0.00749	0.00552	0.00580	0.00165	0.06401	0.00407	0.00279	0.00772
32	0.01482	0.05035	0.02044	0.04794	0.24349	0.10599	0.15517	0.08302	0.01349	0.07098	0.01183	0.03635	0.02042	0.00599	0.00653	0.00168	0.07906	0.00524	0.00326	0.02393
33	0.00719	0.00588	0.00625	0.00629	0.00789	0.00534	0.00460	0.02354	0.06007	0.01519	0.05969	0.16932	0.54285	0.05239	0.00737	0.00203	0.00306	0.01130	0.00496	0.00479
34	0.05035	0.00946	0.01001	0.00886	0.01147	0.01031	0.00693	0.11976	0.32338	0.03562	0.11523	0.02500	0.11572	0.00816	0.00532	0.00168	0.00382	0.00671	0.12514	0.00705
35	0.00651	0.00544	0.00567	0.00561	0.00735	0.00460	0.00421	0.00803	0.01263	0.01543	0.15017	0.05012	0.67932	0.01325	0.00634	0.00180	0.00269	0.01111	0.00511	0.00460
36	0.01087	0.00879	0.01076	0.01127	0.06047	0.00959	0.00840	0.03298	0.31821	0.01883	0.06913	0.04579	0.02260	0.05752	0.06232	0.00267	0.00527	0.23310	0.00484	0.00658
37	0.01014	0.00954	0.01610	0.79845	0.03697	0.01193	0.01491	0.01371	0.01073	0.01371	0.00954	0.01431	0.00716	0.00537	0.00537	0.00179	0.00716	0.00477	0.00239	0.00596
38	0.01374	0.01290	0.02143	0.03164	0.72948	0.01300	0.01608	0.06374	0.01305	0.01857	0.01027	0.01326	0.00854	0.00489	0.00532	0.00160	0.00635	0.00479	0.00283	0.00854
39	0.00651	0.00544	0.00557	0.00559	0.00726	0.00462	0.00414	0.00784	0.01203	0.01446	0.07058	0.05047	0.69399	0.06426	0.00770	0.00204	0.00292	0.02522	0.00490	0.00447
40	0.01537	0.55566	0.02354	0.01020	0.01421	0.14943	0.00930	0.08091	0.01271	0.01454	0.00856	0.01004	0.00754	0.00741	0.05895	0.00175	0.00702	0.00334	0.00268	0.00682
41	0.01335	0.01168	0.01331	0.01424	0.14690	0.04506	0.00948	0.05832	0.45522	0.03990	0.02284	0.02198	0.10910	0.00750	0.00551	0.00175	0.00475	0.00632	0.00482	0.00795
42	0.01454	0.06111	0.01933	0.24300	0.06301	0.21785	0.12994	0.07707	0.01323	0.01580	0.00935	0.01237	0.00745	0.00570	0.00651	0.00168	0.08805	0.00456	0.00278	0.00666

[dist]
# distance from previous block
# <min> <max>
0	1

[block]
# block no. 2 follows, 45 sequences, length 10
# corresponding to MSA columns:
# 178-187
name=unknown_C
#
# <colnr> <probs for GDERKNQSTAVLIFYWHMCP>
#	G	D	E	R	K	N	Q	S	T	A	V	L	I	F	Y	W	H	M	C	P
0	0.01954	0.02461	0.01571	0.01528	0.07452	0.73068	0.01084	0.02106	0.01498	0.01347	0.00843	0.00995	0.00704	0.00547	0.00488	0.00140	0.00943	0.00356	0.00276	0.00640
1	0.01394	0.01424	0.02038	0.09747	0.60770	0.12002	0.01549	0.01692	0.01250	0.01659	0.00980	0.01288	0.00817	0.00494	0.00525	0.00158	0.00690	0.00460	0.00265	0.00796
2	0.02041	0.01504	0.01611	0.01235	0.01665	0.01665	0.01020	0.75997	0.02524	0.03383	0.01289	0.01289	0.00913	0.00644	0.00537	0.00161	0.00591	0.00483	0.00537	0.00913
3	0.01105	0.06260	0.70265	0.01548	0.02310	0.01293	0.06518	0.01697	0.01140	0.01681	0.00961	0.01140	0.00689	0.00504	0.00510	0.00168	0.00790	0.00406	0.00230	0.00784
4	0.00932	0.00466	0.00699	0.00699	0.00699	0.00466	0.00466	0.00699	0.00699	0.00932	0.00932	0.01632	0.00932	0.01865	0.02098	0.84382	0.00466	0.00466	0.00233	0.00233
5	0.00924	0.00682	0.01082	0.00996	0.01157	0.00639	0.11752	0.01105	0.01148	0.07244	0.06337	0.37177	0.07081	0.07958	0.00840	0.00234	0.00450	0.12210	0.00467	0.00519
6	0.00723	0.00521	0.00658	0.00710	0.00743	0.00524	0.00469	0.00796	0.00931	0.01246	0.02450	0.40137	0.06844	0.29602	0.08419	0.00380	0.02903	0.01127	0.00411	0.00407
7	0.01890	0.09614	0.06947	0.01352	0.01680	0.66750	0.01092	0.02065	0.01456	0.01336	0.00832	0.00970	0.00690	0.00542	0.00473	0.00138	0.00921	0.00344	0.00269	0.00640
8	0.74940	0.01245	0.10027	0.00804	0.01191	0.01209	0.00748	0.01592	0.00940	0.02324	0.00773	0.00903	0.00593	0.00500	0.00353	0.00167	0.00460	0.00303	0.00320	0.00607
9	0.01433	0.01317	0.03477	0.02049	0.35886	0.11844	0.01196	0.04310	0.06639	0.09297	0.09462	0.04108	0.05281	0.00674	0.00547	0.00163	0.00585	0.00587	0.00387	0.00758

[dist]
# distance from previous block
# <min> <max>
0	4

[block]
# block no. 3 follows, 45 sequences, length 49
# corresponding to MSA columns:
# 192-202,204-241
name=unknown_D
#
# <colnr> <probs for GDERKNQSTAVLIFYWHMCP>
#	G	D	E	R	K	N	Q	S	T	A	V	L	I	F	Y	W	H	M	C	P
0	0.03149	0.01135	0.01168	0.00997	0.01295	0.09890	0.00791	0.12330	0.16458	0.19028	0.19438	0.02366	0.02188	0.00792	0.00558	0.00168	0.00480	0.04190	0.00538	0.03042
1	0.00846	0.00587	0.00734	0.00681	0.00822	0.00559	0.00515	0.04495	0.01521	0.02192	0.65331	0.03655	0.04452	0.01023	0.00599	0.00163	0.00268	0.00895	0.10138	0.00525
2	0.01375	0.01033	0.01249	0.09927	0.01611	0.00951	0.00813	0.12008	0.06876	0.09601	0.01222	0.01327	0.00928	0.00503	0.00458	0.00119	0.00466	0.00406	0.01939	0.47190
3	0.01322	0.01295	0.02292	0.03177	0.69214	0.01285	0.10130	0.01656	0.01227	0.01750	0.01018	0.01342	0.00846	0.00475	0.00543	0.00162	0.00668	0.00496	0.00266	0.00836
4	0.03414	0.01387	0.10756	0.15964	0.54647	0.01256	0.01632	0.01605	0.01179	0.01700	0.00988	0.01312	0.00801	0.00492	0.00525	0.00164	0.00663	0.00464	0.00258	0.00794
5	0.01434	0.46346	0.24860	0.01149	0.01685	0.09813	0.01239	0.01737	0.01169	0.04939	0.00882	0.00997	0.00716	0.00493	0.00417	0.00136	0.00674	0.00337	0.00254	0.00723
6	0.00721	0.00547	0.00664	0.00635	0.00778	0.00490	0.00476	0.00938	0.01428	0.01936	0.55294	0.04366	0.27409	0.01178	0.00634	0.00173	0.00259	0.01021	0.00562	0.00490
7	0.04134	0.00832	0.01020	0.01084	0.09792	0.03662	0.02721	0.01404	0.07540	0.11519	0.09214	0.15748	0.27081	0.01062	0.00595	0.00180	0.00403	0.00915	0.00484	0.00611
8	0.02651	0.18050	0.48041	0.10348	0.02245	0.01408	0.03675	0.01684	0.02490	0.03308	0.00967	0.01149	0.00720	0.00509	0.00482	0.00160	0.00723	0.00396	0.00247	0.00748
9	0.00798	0.00619	0.00718	0.00684	0.00851	0.00580	0.00521	0.04456	0.05009	0.01899	0.37626	0.07085	0.32208	0.01194	0.00631	0.00178	0.00295	0.03585	0.00544	0.00518
10	0.00744	0.00605	0.00657	0.00630	0.00810	0.00551	0.00477	0.02539	0.06304	0.01734	0.24809	0.04562	0.51188	0.01232	0.00626	0.00178	0.00283	0.01041	0.00528	0.00503
11	0.01327	0.01384	0.02686	0.05367	0.28068	0.03182	0.44285	0.01717	0.01258	0.03769	0.01077	0.01406	0.00834	0.00472	0.00589	0.00172	0.00797	0.00566	0.00279	0.00765
12	0.01182	0.01328	0.10690	0.34345	0.33862	0.01250	0.05027	0.03019	0.01179	0.01622	0.00991	0.01353	0.00775	0.00508	0.00536	0.00170	0.00699	0.00476	0.00256	0.00735
13	0.00766	0.00514	0.00590	0.00604	0.00608	0.00511	0.00345	0.00777	0.00809	0.01078	0.01836	0.12348	0.02134	0.72051	0.02498	0.00486	0.00497	0.00866	0.00345	0.00338
14	0.02005	0.02558	0.01521	0.01383	0.01659	0.78980	0.01037	0.02143	0.01521	0.01314	0.00830	0.00968	0.00691	0.00553	0.00484	0.00138	0.00968	0.00346	0.00277	0.00622
15	0.00637	0.00535	0.00553	0.00567	0.00731	0.00451	0.00418	0.00768	0.01201	0.01441	0.05154	0.13812	0.69106	0.01396	0.00640	0.00185	0.00276	0.01178	0.00498	0.00451
16	0.01267	0.01448	0.03167	0.02262	0.02805	0.01357	0.75837	0.01719	0.01267	0.01719	0.01086	0.01448	0.00814	0.00452	0.00633	0.00181	0.00905	0.00633	0.00271	0.00724
17	0.00753	0.00548	0.00708	0.00668	0.00798	0.00504	0.00501	0.01000	0.01504	0.02115	0.73666	0.04071	0.08926	0.01111	0.00633	0.00169	0.00254	0.00979	0.00586	0.00504
18	0.11486	0.02385	0.01437	0.01305	0.01588	0.70088	0.00985	0.02079	0.01452	0.01439	0.00820	0.00957	0.00679	0.00547	0.00467	0.00141	0.00905	0.00339	0.00283	0.00618
19	0.02005	0.02558	0.01521	0.01383	0.01659	0.78980	0.01037	0.02143	0.01521	0.01314	0.00830	0.00968	0.00691	0.00553	0.00484	0.00138	0.00968	0.00346	0.00277	0.00622
20	0.00654	0.00467	0.00623	0.00747	0.00779	0.00436	0.00498	0.00747	0.01028	0.01370	0.02959	0.80785	0.03550	0.01682	0.00685	0.00218	0.00311	0.01526	0.00498	0.00436
21	0.01297	0.01078	0.01132	0.01025	0.01308	0.01240	0.00795	0.02669	0.68163	0.02218	0.02135	0.02003	0.01609	0.00717	0.00527	0.00176	0.00405	0.00595	0.10101	0.00810
22	0.01267	0.01448	0.03167	0.02262	0.02805	0.01357	0.75837	0.01719	0.01267	0.01719	0.01086	0.01448	0.00814	0.00452	0.00633	0.00181	0.00905	0.00633	0.00271	0.00724
23	0.00781	0.00520	0.00585	0.00585	0.00585	0.00520	0.00325	0.00781	0.00781	0.01041	0.01691	0.03513	0.01952	0.81135	0.02732	0.00520	0.00520	0.00781	0.00325	0.00325
24	0.00654	0.00467	0.00623	0.00747	0.00779	0.00436	0.00498	0.00747	0.01028	0.01370	0.02959	0.80785	0.03550	0.01682	0.00685	0.00218	0.00311	0.01526	0.00498	0.00436
25	0.01113	0.00954	0.01113	0.00795	0.01272	0.00716	0.00636	0.01352	0.01113	0.01749	0.00954	0.01113	0.00795	0.00398	0.00398	0.00080	0.00398	0.00318	0.00318	0.84417
26	0.01267	0.01448	0.03167	0.02262	0.02805	0.01357	0.75837	0.01719	0.01267	0.01719	0.01086	0.01448	0.00814	0.00452	0.00633	0.00181	0.00905	0.00633	0.00271	0.00724
27	0.01435	0.81458	0.02813	0.00918	0.01378	0.02124	0.00918	0.01607	0.01091	0.01263	0.00746	0.00861	0.00689	0.00459	0.00344	0.00115	0.00574	0.00287	0.00230	0.00689
28	0.01065	0.01006	0.01703	0.67374	0.15768	0.01206	0.01516	0.01416	0.01098	0.01434	0.00963	0.01414	0.00738	0.00527	0.00536	0.00176	0.00703	0.00477	0.00243	0.00638
29	0.00760	0.00549	0.00718	0.00675	0.00802	0.00506	0.00506	0.01013	0.01519	0.02153	0.77503	0.04010	0.05065	0.01097	0.00633	0.00169	0.00253	0.00971	0.00591	0.00506
30	0.01242	0.00733	0.00758	0.00671	0.00866	0.00770	0.00525	0.18564	0.01450	0.02321	0.01644	0.01836	0.01269	0.00630	0.00413	0.00133	0.00329	0.00496	0.64756	0.00596
31	0.01077	0.02777	0.78354	0.01530	0.02323	0.01247	0.01983	0.01700	0.01133	0.01700	0.00963	0.01133	0.00680	0.00510	0.00510	0.00170	0.00793	0.00397	0.00227	0.00793
32	0.00781	0.00520	0.00585	0.00585	0.00585	0.00520	0.00325	0.00781	0.00781	0.01041	0.01691	0.03513	0.01952	0.81135	0.02732	0.00520	0.00520	0.00781	0.00325	0.00325
33	0.02408	0.00914	0.01246	0.00955	0.01370	0.00789	0.00789	0.02616	0.01536	0.78158	0.02118	0.01827	0.01329	0.00664	0.00540	0.00166	0.00457	0.00540	0.00664	0.00914
34	0.01319	0.01266	0.02162	0.05582	0.75573	0.01273	0.01643	0.01639	0.01218	0.01742	0.01008	0.01332	0.00846	0.00480	0.00532	0.00160	0.00640	0.00478	0.00265	0.00843
35	0.00694	0.00495	0.00668	0.00793	0.00841	0.00470	0.00567	0.00816	0.01067	0.01415	0.02937	0.66784	0.03464	0.01644	0.00696	0.00223	0.00346	0.15137	0.00498	0.00447
36	0.01512	0.10394	0.01473	0.01096	0.01444	0.01472	0.00888	0.16565	0.51888	0.04559	0.01849	0.01732	0.01383	0.00680	0.00521	0.00170	0.00474	0.00545	0.00512	0.00845
37	0.01113	0.00954	0.01113	0.00795	0.01272	0.00716	0.00636	0.01352	0.01113	0.01749	0.00954	0.01113	0.00795	0.00398	0.00398	0.00080	0.00398	0.00318	0.00318	0.84417
38	0.00727	0.00563	0.00664	0.00636	0.00789	0.00509	0.00478	0.00970	0.03476	0.01884	0.47648	0.04400	0.32924	0.01188	0.00631	0.00174	0.00265	0.01023	0.00554	0.00495
39	0.01235	0.05327	0.06383	0.12424	0.04776	0.01366	0.57064	0.01665	0.01226	0.01651	0.01044	0.01400	0.00790	0.00467	0.00598	0.00176	0.00852	0.00581	0.00263	0.00712
40	0.00654	0.00467	0.00623	0.00747	0.00779	0.00436	0.00498	0.00747	0.01028	0.01370	0.02959	0.80785	0.03550	0.01682	0.00685	0.00218	0.00311	0.01526	0.00498	0.00436
41	0.00654	0.00467	0.00623	0.00747	0.00779	0.00436	0.00498	0.00747	0.01028	0.01370	0.02959	0.80785	0.03550	0.01682	0.00685	0.00218	0.00311	0.01526	0.00498	0.00436
42	0.01142	0.04057	0.65003	0.05330	0.03993	0.01227	0.03175	0.01705	0.01154	0.05194	0.01102	0.01263	0.02218	0.00532	0.00515	0.00169	0.00758	0.00425	0.00254	0.00781
43	0.01141	0.02686	0.74608	0.01502	0.02277	0.01224	0.01925	0.01744	0.01153	0.05415	0.01019	0.01167	0.00712	0.00517	0.00511	0.00170	0.00777	0.00404	0.00248	0.00799
44	0.01335	0.01153	0.01214	0.01092	0.01396	0.01335	0.00850	0.02852	0.76817	0.02245	0.02185	0.02003	0.01639	0.00728	0.00546	0.00182	0.00425	0.00607	0.00546	0.00850
45	0.01077	0.02777	0.78354	0.01530	0.02323	0.01247	0.01983	0.01700	0.01133	0.01700	0.00963	0.01133	0.00680	0.00510	0.00510	0.00170	0.00793	0.00397	0.00227	0.00793
46	0.01382	0.01376	0.02127	0.03145	0.71814	0.07372	0.01600	0.01686	0.01246	0.01719	0.00996	0.01300	0.00838	0.00484	0.00528	0.00158	0.00664	0.00468	0.00267	0.00832
47	0.02399	0.00928	0.01255	0.00962	0.01378	0.00811	0.00795	0.04457	0.01561	0.76283	0.02097	0.01814	0.01318	0.00664	0.00540	0.00166	0.00460	0.00538	0.00661	0.00914
48	0.00938	0.00590	0.00764	0.00697	0.00861	0.00535	0.00531	0.01177	0.01498	0.10788	0.63285	0.03850	0.10271	0.01068	0.00623	0.00169	0.00278	0.00934	0.00592	0.00549

[dist]
# distance from previous block
# <min> <max>
1	2

[block]
# block no. 4 follows, 45 sequences, length 80
# corresponding to MSA columns:
# 244-323
name=unknown_E
#
# <colnr> <probs for GDERKNQSTAVLIFYWHMCP>
#	G	D	E	R	K	N	Q	S	T	A	V	L	I	F	Y	W	H	M	C	P
0	0.01204	0.01118	0.01155	0.00855	0.01312	0.08720	0.00677	0.01433	0.01155	0.01705	0.00941	0.01098	0.00784	0.00413	0.00406	0.00086	0.00456	0.00321	0.00314	0.75846
1	0.09820	0.08362	0.15008	0.09093	0.02451	0.05292	0.38975	0.01681	0.01189	0.01695	0.00977	0.01262	0.00743	0.00480	0.00541	0.00170	0.00794	0.00501	0.00264	0.00701
2	0.00654	0.00467	0.00623	0.00747	0.00779	0.00436	0.00498	0.00747	0.01028	0.01370	0.02959	0.80785	0.03550	0.01682	0.00685	0.00218	0.00311	0.01526	0.00498	0.00436
3	0.01201	0.00989	0.01154	0.00861	0.01292	0.00837	0.00691	0.11256	0.01275	0.01915	0.01048	0.01238	0.00867	0.00802	0.08456	0.00170	0.00530	0.00366	0.00344	0.64706
4	0.00885	0.00973	0.12977	0.00861	0.01113	0.00725	0.00790	0.01231	0.05408	0.04058	0.37810	0.04841	0.18043	0.01037	0.00668	0.00178	0.04409	0.02925	0.00493	0.00574
5	0.01159	0.01261	0.02610	0.05398	0.02442	0.01236	0.55872	0.01529	0.01190	0.01621	0.01327	0.13084	0.01204	0.00673	0.00722	0.00190	0.06769	0.00745	0.00301	0.00666
6	0.01174	0.01174	0.01644	0.01409	0.01409	0.01644	0.01174	0.01292	0.00822	0.01292	0.00705	0.01174	0.00705	0.00940	0.01762	0.00235	0.80153	0.00470	0.00235	0.00587
7	0.01065	0.04823	0.05599	0.37937	0.02605	0.01174	0.12523	0.02497	0.01127	0.01535	0.05182	0.05858	0.01178	0.02129	0.00683	0.00184	0.07086	0.00577	0.05627	0.00609
8	0.04086	0.16817	0.06247	0.01268	0.05454	0.01271	0.09637	0.04295	0.11526	0.30405	0.01568	0.02699	0.01125	0.00600	0.00508	0.00161	0.00556	0.00505	0.00457	0.00813
9	0.00654	0.00467	0.00623	0.00747	0.00779	0.00436	0.00498	0.00747	0.01028	0.01370	0.02959	0.80785	0.03550	0.01682	0.00685	0.00218	0.00311	0.01526	0.00498	0.00436
10	0.00770	0.08822	0.00851	0.00639	0.00825	0.00647	0.00503	0.00961	0.01338	0.01734	0.36070	0.04226	0.38404	0.01154	0.00604	0.00169	0.00295	0.00976	0.00511	0.00500
11	0.06349	0.12505	0.31310	0.01637	0.13758	0.02706	0.06279	0.06980	0.06313	0.03489	0.01115	0.03267	0.00879	0.00552	0.00498	0.00162	0.00669	0.00455	0.00303	0.00774
12	0.01345	0.01129	0.01870	0.11127	0.51668	0.01141	0.02656	0.01658	0.02854	0.09493	0.01340	0.05521	0.02754	0.00619	0.00579	0.01981	0.00599	0.00557	0.00326	0.00784
13	0.02008	0.01598	0.01602	0.03454	0.01721	0.09732	0.01035	0.66186	0.02378	0.03110	0.01231	0.01259	0.00884	0.00632	0.00531	0.00159	0.00634	0.00469	0.00501	0.00874
14	0.03067	0.01264	0.08401	0.28257	0.22804	0.01246	0.06410	0.05105	0.01212	0.07449	0.01073	0.01381	0.00820	0.00561	0.00631	0.00174	0.07053	0.00482	0.01886	0.00726
15	0.03191	0.19362	0.39082	0.01602	0.07986	0.01461	0.12448	0.04395	0.01204	0.03106	0.00966	0.01148	0.00733	0.00496	0.00491	0.00158	0.00728	0.00417	0.00259	0.00767
16	0.00677	0.00485	0.00639	0.00732	0.00785	0.00451	0.00502	0.00793	0.01107	0.01485	0.13936	0.63464	0.06993	0.01581	0.00700	0.01619	0.00307	0.02790	0.00507	0.00445
17	0.03673	0.01275	0.02114	0.07954	0.68022	0.02645	0.03202	0.01639	0.01211	0.01740	0.00997	0.01318	0.00831	0.00483	0.00528	0.00161	0.00648	0.00474	0.00266	0.00820
18	0.09962	0.04993	0.01881	0.12581	0.22465	0.10015	0.11758	0.03414	0.02668	0.06508	0.01179	0.01410	0.03303	0.00566	0.00584	0.00167	0.05034	0.00484	0.00312	0.00715
19	0.00808	0.00615	0.00761	0.04753	0.01007	0.00607	0.00587	0.07728	0.01217	0.01584	0.04588	0.44342	0.20522	0.02821	0.03608	0.00231	0.00397	0.02850	0.00480	0.00494
20	0.01156	0.10541	0.55072	0.01675	0.06424	0.01355	0.13046	0.01691	0.01154	0.01661	0.00962	0.01164	0.00711	0.00494	0.00513	0.00165	0.00779	0.00426	0.00236	0.00775
21	0.00976	0.00842	0.01251	0.21201	0.06614	0.00913	0.05460	0.01463	0.14366	0.01771	0.20241	0.16799	0.02487	0.00911	0.00592	0.00182	0.00475	0.00824	0.02023	0.00611
22	0.02015	0.01121	0.01324	0.01057	0.01443	0.01148	0.00859	0.22176	0.20004	0.38247	0.03545	0.01773	0.01374	0.00684	0.00543	0.00169	0.00480	0.00550	0.00600	0.00889
23	0.00735	0.00536	0.00692	0.00677	0.00793	0.00492	0.00498	0.00957	0.01427	0.01989	0.61522	0.15376	0.09896	0.01202	0.00641	0.00177	0.00263	0.01064	0.00571	0.00492
24	0.01305	0.05591	0.33536	0.09440	0.25750	0.02793	0.01632	0.02739	0.03078	0.07537	0.01087	0.01283	0.00813	0.00520	0.00515	0.00164	0.00693	0.00441	0.00286	0.00796
25	0.03700	0.01316	0.02433	0.11339	0.21350	0.01321	0.36041	0.09412	0.01359	0.03185	0.01115	0.01481	0.00869	0.00514	0.00579	0.00174	0.00754	0.01996	0.00307	0.00755
26	0.07477	0.01841	0.01486	0.05756	0.11595	0.42933	0.01079	0.01777	0.01303	0.01465	0.01106	0.05358	0.02301	0.00684	0.00635	0.00164	0.08908	0.03208	0.00296	0.00627
27	0.34505	0.01598	0.23787	0.10440	0.09122	0.01238	0.08891	0.01611	0.01061	0.01951	0.00893	0.01114	0.00675	0.00500	0.00457	0.00170	0.00631	0.00396	0.00278	0.00685
28	0.07203	0.13725	0.33702	0.11049	0.04029	0.05318	0.06529	0.05638	0.01215	0.01725	0.03085	0.01219	0.00829	0.00534	0.00511	0.00162	0.02115	0.00421	0.00270	0.00721
29	0.01397	0.01154	0.01412	0.01192	0.01522	0.01274	0.08512	0.08603	0.53155	0.06106	0.06072	0.02091	0.01701	0.00729	0.00564	0.00180	0.00482	0.02512	0.00524	0.00818
30	0.00654	0.00467	0.00623	0.00747	0.00779	0.00436	0.00498	0.00747	0.01028	0.01370	0.02959	0.80785	0.03550	0.01682	0.00685	0.00218	0.00311	0.01526	0.00498	0.00436
31	0.01694	0.18041	0.09665	0.05384	0.07359	0.38992	0.01158	0.01966	0.04059	0.05554	0.00964	0.01097	0.00771	0.00536	0.00470	0.00144	0.00787	0.00375	0.00290	0.00692
32	0.01366	0.01569	0.02604	0.11516	0.02646	0.15673	0.50990	0.01743	0.01287	0.01609	0.01040	0.01371	0.00794	0.00486	0.00587	0.00171	0.00877	0.00558	0.02429	0.00684
33	0.00703	0.00554	0.02215	0.00805	0.00852	0.00521	0.00575	0.00807	0.01021	0.01373	0.02757	0.70579	0.03276	0.01617	0.00769	0.02015	0.04372	0.04268	0.00474	0.00449
34	0.01242	0.01237	0.04208	0.16171	0.60134	0.01230	0.01584	0.01569	0.01194	0.01676	0.01164	0.01484	0.03685	0.00522	0.00536	0.00164	0.00642	0.00500	0.00269	0.00791
35	0.10546	0.03492	0.10953	0.01095	0.03673	0.01031	0.00966	0.07775	0.05011	0.47381	0.01704	0.01569	0.01123	0.00618	0.00509	0.00165	0.00512	0.00486	0.00537	0.00853
36	0.00895	0.01001	0.08840	0.03845	0.01237	0.08824	0.04053	0.01085	0.01133	0.01467	0.07580	0.51061	0.02789	0.01294	0.00655	0.00199	0.01944	0.01151	0.00430	0.00518
37	0.01813	0.02255	0.01633	0.01420	0.01705	0.62963	0.08652	0.01991	0.01475	0.01418	0.06618	0.01252	0.01033	0.00595	0.00546	0.00148	0.03137	0.00426	0.00299	0.00623
38	0.02113	0.07060	0.01479	0.01212	0.09197	0.01029	0.00901	0.10871	0.01584	0.52709	0.04972	0.01733	0.01341	0.00646	0.00528	0.00161	0.00491	0.00526	0.00573	0.00873
39	0.01213	0.06757	0.59036	0.01539	0.02252	0.01348	0.09093	0.09296	0.01286	0.01850	0.00997	0.01165	0.00718	0.00515	0.00516	0.00167	0.00772	0.00423	0.00263	0.00793
40	0.00974	0.00978	0.01940	0.03555	0.01883	0.00923	0.38765	0.01257	0.01150	0.01548	0.01956	0.38469	0.02089	0.01028	0.00655	0.00198	0.00623	0.01046	0.00376	0.00586
41	0.01096	0.02641	0.70664	0.01605	0.02373	0.01258	0.09537	0.01702	0.01147	0.01702	0.00976	0.01165	0.00694	0.00504	0.00523	0.00171	0.00805	0.00421	0.00231	0.00786
42	0.01243	0.01173	0.01920	0.18401	0.52236	0.01204	0.01483	0.01605	0.03931	0.01694	0.01036	0.01352	0.00846	0.00491	0.00519	0.00156	0.00621	0.00466	0.00276	0.09346
43	0.01435	0.81458	0.02813	0.00918	0.01378	0.02124	0.00918	0.01607	0.01091	0.01263	0.00746	0.00861	0.00689	0.00459	0.00344	0.00115	0.00574	0.00287	0.00230	0.00689
44	0.00760	0.00549	0.00718	0.00675	0.00802	0.00506	0.00506	0.01013	0.01519	0.02153	0.77503	0.04010	0.05065	0.01097	0.00633	0.00169	0.00253	0.00971	0.00591	0.00506
45	0.01105	0.06689	0.65905	0.05800	0.05094	0.01293	0.03480	0.01676	0.01134	0.01662	0.00956	0.01149	0.00691	0.00506	0.00506	0.00167	0.00774	0.00403	0.00230	0.00778
46	0.01017	0.00959	0.01611	0.78040	0.03644	0.01203	0.01483	0.01370	0.01068	0.01370	0.00948	0.01425	0.00715	0.00546	0.00565	0.00180	0.02544	0.00477	0.00238	0.00596
47	0.00757	0.00546	0.00721	0.00716	0.00831	0.00509	0.00542	0.00990	0.01429	0.02000	0.60604	0.13759	0.04675	0.01209	0.00651	0.00183	0.00285	0.08527	0.00570	0.00496
48	0.01073	0.01063	0.01945	0.62123	0.05136	0.01229	0.16869	0.01450	0.01117	0.01452	0.00983	0.01432	0.00739	0.00518	0.00557	0.00179	0.00753	0.00509	0.00246	0.00628
49	0.01179	0.01690	0.20686	0.03435	0.02581	0.01270	0.52326	0.01647	0.01217	0.01686	0.01172	0.06362	0.00953	0.00545	0.00606	0.00181	0.00838	0.00631	0.00275	0.00720
50	0.01014	0.00954	0.01610	0.79845	0.03697	0.01193	0.01491	0.01371	0.01073	0.01371	0.00954	0.01431	0.00716	0.00537	0.00537	0.00179	0.00716	0.00477	0.00239	0.00596
51	0.03231	0.22163	0.43515	0.01467	0.06086	0.06611	0.05052	0.01719	0.01162	0.03038	0.00926	0.01087	0.00708	0.00498	0.00470	0.00154	0.00732	0.00382	0.00246	0.00753
52	0.01275	0.06579	0.25924	0.06921	0.20014	0.06167	0.07305	0.05626	0.01246	0.03113	0.01141	0.07209	0.00976	0.00613	0.00575	0.00169	0.03587	0.00525	0.00289	0.00746
53	0.00729	0.00555	0.00778	0.00994	0.08643	0.00527	0.00604	0.00842	0.01040	0.01394	0.02761	0.66421	0.05264	0.05783	0.00777	0.00227	0.00355	0.01368	0.00465	0.00473
54	0.00654	0.00467	0.00623	0.00747	0.00779	0.00436	0.00498	0.00747	0.01028	0.01370	0.02959	0.80785	0.03550	0.01682	0.00685	0.00218	0.00311	0.01526	0.00498	0.00436
55	0.04439	0.03277	0.24011	0.07525	0.09438	0.01161	0.01295	0.08834	0.07072	0.23738	0.03040	0.01500	0.01069	0.00593	0.00521	0.00167	0.00600	0.00482	0.00421	0.00818
56	0.01278	0.01472	0.12169	0.02906	0.58929	0.01264	0.08971	0.01643	0.01206	0.01728	0.01026	0.01361	0.00848	0.02191	0.00585	0.00171	0.00682	0.00489	0.00262	0.00819
57	0.01670	0.00750	0.01009	0.00830	0.01116	0.00662	0.00662	0.01898	0.01529	0.44124	0.35874	0.02804	0.03002	0.00858	0.00582	0.00167	0.00366	0.00733	0.00631	0.00731
58	0.01303	0.22849	0.42599	0.01492	0.07121	0.10902	0.03395	0.01727	0.01179	0.01545	0.00897	0.01064	0.00699	0.00499	0.00469	0.00152	0.00750	0.00374	0.00237	0.00748
59	0.01428	0.01064	0.01135	0.00998	0.01248	0.05246	0.00771	0.28074	0.10611	0.06763	0.04711	0.25935	0.01998	0.01063	0.02085	0.01161	0.00487	0.00834	0.03691	0.00697
60	0.00843	0.00602	0.00840	0.00963	0.01077	0.00599	0.00827	0.01074	0.01214	0.01582	0.02854	0.13848	0.03137	0.01504	0.00736	0.00244	0.00475	0.66598	0.00495	0.00488
61	0.01411	0.01284	0.02045	0.09307	0.60025	0.01328	0.01539	0.12992	0.01409	0.01971	0.01048	0.01331	0.00849	0.00509	0.00533	0.00161	0.00637	0.00479	0.00305	0.00839
62	0.01281	0.01205	0.02023	0.03010	0.68237	0.01209	0.01550	0.01620	0.02913	0.01750	0.01223	0.01827	0.01097	0.00587	0.00553	0.00169	0.00618	0.08019	0.00295	0.00814
63	0.01329	0.01275	0.02179	0.03295	0.77787	0.01275	0.01647	0.01647	0.01222	0.01754	0.01010	0.01329	0.00850	0.00478	0.00531	0.00159	0.00638	0.00478	0.00266	0.00850
64	0.00696	0.00520	0.00729	0.08843	0.01085	0.00518	0.00608	0.00820	0.01037	0.01376	0.02751	0.70926	0.03250	0.01560	0.00671	0.00215	0.00357	0.03113	0.00472	0.00454
65	0.01113	0.00954	0.01113	0.00795	0.01272	0.00716	0.00636	0.01352	0.01113	0.01749	0.00954	0.01113	0.00795	0.00398	0.00398	0.00080	0.00398	0.00318	0.00318	0.84417
66	0.00932	0.00466	0.00699	0.00699	0.00699	0.00466	0.00466	0.00699	0.00699	0.00932	0.00932	0.01632	0.00932	0.01865	0.02098	0.84382	0.00466	0.00466	0.00233	0.00233
67	0.00654	0.00467	0.00623	0.00747	0.00779	0.00436	0.00498	0.00747	0.01028	0.01370	0.02959	0.80785	0.03550	0.01682	0.00685	0.00218	0.00311	0.01526	0.00498	0.00436
68	0.01250	0.01362	0.09840	0.07352	0.60134	0.01219	0.01615	0.01597	0.01206	0.01715	0.01137	0.01664	0.00991	0.00559	0.00545	0.00168	0.00648	0.05918	0.00277	0.00804
69	0.00769	0.00567	0.00822	0.00822	0.00903	0.00649	0.00620	0.00932	0.00851	0.01216	0.01475	0.02316	0.01432	0.15405	0.67751	0.00812	0.01302	0.00605	0.00293	0.00457
70	0.01416	0.77217	0.06885	0.00951	0.01429	0.02077	0.00976	0.01612	0.01093	0.01286	0.00758	0.00876	0.00688	0.00462	0.00353	0.00118	0.00586	0.00293	0.00229	0.00694
71	0.01111	0.00811	0.01267	0.01486	0.15802	0.00793	0.05038	0.01374	0.01256	0.08669	0.02336	0.06665	0.02392	0.01167	0.00676	0.00219	0.00535	0.47339	0.00455	0.00611
72	0.01417	0.05315	0.03641	0.02633	0.54410	0.03403	0.03358	0.01714	0.01253	0.09514	0.01251	0.02866	0.01064	0.00580	0.00539	0.00164	0.00621	0.05123	0.00322	0.00809
73	0.01311	0.01270	0.02207	0.06706	0.70315	0.01276	0.05713	0.01639	0.01218	0.01734	0.01011	0.01340	0.00842	0.00480	0.00537	0.00161	0.00656	0.00487	0.00265	0.00832
74	0.01739	0.00994	0.02902	0.02605	0.10042	0.04767	0.00894	0.03594	0.01467	0.39075	0.14984	0.02535	0.03419	0.00797	0.00572	0.00173	0.00483	0.07645	0.00548	0.00765
75	0.02397	0.12228	0.52143	0.03419	0.03653	0.01262	0.03221	0.01577	0.01138	0.01639	0.03284	0.05737	0.01087	0.00631	0.00515	0.00170	0.00701	0.04201	0.00269	0.00729
76	0.00773	0.00564	0.00802	0.00822	0.00900	0.00627	0.00622	0.00932	0.00896	0.01254	0.01707	0.06996	0.01745	0.16938	0.53626	0.00706	0.01122	0.08189	0.00327	0.00452
77	0.01001	0.00705	0.01036	0.05398	0.06784	0.00684	0.04024	0.01239	0.02790	0.09438	0.11663	0.25689	0.08634	0.01214	0.00648	0.00202	0.00431	0.17366	0.00485	0.00568
78	0.03031	0.06588	0.52891	0.01678	0.07939	0.03479	0.10662	0.01741	0.02498	0.03150	0.01005	0.01189	0.00737	0.00506	0.00514	0.00167	0.00767	0.00428	0.00253	0.00778
79	0.06341	0.00880	0.01155	0.00908	0.01279	0.00788	0.00743	0.03900	0.01524	0.61864	0.12807	0.02079	0.01816	0.00717	0.00543	0.00166	0.00428	0.00588	0.00634	0.00839

[dist]
# distance from previous block
# <min> <max>
0	1

[block]
# block no. 5 follows, 45 sequences, length 35
# corresponding to MSA columns:
# 331-365
name=unknown_F
#
# <colnr> <probs for GDERKNQSTAVLIFYWHMCP>
#	G	D	E	R	K	N	Q	S	T	A	V	L	I	F	Y	W	H	M	C	P
