[name]
unknown

[dist]
# distance from previous block
# <min> <max>
6	98

[block]
# block no. 0 follows, 47 sequences, length 30
# corresponding to MSA columns:
# 137-166
name=unknown_A
#
# <colnr> <probs for GDERKNQSTAVLIFYWHMCP>
#	G	D	E	R	K	N	Q	S	T	A	V	L	I	F	Y	W	H	M	C	P
0	0.08171	0.02517	0.04616	0.07245	0.01487	0.02977	0.00856	0.13362	0.14422	0.10532	0.04598	0.01623	0.01208	0.02008	0.00599	0.03038	0.02359	0.02069	0.01837	0.14473
1	0.01594	0.09459	0.02917	0.04060	0.05143	0.05629	0.02520	0.17349	0.05732	0.18105	0.02793	0.02915	0.01142	0.06997	0.00657	0.00172	0.00533	0.00490	0.00425	0.11367
2	0.01616	0.03056	0.03215	0.01138	0.03265	0.04087	0.05659	0.21465	0.15168	0.17335	0.07635	0.01726	0.02841	0.00642	0.00518	0.00154	0.00507	0.00533	0.00484	0.08956
3	0.05207	0.09422	0.02530	0.00960	0.01274	0.04466	0.02141	0.19305	0.15127	0.07067	0.07972	0.03875	0.04561	0.07093	0.00667	0.00181	0.00483	0.00566	0.02042	0.05060
4	0.02892	0.02376	0.03073	0.02666	0.02606	0.05417	0.00735	0.09661	0.10462	0.17030	0.06209	0.16388	0.09976	0.05765	0.00678	0.00190	0.00449	0.00764	0.00480	0.02182
5	0.03585	0.08518	0.05856	0.01108	0.04095	0.09612	0.00903	0.20575	0.11568	0.05876	0.07382	0.05087	0.01352	0.00644	0.00490	0.00146	0.00529	0.00509	0.00418	0.11748
6	0.29979	0.01247	0.01262	0.01182	0.08606	0.11236	0.03586	0.08604	0.05064	0.13560	0.01123	0.01200	0.00834	0.00544	0.00471	0.00154	0.02705	0.00398	0.02490	0.05756
7	0.00905	0.00452	0.00678	0.00678	0.00678	0.00452	0.00452	0.00678	0.00678	0.00905	0.00905	0.01583	0.00905	0.01809	0.02035	0.84848	0.00452	0.00452	0.00226	0.00226
8	0.14850	0.01266	0.08031	0.03120	0.10871	0.01175	0.01001	0.22953	0.03404	0.19905	0.02961	0.01366	0.00995	0.00572	0.00482	0.00155	0.00520	0.00448	0.00443	0.05480
9	0.01338	0.08916	0.45497	0.01352	0.01965	0.01222	0.07415	0.01905	0.08476	0.15104	0.01234	0.01299	0.00869	0.00532	0.00499	0.00162	0.00669	0.00438	0.00327	0.00781
10	0.00757	0.00505	0.00568	0.00568	0.00568	0.00505	0.00316	0.00757	0.00757	0.01010	0.01641	0.03408	0.01893	0.81698	0.02651	0.00505	0.00505	0.00757	0.00316	0.00316
11	0.04294	0.00900	0.01152	0.00899	0.01269	0.00826	0.00738	0.09588	0.01531	0.60491	0.03754	0.01764	0.01323	0.00645	0.00506	0.00157	0.00431	0.00519	0.08382	0.00831
12	0.01403	0.08558	0.07402	0.19076	0.18735	0.02810	0.06904	0.11135	0.01343	0.10855	0.03272	0.01447	0.02369	0.00557	0.00530	0.00160	0.01888	0.00482	0.00338	0.00734
13	0.01526	0.01785	0.01650	0.27172	0.11234	0.41590	0.04633	0.01763	0.01290	0.01360	0.00876	0.01146	0.00702	0.00519	0.00498	0.00151	0.00820	0.00404	0.00255	0.00626
14	0.00855	0.00560	0.00725	0.00668	0.00817	0.00510	0.00507	0.01090	0.01456	0.08109	0.67265	0.03798	0.09547	0.01048	0.00607	0.00164	0.00263	0.00919	0.00573	0.00519
15	0.01980	0.01459	0.01563	0.01198	0.01615	0.01615	0.00990	0.76713	0.02448	0.03282	0.01250	0.01250	0.00886	0.00625	0.00521	0.00156	0.00573	0.00469	0.00521	0.00886
16	0.85377	0.01007	0.00765	0.00685	0.01007	0.01168	0.00564	0.01531	0.00886	0.02336	0.00725	0.00846	0.00564	0.00483	0.00322	0.00161	0.00403	0.00282	0.00322	0.00564
17	0.01045	0.02694	0.79000	0.01484	0.02254	0.01209	0.01924	0.01649	0.01099	0.01649	0.00935	0.01099	0.00660	0.00495	0.00495	0.00165	0.00770	0.00385	0.00220	0.00770
18	0.00905	0.00452	0.00678	0.00678	0.00678	0.00452	0.00452	0.00678	0.00678	0.00905	0.00905	0.01583	0.00905	0.01809	0.02035	0.84848	0.00452	0.00452	0.00226	0.00226
19	0.01415	0.70148	0.07921	0.00956	0.01422	0.01966	0.00970	0.07508	0.01171	0.01417	0.00780	0.00886	0.00685	0.00463	0.00360	0.00119	0.00573	0.00301	0.00246	0.00693
20	0.85377	0.01007	0.00765	0.00685	0.01007	0.01168	0.00564	0.01531	0.00886	0.02336	0.00725	0.00846	0.00564	0.00483	0.00322	0.00161	0.00403	0.00282	0.00322	0.00564
21	0.00882	0.00565	0.00733	0.00709	0.00774	0.00596	0.00488	0.00967	0.00849	0.07242	0.01597	0.04555	0.01652	0.44847	0.29104	0.00580	0.02426	0.00680	0.00331	0.00420
22	0.65137	0.01156	0.07894	0.00794	0.01162	0.01142	0.00717	0.05011	0.01029	0.08353	0.00899	0.00990	0.00665	0.00507	0.00364	0.00160	0.00443	0.00324	0.02632	0.00620
23	0.02064	0.00826	0.01121	0.00880	0.01236	0.00719	0.00719	0.02273	0.01488	0.65760	0.15002	0.02133	0.01906	0.00716	0.00539	0.00162	0.00410	0.00595	0.00632	0.00819
24	0.01295	0.55856	0.22384	0.01056	0.01576	0.01787	0.01154	0.01666	0.06365	0.01401	0.00875	0.00981	0.00730	0.00476	0.00389	0.00130	0.00602	0.00328	0.00243	0.00705
25	0.00757	0.00505	0.00568	0.00568	0.00568	0.00505	0.00316	0.00757	0.00757	0.01010	0.01641	0.03408	0.01893	0.81698	0.02651	0.00505	0.00505	0.00757	0.00316	0.00316
26	0.01560	0.07689	0.01442	0.01105	0.01451	0.05002	0.00893	0.27205	0.43092	0.02429	0.01661	0.01580	0.01241	0.00651	0.00509	0.00163	0.00501	0.00513	0.00491	0.00822
27	0.01439	0.01107	0.01271	0.11053	0.09633	0.08625	0.00904	0.15363	0.05000	0.12982	0.06570	0.02026	0.08473	0.06205	0.00665	0.00179	0.00530	0.00570	0.02837	0.04569
28	0.01376	0.05782	0.44525	0.01442	0.03917	0.01201	0.09210	0.04583	0.02989	0.16494	0.01186	0.01278	0.00828	0.00533	0.00533	0.00164	0.02409	0.00441	0.00325	0.00783
29	0.79599	0.01038	0.00821	0.00720	0.01049	0.01199	0.00593	0.06739	0.00994	0.02402	0.00762	0.00874	0.00586	0.00493	0.00336	0.00161	0.00415	0.00295	0.00336	0.00586

[dist]
# distance from previous block
# <min> <max>
0	7

[block]
# block no. 1 follows, 47 sequences, length 35
# corresponding to MSA columns:
# 174-208
name=unknown_B
#
# <colnr> <probs for GDERKNQSTAVLIFYWHMCP>
#	G	D	E	R	K	N	Q	S	T	A	V	L	I	F	Y	W	H	M	C	P
0	0.01363	0.11222	0.13978	0.01987	0.30548	0.09230	0.04383	0.05138	0.08996	0.03132	0.01135	0.01303	0.02069	0.00534	0.00525	0.00155	0.02795	0.00446	0.00298	0.00761
1	0.01253	0.00925	0.01099	0.00799	0.01250	0.00717	0.00642	0.01509	0.02850	0.12058	0.01104	0.01192	0.00859	0.00428	0.00407	0.00091	0.00394	0.00344	0.00359	0.71721
2	0.00679	0.00527	0.00610	0.00620	0.00749	0.00471	0.00450	0.02086	0.01236	0.01601	0.24649	0.21988	0.38308	0.02813	0.00663	0.00186	0.00277	0.01126	0.00506	0.00455
3	0.01074	0.02491	0.67043	0.01596	0.02328	0.01226	0.13677	0.01652	0.01120	0.01652	0.00953	0.01148	0.00680	0.00486	0.00514	0.00167	0.00787	0.00421	0.00227	0.00759
4	0.00634	0.00453	0.00604	0.00725	0.00755	0.00423	0.00483	0.00725	0.00997	0.01329	0.02870	0.81358	0.03444	0.01632	0.00665	0.00211	0.00302	0.01480	0.00483	0.00423
5	0.01080	0.00926	0.01080	0.00771	0.01234	0.00694	0.00617	0.01311	0.01080	0.01697	0.00926	0.01080	0.00771	0.00386	0.00386	0.00077	0.00386	0.00309	0.00309	0.84882
6	0.01246	0.02200	0.54224	0.01352	0.01980	0.01224	0.01588	0.16320	0.01354	0.04602	0.01076	0.01236	0.00783	0.00827	0.07501	0.00223	0.00775	0.00421	0.00299	0.00769
7	0.01888	0.01498	0.01366	0.01129	0.01462	0.21542	0.00901	0.33303	0.01834	0.17206	0.03086	0.01656	0.01148	0.03669	0.02044	0.00181	0.00643	0.04222	0.00467	0.00755
8	0.00770	0.00535	0.00694	0.00665	0.00789	0.00490	0.00494	0.00992	0.01409	0.04385	0.64047	0.12084	0.08427	0.01125	0.00617	0.00169	0.00259	0.00994	0.00561	0.00494
9	0.00737	0.00532	0.00696	0.00655	0.00778	0.00491	0.00491	0.00983	0.01474	0.02088	0.78175	0.03890	0.04914	0.01065	0.00614	0.00164	0.00246	0.00942	0.00573	0.00491
10	0.01080	0.00926	0.01080	0.00771	0.01234	0.00694	0.00617	0.01311	0.01080	0.01697	0.00926	0.01080	0.00771	0.00386	0.00386	0.00077	0.00386	0.00309	0.00309	0.84882
11	0.06418	0.24262	0.43677	0.01360	0.01982	0.01455	0.10847	0.01619	0.01091	0.01578	0.00878	0.01049	0.00672	0.00474	0.00455	0.00151	0.00702	0.00378	0.00232	0.00721
12	0.02174	0.01083	0.09445	0.00989	0.01428	0.00826	0.00890	0.02450	0.03351	0.68723	0.01938	0.01706	0.01230	0.00630	0.00521	0.00162	0.00477	0.00511	0.00597	0.00872
13	0.00749	0.00537	0.00728	0.00728	0.00784	0.00592	0.00516	0.00860	0.00805	0.01129	0.01494	0.02596	0.01541	0.35303	0.48563	0.00703	0.01036	0.00638	0.00294	0.00405
14	0.00957	0.00884	0.01470	0.71998	0.03289	0.01087	0.01345	0.01294	0.01087	0.01411	0.09105	0.01653	0.01141	0.00578	0.00531	0.00173	0.00647	0.00514	0.00268	0.00569
15	0.01073	0.09167	0.72776	0.01436	0.02179	0.01279	0.01840	0.01642	0.01096	0.01615	0.00917	0.01078	0.00660	0.00491	0.00482	0.00161	0.00752	0.00376	0.00220	0.00761
16	0.00905	0.00452	0.00678	0.00678	0.00678	0.00452	0.00452	0.00678	0.00678	0.00905	0.00905	0.01583	0.00905	0.01809	0.02035	0.84848	0.00452	0.00452	0.00226	0.00226
17	0.22038	0.05445	0.56488	0.01262	0.01907	0.01233	0.01544	0.01616	0.01045	0.01803	0.00874	0.01026	0.00636	0.00490	0.00445	0.00162	0.00670	0.00355	0.00245	0.00714
18	0.00726	0.00532	0.00681	0.00644	0.00771	0.00487	0.00483	0.00962	0.01449	0.02028	0.71727	0.03989	0.11399	0.01087	0.00614	0.00165	0.00247	0.00956	0.00565	0.00487
19	0.01196	0.01677	0.24284	0.10538	0.37081	0.03219	0.11298	0.01606	0.01159	0.01633	0.00966	0.01251	0.00755	0.00477	0.00522	0.00162	0.00711	0.00457	0.00245	0.00762
20	0.00713	0.00521	0.00669	0.00653	0.00768	0.00478	0.00482	0.00927	0.01385	0.01926	0.61624	0.14268	0.11318	0.01163	0.00621	0.00171	0.00255	0.01027	0.00553	0.00478
21	0.00821	0.00574	0.00684	0.00658	0.00677	0.00627	0.00427	0.00871	0.00814	0.01163	0.02983	0.02962	0.01737	0.59753	0.05285	0.00441	0.09231	0.00691	0.09233	0.00370
22	0.01392	0.82012	0.02729	0.00891	0.01337	0.02061	0.00891	0.01559	0.01058	0.01225	0.00724	0.00835	0.00668	0.00446	0.00334	0.00111	0.00557	0.00278	0.00223	0.00668
23	0.00905	0.00452	0.00678	0.00678	0.00678	0.00452	0.00452	0.00678	0.00678	0.00905	0.00905	0.01583	0.00905	0.01809	0.02035	0.84848	0.00452	0.00452	0.00226	0.00226
24	0.01210	0.01541	0.11113	0.02120	0.02672	0.01306	0.68655	0.01666	0.01215	0.01666	0.01041	0.01372	0.00776	0.00445	0.00602	0.00174	0.00866	0.00590	0.00259	0.00709
25	0.01295	0.01119	0.01178	0.01060	0.01354	0.01295	0.00824	0.02767	0.77509	0.02178	0.02120	0.01943	0.01590	0.00707	0.00530	0.00177	0.00412	0.00589	0.00530	0.00824
26	0.01163	0.01284	0.02750	0.02004	0.02469	0.01219	0.65613	0.01567	0.01186	0.01615	0.01155	0.01644	0.00929	0.00844	0.08986	0.00248	0.00917	0.03463	0.00273	0.00669
27	0.01041	0.00506	0.00523	0.00508	0.00644	0.00500	0.00385	0.01282	0.01113	0.05907	0.01717	0.01933	0.01332	0.00609	0.00372	0.00123	0.00253	0.00487	0.80259	0.00506
28	0.01293	0.00969	0.01136	0.00826	0.01278	0.00783	0.00666	0.08111	0.01244	0.10003	0.01074	0.01168	0.00836	0.00434	0.00412	0.00093	0.00408	0.00345	0.00363	0.68558
29	0.01466	0.01124	0.01215	0.01058	0.01375	0.01267	0.00833	0.09284	0.62820	0.10391	0.02036	0.01864	0.01496	0.00693	0.00528	0.00173	0.00430	0.00571	0.00541	0.00836
30	0.00661	0.02356	0.00672	0.00734	0.00783	0.00482	0.00505	0.00763	0.00989	0.01318	0.02751	0.70538	0.05088	0.01797	0.07641	0.00264	0.00404	0.01361	0.00459	0.00433
31	0.09682	0.00897	0.01169	0.00905	0.01301	0.00801	0.00748	0.02449	0.01437	0.72046	0.01937	0.01691	0.01225	0.00630	0.00506	0.00161	0.00440	0.00502	0.00616	0.00858
32	0.01340	0.24384	0.15320	0.04980	0.01863	0.06690	0.14450	0.11160	0.01307	0.01701	0.05585	0.01272	0.00975	0.00555	0.00565	0.00153	0.06267	0.00445	0.00293	0.00693
33	0.11178	0.06084	0.10502	0.01114	0.08194	0.00996	0.02105	0.03699	0.03904	0.02923	0.01012	0.02972	0.00835	0.00473	0.00421	0.00118	0.00477	0.00377	0.00313	0.42303
34	0.03276	0.17283	0.33389	0.01345	0.05259	0.05629	0.04383	0.03035	0.01185	0.12770	0.02336	0.01205	0.00840	0.00542	0.00543	0.00156	0.05377	0.00407	0.00302	0.00739

[dist]
# distance from previous block
# <min> <max>
1	2

[block]
# block no. 2 follows, 47 sequences, length 32
# corresponding to MSA columns:
# 215-246
name=unknown_C
#
# <colnr> <probs for GDERKNQSTAVLIFYWHMCP>
#	G	D	E	R	K	N	Q	S	T	A	V	L	I	F	Y	W	H	M	C	P
0	0.10531	0.00927	0.01236	0.07133	0.03094	0.02273	0.09578	0.02722	0.02824	0.01678	0.01269	0.09793	0.01181	0.07139	0.00698	0.00172	0.04284	0.00548	0.07901	0.25021
1	0.01280	0.05768	0.01294	0.12136	0.04548	0.01083	0.00882	0.13736	0.10372	0.09840	0.17325	0.07677	0.04603	0.00810	0.00626	0.00170	0.06065	0.00665	0.00452	0.00670
2	0.00774	0.00508	0.00649	0.00706	0.00760	0.00485	0.00483	0.00867	0.00995	0.04781	0.06237	0.41676	0.03933	0.25408	0.01253	0.00297	0.00384	0.08938	0.00445	0.00421
3	0.01035	0.02209	0.02467	0.00985	0.02437	0.00881	0.03461	0.08143	0.06549	0.04328	0.06761	0.11272	0.08893	0.04533	0.11908	0.04251	0.09184	0.08520	0.01625	0.00558
4	0.00921	0.00838	0.00934	0.00910	0.01022	0.11704	0.00700	0.01092	0.00923	0.01212	0.01305	0.01918	0.01220	0.06085	0.64076	0.00713	0.03135	0.00531	0.00278	0.00482
5	0.01251	0.01212	0.02005	0.16399	0.63895	0.02978	0.01559	0.01563	0.01168	0.01628	0.00966	0.01298	0.00799	0.00475	0.00515	0.00157	0.00639	0.00461	0.00253	0.00778
6	0.01212	0.00981	0.01042	0.00945	0.01166	0.04695	0.00719	0.19190	0.21268	0.02073	0.08716	0.24940	0.02224	0.04127	0.00653	0.00190	0.00433	0.02135	0.00491	0.02798
7	0.00709	0.00545	0.00597	0.00596	0.00757	0.00476	0.00442	0.00884	0.03145	0.04194	0.12565	0.15372	0.55278	0.01296	0.00617	0.00179	0.00277	0.01102	0.00500	0.00468
8	0.01141	0.01177	0.05343	0.36778	0.37305	0.01206	0.06582	0.01488	0.01122	0.01535	0.00959	0.01332	0.00758	0.00488	0.00524	0.00165	0.00676	0.00470	0.00245	0.00707
9	0.00634	0.00453	0.00604	0.00725	0.00755	0.00423	0.00483	0.00725	0.00997	0.01329	0.02870	0.81358	0.03444	0.01632	0.00665	0.00211	0.00302	0.01480	0.00483	0.00423
10	0.00673	0.00500	0.00683	0.00771	0.00808	0.00510	0.00537	0.00778	0.00965	0.01309	0.02562	0.66522	0.03016	0.01916	0.11752	0.00300	0.04216	0.01304	0.00443	0.00436
11	0.01080	0.00926	0.01080	0.00771	0.01234	0.00694	0.00617	0.01311	0.01080	0.01697	0.00926	0.01080	0.00771	0.00386	0.00386	0.00077	0.00386	0.00309	0.00309	0.84882
12	0.01295	0.01119	0.01178	0.01060	0.01354	0.01295	0.00824	0.02767	0.77509	0.02178	0.02120	0.01943	0.01590	0.00707	0.00530	0.00177	0.00412	0.00589	0.00530	0.00824
13	0.00737	0.00532	0.00696	0.00655	0.00778	0.00491	0.00491	0.00983	0.01474	0.02088	0.78175	0.03890	0.04914	0.01065	0.00614	0.00164	0.00246	0.00942	0.00573	0.00491
14	0.85377	0.01007	0.00765	0.00685	0.01007	0.01168	0.00564	0.01531	0.00886	0.02336	0.00725	0.00846	0.00564	0.00483	0.00322	0.00161	0.00403	0.00282	0.00322	0.00564
15	0.01059	0.00552	0.00553	0.00549	0.00678	0.00540	0.00406	0.01275	0.01147	0.02016	0.01775	0.02050	0.01409	0.00663	0.00403	0.00138	0.00275	0.00513	0.83467	0.00532
16	0.12919	0.02494	0.67059	0.01423	0.02128	0.01248	0.01754	0.01689	0.01124	0.01824	0.00992	0.01184	0.00730	0.00551	0.00508	0.00180	0.00744	0.00399	0.00265	0.00783
17	0.02406	0.00947	0.01266	0.00984	0.01390	0.00816	0.00801	0.02582	0.01540	0.77835	0.02126	0.01883	0.01364	0.00700	0.00560	0.00177	0.00473	0.00551	0.00669	0.00927
18	0.01461	0.69657	0.02549	0.00973	0.01400	0.01986	0.00916	0.01785	0.11799	0.01443	0.01009	0.01114	0.00881	0.00541	0.00401	0.00137	0.00565	0.00352	0.00296	0.00734
19	0.02260	0.00980	0.01262	0.01003	0.01394	0.00890	0.00810	0.02614	0.12165	0.67124	0.02135	0.01907	0.01406	0.00709	0.00561	0.00179	0.00469	0.00560	0.00653	0.00918
20	0.02182	0.00898	0.01195	0.00947	0.01313	0.00778	0.00763	0.02364	0.01537	0.67111	0.12766	0.02179	0.01871	0.00759	0.00573	0.00177	0.00445	0.00609	0.00659	0.00872
21	0.01475	0.01224	0.01290	0.01135	0.01451	0.01383	0.00883	0.13144	0.66027	0.02404	0.02069	0.01955	0.01562	0.00750	0.00565	0.00189	0.00465	0.00598	0.00555	0.00875
22	0.00886	0.00801	0.01247	0.43204	0.02361	0.00897	0.03732	0.01169	0.01153	0.01513	0.16309	0.02499	0.15510	0.00767	0.00578	0.00169	0.02183	0.00667	0.00346	0.04008
23	0.00840	0.00697	0.01012	0.00957	0.01025	0.00875	0.00759	0.01003	0.00825	0.01214	0.01230	0.01865	0.01169	0.05354	0.58683	0.00681	0.20518	0.00539	0.00268	0.00486
24	0.01810	0.01403	0.01443	0.01150	0.01525	0.05140	0.00934	0.56421	0.16267	0.02929	0.01409	0.01393	0.01025	0.00635	0.00514	0.00158	0.00547	0.00486	0.03968	0.00845
25	0.01014	0.00841	0.00871	0.00786	0.01005	0.04020	0.00610	0.12441	0.13353	0.01979	0.22753	0.03538	0.31104	0.01025	0.00584	0.00170	0.00360	0.02448	0.00511	0.00587
26	0.01238	0.40193	0.13672	0.02649	0.01745	0.01651	0.15177	0.01514	0.01065	0.01382	0.00968	0.02748	0.02624	0.00556	0.00600	0.00150	0.10734	0.00426	0.00242	0.00665
27	0.01061	0.02275	0.58128	0.01581	0.03971	0.01186	0.13937	0.01599	0.01142	0.01676	0.06161	0.01342	0.00972	0.00531	0.00546	0.00168	0.02272	0.00463	0.00252	0.00737
28	0.01088	0.01041	0.01816	0.59871	0.09123	0.01207	0.11935	0.04923	0.01144	0.01497	0.00963	0.01377	0.00727	0.00510	0.00533	0.00172	0.00708	0.00484	0.00251	0.00629
29	0.01594	0.05194	0.01376	0.01169	0.04083	0.22476	0.00895	0.09829	0.11399	0.12492	0.04105	0.01665	0.06396	0.00728	0.00693	0.02318	0.10560	0.00504	0.01842	0.00682
30	0.00939	0.00584	0.00706	0.00665	0.00836	0.00521	0.00498	0.01127	0.02601	0.13624	0.25586	0.14732	0.29874	0.04478	0.00690	0.00189	0.00304	0.00994	0.00529	0.00523
31	0.43857	0.15210	0.01386	0.05614	0.01384	0.01343	0.04289	0.11177	0.01193	0.06018	0.03666	0.01110	0.00834	0.00524	0.00396	0.00153	0.00487	0.00367	0.00347	0.00644

[dist]
# distance from previous block
# <min> <max>
1	10

[block]
# block no. 3 follows, 47 sequences, length 8
# corresponding to MSA columns:
# 257-264
name=unknown_D
#
# <colnr> <probs for GDERKNQSTAVLIFYWHMCP>
#	G	D	E	R	K	N	Q	S	T	A	V	L	I	F	Y	W	H	M	C	P
0	0.01488	0.00868	0.01163	0.00956	0.01236	0.02484	0.06326	0.10750	0.01523	0.28274	0.24825	0.09486	0.04179	0.00877	0.00577	0.00169	0.00428	0.03157	0.00549	0.00685
1	0.11751	0.01164	0.01329	0.01317	0.12547	0.03163	0.00909	0.31346	0.07106	0.08027	0.01488	0.12148	0.01290	0.03351	0.00584	0.00177	0.00508	0.00600	0.00450	0.00746
2	0.01950	0.00910	0.01157	0.00906	0.01276	0.00825	0.00729	0.05448	0.08857	0.52949	0.01859	0.01805	0.01283	0.06651	0.00666	0.00178	0.00443	0.00519	0.00563	0.11026
3	0.00721	0.00504	0.00588	0.00606	0.00638	0.00495	0.00374	0.00764	0.00851	0.01120	0.02249	0.15249	0.11346	0.54341	0.07592	0.00444	0.00509	0.00894	0.00359	0.00357
4	0.10923	0.00965	0.01191	0.00928	0.01313	0.00917	0.00765	0.12934	0.01563	0.56763	0.05045	0.01691	0.01310	0.00643	0.00506	0.00161	0.00449	0.00508	0.00590	0.00836
5	0.00749	0.00540	0.00745	0.00745	0.00806	0.00601	0.00537	0.00871	0.00810	0.01141	0.01479	0.02510	0.01504	0.30435	0.53381	0.00724	0.01091	0.00626	0.00291	0.00414
6	0.05023	0.10236	0.01971	0.01399	0.01701	0.01353	0.23132	0.11057	0.01237	0.06741	0.01225	0.10956	0.01108	0.00735	0.00817	0.00181	0.19523	0.00605	0.00337	0.00663
7	0.07911	0.01081	0.01199	0.05481	0.01427	0.03979	0.00779	0.21391	0.01540	0.12540	0.10105	0.01539	0.01328	0.00583	0.00473	0.00133	0.00467	0.00461	0.00436	0.27148

[dist]
# distance from previous block
# <min> <max>
0	2

[block]
# block no. 4 follows, 47 sequences, length 10
# corresponding to MSA columns:
# 267-276
name=unknown_E
#
# <colnr> <probs for GDERKNQSTAVLIFYWHMCP>
#	G	D	E	R	K	N	Q	S	T	A	V	L	I	F	Y	W	H	M	C	P
0	0.05209	0.07279	0.01624	0.01187	0.01582	0.06094	0.04936	0.47002	0.12494	0.05437	0.01303	0.01308	0.00951	0.00603	0.00503	0.00156	0.00576	0.00466	0.00468	0.00822
1	0.80619	0.01033	0.00811	0.00714	0.01042	0.01194	0.00588	0.05820	0.00975	0.02390	0.00755	0.00869	0.00582	0.00491	0.00334	0.00161	0.00413	0.00293	0.00334	0.00582
2	0.01549	0.01081	0.01197	0.08004	0.01448	0.01191	0.00818	0.44378	0.01863	0.02653	0.01374	0.01497	0.01021	0.00610	0.00468	0.00146	0.00472	0.00474	0.29035	0.00722
3	0.00745	0.00553	0.00812	0.00812	0.00896	0.00637	0.00619	0.00914	0.00829	0.01190	0.01418	0.02174	0.01357	0.11205	0.72412	0.00806	0.01311	0.00577	0.00282	0.00451
4	0.08453	0.00704	0.00809	0.00731	0.00923	0.00707	0.00564	0.05645	0.09288	0.05495	0.48814	0.03278	0.10672	0.00956	0.00570	0.00165	0.00306	0.00816	0.00538	0.00567
5	0.03832	0.00858	0.01105	0.00883	0.01228	0.00788	0.00717	0.05962	0.04590	0.57210	0.03685	0.06401	0.01474	0.00706	0.00515	0.00161	0.00417	0.00580	0.08081	0.00805
6	0.01083	0.00658	0.00824	0.00739	0.00929	0.00617	0.00569	0.05637	0.03429	0.15258	0.43263	0.08275	0.11332	0.02800	0.00641	0.00176	0.00319	0.02314	0.00559	0.00577
7	0.08416	0.00520	0.00694	0.03220	0.00797	0.00541	0.00487	0.00827	0.00758	0.01157	0.01030	0.04237	0.00994	0.01531	0.01631	0.63797	0.00431	0.00475	0.08159	0.00298
8	0.01224	0.02769	0.01320	0.04203	0.01465	0.00881	0.06653	0.09200	0.01245	0.04383	0.01036	0.01191	0.00821	0.00440	0.00426	0.00102	0.00456	0.00370	0.04035	0.57780
9	0.06234	0.00927	0.01100	0.04043	0.12912	0.06047	0.00830	0.04932	0.08616	0.03346	0.19903	0.08345	0.08365	0.00914	0.00567	0.00174	0.00446	0.09812	0.00443	0.02047

[dist]
# distance from previous block
# <min> <max>
1	24

[block]
# block no. 5 follows, 47 sequences, length 12
# corresponding to MSA columns:
# 319-330
name=unknown_F
#
# <colnr> <probs for GDERKNQSTAVLIFYWHMCP>
#	G	D	E	R	K	N	Q	S	T	A	V	L	I	F	Y	W	H	M	C	P
0	0.07826	0.08341	0.02928	0.03897	0.14624	0.19108	0.10047	0.01697	0.04363	0.04913	0.01136	0.04348	0.00977	0.00641	0.02158	0.00163	0.00667	0.03108	0.00311	0.08746
1	0.00984	0.00934	0.07170	0.02681	0.09606	0.00809	0.07802	0.06922	0.02908	0.03352	0.20833	0.23303	0.03911	0.02473	0.00637	0.00186	0.00455	0.04001	0.00440	0.00592
2	0.00713	0.00471	0.00625	0.00689	0.00732	0.00445	0.00468	0.00746	0.00968	0.01285	0.08340	0.45223	0.08831	0.06497	0.01083	0.18954	0.00344	0.02782	0.00423	0.00381
3	0.01041	0.02388	0.64771	0.01497	0.02191	0.01166	0.09881	0.01600	0.01142	0.01685	0.06888	0.01347	0.01001	0.00533	0.00517	0.00166	0.00741	0.00452	0.00252	0.00741
4	0.00692	0.00499	0.00646	0.00674	0.00756	0.00462	0.00476	0.00858	0.01236	0.01703	0.41182	0.35179	0.07211	0.05082	0.00730	0.00200	0.00281	0.01157	0.00521	0.00453
5	0.01045	0.02694	0.79000	0.01484	0.02254	0.01209	0.01924	0.01649	0.01099	0.01649	0.00935	0.01099	0.00660	0.00495	0.00495	0.00165	0.00770	0.00385	0.00220	0.00770
6	0.01084	0.01032	0.01486	0.01270	0.01314	0.01381	0.04712	0.01226	0.00843	0.01313	0.00870	0.01363	0.00830	0.03637	0.08625	0.00281	0.61269	0.00484	0.06427	0.00553
7	0.10094	0.00542	0.00516	0.00507	0.00650	0.00559	0.00386	0.01248	0.01070	0.01984	0.01594	0.01823	0.01251	0.00593	0.00360	0.00126	0.00260	0.00463	0.75481	0.00494
8	0.00734	0.00536	0.00677	0.00761	0.00831	0.00490	0.00533	0.00839	0.01134	0.01510	0.11943	0.57386	0.12080	0.01550	0.00685	0.00216	0.00330	0.06777	0.00515	0.00475
9	0.00839	0.00595	0.00698	0.00662	0.00820	0.00526	0.00494	0.01020	0.01393	0.04878	0.44586	0.04198	0.31341	0.01161	0.00629	0.00179	0.00286	0.00980	0.04189	0.00525
10	0.01599	0.26055	0.01922	0.07483	0.01678	0.26841	0.01048	0.07290	0.03997	0.01508	0.00919	0.01136	0.00790	0.00633	0.00688	0.00163	0.14883	0.00392	0.00297	0.00680
11	0.01270	0.08013	0.07312	0.00931	0.01413	0.00990	0.00812	0.09557	0.01271	0.01888	0.01014	0.01176	0.00833	0.00473	0.00435	0.00109	0.00474	0.00353	0.00341	0.61334

[dist]
# distance from previous block
# <min> <max>
4	13

[block]
# block no. 6 follows, 47 sequences, length 7
# corresponding to MSA columns:
# 350-356
name=unknown_G
#
# <colnr> <probs for GDERKNQSTAVLIFYWHMCP>
#	G	D	E	R	K	N	Q	S	T	A	V	L	I	F	Y	W	H	M	C	P
0	0.00661	0.00524	0.00594	0.00587	0.00734	0.00457	0.00436	0.00831	0.01279	0.01649	0.31600	0.09589	0.46719	0.01247	0.00618	0.00174	0.00260	0.01067	0.00516	0.00457
1	0.00711	0.00569	0.00686	0.07259	0.00975	0.00543	0.00522	0.00911	0.03765	0.01517	0.19193	0.15028	0.35826	0.09196	0.00813	0.00211	0.00330	0.01016	0.00466	0.00460
2	0.01156	0.01271	0.02658	0.01941	0.02373	0.01231	0.61277	0.01539	0.01207	0.01657	0.07526	0.05034	0.01240	0.00578	0.00699	0.00180	0.06806	0.00667	0.00296	0.00663
3	0.02978	0.00804	0.01103	0.01090	0.08370	0.00820	0.05727	0.01472	0.16185	0.03900	0.38329	0.02949	0.07118	0.04141	0.00688	0.00182	0.02281	0.00769	0.00487	0.00606
4	0.00727	0.00542	0.00661	0.00671	0.00779	0.00510	0.00489	0.00941	0.04286	0.01654	0.32682	0.18632	0.18019	0.10757	0.00869	0.00221	0.00314	0.06284	0.00500	0.00460
5	0.16177	0.01150	0.07008	0.25592	0.02080	0.02735	0.03096	0.04899	0.07506	0.13463	0.01217	0.03839	0.00929	0.00617	0.00593	0.00173	0.07425	0.00478	0.00356	0.00668
6	0.00877	0.00770	0.07925	0.00828	0.01010	0.00600	0.03014	0.01117	0.03566	0.07585	0.23265	0.33417	0.07172	0.05504	0.00722	0.00202	0.00371	0.01045	0.00482	0.00526

[dist]
# distance from previous block
# <min> <max>
2	14

[block]
# block no. 7 follows, 47 sequences, length 47
# corresponding to MSA columns:
# 371-403,405-418
name=unknown_H
#
# <colnr> <probs for GDERKNQSTAVLIFYWHMCP>
#	G	D	E	R	K	N	Q	S	T	A	V	L	I	F	Y	W	H	M	C	P
0	0.22331	0.01613	0.01388	0.07436	0.09582	0.27407	0.00984	0.18213	0.01481	0.03626	0.00936	0.01073	0.00722	0.00536	0.00454	0.00151	0.00665	0.00379	0.00341	0.00683
1	0.00672	0.00534	0.00601	0.00590	0.00740	0.00471	0.00439	0.00860	0.02339	0.01656	0.31507	0.07573	0.46473	0.02437	0.00646	0.00178	0.00264	0.01045	0.00514	0.00461
2	0.01165	0.01063	0.01696	0.23042	0.37357	0.01150	0.02377	0.02948	0.10457	0.01638	0.01218	0.01681	0.01021	0.00721	0.03103	0.03176	0.00627	0.04553	0.00301	0.00708
3	0.00727	0.00529	0.00684	0.00651	0.00773	0.00486	0.00486	0.00961	0.01441	0.02024	0.71474	0.06748	0.08867	0.01099	0.00616	0.00166	0.00249	0.00970	0.00565	0.00486
4	0.00898	0.00552	0.00695	0.00671	0.00732	0.00563	0.00444	0.00965	0.00851	0.08303	0.01647	0.04742	0.01727	0.53101	0.21392	0.00548	0.00714	0.00703	0.00341	0.00408
5	0.01234	0.00907	0.01188	0.21887	0.08344	0.00996	0.00917	0.19047	0.01439	0.03518	0.05478	0.01836	0.05235	0.00638	0.00484	0.00152	0.00476	0.00530	0.25054	0.00639
6	0.01045	0.02694	0.79000	0.01484	0.02254	0.01209	0.01924	0.01649	0.01099	0.01649	0.00935	0.01099	0.00660	0.00495	0.00495	0.00165	0.00770	0.00385	0.00220	0.00770
7	0.01192	0.01296	0.02449	0.10692	0.02445	0.03793	0.48247	0.01609	0.05315	0.01575	0.01111	0.04549	0.00910	0.00578	0.00747	0.00183	0.11770	0.00600	0.00278	0.00663
8	0.00905	0.00452	0.00678	0.00678	0.00678	0.00452	0.00452	0.00678	0.00678	0.00905	0.00905	0.01583	0.00905	0.01809	0.02035	0.84848	0.00452	0.00452	0.00226	0.00226
9	0.00884	0.13139	0.12110	0.00936	0.01177	0.00942	0.00866	0.01126	0.00907	0.01273	0.01229	0.01730	0.01116	0.02905	0.56553	0.00633	0.01181	0.00491	0.00262	0.00538
10	0.70372	0.01194	0.07563	0.00801	0.01171	0.01213	0.00720	0.08534	0.01050	0.02365	0.00792	0.00905	0.00602	0.00498	0.00356	0.00161	0.00450	0.00308	0.00332	0.00612
11	0.01277	0.00977	0.01170	0.00849	0.01303	0.00791	0.02058	0.07912	0.01238	0.09006	0.01061	0.01165	0.00830	0.00431	0.00414	0.00094	0.00416	0.00348	0.00357	0.68304
12	0.00757	0.00507	0.00579	0.00579	0.00583	0.00511	0.00329	0.00764	0.00761	0.01018	0.01631	0.03352	0.01869	0.78525	0.05791	0.00518	0.00541	0.00749	0.00314	0.00322
13	0.01016	0.01142	0.08929	0.64614	0.03369	0.01179	0.09638	0.01397	0.01067	0.01397	0.00940	0.01363	0.00701	0.00509	0.00528	0.00173	0.00721	0.00472	0.00234	0.00610
14	0.01820	0.11928	0.01695	0.01447	0.08725	0.56206	0.01046	0.08386	0.01482	0.01481	0.00850	0.00986	0.00703	0.00526	0.00462	0.00135	0.00831	0.00352	0.00284	0.00656
15	0.85377	0.01007	0.00765	0.00685	0.01007	0.01168	0.00564	0.01531	0.00886	0.02336	0.00725	0.00846	0.00564	0.00483	0.00322	0.00161	0.00403	0.00282	0.00322	0.00564
16	0.01213	0.36231	0.40023	0.01380	0.08413	0.01573	0.01458	0.01607	0.01089	0.01474	0.00849	0.01004	0.00678	0.00471	0.00428	0.00141	0.00666	0.00346	0.00224	0.00731
17	0.01372	0.01370	0.02554	0.01866	0.02340	0.01355	0.53281	0.16759	0.08024	0.02028	0.01224	0.03151	0.00935	0.00525	0.00590	0.00173	0.00764	0.00602	0.00343	0.00743
18	0.00650	0.00463	0.00610	0.00710	0.00746	0.00434	0.00474	0.00749	0.01024	0.01376	0.09271	0.70196	0.03481	0.06210	0.00775	0.00224	0.00309	0.01392	0.00481	0.00423
19	0.65760	0.01166	0.07548	0.00790	0.01149	0.01176	0.00710	0.08517	0.01061	0.02344	0.00845	0.00965	0.00644	0.00504	0.00358	0.00159	0.00441	0.00319	0.04936	0.00607
20	0.70452	0.01088	0.00908	0.00777	0.01116	0.01248	0.00640	0.14985	0.01166	0.02506	0.00819	0.00918	0.00622	0.00509	0.00358	0.00160	0.00433	0.00315	0.00358	0.00622
21	0.00971	0.00485	0.00485	0.00485	0.00607	0.00485	0.00364	0.01213	0.01092	0.01942	0.01699	0.01942	0.01335	0.00607	0.00364	0.00121	0.00243	0.00485	0.84589	0.00485
22	0.09834	0.00887	0.01121	0.00896	0.01250	0.00822	0.00728	0.07284	0.01457	0.57190	0.04631	0.08565	0.01507	0.00728	0.00520	0.00165	0.00429	0.00594	0.00590	0.00802
23	0.08656	0.00687	0.00712	0.00690	0.00883	0.00688	0.00525	0.01259	0.16711	0.01713	0.11060	0.11022	0.39848	0.01123	0.00577	0.00178	0.00313	0.02335	0.00487	0.00534
24	0.07321	0.01049	0.01641	0.50461	0.13577	0.02304	0.05184	0.05464	0.01133	0.01576	0.00967	0.02713	0.00766	0.00544	0.00550	0.00171	0.03210	0.00474	0.00264	0.00632
25	0.05870	0.33453	0.16146	0.01136	0.01553	0.07213	0.03504	0.07918	0.01201	0.01588	0.01009	0.01440	0.00902	0.00611	0.00551	0.00153	0.07511	0.07290	0.00282	0.00670
26	0.01830	0.01289	0.01464	0.08511	0.01725	0.01412	0.00978	0.50458	0.10930	0.12019	0.01411	0.01403	0.00996	0.00622	0.00519	0.00159	0.00546	0.00485	0.00505	0.02738
27	0.31573	0.00930	0.01049	0.00838	0.01214	0.00906	0.00691	0.02155	0.01268	0.50127	0.01561	0.01430	0.01022	0.00582	0.00450	0.00159	0.00428	0.00434	0.00523	0.02661
28	0.00757	0.00505	0.00568	0.00568	0.00568	0.00505	0.00316	0.00757	0.00757	0.01010	0.01641	0.03408	0.01893	0.81698	0.02651	0.00505	0.00505	0.00757	0.00316	0.00316
29	0.02336	0.00886	0.01209	0.00927	0.01329	0.00765	0.00765	0.02538	0.01491	0.78810	0.02055	0.01773	0.01289	0.00645	0.00524	0.00161	0.00443	0.00524	0.00645	0.00886
30	0.08947	0.08676	0.01397	0.01006	0.01372	0.01316	0.00831	0.30893	0.14635	0.16480	0.01517	0.04234	0.01134	0.00645	0.00486	0.00156	0.00483	0.00499	0.03185	0.02106
31	0.17375	0.08657	0.01368	0.01042	0.01376	0.01361	0.04928	0.06494	0.47420	0.02154	0.01617	0.01563	0.01225	0.00621	0.00476	0.00166	0.00458	0.00496	0.00447	0.00757
32	0.01379	0.07517	0.11835	0.01308	0.11450	0.00999	0.05354	0.03206	0.01207	0.16389	0.01210	0.03800	0.00943	0.00512	0.00464	0.00129	0.00521	0.00436	0.00355	0.30987
33	0.01592	0.00938	0.01323	0.20928	0.07199	0.00924	0.00967	0.03140	0.06555	0.32718	0.04522	0.01624	0.01186	0.00582	0.00505	0.00152	0.00501	0.00491	0.00450	0.13701
34	0.00754	0.00566	0.00713	0.00788	0.00871	0.00566	0.00565	0.01063	0.11695	0.01529	0.08738	0.57134	0.03261	0.01440	0.00647	0.00205	0.00329	0.08151	0.00497	0.00489
35	0.04394	0.18183	0.07660	0.03173	0.17798	0.09136	0.06583	0.01694	0.01239	0.12572	0.08314	0.01516	0.02658	0.00566	0.00482	0.00147	0.00591	0.00473	0.00341	0.02481
36	0.06149	0.03629	0.02977	0.01115	0.09519	0.00876	0.00818	0.06573	0.01388	0.29490	0.15273	0.03261	0.01808	0.00687	0.00511	0.00151	0.00435	0.02919	0.00489	0.11932
37	0.01791	0.05713	0.01554	0.01151	0.01538	0.01455	0.03647	0.50189	0.11542	0.09099	0.02641	0.03292	0.01122	0.00711	0.01974	0.00171	0.00556	0.00516	0.00502	0.00835
38	0.01314	0.19719	0.28749	0.01325	0.03598	0.03867	0.09313	0.05866	0.08346	0.06575	0.05564	0.01363	0.01064	0.00548	0.00485	0.00153	0.00641	0.00450	0.00320	0.00739
39	0.00698	0.00516	0.00652	0.00649	0.00762	0.00470	0.00475	0.00896	0.01336	0.01834	0.52071	0.19154	0.16132	0.01215	0.00624	0.00175	0.00260	0.01071	0.00542	0.00470
40	0.02215	0.00900	0.08174	0.07678	0.01317	0.00754	0.00783	0.02838	0.08449	0.15978	0.20232	0.12915	0.13745	0.00949	0.00572	0.00173	0.00403	0.00814	0.00491	0.00620
41	0.83102	0.01005	0.00787	0.02835	0.01077	0.01168	0.00588	0.01525	0.00890	0.02309	0.00731	0.00861	0.00567	0.00484	0.00328	0.00161	0.00411	0.00287	0.00320	0.00564
42	0.01289	0.01053	0.05217	0.01089	0.02448	0.01011	0.07642	0.15736	0.14854	0.09317	0.21975	0.02571	0.06924	0.00818	0.00590	0.00171	0.01864	0.04238	0.00496	0.00696
43	0.00905	0.00452	0.00678	0.00678	0.00678	0.00452	0.00452	0.00678	0.00678	0.00905	0.00905	0.01583	0.00905	0.01809	0.02035	0.84848	0.00452	0.00452	0.00226	0.00226
44	0.01236	0.01633	0.20207	0.10381	0.08504	0.02529	0.28823	0.08565	0.01246	0.01730	0.00981	0.01273	0.00748	0.00532	0.00674	0.00174	0.09281	0.00498	0.00270	0.00716
45	0.38902	0.01007	0.01005	0.00844	0.01177	0.01088	0.00686	0.10113	0.11610	0.20563	0.05783	0.01452	0.01174	0.00603	0.00437	0.00162	0.00421	0.00443	0.01822	0.00705
46	0.01244	0.13150	0.06643	0.01089	0.06145	0.01146	0.02212	0.15998	0.08548	0.03561	0.07530	0.09230	0.09676	0.00755	0.00508	0.00151	0.00469	0.00626	0.00409	0.10909

[dist]
# distance from previous block
# <min> <max>
10	29

[block]
# block no. 8 follows, 47 sequences, length 7
# corresponding to MSA columns:
# 463-469
name=unknown_I
#
# <colnr> <probs for GDERKNQSTAVLIFYWHMCP>
#	G	D	E	R	K	N	Q	S	T	A	V	L	I	F	Y	W	H	M	C	P
0	0.00792	0.00597	0.00701	0.00676	0.00814	0.00548	0.00485	0.04438	0.01152	0.01543	0.15074	0.20299	0.19075	0.18071	0.01029	0.00242	0.00357	0.04380	0.00446	0.09282
1	0.05351	0.01386	0.04535	0.06848	0.06576	0.12070	0.31736	0.01699	0.01214	0.09625	0.01172	0.04562	0.00932	0.00569	0.00611	0.00168	0.05528	0.00544	0.04202	0.00673
2	0.06687	0.02107	0.47984	0.01759	0.12782	0.01249	0.11891	0.01612	0.01096	0.01680	0.00928	0.01153	0.00696	0.00508	0.00578	0.00169	0.05717	0.00425	0.00238	0.00742
3	0.00717	0.00522	0.00665	0.00740	0.00801	0.00509	0.00515	0.00916	0.06058	0.01449	0.10736	0.54105	0.03284	0.09926	0.00864	0.00237	0.00338	0.06690	0.00478	0.00449
4	0.03152	0.00788	0.04525	0.00927	0.06503	0.00717	0.00681	0.04089	0.09245	0.01895	0.32808	0.07196	0.13116	0.04718	0.00672	0.00185	0.00358	0.03808	0.04056	0.00561
5	0.13831	0.21578	0.10754	0.01087	0.06793	0.01204	0.03197	0.01482	0.01087	0.05382	0.03802	0.07046	0.01074	0.00564	0.00428	0.00134	0.00500	0.00445	0.00312	0.19298
6	0.10101	0.23675	0.18618	0.01096	0.01508	0.09023	0.03057	0.07073	0.01240	0.01728	0.11925	0.01407	0.01284	0.00600	0.00528	0.00150	0.05580	0.00437	0.00311	0.00659

[dist]
# distance from previous block
# <min> <max>
7	12

[block]
# block no. 9 follows, 47 sequences, length 17
# corresponding to MSA columns:
# 485-501
name=unknown_J
#
# <colnr> <probs for GDERKNQSTAVLIFYWHMCP>
#	G	D	E	R	K	N	Q	S	T	A	V	L	I	F	Y	W	H	M	C	P
0	0.05711	0.20273	0.08683	0.01331	0.11199	0.03241	0.01051	0.16325	0.01328	0.03952	0.01173	0.10286	0.01071	0.00691	0.00619	0.00161	0.10145	0.00519	0.01544	0.00697
1	0.27996	0.24989	0.07988	0.00897	0.01244	0.09197	0.00823	0.02894	0.01098	0.01750	0.08635	0.01312	0.01125	0.03520	0.00516	0.00158	0.02969	0.00391	0.01894	0.00604
2	0.00921	0.00733	0.00747	0.00789	0.00893	0.09681	0.00564	0.01050	0.01138	0.06156	0.07500	0.50578	0.07550	0.01329	0.00614	0.00191	0.00383	0.03983	0.04718	0.00483
3	0.00738	0.00579	0.00699	0.00716	0.02552	0.00542	0.00511	0.01019	0.07071	0.01757	0.36342	0.16505	0.26648	0.01193	0.00614	0.00176	0.00281	0.01039	0.00521	0.00497
4	0.00939	0.00577	0.00755	0.00787	0.00898	0.00558	0.00567	0.01159	0.06558	0.12170	0.05270	0.52450	0.02883	0.03257	0.05509	0.00246	0.00406	0.03995	0.00496	0.00521
5	0.00634	0.00453	0.00604	0.00725	0.00755	0.00423	0.00483	0.00725	0.00997	0.01329	0.02870	0.81358	0.03444	0.01632	0.00665	0.00211	0.00302	0.01480	0.00483	0.00423
6	0.01080	0.00926	0.01080	0.00771	0.01234	0.00694	0.00617	0.01311	0.01080	0.01697	0.00926	0.01080	0.00771	0.00386	0.00386	0.00077	0.00386	0.00309	0.00309	0.84882
7	0.01288	0.01258	0.05948	0.14761	0.50759	0.01202	0.09030	0.01625	0.01182	0.06393	0.01043	0.01336	0.00822	0.00483	0.00526	0.00161	0.00653	0.00479	0.00276	0.00776
8	0.14397	0.07874	0.08146	0.01779	0.05075	0.03739	0.45320	0.04386	0.01203	0.01784	0.00964	0.01226	0.00737	0.00461	0.00526	0.00165	0.00751	0.00500	0.00275	0.00691
9	0.00764	0.00559	0.00706	0.00772	0.00849	0.00550	0.00542	0.05508	0.04991	0.01560	0.08851	0.64010	0.03301	0.01472	0.00647	0.00203	0.00325	0.03416	0.00495	0.00479
10	0.00905	0.00452	0.00678	0.00678	0.00678	0.00452	0.00452	0.00678	0.00678	0.00905	0.00905	0.01583	0.00905	0.01809	0.02035	0.84848	0.00452	0.00452	0.00226	0.00226
11	0.01259	0.00808	0.00855	0.00740	0.00952	0.00862	0.00579	0.23051	0.06169	0.02316	0.06309	0.01918	0.01463	0.03740	0.00522	0.00152	0.00359	0.00525	0.46806	0.00615
12	0.01760	0.01224	0.01387	0.01189	0.06156	0.01328	0.00909	0.51660	0.02023	0.08664	0.01401	0.04122	0.01058	0.00655	0.00529	0.00155	0.02234	0.00509	0.12233	0.00804
13	0.00712	0.00515	0.00641	0.00697	0.00765	0.00489	0.00479	0.03366	0.01097	0.01458	0.11886	0.48903	0.11329	0.12194	0.00915	0.00240	0.00332	0.03073	0.00473	0.00436
14	0.09287	0.01252	0.06077	0.13971	0.42297	0.01223	0.08927	0.03004	0.04329	0.01748	0.01037	0.01372	0.00840	0.00504	0.00511	0.00163	0.00631	0.01805	0.00279	0.00743
15	0.05655	0.08216	0.40981	0.01613	0.12918	0.01204	0.08977	0.01552	0.01154	0.01714	0.10034	0.01452	0.01194	0.00548	0.00502	0.00160	0.00660	0.00471	0.00277	0.00719
16	0.09332	0.06035	0.03019	0.07596	0.04330	0.10754	0.00912	0.23366	0.03885	0.06862	0.06476	0.04888	0.06128	0.00697	0.00527	0.00159	0.02325	0.00541	0.01475	0.00692

[dist]
# distance from previous block
# <min> <max>
1	8

[block]
# block no. 10 follows, 47 sequences, length 26
# corresponding to MSA columns:
# 510-528,531-534,538-540
name=unknown_K
#
# <colnr> <probs for GDERKNQSTAVLIFYWHMCP>
#	G	D	E	R	K	N	Q	S	T	A	V	L	I	F	Y	W	H	M	C	P
0	0.63773	0.10112	0.02946	0.03132	0.01198	0.01294	0.00696	0.07274	0.01040	0.02226	0.00808	0.00977	0.00645	0.00506	0.00355	0.00157	0.00452	0.01481	0.00324	0.00604
1	0.12977	0.10225	0.47673	0.01340	0.03742	0.06534	0.02712	0.06079	0.01174	0.01776	0.00897	0.01045	0.00667	0.00497	0.00457	0.00156	0.00695	0.00367	0.00257	0.00727
2	0.01119	0.00851	0.00994	0.06533	0.01252	0.00942	0.00708	0.01884	0.37012	0.06868	0.06649	0.07717	0.03174	0.16127	0.05608	0.00277	0.00489	0.00696	0.00460	0.00641
3	0.01000	0.00577	0.00738	0.02405	0.00879	0.00559	0.00531	0.01166	0.02452	0.11351	0.19851	0.12674	0.08980	0.03814	0.03369	0.10092	0.01528	0.02198	0.15337	0.00498
4	0.10257	0.00707	0.00754	0.00674	0.00868	0.00717	0.00517	0.10988	0.01324	0.06338	0.16806	0.02651	0.13342	0.06582	0.00673	0.02002	0.00341	0.00661	0.23252	0.00545
5	0.01059	0.02240	0.59948	0.01396	0.04008	0.01125	0.01638	0.06854	0.01192	0.01735	0.02798	0.11300	0.01119	0.00658	0.00521	0.00170	0.00682	0.00543	0.00283	0.00730
6	0.01260	0.00679	0.00884	0.00764	0.00984	0.00628	0.00597	0.01574	0.06541	0.25380	0.50009	0.03118	0.03592	0.00913	0.00581	0.00164	0.00317	0.00791	0.00592	0.00633
7	0.74854	0.01064	0.00866	0.00750	0.01084	0.01225	0.00618	0.11017	0.01083	0.02456	0.00791	0.00897	0.00605	0.00501	0.00347	0.00161	0.00424	0.00306	0.00347	0.00605
8	0.00888	0.00453	0.00667	0.00675	0.00681	0.00451	0.00452	0.00698	0.00713	0.00966	0.01063	0.06992	0.01090	0.01759	0.01890	0.76450	0.00436	0.00523	0.02904	0.00248
9	0.00762	0.00507	0.00679	0.00744	0.00822	0.00474	0.00536	0.00908	0.01150	0.05270	0.19860	0.52005	0.03625	0.01435	0.00652	0.00201	0.00315	0.09074	0.00511	0.00467
10	0.00915	0.00712	0.01027	0.00901	0.01064	0.00688	0.10090	0.03124	0.06236	0.03918	0.08343	0.24046	0.04508	0.23965	0.02919	0.00286	0.00474	0.00904	0.00410	0.05471
11	0.22284	0.23656	0.16632	0.06525	0.03788	0.04408	0.06112	0.07113	0.01160	0.02775	0.00866	0.01023	0.00679	0.00489	0.00419	0.00148	0.00606	0.00359	0.00280	0.00678
12	0.05239	0.01386	0.13664	0.02220	0.04095	0.04267	0.10488	0.03251	0.01081	0.01641	0.00906	0.01159	0.00742	0.00554	0.00737	0.00150	0.18569	0.00407	0.02731	0.26710
13	0.60131	0.11393	0.10901	0.00824	0.01220	0.01279	0.00785	0.01578	0.03008	0.02092	0.00793	0.00911	0.00621	0.00484	0.00352	0.00154	0.00468	0.00303	0.00302	0.02399
14	0.01310	0.01298	0.01669	0.16297	0.02012	0.13114	0.14926	0.06708	0.12140	0.02937	0.01197	0.02564	0.00981	0.04564	0.02541	0.00204	0.12060	0.00520	0.02311	0.00645
15	0.12541	0.00843	0.01052	0.00851	0.01191	0.00782	0.00690	0.02167	0.03338	0.54967	0.04323	0.07122	0.01468	0.00704	0.00501	0.00163	0.00410	0.00571	0.05540	0.00777
16	0.00765	0.00626	0.00692	0.00686	0.00862	0.00598	0.00533	0.01131	0.12878	0.01638	0.14663	0.05847	0.45234	0.01211	0.00616	0.00183	0.00312	0.10509	0.00503	0.00510
17	0.01289	0.01054	0.01139	0.01008	0.01283	0.01186	0.00786	0.14136	0.50877	0.02285	0.11582	0.07451	0.02021	0.00801	0.00548	0.00174	0.00409	0.00674	0.00531	0.00765
18	0.02025	0.01386	0.01518	0.01164	0.01579	0.01508	0.00961	0.67354	0.02328	0.12812	0.01352	0.01316	0.00937	0.00628	0.00521	0.00157	0.00557	0.00476	0.00537	0.00886
19	0.01146	0.01263	0.11285	0.36661	0.12637	0.02801	0.01330	0.07448	0.11286	0.01688	0.01404	0.01633	0.06002	0.00596	0.00523	0.00168	0.00623	0.00510	0.00313	0.00683
20	0.00972	0.00541	0.00621	0.10575	0.00983	0.00570	0.00501	0.01228	0.01086	0.01864	0.01601	0.01872	0.01254	0.00596	0.00384	0.00128	0.00300	0.00483	0.73945	0.00497
21	0.00869	0.00921	0.10639	0.00946	0.06266	0.00713	0.00760	0.04136	0.06378	0.01852	0.31882	0.06470	0.22319	0.00989	0.00580	0.00168	0.00367	0.00849	0.02325	0.00570
22	0.00734	0.00511	0.00640	0.00653	0.00691	0.00518	0.00426	0.00815	0.00904	0.01239	0.12051	0.14757	0.02419	0.44620	0.16338	0.00477	0.00605	0.00852	0.00368	0.00383
