[name]
unknown

[dist]
# distance from previous block
# <min> <max>
39	88

[block]
# block no. 0 follows, 44 sequences, length 12
# corresponding to MSA columns:
# 165-176
name=unknown_A
#
# <colnr> <probs for GDERKNQSTAVLIFYWHMCP>
#	G	D	E	R	K	N	Q	S	T	A	V	L	I	F	Y	W	H	M	C	P
0	0.01147	0.00724	0.00938	0.18298	0.01491	0.00797	0.00745	0.05591	0.01207	0.06628	0.01671	0.01948	0.04257	0.00871	0.04564	0.02460	0.03171	0.00532	0.42387	0.00573
1	0.06963	0.01105	0.01275	0.05665	0.01492	0.01173	0.00856	0.33080	0.03926	0.17533	0.06556	0.10253	0.01617	0.05169	0.00677	0.00193	0.00508	0.00656	0.00528	0.00774
2	0.08435	0.01166	0.01647	0.32314	0.18264	0.05189	0.04071	0.06258	0.05367	0.06271	0.01220	0.05273	0.00988	0.00609	0.00535	0.00175	0.00645	0.00531	0.00334	0.00710
3	0.22266	0.05979	0.03694	0.32129	0.15385	0.01311	0.01234	0.05961	0.02567	0.03274	0.00978	0.01259	0.00754	0.00532	0.00480	0.00170	0.00612	0.00427	0.00302	0.00687
4	0.01485	0.01023	0.01152	0.00965	0.01297	0.01044	0.00772	0.16551	0.22391	0.14718	0.06151	0.02586	0.14500	0.00837	0.00564	0.00169	0.00435	0.03648	0.00541	0.09169
5	0.19269	0.10122	0.29226	0.01437	0.09959	0.01310	0.04729	0.04567	0.01183	0.04733	0.00974	0.01131	0.00739	0.00505	0.00462	0.00157	0.00631	0.00390	0.00297	0.08178
6	0.01331	0.04435	0.06854	0.08415	0.04418	0.01440	0.47435	0.08843	0.01342	0.01828	0.01058	0.01388	0.00808	0.00531	0.00701	0.00183	0.07389	0.00572	0.00292	0.00737
7	0.06257	0.09886	0.39156	0.03286	0.06111	0.01241	0.07845	0.01673	0.01222	0.06572	0.10395	0.01556	0.01297	0.00589	0.00520	0.00167	0.00671	0.00493	0.00317	0.00746
8	0.10555	0.34471	0.18082	0.01144	0.01624	0.04770	0.03664	0.03346	0.01133	0.01617	0.00847	0.01018	0.00706	0.00526	0.00531	0.00146	0.07387	0.00353	0.00263	0.07818
9	0.19851	0.22499	0.10560	0.00913	0.01287	0.01259	0.00865	0.01493	0.01113	0.06823	0.05340	0.08513	0.06250	0.00855	0.03666	0.00187	0.02697	0.00544	0.00354	0.04930
10	0.03266	0.00974	0.05587	0.04096	0.05435	0.00876	0.00816	0.13676	0.01418	0.12380	0.08631	0.19895	0.05755	0.08701	0.00794	0.00211	0.00468	0.00822	0.00473	0.05728
11	0.06543	0.01172	0.01306	0.01081	0.03028	0.01228	0.00848	0.39399	0.03813	0.06419	0.11444	0.08623	0.01722	0.00770	0.00543	0.00161	0.00487	0.00624	0.00512	0.10275

[dist]
# distance from previous block
# <min> <max>
3	89

[block]
# block no. 1 follows, 44 sequences, length 45
# corresponding to MSA columns:
# 318-362
name=unknown_B
#
# <colnr> <probs for GDERKNQSTAVLIFYWHMCP>
#	G	D	E	R	K	N	Q	S	T	A	V	L	I	F	Y	W	H	M	C	P
0	0.07232	0.04219	0.22313	0.04517	0.09463	0.04166	0.02878	0.05013	0.04588	0.14473	0.06471	0.02925	0.01263	0.00815	0.04949	0.00206	0.00661	0.00511	0.00383	0.02952
1	0.06931	0.05778	0.07618	0.07992	0.09488	0.04199	0.02869	0.04580	0.07900	0.01806	0.07967	0.11805	0.05899	0.00790	0.00575	0.00168	0.03035	0.00662	0.00380	0.09558
2	0.01289	0.02664	0.11355	0.01204	0.01577	0.03073	0.08180	0.16681	0.13336	0.02124	0.08622	0.05359	0.06554	0.00933	0.03961	0.00204	0.03106	0.03478	0.00433	0.05867
3	0.06469	0.08114	0.09376	0.03400	0.04454	0.03770	0.19633	0.07935	0.14724	0.08687	0.03419	0.05064	0.01225	0.00633	0.00548	0.00173	0.00641	0.00575	0.00396	0.00765
4	0.22117	0.02418	0.05762	0.07897	0.02850	0.01152	0.07022	0.10329	0.06768	0.12678	0.08943	0.01631	0.01342	0.00692	0.02087	0.00181	0.00548	0.00507	0.00427	0.04648
5	0.03171	0.02915	0.11653	0.04267	0.02778	0.04732	0.03865	0.12695	0.07269	0.03319	0.06551	0.12848	0.11535	0.00906	0.00631	0.00180	0.04207	0.02376	0.00424	0.03677
6	0.07006	0.01739	0.30439	0.01211	0.02865	0.01161	0.01243	0.05390	0.19241	0.03724	0.02641	0.01542	0.03461	0.00596	0.00502	0.00159	0.00573	0.00474	0.00372	0.15662
7	0.05554	0.16886	0.05314	0.10170	0.04821	0.14949	0.01065	0.07519	0.14742	0.06791	0.01219	0.01314	0.00941	0.00582	0.00512	0.00156	0.02468	0.00432	0.00362	0.04204
8	0.01083	0.00984	0.01499	0.06066	0.14263	0.02930	0.10176	0.01569	0.14129	0.01611	0.03191	0.01931	0.01320	0.04673	0.31570	0.00465	0.00965	0.00585	0.00337	0.00652
9	0.08727	0.08166	0.12086	0.01522	0.16264	0.02925	0.03473	0.08313	0.07217	0.08060	0.14514	0.01799	0.01652	0.00649	0.00523	0.00163	0.00551	0.00543	0.00405	0.02449
10	0.04136	0.01406	0.01520	0.01205	0.01608	0.04477	0.02703	0.45309	0.16629	0.12951	0.01560	0.01502	0.01106	0.00662	0.00542	0.00168	0.00567	0.00516	0.00542	0.00890
11	0.02012	0.01241	0.01485	0.10087	0.01801	0.01318	0.00999	0.42125	0.02032	0.25666	0.01591	0.04566	0.01136	0.00689	0.00552	0.00169	0.00562	0.00549	0.00548	0.00872
12	0.00716	0.00539	0.00652	0.00660	0.00772	0.00496	0.00473	0.00876	0.01242	0.01651	0.29379	0.18597	0.26078	0.09869	0.05299	0.00262	0.00371	0.01098	0.00508	0.00464
13	0.01129	0.01261	0.10459	0.44767	0.22956	0.01216	0.01550	0.03305	0.01181	0.01588	0.01208	0.01566	0.04361	0.00568	0.00545	0.00175	0.00690	0.00507	0.00268	0.00698
14	0.01354	0.01154	0.01260	0.13293	0.01738	0.05426	0.00934	0.04116	0.47654	0.06322	0.02232	0.02159	0.08473	0.00754	0.00558	0.00180	0.00499	0.00624	0.00493	0.00778
15	0.00759	0.00548	0.00718	0.00694	0.00812	0.00506	0.00513	0.00998	0.01486	0.02095	0.68685	0.12798	0.04968	0.01182	0.00649	0.00177	0.00264	0.01050	0.00589	0.00506
16	0.03989	0.00937	0.01201	0.00967	0.01340	0.00876	0.00783	0.02528	0.13893	0.57361	0.05441	0.05014	0.01638	0.00741	0.00554	0.00174	0.00443	0.00612	0.00637	0.00873
17	0.00799	0.00514	0.00659	0.00728	0.00774	0.00485	0.00477	0.00875	0.01008	0.05634	0.02622	0.56042	0.03056	0.22214	0.01228	0.00298	0.00380	0.01296	0.00470	0.00441
18	0.00943	0.00498	0.00646	0.00640	0.00702	0.00491	0.00449	0.00945	0.00983	0.01499	0.13101	0.02158	0.01750	0.01356	0.01320	0.43246	0.00367	0.00565	0.27971	0.00370
19	0.00761	0.00557	0.00713	0.00674	0.00808	0.00510	0.00506	0.01007	0.01517	0.02124	0.70934	0.04174	0.11401	0.01138	0.00643	0.00173	0.00259	0.01000	0.00592	0.00510
20	0.14328	0.00785	0.00820	0.00748	0.00948	0.00822	0.00565	0.13417	0.01313	0.06908	0.01863	0.16117	0.03356	0.09965	0.00747	0.00206	0.00393	0.00709	0.25406	0.00583
21	0.02137	0.01048	0.01297	0.01035	0.01429	0.01026	0.00845	0.11679	0.17621	0.51084	0.02076	0.01909	0.01399	0.00702	0.00553	0.00173	0.00475	0.01977	0.00630	0.00906
22	0.02446	0.00928	0.01265	0.00970	0.01392	0.00801	0.00801	0.02657	0.01560	0.77817	0.02151	0.01856	0.01350	0.00675	0.00548	0.00169	0.00464	0.00548	0.00675	0.00928
23	0.00850	0.00575	0.00754	0.00699	0.00842	0.00528	0.00528	0.01105	0.01544	0.05743	0.73625	0.03968	0.04966	0.01094	0.00639	0.00171	0.00267	0.00965	0.00604	0.00534
24	0.01784	0.00798	0.01049	0.00871	0.01172	0.00715	0.00688	0.02040	0.04805	0.47300	0.15604	0.09529	0.06136	0.04102	0.00673	0.00190	0.00406	0.00759	0.00619	0.00761
25	0.00793	0.00529	0.00595	0.00595	0.00595	0.00529	0.00330	0.00793	0.00793	0.01057	0.01718	0.03568	0.01982	0.80840	0.02775	0.00529	0.00529	0.00793	0.00330	0.00330
26	0.84691	0.01054	0.00801	0.00717	0.01054	0.01223	0.00590	0.01603	0.00928	0.02446	0.00759	0.00886	0.00590	0.00506	0.00337	0.00169	0.00422	0.00295	0.00337	0.00590
27	0.05758	0.00648	0.00755	0.00697	0.00890	0.00603	0.00533	0.01231	0.04679	0.09810	0.38087	0.05857	0.26179	0.01113	0.00613	0.00177	0.00303	0.00949	0.00560	0.00559
28	0.60119	0.01072	0.00934	0.00801	0.01131	0.01209	0.00651	0.13126	0.01228	0.05796	0.03389	0.01237	0.00898	0.04069	0.00496	0.00183	0.00447	0.00385	0.02186	0.00642
29	0.00686	0.00526	0.00629	0.00663	0.00777	0.00469	0.00474	0.00841	0.01252	0.01636	0.23980	0.32075	0.31172	0.01427	0.00663	0.00194	0.00286	0.01250	0.00532	0.00469
30	0.58642	0.00945	0.00854	0.00750	0.01048	0.01041	0.00599	0.01630	0.00996	0.13963	0.01039	0.01242	0.00810	0.04201	0.00682	0.09773	0.00439	0.00377	0.00378	0.00591
31	0.00744	0.00549	0.00692	0.00733	0.00774	0.00558	0.00494	0.00827	0.00983	0.01318	0.05843	0.37862	0.09198	0.26254	0.05814	0.00349	0.05016	0.01140	0.00428	0.00424
32	0.01204	0.01103	0.01731	0.11269	0.44885	0.01147	0.01321	0.01659	0.10946	0.01794	0.09220	0.01958	0.03388	0.05236	0.00684	0.00190	0.00572	0.00589	0.00347	0.00757
33	0.01311	0.48550	0.18351	0.01253	0.01777	0.01759	0.12116	0.01618	0.01139	0.01449	0.00984	0.05600	0.00884	0.00548	0.00448	0.00144	0.00663	0.00439	0.00255	0.00712
34	0.84691	0.01054	0.00801	0.00717	0.01054	0.01223	0.00590	0.01603	0.00928	0.02446	0.00759	0.00886	0.00590	0.00506	0.00337	0.00169	0.00422	0.00295	0.00337	0.00590
35	0.01198	0.00731	0.00922	0.00792	0.01027	0.00670	0.00613	0.06412	0.01497	0.16116	0.39320	0.06758	0.06584	0.02829	0.03222	0.00195	0.00384	0.00818	0.00557	0.09356
36	0.46258	0.07242	0.21701	0.01020	0.01501	0.01352	0.01047	0.09419	0.02552	0.02272	0.00902	0.01021	0.00680	0.00526	0.00412	0.00166	0.00555	0.00350	0.00327	0.00696
37	0.01344	0.01287	0.02186	0.03282	0.75523	0.01281	0.01647	0.01666	0.01239	0.01781	0.01024	0.01344	0.00862	0.00484	0.00536	0.00160	0.00642	0.00482	0.00271	0.02961
38	0.07165	0.00957	0.01252	0.00966	0.01383	0.00857	0.00798	0.05212	0.01560	0.70814	0.02041	0.01780	0.01291	0.00664	0.00536	0.00169	0.00466	0.00532	0.00651	0.00908
39	0.01933	0.01490	0.01788	0.01361	0.01799	0.01623	0.09521	0.63269	0.04817	0.03161	0.01318	0.01368	0.00949	0.00705	0.02150	0.00181	0.00648	0.00514	0.00510	0.00894
40	0.01093	0.02820	0.78016	0.01554	0.02360	0.01266	0.02014	0.01727	0.01151	0.01727	0.00978	0.01151	0.00691	0.00518	0.00518	0.00173	0.00806	0.00403	0.00230	0.00806
41	0.00789	0.00546	0.00681	0.00681	0.00711	0.00576	0.00438	0.00848	0.00818	0.01121	0.01638	0.03129	0.01791	0.57211	0.26144	0.00636	0.00815	0.00729	0.00319	0.00378
42	0.00793	0.00529	0.00595	0.00595	0.00595	0.00529	0.00330	0.00793	0.00793	0.01057	0.01718	0.03568	0.01982	0.80840	0.02775	0.00529	0.00529	0.00793	0.00330	0.00330
43	0.02446	0.00928	0.01265	0.00970	0.01392	0.00801	0.00801	0.02657	0.01560	0.77817	0.02151	0.01856	0.01350	0.00675	0.00548	0.00169	0.00464	0.00548	0.00675	0.00928
44	0.84691	0.01054	0.00801	0.00717	0.01054	0.01223	0.00590	0.01603	0.00928	0.02446	0.00759	0.00886	0.00590	0.00506	0.00337	0.00169	0.00422	0.00295	0.00337	0.00590

[dist]
# distance from previous block
# <min> <max>
0	1

[block]
# block no. 2 follows, 44 sequences, length 78
# corresponding to MSA columns:
# 364-409,427-434,440-463
name=unknown_C
#
# <colnr> <probs for GDERKNQSTAVLIFYWHMCP>
#	G	D	E	R	K	N	Q	S	T	A	V	L	I	F	Y	W	H	M	C	P
0	0.00779	0.00584	0.00876	0.00876	0.00974	0.00681	0.00681	0.00974	0.00876	0.01266	0.01460	0.02142	0.01363	0.04089	0.78680	0.00876	0.01460	0.00584	0.00292	0.00487
1	0.00657	0.00503	0.00604	0.00684	0.00771	0.00449	0.00473	0.00768	0.01116	0.01421	0.03915	0.53288	0.30215	0.01590	0.00677	0.00208	0.00302	0.01406	0.00506	0.00449
2	0.00664	0.00474	0.00633	0.00759	0.00791	0.00443	0.00506	0.00759	0.01044	0.01392	0.03005	0.80485	0.03606	0.01708	0.00696	0.00221	0.00316	0.01550	0.00506	0.00443
3	0.01093	0.02820	0.78016	0.01554	0.02360	0.01266	0.02014	0.01727	0.01151	0.01727	0.00978	0.01151	0.00691	0.00518	0.00518	0.00173	0.00806	0.00403	0.00230	0.00806
4	0.01289	0.01465	0.03184	0.02332	0.05296	0.01376	0.73039	0.01744	0.01285	0.01747	0.01100	0.01467	0.00828	0.00460	0.00640	0.00183	0.00910	0.00638	0.00276	0.00740
5	0.02072	0.01527	0.01636	0.01254	0.01691	0.01691	0.01036	0.75622	0.02563	0.03436	0.01309	0.01309	0.00927	0.00654	0.00545	0.00164	0.00600	0.00491	0.00545	0.00927
6	0.00664	0.00474	0.00633	0.00759	0.00791	0.00443	0.00506	0.00759	0.01044	0.01392	0.03005	0.80485	0.03606	0.01708	0.00696	0.00221	0.00316	0.01550	0.00506	0.00443
7	0.02072	0.01527	0.01636	0.01254	0.01691	0.01691	0.01036	0.75622	0.02563	0.03436	0.01309	0.01309	0.00927	0.00654	0.00545	0.00164	0.00600	0.00491	0.00545	0.00927
8	0.00762	0.00557	0.00716	0.00676	0.00809	0.00510	0.00507	0.01010	0.01521	0.02133	0.71789	0.04160	0.10540	0.01134	0.00643	0.00172	0.00259	0.00998	0.00593	0.00510
9	0.01458	0.81168	0.02857	0.00933	0.01399	0.02157	0.00933	0.01632	0.01108	0.01283	0.00758	0.00875	0.00700	0.00466	0.00350	0.00117	0.00583	0.00292	0.00233	0.00700
10	0.02037	0.02598	0.01545	0.01404	0.01685	0.78652	0.01053	0.02177	0.01545	0.01334	0.00843	0.00983	0.00702	0.00562	0.00492	0.00140	0.00983	0.00351	0.00281	0.00632
11	0.00664	0.00474	0.00633	0.00759	0.00791	0.00443	0.00506	0.00759	0.01044	0.01392	0.03005	0.80485	0.03606	0.01708	0.00696	0.00221	0.00316	0.01550	0.00506	0.00443
12	0.00793	0.00529	0.00595	0.00595	0.00595	0.00529	0.00330	0.00793	0.00793	0.01057	0.01718	0.03568	0.01982	0.80840	0.02775	0.00529	0.00529	0.00793	0.00330	0.00330
13	0.00769	0.00555	0.00726	0.00688	0.00814	0.00513	0.00514	0.01022	0.01531	0.02167	0.75341	0.05939	0.05106	0.01129	0.00644	0.00173	0.00259	0.01000	0.00598	0.00513
14	0.00793	0.00529	0.00595	0.00595	0.00595	0.00529	0.00330	0.00793	0.00793	0.01057	0.01718	0.03568	0.01982	0.80840	0.02775	0.00529	0.00529	0.00793	0.00330	0.00330
15	0.00766	0.00557	0.00721	0.00680	0.00811	0.00512	0.00510	0.01018	0.01530	0.02154	0.73904	0.04126	0.08412	0.01127	0.00643	0.00172	0.00258	0.00993	0.00596	0.00512
16	0.00664	0.00474	0.00633	0.00759	0.00791	0.00443	0.00506	0.00759	0.01044	0.01392	0.03005	0.80485	0.03606	0.01708	0.00696	0.00221	0.00316	0.01550	0.00506	0.00443
17	0.00699	0.00554	0.00629	0.00610	0.00770	0.00484	0.00458	0.00889	0.01373	0.01781	0.36472	0.04739	0.46077	0.01266	0.00644	0.00179	0.00268	0.01079	0.00547	0.00484
18	0.00793	0.00529	0.00595	0.00595	0.00595	0.00529	0.00330	0.00793	0.00793	0.01057	0.01718	0.03568	0.01982	0.80840	0.02775	0.00529	0.00529	0.00793	0.00330	0.00330
19	0.01493	0.01580	0.02035	0.06183	0.56869	0.19054	0.01524	0.01777	0.01305	0.01662	0.00981	0.01270	0.00821	0.00506	0.00529	0.00158	0.00728	0.00455	0.00271	0.00799
20	0.00780	0.00580	0.00855	0.00855	0.00945	0.00670	0.00655	0.00960	0.00870	0.01250	0.01479	0.02248	0.01409	0.09796	0.73036	0.00850	0.01391	0.00600	0.00295	0.00475
21	0.00783	0.00525	0.00597	0.00607	0.00609	0.00522	0.00343	0.00790	0.00811	0.01082	0.01813	0.09287	0.02103	0.74956	0.02620	0.00506	0.00513	0.00849	0.00343	0.00339
22	0.01334	0.01303	0.02293	0.05553	0.67933	0.01301	0.08863	0.01672	0.01241	0.01766	0.01031	0.01364	0.00856	0.00485	0.00550	0.00165	0.00677	0.00501	0.00270	0.00843
23	0.00876	0.00667	0.00819	0.00762	0.00922	0.00665	0.00577	0.01362	0.14922	0.02203	0.63770	0.03708	0.04523	0.01048	0.00627	0.00174	0.00288	0.00920	0.00592	0.00577
24	0.01130	0.00969	0.01130	0.00807	0.01292	0.00727	0.00646	0.01373	0.01130	0.01776	0.00969	0.01130	0.00807	0.00404	0.00404	0.00081	0.00404	0.00323	0.00323	0.84173
25	0.00903	0.00754	0.01096	0.01149	0.09459	0.00717	0.05305	0.01168	0.04225	0.01734	0.21111	0.25401	0.06725	0.02515	0.02526	0.00203	0.01981	0.02909	0.00458	0.09661
26	0.01209	0.04560	0.24127	0.01268	0.03911	0.03344	0.01246	0.10012	0.04991	0.03760	0.01855	0.05798	0.01776	0.00943	0.00606	0.00197	0.00613	0.27009	0.00406	0.02370
27	0.00910	0.00603	0.00873	0.00848	0.00970	0.00668	0.00657	0.01107	0.00983	0.07046	0.07197	0.02305	0.01665	0.05825	0.62159	0.00736	0.01228	0.00615	0.03086	0.00518
28	0.01287	0.01471	0.03217	0.02298	0.02849	0.01379	0.75460	0.01746	0.01287	0.01746	0.01103	0.01471	0.00827	0.00460	0.00643	0.00184	0.00919	0.00643	0.00276	0.00735
29	0.09777	0.02138	0.01460	0.01268	0.01597	0.51671	0.00976	0.15269	0.01639	0.01850	0.00928	0.01044	0.00740	0.00561	0.00480	0.00143	0.00818	0.00369	0.00337	0.06936
30	0.01089	0.01029	0.01742	0.65430	0.17392	0.01227	0.01543	0.01445	0.01118	0.01465	0.00979	0.01434	0.00752	0.00534	0.00544	0.00178	0.00712	0.00485	0.00247	0.00653
31	0.00772	0.00557	0.00729	0.00686	0.00814	0.00514	0.00514	0.01029	0.01543	0.02186	0.77152	0.04072	0.05144	0.01115	0.00643	0.00171	0.00257	0.00986	0.00600	0.00514
32	0.00664	0.00474	0.00633	0.00759	0.00791	0.00443	0.00506	0.00759	0.01044	0.01392	0.03005	0.80485	0.03606	0.01708	0.00696	0.00221	0.00316	0.01550	0.00506	0.00443
33	0.01887	0.01438	0.01554	0.01268	0.03350	0.01603	0.01010	0.56753	0.19995	0.03125	0.01518	0.01481	0.01100	0.00671	0.00547	0.00169	0.00561	0.00520	0.00541	0.00911
34	0.00798	0.00572	0.00858	0.00858	0.00944	0.00658	0.00658	0.00944	0.00858	0.01230	0.01403	0.02087	0.01316	0.03842	0.70077	0.10233	0.01349	0.00572	0.00286	0.00459
35	0.84691	0.01054	0.00801	0.00717	0.01054	0.01223	0.00590	0.01603	0.00928	0.02446	0.00759	0.00886	0.00590	0.00506	0.00337	0.00169	0.00422	0.00295	0.00337	0.00590
36	0.00651	0.00553	0.00562	0.00560	0.00741	0.00463	0.00420	0.00796	0.01259	0.01513	0.09527	0.05181	0.73189	0.01366	0.00644	0.00183	0.00275	0.01141	0.00512	0.00463
37	0.02355	0.00937	0.01257	0.00969	0.01378	0.00826	0.00798	0.05690	0.01602	0.71252	0.05486	0.01932	0.01502	0.00694	0.00552	0.00169	0.00460	0.00565	0.00666	0.00909
38	0.72256	0.01072	0.00866	0.00776	0.01109	0.01243	0.00631	0.01796	0.12198	0.02421	0.00977	0.01057	0.00751	0.00541	0.00370	0.00171	0.00423	0.00343	0.00370	0.00631
39	0.02446	0.00928	0.01265	0.00970	0.01392	0.00801	0.00801	0.02657	0.01560	0.77817	0.02151	0.01856	0.01350	0.00675	0.00548	0.00169	0.00464	0.00548	0.00675	0.00928
40	0.00977	0.00611	0.00748	0.00682	0.00874	0.00538	0.00523	0.01186	0.01442	0.13225	0.41167	0.04148	0.29524	0.01141	0.00629	0.00175	0.00295	0.00978	0.00579	0.00557
41	0.00717	0.00548	0.00637	0.00625	0.00757	0.00490	0.00453	0.00890	0.01315	0.01734	0.36170	0.08046	0.34222	0.09947	0.00879	0.00218	0.00297	0.01058	0.00528	0.00469
42	0.00774	0.00520	0.00600	0.00619	0.00624	0.00516	0.00357	0.00788	0.00830	0.01107	0.01910	0.15046	0.02224	0.69032	0.02465	0.00483	0.00497	0.00906	0.00357	0.00347
43	0.01030	0.00969	0.01635	0.79530	0.03755	0.01211	0.01514	0.01393	0.01090	0.01393	0.00969	0.01453	0.00727	0.00545	0.00545	0.00182	0.00727	0.00484	0.00242	0.00606
44	0.04077	0.00682	0.00876	0.00826	0.01010	0.00636	0.00606	0.01528	0.04037	0.27867	0.02468	0.39456	0.02479	0.09765	0.00851	0.00233	0.00398	0.01046	0.00542	0.00619
45	0.01351	0.00969	0.01099	0.00938	0.01203	0.01022	0.00736	0.22843	0.15746	0.07330	0.27306	0.05717	0.07172	0.03264	0.00657	0.00185	0.00413	0.00772	0.00564	0.00713
46	0.00729	0.00536	0.00697	0.00799	0.00887	0.00504	0.00606	0.00883	0.01153	0.01497	0.05130	0.43711	0.15376	0.01579	0.00704	0.00223	0.00365	0.23648	0.00507	0.00465
47	0.00644	0.00552	0.00552	0.00552	0.00736	0.00460	0.00414	0.00782	0.01243	0.01473	0.05523	0.05247	0.77218	0.01381	0.00644	0.00184	0.00276	0.01151	0.00506	0.00460
48	0.06674	0.00580	0.00691	0.00752	0.00850	0.00570	0.00529	0.01001	0.06179	0.01640	0.12997	0.52715	0.09907	0.01449	0.00649	0.00205	0.00320	0.01288	0.00510	0.00493
49	0.00797	0.00512	0.00676	0.00765	0.00833	0.00470	0.00524	0.00902	0.01092	0.07117	0.03063	0.70962	0.06994	0.01615	0.00682	0.00216	0.00325	0.01456	0.00519	0.00480
50	0.84691	0.01054	0.00801	0.00717	0.01054	0.01223	0.00590	0.01603	0.00928	0.02446	0.00759	0.00886	0.00590	0.00506	0.00337	0.00169	0.00422	0.00295	0.00337	0.00590
51	0.01488	0.01058	0.01182	0.01026	0.01334	0.01153	0.00807	0.07669	0.47012	0.14675	0.12539	0.02307	0.03735	0.00789	0.00567	0.00179	0.00421	0.00659	0.00579	0.00821
52	0.02186	0.01197	0.12700	0.01047	0.01516	0.00861	0.00972	0.02461	0.01499	0.63831	0.04586	0.01828	0.01383	0.00667	0.00547	0.00169	0.00508	0.00542	0.00606	0.00895
53	0.01272	0.01077	0.01154	0.01061	0.01331	0.01229	0.00814	0.04513	0.63235	0.02179	0.02312	0.13722	0.01934	0.00882	0.00576	0.00190	0.00419	0.00752	0.00547	0.00802
54	0.00680	0.00508	0.00632	0.00697	0.00782	0.00460	0.00486	0.00815	0.01184	0.01559	0.17477	0.48598	0.21093	0.01520	0.00674	0.00203	0.00296	0.01351	0.00524	0.00460
55	0.01249	0.01565	0.10377	0.07968	0.02869	0.01355	0.62815	0.01718	0.01259	0.01718	0.01081	0.01438	0.00806	0.00472	0.00624	0.00183	0.00894	0.00608	0.00269	0.00733
56	0.01137	0.01261	0.10296	0.51607	0.12774	0.01284	0.01545	0.04826	0.01164	0.01567	0.00974	0.01380	0.00748	0.00570	0.00634	0.00182	0.06643	0.00475	0.00258	0.00675
57	0.00793	0.00529	0.00595	0.00595	0.00595	0.00529	0.00330	0.00793	0.00793	0.01057	0.01718	0.03568	0.01982	0.80840	0.02775	0.00529	0.00529	0.00793	0.00330	0.00330
58	0.01103	0.02757	0.75096	0.01537	0.02324	0.01270	0.01970	0.01771	0.04014	0.01748	0.01026	0.01185	0.00728	0.00526	0.00519	0.00173	0.00791	0.00411	0.00243	0.00808
59	0.03750	0.00947	0.01234	0.00941	0.01367	0.00818	0.00774	0.04620	0.01509	0.61302	0.01989	0.01779	0.02728	0.00644	0.00525	0.00156	0.00455	0.00520	0.00609	0.13335
60	0.00883	0.00579	0.00754	0.00706	0.00852	0.00528	0.00531	0.01119	0.01493	0.07756	0.62698	0.09643	0.08092	0.01138	0.00640	0.00176	0.00278	0.01003	0.00594	0.00538
61	0.01832	0.02281	0.01409	0.01308	0.01552	0.66981	0.00972	0.01965	0.01470	0.01343	0.01165	0.12847	0.01136	0.00733	0.00522	0.00153	0.00884	0.00530	0.00315	0.00604
62	0.00668	0.00478	0.00629	0.00749	0.00783	0.00446	0.00498	0.00761	0.01041	0.01384	0.03028	0.76292	0.05378	0.04098	0.00758	0.00230	0.00322	0.01517	0.00501	0.00440
63	0.00699	0.00497	0.00623	0.00701	0.00742	0.00468	0.00458	0.00783	0.01027	0.01362	0.06934	0.52661	0.08782	0.20232	0.01177	0.00288	0.00360	0.01312	0.00470	0.00422
64	0.00703	0.00491	0.00621	0.00709	0.00731	0.00469	0.00453	0.00769	0.00967	0.01290	0.02613	0.57096	0.03112	0.25771	0.01328	0.00315	0.00381	0.01320	0.00453	0.00409
65	0.02446	0.00928	0.01265	0.00970	0.01392	0.00801	0.00801	0.02657	0.01560	0.77817	0.02151	0.01856	0.01350	0.00675	0.00548	0.00169	0.00464	0.00548	0.00675	0.00928
66	0.17411	0.00843	0.00989	0.00859	0.01139	0.00826	0.00674	0.05728	0.03146	0.31462	0.10789	0.19879	0.02149	0.00931	0.00553	0.00181	0.00405	0.00779	0.00554	0.00703
67	0.00679	0.00554	0.00600	0.00588	0.00758	0.00475	0.00441	0.00849	0.01324	0.01666	0.24908	0.04929	0.57712	0.01309	0.00644	0.00181	0.00271	0.01106	0.00532	0.00475
68	0.00664	0.00474	0.00633	0.00759	0.00791	0.00443	0.00506	0.00759	0.01044	0.01392	0.03005	0.80485	0.03606	0.01708	0.00696	0.00221	0.00316	0.01550	0.00506	0.00443
69	0.00664	0.00474	0.00633	0.00759	0.00791	0.00443	0.00506	0.00759	0.01044	0.01392	0.03005	0.80485	0.03606	0.01708	0.00696	0.00221	0.00316	0.01550	0.00506	0.00443
70	0.00788	0.00546	0.00733	0.00743	0.00789	0.00587	0.00513	0.00866	0.00843	0.01168	0.01639	0.08499	0.01745	0.34319	0.36915	0.06923	0.00930	0.00731	0.00319	0.00402
71	0.01989	0.01486	0.01589	0.01238	0.01659	0.01652	0.01016	0.67169	0.11151	0.03302	0.01415	0.01393	0.01013	0.00664	0.00546	0.00166	0.00580	0.00505	0.00546	0.00920
72	0.02124	0.01445	0.01585	0.01215	0.01650	0.01569	0.01004	0.65623	0.02426	0.13628	0.01424	0.01384	0.00985	0.00657	0.00546	0.00164	0.00581	0.00499	0.00563	0.00927
73	0.00784	0.00551	0.00703	0.00702	0.00746	0.00585	0.00469	0.00865	0.00849	0.01167	0.03121	0.03075	0.03519	0.48448	0.31455	0.00646	0.00871	0.00725	0.00325	0.00396
74	0.07587	0.01281	0.02130	0.03126	0.70044	0.01292	0.03251	0.01670	0.01219	0.01830	0.01007	0.01317	0.00842	0.00487	0.00527	0.00163	0.00637	0.00475	0.00275	0.00840
75	0.00664	0.00474	0.00633	0.00759	0.00791	0.00443	0.00506	0.00759	0.01044	0.01392	0.03005	0.80485	0.03606	0.01708	0.00696	0.00221	0.00316	0.01550	0.00506	0.00443
76	0.00769	0.00518	0.00602	0.00625	0.00631	0.00512	0.00363	0.00787	0.00840	0.01120	0.01959	0.17970	0.02286	0.66023	0.02386	0.00471	0.00489	0.00935	0.00363	0.00351
77	0.04286	0.01106	0.01342	0.01076	0.01440	0.01139	0.03666	0.20989	0.17050	0.28693	0.09936	0.01983	0.01685	0.02328	0.00601	0.00179	0.00487	0.00596	0.00577	0.00841

[dist]
# distance from previous block
# <min> <max>
2	4

[block]
# block no. 3 follows, 44 sequences, length 34
# corresponding to MSA columns:
# 469-502
name=unknown_D
#
# <colnr> <probs for GDERKNQSTAVLIFYWHMCP>
#	G	D	E	R	K	N	Q	S	T	A	V	L	I	F	Y	W	H	M	C	P
0	0.05084	0.24704	0.51282	0.01325	0.02004	0.01502	0.01612	0.01719	0.01140	0.03674	0.00938	0.01080	0.00706	0.00507	0.00463	0.00157	0.00716	0.00371	0.00248	0.00769
1	0.08087	0.35689	0.37836	0.01199	0.01805	0.01618	0.01400	0.01657	0.01125	0.01611	0.02962	0.01093	0.00809	0.00512	0.00436	0.00149	0.00665	0.00363	0.00250	0.00735
2	0.01339	0.44214	0.35226	0.01202	0.01813	0.01720	0.01394	0.01713	0.01144	0.04475	0.00908	0.01032	0.00721	0.00497	0.00430	0.00143	0.00674	0.00350	0.00249	0.00754
3	0.03225	0.11782	0.16160	0.01187	0.01649	0.01475	0.01122	0.19472	0.28029	0.08028	0.01549	0.01512	0.01138	0.00633	0.00515	0.00167	0.00564	0.00493	0.00454	0.00846
4	0.01458	0.81168	0.02857	0.00933	0.01399	0.02157	0.00933	0.01632	0.01108	0.01283	0.00758	0.00875	0.00700	0.00466	0.00350	0.00117	0.00583	0.00292	0.00233	0.00700
5	0.00668	0.00476	0.00632	0.00755	0.00785	0.00445	0.00501	0.00760	0.01037	0.01383	0.02970	0.78406	0.03562	0.03846	0.00752	0.00230	0.00322	0.01529	0.00501	0.00440
6	0.02103	0.01478	0.01606	0.01231	0.01666	0.01618	0.01017	0.69643	0.02481	0.09531	0.01378	0.01354	0.00962	0.00656	0.00546	0.00164	0.00589	0.00496	0.00556	0.00927
7	0.01515	0.56944	0.10134	0.01169	0.04525	0.14934	0.01090	0.01735	0.01191	0.01355	0.00805	0.00939	0.00706	0.00488	0.00398	0.00128	0.00675	0.00320	0.00242	0.00705
8	0.02037	0.02598	0.01545	0.01404	0.01685	0.78652	0.01053	0.02177	0.01545	0.01334	0.00843	0.00983	0.00702	0.00562	0.00492	0.00140	0.00983	0.00351	0.00281	0.00632
9	0.00823	0.00578	0.00715	0.00778	0.05020	0.00585	0.00442	0.00865	0.00848	0.01149	0.03876	0.03336	0.01959	0.67459	0.08961	0.00526	0.00606	0.00763	0.00332	0.00379
10	0.00667	0.00550	0.00585	0.00583	0.00752	0.00469	0.00435	0.00823	0.01286	0.01590	0.17496	0.07887	0.62298	0.01348	0.00646	0.00183	0.00274	0.01138	0.00522	0.00469
11	0.00772	0.00559	0.00738	0.00698	0.00824	0.00525	0.00525	0.01025	0.01502	0.02130	0.72517	0.03954	0.04913	0.01297	0.05421	0.00215	0.00331	0.00961	0.00581	0.00513
12	0.01344	0.01317	0.02115	0.12151	0.65347	0.04850	0.01626	0.01664	0.01238	0.01715	0.01010	0.01345	0.00840	0.00496	0.00538	0.00163	0.00672	0.00479	0.00267	0.00823
13	0.01256	0.01062	0.01130	0.01034	0.01294	0.01215	0.00785	0.02549	0.64031	0.02099	0.02210	0.06677	0.01809	0.09390	0.00801	0.00224	0.00435	0.00689	0.00528	0.00782
14	0.01016	0.00508	0.00508	0.00508	0.00635	0.00508	0.00381	0.01270	0.01143	0.02033	0.01778	0.02033	0.01397	0.00635	0.00381	0.00127	0.00254	0.00508	0.83867	0.00508
15	0.01344	0.01426	0.02889	0.10009	0.02818	0.01395	0.60080	0.09543	0.01402	0.01890	0.01111	0.01452	0.00828	0.00489	0.00623	0.00181	0.00866	0.00611	0.00301	0.00743
16	0.01248	0.01192	0.02030	0.27404	0.54171	0.01269	0.01623	0.01585	0.01194	0.01659	0.01008	0.01382	0.00820	0.00504	0.00541	0.00168	0.00673	0.00485	0.00261	0.00782
17	0.00757	0.00521	0.00610	0.00636	0.00658	0.00512	0.00384	0.00792	0.00875	0.01159	0.02210	0.19431	0.06973	0.56843	0.04973	0.00457	0.00503	0.00963	0.00376	0.00367
18	0.00649	0.00548	0.00562	0.00568	0.00742	0.00461	0.00422	0.00788	0.01239	0.01487	0.07266	0.09511	0.71118	0.01392	0.00647	0.00186	0.00278	0.01169	0.00509	0.00461
19	0.01184	0.01062	0.01215	0.00990	0.05972	0.04252	0.00727	0.01427	0.01156	0.01757	0.00967	0.01137	0.00806	0.00416	0.00416	0.00088	0.00445	0.00334	0.00318	0.75330
20	0.00814	0.00600	0.00747	0.00695	0.00844	0.00560	0.00525	0.04340	0.01552	0.02154	0.64857	0.04094	0.13908	0.01127	0.00639	0.00173	0.00275	0.00984	0.00586	0.00526
21	0.01456	0.01221	0.01289	0.01130	0.01456	0.01403	0.00887	0.13012	0.66177	0.02441	0.02092	0.01933	0.01562	0.00728	0.00553	0.00182	0.00455	0.00599	0.00553	0.00872
22	0.04124	0.26083	0.01897	0.01099	0.01517	0.03962	0.00947	0.31637	0.12740	0.08871	0.01314	0.01306	0.00984	0.00604	0.00479	0.00152	0.00565	0.00443	0.00448	0.00829
23	0.05388	0.01339	0.07093	0.01235	0.04450	0.11591	0.02683	0.10105	0.12105	0.01790	0.01320	0.01666	0.01116	0.04807	0.23748	0.00396	0.07639	0.00515	0.00351	0.00664
24	0.00779	0.00584	0.00876	0.00876	0.00974	0.00681	0.00681	0.00974	0.00876	0.01266	0.01460	0.02142	0.01363	0.04089	0.78680	0.00876	0.01460	0.00584	0.00292	0.00487
25	0.01475	0.78861	0.02818	0.00947	0.01408	0.04404	0.00936	0.01648	0.01121	0.01284	0.00760	0.00878	0.00700	0.00469	0.00354	0.00117	0.00595	0.00293	0.00235	0.00698
26	0.76541	0.03310	0.04435	0.00775	0.01140	0.01262	0.00676	0.03447	0.00984	0.02406	0.00783	0.00908	0.00606	0.00509	0.00351	0.00167	0.00448	0.00305	0.00335	0.00612
27	0.01723	0.42041	0.02208	0.01168	0.01535	0.38126	0.00997	0.01880	0.01306	0.01308	0.00797	0.00934	0.00701	0.00525	0.00456	0.00131	0.02921	0.00325	0.00256	0.00665
28	0.01227	0.01276	0.01769	0.52217	0.11473	0.12993	0.06428	0.01553	0.01188	0.01451	0.01011	0.03159	0.00810	0.00562	0.00546	0.00174	0.00761	0.00499	0.00259	0.00643
29	0.00793	0.00529	0.00595	0.00595	0.00595	0.00529	0.00330	0.00793	0.00793	0.01057	0.01718	0.03568	0.01982	0.80840	0.02775	0.00529	0.00529	0.00793	0.00330	0.00330
30	0.00743	0.00532	0.00596	0.00604	0.00663	0.00503	0.00380	0.00804	0.00981	0.01270	0.08056	0.10614	0.21499	0.48276	0.01906	0.00390	0.00427	0.00962	0.00409	0.00386
31	0.01326	0.01145	0.01205	0.01086	0.01389	0.01319	0.00844	0.02809	0.73334	0.02247	0.02356	0.02167	0.04799	0.00766	0.00558	0.00185	0.00425	0.00639	0.00553	0.00846
32	0.01096	0.01056	0.01022	0.01084	0.07726	0.14079	0.00740	0.03404	0.09671	0.01731	0.15919	0.12160	0.22392	0.02541	0.00645	0.00185	0.00468	0.03026	0.00466	0.00588
33	0.01273	0.01441	0.09614	0.07917	0.04522	0.02447	0.45522	0.01682	0.01270	0.06058	0.06324	0.03697	0.01197	0.00583	0.00660	0.00183	0.03939	0.00635	0.00318	0.00717

[dist]
# distance from previous block
# <min> <max>
0	7

[block]
# block no. 4 follows, 44 sequences, length 28
# corresponding to MSA columns:
# 510-537
name=unknown_E
#
# <colnr> <probs for GDERKNQSTAVLIFYWHMCP>
#	G	D	E	R	K	N	Q	S	T	A	V	L	I	F	Y	W	H	M	C	P
0	0.04566	0.63710	0.08143	0.00991	0.01468	0.04862	0.00995	0.01733	0.01154	0.06881	0.00878	0.00970	0.00742	0.00490	0.00381	0.00127	0.00600	0.00321	0.00270	0.00717
1	0.72979	0.04300	0.00939	0.00764	0.01111	0.03520	0.00633	0.01697	0.00999	0.07804	0.00862	0.00958	0.00653	0.00518	0.00358	0.00166	0.00448	0.00315	0.00356	0.00620
2	0.01001	0.00670	0.00786	0.00739	0.00915	0.02515	0.00557	0.01250	0.04464	0.11519	0.34196	0.12886	0.20637	0.03103	0.00684	0.00190	0.00331	0.02438	0.00559	0.00559
3	0.02995	0.00690	0.01112	0.18442	0.06257	0.00743	0.03929	0.00989	0.00874	0.01190	0.01063	0.05551	0.01014	0.01404	0.01502	0.50506	0.00550	0.00534	0.00258	0.00397
4	0.01245	0.01171	0.01980	0.04771	0.60256	0.01169	0.03677	0.01559	0.01262	0.01781	0.06769	0.02008	0.03241	0.00630	0.00569	0.00171	0.00609	0.06023	0.00316	0.00791
5	0.02446	0.00928	0.01265	0.00970	0.01392	0.00801	0.00801	0.02657	0.01560	0.77817	0.02151	0.01856	0.01350	0.00675	0.00548	0.00169	0.00464	0.00548	0.00675	0.00928
6	0.01356	0.01171	0.01233	0.01109	0.01418	0.01356	0.00863	0.02897	0.76455	0.02281	0.02219	0.02034	0.01664	0.00740	0.00555	0.00185	0.00431	0.00616	0.00555	0.00863
7	0.01130	0.00969	0.01130	0.00807	0.01292	0.00727	0.00646	0.01373	0.01130	0.01776	0.00969	0.01130	0.00807	0.00404	0.00404	0.00081	0.00404	0.00323	0.00323	0.84173
8	0.00671	0.00479	0.00641	0.00767	0.00802	0.00449	0.00518	0.00771	0.01051	0.01399	0.03001	0.78080	0.03591	0.01701	0.00698	0.00222	0.00322	0.03886	0.00506	0.00445
9	0.00664	0.00474	0.00633	0.00759	0.00791	0.00443	0.00506	0.00759	0.01044	0.01392	0.03005	0.80485	0.03606	0.01708	0.00696	0.00221	0.00316	0.01550	0.00506	0.00443
10	0.00664	0.00474	0.00633	0.00759	0.00791	0.00443	0.00506	0.00759	0.01044	0.01392	0.03005	0.80485	0.03606	0.01708	0.00696	0.00221	0.00316	0.01550	0.00506	0.00443
11	0.01356	0.01171	0.01233	0.01109	0.01418	0.01356	0.00863	0.02897	0.76455	0.02281	0.02219	0.02034	0.01664	0.00740	0.00555	0.00185	0.00431	0.00616	0.00555	0.00863
12	0.00807	0.00547	0.00721	0.00720	0.00831	0.00504	0.00524	0.01013	0.01391	0.05036	0.51383	0.27377	0.04518	0.01278	0.00655	0.00187	0.00284	0.01141	0.00574	0.00509
13	0.02366	0.00910	0.01240	0.00956	0.01364	0.00788	0.00788	0.02579	0.01560	0.74209	0.05729	0.01961	0.01531	0.00696	0.00553	0.00169	0.00454	0.00569	0.00671	0.00908
14	0.00767	0.00557	0.00723	0.00682	0.00812	0.00513	0.00511	0.01021	0.01533	0.02163	0.74835	0.04110	0.07476	0.01123	0.00643	0.00172	0.00258	0.00991	0.00597	0.00513
15	0.00664	0.00550	0.00581	0.00580	0.00750	0.00467	0.00433	0.00817	0.01278	0.01574	0.15874	0.08153	0.63689	0.01355	0.00646	0.00184	0.00275	0.01143	0.00520	0.00467
16	0.01093	0.02820	0.78016	0.01554	0.02360	0.01266	0.02014	0.01727	0.01151	0.01727	0.00978	0.01151	0.00691	0.00518	0.00518	0.00173	0.00806	0.00403	0.00230	0.00806
17	0.00663	0.00480	0.00627	0.00744	0.00787	0.00444	0.00499	0.00761	0.01058	0.01398	0.03186	0.75057	0.08916	0.01684	0.00692	0.00219	0.00313	0.01521	0.00506	0.00444
18	0.02072	0.01527	0.01636	0.01254	0.01691	0.01691	0.01036	0.75622	0.02563	0.03436	0.01309	0.01309	0.00927	0.00654	0.00545	0.00164	0.00600	0.00491	0.00545	0.00927
19	0.01458	0.81168	0.02857	0.00933	0.01399	0.02157	0.00933	0.01632	0.01108	0.01283	0.00758	0.00875	0.00700	0.00466	0.00350	0.00117	0.00583	0.00292	0.00233	0.00700
20	0.00659	0.00553	0.00572	0.00567	0.00745	0.00466	0.00426	0.00810	0.01277	0.01553	0.13625	0.05114	0.69065	0.01351	0.00644	0.00183	0.00274	0.01132	0.00517	0.00466
21	0.02257	0.00886	0.01205	0.00938	0.01326	0.00769	0.00769	0.02473	0.01558	0.69262	0.10635	0.02106	0.01779	0.00725	0.00559	0.00169	0.00441	0.00598	0.00666	0.00881
22	0.00793	0.00529	0.00595	0.00595	0.00595	0.00529	0.00330	0.00793	0.00793	0.01057	0.01718	0.03568	0.01982	0.80840	0.02775	0.00529	0.00529	0.00793	0.00330	0.00330
23	0.02446	0.00928	0.01265	0.00970	0.01392	0.00801	0.00801	0.02657	0.01560	0.77817	0.02151	0.01856	0.01350	0.00675	0.00548	0.00169	0.00464	0.00548	0.00675	0.00928
24	0.00751	0.00556	0.00701	0.00665	0.00802	0.00506	0.00498	0.00989	0.01495	0.02072	0.65721	0.04260	0.16646	0.01157	0.00643	0.00173	0.00260	0.01012	0.00585	0.00506
25	0.07127	0.75711	0.02717	0.00918	0.01376	0.02094	0.00910	0.01630	0.01095	0.01362	0.00758	0.00875	0.00692	0.00469	0.00349	0.00120	0.00572	0.00292	0.00240	0.00692
26	0.01977	0.01455	0.01568	0.01221	0.01629	0.01606	0.01000	0.70522	0.02460	0.03297	0.01424	0.06702	0.01110	0.00726	0.00556	0.00168	0.00581	0.00563	0.00543	0.00894
27	0.00742	0.00619	0.00626	0.00600	0.00801	0.00544	0.00457	0.05880	0.01333	0.01606	0.05236	0.04978	0.72022	0.01331	0.00638	0.00183	0.00298	0.01106	0.00509	0.00492

[dist]
# distance from previous block
# <min> <max>
0	5

[block]
# block no. 5 follows, 44 sequences, length 73
# corresponding to MSA columns:
# 543-559,578-633
name=unknown_F
#
# <colnr> <probs for GDERKNQSTAVLIFYWHMCP>
#	G	D	E	R	K	N	Q	S	T	A	V	L	I	F	Y	W	H	M	C	P
0	0.00802	0.00584	0.00746	0.00696	0.00836	0.00545	0.00525	0.03093	0.01559	0.02191	0.72000	0.04045	0.08088	0.01113	0.00640	0.00172	0.00268	0.00979	0.00595	0.00524
1	0.01376	0.01181	0.01244	0.01113	0.01425	0.01365	0.00868	0.04919	0.74400	0.02313	0.02194	0.02014	0.01644	0.00737	0.00554	0.00184	0.00436	0.00613	0.00554	0.00865
2	0.00992	0.00914	0.01486	0.62170	0.03150	0.01119	0.01334	0.01301	0.01070	0.01399	0.01232	0.12206	0.01121	0.00723	0.00632	0.00188	0.05149	0.00625	0.00280	0.02907
3	0.01623	0.79061	0.02929	0.01051	0.01522	0.02221	0.01002	0.01747	0.01218	0.01453	0.00940	0.01125	0.00869	0.00585	0.00429	0.00150	0.00640	0.00353	0.00295	0.00788
4	0.01305	0.01091	0.01250	0.00929	0.01417	0.00830	0.00723	0.01494	0.01240	0.01933	0.01145	0.01374	0.00974	0.00524	0.00482	0.00115	0.00465	0.00383	0.00383	0.81940
5	0.00769	0.00519	0.00605	0.00627	0.00637	0.00512	0.00368	0.00793	0.00859	0.01149	0.03942	0.17780	0.02365	0.64132	0.02335	0.00462	0.00482	0.00938	0.00370	0.00356
6	0.00648	0.00552	0.00557	0.00556	0.00738	0.00462	0.00417	0.00789	0.01250	0.01491	0.07317	0.05217	0.75413	0.01374	0.00644	0.00184	0.00276	0.01146	0.00509	0.00462
7	0.00760	0.00557	0.00713	0.00674	0.00807	0.00509	0.00505	0.01006	0.01516	0.02121	0.70627	0.04179	0.11710	0.01139	0.00643	0.00173	0.00259	0.01001	0.00592	0.00509
8	0.00762	0.00526	0.00639	0.00664	0.00688	0.00531	0.00414	0.00811	0.00864	0.01161	0.02025	0.18349	0.04031	0.53089	0.12670	0.00508	0.00608	0.00920	0.00363	0.00377
9	0.01749	0.01367	0.01454	0.01189	0.01568	0.01540	0.00958	0.42840	0.35871	0.02915	0.01719	0.01636	0.01259	0.00693	0.00550	0.00173	0.00524	0.00547	0.00550	0.00898
10	0.02072	0.01527	0.01636	0.01254	0.01691	0.01691	0.01036	0.75622	0.02563	0.03436	0.01309	0.01309	0.00927	0.00654	0.00545	0.00164	0.00600	0.00491	0.00545	0.00927
11	0.02037	0.02598	0.01545	0.01404	0.01685	0.78652	0.01053	0.02177	0.01545	0.01334	0.00843	0.00983	0.00702	0.00562	0.00492	0.00140	0.00983	0.00351	0.00281	0.00632
12	0.00677	0.00508	0.00625	0.00702	0.00784	0.00461	0.00489	0.00797	0.01133	0.01468	0.08826	0.50389	0.23576	0.03622	0.00734	0.00217	0.00313	0.03720	0.00508	0.00452
13	0.00793	0.00529	0.00595	0.00595	0.00595	0.00529	0.00330	0.00793	0.00793	0.01057	0.01718	0.03568	0.01982	0.80840	0.02775	0.00529	0.00529	0.00793	0.00330	0.00330
14	0.02446	0.00928	0.01265	0.00970	0.01392	0.00801	0.00801	0.02657	0.01560	0.77817	0.02151	0.01856	0.01350	0.00675	0.00548	0.00169	0.00464	0.00548	0.00675	0.00928
15	0.00647	0.00552	0.00556	0.00555	0.00738	0.00461	0.00416	0.00787	0.01249	0.01487	0.06941	0.05223	0.75791	0.01375	0.00644	0.00184	0.00276	0.01147	0.00508	0.00461
16	0.00933	0.00659	0.00804	0.00826	0.00951	0.00654	0.00605	0.10848	0.02827	0.03395	0.07065	0.49784	0.08377	0.01425	0.00658	0.00206	0.00364	0.06083	0.02999	0.00537
17	0.68680	0.01088	0.00898	0.00778	0.01117	0.01246	0.00639	0.11677	0.01163	0.02558	0.00892	0.01008	0.00682	0.00534	0.00368	0.00166	0.00437	0.00334	0.05103	0.00632
18	0.00664	0.00474	0.00633	0.00759	0.00791	0.00443	0.00506	0.00759	0.01044	0.01392	0.03005	0.80485	0.03606	0.01708	0.00696	0.00221	0.00316	0.01550	0.00506	0.00443
19	0.01030	0.00969	0.01635	0.79530	0.03755	0.01211	0.01514	0.01393	0.01090	0.01393	0.00969	0.01453	0.00727	0.00545	0.00545	0.00182	0.00727	0.00484	0.00242	0.00606
20	0.02099	0.01485	0.01610	0.01235	0.01670	0.01629	0.01020	0.70527	0.02493	0.08629	0.01368	0.01347	0.00957	0.00656	0.00546	0.00164	0.00590	0.00495	0.00554	0.00927
21	0.00666	0.00479	0.00636	0.00756	0.00794	0.00449	0.00508	0.00765	0.01046	0.01391	0.03042	0.76351	0.05743	0.01756	0.02579	0.00236	0.00343	0.01515	0.00501	0.00444
22	0.00780	0.00580	0.00856	0.00856	0.00946	0.00670	0.00656	0.00960	0.00870	0.01250	0.01479	0.02246	0.01408	0.09676	0.73154	0.00851	0.01392	0.00599	0.00295	0.00475
23	0.01324	0.00988	0.01131	0.04396	0.01369	0.01079	0.00803	0.07338	0.39555	0.09492	0.15115	0.05669	0.05725	0.00871	0.00583	0.00183	0.00419	0.02647	0.00554	0.00758
24	0.00681	0.00486	0.00623	0.00725	0.00761	0.00455	0.00477	0.00765	0.01021	0.01351	0.02972	0.65727	0.07561	0.12480	0.00976	0.00261	0.00343	0.01424	0.00482	0.00428
25	0.00675	0.00553	0.00595	0.00584	0.00755	0.00473	0.00438	0.00841	0.01315	0.01643	0.22664	0.04966	0.59971	0.01317	0.00644	0.00181	0.00272	0.01111	0.00529	0.00473
26	0.02140	0.01418	0.01569	0.01203	0.01636	0.01529	0.00994	0.62381	0.02381	0.16933	0.01462	0.01408	0.01004	0.00658	0.00546	0.00165	0.00575	0.00501	0.00569	0.00927
27	0.08575	0.04352	0.54407	0.03430	0.02081	0.01274	0.01645	0.01843	0.11408	0.01860	0.03390	0.01336	0.00948	0.00564	0.00507	0.00173	0.00696	0.00439	0.00295	0.00778
28	0.27171	0.01214	0.01260	0.01061	0.03561	0.01329	0.00838	0.36567	0.01829	0.08125	0.10539	0.01559	0.01372	0.00662	0.00494	0.00166	0.00495	0.00496	0.00490	0.00772
29	0.00879	0.00628	0.00879	0.01004	0.01130	0.00628	0.00879	0.01130	0.01255	0.01632	0.02887	0.06150	0.03138	0.01506	0.00753	0.00251	0.00502	0.73770	0.00502	0.00502
30	0.15112	0.05683	0.01484	0.01189	0.05776	0.01374	0.00925	0.32383	0.06813	0.21738	0.01448	0.01406	0.01013	0.00622	0.00503	0.00164	0.00528	0.00471	0.00513	0.00854
31	0.01186	0.22808	0.58841	0.01395	0.02115	0.01493	0.01738	0.01703	0.01140	0.01613	0.00922	0.01080	0.00693	0.00505	0.00475	0.00158	0.00749	0.00374	0.00231	0.00779
32	0.00678	0.00485	0.00649	0.00775	0.00813	0.00455	0.00531	0.00784	0.01058	0.01408	0.02997	0.75538	0.03575	0.01695	0.00700	0.00223	0.00329	0.06355	0.00506	0.00447
33	0.01106	0.04875	0.51908	0.16718	0.09046	0.01265	0.01808	0.01634	0.01157	0.01666	0.03238	0.01304	0.00845	0.00536	0.00523	0.00172	0.00753	0.00439	0.00247	0.00760
34	0.00782	0.00573	0.00822	0.00822	0.00900	0.00652	0.00614	0.00939	0.00860	0.01225	0.01510	0.02417	0.01482	0.18908	0.64025	0.00809	0.01280	0.00624	0.00299	0.00457
35	0.00664	0.00474	0.00633	0.00759	0.00791	0.00443	0.00506	0.00759	0.01044	0.01392	0.03005	0.80485	0.03606	0.01708	0.00696	0.00221	0.00316	0.01550	0.00506	0.00443
36	0.01306	0.12324	0.03107	0.02069	0.02606	0.01466	0.63130	0.01720	0.01258	0.01684	0.01052	0.01379	0.00809	0.00459	0.00596	0.00172	0.00858	0.00586	0.00271	0.03147
37	0.01160	0.01013	0.01278	0.01154	0.11675	0.00804	0.00786	0.01414	0.01146	0.01777	0.00977	0.01160	0.00815	0.00415	0.00422	0.00092	0.00437	0.00345	0.00316	0.72813
38	0.02194	0.01244	0.01445	0.01111	0.01532	0.01281	0.00917	0.42742	0.02098	0.34455	0.01676	0.01561	0.01119	0.00662	0.00541	0.00165	0.00532	0.00515	0.03296	0.00914
