[name]
unknown

[dist]
# distance from previous block
# <min> <max>
6	209

[block]
# block no. 0 follows, 45 sequences, length 57
# corresponding to MSA columns:
# 451-491,494-509
name=unknown_A
#
# <colnr> <probs for GDERKNQSTAVLIFYWHMCP>
#	G	D	E	R	K	N	Q	S	T	A	V	L	I	F	Y	W	H	M	C	P
0	0.09930	0.03714	0.13491	0.02417	0.04299	0.13380	0.02569	0.07506	0.02629	0.14847	0.02246	0.01273	0.00912	0.00537	0.00473	0.00143	0.00604	0.00410	0.00375	0.18243
1	0.12932	0.06126	0.13605	0.03066	0.09445	0.12649	0.01085	0.07337	0.05238	0.05734	0.02342	0.01221	0.00882	0.00528	0.00462	0.00144	0.00605	0.00399	0.00338	0.15861
2	0.01477	0.13626	0.01609	0.07963	0.09317	0.07058	0.00963	0.16658	0.07792	0.06256	0.01423	0.04304	0.03823	0.02396	0.00540	0.00155	0.00555	0.00502	0.02343	0.11238
3	0.04995	0.08828	0.20198	0.01451	0.11106	0.07010	0.01238	0.13293	0.03655	0.07230	0.01118	0.01297	0.00869	0.02476	0.03348	0.00189	0.04691	0.00432	0.00339	0.06237
4	0.05081	0.14066	0.15920	0.01563	0.15552	0.06742	0.03224	0.09437	0.06611	0.07189	0.01165	0.01351	0.00913	0.00552	0.00487	0.00152	0.00624	0.02145	0.00341	0.06886
5	0.02849	0.01464	0.13505	0.04270	0.11921	0.08034	0.01128	0.07247	0.10743	0.17582	0.01426	0.03304	0.01067	0.00594	0.00509	0.00155	0.00580	0.00485	0.01917	0.11221
6	0.07986	0.03028	0.01549	0.14033	0.25901	0.05675	0.01124	0.01616	0.05053	0.04611	0.05082	0.02667	0.01104	0.00547	0.00490	0.00147	0.00558	0.00469	0.00327	0.18033
7	0.08214	0.02749	0.01863	0.15865	0.28042	0.01249	0.10755	0.05358	0.09160	0.07185	0.02546	0.01515	0.02007	0.00556	0.00531	0.00169	0.00618	0.00514	0.00345	0.00760
8	0.03294	0.01098	0.04380	0.33257	0.14111	0.01138	0.04205	0.07788	0.03990	0.11267	0.07534	0.01730	0.02646	0.00615	0.00544	0.00172	0.00608	0.00542	0.00368	0.00712
9	0.03021	0.01551	0.21721	0.11809	0.12629	0.01179	0.17646	0.04250	0.04402	0.03309	0.06420	0.03282	0.01235	0.00685	0.02395	0.00191	0.00709	0.02526	0.00318	0.00723
10	0.01060	0.01003	0.06412	0.06516	0.01378	0.00976	0.00831	0.03014	0.33748	0.02080	0.28885	0.05544	0.04558	0.00879	0.00581	0.00177	0.00405	0.00756	0.00515	0.00682
11	0.00798	0.00626	0.00730	0.00733	0.00873	0.00614	0.00537	0.01180	0.13648	0.01744	0.24039	0.23798	0.21982	0.03932	0.00705	0.00200	0.00315	0.02495	0.00526	0.00525
12	0.01479	0.63753	0.09136	0.00995	0.01463	0.06315	0.01001	0.01692	0.01154	0.05785	0.02492	0.01014	0.00819	0.00495	0.00384	0.00125	0.00602	0.00329	0.00265	0.00703
13	0.00654	0.00467	0.00623	0.00747	0.00779	0.00436	0.00498	0.00747	0.01028	0.01370	0.02959	0.80785	0.03550	0.01682	0.00685	0.00218	0.00311	0.01526	0.00498	0.00436
14	0.84927	0.01038	0.00789	0.00706	0.01038	0.01204	0.00581	0.01578	0.00914	0.02408	0.00747	0.00872	0.00581	0.00498	0.00332	0.00166	0.00415	0.00291	0.00332	0.00581
15	0.21082	0.03630	0.01389	0.01215	0.01493	0.51722	0.00939	0.04241	0.01355	0.01628	0.00815	0.00968	0.00674	0.00568	0.00537	0.00152	0.06334	0.00345	0.00294	0.00621
16	0.77306	0.01172	0.06398	0.00775	0.01143	0.01216	0.00691	0.03000	0.00960	0.02376	0.00773	0.00899	0.00595	0.00502	0.00349	0.00166	0.00446	0.00302	0.00328	0.00603
17	0.02016	0.01480	0.01585	0.01218	0.01640	0.01638	0.01005	0.74258	0.02491	0.03351	0.01300	0.01305	0.00924	0.00644	0.00533	0.00160	0.00583	0.00484	0.02481	0.00903
18	0.01249	0.16245	0.48090	0.01499	0.02167	0.01452	0.11922	0.08132	0.01265	0.01772	0.00971	0.01143	0.00720	0.00505	0.00500	0.00161	0.00753	0.00418	0.00260	0.00776
19	0.00733	0.00541	0.00686	0.00663	0.00789	0.00493	0.00492	0.00957	0.01437	0.01989	0.61220	0.10696	0.14942	0.01183	0.00638	0.00175	0.00261	0.01040	0.00570	0.00493
20	0.00803	0.00676	0.03459	0.00721	0.00889	0.00584	0.00564	0.06142	0.01392	0.01863	0.33781	0.19392	0.25249	0.01237	0.00633	0.00182	0.00313	0.01074	0.00529	0.00515
21	0.00833	0.00667	0.00964	0.00928	0.00999	0.00814	0.00723	0.00994	0.00854	0.01241	0.01375	0.04073	0.01341	0.09552	0.58171	0.00715	0.14386	0.00598	0.00287	0.00484
22	0.00695	0.00546	0.00637	0.00660	0.00800	0.00494	0.00502	0.00856	0.01213	0.01539	0.14902	0.13364	0.43151	0.03668	0.05324	0.00241	0.00376	0.10077	0.00494	0.00462
23	0.01174	0.01053	0.01451	0.01040	0.01525	0.00853	0.12292	0.04414	0.01194	0.01810	0.00988	0.01172	0.00803	0.00416	0.00440	0.00099	0.00484	0.00374	0.00320	0.68100
24	0.06924	0.01042	0.01595	0.65509	0.09286	0.03954	0.01424	0.01435	0.01090	0.01472	0.00940	0.01368	0.00716	0.00530	0.00520	0.00175	0.00697	0.00459	0.00249	0.00616
25	0.00791	0.00561	0.00662	0.00658	0.00666	0.00588	0.00404	0.00813	0.00821	0.01103	0.01853	0.11330	0.04055	0.65247	0.02398	0.00460	0.06044	0.00845	0.00341	0.00358
26	0.00698	0.00511	0.00633	0.00677	0.00757	0.00471	0.00470	0.00831	0.01161	0.01548	0.22322	0.36531	0.16777	0.11510	0.00923	0.00238	0.00320	0.02677	0.00500	0.00444
27	0.01760	0.02819	0.05696	0.01111	0.03542	0.05348	0.00919	0.22348	0.04872	0.21304	0.01381	0.01372	0.00985	0.00564	0.00491	0.00139	0.00530	0.00441	0.00464	0.23912
28	0.01105	0.00785	0.01087	0.16075	0.01525	0.00853	0.02533	0.09522	0.01130	0.06829	0.01449	0.02338	0.01361	0.25718	0.17613	0.03895	0.00756	0.02569	0.00347	0.02509
29	0.02859	0.47111	0.22879	0.01240	0.01787	0.05154	0.09143	0.01667	0.01136	0.01451	0.00844	0.01001	0.00698	0.00477	0.00425	0.00138	0.00682	0.00356	0.00237	0.00716
30	0.01319	0.23982	0.07912	0.07242	0.11636	0.01512	0.31680	0.01670	0.01202	0.04002	0.02299	0.01301	0.00856	0.00485	0.00521	0.00158	0.00733	0.00492	0.00272	0.00728
31	0.03722	0.01221	0.01426	0.01095	0.01516	0.01249	0.00905	0.40549	0.02036	0.38105	0.01664	0.01531	0.01100	0.00651	0.00535	0.00164	0.00525	0.00506	0.00592	0.00907
32	0.01006	0.06154	0.00877	0.00732	0.00786	0.00631	0.00520	0.03525	0.00810	0.01085	0.00970	0.01588	0.00938	0.01735	0.03671	0.70861	0.00494	0.00458	0.02855	0.00304
33	0.05145	0.11660	0.28193	0.08501	0.12875	0.06868	0.03183	0.03727	0.09776	0.03522	0.01100	0.01256	0.00838	0.00535	0.00494	0.00161	0.00680	0.00428	0.00297	0.00760
34	0.00850	0.00498	0.00682	0.00691	0.00712	0.00511	0.00460	0.00783	0.00784	0.01078	0.01380	0.07781	0.01462	0.22876	0.13896	0.40731	0.00611	0.00641	0.03254	0.00319
35	0.00764	0.00511	0.00596	0.00619	0.00632	0.00507	0.00367	0.00795	0.00842	0.01142	0.01928	0.18042	0.02220	0.61516	0.03941	0.00457	0.00491	0.00907	0.03367	0.00356
36	0.01400	0.31988	0.18426	0.01489	0.09803	0.13488	0.05086	0.01686	0.01161	0.01441	0.00846	0.01047	0.00713	0.00535	0.00580	0.00150	0.08831	0.00376	0.00243	0.00709
37	0.00895	0.00604	0.00878	0.00856	0.00968	0.00683	0.00664	0.01079	0.00918	0.06628	0.01521	0.03739	0.01397	0.06376	0.65044	0.00752	0.02853	0.00595	0.03044	0.00506
38	0.00653	0.00470	0.00620	0.00741	0.00777	0.00437	0.00495	0.00748	0.01034	0.01373	0.03036	0.78432	0.05853	0.01672	0.00684	0.00217	0.00310	0.01514	0.00498	0.00437
39	0.01643	0.50155	0.02304	0.01103	0.01484	0.30932	0.00968	0.01802	0.01246	0.01283	0.00777	0.00908	0.00690	0.00505	0.00427	0.00126	0.02425	0.00313	0.00247	0.00662
40	0.01521	0.01457	0.01891	0.06722	0.41491	0.11570	0.03026	0.14475	0.08915	0.01999	0.01148	0.01349	0.00909	0.00544	0.00530	0.00161	0.00663	0.00478	0.00340	0.00814
41	0.03588	0.01938	0.12163	0.09718	0.05962	0.12366	0.04175	0.08214	0.05416	0.02145	0.01476	0.01944	0.01274	0.01015	0.01119	0.00280	0.25170	0.00620	0.00469	0.00948
42	0.01192	0.00934	0.00950	0.00937	0.01144	0.00780	0.00660	0.01176	0.01526	0.01934	0.05418	0.10825	0.66611	0.01659	0.00849	0.00277	0.00467	0.01272	0.00659	0.00732
43	0.01075	0.00914	0.01073	0.00791	0.01232	0.00693	0.00625	0.01302	0.01106	0.01718	0.01118	0.07641	0.01021	0.00503	0.00421	0.00091	0.00390	0.00417	0.00333	0.77536
44	0.00939	0.00506	0.00774	0.07184	0.00945	0.00526	0.00550	0.00754	0.00730	0.00968	0.00934	0.01615	0.00915	0.01756	0.01970	0.77484	0.00487	0.00467	0.00234	0.00263
45	0.08253	0.01410	0.06638	0.03757	0.04147	0.10152	0.00975	0.02493	0.50166	0.03607	0.01746	0.01686	0.01314	0.00658	0.00518	0.00174	0.00529	0.00527	0.00458	0.00791
46	0.00995	0.00919	0.01526	0.73351	0.03442	0.01138	0.01395	0.01323	0.01049	0.01344	0.01014	0.01602	0.00817	0.07140	0.00717	0.00207	0.00700	0.00502	0.00246	0.00574
47	0.01189	0.00999	0.01154	0.00831	0.01304	0.00793	0.00668	0.07467	0.01229	0.01883	0.00982	0.01127	0.00805	0.00418	0.00409	0.00086	0.00413	0.00332	0.00336	0.77575
48	0.01270	0.03930	0.12409	0.01096	0.01455	0.01254	0.00975	0.04824	0.51282	0.02117	0.01928	0.03746	0.01500	0.00716	0.00528	0.00175	0.00473	0.02196	0.07334	0.00792
49	0.00662	0.00557	0.00577	0.00583	0.00754	0.00482	0.00433	0.00842	0.03671	0.01487	0.06949	0.11803	0.66624	0.01361	0.00636	0.00184	0.00280	0.01147	0.00502	0.00466
50	0.01044	0.00968	0.01510	0.57925	0.03002	0.01215	0.01317	0.01442	0.07227	0.01410	0.01075	0.01591	0.00876	0.06222	0.00846	0.00210	0.10747	0.00508	0.00269	0.00597
51	0.00751	0.00542	0.00710	0.00681	0.00800	0.00501	0.00506	0.00991	0.01479	0.02088	0.71396	0.10300	0.04941	0.01145	0.00637	0.00173	0.00258	0.01016	0.00583	0.00501
52	0.00785	0.00554	0.00659	0.06113	0.00821	0.00565	0.00420	0.00824	0.00839	0.01101	0.01942	0.03477	0.08049	0.67547	0.03826	0.00475	0.00531	0.00784	0.00333	0.00357
53	0.74912	0.00993	0.00800	0.00713	0.01031	0.01131	0.00583	0.01571	0.00987	0.05251	0.07088	0.01165	0.00977	0.00554	0.00365	0.00166	0.00404	0.00356	0.00366	0.00588
54	0.01023	0.00984	0.02914	0.65009	0.10248	0.01158	0.01446	0.01369	0.01071	0.01402	0.00999	0.01472	0.00779	0.00817	0.06965	0.00233	0.00769	0.00484	0.00245	0.00613
55	0.01856	0.04237	0.01596	0.06673	0.01749	0.01574	0.01017	0.61387	0.04898	0.03024	0.01324	0.03889	0.01000	0.00661	0.00532	0.00161	0.00579	0.00510	0.00499	0.02834
56	0.03969	0.00725	0.00794	0.00700	0.00892	0.00749	0.00542	0.12656	0.01380	0.08654	0.09974	0.02146	0.01706	0.06025	0.00625	0.00169	0.01943	0.00564	0.45196	0.00592

[dist]
# distance from previous block
# <min> <max>
1	8

[block]
# block no. 1 follows, 45 sequences, length 100
# corresponding to MSA columns:
# 518-535,569-582,585-590,594-596,645-703
name=unknown_B
#
# <colnr> <probs for GDERKNQSTAVLIFYWHMCP>
#	G	D	E	R	K	N	Q	S	T	A	V	L	I	F	Y	W	H	M	C	P
0	0.01113	0.00954	0.01113	0.00795	0.01272	0.00716	0.00636	0.01352	0.01113	0.01749	0.00954	0.01113	0.00795	0.00398	0.00398	0.00080	0.00398	0.00318	0.00318	0.84417
1	0.01014	0.00954	0.01610	0.79845	0.03697	0.01193	0.01491	0.01371	0.01073	0.01371	0.00954	0.01431	0.00716	0.00537	0.00537	0.00179	0.00716	0.00477	0.00239	0.00596
2	0.01375	0.68295	0.15450	0.01021	0.01536	0.01977	0.01097	0.01623	0.01098	0.01336	0.00783	0.00907	0.00687	0.00468	0.00372	0.00124	0.00611	0.00305	0.00229	0.00706
3	0.01352	0.01133	0.01210	0.01077	0.01376	0.01294	0.00845	0.09529	0.62979	0.02327	0.06775	0.02180	0.01825	0.00766	0.00556	0.00181	0.00432	0.02794	0.00547	0.00824
4	0.00981	0.00502	0.00508	0.00508	0.00622	0.00502	0.00371	0.01208	0.01095	0.01915	0.01746	0.02138	0.01428	0.07892	0.00588	0.00161	0.00275	0.00526	0.76552	0.00485
5	0.00767	0.00575	0.00863	0.00863	0.00959	0.00671	0.00671	0.00959	0.00863	0.01246	0.01438	0.02109	0.01342	0.04026	0.79008	0.00863	0.01438	0.00575	0.00288	0.00479
6	0.00730	0.00548	0.00677	0.00644	0.00784	0.00494	0.00483	0.00956	0.01450	0.01988	0.60613	0.04281	0.22058	0.01159	0.00633	0.00172	0.00258	0.01009	0.00569	0.00494
7	0.04922	0.00917	0.01232	0.00947	0.01360	0.00802	0.00783	0.02584	0.01517	0.75851	0.02076	0.01798	0.01306	0.00659	0.00533	0.00166	0.00455	0.00532	0.00654	0.00903
8	0.01770	0.24436	0.01916	0.01145	0.01548	0.05524	0.00982	0.41742	0.08822	0.02497	0.01173	0.01212	0.00897	0.00605	0.00523	0.00151	0.03382	0.00431	0.00426	0.00817
9	0.01361	0.04727	0.29921	0.01262	0.04082	0.01100	0.04125	0.08568	0.01318	0.11145	0.02402	0.01282	0.00898	0.00513	0.00484	0.00140	0.00600	0.00416	0.00344	0.25312
10	0.84927	0.01038	0.00789	0.00706	0.01038	0.01204	0.00581	0.01578	0.00914	0.02408	0.00747	0.00872	0.00581	0.00498	0.00332	0.00166	0.00415	0.00291	0.00332	0.00581
11	0.00706	0.00509	0.00659	0.00755	0.00809	0.00483	0.00514	0.03401	0.01106	0.01475	0.06034	0.72540	0.05775	0.01612	0.00676	0.00213	0.00318	0.01455	0.00503	0.00456
12	0.01308	0.01087	0.01347	0.01259	0.10118	0.01064	0.03127	0.02098	0.33000	0.06214	0.01547	0.01562	0.01187	0.00562	0.00490	0.00140	0.00455	0.00480	0.00426	0.32530
13	0.01354	0.19070	0.24854	0.01383	0.04711	0.02851	0.11023	0.02955	0.03867	0.08664	0.02566	0.01271	0.00902	0.00524	0.00515	0.00150	0.02547	0.00432	0.00309	0.10053
14	0.00662	0.00473	0.00632	0.00756	0.00791	0.00443	0.00512	0.00761	0.01035	0.01379	0.02954	0.78081	0.03534	0.01675	0.00687	0.00219	0.00318	0.04154	0.00498	0.00438
15	0.01130	0.00976	0.03625	0.08747	0.20667	0.00955	0.00996	0.06775	0.08975	0.04523	0.22912	0.02644	0.11619	0.00811	0.00571	0.00169	0.00460	0.00709	0.02056	0.00680
16	0.00767	0.00575	0.00863	0.00863	0.00959	0.00671	0.00671	0.00959	0.00863	0.01246	0.01438	0.02109	0.01342	0.04026	0.79008	0.00863	0.01438	0.00575	0.00288	0.00479
17	0.02041	0.01504	0.01611	0.01235	0.01665	0.01665	0.01020	0.75997	0.02524	0.03383	0.01289	0.01289	0.00913	0.00644	0.00537	0.00161	0.00591	0.00483	0.00537	0.00913
18	0.84927	0.01038	0.00789	0.00706	0.01038	0.01204	0.00581	0.01578	0.00914	0.02408	0.00747	0.00872	0.00581	0.00498	0.00332	0.00166	0.00415	0.00291	0.00332	0.00581
19	0.00862	0.00715	0.01046	0.00991	0.01064	0.00899	0.00789	0.01037	0.00853	0.01257	0.01266	0.01890	0.01193	0.03304	0.60928	0.00716	0.19861	0.00550	0.00275	0.00505
20	0.01350	0.01319	0.02676	0.11138	0.13401	0.01276	0.50074	0.01750	0.01263	0.08584	0.01153	0.01463	0.00855	0.00485	0.00600	0.00176	0.00805	0.00585	0.00302	0.00744
21	0.01103	0.00942	0.01101	0.00792	0.01258	0.00709	0.00632	0.01342	0.01125	0.01761	0.03219	0.01199	0.00921	0.00418	0.00405	0.00082	0.00393	0.00337	0.00326	0.81934
22	0.01342	0.07239	0.04002	0.01309	0.01459	0.07037	0.03339	0.01530	0.02519	0.08284	0.00983	0.03650	0.00882	0.00902	0.03046	0.00219	0.49302	0.00491	0.00294	0.02172
23	0.02138	0.00884	0.01194	0.00935	0.01314	0.00783	0.00766	0.03829	0.01476	0.63677	0.04683	0.01889	0.01432	0.00971	0.07620	0.00225	0.00538	0.00548	0.00610	0.04488
24	0.00901	0.00773	0.01120	0.01043	0.01107	0.00992	0.00837	0.01068	0.00849	0.01261	0.01196	0.01801	0.01132	0.03009	0.53561	0.00656	0.27369	0.00540	0.00270	0.00515
25	0.01807	0.01354	0.01449	0.01145	0.01529	0.01488	0.00934	0.60260	0.09143	0.03044	0.01795	0.04102	0.07978	0.00748	0.00551	0.00167	0.00538	0.00585	0.00533	0.00851
26	0.00932	0.00466	0.00699	0.00699	0.00699	0.00466	0.00466	0.00699	0.00699	0.00932	0.00932	0.01632	0.00932	0.01865	0.02098	0.84382	0.00466	0.00466	0.00233	0.00233
27	0.01465	0.74707	0.02706	0.00959	0.01396	0.06974	0.00932	0.01634	0.01112	0.01267	0.00751	0.00875	0.00689	0.00476	0.00384	0.00119	0.02345	0.00295	0.00233	0.00682
28	0.01366	0.58634	0.21825	0.01090	0.01627	0.04796	0.01192	0.01651	0.01118	0.01375	0.00804	0.00934	0.00687	0.00476	0.00391	0.00130	0.00644	0.00317	0.00231	0.00713
29	0.00781	0.00550	0.00699	0.00698	0.00730	0.00591	0.00461	0.00849	0.00815	0.01122	0.01618	0.04841	0.01763	0.52089	0.27935	0.00621	0.02415	0.00724	0.00315	0.00384
30	0.01154	0.00960	0.01120	0.00810	0.01279	0.00739	0.00647	0.01437	0.03782	0.03722	0.01027	0.01163	0.00838	0.00416	0.00406	0.00085	0.00400	0.00334	0.00335	0.79345
31	0.00974	0.00802	0.00958	0.00751	0.01098	0.00634	0.00585	0.01205	0.01221	0.01824	0.21718	0.06706	0.04877	0.00695	0.00486	0.00115	0.00349	0.00593	0.00408	0.54002
32	0.00654	0.00467	0.00623	0.00747	0.00779	0.00436	0.00498	0.00747	0.01028	0.01370	0.02959	0.80785	0.03550	0.01682	0.00685	0.00218	0.00311	0.01526	0.00498	0.00436
33	0.01341	0.01338	0.02262	0.04570	0.64444	0.04209	0.10578	0.01669	0.01236	0.01726	0.01011	0.01331	0.00837	0.00479	0.00542	0.00162	0.00684	0.00492	0.00266	0.00822
34	0.01470	0.43053	0.21246	0.01163	0.01678	0.04739	0.04055	0.01766	0.01169	0.10661	0.00980	0.01083	0.00769	0.00518	0.00479	0.00143	0.03638	0.00367	0.00285	0.00737
35	0.00640	0.00543	0.00552	0.00558	0.00734	0.00456	0.00419	0.00777	0.01219	0.01451	0.05326	0.06985	0.74276	0.01370	0.00638	0.00183	0.00277	0.02642	0.00498	0.00454
36	0.00697	0.00526	0.00742	0.10296	0.01131	0.00527	0.00618	0.00823	0.01033	0.01370	0.02717	0.71205	0.03208	0.01543	0.00667	0.00213	0.00360	0.01399	0.00467	0.00455
37	0.01361	0.39223	0.19498	0.01625	0.18215	0.01653	0.04129	0.01698	0.02294	0.04389	0.00938	0.01099	0.00765	0.00486	0.00443	0.00142	0.00643	0.00380	0.00259	0.00759
38	0.02139	0.00949	0.04713	0.00950	0.01342	0.00770	0.00807	0.02357	0.01475	0.65432	0.04424	0.07399	0.03203	0.00755	0.00553	0.00170	0.00452	0.00627	0.00627	0.00853
39	0.00742	0.00546	0.00694	0.00661	0.00792	0.00498	0.00494	0.00976	0.01471	0.02046	0.66745	0.06117	0.13930	0.01145	0.00635	0.00172	0.00257	0.01005	0.00577	0.00498
40	0.01104	0.01029	0.01463	0.01262	0.01306	0.01373	0.03821	0.01252	0.00880	0.01380	0.00967	0.03115	0.00924	0.02648	0.08479	0.00282	0.58067	0.00517	0.09565	0.00565
41	0.01236	0.06600	0.34907	0.05993	0.34554	0.04186	0.01719	0.01673	0.01180	0.01668	0.00965	0.01209	0.00755	0.00496	0.00510	0.00162	0.00717	0.00427	0.00246	0.00796
42	0.02174	0.00943	0.03524	0.00962	0.01356	0.00796	0.00814	0.02438	0.03790	0.65849	0.06398	0.02123	0.01609	0.00722	0.00553	0.00170	0.00456	0.03822	0.00636	0.00866
43	0.00674	0.00483	0.00634	0.00726	0.00773	0.00450	0.00491	0.00788	0.01096	0.01475	0.13960	0.64737	0.05476	0.04598	0.00754	0.00221	0.00310	0.01407	0.00505	0.00443
44	0.01113	0.00954	0.01113	0.00795	0.01272	0.00716	0.00636	0.01352	0.01113	0.01749	0.00954	0.01113	0.00795	0.00398	0.00398	0.00080	0.00398	0.00318	0.00318	0.84417
45	0.80871	0.01122	0.04541	0.00746	0.01100	0.01206	0.00649	0.01584	0.00924	0.02374	0.00758	0.00885	0.00586	0.00499	0.00341	0.00166	0.00434	0.00296	0.00327	0.00592
46	0.01907	0.01411	0.01533	0.01198	0.01594	0.01566	0.00984	0.67310	0.04318	0.03160	0.01326	0.01381	0.00971	0.00952	0.07620	0.00225	0.00663	0.00495	0.00515	0.00872
47	0.01425	0.01165	0.01536	0.24862	0.10679	0.05737	0.01178	0.15677	0.02755	0.08729	0.01180	0.01463	0.00914	0.00970	0.08679	0.00245	0.09723	0.00488	0.01890	0.00705
48	0.00781	0.00520	0.00585	0.00585	0.00585	0.00520	0.00325	0.00781	0.00781	0.01041	0.01691	0.03513	0.01952	0.81135	0.02732	0.00520	0.00520	0.00781	0.00325	0.00325
49	0.02005	0.02558	0.01521	0.01383	0.01659	0.78980	0.01037	0.02143	0.01521	0.01314	0.00830	0.00968	0.00691	0.00553	0.00484	0.00138	0.00968	0.00346	0.00277	0.00622
50	0.01994	0.01480	0.01584	0.01226	0.01647	0.01643	0.01009	0.71123	0.07475	0.03307	0.01348	0.01336	0.00961	0.00650	0.00538	0.00162	0.00580	0.00492	0.00538	0.00909
51	0.00695	0.00478	0.00621	0.00718	0.00767	0.00449	0.00488	0.00818	0.01084	0.01503	0.10022	0.66286	0.03500	0.01530	0.00652	0.00205	0.00300	0.01380	0.08055	0.00449
52	0.00656	0.00471	0.00623	0.00742	0.00778	0.00438	0.00497	0.00754	0.01043	0.01390	0.04693	0.77534	0.05068	0.01662	0.00683	0.00216	0.00309	0.01506	0.00500	0.00438
53	0.00652	0.00474	0.00616	0.00729	0.00774	0.00438	0.00490	0.00750	0.01045	0.01377	0.03182	0.73959	0.10231	0.01653	0.00681	0.00215	0.00308	0.01491	0.00498	0.00438
54	0.02005	0.02558	0.01521	0.01383	0.01659	0.78980	0.01037	0.02143	0.01521	0.01314	0.00830	0.00968	0.00691	0.00553	0.00484	0.00138	0.00968	0.00346	0.00277	0.00622
55	0.01014	0.00954	0.01610	0.79845	0.03697	0.01193	0.01491	0.01371	0.01073	0.01371	0.00954	0.01431	0.00716	0.00537	0.00537	0.00179	0.00716	0.00477	0.00239	0.00596
56	0.00767	0.00575	0.00863	0.00863	0.00959	0.00671	0.00671	0.00959	0.00863	0.01246	0.01438	0.02109	0.01342	0.04026	0.79008	0.00863	0.01438	0.00575	0.00288	0.00479
57	0.01459	0.01353	0.03565	0.02906	0.62725	0.05805	0.03735	0.01767	0.01268	0.08622	0.01100	0.01352	0.00880	0.00499	0.00532	0.00160	0.00652	0.00479	0.00302	0.00838
58	0.48720	0.10736	0.01157	0.00820	0.01165	0.01300	0.00687	0.08633	0.08840	0.06146	0.01194	0.01246	0.03132	0.00570	0.00396	0.00160	0.00443	0.00386	0.03606	0.00662
59	0.75123	0.01039	0.00853	0.00743	0.01085	0.01178	0.00612	0.03621	0.01013	0.09443	0.00888	0.00971	0.00659	0.00517	0.00357	0.00166	0.00424	0.00319	0.00368	0.00621
60	0.01882	0.17143	0.01776	0.01224	0.01589	0.33637	0.00995	0.26366	0.05497	0.03443	0.01056	0.01120	0.00822	0.00576	0.00479	0.00144	0.00733	0.00396	0.00374	0.00747
61	0.01490	0.74241	0.02704	0.00947	0.01404	0.02083	0.00928	0.08322	0.01220	0.01454	0.00795	0.00900	0.00709	0.00476	0.00362	0.00119	0.00576	0.00305	0.00257	0.00709
62	0.00935	0.00719	0.00931	0.00893	0.01027	0.03303	0.00698	0.07787	0.01049	0.01483	0.01422	0.01992	0.01284	0.03418	0.64981	0.00735	0.01280	0.00555	0.04984	0.00524
63	0.00803	0.00558	0.00731	0.00683	0.00817	0.00514	0.00514	0.01055	0.01520	0.04141	0.75531	0.03953	0.04967	0.01086	0.00631	0.00169	0.00259	0.00959	0.00593	0.00517
64	0.45769	0.01106	0.01084	0.00884	0.01259	0.01196	0.00729	0.17846	0.01421	0.22206	0.01218	0.01209	0.00846	0.00573	0.00430	0.00165	0.00464	0.00397	0.00462	0.00739
65	0.00932	0.00466	0.00699	0.00699	0.00699	0.00466	0.00466	0.00699	0.00699	0.00932	0.00932	0.01632	0.00932	0.01865	0.02098	0.84382	0.00466	0.00466	0.00233	0.00233
66	0.01174	0.01174	0.01644	0.01409	0.01409	0.01644	0.01174	0.01292	0.00822	0.01292	0.00705	0.01174	0.00705	0.00940	0.01762	0.00235	0.80153	0.00470	0.00235	0.00587
67	0.02248	0.01170	0.01405	0.01077	0.01498	0.01170	0.00890	0.34540	0.01966	0.45628	0.01757	0.01593	0.01148	0.00656	0.00539	0.00164	0.00515	0.00515	0.00609	0.00913
68	0.01435	0.81458	0.02813	0.00918	0.01378	0.02124	0.00918	0.01607	0.01091	0.01263	0.00746	0.00861	0.00689	0.00459	0.00344	0.00115	0.00574	0.00287	0.00230	0.00689
69	0.01510	0.71342	0.05404	0.00944	0.01411	0.01972	0.00945	0.01702	0.01132	0.08219	0.00878	0.00958	0.00746	0.00480	0.00368	0.00121	0.00571	0.00314	0.00269	0.00713
70	0.01090	0.05623	0.75621	0.01508	0.02289	0.01278	0.01945	0.01697	0.01132	0.01684	0.00955	0.01123	0.00680	0.00508	0.00504	0.00168	0.00785	0.00393	0.00227	0.00790
71	0.01306	0.01190	0.01947	0.02788	0.62159	0.01153	0.01440	0.01602	0.01209	0.03999	0.01108	0.04305	0.00959	0.00518	0.00519	0.00151	0.00587	0.00498	0.00293	0.12269
72	0.00659	0.00476	0.00624	0.00732	0.00777	0.00441	0.00494	0.00764	0.01068	0.01421	0.07489	0.72062	0.07749	0.01629	0.00679	0.00213	0.00306	0.01471	0.00504	0.00441
73	0.00768	0.00570	0.00838	0.00838	0.00925	0.00657	0.00640	0.00942	0.00855	0.01228	0.01461	0.02236	0.01397	0.10986	0.72123	0.00832	0.01355	0.00594	0.00291	0.00465
74	0.82030	0.01034	0.00805	0.00715	0.01050	0.01190	0.00589	0.01614	0.00935	0.05068	0.00796	0.00906	0.00608	0.00504	0.00339	0.00166	0.00417	0.00299	0.00344	0.00593
75	0.01328	0.02973	0.01218	0.00886	0.01310	0.00961	0.00718	0.20275	0.01504	0.03730	0.04151	0.01634	0.07913	0.00579	0.00464	0.00115	0.00436	0.00460	0.00405	0.48941
76	0.01460	0.01201	0.01226	0.01095	0.01402	0.05856	0.00856	0.02745	0.63638	0.09026	0.02115	0.02029	0.01592	0.00731	0.00547	0.00180	0.00462	0.02468	0.00540	0.00833
77	0.01105	0.00957	0.01170	0.00845	0.01311	0.00730	0.03272	0.01346	0.01116	0.01737	0.01019	0.03528	0.00879	0.00438	0.00414	0.00087	0.00413	0.00366	0.00322	0.78945
78	0.01099	0.04890	0.64718	0.01457	0.02162	0.01253	0.03235	0.01766	0.07962	0.01724	0.01145	0.04208	0.00877	0.00571	0.00517	0.00171	0.00737	0.00459	0.00267	0.00780
79	0.00634	0.00544	0.00544	0.00544	0.00725	0.00453	0.00408	0.00770	0.01224	0.01450	0.05438	0.05166	0.77569	0.01359	0.00634	0.00181	0.00272	0.01133	0.00498	0.00453
80	0.02408	0.00914	0.01246	0.00955	0.01370	0.00789	0.00789	0.02616	0.01536	0.78158	0.02118	0.01827	0.01329	0.00664	0.00540	0.00166	0.00457	0.00540	0.00664	0.00914
81	0.02041	0.01504	0.01611	0.01235	0.01665	0.01665	0.01020	0.75997	0.02524	0.03383	0.01289	0.01289	0.00913	0.00644	0.00537	0.00161	0.00591	0.00483	0.00537	0.00913
82	0.00716	0.00522	0.00674	0.00690	0.00789	0.00480	0.00497	0.00909	0.01337	0.01846	0.47946	0.29271	0.09709	0.01308	0.00650	0.00186	0.00274	0.01164	0.00554	0.00480
83	0.01932	0.01450	0.01550	0.01213	0.01623	0.01614	0.00994	0.64769	0.13928	0.03208	0.01426	0.01398	0.01024	0.00657	0.00538	0.00164	0.00565	0.00502	0.00538	0.00903
84	0.00755	0.00510	0.00593	0.00618	0.00624	0.00504	0.00360	0.00774	0.00830	0.01106	0.01944	0.18909	0.02270	0.65304	0.02324	0.00460	0.00479	0.00929	0.00360	0.00347
85	0.84927	0.01038	0.00789	0.00706	0.01038	0.01204	0.00581	0.01578	0.00914	0.02408	0.00747	0.00872	0.00581	0.00498	0.00332	0.00166	0.00415	0.00291	0.00332	0.00581
86	0.01031	0.00559	0.00565	0.00554	0.00695	0.00576	0.00418	0.01395	0.07958	0.02023	0.01790	0.02001	0.01400	0.00635	0.00391	0.00130	0.00266	0.00510	0.76572	0.00532
87	0.01175	0.05063	0.69121	0.01485	0.02235	0.01311	0.01864	0.08403	0.01258	0.01839	0.00986	0.01139	0.00701	0.00521	0.00507	0.00168	0.00768	0.00401	0.00255	0.00801
88	0.01014	0.00954	0.01610	0.79845	0.03697	0.01193	0.01491	0.01371	0.01073	0.01371	0.00954	0.01431	0.00716	0.00537	0.00537	0.00179	0.00716	0.00477	0.00239	0.00596
89	0.01268	0.44419	0.35399	0.01178	0.01782	0.01692	0.01368	0.01638	0.01110	0.01470	0.00848	0.00988	0.00689	0.00479	0.00418	0.00137	0.00662	0.00336	0.00232	0.03886
90	0.00781	0.00520	0.00585	0.00585	0.00585	0.00520	0.00325	0.00781	0.00781	0.01041	0.01691	0.03513	0.01952	0.81135	0.02732	0.00520	0.00520	0.00781	0.00325	0.00325
91	0.00697	0.00494	0.00635	0.00702	0.00750	0.00465	0.00470	0.00808	0.01091	0.01478	0.18155	0.50735	0.04936	0.14777	0.01014	0.00258	0.00333	0.01280	0.00489	0.00432
92	0.00664	0.00475	0.00631	0.00741	0.00781	0.00442	0.00499	0.00771	0.01072	0.01441	0.09687	0.73855	0.03687	0.01629	0.00680	0.00214	0.00306	0.01476	0.00507	0.00442
93	0.01207	0.01151	0.01959	0.32837	0.49194	0.01243	0.01587	0.01541	0.01165	0.01606	0.00988	0.01368	0.00798	0.00501	0.00533	0.00167	0.00668	0.00478	0.00255	0.00752
94	0.01270	0.01269	0.04377	0.11822	0.65491	0.01248	0.01613	0.01599	0.01203	0.01702	0.01097	0.01417	0.02480	0.00505	0.00534	0.00162	0.00643	0.00490	0.00266	0.00811
95	0.01271	0.01217	0.02075	0.17260	0.64270	0.01260	0.01619	0.01597	0.01195	0.01684	0.01000	0.01347	0.00826	0.00489	0.00532	0.00163	0.00652	0.00478	0.00261	0.00804
96	0.01161	0.01042	0.03577	0.01098	0.08387	0.00847	0.02096	0.06477	0.02715	0.01897	0.07959	0.03066	0.01263	0.00522	0.00457	0.00110	0.00439	0.00441	0.00357	0.56087
97	0.03029	0.10819	0.01518	0.10272	0.03944	0.04047	0.00945	0.22201	0.09225	0.07914	0.02834	0.04439	0.01175	0.02556	0.02478	0.00184	0.03384	0.00518	0.04629	0.03887
98	0.01389	0.01432	0.07568	0.02852	0.59960	0.03017	0.03121	0.08411	0.03630	0.01901	0.01065	0.01326	0.00863	0.00504	0.00532	0.00161	0.00651	0.00477	0.00296	0.00844
99	0.01478	0.03049	0.07117	0.05442	0.19594	0.02628	0.01175	0.23287	0.17872	0.02290	0.02683	0.01541	0.02557	0.00608	0.00525	0.00160	0.00568	0.00505	0.00413	0.06508

[dist]
# distance from previous block
# <min> <max>
2	9

[block]
# block no. 2 follows, 45 sequences, length 13
# corresponding to MSA columns:
# 713-725
name=unknown_C
#
# <colnr> <probs for GDERKNQSTAVLIFYWHMCP>
#	G	D	E	R	K	N	Q	S	T	A	V	L	I	F	Y	W	H	M	C	P
0	0.06264	0.04792	0.04806	0.26694	0.08975	0.06008	0.03747	0.12245	0.14664	0.01921	0.01267	0.04096	0.01005	0.00611	0.00522	0.00170	0.00627	0.00511	0.00354	0.00720
1	0.25598	0.03097	0.03434	0.00963	0.01315	0.05218	0.00800	0.18125	0.12804	0.11237	0.02721	0.03305	0.01113	0.00631	0.00464	0.00162	0.00488	0.00470	0.05425	0.02630
2	0.03640	0.20872	0.07906	0.02845	0.02986	0.03462	0.01037	0.22723	0.10578	0.09369	0.01234	0.01282	0.00931	0.00599	0.00552	0.00155	0.05340	0.00434	0.00403	0.03653
3	0.38243	0.13898	0.11191	0.02757	0.10559	0.01378	0.03905	0.02984	0.01055	0.01966	0.00860	0.01047	0.00690	0.00519	0.00472	0.00161	0.04525	0.00361	0.02764	0.00667
4	0.07048	0.02036	0.45226	0.01594	0.09042	0.01193	0.08200	0.01669	0.05641	0.01735	0.01093	0.01329	0.00837	0.00934	0.09890	0.00253	0.00817	0.00452	0.00268	0.00743
5	0.01587	0.01285	0.01424	0.01192	0.06053	0.10335	0.04126	0.16238	0.03739	0.11965	0.02948	0.01343	0.01001	0.00532	0.00482	0.00128	0.00545	0.00429	0.00409	0.34242
6	0.03056	0.02266	0.03185	0.05753	0.03274	0.04874	0.00859	0.07496	0.13015	0.24069	0.07180	0.04797	0.01491	0.00669	0.00517	0.00153	0.00485	0.00550	0.00485	0.15827
7	0.11932	0.01299	0.01436	0.12728	0.06572	0.06050	0.01015	0.32073	0.06246	0.06365	0.01266	0.04109	0.00978	0.00624	0.00507	0.00162	0.00576	0.00488	0.00430	0.05143
8	0.01391	0.01270	0.02047	0.02936	0.64942	0.01290	0.01534	0.10503	0.01378	0.01941	0.01133	0.01555	0.00967	0.00547	0.00542	0.00164	0.00625	0.04085	0.00309	0.00840
9	0.01061	0.01225	0.10937	0.56324	0.07463	0.01199	0.08884	0.01441	0.01097	0.01454	0.00971	0.01397	0.00735	0.00560	0.00587	0.02571	0.00732	0.00483	0.00242	0.00636
10	0.01151	0.01050	0.05961	0.07228	0.01602	0.00981	0.09816	0.14194	0.02687	0.03723	0.01812	0.30856	0.01852	0.00981	0.00649	0.00182	0.04498	0.00869	0.00414	0.09493
11	0.01384	0.01272	0.02057	0.10294	0.61681	0.01314	0.01558	0.10503	0.01364	0.01912	0.01038	0.01334	0.00845	0.00504	0.00533	0.00161	0.00639	0.00479	0.00296	0.00834
12	0.08199	0.01116	0.04637	0.08344	0.38987	0.01079	0.03745	0.03048	0.01263	0.01868	0.15562	0.03280	0.03619	0.00669	0.00547	0.00168	0.00549	0.02257	0.00350	0.00713

[dist]
# distance from previous block
# <min> <max>
2	22

[block]
# block no. 3 follows, 45 sequences, length 46
# corresponding to MSA columns:
# 748-778,782-796
name=unknown_D
#
# <colnr> <probs for GDERKNQSTAVLIFYWHMCP>
#	G	D	E	R	K	N	Q	S	T	A	V	L	I	F	Y	W	H	M	C	P
0	0.01489	0.44998	0.10116	0.01255	0.03126	0.09346	0.09493	0.09950	0.01315	0.01608	0.00892	0.01044	0.00742	0.00558	0.01859	0.00150	0.00690	0.00373	0.00275	0.00721
1	0.01274	0.01400	0.02889	0.02356	0.14625	0.01357	0.58609	0.01717	0.03183	0.01718	0.01084	0.01430	0.00836	0.00487	0.00668	0.00180	0.04568	0.00600	0.00276	0.00741
2	0.01118	0.01096	0.01632	0.04192	0.01508	0.01442	0.07718	0.01264	0.00868	0.01303	0.00884	0.01502	0.00877	0.09919	0.04534	0.00283	0.58520	0.00523	0.00250	0.00567
3	0.04657	0.01411	0.01505	0.01179	0.01584	0.01564	0.00967	0.61424	0.11183	0.05278	0.01409	0.01388	0.01008	0.00650	0.00528	0.00163	0.00555	0.00493	0.02168	0.00887
4	0.00773	0.00517	0.00588	0.00595	0.00596	0.00516	0.00335	0.00779	0.00795	0.01059	0.01763	0.07877	0.02042	0.76647	0.02617	0.00503	0.00509	0.00823	0.00335	0.00332
5	0.01012	0.00803	0.00981	0.09631	0.01334	0.03637	0.00759	0.01498	0.16919	0.04803	0.21028	0.14301	0.02718	0.02771	0.09371	0.00268	0.00538	0.06563	0.00474	0.00591
6	0.00654	0.00467	0.00623	0.00747	0.00779	0.00436	0.00498	0.00747	0.01028	0.01370	0.02959	0.80785	0.03550	0.01682	0.00685	0.00218	0.00311	0.01526	0.00498	0.00436
7	0.10633	0.01249	0.02024	0.03007	0.69245	0.01267	0.01529	0.01640	0.01188	0.01827	0.00981	0.01278	0.00820	0.00481	0.00509	0.00160	0.00613	0.00457	0.00273	0.00820
8	0.01267	0.01328	0.01630	0.01406	0.01437	0.10251	0.01159	0.01387	0.00900	0.01294	0.00719	0.01151	0.00703	0.00897	0.01619	0.00224	0.71340	0.00456	0.00240	0.00591
9	0.84927	0.01038	0.00789	0.00706	0.01038	0.01204	0.00581	0.01578	0.00914	0.02408	0.00747	0.00872	0.00581	0.00498	0.00332	0.00166	0.00415	0.00291	0.00332	0.00581
10	0.01973	0.10402	0.01745	0.01200	0.01633	0.01716	0.01009	0.67718	0.02364	0.03147	0.01228	0.01241	0.00888	0.00624	0.00516	0.00156	0.00589	0.00461	0.00503	0.00888
11	0.00682	0.00488	0.00652	0.00758	0.00807	0.00458	0.00528	0.00805	0.01099	0.01476	0.11246	0.66472	0.03683	0.01601	0.00684	0.00215	0.00319	0.07071	0.00508	0.00448
12	0.00654	0.00467	0.00623	0.00747	0.00779	0.00436	0.00498	0.00747	0.01028	0.01370	0.02959	0.80785	0.03550	0.01682	0.00685	0.00218	0.00311	0.01526	0.00498	0.00436
13	0.00741	0.00534	0.00701	0.00688	0.00798	0.00494	0.00505	0.00966	0.01433	0.02015	0.64415	0.17490	0.04799	0.01200	0.00642	0.00177	0.00263	0.01068	0.00575	0.00494
14	0.00865	0.00618	0.00865	0.00989	0.01112	0.00618	0.00865	0.01112	0.01236	0.01606	0.02842	0.06055	0.03089	0.01483	0.00741	0.00247	0.00494	0.74174	0.00494	0.00494
15	0.01072	0.01002	0.01673	0.69570	0.11826	0.01213	0.01497	0.03137	0.01123	0.01460	0.00968	0.01416	0.00735	0.00533	0.00536	0.00176	0.00704	0.00477	0.00248	0.00632
16	0.84927	0.01038	0.00789	0.00706	0.01038	0.01204	0.00581	0.01578	0.00914	0.02408	0.00747	0.00872	0.00581	0.00498	0.00332	0.00166	0.00415	0.00291	0.00332	0.00581
17	0.01069	0.01055	0.01058	0.01013	0.01143	0.18228	0.00784	0.01244	0.01007	0.01264	0.01257	0.01796	0.01157	0.03059	0.56689	0.00662	0.06198	0.00517	0.00282	0.00518
18	0.01247	0.01054	0.01146	0.01062	0.01334	0.01202	0.00840	0.02536	0.63229	0.02150	0.04986	0.02658	0.01971	0.00850	0.00577	0.00191	0.00429	0.11212	0.00540	0.00786
19	0.01267	0.01448	0.03167	0.02262	0.02805	0.01357	0.75837	0.01719	0.01267	0.01719	0.01086	0.01448	0.00814	0.00452	0.00633	0.00181	0.00905	0.00633	0.00271	0.00724
20	0.01030	0.00971	0.01640	0.75797	0.07615	0.01197	0.01499	0.01386	0.01081	0.01392	0.00957	0.01426	0.00723	0.00534	0.00536	0.00178	0.00711	0.00477	0.00240	0.00610
21	0.01435	0.81458	0.02813	0.00918	0.01378	0.02124	0.00918	0.01607	0.01091	0.01263	0.00746	0.00861	0.00689	0.00459	0.00344	0.00115	0.00574	0.00287	0.00230	0.00689
22	0.00932	0.00466	0.00699	0.00699	0.00699	0.00466	0.00466	0.00699	0.00699	0.00932	0.00932	0.01632	0.00932	0.01865	0.02098	0.84382	0.00466	0.00466	0.00233	0.00233
23	0.00815	0.00899	0.09613	0.00990	0.01217	0.00697	0.09347	0.01054	0.01196	0.01604	0.15097	0.26626	0.19011	0.01209	0.00678	0.00195	0.02959	0.05812	0.00448	0.00533
24	0.01174	0.01174	0.01644	0.01409	0.01409	0.01644	0.01174	0.01292	0.00822	0.01292	0.00705	0.01174	0.00705	0.00940	0.01762	0.00235	0.80153	0.00470	0.00235	0.00587
25	0.02091	0.01423	0.01561	0.01197	0.01625	0.01545	0.00989	0.66012	0.02389	0.13557	0.01402	0.01362	0.00969	0.00647	0.00537	0.00162	0.00572	0.00491	0.00554	0.00913
26	0.00747	0.00545	0.00702	0.00669	0.00796	0.00500	0.00499	0.00986	0.01479	0.02073	0.69535	0.07203	0.09978	0.01139	0.00635	0.00172	0.00257	0.01004	0.00581	0.00500
27	0.01113	0.00954	0.01113	0.00795	0.01272	0.00716	0.00636	0.01352	0.01113	0.01749	0.00954	0.01113	0.00795	0.00398	0.00398	0.00080	0.00398	0.00318	0.00318	0.84417
28	0.01314	0.01260	0.02152	0.06952	0.74247	0.01271	0.01640	0.01634	0.01215	0.01735	0.01007	0.01333	0.00844	0.00481	0.00532	0.00160	0.00641	0.00478	0.00264	0.00838
29	0.01014	0.00954	0.01610	0.79845	0.03697	0.01193	0.01491	0.01371	0.01073	0.01371	0.00954	0.01431	0.00716	0.00537	0.00537	0.00179	0.00716	0.00477	0.00239	0.00596
30	0.01839	0.00889	0.01235	0.01189	0.09768	0.00821	0.00852	0.04069	0.04158	0.46264	0.09770	0.07230	0.01936	0.00819	0.00574	0.00176	0.00453	0.06578	0.00581	0.00799
31	0.01450	0.01249	0.02036	0.06354	0.64367	0.02914	0.01532	0.01754	0.01257	0.10231	0.01127	0.01381	0.00894	0.00503	0.00532	0.00161	0.00628	0.00482	0.00309	0.00841
32	0.02002	0.00831	0.01119	0.00887	0.01239	0.00722	0.00720	0.02215	0.01506	0.59137	0.16031	0.03856	0.03509	0.00771	0.00558	0.00166	0.00411	0.00644	0.00635	0.03042
33	0.06665	0.23556	0.29250	0.01475	0.10270	0.06845	0.02954	0.08070	0.01276	0.03644	0.00946	0.01091	0.00735	0.00509	0.00460	0.00151	0.00682	0.00382	0.00280	0.00758
34	0.22000	0.01204	0.01284	0.01020	0.01413	0.01289	0.00839	0.32568	0.07266	0.23686	0.01452	0.01389	0.01001	0.00621	0.00489	0.00165	0.00500	0.00462	0.00524	0.00829
35	0.01092	0.00908	0.01009	0.00915	0.01163	0.00970	0.00701	0.02016	0.42593	0.02070	0.19975	0.09252	0.05831	0.00894	0.00569	0.00173	0.00366	0.00768	0.00530	0.08207
36	0.01014	0.00954	0.01610	0.79845	0.03697	0.01193	0.01491	0.01371	0.01073	0.01371	0.00954	0.01431	0.00716	0.00537	0.00537	0.00179	0.00716	0.00477	0.00239	0.00596
37	0.00641	0.00535	0.00559	0.00571	0.00734	0.00453	0.00421	0.00777	0.01212	0.01467	0.07783	0.13540	0.66694	0.01386	0.00640	0.00185	0.00276	0.01171	0.00502	0.00453
38	0.02009	0.02441	0.01531	0.01366	0.01660	0.70375	0.01035	0.10363	0.01633	0.01544	0.00881	0.01004	0.00716	0.00563	0.00490	0.00141	0.00926	0.00361	0.00306	0.00655
39	0.00654	0.00467	0.00623	0.00747	0.00779	0.00436	0.00498	0.00747	0.01028	0.01370	0.02959	0.80785	0.03550	0.01682	0.00685	0.00218	0.00311	0.01526	0.00498	0.00436
40	0.01335	0.01153	0.01214	0.01092	0.01396	0.01335	0.00850	0.02852	0.76817	0.02245	0.02185	0.02003	0.01639	0.00728	0.00546	0.00182	0.00425	0.00607	0.00546	0.00850
41	0.00781	0.00520	0.00585	0.00585	0.00585	0.00520	0.00325	0.00781	0.00781	0.01041	0.01691	0.03513	0.01952	0.81135	0.02732	0.00520	0.00520	0.00781	0.00325	0.00325
42	0.01014	0.00954	0.01610	0.79845	0.03697	0.01193	0.01491	0.01371	0.01073	0.01371	0.00954	0.01431	0.00716	0.00537	0.00537	0.00179	0.00716	0.00477	0.00239	0.00596
43	0.01004	0.00895	0.01327	0.19236	0.01796	0.01074	0.05641	0.01349	0.09433	0.01491	0.01609	0.22134	0.01609	0.01051	0.02508	0.01834	0.20146	0.00775	0.04515	0.00574
44	0.00744	0.00548	0.00696	0.00659	0.00793	0.00500	0.00494	0.00983	0.01483	0.02067	0.68716	0.04151	0.13906	0.01129	0.00633	0.00170	0.00256	0.00991	0.00580	0.00500
45	0.00685	0.00499	0.00642	0.00725	0.00770	0.00476	0.00489	0.00785	0.01050	0.01403	0.08926	0.60213	0.08213	0.09741	0.00909	0.00243	0.01955	0.01358	0.00483	0.00435

[dist]
# distance from previous block
# <min> <max>
0	9

# created by:
# /st0/software/busco_prod/Augustus/scripts/msa2prfl.pl ./align_prep/141861.fa
