[name]
unknown

[dist]
# distance from previous block
# <min> <max>
0	90

[block]
# block no. 0 follows, 44 sequences, length 10
# corresponding to MSA columns:
# 91-100
name=unknown_A
#
# <colnr> <probs for GDERKNQSTAVLIFYWHMCP>
#	G	D	E	R	K	N	Q	S	T	A	V	L	I	F	Y	W	H	M	C	P
0	0.21246	0.01417	0.01442	0.01130	0.01543	0.01582	0.00933	0.58444	0.02184	0.03206	0.01181	0.01211	0.00849	0.00620	0.00497	0.00165	0.00559	0.00445	0.00497	0.00849
1	0.00727	0.00529	0.00696	0.00811	0.00869	0.00511	0.00577	0.00910	0.04487	0.01467	0.02952	0.65972	0.03449	0.01634	0.00698	0.00224	0.00349	0.12159	0.00508	0.00471
2	0.02416	0.00975	0.01295	0.00993	0.01415	0.00872	0.00820	0.08438	0.01640	0.71924	0.02084	0.01812	0.01316	0.00673	0.00548	0.00168	0.00475	0.00544	0.00665	0.00928
3	0.02446	0.00928	0.01265	0.00970	0.01392	0.00801	0.00801	0.02657	0.01560	0.77817	0.02151	0.01856	0.01350	0.00675	0.00548	0.00169	0.00464	0.00548	0.00675	0.00928
4	0.02072	0.01527	0.01636	0.01254	0.01691	0.01691	0.01036	0.75622	0.02563	0.03436	0.01309	0.01309	0.00927	0.00654	0.00545	0.00164	0.00600	0.00491	0.00545	0.00927
5	0.00671	0.00480	0.00639	0.00754	0.00792	0.00447	0.00507	0.00776	0.01076	0.01442	0.07741	0.75603	0.03704	0.01670	0.00692	0.00218	0.00313	0.01514	0.00512	0.00447
6	0.00691	0.00495	0.00657	0.00741	0.00797	0.00461	0.00508	0.00827	0.01170	0.01593	0.21765	0.61151	0.03995	0.01558	0.00682	0.00209	0.00301	0.01407	0.00530	0.00461
7	0.01203	0.01012	0.01169	0.00842	0.01323	0.00801	0.00676	0.07074	0.01241	0.01904	0.00995	0.01144	0.00817	0.00423	0.00415	0.00087	0.00419	0.00336	0.00340	0.77781
8	0.01584	0.05092	0.01621	0.01243	0.01558	0.01440	0.06346	0.30719	0.12350	0.06021	0.03770	0.07763	0.01336	0.00785	0.00761	0.00181	0.13630	0.00606	0.00461	0.02734
9	0.53973	0.03617	0.01035	0.00826	0.01191	0.01168	0.00684	0.04319	0.05165	0.21637	0.01209	0.01207	0.00855	0.00565	0.00410	0.00168	0.00444	0.00383	0.00438	0.00705

[dist]
# distance from previous block
# <min> <max>
2	7

[block]
# block no. 1 follows, 44 sequences, length 15
# corresponding to MSA columns:
# 108-118,138-141
name=unknown_B
#
# <colnr> <probs for GDERKNQSTAVLIFYWHMCP>
#	G	D	E	R	K	N	Q	S	T	A	V	L	I	F	Y	W	H	M	C	P
0	0.05714	0.01162	0.01284	0.01023	0.01420	0.04381	0.00826	0.16589	0.15339	0.29643	0.01790	0.01679	0.03104	0.00648	0.00518	0.00157	0.00491	0.00511	0.00539	0.13181
1	0.00884	0.00579	0.00762	0.00709	0.00854	0.00531	0.00534	0.01130	0.01521	0.07444	0.68478	0.07446	0.04807	0.01111	0.00639	0.00174	0.00274	0.00981	0.00601	0.00540
2	0.84691	0.01054	0.00801	0.00717	0.01054	0.01223	0.00590	0.01603	0.00928	0.02446	0.00759	0.00886	0.00590	0.00506	0.00337	0.00169	0.00422	0.00295	0.00337	0.00590
3	0.00793	0.00529	0.00595	0.00595	0.00595	0.00529	0.00330	0.00793	0.00793	0.01057	0.01718	0.03568	0.01982	0.80840	0.02775	0.00529	0.00529	0.00793	0.00330	0.00330
4	0.84691	0.01054	0.00801	0.00717	0.01054	0.01223	0.00590	0.01603	0.00928	0.02446	0.00759	0.00886	0.00590	0.00506	0.00337	0.00169	0.00422	0.00295	0.00337	0.00590
5	0.84691	0.01054	0.00801	0.00717	0.01054	0.01223	0.00590	0.01603	0.00928	0.02446	0.00759	0.00886	0.00590	0.00506	0.00337	0.00169	0.00422	0.00295	0.00337	0.00590
6	0.00781	0.00576	0.00834	0.00834	0.00917	0.00658	0.00629	0.00946	0.00864	0.01234	0.01499	0.02356	0.01456	0.15617	0.67279	0.00824	0.01320	0.00615	0.00298	0.00463
7	0.00811	0.00635	0.00843	0.00826	0.00921	0.00668	0.00636	0.01009	0.01299	0.01807	0.39935	0.19046	0.08703	0.01266	0.00823	0.00199	0.11305	0.08244	0.00516	0.00507
8	0.84691	0.01054	0.00801	0.00717	0.01054	0.01223	0.00590	0.01603	0.00928	0.02446	0.00759	0.00886	0.00590	0.00506	0.00337	0.00169	0.00422	0.00295	0.00337	0.00590
9	0.08544	0.01315	0.01426	0.05515	0.01636	0.03302	0.00946	0.44782	0.05151	0.14976	0.01434	0.01435	0.01009	0.00640	0.00519	0.00164	0.00554	0.00487	0.05318	0.00848
10	0.01912	0.01389	0.01515	0.01186	0.01582	0.01529	0.00972	0.61971	0.05805	0.05562	0.06150	0.01570	0.01259	0.00840	0.04003	0.00197	0.00604	0.00534	0.00542	0.00879
11	0.01053	0.00988	0.01643	0.71111	0.07874	0.01191	0.01479	0.01408	0.01101	0.01435	0.00972	0.01431	0.00739	0.00534	0.00538	0.00175	0.00706	0.00476	0.00248	0.04898
12	0.00726	0.00521	0.00658	0.00689	0.00764	0.00486	0.00474	0.00872	0.01214	0.01656	0.32086	0.32553	0.09402	0.14175	0.01006	0.00248	0.00324	0.01177	0.00515	0.00454
13	0.01325	0.40931	0.35089	0.01268	0.01873	0.05665	0.03795	0.01704	0.01154	0.01491	0.00868	0.01018	0.00700	0.00493	0.00439	0.00144	0.00710	0.00354	0.00236	0.00743
14	0.01643	0.01256	0.01359	0.01088	0.01455	0.03107	0.00870	0.37120	0.12704	0.05542	0.01515	0.06691	0.01239	0.04100	0.00653	0.00172	0.02363	0.00559	0.00486	0.16078

[dist]
# distance from previous block
# <min> <max>
4	15

[block]
# block no. 2 follows, 44 sequences, length 51
# corresponding to MSA columns:
# 157-206,208
name=unknown_C
#
# <colnr> <probs for GDERKNQSTAVLIFYWHMCP>
#	G	D	E	R	K	N	Q	S	T	A	V	L	I	F	Y	W	H	M	C	P
0	0.01380	0.04844	0.03043	0.14183	0.03146	0.02205	0.00932	0.14712	0.09631	0.10401	0.07597	0.11205	0.03447	0.02343	0.00594	0.00174	0.00510	0.00667	0.00453	0.08532
1	0.01337	0.01030	0.02873	0.00914	0.01318	0.00880	0.00740	0.14044	0.03165	0.08644	0.01475	0.13541	0.01326	0.00682	0.00492	0.00129	0.00438	0.00570	0.00423	0.45980
2	0.04867	0.00678	0.00767	0.00713	0.00835	0.00674	0.00477	0.02954	0.05765	0.01402	0.01687	0.09561	0.01809	0.46723	0.07350	0.00418	0.00550	0.00738	0.00362	0.11669
3	0.01068	0.00789	0.01047	0.00920	0.01144	0.00738	0.05296	0.09047	0.03205	0.05768	0.09922	0.34073	0.02525	0.04895	0.00728	0.01489	0.00417	0.00975	0.00471	0.15485
4	0.07974	0.65082	0.04931	0.00952	0.01411	0.04291	0.00936	0.01714	0.01137	0.06180	0.00855	0.00949	0.00732	0.00487	0.00371	0.00126	0.00582	0.00313	0.00270	0.00707
5	0.00730	0.00564	0.00670	0.00670	0.00811	0.00512	0.00500	0.00955	0.03314	0.01796	0.35727	0.14558	0.31570	0.01298	0.00653	0.00186	0.00287	0.04159	0.00548	0.00493
6	0.01458	0.81168	0.02857	0.00933	0.01399	0.02157	0.00933	0.01632	0.01108	0.01283	0.00758	0.00875	0.00700	0.00466	0.00350	0.00117	0.00583	0.00292	0.00233	0.00700
7	0.22385	0.01362	0.01376	0.03005	0.01543	0.03789	0.00901	0.44700	0.01949	0.07018	0.01175	0.01217	0.00848	0.00598	0.00484	0.00160	0.00551	0.00431	0.00472	0.06039
8	0.01112	0.05244	0.72868	0.01562	0.02347	0.01298	0.04704	0.01724	0.01155	0.01713	0.00976	0.01154	0.00696	0.00514	0.00517	0.00171	0.00803	0.00408	0.00232	0.00800
9	0.00752	0.00548	0.00712	0.00725	0.00839	0.00508	0.00546	0.00966	0.01386	0.01905	0.47893	0.19612	0.10715	0.01300	0.00666	0.00192	0.00298	0.09382	0.00562	0.00494
10	0.06041	0.00901	0.01168	0.00943	0.01301	0.00821	0.00760	0.06881	0.01513	0.57750	0.02165	0.13958	0.01637	0.00826	0.00561	0.00177	0.00448	0.00688	0.00625	0.00837
11	0.01201	0.01327	0.02834	0.02059	0.02540	0.01243	0.64134	0.01619	0.01290	0.01757	0.07354	0.07265	0.01371	0.00600	0.00647	0.00185	0.00823	0.00735	0.00318	0.00697
12	0.01261	0.01314	0.01708	0.01453	0.01508	0.08572	0.04681	0.01400	0.00922	0.01333	0.00768	0.01216	0.00739	0.00990	0.03934	0.00246	0.66629	0.00477	0.00246	0.00603
13	0.00664	0.00474	0.00633	0.00759	0.00791	0.00443	0.00506	0.00759	0.01044	0.01392	0.03005	0.80485	0.03606	0.01708	0.00696	0.00221	0.00316	0.01550	0.00506	0.00443
14	0.01295	0.01266	0.02237	0.14435	0.58471	0.01292	0.09695	0.01640	0.01224	0.01720	0.01026	0.01378	0.00839	0.00492	0.00552	0.00167	0.00689	0.00503	0.00266	0.00812
15	0.01030	0.00969	0.01635	0.79530	0.03755	0.01211	0.01514	0.01393	0.01090	0.01393	0.00969	0.01453	0.00727	0.00545	0.00545	0.00182	0.00727	0.00484	0.00242	0.00606
16	0.00664	0.00474	0.00633	0.00759	0.00791	0.00443	0.00506	0.00759	0.01044	0.01392	0.03005	0.80485	0.03606	0.01708	0.00696	0.00221	0.00316	0.01550	0.00506	0.00443
17	0.43178	0.01095	0.01100	0.00894	0.01277	0.01166	0.00738	0.14866	0.01422	0.27451	0.01314	0.01279	0.00899	0.00588	0.00443	0.00168	0.00467	0.00413	0.00485	0.00760
18	0.01030	0.00969	0.01635	0.79530	0.03755	0.01211	0.01514	0.01393	0.01090	0.01393	0.00969	0.01453	0.00727	0.00545	0.00545	0.00182	0.00727	0.00484	0.00242	0.00606
19	0.01349	0.01295	0.02213	0.03346	0.77440	0.01295	0.01673	0.01673	0.01241	0.01781	0.01025	0.01349	0.00864	0.00486	0.00540	0.00162	0.00648	0.00486	0.00270	0.00864
20	0.01458	0.81168	0.02857	0.00933	0.01399	0.02157	0.00933	0.01632	0.01108	0.01283	0.00758	0.00875	0.00700	0.00466	0.00350	0.00117	0.00583	0.00292	0.00233	0.00700
21	0.01201	0.01006	0.01167	0.00847	0.01318	0.00807	0.00680	0.07646	0.01245	0.01904	0.01010	0.01171	0.00832	0.00519	0.02403	0.00108	0.00447	0.00344	0.00341	0.75003
22	0.01198	0.01039	0.01145	0.01127	0.06025	0.01151	0.00815	0.02349	0.54797	0.02083	0.04457	0.02690	0.17069	0.00862	0.00574	0.00183	0.00410	0.00725	0.00528	0.00773
23	0.01356	0.01171	0.01233	0.01109	0.01418	0.01356	0.00863	0.02897	0.76455	0.02281	0.02219	0.02034	0.01664	0.00740	0.00555	0.00185	0.00431	0.00616	0.00555	0.00863
24	0.01349	0.01295	0.02213	0.03346	0.77440	0.01295	0.01673	0.01673	0.01241	0.01781	0.01025	0.01349	0.00864	0.00486	0.00540	0.00162	0.00648	0.00486	0.00270	0.00864
25	0.00665	0.00487	0.00625	0.00731	0.00785	0.00447	0.00495	0.00770	0.01084	0.01426	0.05572	0.68654	0.12960	0.01649	0.00688	0.00215	0.00309	0.01482	0.00509	0.00447
26	0.01349	0.01295	0.02213	0.03346	0.77440	0.01295	0.01673	0.01673	0.01241	0.01781	0.01025	0.01349	0.00864	0.00486	0.00540	0.00162	0.00648	0.00486	0.00270	0.00864
27	0.02446	0.00928	0.01265	0.00970	0.01392	0.00801	0.00801	0.02657	0.01560	0.77817	0.02151	0.01856	0.01350	0.00675	0.00548	0.00169	0.00464	0.00548	0.00675	0.00928
28	0.00664	0.00474	0.00633	0.00759	0.00791	0.00443	0.00506	0.00759	0.01044	0.01392	0.03005	0.80485	0.03606	0.01708	0.00696	0.00221	0.00316	0.01550	0.00506	0.00443
29	0.05899	0.01193	0.01394	0.01120	0.01510	0.03522	0.03867	0.17038	0.22937	0.32788	0.01856	0.01710	0.01279	0.00669	0.00542	0.00172	0.00514	0.00542	0.00571	0.00877
30	0.02019	0.01293	0.01448	0.01137	0.01537	0.01382	0.00928	0.45370	0.11873	0.21128	0.01649	0.01598	0.01157	0.02320	0.00589	0.00174	0.00536	0.00528	0.02437	0.00897
31	0.00664	0.00474	0.00633	0.00759	0.00791	0.00443	0.00506	0.00759	0.01044	0.01392	0.03005	0.80485	0.03606	0.01708	0.00696	0.00221	0.00316	0.01550	0.00506	0.00443
32	0.01964	0.01401	0.01512	0.01176	0.01574	0.01536	0.00962	0.65349	0.02370	0.05931	0.01414	0.03224	0.01056	0.02764	0.00598	0.00173	0.00568	0.00526	0.05024	0.00878
33	0.01205	0.02827	0.12793	0.03443	0.06400	0.01097	0.09378	0.05908	0.18039	0.04653	0.14494	0.04182	0.02100	0.00825	0.00597	0.00185	0.00554	0.10151	0.00447	0.00722
34	0.00663	0.00481	0.00626	0.00742	0.00786	0.00444	0.00498	0.00761	0.01060	0.01399	0.03216	0.74161	0.09792	0.01680	0.00692	0.00218	0.00313	0.01516	0.00506	0.00444
35	0.00742	0.00515	0.00622	0.00667	0.00698	0.00497	0.00422	0.00805	0.00962	0.01282	0.07377	0.30426	0.06188	0.42391	0.01762	0.00375	0.00425	0.03027	0.00422	0.00392
36	0.03184	0.01278	0.02180	0.04588	0.46105	0.01264	0.14289	0.06439	0.01365	0.12148	0.01202	0.01430	0.00918	0.00519	0.00555	0.00167	0.00664	0.00518	0.00343	0.00842
37	0.01243	0.04206	0.22786	0.02115	0.08077	0.01374	0.46555	0.01721	0.01230	0.01718	0.01044	0.01352	0.00787	0.00490	0.00624	0.00179	0.02924	0.00554	0.00261	0.00758
38	0.06545	0.01263	0.02101	0.07795	0.63358	0.01290	0.04311	0.01686	0.03171	0.01810	0.01039	0.01349	0.00857	0.00496	0.00532	0.00165	0.00643	0.00483	0.00280	0.00826
39	0.01704	0.01497	0.05292	0.01380	0.08362	0.07544	0.02550	0.35231	0.08344	0.04522	0.01260	0.01324	0.00941	0.00580	0.00514	0.00148	0.00594	0.00457	0.00439	0.17316
40	0.43317	0.01089	0.01123	0.01030	0.06175	0.01165	0.00774	0.08706	0.06982	0.20698	0.01279	0.01283	0.00910	0.00574	0.00439	0.00167	0.00463	0.00412	0.00450	0.02966
41	0.01265	0.06209	0.28294	0.02555	0.44348	0.01336	0.04878	0.01692	0.01205	0.01734	0.00998	0.01260	0.00794	0.00495	0.00526	0.00164	0.00710	0.00453	0.00254	0.00829
42	0.01248	0.34519	0.44785	0.01330	0.01989	0.01631	0.04300	0.01689	0.01139	0.01547	0.00894	0.01051	0.00699	0.00495	0.00454	0.00150	0.00720	0.00367	0.00233	0.00760
43	0.00711	0.00563	0.00634	0.00633	0.00785	0.00498	0.00467	0.02439	0.01320	0.01690	0.23872	0.15950	0.45809	0.01344	0.00649	0.00186	0.00284	0.01152	0.00532	0.00482
44	0.00859	0.00604	0.00738	0.00700	0.00852	0.00558	0.00522	0.04280	0.01447	0.05142	0.44382	0.13090	0.20593	0.02928	0.00687	0.00187	0.00298	0.01045	0.00563	0.00525
45	0.01169	0.01102	0.01760	0.01320	0.01731	0.01006	0.23409	0.04661	0.03116	0.01774	0.01297	0.11299	0.01188	0.00639	0.00610	0.00146	0.05531	0.00600	0.00342	0.37298
46	0.00730	0.00580	0.00608	0.00599	0.00785	0.00501	0.00449	0.00918	0.03596	0.03939	0.08586	0.08540	0.65582	0.01341	0.00641	0.00185	0.00288	0.01126	0.00518	0.00489
47	0.00710	0.00569	0.00638	0.00628	0.00793	0.00503	0.00477	0.00919	0.02749	0.01728	0.28658	0.04847	0.48829	0.01288	0.00647	0.00183	0.00284	0.04526	0.00538	0.00487
48	0.01152	0.00982	0.01142	0.00818	0.01301	0.00749	0.00655	0.03084	0.01164	0.01815	0.00977	0.01135	0.00810	0.00410	0.00407	0.00083	0.00408	0.00327	0.00328	0.82254
49	0.01248	0.01408	0.03055	0.02201	0.02720	0.01320	0.70767	0.01685	0.01272	0.01724	0.01222	0.06417	0.01001	0.00538	0.00647	0.00186	0.00881	0.00700	0.00290	0.00717
50	0.00947	0.00473	0.00710	0.00710	0.00710	0.00473	0.00473	0.00710	0.00710	0.00947	0.00947	0.01657	0.00947	0.01894	0.02131	0.84138	0.00473	0.00473	0.00237	0.00237

[dist]
# distance from previous block
# <min> <max>
0	5

[block]
# block no. 3 follows, 44 sequences, length 65
# corresponding to MSA columns:
# 214-278
name=unknown_D
#
# <colnr> <probs for GDERKNQSTAVLIFYWHMCP>
#	G	D	E	R	K	N	Q	S	T	A	V	L	I	F	Y	W	H	M	C	P
0	0.05860	0.00970	0.01233	0.00977	0.01371	0.00910	0.00798	0.04260	0.12032	0.60068	0.04229	0.01889	0.01459	0.00689	0.00543	0.00171	0.00455	0.00558	0.00638	0.00892
1	0.00792	0.00531	0.00605	0.00605	0.00609	0.00534	0.00344	0.00800	0.00796	0.01065	0.01708	0.03514	0.01959	0.77962	0.05622	0.00542	0.00563	0.00785	0.00329	0.00336
2	0.01093	0.02820	0.78016	0.01554	0.02360	0.01266	0.02014	0.01727	0.01151	0.01727	0.00978	0.01151	0.00691	0.00518	0.00518	0.00173	0.00806	0.00403	0.00230	0.00806
3	0.00779	0.00584	0.00876	0.00876	0.00974	0.00681	0.00681	0.00974	0.00876	0.01266	0.01460	0.02142	0.01363	0.04089	0.78680	0.00876	0.01460	0.00584	0.00292	0.00487
4	0.01323	0.01269	0.02166	0.09520	0.71469	0.01289	0.01660	0.01650	0.01229	0.01750	0.01021	0.01358	0.00852	0.00491	0.00540	0.00164	0.00654	0.00486	0.00268	0.00843
5	0.01199	0.01142	0.01941	0.39140	0.42820	0.01256	0.01598	0.01541	0.01170	0.01599	0.00999	0.01398	0.00799	0.00514	0.00542	0.00171	0.00685	0.00485	0.00257	0.00742
6	0.00664	0.00474	0.00633	0.00759	0.00791	0.00443	0.00506	0.00759	0.01044	0.01392	0.03005	0.80485	0.03606	0.01708	0.00696	0.00221	0.00316	0.01550	0.00506	0.00443
7	0.00670	0.00489	0.00631	0.00731	0.00786	0.00450	0.00497	0.00781	0.01101	0.01457	0.08512	0.66901	0.11728	0.01630	0.00687	0.00214	0.00308	0.01467	0.00513	0.00450
8	0.00814	0.00678	0.00945	0.00955	0.01042	0.02948	0.05699	0.00962	0.01098	0.01463	0.05848	0.54239	0.03081	0.01558	0.03016	0.00237	0.06133	0.08333	0.00462	0.00489
9	0.01458	0.81168	0.02857	0.00933	0.01399	0.02157	0.00933	0.01632	0.01108	0.01283	0.00758	0.00875	0.00700	0.00466	0.00350	0.00117	0.00583	0.00292	0.00233	0.00700
10	0.00815	0.00641	0.00887	0.00883	0.00983	0.02925	0.00682	0.01003	0.00893	0.01262	0.01450	0.02149	0.01361	0.06166	0.74272	0.00845	0.01420	0.00583	0.00293	0.00487
11	0.02040	0.02506	0.01553	0.01391	0.01686	0.71987	0.01052	0.08537	0.01633	0.01516	0.00883	0.01011	0.00722	0.00570	0.00496	0.00142	0.00950	0.00363	0.00304	0.00658
12	0.01030	0.00969	0.01635	0.79530	0.03755	0.01211	0.01514	0.01393	0.01090	0.01393	0.00969	0.01453	0.00727	0.00545	0.00545	0.00182	0.00727	0.00484	0.00242	0.00606
13	0.01178	0.20944	0.60629	0.01410	0.02137	0.01472	0.01764	0.01705	0.01141	0.01624	0.00927	0.01087	0.00693	0.00506	0.00479	0.00160	0.00754	0.00377	0.00231	0.00781
14	0.00772	0.00557	0.00729	0.00686	0.00814	0.00514	0.00514	0.01029	0.01543	0.02186	0.77152	0.04072	0.05144	0.01115	0.00643	0.00171	0.00257	0.00986	0.00600	0.00514
15	0.01030	0.00969	0.01635	0.79530	0.03755	0.01211	0.01514	0.01393	0.01090	0.01393	0.00969	0.01453	0.00727	0.00545	0.00545	0.00182	0.00727	0.00484	0.00242	0.00606
16	0.01031	0.00980	0.01689	0.72093	0.03591	0.01192	0.05768	0.01390	0.01100	0.01413	0.01053	0.04418	0.00841	0.00584	0.00556	0.00183	0.00723	0.00534	0.00254	0.00607
17	0.02446	0.00928	0.01265	0.00970	0.01392	0.00801	0.00801	0.02657	0.01560	0.77817	0.02151	0.01856	0.01350	0.00675	0.00548	0.00169	0.00464	0.00548	0.00675	0.00928
18	0.01356	0.01171	0.01233	0.01109	0.01418	0.01356	0.00863	0.02897	0.76455	0.02281	0.02219	0.02034	0.01664	0.00740	0.00555	0.00185	0.00431	0.00616	0.00555	0.00863
19	0.01290	0.01354	0.01656	0.01428	0.01460	0.10506	0.01177	0.01411	0.00916	0.01315	0.00730	0.01169	0.00714	0.00909	0.01640	0.00227	0.70791	0.00463	0.00243	0.00600
20	0.01284	0.47172	0.31540	0.01158	0.01738	0.01735	0.01326	0.01639	0.01146	0.01497	0.04620	0.01139	0.00916	0.00518	0.00429	0.00141	0.00652	0.00369	0.00250	0.00731
21	0.01383	0.01070	0.01173	0.01048	0.01344	0.01198	0.00820	0.02634	0.59799	0.09235	0.10384	0.02326	0.02045	0.00791	0.00568	0.00183	0.00417	0.02189	0.00570	0.00823
22	0.00887	0.00639	0.00883	0.01001	0.01130	0.00644	0.00870	0.01171	0.03385	0.01644	0.02870	0.07735	0.03106	0.01489	0.00746	0.00248	0.00496	0.70040	0.00504	0.00511
23	0.01688	0.01326	0.01341	0.01144	0.01490	0.07619	0.00905	0.17083	0.46503	0.11886	0.01920	0.01784	0.01402	0.00700	0.00547	0.00175	0.00513	0.00562	0.00546	0.00865
24	0.02008	0.01991	0.01505	0.01277	0.01615	0.42008	0.00996	0.27289	0.01886	0.08026	0.03213	0.01364	0.03116	0.00640	0.00523	0.00153	0.00773	0.00453	0.00417	0.00748
25	0.00684	0.00487	0.00641	0.00741	0.00781	0.00456	0.00496	0.00791	0.01082	0.01457	0.10996	0.67354	0.03672	0.06594	0.00820	0.00235	0.00323	0.01441	0.00505	0.00444
26	0.00768	0.00557	0.00724	0.00682	0.00812	0.00513	0.00512	0.01022	0.01535	0.02168	0.75276	0.04103	0.07032	0.01122	0.00643	0.00172	0.00258	0.00990	0.00598	0.00513
27	0.06466	0.01025	0.01123	0.01057	0.04304	0.03447	0.00793	0.05367	0.32215	0.12125	0.10338	0.04473	0.09694	0.00863	0.00569	0.00181	0.00435	0.04247	0.00533	0.00745
28	0.10880	0.01005	0.01165	0.00953	0.01302	0.01015	0.00770	0.12753	0.13929	0.33809	0.11419	0.02123	0.04978	0.00749	0.00542	0.00172	0.00440	0.00604	0.00583	0.00809
29	0.00980	0.00608	0.00770	0.00700	0.00880	0.00544	0.00535	0.01208	0.01488	0.12544	0.53133	0.03988	0.18316	0.01104	0.00630	0.00173	0.00289	0.00957	0.00593	0.00561
30	0.60761	0.01078	0.01126	0.12061	0.12703	0.01232	0.00879	0.01584	0.00997	0.02201	0.00828	0.01033	0.00650	0.00508	0.00396	0.00169	0.00497	0.00350	0.00314	0.00633
31	0.01089	0.01029	0.01742	0.65429	0.17393	0.01227	0.01543	0.01445	0.01118	0.01465	0.00979	0.01434	0.00752	0.00534	0.00544	0.00178	0.00712	0.00485	0.00247	0.00653
32	0.34209	0.45611	0.05900	0.00880	0.01313	0.01744	0.00853	0.01626	0.01039	0.01763	0.00770	0.00893	0.00656	0.00485	0.00354	0.00140	0.00531	0.00299	0.00274	0.00662
33	0.00666	0.00490	0.00624	0.00723	0.00783	0.00449	0.00492	0.00774	0.01097	0.01439	0.06570	0.65157	0.15480	0.01630	0.00685	0.00213	0.00307	0.01462	0.00510	0.00449
34	0.02374	0.00912	0.01242	0.00958	0.01367	0.00789	0.00789	0.02587	0.01560	0.74582	0.05359	0.01950	0.01512	0.00694	0.00552	0.00169	0.00455	0.00567	0.00672	0.00910
35	0.01078	0.00913	0.01074	0.00802	0.01235	0.00695	0.00630	0.01303	0.01121	0.01733	0.01199	0.10105	0.01124	0.00551	0.00437	0.00097	0.00394	0.00462	0.00344	0.74704
36	0.01111	0.01079	0.01580	0.03468	0.01466	0.01449	0.04362	0.01266	0.00870	0.01324	0.00887	0.01400	0.00849	0.01541	0.16909	0.00361	0.58741	0.00506	0.00251	0.00581
37	0.00664	0.00474	0.00633	0.00759	0.00791	0.00443	0.00506	0.00759	0.01044	0.01392	0.03005	0.80485	0.03606	0.01708	0.00696	0.00221	0.00316	0.01550	0.00506	0.00443
38	0.01349	0.01295	0.02213	0.03346	0.77440	0.01295	0.01673	0.01673	0.01241	0.01781	0.01025	0.01349	0.00864	0.00486	0.00540	0.00162	0.00648	0.00486	0.00270	0.00864
39	0.01969	0.01444	0.01560	0.01209	0.01627	0.01587	0.00994	0.66108	0.05414	0.04841	0.01440	0.01443	0.02427	0.00759	0.02654	0.00182	0.00603	0.00509	0.00536	0.02691
40	0.00662	0.00483	0.00624	0.00737	0.00785	0.00445	0.00496	0.00762	0.01065	0.01401	0.03279	0.72294	0.11619	0.01672	0.00690	0.00217	0.00312	0.01506	0.00506	0.00445
41	0.00867	0.00624	0.00862	0.00981	0.01109	0.00619	0.00855	0.01112	0.01254	0.01623	0.03022	0.06103	0.06930	0.01500	0.00747	0.00248	0.00490	0.70052	0.00502	0.00500
42	0.84691	0.01054	0.00801	0.00717	0.01054	0.01223	0.00590	0.01603	0.00928	0.02446	0.00759	0.00886	0.00590	0.00506	0.00337	0.00169	0.00422	0.00295	0.00337	0.00590
43	0.01130	0.00969	0.01130	0.00807	0.01292	0.00727	0.00646	0.01373	0.01130	0.01776	0.00969	0.01130	0.00807	0.00404	0.00404	0.00081	0.00404	0.00323	0.00323	0.84173
44	0.00947	0.00473	0.00710	0.00710	0.00710	0.00473	0.00473	0.00710	0.00710	0.00947	0.00947	0.01657	0.00947	0.01894	0.02131	0.84138	0.00473	0.00473	0.00237	0.00237
45	0.00947	0.00473	0.00710	0.00710	0.00710	0.00473	0.00473	0.00710	0.00710	0.00947	0.00947	0.01657	0.00947	0.01894	0.02131	0.84138	0.00473	0.00473	0.00237	0.00237
46	0.00782	0.00528	0.00604	0.00611	0.00620	0.00527	0.00353	0.00796	0.00820	0.01091	0.01870	0.07658	0.03871	0.72322	0.04968	0.00515	0.00540	0.00835	0.00343	0.00344
47	0.02117	0.01455	0.01592	0.01220	0.01655	0.01584	0.01008	0.66883	0.02443	0.12345	0.01410	0.01374	0.00978	0.00657	0.00546	0.00164	0.00584	0.00498	0.00561	0.00927
48	0.01287	0.01471	0.03217	0.02298	0.02849	0.01379	0.75460	0.01746	0.01287	0.01746	0.01103	0.01471	0.00827	0.00460	0.00643	0.00184	0.00919	0.00643	0.00276	0.00735
49	0.00789	0.00527	0.00596	0.00599	0.00600	0.00526	0.00335	0.00792	0.00800	0.01066	0.01752	0.05618	0.02025	0.78731	0.02719	0.00520	0.00523	0.00813	0.00335	0.00333
50	0.01458	0.81168	0.02857	0.00933	0.01399	0.02157	0.00933	0.01632	0.01108	0.01283	0.00758	0.00875	0.00700	0.00466	0.00350	0.00117	0.00583	0.00292	0.00233	0.00700
51	0.01304	0.01052	0.01291	0.00974	0.01402	0.00923	0.04728	0.16055	0.01423	0.03780	0.01292	0.09839	0.01149	0.00604	0.00480	0.00120	0.00462	0.00512	0.00392	0.52217
52	0.01443	0.00865	0.00987	0.00845	0.01099	0.05827	0.00662	0.04885	0.03272	0.26043	0.36761	0.03109	0.10054	0.00935	0.00597	0.00170	0.00391	0.00791	0.00591	0.00674
53	0.01493	0.01132	0.01264	0.01009	0.01353	0.03165	0.00803	0.30256	0.01651	0.05602	0.01344	0.04729	0.01144	0.07205	0.10310	0.00260	0.02429	0.00520	0.00426	0.23907
54	0.01103	0.04902	0.76019	0.01537	0.02334	0.01290	0.01986	0.01724	0.01150	0.01715	0.00973	0.01144	0.00691	0.00517	0.00513	0.00171	0.00800	0.00400	0.00230	0.00803
55	0.00764	0.00557	0.00718	0.00678	0.00810	0.00511	0.00509	0.01014	0.01526	0.02144	0.72957	0.04141	0.09365	0.01130	0.00643	0.00172	0.00258	0.00996	0.00595	0.00511
56	0.02112	0.01389	0.01546	0.01190	0.01615	0.01495	0.00982	0.59759	0.02329	0.17645	0.01474	0.01435	0.01019	0.00744	0.02504	0.00182	0.00595	0.00504	0.00564	0.00916
57	0.01250	0.01412	0.03066	0.02208	0.02729	0.01324	0.71077	0.01689	0.01273	0.01726	0.01214	0.06090	0.00990	0.00533	0.00646	0.00186	0.00884	0.00696	0.00289	0.00718
58	0.04336	0.00989	0.01283	0.00989	0.01404	0.00903	0.00816	0.10668	0.01656	0.66052	0.03740	0.01823	0.01371	0.00679	0.00545	0.00168	0.00473	0.00546	0.00651	0.00910
59	0.04395	0.00946	0.01264	0.00971	0.01391	0.00834	0.00802	0.04522	0.01571	0.74096	0.02096	0.01818	0.01321	0.00670	0.00543	0.00169	0.00466	0.00541	0.00663	0.00920
60	0.01218	0.01156	0.01963	0.31249	0.48200	0.01245	0.01592	0.01555	0.01186	0.01634	0.01058	0.01525	0.00878	0.00537	0.00548	0.00172	0.00673	0.02585	0.00266	0.00758
61	0.02835	0.01085	0.01736	0.48254	0.05129	0.01284	0.08753	0.09489	0.01239	0.01675	0.01039	0.01493	0.00819	0.03595	0.00739	0.00196	0.07584	0.00509	0.01900	0.00648
62	0.02072	0.01527	0.01636	0.01254	0.01691	0.01691	0.01036	0.75622	0.02563	0.03436	0.01309	0.01309	0.00927	0.00654	0.00545	0.00164	0.00600	0.00491	0.00545	0.00927
63	0.00735	0.00504	0.00612	0.00669	0.00684	0.00490	0.00410	0.00778	0.00907	0.01209	0.02301	0.38433	0.02718	0.44971	0.01832	0.00389	0.00432	0.01136	0.00410	0.00381
64	0.01227	0.01888	0.26374	0.02067	0.02698	0.01344	0.52721	0.01740	0.01245	0.01740	0.01064	0.01372	0.00785	0.00478	0.00605	0.00180	0.00884	0.00569	0.00262	0.00757

[dist]
# distance from previous block
# <min> <max>
0	13

[block]
# block no. 4 follows, 44 sequences, length 36
# corresponding to MSA columns:
# 292-327
name=unknown_E
#
# <colnr> <probs for GDERKNQSTAVLIFYWHMCP>
#	G	D	E	R	K	N	Q	S	T	A	V	L	I	F	Y	W	H	M	C	P
0	0.04289	0.00972	0.03505	0.00970	0.01389	0.00813	0.00821	0.02538	0.01533	0.70715	0.05120	0.01901	0.01466	0.00684	0.00546	0.00169	0.00465	0.00556	0.00651	0.00899
1	0.02354	0.00908	0.01236	0.00954	0.01360	0.00786	0.00786	0.02568	0.01559	0.73681	0.06253	0.01977	0.01557	0.00699	0.00553	0.00169	0.00453	0.00572	0.00671	0.00905
2	0.00793	0.00529	0.00595	0.00595	0.00595	0.00529	0.00330	0.00793	0.00793	0.01057	0.01718	0.03568	0.01982	0.80840	0.02775	0.00529	0.00529	0.00793	0.00330	0.00330
3	0.01167	0.01000	0.01193	0.00855	0.01339	0.00775	0.02244	0.04037	0.01185	0.01835	0.00984	0.01144	0.00812	0.00414	0.00414	0.00086	0.00422	0.00336	0.00330	0.79429
4	0.02079	0.01044	0.01553	0.01185	0.01603	0.00967	0.12194	0.06336	0.07600	0.52425	0.05672	0.01892	0.01461	0.00668	0.00568	0.00172	0.00528	0.00587	0.00594	0.00873
5	0.01429	0.01382	0.02584	0.01954	0.06386	0.01310	0.48005	0.12347	0.01458	0.05056	0.01153	0.01412	0.00862	0.00490	0.00588	0.00166	0.00773	0.00567	0.00336	0.11741
6	0.01147	0.14333	0.66972	0.01463	0.02218	0.01397	0.01855	0.01713	0.01145	0.01661	0.00946	0.01110	0.00692	0.00510	0.00493	0.00164	0.00773	0.00386	0.00231	0.00790
7	0.01289	0.01234	0.02104	0.17669	0.63586	0.01280	0.01643	0.01620	0.01213	0.01708	0.01015	0.01369	0.00838	0.00497	0.00541	0.00166	0.00663	0.00486	0.00265	0.00815
8	0.01030	0.00969	0.01635	0.79530	0.03755	0.01211	0.01514	0.01393	0.01090	0.01393	0.00969	0.01453	0.00727	0.00545	0.00545	0.00182	0.00727	0.00484	0.00242	0.00606
9	0.00670	0.00479	0.00638	0.00755	0.00792	0.00447	0.00507	0.00773	0.01070	0.01433	0.06861	0.76510	0.03686	0.01677	0.00693	0.00219	0.00313	0.01521	0.00511	0.00447
10	0.01455	0.71220	0.04715	0.00998	0.01438	0.05162	0.00982	0.01638	0.01110	0.01298	0.00765	0.00905	0.00700	0.00501	0.00445	0.00126	0.05305	0.00308	0.00235	0.00694
11	0.02216	0.00877	0.01191	0.00931	0.01312	0.00762	0.00762	0.02433	0.01558	0.67409	0.12472	0.02161	0.01872	0.00735	0.00561	0.00169	0.00435	0.00608	0.00664	0.00871
12	0.00663	0.00478	0.00629	0.00751	0.00789	0.00444	0.00502	0.00760	0.01052	0.01395	0.03105	0.77477	0.06548	0.01695	0.00694	0.00220	0.00315	0.01534	0.00506	0.00444
13	0.00961	0.00762	0.00806	0.00810	0.00990	0.06030	0.00649	0.03057	0.01323	0.05658	0.08606	0.06431	0.34111	0.03390	0.00718	0.00210	0.00422	0.24044	0.00501	0.00522
14	0.00671	0.00482	0.00626	0.00738	0.00776	0.00449	0.00490	0.00762	0.01039	0.01376	0.03063	0.71723	0.07491	0.06515	0.00820	0.00238	0.00327	0.01482	0.00495	0.00437
15	0.01022	0.00551	0.00590	0.00578	0.00711	0.00568	0.00440	0.03677	0.01157	0.01984	0.01724	0.02022	0.01378	0.01060	0.10013	0.00220	0.00414	0.00517	0.70854	0.00519
16	0.01475	0.01021	0.01161	0.00999	0.01296	0.01096	0.00787	0.11019	0.36781	0.14800	0.20714	0.02425	0.02390	0.00812	0.00574	0.00176	0.00413	0.00682	0.00585	0.00795
17	0.01828	0.06280	0.01639	0.01524	0.14219	0.13001	0.01059	0.18919	0.17448	0.16260	0.01505	0.01494	0.01102	0.00623	0.00527	0.00162	0.00604	0.00494	0.00467	0.00845
18	0.01156	0.06359	0.69205	0.01535	0.02303	0.01328	0.04119	0.04715	0.01210	0.01776	0.00985	0.01154	0.00705	0.00519	0.00515	0.00170	0.00790	0.00408	0.00244	0.00804
19	0.00777	0.00637	0.00697	0.00678	0.00863	0.00597	0.00519	0.01129	0.11024	0.01746	0.21055	0.04616	0.47322	0.01245	0.00638	0.00185	0.00304	0.04906	0.00533	0.00527
20	0.00797	0.00524	0.00592	0.00600	0.00608	0.00522	0.00343	0.00816	0.00826	0.01129	0.01797	0.08019	0.02047	0.71912	0.02525	0.00489	0.00501	0.00822	0.04783	0.00346
21	0.00990	0.00769	0.03768	0.05298	0.04392	0.00701	0.00784	0.01306	0.06846	0.08269	0.12040	0.20364	0.14546	0.01220	0.00649	0.00202	0.00418	0.16359	0.00500	0.00580
22	0.00809	0.00628	0.00933	0.00916	0.01007	0.00753	0.00718	0.00998	0.00873	0.01269	0.01407	0.02073	0.01316	0.03863	0.73135	0.00830	0.07113	0.00576	0.00288	0.00495
23	0.00664	0.00488	0.00623	0.00726	0.00783	0.00447	0.00493	0.00770	0.01087	0.01425	0.05361	0.67231	0.14617	0.01643	0.00687	0.00215	0.00309	0.01475	0.00509	0.00447
24	0.01314	0.18997	0.50757	0.01396	0.02058	0.09857	0.01643	0.05020	0.01247	0.01667	0.00933	0.01082	0.00704	0.00518	0.00481	0.00157	0.00770	0.00378	0.00250	0.00770
25	0.01143	0.13446	0.67822	0.01470	0.02229	0.01387	0.01868	0.01714	0.01145	0.01666	0.00948	0.01114	0.00692	0.00511	0.00495	0.00165	0.00776	0.00388	0.00231	0.00791
26	0.01987	0.02518	0.01513	0.01376	0.01651	0.75584	0.01032	0.02132	0.01545	0.01368	0.03839	0.01104	0.00877	0.00583	0.00498	0.00142	0.00955	0.00376	0.00293	0.00627
27	0.00664	0.00474	0.00633	0.00759	0.00791	0.00443	0.00506	0.00759	0.01044	0.01392	0.03005	0.80485	0.03606	0.01708	0.00696	0.00221	0.00316	0.01550	0.00506	0.00443
28	0.01318	0.01263	0.02155	0.10924	0.70110	0.01287	0.01657	0.01645	0.01226	0.01742	0.01020	0.01360	0.00850	0.00492	0.00540	0.00164	0.00656	0.00486	0.00267	0.00838
29	0.00664	0.00474	0.00633	0.00759	0.00791	0.00443	0.00506	0.00759	0.01044	0.01392	0.03005	0.80485	0.03606	0.01708	0.00696	0.00221	0.00316	0.01550	0.00506	0.00443
30	0.01356	0.01171	0.01233	0.01109	0.01418	0.01356	0.00863	0.02897	0.76455	0.02281	0.02219	0.02034	0.01664	0.00740	0.00555	0.00185	0.00431	0.00616	0.00555	0.00863
31	0.01237	0.01013	0.01229	0.00912	0.01372	0.00840	0.03452	0.01662	0.11399	0.05887	0.01207	0.01304	0.00954	0.00466	0.00441	0.00103	0.00430	0.00387	0.00371	0.65334
32	0.01314	0.03678	0.07954	0.02257	0.08421	0.04514	0.60066	0.01754	0.01280	0.01719	0.01069	0.01405	0.00813	0.00470	0.00613	0.00178	0.00885	0.00595	0.00271	0.00745
33	0.06346	0.01432	0.01356	0.01116	0.01477	0.15342	0.00892	0.25738	0.11411	0.20307	0.04749	0.01718	0.04282	0.00693	0.00534	0.00165	0.00580	0.00531	0.00519	0.00812
34	0.00760	0.00548	0.00739	0.00858	0.00941	0.00527	0.00669	0.00928	0.01150	0.01505	0.03092	0.42692	0.07494	0.01598	0.00719	0.00233	0.00398	0.34174	0.00504	0.00471
35	0.01971	0.01418	0.01536	0.01193	0.01594	0.01554	0.00975	0.66423	0.02396	0.06016	0.03214	0.03359	0.01149	0.03839	0.00639	0.00180	0.00577	0.00542	0.00542	0.00882

[dist]
# distance from previous block
# <min> <max>
0	1

[block]
# block no. 5 follows, 44 sequences, length 34
# corresponding to MSA columns:
# 329-362
name=unknown_F
#
# <colnr> <probs for GDERKNQSTAVLIFYWHMCP>
#	G	D	E	R	K	N	Q	S	T	A	V	L	I	F	Y	W	H	M	C	P
0	0.01473	0.79007	0.02821	0.00946	0.01407	0.04262	0.00936	0.01647	0.01120	0.01284	0.00760	0.00878	0.00700	0.00469	0.00354	0.00117	0.00594	0.00293	0.00235	0.00698
1	0.01315	0.01256	0.02139	0.06021	0.72214	0.01264	0.01628	0.01633	0.01229	0.01754	0.01089	0.03991	0.00950	0.00529	0.00545	0.00165	0.00639	0.00521	0.00277	0.00840
2	0.03430	0.01135	0.04142	0.01017	0.01409	0.06962	0.00851	0.05401	0.05553	0.54085	0.07223	0.03265	0.01567	0.00709	0.00549	0.00168	0.00504	0.00573	0.00602	0.00854
3	0.01202	0.00800	0.00949	0.00862	0.01087	0.00812	0.00661	0.01827	0.24906	0.14194	0.28553	0.11259	0.08607	0.01009	0.00606	0.00181	0.00352	0.00872	0.00581	0.00678
4	0.01969	0.00943	0.01216	0.00911	0.01356	0.00774	0.00745	0.02191	0.01404	0.50216	0.01722	0.01592	0.01153	0.00576	0.00496	0.00137	0.00442	0.00466	0.00547	0.31145
5	0.01271	0.00927	0.01114	0.01089	0.04453	0.00974	0.00815	0.23611	0.07814	0.04700	0.03735	0.28752	0.03949	0.01173	0.00635	0.00200	0.00459	0.13141	0.00519	0.00669
6	0.01458	0.81168	0.02857	0.00933	0.01399	0.02157	0.00933	0.01632	0.01108	0.01283	0.00758	0.00875	0.00700	0.00466	0.00350	0.00117	0.00583	0.00292	0.00233	0.00700
7	0.01093	0.02820	0.78016	0.01554	0.02360	0.01266	0.02014	0.01727	0.01151	0.01727	0.00978	0.01151	0.00691	0.00518	0.00518	0.00173	0.00806	0.00403	0.00230	0.00806
8	0.00776	0.00537	0.00738	0.00810	0.00879	0.00504	0.02240	0.02313	0.01113	0.04349	0.05149	0.71854	0.03452	0.01602	0.00685	0.00216	0.00339	0.01454	0.00511	0.00479
9	0.03205	0.04275	0.59347	0.01585	0.04969	0.01247	0.07623	0.01716	0.01175	0.04274	0.02940	0.01291	0.00855	0.00617	0.02416	0.00189	0.00785	0.00443	0.00264	0.00784
10	0.01230	0.30845	0.48819	0.01354	0.02030	0.01589	0.03859	0.01693	0.01140	0.01568	0.00903	0.01062	0.00698	0.00498	0.00462	0.00153	0.00729	0.00370	0.00233	0.00766
11	0.00844	0.00617	0.00831	0.00938	0.01072	0.00603	0.00811	0.01079	0.01253	0.01608	0.03270	0.06018	0.13922	0.01488	0.00737	0.00241	0.00469	0.63198	0.00503	0.00496
12	0.01122	0.01088	0.01534	0.01336	0.01353	0.01501	0.01105	0.01254	0.00842	0.01304	0.00843	0.01355	0.00827	0.01491	0.14959	0.00348	0.66417	0.00495	0.00248	0.00578
13	0.01242	0.01355	0.02779	0.02132	0.06661	0.01340	0.56724	0.01627	0.01211	0.01665	0.01153	0.01712	0.00960	0.04050	0.00864	0.00206	0.09777	0.03561	0.00283	0.00700
14	0.01191	0.01261	0.02542	0.26376	0.02980	0.01300	0.46091	0.01598	0.01201	0.01631	0.01075	0.01479	0.00816	0.00514	0.00647	0.00183	0.03961	0.00581	0.03895	0.00679
15	0.00839	0.00577	0.00762	0.00729	0.00867	0.00536	0.00563	0.01094	0.01513	0.04648	0.66787	0.04218	0.04805	0.01141	0.00651	0.00180	0.00290	0.08680	0.00592	0.00527
16	0.00660	0.00550	0.00577	0.00587	0.00756	0.00467	0.00440	0.00805	0.01246	0.01512	0.09248	0.10296	0.66019	0.01392	0.00651	0.00188	0.00285	0.03346	0.00511	0.00463
17	0.02025	0.01493	0.01608	0.01241	0.01665	0.01654	0.01023	0.72908	0.02502	0.03357	0.01314	0.01339	0.00943	0.00779	0.03386	0.00190	0.00631	0.00494	0.00536	0.00911
18	0.02014	0.01451	0.01562	0.01209	0.01628	0.01599	0.00995	0.66963	0.05682	0.06036	0.01397	0.01388	0.00993	0.00658	0.00540	0.00163	0.00574	0.00499	0.03741	0.00908
19	0.02040	0.01481	0.01596	0.01234	0.01662	0.01635	0.01016	0.68113	0.07356	0.06169	0.01400	0.01377	0.00991	0.00661	0.00546	0.00165	0.00584	0.00501	0.00551	0.00923
20	0.00663	0.00477	0.00630	0.00752	0.00789	0.00443	0.00503	0.00760	0.01051	0.01395	0.03096	0.77758	0.06273	0.01696	0.00694	0.00220	0.00315	0.01535	0.00506	0.00443
21	0.00705	0.00512	0.00669	0.00772	0.00825	0.00488	0.00529	0.00872	0.03977	0.01497	0.09071	0.69437	0.03647	0.01617	0.00687	0.00217	0.00320	0.03176	0.00516	0.00466
22	0.06157	0.00987	0.01271	0.00985	0.01400	0.00907	0.00811	0.08157	0.04104	0.66191	0.02025	0.01776	0.01293	0.00668	0.00539	0.00169	0.00471	0.00535	0.00645	0.00910
23	0.00740	0.00516	0.00688	0.00792	0.00858	0.00485	0.00570	0.00874	0.01124	0.03002	0.07097	0.59609	0.06386	0.01609	0.00697	0.00221	0.00345	0.13405	0.00514	0.00467
24	0.02446	0.00928	0.01265	0.00970	0.01392	0.00801	0.00801	0.02657	0.01560	0.77817	0.02151	0.01856	0.01350	0.00675	0.00548	0.00169	0.00464	0.00548	0.00675	0.00928
25	0.01413	0.01158	0.01234	0.01102	0.01416	0.01327	0.00860	0.02884	0.72525	0.06244	0.02215	0.02025	0.01648	0.00736	0.00554	0.00184	0.00433	0.00613	0.00561	0.00866
26	0.00664	0.00474	0.00633	0.00759	0.00791	0.00443	0.00506	0.00759	0.01044	0.01392	0.03005	0.80485	0.03606	0.01708	0.00696	0.00221	0.00316	0.01550	0.00506	0.00443
27	0.00673	0.00507	0.00623	0.00691	0.00779	0.00457	0.00481	0.00802	0.01166	0.01520	0.13565	0.49117	0.24568	0.01537	0.00674	0.00204	0.00297	0.01362	0.00519	0.00457
28	0.01436	0.75646	0.05064	0.00971	0.01429	0.02111	0.00976	0.01623	0.01098	0.01297	0.00763	0.00895	0.00700	0.00487	0.00412	0.00123	0.03734	0.00302	0.00233	0.00699
29	0.00706	0.00555	0.00637	0.00617	0.00774	0.00486	0.00462	0.00901	0.01387	0.01816	0.40007	0.04681	0.42520	0.01253	0.00644	0.00178	0.00267	0.01071	0.00551	0.00486
30	0.00685	0.00489	0.00637	0.00733	0.00775	0.00457	0.00490	0.00788	0.01076	0.01442	0.10055	0.64916	0.05464	0.08199	0.00862	0.00241	0.00327	0.01423	0.00501	0.00441
31	0.00785	0.00545	0.00688	0.00717	0.00819	0.00504	0.00508	0.00966	0.02708	0.04689	0.26714	0.38574	0.13398	0.04855	0.00754	0.00211	0.00310	0.01229	0.00536	0.00490
32	0.34398	0.01118	0.01068	0.04655	0.04190	0.05857	0.00770	0.13255	0.04133	0.02294	0.01142	0.01316	0.00891	0.00686	0.02663	0.00182	0.03737	0.00415	0.16580	0.00649
33	0.05522	0.01110	0.13006	0.04512	0.06015	0.00860	0.00957	0.04510	0.03841	0.09190	0.21116	0.13334	0.02520	0.00922	0.00582	0.00178	0.00468	0.05604	0.00462	0.05292

[dist]
# distance from previous block
# <min> <max>
0	12

[block]
# block no. 6 follows, 44 sequences, length 6
# corresponding to MSA columns:
# 375,376,413-416
name=unknown_G
#
# <colnr> <probs for GDERKNQSTAVLIFYWHMCP>
#	G	D	E	R	K	N	Q	S	T	A	V	L	I	F	Y	W	H	M	C	P
0	0.01210	0.02499	0.62063	0.01624	0.02368	0.01252	0.12653	0.01790	0.01198	0.06724	0.01073	0.01244	0.00754	0.00520	0.00538	0.00174	0.00800	0.00447	0.00266	0.00803
1	0.01616	0.01366	0.01548	0.06701	0.05819	0.10749	0.05880	0.25545	0.05003	0.07025	0.01370	0.07755	0.01131	0.00660	0.00533	0.00155	0.00606	0.00548	0.00425	0.15566
2	0.01259	0.01193	0.01959	0.09784	0.59781	0.01217	0.01502	0.01638	0.05463	0.01747	0.01486	0.01742	0.07656	0.00585	0.00550	0.00167	0.00610	0.00552	0.00304	0.00805
3	0.01363	0.01280	0.01500	0.06263	0.08262	0.10528	0.01080	0.15129	0.01345	0.01796	0.04144	0.10623	0.01306	0.01025	0.04608	0.00228	0.27894	0.00616	0.00351	0.00660
4	0.03875	0.00855	0.01081	0.00923	0.01185	0.00842	0.00725	0.08711	0.04784	0.33012	0.13901	0.17233	0.02319	0.03211	0.00710	0.00193	0.04341	0.00803	0.00573	0.00725
5	0.01702	0.01198	0.01334	0.01095	0.01423	0.01291	0.00874	0.47669	0.05554	0.08005	0.05122	0.18698	0.01758	0.00909	0.00583	0.00178	0.00506	0.00752	0.00549	0.00801

[dist]
# distance from previous block
# <min> <max>
0	2

[block]
# block no. 7 follows, 44 sequences, length 96
# corresponding to MSA columns:
# 419-469,471-502,504-516
name=unknown_H
#
# <colnr> <probs for GDERKNQSTAVLIFYWHMCP>
#	G	D	E	R	K	N	Q	S	T	A	V	L	I	F	Y	W	H	M	C	P
0	0.01318	0.01263	0.02156	0.10897	0.70137	0.01287	0.01657	0.01645	0.01226	0.01743	0.01020	0.01360	0.00850	0.00492	0.00540	0.00164	0.00656	0.00486	0.00267	0.00838
1	0.02173	0.00889	0.01193	0.00935	0.01311	0.00785	0.00764	0.04719	0.01590	0.63680	0.13802	0.02183	0.01927	0.00743	0.00563	0.00169	0.00436	0.00615	0.00659	0.00863
2	0.01108	0.01081	0.05271	0.58684	0.14351	0.01180	0.01494	0.01462	0.01128	0.03859	0.01104	0.04917	0.00892	0.00590	0.00550	0.00180	0.00693	0.00530	0.00271	0.00656
3	0.01495	0.05017	0.11544	0.05836	0.01581	0.01110	0.00998	0.15598	0.10482	0.16869	0.14051	0.03670	0.05296	0.00790	0.00564	0.00173	0.00509	0.03154	0.00501	0.00762
4	0.03220	0.00949	0.01105	0.01027	0.04327	0.00988	0.00765	0.05309	0.30797	0.16966	0.11979	0.06305	0.12155	0.00886	0.00577	0.00179	0.00406	0.00747	0.00558	0.00755
5	0.05568	0.00940	0.01170	0.00958	0.01315	0.00904	0.00775	0.02453	0.17627	0.48647	0.08730	0.02201	0.03105	0.00751	0.00555	0.00175	0.00435	0.02226	0.00621	0.00845
6	0.00854	0.00652	0.00732	0.00715	0.00892	0.00616	0.00538	0.03963	0.08728	0.04111	0.14713	0.17754	0.39127	0.01290	0.00641	0.00189	0.00320	0.03096	0.00531	0.00538
7	0.01907	0.01380	0.01510	0.01183	0.01572	0.01520	0.00968	0.62505	0.03716	0.05488	0.03458	0.01532	0.01128	0.02799	0.06544	0.00227	0.00647	0.00523	0.00527	0.00867
8	0.01450	0.00997	0.01103	0.00921	0.01156	0.01078	0.00706	0.32366	0.03276	0.05701	0.01666	0.02244	0.03726	0.23784	0.04582	0.00298	0.02617	0.00609	0.11062	0.00659
9	0.04311	0.00940	0.01242	0.00966	0.01372	0.00842	0.00794	0.03841	0.04826	0.69076	0.04454	0.01900	0.01457	0.00687	0.00546	0.00169	0.00457	0.00558	0.00657	0.00904
10	0.02932	0.02632	0.68441	0.01663	0.05905	0.01273	0.06207	0.01722	0.01158	0.01746	0.00983	0.01173	0.00704	0.00513	0.00522	0.00173	0.00796	0.00418	0.00237	0.00800
11	0.01635	0.01534	0.01908	0.02472	0.45688	0.15854	0.01385	0.10107	0.05270	0.07160	0.01161	0.01346	0.00914	0.00545	0.00533	0.00160	0.00682	0.00472	0.00345	0.00831
12	0.00948	0.00571	0.00764	0.00826	0.00935	0.00532	0.00616	0.01090	0.01159	0.11555	0.02940	0.49412	0.06205	0.03412	0.00736	0.00227	0.00379	0.16653	0.00523	0.00518
13	0.00794	0.00538	0.00619	0.00637	0.00660	0.00532	0.00383	0.02276	0.00898	0.01206	0.02066	0.18796	0.04228	0.59435	0.02202	0.00441	0.00474	0.00939	0.02503	0.00372
14	0.01759	0.01341	0.01434	0.01232	0.04802	0.04758	0.00947	0.44185	0.14399	0.05479	0.04660	0.05325	0.01374	0.00725	0.00547	0.00167	0.00541	0.00578	0.04905	0.00839
