[name]
unknown

[dist]
# distance from previous block
# <min> <max>
0	116

[block]
# block no. 0 follows, 50 sequences, length 29
# corresponding to MSA columns:
# 206-234
name=unknown_A
#
# <colnr> <probs for GDERKNQSTAVLIFYWHMCP>
#	G	D	E	R	K	N	Q	S	T	A	V	L	I	F	Y	W	H	M	C	P
0	0.02935	0.09501	0.08610	0.05223	0.01495	0.03420	0.05205	0.05063	0.06666	0.05917	0.01244	0.05075	0.01101	0.00653	0.00607	0.00150	0.09976	0.07656	0.00328	0.19175
1	0.05352	0.05080	0.23662	0.02520	0.10580	0.04525	0.05874	0.01517	0.06999	0.05659	0.05259	0.14085	0.01384	0.00683	0.00498	0.00157	0.00550	0.00591	0.00329	0.04696
2	0.06811	0.18771	0.08499	0.05177	0.01482	0.03580	0.06521	0.09489	0.01181	0.04542	0.02558	0.08947	0.02549	0.01865	0.00511	0.00144	0.02866	0.00491	0.00318	0.13698
3	0.12816	0.06502	0.01259	0.05093	0.01385	0.10379	0.00784	0.20375	0.11282	0.03194	0.01183	0.01313	0.02363	0.04127	0.00525	0.00150	0.00510	0.00409	0.00369	0.15982
4	0.06048	0.01195	0.01373	0.07264	0.06027	0.01295	0.00918	0.48234	0.03317	0.07614	0.02661	0.01372	0.00965	0.04512	0.00582	0.00164	0.00522	0.00458	0.00442	0.05037
5	0.01234	0.01158	0.05661	0.03776	0.38376	0.01139	0.01194	0.12079	0.03574	0.01815	0.01092	0.03617	0.00912	0.00555	0.00580	0.00150	0.07899	0.00464	0.08410	0.06317
6	0.05589	0.01328	0.11021	0.16506	0.13736	0.01213	0.13188	0.18850	0.02957	0.01936	0.00999	0.01213	0.00753	0.00488	0.00488	0.00150	0.00617	0.00439	0.00309	0.08219
7	0.36249	0.01065	0.01159	0.00934	0.01283	0.01146	0.06545	0.16905	0.11223	0.08554	0.03377	0.01235	0.00935	0.00536	0.00422	0.00150	0.00451	0.00407	0.00399	0.07024
8	0.01366	0.11515	0.01295	0.00931	0.04092	0.03879	0.00729	0.08771	0.02477	0.16816	0.02606	0.08231	0.05097	0.00638	0.00495	0.00130	0.03544	0.00507	0.02111	0.24770
9	0.00771	0.00588	0.00824	0.00828	0.00926	0.00572	0.05597	0.08114	0.01115	0.01494	0.04727	0.66792	0.02937	0.01378	0.00618	0.00194	0.00349	0.01255	0.00455	0.00467
10	0.01150	0.05192	0.19392	0.02143	0.39841	0.02420	0.07497	0.03697	0.01115	0.01563	0.01063	0.01434	0.02269	0.08301	0.00685	0.00182	0.00629	0.00467	0.00254	0.00706
11	0.10104	0.01014	0.01107	0.00847	0.01217	0.00974	0.00677	0.25265	0.01416	0.06163	0.01085	0.01309	0.00880	0.08303	0.00617	0.00149	0.00441	0.00393	0.00378	0.37660
12	0.72323	0.00906	0.00746	0.00674	0.00961	0.01025	0.00545	0.01455	0.00897	0.07257	0.00974	0.08635	0.00849	0.00578	0.00352	0.00159	0.00379	0.00395	0.00344	0.00547
13	0.00662	0.00521	0.00804	0.00828	0.00903	0.00487	0.07824	0.00780	0.00976	0.01303	0.02581	0.74442	0.03054	0.01453	0.00632	0.00199	0.00342	0.01338	0.00443	0.00430
14	0.00712	0.00534	0.00801	0.00801	0.00890	0.00623	0.00623	0.00890	0.00801	0.01157	0.01335	0.01958	0.01246	0.03738	0.80507	0.00801	0.01335	0.00534	0.00267	0.00445
15	0.00605	0.00443	0.00569	0.00670	0.00717	0.00407	0.00452	0.00697	0.00977	0.01282	0.03036	0.72438	0.12829	0.01524	0.00630	0.00198	0.00285	0.01371	0.00463	0.00407
16	0.00705	0.00510	0.00666	0.00627	0.00745	0.00470	0.00470	0.00941	0.01411	0.01999	0.79110	0.03723	0.04703	0.01019	0.00588	0.00157	0.00235	0.00901	0.00549	0.00470
17	0.44314	0.00959	0.00976	0.00795	0.01143	0.01004	0.00656	0.09132	0.01223	0.33457	0.01253	0.01203	0.00848	0.00538	0.00404	0.00154	0.00417	0.00380	0.00451	0.00693
18	0.01240	0.01071	0.01127	0.01014	0.01296	0.01240	0.00789	0.02649	0.78473	0.02085	0.02029	0.01860	0.01522	0.00676	0.00507	0.00169	0.00394	0.00564	0.00507	0.00789
19	0.01034	0.00886	0.01034	0.00738	0.01181	0.00664	0.00591	0.01255	0.01034	0.01624	0.00886	0.01034	0.00738	0.00369	0.00369	0.00074	0.00369	0.00295	0.00295	0.85530
20	0.00589	0.00505	0.00505	0.00505	0.00673	0.00421	0.00379	0.00715	0.01136	0.01347	0.05049	0.04797	0.79171	0.01262	0.00589	0.00168	0.00252	0.01052	0.00463	0.00421
21	0.86003	0.00964	0.00733	0.00655	0.00964	0.01118	0.00540	0.01465	0.00848	0.02236	0.00694	0.00810	0.00540	0.00463	0.00308	0.00154	0.00386	0.00270	0.00308	0.00540
22	0.01862	0.02376	0.01413	0.01284	0.01541	0.80482	0.00963	0.01990	0.01413	0.01220	0.00770	0.00899	0.00642	0.00514	0.00449	0.00128	0.00899	0.00321	0.00257	0.00578
23	0.00607	0.00434	0.00578	0.00694	0.00723	0.00405	0.00463	0.00694	0.00954	0.01272	0.02747	0.82157	0.03297	0.01562	0.00636	0.00202	0.00289	0.01417	0.00463	0.00405
24	0.01000	0.02578	0.79900	0.01421	0.02157	0.01158	0.01842	0.01579	0.01052	0.01579	0.00895	0.01052	0.00631	0.00474	0.00474	0.00158	0.00737	0.00368	0.00210	0.00737
25	0.01333	0.82783	0.02612	0.00853	0.01279	0.01972	0.00853	0.01493	0.01013	0.01173	0.00693	0.00800	0.00640	0.00426	0.00320	0.00107	0.00533	0.00267	0.00213	0.00640
26	0.00614	0.00508	0.00540	0.00538	0.00697	0.00434	0.00408	0.00760	0.01177	0.01448	0.15884	0.04669	0.65349	0.01231	0.00593	0.00169	0.00258	0.03818	0.00475	0.00430
27	0.01283	0.01092	0.01151	0.01023	0.01313	0.01260	0.00799	0.07602	0.73449	0.02155	0.01974	0.01816	0.01477	0.00671	0.00507	0.00168	0.00405	0.00556	0.00507	0.00793
28	0.00629	0.00447	0.00568	0.00655	0.00685	0.00421	0.00427	0.00701	0.00919	0.01216	0.02635	0.62592	0.06952	0.17486	0.01008	0.00256	0.00325	0.01262	0.00431	0.00385

[dist]
# distance from previous block
# <min> <max>
0	7

[block]
# block no. 1 follows, 50 sequences, length 20
# corresponding to MSA columns:
# 242-261
name=unknown_B
#
# <colnr> <probs for GDERKNQSTAVLIFYWHMCP>
#	G	D	E	R	K	N	Q	S	T	A	V	L	I	F	Y	W	H	M	C	P
0	0.00941	0.00886	0.01495	0.81285	0.03433	0.01107	0.01384	0.01274	0.00997	0.01274	0.00886	0.01329	0.00664	0.00498	0.00498	0.00166	0.00664	0.00443	0.00221	0.00554
1	0.02223	0.00870	0.01170	0.00897	0.01283	0.00764	0.00741	0.05372	0.01462	0.76725	0.01936	0.01677	0.01219	0.00616	0.00501	0.00154	0.00429	0.00499	0.00612	0.00848
2	0.00609	0.00443	0.00575	0.00673	0.00719	0.00409	0.00455	0.00705	0.00989	0.01307	0.05815	0.71847	0.10592	0.01513	0.00630	0.00197	0.00284	0.01363	0.00466	0.00409
3	0.00941	0.00886	0.01495	0.81285	0.03433	0.01107	0.01384	0.01274	0.00997	0.01274	0.00886	0.01329	0.00664	0.00498	0.00498	0.00166	0.00664	0.00443	0.00221	0.00554
4	0.00734	0.00551	0.00685	0.00644	0.00779	0.00523	0.00485	0.01046	0.07116	0.01944	0.66401	0.03686	0.11482	0.01016	0.00582	0.00159	0.00249	0.00890	0.00538	0.00489
5	0.00607	0.00434	0.00578	0.00694	0.00723	0.00405	0.00463	0.00694	0.00954	0.01272	0.02747	0.82157	0.03297	0.01562	0.00636	0.00202	0.00289	0.01417	0.00463	0.00405
6	0.01239	0.01226	0.01810	0.25338	0.44475	0.08778	0.03265	0.05085	0.01180	0.01557	0.00921	0.01230	0.00741	0.00473	0.00493	0.00152	0.00646	0.00436	0.00252	0.00701
7	0.01595	0.07224	0.01344	0.00985	0.01312	0.01317	0.00807	0.49355	0.07624	0.04252	0.01375	0.05182	0.01089	0.03193	0.00538	0.00157	0.00480	0.00501	0.10926	0.00743
8	0.02179	0.00835	0.01138	0.00877	0.01253	0.00723	0.00723	0.02373	0.01426	0.76786	0.04877	0.01773	0.01365	0.00632	0.00505	0.00154	0.00417	0.00516	0.00614	0.00834
9	0.01424	0.55016	0.05168	0.01009	0.01393	0.12743	0.02536	0.05917	0.01140	0.02877	0.00769	0.00895	0.00667	0.00485	0.00454	0.00124	0.06183	0.00311	0.00245	0.00645
10	0.00808	0.00530	0.00689	0.00644	0.00779	0.00484	0.00485	0.01026	0.01372	0.07703	0.65176	0.08106	0.08224	0.01033	0.00584	0.00160	0.00253	0.00909	0.00544	0.00492
11	0.00599	0.00505	0.00518	0.00515	0.00679	0.00425	0.00386	0.00734	0.01159	0.01400	0.11084	0.04709	0.73104	0.01243	0.00589	0.00167	0.00251	0.01040	0.00470	0.00425
12	0.00607	0.00434	0.00578	0.00694	0.00723	0.00405	0.00463	0.00694	0.00954	0.01272	0.02747	0.82157	0.03297	0.01562	0.00636	0.00202	0.00289	0.01417	0.00463	0.00405
13	0.01976	0.01226	0.01386	0.01067	0.01458	0.01298	0.00880	0.53426	0.04309	0.25572	0.01447	0.01363	0.00981	0.00606	0.00500	0.00152	0.00507	0.00468	0.00534	0.00846
14	0.01000	0.02578	0.79900	0.01421	0.02157	0.01158	0.01842	0.01579	0.01052	0.01579	0.00895	0.01052	0.00631	0.00474	0.00474	0.00158	0.00737	0.00368	0.00210	0.00737
15	0.01333	0.82783	0.02612	0.00853	0.01279	0.01972	0.00853	0.01493	0.01013	0.01173	0.00693	0.00800	0.00640	0.00426	0.00320	0.00107	0.00533	0.00267	0.00213	0.00640
16	0.01240	0.01071	0.01127	0.01014	0.01296	0.01240	0.00789	0.02649	0.78473	0.02085	0.02029	0.01860	0.01522	0.00676	0.00507	0.00169	0.00394	0.00564	0.00507	0.00789
17	0.00941	0.00886	0.01495	0.81285	0.03433	0.01107	0.01384	0.01274	0.00997	0.01274	0.00886	0.01329	0.00664	0.00498	0.00498	0.00166	0.00664	0.00443	0.00221	0.00554
18	0.01095	0.01079	0.01496	0.05049	0.01408	0.01486	0.01082	0.01311	0.06553	0.01269	0.00767	0.01159	0.00719	0.00840	0.01498	0.00212	0.71728	0.00446	0.00240	0.00564
19	0.01858	0.01387	0.01479	0.01172	0.01548	0.01519	0.00945	0.64554	0.12345	0.03004	0.01408	0.01474	0.01053	0.03022	0.00599	0.00179	0.00557	0.00502	0.00524	0.00870

[dist]
# distance from previous block
# <min> <max>
0	4

[block]
# block no. 2 follows, 50 sequences, length 135
# corresponding to MSA columns:
# 266-272,274,275,280-354,356-359,367-413
name=unknown_C
#
# <colnr> <probs for GDERKNQSTAVLIFYWHMCP>
#	G	D	E	R	K	N	Q	S	T	A	V	L	I	F	Y	W	H	M	C	P
0	0.01293	0.01343	0.02242	0.03228	0.02064	0.06552	0.40425	0.11946	0.01240	0.01673	0.00923	0.01228	0.00733	0.00571	0.00841	0.00176	0.22082	0.00509	0.00277	0.00654
1	0.01006	0.00841	0.01217	0.07348	0.01309	0.01089	0.00908	0.01165	0.00840	0.06328	0.01024	0.01488	0.00924	0.01945	0.32258	0.00437	0.38603	0.00479	0.00264	0.00527
2	0.00713	0.00530	0.00782	0.00782	0.00864	0.00613	0.00599	0.00878	0.00795	0.01143	0.01353	0.02056	0.01289	0.09638	0.74665	0.00777	0.01271	0.00548	0.00270	0.00434
3	0.10412	0.12150	0.06110	0.01165	0.01482	0.51282	0.00958	0.06983	0.01337	0.01470	0.00787	0.00910	0.00645	0.00507	0.00442	0.00133	0.02026	0.00322	0.00270	0.00609
4	0.00589	0.00505	0.00505	0.00505	0.00673	0.00421	0.00379	0.00715	0.01136	0.01347	0.05049	0.04797	0.79171	0.01262	0.00589	0.00168	0.00252	0.01052	0.00463	0.00421
5	0.01264	0.03704	0.01829	0.09964	0.52604	0.01203	0.01352	0.01621	0.06928	0.06693	0.01052	0.01295	0.00847	0.00511	0.00579	0.00156	0.06915	0.00450	0.00285	0.00747
6	0.01318	0.01053	0.01129	0.01004	0.01294	0.01200	0.00785	0.02631	0.72416	0.08188	0.02024	0.01847	0.01499	0.00672	0.00507	0.00168	0.00397	0.00559	0.00516	0.00794
7	0.01038	0.00923	0.01208	0.07155	0.01452	0.00769	0.05505	0.01276	0.01029	0.01579	0.00885	0.01078	0.00730	0.00402	0.00441	0.00092	0.03512	0.00331	0.00284	0.70310
8	0.00627	0.00448	0.00601	0.00716	0.00754	0.00422	0.00497	0.00728	0.00974	0.01294	0.02736	0.74518	0.03254	0.01543	0.00641	0.00205	0.00306	0.08863	0.00462	0.00410
9	0.00681	0.00648	0.06863	0.00780	0.00899	0.00508	0.02079	0.00839	0.01025	0.01372	0.07694	0.51756	0.08857	0.03939	0.00682	0.00205	0.00354	0.09935	0.00439	0.00445
10	0.01895	0.01396	0.01496	0.01147	0.01546	0.01546	0.00947	0.77711	0.02344	0.03141	0.01197	0.01197	0.00848	0.00598	0.00499	0.00150	0.00548	0.00449	0.00499	0.00848
11	0.00715	0.00521	0.00733	0.00733	0.00798	0.00586	0.00538	0.00846	0.00781	0.01106	0.01398	0.02305	0.01397	0.24664	0.59788	0.00717	0.01109	0.00585	0.00276	0.00407
12	0.01091	0.01091	0.01527	0.01309	0.01309	0.01527	0.01091	0.01200	0.00763	0.01200	0.00654	0.01091	0.00654	0.00872	0.01636	0.00218	0.81570	0.00436	0.00218	0.00545
13	0.01258	0.01131	0.01954	0.02703	0.63627	0.01115	0.07371	0.01545	0.01147	0.06716	0.01117	0.06027	0.00963	0.00519	0.00510	0.00153	0.00583	0.00516	0.00284	0.00762
14	0.00799	0.00608	0.00750	0.00706	0.00709	0.00699	0.00471	0.00826	0.00735	0.01019	0.01378	0.02783	0.01561	0.63591	0.04694	0.00439	0.16932	0.00661	0.00284	0.00356
15	0.01862	0.02376	0.01413	0.01284	0.01541	0.80482	0.00963	0.01990	0.01413	0.01220	0.00770	0.00899	0.00642	0.00514	0.00449	0.00128	0.00899	0.00321	0.00257	0.00578
16	0.01000	0.02578	0.79900	0.01421	0.02157	0.01158	0.01842	0.01579	0.01052	0.01579	0.00895	0.01052	0.00631	0.00474	0.00474	0.00158	0.00737	0.00368	0.00210	0.00737
17	0.01566	0.01091	0.01420	0.16396	0.01820	0.01190	0.05439	0.33052	0.05447	0.15564	0.01318	0.01498	0.00976	0.05357	0.04133	0.00204	0.01888	0.00490	0.00426	0.00725
18	0.01210	0.01514	0.16824	0.08069	0.02447	0.01229	0.48605	0.06067	0.01211	0.04859	0.01022	0.01291	0.00749	0.00463	0.00570	0.00165	0.02221	0.00522	0.00271	0.00690
19	0.00964	0.00909	0.01536	0.75157	0.09382	0.01113	0.01396	0.01294	0.01008	0.01301	0.00890	0.01321	0.00674	0.00494	0.00498	0.00165	0.00659	0.00443	0.00223	0.00572
20	0.02774	0.02201	0.62124	0.09878	0.02202	0.01117	0.02855	0.01616	0.01076	0.08174	0.00982	0.01136	0.00686	0.00487	0.00477	0.00159	0.00697	0.00389	0.00249	0.00722
21	0.06224	0.04575	0.08453	0.03071	0.06169	0.01105	0.29862	0.02965	0.03779	0.09495	0.01170	0.03715	0.00931	0.00529	0.00539	0.00154	0.03145	0.02310	0.01589	0.10222
22	0.06848	0.01035	0.05657	0.00936	0.01225	0.03290	0.00788	0.10690	0.23171	0.12555	0.09768	0.06916	0.03266	0.00794	0.00522	0.00167	0.00432	0.08752	0.00474	0.02714
23	0.00703	0.00545	0.00644	0.00613	0.00757	0.00505	0.00461	0.00979	0.06365	0.01792	0.49926	0.03951	0.28767	0.01076	0.00583	0.00161	0.00251	0.00928	0.00518	0.00475
24	0.00610	0.00439	0.00579	0.00690	0.00726	0.00408	0.00465	0.00701	0.00965	0.01279	0.02840	0.77696	0.06405	0.01546	0.00635	0.00201	0.00291	0.02654	0.00463	0.00406
25	0.01140	0.02433	0.01877	0.34250	0.29355	0.04994	0.12045	0.01510	0.04726	0.01475	0.00966	0.01294	0.00759	0.00477	0.00504	0.00158	0.00661	0.00461	0.00249	0.00665
26	0.01002	0.00965	0.01684	0.63864	0.14258	0.01130	0.07373	0.01336	0.01031	0.01350	0.00903	0.01316	0.00690	0.00484	0.00505	0.00164	0.00668	0.00455	0.00228	0.00597
27	0.00607	0.00435	0.00577	0.00690	0.00722	0.00405	0.00461	0.00694	0.00958	0.01274	0.02794	0.80591	0.04833	0.01556	0.00635	0.00202	0.00288	0.01410	0.00463	0.00405
28	0.01214	0.01151	0.02096	0.11829	0.28687	0.01202	0.25375	0.01518	0.01100	0.06623	0.01059	0.01358	0.02238	0.00528	0.00682	0.00167	0.11713	0.00503	0.00270	0.00688
29	0.01231	0.11465	0.22466	0.02783	0.03230	0.01274	0.32262	0.06560	0.01195	0.06206	0.01071	0.04525	0.00845	0.00515	0.00534	0.00158	0.02198	0.00505	0.00282	0.00693
30	0.86003	0.00964	0.00733	0.00655	0.00964	0.01118	0.00540	0.01465	0.00848	0.02236	0.00694	0.00810	0.00540	0.00463	0.00308	0.00154	0.00386	0.00270	0.00308	0.00540
31	0.12097	0.09990	0.47059	0.01359	0.06409	0.01207	0.05688	0.01620	0.01063	0.07748	0.00942	0.01074	0.00684	0.00474	0.00447	0.00152	0.00644	0.00373	0.00260	0.00710
32	0.01058	0.00599	0.00709	0.00629	0.00848	0.00514	0.00490	0.01220	0.01260	0.22857	0.16240	0.03776	0.45787	0.01047	0.00565	0.00163	0.00297	0.00877	0.00519	0.00546
33	0.00672	0.00498	0.00627	0.00616	0.00730	0.00453	0.00454	0.00869	0.01302	0.01789	0.56171	0.14743	0.16962	0.01135	0.00595	0.00165	0.00246	0.00998	0.00522	0.00453
34	0.02236	0.00848	0.01157	0.00887	0.01272	0.00733	0.00733	0.02429	0.01427	0.79719	0.01966	0.01697	0.01234	0.00617	0.00501	0.00154	0.00424	0.00501	0.00617	0.00848
35	0.00617	0.00441	0.00587	0.00688	0.00725	0.00411	0.00463	0.00718	0.00999	0.01343	0.10204	0.74498	0.03434	0.01509	0.00631	0.00198	0.00284	0.01367	0.00471	0.00411
36	0.00613	0.00506	0.00538	0.00530	0.00688	0.00431	0.00397	0.00761	0.01192	0.01479	0.20050	0.04580	0.64088	0.01213	0.00589	0.00166	0.00249	0.01021	0.00480	0.00431
37	0.01819	0.01323	0.01415	0.01093	0.01470	0.01461	0.00900	0.71715	0.02242	0.03041	0.01230	0.01249	0.00881	0.00597	0.00487	0.00147	0.00524	0.00450	0.07138	0.00818
38	0.01333	0.82783	0.02612	0.00853	0.01279	0.01972	0.00853	0.01493	0.01013	0.01173	0.00693	0.00800	0.00640	0.00426	0.00320	0.00107	0.00533	0.00267	0.00213	0.00640
39	0.02236	0.00848	0.01157	0.00887	0.01272	0.00733	0.00733	0.02429	0.01427	0.79719	0.01966	0.01697	0.01234	0.00617	0.00501	0.00154	0.00424	0.00501	0.00617	0.00848
40	0.86003	0.00964	0.00733	0.00655	0.00964	0.01118	0.00540	0.01465	0.00848	0.02236	0.00694	0.00810	0.00540	0.00463	0.00308	0.00154	0.00386	0.00270	0.00308	0.00540
41	0.01118	0.00922	0.01034	0.00987	0.01219	0.01037	0.00797	0.03922	0.52258	0.01923	0.02202	0.03032	0.01931	0.00896	0.00564	0.00188	0.00418	0.24376	0.00492	0.00686
42	0.01034	0.00886	0.01034	0.00738	0.01181	0.00664	0.00591	0.01255	0.01034	0.01624	0.00886	0.01034	0.00738	0.00369	0.00369	0.00074	0.00369	0.00295	0.00295	0.85530
43	0.65599	0.00912	0.00769	0.00686	0.00977	0.01030	0.00556	0.01574	0.05991	0.08241	0.01007	0.03595	0.00794	0.00531	0.00350	0.00154	0.00376	0.00356	0.05929	0.00571
44	0.00603	0.00505	0.00524	0.00519	0.00682	0.00427	0.00389	0.00741	0.01168	0.01422	0.13615	0.04673	0.70558	0.01234	0.00589	0.00167	0.00250	0.01035	0.00473	0.00427
45	0.01890	0.01537	0.01484	0.01167	0.01545	0.12896	0.00950	0.66823	0.02210	0.02865	0.01135	0.01154	0.00818	0.00586	0.00492	0.00147	0.00599	0.00430	0.00464	0.00809
46	0.01333	0.82783	0.02612	0.00853	0.01279	0.01972	0.00853	0.01493	0.01013	0.01173	0.00693	0.00800	0.00640	0.00426	0.00320	0.00107	0.00533	0.00267	0.00213	0.00640
47	0.01034	0.00886	0.01034	0.00738	0.01181	0.00664	0.00591	0.01255	0.01034	0.01624	0.00886	0.01034	0.00738	0.00369	0.00369	0.00074	0.00369	0.00295	0.00295	0.85530
48	0.86003	0.00964	0.00733	0.00655	0.00964	0.01118	0.00540	0.01465	0.00848	0.02236	0.00694	0.00810	0.00540	0.00463	0.00308	0.00154	0.00386	0.00270	0.00308	0.00540
49	0.01250	0.00788	0.00977	0.00932	0.01153	0.00815	0.00769	0.04340	0.22395	0.17948	0.02267	0.06009	0.02086	0.02508	0.00626	0.00198	0.00432	0.33364	0.00504	0.00639
50	0.02707	0.16763	0.57366	0.01368	0.02019	0.01312	0.08728	0.01563	0.01053	0.01520	0.00865	0.01030	0.00643	0.00460	0.00454	0.00150	0.00703	0.00369	0.00217	0.00710
51	0.00607	0.00434	0.00578	0.00694	0.00723	0.00405	0.00463	0.00694	0.00954	0.01272	0.02747	0.82157	0.03297	0.01562	0.00636	0.00202	0.00289	0.01417	0.00463	0.00405
52	0.01778	0.00757	0.01017	0.00816	0.01123	0.00670	0.00659	0.02012	0.03271	0.55788	0.23872	0.02276	0.02226	0.00733	0.00526	0.00155	0.00370	0.00616	0.00595	0.00740
53	0.01237	0.01177	0.06420	0.19177	0.52813	0.01131	0.01455	0.01549	0.01124	0.07668	0.01005	0.01279	0.00789	0.00471	0.00494	0.00153	0.00603	0.00444	0.00268	0.00742
54	0.01119	0.00622	0.00810	0.00791	0.00947	0.00586	0.00597	0.06683	0.01208	0.20565	0.05216	0.45038	0.03777	0.01220	0.00596	0.00187	0.00355	0.08624	0.00506	0.00553
55	0.01117	0.00520	0.00564	0.00525	0.00680	0.00503	0.00404	0.01344	0.01100	0.13054	0.01675	0.01835	0.01271	0.00586	0.00370	0.00122	0.00260	0.00470	0.73080	0.00520
56	0.01428	0.00729	0.00912	0.00767	0.01012	0.03135	0.00606	0.01659	0.02715	0.36482	0.39297	0.02727	0.04749	0.00824	0.00544	0.00155	0.00343	0.00703	0.00567	0.00646
57	0.06430	0.18958	0.15165	0.05275	0.09107	0.06952	0.01095	0.09539	0.07668	0.12521	0.01105	0.01176	0.00825	0.00519	0.00457	0.00144	0.01620	0.00392	0.00335	0.00718
58	0.01245	0.01920	0.46735	0.02681	0.10371	0.02405	0.02882	0.04778	0.01186	0.13793	0.01350	0.01431	0.05895	0.00549	0.00491	0.00156	0.00636	0.00450	0.00308	0.00737
59	0.09667	0.03484	0.01516	0.01631	0.19646	0.51522	0.01055	0.01809	0.01275	0.01410	0.00799	0.00970	0.00667	0.00497	0.00465	0.00137	0.02221	0.00346	0.00258	0.00624
60	0.00617	0.00506	0.00544	0.00535	0.00691	0.00433	0.00401	0.00770	0.01203	0.01505	0.23007	0.04537	0.61115	0.01203	0.00589	0.00166	0.00248	0.01015	0.00484	0.00433
61	0.01072	0.07284	0.01218	0.17576	0.01620	0.00852	0.00776	0.02708	0.01065	0.05718	0.01183	0.08424	0.02515	0.00542	0.00430	0.00115	0.00441	0.00453	0.00313	0.45695
62	0.00705	0.00510	0.00666	0.00627	0.00745	0.00470	0.00470	0.00941	0.01411	0.01999	0.79110	0.03723	0.04703	0.01019	0.00588	0.00157	0.00235	0.00901	0.00549	0.00470
63	0.00661	0.00540	0.00614	0.00592	0.00734	0.00502	0.00447	0.00838	0.02488	0.01525	0.25777	0.04164	0.49173	0.03051	0.03207	0.00194	0.03628	0.00952	0.00468	0.00444
64	0.01034	0.00886	0.01034	0.00738	0.01181	0.00664	0.00591	0.01255	0.01034	0.01624	0.00886	0.01034	0.00738	0.00369	0.00369	0.00074	0.00369	0.00295	0.00295	0.85530
65	0.00617	0.00506	0.00544	0.00534	0.00690	0.00433	0.00401	0.00770	0.01202	0.01504	0.22916	0.04538	0.61207	0.01204	0.00589	0.00166	0.00248	0.01016	0.00484	0.00433
66	0.01034	0.00886	0.01034	0.00738	0.01181	0.00664	0.00591	0.01255	0.01034	0.01624	0.00886	0.01034	0.00738	0.00369	0.00369	0.00074	0.00369	0.00295	0.00295	0.85530
67	0.86003	0.00964	0.00733	0.00655	0.00964	0.01118	0.00540	0.01465	0.00848	0.02236	0.00694	0.00810	0.00540	0.00463	0.00308	0.00154	0.00386	0.00270	0.00308	0.00540
68	0.01216	0.00880	0.01052	0.00761	0.01195	0.00675	0.00612	0.01433	0.01093	0.13489	0.01050	0.01134	0.00814	0.00407	0.00389	0.00086	0.00377	0.00327	0.00344	0.72664
69	0.01734	0.01241	0.01324	0.01033	0.01385	0.01366	0.00848	0.64987	0.02128	0.02928	0.01268	0.01307	0.00919	0.00595	0.00474	0.00144	0.00496	0.00451	0.14587	0.00784
70	0.02236	0.00848	0.01157	0.00887	0.01272	0.00733	0.00733	0.02429	0.01427	0.79719	0.01966	0.01697	0.01234	0.00617	0.00501	0.00154	0.00424	0.00501	0.00617	0.00848
71	0.00855	0.00522	0.00680	0.00665	0.00776	0.00481	0.00480	0.01021	0.01207	0.10429	0.38946	0.26747	0.03555	0.08401	0.00761	0.00198	0.00295	0.00984	0.02521	0.00478
72	0.00657	0.00494	0.00608	0.00615	0.00727	0.00446	0.00451	0.00832	0.01238	0.01666	0.42251	0.20377	0.23888	0.01203	0.00600	0.00171	0.00255	0.02569	0.00506	0.00443
73	0.01945	0.00927	0.01156	0.00926	0.01281	0.00900	0.00752	0.06668	0.20696	0.54667	0.01933	0.01712	0.01285	0.00630	0.00500	0.00157	0.00420	0.00513	0.02105	0.00827
74	0.02236	0.00848	0.01157	0.00887	0.01272	0.00733	0.00733	0.02429	0.01427	0.79719	0.01966	0.01697	0.01234	0.00617	0.00501	0.00154	0.00424	0.00501	0.00617	0.00848
75	0.00616	0.00445	0.00583	0.00678	0.00723	0.00412	0.00459	0.00719	0.01007	0.01345	0.10136	0.70843	0.07200	0.01495	0.00629	0.00196	0.00282	0.01350	0.00471	0.00412
76	0.01705	0.01202	0.01326	0.01037	0.01385	0.01301	0.00848	0.59107	0.02117	0.07950	0.15127	0.01680	0.01560	0.00675	0.00515	0.00151	0.00485	0.00533	0.00515	0.00780
77	0.07688	0.00863	0.01128	0.00876	0.01253	0.00774	0.00722	0.02373	0.03831	0.72186	0.01885	0.01644	0.01198	0.00609	0.00489	0.00155	0.00421	0.00488	0.00593	0.00826
78	0.07369	0.01338	0.01413	0.01093	0.01477	0.01483	0.00902	0.70294	0.02205	0.03041	0.01177	0.01192	0.00841	0.00589	0.00481	0.00149	0.00528	0.00438	0.03172	0.00815
79	0.86003	0.00964	0.00733	0.00655	0.00964	0.01118	0.00540	0.01465	0.00848	0.02236	0.00694	0.00810	0.00540	0.00463	0.00308	0.00154	0.00386	0.00270	0.00308	0.00540
80	0.00607	0.00434	0.00578	0.00694	0.00723	0.00405	0.00463	0.00694	0.00954	0.01272	0.02747	0.82157	0.03297	0.01562	0.00636	0.00202	0.00289	0.01417	0.00463	0.00405
81	0.01328	0.08208	0.03723	0.00875	0.01302	0.01004	0.00744	0.19712	0.01369	0.06644	0.01054	0.03040	0.00844	0.00476	0.00414	0.00105	0.00439	0.00371	0.00358	0.47991
82	0.01269	0.01085	0.01143	0.01020	0.01307	0.01253	0.00796	0.05970	0.75105	0.02132	0.01992	0.01830	0.01492	0.00673	0.00507	0.00168	0.00401	0.00558	0.00507	0.00792
83	0.01388	0.39260	0.07967	0.01110	0.01487	0.24399	0.06946	0.01593	0.01136	0.01258	0.00909	0.01119	0.02191	0.00682	0.05113	0.00166	0.00719	0.01704	0.00241	0.00613
84	0.03027	0.03937	0.67216	0.01412	0.02089	0.01153	0.07667	0.01549	0.01071	0.01605	0.04106	0.01174	0.00806	0.00491	0.00480	0.00158	0.00712	0.00403	0.00230	0.00714
85	0.00725	0.00483	0.00544	0.00544	0.00544	0.00483	0.00302	0.00725	0.00725	0.00966	0.01571	0.03262	0.01812	0.82483	0.02537	0.00483	0.00483	0.00725	0.00302	0.00302
86	0.01217	0.01039	0.01137	0.01080	0.04521	0.01185	0.00801	0.05601	0.65975	0.02047	0.02005	0.08096	0.01602	0.00733	0.00516	0.00170	0.00401	0.00621	0.00492	0.00761
87	0.00724	0.00487	0.00564	0.00564	0.00571	0.00494	0.00327	0.00738	0.00731	0.00981	0.01552	0.03160	0.01768	0.76314	0.08645	0.00508	0.00550	0.00710	0.00299	0.00313
88	0.00710	0.00501	0.00635	0.00610	0.00726	0.00463	0.00454	0.00929	0.01337	0.01902	0.63707	0.08255	0.09226	0.01032	0.00572	0.00157	0.00239	0.00907	0.07173	0.00463
89	0.86003	0.00964	0.00733	0.00655	0.00964	0.01118	0.00540	0.01465	0.00848	0.02236	0.00694	0.00810	0.00540	0.00463	0.00308	0.00154	0.00386	0.00270	0.00308	0.00540
90	0.00725	0.00483	0.00544	0.00544	0.00544	0.00483	0.00302	0.00725	0.00725	0.00966	0.01571	0.03262	0.01812	0.82483	0.02537	0.00483	0.00483	0.00725	0.00302	0.00302
91	0.00685	0.00513	0.00651	0.00722	0.00798	0.00487	0.00497	0.00884	0.07032	0.01359	0.02569	0.70557	0.02990	0.01414	0.00609	0.00191	0.00303	0.01277	0.00455	0.06007
92	0.01184	0.00917	0.01074	0.00777	0.01212	0.00728	0.00625	0.06375	0.01151	0.07842	0.00991	0.01096	0.00784	0.00404	0.00388	0.00085	0.00385	0.00322	0.00334	0.73328
93	0.01189	0.01115	0.01778	0.03692	0.59178	0.01080	0.01307	0.01516	0.04288	0.01641	0.00971	0.01220	0.00807	0.00439	0.00469	0.00134	0.00540	0.00419	0.00267	0.17949
94	0.01161	0.05972	0.01770	0.01596	0.12644	0.04472	0.07226	0.01326	0.00889	0.01292	0.00730	0.01107	0.00681	0.00735	0.01266	0.00194	0.55680	0.00435	0.00226	0.00597
95	0.07959	0.01117	0.01283	0.01094	0.05929	0.05666	0.00838	0.22544	0.03041	0.43040	0.01540	0.01429	0.01026	0.00586	0.00484	0.00151	0.00492	0.00458	0.00519	0.00806
96	0.40670	0.01014	0.01082	0.16514	0.01598	0.01146	0.00808	0.14852	0.04391	0.10596	0.01015	0.01122	0.00737	0.00517	0.00409	0.00155	0.00473	0.00372	0.00366	0.02164
97	0.01839	0.01205	0.01346	0.01056	0.01430	0.01290	0.00863	0.47879	0.12963	0.19669	0.01503	0.02697	0.01066	0.00625	0.00500	0.00153	0.00492	0.00489	0.00521	0.02413
98	0.00941	0.00886	0.01495	0.81285	0.03433	0.01107	0.01384	0.01274	0.00997	0.01274	0.00886	0.01329	0.00664	0.00498	0.00498	0.00166	0.00664	0.00443	0.00221	0.00554
99	0.01082	0.01027	0.01723	0.41354	0.26603	0.01145	0.07321	0.02609	0.07264	0.01518	0.02884	0.01398	0.00878	0.00504	0.00507	0.00160	0.00622	0.00475	0.00266	0.00657
100	0.01159	0.08471	0.42813	0.01923	0.28746	0.01237	0.01605	0.03984	0.01126	0.03071	0.00923	0.01111	0.00705	0.00466	0.00469	0.00150	0.00659	0.00391	0.00240	0.00753
101	0.00957	0.00918	0.01588	0.68739	0.06192	0.01094	0.07316	0.01286	0.01022	0.01316	0.01068	0.01469	0.03900	0.00521	0.00509	0.00166	0.00659	0.00479	0.00235	0.00567
102	0.00607	0.00434	0.00578	0.00694	0.00723	0.00405	0.00463	0.00694	0.00954	0.01272	0.02747	0.82157	0.03297	0.01562	0.00636	0.00202	0.00289	0.01417	0.00463	0.00405
103	0.01130	0.01016	0.09968	0.01157	0.08831	0.00851	0.04084	0.08684	0.07956	0.10549	0.07350	0.09595	0.13589	0.00899	0.00560	0.00173	0.00457	0.12085	0.00434	0.00631
104	0.01077	0.00734	0.00924	0.00922	0.07080	0.00715	0.00645	0.13763	0.01432	0.10453	0.28145	0.14979	0.15147	0.00982	0.00564	0.00163	0.00347	0.00850	0.00497	0.00581
105	0.01636	0.01132	0.01252	0.01010	0.01324	0.01224	0.00817	0.53332	0.01935	0.08271	0.01502	0.07999	0.01268	0.06080	0.00648	0.00179	0.00496	0.04987	0.04170	0.00738
106	0.02106	0.00927	0.01239	0.01040	0.05883	0.00851	0.00800	0.11357	0.01519	0.64437	0.03332	0.01649	0.01230	0.00612	0.00502	0.00153	0.00445	0.00499	0.00580	0.00837
107	0.08138	0.14770	0.02704	0.06871	0.12712	0.32346	0.02150	0.06792	0.01266	0.01517	0.02236	0.01052	0.00754	0.00509	0.00469	0.00138	0.03080	0.00363	0.01501	0.00631
108	0.01191	0.02094	0.50171	0.01531	0.02160	0.02603	0.19961	0.06119	0.01189	0.06783	0.01008	0.01171	0.00714	0.00478	0.00504	0.00159	0.00733	0.00434	0.00265	0.00732
109	0.01552	0.01253	0.08667	0.01155	0.05973	0.06277	0.00933	0.11897	0.27436	0.21299	0.04259	0.03180	0.01340	0.00647	0.00505	0.00159	0.00492	0.01730	0.00473	0.00769
110	0.01757	0.00888	0.01196	0.11127	0.03895	0.00861	0.00830	0.02167	0.13585	0.47653	0.04568	0.01697	0.01292	0.00606	0.00497	0.00153	0.00445	0.00505	0.00517	0.05761
111	0.01264	0.01065	0.01128	0.01011	0.01296	0.01228	0.00788	0.02643	0.76624	0.03948	0.02027	0.01856	0.01515	0.00675	0.00507	0.00169	0.00395	0.00562	0.00510	0.00790
112	0.01095	0.01214	0.02601	0.01899	0.02334	0.01137	0.66477	0.01467	0.01145	0.01550	0.01258	0.12965	0.01122	0.00584	0.00595	0.00173	0.00761	0.00707	0.00282	0.00634
113	0.00609	0.00506	0.00532	0.00525	0.00685	0.00429	0.00394	0.00753	0.01182	0.01456	0.17497	0.04617	0.66655	0.01221	0.00589	0.00166	0.00250	0.01027	0.00477	0.00429
114	0.00735	0.00494	0.00576	0.00590	0.00604	0.00494	0.00364	0.00763	0.00777	0.01032	0.01703	0.03555	0.01943	0.72409	0.02307	0.00452	0.00480	0.10077	0.00322	0.00322
115	0.00717	0.00513	0.00696	0.00696	0.00749	0.00566	0.00492	0.00823	0.00770	0.01079	0.01431	0.02490	0.01477	0.35865	0.48696	0.00671	0.00988	0.00612	0.00281	0.00387
116	0.00696	0.00509	0.00653	0.00617	0.00739	0.00466	0.00463	0.00922	0.01388	0.01944	0.72841	0.03814	0.11007	0.01040	0.00588	0.00158	0.00237	0.00914	0.00541	0.00466
117	0.06128	0.00951	0.01071	0.00782	0.01212	0.00796	0.00630	0.10396	0.01179	0.01841	0.00912	0.01040	0.00740	0.00402	0.00381	0.00088	0.00392	0.00312	0.00320	0.70426
118	0.01034	0.00886	0.01034	0.00738	0.01181	0.00664	0.00591	0.01255	0.01034	0.01624	0.00886	0.01034	0.00738	0.00369	0.00369	0.00074	0.00369	0.00295	0.00295	0.85530
119	0.01091	0.01091	0.01527	0.01309	0.01309	0.01527	0.01091	0.01200	0.00763	0.01200	0.00654	0.01091	0.00654	0.00872	0.01636	0.00218	0.81570	0.00436	0.00218	0.00545
120	0.10826	0.01172	0.01809	0.04897	0.60494	0.01211	0.01356	0.09177	0.01220	0.01839	0.00935	0.01185	0.00764	0.00463	0.00473	0.00149	0.00567	0.00425	0.00278	0.00760
121	0.00608	0.00448	0.00564	0.00655	0.00708	0.00411	0.00442	0.00699	0.00979	0.01275	0.03117	0.65476	0.16822	0.04417	0.00696	0.00206	0.00290	0.01327	0.00457	0.00404
122	0.02547	0.00982	0.01180	0.02101	0.03860	0.04320	0.02037	0.19415	0.01305	0.06410	0.01468	0.19285	0.01402	0.00862	0.00780	0.00174	0.19878	0.00660	0.10728	0.00606
123	0.06867	0.01227	0.02458	0.04967	0.05499	0.01170	0.55897	0.01687	0.01181	0.12337	0.01111	0.01353	0.00805	0.00454	0.00551	0.00164	0.00736	0.00544	0.00304	0.00688
124	0.00915	0.00573	0.00647	0.00614	0.00684	0.00582	0.00391	0.01099	0.09087	0.07327	0.01655	0.02876	0.01693	0.60723	0.01984	0.00394	0.00449	0.00669	0.07228	0.00410
125	0.00607	0.00434	0.00578	0.00694	0.00723	0.00405	0.00463	0.00694	0.00954	0.01272	0.02747	0.82157	0.03297	0.01562	0.00636	0.00202	0.00289	0.01417	0.00463	0.00405
126	0.01135	0.11669	0.53353	0.01232	0.01828	0.01191	0.01470	0.05197	0.03606	0.06233	0.06062	0.02778	0.01019	0.00544	0.00470	0.00152	0.00634	0.00428	0.00284	0.00715
127	0.01124	0.32635	0.50937	0.01208	0.01828	0.01463	0.01471	0.01546	0.01038	0.01426	0.00819	0.00958	0.00635	0.00456	0.00416	0.00139	0.00660	0.00330	0.00212	0.00700
128	0.04144	0.00929	0.01111	0.00917	0.01246	0.00938	0.00740	0.06736	0.26696	0.41514	0.03091	0.01821	0.01378	0.00653	0.00497	0.00159	0.00411	0.02196	0.04036	0.00790
129	0.01712	0.01043	0.01207	0.00958	0.01289	0.01082	0.00779	0.36569	0.06600	0.24139	0.15872	0.01856	0.01717	0.00686	0.00514	0.00153	0.00441	0.00554	0.02061	0.00768
130	0.01468	0.05914	0.01514	0.01208	0.06540	0.01184	0.08089	0.32947	0.04013	0.07635	0.01374	0.11895	0.01179	0.00661	0.00497	0.00146	0.00506	0.00565	0.00418	0.12248
131	0.00958	0.00642	0.00769	0.00709	0.00881	0.00623	0.00540	0.09620	0.01284	0.09983	0.17708	0.15919	0.26380	0.03238	0.06923	0.00226	0.01702	0.00897	0.00477	0.00522
132	0.00700	0.00477	0.00546	0.00563	0.00577	0.00468	0.00330	0.00720	0.00782	0.01033	0.01944	0.14697	0.06570	0.66075	0.02149	0.00424	0.00442	0.00844	0.00335	0.00324
133	0.79137	0.00978	0.00771	0.00682	0.00992	0.01128	0.00560	0.04754	0.02643	0.02258	0.00815	0.00914	0.01835	0.00486	0.00326	0.00155	0.00391	0.00297	0.00324	0.00557
134	0.02669	0.32968	0.21446	0.01046	0.02523	0.09192	0.01062	0.01586	0.01103	0.07530	0.02923	0.01069	0.00811	0.00519	0.01548	0.00134	0.00595	0.00342	0.00270	0.10666

[dist]
# distance from previous block
# <min> <max>
0	3

[block]
# block no. 3 follows, 50 sequences, length 30
# corresponding to MSA columns:
# 417-446
name=unknown_D
#
# <colnr> <probs for GDERKNQSTAVLIFYWHMCP>
#	G	D	E	R	K	N	Q	S	T	A	V	L	I	F	Y	W	H	M	C	P
0	0.00941	0.00886	0.01495	0.81285	0.03433	0.01107	0.01384	0.01274	0.00997	0.01274	0.00886	0.01329	0.00664	0.00498	0.00498	0.00166	0.00664	0.00443	0.00221	0.00554
1	0.01156	0.01114	0.03191	0.36430	0.05064	0.01195	0.21756	0.13107	0.01245	0.01663	0.01015	0.03006	0.00800	0.02237	0.00598	0.00170	0.03054	0.00504	0.00281	0.02412
2	0.00929	0.00465	0.00465	0.00465	0.00581	0.00465	0.00348	0.01161	0.01045	0.01858	0.01626	0.01858	0.01278	0.00581	0.00348	0.00116	0.00232	0.00465	0.85250	0.00465
3	0.00791	0.00523	0.00678	0.00630	0.00760	0.00482	0.00476	0.01024	0.01390	0.05678	0.70839	0.03516	0.04335	0.00974	0.00570	0.00154	0.00244	0.00856	0.05592	0.00488
4	0.00647	0.00512	0.00588	0.00604	0.00745	0.00453	0.00467	0.00809	0.01185	0.01502	0.20186	0.09297	0.47521	0.01246	0.00607	0.00177	0.00282	0.12258	0.00480	0.00436
5	0.02174	0.00830	0.01124	0.00867	0.01240	0.00720	0.00714	0.02369	0.01409	0.76024	0.01950	0.01704	0.01236	0.00615	0.00494	0.00152	0.00415	0.00500	0.04633	0.00830
6	0.00941	0.00886	0.01495	0.81285	0.03433	0.01107	0.01384	0.01274	0.00997	0.01274	0.00886	0.01329	0.00664	0.00498	0.00498	0.00166	0.00664	0.00443	0.00221	0.00554
7	0.01000	0.02578	0.79900	0.01421	0.02157	0.01158	0.01842	0.01579	0.01052	0.01579	0.00895	0.01052	0.00631	0.00474	0.00474	0.00158	0.00737	0.00368	0.00210	0.00737
8	0.00691	0.00522	0.00657	0.00733	0.00848	0.00488	0.00591	0.00857	0.01105	0.01398	0.03477	0.20799	0.28795	0.01375	0.00644	0.00203	0.00355	0.35566	0.00461	0.00435
9	0.01240	0.01071	0.01127	0.01014	0.01296	0.01240	0.00789	0.02649	0.78473	0.02085	0.02029	0.01860	0.01522	0.00676	0.00507	0.00169	0.00394	0.00564	0.00507	0.00789
10	0.01234	0.01184	0.02023	0.03059	0.79373	0.01184	0.01530	0.01530	0.01135	0.01628	0.00938	0.01234	0.00790	0.00444	0.00493	0.00148	0.00592	0.00444	0.00247	0.00790
11	0.00672	0.00511	0.00654	0.05430	0.00886	0.00485	0.00510	0.00831	0.01136	0.01508	0.26720	0.26432	0.20615	0.06230	0.00722	0.00197	0.00308	0.05255	0.00465	0.00434
12	0.01059	0.01040	0.01450	0.01251	0.01254	0.01442	0.01033	0.01164	0.00762	0.01186	0.00725	0.01235	0.00736	0.05374	0.04195	0.00251	0.74634	0.00455	0.00224	0.00529
13	0.01000	0.02578	0.79900	0.01421	0.02157	0.01158	0.01842	0.01579	0.01052	0.01579	0.00895	0.01052	0.00631	0.00474	0.00474	0.00158	0.00737	0.00368	0.00210	0.00737
14	0.01000	0.02578	0.79900	0.01421	0.02157	0.01158	0.01842	0.01579	0.01052	0.01579	0.00895	0.01052	0.00631	0.00474	0.00474	0.00158	0.00737	0.00368	0.00210	0.00737
15	0.00718	0.00480	0.00546	0.00553	0.00554	0.00479	0.00312	0.00723	0.00739	0.00985	0.01641	0.07957	0.01900	0.77667	0.02424	0.00467	0.00472	0.00766	0.00312	0.00308
16	0.00857	0.00438	0.00658	0.00658	0.00662	0.00443	0.00443	0.00662	0.00658	0.00882	0.00891	0.01539	0.00886	0.01840	0.06194	0.80920	0.00482	0.00438	0.00219	0.00229
17	0.00956	0.00909	0.01530	0.74669	0.03287	0.01136	0.03133	0.01277	0.00987	0.01277	0.00875	0.01315	0.00666	0.00519	0.00568	0.00169	0.05504	0.00446	0.00222	0.00556
18	0.86003	0.00964	0.00733	0.00655	0.00964	0.01118	0.00540	0.01465	0.00848	0.02236	0.00694	0.00810	0.00540	0.00463	0.00308	0.00154	0.00386	0.00270	0.00308	0.00540
19	0.01340	0.01139	0.01183	0.01025	0.01333	0.03099	0.00806	0.13647	0.61247	0.02196	0.01815	0.01695	0.01359	0.00644	0.00497	0.00160	0.00428	0.00526	0.00489	0.05373
20	0.00606	0.00451	0.00565	0.00652	0.00713	0.00410	0.00445	0.00704	0.01003	0.01305	0.04950	0.63860	0.19551	0.01485	0.00625	0.00194	0.00280	0.01327	0.00465	0.00410
21	0.59846	0.09263	0.01098	0.02197	0.01156	0.02847	0.04541	0.02799	0.00975	0.06286	0.03319	0.01068	0.00776	0.00501	0.00359	0.00151	0.00441	0.01479	0.00323	0.00576
22	0.02812	0.04214	0.67675	0.01512	0.07186	0.01182	0.03979	0.01591	0.02458	0.01596	0.00912	0.01077	0.00660	0.00472	0.00472	0.00156	0.00712	0.00379	0.00222	0.00733
23	0.02236	0.00848	0.01157	0.00887	0.01272	0.00733	0.00733	0.02429	0.01427	0.79719	0.01966	0.01697	0.01234	0.00617	0.00501	0.00154	0.00424	0.00501	0.00617	0.00848
24	0.01307	0.01272	0.04399	0.09866	0.39135	0.12465	0.02589	0.02820	0.02566	0.07378	0.01263	0.06179	0.03453	0.00575	0.00498	0.00152	0.00599	0.00510	0.02280	0.00695
25	0.01222	0.03251	0.41339	0.01547	0.12091	0.01060	0.09092	0.01644	0.01143	0.13945	0.02825	0.03183	0.02733	0.00557	0.00502	0.00159	0.00638	0.02035	0.00307	0.00728
26	0.01534	0.01125	0.17644	0.03570	0.01389	0.00765	0.00918	0.01804	0.01282	0.40262	0.13824	0.02109	0.05144	0.02194	0.00585	0.02049	0.00463	0.02149	0.00483	0.00705
27	0.00724	0.00485	0.00552	0.00552	0.00555	0.00488	0.00313	0.00730	0.00727	0.00973	0.01563	0.03219	0.01794	0.79898	0.05096	0.00494	0.00511	0.00719	0.00301	0.00307
28	0.01439	0.01126	0.07222	0.05339	0.01432	0.01079	0.00881	0.36099	0.03288	0.10748	0.03394	0.19187	0.03270	0.00838	0.00535	0.00166	0.00481	0.02312	0.00466	0.00699
29	0.01272	0.06765	0.08182	0.04760	0.01376	0.02339	0.00852	0.11562	0.27733	0.09256	0.05995	0.04864	0.09691	0.00724	0.00502	0.00158	0.00447	0.00594	0.02231	0.00696

[dist]
# distance from previous block
# <min> <max>
0	16

[block]
# block no. 4 follows, 50 sequences, length 18
# corresponding to MSA columns:
# 463-480
name=unknown_E
#
# <colnr> <probs for GDERKNQSTAVLIFYWHMCP>
#	G	D	E	R	K	N	Q	S	T	A	V	L	I	F	Y	W	H	M	C	P
0	0.01085	0.00979	0.01531	0.52806	0.02732	0.03631	0.05396	0.01350	0.00992	0.05938	0.00911	0.01301	0.00707	0.00606	0.00751	0.02747	0.15274	0.00449	0.00247	0.00567
1	0.07035	0.01252	0.03413	0.03178	0.03748	0.05485	0.44547	0.01605	0.05335	0.04109	0.05722	0.01507	0.01059	0.00507	0.00551	0.00158	0.01937	0.01891	0.00304	0.06656
2	0.00985	0.00830	0.00974	0.00737	0.01114	0.00659	0.00581	0.01264	0.05112	0.01677	0.10431	0.05110	0.01373	0.00518	0.00415	0.00095	0.00351	0.00433	0.00344	0.66998
3	0.01128	0.01077	0.01833	0.31265	0.51991	0.01157	0.01477	0.01437	0.01085	0.01500	0.00919	0.01268	0.00744	0.00464	0.00495	0.00155	0.00618	0.00444	0.00238	0.00705
4	0.86003	0.00964	0.00733	0.00655	0.00964	0.01118	0.00540	0.01465	0.00848	0.02236	0.00694	0.00810	0.00540	0.00463	0.00308	0.00154	0.00386	0.00270	0.00308	0.00540
5	0.01000	0.02578	0.79900	0.01421	0.02157	0.01158	0.01842	0.01579	0.01052	0.01579	0.00895	0.01052	0.00631	0.00474	0.00474	0.00158	0.00737	0.00368	0.00210	0.00737
6	0.00623	0.00503	0.00546	0.00562	0.00700	0.00438	0.00418	0.00752	0.01110	0.01364	0.08850	0.10988	0.57373	0.06870	0.00735	0.00197	0.00286	0.06810	0.00457	0.00417
7	0.01203	0.01032	0.01095	0.00988	0.01258	0.01187	0.00767	0.02531	0.73170	0.02079	0.07333	0.01988	0.01740	0.00700	0.00513	0.00168	0.00384	0.00587	0.00510	0.00767
8	0.00635	0.00459	0.00580	0.00645	0.00700	0.00426	0.00436	0.00739	0.01020	0.01360	0.14962	0.51887	0.11810	0.10895	0.00845	0.00224	0.00299	0.01214	0.00458	0.00405
9	0.00613	0.00438	0.00583	0.00690	0.00724	0.00408	0.00463	0.00708	0.00979	0.01312	0.06945	0.77845	0.03374	0.01532	0.00634	0.00200	0.00286	0.01389	0.00467	0.00408
10	0.00598	0.00502	0.00520	0.00521	0.00680	0.00424	0.00389	0.00731	0.01149	0.01392	0.10405	0.07772	0.70699	0.01256	0.00591	0.00169	0.00253	0.01055	0.00469	0.00424
11	0.01031	0.06782	0.69976	0.01441	0.02144	0.01209	0.07479	0.01575	0.01060	0.01558	0.00892	0.01061	0.00641	0.00467	0.00474	0.00156	0.00734	0.00379	0.00214	0.00727
12	0.81415	0.00960	0.00774	0.05005	0.01097	0.01118	0.00585	0.01455	0.00856	0.02184	0.00704	0.00838	0.00547	0.00465	0.00319	0.00155	0.00401	0.00279	0.00304	0.00541
13	0.01296	0.01262	0.01868	0.03588	0.41216	0.09302	0.11364	0.06760	0.01214	0.03547	0.01067	0.05688	0.00927	0.00654	0.03088	0.00177	0.05482	0.00508	0.00285	0.00707
14	0.09949	0.01241	0.14421	0.05779	0.01509	0.01041	0.00955	0.17899	0.07951	0.19205	0.04564	0.06758	0.02415	0.00664	0.00491	0.00159	0.00492	0.01619	0.00436	0.02453
15	0.01333	0.07667	0.12437	0.01303	0.11324	0.22103	0.01019	0.12518	0.03557	0.01676	0.05003	0.01838	0.14822	0.00664	0.00488	0.00146	0.00602	0.00519	0.00337	0.00644
16	0.04169	0.02834	0.05887	0.00957	0.01313	0.01151	0.00819	0.37308	0.06737	0.07778	0.03257	0.03719	0.01106	0.00604	0.00462	0.00141	0.00460	0.00473	0.12105	0.08722
17	0.01218	0.00953	0.06461	0.01151	0.11390	0.00846	0.00841	0.05798	0.06696	0.16302	0.10470	0.08529	0.10834	0.01940	0.00618	0.00163	0.05252	0.02105	0.00429	0.08003

[dist]
# distance from previous block
# <min> <max>
2	13

[block]
# block no. 5 follows, 50 sequences, length 34
# corresponding to MSA columns:
# 507-540
name=unknown_F
#
# <colnr> <probs for GDERKNQSTAVLIFYWHMCP>
#	G	D	E	R	K	N	Q	S	T	A	V	L	I	F	Y	W	H	M	C	P
0	0.03638	0.01219	0.06841	0.01930	0.01299	0.12280	0.00808	0.04613	0.24536	0.12142	0.04149	0.06031	0.08695	0.00715	0.00498	0.00154	0.00479	0.01735	0.00431	0.07806
1	0.00989	0.00849	0.01034	0.00872	0.06443	0.00667	0.00630	0.01207	0.01070	0.01622	0.05949	0.02625	0.06768	0.00496	0.00411	0.00093	0.00367	0.00413	0.00322	0.67174
2	0.01784	0.01339	0.01434	0.01118	0.01502	0.01482	0.00917	0.65540	0.12683	0.02959	0.01302	0.01283	0.00937	0.00603	0.00497	0.00150	0.00523	0.00461	0.00495	0.02992
