[name]
unknown

[dist]
# distance from previous block
# <min> <max>
0	10

[block]
# block no. 0 follows, 45 sequences, length 69
# corresponding to MSA columns:
# 77-86,88-101,103-147
name=unknown_A
#
# <colnr> <probs for GDERKNQSTAVLIFYWHMCP>
#	G	D	E	R	K	N	Q	S	T	A	V	L	I	F	Y	W	H	M	C	P
0	0.03686	0.00749	0.01067	0.16036	0.01646	0.00788	0.00969	0.02853	0.01258	0.11092	0.02297	0.04395	0.02298	0.01154	0.00661	0.00220	0.00531	0.47261	0.00462	0.00577
1	0.08199	0.16307	0.01540	0.07273	0.01535	0.01117	0.00856	0.02251	0.02684	0.50373	0.01662	0.01543	0.01107	0.00604	0.00487	0.00158	0.00496	0.00469	0.00520	0.00819
2	0.01327	0.00911	0.00962	0.00811	0.01062	0.00957	0.00640	0.30926	0.01697	0.02405	0.04591	0.02456	0.15879	0.04680	0.00611	0.00171	0.00403	0.00642	0.28222	0.00647
3	0.00720	0.00539	0.00667	0.00652	0.00782	0.00487	0.00483	0.00930	0.01402	0.01911	0.53267	0.11856	0.21900	0.01216	0.00639	0.00177	0.00263	0.01064	0.00560	0.00487
4	0.00767	0.00575	0.00863	0.00863	0.00959	0.00671	0.00671	0.00959	0.00863	0.01246	0.01438	0.02109	0.01342	0.04026	0.79008	0.00863	0.01438	0.00575	0.00288	0.00479
5	0.00665	0.00544	0.00579	0.00571	0.00733	0.00467	0.00423	0.00817	0.01259	0.01565	0.19020	0.04867	0.60167	0.05065	0.00733	0.00195	0.00280	0.01085	0.00508	0.00457
6	0.01116	0.00964	0.01138	0.00824	0.01279	0.00759	0.00661	0.01349	0.01099	0.01728	0.00942	0.01116	0.00791	0.00423	0.00462	0.00087	0.04152	0.00325	0.00314	0.80470
7	0.00726	0.00547	0.00670	0.00640	0.00781	0.00492	0.00480	0.00947	0.01439	0.01962	0.57952	0.04323	0.24735	0.01168	0.00633	0.00172	0.00258	0.01015	0.00566	0.00492
8	0.17219	0.01330	0.02588	0.08201	0.02540	0.01315	0.55494	0.01664	0.01184	0.01823	0.01011	0.01337	0.00762	0.00468	0.00568	0.00178	0.00796	0.00555	0.00280	0.00686
9	0.09449	0.02141	0.01774	0.01490	0.01809	0.53370	0.15282	0.01970	0.01384	0.01491	0.00865	0.01061	0.00705	0.00547	0.00559	0.00154	0.04633	0.00401	0.00279	0.00636
10	0.01817	0.01392	0.01485	0.01190	0.01579	0.01560	0.00966	0.52783	0.26102	0.03022	0.01573	0.01515	0.01143	0.00671	0.00540	0.00168	0.00538	0.00523	0.00540	0.00893
11	0.01143	0.02688	0.73040	0.01510	0.02278	0.01276	0.01917	0.06844	0.01230	0.01816	0.00986	0.01144	0.00696	0.00519	0.00512	0.00169	0.00779	0.00403	0.00248	0.00802
12	0.01077	0.02777	0.78354	0.01530	0.02323	0.01247	0.01983	0.01700	0.01133	0.01700	0.00963	0.01133	0.00680	0.00510	0.00510	0.00170	0.00793	0.00397	0.00227	0.00793
13	0.01346	0.02314	0.57589	0.01479	0.02180	0.01168	0.07692	0.01876	0.01221	0.16299	0.01194	0.01291	0.00815	0.00535	0.00526	0.00170	0.00738	0.00443	0.00314	0.00811
14	0.00760	0.00549	0.00718	0.00675	0.00802	0.00506	0.00506	0.01013	0.01519	0.02153	0.77503	0.04010	0.05065	0.01097	0.00633	0.00169	0.00253	0.00971	0.00591	0.00506
15	0.01294	0.01096	0.07711	0.52753	0.06274	0.01106	0.01384	0.01639	0.01178	0.16081	0.01237	0.01620	0.00908	0.00585	0.00541	0.00177	0.00662	0.02743	0.00328	0.00681
16	0.00740	0.00533	0.00699	0.00689	0.00797	0.00493	0.00505	0.00962	0.01426	0.02003	0.63272	0.18667	0.04776	0.01209	0.00643	0.00178	0.00264	0.01077	0.00573	0.00493
17	0.01791	0.01090	0.07379	0.00955	0.01382	0.01970	0.00835	0.06147	0.01458	0.40504	0.09945	0.01801	0.01528	0.00634	0.00513	0.00146	0.00463	0.00518	0.00527	0.20416
18	0.00674	0.00483	0.00641	0.00734	0.00783	0.00449	0.00500	0.00798	0.01122	0.01520	0.17190	0.66127	0.03839	0.01570	0.00675	0.00209	0.00300	0.01420	0.00516	0.00449
19	0.01417	0.77445	0.06666	0.00950	0.01426	0.02079	0.00973	0.01612	0.01093	0.01285	0.00757	0.00875	0.00688	0.00462	0.00353	0.00118	0.00585	0.00293	0.00229	0.00694
20	0.01378	0.16781	0.02753	0.04516	0.02336	0.07768	0.45122	0.04913	0.01274	0.01633	0.00981	0.01273	0.00775	0.00503	0.00628	0.00167	0.05700	0.00522	0.00272	0.00704
21	0.00654	0.00467	0.00623	0.00747	0.00779	0.00436	0.00498	0.00747	0.01028	0.01370	0.02959	0.80785	0.03550	0.01682	0.00685	0.00218	0.00311	0.01526	0.00498	0.00436
22	0.01113	0.00954	0.01113	0.00795	0.01272	0.00716	0.00636	0.01352	0.01113	0.01749	0.00954	0.01113	0.00795	0.00398	0.00398	0.00080	0.00398	0.00318	0.00318	0.84417
23	0.01211	0.16476	0.08002	0.41442	0.02675	0.01336	0.04526	0.01523	0.01112	0.07448	0.01095	0.05054	0.00893	0.00599	0.00567	0.00170	0.04440	0.00495	0.00283	0.00652
24	0.01426	0.79391	0.04797	0.00935	0.01403	0.02101	0.00946	0.01610	0.01092	0.01274	0.00752	0.00868	0.00689	0.00461	0.00349	0.00116	0.00580	0.00290	0.00230	0.00692
25	0.02083	0.07395	0.01346	0.00922	0.01352	0.00882	0.00770	0.02294	0.01420	0.57390	0.01785	0.01613	0.01175	0.00597	0.00497	0.00145	0.00455	0.00477	0.00563	0.16837
26	0.01894	0.01616	0.01505	0.01228	0.01602	0.15993	0.00984	0.45629	0.17816	0.04128	0.01405	0.01388	0.01031	0.00645	0.00529	0.00161	0.00624	0.00484	0.00493	0.00846
27	0.01367	0.66437	0.17235	0.01035	0.01558	0.01956	0.01122	0.01625	0.01099	0.01346	0.00788	0.00913	0.00687	0.00469	0.00376	0.00125	0.00616	0.00308	0.00229	0.00709
28	0.00665	0.00547	0.00587	0.00583	0.00752	0.00468	0.00441	0.00827	0.01280	0.01589	0.19117	0.04972	0.61442	0.01313	0.00637	0.00181	0.00275	0.03342	0.00516	0.00465
29	0.00655	0.00473	0.00620	0.00734	0.00776	0.00438	0.00493	0.00754	0.01049	0.01390	0.04584	0.74951	0.07795	0.01652	0.00681	0.00215	0.00308	0.01493	0.00500	0.00438
30	0.01277	0.59687	0.08485	0.00921	0.01344	0.01745	0.00925	0.01501	0.01176	0.01468	0.15418	0.01484	0.01524	0.00585	0.00413	0.00130	0.00530	0.00426	0.00298	0.00662
31	0.00638	0.00529	0.00559	0.00583	0.00735	0.00450	0.00425	0.00766	0.01186	0.01435	0.04965	0.19603	0.63438	0.01421	0.00644	0.00188	0.00279	0.01208	0.00498	0.00450
32	0.00654	0.00467	0.00623	0.00747	0.00779	0.00436	0.00498	0.00747	0.01028	0.01370	0.02959	0.80785	0.03550	0.01682	0.00685	0.00218	0.00311	0.01526	0.00498	0.00436
33	0.01317	0.01308	0.02368	0.03098	0.63472	0.01291	0.15811	0.01661	0.01231	0.01747	0.01024	0.01351	0.00843	0.00473	0.00551	0.00164	0.00689	0.00508	0.00267	0.00826
34	0.02190	0.01016	0.01613	0.01205	0.01644	0.00897	0.15117	0.02445	0.01485	0.63565	0.01921	0.01755	0.01231	0.00624	0.00558	0.00169	0.00542	0.00558	0.00589	0.00877
35	0.01077	0.02777	0.78354	0.01530	0.02323	0.01247	0.01983	0.01700	0.01133	0.01700	0.00963	0.01133	0.00680	0.00510	0.00510	0.00170	0.00793	0.00397	0.00227	0.00793
36	0.01174	0.01271	0.02674	0.01942	0.02382	0.01198	0.61421	0.01540	0.01174	0.01590	0.01202	0.01842	0.01032	0.15856	0.01034	0.00246	0.00832	0.00662	0.00282	0.00648
37	0.02408	0.00914	0.01246	0.00955	0.01370	0.00789	0.00789	0.02616	0.01536	0.78158	0.02118	0.01827	0.01329	0.00664	0.00540	0.00166	0.00457	0.00540	0.00664	0.00914
38	0.01181	0.00994	0.01150	0.00827	0.01301	0.00785	0.00664	0.06826	0.01217	0.01869	0.00979	0.01126	0.00804	0.00416	0.00408	0.00085	0.00412	0.00330	0.00334	0.78292
39	0.00654	0.00467	0.00623	0.00747	0.00779	0.00436	0.00498	0.00747	0.01028	0.01370	0.02959	0.80785	0.03550	0.01682	0.00685	0.00218	0.00311	0.01526	0.00498	0.00436
40	0.01438	0.64825	0.02561	0.01019	0.01402	0.07378	0.00962	0.01601	0.01083	0.01270	0.00746	0.00912	0.00691	0.00533	0.00551	0.00133	0.11673	0.00317	0.00234	0.00670
41	0.00649	0.00485	0.00604	0.00699	0.00766	0.00440	0.00477	0.00753	0.01074	0.01389	0.03549	0.62788	0.21166	0.01605	0.00673	0.00209	0.00302	0.01432	0.00498	0.00440
42	0.00932	0.00466	0.00699	0.00699	0.00699	0.00466	0.00466	0.00699	0.00699	0.00932	0.00932	0.01632	0.00932	0.01865	0.02098	0.84382	0.00466	0.00466	0.00233	0.00233
43	0.00654	0.00467	0.00623	0.00747	0.00779	0.00436	0.00498	0.00747	0.01028	0.01370	0.02959	0.80785	0.03550	0.01682	0.00685	0.00218	0.00311	0.01526	0.00498	0.00436
44	0.00986	0.16064	0.01090	0.00694	0.00953	0.00863	0.00573	0.01238	0.06475	0.07678	0.08476	0.03786	0.47054	0.01072	0.00565	0.00167	0.00354	0.00877	0.00469	0.00566
45	0.00645	0.00542	0.00547	0.00547	0.00715	0.00458	0.00402	0.00771	0.01193	0.01422	0.05178	0.05052	0.72333	0.06883	0.00780	0.00205	0.00289	0.01108	0.00486	0.00444
46	0.02408	0.00914	0.01246	0.00955	0.01370	0.00789	0.00789	0.02616	0.01536	0.78158	0.02118	0.01827	0.01329	0.00664	0.00540	0.00166	0.00457	0.00540	0.00664	0.00914
47	0.01074	0.01015	0.01719	0.65230	0.17842	0.01208	0.01521	0.01424	0.01102	0.01444	0.00965	0.01412	0.00741	0.00526	0.00536	0.00175	0.00701	0.00477	0.00244	0.00645
48	0.01331	0.02421	0.63633	0.01420	0.02141	0.01159	0.01755	0.01875	0.01210	0.16297	0.01184	0.01266	0.00804	0.00539	0.00516	0.00169	0.00729	0.00424	0.00310	0.00816
49	0.00767	0.00575	0.00863	0.00863	0.00959	0.00671	0.00671	0.00959	0.00863	0.01246	0.01438	0.02109	0.01342	0.04026	0.79008	0.00863	0.01438	0.00575	0.00288	0.00479
50	0.00755	0.00515	0.00615	0.00639	0.00652	0.00516	0.00386	0.00789	0.00834	0.01120	0.01913	0.18152	0.02208	0.59768	0.08472	0.00490	0.00554	0.00906	0.00355	0.00359
51	0.01317	0.01308	0.02368	0.03098	0.63472	0.01291	0.15811	0.01661	0.01231	0.01747	0.01024	0.01351	0.00843	0.00473	0.00551	0.00164	0.00689	0.00508	0.00267	0.00826
52	0.01267	0.01448	0.03167	0.02262	0.02805	0.01357	0.75837	0.01719	0.01267	0.01719	0.01086	0.01448	0.00814	0.00452	0.00633	0.00181	0.00905	0.00633	0.00271	0.00724
53	0.81333	0.01104	0.00821	0.00735	0.01065	0.04575	0.00601	0.01602	0.00940	0.02361	0.00751	0.00876	0.00586	0.00501	0.00339	0.00165	0.00439	0.00293	0.00330	0.00583
54	0.01329	0.01275	0.02179	0.03295	0.77787	0.01275	0.01647	0.01647	0.01222	0.01754	0.01010	0.01329	0.00850	0.00478	0.00531	0.00159	0.00638	0.00478	0.00266	0.00850
55	0.00921	0.01021	0.15539	0.00849	0.01137	0.00688	0.00797	0.01219	0.03755	0.07817	0.18193	0.13360	0.29166	0.01103	0.00624	0.00181	0.01641	0.00935	0.00476	0.00579
56	0.01331	0.15759	0.50550	0.01390	0.02054	0.04046	0.05110	0.01806	0.01192	0.10398	0.01060	0.01176	0.00763	0.00518	0.00490	0.00160	0.00729	0.00404	0.00281	0.00780
57	0.01395	0.01752	0.08059	0.02044	0.02553	0.16169	0.56443	0.01799	0.01306	0.01641	0.01029	0.01335	0.00782	0.00476	0.00596	0.00172	0.00909	0.00562	0.00269	0.00709
58	0.00798	0.00519	0.00579	0.00579	0.00589	0.00519	0.00329	0.00818	0.00808	0.01118	0.01696	0.03391	0.01905	0.74664	0.02543	0.00489	0.00499	0.00758	0.07060	0.00339
59	0.00986	0.00915	0.01456	0.48025	0.02673	0.01138	0.02464	0.01261	0.01059	0.01425	0.07295	0.10819	0.01394	0.00790	0.00797	0.00193	0.15800	0.00640	0.00297	0.00571
60	0.01427	0.01244	0.02470	0.01820	0.02253	0.01197	0.49345	0.01777	0.01263	0.16250	0.01405	0.07988	0.01128	0.00633	0.00711	0.00186	0.07141	0.00675	0.00362	0.00726
61	0.00640	0.00544	0.00551	0.00549	0.00728	0.00455	0.00412	0.00781	0.01236	0.01481	0.08561	0.05116	0.74427	0.01348	0.00634	0.00181	0.00271	0.01126	0.00502	0.00455
62	0.00654	0.00467	0.00623	0.00747	0.00779	0.00436	0.00498	0.00747	0.01028	0.01370	0.02959	0.80785	0.03550	0.01682	0.00685	0.00218	0.00311	0.01526	0.00498	0.00436
63	0.01279	0.02342	0.54193	0.04308	0.05819	0.01331	0.04967	0.15871	0.01407	0.02013	0.01033	0.01196	0.00740	0.00533	0.00522	0.00169	0.00749	0.00430	0.00290	0.00809
64	0.01254	0.02735	0.63685	0.01502	0.02197	0.16087	0.01803	0.01785	0.01207	0.01626	0.00938	0.01102	0.00682	0.00518	0.00505	0.00164	0.00827	0.00387	0.00236	0.00761
65	0.69173	0.01014	0.00876	0.00753	0.01102	0.01125	0.00621	0.01776	0.01032	0.16870	0.01009	0.01054	0.00724	0.00530	0.00372	0.00166	0.00423	0.00338	0.00396	0.00645
66	0.01906	0.01437	0.01535	0.01208	0.01613	0.01602	0.00988	0.62032	0.16707	0.03166	0.01460	0.01425	0.01051	0.00660	0.00539	0.00165	0.00559	0.00507	0.00539	0.00901
67	0.14409	0.01648	0.16105	0.01199	0.01673	0.01488	0.01124	0.44612	0.07985	0.02822	0.01216	0.01253	0.00876	0.00603	0.00501	0.00165	0.00589	0.00447	0.00447	0.00835
68	0.01342	0.22897	0.01656	0.00907	0.01362	0.02420	0.00779	0.11636	0.01302	0.01827	0.00938	0.01067	0.00779	0.00459	0.00424	0.00103	0.01682	0.00335	0.00322	0.47761

[dist]
# distance from previous block
# <min> <max>
0	33

[block]
# block no. 1 follows, 45 sequences, length 35
# corresponding to MSA columns:
# 181-186,188-216
name=unknown_B
#
# <colnr> <probs for GDERKNQSTAVLIFYWHMCP>
#	G	D	E	R	K	N	Q	S	T	A	V	L	I	F	Y	W	H	M	C	P
0	0.01081	0.10886	0.62092	0.01374	0.02061	0.01261	0.01713	0.01617	0.01170	0.01702	0.09073	0.01410	0.01147	0.00567	0.00506	0.00164	0.00713	0.00446	0.00266	0.00752
1	0.00648	0.00544	0.00562	0.00558	0.00733	0.00459	0.00418	0.00796	0.01255	0.01525	0.13095	0.05043	0.69865	0.01332	0.00634	0.00180	0.00270	0.01116	0.00508	0.00459
2	0.01383	0.70124	0.13695	0.01007	0.01514	0.01998	0.01072	0.01621	0.01097	0.01326	0.00778	0.00900	0.00688	0.00467	0.00368	0.00123	0.00606	0.00303	0.00229	0.00704
3	0.01119	0.11981	0.69517	0.01458	0.02213	0.01349	0.01859	0.01689	0.01128	0.01649	0.00938	0.01101	0.00681	0.00504	0.00491	0.00164	0.00768	0.00384	0.00227	0.00781
4	0.00767	0.00575	0.00863	0.00863	0.00959	0.00671	0.00671	0.00959	0.00863	0.01246	0.01438	0.02109	0.01342	0.04026	0.79008	0.00863	0.01438	0.00575	0.00288	0.00479
5	0.00767	0.00575	0.00863	0.00863	0.00959	0.00671	0.00671	0.00959	0.00863	0.01246	0.01438	0.02109	0.01342	0.04026	0.79008	0.00863	0.01438	0.00575	0.00288	0.00479
6	0.03858	0.00999	0.01290	0.00998	0.01378	0.00952	0.00823	0.08435	0.01469	0.51052	0.01700	0.01589	0.01134	0.00650	0.00644	0.00161	0.08926	0.00490	0.00551	0.12900
7	0.04981	0.69646	0.10752	0.00974	0.01464	0.01991	0.01017	0.01616	0.01088	0.01359	0.00769	0.00890	0.00683	0.00466	0.00361	0.00123	0.00591	0.00299	0.00234	0.00695
8	0.00941	0.00686	0.00842	0.00753	0.00925	0.00672	0.00578	0.11809	0.01658	0.02314	0.64923	0.03643	0.06078	0.01038	0.00619	0.00168	0.00302	0.00904	0.00581	0.00564
9	0.01148	0.01117	0.01929	0.26635	0.32410	0.01177	0.12120	0.01530	0.04427	0.01618	0.01524	0.01814	0.08988	0.00597	0.00559	0.00172	0.00652	0.00575	0.00295	0.00711
10	0.00810	0.00639	0.00946	0.00921	0.01006	0.00774	0.00724	0.00994	0.00858	0.01251	0.01360	0.02010	0.01274	0.03698	0.70800	0.00796	0.09801	0.00564	0.00282	0.00491
11	0.01108	0.09628	0.71776	0.01477	0.02241	0.01323	0.01891	0.01692	0.01130	0.01662	0.00944	0.01110	0.00681	0.00506	0.00496	0.00165	0.00774	0.00387	0.00227	0.00784
12	0.01014	0.00954	0.01610	0.79845	0.03697	0.01193	0.01491	0.01371	0.01073	0.01371	0.00954	0.01431	0.00716	0.00537	0.00537	0.00179	0.00716	0.00477	0.00239	0.00596
13	0.00837	0.00682	0.00698	0.00643	0.00860	0.00628	0.00496	0.11607	0.01411	0.01729	0.04840	0.04607	0.66527	0.01256	0.00620	0.00178	0.00318	0.01039	0.00504	0.00519
14	0.02195	0.00871	0.01149	0.00898	0.01272	0.00773	0.00736	0.04563	0.01506	0.65003	0.02041	0.01836	0.01323	0.00658	0.00516	0.00160	0.00431	0.00532	0.12682	0.00854
15	0.00644	0.00547	0.00558	0.00563	0.00742	0.00460	0.00427	0.00785	0.01224	0.01457	0.05326	0.05204	0.74372	0.01365	0.00639	0.00184	0.00281	0.04268	0.00498	0.00455
16	0.00654	0.00467	0.00623	0.00747	0.00779	0.00436	0.00498	0.00747	0.01028	0.01370	0.02959	0.80785	0.03550	0.01682	0.00685	0.00218	0.00311	0.01526	0.00498	0.00436
17	0.01860	0.02262	0.01374	0.01256	0.01511	0.67675	0.00942	0.02015	0.01464	0.01413	0.00962	0.01117	0.00790	0.00564	0.00468	0.00136	0.00865	0.00368	0.12354	0.00605
18	0.02254	0.00948	0.01241	0.00975	0.01374	0.00868	0.00798	0.02650	0.12381	0.67223	0.02127	0.01852	0.01373	0.00674	0.00541	0.00168	0.00452	0.00549	0.00647	0.00904
19	0.00654	0.00467	0.00623	0.00747	0.00779	0.00436	0.00498	0.00747	0.01028	0.01370	0.02959	0.80785	0.03550	0.01682	0.00685	0.00218	0.00311	0.01526	0.00498	0.00436
20	0.61292	0.01002	0.00920	0.00777	0.01133	0.01085	0.00641	0.01875	0.01092	0.24105	0.01140	0.01146	0.00795	0.00546	0.00392	0.00166	0.00427	0.00362	0.00427	0.00676
21	0.02322	0.00991	0.01288	0.00990	0.01401	0.00909	0.00817	0.13154	0.01678	0.65838	0.03535	0.01794	0.01345	0.00670	0.00541	0.00165	0.00472	0.00540	0.00645	0.00905
22	0.00769	0.00568	0.00828	0.00828	0.00912	0.00652	0.00628	0.00936	0.00853	0.01221	0.01469	0.02283	0.01417	0.13580	0.69557	0.00820	0.01324	0.00601	0.00292	0.00460
23	0.00823	0.00656	0.00963	0.00931	0.01012	0.00800	0.00732	0.01000	0.00855	0.01248	0.01343	0.02011	0.01268	0.05229	0.66890	0.00770	0.12131	0.00565	0.00281	0.00491
24	0.01500	0.01160	0.01250	0.01051	0.01366	0.01290	0.00836	0.30291	0.33129	0.02650	0.12667	0.02020	0.01840	0.00743	0.00545	0.00169	0.00453	0.00606	0.05631	0.00803
25	0.01085	0.01038	0.01014	0.00969	0.01109	0.16356	0.00731	0.01381	0.09053	0.01341	0.01411	0.02023	0.01305	0.12469	0.43844	0.00590	0.02878	0.00556	0.00316	0.00530
26	0.00716	0.00584	0.00880	0.00875	0.00985	0.00537	0.08488	0.00855	0.01086	0.01421	0.03172	0.59784	0.15564	0.01498	0.00671	0.00208	0.00368	0.01366	0.00474	0.00469
27	0.64272	0.01007	0.00903	0.00768	0.01121	0.01100	0.00633	0.01838	0.01069	0.21369	0.01090	0.01111	0.00768	0.00540	0.00384	0.00166	0.00426	0.00353	0.00415	0.00664
28	0.01318	0.01264	0.02159	0.05946	0.75221	0.01273	0.01642	0.01638	0.01217	0.01740	0.01008	0.01332	0.00846	0.00480	0.00532	0.00160	0.00640	0.00478	0.00265	0.00841
29	0.12935	0.00680	0.00693	0.00656	0.00870	0.00654	0.00508	0.01169	0.06850	0.05347	0.13828	0.04025	0.45767	0.01124	0.00582	0.00178	0.00316	0.02787	0.00498	0.00531
30	0.03646	0.06234	0.64435	0.01446	0.02172	0.01330	0.01791	0.09586	0.01273	0.01879	0.00982	0.01130	0.00702	0.00522	0.00500	0.00166	0.00751	0.00398	0.00263	0.00795
31	0.01421	0.01237	0.01597	0.08974	0.03892	0.01381	0.10481	0.15602	0.44572	0.02284	0.01734	0.01731	0.01294	0.00653	0.00554	0.00177	0.00549	0.00572	0.00472	0.00820
32	0.01492	0.12797	0.02085	0.03647	0.50711	0.03313	0.01380	0.03403	0.01268	0.11157	0.01120	0.01333	0.00894	0.00591	0.02412	0.00171	0.00634	0.00457	0.00316	0.00818
33	0.01314	0.01475	0.02489	0.03646	0.04265	0.11701	0.47308	0.01662	0.01242	0.01617	0.01097	0.05022	0.00915	0.00552	0.00663	0.00171	0.05966	0.00591	0.00284	0.08018
34	0.03111	0.01243	0.11538	0.37302	0.08432	0.01142	0.10578	0.04926	0.01203	0.01617	0.01633	0.01905	0.11810	0.00641	0.00554	0.00176	0.00666	0.00576	0.00297	0.00651

[dist]
# distance from previous block
# <min> <max>
0	5

[block]
# block no. 2 follows, 45 sequences, length 16
# corresponding to MSA columns:
# 222-237
name=unknown_C
#
# <colnr> <probs for GDERKNQSTAVLIFYWHMCP>
#	G	D	E	R	K	N	Q	S	T	A	V	L	I	F	Y	W	H	M	C	P
0	0.01220	0.01184	0.02072	0.28455	0.47242	0.01255	0.07643	0.01562	0.01177	0.01625	0.00998	0.01372	0.00803	0.00495	0.00541	0.00168	0.00685	0.00491	0.00257	0.00756
1	0.01180	0.14954	0.38490	0.01445	0.09420	0.07596	0.01439	0.01594	0.01235	0.01683	0.14455	0.01604	0.01475	0.00606	0.00505	0.00157	0.00661	0.00484	0.00300	0.00717
2	0.01249	0.18932	0.44936	0.01461	0.08115	0.03420	0.01551	0.03347	0.01212	0.04548	0.05611	0.01292	0.00992	0.00542	0.00485	0.00156	0.00689	0.00421	0.00277	0.00761
3	0.01117	0.01120	0.01347	0.01200	0.01275	0.11019	0.04480	0.01244	0.00968	0.01300	0.01300	0.15552	0.01392	0.09314	0.08145	0.00300	0.37402	0.00689	0.00302	0.00536
4	0.00757	0.00516	0.00620	0.00642	0.00657	0.00521	0.00391	0.00793	0.00833	0.01120	0.01890	0.17034	0.02173	0.59349	0.10025	0.00501	0.00576	0.00892	0.00352	0.00360
5	0.01104	0.00909	0.01237	0.01226	0.10465	0.00899	0.08274	0.01660	0.20788	0.07673	0.05636	0.03218	0.32813	0.00937	0.00592	0.00177	0.00433	0.00817	0.00476	0.00668
6	0.01214	0.07410	0.04853	0.10553	0.16281	0.05096	0.04745	0.12055	0.01344	0.01767	0.01650	0.22978	0.01675	0.00895	0.00574	0.00180	0.00575	0.05117	0.00374	0.00664
7	0.02408	0.00914	0.01246	0.00955	0.01370	0.00789	0.00789	0.02616	0.01536	0.78158	0.02118	0.01827	0.01329	0.00664	0.00540	0.00166	0.00457	0.00540	0.00664	0.00914
8	0.01232	0.01390	0.14798	0.01125	0.01505	0.01248	0.01014	0.02479	0.57274	0.02084	0.02234	0.02107	0.07658	0.00741	0.00547	0.00180	0.00478	0.00613	0.00486	0.00807
9	0.01244	0.01504	0.10336	0.06319	0.19391	0.01334	0.44346	0.01662	0.01211	0.01686	0.01031	0.01375	0.00798	0.00493	0.00651	0.00178	0.04874	0.00559	0.00262	0.00746
10	0.00758	0.00536	0.00752	0.00787	0.00864	0.00584	0.00583	0.00920	0.00929	0.01342	0.01898	0.23958	0.01980	0.06005	0.47187	0.00603	0.00982	0.00840	0.08028	0.00463
11	0.00743	0.00570	0.00806	0.00806	0.00917	0.00632	0.00624	0.00925	0.00926	0.01282	0.02145	0.02649	0.14819	0.03554	0.65151	0.00742	0.01232	0.00674	0.00325	0.00475
12	0.01904	0.16508	0.01750	0.01301	0.01610	0.65392	0.01016	0.02049	0.01445	0.01305	0.00815	0.00949	0.00691	0.00537	0.00459	0.00134	0.00898	0.00335	0.00268	0.00634
13	0.01215	0.01159	0.01973	0.30989	0.50982	0.01245	0.01591	0.01548	0.01168	0.01615	0.00990	0.01366	0.00802	0.00499	0.00533	0.00166	0.00666	0.00478	0.00256	0.00758
14	0.02408	0.00914	0.01246	0.00955	0.01370	0.00789	0.00789	0.02616	0.01536	0.78158	0.02118	0.01827	0.01329	0.00664	0.00540	0.00166	0.00457	0.00540	0.00664	0.00914
15	0.01827	0.15587	0.01763	0.01157	0.01573	0.01696	0.00976	0.51767	0.13522	0.02836	0.01329	0.01321	0.00983	0.00624	0.00504	0.00156	0.00563	0.00467	0.00484	0.00864

[dist]
# distance from previous block
# <min> <max>
0	6

[block]
# block no. 3 follows, 45 sequences, length 26
# corresponding to MSA columns:
# 244-267,269,270
name=unknown_D
#
# <colnr> <probs for GDERKNQSTAVLIFYWHMCP>
#	G	D	E	R	K	N	Q	S	T	A	V	L	I	F	Y	W	H	M	C	P
0	0.01014	0.00954	0.01610	0.79845	0.03697	0.01193	0.01491	0.01371	0.01073	0.01371	0.00954	0.01431	0.00716	0.00537	0.00537	0.00179	0.00716	0.00477	0.00239	0.00596
1	0.00717	0.00633	0.00775	0.17729	0.01369	0.00613	0.00643	0.00901	0.01191	0.01433	0.04466	0.04357	0.60914	0.01181	0.00613	0.00181	0.00368	0.00991	0.00442	0.00484
2	0.01428	0.54677	0.19024	0.01108	0.01617	0.11411	0.01164	0.01694	0.01153	0.01364	0.00804	0.00933	0.00687	0.00482	0.00398	0.00130	0.00670	0.00318	0.00235	0.00703
3	0.01154	0.18593	0.12654	0.04118	0.01660	0.01169	0.10762	0.02581	0.01229	0.04685	0.05241	0.02989	0.02850	0.00862	0.00575	0.00183	0.00599	0.25053	0.00368	0.02674
4	0.01212	0.04652	0.01535	0.18263	0.01867	0.01425	0.01112	0.07897	0.11861	0.01644	0.01184	0.06251	0.01047	0.00814	0.01057	0.00200	0.34505	0.00549	0.02278	0.00648
5	0.01077	0.02777	0.78354	0.01530	0.02323	0.01247	0.01983	0.01700	0.01133	0.01700	0.00963	0.01133	0.00680	0.00510	0.00510	0.00170	0.00793	0.00397	0.00227	0.00793
6	0.01185	0.01041	0.01543	0.01121	0.01579	0.00867	0.16938	0.03596	0.01236	0.04308	0.07574	0.01462	0.01185	0.00485	0.00477	0.00114	0.00503	0.00454	0.00349	0.53985
7	0.01630	0.01222	0.01360	0.01145	0.01476	0.01349	0.00947	0.45860	0.13239	0.02743	0.01765	0.02461	0.01510	0.00975	0.03740	0.00211	0.00579	0.16475	0.00519	0.00795
8	0.01287	0.01110	0.01192	0.01028	0.01369	0.01201	0.00803	0.02527	0.60411	0.02138	0.01918	0.01810	0.01456	0.00657	0.00514	0.00160	0.00419	0.00544	0.00497	0.18959
9	0.00947	0.00474	0.00656	0.00656	0.00683	0.00474	0.00446	0.00819	0.00792	0.01164	0.01110	0.01712	0.01029	0.01596	0.01725	0.66123	0.00419	0.00474	0.18411	0.00291
10	0.00712	0.00547	0.00652	0.00625	0.00773	0.00486	0.00469	0.00921	0.01407	0.01886	0.50154	0.04449	0.32581	0.01197	0.00634	0.00174	0.00260	0.01032	0.00556	0.00486
11	0.66965	0.01139	0.00967	0.00821	0.01174	0.01304	0.00676	0.17705	0.01262	0.02620	0.00865	0.00962	0.00653	0.00530	0.00377	0.00165	0.00453	0.00332	0.00377	0.00653
12	0.01231	0.01176	0.02003	0.26896	0.54944	0.01250	0.01599	0.01562	0.01176	0.01636	0.00993	0.01360	0.00809	0.00496	0.00533	0.00165	0.00662	0.00478	0.00257	0.00772
13	0.67044	0.01011	0.00888	0.00760	0.01110	0.01114	0.00626	0.01803	0.01049	0.18824	0.01044	0.01079	0.00743	0.00534	0.00377	0.00166	0.00424	0.00345	0.00404	0.00653
14	0.01247	0.01389	0.02837	0.02078	0.02503	0.01420	0.59657	0.01627	0.01171	0.01627	0.01003	0.01389	0.00791	0.00558	0.00878	0.00193	0.18079	0.00598	0.00264	0.00694
15	0.00672	0.00480	0.00644	0.00768	0.00807	0.00452	0.00530	0.00779	0.01045	0.01390	0.02949	0.74397	0.03511	0.01665	0.00690	0.00220	0.00327	0.07736	0.00498	0.00441
16	0.00839	0.01005	0.17491	0.00896	0.01113	0.00679	0.00827	0.01084	0.01056	0.01561	0.02138	0.41525	0.02296	0.01282	0.03776	0.00215	0.03411	0.00997	0.17274	0.00534
17	0.00713	0.00503	0.00643	0.00691	0.00744	0.00475	0.00463	0.00834	0.01120	0.01531	0.24838	0.41222	0.03654	0.18726	0.01113	0.00269	0.00339	0.01199	0.00488	0.00433
18	0.03770	0.00956	0.01247	0.00966	0.01367	0.00870	0.00795	0.08811	0.02947	0.66035	0.05024	0.01854	0.01434	0.00678	0.00540	0.00166	0.00459	0.00549	0.00643	0.00890
19	0.01329	0.01265	0.02096	0.03107	0.71256	0.01281	0.01579	0.01750	0.07684	0.01796	0.01110	0.01386	0.00918	0.00500	0.00533	0.00161	0.00620	0.00489	0.00290	0.00850
20	0.78883	0.01041	0.00850	0.03290	0.01139	0.01221	0.00634	0.01560	0.00915	0.02330	0.00752	0.00902	0.00591	0.00517	0.00396	0.00169	0.03599	0.00304	0.00325	0.00582
21	0.01386	0.26539	0.38844	0.01313	0.01893	0.18358	0.01456	0.01768	0.01204	0.01484	0.00869	0.01015	0.00685	0.00504	0.00454	0.00146	0.00765	0.00352	0.00238	0.00725
22	0.01062	0.00597	0.00773	0.00752	0.00907	0.00540	0.00555	0.01217	0.01246	0.18153	0.16445	0.32626	0.13945	0.04311	0.02616	0.00220	0.00366	0.02579	0.00539	0.00553
23	0.01135	0.12858	0.29919	0.01371	0.01909	0.01228	0.17814	0.04265	0.01236	0.03181	0.01965	0.02059	0.17395	0.00682	0.00543	0.00167	0.00660	0.00600	0.00316	0.00697
24	0.01314	0.18755	0.02540	0.01666	0.02098	0.08253	0.39336	0.01692	0.04287	0.01590	0.01284	0.01956	0.01133	0.00620	0.00570	0.00172	0.00761	0.10990	0.00306	0.00680
25	0.02367	0.00979	0.01286	0.00986	0.01403	0.00887	0.00815	0.10799	0.01647	0.69820	0.02025	0.01767	0.01282	0.00662	0.00539	0.00166	0.00472	0.00534	0.00650	0.00913

[dist]
# distance from previous block
# <min> <max>
0	3

[block]
# block no. 4 follows, 45 sequences, length 8
# corresponding to MSA columns:
# 274-281
name=unknown_E
#
# <colnr> <probs for GDERKNQSTAVLIFYWHMCP>
#	G	D	E	R	K	N	Q	S	T	A	V	L	I	F	Y	W	H	M	C	P
0	0.01163	0.00844	0.01137	0.00998	0.01192	0.00868	0.07189	0.18993	0.01380	0.05895	0.01998	0.30758	0.02084	0.12640	0.09977	0.00315	0.00597	0.00932	0.00448	0.00590
1	0.01644	0.24748	0.08689	0.01214	0.01659	0.07593	0.09465	0.17606	0.01549	0.12735	0.07012	0.01429	0.01176	0.00588	0.00493	0.00150	0.00624	0.00470	0.00392	0.00762
2	0.01715	0.01418	0.18746	0.01173	0.01636	0.01047	0.05273	0.14962	0.03460	0.31037	0.05815	0.06324	0.03483	0.00716	0.00554	0.00171	0.00556	0.00601	0.00500	0.00812
3	0.01148	0.00609	0.00735	0.00669	0.00763	0.00581	0.00430	0.01195	0.00951	0.18455	0.01788	0.03132	0.01811	0.62964	0.02237	0.00440	0.00506	0.00726	0.00402	0.00458
4	0.01284	0.01205	0.01979	0.22825	0.44568	0.01285	0.05446	0.05845	0.06938	0.01781	0.01103	0.01410	0.00876	0.00520	0.00540	0.00167	0.00653	0.00496	0.00295	0.00781
5	0.19774	0.00810	0.00674	0.00645	0.00867	0.06651	0.00495	0.01058	0.01176	0.01656	0.04025	0.03874	0.54282	0.01103	0.00555	0.00175	0.00358	0.00882	0.00444	0.00495
6	0.05291	0.00639	0.00811	0.00747	0.00930	0.00585	0.00563	0.01268	0.01357	0.14630	0.39805	0.20657	0.03627	0.01086	0.00600	0.00174	0.00317	0.00952	0.00553	0.05406
7	0.00806	0.00650	0.00974	0.01323	0.18168	0.00626	0.00758	0.00951	0.01072	0.01457	0.02518	0.62842	0.02941	0.01410	0.00650	0.00205	0.00385	0.01289	0.00446	0.00530

[dist]
# distance from previous block
# <min> <max>
0	1

[block]
# block no. 5 follows, 45 sequences, length 21
# corresponding to MSA columns:
# 283-303
name=unknown_F
#
# <colnr> <probs for GDERKNQSTAVLIFYWHMCP>
#	G	D	E	R	K	N	Q	S	T	A	V	L	I	F	Y	W	H	M	C	P
0	0.49236	0.06803	0.18391	0.00954	0.01384	0.02619	0.00958	0.01649	0.03836	0.03190	0.01008	0.01327	0.00827	0.00575	0.00413	0.00169	0.00527	0.05165	0.00324	0.00646
1	0.14441	0.42993	0.02243	0.01097	0.01517	0.07705	0.10411	0.01754	0.04402	0.05789	0.02636	0.01118	0.00861	0.00509	0.00416	0.00140	0.00602	0.00379	0.00300	0.00687
2	0.10668	0.01119	0.01536	0.26415	0.13985	0.01197	0.03033	0.15311	0.01370	0.02016	0.02698	0.01326	0.00871	0.00528	0.00492	0.00153	0.00583	0.00444	0.00332	0.15923
3	0.01547	0.56943	0.07917	0.01066	0.01513	0.16881	0.01022	0.05110	0.01242	0.01401	0.00803	0.00921	0.00699	0.00489	0.00392	0.00125	0.00667	0.00315	0.00252	0.00694
4	0.01864	0.05713	0.01486	0.01282	0.01544	0.66191	0.00975	0.02013	0.01446	0.01375	0.00908	0.01065	0.00755	0.00567	0.00505	0.00139	0.03156	0.00361	0.08043	0.00613
5	0.00732	0.00544	0.00660	0.00633	0.00758	0.00495	0.00461	0.00927	0.01361	0.01852	0.51203	0.04229	0.22155	0.10608	0.00881	0.00213	0.00289	0.00987	0.00537	0.00472
6	0.14242	0.00996	0.01099	0.00816	0.01264	0.00850	0.00659	0.05766	0.01189	0.06486	0.01010	0.01128	0.00800	0.00443	0.00404	0.00103	0.00415	0.00336	0.00353	0.61637
7	0.02184	0.00957	0.01248	0.00948	0.01374	0.00833	0.00780	0.07071	0.01533	0.61569	0.01885	0.01682	0.01220	0.00622	0.00518	0.00152	0.00456	0.00502	0.00603	0.13864
8	0.00689	0.00494	0.00661	0.00779	0.00830	0.00466	0.00554	0.00810	0.01075	0.01426	0.04612	0.66020	0.04985	0.01632	0.00692	0.00221	0.00338	0.12773	0.00500	0.00447
9	0.00654	0.00467	0.00623	0.00747	0.00779	0.00436	0.00498	0.00747	0.01028	0.01370	0.02959	0.80785	0.03550	0.01682	0.00685	0.00218	0.00311	0.01526	0.00498	0.00436
10	0.71900	0.00949	0.00775	0.00705	0.00986	0.01090	0.00563	0.01442	0.00880	0.02179	0.00776	0.00990	0.00636	0.00710	0.00606	0.13227	0.00423	0.00318	0.00317	0.00527
11	0.01248	0.01361	0.02830	0.02321	0.14293	0.01303	0.57793	0.01659	0.01248	0.01708	0.01181	0.01725	0.00966	0.00535	0.00649	0.00183	0.02569	0.05418	0.00284	0.00726
12	0.07639	0.00921	0.01217	0.00939	0.01349	0.00815	0.00776	0.02550	0.01497	0.73357	0.02031	0.01767	0.01281	0.00654	0.00527	0.00166	0.00454	0.00524	0.00643	0.00892
13	0.01276	0.00751	0.00821	0.00736	0.00935	0.00775	0.00569	0.18309	0.01456	0.07202	0.01857	0.14046	0.01604	0.00796	0.00471	0.00150	0.00351	0.00658	0.46625	0.00611
14	0.00740	0.00536	0.00698	0.00683	0.00796	0.00494	0.00503	0.00965	0.01435	0.02012	0.63970	0.15948	0.06814	0.01195	0.00641	0.00177	0.00263	0.01061	0.00574	0.00494
15	0.01048	0.05709	0.31640	0.01559	0.08527	0.01135	0.12655	0.01439	0.01096	0.01562	0.01328	0.13655	0.01240	0.01113	0.09874	0.00260	0.04559	0.00634	0.00287	0.00680
16	0.00780	0.00524	0.00601	0.00601	0.00607	0.00529	0.00345	0.00791	0.00785	0.01053	0.01677	0.03432	0.01916	0.76689	0.07130	0.00540	0.00573	0.00769	0.00323	0.00334
17	0.01710	0.01922	0.01534	0.01587	0.13352	0.44704	0.01072	0.11070	0.01512	0.01646	0.01161	0.10494	0.01082	0.00703	0.00577	0.00158	0.04190	0.00528	0.00332	0.00670
18	0.01028	0.00951	0.01510	0.49750	0.04353	0.02799	0.06134	0.02701	0.02906	0.01507	0.03408	0.07173	0.03413	0.00758	0.00581	0.00188	0.00648	0.09283	0.00317	0.00594
19	0.57739	0.13550	0.01323	0.00879	0.01254	0.01351	0.05590	0.04894	0.01073	0.06963	0.00879	0.00986	0.00674	0.00506	0.00376	0.00159	0.00482	0.00336	0.00342	0.00643
20	0.01154	0.08219	0.16866	0.29899	0.11502	0.01354	0.14255	0.01540	0.01117	0.01524	0.00948	0.01297	0.00738	0.00535	0.00625	0.00174	0.06844	0.00472	0.00244	0.00693

[dist]
# distance from previous block
# <min> <max>
0	11

[block]
# block no. 6 follows, 45 sequences, length 20
# corresponding to MSA columns:
# 315-330,333-336
name=unknown_G
#
# <colnr> <probs for GDERKNQSTAVLIFYWHMCP>
#	G	D	E	R	K	N	Q	S	T	A	V	L	I	F	Y	W	H	M	C	P
0	0.00769	0.00562	0.00796	0.00792	0.00872	0.00628	0.00589	0.00928	0.00900	0.01280	0.07708	0.02543	0.01767	0.19071	0.57480	0.00738	0.01159	0.00648	0.00320	0.00451
1	0.01626	0.01258	0.01673	0.12423	0.14956	0.03167	0.05915	0.31881	0.01768	0.09621	0.01556	0.03292	0.05386	0.00669	0.00554	0.00169	0.00606	0.02251	0.00434	0.00794
2	0.01441	0.29330	0.27211	0.03511	0.01826	0.14542	0.01309	0.07556	0.05613	0.01639	0.00962	0.01083	0.00759	0.00524	0.00454	0.00146	0.00709	0.00372	0.00279	0.00736
3	0.02127	0.01365	0.01525	0.01169	0.01595	0.01458	0.00966	0.58717	0.02291	0.20992	0.01484	0.01416	0.01011	0.00649	0.00538	0.00162	0.00559	0.00497	0.00567	0.00913
4	0.00654	0.00467	0.00623	0.00747	0.00779	0.00436	0.00498	0.00747	0.01028	0.01370	0.02959	0.80785	0.03550	0.01682	0.00685	0.00218	0.00311	0.01526	0.00498	0.00436
5	0.01377	0.16589	0.32279	0.01637	0.08648	0.09213	0.12774	0.06598	0.01292	0.03336	0.00979	0.01157	0.00747	0.00506	0.00500	0.00157	0.00754	0.00423	0.00272	0.00762
6	0.00814	0.00609	0.00801	0.00834	0.00881	0.00655	0.00593	0.04235	0.01029	0.01394	0.02388	0.51566	0.04848	0.06682	0.03317	0.07136	0.10158	0.01176	0.00429	0.00454
7	0.00767	0.00575	0.00863	0.00863	0.00959	0.00671	0.00671	0.00959	0.00863	0.01246	0.01438	0.02109	0.01342	0.04026	0.79008	0.00863	0.01438	0.00575	0.00288	0.00479
8	0.01329	0.01275	0.02179	0.03295	0.77787	0.01275	0.01647	0.01647	0.01222	0.01754	0.01010	0.01329	0.00850	0.00478	0.00531	0.00159	0.00638	0.00478	0.00266	0.00850
9	0.01043	0.00984	0.01664	0.72609	0.10700	0.01200	0.01506	0.01398	0.01087	0.01408	0.00959	0.01421	0.00728	0.00531	0.00536	0.00177	0.00708	0.00477	0.00241	0.00620
10	0.02224	0.00873	0.01187	0.00924	0.01307	0.00757	0.00757	0.02437	0.01534	0.69653	0.10554	0.02071	0.01747	0.00713	0.00550	0.00166	0.00434	0.00588	0.00656	0.00868
11	0.00675	0.00482	0.00646	0.00771	0.00811	0.00454	0.00534	0.00783	0.01048	0.01393	0.02947	0.73521	0.03505	0.01662	0.00691	0.00221	0.00329	0.08587	0.00498	0.00442
12	0.01125	0.01189	0.02396	0.26315	0.02854	0.01206	0.44049	0.01518	0.01216	0.01624	0.06180	0.03828	0.02778	0.00573	0.00605	0.00181	0.00774	0.00641	0.00293	0.00656
13	0.04889	0.00635	0.00800	0.00744	0.00930	0.00586	0.00578	0.01285	0.01392	0.15718	0.39097	0.10767	0.12300	0.01107	0.00616	0.00181	0.00325	0.06917	0.00565	0.00570
14	0.01031	0.00972	0.01187	0.01088	0.01157	0.08187	0.00860	0.01174	0.00901	0.01252	0.01134	0.01780	0.01100	0.09088	0.37004	0.00537	0.30227	0.00533	0.00270	0.00519
15	0.01233	0.00984	0.01146	0.00835	0.01300	0.00786	0.00670	0.04718	0.04318	0.06006	0.01083	0.01196	0.00864	0.00436	0.00417	0.00092	0.00410	0.00349	0.00356	0.72800
16	0.15619	0.16716	0.06801	0.03331	0.01690	0.20620	0.10155	0.08453	0.01332	0.06127	0.00962	0.01115	0.00752	0.00572	0.00519	0.03149	0.00694	0.00395	0.00316	0.00680
17	0.08994	0.00624	0.00643	0.00591	0.00778	0.00629	0.00459	0.03344	0.01190	0.11012	0.01689	0.01858	0.01285	0.00619	0.00395	0.00135	0.00298	0.00485	0.64405	0.00567
18	0.01139	0.07537	0.01252	0.00805	0.01281	0.00831	0.00659	0.01373	0.01111	0.01709	0.00937	0.01092	0.00786	0.00403	0.00393	0.00082	0.00412	0.00315	0.00311	0.77570
19	0.23424	0.00970	0.01129	0.00886	0.01287	0.00920	0.00730	0.04844	0.01373	0.48980	0.01629	0.01497	0.01073	0.00596	0.00473	0.00158	0.00445	0.00453	0.00543	0.08591

[dist]
# distance from previous block
# <min> <max>
0	1

[block]
# block no. 7 follows, 45 sequences, length 48
# corresponding to MSA columns:
# 338-385
name=unknown_H
#
# <colnr> <probs for GDERKNQSTAVLIFYWHMCP>
#	G	D	E	R	K	N	Q	S	T	A	V	L	I	F	Y	W	H	M	C	P
0	0.00771	0.00565	0.00726	0.00690	0.00819	0.00529	0.00515	0.01056	0.03950	0.02104	0.70063	0.07543	0.06401	0.01118	0.00633	0.00172	0.00262	0.00988	0.00583	0.00513
1	0.01014	0.00954	0.01610	0.79845	0.03697	0.01193	0.01491	0.01371	0.01073	0.01371	0.00954	0.01431	0.00716	0.00537	0.00537	0.00179	0.00716	0.00477	0.00239	0.00596
2	0.00656	0.00472	0.00622	0.00737	0.00777	0.00439	0.00495	0.00756	0.01049	0.01395	0.05071	0.75697	0.06541	0.01653	0.00682	0.00215	0.00308	0.01495	0.00501	0.00439
3	0.84927	0.01038	0.00789	0.00706	0.01038	0.01204	0.00581	0.01578	0.00914	0.02408	0.00747	0.00872	0.00581	0.00498	0.00332	0.00166	0.00415	0.00291	0.00332	0.00581
4	0.00646	0.00534	0.00569	0.00591	0.00746	0.00456	0.00437	0.00781	0.01198	0.01454	0.06166	0.17056	0.62547	0.01409	0.00646	0.00189	0.00284	0.03339	0.00500	0.00453
5	0.72362	0.01019	0.00859	0.00744	0.01089	0.01141	0.00613	0.01736	0.01008	0.13943	0.00956	0.01017	0.00695	0.00524	0.00364	0.00166	0.00422	0.00329	0.00383	0.00632
6	0.01023	0.00649	0.00843	0.00860	0.00946	0.00641	0.00608	0.01108	0.01098	0.11174	0.03628	0.48081	0.02819	0.12664	0.03618	0.00289	0.06194	0.02725	0.00494	0.00537
7	0.01001	0.00500	0.00500	0.00500	0.00625	0.00500	0.00375	0.01251	0.01126	0.02001	0.01751	0.02001	0.01376	0.00625	0.00375	0.00125	0.00250	0.00500	0.84115	0.00500
8	0.01080	0.01050	0.01496	0.57160	0.02988	0.07430	0.01313	0.01377	0.01076	0.01370	0.01048	0.04483	0.00875	0.00813	0.04995	0.00218	0.07613	0.00512	0.02520	0.00582
9	0.00837	0.00579	0.00844	0.00840	0.00940	0.00648	0.00641	0.01009	0.00903	0.04914	0.01609	0.08531	0.01558	0.08556	0.64117	0.00756	0.01242	0.00663	0.00325	0.00487
10	0.01222	0.01165	0.01995	0.23386	0.52525	0.01225	0.03662	0.01552	0.01185	0.01645	0.01082	0.01579	0.00918	0.00540	0.00545	0.00169	0.00659	0.03914	0.00269	0.00763
11	0.00663	0.00476	0.00632	0.00754	0.00793	0.00445	0.00513	0.00765	0.01042	0.01383	0.03005	0.75708	0.05084	0.01666	0.00687	0.00219	0.00319	0.04908	0.00498	0.00439
12	0.78708	0.01116	0.00862	0.00810	0.03231	0.04828	0.00633	0.01606	0.00951	0.02339	0.00759	0.00889	0.00594	0.00500	0.00345	0.00165	0.00447	0.00299	0.00328	0.00591
13	0.01346	0.01628	0.06298	0.08128	0.02600	0.13258	0.50924	0.01733	0.01260	0.01606	0.01010	0.01343	0.00775	0.00504	0.00659	0.00177	0.05235	0.00557	0.00266	0.00694
14	0.00811	0.00579	0.00709	0.00721	0.00774	0.00591	0.00487	0.02128	0.03182	0.01317	0.06217	0.18525	0.02413	0.42584	0.07385	0.00416	0.02205	0.06787	0.00393	0.01777
15	0.05338	0.24908	0.41050	0.01571	0.12332	0.01501	0.03047	0.01661	0.01125	0.01618	0.00900	0.01076	0.00704	0.00489	0.00459	0.00153	0.00693	0.00376	0.00239	0.00760
16	0.01285	0.01236	0.02080	0.10621	0.64387	0.01297	0.01594	0.01592	0.01175	0.01679	0.00980	0.01326	0.00825	0.00521	0.00631	0.00167	0.07060	0.00477	0.00261	0.00804
17	0.02408	0.00914	0.01246	0.00955	0.01370	0.00789	0.00789	0.02616	0.01536	0.78158	0.02118	0.01827	0.01329	0.00664	0.00540	0.00166	0.00457	0.00540	0.00664	0.00914
18	0.01078	0.01023	0.01801	0.56911	0.13430	0.01181	0.09328	0.01408	0.01093	0.01436	0.00974	0.01430	0.00756	0.00594	0.00633	0.04850	0.00711	0.00493	0.00245	0.00624
19	0.01189	0.01313	0.02802	0.02088	0.04561	0.01238	0.63548	0.01593	0.01227	0.01668	0.01281	0.09249	0.01104	0.00711	0.03657	0.00210	0.00860	0.00715	0.00294	0.00690
20	0.02408	0.00914	0.01246	0.00955	0.01370	0.00789	0.00789	0.02616	0.01536	0.78158	0.02118	0.01827	0.01329	0.00664	0.00540	0.00166	0.00457	0.00540	0.00664	0.00914
21	0.00781	0.00520	0.00585	0.00585	0.00585	0.00520	0.00325	0.00781	0.00781	0.01041	0.01691	0.03513	0.01952	0.81135	0.02732	0.00520	0.00520	0.00781	0.00325	0.00325
22	0.01233	0.12116	0.19562	0.03039	0.06729	0.04953	0.32354	0.01636	0.01192	0.01617	0.01085	0.03367	0.00877	0.00655	0.03668	0.00192	0.00800	0.00525	0.03690	0.00709
23	0.01014	0.00954	0.01610	0.79845	0.03697	0.01193	0.01491	0.01371	0.01073	0.01371	0.00954	0.01431	0.00716	0.00537	0.00537	0.00179	0.00716	0.00477	0.00239	0.00596
24	0.00971	0.00596	0.00780	0.00707	0.00873	0.00541	0.00540	0.01213	0.01510	0.12079	0.64758	0.03770	0.07465	0.01051	0.00621	0.00169	0.00281	0.00921	0.00597	0.00558
25	0.00659	0.00471	0.00629	0.00754	0.00787	0.00441	0.00508	0.00757	0.01033	0.01376	0.02956	0.78889	0.03539	0.01677	0.00687	0.00219	0.00316	0.03369	0.00498	0.00437
26	0.01270	0.10606	0.08953	0.02062	0.05089	0.01441	0.56810	0.01690	0.01222	0.01655	0.01024	0.01345	0.00788	0.00473	0.00621	0.00174	0.03225	0.00565	0.00262	0.00726
27	0.00653	0.00469	0.00621	0.00741	0.00777	0.00437	0.00496	0.00748	0.01033	0.01373	0.03031	0.78565	0.05723	0.01672	0.00684	0.00217	0.00310	0.01514	0.00498	0.00437
28	0.01406	0.75111	0.08907	0.00968	0.01454	0.02053	0.01004	0.01615	0.01094	0.01298	0.00764	0.00883	0.00688	0.00463	0.00358	0.00119	0.00592	0.00296	0.00229	0.00697
29	0.05125	0.00972	0.01157	0.00841	0.01303	0.00769	0.02845	0.02658	0.01131	0.01801	0.00994	0.02713	0.00843	0.00434	0.00410	0.00091	0.00415	0.00353	0.00325	0.74822
30	0.01180	0.14119	0.60766	0.01463	0.02174	0.05088	0.04702	0.01708	0.01151	0.01619	0.00930	0.01098	0.00687	0.00502	0.00490	0.00161	0.00774	0.00388	0.00231	0.00767
31	0.02005	0.02558	0.01521	0.01383	0.01659	0.78980	0.01037	0.02143	0.01521	0.01314	0.00830	0.00968	0.00691	0.00553	0.00484	0.00138	0.00968	0.00346	0.00277	0.00622
32	0.00776	0.00580	0.00729	0.00670	0.00828	0.00518	0.00503	0.01011	0.01442	0.02026	0.62384	0.03886	0.12177	0.02623	0.00655	0.00170	0.00272	0.00931	0.00554	0.07267
33	0.01177	0.24850	0.57162	0.01358	0.02058	0.01493	0.01685	0.01674	0.01121	0.01577	0.00902	0.01057	0.00682	0.00496	0.00464	0.00155	0.00732	0.00366	0.00227	0.00764
34	0.02408	0.00914	0.01246	0.00955	0.01370	0.00789	0.00789	0.02616	0.01536	0.78158	0.02118	0.01827	0.01329	0.00664	0.00540	0.00166	0.00457	0.00540	0.00664	0.00914
35	0.00659	0.00469	0.00621	0.00741	0.00771	0.00439	0.00492	0.00749	0.01018	0.01358	0.02910	0.77806	0.03489	0.04744	0.00764	0.00230	0.00319	0.01497	0.00492	0.00432
36	0.00750	0.00541	0.00711	0.00694	0.00809	0.00502	0.00517	0.00984	0.01451	0.02040	0.66080	0.13330	0.04818	0.01180	0.00643	0.00177	0.00268	0.03429	0.00577	0.00498
