[name]
unknown

[dist]
# distance from previous block
# <min> <max>
4	94

[block]
# block no. 0 follows, 49 sequences, length 27
# corresponding to MSA columns:
# 97-123
name=unknown_A
#
# <colnr> <probs for GDERKNQSTAVLIFYWHMCP>
#	G	D	E	R	K	N	Q	S	T	A	V	L	I	F	Y	W	H	M	C	P
0	0.27357	0.04769	0.03236	0.03221	0.01304	0.03776	0.00759	0.08542	0.01308	0.36713	0.03405	0.01361	0.01016	0.00568	0.00440	0.00153	0.00462	0.00421	0.00465	0.00725
1	0.03844	0.67745	0.08604	0.00927	0.01379	0.01878	0.00943	0.07195	0.01127	0.01403	0.00757	0.00862	0.00661	0.00451	0.00350	0.00117	0.00554	0.00292	0.00241	0.00670
2	0.01363	0.37295	0.24682	0.01102	0.01607	0.03095	0.01168	0.14012	0.07042	0.02838	0.00967	0.01047	0.00757	0.00498	0.00419	0.00136	0.00598	0.00358	0.00292	0.00725
3	0.01677	0.01269	0.01361	0.01102	0.01461	0.01419	0.00891	0.45891	0.31650	0.05429	0.01568	0.01492	0.01138	0.00638	0.00509	0.00160	0.00492	0.00502	0.00513	0.00837
4	0.00708	0.00511	0.00669	0.00641	0.00754	0.00472	0.00477	0.00936	0.01397	0.01973	0.73122	0.09620	0.04665	0.01075	0.00600	0.00163	0.00243	0.00954	0.00550	0.00472
5	0.00802	0.02668	0.00891	0.06799	0.01089	0.01783	0.03045	0.02961	0.01109	0.02945	0.16227	0.48649	0.02993	0.01247	0.00652	0.00188	0.03921	0.01109	0.00444	0.00478
6	0.00627	0.00444	0.00588	0.00696	0.00731	0.00415	0.00467	0.00725	0.00988	0.01333	0.05722	0.77022	0.03353	0.01540	0.00637	0.00202	0.00290	0.01395	0.02410	0.00415
7	0.00983	0.00901	0.01345	0.40273	0.02294	0.03009	0.03264	0.02902	0.01029	0.01395	0.04034	0.10686	0.01238	0.00755	0.00749	0.00181	0.16351	0.02971	0.05098	0.00542
8	0.00690	0.00511	0.00643	0.00621	0.00742	0.00464	0.00462	0.00900	0.01353	0.01869	0.61532	0.09658	0.16455	0.01113	0.00600	0.00164	0.00245	0.00977	0.00536	0.00464
9	0.01435	0.01133	0.01212	0.01046	0.01359	0.01284	0.00826	0.16095	0.60188	0.06700	0.01903	0.01756	0.01404	0.00668	0.00513	0.00167	0.00430	0.00547	0.00519	0.00815
10	0.01106	0.01106	0.01549	0.01328	0.01328	0.01549	0.01106	0.01217	0.00774	0.01217	0.00664	0.01106	0.00664	0.00885	0.01659	0.00221	0.81303	0.00443	0.00221	0.00553
11	0.04173	0.01463	0.01470	0.01148	0.01536	0.08634	0.00939	0.64305	0.02199	0.07293	0.01205	0.01205	0.00855	0.00597	0.00496	0.00150	0.00577	0.00442	0.00485	0.00827
12	0.01844	0.02336	0.01440	0.01304	0.01550	0.75731	0.00984	0.01974	0.01396	0.01236	0.00775	0.00923	0.00652	0.00542	0.00524	0.00135	0.05479	0.00332	0.00258	0.00584
13	0.00628	0.00461	0.00592	0.00688	0.00746	0.00425	0.00478	0.00734	0.01019	0.01333	0.04962	0.63925	0.14593	0.01514	0.00640	0.00201	0.00297	0.05875	0.00471	0.00418
14	0.01300	0.01167	0.01913	0.11057	0.62026	0.01198	0.01456	0.06097	0.02675	0.04730	0.01023	0.01290	0.00823	0.00477	0.00502	0.00153	0.00595	0.00455	0.00282	0.00782
15	0.01796	0.01217	0.01406	0.01115	0.01487	0.02958	0.04494	0.34880	0.21847	0.20913	0.01602	0.01511	0.01123	0.00622	0.00512	0.00158	0.00507	0.00502	0.00520	0.00830
16	0.00896	0.00677	0.00891	0.14977	0.06183	0.00728	0.00629	0.06619	0.00934	0.01244	0.01401	0.02674	0.01493	0.56439	0.01921	0.00386	0.00535	0.00646	0.00303	0.00425
17	0.01567	0.01109	0.01136	0.00931	0.01187	0.07414	0.00713	0.35544	0.01631	0.12255	0.01411	0.01933	0.01214	0.26364	0.01151	0.00257	0.00540	0.00541	0.02450	0.00654
18	0.01603	0.00903	0.01106	0.00913	0.01239	0.00861	0.00745	0.14773	0.07338	0.31339	0.01927	0.08138	0.03287	0.00778	0.00526	0.00159	0.00432	0.10382	0.00513	0.13038
19	0.01210	0.43282	0.36787	0.01159	0.01733	0.01607	0.03228	0.03192	0.01079	0.01426	0.00813	0.00948	0.00653	0.00457	0.00404	0.00134	0.00641	0.00328	0.00222	0.00698
20	0.00694	0.00520	0.00595	0.00590	0.00738	0.00454	0.00441	0.00854	0.01220	0.04212	0.25044	0.12566	0.46040	0.01225	0.00602	0.00172	0.00266	0.02814	0.00499	0.00455
21	0.00955	0.00899	0.01517	0.81013	0.03483	0.01123	0.01404	0.01292	0.01011	0.01292	0.00899	0.01348	0.00674	0.00506	0.00506	0.00169	0.00674	0.00449	0.00225	0.00562
22	0.00713	0.00486	0.00575	0.00589	0.00611	0.00475	0.00358	0.00761	0.00872	0.01179	0.12613	0.16542	0.02502	0.57340	0.01974	0.00396	0.00422	0.00878	0.00369	0.00348
23	0.01698	0.28533	0.01879	0.01048	0.01464	0.01679	0.00915	0.49124	0.01876	0.02460	0.01031	0.01073	0.00785	0.00540	0.00440	0.00134	0.00544	0.00388	0.00401	0.03988
24	0.00866	0.00637	0.00971	0.05275	0.04114	0.00603	0.06671	0.01027	0.01039	0.07202	0.02245	0.51827	0.02495	0.01298	0.02936	0.00205	0.00422	0.03617	0.00425	0.06125
25	0.01162	0.01356	0.07970	0.01784	0.02151	0.01336	0.45611	0.03636	0.01087	0.01535	0.00929	0.01285	0.00747	0.00673	0.03419	0.00204	0.23687	0.00531	0.00251	0.00648
26	0.01186	0.00837	0.03203	0.00944	0.01171	0.00823	0.00796	0.07512	0.17731	0.12944	0.04656	0.09884	0.03872	0.01049	0.00601	0.00195	0.00436	0.31035	0.00498	0.00628

[dist]
# distance from previous block
# <min> <max>
0	21

[block]
# block no. 1 follows, 49 sequences, length 29
# corresponding to MSA columns:
# 145-173
name=unknown_B
#
# <colnr> <probs for GDERKNQSTAVLIFYWHMCP>
#	G	D	E	R	K	N	Q	S	T	A	V	L	I	F	Y	W	H	M	C	P
0	0.01483	0.01233	0.01281	0.02910	0.01453	0.04109	0.00871	0.26297	0.49710	0.02405	0.01720	0.01627	0.01276	0.00651	0.00510	0.00164	0.00474	0.00523	0.00496	0.00806
1	0.00683	0.00517	0.00631	0.00608	0.00742	0.00465	0.00459	0.00889	0.01340	0.01814	0.54486	0.04160	0.26917	0.01118	0.00600	0.00165	0.00251	0.03165	0.00528	0.00462
2	0.06764	0.06247	0.61550	0.01301	0.01943	0.01188	0.01597	0.05642	0.01117	0.01693	0.01013	0.05882	0.00808	0.00550	0.00473	0.00160	0.00676	0.00430	0.00251	0.00715
3	0.08179	0.02422	0.01287	0.08792	0.01553	0.03392	0.00860	0.22650	0.05364	0.35130	0.01502	0.01458	0.01023	0.00703	0.03235	0.00178	0.00532	0.00466	0.00495	0.00779
4	0.00797	0.00528	0.00696	0.00669	0.00791	0.00486	0.00500	0.01010	0.01358	0.06555	0.61288	0.15148	0.04308	0.01098	0.00601	0.00167	0.00263	0.02700	0.00546	0.00490
5	0.01252	0.01201	0.02053	0.03104	0.79074	0.01201	0.01552	0.01552	0.01151	0.01652	0.00951	0.01252	0.00801	0.00451	0.00501	0.00150	0.00601	0.00451	0.00250	0.00801
6	0.01161	0.31202	0.42788	0.01167	0.01742	0.01445	0.01370	0.05260	0.01142	0.01560	0.06035	0.01163	0.00929	0.00506	0.00433	0.00141	0.00630	0.00376	0.00252	0.00699
7	0.01225	0.01174	0.02004	0.10154	0.72234	0.01194	0.01539	0.01528	0.01139	0.01619	0.00946	0.01260	0.00789	0.00456	0.00501	0.00152	0.00607	0.00450	0.00248	0.00779
8	0.00624	0.00448	0.00592	0.00695	0.00734	0.00416	0.00468	0.00724	0.01008	0.01350	0.08822	0.74154	0.05018	0.01535	0.00641	0.00201	0.00288	0.01389	0.00476	0.00416
9	0.00960	0.00595	0.00842	0.08489	0.01048	0.00647	0.00619	0.05918	0.00894	0.01225	0.04018	0.01830	0.01140	0.01404	0.01504	0.54256	0.04436	0.04962	0.04863	0.00350
10	0.01169	0.04106	0.01559	0.25940	0.25892	0.01165	0.01174	0.08872	0.11334	0.01654	0.01175	0.01593	0.00986	0.10388	0.00748	0.00198	0.00577	0.00494	0.00308	0.00668
11	0.01186	0.01152	0.01855	0.07277	0.49057	0.01310	0.01397	0.01427	0.01020	0.01488	0.00854	0.01210	0.00748	0.00596	0.00880	0.00175	0.26975	0.00448	0.00239	0.00705
12	0.01066	0.00676	0.00705	0.00653	0.00828	0.00722	0.00502	0.06642	0.18500	0.02033	0.06328	0.01953	0.01530	0.00639	0.00414	0.00135	0.00294	0.00519	0.55285	0.00572
13	0.85801	0.00978	0.00743	0.00665	0.00978	0.01134	0.00548	0.01486	0.00861	0.02269	0.00704	0.00821	0.00548	0.00469	0.00313	0.00156	0.00391	0.00274	0.00313	0.00548
14	0.01378	0.01146	0.01211	0.01053	0.01361	0.01314	0.00830	0.16233	0.64419	0.02310	0.01905	0.01765	0.01420	0.00672	0.00513	0.00168	0.00429	0.00551	0.00513	0.00811
15	0.02015	0.01392	0.01410	0.01108	0.01490	0.11750	0.00902	0.46430	0.01992	0.24274	0.01375	0.01316	0.00942	0.00601	0.00500	0.00150	0.00568	0.00453	0.00507	0.00824
16	0.00785	0.00596	0.00754	0.00660	0.00848	0.00518	0.00503	0.01021	0.01352	0.01949	0.62586	0.03209	0.03934	0.00897	0.00550	0.00142	0.00267	0.00786	0.00503	0.18142
17	0.05695	0.24773	0.11340	0.01091	0.01506	0.19284	0.01004	0.16915	0.02962	0.09480	0.01003	0.01058	0.00763	0.00519	0.00431	0.00137	0.00632	0.00362	0.00335	0.00708
18	0.01870	0.01251	0.01386	0.01083	0.01457	0.01350	0.00885	0.56221	0.06674	0.15681	0.01459	0.04361	0.01076	0.02154	0.00550	0.00162	0.00515	0.00513	0.00521	0.00830
19	0.00815	0.00582	0.00815	0.00931	0.01048	0.00582	0.00815	0.01048	0.01164	0.01513	0.02677	0.05704	0.02910	0.01397	0.00698	0.00233	0.00466	0.75671	0.00466	0.00466
20	0.02250	0.00859	0.01154	0.26262	0.01832	0.00984	0.00911	0.09516	0.09990	0.06819	0.08451	0.09528	0.03810	0.00774	0.00628	0.01599	0.06492	0.00622	0.06919	0.00601
21	0.00615	0.00443	0.00584	0.00697	0.00732	0.00411	0.00466	0.00705	0.00974	0.01293	0.02868	0.79245	0.05947	0.01574	0.00644	0.00204	0.00292	0.01425	0.00469	0.00411
22	0.01149	0.01830	0.38512	0.01464	0.01999	0.01162	0.19390	0.08252	0.01251	0.04276	0.09908	0.01484	0.01184	0.00570	0.00592	0.00165	0.05304	0.00504	0.00302	0.00703
23	0.00620	0.00443	0.00590	0.00702	0.00734	0.00413	0.00470	0.00713	0.00985	0.01318	0.05599	0.79010	0.03397	0.01564	0.00644	0.00204	0.00291	0.01418	0.00473	0.00413
24	0.00850	0.00727	0.01087	0.15876	0.09912	0.02567	0.00875	0.01058	0.00913	0.01259	0.01335	0.09446	0.01283	0.03768	0.43762	0.00525	0.03373	0.00596	0.00278	0.00510
25	0.01393	0.75976	0.04623	0.00882	0.01321	0.01911	0.00885	0.01568	0.01051	0.05440	0.00778	0.00867	0.00681	0.00444	0.00339	0.00112	0.00540	0.00286	0.00238	0.00663
26	0.01226	0.42001	0.25755	0.01027	0.01498	0.01484	0.01120	0.01500	0.01059	0.05588	0.05629	0.01170	0.00946	0.00584	0.00527	0.05228	0.02379	0.00368	0.00259	0.00652
27	0.15628	0.14527	0.01325	0.00897	0.01226	0.04806	0.00746	0.09294	0.19984	0.16304	0.02900	0.01467	0.02121	0.00641	0.01724	0.00159	0.00468	0.00445	0.04630	0.00707
28	0.67640	0.01182	0.00914	0.04473	0.03496	0.12252	0.00677	0.01554	0.00957	0.02061	0.00731	0.00871	0.00575	0.00478	0.00347	0.00153	0.00483	0.00294	0.00300	0.00561

[dist]
# distance from previous block
# <min> <max>
1	3

[block]
# block no. 2 follows, 49 sequences, length 50
# corresponding to MSA columns:
# 177-195,303-333
name=unknown_C
#
# <colnr> <probs for GDERKNQSTAVLIFYWHMCP>
#	G	D	E	R	K	N	Q	S	T	A	V	L	I	F	Y	W	H	M	C	P
0	0.00740	0.00524	0.00638	0.00624	0.00763	0.00468	0.00468	0.00922	0.01277	0.05311	0.39437	0.13209	0.29103	0.01172	0.00602	0.00171	0.00267	0.03316	0.00518	0.00470
1	0.01902	0.00940	0.01130	0.00888	0.01228	0.00923	0.00727	0.23542	0.01634	0.42063	0.01703	0.01610	0.01149	0.00613	0.00476	0.00147	0.00427	0.00486	0.17629	0.00782
2	0.01263	0.42856	0.07006	0.00906	0.01264	0.07880	0.00849	0.04719	0.04816	0.03065	0.19001	0.01611	0.01670	0.00606	0.00429	0.00131	0.00506	0.00458	0.00333	0.00630
3	0.00632	0.00461	0.00597	0.00693	0.00746	0.00424	0.00473	0.00729	0.00988	0.01307	0.02923	0.70140	0.09630	0.02774	0.00667	0.00205	0.00300	0.03664	0.00463	0.02184
4	0.05680	0.17471	0.01480	0.00986	0.01294	0.10883	0.00809	0.23764	0.12117	0.04126	0.03926	0.07623	0.01212	0.00727	0.00557	0.05247	0.00525	0.00503	0.00395	0.00674
5	0.01279	0.62285	0.12848	0.03724	0.01578	0.01806	0.05983	0.01519	0.01038	0.01276	0.00757	0.00905	0.00657	0.00450	0.00395	0.00123	0.02184	0.00315	0.00219	0.00659
6	0.07378	0.36435	0.05405	0.01065	0.01434	0.32680	0.00935	0.05516	0.01252	0.02654	0.00789	0.00898	0.00663	0.00484	0.00394	0.00125	0.00685	0.00310	0.00261	0.00636
7	0.10862	0.09553	0.01311	0.00961	0.01265	0.01228	0.00792	0.23271	0.12895	0.13437	0.01496	0.06225	0.01237	0.03371	0.02417	0.00187	0.04127	0.04212	0.00444	0.00709
8	0.01196	0.00951	0.01548	0.52953	0.16649	0.01083	0.01314	0.03309	0.01125	0.11636	0.01099	0.03057	0.00833	0.00536	0.00508	0.00164	0.00618	0.00478	0.00294	0.00648
9	0.01111	0.00977	0.01312	0.01302	0.17317	0.00838	0.02933	0.03115	0.04047	0.01694	0.01053	0.01366	0.00900	0.00460	0.00431	0.00106	0.00444	0.04094	0.00309	0.56190
10	0.00629	0.00446	0.00583	0.00687	0.00713	0.00419	0.00451	0.00708	0.00942	0.01257	0.02655	0.73234	0.03178	0.10475	0.00858	0.00237	0.00315	0.01360	0.00451	0.00399
11	0.74859	0.00963	0.00800	0.00696	0.01019	0.01083	0.00573	0.01615	0.00937	0.12375	0.00873	0.00939	0.00640	0.00490	0.00339	0.00156	0.00396	0.00305	0.00354	0.00589
12	0.00913	0.00584	0.00723	0.00681	0.00759	0.00606	0.00464	0.05263	0.00918	0.07003	0.03396	0.02744	0.01662	0.49424	0.22217	0.00521	0.00706	0.00657	0.00338	0.00420
13	0.00725	0.00533	0.00767	0.00767	0.00842	0.00608	0.00576	0.00874	0.00799	0.01140	0.01396	0.02215	0.01364	0.17370	0.66783	0.00757	0.01205	0.00575	0.00277	0.00426
14	0.08912	0.01372	0.01393	0.01099	0.01468	0.05798	0.00897	0.59644	0.04304	0.04394	0.01198	0.01254	0.00879	0.02206	0.02721	0.00176	0.00576	0.00445	0.00469	0.00795
15	0.01085	0.00878	0.01035	0.00754	0.01183	0.00666	0.00600	0.01303	0.01063	0.05115	0.01026	0.04407	0.00878	0.00436	0.00392	0.00084	0.00374	0.00356	0.00321	0.78043
16	0.00867	0.00877	0.05282	0.10365	0.01634	0.00829	0.19868	0.01102	0.00991	0.01348	0.01659	0.25721	0.01739	0.08943	0.11250	0.00298	0.03502	0.02887	0.00325	0.00515
17	0.01454	0.65192	0.02417	0.00976	0.01376	0.17370	0.02373	0.01616	0.01110	0.01207	0.00725	0.00842	0.00652	0.00450	0.00356	0.00114	0.00620	0.00288	0.00226	0.00637
18	0.80548	0.00973	0.00791	0.05639	0.01133	0.01134	0.00601	0.01474	0.00870	0.02208	0.00716	0.00854	0.00555	0.00472	0.00325	0.00157	0.00409	0.00285	0.00307	0.00549
19	0.00791	0.04356	0.00845	0.00762	0.00842	0.00667	0.00578	0.00900	0.00816	0.01148	0.01367	0.02255	0.01354	0.16730	0.46843	0.09515	0.03013	0.03911	0.02894	0.00415
20	0.01025	0.01020	0.04935	0.58536	0.02912	0.01165	0.01290	0.01599	0.17308	0.01478	0.01138	0.01443	0.00856	0.00552	0.00536	0.00170	0.02660	0.00472	0.00285	0.00620
21	0.00619	0.00463	0.00577	0.00666	0.00733	0.00421	0.00462	0.00723	0.01021	0.01318	0.03356	0.59970	0.21878	0.01502	0.00636	0.00198	0.00291	0.04277	0.00469	0.00417
22	0.01154	0.01189	0.01635	0.01416	0.03379	0.05481	0.05311	0.01288	0.00840	0.01251	0.00697	0.01114	0.00672	0.00830	0.01511	0.00212	0.70780	0.00445	0.00226	0.00568
23	0.00666	0.00515	0.00607	0.00584	0.00725	0.00456	0.00438	0.00858	0.01314	0.01750	0.47861	0.04235	0.35891	0.01137	0.00597	0.00164	0.00246	0.00979	0.00520	0.00456
24	0.00700	0.00661	0.04288	0.00633	0.00827	0.00547	0.00512	0.00988	0.08261	0.01565	0.18173	0.07249	0.51456	0.01155	0.00586	0.00170	0.00290	0.00976	0.00478	0.00485
25	0.01352	0.82533	0.02650	0.00865	0.01298	0.02001	0.00865	0.01514	0.01027	0.01190	0.00703	0.00811	0.00649	0.00433	0.00324	0.00108	0.00541	0.00270	0.00216	0.00649
26	0.00743	0.00552	0.00687	0.00748	0.00830	0.00546	0.00528	0.04338	0.07720	0.01513	0.08620	0.60677	0.05585	0.01405	0.00624	0.00196	0.00314	0.03420	0.00482	0.00472
27	0.01369	0.79978	0.02611	0.00879	0.01306	0.04495	0.00869	0.01530	0.01040	0.01191	0.00706	0.00814	0.00649	0.00435	0.00329	0.00109	0.00553	0.00272	0.00218	0.00647
28	0.05734	0.00912	0.01036	0.00758	0.01192	0.00728	0.00606	0.01355	0.04866	0.01705	0.00946	0.01078	0.00777	0.00395	0.00378	0.00084	0.00377	0.00312	0.00311	0.76448
29	0.01798	0.01380	0.01467	0.01158	0.01536	0.05372	0.02798	0.54995	0.15933	0.06228	0.01375	0.01346	0.00988	0.00613	0.00507	0.00155	0.00548	0.00476	0.00494	0.00831
30	0.01922	0.01416	0.01518	0.01163	0.01568	0.01568	0.00961	0.77388	0.02378	0.03187	0.01214	0.01214	0.00860	0.00607	0.00506	0.00152	0.00556	0.00455	0.00506	0.00860
31	0.00868	0.00560	0.00726	0.00692	0.00830	0.00522	0.00526	0.01065	0.01307	0.10045	0.45961	0.14847	0.12175	0.01110	0.00625	0.00172	0.02273	0.04662	0.00529	0.00504
32	0.01536	0.01224	0.01300	0.01085	0.01421	0.01388	0.00868	0.33922	0.46474	0.02563	0.01705	0.01605	0.01258	0.00653	0.00511	0.00163	0.00466	0.00523	0.00511	0.00825
33	0.01904	0.01193	0.01377	0.04788	0.01544	0.01269	0.00899	0.46253	0.06723	0.24457	0.03379	0.01468	0.01100	0.00623	0.00509	0.00155	0.00509	0.00488	0.00528	0.00833
34	0.69302	0.01201	0.00964	0.00836	0.01152	0.12290	0.04838	0.01569	0.00960	0.02088	0.00733	0.00864	0.00574	0.00474	0.00349	0.00154	0.00490	0.00299	0.00302	0.00560
35	0.85801	0.00978	0.00743	0.00665	0.00978	0.01134	0.00548	0.01486	0.00861	0.02269	0.00704	0.00821	0.00548	0.00469	0.00313	0.00156	0.00391	0.00274	0.00313	0.00548
36	0.00878	0.00439	0.00659	0.00659	0.00659	0.00439	0.00439	0.00659	0.00659	0.00878	0.00878	0.01537	0.00878	0.01757	0.01976	0.85288	0.00439	0.00439	0.00220	0.00220
37	0.00616	0.00440	0.00587	0.00704	0.00733	0.00411	0.00469	0.00704	0.00968	0.01291	0.02787	0.81899	0.03344	0.01584	0.00645	0.00205	0.00293	0.01438	0.00469	0.00411
38	0.01047	0.10277	0.72231	0.01386	0.02103	0.01254	0.01772	0.01593	0.01064	0.01562	0.00888	0.01043	0.00641	0.00476	0.00465	0.00155	0.00728	0.00364	0.00214	0.00738
39	0.01352	0.82533	0.02650	0.00865	0.01298	0.02001	0.00865	0.01514	0.01027	0.01190	0.00703	0.00811	0.00649	0.00433	0.00324	0.00108	0.00541	0.00270	0.00216	0.00649
40	0.01177	0.01001	0.01073	0.00970	0.01231	0.01141	0.00752	0.02428	0.66684	0.02102	0.13538	0.02169	0.02026	0.00738	0.00527	0.00170	0.00376	0.00623	0.00521	0.00752
41	0.01922	0.01416	0.01518	0.01163	0.01568	0.01568	0.00961	0.77388	0.02378	0.03187	0.01214	0.01214	0.00860	0.00607	0.00506	0.00152	0.00556	0.00455	0.00506	0.00860
42	0.00755	0.00613	0.00935	0.01211	0.16149	0.00588	0.02617	0.00893	0.01010	0.01370	0.02382	0.64048	0.02781	0.01333	0.00616	0.00194	0.00368	0.01223	0.00421	0.00494
43	0.00716	0.00517	0.00676	0.00636	0.00755	0.00477	0.00477	0.00954	0.01431	0.02028	0.78808	0.03777	0.04771	0.01034	0.00596	0.00159	0.00239	0.00914	0.00557	0.00477
44	0.01076	0.08602	0.60882	0.01617	0.10590	0.01247	0.05913	0.01590	0.01081	0.01576	0.00903	0.01084	0.00666	0.00470	0.00477	0.00156	0.00721	0.00386	0.00220	0.00742
45	0.01244	0.01197	0.02027	0.03014	0.75144	0.01219	0.01529	0.01535	0.01132	0.01630	0.00937	0.01244	0.00794	0.00473	0.00559	0.00154	0.04681	0.00450	0.00249	0.00788
46	0.00716	0.00540	0.00797	0.00797	0.00892	0.00622	0.00620	0.00894	0.00830	0.01184	0.01545	0.02132	0.05188	0.03665	0.76199	0.00780	0.01299	0.00568	0.00281	0.00450
47	0.01215	0.01253	0.08664	0.03737	0.14013	0.05653	0.04882	0.09462	0.24824	0.01925	0.09522	0.02074	0.05460	0.00694	0.00530	0.00164	0.00520	0.04294	0.00406	0.00708
48	0.00676	0.04672	0.00676	0.00607	0.00781	0.00535	0.00488	0.00825	0.01148	0.01384	0.04448	0.04816	0.60895	0.01259	0.00602	0.00179	0.00309	0.14796	0.00456	0.00445
49	0.01856	0.01367	0.01471	0.01140	0.01526	0.01510	0.00936	0.73511	0.02306	0.03091	0.01294	0.05293	0.00986	0.00656	0.00513	0.00154	0.00543	0.00505	0.00504	0.00837

[dist]
# distance from previous block
# <min> <max>
0	9

[block]
# block no. 3 follows, 49 sequences, length 8
# corresponding to MSA columns:
# 343-350
name=unknown_D
#
# <colnr> <probs for GDERKNQSTAVLIFYWHMCP>
#	G	D	E	R	K	N	Q	S	T	A	V	L	I	F	Y	W	H	M	C	P
0	0.01060	0.27530	0.33863	0.01099	0.01592	0.01281	0.04196	0.01425	0.01144	0.01569	0.18830	0.01623	0.01602	0.00591	0.00462	0.00144	0.00568	0.00474	0.00295	0.00651
1	0.01143	0.13828	0.47508	0.01506	0.02139	0.01335	0.19084	0.04783	0.01146	0.01613	0.00917	0.01105	0.00680	0.00466	0.00486	0.00155	0.00734	0.00414	0.00236	0.00723
2	0.01593	0.17965	0.05914	0.00908	0.01238	0.05113	0.00789	0.04079	0.01255	0.34191	0.01759	0.19945	0.01531	0.00792	0.00497	0.00156	0.00469	0.00654	0.00458	0.00692
3	0.00698	0.00518	0.00761	0.00788	0.00864	0.00581	0.00595	0.00857	0.00849	0.01201	0.01685	0.20435	0.01744	0.03283	0.61854	0.00672	0.01110	0.00749	0.00317	0.00442
4	0.04645	0.16017	0.10664	0.01130	0.03859	0.21882	0.03527	0.04152	0.01204	0.06993	0.01357	0.19699	0.01326	0.00749	0.00485	0.00153	0.00605	0.00607	0.00331	0.00613
5	0.01229	0.01050	0.01616	0.05026	0.52877	0.03644	0.01221	0.01506	0.01146	0.04585	0.01144	0.01407	0.00923	0.00493	0.00466	0.00143	0.00523	0.00453	0.19837	0.00712
6	0.00809	0.00688	0.01075	0.41067	0.02121	0.00784	0.00941	0.01057	0.01097	0.01462	0.19387	0.23365	0.02331	0.00915	0.00564	0.00176	0.00472	0.00820	0.00367	0.00502
7	0.11166	0.26524	0.12484	0.01079	0.01509	0.01566	0.03404	0.24569	0.06920	0.02055	0.00991	0.01074	0.00768	0.00529	0.00467	0.00144	0.03310	0.00379	0.00337	0.00723

[dist]
# distance from previous block
# <min> <max>
5	13

[block]
# block no. 4 follows, 49 sequences, length 8
# corresponding to MSA columns:
# 365-372
name=unknown_E
#
# <colnr> <probs for GDERKNQSTAVLIFYWHMCP>
#	G	D	E	R	K	N	Q	S	T	A	V	L	I	F	Y	W	H	M	C	P
0	0.00772	0.00486	0.00628	0.00628	0.00644	0.00502	0.00402	0.00745	0.00729	0.00988	0.01356	0.02589	0.01474	0.46165	0.16530	0.23524	0.00634	0.00620	0.00276	0.00309
1	0.01184	0.01115	0.01886	0.09504	0.65011	0.01134	0.01467	0.01480	0.01141	0.01608	0.01116	0.01696	0.00997	0.00548	0.00520	0.00160	0.00594	0.07823	0.00269	0.00748
2	0.03320	0.03911	0.50281	0.09163	0.05618	0.01089	0.01525	0.01593	0.01127	0.09130	0.07537	0.01381	0.01055	0.00541	0.00488	0.00159	0.00646	0.00438	0.00288	0.00712
3	0.01216	0.01396	0.16368	0.14104	0.38385	0.01169	0.04005	0.01694	0.09275	0.05821	0.01111	0.01328	0.00854	0.00498	0.00503	0.00158	0.00617	0.00457	0.00288	0.00754
4	0.08019	0.00829	0.01349	0.05834	0.12972	0.00825	0.15092	0.01163	0.01077	0.01532	0.03547	0.20094	0.08204	0.04347	0.00663	0.00197	0.00505	0.12838	0.00364	0.00547
5	0.11353	0.00713	0.00836	0.00782	0.00990	0.00702	0.00599	0.01468	0.10918	0.16751	0.09441	0.28042	0.04317	0.01007	0.00543	0.00174	0.00353	0.04874	0.00484	0.05651
6	0.01598	0.01362	0.15564	0.01116	0.01528	0.01128	0.03438	0.28588	0.01594	0.20024	0.01427	0.07695	0.01116	0.02973	0.00616	0.00168	0.03912	0.00534	0.00441	0.05179
7	0.01234	0.01339	0.10523	0.14798	0.17572	0.01193	0.32877	0.01607	0.01148	0.08082	0.01045	0.01328	0.00782	0.00484	0.00583	0.00166	0.03754	0.00507	0.00275	0.00703

[dist]
# distance from previous block
# <min> <max>
16	406

[block]
# block no. 5 follows, 49 sequences, length 13
# corresponding to MSA columns:
# 783-795
name=unknown_F
#
# <colnr> <probs for GDERKNQSTAVLIFYWHMCP>
#	G	D	E	R	K	N	Q	S	T	A	V	L	I	F	Y	W	H	M	C	P
0	0.10432	0.01767	0.01404	0.01269	0.05323	0.44291	0.04690	0.02039	0.03039	0.19415	0.01102	0.01150	0.00812	0.00535	0.00464	0.00143	0.00718	0.00388	0.00355	0.00666
1	0.04848	0.00539	0.00549	0.00551	0.00719	0.00475	0.00420	0.00791	0.01138	0.01433	0.07286	0.04636	0.65718	0.03379	0.00642	0.00182	0.00281	0.05520	0.00460	0.00434
2	0.01377	0.05373	0.01917	0.04476	0.50676	0.01219	0.05091	0.04942	0.08661	0.09553	0.01164	0.01344	0.00908	0.00497	0.00499	0.00152	0.00574	0.00466	0.00322	0.00789
3	0.00793	0.00546	0.00699	0.00646	0.00793	0.00492	0.00487	0.01014	0.01378	0.05771	0.63074	0.06286	0.10676	0.01027	0.00585	0.00158	0.00257	0.00900	0.00539	0.03881
4	0.85801	0.00978	0.00743	0.00665	0.00978	0.01134	0.00548	0.01486	0.00861	0.02269	0.00704	0.00821	0.00548	0.00469	0.00313	0.00156	0.00391	0.00274	0.00313	0.00548
5	0.01371	0.44007	0.05172	0.05152	0.01518	0.03434	0.04150	0.10676	0.05954	0.04646	0.01122	0.01497	0.00977	0.00577	0.00431	0.00140	0.00559	0.07630	0.00312	0.00673
6	0.00955	0.00899	0.01517	0.81013	0.03483	0.01123	0.01404	0.01292	0.01011	0.01292	0.00899	0.01348	0.00674	0.00506	0.00506	0.00169	0.00674	0.00449	0.00225	0.00562
7	0.01071	0.00509	0.00539	0.00513	0.00657	0.00498	0.00391	0.01302	0.01098	0.09373	0.01683	0.01869	0.01292	0.00593	0.00368	0.00122	0.00254	0.00475	0.76885	0.00509
8	0.01108	0.02243	0.59096	0.01458	0.02114	0.01184	0.11560	0.07803	0.01191	0.01749	0.00986	0.01161	0.00709	0.00489	0.00491	0.00159	0.00719	0.00415	0.04631	0.00734
9	0.00701	0.00516	0.00656	0.00621	0.00746	0.00471	0.00466	0.00926	0.01397	0.01945	0.69634	0.03913	0.13996	0.01065	0.00597	0.00161	0.00241	0.00934	0.00546	0.00471
10	0.01221	0.19979	0.46019	0.01351	0.01945	0.12114	0.07539	0.01641	0.01119	0.01463	0.00855	0.01014	0.00654	0.00471	0.00452	0.00146	0.00733	0.00362	0.00224	0.00699
11	0.06275	0.00929	0.01053	0.00764	0.01203	0.00747	0.00614	0.05062	0.01103	0.01762	0.00903	0.01043	0.00742	0.00392	0.00377	0.00084	0.00385	0.00306	0.00311	0.75946
12	0.85801	0.00978	0.00743	0.00665	0.00978	0.01134	0.00548	0.01486	0.00861	0.02269	0.00704	0.00821	0.00548	0.00469	0.00313	0.00156	0.00391	0.00274	0.00313	0.00548

[dist]
# distance from previous block
# <min> <max>
0	1

[block]
# block no. 6 follows, 49 sequences, length 10
# corresponding to MSA columns:
# 798-807
name=unknown_G
#
# <colnr> <probs for GDERKNQSTAVLIFYWHMCP>
#	G	D	E	R	K	N	Q	S	T	A	V	L	I	F	Y	W	H	M	C	P
0	0.01192	0.01141	0.01945	0.18745	0.63898	0.01186	0.01522	0.01500	0.01123	0.01580	0.00941	0.01271	0.00776	0.00462	0.00502	0.00154	0.00615	0.00450	0.00245	0.00753
1	0.00955	0.00899	0.01517	0.81013	0.03483	0.01123	0.01404	0.01292	0.01011	0.01292	0.00899	0.01348	0.00674	0.00506	0.00506	0.00169	0.00674	0.00449	0.00225	0.00562
2	0.85801	0.00978	0.00743	0.00665	0.00978	0.01134	0.00548	0.01486	0.00861	0.02269	0.00704	0.00821	0.00548	0.00469	0.00313	0.00156	0.00391	0.00274	0.00313	0.00548
3	0.00898	0.01035	0.15011	0.00895	0.01170	0.00793	0.00832	0.01469	0.19256	0.01869	0.33409	0.03129	0.08540	0.00909	0.00567	0.00171	0.00393	0.08588	0.00469	0.00596
4	0.00706	0.00517	0.00663	0.00626	0.00750	0.00473	0.00470	0.00936	0.01409	0.01976	0.73002	0.03863	0.10609	0.01053	0.00597	0.00160	0.00240	0.00927	0.00550	0.00473
5	0.01195	0.01129	0.01912	0.08040	0.67480	0.01144	0.01480	0.01492	0.01143	0.01617	0.01094	0.01636	0.00972	0.00535	0.00518	0.00158	0.00594	0.06838	0.00267	0.00757
6	0.00732	0.00502	0.00610	0.00610	0.00630	0.00522	0.00379	0.00773	0.00753	0.01024	0.01540	0.03015	0.01711	0.64779	0.19849	0.00562	0.00683	0.00692	0.00299	0.00339
7	0.00716	0.00517	0.00676	0.00636	0.00755	0.00477	0.00477	0.00954	0.01431	0.02028	0.78808	0.03777	0.04771	0.01034	0.00596	0.00159	0.00239	0.00914	0.00557	0.00477
8	0.85801	0.00978	0.00743	0.00665	0.00978	0.01134	0.00548	0.01486	0.00861	0.02269	0.00704	0.00821	0.00548	0.00469	0.00313	0.00156	0.00391	0.00274	0.00313	0.00548
9	0.01086	0.01093	0.01826	0.44611	0.16194	0.04924	0.14975	0.01412	0.01088	0.01421	0.00983	0.03791	0.00796	0.00512	0.00519	0.00162	0.00684	0.00496	0.00246	0.03177

[dist]
# distance from previous block
# <min> <max>
0	1

[block]
# block no. 7 follows, 49 sequences, length 47
# corresponding to MSA columns:
# 809-829,831-856
name=unknown_H
#
# <colnr> <probs for GDERKNQSTAVLIFYWHMCP>
#	G	D	E	R	K	N	Q	S	T	A	V	L	I	F	Y	W	H	M	C	P
0	0.01754	0.00728	0.00955	0.00773	0.01066	0.00646	0.00623	0.01964	0.01370	0.51544	0.14673	0.02094	0.01844	0.00686	0.00493	0.00149	0.00361	0.00569	0.16986	0.00721
1	0.02326	0.03956	0.69083	0.01436	0.04288	0.01163	0.02882	0.01578	0.01067	0.01608	0.00903	0.01068	0.00652	0.00472	0.00471	0.00154	0.00714	0.00371	0.00222	0.05585
2	0.17140	0.01191	0.01191	0.00975	0.01322	0.07655	0.00787	0.22585	0.14547	0.21981	0.03210	0.01416	0.01089	0.00599	0.00468	0.00154	0.00487	0.00453	0.00480	0.02271
3	0.03114	0.00461	0.00586	0.00688	0.00737	0.00433	0.00465	0.00729	0.00979	0.01325	0.02907	0.73563	0.09102	0.01528	0.00632	0.00201	0.00293	0.01375	0.00465	0.00416
4	0.29557	0.00909	0.00998	0.00782	0.01163	0.00854	0.00641	0.01827	0.01148	0.33392	0.01279	0.01246	0.00886	0.00508	0.00408	0.00135	0.00403	0.00376	0.00436	0.23051
5	0.01183	0.00895	0.01184	0.08440	0.09820	0.00763	0.00786	0.01413	0.01100	0.11222	0.01172	0.06841	0.00992	0.00511	0.00436	0.00111	0.00428	0.00435	0.00340	0.51929
6	0.85801	0.00978	0.00743	0.00665	0.00978	0.01134	0.00548	0.01486	0.00861	0.02269	0.00704	0.00821	0.00548	0.00469	0.00313	0.00156	0.00391	0.00274	0.00313	0.00548
7	0.00755	0.00531	0.00633	0.00633	0.00659	0.01827	0.00403	0.00792	0.00766	0.01031	0.01513	0.04222	0.01668	0.57547	0.20823	0.04180	0.00696	0.00682	0.00296	0.00343
8	0.00878	0.00439	0.00659	0.00659	0.00659	0.00439	0.00439	0.00659	0.00659	0.00878	0.00878	0.01537	0.00878	0.01757	0.01976	0.85288	0.00439	0.00439	0.00220	0.00220
9	0.00696	0.00516	0.00649	0.00616	0.00744	0.00469	0.00462	0.00917	0.01386	0.01920	0.66786	0.03955	0.16860	0.01074	0.00597	0.00161	0.00241	0.00939	0.00542	0.00469
10	0.85801	0.00978	0.00743	0.00665	0.00978	0.01134	0.00548	0.01486	0.00861	0.02269	0.00704	0.00821	0.00548	0.00469	0.00313	0.00156	0.00391	0.00274	0.00313	0.00548
11	0.00669	0.00515	0.00612	0.00588	0.00727	0.00457	0.00441	0.00865	0.01322	0.01768	0.49878	0.04205	0.33863	0.01131	0.00597	0.00164	0.00245	0.00974	0.00522	0.00457
12	0.01274	0.01373	0.07132	0.03722	0.06758	0.01219	0.60492	0.01681	0.01202	0.08341	0.01094	0.01371	0.00802	0.00450	0.00575	0.00168	0.00792	0.00565	0.00284	0.00705
13	0.00709	0.00523	0.00755	0.00772	0.00845	0.00587	0.00577	0.00859	0.00826	0.01171	0.01577	0.13178	0.01609	0.11300	0.61476	0.00697	0.01122	0.00685	0.00302	0.00431
14	0.01352	0.82533	0.02650	0.00865	0.01298	0.02001	0.00865	0.01514	0.01027	0.01190	0.00703	0.00811	0.00649	0.00433	0.00324	0.00108	0.00541	0.00270	0.00216	0.00649
15	0.01014	0.02616	0.79609	0.01441	0.02189	0.01174	0.01868	0.01601	0.01068	0.01601	0.00907	0.01068	0.00641	0.00480	0.00480	0.00160	0.00747	0.00374	0.00214	0.00747
16	0.01049	0.00899	0.01049	0.00749	0.01198	0.00674	0.00599	0.01273	0.01049	0.01648	0.00899	0.01049	0.00749	0.00374	0.00374	0.00075	0.00374	0.00300	0.00300	0.85320
17	0.00713	0.00479	0.00632	0.00701	0.00769	0.00448	0.00497	0.00850	0.01092	0.03816	0.17893	0.55419	0.03449	0.01390	0.00622	0.00193	0.00295	0.06128	0.04172	0.00444
18	0.85801	0.00978	0.00743	0.00665	0.00978	0.01134	0.00548	0.01486	0.00861	0.02269	0.00704	0.00821	0.00548	0.00469	0.00313	0.00156	0.00391	0.00274	0.00313	0.00548
19	0.01223	0.01161	0.01971	0.02961	0.73961	0.01161	0.01504	0.01519	0.01152	0.01643	0.01064	0.01543	0.00939	0.00513	0.00514	0.00156	0.00592	0.05380	0.00264	0.00779
20	0.01347	0.01507	0.01513	0.01320	0.01400	0.25732	0.01067	0.01464	0.00977	0.01223	0.00700	0.01047	0.00660	0.00773	0.01289	0.00193	0.56585	0.00407	0.00233	0.00563
21	0.01428	0.71130	0.02477	0.00927	0.01336	0.13129	0.00881	0.01586	0.01085	0.01197	0.00714	0.00825	0.00649	0.00445	0.00343	0.00111	0.00594	0.00278	0.00223	0.00640
22	0.85801	0.00978	0.00743	0.00665	0.00978	0.01134	0.00548	0.01486	0.00861	0.02269	0.00704	0.00821	0.00548	0.00469	0.00313	0.00156	0.00391	0.00274	0.00313	0.00548
23	0.01108	0.00829	0.00987	0.00946	0.01151	0.00878	0.00785	0.19674	0.10788	0.02003	0.07098	0.08255	0.06401	0.01102	0.00615	0.00196	0.00445	0.35654	0.00487	0.00597
24	0.00883	0.00576	0.00757	0.00687	0.00831	0.00548	0.00527	0.01107	0.01394	0.09706	0.64800	0.03501	0.07231	0.00997	0.00633	0.00162	0.03740	0.00860	0.00546	0.00517
25	0.01235	0.01184	0.02022	0.07565	0.74746	0.01197	0.01543	0.01537	0.01143	0.01631	0.00948	0.01257	0.00794	0.00454	0.00501	0.00151	0.00605	0.00450	0.00249	0.00787
26	0.85801	0.00978	0.00743	0.00665	0.00978	0.01134	0.00548	0.01486	0.00861	0.02269	0.00704	0.00821	0.00548	0.00469	0.00313	0.00156	0.00391	0.00274	0.00313	0.00548
27	0.01043	0.00985	0.03573	0.07277	0.27733	0.01003	0.01039	0.01542	0.16849	0.01735	0.16512	0.02252	0.10204	0.00730	0.00598	0.00164	0.05083	0.00629	0.00382	0.00665
28	0.00981	0.00924	0.01549	0.67208	0.13615	0.01106	0.01383	0.01304	0.01036	0.01344	0.01076	0.01477	0.03844	0.00529	0.00509	0.00166	0.00647	0.00474	0.00238	0.00589
29	0.00729	0.00517	0.00713	0.00721	0.00790	0.00568	0.00527	0.00869	0.00850	0.01220	0.04910	0.08879	0.01711	0.20037	0.49115	0.00626	0.00971	0.00669	0.05160	0.00419
30	0.00735	0.00490	0.00552	0.00552	0.00552	0.00490	0.00306	0.00735	0.00735	0.00980	0.01593	0.03309	0.01838	0.82229	0.02574	0.00490	0.00490	0.00735	0.00306	0.00306
31	0.01162	0.15717	0.48544	0.01331	0.01937	0.02811	0.06454	0.04790	0.09512	0.01647	0.01016	0.01136	0.00758	0.00497	0.00466	0.00152	0.00677	0.00395	0.00262	0.00734
32	0.01000	0.00488	0.00501	0.00490	0.00619	0.00483	0.00370	0.01234	0.01077	0.05215	0.01664	0.01878	0.01294	0.00591	0.00360	0.00119	0.00244	0.00473	0.81411	0.00488
33	0.01243	0.06301	0.04531	0.00808	0.01246	0.00784	0.00689	0.01470	0.01108	0.13757	0.01122	0.03916	0.00905	0.00464	0.00406	0.00098	0.00407	0.00373	0.00347	0.60026
34	0.01128	0.09814	0.01504	0.02317	0.01451	0.00939	0.11062	0.04407	0.01118	0.01645	0.00937	0.02344	0.00785	0.00418	0.00411	0.00098	0.00469	0.00363	0.00294	0.58495
35	0.37971	0.00831	0.00969	0.04746	0.01192	0.00899	0.07690	0.04959	0.01014	0.01843	0.01544	0.31094	0.01631	0.00889	0.00482	0.00176	0.00419	0.00754	0.00371	0.00525
36	0.00994	0.00931	0.01374	0.01189	0.01250	0.01223	0.05380	0.01149	0.00823	0.01258	0.00927	0.01408	0.00870	0.01674	0.23952	0.00382	0.50121	0.00481	0.04087	0.00528
37	0.85801	0.00978	0.00743	0.00665	0.00978	0.01134	0.00548	0.01486	0.00861	0.02269	0.00704	0.00821	0.00548	0.00469	0.00313	0.00156	0.00391	0.00274	0.00313	0.00548
38	0.26027	0.00974	0.01064	0.00856	0.01199	0.00999	0.00701	0.17742	0.01464	0.32895	0.07572	0.01610	0.03521	0.00628	0.00461	0.00156	0.00425	0.00478	0.00501	0.00728
39	0.00719	0.00526	0.00649	0.00705	0.00797	0.00501	0.00541	0.00855	0.01045	0.01340	0.05317	0.12928	0.21098	0.21009	0.01121	0.00275	0.00396	0.29335	0.00431	0.00412
40	0.00825	0.00621	0.00937	0.00831	0.00993	0.00579	0.08808	0.01072	0.02808	0.05181	0.47101	0.18213	0.06451	0.01063	0.00602	0.00171	0.00332	0.02400	0.00505	0.00508
41	0.00955	0.00899	0.01517	0.81013	0.03483	0.01123	0.01404	0.01292	0.01011	0.01292	0.00899	0.01348	0.00674	0.00506	0.00506	0.00169	0.00674	0.00449	0.00225	0.00562
42	0.01049	0.00899	0.01049	0.00749	0.01198	0.00674	0.00599	0.01273	0.01049	0.01648	0.00899	0.01049	0.00749	0.00374	0.00374	0.00075	0.00374	0.00300	0.00300	0.85320
43	0.01282	0.65140	0.10767	0.01064	0.06467	0.01795	0.01001	0.01502	0.01057	0.01300	0.04079	0.00994	0.00834	0.00465	0.00364	0.00119	0.00554	0.00321	0.00233	0.00662
44	0.01284	0.01289	0.01902	0.02771	0.66197	0.09709	0.01428	0.01554	0.01171	0.01586	0.01038	0.05832	0.00930	0.00523	0.00504	0.00151	0.00617	0.00494	0.00264	0.00755
45	0.00703	0.00512	0.00661	0.00632	0.00750	0.00470	0.00471	0.00927	0.01389	0.01948	0.70215	0.08039	0.09230	0.01078	0.00599	0.00162	0.00243	0.00952	0.00547	0.00470
46	0.01255	0.01188	0.02017	0.05926	0.60910	0.01198	0.08025	0.06491	0.01242	0.01752	0.04361	0.01373	0.00970	0.00486	0.00514	0.00153	0.00607	0.00484	0.00280	0.00771

[dist]
# distance from previous block
# <min> <max>
0	1

[block]
# block no. 8 follows, 49 sequences, length 15
# corresponding to MSA columns:
# 858,859,861-873
name=unknown_I
#
# <colnr> <probs for GDERKNQSTAVLIFYWHMCP>
#	G	D	E	R	K	N	Q	S	T	A	V	L	I	F	Y	W	H	M	C	P
0	0.00724	0.00514	0.00654	0.00619	0.00741	0.00474	0.00464	0.00956	0.01392	0.01982	0.69777	0.03715	0.08631	0.01019	0.00581	0.00157	0.00239	0.00894	0.05993	0.00474
1	0.58957	0.00818	0.00657	0.00604	0.00855	0.00925	0.00486	0.01389	0.00924	0.02147	0.01003	0.01158	0.00784	0.00507	0.00326	0.00144	0.00342	0.00336	0.27114	0.00523
2	0.01141	0.52888	0.01930	0.00805	0.01124	0.05098	0.00732	0.01284	0.01055	0.01235	0.01720	0.14804	0.12937	0.00755	0.00425	0.00135	0.00474	0.00586	0.00298	0.00573
3	0.00809	0.00926	0.13854	0.12998	0.01423	0.00763	0.00876	0.01038	0.00867	0.01217	0.01268	0.02049	0.01207	0.21175	0.36761	0.00532	0.00948	0.00546	0.00263	0.00483
4	0.13915	0.00942	0.01018	0.00782	0.01184	0.00840	0.00625	0.01539	0.13738	0.01819	0.01061	0.01152	0.00850	0.00440	0.00388	0.00103	0.00381	0.00341	0.00337	0.58545
5	0.01032	0.01573	0.33835	0.01102	0.01542	0.00986	0.01183	0.01374	0.01066	0.06040	0.04832	0.01797	0.12715	0.00682	0.00682	0.00157	0.13858	0.00508	0.00306	0.14730
6	0.00893	0.00741	0.01092	0.22134	0.05240	0.00842	0.02840	0.01130	0.01100	0.01575	0.18919	0.07381	0.07396	0.00810	0.00677	0.00167	0.11552	0.00668	0.14322	0.00522
7	0.01484	0.50505	0.02131	0.00988	0.01363	0.14720	0.00894	0.13048	0.01310	0.01526	0.00951	0.01279	0.00862	0.00550	0.00403	0.00128	0.00598	0.06317	0.00287	0.00656
8	0.01017	0.14440	0.04484	0.00791	0.01110	0.00926	0.00677	0.07205	0.01110	0.01525	0.01714	0.03067	0.13492	0.05880	0.13718	0.00253	0.00580	0.00515	0.00324	0.27172
9	0.00812	0.00513	0.00598	0.00579	0.00638	0.00490	0.00366	0.00842	0.00884	0.05652	0.07115	0.03363	0.14622	0.52503	0.01953	0.07155	0.00428	0.00765	0.00361	0.00362
10	0.01171	0.20685	0.22978	0.01185	0.01619	0.01208	0.12599	0.04994	0.01130	0.06987	0.01317	0.14566	0.01231	0.05399	0.00613	0.00175	0.00593	0.00593	0.00311	0.00646
11	0.01338	0.15719	0.18556	0.01025	0.01400	0.14240	0.00985	0.15110	0.01332	0.01750	0.02634	0.01405	0.00974	0.07956	0.00627	0.00168	0.00593	0.00421	0.13132	0.00637
12	0.01115	0.22049	0.17929	0.00919	0.01323	0.01139	0.00922	0.08232	0.01228	0.01726	0.13877	0.05308	0.01539	0.00615	0.00444	0.00132	0.00475	0.00490	0.07083	0.13455
13	0.19145	0.12934	0.29432	0.01095	0.01542	0.16481	0.01137	0.01557	0.01074	0.01579	0.00975	0.07437	0.00863	0.02172	0.00473	0.00157	0.00634	0.00421	0.00266	0.00625
14	0.03373	0.14045	0.10362	0.01120	0.12880	0.00956	0.00849	0.04688	0.01157	0.01514	0.02796	0.09080	0.33494	0.00895	0.00517	0.00158	0.00432	0.00744	0.00363	0.00579

[dist]
# distance from previous block
# <min> <max>
0	41

# created by:
# /st0/software/busco_prod/Augustus/scripts/msa2prfl.pl ./align_prep/144144.fa
