[name]
unknown

[dist]
# distance from previous block
# <min> <max>
0	123

[block]
# block no. 0 follows, 51 sequences, length 20
# corresponding to MSA columns:
# 198-217
name=unknown_A
#
# <colnr> <probs for GDERKNQSTAVLIFYWHMCP>
#	G	D	E	R	K	N	Q	S	T	A	V	L	I	F	Y	W	H	M	C	P
0	0.08679	0.19357	0.07071	0.04255	0.07073	0.02765	0.02063	0.08564	0.01190	0.04999	0.07419	0.06037	0.01365	0.00650	0.00454	0.00143	0.00486	0.07927	0.00337	0.09165
1	0.19737	0.08779	0.09024	0.04126	0.03781	0.01041	0.07906	0.01468	0.08056	0.06871	0.02422	0.08114	0.05023	0.00921	0.07901	0.00215	0.02039	0.00525	0.00331	0.01721
2	0.05367	0.19711	0.12606	0.10118	0.03030	0.05829	0.04336	0.05685	0.04736	0.09784	0.11800	0.01480	0.01299	0.00561	0.00451	0.00142	0.00537	0.00450	0.00336	0.01740
3	0.06550	0.20306	0.20871	0.00975	0.01388	0.01234	0.00983	0.16199	0.01280	0.05090	0.07505	0.04516	0.01200	0.06171	0.00578	0.00163	0.00522	0.00459	0.00332	0.03679
4	0.10706	0.31948	0.12942	0.00897	0.01289	0.01301	0.00884	0.03929	0.01125	0.12309	0.10853	0.01342	0.01216	0.00549	0.00447	0.00134	0.03373	0.00401	0.00329	0.04025
5	0.06904	0.06923	0.58906	0.01293	0.01886	0.01239	0.01558	0.04963	0.01051	0.01610	0.00847	0.01017	0.00629	0.00508	0.00561	0.00158	0.08666	0.00361	0.00228	0.00694
6	0.10746	0.12231	0.19201	0.01067	0.01508	0.04154	0.01041	0.26510	0.06293	0.08997	0.01100	0.01147	0.00805	0.00603	0.02374	0.00161	0.00574	0.00391	0.00367	0.00729
7	0.00684	0.00513	0.00697	0.00697	0.00783	0.00557	0.00520	0.00821	0.00832	0.01140	0.01968	0.02619	0.14397	0.16877	0.53913	0.00632	0.00993	0.00644	0.00301	0.00411
8	0.59332	0.00877	0.00829	0.02630	0.06340	0.00975	0.00609	0.01393	0.00901	0.07317	0.01041	0.09073	0.00939	0.05365	0.00494	0.00175	0.00399	0.00435	0.00334	0.00543
9	0.01008	0.02407	0.72486	0.01560	0.09760	0.01144	0.01785	0.01552	0.01046	0.01561	0.00886	0.01055	0.00638	0.00464	0.00469	0.00155	0.00712	0.00370	0.00211	0.00731
10	0.00696	0.00502	0.00657	0.00618	0.00734	0.00464	0.00464	0.00927	0.01391	0.01971	0.79405	0.03671	0.04637	0.01005	0.00580	0.00155	0.00232	0.00889	0.00541	0.00464
11	0.01509	0.21786	0.14752	0.01343	0.09900	0.23292	0.01122	0.17627	0.01400	0.01689	0.00867	0.00984	0.00689	0.00489	0.00431	0.00133	0.00667	0.00350	0.00284	0.00688
12	0.06567	0.06911	0.14786	0.25641	0.30581	0.01192	0.01379	0.01479	0.04124	0.01519	0.00913	0.01183	0.00719	0.00468	0.00462	0.00151	0.00604	0.00407	0.00242	0.00675
13	0.00604	0.00489	0.00537	0.00546	0.00683	0.00422	0.00401	0.00743	0.01146	0.01436	0.18393	0.15158	0.55241	0.01241	0.00587	0.00168	0.00251	0.01059	0.00472	0.00422
14	0.00814	0.00624	0.00821	0.00984	0.13920	0.00565	0.00609	0.00979	0.01149	0.06802	0.12906	0.14234	0.41588	0.01077	0.00565	0.00165	0.00319	0.00930	0.00441	0.00508
15	0.69145	0.00974	0.00836	0.00714	0.01035	0.01094	0.00589	0.08131	0.01030	0.11373	0.00873	0.00933	0.00638	0.00485	0.00342	0.00152	0.00398	0.00308	0.00356	0.00594
16	0.01606	0.01178	0.01238	0.00983	0.01316	0.04150	0.00799	0.52653	0.01963	0.07904	0.06407	0.01941	0.14214	0.00722	0.00510	0.00151	0.00478	0.00567	0.00488	0.00734
17	0.00941	0.00887	0.01497	0.78056	0.06777	0.01095	0.01371	0.01267	0.00989	0.01271	0.00876	0.01306	0.00661	0.00489	0.00491	0.00163	0.00652	0.00437	0.00219	0.00556
18	0.01309	0.00741	0.00930	0.02938	0.01103	0.00712	0.00644	0.03515	0.13361	0.27499	0.18789	0.10378	0.07539	0.00851	0.00533	0.00160	0.00357	0.03572	0.00518	0.04549
19	0.01048	0.00792	0.00831	0.02996	0.00993	0.08491	0.00587	0.06558	0.03565	0.10656	0.21893	0.20147	0.14250	0.04155	0.00630	0.00176	0.00379	0.00860	0.00466	0.00527

[dist]
# distance from previous block
# <min> <max>
1	15

[block]
# block no. 1 follows, 51 sequences, length 53
# corresponding to MSA columns:
# 233-246,259-297
name=unknown_B
#
# <colnr> <probs for GDERKNQSTAVLIFYWHMCP>
#	G	D	E	R	K	N	Q	S	T	A	V	L	I	F	Y	W	H	M	C	P
0	0.09439	0.00997	0.02094	0.08524	0.09796	0.02381	0.00839	0.03346	0.21740	0.07761	0.03993	0.01446	0.01103	0.01985	0.00502	0.00144	0.01922	0.00439	0.00370	0.21181
1	0.30084	0.01018	0.05664	0.10845	0.01507	0.02417	0.06814	0.02785	0.04926	0.16209	0.05661	0.01623	0.06050	0.00595	0.00447	0.00157	0.00473	0.01733	0.00376	0.00616
2	0.00880	0.00676	0.00842	0.00863	0.01019	0.00710	0.00713	0.01404	0.21002	0.01735	0.20105	0.04166	0.02905	0.01100	0.00610	0.00195	0.00386	0.39665	0.00485	0.00538
3	0.01014	0.02346	0.67729	0.01509	0.02198	0.01158	0.14073	0.01559	0.01057	0.01559	0.00900	0.01084	0.00642	0.00458	0.00485	0.00157	0.00743	0.00398	0.00214	0.00716
4	0.00703	0.00523	0.00773	0.00773	0.00854	0.00605	0.00593	0.00866	0.00785	0.01128	0.01332	0.02018	0.01266	0.09058	0.75462	0.00768	0.01259	0.00539	0.00266	0.00429
5	0.00625	0.00462	0.00640	0.05851	0.00892	0.00455	0.00523	0.00731	0.00935	0.01248	0.02514	0.72767	0.02972	0.01592	0.05066	0.00230	0.00366	0.01287	0.00430	0.00411
6	0.00651	0.00528	0.00581	0.00566	0.00720	0.00474	0.00425	0.00877	0.05505	0.01558	0.26910	0.06229	0.50925	0.01149	0.00577	0.00163	0.00253	0.00975	0.00484	0.00449
7	0.01120	0.01999	0.51051	0.01666	0.16754	0.01120	0.04371	0.02542	0.05007	0.05900	0.01060	0.01284	0.00797	0.00504	0.00484	0.00156	0.00659	0.02527	0.00263	0.00736
8	0.00854	0.00427	0.00640	0.00640	0.00640	0.00427	0.00427	0.00640	0.00640	0.00854	0.00854	0.01494	0.00854	0.01707	0.01921	0.85702	0.00427	0.00427	0.00213	0.00213
9	0.01289	0.01247	0.03928	0.02736	0.66849	0.03708	0.03525	0.05735	0.01199	0.03666	0.00960	0.01214	0.00783	0.00453	0.00488	0.00146	0.00597	0.00438	0.00266	0.00772
10	0.01314	0.83025	0.02575	0.00841	0.01261	0.01945	0.00841	0.01472	0.00999	0.01156	0.00683	0.00788	0.00631	0.00420	0.00315	0.00105	0.00526	0.00263	0.00210	0.00631
11	0.60853	0.17221	0.05227	0.00748	0.01096	0.03796	0.00676	0.01490	0.00907	0.03376	0.00720	0.00828	0.00572	0.00454	0.00323	0.00142	0.00443	0.00276	0.00285	0.00568
12	0.01197	0.01112	0.01498	0.06386	0.01463	0.01482	0.01070	0.13949	0.01026	0.01505	0.00748	0.01108	0.00677	0.00792	0.01355	0.00201	0.63149	0.00433	0.00261	0.00588
13	0.01443	0.09007	0.13151	0.00957	0.01370	0.01017	0.00895	0.08071	0.06197	0.23336	0.04356	0.01354	0.01047	0.00543	0.00507	0.00133	0.04917	0.00416	0.00394	0.20888
14	0.01111	0.26362	0.01502	0.00763	0.01195	0.01055	0.00663	0.01310	0.01013	0.01463	0.00814	0.00947	0.00698	0.00381	0.00349	0.00083	0.00414	0.00282	0.00266	0.59330
15	0.01539	0.01213	0.01289	0.01064	0.01399	0.01370	0.00854	0.39587	0.41285	0.02566	0.01598	0.01513	0.01174	0.00629	0.00496	0.00157	0.00463	0.00500	0.00496	0.00806
16	0.00854	0.00427	0.00640	0.00640	0.00640	0.00427	0.00427	0.00640	0.00640	0.00854	0.00854	0.01494	0.00854	0.01707	0.01921	0.85702	0.00427	0.00427	0.00213	0.00213
17	0.00821	0.01254	0.29740	0.00900	0.01248	0.00713	0.00956	0.01167	0.01241	0.03216	0.43509	0.02752	0.08876	0.00819	0.00537	0.00156	0.00417	0.00701	0.00414	0.00563
18	0.01008	0.00815	0.00965	0.00727	0.01099	0.00641	0.00574	0.03139	0.01098	0.03652	0.09771	0.06529	0.01339	0.00522	0.00411	0.00094	0.00350	0.00437	0.00343	0.66485
19	0.04039	0.01092	0.01320	0.01029	0.02404	0.01100	0.02538	0.34475	0.01727	0.35113	0.01445	0.01366	0.00973	0.00576	0.00500	0.00145	0.01935	0.00451	0.00507	0.07264
20	0.01397	0.19448	0.20760	0.02342	0.05813	0.09973	0.01100	0.09449	0.06510	0.11524	0.01184	0.06322	0.00958	0.00572	0.00451	0.00143	0.00582	0.00445	0.00330	0.00696
21	0.02753	0.01383	0.01058	0.00961	0.01151	0.36022	0.00712	0.03474	0.01163	0.11385	0.01222	0.03708	0.01113	0.18463	0.13019	0.00307	0.00772	0.00485	0.00322	0.00529
22	0.00593	0.00478	0.00528	0.00557	0.00682	0.00413	0.00402	0.00713	0.01086	0.01345	0.08765	0.26434	0.53662	0.01313	0.00594	0.00175	0.00258	0.01129	0.00461	0.00413
23	0.02158	0.00912	0.01187	0.00910	0.01292	0.00835	0.00752	0.13003	0.01533	0.69217	0.01832	0.01604	0.01163	0.00606	0.00494	0.00151	0.00435	0.00487	0.00592	0.00836
24	0.07533	0.10301	0.09988	0.01695	0.28544	0.03169	0.03287	0.04126	0.01179	0.18560	0.01098	0.01200	0.00816	0.00478	0.00448	0.00140	0.00541	0.00402	0.00330	0.06167
25	0.01343	0.78517	0.02509	0.00865	0.01276	0.06348	0.00847	0.01499	0.01021	0.01159	0.00687	0.00794	0.00631	0.00425	0.00322	0.00106	0.00546	0.00266	0.00213	0.00627
26	0.00673	0.00485	0.00637	0.00633	0.00729	0.00449	0.00462	0.00871	0.01288	0.01806	0.61772	0.21773	0.04318	0.01128	0.00591	0.00165	0.00244	0.01006	0.00521	0.00449
27	0.00709	0.00539	0.00707	0.00747	0.04710	0.00505	0.00514	0.00942	0.03441	0.01775	0.53457	0.15900	0.12043	0.01076	0.00580	0.00163	0.00264	0.00952	0.00503	0.00473
28	0.01833	0.00900	0.01247	0.19449	0.01766	0.00899	0.00892	0.10973	0.01399	0.50852	0.01589	0.01538	0.01043	0.00658	0.02549	0.00171	0.00510	0.00476	0.00496	0.00759
29	0.01098	0.15017	0.64094	0.01287	0.01948	0.01246	0.01609	0.01585	0.01050	0.05441	0.00904	0.01031	0.00654	0.00467	0.00445	0.00148	0.00679	0.00354	0.00228	0.00717
30	0.00704	0.00518	0.00749	0.00749	0.00822	0.00592	0.00563	0.00851	0.00778	0.01110	0.01354	0.02138	0.01319	0.16450	0.68141	0.00739	0.01181	0.00557	0.00269	0.00416
31	0.01045	0.13975	0.58118	0.01312	0.01939	0.01246	0.05829	0.01578	0.04962	0.01538	0.03427	0.01142	0.00803	0.00484	0.00457	0.00149	0.00670	0.00387	0.00236	0.00703
32	0.01343	0.15506	0.05504	0.01075	0.01425	0.04835	0.05171	0.14409	0.39649	0.01955	0.01463	0.01465	0.01124	0.02299	0.00509	0.00157	0.00502	0.00471	0.00405	0.00733
33	0.01007	0.00882	0.01145	0.14950	0.05900	0.00755	0.00768	0.01246	0.01017	0.01535	0.00907	0.02442	0.00760	0.00410	0.00397	0.00095	0.00426	0.00343	0.00279	0.64735
34	0.00854	0.00427	0.00640	0.00640	0.00640	0.00427	0.00427	0.00640	0.00640	0.00854	0.00854	0.01494	0.00854	0.01707	0.01921	0.85702	0.00427	0.00427	0.00213	0.00213
35	0.00854	0.00427	0.00640	0.00640	0.00640	0.00427	0.00427	0.00640	0.00640	0.00854	0.00854	0.01494	0.00854	0.01707	0.01921	0.85702	0.00427	0.00427	0.00213	0.00213
36	0.06131	0.03301	0.02737	0.01191	0.05342	0.15819	0.07423	0.02109	0.34440	0.08544	0.05409	0.01553	0.01270	0.00590	0.00481	0.00152	0.00531	0.00488	0.00405	0.02083
37	0.04891	0.00840	0.01127	0.00867	0.01245	0.00734	0.00716	0.02365	0.01388	0.77516	0.01899	0.01645	0.01195	0.00603	0.00488	0.00152	0.00417	0.00487	0.00599	0.00827
38	0.02031	0.00809	0.01093	0.00850	0.01201	0.00708	0.00697	0.03586	0.01421	0.69937	0.10552	0.01886	0.01591	0.00652	0.00504	0.00152	0.00400	0.00537	0.00599	0.00795
39	0.01119	0.01069	0.01820	0.29417	0.54020	0.01142	0.01460	0.01423	0.01073	0.01488	0.00907	0.01248	0.00737	0.00456	0.00488	0.00152	0.00608	0.00437	0.00235	0.00700
40	0.01229	0.01206	0.02029	0.02920	0.73469	0.03185	0.05673	0.01523	0.01128	0.01594	0.00924	0.01214	0.00773	0.00438	0.00491	0.00147	0.00605	0.00443	0.00244	0.00767
41	0.28064	0.00871	0.01000	0.00797	0.01148	0.00843	0.00656	0.03166	0.01234	0.50617	0.03677	0.01434	0.01082	0.00566	0.00434	0.00150	0.00402	0.00429	0.00502	0.02928
42	0.01293	0.77889	0.07528	0.00877	0.01317	0.01893	0.00903	0.01477	0.01001	0.01182	0.00696	0.00804	0.00630	0.00423	0.00325	0.00108	0.00538	0.00269	0.00210	0.00637
43	0.01187	0.16746	0.38911	0.01120	0.02767	0.01123	0.01241	0.01551	0.01104	0.13052	0.07245	0.05809	0.01177	0.00582	0.00472	0.00146	0.01605	0.00462	0.00310	0.03388
44	0.01523	0.15490	0.07923	0.03285	0.07769	0.01213	0.09496	0.14895	0.04053	0.20758	0.04591	0.01365	0.01038	0.00533	0.00468	0.00142	0.00536	0.00449	0.00389	0.04082
45	0.01824	0.00983	0.03691	0.01141	0.08035	0.00905	0.03290	0.02317	0.19150	0.50474	0.01804	0.01640	0.01211	0.00597	0.00497	0.00155	0.00448	0.00502	0.00528	0.00809
46	0.00634	0.00455	0.00606	0.00715	0.00762	0.00430	0.00510	0.00744	0.00976	0.01290	0.02743	0.65472	0.05497	0.02672	0.00662	0.00207	0.00316	0.14450	0.00453	0.00407
47	0.02336	0.00980	0.02591	0.18402	0.11467	0.01018	0.08113	0.11462	0.08965	0.10846	0.05715	0.06177	0.01345	0.05229	0.00628	0.00179	0.00531	0.02987	0.00377	0.00653
48	0.01383	0.01562	0.25515	0.10791	0.04342	0.04687	0.15492	0.05353	0.04939	0.19262	0.01203	0.01309	0.00840	0.00508	0.00499	0.00156	0.00646	0.00454	0.00337	0.00720
49	0.00647	0.00469	0.00612	0.00708	0.00769	0.00443	0.00517	0.00765	0.00992	0.01297	0.02868	0.52451	0.11225	0.05552	0.00728	0.00216	0.00329	0.18557	0.00447	0.00408
50	0.00619	0.00455	0.00585	0.00680	0.00740	0.00421	0.00481	0.00728	0.00995	0.01300	0.04150	0.61127	0.14642	0.01468	0.00625	0.00197	0.00297	0.09625	0.00457	0.00408
51	0.06124	0.08412	0.29465	0.01425	0.10973	0.03739	0.07085	0.08292	0.01235	0.17013	0.01096	0.01178	0.00781	0.00494	0.00463	0.00149	0.00610	0.00406	0.00325	0.00735
52	0.06299	0.25864	0.01644	0.00942	0.01286	0.02957	0.03239	0.12367	0.02732	0.24336	0.07361	0.01383	0.01159	0.00580	0.00509	0.00142	0.05669	0.00431	0.00403	0.00696

[dist]
# distance from previous block
# <min> <max>
0	11

[block]
# block no. 2 follows, 51 sequences, length 42
# corresponding to MSA columns:
# 309-350
name=unknown_C
#
# <colnr> <probs for GDERKNQSTAVLIFYWHMCP>
#	G	D	E	R	K	N	Q	S	T	A	V	L	I	F	Y	W	H	M	C	P
0	0.00867	0.00784	0.01284	0.63571	0.02794	0.00946	0.01164	0.01160	0.01032	0.01348	0.11246	0.09101	0.01412	0.00655	0.00515	0.00166	0.00566	0.00584	0.00282	0.00522
1	0.01155	0.64671	0.02130	0.00806	0.01139	0.01601	0.00755	0.01297	0.00986	0.01178	0.01133	0.18925	0.01213	0.00669	0.00385	0.00126	0.00472	0.00515	0.00265	0.00579
2	0.01117	0.00696	0.00862	0.00715	0.00960	0.00622	0.00559	0.06824	0.01359	0.16564	0.38230	0.02675	0.07434	0.02768	0.00564	0.00147	0.00321	0.00676	0.00493	0.16415
3	0.01377	0.49347	0.02174	0.11490	0.01665	0.20116	0.04943	0.01563	0.01096	0.01202	0.00742	0.00907	0.00640	0.00449	0.00382	0.00121	0.00642	0.00314	0.00223	0.00607
4	0.01914	0.00848	0.01098	0.00874	0.01215	0.00787	0.00711	0.03694	0.12827	0.59886	0.09082	0.01872	0.01567	0.00653	0.00503	0.00154	0.00399	0.00539	0.00584	0.00793
5	0.00720	0.00802	0.12067	0.00744	0.00953	0.00562	0.01970	0.00976	0.01258	0.01750	0.49503	0.10328	0.14485	0.00999	0.00568	0.00160	0.00320	0.00874	0.00469	0.00492
6	0.01346	0.77995	0.02501	0.00867	0.01277	0.06858	0.00848	0.01502	0.01023	0.01159	0.00688	0.00794	0.00631	0.00426	0.00323	0.00106	0.00548	0.00266	0.00213	0.00627
7	0.04023	0.09806	0.38868	0.01174	0.03132	0.02902	0.01275	0.09467	0.01235	0.15015	0.02548	0.01176	0.00829	0.00502	0.00449	0.00143	0.00593	0.00386	0.00321	0.06155
8	0.01433	0.37056	0.08321	0.01173	0.01560	0.28914	0.09887	0.01643	0.01150	0.01252	0.00779	0.00936	0.00661	0.00544	0.02645	0.00143	0.00723	0.00333	0.00231	0.00616
9	0.60210	0.00961	0.01036	0.17645	0.06264	0.01109	0.03632	0.01414	0.00896	0.01948	0.00750	0.00949	0.00580	0.00461	0.00364	0.00155	0.00466	0.00324	0.00281	0.00555
10	0.00938	0.00887	0.01476	0.76124	0.03243	0.01120	0.01345	0.01251	0.00967	0.01251	0.00858	0.01294	0.00654	0.00516	0.00567	0.00167	0.06141	0.00436	0.00218	0.00545
11	0.01339	0.01113	0.01177	0.01024	0.01322	0.01277	0.00806	0.16203	0.64995	0.02243	0.01852	0.01716	0.01380	0.00653	0.00499	0.00163	0.00416	0.00535	0.00499	0.00788
12	0.02205	0.00836	0.01140	0.00874	0.01254	0.00722	0.00722	0.02395	0.01407	0.80004	0.01939	0.01673	0.01216	0.00608	0.00494	0.00152	0.00418	0.00494	0.00608	0.00836
13	0.00674	0.00454	0.00604	0.00700	0.00752	0.00423	0.00485	0.00774	0.00976	0.04438	0.02736	0.72317	0.05309	0.01483	0.00624	0.00198	0.00300	0.05872	0.00462	0.00420
14	0.00857	0.00776	0.01062	0.00994	0.01015	0.00987	0.00780	0.00956	0.00848	0.01215	0.01693	0.31248	0.05531	0.03971	0.01208	0.00216	0.43086	0.02761	0.00324	0.00470
15	0.00715	0.00476	0.00536	0.00536	0.00536	0.00476	0.00298	0.00715	0.00715	0.00953	0.01548	0.03216	0.01787	0.82729	0.02501	0.00476	0.00476	0.00715	0.00298	0.00298
16	0.01478	0.00676	0.00908	0.00751	0.01004	0.00598	0.00598	0.01688	0.01399	0.42435	0.39235	0.02635	0.02863	0.00799	0.00535	0.00153	0.00328	0.00684	0.00576	0.00657
17	0.02089	0.01022	0.01256	0.00963	0.01347	0.00998	0.00795	0.28426	0.01718	0.53533	0.01678	0.01503	0.01085	0.00602	0.00493	0.00150	0.00460	0.00476	0.00568	0.00836
18	0.67536	0.00925	0.00815	0.00697	0.01018	0.01018	0.00574	0.01656	0.00963	0.19493	0.00963	0.00993	0.00684	0.00490	0.00346	0.00152	0.00389	0.00317	0.00372	0.00600
19	0.00643	0.00474	0.00655	0.06165	0.00921	0.00464	0.00547	0.00764	0.00984	0.01311	0.06566	0.66169	0.03110	0.01425	0.00620	0.00197	0.00322	0.07802	0.00444	0.00417
20	0.86201	0.00950	0.00722	0.00646	0.00950	0.01102	0.00532	0.01445	0.00836	0.02205	0.00684	0.00798	0.00532	0.00456	0.00304	0.00152	0.00380	0.00266	0.00304	0.00532
21	0.01796	0.01400	0.01521	0.01375	0.11664	0.07604	0.01000	0.58809	0.02044	0.06172	0.01148	0.01184	0.00829	0.00564	0.00487	0.00146	0.00568	0.00434	0.00446	0.00808
22	0.01136	0.13097	0.50061	0.01165	0.01748	0.01124	0.01384	0.01561	0.01096	0.09585	0.06944	0.01268	0.00997	0.00509	0.00451	0.00143	0.00605	0.00398	0.00280	0.06449
23	0.01248	0.06127	0.22920	0.01315	0.12124	0.01025	0.03352	0.06156	0.03527	0.10477	0.01048	0.01154	0.00786	0.00457	0.00439	0.00126	0.00533	0.00377	0.00310	0.26500
24	0.00915	0.00470	0.00506	0.00509	0.00622	0.00461	0.00377	0.01124	0.01046	0.04695	0.04644	0.12364	0.01642	0.00716	0.00395	0.00128	0.00244	0.00597	0.68081	0.00465
25	0.00722	0.00521	0.00662	0.00638	0.00757	0.00487	0.00474	0.00975	0.04432	0.03143	0.60547	0.13403	0.09243	0.01067	0.00581	0.00161	0.00249	0.00942	0.00524	0.00471
26	0.01101	0.01178	0.06674	0.40379	0.25054	0.04099	0.09245	0.03741	0.01099	0.01462	0.00906	0.01248	0.00703	0.00470	0.00496	0.00156	0.00662	0.00443	0.00238	0.00646
27	0.00988	0.00598	0.00786	0.05775	0.01035	0.00577	0.00596	0.03137	0.04175	0.16051	0.06602	0.41478	0.10112	0.01176	0.00581	0.00182	0.00346	0.04805	0.00477	0.00523
28	0.00599	0.00428	0.00570	0.00684	0.00713	0.00399	0.00456	0.00684	0.00941	0.01254	0.02709	0.82409	0.03250	0.01540	0.00627	0.00200	0.00285	0.01397	0.00456	0.00399
29	0.01597	0.00706	0.00945	0.00798	0.01062	0.00628	0.00634	0.03105	0.01326	0.48177	0.14756	0.15352	0.04173	0.00868	0.00539	0.00163	0.00365	0.03565	0.00561	0.00679
30	0.01234	0.05502	0.51111	0.06326	0.02037	0.01132	0.06679	0.04981	0.01153	0.13689	0.01056	0.01167	0.00734	0.00490	0.00475	0.00154	0.00665	0.00402	0.00285	0.00728
31	0.02061	0.00874	0.03850	0.00887	0.01259	0.00729	0.00753	0.02264	0.01352	0.71968	0.01860	0.01668	0.01197	0.00811	0.05913	0.00195	0.00489	0.00492	0.00571	0.00806
32	0.86201	0.00950	0.00722	0.00646	0.00950	0.01102	0.00532	0.01445	0.00836	0.02205	0.00684	0.00798	0.00532	0.00456	0.00304	0.00152	0.00380	0.00266	0.00304	0.00532
33	0.02147	0.00833	0.01128	0.00871	0.01242	0.00727	0.00717	0.02364	0.03116	0.76399	0.03810	0.01724	0.01305	0.00619	0.00496	0.00152	0.00413	0.00505	0.00604	0.00826
34	0.01289	0.55028	0.19436	0.00993	0.01457	0.07270	0.01051	0.02642	0.01052	0.02543	0.00764	0.00888	0.00647	0.00475	0.00404	0.02303	0.00591	0.00299	0.00223	0.00643
35	0.00671	0.00497	0.00634	0.00642	0.00749	0.00449	0.00467	0.00841	0.01185	0.01632	0.40030	0.30685	0.11068	0.01186	0.00587	0.00169	0.00264	0.02882	0.00489	0.04873
36	0.12598	0.41373	0.04830	0.00973	0.01325	0.23216	0.00872	0.01637	0.03962	0.01356	0.00759	0.00874	0.00651	0.00475	0.00406	0.00125	0.03418	0.00298	0.00245	0.00607
37	0.00902	0.00793	0.01157	0.15082	0.03814	0.00980	0.00886	0.01033	0.00873	0.01244	0.05240	0.16534	0.01399	0.01126	0.05171	0.08549	0.30622	0.00635	0.00284	0.03676
38	0.01212	0.01027	0.01761	0.29517	0.10756	0.01043	0.19354	0.04369	0.01144	0.10683	0.01043	0.01297	0.00773	0.00465	0.00493	0.00147	0.00613	0.00456	0.00295	0.13551
39	0.01263	0.70443	0.14707	0.00928	0.01397	0.01819	0.00993	0.01485	0.01005	0.01219	0.00714	0.00827	0.00629	0.00428	0.00339	0.00113	0.00557	0.00278	0.00210	0.00646
40	0.01209	0.01215	0.01480	0.31727	0.18029	0.16579	0.03135	0.04586	0.03535	0.02756	0.01280	0.01579	0.06529	0.00569	0.00492	0.00153	0.00632	0.02174	0.01730	0.00611
41	0.07232	0.09373	0.16548	0.07211	0.01637	0.04475	0.01039	0.18577	0.05751	0.21571	0.01237	0.01247	0.00865	0.00539	0.00456	0.00148	0.00548	0.00412	0.00396	0.00738

[dist]
# distance from previous block
# <min> <max>
0	3

[block]
# block no. 3 follows, 51 sequences, length 49
# corresponding to MSA columns:
# 354-366,371-406
name=unknown_D
#
# <colnr> <probs for GDERKNQSTAVLIFYWHMCP>
#	G	D	E	R	K	N	Q	S	T	A	V	L	I	F	Y	W	H	M	C	P
0	0.86201	0.00950	0.00722	0.00646	0.00950	0.01102	0.00532	0.01445	0.00836	0.02205	0.00684	0.00798	0.00532	0.00456	0.00304	0.00152	0.00380	0.00266	0.00304	0.00532
1	0.00634	0.00451	0.00599	0.00677	0.00710	0.00446	0.00455	0.00720	0.00880	0.01187	0.02299	0.56755	0.02692	0.15190	0.13552	0.00338	0.00479	0.01148	0.00400	0.00389
2	0.01284	0.01055	0.01132	0.02393	0.01322	0.01209	0.00791	0.05384	0.71186	0.05506	0.01947	0.01793	0.01448	0.00658	0.00499	0.00165	0.00400	0.00547	0.00500	0.00779
3	0.01735	0.00851	0.01092	0.00816	0.01219	0.00696	0.00667	0.01936	0.01253	0.48932	0.01517	0.01414	0.01023	0.00511	0.00443	0.00121	0.00397	0.00414	0.00483	0.34482
4	0.00598	0.00430	0.00568	0.00678	0.00711	0.00400	0.00453	0.00685	0.00947	0.01257	0.02785	0.79800	0.05810	0.01530	0.00626	0.00198	0.00284	0.01385	0.00456	0.00400
5	0.01075	0.01075	0.01505	0.01290	0.01290	0.01505	0.01075	0.01183	0.00753	0.01183	0.00645	0.01075	0.00645	0.00860	0.01613	0.00215	0.81830	0.00430	0.00215	0.00538
6	0.00742	0.00548	0.00723	0.00805	0.00930	0.00529	0.00688	0.00947	0.01141	0.01463	0.06566	0.05285	0.19296	0.01318	0.00653	0.00210	0.00399	0.56855	0.00457	0.00445
7	0.02205	0.00836	0.01140	0.00874	0.01254	0.00722	0.00722	0.02395	0.01407	0.80004	0.01939	0.01673	0.01216	0.00608	0.00494	0.00152	0.00418	0.00494	0.00608	0.00836
8	0.02058	0.00832	0.01114	0.00864	0.01222	0.00737	0.00709	0.05730	0.01447	0.69697	0.08640	0.01824	0.01496	0.00642	0.00502	0.00152	0.00408	0.00526	0.00597	0.00804
9	0.86201	0.00950	0.00722	0.00646	0.00950	0.01102	0.00532	0.01445	0.00836	0.02205	0.00684	0.00798	0.00532	0.00456	0.00304	0.00152	0.00380	0.00266	0.00304	0.00532
10	0.00702	0.00527	0.00790	0.00790	0.00878	0.00614	0.00614	0.00878	0.00790	0.01141	0.01316	0.01931	0.01229	0.03686	0.80782	0.00790	0.01316	0.00527	0.00263	0.00439
11	0.16453	0.00661	0.00761	0.00707	0.00890	0.00665	0.00560	0.05140	0.01282	0.08434	0.40409	0.06705	0.04398	0.00922	0.00532	0.00165	0.00320	0.09988	0.00485	0.00521
12	0.01076	0.01077	0.01876	0.28888	0.21058	0.01235	0.15824	0.01360	0.00995	0.01383	0.00855	0.01236	0.00700	0.00550	0.00769	0.00172	0.19634	0.00463	0.00229	0.00622
13	0.01250	0.00989	0.03987	0.00843	0.01243	0.00841	0.00700	0.06977	0.15716	0.11548	0.01357	0.01371	0.03199	0.00496	0.00425	0.00111	0.00398	0.00401	0.00385	0.47762
14	0.34530	0.04581	0.05368	0.00895	0.01244	0.09705	0.00767	0.13251	0.05508	0.16497	0.02642	0.01152	0.00858	0.00531	0.00408	0.00148	0.00488	0.00373	0.00389	0.00665
15	0.04024	0.00728	0.00886	0.00761	0.00991	0.00712	0.00598	0.05995	0.11703	0.22302	0.38721	0.02714	0.06162	0.00825	0.00533	0.00156	0.00325	0.00702	0.00539	0.00624
16	0.01078	0.00608	0.00791	0.00712	0.00900	0.00557	0.00564	0.03087	0.01366	0.20172	0.44898	0.03436	0.09664	0.00960	0.00568	0.00163	0.00308	0.09075	0.00539	0.00555
17	0.08153	0.01065	0.04864	0.23210	0.38013	0.01066	0.01289	0.01500	0.01085	0.09278	0.01077	0.01469	0.00869	0.00519	0.00483	0.00156	0.00569	0.04365	0.00287	0.00683
18	0.01335	0.00660	0.00899	0.00798	0.01010	0.00602	0.02206	0.01555	0.04795	0.34758	0.14548	0.30257	0.02477	0.00996	0.00556	0.00170	0.00349	0.00878	0.00532	0.00618
19	0.00599	0.00428	0.00570	0.00684	0.00713	0.00399	0.00456	0.00684	0.00941	0.01254	0.02709	0.82409	0.03250	0.01540	0.00627	0.00200	0.00285	0.01397	0.00456	0.00399
20	0.00639	0.00460	0.00579	0.00640	0.00716	0.00418	0.00445	0.00756	0.01052	0.02822	0.14395	0.53559	0.18945	0.01384	0.00608	0.00185	0.00272	0.01233	0.00471	0.00420
21	0.01163	0.12549	0.57336	0.01271	0.01899	0.01208	0.02988	0.01677	0.04631	0.09319	0.01015	0.01111	0.00725	0.00483	0.00454	0.00150	0.00657	0.00376	0.00262	0.00726
22	0.04138	0.00580	0.00768	0.00741	0.00880	0.00540	0.01741	0.01198	0.01036	0.22654	0.02229	0.44935	0.02340	0.11096	0.02537	0.00231	0.00379	0.00997	0.00465	0.00516
23	0.83978	0.03099	0.00771	0.00651	0.00959	0.01124	0.00540	0.01445	0.00841	0.02177	0.00684	0.00798	0.00535	0.00455	0.00304	0.00151	0.00384	0.00266	0.00302	0.00535
24	0.02205	0.00836	0.01140	0.00874	0.01254	0.00722	0.00722	0.02395	0.01407	0.80004	0.01939	0.01673	0.01216	0.00608	0.00494	0.00152	0.00418	0.00494	0.00608	0.00836
25	0.01332	0.75381	0.05382	0.00886	0.01308	0.06469	0.00883	0.01503	0.01023	0.01174	0.00695	0.00803	0.00630	0.00427	0.00328	0.00108	0.00554	0.00270	0.00213	0.00631
26	0.01141	0.00846	0.01005	0.00738	0.01143	0.00657	0.00589	0.01367	0.02169	0.11085	0.02964	0.01307	0.03061	0.01736	0.00426	0.00095	0.00366	0.00360	0.00343	0.68601
27	0.02899	0.07065	0.68113	0.01374	0.02054	0.01182	0.05653	0.01569	0.01046	0.03369	0.00896	0.01048	0.00641	0.00465	0.00461	0.00153	0.00705	0.00370	0.00221	0.00716
28	0.02743	0.00662	0.00956	0.00816	0.01031	0.00600	0.06861	0.01359	0.01267	0.24524	0.30029	0.16949	0.08267	0.00943	0.00558	0.00164	0.00348	0.00838	0.00511	0.00575
29	0.02130	0.01762	0.44189	0.10011	0.01947	0.00989	0.04213	0.01490	0.02281	0.06678	0.06825	0.03095	0.01049	0.00531	0.00474	0.00148	0.00603	0.00442	0.00282	0.10863
30	0.01314	0.83025	0.02575	0.00841	0.01261	0.01945	0.00841	0.01472	0.00999	0.01156	0.00683	0.00788	0.00631	0.00420	0.00315	0.00105	0.00526	0.00263	0.00210	0.00631
31	0.15547	0.26512	0.13043	0.03900	0.03654	0.10046	0.00945	0.03367	0.03932	0.05106	0.01038	0.01163	0.03368	0.00707	0.05620	0.00178	0.00609	0.00364	0.00279	0.00623
32	0.01093	0.01087	0.01841	0.38617	0.24986	0.03436	0.14268	0.01481	0.05559	0.01455	0.00970	0.01304	0.00754	0.00474	0.00504	0.00158	0.00655	0.00465	0.00248	0.00647
33	0.82579	0.00953	0.00766	0.02391	0.02702	0.01104	0.00571	0.01442	0.00845	0.02172	0.00693	0.00818	0.00540	0.00457	0.00312	0.00152	0.00390	0.00273	0.00301	0.00538
34	0.00914	0.00869	0.01522	0.58686	0.04707	0.01011	0.10181	0.01216	0.01001	0.01301	0.01155	0.13057	0.01045	0.00633	0.00521	0.00169	0.00620	0.00593	0.00257	0.00544
35	0.01313	0.10080	0.01341	0.01060	0.03676	0.01322	0.00830	0.13492	0.54042	0.02077	0.01723	0.01729	0.01330	0.00645	0.00484	0.00158	0.00434	0.03049	0.00458	0.00759
36	0.01238	0.00844	0.01015	0.00767	0.01141	0.00700	0.00614	0.04806	0.04066	0.16226	0.11995	0.01544	0.01392	0.00519	0.00428	0.00105	0.00364	0.00428	0.00401	0.51406
37	0.00627	0.00459	0.00597	0.00675	0.00736	0.00418	0.00460	0.00732	0.00984	0.01328	0.08335	0.69781	0.05781	0.01429	0.00609	0.00189	0.00284	0.01290	0.00454	0.04832
38	0.08283	0.27118	0.24197	0.01073	0.03341	0.02478	0.01088	0.07980	0.06622	0.05896	0.01093	0.05356	0.00914	0.00557	0.00425	0.00142	0.00549	0.01911	0.00302	0.00676
39	0.00599	0.00428	0.00570	0.00684	0.00713	0.00399	0.00456	0.00684	0.00941	0.01254	0.02709	0.82409	0.03250	0.01540	0.00627	0.00200	0.00285	0.01397	0.00456	0.00399
40	0.01701	0.00727	0.00965	0.00778	0.01077	0.00633	0.00628	0.01892	0.01372	0.54513	0.19012	0.02440	0.10537	0.00764	0.00522	0.00154	0.00359	0.00639	0.00577	0.00710
41	0.01080	0.10154	0.08333	0.28397	0.19173	0.01213	0.14392	0.01463	0.05123	0.01441	0.01012	0.04231	0.00832	0.00505	0.00490	0.00155	0.00633	0.00478	0.00251	0.00647
42	0.12438	0.07025	0.51312	0.01259	0.01832	0.05753	0.05226	0.01526	0.01041	0.01594	0.00954	0.01289	0.00761	0.00520	0.00454	0.00155	0.00664	0.05292	0.00241	0.00665
43	0.00632	0.00480	0.00584	0.00606	0.00711	0.00431	0.00439	0.00786	0.01166	0.01544	0.31522	0.27734	0.27645	0.01248	0.00596	0.00173	0.00257	0.02530	0.00487	0.00429
44	0.00678	0.00530	0.00773	0.11625	0.05632	0.00536	0.00638	0.00808	0.00957	0.01275	0.02360	0.66880	0.02761	0.01336	0.00601	0.00192	0.00352	0.01213	0.00412	0.00441
45	0.05838	0.03110	0.11745	0.08494	0.18889	0.09203	0.05111	0.03581	0.01216	0.24012	0.01227	0.03398	0.00907	0.00534	0.00478	0.00150	0.00584	0.00452	0.00356	0.00716
46	0.01474	0.00917	0.01339	0.09982	0.12374	0.00918	0.05891	0.03888	0.13405	0.29764	0.11796	0.01873	0.02878	0.00631	0.00512	0.00156	0.00465	0.00555	0.00461	0.00720
47	0.01124	0.00951	0.01032	0.00964	0.01203	0.01083	0.00753	0.02279	0.63898	0.01926	0.02124	0.08827	0.01789	0.00814	0.00530	0.00176	0.00387	0.08938	0.00491	0.00711
48	0.01050	0.00892	0.01036	0.00743	0.01178	0.00687	0.00595	0.04069	0.01067	0.01656	0.00885	0.01025	0.00732	0.00372	0.00369	0.00076	0.00370	0.00297	0.00299	0.82603

[dist]
# distance from previous block
# <min> <max>
1	4

[block]
# block no. 4 follows, 51 sequences, length 36
# corresponding to MSA columns:
# 411-446
name=unknown_E
#
# <colnr> <probs for GDERKNQSTAVLIFYWHMCP>
#	G	D	E	R	K	N	Q	S	T	A	V	L	I	F	Y	W	H	M	C	P
0	0.01208	0.00692	0.00982	0.00904	0.01116	0.00659	0.04686	0.01498	0.06392	0.23809	0.12085	0.11420	0.02448	0.01024	0.00592	0.00186	0.00413	0.28794	0.00501	0.00590
1	0.01241	0.01123	0.05808	0.01447	0.01815	0.01025	0.35823	0.08174	0.03611	0.12166	0.03954	0.13535	0.01401	0.00698	0.00592	0.00170	0.02885	0.03510	0.00370	0.00651
2	0.00693	0.00478	0.00553	0.00556	0.00587	0.00464	0.00339	0.00741	0.00858	0.01147	0.12758	0.09740	0.08140	0.58699	0.01939	0.00386	0.00410	0.00818	0.00356	0.00338
3	0.20708	0.02758	0.09610	0.01159	0.01579	0.00994	0.18949	0.01850	0.01167	0.32496	0.01317	0.01405	0.00918	0.00528	0.00470	0.00157	0.00541	0.02290	0.00402	0.00702
4	0.00907	0.00845	0.01416	0.76369	0.03214	0.01047	0.01307	0.01219	0.00980	0.01256	0.00991	0.06505	0.00821	0.00558	0.00500	0.00166	0.00631	0.00498	0.00234	0.00537
5	0.00928	0.00873	0.01474	0.81548	0.03385	0.01092	0.01365	0.01256	0.00983	0.01256	0.00873	0.01310	0.00655	0.00491	0.00491	0.00164	0.00655	0.00437	0.00218	0.00546
6	0.00723	0.00559	0.00833	0.00811	0.00934	0.00516	0.08149	0.00876	0.01061	0.03613	0.09104	0.45051	0.16081	0.01290	0.00612	0.00188	0.00348	0.08354	0.00446	0.00451
7	0.47121	0.00923	0.01008	0.00815	0.01160	0.00953	0.04647	0.01843	0.01088	0.34258	0.01218	0.01186	0.00826	0.00517	0.00397	0.00153	0.00419	0.00377	0.00427	0.00664
8	0.00602	0.00430	0.00573	0.00682	0.00714	0.00401	0.00456	0.00693	0.00957	0.01279	0.05377	0.79669	0.03299	0.01521	0.00626	0.00198	0.00283	0.01379	0.00459	0.00401
9	0.01073	0.14502	0.64675	0.01316	0.01982	0.01252	0.03273	0.01568	0.01045	0.03724	0.00885	0.01024	0.00643	0.00463	0.00447	0.00148	0.00690	0.00357	0.00220	0.00714
10	0.09981	0.04977	0.06921	0.04712	0.06909	0.17113	0.13922	0.07108	0.01289	0.20704	0.01128	0.01209	0.00808	0.00505	0.00469	0.00147	0.00633	0.00422	0.00353	0.00691
11	0.00999	0.00584	0.00759	0.00675	0.00849	0.00536	0.00520	0.01255	0.03841	0.16981	0.59236	0.03267	0.06682	0.00927	0.00561	0.00155	0.00273	0.00808	0.00549	0.00544
12	0.01112	0.00685	0.02657	0.00732	0.00972	0.00580	0.03727	0.01330	0.02674	0.23518	0.24896	0.03299	0.29964	0.00936	0.00552	0.00159	0.00329	0.00801	0.00509	0.00570
13	0.03461	0.01202	0.01638	0.23761	0.27050	0.11168	0.05212	0.05952	0.01221	0.13057	0.01051	0.01261	0.00786	0.00494	0.00484	0.00151	0.00623	0.00434	0.00307	0.00688
14	0.00925	0.02527	0.23649	0.00896	0.01212	0.02588	0.00908	0.01255	0.02589	0.06257	0.27159	0.07145	0.06771	0.00845	0.00529	0.00160	0.00432	0.07458	0.06131	0.00564
15	0.00608	0.00436	0.00577	0.00674	0.00714	0.00406	0.00455	0.00708	0.00988	0.01325	0.10132	0.73010	0.05182	0.01481	0.00622	0.00194	0.00279	0.01340	0.00464	0.00406
16	0.01100	0.14219	0.48711	0.01198	0.01756	0.04130	0.01393	0.01708	0.13673	0.01579	0.01067	0.01166	0.00800	0.00499	0.00442	0.00147	0.00621	0.00383	0.04706	0.00701
17	0.20291	0.17714	0.17567	0.05449	0.13554	0.01233	0.02357	0.01619	0.01052	0.13501	0.00966	0.01077	0.00722	0.00473	0.00411	0.00143	0.00538	0.00360	0.00297	0.00678
18	0.01848	0.01076	0.04162	0.10597	0.01625	0.08474	0.05077	0.04258	0.01353	0.50728	0.04586	0.01575	0.01168	0.00584	0.00496	0.00152	0.00521	0.00484	0.00488	0.00748
19	0.00694	0.00520	0.00631	0.00630	0.00754	0.00485	0.00475	0.00931	0.04599	0.01689	0.40280	0.13303	0.22381	0.01124	0.00582	0.00167	0.00266	0.06667	0.03366	0.00457
20	0.00707	0.00506	0.00684	0.00684	0.00736	0.00557	0.00483	0.00810	0.00759	0.01063	0.01413	0.02464	0.01460	0.36503	0.48281	0.00660	0.00968	0.00605	0.00278	0.00380
21	0.01025	0.12123	0.70945	0.01334	0.02024	0.01237	0.01700	0.01546	0.01033	0.01509	0.00858	0.01008	0.00623	0.00461	0.00449	0.00150	0.00702	0.00351	0.00208	0.00715
22	0.00906	0.13534	0.10500	0.00845	0.01053	0.00884	0.00753	0.01129	0.06997	0.01195	0.01125	0.01584	0.01020	0.04707	0.32159	0.19602	0.00823	0.00452	0.00257	0.00474
23	0.11973	0.00733	0.00919	0.00756	0.01034	0.00678	0.00608	0.01761	0.01331	0.42956	0.29092	0.02270	0.02338	0.00729	0.00501	0.00153	0.00348	0.00605	0.00547	0.00668
24	0.01042	0.02235	0.63899	0.01360	0.02003	0.01130	0.05828	0.06973	0.02224	0.01702	0.06207	0.01252	0.00927	0.00512	0.00483	0.00156	0.00681	0.00419	0.00256	0.00714
25	0.00780	0.00570	0.00726	0.00642	0.00815	0.00500	0.00488	0.01009	0.01331	0.03560	0.64976	0.03197	0.03928	0.00892	0.00543	0.00141	0.00257	0.00783	0.00502	0.14360
26	0.03976	0.06463	0.40834	0.01301	0.01854	0.01091	0.12785	0.01691	0.01135	0.17732	0.04505	0.01304	0.00935	0.00514	0.00496	0.00154	0.01765	0.00437	0.00314	0.00714
27	0.06871	0.01721	0.32240	0.09190	0.12123	0.06459	0.11833	0.01642	0.01113	0.10741	0.01004	0.01174	0.00727	0.00477	0.00478	0.00154	0.00667	0.00415	0.00275	0.00697
28	0.00626	0.00494	0.00564	0.00557	0.00694	0.00432	0.00414	0.00788	0.01210	0.01567	0.33191	0.10020	0.45346	0.01175	0.00584	0.00164	0.00245	0.01007	0.00489	0.00432
29	0.00626	0.00454	0.00593	0.00672	0.00731	0.00422	0.00472	0.00748	0.01043	0.01396	0.16046	0.58281	0.09274	0.01414	0.00619	0.00191	0.00283	0.05849	0.00471	0.00415
30	0.01144	0.27292	0.51004	0.01219	0.01820	0.06745	0.01457	0.01558	0.01049	0.01409	0.00813	0.00951	0.00626	0.00455	0.00419	0.00138	0.00675	0.00329	0.00211	0.00686
31	0.17314	0.01127	0.05593	0.11061	0.36380	0.02159	0.02809	0.04786	0.01118	0.04461	0.02569	0.01490	0.00938	0.00535	0.00468	0.00156	0.00547	0.05521	0.00294	0.00674
32	0.00938	0.00879	0.01462	0.78906	0.03316	0.01096	0.01346	0.01300	0.03534	0.01282	0.00910	0.01327	0.00683	0.00497	0.00492	0.00164	0.00646	0.00441	0.00228	0.00554
33	0.56184	0.01201	0.10766	0.00819	0.01161	0.04548	0.00748	0.01600	0.10895	0.02017	0.01040	0.01212	0.02491	0.00534	0.00374	0.00156	0.00446	0.02901	0.00323	0.00584
34	0.07594	0.01357	0.19444	0.11063	0.34806	0.01061	0.01347	0.01541	0.01109	0.09540	0.05665	0.01347	0.00984	0.00503	0.00475	0.00152	0.00571	0.00440	0.00291	0.00709
35	0.62605	0.03900	0.03817	0.00705	0.01035	0.01038	0.00607	0.01490	0.00940	0.08742	0.04920	0.01046	0.00825	0.00491	0.00345	0.00145	0.00393	0.00323	0.00335	0.06298

[dist]
# distance from previous block
# <min> <max>
1	26

[block]
# block no. 5 follows, 51 sequences, length 9
# corresponding to MSA columns:
# 473-481
name=unknown_F
#
# <colnr> <probs for GDERKNQSTAVLIFYWHMCP>
#	G	D	E	R	K	N	Q	S	T	A	V	L	I	F	Y	W	H	M	C	P
0	0.02930	0.11185	0.05844	0.05512	0.08629	0.19535	0.03201	0.09548	0.01267	0.02981	0.11427	0.01547	0.01294	0.00705	0.00631	0.08411	0.02051	0.02400	0.00314	0.00587
1	0.00920	0.00793	0.03063	0.22752	0.08720	0.00822	0.00887	0.01337	0.12330	0.03981	0.24985	0.13406	0.02365	0.00816	0.00537	0.00164	0.00426	0.00724	0.00403	0.00568
2	0.00986	0.02542	0.80183	0.01401	0.02127	0.01141	0.01816	0.01556	0.01038	0.01556	0.00882	0.01038	0.00623	0.00467	0.00467	0.00156	0.00726	0.00363	0.00208	0.00726
3	0.00717	0.00511	0.00744	0.00744	0.00812	0.00580	0.00557	0.00836	0.00767	0.01091	0.01307	0.02062	0.01270	0.13882	0.63744	0.08040	0.01130	0.00543	0.00264	0.00401
4	0.00599	0.00428	0.00570	0.00684	0.00713	0.00399	0.00456	0.00684	0.00941	0.01254	0.02709	0.82409	0.03250	0.01540	0.00627	0.00200	0.00285	0.01397	0.00456	0.00399
5	0.00676	0.00502	0.00630	0.00598	0.00722	0.00455	0.00449	0.00890	0.01346	0.01863	0.66890	0.03849	0.17219	0.01045	0.00580	0.00156	0.00235	0.00914	0.00527	0.00455
6	0.01178	0.01382	0.15465	0.10535	0.46267	0.01168	0.05748	0.06937	0.01179	0.01662	0.00982	0.01323	0.00800	0.00484	0.00495	0.00153	0.00623	0.02627	0.00259	0.00734
7	0.00816	0.00440	0.00612	0.00612	0.00612	0.00440	0.00392	0.00661	0.00661	0.00881	0.01043	0.01964	0.01108	0.23813	0.02079	0.62449	0.00440	0.00505	0.00236	0.00236
8	0.01196	0.01078	0.01636	0.14336	0.39496	0.01120	0.01227	0.10339	0.01200	0.01696	0.00970	0.01313	0.00810	0.00504	0.00542	0.00144	0.05412	0.02621	0.00280	0.14079

[dist]
# distance from previous block
# <min> <max>
3	6

[block]
# block no. 6 follows, 51 sequences, length 35
# corresponding to MSA columns:
# 488-522
name=unknown_G
#
# <colnr> <probs for GDERKNQSTAVLIFYWHMCP>
#	G	D	E	R	K	N	Q	S	T	A	V	L	I	F	Y	W	H	M	C	P
0	0.01384	0.22611	0.04232	0.14813	0.01695	0.29867	0.00947	0.03367	0.01173	0.01334	0.00843	0.01024	0.00693	0.00475	0.00407	0.00124	0.00650	0.00336	0.06334	0.07691
1	0.01219	0.07370	0.53121	0.01239	0.01836	0.01168	0.01462	0.09798	0.03703	0.09594	0.04157	0.01230	0.00893	0.00519	0.00468	0.00151	0.00632	0.00405	0.00301	0.00734
2	0.00854	0.00427	0.00640	0.00640	0.00640	0.00427	0.00427	0.00640	0.00640	0.00854	0.00854	0.01494	0.00854	0.01707	0.01921	0.85702	0.00427	0.00427	0.00213	0.00213
3	0.00707	0.00632	0.05827	0.00667	0.00821	0.00504	0.00548	0.00952	0.01342	0.01895	0.68848	0.06263	0.07131	0.00997	0.00574	0.00157	0.00267	0.00878	0.00513	0.00477
4	0.03250	0.04368	0.01708	0.08451	0.40205	0.03337	0.04154	0.05516	0.03743	0.05085	0.00988	0.01198	0.00789	0.00454	0.00459	0.00135	0.00548	0.00411	0.00287	0.14914
5	0.11301	0.01172	0.14995	0.00985	0.02776	0.00894	0.00907	0.04382	0.06559	0.45096	0.04837	0.01534	0.01179	0.00583	0.00472	0.00154	0.00465	0.00464	0.00483	0.00762
6	0.10479	0.01120	0.08773	0.21022	0.09439	0.03773	0.03576	0.07099	0.03639	0.09709	0.06639	0.01417	0.01051	0.00608	0.00558	0.05397	0.00540	0.00447	0.00326	0.04386
7	0.00970	0.12285	0.03804	0.00828	0.00960	0.10182	0.00655	0.01041	0.00908	0.01139	0.03345	0.14845	0.01493	0.13598	0.09178	0.14930	0.06394	0.02722	0.00290	0.00433
8	0.00651	0.00501	0.00596	0.00572	0.00707	0.00445	0.00429	0.00842	0.01287	0.01723	0.50785	0.04078	0.33410	0.01097	0.00580	0.00159	0.00238	0.00946	0.00508	0.00445
9	0.19861	0.02375	0.01136	0.00871	0.01238	0.00965	0.00722	0.15552	0.01439	0.48620	0.01518	0.01386	0.00995	0.00570	0.00451	0.00150	0.00434	0.00433	0.00517	0.00768
10	0.01107	0.11826	0.53051	0.01322	0.04595	0.01172	0.04524	0.01557	0.01058	0.05602	0.00918	0.01057	0.00675	0.00455	0.00445	0.00141	0.00649	0.00362	0.00240	0.09245
11	0.01294	0.78108	0.07317	0.00875	0.01314	0.01895	0.00900	0.01477	0.01001	0.01181	0.00695	0.00804	0.00630	0.00423	0.00325	0.00108	0.00538	0.00269	0.00210	0.00636
12	0.00625	0.00448	0.00594	0.00666	0.00719	0.00417	0.00458	0.00750	0.01063	0.01449	0.23490	0.61074	0.03626	0.01395	0.00614	0.00187	0.00271	0.01259	0.00479	0.00417
13	0.00900	0.00550	0.00690	0.00646	0.00809	0.00491	0.00495	0.01084	0.01272	0.14056	0.37685	0.10867	0.23130	0.01068	0.00575	0.00164	0.00280	0.04215	0.00518	0.00504
14	0.04135	0.04536	0.13729	0.20026	0.28766	0.01157	0.07145	0.04038	0.03087	0.05757	0.02400	0.01270	0.00823	0.00483	0.00481	0.00153	0.00609	0.00438	0.00273	0.00694
15	0.01314	0.83025	0.02575	0.00841	0.01261	0.01945	0.00841	0.01472	0.00999	0.01156	0.00683	0.00788	0.00631	0.00420	0.00315	0.00105	0.00526	0.00263	0.00210	0.00631
16	0.00731	0.00497	0.00640	0.00637	0.00663	0.00532	0.00420	0.00765	0.00730	0.01004	0.01392	0.02617	0.01504	0.49320	0.25998	0.09113	0.02198	0.00624	0.00277	0.00336
17	0.00993	0.04785	0.65899	0.01413	0.02071	0.01138	0.09343	0.01510	0.01044	0.01530	0.00982	0.05297	0.00772	0.00516	0.00482	0.00157	0.00707	0.00436	0.00225	0.00700
18	0.01988	0.11915	0.05860	0.00933	0.01341	0.00924	0.02945	0.02201	0.01324	0.62856	0.01685	0.01509	0.01092	0.00570	0.00471	0.00146	0.00461	0.00458	0.00522	0.00798
19	0.86201	0.00950	0.00722	0.00646	0.00950	0.01102	0.00532	0.01445	0.00836	0.02205	0.00684	0.00798	0.00532	0.00456	0.00304	0.00152	0.00380	0.00266	0.00304	0.00532
20	0.00618	0.00442	0.00592	0.00706	0.00743	0.00416	0.00490	0.00718	0.00960	0.01276	0.02698	0.74700	0.03208	0.01521	0.00632	0.00202	0.00302	0.08915	0.00456	0.00405
21	0.00986	0.02542	0.80183	0.01401	0.02127	0.01141	0.01816	0.01556	0.01038	0.01556	0.00882	0.01038	0.00623	0.00467	0.00467	0.00156	0.00726	0.00363	0.00208	0.00726
22	0.00725	0.00561	0.00858	0.08889	0.01129	0.00662	0.00690	0.00915	0.00809	0.01152	0.01272	0.01868	0.01171	0.03365	0.72730	0.00727	0.01250	0.00518	0.00259	0.00450
23	0.29454	0.00840	0.00956	0.00774	0.01103	0.00820	0.00634	0.01938	0.01219	0.46799	0.09298	0.01588	0.01336	0.00598	0.00441	0.00152	0.00387	0.00459	0.00502	0.00700
24	0.00869	0.00766	0.04690	0.00937	0.01168	0.00652	0.14769	0.01140	0.01305	0.05881	0.49378	0.03161	0.08566	0.00881	0.00574	0.00160	0.00383	0.03728	0.00466	0.00528
