[name]
unknown

[dist]
# distance from previous block
# <min> <max>
1	264

[block]
# block no. 0 follows, 43 sequences, length 7
# corresponding to MSA columns:
# 316-322
name=unknown_A
#
# <colnr> <probs for GDERKNQSTAVLIFYWHMCP>
#	G	D	E	R	K	N	Q	S	T	A	V	L	I	F	Y	W	H	M	C	P
0	0.09131	0.01289	0.01756	0.21823	0.14848	0.07259	0.07436	0.10001	0.01394	0.13249	0.01180	0.01400	0.00873	0.00591	0.00614	0.00176	0.05373	0.00488	0.00366	0.00756
1	0.03406	0.03102	0.01052	0.04943	0.02922	0.08673	0.00701	0.05048	0.03289	0.07295	0.10701	0.12527	0.04647	0.18623	0.05602	0.00293	0.00570	0.00765	0.00424	0.05417
2	0.01765	0.10515	0.01736	0.04569	0.09757	0.11985	0.05209	0.16819	0.01650	0.17239	0.08959	0.01674	0.01399	0.00646	0.00533	0.00160	0.00615	0.00527	0.03458	0.00785
3	0.05008	0.00833	0.01020	0.01015	0.06652	0.00816	0.00712	0.05903	0.09129	0.03300	0.20327	0.05778	0.06483	0.07701	0.00850	0.04505	0.00421	0.06425	0.00466	0.12654
4	0.06234	0.01139	0.01496	0.35965	0.11801	0.06838	0.01219	0.05748	0.05138	0.07431	0.01468	0.01711	0.05428	0.00627	0.00534	0.00173	0.00631	0.00525	0.05206	0.00690
5	0.01739	0.06865	0.01421	0.08883	0.06075	0.01061	0.00916	0.10018	0.06442	0.31616	0.13839	0.02196	0.04999	0.00749	0.00561	0.00170	0.00489	0.00622	0.00543	0.00798
6	0.05728	0.00831	0.00954	0.06583	0.01171	0.00889	0.00638	0.14251	0.04970	0.01737	0.01641	0.08496	0.01678	0.38877	0.05294	0.00380	0.00576	0.00719	0.00391	0.04198

[dist]
# distance from previous block
# <min> <max>
29	101

[block]
# block no. 1 follows, 43 sequences, length 34
# corresponding to MSA columns:
# 429-462
name=unknown_B
#
# <colnr> <probs for GDERKNQSTAVLIFYWHMCP>
#	G	D	E	R	K	N	Q	S	T	A	V	L	I	F	Y	W	H	M	C	P
0	0.07757	0.08581	0.04706	0.03034	0.02960	0.04444	0.07887	0.15552	0.05532	0.21121	0.03273	0.01736	0.01214	0.00652	0.00532	0.00166	0.00585	0.04112	0.00468	0.05689
1	0.05421	0.10780	0.08710	0.03264	0.09924	0.07143	0.07081	0.05993	0.09895	0.10516	0.03114	0.01586	0.04035	0.00602	0.00513	0.00157	0.00605	0.00499	0.00388	0.09774
2	0.04577	0.06561	0.07670	0.01187	0.05114	0.10771	0.00974	0.15742	0.03489	0.14058	0.07814	0.01868	0.07298	0.00699	0.00549	0.00158	0.01926	0.00544	0.00449	0.08551
3	0.02390	0.03825	0.03963	0.01290	0.10017	0.01011	0.04562	0.13068	0.06470	0.02025	0.10115	0.19764	0.03272	0.02828	0.00644	0.00186	0.00488	0.04350	0.00450	0.09283
4	0.00987	0.02224	0.00924	0.02639	0.03297	0.01972	0.00643	0.02348	0.08622	0.05891	0.15988	0.22525	0.14031	0.06039	0.04541	0.00240	0.00438	0.00983	0.00493	0.05175
5	0.01623	0.01042	0.01219	0.04925	0.01457	0.04549	0.00836	0.11283	0.08427	0.23343	0.13577	0.02426	0.01978	0.00786	0.00567	0.00166	0.00485	0.07482	0.00534	0.13293
6	0.08868	0.00795	0.00931	0.04255	0.01174	0.00724	0.00635	0.02725	0.01306	0.17173	0.11272	0.04270	0.22667	0.04559	0.00659	0.00180	0.00395	0.01785	0.00492	0.15136
7	0.01493	0.02809	0.01169	0.00888	0.01265	0.00838	0.00711	0.06771	0.04968	0.21625	0.14733	0.05765	0.01919	0.00708	0.00521	0.00140	0.00415	0.00591	0.00504	0.32168
8	0.08529	0.01337	0.01520	0.01158	0.01604	0.01384	0.04515	0.42497	0.05015	0.06159	0.01270	0.01315	0.00931	0.00589	0.00509	0.00149	0.00552	0.00458	0.00478	0.20032
9	0.01072	0.01011	0.01709	0.73041	0.09772	0.01237	0.01551	0.01438	0.01120	0.01447	0.00989	0.01468	0.00750	0.00549	0.00553	0.00183	0.00732	0.00492	0.00248	0.00637
10	0.29439	0.09592	0.04841	0.02348	0.01525	0.11633	0.00937	0.26805	0.01643	0.04974	0.01032	0.01112	0.00775	0.00576	0.00455	0.00161	0.00605	0.00391	0.00401	0.00754
11	0.01892	0.04556	0.05003	0.01393	0.08389	0.07046	0.07023	0.13843	0.04098	0.30616	0.08943	0.01804	0.01496	0.00669	0.00559	0.00168	0.00587	0.00563	0.00514	0.00840
12	0.00780	0.00566	0.00735	0.00692	0.00825	0.00521	0.00519	0.01037	0.01558	0.02198	0.74537	0.04175	0.07492	0.01141	0.00653	0.00175	0.00262	0.01007	0.00607	0.00521
13	0.00675	0.00482	0.00643	0.00771	0.00803	0.00450	0.00514	0.00771	0.01060	0.01414	0.03053	0.80175	0.03663	0.01735	0.00707	0.00225	0.00321	0.01574	0.00514	0.00450
14	0.08142	0.01428	0.02745	0.04522	0.11766	0.01402	0.50898	0.08617	0.01387	0.01986	0.01098	0.01415	0.00832	0.00495	0.00603	0.00181	0.00823	0.00586	0.00309	0.00765
15	0.02393	0.01090	0.01377	0.01055	0.01487	0.01033	0.00872	0.20263	0.01832	0.59552	0.01978	0.01751	0.01267	0.00680	0.00556	0.00170	0.00505	0.00543	0.00654	0.00942
16	0.01168	0.00556	0.00588	0.00560	0.00717	0.00544	0.00427	0.01422	0.01201	0.09121	0.01842	0.02048	0.01415	0.00649	0.00403	0.00133	0.00278	0.00520	0.75850	0.00556
17	0.01048	0.00848	0.00918	0.00861	0.01092	0.00891	0.00656	0.01839	0.34932	0.04185	0.10440	0.10652	0.27232	0.01094	0.00615	0.00189	0.00359	0.00929	0.00550	0.00669
18	0.19497	0.00755	0.00725	0.00711	0.00894	0.04094	0.00534	0.01108	0.01253	0.01895	0.23334	0.16913	0.24045	0.01151	0.00587	0.00185	0.00347	0.00964	0.00492	0.00517
19	0.01378	0.01190	0.01252	0.01127	0.01440	0.01378	0.00877	0.02943	0.76081	0.02317	0.02254	0.02066	0.01691	0.00751	0.00564	0.00188	0.00438	0.00626	0.00564	0.00877
20	0.09725	0.01451	0.01520	0.01192	0.01607	0.01615	0.00979	0.60586	0.08386	0.03265	0.01365	0.01368	0.00983	0.00657	0.00531	0.00168	0.00570	0.00491	0.02648	0.00894
21	0.56187	0.01002	0.00909	0.00783	0.01106	0.01098	0.00629	0.04756	0.01131	0.15453	0.03631	0.01451	0.01033	0.08059	0.00631	0.00205	0.00448	0.00423	0.00419	0.00646
22	0.01062	0.00635	0.00821	0.00839	0.00959	0.00613	0.00598	0.04890	0.04838	0.12214	0.02609	0.54046	0.02855	0.01503	0.00808	0.08042	0.00378	0.01229	0.00517	0.00545
23	0.00709	0.00550	0.00655	0.00724	0.00847	0.00496	0.00547	0.00858	0.01197	0.01501	0.04211	0.30640	0.37423	0.01540	0.00694	0.00213	0.00341	0.15868	0.00513	0.00470
24	0.17704	0.00859	0.01017	0.00867	0.01165	0.00831	0.00681	0.03357	0.03245	0.37315	0.07591	0.14584	0.01918	0.05548	0.00680	0.00202	0.00429	0.00720	0.00560	0.00728
25	0.01774	0.00791	0.01034	0.00868	0.01171	0.00698	0.00685	0.01992	0.03205	0.46613	0.08840	0.13824	0.12436	0.02616	0.00646	0.00189	0.00407	0.00830	0.00621	0.00758
26	0.09186	0.00620	0.00755	0.00802	0.00917	0.00605	0.00568	0.03489	0.01160	0.08676	0.04351	0.60743	0.03092	0.01468	0.00651	0.00212	0.00354	0.01305	0.00517	0.00528
27	0.70113	0.01049	0.00896	0.00773	0.01131	0.01167	0.00637	0.01815	0.01055	0.15599	0.01018	0.01072	0.00735	0.00544	0.00380	0.00171	0.00436	0.00345	0.00403	0.00660
28	0.00853	0.00572	0.00711	0.00717	0.00830	0.00531	0.00507	0.01037	0.02909	0.06448	0.26955	0.28308	0.14267	0.11655	0.00944	0.00240	0.00336	0.01147	0.00534	0.00501
29	0.02332	0.00600	0.00713	0.00695	0.00854	0.00541	0.00514	0.01080	0.01286	0.09745	0.20204	0.15979	0.30210	0.08712	0.00854	0.00224	0.00339	0.04064	0.00534	0.00520
30	0.00679	0.00550	0.00602	0.00615	0.00769	0.00474	0.00451	0.00832	0.01281	0.01601	0.16725	0.16495	0.54174	0.01409	0.00662	0.00191	0.00284	0.01203	0.00530	0.00474
31	0.01046	0.00984	0.01661	0.79205	0.03814	0.01230	0.01538	0.01415	0.01107	0.01415	0.00984	0.01477	0.00738	0.00554	0.00554	0.00185	0.00738	0.00492	0.00246	0.00615
32	0.01442	0.01805	0.17209	0.02090	0.09231	0.08521	0.41429	0.01880	0.01324	0.07889	0.01151	0.01406	0.00848	0.00508	0.00597	0.00177	0.00855	0.00556	0.00304	0.00779
33	0.11444	0.00768	0.00969	0.00838	0.01098	0.00743	0.00666	0.01703	0.01363	0.29767	0.23718	0.04024	0.04492	0.01441	0.14169	0.00299	0.00574	0.00697	0.00546	0.00679

[dist]
# distance from previous block
# <min> <max>
0	6

[block]
# block no. 2 follows, 43 sequences, length 12
# corresponding to MSA columns:
# 469-480
name=unknown_C
#
# <colnr> <probs for GDERKNQSTAVLIFYWHMCP>
#	G	D	E	R	K	N	Q	S	T	A	V	L	I	F	Y	W	H	M	C	P
0	0.02132	0.01376	0.01538	0.01193	0.01622	0.01475	0.00981	0.51858	0.08700	0.20871	0.01612	0.01524	0.01108	0.00677	0.00556	0.00169	0.00562	0.00523	0.00586	0.00936
1	0.01466	0.01223	0.01646	0.01379	0.01482	0.01599	0.01147	0.10568	0.01148	0.10236	0.00966	0.01303	0.00826	0.00900	0.01519	0.00225	0.60858	0.00495	0.00331	0.00685
2	0.00891	0.00678	0.01011	0.00909	0.01068	0.00640	0.08976	0.01118	0.04472	0.03835	0.25677	0.22516	0.11669	0.05748	0.00912	0.07430	0.00403	0.01039	0.00491	0.00516
3	0.06173	0.01242	0.01351	0.01068	0.01477	0.10482	0.00869	0.12709	0.01696	0.54324	0.01837	0.01653	0.01195	0.00661	0.00540	0.00167	0.00553	0.00512	0.00602	0.00890
4	0.02004	0.01246	0.01423	0.01116	0.01494	0.01318	0.00904	0.45536	0.02077	0.21916	0.01594	0.01733	0.01176	0.08262	0.05377	0.00245	0.00619	0.00547	0.00552	0.00859
5	0.03074	0.01146	0.08753	0.01048	0.01402	0.00995	0.00920	0.14342	0.10096	0.23687	0.04910	0.11537	0.06305	0.00938	0.00598	0.00189	0.00493	0.08248	0.00547	0.00772
6	0.07511	0.01998	0.30319	0.01460	0.06362	0.10177	0.03150	0.12559	0.01502	0.17845	0.01266	0.01323	0.00884	0.00580	0.00525	0.00169	0.00703	0.00450	0.00391	0.00828
7	0.57644	0.01164	0.00925	0.00834	0.01144	0.07824	0.00666	0.01774	0.10300	0.02337	0.09586	0.01419	0.01268	0.00618	0.00419	0.00171	0.00460	0.00424	0.00395	0.00629
8	0.00815	0.00510	0.00716	0.00799	0.00837	0.00495	0.00571	0.00822	0.00980	0.01299	0.02296	0.39135	0.02627	0.01764	0.01230	0.29638	0.00412	0.14249	0.00417	0.00387
9	0.21040	0.01032	0.01108	0.02422	0.01319	0.00967	0.00706	0.10141	0.01317	0.09729	0.01410	0.03021	0.05384	0.00580	0.00449	0.00133	0.00441	0.00442	0.00407	0.37951
10	0.00994	0.00876	0.00940	0.00960	0.05498	0.05366	0.00672	0.01513	0.19033	0.01898	0.24914	0.05608	0.25012	0.03422	0.00683	0.00191	0.00386	0.00903	0.00521	0.00610
11	0.01220	0.19742	0.01538	0.00931	0.01250	0.01085	0.05084	0.02845	0.03000	0.07904	0.08596	0.13208	0.05154	0.07549	0.00731	0.00183	0.01657	0.00690	0.00403	0.17230

[dist]
# distance from previous block
# <min> <max>
5	23

[block]
# block no. 3 follows, 43 sequences, length 125
# corresponding to MSA columns:
# 505-553,555-583,585-604,606-632
name=unknown_D
#
# <colnr> <probs for GDERKNQSTAVLIFYWHMCP>
#	G	D	E	R	K	N	Q	S	T	A	V	L	I	F	Y	W	H	M	C	P
0	0.01751	0.01266	0.01420	0.01086	0.01520	0.01279	0.00887	0.37614	0.06369	0.10042	0.01430	0.01446	0.02458	0.00614	0.00542	0.00144	0.02381	0.00471	0.00489	0.26790
1	0.13058	0.00617	0.00668	0.00668	0.00735	0.00648	0.00431	0.00943	0.00867	0.01343	0.01768	0.10088	0.03340	0.51840	0.10360	0.00486	0.00598	0.00786	0.00352	0.00404
2	0.30664	0.10272	0.03020	0.01022	0.02741	0.13306	0.00815	0.05368	0.11876	0.02014	0.01368	0.12745	0.01259	0.00739	0.00472	0.00171	0.00544	0.00558	0.00385	0.00663
3	0.06785	0.00819	0.06556	0.00741	0.00859	0.00730	0.00540	0.01155	0.08560	0.01353	0.01671	0.03085	0.01781	0.60620	0.02238	0.00448	0.00541	0.00721	0.00352	0.00446
4	0.01288	0.02457	0.54846	0.01652	0.02375	0.01367	0.13357	0.12536	0.01401	0.02012	0.01063	0.01244	0.00759	0.00537	0.00550	0.00176	0.00806	0.00461	0.00288	0.00825
5	0.01229	0.00825	0.01004	0.00975	0.01183	0.00857	0.00771	0.03930	0.23090	0.11914	0.05219	0.19754	0.03692	0.01203	0.00690	0.02343	0.00434	0.19671	0.00548	0.00667
6	0.01004	0.00703	0.06187	0.00813	0.00894	0.00606	0.00622	0.00964	0.06494	0.01121	0.01063	0.01676	0.00999	0.01736	0.01927	0.71608	0.00502	0.00487	0.00265	0.00330
7	0.01254	0.15207	0.01926	0.01373	0.01469	0.01762	0.02588	0.01393	0.00906	0.01335	0.00754	0.01176	0.00737	0.00923	0.02763	0.00230	0.62878	0.00457	0.00243	0.00625
8	0.00692	0.00506	0.00648	0.00730	0.00797	0.00465	0.00501	0.00819	0.01162	0.01548	0.15253	0.57321	0.12765	0.03125	0.00733	0.00218	0.00311	0.01418	0.00526	0.00462
9	0.12006	0.02042	0.42826	0.01406	0.02035	0.01172	0.10195	0.01817	0.01223	0.12939	0.01454	0.01547	0.05729	0.00598	0.00530	0.00176	0.00696	0.00495	0.00338	0.00777
10	0.00728	0.00532	0.00696	0.00759	0.00841	0.00484	0.00525	0.00869	0.01172	0.01608	0.18324	0.59177	0.03806	0.01523	0.00676	0.00205	0.00315	0.01374	0.00522	0.05864
11	0.00910	0.00664	0.00743	0.00709	0.00915	0.00613	0.00550	0.01237	0.09401	0.07502	0.16473	0.04585	0.46063	0.01242	0.00645	0.00189	0.00325	0.06126	0.00548	0.00560
12	0.01562	0.00872	0.01055	0.00917	0.01207	0.00856	0.00718	0.02136	0.22296	0.30409	0.10723	0.11495	0.11429	0.00959	0.00598	0.00184	0.00399	0.00815	0.00603	0.00765
13	0.74441	0.01055	0.00872	0.00760	0.01113	0.01190	0.00626	0.01759	0.01021	0.11640	0.00944	0.01020	0.00694	0.00535	0.00369	0.00171	0.00434	0.00331	0.00385	0.00642
14	0.01058	0.00658	0.00826	0.00831	0.00977	0.00632	0.00602	0.04281	0.06957	0.12781	0.07735	0.49602	0.08060	0.01401	0.00661	0.00206	0.00357	0.01245	0.00551	0.00581
15	0.01030	0.00621	0.00816	0.00736	0.00911	0.00564	0.00563	0.01281	0.01562	0.13240	0.64032	0.03837	0.06486	0.01074	0.00639	0.00174	0.00293	0.00941	0.00618	0.00583
16	0.01005	0.00645	0.00765	0.00707	0.00908	0.00580	0.00541	0.01255	0.04621	0.12907	0.28252	0.06042	0.34385	0.02724	0.00681	0.00189	0.00319	0.02335	0.00569	0.00571
17	0.01001	0.00587	0.00766	0.00798	0.00913	0.00544	0.00566	0.01162	0.03084	0.13800	0.06892	0.53556	0.06173	0.05335	0.00778	0.00227	0.00357	0.02380	0.00540	0.00541
18	0.00706	0.00562	0.00633	0.00619	0.00780	0.00489	0.00463	0.00893	0.01379	0.01781	0.33682	0.06233	0.47216	0.01302	0.00655	0.00183	0.00274	0.01110	0.00552	0.00489
19	0.02015	0.01472	0.01586	0.01240	0.01664	0.01629	0.01017	0.61505	0.13338	0.06506	0.01502	0.01462	0.01070	0.00678	0.00556	0.00170	0.00578	0.00520	0.00561	0.00932
20	0.14106	0.01370	0.01440	0.01139	0.01541	0.01510	0.00933	0.52367	0.05946	0.07975	0.01417	0.04068	0.01059	0.00685	0.00526	0.00170	0.00550	0.00517	0.01819	0.00865
21	0.01546	0.00914	0.01019	0.00864	0.01126	0.00947	0.00681	0.24780	0.02968	0.13487	0.01852	0.10260	0.01522	0.02576	0.00557	0.00168	0.00416	0.00639	0.32970	0.00708
22	0.01046	0.00984	0.01661	0.79205	0.03814	0.01230	0.01538	0.01415	0.01107	0.01415	0.00984	0.01477	0.00738	0.00554	0.00554	0.00185	0.00738	0.00492	0.00246	0.00615
23	0.00829	0.00664	0.01064	0.00985	0.01108	0.00706	0.08628	0.01011	0.00951	0.01329	0.01742	0.15263	0.01794	0.14305	0.46250	0.00653	0.01096	0.00793	0.00337	0.00492
24	0.00818	0.00546	0.00672	0.00717	0.00827	0.00490	0.00503	0.00940	0.01172	0.07257	0.07451	0.45927	0.24031	0.04993	0.00771	0.00221	0.00328	0.01320	0.00524	0.00491
25	0.00683	0.00486	0.00640	0.00760	0.00790	0.00455	0.00503	0.00773	0.01044	0.01392	0.02968	0.75223	0.03556	0.06832	0.00844	0.00245	0.00335	0.01525	0.00503	0.00442
26	0.00673	0.00487	0.00637	0.00758	0.00800	0.00451	0.00508	0.00773	0.01073	0.01419	0.03218	0.75334	0.08397	0.01714	0.00704	0.00222	0.00319	0.01548	0.00514	0.00451
27	0.01412	0.01385	0.07468	0.14620	0.39346	0.02460	0.10862	0.04911	0.01324	0.07565	0.01173	0.01515	0.00921	0.00545	0.00565	0.00173	0.00703	0.01923	0.00316	0.00813
28	0.01193	0.01000	0.01110	0.06480	0.01419	0.01104	0.00807	0.08319	0.39807	0.02141	0.08550	0.02974	0.19084	0.00928	0.00595	0.00186	0.00426	0.02612	0.00531	0.00734
29	0.00956	0.00481	0.00720	0.00723	0.00723	0.00480	0.00482	0.00723	0.00729	0.00972	0.01009	0.03451	0.01023	0.01920	0.02132	0.82002	0.00477	0.00506	0.00247	0.00245
30	0.01398	0.06717	0.01410	0.00949	0.01427	0.01022	0.02508	0.12779	0.02831	0.06133	0.01114	0.01223	0.00878	0.00476	0.00445	0.00107	0.00470	0.00378	0.00379	0.57356
31	0.01456	0.66493	0.10760	0.01039	0.01531	0.06106	0.01065	0.01682	0.01148	0.01353	0.00815	0.00955	0.00726	0.00571	0.02223	0.00144	0.00659	0.00318	0.00241	0.00713
32	0.00786	0.00529	0.00610	0.00629	0.00633	0.00524	0.00362	0.00800	0.00843	0.01124	0.01937	0.14853	0.02255	0.68977	0.02509	0.00491	0.00505	0.00918	0.00362	0.00352
33	0.02012	0.01016	0.01437	0.24660	0.02170	0.01030	0.01057	0.09579	0.01543	0.47063	0.01736	0.01706	0.01137	0.00644	0.00556	0.00175	0.00566	0.00532	0.00539	0.00844
34	0.01400	0.17871	0.43912	0.01447	0.04404	0.03003	0.04752	0.01857	0.01229	0.11885	0.01124	0.01247	0.00819	0.00605	0.01999	0.00177	0.00743	0.00422	0.00301	0.00803
35	0.02161	0.01462	0.01607	0.01232	0.01673	0.01585	0.01018	0.64595	0.02455	0.14341	0.01455	0.01411	0.01005	0.00668	0.00554	0.00167	0.00589	0.00507	0.00573	0.00942
36	0.01971	0.01485	0.01586	0.01247	0.01666	0.01655	0.01020	0.61895	0.16162	0.03274	0.01500	0.01466	0.01080	0.00681	0.00556	0.00170	0.00578	0.00522	0.00556	0.00930
37	0.01185	0.17723	0.58324	0.04844	0.03970	0.01458	0.01806	0.01720	0.01160	0.01654	0.00952	0.01133	0.00709	0.00517	0.00495	0.00165	0.00768	0.00393	0.00236	0.00790
38	0.02066	0.00959	0.01389	0.12505	0.01793	0.00906	0.04104	0.02374	0.04695	0.54960	0.06791	0.01962	0.01518	0.00688	0.00567	0.00175	0.00515	0.00583	0.00593	0.00856
39	0.02380	0.01110	0.01389	0.01065	0.01498	0.01063	0.00880	0.22706	0.01866	0.57061	0.01949	0.01732	0.01253	0.00680	0.00556	0.00170	0.00509	0.00541	0.00649	0.00942
40	0.02069	0.02640	0.01569	0.01427	0.01712	0.78313	0.01070	0.02212	0.01569	0.01355	0.00856	0.00999	0.00713	0.00571	0.00499	0.00143	0.00999	0.00357	0.00285	0.00642
41	0.01303	0.01256	0.02285	0.20751	0.11311	0.01301	0.32050	0.08387	0.04991	0.01876	0.01194	0.01529	0.00911	0.00565	0.00618	0.01929	0.00748	0.00568	0.05699	0.00729
42	0.01290	0.01461	0.03164	0.07306	0.02954	0.01390	0.70314	0.01751	0.01294	0.01751	0.01112	0.01493	0.00834	0.00472	0.00647	0.00187	0.00921	0.00643	0.00278	0.00738
43	0.00757	0.00566	0.00702	0.00672	0.00816	0.00512	0.00507	0.00990	0.01492	0.02043	0.58953	0.04454	0.21582	0.01202	0.00656	0.00179	0.00271	0.02550	0.00586	0.00510
44	0.00675	0.00482	0.00643	0.00771	0.00803	0.00450	0.00514	0.00771	0.01060	0.01414	0.03053	0.80175	0.03663	0.01735	0.00707	0.00225	0.00321	0.01574	0.00514	0.00450
45	0.08784	0.01304	0.01378	0.01141	0.01516	0.01460	0.00918	0.31195	0.35612	0.08090	0.01761	0.01665	0.01282	0.00693	0.00541	0.00177	0.00507	0.00544	0.00550	0.00883
46	0.06382	0.01491	0.01513	0.01175	0.01607	0.06473	0.00958	0.52108	0.04340	0.02983	0.01238	0.01276	0.00910	0.00611	0.00515	0.00152	0.00587	0.00454	0.00488	0.14742
47	0.00675	0.00482	0.00643	0.00771	0.00803	0.00450	0.00514	0.00771	0.01060	0.01414	0.03053	0.80175	0.03663	0.01735	0.00707	0.00225	0.00321	0.01574	0.00514	0.00450
48	0.07633	0.02072	0.31379	0.01881	0.07219	0.08709	0.28436	0.01778	0.01245	0.01777	0.01043	0.02403	0.00800	0.00523	0.00560	0.00176	0.00831	0.00507	0.00271	0.00757
49	0.01192	0.00968	0.01127	0.00854	0.01270	0.00802	0.00672	0.08243	0.02694	0.01884	0.01255	0.05853	0.02608	0.00644	0.00572	0.06011	0.00427	0.00450	0.00362	0.62111
50	0.06701	0.00658	0.00734	0.00789	0.00872	0.03915	0.00547	0.02489	0.01127	0.01576	0.10288	0.50659	0.03164	0.09144	0.04447	0.00272	0.00432	0.01231	0.00476	0.00478
51	0.01481	0.80869	0.02902	0.00948	0.01421	0.02191	0.00948	0.01658	0.01125	0.01303	0.00770	0.00888	0.00711	0.00474	0.00355	0.00118	0.00592	0.00296	0.00237	0.00711
52	0.00786	0.00583	0.00825	0.00822	0.00923	0.00648	0.00626	0.00970	0.00965	0.01367	0.07134	0.02663	0.07454	0.09535	0.59571	0.00744	0.01208	0.00681	0.02013	0.00483
53	0.00966	0.00604	0.00745	0.00748	0.00899	0.00548	0.00555	0.01138	0.02397	0.11934	0.11330	0.27503	0.24417	0.06497	0.00805	0.00223	0.00355	0.07264	0.00537	0.00534
54	0.00824	0.00600	0.00750	0.00732	0.00865	0.00570	0.00542	0.01124	0.06249	0.03152	0.48649	0.15393	0.11155	0.04147	0.00737	0.00199	0.00303	0.02908	0.00572	0.00529
55	0.00784	0.00566	0.00740	0.00697	0.00827	0.00523	0.00523	0.01045	0.01568	0.02221	0.76789	0.04137	0.05226	0.01132	0.00653	0.00174	0.00261	0.01002	0.00610	0.00523
56	0.02403	0.01074	0.01367	0.01048	0.01479	0.01009	0.00866	0.18357	0.01805	0.61497	0.02000	0.01765	0.01278	0.00681	0.00556	0.00170	0.00501	0.00544	0.00657	0.00942
57	0.00945	0.00577	0.00697	0.00702	0.00776	0.00569	0.00472	0.01063	0.02374	0.07134	0.02142	0.17228	0.03563	0.39902	0.06707	0.00405	0.00516	0.04424	0.09351	0.00453
58	0.00813	0.00517	0.00692	0.00787	0.00850	0.00478	0.00537	0.00918	0.01100	0.07207	0.02986	0.74211	0.03488	0.01655	0.00695	0.00221	0.00333	0.01497	0.00527	0.00487
59	0.01351	0.01104	0.01257	0.00916	0.01398	0.00945	0.00740	0.17002	0.01456	0.02161	0.01057	0.01187	0.00846	0.00464	0.00441	0.00100	0.00452	0.00364	0.00376	0.66383
60	0.84448	0.01071	0.00814	0.00728	0.01071	0.01242	0.00600	0.01628	0.00943	0.02485	0.00771	0.00900	0.00600	0.00514	0.00343	0.00171	0.00428	0.00300	0.00343	0.00600
61	0.00730	0.00607	0.00641	0.00637	0.00819	0.00545	0.00482	0.00981	0.06547	0.01603	0.10333	0.06396	0.59854	0.03149	0.00703	0.00198	0.00307	0.04449	0.00520	0.00499
62	0.02032	0.01508	0.01623	0.01240	0.01687	0.01643	0.01022	0.69610	0.02493	0.03362	0.01303	0.01316	0.00933	0.00645	0.00543	0.00160	0.00594	0.00486	0.00537	0.07263
63	0.01111	0.02865	0.77667	0.01579	0.02397	0.01286	0.02046	0.01754	0.01169	0.01754	0.00994	0.01169	0.00702	0.00526	0.00526	0.00175	0.00818	0.00409	0.00234	0.00818
64	0.01111	0.02865	0.77667	0.01579	0.02397	0.01286	0.02046	0.01754	0.01169	0.01754	0.00994	0.01169	0.00702	0.00526	0.00526	0.00175	0.00818	0.00409	0.00234	0.00818
65	0.00698	0.00498	0.00663	0.00780	0.00822	0.00469	0.00535	0.00809	0.01085	0.01449	0.05680	0.69643	0.03631	0.04319	0.00779	0.00236	0.00340	0.06600	0.00511	0.00453
66	0.00678	0.00483	0.00642	0.00768	0.00799	0.00452	0.00510	0.00772	0.01055	0.01407	0.03025	0.78539	0.03628	0.03419	0.00752	0.00232	0.00326	0.01558	0.00510	0.00447
67	0.00805	0.00537	0.00604	0.00604	0.00604	0.00537	0.00336	0.00805	0.00805	0.01074	0.01745	0.03624	0.02013	0.80536	0.02819	0.00537	0.00537	0.00805	0.00336	0.00336
68	0.01046	0.00984	0.01661	0.79205	0.03814	0.01230	0.01538	0.01415	0.01107	0.01415	0.00984	0.01477	0.00738	0.00554	0.00554	0.00185	0.00738	0.00492	0.00246	0.00615
69	0.84448	0.01071	0.00814	0.00728	0.01071	0.01242	0.00600	0.01628	0.00943	0.02485	0.00771	0.00900	0.00600	0.00514	0.00343	0.00171	0.00428	0.00300	0.00343	0.00600
70	0.06619	0.00954	0.01261	0.00975	0.01397	0.00848	0.00804	0.02650	0.03111	0.72090	0.02115	0.01839	0.01339	0.00678	0.00546	0.00172	0.00468	0.00545	0.00666	0.00924
71	0.00677	0.00492	0.00640	0.00757	0.00805	0.00455	0.00513	0.00780	0.01082	0.01426	0.03279	0.72120	0.10187	0.01702	0.00703	0.00222	0.00321	0.02873	0.00514	0.00453
72	0.00734	0.00545	0.00749	0.00841	0.00920	0.00513	0.02283	0.00877	0.01130	0.01482	0.03213	0.55811	0.10076	0.01632	0.00713	0.00227	0.00372	0.16903	0.00508	0.00471
73	0.01148	0.00984	0.01148	0.00820	0.01312	0.00738	0.00656	0.01395	0.01148	0.01805	0.00984	0.01148	0.00820	0.00410	0.00410	0.00082	0.00410	0.00328	0.00328	0.83922
74	0.01057	0.00594	0.00768	0.00781	0.00924	0.00531	0.00563	0.01189	0.01215	0.17521	0.05018	0.49932	0.14852	0.01446	0.00666	0.00206	0.00345	0.01281	0.00553	0.00559
75	0.00913	0.00662	0.00752	0.00740	0.00824	0.00678	0.00489	0.06259	0.08349	0.01500	0.04477	0.20572	0.06968	0.42342	0.01771	0.00375	0.00460	0.00967	0.00432	0.00470
76	0.72179	0.00993	0.00783	0.00710	0.01003	0.01139	0.00561	0.01507	0.00922	0.02278	0.00914	0.01299	0.00807	0.12252	0.00706	0.00225	0.00444	0.00374	0.00342	0.00561
77	0.00993	0.00803	0.00901	0.00832	0.01046	0.02347	0.00619	0.04166	0.11482	0.01727	0.06769	0.20198	0.10264	0.11736	0.00893	0.00223	0.00416	0.05956	0.00460	0.18170
78	0.01807	0.32567	0.02081	0.01217	0.01583	0.38334	0.01016	0.09483	0.01480	0.01553	0.00882	0.01017	0.00749	0.00619	0.01963	0.00152	0.02154	0.00355	0.00294	0.00696
79	0.00958	0.00502	0.00730	0.00733	0.00744	0.00503	0.00491	0.02102	0.00784	0.01046	0.01146	0.07755	0.01192	0.03566	0.02037	0.74128	0.00472	0.00572	0.00269	0.00272
80	0.01261	0.01294	0.03920	0.22878	0.21849	0.10125	0.06869	0.03245	0.02861	0.03115	0.03178	0.03252	0.12392	0.00699	0.00572	0.00175	0.00666	0.00619	0.00334	0.00695
81	0.27075	0.01425	0.01403	0.01111	0.01521	0.02958	0.00916	0.51594	0.02081	0.03147	0.01152	0.01193	0.00834	0.00617	0.00489	0.00167	0.00562	0.00436	0.00485	0.00833
82	0.01394	0.00700	0.00911	0.00791	0.01034	0.00618	0.00616	0.01608	0.01491	0.30267	0.32815	0.09259	0.14111	0.01050	0.00621	0.00179	0.00347	0.00903	0.00617	0.00666
83	0.03321	0.00551	0.00699	0.00763	0.00845	0.00527	0.00537	0.00951	0.02785	0.02827	0.19486	0.50661	0.05415	0.04211	0.00752	0.00221	0.00330	0.04101	0.00528	0.00486
84	0.12861	0.00737	0.00885	0.00794	0.01025	0.00698	0.00607	0.01568	0.01321	0.25972	0.18725	0.18262	0.07489	0.05683	0.00717	0.00205	0.00381	0.00877	0.00556	0.00638
85	0.01336	0.00885	0.01034	0.00884	0.01147	0.00891	0.00696	0.15567	0.11067	0.13174	0.33145	0.03177	0.12754	0.00967	0.00610	0.00176	0.00382	0.00817	0.00592	0.00700
86	0.31014	0.01041	0.01154	0.00921	0.01321	0.01042	0.00760	0.08670	0.01450	0.44867	0.01617	0.01493	0.01065	0.00624	0.00482	0.00171	0.00468	0.00462	0.00555	0.00823
87	0.01628	0.00872	0.01077	0.00921	0.01208	0.00841	0.00722	0.10465	0.08790	0.31469	0.12572	0.16650	0.08378	0.00998	0.00605	0.00184	0.00413	0.00851	0.00603	0.00752
88	0.00690	0.00541	0.00618	0.00643	0.00773	0.00476	0.00462	0.00837	0.01254	0.01601	0.18544	0.24401	0.41626	0.04068	0.00740	0.00206	0.00296	0.01229	0.00527	0.00469
89	0.00805	0.00537	0.00604	0.00604	0.00604	0.00537	0.00336	0.00805	0.00805	0.01074	0.01745	0.03624	0.02013	0.80536	0.02819	0.00537	0.00537	0.00805	0.00336	0.00336
90	0.84448	0.01071	0.00814	0.00728	0.01071	0.01242	0.00600	0.01628	0.00943	0.02485	0.00771	0.00900	0.00600	0.00514	0.00343	0.00171	0.00428	0.00300	0.00343	0.00600
91	0.05111	0.00636	0.00767	0.00717	0.00905	0.00578	0.00543	0.01224	0.01388	0.13552	0.32275	0.14552	0.23274	0.01189	0.00631	0.00184	0.00315	0.01023	0.00570	0.00566
92	0.00675	0.00482	0.00643	0.00771	0.00803	0.00450	0.00514	0.00771	0.01060	0.01414	0.03053	0.80175	0.03663	0.01735	0.00707	0.00225	0.00321	0.01574	0.00514	0.00450
93	0.01212	0.01212	0.01696	0.01454	0.01454	0.01696	0.01212	0.01333	0.00848	0.01333	0.00727	0.01212	0.00727	0.00969	0.01818	0.00242	0.79523	0.00485	0.00242	0.00606
94	0.00877	0.00807	0.00770	0.00845	0.00931	0.11873	0.00586	0.00985	0.01157	0.01414	0.03006	0.60494	0.11119	0.01528	0.00671	0.00209	0.00416	0.01352	0.00481	0.00480
95	0.58978	0.01251	0.01040	0.00894	0.01249	0.05511	0.00727	0.14883	0.06997	0.02590	0.00988	0.01071	0.00750	0.00562	0.00406	0.00170	0.00492	0.00363	0.00394	0.00684
96	0.35300	0.01625	0.01297	0.01092	0.01456	0.20331	0.00874	0.27626	0.01680	0.02561	0.00988	0.01075	0.00748	0.00581	0.00455	0.00163	0.00632	0.00384	0.00403	0.00730
97	0.84448	0.01071	0.00814	0.00728	0.01071	0.01242	0.00600	0.01628	0.00943	0.02485	0.00771	0.00900	0.00600	0.00514	0.00343	0.00171	0.00428	0.00300	0.00343	0.00600
98	0.01046	0.00984	0.01661	0.79205	0.03814	0.01230	0.01538	0.01415	0.01107	0.01415	0.00984	0.01477	0.00738	0.00554	0.00554	0.00185	0.00738	0.00492	0.00246	0.00615
99	0.01453	0.01516	0.02029	0.14674	0.51519	0.15915	0.01555	0.01753	0.01296	0.01663	0.00998	0.01316	0.00825	0.00517	0.00540	0.00163	0.00735	0.00467	0.00272	0.00792
100	0.01091	0.00716	0.00976	0.00898	0.01078	0.00755	0.00697	0.05996	0.01103	0.10116	0.01604	0.05772	0.01456	0.07591	0.50471	0.00648	0.01120	0.00622	0.00372	0.06918
101	0.02150	0.01366	0.01538	0.01176	0.01618	0.01435	0.00970	0.52778	0.02266	0.22223	0.01529	0.01461	0.01044	0.00656	0.00547	0.00163	0.00563	0.00504	0.00575	0.05436
102	0.00805	0.00539	0.00616	0.00616	0.00620	0.00543	0.00350	0.00813	0.00809	0.01083	0.01734	0.03564	0.01987	0.77347	0.05972	0.00552	0.00576	0.00797	0.00334	0.00342
103	0.07786	0.00951	0.01255	0.00969	0.01392	0.00842	0.00800	0.02630	0.01544	0.72615	0.02094	0.01821	0.01321	0.00674	0.00543	0.00171	0.00468	0.00540	0.00663	0.00920
104	0.01113	0.00652	0.00789	0.00717	0.00940	0.00569	0.00561	0.01308	0.01415	0.18810	0.23197	0.04293	0.37238	0.01178	0.00638	0.00184	0.00331	0.04897	0.00577	0.00591
105	0.00962	0.00481	0.00722	0.00722	0.00722	0.00481	0.00481	0.00722	0.00722	0.00962	0.00962	0.01684	0.00962	0.01924	0.02165	0.83886	0.00481	0.00481	0.00241	0.00241
106	0.02393	0.00922	0.01256	0.00970	0.01382	0.00798	0.00798	0.02609	0.01584	0.73390	0.06225	0.02007	0.01580	0.00710	0.00562	0.00172	0.00460	0.00581	0.00681	0.00920
107	0.07486	0.01218	0.01289	0.01093	0.01440	0.01365	0.00871	0.21229	0.42260	0.08340	0.01884	0.01782	0.01383	0.00702	0.00535	0.00177	0.00474	0.00559	0.05052	0.00859
108	0.01026	0.00596	0.00709	0.00673	0.00762	0.00564	0.00436	0.01090	0.01017	0.12396	0.05577	0.09442	0.09367	0.51684	0.02022	0.00410	0.00474	0.00872	0.00430	0.00454
109	0.00790	0.00561	0.00734	0.00694	0.00819	0.00519	0.00517	0.01020	0.01513	0.02132	0.70614	0.04039	0.07077	0.01183	0.00735	0.04708	0.00274	0.00978	0.00587	0.00506
110	0.79911	0.01039	0.00805	0.00731	0.01057	0.01199	0.00595	0.01582	0.00949	0.02427	0.00895	0.05193	0.00766	0.00580	0.00362	0.00174	0.00423	0.00369	0.00352	0.00592
111	0.00977	0.00587	0.00707	0.00700	0.00839	0.00530	0.00497	0.01104	0.01186	0.12610	0.07457	0.26995	0.24079	0.14403	0.01001	0.00251	0.00361	0.01105	0.04096	0.00515
112	0.01523	0.00791	0.01012	0.00879	0.01139	0.00742	0.00688	0.05765	0.06349	0.30866	0.22975	0.15381	0.05954	0.01029	0.00616	0.00184	0.00388	0.02394	0.00611	0.00714
113	0.00829	0.04941	0.00999	0.00893	0.01012	0.00773	0.00706	0.01025	0.00903	0.01287	0.01445	0.02106	0.01348	0.03954	0.74118	0.00848	0.01435	0.00577	0.00293	0.00506
114	0.79931	0.01041	0.00798	0.00717	0.01048	0.01203	0.00588	0.01610	0.00954	0.02462	0.00827	0.00963	0.00644	0.00521	0.00345	0.00169	0.00419	0.00312	0.04852	0.00595
115	0.07324	0.00663	0.00845	0.00815	0.00977	0.00691	0.00626	0.02705	0.01115	0.09108	0.06662	0.12489	0.13370	0.03697	0.35760	0.00511	0.00869	0.00804	0.00424	0.00546
116	0.07123	0.00906	0.01178	0.00940	0.01311	0.00817	0.00758	0.02415	0.03636	0.61761	0.02135	0.06990	0.01517	0.05070	0.00677	0.00195	0.00462	0.00623	0.00631	0.00855
117	0.06831	0.01060	0.01208	0.01147	0.05413	0.01169	0.00840	0.02454	0.45014	0.13349	0.01989	0.02053	0.01531	0.07030	0.06203	0.00259	0.00536	0.00599	0.00516	0.00800
118	0.00735	0.00592	0.00692	0.00701	0.00830	0.00559	0.00516	0.02092	0.01255	0.01613	0.15870	0.25524	0.39884	0.01416	0.00730	0.00198	0.04586	0.01206	0.00515	0.00487
119	0.01099	0.00726	0.02389	0.00869	0.01042	0.00695	0.00685	0.02570	0.02908	0.14171	0.19373	0.20658	0.09276	0.01610	0.11215	0.00291	0.04802	0.04515	0.00516	0.00591
120	0.01906	0.01452	0.01550	0.01234	0.01642	0.01624	0.01004	0.55455	0.22708	0.03169	0.01583	0.01531	0.01147	0.00689	0.00557	0.00172	0.00563	0.00534	0.00557	0.00924
121	0.08321	0.01675	0.06928	0.01284	0.02943	0.09831	0.01083	0.49857	0.02165	0.08642	0.01272	0.01293	0.00906	0.00632	0.00530	0.00165	0.00643	0.00466	0.00492	0.00874
122	0.01964	0.10302	0.01738	0.01259	0.01659	0.18273	0.01029	0.44943	0.08927	0.02687	0.01251	0.01278	0.00936	0.00632	0.00522	0.00158	0.00676	0.00458	0.00463	0.00846
123	0.05251	0.00576	0.00668	0.00690	0.00820	0.00537	0.00500	0.00947	0.02662	0.01755	0.25800	0.29216	0.25838	0.01370	0.00653	0.00195	0.00299	0.01195	0.00534	0.00493
124	0.00980	0.00594	0.00730	0.00699	0.00862	0.00527	0.00520	0.01091	0.01253	0.12005	0.15897	0.13465	0.33133	0.01379	0.00871	0.12466	0.00342	0.02166	0.00513	0.00507

[dist]
# distance from previous block
# <min> <max>
0	15

[block]
# block no. 4 follows, 43 sequences, length 23
# corresponding to MSA columns:
# 648-670
name=unknown_E
#
# <colnr> <probs for GDERKNQSTAVLIFYWHMCP>
#	G	D	E	R	K	N	Q	S	T	A	V	L	I	F	Y	W	H	M	C	P
0	0.00787	0.00592	0.00731	0.00692	0.00840	0.00550	0.00520	0.01083	0.04694	0.02101	0.61397	0.04253	0.17365	0.01162	0.00650	0.00177	0.00272	0.01014	0.00591	0.00528
1	0.01334	0.01037	0.01274	0.00962	0.01361	0.00943	0.00781	0.03948	0.01192	0.09893	0.01080	0.01244	0.00867	0.00544	0.00672	0.00122	0.13997	0.00385	0.00359	0.58005
2	0.01114	0.00669	0.00915	0.00939	0.01116	0.00638	0.00795	0.01360	0.01379	0.13636	0.16960	0.05134	0.05578	0.01318	0.00708	0.00224	0.00449	0.45932	0.00557	0.00579
3	0.08423	0.00878	0.01171	0.14329	0.01661	0.00872	0.00854	0.01993	0.04959	0.37476	0.09739	0.09798	0.03818	0.00821	0.00567	0.00180	0.00471	0.00691	0.00547	0.00751
4	0.02058	0.01238	0.01528	0.14542	0.01970	0.01314	0.01051	0.36869	0.01986	0.29344	0.01573	0.01552	0.01059	0.00653	0.00555	0.00171	0.00583	0.00518	0.00548	0.00886
5	0.01258	0.14879	0.01903	0.01367	0.01448	0.01781	0.01166	0.01389	0.00896	0.01328	0.00734	0.01156	0.00724	0.00884	0.01567	0.00221	0.65981	0.00452	0.00241	0.00624
6	0.16310	0.01122	0.01261	0.00995	0.01389	0.01149	0.00818	0.25329	0.01763	0.35109	0.01641	0.01555	0.01107	0.00646	0.00506	0.00166	0.00490	0.00491	0.07304	0.00849
7	0.00909	0.00564	0.00730	0.00764	0.00881	0.00512	0.00549	0.01056	0.01235	0.10557	0.15005	0.47092	0.13181	0.01466	0.00675	0.00206	0.00329	0.03214	0.00549	0.00524
8	0.01930	0.01858	0.01325	0.01168	0.01472	0.45557	0.00895	0.02091	0.01521	0.20432	0.02004	0.01964	0.13942	0.00742	0.00540	0.00157	0.00743	0.00546	0.00425	0.00687
9	0.01891	0.02275	0.01389	0.01271	0.01529	0.64965	0.00953	0.02054	0.01499	0.01477	0.01019	0.01182	0.00835	0.00584	0.00480	0.00140	0.00872	0.00384	0.14581	0.00620
10	0.00895	0.00938	0.13895	0.00891	0.01101	0.00630	0.00776	0.01091	0.01119	0.07206	0.02793	0.46738	0.10435	0.07798	0.00830	0.00234	0.00431	0.01193	0.00465	0.00543
11	0.01136	0.00729	0.00874	0.00796	0.01013	0.00701	0.00610	0.01575	0.14249	0.14718	0.30332	0.09631	0.19228	0.01097	0.00626	0.00183	0.00336	0.00943	0.00587	0.00637
12	0.67368	0.01140	0.00971	0.00827	0.01190	0.01295	0.00682	0.13214	0.01236	0.06466	0.00931	0.01017	0.00693	0.00546	0.00387	0.00171	0.00459	0.00344	0.00393	0.00671
13	0.48146	0.00955	0.00953	0.00825	0.01149	0.01033	0.00673	0.01805	0.01106	0.22359	0.01272	0.01382	0.00941	0.01184	0.13782	0.00295	0.00621	0.00419	0.00427	0.00674
14	0.01246	0.00668	0.00847	0.00785	0.00986	0.00606	0.00592	0.01426	0.02587	0.23935	0.08537	0.21251	0.19887	0.07366	0.04764	0.00254	0.00434	0.02672	0.00548	0.00607
15	0.00966	0.00729	0.00830	0.00804	0.00975	0.00717	0.00600	0.15515	0.01459	0.01894	0.07274	0.32832	0.26822	0.02686	0.00694	0.00205	0.00372	0.03545	0.00524	0.00557
16	0.00962	0.00481	0.00722	0.00722	0.00722	0.00481	0.00481	0.00722	0.00722	0.00962	0.00962	0.01684	0.00962	0.01924	0.02165	0.83886	0.00481	0.00481	0.00241	0.00241
17	0.01030	0.00963	0.01476	0.42045	0.11488	0.02201	0.03180	0.02499	0.01193	0.01533	0.02172	0.02430	0.19998	0.00776	0.00619	0.00183	0.03199	0.00666	0.01733	0.00616
18	0.07776	0.00719	0.00924	0.00868	0.01024	0.00793	0.00670	0.05556	0.01079	0.07293	0.03461	0.04369	0.05336	0.10421	0.44680	0.00616	0.02851	0.00644	0.00372	0.00549
19	0.01641	0.01521	0.06609	0.05786	0.01861	0.07264	0.07075	0.26873	0.26566	0.04083	0.01610	0.01725	0.01216	0.00682	0.00566	0.00178	0.00623	0.02800	0.00477	0.00842
20	0.01682	0.04170	0.01675	0.07340	0.08614	0.09750	0.04186	0.35165	0.01836	0.03996	0.01243	0.01457	0.00969	0.01215	0.13891	0.00288	0.00826	0.00499	0.00412	0.00786
21	0.09573	0.06998	0.01684	0.14977	0.16899	0.18634	0.01172	0.06977	0.05656	0.07525	0.01119	0.01302	0.00867	0.00582	0.00528	0.01390	0.00683	0.00439	0.00344	0.02651
22	0.08481	0.01516	0.03263	0.02833	0.07315	0.10129	0.01038	0.39409	0.07399	0.02664	0.01519	0.04687	0.04534	0.00713	0.00563	0.00171	0.01942	0.00547	0.00464	0.00814

[dist]
# distance from previous block
# <min> <max>
0	78

# created by:
# /st0/software/busco_prod/Augustus/scripts/msa2prfl.pl ./align_prep/144716.fa
