[name]
unknown

[dist]
# distance from previous block
# <min> <max>
2	58

[block]
# block no. 0 follows, 45 sequences, length 7
# corresponding to MSA columns:
# 68-74
name=unknown_A
#
# <colnr> <probs for GDERKNQSTAVLIFYWHMCP>
#	G	D	E	R	K	N	Q	S	T	A	V	L	I	F	Y	W	H	M	C	P
0	0.04398	0.01024	0.01676	0.57916	0.13321	0.01195	0.04054	0.01476	0.03520	0.01520	0.00997	0.01401	0.00765	0.00525	0.00526	0.00172	0.00678	0.00473	0.00260	0.04105
1	0.01256	0.01044	0.01613	0.21072	0.13049	0.01034	0.09293	0.06660	0.01272	0.07374	0.04881	0.03709	0.01150	0.02975	0.00587	0.00160	0.00579	0.00522	0.00345	0.21427
2	0.01147	0.01000	0.01459	0.37861	0.09163	0.01139	0.03189	0.08851	0.11705	0.01808	0.05557	0.01968	0.07734	0.00670	0.00546	0.00173	0.00578	0.00583	0.04200	0.00667
3	0.07462	0.00966	0.01143	0.02479	0.01308	0.00955	0.03061	0.09849	0.15951	0.09995	0.13578	0.06148	0.04592	0.00739	0.00522	0.00154	0.00422	0.00620	0.00478	0.19579
4	0.07400	0.01049	0.04791	0.08656	0.06283	0.00990	0.02635	0.05599	0.14717	0.08736	0.01950	0.06865	0.08773	0.00756	0.00531	0.00165	0.00482	0.04601	0.00424	0.14596
5	0.03687	0.01052	0.03081	0.04925	0.05631	0.00976	0.03497	0.12229	0.08370	0.12848	0.01834	0.07579	0.08063	0.00701	0.00517	0.00150	0.00475	0.00591	0.00439	0.23356
6	0.05112	0.01052	0.01255	0.03104	0.01424	0.00992	0.03984	0.15711	0.08699	0.02140	0.06838	0.04952	0.01322	0.00595	0.00479	0.00129	0.00454	0.00495	0.00406	0.40857

[dist]
# distance from previous block
# <min> <max>
19	79

[block]
# block no. 1 follows, 45 sequences, length 9
# corresponding to MSA columns:
# 160-168
name=unknown_B
#
# <colnr> <probs for GDERKNQSTAVLIFYWHMCP>
#	G	D	E	R	K	N	Q	S	T	A	V	L	I	F	Y	W	H	M	C	P
0	0.05928	0.01211	0.11297	0.03590	0.10920	0.01022	0.04173	0.07780	0.09402	0.14197	0.01836	0.12943	0.04810	0.00874	0.02616	0.00193	0.00550	0.02156	0.00431	0.04074
1	0.06952	0.04123	0.14488	0.04229	0.15773	0.01205	0.06963	0.05296	0.10071	0.12210	0.01471	0.01568	0.04519	0.00602	0.00567	0.00166	0.03828	0.00503	0.00373	0.05092
2	0.07304	0.12165	0.06797	0.02599	0.03517	0.01327	0.03137	0.16440	0.15078	0.10483	0.01515	0.04719	0.02643	0.00771	0.03219	0.00185	0.02207	0.00520	0.00427	0.04948
3	0.15840	0.01155	0.06857	0.07990	0.01536	0.04345	0.02716	0.05988	0.05722	0.04975	0.01347	0.09018	0.02722	0.00687	0.00534	0.03171	0.00503	0.00518	0.00363	0.24015
4	0.04135	0.04396	0.20120	0.05454	0.30309	0.08047	0.04012	0.01780	0.06192	0.04575	0.03411	0.01368	0.00971	0.00535	0.00514	0.00161	0.00669	0.00462	0.00302	0.02588
5	0.00938	0.00500	0.00763	0.06201	0.00908	0.00517	0.00537	0.00746	0.00725	0.00963	0.00934	0.01618	0.00917	0.01772	0.01989	0.78529	0.00484	0.00467	0.00233	0.00258
6	0.01092	0.00961	0.06029	0.04448	0.05544	0.04286	0.00827	0.03171	0.01321	0.07765	0.33280	0.04328	0.05090	0.06116	0.00861	0.00198	0.09895	0.00738	0.03457	0.00590
7	0.01388	0.01064	0.01210	0.00929	0.01351	0.00976	0.00744	0.15238	0.12758	0.07361	0.01352	0.04192	0.01079	0.00557	0.00465	0.00121	0.00438	0.00450	0.00422	0.47904
8	0.00654	0.00467	0.00623	0.00747	0.00779	0.00436	0.00498	0.00747	0.01028	0.01370	0.02959	0.80785	0.03550	0.01682	0.00685	0.00218	0.00311	0.01526	0.00498	0.00436

[dist]
# distance from previous block
# <min> <max>
0	1

[block]
# block no. 2 follows, 45 sequences, length 25
# corresponding to MSA columns:
# 170-194
name=unknown_C
#
# <colnr> <probs for GDERKNQSTAVLIFYWHMCP>
#	G	D	E	R	K	N	Q	S	T	A	V	L	I	F	Y	W	H	M	C	P
0	0.22978	0.04921	0.01373	0.01272	0.09345	0.32179	0.00899	0.01767	0.01235	0.01725	0.00849	0.01006	0.00700	0.00496	0.00427	0.00135	0.00662	0.00338	0.00296	0.17398
1	0.00720	0.00540	0.00675	0.00734	0.00825	0.00512	0.00522	0.00941	0.05591	0.01597	0.18063	0.47286	0.14201	0.01457	0.00662	0.00202	0.00308	0.04166	0.00519	0.00479
2	0.15617	0.01293	0.01302	0.01052	0.01434	0.04256	0.00852	0.33773	0.16732	0.06237	0.01448	0.01435	0.02556	0.00624	0.00491	0.00158	0.00510	0.00470	0.00478	0.09281
3	0.01238	0.01126	0.03653	0.31431	0.12019	0.01189	0.14865	0.01675	0.07752	0.08406	0.01404	0.03385	0.03972	0.00620	0.00626	0.00180	0.04865	0.00569	0.00328	0.00697
4	0.04058	0.04444	0.02989	0.01100	0.01503	0.01292	0.02406	0.34675	0.09273	0.23473	0.06492	0.01652	0.01341	0.00665	0.00531	0.00162	0.00518	0.00528	0.00543	0.02354
5	0.01130	0.14510	0.67089	0.01439	0.02182	0.01377	0.01824	0.01686	0.01127	0.01635	0.00931	0.01093	0.00681	0.00502	0.00485	0.00162	0.00761	0.00380	0.00227	0.00778
6	0.00659	0.00469	0.00621	0.00740	0.00770	0.00440	0.00491	0.00749	0.01017	0.01356	0.02904	0.77476	0.03482	0.05084	0.00773	0.00231	0.00320	0.01494	0.00491	0.00431
7	0.01594	0.04456	0.01348	0.01056	0.01363	0.06344	0.00845	0.40079	0.08208	0.02517	0.05841	0.01780	0.01350	0.08065	0.08065	0.00255	0.00636	0.00541	0.04914	0.00742
8	0.00654	0.00467	0.00623	0.00747	0.00779	0.00436	0.00498	0.00747	0.01028	0.01370	0.02959	0.80785	0.03550	0.01682	0.00685	0.00218	0.00311	0.01526	0.00498	0.00436
9	0.01282	0.05244	0.01222	0.00848	0.01285	0.00856	0.00686	0.07649	0.01258	0.08091	0.01204	0.06632	0.01032	0.00531	0.00438	0.00105	0.00422	0.00431	0.00372	0.60412
10	0.00705	0.00529	0.00707	0.00795	0.00821	0.00542	0.00546	0.00795	0.00997	0.01346	0.02702	0.69978	0.03226	0.05844	0.00885	0.00235	0.07041	0.01397	0.00467	0.00443
11	0.01335	0.01153	0.01214	0.01092	0.01396	0.01335	0.00850	0.02852	0.76817	0.02245	0.02185	0.02003	0.01639	0.00728	0.00546	0.00182	0.00425	0.00607	0.00546	0.00850
12	0.00733	0.00503	0.00608	0.00651	0.00671	0.00488	0.00401	0.00783	0.00920	0.01234	0.07073	0.32006	0.02742	0.46682	0.01842	0.00386	0.00426	0.01067	0.00406	0.00378
13	0.01090	0.00928	0.01087	0.00787	0.01242	0.00702	0.00628	0.01330	0.01139	0.01775	0.05917	0.01301	0.01072	0.00443	0.00413	0.00085	0.00388	0.00360	0.00336	0.78977
14	0.01335	0.01153	0.01214	0.01092	0.01396	0.01335	0.00850	0.02852	0.76817	0.02245	0.02185	0.02003	0.01639	0.00728	0.00546	0.00182	0.00425	0.00607	0.00546	0.00850
15	0.84927	0.01038	0.00789	0.00706	0.01038	0.01204	0.00581	0.01578	0.00914	0.02408	0.00747	0.00872	0.00581	0.00498	0.00332	0.00166	0.00415	0.00291	0.00332	0.00581
16	0.01267	0.01448	0.03167	0.02262	0.02805	0.01357	0.75837	0.01719	0.01267	0.01719	0.01086	0.01448	0.00814	0.00452	0.00633	0.00181	0.00905	0.00633	0.00271	0.00724
17	0.01414	0.01192	0.01258	0.01108	0.01426	0.01372	0.00869	0.11017	0.68524	0.02372	0.02085	0.01923	0.01558	0.00719	0.00545	0.00180	0.00443	0.00593	0.00545	0.00857
18	0.00781	0.00520	0.00585	0.00585	0.00585	0.00520	0.00325	0.00781	0.00781	0.01041	0.01691	0.03513	0.01952	0.81135	0.02732	0.00520	0.00520	0.00781	0.00325	0.00325
19	0.00978	0.00897	0.01463	0.66197	0.03217	0.01097	0.01333	0.01347	0.04049	0.01406	0.01270	0.12036	0.01130	0.00697	0.00557	0.00184	0.00650	0.00622	0.00285	0.00585
20	0.00932	0.00466	0.00699	0.00699	0.00699	0.00466	0.00466	0.00699	0.00699	0.00932	0.00932	0.01632	0.00932	0.01865	0.02098	0.84382	0.00466	0.00466	0.00233	0.00233
21	0.01174	0.01118	0.01900	0.40801	0.41486	0.01235	0.01571	0.01512	0.01149	0.01566	0.00982	0.01379	0.00784	0.00507	0.00534	0.00169	0.00676	0.00478	0.00252	0.00726
22	0.01274	0.01333	0.02190	0.25503	0.05635	0.08688	0.31081	0.06393	0.01281	0.01647	0.01126	0.06008	0.00936	0.00592	0.00628	0.00178	0.03956	0.00589	0.00291	0.00671
23	0.01335	0.01153	0.01214	0.01092	0.01396	0.01335	0.00850	0.02852	0.76817	0.02245	0.02185	0.02003	0.01639	0.00728	0.00546	0.00182	0.00425	0.00607	0.00546	0.00850
24	0.44329	0.03114	0.04190	0.00912	0.01291	0.02875	0.00779	0.13092	0.07505	0.15474	0.01192	0.01204	0.00855	0.00568	0.00427	0.00165	0.00480	0.00394	0.00430	0.00722

[dist]
# distance from previous block
# <min> <max>
0	2

[block]
# block no. 3 follows, 45 sequences, length 9
# corresponding to MSA columns:
# 197-205
name=unknown_D
#
# <colnr> <probs for GDERKNQSTAVLIFYWHMCP>
#	G	D	E	R	K	N	Q	S	T	A	V	L	I	F	Y	W	H	M	C	P
0	0.01342	0.07353	0.01333	0.07346	0.01493	0.03161	0.00794	0.06107	0.01265	0.11126	0.05149	0.03690	0.01150	0.00563	0.00511	0.00123	0.03798	0.00442	0.00375	0.42878
1	0.14428	0.04041	0.00907	0.00807	0.00983	0.00868	0.00611	0.07858	0.07109	0.01802	0.05244	0.30973	0.12685	0.05079	0.00727	0.00206	0.03714	0.00956	0.00452	0.00551
2	0.01285	0.07935	0.05845	0.13603	0.02624	0.01380	0.46483	0.07498	0.01311	0.01772	0.01076	0.01394	0.00814	0.00490	0.00572	0.00171	0.00793	0.00554	0.03688	0.00711
3	0.00785	0.00548	0.00757	0.00757	0.00813	0.00604	0.00539	0.00879	0.00822	0.01153	0.01483	0.02541	0.01514	0.29680	0.47395	0.07337	0.01054	0.00635	0.00296	0.00408
4	0.01382	0.01150	0.01226	0.01077	0.01383	0.01311	0.00844	0.12449	0.60763	0.02389	0.08221	0.02072	0.01822	0.00747	0.00552	0.00178	0.00433	0.00620	0.00549	0.00830
5	0.79461	0.01030	0.00819	0.00722	0.01060	0.01177	0.00595	0.01647	0.00955	0.07426	0.00838	0.00935	0.00631	0.00509	0.00346	0.00166	0.00418	0.00307	0.00354	0.00603
6	0.01210	0.00765	0.00942	0.00822	0.01049	0.00747	0.00638	0.06412	0.11863	0.15158	0.45366	0.05063	0.03532	0.00939	0.00594	0.00168	0.00339	0.00812	0.00584	0.02997
7	0.00709	0.00535	0.00655	0.00650	0.00777	0.00481	0.00478	0.00906	0.01363	0.01840	0.46289	0.15897	0.24943	0.01258	0.00641	0.00180	0.00267	0.01099	0.00551	0.00481
8	0.70847	0.03945	0.01005	0.00943	0.06664	0.06028	0.00699	0.01619	0.00980	0.02254	0.00772	0.00911	0.00611	0.00499	0.00356	0.00162	0.00471	0.00308	0.00320	0.00607

[dist]
# distance from previous block
# <min> <max>
0	1

[block]
# block no. 4 follows, 45 sequences, length 9
# corresponding to MSA columns:
# 207-215
name=unknown_E
#
# <colnr> <probs for GDERKNQSTAVLIFYWHMCP>
#	G	D	E	R	K	N	Q	S	T	A	V	L	I	F	Y	W	H	M	C	P
0	0.01553	0.01295	0.01446	0.01372	0.13641	0.08474	0.00943	0.22978	0.01595	0.05705	0.01133	0.01253	0.00876	0.00518	0.00473	0.00127	0.00542	0.00411	0.03799	0.31866
1	0.01106	0.01077	0.01558	0.13901	0.01728	0.01471	0.01173	0.01270	0.00866	0.01300	0.00821	0.01312	0.00773	0.01195	0.09585	0.00291	0.59272	0.00482	0.00241	0.00577
2	0.00669	0.00487	0.00631	0.00717	0.00777	0.00449	0.00491	0.00792	0.01125	0.01503	0.15119	0.61351	0.10792	0.01558	0.00672	0.00207	0.00298	0.01400	0.00513	0.00449
3	0.00716	0.00535	0.00659	0.00651	0.00773	0.00485	0.00476	0.00911	0.01355	0.01838	0.47477	0.14934	0.21701	0.04202	0.00718	0.00192	0.00276	0.01079	0.00547	0.00478
4	0.01988	0.01478	0.01581	0.01224	0.01645	0.01640	0.01008	0.70572	0.08034	0.03299	0.01355	0.01342	0.00967	0.00651	0.00538	0.00163	0.00578	0.00492	0.00538	0.00908
5	0.00688	0.00491	0.00662	0.00786	0.00832	0.00465	0.00557	0.00806	0.01061	0.01408	0.02940	0.68829	0.03477	0.01650	0.00694	0.00223	0.00341	0.13148	0.00498	0.00445
6	0.01207	0.01126	0.01761	0.28949	0.33798	0.03273	0.03240	0.06806	0.01256	0.01683	0.01305	0.08966	0.03013	0.00648	0.00552	0.00172	0.00636	0.00594	0.00304	0.00709
7	0.01225	0.01324	0.02476	0.01875	0.02172	0.01488	0.41959	0.01525	0.01065	0.01525	0.00913	0.01324	0.00765	0.00673	0.01145	0.00205	0.36863	0.00559	0.00255	0.00662
8	0.00897	0.00620	0.00782	0.06186	0.01052	0.00646	0.00609	0.01181	0.08238	0.04558	0.02510	0.43055	0.05965	0.01226	0.00635	0.00191	0.03387	0.01072	0.16667	0.00524

[dist]
# distance from previous block
# <min> <max>
1	7

[block]
# block no. 5 follows, 45 sequences, length 11
# corresponding to MSA columns:
# 223-233
name=unknown_F
#
# <colnr> <probs for GDERKNQSTAVLIFYWHMCP>
#	G	D	E	R	K	N	Q	S	T	A	V	L	I	F	Y	W	H	M	C	P
0	0.58702	0.15177	0.05737	0.00829	0.01213	0.01392	0.00752	0.04908	0.03865	0.02204	0.00837	0.00946	0.00660	0.00507	0.00362	0.00158	0.00473	0.00317	0.00325	0.00637
1	0.03612	0.48706	0.05100	0.12592	0.01763	0.03815	0.01034	0.04123	0.06128	0.05394	0.00968	0.01103	0.00792	0.00521	0.00444	0.00140	0.02409	0.00365	0.00288	0.00702
2	0.00727	0.00538	0.00678	0.00664	0.00787	0.00489	0.00490	0.00942	0.01411	0.01944	0.56837	0.13802	0.16279	0.01212	0.00640	0.00177	0.00263	0.01066	0.00565	0.00489
3	0.11097	0.01085	0.04200	0.00986	0.01330	0.01060	0.00828	0.22166	0.01606	0.28024	0.03975	0.07339	0.01368	0.00917	0.05005	0.00208	0.02646	0.00574	0.04816	0.00770
4	0.00854	0.00569	0.00773	0.00760	0.00838	0.00619	0.00548	0.00982	0.00874	0.04712	0.01566	0.02576	0.01552	0.30331	0.46629	0.00689	0.01039	0.00642	0.03000	0.00447
5	0.00944	0.00676	0.00851	0.06928	0.01075	0.00759	0.00638	0.03891	0.03880	0.01589	0.01850	0.20523	0.01876	0.14311	0.03913	0.00262	0.09691	0.02369	0.23472	0.00502
6	0.00730	0.00533	0.00658	0.00690	0.00754	0.00519	0.00473	0.00844	0.01088	0.01473	0.17055	0.33694	0.13229	0.18897	0.01151	0.00268	0.03462	0.01133	0.02915	0.00435
7	0.01174	0.01174	0.01644	0.01409	0.01409	0.01644	0.01174	0.01292	0.00822	0.01292	0.00705	0.01174	0.00705	0.00940	0.01762	0.00235	0.80153	0.00470	0.00235	0.00587
8	0.03519	0.01293	0.01296	0.08763	0.03881	0.17474	0.02235	0.07919	0.07259	0.07201	0.01282	0.01559	0.01034	0.05386	0.02437	0.00195	0.09328	0.00478	0.13130	0.04329
9	0.01520	0.11259	0.04151	0.03426	0.01644	0.03510	0.05362	0.23474	0.24939	0.02275	0.01403	0.01435	0.01066	0.00610	0.00543	0.00157	0.03014	0.00482	0.00429	0.09298
10	0.08183	0.11769	0.03985	0.03066	0.04959	0.04930	0.00917	0.16474	0.17358	0.05615	0.01311	0.01356	0.01000	0.00569	0.00467	0.00146	0.00522	0.00436	0.03116	0.13821

[dist]
# distance from previous block
# <min> <max>
2	39

[block]
# block no. 6 follows, 45 sequences, length 14
# corresponding to MSA columns:
# 273-286
name=unknown_G
#
# <colnr> <probs for GDERKNQSTAVLIFYWHMCP>
#	G	D	E	R	K	N	Q	S	T	A	V	L	I	F	Y	W	H	M	C	P
0	0.01801	0.05243	0.08848	0.01184	0.05479	0.04082	0.00979	0.14077	0.11716	0.29581	0.01618	0.01630	0.01159	0.04476	0.00622	0.00176	0.00541	0.00501	0.00492	0.05796
1	0.02908	0.13641	0.01671	0.01244	0.06211	0.08146	0.04956	0.10514	0.06560	0.20259	0.02629	0.02937	0.01171	0.07051	0.00790	0.00192	0.07443	0.00516	0.00421	0.00740
2	0.01988	0.07817	0.01306	0.04204	0.01381	0.00891	0.00783	0.02233	0.03488	0.55150	0.07932	0.02130	0.06827	0.00724	0.00537	0.00164	0.00449	0.00591	0.00589	0.00816
3	0.01258	0.01391	0.19392	0.29162	0.15654	0.01100	0.01459	0.01636	0.01195	0.12310	0.01384	0.01855	0.02799	0.00633	0.00549	0.00177	0.00656	0.06347	0.00327	0.00719
4	0.01575	0.09318	0.07369	0.01311	0.12026	0.01111	0.00984	0.12921	0.04605	0.22281	0.04657	0.11296	0.05150	0.00773	0.00539	0.00166	0.00503	0.00648	0.00470	0.02297
5	0.02137	0.06735	0.07332	0.01025	0.01458	0.03769	0.00908	0.08242	0.01552	0.55576	0.04448	0.01709	0.01309	0.00648	0.00525	0.00162	0.00513	0.00515	0.00574	0.00864
6	0.00661	0.00482	0.00623	0.00720	0.00775	0.00444	0.00490	0.00773	0.01090	0.01446	0.09643	0.66442	0.11237	0.01598	0.00675	0.00210	0.00302	0.01438	0.00506	0.00444
7	0.01124	0.00782	0.01029	0.12579	0.07452	0.03457	0.00792	0.04355	0.01213	0.10956	0.05210	0.32956	0.02220	0.03915	0.00659	0.00195	0.00447	0.00928	0.09147	0.00583
8	0.04085	0.69123	0.07902	0.00956	0.01432	0.01962	0.00975	0.01667	0.01112	0.05486	0.00835	0.00933	0.00719	0.00475	0.00366	0.00123	0.00578	0.00308	0.00256	0.00705
9	0.00775	0.00542	0.00695	0.00695	0.00733	0.00580	0.00462	0.00851	0.00813	0.01122	0.01591	0.02958	0.01711	0.50665	0.32873	0.00656	0.00883	0.00699	0.00310	0.00386
10	0.00682	0.00484	0.00639	0.00753	0.00788	0.00458	0.00513	0.00779	0.01023	0.01361	0.02840	0.68172	0.03376	0.08520	0.00866	0.00246	0.00344	0.07243	0.00483	0.00431
11	0.02005	0.02558	0.01521	0.01383	0.01659	0.78980	0.01037	0.02143	0.01521	0.01314	0.00830	0.00968	0.00691	0.00553	0.00484	0.00138	0.00968	0.00346	0.00277	0.00622
12	0.01177	0.00640	0.00848	0.00816	0.00993	0.00588	0.00627	0.01389	0.02997	0.21646	0.19596	0.28669	0.06072	0.01225	0.00638	0.00195	0.00361	0.10367	0.00563	0.00594
13	0.24417	0.19407	0.08827	0.03015	0.01581	0.03233	0.06895	0.10149	0.03771	0.12427	0.01096	0.01170	0.00813	0.00536	0.00442	0.00156	0.00571	0.00399	0.00366	0.00729

[dist]
# distance from previous block
# <min> <max>
0	1

[block]
# block no. 7 follows, 45 sequences, length 25
# corresponding to MSA columns:
# 288-312
name=unknown_H
#
# <colnr> <probs for GDERKNQSTAVLIFYWHMCP>
#	G	D	E	R	K	N	Q	S	T	A	V	L	I	F	Y	W	H	M	C	P
0	0.00814	0.00621	0.00697	0.00659	0.00843	0.00574	0.00500	0.01133	0.09048	0.04607	0.29271	0.04330	0.42563	0.01181	0.00621	0.00177	0.00288	0.01003	0.00541	0.00529
1	0.01819	0.01349	0.01486	0.05871	0.01677	0.01466	0.00967	0.59321	0.02207	0.03013	0.01270	0.01331	0.00923	0.00614	0.00513	0.00152	0.00556	0.00469	0.06410	0.08584
2	0.00654	0.00467	0.00623	0.00747	0.00779	0.00436	0.00498	0.00747	0.01028	0.01370	0.02959	0.80785	0.03550	0.01682	0.00685	0.00218	0.00311	0.01526	0.00498	0.00436
3	0.15846	0.01207	0.05074	0.01010	0.01394	0.04526	0.00854	0.13323	0.13102	0.31457	0.05568	0.01654	0.01322	0.00653	0.00506	0.00167	0.00494	0.00506	0.00529	0.00808
4	0.05027	0.29767	0.24603	0.01329	0.08873	0.04190	0.01258	0.03279	0.01224	0.09975	0.04979	0.01267	0.00998	0.00540	0.00456	0.00148	0.00623	0.00407	0.00311	0.00748
5	0.00700	0.00519	0.00660	0.00743	0.00819	0.00489	0.00526	0.00874	0.03660	0.01505	0.10672	0.55319	0.13119	0.01536	0.00673	0.00209	0.00318	0.06687	0.00509	0.00463
6	0.01019	0.00515	0.00763	0.00741	0.00785	0.00519	0.00519	0.00878	0.00784	0.06731	0.01091	0.01713	0.01019	0.02076	0.12676	0.66493	0.00601	0.00487	0.00273	0.00318
7	0.01488	0.01640	0.23246	0.11208	0.09752	0.03341	0.03484	0.11510	0.10965	0.14188	0.03003	0.01498	0.01056	0.00592	0.00534	0.00169	0.00638	0.00493	0.00393	0.00804
8	0.15311	0.14972	0.12313	0.04871	0.01613	0.01279	0.07677	0.09486	0.04019	0.06139	0.15566	0.01716	0.01605	0.00637	0.00493	0.00160	0.00544	0.00519	0.00386	0.00691
9	0.00792	0.00516	0.00594	0.00594	0.00594	0.00516	0.00336	0.00775	0.00775	0.01033	0.01635	0.03373	0.01876	0.75228	0.02685	0.06770	0.00516	0.00757	0.00318	0.00318
10	0.01972	0.01439	0.03586	0.01430	0.10412	0.05313	0.01069	0.45185	0.05040	0.16949	0.01415	0.01402	0.00995	0.00624	0.00534	0.00162	0.00589	0.00489	0.00509	0.00886
11	0.06031	0.01065	0.07863	0.01262	0.10523	0.00867	0.02533	0.02049	0.01384	0.43367	0.08381	0.07179	0.01683	0.00742	0.00551	0.00172	0.00488	0.02529	0.00532	0.00797
12	0.02144	0.01268	0.01490	0.01291	0.08000	0.04945	0.00970	0.33000	0.01919	0.36911	0.01617	0.01520	0.01085	0.00635	0.00535	0.00162	0.00552	0.00502	0.00559	0.00894
13	0.01435	0.81458	0.02813	0.00918	0.01378	0.02124	0.00918	0.01607	0.01091	0.01263	0.00746	0.00861	0.00689	0.00459	0.00344	0.00115	0.00574	0.00287	0.00230	0.00689
14	0.01630	0.01241	0.07792	0.01140	0.04074	0.01075	0.02968	0.21861	0.04914	0.18849	0.05271	0.04338	0.01284	0.00631	0.00515	0.00147	0.00509	0.00520	0.00472	0.20770
15	0.01014	0.00954	0.01610	0.79845	0.03697	0.01193	0.01491	0.01371	0.01073	0.01371	0.00954	0.01431	0.00716	0.00537	0.00537	0.00179	0.00716	0.00477	0.00239	0.00596
16	0.00781	0.00520	0.00585	0.00585	0.00585	0.00520	0.00325	0.00781	0.00781	0.01041	0.01691	0.03513	0.01952	0.81135	0.02732	0.00520	0.00520	0.00781	0.00325	0.00325
17	0.08158	0.05405	0.01301	0.00943	0.01346	0.00933	0.00785	0.05055	0.03655	0.62038	0.03546	0.01739	0.01315	0.00652	0.00516	0.00164	0.00460	0.00517	0.00607	0.00867
18	0.01348	0.04062	0.54514	0.01566	0.07766	0.01216	0.03471	0.04585	0.01256	0.13502	0.01154	0.01262	0.00804	0.00534	0.00516	0.00167	0.00720	0.00431	0.00309	0.00816
19	0.00682	0.00492	0.00646	0.00721	0.00783	0.00456	0.00497	0.00821	0.01169	0.01587	0.23477	0.57120	0.06531	0.01510	0.00669	0.00203	0.00294	0.01360	0.00524	0.00456
20	0.02290	0.01006	0.01422	0.01078	0.01504	0.00910	0.06402	0.09108	0.01605	0.65779	0.01967	0.01751	0.01253	0.00647	0.00547	0.00167	0.00502	0.00542	0.00624	0.00899
21	0.03613	0.01081	0.03494	0.15824	0.08845	0.02675	0.03382	0.05291	0.04443	0.13047	0.02661	0.03791	0.02421	0.00614	0.00530	0.00151	0.01879	0.02876	0.00382	0.23000
22	0.01045	0.00974	0.01439	0.15862	0.01718	0.01275	0.03083	0.01226	0.00901	0.01325	0.01015	0.03367	0.00963	0.05493	0.13443	0.00331	0.42228	0.00533	0.03224	0.00556
23	0.00671	0.00480	0.00621	0.00726	0.00764	0.00450	0.00485	0.00761	0.01017	0.01346	0.02954	0.67165	0.07213	0.09809	0.00894	0.00248	0.00335	0.03154	0.00480	0.00427
24	0.27226	0.06248	0.10641	0.10940	0.07526	0.01250	0.01044	0.09042	0.05031	0.08572	0.01077	0.01204	0.00802	0.00533	0.00448	0.00158	0.00545	0.00399	0.00355	0.06958

[dist]
# distance from previous block
# <min> <max>
0	2

[block]
# block no. 8 follows, 45 sequences, length 35
# corresponding to MSA columns:
# 315-349
name=unknown_I
#
# <colnr> <probs for GDERKNQSTAVLIFYWHMCP>
#	G	D	E	R	K	N	Q	S	T	A	V	L	I	F	Y	W	H	M	C	P
0	0.84927	0.01038	0.00789	0.00706	0.01038	0.01204	0.00581	0.01578	0.00914	0.02408	0.00747	0.00872	0.00581	0.00498	0.00332	0.00166	0.00415	0.00291	0.00332	0.00581
1	0.02266	0.00875	0.01180	0.00916	0.01304	0.00761	0.00753	0.02478	0.01508	0.70838	0.04200	0.01900	0.01436	0.00674	0.00531	0.00163	0.00437	0.00549	0.06356	0.00874
2	0.01014	0.00954	0.01610	0.79845	0.03697	0.01193	0.01491	0.01371	0.01073	0.01371	0.00954	0.01431	0.00716	0.00537	0.00537	0.00179	0.00716	0.00477	0.00239	0.00596
3	0.00762	0.00550	0.00725	0.00713	0.00832	0.00512	0.00542	0.01003	0.01454	0.02038	0.64311	0.10011	0.04750	0.01181	0.00648	0.00180	0.00282	0.08431	0.00574	0.00500
4	0.00654	0.00467	0.00623	0.00747	0.00779	0.00436	0.00498	0.00747	0.01028	0.01370	0.02959	0.80785	0.03550	0.01682	0.00685	0.00218	0.00311	0.01526	0.00498	0.00436
5	0.01014	0.00954	0.01610	0.79845	0.03697	0.01193	0.01491	0.01371	0.01073	0.01371	0.00954	0.01431	0.00716	0.00537	0.00537	0.00179	0.00716	0.00477	0.00239	0.00596
6	0.01267	0.01448	0.03167	0.02262	0.02805	0.01357	0.75837	0.01719	0.01267	0.01719	0.01086	0.01448	0.00814	0.00452	0.00633	0.00181	0.00905	0.00633	0.00271	0.00724
7	0.01479	0.69695	0.06112	0.00989	0.01450	0.07133	0.00978	0.04429	0.01175	0.01365	0.00782	0.00896	0.00697	0.00475	0.00368	0.00121	0.00611	0.00303	0.00244	0.00698
8	0.01113	0.00954	0.01113	0.00795	0.01272	0.00716	0.00636	0.01352	0.01113	0.01749	0.00954	0.01113	0.00795	0.00398	0.00398	0.00080	0.00398	0.00318	0.00318	0.84417
9	0.00823	0.00535	0.00693	0.00713	0.00808	0.00494	0.00502	0.00975	0.01226	0.06866	0.29886	0.37554	0.06781	0.08579	0.00840	0.00223	0.00318	0.01174	0.00528	0.00485
10	0.01077	0.02777	0.78354	0.01530	0.02323	0.01247	0.01983	0.01700	0.01133	0.01700	0.00963	0.01133	0.00680	0.00510	0.00510	0.00170	0.00793	0.00397	0.00227	0.00793
11	0.01001	0.00500	0.00500	0.00500	0.00625	0.00500	0.00375	0.01251	0.01126	0.02001	0.01751	0.02001	0.01376	0.00625	0.00375	0.00125	0.00250	0.00500	0.84115	0.00500
12	0.00676	0.00484	0.00642	0.00733	0.00783	0.00451	0.00500	0.00802	0.01129	0.01531	0.18304	0.64980	0.03862	0.01561	0.00674	0.00208	0.00299	0.01412	0.00517	0.00451
13	0.00714	0.00536	0.00586	0.00585	0.00682	0.00491	0.00392	0.00806	0.01062	0.01346	0.10663	0.04368	0.36523	0.35508	0.01535	0.00327	0.00382	0.02657	0.00433	0.00404
14	0.01345	0.01454	0.03010	0.02158	0.02690	0.01389	0.68255	0.09247	0.01394	0.01888	0.01107	0.01432	0.00824	0.00472	0.00624	0.00179	0.00873	0.00618	0.00298	0.00743
15	0.00781	0.00520	0.00585	0.00585	0.00585	0.00520	0.00325	0.00781	0.00781	0.01041	0.01691	0.03513	0.01952	0.81135	0.02732	0.00520	0.00520	0.00781	0.00325	0.00325
16	0.00659	0.00500	0.00610	0.00694	0.00779	0.00451	0.00488	0.00775	0.01103	0.01409	0.03765	0.51994	0.27775	0.01565	0.00672	0.00208	0.00308	0.05302	0.00498	0.00445
17	0.01001	0.00500	0.00500	0.00500	0.00625	0.00500	0.00375	0.01251	0.01126	0.02001	0.01751	0.02001	0.01376	0.00625	0.00375	0.00125	0.00250	0.00500	0.84115	0.00500
18	0.02041	0.01504	0.01611	0.01235	0.01665	0.01665	0.01020	0.75997	0.02524	0.03383	0.01289	0.01289	0.00913	0.00644	0.00537	0.00161	0.00591	0.00483	0.00537	0.00913
19	0.02041	0.01504	0.01611	0.01235	0.01665	0.01665	0.01020	0.75997	0.02524	0.03383	0.01289	0.01289	0.00913	0.00644	0.00537	0.00161	0.00591	0.00483	0.00537	0.00913
20	0.02005	0.02558	0.01521	0.01383	0.01659	0.78980	0.01037	0.02143	0.01521	0.01314	0.00830	0.00968	0.00691	0.00553	0.00484	0.00138	0.00968	0.00346	0.00277	0.00622
21	0.02005	0.02558	0.01521	0.01383	0.01659	0.78980	0.01037	0.02143	0.01521	0.01314	0.00830	0.00968	0.00691	0.00553	0.00484	0.00138	0.00968	0.00346	0.00277	0.00622
22	0.01814	0.02239	0.01550	0.01389	0.01602	0.61149	0.01069	0.01947	0.01360	0.01309	0.00801	0.01016	0.00694	0.00642	0.00779	0.00161	0.19225	0.00374	0.00267	0.00614
23	0.00634	0.00544	0.00544	0.00544	0.00725	0.00453	0.00408	0.00770	0.01224	0.01450	0.05438	0.05166	0.77569	0.01359	0.00634	0.00181	0.00272	0.01133	0.00498	0.00453
24	0.17450	0.01194	0.01603	0.01541	0.15976	0.01217	0.08428	0.18080	0.03379	0.21717	0.01338	0.01384	0.00950	0.00567	0.00504	0.00163	0.00555	0.00474	0.00448	0.03032
25	0.01014	0.00954	0.01610	0.79845	0.03697	0.01193	0.01491	0.01371	0.01073	0.01371	0.00954	0.01431	0.00716	0.00537	0.00537	0.00179	0.00716	0.00477	0.00239	0.00596
26	0.00634	0.00544	0.00544	0.00544	0.00725	0.00453	0.00408	0.00770	0.01224	0.01450	0.05438	0.05166	0.77569	0.01359	0.00634	0.00181	0.00272	0.01133	0.00498	0.00453
27	0.01297	0.01504	0.17236	0.01210	0.01599	0.01350	0.01113	0.05292	0.53128	0.02111	0.01797	0.01739	0.01349	0.00694	0.00621	0.00182	0.05947	0.00549	0.00458	0.00822
28	0.12913	0.01164	0.01847	0.07798	0.47003	0.01204	0.06127	0.01617	0.04001	0.01821	0.01194	0.01759	0.01046	0.00589	0.00531	0.00172	0.00607	0.07547	0.00306	0.00753
29	0.00865	0.00618	0.00865	0.00989	0.01112	0.00618	0.00865	0.01112	0.01236	0.01606	0.02842	0.06055	0.03089	0.01483	0.00741	0.00247	0.00494	0.74174	0.00494	0.00494
30	0.00817	0.00561	0.00736	0.00685	0.00822	0.00516	0.00516	0.01069	0.01520	0.04802	0.74876	0.03934	0.04935	0.01082	0.00630	0.00169	0.00260	0.00956	0.00593	0.00521
31	0.07022	0.50270	0.12303	0.00974	0.01400	0.03584	0.00979	0.03476	0.01078	0.01410	0.00817	0.01019	0.00720	0.00671	0.00618	0.11854	0.00587	0.00333	0.00246	0.00636
32	0.00923	0.00690	0.00876	0.06173	0.01049	0.00771	0.00610	0.01187	0.09643	0.03183	0.06746	0.02776	0.01832	0.39624	0.15696	0.00467	0.06231	0.00689	0.00358	0.00476
33	0.00684	0.00516	0.00634	0.00676	0.00779	0.00466	0.00485	0.00839	0.01229	0.01624	0.25150	0.35891	0.24457	0.01419	0.00657	0.00194	0.00288	0.03024	0.00525	0.00463
34	0.02035	0.01331	0.01470	0.01135	0.01542	0.01430	0.00935	0.57892	0.02253	0.16541	0.01467	0.01433	0.01018	0.00647	0.00526	0.00160	0.00544	0.00494	0.06262	0.00885

[dist]
# distance from previous block
# <min> <max>
0	1

[block]
# block no. 9 follows, 45 sequences, length 9
# corresponding to MSA columns:
# 351-359
name=unknown_J
#
# <colnr> <probs for GDERKNQSTAVLIFYWHMCP>
#	G	D	E	R	K	N	Q	S	T	A	V	L	I	F	Y	W	H	M	C	P
0	0.11406	0.01351	0.01435	0.04941	0.01626	0.01513	0.00952	0.53215	0.10429	0.03001	0.01325	0.01351	0.00961	0.00631	0.00509	0.00164	0.00547	0.00475	0.03330	0.00838
1	0.00784	0.00597	0.00835	0.00953	0.05339	0.00624	0.00639	0.02974	0.01020	0.01399	0.02273	0.47439	0.02582	0.05796	0.21048	0.00394	0.03284	0.01121	0.00415	0.00485
2	0.84927	0.01038	0.00789	0.00706	0.01038	0.01204	0.00581	0.01578	0.00914	0.02408	0.00747	0.00872	0.00581	0.00498	0.00332	0.00166	0.00415	0.00291	0.00332	0.00581
3	0.01288	0.05435	0.15434	0.03271	0.04045	0.12724	0.02577	0.07559	0.13337	0.01818	0.06535	0.07436	0.05510	0.00743	0.00584	0.00166	0.04083	0.00594	0.02533	0.04327
4	0.01004	0.00876	0.01287	0.09125	0.09808	0.01082	0.00972	0.01187	0.00920	0.01360	0.01148	0.01779	0.01078	0.09576	0.24581	0.00429	0.26880	0.00535	0.05820	0.00554
5	0.00754	0.00495	0.00661	0.00755	0.00812	0.00458	0.00514	0.00861	0.01080	0.05536	0.06624	0.72720	0.03506	0.01598	0.00675	0.00213	0.00316	0.01445	0.00512	0.00465
6	0.72229	0.01019	0.00859	0.00744	0.01089	0.01140	0.00613	0.01738	0.01009	0.14065	0.00958	0.01019	0.00696	0.00524	0.00364	0.00166	0.00422	0.00329	0.00383	0.00632
7	0.01480	0.18927	0.10197	0.01108	0.01496	0.06546	0.01006	0.18048	0.16328	0.04430	0.10890	0.01652	0.01494	0.00668	0.00545	0.00158	0.03339	0.00509	0.00420	0.00757
8	0.00822	0.09483	0.00934	0.00697	0.00860	0.00679	0.00546	0.01052	0.01433	0.01977	0.61391	0.07101	0.08904	0.01068	0.00604	0.00166	0.00292	0.00929	0.00541	0.00520

[dist]
# distance from previous block
# <min> <max>
0	45

[block]
# block no. 10 follows, 45 sequences, length 29
# corresponding to MSA columns:
# 405-419,421-434
name=unknown_K
#
# <colnr> <probs for GDERKNQSTAVLIFYWHMCP>
#	G	D	E	R	K	N	Q	S	T	A	V	L	I	F	Y	W	H	M	C	P
0	0.33978	0.06071	0.24837	0.01056	0.01533	0.10654	0.01085	0.01676	0.01098	0.03278	0.00902	0.01041	0.00690	0.00507	0.00416	0.00153	0.00600	0.00344	0.03554	0.06527
1	0.79029	0.00998	0.00777	0.00709	0.01020	0.01150	0.00576	0.01520	0.00922	0.02336	0.00902	0.06465	0.00789	0.00581	0.00357	0.00170	0.00408	0.00377	0.00344	0.00571
2	0.06674	0.00596	0.00669	0.00656	0.00698	0.00629	0.00419	0.00868	0.00845	0.01209	0.01937	0.07983	0.07905	0.57727	0.03937	0.00441	0.05290	0.00796	0.00344	0.00379
3	0.01192	0.23202	0.26759	0.08103	0.07513	0.01438	0.07671	0.01647	0.05713	0.01624	0.07629	0.01429	0.01148	0.00564	0.00517	0.00158	0.02223	0.00464	0.00286	0.00721
4	0.00776	0.00518	0.00587	0.00592	0.00593	0.00517	0.00332	0.00779	0.00790	0.01054	0.01741	0.06521	0.02014	0.78042	0.02652	0.00509	0.00512	0.00810	0.00332	0.00330
5	0.01037	0.00968	0.01364	0.01209	0.01236	0.01306	0.00985	0.01169	0.00831	0.01265	0.00967	0.01567	0.00954	0.06159	0.23822	0.00429	0.53416	0.00517	0.00255	0.00542
6	0.01306	0.01859	0.34148	0.10525	0.08136	0.01223	0.15723	0.06924	0.01308	0.09005	0.03887	0.01422	0.00958	0.00545	0.00547	0.00171	0.00729	0.00497	0.00316	0.00772
7	0.00781	0.00520	0.00585	0.00585	0.00585	0.00520	0.00325	0.00781	0.00781	0.01041	0.01691	0.03513	0.01952	0.81135	0.02732	0.00520	0.00520	0.00781	0.00325	0.00325
8	0.01113	0.00954	0.01113	0.00795	0.01272	0.00716	0.00636	0.01352	0.01113	0.01749	0.00954	0.01113	0.00795	0.00398	0.00398	0.00080	0.00398	0.00318	0.00318	0.84417
9	0.03657	0.03775	0.01486	0.01162	0.01545	0.01550	0.00946	0.45783	0.29135	0.02888	0.01582	0.01523	0.01159	0.00666	0.00530	0.00167	0.00527	0.00517	0.00526	0.00876
10	0.00668	0.00486	0.00630	0.00718	0.00777	0.00448	0.00491	0.00789	0.01118	0.01493	0.14219	0.62503	0.10546	0.01566	0.00673	0.00207	0.00299	0.01408	0.00512	0.00448
11	0.01239	0.21994	0.50704	0.01374	0.02034	0.01504	0.03421	0.06868	0.01216	0.01701	0.00929	0.01086	0.00702	0.00516	0.00504	0.00158	0.02648	0.00383	0.00250	0.00769
12	0.01106	0.01231	0.06833	0.48428	0.05421	0.01250	0.24951	0.01509	0.01142	0.01512	0.00998	0.01415	0.00748	0.00507	0.00565	0.00178	0.00778	0.00521	0.00249	0.00656
13	0.00654	0.00467	0.00623	0.00747	0.00779	0.00436	0.00498	0.00747	0.01028	0.01370	0.02959	0.80785	0.03550	0.01682	0.00685	0.00218	0.00311	0.01526	0.00498	0.00436
14	0.04529	0.01163	0.01381	0.05809	0.01604	0.01210	0.00914	0.32427	0.07146	0.33016	0.01699	0.04037	0.01191	0.00680	0.00537	0.00168	0.00519	0.00541	0.00563	0.00865
15	0.01371	0.01028	0.01281	0.12359	0.05487	0.07781	0.03563	0.08517	0.01371	0.14522	0.01937	0.14252	0.03523	0.00924	0.00590	0.00183	0.00553	0.14512	0.00442	0.05803
16	0.00991	0.00600	0.00782	0.00711	0.00880	0.00543	0.00542	0.01226	0.01489	0.13265	0.59791	0.06022	0.08926	0.01067	0.00621	0.00171	0.00286	0.00934	0.00593	0.00561
17	0.01876	0.06248	0.01611	0.01190	0.01599	0.01633	0.00983	0.58262	0.15908	0.03049	0.01419	0.01392	0.01031	0.00648	0.00527	0.00162	0.00560	0.00494	0.00520	0.00888
18	0.01077	0.02777	0.78354	0.01530	0.02323	0.01247	0.01983	0.01700	0.01133	0.01700	0.00963	0.01133	0.00680	0.00510	0.00510	0.00170	0.00793	0.00397	0.00227	0.00793
19	0.03672	0.11989	0.17418	0.01594	0.04446	0.01324	0.27083	0.06411	0.01334	0.16161	0.01293	0.01420	0.02276	0.00535	0.00537	0.00165	0.00703	0.00510	0.00353	0.00776
20	0.01190	0.13851	0.44612	0.01590	0.02245	0.01407	0.19510	0.01760	0.05710	0.01674	0.01035	0.01221	0.00771	0.00502	0.00518	0.00165	0.00766	0.00450	0.00257	0.00765
21	0.00667	0.00473	0.00619	0.00731	0.00759	0.00445	0.00480	0.00751	0.01002	0.01336	0.02828	0.72796	0.03385	0.09897	0.00897	0.00249	0.00333	0.01449	0.00480	0.00425
22	0.01014	0.00954	0.01610	0.79845	0.03697	0.01193	0.01491	0.01371	0.01073	0.01371	0.00954	0.01431	0.00716	0.00537	0.00537	0.00179	0.00716	0.00477	0.00239	0.00596
23	0.01511	0.10402	0.32427	0.04566	0.10903	0.04975	0.02727	0.01902	0.01266	0.20477	0.03021	0.01375	0.00968	0.00555	0.00507	0.00161	0.00663	0.00448	0.00352	0.00795
24	0.02384	0.01015	0.01263	0.00981	0.01388	0.05594	0.00804	0.02587	0.01535	0.73436	0.02039	0.01774	0.01290	0.00658	0.00536	0.00164	0.00488	0.00528	0.00641	0.00896
25	0.84927	0.01038	0.00789	0.00706	0.01038	0.01204	0.00581	0.01578	0.00914	0.02408	0.00747	0.00872	0.00581	0.00498	0.00332	0.00166	0.00415	0.00291	0.00332	0.00581
26	0.00781	0.00520	0.00585	0.00585	0.00585	0.00520	0.00325	0.00781	0.00781	0.01041	0.01691	0.03513	0.01952	0.81135	0.02732	0.00520	0.00520	0.00781	0.00325	0.00325
27	0.84927	0.01038	0.00789	0.00706	0.01038	0.01204	0.00581	0.01578	0.00914	0.02408	0.00747	0.00872	0.00581	0.00498	0.00332	0.00166	0.00415	0.00291	0.00332	0.00581
28	0.00767	0.00575	0.00863	0.00863	0.00959	0.00671	0.00671	0.00959	0.00863	0.01246	0.01438	0.02109	0.01342	0.04026	0.79008	0.00863	0.01438	0.00575	0.00288	0.00479

[dist]
# distance from previous block
# <min> <max>
0	1

[block]
# block no. 11 follows, 45 sequences, length 16
# corresponding to MSA columns:
# 436-451
name=unknown_L
#
# <colnr> <probs for GDERKNQSTAVLIFYWHMCP>
#	G	D	E	R	K	N	Q	S	T	A	V	L	I	F	Y	W	H	M	C	P
0	0.01014	0.00954	0.01610	0.79845	0.03697	0.01193	0.01491	0.01371	0.01073	0.01371	0.00954	0.01431	0.00716	0.00537	0.00537	0.00179	0.00716	0.00477	0.00239	0.00596
1	0.02408	0.00914	0.01246	0.00955	0.01370	0.00789	0.00789	0.02616	0.01536	0.78158	0.02118	0.01827	0.01329	0.00664	0.00540	0.00166	0.00457	0.00540	0.00664	0.00914
2	0.01329	0.01275	0.02179	0.03295	0.77787	0.01275	0.01647	0.01647	0.01222	0.01754	0.01010	0.01329	0.00850	0.00478	0.00531	0.00159	0.00638	0.00478	0.00266	0.00850
3	0.00769	0.00568	0.00829	0.00829	0.00913	0.00653	0.00629	0.00937	0.00853	0.01221	0.01469	0.02281	0.01417	0.13461	0.69675	0.00821	0.01326	0.00600	0.00292	0.00460
4	0.00647	0.00542	0.00563	0.00563	0.00734	0.00458	0.00421	0.00793	0.01246	0.01516	0.12425	0.07559	0.68003	0.01344	0.00636	0.00181	0.00271	0.01130	0.00508	0.00458
5	0.01029	0.00858	0.05120	0.00838	0.01075	0.00784	0.00687	0.01627	0.21808	0.07203	0.39195	0.03302	0.12371	0.00968	0.00597	0.00174	0.00345	0.00831	0.00553	0.00636
6	0.77206	0.04430	0.00915	0.04671	0.01185	0.01242	0.00641	0.01569	0.00929	0.02308	0.00758	0.00899	0.00593	0.00499	0.00343	0.00165	0.00437	0.00300	0.00323	0.00587
7	0.01602	0.01094	0.01222	0.01058	0.01389	0.01199	0.00835	0.02794	0.58117	0.21103	0.02168	0.01959	0.01562	0.00712	0.00545	0.00178	0.00433	0.00590	0.00576	0.00866
8	0.00981	0.00631	0.00801	0.00728	0.00903	0.00592	0.00556	0.01307	0.06597	0.10860	0.59441	0.03692	0.08727	0.01038	0.00617	0.00170	0.00289	0.00906	0.00591	0.00573
9	0.03270	0.10649	0.13812	0.03802	0.28400	0.12149	0.02762	0.08984	0.03452	0.06193	0.01066	0.01234	0.00830	0.00526	0.00500	0.00155	0.00682	0.00432	0.00315	0.00788
10	0.01878	0.05537	0.12430	0.01001	0.01425	0.00884	0.00936	0.02149	0.01428	0.49633	0.09214	0.02188	0.03611	0.00733	0.00547	0.00169	0.00490	0.04380	0.00557	0.00811
11	0.00654	0.00467	0.00623	0.00747	0.00779	0.00436	0.00498	0.00747	0.01028	0.01370	0.02959	0.80785	0.03550	0.01682	0.00685	0.00218	0.00311	0.01526	0.00498	0.00436
12	0.01208	0.01312	0.02435	0.10691	0.07314	0.06444	0.45985	0.01573	0.01234	0.01614	0.01336	0.09670	0.01200	0.00652	0.00617	0.00184	0.00788	0.04771	0.00303	0.00669
13	0.01960	0.01344	0.06704	0.01193	0.01624	0.01279	0.04862	0.40259	0.01973	0.25642	0.01611	0.06418	0.01183	0.00696	0.00550	0.00168	0.00563	0.00567	0.00538	0.00865
14	0.01329	0.01275	0.02179	0.03295	0.77787	0.01275	0.01647	0.01647	0.01222	0.01754	0.01010	0.01329	0.00850	0.00478	0.00531	0.00159	0.00638	0.00478	0.00266	0.00850
15	0.01141	0.01152	0.08699	0.00882	0.01389	0.00800	0.00781	0.03950	0.01164	0.01800	0.00966	0.01121	0.00788	0.00417	0.00413	0.00091	0.00443	0.00331	0.00317	0.73353

[dist]
# distance from previous block
# <min> <max>
0	1

[block]
# block no. 12 follows, 45 sequences, length 11
# corresponding to MSA columns:
# 459-469
name=unknown_M
#
# <colnr> <probs for GDERKNQSTAVLIFYWHMCP>
#	G	D	E	R	K	N	Q	S	T	A	V	L	I	F	Y	W	H	M	C	P
0	0.84927	0.01038	0.00789	0.00706	0.01038	0.01204	0.00581	0.01578	0.00914	0.02408	0.00747	0.00872	0.00581	0.00498	0.00332	0.00166	0.00415	0.00291	0.00332	0.00581
1	0.73808	0.01021	0.00851	0.00739	0.01083	0.01148	0.00609	0.01718	0.00997	0.12615	0.00932	0.01001	0.00682	0.00521	0.00360	0.00166	0.00421	0.00324	0.00377	0.00626
2	0.01478	0.14870	0.20744	0.04197	0.01643	0.04923	0.01127	0.01915	0.08482	0.20144	0.07711	0.01937	0.03215	0.00683	0.00518	0.00164	0.00574	0.04514	0.00417	0.00747
3	0.01346	0.02116	0.46607	0.01756	0.11705	0.01192	0.11467	0.01842	0.01226	0.13902	0.01169	0.01310	0.00823	0.00523	0.00534	0.00169	0.00735	0.00461	0.00307	0.00811
4	0.00910	0.00481	0.00721	0.00721	0.00734	0.00494	0.00494	0.00734	0.00721	0.00975	0.01001	0.01696	0.00988	0.02156	0.12461	0.73129	0.00597	0.00481	0.00240	0.00266
5	0.00654	0.00467	0.00623	0.00747	0.00779	0.00436	0.00498	0.00747	0.01028	0.01370	0.02959	0.80785	0.03550	0.01682	0.00685	0.00218	0.00311	0.01526	0.00498	0.00436
6	0.01518	0.00852	0.01166	0.15236	0.01646	0.00872	0.00869	0.07309	0.04761	0.29637	0.04163	0.21262	0.01899	0.00940	0.00614	0.00186	0.02387	0.03469	0.00513	0.00702
7	0.01888	0.01401	0.01455	0.01169	0.01546	0.06211	0.00944	0.48888	0.14007	0.10120	0.01570	0.05679	0.01194	0.00709	0.00543	0.00167	0.00560	0.00555	0.00533	0.00860
8	0.00654	0.00467	0.00623	0.00747	0.00779	0.00436	0.00498	0.00747	0.01028	0.01370	0.02959	0.80785	0.03550	0.01682	0.00685	0.00218	0.00311	0.01526	0.00498	0.00436
9	0.01014	0.00954	0.01610	0.79845	0.03697	0.01193	0.01491	0.01371	0.01073	0.01371	0.00954	0.01431	0.00716	0.00537	0.00537	0.00179	0.00716	0.00477	0.00239	0.00596
10	0.07556	0.08382	0.12395	0.04880	0.29476	0.06078	0.03033	0.05170	0.04073	0.01745	0.00967	0.01216	0.00791	0.00568	0.00664	0.00169	0.11369	0.00436	0.00281	0.00750

[dist]
# distance from previous block
# <min> <max>
0	1

[block]
# block no. 13 follows, 45 sequences, length 100
# corresponding to MSA columns:
# 471-524,526-571
name=unknown_N
#
# <colnr> <probs for GDERKNQSTAVLIFYWHMCP>
#	G	D	E	R	K	N	Q	S	T	A	V	L	I	F	Y	W	H	M	C	P
0	0.00841	0.00625	0.00851	0.06547	0.05673	0.00628	0.00674	0.04006	0.02300	0.01668	0.13560	0.44232	0.03071	0.01287	0.00627	0.00195	0.00368	0.04859	0.07471	0.00516
1	0.02930	0.40186	0.23617	0.01187	0.03457	0.01713	0.01232	0.13497	0.01332	0.01775	0.00908	0.01027	0.00728	0.00502	0.00428	0.00138	0.00630	0.00355	0.00284	0.04075
2	0.00663	0.00476	0.00643	0.00757	0.00794	0.00456	0.00513	0.00765	0.01014	0.01360	0.02831	0.74209	0.03366	0.01878	0.07232	0.00272	0.00406	0.01447	0.00481	0.00440
3	0.02385	0.08709	0.15088	0.03850	0.08365	0.02924	0.22210	0.03209	0.01181	0.01674	0.01018	0.03360	0.00839	0.00529	0.00595	0.00154	0.05938	0.00482	0.00278	0.17212
4	0.02917	0.18097	0.54237	0.01334	0.01989	0.02966	0.01622	0.01636	0.01137	0.01624	0.03502	0.01296	0.00893	0.00619	0.02213	0.00175	0.00735	0.02017	0.00250	0.00742
5	0.01447	0.00719	0.00950	0.00804	0.01054	0.00652	0.00634	0.01731	0.04430	0.32829	0.44177	0.03051	0.03425	0.00908	0.00592	0.00168	0.00342	0.00783	0.00619	0.00684
6	0.00737	0.00635	0.00821	0.00737	0.00933	0.00566	0.06746	0.00958	0.03484	0.01624	0.19124	0.06980	0.50440	0.02978	0.00679	0.00187	0.00332	0.01049	0.00495	0.00495
7	0.03221	0.25746	0.14798	0.01153	0.04559	0.01412	0.01073	0.09265	0.07104	0.20373	0.05249	0.01451	0.01167	0.00591	0.00476	0.00152	0.00556	0.00453	0.00411	0.00790
8	0.08070	0.02597	0.07290	0.01015	0.01456	0.00981	0.00897	0.11090	0.01569	0.56661	0.01809	0.01625	0.01165	0.00635	0.00519	0.00165	0.00498	0.00500	0.00584	0.00877
9	0.00654	0.00467	0.00623	0.00747	0.00779	0.00436	0.00498	0.00747	0.01028	0.01370	0.02959	0.80785	0.03550	0.01682	0.00685	0.00218	0.00311	0.01526	0.00498	0.00436
10	0.01352	0.00796	0.00864	0.00749	0.00974	0.00828	0.00589	0.18790	0.04591	0.08687	0.05483	0.04228	0.01522	0.00692	0.00455	0.00144	0.00356	0.00557	0.47698	0.00643
11	0.03853	0.01335	0.07728	0.01199	0.03659	0.01365	0.00981	0.12210	0.56454	0.02339	0.01891	0.01785	0.01411	0.00685	0.00535	0.00177	0.00483	0.00560	0.00504	0.00845
12	0.00654	0.00467	0.00623	0.00747	0.00779	0.00436	0.00498	0.00747	0.01028	0.01370	0.02959	0.80785	0.03550	0.01682	0.00685	0.00218	0.00311	0.01526	0.00498	0.00436
13	0.01113	0.00954	0.01113	0.00795	0.01272	0.00716	0.00636	0.01352	0.01113	0.01749	0.00954	0.01113	0.00795	0.00398	0.00398	0.00080	0.00398	0.00318	0.00318	0.84417
