[name]
unknown

[dist]
# distance from previous block
# <min> <max>
0	98

[block]
# block no. 0 follows, 51 sequences, length 30
# corresponding to MSA columns:
# 107-136
name=unknown_A
#
# <colnr> <probs for GDERKNQSTAVLIFYWHMCP>
#	G	D	E	R	K	N	Q	S	T	A	V	L	I	F	Y	W	H	M	C	P
0	0.15396	0.06441	0.01283	0.00982	0.02337	0.05369	0.00799	0.31144	0.07223	0.10691	0.01239	0.01408	0.00955	0.00640	0.01947	0.00157	0.00505	0.04353	0.00420	0.06712
1	0.13696	0.16820	0.01569	0.01120	0.05998	0.10543	0.00881	0.33332	0.05437	0.04646	0.01017	0.01068	0.00772	0.00525	0.00426	0.00139	0.00546	0.00376	0.00374	0.00717
2	0.00701	0.00490	0.00641	0.04865	0.00872	0.00460	0.00503	0.00825	0.01041	0.05188	0.10589	0.53028	0.16288	0.01335	0.00601	0.00185	0.00299	0.01190	0.00460	0.00437
3	0.03842	0.00918	0.01558	0.66276	0.05240	0.01087	0.07297	0.01353	0.01018	0.05422	0.00934	0.01311	0.00691	0.00489	0.00492	0.00162	0.00645	0.00445	0.00245	0.00576
4	0.04354	0.01119	0.01291	0.01004	0.01380	0.05751	0.03196	0.24988	0.05484	0.39419	0.01521	0.01415	0.01021	0.00576	0.00481	0.00146	0.00490	0.00456	0.00510	0.05400
5	0.02163	0.00904	0.01182	0.00906	0.01288	0.00822	0.00749	0.11822	0.01519	0.70418	0.01844	0.01611	0.01169	0.00606	0.00494	0.00151	0.00433	0.00488	0.00594	0.00836
6	0.00667	0.00456	0.00550	0.00597	0.00609	0.00445	0.00363	0.00702	0.00808	0.01077	0.02025	0.35769	0.02388	0.49356	0.01731	0.00363	0.00398	0.00995	0.00363	0.00339
7	0.01756	0.01391	0.01571	0.06387	0.01717	0.05602	0.06387	0.63728	0.02096	0.02772	0.01125	0.01183	0.00807	0.00567	0.00495	0.00149	0.00586	0.00445	0.00444	0.00791
8	0.00774	0.00632	0.00928	0.00886	0.00957	0.00786	0.00703	0.00936	0.00783	0.01149	0.01187	0.01766	0.01116	0.03140	0.65507	0.00679	0.16851	0.00508	0.00254	0.00458
9	0.00941	0.00482	0.00485	0.00476	0.00598	0.00486	0.00359	0.03166	0.01064	0.01865	0.01592	0.01815	0.01248	0.00573	0.00347	0.00115	0.00237	0.00458	0.83224	0.00468
10	0.00696	0.00502	0.00657	0.00618	0.00734	0.00464	0.00464	0.00927	0.01391	0.01971	0.79405	0.03671	0.04637	0.01005	0.00580	0.00155	0.00232	0.00889	0.00541	0.00464
11	0.01150	0.01410	0.08641	0.09975	0.03747	0.05344	0.57720	0.01545	0.01140	0.01516	0.00989	0.02657	0.00764	0.00450	0.00554	0.00163	0.00793	0.00547	0.00246	0.00648
12	0.01114	0.01241	0.02655	0.07581	0.02508	0.01182	0.67496	0.01510	0.01162	0.01577	0.06039	0.01476	0.00990	0.00458	0.00574	0.00165	0.00778	0.00590	0.00265	0.00642
13	0.00696	0.00502	0.00657	0.00618	0.00734	0.00464	0.00464	0.00927	0.01391	0.01971	0.79405	0.03671	0.04637	0.01005	0.00580	0.00155	0.00232	0.00889	0.00541	0.00464
14	0.00944	0.00902	0.01552	0.75448	0.03294	0.01109	0.05501	0.01271	0.00987	0.01271	0.00875	0.01306	0.00660	0.00495	0.00521	0.00165	0.02482	0.00444	0.00220	0.00552
15	0.01634	0.01460	0.01521	0.11286	0.06010	0.20650	0.06413	0.28911	0.06215	0.08226	0.01127	0.01223	0.00830	0.00542	0.00484	0.00147	0.00639	0.00431	0.01540	0.00711
16	0.00830	0.00725	0.00959	0.06085	0.01129	0.05501	0.00740	0.01004	0.00833	0.01157	0.01171	0.01722	0.01084	0.02939	0.60982	0.00639	0.11284	0.00496	0.00254	0.00466
17	0.01305	0.80913	0.04611	0.00856	0.01284	0.01923	0.00866	0.01474	0.01000	0.01167	0.00688	0.00795	0.00630	0.00422	0.00319	0.00106	0.00531	0.00265	0.00210	0.00633
18	0.00702	0.00527	0.00790	0.00790	0.00878	0.00614	0.00614	0.00878	0.00790	0.01141	0.01316	0.01931	0.01229	0.03686	0.80782	0.00790	0.01316	0.00527	0.00263	0.00439
19	0.01089	0.01427	0.21043	0.01386	0.05570	0.01358	0.01263	0.01325	0.00863	0.03755	0.00770	0.01106	0.00674	0.00781	0.02583	0.00205	0.53551	0.00417	0.00228	0.00605
20	0.01324	0.01324	0.01430	0.01237	0.01335	0.18112	0.01005	0.01524	0.05962	0.06800	0.00848	0.01126	0.00738	0.00755	0.01216	0.00189	0.53806	0.00419	0.00269	0.00581
21	0.00703	0.00524	0.00775	0.00775	0.00857	0.00606	0.00596	0.00868	0.00785	0.01130	0.01330	0.02007	0.01262	0.08366	0.76147	0.00771	0.01267	0.00538	0.00265	0.00430
22	0.00603	0.00429	0.00569	0.00679	0.00707	0.00402	0.00451	0.00685	0.00933	0.01245	0.02670	0.79788	0.03202	0.04226	0.00689	0.00209	0.00291	0.01374	0.00451	0.00396
23	0.00916	0.00458	0.00458	0.00458	0.00573	0.00458	0.00344	0.01145	0.01031	0.01832	0.01603	0.01832	0.01260	0.00573	0.00344	0.00115	0.00229	0.00458	0.85457	0.00458
24	0.00814	0.00609	0.00700	0.00748	0.00845	0.03481	0.00527	0.01085	0.11497	0.05629	0.02634	0.59569	0.07321	0.01316	0.00593	0.00188	0.00326	0.01174	0.00463	0.00481
25	0.00598	0.00430	0.00568	0.00677	0.00711	0.00400	0.00453	0.00685	0.00947	0.01257	0.02792	0.79554	0.06051	0.01529	0.00626	0.00198	0.00284	0.01384	0.00456	0.00400
26	0.01199	0.01744	0.37313	0.01356	0.01794	0.02444	0.09508	0.01561	0.01027	0.12032	0.01005	0.02680	0.00771	0.00607	0.00795	0.00173	0.22603	0.00440	0.00273	0.00675
27	0.00599	0.00428	0.00570	0.00684	0.00713	0.00399	0.00456	0.00684	0.00941	0.01254	0.02709	0.82409	0.03250	0.01540	0.00627	0.00200	0.00285	0.01397	0.00456	0.00399
28	0.01019	0.00873	0.01019	0.00728	0.01165	0.00655	0.00582	0.01237	0.01019	0.01601	0.00873	0.01019	0.00728	0.00364	0.00364	0.00073	0.00364	0.00291	0.00291	0.85734
29	0.01121	0.00920	0.01197	0.10369	0.06997	0.00820	0.02138	0.03348	0.05650	0.06162	0.01077	0.01222	0.02052	0.00444	0.00432	0.00106	0.01606	0.00369	0.00316	0.53654

[dist]
# distance from previous block
# <min> <max>
0	2

[block]
# block no. 1 follows, 51 sequences, length 23
# corresponding to MSA columns:
# 139-161
name=unknown_B
#
# <colnr> <probs for GDERKNQSTAVLIFYWHMCP>
#	G	D	E	R	K	N	Q	S	T	A	V	L	I	F	Y	W	H	M	C	P
0	0.08754	0.02657	0.14990	0.01149	0.01558	0.16574	0.06661	0.11016	0.02540	0.22141	0.01168	0.01201	0.00825	0.00531	0.00493	0.00146	0.02857	0.00406	0.00374	0.03959
1	0.00763	0.00577	0.00783	0.00842	0.00938	0.00590	0.00686	0.00938	0.01053	0.01410	0.06035	0.24855	0.04230	0.02678	0.00748	0.00212	0.06683	0.41463	0.00430	0.04088
2	0.01057	0.00858	0.01418	0.71139	0.03094	0.01036	0.01274	0.01356	0.01017	0.09313	0.00982	0.01352	0.00718	0.00536	0.00529	0.02429	0.00625	0.00442	0.00258	0.00567
3	0.01240	0.04402	0.01688	0.06814	0.49601	0.01036	0.01213	0.01494	0.01113	0.09825	0.01151	0.07510	0.00997	0.00536	0.00479	0.00143	0.00522	0.00496	0.00300	0.09440
4	0.02014	0.00864	0.01128	0.00881	0.01247	0.00782	0.00721	0.03902	0.09481	0.65414	0.03748	0.01702	0.01302	0.00614	0.00492	0.00151	0.00411	0.00501	0.00581	0.04065
5	0.02184	0.00870	0.01161	0.00890	0.01271	0.00773	0.00736	0.07155	0.01463	0.75164	0.01891	0.01642	0.01193	0.00607	0.00494	0.00152	0.00426	0.00491	0.00601	0.00836
6	0.00721	0.00483	0.00556	0.00565	0.00573	0.00483	0.00336	0.00738	0.00747	0.00993	0.01630	0.03396	0.01867	0.76438	0.02360	0.00457	0.00475	0.06563	0.00310	0.00310
7	0.02102	0.00859	0.01137	0.00888	0.01257	0.00775	0.00728	0.02418	0.09509	0.71841	0.01945	0.01689	0.01246	0.00614	0.00495	0.00154	0.00415	0.00501	0.00597	0.00830
8	0.00614	0.00450	0.00556	0.00628	0.00682	0.00415	0.00421	0.00702	0.00962	0.01257	0.05998	0.54847	0.16946	0.12080	0.00862	0.00228	0.00301	0.01222	0.00439	0.00391
9	0.00928	0.00873	0.01474	0.81548	0.03385	0.01092	0.01365	0.01256	0.00983	0.01256	0.00873	0.01310	0.00655	0.00491	0.00491	0.00164	0.00655	0.00437	0.00218	0.00546
10	0.02193	0.00855	0.01152	0.00883	0.01264	0.00750	0.00730	0.05019	0.01438	0.77336	0.01912	0.01656	0.01203	0.00608	0.00494	0.00152	0.00422	0.00492	0.00604	0.00836
11	0.00686	0.00464	0.00544	0.00573	0.00580	0.00457	0.00337	0.00707	0.00771	0.01028	0.01836	0.22863	0.02150	0.62587	0.02036	0.00408	0.00429	0.00884	0.00337	0.00323
12	0.01836	0.02342	0.01393	0.01266	0.01519	0.80756	0.00950	0.01962	0.01393	0.01203	0.00760	0.00886	0.00633	0.00506	0.00443	0.00127	0.00886	0.00317	0.00253	0.00570
13	0.00703	0.00497	0.00616	0.00586	0.00708	0.00457	0.00440	0.00921	0.01319	0.01873	0.61737	0.03620	0.14039	0.00992	0.00556	0.00152	0.00234	0.00864	0.09230	0.00457
14	0.00986	0.02542	0.80183	0.01401	0.02127	0.01141	0.01816	0.01556	0.01038	0.01556	0.00882	0.01038	0.00623	0.00467	0.00467	0.00156	0.00726	0.00363	0.00208	0.00726
15	0.01169	0.01009	0.01060	0.00958	0.01227	0.01155	0.00744	0.02453	0.72310	0.01995	0.02248	0.02075	0.07992	0.00715	0.00507	0.00167	0.00377	0.00596	0.00496	0.00748
16	0.10746	0.00953	0.01162	0.00901	0.01276	0.00916	0.00744	0.16942	0.01523	0.57142	0.01663	0.01488	0.01073	0.00589	0.00474	0.00151	0.00438	0.00461	0.00554	0.00805
17	0.01123	0.01060	0.01800	0.43416	0.14642	0.01181	0.15321	0.09274	0.04378	0.01589	0.00981	0.01307	0.00744	0.00486	0.00507	0.00160	0.00653	0.00469	0.00267	0.00642
18	0.01858	0.00778	0.01028	0.00816	0.01146	0.00685	0.00664	0.02091	0.04332	0.61566	0.09597	0.02181	0.09569	0.00713	0.00511	0.00154	0.00382	0.00590	0.00582	0.00756
19	0.12532	0.00625	0.00799	0.00906	0.04194	0.00640	0.00722	0.01061	0.01106	0.01618	0.11156	0.10439	0.02670	0.01169	0.00604	0.00202	0.00410	0.48240	0.00434	0.00474
20	0.16574	0.68270	0.02242	0.00806	0.01205	0.01793	0.00785	0.01467	0.00969	0.01345	0.00683	0.00790	0.00613	0.00427	0.00313	0.00114	0.00499	0.00263	0.00227	0.00613
21	0.01010	0.00738	0.00867	0.00772	0.00945	0.03249	0.00606	0.09046	0.04604	0.07979	0.45824	0.03094	0.09068	0.00926	0.00626	0.00161	0.05451	0.03989	0.00500	0.00547
22	0.01842	0.00838	0.01113	0.00949	0.04542	0.00774	0.00730	0.03501	0.09856	0.56079	0.12529	0.01937	0.01692	0.00661	0.00506	0.00154	0.00399	0.00552	0.00570	0.00776

[dist]
# distance from previous block
# <min> <max>
0	1

[block]
# block no. 2 follows, 51 sequences, length 22
# corresponding to MSA columns:
# 163-165,168-186
name=unknown_C
#
# <colnr> <probs for GDERKNQSTAVLIFYWHMCP>
#	G	D	E	R	K	N	Q	S	T	A	V	L	I	F	Y	W	H	M	C	P
0	0.01294	0.51903	0.22941	0.01024	0.01522	0.01682	0.01110	0.10743	0.01167	0.01496	0.00796	0.00901	0.00653	0.00453	0.00377	0.00124	0.00580	0.00311	0.00243	0.00681
1	0.01086	0.00905	0.01065	0.00807	0.01191	0.00773	0.02306	0.10528	0.05078	0.01767	0.01270	0.07320	0.04107	0.00531	0.00419	0.00102	0.00386	0.00441	0.00344	0.59572
2	0.02990	0.10991	0.01708	0.24627	0.22248	0.05230	0.04223	0.06652	0.01128	0.01492	0.01169	0.01420	0.06589	0.00558	0.00560	0.00153	0.06910	0.00457	0.00265	0.00632
3	0.00861	0.00585	0.00712	0.00748	0.04088	0.00539	0.00522	0.01085	0.06750	0.10903	0.06862	0.28227	0.33896	0.01174	0.00575	0.00173	0.00304	0.01017	0.00473	0.00505
4	0.60455	0.00915	0.00850	0.00716	0.01044	0.00986	0.00590	0.01736	0.01011	0.26052	0.01069	0.01066	0.00742	0.00503	0.00362	0.00152	0.00392	0.00336	0.00397	0.00625
5	0.00704	0.00552	0.00803	0.00805	0.00903	0.00530	0.06283	0.00923	0.05542	0.01466	0.16507	0.53491	0.03193	0.01298	0.00610	0.00188	0.00330	0.04956	0.00458	0.00455
6	0.00951	0.00590	0.00821	0.00889	0.01029	0.00575	0.00764	0.01165	0.01154	0.10946	0.02528	0.09513	0.02658	0.01278	0.00653	0.00216	0.00439	0.62864	0.00472	0.00496
7	0.00928	0.00873	0.01474	0.81548	0.03385	0.01092	0.01365	0.01256	0.00983	0.01256	0.00873	0.01310	0.00655	0.00491	0.00491	0.00164	0.00655	0.00437	0.00218	0.00546
8	0.00613	0.00438	0.00587	0.00701	0.00736	0.00412	0.00481	0.00709	0.00955	0.01271	0.02701	0.76660	0.03219	0.01526	0.00631	0.00202	0.00298	0.07003	0.00456	0.00403
9	0.00773	0.00526	0.00722	0.06987	0.00985	0.00514	0.00577	0.00936	0.01106	0.06008	0.23528	0.36395	0.03185	0.05455	0.00700	0.00199	0.00337	0.10151	0.00461	0.00455
10	0.00854	0.00427	0.00640	0.00640	0.00640	0.00427	0.00427	0.00640	0.00640	0.00854	0.00854	0.01494	0.00854	0.01707	0.01921	0.85702	0.00427	0.00427	0.00213	0.00213
11	0.00854	0.00427	0.00640	0.00640	0.00640	0.00427	0.00427	0.00640	0.00640	0.00854	0.00854	0.01494	0.00854	0.01707	0.01921	0.85702	0.00427	0.00427	0.00213	0.00213
12	0.01230	0.01220	0.02250	0.13394	0.26225	0.01232	0.34405	0.10746	0.01261	0.01723	0.00978	0.01272	0.00754	0.00454	0.00528	0.00157	0.00694	0.00500	0.00272	0.00703
13	0.01187	0.51847	0.32640	0.01058	0.01597	0.01633	0.01219	0.01504	0.01014	0.01311	0.00760	0.00885	0.00628	0.00438	0.00374	0.00125	0.00603	0.00302	0.00209	0.00668
14	0.01936	0.00859	0.01112	0.00876	0.01220	0.00796	0.00715	0.08269	0.07442	0.59282	0.10412	0.01866	0.01585	0.00655	0.00504	0.00153	0.00405	0.00538	0.00583	0.00791
15	0.00607	0.00486	0.00543	0.00555	0.00687	0.00422	0.00406	0.00746	0.01143	0.01444	0.19561	0.18335	0.50839	0.01249	0.00589	0.00170	0.00252	0.01071	0.00473	0.00422
16	0.01301	0.64871	0.03958	0.00829	0.01216	0.01653	0.00808	0.01479	0.01079	0.07397	0.10296	0.01211	0.01160	0.00507	0.00365	0.00116	0.00486	0.00359	0.00281	0.00629
17	0.19261	0.01112	0.01621	0.02209	0.51124	0.01146	0.01198	0.07286	0.01171	0.07942	0.00972	0.01161	0.00765	0.00466	0.00449	0.00148	0.00525	0.00406	0.00303	0.00735
18	0.00819	0.10484	0.00842	0.00637	0.00815	0.00632	0.00502	0.00959	0.01115	0.07475	0.10129	0.19999	0.37973	0.01141	0.00556	0.00166	0.00311	0.04524	0.00446	0.00477
19	0.00910	0.10512	0.00964	0.00730	0.00854	0.00757	0.00560	0.01033	0.00847	0.07243	0.01350	0.02125	0.01306	0.25795	0.38423	0.00537	0.02461	0.00543	0.02595	0.00455
20	0.08252	0.01236	0.12404	0.01350	0.15139	0.01043	0.01031	0.13963	0.06385	0.30680	0.02745	0.01403	0.01021	0.00554	0.00476	0.00152	0.00502	0.00451	0.00438	0.00777
21	0.20321	0.09932	0.02753	0.08346	0.18439	0.26626	0.01018	0.02691	0.01126	0.01545	0.00786	0.00975	0.00647	0.00479	0.00441	0.00140	0.02521	0.00341	0.00257	0.00616

[dist]
# distance from previous block
# <min> <max>
1	4

[block]
# block no. 3 follows, 51 sequences, length 14
# corresponding to MSA columns:
# 191-204
name=unknown_D
#
# <colnr> <probs for GDERKNQSTAVLIFYWHMCP>
#	G	D	E	R	K	N	Q	S	T	A	V	L	I	F	Y	W	H	M	C	P
0	0.00919	0.00766	0.00910	0.00884	0.03396	0.02033	0.02007	0.02965	0.24049	0.01677	0.11790	0.30061	0.04389	0.00976	0.00540	0.00164	0.00351	0.00862	0.00447	0.10814
1	0.00699	0.00571	0.00648	0.00591	0.00790	0.00474	0.00445	0.00861	0.01133	0.01506	0.18601	0.12067	0.39646	0.01041	0.00539	0.00147	0.00274	0.00887	0.00438	0.18642
2	0.01181	0.06138	0.58031	0.01302	0.01927	0.07635	0.03165	0.01644	0.01098	0.08249	0.00955	0.01073	0.00682	0.00474	0.00458	0.00147	0.00689	0.00367	0.00250	0.04535
3	0.01079	0.01087	0.01573	0.01328	0.01352	0.01493	0.04795	0.01202	0.00772	0.01202	0.00662	0.01087	0.00650	0.00839	0.01563	0.00213	0.77907	0.00437	0.00217	0.00544
4	0.01019	0.00873	0.01019	0.00728	0.01165	0.00655	0.00582	0.01237	0.01019	0.01601	0.00873	0.01019	0.00728	0.00364	0.00364	0.00073	0.00364	0.00291	0.00291	0.85734
5	0.00946	0.00661	0.00799	0.00734	0.00913	0.00661	0.00568	0.01431	0.18990	0.08836	0.46425	0.03233	0.08361	0.00925	0.00559	0.00161	0.00296	0.04407	0.00528	0.00565
6	0.01899	0.00762	0.01028	0.00829	0.01149	0.00662	0.00667	0.02071	0.01327	0.65039	0.02202	0.13022	0.05525	0.00770	0.00517	0.00159	0.00391	0.00647	0.00579	0.00754
7	0.01086	0.01102	0.02102	0.13468	0.06578	0.01092	0.42269	0.07693	0.01205	0.01605	0.01502	0.08458	0.08264	0.00613	0.00558	0.00166	0.00666	0.00651	0.00301	0.00621
8	0.02024	0.00823	0.01108	0.00878	0.01227	0.00731	0.00727	0.05079	0.01417	0.67945	0.04612	0.02043	0.01452	0.00683	0.00512	0.00158	0.00419	0.06782	0.00589	0.00792
9	0.00607	0.00434	0.00578	0.00679	0.00715	0.00405	0.00457	0.00705	0.00980	0.01316	0.09297	0.75645	0.03369	0.01494	0.00623	0.00196	0.00281	0.01353	0.00463	0.00405
10	0.06126	0.07942	0.01416	0.01017	0.01371	0.01325	0.00847	0.43291	0.05086	0.18240	0.01327	0.03892	0.00978	0.00619	0.00523	0.00151	0.04143	0.00464	0.00469	0.00773
11	0.01746	0.01087	0.01280	0.01015	0.01321	0.01175	0.00828	0.40156	0.03061	0.22991	0.01352	0.02847	0.00983	0.00731	0.00717	0.07152	0.08322	0.00474	0.02020	0.00740
12	0.00937	0.00595	0.00748	0.00676	0.00846	0.00560	0.00518	0.01253	0.08017	0.12558	0.55826	0.03331	0.10308	0.00942	0.00561	0.00156	0.00272	0.00819	0.00539	0.00537
13	0.00793	0.00688	0.00686	0.00666	0.00812	0.07135	0.00494	0.05191	0.01254	0.01589	0.25530	0.18410	0.32665	0.01133	0.00573	0.00165	0.00320	0.00969	0.00466	0.00462

[dist]
# distance from previous block
# <min> <max>
0	8

[block]
# block no. 4 follows, 51 sequences, length 22
# corresponding to MSA columns:
# 213-234
name=unknown_E
#
# <colnr> <probs for GDERKNQSTAVLIFYWHMCP>
#	G	D	E	R	K	N	Q	S	T	A	V	L	I	F	Y	W	H	M	C	P
0	0.09758	0.01364	0.12160	0.04701	0.01553	0.01275	0.00988	0.43277	0.01728	0.09797	0.01177	0.02700	0.00873	0.02600	0.00549	0.00161	0.02621	0.00443	0.01532	0.00745
1	0.01009	0.13920	0.55015	0.01202	0.01794	0.01171	0.01456	0.01457	0.01059	0.01533	0.08396	0.01254	0.01016	0.00513	0.00472	0.00144	0.02208	0.00396	0.00245	0.05738
2	0.09408	0.01211	0.01376	0.05564	0.02850	0.12820	0.05683	0.09692	0.03774	0.01615	0.07073	0.01411	0.02325	0.02515	0.02052	0.00188	0.29091	0.00467	0.00304	0.00580
3	0.01371	0.01131	0.01744	0.14345	0.50597	0.04801	0.01325	0.03373	0.01183	0.13765	0.01073	0.01285	0.00823	0.00479	0.00487	0.00149	0.00582	0.00441	0.00302	0.00744
4	0.00659	0.00539	0.00691	0.13172	0.01107	0.00525	0.00559	0.00818	0.01084	0.01382	0.14348	0.23330	0.35858	0.02937	0.00620	0.00179	0.00324	0.01005	0.00428	0.00436
5	0.01737	0.01278	0.01416	0.01116	0.01457	0.01440	0.00917	0.57452	0.10919	0.07366	0.01268	0.01274	0.00917	0.00626	0.00600	0.00156	0.08330	0.00457	0.00473	0.00800
6	0.01171	0.01122	0.01914	0.15234	0.67796	0.01156	0.01486	0.01469	0.01098	0.01551	0.00916	0.01231	0.00759	0.00446	0.00487	0.00149	0.00595	0.00438	0.00239	0.00742
7	0.10097	0.00996	0.01288	0.15071	0.01633	0.02233	0.03957	0.08766	0.07341	0.09213	0.02462	0.02398	0.05306	0.00663	0.00748	0.00166	0.20323	0.00478	0.00340	0.06519
8	0.00859	0.00462	0.00705	0.06973	0.00855	0.00479	0.00500	0.00688	0.00667	0.00885	0.00855	0.01479	0.00838	0.01612	0.01809	0.79007	0.00445	0.00428	0.00214	0.00239
9	0.00627	0.00441	0.00568	0.00659	0.00683	0.00419	0.00431	0.00698	0.00899	0.01197	0.02467	0.64370	0.02940	0.18237	0.01014	0.00257	0.00328	0.02960	0.00424	0.00380
10	0.01326	0.01278	0.01774	0.04174	0.54368	0.08853	0.01314	0.08174	0.10627	0.01740	0.01059	0.01258	0.00854	0.00486	0.00485	0.00147	0.00587	0.00441	0.00296	0.00758
11	0.01051	0.00870	0.01442	0.73794	0.03180	0.01056	0.01303	0.01365	0.01023	0.08825	0.00976	0.01345	0.00709	0.00503	0.00492	0.00163	0.00632	0.00442	0.00256	0.00574
12	0.01379	0.00965	0.01081	0.00912	0.01180	0.01014	0.00729	0.40515	0.01727	0.08013	0.04280	0.17124	0.12643	0.00917	0.00543	0.00165	0.00429	0.05233	0.00488	0.00662
13	0.00669	0.00496	0.00624	0.00612	0.00729	0.00452	0.00457	0.00867	0.01290	0.01769	0.56086	0.11611	0.17874	0.01111	0.00588	0.00163	0.00247	0.03391	0.00515	0.00448
14	0.01081	0.18892	0.59734	0.01305	0.01948	0.03486	0.04039	0.01551	0.01043	0.01466	0.00842	0.00992	0.00628	0.00457	0.00439	0.00145	0.00693	0.00348	0.00211	0.00700
15	0.02194	0.00854	0.01151	0.00883	0.01263	0.00748	0.00729	0.04814	0.01435	0.77544	0.01914	0.01657	0.01204	0.00608	0.00494	0.00152	0.00422	0.00493	0.00605	0.00836
16	0.00928	0.00873	0.01474	0.81548	0.03385	0.01092	0.01365	0.01256	0.00983	0.01256	0.00873	0.01310	0.00655	0.00491	0.00491	0.00164	0.00655	0.00437	0.00218	0.00546
17	0.00698	0.00645	0.00594	0.00586	0.00752	0.06714	0.00444	0.00836	0.01165	0.01378	0.10864	0.04373	0.63681	0.01171	0.00574	0.00164	0.00306	0.04174	0.00447	0.00433
18	0.01520	0.01762	0.07586	0.17496	0.03076	0.38788	0.02834	0.06846	0.08966	0.05022	0.01003	0.01147	0.00767	0.00523	0.00470	0.00144	0.00728	0.00392	0.00298	0.00632
19	0.01314	0.83025	0.02575	0.00841	0.01261	0.01945	0.00841	0.01472	0.00999	0.01156	0.00683	0.00788	0.00631	0.00420	0.00315	0.00105	0.00526	0.00263	0.00210	0.00631
20	0.05873	0.00776	0.01029	0.00833	0.01153	0.00688	0.00671	0.02076	0.01305	0.63723	0.02004	0.14595	0.01511	0.00751	0.00507	0.00160	0.00395	0.00628	0.00570	0.00752
21	0.01315	0.11560	0.16036	0.18503	0.05806	0.20213	0.10783	0.07373	0.01221	0.01481	0.00866	0.01085	0.00672	0.00477	0.00465	0.00145	0.00717	0.00392	0.00249	0.00642

[dist]
# distance from previous block
# <min> <max>
3	6

[block]
# block no. 5 follows, 51 sequences, length 61
# corresponding to MSA columns:
# 241-269,303-334
name=unknown_F
#
# <colnr> <probs for GDERKNQSTAVLIFYWHMCP>
#	G	D	E	R	K	N	Q	S	T	A	V	L	I	F	Y	W	H	M	C	P
0	0.00998	0.00854	0.01029	0.00748	0.01161	0.00654	0.02175	0.01208	0.01012	0.01567	0.01014	0.01171	0.03226	0.00487	0.01984	0.01955	0.00390	0.00328	0.00293	0.77745
1	0.01026	0.02722	0.37829	0.15888	0.05569	0.01061	0.07469	0.03850	0.02052	0.02595	0.03510	0.05044	0.00931	0.00532	0.00483	0.00152	0.00631	0.00461	0.00262	0.07932
2	0.08617	0.05938	0.08474	0.01242	0.09387	0.07869	0.00964	0.12691	0.34702	0.03032	0.01385	0.01380	0.01047	0.00569	0.00463	0.00153	0.00509	0.00449	0.00394	0.00736
3	0.00676	0.00536	0.00599	0.00588	0.00741	0.00481	0.00449	0.03936	0.01229	0.01566	0.23142	0.08037	0.49176	0.01179	0.00585	0.00168	0.00271	0.05717	0.00479	0.00446
4	0.10400	0.04612	0.32705	0.01061	0.02958	0.00988	0.01121	0.04548	0.02293	0.16915	0.01457	0.01479	0.07892	0.00559	0.00451	0.00145	0.00528	0.00436	0.00343	0.09109
5	0.01055	0.25017	0.51538	0.01169	0.01747	0.01311	0.01412	0.01461	0.00999	0.01392	0.00883	0.01153	0.00724	0.07480	0.00598	0.00169	0.00648	0.00365	0.00216	0.00663
6	0.00605	0.00437	0.00573	0.00669	0.00712	0.00405	0.00452	0.00705	0.00986	0.01315	0.08881	0.71846	0.07634	0.01481	0.00621	0.00194	0.00279	0.01337	0.00463	0.00405
7	0.00986	0.02542	0.80183	0.01401	0.02127	0.01141	0.01816	0.01556	0.01038	0.01556	0.00882	0.01038	0.00623	0.00467	0.00467	0.00156	0.00726	0.00363	0.00208	0.00726
8	0.01202	0.01007	0.01669	0.39740	0.30833	0.01101	0.03467	0.04121	0.01126	0.09507	0.01015	0.01309	0.00766	0.00485	0.00492	0.00156	0.00606	0.00447	0.00278	0.00673
9	0.00702	0.00527	0.00790	0.00790	0.00878	0.00614	0.00614	0.00878	0.00790	0.01141	0.01316	0.01931	0.01229	0.03686	0.80782	0.00790	0.01316	0.00527	0.00263	0.00439
10	0.02175	0.00885	0.01171	0.00897	0.01279	0.00795	0.00741	0.09208	0.01488	0.73076	0.01870	0.01628	0.01182	0.00607	0.00494	0.00152	0.00429	0.00490	0.00598	0.00836
11	0.01093	0.09310	0.66438	0.01328	0.01998	0.01244	0.01653	0.08463	0.01149	0.01661	0.00892	0.01029	0.00642	0.00474	0.00456	0.00151	0.00692	0.00362	0.00233	0.00728
12	0.01376	0.64714	0.02446	0.00993	0.01409	0.05692	0.07434	0.08439	0.01150	0.01370	0.00758	0.00874	0.00659	0.00439	0.00360	0.00115	0.00570	0.00309	0.00241	0.00649
13	0.01311	0.01036	0.01114	0.00989	0.01276	0.01177	0.00773	0.02592	0.71780	0.09104	0.01995	0.01819	0.01474	0.00661	0.00500	0.00165	0.00392	0.00550	0.00510	0.00783
14	0.01248	0.00853	0.01264	0.01029	0.01257	0.00893	0.10697	0.03050	0.07566	0.20408	0.26103	0.02291	0.03881	0.00784	0.00734	0.00168	0.14724	0.01973	0.00454	0.00623
15	0.09522	0.01292	0.01378	0.01065	0.01449	0.01417	0.00880	0.64641	0.02100	0.09585	0.01200	0.01187	0.00841	0.00579	0.00475	0.00148	0.00516	0.00431	0.00485	0.00808
16	0.04336	0.01094	0.01166	0.00998	0.01303	0.01233	0.00791	0.19310	0.52247	0.06662	0.04232	0.01702	0.01403	0.00650	0.00494	0.00161	0.00419	0.00528	0.00499	0.00776
17	0.00780	0.00535	0.00633	0.00668	0.00785	0.01868	0.00490	0.00900	0.01064	0.08413	0.03320	0.39492	0.28021	0.02813	0.00636	0.00191	0.00315	0.08164	0.00463	0.00450
18	0.00616	0.00441	0.00589	0.00701	0.00740	0.00414	0.00485	0.00715	0.00961	0.01275	0.02734	0.74262	0.04386	0.01519	0.00631	0.00201	0.00300	0.08169	0.00456	0.00404
19	0.00749	0.00574	0.00819	0.00809	0.00914	0.00669	0.00629	0.01034	0.07841	0.01224	0.01378	0.01922	0.01253	0.03413	0.73523	0.00733	0.01232	0.00529	0.00285	0.00469
20	0.00942	0.00743	0.00834	0.00860	0.00992	0.05510	0.00665	0.08960	0.08132	0.02900	0.02327	0.38411	0.02532	0.01234	0.00603	0.00194	0.00408	0.22788	0.00453	0.00511
21	0.01256	0.00988	0.01061	0.00946	0.01223	0.01108	0.00738	0.02429	0.65148	0.09042	0.02249	0.02066	0.08133	0.00711	0.00506	0.00165	0.00380	0.00591	0.00506	0.00752
22	0.00599	0.00428	0.00570	0.00684	0.00713	0.00399	0.00456	0.00684	0.00941	0.01254	0.02709	0.82409	0.03250	0.01540	0.00627	0.00200	0.00285	0.01397	0.00456	0.00399
23	0.01157	0.15897	0.15935	0.01741	0.02264	0.01349	0.51448	0.01553	0.01111	0.01498	0.00920	0.01182	0.00705	0.00424	0.00514	0.00153	0.00758	0.00487	0.00235	0.00668
24	0.02180	0.00876	0.01165	0.00893	0.01274	0.00781	0.00738	0.07904	0.01472	0.74403	0.01883	0.01637	0.01189	0.00607	0.00494	0.00152	0.00427	0.00490	0.00600	0.00836
25	0.56960	0.00870	0.00762	0.00664	0.00948	0.00962	0.00541	0.05108	0.01010	0.11704	0.01023	0.01105	0.00758	0.00502	0.00343	0.00145	0.00366	0.00336	0.15323	0.00571
26	0.84556	0.02540	0.00758	0.00650	0.00956	0.01119	0.00538	0.01445	0.00839	0.02185	0.00684	0.00798	0.00534	0.00455	0.00304	0.00151	0.00383	0.00266	0.00302	0.00534
27	0.00597	0.00498	0.00520	0.00515	0.00674	0.00422	0.00386	0.00737	0.01158	0.01419	0.15509	0.04580	0.68877	0.01211	0.00581	0.00164	0.00247	0.01016	0.00468	0.00422
28	0.01159	0.01059	0.01672	0.40507	0.14813	0.03923	0.10887	0.07680	0.04040	0.04100	0.01058	0.01442	0.00826	0.00520	0.00504	0.00159	0.00634	0.02804	0.01579	0.00635
29	0.01860	0.01625	0.01454	0.01166	0.01523	0.21913	0.00938	0.58452	0.02074	0.02610	0.01072	0.01104	0.00784	0.00568	0.00479	0.00142	0.00630	0.00410	0.00430	0.00767
30	0.01360	0.01040	0.01126	0.00989	0.01283	0.01172	0.00776	0.04966	0.67161	0.11358	0.01967	0.01794	0.01445	0.00657	0.00499	0.00164	0.00397	0.00545	0.00513	0.00787
31	0.01632	0.15374	0.04115	0.00995	0.05630	0.01037	0.00805	0.06676	0.08585	0.36504	0.08969	0.01763	0.04513	0.00628	0.00473	0.00145	0.00438	0.00507	0.00474	0.00736
32	0.02157	0.00826	0.01125	0.00866	0.01238	0.00714	0.00714	0.02348	0.01406	0.77525	0.04400	0.01736	0.01325	0.00621	0.00497	0.00152	0.00412	0.00507	0.00606	0.00824
33	0.01314	0.83025	0.02575	0.00841	0.01261	0.01945	0.00841	0.01472	0.00999	0.01156	0.00683	0.00788	0.00631	0.00420	0.00315	0.00105	0.00526	0.00263	0.00210	0.00631
34	0.01075	0.01075	0.01505	0.01290	0.01290	0.01505	0.01075	0.01183	0.00753	0.01183	0.00645	0.01075	0.00645	0.00860	0.01613	0.00215	0.81830	0.00430	0.00215	0.00538
35	0.02205	0.00836	0.01140	0.00874	0.01254	0.00722	0.00722	0.02395	0.01407	0.80004	0.01939	0.01673	0.01216	0.00608	0.00494	0.00152	0.00418	0.00494	0.00608	0.00836
36	0.02205	0.00836	0.01140	0.00874	0.01254	0.00722	0.00722	0.02395	0.01407	0.80004	0.01939	0.01673	0.01216	0.00608	0.00494	0.00152	0.00418	0.00494	0.00608	0.00836
37	0.01897	0.01330	0.01446	0.01109	0.01501	0.01456	0.00916	0.71566	0.02233	0.09666	0.01245	0.01222	0.00868	0.00591	0.00492	0.00148	0.00530	0.00447	0.00502	0.00836
38	0.01075	0.01075	0.01505	0.01290	0.01290	0.01505	0.01075	0.01183	0.00753	0.01183	0.00645	0.01075	0.00645	0.00860	0.01613	0.00215	0.81830	0.00430	0.00215	0.00538
39	0.00627	0.00517	0.00555	0.00567	0.00711	0.00461	0.00417	0.00823	0.05461	0.01398	0.09308	0.18156	0.56769	0.01248	0.00584	0.00171	0.00262	0.01064	0.00464	0.00436
40	0.86201	0.00950	0.00722	0.00646	0.00950	0.01102	0.00532	0.01445	0.00836	0.02205	0.00684	0.00798	0.00532	0.00456	0.00304	0.00152	0.00380	0.00266	0.00304	0.00532
41	0.01216	0.01168	0.01995	0.03016	0.79664	0.01168	0.01508	0.01508	0.01119	0.01605	0.00924	0.01216	0.00778	0.00438	0.00487	0.00146	0.00584	0.00438	0.00243	0.00778
42	0.02159	0.00847	0.01139	0.00880	0.01256	0.00746	0.00725	0.02405	0.05043	0.76341	0.01942	0.01680	0.01230	0.00611	0.00494	0.00153	0.00417	0.00497	0.00603	0.00834
43	0.03576	0.01170	0.01238	0.00978	0.01323	0.03713	0.00798	0.50110	0.01917	0.13081	0.01926	0.01853	0.14699	0.00702	0.00502	0.00151	0.00480	0.00546	0.00489	0.00747
44	0.86201	0.00950	0.00722	0.00646	0.00950	0.01102	0.00532	0.01445	0.00836	0.02205	0.00684	0.00798	0.00532	0.00456	0.00304	0.00152	0.00380	0.00266	0.00304	0.00532
45	0.00604	0.00451	0.00563	0.00650	0.00715	0.00411	0.00452	0.00705	0.00993	0.01282	0.03245	0.60250	0.21426	0.01461	0.00619	0.00193	0.00284	0.04834	0.00456	0.00405
46	0.07767	0.00671	0.00801	0.00770	0.00929	0.00669	0.00571	0.12333	0.01227	0.12850	0.06862	0.47815	0.02477	0.01150	0.00560	0.00179	0.00346	0.01009	0.00476	0.00540
47	0.00850	0.00628	0.00692	0.00751	0.00831	0.07291	0.00522	0.00948	0.01022	0.08371	0.02472	0.68146	0.02843	0.01367	0.00599	0.00189	0.00348	0.01223	0.00453	0.00453
48	0.00599	0.00428	0.00570	0.00684	0.00713	0.00399	0.00456	0.00684	0.00941	0.01254	0.02709	0.82409	0.03250	0.01540	0.00627	0.00200	0.00285	0.01397	0.00456	0.00399
49	0.00598	0.00431	0.00567	0.00675	0.00710	0.00400	0.00452	0.00685	0.00950	0.01258	0.02825	0.78436	0.07148	0.01525	0.00625	0.00198	0.00283	0.01379	0.00456	0.00400
50	0.01096	0.01135	0.06186	0.32114	0.46964	0.01138	0.01472	0.01417	0.01064	0.01473	0.00903	0.01241	0.00724	0.00459	0.00487	0.00153	0.00618	0.00433	0.00232	0.00689
51	0.19458	0.01163	0.01241	0.00971	0.01342	0.01251	0.00802	0.44592	0.01795	0.20739	0.01253	0.01215	0.00861	0.00566	0.00453	0.00149	0.00479	0.00418	0.00480	0.00773
52	0.00844	0.00662	0.00772	0.00794	0.00918	0.00698	0.00572	0.04895	0.24224	0.01582	0.02497	0.52108	0.05021	0.01225	0.00581	0.00186	0.00327	0.01090	0.00471	0.00533
53	0.01104	0.00888	0.01034	0.00761	0.01180	0.00710	0.00608	0.01427	0.08072	0.06039	0.01035	0.01129	0.00825	0.00405	0.00384	0.00086	0.00369	0.00326	0.00328	0.73291
54	0.00912	0.00655	0.00942	0.00886	0.00988	0.00770	0.00712	0.01085	0.00908	0.08362	0.06541	0.02177	0.01485	0.02522	0.47110	0.00538	0.15583	0.07007	0.00320	0.00495
55	0.01075	0.01075	0.01505	0.01290	0.01290	0.01505	0.01075	0.01183	0.00753	0.01183	0.00645	0.01075	0.00645	0.00860	0.01613	0.00215	0.81830	0.00430	0.00215	0.00538
56	0.09665	0.00932	0.01098	0.00869	0.01201	0.00927	0.00710	0.22223	0.01570	0.39208	0.09896	0.01684	0.01420	0.00630	0.00476	0.00149	0.00416	0.00499	0.05682	0.00745
57	0.05388	0.01302	0.01384	0.08507	0.08266	0.11099	0.00957	0.35789	0.07348	0.10318	0.01247	0.04042	0.00947	0.00592	0.00482	0.00150	0.00558	0.00465	0.00419	0.00739
58	0.01033	0.01021	0.01829	0.48319	0.18257	0.01152	0.14833	0.01358	0.01030	0.01378	0.00894	0.01283	0.00695	0.00484	0.00558	0.00163	0.04410	0.00462	0.00228	0.00612
59	0.04062	0.02936	0.03363	0.29070	0.03885	0.30969	0.09525	0.06297	0.02664	0.01440	0.00876	0.01122	0.00681	0.00494	0.00474	0.00147	0.00738	0.00400	0.00259	0.00599
60	0.18217	0.00927	0.01277	0.50868	0.02498	0.02834	0.01105	0.02876	0.00994	0.01519	0.05225	0.01308	0.00856	0.00545	0.00546	0.00164	0.07012	0.00425	0.00260	0.00544

[dist]
# distance from previous block
# <min> <max>
0	2

[block]
# block no. 6 follows, 51 sequences, length 17
# corresponding to MSA columns:
# 337-353
name=unknown_G
#
# <colnr> <probs for GDERKNQSTAVLIFYWHMCP>
#	G	D	E	R	K	N	Q	S	T	A	V	L	I	F	Y	W	H	M	C	P
0	0.01317	0.00995	0.01068	0.00860	0.01171	0.03293	0.00685	0.27536	0.08480	0.03849	0.07202	0.05411	0.01333	0.00612	0.00451	0.00128	0.00410	0.00494	0.12508	0.22198
1	0.00730	0.00568	0.00844	0.00827	0.00909	0.00681	0.00649	0.00901	0.00787	0.01144	0.01266	0.01866	0.01185	0.03473	0.74823	0.00747	0.07377	0.00519	0.00260	0.00446
2	0.00598	0.00489	0.00530	0.00548	0.00687	0.00420	0.00405	0.00728	0.01112	0.01368	0.10149	0.17128	0.59412	0.01277	0.00591	0.00172	0.00259	0.03246	0.00463	0.00417
3	0.01019	0.00873	0.01019	0.00728	0.01165	0.00655	0.00582	0.01237	0.01019	0.01601	0.00873	0.01019	0.00728	0.00364	0.00364	0.00073	0.00364	0.00291	0.00291	0.85734
4	0.01462	0.00765	0.01025	0.05084	0.05581	0.00729	0.00716	0.05004	0.06384	0.36244	0.08041	0.18171	0.06934	0.00854	0.00533	0.00164	0.00391	0.00736	0.00510	0.00671
5	0.01354	0.32661	0.22073	0.01363	0.13230	0.05771	0.01198	0.09202	0.01204	0.06381	0.00901	0.01015	0.00707	0.00468	0.00415	0.00132	0.00600	0.00350	0.00269	0.00707
6	0.00679	0.00508	0.00633	0.00619	0.00736	0.00470	0.00457	0.00909	0.03651	0.01768	0.54148	0.14646	0.16731	0.01108	0.00584	0.00163	0.00247	0.00973	0.00514	0.00456
7	0.02019	0.00816	0.01075	0.00844	0.01193	0.00732	0.00691	0.02294	0.06627	0.67486	0.01912	0.01698	0.01240	0.00609	0.00481	0.00150	0.00399	0.00495	0.08442	0.00797
8	0.07360	0.01509	0.27395	0.01078	0.01558	0.01047	0.01106	0.16392	0.03914	0.28964	0.03918	0.01380	0.01023	0.00562	0.00475	0.00153	0.00534	0.00440	0.00427	0.00765
9	0.01246	0.03645	0.10907	0.09170	0.52406	0.11146	0.01444	0.01548	0.01129	0.01508	0.00888	0.01151	0.00728	0.00454	0.00475	0.00145	0.00643	0.00409	0.00237	0.00723
10	0.01054	0.00993	0.01366	0.01180	0.01195	0.01366	0.00978	0.01178	0.00790	0.01269	0.00772	0.01176	0.00727	0.00822	0.01444	0.00202	0.70992	0.00434	0.11536	0.00527
11	0.81477	0.01028	0.00760	0.00681	0.00982	0.05563	0.00556	0.01474	0.00867	0.02149	0.00688	0.00803	0.00538	0.00459	0.00312	0.00151	0.00408	0.00269	0.00301	0.00534
12	0.00691	0.00458	0.00611	0.00684	0.00742	0.00424	0.00470	0.00803	0.01029	0.05217	0.13742	0.67087	0.03351	0.01417	0.00614	0.00191	0.00284	0.01279	0.00476	0.00430
13	0.00860	0.00564	0.00705	0.00723	0.00829	0.00543	0.00515	0.08434	0.01147	0.07747	0.07813	0.55553	0.07600	0.03693	0.00652	0.00194	0.00321	0.01155	0.00473	0.00479
14	0.02196	0.05459	0.06463	0.02806	0.01197	0.00826	0.07270	0.01411	0.15551	0.05348	0.29352	0.08626	0.09799	0.00847	0.00536	0.00160	0.00388	0.00744	0.00445	0.00577
15	0.01107	0.01540	0.25162	0.12807	0.25548	0.01186	0.09039	0.02916	0.08604	0.01588	0.01006	0.01238	0.00776	0.00498	0.00551	0.00159	0.04869	0.00441	0.00257	0.00708
16	0.02857	0.19354	0.21771	0.07410	0.01963	0.01355	0.20402	0.05745	0.01109	0.03166	0.00944	0.02374	0.00764	0.00518	0.00555	0.00154	0.06728	0.01922	0.00254	0.00656

[dist]
# distance from previous block
# <min> <max>
6	12

[block]
# block no. 7 follows, 51 sequences, length 25
# corresponding to MSA columns:
# 366-390
name=unknown_H
#
# <colnr> <probs for GDERKNQSTAVLIFYWHMCP>
#	G	D	E	R	K	N	Q	S	T	A	V	L	I	F	Y	W	H	M	C	P
0	0.14079	0.06706	0.01435	0.41844	0.06561	0.01206	0.01098	0.11936	0.04409	0.03372	0.00946	0.01197	0.00715	0.00499	0.00449	0.00153	0.00563	0.00403	0.00291	0.02138
1	0.02820	0.12262	0.67185	0.01310	0.01983	0.01247	0.01649	0.03403	0.01060	0.01559	0.00861	0.01006	0.00627	0.00464	0.00446	0.00149	0.00690	0.00351	0.00217	0.00713
2	0.36917	0.04598	0.06064	0.06558	0.08174	0.02192	0.00855	0.08111	0.01141	0.18343	0.01035	0.01105	0.00744	0.00506	0.00421	0.00151	0.01701	0.00364	0.00360	0.00661
3	0.00615	0.00439	0.00581	0.00671	0.00711	0.00410	0.00453	0.00719	0.00998	0.01346	0.13379	0.69295	0.03404	0.03646	0.00671	0.00201	0.00283	0.01308	0.00464	0.00405
4	0.01296	0.00900	0.01004	0.12149	0.01362	0.04691	0.00713	0.18257	0.02659	0.08467	0.01315	0.01460	0.00989	0.00542	0.00419	0.00128	0.00424	0.00430	0.32129	0.10666
5	0.01480	0.45106	0.08990	0.03048	0.01470	0.20183	0.00967	0.07187	0.01208	0.05127	0.00820	0.00917	0.00674	0.00468	0.00384	0.00121	0.00627	0.00313	0.00260	0.00647
6	0.01993	0.00800	0.01079	0.00845	0.01190	0.00702	0.00691	0.02216	0.03210	0.68402	0.11652	0.01927	0.01652	0.00659	0.00505	0.00153	0.00394	0.00545	0.00597	0.00788
7	0.00805	0.00527	0.00692	0.00637	0.00772	0.00482	0.00482	0.01034	0.01392	0.07633	0.73783	0.03526	0.04389	0.00976	0.00573	0.00154	0.00245	0.00860	0.00546	0.00491
8	0.00776	0.00581	0.00721	0.00687	0.00697	0.00661	0.00460	0.00814	0.00739	0.01031	0.01411	0.05034	0.01582	0.58983	0.08004	0.00440	0.14531	0.00667	0.01825	0.00355
9	0.01048	0.11095	0.62546	0.01531	0.11189	0.01231	0.01674	0.01541	0.01043	0.01519	0.00865	0.01032	0.00642	0.00458	0.00453	0.00149	0.00688	0.00361	0.00212	0.00722
10	0.00706	0.00524	0.00671	0.00694	0.00819	0.00489	0.00560	0.00913	0.01243	0.01661	0.36880	0.04550	0.19575	0.01179	0.00615	0.00182	0.00313	0.27483	0.00492	0.00450
11	0.02205	0.00836	0.01140	0.00874	0.01254	0.00722	0.00722	0.02395	0.01407	0.80004	0.01939	0.01673	0.01216	0.00608	0.00494	0.00152	0.00418	0.00494	0.00608	0.00836
12	0.06329	0.05203	0.01413	0.01042	0.01411	0.01444	0.00865	0.64637	0.02075	0.02864	0.01160	0.01188	0.00840	0.00573	0.00462	0.00143	0.00509	0.00425	0.06633	0.00782
13	0.00960	0.00563	0.00729	0.00657	0.00821	0.00509	0.00504	0.01166	0.01338	0.15941	0.53978	0.03435	0.10664	0.03957	0.00637	0.00169	0.00281	0.02636	0.00534	0.00520
14	0.02205	0.00836	0.01140	0.00874	0.01254	0.00722	0.00722	0.02395	0.01407	0.80004	0.01939	0.01673	0.01216	0.00608	0.00494	0.00152	0.00418	0.00494	0.00608	0.00836
15	0.03075	0.04557	0.08200	0.03968	0.14239	0.43350	0.01094	0.05182	0.01298	0.01444	0.05060	0.01132	0.00881	0.00533	0.00505	0.00139	0.04068	0.00382	0.00271	0.00623
16	0.06372	0.02060	0.01044	0.00821	0.01141	0.00744	0.00672	0.05762	0.01383	0.53306	0.11844	0.03434	0.05462	0.00716	0.00504	0.00155	0.00391	0.02903	0.00557	0.00730
17	0.01075	0.01075	0.01505	0.01290	0.01290	0.01505	0.01075	0.01183	0.00753	0.01183	0.00645	0.01075	0.00645	0.00860	0.01613	0.00215	0.81830	0.00430	0.00215	0.00538
18	0.00598	0.00430	0.00568	0.00678	0.00711	0.00400	0.00454	0.00685	0.00946	0.01257	0.02779	0.79998	0.05615	0.01530	0.00626	0.00199	0.00284	0.01386	0.00456	0.00400
19	0.01060	0.10693	0.14491	0.03986	0.04281	0.03466	0.33032	0.01391	0.01093	0.01470	0.05440	0.12321	0.01257	0.00628	0.00561	0.00161	0.03158	0.00616	0.00280	0.00616
20	0.04806	0.01170	0.01886	0.02717	0.67837	0.01203	0.01410	0.07046	0.01180	0.01723	0.00923	0.01191	0.00767	0.00465	0.00521	0.00149	0.03548	0.00431	0.00263	0.00763
21	0.06743	0.00842	0.01118	0.00862	0.01238	0.00743	0.00712	0.02344	0.01376	0.75801	0.01871	0.01625	0.01180	0.00600	0.00484	0.00152	0.00416	0.00482	0.00592	0.00820
22	0.00957	0.00931	0.01655	0.71476	0.03281	0.01111	0.11062	0.01296	0.01005	0.01296	0.00889	0.01312	0.00667	0.00482	0.00503	0.00164	0.00677	0.00455	0.00222	0.00561
23	0.04410	0.03822	0.44346	0.01383	0.07552	0.01103	0.05392	0.06968	0.01203	0.15537	0.02971	0.01236	0.00853	0.00507	0.00474	0.00153	0.00625	0.00415	0.00314	0.00738
24	0.00630	0.00452	0.00604	0.00715	0.00761	0.00427	0.00509	0.00739	0.00976	0.01291	0.02749	0.67971	0.05109	0.01503	0.00634	0.00203	0.00311	0.13552	0.00456	0.00408

[dist]
# distance from previous block
# <min> <max>
5	14

[block]
# block no. 8 follows, 51 sequences, length 33
# corresponding to MSA columns:
# 405-437
name=unknown_I
#
# <colnr> <probs for GDERKNQSTAVLIFYWHMCP>
#	G	D	E	R	K	N	Q	S	T	A	V	L	I	F	Y	W	H	M	C	P
0	0.02192	0.00857	0.01153	0.00884	0.01265	0.00753	0.00730	0.05311	0.01441	0.77039	0.01909	0.01654	0.01202	0.00608	0.00494	0.00152	0.00423	0.00492	0.00604	0.00836
1	0.00893	0.00721	0.01046	0.20167	0.11950	0.00759	0.00832	0.05911	0.01151	0.03054	0.13760	0.21226	0.10285	0.03817	0.00614	0.00178	0.00425	0.00807	0.01874	0.00530
2	0.01087	0.00914	0.01114	0.00934	0.07506	0.00736	0.00674	0.03122	0.03511	0.03384	0.00944	0.01079	0.00770	0.00390	0.00384	0.00085	0.00388	0.00319	0.00306	0.72353
3	0.00737	0.00511	0.00653	0.00612	0.00733	0.00469	0.00455	0.00944	0.01328	0.04375	0.66314	0.03656	0.09928	0.06295	0.00701	0.00176	0.00255	0.00876	0.00521	0.00461
4	0.00618	0.00440	0.00582	0.00689	0.00721	0.00415	0.00467	0.00707	0.00938	0.01249	0.02627	0.72418	0.03129	0.06778	0.00752	0.00219	0.00308	0.06102	0.00446	0.00396
5	0.00599	0.00428	0.00570	0.00684	0.00713	0.00399	0.00456	0.00684	0.00941	0.01254	0.02709	0.82409	0.03250	0.01540	0.00627	0.00200	0.00285	0.01397	0.00456	0.00399
6	0.01056	0.00966	0.02503	0.00901	0.01317	0.00794	0.07172	0.03259	0.01046	0.01608	0.00876	0.01053	0.00725	0.00410	0.00473	0.00094	0.06034	0.00330	0.00286	0.69097
7	0.07408	0.00889	0.01143	0.00882	0.01258	0.00814	0.00728	0.08776	0.01448	0.68610	0.01796	0.01576	0.01141	0.00597	0.00482	0.00152	0.00426	0.00476	0.00579	0.00817
8	0.00686	0.00499	0.00645	0.00615	0.00730	0.00459	0.00459	0.00906	0.01359	0.01908	0.72447	0.06949	0.08418	0.01039	0.00582	0.00157	0.00235	0.00917	0.00533	0.00459
9	0.06055	0.00884	0.01026	0.00763	0.01173	0.00727	0.00613	0.01510	0.06094	0.13307	0.01094	0.01156	0.00839	0.00425	0.00389	0.00095	0.00375	0.00337	0.00352	0.62786
10	0.01602	0.00797	0.01011	0.00831	0.01119	0.00759	0.00665	0.05520	0.13030	0.42027	0.24473	0.02256	0.02237	0.00732	0.00520	0.00155	0.00365	0.00616	0.00567	0.00719
11	0.20423	0.06410	0.02351	0.01707	0.05092	0.01253	0.52544	0.01536	0.01075	0.01692	0.00902	0.01168	0.00691	0.00425	0.00497	0.00158	0.00698	0.00483	0.00258	0.00636
12	0.00762	0.00703	0.05809	0.10523	0.01169	0.00618	0.00671	0.01077	0.05264	0.01815	0.55650	0.05640	0.06561	0.00917	0.00559	0.00158	0.00325	0.00805	0.00473	0.00503
13	0.00653	0.00480	0.00624	0.00690	0.00753	0.00475	0.00490	0.00788	0.02647	0.01247	0.02580	0.45557	0.10937	0.09546	0.14655	0.00325	0.00491	0.06243	0.00409	0.00410
14	0.00608	0.00433	0.00575	0.00684	0.00714	0.00407	0.00459	0.00694	0.00937	0.01248	0.02660	0.77269	0.03181	0.04745	0.00703	0.00211	0.00297	0.03328	0.00450	0.00397
15	0.01343	0.68866	0.06917	0.00941	0.01380	0.01784	0.05012	0.01540	0.01035	0.06196	0.00791	0.00887	0.00673	0.00435	0.00349	0.00114	0.00546	0.00300	0.00237	0.00651
16	0.01817	0.01237	0.01362	0.01068	0.01441	0.01346	0.00875	0.53581	0.14596	0.15318	0.01435	0.01366	0.01005	0.00605	0.00493	0.00151	0.00496	0.00469	0.00512	0.00826
