[name]
unknown

[dist]
# distance from previous block
# <min> <max>
22	240

[block]
# block no. 0 follows, 48 sequences, length 14
# corresponding to MSA columns:
# 495-508
name=unknown_A
#
# <colnr> <probs for GDERKNQSTAVLIFYWHMCP>
#	G	D	E	R	K	N	Q	S	T	A	V	L	I	F	Y	W	H	M	C	P
0	0.08966	0.04601	0.22683	0.01448	0.15446	0.01079	0.02108	0.06314	0.01135	0.02949	0.02856	0.10949	0.01174	0.00907	0.06707	0.00212	0.03775	0.00543	0.00308	0.05839
1	0.09973	0.10131	0.12826	0.16444	0.06756	0.03293	0.01001	0.04486	0.01066	0.01538	0.05039	0.04547	0.01221	0.16599	0.00886	0.00221	0.00566	0.00516	0.00294	0.02598
2	0.01210	0.01173	0.09467	0.02196	0.01343	0.06103	0.04434	0.18883	0.03554	0.04339	0.17261	0.14810	0.03655	0.04148	0.00691	0.00184	0.03893	0.01593	0.00436	0.00627
3	0.00721	0.00746	0.09053	0.05985	0.01096	0.00567	0.00683	0.00892	0.01018	0.01379	0.05194	0.52134	0.07816	0.05100	0.00701	0.00204	0.00381	0.01142	0.00419	0.04771
4	0.01004	0.00796	0.04943	0.12923	0.03550	0.00736	0.00778	0.04455	0.04135	0.08919	0.39298	0.08056	0.03051	0.04305	0.00655	0.00180	0.00397	0.00773	0.00474	0.00572
5	0.00874	0.00607	0.00753	0.00716	0.00850	0.00586	0.00531	0.09005	0.01370	0.03874	0.39263	0.21533	0.10156	0.01192	0.00696	0.05703	0.00309	0.00973	0.00511	0.00498
6	0.01012	0.09569	0.01661	0.72237	0.03298	0.01235	0.01367	0.01335	0.01028	0.01300	0.00891	0.01310	0.00681	0.00505	0.00493	0.00164	0.00670	0.00437	0.00227	0.00579
7	0.00989	0.00830	0.01331	0.60494	0.02860	0.00981	0.01194	0.01279	0.01067	0.06387	0.01596	0.08299	0.09229	0.00694	0.00535	0.00173	0.00591	0.00608	0.00301	0.00563
8	0.04788	0.00911	0.01103	0.07276	0.01405	0.00749	0.00688	0.01434	0.01097	0.10077	0.01024	0.01153	0.00800	0.00423	0.00403	0.00096	0.00412	0.00338	0.00334	0.65489
9	0.01083	0.04912	0.01125	0.19391	0.01612	0.00879	0.00834	0.04076	0.10246	0.09623	0.23188	0.06537	0.05639	0.00867	0.00560	0.00172	0.00436	0.07771	0.00453	0.00598
10	0.01180	0.00937	0.06265	0.01408	0.19694	0.00805	0.00943	0.01449	0.03504	0.13884	0.04753	0.06433	0.05357	0.09465	0.00777	0.00206	0.00485	0.15209	0.00405	0.06840
11	0.01212	0.25610	0.26473	0.07592	0.01796	0.01299	0.04760	0.01551	0.01113	0.07510	0.04309	0.03697	0.00984	0.00531	0.00449	0.00140	0.00594	0.00424	0.00285	0.09672
12	0.02561	0.04564	0.05156	0.00943	0.01247	0.06240	0.00783	0.26160	0.01594	0.10513	0.13784	0.04067	0.03710	0.10179	0.02271	0.00204	0.00514	0.00588	0.00449	0.04472
13	0.01572	0.07192	0.03161	0.00938	0.01311	0.02126	0.00788	0.26017	0.02557	0.18398	0.01815	0.04720	0.09788	0.00760	0.02504	0.00160	0.00490	0.00540	0.00460	0.14705

[dist]
# distance from previous block
# <min> <max>
3	57

[block]
# block no. 1 follows, 48 sequences, length 12
# corresponding to MSA columns:
# 613-624
name=unknown_B
#
# <colnr> <probs for GDERKNQSTAVLIFYWHMCP>
#	G	D	E	R	K	N	Q	S	T	A	V	L	I	F	Y	W	H	M	C	P
0	0.04387	0.06831	0.18793	0.05882	0.07548	0.01036	0.01045	0.07947	0.06579	0.05829	0.17716	0.02092	0.06566	0.02759	0.02654	0.00184	0.00526	0.00580	0.00386	0.00659
1	0.05313	0.05858	0.05221	0.01194	0.09833	0.04807	0.00887	0.18697	0.05336	0.07179	0.08431	0.06390	0.02824	0.02123	0.08267	0.02292	0.00588	0.00560	0.00401	0.03797
2	0.13536	0.03387	0.13349	0.02585	0.09709	0.08459	0.01070	0.20655	0.03724	0.06022	0.01172	0.02667	0.00940	0.00756	0.04550	0.00190	0.00628	0.03348	0.00364	0.02888
3	0.09581	0.01214	0.03733	0.08801	0.03685	0.03561	0.00920	0.32873	0.06160	0.06644	0.03698	0.06331	0.01142	0.00640	0.00492	0.00153	0.00517	0.00508	0.00429	0.08918
4	0.16681	0.01340	0.05159	0.01016	0.01364	0.08857	0.00846	0.34212	0.03189	0.07899	0.01241	0.04735	0.01004	0.06742	0.00632	0.00180	0.00545	0.00477	0.00424	0.03457
5	0.14040	0.01000	0.01183	0.09110	0.06990	0.02982	0.00828	0.10300	0.02664	0.16716	0.03739	0.01667	0.04958	0.00599	0.00468	0.00144	0.00469	0.02885	0.00407	0.18849
6	0.00708	0.00736	0.08260	0.05503	0.01023	0.00565	0.00628	0.00878	0.01062	0.01360	0.05622	0.19172	0.34131	0.13216	0.00902	0.00230	0.00387	0.04747	0.00414	0.00455
7	0.09571	0.69536	0.02432	0.00876	0.01302	0.01919	0.00853	0.06074	0.01109	0.01435	0.00745	0.00849	0.00661	0.00453	0.00339	0.00117	0.00535	0.00286	0.00247	0.00661
8	0.05865	0.09670	0.04688	0.15727	0.06293	0.01013	0.02954	0.01856	0.01258	0.35072	0.07315	0.03515	0.01317	0.00616	0.00496	0.00157	0.00509	0.00514	0.00441	0.00725
9	0.54018	0.01209	0.03125	0.10481	0.01460	0.08283	0.00789	0.09722	0.03433	0.02166	0.00848	0.00989	0.00648	0.00507	0.00386	0.00158	0.00507	0.00336	0.00327	0.00608
10	0.00776	0.00558	0.00712	0.00785	0.00861	0.00550	0.00563	0.08153	0.01143	0.01521	0.02661	0.65529	0.03101	0.01491	0.00647	0.00206	0.00343	0.09453	0.00479	0.00467
11	0.01636	0.01590	0.16432	0.03603	0.05705	0.07627	0.01142	0.30264	0.10240	0.11938	0.01313	0.01350	0.00944	0.00688	0.03043	0.00179	0.00629	0.00458	0.00423	0.00796

[dist]
# distance from previous block
# <min> <max>
0	7

[block]
# block no. 2 follows, 48 sequences, length 7
# corresponding to MSA columns:
# 637-643
name=unknown_C
#
# <colnr> <probs for GDERKNQSTAVLIFYWHMCP>
#	G	D	E	R	K	N	Q	S	T	A	V	L	I	F	Y	W	H	M	C	P
0	0.00944	0.00579	0.00696	0.00684	0.00859	0.00512	0.00529	0.01090	0.01178	0.15014	0.03767	0.17092	0.38968	0.03991	0.00682	0.00197	0.00336	0.11873	0.00498	0.00509
1	0.00883	0.00941	0.12993	0.00786	0.00956	0.00743	0.00647	0.01231	0.14318	0.01295	0.01590	0.02749	0.01623	0.54960	0.01913	0.00388	0.00522	0.00660	0.00333	0.00469
2	0.29096	0.02103	0.53236	0.01201	0.01813	0.01178	0.01451	0.01586	0.01014	0.01850	0.00852	0.01000	0.00619	0.00484	0.00431	0.00161	0.00638	0.00346	0.00250	0.00691
3	0.01407	0.01175	0.01152	0.00882	0.01296	0.14588	0.00698	0.01614	0.01196	0.13724	0.01065	0.01147	0.00822	0.00446	0.00416	0.00099	0.00484	0.00342	0.00349	0.57098
4	0.31192	0.03852	0.23158	0.02894	0.04769	0.03943	0.03667	0.03929	0.01118	0.12707	0.01069	0.03764	0.00813	0.00542	0.00438	0.00159	0.00560	0.00408	0.00333	0.00682
5	0.29148	0.06009	0.01318	0.33804	0.02151	0.03167	0.03574	0.01487	0.04170	0.03903	0.01103	0.01441	0.02997	0.00560	0.00449	0.00164	0.00555	0.03116	0.00299	0.00587
6	0.09987	0.06425	0.01144	0.19545	0.04204	0.00913	0.00822	0.04931	0.02697	0.04273	0.15460	0.08098	0.01807	0.00928	0.00748	0.13458	0.00466	0.03206	0.00361	0.00528

[dist]
# distance from previous block
# <min> <max>
2	14

[block]
# block no. 3 follows, 48 sequences, length 20
# corresponding to MSA columns:
# 658-677
name=unknown_D
#
# <colnr> <probs for GDERKNQSTAVLIFYWHMCP>
#	G	D	E	R	K	N	Q	S	T	A	V	L	I	F	Y	W	H	M	C	P
0	0.24831	0.01252	0.12089	0.07618	0.13116	0.01091	0.13064	0.01593	0.02682	0.09161	0.01179	0.08030	0.00982	0.00587	0.00481	0.00166	0.00569	0.00513	0.00326	0.00668
1	0.11237	0.06013	0.54234	0.01348	0.04573	0.01174	0.03136	0.01538	0.01049	0.01663	0.02422	0.01179	0.00777	0.00753	0.06619	0.00211	0.00739	0.00393	0.00242	0.00701
2	0.01154	0.05619	0.01978	0.33108	0.39320	0.01240	0.07313	0.01475	0.01109	0.01506	0.00936	0.01292	0.00751	0.00476	0.00508	0.00159	0.00655	0.00458	0.00242	0.00700
3	0.01049	0.00912	0.01137	0.13004	0.01571	0.00754	0.00733	0.01295	0.01058	0.01617	0.00912	0.01111	0.00748	0.00400	0.00400	0.00091	0.00427	0.00327	0.00292	0.72162
4	0.00625	0.00447	0.00595	0.00714	0.00744	0.00417	0.00476	0.00714	0.00982	0.01310	0.02828	0.81633	0.03394	0.01608	0.00655	0.00208	0.00298	0.01459	0.00476	0.00417
5	0.09602	0.02621	0.01256	0.01272	0.16264	0.00938	0.00833	0.03906	0.09866	0.11871	0.02869	0.06464	0.03132	0.00595	0.00463	0.00136	0.00435	0.00498	0.00388	0.26592
6	0.00671	0.00522	0.00609	0.00587	0.00732	0.00460	0.00440	0.00861	0.01321	0.01746	0.44460	0.04346	0.39072	0.01165	0.00606	0.00167	0.00250	0.01000	0.00524	0.00460
7	0.01917	0.02445	0.01454	0.01322	0.01586	0.79907	0.00991	0.02049	0.01454	0.01256	0.00793	0.00925	0.00661	0.00529	0.00463	0.00132	0.00925	0.00330	0.00264	0.00595
8	0.00625	0.00447	0.00595	0.00714	0.00744	0.00417	0.00476	0.00714	0.00982	0.01310	0.02828	0.81633	0.03394	0.01608	0.00655	0.00208	0.00298	0.01459	0.00476	0.00417
9	0.01259	0.56112	0.27866	0.01070	0.01614	0.01755	0.01212	0.01566	0.01056	0.01344	0.00782	0.00909	0.00656	0.00455	0.00381	0.00127	0.00618	0.00309	0.00219	0.00691
10	0.00625	0.00447	0.00595	0.00714	0.00744	0.00417	0.00476	0.00714	0.00982	0.01310	0.02828	0.81633	0.03394	0.01608	0.00655	0.00208	0.00298	0.01459	0.00476	0.00417
11	0.06543	0.01005	0.05590	0.01013	0.01357	0.00891	0.06672	0.10610	0.02901	0.38877	0.01501	0.01537	0.01043	0.00824	0.00800	0.16676	0.00501	0.00483	0.00468	0.00707
12	0.00625	0.00447	0.00595	0.00714	0.00744	0.00417	0.00476	0.00714	0.00982	0.01310	0.02828	0.81633	0.03394	0.01608	0.00655	0.00208	0.00298	0.01459	0.00476	0.00417
13	0.00757	0.00586	0.00872	0.00857	0.00943	0.00700	0.00672	0.00936	0.00822	0.01194	0.01330	0.01960	0.01245	0.03663	0.75021	0.00787	0.06376	0.00543	0.00272	0.00465
14	0.01052	0.00967	0.01633	0.51536	0.25610	0.01110	0.01394	0.01339	0.01040	0.01387	0.00926	0.01354	0.00738	0.00595	0.00627	0.06743	0.00643	0.00456	0.00235	0.00615
15	0.02173	0.00845	0.01145	0.00888	0.01264	0.00731	0.00730	0.02371	0.01458	0.72957	0.05765	0.01948	0.03923	0.00676	0.00523	0.00159	0.00422	0.00554	0.00627	0.00841
16	0.01208	0.01156	0.01970	0.19187	0.63216	0.01203	0.01544	0.01520	0.01139	0.01601	0.00954	0.01290	0.00786	0.00469	0.00509	0.00156	0.00625	0.00457	0.00249	0.00763
17	0.02468	0.00554	0.00668	0.00661	0.00788	0.00524	0.00489	0.00989	0.05535	0.01781	0.42614	0.16399	0.18737	0.02789	0.00646	0.00181	0.00278	0.02901	0.00518	0.00479
18	0.00723	0.00572	0.00767	0.00817	0.00846	0.00627	0.00586	0.00816	0.00945	0.01287	0.02443	0.59753	0.04648	0.05771	0.00939	0.00226	0.14372	0.03000	0.00424	0.00438
19	0.08064	0.00966	0.01182	0.11550	0.01573	0.01017	0.00840	0.06237	0.23344	0.33253	0.01813	0.01721	0.02878	0.00637	0.00500	0.00164	0.00456	0.00517	0.02517	0.00772

[dist]
# distance from previous block
# <min> <max>
0	1

[block]
# block no. 4 follows, 48 sequences, length 62
# corresponding to MSA columns:
# 689-750
name=unknown_E
#
# <colnr> <probs for GDERKNQSTAVLIFYWHMCP>
#	G	D	E	R	K	N	Q	S	T	A	V	L	I	F	Y	W	H	M	C	P
0	0.01005	0.00975	0.01725	0.69484	0.05613	0.01160	0.10079	0.01357	0.01051	0.01360	0.00928	0.01367	0.00699	0.00502	0.00523	0.00171	0.00703	0.00473	0.00232	0.00591
1	0.03717	0.01663	0.01654	0.04439	0.32030	0.31392	0.01194	0.10426	0.01415	0.01715	0.03125	0.01212	0.00876	0.00525	0.00486	0.00145	0.00704	0.00418	0.02159	0.00705
2	0.10465	0.00574	0.00682	0.00673	0.00744	0.00627	0.00463	0.00898	0.00790	0.01219	0.01422	0.02563	0.01496	0.43194	0.31482	0.00582	0.00816	0.00618	0.00298	0.00394
3	0.01076	0.01318	0.13295	0.34812	0.08121	0.01173	0.25807	0.01477	0.01106	0.01517	0.00993	0.01350	0.00748	0.00483	0.00532	0.00167	0.00727	0.00494	0.04154	0.00649
4	0.00771	0.00591	0.00894	0.00843	0.00937	0.00636	0.05825	0.00918	0.00849	0.01185	0.01523	0.04779	0.01552	0.26046	0.46233	0.00641	0.01014	0.04032	0.00299	0.00431
5	0.03848	0.07605	0.15037	0.01531	0.15663	0.06553	0.08521	0.03230	0.02598	0.18865	0.03202	0.01513	0.04492	0.00559	0.00495	0.00151	0.00593	0.00478	0.00362	0.04705
6	0.01142	0.23613	0.49766	0.01392	0.02037	0.01427	0.10698	0.01604	0.01088	0.01516	0.00880	0.01051	0.00668	0.00468	0.00460	0.00150	0.00716	0.00379	0.00223	0.00724
7	0.02302	0.00873	0.01191	0.00913	0.01310	0.00754	0.00754	0.02501	0.01469	0.79122	0.02024	0.01746	0.01270	0.00635	0.00516	0.00159	0.00437	0.00516	0.00635	0.00873
8	0.01059	0.04843	0.58719	0.01570	0.05711	0.01191	0.10753	0.01583	0.01108	0.01610	0.01055	0.01445	0.00833	0.00542	0.00513	0.00167	0.00738	0.05591	0.00241	0.00730
9	0.01315	0.01705	0.26262	0.04558	0.28638	0.06515	0.08643	0.01719	0.02410	0.09589	0.03050	0.01326	0.00906	0.00508	0.00511	0.00158	0.00674	0.00458	0.00294	0.00759
10	0.00619	0.00503	0.00549	0.00574	0.00710	0.00433	0.00417	0.00748	0.01146	0.01416	0.09890	0.22656	0.55844	0.01353	0.00618	0.00181	0.00267	0.01159	0.00483	0.00433
11	0.00628	0.00448	0.00595	0.00711	0.00740	0.00419	0.00472	0.00715	0.00977	0.01302	0.02799	0.79748	0.03357	0.03542	0.00702	0.00215	0.00302	0.01442	0.00472	0.00414
12	0.01191	0.06872	0.21960	0.08536	0.07554	0.05857	0.27501	0.04984	0.01214	0.01626	0.02803	0.04284	0.02166	0.00540	0.00532	0.00162	0.00730	0.00527	0.00273	0.00688
13	0.01234	0.01328	0.05932	0.04599	0.50394	0.01240	0.24414	0.01592	0.01174	0.01655	0.00984	0.01298	0.00792	0.00452	0.00537	0.00160	0.00696	0.00498	0.00253	0.00768
14	0.00956	0.00478	0.00478	0.00478	0.00598	0.00478	0.00359	0.01196	0.01076	0.01913	0.01674	0.01913	0.01315	0.00598	0.00359	0.00120	0.00239	0.00478	0.84816	0.00478
15	0.00628	0.00526	0.00550	0.00559	0.00726	0.00448	0.00429	0.00771	0.01180	0.01420	0.07342	0.04972	0.70003	0.01301	0.00615	0.00178	0.00277	0.07160	0.00479	0.00438
16	0.01351	0.09636	0.01348	0.10145	0.03190	0.05488	0.00870	0.21157	0.01421	0.07848	0.02874	0.06131	0.01292	0.04648	0.14114	0.00286	0.00689	0.04520	0.02351	0.00642
17	0.00888	0.06363	0.00978	0.00893	0.04419	0.06847	0.00635	0.01033	0.00950	0.01255	0.07404	0.05968	0.03013	0.18908	0.37593	0.00533	0.00911	0.00631	0.00312	0.00468
18	0.00891	0.00446	0.00668	0.00668	0.00668	0.00446	0.00446	0.00668	0.00668	0.00891	0.00891	0.01560	0.00891	0.01783	0.02005	0.85071	0.00446	0.00446	0.00223	0.00223
19	0.01087	0.00925	0.01076	0.00771	0.01226	0.00707	0.00617	0.03226	0.01098	0.01712	0.00920	0.01068	0.00763	0.00386	0.00383	0.00078	0.00385	0.00308	0.00309	0.82954
20	0.01068	0.11779	0.70528	0.01395	0.02117	0.01288	0.01779	0.01615	0.01079	0.01577	0.00897	0.01053	0.00651	0.00482	0.00469	0.00156	0.00734	0.00367	0.00217	0.00747
21	0.01372	0.82276	0.02689	0.00878	0.01317	0.02030	0.00878	0.01536	0.01043	0.01207	0.00713	0.00823	0.00658	0.00439	0.00329	0.00110	0.00549	0.00274	0.00219	0.00658
22	0.85592	0.00992	0.00754	0.00675	0.00992	0.01151	0.00556	0.01508	0.00873	0.02302	0.00714	0.00834	0.00556	0.00476	0.00318	0.00159	0.00397	0.00278	0.00318	0.00556
23	0.00969	0.00912	0.01539	0.80734	0.03534	0.01140	0.01425	0.01311	0.01026	0.01311	0.00912	0.01368	0.00684	0.00513	0.00513	0.00171	0.00684	0.00456	0.00228	0.00570
24	0.02936	0.00956	0.01124	0.00833	0.01255	0.00812	0.00674	0.11216	0.01321	0.15234	0.04733	0.01327	0.01047	0.00487	0.00430	0.00106	0.00407	0.00389	0.00400	0.54312
25	0.00771	0.00577	0.00847	0.00836	0.00937	0.00671	0.00652	0.03281	0.00874	0.01255	0.01370	0.01991	0.01270	0.03748	0.77467	0.00804	0.01349	0.00547	0.00282	0.00471
26	0.00726	0.00524	0.00686	0.00646	0.00767	0.00484	0.00484	0.00968	0.01452	0.02058	0.78496	0.03833	0.04841	0.01049	0.00605	0.00161	0.00242	0.00928	0.00565	0.00484
27	0.02174	0.00901	0.01188	0.00924	0.01306	0.00814	0.00759	0.05913	0.05885	0.68580	0.04592	0.01803	0.01390	0.00652	0.00519	0.00160	0.00434	0.00531	0.00621	0.00856
28	0.00638	0.00467	0.00650	0.00747	0.00788	0.00436	0.02185	0.00735	0.00987	0.01317	0.02788	0.79839	0.03335	0.01581	0.00654	0.00208	0.00310	0.01440	0.00471	0.00423
29	0.85592	0.00992	0.00754	0.00675	0.00992	0.01151	0.00556	0.01508	0.00873	0.02302	0.00714	0.00834	0.00556	0.00476	0.00318	0.00159	0.00397	0.00278	0.00318	0.00556
30	0.01257	0.01197	0.01994	0.06528	0.69992	0.01219	0.01515	0.01642	0.06466	0.01692	0.01040	0.01319	0.00859	0.00476	0.00509	0.00155	0.00599	0.00466	0.00271	0.00802
31	0.00718	0.00517	0.00613	0.00641	0.00769	0.00460	0.00471	0.00854	0.01141	0.05119	0.10631	0.29561	0.38398	0.01411	0.02471	0.00201	0.00315	0.04767	0.00487	0.00456
32	0.00643	0.00461	0.00622	0.00722	0.00758	0.00447	0.00490	0.00740	0.00954	0.01283	0.02604	0.68915	0.03078	0.05009	0.10359	0.00294	0.00436	0.01321	0.00445	0.00418
33	0.06725	0.01224	0.01289	0.03395	0.06730	0.06266	0.00868	0.40549	0.04963	0.02518	0.04875	0.01594	0.03548	0.02926	0.00547	0.00161	0.00514	0.00497	0.10083	0.00728
34	0.01256	0.01205	0.02058	0.06741	0.75284	0.01215	0.01568	0.01563	0.01162	0.01659	0.00963	0.01274	0.00807	0.00460	0.00508	0.00153	0.00613	0.00457	0.00253	0.00802
35	0.01171	0.01319	0.02859	0.02062	0.02548	0.01237	0.71616	0.01579	0.01195	0.01621	0.01162	0.06936	0.00959	0.00514	0.00609	0.00175	0.00826	0.00665	0.00275	0.00673
36	0.09269	0.01375	0.01406	0.01115	0.01489	0.05026	0.00914	0.60028	0.03326	0.04299	0.01284	0.03612	0.00987	0.00653	0.00504	0.00158	0.00551	0.02714	0.00485	0.00806
37	0.01199	0.01146	0.01954	0.21545	0.60929	0.01200	0.01539	0.01512	0.01135	0.01590	0.00953	0.01293	0.00782	0.00470	0.00509	0.00157	0.00627	0.00457	0.00248	0.00755
38	0.00972	0.00729	0.00820	0.02206	0.00950	0.03803	0.00575	0.03642	0.13528	0.05055	0.14052	0.14021	0.04547	0.22661	0.04873	0.01861	0.00466	0.04296	0.00435	0.00509
39	0.07759	0.11257	0.01613	0.01124	0.01498	0.12258	0.09536	0.12093	0.05968	0.25951	0.04921	0.01448	0.01131	0.00582	0.00486	0.00151	0.00572	0.00469	0.00440	0.00743
40	0.01137	0.07963	0.58377	0.01638	0.11568	0.01243	0.04879	0.01645	0.01110	0.04422	0.00957	0.01125	0.00699	0.00483	0.00485	0.00158	0.00718	0.00396	0.00238	0.00759
41	0.02302	0.00873	0.01191	0.00913	0.01310	0.00754	0.00754	0.02501	0.01469	0.79122	0.02024	0.01746	0.01270	0.00635	0.00516	0.00159	0.00437	0.00516	0.00635	0.00873
42	0.00978	0.00921	0.01555	0.78409	0.05789	0.01142	0.01429	0.01319	0.01030	0.01322	0.00914	0.01365	0.00688	0.00511	0.00513	0.00170	0.00682	0.00456	0.00229	0.00577
43	0.01714	0.03386	0.08235	0.01103	0.06693	0.00952	0.00896	0.11014	0.06960	0.37757	0.06947	0.02012	0.08620	0.00695	0.00522	0.00159	0.00465	0.00571	0.00517	0.00782
44	0.00880	0.00560	0.00725	0.00669	0.00822	0.00508	0.00510	0.01104	0.01415	0.09994	0.61297	0.05291	0.10763	0.01046	0.00599	0.00164	0.00269	0.02303	0.00561	0.00519
45	0.00734	0.00546	0.00806	0.00806	0.00892	0.00631	0.00619	0.00904	0.00819	0.01178	0.01391	0.02109	0.01323	0.09253	0.74585	0.00802	0.01314	0.00563	0.00277	0.00448
46	0.01066	0.02603	0.77048	0.01447	0.02194	0.01179	0.01863	0.01650	0.01094	0.03868	0.00953	0.01102	0.00668	0.00492	0.00488	0.00162	0.00749	0.00383	0.00229	0.00762
47	0.01179	0.06723	0.01918	0.28210	0.46410	0.01251	0.01453	0.01523	0.03569	0.01540	0.00966	0.01292	0.00784	0.00482	0.00498	0.00156	0.00623	0.00448	0.00252	0.00723
48	0.85592	0.00992	0.00754	0.00675	0.00992	0.01151	0.00556	0.01508	0.00873	0.02302	0.00714	0.00834	0.00556	0.00476	0.00318	0.00159	0.00397	0.00278	0.00318	0.00556
49	0.01041	0.00560	0.00569	0.00538	0.00683	0.00573	0.00411	0.07676	0.01190	0.02026	0.01636	0.01855	0.01277	0.00599	0.00372	0.00123	0.00267	0.00477	0.77615	0.00512
50	0.01211	0.01384	0.03028	0.02163	0.02682	0.01298	0.76903	0.01644	0.01211	0.01644	0.01038	0.01384	0.00779	0.00433	0.00606	0.00173	0.00865	0.00606	0.00260	0.00692
51	0.02289	0.00894	0.01204	0.00923	0.01320	0.00785	0.00762	0.05243	0.01503	0.76331	0.01995	0.01728	0.01256	0.00634	0.00516	0.00159	0.00441	0.00514	0.00631	0.00873
52	0.01235	0.01031	0.01107	0.00996	0.01269	0.01174	0.00773	0.02520	0.67459	0.03776	0.10844	0.02131	0.01935	0.00735	0.00531	0.00172	0.00388	0.00619	0.00529	0.00776
53	0.01177	0.01362	0.04989	0.11134	0.02744	0.01281	0.64871	0.01598	0.01179	0.01598	0.01014	0.01369	0.00762	0.00451	0.00610	0.00173	0.02177	0.00579	0.00254	0.00678
54	0.85592	0.00992	0.00754	0.00675	0.00992	0.01151	0.00556	0.01508	0.00873	0.02302	0.00714	0.00834	0.00556	0.00476	0.00318	0.00159	0.00397	0.00278	0.00318	0.00556
55	0.01050	0.07451	0.74693	0.01427	0.02166	0.01242	0.01834	0.01620	0.01081	0.01600	0.00908	0.01068	0.00650	0.00485	0.00478	0.00159	0.00746	0.00373	0.00217	0.00752
56	0.01917	0.02445	0.01454	0.01322	0.01586	0.79907	0.00991	0.02049	0.01454	0.01256	0.00793	0.00925	0.00661	0.00529	0.00463	0.00132	0.00925	0.00330	0.00264	0.00595
57	0.01574	0.00965	0.01164	0.00862	0.01293	0.00820	0.00701	0.11123	0.01363	0.26884	0.01311	0.01305	0.00939	0.00492	0.00441	0.00112	0.00421	0.00392	0.00437	0.47401
58	0.00734	0.00548	0.00814	0.00814	0.00901	0.00635	0.00628	0.00909	0.00821	0.01183	0.01385	0.02072	0.01307	0.07114	0.76701	0.00811	0.01338	0.00558	0.00276	0.00452
59	0.00607	0.00518	0.00522	0.00526	0.00695	0.00433	0.00393	0.00736	0.01164	0.01384	0.05124	0.07320	0.76224	0.01309	0.00608	0.00174	0.00261	0.01095	0.00476	0.00433
60	0.00891	0.00446	0.00668	0.00668	0.00668	0.00446	0.00446	0.00668	0.00668	0.00891	0.00891	0.01560	0.00891	0.01783	0.02005	0.85071	0.00446	0.00446	0.00223	0.00223
61	0.01211	0.01384	0.03028	0.02163	0.02682	0.01298	0.76903	0.01644	0.01211	0.01644	0.01038	0.01384	0.00779	0.00433	0.00606	0.00173	0.00865	0.00606	0.00260	0.00692

[dist]
# distance from previous block
# <min> <max>
0	14

[block]
# block no. 5 follows, 48 sequences, length 144
# corresponding to MSA columns:
# 765-826,832-863,866-882,885-917
name=unknown_F
#
# <colnr> <probs for GDERKNQSTAVLIFYWHMCP>
#	G	D	E	R	K	N	Q	S	T	A	V	L	I	F	Y	W	H	M	C	P
0	0.01139	0.00532	0.00575	0.00537	0.00695	0.00516	0.00412	0.01373	0.01129	0.12401	0.01721	0.01890	0.01309	0.00603	0.00380	0.00125	0.00266	0.00483	0.73381	0.00532
1	0.00891	0.00446	0.00668	0.00668	0.00668	0.00446	0.00446	0.00668	0.00668	0.00891	0.00891	0.01560	0.00891	0.01783	0.02005	0.85071	0.00446	0.00446	0.00223	0.00223
2	0.02302	0.00873	0.01191	0.00913	0.01310	0.00754	0.00754	0.02501	0.01469	0.79122	0.02024	0.01746	0.01270	0.00635	0.00516	0.00159	0.00437	0.00516	0.00635	0.00873
3	0.00705	0.00524	0.00657	0.00623	0.00754	0.00475	0.00467	0.00927	0.01402	0.01939	0.65556	0.04028	0.17855	0.01093	0.00605	0.00163	0.00245	0.00955	0.00549	0.00475
4	0.00630	0.00450	0.00601	0.00720	0.00752	0.00421	0.00485	0.00723	0.00987	0.01315	0.02825	0.79752	0.03383	0.01603	0.00656	0.00209	0.00302	0.03290	0.00476	0.00418
5	0.01029	0.02654	0.79309	0.01462	0.02221	0.01192	0.01896	0.01625	0.01083	0.01625	0.00921	0.01083	0.00650	0.00487	0.00487	0.00162	0.00758	0.00379	0.00217	0.00758
6	0.01675	0.10699	0.07347	0.03964	0.06706	0.43298	0.01089	0.12546	0.01474	0.01601	0.00957	0.01224	0.00803	0.00563	0.00473	0.00142	0.00772	0.03706	0.00299	0.00661
7	0.03237	0.01097	0.01873	0.34303	0.43130	0.01189	0.04851	0.01470	0.01106	0.01543	0.00941	0.01304	0.00753	0.00479	0.00510	0.00161	0.00646	0.00459	0.00245	0.00703
8	0.11271	0.00638	0.00794	0.00819	0.00981	0.00631	0.00671	0.01201	0.01180	0.10375	0.12407	0.16268	0.05347	0.01192	0.00614	0.00202	0.00395	0.34012	0.00485	0.00519
9	0.85592	0.00992	0.00754	0.00675	0.00992	0.01151	0.00556	0.01508	0.00873	0.02302	0.00714	0.00834	0.00556	0.00476	0.00318	0.00159	0.00397	0.00278	0.00318	0.00556
10	0.01917	0.02426	0.01456	0.01319	0.01586	0.78362	0.00991	0.03529	0.01473	0.01295	0.00802	0.00931	0.00665	0.00530	0.00464	0.00133	0.00918	0.00333	0.00269	0.00600
11	0.00739	0.00599	0.00664	0.00648	0.00811	0.00564	0.00482	0.01069	0.11745	0.01626	0.20349	0.13473	0.39701	0.02835	0.00637	0.00180	0.00288	0.01004	0.00495	0.02091
12	0.08776	0.00916	0.01442	0.67564	0.03139	0.01113	0.01296	0.01417	0.01045	0.07130	0.00976	0.01347	0.00715	0.00519	0.00495	0.00169	0.00640	0.00444	0.00266	0.00591
13	0.01055	0.01000	0.01695	0.58489	0.25105	0.01163	0.01468	0.01387	0.01067	0.01416	0.00927	0.01340	0.00721	0.00497	0.00512	0.00166	0.00663	0.00456	0.00235	0.00640
14	0.02290	0.00892	0.01203	0.00922	0.01319	0.00782	0.00762	0.05024	0.01501	0.76553	0.01997	0.01729	0.01257	0.00634	0.00516	0.00159	0.00441	0.00514	0.00631	0.00873
15	0.00969	0.00912	0.01539	0.80734	0.03534	0.01140	0.01425	0.01311	0.01026	0.01311	0.00912	0.01368	0.00684	0.00513	0.00513	0.00171	0.00684	0.00456	0.00228	0.00570
16	0.01074	0.05456	0.64377	0.01612	0.06993	0.01235	0.08946	0.01620	0.01099	0.01614	0.00927	0.01114	0.00673	0.00479	0.00494	0.00161	0.00751	0.00402	0.00223	0.00752
17	0.00625	0.00447	0.00595	0.00714	0.00744	0.00417	0.00476	0.00714	0.00982	0.01310	0.02828	0.81633	0.03394	0.01608	0.00655	0.00208	0.00298	0.01459	0.00476	0.00417
18	0.00746	0.00497	0.00560	0.00560	0.00560	0.00497	0.00311	0.00746	0.00746	0.00995	0.01617	0.03358	0.01865	0.81967	0.02612	0.00497	0.00497	0.00746	0.00311	0.00311
19	0.01372	0.82276	0.02689	0.00878	0.01317	0.02030	0.00878	0.01536	0.01043	0.01207	0.00713	0.00823	0.00658	0.00439	0.00329	0.00110	0.00549	0.00274	0.00219	0.00658
20	0.02302	0.00873	0.01191	0.00913	0.01310	0.00754	0.00754	0.02501	0.01469	0.79122	0.02024	0.01746	0.01270	0.00635	0.00516	0.00159	0.00437	0.00516	0.00635	0.00873
21	0.02292	0.00890	0.01201	0.00921	0.01318	0.00778	0.00761	0.04654	0.01496	0.76930	0.02001	0.01732	0.01259	0.00635	0.00516	0.00159	0.00440	0.00514	0.00632	0.00873
22	0.01276	0.01102	0.01160	0.01044	0.01334	0.01276	0.00812	0.02727	0.77840	0.02146	0.02088	0.01914	0.01566	0.00696	0.00522	0.00174	0.00406	0.00580	0.00522	0.00812
23	0.00878	0.00558	0.00734	0.00671	0.00819	0.00510	0.00510	0.01115	0.01454	0.09461	0.71150	0.03632	0.04498	0.01009	0.00597	0.00161	0.00261	0.00888	0.00572	0.00522
24	0.02302	0.00873	0.01191	0.00913	0.01310	0.00754	0.00754	0.02501	0.01469	0.79122	0.02024	0.01746	0.01270	0.00635	0.00516	0.00159	0.00437	0.00516	0.00635	0.00873
25	0.01391	0.79440	0.02645	0.00894	0.01327	0.04797	0.00882	0.01555	0.01057	0.01209	0.00716	0.00827	0.00659	0.00442	0.00334	0.00111	0.00562	0.00276	0.00221	0.00656
26	0.01377	0.01158	0.01940	0.07704	0.64647	0.01158	0.01465	0.01671	0.01196	0.11092	0.01091	0.01334	0.00860	0.00482	0.00509	0.00154	0.00593	0.00464	0.00299	0.00805
27	0.03615	0.01117	0.01844	0.26074	0.47702	0.01199	0.02993	0.01567	0.05888	0.01614	0.01013	0.01329	0.00813	0.00489	0.00507	0.00160	0.00618	0.00462	0.00265	0.00730
28	0.01123	0.01123	0.01572	0.01347	0.01347	0.01572	0.01123	0.01235	0.00786	0.01235	0.00674	0.01123	0.00674	0.00898	0.01684	0.00225	0.81028	0.00449	0.00225	0.00561
29	0.00867	0.00594	0.00690	0.00626	0.00827	0.00515	0.00480	0.01070	0.02691	0.09984	0.27591	0.03951	0.40809	0.01081	0.00581	0.00162	0.00283	0.00916	0.00511	0.05771
30	0.02302	0.00873	0.01191	0.00913	0.01310	0.00754	0.00754	0.02501	0.01469	0.79122	0.02024	0.01746	0.01270	0.00635	0.00516	0.00159	0.00437	0.00516	0.00635	0.00873
31	0.02302	0.00873	0.01191	0.00913	0.01310	0.00754	0.00754	0.02501	0.01469	0.79122	0.02024	0.01746	0.01270	0.00635	0.00516	0.00159	0.00437	0.00516	0.00635	0.00873
32	0.00891	0.00446	0.00668	0.00668	0.00668	0.00446	0.00446	0.00668	0.00668	0.00891	0.00891	0.01560	0.00891	0.01783	0.02005	0.85071	0.00446	0.00446	0.00223	0.00223
33	0.01123	0.01123	0.01572	0.01347	0.01347	0.01572	0.01123	0.01235	0.00786	0.01235	0.00674	0.01123	0.00674	0.00898	0.01684	0.00225	0.81028	0.00449	0.00225	0.00561
34	0.85592	0.00992	0.00754	0.00675	0.00992	0.01151	0.00556	0.01508	0.00873	0.02302	0.00714	0.00834	0.00556	0.00476	0.00318	0.00159	0.00397	0.00278	0.00318	0.00556
35	0.00891	0.00446	0.00668	0.00668	0.00668	0.00446	0.00446	0.00668	0.00668	0.00891	0.00891	0.01560	0.00891	0.01783	0.02005	0.85071	0.00446	0.00446	0.00223	0.00223
36	0.05402	0.00878	0.01175	0.00904	0.01298	0.00769	0.00747	0.02464	0.01446	0.76263	0.01976	0.01712	0.01244	0.00629	0.00509	0.00159	0.00435	0.00507	0.00623	0.00861
37	0.00844	0.00732	0.00825	0.00865	0.06564	0.07036	0.00591	0.01064	0.01386	0.01854	0.54470	0.03586	0.16224	0.01004	0.00587	0.00160	0.00328	0.00870	0.00503	0.00509
38	0.00625	0.00447	0.00595	0.00714	0.00744	0.00417	0.00476	0.00714	0.00982	0.01310	0.02828	0.81633	0.03394	0.01608	0.00655	0.00208	0.00298	0.01459	0.00476	0.00417
39	0.01029	0.02654	0.79309	0.01462	0.02221	0.01192	0.01896	0.01625	0.01083	0.01625	0.00921	0.01083	0.00650	0.00487	0.00487	0.00162	0.00758	0.00379	0.00217	0.00758
40	0.00623	0.00475	0.00574	0.00653	0.00733	0.00426	0.00454	0.00729	0.01050	0.01341	0.03636	0.53842	0.29080	0.01498	0.00639	0.00197	0.00288	0.02861	0.00476	0.00424
41	0.01252	0.02976	0.01992	0.15778	0.59823	0.04924	0.02749	0.01554	0.01156	0.01586	0.00944	0.01262	0.00781	0.00469	0.00504	0.00154	0.00640	0.00450	0.00250	0.00757
42	0.01294	0.01396	0.07548	0.01967	0.02481	0.01222	0.63338	0.01710	0.01233	0.09060	0.02763	0.01452	0.00903	0.00468	0.00590	0.00171	0.00804	0.00590	0.00299	0.00709
43	0.79391	0.06977	0.00897	0.00690	0.01016	0.01216	0.00579	0.01510	0.00886	0.02222	0.00714	0.00833	0.00563	0.00474	0.00318	0.00155	0.00408	0.00278	0.00310	0.00563
44	0.01917	0.02445	0.01454	0.01322	0.01586	0.79907	0.00991	0.02049	0.01454	0.01256	0.00793	0.00925	0.00661	0.00529	0.00463	0.00132	0.00925	0.00330	0.00264	0.00595
45	0.00674	0.00555	0.00597	0.00584	0.00750	0.00496	0.00438	0.00909	0.05995	0.01574	0.20502	0.06478	0.56197	0.01217	0.00602	0.00172	0.00266	0.01028	0.00498	0.00467
46	0.01343	0.01250	0.01927	0.02729	0.62802	0.03258	0.01432	0.09377	0.05712	0.01845	0.01091	0.02960	0.00912	0.00513	0.00511	0.00154	0.00595	0.00482	0.00301	0.00805
47	0.01241	0.01190	0.02031	0.10534	0.71606	0.01212	0.01560	0.01550	0.01155	0.01642	0.00960	0.01279	0.00801	0.00462	0.00508	0.00154	0.00617	0.00457	0.00252	0.00790
48	0.02302	0.00873	0.01191	0.00913	0.01310	0.00754	0.00754	0.02501	0.01469	0.79122	0.02024	0.01746	0.01270	0.00635	0.00516	0.00159	0.00437	0.00516	0.00635	0.00873
49	0.00969	0.00912	0.01539	0.80734	0.03534	0.01140	0.01425	0.01311	0.01026	0.01311	0.00912	0.01368	0.00684	0.00513	0.00513	0.00171	0.00684	0.00456	0.00228	0.00570
50	0.01756	0.03639	0.01629	0.01343	0.01632	0.45177	0.08429	0.12025	0.01468	0.06400	0.00951	0.01104	0.00753	0.00645	0.02293	0.00165	0.09219	0.00403	0.00316	0.00654
51	0.00625	0.00447	0.00595	0.00714	0.00744	0.00417	0.00476	0.00714	0.00982	0.01310	0.02828	0.81633	0.03394	0.01608	0.00655	0.00208	0.00298	0.01459	0.00476	0.00417
52	0.00625	0.00447	0.00595	0.00714	0.00744	0.00417	0.00476	0.00714	0.00982	0.01310	0.02828	0.81633	0.03394	0.01608	0.00655	0.00208	0.00298	0.01459	0.00476	0.00417
53	0.32932	0.01093	0.01125	0.01013	0.06050	0.06818	0.00764	0.06622	0.02684	0.34133	0.01337	0.01291	0.00914	0.00557	0.00438	0.00156	0.00476	0.00409	0.00457	0.00731
54	0.01270	0.01219	0.02083	0.03149	0.78767	0.01219	0.01575	0.01575	0.01168	0.01676	0.00965	0.01270	0.00813	0.00457	0.00508	0.00152	0.00610	0.00457	0.00254	0.00813
55	0.79855	0.00984	0.00784	0.00691	0.01014	0.01124	0.00569	0.01577	0.00914	0.07593	0.00805	0.00896	0.00605	0.00487	0.00331	0.00159	0.00400	0.00294	0.00339	0.00578
56	0.00624	0.00451	0.00591	0.00702	0.00741	0.00418	0.00471	0.00716	0.00994	0.01315	0.02974	0.76903	0.08029	0.01589	0.00652	0.00206	0.00295	0.01436	0.00476	0.00418
57	0.01265	0.01233	0.02163	0.03066	0.72311	0.01226	0.07966	0.01581	0.01172	0.01674	0.00971	0.01280	0.00810	0.00455	0.00516	0.00154	0.00631	0.00470	0.00254	0.00803
58	0.00782	0.00583	0.00729	0.00718	0.00767	0.02277	0.00500	0.00874	0.00804	0.01113	0.01461	0.02608	0.01531	0.41303	0.36799	0.00619	0.03617	0.00635	0.01887	0.00394
59	0.06148	0.00622	0.00651	0.00606	0.00745	0.00679	0.00472	0.05872	0.01122	0.01961	0.01505	0.01740	0.01188	0.00617	0.00477	0.00133	0.07025	0.00463	0.67461	0.00514
60	0.84129	0.01000	0.00768	0.00684	0.01003	0.01159	0.00563	0.02830	0.00900	0.02318	0.00724	0.00841	0.00561	0.00479	0.00321	0.00159	0.00400	0.00281	0.00321	0.00561
61	0.55435	0.01006	0.01107	0.07444	0.03103	0.01092	0.07151	0.01598	0.00997	0.10368	0.00917	0.01046	0.00680	0.00486	0.00387	0.00156	0.00468	0.00351	0.00337	0.05868
62	0.01917	0.02445	0.01454	0.01322	0.01586	0.79907	0.00991	0.02049	0.01454	0.01256	0.00793	0.00925	0.00661	0.00529	0.00463	0.00132	0.00925	0.00330	0.00264	0.00595
63	0.01029	0.02654	0.79309	0.01462	0.02221	0.01192	0.01896	0.01625	0.01083	0.01625	0.00921	0.01083	0.00650	0.00487	0.00487	0.00162	0.00758	0.00379	0.00217	0.00758
64	0.00733	0.00550	0.00825	0.00825	0.00916	0.00641	0.00641	0.00916	0.00825	0.01191	0.01374	0.02016	0.01283	0.03848	0.79934	0.00825	0.01374	0.00550	0.00275	0.00458
65	0.00633	0.00511	0.00563	0.00571	0.00715	0.00441	0.00420	0.00780	0.01201	0.01510	0.19541	0.15135	0.53599	0.01291	0.00613	0.00176	0.00261	0.01103	0.00494	0.00441
66	0.00718	0.00536	0.00793	0.00810	0.00893	0.00611	0.00619	0.00889	0.00846	0.01207	0.01572	0.12831	0.01569	0.03544	0.69165	0.00741	0.01228	0.00673	0.00302	0.00453
67	0.01211	0.01384	0.03028	0.02163	0.02682	0.01298	0.76903	0.01644	0.01211	0.01644	0.01038	0.01384	0.00779	0.00433	0.00606	0.00173	0.00865	0.00606	0.00260	0.00692
68	0.01276	0.01102	0.01160	0.01044	0.01334	0.01276	0.00812	0.02727	0.77840	0.02146	0.02088	0.01914	0.01566	0.00696	0.00522	0.00174	0.00406	0.00580	0.00522	0.00812
69	0.00625	0.00447	0.00595	0.00714	0.00744	0.00417	0.00476	0.00714	0.00982	0.01310	0.02828	0.81633	0.03394	0.01608	0.00655	0.00208	0.00298	0.01459	0.00476	0.00417
70	0.02302	0.00873	0.01191	0.00913	0.01310	0.00754	0.00754	0.02501	0.01469	0.79122	0.02024	0.01746	0.01270	0.00635	0.00516	0.00159	0.00437	0.00516	0.00635	0.00873
71	0.00658	0.00479	0.00656	0.04012	0.00889	0.00463	0.00549	0.00772	0.01003	0.01331	0.02739	0.71116	0.03241	0.01545	0.00654	0.00210	0.00330	0.08459	0.00466	0.00428
72	0.00624	0.00452	0.00590	0.00700	0.00740	0.00418	0.00470	0.00716	0.00996	0.01315	0.03003	0.75986	0.08927	0.01585	0.00651	0.00206	0.00295	0.01431	0.00476	0.00418
73	0.01050	0.07608	0.74542	0.01426	0.02165	0.01244	0.01832	0.01619	0.01081	0.01599	0.00908	0.01067	0.00651	0.00484	0.00478	0.00159	0.00745	0.00373	0.00217	0.00752
74	0.02060	0.00867	0.01147	0.00896	0.01256	0.00779	0.00733	0.07780	0.01536	0.62971	0.12448	0.01995	0.01730	0.00690	0.00528	0.00159	0.00419	0.00568	0.00616	0.00820
75	0.01189	0.01136	0.01936	0.24069	0.58481	0.01198	0.01534	0.01504	0.01130	0.01578	0.00951	0.01296	0.00778	0.00472	0.00509	0.00157	0.00630	0.00457	0.00247	0.00747
76	0.07626	0.00920	0.01175	0.00926	0.01302	0.00854	0.00768	0.09837	0.01507	0.61642	0.01902	0.01886	0.01288	0.00671	0.00515	0.00163	0.00449	0.05149	0.00592	0.00827
77	0.17100	0.01831	0.10954	0.01605	0.18559	0.31250	0.01145	0.07450	0.01311	0.03021	0.00885	0.01040	0.00700	0.00507	0.00454	0.00147	0.00703	0.00368	0.00291	0.00681
78	0.00991	0.00935	0.01579	0.75022	0.09073	0.01146	0.01436	0.01330	0.01036	0.01338	0.00916	0.01361	0.00693	0.00509	0.00513	0.00170	0.00679	0.00456	0.00230	0.00588
79	0.00750	0.00570	0.00740	0.00741	0.00811	0.02039	0.00537	0.00875	0.00866	0.01191	0.04556	0.08414	0.05527	0.24232	0.43882	0.00613	0.02216	0.00704	0.00319	0.00420
80	0.01094	0.11822	0.60778	0.01521	0.05204	0.01300	0.08128	0.01614	0.01093	0.01580	0.00908	0.01086	0.00668	0.00476	0.00480	0.00157	0.00737	0.00389	0.00222	0.00743
81	0.01184	0.01331	0.02859	0.11042	0.02778	0.01280	0.68373	0.01606	0.01190	0.01606	0.01024	0.01382	0.00768	0.00442	0.00595	0.00173	0.00845	0.00589	0.00256	0.00678
82	0.02295	0.00885	0.01198	0.00918	0.01316	0.00771	0.00759	0.04013	0.01488	0.77583	0.02008	0.01736	0.01262	0.00635	0.00516	0.00159	0.00439	0.00515	0.00633	0.00873
83	0.00975	0.00923	0.01574	0.78872	0.03514	0.01144	0.03214	0.01319	0.01030	0.01319	0.00915	0.01368	0.00686	0.00511	0.00515	0.00171	0.00688	0.00460	0.00229	0.00573
84	0.00915	0.00734	0.00912	0.00868	0.01015	0.03062	0.00674	0.06761	0.10365	0.01468	0.01677	0.02123	0.06089	0.04569	0.55598	0.00629	0.01097	0.00578	0.00336	0.00531
85	0.00628	0.00448	0.00594	0.00710	0.00739	0.00419	0.00472	0.00715	0.00976	0.01302	0.02797	0.79629	0.03355	0.03664	0.00705	0.00216	0.00303	0.01440	0.00472	0.00414
86	0.00737	0.00494	0.00562	0.00571	0.00573	0.00492	0.00323	0.00744	0.00764	0.01018	0.01706	0.09121	0.01978	0.76051	0.02468	0.00476	0.00483	0.00799	0.00323	0.00319
87	0.06546	0.01261	0.03304	0.23860	0.22501	0.07852	0.18238	0.01622	0.01165	0.07272	0.01014	0.01298	0.00771	0.00488	0.00516	0.00161	0.00691	0.00471	0.00280	0.00688
88	0.01199	0.01333	0.02827	0.08042	0.10054	0.01278	0.64110	0.01612	0.01193	0.01622	0.01022	0.01372	0.00775	0.00441	0.00589	0.00171	0.00827	0.00580	0.00257	0.00695
89	0.02302	0.00873	0.01191	0.00913	0.01310	0.00754	0.00754	0.02501	0.01469	0.79122	0.02024	0.01746	0.01270	0.00635	0.00516	0.00159	0.00437	0.00516	0.00635	0.00873
90	0.01260	0.01088	0.01145	0.01032	0.01319	0.01256	0.00802	0.02678	0.75989	0.02128	0.02163	0.01987	0.03425	0.00711	0.00524	0.00174	0.00403	0.00592	0.00521	0.00803
91	0.01168	0.01182	0.03995	0.12703	0.41439	0.01154	0.16148	0.04023	0.01194	0.01642	0.01367	0.03320	0.07211	0.00559	0.00539	0.00162	0.00636	0.00557	0.00282	0.00719
92	0.01144	0.00708	0.00773	0.00690	0.00854	0.00774	0.00543	0.15359	0.01293	0.02076	0.01504	0.01732	0.01184	0.00776	0.04226	0.00167	0.06301	0.00476	0.58862	0.00557
93	0.01917	0.02445	0.01454	0.01322	0.01586	0.79907	0.00991	0.02049	0.01454	0.01256	0.00793	0.00925	0.00661	0.00529	0.00463	0.00132	0.00925	0.00330	0.00264	0.00595
94	0.01128	0.00955	0.01148	0.08369	0.01466	0.00801	0.00715	0.07500	0.01171	0.01766	0.00938	0.01107	0.00762	0.00412	0.00404	0.00091	0.00424	0.00331	0.00314	0.70198
95	0.01278	0.01253	0.02018	0.08367	0.70183	0.04726	0.01538	0.01578	0.01171	0.01633	0.00954	0.01261	0.00797	0.00464	0.00506	0.00153	0.00629	0.00451	0.00253	0.00786
96	0.01951	0.01437	0.01540	0.01181	0.01591	0.01591	0.00975	0.77056	0.02412	0.03234	0.01232	0.01232	0.00873	0.00616	0.00513	0.00154	0.00565	0.00462	0.00513	0.00873
97	0.01139	0.00532	0.00575	0.00537	0.00695	0.00516	0.00412	0.01373	0.01129	0.12401	0.01721	0.01890	0.01309	0.00603	0.00380	0.00125	0.00266	0.00483	0.73381	0.00532
98	0.02302	0.00873	0.01191	0.00913	0.01310	0.00754	0.00754	0.02501	0.01469	0.79122	0.02024	0.01746	0.01270	0.00635	0.00516	0.00159	0.00437	0.00516	0.00635	0.00873
99	0.01951	0.01437	0.01540	0.01181	0.01591	0.01591	0.00975	0.77056	0.02412	0.03234	0.01232	0.01232	0.00873	0.00616	0.00513	0.00154	0.00565	0.00462	0.00513	0.00873
100	0.00891	0.00446	0.00668	0.00668	0.00668	0.00446	0.00446	0.00668	0.00668	0.00891	0.00891	0.01560	0.00891	0.01783	0.02005	0.85071	0.00446	0.00446	0.00223	0.00223
101	0.00625	0.00449	0.00593	0.00709	0.00743	0.00417	0.00474	0.00715	0.00988	0.01312	0.02897	0.79417	0.05565	0.01599	0.00654	0.00207	0.00297	0.01448	0.00476	0.00417
102	0.02265	0.00932	0.01227	0.00941	0.01339	0.00842	0.00777	0.10305	0.01567	0.71178	0.01941	0.01693	0.01229	0.00633	0.00516	0.00158	0.00450	0.00510	0.00622	0.00873
103	0.00891	0.00446	0.00668	0.00668	0.00668	0.00446	0.00446	0.00668	0.00668	0.00891	0.00891	0.01560	0.00891	0.01783	0.02005	0.85071	0.00446	0.00446	0.00223	0.00223
104	0.02292	0.00890	0.01201	0.00921	0.01318	0.00778	0.00761	0.04654	0.01496	0.76930	0.02001	0.01732	0.01259	0.00635	0.00516	0.00159	0.00440	0.00514	0.00632	0.00873
105	0.01131	0.01257	0.02697	0.01966	0.02418	0.01178	0.66521	0.01517	0.01180	0.01598	0.01281	0.12285	0.01134	0.00592	0.00612	0.00178	0.00788	0.00721	0.00289	0.00655
106	0.00712	0.00510	0.00688	0.00768	0.00847	0.00487	0.00585	0.00884	0.01159	0.01563	0.21401	0.39297	0.03615	0.01412	0.00659	0.00205	0.00337	0.23923	0.00497	0.00450
107	0.01029	0.02654	0.79309	0.01462	0.02221	0.01192	0.01896	0.01625	0.01083	0.01625	0.00921	0.01083	0.00650	0.00487	0.00487	0.00162	0.00758	0.00379	0.00217	0.00758
108	0.01128	0.00687	0.00877	0.00838	0.01037	0.00660	0.00692	0.06873	0.02631	0.15632	0.17623	0.05721	0.12906	0.01123	0.00622	0.00192	0.00395	0.29266	0.00524	0.00575
109	0.01206	0.01424	0.09173	0.13045	0.02671	0.01290	0.53913	0.06280	0.01242	0.01687	0.01016	0.01342	0.00758	0.00468	0.00596	0.00172	0.02207	0.00554	0.00267	0.00690
110	0.01319	0.01276	0.02366	0.01757	0.02178	0.06902	0.51931	0.01655	0.01230	0.11013	0.01377	0.12002	0.01175	0.00620	0.00591	0.00173	0.00742	0.00687	0.00334	0.00671
111	0.13436	0.05260	0.60342	0.01342	0.02007	0.01212	0.04628	0.01624	0.01064	0.03316	0.00911	0.01063	0.00654	0.00485	0.00462	0.00160	0.00695	0.00372	0.00242	0.00725
112	0.01685	0.02077	0.01403	0.12723	0.01805	0.62703	0.01016	0.01844	0.01358	0.01268	0.00960	0.06931	0.00865	0.00606	0.00484	0.00143	0.00844	0.00432	0.00275	0.00578
113	0.01595	0.01878	0.01377	0.01331	0.06235	0.51315	0.00960	0.03389	0.03883	0.01335	0.00956	0.01233	0.00832	0.03707	0.11628	0.00250	0.06826	0.00402	0.00278	0.00591
114	0.01051	0.01019	0.08603	0.26064	0.01952	0.00982	0.01025	0.02820	0.09714	0.05583	0.02922	0.10398	0.02995	0.05093	0.02177	0.00198	0.07119	0.00603	0.02160	0.07521
115	0.01512	0.00818	0.01015	0.00888	0.01157	0.00805	0.00707	0.03198	0.19824	0.33077	0.08582	0.09898	0.05200	0.02543	0.00604	0.00183	0.00400	0.08318	0.00556	0.00714
116	0.02267	0.00881	0.01190	0.00917	0.01311	0.00772	0.00756	0.02508	0.04054	0.76516	0.02026	0.01752	0.01280	0.00637	0.00516	0.00159	0.00436	0.00518	0.00631	0.00871
117	0.00969	0.00901	0.01513	0.78744	0.03461	0.01124	0.01399	0.01308	0.01027	0.01326	0.00931	0.01382	0.00700	0.00515	0.00509	0.00170	0.00673	0.00457	0.02326	0.00568
118	0.01239	0.01322	0.04674	0.08001	0.28930	0.07455	0.24469	0.05027	0.01227	0.01636	0.01151	0.06987	0.01006	0.00649	0.02517	0.00181	0.00716	0.01827	0.00285	0.00699
119	0.00625	0.00448	0.00594	0.00710	0.00743	0.00417	0.00474	0.00715	0.00986	0.01312	0.02880	0.79945	0.05048	0.01601	0.00654	0.00208	0.00297	0.01450	0.00476	0.00417
