[name]
unknown

[dist]
# distance from previous block
# <min> <max>
0	72

[block]
# block no. 0 follows, 53 sequences, length 7
# corresponding to MSA columns:
# 72-78
name=unknown_A
#
# <colnr> <probs for GDERKNQSTAVLIFYWHMCP>
#	G	D	E	R	K	N	Q	S	T	A	V	L	I	F	Y	W	H	M	C	P
0	0.00728	0.00534	0.00759	0.09466	0.01024	0.00593	0.00597	0.00853	0.00803	0.01096	0.01445	0.02630	0.01486	0.27023	0.34787	0.04196	0.00817	0.10490	0.00283	0.00389
1	0.01349	0.01358	0.21045	0.08511	0.19746	0.01021	0.03938	0.05009	0.07538	0.20393	0.01215	0.01297	0.00867	0.00497	0.00470	0.00147	0.00552	0.00429	0.00343	0.04275
2	0.01410	0.01041	0.01136	0.00945	0.01238	0.01148	0.00755	0.31752	0.31505	0.07038	0.11751	0.01760	0.01579	0.00655	0.00487	0.00150	0.00411	0.00532	0.03977	0.00729
3	0.00744	0.00548	0.00669	0.00679	0.00788	0.00530	0.00496	0.09147	0.01202	0.01610	0.22649	0.40106	0.13833	0.01218	0.00580	0.00174	0.00292	0.03812	0.00468	0.00454
4	0.01245	0.01364	0.20075	0.12133	0.22550	0.01077	0.04519	0.13080	0.01278	0.09803	0.07239	0.01386	0.01051	0.00521	0.00482	0.00149	0.00570	0.00455	0.00321	0.00701
5	0.01013	0.00772	0.00745	0.00675	0.00867	0.10972	0.00517	0.01175	0.01247	0.14312	0.26155	0.03326	0.34487	0.00948	0.00533	0.00151	0.00344	0.00789	0.00467	0.00504
6	0.05687	0.01260	0.21503	0.00934	0.01301	0.02926	0.02293	0.08825	0.08166	0.04518	0.15523	0.03325	0.08144	0.00695	0.00524	0.03193	0.00456	0.00538	0.00366	0.09825

[dist]
# distance from previous block
# <min> <max>
2	9

[block]
# block no. 1 follows, 53 sequences, length 22
# corresponding to MSA columns:
# 88-109
name=unknown_B
#
# <colnr> <probs for GDERKNQSTAVLIFYWHMCP>
#	G	D	E	R	K	N	Q	S	T	A	V	L	I	F	Y	W	H	M	C	P
0	0.02857	0.11032	0.01359	0.00922	0.01270	0.01193	0.00773	0.36920	0.01653	0.17170	0.05735	0.01506	0.05648	0.00604	0.00483	0.00137	0.02562	0.00462	0.00443	0.07271
1	0.34739	0.00910	0.00996	0.05386	0.01215	0.00984	0.01788	0.08800	0.01066	0.13117	0.01074	0.07385	0.00890	0.00583	0.00498	0.00147	0.07639	0.00423	0.00352	0.12005
2	0.00667	0.00488	0.00622	0.00589	0.00703	0.00447	0.00439	0.00877	0.01312	0.01834	0.71129	0.03652	0.11287	0.03122	0.00612	0.00159	0.00233	0.00873	0.00513	0.00443
3	0.11882	0.00616	0.00745	0.00677	0.00819	0.00632	0.00498	0.01191	0.00897	0.18721	0.03065	0.03425	0.02310	0.28068	0.17763	0.04200	0.01886	0.00553	0.01582	0.00471
4	0.00998	0.01083	0.08660	0.06652	0.02381	0.07357	0.00924	0.04462	0.05393	0.01354	0.06118	0.02497	0.01143	0.04718	0.20139	0.00327	0.24498	0.00485	0.00277	0.00533
5	0.00606	0.00450	0.00568	0.00636	0.00709	0.00412	0.00453	0.00726	0.01024	0.01344	0.13390	0.50139	0.19257	0.01355	0.00598	0.00183	0.00276	0.07017	0.00454	0.00404
6	0.00842	0.01000	0.12372	0.15989	0.01635	0.03808	0.08520	0.01140	0.03185	0.01305	0.03603	0.05286	0.11316	0.01598	0.25881	0.00350	0.00790	0.00580	0.00284	0.00517
7	0.00584	0.00421	0.00549	0.00651	0.00686	0.00391	0.00435	0.00667	0.00920	0.01217	0.02742	0.76133	0.07848	0.03475	0.00652	0.00199	0.00280	0.01321	0.00440	0.00387
8	0.01797	0.01984	0.01327	0.01176	0.01429	0.63861	0.00898	0.03633	0.01343	0.12426	0.00904	0.00986	0.00701	0.00527	0.00500	0.00132	0.05141	0.00341	0.00298	0.00595
9	0.00936	0.00905	0.01393	0.69671	0.02965	0.04540	0.01252	0.01222	0.00957	0.01214	0.00910	0.04902	0.00749	0.00547	0.00552	0.00163	0.05913	0.00461	0.00224	0.00525
10	0.01102	0.00846	0.01002	0.00722	0.01141	0.00643	0.00579	0.01312	0.01027	0.09151	0.00949	0.01052	0.00754	0.00377	0.00366	0.00078	0.00359	0.00302	0.00313	0.77924
11	0.03918	0.01090	0.01318	0.10779	0.03529	0.03348	0.00914	0.28523	0.04120	0.16897	0.01160	0.01288	0.00859	0.02798	0.00705	0.00164	0.14379	0.00435	0.00394	0.03382
12	0.01103	0.01057	0.03650	0.16065	0.09519	0.01108	0.23394	0.02516	0.09371	0.05950	0.04954	0.05097	0.01094	0.00598	0.00668	0.00166	0.12226	0.00541	0.00302	0.00622
13	0.05422	0.00876	0.01201	0.34136	0.01995	0.01023	0.00960	0.16445	0.01189	0.06071	0.01238	0.13273	0.01122	0.03916	0.02671	0.00191	0.06806	0.00570	0.00328	0.00568
14	0.01785	0.02278	0.01354	0.01231	0.01478	0.81284	0.00924	0.01909	0.01354	0.01170	0.00739	0.00862	0.00616	0.00493	0.00431	0.00123	0.00862	0.00308	0.00246	0.00554
15	0.02101	0.00883	0.01152	0.00884	0.01255	0.00806	0.00730	0.12475	0.01485	0.70241	0.01787	0.01563	0.01134	0.00589	0.00480	0.00147	0.00423	0.00474	0.00576	0.00813
16	0.00593	0.00428	0.00550	0.00636	0.00677	0.00398	0.00425	0.00679	0.00931	0.01233	0.05969	0.66835	0.09613	0.07713	0.00744	0.00210	0.00286	0.01258	0.00435	0.00385
17	0.03555	0.19110	0.01577	0.01015	0.01347	0.05758	0.00857	0.35345	0.14701	0.02136	0.01096	0.01136	0.00844	0.00558	0.00516	0.00140	0.06777	0.00396	0.00378	0.02758
18	0.04658	0.03086	0.07230	0.16951	0.01608	0.01831	0.03076	0.04551	0.07420	0.04950	0.03778	0.15107	0.01301	0.00718	0.01800	0.00155	0.03037	0.00567	0.00330	0.17846
19	0.02574	0.34781	0.14244	0.01052	0.03469	0.03339	0.02923	0.08083	0.03240	0.14629	0.00989	0.01052	0.00754	0.00493	0.00463	0.00132	0.05145	0.00354	0.00304	0.01981
20	0.06390	0.00568	0.00664	0.00661	0.00746	0.00574	0.00465	0.05219	0.00932	0.06122	0.01816	0.17670	0.01987	0.40878	0.01465	0.00320	0.00420	0.12327	0.00370	0.00406
21	0.00723	0.00454	0.00542	0.00542	0.00542	0.00454	0.00315	0.00680	0.00680	0.00907	0.01369	0.02788	0.01553	0.66643	0.02318	0.17853	0.00454	0.00638	0.00273	0.00273

[dist]
# distance from previous block
# <min> <max>
0	1

[block]
# block no. 2 follows, 53 sequences, length 14
# corresponding to MSA columns:
# 111-124
name=unknown_C
#
# <colnr> <probs for GDERKNQSTAVLIFYWHMCP>
#	G	D	E	R	K	N	Q	S	T	A	V	L	I	F	Y	W	H	M	C	P
0	0.01275	0.05933	0.14744	0.06884	0.01524	0.02198	0.02842	0.11117	0.25914	0.11285	0.03104	0.01641	0.05238	0.01934	0.00504	0.00156	0.00487	0.00492	0.02034	0.00694
1	0.01125	0.06650	0.63694	0.01266	0.01888	0.01116	0.01557	0.01595	0.01040	0.11158	0.00964	0.01073	0.00677	0.00483	0.00491	0.00150	0.03749	0.00366	0.00250	0.00707
2	0.00619	0.00449	0.00526	0.00571	0.00620	0.00419	0.00369	0.00681	0.00876	0.01131	0.02740	0.35928	0.20504	0.30907	0.01257	0.00284	0.00336	0.01038	0.00388	0.00356
3	0.01010	0.00885	0.01128	0.04841	0.10920	0.00718	0.00713	0.01237	0.01001	0.01542	0.00856	0.01028	0.00711	0.00369	0.00374	0.00084	0.00394	0.00307	0.00274	0.71608
4	0.01093	0.01038	0.02918	0.33682	0.25725	0.03310	0.11402	0.01415	0.02874	0.05477	0.01142	0.02994	0.03790	0.00510	0.00492	0.00153	0.00606	0.00485	0.00263	0.00629
5	0.02065	0.00810	0.01093	0.00847	0.01205	0.00711	0.00696	0.02291	0.04014	0.75377	0.04380	0.01694	0.01299	0.00606	0.00483	0.00148	0.00400	0.00495	0.00586	0.00800
6	0.00682	0.00479	0.00590	0.00653	0.00727	0.00464	0.00469	0.00872	0.05202	0.01382	0.06554	0.45505	0.09426	0.05143	0.00655	0.00193	0.00297	0.09383	0.10902	0.00421
7	0.01496	0.02258	0.11199	0.07152	0.06846	0.04855	0.07001	0.32943	0.02830	0.10757	0.01142	0.01264	0.00836	0.02194	0.02073	0.00165	0.01573	0.00437	0.02260	0.00719
8	0.01275	0.00913	0.04831	0.04765	0.01266	0.00890	0.03053	0.17013	0.11655	0.15743	0.01692	0.17749	0.02966	0.00937	0.02523	0.07588	0.02030	0.00651	0.01844	0.00617
9	0.00580	0.00424	0.00546	0.00643	0.00687	0.00390	0.00434	0.00668	0.00936	0.01229	0.02905	0.73303	0.12574	0.01462	0.00605	0.00190	0.00273	0.01316	0.00444	0.00390
10	0.01205	0.59681	0.16131	0.03960	0.01428	0.01618	0.00983	0.01440	0.01007	0.03617	0.04498	0.00987	0.00814	0.00452	0.00357	0.00117	0.00534	0.00315	0.00231	0.00625
11	0.01265	0.05131	0.04856	0.13246	0.06175	0.03608	0.22434	0.12696	0.01243	0.09202	0.01227	0.04495	0.03270	0.00582	0.00582	0.00158	0.06493	0.02377	0.00318	0.00642
12	0.01405	0.11051	0.05743	0.01147	0.01416	0.42772	0.07055	0.01595	0.02547	0.02667	0.02495	0.13275	0.01100	0.00648	0.00494	0.00140	0.03110	0.00503	0.00283	0.00557
13	0.05092	0.00888	0.01142	0.10759	0.01458	0.00793	0.03859	0.02455	0.01002	0.04098	0.00872	0.01054	0.00704	0.00412	0.00446	0.00100	0.04832	0.00327	0.00282	0.59425

[dist]
# distance from previous block
# <min> <max>
1	3

[block]
# block no. 3 follows, 53 sequences, length 25
# corresponding to MSA columns:
# 128-152
name=unknown_D
#
# <colnr> <probs for GDERKNQSTAVLIFYWHMCP>
#	G	D	E	R	K	N	Q	S	T	A	V	L	I	F	Y	W	H	M	C	P
0	0.02616	0.01078	0.01392	0.38521	0.07825	0.09076	0.01110	0.11576	0.01209	0.11792	0.01034	0.02932	0.00787	0.00549	0.00551	0.00155	0.06432	0.00438	0.00307	0.00619
1	0.01035	0.00570	0.00740	0.00661	0.00832	0.00525	0.00508	0.01274	0.03421	0.19812	0.50435	0.07184	0.03367	0.00879	0.00529	0.00150	0.00274	0.00765	0.06502	0.00538
2	0.00598	0.00481	0.00533	0.00531	0.00669	0.00416	0.00394	0.00746	0.01152	0.01465	0.26130	0.09875	0.53003	0.01164	0.00568	0.00161	0.00240	0.00992	0.00467	0.00416
3	0.00629	0.00482	0.00575	0.00561	0.00687	0.00429	0.00418	0.00806	0.01226	0.01637	0.46794	0.09043	0.32786	0.01098	0.00567	0.00157	0.00235	0.00950	0.00490	0.00429
4	0.00596	0.00430	0.00565	0.00649	0.00695	0.00398	0.00442	0.00702	0.00988	0.01328	0.14387	0.67936	0.06297	0.01408	0.00601	0.00186	0.00268	0.01271	0.00456	0.00398
5	0.01761	0.01167	0.01309	0.06683	0.01511	0.03498	0.00867	0.46007	0.07703	0.20708	0.01355	0.01320	0.00938	0.00574	0.00475	0.00146	0.00498	0.00447	0.02259	0.00774
6	0.57689	0.00911	0.00857	0.00716	0.01038	0.00982	0.00590	0.05279	0.01044	0.25342	0.01048	0.01045	0.00728	0.00493	0.00359	0.00148	0.00388	0.00332	0.00392	0.00619
7	0.01910	0.01109	0.01367	0.05965	0.03503	0.04907	0.03642	0.17719	0.02701	0.41925	0.01672	0.05629	0.01225	0.00709	0.00584	0.00177	0.03374	0.00546	0.00526	0.00811
8	0.86579	0.00924	0.00702	0.00629	0.00924	0.01072	0.00518	0.01405	0.00813	0.02144	0.00666	0.00776	0.00518	0.00444	0.00296	0.00148	0.00370	0.00259	0.00296	0.00518
9	0.07192	0.14681	0.01619	0.04117	0.24900	0.07928	0.03165	0.04000	0.01084	0.03059	0.00909	0.01084	0.02063	0.00445	0.00430	0.00121	0.02222	0.00358	0.00264	0.20362
10	0.01211	0.01320	0.01440	0.01250	0.01304	0.19254	0.01018	0.01319	0.00871	0.01155	0.00652	0.01005	0.00625	0.00760	0.01315	0.00190	0.64171	0.00394	0.00217	0.00530
11	0.00695	0.00463	0.00521	0.00521	0.00521	0.00463	0.00290	0.00695	0.00695	0.00927	0.01506	0.03128	0.01738	0.83203	0.02433	0.00463	0.00463	0.00695	0.00290	0.00290
12	0.00956	0.00508	0.00515	0.00491	0.00622	0.00518	0.00374	0.06533	0.01089	0.01868	0.01530	0.01738	0.01196	0.00558	0.00344	0.00114	0.00244	0.00444	0.79886	0.00471
13	0.05945	0.01154	0.01293	0.00999	0.01371	0.01222	0.00824	0.50205	0.03803	0.26191	0.01365	0.01289	0.00926	0.00575	0.00470	0.00145	0.00479	0.00440	0.00504	0.00798
14	0.86579	0.00924	0.00702	0.00629	0.00924	0.01072	0.00518	0.01405	0.00813	0.02144	0.00666	0.00776	0.00518	0.00444	0.00296	0.00148	0.00370	0.00259	0.00296	0.00518
15	0.00567	0.00476	0.00493	0.00506	0.00651	0.00402	0.00373	0.00684	0.01069	0.01283	0.04578	0.13947	0.70850	0.01245	0.00570	0.00165	0.00246	0.01051	0.00444	0.00402
16	0.01233	0.70973	0.10600	0.00896	0.01316	0.01789	0.00928	0.01426	0.00963	0.01166	0.00683	0.00806	0.00613	0.00435	0.00384	0.00113	0.04579	0.00274	0.00204	0.00619
17	0.00608	0.00448	0.00569	0.00649	0.00704	0.00421	0.00443	0.00743	0.03454	0.01290	0.07674	0.65467	0.11316	0.03009	0.00634	0.00192	0.00277	0.01252	0.00447	0.00404
18	0.11958	0.03402	0.03090	0.01429	0.15693	0.08424	0.08970	0.22726	0.03480	0.06926	0.01058	0.03481	0.00831	0.00522	0.00468	0.00142	0.01702	0.00431	0.00347	0.04921
19	0.07691	0.00995	0.01064	0.00898	0.01175	0.02332	0.00711	0.25399	0.23512	0.11096	0.03251	0.05812	0.05632	0.04641	0.03451	0.00190	0.00454	0.00555	0.00457	0.00682
20	0.00756	0.00508	0.00653	0.00682	0.00784	0.00458	0.00475	0.00884	0.02395	0.06820	0.03725	0.61576	0.02676	0.04666	0.00644	0.00187	0.00304	0.01122	0.00432	0.10254
21	0.15195	0.04668	0.06101	0.02814	0.08139	0.15047	0.05774	0.15163	0.04424	0.14392	0.01110	0.01242	0.00832	0.00525	0.00443	0.00144	0.00566	0.02390	0.00358	0.00674
22	0.01675	0.06625	0.01421	0.03945	0.01472	0.11349	0.02887	0.37198	0.11057	0.13852	0.01285	0.02945	0.00948	0.00576	0.00467	0.00143	0.00538	0.00447	0.00433	0.00737
23	0.06214	0.02279	0.00834	0.00767	0.03436	0.05030	0.00564	0.04072	0.09376	0.07015	0.09010	0.11574	0.27114	0.02486	0.00539	0.00156	0.00351	0.00743	0.00419	0.08023
24	0.02840	0.00973	0.01148	0.01021	0.02744	0.04120	0.04982	0.17124	0.07379	0.12846	0.07728	0.17811	0.04050	0.09780	0.00787	0.00218	0.00483	0.02819	0.00482	0.00663

[dist]
# distance from previous block
# <min> <max>
0	41

[block]
# block no. 4 follows, 53 sequences, length 114
# corresponding to MSA columns:
# 194-307
name=unknown_E
#
# <colnr> <probs for GDERKNQSTAVLIFYWHMCP>
#	G	D	E	R	K	N	Q	S	T	A	V	L	I	F	Y	W	H	M	C	P
0	0.02417	0.53377	0.04820	0.03317	0.01183	0.01467	0.00759	0.04675	0.01032	0.01389	0.00895	0.01032	0.00755	0.00451	0.00332	0.00110	0.00455	0.00314	0.18666	0.02556
1	0.06274	0.00934	0.01219	0.25600	0.03074	0.05511	0.04208	0.01437	0.04798	0.10456	0.01122	0.05663	0.00911	0.00544	0.00498	0.00139	0.04615	0.00447	0.03667	0.18883
2	0.55147	0.00900	0.00849	0.00711	0.01025	0.00967	0.00584	0.06041	0.01060	0.21483	0.04501	0.01136	0.00879	0.00509	0.00365	0.00146	0.00381	0.00351	0.00389	0.02577
3	0.03570	0.00838	0.01317	0.55640	0.05083	0.00965	0.01132	0.01459	0.02677	0.17037	0.02335	0.03937	0.00901	0.00541	0.00479	0.00157	0.00559	0.00470	0.00309	0.00593
4	0.03767	0.02182	0.03825	0.01140	0.06237	0.05068	0.04989	0.18719	0.09641	0.29151	0.02598	0.02544	0.01075	0.01810	0.02053	0.00166	0.03383	0.00475	0.00446	0.00732
5	0.19533	0.01032	0.01121	0.18414	0.01625	0.09153	0.00826	0.10785	0.01263	0.23565	0.07129	0.01384	0.01075	0.00553	0.00442	0.00147	0.00496	0.00427	0.00393	0.00636
6	0.00997	0.03824	0.64976	0.01226	0.01824	0.01022	0.01517	0.01456	0.01009	0.05514	0.03843	0.01259	0.00847	0.04947	0.00612	0.03184	0.00646	0.00397	0.00239	0.00661
7	0.09302	0.00916	0.01318	0.23308	0.16425	0.02435	0.02819	0.04916	0.01147	0.22150	0.02921	0.08013	0.01087	0.00591	0.00475	0.00153	0.00505	0.00511	0.00362	0.00647
8	0.00632	0.00449	0.00568	0.00646	0.00682	0.00428	0.00429	0.02106	0.00908	0.01205	0.02462	0.60788	0.05516	0.17354	0.00962	0.00245	0.00322	0.03507	0.00414	0.00379
9	0.03025	0.00826	0.01358	0.74052	0.03047	0.01021	0.01249	0.01198	0.00948	0.01241	0.00931	0.01483	0.00753	0.03490	0.00551	0.00172	0.00617	0.03293	0.00226	0.00519
10	0.00948	0.00957	0.05733	0.71830	0.03136	0.01063	0.05081	0.01279	0.00977	0.03229	0.00881	0.01270	0.00653	0.00476	0.00481	0.00159	0.00643	0.00429	0.00223	0.00553
11	0.05783	0.06692	0.09458	0.12603	0.06152	0.03606	0.08006	0.02623	0.03930	0.11697	0.01003	0.01264	0.00795	0.03543	0.02783	0.00187	0.18546	0.00428	0.00287	0.00614
12	0.00582	0.00481	0.00510	0.00510	0.00658	0.00409	0.00380	0.00715	0.01117	0.01376	0.15362	0.08641	0.65222	0.01193	0.00567	0.00162	0.00242	0.01007	0.00455	0.00409
13	0.00970	0.05342	0.04437	0.10783	0.39899	0.00942	0.01122	0.01205	0.01023	0.01403	0.01465	0.21400	0.03242	0.00750	0.00508	0.00159	0.00494	0.03951	0.00295	0.00611
14	0.07821	0.07842	0.07865	0.00793	0.01025	0.00867	0.00671	0.07917	0.05228	0.13611	0.04078	0.04571	0.01296	0.20464	0.05828	0.06934	0.01777	0.00522	0.00352	0.00535
15	0.00671	0.00479	0.00657	0.00767	0.00834	0.00465	0.00598	0.00819	0.01003	0.01320	0.02585	0.46258	0.02967	0.01414	0.00634	0.00206	0.00354	0.37115	0.00442	0.00413
16	0.01128	0.01289	0.02820	0.02015	0.02498	0.01209	0.78485	0.01531	0.01128	0.01531	0.00967	0.01289	0.00725	0.00403	0.00564	0.00161	0.00806	0.00564	0.00242	0.00645
17	0.04094	0.35794	0.15941	0.01087	0.07047	0.02850	0.01001	0.04577	0.01134	0.20732	0.01034	0.01066	0.00766	0.00472	0.00396	0.00128	0.00527	0.00348	0.00315	0.00693
18	0.09753	0.00895	0.01113	0.00865	0.01227	0.00847	0.00713	0.11981	0.03238	0.61717	0.01682	0.01492	0.01082	0.00577	0.00464	0.00148	0.00418	0.00455	0.00548	0.00785
19	0.00623	0.00484	0.00560	0.00577	0.00693	0.00437	0.00430	0.00759	0.01073	0.01370	0.17226	0.12552	0.41128	0.08690	0.03209	0.00215	0.00315	0.08816	0.00438	0.00404
20	0.01339	0.01101	0.01165	0.01003	0.01300	0.01259	0.00793	0.20766	0.60886	0.02242	0.01754	0.01631	0.01304	0.00631	0.00484	0.00158	0.00414	0.00514	0.00484	0.00770
21	0.02076	0.00915	0.03568	0.00890	0.01272	0.00791	0.00755	0.09775	0.01443	0.70551	0.01782	0.01561	0.01129	0.00586	0.00480	0.00148	0.00428	0.00472	0.00569	0.00810
22	0.00621	0.00478	0.00554	0.00576	0.00681	0.00427	0.00412	0.00739	0.01028	0.01321	0.13195	0.23984	0.35107	0.11523	0.00810	0.00207	0.00290	0.05086	0.00431	0.02529
23	0.00959	0.02472	0.80726	0.01362	0.02069	0.01110	0.01766	0.01514	0.01009	0.01514	0.00858	0.01009	0.00605	0.00454	0.00454	0.00151	0.00706	0.00353	0.00202	0.00706
24	0.01045	0.01031	0.08473	0.40860	0.07444	0.01046	0.02992	0.08263	0.02566	0.04274	0.03063	0.05458	0.01898	0.00584	0.00549	0.00158	0.05575	0.00492	0.03640	0.00589
25	0.00867	0.00452	0.00471	0.00473	0.00580	0.00450	0.00355	0.01080	0.01012	0.01740	0.05787	0.02068	0.01479	0.04046	0.00446	0.00132	0.00241	0.03340	0.74540	0.00439
26	0.00959	0.00877	0.01409	0.72984	0.03070	0.01062	0.01261	0.05548	0.01030	0.01340	0.00866	0.01251	0.00651	0.00476	0.00471	0.00153	0.00615	0.00417	0.00231	0.05327
27	0.01235	0.01047	0.01741	0.02534	0.66169	0.01036	0.01303	0.01505	0.01118	0.08585	0.03798	0.01338	0.00952	0.00467	0.00470	0.00141	0.00523	0.00447	0.04857	0.00735
28	0.00991	0.00850	0.00991	0.00708	0.01133	0.00637	0.00566	0.01203	0.00991	0.01557	0.00850	0.00991	0.00708	0.00354	0.00354	0.00071	0.00354	0.00283	0.00283	0.86124
29	0.00743	0.00549	0.00687	0.00636	0.00769	0.00528	0.00482	0.03888	0.05550	0.01943	0.70509	0.03416	0.06561	0.00952	0.00556	0.00151	0.00245	0.00835	0.00520	0.00479
30	0.00587	0.00487	0.00515	0.00514	0.00667	0.00415	0.00389	0.00725	0.01124	0.01378	0.14565	0.04494	0.67384	0.01184	0.00568	0.00162	0.00247	0.03729	0.00454	0.00411
31	0.02037	0.00794	0.01071	0.00831	0.01181	0.00695	0.00683	0.02246	0.02800	0.73879	0.04236	0.01694	0.01290	0.00603	0.00478	0.00147	0.00394	0.00492	0.03661	0.00788
32	0.04329	0.00901	0.02284	0.00875	0.01216	0.00839	0.00727	0.16789	0.01471	0.53054	0.01737	0.05947	0.01231	0.00647	0.00480	0.00150	0.00420	0.02415	0.03731	0.00757
33	0.00623	0.00486	0.00564	0.00545	0.00681	0.00428	0.00409	0.00798	0.01226	0.01616	0.43798	0.04066	0.40868	0.01089	0.00564	0.00156	0.00233	0.00934	0.00487	0.00428
34	0.01101	0.01124	0.01742	0.02550	0.01554	0.02662	0.17110	0.04138	0.00884	0.01300	0.00722	0.01100	0.00655	0.00726	0.01286	0.00195	0.59917	0.00447	0.00227	0.00560
35	0.85023	0.00916	0.00698	0.00625	0.00918	0.01061	0.00514	0.01400	0.00817	0.02138	0.00682	0.00795	0.00530	0.00446	0.00296	0.00147	0.00367	0.00262	0.01850	0.00516
36	0.13229	0.00825	0.01060	0.03301	0.01226	0.00780	0.00700	0.02078	0.01259	0.61991	0.04567	0.01555	0.01183	0.00591	0.00497	0.00150	0.03278	0.00462	0.00525	0.00742
37	0.00891	0.00445	0.00445	0.00445	0.00557	0.00445	0.00334	0.01114	0.01002	0.01782	0.01559	0.01782	0.01225	0.00557	0.00334	0.00111	0.00223	0.00445	0.85856	0.00445
38	0.00601	0.00481	0.00517	0.00513	0.00643	0.00419	0.00371	0.00724	0.01082	0.01352	0.17455	0.05872	0.55333	0.11581	0.00803	0.00198	0.00268	0.00951	0.00439	0.00397
39	0.86579	0.00924	0.00702	0.00629	0.00924	0.01072	0.00518	0.01405	0.00813	0.02144	0.00666	0.00776	0.00518	0.00444	0.00296	0.00148	0.00370	0.00259	0.00296	0.00518
40	0.70313	0.00895	0.00769	0.00667	0.00970	0.00995	0.00548	0.01548	0.00911	0.15559	0.00916	0.02640	0.00687	0.00491	0.00334	0.00149	0.00374	0.00320	0.00350	0.00566
41	0.80123	0.00916	0.00734	0.00646	0.00947	0.01044	0.00532	0.01476	0.00856	0.08140	0.00759	0.00841	0.00569	0.00455	0.00310	0.00148	0.00373	0.00276	0.00318	0.00540
42	0.00635	0.00487	0.00581	0.00557	0.00688	0.00433	0.00418	0.00821	0.01254	0.01681	0.51717	0.03957	0.32908	0.01065	0.00564	0.00154	0.00232	0.00919	0.00495	0.00433
43	0.01281	0.79924	0.04283	0.00839	0.01251	0.03534	0.00842	0.01443	0.00980	0.01134	0.00670	0.00774	0.00613	0.00412	0.00313	0.00104	0.00523	0.00259	0.00205	0.00614
44	0.00613	0.00468	0.00569	0.00623	0.00720	0.00424	0.00461	0.00746	0.01055	0.01358	0.12581	0.34535	0.30928	0.01308	0.00595	0.00181	0.00281	0.11694	0.00453	0.00408
45	0.00776	0.00519	0.00614	0.00574	0.00735	0.00454	0.00436	0.00946	0.01225	0.09803	0.35617	0.05086	0.39337	0.01054	0.00556	0.00156	0.00253	0.00899	0.00493	0.00466
46	0.01349	0.00976	0.01076	0.00940	0.01224	0.01083	0.00739	0.03833	0.61493	0.15758	0.04733	0.01809	0.01509	0.00649	0.00488	0.00159	0.00380	0.00540	0.00506	0.00756
47	0.02144	0.00813	0.01109	0.00850	0.01220	0.00702	0.00702	0.02329	0.01368	0.80552	0.01886	0.01627	0.01183	0.00592	0.00481	0.00148	0.00407	0.00481	0.00592	0.00813
48	0.00891	0.00445	0.00445	0.00445	0.00557	0.00445	0.00334	0.01114	0.01002	0.01782	0.01559	0.01782	0.01225	0.00557	0.00334	0.00111	0.00223	0.00445	0.85856	0.00445
49	0.01278	0.83490	0.02505	0.00818	0.01227	0.01891	0.00818	0.01431	0.00971	0.01125	0.00664	0.00767	0.00613	0.00409	0.00307	0.00102	0.00511	0.00256	0.00204	0.00613
50	0.00584	0.00476	0.00518	0.00532	0.00667	0.00409	0.00393	0.00714	0.01094	0.01356	0.13273	0.16238	0.58235	0.01228	0.00573	0.00166	0.00249	0.02432	0.00453	0.00407
51	0.00903	0.00850	0.01434	0.82054	0.03292	0.01062	0.01327	0.01221	0.00956	0.01221	0.00850	0.01274	0.00637	0.00478	0.00478	0.00159	0.00637	0.00425	0.00212	0.00531
52	0.00704	0.00484	0.00630	0.00639	0.00711	0.00514	0.00465	0.00837	0.00841	0.01214	0.04057	0.07113	0.06928	0.21097	0.36941	0.00497	0.00760	0.02765	0.12407	0.00395
53	0.01079	0.00521	0.00561	0.00518	0.00671	0.00512	0.00399	0.03802	0.01089	0.11745	0.01587	0.01742	0.01206	0.00562	0.00357	0.00117	0.00256	0.00449	0.72322	0.00504
54	0.01462	0.03083	0.02896	0.01008	0.01334	0.01300	0.00827	0.37814	0.35826	0.02429	0.01501	0.01448	0.01108	0.00599	0.00470	0.00149	0.00448	0.00474	0.05063	0.00762
55	0.01252	0.08529	0.32139	0.08327	0.14593	0.01161	0.06254	0.07858	0.02216	0.11658	0.01023	0.01157	0.00743	0.00474	0.00460	0.00146	0.00611	0.00401	0.00287	0.00711
56	0.03280	0.64362	0.10056	0.00915	0.01344	0.04859	0.02615	0.02741	0.01024	0.04016	0.00744	0.00842	0.00636	0.00426	0.00340	0.00113	0.00544	0.00285	0.00227	0.00629
57	0.02086	0.00859	0.01131	0.00873	0.01240	0.00776	0.00719	0.07796	0.04292	0.72122	0.01835	0.01598	0.01167	0.00592	0.00481	0.00148	0.00414	0.00479	0.00580	0.00811
58	0.00895	0.00732	0.00849	0.06828	0.07665	0.05345	0.00584	0.03428	0.08367	0.01242	0.05410	0.05782	0.01625	0.44774	0.01573	0.03037	0.00481	0.00634	0.00317	0.00432
59	0.00689	0.00461	0.00523	0.00529	0.00530	0.00459	0.00298	0.00693	0.00707	0.00942	0.01566	0.07394	0.01814	0.78833	0.02335	0.00449	0.00453	0.00731	0.00298	0.00295
60	0.01503	0.01079	0.03644	0.00912	0.01223	0.01111	0.00762	0.48233	0.01815	0.07223	0.08845	0.01592	0.02909	0.00620	0.00461	0.00139	0.00434	0.00487	0.16311	0.00698
61	0.00660	0.00481	0.00621	0.00600	0.00708	0.00442	0.00445	0.00865	0.01294	0.01810	0.67742	0.11193	0.09267	0.01042	0.00568	0.00155	0.00232	0.00921	0.00513	0.00442
62	0.01171	0.01123	0.01918	0.06445	0.76807	0.01132	0.01461	0.01456	0.01082	0.01546	0.00897	0.01187	0.00752	0.00428	0.00473	0.00143	0.00571	0.00426	0.00236	0.00747
63	0.00959	0.02472	0.80726	0.01362	0.02069	0.01110	0.01766	0.01514	0.01009	0.01514	0.00858	0.01009	0.00605	0.00454	0.00454	0.00151	0.00706	0.00353	0.00202	0.00706
64	0.00673	0.00488	0.00634	0.00598	0.00712	0.00449	0.00448	0.00895	0.01345	0.01897	0.77593	0.03603	0.06898	0.00985	0.00564	0.00151	0.00226	0.00869	0.00524	0.00449
65	0.01276	0.81733	0.02493	0.00863	0.02912	0.01875	0.00832	0.01432	0.00974	0.01134	0.00669	0.00776	0.00616	0.00409	0.00310	0.00103	0.00512	0.00259	0.00205	0.00616
66	0.00604	0.00432	0.00578	0.00684	0.00722	0.00406	0.00475	0.00706	0.00950	0.01267	0.05597	0.72459	0.03174	0.01461	0.00613	0.00195	0.00291	0.08546	0.00447	0.00396
67	0.17431	0.00833	0.01036	0.00810	0.01167	0.00769	0.00669	0.02162	0.01268	0.66357	0.01665	0.01473	0.01063	0.00565	0.00447	0.00148	0.00400	0.00440	0.00538	0.00760
68	0.00575	0.00469	0.00509	0.00532	0.00660	0.00403	0.00386	0.00693	0.01064	0.01308	0.08354	0.22489	0.58371	0.01264	0.00575	0.00168	0.00249	0.01081	0.00448	0.00403
69	0.01243	0.00840	0.00961	0.00843	0.01095	0.00891	0.00660	0.02052	0.42706	0.18047	0.18570	0.02279	0.06249	0.00736	0.00506	0.00157	0.00345	0.00622	0.00514	0.00685
70	0.02144	0.00813	0.01109	0.00850	0.01220	0.00702	0.00702	0.02329	0.01368	0.80552	0.01886	0.01627	0.01183	0.00592	0.00481	0.00148	0.00407	0.00481	0.00592	0.00813
71	0.01278	0.83490	0.02505	0.00818	0.01227	0.01891	0.00818	0.01431	0.00971	0.01125	0.00664	0.00767	0.00613	0.00409	0.00307	0.00102	0.00511	0.00256	0.00204	0.00613
72	0.00600	0.00431	0.00572	0.00677	0.00718	0.00404	0.00470	0.00698	0.00944	0.01251	0.03796	0.72084	0.05914	0.01464	0.00612	0.00195	0.00290	0.08041	0.00445	0.00394
73	0.86579	0.00924	0.00702	0.00629	0.00924	0.01072	0.00518	0.01405	0.00813	0.02144	0.00666	0.00776	0.00518	0.00444	0.00296	0.00148	0.00370	0.00259	0.00296	0.00518
74	0.01377	0.01055	0.01138	0.00981	0.01278	0.01188	0.00775	0.14326	0.59963	0.09640	0.01816	0.01670	0.01332	0.00631	0.00485	0.00158	0.00404	0.00518	0.00495	0.00771
75	0.00582	0.00416	0.00555	0.00666	0.00693	0.00388	0.00444	0.00666	0.00915	0.01220	0.02634	0.82891	0.03161	0.01497	0.00610	0.00194	0.00277	0.01359	0.00444	0.00388
76	0.01128	0.01289	0.02820	0.02015	0.02498	0.01209	0.78485	0.01531	0.01128	0.01531	0.00967	0.01289	0.00725	0.00403	0.00564	0.00161	0.00806	0.00564	0.00242	0.00645
77	0.00903	0.00850	0.01434	0.82054	0.03292	0.01062	0.01327	0.01221	0.00956	0.01221	0.00850	0.01274	0.00637	0.00478	0.00478	0.00159	0.00637	0.00425	0.00212	0.00531
78	0.00582	0.00416	0.00555	0.00666	0.00693	0.00388	0.00444	0.00666	0.00915	0.01220	0.02634	0.82891	0.03161	0.01497	0.00610	0.00194	0.00277	0.01359	0.00444	0.00388
79	0.00991	0.00850	0.00991	0.00708	0.01133	0.00637	0.00566	0.01203	0.00991	0.01557	0.00850	0.00991	0.00708	0.00354	0.00354	0.00071	0.00354	0.00283	0.00283	0.86124
80	0.14801	0.01015	0.01214	0.15192	0.03393	0.01153	0.00879	0.24894	0.07106	0.11471	0.01168	0.03529	0.00900	0.01992	0.02355	0.00175	0.07275	0.00447	0.00380	0.00659
81	0.00573	0.00479	0.00499	0.00506	0.00654	0.00405	0.00375	0.00698	0.01092	0.01324	0.09314	0.10872	0.69132	0.01219	0.00568	0.00163	0.00244	0.01028	0.00449	0.00405
82	0.00666	0.00488	0.00624	0.00590	0.00707	0.00446	0.00443	0.00881	0.01328	0.01857	0.72749	0.03669	0.11767	0.01000	0.00564	0.00151	0.00227	0.00878	0.00518	0.00446
83	0.86579	0.00924	0.00702	0.00629	0.00924	0.01072	0.00518	0.01405	0.00813	0.02144	0.00666	0.00776	0.00518	0.00444	0.00296	0.00148	0.00370	0.00259	0.00296	0.00518
84	0.00779	0.00643	0.00948	0.00865	0.00933	0.00761	0.04770	0.00906	0.00762	0.01093	0.01196	0.02006	0.01200	0.23187	0.41658	0.00551	0.16521	0.00544	0.00255	0.00422
85	0.74983	0.00926	0.00769	0.00667	0.00973	0.01046	0.00549	0.03929	0.00917	0.10467	0.00810	0.00878	0.00597	0.00463	0.00321	0.00148	0.00379	0.00288	0.00333	0.00558
86	0.01559	0.01799	0.01320	0.08614	0.07224	0.54611	0.00942	0.03477	0.01299	0.03810	0.06104	0.01168	0.00931	0.00530	0.00461	0.00132	0.01788	0.00378	0.03282	0.00570
87	0.02044	0.00850	0.01117	0.00870	0.01231	0.00773	0.00714	0.04762	0.08710	0.70733	0.01868	0.01626	0.01197	0.00596	0.00481	0.00149	0.00408	0.00485	0.00578	0.00808
88	0.01085	0.00636	0.00870	0.05175	0.01132	0.00624	0.00733	0.01351	0.04900	0.19220	0.09840	0.05929	0.04761	0.01048	0.00588	0.00189	0.00409	0.40496	0.00473	0.00542
89	0.01044	0.24023	0.59919	0.01217	0.01845	0.01318	0.01514	0.01492	0.00999	0.01410	0.00806	0.00945	0.00608	0.00442	0.00415	0.00138	0.00654	0.00327	0.00203	0.00682
90	0.00599	0.00428	0.00574	0.00685	0.00720	0.00403	0.00473	0.00695	0.00932	0.01239	0.02625	0.75849	0.03124	0.01481	0.00615	0.00196	0.00292	0.08232	0.00443	0.00393
91	0.03709	0.00835	0.01114	0.00856	0.01224	0.00739	0.00707	0.05166	0.01391	0.76188	0.01835	0.01593	0.01157	0.00588	0.00477	0.00148	0.00410	0.00475	0.00582	0.00808
92	0.00588	0.00420	0.00561	0.00672	0.00703	0.00393	0.00454	0.00676	0.00921	0.01227	0.02631	0.80439	0.03148	0.01492	0.00612	0.00195	0.00282	0.03751	0.00444	0.00390
93	0.01189	0.01027	0.01081	0.00973	0.01243	0.01189	0.00757	0.02540	0.79357	0.01999	0.01945	0.01783	0.01459	0.00648	0.00486	0.00162	0.00378	0.00540	0.00486	0.00757
94	0.45855	0.00863	0.00875	0.00722	0.01042	0.00895	0.00594	0.02976	0.01078	0.35333	0.01228	0.01185	0.00834	0.00513	0.00379	0.00146	0.00381	0.00363	0.04091	0.00644
95	0.00903	0.00850	0.01434	0.82054	0.03292	0.01062	0.01327	0.01221	0.00956	0.01221	0.00850	0.01274	0.00637	0.00478	0.00478	0.00159	0.00637	0.00425	0.00212	0.00531
96	0.03071	0.02768	0.01468	0.43838	0.08903	0.05908	0.05275	0.02775	0.10955	0.03926	0.03868	0.01371	0.00911	0.00521	0.00501	0.00155	0.02457	0.00450	0.00282	0.00598
97	0.00661	0.00472	0.00531	0.00525	0.00582	0.00447	0.00333	0.00726	0.00893	0.01170	0.14689	0.03551	0.20947	0.50567	0.01690	0.00342	0.00373	0.00797	0.00364	0.00342
98	0.04598	0.13234	0.01479	0.01055	0.03841	0.01415	0.00849	0.41992	0.19377	0.02365	0.01221	0.01224	0.00915	0.00567	0.00465	0.01356	0.00480	0.00420	0.00417	0.02728
99	0.54818	0.00898	0.00865	0.00719	0.01043	0.00956	0.00593	0.04013	0.01048	0.29332	0.01102	0.01082	0.00757	0.00499	0.00365	0.00148	0.00387	0.00341	0.00404	0.00629
100	0.05067	0.02738	0.06290	0.05383	0.05813	0.00982	0.04291	0.22607	0.01384	0.09984	0.05129	0.16726	0.01534	0.00777	0.00525	0.00160	0.01868	0.05747	0.00404	0.02589
101	0.00961	0.02453	0.79486	0.01373	0.02076	0.01112	0.02987	0.01514	0.01011	0.01514	0.00859	0.01014	0.00607	0.00453	0.00456	0.00152	0.00708	0.00357	0.00202	0.00705
102	0.02144	0.00813	0.01109	0.00850	0.01220	0.00702	0.00702	0.02329	0.01368	0.80552	0.01886	0.01627	0.01183	0.00592	0.00481	0.00148	0.00407	0.00481	0.00592	0.00813
103	0.01112	0.01148	0.06064	0.10448	0.61499	0.01092	0.04124	0.01410	0.01066	0.01510	0.00986	0.04310	0.00859	0.00486	0.00484	0.00148	0.00577	0.01723	0.00244	0.00709
104	0.11304	0.12764	0.33711	0.01114	0.03289	0.01191	0.01178	0.09326	0.01155	0.13779	0.02430	0.01110	0.00781	0.00507	0.00476	0.00145	0.04374	0.00370	0.00308	0.00687
105	0.00666	0.00485	0.00634	0.00724	0.00799	0.00464	0.00551	0.02063	0.01014	0.01323	0.02785	0.45765	0.10946	0.02790	0.00651	0.00203	0.00336	0.26946	0.00440	0.00413
106	0.80896	0.00944	0.00816	0.00750	0.03471	0.01079	0.03285	0.01411	0.00833	0.02105	0.00683	0.00807	0.00532	0.00442	0.00311	0.00148	0.00391	0.00275	0.00292	0.00530
107	0.00582	0.00416	0.00555	0.00666	0.00693	0.00388	0.00444	0.00666	0.00915	0.01220	0.02634	0.82891	0.03161	0.01497	0.00610	0.00194	0.00277	0.01359	0.00444	0.00388
108	0.00676	0.00489	0.00639	0.00601	0.00714	0.00451	0.00451	0.00902	0.01353	0.01917	0.79969	0.03570	0.04510	0.00977	0.00564	0.00150	0.00225	0.00864	0.00526	0.00451
109	0.01634	0.01264	0.01425	0.01120	0.01472	0.01410	0.04364	0.57215	0.17876	0.02681	0.01286	0.01280	0.00935	0.00590	0.00518	0.00150	0.03078	0.00458	0.00461	0.00785
110	0.06826	0.01072	0.07345	0.38533	0.14692	0.01088	0.07384	0.01505	0.08671	0.05701	0.01015	0.01274	0.00762	0.00487	0.00485	0.00156	0.01676	0.00434	0.00270	0.00624
111	0.00727	0.00545	0.00681	0.00643	0.00770	0.00529	0.00483	0.01069	0.09905	0.01887	0.66945	0.06749	0.05296	0.00967	0.00557	0.00154	0.00245	0.00852	0.00517	0.00481
112	0.00734	0.00473	0.00554	0.00554	0.00578	0.00463	0.00332	0.00765	0.00788	0.03896	0.06966	0.11700	0.02059	0.65839	0.02039	0.00402	0.00425	0.00770	0.00333	0.00330
113	0.21278	0.15656	0.03006	0.03166	0.01217	0.02937	0.00709	0.02838	0.09733	0.13996	0.01056	0.01104	0.00800	0.00495	0.00418	0.01453	0.01676	0.00345	0.00339	0.17778

[dist]
# distance from previous block
# <min> <max>
4	21

[block]
# block no. 5 follows, 53 sequences, length 29
# corresponding to MSA columns:
# 329-357
name=unknown_F
#
# <colnr> <probs for GDERKNQSTAVLIFYWHMCP>
#	G	D	E	R	K	N	Q	S	T	A	V	L	I	F	Y	W	H	M	C	P
0	0.51509	0.00912	0.03384	0.06788	0.01176	0.00975	0.00663	0.02533	0.00930	0.13304	0.01018	0.05887	0.00835	0.02551	0.02381	0.00176	0.03690	0.00396	0.00336	0.00557
1	0.06634	0.00564	0.00706	0.00635	0.00799	0.00527	0.00489	0.01134	0.01310	0.13219	0.60946	0.03138	0.06263	0.00894	0.00534	0.00150	0.00262	0.00773	0.00517	0.00506
2	0.08477	0.02157	0.03315	0.13966	0.06526	0.04497	0.02678	0.03233	0.05214	0.14541	0.01609	0.15571	0.02531	0.00945	0.05281	0.00200	0.00523	0.07785	0.00373	0.00579
3	0.05293	0.08787	0.10126	0.01229	0.11191	0.03231	0.06092	0.03732	0.07501	0.16609	0.09029	0.08654	0.01467	0.00659	0.00505	0.00152	0.02389	0.02324	0.00378	0.00651
4	0.00618	0.00488	0.00596	0.05374	0.00828	0.00451	0.00461	0.00764	0.01091	0.01410	0.21784	0.24847	0.35694	0.02652	0.00605	0.00173	0.00275	0.01027	0.00447	0.00416
5	0.02144	0.00813	0.01109	0.00850	0.01220	0.00702	0.00702	0.02329	0.01368	0.80552	0.01886	0.01627	0.01183	0.00592	0.00481	0.00148	0.00407	0.00481	0.00592	0.00813
6	0.04701	0.04763	0.29460	0.22652	0.12292	0.01146	0.09221	0.05125	0.01077	0.03845	0.00900	0.01134	0.00669	0.00459	0.00463	0.00151	0.00641	0.00402	0.00242	0.00657
7	0.31871	0.02899	0.21107	0.05793	0.01488	0.01057	0.02795	0.08783	0.01123	0.14236	0.03954	0.01150	0.00836	0.00502	0.00409	0.00149	0.00498	0.00373	0.00336	0.00642
8	0.00580	0.00474	0.00514	0.00536	0.00669	0.00408	0.00396	0.00702	0.01070	0.01312	0.07899	0.19041	0.59707	0.01256	0.00576	0.00169	0.00254	0.03584	0.00448	0.00404
9	0.11119	0.00853	0.01083	0.00840	0.01202	0.00783	0.00694	0.06251	0.01355	0.68117	0.01717	0.01511	0.01093	0.00575	0.00461	0.00148	0.00409	0.00454	0.00554	0.00782
10	0.11679	0.01259	0.18234	0.01018	0.03521	0.00964	0.00947	0.12184	0.05789	0.33629	0.01492	0.02882	0.03122	0.00574	0.00458	0.00150	0.00479	0.00453	0.00435	0.00732
11	0.01175	0.01128	0.01926	0.05066	0.78148	0.01134	0.01463	0.01460	0.01085	0.01552	0.00898	0.01185	0.00754	0.00427	0.00473	0.00142	0.00570	0.00426	0.00236	0.00751
12	0.01737	0.01291	0.01391	0.01062	0.01448	0.01400	0.00875	0.71129	0.02126	0.02871	0.01119	0.01132	0.00803	0.00552	0.00466	0.00136	0.00509	0.00416	0.00459	0.09075
13	0.01137	0.00918	0.03292	0.00811	0.01222	0.00718	0.03562	0.04309	0.03215	0.09658	0.01054	0.03539	0.00852	0.00433	0.00394	0.00093	0.00391	0.00361	0.00329	0.63713
14	0.00636	0.00464	0.00588	0.00672	0.00715	0.01947	0.00461	0.00718	0.00951	0.01260	0.08903	0.64651	0.04862	0.01433	0.00688	0.05973	0.00299	0.03963	0.00431	0.00387
15	0.02144	0.00813	0.01109	0.00850	0.01220	0.00702	0.00702	0.02329	0.01368	0.80552	0.01886	0.01627	0.01183	0.00592	0.00481	0.00148	0.00407	0.00481	0.00592	0.00813
16	0.00749	0.00502	0.00652	0.00623	0.00745	0.00459	0.00468	0.00952	0.01287	0.06436	0.60954	0.11384	0.08836	0.01030	0.00566	0.00157	0.00248	0.02973	0.00514	0.00463
17	0.00989	0.00752	0.01058	0.06843	0.01292	0.00768	0.08213	0.02660	0.16373	0.08491	0.13649	0.04637	0.11901	0.00904	0.00558	0.00173	0.00417	0.19318	0.00440	0.00562
18	0.86579	0.00924	0.00702	0.00629	0.00924	0.01072	0.00518	0.01405	0.00813	0.02144	0.00666	0.00776	0.00518	0.00444	0.00296	0.00148	0.00370	0.00259	0.00296	0.00518
19	0.01189	0.01027	0.01081	0.00973	0.01243	0.01189	0.00757	0.02540	0.79357	0.01999	0.01945	0.01783	0.01459	0.00648	0.00486	0.00162	0.00378	0.00540	0.00486	0.00757
20	0.01183	0.01136	0.01940	0.02934	0.80221	0.01136	0.01467	0.01467	0.01088	0.01562	0.00899	0.01183	0.00757	0.00426	0.00473	0.00142	0.00568	0.00426	0.00237	0.00757
21	0.01725	0.00923	0.04109	0.11168	0.01583	0.00854	0.05431	0.03077	0.05686	0.51011	0.01635	0.01681	0.01122	0.00605	0.00536	0.00157	0.03734	0.03751	0.00480	0.00733
22	0.00787	0.00533	0.00687	0.00634	0.00769	0.00501	0.00480	0.01063	0.05031	0.06561	0.71683	0.03371	0.04170	0.00939	0.00555	0.00151	0.00243	0.00826	0.00528	0.00487
23	0.00606	0.00433	0.00581	0.00687	0.00727	0.00408	0.00480	0.00708	0.00947	0.01262	0.04723	0.72193	0.03153	0.01464	0.00614	0.00196	0.00294	0.09685	0.00446	0.00396
24	0.00629	0.00492	0.00730	0.00755	0.00831	0.00456	0.06446	0.00749	0.00970	0.01293	0.07628	0.67040	0.07425	0.01363	0.00601	0.00187	0.00313	0.01246	0.00433	0.00413
25	0.00993	0.00937	0.01552	0.40067	0.29240	0.01086	0.01284	0.01267	0.00963	0.01321	0.00882	0.01273	0.00726	0.00765	0.07611	0.00211	0.08565	0.00432	0.00224	0.00599
26	0.09006	0.01234	0.01452	0.01108	0.01491	0.01327	0.07596	0.55912	0.01919	0.12407	0.01182	0.01188	0.00826	0.00550	0.00470	0.00146	0.00522	0.00434	0.00456	0.00773
27	0.00918	0.00865	0.01460	0.77849	0.07380	0.01066	0.01335	0.01234	0.00963	0.01239	0.00852	0.01269	0.00644	0.00475	0.00478	0.00158	0.00633	0.00425	0.00214	0.00543
28	0.01229	0.65053	0.17973	0.00938	0.01401	0.04064	0.01009	0.01462	0.00990	0.01203	0.00705	0.00818	0.00612	0.00420	0.00340	0.00113	0.00560	0.00276	0.00205	0.00630

[dist]
# distance from previous block
# <min> <max>
0	1

[block]
# block no. 6 follows, 53 sequences, length 19
# corresponding to MSA columns:
# 359-377
name=unknown_G
#
# <colnr> <probs for GDERKNQSTAVLIFYWHMCP>
#	G	D	E	R	K	N	Q	S	T	A	V	L	I	F	Y	W	H	M	C	P
0	0.00778	0.00631	0.00876	0.00848	0.00962	0.00655	0.03913	0.03001	0.01035	0.01412	0.09435	0.31087	0.07108	0.01157	0.00718	0.00185	0.11144	0.18542	0.00401	0.06112
1	0.03524	0.01264	0.01277	0.03531	0.04746	0.09211	0.00871	0.30744	0.35358	0.02257	0.01421	0.01390	0.01058	0.00586	0.00472	0.00150	0.00497	0.00461	0.00436	0.00745
2	0.00678	0.00498	0.00639	0.00629	0.00737	0.00467	0.00470	0.00914	0.03710	0.01770	0.59617	0.14621	0.07899	0.01066	0.00572	0.00160	0.00248	0.04352	0.00506	0.00449
3	0.01285	0.15746	0.41142	0.08422	0.01838	0.01158	0.01314	0.03378	0.01104	0.18662	0.01054	0.01129	0.00740	0.00481	0.00437	0.00143	0.00598	0.00372	0.00294	0.00700
4	0.01107	0.12288	0.10181	0.06780	0.05097	0.01269	0.49734	0.01469	0.01070	0.01442	0.00929	0.02706	0.00737	0.00445	0.00535	0.00153	0.02686	0.00500	0.00234	0.00636
5	0.81306	0.00917	0.00728	0.00642	0.00943	0.01049	0.00529	0.01463	0.00848	0.07041	0.00742	0.00830	0.00559	0.00453	0.00307	0.00148	0.00372	0.00273	0.00314	0.00536
6	0.00582	0.00416	0.00555	0.00666	0.00693	0.00388	0.00444	0.00666	0.00915	0.01220	0.02634	0.82891	0.03161	0.01497	0.00610	0.00194	0.00277	0.01359	0.00444	0.00388
7	0.01196	0.62758	0.22522	0.00957	0.01442	0.01691	0.01060	0.01452	0.00981	0.01224	0.00714	0.00829	0.00611	0.00420	0.00344	0.00115	0.00561	0.00281	0.00204	0.00637
8	0.00725	0.00567	0.00822	0.00799	0.00867	0.00682	0.00618	0.00872	0.00757	0.01097	0.01229	0.01904	0.01183	0.10846	0.64901	0.00677	0.10258	0.00519	0.00254	0.00424
9	0.00669	0.00488	0.00628	0.00593	0.00709	0.00448	0.00445	0.00887	0.01334	0.01872	0.74632	0.03643	0.09875	0.00994	0.00564	0.00151	0.00227	0.00875	0.00520	0.00448
10	0.05770	0.00840	0.01105	0.00851	0.01218	0.00751	0.00703	0.05459	0.01381	0.73951	0.01802	0.01570	0.01139	0.00584	0.00473	0.00148	0.00410	0.00469	0.00574	0.00801
11	0.01286	0.00941	0.01045	0.00936	0.01202	0.01045	0.00736	0.02341	0.59738	0.13935	0.01998	0.05455	0.01562	0.00713	0.00500	0.00165	0.00382	0.04791	0.00498	0.00732
12	0.00813	0.00463	0.00687	0.03924	0.00780	0.00484	0.00497	0.00690	0.00695	0.00929	0.01095	0.09647	0.01150	0.01548	0.01611	0.66352	0.03389	0.04740	0.00244	0.00263
13	0.01785	0.02278	0.01354	0.01231	0.01478	0.81284	0.00924	0.01909	0.01354	0.01170	0.00739	0.00862	0.00616	0.00493	0.00431	0.00123	0.00862	0.00308	0.00246	0.00554
14	0.01922	0.01171	0.01330	0.01020	0.01398	0.01232	0.00842	0.54191	0.01966	0.27846	0.01384	0.01301	0.00931	0.00579	0.00479	0.00145	0.00488	0.00446	0.00514	0.00813
15	0.27986	0.00926	0.01033	0.00820	0.01169	0.00933	0.00677	0.13521	0.01330	0.44847	0.01400	0.01294	0.00923	0.00544	0.00424	0.00147	0.00413	0.00405	0.00484	0.00723
16	0.00968	0.00662	0.00956	0.10522	0.01323	0.00678	0.03109	0.04278	0.02419	0.09505	0.06029	0.08870	0.02296	0.01072	0.00600	0.00195	0.00453	0.45124	0.00429	0.00512
17	0.00605	0.00432	0.00579	0.00681	0.00721	0.00406	0.00473	0.00709	0.00959	0.01282	0.07454	0.71069	0.03209	0.01449	0.00612	0.00194	0.00288	0.08032	0.00449	0.00397
18	0.00817	0.00699	0.00869	0.12799	0.01248	0.04007	0.01802	0.04116	0.05401	0.01428	0.08352	0.30019	0.13137	0.01052	0.00581	0.00172	0.02596	0.07048	0.00396	0.03460

[dist]
# distance from previous block
# <min> <max>
0	1

[block]
# block no. 7 follows, 53 sequences, length 11
# corresponding to MSA columns:
# 379-389
name=unknown_H
#
# <colnr> <probs for GDERKNQSTAVLIFYWHMCP>
#	G	D	E	R	K	N	Q	S	T	A	V	L	I	F	Y	W	H	M	C	P
0	0.01614	0.01228	0.01371	0.01192	0.07576	0.01354	0.00895	0.57447	0.12682	0.02635	0.01259	0.01356	0.00953	0.05495	0.00595	0.00165	0.00505	0.00461	0.00449	0.00770
1	0.02749	0.28456	0.12535	0.03685	0.03833	0.08028	0.05634	0.07975	0.01114	0.05730	0.00837	0.00993	0.00676	0.00505	0.00562	0.00137	0.11842	0.00352	0.00260	0.04097
2	0.01278	0.83490	0.02505	0.00818	0.01227	0.01891	0.00818	0.01431	0.00971	0.01125	0.00664	0.00767	0.00613	0.00409	0.00307	0.00102	0.00511	0.00256	0.00204	0.00613
