[name]
unknown

[dist]
# distance from previous block
# <min> <max>
14	119

[block]
# block no. 0 follows, 50 sequences, length 10
# corresponding to MSA columns:
# 128-137
name=unknown_A
#
# <colnr> <probs for GDERKNQSTAVLIFYWHMCP>
#	G	D	E	R	K	N	Q	S	T	A	V	L	I	F	Y	W	H	M	C	P
0	0.01329	0.00677	0.00877	0.00772	0.00997	0.00620	0.00607	0.04199	0.03271	0.31595	0.23169	0.14558	0.08732	0.00963	0.00563	0.00168	0.00345	0.05387	0.00547	0.00622
1	0.00629	0.00459	0.00592	0.00659	0.00723	0.00422	0.00456	0.00755	0.01082	0.01454	0.21291	0.55472	0.11363	0.01401	0.00620	0.00188	0.00272	0.01256	0.00483	0.00422
2	0.01595	0.01160	0.01308	0.01112	0.05292	0.01248	0.00855	0.52130	0.03929	0.06121	0.11372	0.04256	0.05929	0.00714	0.00519	0.00154	0.00477	0.00575	0.00495	0.00757
3	0.00895	0.00514	0.00688	0.00735	0.00828	0.00473	0.00524	0.01006	0.01037	0.14330	0.02568	0.60959	0.02873	0.04278	0.00685	0.00206	0.00330	0.06109	0.00482	0.00479
4	0.01667	0.01017	0.01173	0.00974	0.01303	0.01074	0.00780	0.12944	0.37706	0.29911	0.04604	0.01775	0.01437	0.00656	0.00507	0.00161	0.00421	0.00537	0.00547	0.00807
5	0.01333	0.82783	0.02612	0.00853	0.01279	0.01972	0.00853	0.01493	0.01013	0.01173	0.00693	0.00800	0.00640	0.00426	0.00320	0.00107	0.00533	0.00267	0.00213	0.00640
6	0.01034	0.00886	0.01034	0.00738	0.01181	0.00664	0.00591	0.01255	0.01034	0.01624	0.00886	0.01034	0.00738	0.00369	0.00369	0.00074	0.00369	0.00295	0.00295	0.85530
7	0.01126	0.02359	0.62160	0.01467	0.02129	0.05738	0.09728	0.06574	0.01170	0.01662	0.00919	0.01084	0.00659	0.00478	0.00486	0.00157	0.00745	0.00394	0.00236	0.00728
8	0.01115	0.00988	0.01657	0.43809	0.32732	0.01098	0.01386	0.01423	0.01078	0.05392	0.01027	0.01472	0.00825	0.00516	0.00504	0.00161	0.00616	0.03285	0.00260	0.00657
9	0.00941	0.00886	0.01495	0.81285	0.03433	0.01107	0.01384	0.01274	0.00997	0.01274	0.00886	0.01329	0.00664	0.00498	0.00498	0.00166	0.00664	0.00443	0.00221	0.00554

[dist]
# distance from previous block
# <min> <max>
0	1

[block]
# block no. 1 follows, 50 sequences, length 34
# corresponding to MSA columns:
# 139-172
name=unknown_B
#
# <colnr> <probs for GDERKNQSTAVLIFYWHMCP>
#	G	D	E	R	K	N	Q	S	T	A	V	L	I	F	Y	W	H	M	C	P
0	0.00954	0.00910	0.01570	0.77170	0.03390	0.01115	0.05343	0.01290	0.01006	0.01290	0.00892	0.01330	0.00669	0.00494	0.00503	0.00166	0.00674	0.00451	0.00223	0.00560
1	0.01256	0.01263	0.09103	0.21857	0.12432	0.01162	0.27637	0.05399	0.03590	0.09708	0.01098	0.01345	0.00804	0.00485	0.00527	0.00162	0.00683	0.00497	0.00298	0.00694
2	0.01042	0.04943	0.09977	0.01148	0.08502	0.00795	0.06117	0.04509	0.01150	0.10559	0.06626	0.35300	0.02183	0.01010	0.00564	0.00176	0.00448	0.03956	0.00412	0.00584
3	0.01204	0.04617	0.02638	0.01877	0.02336	0.01199	0.63338	0.01584	0.01180	0.05629	0.01195	0.01734	0.00971	0.00519	0.00582	0.00170	0.00771	0.07507	0.00288	0.00660
4	0.01929	0.00814	0.01094	0.00900	0.01233	0.00736	0.00748	0.02202	0.06057	0.61511	0.02086	0.02384	0.01533	0.00752	0.00534	0.00168	0.00428	0.13532	0.00583	0.00778
5	0.05652	0.02000	0.45998	0.01501	0.06873	0.02829	0.11238	0.08649	0.01219	0.07915	0.01011	0.01149	0.00720	0.00488	0.00485	0.00157	0.00684	0.00413	0.00283	0.00737
6	0.01222	0.01954	0.50296	0.03779	0.01936	0.01057	0.05779	0.05427	0.01210	0.13949	0.07563	0.01407	0.01082	0.00545	0.00496	0.00158	0.00640	0.00452	0.00319	0.00728
7	0.01129	0.00681	0.00842	0.00747	0.00948	0.00662	0.00577	0.01543	0.14843	0.18818	0.39702	0.03027	0.06938	0.04932	0.00654	0.00177	0.00322	0.02323	0.00538	0.00597
8	0.81804	0.05022	0.00826	0.00665	0.00980	0.01161	0.00555	0.01467	0.00856	0.02184	0.00694	0.00809	0.00545	0.00461	0.00309	0.00152	0.00393	0.00270	0.00304	0.00545
9	0.86003	0.00964	0.00733	0.00655	0.00964	0.01118	0.00540	0.01465	0.00848	0.02236	0.00694	0.00810	0.00540	0.00463	0.00308	0.00154	0.00386	0.00270	0.00308	0.00540
10	0.47018	0.26995	0.01429	0.00832	0.02463	0.09495	0.00705	0.01559	0.02952	0.01782	0.00740	0.00850	0.00611	0.00462	0.00335	0.00137	0.00488	0.00285	0.00277	0.00586
11	0.01207	0.52417	0.31874	0.01068	0.01612	0.01664	0.01227	0.01525	0.01028	0.01326	0.00769	0.00895	0.00637	0.00444	0.00378	0.00126	0.00610	0.00305	0.00212	0.00676
12	0.01270	0.01080	0.01783	0.02577	0.62267	0.01072	0.01343	0.01568	0.03040	0.08794	0.01239	0.06387	0.01087	0.00572	0.00511	0.00156	0.00548	0.03638	0.00309	0.00758
13	0.01149	0.06636	0.58688	0.01310	0.03368	0.01119	0.01551	0.01656	0.03496	0.10381	0.01137	0.05354	0.00869	0.00549	0.00478	0.00157	0.00653	0.00440	0.00280	0.00729
14	0.01305	0.00725	0.00918	0.00771	0.01003	0.00689	0.00609	0.11606	0.01540	0.24530	0.46509	0.02803	0.03190	0.00847	0.00551	0.00155	0.00331	0.00726	0.00562	0.00629
15	0.00705	0.00510	0.00666	0.00627	0.00745	0.00470	0.00470	0.00941	0.01411	0.01999	0.79110	0.03723	0.04703	0.01019	0.00588	0.00157	0.00235	0.00901	0.00549	0.00470
16	0.01135	0.01001	0.01682	0.45690	0.33118	0.01115	0.01402	0.01444	0.01077	0.06176	0.00972	0.01314	0.00748	0.00484	0.00497	0.00158	0.00621	0.00447	0.00255	0.00664
17	0.01468	0.18046	0.32006	0.01206	0.01697	0.25155	0.01255	0.01784	0.01196	0.10424	0.00942	0.01031	0.00706	0.00493	0.00439	0.00139	0.00709	0.00349	0.00272	0.00683
18	0.00712	0.00534	0.00801	0.00801	0.00890	0.00623	0.00623	0.00890	0.00801	0.01157	0.01335	0.01958	0.01246	0.03738	0.80507	0.00801	0.01335	0.00534	0.00267	0.00445
19	0.00725	0.00483	0.00544	0.00544	0.00544	0.00483	0.00302	0.00725	0.00725	0.00966	0.01571	0.03262	0.01812	0.82483	0.02537	0.00483	0.00483	0.00725	0.00302	0.00302
20	0.01783	0.12229	0.01554	0.01225	0.01503	0.69076	0.00946	0.01944	0.03072	0.01233	0.00789	0.00908	0.00661	0.00507	0.00435	0.00127	0.00843	0.00320	0.00257	0.00590
21	0.04379	0.01590	0.01321	0.01187	0.03813	0.28486	0.00898	0.18892	0.30346	0.02012	0.01337	0.01330	0.01017	0.00589	0.00479	0.00150	0.00607	0.00442	0.00405	0.00721
22	0.01556	0.05998	0.05406	0.01195	0.01572	0.08259	0.10335	0.18824	0.27006	0.12391	0.01469	0.01444	0.01070	0.00581	0.00497	0.00155	0.00556	0.00485	0.00435	0.00766
23	0.86003	0.00964	0.00733	0.00655	0.00964	0.01118	0.00540	0.01465	0.00848	0.02236	0.00694	0.00810	0.00540	0.00463	0.00308	0.00154	0.00386	0.00270	0.00308	0.00540
24	0.00725	0.00483	0.00544	0.00544	0.00544	0.00483	0.00302	0.00725	0.00725	0.00966	0.01571	0.03262	0.01812	0.82483	0.02537	0.00483	0.00483	0.00725	0.00302	0.00302
25	0.01134	0.09013	0.41770	0.01610	0.02213	0.05153	0.28914	0.01598	0.01111	0.01533	0.00912	0.01128	0.00678	0.00452	0.00500	0.00156	0.00764	0.00436	0.00228	0.00697
26	0.00941	0.00886	0.01495	0.81285	0.03433	0.01107	0.01384	0.01274	0.00997	0.01274	0.00886	0.01329	0.00664	0.00498	0.00498	0.00166	0.00664	0.00443	0.00221	0.00554
27	0.00866	0.00433	0.00649	0.00649	0.00649	0.00433	0.00433	0.00649	0.00649	0.00866	0.00866	0.01515	0.00866	0.01732	0.01948	0.85498	0.00433	0.00433	0.00216	0.00216
28	0.01201	0.01208	0.01783	0.29131	0.45817	0.09379	0.01422	0.01491	0.01117	0.01467	0.00903	0.01231	0.00732	0.00470	0.00491	0.00152	0.00648	0.00431	0.00239	0.00688
29	0.01170	0.01120	0.01909	0.19966	0.62961	0.01168	0.01498	0.01474	0.01105	0.01552	0.00926	0.01254	0.00763	0.00456	0.00495	0.00152	0.00608	0.00444	0.00241	0.00739
30	0.00589	0.00505	0.00505	0.00505	0.00673	0.00421	0.00379	0.00715	0.01136	0.01347	0.05049	0.04797	0.79171	0.01262	0.00589	0.00168	0.00252	0.01052	0.00463	0.00421
31	0.00712	0.00534	0.00801	0.00801	0.00890	0.00623	0.00623	0.00890	0.00801	0.01157	0.01335	0.01958	0.01246	0.03738	0.80507	0.00801	0.01335	0.00534	0.00267	0.00445
32	0.83005	0.03861	0.00799	0.00662	0.00975	0.01148	0.00551	0.01466	0.00854	0.02199	0.00694	0.00809	0.00543	0.00461	0.00309	0.00153	0.00391	0.00270	0.00305	0.00543
33	0.01146	0.16539	0.49175	0.01256	0.01856	0.01315	0.03316	0.07711	0.05848	0.01658	0.00961	0.01089	0.00721	0.00533	0.01697	0.00156	0.00663	0.00374	0.00257	0.03728

[dist]
# distance from previous block
# <min> <max>
0	1

[block]
# block no. 2 follows, 50 sequences, length 27
# corresponding to MSA columns:
# 174-200
name=unknown_C
#
# <colnr> <probs for GDERKNQSTAVLIFYWHMCP>
#	G	D	E	R	K	N	Q	S	T	A	V	L	I	F	Y	W	H	M	C	P
0	0.01285	0.01061	0.01128	0.01009	0.01295	0.01217	0.00786	0.02639	0.75005	0.05579	0.02026	0.01852	0.01509	0.00674	0.00507	0.00168	0.00396	0.00561	0.00512	0.00792
1	0.01293	0.65412	0.16417	0.00971	0.01446	0.04754	0.01034	0.01527	0.01035	0.01247	0.00732	0.00849	0.00638	0.00438	0.00352	0.00117	0.00583	0.00287	0.00214	0.00655
2	0.10819	0.48635	0.22671	0.01000	0.01487	0.05397	0.01083	0.01536	0.01024	0.01402	0.00750	0.00872	0.00626	0.00447	0.00365	0.00126	0.00587	0.00296	0.00225	0.00651
3	0.00705	0.00510	0.00666	0.00627	0.00745	0.00470	0.00470	0.00941	0.01411	0.01999	0.79110	0.03723	0.04703	0.01019	0.00588	0.00157	0.00235	0.00901	0.00549	0.00470
4	0.01862	0.02376	0.01413	0.01284	0.01541	0.80482	0.00963	0.01990	0.01413	0.01220	0.00770	0.00899	0.00642	0.00514	0.00449	0.00128	0.00899	0.00321	0.00257	0.00578
5	0.01180	0.01084	0.01747	0.33346	0.40760	0.01188	0.01402	0.08372	0.03102	0.01639	0.00968	0.01283	0.00764	0.00485	0.00496	0.00156	0.00612	0.00447	0.00266	0.00703
6	0.00705	0.00510	0.00666	0.00627	0.00745	0.00470	0.00470	0.00941	0.01411	0.01999	0.79110	0.03723	0.04703	0.01019	0.00588	0.00157	0.00235	0.00901	0.00549	0.00470
7	0.01176	0.01345	0.02941	0.02101	0.02605	0.01261	0.77563	0.01597	0.01176	0.01597	0.01008	0.01345	0.00756	0.00420	0.00588	0.00168	0.00840	0.00588	0.00252	0.00672
8	0.00739	0.00602	0.00912	0.17484	0.09195	0.00628	0.00759	0.00897	0.00981	0.01308	0.02183	0.57412	0.02504	0.01231	0.00594	0.00189	0.00397	0.01119	0.00391	0.00474
9	0.01333	0.82783	0.02612	0.00853	0.01279	0.01972	0.00853	0.01493	0.01013	0.01173	0.00693	0.00800	0.00640	0.00426	0.00320	0.00107	0.00533	0.00267	0.00213	0.00640
10	0.00589	0.00505	0.00505	0.00505	0.00673	0.00421	0.00379	0.00715	0.01136	0.01347	0.05049	0.04797	0.79171	0.01262	0.00589	0.00168	0.00252	0.01052	0.00463	0.00421
11	0.00941	0.00886	0.01495	0.81285	0.03433	0.01107	0.01384	0.01274	0.00997	0.01274	0.00886	0.01329	0.00664	0.00498	0.00498	0.00166	0.00664	0.00443	0.00221	0.00554
12	0.00878	0.01100	0.14953	0.00977	0.01223	0.07142	0.06057	0.01203	0.07391	0.01474	0.07837	0.35532	0.08641	0.01065	0.00572	0.00178	0.00461	0.02384	0.00397	0.00535
13	0.86003	0.00964	0.00733	0.00655	0.00964	0.01118	0.00540	0.01465	0.00848	0.02236	0.00694	0.00810	0.00540	0.00463	0.00308	0.00154	0.00386	0.00270	0.00308	0.00540
14	0.01091	0.01091	0.01527	0.01309	0.01309	0.01527	0.01091	0.01200	0.00763	0.01200	0.00654	0.01091	0.00654	0.00872	0.01636	0.00218	0.81570	0.00436	0.00218	0.00545
15	0.02024	0.01092	0.01427	0.01082	0.01482	0.01078	0.07018	0.30356	0.01747	0.44933	0.01603	0.01482	0.01052	0.00594	0.00507	0.00154	0.00504	0.00489	0.00543	0.00834
16	0.01180	0.01201	0.02269	0.04835	0.46244	0.01175	0.28437	0.01518	0.01159	0.01625	0.04681	0.01394	0.00960	0.00465	0.00532	0.00156	0.00665	0.00517	0.00262	0.00726
17	0.01240	0.01071	0.01127	0.01014	0.01296	0.01240	0.00789	0.02649	0.78473	0.02085	0.02029	0.01860	0.01522	0.00676	0.00507	0.00169	0.00394	0.00564	0.00507	0.00789
18	0.00705	0.00510	0.00666	0.00627	0.00745	0.00470	0.00470	0.00941	0.01411	0.01999	0.79110	0.03723	0.04703	0.01019	0.00588	0.00157	0.00235	0.00901	0.00549	0.00470
19	0.01263	0.16803	0.51945	0.01235	0.01854	0.01268	0.01476	0.05296	0.01155	0.11747	0.01012	0.01097	0.00722	0.00490	0.00451	0.00148	0.00650	0.00371	0.00278	0.00739
20	0.01680	0.01760	0.01604	0.01870	0.29250	0.41587	0.01139	0.03716	0.01338	0.09989	0.00971	0.01113	0.00764	0.00502	0.00472	0.00139	0.00729	0.00388	0.00298	0.00689
21	0.01091	0.00727	0.00869	0.00775	0.00985	0.00736	0.00600	0.01662	0.24224	0.13824	0.40873	0.02916	0.06916	0.00868	0.00551	0.00161	0.00312	0.00748	0.00543	0.00620
22	0.00683	0.00494	0.00661	0.00767	0.00841	0.00472	0.00590	0.00829	0.01045	0.01364	0.02888	0.45960	0.09177	0.01465	0.00653	0.00210	0.00353	0.30660	0.00461	0.00427
23	0.01365	0.07776	0.03037	0.08581	0.25184	0.07675	0.05230	0.12284	0.01314	0.09105	0.01289	0.11099	0.01144	0.00644	0.00504	0.00155	0.00573	0.02006	0.00343	0.00693
24	0.00795	0.00530	0.00738	0.00821	0.00902	0.00526	0.00671	0.00909	0.01011	0.01319	0.02280	0.09505	0.04174	0.05172	0.01032	0.18128	0.00439	0.50251	0.00401	0.00397
25	0.00648	0.00472	0.00614	0.00704	0.00753	0.00452	0.00480	0.00814	0.04831	0.01381	0.09878	0.70825	0.03341	0.01467	0.00625	0.00196	0.00289	0.01326	0.00473	0.00430
26	0.05318	0.06160	0.01475	0.11961	0.22481	0.02666	0.01042	0.01929	0.27228	0.09092	0.01440	0.04728	0.01140	0.00592	0.00485	0.00158	0.00499	0.00507	0.00376	0.00723

[dist]
# distance from previous block
# <min> <max>
1	4

[block]
# block no. 3 follows, 50 sequences, length 26
# corresponding to MSA columns:
# 205-230
name=unknown_D
#
# <colnr> <probs for GDERKNQSTAVLIFYWHMCP>
#	G	D	E	R	K	N	Q	S	T	A	V	L	I	F	Y	W	H	M	C	P
0	0.47568	0.07590	0.01014	0.09188	0.02782	0.01063	0.00680	0.03105	0.01004	0.06918	0.05774	0.06484	0.03893	0.00609	0.00397	0.00155	0.00417	0.00450	0.00344	0.00564
1	0.06291	0.06328	0.03565	0.01076	0.02927	0.01296	0.03740	0.42931	0.01743	0.02454	0.01038	0.01111	0.00779	0.00509	0.00447	0.00129	0.00510	0.00391	0.00397	0.22339
2	0.00624	0.00451	0.00593	0.00693	0.00741	0.00420	0.00479	0.00731	0.01005	0.01335	0.07520	0.67972	0.07927	0.01499	0.00634	0.00199	0.00294	0.06002	0.00468	0.00413
3	0.01457	0.01309	0.10340	0.08387	0.14702	0.02507	0.16685	0.10521	0.04107	0.17894	0.01204	0.01344	0.00869	0.00538	0.00586	0.00161	0.05816	0.00479	0.00355	0.00740
4	0.86003	0.00964	0.00733	0.00655	0.00964	0.01118	0.00540	0.01465	0.00848	0.02236	0.00694	0.00810	0.00540	0.00463	0.00308	0.00154	0.00386	0.00270	0.00308	0.00540
5	0.00867	0.00575	0.00751	0.00743	0.03651	0.00532	0.00532	0.01108	0.03396	0.09408	0.52557	0.09699	0.12209	0.01020	0.00578	0.00161	0.00277	0.00894	0.00527	0.00517
6	0.01321	0.01091	0.01158	0.01021	0.01316	0.01250	0.00800	0.08698	0.70142	0.04376	0.01960	0.01802	0.01459	0.00668	0.00506	0.00167	0.00408	0.00553	0.00510	0.00795
7	0.00690	0.00508	0.00640	0.00607	0.00727	0.00464	0.00451	0.00902	0.01347	0.01870	0.66036	0.03853	0.14784	0.04141	0.00662	0.00171	0.00247	0.00915	0.00528	0.00457
8	0.01098	0.00514	0.00554	0.00519	0.00670	0.00499	0.00398	0.01325	0.01094	0.11889	0.01670	0.01837	0.01272	0.00585	0.00368	0.00121	0.00257	0.00469	0.74346	0.00514
9	0.01333	0.82783	0.02612	0.00853	0.01279	0.01972	0.00853	0.01493	0.01013	0.01173	0.00693	0.00800	0.00640	0.00426	0.00320	0.00107	0.00533	0.00267	0.00213	0.00640
10	0.02079	0.00811	0.01088	0.00846	0.01207	0.00702	0.00695	0.02269	0.01393	0.71623	0.02151	0.01902	0.06234	0.00657	0.00501	0.00154	0.00406	0.00535	0.03943	0.00806
11	0.86003	0.00964	0.00733	0.00655	0.00964	0.01118	0.00540	0.01465	0.00848	0.02236	0.00694	0.00810	0.00540	0.00463	0.00308	0.00154	0.00386	0.00270	0.00308	0.00540
12	0.00929	0.00465	0.00465	0.00465	0.00581	0.00465	0.00348	0.01161	0.01045	0.01858	0.01626	0.01858	0.01278	0.00581	0.00348	0.00116	0.00232	0.00465	0.85250	0.00465
13	0.86003	0.00964	0.00733	0.00655	0.00964	0.01118	0.00540	0.01465	0.00848	0.02236	0.00694	0.00810	0.00540	0.00463	0.00308	0.00154	0.00386	0.00270	0.00308	0.00540
14	0.01240	0.01071	0.01127	0.01014	0.01296	0.01240	0.00789	0.02649	0.78473	0.02085	0.02029	0.01860	0.01522	0.00676	0.00507	0.00169	0.00394	0.00564	0.00507	0.00789
15	0.86003	0.00964	0.00733	0.00655	0.00964	0.01118	0.00540	0.01465	0.00848	0.02236	0.00694	0.00810	0.00540	0.00463	0.00308	0.00154	0.00386	0.00270	0.00308	0.00540
16	0.01563	0.01137	0.01190	0.00967	0.01266	0.03564	0.00777	0.51964	0.01908	0.02627	0.01437	0.10125	0.01193	0.00697	0.00482	0.00148	0.00468	0.00553	0.17215	0.00716
17	0.00607	0.00434	0.00578	0.00694	0.00723	0.00405	0.00463	0.00694	0.00954	0.01272	0.02747	0.82157	0.03297	0.01562	0.00636	0.00202	0.00289	0.01417	0.00463	0.00405
18	0.02037	0.01091	0.01298	0.01003	0.01389	0.01103	0.00826	0.34062	0.06129	0.43203	0.01647	0.01496	0.01088	0.00612	0.00500	0.00153	0.00475	0.00483	0.00561	0.00845
19	0.00589	0.00505	0.00505	0.00505	0.00673	0.00421	0.00379	0.00715	0.01136	0.01347	0.05049	0.04797	0.79171	0.01262	0.00589	0.00168	0.00252	0.01052	0.00463	0.00421
20	0.01034	0.00886	0.01034	0.00738	0.01181	0.00664	0.00591	0.01255	0.01034	0.01624	0.00886	0.01034	0.00738	0.00369	0.00369	0.00074	0.00369	0.00295	0.00295	0.85530
21	0.00607	0.00434	0.00578	0.00694	0.00723	0.00405	0.00463	0.00694	0.00954	0.01272	0.02747	0.82157	0.03297	0.01562	0.00636	0.00202	0.00289	0.01417	0.00463	0.00405
22	0.02163	0.00827	0.01118	0.00863	0.01234	0.00718	0.00711	0.02358	0.01405	0.75355	0.01947	0.01706	0.01236	0.00615	0.00493	0.00152	0.00413	0.00499	0.05360	0.00827
23	0.01156	0.01025	0.05870	0.03935	0.40998	0.00940	0.01154	0.04443	0.01155	0.08125	0.01524	0.20940	0.01485	0.00764	0.00530	0.00164	0.00503	0.02591	0.02017	0.00680
24	0.01066	0.01988	0.50398	0.12358	0.09242	0.01122	0.07919	0.01542	0.01075	0.04696	0.01005	0.03577	0.00764	0.00508	0.00494	0.00160	0.00696	0.00440	0.00243	0.00706
25	0.80631	0.00957	0.00760	0.00670	0.00984	0.01093	0.00552	0.01527	0.00885	0.07206	0.00776	0.00867	0.00584	0.00473	0.00321	0.00154	0.00388	0.00285	0.00328	0.00560

[dist]
# distance from previous block
# <min> <max>
0	6

[block]
# block no. 4 follows, 50 sequences, length 24
# corresponding to MSA columns:
# 237-260
name=unknown_E
#
# <colnr> <probs for GDERKNQSTAVLIFYWHMCP>
#	G	D	E	R	K	N	Q	S	T	A	V	L	I	F	Y	W	H	M	C	P
0	0.02236	0.00848	0.01157	0.00887	0.01272	0.00733	0.00733	0.02429	0.01427	0.79719	0.01966	0.01697	0.01234	0.00617	0.00501	0.00154	0.00424	0.00501	0.00617	0.00848
1	0.01003	0.05687	0.03724	0.00877	0.05849	0.00794	0.00665	0.10327	0.05335	0.06287	0.22721	0.04654	0.28269	0.00930	0.00544	0.00158	0.00356	0.00782	0.00463	0.00575
2	0.00705	0.00510	0.00666	0.00627	0.00745	0.00470	0.00470	0.00941	0.01411	0.01999	0.79110	0.03723	0.04703	0.01019	0.00588	0.00157	0.00235	0.00901	0.00549	0.00470
3	0.01453	0.01057	0.01166	0.00971	0.01245	0.01157	0.00765	0.42975	0.11232	0.04392	0.01593	0.13226	0.01408	0.07831	0.04613	0.00219	0.00513	0.00632	0.02852	0.00700
4	0.02225	0.00866	0.01168	0.00895	0.01281	0.00759	0.00740	0.04917	0.01457	0.77188	0.01941	0.01680	0.01221	0.00616	0.00501	0.00154	0.00428	0.00500	0.00613	0.00848
5	0.01879	0.01403	0.01472	0.01141	0.01531	0.03991	0.00937	0.70965	0.04973	0.04804	0.01230	0.01222	0.00874	0.00599	0.00497	0.00150	0.00551	0.00450	0.00494	0.00837
6	0.01333	0.82783	0.02612	0.00853	0.01279	0.01972	0.00853	0.01493	0.01013	0.01173	0.00693	0.00800	0.00640	0.00426	0.00320	0.00107	0.00533	0.00267	0.00213	0.00640
7	0.00589	0.00505	0.00505	0.00505	0.00673	0.00421	0.00379	0.00715	0.01136	0.01347	0.05049	0.04797	0.79171	0.01262	0.00589	0.00168	0.00252	0.01052	0.00463	0.00421
8	0.01895	0.01396	0.01496	0.01147	0.01546	0.01546	0.00947	0.77711	0.02344	0.03141	0.01197	0.01197	0.00848	0.00598	0.00499	0.00150	0.00548	0.00449	0.00499	0.00848
9	0.02076	0.01084	0.07702	0.00975	0.01392	0.00906	0.00861	0.15162	0.01552	0.60257	0.01747	0.01558	0.01119	0.00602	0.00499	0.00154	0.00471	0.00481	0.00563	0.00839
10	0.02176	0.00945	0.01217	0.00933	0.01321	0.00876	0.00770	0.15707	0.01588	0.66212	0.01831	0.01608	0.01166	0.00614	0.00501	0.00153	0.00446	0.00492	0.00596	0.00848
11	0.00803	0.00574	0.00803	0.00918	0.01033	0.00574	0.00803	0.01033	0.01147	0.01492	0.02639	0.05622	0.02869	0.01377	0.00688	0.00229	0.00459	0.76018	0.00459	0.00459
12	0.00854	0.00542	0.00714	0.00652	0.00796	0.00496	0.00496	0.01085	0.01412	0.09515	0.71650	0.03527	0.04368	0.00980	0.00580	0.00157	0.00253	0.00863	0.00555	0.00507
13	0.12027	0.03976	0.04466	0.01048	0.04421	0.01120	0.00858	0.25632	0.03170	0.36087	0.01448	0.01363	0.00974	0.00575	0.00470	0.00151	0.00481	0.00443	0.00496	0.00796
14	0.01000	0.02578	0.79900	0.01421	0.02157	0.01158	0.01842	0.01579	0.01052	0.01579	0.00895	0.01052	0.00631	0.00474	0.00474	0.00158	0.00737	0.00368	0.00210	0.00737
15	0.02236	0.00848	0.01157	0.00887	0.01272	0.00733	0.00733	0.02429	0.01427	0.79719	0.01966	0.01697	0.01234	0.00617	0.00501	0.00154	0.00424	0.00501	0.00617	0.00848
16	0.04510	0.01979	0.46861	0.08052	0.04230	0.01163	0.20200	0.01582	0.01085	0.04310	0.00952	0.01163	0.00686	0.00466	0.00498	0.00160	0.00727	0.00431	0.00241	0.00703
17	0.01188	0.01084	0.01735	0.25239	0.33922	0.04131	0.07472	0.04145	0.01172	0.04931	0.03255	0.01678	0.01031	0.00560	0.00519	0.00161	0.00616	0.06198	0.00289	0.00674
18	0.01128	0.01231	0.04284	0.25532	0.17782	0.02782	0.36868	0.01496	0.01117	0.01500	0.00951	0.01302	0.00730	0.00451	0.00538	0.00163	0.00739	0.00506	0.00241	0.00660
19	0.01940	0.00781	0.01079	0.00863	0.01186	0.00703	0.00703	0.02113	0.01296	0.64074	0.01821	0.01729	0.01220	0.01151	0.13030	0.03939	0.00566	0.00503	0.00545	0.00758
20	0.01300	0.01436	0.14605	0.13859	0.27689	0.05833	0.14465	0.03803	0.01189	0.09476	0.01037	0.01263	0.00777	0.00479	0.00506	0.00155	0.00669	0.00455	0.00283	0.00721
21	0.01224	0.03250	0.47562	0.01338	0.04581	0.01066	0.05704	0.04337	0.03450	0.13752	0.04342	0.04952	0.01055	0.00572	0.00496	0.00159	0.00629	0.00479	0.00321	0.00730
22	0.01437	0.01403	0.19423	0.01423	0.01903	0.01027	0.27687	0.03731	0.03678	0.25047	0.04506	0.04045	0.01137	0.00564	0.00533	0.00162	0.00629	0.00547	0.00385	0.00731
23	0.00797	0.00574	0.00758	0.00773	0.00872	0.00558	0.02716	0.08490	0.01162	0.03219	0.10684	0.60264	0.04494	0.01349	0.00612	0.00190	0.00327	0.01215	0.00473	0.00473

[dist]
# distance from previous block
# <min> <max>
1	9

[block]
# block no. 5 follows, 50 sequences, length 121
# corresponding to MSA columns:
# 270-347,350-392
name=unknown_F
#
# <colnr> <probs for GDERKNQSTAVLIFYWHMCP>
#	G	D	E	R	K	N	Q	S	T	A	V	L	I	F	Y	W	H	M	C	P
0	0.15080	0.03485	0.02703	0.03431	0.01352	0.00969	0.03754	0.09860	0.06710	0.17833	0.01265	0.01293	0.02306	0.00507	0.00427	0.00129	0.00442	0.00399	0.00395	0.27659
1	0.06348	0.00973	0.07609	0.04984	0.05487	0.02304	0.00764	0.04222	0.03367	0.09541	0.06636	0.09354	0.02823	0.10852	0.00726	0.00180	0.00447	0.00565	0.00365	0.22455
2	0.01048	0.00925	0.01140	0.09237	0.05301	0.08600	0.06038	0.01479	0.13817	0.05034	0.32667	0.06154	0.03794	0.00807	0.00547	0.00160	0.00443	0.01784	0.00441	0.00583
3	0.01052	0.00646	0.00932	0.01014	0.06583	0.00612	0.02264	0.01246	0.01159	0.16047	0.04680	0.23116	0.04420	0.01182	0.00620	0.00198	0.00416	0.32794	0.00473	0.00545
4	0.01034	0.00886	0.01034	0.00738	0.01181	0.00664	0.00591	0.01255	0.01034	0.01624	0.00886	0.01034	0.00738	0.00369	0.00369	0.00074	0.00369	0.00295	0.00295	0.85530
5	0.01162	0.04356	0.03742	0.17050	0.54129	0.01181	0.01413	0.01520	0.05008	0.01579	0.03443	0.01340	0.00918	0.00484	0.00491	0.00151	0.00585	0.00456	0.00263	0.00729
6	0.00725	0.00483	0.00544	0.00544	0.00544	0.00483	0.00302	0.00725	0.00725	0.00966	0.01571	0.03262	0.01812	0.82483	0.02537	0.00483	0.00483	0.00725	0.00302	0.00302
7	0.01022	0.02266	0.63708	0.01437	0.02096	0.01132	0.10355	0.03438	0.01123	0.01649	0.06307	0.01273	0.00932	0.00508	0.00495	0.00159	0.00709	0.00432	0.00246	0.00714
8	0.01183	0.00615	0.00819	0.00708	0.00909	0.00552	0.00552	0.01405	0.01416	0.26224	0.55064	0.03092	0.03622	0.00894	0.00561	0.00156	0.00294	0.00777	0.00570	0.00588
9	0.01280	0.01182	0.01690	0.17602	0.23170	0.06967	0.09949	0.17071	0.01370	0.01802	0.01215	0.06822	0.01073	0.00628	0.00526	0.00162	0.00619	0.05871	0.00324	0.00677
10	0.08250	0.76098	0.02458	0.00837	0.01254	0.01903	0.00827	0.01490	0.00999	0.01260	0.00693	0.00800	0.00632	0.00429	0.00319	0.00111	0.00521	0.00267	0.00221	0.00632
11	0.00607	0.00434	0.00578	0.00694	0.00723	0.00405	0.00463	0.00694	0.00954	0.01272	0.02747	0.82157	0.03297	0.01562	0.00636	0.00202	0.00289	0.01417	0.00463	0.00405
12	0.01000	0.02578	0.79900	0.01421	0.02157	0.01158	0.01842	0.01579	0.01052	0.01579	0.00895	0.01052	0.00631	0.00474	0.00474	0.00158	0.00737	0.00368	0.00210	0.00737
13	0.06235	0.05079	0.04384	0.01118	0.01526	0.01528	0.00955	0.67500	0.02158	0.02948	0.01137	0.01153	0.00814	0.00579	0.00480	0.00148	0.00546	0.00428	0.00465	0.00818
14	0.00709	0.00465	0.00589	0.00660	0.00731	0.00428	0.00456	0.00822	0.01016	0.04882	0.05041	0.60928	0.11287	0.01386	0.00599	0.00188	0.00285	0.01239	0.07856	0.00434
15	0.02675	0.24801	0.16221	0.01277	0.07400	0.06408	0.04543	0.19179	0.08048	0.01854	0.01078	0.01165	0.02217	0.00519	0.00443	0.00140	0.00596	0.00398	0.00317	0.00722
16	0.83645	0.00961	0.00745	0.00662	0.00973	0.01107	0.00545	0.01492	0.00865	0.04418	0.00730	0.00835	0.00559	0.00467	0.00314	0.00154	0.00387	0.00276	0.00317	0.00548
17	0.01162	0.01074	0.01786	0.16231	0.57369	0.01115	0.01390	0.03406	0.01131	0.01605	0.01038	0.04338	0.00889	0.00507	0.00493	0.00152	0.00574	0.00482	0.04540	0.00720
18	0.00745	0.00582	0.00799	0.00795	0.00882	0.02861	0.00609	0.00909	0.00813	0.01145	0.01337	0.02026	0.01272	0.09563	0.72396	0.00758	0.01259	0.00542	0.00269	0.00438
19	0.01302	0.59625	0.02298	0.00981	0.01299	0.05787	0.00914	0.01449	0.00974	0.01181	0.00688	0.00873	0.00643	0.00535	0.00635	0.00134	0.19542	0.00309	0.00217	0.00614
20	0.01140	0.00947	0.01025	0.00932	0.01179	0.01068	0.00720	0.02276	0.61160	0.03411	0.12828	0.05795	0.03792	0.00776	0.00526	0.00169	0.00365	0.00659	0.00512	0.00720
21	0.00707	0.00511	0.00669	0.00632	0.00749	0.00472	0.00476	0.00942	0.01407	0.01990	0.77832	0.03755	0.04672	0.01025	0.00590	0.00158	0.00239	0.02157	0.00547	0.00470
22	0.01018	0.00640	0.00799	0.00715	0.00901	0.00615	0.00551	0.01400	0.11886	0.14436	0.52430	0.03200	0.07559	0.00920	0.00563	0.00159	0.00288	0.00799	0.00550	0.00572
23	0.00929	0.00465	0.00465	0.00465	0.00581	0.00465	0.00348	0.01161	0.01045	0.01858	0.01626	0.01858	0.01278	0.00581	0.00348	0.00116	0.00232	0.00465	0.85250	0.00465
24	0.00605	0.00443	0.00569	0.00669	0.00716	0.00407	0.00452	0.00697	0.00978	0.01282	0.03051	0.71939	0.13319	0.01522	0.00630	0.00198	0.00284	0.01369	0.00463	0.00407
25	0.01333	0.82783	0.02612	0.00853	0.01279	0.01972	0.00853	0.01493	0.01013	0.01173	0.00693	0.00800	0.00640	0.00426	0.00320	0.00107	0.00533	0.00267	0.00213	0.00640
26	0.00705	0.00510	0.00666	0.00627	0.00745	0.00470	0.00470	0.00941	0.01411	0.01999	0.79110	0.03723	0.04703	0.01019	0.00588	0.00157	0.00235	0.00901	0.00549	0.00470
27	0.00664	0.00473	0.00638	0.00749	0.00801	0.00453	0.00549	0.00786	0.00999	0.01322	0.02681	0.59099	0.03135	0.04070	0.00710	0.00219	0.00341	0.21440	0.00457	0.00416
28	0.00589	0.00505	0.00505	0.00505	0.00673	0.00421	0.00379	0.00715	0.01136	0.01347	0.05049	0.04797	0.79171	0.01262	0.00589	0.00168	0.00252	0.01052	0.00463	0.00421
29	0.01091	0.01091	0.01527	0.01309	0.01309	0.01527	0.01091	0.01200	0.00763	0.01200	0.00654	0.01091	0.00654	0.00872	0.01636	0.00218	0.81570	0.00436	0.00218	0.00545
30	0.00712	0.00534	0.00801	0.00801	0.00890	0.00623	0.00623	0.00890	0.00801	0.01157	0.01335	0.01958	0.01246	0.03738	0.80507	0.00801	0.01335	0.00534	0.00267	0.00445
31	0.01034	0.00886	0.01034	0.00738	0.01181	0.00664	0.00591	0.01255	0.01034	0.01624	0.00886	0.01034	0.00738	0.00369	0.00369	0.00074	0.00369	0.00295	0.00295	0.85530
32	0.01157	0.03844	0.02643	0.11939	0.06072	0.01260	0.59400	0.01589	0.03984	0.01562	0.01017	0.01339	0.00771	0.00441	0.00561	0.00165	0.00781	0.00553	0.00256	0.00666
33	0.04210	0.21378	0.16480	0.01142	0.01567	0.17783	0.01084	0.23729	0.02959	0.01881	0.00918	0.01011	0.00713	0.00520	0.00463	0.00139	0.02648	0.00360	0.00313	0.00703
34	0.01180	0.01337	0.11708	0.09229	0.62152	0.01176	0.02932	0.01516	0.01114	0.01593	0.00929	0.01221	0.00759	0.00452	0.00493	0.00151	0.00621	0.00437	0.00240	0.00762
35	0.01951	0.00785	0.01065	0.00838	0.01174	0.00684	0.00684	0.02152	0.01424	0.65227	0.16351	0.02074	0.01881	0.00692	0.00517	0.00155	0.00389	0.00576	0.00604	0.00778
36	0.07153	0.55473	0.04202	0.04130	0.04780	0.08611	0.06757	0.01537	0.01054	0.01315	0.00746	0.00895	0.00649	0.00441	0.00369	0.00122	0.00591	0.00313	0.00228	0.00635
37	0.60147	0.01076	0.06464	0.00888	0.04631	0.01062	0.02448	0.01642	0.00981	0.15283	0.00942	0.01008	0.00680	0.00488	0.00367	0.00155	0.00436	0.00331	0.00350	0.00620
38	0.00803	0.00574	0.00803	0.00918	0.01033	0.00574	0.00803	0.01033	0.01147	0.01492	0.02639	0.05622	0.02869	0.01377	0.00688	0.00229	0.00459	0.76018	0.00459	0.00459
39	0.00596	0.00505	0.00515	0.00512	0.00678	0.00424	0.00384	0.00729	0.01153	0.01386	0.09553	0.04732	0.74643	0.01248	0.00589	0.00168	0.00251	0.01043	0.00468	0.00424
40	0.04456	0.01051	0.01352	0.11677	0.09506	0.07410	0.03161	0.03288	0.05519	0.45050	0.01547	0.01500	0.01040	0.00568	0.00493	0.00154	0.00523	0.00471	0.00470	0.00764
41	0.01091	0.01091	0.01527	0.01309	0.01309	0.01527	0.01091	0.01200	0.00763	0.01200	0.00654	0.01091	0.00654	0.00872	0.01636	0.00218	0.81570	0.00436	0.00218	0.00545
42	0.00607	0.00434	0.00578	0.00694	0.00723	0.00405	0.00463	0.00694	0.00954	0.01272	0.02747	0.82157	0.03297	0.01562	0.00636	0.00202	0.00289	0.01417	0.00463	0.00405
43	0.02217	0.00853	0.01156	0.00889	0.01273	0.00743	0.00734	0.02434	0.02955	0.78178	0.01968	0.01700	0.01240	0.00618	0.00501	0.00155	0.00424	0.00502	0.00615	0.00847
44	0.08506	0.01344	0.01418	0.01099	0.01484	0.01490	0.00906	0.70222	0.02199	0.03034	0.01187	0.02715	0.00870	0.00606	0.00486	0.00151	0.00531	0.00453	0.00483	0.00815
45	0.00620	0.00452	0.00615	0.03874	0.00830	0.00433	0.00499	0.00717	0.00956	0.01272	0.02674	0.78968	0.03193	0.01520	0.00631	0.00201	0.00304	0.01379	0.00453	0.00411
46	0.02193	0.00918	0.01200	0.00920	0.01307	0.00837	0.00760	0.12058	0.01544	0.69924	0.01868	0.01633	0.01184	0.00615	0.00501	0.00154	0.00440	0.00495	0.00602	0.00848
47	0.08427	0.21054	0.50675	0.01215	0.01816	0.05868	0.01450	0.01572	0.01046	0.01520	0.00823	0.00964	0.00626	0.00464	0.00422	0.00144	0.00668	0.00334	0.00222	0.00688
48	0.01381	0.05950	0.05632	0.04544	0.44714	0.18298	0.03741	0.04933	0.03234	0.01579	0.00926	0.01150	0.00759	0.00473	0.00477	0.00144	0.00665	0.00412	0.00262	0.00725
49	0.00965	0.00910	0.01538	0.74894	0.09637	0.01114	0.01396	0.01294	0.01008	0.01303	0.00890	0.01321	0.00675	0.00494	0.00498	0.00165	0.00659	0.00443	0.00224	0.00573
50	0.00617	0.00441	0.00587	0.00688	0.00725	0.00411	0.00463	0.00718	0.00998	0.01342	0.10067	0.74639	0.03432	0.01510	0.00632	0.00198	0.00284	0.01368	0.00471	0.00411
51	0.00605	0.00494	0.00535	0.00548	0.00689	0.00424	0.00402	0.00738	0.01139	0.01410	0.13164	0.16677	0.58881	0.01281	0.00596	0.00172	0.00256	0.01091	0.00473	0.00424
52	0.00600	0.00464	0.00547	0.00614	0.00702	0.00412	0.00427	0.00703	0.01032	0.01304	0.03726	0.49267	0.35556	0.01434	0.00616	0.00188	0.00274	0.01262	0.00463	0.00412
53	0.01895	0.01396	0.01496	0.01147	0.01546	0.01546	0.00947	0.77711	0.02344	0.03141	0.01197	0.01197	0.00848	0.00598	0.00499	0.00150	0.00548	0.00449	0.00499	0.00848
54	0.00725	0.00483	0.00544	0.00544	0.00544	0.00483	0.00302	0.00725	0.00725	0.00966	0.01571	0.03262	0.01812	0.82483	0.02537	0.00483	0.00483	0.00725	0.00302	0.00302
55	0.02236	0.00848	0.01157	0.00887	0.01272	0.00733	0.00733	0.02429	0.01427	0.79719	0.01966	0.01697	0.01234	0.00617	0.00501	0.00154	0.00424	0.00501	0.00617	0.00848
56	0.01034	0.00886	0.01034	0.00738	0.01181	0.00664	0.00591	0.01255	0.01034	0.01624	0.00886	0.01034	0.00738	0.00369	0.00369	0.00074	0.00369	0.00295	0.00295	0.85530
57	0.01178	0.01132	0.01954	0.09166	0.65771	0.01148	0.04889	0.01475	0.01112	0.01577	0.00989	0.03089	0.00848	0.00569	0.02838	0.00171	0.00624	0.00475	0.00250	0.00747
58	0.01240	0.01071	0.01127	0.01014	0.01296	0.01240	0.00789	0.02649	0.78473	0.02085	0.02029	0.01860	0.01522	0.00676	0.00507	0.00169	0.00394	0.00564	0.00507	0.00789
59	0.00695	0.00479	0.00579	0.00612	0.00641	0.00459	0.00379	0.00732	0.00824	0.01109	0.01983	0.33801	0.02323	0.45768	0.01698	0.02481	0.00402	0.00970	0.00362	0.03703
60	0.00950	0.00614	0.00866	0.00817	0.00952	0.00679	0.00637	0.05234	0.00952	0.10157	0.01411	0.01953	0.01252	0.07181	0.63163	0.00676	0.01146	0.00535	0.00321	0.00505
61	0.00708	0.00524	0.00763	0.00769	0.00846	0.00598	0.00582	0.00863	0.00801	0.01143	0.01431	0.06155	0.01408	0.11674	0.68493	0.00738	0.01195	0.00598	0.00281	0.00428
62	0.03333	0.44919	0.01954	0.00921	0.01286	0.03120	0.00824	0.19888	0.05247	0.04022	0.01129	0.09222	0.01019	0.00604	0.00412	0.00133	0.00506	0.00450	0.00337	0.00676
63	0.00706	0.00494	0.00599	0.00630	0.00726	0.00450	0.00443	0.00829	0.02368	0.04320	0.12578	0.35778	0.26183	0.06322	0.00791	0.04499	0.00297	0.01102	0.00458	0.00425
64	0.00607	0.00434	0.00578	0.00694	0.00723	0.00405	0.00463	0.00694	0.00954	0.01272	0.02747	0.82157	0.03297	0.01562	0.00636	0.00202	0.00289	0.01417	0.00463	0.00405
65	0.01231	0.01192	0.02069	0.03011	0.75505	0.01188	0.05361	0.01533	0.01137	0.01627	0.00941	0.01239	0.00788	0.00443	0.00498	0.00149	0.00605	0.00451	0.00247	0.00784
66	0.00941	0.00886	0.01495	0.81285	0.03433	0.01107	0.01384	0.01274	0.00997	0.01274	0.00886	0.01329	0.00664	0.00498	0.00498	0.00166	0.00664	0.00443	0.00221	0.00554
67	0.00638	0.00505	0.00573	0.00560	0.00704	0.00441	0.00419	0.00808	0.01245	0.01614	0.35589	0.06221	0.46576	0.01169	0.00590	0.00164	0.00246	0.00999	0.00498	0.00441
68	0.86003	0.00964	0.00733	0.00655	0.00964	0.01118	0.00540	0.01465	0.00848	0.02236	0.00694	0.00810	0.00540	0.00463	0.00308	0.00154	0.00386	0.00270	0.00308	0.00540
69	0.01043	0.02568	0.75945	0.01414	0.02126	0.05154	0.01797	0.01599	0.01071	0.01560	0.00888	0.01045	0.00632	0.00476	0.00472	0.00156	0.00745	0.00366	0.00213	0.00729
70	0.00607	0.00434	0.00578	0.00694	0.00723	0.00405	0.00463	0.00694	0.00954	0.01272	0.02747	0.82157	0.03297	0.01562	0.00636	0.00202	0.00289	0.01417	0.00463	0.00405
71	0.00725	0.00483	0.00544	0.00544	0.00544	0.00483	0.00302	0.00725	0.00725	0.00966	0.01571	0.03262	0.01812	0.82483	0.02537	0.00483	0.00483	0.00725	0.00302	0.00302
72	0.01034	0.00886	0.01034	0.00738	0.01181	0.00664	0.00591	0.01255	0.01034	0.01624	0.00886	0.01034	0.00738	0.00369	0.00369	0.00074	0.00369	0.00295	0.00295	0.85530
73	0.86003	0.00964	0.00733	0.00655	0.00964	0.01118	0.00540	0.01465	0.00848	0.02236	0.00694	0.00810	0.00540	0.00463	0.00308	0.00154	0.00386	0.00270	0.00308	0.00540
74	0.01034	0.00886	0.01034	0.00738	0.01181	0.00664	0.00591	0.01255	0.01034	0.01624	0.00886	0.01034	0.00738	0.00369	0.00369	0.00074	0.00369	0.00295	0.00295	0.85530
75	0.01895	0.01396	0.01496	0.01147	0.01546	0.01546	0.00947	0.77711	0.02344	0.03141	0.01197	0.01197	0.00848	0.00598	0.00499	0.00150	0.00548	0.00449	0.00499	0.00848
76	0.01234	0.01184	0.02023	0.03059	0.79373	0.01184	0.01530	0.01530	0.01135	0.01628	0.00938	0.01234	0.00790	0.00444	0.00493	0.00148	0.00592	0.00444	0.00247	0.00790
77	0.02236	0.00848	0.01157	0.00887	0.01272	0.00733	0.00733	0.02429	0.01427	0.79719	0.01966	0.01697	0.01234	0.00617	0.00501	0.00154	0.00424	0.00501	0.00617	0.00848
78	0.01240	0.01071	0.01127	0.01014	0.01296	0.01240	0.00789	0.02649	0.78473	0.02085	0.02029	0.01860	0.01522	0.00676	0.00507	0.00169	0.00394	0.00564	0.00507	0.00789
79	0.00941	0.00886	0.01495	0.81285	0.03433	0.01107	0.01384	0.01274	0.00997	0.01274	0.00886	0.01329	0.00664	0.00498	0.00498	0.00166	0.00664	0.00443	0.00221	0.00554
80	0.02236	0.00848	0.01157	0.00887	0.01272	0.00733	0.00733	0.02429	0.01427	0.79719	0.01966	0.01697	0.01234	0.00617	0.00501	0.00154	0.00424	0.00501	0.00617	0.00848
81	0.00712	0.00534	0.00801	0.00801	0.00890	0.00623	0.00623	0.00890	0.00801	0.01157	0.01335	0.01958	0.01246	0.03738	0.80507	0.00801	0.01335	0.00534	0.00267	0.00445
82	0.00607	0.00434	0.00578	0.00694	0.00723	0.00405	0.00463	0.00694	0.00954	0.01272	0.02747	0.82157	0.03297	0.01562	0.00636	0.00202	0.00289	0.01417	0.00463	0.00405
83	0.01091	0.01091	0.01527	0.01309	0.01309	0.01527	0.01091	0.01200	0.00763	0.01200	0.00654	0.01091	0.00654	0.00872	0.01636	0.00218	0.81570	0.00436	0.00218	0.00545
84	0.02026	0.04696	0.01339	0.05333	0.01469	0.01045	0.00836	0.24158	0.01651	0.49709	0.01627	0.01491	0.01064	0.00597	0.00492	0.00151	0.00478	0.00472	0.00543	0.00823
85	0.01008	0.04562	0.77988	0.01407	0.02136	0.01178	0.01817	0.01576	0.01051	0.01568	0.00890	0.01046	0.00632	0.00472	0.00470	0.00157	0.00732	0.00366	0.00211	0.00734
86	0.05507	0.03825	0.17385	0.07950	0.07302	0.00941	0.01068	0.02019	0.01254	0.45475	0.01484	0.01432	0.00980	0.00552	0.00480	0.00154	0.00522	0.00447	0.00447	0.00776
87	0.01333	0.82783	0.02612	0.00853	0.01279	0.01972	0.00853	0.01493	0.01013	0.01173	0.00693	0.00800	0.00640	0.00426	0.00320	0.00107	0.00533	0.00267	0.00213	0.00640
88	0.00675	0.00508	0.00624	0.00595	0.00726	0.00457	0.00446	0.00882	0.01339	0.01829	0.59776	0.04004	0.24144	0.01083	0.00588	0.00160	0.00240	0.00941	0.00526	0.00457
89	0.01000	0.02578	0.79900	0.01421	0.02157	0.01158	0.01842	0.01579	0.01052	0.01579	0.00895	0.01052	0.00631	0.00474	0.00474	0.00158	0.00737	0.00368	0.00210	0.00737
90	0.01403	0.07593	0.04997	0.36732	0.07473	0.03725	0.01144	0.01741	0.05226	0.23258	0.01233	0.01384	0.00873	0.00531	0.00482	0.00155	0.00579	0.00444	0.00349	0.00680
91	0.02236	0.00848	0.01157	0.00887	0.01272	0.00733	0.00733	0.02429	0.01427	0.79719	0.01966	0.01697	0.01234	0.00617	0.00501	0.00154	0.00424	0.00501	0.00617	0.00848
92	0.00607	0.00434	0.00578	0.00694	0.00723	0.00405	0.00463	0.00694	0.00954	0.01272	0.02747	0.82157	0.03297	0.01562	0.00636	0.00202	0.00289	0.01417	0.00463	0.00405
93	0.02549	0.01364	0.05761	0.26556	0.14157	0.13153	0.22154	0.01585	0.01152	0.05389	0.00962	0.01251	0.00730	0.00475	0.00511	0.00157	0.00724	0.00461	0.00260	0.00649
94	0.01346	0.05007	0.12655	0.07842	0.44356	0.01172	0.02891	0.05472	0.01208	0.11704	0.01064	0.01256	0.00812	0.00481	0.00486	0.00150	0.00596	0.00436	0.00299	0.00767
95	0.01427	0.00669	0.00898	0.00750	0.00994	0.00594	0.00594	0.01642	0.01418	0.38645	0.42736	0.02768	0.03067	0.00829	0.00547	0.00156	0.00324	0.00713	0.00581	0.00649
96	0.86003	0.00964	0.00733	0.00655	0.00964	0.01118	0.00540	0.01465	0.00848	0.02236	0.00694	0.00810	0.00540	0.00463	0.00308	0.00154	0.00386	0.00270	0.00308	0.00540
97	0.00840	0.00442	0.00630	0.00630	0.00630	0.00442	0.00408	0.00663	0.00663	0.00885	0.00997	0.01841	0.01042	0.16789	0.02058	0.69646	0.00442	0.00487	0.00232	0.00232
98	0.01108	0.01044	0.01714	0.27989	0.45260	0.01123	0.01372	0.01487	0.06430	0.01549	0.03382	0.01469	0.02872	0.00515	0.00501	0.00156	0.00583	0.00481	0.00271	0.00695
99	0.00648	0.00507	0.00586	0.00567	0.00709	0.00446	0.00425	0.00829	0.01275	0.01676	0.42461	0.04255	0.41554	0.01139	0.00588	0.00162	0.00244	0.00976	0.00506	0.00446
100	0.01331	0.01124	0.01501	0.28611	0.15789	0.05409	0.02348	0.11219	0.17713	0.08028	0.01259	0.01415	0.00937	0.00548	0.00498	0.00159	0.00576	0.00470	0.00355	0.00708
101	0.01280	0.01352	0.03232	0.17240	0.50963	0.14346	0.01414	0.01560	0.01154	0.01494	0.00899	0.01192	0.00739	0.00466	0.00487	0.00148	0.00659	0.00422	0.00243	0.00710
102	0.00989	0.00935	0.01582	0.68423	0.15919	0.01120	0.01408	0.01316	0.01019	0.01332	0.00894	0.01313	0.00685	0.00489	0.00498	0.00163	0.00653	0.00443	0.00226	0.00592
103	0.59529	0.06635	0.20430	0.00857	0.01279	0.01183	0.00882	0.01495	0.00909	0.02005	0.00744	0.00869	0.00569	0.00463	0.00350	0.00152	0.00482	0.00294	0.00278	0.00595
104	0.00688	0.00488	0.00640	0.00732	0.00787	0.00472	0.00539	0.00806	0.00980	0.01290	0.02574	0.42429	0.05042	0.15541	0.00981	0.00259	0.00375	0.24540	0.00434	0.00404
105	0.00889	0.00761	0.00794	0.00741	0.00958	0.00794	0.00569	0.01601	0.36139	0.01712	0.07239	0.03416	0.40464	0.00985	0.00552	0.00168	0.00316	0.00824	0.00487	0.00590
106	0.04188	0.01012	0.01163	0.00960	0.01295	0.01063	0.00771	0.13052	0.33620	0.32469	0.01839	0.01672	0.01280	0.00634	0.00494	0.00159	0.00424	0.00512	0.02589	0.00805
107	0.01258	0.01067	0.01128	0.01012	0.01296	0.01230	0.00788	0.02645	0.77060	0.03508	0.02028	0.01857	0.01516	0.00675	0.00507	0.00169	0.00395	0.00562	0.00509	0.00790
108	0.01311	0.01336	0.02502	0.04046	0.13730	0.02636	0.50323	0.14349	0.01366	0.01846	0.01022	0.01295	0.00772	0.00457	0.00555	0.00161	0.00751	0.00535	0.00292	0.00714
109	0.00725	0.00483	0.00544	0.00544	0.00544	0.00483	0.00302	0.00725	0.00725	0.00966	0.01571	0.03262	0.01812	0.82483	0.02537	0.00483	0.00483	0.00725	0.00302	0.00302
110	0.00712	0.00534	0.00801	0.00801	0.00890	0.00623	0.00623	0.00890	0.00801	0.01157	0.01335	0.01958	0.01246	0.03738	0.80507	0.00801	0.01335	0.00534	0.00267	0.00445
111	0.00724	0.00486	0.00555	0.00555	0.00559	0.00490	0.00316	0.00732	0.00728	0.00975	0.01560	0.03203	0.01787	0.78940	0.06045	0.00498	0.00522	0.00716	0.00300	0.00308
112	0.02055	0.01139	0.01337	0.01025	0.01417	0.01164	0.00847	0.42366	0.01913	0.39094	0.01558	0.01431	0.01029	0.00607	0.00500	0.00152	0.00490	0.00473	0.00554	0.00848
113	0.01105	0.01021	0.01665	0.48794	0.28580	0.01163	0.01395	0.06288	0.02367	0.01525	0.00941	0.01297	0.00732	0.00490	0.00497	0.00159	0.00629	0.00446	0.00252	0.00655
114	0.00625	0.00441	0.00578	0.00682	0.00722	0.00412	0.00462	0.00724	0.00976	0.01315	0.04125	0.73635	0.05632	0.01500	0.00624	0.00198	0.00288	0.02841	0.03809	0.00410
