[name]
unknown

[dist]
# distance from previous block
# <min> <max>
13	172

[block]
# block no. 0 follows, 50 sequences, length 7
# corresponding to MSA columns:
# 236-242
name=unknown_A
#
# <colnr> <probs for GDERKNQSTAVLIFYWHMCP>
#	G	D	E	R	K	N	Q	S	T	A	V	L	I	F	Y	W	H	M	C	P
0	0.15865	0.08998	0.05186	0.13042	0.01631	0.11328	0.05712	0.04443	0.02976	0.10197	0.09613	0.01435	0.01187	0.00609	0.00516	0.03736	0.00549	0.00443	0.00339	0.02193
1	0.32411	0.09944	0.05497	0.01058	0.06998	0.04308	0.00843	0.14422	0.09154	0.09407	0.01065	0.01111	0.00794	0.00519	0.00408	0.00149	0.00487	0.00371	0.00367	0.00687
2	0.19980	0.01233	0.11296	0.10160	0.12890	0.03228	0.07054	0.04465	0.01166	0.16676	0.04234	0.01310	0.00938	0.00518	0.00459	0.00153	0.00547	0.00430	0.00347	0.02915
3	0.12865	0.01126	0.04574	0.01099	0.04516	0.03974	0.07015	0.12108	0.15004	0.13337	0.08656	0.01652	0.01352	0.00604	0.00480	0.00151	0.00480	0.02174	0.00426	0.08408
4	0.20202	0.05777	0.03958	0.08056	0.07370	0.00981	0.00814	0.05195	0.01123	0.13317	0.06895	0.07893	0.01259	0.00651	0.00515	0.01953	0.03044	0.00496	0.00366	0.10135
5	0.05749	0.04033	0.01488	0.11336	0.14102	0.27340	0.05516	0.03368	0.01221	0.07775	0.04298	0.04259	0.01005	0.00633	0.00568	0.05285	0.00655	0.00456	0.00304	0.00610
6	0.00862	0.00481	0.00671	0.00664	0.00691	0.00481	0.00450	0.03748	0.00810	0.01090	0.07421	0.08607	0.01449	0.07406	0.01712	0.61904	0.00413	0.00575	0.00281	0.00284

[dist]
# distance from previous block
# <min> <max>
5	15

[block]
# block no. 1 follows, 50 sequences, length 53
# corresponding to MSA columns:
# 262-283,294-304,307-326
name=unknown_B
#
# <colnr> <probs for GDERKNQSTAVLIFYWHMCP>
#	G	D	E	R	K	N	Q	S	T	A	V	L	I	F	Y	W	H	M	C	P
0	0.27312	0.00802	0.00835	0.00743	0.00992	0.00829	0.00593	0.10214	0.01233	0.14471	0.08422	0.10899	0.13438	0.01877	0.00514	0.00170	0.00373	0.05256	0.00449	0.00579
1	0.27840	0.00863	0.00959	0.00766	0.01119	0.00819	0.00627	0.01842	0.01173	0.39267	0.01666	0.01573	0.06962	0.00586	0.00431	0.00145	0.00392	0.00445	0.00467	0.12062
2	0.01320	0.28240	0.32147	0.01249	0.01799	0.01372	0.11816	0.01682	0.01114	0.13328	0.01008	0.01108	0.00743	0.00473	0.00444	0.00142	0.00637	0.00386	0.00279	0.00713
3	0.03226	0.01202	0.01832	0.22192	0.41116	0.05481	0.06299	0.09616	0.01240	0.01691	0.00942	0.01233	0.00749	0.00477	0.00495	0.00153	0.00633	0.00443	0.00270	0.00712
4	0.00846	0.00590	0.00701	0.00650	0.00812	0.00548	0.00492	0.06857	0.01350	0.06557	0.37807	0.10686	0.26961	0.02142	0.00606	0.00168	0.00284	0.00932	0.00512	0.00499
5	0.00667	0.00465	0.00589	0.00659	0.00690	0.00448	0.00437	0.00743	0.00915	0.01222	0.05815	0.46220	0.02833	0.28357	0.01269	0.00296	0.00365	0.07220	0.00413	0.00378
6	0.03410	0.01001	0.01468	0.52414	0.04204	0.01177	0.02717	0.14275	0.07220	0.05685	0.01080	0.01351	0.00791	0.00531	0.00496	0.00162	0.00607	0.00455	0.00313	0.00643
7	0.01173	0.00813	0.01066	0.01162	0.11862	0.00822	0.00776	0.18793	0.01363	0.09838	0.02051	0.38221	0.02140	0.01074	0.00575	0.00180	0.00418	0.06606	0.00457	0.00610
8	0.00621	0.00495	0.00546	0.00554	0.00685	0.00432	0.00401	0.00754	0.01138	0.01433	0.18039	0.14414	0.51157	0.06219	0.00714	0.00190	0.00268	0.01051	0.00469	0.00421
9	0.01580	0.01009	0.01152	0.00947	0.01245	0.01049	0.00755	0.40072	0.01766	0.17711	0.01985	0.19277	0.07498	0.00864	0.00536	0.00164	0.00444	0.00717	0.00511	0.00718
10	0.38724	0.07552	0.07521	0.01018	0.05263	0.02460	0.00849	0.20929	0.07749	0.02273	0.00962	0.01037	0.00729	0.00513	0.00399	0.00150	0.00485	0.00357	0.00354	0.00675
11	0.01794	0.00764	0.01020	0.00841	0.01141	0.00683	0.00670	0.02035	0.05272	0.56613	0.08049	0.15356	0.01862	0.00809	0.00531	0.00163	0.00385	0.00689	0.00580	0.00742
12	0.01376	0.01073	0.01167	0.00985	0.01313	0.01164	0.00779	0.12711	0.51535	0.08029	0.01752	0.01642	0.01299	0.00619	0.00486	0.00152	0.00414	0.00506	0.00485	0.12513
13	0.06532	0.01145	0.01389	0.01062	0.01456	0.01173	0.04741	0.38717	0.01826	0.34553	0.01477	0.01389	0.00985	0.00590	0.00494	0.00153	0.00503	0.00468	0.00525	0.00822
14	0.01745	0.01146	0.01290	0.01016	0.01365	0.01221	0.00829	0.47295	0.07792	0.17285	0.12172	0.01690	0.01504	0.00666	0.00512	0.00153	0.00470	0.00530	0.00528	0.00791
15	0.01034	0.00886	0.01034	0.00738	0.01181	0.00664	0.00591	0.01255	0.01034	0.01624	0.00886	0.01034	0.00738	0.00369	0.00369	0.00074	0.00369	0.00295	0.00295	0.85530
16	0.00607	0.00505	0.00545	0.00549	0.00701	0.00443	0.00412	0.00741	0.01101	0.01345	0.07028	0.07970	0.64925	0.01532	0.09112	0.00237	0.00369	0.01008	0.00445	0.00424
17	0.32381	0.00867	0.00872	0.00734	0.01020	0.00921	0.00596	0.12514	0.01237	0.19284	0.01291	0.01348	0.00936	0.00636	0.02623	0.00162	0.00406	0.00401	0.21138	0.00631
18	0.01322	0.01314	0.02463	0.01786	0.02247	0.01288	0.54873	0.20186	0.01460	0.01962	0.01260	0.01484	0.04774	0.00507	0.00566	0.00164	0.00739	0.00578	0.00323	0.00702
19	0.00720	0.00503	0.00644	0.00644	0.00679	0.00538	0.00427	0.00789	0.00755	0.01041	0.01479	0.02752	0.01591	0.51711	0.33006	0.00607	0.00816	0.00650	0.00288	0.00358
20	0.00654	0.00508	0.00596	0.00574	0.00713	0.00449	0.00430	0.00842	0.01291	0.01713	0.46666	0.04194	0.37326	0.01126	0.00588	0.00162	0.00243	0.00967	0.00511	0.00449
21	0.01644	0.10495	0.04790	0.00999	0.01423	0.01273	0.00866	0.38766	0.01723	0.12512	0.01157	0.01174	0.00841	0.00524	0.00448	0.00129	0.00498	0.00397	0.00424	0.19918
22	0.01591	0.01630	0.21675	0.01247	0.04255	0.01355	0.01164	0.49127	0.01858	0.04979	0.01149	0.01256	0.00840	0.03106	0.02341	0.00176	0.00610	0.00440	0.00408	0.00792
23	0.01034	0.00886	0.01034	0.00738	0.01181	0.00664	0.00591	0.01255	0.01034	0.01624	0.00886	0.01034	0.00738	0.00369	0.00369	0.00074	0.00369	0.00295	0.00295	0.85530
24	0.01007	0.00839	0.01073	0.09188	0.09599	0.00908	0.00787	0.04635	0.25083	0.01820	0.23300	0.04248	0.03734	0.08010	0.00724	0.00190	0.01466	0.00665	0.00434	0.02290
25	0.01330	0.01116	0.01178	0.01033	0.01331	0.01282	0.00811	0.13022	0.67952	0.02231	0.01914	0.01768	0.01428	0.00665	0.00506	0.00166	0.00416	0.00548	0.00506	0.00797
26	0.07399	0.00575	0.00644	0.00599	0.00692	0.00557	0.00386	0.00930	0.00852	0.05217	0.06560	0.05978	0.01834	0.55941	0.01860	0.00371	0.00438	0.00678	0.00340	0.08146
27	0.00612	0.00438	0.00583	0.00691	0.00724	0.00408	0.00463	0.00706	0.00977	0.01308	0.06540	0.78262	0.03367	0.01535	0.00634	0.00200	0.00287	0.01391	0.00467	0.00408
28	0.01091	0.01091	0.01527	0.01309	0.01309	0.01527	0.01091	0.01200	0.00763	0.01200	0.00654	0.01091	0.00654	0.00872	0.01636	0.00218	0.81570	0.00436	0.00218	0.00545
29	0.01560	0.01216	0.01462	0.18385	0.01895	0.01406	0.01036	0.47145	0.05595	0.03600	0.01130	0.01284	0.00841	0.01820	0.00650	0.00166	0.09202	0.00457	0.00408	0.00741
30	0.00843	0.00534	0.00693	0.00679	0.00812	0.00487	0.00513	0.01030	0.01264	0.10020	0.40515	0.20549	0.11889	0.01147	0.00597	0.00173	0.00287	0.06957	0.00521	0.00490
31	0.01393	0.74105	0.02493	0.00884	0.01308	0.01927	0.00863	0.09619	0.01155	0.01383	0.00747	0.00842	0.00662	0.00445	0.00339	0.00111	0.00535	0.00286	0.00244	0.00662
32	0.01255	0.00879	0.01056	0.00766	0.01198	0.00677	0.00617	0.01472	0.01106	0.16024	0.01085	0.01156	0.00830	0.00415	0.00393	0.00089	0.00379	0.00333	0.00355	0.69915
33	0.00948	0.01066	0.09855	0.72769	0.03297	0.01113	0.01433	0.01306	0.01003	0.01306	0.00887	0.01299	0.00661	0.00496	0.00496	0.00165	0.00672	0.00435	0.00220	0.00573
34	0.00819	0.00544	0.00650	0.00603	0.00771	0.00477	0.00459	0.01004	0.01296	0.10008	0.39426	0.03963	0.35965	0.01080	0.00579	0.00161	0.00263	0.00923	0.00520	0.00490
35	0.01234	0.01184	0.02023	0.03059	0.79373	0.01184	0.01530	0.01530	0.01135	0.01628	0.00938	0.01234	0.00790	0.00444	0.00493	0.00148	0.00592	0.00444	0.00247	0.00790
36	0.00824	0.00776	0.01462	0.01222	0.01430	0.00727	0.29107	0.01038	0.01042	0.01399	0.02099	0.50156	0.02342	0.01133	0.00620	0.00190	0.00498	0.03047	0.00384	0.00506
37	0.01234	0.00622	0.00821	0.00719	0.00926	0.00554	0.00557	0.01431	0.01349	0.29669	0.38291	0.11435	0.08431	0.00950	0.00562	0.00162	0.00310	0.00824	0.00558	0.00595
38	0.00945	0.00457	0.00679	0.00663	0.00685	0.00450	0.00450	0.00752	0.00694	0.05399	0.00929	0.01526	0.00887	0.01668	0.01865	0.80591	0.00432	0.00437	0.00239	0.00253
39	0.00686	0.00510	0.00650	0.00741	0.00802	0.00504	0.00517	0.00922	0.09231	0.01372	0.02664	0.69196	0.03083	0.01457	0.00625	0.00200	0.00310	0.05615	0.00467	0.00449
40	0.05926	0.00656	0.05195	0.00725	0.00840	0.00576	0.00548	0.00979	0.06957	0.01459	0.11914	0.43658	0.03958	0.13227	0.00870	0.00230	0.00350	0.01048	0.00429	0.00455
41	0.05632	0.00829	0.01054	0.00865	0.01185	0.00782	0.00705	0.02159	0.12368	0.51358	0.11163	0.02147	0.01751	0.00710	0.00514	0.00161	0.00398	0.04889	0.00570	0.00758
42	0.00781	0.00478	0.00640	0.00715	0.00782	0.00440	0.00491	0.00879	0.01005	0.09637	0.02664	0.73578	0.03077	0.01461	0.00622	0.00197	0.00304	0.01319	0.00479	0.00452
43	0.00769	0.00514	0.00673	0.00668	0.00781	0.00472	0.00496	0.00960	0.01274	0.06234	0.48721	0.22955	0.07447	0.01158	0.00600	0.00172	0.00271	0.04839	0.00523	0.00473
44	0.00687	0.00500	0.00624	0.00616	0.00730	0.00453	0.00451	0.00871	0.01268	0.02735	0.49409	0.16948	0.18913	0.02761	0.00634	0.00173	0.00255	0.01008	0.00514	0.00451
45	0.00606	0.00450	0.00566	0.00654	0.00713	0.00410	0.00446	0.00704	0.01002	0.01304	0.04984	0.64661	0.18707	0.01488	0.00626	0.00194	0.00280	0.01331	0.00465	0.00410
46	0.01164	0.00944	0.01092	0.00831	0.01231	0.00813	0.00678	0.14993	0.01282	0.01883	0.01129	0.01552	0.00985	0.00518	0.00426	0.00104	0.00411	0.08397	0.00349	0.61217
47	0.02057	0.00976	0.05690	0.00918	0.01329	0.00789	0.00795	0.05707	0.01416	0.65728	0.01787	0.01586	0.01143	0.00589	0.00489	0.00148	0.00444	0.00475	0.00563	0.07371
48	0.01121	0.01051	0.01490	0.55130	0.11680	0.07234	0.01274	0.07428	0.01154	0.01492	0.00950	0.01305	0.00727	0.00506	0.00485	0.00157	0.00640	0.00435	0.05138	0.00601
49	0.13596	0.01266	0.01307	0.01027	0.01402	0.05836	0.00842	0.45363	0.01871	0.20664	0.01281	0.01242	0.00883	0.00579	0.00470	0.00150	0.00517	0.00429	0.00486	0.00790
50	0.01482	0.03510	0.01393	0.01160	0.01360	0.22499	0.02544	0.06413	0.11088	0.09854	0.01106	0.01260	0.00880	0.00701	0.01714	0.00173	0.26580	0.00431	0.05215	0.00635
51	0.07399	0.00622	0.00685	0.00662	0.00838	0.00594	0.00506	0.05669	0.03209	0.06413	0.11243	0.18168	0.35866	0.01142	0.00568	0.00174	0.00311	0.04963	0.00472	0.00496
52	0.01032	0.00901	0.11730	0.00800	0.01087	0.00650	0.00723	0.01284	0.02071	0.15257	0.18101	0.05448	0.16116	0.02419	0.10896	0.00240	0.00505	0.00685	0.00428	0.09629

[dist]
# distance from previous block
# <min> <max>
0	1

[block]
# block no. 2 follows, 50 sequences, length 9
# corresponding to MSA columns:
# 328-336
name=unknown_C
#
# <colnr> <probs for GDERKNQSTAVLIFYWHMCP>
#	G	D	E	R	K	N	Q	S	T	A	V	L	I	F	Y	W	H	M	C	P
0	0.00831	0.10281	0.07526	0.00832	0.01034	0.00740	0.00757	0.01059	0.01154	0.01524	0.17882	0.06887	0.10259	0.03913	0.00660	0.00196	0.00420	0.33128	0.00423	0.00494
1	0.01124	0.00957	0.01618	0.55811	0.18373	0.01094	0.03894	0.01439	0.01069	0.08396	0.00997	0.01343	0.00744	0.00496	0.00501	0.00162	0.00634	0.00453	0.00263	0.00631
2	0.00707	0.00500	0.00599	0.00627	0.00678	0.00483	0.00409	0.03352	0.00973	0.01297	0.10420	0.33577	0.08955	0.33553	0.01377	0.00304	0.00366	0.01026	0.00409	0.00387
3	0.44231	0.00949	0.00896	0.00770	0.01045	0.01048	0.00609	0.17950	0.01212	0.08188	0.01174	0.08021	0.01038	0.10142	0.00651	0.00196	0.00427	0.00475	0.00386	0.00592
4	0.00810	0.00613	0.00733	0.00756	0.00873	0.00618	0.00550	0.07869	0.10164	0.01608	0.08730	0.48250	0.10835	0.01291	0.00602	0.00188	0.00324	0.04209	0.00478	0.00498
5	0.00886	0.00560	0.00733	0.07850	0.00992	0.00545	0.00545	0.01122	0.01293	0.07886	0.48298	0.03014	0.05766	0.00861	0.00525	0.00150	0.00288	0.00747	0.17432	0.00504
6	0.07894	0.00785	0.00894	0.00769	0.01006	0.00793	0.00605	0.15844	0.03187	0.19210	0.10504	0.09519	0.05599	0.04186	0.00575	0.00168	0.00372	0.02305	0.15165	0.00621
7	0.06314	0.00630	0.00748	0.00711	0.00838	0.00675	0.00531	0.09862	0.01098	0.01647	0.10566	0.11135	0.01873	0.13468	0.24356	0.00392	0.00647	0.00666	0.13365	0.00479
8	0.00725	0.00554	0.00677	0.00724	0.00817	0.00552	0.00512	0.01053	0.13673	0.01523	0.14754	0.52011	0.07886	0.01314	0.00605	0.00188	0.00296	0.01175	0.00483	0.00479

[dist]
# distance from previous block
# <min> <max>
0	3

[block]
# block no. 3 follows, 50 sequences, length 14
# corresponding to MSA columns:
# 340-353
name=unknown_D
#
# <colnr> <probs for GDERKNQSTAVLIFYWHMCP>
#	G	D	E	R	K	N	Q	S	T	A	V	L	I	F	Y	W	H	M	C	P
0	0.18529	0.01236	0.01272	0.01018	0.01379	0.01379	0.00833	0.47611	0.14029	0.05936	0.01260	0.01245	0.00909	0.00584	0.00462	0.00154	0.00487	0.00433	0.00467	0.00777
1	0.00939	0.00714	0.00981	0.01179	0.16490	0.00685	0.00764	0.01221	0.05883	0.07184	0.14979	0.03698	0.25141	0.01004	0.00580	0.00175	0.00383	0.16990	0.00446	0.00563
2	0.00884	0.00526	0.00696	0.00675	0.00759	0.00512	0.00483	0.05003	0.01074	0.04470	0.24497	0.16415	0.02470	0.01317	0.01083	0.32106	0.00343	0.00751	0.05537	0.00398
3	0.01003	0.00706	0.00792	0.00723	0.00925	0.00715	0.00554	0.01552	0.24518	0.09336	0.21141	0.03080	0.22001	0.03465	0.00598	0.00170	0.00313	0.00760	0.07062	0.00585
4	0.00692	0.00556	0.00887	0.00873	0.00967	0.00544	0.09112	0.00834	0.00949	0.01286	0.02272	0.57179	0.02605	0.01867	0.16512	0.00318	0.00559	0.01149	0.00400	0.00443
5	0.01198	0.01182	0.01109	0.00847	0.01253	0.16534	0.00665	0.01401	0.01109	0.01544	0.00863	0.01007	0.00719	0.00398	0.00385	0.00085	0.00474	0.00300	0.00288	0.68639
6	0.01222	0.02657	0.04341	0.23239	0.11174	0.04861	0.04069	0.09046	0.07506	0.08249	0.01193	0.01464	0.00932	0.01166	0.16404	0.00285	0.00753	0.00470	0.00320	0.00648
7	0.01366	0.07459	0.04862	0.22428	0.02152	0.06967	0.15393	0.01633	0.01112	0.16919	0.01063	0.01284	0.00788	0.00562	0.00682	0.00165	0.13755	0.00455	0.00307	0.00649
8	0.00758	0.00536	0.00651	0.00623	0.00766	0.00487	0.00466	0.00981	0.03592	0.05788	0.44223	0.11142	0.25911	0.01109	0.00586	0.00165	0.00260	0.00962	0.00518	0.00479
9	0.00870	0.00435	0.00638	0.00638	0.00645	0.00435	0.00428	0.00680	0.00673	0.00926	0.00912	0.01536	0.00891	0.01662	0.01851	0.80330	0.00421	0.00435	0.05363	0.00231
10	0.00957	0.00873	0.01396	0.09343	0.24265	0.00876	0.08816	0.01282	0.05602	0.01543	0.05056	0.03026	0.17945	0.00844	0.00568	0.00174	0.00501	0.15974	0.00360	0.00598
11	0.18160	0.52419	0.01971	0.00799	0.01203	0.01580	0.00751	0.01489	0.00998	0.04296	0.00766	0.00866	0.00655	0.00433	0.00331	0.00113	0.00478	0.00280	0.00258	0.12156
12	0.01319	0.01355	0.02654	0.01911	0.02394	0.01317	0.62330	0.16730	0.01409	0.01904	0.01046	0.01315	0.00774	0.00456	0.00570	0.00164	0.00782	0.00561	0.00301	0.00707
13	0.00609	0.00452	0.00569	0.00653	0.00714	0.00412	0.00446	0.00713	0.01017	0.01330	0.07670	0.62189	0.18465	0.01470	0.00624	0.00193	0.00279	0.01314	0.00468	0.00412

[dist]
# distance from previous block
# <min> <max>
0	1

[block]
# block no. 4 follows, 50 sequences, length 23
# corresponding to MSA columns:
# 355-377
name=unknown_E
#
# <colnr> <probs for GDERKNQSTAVLIFYWHMCP>
#	G	D	E	R	K	N	Q	S	T	A	V	L	I	F	Y	W	H	M	C	P
0	0.49103	0.10042	0.01154	0.01891	0.01172	0.01148	0.06397	0.01543	0.08504	0.04522	0.01107	0.09490	0.00976	0.00597	0.00393	0.00157	0.00432	0.00452	0.00338	0.00582
1	0.00971	0.00843	0.01282	0.53869	0.02580	0.00984	0.01097	0.06924	0.01110	0.01470	0.08625	0.01751	0.01204	0.09667	0.00727	0.00194	0.00577	0.00511	0.00287	0.05325
2	0.00866	0.00545	0.00713	0.00701	0.00825	0.00510	0.00518	0.01092	0.04227	0.10389	0.39964	0.29648	0.03675	0.01152	0.00594	0.00174	0.00287	0.03093	0.00524	0.00502
3	0.11312	0.00852	0.00943	0.00805	0.01051	0.00893	0.00630	0.15753	0.11299	0.14450	0.13710	0.02254	0.07574	0.09966	0.04535	0.00223	0.00443	0.00601	0.02077	0.00627
4	0.09324	0.00867	0.00835	0.00816	0.00964	0.09578	0.00593	0.09161	0.06960	0.03758	0.02011	0.40139	0.03144	0.08630	0.00731	0.00206	0.00423	0.00924	0.00421	0.00515
5	0.00634	0.00456	0.00606	0.00704	0.00754	0.00428	0.00494	0.00749	0.01019	0.01359	0.09447	0.65445	0.05750	0.01487	0.00636	0.00200	0.00300	0.08646	0.00470	0.00416
6	0.01404	0.10046	0.01195	0.00835	0.01117	0.01121	0.00690	0.35445	0.01664	0.03569	0.08902	0.01624	0.01348	0.00615	0.00438	0.00135	0.00410	0.00479	0.28299	0.00662
7	0.53188	0.00958	0.00880	0.00764	0.01059	0.01062	0.00616	0.14229	0.01166	0.09440	0.01160	0.11404	0.01010	0.00641	0.00400	0.00160	0.00404	0.00469	0.00389	0.00603
8	0.00715	0.00557	0.00621	0.00613	0.00733	0.00533	0.00434	0.00973	0.09681	0.01462	0.17703	0.12159	0.31811	0.18616	0.01003	0.00237	0.00318	0.00938	0.00449	0.00444
9	0.00690	0.00528	0.00738	0.00933	0.09455	0.00502	0.00566	0.00804	0.00991	0.01333	0.06863	0.59289	0.06440	0.07475	0.00758	0.00213	0.00333	0.01211	0.00431	0.00444
10	0.00781	0.00561	0.00708	0.00823	0.09310	0.00561	0.00439	0.00814	0.00770	0.01040	0.01500	0.03036	0.01698	0.73359	0.02310	0.00446	0.00495	0.00694	0.00296	0.00356
11	0.00660	0.00492	0.00552	0.00557	0.00688	0.00437	0.00410	0.00821	0.01174	0.01564	0.23706	0.14146	0.41304	0.01162	0.00568	0.00164	0.00250	0.00994	0.09914	0.00437
12	0.00890	0.00594	0.00771	0.00818	0.00935	0.00593	0.00644	0.01169	0.08511	0.07331	0.04800	0.24760	0.02675	0.09767	0.00833	0.00235	0.00401	0.33322	0.00463	0.00490
13	0.00892	0.09735	0.00936	0.00769	0.00912	0.00754	0.00576	0.02650	0.13509	0.04523	0.08057	0.47821	0.02649	0.01175	0.00562	0.00178	0.00338	0.01038	0.02402	0.00525
14	0.51319	0.00833	0.00790	0.00711	0.00979	0.00894	0.00564	0.01510	0.00990	0.18154	0.01374	0.17440	0.01242	0.00717	0.00415	0.00164	0.00374	0.00550	0.00404	0.00577
15	0.00634	0.00457	0.00574	0.00644	0.00691	0.00425	0.00429	0.00725	0.00981	0.01302	0.10257	0.53763	0.11126	0.14452	0.00931	0.00239	0.00311	0.01218	0.00445	0.00396
16	0.58040	0.01066	0.00939	0.00802	0.01125	0.01221	0.00655	0.17306	0.10912	0.02404	0.00965	0.01021	0.00727	0.00517	0.00373	0.00155	0.00420	0.00344	0.00373	0.00634
17	0.10665	0.01103	0.01228	0.00982	0.01343	0.01169	0.00801	0.29452	0.17431	0.28221	0.01569	0.01457	0.01081	0.00606	0.00481	0.00156	0.00459	0.00471	0.00520	0.00804
18	0.01298	0.74400	0.10690	0.00912	0.01371	0.01887	0.00956	0.01502	0.01017	0.01215	0.00714	0.00826	0.00639	0.00431	0.00336	0.00112	0.00554	0.00277	0.00213	0.00650
19	0.51247	0.01009	0.00914	0.00797	0.01093	0.01145	0.00641	0.17413	0.08752	0.02310	0.01144	0.09495	0.00988	0.00627	0.00402	0.00160	0.00410	0.00456	0.00384	0.00614
20	0.01193	0.00632	0.00816	0.00706	0.00919	0.00569	0.00552	0.01434	0.03521	0.26643	0.43502	0.03156	0.12493	0.00911	0.00558	0.00158	0.00302	0.00783	0.00559	0.00593
21	0.01193	0.00846	0.01000	0.00756	0.01143	0.00682	0.00603	0.02877	0.04117	0.14059	0.01572	0.04038	0.08588	0.00549	0.00428	0.00105	0.00368	0.00450	0.00380	0.56247
22	0.01305	0.00912	0.01140	0.00873	0.01240	0.00806	0.03876	0.13705	0.01349	0.14078	0.09414	0.06088	0.01421	0.00596	0.00462	0.00121	0.00409	0.01514	0.00415	0.40278

[dist]
# distance from previous block
# <min> <max>
0	1

[block]
# block no. 5 follows, 50 sequences, length 16
# corresponding to MSA columns:
# 379-394
name=unknown_F
#
# <colnr> <probs for GDERKNQSTAVLIFYWHMCP>
#	G	D	E	R	K	N	Q	S	T	A	V	L	I	F	Y	W	H	M	C	P
0	0.00898	0.00642	0.00984	0.00871	0.01053	0.00594	0.09848	0.01125	0.01271	0.08944	0.36672	0.12789	0.09151	0.01044	0.00600	0.00175	0.00366	0.11967	0.00489	0.00517
1	0.01396	0.01360	0.02500	0.01809	0.02281	0.01348	0.54154	0.24852	0.01533	0.02069	0.01066	0.01299	0.00784	0.00475	0.00561	0.00162	0.00751	0.00546	0.00327	0.00726
2	0.01453	0.01197	0.01202	0.02751	0.01347	0.10658	0.00789	0.30327	0.08128	0.05283	0.03582	0.12900	0.01330	0.00701	0.00492	0.00143	0.00497	0.00569	0.00428	0.16224
3	0.00968	0.00914	0.01544	0.74035	0.10471	0.01115	0.01398	0.01297	0.01009	0.01306	0.00891	0.01320	0.00676	0.00493	0.00498	0.00164	0.00658	0.00443	0.00224	0.00576
4	0.01478	0.01256	0.08719	0.06271	0.01575	0.01240	0.00960	0.21060	0.38147	0.11386	0.01633	0.01565	0.01180	0.00619	0.00501	0.00161	0.00486	0.00501	0.00471	0.00790
5	0.00954	0.00799	0.00947	0.00721	0.01086	0.00617	0.00564	0.01165	0.01072	0.01637	0.10508	0.08877	0.01454	0.00558	0.00420	0.00096	0.00346	0.00472	0.00341	0.67366
6	0.11359	0.00975	0.01012	0.00781	0.01164	0.05118	0.00618	0.04718	0.03208	0.01733	0.01022	0.06285	0.00901	0.00484	0.00393	0.00101	0.00404	0.00380	0.00320	0.59024
7	0.01204	0.00880	0.01015	0.00778	0.01134	0.00775	0.00623	0.14782	0.01348	0.07907	0.10783	0.01727	0.06385	0.00577	0.00442	0.00112	0.00374	0.00470	0.05038	0.43646
8	0.03201	0.01172	0.01313	0.01021	0.01393	0.01231	0.00838	0.49079	0.03021	0.15975	0.02421	0.01486	0.01045	0.02467	0.01992	0.00165	0.00512	0.02527	0.00488	0.08655
9	0.00833	0.00656	0.00945	0.00880	0.01049	0.00633	0.07738	0.05952	0.01287	0.01723	0.25984	0.11814	0.12669	0.01133	0.00619	0.00186	0.00389	0.24542	0.00471	0.00497
10	0.01144	0.03281	0.08589	0.00990	0.01285	0.00903	0.05779	0.05026	0.20194	0.11152	0.05315	0.08127	0.11926	0.00888	0.00555	0.00175	0.00449	0.13126	0.00452	0.00641
11	0.67313	0.01026	0.00870	0.00749	0.01064	0.01173	0.00613	0.15696	0.01132	0.02372	0.00859	0.03704	0.00693	0.00526	0.00355	0.00155	0.00413	0.00343	0.00349	0.00593
12	0.00810	0.00492	0.00646	0.00700	0.00782	0.00450	0.00486	0.00915	0.01032	0.10771	0.05598	0.62782	0.07339	0.03831	0.00672	0.00201	0.00307	0.01246	0.00480	0.00459
13	0.01119	0.01107	0.08561	0.00867	0.01315	0.00846	0.00760	0.07127	0.10487	0.01788	0.01048	0.01147	0.00831	0.00433	0.00405	0.00099	0.00420	0.00346	0.00328	0.60966
14	0.07435	0.05776	0.11127	0.01227	0.06510	0.28017	0.00997	0.16003	0.01400	0.01775	0.01005	0.05457	0.00849	0.00558	0.00449	0.00137	0.00644	0.00414	0.02205	0.08015
15	0.00814	0.00514	0.00627	0.00643	0.00759	0.00459	0.00456	0.00925	0.01069	0.10780	0.06968	0.37902	0.26325	0.08435	0.00770	0.00209	0.00309	0.01108	0.00471	0.00457

[dist]
# distance from previous block
# <min> <max>
0	12

[block]
# block no. 6 follows, 50 sequences, length 91
# corresponding to MSA columns:
# 407-497
name=unknown_G
#
# <colnr> <probs for GDERKNQSTAVLIFYWHMCP>
#	G	D	E	R	K	N	Q	S	T	A	V	L	I	F	Y	W	H	M	C	P
0	0.01050	0.00938	0.01243	0.00892	0.01334	0.00742	0.08734	0.01290	0.01044	0.01614	0.00895	0.01067	0.00739	0.00383	0.00413	0.00086	0.01747	0.00329	0.00289	0.75172
1	0.02306	0.02059	0.12073	0.00971	0.03620	0.00819	0.00852	0.08507	0.03404	0.16572	0.04825	0.10588	0.04600	0.00775	0.00509	0.00154	0.00445	0.09321	0.03450	0.14150
2	0.10648	0.01143	0.01242	0.00997	0.01333	0.01233	0.00808	0.48920	0.01870	0.12892	0.01463	0.12571	0.01209	0.00721	0.00498	0.00158	0.00479	0.00573	0.00489	0.00753
3	0.00984	0.00763	0.07544	0.00816	0.00994	0.00627	0.00656	0.01283	0.09890	0.13951	0.04504	0.45594	0.02467	0.05290	0.02013	0.00210	0.00387	0.01019	0.00462	0.00546
4	0.16771	0.01494	0.16479	0.02172	0.03875	0.05537	0.08728	0.20037	0.05622	0.04264	0.01028	0.01133	0.00762	0.00502	0.00452	0.00146	0.00575	0.00399	0.00342	0.09679
5	0.61595	0.01013	0.00904	0.04181	0.01174	0.01130	0.00638	0.12123	0.01084	0.02257	0.00793	0.00910	0.00609	0.00473	0.00350	0.00146	0.00419	0.00305	0.00330	0.09566
6	0.00713	0.00530	0.00779	0.00779	0.00860	0.00611	0.00596	0.00876	0.00795	0.01141	0.01355	0.02070	0.01295	0.10495	0.73817	0.00774	0.01262	0.00550	0.00270	0.00433
7	0.01633	0.01200	0.01541	0.15150	0.15725	0.01306	0.01097	0.40418	0.03993	0.11129	0.01208	0.01301	0.00869	0.00558	0.00498	0.00153	0.00558	0.00456	0.00420	0.00785
8	0.00745	0.00582	0.00863	0.00845	0.00926	0.00701	0.00663	0.00917	0.00798	0.01161	0.01277	0.01884	0.01195	0.03492	0.73740	0.00751	0.08220	0.00526	0.00263	0.00454
9	0.00765	0.00582	0.00712	0.00712	0.00839	0.00572	0.00536	0.02485	0.10537	0.01746	0.35742	0.21500	0.12106	0.01153	0.00597	0.00176	0.00295	0.07944	0.00505	0.00494
10	0.00610	0.00473	0.00548	0.00597	0.00694	0.00419	0.00418	0.00719	0.01054	0.01334	0.08076	0.38910	0.38064	0.04854	0.00693	0.00196	0.00278	0.01191	0.00461	0.00411
11	0.00791	0.00548	0.00698	0.00756	0.00832	0.00546	0.00560	0.02997	0.04084	0.03142	0.02351	0.33390	0.02636	0.20392	0.01086	0.00273	0.00400	0.23656	0.00430	0.00434
12	0.01311	0.01201	0.01864	0.02490	0.55125	0.01294	0.01371	0.12981	0.01258	0.01788	0.00931	0.01205	0.00777	0.00536	0.00677	0.00159	0.13547	0.00444	0.00280	0.00759
13	0.00630	0.00443	0.00575	0.00666	0.00703	0.00413	0.00444	0.00695	0.00936	0.01234	0.02751	0.65507	0.09559	0.06423	0.00832	0.05778	0.00307	0.01280	0.00437	0.00388
14	0.80452	0.00929	0.00727	0.00655	0.00943	0.01073	0.00533	0.01412	0.00835	0.02147	0.00705	0.00856	0.00561	0.00545	0.00415	0.05719	0.00389	0.00281	0.00302	0.00519
15	0.00994	0.00814	0.00969	0.00722	0.01097	0.00627	0.00566	0.01171	0.01018	0.01568	0.05985	0.01260	0.01010	0.00556	0.00550	0.09107	0.00367	0.00349	0.00304	0.70967
16	0.00624	0.00450	0.00564	0.00647	0.00688	0.00419	0.00427	0.00702	0.00940	0.01233	0.02840	0.60114	0.12318	0.14453	0.00934	0.00243	0.00316	0.01262	0.00437	0.00390
17	0.01160	0.01235	0.02410	0.11227	0.03435	0.01241	0.52616	0.01744	0.15224	0.01643	0.01174	0.01432	0.00884	0.00482	0.00576	0.00168	0.01812	0.00563	0.00294	0.00679
18	0.00673	0.00476	0.00580	0.00616	0.00663	0.00452	0.00405	0.00760	0.00966	0.01293	0.15544	0.29870	0.09470	0.32244	0.01349	0.00299	0.00356	0.03189	0.00416	0.00380
19	0.01240	0.01071	0.01127	0.01014	0.01296	0.01240	0.00789	0.02649	0.78473	0.02085	0.02029	0.01860	0.01522	0.00676	0.00507	0.00169	0.00394	0.00564	0.00507	0.00789
20	0.00989	0.00933	0.01559	0.68291	0.11354	0.01124	0.02618	0.01365	0.04328	0.01351	0.00942	0.01342	0.00716	0.00499	0.00500	0.00164	0.00648	0.00451	0.00237	0.00591
21	0.01203	0.01153	0.01967	0.11327	0.71348	0.01176	0.01514	0.01503	0.01120	0.01591	0.00932	0.01244	0.00776	0.00450	0.00494	0.00150	0.00600	0.00444	0.00244	0.00765
22	0.69927	0.01000	0.00850	0.00727	0.01052	0.01130	0.00599	0.09606	0.01056	0.08980	0.00856	0.00927	0.00632	0.00490	0.00345	0.00154	0.00406	0.00309	0.00355	0.00599
23	0.00753	0.00478	0.00630	0.00696	0.00769	0.00438	0.00482	0.00861	0.01035	0.08056	0.07906	0.65808	0.07339	0.01428	0.00619	0.00193	0.00295	0.01284	0.00482	0.00448
24	0.01820	0.01467	0.01408	0.01128	0.01480	0.14071	0.00909	0.57350	0.02065	0.05987	0.01263	0.06450	0.00991	0.00648	0.00500	0.00150	0.00582	0.00494	0.00463	0.00776
25	0.00752	0.00530	0.00676	0.00684	0.00789	0.00505	0.00495	0.01006	0.06447	0.04238	0.40843	0.33194	0.05545	0.01193	0.00598	0.00175	0.00273	0.01064	0.00514	0.00478
26	0.09835	0.00859	0.01118	0.00866	0.01244	0.00768	0.00715	0.02342	0.01374	0.72690	0.01851	0.01616	0.01171	0.00603	0.00484	0.00154	0.00421	0.00480	0.00589	0.00820
27	0.01481	0.01098	0.01198	0.00987	0.01291	0.01193	0.00792	0.45130	0.12881	0.04393	0.06086	0.10371	0.08172	0.00803	0.00530	0.00161	0.00452	0.01755	0.00498	0.00730
28	0.01486	0.01087	0.01187	0.01015	0.01330	0.01211	0.00805	0.13952	0.55566	0.13742	0.01894	0.01735	0.01377	0.00656	0.00505	0.00164	0.00422	0.00537	0.00522	0.00807
29	0.01769	0.01063	0.01223	0.00967	0.01297	0.01107	0.00777	0.37500	0.06806	0.26247	0.05699	0.01747	0.01318	0.09286	0.00720	0.00188	0.00477	0.00526	0.00517	0.00766
30	0.02171	0.00954	0.01222	0.00937	0.01325	0.00889	0.00774	0.16923	0.01603	0.64975	0.01818	0.01600	0.01160	0.00613	0.00501	0.00153	0.00448	0.00491	0.00594	0.00848
31	0.10091	0.00634	0.00637	0.00578	0.00758	0.00659	0.00451	0.09140	0.01179	0.06264	0.01502	0.01671	0.01153	0.00572	0.00368	0.00126	0.00291	0.00444	0.62949	0.00533
32	0.00607	0.00434	0.00578	0.00694	0.00723	0.00405	0.00463	0.00694	0.00954	0.01272	0.02747	0.82157	0.03297	0.01562	0.00636	0.00202	0.00289	0.01417	0.00463	0.00405
33	0.01444	0.01125	0.01207	0.01034	0.01348	0.01272	0.00819	0.18602	0.57254	0.07372	0.01848	0.01708	0.01359	0.00656	0.00505	0.00164	0.00429	0.00535	0.00513	0.00805
34	0.00725	0.00483	0.00544	0.00544	0.00544	0.00483	0.00302	0.00725	0.00725	0.00966	0.01571	0.03262	0.01812	0.82483	0.02537	0.00483	0.00483	0.00725	0.00302	0.00302
35	0.01300	0.00940	0.01046	0.00931	0.01204	0.01023	0.00736	0.04192	0.49804	0.13824	0.05047	0.02403	0.08907	0.00778	0.00528	0.00170	0.00388	0.05529	0.00518	0.00732
36	0.00811	0.00543	0.00640	0.00595	0.00766	0.00474	0.00454	0.00989	0.01279	0.09896	0.35054	0.04030	0.40437	0.01094	0.00579	0.00162	0.00264	0.00932	0.00514	0.00486
37	0.00686	0.00471	0.00574	0.00624	0.00642	0.00460	0.00395	0.00733	0.00838	0.01115	0.02079	0.32811	0.02434	0.47044	0.01708	0.00362	0.00409	0.05892	0.00372	0.00351
38	0.01176	0.01345	0.02941	0.02101	0.02605	0.01261	0.77563	0.01597	0.01176	0.01597	0.01008	0.01345	0.00756	0.00420	0.00588	0.00168	0.00840	0.00588	0.00252	0.00672
39	0.03702	0.01387	0.01479	0.01136	0.01533	0.01537	0.00939	0.76073	0.02311	0.03122	0.01186	0.01188	0.00841	0.00595	0.00495	0.00150	0.00545	0.00445	0.00495	0.00841
40	0.02140	0.00884	0.01165	0.00906	0.01283	0.00801	0.00744	0.04739	0.08065	0.70727	0.01948	0.01695	0.01247	0.00621	0.00502	0.00155	0.00425	0.00505	0.00604	0.00843
41	0.01849	0.01443	0.01492	0.01165	0.01533	0.06692	0.00956	0.68613	0.02197	0.02910	0.01139	0.01172	0.00824	0.00608	0.00557	0.00152	0.04977	0.00440	0.00468	0.00814
42	0.00614	0.00446	0.00580	0.00674	0.00721	0.00412	0.00457	0.00716	0.01007	0.01339	0.09299	0.69546	0.09364	0.01493	0.00628	0.00196	0.00282	0.01345	0.00470	0.00412
43	0.00954	0.00491	0.00516	0.00502	0.00629	0.00479	0.00373	0.01158	0.01048	0.05977	0.01930	0.02198	0.07994	0.06233	0.01789	0.00158	0.00279	0.00536	0.66285	0.00470
44	0.00607	0.00437	0.00575	0.00686	0.00721	0.00406	0.00459	0.00695	0.00962	0.01276	0.02846	0.78849	0.06542	0.01549	0.00634	0.00201	0.00288	0.01401	0.00463	0.00406
45	0.01407	0.00928	0.01067	0.00916	0.01191	0.00998	0.00725	0.11610	0.34183	0.17955	0.09977	0.01949	0.01678	0.00948	0.07369	0.00214	0.00475	0.00564	0.05120	0.00728
46	0.01211	0.01040	0.01102	0.00993	0.01266	0.01198	0.00772	0.02556	0.74283	0.02080	0.06220	0.01961	0.01695	0.00695	0.00512	0.00168	0.00386	0.00582	0.00509	0.00772
47	0.01240	0.01071	0.01127	0.01014	0.01296	0.01240	0.00789	0.02649	0.78473	0.02085	0.02029	0.01860	0.01522	0.00676	0.00507	0.00169	0.00394	0.00564	0.00507	0.00789
48	0.01232	0.01038	0.01114	0.00971	0.01279	0.01143	0.00758	0.02438	0.65277	0.03791	0.01859	0.01734	0.01399	0.00630	0.00487	0.00155	0.00391	0.00523	0.00478	0.13304
49	0.01034	0.00886	0.01034	0.00738	0.01181	0.00664	0.00591	0.01255	0.01034	0.01624	0.00886	0.01034	0.00738	0.00369	0.00369	0.00074	0.00369	0.00295	0.00295	0.85530
50	0.01000	0.02578	0.79900	0.01421	0.02157	0.01158	0.01842	0.01579	0.01052	0.01579	0.00895	0.01052	0.00631	0.00474	0.00474	0.00158	0.00737	0.00368	0.00210	0.00737
51	0.10194	0.04863	0.09820	0.01846	0.08847	0.01231	0.48256	0.01616	0.01133	0.05895	0.00997	0.01247	0.00745	0.00443	0.00523	0.00161	0.00725	0.00503	0.00272	0.00683
52	0.00654	0.00474	0.00628	0.00733	0.00795	0.00448	0.00539	0.00779	0.01017	0.01333	0.02913	0.56886	0.09522	0.01491	0.00645	0.00206	0.00328	0.19728	0.00462	0.00419
53	0.02137	0.00826	0.01125	0.00870	0.01238	0.00715	0.00715	0.02332	0.01426	0.74651	0.06997	0.01829	0.01460	0.00643	0.00507	0.00154	0.00412	0.00527	0.00612	0.00824
54	0.01382	0.00872	0.01056	0.09340	0.01310	0.00918	0.00710	0.24915	0.01404	0.16375	0.01553	0.08607	0.01407	0.26582	0.01155	0.00262	0.00496	0.00625	0.00426	0.00608
55	0.21032	0.00920	0.01090	0.00856	0.01226	0.00887	0.00707	0.08446	0.01373	0.55966	0.01617	0.01456	0.01046	0.00581	0.00458	0.00154	0.00426	0.00445	0.00538	0.00779
56	0.00628	0.00447	0.00590	0.00681	0.00723	0.00417	0.00462	0.00725	0.00998	0.01339	0.10803	0.67439	0.05089	0.03621	0.00705	0.01773	0.00293	0.02399	0.00463	0.00407
57	0.11201	0.00894	0.01444	0.56278	0.04441	0.01058	0.06966	0.01268	0.00963	0.01383	0.00871	0.01283	0.00678	0.00603	0.00619	0.08228	0.00621	0.00432	0.00234	0.00534
58	0.00874	0.00481	0.00739	0.09171	0.00944	0.00504	0.00533	0.00715	0.00686	0.00909	0.00868	0.01495	0.00845	0.01601	0.01795	0.76480	0.00457	0.00434	0.00217	0.00252
59	0.00882	0.00533	0.00664	0.00635	0.00695	0.00540	0.00417	0.00941	0.00815	0.09330	0.01562	0.02815	0.01629	0.56858	0.19127	0.00517	0.00661	0.00660	0.00328	0.00391
60	0.00687	0.00499	0.00665	0.00768	0.00847	0.00477	0.00596	0.00837	0.01053	0.01371	0.02933	0.42580	0.10715	0.01455	0.00653	0.00210	0.00356	0.32408	0.00461	0.00429
61	0.11207	0.00815	0.01163	0.06477	0.02494	0.00842	0.12249	0.06535	0.05322	0.04589	0.04652	0.25874	0.07368	0.06124	0.00687	0.00195	0.01648	0.00822	0.00393	0.00545
62	0.01034	0.00886	0.01034	0.00738	0.01181	0.00664	0.00591	0.01255	0.01034	0.01624	0.00886	0.01034	0.00738	0.00369	0.00369	0.00074	0.00369	0.00295	0.00295	0.85530
63	0.00614	0.00444	0.00569	0.00667	0.00705	0.00412	0.00444	0.00698	0.00953	0.01256	0.02857	0.69650	0.09697	0.07556	0.00774	0.00220	0.00300	0.01334	0.00451	0.00399
64	0.12387	0.00969	0.01336	0.20522	0.08461	0.01031	0.04231	0.04923	0.11782	0.26021	0.02538	0.01472	0.01024	0.00559	0.00481	0.00159	0.00507	0.00469	0.00414	0.00711
65	0.00961	0.00776	0.00959	0.09546	0.03586	0.06440	0.00722	0.02206	0.01035	0.05632	0.09720	0.17206	0.01856	0.06852	0.18190	0.00326	0.06536	0.00706	0.03790	0.02956
66	0.00618	0.00473	0.00556	0.00602	0.00693	0.00423	0.00419	0.00730	0.01059	0.01357	0.11538	0.37960	0.33455	0.06846	0.00741	0.00203	0.00282	0.01172	0.00461	0.00411
67	0.68533	0.00948	0.00889	0.17216	0.01471	0.01116	0.00713	0.01426	0.00879	0.02039	0.00733	0.00916	0.00565	0.00470	0.00347	0.00157	0.00443	0.00305	0.00291	0.00543
68	0.00953	0.00559	0.00740	0.00678	0.00831	0.00508	0.00514	0.01166	0.01365	0.15036	0.58023	0.11671	0.03969	0.01009	0.00578	0.00161	0.00273	0.00888	0.00551	0.00527
69	0.01185	0.01009	0.01088	0.00802	0.01228	0.05919	0.00640	0.05448	0.01145	0.05019	0.00941	0.01062	0.00759	0.00401	0.00387	0.00085	0.00416	0.00314	0.00317	0.71833
70	0.00683	0.00509	0.00635	0.00604	0.00731	0.00461	0.00453	0.00897	0.01358	0.01874	0.64928	0.03929	0.18963	0.01066	0.00588	0.00159	0.00238	0.00930	0.00532	0.00461
71	0.05063	0.14010	0.07677	0.01172	0.09619	0.01141	0.00937	0.13293	0.01388	0.32831	0.01330	0.01298	0.00925	0.00531	0.00452	0.00140	0.00497	0.00416	0.00429	0.06851
72	0.01000	0.02578	0.79900	0.01421	0.02157	0.01158	0.01842	0.01579	0.01052	0.01579	0.00895	0.01052	0.00631	0.00474	0.00474	0.00158	0.00737	0.00368	0.00210	0.00737
73	0.00618	0.00489	0.00558	0.00589	0.00711	0.00429	0.00431	0.00752	0.01123	0.01416	0.13815	0.25574	0.45887	0.01317	0.00606	0.00179	0.00269	0.04337	0.00474	0.00424
74	0.00820	0.00611	0.00678	0.00634	0.00821	0.00573	0.00484	0.01164	0.12501	0.06725	0.22634	0.03902	0.44438	0.01075	0.00571	0.00165	0.00280	0.00908	0.00500	0.00515
75	0.00624	0.00441	0.00574	0.00673	0.00698	0.00416	0.00440	0.00698	0.00922	0.01230	0.02582	0.71098	0.03089	0.12905	0.00903	0.00242	0.00316	0.01320	0.00440	0.00390
76	0.01251	0.01076	0.01134	0.01017	0.01301	0.01245	0.00792	0.03970	0.77133	0.02104	0.02014	0.01848	0.01510	0.00675	0.00507	0.00169	0.00397	0.00562	0.00507	0.00790
77	0.00628	0.00449	0.00602	0.00718	0.00756	0.00423	0.00499	0.00730	0.00975	0.01296	0.02736	0.74069	0.03251	0.01542	0.00642	0.00205	0.00307	0.09301	0.00462	0.00411
78	0.00635	0.00454	0.00608	0.00711	0.00756	0.00427	0.00497	0.00749	0.01013	0.01357	0.09289	0.67791	0.03375	0.01497	0.00637	0.00201	0.00301	0.08816	0.00470	0.00416
79	0.00616	0.00440	0.00586	0.00688	0.00725	0.00410	0.00463	0.00715	0.00993	0.01335	0.09300	0.75427	0.03417	0.01515	0.00632	0.00199	0.00285	0.01373	0.00470	0.00410
80	0.01848	0.01258	0.01372	0.01061	0.01434	0.01367	0.00873	0.63187	0.02135	0.11124	0.01315	0.01306	0.00925	0.00599	0.00486	0.00147	0.00508	0.00456	0.07783	0.00815
81	0.00607	0.00434	0.00578	0.00694	0.00723	0.00405	0.00463	0.00694	0.00954	0.01272	0.02747	0.82157	0.03297	0.01562	0.00636	0.00202	0.00289	0.01417	0.00463	0.00405
82	0.00941	0.00886	0.01495	0.81285	0.03433	0.01107	0.01384	0.01274	0.00997	0.01274	0.00886	0.01329	0.00664	0.00498	0.00498	0.00166	0.00664	0.00443	0.00221	0.00554
83	0.00725	0.00483	0.00544	0.00544	0.00544	0.00483	0.00302	0.00725	0.00725	0.00966	0.01571	0.03262	0.01812	0.82483	0.02537	0.00483	0.00483	0.00725	0.00302	0.00302
84	0.00779	0.00653	0.00699	0.00681	0.00869	0.00643	0.00530	0.01240	0.20342	0.01578	0.07783	0.04101	0.48080	0.01117	0.00579	0.00174	0.00309	0.08846	0.00478	0.00519
85	0.14423	0.01710	0.01309	0.01107	0.01428	0.36502	0.00871	0.24742	0.01610	0.10245	0.01014	0.01060	0.00751	0.00542	0.00449	0.00141	0.00667	0.00371	0.00375	0.00682
86	0.00671	0.00513	0.00624	0.00697	0.00775	0.00496	0.00483	0.00904	0.09177	0.01370	0.03049	0.60968	0.15568	0.01419	0.00615	0.00193	0.00294	0.01267	0.00467	0.00448
87	0.00702	0.00509	0.00662	0.00624	0.00743	0.00469	0.00468	0.00934	0.01403	0.01980	0.76971	0.03754	0.06854	0.01026	0.00588	0.00157	0.00236	0.00906	0.00546	0.00469
88	0.00725	0.00483	0.00544	0.00544	0.00544	0.00483	0.00302	0.00725	0.00725	0.00966	0.01571	0.03262	0.01812	0.82483	0.02537	0.00483	0.00483	0.00725	0.00302	0.00302
89	0.01251	0.63063	0.21614	0.00992	0.01495	0.01772	0.01096	0.01514	0.01023	0.01272	0.00743	0.00862	0.00638	0.00438	0.00358	0.00119	0.00583	0.00292	0.00213	0.00664
90	0.01000	0.02578	0.79900	0.01421	0.02157	0.01158	0.01842	0.01579	0.01052	0.01579	0.00895	0.01052	0.00631	0.00474	0.00474	0.00158	0.00737	0.00368	0.00210	0.00737

[dist]
# distance from previous block
# <min> <max>
0	3

[block]
# block no. 7 follows, 50 sequences, length 25
# corresponding to MSA columns:
# 501-525
name=unknown_H
#
# <colnr> <probs for GDERKNQSTAVLIFYWHMCP>
#	G	D	E	R	K	N	Q	S	T	A	V	L	I	F	Y	W	H	M	C	P
0	0.00712	0.00500	0.00644	0.00620	0.00727	0.00465	0.00458	0.00928	0.01333	0.01903	0.66123	0.09865	0.04301	0.03310	0.00632	0.00167	0.00246	0.00911	0.05694	0.00460
1	0.00941	0.00886	0.01495	0.81285	0.03433	0.01107	0.01384	0.01274	0.00997	0.01274	0.00886	0.01329	0.00664	0.00498	0.00498	0.00166	0.00664	0.00443	0.00221	0.00554
2	0.01794	0.02208	0.01371	0.01235	0.01494	0.71043	0.00932	0.06541	0.01463	0.01367	0.03624	0.01105	0.02599	0.00554	0.00460	0.00132	0.00840	0.00366	0.00286	0.00587
3	0.00893	0.00660	0.00774	0.00724	0.00889	0.00656	0.00546	0.08663	0.10690	0.04115	0.32834	0.18016	0.16452	0.01068	0.00576	0.00168	0.00304	0.00927	0.00510	0.00536
4	0.02100	0.00915	0.01171	0.00904	0.01275	0.00851	0.00745	0.14795	0.01555	0.62319	0.01818	0.01624	0.01173	0.00612	0.00492	0.00151	0.00433	0.00490	0.05753	0.00825
5	0.00611	0.00443	0.00577	0.00676	0.00720	0.00409	0.00456	0.00708	0.00991	0.01314	0.06656	0.72150	0.09428	0.01511	0.00630	0.00197	0.00284	0.01363	0.00467	0.00409
6	0.74987	0.00949	0.00788	0.00686	0.01005	0.01067	0.00565	0.01592	0.00924	0.12426	0.00861	0.00926	0.00631	0.00483	0.00334	0.00154	0.00391	0.00300	0.00349	0.00580
7	0.01212	0.00924	0.00975	0.00968	0.01146	0.00782	0.00673	0.01183	0.01483	0.01945	0.13154	0.19600	0.50171	0.01599	0.00831	0.00276	0.00468	0.01231	0.00650	0.00730
8	0.01631	0.01011	0.01190	0.01089	0.01307	0.00877	0.00786	0.01676	0.01709	0.19536	0.50092	0.08312	0.05365	0.01296	0.00805	0.00262	0.00492	0.00987	0.00727	0.00851
9	0.02502	0.01526	0.01704	0.01399	0.01810	0.01478	0.01077	0.39921	0.04208	0.33448	0.02061	0.02182	0.01545	0.00975	0.00741	0.00256	0.00680	0.00654	0.00720	0.01115
10	0.01516	0.01284	0.01845	0.74527	0.03643	0.01405	0.01564	0.01670	0.01359	0.01819	0.01455	0.02089	0.01209	0.00875	0.00739	0.00269	0.00838	0.00625	0.00421	0.00849
11	0.20516	0.01024	0.01364	0.48286	0.09430	0.04809	0.01163	0.05102	0.01060	0.01614	0.00856	0.01175	0.00655	0.00491	0.00452	0.00159	0.00599	0.00398	0.00259	0.00587
12	0.00629	0.00501	0.00564	0.00560	0.00701	0.00436	0.00416	0.00788	0.01212	0.01555	0.29213	0.10626	0.48627	0.01206	0.00592	0.00167	0.00250	0.01032	0.00491	0.00436
13	0.01384	0.24443	0.06386	0.02558	0.02755	0.28450	0.05627	0.02510	0.01185	0.01347	0.07745	0.01229	0.01036	0.00670	0.03333	0.00162	0.07915	0.00400	0.00267	0.00600
14	0.00987	0.00470	0.00694	0.00670	0.00705	0.00460	0.00460	0.00807	0.00718	0.07866	0.00964	0.01531	0.00898	0.01633	0.01820	0.77921	0.00432	0.00439	0.00252	0.00273
15	0.01085	0.01322	0.13539	0.14544	0.25644	0.01154	0.20982	0.01441	0.01064	0.01495	0.00963	0.01308	0.00772	0.00764	0.07674	0.00219	0.04640	0.00477	0.00239	0.00672
16	0.01394	0.04016	0.04141	0.01897	0.15722	0.01348	0.34507	0.24154	0.01499	0.02037	0.01056	0.01314	0.00811	0.00501	0.00555	0.00159	0.02224	0.01602	0.00324	0.00740
17	0.00767	0.00581	0.00810	0.00822	0.00915	0.00567	0.05208	0.07599	0.01090	0.01455	0.02459	0.64718	0.02858	0.04220	0.00689	0.00206	0.00358	0.03771	0.00447	0.00459
18	0.19741	0.00976	0.01046	0.04868	0.03845	0.01098	0.00743	0.03487	0.39991	0.08963	0.01585	0.01682	0.01229	0.07869	0.00643	0.00191	0.00426	0.00496	0.00433	0.00686
19	0.00907	0.00620	0.00763	0.00754	0.00893	0.00619	0.00566	0.01274	0.15065	0.07730	0.19531	0.23418	0.08060	0.04678	0.00737	0.04139	0.00337	0.08908	0.00483	0.00517
