[name]
unknown

[dist]
# distance from previous block
# <min> <max>
0	17

[block]
# block no. 0 follows, 52 sequences, length 27
# corresponding to MSA columns:
# 17-43
name=unknown_A
#
# <colnr> <probs for GDERKNQSTAVLIFYWHMCP>
#	G	D	E	R	K	N	Q	S	T	A	V	L	I	F	Y	W	H	M	C	P
0	0.00602	0.00481	0.00543	0.00583	0.00705	0.00422	0.00435	0.00727	0.01066	0.01318	0.05560	0.24495	0.50653	0.01308	0.00595	0.00178	0.00276	0.09191	0.00451	0.00410
1	0.18980	0.08737	0.01200	0.05131	0.01317	0.09029	0.00763	0.04866	0.27722	0.12701	0.01417	0.01446	0.02064	0.00578	0.00434	0.00150	0.00465	0.01929	0.00401	0.00670
2	0.07954	0.44466	0.20728	0.01011	0.01487	0.01512	0.04629	0.03195	0.01054	0.08725	0.00860	0.00950	0.00676	0.00449	0.00378	0.00127	0.00558	0.00322	0.00258	0.00661
3	0.00686	0.00505	0.00729	0.00738	0.00809	0.00572	0.00553	0.00830	0.00781	0.01110	0.01435	0.08377	0.01439	0.13741	0.64590	0.00693	0.01111	0.00610	0.00279	0.00412
4	0.00748	0.00473	0.00620	0.00671	0.00752	0.00432	0.00469	0.00863	0.01038	0.08673	0.12417	0.59816	0.08489	0.01347	0.00597	0.00185	0.00284	0.01208	0.00474	0.00443
5	0.01539	0.05409	0.05537	0.08624	0.01608	0.28834	0.00977	0.20156	0.04858	0.05411	0.05192	0.01224	0.00950	0.00577	0.00550	0.00145	0.07014	0.00410	0.00338	0.00647
6	0.01161	0.00915	0.01364	0.42138	0.03307	0.02084	0.05091	0.11884	0.02780	0.09505	0.08450	0.05390	0.01243	0.00656	0.01820	0.00169	0.00568	0.00533	0.00340	0.00604
7	0.00875	0.00522	0.00626	0.00595	0.00693	0.00485	0.00403	0.00962	0.00981	0.12238	0.13508	0.11070	0.14504	0.38779	0.01437	0.00304	0.00373	0.00815	0.00411	0.00419
8	0.01544	0.02901	0.01210	0.05173	0.01356	0.07343	0.00793	0.34075	0.06512	0.13136	0.10909	0.01615	0.01388	0.00686	0.02149	0.00157	0.00493	0.00493	0.07368	0.00698
9	0.01276	0.71026	0.03638	0.05213	0.01379	0.04476	0.00887	0.01444	0.00986	0.01154	0.00688	0.00825	0.00624	0.00442	0.00386	0.00113	0.04341	0.00279	0.00209	0.00613
10	0.03762	0.00850	0.01091	0.00848	0.01198	0.00780	0.00697	0.10399	0.01442	0.62887	0.03099	0.01625	0.01206	0.00599	0.00473	0.00147	0.00407	0.00481	0.07226	0.00783
11	0.00694	0.00539	0.00638	0.00617	0.00753	0.00508	0.00460	0.00987	0.08476	0.01714	0.44994	0.10431	0.25241	0.01071	0.00569	0.00160	0.00252	0.00929	0.00499	0.00467
12	0.01626	0.01347	0.05461	0.08565	0.01599	0.10448	0.00939	0.43706	0.01773	0.09952	0.01314	0.03447	0.03418	0.02733	0.01327	0.00162	0.00571	0.00473	0.00420	0.00720
13	0.01404	0.03152	0.01292	0.07325	0.01468	0.02425	0.02529	0.38066	0.11156	0.04549	0.04940	0.02588	0.01164	0.01130	0.14306	0.00258	0.00645	0.00495	0.00415	0.00692
14	0.01214	0.01242	0.03553	0.15623	0.10162	0.01234	0.44418	0.13240	0.01282	0.01731	0.00979	0.01267	0.00735	0.00451	0.00533	0.00158	0.00719	0.00510	0.00276	0.00672
15	0.01345	0.68535	0.06463	0.00912	0.01321	0.12139	0.00893	0.01518	0.01037	0.01167	0.00694	0.00803	0.00622	0.00428	0.00335	0.00109	0.00575	0.00271	0.00213	0.00619
16	0.43366	0.01011	0.03488	0.00800	0.01137	0.01037	0.00678	0.15321	0.01257	0.21529	0.05235	0.01223	0.00960	0.00539	0.00398	0.00149	0.00415	0.00384	0.00416	0.00654
17	0.06638	0.02259	0.03781	0.08565	0.07029	0.00945	0.01768	0.13292	0.02690	0.35956	0.03833	0.02877	0.01099	0.00569	0.00469	0.00145	0.00465	0.00465	0.00453	0.06700
18	0.01627	0.02845	0.01324	0.07332	0.01518	0.01136	0.03725	0.28177	0.16626	0.23230	0.02440	0.04374	0.01181	0.00631	0.00495	0.00154	0.00478	0.01472	0.00480	0.00756
19	0.00599	0.00430	0.00556	0.00652	0.00685	0.00401	0.00432	0.00678	0.00918	0.01216	0.02694	0.71727	0.07185	0.08415	0.00773	0.00218	0.00295	0.01302	0.00437	0.00386
20	0.01482	0.00964	0.01363	0.11054	0.23347	0.00992	0.00995	0.09271	0.11005	0.24405	0.01413	0.01469	0.01016	0.00542	0.00471	0.00148	0.00476	0.00464	0.08390	0.00733
21	0.01232	0.01092	0.07203	0.09153	0.01605	0.01012	0.08937	0.23668	0.05022	0.05642	0.01429	0.17656	0.01296	0.00708	0.00503	0.00151	0.00501	0.00621	0.00384	0.12186
22	0.00693	0.00448	0.00574	0.00652	0.00712	0.00415	0.00447	0.00798	0.00969	0.05034	0.02671	0.66535	0.07615	0.01368	0.00584	0.00185	0.00280	0.01228	0.08371	0.00420
23	0.00624	0.00444	0.00561	0.00627	0.00666	0.00417	0.00414	0.00709	0.00941	0.01258	0.11137	0.53029	0.07269	0.18381	0.00995	0.00247	0.00313	0.01162	0.00427	0.00381
24	0.01741	0.12623	0.01637	0.05412	0.01582	0.01327	0.06918	0.39299	0.01726	0.21051	0.01244	0.01244	0.00869	0.00544	0.00468	0.00143	0.00530	0.00434	0.00440	0.00767
25	0.00864	0.00525	0.00660	0.00630	0.00765	0.00473	0.00462	0.01017	0.01174	0.13065	0.31413	0.19762	0.17818	0.08256	0.00735	0.00191	0.00291	0.00935	0.00489	0.00475
26	0.01644	0.09584	0.01448	0.01042	0.01373	0.11409	0.00847	0.49872	0.05905	0.02378	0.01138	0.01309	0.00900	0.08211	0.00646	0.00170	0.00561	0.00434	0.00410	0.00719

[dist]
# distance from previous block
# <min> <max>
4	8

[block]
# block no. 1 follows, 52 sequences, length 8
# corresponding to MSA columns:
# 52-59
name=unknown_B
#
# <colnr> <probs for GDERKNQSTAVLIFYWHMCP>
#	G	D	E	R	K	N	Q	S	T	A	V	L	I	F	Y	W	H	M	C	P
0	0.07117	0.01162	0.12053	0.01132	0.01454	0.06274	0.16925	0.01504	0.07358	0.12039	0.05898	0.18573	0.01591	0.03968	0.00595	0.00175	0.00529	0.00682	0.00372	0.00599
1	0.04498	0.00938	0.01196	0.18258	0.01683	0.00980	0.00857	0.18488	0.06602	0.25446	0.06676	0.03459	0.01233	0.00600	0.00479	0.00148	0.00466	0.00493	0.00443	0.07056
2	0.00815	0.00511	0.00658	0.00643	0.00768	0.00462	0.00473	0.00983	0.01208	0.10689	0.38440	0.26872	0.13358	0.01132	0.00576	0.00167	0.00267	0.00998	0.00506	0.00475
3	0.01587	0.00858	0.01093	0.06527	0.01301	0.00865	0.00736	0.19502	0.01455	0.34353	0.10547	0.01869	0.01503	0.06616	0.08721	0.00235	0.00528	0.00535	0.00483	0.00686
4	0.01563	0.44412	0.02088	0.00997	0.01406	0.01507	0.08495	0.12175	0.01272	0.20189	0.01064	0.01089	0.00798	0.00481	0.00402	0.00126	0.00525	0.00368	0.00342	0.00701
5	0.07471	0.00786	0.01026	0.08915	0.01309	0.00753	0.00696	0.04230	0.01231	0.50342	0.01634	0.01726	0.01155	0.10075	0.00693	0.00185	0.00431	0.00488	0.06163	0.00690
6	0.00794	0.00506	0.00687	0.06264	0.00923	0.00488	0.00523	0.00914	0.01006	0.09225	0.11240	0.51905	0.02842	0.09381	0.00774	0.00212	0.00332	0.01098	0.00443	0.00444
7	0.07453	0.15895	0.01579	0.09071	0.01582	0.20027	0.08597	0.04933	0.01230	0.16350	0.03979	0.01379	0.04808	0.00546	0.00446	0.00139	0.00592	0.00430	0.00338	0.00626

[dist]
# distance from previous block
# <min> <max>
12	21

[block]
# block no. 2 follows, 52 sequences, length 15
# corresponding to MSA columns:
# 82-96
name=unknown_C
#
# <colnr> <probs for GDERKNQSTAVLIFYWHMCP>
#	G	D	E	R	K	N	Q	S	T	A	V	L	I	F	Y	W	H	M	C	P
0	0.24533	0.15080	0.01308	0.00851	0.01205	0.05077	0.00720	0.12117	0.04875	0.26086	0.01189	0.01158	0.00843	0.00518	0.00401	0.00139	0.00457	0.00371	0.00407	0.02666
1	0.01199	0.34225	0.43177	0.01121	0.01690	0.01404	0.01322	0.01570	0.01038	0.07873	0.00878	0.00978	0.00665	0.00454	0.00404	0.00134	0.00613	0.00330	0.00238	0.00688
2	0.00795	0.00542	0.00623	0.00606	0.00756	0.00491	0.00456	0.00968	0.03680	0.08827	0.11638	0.07558	0.40720	0.12006	0.00825	0.00209	0.00314	0.08081	0.00453	0.00453
3	0.00786	0.00489	0.00613	0.00647	0.00730	0.00461	0.00450	0.00932	0.03037	0.07867	0.09384	0.47074	0.06749	0.09500	0.00758	0.00206	0.00302	0.01064	0.08511	0.00441
4	0.14619	0.00762	0.00891	0.00754	0.01020	0.00735	0.00597	0.06433	0.03874	0.29482	0.15757	0.11332	0.06033	0.00775	0.00487	0.00153	0.00354	0.00642	0.00490	0.04811
5	0.09291	0.01045	0.01208	0.00952	0.01268	0.07133	0.05678	0.07240	0.01113	0.08128	0.01033	0.06092	0.00883	0.00557	0.00579	0.00128	0.11698	0.00419	0.00323	0.35232
6	0.00737	0.00602	0.00802	0.00803	0.00825	0.00698	0.00584	0.00817	0.00849	0.01179	0.03321	0.42646	0.03899	0.15438	0.03103	0.00260	0.21690	0.00976	0.00358	0.00414
7	0.00712	0.00477	0.00586	0.00615	0.00663	0.00469	0.00412	0.00828	0.03443	0.01290	0.13104	0.26560	0.02533	0.29472	0.01305	0.05553	0.00354	0.04365	0.06881	0.00376
8	0.01049	0.00951	0.01693	0.58508	0.08586	0.01083	0.13504	0.01375	0.01032	0.06178	0.00948	0.01310	0.00703	0.00476	0.00498	0.00160	0.00654	0.00457	0.00245	0.00591
9	0.01748	0.00863	0.01030	0.00818	0.01126	0.00848	0.00666	0.21756	0.01519	0.39209	0.01629	0.01565	0.01113	0.00586	0.00447	0.00139	0.00394	0.00465	0.23355	0.00725
10	0.00730	0.00521	0.00687	0.08319	0.00988	0.00504	0.00552	0.00875	0.01051	0.05210	0.12255	0.33745	0.19086	0.05577	0.00687	0.00196	0.00333	0.07809	0.00437	0.00439
11	0.07655	0.01086	0.02043	0.01522	0.01872	0.01088	0.44191	0.01479	0.01126	0.09052	0.12338	0.01602	0.01303	0.00568	0.00669	0.00166	0.10737	0.00566	0.00320	0.00616
12	0.01563	0.01116	0.01304	0.01050	0.01349	0.07270	0.07153	0.30945	0.03525	0.16760	0.01440	0.09043	0.01156	0.00802	0.04213	0.00180	0.03060	0.00544	0.06834	0.00693
13	0.00808	0.00692	0.00829	0.00826	0.00898	0.06761	0.00628	0.00939	0.00866	0.01158	0.01557	0.15088	0.01646	0.12810	0.36325	0.00487	0.09088	0.07855	0.00306	0.00429
14	0.09242	0.05013	0.01596	0.35323	0.04990	0.01143	0.12173	0.09187	0.01161	0.07610	0.04566	0.01331	0.00890	0.00519	0.00511	0.00156	0.03227	0.00452	0.00299	0.00612

[dist]
# distance from previous block
# <min> <max>
0	1

[block]
# block no. 3 follows, 52 sequences, length 19
# corresponding to MSA columns:
# 98-111,116-120
name=unknown_D
#
# <colnr> <probs for GDERKNQSTAVLIFYWHMCP>
#	G	D	E	R	K	N	Q	S	T	A	V	L	I	F	Y	W	H	M	C	P
0	0.01011	0.01250	0.21945	0.00981	0.01289	0.07868	0.04373	0.01298	0.03014	0.09428	0.09928	0.25751	0.06911	0.02014	0.00559	0.00169	0.00484	0.00783	0.00381	0.00565
1	0.43168	0.02772	0.02223	0.17107	0.03255	0.12361	0.03995	0.03385	0.02003	0.03480	0.00797	0.00978	0.00615	0.00476	0.00402	0.00149	0.01653	0.00335	0.00282	0.00565
2	0.02672	0.01520	0.01442	0.21501	0.07478	0.32920	0.02576	0.03260	0.09053	0.01371	0.00910	0.01133	0.00733	0.00550	0.00603	0.00152	0.10873	0.00395	0.00266	0.00594
3	0.00686	0.00498	0.00667	0.06407	0.00887	0.00507	0.00516	0.00802	0.00926	0.01248	0.11338	0.29537	0.02554	0.25054	0.08207	0.00322	0.00461	0.08611	0.00381	0.00391
4	0.08325	0.06959	0.10527	0.00803	0.01102	0.00788	0.00729	0.03349	0.01256	0.23233	0.29465	0.06041	0.03944	0.00753	0.00494	0.00150	0.00381	0.00627	0.00462	0.00611
5	0.01259	0.37768	0.36705	0.01076	0.01619	0.01424	0.01239	0.01597	0.01050	0.10826	0.00909	0.00990	0.00688	0.00457	0.00398	0.00131	0.00593	0.00330	0.00253	0.00688
6	0.02096	0.00919	0.01179	0.00907	0.01282	0.00856	0.00748	0.15058	0.03339	0.65565	0.01788	0.01572	0.01143	0.00598	0.00487	0.00150	0.00432	0.00480	0.00578	0.00823
7	0.00871	0.00552	0.00802	0.00770	0.00885	0.00609	0.00596	0.01033	0.00846	0.10625	0.01389	0.01966	0.01250	0.09096	0.65595	0.00681	0.01131	0.00529	0.00303	0.00470
8	0.07007	0.07093	0.09403	0.01085	0.01413	0.10324	0.10487	0.09052	0.13091	0.03258	0.12011	0.06876	0.02362	0.00653	0.00501	0.00150	0.01874	0.00549	0.00366	0.02446
9	0.01941	0.00916	0.01180	0.01021	0.06803	0.02298	0.00770	0.12522	0.01462	0.56064	0.03024	0.01582	0.01168	0.00588	0.00477	0.00146	0.00433	0.00477	0.06344	0.00784
10	0.00722	0.00537	0.00703	0.00711	0.00743	0.00593	0.00503	0.00801	0.00798	0.01097	0.01687	0.18308	0.01888	0.36215	0.18337	0.00437	0.08874	0.06348	0.00320	0.00377
11	0.01173	0.03319	0.44798	0.01245	0.01765	0.10614	0.06987	0.01580	0.01159	0.09523	0.11921	0.01446	0.01234	0.00548	0.00481	0.00149	0.00641	0.00452	0.00299	0.00666
12	0.01356	0.01048	0.01582	0.02078	0.45771	0.01057	0.01153	0.10841	0.06577	0.13113	0.01337	0.09555	0.01132	0.00600	0.00496	0.00152	0.00504	0.00544	0.00360	0.00745
13	0.10187	0.01097	0.10584	0.00915	0.01266	0.00949	0.00811	0.10897	0.14694	0.31214	0.02829	0.01641	0.01177	0.08782	0.00664	0.00184	0.00457	0.00482	0.00459	0.00712
14	0.01688	0.00970	0.01039	0.00869	0.01153	0.10387	0.00681	0.05196	0.09195	0.42768	0.01994	0.07619	0.07092	0.06313	0.00632	0.00174	0.00452	0.00587	0.00500	0.00690
15	0.01748	0.01688	0.01482	0.01399	0.09460	0.41403	0.06416	0.05778	0.01386	0.16730	0.01227	0.06765	0.01008	0.00623	0.00504	0.00153	0.00711	0.00478	0.00365	0.00676
16	0.07673	0.00861	0.01087	0.00830	0.01211	0.00757	0.00682	0.05167	0.01312	0.56786	0.01596	0.01448	0.01046	0.00543	0.00450	0.00135	0.00404	0.00432	0.00515	0.17066
17	0.00736	0.00536	0.00647	0.00633	0.00636	0.00584	0.00402	0.00757	0.00732	0.00997	0.01536	0.10971	0.01773	0.64846	0.02174	0.00411	0.10260	0.00739	0.00300	0.00332
18	0.00650	0.00502	0.00597	0.00624	0.00731	0.00468	0.00448	0.00867	0.06365	0.01482	0.21813	0.34506	0.26674	0.01245	0.00585	0.00174	0.00265	0.01093	0.00473	0.00439

[dist]
# distance from previous block
# <min> <max>
0	10

[block]
# block no. 4 follows, 52 sequences, length 8
# corresponding to MSA columns:
# 131-138
name=unknown_E
#
# <colnr> <probs for GDERKNQSTAVLIFYWHMCP>
#	G	D	E	R	K	N	Q	S	T	A	V	L	I	F	Y	W	H	M	C	P
0	0.00962	0.00935	0.01727	0.01580	0.14795	0.00921	0.29714	0.01219	0.01080	0.01502	0.15837	0.08292	0.01778	0.11469	0.00871	0.00204	0.05558	0.00676	0.00318	0.00561
1	0.01152	0.28154	0.37372	0.01053	0.01561	0.01255	0.01204	0.01504	0.01091	0.08865	0.11248	0.01343	0.01191	0.00528	0.00429	0.00137	0.00560	0.00406	0.00286	0.00662
2	0.00978	0.00538	0.00651	0.00602	0.00676	0.00521	0.00386	0.01021	0.00835	0.15752	0.01588	0.02828	0.01631	0.63915	0.05747	0.00424	0.00498	0.00656	0.00349	0.00399
3	0.00851	0.00792	0.01274	0.66632	0.02837	0.00952	0.01163	0.01137	0.00994	0.01251	0.01617	0.01921	0.15406	0.00623	0.00501	0.00162	0.00571	0.00541	0.00259	0.00514
4	0.09634	0.01976	0.11719	0.01310	0.07620	0.48410	0.01035	0.04104	0.01283	0.07341	0.00870	0.00977	0.00674	0.00494	0.00436	0.00135	0.00738	0.00340	0.00281	0.00622
5	0.01052	0.19593	0.16173	0.00951	0.01239	0.01016	0.06630	0.05814	0.00923	0.01227	0.00839	0.01201	0.00741	0.01006	0.01084	0.38894	0.00534	0.00385	0.00228	0.00468
6	0.01181	0.21405	0.45490	0.01340	0.07886	0.01365	0.01425	0.11589	0.01185	0.01644	0.00865	0.00997	0.00655	0.00463	0.00430	0.00140	0.00634	0.00351	0.00245	0.00712
7	0.01275	0.01404	0.19037	0.01049	0.01474	0.01139	0.00992	0.22260	0.24074	0.02071	0.01267	0.01299	0.00948	0.00568	0.00500	0.02701	0.00495	0.00423	0.00379	0.16645

[dist]
# distance from previous block
# <min> <max>
0	2

[block]
# block no. 5 follows, 52 sequences, length 30
# corresponding to MSA columns:
# 141-170
name=unknown_F
#
# <colnr> <probs for GDERKNQSTAVLIFYWHMCP>
#	G	D	E	R	K	N	Q	S	T	A	V	L	I	F	Y	W	H	M	C	P
0	0.11049	0.07398	0.01125	0.00795	0.01143	0.00859	0.00657	0.02784	0.06936	0.36108	0.08957	0.01557	0.01328	0.00564	0.00437	0.00133	0.00388	0.00447	0.00460	0.16877
1	0.00970	0.00460	0.00679	0.00654	0.00690	0.00449	0.00449	0.00798	0.00704	0.08487	0.00945	0.01490	0.00876	0.01579	0.01759	0.77648	0.00420	0.00427	0.00248	0.00270
2	0.01739	0.00876	0.01048	0.00872	0.01165	0.05695	0.00704	0.08429	0.01395	0.48554	0.08094	0.09822	0.01722	0.00771	0.00518	0.00159	0.00427	0.06766	0.00536	0.00707
3	0.00860	0.00559	0.00735	0.00781	0.00896	0.00547	0.00606	0.01114	0.07402	0.09031	0.08640	0.37735	0.02850	0.01262	0.00608	0.00194	0.00350	0.24870	0.00473	0.00487
4	0.01141	0.12993	0.44871	0.07747	0.03782	0.01156	0.04171	0.01553	0.01053	0.09041	0.00947	0.01085	0.00690	0.00459	0.00441	0.00141	0.00626	0.00367	0.00253	0.07482
5	0.02015	0.00794	0.01076	0.00843	0.01192	0.00685	0.00687	0.02195	0.01340	0.71752	0.01942	0.08080	0.01346	0.00666	0.00494	0.00151	0.00400	0.00553	0.00579	0.03209
6	0.00664	0.00474	0.00627	0.00705	0.00766	0.00453	0.00520	0.00798	0.01022	0.01366	0.13595	0.42192	0.04578	0.09229	0.00802	0.00223	0.00334	0.20800	0.00446	0.00407
7	0.00902	0.00944	0.08734	0.01034	0.01179	0.00982	0.03178	0.01192	0.07179	0.01296	0.01223	0.01902	0.01148	0.06213	0.26625	0.00395	0.26200	0.06985	0.02172	0.00518
8	0.01017	0.00863	0.00994	0.15179	0.01418	0.07630	0.00767	0.07462	0.10806	0.03386	0.34185	0.02697	0.02623	0.00812	0.00536	0.00159	0.00426	0.08049	0.00437	0.00554
9	0.00824	0.00568	0.00692	0.00676	0.00824	0.00538	0.00517	0.01111	0.08694	0.07996	0.28893	0.16121	0.21271	0.01099	0.00574	0.00170	0.00291	0.08155	0.00494	0.00494
10	0.01492	0.00720	0.00936	0.00790	0.01046	0.00668	0.00639	0.06452	0.03123	0.39050	0.23854	0.03829	0.02320	0.00794	0.00523	0.00157	0.00360	0.07940	0.04649	0.00659
11	0.00923	0.07415	0.01155	0.07898	0.06088	0.00927	0.00794	0.08440	0.00994	0.01370	0.01303	0.12951	0.01276	0.02045	0.35862	0.00434	0.08722	0.00589	0.00294	0.00519
12	0.08519	0.15214	0.41439	0.01201	0.01729	0.15283	0.03501	0.01620	0.01081	0.05011	0.00850	0.00974	0.00639	0.00464	0.00423	0.00140	0.00672	0.00338	0.00240	0.00661
13	0.01045	0.00596	0.00726	0.00680	0.00874	0.00535	0.00528	0.01245	0.04551	0.22102	0.06025	0.17563	0.33066	0.01090	0.00563	0.00171	0.00318	0.07290	0.00494	0.00536
14	0.00913	0.00848	0.01417	0.69989	0.07864	0.01028	0.01279	0.01226	0.01012	0.01320	0.07590	0.01485	0.00989	0.00524	0.00492	0.00160	0.00606	0.00469	0.00244	0.00546
15	0.00966	0.00711	0.00906	0.09133	0.01173	0.00759	0.00669	0.07300	0.06575	0.08362	0.21542	0.12934	0.17230	0.00949	0.00647	0.00167	0.08210	0.00788	0.00442	0.00537
16	0.00609	0.00441	0.00576	0.00652	0.00705	0.00408	0.00447	0.00725	0.01029	0.01386	0.18635	0.62227	0.07577	0.01394	0.00606	0.00186	0.00268	0.01256	0.00467	0.00408
17	0.05967	0.00830	0.01106	0.00852	0.01224	0.00729	0.00704	0.02319	0.01362	0.76764	0.01856	0.01611	0.01169	0.00593	0.00479	0.00150	0.00411	0.00477	0.00586	0.00811
18	0.00982	0.02123	0.61039	0.01338	0.01949	0.01086	0.07677	0.01575	0.07720	0.01611	0.07363	0.01323	0.01018	0.00516	0.00481	0.00155	0.00656	0.00433	0.00259	0.00695
19	0.01036	0.00833	0.01343	0.26568	0.25051	0.00888	0.01122	0.01290	0.01067	0.07675	0.01508	0.11347	0.01448	0.00767	0.00536	0.00172	0.00525	0.15904	0.00326	0.00594
20	0.02141	0.00817	0.01114	0.00857	0.01225	0.00706	0.00706	0.02329	0.01387	0.78515	0.03666	0.01694	0.01276	0.00609	0.00489	0.00150	0.00408	0.00496	0.00598	0.00816
21	0.01296	0.83261	0.02539	0.00829	0.01244	0.01917	0.00829	0.01451	0.00985	0.01140	0.00674	0.00777	0.00622	0.00415	0.00311	0.00104	0.00518	0.00259	0.00207	0.00622
22	0.01046	0.08164	0.09285	0.40325	0.14121	0.01186	0.13201	0.03084	0.01054	0.01399	0.00941	0.01260	0.01890	0.00470	0.00482	0.00153	0.00649	0.00440	0.00231	0.00618
23	0.01096	0.04248	0.63722	0.01397	0.02053	0.01122	0.09918	0.01602	0.01065	0.07911	0.00961	0.01098	0.00675	0.00465	0.00471	0.00153	0.00698	0.00389	0.00241	0.00716
24	0.00739	0.00465	0.00625	0.00706	0.00769	0.00432	0.00495	0.00841	0.00980	0.07996	0.02599	0.70437	0.03005	0.01428	0.00611	0.00195	0.00304	0.06477	0.00462	0.00434
25	0.06976	0.01143	0.14212	0.07508	0.01530	0.00896	0.00936	0.06638	0.05052	0.44813	0.04299	0.01512	0.01127	0.00574	0.00474	0.00152	0.00478	0.00461	0.00470	0.00749
26	0.01620	0.00965	0.01182	0.07848	0.01437	0.01005	0.00821	0.28975	0.05808	0.27331	0.01691	0.10275	0.01371	0.00742	0.00515	0.00161	0.00463	0.06578	0.00492	0.00722
27	0.01579	0.01569	0.06317	0.07728	0.01670	0.31744	0.08375	0.07592	0.03921	0.16232	0.01942	0.03736	0.02155	0.00608	0.01266	0.00152	0.00676	0.01747	0.00350	0.00643
28	0.83856	0.03390	0.00767	0.00643	0.00946	0.01112	0.00534	0.01425	0.00829	0.02143	0.00675	0.00787	0.00528	0.00449	0.00300	0.00149	0.00379	0.00262	0.00297	0.00528
29	0.01185	0.01258	0.08329	0.11117	0.53084	0.01170	0.08843	0.06235	0.01159	0.01630	0.00925	0.01203	0.00742	0.00447	0.00488	0.00149	0.00615	0.00439	0.00250	0.00731

[dist]
# distance from previous block
# <min> <max>
0	2

[block]
# block no. 6 follows, 52 sequences, length 20
# corresponding to MSA columns:
# 173-192
name=unknown_G
#
# <colnr> <probs for GDERKNQSTAVLIFYWHMCP>
#	G	D	E	R	K	N	Q	S	T	A	V	L	I	F	Y	W	H	M	C	P
0	0.01335	0.01460	0.11837	0.07467	0.18587	0.14143	0.01122	0.12911	0.09370	0.03859	0.01109	0.01265	0.01753	0.00511	0.00462	0.00139	0.00587	0.01246	0.00317	0.10521
1	0.01187	0.08352	0.11626	0.00866	0.01306	0.00900	0.00797	0.01587	0.11054	0.10656	0.01109	0.01164	0.00849	0.00443	0.00400	0.00106	0.00429	0.00350	0.00332	0.46485
2	0.30816	0.11189	0.28583	0.00992	0.01453	0.01242	0.01055	0.07288	0.10031	0.01880	0.00928	0.01013	0.00699	0.00483	0.00393	0.00147	0.00522	0.00341	0.00292	0.00652
3	0.01142	0.01092	0.01863	0.18994	0.64378	0.01136	0.01459	0.01437	0.01076	0.01513	0.00901	0.01218	0.00743	0.00442	0.00481	0.00147	0.00590	0.00432	0.00235	0.00721
4	0.00676	0.00548	0.00876	0.00846	0.00946	0.00511	0.10686	0.00821	0.01013	0.01369	0.12319	0.61814	0.03055	0.01305	0.00606	0.00187	0.00345	0.01207	0.00434	0.00436
5	0.18475	0.01237	0.14383	0.01700	0.27156	0.01037	0.08901	0.01472	0.01016	0.07454	0.00988	0.01224	0.00780	0.00872	0.11058	0.00233	0.00665	0.00415	0.00276	0.00659
6	0.21872	0.34624	0.01824	0.00946	0.01330	0.01375	0.10643	0.03343	0.01071	0.16225	0.00968	0.01033	0.00734	0.00463	0.00379	0.00132	0.00499	0.00349	0.01548	0.00642
7	0.01575	0.00663	0.00848	0.00699	0.00956	0.00596	0.00560	0.01780	0.01267	0.45067	0.12047	0.01959	0.01657	0.00640	0.00451	0.00139	0.00329	0.00527	0.27581	0.00658
8	0.83407	0.00920	0.00703	0.00631	0.00924	0.01065	0.00518	0.01414	0.00831	0.02161	0.00706	0.00823	0.00550	0.00454	0.00301	0.00149	0.00370	0.00269	0.03280	0.00522
9	0.01686	0.10678	0.01550	0.11683	0.01691	0.01425	0.00948	0.52637	0.01879	0.09394	0.01133	0.01179	0.00810	0.00551	0.00465	0.00143	0.00536	0.00420	0.00427	0.00763
10	0.01025	0.00817	0.01339	0.11685	0.01540	0.00830	0.19486	0.02948	0.06763	0.08276	0.03038	0.05809	0.01392	0.30494	0.02237	0.00282	0.00564	0.00632	0.00329	0.00516
11	0.00590	0.00422	0.00562	0.00675	0.00703	0.00394	0.00450	0.00675	0.00928	0.01237	0.02671	0.82653	0.03205	0.01518	0.00619	0.00197	0.00281	0.01378	0.00450	0.00394
12	0.00978	0.00919	0.01203	0.10406	0.01534	0.11297	0.10787	0.01224	0.01136	0.01404	0.01927	0.03848	0.01994	0.01011	0.00605	0.00195	0.00573	0.48092	0.00368	0.00499
13	0.12305	0.01020	0.01680	0.03504	0.45492	0.01028	0.11020	0.01351	0.01041	0.01595	0.01173	0.14358	0.01124	0.00608	0.00490	0.00156	0.00534	0.00581	0.00282	0.00657
14	0.01098	0.00576	0.00751	0.00666	0.00846	0.00524	0.00518	0.01312	0.01319	0.22254	0.46840	0.04654	0.03237	0.00860	0.00526	0.00150	0.00283	0.02686	0.10351	0.00550
15	0.00686	0.00481	0.00564	0.00564	0.00599	0.00484	0.00354	0.00730	0.00768	0.01017	0.01923	0.03157	0.11668	0.59639	0.14956	0.00481	0.00575	0.00715	0.00308	0.00331
16	0.40765	0.00956	0.01013	0.13886	0.01461	0.01037	0.00737	0.11332	0.01123	0.11053	0.00935	0.01045	0.00686	0.00478	0.00383	0.00141	0.00441	0.00341	0.00343	0.11845
17	0.01440	0.00869	0.01031	0.11193	0.01364	0.07778	0.00733	0.02757	0.04889	0.32799	0.25364	0.02209	0.04048	0.00713	0.00510	0.00151	0.00423	0.00598	0.00489	0.00640
18	0.00873	0.00554	0.00702	0.00723	0.00829	0.00538	0.00528	0.01101	0.07893	0.10453	0.08116	0.37906	0.04738	0.11991	0.00837	0.00224	0.00346	0.10718	0.00456	0.00475
19	0.23797	0.00855	0.01016	0.00829	0.01144	0.00841	0.02727	0.07499	0.01247	0.41808	0.02835	0.10741	0.01269	0.00666	0.00457	0.00155	0.00404	0.00536	0.00486	0.00687

[dist]
# distance from previous block
# <min> <max>
2	8

[block]
# block no. 7 follows, 52 sequences, length 35
# corresponding to MSA columns:
# 201-235
name=unknown_H
#
# <colnr> <probs for GDERKNQSTAVLIFYWHMCP>
#	G	D	E	R	K	N	Q	S	T	A	V	L	I	F	Y	W	H	M	C	P
0	0.19857	0.01178	0.14201	0.00851	0.01267	0.00908	0.00800	0.10302	0.01157	0.03678	0.07579	0.01215	0.01009	0.00481	0.00398	0.00120	0.00432	0.00365	0.00327	0.33873
1	0.01199	0.01151	0.01967	0.02974	0.79946	0.01151	0.01487	0.01487	0.01103	0.01583	0.00912	0.01199	0.00768	0.00432	0.00480	0.00144	0.00576	0.00432	0.00240	0.00768
2	0.00963	0.00910	0.01539	0.68672	0.16100	0.01089	0.01369	0.01280	0.00991	0.01296	0.00870	0.01277	0.00666	0.00476	0.00484	0.00159	0.00634	0.00431	0.00219	0.00577
3	0.00897	0.00691	0.00879	0.11319	0.01216	0.00699	0.00646	0.07418	0.07920	0.03553	0.35067	0.10639	0.08169	0.00869	0.00531	0.00152	0.00343	0.00756	0.00451	0.07786
4	0.53675	0.00936	0.01003	0.00808	0.01151	0.00978	0.06891	0.01623	0.00990	0.19234	0.00987	0.01038	0.00707	0.00472	0.00368	0.00144	0.00418	0.00339	0.00360	0.07878
5	0.01719	0.00844	0.01236	0.00986	0.01278	0.00823	0.07334	0.01921	0.01229	0.50137	0.01694	0.01880	0.01225	0.00676	0.00642	0.00162	0.11119	0.06959	0.07428	0.00709
6	0.00590	0.00422	0.00562	0.00675	0.00703	0.00394	0.00450	0.00675	0.00928	0.01237	0.02671	0.82653	0.03205	0.01518	0.00619	0.00197	0.00281	0.01378	0.00450	0.00394
7	0.00982	0.07968	0.01014	0.07670	0.01117	0.01924	0.00662	0.01138	0.00889	0.11463	0.01307	0.01903	0.01185	0.15799	0.41159	0.00515	0.02006	0.00511	0.00301	0.00490
8	0.00655	0.00478	0.00615	0.00614	0.00713	0.00439	0.00448	0.00842	0.01249	0.01731	0.56044	0.21452	0.10654	0.01129	0.00582	0.00163	0.00242	0.01001	0.00508	0.00439
9	0.00982	0.00779	0.00885	0.00806	0.01007	0.00842	0.00620	0.01788	0.40718	0.03735	0.38599	0.02658	0.02931	0.00813	0.00530	0.00158	0.00311	0.00701	0.00514	0.00622
10	0.01111	0.00936	0.00694	0.00661	0.00814	0.21322	0.00496	0.01303	0.01116	0.01605	0.01636	0.01798	0.07471	0.00602	0.00383	0.00120	0.00395	0.00462	0.56597	0.00477
11	0.08329	0.01034	0.01898	0.01453	0.01797	0.01010	0.41639	0.07587	0.01207	0.01722	0.08317	0.08914	0.01544	0.00694	0.00558	0.00170	0.00610	0.10588	0.00339	0.00590
12	0.00702	0.00505	0.00642	0.00714	0.00774	0.00492	0.00492	0.07577	0.01048	0.01399	0.02537	0.75410	0.02993	0.01435	0.00607	0.00192	0.00304	0.01294	0.00453	0.00432
13	0.00676	0.00465	0.00530	0.00546	0.00565	0.00453	0.00323	0.00700	0.00773	0.01016	0.01993	0.14823	0.08903	0.63899	0.02030	0.00403	0.00423	0.00831	0.00330	0.00318
14	0.01138	0.01089	0.01856	0.19987	0.63413	0.01135	0.01457	0.01433	0.01074	0.01509	0.00901	0.01219	0.00741	0.00443	0.00481	0.00148	0.00591	0.00432	0.00235	0.00718
15	0.00701	0.00571	0.00630	0.00602	0.00764	0.00539	0.00455	0.01037	0.12295	0.01626	0.29759	0.03904	0.43204	0.01066	0.00561	0.00160	0.00259	0.00906	0.00484	0.00476
16	0.00692	0.00519	0.00779	0.00779	0.00865	0.00606	0.00606	0.00865	0.00779	0.01125	0.01298	0.01904	0.01211	0.03634	0.81049	0.00779	0.01298	0.00519	0.00260	0.00433
17	0.00705	0.00470	0.00529	0.00529	0.00529	0.00470	0.00294	0.00705	0.00705	0.00940	0.01527	0.03171	0.01762	0.82969	0.02467	0.00470	0.00470	0.00705	0.00294	0.00294
18	0.01129	0.01080	0.01840	0.22405	0.61064	0.01133	0.01452	0.01426	0.01070	0.01498	0.00899	0.01222	0.00738	0.00445	0.00481	0.00148	0.00593	0.00432	0.00234	0.00711
19	0.00590	0.00422	0.00562	0.00675	0.00703	0.00394	0.00450	0.00675	0.00928	0.01237	0.02671	0.82653	0.03205	0.01518	0.00619	0.00197	0.00281	0.01378	0.00450	0.00394
20	0.46530	0.01584	0.01024	0.00925	0.01202	0.38760	0.00719	0.01665	0.01083	0.01709	0.00710	0.00828	0.00572	0.00473	0.00364	0.00138	0.00610	0.00286	0.00276	0.00542
21	0.01367	0.01189	0.01135	0.01010	0.01289	0.11606	0.00785	0.02473	0.62287	0.08585	0.01807	0.01672	0.01344	0.00632	0.00485	0.00158	0.00450	0.00512	0.00470	0.00745
22	0.00637	0.00476	0.00592	0.00601	0.00704	0.00431	0.00436	0.00806	0.01201	0.01626	0.43875	0.24036	0.20447	0.01177	0.00584	0.00166	0.00246	0.01036	0.00494	0.00431
23	0.01162	0.01236	0.01689	0.08673	0.08334	0.11139	0.11197	0.01345	0.00923	0.01261	0.00738	0.01102	0.00660	0.00680	0.01123	0.00185	0.47327	0.00431	0.00224	0.00571
24	0.11820	0.00492	0.00587	0.00675	0.00741	0.00488	0.00468	0.00781	0.00919	0.01365	0.02407	0.70094	0.02844	0.01374	0.00578	0.00191	0.00297	0.03035	0.00430	0.00412
25	0.00903	0.00452	0.00452	0.00452	0.00565	0.00452	0.00339	0.01129	0.01016	0.01807	0.01581	0.01807	0.01242	0.00565	0.00339	0.00113	0.00226	0.00452	0.85659	0.00452
26	0.01044	0.00969	0.01549	0.43983	0.27666	0.01103	0.01292	0.01491	0.11231	0.01466	0.01039	0.01342	0.00808	0.00492	0.00481	0.00155	0.00579	0.00447	0.02223	0.00640
27	0.01740	0.01675	0.01611	0.01282	0.01636	0.28540	0.11035	0.42276	0.01822	0.02222	0.00998	0.01084	0.00744	0.00531	0.00480	0.00141	0.00686	0.00412	0.00373	0.00713
28	0.00663	0.00478	0.00632	0.00666	0.00752	0.00448	0.00495	0.00840	0.01181	0.01624	0.41660	0.30793	0.05601	0.01221	0.00600	0.00177	0.00275	0.10968	0.00492	0.00433
29	0.00881	0.00620	0.00668	0.00616	0.00825	0.00572	0.00475	0.01205	0.13254	0.11753	0.04061	0.03826	0.57314	0.01057	0.00549	0.00162	0.00289	0.00879	0.00476	0.00519
30	0.01140	0.01226	0.01433	0.61539	0.02875	0.21189	0.01243	0.01413	0.01071	0.01225	0.00833	0.01187	0.00641	0.00488	0.00473	0.00152	0.00703	0.00401	0.00224	0.00544
31	0.01659	0.01126	0.01252	0.01002	0.01339	0.01217	0.00813	0.42451	0.18925	0.15599	0.08139	0.01595	0.01349	0.00636	0.00494	0.00151	0.00454	0.00507	0.00510	0.00781
32	0.00616	0.00493	0.00552	0.00537	0.00681	0.00428	0.00403	0.00780	0.01208	0.01554	0.33798	0.04260	0.50708	0.01136	0.00572	0.00159	0.00239	0.00966	0.00482	0.00428
33	0.01069	0.03974	0.47899	0.01213	0.01712	0.14321	0.01375	0.01475	0.01124	0.01492	0.08073	0.01804	0.01252	0.00628	0.00490	0.00157	0.00659	0.10380	0.00273	0.00630
34	0.12287	0.00937	0.00981	0.00877	0.01137	0.01034	0.00680	0.08726	0.42356	0.01968	0.01753	0.15017	0.01519	0.00742	0.00477	0.00158	0.00377	0.00617	0.00442	0.07915

[dist]
# distance from previous block
# <min> <max>
0	6

[block]
# block no. 8 follows, 52 sequences, length 108
# corresponding to MSA columns:
# 242-349
name=unknown_I
#
# <colnr> <probs for GDERKNQSTAVLIFYWHMCP>
#	G	D	E	R	K	N	Q	S	T	A	V	L	I	F	Y	W	H	M	C	P
0	0.01880	0.00903	0.01179	0.07402	0.01430	0.00838	0.00773	0.12154	0.01422	0.53664	0.01594	0.01474	0.01044	0.00557	0.00470	0.00140	0.00440	0.00450	0.00514	0.11670
1	0.01015	0.09335	0.01618	0.46803	0.07665	0.01159	0.07370	0.01453	0.10991	0.01419	0.05664	0.01438	0.00998	0.00520	0.00480	0.00154	0.00584	0.00466	0.00273	0.00596
2	0.05816	0.00676	0.00619	0.00597	0.00726	0.07695	0.00424	0.00888	0.01055	0.01361	0.15784	0.03545	0.35829	0.21749	0.01023	0.00235	0.00363	0.00809	0.00397	0.00408
3	0.00850	0.00555	0.00638	0.00600	0.00691	0.00532	0.00391	0.00978	0.05473	0.07496	0.01965	0.08280	0.09699	0.52634	0.01745	0.00352	0.00418	0.00730	0.00356	0.05617
4	0.01247	0.66107	0.02225	0.00822	0.01231	0.01687	0.00788	0.01486	0.05760	0.01259	0.00781	0.00874	0.00688	0.00421	0.00329	0.00103	0.00487	0.00281	0.00237	0.13188
5	0.00693	0.00465	0.00532	0.00543	0.00546	0.00462	0.00310	0.00702	0.00728	0.00970	0.01644	0.11291	0.01909	0.74649	0.02278	0.00442	0.00451	0.00773	0.00310	0.00304
6	0.01037	0.07206	0.62948	0.09547	0.02137	0.01191	0.01635	0.06046	0.01090	0.01570	0.00874	0.01044	0.00630	0.00467	0.00455	0.00151	0.00686	0.00364	0.00222	0.00699
7	0.01066	0.11732	0.49901	0.01193	0.01743	0.01196	0.01387	0.06694	0.10485	0.01624	0.01144	0.07678	0.00942	0.00572	0.00461	0.00152	0.00605	0.00456	0.00278	0.00692
8	0.00705	0.00470	0.00529	0.00529	0.00529	0.00470	0.00294	0.00705	0.00705	0.00940	0.01527	0.03171	0.01762	0.82969	0.02467	0.00470	0.00470	0.00705	0.00294	0.00294
9	0.01034	0.00860	0.01008	0.00721	0.01151	0.00648	0.00578	0.01249	0.01014	0.03547	0.00888	0.01021	0.00730	0.00365	0.00362	0.00074	0.00360	0.00292	0.00295	0.83804
10	0.01187	0.02009	0.02434	0.06473	0.15463	0.00769	0.01699	0.03093	0.04405	0.19697	0.25180	0.07798	0.06201	0.00769	0.00523	0.00154	0.00397	0.00675	0.00448	0.00626
11	0.07663	0.00926	0.01364	0.36995	0.13968	0.01033	0.01123	0.09274	0.01180	0.11662	0.01194	0.01699	0.00963	0.00586	0.00489	0.00161	0.00553	0.08215	0.00326	0.00628
12	0.01172	0.53036	0.12206	0.01065	0.01495	0.01586	0.11891	0.01416	0.00991	0.01247	0.00806	0.00998	0.00697	0.00748	0.08614	0.00187	0.00665	0.00342	0.00218	0.00619
13	0.01075	0.01024	0.01741	0.37597	0.46299	0.01119	0.01425	0.01378	0.01044	0.01432	0.00889	0.01240	0.00714	0.00455	0.00482	0.00152	0.00607	0.00431	0.00229	0.00667
14	0.00718	0.00502	0.00658	0.00615	0.00735	0.00463	0.00463	0.00945	0.01372	0.03620	0.78026	0.03578	0.04500	0.00982	0.00570	0.00152	0.00233	0.00868	0.00535	0.00465
15	0.01205	0.01041	0.01096	0.00986	0.01260	0.01205	0.00767	0.02575	0.79071	0.02027	0.01972	0.01808	0.01479	0.00657	0.00493	0.00164	0.00384	0.00548	0.00493	0.00767
16	0.00694	0.00514	0.00753	0.00753	0.00831	0.00592	0.00574	0.00849	0.00771	0.01106	0.01321	0.02033	0.01268	0.11739	0.73021	0.00747	0.01213	0.00538	0.00263	0.00418
17	0.00971	0.00730	0.00906	0.02751	0.07390	0.05968	0.00780	0.01170	0.01097	0.06226	0.02071	0.04043	0.02142	0.09439	0.00788	0.00223	0.00477	0.46889	0.05450	0.00490
18	0.00696	0.00506	0.00712	0.00712	0.00775	0.00569	0.00522	0.00822	0.00759	0.01075	0.01359	0.02243	0.01359	0.24858	0.60027	0.00696	0.01076	0.00569	0.00269	0.00395
19	0.00694	0.00514	0.00753	0.00753	0.00831	0.00592	0.00574	0.00849	0.00771	0.01106	0.01321	0.02033	0.01268	0.11739	0.73021	0.00747	0.01213	0.00538	0.00263	0.00418
20	0.01059	0.00859	0.00949	0.00873	0.01091	0.00954	0.00669	0.02030	0.52960	0.03886	0.18232	0.10440	0.02293	0.00813	0.00522	0.00165	0.00342	0.00700	0.00500	0.00666
21	0.86392	0.00937	0.00712	0.00637	0.00937	0.01087	0.00525	0.01425	0.00825	0.02174	0.00675	0.00787	0.00525	0.00450	0.00300	0.00150	0.00375	0.00262	0.00300	0.00525
22	0.00915	0.00861	0.01453	0.81804	0.03338	0.01077	0.01346	0.01238	0.00969	0.01238	0.00861	0.01292	0.00646	0.00484	0.00484	0.00161	0.00646	0.00431	0.00215	0.00538
23	0.00653	0.00485	0.00617	0.00707	0.00760	0.00477	0.00482	0.00869	0.08910	0.01318	0.02600	0.74394	0.03029	0.01430	0.00606	0.00193	0.00292	0.01293	0.00454	0.00432
24	0.01294	0.02057	0.59235	0.01242	0.01867	0.01015	0.01502	0.01756	0.01120	0.22601	0.01148	0.01191	0.00771	0.00498	0.00468	0.00153	0.00635	0.00393	0.00310	0.00745
25	0.00676	0.00488	0.00639	0.00616	0.00722	0.00451	0.00456	0.00890	0.01326	0.01871	0.71823	0.11693	0.04433	0.01045	0.00576	0.00157	0.00234	0.00928	0.00525	0.00451
26	0.00700	0.00482	0.00596	0.00597	0.00620	0.00505	0.00379	0.00747	0.00727	0.00993	0.01481	0.03875	0.01634	0.60790	0.23354	0.00548	0.00688	0.00664	0.00287	0.00332
27	0.01651	0.18588	0.06873	0.01173	0.01487	0.59809	0.00972	0.01811	0.01272	0.01200	0.00742	0.00864	0.00623	0.00480	0.00413	0.00122	0.00792	0.00305	0.00238	0.00584
28	0.01050	0.21985	0.61664	0.01248	0.01892	0.01316	0.01559	0.01515	0.01014	0.01440	0.00822	0.00964	0.00616	0.00449	0.00424	0.00141	0.00668	0.00334	0.00205	0.00693
29	0.01766	0.07014	0.01484	0.01234	0.01509	0.69096	0.02817	0.06984	0.01405	0.01317	0.00778	0.00898	0.00640	0.00498	0.00436	0.00126	0.00829	0.00324	0.00263	0.00585
30	0.00701	0.00476	0.00561	0.00556	0.00577	0.00477	0.00336	0.00743	0.00798	0.01084	0.11830	0.03146	0.02096	0.66865	0.07449	0.00448	0.00493	0.00715	0.00323	0.00324
31	0.06218	0.01117	0.14473	0.00961	0.01318	0.00842	0.07039	0.10628	0.02087	0.01762	0.09577	0.16709	0.02491	0.00711	0.00480	0.00141	0.00449	0.00617	0.00355	0.22024
32	0.01442	0.00866	0.07410	0.11018	0.01418	0.00717	0.00802	0.02714	0.01246	0.38374	0.13841	0.12137	0.02936	0.00755	0.00513	0.00157	0.00420	0.00646	0.00481	0.02106
33	0.02174	0.00825	0.01125	0.00862	0.01237	0.00712	0.00712	0.02362	0.01387	0.80282	0.01912	0.01649	0.01200	0.00600	0.00487	0.00150	0.00412	0.00487	0.00600	0.00825
34	0.01414	0.49910	0.07860	0.07439	0.01490	0.06260	0.00934	0.01615	0.01071	0.14534	0.00916	0.00997	0.00721	0.00471	0.00405	0.00124	0.02586	0.00326	0.00277	0.00650
35	0.01123	0.02358	0.08452	0.04143	0.09983	0.01245	0.35049	0.02628	0.10725	0.01542	0.01031	0.01298	0.00813	0.00604	0.02659	0.00183	0.14740	0.00500	0.00269	0.00656
36	0.01201	0.01136	0.01864	0.10605	0.51167	0.01219	0.05913	0.07619	0.01141	0.01611	0.00896	0.01195	0.00741	0.00501	0.00628	0.00156	0.11003	0.00439	0.00254	0.00712
37	0.00590	0.00422	0.00562	0.00675	0.00703	0.00394	0.00450	0.00675	0.00928	0.01237	0.02671	0.82653	0.03205	0.01518	0.00619	0.00197	0.00281	0.01378	0.00450	0.00394
38	0.10093	0.01456	0.18756	0.01086	0.01497	0.01259	0.01034	0.33524	0.17140	0.02323	0.01297	0.01490	0.01000	0.00603	0.00474	0.00156	0.00522	0.05152	0.00403	0.00735
39	0.00773	0.08998	0.00954	0.00777	0.00894	0.02052	0.00616	0.00933	0.00805	0.01117	0.01239	0.01847	0.01174	0.07951	0.66826	0.00681	0.01162	0.00500	0.00256	0.00446
40	0.02174	0.00825	0.01125	0.00862	0.01237	0.00712	0.00712	0.02362	0.01387	0.80282	0.01912	0.01649	0.01200	0.00600	0.00487	0.00150	0.00412	0.00487	0.00600	0.00825
41	0.00612	0.00431	0.00556	0.00647	0.00670	0.00408	0.00421	0.00680	0.00886	0.01181	0.02457	0.67797	0.02935	0.16742	0.00964	0.00248	0.00316	0.01252	0.00421	0.00375
42	0.02350	0.01060	0.08440	0.06970	0.08887	0.01897	0.11623	0.05777	0.05790	0.18155	0.06722	0.02304	0.03224	0.00705	0.00532	0.00166	0.00527	0.13815	0.00400	0.00656
43	0.01155	0.01012	0.01382	0.03591	0.01300	0.03171	0.00990	0.01282	0.00833	0.09247	0.00834	0.01197	0.00744	0.01048	0.08393	0.00252	0.62322	0.00436	0.00257	0.00553
44	0.00903	0.00452	0.00452	0.00452	0.00565	0.00452	0.00339	0.01129	0.01016	0.01807	0.01581	0.01807	0.01242	0.00565	0.00339	0.00113	0.00226	0.00452	0.85659	0.00452
45	0.01455	0.09126	0.01553	0.10911	0.06439	0.38409	0.01036	0.04889	0.01173	0.01288	0.00758	0.00988	0.00647	0.00566	0.00691	0.00149	0.18739	0.00359	0.00243	0.00581
46	0.01182	0.00920	0.01179	0.20399	0.01729	0.00861	0.00815	0.10848	0.01185	0.08077	0.00984	0.01146	0.00753	0.00436	0.00415	0.00109	0.00454	0.00357	0.00320	0.47832
47	0.08019	0.15772	0.03217	0.11133	0.11505	0.06700	0.19386	0.02524	0.01043	0.01434	0.00969	0.05804	0.00860	0.03000	0.00585	0.01210	0.04116	0.00473	0.01655	0.00596
48	0.01534	0.01099	0.01449	0.12509	0.14720	0.02171	0.01035	0.28645	0.01503	0.16369	0.01165	0.01297	0.00856	0.00718	0.04443	0.00185	0.08746	0.00445	0.00387	0.00724
49	0.01116	0.01813	0.47511	0.07308	0.08099	0.01007	0.02297	0.01575	0.02996	0.11475	0.09041	0.01422	0.01127	0.00536	0.00480	0.00153	0.00605	0.00445	0.00299	0.00695
50	0.02610	0.09366	0.01454	0.27475	0.07180	0.03033	0.01001	0.09745	0.02271	0.26789	0.03525	0.01392	0.00971	0.00538	0.00466	0.00148	0.00528	0.00441	0.00382	0.00685
51	0.01721	0.04206	0.01414	0.01240	0.01469	0.70921	0.00946	0.01844	0.01299	0.01183	0.00736	0.00891	0.00625	0.00533	0.00552	0.00133	0.09161	0.00322	0.00245	0.00560
52	0.00780	0.00704	0.01037	0.01264	0.21535	0.00653	0.05284	0.00965	0.01102	0.01429	0.08332	0.13144	0.39912	0.00991	0.00554	0.00162	0.00369	0.00876	0.00388	0.00519
53	0.01094	0.00856	0.01407	0.70332	0.03040	0.01025	0.01256	0.01397	0.01028	0.12441	0.01010	0.01343	0.00724	0.00501	0.00485	0.00160	0.00613	0.00439	0.00270	0.00579
54	0.00921	0.00819	0.01021	0.10902	0.09865	0.08882	0.00896	0.01134	0.01097	0.01382	0.02009	0.14772	0.02147	0.01076	0.00596	0.00193	0.00505	0.40909	0.00376	0.00497
55	0.00577	0.00491	0.00497	0.00495	0.00657	0.00411	0.00372	0.00704	0.01115	0.01333	0.07719	0.04624	0.76925	0.01218	0.00573	0.00163	0.00245	0.01017	0.00453	0.00411
56	0.00590	0.00422	0.00562	0.00675	0.00703	0.00394	0.00450	0.00675	0.00928	0.01237	0.02671	0.82653	0.03205	0.01518	0.00619	0.00197	0.00281	0.01378	0.00450	0.00394
57	0.01149	0.01114	0.01943	0.15783	0.62284	0.01144	0.06571	0.01451	0.01084	0.01525	0.00908	0.01222	0.00746	0.00439	0.00487	0.00148	0.00603	0.00441	0.00236	0.00723
58	0.00702	0.00528	0.00773	0.00768	0.00845	0.00615	0.00589	0.00858	0.00771	0.01109	0.01303	0.01997	0.01247	0.10675	0.72086	0.00737	0.03178	0.00534	0.00262	0.00423
59	0.00590	0.00422	0.00562	0.00675	0.00703	0.00394	0.00450	0.00675	0.00928	0.01237	0.02671	0.82653	0.03205	0.01518	0.00619	0.00197	0.00281	0.01378	0.00450	0.00394
60	0.00602	0.00488	0.00535	0.00532	0.00675	0.00420	0.00395	0.00749	0.01161	0.01463	0.23473	0.09170	0.56271	0.01186	0.00575	0.00163	0.00243	0.01008	0.00471	0.00420
61	0.01005	0.00861	0.01005	0.00718	0.01148	0.00646	0.00574	0.01220	0.01005	0.01579	0.00861	0.01005	0.00718	0.00359	0.00359	0.00072	0.00359	0.00287	0.00287	0.85932
62	0.00708	0.00491	0.00628	0.00594	0.00708	0.00457	0.00445	0.00936	0.01335	0.01929	0.71711	0.03435	0.04232	0.00947	0.00548	0.00148	0.00228	0.00833	0.09229	0.00457
63	0.01186	0.01155	0.02024	0.05253	0.71418	0.01155	0.07666	0.01485	0.01103	0.01570	0.00916	0.01211	0.00761	0.00431	0.00487	0.00146	0.00597	0.00443	0.00240	0.00752
64	0.00623	0.00445	0.00599	0.00711	0.00754	0.00421	0.00506	0.00730	0.00959	0.01273	0.02653	0.69629	0.03135	0.01488	0.00627	0.00201	0.00309	0.14085	0.00449	0.00402
65	0.01425	0.01037	0.01142	0.00951	0.01229	0.01118	0.00754	0.47469	0.06390	0.04740	0.01851	0.21323	0.06710	0.00858	0.00524	0.00160	0.00440	0.00713	0.00478	0.00688
66	0.00656	0.00554	0.00785	0.00754	0.00895	0.00499	0.08384	0.00802	0.01042	0.01318	0.03449	0.34260	0.35745	0.01265	0.00598	0.00181	0.00335	0.07617	0.00429	0.00431
67	0.86392	0.00937	0.00712	0.00637	0.00937	0.01087	0.00525	0.01425	0.00825	0.02174	0.00675	0.00787	0.00525	0.00450	0.00300	0.00150	0.00375	0.00262	0.00300	0.00525
68	0.00817	0.00856	0.08952	0.07379	0.05967	0.00708	0.00736	0.05633	0.06393	0.01606	0.16654	0.03227	0.37363	0.00923	0.00538	0.00158	0.00369	0.00779	0.00413	0.00530
