[name]
unknown

[dist]
# distance from previous block
# <min> <max>
0	12

[block]
# block no. 0 follows, 48 sequences, length 59
# corresponding to MSA columns:
# 12-70
name=unknown_A
#
# <colnr> <probs for GDERKNQSTAVLIFYWHMCP>
#	G	D	E	R	K	N	Q	S	T	A	V	L	I	F	Y	W	H	M	C	P
0	0.00866	0.00681	0.01081	0.01072	0.01238	0.00668	0.09895	0.01127	0.01202	0.01581	0.07242	0.05140	0.02811	0.01277	0.00690	0.00224	0.00505	0.61748	0.00453	0.00499
1	0.01981	0.06024	0.01494	0.01053	0.01463	0.00917	0.09851	0.04922	0.01421	0.55346	0.03957	0.01647	0.01232	0.00595	0.00509	0.00152	0.00490	0.00509	0.00538	0.05901
2	0.01445	0.13482	0.04528	0.01195	0.06243	0.05281	0.00941	0.12919	0.41339	0.04855	0.01579	0.01527	0.01194	0.00613	0.00486	0.00157	0.00503	0.00487	0.00438	0.00787
3	0.01169	0.10480	0.62452	0.01388	0.02056	0.10679	0.01687	0.01667	0.01124	0.01540	0.00885	0.01039	0.00652	0.00488	0.00469	0.00154	0.00758	0.00363	0.00223	0.00729
4	0.00636	0.00467	0.00600	0.00703	0.00758	0.00431	0.00488	0.00741	0.01022	0.01336	0.03153	0.65768	0.13917	0.01552	0.00652	0.00205	0.00304	0.06369	0.00476	0.00423
5	0.01173	0.30655	0.50319	0.01253	0.01886	0.03549	0.01514	0.01605	0.01079	0.01468	0.00844	0.00988	0.00653	0.00472	0.00431	0.00143	0.00689	0.00341	0.00219	0.00719
6	0.01104	0.20018	0.62600	0.01335	0.02024	0.01375	0.01674	0.01606	0.01074	0.01534	0.00876	0.01027	0.00652	0.00477	0.00453	0.00151	0.00713	0.00356	0.00217	0.00737
7	0.00640	0.00458	0.00609	0.00704	0.00747	0.00427	0.00477	0.00751	0.01051	0.01419	0.13848	0.70302	0.03605	0.01526	0.00648	0.00202	0.00290	0.01381	0.00489	0.00427
8	0.00765	0.00528	0.00646	0.00639	0.00773	0.00470	0.00470	0.00937	0.01263	0.06493	0.34518	0.21104	0.27047	0.01223	0.00611	0.00175	0.00272	0.01066	0.00523	0.00478
9	0.38375	0.14160	0.14870	0.00948	0.01348	0.01261	0.04182	0.05460	0.02315	0.02992	0.00966	0.01299	0.00815	0.05602	0.00536	0.00176	0.00523	0.03247	0.00306	0.00620
10	0.00732	0.00491	0.00564	0.00578	0.00582	0.00488	0.00331	0.00742	0.00774	0.01033	0.01761	0.12710	0.02048	0.72366	0.02378	0.00463	0.00474	0.00831	0.00331	0.00324
11	0.00625	0.00447	0.00595	0.00714	0.00744	0.00417	0.00476	0.00714	0.00982	0.01310	0.02828	0.81633	0.03394	0.01608	0.00655	0.00208	0.00298	0.01459	0.00476	0.00417
12	0.11890	0.01319	0.01437	0.01215	0.06298	0.01448	0.00938	0.56624	0.03752	0.06971	0.01221	0.01239	0.00874	0.00592	0.00488	0.00155	0.00532	0.00445	0.01738	0.00824
13	0.01824	0.06034	0.01545	0.01147	0.01495	0.05163	0.00951	0.49952	0.03123	0.10511	0.01217	0.01257	0.00886	0.00638	0.00638	0.00159	0.10173	0.00451	0.02036	0.00802
14	0.01142	0.00968	0.01123	0.03765	0.01339	0.00829	0.00686	0.06247	0.10321	0.01814	0.01073	0.01187	0.00861	0.00438	0.00410	0.00096	0.00406	0.00353	0.00340	0.66603
15	0.01810	0.01399	0.01633	0.04778	0.12521	0.04365	0.02807	0.55953	0.02081	0.05749	0.01191	0.01255	0.00862	0.00583	0.00513	0.00154	0.00591	0.00462	0.00455	0.00837
16	0.01039	0.00886	0.01037	0.00757	0.01189	0.00669	0.00601	0.01259	0.01059	0.01651	0.01021	0.05644	0.00910	0.00450	0.00396	0.00084	0.00375	0.00370	0.00314	0.80290
17	0.01250	0.01365	0.05167	0.01485	0.01909	0.11981	0.32505	0.02697	0.02137	0.02883	0.01201	0.01767	0.01031	0.00562	0.00535	0.00151	0.00688	0.09407	0.00308	0.20969
18	0.00692	0.00506	0.00650	0.00651	0.00755	0.00464	0.00474	0.00889	0.01318	0.01824	0.54350	0.22164	0.10950	0.01202	0.00617	0.00173	0.00257	0.01066	0.00536	0.00464
19	0.01145	0.01091	0.01813	0.34410	0.35662	0.01197	0.05540	0.01596	0.09400	0.01577	0.01069	0.01386	0.00840	0.00504	0.00517	0.00163	0.00632	0.00478	0.00273	0.00707
20	0.08770	0.01371	0.01857	0.04393	0.55629	0.12020	0.02292	0.04624	0.01228	0.01726	0.00930	0.01187	0.00768	0.00476	0.00487	0.00151	0.00637	0.00426	0.00271	0.00756
21	0.05353	0.00788	0.01034	0.00850	0.01164	0.00704	0.00679	0.02056	0.02777	0.56361	0.04748	0.15173	0.04343	0.00828	0.00537	0.00168	0.00399	0.00697	0.00586	0.00755
22	0.02302	0.00873	0.01191	0.00913	0.01310	0.00754	0.00754	0.02501	0.01469	0.79122	0.02024	0.01746	0.01270	0.00635	0.00516	0.00159	0.00437	0.00516	0.00635	0.00873
23	0.00829	0.00547	0.00712	0.00661	0.00801	0.00499	0.00499	0.01060	0.01432	0.07378	0.68538	0.05524	0.07468	0.01043	0.00600	0.00163	0.00258	0.00918	0.00564	0.00508
24	0.03230	0.59686	0.11481	0.01210	0.10657	0.01781	0.01064	0.01533	0.01057	0.01339	0.00813	0.02628	0.00732	0.00473	0.00376	0.00124	0.00572	0.00334	0.00231	0.00681
25	0.00609	0.00511	0.00529	0.00543	0.00699	0.00431	0.00400	0.00734	0.01147	0.01377	0.04915	0.14101	0.69578	0.01336	0.00612	0.00177	0.00264	0.01128	0.00476	0.00431
26	0.00724	0.00521	0.00664	0.00630	0.00739	0.00484	0.00460	0.00933	0.01357	0.01905	0.66487	0.03819	0.07326	0.10727	0.00845	0.00202	0.00273	0.00912	0.00531	0.00461
27	0.01086	0.01106	0.04813	0.56415	0.03159	0.01209	0.15457	0.06556	0.01154	0.01515	0.00954	0.01347	0.00713	0.00510	0.00547	0.00171	0.01934	0.00481	0.00253	0.00620
28	0.59480	0.26194	0.01354	0.00738	0.01093	0.01424	0.00656	0.01517	0.00926	0.01963	0.00714	0.00830	0.00588	0.00465	0.00321	0.00144	0.00444	0.00277	0.00287	0.00588
29	0.00632	0.00464	0.00605	0.00700	0.00752	0.00437	0.00479	0.00733	0.00992	0.01309	0.02994	0.66038	0.12204	0.01752	0.07053	0.00254	0.00380	0.01340	0.00460	0.00422
30	0.01346	0.01137	0.01200	0.01058	0.01361	0.01309	0.00829	0.10449	0.70003	0.02259	0.01999	0.01843	0.01494	0.00688	0.00521	0.00172	0.00423	0.00568	0.00521	0.00818
31	0.85592	0.00992	0.00754	0.00675	0.00992	0.01151	0.00556	0.01508	0.00873	0.02302	0.00714	0.00834	0.00556	0.00476	0.00318	0.00159	0.00397	0.00278	0.00318	0.00556
32	0.06673	0.07005	0.01537	0.01117	0.01512	0.01565	0.00928	0.60108	0.09665	0.02932	0.01250	0.01248	0.00908	0.00603	0.00490	0.00153	0.00538	0.00450	0.00482	0.00833
33	0.03433	0.33281	0.39466	0.01152	0.01726	0.01476	0.01341	0.03142	0.01121	0.04572	0.04269	0.01125	0.00863	0.00501	0.00428	0.00142	0.00629	0.00367	0.00258	0.00709
34	0.03223	0.52398	0.24333	0.01104	0.01629	0.03779	0.04319	0.01579	0.01068	0.01370	0.00788	0.00923	0.00659	0.00456	0.00389	0.00129	0.00628	0.00319	0.00224	0.00684
35	0.73429	0.01022	0.02861	0.00724	0.01062	0.01105	0.00614	0.01630	0.00950	0.11463	0.00876	0.00949	0.00644	0.00496	0.00346	0.00159	0.00411	0.00309	0.00353	0.00599
36	0.00641	0.00474	0.00602	0.00689	0.00756	0.00435	0.00483	0.00756	0.01058	0.01384	0.07969	0.58172	0.17065	0.01505	0.00646	0.00201	0.00298	0.05957	0.00482	0.00427
37	0.02677	0.01174	0.09790	0.20797	0.05377	0.01089	0.19812	0.03049	0.01122	0.04506	0.02741	0.04990	0.10212	0.00697	0.00682	0.01568	0.08190	0.00605	0.00304	0.00617
38	0.01623	0.01156	0.01432	0.06145	0.04563	0.01240	0.04076	0.39781	0.05256	0.11461	0.04130	0.01521	0.01121	0.00995	0.10005	0.00235	0.00643	0.00501	0.00456	0.03659
39	0.00625	0.00447	0.00595	0.00714	0.00744	0.00417	0.00476	0.00714	0.00982	0.01310	0.02828	0.81633	0.03394	0.01608	0.00655	0.00208	0.00298	0.01459	0.00476	0.00417
40	0.09501	0.01144	0.01272	0.01013	0.01377	0.01213	0.00826	0.36955	0.09586	0.24411	0.01571	0.04763	0.01140	0.00658	0.00500	0.00159	0.00480	0.00514	0.02106	0.00812
41	0.01629	0.01402	0.03535	0.03172	0.18001	0.12158	0.10159	0.17563	0.05515	0.14203	0.02838	0.01381	0.00983	0.00573	0.00575	0.00159	0.04518	0.00482	0.00388	0.00765
42	0.00935	0.00859	0.01463	0.16003	0.07526	0.00978	0.12459	0.01186	0.00966	0.01357	0.04331	0.01733	0.01144	0.03074	0.33684	0.00452	0.10487	0.00540	0.00269	0.00552
43	0.01876	0.01131	0.01494	0.01141	0.01531	0.01135	0.09911	0.32821	0.01780	0.30669	0.01576	0.04566	0.01124	0.00634	0.00521	0.00157	0.00524	0.00535	0.04602	0.02272
44	0.01464	0.27658	0.09692	0.01431	0.12424	0.14843	0.01138	0.11971	0.02263	0.01616	0.00867	0.01035	0.00722	0.00544	0.00582	0.00145	0.10258	0.00370	0.00276	0.00699
45	0.01185	0.01015	0.01120	0.11144	0.04655	0.11922	0.03535	0.03042	0.08607	0.10209	0.14724	0.02743	0.22326	0.00839	0.00550	0.00162	0.00481	0.00706	0.00435	0.00601
46	0.01072	0.00564	0.00764	0.00740	0.00872	0.00514	0.00539	0.01184	0.01165	0.19622	0.19587	0.35726	0.02927	0.01274	0.00772	0.10325	0.00335	0.00997	0.00503	0.00516
47	0.00644	0.00464	0.00599	0.00683	0.00732	0.00431	0.00461	0.00748	0.01036	0.01385	0.11953	0.62288	0.08535	0.06532	0.00768	0.00218	0.00301	0.01326	0.00477	0.00419
48	0.03080	0.00969	0.01146	0.00900	0.04468	0.00796	0.00685	0.07706	0.01197	0.05641	0.00992	0.01115	0.00792	0.00418	0.00402	0.00092	0.00408	0.00333	0.00336	0.68525
49	0.01821	0.01173	0.01367	0.02479	0.03270	0.01177	0.00866	0.39620	0.01844	0.21806	0.01352	0.01329	0.00944	0.00566	0.00486	0.00139	0.00498	0.00442	0.00489	0.18331
50	0.00639	0.00457	0.00608	0.00705	0.00747	0.00426	0.00477	0.00750	0.01048	0.01414	0.13393	0.70770	0.03596	0.01530	0.00648	0.00202	0.00290	0.01385	0.00489	0.00426
51	0.01499	0.01024	0.01175	0.02808	0.01304	0.01087	0.00784	0.40786	0.01834	0.09676	0.11102	0.19525	0.01959	0.00889	0.00554	0.00167	0.00451	0.00746	0.01920	0.00710
52	0.02483	0.02962	0.01639	0.52444	0.07770	0.04071	0.05173	0.10427	0.01221	0.01606	0.00955	0.01308	0.00726	0.00521	0.00523	0.00163	0.01982	0.00450	0.01453	0.02124
53	0.00780	0.00691	0.00695	0.00774	0.00842	0.09916	0.00533	0.00880	0.01059	0.01322	0.04148	0.65751	0.07782	0.01449	0.00628	0.00196	0.00369	0.01291	0.00453	0.00440
54	0.00626	0.00451	0.00594	0.00705	0.00743	0.00419	0.00473	0.00720	0.00999	0.01328	0.04446	0.77046	0.06382	0.01584	0.00652	0.00206	0.00295	0.01433	0.00478	0.00419
55	0.18182	0.01029	0.01183	0.08311	0.01447	0.02947	0.00835	0.13343	0.06620	0.19763	0.09293	0.01590	0.01320	0.00703	0.01540	0.00175	0.10100	0.00490	0.00439	0.00689
56	0.06960	0.13494	0.31379	0.01208	0.01739	0.01347	0.04125	0.20265	0.01426	0.08639	0.01123	0.04094	0.00859	0.00563	0.00473	0.00154	0.00616	0.00438	0.00344	0.00754
57	0.01498	0.02843	0.01478	0.02833	0.19715	0.08052	0.02294	0.09116	0.13292	0.14405	0.04932	0.01495	0.01170	0.00560	0.00490	0.00143	0.00524	0.00471	0.00405	0.14283
58	0.07129	0.01415	0.15898	0.02227	0.43173	0.01123	0.04131	0.01602	0.01139	0.06181	0.00997	0.01213	0.00784	0.00464	0.00480	0.00147	0.00594	0.00421	0.00280	0.10601

[dist]
# distance from previous block
# <min> <max>
0	3

[block]
# block no. 1 follows, 48 sequences, length 40
# corresponding to MSA columns:
# 147-186
name=unknown_B
#
# <colnr> <probs for GDERKNQSTAVLIFYWHMCP>
#	G	D	E	R	K	N	Q	S	T	A	V	L	I	F	Y	W	H	M	C	P
0	0.12420	0.09284	0.42922	0.01169	0.01706	0.06081	0.01331	0.01591	0.01118	0.06405	0.06265	0.05340	0.01099	0.00588	0.00467	0.00157	0.00624	0.00453	0.00296	0.00683
1	0.00917	0.00609	0.00787	0.05575	0.01010	0.00580	0.00573	0.01194	0.04935	0.10331	0.47569	0.07328	0.14561	0.01018	0.00588	0.00166	0.00303	0.00886	0.00533	0.00537
2	0.13149	0.01292	0.01382	0.01072	0.01468	0.01405	0.00886	0.55608	0.02063	0.14695	0.01284	0.01257	0.00891	0.00600	0.00488	0.00155	0.00523	0.00446	0.00506	0.00830
3	0.09456	0.01984	0.47790	0.01489	0.09313	0.01112	0.06181	0.01628	0.01135	0.07607	0.06645	0.01346	0.01017	0.00532	0.00491	0.00161	0.00653	0.00441	0.00290	0.00728
4	0.01379	0.00911	0.01123	0.04893	0.01355	0.00765	0.00699	0.06177	0.01235	0.19762	0.01288	0.05347	0.01016	0.00523	0.00441	0.00112	0.00416	0.00429	0.00399	0.51730
5	0.02153	0.00878	0.01173	0.00926	0.01301	0.00786	0.00765	0.03752	0.05353	0.69111	0.02056	0.01993	0.01381	0.00686	0.00528	0.00164	0.00440	0.05091	0.00617	0.00846
6	0.02229	0.00906	0.01202	0.00927	0.01317	0.00811	0.00764	0.07035	0.03139	0.71408	0.03415	0.01758	0.01319	0.00643	0.00518	0.00159	0.00440	0.00522	0.00624	0.00865
7	0.01184	0.12722	0.41502	0.06356	0.04629	0.01276	0.14996	0.01635	0.01133	0.06421	0.02820	0.01232	0.00819	0.00494	0.00494	0.00157	0.00708	0.00434	0.00261	0.00724
8	0.02170	0.00977	0.01241	0.00964	0.01354	0.00921	0.00792	0.13852	0.07466	0.61685	0.01909	0.01681	0.01232	0.00637	0.00516	0.00159	0.00454	0.00513	0.00608	0.00868
9	0.00625	0.00447	0.00595	0.00714	0.00744	0.00417	0.00476	0.00714	0.00982	0.01310	0.02828	0.81633	0.03394	0.01608	0.00655	0.00208	0.00298	0.01459	0.00476	0.00417
10	0.00704	0.00524	0.00656	0.00623	0.00753	0.00475	0.00467	0.00926	0.01401	0.01936	0.65194	0.04033	0.18220	0.01094	0.00605	0.00164	0.00245	0.00956	0.00549	0.00475
11	0.01917	0.02445	0.01454	0.01322	0.01586	0.79907	0.00991	0.02049	0.01454	0.01256	0.00793	0.00925	0.00661	0.00529	0.00463	0.00132	0.00925	0.00330	0.00264	0.00595
12	0.00625	0.00447	0.00595	0.00714	0.00744	0.00417	0.00476	0.00714	0.00982	0.01310	0.02828	0.81633	0.03394	0.01608	0.00655	0.00208	0.00298	0.01459	0.00476	0.00417
13	0.01951	0.01437	0.01540	0.01181	0.01591	0.01591	0.00975	0.77056	0.02412	0.03234	0.01232	0.01232	0.00873	0.00616	0.00513	0.00154	0.00565	0.00462	0.00513	0.00873
14	0.01211	0.01384	0.03028	0.02163	0.02682	0.01298	0.76903	0.01644	0.01211	0.01644	0.01038	0.01384	0.00779	0.00433	0.00606	0.00173	0.00865	0.00606	0.00260	0.00692
15	0.01570	0.32911	0.02005	0.03271	0.12423	0.33654	0.01029	0.03477	0.01262	0.01346	0.00881	0.01027	0.02129	0.00500	0.00423	0.00129	0.00709	0.00347	0.00254	0.00653
16	0.07176	0.01185	0.01348	0.01033	0.01426	0.04614	0.05431	0.30615	0.01649	0.11016	0.03771	0.01351	0.01009	0.02074	0.00509	0.00141	0.00508	0.00438	0.01565	0.23142
17	0.03409	0.17083	0.24434	0.06219	0.05174	0.08728	0.02273	0.03742	0.02892	0.15322	0.01194	0.05281	0.00937	0.00573	0.00470	0.00151	0.00623	0.00449	0.00329	0.00716
18	0.00716	0.00525	0.00681	0.00727	0.00803	0.00500	0.01578	0.04162	0.01115	0.01492	0.13194	0.54660	0.08600	0.06481	0.00761	0.00215	0.00323	0.02545	0.00477	0.00446
19	0.07219	0.00938	0.01177	0.00918	0.01291	0.00884	0.00754	0.13570	0.01573	0.56972	0.07781	0.01775	0.01445	0.00655	0.00510	0.00158	0.00438	0.00525	0.00592	0.00823
20	0.12769	0.09569	0.22579	0.03563	0.09065	0.01165	0.01161	0.05839	0.02933	0.24701	0.01245	0.01273	0.00870	0.00534	0.00462	0.00155	0.00560	0.00414	0.00380	0.00762
21	0.01250	0.01284	0.06505	0.12796	0.41040	0.06106	0.02798	0.01665	0.08464	0.03656	0.01178	0.01597	0.00986	0.00571	0.00560	0.00164	0.03314	0.05037	0.00297	0.00733
22	0.00894	0.00590	0.00794	0.00866	0.00981	0.00579	0.00702	0.03582	0.01163	0.06364	0.02607	0.27435	0.02858	0.04974	0.00759	0.00232	0.00423	0.43230	0.00478	0.00488
23	0.00732	0.00525	0.00654	0.00632	0.00763	0.00473	0.00470	0.00932	0.01341	0.03914	0.52395	0.12230	0.20733	0.01152	0.00608	0.00169	0.00257	0.01007	0.00538	0.00476
24	0.01466	0.10312	0.22423	0.05235	0.08502	0.06242	0.09978	0.11529	0.02696	0.13217	0.02814	0.01301	0.00909	0.00531	0.00496	0.00154	0.00653	0.00448	0.00342	0.00752
25	0.00890	0.00803	0.05736	0.00960	0.04493	0.04629	0.00750	0.01104	0.02576	0.04910	0.05207	0.32356	0.10131	0.01268	0.00628	0.00199	0.00424	0.21975	0.00449	0.00512
26	0.71004	0.01092	0.00887	0.03094	0.01132	0.06120	0.00654	0.01514	0.00907	0.02121	0.00722	0.00878	0.00576	0.00515	0.00444	0.00163	0.07014	0.00300	0.00304	0.00559
27	0.06602	0.00708	0.00899	0.00846	0.01060	0.00679	0.00683	0.03267	0.03302	0.26411	0.04144	0.15144	0.05657	0.05182	0.00695	0.00208	0.00417	0.22979	0.00512	0.00606
28	0.00712	0.00542	0.00657	0.00625	0.00765	0.00496	0.00470	0.00964	0.03831	0.01884	0.56784	0.04062	0.24105	0.01103	0.00603	0.00165	0.00252	0.00957	0.00540	0.00481
29	0.04179	0.06831	0.10001	0.05200	0.28250	0.08973	0.02172	0.06422	0.01278	0.11538	0.02895	0.01279	0.00908	0.00509	0.00478	0.00145	0.00600	0.00427	0.00326	0.07587
30	0.01312	0.02697	0.03737	0.08774	0.07602	0.01005	0.00893	0.06490	0.23762	0.14987	0.10731	0.04159	0.07399	0.00764	0.00539	0.00168	0.00449	0.03348	0.00473	0.00711
31	0.02025	0.00923	0.01179	0.00928	0.01291	0.00866	0.00758	0.11188	0.07418	0.56578	0.09554	0.01906	0.01602	0.00679	0.00525	0.00160	0.00430	0.00556	0.00605	0.00830
32	0.00801	0.00580	0.00792	0.00897	0.01018	0.00571	0.00774	0.01024	0.01180	0.01526	0.04288	0.07725	0.09400	0.01406	0.00697	0.00229	0.00446	0.65704	0.00475	0.00468
33	0.01282	0.51966	0.24469	0.01139	0.01668	0.04270	0.05935	0.01585	0.01078	0.01355	0.00795	0.00936	0.00664	0.00455	0.00396	0.00129	0.00640	0.00327	0.00223	0.00687
34	0.06120	0.00676	0.00872	0.00840	0.00994	0.01726	0.05237	0.01156	0.08815	0.01709	0.22658	0.25946	0.08876	0.01162	0.00605	0.00187	0.00364	0.11067	0.00478	0.00511
35	0.00636	0.00475	0.00593	0.00673	0.00747	0.00432	0.00471	0.00751	0.01066	0.01386	0.08207	0.54839	0.21709	0.01489	0.00642	0.00198	0.00292	0.04485	0.00482	0.00427
36	0.12692	0.00650	0.00832	0.00786	0.00940	0.00714	0.00612	0.02377	0.00978	0.08519	0.09474	0.02072	0.01578	0.06604	0.48202	0.00575	0.00978	0.00557	0.00350	0.00511
37	0.01282	0.01331	0.06823	0.10173	0.60474	0.03780	0.01531	0.05408	0.01222	0.01704	0.00965	0.01254	0.00789	0.00475	0.00506	0.00154	0.00634	0.00448	0.00263	0.00783
38	0.01181	0.01141	0.01836	0.12146	0.10751	0.02823	0.21737	0.06575	0.01204	0.01693	0.03496	0.02376	0.00928	0.00512	0.00582	0.00145	0.05948	0.00480	0.00295	0.24151
39	0.32882	0.23702	0.17795	0.03004	0.01457	0.03219	0.00981	0.04813	0.01068	0.03911	0.00826	0.00946	0.00647	0.00479	0.00380	0.00144	0.00542	0.00319	0.00283	0.02604

[dist]
# distance from previous block
# <min> <max>
0	6

[block]
# block no. 2 follows, 48 sequences, length 50
# corresponding to MSA columns:
# 193-219,227-249
name=unknown_C
#
# <colnr> <probs for GDERKNQSTAVLIFYWHMCP>
#	G	D	E	R	K	N	Q	S	T	A	V	L	I	F	Y	W	H	M	C	P
0	0.07530	0.01064	0.01225	0.00973	0.01297	0.04785	0.07764	0.23328	0.02660	0.04206	0.01294	0.03852	0.01024	0.00626	0.01748	0.00147	0.00487	0.00469	0.20855	0.14666
1	0.19599	0.06697	0.15566	0.01260	0.11276	0.03964	0.01037	0.14594	0.01328	0.09018	0.02465	0.01243	0.00882	0.00535	0.00439	0.00150	0.00533	0.00404	0.08300	0.00708
2	0.00704	0.00595	0.00702	0.04495	0.00912	0.01664	0.00535	0.00853	0.01147	0.01466	0.16334	0.20121	0.40212	0.01244	0.00688	0.00182	0.06184	0.01048	0.00458	0.00456
3	0.04424	0.10462	0.01432	0.03468	0.03987	0.13394	0.00880	0.06462	0.27876	0.16218	0.01581	0.01536	0.02706	0.00622	0.00514	0.00156	0.02623	0.00477	0.00435	0.00746
4	0.02707	0.06979	0.01821	0.45224	0.16158	0.01268	0.07856	0.05585	0.03315	0.01542	0.00961	0.01307	0.00745	0.00507	0.00522	0.00163	0.01970	0.00456	0.00260	0.00652
5	0.02811	0.00550	0.00679	0.00739	0.00808	0.00543	0.00507	0.07284	0.01090	0.01485	0.03759	0.65036	0.03005	0.08151	0.00796	0.00226	0.00339	0.01277	0.00463	0.00452
6	0.00689	0.00494	0.00651	0.00755	0.00807	0.00473	0.00532	0.03105	0.01049	0.01395	0.02766	0.70422	0.03265	0.01555	0.00657	0.00210	0.00326	0.09934	0.00477	0.00437
7	0.00744	0.00531	0.00678	0.00637	0.00769	0.00484	0.00479	0.00974	0.01422	0.03503	0.69147	0.03910	0.12660	0.01068	0.00604	0.00163	0.00248	0.00936	0.00557	0.00486
8	0.00827	0.00591	0.00827	0.00945	0.01063	0.00591	0.00827	0.01063	0.01181	0.01536	0.02717	0.05788	0.02953	0.01417	0.00709	0.00236	0.00472	0.75313	0.00472	0.00472
9	0.00625	0.00447	0.00595	0.00714	0.00744	0.00417	0.00476	0.00714	0.00982	0.01310	0.02828	0.81633	0.03394	0.01608	0.00655	0.00208	0.00298	0.01459	0.00476	0.00417
10	0.00631	0.00449	0.00594	0.00707	0.00735	0.00421	0.00468	0.00716	0.00971	0.01295	0.02770	0.77883	0.03320	0.05457	0.00749	0.00222	0.00307	0.01425	0.00468	0.00412
11	0.00945	0.00585	0.00757	0.00685	0.00850	0.00537	0.00524	0.01205	0.03293	0.12343	0.62895	0.03560	0.07815	0.00997	0.00591	0.00162	0.00273	0.00872	0.00569	0.00542
12	0.01917	0.02445	0.01454	0.01322	0.01586	0.79907	0.00991	0.02049	0.01454	0.01256	0.00793	0.00925	0.00661	0.00529	0.00463	0.00132	0.00925	0.00330	0.00264	0.00595
13	0.00626	0.00452	0.00593	0.00703	0.00742	0.00419	0.00472	0.00721	0.01001	0.01329	0.04497	0.76217	0.07168	0.01581	0.00651	0.00206	0.00295	0.01429	0.00478	0.00419
14	0.01326	0.01127	0.01188	0.01054	0.01353	0.01299	0.00824	0.08194	0.72292	0.02226	0.02025	0.01864	0.01515	0.00690	0.00521	0.00173	0.00418	0.00571	0.00521	0.00817
15	0.01238	0.01390	0.02706	0.04610	0.02501	0.05221	0.61909	0.01703	0.06204	0.01626	0.01072	0.01382	0.00816	0.00480	0.00643	0.00174	0.04787	0.00577	0.00274	0.00685
16	0.00753	0.00557	0.00688	0.00731	0.00817	0.00547	0.00512	0.04301	0.06725	0.01567	0.15075	0.52013	0.07055	0.05240	0.00722	0.00208	0.00316	0.01211	0.00488	0.00473
17	0.01318	0.51835	0.27162	0.01067	0.01606	0.01684	0.01197	0.01623	0.01081	0.06046	0.00859	0.00962	0.00693	0.00466	0.00391	0.00130	0.00609	0.00323	0.00244	0.00703
18	0.01599	0.11764	0.08741	0.01095	0.05239	0.01171	0.00923	0.20511	0.03874	0.21073	0.06611	0.01597	0.01259	0.04553	0.02093	0.00175	0.00525	0.00483	0.00440	0.06273
19	0.85592	0.00992	0.00754	0.00675	0.00992	0.01151	0.00556	0.01508	0.00873	0.02302	0.00714	0.00834	0.00556	0.00476	0.00318	0.00159	0.00397	0.00278	0.00318	0.00556
20	0.01104	0.00649	0.00772	0.00681	0.00905	0.00581	0.00531	0.03389	0.03682	0.20358	0.23346	0.03687	0.36232	0.01037	0.00579	0.00166	0.00311	0.00874	0.00540	0.00576
21	0.01718	0.10563	0.02954	0.12119	0.05055	0.04953	0.00966	0.18580	0.02878	0.27322	0.02783	0.01619	0.03448	0.00620	0.00498	0.00155	0.00541	0.02019	0.00450	0.00759
22	0.01882	0.01173	0.01381	0.07549	0.01616	0.01245	0.00918	0.45175	0.01944	0.24050	0.01530	0.06640	0.01133	0.00678	0.00523	0.00160	0.00521	0.00542	0.00522	0.00818
23	0.00631	0.00450	0.00598	0.00709	0.00741	0.00421	0.00473	0.00724	0.00994	0.01330	0.05483	0.77332	0.03415	0.03175	0.00692	0.00212	0.00300	0.01426	0.00476	0.00417
24	0.00650	0.00451	0.00590	0.00697	0.00735	0.00423	0.00469	0.00753	0.01001	0.01370	0.04841	0.74275	0.03298	0.01526	0.00634	0.00201	0.00292	0.01380	0.05991	0.00423
25	0.01199	0.01467	0.08013	0.02117	0.02652	0.01291	0.72001	0.01642	0.01203	0.01642	0.01030	0.01364	0.00770	0.00436	0.00598	0.00172	0.00858	0.00591	0.00257	0.00696
26	0.01035	0.01079	0.12400	0.00898	0.01199	0.00892	0.00808	0.10276	0.19142	0.03071	0.22248	0.04334	0.18733	0.00893	0.00558	0.00167	0.00401	0.00750	0.00478	0.00639
27	0.53515	0.06665	0.13548	0.02221	0.01317	0.06932	0.00851	0.01631	0.01002	0.07117	0.00843	0.00949	0.00635	0.00491	0.00373	0.00154	0.00511	0.00316	0.00311	0.00619
28	0.03157	0.76119	0.05308	0.00903	0.01347	0.03585	0.00909	0.01549	0.01049	0.01246	0.00722	0.00835	0.00656	0.00443	0.00337	0.00113	0.00561	0.00279	0.00222	0.00658
29	0.01104	0.20127	0.62495	0.01334	0.02022	0.01376	0.01672	0.01606	0.01074	0.01533	0.00875	0.01026	0.00652	0.00477	0.00453	0.00151	0.00712	0.00356	0.00217	0.00736
30	0.01365	0.01241	0.01976	0.02828	0.66132	0.04941	0.02899	0.01654	0.01205	0.07300	0.01077	0.01398	0.00889	0.00496	0.00513	0.00154	0.00614	0.02235	0.00288	0.00796
31	0.00738	0.00531	0.00708	0.00776	0.00870	0.00510	0.00610	0.00923	0.01178	0.01576	0.21519	0.23776	0.07113	0.05226	0.00756	0.00220	0.00364	0.31667	0.00489	0.00452
32	0.01243	0.01428	0.13615	0.08409	0.09652	0.01266	0.32797	0.01604	0.01119	0.07848	0.01019	0.01311	0.00777	0.00548	0.00755	0.00177	0.14953	0.00511	0.00274	0.00695
33	0.82821	0.01007	0.00780	0.00692	0.01012	0.01166	0.00570	0.04011	0.00924	0.02333	0.00732	0.00847	0.00566	0.00481	0.00324	0.00159	0.00402	0.00284	0.00324	0.00566
34	0.00625	0.00447	0.00595	0.00714	0.00744	0.00417	0.00476	0.00714	0.00982	0.01310	0.02828	0.81633	0.03394	0.01608	0.00655	0.00208	0.00298	0.01459	0.00476	0.00417
35	0.00981	0.00934	0.00996	0.00946	0.01047	0.14081	0.00727	0.01129	0.00918	0.01188	0.01215	0.01856	0.01161	0.10659	0.49317	0.00602	0.10975	0.00520	0.00271	0.00479
36	0.00700	0.00520	0.00650	0.00643	0.00764	0.00475	0.00482	0.00899	0.01317	0.01793	0.49889	0.11087	0.19531	0.03275	0.00669	0.00182	0.00272	0.05863	0.00526	0.00463
37	0.01353	0.00867	0.01070	0.00992	0.01236	0.00895	0.00838	0.19024	0.07111	0.14386	0.04550	0.03743	0.02159	0.01043	0.00616	0.00198	0.00476	0.38273	0.00514	0.00654
38	0.01241	0.01189	0.02030	0.10667	0.71477	0.01211	0.01560	0.01549	0.01155	0.01641	0.00960	0.01279	0.00800	0.00463	0.00508	0.00154	0.00617	0.00457	0.00251	0.00789
39	0.00625	0.00448	0.00594	0.00710	0.00743	0.00417	0.00474	0.00715	0.00986	0.01311	0.02879	0.79983	0.05010	0.01601	0.00654	0.00208	0.00297	0.01451	0.00476	0.00417
40	0.00717	0.00524	0.00674	0.00636	0.00761	0.00480	0.00477	0.00951	0.01432	0.02009	0.73151	0.03913	0.10217	0.01067	0.00605	0.00162	0.00243	0.00939	0.00558	0.00480
41	0.00991	0.00934	0.01579	0.75076	0.09020	0.01146	0.01436	0.01330	0.01036	0.01338	0.00916	0.01361	0.00693	0.00509	0.00513	0.00170	0.00679	0.00456	0.00230	0.00588
42	0.01627	0.01330	0.07015	0.01089	0.01444	0.01332	0.00922	0.56025	0.01998	0.02690	0.01398	0.08802	0.01198	0.09821	0.00760	0.00198	0.00547	0.00579	0.00466	0.00760
43	0.00746	0.00497	0.00560	0.00560	0.00560	0.00497	0.00311	0.00746	0.00746	0.00995	0.01617	0.03358	0.01865	0.81967	0.02612	0.00497	0.00497	0.00746	0.00311	0.00311
44	0.01179	0.00637	0.00674	0.00609	0.00787	0.00652	0.00473	0.10076	0.03680	0.07703	0.01662	0.01822	0.01269	0.00606	0.00393	0.00128	0.00296	0.00482	0.66309	0.00563
45	0.03370	0.00973	0.01474	0.56653	0.02896	0.01153	0.02682	0.07674	0.07945	0.07247	0.01149	0.02625	0.00859	0.00560	0.00513	0.00169	0.00622	0.00485	0.00313	0.00638
46	0.01663	0.01257	0.01345	0.01077	0.01424	0.01391	0.00865	0.51051	0.19156	0.02748	0.01456	0.01566	0.01114	0.07247	0.00680	0.00184	0.00514	0.00508	0.01950	0.02806
47	0.01767	0.01317	0.01397	0.01084	0.01472	0.03963	0.00881	0.53761	0.06202	0.06731	0.01279	0.01350	0.00950	0.03884	0.00580	0.00158	0.00535	0.00458	0.00476	0.11754
48	0.12692	0.11570	0.09192	0.01087	0.01471	0.07310	0.00975	0.35082	0.02871	0.02339	0.01040	0.01138	0.00793	0.00638	0.02141	0.00165	0.04755	0.00400	0.03610	0.00732
49	0.04227	0.17557	0.43590	0.03164	0.01872	0.01384	0.01429	0.12829	0.02606	0.03070	0.03099	0.01154	0.00824	0.00519	0.00460	0.00151	0.00649	0.00390	0.00287	0.00740

[dist]
# distance from previous block
# <min> <max>
1	11

[block]
# block no. 3 follows, 48 sequences, length 34
# corresponding to MSA columns:
# 293-326
name=unknown_D
#
# <colnr> <probs for GDERKNQSTAVLIFYWHMCP>
#	G	D	E	R	K	N	Q	S	T	A	V	L	I	F	Y	W	H	M	C	P
0	0.09996	0.39270	0.23398	0.01132	0.03059	0.04884	0.04852	0.01559	0.01083	0.01508	0.04418	0.01076	0.00849	0.00488	0.00407	0.00137	0.00609	0.00356	0.00249	0.00669
1	0.01372	0.82276	0.02689	0.00878	0.01317	0.02030	0.00878	0.01536	0.01043	0.01207	0.00713	0.00823	0.00658	0.00439	0.00329	0.00110	0.00549	0.00274	0.00219	0.00658
2	0.01263	0.01061	0.06680	0.00972	0.02420	0.00864	0.04721	0.05583	0.11139	0.12355	0.06034	0.01723	0.06510	0.00581	0.00473	0.00128	0.00439	0.00489	0.00406	0.36159
3	0.00743	0.00508	0.00614	0.00614	0.00633	0.00527	0.00379	0.00781	0.00762	0.01035	0.01567	0.03083	0.01746	0.65959	0.18456	0.00564	0.00677	0.00706	0.00304	0.00341
4	0.04488	0.08245	0.70673	0.01389	0.02107	0.01250	0.01769	0.01614	0.01072	0.01623	0.00898	0.01055	0.00647	0.00484	0.00469	0.00159	0.00729	0.00368	0.00221	0.00743
5	0.01096	0.01084	0.01521	0.01312	0.01318	0.01509	0.01090	0.01213	0.00788	0.01232	0.00721	0.01183	0.00715	0.01097	0.06949	0.00265	0.75669	0.00456	0.00228	0.00554
6	0.00759	0.00533	0.00692	0.00647	0.00777	0.00489	0.00487	0.00996	0.01442	0.03860	0.73992	0.03824	0.07463	0.01048	0.00603	0.00162	0.00247	0.00924	0.00563	0.00491
7	0.47067	0.00937	0.00956	0.00785	0.01139	0.00967	0.00647	0.01967	0.01149	0.37834	0.01320	0.01256	0.00886	0.00550	0.00409	0.00159	0.00415	0.00388	0.00464	0.00703
8	0.01827	0.01402	0.01438	0.01133	0.01513	0.06960	0.00921	0.57879	0.06561	0.05839	0.01330	0.04477	0.01009	0.00644	0.00510	0.00152	0.00556	0.00494	0.00490	0.04866
9	0.00646	0.00523	0.00575	0.00567	0.00724	0.00452	0.00429	0.00811	0.01249	0.01579	0.25665	0.04653	0.55687	0.01233	0.00609	0.00172	0.00261	0.03213	0.00501	0.00449
10	0.00625	0.00447	0.00595	0.00714	0.00744	0.00417	0.00476	0.00714	0.00982	0.01310	0.02828	0.81633	0.03394	0.01608	0.00655	0.00208	0.00298	0.01459	0.00476	0.00417
11	0.00721	0.00524	0.00679	0.00640	0.00764	0.00482	0.00480	0.00959	0.01441	0.02031	0.75565	0.03877	0.07789	0.01059	0.00605	0.00162	0.00243	0.00934	0.00561	0.00482
12	0.01917	0.02445	0.01454	0.01322	0.01586	0.79907	0.00991	0.02049	0.01454	0.01256	0.00793	0.00925	0.00661	0.00529	0.00463	0.00132	0.00925	0.00330	0.00264	0.00595
13	0.00623	0.00520	0.00542	0.00537	0.00703	0.00440	0.00403	0.00768	0.01208	0.01476	0.15061	0.04789	0.68639	0.01266	0.00606	0.00172	0.00257	0.01062	0.00488	0.00440
14	0.01788	0.01357	0.01448	0.01148	0.01529	0.01515	0.00936	0.59151	0.20582	0.02972	0.01438	0.01396	0.01040	0.00635	0.00515	0.00159	0.00526	0.00490	0.00515	0.00858
15	0.01211	0.01180	0.02074	0.16853	0.58337	0.01212	0.08530	0.01534	0.01147	0.01608	0.00962	0.01298	0.00787	0.00465	0.00518	0.00158	0.00646	0.00471	0.00250	0.00758
16	0.01062	0.00965	0.01314	0.01508	0.20812	0.05322	0.05237	0.03249	0.12532	0.01782	0.21475	0.15447	0.02415	0.00868	0.00592	0.00170	0.02249	0.01947	0.00420	0.00633
17	0.01140	0.07021	0.53755	0.05070	0.08477	0.01234	0.09575	0.01641	0.01115	0.04875	0.00971	0.01155	0.00705	0.00484	0.00494	0.00160	0.00728	0.00412	0.00243	0.00747
18	0.05168	0.09635	0.12734	0.01089	0.04486	0.01040	0.02975	0.07020	0.02992	0.31307	0.02758	0.06732	0.01258	0.06370	0.00664	0.00183	0.01877	0.00541	0.00440	0.00732
19	0.85592	0.00992	0.00754	0.00675	0.00992	0.01151	0.00556	0.01508	0.00873	0.02302	0.00714	0.00834	0.00556	0.00476	0.00318	0.00159	0.00397	0.00278	0.00318	0.00556
20	0.00969	0.00912	0.01539	0.80734	0.03534	0.01140	0.01425	0.01311	0.01026	0.01311	0.00912	0.01368	0.00684	0.00513	0.00513	0.00171	0.00684	0.00456	0.00228	0.00570
21	0.01267	0.01247	0.05044	0.11969	0.57620	0.01235	0.01489	0.06227	0.05671	0.01754	0.01039	0.01309	0.00838	0.00489	0.00509	0.00156	0.00610	0.00461	0.00281	0.00786
22	0.00664	0.00501	0.00626	0.00691	0.00787	0.00463	0.00512	0.00805	0.01102	0.01427	0.10076	0.37658	0.25289	0.01529	0.03814	0.00223	0.00352	0.12568	0.00475	0.00438
23	0.00644	0.00464	0.00611	0.00706	0.00757	0.00432	0.00487	0.00758	0.01052	0.01407	0.11466	0.66232	0.07140	0.01522	0.00649	0.00202	0.00296	0.04260	0.00486	0.00427
24	0.00705	0.00505	0.00663	0.00761	0.00818	0.00487	0.00539	0.03989	0.01066	0.01418	0.02747	0.69302	0.03235	0.01543	0.00655	0.00209	0.00330	0.10107	0.00477	0.00443
25	0.01265	0.55753	0.25300	0.01099	0.01635	0.01755	0.04034	0.01567	0.01061	0.01347	0.00787	0.00921	0.00660	0.00453	0.00386	0.00128	0.00622	0.00318	0.00220	0.00689
26	0.01110	0.00967	0.01258	0.00940	0.01366	0.00808	0.07859	0.04490	0.05713	0.01752	0.01134	0.01484	0.00969	0.00486	0.00438	0.00105	0.00441	0.05633	0.00333	0.62713
27	0.01407	0.01264	0.03530	0.04817	0.60396	0.02404	0.01450	0.10556	0.01332	0.06335	0.01053	0.01287	0.00837	0.00489	0.00508	0.00153	0.00604	0.00458	0.00305	0.00812
28	0.00990	0.00934	0.01577	0.75276	0.08827	0.01146	0.01436	0.01330	0.01036	0.01337	0.00916	0.01361	0.00693	0.00509	0.00513	0.00170	0.00679	0.00456	0.00230	0.00587
29	0.68644	0.00955	0.00798	0.02060	0.01042	0.01085	0.00580	0.04373	0.00986	0.06741	0.00899	0.01007	0.00679	0.00502	0.00343	0.00155	0.00396	0.00319	0.07857	0.00579
30	0.00650	0.00482	0.00616	0.00700	0.00770	0.00436	0.00481	0.00754	0.01012	0.01342	0.02993	0.67193	0.11719	0.01505	0.00636	0.00198	0.00301	0.02899	0.00467	0.04845
31	0.00631	0.00449	0.00594	0.00707	0.00735	0.00421	0.00468	0.00716	0.00971	0.01295	0.02770	0.77883	0.03320	0.05457	0.00749	0.00222	0.00307	0.01425	0.00468	0.00412
32	0.01214	0.01161	0.01963	0.08471	0.69394	0.01172	0.01502	0.01512	0.01158	0.01635	0.01183	0.01469	0.04867	0.00505	0.00513	0.00155	0.00597	0.00490	0.00264	0.00776
33	0.01209	0.01360	0.02894	0.02167	0.06580	0.01309	0.68571	0.01616	0.01184	0.01622	0.01013	0.01363	0.00774	0.00461	0.00663	0.00175	0.05501	0.00589	0.00257	0.00691

[dist]
# distance from previous block
# <min> <max>
2	4

[block]
# block no. 4 follows, 48 sequences, length 53
# corresponding to MSA columns:
# 331-334,336-366,374-391
name=unknown_E
#
# <colnr> <probs for GDERKNQSTAVLIFYWHMCP>
#	G	D	E	R	K	N	Q	S	T	A	V	L	I	F	Y	W	H	M	C	P
0	0.01180	0.01330	0.02875	0.05710	0.02653	0.01260	0.70786	0.01596	0.01195	0.01617	0.01095	0.04177	0.00865	0.00477	0.00603	0.00174	0.00837	0.00628	0.00266	0.00677
1	0.00844	0.00627	0.00664	0.00636	0.00709	0.02937	0.00417	0.05489	0.00964	0.01266	0.02176	0.04396	0.14836	0.51159	0.05292	0.00398	0.01790	0.00759	0.04247	0.00394
2	0.04280	0.68832	0.02616	0.01012	0.01439	0.01913	0.08260	0.01536	0.01044	0.01289	0.00744	0.00888	0.00667	0.00455	0.00402	0.00121	0.03308	0.00313	0.00227	0.00655
3	0.01937	0.01410	0.01517	0.01169	0.01575	0.01558	0.00964	0.72460	0.05013	0.05239	0.01283	0.01270	0.00907	0.00619	0.00514	0.00155	0.00556	0.00468	0.00517	0.00871
4	0.01417	0.01253	0.01533	0.07313	0.11401	0.08410	0.08357	0.10618	0.30667	0.06736	0.01624	0.01652	0.03815	0.00614	0.00521	0.00162	0.00559	0.00530	0.00418	0.02399
5	0.03348	0.01800	0.01495	0.01224	0.01579	0.30349	0.00974	0.48233	0.02035	0.02492	0.01062	0.01113	0.00790	0.00582	0.00491	0.00146	0.00694	0.00411	0.00419	0.00765
6	0.00992	0.00881	0.01388	0.01100	0.01409	0.00797	0.18717	0.05287	0.02321	0.01723	0.12812	0.17685	0.03095	0.00864	0.01820	0.00164	0.00488	0.04155	0.00389	0.23913
7	0.00670	0.00504	0.00695	0.08471	0.01016	0.00496	0.00566	0.00804	0.01051	0.01403	0.11782	0.61298	0.06483	0.01421	0.00633	0.00198	0.00327	0.01282	0.00463	0.00440
8	0.00969	0.00912	0.01539	0.80734	0.03534	0.01140	0.01425	0.01311	0.01026	0.01311	0.00912	0.01368	0.00684	0.00513	0.00513	0.00171	0.00684	0.00456	0.00228	0.00570
9	0.01192	0.01140	0.01942	0.23252	0.59273	0.01199	0.01536	0.01506	0.01131	0.01582	0.00951	0.01295	0.00779	0.00472	0.00509	0.00157	0.00629	0.00457	0.00247	0.00750
10	0.01241	0.01245	0.02157	0.12759	0.53944	0.03545	0.14420	0.01567	0.01166	0.01612	0.00966	0.01292	0.00786	0.00462	0.00524	0.00158	0.00672	0.00479	0.00252	0.00755
11	0.85592	0.00992	0.00754	0.00675	0.00992	0.01151	0.00556	0.01508	0.00873	0.02302	0.00714	0.00834	0.00556	0.00476	0.00318	0.00159	0.00397	0.00278	0.00318	0.00556
12	0.00726	0.00524	0.00686	0.00646	0.00767	0.00484	0.00484	0.00968	0.01452	0.02058	0.78496	0.03833	0.04841	0.01049	0.00605	0.00161	0.00242	0.00928	0.00565	0.00484
13	0.01829	0.01000	0.01185	0.00943	0.01278	0.01001	0.00762	0.29905	0.01736	0.34062	0.04400	0.06846	0.04957	0.03132	0.00586	0.00169	0.00454	0.00600	0.04380	0.00777
14	0.74727	0.01148	0.00848	0.00754	0.01070	0.08815	0.00612	0.04033	0.00980	0.02231	0.00739	0.00855	0.00576	0.00486	0.00338	0.00156	0.00454	0.00289	0.00319	0.00570
15	0.01367	0.01069	0.01156	0.01029	0.01326	0.01211	0.00807	0.02670	0.68823	0.09611	0.02095	0.01979	0.01566	0.00705	0.00525	0.00174	0.00410	0.02132	0.00532	0.00811
16	0.00620	0.00508	0.00547	0.00563	0.00708	0.00435	0.00412	0.00754	0.01165	0.01435	0.11481	0.17221	0.59719	0.01326	0.00614	0.00178	0.00264	0.01129	0.00484	0.00435
17	0.00969	0.00912	0.01539	0.80734	0.03534	0.01140	0.01425	0.01311	0.01026	0.01311	0.00912	0.01368	0.00684	0.00513	0.00513	0.00171	0.00684	0.00456	0.00228	0.00570
18	0.01917	0.02445	0.01454	0.01322	0.01586	0.79907	0.00991	0.02049	0.01454	0.01256	0.00793	0.00925	0.00661	0.00529	0.00463	0.00132	0.00925	0.00330	0.00264	0.00595
19	0.00956	0.00478	0.00478	0.00478	0.00598	0.00478	0.00359	0.01196	0.01076	0.01913	0.01674	0.01913	0.01315	0.00598	0.00359	0.00120	0.00239	0.00478	0.84816	0.00478
20	0.00992	0.00513	0.00516	0.00503	0.00633	0.00518	0.00381	0.03917	0.01124	0.01960	0.01658	0.01889	0.01299	0.00598	0.00364	0.00121	0.00251	0.00478	0.81791	0.00492
21	0.00746	0.00497	0.00560	0.00560	0.00560	0.00497	0.00311	0.00746	0.00746	0.00995	0.01617	0.03358	0.01865	0.81967	0.02612	0.00497	0.00497	0.00746	0.00311	0.00311
22	0.01073	0.12902	0.69447	0.01387	0.02104	0.01300	0.01765	0.01614	0.01078	0.01571	0.00894	0.01050	0.00651	0.00481	0.00467	0.00156	0.00731	0.00366	0.00217	0.00745
23	0.02230	0.00857	0.01168	0.00901	0.01285	0.00742	0.00742	0.02430	0.01468	0.75594	0.05525	0.01842	0.01434	0.00654	0.00520	0.00159	0.00428	0.00535	0.00632	0.00855
24	0.09336	0.19249	0.45859	0.01358	0.07714	0.01345	0.01465	0.01576	0.01060	0.01608	0.00860	0.01017	0.00660	0.00469	0.00434	0.00146	0.00650	0.00350	0.00234	0.04612
25	0.01704	0.04214	0.04791	0.03575	0.04929	0.34310	0.01033	0.21937	0.13644	0.01953	0.01125	0.01196	0.00866	0.00576	0.00505	0.00149	0.01991	0.00416	0.00365	0.00719
26	0.01225	0.01478	0.07954	0.01840	0.02281	0.08870	0.52572	0.01599	0.01178	0.01573	0.01053	0.02636	0.00834	0.00608	0.03142	0.00190	0.05619	0.00560	0.04130	0.00658
27	0.00644	0.00473	0.00608	0.00706	0.00768	0.00437	0.00497	0.00756	0.01038	0.01357	0.04534	0.61324	0.14690	0.01533	0.00652	0.00205	0.00308	0.08566	0.00478	0.00426
28	0.05052	0.01284	0.05284	0.01642	0.02076	0.03858	0.46254	0.01527	0.01129	0.03546	0.01065	0.01482	0.00872	0.08370	0.00774	0.00190	0.02889	0.00539	0.00280	0.11886
29	0.01880	0.05620	0.01530	0.01271	0.01569	0.56353	0.00986	0.19327	0.01640	0.01710	0.00888	0.00997	0.00710	0.00555	0.00501	0.00139	0.02983	0.00362	0.00319	0.00661
30	0.00626	0.00453	0.00589	0.00697	0.00737	0.00420	0.00466	0.00717	0.00992	0.01310	0.02986	0.74249	0.09109	0.03146	0.00689	0.00211	0.00299	0.01416	0.00473	0.00416
31	0.00625	0.00447	0.00595	0.00714	0.00744	0.00417	0.00476	0.00714	0.00982	0.01310	0.02828	0.81633	0.03394	0.01608	0.00655	0.00208	0.00298	0.01459	0.00476	0.00417
32	0.00970	0.00724	0.00911	0.08601	0.01219	0.00763	0.00693	0.18375	0.01322	0.01760	0.02271	0.53147	0.02537	0.01267	0.00610	0.00193	0.00402	0.03235	0.00461	0.00538
33	0.00784	0.00578	0.01940	0.00662	0.00815	0.00498	0.00502	0.00967	0.03113	0.07227	0.14248	0.26039	0.36075	0.01277	0.00612	0.00182	0.00299	0.03200	0.00497	0.00484
34	0.02025	0.01318	0.01466	0.01124	0.01532	0.01415	0.00929	0.61331	0.02213	0.19240	0.01399	0.01340	0.00956	0.00620	0.00514	0.00155	0.00538	0.00473	0.00539	0.00873
35	0.01101	0.10337	0.68577	0.01394	0.02106	0.01290	0.01758	0.04807	0.01136	0.01652	0.00914	0.01064	0.00660	0.00488	0.00473	0.00157	0.00730	0.00372	0.00229	0.00753
36	0.00737	0.00505	0.00612	0.00613	0.00639	0.00513	0.00383	0.00791	0.00837	0.01141	0.09105	0.06821	0.02141	0.59186	0.13427	0.00498	0.00589	0.00768	0.00338	0.00354
37	0.00625	0.00449	0.00593	0.00708	0.00743	0.00417	0.00473	0.00715	0.00989	0.01312	0.02906	0.79123	0.05853	0.01597	0.00653	0.00207	0.00296	0.01446	0.00476	0.00417
38	0.00865	0.00446	0.00661	0.00673	0.00676	0.00443	0.00449	0.00673	0.00699	0.00932	0.01079	0.09337	0.01134	0.01766	0.01874	0.76828	0.00431	0.00544	0.00247	0.00242
39	0.01064	0.00912	0.01064	0.00760	0.01216	0.00684	0.00608	0.01292	0.01064	0.01672	0.00912	0.01064	0.00760	0.00380	0.00380	0.00076	0.00380	0.00304	0.00304	0.85104
40	0.02129	0.00848	0.01134	0.00886	0.01253	0.00749	0.00726	0.02379	0.04346	0.69114	0.05511	0.01856	0.01447	0.00655	0.00513	0.00158	0.00417	0.00536	0.04510	0.00835
41	0.00625	0.00447	0.00595	0.00714	0.00744	0.00417	0.00476	0.00714	0.00982	0.01310	0.02828	0.81633	0.03394	0.01608	0.00655	0.00208	0.00298	0.01459	0.00476	0.00417
42	0.00627	0.00452	0.00594	0.00704	0.00742	0.00419	0.00473	0.00722	0.01003	0.01332	0.04848	0.76130	0.06897	0.01579	0.00651	0.00206	0.00295	0.01428	0.00479	0.00419
43	0.00624	0.00450	0.00592	0.00706	0.00742	0.00418	0.00472	0.00715	0.00991	0.01313	0.02937	0.78121	0.06835	0.01593	0.00653	0.00207	0.00296	0.01441	0.00476	0.00418
44	0.01064	0.00912	0.01064	0.00760	0.01216	0.00684	0.00608	0.01292	0.01064	0.01672	0.00912	0.01064	0.00760	0.00380	0.00380	0.00076	0.00380	0.00304	0.00304	0.85104
45	0.00778	0.00527	0.00689	0.00666	0.00786	0.00484	0.00492	0.00989	0.01364	0.05464	0.59867	0.17073	0.06604	0.01133	0.00610	0.00170	0.00261	0.01004	0.00550	0.00489
46	0.02302	0.00873	0.01191	0.00913	0.01310	0.00754	0.00754	0.02501	0.01469	0.79122	0.02024	0.01746	0.01270	0.00635	0.00516	0.00159	0.00437	0.00516	0.00635	0.00873
47	0.83856	0.01002	0.00770	0.00685	0.01005	0.01160	0.00564	0.03076	0.00905	0.02321	0.00725	0.00842	0.00562	0.00479	0.00322	0.00159	0.00400	0.00282	0.00322	0.00562
48	0.01687	0.01764	0.01649	0.01821	0.24548	0.33558	0.01155	0.18972	0.05149	0.01872	0.01002	0.01148	0.00797	0.00542	0.00513	0.00147	0.02202	0.00412	0.00329	0.00732
49	0.01245	0.01188	0.02024	0.06368	0.73371	0.01198	0.01547	0.01549	0.01163	0.01657	0.01013	0.01403	0.00868	0.00487	0.00514	0.00156	0.00609	0.02589	0.00259	0.00793
50	0.00904	0.00638	0.00741	0.00662	0.00874	0.00569	0.00509	0.03272	0.04415	0.08552	0.27141	0.05643	0.33891	0.01037	0.00571	0.00159	0.00297	0.00880	0.00504	0.08740
51	0.00734	0.00545	0.00799	0.00799	0.00882	0.00627	0.00609	0.00900	0.00817	0.01172	0.01398	0.02146	0.01339	0.11436	0.72423	0.00793	0.01289	0.00569	0.00278	0.00444
52	0.03155	0.01448	0.01527	0.01285	0.06303	0.06313	0.00991	0.62921	0.03395	0.04356	0.01272	0.01289	0.02112	0.00611	0.00509	0.00153	0.00577	0.00464	0.00481	0.00839

[dist]
# distance from previous block
# <min> <max>
0	2

[block]
# block no. 5 follows, 48 sequences, length 16
# corresponding to MSA columns:
# 394-409
name=unknown_F
#
# <colnr> <probs for GDERKNQSTAVLIFYWHMCP>
#	G	D	E	R	K	N	Q	S	T	A	V	L	I	F	Y	W	H	M	C	P
