[name]
unknown

[dist]
# distance from previous block
# <min> <max>
3	503

[block]
# block no. 0 follows, 52 sequences, length 6
# corresponding to MSA columns:
# 592-597
name=unknown_A
#
# <colnr> <probs for GDERKNQSTAVLIFYWHMCP>
#	G	D	E	R	K	N	Q	S	T	A	V	L	I	F	Y	W	H	M	C	P
0	0.10066	0.02583	0.04869	0.32093	0.19943	0.03750	0.08685	0.02840	0.02493	0.02947	0.02322	0.01233	0.00768	0.00472	0.00465	0.00151	0.00600	0.00424	0.00258	0.03038
1	0.20441	0.01009	0.02584	0.04668	0.20358	0.06548	0.00859	0.07488	0.01047	0.01633	0.01116	0.05931	0.01062	0.13692	0.06064	0.00244	0.02071	0.02325	0.00298	0.00564
2	0.03286	0.02982	0.01483	0.45452	0.10649	0.01175	0.01196	0.10954	0.01142	0.03549	0.03537	0.01301	0.00822	0.00550	0.00604	0.00161	0.09841	0.00439	0.00274	0.00604
3	0.01194	0.01293	0.07842	0.06843	0.52154	0.05964	0.01372	0.01589	0.08657	0.01552	0.00981	0.01221	0.00801	0.00490	0.00550	0.00151	0.05935	0.00430	0.00259	0.00723
4	0.01088	0.08906	0.01568	0.47273	0.07869	0.01095	0.04658	0.03250	0.01050	0.06530	0.00976	0.03380	0.00772	0.00495	0.00462	0.00145	0.00580	0.00435	0.00263	0.09206
5	0.04244	0.04932	0.09383	0.16801	0.35185	0.01143	0.05435	0.04300	0.01074	0.03656	0.00947	0.01295	0.00782	0.05386	0.00625	0.00169	0.03288	0.00436	0.00254	0.00666

[dist]
# distance from previous block
# <min> <max>
10	53

[block]
# block no. 1 follows, 52 sequences, length 60
# corresponding to MSA columns:
# 658-707,711-720
name=unknown_B
#
# <colnr> <probs for GDERKNQSTAVLIFYWHMCP>
#	G	D	E	R	K	N	Q	S	T	A	V	L	I	F	Y	W	H	M	C	P
0	0.07707	0.11444	0.06845	0.05519	0.06926	0.04950	0.18063	0.06266	0.03573	0.09137	0.00994	0.01148	0.00757	0.00471	0.00488	0.00139	0.03432	0.00409	0.00301	0.11433
1	0.07682	0.03310	0.02354	0.06492	0.11540	0.00972	0.07180	0.11424	0.02484	0.09601	0.08127	0.01496	0.03217	0.00537	0.00466	0.00133	0.01442	0.00457	0.02327	0.18761
2	0.08402	0.05494	0.06468	0.09363	0.05660	0.04169	0.02911	0.12415	0.05019	0.12711	0.07559	0.01514	0.01170	0.01681	0.00564	0.00153	0.06049	0.02130	0.00366	0.06202
3	0.17178	0.00943	0.03008	0.09316	0.06353	0.00941	0.05994	0.11198	0.03118	0.12404	0.04096	0.12686	0.01266	0.00655	0.00465	0.00151	0.00456	0.00555	0.01729	0.07486
4	0.08685	0.03828	0.02421	0.06631	0.10626	0.08079	0.04429	0.14354	0.04797	0.10431	0.01085	0.02263	0.00833	0.00503	0.00455	0.00133	0.01717	0.00404	0.01316	0.17008
5	0.04475	0.01105	0.03571	0.06376	0.12792	0.05681	0.04183	0.15340	0.03664	0.16139	0.01564	0.01734	0.07983	0.00637	0.00559	0.00154	0.05823	0.03436	0.01690	0.03094
6	0.01449	0.02652	0.06754	0.03754	0.10237	0.02665	0.08989	0.10257	0.07059	0.21859	0.02298	0.01440	0.02788	0.00528	0.00470	0.00139	0.00505	0.00458	0.02709	0.12991
7	0.10957	0.00907	0.01153	0.01175	0.14582	0.01980	0.00789	0.08387	0.01252	0.21648	0.11436	0.05690	0.02763	0.00636	0.00507	0.00143	0.03430	0.00521	0.00416	0.11628
8	0.01200	0.06329	0.01385	0.08675	0.10328	0.02246	0.05759	0.15818	0.08202	0.04461	0.02783	0.07094	0.07476	0.00639	0.00477	0.00141	0.00476	0.01504	0.01862	0.13146
9	0.15162	0.02184	0.01311	0.03566	0.09095	0.02814	0.03290	0.25171	0.02499	0.13358	0.03433	0.01279	0.01929	0.00545	0.00488	0.00143	0.03637	0.00421	0.00394	0.09282
10	0.06167	0.01203	0.05539	0.04277	0.32123	0.04861	0.02582	0.13622	0.04690	0.05130	0.01104	0.04393	0.00913	0.00527	0.00465	0.00142	0.00534	0.01613	0.00322	0.09792
11	0.14465	0.01031	0.02319	0.12298	0.06558	0.05152	0.03841	0.11893	0.06840	0.09207	0.03951	0.06391	0.03446	0.01701	0.00502	0.00153	0.01629	0.00500	0.00365	0.07758
12	0.11107	0.03867	0.01329	0.03441	0.18608	0.01050	0.00874	0.16298	0.04836	0.04273	0.01070	0.02242	0.01999	0.00483	0.00421	0.00124	0.00455	0.00391	0.00335	0.26797
13	0.05895	0.01376	0.03698	0.09905	0.38542	0.17509	0.01213	0.07006	0.01219	0.04658	0.00914	0.01123	0.00728	0.00467	0.00458	0.00140	0.00619	0.00393	0.00275	0.03862
14	0.06958	0.01060	0.01356	0.04902	0.11101	0.01041	0.05297	0.20679	0.05968	0.06574	0.01064	0.01170	0.00808	0.00470	0.00435	0.00124	0.00474	0.00391	0.00356	0.29773
15	0.10165	0.01148	0.01192	0.00971	0.01287	0.04292	0.00786	0.45866	0.04177	0.05955	0.05605	0.08398	0.01296	0.00690	0.00483	0.00151	0.00474	0.03168	0.00454	0.03441
16	0.04070	0.01372	0.01356	0.03018	0.04759	0.11840	0.00902	0.47459	0.12753	0.02477	0.01277	0.01295	0.02554	0.00583	0.00473	0.00146	0.00545	0.00443	0.01928	0.00749
17	0.00674	0.00472	0.00573	0.00629	0.02278	0.00461	0.00377	0.00715	0.00802	0.01066	0.02022	0.27246	0.06014	0.50693	0.03578	0.00372	0.00423	0.00914	0.00347	0.00343
18	0.00661	0.00443	0.00590	0.00680	0.00726	0.00413	0.00462	0.00755	0.00959	0.04328	0.05291	0.73806	0.03137	0.03179	0.00652	0.00200	0.00291	0.02560	0.00455	0.00411
19	0.01233	0.58405	0.18638	0.01042	0.01524	0.01675	0.07250	0.01494	0.01013	0.02768	0.00763	0.00887	0.00640	0.00427	0.00366	0.00120	0.00581	0.00309	0.00217	0.00648
20	0.01199	0.01119	0.01911	0.06650	0.65743	0.01128	0.05403	0.01525	0.03552	0.03695	0.01011	0.01339	0.00840	0.00466	0.00490	0.00148	0.00578	0.02198	0.00261	0.00745
21	0.00814	0.00553	0.00770	0.00868	0.00980	0.00546	0.00742	0.01021	0.01106	0.04477	0.02552	0.13688	0.02773	0.01330	0.00657	0.00217	0.00427	0.65570	0.00453	0.00455
22	0.00984	0.00931	0.01577	0.62814	0.21793	0.01095	0.01380	0.01298	0.01001	0.01321	0.00873	0.01270	0.00675	0.00472	0.00483	0.00157	0.00629	0.00431	0.00221	0.00594
23	0.01862	0.00986	0.07715	0.01015	0.01408	0.00780	0.08636	0.02101	0.01312	0.60051	0.03221	0.03909	0.01268	0.00622	0.00504	0.00155	0.00472	0.02692	0.00522	0.00769
24	0.00962	0.00909	0.01538	0.68847	0.15930	0.01089	0.01369	0.01279	0.00991	0.01295	0.00870	0.01277	0.00666	0.00476	0.00484	0.00159	0.00634	0.00431	0.00219	0.00576
25	0.00590	0.00422	0.00562	0.00675	0.00703	0.00394	0.00450	0.00675	0.00928	0.01237	0.02671	0.82653	0.03205	0.01518	0.00619	0.00197	0.00281	0.01378	0.00450	0.00394
26	0.01680	0.01264	0.01508	0.04555	0.01617	0.01383	0.07169	0.57312	0.08823	0.06024	0.01242	0.01274	0.00891	0.00636	0.02199	0.00163	0.00559	0.00461	0.00455	0.00785
27	0.86392	0.00937	0.00712	0.00637	0.00937	0.01087	0.00525	0.01425	0.00825	0.02174	0.00675	0.00787	0.00525	0.00450	0.00300	0.00150	0.00375	0.00262	0.00300	0.00525
28	0.83121	0.00953	0.00741	0.00656	0.00959	0.01103	0.00540	0.04400	0.00881	0.02208	0.00694	0.00802	0.00536	0.00455	0.00307	0.00150	0.00381	0.00269	0.00307	0.00536
29	0.01077	0.01111	0.01672	0.16041	0.01839	0.04641	0.12186	0.01266	0.00867	0.01236	0.00731	0.01130	0.00652	0.00704	0.01195	0.00192	0.52249	0.00442	0.00219	0.00551
30	0.00705	0.00470	0.00529	0.00529	0.00529	0.00470	0.00294	0.00705	0.00705	0.00940	0.01527	0.03171	0.01762	0.82969	0.02467	0.00470	0.00470	0.00705	0.00294	0.00294
31	0.00915	0.00861	0.01453	0.81804	0.03338	0.01077	0.01346	0.01238	0.00969	0.01238	0.00861	0.01292	0.00646	0.00484	0.00484	0.00161	0.00646	0.00431	0.00215	0.00538
32	0.00805	0.00586	0.00878	0.04236	0.01122	0.00591	0.04019	0.00994	0.01059	0.01381	0.02256	0.05814	0.02423	0.01302	0.00781	0.08895	0.00465	0.61555	0.00404	0.00434
33	0.00586	0.00438	0.00546	0.00632	0.00692	0.00397	0.00431	0.00680	0.00969	0.01254	0.03187	0.64654	0.20870	0.01451	0.00608	0.00189	0.00273	0.01296	0.00450	0.00397
34	0.01810	0.02310	0.01373	0.01248	0.01498	0.81024	0.00936	0.01935	0.01373	0.01186	0.00749	0.00874	0.00624	0.00499	0.00437	0.00125	0.00874	0.00312	0.00250	0.00562
35	0.00972	0.02507	0.80458	0.01381	0.02097	0.01125	0.01790	0.01535	0.01023	0.01535	0.00870	0.01023	0.00614	0.00460	0.00460	0.00153	0.00716	0.00358	0.00205	0.00716
36	0.01276	0.01119	0.01855	0.07875	0.53778	0.01136	0.07420	0.04595	0.06864	0.07691	0.01078	0.01292	0.00844	0.00469	0.00489	0.00149	0.00571	0.00456	0.00294	0.00750
37	0.00605	0.00432	0.00579	0.00691	0.00726	0.00406	0.00475	0.00700	0.00942	0.01253	0.02663	0.76748	0.03173	0.01504	0.00622	0.00199	0.00294	0.07139	0.00450	0.00398
38	0.00692	0.00519	0.00779	0.00779	0.00865	0.00606	0.00606	0.00865	0.00779	0.01125	0.01298	0.01904	0.01211	0.03634	0.81049	0.00779	0.01298	0.00519	0.00260	0.00433
39	0.01220	0.01048	0.01104	0.00989	0.01266	0.01212	0.00771	0.04312	0.77310	0.02051	0.01954	0.01793	0.01464	0.00656	0.00493	0.00164	0.00387	0.00545	0.00493	0.00768
40	0.01048	0.00630	0.00672	0.03999	0.00855	0.00670	0.00489	0.11304	0.06921	0.01962	0.01525	0.01701	0.01180	0.00570	0.00375	0.00123	0.00295	0.00456	0.64696	0.00527
41	0.01491	0.05564	0.05292	0.03464	0.03825	0.04431	0.00927	0.36318	0.25802	0.02330	0.01329	0.01323	0.00987	0.00571	0.00470	0.00146	0.00505	0.00446	0.00427	0.04350
42	0.86392	0.00937	0.00712	0.00637	0.00937	0.01087	0.00525	0.01425	0.00825	0.02174	0.00675	0.00787	0.00525	0.00450	0.00300	0.00150	0.00375	0.00262	0.00300	0.00525
43	0.01433	0.20168	0.13411	0.01512	0.16889	0.07258	0.08609	0.06753	0.01206	0.14845	0.01025	0.01134	0.00772	0.00483	0.00471	0.00139	0.02481	0.00396	0.00305	0.00708
44	0.01150	0.24208	0.53445	0.01193	0.01802	0.01309	0.01450	0.01574	0.01040	0.07335	0.00895	0.01004	0.00660	0.00458	0.00422	0.00140	0.00640	0.00341	0.00235	0.00699
45	0.05445	0.00829	0.01109	0.00853	0.01225	0.00727	0.00705	0.02325	0.01365	0.77249	0.01864	0.01616	0.01173	0.00594	0.00480	0.00150	0.00411	0.00479	0.00588	0.00813
46	0.00658	0.00482	0.00664	0.00690	0.00731	0.00462	0.04231	0.00729	0.00859	0.01147	0.02182	0.50432	0.02571	0.30369	0.01272	0.00292	0.00375	0.01099	0.00384	0.00371
47	0.01418	0.27285	0.15060	0.07968	0.06253	0.17392	0.01091	0.04534	0.01161	0.10027	0.00905	0.01024	0.00703	0.00485	0.00447	0.00133	0.02840	0.00347	0.00272	0.00655
48	0.00718	0.00521	0.00722	0.00752	0.00830	0.00563	0.00570	0.03082	0.00896	0.01240	0.01794	0.20789	0.01907	0.10068	0.41772	0.00519	0.00845	0.10532	0.01456	0.00424
49	0.00703	0.00481	0.00558	0.00566	0.00593	0.00474	0.00354	0.00747	0.00812	0.01079	0.07548	0.03492	0.06112	0.65231	0.02064	0.00408	0.00438	0.07680	0.00333	0.00326
50	0.04798	0.01304	0.04459	0.05842	0.40644	0.07642	0.22529	0.01564	0.03613	0.01565	0.00938	0.01204	0.00750	0.00442	0.00494	0.00150	0.00659	0.00455	0.00251	0.00698
51	0.04816	0.09351	0.32971	0.01599	0.13851	0.12684	0.12136	0.01604	0.01103	0.04221	0.00884	0.01058	0.00673	0.00455	0.00456	0.00144	0.00688	0.00384	0.00240	0.00680
52	0.01292	0.45588	0.18357	0.01083	0.01528	0.08236	0.05070	0.07156	0.01116	0.01389	0.00770	0.00906	0.00642	0.00464	0.00442	0.00127	0.04631	0.00321	0.00233	0.00648
53	0.01025	0.00926	0.03406	0.00788	0.02635	0.00688	0.00635	0.02861	0.01034	0.01609	0.00869	0.01012	0.00718	0.00368	0.00367	0.00077	0.00377	0.00295	0.00288	0.80023
54	0.13003	0.06891	0.23495	0.01130	0.03663	0.03135	0.03577	0.15889	0.05403	0.15970	0.01164	0.02667	0.00847	0.00532	0.00446	0.00148	0.00547	0.00413	0.00363	0.00716
55	0.00749	0.00507	0.00706	0.00752	0.00832	0.00485	0.02761	0.00905	0.03680	0.06696	0.02473	0.64836	0.02821	0.01490	0.04576	0.00221	0.00366	0.04249	0.00446	0.00448
56	0.00709	0.00474	0.00542	0.00547	0.00553	0.00474	0.00319	0.00720	0.00726	0.00966	0.01581	0.03290	0.01815	0.78731	0.02373	0.00457	0.00469	0.04650	0.00302	0.00302
57	0.06817	0.49532	0.06200	0.01056	0.03732	0.19734	0.04157	0.01569	0.01075	0.01268	0.00721	0.00848	0.00625	0.00439	0.00363	0.00118	0.00614	0.00295	0.00225	0.00613
58	0.00906	0.00750	0.04904	0.00925	0.01118	0.00672	0.07967	0.01206	0.05646	0.07407	0.25239	0.13981	0.02822	0.01020	0.00617	0.00180	0.02776	0.20891	0.00449	0.00524
59	0.00692	0.00519	0.00775	0.00774	0.00861	0.00602	0.00602	0.00867	0.00796	0.01148	0.03536	0.01953	0.01307	0.03559	0.78752	0.00761	0.01268	0.00529	0.00267	0.00433

[dist]
# distance from previous block
# <min> <max>
0	4

[block]
# block no. 2 follows, 52 sequences, length 27
# corresponding to MSA columns:
# 725-751
name=unknown_C
#
# <colnr> <probs for GDERKNQSTAVLIFYWHMCP>
#	G	D	E	R	K	N	Q	S	T	A	V	L	I	F	Y	W	H	M	C	P
0	0.01093	0.01073	0.01483	0.01266	0.01282	0.01485	0.01054	0.04379	0.00806	0.01245	0.00658	0.01065	0.00644	0.00837	0.01544	0.00209	0.78687	0.00425	0.00223	0.00542
1	0.03435	0.06032	0.08294	0.03907	0.01334	0.00969	0.00822	0.07091	0.18532	0.30126	0.09482	0.01831	0.04718	0.00645	0.00483	0.00152	0.00430	0.00525	0.00475	0.00719
2	0.86392	0.00937	0.00712	0.00637	0.00937	0.01087	0.00525	0.01425	0.00825	0.02174	0.00675	0.00787	0.00525	0.00450	0.00300	0.00150	0.00375	0.00262	0.00300	0.00525
3	0.00695	0.00506	0.00714	0.00714	0.00779	0.00571	0.00525	0.00824	0.00760	0.01077	0.01357	0.02230	0.01353	0.24073	0.60804	0.00699	0.01085	0.00567	0.00268	0.00397
4	0.01080	0.01181	0.02463	0.20658	0.04368	0.01172	0.56934	0.01459	0.01098	0.01473	0.00987	0.03018	0.00767	0.00450	0.00550	0.00163	0.00761	0.00553	0.00242	0.00624
5	0.01116	0.02001	0.54367	0.06233	0.02038	0.01079	0.07999	0.04235	0.02408	0.08897	0.04317	0.01248	0.00868	0.00500	0.00480	0.00154	0.00660	0.00420	0.00274	0.00704
6	0.01144	0.01307	0.02859	0.02042	0.02533	0.01225	0.78186	0.01552	0.01144	0.01552	0.00980	0.01307	0.00735	0.00408	0.00572	0.00163	0.00817	0.00572	0.00245	0.00654
7	0.00833	0.00623	0.00813	0.00875	0.01011	0.00643	0.00743	0.01227	0.12703	0.01590	0.10911	0.04722	0.02790	0.01200	0.00633	0.00207	0.00413	0.57106	0.00463	0.00495
8	0.01469	0.01180	0.05208	0.05371	0.13972	0.01194	0.00990	0.36156	0.09848	0.07987	0.04612	0.07297	0.01221	0.00642	0.00497	0.00153	0.00499	0.00534	0.00427	0.00743
9	0.10048	0.01308	0.06013	0.04712	0.04257	0.12090	0.03343	0.08980	0.01068	0.04677	0.00848	0.02921	0.00729	0.00673	0.00943	0.00175	0.35926	0.00419	0.00276	0.00595
10	0.00842	0.00421	0.00631	0.00631	0.00631	0.00421	0.00421	0.00631	0.00631	0.00842	0.00842	0.01473	0.00842	0.01684	0.01894	0.85901	0.00421	0.00421	0.00210	0.00210
11	0.01005	0.00861	0.01005	0.00718	0.01148	0.00646	0.00574	0.01220	0.01005	0.01579	0.00861	0.01005	0.00718	0.00359	0.00359	0.00072	0.00359	0.00287	0.00287	0.85932
12	0.01015	0.03045	0.47190	0.03387	0.04802	0.01107	0.09283	0.01644	0.14129	0.01610	0.03948	0.04552	0.01023	0.00548	0.00487	0.00157	0.00626	0.00474	0.00280	0.00692
13	0.00930	0.00953	0.01912	0.06218	0.04081	0.00910	0.43122	0.01211	0.01053	0.01420	0.01590	0.31058	0.01634	0.00819	0.00581	0.00175	0.00604	0.00854	0.00318	0.00555
14	0.01005	0.00861	0.01005	0.00718	0.01148	0.00646	0.00574	0.01220	0.01005	0.01579	0.00861	0.01005	0.00718	0.00359	0.00359	0.00072	0.00359	0.00287	0.00287	0.85932
15	0.00733	0.00572	0.00678	0.00637	0.00757	0.03845	0.00477	0.00957	0.01372	0.01911	0.76372	0.03504	0.04406	0.00970	0.00566	0.00151	0.00256	0.00853	0.00522	0.00462
16	0.01532	0.21576	0.05658	0.05083	0.01579	0.45945	0.03835	0.01750	0.03986	0.01238	0.00791	0.00933	0.00659	0.00489	0.00452	0.00128	0.03199	0.00329	0.00243	0.00593
17	0.00965	0.00695	0.00879	0.00805	0.03326	0.00671	0.03662	0.06817	0.09308	0.09365	0.29475	0.04865	0.25370	0.00929	0.00548	0.00157	0.00324	0.00801	0.00486	0.00553
18	0.00903	0.00558	0.00633	0.00577	0.00777	0.00474	0.00445	0.01049	0.01187	0.17112	0.11620	0.03961	0.56746	0.01079	0.00556	0.00160	0.00277	0.00902	0.00488	0.00497
19	0.04082	0.00617	0.00687	0.00647	0.00848	0.00575	0.00506	0.01197	0.09280	0.13356	0.04817	0.07713	0.45641	0.01064	0.00551	0.00167	0.00308	0.06953	0.00473	0.00516
20	0.03148	0.03444	0.08042	0.09130	0.37805	0.12912	0.02289	0.06806	0.03994	0.06394	0.00985	0.01174	0.00770	0.00477	0.00467	0.00144	0.00615	0.00410	0.00284	0.00710
21	0.00833	0.00427	0.00640	0.00640	0.00645	0.00432	0.00432	0.00645	0.00640	0.00858	0.00868	0.01498	0.00863	0.01797	0.06508	0.80938	0.00472	0.00427	0.00213	0.00223
22	0.00595	0.00430	0.00563	0.00660	0.00701	0.00398	0.00446	0.00691	0.00965	0.01284	0.07487	0.73294	0.07755	0.01469	0.00613	0.00192	0.00276	0.01326	0.00455	0.00398
23	0.01173	0.01140	0.05562	0.17455	0.47907	0.02901	0.03670	0.02794	0.01106	0.05445	0.01050	0.05717	0.00890	0.00515	0.00490	0.00151	0.00585	0.00485	0.00268	0.00697
24	0.15788	0.17053	0.04043	0.01153	0.09143	0.07516	0.00894	0.23383	0.05956	0.09153	0.01036	0.01085	0.00780	0.00508	0.00416	0.00138	0.00520	0.00372	0.00360	0.00703
25	0.02180	0.00976	0.01531	0.29853	0.03378	0.04033	0.13492	0.01257	0.00956	0.01343	0.00997	0.06211	0.00872	0.00636	0.00774	0.00170	0.21644	0.00505	0.08651	0.00542
26	0.08203	0.02971	0.01300	0.01021	0.03401	0.07203	0.00808	0.41031	0.02864	0.02354	0.01008	0.01072	0.00761	0.00499	0.00429	0.00124	0.00498	0.00371	0.00387	0.23693

[dist]
# distance from previous block
# <min> <max>
0	1

[block]
# block no. 3 follows, 52 sequences, length 29
# corresponding to MSA columns:
# 754-782
name=unknown_D
#
# <colnr> <probs for GDERKNQSTAVLIFYWHMCP>
#	G	D	E	R	K	N	Q	S	T	A	V	L	I	F	Y	W	H	M	C	P
0	0.08932	0.01298	0.01383	0.01164	0.06085	0.05182	0.00900	0.55391	0.01946	0.11192	0.01169	0.01173	0.00827	0.00560	0.00467	0.00145	0.00526	0.00421	0.00456	0.00783
1	0.00736	0.00444	0.00605	0.00660	0.00692	0.00424	0.00444	0.00732	0.00840	0.03836	0.01992	0.46225	0.02289	0.09278	0.01168	0.25548	0.00349	0.03022	0.00369	0.00346
2	0.00867	0.00666	0.00828	0.06612	0.02486	0.00684	0.00608	0.01343	0.18576	0.04629	0.43505	0.03059	0.12442	0.00884	0.00543	0.00157	0.00308	0.00767	0.00488	0.00545
3	0.00678	0.00495	0.00637	0.00601	0.00719	0.00454	0.00451	0.00899	0.01353	0.01899	0.74427	0.03693	0.09864	0.01007	0.00572	0.00153	0.00230	0.00887	0.00528	0.00454
4	0.02174	0.00825	0.01125	0.00862	0.01237	0.00712	0.00712	0.02362	0.01387	0.80282	0.01912	0.01649	0.01200	0.00600	0.00487	0.00150	0.00412	0.00487	0.00600	0.00825
5	0.01296	0.83261	0.02539	0.00829	0.01244	0.01917	0.00829	0.01451	0.00985	0.01140	0.00674	0.00777	0.00622	0.00415	0.00311	0.00104	0.00518	0.00259	0.00207	0.00622
6	0.00691	0.00464	0.00533	0.00546	0.00550	0.00461	0.00313	0.00701	0.00732	0.00976	0.01666	0.12844	0.01937	0.73057	0.02242	0.00437	0.00447	0.00787	0.00313	0.00306
7	0.86392	0.00937	0.00712	0.00637	0.00937	0.01087	0.00525	0.01425	0.00825	0.02174	0.00675	0.00787	0.00525	0.00450	0.00300	0.00150	0.00375	0.00262	0.00300	0.00525
8	0.00903	0.00452	0.00452	0.00452	0.00565	0.00452	0.00339	0.01129	0.01016	0.01807	0.01581	0.01807	0.01242	0.00565	0.00339	0.00113	0.00226	0.00452	0.85659	0.00452
9	0.86392	0.00937	0.00712	0.00637	0.00937	0.01087	0.00525	0.01425	0.00825	0.02174	0.00675	0.00787	0.00525	0.00450	0.00300	0.00150	0.00375	0.00262	0.00300	0.00525
10	0.01372	0.63552	0.06939	0.00936	0.01341	0.14711	0.00905	0.03205	0.01078	0.01213	0.00708	0.00816	0.00626	0.00435	0.00344	0.00111	0.00588	0.00277	0.00220	0.00622
11	0.07134	0.00831	0.01100	0.00849	0.01219	0.00734	0.00701	0.02306	0.01354	0.75682	0.01839	0.01599	0.01160	0.00591	0.00476	0.00150	0.00410	0.00474	0.00582	0.00807
12	0.01087	0.01057	0.08978	0.38281	0.09983	0.01021	0.06769	0.04183	0.05130	0.07808	0.01179	0.06869	0.00966	0.02630	0.00545	0.00167	0.00586	0.00516	0.01630	0.00614
13	0.00600	0.00446	0.00560	0.00629	0.00696	0.00406	0.00434	0.00712	0.01025	0.01350	0.13823	0.55980	0.18796	0.01386	0.00603	0.00184	0.00267	0.01237	0.00461	0.00406
14	0.02143	0.00875	0.01156	0.00886	0.01262	0.00787	0.00732	0.09526	0.01471	0.72999	0.01841	0.01604	0.01164	0.00598	0.00487	0.00150	0.00424	0.00483	0.00589	0.00825
15	0.01184	0.00993	0.01648	0.23909	0.45557	0.01037	0.01296	0.01467	0.01115	0.09448	0.06705	0.01445	0.01054	0.00503	0.00488	0.00150	0.00553	0.00469	0.00291	0.00689
16	0.03072	0.01564	0.01398	0.07045	0.04404	0.25627	0.00954	0.37480	0.09945	0.02178	0.01084	0.01148	0.00813	0.00550	0.00468	0.00142	0.00628	0.00407	0.00383	0.00711
17	0.00784	0.00516	0.00670	0.00623	0.00756	0.00471	0.00470	0.00998	0.01342	0.07556	0.66986	0.06238	0.08746	0.00994	0.00567	0.00154	0.00245	0.00874	0.00530	0.00479
18	0.01307	0.01250	0.08727	0.02491	0.60123	0.02851	0.01388	0.01602	0.01135	0.11147	0.01025	0.01227	0.00802	0.00455	0.00475	0.00144	0.00570	0.00426	0.00282	0.02571
19	0.01643	0.02058	0.01747	0.01448	0.01758	0.60956	0.20363	0.01839	0.01316	0.01278	0.00807	0.00983	0.00652	0.00477	0.00471	0.00135	0.00860	0.00377	0.00249	0.00585
20	0.01162	0.01196	0.06381	0.09633	0.62909	0.01147	0.01439	0.01549	0.06881	0.01583	0.00984	0.01243	0.00801	0.00455	0.00480	0.00148	0.00576	0.00436	0.00255	0.00745
21	0.00829	0.00587	0.00729	0.00688	0.00812	0.00534	0.00507	0.01020	0.01422	0.02041	0.73654	0.03633	0.04418	0.01038	0.00609	0.00173	0.00275	0.00882	0.05626	0.00523
22	0.00772	0.00546	0.00690	0.00661	0.00667	0.00610	0.00437	0.00768	0.00704	0.00969	0.01293	0.02556	0.01440	0.54816	0.07631	0.12632	0.11602	0.00613	0.00268	0.00323
23	0.01842	0.01357	0.01454	0.01115	0.01503	0.01503	0.00921	0.78330	0.02278	0.03054	0.01163	0.01163	0.00824	0.00582	0.00485	0.00145	0.00533	0.00436	0.00485	0.00824
24	0.00637	0.00466	0.00546	0.00577	0.00635	0.00442	0.00379	0.00706	0.00879	0.01134	0.02731	0.25352	0.23000	0.32922	0.07143	0.00335	0.00418	0.00962	0.00376	0.00362
25	0.01296	0.83261	0.02539	0.00829	0.01244	0.01917	0.00829	0.01451	0.00985	0.01140	0.00674	0.00777	0.00622	0.00415	0.00311	0.00104	0.00518	0.00259	0.00207	0.00622
26	0.00590	0.00422	0.00562	0.00675	0.00703	0.00394	0.00450	0.00675	0.00928	0.01237	0.02671	0.82653	0.03205	0.01518	0.00619	0.00197	0.00281	0.01378	0.00450	0.00394
27	0.00793	0.00632	0.03652	0.00731	0.00904	0.00538	0.05131	0.01039	0.01338	0.05745	0.66093	0.03324	0.06322	0.00925	0.00563	0.00153	0.00291	0.00825	0.00505	0.00495
28	0.01975	0.01144	0.01322	0.01014	0.01396	0.01186	0.00837	0.47915	0.01922	0.33974	0.01463	0.01358	0.00974	0.00589	0.00486	0.00147	0.00485	0.00457	0.00531	0.00824

[dist]
# distance from previous block
# <min> <max>
0	2

[block]
# block no. 4 follows, 52 sequences, length 47
# corresponding to MSA columns:
# 785-831
name=unknown_E
#
# <colnr> <probs for GDERKNQSTAVLIFYWHMCP>
#	G	D	E	R	K	N	Q	S	T	A	V	L	I	F	Y	W	H	M	C	P
0	0.01443	0.10373	0.02605	0.06867	0.10348	0.26669	0.00985	0.09537	0.07695	0.03689	0.00978	0.01132	0.00784	0.00547	0.00563	0.00143	0.09535	0.00386	0.05087	0.00633
1	0.01471	0.48891	0.03607	0.00908	0.01271	0.13756	0.00831	0.01635	0.01120	0.14190	0.03604	0.01124	0.02502	0.00507	0.00411	0.00121	0.02773	0.00348	0.00294	0.00636
2	0.01040	0.03879	0.01074	0.00734	0.01162	0.00718	0.00594	0.03507	0.01042	0.01607	0.00863	0.01001	0.00717	0.00368	0.00361	0.00075	0.00370	0.00290	0.00290	0.80308
3	0.18249	0.05677	0.03709	0.01008	0.01379	0.05230	0.00853	0.48039	0.04615	0.05124	0.01067	0.01091	0.00775	0.00543	0.00437	0.00144	0.00514	0.00390	0.00418	0.00737
4	0.00683	0.00495	0.00644	0.00607	0.00722	0.00456	0.00455	0.00910	0.01366	0.01930	0.78096	0.03642	0.06175	0.00996	0.00572	0.00153	0.00229	0.00880	0.00532	0.00456
5	0.00586	0.00491	0.00509	0.00504	0.00662	0.00415	0.00378	0.00720	0.01135	0.01381	0.13408	0.04545	0.71206	0.01200	0.00573	0.00162	0.00244	0.01006	0.00459	0.00415
6	0.02119	0.00865	0.02407	0.00875	0.01252	0.00743	0.00733	0.05006	0.01412	0.74992	0.03154	0.01655	0.01233	0.00603	0.00488	0.00150	0.00418	0.00490	0.00588	0.00817
7	0.03375	0.00491	0.00505	0.00485	0.00621	0.00487	0.00370	0.01222	0.01036	0.07229	0.01578	0.01767	0.01219	0.00564	0.00348	0.00117	0.00243	0.00449	0.77412	0.00479
8	0.01428	0.59617	0.03851	0.00954	0.01331	0.23357	0.00878	0.01584	0.01091	0.01161	0.00698	0.00809	0.00622	0.00439	0.00348	0.00110	0.00619	0.00276	0.00219	0.00608
9	0.00781	0.00558	0.00781	0.00892	0.01004	0.00558	0.00781	0.01004	0.01116	0.01450	0.02566	0.05466	0.02789	0.01339	0.00669	0.00223	0.00446	0.76685	0.00446	0.00446
10	0.02011	0.01086	0.01287	0.00986	0.01368	0.01100	0.00815	0.39669	0.01825	0.42356	0.01544	0.01411	0.01015	0.00591	0.00486	0.00148	0.00472	0.00462	0.00543	0.00824
11	0.01558	0.07453	0.01517	0.06338	0.07874	0.48292	0.01012	0.01709	0.01195	0.03841	0.00784	0.00976	0.00658	0.00548	0.00628	0.00143	0.14291	0.00350	0.00249	0.00585
12	0.01095	0.00929	0.00999	0.00915	0.01152	0.01053	0.00704	0.02228	0.63762	0.01951	0.10619	0.07633	0.03319	0.00764	0.00512	0.00165	0.00357	0.00650	0.00494	0.00701
13	0.01056	0.00884	0.01018	0.00741	0.01156	0.00706	0.00593	0.05676	0.03385	0.01683	0.00932	0.01060	0.00761	0.00386	0.00370	0.00080	0.00366	0.00308	0.02685	0.76155
14	0.00590	0.00422	0.00562	0.00675	0.00703	0.00394	0.00450	0.00675	0.00928	0.01237	0.02671	0.82653	0.03205	0.01518	0.00619	0.00197	0.00281	0.01378	0.00450	0.00394
15	0.11406	0.19690	0.30584	0.02430	0.01500	0.02399	0.01093	0.02959	0.01057	0.05895	0.06110	0.05193	0.01036	0.00540	0.00418	0.00138	0.00535	0.00414	0.00284	0.06319
16	0.01624	0.14829	0.01565	0.01078	0.04253	0.02782	0.00872	0.44334	0.08000	0.06992	0.01149	0.01163	0.00851	0.00535	0.00445	0.00134	0.00504	0.00404	0.00416	0.08071
17	0.04828	0.03949	0.03736	0.01096	0.04729	0.01262	0.00881	0.48647	0.01850	0.16319	0.03104	0.03469	0.01032	0.02223	0.00516	0.00153	0.00498	0.00471	0.00467	0.00771
18	0.01859	0.01277	0.01399	0.01075	0.01456	0.01388	0.00887	0.67718	0.02154	0.12250	0.02820	0.01270	0.00944	0.00592	0.00487	0.00146	0.00513	0.00451	0.00499	0.00817
19	0.00710	0.00501	0.00626	0.00590	0.00719	0.00455	0.00444	0.00919	0.01313	0.03801	0.61889	0.03699	0.17797	0.01009	0.00562	0.00153	0.00236	0.00879	0.03239	0.00458
20	0.01313	0.76611	0.02448	0.00864	0.01257	0.05717	0.00842	0.01465	0.00995	0.01143	0.00676	0.00791	0.00622	0.00433	0.00360	0.00108	0.03261	0.00267	0.00209	0.00616
21	0.00885	0.00540	0.00712	0.00644	0.00793	0.00491	0.00491	0.01109	0.01374	0.12449	0.69260	0.03356	0.04120	0.00938	0.00560	0.00152	0.00253	0.00824	0.00542	0.00507
22	0.02126	0.00846	0.01131	0.00873	0.01244	0.00751	0.00719	0.04127	0.04678	0.75202	0.01897	0.01645	0.01203	0.00602	0.00488	0.00150	0.00414	0.00489	0.00593	0.00822
23	0.00666	0.00495	0.00620	0.00589	0.00712	0.00449	0.00442	0.00876	0.01325	0.01831	0.66488	0.03804	0.17845	0.01032	0.00572	0.00154	0.00232	0.00902	0.00519	0.00449
24	0.00710	0.00476	0.00546	0.00554	0.00561	0.00476	0.00327	0.00725	0.00733	0.00975	0.01599	0.03330	0.01833	0.77339	0.02343	0.00453	0.00468	0.05945	0.00304	0.00304
25	0.00993	0.00538	0.00547	0.00515	0.00654	0.00552	0.00394	0.08490	0.01137	0.01926	0.01541	0.01745	0.01202	0.00566	0.00353	0.00116	0.00255	0.00450	0.77538	0.00487
26	0.00590	0.00422	0.00562	0.00675	0.00703	0.00394	0.00450	0.00675	0.00928	0.01237	0.02671	0.82653	0.03205	0.01518	0.00619	0.00197	0.00281	0.01378	0.00450	0.00394
27	0.01865	0.01321	0.01432	0.01098	0.01484	0.01448	0.00907	0.73091	0.02217	0.08380	0.01215	0.01197	0.00850	0.00583	0.00485	0.00146	0.00525	0.00440	0.00493	0.00824
28	0.00590	0.00422	0.00562	0.00675	0.00703	0.00394	0.00450	0.00675	0.00928	0.01237	0.02671	0.82653	0.03205	0.01518	0.00619	0.00197	0.00281	0.01378	0.00450	0.00394
29	0.00781	0.00558	0.00781	0.00892	0.01004	0.00558	0.00781	0.01004	0.01116	0.01450	0.02566	0.05466	0.02789	0.01339	0.00669	0.00223	0.00446	0.76685	0.00446	0.00446
30	0.86392	0.00937	0.00712	0.00637	0.00937	0.01087	0.00525	0.01425	0.00825	0.02174	0.00675	0.00787	0.00525	0.00450	0.00300	0.00150	0.00375	0.00262	0.00300	0.00525
31	0.01119	0.00956	0.01018	0.00922	0.01173	0.01086	0.00714	0.02305	0.66917	0.01984	0.10566	0.02141	0.05532	0.00721	0.00505	0.00163	0.00360	0.00606	0.00495	0.00716
32	0.01632	0.30389	0.01778	0.01103	0.01410	0.53584	0.00899	0.01767	0.01238	0.01170	0.00723	0.00840	0.00623	0.00470	0.00393	0.00117	0.00751	0.00294	0.00235	0.00583
33	0.00696	0.00503	0.00699	0.00699	0.00758	0.00562	0.00506	0.00814	0.00755	0.01066	0.01371	0.02307	0.01387	0.28877	0.56046	0.00680	0.01035	0.00578	0.00270	0.00388
34	0.14517	0.00971	0.01171	0.00874	0.01272	0.00888	0.06329	0.11385	0.01175	0.07346	0.00950	0.01060	0.00735	0.00431	0.00412	0.00108	0.01853	0.00340	0.00332	0.47852
35	0.01748	0.02956	0.01431	0.06218	0.05693	0.10787	0.00942	0.44889	0.05745	0.12909	0.01214	0.01229	0.00866	0.00561	0.00476	0.00145	0.00559	0.00430	0.00438	0.00765
36	0.00697	0.00501	0.00686	0.00686	0.00740	0.00555	0.00490	0.00806	0.00751	0.01056	0.01383	0.02374	0.01416	0.33047	0.51916	0.00664	0.00991	0.00588	0.00272	0.00381
37	0.00587	0.00435	0.00549	0.00640	0.00694	0.00397	0.00434	0.00679	0.00961	0.01251	0.03096	0.67840	0.17744	0.01463	0.00610	0.00191	0.00274	0.01310	0.00450	0.00397
38	0.01173	0.01475	0.22322	0.09797	0.20033	0.02739	0.21314	0.01552	0.01103	0.07797	0.01025	0.01252	0.00764	0.00460	0.00491	0.00152	0.00656	0.00452	0.04758	0.00686
39	0.00972	0.02507	0.80458	0.01381	0.02097	0.01125	0.01790	0.01535	0.01023	0.01535	0.00870	0.01023	0.00614	0.00460	0.00460	0.00153	0.00716	0.00358	0.00205	0.00716
40	0.02158	0.00850	0.01141	0.00874	0.01250	0.00750	0.00722	0.06025	0.01430	0.76558	0.01876	0.01626	0.01181	0.00599	0.00487	0.00150	0.00418	0.00485	0.00594	0.00825
41	0.01194	0.01223	0.01389	0.04506	0.03671	0.18230	0.05647	0.01350	0.00997	0.03895	0.06316	0.03513	0.01068	0.02932	0.04689	0.00210	0.36366	0.00480	0.01784	0.00541
42	0.00915	0.00861	0.01453	0.81804	0.03338	0.01077	0.01346	0.01238	0.00969	0.01238	0.00861	0.01292	0.00646	0.00484	0.00484	0.00161	0.00646	0.00431	0.00215	0.00538
43	0.00674	0.00495	0.00631	0.00597	0.00717	0.00452	0.00448	0.00891	0.01343	0.01875	0.71670	0.03732	0.12635	0.01016	0.00572	0.00154	0.00230	0.00892	0.00525	0.00452
44	0.00590	0.00422	0.00562	0.00675	0.00703	0.00394	0.00450	0.00675	0.00928	0.01237	0.02671	0.82653	0.03205	0.01518	0.00619	0.00197	0.00281	0.01378	0.00450	0.00394
45	0.01148	0.01099	0.01866	0.12287	0.68663	0.01122	0.01440	0.01436	0.01087	0.01535	0.01015	0.01305	0.02912	0.00460	0.00483	0.00147	0.00575	0.00448	0.00243	0.00731
46	0.01020	0.00852	0.00993	0.00733	0.01126	0.00676	0.00583	0.05796	0.01102	0.01678	0.05944	0.04156	0.01059	0.00455	0.00389	0.00086	0.00358	0.00373	0.00320	0.72301

[dist]
# distance from previous block
# <min> <max>
0	36

[block]
# block no. 5 follows, 52 sequences, length 17
# corresponding to MSA columns:
# 868-884
name=unknown_F
#
# <colnr> <probs for GDERKNQSTAVLIFYWHMCP>
#	G	D	E	R	K	N	Q	S	T	A	V	L	I	F	Y	W	H	M	C	P
0	0.26027	0.01083	0.01159	0.19623	0.01696	0.03870	0.00863	0.27060	0.05620	0.02188	0.01006	0.01147	0.00749	0.00521	0.00422	0.00149	0.00499	0.00387	0.05294	0.00638
1	0.86392	0.00937	0.00712	0.00637	0.00937	0.01087	0.00525	0.01425	0.00825	0.02174	0.00675	0.00787	0.00525	0.00450	0.00300	0.00150	0.00375	0.00262	0.00300	0.00525
2	0.00861	0.00448	0.00643	0.00642	0.00672	0.00438	0.00442	0.00721	0.00722	0.03965	0.01279	0.05001	0.05567	0.03903	0.01679	0.68326	0.00408	0.03759	0.00261	0.00265
3	0.00607	0.00433	0.00581	0.00694	0.00729	0.00408	0.00478	0.00703	0.00944	0.01255	0.02662	0.75982	0.03169	0.01503	0.00623	0.00199	0.00295	0.07886	0.00450	0.00398
4	0.00664	0.00432	0.00591	0.00655	0.00689	0.00409	0.00444	0.00697	0.00918	0.01240	0.12870	0.52206	0.02825	0.01485	0.00919	0.20809	0.00308	0.01078	0.00404	0.00358
5	0.00583	0.00491	0.00504	0.00501	0.00661	0.00413	0.00376	0.00714	0.01128	0.01364	0.11373	0.04574	0.73252	0.01207	0.00573	0.00163	0.00244	0.01010	0.00457	0.00413
6	0.02160	0.00847	0.01138	0.00873	0.01248	0.00745	0.00721	0.05549	0.01424	0.77041	0.01880	0.01629	0.01184	0.00599	0.00487	0.00150	0.00417	0.00485	0.00595	0.00825
7	0.00972	0.02507	0.80458	0.01381	0.02097	0.01125	0.01790	0.01535	0.01023	0.01535	0.00870	0.01023	0.00614	0.00460	0.00460	0.00153	0.00716	0.00358	0.00205	0.00716
8	0.00686	0.00495	0.00648	0.00610	0.00724	0.00457	0.00457	0.00914	0.01372	0.01943	0.79691	0.03620	0.04572	0.00991	0.00572	0.00152	0.00229	0.00876	0.00533	0.00457
9	0.01111	0.01089	0.01938	0.25430	0.47725	0.01140	0.11630	0.01425	0.01070	0.01480	0.00906	0.01240	0.00728	0.00444	0.00493	0.00152	0.00628	0.00450	0.00234	0.00687
10	0.01842	0.01357	0.01454	0.01115	0.01503	0.01503	0.00921	0.78330	0.02278	0.03054	0.01163	0.01163	0.00824	0.00582	0.00485	0.00145	0.00533	0.00436	0.00485	0.00824
11	0.00915	0.00861	0.01453	0.81804	0.03338	0.01077	0.01346	0.01238	0.00969	0.01238	0.00861	0.01292	0.00646	0.00484	0.00484	0.00161	0.00646	0.00431	0.00215	0.00538
12	0.00667	0.00454	0.00540	0.00576	0.00586	0.00445	0.00345	0.00695	0.00778	0.01037	0.01901	0.29196	0.02234	0.56299	0.01861	0.00380	0.00408	0.00925	0.00345	0.00326
13	0.01284	0.69735	0.02269	0.00838	0.01217	0.01703	0.00818	0.01449	0.01020	0.05310	0.00949	0.01346	0.00894	0.00527	0.00360	0.00119	0.00505	0.08789	0.00254	0.00613
14	0.07702	0.00916	0.01163	0.05080	0.01352	0.00815	0.05097	0.03851	0.01057	0.08433	0.00942	0.01084	0.00741	0.00430	0.00455	0.00104	0.04848	0.00339	0.00311	0.55279
15	0.10720	0.01774	0.09975	0.05556	0.05804	0.35795	0.01016	0.12419	0.07196	0.03923	0.00951	0.01053	0.00729	0.00511	0.00442	0.00140	0.00678	0.00364	0.00309	0.00644
16	0.10607	0.07943	0.01317	0.01064	0.01349	0.37151	0.00833	0.07665	0.24142	0.01672	0.01125	0.01153	0.00879	0.00540	0.00433	0.00139	0.00624	0.00381	0.00341	0.00642

[dist]
# distance from previous block
# <min> <max>
0	1

[block]
# block no. 6 follows, 52 sequences, length 21
# corresponding to MSA columns:
# 903-923
name=unknown_G
#
# <colnr> <probs for GDERKNQSTAVLIFYWHMCP>
#	G	D	E	R	K	N	Q	S	T	A	V	L	I	F	Y	W	H	M	C	P
0	0.67408	0.04433	0.05968	0.00823	0.01169	0.02785	0.06977	0.01470	0.00891	0.03383	0.00735	0.00861	0.00565	0.00449	0.00339	0.00149	0.00449	0.00299	0.00290	0.00557
1	0.66451	0.00932	0.00905	0.00768	0.01057	0.01055	0.05413	0.01436	0.00907	0.06290	0.05943	0.01066	0.00846	0.00512	0.00412	0.00154	0.04642	0.00343	0.00323	0.00545
2	0.02055	0.01001	0.06128	0.00928	0.01326	0.00844	0.00808	0.12470	0.01483	0.65031	0.01747	0.01545	0.01113	0.00589	0.00485	0.00150	0.00448	0.00472	0.00560	0.00818
3	0.05761	0.54694	0.01984	0.00819	0.01181	0.01592	0.00762	0.09584	0.05365	0.01502	0.05250	0.01340	0.07359	0.00544	0.00374	0.00121	0.00468	0.00388	0.00294	0.00620
4	0.00917	0.00733	0.00868	0.00685	0.00998	0.00578	0.00525	0.01096	0.01015	0.03536	0.06563	0.12446	0.05654	0.05773	0.00554	0.00126	0.00342	0.00543	0.00342	0.56708
5	0.01287	0.16103	0.14393	0.08236	0.08491	0.20195	0.06477	0.02858	0.05914	0.01422	0.00889	0.01051	0.00710	0.00461	0.00432	0.00130	0.00646	0.00363	0.00254	0.09689
6	0.02453	0.06700	0.05444	0.03624	0.26147	0.04253	0.04191	0.10775	0.02955	0.11801	0.01123	0.01352	0.00885	0.00504	0.00459	0.00136	0.00533	0.03311	0.00332	0.13022
7	0.00705	0.00470	0.00529	0.00529	0.00529	0.00470	0.00294	0.00705	0.00705	0.00940	0.01527	0.03171	0.01762	0.82969	0.02467	0.00470	0.00470	0.00705	0.00294	0.00294
8	0.01025	0.00758	0.00850	0.00756	0.00952	0.00784	0.00585	0.21803	0.07728	0.02024	0.22450	0.12803	0.15235	0.02125	0.00560	0.00162	0.00339	0.01895	0.06605	0.00562
9	0.03375	0.04680	0.14985	0.03831	0.39037	0.03208	0.01296	0.05729	0.01198	0.16410	0.01085	0.01219	0.00808	0.00479	0.00466	0.00145	0.00569	0.00416	0.00314	0.00750
10	0.02111	0.00839	0.01123	0.00870	0.01239	0.00745	0.00716	0.02376	0.06484	0.75148	0.01916	0.01660	0.01218	0.00604	0.00488	0.00151	0.00410	0.00491	0.00593	0.00821
11	0.00623	0.00468	0.00576	0.00601	0.00698	0.00422	0.00431	0.00773	0.01146	0.01528	0.32966	0.31631	0.23892	0.01238	0.00588	0.00171	0.00251	0.01091	0.00482	0.00422
12	0.01238	0.02061	0.09284	0.06275	0.15547	0.01978	0.02411	0.09652	0.04057	0.11036	0.01409	0.01542	0.03171	0.00547	0.00437	0.00138	0.00451	0.00457	0.27669	0.00643
13	0.08158	0.13838	0.25953	0.04847	0.15679	0.01297	0.12036	0.09711	0.01164	0.01690	0.00878	0.01064	0.00676	0.00454	0.00448	0.00145	0.00626	0.00390	0.00255	0.00691
14	0.00603	0.00429	0.00568	0.00675	0.00704	0.00403	0.00453	0.00688	0.00923	0.01229	0.02607	0.75711	0.03114	0.05822	0.00718	0.00212	0.00297	0.04011	0.00441	0.00390
15	0.86392	0.00937	0.00712	0.00637	0.00937	0.01087	0.00525	0.01425	0.00825	0.02174	0.00675	0.00787	0.00525	0.00450	0.00300	0.00150	0.00375	0.00262	0.00300	0.00525
16	0.00746	0.00517	0.00575	0.00566	0.00588	0.00530	0.00332	0.00858	0.07111	0.01029	0.01563	0.03060	0.01739	0.76240	0.02305	0.00445	0.00463	0.00692	0.00310	0.00332
17	0.01401	0.05676	0.07958	0.01359	0.12548	0.04057	0.06786	0.14548	0.20965	0.12112	0.02806	0.01536	0.03837	0.00615	0.01487	0.00158	0.00528	0.00489	0.00400	0.00734
18	0.01041	0.00769	0.00913	0.00827	0.01018	0.00781	0.01651	0.23406	0.03733	0.03120	0.07910	0.39052	0.05157	0.01063	0.00552	0.00167	0.00369	0.01935	0.00457	0.06080
19	0.01094	0.05350	0.08217	0.01428	0.23153	0.00922	0.00956	0.09223	0.02464	0.05963	0.31309	0.02231	0.02300	0.00699	0.00510	0.00149	0.00433	0.02563	0.00401	0.00637
20	0.06907	0.01011	0.01228	0.11579	0.09262	0.01109	0.00874	0.34298	0.03303	0.03305	0.01363	0.14115	0.01246	0.07430	0.00655	0.00183	0.00492	0.00597	0.00394	0.00650

[dist]
# distance from previous block
# <min> <max>
2	29

[block]
# block no. 7 follows, 52 sequences, length 14
# corresponding to MSA columns:
# 953-966
name=unknown_H
#
# <colnr> <probs for GDERKNQSTAVLIFYWHMCP>
#	G	D	E	R	K	N	Q	S	T	A	V	L	I	F	Y	W	H	M	C	P
0	0.01175	0.05070	0.19182	0.00884	0.01192	0.00843	0.00837	0.04240	0.08021	0.17160	0.05844	0.02170	0.01465	0.25972	0.01093	0.00251	0.00498	0.03143	0.00373	0.00588
1	0.01530	0.01236	0.01599	0.07647	0.26886	0.01341	0.01126	0.43520	0.06252	0.02387	0.01107	0.01222	0.00831	0.00531	0.00484	0.00147	0.00547	0.00441	0.00387	0.00782
2	0.01816	0.02143	0.01387	0.01225	0.01499	0.67108	0.00934	0.15304	0.01532	0.01513	0.00822	0.00925	0.00659	0.00514	0.00445	0.00128	0.00814	0.00334	0.00291	0.00608
3	0.01368	0.01038	0.01608	0.05580	0.46192	0.01027	0.01175	0.08424	0.01267	0.15498	0.06905	0.01448	0.01121	0.00514	0.00483	0.00143	0.00510	0.00468	0.00348	0.04885
4	0.00768	0.00577	0.00805	0.00883	0.00968	0.00614	0.00739	0.00954	0.01033	0.01372	0.02351	0.18408	0.02593	0.01438	0.04645	0.00245	0.07736	0.53010	0.00417	0.00444
5	0.00739	0.00467	0.00515	0.00515	0.00535	0.00467	0.00302	0.00779	0.00759	0.01091	0.01536	0.02932	0.01671	0.68548	0.02094	0.00407	0.00427	0.00660	0.15233	0.00321
6	0.00700	0.00501	0.00589	0.00587	0.00668	0.00480	0.00405	0.00800	0.00988	0.03166	0.15330	0.16363	0.24198	0.26296	0.01189	0.00261	0.03261	0.00908	0.02915	0.00394
7	0.00735	0.00550	0.00684	0.00737	0.00824	0.00558	0.00532	0.01056	0.14695	0.01439	0.09356	0.49529	0.04206	0.01308	0.00657	0.04304	0.00315	0.07601	0.00453	0.00461
8	0.00679	0.00464	0.00547	0.00576	0.00631	0.00441	0.00383	0.00749	0.00903	0.01213	0.06975	0.21742	0.15870	0.31529	0.01335	0.04399	0.00352	0.04194	0.06659	0.00361
9	0.01149	0.07051	0.12012	0.04862	0.01308	0.00934	0.00878	0.05873	0.03334	0.15182	0.01311	0.05066	0.01104	0.04092	0.27520	0.00374	0.06525	0.00500	0.00332	0.00593
10	0.00669	0.00472	0.00547	0.00570	0.00611	0.00456	0.00364	0.00719	0.00833	0.01082	0.02345	0.15316	0.15673	0.50285	0.03277	0.00367	0.00417	0.05304	0.00352	0.00340
11	0.01016	0.00992	0.01722	0.27839	0.28443	0.01044	0.14242	0.01358	0.04247	0.01449	0.01479	0.01730	0.11190	0.00559	0.00510	0.00156	0.00588	0.00538	0.00271	0.00627
12	0.01067	0.00998	0.01675	0.09599	0.59249	0.01012	0.01293	0.01323	0.01061	0.01492	0.01215	0.15462	0.01183	0.00627	0.00504	0.00155	0.00530	0.00597	0.00274	0.00682
13	0.05220	0.01089	0.04533	0.03635	0.32293	0.01050	0.15157	0.07084	0.05715	0.02733	0.01312	0.15488	0.01220	0.00647	0.00513	0.00159	0.00548	0.00620	0.00316	0.00668

[dist]
# distance from previous block
# <min> <max>
0	15

[block]
# block no. 8 follows, 52 sequences, length 17
# corresponding to MSA columns:
# 982-998
name=unknown_I
#
# <colnr> <probs for GDERKNQSTAVLIFYWHMCP>
#	G	D	E	R	K	N	Q	S	T	A	V	L	I	F	Y	W	H	M	C	P
0	0.05367	0.03886	0.06209	0.07517	0.06613	0.02001	0.05851	0.18289	0.04319	0.11050	0.07312	0.15453	0.02566	0.00737	0.00504	0.00158	0.00481	0.00636	0.00404	0.00647
1	0.06539	0.04536	0.02726	0.05996	0.30899	0.00984	0.01045	0.01848	0.02992	0.34404	0.01381	0.01409	0.02017	0.00522	0.00467	0.00147	0.00490	0.00447	0.00399	0.00753
2	0.23354	0.06716	0.18576	0.03631	0.05630	0.03942	0.00982	0.06798	0.02129	0.18806	0.01150	0.01191	0.02453	0.00511	0.00419	0.00146	0.00512	0.00380	0.00348	0.02326
3	0.00752	0.00507	0.00577	0.00586	0.00730	0.00460	0.00459	0.00923	0.01120	0.04889	0.10600	0.06679	0.38462	0.01080	0.00542	0.00164	0.00283	0.13889	0.16851	0.00446
4	0.01173	0.08812	0.44768	0.05949	0.13468	0.05640	0.04382	0.01589	0.01080	0.07364	0.00934	0.01092	0.00688	0.00464	0.00457	0.00147	0.00665	0.00380	0.00244	0.00703
5	0.00854	0.00603	0.01036	0.00879	0.01001	0.00574	0.15367	0.00819	0.00811	0.01059	0.01567	0.01989	0.14379	0.01360	0.01413	0.54681	0.00467	0.00553	0.00258	0.00330
6	0.00964	0.00883	0.01334	0.01000	0.01374	0.00729	0.17493	0.01199	0.01022	0.01514	0.01198	0.15100	0.01149	0.00569	0.00450	0.00113	0.00446	0.00537	0.00306	0.52621
7	0.01213	0.05143	0.39687	0.04208	0.03675	0.16496	0.06599	0.03547	0.05203	0.03271	0.00982	0.03195	0.00763	0.00503	0.00463	0.00145	0.00688	0.00403	0.00257	0.03559
8	0.00730	0.14669	0.00918	0.00689	0.00800	0.00668	0.00516	0.00854	0.01023	0.01356	0.17140	0.53386	0.03024	0.01227	0.00557	0.00172	0.00312	0.01089	0.00424	0.00445
9	0.01111	0.00985	0.01619	0.11239	0.56177	0.01009	0.01251	0.01391	0.01072	0.01588	0.01035	0.01326	0.00845	0.00463	0.00453	0.00140	0.00516	0.00435	0.16665	0.00681
