[name]
unknown

[dist]
# distance from previous block
# <min> <max>
19	59

[block]
# block no. 0 follows, 44 sequences, length 12
# corresponding to MSA columns:
# 72-79,104-107
name=unknown_A
#
# <colnr> <probs for GDERKNQSTAVLIFYWHMCP>
#	G	D	E	R	K	N	Q	S	T	A	V	L	I	F	Y	W	H	M	C	P
0	0.01259	0.00847	0.00988	0.00906	0.01101	0.00872	0.00674	0.21771	0.04906	0.08897	0.02393	0.37136	0.05339	0.09230	0.00842	0.00228	0.00433	0.01031	0.00517	0.00629
1	0.04768	0.00585	0.00722	0.00756	0.00866	0.00557	0.00531	0.01083	0.03460	0.09459	0.07377	0.49527	0.08667	0.07984	0.00824	0.00232	0.00351	0.01232	0.00509	0.00510
2	0.00734	0.00509	0.00607	0.00657	0.00680	0.00491	0.00404	0.00779	0.00917	0.01212	0.02441	0.33776	0.06950	0.45286	0.01838	0.00388	0.00431	0.01110	0.00409	0.00382
3	0.01162	0.01032	0.01813	0.21852	0.02286	0.01092	0.23034	0.05865	0.01233	0.05601	0.03557	0.16527	0.01534	0.05415	0.00806	0.00211	0.05226	0.00767	0.00357	0.00631
4	0.01024	0.00685	0.00869	0.00873	0.01024	0.00677	0.00701	0.07661	0.01348	0.06553	0.13150	0.10265	0.07805	0.12599	0.00982	0.00260	0.00449	0.32032	0.00507	0.00536
5	0.05875	0.05438	0.01141	0.00885	0.01186	0.00821	0.00707	0.04845	0.01411	0.41115	0.07640	0.20481	0.04219	0.00948	0.00570	0.00179	0.00419	0.00803	0.00578	0.00741
6	0.00873	0.00706	0.00938	0.02371	0.01112	0.02285	0.05144	0.04353	0.05434	0.01616	0.04670	0.44793	0.09383	0.01413	0.00674	0.00212	0.00417	0.12594	0.00489	0.00525
7	0.01199	0.06400	0.07256	0.33477	0.10751	0.03450	0.07670	0.01517	0.01150	0.05871	0.01338	0.01689	0.05443	0.02722	0.03753	0.00212	0.04615	0.00531	0.00293	0.00664
8	0.01651	0.01863	0.01528	0.10890	0.01869	0.42427	0.05492	0.06597	0.05363	0.01582	0.03481	0.01371	0.02345	0.00673	0.00616	0.05241	0.00794	0.00448	0.00321	0.05449
9	0.01931	0.01297	0.01458	0.01105	0.01549	0.01319	0.00908	0.46215	0.02068	0.16329	0.01384	0.01367	0.00976	0.00603	0.00515	0.00146	0.00532	0.00464	0.00519	0.19314
10	0.01512	0.07317	0.01495	0.06851	0.04021	0.01311	0.00932	0.29899	0.10954	0.02344	0.01345	0.03799	0.01095	0.00710	0.00604	0.04990	0.00531	0.02327	0.00427	0.17536
11	0.01199	0.04023	0.08175	0.04763	0.01518	0.04318	0.05871	0.15283	0.01420	0.01873	0.01972	0.11681	0.05708	0.08256	0.00801	0.00218	0.00573	0.16155	0.00414	0.05780

[dist]
# distance from previous block
# <min> <max>
3	26

[block]
# block no. 1 follows, 44 sequences, length 16
# corresponding to MSA columns:
# 141-156
name=unknown_B
#
# <colnr> <probs for GDERKNQSTAVLIFYWHMCP>
#	G	D	E	R	K	N	Q	S	T	A	V	L	I	F	Y	W	H	M	C	P
0	0.01613	0.01401	0.10196	0.01146	0.01553	0.01303	0.01014	0.39655	0.07328	0.06068	0.07399	0.04410	0.01425	0.00978	0.06785	0.00221	0.00625	0.00566	0.00485	0.05828
1	0.01425	0.03330	0.01236	0.01096	0.03036	0.23362	0.00829	0.13034	0.01485	0.04351	0.11539	0.03501	0.06089	0.03007	0.18493	0.00328	0.00830	0.00595	0.00398	0.02037
2	0.01740	0.01319	0.01330	0.01219	0.06448	0.14774	0.00891	0.17793	0.06784	0.18343	0.01619	0.04299	0.01344	0.09944	0.00802	0.00206	0.00597	0.04658	0.00468	0.05422
3	0.01423	0.15645	0.32439	0.01374	0.03447	0.03499	0.03897	0.08741	0.01313	0.09468	0.03726	0.01307	0.00948	0.00608	0.00650	0.00169	0.09809	0.00444	0.00323	0.00771
4	0.01271	0.01627	0.14511	0.27579	0.05457	0.10198	0.23685	0.04135	0.01265	0.01629	0.01056	0.03166	0.00826	0.00545	0.00567	0.00176	0.00810	0.00528	0.00272	0.00696
5	0.01125	0.01020	0.01635	0.72373	0.03566	0.01255	0.01470	0.08180	0.01225	0.01580	0.01000	0.01440	0.00745	0.00555	0.00545	0.00180	0.00715	0.00485	0.00270	0.00635
6	0.01824	0.01298	0.01409	0.01201	0.03755	0.04823	0.00932	0.34228	0.20265	0.15195	0.01777	0.07884	0.01379	0.00754	0.00558	0.00173	0.00532	0.00609	0.00546	0.00858
7	0.01146	0.03167	0.09781	0.28721	0.20357	0.01097	0.01325	0.01515	0.03231	0.05770	0.10251	0.02050	0.07957	0.00676	0.00556	0.00173	0.00597	0.00594	0.00343	0.00692
8	0.00681	0.00486	0.00652	0.00778	0.00817	0.00457	0.00535	0.00788	0.01060	0.01411	0.02996	0.74635	0.03569	0.01692	0.00700	0.00224	0.00331	0.07233	0.00506	0.00447
9	0.00779	0.00584	0.00876	0.00876	0.00974	0.00681	0.00681	0.00974	0.00876	0.01266	0.01460	0.02142	0.01363	0.04089	0.78680	0.00876	0.01460	0.00584	0.00292	0.00487
10	0.07828	0.46647	0.16430	0.01097	0.01585	0.06303	0.01127	0.05892	0.01210	0.03316	0.00865	0.00992	0.00718	0.00518	0.00457	0.00141	0.03543	0.00340	0.00271	0.00721
11	0.01457	0.01400	0.02063	0.09869	0.54237	0.07511	0.03227	0.10213	0.01405	0.01900	0.01040	0.01328	0.00845	0.00516	0.00539	0.00163	0.00682	0.00479	0.00300	0.00826
12	0.00854	0.00610	0.00850	0.00976	0.01090	0.00606	0.00836	0.01087	0.01231	0.01604	0.02900	0.14717	0.03192	0.01529	0.00746	0.00248	0.00481	0.65446	0.00502	0.00495
13	0.03783	0.01560	0.21393	0.01183	0.01697	0.01148	0.01164	0.16440	0.07611	0.35892	0.01656	0.01559	0.01104	0.00631	0.00536	0.00170	0.00576	0.00499	0.00516	0.00883
14	0.19036	0.01106	0.03386	0.46272	0.11966	0.01244	0.04581	0.03329	0.01120	0.01739	0.00945	0.01309	0.00723	0.00528	0.00504	0.00176	0.00659	0.00449	0.00275	0.00652
15	0.01391	0.65670	0.08658	0.00968	0.01464	0.01921	0.00986	0.01610	0.01114	0.01375	0.00800	0.00926	0.00711	0.00463	0.00369	0.00117	0.00580	0.00304	0.00243	0.10329

[dist]
# distance from previous block
# <min> <max>
0	3

[block]
# block no. 2 follows, 44 sequences, length 24
# corresponding to MSA columns:
# 160-165,169-186
name=unknown_C
#
# <colnr> <probs for GDERKNQSTAVLIFYWHMCP>
#	G	D	E	R	K	N	Q	S	T	A	V	L	I	F	Y	W	H	M	C	P
0	0.01315	0.01412	0.01882	0.14970	0.10494	0.14580	0.12261	0.01551	0.01122	0.01450	0.00984	0.05118	0.00889	0.00729	0.00995	0.00195	0.28604	0.00535	0.00268	0.00647
1	0.77445	0.01207	0.07495	0.00789	0.01167	0.01227	0.00714	0.01613	0.00947	0.02384	0.00778	0.00909	0.00599	0.00507	0.00353	0.00169	0.00455	0.00305	0.00328	0.00609
2	0.01855	0.00895	0.01175	0.00918	0.01315	0.00761	0.00751	0.02075	0.01365	0.46054	0.01794	0.01885	0.01285	0.00935	0.07290	0.00209	0.00535	0.04051	0.00534	0.24319
3	0.01774	0.00917	0.01204	0.01103	0.06215	0.00875	0.00816	0.12129	0.03311	0.37597	0.11076	0.13907	0.02123	0.00899	0.00588	0.00179	0.00449	0.03467	0.00587	0.00784
4	0.00793	0.00529	0.00595	0.00595	0.00595	0.00529	0.00330	0.00793	0.00793	0.01057	0.01718	0.03568	0.01982	0.80840	0.02775	0.00529	0.00529	0.00793	0.00330	0.00330
5	0.00669	0.00476	0.00631	0.00753	0.00784	0.00446	0.00500	0.00760	0.01035	0.01380	0.02960	0.77793	0.03549	0.04477	0.00769	0.00232	0.00324	0.01523	0.00500	0.00439
6	0.05028	0.03613	0.05288	0.08233	0.48094	0.01353	0.10414	0.08070	0.01329	0.01905	0.01034	0.01326	0.00831	0.00503	0.00538	0.00166	0.00677	0.00488	0.00293	0.00816
7	0.28376	0.04744	0.01853	0.06121	0.01854	0.01442	0.21058	0.07984	0.01164	0.01985	0.00903	0.01180	0.00723	0.00603	0.00763	0.00186	0.17630	0.00457	0.00307	0.00666
8	0.84691	0.01054	0.00801	0.00717	0.01054	0.01223	0.00590	0.01603	0.00928	0.02446	0.00759	0.00886	0.00590	0.00506	0.00337	0.00169	0.00422	0.00295	0.00337	0.00590
9	0.04700	0.02370	0.56299	0.01773	0.12078	0.01270	0.06030	0.01735	0.01166	0.04160	0.01013	0.01207	0.00738	0.00526	0.00553	0.00173	0.02724	0.00429	0.00257	0.00799
10	0.01356	0.01171	0.01233	0.01109	0.01418	0.01356	0.00863	0.02897	0.76455	0.02281	0.02219	0.02034	0.01664	0.00740	0.00555	0.00185	0.00431	0.00616	0.00555	0.00863
11	0.01974	0.01478	0.01581	0.01234	0.01653	0.01645	0.01012	0.65642	0.12703	0.03277	0.01434	0.01408	0.01028	0.00666	0.00547	0.00167	0.00577	0.00508	0.00547	0.00918
12	0.01287	0.01471	0.03217	0.02298	0.02849	0.01379	0.75460	0.01746	0.01287	0.01746	0.01103	0.01471	0.00827	0.00460	0.00643	0.00184	0.00919	0.00643	0.00276	0.00735
13	0.02072	0.01527	0.01636	0.01254	0.01691	0.01691	0.01036	0.75622	0.02563	0.03436	0.01309	0.01309	0.00927	0.00654	0.00545	0.00164	0.00600	0.00491	0.00545	0.00927
14	0.00664	0.00474	0.00633	0.00759	0.00791	0.00443	0.00506	0.00759	0.01044	0.01392	0.03005	0.80485	0.03606	0.01708	0.00696	0.00221	0.00316	0.01550	0.00506	0.00443
15	0.01784	0.01390	0.01596	0.01482	0.11493	0.01531	0.01067	0.48281	0.18099	0.02914	0.01515	0.03780	0.01154	0.00681	0.00551	0.00170	0.00562	0.00548	0.00510	0.00891
16	0.00671	0.00492	0.00630	0.00724	0.00785	0.00451	0.00494	0.00786	0.01114	0.01472	0.09777	0.63571	0.13806	0.01612	0.00684	0.00212	0.00306	0.01446	0.00514	0.00451
17	0.01986	0.01523	0.01572	0.01230	0.01635	0.05375	0.01002	0.65455	0.06315	0.03185	0.01349	0.01415	0.00994	0.03641	0.00626	0.00177	0.00607	0.00502	0.00525	0.00887
18	0.01429	0.75032	0.08743	0.00981	0.01474	0.02087	0.01018	0.01640	0.01111	0.01317	0.00775	0.00896	0.00699	0.00470	0.00363	0.00121	0.00600	0.00300	0.00233	0.00708
19	0.00659	0.00496	0.00610	0.00702	0.00776	0.00448	0.00481	0.00766	0.01099	0.01414	0.03704	0.59607	0.24032	0.01617	0.00682	0.00211	0.00305	0.01439	0.00506	0.00448
20	0.00793	0.00529	0.00595	0.00595	0.00595	0.00529	0.00330	0.00793	0.00793	0.01057	0.01718	0.03568	0.01982	0.80840	0.02775	0.00529	0.00529	0.00793	0.00330	0.00330
21	0.01417	0.16316	0.14747	0.01200	0.03547	0.02978	0.01093	0.11440	0.30446	0.03836	0.03324	0.01708	0.04299	0.00663	0.00513	0.00165	0.00552	0.00523	0.00427	0.00804
22	0.00821	0.00806	0.07484	0.00880	0.01047	0.00667	0.02262	0.01174	0.10446	0.01638	0.12973	0.42605	0.07439	0.03929	0.02994	0.00232	0.00415	0.01163	0.00484	0.00541
23	0.03626	0.01207	0.01920	0.14329	0.53821	0.03211	0.01482	0.01629	0.01239	0.04967	0.03152	0.01603	0.04306	0.00560	0.00541	0.00166	0.00628	0.00521	0.00304	0.00788

[dist]
# distance from previous block
# <min> <max>
0	1

[block]
# block no. 3 follows, 44 sequences, length 43
# corresponding to MSA columns:
# 193-215,218-237
name=unknown_D
#
# <colnr> <probs for GDERKNQSTAVLIFYWHMCP>
#	G	D	E	R	K	N	Q	S	T	A	V	L	I	F	Y	W	H	M	C	P
0	0.04524	0.64266	0.04680	0.01013	0.01457	0.13627	0.00969	0.01716	0.01168	0.01345	0.00777	0.00899	0.00696	0.00484	0.00375	0.00124	0.00644	0.00304	0.00244	0.00688
1	0.76760	0.06996	0.02612	0.00751	0.01108	0.01293	0.00646	0.01607	0.00946	0.02345	0.00764	0.00891	0.00601	0.00503	0.00342	0.00165	0.00442	0.00297	0.00327	0.00603
2	0.01586	0.01109	0.01460	0.01559	0.19807	0.01135	0.01007	0.25710	0.01745	0.13979	0.13801	0.02152	0.06027	0.02629	0.03639	0.00202	0.00549	0.00626	0.00490	0.00789
3	0.00736	0.00548	0.00685	0.00668	0.00797	0.00497	0.00495	0.00954	0.01435	0.01969	0.55968	0.12137	0.18644	0.01226	0.00649	0.00179	0.00267	0.01075	0.00573	0.00497
4	0.01241	0.00949	0.01175	0.02833	0.05688	0.01006	0.02669	0.04955	0.31768	0.08162	0.22680	0.04429	0.05736	0.00882	0.00593	0.00181	0.00418	0.03367	0.00541	0.00728
5	0.01114	0.00951	0.01113	0.00806	0.01274	0.00717	0.00641	0.01351	0.01127	0.01763	0.01042	0.03981	0.00908	0.00451	0.00414	0.00086	0.00401	0.00367	0.00330	0.81166
6	0.00848	0.00672	0.00868	0.07364	0.04945	0.02014	0.00656	0.01089	0.01422	0.03183	0.47838	0.03911	0.19658	0.01082	0.00628	0.00175	0.00341	0.02244	0.00528	0.00537
7	0.00752	0.00579	0.00765	0.00824	0.00894	0.00572	0.00583	0.00865	0.01039	0.01424	0.02643	0.65497	0.03122	0.01531	0.00762	0.00212	0.06824	0.03104	0.00469	0.07541
8	0.01349	0.01295	0.02213	0.03346	0.77440	0.01295	0.01673	0.01673	0.01241	0.01781	0.01025	0.01349	0.00864	0.00486	0.00540	0.00162	0.00648	0.00486	0.00270	0.00864
9	0.01776	0.01068	0.10386	0.00968	0.01367	0.00784	0.00877	0.02052	0.01468	0.44431	0.18347	0.02341	0.02119	0.00760	0.00562	0.00166	0.00457	0.02935	0.00575	0.06561
10	0.02290	0.00975	0.01454	0.01100	0.01529	0.00854	0.08458	0.02528	0.01532	0.68351	0.03688	0.01865	0.01379	0.00662	0.00560	0.00170	0.00506	0.00568	0.00632	0.00899
11	0.01792	0.22205	0.01956	0.01513	0.10449	0.48663	0.01098	0.01962	0.01384	0.01373	0.00840	0.01003	0.00721	0.00538	0.00490	0.00139	0.02578	0.00355	0.00267	0.00675
12	0.01094	0.00927	0.01089	0.00795	0.01243	0.00705	0.00632	0.01337	0.01173	0.01819	0.08788	0.01432	0.01253	0.00477	0.00428	0.00090	0.00389	0.00391	0.00351	0.75587
13	0.01266	0.00965	0.01144	0.00824	0.01302	0.00734	0.00662	0.01505	0.01175	0.09581	0.01090	0.01205	0.00863	0.00432	0.00419	0.00090	0.00410	0.00346	0.00359	0.75629
14	0.00768	0.00557	0.00723	0.00682	0.00812	0.00513	0.00511	0.01021	0.01534	0.02165	0.74977	0.04108	0.07333	0.01123	0.00643	0.00172	0.00258	0.00991	0.00597	0.00513
15	0.01030	0.00969	0.01635	0.79530	0.03755	0.01211	0.01514	0.01393	0.01090	0.01393	0.00969	0.01453	0.00727	0.00545	0.00545	0.00182	0.00727	0.00484	0.00242	0.00606
16	0.02446	0.00928	0.01265	0.00970	0.01392	0.00801	0.00801	0.02657	0.01560	0.77817	0.02151	0.01856	0.01350	0.00675	0.00548	0.00169	0.00464	0.00548	0.00675	0.00928
17	0.01917	0.02382	0.01477	0.01344	0.01618	0.68689	0.01010	0.02167	0.07065	0.01451	0.05111	0.01229	0.01016	0.00605	0.00504	0.00145	0.00903	0.00405	0.00319	0.00643
18	0.00772	0.00557	0.00729	0.00686	0.00814	0.00514	0.00514	0.01029	0.01543	0.02186	0.77152	0.04072	0.05144	0.01115	0.00643	0.00171	0.00257	0.00986	0.00600	0.00514
19	0.00664	0.00474	0.00633	0.00759	0.00791	0.00443	0.00506	0.00759	0.01044	0.01392	0.03005	0.80485	0.03606	0.01708	0.00696	0.00221	0.00316	0.01550	0.00506	0.00443
20	0.00914	0.00783	0.01135	0.01057	0.01123	0.01004	0.00848	0.01084	0.00863	0.01281	0.01217	0.01832	0.01152	0.03067	0.53605	0.00668	0.27022	0.00549	0.00275	0.00523
21	0.00700	0.00501	0.00671	0.00780	0.00832	0.00472	0.00550	0.00830	0.01120	0.01501	0.10601	0.64033	0.03709	0.01624	0.00697	0.00220	0.00332	0.09856	0.00515	0.00457
22	0.01834	0.23334	0.01937	0.01202	0.02848	0.10253	0.01006	0.42965	0.01961	0.02498	0.01109	0.01190	0.00857	0.00734	0.03764	0.00178	0.00674	0.00425	0.00416	0.00813
23	0.01292	0.01102	0.01315	0.09065	0.01662	0.01093	0.02579	0.09329	0.25743	0.02067	0.01412	0.01483	0.01090	0.00554	0.00487	0.00136	0.00478	0.00459	0.00411	0.38246
24	0.01191	0.08315	0.49553	0.01881	0.17527	0.02477	0.04743	0.01693	0.01177	0.01697	0.02335	0.01234	0.00813	0.00527	0.00547	0.00168	0.02650	0.00432	0.00248	0.00794
25	0.00984	0.00892	0.08835	0.00929	0.01108	0.00790	0.02235	0.04247	0.00995	0.05533	0.01488	0.02369	0.01427	0.25989	0.36607	0.00598	0.03503	0.00619	0.00327	0.00524
26	0.02208	0.01310	0.01502	0.01151	0.01582	0.01368	0.00951	0.49143	0.02199	0.30429	0.01614	0.01507	0.01080	0.00662	0.00546	0.00165	0.00551	0.00512	0.00592	0.00927
27	0.01089	0.02530	0.01129	0.01112	0.07711	0.00891	0.00785	0.02686	0.05818	0.08404	0.27667	0.13511	0.05239	0.02730	0.03645	0.00220	0.12904	0.00843	0.00477	0.00610
28	0.01095	0.01104	0.06891	0.03987	0.01565	0.00824	0.08441	0.01390	0.01185	0.01787	0.08471	0.03205	0.01283	0.00521	0.00472	0.00114	0.00482	0.00459	0.00339	0.56385
29	0.00689	0.00563	0.00615	0.00627	0.00797	0.00488	0.00487	0.00855	0.01276	0.01570	0.12838	0.05241	0.59628	0.01369	0.00659	0.00192	0.00304	0.10814	0.00516	0.00472
30	0.01916	0.01280	0.01491	0.01262	0.05668	0.01373	0.00974	0.48999	0.02092	0.15582	0.01492	0.03159	0.01110	0.02177	0.08600	0.00244	0.00661	0.00536	0.00522	0.00860
31	0.01256	0.09896	0.34316	0.02059	0.19140	0.01398	0.18896	0.03556	0.01234	0.01742	0.01004	0.01246	0.00768	0.00495	0.00536	0.00167	0.00770	0.00469	0.00258	0.00795
32	0.02113	0.00990	0.01250	0.00998	0.01381	0.00947	0.00811	0.06828	0.16536	0.54195	0.06359	0.01985	0.01603	0.00711	0.00555	0.00172	0.00454	0.00583	0.00639	0.00891
33	0.00805	0.00563	0.00729	0.00690	0.00825	0.00516	0.00516	0.01048	0.01505	0.04161	0.67933	0.07453	0.08909	0.01143	0.00643	0.00174	0.00266	0.01008	0.00593	0.00519
34	0.01231	0.01344	0.09222	0.25630	0.48612	0.01268	0.01659	0.01596	0.01188	0.01662	0.01004	0.01361	0.00807	0.00506	0.00539	0.00169	0.00686	0.00478	0.00258	0.00782
35	0.01558	0.14689	0.14115	0.10475	0.02069	0.12604	0.08779	0.16302	0.01493	0.05282	0.01044	0.01213	0.00794	0.00555	0.00543	0.00157	0.03124	0.00434	0.00330	0.04440
36	0.00742	0.00618	0.00658	0.00640	0.00807	0.02393	0.00479	0.00958	0.03443	0.01733	0.29673	0.06962	0.46420	0.01262	0.00639	0.00180	0.00292	0.01072	0.00534	0.00494
37	0.00767	0.00518	0.00602	0.00628	0.00634	0.00511	0.00366	0.00786	0.00843	0.01124	0.01977	0.19060	0.02309	0.64901	0.02356	0.00467	0.00486	0.00945	0.00366	0.00353
38	0.01509	0.09423	0.03770	0.01083	0.01383	0.05557	0.00895	0.33005	0.01748	0.04387	0.01778	0.24236	0.01753	0.00973	0.00607	0.00180	0.02682	0.03840	0.00471	0.00718
39	0.01150	0.01007	0.01313	0.13262	0.01757	0.00860	0.03933	0.03646	0.01174	0.01765	0.00985	0.01201	0.00799	0.00436	0.00440	0.00103	0.00482	0.00367	0.00315	0.65004
40	0.00886	0.00739	0.01019	0.00978	0.01069	0.02655	0.00770	0.01102	0.02985	0.01306	0.01394	0.04147	0.01317	0.03358	0.60502	0.00722	0.13649	0.00590	0.00297	0.00516
41	0.09400	0.00581	0.00617	0.00612	0.00647	0.00597	0.00362	0.00875	0.00814	0.01209	0.01655	0.05424	0.01884	0.70402	0.02467	0.00483	0.00512	0.00763	0.00336	0.00360
42	0.07134	0.48000	0.08429	0.01027	0.03290	0.08137	0.00949	0.01584	0.01108	0.01420	0.00900	0.01209	0.00833	0.08728	0.00631	0.00168	0.00610	0.00364	0.00260	0.05219

[dist]
# distance from previous block
# <min> <max>
0	2

[block]
# block no. 4 follows, 44 sequences, length 30
# corresponding to MSA columns:
# 250-279
name=unknown_E
#
# <colnr> <probs for GDERKNQSTAVLIFYWHMCP>
#	G	D	E	R	K	N	Q	S	T	A	V	L	I	F	Y	W	H	M	C	P
0	0.12811	0.01419	0.01892	0.05503	0.35650	0.11234	0.09623	0.01888	0.11287	0.01861	0.01131	0.01348	0.00903	0.00532	0.00520	0.00166	0.00665	0.00478	0.00318	0.00771
1	0.07138	0.00870	0.01092	0.00901	0.01225	0.00824	0.00722	0.02197	0.11120	0.43967	0.19169	0.04490	0.02267	0.00801	0.00561	0.00173	0.00406	0.00668	0.00616	0.00790
2	0.00654	0.00548	0.00570	0.00575	0.00745	0.00463	0.00427	0.00798	0.01251	0.01517	0.10350	0.09979	0.67489	0.01383	0.00648	0.00186	0.00277	0.01165	0.00513	0.00463
3	0.00947	0.00473	0.00710	0.00710	0.00710	0.00473	0.00473	0.00710	0.00710	0.00947	0.00947	0.01657	0.00947	0.01894	0.02131	0.84138	0.00473	0.00473	0.00237	0.00237
4	0.00788	0.00532	0.00622	0.00626	0.00636	0.00541	0.00368	0.00809	0.00807	0.01086	0.01727	0.05468	0.01966	0.71422	0.09962	0.00554	0.00612	0.00793	0.00331	0.00348
5	0.01287	0.01471	0.03217	0.02298	0.02849	0.01379	0.75460	0.01746	0.01287	0.01746	0.01103	0.01471	0.00827	0.00460	0.00643	0.00184	0.00919	0.00643	0.00276	0.00735
6	0.01885	0.23188	0.01889	0.01281	0.01610	0.58606	0.01022	0.02034	0.01430	0.01321	0.00820	0.00955	0.00702	0.00537	0.00454	0.00134	0.00878	0.00336	0.00268	0.00650
7	0.01803	0.01293	0.01430	0.01119	0.01528	0.01361	0.00915	0.45394	0.10343	0.09307	0.04096	0.01637	0.01233	0.00667	0.00534	0.00156	0.00525	0.02521	0.00524	0.13611
8	0.01877	0.14270	0.04231	0.01407	0.08560	0.03839	0.01108	0.52797	0.02139	0.02831	0.01172	0.01229	0.00872	0.00602	0.00511	0.00156	0.00618	0.00452	0.00454	0.00873
9	0.00735	0.00536	0.00707	0.00815	0.00897	0.00508	0.00619	0.00891	0.01148	0.01499	0.05002	0.45635	0.11743	0.01590	0.00708	0.00226	0.00372	0.25395	0.00507	0.00466
10	0.00794	0.00606	0.00905	0.00896	0.00990	0.00717	0.00700	0.00986	0.00875	0.01267	0.01433	0.02108	0.01340	0.03976	0.75911	0.00853	0.04283	0.00580	0.00290	0.00491
11	0.01193	0.01193	0.01670	0.01431	0.01431	0.01670	0.01193	0.01312	0.00835	0.01312	0.00716	0.01193	0.00716	0.00954	0.01789	0.00239	0.79843	0.00477	0.00239	0.00596
12	0.00843	0.00570	0.00650	0.00646	0.00670	0.00576	0.00393	0.03404	0.00886	0.01179	0.01785	0.03669	0.02026	0.72542	0.02557	0.00497	0.00529	0.05865	0.00350	0.00363
13	0.02072	0.01527	0.01636	0.01254	0.01691	0.01691	0.01036	0.75622	0.02563	0.03436	0.01309	0.01309	0.00927	0.00654	0.00545	0.00164	0.00600	0.00491	0.00545	0.00927
14	0.00848	0.00606	0.00844	0.00969	0.01081	0.00601	0.00826	0.01077	0.01225	0.01598	0.02903	0.16686	0.03204	0.01535	0.00745	0.00247	0.00476	0.63533	0.00503	0.00494
15	0.00829	0.00569	0.00679	0.00663	0.00666	0.00602	0.00405	0.00825	0.00792	0.01071	0.01593	0.03246	0.01813	0.68243	0.04633	0.06342	0.05624	0.00745	0.00317	0.00345
16	0.01193	0.01193	0.01670	0.01431	0.01431	0.01670	0.01193	0.01312	0.00835	0.01312	0.00716	0.01193	0.00716	0.00954	0.01789	0.00239	0.79843	0.00477	0.00239	0.00596
17	0.05520	0.00959	0.01254	0.00974	0.01387	0.00867	0.00802	0.04204	0.05653	0.69204	0.02083	0.01817	0.01329	0.00671	0.00540	0.00169	0.00463	0.00541	0.00653	0.00911
18	0.02072	0.01527	0.01636	0.01254	0.01691	0.01691	0.01036	0.75622	0.02563	0.03436	0.01309	0.01309	0.00927	0.00654	0.00545	0.00164	0.00600	0.00491	0.00545	0.00927
19	0.01263	0.01309	0.01659	0.01429	0.01452	0.08063	0.01181	0.01384	0.00894	0.01314	0.00726	0.01175	0.00715	0.00922	0.01681	0.00230	0.73293	0.00467	0.00242	0.00599
20	0.01193	0.01193	0.01670	0.01431	0.01431	0.01670	0.01193	0.01312	0.00835	0.01312	0.00716	0.01193	0.00716	0.00954	0.01789	0.00239	0.79843	0.00477	0.00239	0.00596
21	0.00691	0.00588	0.00746	0.00724	0.00887	0.00514	0.05243	0.00837	0.01187	0.01467	0.04506	0.26942	0.50867	0.01417	0.00659	0.00195	0.00329	0.01235	0.00491	0.00473
22	0.03321	0.07002	0.15508	0.01079	0.01455	0.06127	0.00996	0.09073	0.20139	0.06717	0.12461	0.02104	0.03421	0.07371	0.00722	0.00198	0.00545	0.00593	0.00443	0.00727
23	0.01453	0.01051	0.01227	0.00899	0.01368	0.00887	0.00728	0.13144	0.01412	0.12171	0.01180	0.01255	0.00898	0.00479	0.00445	0.00105	0.00442	0.00379	0.00405	0.60072
24	0.00750	0.00556	0.00699	0.00663	0.00801	0.00505	0.00498	0.00987	0.01493	0.02066	0.65112	0.04270	0.17259	0.01159	0.00643	0.00174	0.00260	0.01014	0.00584	0.00505
25	0.01109	0.00917	0.01095	0.00902	0.03329	0.00777	0.00684	0.05334	0.05493	0.01927	0.12743	0.06882	0.01753	0.00655	0.00487	0.00120	0.00397	0.02214	0.00404	0.52778
26	0.02446	0.00928	0.01265	0.00970	0.01392	0.00801	0.00801	0.02657	0.01560	0.77817	0.02151	0.01856	0.01350	0.00675	0.00548	0.00169	0.00464	0.00548	0.00675	0.00928
27	0.01562	0.01273	0.01349	0.01151	0.01496	0.01452	0.00913	0.23815	0.55201	0.02613	0.01957	0.01825	0.01452	0.00715	0.00552	0.00179	0.00480	0.00580	0.00552	0.00881
28	0.01205	0.13946	0.40399	0.01440	0.06549	0.03805	0.04642	0.01636	0.01181	0.03618	0.03173	0.06302	0.01044	0.00593	0.00504	0.00158	0.00682	0.00486	0.00284	0.08354
29	0.01421	0.35213	0.13791	0.06528	0.01680	0.04355	0.01092	0.08969	0.04736	0.06118	0.07353	0.01526	0.03866	0.00611	0.00469	0.00148	0.00593	0.00460	0.00345	0.00727

[dist]
# distance from previous block
# <min> <max>
0	6

[block]
# block no. 5 follows, 44 sequences, length 87
# corresponding to MSA columns:
# 286-326,333-352,355-357,359-381
name=unknown_F
#
# <colnr> <probs for GDERKNQSTAVLIFYWHMCP>
#	G	D	E	R	K	N	Q	S	T	A	V	L	I	F	Y	W	H	M	C	P
0	0.01108	0.02716	0.72259	0.01611	0.02397	0.01275	0.07667	0.01728	0.01161	0.01728	0.00988	0.01176	0.00701	0.00513	0.00528	0.00174	0.00814	0.00421	0.00234	0.00800
1	0.00674	0.00553	0.00594	0.00584	0.00755	0.00473	0.00438	0.00840	0.01313	0.01640	0.22335	0.04971	0.60301	0.01318	0.00644	0.00181	0.00272	0.01112	0.00528	0.00473
2	0.07483	0.04469	0.64745	0.01465	0.02189	0.07068	0.01810	0.01749	0.01163	0.01741	0.00947	0.01112	0.00684	0.00519	0.00498	0.00169	0.00785	0.00388	0.00242	0.00774
3	0.07425	0.06405	0.01304	0.00946	0.01326	0.00949	0.00781	0.07770	0.01524	0.53602	0.04780	0.07705	0.01538	0.00743	0.00536	0.00169	0.00461	0.00602	0.00598	0.00838
4	0.01093	0.02820	0.78016	0.01554	0.02360	0.01266	0.02014	0.01727	0.01151	0.01727	0.00978	0.01151	0.00691	0.00518	0.00518	0.00173	0.00806	0.00403	0.00230	0.00806
5	0.05126	0.00835	0.01094	0.00876	0.01222	0.00738	0.00711	0.02173	0.01509	0.55131	0.16292	0.02487	0.07754	0.00803	0.00565	0.00170	0.00410	0.00665	0.00635	0.00803
6	0.03429	0.06253	0.05895	0.02645	0.01535	0.22785	0.00959	0.10796	0.04390	0.23035	0.07161	0.01720	0.01365	0.00671	0.00523	0.00160	0.00635	0.02529	0.02760	0.00755
7	0.08601	0.00993	0.01261	0.00978	0.01392	0.00919	0.00806	0.08728	0.03130	0.64316	0.01976	0.01740	0.01263	0.00662	0.00532	0.00169	0.00472	0.00526	0.00636	0.00901
8	0.00811	0.00576	0.00742	0.00694	0.00834	0.00534	0.00523	0.01087	0.02961	0.03665	0.71427	0.04035	0.07821	0.01109	0.00639	0.00172	0.00265	0.00977	0.00597	0.00527
9	0.06165	0.01248	0.05724	0.25963	0.39584	0.01276	0.01508	0.01672	0.06843	0.01729	0.01074	0.01392	0.00855	0.00535	0.00554	0.00172	0.02183	0.00480	0.00284	0.00761
10	0.08084	0.02758	0.03800	0.10505	0.03346	0.01106	0.13523	0.08625	0.01474	0.38829	0.01577	0.01575	0.01055	0.00597	0.00543	0.00171	0.00596	0.00523	0.00492	0.00823
11	0.00844	0.00573	0.00752	0.00698	0.00840	0.00527	0.00527	0.01100	0.01544	0.05472	0.73893	0.03976	0.04979	0.01095	0.00639	0.00171	0.00266	0.00967	0.00603	0.00532
12	0.02056	0.01048	0.01282	0.01025	0.01407	0.01037	0.00833	0.13938	0.17329	0.45776	0.06734	0.01947	0.01587	0.00713	0.00555	0.00171	0.00465	0.00581	0.00625	0.00888
13	0.01333	0.07907	0.39510	0.01765	0.13148	0.06634	0.06218	0.05743	0.01261	0.03961	0.01000	0.01201	0.00760	0.00554	0.00613	0.00170	0.06731	0.00433	0.00273	0.00785
14	0.09553	0.02792	0.05968	0.03978	0.22881	0.02826	0.01132	0.07805	0.12780	0.13086	0.07275	0.01700	0.01363	0.02023	0.00593	0.00176	0.02328	0.00529	0.00423	0.00790
15	0.00954	0.00625	0.00765	0.00768	0.00910	0.00587	0.00560	0.06577	0.01295	0.08977	0.10256	0.40691	0.18812	0.03060	0.00699	0.00207	0.00346	0.02845	0.00530	0.00535
16	0.00990	0.00506	0.00517	0.00527	0.00647	0.00503	0.00390	0.01232	0.01136	0.01985	0.01870	0.07897	0.01562	0.00715	0.00405	0.00134	0.00259	0.00586	0.77635	0.00503
17	0.01088	0.00938	0.01116	0.05297	0.01391	0.00735	0.00678	0.01330	0.01137	0.01732	0.01309	0.01457	0.06515	0.00485	0.00430	0.00094	0.00413	0.00394	0.00332	0.73130
18	0.00671	0.00481	0.00640	0.00763	0.00801	0.00450	0.00517	0.00772	0.01055	0.01402	0.03051	0.76396	0.05060	0.01694	0.00697	0.00222	0.00322	0.04054	0.00506	0.00445
19	0.01270	0.01653	0.19759	0.12603	0.44009	0.04247	0.01680	0.01681	0.02575	0.01697	0.01013	0.01311	0.00810	0.00522	0.00569	0.00169	0.02907	0.00463	0.00262	0.00800
20	0.00654	0.00553	0.00566	0.00562	0.00742	0.00464	0.00422	0.00801	0.01265	0.01527	0.10930	0.05158	0.71777	0.01361	0.00644	0.00183	0.00275	0.01138	0.00513	0.00464
21	0.01033	0.00888	0.06635	0.00829	0.01071	0.00758	0.00699	0.11155	0.03972	0.05018	0.43634	0.03492	0.14360	0.03215	0.00673	0.00182	0.00368	0.00866	0.00545	0.00605
22	0.00670	0.00481	0.00637	0.00760	0.00799	0.00448	0.00514	0.00770	0.01055	0.01401	0.03072	0.76343	0.05641	0.01693	0.00696	0.00221	0.00320	0.03529	0.00506	0.00445
23	0.01430	0.75312	0.08475	0.00979	0.01471	0.02091	0.01014	0.01639	0.01111	0.01316	0.00774	0.00895	0.00699	0.00470	0.00362	0.00121	0.00600	0.00300	0.00233	0.00708
24	0.03483	0.00990	0.01670	0.74327	0.03642	0.01218	0.04264	0.01412	0.01093	0.01437	0.00968	0.01438	0.00727	0.00541	0.00543	0.00181	0.00725	0.00485	0.00246	0.00610
25	0.00768	0.00557	0.00724	0.00682	0.00812	0.00513	0.00512	0.01023	0.01536	0.02168	0.75333	0.04102	0.06975	0.01121	0.00643	0.00172	0.00258	0.00990	0.00598	0.00513
26	0.00750	0.00547	0.00705	0.00686	0.00806	0.00502	0.00507	0.00979	0.01461	0.02040	0.63157	0.13712	0.09697	0.01206	0.00650	0.00179	0.00266	0.01067	0.00582	0.00502
27	0.00664	0.00474	0.00633	0.00759	0.00791	0.00443	0.00506	0.00759	0.01044	0.01392	0.03005	0.80485	0.03606	0.01708	0.00696	0.00221	0.00316	0.01550	0.00506	0.00443
28	0.01356	0.01171	0.01233	0.01109	0.01418	0.01356	0.00863	0.02897	0.76455	0.02281	0.02219	0.02034	0.01664	0.00740	0.00555	0.00185	0.00431	0.00616	0.00555	0.00863
29	0.01989	0.01461	0.01580	0.01205	0.01646	0.01579	0.00994	0.66964	0.02405	0.04807	0.01293	0.01303	0.00924	0.00631	0.00532	0.00156	0.00578	0.00476	0.00527	0.08950
30	0.01410	0.01198	0.01263	0.01120	0.01438	0.01381	0.00876	0.08333	0.70931	0.02367	0.02151	0.01980	0.01609	0.00733	0.00554	0.00183	0.00444	0.00607	0.00554	0.00868
31	0.84691	0.01054	0.00801	0.00717	0.01054	0.01223	0.00590	0.01603	0.00928	0.02446	0.00759	0.00886	0.00590	0.00506	0.00337	0.00169	0.00422	0.00295	0.00337	0.00590
32	0.00772	0.00557	0.00729	0.00686	0.00814	0.00514	0.00514	0.01029	0.01543	0.02186	0.77152	0.04072	0.05144	0.01115	0.00643	0.00171	0.00257	0.00986	0.00600	0.00514
33	0.00675	0.00482	0.00642	0.00752	0.00793	0.00450	0.00507	0.00785	0.01092	0.01469	0.10172	0.73098	0.03754	0.01651	0.00691	0.00217	0.00311	0.01495	0.00515	0.00450
34	0.00686	0.00491	0.00652	0.00744	0.00796	0.00457	0.00508	0.00813	0.01144	0.01552	0.17937	0.65096	0.03916	0.01588	0.00685	0.00211	0.00304	0.01436	0.00525	0.00457
35	0.84691	0.01054	0.00801	0.00717	0.01054	0.01223	0.00590	0.01603	0.00928	0.02446	0.00759	0.00886	0.00590	0.00506	0.00337	0.00169	0.00422	0.00295	0.00337	0.00590
36	0.00930	0.00500	0.00539	0.00570	0.00673	0.00492	0.00412	0.01144	0.01119	0.01875	0.02081	0.21364	0.01942	0.00900	0.00459	0.00150	0.00269	0.00765	0.63326	0.00492
37	0.00947	0.00473	0.00710	0.00710	0.00710	0.00473	0.00473	0.00710	0.00710	0.00947	0.00947	0.01657	0.00947	0.01894	0.02131	0.84138	0.00473	0.00473	0.00237	0.00237
38	0.01293	0.01452	0.03113	0.02406	0.10571	0.01370	0.67821	0.01739	0.01282	0.01750	0.01095	0.01458	0.00831	0.00462	0.00633	0.00182	0.00891	0.00627	0.00275	0.00749
39	0.00763	0.00551	0.00721	0.00691	0.00813	0.00509	0.00514	0.01008	0.01506	0.02126	0.71554	0.09841	0.05028	0.01159	0.00647	0.00175	0.00262	0.01029	0.00593	0.00509
40	0.01110	0.08415	0.12932	0.01013	0.03214	0.05529	0.00894	0.06957	0.08424	0.03393	0.06778	0.11788	0.23839	0.01042	0.02098	0.00189	0.00506	0.00808	0.00432	0.00639
41	0.02018	0.01510	0.01679	0.01411	0.07353	0.01661	0.01084	0.70094	0.02464	0.03312	0.01288	0.01312	0.00922	0.00642	0.00545	0.00163	0.00603	0.00490	0.00525	0.00922
42	0.84691	0.01054	0.00801	0.00717	0.01054	0.01223	0.00590	0.01603	0.00928	0.02446	0.00759	0.00886	0.00590	0.00506	0.00337	0.00169	0.00422	0.00295	0.00337	0.00590
43	0.01463	0.09495	0.01457	0.01095	0.01450	0.01452	0.00884	0.13839	0.52723	0.02324	0.01852	0.01748	0.01399	0.00678	0.00523	0.00168	0.00471	0.00546	0.00506	0.05930
44	0.01430	0.75254	0.08531	0.00980	0.01472	0.02090	0.01014	0.01640	0.01111	0.01316	0.00775	0.00895	0.00699	0.00470	0.00363	0.00121	0.00600	0.00300	0.00233	0.00708
45	0.01130	0.00969	0.01130	0.00807	0.01292	0.00727	0.00646	0.01373	0.01130	0.01776	0.00969	0.01130	0.00807	0.00404	0.00404	0.00081	0.00404	0.00323	0.00323	0.84173
46	0.01189	0.00673	0.00841	0.00757	0.00965	0.00615	0.00583	0.01435	0.04324	0.20771	0.28038	0.05195	0.19327	0.07150	0.02198	0.00218	0.00374	0.04179	0.00564	0.00603
47	0.01287	0.15068	0.07336	0.01043	0.01395	0.01360	0.00909	0.06121	0.40910	0.02084	0.11964	0.02118	0.04636	0.00745	0.00531	0.00169	0.00466	0.00606	0.00478	0.00772
48	0.00646	0.00545	0.00560	0.00572	0.00742	0.00459	0.00423	0.00780	0.01224	0.01465	0.05282	0.12439	0.70181	0.01412	0.00649	0.00188	0.00280	0.01189	0.00506	0.00459
49	0.01030	0.00969	0.01635	0.79530	0.03755	0.01211	0.01514	0.01393	0.01090	0.01393	0.00969	0.01453	0.00727	0.00545	0.00545	0.00182	0.00727	0.00484	0.00242	0.00606
50	0.01956	0.01327	0.07444	0.01332	0.01795	0.01189	0.14588	0.23725	0.01754	0.33552	0.01657	0.04546	0.01166	0.00657	0.00568	0.00172	0.00607	0.00576	0.00524	0.00865
51	0.01315	0.01475	0.10446	0.10219	0.48633	0.04177	0.07195	0.03817	0.01271	0.01761	0.01090	0.01506	0.00907	0.00538	0.00552	0.00169	0.00699	0.03147	0.00280	0.00803
52	0.00664	0.00474	0.00633	0.00759	0.00791	0.00443	0.00506	0.00759	0.01044	0.01392	0.03005	0.80485	0.03606	0.01708	0.00696	0.00221	0.00316	0.01550	0.00506	0.00443
53	0.01073	0.01020	0.01745	0.68633	0.12211	0.01226	0.03570	0.01435	0.01113	0.01447	0.00979	0.01442	0.00745	0.00536	0.00547	0.00179	0.00723	0.00489	0.00246	0.00639
54	0.01659	0.05177	0.11985	0.01457	0.07410	0.31223	0.01174	0.11128	0.17688	0.01877	0.01240	0.01325	0.00964	0.00685	0.02499	0.00177	0.00764	0.00446	0.00363	0.00758
55	0.02152	0.01009	0.01212	0.00965	0.01331	0.06652	0.00781	0.03791	0.01576	0.59037	0.13498	0.02118	0.01872	0.00733	0.00558	0.00167	0.00474	0.00599	0.00631	0.00842
56	0.00664	0.00474	0.00633	0.00759	0.00791	0.00443	0.00506	0.00759	0.01044	0.01392	0.03005	0.80485	0.03606	0.01708	0.00696	0.00221	0.00316	0.01550	0.00506	0.00443
57	0.01130	0.00969	0.01130	0.00807	0.01292	0.00727	0.00646	0.01373	0.01130	0.01776	0.00969	0.01130	0.00807	0.00404	0.00404	0.00081	0.00404	0.00323	0.00323	0.84173
58	0.01110	0.01056	0.01646	0.52095	0.02945	0.01373	0.01397	0.03280	0.01045	0.01419	0.00895	0.01365	0.00728	0.00681	0.00950	0.00200	0.26472	0.00482	0.00249	0.00611
59	0.02361	0.01064	0.01349	0.01034	0.01460	0.01003	0.00855	0.19205	0.01788	0.60947	0.01960	0.01732	0.01254	0.00670	0.00548	0.00168	0.00495	0.00535	0.00645	0.00928
60	0.01130	0.00969	0.01130	0.00807	0.01292	0.00727	0.00646	0.01373	0.01130	0.01776	0.00969	0.01130	0.00807	0.00404	0.00404	0.00081	0.00404	0.00323	0.00323	0.84173
61	0.02835	0.01971	0.38407	0.01688	0.07100	0.01193	0.18062	0.01875	0.02777	0.14089	0.03870	0.01464	0.01012	0.00553	0.00554	0.00174	0.00732	0.00508	0.00336	0.00801
62	0.01382	0.01348	0.02107	0.03085	0.68110	0.04967	0.01583	0.01789	0.06934	0.01798	0.01107	0.01384	0.00916	0.00509	0.00539	0.00163	0.00647	0.00489	0.00292	0.00853
63	0.01287	0.01471	0.03217	0.02298	0.02849	0.01379	0.75460	0.01746	0.01287	0.01746	0.01103	0.01471	0.00827	0.00460	0.00643	0.00184	0.00919	0.00643	0.00276	0.00735
64	0.00664	0.00474	0.00633	0.00759	0.00791	0.00443	0.00506	0.00759	0.01044	0.01392	0.03005	0.80485	0.03606	0.01708	0.00696	0.00221	0.00316	0.01550	0.00506	0.00443
65	0.00779	0.00584	0.00876	0.00876	0.00974	0.00681	0.00681	0.00974	0.00876	0.01266	0.01460	0.02142	0.01363	0.04089	0.78680	0.00876	0.01460	0.00584	0.00292	0.00487
66	0.01573	0.67316	0.02617	0.01001	0.01439	0.12879	0.00945	0.01745	0.01185	0.03952	0.00818	0.00924	0.00723	0.00487	0.00377	0.00122	0.00635	0.00309	0.00255	0.00698
67	0.01691	0.04490	0.04967	0.00962	0.01424	0.04241	0.00821	0.06085	0.03106	0.27944	0.01409	0.01394	0.01005	0.00533	0.00472	0.00126	0.00488	0.00420	0.00452	0.37971
68	0.01655	0.00753	0.01012	0.00836	0.01119	0.00666	0.00666	0.01887	0.01552	0.42073	0.37597	0.02903	0.03143	0.00883	0.00593	0.00170	0.00366	0.00755	0.00639	0.00732
69	0.00722	0.00561	0.00671	0.00735	0.00871	0.00510	0.00579	0.00888	0.01208	0.01507	0.04199	0.20134	0.39469	0.01484	0.00689	0.00213	0.00355	0.24228	0.00505	0.00470
70	0.00674	0.00478	0.00630	0.00747	0.00776	0.00449	0.00493	0.00762	0.01025	0.01367	0.02909	0.74735	0.03484	0.07623	0.00851	0.00244	0.00332	0.01493	0.00493	0.00434
71	0.01162	0.01147	0.01611	0.01390	0.01397	0.01596	0.01155	0.01287	0.00838	0.01309	0.00771	0.01264	0.00764	0.01189	0.07537	0.00286	0.73983	0.00485	0.00243	0.00588
72	0.01356	0.01171	0.01233	0.01109	0.01418	0.01356	0.00863	0.02897	0.76455	0.02281	0.02219	0.02034	0.01664	0.00740	0.00555	0.00185	0.00431	0.00616	0.00555	0.00863
73	0.02051	0.01517	0.01624	0.01250	0.01683	0.01681	0.01031	0.73497	0.04722	0.03402	0.01335	0.01330	0.00949	0.00657	0.00546	0.00164	0.00595	0.00495	0.00546	0.00925
74	0.00765	0.00517	0.00603	0.00630	0.00637	0.00510	0.00368	0.00786	0.00846	0.01129	0.01993	0.20020	0.02329	0.63914	0.02330	0.00463	0.00483	0.00955	0.00368	0.00354
75	0.02446	0.00928	0.01265	0.00970	0.01392	0.00801	0.00801	0.02657	0.01560	0.77817	0.02151	0.01856	0.01350	0.00675	0.00548	0.00169	0.00464	0.00548	0.00675	0.00928
76	0.01030	0.00969	0.01635	0.79530	0.03755	0.01211	0.01514	0.01393	0.01090	0.01393	0.00969	0.01453	0.00727	0.00545	0.00545	0.00182	0.00727	0.00484	0.00242	0.00606
77	0.00660	0.00502	0.00608	0.00690	0.00773	0.00450	0.00476	0.00772	0.01119	0.01433	0.05233	0.54226	0.27917	0.01589	0.00678	0.00208	0.00302	0.01408	0.00508	0.00450
78	0.00664	0.00477	0.00630	0.00752	0.00789	0.00443	0.00503	0.00760	0.01051	0.01395	0.03092	0.77868	0.06166	0.01697	0.00694	0.00220	0.00315	0.01536	0.00506	0.00443
79	0.70579	0.01117	0.00987	0.00966	0.06881	0.01273	0.00714	0.08614	0.01106	0.02490	0.00831	0.00961	0.00643	0.00519	0.00372	0.00168	0.00456	0.00328	0.00352	0.00643
80	0.07584	0.01136	0.03385	0.05841	0.01530	0.01264	0.00997	0.03535	0.01052	0.07324	0.00937	0.01219	0.00786	0.00698	0.01048	0.00176	0.36175	0.00423	0.00311	0.24577
81	0.01130	0.00969	0.01130	0.00807	0.01292	0.00727	0.00646	0.01373	0.01130	0.01776	0.00969	0.01130	0.00807	0.00404	0.00404	0.00081	0.00404	0.00323	0.00323	0.84173
82	0.01313	0.07258	0.01812	0.05131	0.37819	0.06334	0.02729	0.08183	0.02756	0.01791	0.03067	0.07629	0.07575	0.00815	0.03266	0.00190	0.00630	0.00617	0.00342	0.00744
83	0.01519	0.02438	0.01200	0.01046	0.03374	0.03734	0.00792	0.22816	0.08857	0.14335	0.08190	0.15737	0.05242	0.05828	0.00720	0.00200	0.00479	0.02244	0.00527	0.00723
84	0.01468	0.01059	0.01294	0.06927	0.01537	0.01051	0.02249	0.25276	0.02742	0.07844	0.01355	0.07516	0.01138	0.00861	0.02343	0.09163	0.00529	0.00533	0.00422	0.24695
85	0.01335	0.02822	0.04642	0.07202	0.07468	0.01193	0.08443	0.17415	0.11339	0.02100	0.01508	0.09490	0.02677	0.00691	0.00562	0.00160	0.02017	0.00599	0.00401	0.17937
86	0.07494	0.01878	0.35340	0.01776	0.16869	0.01200	0.07119	0.01746	0.06775	0.03172	0.03165	0.01631	0.01069	0.00593	0.00534	0.00173	0.00674	0.04630	0.00310	0.03853

[dist]
# distance from previous block
# <min> <max>
1	5

[block]
# block no. 6 follows, 44 sequences, length 24
# corresponding to MSA columns:
# 387,486-508
name=unknown_G
#
# <colnr> <probs for GDERKNQSTAVLIFYWHMCP>
#	G	D	E	R	K	N	Q	S	T	A	V	L	I	F	Y	W	H	M	C	P
0	0.01716	0.01348	0.02753	0.02597	0.10141	0.05427	0.01042	0.27863	0.11676	0.11306	0.01411	0.01514	0.01060	0.00645	0.00609	0.00162	0.05624	0.01798	0.00460	0.10848
1	0.12426	0.12198	0.02285	0.00949	0.01278	0.01270	0.00786	0.25182	0.03745	0.05325	0.06449	0.05375	0.02693	0.09670	0.00753	0.00201	0.00503	0.02990	0.00439	0.05483
2	0.01653	0.36658	0.05124	0.01204	0.05608	0.15683	0.01007	0.11922	0.01420	0.07609	0.01099	0.04353	0.00945	0.02901	0.00519	0.00152	0.00649	0.00430	0.00335	0.00729
3	0.01109	0.06237	0.23797	0.03050	0.01970	0.01220	0.19146	0.01496	0.01183	0.01670	0.08676	0.04222	0.01500	0.00750	0.00749	0.00188	0.11409	0.08090	0.00317	0.03222
4	0.00926	0.00638	0.00772	0.03390	0.00987	0.03128	0.00584	0.01091	0.02499	0.09351	0.10911	0.48744	0.12072	0.01407	0.00655	0.00202	0.00358	0.01248	0.00518	0.00521
5	0.03806	0.01569	0.13204	0.05898	0.18507	0.01391	0.28918	0.09256	0.01327	0.01888	0.01037	0.01339	0.00804	0.00545	0.00685	0.00180	0.08058	0.00526	0.00292	0.00769
6	0.00769	0.00551	0.00679	0.03792	0.00825	0.00542	0.00462	0.00862	0.01008	0.01355	0.13840	0.17227	0.08544	0.40906	0.04848	0.00386	0.00473	0.00958	0.00412	0.01562
7	0.00792	0.00553	0.00643	0.00666	0.00707	0.00542	0.00417	0.03653	0.00972	0.01282	0.02392	0.26631	0.08455	0.47719	0.01897	0.00395	0.00448	0.01036	0.00405	0.00397
8	0.01191	0.04824	0.01800	0.11803	0.07712	0.01573	0.03827	0.01374	0.00929	0.01372	0.00803	0.01253	0.00745	0.00887	0.02951	0.00230	0.55379	0.00478	0.00244	0.00626
9	0.12519	0.14324	0.48361	0.01403	0.05458	0.03083	0.01576	0.01678	0.01118	0.01735	0.00930	0.01111	0.00709	0.00627	0.03064	0.00186	0.00738	0.00380	0.00250	0.00749
10	0.00866	0.00551	0.00774	0.00826	0.00914	0.00507	0.02759	0.00983	0.01104	0.09254	0.02861	0.70063	0.03292	0.01565	0.00679	0.00215	0.00349	0.01420	0.00517	0.00501
11	0.00939	0.00595	0.00777	0.00710	0.00871	0.00542	0.00540	0.01186	0.01533	0.09928	0.66594	0.03891	0.07624	0.01080	0.00633	0.00172	0.00279	0.00948	0.00604	0.00555
12	0.01751	0.07345	0.11980	0.03734	0.01640	0.05389	0.01048	0.13545	0.16686	0.24376	0.05678	0.01697	0.01357	0.00661	0.00532	0.00167	0.00560	0.00525	0.00497	0.00832
13	0.04496	0.01314	0.09795	0.39772	0.04856	0.03400	0.20182	0.01530	0.01156	0.01586	0.01084	0.04027	0.00861	0.00559	0.00557	0.00179	0.00749	0.00541	0.02699	0.00657
14	0.00795	0.00519	0.00687	0.00755	0.00832	0.00478	0.00524	0.00925	0.01165	0.06386	0.15377	0.60833	0.05590	0.01535	0.00676	0.00209	0.00315	0.01382	0.00532	0.00486
15	0.01977	0.10670	0.01680	0.01356	0.01656	0.70793	0.01041	0.02121	0.01500	0.01329	0.00834	0.00972	0.00702	0.00552	0.00477	0.00138	0.00942	0.00345	0.00276	0.00639
16	0.03530	0.08306	0.05272	0.03401	0.17324	0.34275	0.09603	0.08777	0.01474	0.01706	0.00953	0.01149	0.00768	0.00532	0.00511	0.00153	0.00815	0.00424	0.00297	0.00730
17	0.04655	0.01596	0.13478	0.07128	0.32471	0.07303	0.17861	0.01672	0.01240	0.01718	0.01230	0.01499	0.04589	0.00540	0.00553	0.00169	0.00735	0.00523	0.00279	0.00762
18	0.00655	0.00524	0.00587	0.00633	0.00759	0.00455	0.00451	0.00781	0.01178	0.01464	0.06676	0.33079	0.47855	0.01494	0.00663	0.00198	0.00290	0.01294	0.00509	0.00455
19	0.01124	0.00971	0.01519	0.47374	0.05366	0.01166	0.04262	0.05625	0.01172	0.01645	0.01118	0.01522	0.00867	0.00602	0.00640	0.00176	0.08351	0.00495	0.15385	0.00620
20	0.78237	0.01091	0.00866	0.00759	0.01104	0.01260	0.00625	0.07385	0.01056	0.02523	0.00802	0.00919	0.00617	0.00518	0.00354	0.00168	0.00436	0.00310	0.00354	0.00617
21	0.01048	0.00766	0.00912	0.00958	0.06842	0.00805	0.00593	0.02890	0.17936	0.04393	0.01828	0.05493	0.01832	0.49234	0.01902	0.00391	0.00508	0.00739	0.00399	0.00530
