[name]
unknown

[dist]
# distance from previous block
# <min> <max>
11	55

[block]
# block no. 0 follows, 43 sequences, length 6
# corresponding to MSA columns:
# 73-78
name=unknown_A
#
# <colnr> <probs for GDERKNQSTAVLIFYWHMCP>
#	G	D	E	R	K	N	Q	S	T	A	V	L	I	F	Y	W	H	M	C	P
0	0.05607	0.00750	0.00947	0.00983	0.05924	0.00740	0.00661	0.05233	0.04776	0.14192	0.09103	0.30201	0.02572	0.14560	0.00989	0.00252	0.00425	0.00985	0.00501	0.00600
1	0.01110	0.01011	0.01476	0.05065	0.01571	0.03558	0.14691	0.06631	0.05250	0.01673	0.01797	0.26617	0.01873	0.08217	0.00947	0.00224	0.08963	0.00882	0.00393	0.08049
2	0.04928	0.00818	0.00947	0.00870	0.01067	0.00836	0.00645	0.11748	0.10216	0.08648	0.12126	0.26349	0.02599	0.11728	0.00904	0.00235	0.00417	0.00943	0.00516	0.03459
3	0.07657	0.04615	0.01083	0.09652	0.01341	0.00879	0.02152	0.03274	0.01138	0.01706	0.06838	0.17055	0.05829	0.05870	0.04415	0.00226	0.05226	0.00754	0.09344	0.10946
4	0.00918	0.00675	0.00826	0.05012	0.01017	0.00713	0.00587	0.06326	0.05011	0.01562	0.05198	0.29542	0.04543	0.26966	0.01388	0.00311	0.03457	0.01014	0.04442	0.00492
5	0.01499	0.01050	0.01249	0.07451	0.01502	0.01142	0.00864	0.27870	0.05540	0.08669	0.01672	0.11603	0.01454	0.04851	0.05774	0.00238	0.04117	0.00660	0.08400	0.04395

[dist]
# distance from previous block
# <min> <max>
3	5

[block]
# block no. 1 follows, 43 sequences, length 37
# corresponding to MSA columns:
# 84-102,111-125,127-129
name=unknown_B
#
# <colnr> <probs for GDERKNQSTAVLIFYWHMCP>
#	G	D	E	R	K	N	Q	S	T	A	V	L	I	F	Y	W	H	M	C	P
0	0.03439	0.18233	0.20078	0.01666	0.07635	0.03371	0.22300	0.03094	0.01261	0.06563	0.03239	0.01435	0.00980	0.03616	0.00618	0.00179	0.00734	0.00501	0.00304	0.00753
1	0.09163	0.01032	0.05379	0.00962	0.01291	0.00941	0.03630	0.08639	0.11637	0.11882	0.13768	0.06808	0.13335	0.00887	0.00570	0.00175	0.00440	0.02084	0.00507	0.06871
2	0.04046	0.04610	0.01586	0.02801	0.06362	0.21499	0.03045	0.20151	0.06575	0.17395	0.01523	0.03716	0.02875	0.00668	0.00537	0.00164	0.00666	0.00519	0.00460	0.00801
3	0.01833	0.04396	0.01530	0.01230	0.03643	0.01478	0.00979	0.40454	0.20552	0.10199	0.01772	0.01855	0.02785	0.00730	0.00560	0.00175	0.00543	0.03853	0.00547	0.00886
4	0.00768	0.00545	0.00716	0.00816	0.00887	0.00523	0.00610	0.00898	0.01108	0.01448	0.03005	0.39072	0.09096	0.10084	0.00999	0.03188	0.00408	0.24894	0.00484	0.00451
5	0.01138	0.04539	0.62492	0.07439	0.05393	0.01313	0.06626	0.01726	0.01176	0.01721	0.00997	0.01214	0.00720	0.00522	0.00533	0.00175	0.00808	0.00431	0.00239	0.00798
6	0.02105	0.01551	0.01662	0.01274	0.01717	0.01717	0.01053	0.75235	0.02604	0.03490	0.01330	0.01330	0.00942	0.00665	0.00554	0.00166	0.00609	0.00499	0.00554	0.00942
7	0.00780	0.00566	0.00734	0.00692	0.00825	0.00521	0.00519	0.01037	0.01557	0.02197	0.74398	0.04177	0.07632	0.01141	0.00653	0.00175	0.00262	0.01007	0.00606	0.00521
8	0.01148	0.00984	0.01148	0.00820	0.01312	0.00738	0.00656	0.01395	0.01148	0.01805	0.00984	0.01148	0.00820	0.00410	0.00410	0.00082	0.00410	0.00328	0.00328	0.83922
9	0.01453	0.75084	0.08447	0.00994	0.01494	0.02124	0.01029	0.01665	0.01129	0.01336	0.00787	0.00909	0.00710	0.00478	0.00368	0.00123	0.00609	0.00305	0.00237	0.00719
10	0.00675	0.00482	0.00643	0.00771	0.00803	0.00450	0.00514	0.00771	0.01060	0.01414	0.03053	0.80175	0.03663	0.01735	0.00707	0.00225	0.00321	0.01574	0.00514	0.00450
11	0.01184	0.01857	0.31906	0.01719	0.02304	0.01189	0.31475	0.01677	0.01306	0.04473	0.13718	0.01821	0.01535	0.00609	0.00600	0.00180	0.00760	0.00613	0.00331	0.00744
12	0.01558	0.01519	0.04551	0.05956	0.50150	0.12025	0.01510	0.05169	0.01370	0.07404	0.01102	0.01349	0.00879	0.00541	0.00572	0.00165	0.02555	0.00476	0.00316	0.00833
13	0.02005	0.01189	0.01420	0.01125	0.01511	0.01225	0.02518	0.34114	0.07668	0.29095	0.04469	0.07994	0.01515	0.00776	0.00574	0.00175	0.00520	0.00636	0.00594	0.00879
14	0.00892	0.00637	0.00892	0.01020	0.01147	0.00637	0.00892	0.01147	0.01275	0.01657	0.02932	0.06247	0.03187	0.01530	0.00765	0.00255	0.00510	0.73354	0.00510	0.00510
15	0.00791	0.00593	0.00890	0.00890	0.00989	0.00692	0.00692	0.00989	0.00890	0.01286	0.01483	0.02176	0.01385	0.04154	0.78341	0.00890	0.01483	0.00593	0.00297	0.00494
16	0.01074	0.00779	0.00989	0.02475	0.04573	0.00789	0.00773	0.09596	0.06857	0.05232	0.11083	0.21540	0.09595	0.02680	0.00704	0.00214	0.00434	0.19491	0.00520	0.00604
17	0.01565	0.03926	0.02647	0.01043	0.01329	0.20020	0.00828	0.05199	0.13655	0.14591	0.19198	0.02467	0.06334	0.02428	0.00614	0.00176	0.00556	0.02222	0.00500	0.00703
18	0.00729	0.00560	0.00667	0.00657	0.00803	0.00499	0.00492	0.00931	0.01406	0.01868	0.42061	0.09782	0.33115	0.01289	0.00660	0.00185	0.00279	0.02957	0.00563	0.00496
19	0.01378	0.51353	0.26260	0.01245	0.04379	0.04118	0.01322	0.01706	0.01157	0.01463	0.00852	0.00996	0.00714	0.00494	0.00420	0.00139	0.00677	0.00340	0.00239	0.00748
20	0.65823	0.01160	0.00994	0.00843	0.01208	0.01321	0.00695	0.15942	0.01286	0.05105	0.00925	0.01015	0.00691	0.00549	0.00391	0.00170	0.00465	0.00347	0.00395	0.00677
21	0.00841	0.00592	0.00814	0.00804	0.00876	0.00657	0.00582	0.02757	0.00896	0.01255	0.01517	0.02537	0.01524	0.26003	0.48910	0.06926	0.01114	0.00644	0.00310	0.00441
22	0.01148	0.00984	0.01148	0.00820	0.01312	0.00738	0.00656	0.01395	0.01148	0.01805	0.00984	0.01148	0.00820	0.00410	0.00410	0.00082	0.00410	0.00328	0.00328	0.83922
23	0.01032	0.00516	0.00516	0.00516	0.00645	0.00516	0.00387	0.01290	0.01161	0.02065	0.01807	0.02065	0.01420	0.00645	0.00387	0.00129	0.00258	0.00516	0.83611	0.00516
24	0.00777	0.00566	0.00730	0.00689	0.00823	0.00519	0.00517	0.01031	0.01551	0.02180	0.72805	0.04204	0.09235	0.01147	0.00653	0.00175	0.00262	0.01011	0.00604	0.00519
25	0.01046	0.00984	0.01661	0.79205	0.03814	0.01230	0.01538	0.01415	0.01107	0.01415	0.00984	0.01477	0.00738	0.00554	0.00554	0.00185	0.00738	0.00492	0.00246	0.00615
26	0.00686	0.00497	0.00673	0.03079	0.00892	0.00473	0.00544	0.00790	0.01062	0.01414	0.02992	0.77859	0.03577	0.01700	0.00702	0.00224	0.00334	0.01543	0.00506	0.00455
27	0.00679	0.00485	0.00647	0.00768	0.00804	0.00453	0.00514	0.00782	0.01081	0.01446	0.05993	0.77142	0.03725	0.01711	0.00705	0.00223	0.00319	0.01552	0.00518	0.00453
28	0.02018	0.02532	0.01546	0.01405	0.01692	0.72607	0.01056	0.02266	0.07096	0.01427	0.00960	0.01078	0.00786	0.00584	0.00504	0.00146	0.00957	0.00377	0.00306	0.00659
29	0.00716	0.00535	0.00710	0.00795	0.00841	0.00529	0.00552	0.00834	0.01110	0.01500	0.11041	0.65209	0.05822	0.01616	0.00762	0.00219	0.04794	0.01438	0.00509	0.00467
30	0.02068	0.01619	0.01657	0.01293	0.01707	0.07398	0.01060	0.66965	0.02459	0.03249	0.01271	0.01301	0.00917	0.00670	0.00599	0.00167	0.03685	0.00488	0.00522	0.00907
31	0.81598	0.01067	0.00830	0.00737	0.01083	0.01228	0.00607	0.01665	0.00965	0.05092	0.00820	0.00934	0.00627	0.00520	0.00350	0.00171	0.00430	0.00309	0.00355	0.00612
32	0.01175	0.02524	0.59502	0.01676	0.07002	0.04652	0.06007	0.01779	0.03641	0.01780	0.04372	0.01352	0.00952	0.00557	0.00540	0.00174	0.00786	0.00459	0.00268	0.00799
33	0.00659	0.00561	0.00567	0.00566	0.00751	0.00469	0.00424	0.00804	0.01273	0.01521	0.08093	0.05288	0.74358	0.01393	0.00655	0.00187	0.00280	0.01163	0.00518	0.00469
34	0.84448	0.01071	0.00814	0.00728	0.01071	0.01242	0.00600	0.01628	0.00943	0.02485	0.00771	0.00900	0.00600	0.00514	0.00343	0.00171	0.00428	0.00300	0.00343	0.00600
35	0.01032	0.00516	0.00516	0.00516	0.00645	0.00516	0.00387	0.01290	0.01161	0.02065	0.01807	0.02065	0.01420	0.00645	0.00387	0.00129	0.00258	0.00516	0.83611	0.00516
36	0.02187	0.01420	0.01581	0.01212	0.01652	0.01523	0.01001	0.59588	0.02384	0.19447	0.01514	0.01449	0.01034	0.00669	0.00555	0.00167	0.00580	0.00511	0.00582	0.00942

[dist]
# distance from previous block
# <min> <max>
0	12

[block]
# block no. 2 follows, 43 sequences, length 18
# corresponding to MSA columns:
# 142-146,149-161
name=unknown_C
#
# <colnr> <probs for GDERKNQSTAVLIFYWHMCP>
#	G	D	E	R	K	N	Q	S	T	A	V	L	I	F	Y	W	H	M	C	P
0	0.02041	0.06378	0.01633	0.01404	0.01698	0.74675	0.01064	0.02185	0.01548	0.01353	0.00852	0.00993	0.00713	0.00566	0.00492	0.00142	0.00979	0.00354	0.00283	0.00645
1	0.01148	0.00984	0.01148	0.00820	0.01312	0.00738	0.00656	0.01395	0.01148	0.01805	0.00984	0.01148	0.00820	0.00410	0.00410	0.00082	0.00410	0.00328	0.00328	0.83922
2	0.77182	0.05780	0.00935	0.00741	0.01082	0.01277	0.00617	0.01604	0.00947	0.02372	0.00776	0.00921	0.00617	0.00551	0.00395	0.02528	0.00440	0.00305	0.00334	0.00596
3	0.01146	0.01066	0.01511	0.47319	0.02778	0.05132	0.01279	0.05979	0.01172	0.01513	0.01270	0.06753	0.03793	0.00794	0.00823	0.03963	0.12234	0.00581	0.00294	0.00602
4	0.16929	0.19747	0.27473	0.01266	0.05107	0.05387	0.01277	0.04488	0.01243	0.09113	0.02632	0.01194	0.00862	0.00546	0.00460	0.00159	0.00644	0.00395	0.00322	0.00757
5	0.01378	0.01382	0.02042	0.02884	0.58719	0.09615	0.03642	0.01670	0.01281	0.01724	0.01232	0.07628	0.01138	0.00626	0.00564	0.00170	0.00673	0.02527	0.00301	0.00805
6	0.00750	0.00565	0.00694	0.00662	0.00807	0.00508	0.00496	0.00980	0.01488	0.02033	0.58312	0.04447	0.23820	0.01202	0.00654	0.00178	0.00266	0.01045	0.00585	0.00508
7	0.00822	0.00580	0.00718	0.00675	0.00832	0.00521	0.00509	0.01051	0.01492	0.05157	0.55967	0.04341	0.22911	0.01181	0.00650	0.00177	0.00275	0.01025	0.00589	0.00526
8	0.02326	0.00978	0.01284	0.01002	0.01407	0.00887	0.00820	0.10336	0.01660	0.64598	0.02150	0.06922	0.01474	0.00752	0.00566	0.00174	0.00476	0.00617	0.00660	0.00910
9	0.01191	0.01010	0.01172	0.00841	0.01331	0.00782	0.00674	0.04712	0.01214	0.01880	0.01000	0.01157	0.00826	0.00422	0.00417	0.00086	0.00419	0.00336	0.00338	0.80194
10	0.00698	0.00567	0.00622	0.00621	0.00791	0.00491	0.00474	0.00872	0.01330	0.01665	0.20979	0.05129	0.56419	0.01352	0.00661	0.00189	0.00291	0.05832	0.00535	0.00482
11	0.00918	0.00699	0.00942	0.04334	0.01134	0.00666	0.04999	0.01233	0.06232	0.05600	0.34124	0.04012	0.24067	0.04689	0.00741	0.00199	0.00372	0.03946	0.00532	0.00559
12	0.01184	0.01165	0.01784	0.57519	0.19743	0.06267	0.01543	0.01529	0.01171	0.01498	0.00989	0.01422	0.00767	0.00542	0.00549	0.00177	0.00738	0.00484	0.00255	0.00674
13	0.00760	0.00527	0.00657	0.00700	0.00724	0.00530	0.00445	0.00820	0.00902	0.01217	0.02143	0.28883	0.02474	0.43590	0.12731	0.00483	0.00598	0.01031	0.00389	0.00396
14	0.05877	0.03515	0.12995	0.10174	0.43074	0.04978	0.03211	0.03060	0.03153	0.01805	0.01071	0.01405	0.00874	0.00536	0.00534	0.00169	0.00688	0.01790	0.00286	0.00804
15	0.01760	0.18158	0.01826	0.01400	0.07401	0.36363	0.01052	0.11102	0.06681	0.01729	0.01231	0.01474	0.03012	0.00635	0.00501	0.00152	0.00761	0.03702	0.00343	0.00717
16	0.06690	0.01121	0.04731	0.03709	0.01413	0.04271	0.00844	0.12711	0.07877	0.25734	0.14090	0.02423	0.10377	0.00813	0.00566	0.00174	0.00479	0.00661	0.00550	0.00765
17	0.05480	0.14211	0.10346	0.01593	0.11735	0.25355	0.05571	0.07494	0.04355	0.01736	0.01184	0.01332	0.04025	0.00592	0.00536	0.00157	0.02807	0.00446	0.00313	0.00732

[dist]
# distance from previous block
# <min> <max>
0	1

[block]
# block no. 3 follows, 43 sequences, length 21
# corresponding to MSA columns:
# 169-180,187-195
name=unknown_D
#
# <colnr> <probs for GDERKNQSTAVLIFYWHMCP>
#	G	D	E	R	K	N	Q	S	T	A	V	L	I	F	Y	W	H	M	C	P
0	0.01422	0.13309	0.20598	0.04424	0.14246	0.06066	0.12200	0.03629	0.01294	0.07980	0.02311	0.01470	0.00964	0.00567	0.00553	0.00165	0.02035	0.02645	0.00314	0.03808
1	0.00735	0.00537	0.00675	0.00748	0.00822	0.00503	0.00515	0.03131	0.01185	0.01574	0.12129	0.57190	0.12335	0.04223	0.00760	0.00223	0.00325	0.01398	0.00521	0.00472
2	0.03550	0.06042	0.01175	0.00912	0.01192	0.03250	0.00729	0.09427	0.07748	0.21296	0.21785	0.09191	0.08356	0.00933	0.00601	0.00175	0.01590	0.00777	0.00558	0.00711
3	0.08944	0.01569	0.15031	0.12145	0.08064	0.04104	0.28599	0.01630	0.01173	0.01711	0.01050	0.03294	0.00846	0.00613	0.00706	0.03050	0.05956	0.00541	0.00275	0.00700
4	0.01352	0.01172	0.01351	0.01047	0.01455	0.05913	0.05629	0.16879	0.01479	0.02073	0.01348	0.12317	0.01240	0.00664	0.00504	0.00131	0.00512	0.00562	0.00396	0.43976
5	0.01904	0.01432	0.01606	0.01266	0.01618	0.01635	0.01040	0.56463	0.04449	0.05142	0.01301	0.01433	0.00982	0.03627	0.00839	0.00193	0.13195	0.00513	0.00500	0.00864
6	0.02193	0.01029	0.01292	0.01032	0.01433	0.00991	0.00839	0.05703	0.20224	0.55702	0.02168	0.01908	0.01433	0.00701	0.00558	0.00175	0.00469	0.00572	0.00650	0.00926
7	0.00733	0.00555	0.00676	0.00665	0.00801	0.00498	0.00491	0.00939	0.01419	0.01913	0.47161	0.13216	0.26349	0.01282	0.00660	0.00184	0.00274	0.01117	0.00570	0.00498
8	0.00694	0.00494	0.00654	0.00769	0.00807	0.00465	0.00520	0.00797	0.01072	0.01432	0.05499	0.70394	0.03606	0.06072	0.00824	0.00242	0.00339	0.04363	0.00507	0.00448
9	0.00741	0.00533	0.00702	0.00726	0.00818	0.00494	0.00519	0.00939	0.01371	0.01907	0.48129	0.33692	0.04618	0.01367	0.00674	0.00194	0.00285	0.01224	0.00573	0.00494
10	0.01730	0.01314	0.01444	0.01103	0.01550	0.01339	0.00899	0.42139	0.09124	0.04718	0.01326	0.01355	0.00984	0.00590	0.00508	0.00141	0.00524	0.00456	0.00484	0.28272
11	0.01080	0.00717	0.00955	0.00895	0.01087	0.00668	0.03127	0.06415	0.01353	0.10364	0.13970	0.34055	0.05982	0.01263	0.00649	0.00196	0.00396	0.08980	0.00528	0.07321
12	0.01515	0.55218	0.15300	0.01114	0.01632	0.06085	0.01150	0.09400	0.01311	0.01611	0.00871	0.00988	0.00734	0.00508	0.00413	0.00134	0.00654	0.00340	0.00272	0.00749
13	0.01318	0.16388	0.40356	0.01539	0.02185	0.01405	0.16285	0.01788	0.01220	0.08063	0.01147	0.03845	0.00885	0.00558	0.00529	0.00169	0.00755	0.00489	0.00291	0.00783
14	0.00789	0.00575	0.00723	0.00770	0.00866	0.00560	0.00584	0.00939	0.01121	0.01463	0.08209	0.10980	0.17254	0.21840	0.08284	0.00363	0.00527	0.23246	0.00454	0.00452
15	0.01300	0.07197	0.25671	0.05122	0.02337	0.04004	0.26618	0.06662	0.03806	0.01834	0.01197	0.01413	0.02727	0.00535	0.00556	0.00168	0.00773	0.00513	0.00299	0.07269
16	0.16612	0.25464	0.06593	0.01103	0.01542	0.06779	0.02556	0.23122	0.04525	0.03567	0.01146	0.01215	0.02430	0.00581	0.00455	0.00154	0.00601	0.00410	0.00379	0.00766
17	0.00755	0.00516	0.00619	0.00669	0.00682	0.00503	0.00405	0.00792	0.00905	0.01206	0.02254	0.33446	0.02656	0.49838	0.01996	0.00415	0.00453	0.01105	0.00405	0.00380
18	0.00783	0.00532	0.00631	0.00666	0.00681	0.00525	0.00409	0.00820	0.00889	0.01183	0.02097	0.19953	0.02437	0.58842	0.02242	0.00453	0.00490	0.05612	0.00384	0.00371
19	0.04767	0.04722	0.01572	0.01402	0.08701	0.07002	0.08109	0.12510	0.16422	0.07631	0.01860	0.14753	0.04050	0.00839	0.00611	0.00182	0.02948	0.00717	0.00453	0.00750
20	0.01046	0.00984	0.01661	0.79205	0.03814	0.01230	0.01538	0.01415	0.01107	0.01415	0.00984	0.01477	0.00738	0.00554	0.00554	0.00185	0.00738	0.00492	0.00246	0.00615

[dist]
# distance from previous block
# <min> <max>
0	2

[block]
# block no. 4 follows, 43 sequences, length 19
# corresponding to MSA columns:
# 198-201,205-219
name=unknown_E
#
# <colnr> <probs for GDERKNQSTAVLIFYWHMCP>
#	G	D	E	R	K	N	Q	S	T	A	V	L	I	F	Y	W	H	M	C	P
0	0.00726	0.00547	0.00671	0.00676	0.00801	0.00492	0.00493	0.00920	0.01378	0.01855	0.42036	0.20440	0.24276	0.01332	0.00665	0.00188	0.00279	0.01167	0.00564	0.00492
1	0.03474	0.01456	0.06338	0.01235	0.01649	0.01466	0.03336	0.53693	0.02175	0.06960	0.01438	0.06918	0.01133	0.00793	0.00651	0.04764	0.00595	0.00572	0.00508	0.00848
2	0.01850	0.09751	0.01673	0.01355	0.05087	0.33825	0.01034	0.14642	0.06657	0.07868	0.01325	0.01399	0.04031	0.00658	0.00608	0.00160	0.06493	0.00459	0.00383	0.00741
3	0.01519	0.75741	0.02815	0.00979	0.01441	0.07181	0.00956	0.01695	0.01154	0.01306	0.00776	0.00896	0.00711	0.00480	0.00365	0.00120	0.00619	0.00300	0.00240	0.00706
4	0.01514	0.01156	0.03008	0.01046	0.01441	0.01091	0.02432	0.25996	0.03359	0.08473	0.03896	0.11172	0.01413	0.00729	0.00559	0.00148	0.02376	0.00598	0.00464	0.29127
5	0.01471	0.16744	0.15129	0.04936	0.05040	0.06793	0.01194	0.18439	0.06862	0.02014	0.01271	0.07952	0.01097	0.00689	0.00582	0.00165	0.04810	0.00528	0.00365	0.03920
6	0.00781	0.00529	0.00622	0.00645	0.00654	0.00527	0.00381	0.00806	0.00854	0.01143	0.01969	0.17276	0.02285	0.63530	0.05304	0.00494	0.00534	0.00935	0.00366	0.00362
7	0.09359	0.01032	0.01286	0.01038	0.01385	0.01059	0.00851	0.10629	0.06206	0.43932	0.01772	0.01712	0.01217	0.01011	0.07679	0.00243	0.07666	0.00529	0.00558	0.00837
8	0.05983	0.01535	0.10459	0.22177	0.13503	0.06987	0.09977	0.15688	0.01469	0.02007	0.01094	0.01437	0.00851	0.00582	0.00576	0.00176	0.02287	0.02133	0.00326	0.00753
9	0.01536	0.01713	0.01926	0.08801	0.28763	0.27959	0.07111	0.01791	0.01305	0.01549	0.00977	0.01291	0.00821	0.00757	0.04783	0.00205	0.07254	0.00463	0.00275	0.00721
10	0.00734	0.00562	0.00673	0.00650	0.00798	0.00501	0.00486	0.00947	0.01443	0.01935	0.48916	0.06788	0.31064	0.01248	0.00655	0.00180	0.00270	0.01079	0.00572	0.00501
11	0.27224	0.00993	0.01110	0.00899	0.01266	0.00994	0.00735	0.09028	0.01483	0.38326	0.10882	0.01810	0.01571	0.00686	0.00503	0.00171	0.00445	0.00528	0.00559	0.00786
12	0.84448	0.01071	0.00814	0.00728	0.01071	0.01242	0.00600	0.01628	0.00943	0.02485	0.00771	0.00900	0.00600	0.00514	0.00343	0.00171	0.00428	0.00300	0.00343	0.00600
13	0.00774	0.00566	0.00727	0.00687	0.00822	0.00519	0.00515	0.01027	0.01545	0.02168	0.71557	0.04225	0.10492	0.01152	0.00653	0.00175	0.00263	0.01014	0.00603	0.00519
14	0.00674	0.00486	0.00638	0.00760	0.00800	0.00451	0.00509	0.00772	0.01071	0.01418	0.03193	0.76070	0.07678	0.01717	0.00704	0.00223	0.00319	0.01552	0.00514	0.00451
15	0.00748	0.00560	0.00694	0.00671	0.00808	0.00506	0.00499	0.00972	0.01468	0.02009	0.56367	0.09189	0.21007	0.01230	0.00657	0.00180	0.00269	0.01075	0.00583	0.00506
16	0.05580	0.07208	0.64562	0.01544	0.02301	0.01344	0.06497	0.01743	0.01163	0.01768	0.00977	0.01159	0.00705	0.00519	0.00515	0.00173	0.00792	0.00412	0.00243	0.00796
17	0.02097	0.01401	0.01556	0.01188	0.01633	0.01483	0.00980	0.56809	0.02313	0.16292	0.01452	0.01413	0.01007	0.00649	0.00543	0.00161	0.00570	0.00496	0.00559	0.07397
18	0.32408	0.08319	0.11314	0.05719	0.01615	0.12027	0.01006	0.12060	0.03282	0.02193	0.04623	0.01229	0.00947	0.00580	0.00452	0.00164	0.00608	0.00403	0.00354	0.00696

[dist]
# distance from previous block
# <min> <max>
1	6

[block]
# block no. 5 follows, 43 sequences, length 22
# corresponding to MSA columns:
# 229-250
name=unknown_F
#
# <colnr> <probs for GDERKNQSTAVLIFYWHMCP>
#	G	D	E	R	K	N	Q	S	T	A	V	L	I	F	Y	W	H	M	C	P
0	0.04017	0.11184	0.01879	0.01462	0.03515	0.35786	0.09533	0.01889	0.05162	0.01489	0.01027	0.04694	0.00914	0.00674	0.00737	0.00169	0.14431	0.00476	0.00298	0.00664
1	0.07080	0.03735	0.01801	0.06885	0.38758	0.15726	0.01306	0.04977	0.01381	0.01856	0.10024	0.01589	0.01336	0.00596	0.00533	0.00162	0.00660	0.00510	0.00331	0.00754
2	0.02456	0.00737	0.02670	0.00856	0.00999	0.00698	0.00637	0.10790	0.03739	0.01776	0.04529	0.52530	0.07400	0.03325	0.00712	0.00215	0.00384	0.02793	0.00505	0.02248
3	0.01338	0.01329	0.06149	0.03812	0.26731	0.05479	0.05850	0.11700	0.07932	0.01961	0.01620	0.13348	0.03556	0.02230	0.00616	0.00181	0.00605	0.00683	0.00382	0.04496
4	0.58172	0.01383	0.12597	0.01059	0.01503	0.01247	0.09707	0.01716	0.01051	0.05882	0.00914	0.01058	0.00681	0.00518	0.00417	0.00174	0.00549	0.00371	0.00335	0.00666
5	0.00852	0.00582	0.00669	0.00672	0.00702	0.00585	0.00408	0.04861	0.00951	0.01270	0.01968	0.17885	0.02265	0.61368	0.02298	0.00458	0.00500	0.00933	0.00381	0.00390
6	0.02105	0.01551	0.01662	0.01274	0.01717	0.01717	0.01053	0.75235	0.02604	0.03490	0.01330	0.01330	0.00942	0.00665	0.00554	0.00166	0.00609	0.00499	0.00554	0.00942
7	0.01148	0.00984	0.01148	0.00820	0.01312	0.00738	0.00656	0.01395	0.01148	0.01805	0.00984	0.01148	0.00820	0.00410	0.00410	0.00082	0.00410	0.00328	0.00328	0.83922
8	0.01721	0.41300	0.02038	0.00942	0.01352	0.01509	0.00852	0.01999	0.05581	0.26155	0.09960	0.01648	0.01494	0.00633	0.00466	0.00146	0.00507	0.00480	0.00443	0.00774
9	0.03200	0.03053	0.12254	0.15958	0.13357	0.03174	0.14971	0.01823	0.05994	0.10755	0.02605	0.03550	0.01061	0.00599	0.00594	0.00176	0.02823	0.00548	0.00346	0.03158
10	0.01334	0.01263	0.02112	0.06333	0.66910	0.01282	0.01616	0.01717	0.04613	0.01808	0.01187	0.01646	0.01021	0.00558	0.00560	0.00171	0.00644	0.04078	0.00298	0.00848
11	0.00804	0.00544	0.00638	0.00638	0.00650	0.00555	0.00378	0.00827	0.00815	0.01099	0.01714	0.03452	0.01938	0.71427	0.11826	0.00579	0.00650	0.00780	0.00331	0.00355
12	0.01148	0.00984	0.01148	0.00820	0.01312	0.00738	0.00656	0.01395	0.01148	0.01805	0.00984	0.01148	0.00820	0.00410	0.00410	0.00082	0.00410	0.00328	0.00328	0.83922
13	0.01254	0.01503	0.07250	0.02188	0.02727	0.01331	0.66009	0.01706	0.01283	0.01749	0.01242	0.06732	0.01021	0.00555	0.00650	0.00189	0.00886	0.00701	0.00293	0.00731
14	0.04790	0.06091	0.04611	0.01059	0.01494	0.00993	0.04199	0.06344	0.01560	0.55568	0.06077	0.01840	0.01446	0.00674	0.00546	0.00169	0.00508	0.00552	0.00598	0.00880
15	0.01373	0.09141	0.41118	0.01666	0.08773	0.03301	0.10537	0.01846	0.01267	0.11091	0.03915	0.01394	0.00984	0.00555	0.00536	0.00169	0.00740	0.00475	0.00314	0.00805
16	0.00824	0.00532	0.00629	0.00629	0.00632	0.00536	0.00366	0.00802	0.00798	0.01068	0.01642	0.03340	0.01865	0.68362	0.05509	0.10490	0.00565	0.00759	0.00323	0.00330
17	0.02382	0.01066	0.01357	0.01045	0.01473	0.01003	0.00862	0.16672	0.03759	0.61227	0.02022	0.01783	0.01297	0.00683	0.00557	0.00171	0.00497	0.00548	0.00657	0.00941
18	0.01231	0.10537	0.01381	0.00856	0.01344	0.00956	0.00709	0.04756	0.01211	0.01821	0.00974	0.01126	0.00813	0.00429	0.00410	0.00090	0.00441	0.00332	0.00327	0.70257
19	0.00829	0.00864	0.10046	0.00972	0.01157	0.00763	0.00854	0.01080	0.00923	0.01342	0.01425	0.02056	0.01303	0.03721	0.69061	0.00805	0.01404	0.00571	0.00289	0.00533
20	0.03550	0.02927	0.08468	0.05403	0.12680	0.01428	0.17112	0.21344	0.01537	0.02152	0.01156	0.03499	0.00936	0.00787	0.04192	0.00212	0.09268	0.00543	0.00352	0.02454
21	0.02106	0.02078	0.01585	0.01394	0.04139	0.44284	0.01055	0.23487	0.01862	0.11068	0.01158	0.01213	0.00864	0.00609	0.00524	0.00154	0.00812	0.00426	0.00411	0.00773

[dist]
# distance from previous block
# <min> <max>
0	1

[block]
# block no. 6 follows, 43 sequences, length 43
# corresponding to MSA columns:
# 253-260,265-268,270-282,284-301
name=unknown_G
#
# <colnr> <probs for GDERKNQSTAVLIFYWHMCP>
#	G	D	E	R	K	N	Q	S	T	A	V	L	I	F	Y	W	H	M	C	P
0	0.12451	0.06371	0.09750	0.01354	0.05684	0.18631	0.01119	0.25519	0.08768	0.02341	0.01147	0.01228	0.00872	0.00602	0.00520	0.00163	0.01863	0.00432	0.00396	0.00790
1	0.00859	0.00683	0.00978	0.00940	0.01010	0.00829	0.00726	0.01018	0.00872	0.01264	0.01400	0.02221	0.01367	0.14037	0.56025	0.00740	0.13642	0.00605	0.00293	0.00490
2	0.01170	0.09463	0.47178	0.01767	0.14491	0.01331	0.03832	0.01664	0.01205	0.01745	0.07114	0.01428	0.01103	0.00580	0.00576	0.00171	0.03655	0.00471	0.00273	0.00784
3	0.00962	0.00481	0.00722	0.00722	0.00722	0.00481	0.00481	0.00722	0.00722	0.00962	0.00962	0.01684	0.00962	0.01924	0.02165	0.83886	0.00481	0.00481	0.00241	0.00241
4	0.02069	0.02640	0.01569	0.01427	0.01712	0.78313	0.01070	0.02212	0.01569	0.01355	0.00856	0.00999	0.00713	0.00571	0.00499	0.00143	0.00999	0.00357	0.00285	0.00642
5	0.01240	0.01034	0.01192	0.00867	0.01345	0.00836	0.00695	0.09221	0.01301	0.01975	0.01065	0.02834	0.00893	0.00465	0.00432	0.00094	0.00429	0.00373	0.00356	0.73352
6	0.01449	0.00956	0.01055	0.03634	0.01285	0.05269	0.00731	0.04684	0.11475	0.22155	0.05150	0.05235	0.23470	0.00941	0.00585	0.00174	0.00443	0.03328	0.00533	0.07446
7	0.73446	0.01054	0.00877	0.00763	0.01117	0.01185	0.00629	0.01772	0.01029	0.12549	0.00961	0.01032	0.00703	0.00537	0.00371	0.00171	0.00434	0.00334	0.00389	0.00646
8	0.02058	0.01523	0.01609	0.01248	0.01671	0.03525	0.01022	0.67072	0.04945	0.05466	0.01384	0.01420	0.01001	0.02691	0.00611	0.00176	0.00607	0.00509	0.00546	0.00917
9	0.60113	0.07665	0.01160	0.03602	0.01311	0.04786	0.00742	0.11529	0.01214	0.02437	0.00857	0.00981	0.00665	0.00535	0.00386	0.00166	0.00502	0.00336	0.00357	0.00657
10	0.00701	0.02534	0.00653	0.00619	0.00794	0.00535	0.00462	0.00880	0.03387	0.01520	0.06636	0.15400	0.61159	0.01401	0.00652	0.00190	0.00298	0.01184	0.00511	0.00484
11	0.01012	0.00655	0.00913	0.01006	0.01154	0.00643	0.00869	0.01256	0.01291	0.07787	0.02877	0.09189	0.03061	0.01471	0.00746	0.00247	0.00498	0.64258	0.00524	0.00542
12	0.00980	0.00584	0.00924	0.09180	0.02837	0.00607	0.02537	0.00858	0.00815	0.01082	0.01080	0.03636	0.01065	0.01692	0.01841	0.66419	0.00521	0.02763	0.00258	0.00321
13	0.06114	0.04294	0.01926	0.04678	0.35508	0.32758	0.03472	0.01897	0.01362	0.01632	0.00944	0.01186	0.00785	0.00527	0.00515	0.00156	0.00793	0.00426	0.00281	0.00749
14	0.01634	0.01254	0.01607	0.23922	0.06438	0.07619	0.03450	0.13792	0.04278	0.16864	0.01352	0.03448	0.01016	0.00661	0.00661	0.00177	0.07422	0.00526	0.00410	0.03469
15	0.00798	0.00585	0.00862	0.00862	0.00950	0.00673	0.00657	0.00966	0.00878	0.01259	0.01489	0.02278	0.01422	0.10272	0.69872	0.03424	0.01376	0.00607	0.00298	0.00474
16	0.03904	0.14432	0.03843	0.01424	0.01791	0.50416	0.09180	0.03932	0.01474	0.03428	0.00919	0.01069	0.00746	0.00547	0.00494	0.00147	0.00887	0.00389	0.00295	0.00683
17	0.00795	0.00532	0.00607	0.00618	0.00620	0.00530	0.00350	0.00803	0.00826	0.01101	0.01851	0.09825	0.02147	0.74154	0.02648	0.00512	0.00519	0.00868	0.00350	0.00345
18	0.01148	0.00984	0.01148	0.00820	0.01312	0.00738	0.00656	0.01395	0.01148	0.01805	0.00984	0.01148	0.00820	0.00410	0.00410	0.00082	0.00410	0.00328	0.00328	0.83922
19	0.00884	0.00589	0.00775	0.00720	0.00867	0.00542	0.00547	0.01142	0.01563	0.06541	0.71061	0.04048	0.04964	0.01114	0.00650	0.00176	0.00278	0.02381	0.00612	0.00546
20	0.00803	0.00545	0.00642	0.00642	0.00656	0.00558	0.00383	0.00830	0.00817	0.01102	0.01710	0.03430	0.01929	0.70284	0.12956	0.00584	0.00664	0.00777	0.00330	0.00357
21	0.00675	0.00482	0.00643	0.00771	0.00803	0.00450	0.00514	0.00771	0.01060	0.01414	0.03053	0.80175	0.03663	0.01735	0.00707	0.00225	0.00321	0.01574	0.00514	0.00450
22	0.00674	0.00484	0.00640	0.00765	0.00802	0.00450	0.00511	0.00772	0.01066	0.01416	0.03130	0.77897	0.05890	0.01725	0.00705	0.00224	0.00320	0.01562	0.00514	0.00450
23	0.02013	0.01593	0.01605	0.01263	0.01682	0.07869	0.01029	0.60894	0.09468	0.03170	0.01372	0.01369	0.00992	0.00660	0.00547	0.00165	0.00621	0.00496	0.00528	0.02665
24	0.03377	0.05106	0.47223	0.03605	0.05903	0.07860	0.08996	0.01775	0.01236	0.03924	0.03198	0.01294	0.00876	0.00540	0.00529	0.00169	0.00781	0.00448	0.00274	0.02887
25	0.01818	0.03794	0.18012	0.01391	0.01879	0.15262	0.03407	0.39923	0.03422	0.02576	0.01161	0.01243	0.00852	0.00616	0.00560	0.00165	0.02200	0.00456	0.00417	0.00844
26	0.25796	0.01413	0.01418	0.01117	0.01532	0.01581	0.00922	0.54058	0.02126	0.03201	0.01169	0.01206	0.00843	0.00621	0.00493	0.00168	0.00557	0.00441	0.00493	0.00843
27	0.01353	0.01132	0.01197	0.01065	0.01371	0.01273	0.00836	0.11297	0.54922	0.02327	0.02619	0.02541	0.11860	0.00852	0.00581	0.00187	0.00440	0.02774	0.00554	0.00818
28	0.01283	0.01051	0.01582	0.11265	0.11501	0.01093	0.10772	0.18693	0.01503	0.04186	0.01849	0.28979	0.01859	0.00978	0.00620	0.00192	0.00570	0.00896	0.00433	0.00695
29	0.01368	0.00915	0.01069	0.01000	0.03372	0.00942	0.00747	0.06321	0.26417	0.16394	0.04714	0.13756	0.14557	0.03303	0.00669	0.00199	0.00418	0.02551	0.00556	0.00731
30	0.00722	0.00522	0.00688	0.00776	0.00848	0.00488	0.00558	0.00872	0.01197	0.01605	0.17476	0.52050	0.07986	0.01574	0.00701	0.00217	0.00331	0.10384	0.00532	0.00472
31	0.01284	0.01425	0.02846	0.14409	0.04817	0.03607	0.55064	0.01702	0.01255	0.01680	0.01066	0.01457	0.00815	0.00514	0.00700	0.00188	0.05575	0.00605	0.00272	0.00718
32	0.01251	0.02508	0.57647	0.01805	0.11525	0.02910	0.04882	0.07709	0.01311	0.01894	0.01029	0.01217	0.00749	0.00532	0.00536	0.00173	0.00790	0.00436	0.00268	0.00829
33	0.00892	0.00636	0.00776	0.00739	0.00879	0.00618	0.00557	0.01053	0.01268	0.07125	0.23022	0.11122	0.29499	0.09289	0.00969	0.00228	0.06745	0.03557	0.00512	0.00514
34	0.01977	0.00965	0.01216	0.00987	0.01333	0.00921	0.00792	0.16009	0.03529	0.44059	0.09440	0.12513	0.01982	0.00868	0.00586	0.00178	0.00456	0.00728	0.00627	0.00834
35	0.01494	0.09349	0.14880	0.01237	0.04203	0.10565	0.01095	0.15218	0.06689	0.08264	0.03423	0.12993	0.03985	0.00831	0.00559	0.00175	0.00607	0.03263	0.00429	0.00744
36	0.01369	0.01427	0.05724	0.09615	0.52674	0.04963	0.04187	0.03790	0.01264	0.01759	0.01011	0.01343	0.00837	0.00546	0.00652	0.00173	0.07085	0.00488	0.00276	0.00816
37	0.01941	0.04665	0.01719	0.01724	0.13732	0.61944	0.01167	0.03906	0.01533	0.01479	0.00895	0.01063	0.00745	0.00558	0.00504	0.00146	0.00923	0.00380	0.00289	0.00689
38	0.02725	0.04110	0.54214	0.01654	0.09765	0.01284	0.01769	0.01691	0.01174	0.03927	0.03426	0.01398	0.02804	0.00603	0.00634	0.00178	0.07124	0.00461	0.00272	0.00786
39	0.01349	0.05285	0.07988	0.08393	0.46679	0.08790	0.01532	0.01672	0.01267	0.01691	0.01202	0.01818	0.01073	0.00617	0.00556	0.00172	0.00691	0.08150	0.00293	0.00783
40	0.01553	0.01439	0.01863	0.10779	0.21154	0.09373	0.08782	0.20553	0.10522	0.02203	0.03154	0.01608	0.03247	0.00621	0.00563	0.00171	0.00672	0.00544	0.00393	0.00806
41	0.01450	0.04232	0.08581	0.01988	0.27319	0.13953	0.01311	0.06215	0.04464	0.03284	0.01293	0.01635	0.03899	0.03463	0.00790	0.00187	0.11269	0.02210	0.00322	0.02136
42	0.06133	0.03624	0.03857	0.04497	0.38001	0.20960	0.01320	0.03192	0.03174	0.01691	0.01062	0.01434	0.00921	0.07009	0.00703	0.00190	0.00721	0.00469	0.00296	0.00746

[dist]
# distance from previous block
# <min> <max>
0	1

[block]
# block no. 7 follows, 43 sequences, length 49
# corresponding to MSA columns:
# 308-321,332-366
name=unknown_H
#
# <colnr> <probs for GDERKNQSTAVLIFYWHMCP>
#	G	D	E	R	K	N	Q	S	T	A	V	L	I	F	Y	W	H	M	C	P
0	0.01002	0.00839	0.01125	0.01045	0.01153	0.02987	0.00833	0.06332	0.01020	0.01453	0.01303	0.01891	0.01203	0.03171	0.55362	0.00689	0.17178	0.00559	0.00304	0.00552
1	0.01354	0.01086	0.01341	0.03078	0.05318	0.01121	0.04500	0.05166	0.35943	0.07586	0.03555	0.07830	0.03049	0.00744	0.00553	0.00168	0.00469	0.00644	0.00489	0.16007
2	0.01708	0.01018	0.01307	0.01123	0.03516	0.01022	0.03836	0.14922	0.13611	0.27288	0.13128	0.08398	0.02132	0.00859	0.00595	0.00181	0.00473	0.03496	0.00584	0.00805
3	0.01590	0.30228	0.03983	0.01275	0.04789	0.28893	0.01040	0.03025	0.02871	0.01440	0.03051	0.01204	0.00924	0.00862	0.06630	0.00204	0.06638	0.00396	0.00283	0.00674
4	0.00784	0.00566	0.00740	0.00697	0.00827	0.00523	0.00523	0.01045	0.01568	0.02221	0.76789	0.04137	0.05226	0.01132	0.00653	0.00174	0.00261	0.01002	0.00610	0.00523
5	0.02426	0.00970	0.01294	0.01000	0.01423	0.00864	0.00823	0.04751	0.04845	0.72124	0.02164	0.01877	0.01373	0.00688	0.00557	0.00172	0.00474	0.00558	0.00676	0.00940
6	0.01141	0.09131	0.71661	0.01528	0.02319	0.01359	0.01958	0.01746	0.01166	0.01718	0.00976	0.01147	0.00702	0.00522	0.00512	0.00171	0.00800	0.00400	0.00234	0.00810
7	0.00799	0.00538	0.00602	0.00602	0.00610	0.00534	0.00339	0.00805	0.00824	0.01091	0.01902	0.03693	0.05046	0.77330	0.02731	0.00523	0.00527	0.00820	0.00343	0.00341
8	0.01560	0.65196	0.05720	0.01046	0.01508	0.12624	0.01011	0.03356	0.01221	0.01377	0.00803	0.00925	0.00716	0.00493	0.00386	0.00125	0.00658	0.00314	0.00250	0.00711
9	0.00701	0.00501	0.00671	0.00791	0.00837	0.00471	0.00550	0.00820	0.01106	0.01477	0.06732	0.69476	0.03697	0.01686	0.00710	0.00225	0.00336	0.08239	0.00519	0.00459
10	0.00778	0.00566	0.00732	0.00690	0.00824	0.00520	0.00518	0.01033	0.01553	0.02186	0.73338	0.04195	0.08699	0.01145	0.00653	0.00175	0.00262	0.01010	0.00605	0.00520
11	0.00892	0.00637	0.00892	0.01020	0.01147	0.00637	0.00892	0.01147	0.01275	0.01657	0.02932	0.06247	0.03187	0.01530	0.00765	0.00255	0.00510	0.73354	0.00510	0.00510
12	0.01249	0.01551	0.10020	0.02151	0.02699	0.01335	0.62456	0.01711	0.01262	0.01734	0.01137	0.01517	0.00870	0.00760	0.06705	0.00241	0.00966	0.00626	0.00277	0.00734
13	0.01378	0.01190	0.01252	0.01127	0.01440	0.01378	0.00877	0.02943	0.76081	0.02317	0.02254	0.02066	0.01691	0.00751	0.00564	0.00188	0.00438	0.00626	0.00564	0.00877
14	0.01329	0.01136	0.01213	0.01105	0.01401	0.01305	0.00864	0.02774	0.69228	0.02278	0.05199	0.02368	0.01907	0.00807	0.00578	0.00191	0.00435	0.04476	0.00563	0.00843
15	0.01480	0.01279	0.02154	0.03163	0.69679	0.01267	0.01613	0.01797	0.01293	0.09211	0.01154	0.01421	0.00926	0.00512	0.00549	0.00165	0.00640	0.00500	0.00314	0.00884
16	0.02101	0.01132	0.01414	0.04094	0.01569	0.01165	0.00930	0.24136	0.03415	0.40825	0.05797	0.01776	0.01383	0.00722	0.00660	0.00176	0.06680	0.00557	0.00588	0.00879
17	0.63731	0.01365	0.12409	0.00981	0.01413	0.01250	0.06395	0.01685	0.01020	0.04274	0.00867	0.01010	0.00653	0.00517	0.00399	0.00173	0.00525	0.00349	0.00331	0.00652
18	0.01378	0.01190	0.01252	0.01127	0.01440	0.01378	0.00877	0.02943	0.76081	0.02317	0.02254	0.02066	0.01691	0.00751	0.00564	0.00188	0.00438	0.00626	0.00564	0.00877
19	0.01181	0.01166	0.01603	0.15194	0.01844	0.03676	0.01195	0.01355	0.00947	0.01388	0.00887	0.04329	0.00850	0.00870	0.01402	0.00216	0.54016	0.00513	0.00262	0.07105
20	0.03960	0.56504	0.02446	0.01049	0.01472	0.15879	0.00957	0.03435	0.07082	0.01472	0.00913	0.01010	0.00789	0.00518	0.00402	0.00131	0.00650	0.00337	0.00281	0.00713
21	0.02049	0.01523	0.01630	0.01263	0.01696	0.01691	0.01039	0.69593	0.08338	0.03399	0.01402	0.01387	0.01000	0.00672	0.00555	0.00168	0.00596	0.00509	0.00555	0.00937
22	0.01428	0.03780	0.52604	0.01495	0.03700	0.03395	0.03814	0.04733	0.01315	0.14977	0.01252	0.01412	0.00889	0.00579	0.00538	0.00174	0.00744	0.02007	0.00334	0.00830
23	0.01993	0.01552	0.07509	0.01241	0.01700	0.01545	0.01080	0.58487	0.03765	0.10153	0.01565	0.01537	0.03888	0.00686	0.00556	0.00169	0.00597	0.00525	0.00540	0.00913
24	0.01032	0.00516	0.00516	0.00516	0.00645	0.00516	0.00387	0.01290	0.01161	0.02065	0.01807	0.02065	0.01420	0.00645	0.00387	0.00129	0.00258	0.00516	0.83611	0.00516
25	0.00674	0.00484	0.00640	0.00765	0.00802	0.00450	0.00511	0.00772	0.01066	0.01416	0.03126	0.78023	0.05767	0.01726	0.00705	0.00224	0.00320	0.01563	0.00514	0.00450
26	0.01347	0.01402	0.10687	0.20499	0.38782	0.01261	0.08474	0.01725	0.01245	0.07613	0.01120	0.01424	0.00860	0.00524	0.00558	0.00173	0.00706	0.00503	0.00296	0.00803
27	0.01295	0.02506	0.62038	0.01638	0.06734	0.01235	0.03930	0.01863	0.01228	0.10734	0.01141	0.01275	0.00795	0.00541	0.00535	0.00175	0.00771	0.00439	0.00291	0.00835
28	0.19961	0.01630	0.17188	0.04981	0.06541	0.03943	0.26019	0.01793	0.01205	0.07796	0.01070	0.01294	0.00790	0.00529	0.00569	0.00179	0.02974	0.00487	0.00314	0.00738
29	0.01599	0.01276	0.01360	0.01161	0.01511	0.01449	0.00920	0.21706	0.54805	0.04838	0.02012	0.01870	0.01487	0.00727	0.00561	0.00182	0.00484	0.00591	0.00565	0.00895
30	0.01032	0.00516	0.00516	0.00516	0.00645	0.00516	0.00387	0.01290	0.01161	0.02065	0.01807	0.02065	0.01420	0.00645	0.00387	0.00129	0.00258	0.00516	0.83611	0.00516
31	0.00675	0.00482	0.00643	0.00771	0.00803	0.00450	0.00514	0.00771	0.01060	0.01414	0.03053	0.80175	0.03663	0.01735	0.00707	0.00225	0.00321	0.01574	0.00514	0.00450
32	0.01148	0.00984	0.01148	0.00820	0.01312	0.00738	0.00656	0.01395	0.01148	0.01805	0.00984	0.01148	0.00820	0.00410	0.00410	0.00082	0.00410	0.00328	0.00328	0.83922
33	0.00675	0.00482	0.00643	0.00771	0.00803	0.00450	0.00514	0.00771	0.01060	0.01414	0.03053	0.80175	0.03663	0.01735	0.00707	0.00225	0.00321	0.01574	0.00514	0.00450
34	0.84448	0.01071	0.00814	0.00728	0.01071	0.01242	0.00600	0.01628	0.00943	0.02485	0.00771	0.00900	0.00600	0.00514	0.00343	0.00171	0.00428	0.00300	0.00343	0.00600
35	0.84448	0.01071	0.00814	0.00728	0.01071	0.01242	0.00600	0.01628	0.00943	0.02485	0.00771	0.00900	0.00600	0.00514	0.00343	0.00171	0.00428	0.00300	0.00343	0.00600
36	0.00868	0.00718	0.01157	0.01058	0.01189	0.00829	0.07198	0.01083	0.00923	0.01332	0.01395	0.02044	0.01288	0.03595	0.65858	0.00780	0.07278	0.00590	0.00291	0.00525
37	0.02105	0.01551	0.01662	0.01274	0.01717	0.01717	0.01053	0.75235	0.02604	0.03490	0.01330	0.01330	0.00942	0.00665	0.00554	0.00166	0.00609	0.00499	0.00554	0.00942
38	0.00784	0.00566	0.00740	0.00697	0.00827	0.00523	0.00523	0.01045	0.01568	0.02221	0.76789	0.04137	0.05226	0.01132	0.00653	0.00174	0.00261	0.01002	0.00610	0.00523
39	0.00919	0.00481	0.00710	0.00729	0.00734	0.00476	0.00486	0.00729	0.00772	0.01030	0.01275	0.13418	0.01366	0.01896	0.01947	0.71380	0.00457	0.00644	0.00281	0.00272
40	0.02125	0.01462	0.01600	0.01233	0.01669	0.01593	0.01016	0.63507	0.05254	0.12621	0.01471	0.01426	0.01023	0.00671	0.00555	0.00168	0.00586	0.00511	0.00571	0.00939
41	0.02189	0.01418	0.01579	0.01211	0.01651	0.01519	0.01000	0.59305	0.02380	0.19736	0.01518	0.01452	0.01036	0.00669	0.00555	0.00167	0.00579	0.00511	0.00583	0.00942
42	0.00684	0.00489	0.00643	0.00757	0.00795	0.00457	0.00505	0.00784	0.01073	0.01432	0.05867	0.72495	0.05069	0.05123	0.00795	0.00236	0.00328	0.01511	0.00510	0.00448
43	0.01148	0.00984	0.01148	0.00820	0.01312	0.00738	0.00656	0.01395	0.01148	0.01805	0.00984	0.01148	0.00820	0.00410	0.00410	0.00082	0.00410	0.00328	0.00328	0.83922
44	0.01195	0.01015	0.01173	0.00851	0.01334	0.00804	0.00681	0.04292	0.04454	0.01892	0.01053	0.01195	0.00863	0.00435	0.00422	0.00090	0.00419	0.00348	0.00347	0.77139
45	0.00769	0.00672	0.00673	0.00688	0.00862	0.03676	0.00523	0.00978	0.04500	0.01534	0.04746	0.12751	0.55740	0.01387	0.00661	0.00196	0.00343	0.08300	0.00507	0.00495
46	0.01860	0.08256	0.01665	0.01420	0.07259	0.42061	0.01042	0.15247	0.01655	0.03417	0.01166	0.01272	0.03663	0.00596	0.00502	0.00144	0.00787	0.00421	0.00350	0.07219
47	0.01300	0.03490	0.04226	0.00975	0.01264	0.15004	0.00790	0.05757	0.12731	0.05275	0.19724	0.02760	0.13597	0.02273	0.00610	0.00171	0.00506	0.01917	0.00475	0.07154
48	0.08076	0.01365	0.01454	0.01144	0.01558	0.01480	0.00935	0.48594	0.12148	0.06706	0.01547	0.01522	0.03160	0.00667	0.00531	0.00164	0.00541	0.00509	0.00527	0.07370

[dist]
# distance from previous block
# <min> <max>
1	5

[block]
# block no. 8 follows, 43 sequences, length 49
# corresponding to MSA columns:
# 383-402,404-428,441-444
name=unknown_I
#
# <colnr> <probs for GDERKNQSTAVLIFYWHMCP>
#	G	D	E	R	K	N	Q	S	T	A	V	L	I	F	Y	W	H	M	C	P
0	0.01728	0.01257	0.01664	0.08445	0.01896	0.01315	0.09777	0.28027	0.10790	0.14538	0.01518	0.03618	0.01125	0.00655	0.00589	0.00169	0.02567	0.00552	0.00484	0.09288
1	0.01371	0.01316	0.02248	0.03399	0.77081	0.01316	0.01700	0.01700	0.01261	0.01809	0.01042	0.01371	0.00877	0.00493	0.00548	0.00164	0.00658	0.00493	0.00274	0.00877
2	0.04318	0.01005	0.01152	0.00831	0.01316	0.00788	0.00666	0.03683	0.01186	0.01882	0.00987	0.01145	0.00816	0.00422	0.00412	0.00088	0.00417	0.00332	0.00336	0.78219
3	0.00716	0.00576	0.00642	0.00642	0.00803	0.00512	0.00479	0.00930	0.03723	0.01695	0.22612	0.12154	0.48340	0.01350	0.00659	0.00189	0.00290	0.02655	0.00539	0.00493
4	0.00687	0.00552	0.00612	0.00618	0.00773	0.00478	0.00456	0.00849	0.01307	0.01652	0.21613	0.14432	0.51262	0.01382	0.00661	0.00189	0.00281	0.01181	0.00536	0.00478
5	0.00710	0.00505	0.00676	0.00800	0.00844	0.00479	0.00560	0.00825	0.01081	0.01436	0.02990	0.67207	0.03539	0.04498	0.00790	0.00240	0.00355	0.11506	0.00507	0.00454
6	0.01653	0.00960	0.01150	0.00983	0.01295	0.00980	0.00776	0.02430	0.32270	0.29978	0.16555	0.04527	0.02305	0.00827	0.00582	0.00180	0.00413	0.00699	0.00616	0.00821
7	0.00838	0.00604	0.00758	0.00747	0.00894	0.00567	0.00573	0.01121	0.04796	0.03943	0.44460	0.11230	0.16214	0.01249	0.00665	0.00191	0.00313	0.09730	0.00574	0.00533
8	0.02337	0.00976	0.01281	0.01004	0.01417	0.00889	0.00822	0.02732	0.11548	0.67415	0.02194	0.01909	0.01414	0.00694	0.00558	0.00174	0.00467	0.00566	0.00669	0.00934
9	0.02105	0.01551	0.01662	0.01274	0.01717	0.01717	0.01053	0.75235	0.02604	0.03490	0.01330	0.01330	0.00942	0.00665	0.00554	0.00166	0.00609	0.00499	0.00554	0.00942
10	0.00937	0.00764	0.01243	0.01189	0.01386	0.00742	0.12712	0.01216	0.01284	0.01681	0.05399	0.07332	0.06670	0.01345	0.00736	0.00237	0.00552	0.53553	0.00477	0.00545
11	0.01481	0.80869	0.02902	0.00948	0.01421	0.02191	0.00948	0.01658	0.01125	0.01303	0.00770	0.00888	0.00711	0.00474	0.00355	0.00118	0.00592	0.00296	0.00237	0.00711
12	0.02141	0.01458	0.01600	0.01231	0.01669	0.01584	0.01015	0.63462	0.04186	0.13740	0.01470	0.01424	0.01019	0.00670	0.00555	0.00167	0.00586	0.00510	0.00573	0.00940
13	0.04647	0.00954	0.01272	0.00983	0.01405	0.00844	0.00810	0.02678	0.03962	0.73039	0.02149	0.01864	0.01361	0.00683	0.00551	0.00172	0.00469	0.00552	0.00672	0.00931
14	0.02105	0.01551	0.01662	0.01274	0.01717	0.01717	0.01053	0.75235	0.02604	0.03490	0.01330	0.01330	0.00942	0.00665	0.00554	0.00166	0.00609	0.00499	0.00554	0.00942
15	0.00798	0.00534	0.00606	0.00614	0.00615	0.00532	0.00346	0.00803	0.00820	0.01093	0.01820	0.08023	0.02108	0.76009	0.02698	0.00519	0.00525	0.00850	0.00346	0.00342
