[name]
unknown

[dist]
# distance from previous block
# <min> <max>
35	244

[block]
# block no. 0 follows, 50 sequences, length 48
# corresponding to MSA columns:
# 280-327
name=unknown_A
#
# <colnr> <probs for GDERKNQSTAVLIFYWHMCP>
#	G	D	E	R	K	N	Q	S	T	A	V	L	I	F	Y	W	H	M	C	P
0	0.01633	0.01127	0.04381	0.01054	0.01411	0.01114	0.05582	0.27959	0.13633	0.22270	0.05680	0.01780	0.05769	0.00663	0.00528	0.00157	0.01652	0.00544	0.02296	0.00767
1	0.01490	0.05721	0.06076	0.07075	0.01637	0.06279	0.10273	0.05085	0.06957	0.23766	0.05792	0.01537	0.01159	0.02249	0.00709	0.00170	0.12449	0.00495	0.00392	0.00688
2	0.01852	0.00947	0.01199	0.08642	0.01486	0.02082	0.00814	0.12020	0.09827	0.47612	0.05326	0.01755	0.02835	0.00639	0.00506	0.00156	0.00455	0.00522	0.00540	0.00784
3	0.08219	0.01175	0.03539	0.12450	0.05098	0.05543	0.00934	0.25723	0.04699	0.16342	0.02433	0.02903	0.03061	0.00594	0.00480	0.00150	0.00523	0.00471	0.00422	0.05242
4	0.06837	0.01007	0.01423	0.16151	0.06676	0.01086	0.10018	0.06785	0.22761	0.12401	0.01588	0.05806	0.02837	0.00640	0.00511	0.00165	0.00516	0.01692	0.00405	0.00694
5	0.02769	0.06586	0.38782	0.06150	0.17048	0.05805	0.06985	0.04962	0.01157	0.03843	0.00932	0.01121	0.00699	0.00474	0.00476	0.00152	0.00686	0.00400	0.00250	0.00722
6	0.06050	0.01177	0.07367	0.13809	0.25268	0.03148	0.12998	0.01557	0.06248	0.06129	0.01171	0.05525	0.00969	0.00743	0.05501	0.00200	0.00656	0.00515	0.00296	0.00674
7	0.01472	0.01180	0.01725	0.03485	0.45754	0.01221	0.01248	0.18112	0.09205	0.09794	0.01205	0.01336	0.00918	0.00519	0.00497	0.00151	0.00547	0.00463	0.00364	0.00804
8	0.01839	0.01346	0.01412	0.01088	0.01482	0.05772	0.00892	0.58510	0.02071	0.10299	0.01216	0.01212	0.00863	0.00572	0.00483	0.00141	0.00538	0.00431	0.00476	0.09355
9	0.01291	0.01128	0.03892	0.24130	0.27351	0.02306	0.13704	0.01665	0.05154	0.12749	0.01135	0.01367	0.00845	0.00494	0.00511	0.00158	0.00627	0.00478	0.00306	0.00709
10	0.01326	0.05547	0.09688	0.07536	0.44319	0.08735	0.01364	0.04636	0.05503	0.05118	0.01018	0.01222	0.00807	0.00483	0.00480	0.00148	0.00617	0.00425	0.00282	0.00746
11	0.08941	0.00711	0.00830	0.00863	0.01032	0.00757	0.00709	0.01404	0.19632	0.01672	0.02496	0.11907	0.07967	0.01133	0.00596	0.00201	0.00404	0.37752	0.00457	0.00537
12	0.12715	0.00555	0.00659	0.00700	0.00805	0.00544	0.00493	0.00988	0.00977	0.09739	0.02309	0.57669	0.02606	0.05987	0.00686	0.00207	0.00328	0.01119	0.00448	0.00465
13	0.06320	0.00565	0.00737	0.00836	0.05172	0.00560	0.00578	0.00917	0.00989	0.03499	0.05895	0.30528	0.10302	0.06295	0.09144	0.05204	0.00462	0.11147	0.00404	0.00446
14	0.00710	0.00531	0.00776	0.00776	0.00870	0.00607	0.00602	0.00887	0.00827	0.01185	0.01557	0.02120	0.05753	0.03517	0.73893	0.00747	0.01245	0.00562	0.02391	0.00444
15	0.00633	0.00434	0.00586	0.00690	0.00716	0.00408	0.00460	0.00690	0.00924	0.01231	0.02558	0.74042	0.03052	0.01579	0.00768	0.08786	0.00304	0.01318	0.00438	0.00386
16	0.18656	0.00836	0.00876	0.00816	0.01039	0.00920	0.00636	0.03624	0.29424	0.05012	0.11987	0.12476	0.02006	0.00824	0.00496	0.00169	0.00360	0.05011	0.04215	0.00616
17	0.29361	0.00916	0.01030	0.00825	0.01180	0.00911	0.00679	0.06450	0.02799	0.47387	0.02737	0.01415	0.01047	0.00573	0.00440	0.00154	0.00415	0.00431	0.00507	0.00741
18	0.00822	0.00518	0.00686	0.00718	0.00825	0.00479	0.00535	0.00979	0.01153	0.09385	0.22051	0.39631	0.07237	0.01289	0.00615	0.00188	0.00311	0.11603	0.00499	0.00474
19	0.01159	0.00630	0.00825	0.00717	0.00917	0.00578	0.00558	0.01435	0.04824	0.23847	0.54019	0.03071	0.03587	0.00891	0.00560	0.00157	0.00295	0.00774	0.00566	0.00591
20	0.07447	0.00575	0.00666	0.00634	0.00740	0.00571	0.00440	0.01065	0.04280	0.07271	0.25744	0.09821	0.02670	0.31980	0.01296	0.00284	0.00366	0.00773	0.02928	0.00447
21	0.21115	0.00831	0.00980	0.00793	0.01111	0.00797	0.00637	0.01990	0.02856	0.49736	0.04356	0.01727	0.01262	0.08836	0.00665	0.00188	0.00414	0.00486	0.00510	0.00708
22	0.00798	0.00570	0.00796	0.00902	0.01017	0.00568	0.00785	0.01028	0.01162	0.01520	0.06896	0.05517	0.02971	0.01357	0.00683	0.00225	0.00447	0.71837	0.00464	0.00460
23	0.00691	0.00509	0.00647	0.00612	0.00736	0.00464	0.00459	0.00913	0.01377	0.01919	0.70042	0.03855	0.13821	0.01049	0.00588	0.00158	0.00237	0.00920	0.00538	0.00464
24	0.80870	0.00957	0.00759	0.00670	0.00983	0.01095	0.00552	0.01524	0.00884	0.06985	0.00772	0.00864	0.00582	0.00472	0.00320	0.00154	0.00388	0.00284	0.00327	0.00559
25	0.03806	0.00710	0.00864	0.00743	0.00975	0.00678	0.00583	0.09454	0.01363	0.27945	0.16655	0.12135	0.04148	0.00815	0.00502	0.00153	0.00342	0.00687	0.16816	0.00627
26	0.01619	0.01259	0.01341	0.01091	0.01441	0.01417	0.00881	0.46100	0.34404	0.02697	0.01547	0.01476	0.01131	0.00631	0.00502	0.00158	0.00484	0.00497	0.00502	0.00823
27	0.00712	0.00534	0.00801	0.00801	0.00890	0.00623	0.00623	0.00890	0.00801	0.01157	0.01335	0.01958	0.01246	0.03738	0.80507	0.00801	0.01335	0.00534	0.00267	0.00445
28	0.02221	0.00873	0.01172	0.00898	0.01285	0.00769	0.00742	0.05759	0.01467	0.76332	0.01932	0.01674	0.01217	0.00616	0.00501	0.00154	0.00430	0.00499	0.00612	0.00848
29	0.02077	0.00973	0.01225	0.00954	0.01329	0.00930	0.00791	0.21417	0.01645	0.56360	0.01806	0.01769	0.01219	0.00651	0.00510	0.00157	0.00457	0.04322	0.00579	0.00828
30	0.00705	0.00510	0.00666	0.00627	0.00745	0.00470	0.00470	0.00941	0.01411	0.01999	0.79110	0.03723	0.04703	0.01019	0.00588	0.00157	0.00235	0.00901	0.00549	0.00470
31	0.01034	0.00886	0.01034	0.00738	0.01181	0.00664	0.00591	0.01255	0.01034	0.01624	0.00886	0.01034	0.00738	0.00369	0.00369	0.00074	0.00369	0.00295	0.00295	0.85530
32	0.00607	0.00434	0.00578	0.00694	0.00723	0.00405	0.00463	0.00694	0.00954	0.01272	0.02747	0.82157	0.03297	0.01562	0.00636	0.00202	0.00289	0.01417	0.00463	0.00405
33	0.00712	0.00534	0.00801	0.00801	0.00890	0.00623	0.00623	0.00890	0.00801	0.01157	0.01335	0.01958	0.01246	0.03738	0.80507	0.00801	0.01335	0.00534	0.00267	0.00445
34	0.00968	0.00925	0.01598	0.73233	0.07097	0.01119	0.05463	0.01303	0.01013	0.01308	0.00895	0.01325	0.00675	0.00492	0.00503	0.00165	0.00670	0.00451	0.00224	0.00572
35	0.00926	0.00812	0.01240	0.45880	0.04435	0.00954	0.01111	0.01347	0.10670	0.01425	0.01549	0.10341	0.01457	0.00793	0.00549	0.00182	0.00552	0.14893	0.00327	0.00556
36	0.00722	0.00482	0.00545	0.00547	0.00548	0.00481	0.00306	0.00724	0.00731	0.00974	0.01600	0.05215	0.01849	0.80480	0.02490	0.00476	0.00478	0.00742	0.00306	0.00305
37	0.00929	0.00465	0.00465	0.00465	0.00581	0.00465	0.00348	0.01161	0.01045	0.01858	0.01626	0.01858	0.01278	0.00581	0.00348	0.00116	0.00232	0.00465	0.85250	0.00465
38	0.01283	0.01295	0.02762	0.01979	0.02471	0.01207	0.69831	0.01680	0.01202	0.09459	0.01105	0.01380	0.00804	0.00440	0.00579	0.00167	0.00798	0.00579	0.00289	0.00690
39	0.02141	0.00828	0.01119	0.00865	0.01238	0.00715	0.00712	0.02330	0.01410	0.75187	0.02145	0.01876	0.05741	0.00654	0.00506	0.00155	0.00414	0.00533	0.00608	0.00824
40	0.01240	0.01071	0.01127	0.01014	0.01296	0.01240	0.00789	0.02649	0.78473	0.02085	0.02029	0.01860	0.01522	0.00676	0.00507	0.00169	0.00394	0.00564	0.00507	0.00789
41	0.86003	0.00964	0.00733	0.00655	0.00964	0.01118	0.00540	0.01465	0.00848	0.02236	0.00694	0.00810	0.00540	0.00463	0.00308	0.00154	0.00386	0.00270	0.00308	0.00540
42	0.00714	0.00527	0.00765	0.00765	0.00842	0.00604	0.00578	0.00867	0.00790	0.01131	0.01368	0.02139	0.01325	0.14678	0.69675	0.00757	0.01217	0.00561	0.00272	0.00425
43	0.86003	0.00964	0.00733	0.00655	0.00964	0.01118	0.00540	0.01465	0.00848	0.02236	0.00694	0.00810	0.00540	0.00463	0.00308	0.00154	0.00386	0.00270	0.00308	0.00540
44	0.86003	0.00964	0.00733	0.00655	0.00964	0.01118	0.00540	0.01465	0.00848	0.02236	0.00694	0.00810	0.00540	0.00463	0.00308	0.00154	0.00386	0.00270	0.00308	0.00540
45	0.01290	0.01059	0.01129	0.01008	0.01295	0.01214	0.00786	0.02637	0.74561	0.06027	0.02026	0.01851	0.01507	0.00673	0.00507	0.00168	0.00396	0.00560	0.00513	0.00792
46	0.00737	0.00562	0.00683	0.00644	0.00785	0.00535	0.00485	0.01065	0.08664	0.01900	0.59634	0.03723	0.16646	0.01027	0.00580	0.00160	0.00253	0.00894	0.00531	0.00492
47	0.05459	0.01203	0.02397	0.18513	0.02592	0.01215	0.51711	0.01558	0.03047	0.03496	0.01006	0.01328	0.00754	0.00463	0.00581	0.00168	0.03067	0.00535	0.00263	0.00644

[dist]
# distance from previous block
# <min> <max>
1	2

[block]
# block no. 1 follows, 50 sequences, length 18
# corresponding to MSA columns:
# 330-347
name=unknown_B
#
# <colnr> <probs for GDERKNQSTAVLIFYWHMCP>
#	G	D	E	R	K	N	Q	S	T	A	V	L	I	F	Y	W	H	M	C	P
0	0.01145	0.02039	0.53359	0.10583	0.02185	0.01119	0.06011	0.01699	0.05958	0.09596	0.01081	0.01218	0.00760	0.00501	0.00488	0.00160	0.00681	0.00416	0.00275	0.00727
1	0.06824	0.01191	0.01247	0.01044	0.01373	0.01352	0.00835	0.31971	0.43780	0.02508	0.01619	0.01534	0.01196	0.00632	0.00491	0.00161	0.00454	0.00500	0.00491	0.00796
2	0.00684	0.00493	0.00647	0.00642	0.00740	0.00456	0.00469	0.00887	0.01311	0.01841	0.62473	0.20811	0.04397	0.01137	0.00598	0.00167	0.00247	0.01014	0.00530	0.00456
3	0.01000	0.02578	0.79900	0.01421	0.02157	0.01158	0.01842	0.01579	0.01052	0.01579	0.00895	0.01052	0.00631	0.00474	0.00474	0.00158	0.00737	0.00368	0.00210	0.00737
4	0.01052	0.13153	0.65958	0.01378	0.02062	0.01271	0.05346	0.01568	0.01053	0.01526	0.00873	0.01033	0.00639	0.00465	0.00459	0.00152	0.00715	0.00365	0.00213	0.00721
5	0.01234	0.01184	0.02023	0.03059	0.79373	0.01184	0.01530	0.01530	0.01135	0.01628	0.00938	0.01234	0.00790	0.00444	0.00493	0.00148	0.00592	0.00444	0.00247	0.00790
6	0.00596	0.00477	0.00534	0.00579	0.00693	0.00415	0.00412	0.00707	0.01065	0.01318	0.04150	0.35020	0.49528	0.01379	0.00608	0.00182	0.00267	0.01195	0.00463	0.00415
7	0.01779	0.01105	0.09417	0.08301	0.06163	0.00920	0.04939	0.08484	0.01397	0.45883	0.05277	0.01607	0.01204	0.00589	0.00506	0.00156	0.00511	0.00498	0.00486	0.00780
8	0.01046	0.01133	0.10530	0.63857	0.03092	0.01158	0.01392	0.09154	0.01141	0.01500	0.00919	0.01283	0.00679	0.00506	0.00496	0.00163	0.00661	0.00435	0.00249	0.00605
9	0.01065	0.01237	0.09728	0.15233	0.01912	0.01386	0.10030	0.01297	0.00881	0.01297	0.00760	0.01157	0.00665	0.00715	0.01199	0.00197	0.49989	0.00448	0.00222	0.00581
10	0.02878	0.06877	0.06234	0.14617	0.10104	0.01072	0.01032	0.10808	0.04645	0.29792	0.01451	0.01645	0.01063	0.00598	0.00493	0.00157	0.00524	0.04843	0.00425	0.00741
11	0.05032	0.05717	0.16336	0.09899	0.18043	0.11190	0.06073	0.07811	0.01170	0.01571	0.00946	0.03279	0.00785	0.00637	0.00627	0.08910	0.00641	0.00431	0.00263	0.00638
12	0.01449	0.30768	0.11191	0.00991	0.01383	0.05870	0.00933	0.18140	0.01376	0.10318	0.02701	0.10451	0.01133	0.00638	0.00446	0.00141	0.00536	0.00492	0.00357	0.00686
13	0.41982	0.01102	0.04575	0.01090	0.12561	0.04166	0.00774	0.01440	0.00975	0.01901	0.00797	0.00951	0.00642	0.00436	0.00366	0.00129	0.00447	0.00309	0.00289	0.25068
14	0.01264	0.11333	0.18527	0.04354	0.04509	0.05377	0.01077	0.03395	0.35851	0.05236	0.01441	0.01472	0.01095	0.02286	0.00515	0.00162	0.00536	0.00462	0.00373	0.00733
15	0.01522	0.00924	0.04599	0.00963	0.04324	0.00841	0.00765	0.10601	0.10234	0.31775	0.25306	0.02228	0.02234	0.00731	0.00526	0.00156	0.00398	0.00616	0.00537	0.00719
16	0.01362	0.00983	0.01245	0.09407	0.10050	0.01039	0.00888	0.09500	0.27589	0.14792	0.10502	0.01802	0.01552	0.00633	0.00503	0.00154	0.00444	0.00537	0.00457	0.06563
17	0.01339	0.09532	0.05525	0.01244	0.11548	0.02996	0.00921	0.19705	0.16309	0.05728	0.09961	0.07838	0.01561	0.00682	0.00496	0.00152	0.00476	0.00567	0.00420	0.02999

[dist]
# distance from previous block
# <min> <max>
0	31

[block]
# block no. 2 follows, 50 sequences, length 24
# corresponding to MSA columns:
# 379-402
name=unknown_C
#
# <colnr> <probs for GDERKNQSTAVLIFYWHMCP>
#	G	D	E	R	K	N	Q	S	T	A	V	L	I	F	Y	W	H	M	C	P
0	0.00939	0.00869	0.01464	0.78310	0.03330	0.01083	0.01349	0.01251	0.00984	0.01258	0.00885	0.01336	0.00672	0.00544	0.00552	0.03314	0.00656	0.00443	0.00221	0.00541
1	0.01054	0.06571	0.70426	0.01411	0.02107	0.04082	0.04444	0.01590	0.01068	0.01546	0.00884	0.01044	0.00637	0.00471	0.00469	0.00155	0.00736	0.00369	0.00214	0.00724
2	0.00602	0.00488	0.00534	0.00559	0.00690	0.00421	0.00405	0.00727	0.01113	0.01376	0.09908	0.23143	0.55664	0.01316	0.00600	0.00176	0.00260	0.01128	0.00469	0.00421
3	0.00902	0.00656	0.00925	0.15740	0.04888	0.00665	0.00713	0.01188	0.04035	0.07784	0.47064	0.03020	0.08708	0.00870	0.00558	0.00159	0.00353	0.00763	0.00472	0.00537
4	0.00689	0.00509	0.00644	0.00610	0.00735	0.00463	0.00458	0.00909	0.01373	0.01908	0.68846	0.03872	0.15024	0.01053	0.00588	0.00158	0.00238	0.00922	0.00537	0.00463
5	0.01124	0.01134	0.02322	0.01712	0.02086	0.01096	0.54606	0.04453	0.01098	0.01493	0.00995	0.01392	0.00800	0.00834	0.04513	0.16041	0.02916	0.00547	0.00255	0.00581
6	0.00725	0.00483	0.00544	0.00544	0.00544	0.00483	0.00302	0.00725	0.00725	0.00966	0.01571	0.03262	0.01812	0.82483	0.02537	0.00483	0.00483	0.00725	0.00302	0.00302
7	0.01865	0.02299	0.01419	0.01273	0.01541	0.74327	0.00962	0.07894	0.01485	0.01370	0.00804	0.00922	0.00658	0.00520	0.00453	0.00130	0.00872	0.00331	0.00276	0.00599
8	0.02210	0.00891	0.01183	0.00907	0.01294	0.00796	0.00749	0.08298	0.01498	0.73748	0.01906	0.01658	0.01204	0.00615	0.00501	0.00154	0.00434	0.00497	0.00608	0.00848
9	0.01333	0.82783	0.02612	0.00853	0.01279	0.01972	0.00853	0.01493	0.01013	0.01173	0.00693	0.00800	0.00640	0.00426	0.00320	0.00107	0.00533	0.00267	0.00213	0.00640
10	0.00698	0.00509	0.00657	0.00620	0.00740	0.00467	0.00465	0.00927	0.01394	0.01959	0.74645	0.03788	0.09193	0.01034	0.00588	0.00157	0.00236	0.00911	0.00544	0.00467
11	0.02193	0.00918	0.01200	0.00920	0.01307	0.00836	0.00760	0.12043	0.01544	0.69940	0.01868	0.01633	0.01185	0.00615	0.00501	0.00154	0.00440	0.00495	0.00602	0.00848
12	0.01282	0.70677	0.14277	0.00939	0.01412	0.01849	0.01002	0.01506	0.01019	0.01234	0.00723	0.00838	0.00638	0.00434	0.00343	0.00114	0.00564	0.00282	0.00213	0.00654
13	0.70275	0.10862	0.01043	0.00835	0.06089	0.01226	0.00642	0.01473	0.00887	0.02068	0.00710	0.00836	0.00568	0.00457	0.00322	0.00148	0.00417	0.00281	0.00293	0.00568
14	0.00803	0.00574	0.00803	0.00918	0.01033	0.00574	0.00803	0.01033	0.01147	0.01492	0.02639	0.05622	0.02869	0.01377	0.00688	0.00229	0.00459	0.76018	0.00459	0.00459
15	0.01064	0.00984	0.01442	0.01030	0.01486	0.00792	0.17074	0.01328	0.01064	0.01618	0.00912	0.01100	0.00742	0.00380	0.00416	0.00094	0.00470	0.00358	0.00286	0.67358
16	0.00866	0.00433	0.00649	0.00649	0.00649	0.00433	0.00433	0.00649	0.00649	0.00866	0.00866	0.01515	0.00866	0.01732	0.01948	0.85498	0.00433	0.00433	0.00216	0.00216
17	0.01170	0.04717	0.07006	0.16896	0.57391	0.01203	0.01495	0.01485	0.01100	0.01542	0.00915	0.01220	0.00750	0.00455	0.00486	0.00150	0.00612	0.00431	0.00238	0.00737
18	0.00725	0.00483	0.00544	0.00544	0.00544	0.00483	0.00302	0.00725	0.00725	0.00966	0.01571	0.03262	0.01812	0.82483	0.02537	0.00483	0.00483	0.00725	0.00302	0.00302
19	0.00925	0.00756	0.00876	0.07879	0.01169	0.00805	0.00646	0.04243	0.26942	0.01746	0.17558	0.02961	0.24071	0.00959	0.00638	0.05701	0.00355	0.00744	0.00458	0.00567
20	0.01034	0.00886	0.01034	0.00738	0.01181	0.00664	0.00591	0.01255	0.01034	0.01624	0.00886	0.01034	0.00738	0.00369	0.00369	0.00074	0.00369	0.00295	0.00295	0.85530
21	0.01259	0.01029	0.01092	0.00979	0.01256	0.01178	0.00762	0.02558	0.71341	0.04941	0.02004	0.01854	0.01497	0.00669	0.00498	0.00166	0.00387	0.00556	0.05202	0.00773
22	0.01176	0.01345	0.02941	0.02101	0.02605	0.01261	0.77563	0.01597	0.01176	0.01597	0.01008	0.01345	0.00756	0.00420	0.00588	0.00168	0.00840	0.00588	0.00252	0.00672
23	0.01085	0.01102	0.09979	0.56796	0.12464	0.01093	0.01401	0.01428	0.01053	0.07466	0.00977	0.01316	0.00721	0.00498	0.00495	0.00162	0.00645	0.00440	0.00254	0.00625

[dist]
# distance from previous block
# <min> <max>
0	2

[block]
# block no. 3 follows, 50 sequences, length 94
# corresponding to MSA columns:
# 405-498
name=unknown_D
#
# <colnr> <probs for GDERKNQSTAVLIFYWHMCP>
#	G	D	E	R	K	N	Q	S	T	A	V	L	I	F	Y	W	H	M	C	P
0	0.01077	0.02123	0.57754	0.01298	0.01894	0.01127	0.02762	0.11122	0.01179	0.01709	0.01007	0.01265	0.00774	0.04819	0.07729	0.00230	0.00755	0.00414	0.00257	0.00702
1	0.00696	0.00508	0.00653	0.00620	0.00739	0.00466	0.00464	0.00921	0.01384	0.01940	0.72585	0.05206	0.09860	0.01046	0.00589	0.00158	0.00237	0.00921	0.00541	0.00466
2	0.01013	0.00952	0.01572	0.61988	0.17491	0.01130	0.01377	0.01402	0.05547	0.01387	0.00962	0.01342	0.00738	0.00499	0.00498	0.00163	0.00635	0.00450	0.00243	0.00611
3	0.00705	0.00510	0.00666	0.00627	0.00745	0.00470	0.00470	0.00941	0.01411	0.01999	0.79110	0.03723	0.04703	0.01019	0.00588	0.00157	0.00235	0.00901	0.00549	0.00470
4	0.01129	0.01072	0.01819	0.25867	0.54265	0.01136	0.01448	0.01433	0.01105	0.01538	0.03787	0.01353	0.00896	0.00481	0.00498	0.00154	0.00600	0.00461	0.00250	0.00709
5	0.01026	0.00878	0.01025	0.00737	0.01173	0.00660	0.00588	0.01245	0.01032	0.01618	0.00919	0.02496	0.00784	0.00391	0.00374	0.00076	0.00368	0.00316	0.00298	0.83996
6	0.86003	0.00964	0.00733	0.00655	0.00964	0.01118	0.00540	0.01465	0.00848	0.02236	0.00694	0.00810	0.00540	0.00463	0.00308	0.00154	0.00386	0.00270	0.00308	0.00540
7	0.01027	0.02389	0.68096	0.01525	0.02226	0.01173	0.13456	0.01581	0.01071	0.01581	0.00912	0.01097	0.00651	0.00465	0.00491	0.00159	0.00753	0.00402	0.00217	0.00727
8	0.01850	0.01374	0.01471	0.01138	0.01529	0.01525	0.00937	0.72583	0.07545	0.03069	0.01254	0.01242	0.00894	0.00604	0.00499	0.00151	0.00538	0.00457	0.00499	0.00844
9	0.01912	0.00897	0.01131	0.00912	0.01260	0.00861	0.00739	0.02436	0.22301	0.55935	0.04712	0.01812	0.01435	0.00647	0.00506	0.00158	0.00409	0.00532	0.00585	0.00819
10	0.00607	0.00434	0.00578	0.00694	0.00723	0.00405	0.00463	0.00694	0.00954	0.01272	0.02747	0.82157	0.03297	0.01562	0.00636	0.00202	0.00289	0.01417	0.00463	0.00405
11	0.02024	0.00801	0.01089	0.00851	0.01199	0.00696	0.00696	0.02223	0.01424	0.68949	0.12656	0.01977	0.01715	0.00673	0.00513	0.00155	0.00398	0.00557	0.00607	0.00796
12	0.00725	0.00483	0.00544	0.00544	0.00544	0.00483	0.00302	0.00725	0.00725	0.00966	0.01571	0.03262	0.01812	0.82483	0.02537	0.00483	0.00483	0.00725	0.00302	0.00302
13	0.00715	0.00524	0.00748	0.00748	0.00818	0.00594	0.00557	0.00856	0.00785	0.01118	0.01384	0.02228	0.01363	0.20029	0.64377	0.00735	0.01159	0.00574	0.00274	0.00415
14	0.01240	0.01071	0.01127	0.01014	0.01296	0.01240	0.00789	0.02649	0.78473	0.02085	0.02029	0.01860	0.01522	0.00676	0.00507	0.00169	0.00394	0.00564	0.00507	0.00789
15	0.02236	0.00848	0.01157	0.00887	0.01272	0.00733	0.00733	0.02429	0.01427	0.79719	0.01966	0.01697	0.01234	0.00617	0.00501	0.00154	0.00424	0.00501	0.00617	0.00848
16	0.01052	0.02146	0.56325	0.01695	0.15637	0.01209	0.01692	0.01522	0.01030	0.01540	0.00872	0.01089	0.00662	0.00519	0.00623	0.00164	0.10893	0.00390	0.00218	0.00722
17	0.01862	0.02376	0.01413	0.01284	0.01541	0.80482	0.00963	0.01990	0.01413	0.01220	0.00770	0.00899	0.00642	0.00514	0.00449	0.00128	0.00899	0.00321	0.00257	0.00578
18	0.01112	0.01086	0.01539	0.38932	0.21658	0.08542	0.03166	0.01484	0.07014	0.01449	0.01103	0.05485	0.00921	0.00556	0.00497	0.00158	0.00616	0.00496	0.03561	0.00624
19	0.01895	0.01396	0.01496	0.01147	0.01546	0.01546	0.00947	0.77711	0.02344	0.03141	0.01197	0.01197	0.00848	0.00598	0.00499	0.00150	0.00548	0.00449	0.00499	0.00848
20	0.03143	0.11679	0.01613	0.01134	0.02888	0.06943	0.00931	0.57031	0.02026	0.06123	0.01126	0.01143	0.00819	0.00567	0.00470	0.00143	0.00563	0.00417	0.00444	0.00797
21	0.01430	0.01011	0.01327	0.06875	0.17558	0.01074	0.00957	0.03420	0.34984	0.19606	0.03863	0.01747	0.02641	0.00621	0.00506	0.00160	0.00456	0.00532	0.00459	0.00772
22	0.01129	0.06498	0.01162	0.00766	0.01204	0.00787	0.00626	0.04019	0.01093	0.04508	0.00923	0.01048	0.00754	0.00390	0.00375	0.00082	0.00389	0.00306	0.00309	0.73632
23	0.00608	0.00506	0.00531	0.00525	0.00685	0.00429	0.00394	0.00752	0.01181	0.01453	0.17150	0.04622	0.67004	0.01223	0.00589	0.00166	0.00250	0.01027	0.00477	0.00429
24	0.01214	0.01043	0.01105	0.00995	0.01269	0.01202	0.00773	0.02565	0.74698	0.02081	0.05804	0.01951	0.01677	0.00693	0.00511	0.00168	0.00387	0.00580	0.00509	0.00773
25	0.86003	0.00964	0.00733	0.00655	0.00964	0.01118	0.00540	0.01465	0.00848	0.02236	0.00694	0.00810	0.00540	0.00463	0.00308	0.00154	0.00386	0.00270	0.00308	0.00540
26	0.00705	0.00514	0.00677	0.00648	0.00765	0.00486	0.00492	0.00931	0.01338	0.01883	0.66967	0.03668	0.06966	0.01283	0.07730	0.00217	0.00342	0.03405	0.00517	0.00466
27	0.01938	0.01327	0.01453	0.01114	0.01511	0.01443	0.00920	0.68172	0.02227	0.12845	0.01294	0.01260	0.00897	0.00601	0.00499	0.00150	0.00533	0.00455	0.00514	0.00848
28	0.01183	0.01014	0.01078	0.00986	0.01245	0.01165	0.00760	0.02474	0.71549	0.02013	0.02093	0.09032	0.01680	0.00755	0.00519	0.00172	0.00385	0.00640	0.00503	0.00755
29	0.00712	0.00534	0.00801	0.00801	0.00890	0.00623	0.00623	0.00890	0.00801	0.01157	0.01335	0.01958	0.01246	0.03738	0.80507	0.00801	0.01335	0.00534	0.00267	0.00445
30	0.01862	0.02376	0.01413	0.01284	0.01541	0.80482	0.00963	0.01990	0.01413	0.01220	0.00770	0.00899	0.00642	0.00514	0.00449	0.00128	0.00899	0.00321	0.00257	0.00578
31	0.00705	0.00510	0.00666	0.00627	0.00745	0.00470	0.00470	0.00941	0.01411	0.01999	0.79110	0.03723	0.04703	0.01019	0.00588	0.00157	0.00235	0.00901	0.00549	0.00470
32	0.01316	0.01070	0.01350	0.01127	0.01442	0.01172	0.10502	0.05162	0.55411	0.08792	0.05659	0.01848	0.01532	0.00653	0.00521	0.00166	0.00451	0.00574	0.00486	0.00766
33	0.01034	0.00886	0.01034	0.00738	0.01181	0.00664	0.00591	0.01255	0.01034	0.01624	0.00886	0.01034	0.00738	0.00369	0.00369	0.00074	0.00369	0.00295	0.00295	0.85530
34	0.00994	0.08243	0.04937	0.00983	0.01175	0.10853	0.00879	0.01222	0.01164	0.01433	0.02143	0.04368	0.02277	0.01138	0.00615	0.00202	0.00535	0.55935	0.00399	0.00504
35	0.01211	0.01161	0.01983	0.09063	0.73545	0.01178	0.01519	0.01510	0.01124	0.01601	0.00934	0.01241	0.00780	0.00448	0.00494	0.00149	0.00598	0.00444	0.00245	0.00771
36	0.02147	0.00828	0.01128	0.00872	0.01242	0.00717	0.00717	0.02342	0.01426	0.75180	0.06471	0.01815	0.01436	0.00640	0.00506	0.00154	0.00413	0.00525	0.00613	0.00826
37	0.27519	0.00883	0.01029	0.00817	0.01179	0.00849	0.00674	0.02138	0.01252	0.56333	0.01582	0.01429	0.01024	0.00570	0.00443	0.00154	0.00412	0.00431	0.00524	0.00755
38	0.00798	0.00628	0.00843	0.00782	0.02663	0.00601	0.05001	0.06153	0.01280	0.01731	0.36569	0.07587	0.19819	0.08434	0.04692	0.00223	0.00383	0.00868	0.00462	0.00485
39	0.00738	0.00572	0.00851	0.00836	0.00919	0.00685	0.00655	0.00911	0.00798	0.01160	0.01289	0.01899	0.01206	0.03543	0.75119	0.00761	0.06817	0.00527	0.00264	0.00452
40	0.00725	0.00483	0.00544	0.00544	0.00544	0.00483	0.00302	0.00725	0.00725	0.00966	0.01571	0.03262	0.01812	0.82483	0.02537	0.00483	0.00483	0.00725	0.00302	0.00302
41	0.01862	0.02376	0.01413	0.01284	0.01541	0.80482	0.00963	0.01990	0.01413	0.01220	0.00770	0.00899	0.00642	0.00514	0.00449	0.00128	0.00899	0.00321	0.00257	0.00578
42	0.01234	0.01184	0.02023	0.03059	0.79373	0.01184	0.01530	0.01530	0.01135	0.01628	0.00938	0.01234	0.00790	0.00444	0.00493	0.00148	0.00592	0.00444	0.00247	0.00790
43	0.00604	0.00506	0.00525	0.00520	0.00682	0.00427	0.00390	0.00744	0.01171	0.01429	0.14434	0.04661	0.69735	0.01232	0.00589	0.00167	0.00250	0.01033	0.00474	0.00427
44	0.01176	0.01345	0.02941	0.02101	0.02605	0.01261	0.77563	0.01597	0.01176	0.01597	0.01008	0.01345	0.00756	0.00420	0.00588	0.00168	0.00840	0.00588	0.00252	0.00672
45	0.00929	0.00465	0.00465	0.00465	0.00581	0.00465	0.00348	0.01161	0.01045	0.01858	0.01626	0.01858	0.01278	0.00581	0.00348	0.00116	0.00232	0.00465	0.85250	0.00465
46	0.00725	0.00483	0.00544	0.00544	0.00544	0.00483	0.00302	0.00725	0.00725	0.00966	0.01571	0.03262	0.01812	0.82483	0.02537	0.00483	0.00483	0.00725	0.00302	0.00302
47	0.00929	0.00465	0.00465	0.00465	0.00581	0.00465	0.00348	0.01161	0.01045	0.01858	0.01626	0.01858	0.01278	0.00581	0.00348	0.00116	0.00232	0.00465	0.85250	0.00465
48	0.00724	0.00485	0.00553	0.00553	0.00556	0.00488	0.00313	0.00731	0.00728	0.00973	0.01562	0.03216	0.01792	0.79698	0.05295	0.00494	0.00513	0.00718	0.00301	0.00307
49	0.01000	0.02578	0.79900	0.01421	0.02157	0.01158	0.01842	0.01579	0.01052	0.01579	0.00895	0.01052	0.00631	0.00474	0.00474	0.00158	0.00737	0.00368	0.00210	0.00737
50	0.01000	0.02578	0.79900	0.01421	0.02157	0.01158	0.01842	0.01579	0.01052	0.01579	0.00895	0.01052	0.00631	0.00474	0.00474	0.00158	0.00737	0.00368	0.00210	0.00737
51	0.01176	0.01345	0.02941	0.02101	0.02605	0.01261	0.77563	0.01597	0.01176	0.01597	0.01008	0.01345	0.00756	0.00420	0.00588	0.00168	0.00840	0.00588	0.00252	0.00672
52	0.00980	0.00904	0.01449	0.68945	0.05336	0.01109	0.01304	0.01420	0.08969	0.01380	0.01022	0.01393	0.00770	0.00517	0.00496	0.00165	0.00625	0.00456	0.02179	0.00583
53	0.00607	0.00434	0.00578	0.00694	0.00723	0.00405	0.00463	0.00694	0.00954	0.01272	0.02747	0.82157	0.03297	0.01562	0.00636	0.00202	0.00289	0.01417	0.00463	0.00405
54	0.00708	0.00570	0.00855	0.25025	0.01541	0.00617	0.00741	0.00869	0.00967	0.01273	0.02185	0.57754	0.02502	0.01241	0.00595	0.00191	0.00402	0.01123	0.00390	0.00450
55	0.09838	0.00891	0.01011	0.00740	0.01165	0.00716	0.00595	0.01357	0.01041	0.07022	0.00940	0.01056	0.00752	0.00396	0.00372	0.00088	0.00375	0.00307	0.00319	0.71020
56	0.81054	0.00977	0.00808	0.00796	0.05542	0.01122	0.00598	0.01469	0.00865	0.02201	0.00708	0.00834	0.00554	0.00462	0.00319	0.00154	0.00398	0.00280	0.00305	0.00554
57	0.01000	0.02578	0.79900	0.01421	0.02157	0.01158	0.01842	0.01579	0.01052	0.01579	0.00895	0.01052	0.00631	0.00474	0.00474	0.00158	0.00737	0.00368	0.00210	0.00737
58	0.01140	0.01429	0.12394	0.02005	0.11286	0.01199	0.51971	0.01601	0.04589	0.01639	0.04877	0.01435	0.00973	0.00471	0.00559	0.00164	0.00749	0.00558	0.00272	0.00689
59	0.00617	0.00503	0.00545	0.00542	0.00692	0.00431	0.00404	0.00766	0.01191	0.01493	0.21993	0.08035	0.58612	0.01220	0.00591	0.00167	0.00250	0.01034	0.00483	0.00431
60	0.01333	0.82783	0.02612	0.00853	0.01279	0.01972	0.00853	0.01493	0.01013	0.01173	0.00693	0.00800	0.00640	0.00426	0.00320	0.00107	0.00533	0.00267	0.00213	0.00640
61	0.00800	0.00571	0.00798	0.00908	0.01023	0.00570	0.00791	0.01029	0.01157	0.01510	0.05344	0.05555	0.02934	0.01364	0.00685	0.00227	0.00451	0.73362	0.00462	0.00459
62	0.01034	0.00886	0.01034	0.00738	0.01181	0.00664	0.00591	0.01255	0.01034	0.01624	0.00886	0.01034	0.00738	0.00369	0.00369	0.00074	0.00369	0.00295	0.00295	0.85530
63	0.00705	0.00510	0.00666	0.00627	0.00745	0.00470	0.00470	0.00941	0.01411	0.01999	0.79110	0.03723	0.04703	0.01019	0.00588	0.00157	0.00235	0.00901	0.00549	0.00470
64	0.00714	0.00479	0.00547	0.00558	0.00560	0.00476	0.00317	0.00722	0.00746	0.00995	0.01681	0.10659	0.01951	0.74895	0.02359	0.00457	0.00465	0.00790	0.00317	0.00312
65	0.00725	0.00483	0.00544	0.00544	0.00544	0.00483	0.00302	0.00725	0.00725	0.00966	0.01571	0.03262	0.01812	0.82483	0.02537	0.00483	0.00483	0.00725	0.00302	0.00302
66	0.00712	0.00533	0.00794	0.00794	0.00881	0.00619	0.00614	0.00886	0.00799	0.01152	0.01342	0.01994	0.01262	0.05898	0.78369	0.00792	0.01312	0.00539	0.00268	0.00441
67	0.00604	0.00501	0.00529	0.00532	0.00685	0.00426	0.00395	0.00741	0.01157	0.01420	0.13764	0.09954	0.65067	0.01254	0.00592	0.00169	0.00253	0.01059	0.00473	0.00426
68	0.01333	0.82783	0.02612	0.00853	0.01279	0.01972	0.00853	0.01493	0.01013	0.01173	0.00693	0.00800	0.00640	0.00426	0.00320	0.00107	0.00533	0.00267	0.00213	0.00640
69	0.01034	0.00886	0.01034	0.00738	0.01181	0.00664	0.00591	0.01255	0.01034	0.01624	0.00886	0.01034	0.00738	0.00369	0.00369	0.00074	0.00369	0.00295	0.00295	0.85530
70	0.01000	0.02578	0.79900	0.01421	0.02157	0.01158	0.01842	0.01579	0.01052	0.01579	0.00895	0.01052	0.00631	0.00474	0.00474	0.00158	0.00737	0.00368	0.00210	0.00737
71	0.00720	0.00489	0.00554	0.00560	0.00576	0.00484	0.00332	0.00739	0.00771	0.01016	0.01841	0.03474	0.06712	0.73399	0.02324	0.00451	0.00468	0.04453	0.00320	0.00317
72	0.01337	0.03223	0.52756	0.01223	0.01826	0.01017	0.01448	0.01784	0.01174	0.23479	0.05043	0.01360	0.01001	0.00540	0.00485	0.00156	0.00621	0.00430	0.00341	0.00753
73	0.01280	0.06404	0.04162	0.05722	0.01475	0.03293	0.00882	0.07567	0.59008	0.02011	0.01746	0.01662	0.01314	0.00633	0.00491	0.00162	0.00455	0.00516	0.00454	0.00762
74	0.01333	0.82783	0.02612	0.00853	0.01279	0.01972	0.00853	0.01493	0.01013	0.01173	0.00693	0.00800	0.00640	0.00426	0.00320	0.00107	0.00533	0.00267	0.00213	0.00640
75	0.01079	0.00833	0.00990	0.00735	0.01113	0.00654	0.00576	0.02581	0.01027	0.05501	0.00978	0.01223	0.00830	0.04551	0.00626	0.07729	0.00386	0.00342	0.00308	0.67938
76	0.01360	0.01214	0.01650	0.26031	0.34070	0.12093	0.01290	0.01656	0.02922	0.11370	0.01054	0.01289	0.00804	0.00497	0.00490	0.00152	0.00631	0.00437	0.00293	0.00697
77	0.00821	0.00559	0.00756	0.00855	0.00970	0.00559	0.00740	0.01051	0.01133	0.01542	0.02499	0.05101	0.02648	0.01267	0.00641	0.00214	0.00428	0.65549	0.12208	0.00460
78	0.01212	0.46197	0.06549	0.16863	0.06720	0.03836	0.01027	0.01444	0.01072	0.02829	0.07201	0.01205	0.00998	0.00499	0.00404	0.00130	0.00558	0.00377	0.00253	0.00626
79	0.59874	0.11571	0.01097	0.00793	0.01110	0.14230	0.00657	0.03025	0.00990	0.01953	0.00716	0.00830	0.00575	0.00469	0.00337	0.00144	0.00491	0.00281	0.00292	0.00565
80	0.00623	0.00506	0.00552	0.00541	0.00694	0.00435	0.00406	0.00782	0.01217	0.01538	0.26836	0.04481	0.57264	0.01191	0.00589	0.00165	0.00247	0.01008	0.00488	0.00435
81	0.01741	0.02179	0.01408	0.05945	0.01624	0.69947	0.00985	0.01882	0.01341	0.01220	0.00786	0.00960	0.00659	0.00612	0.02527	0.00152	0.04869	0.00339	0.00253	0.00571
82	0.01709	0.18855	0.01637	0.01161	0.01457	0.54531	0.00921	0.08338	0.01393	0.01377	0.00863	0.03881	0.00756	0.00541	0.00434	0.00128	0.00771	0.00361	0.00276	0.00607
83	0.00610	0.00471	0.00558	0.00616	0.00709	0.00419	0.00435	0.00726	0.01064	0.01356	0.08910	0.43621	0.34606	0.01398	0.00614	0.00186	0.00273	0.02543	0.00469	0.00417
84	0.00744	0.00611	0.00671	0.00653	0.00827	0.00587	0.00504	0.01125	0.14741	0.01617	0.18905	0.04140	0.44519	0.01121	0.00583	0.00171	0.00291	0.07206	0.00487	0.00498
85	0.00607	0.00434	0.00578	0.00694	0.00723	0.00405	0.00463	0.00694	0.00954	0.01272	0.02747	0.82157	0.03297	0.01562	0.00636	0.00202	0.00289	0.01417	0.00463	0.00405
86	0.01895	0.01396	0.01496	0.01147	0.01546	0.01546	0.00947	0.77711	0.02344	0.03141	0.01197	0.01197	0.00848	0.00598	0.00499	0.00150	0.00548	0.00449	0.00499	0.00848
87	0.00712	0.00534	0.00801	0.00801	0.00890	0.00623	0.00623	0.00890	0.00801	0.01157	0.01335	0.01958	0.01246	0.03738	0.80507	0.00801	0.01335	0.00534	0.00267	0.00445
88	0.01196	0.01023	0.01092	0.00993	0.01260	0.01176	0.00775	0.02500	0.71578	0.02055	0.05529	0.02110	0.01725	0.00723	0.00519	0.00171	0.00390	0.03918	0.00507	0.00760
89	0.00725	0.00483	0.00544	0.00544	0.00544	0.00483	0.00302	0.00725	0.00725	0.00966	0.01571	0.03262	0.01812	0.82483	0.02537	0.00483	0.00483	0.00725	0.00302	0.00302
90	0.00792	0.00598	0.00639	0.00624	0.00639	0.04141	0.00383	0.00811	0.00761	0.00998	0.01482	0.02995	0.01680	0.71299	0.06243	0.00471	0.04133	0.00684	0.00295	0.00332
91	0.01214	0.01164	0.01987	0.08404	0.74185	0.01179	0.01520	0.01512	0.01126	0.01604	0.00934	0.01240	0.00781	0.00448	0.00494	0.00149	0.00597	0.00444	0.00245	0.00773
92	0.00878	0.00644	0.00781	0.00698	0.00862	0.00630	0.00537	0.12587	0.01534	0.02128	0.62268	0.03412	0.09152	0.00972	0.00574	0.00156	0.00284	0.00843	0.00535	0.00524
93	0.04328	0.12037	0.18689	0.01259	0.05161	0.11918	0.02864	0.28912	0.01570	0.04698	0.00995	0.01080	0.00742	0.00516	0.00456	0.00142	0.00628	0.00385	0.00342	0.03279

[dist]
# distance from previous block
# <min> <max>
0	110

# created by:
# /st0/software/busco_prod/Augustus/scripts/msa2prfl.pl ./align_prep/155102.fa
