[name]
unknown

[dist]
# distance from previous block
# <min> <max>
14	154

[block]
# block no. 0 follows, 47 sequences, length 10
# corresponding to MSA columns:
# 183-192
name=unknown_A
#
# <colnr> <probs for GDERKNQSTAVLIFYWHMCP>
#	G	D	E	R	K	N	Q	S	T	A	V	L	I	F	Y	W	H	M	C	P
0	0.01779	0.01158	0.01316	0.01057	0.01395	0.05909	0.03892	0.27954	0.08417	0.23935	0.03288	0.01754	0.01258	0.04361	0.03304	0.00197	0.00552	0.01864	0.05835	0.00775
1	0.16809	0.01300	0.09228	0.08911	0.07026	0.01238	0.01028	0.23568	0.08000	0.11403	0.01239	0.01306	0.00894	0.00565	0.00475	0.00158	0.00535	0.00437	0.02120	0.03761
2	0.01758	0.01386	0.01724	0.03190	0.01777	0.03858	0.13097	0.49092	0.07569	0.06500	0.01430	0.01466	0.03415	0.00619	0.00538	0.00161	0.00608	0.00520	0.00471	0.00821
3	0.73044	0.01026	0.00887	0.00785	0.01060	0.01231	0.00648	0.01490	0.00873	0.02178	0.00719	0.00889	0.00581	0.00546	0.00525	0.00171	0.12165	0.00307	0.00308	0.00565
4	0.00767	0.00544	0.00680	0.00704	0.00800	0.00527	0.00520	0.00988	0.04283	0.01652	0.28161	0.19222	0.07568	0.13086	0.00922	0.00234	0.00340	0.12907	0.05634	0.00460
5	0.13099	0.00597	0.00684	0.00696	0.00801	0.00619	0.00501	0.00925	0.01015	0.01533	0.12978	0.27468	0.12197	0.12845	0.08618	0.00296	0.03306	0.00953	0.00420	0.00449
6	0.00947	0.00868	0.01435	0.68765	0.03176	0.01060	0.01306	0.01280	0.01105	0.01441	0.12235	0.01755	0.01312	0.00600	0.00534	0.00172	0.00629	0.00533	0.00281	0.00566
7	0.00716	0.00496	0.00594	0.00626	0.00650	0.00489	0.00388	0.00760	0.00851	0.01131	0.02158	0.24102	0.06633	0.50502	0.07289	0.00431	0.00498	0.00955	0.00367	0.00361
8	0.01155	0.01451	0.13718	0.14789	0.02585	0.01232	0.43119	0.03696	0.04617	0.01703	0.05784	0.01529	0.01046	0.00516	0.00575	0.00172	0.00764	0.00571	0.00290	0.00689
9	0.00713	0.00528	0.00665	0.00638	0.00765	0.00480	0.00476	0.00934	0.01407	0.01945	0.63161	0.07588	0.16507	0.01131	0.00617	0.00168	0.00251	0.00991	0.00555	0.00480

[dist]
# distance from previous block
# <min> <max>
0	1

[block]
# block no. 1 follows, 47 sequences, length 11
# corresponding to MSA columns:
# 194-204
name=unknown_B
#
# <colnr> <probs for GDERKNQSTAVLIFYWHMCP>
#	G	D	E	R	K	N	Q	S	T	A	V	L	I	F	Y	W	H	M	C	P
0	0.03464	0.07696	0.01200	0.00850	0.01210	0.00823	0.00696	0.01835	0.02634	0.36507	0.04256	0.10661	0.01500	0.00704	0.00492	0.00144	0.00415	0.02376	0.00490	0.22045
1	0.00727	0.00524	0.00691	0.00689	0.00796	0.00488	0.00515	0.00946	0.01374	0.01923	0.60177	0.17031	0.04531	0.01186	0.00630	0.00177	0.00272	0.06293	0.00552	0.00479
2	0.01195	0.00994	0.01142	0.00826	0.01283	0.00812	0.00665	0.10995	0.01256	0.01901	0.00967	0.01102	0.00786	0.00416	0.00403	0.00087	0.00410	0.00329	0.00336	0.74094
3	0.01119	0.00968	0.01246	0.11194	0.01614	0.00831	0.03971	0.05874	0.01174	0.01754	0.02966	0.01217	0.00877	0.00438	0.00427	0.00101	0.00454	0.00368	0.00316	0.63092
4	0.25656	0.01262	0.01290	0.05195	0.01515	0.01426	0.00873	0.42695	0.10657	0.02781	0.01184	0.01223	0.00866	0.00589	0.00465	0.00161	0.00512	0.00429	0.00450	0.00771
5	0.01386	0.07723	0.01171	0.00872	0.01160	0.00959	0.00703	0.09375	0.16175	0.18967	0.24053	0.05079	0.04720	0.00802	0.00536	0.00159	0.00390	0.00672	0.00528	0.04572
6	0.01446	0.04920	0.01954	0.07915	0.53760	0.05465	0.01410	0.07024	0.01301	0.08265	0.01065	0.01295	0.00844	0.00498	0.00506	0.00154	0.00620	0.00454	0.00306	0.00799
7	0.02190	0.00902	0.01178	0.00913	0.01293	0.00815	0.00751	0.08825	0.01539	0.65794	0.01955	0.01742	0.01258	0.00640	0.00510	0.00157	0.00437	0.00516	0.07733	0.00852
8	0.00692	0.00492	0.00637	0.00733	0.00774	0.00471	0.00494	0.03029	0.01026	0.01367	0.02711	0.69988	0.03220	0.08549	0.00834	0.00236	0.00333	0.03514	0.00470	0.00429
9	0.01475	0.18274	0.07585	0.06874	0.05710	0.22480	0.03598	0.09657	0.02346	0.03302	0.01027	0.02351	0.00876	0.05914	0.00672	0.03765	0.00679	0.00426	0.02346	0.00642
10	0.00878	0.00454	0.00660	0.00673	0.00683	0.00451	0.00451	0.00712	0.00737	0.01008	0.01170	0.10623	0.01215	0.01724	0.01791	0.70728	0.00424	0.00570	0.04786	0.00262

[dist]
# distance from previous block
# <min> <max>
6	23

[block]
# block no. 2 follows, 47 sequences, length 12
# corresponding to MSA columns:
# 228-239
name=unknown_C
#
# <colnr> <probs for GDERKNQSTAVLIFYWHMCP>
#	G	D	E	R	K	N	Q	S	T	A	V	L	I	F	Y	W	H	M	C	P
0	0.09479	0.00779	0.07856	0.00741	0.00943	0.00621	0.00625	0.01067	0.01235	0.01871	0.37929	0.18864	0.05781	0.01021	0.00560	0.00167	0.00328	0.00884	0.04706	0.04542
1	0.08586	0.00597	0.00717	0.00704	0.00780	0.00634	0.00485	0.00976	0.00864	0.05634	0.01680	0.14257	0.01805	0.39150	0.17844	0.00470	0.03285	0.00757	0.00349	0.00426
2	0.01080	0.00926	0.01080	0.00771	0.01234	0.00694	0.00617	0.01311	0.01080	0.01697	0.00926	0.01080	0.00771	0.00386	0.00386	0.00077	0.00386	0.00309	0.00309	0.84882
3	0.01075	0.01001	0.01899	0.15793	0.02159	0.01007	0.32707	0.01380	0.01163	0.05914	0.06635	0.16975	0.03434	0.00795	0.00648	0.00184	0.03819	0.02455	0.00350	0.00607
4	0.00853	0.00581	0.00655	0.00629	0.00690	0.00584	0.00397	0.03291	0.04752	0.03422	0.04040	0.03345	0.09037	0.60902	0.04364	0.00437	0.00496	0.00764	0.00364	0.00396
5	0.08498	0.00581	0.00737	0.00730	0.00812	0.00648	0.00527	0.00925	0.00814	0.01243	0.01419	0.02408	0.01439	0.30554	0.45691	0.00660	0.00996	0.00602	0.00296	0.00422
6	0.00705	0.00495	0.00634	0.00688	0.00745	0.00473	0.00477	0.00800	0.01025	0.01370	0.13125	0.36483	0.09391	0.16570	0.04103	0.05076	0.00392	0.06598	0.00442	0.00408
7	0.01819	0.01320	0.01458	0.01141	0.01496	0.01474	0.00940	0.59747	0.02139	0.06570	0.01418	0.01447	0.03981	0.00679	0.00626	0.00162	0.07880	0.00496	0.04389	0.00820
8	0.01293	0.01252	0.04649	0.15778	0.24460	0.06571	0.01187	0.05516	0.13209	0.03658	0.01165	0.01348	0.00909	0.00516	0.00491	0.00146	0.00578	0.00444	0.00327	0.16503
9	0.01198	0.12956	0.21806	0.25297	0.07879	0.04326	0.01393	0.05111	0.08225	0.01588	0.01013	0.01244	0.00782	0.00541	0.00544	0.00162	0.04545	0.00423	0.00271	0.00696
10	0.01371	0.08469	0.03148	0.08885	0.11454	0.05386	0.03834	0.01810	0.13966	0.16153	0.04630	0.07721	0.03974	0.03486	0.00602	0.00177	0.00526	0.03296	0.00416	0.00696
11	0.01227	0.06233	0.15827	0.05576	0.01601	0.02129	0.03914	0.06536	0.12785	0.08409	0.04055	0.04137	0.03037	0.00960	0.07756	0.00219	0.00620	0.04076	0.00380	0.10521

[dist]
# distance from previous block
# <min> <max>
6	67

[block]
# block no. 3 follows, 47 sequences, length 17
# corresponding to MSA columns:
# 307-323
name=unknown_D
#
# <colnr> <probs for GDERKNQSTAVLIFYWHMCP>
#	G	D	E	R	K	N	Q	S	T	A	V	L	I	F	Y	W	H	M	C	P
0	0.16002	0.00852	0.01144	0.28093	0.01891	0.01016	0.00938	0.02451	0.01024	0.05133	0.03116	0.17566	0.01385	0.00820	0.00682	0.00183	0.12159	0.00651	0.04339	0.00556
1	0.50999	0.01268	0.11652	0.00966	0.03150	0.01151	0.02778	0.07246	0.01138	0.13872	0.01008	0.01076	0.00723	0.00518	0.00403	0.00162	0.00489	0.00359	0.00369	0.00674
2	0.00846	0.00605	0.00779	0.06444	0.01024	0.00581	0.00573	0.01130	0.04717	0.06120	0.52411	0.03703	0.17015	0.01031	0.00599	0.00167	0.00299	0.00896	0.00535	0.00525
3	0.01369	0.00728	0.00856	0.00733	0.00913	0.00716	0.00530	0.11177	0.01222	0.22173	0.01709	0.02473	0.01518	0.37497	0.01467	0.00311	0.00458	0.00617	0.12966	0.00567
4	0.76841	0.00995	0.00811	0.00710	0.01040	0.01127	0.00585	0.01634	0.00948	0.10197	0.00862	0.00941	0.00639	0.00500	0.00343	0.00161	0.00407	0.00307	0.00355	0.00597
5	0.00850	0.00566	0.00646	0.00613	0.00792	0.00488	0.00461	0.01003	0.01248	0.10864	0.17174	0.09915	0.48894	0.03318	0.00661	0.00183	0.00291	0.01021	0.00514	0.00498
6	0.85377	0.01007	0.00765	0.00685	0.01007	0.01168	0.00564	0.01531	0.00886	0.02336	0.00725	0.00846	0.00564	0.00483	0.00322	0.00161	0.00403	0.00282	0.00322	0.00564
7	0.02021	0.03535	0.02706	0.01009	0.01390	0.05642	0.00837	0.14955	0.09898	0.46204	0.05017	0.01703	0.01341	0.00651	0.00518	0.00159	0.00492	0.00518	0.00566	0.00837
8	0.02227	0.00874	0.01167	0.00903	0.01286	0.00771	0.00743	0.04678	0.01491	0.70967	0.02005	0.01769	0.01280	0.00641	0.00512	0.00158	0.00433	0.00519	0.06721	0.00857
9	0.00858	0.00548	0.00661	0.00636	0.00782	0.00490	0.00470	0.01012	0.01240	0.08975	0.27260	0.13330	0.28064	0.04005	0.00735	0.04073	0.00296	0.00966	0.05115	0.00485
10	0.01233	0.00962	0.01022	0.02814	0.01171	0.06874	0.00716	0.17952	0.10678	0.03493	0.05803	0.09279	0.01610	0.04863	0.17187	0.00316	0.00662	0.00628	0.12123	0.00617
11	0.00756	0.00492	0.00606	0.00622	0.00645	0.00482	0.00389	0.00758	0.00854	0.01143	0.07550	0.15359	0.05411	0.44392	0.03530	0.15027	0.00452	0.00842	0.00352	0.00338
12	0.01136	0.00992	0.01386	0.10520	0.14830	0.01133	0.02858	0.01717	0.22708	0.03728	0.06896	0.08063	0.03687	0.00791	0.00746	0.00182	0.14115	0.01628	0.02208	0.00675
13	0.43667	0.11251	0.01254	0.00888	0.01193	0.03405	0.02819	0.03501	0.04228	0.01950	0.00858	0.01027	0.00704	0.00617	0.02331	0.00171	0.10249	0.00344	0.02330	0.07210
14	0.01606	0.01178	0.01274	0.01002	0.01359	0.04825	0.00800	0.31922	0.05193	0.11387	0.01342	0.03558	0.01071	0.07250	0.00700	0.00169	0.02896	0.00485	0.00445	0.21538
15	0.10042	0.02695	0.01329	0.01068	0.03125	0.01322	0.00847	0.45027	0.05506	0.03816	0.01317	0.01452	0.02271	0.04238	0.05436	0.00207	0.00568	0.00470	0.02430	0.06834
16	0.05346	0.02975	0.08898	0.02688	0.03720	0.01153	0.00931	0.26558	0.01527	0.10351	0.01353	0.04393	0.02827	0.04250	0.00720	0.03473	0.05524	0.00499	0.02715	0.10099

[dist]
# distance from previous block
# <min> <max>
0	10

[block]
# block no. 4 follows, 47 sequences, length 9
# corresponding to MSA columns:
# 334-342
name=unknown_E
#
# <colnr> <probs for GDERKNQSTAVLIFYWHMCP>
#	G	D	E	R	K	N	Q	S	T	A	V	L	I	F	Y	W	H	M	C	P
0	0.10202	0.08402	0.01391	0.03604	0.05553	0.07097	0.00869	0.21421	0.11217	0.12397	0.01629	0.05019	0.05807	0.00747	0.02229	0.00173	0.00537	0.00529	0.00440	0.00735
1	0.01372	0.08055	0.09357	0.03601	0.03805	0.01222	0.02304	0.25184	0.11377	0.04875	0.01642	0.12400	0.01488	0.04462	0.00636	0.00187	0.00531	0.06359	0.00432	0.00714
2	0.00801	0.00636	0.00801	0.03213	0.00966	0.00605	0.03658	0.03400	0.03167	0.01525	0.12810	0.05825	0.29654	0.18067	0.01041	0.00248	0.00395	0.09741	0.00439	0.03007
3	0.09931	0.01243	0.03831	0.17403	0.29696	0.04750	0.11458	0.06401	0.01230	0.04664	0.01068	0.04087	0.00870	0.00536	0.00513	0.00164	0.00644	0.00496	0.00299	0.00714
4	0.01090	0.00985	0.01524	0.66666	0.03219	0.01205	0.01351	0.07199	0.08622	0.01562	0.01067	0.01432	0.00796	0.00547	0.00522	0.00173	0.00657	0.00476	0.00283	0.00626
5	0.00769	0.00534	0.00711	0.00711	0.00783	0.00584	0.00515	0.00907	0.00855	0.01242	0.01630	0.02520	0.04066	0.25494	0.46185	0.00640	0.00974	0.00624	0.09834	0.00424
6	0.00714	0.00515	0.00680	0.00725	0.00803	0.00487	0.02752	0.00876	0.02883	0.01475	0.08734	0.53655	0.08881	0.04809	0.00706	0.00206	0.00317	0.01229	0.09105	0.00449
7	0.04676	0.04596	0.01463	0.03939	0.01550	0.01404	0.00926	0.53169	0.02071	0.10687	0.04691	0.03497	0.01205	0.00681	0.00521	0.00160	0.00534	0.02912	0.00504	0.00813
8	0.06359	0.12476	0.01321	0.00996	0.03825	0.11343	0.00766	0.12903	0.07739	0.07228	0.14266	0.08164	0.05629	0.04022	0.00594	0.00170	0.00494	0.00627	0.00430	0.00646

[dist]
# distance from previous block
# <min> <max>
0	3

[block]
# block no. 5 follows, 47 sequences, length 16
# corresponding to MSA columns:
# 346-361
name=unknown_F
#
# <colnr> <probs for GDERKNQSTAVLIFYWHMCP>
#	G	D	E	R	K	N	Q	S	T	A	V	L	I	F	Y	W	H	M	C	P
0	0.05749	0.32010	0.16754	0.01152	0.01600	0.05293	0.05787	0.06583	0.01196	0.09307	0.00976	0.01110	0.00768	0.00643	0.03201	0.00170	0.06321	0.00382	0.00296	0.00703
1	0.01788	0.05129	0.01523	0.05194	0.01602	0.01467	0.00953	0.56352	0.02060	0.05926	0.01204	0.01283	0.00882	0.00685	0.00632	0.05163	0.03011	0.00457	0.01879	0.02810
2	0.01351	0.03983	0.01182	0.00920	0.01249	0.02805	0.00738	0.01898	0.22197	0.15542	0.04548	0.03104	0.06056	0.00668	0.00575	0.00145	0.06325	0.00526	0.00443	0.25748
3	0.05445	0.02096	0.04237	0.07346	0.01331	0.05618	0.00782	0.08803	0.02263	0.05334	0.02991	0.22828	0.04106	0.04711	0.00689	0.00186	0.03925	0.04686	0.01739	0.10884
4	0.00820	0.00587	0.00705	0.00674	0.00846	0.00525	0.00520	0.02541	0.01311	0.05680	0.29746	0.09743	0.30784	0.01171	0.00611	0.00175	0.00303	0.08246	0.00515	0.04497
5	0.03089	0.00965	0.01393	0.32583	0.12510	0.01080	0.01132	0.06236	0.12423	0.07567	0.08011	0.02011	0.03927	0.00672	0.00538	0.00172	0.00547	0.04093	0.00379	0.00673
6	0.01986	0.00865	0.01133	0.00905	0.01255	0.00792	0.00734	0.02348	0.10732	0.58759	0.12710	0.02089	0.01833	0.00711	0.00537	0.00163	0.00412	0.00590	0.00621	0.00823
7	0.00746	0.00552	0.00804	0.00804	0.00886	0.00633	0.00610	0.00909	0.00827	0.01185	0.01425	0.02211	0.01374	0.13345	0.70293	0.00797	0.01287	0.00582	0.00283	0.00447
8	0.85377	0.01007	0.00765	0.00685	0.01007	0.01168	0.00564	0.01531	0.00886	0.02336	0.00725	0.00846	0.00564	0.00483	0.00322	0.00161	0.00403	0.00282	0.00322	0.00564
9	0.09055	0.00651	0.00756	0.00694	0.00825	0.00644	0.00478	0.03038	0.00990	0.17379	0.01752	0.10935	0.01762	0.44219	0.04335	0.00373	0.00493	0.00727	0.00406	0.00488
10	0.09214	0.00683	0.00798	0.00780	0.00953	0.00678	0.00614	0.05556	0.03910	0.01825	0.20478	0.15163	0.08628	0.04586	0.00682	0.00198	0.00372	0.18265	0.00473	0.06144
11	0.17737	0.34279	0.01812	0.21898	0.01840	0.06771	0.00949	0.01507	0.01050	0.01519	0.00844	0.01060	0.00696	0.00489	0.00392	0.00140	0.00569	0.00345	0.05496	0.00608
12	0.00920	0.00694	0.00888	0.00810	0.00953	0.02027	0.05253	0.03212	0.02799	0.05955	0.09756	0.12150	0.19825	0.22439	0.01201	0.00270	0.03883	0.06049	0.00430	0.00485
13	0.01597	0.17329	0.05360	0.05427	0.12469	0.31682	0.01140	0.09723	0.01365	0.01557	0.00863	0.01047	0.00716	0.00546	0.00558	0.00146	0.07141	0.00375	0.00278	0.00681
14	0.01111	0.03558	0.00951	0.00773	0.00975	0.00748	0.00575	0.06993	0.02802	0.09682	0.01482	0.05193	0.01416	0.27415	0.15797	0.02798	0.00636	0.00589	0.00364	0.16142
15	0.10570	0.31676	0.08811	0.01106	0.03052	0.20609	0.04055	0.02919	0.01205	0.01508	0.04409	0.01317	0.05677	0.00561	0.00428	0.00138	0.00636	0.00403	0.00283	0.00637

[dist]
# distance from previous block
# <min> <max>
0	8

[block]
# block no. 6 follows, 47 sequences, length 32
# corresponding to MSA columns:
# 370-401
name=unknown_G
#
# <colnr> <probs for GDERKNQSTAVLIFYWHMCP>
#	G	D	E	R	K	N	Q	S	T	A	V	L	I	F	Y	W	H	M	C	P
0	0.01187	0.01298	0.12717	0.02993	0.25666	0.08246	0.03337	0.04296	0.01108	0.01495	0.02110	0.01555	0.00973	0.03040	0.02123	0.21184	0.00624	0.02503	0.02945	0.00599
1	0.01403	0.03060	0.11565	0.07313	0.03896	0.07711	0.06927	0.06368	0.01183	0.13863	0.01142	0.03502	0.00917	0.00892	0.05988	0.00223	0.22546	0.00492	0.00329	0.00678
2	0.03496	0.04099	0.32165	0.06446	0.15702	0.01255	0.07368	0.09924	0.01273	0.05610	0.01021	0.01210	0.00761	0.00515	0.00538	0.00160	0.03215	0.00431	0.00292	0.04519
3	0.02618	0.08529	0.04193	0.00857	0.01133	0.03958	0.00695	0.09511	0.03276	0.21267	0.03211	0.07278	0.05048	0.20809	0.01036	0.00241	0.00489	0.00624	0.00436	0.04792
4	0.70326	0.09799	0.00995	0.00717	0.01050	0.01251	0.00606	0.03890	0.00966	0.02210	0.00918	0.01019	0.03595	0.00516	0.00341	0.00156	0.00420	0.00319	0.00324	0.00581
5	0.06701	0.01307	0.01406	0.01120	0.01477	0.01457	0.00913	0.58869	0.06034	0.02917	0.01370	0.06976	0.01093	0.00803	0.03045	0.00185	0.02488	0.00538	0.00492	0.00810
6	0.00999	0.00762	0.00927	0.00828	0.00916	0.00860	0.00598	0.11445	0.01022	0.01418	0.01373	0.02471	0.01436	0.43839	0.12545	0.00441	0.13439	0.00625	0.00325	0.03732
7	0.00804	0.00574	0.00813	0.00801	0.00896	0.00653	0.00612	0.03316	0.00891	0.01292	0.01407	0.02095	0.01318	0.09148	0.63740	0.04039	0.01198	0.00561	0.05380	0.00459
8	0.00736	0.00505	0.00586	0.00605	0.00627	0.00498	0.00369	0.00769	0.00834	0.01100	0.02074	0.12749	0.07380	0.61898	0.03907	0.00445	0.00483	0.03736	0.00352	0.00346
9	0.00748	0.00503	0.00577	0.00583	0.00603	0.00496	0.00345	0.00783	0.00851	0.01151	0.07811	0.09055	0.04411	0.65403	0.02236	0.00439	0.00457	0.00827	0.02378	0.00345
10	0.00642	0.00520	0.00570	0.00575	0.00724	0.00448	0.00425	0.00792	0.01224	0.01535	0.19676	0.13219	0.55225	0.01302	0.00621	0.00177	0.00264	0.01110	0.00502	0.00448
11	0.01080	0.00926	0.01080	0.00771	0.01234	0.00694	0.00617	0.01311	0.01080	0.01697	0.00926	0.01080	0.00771	0.00386	0.00386	0.00077	0.00386	0.00309	0.00309	0.84882
12	0.01175	0.01344	0.05462	0.05413	0.02510	0.01239	0.60181	0.01657	0.05715	0.01695	0.05131	0.03652	0.01111	0.00524	0.00602	0.00176	0.00791	0.00638	0.00298	0.00688
13	0.00644	0.00515	0.00576	0.00590	0.00728	0.00447	0.00431	0.00792	0.01212	0.01534	0.19937	0.18563	0.49552	0.01323	0.00624	0.00180	0.00267	0.01135	0.00502	0.00447
14	0.01045	0.02694	0.79000	0.01484	0.02254	0.01209	0.01924	0.01649	0.01099	0.01649	0.00935	0.01099	0.00660	0.00495	0.00495	0.00165	0.00770	0.00385	0.00220	0.00770
15	0.00662	0.00476	0.00616	0.00691	0.00744	0.00443	0.00469	0.00778	0.01081	0.01457	0.17438	0.57051	0.07294	0.07258	0.00795	0.00222	0.00304	0.01306	0.00489	0.00429
16	0.01353	0.21203	0.04191	0.05778	0.01405	0.09947	0.00866	0.10681	0.04315	0.06604	0.13804	0.05240	0.03651	0.00711	0.00540	0.00151	0.04220	0.00550	0.04142	0.00647
17	0.01045	0.02694	0.79000	0.01484	0.02254	0.01209	0.01924	0.01649	0.01099	0.01649	0.00935	0.01099	0.00660	0.00495	0.00495	0.00165	0.00770	0.00385	0.00220	0.00770
18	0.14459	0.02042	0.00893	0.02556	0.00972	0.00862	0.00617	0.04062	0.00970	0.04920	0.01484	0.10530	0.01498	0.22669	0.07374	0.00318	0.11835	0.02980	0.08464	0.00494
19	0.06646	0.18843	0.37475	0.01204	0.03391	0.01298	0.01324	0.04980	0.01215	0.11690	0.06325	0.01317	0.01042	0.00547	0.00464	0.00152	0.00612	0.00417	0.00320	0.00738
20	0.39716	0.13016	0.07284	0.05720	0.05425	0.06128	0.00912	0.13046	0.01226	0.02111	0.00851	0.00986	0.00663	0.00505	0.00398	0.00152	0.00540	0.00341	0.00318	0.00661
21	0.05112	0.00581	0.00663	0.00625	0.00783	0.00560	0.00470	0.01194	0.02401	0.09339	0.19310	0.05980	0.14679	0.06290	0.04622	0.00211	0.00354	0.00742	0.25571	0.00513
22	0.01964	0.01297	0.01428	0.01103	0.01496	0.01398	0.00909	0.59405	0.02197	0.15241	0.01411	0.01384	0.00983	0.00627	0.00510	0.00155	0.00528	0.00479	0.06629	0.00857
23	0.00721	0.00586	0.00645	0.00650	0.00805	0.00547	0.00485	0.01010	0.09614	0.01558	0.12828	0.15414	0.45449	0.03130	0.00665	0.00190	0.00299	0.04426	0.00495	0.00485
24	0.00646	0.00462	0.00617	0.00728	0.00766	0.00432	0.00494	0.00751	0.01031	0.01381	0.07302	0.74601	0.03518	0.01593	0.00663	0.00210	0.00304	0.03585	0.00489	0.00429
25	0.02115	0.01124	0.01352	0.01048	0.01441	0.01139	0.00863	0.30963	0.06002	0.43862	0.01718	0.01567	0.01137	0.00647	0.00550	0.00162	0.02348	0.00505	0.00581	0.00875
26	0.06315	0.00823	0.00972	0.00832	0.01096	0.00820	0.00673	0.13621	0.04105	0.23053	0.17670	0.02572	0.03757	0.00807	0.00527	0.00163	0.00389	0.07815	0.13317	0.00674
27	0.01297	0.01099	0.01114	0.01011	0.01280	0.04964	0.00792	0.06240	0.56699	0.02126	0.02006	0.02109	0.01571	0.00730	0.00520	0.00171	0.00431	0.05286	0.09799	0.00757
28	0.00683	0.00497	0.00647	0.00705	0.00784	0.00461	0.00507	0.00839	0.01184	0.01602	0.27679	0.43855	0.09968	0.01406	0.00649	0.00195	0.00295	0.07083	0.00512	0.00451
29	0.03515	0.00793	0.01054	0.00849	0.01176	0.00696	0.00685	0.02092	0.01436	0.57482	0.14092	0.06169	0.06019	0.00791	0.00546	0.00165	0.00395	0.00662	0.00611	0.00772
30	0.00905	0.00452	0.00678	0.00678	0.00678	0.00452	0.00452	0.00678	0.00678	0.00905	0.00905	0.01583	0.00905	0.01809	0.02035	0.84848	0.00452	0.00452	0.00226	0.00226
31	0.05731	0.44510	0.02126	0.01047	0.01427	0.18980	0.00925	0.14042	0.01362	0.01630	0.00827	0.00937	0.00700	0.00513	0.00441	0.00130	0.03373	0.00329	0.00287	0.00681

[dist]
# distance from previous block
# <min> <max>
1	3

[block]
# block no. 7 follows, 47 sequences, length 11
# corresponding to MSA columns:
# 405-415
name=unknown_H
#
# <colnr> <probs for GDERKNQSTAVLIFYWHMCP>
#	G	D	E	R	K	N	Q	S	T	A	V	L	I	F	Y	W	H	M	C	P
0	0.12314	0.00859	0.00973	0.00875	0.01089	0.00917	0.00693	0.18424	0.01397	0.07880	0.07325	0.17294	0.01962	0.04423	0.00690	0.00193	0.04497	0.09415	0.06564	0.02216
1	0.07056	0.06305	0.01282	0.01001	0.01264	0.05928	0.02880	0.20751	0.01462	0.11700	0.02836	0.17716	0.04142	0.03424	0.00688	0.00183	0.06504	0.02495	0.00441	0.01943
2	0.07572	0.00887	0.05991	0.03774	0.01165	0.00865	0.00750	0.08833	0.01149	0.10815	0.01358	0.01668	0.01091	0.02963	0.17729	0.05522	0.06239	0.00482	0.20564	0.00582
3	0.03040	0.01229	0.01286	0.04336	0.05517	0.09706	0.00881	0.07620	0.34280	0.12949	0.01611	0.01567	0.01192	0.00606	0.00498	0.00153	0.00504	0.00488	0.00457	0.12078
4	0.00816	0.00560	0.00635	0.00595	0.00688	0.00529	0.00385	0.00901	0.00890	0.01280	0.03642	0.02965	0.06423	0.50074	0.05608	0.00388	0.00477	0.00681	0.11417	0.11046
5	0.06622	0.07129	0.36762	0.06687	0.06284	0.01238	0.05257	0.07295	0.05304	0.01797	0.01114	0.01461	0.00889	0.00562	0.00494	0.00162	0.00652	0.04996	0.00292	0.05004
6	0.01299	0.13191	0.21505	0.09938	0.14247	0.03700	0.13255	0.01667	0.01166	0.08311	0.01023	0.01223	0.00774	0.00484	0.00491	0.00151	0.00676	0.00432	0.00279	0.06187
7	0.07624	0.07108	0.01319	0.00945	0.01330	0.01036	0.00786	0.11471	0.08586	0.49212	0.04008	0.01654	0.01279	0.00634	0.00499	0.00158	0.00456	0.00501	0.00563	0.00831
8	0.01004	0.00581	0.00739	0.00699	0.00850	0.00531	0.00514	0.01159	0.01216	0.16315	0.23086	0.19448	0.15798	0.10570	0.04867	0.00249	0.00386	0.00958	0.00509	0.00522
9	0.01519	0.05128	0.03361	0.01440	0.09348	0.07204	0.11405	0.10200	0.01316	0.16618	0.02444	0.01468	0.01006	0.01906	0.06022	0.00216	0.13692	0.00494	0.04505	0.00707
10	0.01526	0.01095	0.01182	0.01033	0.03031	0.05881	0.00798	0.30362	0.06069	0.12662	0.06798	0.14036	0.08752	0.00895	0.00562	0.00170	0.00477	0.03448	0.00509	0.00714

[dist]
# distance from previous block
# <min> <max>
45	521

[block]
# block no. 8 follows, 47 sequences, length 97
# corresponding to MSA columns:
# 1125-1221
name=unknown_I
#
# <colnr> <probs for GDERKNQSTAVLIFYWHMCP>
#	G	D	E	R	K	N	Q	S	T	A	V	L	I	F	Y	W	H	M	C	P
0	0.04228	0.02464	0.01133	0.04325	0.01306	0.12507	0.00788	0.11332	0.13506	0.06144	0.01869	0.22921	0.04338	0.01031	0.03355	0.00198	0.04867	0.00753	0.00428	0.02505
1	0.08967	0.05022	0.28236	0.01654	0.13510	0.01216	0.13812	0.04240	0.02580	0.09081	0.02483	0.01299	0.00875	0.00522	0.00526	0.00163	0.02435	0.00455	0.02183	0.00744
2	0.07487	0.00812	0.00962	0.03848	0.04829	0.00824	0.00700	0.02679	0.16554	0.03006	0.08348	0.08996	0.06728	0.09841	0.00774	0.00205	0.00418	0.09856	0.00427	0.12708
3	0.04511	0.02958	0.10081	0.09431	0.01660	0.06760	0.00999	0.24198	0.06169	0.08921	0.05579	0.04244	0.02501	0.00661	0.00526	0.00159	0.02099	0.00519	0.05947	0.02078
4	0.01191	0.01012	0.01159	0.02771	0.02694	0.07683	0.03834	0.12759	0.01249	0.01755	0.01323	0.03191	0.02789	0.05913	0.14625	0.00283	0.06761	0.00501	0.12491	0.16015
5	0.01358	0.01013	0.01205	0.10348	0.03218	0.01062	0.00822	0.27021	0.06769	0.05485	0.01517	0.07981	0.02666	0.12355	0.00819	0.00202	0.00501	0.00587	0.01874	0.13193
6	0.00751	0.00565	0.01995	0.00706	0.00815	0.00502	0.00512	0.02340	0.02656	0.04006	0.11849	0.46025	0.19434	0.03136	0.00699	0.01523	0.00314	0.01218	0.00488	0.00467
7	0.02816	0.01267	0.05167	0.08029	0.30608	0.02942	0.17823	0.04280	0.02693	0.13226	0.01198	0.02683	0.00918	0.00528	0.00553	0.00163	0.01917	0.00513	0.00333	0.02344
8	0.03029	0.44841	0.12213	0.03141	0.06482	0.03165	0.03902	0.09078	0.01239	0.05793	0.00910	0.01033	0.00736	0.00494	0.00437	0.00136	0.02013	0.00357	0.00282	0.00719
9	0.02650	0.00850	0.06114	0.03968	0.01141	0.00777	0.01946	0.08451	0.01252	0.12371	0.06452	0.06985	0.01542	0.02582	0.06780	0.00213	0.03187	0.00583	0.31556	0.00599
10	0.03233	0.00976	0.01213	0.00964	0.03025	0.00893	0.00765	0.14996	0.01548	0.39511	0.07700	0.01672	0.01372	0.00611	0.00496	0.00142	0.00440	0.00495	0.00529	0.19420
11	0.01945	0.02482	0.01476	0.01342	0.01610	0.79608	0.01006	0.02079	0.01476	0.01275	0.00805	0.00939	0.00671	0.00537	0.00470	0.00134	0.00939	0.00335	0.00268	0.00604
12	0.00742	0.00567	0.00617	0.00590	0.00782	0.00479	0.00452	0.00899	0.01229	0.05207	0.12861	0.04584	0.59759	0.01220	0.00604	0.00172	0.00285	0.04037	0.00493	0.04420
13	0.01945	0.02482	0.01476	0.01342	0.01610	0.79608	0.01006	0.02079	0.01476	0.01275	0.00805	0.00939	0.00671	0.00537	0.00470	0.00134	0.00939	0.00335	0.00268	0.00604
14	0.01731	0.00951	0.02471	0.00985	0.01322	0.00893	0.04379	0.10521	0.11278	0.39279	0.02289	0.11584	0.08307	0.00817	0.00553	0.00171	0.00447	0.00694	0.00557	0.00772
15	0.01026	0.00572	0.00764	0.00741	0.00883	0.00519	0.00545	0.01197	0.01274	0.17738	0.30260	0.36438	0.03533	0.01219	0.00617	0.00184	0.00311	0.01084	0.00550	0.00544
16	0.00905	0.00452	0.00678	0.00678	0.00678	0.00452	0.00452	0.00678	0.00678	0.00905	0.00905	0.01583	0.00905	0.01809	0.02035	0.84848	0.00452	0.00452	0.00226	0.00226
17	0.02336	0.00886	0.01209	0.00927	0.01329	0.00765	0.00765	0.02538	0.01491	0.78810	0.02055	0.01773	0.01289	0.00645	0.00524	0.00161	0.00443	0.00524	0.00645	0.00886
18	0.01743	0.05201	0.01601	0.08291	0.06593	0.01514	0.01037	0.55440	0.05631	0.02780	0.01244	0.02785	0.00936	0.00641	0.00542	0.01687	0.00571	0.00483	0.00459	0.00821
19	0.00778	0.00494	0.00650	0.00729	0.00796	0.00454	0.00499	0.00878	0.01041	0.07783	0.02885	0.69258	0.06727	0.03481	0.00699	0.00213	0.00317	0.01365	0.00493	0.00460
20	0.00623	0.00513	0.00548	0.00570	0.00716	0.00438	0.00416	0.00751	0.01160	0.01415	0.07278	0.19576	0.61456	0.01370	0.00625	0.00182	0.00271	0.01167	0.00487	0.00438
21	0.00693	0.00531	0.00635	0.00609	0.00751	0.00473	0.00457	0.00898	0.01370	0.01842	0.51829	0.04295	0.31413	0.01157	0.00615	0.00168	0.00252	0.00999	0.00541	0.00473
22	0.09028	0.02534	0.71594	0.01409	0.02136	0.01206	0.01795	0.01638	0.01079	0.01714	0.00915	0.01075	0.00651	0.00494	0.00478	0.00165	0.00735	0.00375	0.00230	0.00750
23	0.01045	0.02694	0.79000	0.01484	0.02254	0.01209	0.01924	0.01649	0.01099	0.01649	0.00935	0.01099	0.00660	0.00495	0.00495	0.00165	0.00770	0.00385	0.00220	0.00770
24	0.00908	0.00480	0.00508	0.00529	0.00631	0.00475	0.00383	0.01119	0.01068	0.01814	0.01898	0.15601	0.01710	0.02754	0.00471	0.00146	0.00259	0.00663	0.68113	0.00471
25	0.01191	0.00840	0.00940	0.00828	0.01048	0.00896	0.00642	0.13584	0.21669	0.05273	0.23845	0.02447	0.02384	0.03949	0.02188	0.00184	0.00382	0.00655	0.16404	0.00650
26	0.00983	0.00926	0.01562	0.80447	0.03587	0.01157	0.01446	0.01331	0.01041	0.01331	0.00926	0.01388	0.00694	0.00521	0.00521	0.00174	0.00694	0.00463	0.00231	0.00579
27	0.08659	0.00507	0.00619	0.00718	0.00776	0.00495	0.00488	0.00802	0.00982	0.01419	0.02643	0.72234	0.03142	0.03066	0.00671	0.00212	0.00316	0.01353	0.00465	0.00434
28	0.85377	0.01007	0.00765	0.00685	0.01007	0.01168	0.00564	0.01531	0.00886	0.02336	0.00725	0.00846	0.00564	0.00483	0.00322	0.00161	0.00403	0.00282	0.00322	0.00564
29	0.00671	0.00475	0.00593	0.00669	0.00725	0.00442	0.00452	0.00778	0.01039	0.01403	0.09102	0.54805	0.11534	0.09184	0.00829	0.00227	0.00310	0.01271	0.05068	0.00423
30	0.05326	0.01098	0.01175	0.01088	0.02976	0.01257	0.00838	0.06604	0.62798	0.02193	0.02025	0.02113	0.01584	0.00737	0.00532	0.00179	0.00430	0.05745	0.00510	0.00791
31	0.00800	0.00612	0.00859	0.00845	0.00958	0.00706	0.00654	0.01115	0.08642	0.01345	0.05149	0.02153	0.01517	0.05104	0.66188	0.00731	0.01221	0.00584	0.00319	0.00499
32	0.00757	0.00505	0.00568	0.00568	0.00568	0.00505	0.00316	0.00757	0.00757	0.01010	0.01641	0.03408	0.01893	0.81698	0.02651	0.00505	0.00505	0.00757	0.00316	0.00316
33	0.00971	0.00485	0.00485	0.00485	0.00607	0.00485	0.00364	0.01213	0.01092	0.01942	0.01699	0.01942	0.01335	0.00607	0.00364	0.00121	0.00243	0.00485	0.84589	0.00485
34	0.00666	0.00530	0.00598	0.00581	0.00735	0.00461	0.00436	0.00846	0.01307	0.01691	0.35713	0.04543	0.47623	0.01213	0.00615	0.00171	0.00256	0.01033	0.00521	0.00461
35	0.02336	0.00886	0.01209	0.00927	0.01329	0.00765	0.00765	0.02538	0.01491	0.78810	0.02055	0.01773	0.01289	0.00645	0.00524	0.00161	0.00443	0.00524	0.00645	0.00886
36	0.01080	0.00926	0.01080	0.00771	0.01234	0.00694	0.00617	0.01311	0.01080	0.01697	0.00926	0.01080	0.00771	0.00386	0.00386	0.00077	0.00386	0.00309	0.00309	0.84882
37	0.85377	0.01007	0.00765	0.00685	0.01007	0.01168	0.00564	0.01531	0.00886	0.02336	0.00725	0.00846	0.00564	0.00483	0.00322	0.00161	0.00403	0.00282	0.00322	0.00564
38	0.01980	0.01459	0.01563	0.01198	0.01615	0.01615	0.00990	0.76713	0.02448	0.03282	0.01250	0.01250	0.00886	0.00625	0.00521	0.00156	0.00573	0.00469	0.00521	0.00886
39	0.00983	0.00926	0.01562	0.80447	0.03587	0.01157	0.01446	0.01331	0.01041	0.01331	0.00926	0.01388	0.00694	0.00521	0.00521	0.00174	0.00694	0.00463	0.00231	0.00579
40	0.01980	0.01459	0.01563	0.01198	0.01615	0.01615	0.00990	0.76713	0.02448	0.03282	0.01250	0.01250	0.00886	0.00625	0.00521	0.00156	0.00573	0.00469	0.00521	0.00886
41	0.01890	0.01414	0.01512	0.01180	0.01581	0.01573	0.00968	0.66990	0.12319	0.03137	0.01365	0.01341	0.00978	0.00636	0.00522	0.00159	0.00552	0.00485	0.00522	0.00878
42	0.01135	0.00942	0.01128	0.00827	0.01249	0.00772	0.00667	0.01356	0.01073	0.04763	0.00951	0.01113	0.00785	0.00440	0.00502	0.00093	0.07085	0.00329	0.00315	0.74476
43	0.00634	0.00456	0.00601	0.00717	0.00753	0.00424	0.00480	0.00726	0.01005	0.01333	0.02969	0.78237	0.06502	0.01619	0.00663	0.00210	0.00301	0.01465	0.00483	0.00424
44	0.02209	0.00915	0.01205	0.00943	0.01332	0.00830	0.00773	0.02566	0.10800	0.69426	0.02062	0.01793	0.01326	0.00652	0.00524	0.00163	0.00439	0.00532	0.00631	0.00879
45	0.00830	0.00553	0.00669	0.00667	0.00811	0.00496	0.00489	0.01011	0.02898	0.09063	0.20208	0.28093	0.29701	0.01281	0.00620	0.00183	0.00292	0.01116	0.00520	0.00498
46	0.02237	0.00988	0.01261	0.00969	0.01369	0.00924	0.00800	0.16873	0.01667	0.62495	0.01891	0.01675	0.01212	0.00640	0.00520	0.00159	0.00464	0.00512	0.02465	0.00877
47	0.02249	0.00867	0.01181	0.00912	0.01299	0.00750	0.00750	0.02453	0.01490	0.74620	0.06212	0.01888	0.01487	0.00667	0.00529	0.00161	0.00432	0.00547	0.00641	0.00865
48	0.01865	0.01250	0.08635	0.01053	0.01461	0.01139	0.00927	0.28290	0.10030	0.30532	0.01646	0.01559	0.01125	0.00627	0.00508	0.00158	0.00500	0.00495	0.07365	0.00836
49	0.11230	0.01205	0.01356	0.04966	0.05120	0.07696	0.05002	0.16349	0.16074	0.17125	0.04525	0.01560	0.01204	0.00615	0.00499	0.00161	0.00528	0.00497	0.03533	0.00756
50	0.01218	0.01270	0.01583	0.01365	0.01391	0.09168	0.01126	0.01333	0.00863	0.01255	0.00695	0.01120	0.00682	0.00875	0.01589	0.00219	0.72998	0.00444	0.00232	0.00573
51	0.01158	0.00973	0.01180	0.00920	0.03772	0.00806	0.02394	0.09112	0.01245	0.01871	0.04620	0.02923	0.01035	0.00472	0.00426	0.00097	0.00415	0.00391	0.00344	0.65845
52	0.04835	0.00690	0.00895	0.11117	0.01269	0.00753	0.00707	0.02820	0.08929	0.04065	0.02269	0.45564	0.03787	0.02909	0.00710	0.00205	0.04978	0.02538	0.00436	0.00524
53	0.01341	0.00919	0.01034	0.00909	0.01189	0.00973	0.00712	0.02224	0.42523	0.17422	0.11030	0.02579	0.13235	0.00824	0.00551	0.00172	0.00378	0.00690	0.00551	0.00743
54	0.01384	0.01254	0.01332	0.11995	0.04499	0.08229	0.00971	0.10432	0.49525	0.02085	0.01706	0.01680	0.01283	0.00649	0.00522	0.00169	0.00522	0.00532	0.00455	0.00778
55	0.00929	0.00492	0.00508	0.00504	0.00628	0.00483	0.00378	0.01166	0.01133	0.01926	0.09134	0.02294	0.05874	0.00689	0.00401	0.00128	0.00244	0.00562	0.72042	0.00483
56	0.00677	0.00549	0.00606	0.00602	0.00757	0.00491	0.00448	0.00890	0.04582	0.01584	0.21279	0.10935	0.50774	0.01306	0.02009	0.00188	0.00289	0.01063	0.00502	0.00467
57	0.01840	0.01060	0.01258	0.00977	0.01349	0.01048	0.00798	0.31015	0.01821	0.30684	0.12955	0.01818	0.01622	0.00675	0.00523	0.00152	0.00459	0.00544	0.00554	0.08850
58	0.00971	0.00485	0.00485	0.00485	0.00607	0.00485	0.00364	0.01213	0.01092	0.01942	0.01699	0.01942	0.01335	0.00607	0.00364	0.00121	0.00243	0.00485	0.84589	0.00485
59	0.00703	0.00528	0.00629	0.00629	0.00717	0.00522	0.00437	0.00802	0.00932	0.01206	0.02862	0.03598	0.28808	0.31530	0.23361	0.00481	0.00667	0.00823	0.00365	0.00401
60	0.01392	0.82012	0.02729	0.00891	0.01337	0.02061	0.00891	0.01559	0.01058	0.01225	0.00724	0.00835	0.00668	0.00446	0.00334	0.00111	0.00557	0.00278	0.00223	0.00668
61	0.01045	0.02694	0.79000	0.01484	0.02254	0.01209	0.01924	0.01649	0.01099	0.01649	0.00935	0.01099	0.00660	0.00495	0.00495	0.00165	0.00770	0.00385	0.00220	0.00770
62	0.00983	0.00926	0.01562	0.80447	0.03587	0.01157	0.01446	0.01331	0.01041	0.01331	0.00926	0.01388	0.00694	0.00521	0.00521	0.00174	0.00694	0.00463	0.00231	0.00579
63	0.01988	0.01446	0.01555	0.01192	0.01609	0.01596	0.00985	0.75064	0.02427	0.04961	0.01268	0.01262	0.00895	0.00626	0.00521	0.00156	0.00570	0.00470	0.00524	0.00886
64	0.00643	0.00459	0.00614	0.00735	0.00769	0.00430	0.00498	0.00740	0.01005	0.01339	0.02866	0.78272	0.03426	0.01624	0.00667	0.00213	0.00309	0.04484	0.00483	0.00425
65	0.29126	0.00925	0.01066	0.00849	0.01225	0.00895	0.00700	0.02213	0.01296	0.54139	0.01626	0.01474	0.01055	0.00593	0.00459	0.00161	0.00430	0.00446	0.00541	0.00782
66	0.00757	0.00506	0.00574	0.00574	0.00576	0.00508	0.00323	0.00761	0.00759	0.01014	0.01635	0.03376	0.01879	0.79876	0.04453	0.00513	0.00526	0.00753	0.00315	0.00319
67	0.01089	0.01047	0.01473	0.01279	0.01288	0.01443	0.01056	0.01191	0.00795	0.01230	0.00763	0.01249	0.00754	0.01244	0.09104	0.04907	0.68847	0.00465	0.00233	0.00541
68	0.02336	0.00886	0.01209	0.00927	0.01329	0.00765	0.00765	0.02538	0.01491	0.78810	0.02055	0.01773	0.01289	0.00645	0.00524	0.00161	0.00443	0.00524	0.00645	0.00886
69	0.00710	0.00510	0.00637	0.00660	0.00766	0.00461	0.00474	0.00872	0.01234	0.03453	0.32362	0.33080	0.20215	0.01322	0.00631	0.00184	0.00275	0.01168	0.00522	0.00464
70	0.85377	0.01007	0.00765	0.00685	0.01007	0.01168	0.00564	0.01531	0.00886	0.02336	0.00725	0.00846	0.00564	0.00483	0.00322	0.00161	0.00403	0.00282	0.00322	0.00564
71	0.00767	0.00585	0.00856	0.00843	0.00924	0.00690	0.00650	0.00933	0.00828	0.01195	0.01377	0.02110	0.01318	0.10252	0.68936	0.00776	0.05654	0.00569	0.00279	0.00458
72	0.34317	0.00945	0.01045	0.00839	0.01211	0.00939	0.00693	0.03747	0.01278	0.47725	0.01525	0.01404	0.01001	0.00582	0.00446	0.00161	0.00430	0.00429	0.00518	0.00762
73	0.01074	0.01018	0.01725	0.57579	0.25748	0.01181	0.01491	0.01410	0.01084	0.01440	0.00942	0.01359	0.00733	0.00504	0.00519	0.00168	0.00672	0.00463	0.00239	0.00651
74	0.68812	0.01046	0.00893	0.00763	0.01103	0.01182	0.00629	0.09935	0.01112	0.09202	0.00901	0.00973	0.00664	0.00513	0.00362	0.00161	0.00425	0.00324	0.00373	0.00628
75	0.01938	0.01375	0.01513	0.03845	0.01644	0.01512	0.00978	0.64000	0.06422	0.09395	0.01353	0.01336	0.00951	0.00628	0.00522	0.00158	0.00558	0.00480	0.00522	0.00872
76	0.15123	0.01155	0.01524	0.11611	0.01726	0.07741	0.10820	0.01375	0.00974	0.01504	0.00990	0.07862	0.00932	0.00873	0.04018	0.00217	0.30177	0.00528	0.00275	0.00574
77	0.01178	0.01120	0.01891	0.12531	0.51125	0.01141	0.06583	0.02783	0.02490	0.01688	0.05662	0.01734	0.06622	0.00572	0.00536	0.00161	0.00595	0.00549	0.00298	0.00740
78	0.01241	0.00921	0.01096	0.00791	0.01246	0.00703	0.00636	0.01469	0.01133	0.11600	0.01071	0.01169	0.00838	0.00419	0.00403	0.00088	0.00393	0.00336	0.00352	0.74094
79	0.02336	0.00886	0.01209	0.00927	0.01329	0.00765	0.00765	0.02538	0.01491	0.78810	0.02055	0.01773	0.01289	0.00645	0.00524	0.00161	0.00443	0.00524	0.00645	0.00886
80	0.01159	0.00627	0.00824	0.00721	0.00922	0.00562	0.00559	0.01387	0.01462	0.22655	0.53438	0.03387	0.08257	0.00967	0.00590	0.00164	0.00300	0.00839	0.00587	0.00594
81	0.00701	0.00528	0.00649	0.00625	0.00758	0.00475	0.00466	0.00911	0.01380	0.01880	0.56181	0.07349	0.23879	0.01154	0.00617	0.00169	0.00253	0.01005	0.00546	0.00475
82	0.00615	0.00528	0.00528	0.00528	0.00703	0.00440	0.00396	0.00747	0.01187	0.01407	0.05276	0.05012	0.78238	0.01319	0.00615	0.00176	0.00264	0.01099	0.00484	0.00440
83	0.01304	0.01084	0.01146	0.01030	0.01319	0.01245	0.00801	0.02689	0.72216	0.03898	0.02098	0.01939	0.01571	0.00700	0.00522	0.00174	0.00405	0.00582	0.04467	0.00810
84	0.01897	0.01418	0.01517	0.01182	0.01584	0.01577	0.00970	0.67833	0.11463	0.03149	0.01355	0.01333	0.00970	0.00635	0.00522	0.00159	0.00554	0.00483	0.00522	0.00878
85	0.01980	0.01459	0.01563	0.01198	0.01615	0.01615	0.00990	0.76713	0.02448	0.03282	0.01250	0.01250	0.00886	0.00625	0.00521	0.00156	0.00573	0.00469	0.00521	0.00886
86	0.85377	0.01007	0.00765	0.00685	0.01007	0.01168	0.00564	0.01531	0.00886	0.02336	0.00725	0.00846	0.00564	0.00483	0.00322	0.00161	0.00403	0.00282	0.00322	0.00564
87	0.01295	0.01119	0.01178	0.01060	0.01354	0.01295	0.00824	0.02767	0.77509	0.02178	0.02120	0.01943	0.01590	0.00707	0.00530	0.00177	0.00412	0.00589	0.00530	0.00824
88	0.02336	0.00886	0.01209	0.00927	0.01329	0.00765	0.00765	0.02538	0.01491	0.78810	0.02055	0.01773	0.01289	0.00645	0.00524	0.00161	0.00443	0.00524	0.00645	0.00886
89	0.00737	0.00532	0.00696	0.00655	0.00778	0.00491	0.00491	0.00983	0.01474	0.02088	0.78175	0.03890	0.04914	0.01065	0.00614	0.00164	0.00246	0.00942	0.00573	0.00491
90	0.02033	0.01373	0.01510	0.01158	0.01572	0.01488	0.00956	0.65640	0.02305	0.14558	0.01370	0.01328	0.00946	0.00628	0.00521	0.00157	0.00554	0.00477	0.00539	0.00886
91	0.01945	0.02482	0.01476	0.01342	0.01610	0.79608	0.01006	0.02079	0.01476	0.01275	0.00805	0.00939	0.00671	0.00537	0.00470	0.00134	0.00939	0.00335	0.00268	0.00604
92	0.00634	0.00453	0.00604	0.00725	0.00755	0.00423	0.00483	0.00725	0.00997	0.01329	0.02870	0.81358	0.03444	0.01632	0.00665	0.00211	0.00302	0.01480	0.00483	0.00423
93	0.00693	0.00522	0.00698	0.00780	0.00809	0.00537	0.00543	0.00786	0.00972	0.01312	0.02601	0.67119	0.03094	0.06287	0.00876	0.00231	0.07429	0.03829	0.00451	0.00432
94	0.01080	0.00926	0.01080	0.00771	0.01234	0.00694	0.00617	0.01311	0.01080	0.01697	0.00926	0.01080	0.00771	0.00386	0.00386	0.00077	0.00386	0.00309	0.00309	0.84882
95	0.02273	0.00989	0.01272	0.00975	0.01381	0.00918	0.00806	0.15833	0.01662	0.65273	0.01910	0.01679	0.01217	0.00641	0.00523	0.00160	0.00466	0.00514	0.00622	0.00886
96	0.00901	0.00569	0.00749	0.00683	0.00835	0.00519	0.00519	0.01142	0.01476	0.09951	0.70373	0.03673	0.04542	0.01022	0.00605	0.00164	0.00266	0.00899	0.00581	0.00532

[dist]
# distance from previous block
# <min> <max>
0	13

[block]
# block no. 9 follows, 47 sequences, length 42
# corresponding to MSA columns:
# 1235-1276
name=unknown_J
#
# <colnr> <probs for GDERKNQSTAVLIFYWHMCP>
#	G	D	E	R	K	N	Q	S	T	A	V	L	I	F	Y	W	H	M	C	P
0	0.00737	0.00532	0.00696	0.00655	0.00778	0.00491	0.00491	0.00983	0.01474	0.02088	0.78175	0.03890	0.04914	0.01065	0.00614	0.00164	0.00246	0.00942	0.00573	0.00491
1	0.01045	0.02694	0.79000	0.01484	0.02254	0.01209	0.01924	0.01649	0.01099	0.01649	0.00935	0.01099	0.00660	0.00495	0.00495	0.00165	0.00770	0.00385	0.00220	0.00770
2	0.02308	0.00932	0.01237	0.00948	0.01352	0.00834	0.00784	0.08526	0.01568	0.72713	0.01990	0.01730	0.01257	0.00643	0.00523	0.00161	0.00454	0.00519	0.00635	0.00886
3	0.01899	0.01425	0.01565	0.02920	0.01640	0.01604	0.01010	0.69808	0.02303	0.03098	0.01204	0.01246	0.00867	0.00643	0.00604	0.00162	0.06184	0.00468	0.00494	0.00857
4	0.01177	0.01636	0.18375	0.01986	0.02530	0.01291	0.56589	0.01630	0.01176	0.01637	0.01022	0.01347	0.00771	0.00549	0.02436	0.00191	0.04138	0.00560	0.00253	0.00705
5	0.03421	0.60636	0.08013	0.00986	0.01443	0.04341	0.00976	0.12078	0.01264	0.01571	0.00815	0.00916	0.00696	0.00478	0.00376	0.00123	0.00583	0.00315	0.00268	0.00702
6	0.05743	0.00606	0.00663	0.00631	0.00690	0.00640	0.00406	0.05205	0.00903	0.01336	0.01538	0.02869	0.01645	0.58836	0.03782	0.00420	0.02911	0.00668	0.10115	0.00393
7	0.00806	0.00564	0.00715	0.00685	0.00822	0.00526	0.00514	0.01073	0.04486	0.05106	0.55515	0.11705	0.11546	0.01123	0.00615	0.00172	0.00273	0.02691	0.00555	0.00509
8	0.01080	0.00926	0.01080	0.00771	0.01234	0.00694	0.00617	0.01311	0.01080	0.01697	0.00926	0.01080	0.00771	0.00386	0.00386	0.00077	0.00386	0.00309	0.00309	0.84882
9	0.00646	0.00468	0.00612	0.00715	0.00763	0.00434	0.00489	0.00754	0.01046	0.01389	0.07752	0.69092	0.08463	0.01569	0.00660	0.00207	0.00302	0.03719	0.00489	0.00430
10	0.00648	0.00474	0.00612	0.00706	0.00764	0.00437	0.00488	0.00762	0.01064	0.01405	0.08831	0.63306	0.12443	0.01544	0.00657	0.00205	0.00301	0.04430	0.00490	0.00432
11	0.00645	0.00466	0.00612	0.00713	0.00761	0.00433	0.00486	0.00753	0.01048	0.01395	0.08621	0.69613	0.07842	0.01567	0.00659	0.00206	0.00299	0.02958	0.00490	0.00430
12	0.00633	0.00457	0.00600	0.00714	0.00752	0.00424	0.00478	0.00726	0.01008	0.01334	0.03008	0.76972	0.07742	0.01614	0.00662	0.00209	0.00300	0.01459	0.00483	0.00424
13	0.01325	0.01133	0.01194	0.01066	0.01365	0.01309	0.00831	0.05969	0.74259	0.02226	0.02082	0.01913	0.01559	0.00703	0.00530	0.00176	0.00419	0.00584	0.00530	0.00827
14	0.07126	0.00893	0.01183	0.00913	0.01311	0.00789	0.00754	0.02480	0.01456	0.74400	0.01978	0.01719	0.01247	0.00635	0.00512	0.00161	0.00441	0.00510	0.00626	0.00868
