[name]
unknown

[dist]
# distance from previous block
# <min> <max>
0	6

[block]
# block no. 0 follows, 44 sequences, length 20
# corresponding to MSA columns:
# 95-114
name=unknown_A
#
# <colnr> <probs for GDERKNQSTAVLIFYWHMCP>
#	G	D	E	R	K	N	Q	S	T	A	V	L	I	F	Y	W	H	M	C	P
0	0.01168	0.06408	0.01176	0.01052	0.01267	0.00964	0.00913	0.15987	0.03518	0.01983	0.02408	0.04713	0.02491	0.01244	0.00679	0.00223	0.00525	0.52178	0.00493	0.00610
1	0.02091	0.01418	0.01532	0.01193	0.01612	0.03877	0.00978	0.53830	0.07777	0.17724	0.01525	0.01458	0.01056	0.00662	0.00545	0.00165	0.00573	0.00507	0.00563	0.00913
2	0.11441	0.01510	0.01481	0.01176	0.01571	0.08060	0.00959	0.55666	0.04231	0.03058	0.04633	0.01376	0.01079	0.00653	0.00522	0.00163	0.00592	0.00482	0.00502	0.00844
3	0.00947	0.00473	0.00710	0.00710	0.00710	0.00473	0.00473	0.00710	0.00710	0.00947	0.00947	0.01657	0.00947	0.01894	0.02131	0.84138	0.00473	0.00473	0.00237	0.00237
4	0.01164	0.01111	0.01857	0.44150	0.31436	0.01282	0.01547	0.01492	0.01126	0.01533	0.00969	0.01392	0.00778	0.00557	0.00648	0.00179	0.07341	0.00484	0.00252	0.00702
5	0.11285	0.01463	0.01376	0.01150	0.01512	0.11400	0.00918	0.29886	0.26827	0.06310	0.01531	0.01487	0.01126	0.00655	0.00518	0.00169	0.00566	0.00495	0.00497	0.00829
6	0.00675	0.00486	0.00646	0.00757	0.00797	0.00462	0.00511	0.00775	0.01032	0.01377	0.02941	0.71020	0.05579	0.03730	0.06153	0.00273	0.00399	0.01453	0.00487	0.00444
7	0.00674	0.00488	0.00638	0.00739	0.00790	0.00451	0.00502	0.00789	0.01108	0.01480	0.10970	0.68035	0.08066	0.01626	0.00687	0.00214	0.00308	0.01467	0.00516	0.00451
8	0.00672	0.00487	0.00635	0.00739	0.00789	0.00450	0.00500	0.00783	0.01100	0.01464	0.09406	0.68848	0.08842	0.01635	0.00688	0.00215	0.00309	0.01475	0.00514	0.00450
9	0.01044	0.00984	0.01662	0.76015	0.07154	0.01215	0.01521	0.01406	0.01097	0.01411	0.00972	0.01449	0.00733	0.00542	0.00545	0.00181	0.00723	0.00485	0.00244	0.00618
10	0.00646	0.00546	0.00559	0.00569	0.00741	0.00459	0.00421	0.00781	0.01227	0.01466	0.05323	0.11210	0.71384	0.01407	0.00648	0.00187	0.00279	0.01182	0.00506	0.00459
11	0.84691	0.01054	0.00801	0.00717	0.01054	0.01223	0.00590	0.01603	0.00928	0.02446	0.00759	0.00886	0.00590	0.00506	0.00337	0.00169	0.00422	0.00295	0.00337	0.00590
12	0.01316	0.50715	0.32071	0.01174	0.01773	0.01811	0.01353	0.01669	0.01125	0.01455	0.00844	0.00982	0.00696	0.00486	0.00415	0.00138	0.00670	0.00335	0.00232	0.00741
13	0.01348	0.01266	0.01958	0.25560	0.47499	0.06172	0.01548	0.01667	0.01230	0.05049	0.01048	0.01379	0.00835	0.00517	0.00539	0.00167	0.00684	0.00480	0.00281	0.00776
14	0.08312	0.00791	0.00795	0.00699	0.00916	0.00843	0.00551	0.18576	0.01455	0.02393	0.01583	0.01768	0.01220	0.00629	0.00416	0.00139	0.00349	0.00486	0.57466	0.00612
15	0.01347	0.00999	0.01185	0.00875	0.01324	0.00825	0.00704	0.07295	0.01283	0.10828	0.01186	0.03467	0.00957	0.00505	0.00473	0.00105	0.02341	0.00401	0.00385	0.63514
16	0.01199	0.09803	0.67108	0.01466	0.02221	0.01322	0.01852	0.01768	0.01169	0.05762	0.01021	0.01164	0.00727	0.00522	0.00504	0.00167	0.00767	0.00401	0.00254	0.00803
17	0.00779	0.00584	0.00876	0.00876	0.00974	0.00681	0.00681	0.00974	0.00876	0.01266	0.01460	0.02142	0.01363	0.04089	0.78680	0.00876	0.01460	0.00584	0.00292	0.00487
18	0.68817	0.01140	0.00922	0.00800	0.01148	0.04980	0.00654	0.05213	0.01096	0.09732	0.00924	0.01004	0.00685	0.00532	0.00375	0.00167	0.00462	0.00332	0.00377	0.00641
19	0.43048	0.01212	0.01181	0.00997	0.01345	0.05939	0.05906	0.06840	0.17700	0.04065	0.03776	0.01349	0.01050	0.00589	0.00447	0.00169	0.00499	0.00436	0.00407	0.03045

[dist]
# distance from previous block
# <min> <max>
0	1

[block]
# block no. 1 follows, 44 sequences, length 15
# corresponding to MSA columns:
# 116-130
name=unknown_B
#
# <colnr> <probs for GDERKNQSTAVLIFYWHMCP>
#	G	D	E	R	K	N	Q	S	T	A	V	L	I	F	Y	W	H	M	C	P
0	0.01927	0.03189	0.01350	0.01056	0.01423	0.03935	0.00856	0.24761	0.12202	0.30503	0.06474	0.04966	0.03349	0.00752	0.00555	0.00170	0.00500	0.00607	0.00578	0.00847
1	0.01420	0.73193	0.10508	0.00996	0.01497	0.02066	0.01043	0.01642	0.01112	0.01328	0.00780	0.00903	0.00699	0.00472	0.00367	0.00122	0.00606	0.00303	0.00233	0.00710
2	0.01138	0.00784	0.01024	0.00913	0.01011	0.00892	0.00686	0.02456	0.00981	0.11724	0.01643	0.04459	0.04344	0.31009	0.12419	0.00416	0.20456	0.00668	0.00364	0.02616
3	0.01298	0.06062	0.11060	0.09472	0.58008	0.01335	0.01657	0.01653	0.01210	0.01713	0.01000	0.01308	0.00822	0.00493	0.00527	0.00162	0.00669	0.00465	0.00261	0.00825
4	0.01236	0.35563	0.44168	0.01267	0.01910	0.01616	0.01515	0.01666	0.01145	0.01555	0.03222	0.01125	0.00831	0.00515	0.00451	0.00149	0.00696	0.00374	0.00243	0.00752
5	0.01206	0.01231	0.01885	0.01552	0.01628	0.01629	0.11501	0.01372	0.00898	0.01372	0.00769	0.01231	0.00731	0.00886	0.01630	0.00231	0.68887	0.00500	0.00244	0.00616
6	0.00653	0.00550	0.00567	0.00569	0.00743	0.00463	0.00424	0.00797	0.01254	0.01514	0.09921	0.08152	0.69778	0.01377	0.00646	0.00185	0.00277	0.01156	0.00512	0.00463
7	0.01130	0.18029	0.54623	0.01335	0.01999	0.01359	0.01635	0.01631	0.01186	0.01690	0.09374	0.01420	0.01186	0.00574	0.00499	0.00161	0.00701	0.00445	0.00272	0.00753
8	0.01573	0.01196	0.01306	0.01183	0.04314	0.03345	0.00902	0.13582	0.45926	0.11651	0.02133	0.02111	0.04191	0.00755	0.00561	0.00180	0.00481	0.03218	0.00546	0.00847
9	0.01175	0.00555	0.00592	0.00559	0.00719	0.00541	0.00428	0.01424	0.01189	0.10428	0.01820	0.02013	0.01392	0.00640	0.00400	0.00132	0.00277	0.00513	0.74651	0.00555
10	0.00898	0.00651	0.00822	0.00794	0.00863	0.00718	0.00562	0.06261	0.00987	0.01377	0.01693	0.11296	0.01801	0.35422	0.25277	0.00542	0.05646	0.00763	0.03171	0.00455
11	0.46384	0.01134	0.01017	0.00898	0.01209	0.05554	0.00730	0.12280	0.05224	0.05305	0.01175	0.01494	0.00964	0.01004	0.09099	0.00250	0.00601	0.04632	0.00393	0.00652
12	0.01163	0.00661	0.00857	0.00780	0.00971	0.00612	0.00595	0.04043	0.01447	0.18789	0.36228	0.16638	0.09295	0.01249	0.03939	0.00210	0.00378	0.00963	0.00578	0.00604
13	0.00873	0.00554	0.00699	0.00727	0.00849	0.00497	0.00520	0.01014	0.01217	0.09991	0.14244	0.44351	0.19532	0.01436	0.00661	0.00200	0.00315	0.01270	0.00538	0.00511
14	0.01304	0.00933	0.01352	0.39048	0.02418	0.01063	0.01102	0.13535	0.01326	0.09354	0.01321	0.07237	0.01088	0.00848	0.00766	0.11653	0.00595	0.00568	0.03864	0.00624

[dist]
# distance from previous block
# <min> <max>
0	71

[block]
# block no. 2 follows, 44 sequences, length 8
# corresponding to MSA columns:
# 202-209
name=unknown_C
#
# <colnr> <probs for GDERKNQSTAVLIFYWHMCP>
#	G	D	E	R	K	N	Q	S	T	A	V	L	I	F	Y	W	H	M	C	P
0	0.01239	0.01081	0.01635	0.63801	0.03340	0.01308	0.01418	0.16309	0.01386	0.01803	0.01037	0.01424	0.00767	0.00567	0.00545	0.00178	0.00701	0.00486	0.00303	0.00670
1	0.01061	0.14847	0.50476	0.01254	0.01880	0.01246	0.01520	0.01522	0.01163	0.01605	0.01856	0.01930	0.16070	0.00683	0.00517	0.00166	0.00664	0.00535	0.00286	0.00719
2	0.00959	0.00706	0.00844	0.00840	0.00974	0.00718	0.00611	0.15824	0.01350	0.01790	0.02781	0.47050	0.11202	0.04192	0.07200	0.00270	0.00470	0.01187	0.00491	0.00542
3	0.04215	0.17477	0.30305	0.05762	0.01932	0.01532	0.01382	0.20032	0.01462	0.02036	0.01071	0.04115	0.00860	0.00611	0.00562	0.00165	0.04932	0.00451	0.00324	0.00772
4	0.01080	0.01075	0.01592	0.06776	0.01590	0.01367	0.08212	0.01253	0.00978	0.01392	0.01737	0.02052	0.16100	0.00964	0.01362	0.00218	0.50743	0.00629	0.00296	0.00583
5	0.01568	0.01222	0.01387	0.01151	0.01443	0.04985	0.03787	0.39642	0.01857	0.04520	0.01752	0.17408	0.03827	0.01180	0.07180	0.00239	0.04900	0.00732	0.00479	0.00739
6	0.20621	0.01528	0.18071	0.07203	0.22548	0.01257	0.03105	0.05836	0.02912	0.06293	0.01049	0.01242	0.00797	0.00536	0.00518	0.00168	0.02508	0.00430	0.00321	0.03058
7	0.01526	0.32991	0.04930	0.16906	0.03569	0.10609	0.01121	0.07922	0.05792	0.06506	0.01046	0.01199	0.00827	0.00552	0.00489	0.00150	0.02428	0.00402	0.00315	0.00721

[dist]
# distance from previous block
# <min> <max>
0	1

[block]
# block no. 3 follows, 44 sequences, length 162
# corresponding to MSA columns:
# 211-233,250-278,282-326,365-397,410-441
name=unknown_D
#
# <colnr> <probs for GDERKNQSTAVLIFYWHMCP>
#	G	D	E	R	K	N	Q	S	T	A	V	L	I	F	Y	W	H	M	C	P
0	0.03483	0.36854	0.26809	0.01257	0.01831	0.01634	0.07591	0.04126	0.01223	0.09055	0.01012	0.01124	0.00776	0.00510	0.00454	0.00148	0.00668	0.00389	0.00292	0.00764
1	0.00703	0.00579	0.00656	0.00684	0.03204	0.00504	0.00489	0.00879	0.01317	0.01663	0.23056	0.04851	0.55353	0.01289	0.00643	0.00182	0.00288	0.02650	0.00522	0.00487
2	0.00831	0.00594	0.00720	0.00756	0.00829	0.00581	0.00508	0.07287	0.01118	0.01494	0.02532	0.50161	0.04535	0.21960	0.01210	0.00291	0.00397	0.01224	0.00460	0.02512
3	0.01328	0.08146	0.21925	0.01216	0.03624	0.01142	0.04093	0.08251	0.03107	0.08248	0.01266	0.04006	0.01048	0.03316	0.00606	0.00161	0.02531	0.02795	0.00352	0.22839
4	0.00769	0.00529	0.00647	0.00665	0.00690	0.00535	0.00417	0.00824	0.00883	0.01197	0.05678	0.15862	0.02318	0.53359	0.12866	0.00509	0.00610	0.00896	0.00367	0.00380
5	0.00669	0.00486	0.00628	0.00734	0.00782	0.00449	0.00494	0.00771	0.01073	0.01418	0.05722	0.69141	0.10416	0.03515	0.00738	0.00223	0.00316	0.01476	0.00505	0.00444
6	0.00688	0.00498	0.00653	0.00760	0.00817	0.00464	0.00531	0.00809	0.01108	0.01468	0.07856	0.63770	0.09166	0.01629	0.00693	0.00218	0.00325	0.07581	0.00512	0.00454
7	0.01288	0.01486	0.04921	0.03589	0.02707	0.03248	0.64662	0.01790	0.04996	0.01752	0.01194	0.01605	0.00923	0.00507	0.00633	0.00184	0.00879	0.02609	0.00294	0.00732
8	0.01039	0.00530	0.00532	0.00524	0.00658	0.00534	0.00395	0.02874	0.01174	0.02063	0.01768	0.02017	0.01387	0.00636	0.00385	0.00128	0.00262	0.00508	0.82070	0.00517
9	0.02171	0.00883	0.01189	0.00932	0.01307	0.00777	0.00761	0.04158	0.01582	0.64009	0.14044	0.02195	0.01942	0.00744	0.00563	0.00169	0.00434	0.00616	0.00660	0.00862
10	0.01110	0.06343	0.74636	0.01526	0.02316	0.01306	0.01966	0.01722	0.01149	0.01707	0.00968	0.01139	0.00691	0.00516	0.00510	0.00170	0.00796	0.00398	0.00230	0.00801
11	0.01251	0.01632	0.13206	0.04271	0.02773	0.01366	0.61757	0.01723	0.01252	0.01723	0.01073	0.01420	0.00803	0.00482	0.00652	0.00184	0.02822	0.00603	0.00268	0.00738
12	0.00664	0.00476	0.00631	0.00754	0.00789	0.00443	0.00504	0.00760	0.01049	0.01394	0.03067	0.78638	0.05413	0.01700	0.00695	0.00220	0.00315	0.01540	0.00506	0.00443
13	0.01156	0.00984	0.01144	0.00820	0.01303	0.00753	0.00657	0.03386	0.01169	0.01821	0.00978	0.01135	0.00811	0.00411	0.00408	0.00083	0.00409	0.00328	0.00329	0.81915
14	0.01193	0.01193	0.01670	0.01431	0.01431	0.01670	0.01193	0.01312	0.00835	0.01312	0.00716	0.01193	0.00716	0.00954	0.01789	0.00239	0.79843	0.00477	0.00239	0.00596
15	0.01349	0.01295	0.02213	0.03346	0.77440	0.01295	0.01673	0.01673	0.01241	0.01781	0.01025	0.01349	0.00864	0.00486	0.00540	0.00162	0.00648	0.00486	0.00270	0.00864
16	0.00839	0.07445	0.00852	0.00665	0.00888	0.00723	0.00523	0.05870	0.04594	0.01617	0.04573	0.08256	0.58742	0.01244	0.00612	0.00179	0.00332	0.01031	0.00488	0.00528
17	0.01178	0.00997	0.01156	0.00830	0.01312	0.00775	0.00666	0.05086	0.01202	0.01859	0.00986	0.01139	0.00813	0.00416	0.00411	0.00085	0.00414	0.00331	0.00334	0.80010
18	0.00704	0.00494	0.00618	0.00701	0.00727	0.00470	0.00448	0.00770	0.00971	0.01289	0.02680	0.53878	0.05441	0.26603	0.01349	0.00317	0.00382	0.01299	0.00451	0.00408
19	0.00781	0.00577	0.00838	0.00838	0.00922	0.00661	0.00633	0.00949	0.00865	0.01237	0.01496	0.02337	0.01448	0.14601	0.68283	0.00829	0.01333	0.00613	0.00297	0.00465
20	0.80903	0.01061	0.00831	0.00735	0.01076	0.01223	0.00605	0.03228	0.00979	0.04303	0.00805	0.00918	0.00616	0.00513	0.00347	0.00169	0.00427	0.00306	0.00350	0.00606
21	0.01331	0.01011	0.01124	0.01002	0.01281	0.01116	0.00780	0.02459	0.52645	0.09493	0.18855	0.02470	0.02407	0.00817	0.00574	0.00180	0.00396	0.00692	0.00576	0.00792
22	0.00687	0.00492	0.00653	0.00744	0.00796	0.00458	0.00508	0.00815	0.01148	0.01557	0.18457	0.64561	0.03926	0.01584	0.00685	0.00211	0.00304	0.01432	0.00526	0.00458
23	0.00707	0.00555	0.00639	0.00618	0.00775	0.00487	0.00464	0.00904	0.01391	0.01824	0.40770	0.04669	0.41752	0.01250	0.00644	0.00178	0.00267	0.01070	0.00552	0.00487
24	0.84691	0.01054	0.00801	0.00717	0.01054	0.01223	0.00590	0.01603	0.00928	0.02446	0.00759	0.00886	0.00590	0.00506	0.00337	0.00169	0.00422	0.00295	0.00337	0.00590
25	0.00664	0.00474	0.00633	0.00759	0.00791	0.00443	0.00506	0.00759	0.01044	0.01392	0.03005	0.80485	0.03606	0.01708	0.00696	0.00221	0.00316	0.01550	0.00506	0.00443
26	0.00704	0.00548	0.00647	0.00713	0.00822	0.00506	0.00512	0.00898	0.04918	0.01482	0.03916	0.43455	0.31471	0.01523	0.00673	0.00207	0.00318	0.05705	0.00508	0.00474
27	0.02037	0.02598	0.01545	0.01404	0.01685	0.78652	0.01053	0.02177	0.01545	0.01334	0.00843	0.00983	0.00702	0.00562	0.00492	0.00140	0.00983	0.00351	0.00281	0.00632
28	0.00695	0.00510	0.00656	0.00765	0.00817	0.00485	0.00518	0.00858	0.04489	0.01436	0.03095	0.73134	0.07213	0.01647	0.00687	0.00218	0.00320	0.01487	0.00508	0.00463
29	0.01134	0.05277	0.73965	0.01521	0.02308	0.01284	0.01954	0.01744	0.01158	0.03354	0.00997	0.01157	0.00705	0.00520	0.00513	0.00171	0.00791	0.00402	0.00240	0.00805
30	0.01888	0.10572	0.05567	0.01477	0.06441	0.57702	0.01127	0.06192	0.01518	0.01495	0.00878	0.01022	0.00724	0.00550	0.00484	0.00142	0.00890	0.00364	0.00288	0.00679
31	0.01199	0.09010	0.61528	0.05008	0.02259	0.01317	0.01797	0.01796	0.04092	0.05517	0.01067	0.01212	0.00764	0.00531	0.00508	0.00169	0.00752	0.00413	0.00266	0.00796
32	0.05272	0.52815	0.20631	0.01107	0.01634	0.07654	0.01185	0.01695	0.01143	0.01447	0.00817	0.00949	0.00693	0.00488	0.00400	0.00134	0.00659	0.00323	0.00241	0.00715
33	0.00817	0.00551	0.00626	0.00623	0.00638	0.00552	0.00362	0.02667	0.00868	0.01161	0.03472	0.07987	0.02121	0.72457	0.02551	0.00494	0.00512	0.00834	0.00352	0.00356
34	0.08353	0.00715	0.00881	0.00770	0.00994	0.00679	0.00601	0.03078	0.02882	0.19304	0.49137	0.03228	0.05301	0.00952	0.00592	0.00171	0.00329	0.00814	0.00591	0.00628
35	0.05148	0.01296	0.04947	0.18498	0.45550	0.01302	0.04182	0.07891	0.01312	0.03191	0.01046	0.01352	0.00829	0.00517	0.00535	0.00168	0.00662	0.00481	0.00296	0.00798
36	0.06317	0.05869	0.04211	0.19610	0.39213	0.01291	0.07068	0.01616	0.02237	0.03088	0.01090	0.04024	0.00913	0.00546	0.00531	0.00169	0.00655	0.00511	0.00284	0.00756
37	0.00713	0.00550	0.00653	0.00660	0.00792	0.00496	0.00482	0.00917	0.02810	0.01754	0.33235	0.20755	0.31541	0.01333	0.00653	0.00187	0.00280	0.01160	0.00544	0.00486
38	0.00767	0.00554	0.00725	0.00689	0.00813	0.00511	0.00514	0.01017	0.01522	0.02152	0.73961	0.07361	0.05078	0.01140	0.00645	0.00174	0.00260	0.01010	0.00596	0.00511
39	0.01280	0.19951	0.50769	0.01380	0.02044	0.06820	0.01634	0.04138	0.04140	0.01678	0.00979	0.01118	0.00739	0.00523	0.00481	0.00158	0.00748	0.00386	0.00257	0.00776
40	0.01609	0.06009	0.01676	0.09004	0.11183	0.17797	0.03986	0.10751	0.24539	0.05798	0.01425	0.01491	0.01083	0.00612	0.00529	0.00165	0.00652	0.00496	0.00408	0.00786
41	0.01392	0.01027	0.01135	0.01002	0.01295	0.01125	0.00783	0.04459	0.50167	0.11654	0.12464	0.02423	0.05719	0.00809	0.00567	0.00180	0.00406	0.00678	0.01914	0.00800
42	0.01228	0.01302	0.02427	0.01884	0.03980	0.01451	0.39439	0.01533	0.01087	0.01563	0.00973	0.01391	0.00814	0.00780	0.03580	0.00226	0.32798	0.00567	0.02311	0.00669
43	0.01710	0.07822	0.01436	0.03069	0.05217	0.05443	0.00894	0.15674	0.18231	0.21079	0.02057	0.03854	0.08109	0.00737	0.00538	0.00167	0.00511	0.00594	0.02052	0.00805
44	0.05533	0.04817	0.01576	0.05425	0.10241	0.42716	0.01081	0.09694	0.04431	0.01704	0.01157	0.01385	0.02928	0.00694	0.02410	0.00171	0.00811	0.02210	0.00329	0.00686
45	0.00712	0.00496	0.00624	0.00701	0.00727	0.00474	0.00448	0.00783	0.00983	0.01317	0.05956	0.51528	0.03138	0.27890	0.01382	0.00321	0.00384	0.01273	0.00452	0.00409
46	0.01272	0.01447	0.03156	0.02262	0.02801	0.01357	0.73700	0.01723	0.01281	0.01738	0.01148	0.03325	0.00892	0.00489	0.00645	0.00185	0.00905	0.00665	0.00281	0.00728
47	0.04908	0.55638	0.08342	0.01011	0.01462	0.04250	0.03490	0.01642	0.01183	0.04445	0.08165	0.01265	0.01150	0.00545	0.00413	0.00133	0.00582	0.00391	0.00293	0.00693
48	0.02430	0.00954	0.01281	0.00982	0.01405	0.00840	0.00811	0.05826	0.01604	0.74586	0.02114	0.01832	0.01331	0.00674	0.00548	0.00168	0.00470	0.00546	0.00669	0.00928
49	0.00663	0.00479	0.00628	0.00746	0.00787	0.00444	0.00500	0.00761	0.01056	0.01397	0.03163	0.75766	0.08223	0.01687	0.00693	0.00219	0.00314	0.01525	0.00506	0.00444
50	0.01417	0.49298	0.07281	0.01136	0.01522	0.10333	0.03565	0.01621	0.01114	0.01336	0.00827	0.01039	0.00743	0.00751	0.04996	0.00185	0.11558	0.00359	0.00244	0.00674
51	0.01718	0.03514	0.01490	0.01249	0.03951	0.09314	0.00968	0.36078	0.25970	0.02643	0.03768	0.04102	0.01339	0.00709	0.00545	0.00169	0.00567	0.00560	0.00505	0.00841
52	0.51996	0.05314	0.27592	0.01016	0.01521	0.01280	0.01098	0.01647	0.01013	0.02144	0.00835	0.00977	0.00630	0.00508	0.00400	0.00168	0.00562	0.00332	0.00296	0.00670
53	0.01884	0.13993	0.01834	0.01407	0.03009	0.58028	0.04538	0.04387	0.01478	0.01420	0.00857	0.01012	0.00718	0.00555	0.00514	0.00143	0.02919	0.00366	0.00281	0.00659
54	0.01039	0.00629	0.00699	0.11365	0.01099	0.02689	0.00562	0.01304	0.01140	0.01908	0.01635	0.01928	0.01286	0.00706	0.02326	0.00153	0.00368	0.00503	0.68138	0.00524
55	0.01792	0.32919	0.02058	0.01219	0.01568	0.45110	0.01010	0.03845	0.01384	0.01368	0.00819	0.00955	0.00707	0.00537	0.00471	0.00134	0.02834	0.00335	0.00268	0.00665
56	0.04718	0.01151	0.01797	0.43880	0.22077	0.02803	0.04323	0.07547	0.01271	0.03786	0.01037	0.01394	0.00792	0.00538	0.00538	0.00174	0.00689	0.00483	0.00292	0.00711
57	0.00656	0.00545	0.00574	0.00583	0.00748	0.00463	0.00431	0.00799	0.01247	0.01521	0.10877	0.12360	0.64540	0.01391	0.00649	0.00187	0.00279	0.01176	0.00514	0.00463
58	0.01030	0.00969	0.01635	0.79530	0.03755	0.01211	0.01514	0.01393	0.01090	0.01393	0.00969	0.01453	0.00727	0.00545	0.00545	0.00182	0.00727	0.00484	0.00242	0.00606
59	0.00656	0.00549	0.00571	0.00573	0.00745	0.00464	0.00427	0.00802	0.01260	0.01530	0.11533	0.08355	0.67923	0.01372	0.00646	0.00185	0.00276	0.01154	0.00514	0.00464
60	0.00743	0.00532	0.00684	0.00780	0.00832	0.00512	0.00529	0.04722	0.01116	0.01489	0.02874	0.73848	0.03412	0.04170	0.00754	0.00228	0.00338	0.01470	0.00503	0.00465
61	0.00823	0.00604	0.00800	0.00906	0.01005	0.00605	0.00715	0.01109	0.07171	0.01579	0.02885	0.38207	0.03224	0.01533	0.00712	0.00233	0.00415	0.36461	0.00508	0.00505
62	0.01030	0.00969	0.01635	0.79530	0.03755	0.01211	0.01514	0.01393	0.01090	0.01393	0.00969	0.01453	0.00727	0.00545	0.00545	0.00182	0.00727	0.00484	0.00242	0.00606
63	0.00780	0.00523	0.00598	0.00611	0.00614	0.00520	0.00348	0.00789	0.00818	0.01090	0.01845	0.11173	0.02143	0.73016	0.02569	0.00498	0.00508	0.00868	0.00348	0.00341
64	0.00722	0.00517	0.00684	0.00798	0.00850	0.00493	0.00560	0.02622	0.01104	0.01468	0.02951	0.70454	0.03490	0.01660	0.00698	0.00223	0.00343	0.09396	0.00507	0.00461
65	0.01442	0.01143	0.01218	0.01075	0.01387	0.01299	0.00842	0.08119	0.62483	0.06142	0.02121	0.01972	0.01577	0.00723	0.00543	0.00179	0.00434	0.00597	0.05856	0.00848
66	0.17351	0.00806	0.00903	0.00788	0.01028	0.00821	0.00620	0.07765	0.04413	0.12155	0.41130	0.02796	0.03170	0.00872	0.00552	0.00169	0.00352	0.00725	0.02950	0.00631
67	0.00710	0.00509	0.00684	0.00808	0.00863	0.00483	0.00585	0.00840	0.01094	0.01445	0.03033	0.62758	0.05092	0.01657	0.00707	0.00227	0.00356	0.17187	0.00505	0.00456
68	0.00855	0.00613	0.00850	0.00972	0.01091	0.00608	0.00836	0.01090	0.01237	0.01607	0.02961	0.12440	0.04981	0.01520	0.00746	0.00247	0.00481	0.65869	0.00502	0.00496
69	0.01118	0.00606	0.00617	0.00580	0.00737	0.00622	0.00444	0.08425	0.01280	0.02168	0.01733	0.01963	0.01352	0.00637	0.00397	0.00131	0.00287	0.00506	0.75849	0.00548
70	0.02006	0.01621	0.01558	0.01233	0.01629	0.12629	0.01001	0.60828	0.02336	0.03054	0.01269	0.01304	0.00922	0.00640	0.00528	0.00158	0.00635	0.00472	0.05315	0.00861
71	0.01485	0.01501	0.02087	0.02960	0.62646	0.12897	0.01551	0.05117	0.01347	0.01790	0.01011	0.01293	0.00842	0.00505	0.00533	0.00159	0.00696	0.00466	0.00284	0.00832
72	0.00810	0.00566	0.00738	0.00690	0.00827	0.00520	0.00519	0.01063	0.01536	0.04059	0.73519	0.04046	0.06818	0.01110	0.00641	0.00172	0.00263	0.00979	0.00600	0.00523
73	0.00683	0.00524	0.00625	0.00663	0.00776	0.00467	0.00473	0.00833	0.01240	0.01615	0.21932	0.33401	0.31925	0.01440	0.00663	0.00195	0.00287	0.01262	0.00529	0.00467
74	0.01395	0.01306	0.02393	0.01776	0.02206	0.01294	0.43971	0.16070	0.01519	0.05005	0.05375	0.09091	0.01355	0.00679	0.00671	0.00184	0.03883	0.00708	0.00382	0.00735
75	0.01253	0.01020	0.01181	0.00853	0.01332	0.00818	0.00686	0.08299	0.01275	0.03955	0.01032	0.01166	0.00833	0.00434	0.00421	0.00091	0.00424	0.00345	0.00353	0.74230
76	0.13394	0.03054	0.01393	0.01110	0.01486	0.11412	0.00898	0.29767	0.12191	0.15897	0.03134	0.01458	0.01118	0.00644	0.00510	0.00164	0.00570	0.00480	0.00501	0.00820
77	0.02059	0.01409	0.01548	0.01192	0.01616	0.01526	0.00983	0.62774	0.02360	0.12419	0.01417	0.01402	0.00993	0.00721	0.02090	0.00176	0.00591	0.00497	0.01974	0.02251
78	0.00662	0.00497	0.00615	0.00703	0.00777	0.00450	0.00483	0.00774	0.01111	0.01438	0.06021	0.58549	0.22734	0.01604	0.00681	0.00210	0.00304	0.01428	0.00509	0.00450
79	0.00712	0.00553	0.00647	0.00628	0.00779	0.00488	0.00469	0.00911	0.01395	0.01845	0.43005	0.06579	0.37532	0.01250	0.00645	0.00178	0.00267	0.01075	0.00555	0.00488
80	0.00997	0.03471	0.30839	0.01041	0.01458	0.00861	0.01120	0.01394	0.01374	0.05864	0.40232	0.02768	0.04664	0.00850	0.00582	0.00171	0.00490	0.00723	0.00449	0.00652
81	0.00914	0.00668	0.00806	0.00760	0.00929	0.00655	0.00573	0.01357	0.14104	0.05186	0.45772	0.11150	0.12760	0.01122	0.00629	0.00180	0.00303	0.00979	0.00575	0.00577
82	0.00792	0.00533	0.00618	0.00618	0.00627	0.00541	0.00360	0.00808	0.00800	0.01075	0.01696	0.03447	0.01930	0.74346	0.09198	0.00558	0.00607	0.00775	0.00327	0.00344
83	0.01093	0.02820	0.78016	0.01554	0.02360	0.01266	0.02014	0.01727	0.01151	0.01727	0.00978	0.01151	0.00691	0.00518	0.00518	0.00173	0.00806	0.00403	0.00230	0.00806
84	0.01475	0.01179	0.01259	0.01105	0.01428	0.01343	0.00867	0.09578	0.64317	0.06415	0.02124	0.01957	0.01575	0.00726	0.00551	0.00181	0.00446	0.00599	0.02009	0.00866
85	0.00681	0.00481	0.00628	0.00738	0.00765	0.00454	0.00483	0.00763	0.01011	0.01348	0.02838	0.70514	0.03395	0.11966	0.00965	0.00261	0.00344	0.01452	0.00483	0.00428
86	0.00673	0.00481	0.00641	0.00753	0.00793	0.00449	0.00507	0.00782	0.01086	0.01459	0.09264	0.74034	0.03736	0.01658	0.00691	0.00217	0.00311	0.01502	0.00514	0.00449
87	0.02072	0.01527	0.01636	0.01254	0.01691	0.01691	0.01036	0.75622	0.02563	0.03436	0.01309	0.01309	0.00927	0.00654	0.00545	0.00164	0.00600	0.00491	0.00545	0.00927
88	0.02013	0.01477	0.01584	0.01224	0.01643	0.01632	0.01007	0.72004	0.02492	0.03352	0.01362	0.03255	0.01004	0.00680	0.00545	0.00164	0.00585	0.00517	0.02554	0.00905
89	0.02446	0.00928	0.01265	0.00970	0.01392	0.00801	0.00801	0.02657	0.01560	0.77817	0.02151	0.01856	0.01350	0.00675	0.00548	0.00169	0.00464	0.00548	0.00675	0.00928
90	0.02446	0.00928	0.01265	0.00970	0.01392	0.00801	0.00801	0.02657	0.01560	0.77817	0.02151	0.01856	0.01350	0.00675	0.00548	0.00169	0.00464	0.00548	0.00675	0.00928
91	0.01344	0.01161	0.01221	0.01100	0.01406	0.01341	0.00855	0.02861	0.75181	0.02267	0.02275	0.02088	0.02943	0.00750	0.00556	0.00185	0.00429	0.00625	0.00554	0.00856
92	0.01199	0.01034	0.01082	0.00986	0.01267	0.01158	0.00764	0.02430	0.59840	0.02102	0.02949	0.02744	0.18354	0.00881	0.00575	0.00185	0.00397	0.00734	0.00544	0.00774
93	0.00746	0.00545	0.00700	0.00684	0.00804	0.00500	0.00505	0.00971	0.01449	0.02016	0.60822	0.14640	0.11146	0.01219	0.00650	0.00179	0.00267	0.01077	0.00579	0.00500
94	0.01458	0.81168	0.02857	0.00933	0.01399	0.02157	0.00933	0.01632	0.01108	0.01283	0.00758	0.00875	0.00700	0.00466	0.00350	0.00117	0.00583	0.00292	0.00233	0.00700
95	0.01112	0.06712	0.74282	0.01523	0.02312	0.01310	0.01961	0.01722	0.01149	0.01704	0.00967	0.01137	0.00691	0.00515	0.00510	0.00170	0.00795	0.00397	0.00230	0.00800
96	0.01141	0.13025	0.68227	0.01473	0.02234	0.01382	0.01873	0.01714	0.01145	0.01669	0.00950	0.01115	0.00692	0.00511	0.00496	0.00165	0.00777	0.00388	0.00231	0.00792
97	0.04697	0.01220	0.01802	0.02418	0.47256	0.02428	0.01326	0.04074	0.13939	0.09206	0.05150	0.01624	0.01248	0.00585	0.00540	0.00167	0.00569	0.00529	0.00384	0.00840
98	0.84691	0.01054	0.00801	0.00717	0.01054	0.01223	0.00590	0.01603	0.00928	0.02446	0.00759	0.00886	0.00590	0.00506	0.00337	0.00169	0.00422	0.00295	0.00337	0.00590
99	0.01947	0.02467	0.01481	0.01350	0.01624	0.73626	0.01012	0.02087	0.01526	0.01343	0.01144	0.01257	0.05620	0.00614	0.00501	0.00143	0.00938	0.00403	0.00295	0.00621
100	0.01130	0.00969	0.01130	0.00807	0.01292	0.00727	0.00646	0.01373	0.01130	0.01776	0.00969	0.01130	0.00807	0.00404	0.00404	0.00081	0.00404	0.00323	0.00323	0.84173
101	0.01992	0.01324	0.01469	0.01151	0.01545	0.01423	0.00940	0.56428	0.02250	0.14786	0.01583	0.07470	0.01211	0.00738	0.00553	0.00168	0.00547	0.00581	0.02962	0.00878
102	0.00947	0.00473	0.00710	0.00710	0.00710	0.00473	0.00473	0.00710	0.00710	0.00947	0.00947	0.01657	0.00947	0.01894	0.02131	0.84138	0.00473	0.00473	0.00237	0.00237
103	0.01287	0.01471	0.03217	0.02298	0.02849	0.01379	0.75460	0.01746	0.01287	0.01746	0.01103	0.01471	0.00827	0.00460	0.00643	0.00184	0.00919	0.00643	0.00276	0.00735
104	0.01889	0.00985	0.01236	0.00923	0.01371	0.00831	0.00754	0.07016	0.01454	0.42113	0.01617	0.01526	0.01102	0.00564	0.00490	0.00133	0.00449	0.00453	0.00524	0.34571
105	0.01048	0.00904	0.01506	0.54509	0.02949	0.01061	0.07529	0.01394	0.01119	0.01572	0.01169	0.01590	0.00892	0.00559	0.00515	0.00169	0.00633	0.00504	0.19783	0.00594
106	0.05844	0.00933	0.01246	0.00960	0.01378	0.00819	0.00793	0.02613	0.01534	0.74703	0.02093	0.01816	0.01318	0.00668	0.00540	0.00169	0.00462	0.00538	0.00661	0.00914
107	0.01458	0.81168	0.02857	0.00933	0.01399	0.02157	0.00933	0.01632	0.01108	0.01283	0.00758	0.00875	0.00700	0.00466	0.00350	0.00117	0.00583	0.00292	0.00233	0.00700
108	0.00793	0.00529	0.00595	0.00595	0.00595	0.00529	0.00330	0.00793	0.00793	0.01057	0.01718	0.03568	0.01982	0.80840	0.02775	0.00529	0.00529	0.00793	0.00330	0.00330
109	0.00779	0.00584	0.00876	0.00876	0.00974	0.00681	0.00681	0.00974	0.00876	0.01266	0.01460	0.02142	0.01363	0.04089	0.78680	0.00876	0.01460	0.00584	0.00292	0.00487
110	0.00718	0.00555	0.00654	0.00629	0.00782	0.00492	0.00472	0.00925	0.01416	0.01885	0.46923	0.04568	0.35561	0.01227	0.00644	0.00177	0.00265	0.01055	0.00561	0.00492
111	0.01276	0.01067	0.01125	0.01006	0.01263	0.03607	0.00777	0.12059	0.39673	0.02082	0.02242	0.02374	0.09214	0.08008	0.11449	0.00304	0.00605	0.00656	0.00485	0.00727
112	0.01044	0.00535	0.00538	0.00528	0.00663	0.00540	0.00399	0.03250	0.01181	0.02070	0.01766	0.02013	0.01385	0.00636	0.00385	0.00128	0.00263	0.00508	0.81649	0.00519
113	0.00651	0.00553	0.00562	0.00560	0.00741	0.00463	0.00420	0.00796	0.01259	0.01512	0.09419	0.05183	0.73298	0.01366	0.00644	0.00183	0.00275	0.01142	0.00511	0.00463
114	0.00664	0.00474	0.00633	0.00759	0.00791	0.00443	0.00506	0.00759	0.01044	0.01392	0.03005	0.80485	0.03606	0.01708	0.00696	0.00221	0.00316	0.01550	0.00506	0.00443
115	0.02162	0.01383	0.01547	0.01186	0.01619	0.01477	0.00980	0.58121	0.02323	0.21276	0.01511	0.01440	0.01028	0.00659	0.00546	0.00165	0.00567	0.00505	0.00576	0.00927
116	0.01426	0.00904	0.00946	0.00798	0.01045	0.00967	0.00635	0.30143	0.01695	0.02577	0.01596	0.01752	0.01215	0.00643	0.00445	0.00141	0.00388	0.00501	0.51511	0.00671
117	0.00668	0.00476	0.00632	0.00755	0.00786	0.00445	0.00502	0.00760	0.01037	0.01383	0.02972	0.78519	0.03564	0.03730	0.00749	0.00229	0.00322	0.01531	0.00502	0.00440
118	0.01130	0.00969	0.01130	0.00807	0.01292	0.00727	0.00646	0.01373	0.01130	0.01776	0.00969	0.01130	0.00807	0.00404	0.00404	0.00081	0.00404	0.00323	0.00323	0.84173
119	0.00947	0.00473	0.00710	0.00710	0.00710	0.00473	0.00473	0.00710	0.00710	0.00947	0.00947	0.01657	0.00947	0.01894	0.02131	0.84138	0.00473	0.00473	0.00237	0.00237
120	0.80490	0.01027	0.00787	0.00706	0.01033	0.01187	0.00580	0.01586	0.00939	0.02425	0.00810	0.00943	0.00631	0.00513	0.00340	0.00167	0.00413	0.00306	0.04531	0.00586
121	0.82635	0.01051	0.00813	0.00723	0.01063	0.01212	0.00596	0.01629	0.00944	0.04330	0.00794	0.00910	0.00609	0.00510	0.00343	0.00169	0.00423	0.00302	0.00346	0.00599
122	0.01993	0.01024	0.01248	0.00987	0.01362	0.00986	0.00797	0.18652	0.06228	0.42295	0.02069	0.05002	0.04821	0.04757	0.00662	0.00185	0.00478	0.00606	0.00588	0.05260
123	0.01093	0.02820	0.78016	0.01554	0.02360	0.01266	0.02014	0.01727	0.01151	0.01727	0.00978	0.01151	0.00691	0.00518	0.00518	0.00173	0.00806	0.00403	0.00230	0.00806
124	0.00667	0.00476	0.00632	0.00755	0.00786	0.00445	0.00502	0.00760	0.01038	0.01384	0.02976	0.78762	0.03569	0.03480	0.00742	0.00228	0.00321	0.01533	0.00502	0.00440
125	0.01151	0.00792	0.00971	0.00851	0.01053	0.02952	0.04338	0.04748	0.05915	0.12445	0.19857	0.03489	0.15888	0.18369	0.01085	0.00255	0.00441	0.04322	0.00500	0.00577
126	0.01093	0.02820	0.78016	0.01554	0.02360	0.01266	0.02014	0.01727	0.01151	0.01727	0.00978	0.01151	0.00691	0.00518	0.00518	0.00173	0.00806	0.00403	0.00230	0.00806
127	0.01244	0.01387	0.02954	0.15157	0.03000	0.01351	0.63148	0.01687	0.01254	0.01687	0.01081	0.01468	0.00810	0.00474	0.00627	0.00183	0.00887	0.00617	0.00270	0.00714
128	0.00995	0.00606	0.00791	0.00721	0.00890	0.00549	0.00549	0.01234	0.01513	0.12677	0.60535	0.06415	0.08220	0.01087	0.00632	0.00173	0.00289	0.00952	0.00603	0.00567
129	0.01161	0.00987	0.01147	0.00822	0.01305	0.00757	0.00658	0.03739	0.01176	0.01829	0.00980	0.01136	0.00811	0.00412	0.00408	0.00083	0.00410	0.00328	0.00330	0.81520
130	0.03012	0.26836	0.53272	0.01345	0.02037	0.01539	0.01651	0.01695	0.01133	0.01606	0.00906	0.01060	0.00691	0.00502	0.00462	0.00155	0.00729	0.00366	0.00233	0.00768
131	0.01148	0.14515	0.66797	0.01461	0.02216	0.01399	0.01853	0.01712	0.01145	0.01660	0.00945	0.01110	0.00692	0.00510	0.00493	0.00164	0.00772	0.00386	0.00231	0.00790
132	0.00671	0.00529	0.00583	0.00615	0.00735	0.00465	0.00430	0.00784	0.01144	0.01419	0.06257	0.24561	0.47014	0.11187	0.00919	0.00236	0.00317	0.01206	0.00487	0.00441
133	0.01135	0.11729	0.69470	0.01483	0.02250	0.01367	0.01891	0.01716	0.01146	0.01676	0.00953	0.01120	0.00692	0.00512	0.00499	0.00166	0.00780	0.00390	0.00231	0.00794
134	0.01030	0.00969	0.01635	0.79530	0.03755	0.01211	0.01514	0.01393	0.01090	0.01393	0.00969	0.01453	0.00727	0.00545	0.00545	0.00182	0.00727	0.00484	0.00242	0.00606
135	0.00768	0.00554	0.00725	0.00688	0.00814	0.00512	0.00514	0.01020	0.01526	0.02159	0.74637	0.06665	0.05092	0.01135	0.00645	0.00173	0.00259	0.01005	0.00597	0.00512
136	0.00783	0.00564	0.00766	0.00886	0.00978	0.00547	0.00710	0.00968	0.01173	0.01531	0.03072	0.34791	0.07245	0.01577	0.00725	0.00236	0.00418	0.42048	0.00504	0.00477
137	0.01047	0.00699	0.00832	0.00753	0.00928	0.04110	0.00574	0.01290	0.01538	0.12120	0.62013	0.03668	0.06208	0.01038	0.00624	0.00170	0.00318	0.00903	0.00593	0.00573
138	0.80562	0.01048	0.00825	0.00730	0.01071	0.01202	0.00601	0.01656	0.00960	0.06230	0.00829	0.00934	0.00629	0.00515	0.00348	0.00169	0.00424	0.00308	0.00354	0.00607
139	0.00706	0.00564	0.00633	0.00618	0.00780	0.00497	0.00463	0.00914	0.02773	0.01754	0.32263	0.06592	0.46950	0.01277	0.00643	0.00180	0.00273	0.01089	0.00542	0.00488
140	0.01171	0.02276	0.47875	0.01854	0.02557	0.01311	0.31609	0.01734	0.01206	0.01734	0.01029	0.01280	0.00746	0.00494	0.00568	0.00177	0.00851	0.00500	0.00249	0.00777
141	0.02363	0.01061	0.01348	0.01033	0.01458	0.00999	0.00853	0.18862	0.01783	0.61297	0.01964	0.01734	0.01256	0.00670	0.00548	0.00168	0.00494	0.00535	0.00646	0.00928
142	0.00779	0.00584	0.00876	0.00876	0.00974	0.00681	0.00681	0.00974	0.00876	0.01266	0.01460	0.02142	0.01363	0.04089	0.78680	0.00876	0.01460	0.00584	0.00292	0.00487
143	0.00677	0.00498	0.00620	0.00712	0.00773	0.00458	0.00483	0.00776	0.01067	0.01386	0.03380	0.57490	0.17686	0.08297	0.00862	0.00241	0.00331	0.03332	0.00491	0.00438
144	0.02010	0.01544	0.01616	0.03746	0.01745	0.05168	0.01045	0.67088	0.05342	0.03230	0.01312	0.01327	0.00939	0.00650	0.00543	0.00164	0.00615	0.00489	0.00524	0.00901
145	0.00647	0.00542	0.00563	0.00580	0.00744	0.00458	0.00427	0.00779	0.01216	0.01462	0.05184	0.15375	0.67308	0.01425	0.00651	0.00189	0.00282	0.01204	0.00506	0.00458
146	0.01030	0.00969	0.01635	0.79530	0.03755	0.01211	0.01514	0.01393	0.01090	0.01393	0.00969	0.01453	0.00727	0.00545	0.00545	0.00182	0.00727	0.00484	0.00242	0.00606
147	0.01149	0.01081	0.01826	0.45399	0.32821	0.01215	0.01545	0.01491	0.01158	0.01559	0.01088	0.01648	0.00902	0.00570	0.00553	0.00177	0.00684	0.04165	0.00266	0.00703
148	0.01190	0.01205	0.01746	0.24448	0.02228	0.05169	0.06882	0.01413	0.00992	0.01391	0.00837	0.01278	0.00731	0.00752	0.01211	0.00206	0.43175	0.00479	0.00248	0.04418
149	0.03420	0.01023	0.01068	0.04867	0.01273	0.07179	0.00738	0.12391	0.16331	0.04779	0.22724	0.05269	0.03687	0.11814	0.00877	0.00222	0.00474	0.00727	0.00494	0.00645
150	0.01670	0.12211	0.01700	0.01151	0.01535	0.01465	0.05107	0.40423	0.01907	0.05502	0.04875	0.03597	0.03769	0.00834	0.03907	0.00189	0.02880	0.00542	0.01755	0.04983
151	0.04670	0.63280	0.04688	0.00966	0.01408	0.01954	0.00939	0.04866	0.06268	0.01500	0.00919	0.01038	0.00801	0.00661	0.03944	0.00161	0.00614	0.00339	0.00275	0.00710
152	0.01480	0.02794	0.01212	0.02313	0.01341	0.01147	0.00793	0.24842	0.19501	0.10014	0.06804	0.02617	0.19539	0.00865	0.00570	0.00172	0.00448	0.00704	0.00538	0.02304
153	0.57217	0.00996	0.00917	0.00793	0.01128	0.01083	0.00645	0.04124	0.01129	0.19080	0.01262	0.07402	0.01007	0.00643	0.00419	0.00173	0.00428	0.00457	0.00432	0.00664
154	0.00723	0.00498	0.00621	0.00692	0.00720	0.00477	0.00442	0.00797	0.00983	0.01331	0.06004	0.48265	0.03059	0.28965	0.01403	0.00323	0.00385	0.01234	0.02669	0.00409
155	0.01882	0.01525	0.01635	0.01344	0.04084	0.08108	0.04407	0.54232	0.07817	0.02932	0.01410	0.05576	0.01100	0.00695	0.00554	0.00167	0.00621	0.00552	0.00500	0.00861
156	0.00857	0.00591	0.00722	0.00666	0.00791	0.00542	0.00466	0.01017	0.01239	0.04306	0.39016	0.03661	0.07471	0.28409	0.01353	0.00288	0.00370	0.00863	0.00484	0.06890
157	0.00793	0.00529	0.00595	0.00595	0.00595	0.00529	0.00330	0.00793	0.00793	0.01057	0.01718	0.03568	0.01982	0.80840	0.02775	0.00529	0.00529	0.00793	0.00330	0.00330
158	0.03557	0.12530	0.50127	0.01358	0.01960	0.04346	0.01597	0.01622	0.01131	0.01633	0.03563	0.02605	0.00926	0.00762	0.04508	0.00205	0.06144	0.00437	0.00257	0.00733
159	0.01454	0.26262	0.09076	0.01119	0.02748	0.16939	0.00981	0.03688	0.13752	0.04040	0.05205	0.02868	0.04196	0.04732	0.00598	0.00170	0.00622	0.00498	0.00356	0.00698
160	0.08419	0.48597	0.07038	0.00973	0.01409	0.01705	0.03799	0.06799	0.01226	0.01610	0.01535	0.01598	0.12108	0.00622	0.00429	0.00141	0.00552	0.00455	0.00306	0.00679
161	0.05907	0.35369	0.34091	0.01210	0.01804	0.03509	0.01371	0.05433	0.01215	0.04238	0.00927	0.01049	0.00723	0.00509	0.00440	0.00148	0.00674	0.00359	0.00269	0.00756

[dist]
# distance from previous block
# <min> <max>
2	12

[block]
# block no. 4 follows, 44 sequences, length 18
# corresponding to MSA columns:
# 454-471
name=unknown_E
#
# <colnr> <probs for GDERKNQSTAVLIFYWHMCP>
#	G	D	E	R	K	N	Q	S	T	A	V	L	I	F	Y	W	H	M	C	P
0	0.12409	0.03819	0.02561	0.00985	0.01335	0.03482	0.00803	0.24208	0.05656	0.10237	0.07314	0.11331	0.01588	0.00765	0.00519	0.00161	0.00482	0.00614	0.00480	0.11252
1	0.00981	0.03660	0.01000	0.02254	0.01112	0.00775	0.00638	0.05811	0.03914	0.01718	0.07029	0.21622	0.15411	0.02504	0.00650	0.00166	0.03700	0.00850	0.00432	0.25773
2	0.05618	0.09699	0.11696	0.01212	0.02984	0.21783	0.01054	0.08137	0.12335	0.11604	0.07451	0.01538	0.01299	0.00635	0.00508	0.00159	0.00650	0.00479	0.00410	0.00750
3	0.13536	0.07763	0.36227	0.03282	0.11233	0.02799	0.04129	0.07849	0.01273	0.01956	0.04382	0.01275	0.00923	0.00546	0.00494	0.00166	0.00677	0.00432	0.00297	0.00760
4	0.01309	0.01504	0.11416	0.02972	0.57101	0.01305	0.12967	0.01691	0.01238	0.01769	0.01032	0.01344	0.00837	0.00486	0.00553	0.00167	0.00708	0.00500	0.00266	0.00837
5	0.01458	0.81168	0.02857	0.00933	0.01399	0.02157	0.00933	0.01632	0.01108	0.01283	0.00758	0.00875	0.00700	0.00466	0.00350	0.00117	0.00583	0.00292	0.00233	0.00700
6	0.00786	0.00538	0.00655	0.00659	0.00680	0.00558	0.00409	0.00830	0.00818	0.01111	0.01704	0.05698	0.01904	0.62254	0.18619	0.00592	0.00717	0.00773	0.00328	0.00367
7	0.00709	0.00514	0.00673	0.00745	0.00820	0.00478	0.00531	0.00863	0.01209	0.01632	0.23301	0.49004	0.08806	0.01510	0.00683	0.00208	0.00312	0.07005	0.00531	0.00468
8	0.01118	0.02650	0.68597	0.01648	0.02421	0.01280	0.11263	0.01729	0.01168	0.01729	0.00994	0.01191	0.00708	0.00511	0.00534	0.00174	0.00820	0.00433	0.00236	0.00797
9	0.01460	0.64728	0.12211	0.01051	0.01544	0.08446	0.01079	0.01690	0.01150	0.01343	0.00793	0.00918	0.00699	0.00481	0.00383	0.00126	0.00645	0.00311	0.00237	0.00707
10	0.00680	0.00481	0.00628	0.00738	0.00766	0.00454	0.00484	0.00763	0.01012	0.01350	0.02843	0.70799	0.03401	0.11673	0.00958	0.00260	0.00343	0.01455	0.00484	0.00429
11	0.00928	0.00474	0.00705	0.00713	0.00716	0.00471	0.00476	0.00713	0.00732	0.00977	0.01084	0.06892	0.01124	0.01882	0.02035	0.78566	0.00463	0.00545	0.00255	0.00250
12	0.14251	0.24912	0.16338	0.01140	0.01629	0.01675	0.01128	0.26890	0.01578	0.02279	0.00987	0.01085	0.00759	0.00559	0.00483	0.00154	0.02633	0.00386	0.00355	0.00778
13	0.01117	0.01016	0.01635	0.72980	0.03582	0.01251	0.01474	0.07604	0.01213	0.01564	0.00997	0.01441	0.00744	0.00554	0.00545	0.00180	0.00716	0.00485	0.00268	0.00633
14	0.00766	0.00645	0.00677	0.00660	0.00855	0.00600	0.00503	0.01121	0.12152	0.01657	0.11196	0.04709	0.57551	0.01269	0.00635	0.00185	0.00304	0.03467	0.00521	0.00525
15	0.01290	0.01463	0.03172	0.02345	0.06195	0.01375	0.72150	0.01743	0.01285	0.01748	0.01099	0.01465	0.00829	0.00461	0.00639	0.00183	0.00907	0.00636	0.00275	0.00741
16	0.03113	0.13183	0.01578	0.01064	0.01394	0.01116	0.10145	0.10278	0.05841	0.14000	0.21945	0.05032	0.06096	0.00816	0.00564	0.00168	0.00484	0.01993	0.00491	0.00700
17	0.00664	0.00474	0.00633	0.00759	0.00791	0.00443	0.00506	0.00759	0.01044	0.01392	0.03005	0.80485	0.03606	0.01708	0.00696	0.00221	0.00316	0.01550	0.00506	0.00443

[dist]
# distance from previous block
# <min> <max>
0	7

[block]
# block no. 5 follows, 44 sequences, length 25
# corresponding to MSA columns:
# 479-497,499-504
name=unknown_F
#
# <colnr> <probs for GDERKNQSTAVLIFYWHMCP>
#	G	D	E	R	K	N	Q	S	T	A	V	L	I	F	Y	W	H	M	C	P
0	0.01882	0.01338	0.01631	0.01281	0.01683	0.01427	0.07404	0.51551	0.02171	0.10803	0.01593	0.02036	0.01262	0.00755	0.00582	0.00178	0.00600	0.10441	0.00530	0.00853
1	0.01621	0.04612	0.12160	0.12070	0.05463	0.15349	0.07671	0.25379	0.04752	0.02158	0.01108	0.01276	0.00833	0.00584	0.00563	0.00166	0.02636	0.00464	0.00361	0.00776
2	0.04043	0.02157	0.01539	0.09252	0.04544	0.55991	0.01087	0.05417	0.01520	0.08070	0.00993	0.01131	0.00774	0.00570	0.00502	0.00150	0.00869	0.00391	0.00324	0.00675
3	0.67689	0.01185	0.02957	0.00835	0.01202	0.01308	0.00707	0.14893	0.01227	0.02605	0.00863	0.00969	0.00653	0.00533	0.00379	0.00168	0.00464	0.00333	0.00372	0.00656
4	0.00947	0.00473	0.00710	0.00710	0.00710	0.00473	0.00473	0.00710	0.00710	0.00947	0.00947	0.01657	0.00947	0.01894	0.02131	0.84138	0.00473	0.00473	0.00237	0.00237
5	0.01327	0.01273	0.02173	0.08588	0.72370	0.01290	0.01662	0.01654	0.01231	0.01754	0.01022	0.01356	0.00854	0.00490	0.00540	0.00163	0.00653	0.00486	0.00268	0.00846
6	0.00917	0.00576	0.00751	0.00742	0.00877	0.00521	0.00541	0.01099	0.01323	0.10158	0.34137	0.33738	0.07773	0.01294	0.00647	0.00189	0.00308	0.01150	0.00559	0.02700
7	0.01362	0.47477	0.20463	0.01464	0.11961	0.03296	0.04006	0.01675	0.01151	0.01472	0.00860	0.01028	0.00724	0.00483	0.00429	0.00139	0.00664	0.00358	0.00240	0.00747
8	0.02072	0.01527	0.01636	0.01254	0.01691	0.01691	0.01036	0.75622	0.02563	0.03436	0.01309	0.01309	0.00927	0.00654	0.00545	0.00164	0.00600	0.00491	0.00545	0.00927
9	0.00834	0.00571	0.00749	0.00697	0.00836	0.00525	0.00525	0.01090	0.01544	0.05019	0.74343	0.03989	0.05002	0.01098	0.00639	0.00171	0.00265	0.00970	0.00603	0.00530
10	0.01130	0.00969	0.01130	0.00807	0.01292	0.00727	0.00646	0.01373	0.01130	0.01776	0.00969	0.01130	0.00807	0.00404	0.00404	0.00081	0.00404	0.00323	0.00323	0.84173
11	0.01073	0.01013	0.01713	0.69233	0.13714	0.01223	0.01536	0.01431	0.01111	0.01445	0.00977	0.01439	0.00745	0.00537	0.00544	0.00179	0.00716	0.00485	0.00246	0.00640
