[name]
unknown

[dist]
# distance from previous block
# <min> <max>
0	105

[block]
# block no. 0 follows, 47 sequences, length 23
# corresponding to MSA columns:
# 157-179
name=unknown_A
#
# <colnr> <probs for GDERKNQSTAVLIFYWHMCP>
#	G	D	E	R	K	N	Q	S	T	A	V	L	I	F	Y	W	H	M	C	P
0	0.02984	0.01079	0.01330	0.11263	0.01651	0.06596	0.06851	0.18587	0.06412	0.11350	0.07883	0.13579	0.03249	0.00925	0.03690	0.00197	0.00569	0.00686	0.00446	0.00675
1	0.01282	0.01162	0.06355	0.21750	0.01898	0.08129	0.00998	0.09532	0.11678	0.09576	0.08633	0.06921	0.08367	0.00758	0.00542	0.00168	0.00542	0.00633	0.00415	0.00660
2	0.05711	0.05490	0.03817	0.02694	0.01244	0.01044	0.00770	0.12717	0.14280	0.10975	0.17295	0.02233	0.07169	0.02304	0.00618	0.00169	0.04463	0.00613	0.03654	0.02741
3	0.04008	0.05878	0.04834	0.07965	0.05847	0.16627	0.00933	0.09163	0.05639	0.12823	0.06185	0.06165	0.04332	0.02289	0.00547	0.00160	0.00575	0.00545	0.00398	0.05088
4	0.11967	0.09735	0.01319	0.00965	0.02836	0.01040	0.04988	0.07856	0.07925	0.16539	0.11764	0.02084	0.04714	0.04722	0.00602	0.00172	0.00453	0.03184	0.00446	0.06688
5	0.01404	0.04859	0.09623	0.07035	0.01585	0.01158	0.00959	0.17498	0.19680	0.10274	0.05399	0.07668	0.01434	0.00693	0.00515	0.00159	0.00496	0.00571	0.00449	0.08541
6	0.03365	0.16354	0.24960	0.01228	0.01736	0.06542	0.06807	0.12873	0.01379	0.11596	0.03144	0.02865	0.00955	0.00557	0.00479	0.00150	0.00635	0.00441	0.00345	0.03587
7	0.04284	0.18773	0.03516	0.01131	0.03012	0.18151	0.00938	0.22280	0.05118	0.12322	0.01147	0.01174	0.00858	0.00552	0.00458	0.00140	0.00614	0.00397	0.00392	0.04739
8	0.00863	0.02450	0.00780	0.00685	0.00831	0.00611	0.00491	0.02459	0.03627	0.03538	0.19116	0.09286	0.09964	0.25949	0.06932	0.00311	0.00455	0.00794	0.00417	0.10441
9	0.02245	0.05511	0.01332	0.00954	0.01360	0.00929	0.00796	0.10401	0.01568	0.66383	0.01894	0.01664	0.01211	0.00631	0.00513	0.00158	0.00463	0.00504	0.00608	0.00874
10	0.00647	0.00529	0.00571	0.00561	0.00723	0.00453	0.00420	0.00808	0.01261	0.01583	0.24157	0.04721	0.59247	0.01253	0.00615	0.00173	0.00259	0.01058	0.00507	0.00453
11	0.01069	0.13820	0.52629	0.05795	0.02022	0.01243	0.03231	0.01531	0.01078	0.01551	0.01037	0.05176	0.00842	0.00579	0.00512	0.02032	0.00683	0.00440	0.04029	0.00700
12	0.33436	0.00818	0.00838	0.00723	0.00996	0.00846	0.00580	0.03996	0.01232	0.19793	0.17741	0.01952	0.03661	0.00684	0.00449	0.00157	0.00361	0.00528	0.10586	0.00620
13	0.01115	0.01074	0.01889	0.45774	0.08705	0.01219	0.17547	0.05360	0.01153	0.01543	0.01011	0.02723	0.00796	0.00548	0.00608	0.00174	0.05366	0.00513	0.02247	0.00635
14	0.09486	0.15912	0.06059	0.03816	0.04701	0.45566	0.01037	0.03538	0.01311	0.01450	0.00810	0.00961	0.00672	0.00519	0.00462	0.00139	0.02322	0.00338	0.00266	0.00634
15	0.00760	0.00507	0.00660	0.00701	0.00791	0.00464	0.00495	0.00905	0.01180	0.05956	0.25114	0.48137	0.09598	0.01385	0.00638	0.00192	0.00291	0.01238	0.00519	0.00471
16	0.08095	0.01445	0.04402	0.12409	0.03597	0.17298	0.00977	0.23782	0.07972	0.02093	0.01182	0.01402	0.00929	0.05138	0.00602	0.00174	0.00618	0.00450	0.06748	0.00685
17	0.00762	0.00546	0.00721	0.00808	0.05116	0.00554	0.00504	0.00859	0.00905	0.01254	0.06152	0.21302	0.02233	0.35952	0.16827	0.00449	0.00613	0.00873	0.03155	0.00414
18	0.01792	0.01444	0.05886	0.05705	0.01726	0.01522	0.01059	0.57579	0.07145	0.04884	0.01264	0.01304	0.00909	0.00632	0.00580	0.00163	0.04615	0.00472	0.00477	0.00842
19	0.00798	0.00537	0.00671	0.00649	0.00766	0.00492	0.00468	0.00971	0.01274	0.05990	0.43472	0.13901	0.14209	0.12404	0.00900	0.00219	0.00303	0.00984	0.00517	0.00473
20	0.06431	0.01197	0.03885	0.07190	0.06199	0.07709	0.00911	0.08357	0.30284	0.06312	0.07490	0.04488	0.04287	0.00706	0.00520	0.00166	0.00495	0.00580	0.00447	0.02345
21	0.07932	0.04791	0.01285	0.01071	0.03658	0.03312	0.00828	0.10499	0.43197	0.06464	0.01653	0.01584	0.01240	0.00619	0.00486	0.00157	0.00454	0.00494	0.00467	0.09807
22	0.01200	0.12026	0.07768	0.32261	0.22526	0.01265	0.01347	0.03984	0.01149	0.04177	0.01006	0.03037	0.00814	0.00519	0.00489	0.00155	0.00625	0.00450	0.00270	0.04934

[dist]
# distance from previous block
# <min> <max>
2	4

[block]
# block no. 1 follows, 47 sequences, length 34
# corresponding to MSA columns:
# 212-245
name=unknown_B
#
# <colnr> <probs for GDERKNQSTAVLIFYWHMCP>
#	G	D	E	R	K	N	Q	S	T	A	V	L	I	F	Y	W	H	M	C	P
0	0.01150	0.07085	0.01212	0.04003	0.06363	0.00982	0.00769	0.17592	0.05168	0.01991	0.16815	0.14853	0.04378	0.02207	0.01830	0.01586	0.00443	0.01845	0.00439	0.09288
1	0.00787	0.00616	0.00863	0.06222	0.07870	0.00601	0.00653	0.01031	0.02665	0.01824	0.46647	0.18731	0.07304	0.01092	0.00608	0.00174	0.00324	0.00974	0.00500	0.00517
2	0.01139	0.00997	0.01270	0.01089	0.08163	0.00862	0.03594	0.03420	0.08279	0.01782	0.03179	0.01275	0.00968	0.00462	0.00460	0.00105	0.02336	0.00385	0.00334	0.59899
3	0.00797	0.00557	0.00649	0.00610	0.00782	0.00486	0.00463	0.00981	0.01327	0.07645	0.34654	0.04306	0.42512	0.01164	0.00608	0.00170	0.00270	0.00991	0.00532	0.00495
4	0.00634	0.00455	0.00602	0.00720	0.00754	0.00423	0.00481	0.00726	0.01002	0.01331	0.02935	0.79288	0.05472	0.01623	0.00663	0.00211	0.00301	0.01470	0.00483	0.00423
5	0.01269	0.14664	0.03906	0.17710	0.46016	0.04704	0.01434	0.01562	0.01147	0.01531	0.00918	0.01214	0.00763	0.00476	0.00484	0.00151	0.00640	0.00426	0.00246	0.00740
6	0.21681	0.54651	0.02130	0.02934	0.01330	0.05781	0.00830	0.01593	0.01046	0.03059	0.00760	0.00876	0.00656	0.00465	0.00347	0.00127	0.00541	0.00292	0.00258	0.00642
7	0.00959	0.00504	0.00553	0.00548	0.00672	0.00491	0.00408	0.01187	0.01154	0.04795	0.12811	0.09273	0.02035	0.00765	0.00433	0.00137	0.00256	0.00641	0.61885	0.00496
8	0.01808	0.01406	0.01440	0.01150	0.01510	0.06690	0.00929	0.56528	0.11736	0.02825	0.01304	0.01343	0.00962	0.00721	0.00635	0.06680	0.00568	0.00474	0.00483	0.00808
9	0.00651	0.00479	0.00595	0.00676	0.00736	0.00441	0.00460	0.00749	0.01028	0.01339	0.05158	0.54740	0.17910	0.09403	0.00850	0.00233	0.00318	0.03346	0.00469	0.00419
10	0.01173	0.08555	0.08611	0.29872	0.07149	0.01243	0.08451	0.05797	0.03132	0.04454	0.01087	0.02736	0.00869	0.00789	0.05868	0.00212	0.06052	0.00483	0.02814	0.00653
11	0.00670	0.00530	0.00603	0.00585	0.00737	0.00463	0.00439	0.00853	0.01316	0.01713	0.38070	0.04507	0.45253	0.01205	0.00615	0.00170	0.00256	0.01028	0.00524	0.00463
12	0.01108	0.00977	0.01284	0.06491	0.14200	0.00815	0.00835	0.01360	0.01095	0.01673	0.00935	0.01135	0.00775	0.00408	0.00416	0.00096	0.00445	0.00345	0.00295	0.65312
13	0.01488	0.01244	0.05618	0.22547	0.02102	0.01253	0.02603	0.34114	0.01687	0.05555	0.01216	0.01366	0.02338	0.00566	0.00501	0.00151	0.00578	0.00458	0.01910	0.12704
14	0.85377	0.01007	0.00765	0.00685	0.01007	0.01168	0.00564	0.01531	0.00886	0.02336	0.00725	0.00846	0.00564	0.00483	0.00322	0.00161	0.00403	0.00282	0.00322	0.00564
15	0.01338	0.01485	0.08242	0.01900	0.02410	0.01354	0.53511	0.13429	0.07284	0.01957	0.01158	0.01400	0.00857	0.00493	0.00585	0.00172	0.00787	0.00573	0.00321	0.00745
16	0.00664	0.00465	0.00596	0.00688	0.00711	0.00442	0.00444	0.00733	0.00940	0.01253	0.02578	0.62849	0.03076	0.20643	0.01136	0.00281	0.00350	0.01309	0.00444	0.00397
17	0.00930	0.00563	0.00813	0.00777	0.00777	0.00634	0.00549	0.00774	0.00703	0.00967	0.00927	0.01655	0.00946	0.07822	0.02032	0.65185	0.12950	0.00476	0.00233	0.00286
18	0.00839	0.00599	0.00839	0.00959	0.01079	0.00599	0.00839	0.01079	0.01199	0.01558	0.02757	0.05874	0.02997	0.01439	0.00719	0.00240	0.00480	0.74945	0.00480	0.00480
19	0.00633	0.00458	0.00599	0.00711	0.00752	0.00424	0.00477	0.00727	0.01010	0.01335	0.03037	0.76067	0.08628	0.01610	0.00661	0.00209	0.00299	0.01454	0.00483	0.00424
20	0.00634	0.00453	0.00604	0.00725	0.00755	0.00423	0.00483	0.00725	0.00997	0.01329	0.02870	0.81358	0.03444	0.01632	0.00665	0.00211	0.00302	0.01480	0.00483	0.00423
21	0.85377	0.01007	0.00765	0.00685	0.01007	0.01168	0.00564	0.01531	0.00886	0.02336	0.00725	0.00846	0.00564	0.00483	0.00322	0.00161	0.00403	0.00282	0.00322	0.00564
22	0.01192	0.00922	0.01091	0.00785	0.01243	0.00701	0.00630	0.01420	0.01116	0.08550	0.01026	0.01141	0.00817	0.00409	0.00398	0.00085	0.00391	0.00328	0.00338	0.77418
23	0.01945	0.02482	0.01476	0.01342	0.01610	0.79608	0.01006	0.02079	0.01476	0.01275	0.00805	0.00939	0.00671	0.00537	0.00470	0.00134	0.00939	0.00335	0.00268	0.00604
24	0.85377	0.01007	0.00765	0.00685	0.01007	0.01168	0.00564	0.01531	0.00886	0.02336	0.00725	0.00846	0.00564	0.00483	0.00322	0.00161	0.00403	0.00282	0.00322	0.00564
25	0.00971	0.00485	0.00485	0.00485	0.00607	0.00485	0.00364	0.01213	0.01092	0.01942	0.01699	0.01942	0.01335	0.00607	0.00364	0.00121	0.00243	0.00485	0.84589	0.00485
26	0.85377	0.01007	0.00765	0.00685	0.01007	0.01168	0.00564	0.01531	0.00886	0.02336	0.00725	0.00846	0.00564	0.00483	0.00322	0.00161	0.00403	0.00282	0.00322	0.00564
27	0.01289	0.01237	0.02114	0.03196	0.78450	0.01237	0.01598	0.01598	0.01186	0.01701	0.00980	0.01289	0.00825	0.00464	0.00516	0.00155	0.00619	0.00464	0.00258	0.00825
28	0.01980	0.01459	0.01563	0.01198	0.01615	0.01615	0.00990	0.76713	0.02448	0.03282	0.01250	0.01250	0.00886	0.00625	0.00521	0.00156	0.00573	0.00469	0.00521	0.00886
29	0.01341	0.01141	0.01203	0.01069	0.01372	0.01317	0.00835	0.07703	0.72499	0.02252	0.02062	0.01897	0.01543	0.00701	0.00529	0.00175	0.00423	0.00581	0.00529	0.00828
30	0.00634	0.00453	0.00604	0.00725	0.00755	0.00423	0.00483	0.00725	0.00997	0.01329	0.02870	0.81358	0.03444	0.01632	0.00665	0.00211	0.00302	0.01480	0.00483	0.00423
31	0.00644	0.00460	0.00612	0.00719	0.00757	0.00429	0.00484	0.00748	0.01039	0.01397	0.09562	0.74474	0.03575	0.01581	0.00660	0.00207	0.00297	0.01433	0.00491	0.00429
32	0.01238	0.01186	0.02022	0.16011	0.66031	0.01224	0.01573	0.01554	0.01162	0.01640	0.00971	0.01305	0.00803	0.00473	0.00516	0.00158	0.00631	0.00464	0.00253	0.00784
33	0.01004	0.00637	0.00747	0.00677	0.00885	0.00578	0.00522	0.01286	0.07205	0.15153	0.26462	0.03873	0.36815	0.01078	0.00593	0.00170	0.00301	0.00912	0.00542	0.00563

[dist]
# distance from previous block
# <min> <max>
0	1

[block]
# block no. 2 follows, 47 sequences, length 43
# corresponding to MSA columns:
# 247-289
name=unknown_C
#
# <colnr> <probs for GDERKNQSTAVLIFYWHMCP>
#	G	D	E	R	K	N	Q	S	T	A	V	L	I	F	Y	W	H	M	C	P
0	0.00634	0.00453	0.00604	0.00725	0.00755	0.00423	0.00483	0.00725	0.00997	0.01329	0.02870	0.81358	0.03444	0.01632	0.00665	0.00211	0.00302	0.01480	0.00483	0.00423
1	0.07836	0.00890	0.01164	0.00911	0.01294	0.00805	0.00750	0.02419	0.03844	0.68412	0.01943	0.01725	0.01250	0.00754	0.03378	0.00186	0.00474	0.00511	0.00606	0.00847
2	0.83067	0.03235	0.00819	0.00691	0.01016	0.01193	0.00573	0.01532	0.00891	0.02306	0.00725	0.00846	0.00567	0.00482	0.00323	0.00160	0.00407	0.00282	0.00320	0.00567
3	0.00659	0.00467	0.00608	0.00699	0.00734	0.00440	0.00463	0.00753	0.01012	0.01361	0.09842	0.64334	0.03390	0.11536	0.00907	0.00243	0.00322	0.01340	0.00471	0.00416
4	0.06345	0.00528	0.00692	0.00754	0.00831	0.00509	0.02208	0.00849	0.01068	0.01517	0.13057	0.60765	0.03378	0.01443	0.00636	0.00202	0.00320	0.03969	0.00480	0.00450
5	0.01567	0.04253	0.03007	0.06698	0.04170	0.30382	0.06820	0.11835	0.13602	0.03156	0.04625	0.01506	0.03564	0.00612	0.00508	0.00153	0.00688	0.00483	0.01682	0.00687
6	0.01059	0.00908	0.01068	0.00797	0.01211	0.00726	0.00632	0.01321	0.03727	0.01675	0.01090	0.06488	0.00976	0.00497	0.00452	0.00094	0.02962	0.00402	0.00325	0.73589
7	0.01545	0.21548	0.01689	0.01072	0.01436	0.05959	0.00897	0.22841	0.33384	0.02194	0.01456	0.01418	0.01113	0.00609	0.00475	0.00152	0.00522	0.00464	0.00436	0.00790
8	0.05936	0.17039	0.04515	0.06505	0.01652	0.09204	0.00995	0.33841	0.01728	0.10588	0.01122	0.01178	0.00825	0.00570	0.00491	0.00149	0.02076	0.00412	0.00406	0.00769
9	0.85377	0.01007	0.00765	0.00685	0.01007	0.01168	0.00564	0.01531	0.00886	0.02336	0.00725	0.00846	0.00564	0.00483	0.00322	0.00161	0.00403	0.00282	0.00322	0.00564
10	0.01298	0.01176	0.08917	0.01164	0.05178	0.02504	0.03638	0.03292	0.36082	0.10649	0.01794	0.05359	0.01465	0.10938	0.02730	0.00231	0.01812	0.00606	0.00444	0.00725
11	0.00851	0.00547	0.00715	0.00705	0.00832	0.00501	0.00526	0.01045	0.01320	0.08671	0.43414	0.23785	0.08841	0.01209	0.00625	0.00181	0.00291	0.04892	0.00546	0.00505
12	0.00988	0.06273	0.01241	0.06422	0.01295	0.04456	0.04056	0.04594	0.00974	0.01323	0.01228	0.03327	0.01169	0.11085	0.37726	0.00520	0.11973	0.00547	0.00283	0.00519
13	0.00839	0.00577	0.00713	0.00668	0.00824	0.00531	0.00504	0.01104	0.04676	0.07057	0.51469	0.07460	0.19404	0.01099	0.00607	0.00169	0.00272	0.00955	0.00554	0.00518
14	0.01444	0.05202	0.18894	0.06787	0.20934	0.17395	0.01312	0.01759	0.01249	0.10392	0.03494	0.01285	0.00921	0.00523	0.00489	0.00148	0.00673	0.00423	0.00306	0.06370
15	0.12507	0.01226	0.08283	0.31420	0.21533	0.01207	0.09753	0.01555	0.04604	0.01662	0.00982	0.01293	0.00758	0.00499	0.00501	0.00167	0.00650	0.00455	0.00267	0.00679
16	0.01098	0.00941	0.01125	0.06123	0.01403	0.00757	0.00685	0.03022	0.02577	0.01717	0.00956	0.01121	0.00784	0.00406	0.00400	0.00087	0.00411	0.00328	0.00312	0.75747
17	0.01202	0.01054	0.01650	0.16848	0.40885	0.01132	0.01276	0.05939	0.03031	0.01721	0.01123	0.01488	0.00928	0.03834	0.00639	0.00172	0.04260	0.00482	0.11634	0.00704
18	0.05581	0.01437	0.01443	0.01134	0.01521	0.08840	0.00926	0.55394	0.02134	0.11541	0.01292	0.01287	0.00913	0.00612	0.00502	0.00154	0.00574	0.00455	0.03430	0.00831
19	0.00754	0.00516	0.00625	0.00625	0.00644	0.00536	0.00386	0.00794	0.00774	0.01052	0.01589	0.03121	0.01769	0.65311	0.18868	0.00575	0.00692	0.00715	0.00308	0.00347
20	0.00737	0.00532	0.00696	0.00655	0.00778	0.00491	0.00491	0.00983	0.01474	0.02088	0.78175	0.03890	0.04914	0.01065	0.00614	0.00164	0.00246	0.00942	0.00573	0.00491
21	0.00756	0.00510	0.00593	0.00593	0.00602	0.00519	0.00347	0.00774	0.00765	0.01029	0.01618	0.03280	0.01838	0.74366	0.09907	0.00536	0.00589	0.00739	0.00312	0.00330
22	0.01229	0.01405	0.03073	0.02195	0.02722	0.01317	0.76558	0.01668	0.01229	0.01668	0.01054	0.01405	0.00790	0.00439	0.00615	0.00176	0.00878	0.00615	0.00263	0.00702
23	0.01945	0.02482	0.01476	0.01342	0.01610	0.79608	0.01006	0.02079	0.01476	0.01275	0.00805	0.00939	0.00671	0.00537	0.00470	0.00134	0.00939	0.00335	0.00268	0.00604
24	0.01080	0.00926	0.01080	0.00771	0.01234	0.00694	0.00617	0.01311	0.01080	0.01697	0.00926	0.01080	0.00771	0.00386	0.00386	0.00077	0.00386	0.00309	0.00309	0.84882
25	0.01392	0.82012	0.02729	0.00891	0.01337	0.02061	0.00891	0.01559	0.01058	0.01225	0.00724	0.00835	0.00668	0.00446	0.00334	0.00111	0.00557	0.00278	0.00223	0.00668
26	0.01126	0.01119	0.01569	0.01349	0.01352	0.01562	0.01122	0.01242	0.00799	0.01252	0.00708	0.01171	0.00705	0.01016	0.04423	0.00249	0.77982	0.00459	0.00230	0.00566
27	0.01229	0.01405	0.03073	0.02195	0.02722	0.01317	0.76558	0.01668	0.01229	0.01668	0.01054	0.01405	0.00790	0.00439	0.00615	0.00176	0.00878	0.00615	0.00263	0.00702
28	0.00737	0.00532	0.00696	0.00655	0.00778	0.00491	0.00491	0.00983	0.01474	0.02088	0.78175	0.03890	0.04914	0.01065	0.00614	0.00164	0.00246	0.00942	0.00573	0.00491
29	0.00729	0.00532	0.00685	0.00647	0.00773	0.00488	0.00485	0.00967	0.01455	0.02043	0.73293	0.03965	0.09825	0.01082	0.00614	0.00165	0.00247	0.00952	0.00567	0.00488
30	0.00833	0.00595	0.00833	0.00953	0.01070	0.00594	0.00829	0.01069	0.01193	0.01552	0.02760	0.07985	0.03010	0.01444	0.00718	0.00239	0.00475	0.72890	0.00480	0.00478
31	0.01080	0.00926	0.01080	0.00771	0.01234	0.00694	0.00617	0.01311	0.01080	0.01697	0.00926	0.01080	0.00771	0.00386	0.00386	0.00077	0.00386	0.00309	0.00309	0.84882
32	0.01327	0.01134	0.01195	0.01066	0.01366	0.01310	0.00832	0.06173	0.74052	0.02229	0.02080	0.01911	0.01557	0.00703	0.00529	0.00176	0.00420	0.00583	0.00529	0.00827
33	0.00897	0.00568	0.00747	0.00682	0.00833	0.00519	0.00519	0.01139	0.01476	0.09774	0.70550	0.03678	0.04551	0.01023	0.00605	0.00164	0.00265	0.00900	0.00580	0.00531
34	0.13363	0.07316	0.59532	0.01307	0.01976	0.01237	0.01612	0.01665	0.01083	0.05052	0.00939	0.01075	0.00673	0.00497	0.00461	0.00161	0.00689	0.00369	0.00253	0.00738
35	0.02274	0.00986	0.01271	0.00974	0.01379	0.00914	0.00805	0.15522	0.01658	0.65590	0.01914	0.01681	0.01218	0.00641	0.00523	0.00160	0.00466	0.00514	0.00623	0.00886
36	0.01392	0.82012	0.02729	0.00891	0.01337	0.02061	0.00891	0.01559	0.01058	0.01225	0.00724	0.00835	0.00668	0.00446	0.00334	0.00111	0.00557	0.00278	0.00223	0.00668
37	0.00737	0.00532	0.00696	0.00655	0.00778	0.00491	0.00491	0.00983	0.01474	0.02088	0.78175	0.03890	0.04914	0.01065	0.00614	0.00164	0.00246	0.00942	0.00573	0.00491
38	0.07875	0.00932	0.01202	0.00928	0.01327	0.00848	0.00767	0.07343	0.01513	0.68727	0.01913	0.01676	0.01214	0.00632	0.00510	0.00161	0.00449	0.00504	0.00615	0.00865
39	0.00757	0.00505	0.00568	0.00568	0.00568	0.00505	0.00316	0.00757	0.00757	0.01010	0.01641	0.03408	0.01893	0.81698	0.02651	0.00505	0.00505	0.00757	0.00316	0.00316
40	0.85377	0.01007	0.00765	0.00685	0.01007	0.01168	0.00564	0.01531	0.00886	0.02336	0.00725	0.00846	0.00564	0.00483	0.00322	0.00161	0.00403	0.00282	0.00322	0.00564
41	0.00634	0.00453	0.00604	0.00725	0.00755	0.00423	0.00483	0.00725	0.00997	0.01329	0.02870	0.81358	0.03444	0.01632	0.00665	0.00211	0.00302	0.01480	0.00483	0.00423
42	0.83019	0.00993	0.00758	0.00679	0.00996	0.01149	0.00558	0.01522	0.00892	0.02325	0.00752	0.00877	0.00586	0.00487	0.00323	0.00160	0.00398	0.00288	0.02676	0.00562

[dist]
# distance from previous block
# <min> <max>
4	7

[block]
# block no. 3 follows, 47 sequences, length 20
# corresponding to MSA columns:
# 297-316
name=unknown_D
#
# <colnr> <probs for GDERKNQSTAVLIFYWHMCP>
#	G	D	E	R	K	N	Q	S	T	A	V	L	I	F	Y	W	H	M	C	P
0	0.01513	0.01210	0.01256	0.01064	0.01402	0.04922	0.00841	0.16052	0.48069	0.08264	0.01796	0.01685	0.01328	0.00652	0.00513	0.00162	0.00466	0.00527	0.00507	0.07769
1	0.01092	0.06864	0.18623	0.04673	0.02832	0.06512	0.07452	0.02724	0.01117	0.01530	0.04036	0.13180	0.03415	0.00789	0.01903	0.00173	0.09575	0.00601	0.00307	0.12606
2	0.03950	0.42495	0.21633	0.04620	0.01670	0.05756	0.01160	0.02788	0.01136	0.07640	0.00917	0.01036	0.00729	0.00548	0.01826	0.00148	0.00638	0.00344	0.00267	0.00700
3	0.01154	0.04078	0.65083	0.01420	0.02118	0.01167	0.04525	0.01696	0.01150	0.08046	0.04039	0.01270	0.00883	0.00526	0.00503	0.00164	0.00722	0.00424	0.00271	0.00764
4	0.00737	0.00551	0.00687	0.00649	0.00786	0.00510	0.00488	0.01006	0.03952	0.01989	0.64675	0.03994	0.15845	0.01091	0.00612	0.00166	0.00254	0.00954	0.00558	0.00495
5	0.01210	0.07739	0.01803	0.42385	0.27065	0.01235	0.01391	0.01544	0.02716	0.06521	0.01025	0.01348	0.00791	0.00508	0.00504	0.00162	0.00636	0.00455	0.00272	0.00690
6	0.01494	0.03176	0.04884	0.10343	0.01700	0.01286	0.03273	0.35888	0.08171	0.05045	0.01407	0.05292	0.01155	0.06096	0.03776	0.00214	0.02378	0.01664	0.02025	0.00733
7	0.01057	0.00899	0.01485	0.65034	0.06710	0.01074	0.01329	0.01372	0.01074	0.06412	0.01163	0.08029	0.00967	0.00618	0.00533	0.00175	0.00642	0.00551	0.00280	0.00597
8	0.00783	0.00581	0.00736	0.00689	0.00826	0.00558	0.00519	0.01130	0.07768	0.02096	0.71879	0.03729	0.04639	0.01035	0.00607	0.00165	0.00259	0.00913	0.00570	0.00519
9	0.01699	0.01047	0.01317	0.06226	0.01512	0.01088	0.03392	0.29893	0.01719	0.24108	0.06235	0.04923	0.05012	0.02186	0.00650	0.02231	0.02494	0.03008	0.00509	0.00751
10	0.01368	0.01393	0.08279	0.11352	0.37162	0.02643	0.08575	0.15620	0.04990	0.01961	0.01078	0.01313	0.00838	0.00513	0.00525	0.00161	0.00652	0.00476	0.00314	0.00788
11	0.02268	0.00996	0.01277	0.00979	0.01384	0.00929	0.00809	0.16788	0.01675	0.64301	0.01900	0.01672	0.01212	0.00641	0.00523	0.00160	0.00468	0.00513	0.00621	0.00886
12	0.00709	0.00472	0.00631	0.00734	0.00780	0.00438	0.00496	0.00804	0.01019	0.04714	0.02835	0.77882	0.03350	0.01588	0.00659	0.00209	0.00308	0.01439	0.00490	0.00443
13	0.01411	0.38646	0.14402	0.06410	0.06973	0.06494	0.01149	0.03086	0.03682	0.07829	0.00957	0.01088	0.00766	0.00517	0.00487	0.00141	0.04607	0.00367	0.00279	0.00708
14	0.02080	0.03350	0.01203	0.00914	0.01282	0.00824	0.00749	0.04886	0.04865	0.62765	0.02151	0.07044	0.03994	0.00728	0.00530	0.00164	0.00434	0.00599	0.00606	0.00832
15	0.00737	0.00532	0.00696	0.00655	0.00778	0.00491	0.00491	0.00983	0.01474	0.02088	0.78175	0.03890	0.04914	0.01065	0.00614	0.00164	0.00246	0.00942	0.00573	0.00491
16	0.72944	0.01187	0.00875	0.00777	0.01097	0.09817	0.00629	0.04523	0.01012	0.02256	0.00754	0.00872	0.00588	0.00495	0.00346	0.00158	0.00468	0.00295	0.00324	0.00581
17	0.00797	0.00572	0.00789	0.00906	0.01011	0.00564	0.00764	0.01007	0.01163	0.01514	0.02847	0.19231	0.05157	0.01469	0.00707	0.00233	0.00442	0.59880	0.00480	0.00468
18	0.04139	0.01324	0.14605	0.07023	0.01596	0.03065	0.01027	0.28076	0.01533	0.03821	0.01487	0.16554	0.01364	0.01194	0.10536	0.00255	0.00669	0.00649	0.00399	0.00684
19	0.08374	0.33216	0.15652	0.01218	0.05932	0.08941	0.02482	0.09878	0.02951	0.01693	0.00884	0.01012	0.00717	0.00499	0.00441	0.00138	0.02065	0.00351	0.00280	0.03275

[dist]
# distance from previous block
# <min> <max>
2	15

[block]
# block no. 4 follows, 47 sequences, length 54
# corresponding to MSA columns:
# 334-349,353-390
name=unknown_E
#
# <colnr> <probs for GDERKNQSTAVLIFYWHMCP>
#	G	D	E	R	K	N	Q	S	T	A	V	L	I	F	Y	W	H	M	C	P
0	0.01236	0.01327	0.07095	0.06573	0.14098	0.01198	0.45697	0.01623	0.01191	0.06138	0.01146	0.03136	0.00899	0.00697	0.05346	0.00211	0.00815	0.00579	0.00286	0.00709
1	0.01016	0.00959	0.01621	0.72138	0.11638	0.01166	0.01463	0.01359	0.01057	0.01370	0.00931	0.01378	0.00708	0.00515	0.00520	0.00172	0.00686	0.00463	0.00234	0.00605
2	0.01295	0.01044	0.01349	0.00979	0.01438	0.00887	0.08078	0.11876	0.01309	0.06562	0.01051	0.01177	0.00820	0.00440	0.00435	0.00103	0.00463	0.00374	0.00354	0.59968
3	0.00768	0.00601	0.00703	0.00665	0.00825	0.00572	0.00503	0.01126	0.10529	0.01894	0.47048	0.03994	0.26626	0.01098	0.00604	0.00169	0.00271	0.00947	0.00541	0.00516
4	0.01303	0.01367	0.02646	0.01938	0.02363	0.01399	0.54942	0.10495	0.01301	0.01790	0.01015	0.01342	0.00784	0.00540	0.00787	0.00182	0.14246	0.00571	0.00288	0.00702
5	0.01335	0.01139	0.01200	0.01068	0.01369	0.01314	0.00834	0.07100	0.73110	0.02243	0.02069	0.01902	0.01548	0.00702	0.00529	0.00175	0.00422	0.00582	0.00529	0.00828
6	0.00634	0.00453	0.00604	0.00725	0.00755	0.00423	0.00483	0.00725	0.00997	0.01329	0.02870	0.81358	0.03444	0.01632	0.00665	0.00211	0.00302	0.01480	0.00483	0.00423
7	0.01980	0.01459	0.01563	0.01198	0.01615	0.01615	0.00990	0.76713	0.02448	0.03282	0.01250	0.01250	0.00886	0.00625	0.00521	0.00156	0.00573	0.00469	0.00521	0.00886
8	0.85377	0.01007	0.00765	0.00685	0.01007	0.01168	0.00564	0.01531	0.00886	0.02336	0.00725	0.00846	0.00564	0.00483	0.00322	0.00161	0.00403	0.00282	0.00322	0.00564
9	0.85377	0.01007	0.00765	0.00685	0.01007	0.01168	0.00564	0.01531	0.00886	0.02336	0.00725	0.00846	0.00564	0.00483	0.00322	0.00161	0.00403	0.00282	0.00322	0.00564
10	0.01229	0.01405	0.03073	0.02195	0.02722	0.01317	0.76558	0.01668	0.01229	0.01668	0.01054	0.01405	0.00790	0.00439	0.00615	0.00176	0.00878	0.00615	0.00263	0.00702
11	0.01270	0.01219	0.02081	0.07853	0.73937	0.01232	0.01589	0.01582	0.01177	0.01679	0.00976	0.01295	0.00817	0.00467	0.00516	0.00156	0.00623	0.00464	0.00256	0.00810
12	0.01229	0.01405	0.03073	0.02195	0.02722	0.01317	0.76558	0.01668	0.01229	0.01668	0.01054	0.01405	0.00790	0.00439	0.00615	0.00176	0.00878	0.00615	0.00263	0.00702
13	0.00983	0.00926	0.01562	0.80447	0.03587	0.01157	0.01446	0.01331	0.01041	0.01331	0.00926	0.01388	0.00694	0.00521	0.00521	0.00174	0.00694	0.00463	0.00231	0.00579
14	0.00730	0.00532	0.00686	0.00647	0.00773	0.00488	0.00486	0.00968	0.01457	0.02047	0.73752	0.03958	0.09362	0.01080	0.00614	0.00165	0.00247	0.00951	0.00568	0.00488
15	0.02336	0.00886	0.01209	0.00927	0.01329	0.00765	0.00765	0.02538	0.01491	0.78810	0.02055	0.01773	0.01289	0.00645	0.00524	0.00161	0.00443	0.00524	0.00645	0.00886
16	0.00689	0.00591	0.00597	0.00585	0.00773	0.00532	0.00442	0.00965	0.09395	0.01490	0.04936	0.04682	0.69995	0.01253	0.00606	0.00176	0.00280	0.01044	0.00489	0.00481
17	0.02336	0.00886	0.01209	0.00927	0.01329	0.00765	0.00765	0.02538	0.01491	0.78810	0.02055	0.01773	0.01289	0.00645	0.00524	0.00161	0.00443	0.00524	0.00645	0.00886
18	0.85377	0.01007	0.00765	0.00685	0.01007	0.01168	0.00564	0.01531	0.00886	0.02336	0.00725	0.00846	0.00564	0.00483	0.00322	0.00161	0.00403	0.00282	0.00322	0.00564
19	0.02336	0.00886	0.01209	0.00927	0.01329	0.00765	0.00765	0.02538	0.01491	0.78810	0.02055	0.01773	0.01289	0.00645	0.00524	0.00161	0.00443	0.00524	0.00645	0.00886
20	0.00634	0.00453	0.00604	0.00725	0.00755	0.00423	0.00483	0.00725	0.00997	0.01329	0.02870	0.81358	0.03444	0.01632	0.00665	0.00211	0.00302	0.01480	0.00483	0.00423
21	0.02207	0.00858	0.01167	0.00905	0.01285	0.00743	0.00743	0.02412	0.01489	0.72594	0.08222	0.01944	0.01583	0.00679	0.00531	0.00161	0.00427	0.00558	0.00639	0.00854
22	0.01045	0.02694	0.79000	0.01484	0.02254	0.01209	0.01924	0.01649	0.01099	0.01649	0.00935	0.01099	0.00660	0.00495	0.00495	0.00165	0.00770	0.00385	0.00220	0.00770
23	0.01984	0.01230	0.09024	0.04710	0.01635	0.05677	0.05379	0.05394	0.05870	0.50930	0.01730	0.01605	0.01134	0.00608	0.00523	0.00162	0.00546	0.00503	0.00527	0.00829
24	0.01269	0.00760	0.00819	0.00691	0.00930	0.00757	0.00545	0.16675	0.01390	0.06690	0.01535	0.01687	0.01173	0.00586	0.00408	0.00125	0.00339	0.00463	0.52421	0.10737
25	0.01234	0.01297	0.06634	0.07634	0.59855	0.02835	0.04737	0.01562	0.01197	0.01688	0.05497	0.01434	0.01042	0.00505	0.00524	0.00157	0.00628	0.00491	0.00273	0.00777
26	0.00725	0.00523	0.00685	0.00664	0.00775	0.00483	0.00490	0.00952	0.01417	0.01997	0.69121	0.13204	0.04737	0.01133	0.00620	0.00170	0.00252	0.01007	0.00562	0.00483
27	0.00634	0.00453	0.00604	0.00725	0.00755	0.00423	0.00483	0.00725	0.00997	0.01329	0.02870	0.81358	0.03444	0.01632	0.00665	0.00211	0.00302	0.01480	0.00483	0.00423
28	0.00634	0.00453	0.00604	0.00725	0.00755	0.00423	0.00483	0.00725	0.00997	0.01329	0.02870	0.81358	0.03444	0.01632	0.00665	0.00211	0.00302	0.01480	0.00483	0.00423
29	0.00634	0.00453	0.00604	0.00725	0.00755	0.00423	0.00483	0.00725	0.00997	0.01329	0.02870	0.81358	0.03444	0.01632	0.00665	0.00211	0.00302	0.01480	0.00483	0.00423
30	0.01392	0.82012	0.02729	0.00891	0.01337	0.02061	0.00891	0.01559	0.01058	0.01225	0.00724	0.00835	0.00668	0.00446	0.00334	0.00111	0.00557	0.00278	0.00223	0.00668
31	0.01045	0.02694	0.79000	0.01484	0.02254	0.01209	0.01924	0.01649	0.01099	0.01649	0.00935	0.01099	0.00660	0.00495	0.00495	0.00165	0.00770	0.00385	0.00220	0.00770
32	0.00634	0.00453	0.00604	0.00725	0.00755	0.00423	0.00483	0.00725	0.00997	0.01329	0.02870	0.81358	0.03444	0.01632	0.00665	0.00211	0.00302	0.01480	0.00483	0.00423
33	0.01295	0.01119	0.01178	0.01060	0.01354	0.01295	0.00824	0.02767	0.77509	0.02178	0.02120	0.01943	0.01590	0.00707	0.00530	0.00177	0.00412	0.00589	0.00530	0.00824
34	0.01314	0.01128	0.01188	0.01064	0.01361	0.01304	0.00829	0.04796	0.75450	0.02209	0.02096	0.01924	0.01570	0.00704	0.00530	0.00176	0.00417	0.00585	0.00530	0.00826
35	0.00757	0.00505	0.00568	0.00568	0.00568	0.00505	0.00316	0.00757	0.00757	0.01010	0.01641	0.03408	0.01893	0.81698	0.02651	0.00505	0.00505	0.00757	0.00316	0.00316
36	0.00634	0.00453	0.00604	0.00725	0.00755	0.00423	0.00483	0.00725	0.00997	0.01329	0.02870	0.81358	0.03444	0.01632	0.00665	0.00211	0.00302	0.01480	0.00483	0.00423
37	0.01392	0.82012	0.02729	0.00891	0.01337	0.02061	0.00891	0.01559	0.01058	0.01225	0.00724	0.00835	0.00668	0.00446	0.00334	0.00111	0.00557	0.00278	0.00223	0.00668
38	0.01056	0.04608	0.64505	0.06189	0.02217	0.02953	0.03141	0.01599	0.01128	0.01636	0.05454	0.01275	0.00914	0.00528	0.00501	0.00163	0.00734	0.00422	0.00243	0.00734
39	0.06485	0.01539	0.07769	0.01154	0.01479	0.17728	0.00975	0.17535	0.18905	0.06633	0.01322	0.01400	0.01011	0.00909	0.07404	0.00221	0.05942	0.00460	0.00401	0.00727
40	0.01392	0.82012	0.02729	0.00891	0.01337	0.02061	0.00891	0.01559	0.01058	0.01225	0.00724	0.00835	0.00668	0.00446	0.00334	0.00111	0.00557	0.00278	0.00223	0.00668
41	0.01229	0.01405	0.03073	0.02195	0.02722	0.01317	0.76558	0.01668	0.01229	0.01668	0.01054	0.01405	0.00790	0.00439	0.00615	0.00176	0.00878	0.00615	0.00263	0.00702
42	0.00742	0.00588	0.00755	0.10133	0.01136	0.00575	0.00636	0.00930	0.01176	0.01504	0.14970	0.07307	0.31481	0.07450	0.00788	0.00216	0.00383	0.18314	0.00453	0.00463
43	0.80332	0.01031	0.00904	0.00775	0.01110	0.01177	0.05120	0.01539	0.00907	0.02296	0.00745	0.00879	0.00578	0.00481	0.00340	0.00162	0.00431	0.00302	0.00319	0.00572
44	0.00737	0.00532	0.00696	0.00655	0.00778	0.00491	0.00491	0.00983	0.01474	0.02088	0.78175	0.03890	0.04914	0.01065	0.00614	0.00164	0.00246	0.00942	0.00573	0.00491
45	0.00624	0.00514	0.00548	0.00569	0.00716	0.00439	0.00415	0.00753	0.01164	0.01420	0.07723	0.18876	0.61710	0.01366	0.00624	0.00182	0.00270	0.01162	0.00487	0.00439
46	0.01260	0.06226	0.14222	0.04110	0.54638	0.02745	0.06112	0.01612	0.01170	0.01649	0.00958	0.01235	0.00783	0.00469	0.00507	0.00155	0.00662	0.00447	0.00250	0.00791
47	0.02235	0.00897	0.01187	0.00917	0.01304	0.00800	0.00755	0.06907	0.01525	0.69778	0.01985	0.01751	0.01268	0.00641	0.00514	0.00159	0.00439	0.00518	0.05556	0.00863
48	0.00744	0.00537	0.00706	0.00676	0.00798	0.00499	0.00515	0.00989	0.01455	0.02052	0.73063	0.04025	0.04784	0.01090	0.00621	0.00169	0.00262	0.05958	0.00567	0.00491
49	0.01107	0.01060	0.01825	0.48560	0.31674	0.01193	0.04259	0.01443	0.01102	0.01482	0.00951	0.01352	0.00747	0.00496	0.00522	0.00167	0.00673	0.00469	0.00242	0.00676
50	0.03270	0.08142	0.03050	0.07670	0.04357	0.44277	0.01040	0.11459	0.04389	0.06148	0.00995	0.01107	0.00774	0.00548	0.00475	0.00143	0.00771	0.00383	0.00326	0.00677
51	0.01565	0.01017	0.01149	0.00952	0.01249	0.01065	0.00758	0.34718	0.06359	0.14519	0.06811	0.13569	0.06316	0.00849	0.00543	0.00166	0.00440	0.00702	0.06518	0.00734
52	0.00789	0.00532	0.00682	0.00700	0.00818	0.00486	0.00520	0.00962	0.01249	0.06309	0.30770	0.29731	0.15609	0.01299	0.00635	0.00188	0.00299	0.07413	0.00526	0.00483
53	0.09372	0.29629	0.01748	0.00971	0.01333	0.10723	0.00840	0.09411	0.04332	0.17555	0.04055	0.01337	0.02629	0.00586	0.00479	0.00143	0.03347	0.00415	0.00385	0.00709

[dist]
# distance from previous block
# <min> <max>
0	5

[block]
# block no. 5 follows, 47 sequences, length 34
# corresponding to MSA columns:
# 396-429
name=unknown_F
#
# <colnr> <probs for GDERKNQSTAVLIFYWHMCP>
#	G	D	E	R	K	N	Q	S	T	A	V	L	I	F	Y	W	H	M	C	P
0	0.52239	0.02457	0.15297	0.02116	0.04504	0.02740	0.03176	0.04867	0.01047	0.03149	0.00836	0.00975	0.00635	0.00489	0.00390	0.00158	0.00517	0.00334	0.00308	0.03766
1	0.09729	0.16865	0.39459	0.12922	0.03886	0.01378	0.01465	0.05725	0.01138	0.01685	0.00891	0.01080	0.00673	0.00495	0.00453	0.00155	0.00667	0.00373	0.00250	0.00710
2	0.00750	0.00571	0.00694	0.00656	0.00802	0.00535	0.00494	0.01055	0.06581	0.01953	0.57837	0.03991	0.19946	0.01093	0.00609	0.00167	0.00261	0.00951	0.00552	0.00503
3	0.01582	0.01067	0.01195	0.01029	0.01354	0.01166	0.00813	0.04534	0.55925	0.22095	0.02081	0.01882	0.01494	0.00688	0.00528	0.00172	0.00424	0.00569	0.00559	0.00842
4	0.02323	0.00907	0.01222	0.00937	0.01340	0.00797	0.00774	0.05290	0.01526	0.76008	0.02025	0.01753	0.01274	0.00644	0.00524	0.00161	0.00448	0.00522	0.00640	0.00886
5	0.00633	0.00460	0.00597	0.00706	0.00750	0.00425	0.00475	0.00727	0.01016	0.01337	0.03105	0.73922	0.10729	0.01601	0.00660	0.00208	0.00298	0.01443	0.00483	0.00425
6	0.00905	0.00452	0.00678	0.00678	0.00678	0.00452	0.00452	0.00678	0.00678	0.00905	0.00905	0.01583	0.00905	0.01809	0.02035	0.84848	0.00452	0.00452	0.00226	0.00226
7	0.00725	0.00532	0.00680	0.00643	0.00771	0.00486	0.00482	0.00960	0.01446	0.02022	0.71073	0.03999	0.12057	0.01089	0.00614	0.00165	0.00247	0.00957	0.00565	0.00486
8	0.01295	0.01119	0.01178	0.01060	0.01354	0.01295	0.00824	0.02767	0.77509	0.02178	0.02120	0.01943	0.01590	0.00707	0.00530	0.00177	0.00412	0.00589	0.00530	0.00824
9	0.01139	0.01139	0.01595	0.01367	0.01367	0.01595	0.01139	0.01253	0.00798	0.01253	0.00684	0.01139	0.00684	0.00911	0.01709	0.00228	0.80745	0.00456	0.00228	0.00570
10	0.00983	0.00926	0.01562	0.80447	0.03587	0.01157	0.01446	0.01331	0.01041	0.01331	0.00926	0.01388	0.00694	0.00521	0.00521	0.00174	0.00694	0.00463	0.00231	0.00579
11	0.00663	0.00472	0.00629	0.00744	0.00783	0.00447	0.00516	0.00767	0.01008	0.01340	0.02799	0.69099	0.03320	0.05442	0.00766	0.00229	0.00332	0.09746	0.00475	0.00424
12	0.01057	0.05643	0.76164	0.01462	0.02220	0.01241	0.01886	0.01646	0.01098	0.01633	0.00927	0.01090	0.00660	0.00493	0.00489	0.00163	0.00762	0.00381	0.00220	0.00766
13	0.01045	0.02694	0.79000	0.01484	0.02254	0.01209	0.01924	0.01649	0.01099	0.01649	0.00935	0.01099	0.00660	0.00495	0.00495	0.00165	0.00770	0.00385	0.00220	0.00770
14	0.00643	0.00459	0.00613	0.00729	0.00764	0.00429	0.00492	0.00742	0.01016	0.01358	0.05102	0.77182	0.03477	0.01610	0.00665	0.00211	0.00305	0.03291	0.00486	0.00426
15	0.01196	0.13262	0.41663	0.04864	0.15488	0.05943	0.05189	0.01633	0.01134	0.01567	0.00911	0.01112	0.00701	0.00481	0.00479	0.00153	0.00716	0.00393	0.00235	0.02881
16	0.00762	0.00539	0.00776	0.00776	0.00845	0.00607	0.00575	0.00877	0.00808	0.01146	0.01388	0.02229	0.01362	0.16736	0.59176	0.08966	0.01154	0.00581	0.00280	0.00417
17	0.02269	0.00866	0.01173	0.00905	0.01294	0.00752	0.00746	0.02472	0.01471	0.75002	0.02037	0.01781	0.01291	0.00643	0.00516	0.00159	0.00433	0.00522	0.04803	0.00866
18	0.01392	0.82012	0.02729	0.00891	0.01337	0.02061	0.00891	0.01559	0.01058	0.01225	0.00724	0.00835	0.00668	0.00446	0.00334	0.00111	0.00557	0.00278	0.00223	0.00668
19	0.73180	0.00993	0.00864	0.08467	0.01274	0.01148	0.00660	0.01559	0.00930	0.05898	0.00808	0.00943	0.00611	0.00495	0.00351	0.00162	0.00433	0.00311	0.00329	0.00581
20	0.08897	0.00862	0.01123	0.00881	0.01250	0.00771	0.00722	0.02305	0.01440	0.65150	0.09363	0.01904	0.01584	0.00672	0.00516	0.00161	0.00421	0.00545	0.00612	0.00822
21	0.01186	0.00731	0.00861	0.00744	0.00974	0.00690	0.00580	0.12197	0.01490	0.16791	0.24660	0.05127	0.26750	0.04044	0.00661	0.00180	0.00348	0.00847	0.00539	0.00600
22	0.00739	0.00550	0.00782	0.00779	0.00884	0.00611	0.00603	0.00927	0.00932	0.01327	0.07995	0.02480	0.09091	0.03301	0.62596	0.00691	0.01149	0.00639	0.03458	0.00465
23	0.00806	0.00585	0.00793	0.00883	0.01009	0.00572	0.00758	0.01036	0.01228	0.01602	0.11341	0.05571	0.10539	0.01386	0.00698	0.00225	0.00433	0.59568	0.00490	0.00477
24	0.01125	0.04223	0.61455	0.09137	0.02288	0.01267	0.01758	0.07678	0.01194	0.01730	0.00948	0.01135	0.00682	0.00517	0.00527	0.00165	0.02773	0.00399	0.00246	0.00753
25	0.09661	0.45253	0.03428	0.00995	0.01360	0.22176	0.00889	0.01644	0.01134	0.01353	0.00803	0.00966	0.00710	0.00754	0.06786	0.00182	0.00714	0.00318	0.00249	0.00627
26	0.78521	0.00968	0.00746	0.00672	0.00983	0.01109	0.00550	0.01467	0.00911	0.02261	0.01093	0.01183	0.06847	0.00551	0.00346	0.00162	0.00392	0.00348	0.00335	0.00554
27	0.01150	0.01201	0.03117	0.48290	0.16677	0.07539	0.11677	0.01490	0.01129	0.01443	0.00943	0.01332	0.00728	0.00500	0.00528	0.00167	0.00727	0.00472	0.00243	0.00645
28	0.00743	0.00573	0.00683	0.00648	0.00799	0.00535	0.00488	0.01045	0.06899	0.01902	0.52007	0.04067	0.25453	0.01111	0.00608	0.00168	0.00263	0.00961	0.00545	0.00501
29	0.00972	0.00774	0.07111	0.04697	0.01104	0.00611	0.00681	0.01219	0.01350	0.12491	0.39661	0.05635	0.18027	0.01006	0.00591	0.00169	0.00348	0.02476	0.00516	0.00561
30	0.00944	0.00824	0.00998	0.10932	0.07694	0.07079	0.00825	0.02364	0.01148	0.01446	0.04438	0.09503	0.11849	0.12807	0.00915	0.00241	0.00513	0.24583	0.00393	0.00504
31	0.01171	0.02727	0.01812	0.01428	0.01685	0.02316	0.23196	0.05725	0.12259	0.01694	0.05250	0.04184	0.03642	0.00844	0.02195	0.00203	0.22059	0.06615	0.00352	0.00645
32	0.71907	0.02543	0.00858	0.00735	0.01054	0.01181	0.00604	0.02779	0.07120	0.03651	0.00888	0.00990	0.00687	0.00600	0.02524	0.00180	0.00437	0.00321	0.00345	0.00595
33	0.01503	0.39492	0.03907	0.01025	0.01414	0.10078	0.00912	0.07579	0.22306	0.05200	0.01223	0.01232	0.00967	0.00551	0.00429	0.00139	0.00559	0.00398	0.00354	0.00733

[dist]
# distance from previous block
# <min> <max>
0	8

[block]
# block no. 6 follows, 47 sequences, length 8
# corresponding to MSA columns:
# 438-445
name=unknown_G
#
# <colnr> <probs for GDERKNQSTAVLIFYWHMCP>
#	G	D	E	R	K	N	Q	S	T	A	V	L	I	F	Y	W	H	M	C	P
0	0.00949	0.00698	0.04489	0.00690	0.00920	0.00549	0.00578	0.01136	0.01265	0.14095	0.12413	0.04244	0.47457	0.01151	0.00603	0.00177	0.00334	0.07208	0.00507	0.00537
1	0.01154	0.01083	0.05292	0.20710	0.10231	0.02544	0.03778	0.13510	0.04027	0.01768	0.01555	0.14473	0.01499	0.00851	0.00643	0.00186	0.05502	0.10191	0.00364	0.00640
2	0.15881	0.16690	0.04161	0.14109	0.08613	0.14776	0.01019	0.06187	0.02694	0.05407	0.01038	0.05367	0.00877	0.00572	0.00449	0.00151	0.00610	0.00432	0.00310	0.00656
3	0.00826	0.00599	0.00772	0.09393	0.01016	0.00650	0.00537	0.03777	0.00870	0.01175	0.01495	0.02813	0.01597	0.53091	0.18767	0.00526	0.00718	0.00671	0.00306	0.00398
4	0.00659	0.00530	0.00592	0.00608	0.00759	0.00463	0.00465	0.00816	0.01214	0.01515	0.15227	0.10928	0.53666	0.01320	0.00631	0.00184	0.00288	0.09190	0.00496	0.00450
5	0.05518	0.01469	0.17578	0.11354	0.25796	0.05014	0.03997	0.01681	0.02893	0.10094	0.01150	0.04027	0.00908	0.00541	0.00502	0.00157	0.00624	0.00472	0.00310	0.05914
6	0.01619	0.08437	0.06232	0.13252	0.11545	0.02659	0.04730	0.03480	0.07862	0.29656	0.01508	0.04365	0.01107	0.00605	0.00512	0.00161	0.00558	0.00516	0.00426	0.00769
7	0.01220	0.01021	0.03782	0.21370	0.26571	0.01014	0.07872	0.01474	0.01121	0.09971	0.01262	0.05631	0.01081	0.00749	0.00710	0.09440	0.00604	0.04140	0.00312	0.00656

[dist]
# distance from previous block
# <min> <max>
0	118

# created by:
# /st0/software/busco_prod/Augustus/scripts/msa2prfl.pl ./align_prep/156887.fa
