[name]
unknown

[dist]
# distance from previous block
# <min> <max>
25	135

[block]
# block no. 0 follows, 50 sequences, length 27
# corresponding to MSA columns:
# 165-191
name=unknown_A
#
# <colnr> <probs for GDERKNQSTAVLIFYWHMCP>
#	G	D	E	R	K	N	Q	S	T	A	V	L	I	F	Y	W	H	M	C	P
0	0.07421	0.00878	0.01111	0.09941	0.05621	0.00902	0.02089	0.15091	0.03532	0.12488	0.13751	0.06754	0.01678	0.02011	0.00520	0.00154	0.00428	0.00573	0.07366	0.07692
1	0.04294	0.00788	0.02584	0.02956	0.04626	0.00749	0.00676	0.05783	0.05802	0.06086	0.17423	0.18866	0.02242	0.05297	0.00678	0.00174	0.03801	0.01919	0.00419	0.14837
2	0.02448	0.00697	0.00878	0.00869	0.06531	0.00669	0.00615	0.07745	0.03648	0.09386	0.41296	0.03195	0.15710	0.00919	0.00557	0.00157	0.00321	0.01985	0.00505	0.01867
3	0.00998	0.00969	0.10108	0.03780	0.01231	0.00811	0.03002	0.07777	0.13181	0.05434	0.28438	0.02817	0.16344	0.00846	0.00544	0.00159	0.00391	0.00723	0.00462	0.01985
4	0.01416	0.01004	0.05136	0.14963	0.01667	0.00986	0.02528	0.20188	0.04056	0.17655	0.07576	0.02138	0.01488	0.00706	0.00520	0.00163	0.00495	0.09981	0.06654	0.00679
5	0.04406	0.00837	0.01120	0.17420	0.01648	0.02567	0.00902	0.06609	0.01284	0.27894	0.01849	0.02858	0.01603	0.00839	0.00555	0.00181	0.00502	0.25827	0.00456	0.00640
6	0.01662	0.01318	0.01690	0.09535	0.01882	0.01428	0.12121	0.56071	0.01989	0.02671	0.01126	0.01226	0.00812	0.00554	0.00507	0.00151	0.00597	0.00463	0.00427	0.03771
7	0.00775	0.00536	0.00720	0.00774	0.00863	0.00537	0.00602	0.00953	0.02245	0.03664	0.08747	0.20754	0.03864	0.12404	0.12203	0.00328	0.00526	0.28639	0.00425	0.00442
8	0.01034	0.12325	0.61209	0.10629	0.02197	0.01253	0.01666	0.01532	0.01041	0.01493	0.00869	0.01053	0.00636	0.00471	0.00457	0.00152	0.00703	0.00364	0.00212	0.00703
9	0.02120	0.00887	0.01257	0.01139	0.10347	0.00785	0.00825	0.02325	0.01393	0.70646	0.01847	0.01643	0.01182	0.00597	0.00500	0.00154	0.00444	0.00495	0.00574	0.00841
10	0.76250	0.00984	0.00802	0.00698	0.01016	0.01123	0.00575	0.06125	0.00971	0.06613	0.00795	0.00883	0.00597	0.00479	0.00331	0.00154	0.00398	0.00294	0.00337	0.00576
11	0.00670	0.00508	0.00621	0.00614	0.00742	0.00458	0.00466	0.00862	0.01278	0.01714	0.45814	0.08935	0.27713	0.01154	0.00599	0.00168	0.00260	0.06463	0.00510	0.00450
12	0.86003	0.00964	0.00733	0.00655	0.00964	0.01118	0.00540	0.01465	0.00848	0.02236	0.00694	0.00810	0.00540	0.00463	0.00308	0.00154	0.00386	0.00270	0.00308	0.00540
13	0.00763	0.00521	0.00663	0.00629	0.00761	0.00472	0.00471	0.00969	0.01337	0.05982	0.58655	0.10049	0.14698	0.01075	0.00587	0.00162	0.00252	0.00942	0.00534	0.00478
14	0.00761	0.00538	0.00727	0.00815	0.00896	0.00539	0.00659	0.00928	0.01028	0.01350	0.02387	0.13894	0.02641	0.17097	0.04670	0.00301	0.00484	0.49442	0.00421	0.00422
15	0.63536	0.00933	0.00846	0.00718	0.01047	0.01015	0.00592	0.01724	0.01003	0.23018	0.01035	0.01048	0.00726	0.00504	0.00360	0.00154	0.00396	0.00332	0.00391	0.00623
16	0.01379	0.01235	0.01199	0.01056	0.01350	0.08842	0.00825	0.11722	0.61850	0.02131	0.01807	0.01687	0.01356	0.00651	0.00501	0.00163	0.00461	0.00526	0.00482	0.00776
17	0.01234	0.01184	0.02023	0.03059	0.79373	0.01184	0.01530	0.01530	0.01135	0.01628	0.00938	0.01234	0.00790	0.00444	0.00493	0.00148	0.00592	0.00444	0.00247	0.00790
18	0.01204	0.00595	0.00804	0.00770	0.00938	0.00536	0.00579	0.01349	0.01171	0.29110	0.08859	0.42586	0.02659	0.01171	0.00587	0.00183	0.00342	0.05462	0.00524	0.00570
19	0.86003	0.00964	0.00733	0.00655	0.00964	0.01118	0.00540	0.01465	0.00848	0.02236	0.00694	0.00810	0.00540	0.00463	0.00308	0.00154	0.00386	0.00270	0.00308	0.00540
20	0.00803	0.00574	0.00803	0.00918	0.01033	0.00574	0.00803	0.01033	0.01147	0.01492	0.02639	0.05622	0.02869	0.01377	0.00688	0.00229	0.00459	0.76018	0.00459	0.00459
21	0.00874	0.00655	0.00856	0.00934	0.01076	0.00682	0.00801	0.01296	0.13752	0.01588	0.02540	0.05009	0.02649	0.01263	0.00659	0.00220	0.00448	0.63719	0.00467	0.00513
22	0.01609	0.01288	0.01537	0.01211	0.01568	0.01436	0.08227	0.46391	0.22419	0.02609	0.01371	0.01382	0.01008	0.00617	0.00570	0.00160	0.04843	0.00492	0.00462	0.00799
23	0.00702	0.00513	0.00675	0.00671	0.00743	0.00542	0.00481	0.00824	0.00874	0.01201	0.09491	0.02852	0.10324	0.27857	0.39427	0.00568	0.00841	0.00687	0.00327	0.00400
24	0.00724	0.00486	0.00559	0.00559	0.00564	0.00492	0.00321	0.00735	0.00729	0.00978	0.01556	0.03184	0.01778	0.77767	0.07206	0.00502	0.00534	0.00713	0.00300	0.00311
25	0.01143	0.13576	0.36679	0.01340	0.06407	0.01306	0.04453	0.01893	0.24877	0.01679	0.01222	0.01287	0.00921	0.00525	0.00468	0.00154	0.00598	0.00427	0.00306	0.00739
26	0.01179	0.13668	0.22915	0.00974	0.01485	0.01048	0.01000	0.04178	0.03419	0.06345	0.00970	0.01074	0.00751	0.00439	0.00407	0.00112	0.00505	0.00337	0.00293	0.38900

[dist]
# distance from previous block
# <min> <max>
0	2

[block]
# block no. 1 follows, 50 sequences, length 13
# corresponding to MSA columns:
# 194-206
name=unknown_B
#
# <colnr> <probs for GDERKNQSTAVLIFYWHMCP>
#	G	D	E	R	K	N	Q	S	T	A	V	L	I	F	Y	W	H	M	C	P
0	0.86003	0.00964	0.00733	0.00655	0.00964	0.01118	0.00540	0.01465	0.00848	0.02236	0.00694	0.00810	0.00540	0.00463	0.00308	0.00154	0.00386	0.00270	0.00308	0.00540
1	0.01104	0.01089	0.03707	0.01309	0.15631	0.12396	0.00856	0.01570	0.19188	0.03257	0.04812	0.25343	0.05851	0.00904	0.00540	0.00168	0.00472	0.00786	0.00401	0.00615
2	0.01118	0.00608	0.00766	0.00677	0.00876	0.00550	0.00532	0.01336	0.01267	0.18517	0.31401	0.02797	0.02673	0.02662	0.00551	0.00154	0.00309	0.06561	0.19055	0.07591
3	0.00675	0.00503	0.00628	0.00609	0.00729	0.00456	0.00452	0.00877	0.01322	0.01815	0.58722	0.10087	0.19067	0.01109	0.00592	0.00163	0.00243	0.00971	0.00525	0.00456
4	0.01034	0.00886	0.01034	0.00738	0.01181	0.00664	0.00591	0.01255	0.01034	0.01624	0.00886	0.01034	0.00738	0.00369	0.00369	0.00074	0.00369	0.00295	0.00295	0.85530
5	0.00950	0.00559	0.00731	0.00658	0.00817	0.00510	0.00504	0.01178	0.01395	0.13817	0.63391	0.03319	0.03999	0.00935	0.00562	0.00154	0.00264	0.00818	0.04911	0.00528
6	0.01310	0.01106	0.01167	0.01029	0.01323	0.01273	0.00806	0.10704	0.70303	0.02198	0.01939	0.01789	0.01449	0.00668	0.00506	0.00167	0.00411	0.00551	0.00506	0.00795
7	0.00705	0.00510	0.00666	0.00627	0.00745	0.00470	0.00470	0.00941	0.01411	0.01999	0.79110	0.03723	0.04703	0.01019	0.00588	0.00157	0.00235	0.00901	0.00549	0.00470
8	0.00660	0.00508	0.00604	0.00580	0.00717	0.00451	0.00435	0.00853	0.01304	0.01745	0.50298	0.04141	0.33674	0.01114	0.00588	0.00161	0.00242	0.00960	0.00515	0.00451
9	0.51694	0.00957	0.00931	0.00770	0.01111	0.01021	0.00635	0.07473	0.01153	0.28239	0.01157	0.01135	0.00795	0.00524	0.00387	0.00154	0.00411	0.00361	0.00426	0.00666
10	0.00695	0.00476	0.00569	0.00590	0.00613	0.00463	0.00363	0.00748	0.00875	0.01183	0.12784	0.21523	0.02563	0.52323	0.01824	0.00372	0.00403	0.00909	0.00374	0.00349
11	0.01027	0.01380	0.19790	0.37016	0.10485	0.01193	0.09645	0.01396	0.01015	0.01406	0.00879	0.01229	0.00678	0.00523	0.00636	0.00169	0.10238	0.00441	0.00224	0.00631
12	0.01118	0.07943	0.53982	0.01482	0.10258	0.01209	0.01573	0.07218	0.01153	0.01675	0.00907	0.01063	0.00673	0.00468	0.00458	0.00146	0.00664	0.00369	0.00243	0.07398

[dist]
# distance from previous block
# <min> <max>
0	1

[block]
# block no. 2 follows, 50 sequences, length 18
# corresponding to MSA columns:
# 208-225
name=unknown_C
#
# <colnr> <probs for GDERKNQSTAVLIFYWHMCP>
#	G	D	E	R	K	N	Q	S	T	A	V	L	I	F	Y	W	H	M	C	P
0	0.86003	0.00964	0.00733	0.00655	0.00964	0.01118	0.00540	0.01465	0.00848	0.02236	0.00694	0.00810	0.00540	0.00463	0.00308	0.00154	0.00386	0.00270	0.00308	0.00540
1	0.01862	0.02376	0.01413	0.01284	0.01541	0.80482	0.00963	0.01990	0.01413	0.01220	0.00770	0.00899	0.00642	0.00514	0.00449	0.00128	0.00899	0.00321	0.00257	0.00578
2	0.00618	0.00505	0.00556	0.00555	0.00703	0.00443	0.00415	0.00764	0.01147	0.01434	0.16569	0.07662	0.58164	0.01422	0.06599	0.00215	0.00333	0.01004	0.00462	0.00430
3	0.00697	0.00509	0.00655	0.00618	0.00740	0.00467	0.00464	0.00925	0.01392	0.01953	0.73886	0.03799	0.09957	0.01036	0.00588	0.00158	0.00236	0.00912	0.00543	0.00467
4	0.01266	0.01084	0.01142	0.01020	0.01306	0.01252	0.00795	0.05622	0.75457	0.02127	0.01996	0.01833	0.01495	0.00673	0.00507	0.00168	0.00401	0.00559	0.00507	0.00791
5	0.01256	0.01307	0.02807	0.02010	0.02505	0.01221	0.71787	0.01659	0.01195	0.07470	0.01080	0.01371	0.00792	0.00435	0.00582	0.00167	0.00809	0.00582	0.00280	0.00686
6	0.00653	0.00498	0.00600	0.00595	0.00718	0.00445	0.00438	0.00831	0.01255	0.01679	0.43612	0.14893	0.29623	0.01176	0.00595	0.00167	0.00248	0.01023	0.00508	0.00445
7	0.01234	0.01184	0.02023	0.03059	0.79373	0.01184	0.01530	0.01530	0.01135	0.01628	0.00938	0.01234	0.00790	0.00444	0.00493	0.00148	0.00592	0.00444	0.00247	0.00790
8	0.01300	0.01101	0.01161	0.01027	0.01319	0.01268	0.00804	0.09563	0.71460	0.02182	0.01952	0.01799	0.01459	0.00669	0.00506	0.00167	0.00409	0.00553	0.00506	0.00794
9	0.01223	0.08449	0.34422	0.01208	0.01726	0.01076	0.08893	0.04356	0.03603	0.12411	0.03782	0.06612	0.01083	0.00575	0.00483	0.00149	0.00589	0.00489	0.00326	0.08544
10	0.09748	0.08106	0.07174	0.00914	0.01321	0.00946	0.00817	0.04753	0.03021	0.55617	0.01634	0.01475	0.01066	0.00576	0.00466	0.00151	0.00457	0.00449	0.00517	0.00792
11	0.01191	0.01035	0.01141	0.08392	0.01473	0.01201	0.00831	0.02459	0.68837	0.01986	0.02021	0.01906	0.03952	0.00679	0.00509	0.00169	0.00415	0.00568	0.00479	0.00755
12	0.01291	0.72868	0.12166	0.00923	0.01388	0.01872	0.00975	0.01503	0.01018	0.01223	0.00718	0.00831	0.00639	0.00432	0.00339	0.00113	0.00558	0.00279	0.00213	0.00652
13	0.82588	0.00961	0.00763	0.03893	0.01063	0.01118	0.00574	0.01458	0.00854	0.02198	0.00702	0.00831	0.00545	0.00464	0.00316	0.00155	0.00397	0.00277	0.00305	0.00540
14	0.00712	0.00534	0.00801	0.00801	0.00890	0.00623	0.00623	0.00890	0.00801	0.01157	0.01335	0.01958	0.01246	0.03738	0.80507	0.00801	0.01335	0.00534	0.00267	0.00445
15	0.01638	0.38915	0.01948	0.01030	0.01396	0.24902	0.00889	0.13063	0.03210	0.07406	0.00918	0.00981	0.00737	0.00498	0.00403	0.00124	0.00631	0.00334	0.00306	0.00672
16	0.02186	0.00930	0.01207	0.00926	0.01313	0.00854	0.00765	0.13635	0.01563	0.68319	0.01852	0.01622	0.01176	0.00614	0.00501	0.00154	0.00443	0.00493	0.00599	0.00848
17	0.00705	0.00510	0.00666	0.00627	0.00745	0.00470	0.00470	0.00941	0.01411	0.01999	0.79110	0.03723	0.04703	0.01019	0.00588	0.00157	0.00235	0.00901	0.00549	0.00470

[dist]
# distance from previous block
# <min> <max>
0	60

[block]
# block no. 3 follows, 50 sequences, length 8
# corresponding to MSA columns:
# 286-293
name=unknown_D
#
# <colnr> <probs for GDERKNQSTAVLIFYWHMCP>
#	G	D	E	R	K	N	Q	S	T	A	V	L	I	F	Y	W	H	M	C	P
0	0.01176	0.01345	0.02941	0.02101	0.02605	0.01261	0.77563	0.01597	0.01176	0.01597	0.01008	0.01345	0.00756	0.00420	0.00588	0.00168	0.00840	0.00588	0.00252	0.00672
1	0.00676	0.00508	0.00626	0.00596	0.00727	0.00458	0.00447	0.00884	0.01342	0.01834	0.60449	0.03994	0.23467	0.01080	0.00588	0.00160	0.00240	0.00939	0.00527	0.00458
2	0.76724	0.00951	0.00780	0.00681	0.00998	0.01075	0.00561	0.01572	0.00912	0.10820	0.00835	0.00908	0.00617	0.00480	0.00330	0.00154	0.00390	0.00296	0.00343	0.00574
3	0.00712	0.00534	0.00801	0.00801	0.00890	0.00623	0.00623	0.00890	0.00801	0.01157	0.01335	0.01958	0.01246	0.03738	0.80507	0.00801	0.01335	0.00534	0.00267	0.00445
4	0.01080	0.14954	0.05439	0.41188	0.17036	0.01313	0.01313	0.01366	0.01004	0.01330	0.00840	0.01184	0.00681	0.00512	0.00580	0.00157	0.08767	0.00409	0.00224	0.00620
5	0.09679	0.01044	0.09954	0.40388	0.02351	0.00976	0.01125	0.01468	0.01089	0.13078	0.07570	0.01481	0.01075	0.00545	0.00476	0.00155	0.00554	0.00455	0.00320	0.06219
6	0.00742	0.00562	0.00699	0.00653	0.00799	0.00520	0.00489	0.01026	0.05895	0.01874	0.57849	0.09343	0.10044	0.01015	0.00572	0.00156	0.00259	0.00892	0.00516	0.06095
7	0.01264	0.00895	0.01424	0.53896	0.07305	0.01002	0.01201	0.01556	0.01107	0.19536	0.01140	0.01394	0.00808	0.00516	0.00492	0.00158	0.00589	0.00449	0.00319	0.04949

[dist]
# distance from previous block
# <min> <max>
0	2

[block]
# block no. 4 follows, 50 sequences, length 29
# corresponding to MSA columns:
# 296-312,330-341
name=unknown_E
#
# <colnr> <probs for GDERKNQSTAVLIFYWHMCP>
#	G	D	E	R	K	N	Q	S	T	A	V	L	I	F	Y	W	H	M	C	P
0	0.01206	0.01169	0.02035	0.09489	0.68452	0.01183	0.06097	0.01513	0.01126	0.01597	0.00938	0.01248	0.00777	0.00447	0.00500	0.00151	0.00613	0.00453	0.00245	0.00763
1	0.00616	0.00452	0.00579	0.00662	0.00719	0.00414	0.00453	0.00725	0.01030	0.01365	0.11782	0.63244	0.13203	0.01461	0.00625	0.00193	0.00278	0.01311	0.00473	0.00414
2	0.01283	0.01122	0.01160	0.04974	0.01413	0.05235	0.00826	0.02542	0.68746	0.04028	0.01907	0.01781	0.01427	0.00658	0.00504	0.00166	0.00434	0.00544	0.00483	0.00768
3	0.01188	0.01138	0.01941	0.15231	0.67557	0.01172	0.01507	0.01490	0.01113	0.01573	0.00930	0.01248	0.00770	0.00453	0.00494	0.00151	0.00603	0.00444	0.00243	0.00753
4	0.01034	0.00886	0.01034	0.00738	0.01181	0.00664	0.00591	0.01255	0.01034	0.01624	0.00886	0.01034	0.00738	0.00369	0.00369	0.00074	0.00369	0.00295	0.00295	0.85530
5	0.01007	0.02530	0.76893	0.01447	0.02175	0.01162	0.04800	0.01579	0.01057	0.01579	0.00899	0.01064	0.00636	0.00471	0.00478	0.00158	0.00741	0.00377	0.00212	0.00734
6	0.00850	0.00600	0.00802	0.07389	0.01113	0.00612	0.00671	0.01140	0.08932	0.06169	0.06046	0.38406	0.04228	0.01251	0.00613	0.00197	0.00378	0.19644	0.00460	0.00500
7	0.79111	0.01080	0.00788	0.00707	0.01011	0.07619	0.00574	0.01508	0.00894	0.02153	0.00700	0.00817	0.00548	0.00467	0.00320	0.00152	0.00428	0.00274	0.00304	0.00543
8	0.01091	0.01091	0.01527	0.01309	0.01309	0.01527	0.01091	0.01200	0.00763	0.01200	0.00654	0.01091	0.00654	0.00872	0.01636	0.00218	0.81570	0.00436	0.00218	0.00545
9	0.00642	0.00437	0.00566	0.00670	0.00708	0.00411	0.00450	0.00744	0.00964	0.01335	0.02628	0.73585	0.03081	0.01457	0.00605	0.00193	0.00283	0.01315	0.09514	0.00411
10	0.10901	0.01607	0.22942	0.03468	0.13436	0.08174	0.12494	0.03936	0.01195	0.15549	0.01083	0.01207	0.00778	0.00493	0.00479	0.00154	0.00643	0.00425	0.00318	0.00718
11	0.01234	0.01184	0.02023	0.03059	0.79373	0.01184	0.01530	0.01530	0.01135	0.01628	0.00938	0.01234	0.00790	0.00444	0.00493	0.00148	0.00592	0.00444	0.00247	0.00790
12	0.04063	0.00859	0.01088	0.00860	0.01193	0.00800	0.00701	0.12497	0.01525	0.51439	0.14629	0.02052	0.04611	0.00700	0.00513	0.00155	0.00403	0.00574	0.00576	0.00762
13	0.81791	0.02943	0.00798	0.00673	0.00987	0.01150	0.00558	0.03438	0.00891	0.02234	0.00707	0.00819	0.00550	0.00465	0.00314	0.00153	0.00393	0.00274	0.00311	0.00550
14	0.01544	0.00736	0.00936	0.00777	0.01053	0.00673	0.00620	0.03036	0.07246	0.41642	0.19557	0.03784	0.10479	0.00794	0.00525	0.00156	0.00351	0.00667	0.04736	0.00687
15	0.00901	0.00714	0.00878	0.00786	0.04816	0.00587	0.03074	0.01081	0.01124	0.06973	0.03141	0.03064	0.41702	0.00858	0.00507	0.00136	0.00339	0.00722	0.00402	0.28195
16	0.01106	0.00884	0.01041	0.00747	0.01187	0.00669	0.00599	0.01326	0.01057	0.06327	0.00951	0.01074	0.00768	0.00384	0.00377	0.00079	0.00372	0.00308	0.00315	0.80430
17	0.00725	0.00518	0.00714	0.00829	0.00909	0.00506	0.00667	0.00898	0.01070	0.01404	0.02682	0.36153	0.03039	0.01451	0.00668	0.00219	0.00391	0.46259	0.00460	0.00437
18	0.01000	0.00946	0.01601	0.65643	0.18618	0.01123	0.01413	0.01325	0.01024	0.01344	0.00896	0.01310	0.00689	0.00487	0.00497	0.00162	0.00650	0.00443	0.00227	0.00601
19	0.01061	0.01041	0.01446	0.01246	0.01246	0.01441	0.01026	0.01161	0.00760	0.01180	0.00729	0.01268	0.00749	0.07558	0.01710	0.00240	0.74928	0.00460	0.00225	0.00525
20	0.00607	0.00434	0.00578	0.00694	0.00723	0.00405	0.00463	0.00694	0.00954	0.01272	0.02747	0.82157	0.03297	0.01562	0.00636	0.00202	0.00289	0.01417	0.00463	0.00405
21	0.01099	0.01348	0.10727	0.12259	0.02478	0.01177	0.50572	0.01563	0.05071	0.01603	0.06128	0.01493	0.01027	0.00488	0.00560	0.00166	0.00744	0.00565	0.00276	0.00656
22	0.01000	0.02578	0.79900	0.01421	0.02157	0.01158	0.01842	0.01579	0.01052	0.01579	0.00895	0.01052	0.00631	0.00474	0.00474	0.00158	0.00737	0.00368	0.00210	0.00737
23	0.00725	0.00483	0.00544	0.00544	0.00544	0.00483	0.00302	0.00725	0.00725	0.00966	0.01571	0.03262	0.01812	0.82483	0.02537	0.00483	0.00483	0.00725	0.00302	0.00302
24	0.00999	0.00945	0.01599	0.65924	0.18345	0.01123	0.01413	0.01324	0.01024	0.01343	0.00896	0.01310	0.00689	0.00488	0.00497	0.00163	0.00650	0.00443	0.00226	0.00600
25	0.00619	0.00443	0.00589	0.00686	0.00726	0.00413	0.00464	0.00724	0.01010	0.01360	0.11987	0.72667	0.03467	0.01496	0.00630	0.00197	0.00283	0.01355	0.00473	0.00413
26	0.01208	0.01124	0.03024	0.08456	0.17167	0.01126	0.24367	0.05571	0.15695	0.05426	0.10278	0.01698	0.01380	0.00568	0.00537	0.00161	0.00588	0.00565	0.00359	0.00702
27	0.01653	0.24254	0.01834	0.01181	0.05414	0.09386	0.04482	0.30763	0.04738	0.08617	0.01096	0.01144	0.00828	0.00530	0.00446	0.00137	0.00573	0.00400	0.01780	0.00743
28	0.01105	0.00687	0.00872	0.05986	0.01099	0.00672	0.00620	0.05244	0.07694	0.17062	0.36289	0.06248	0.12573	0.00910	0.00556	0.00161	0.00333	0.00783	0.00520	0.00586

[dist]
# distance from previous block
# <min> <max>
0	3

[block]
# block no. 5 follows, 50 sequences, length 93
# corresponding to MSA columns:
# 345-402,406-440
name=unknown_F
#
# <colnr> <probs for GDERKNQSTAVLIFYWHMCP>
#	G	D	E	R	K	N	Q	S	T	A	V	L	I	F	Y	W	H	M	C	P
0	0.04059	0.35098	0.21831	0.01051	0.01554	0.01385	0.05370	0.01604	0.01080	0.10960	0.00941	0.01033	0.00725	0.00455	0.00402	0.00126	0.00564	0.00343	0.00277	0.11141
1	0.47811	0.02592	0.15101	0.00900	0.01311	0.01095	0.02846	0.05534	0.01076	0.16118	0.00993	0.01047	0.00704	0.00498	0.00390	0.00154	0.00478	0.00347	0.00353	0.00651
2	0.00736	0.00531	0.00681	0.00675	0.00703	0.00582	0.00454	0.00801	0.00763	0.01055	0.01511	0.07128	0.01656	0.49395	0.25973	0.00548	0.05460	0.00689	0.00295	0.00365
3	0.02526	0.07118	0.58512	0.01419	0.02065	0.01225	0.10427	0.01661	0.07417	0.01609	0.00985	0.01133	0.00718	0.00481	0.00477	0.00157	0.00702	0.00402	0.00241	0.00724
4	0.01051	0.00784	0.00943	0.00741	0.01074	0.00641	0.00580	0.02654	0.03251	0.08063	0.15239	0.09759	0.01771	0.00638	0.00452	0.00112	0.00345	0.00544	0.00393	0.50965
5	0.51873	0.01369	0.00994	0.00910	0.02572	0.23232	0.00703	0.02756	0.05536	0.04833	0.00851	0.00941	0.00660	0.00496	0.00372	0.00148	0.00536	0.00315	0.00319	0.00585
6	0.01245	0.01312	0.02826	0.02022	0.02519	0.01226	0.72584	0.01651	0.01193	0.06659	0.01070	0.01367	0.00787	0.00433	0.00583	0.00167	0.00813	0.00583	0.00276	0.00684
7	0.01280	0.01285	0.12780	0.18146	0.29974	0.01101	0.10087	0.02842	0.01157	0.12461	0.01075	0.01298	0.00800	0.00481	0.00500	0.00154	0.00625	0.00453	0.00294	0.03207
8	0.00606	0.00438	0.00574	0.00682	0.00720	0.00406	0.00457	0.00695	0.00966	0.01277	0.02896	0.77144	0.08214	0.01542	0.00633	0.00200	0.00287	0.01393	0.00463	0.00406
9	0.01263	0.30401	0.05730	0.01123	0.08717	0.10517	0.02952	0.03461	0.01225	0.06354	0.17175	0.02896	0.04981	0.00631	0.00454	0.00136	0.00517	0.00504	0.00338	0.00623
10	0.00704	0.00511	0.00618	0.00604	0.00695	0.00471	0.00412	0.00829	0.01071	0.01468	0.30425	0.15150	0.11236	0.27302	0.01210	0.00265	0.00333	0.00902	0.00433	0.05362
11	0.03543	0.18684	0.20382	0.01098	0.01542	0.12301	0.01082	0.14951	0.01359	0.14142	0.01078	0.01151	0.00800	0.00696	0.04923	0.00177	0.00659	0.00383	0.00338	0.00710
12	0.01307	0.09137	0.50020	0.01278	0.01882	0.01243	0.02708	0.12709	0.01277	0.10877	0.01044	0.01132	0.00736	0.00510	0.00489	0.00153	0.02053	0.00391	0.00301	0.00753
13	0.00642	0.00480	0.00605	0.00690	0.00771	0.00443	0.00508	0.00769	0.01044	0.01345	0.04508	0.46942	0.21975	0.01443	0.00634	0.00199	0.00312	0.15806	0.00463	0.00420
14	0.00704	0.00480	0.00545	0.00556	0.00570	0.00471	0.00323	0.00721	0.00775	0.01023	0.01919	0.11373	0.07058	0.68917	0.02216	0.00434	0.00448	0.00817	0.00329	0.00320
15	0.01327	0.01336	0.01882	0.02676	0.63329	0.11476	0.01403	0.03024	0.05703	0.01629	0.00984	0.01226	0.00814	0.00469	0.00489	0.00147	0.00620	0.00435	0.00268	0.00763
16	0.01155	0.02197	0.63545	0.01293	0.01939	0.01052	0.01594	0.01657	0.01129	0.12658	0.06197	0.01319	0.00985	0.00530	0.00485	0.00157	0.00659	0.00422	0.00290	0.00735
17	0.80464	0.00992	0.00783	0.00688	0.01002	0.01146	0.00567	0.06487	0.00947	0.02296	0.00727	0.00835	0.00560	0.00472	0.00321	0.00154	0.00396	0.00282	0.00321	0.00560
18	0.01294	0.73365	0.11687	0.00920	0.01382	0.01877	0.00969	0.01503	0.01017	0.01220	0.00717	0.00829	0.00639	0.00432	0.00338	0.00113	0.00557	0.00278	0.00213	0.00651
19	0.00801	0.00582	0.00796	0.00900	0.05917	0.00573	0.00602	0.00919	0.00985	0.05290	0.02354	0.52976	0.04672	0.05445	0.00771	0.00206	0.05691	0.05317	0.00424	0.04781
20	0.00689	0.00509	0.00643	0.00609	0.00734	0.00463	0.00457	0.00908	0.01371	0.01904	0.68368	0.03879	0.15505	0.01054	0.00588	0.00158	0.00238	0.00923	0.00536	0.00463
21	0.01333	0.82783	0.02612	0.00853	0.01279	0.01972	0.00853	0.01493	0.01013	0.01173	0.00693	0.00800	0.00640	0.00426	0.00320	0.00107	0.00533	0.00267	0.00213	0.00640
22	0.00682	0.00509	0.00634	0.00603	0.00731	0.00461	0.00452	0.00896	0.01357	0.01870	0.64442	0.03936	0.19452	0.01067	0.00588	0.00159	0.00239	0.00931	0.00532	0.00461
23	0.01811	0.01089	0.01355	0.15395	0.01767	0.01154	0.00938	0.35626	0.01757	0.29540	0.03524	0.01464	0.01054	0.00598	0.00502	0.00154	0.00517	0.00478	0.00492	0.00785
24	0.83232	0.00960	0.00747	0.00663	0.00974	0.01105	0.00546	0.01497	0.00867	0.04800	0.00736	0.00839	0.00563	0.00468	0.00315	0.00154	0.00387	0.00278	0.00319	0.00550
25	0.01248	0.06349	0.01308	0.06421	0.11554	0.07675	0.00885	0.02007	0.36467	0.06298	0.05810	0.01952	0.08547	0.00673	0.00499	0.00157	0.00469	0.00560	0.00419	0.00700
26	0.01506	0.01203	0.01277	0.01068	0.01398	0.01364	0.00853	0.33194	0.47494	0.02515	0.01690	0.01590	0.01247	0.00645	0.00504	0.00161	0.00457	0.00517	0.00504	0.00813
27	0.00601	0.00505	0.00521	0.00517	0.00681	0.00426	0.00388	0.00738	0.01164	0.01413	0.12569	0.04688	0.71610	0.01238	0.00589	0.00167	0.00251	0.01037	0.00472	0.00426
28	0.86003	0.00964	0.00733	0.00655	0.00964	0.01118	0.00540	0.01465	0.00848	0.02236	0.00694	0.00810	0.00540	0.00463	0.00308	0.00154	0.00386	0.00270	0.00308	0.00540
29	0.01234	0.01184	0.02023	0.03059	0.79373	0.01184	0.01530	0.01530	0.01135	0.01628	0.00938	0.01234	0.00790	0.00444	0.00493	0.00148	0.00592	0.00444	0.00247	0.00790
30	0.86003	0.00964	0.00733	0.00655	0.00964	0.01118	0.00540	0.01465	0.00848	0.02236	0.00694	0.00810	0.00540	0.00463	0.00308	0.00154	0.00386	0.00270	0.00308	0.00540
31	0.00762	0.00513	0.00582	0.00576	0.00592	0.00523	0.00337	0.00828	0.05073	0.01023	0.01555	0.03081	0.01741	0.73194	0.02389	0.05424	0.00475	0.00699	0.00309	0.00324
32	0.01216	0.01326	0.02875	0.02056	0.02555	0.01241	0.74700	0.01628	0.01186	0.04507	0.01044	0.01358	0.00774	0.00427	0.00585	0.00168	0.00825	0.00585	0.00266	0.00679
33	0.86003	0.00964	0.00733	0.00655	0.00964	0.01118	0.00540	0.01465	0.00848	0.02236	0.00694	0.00810	0.00540	0.00463	0.00308	0.00154	0.00386	0.00270	0.00308	0.00540
34	0.53458	0.00923	0.00828	0.00728	0.01027	0.01027	0.00589	0.01728	0.13937	0.11687	0.01354	0.01358	0.05219	0.00567	0.00383	0.00156	0.00378	0.00399	0.03645	0.00610
35	0.00603	0.00506	0.00525	0.00520	0.00682	0.00427	0.00390	0.00743	0.01170	0.01427	0.14169	0.04665	0.70002	0.01232	0.00589	0.00167	0.00250	0.01033	0.00473	0.00427
36	0.01234	0.01184	0.02023	0.03059	0.79373	0.01184	0.01530	0.01530	0.01135	0.01628	0.00938	0.01234	0.00790	0.00444	0.00493	0.00148	0.00592	0.00444	0.00247	0.00790
37	0.00970	0.00915	0.01546	0.73723	0.10773	0.01115	0.01398	0.01298	0.01010	0.01308	0.00891	0.01320	0.00677	0.00493	0.00498	0.00164	0.00657	0.00443	0.00224	0.00577
38	0.00940	0.00792	0.01133	0.01022	0.01045	0.01036	0.00815	0.00990	0.00746	0.01110	0.00880	0.01414	0.00857	0.01813	0.22010	0.20521	0.41745	0.00461	0.00230	0.00442
39	0.17584	0.01810	0.01311	0.01171	0.01378	0.47110	0.00913	0.01707	0.01155	0.01407	0.00729	0.00927	0.00626	0.00587	0.00699	0.00154	0.19573	0.00338	0.00258	0.00563
40	0.00871	0.00605	0.00743	0.00691	0.00712	0.00672	0.00458	0.00900	0.00771	0.05414	0.01439	0.02811	0.01586	0.64239	0.02272	0.00420	0.14053	0.00664	0.00306	0.00373
41	0.01307	0.01121	0.01741	0.17129	0.40686	0.01228	0.01324	0.10878	0.01230	0.06722	0.00990	0.01259	0.00785	0.00538	0.00639	0.00161	0.10795	0.00447	0.00293	0.00725
42	0.00941	0.00886	0.01495	0.81285	0.03433	0.01107	0.01384	0.01274	0.00997	0.01274	0.00886	0.01329	0.00664	0.00498	0.00498	0.00166	0.00664	0.00443	0.00221	0.00554
43	0.86003	0.00964	0.00733	0.00655	0.00964	0.01118	0.00540	0.01465	0.00848	0.02236	0.00694	0.00810	0.00540	0.00463	0.00308	0.00154	0.00386	0.00270	0.00308	0.00540
44	0.01087	0.00820	0.01365	0.01095	0.01382	0.00726	0.20405	0.01302	0.01100	0.13470	0.01817	0.33205	0.01828	0.00891	0.00551	0.00161	0.00468	0.00845	0.00400	0.17084
45	0.00808	0.00585	0.00829	0.03912	0.01122	0.00594	0.00825	0.01042	0.01142	0.01484	0.02574	0.05463	0.02786	0.01344	0.00681	0.00227	0.00467	0.73203	0.00450	0.00463
46	0.01327	0.01114	0.01176	0.01032	0.01330	0.01281	0.00810	0.12689	0.68290	0.02226	0.01917	0.01771	0.01431	0.00666	0.00506	0.00166	0.00415	0.00548	0.00506	0.00797
47	0.01091	0.01091	0.01527	0.01309	0.01309	0.01527	0.01091	0.01200	0.00763	0.01200	0.00654	0.01091	0.00654	0.00872	0.01636	0.00218	0.81570	0.00436	0.00218	0.00545
48	0.86003	0.00964	0.00733	0.00655	0.00964	0.01118	0.00540	0.01465	0.00848	0.02236	0.00694	0.00810	0.00540	0.00463	0.00308	0.00154	0.00386	0.00270	0.00308	0.00540
49	0.01895	0.01396	0.01496	0.01147	0.01546	0.01546	0.00947	0.77711	0.02344	0.03141	0.01197	0.01197	0.00848	0.00598	0.00499	0.00150	0.00548	0.00449	0.00499	0.00848
50	0.01234	0.01184	0.02023	0.03059	0.79373	0.01184	0.01530	0.01530	0.01135	0.01628	0.00938	0.01234	0.00790	0.00444	0.00493	0.00148	0.00592	0.00444	0.00247	0.00790
51	0.01895	0.01396	0.01496	0.01147	0.01546	0.01546	0.00947	0.77711	0.02344	0.03141	0.01197	0.01197	0.00848	0.00598	0.00499	0.00150	0.00548	0.00449	0.00499	0.00848
52	0.01086	0.01076	0.01532	0.01404	0.06404	0.01471	0.01102	0.01210	0.00789	0.01226	0.00698	0.01132	0.00685	0.00951	0.04500	0.00235	0.73279	0.00440	0.00222	0.00558
53	0.00941	0.00886	0.01495	0.81285	0.03433	0.01107	0.01384	0.01274	0.00997	0.01274	0.00886	0.01329	0.00664	0.00498	0.00498	0.00166	0.00664	0.00443	0.00221	0.00554
54	0.01519	0.01421	0.18136	0.01527	0.02037	0.01051	0.34530	0.01890	0.01240	0.29510	0.01327	0.01410	0.00901	0.00501	0.00534	0.00161	0.00670	0.00512	0.00374	0.00748
55	0.05546	0.00679	0.00899	0.00894	0.00929	0.00814	0.00673	0.00903	0.00886	0.01302	0.01944	0.50944	0.02273	0.01273	0.00947	0.00205	0.27024	0.01030	0.00374	0.00459
56	0.86003	0.00964	0.00733	0.00655	0.00964	0.01118	0.00540	0.01465	0.00848	0.02236	0.00694	0.00810	0.00540	0.00463	0.00308	0.00154	0.00386	0.00270	0.00308	0.00540
57	0.01858	0.01378	0.01475	0.01139	0.01532	0.01529	0.00939	0.73509	0.06605	0.03082	0.01243	0.01234	0.00885	0.00603	0.00499	0.00151	0.00540	0.00455	0.00499	0.00844
58	0.00639	0.00542	0.00555	0.00546	0.00718	0.00478	0.00411	0.00856	0.06246	0.01433	0.09170	0.04541	0.69714	0.01210	0.00584	0.00168	0.00261	0.01011	0.00471	0.00448
59	0.86003	0.00964	0.00733	0.00655	0.00964	0.01118	0.00540	0.01465	0.00848	0.02236	0.00694	0.00810	0.00540	0.00463	0.00308	0.00154	0.00386	0.00270	0.00308	0.00540
60	0.01987	0.00945	0.01193	0.00906	0.01303	0.00857	0.00746	0.14763	0.01516	0.54472	0.01665	0.01507	0.01090	0.00574	0.00480	0.00141	0.00436	0.00460	0.00546	0.14412
61	0.77498	0.00952	0.00776	0.00679	0.00995	0.01079	0.00559	0.01563	0.00907	0.10103	0.00823	0.00900	0.00610	0.00478	0.00328	0.00154	0.00389	0.00293	0.00340	0.00571
62	0.01283	0.01092	0.01151	0.01023	0.01313	0.01260	0.00799	0.07592	0.73459	0.02155	0.01974	0.01816	0.01477	0.00671	0.00507	0.00168	0.00405	0.00556	0.00507	0.00793
63	0.01317	0.01174	0.01166	0.01039	0.01326	0.06392	0.00809	0.06808	0.69217	0.02088	0.01901	0.01760	0.01427	0.00661	0.00503	0.00165	0.00436	0.00541	0.00490	0.00779
64	0.01034	0.00886	0.01034	0.00738	0.01181	0.00664	0.00591	0.01255	0.01034	0.01624	0.00886	0.01034	0.00738	0.00369	0.00369	0.00074	0.00369	0.00295	0.00295	0.85530
65	0.77464	0.01008	0.00810	0.00705	0.01023	0.01162	0.00581	0.09207	0.01000	0.02328	0.00745	0.00849	0.00571	0.00476	0.00328	0.00154	0.00402	0.00288	0.00328	0.00571
66	0.00952	0.00901	0.01497	0.75479	0.03279	0.01138	0.01363	0.01268	0.00980	0.01268	0.00869	0.01312	0.00664	0.00525	0.00581	0.00170	0.06537	0.00442	0.00221	0.00553
67	0.00726	0.00546	0.00677	0.00638	0.00772	0.00515	0.00480	0.01025	0.06452	0.01924	0.64915	0.03733	0.13663	0.01026	0.00583	0.00159	0.00248	0.00898	0.00535	0.00485
68	0.00715	0.00524	0.00748	0.00748	0.00819	0.00594	0.00557	0.00856	0.00785	0.01118	0.01384	0.02226	0.01363	0.19938	0.64467	0.00736	0.01160	0.00573	0.00274	0.00416
69	0.01143	0.01049	0.01574	0.02006	0.43901	0.00948	0.01104	0.01405	0.01089	0.01627	0.00914	0.01143	0.00766	0.00410	0.00437	0.00114	0.00491	0.00377	0.00269	0.39233
70	0.86003	0.00964	0.00733	0.00655	0.00964	0.01118	0.00540	0.01465	0.00848	0.02236	0.00694	0.00810	0.00540	0.00463	0.00308	0.00154	0.00386	0.00270	0.00308	0.00540
71	0.01092	0.01016	0.01700	0.06949	0.58943	0.01022	0.01302	0.01353	0.01108	0.01563	0.04234	0.14880	0.01352	0.00656	0.00521	0.00158	0.00532	0.00624	0.00293	0.00700
72	0.01215	0.01165	0.01989	0.08129	0.74452	0.01179	0.01520	0.01513	0.01126	0.01605	0.00934	0.01240	0.00781	0.00448	0.00494	0.00149	0.00597	0.00444	0.00245	0.00774
73	0.00875	0.00628	0.00849	0.00933	0.01066	0.00638	0.00813	0.06083	0.01226	0.01600	0.02544	0.05331	0.02736	0.01326	0.00676	0.00224	0.00465	0.71041	0.00462	0.00485
74	0.01309	0.00903	0.01122	0.00842	0.01217	0.00786	0.00684	0.01510	0.01088	0.19016	0.01099	0.01189	0.00839	0.00486	0.00555	0.00110	0.10380	0.00359	0.00358	0.56150
75	0.81098	0.00989	0.00777	0.00684	0.00998	0.01143	0.00564	0.05912	0.00935	0.02289	0.00723	0.00832	0.00558	0.00471	0.00320	0.00154	0.00395	0.00280	0.00320	0.00558
76	0.01030	0.01033	0.01855	0.48614	0.07220	0.01201	0.18519	0.01351	0.01014	0.01357	0.00886	0.01296	0.00691	0.00527	0.00667	0.00172	0.11272	0.00475	0.00229	0.00593
77	0.00793	0.00566	0.00791	0.00906	0.01016	0.00565	0.00785	0.01014	0.01137	0.01480	0.02645	0.09796	0.02892	0.01387	0.00686	0.00228	0.00450	0.71951	0.00459	0.00456
78	0.86003	0.00964	0.00733	0.00655	0.00964	0.01118	0.00540	0.01465	0.00848	0.02236	0.00694	0.00810	0.00540	0.00463	0.00308	0.00154	0.00386	0.00270	0.00308	0.00540
79	0.50091	0.06750	0.01103	0.00892	0.01193	0.27730	0.00713	0.03711	0.01088	0.01852	0.00733	0.00849	0.00589	0.00481	0.00362	0.00142	0.00571	0.00292	0.00290	0.00567
80	0.06603	0.01228	0.13819	0.01139	0.06855	0.01088	0.00946	0.04305	0.39182	0.03120	0.14559	0.01907	0.01771	0.00667	0.00501	0.00162	0.00442	0.00557	0.00436	0.00714
81	0.01082	0.00999	0.01623	0.28320	0.39324	0.01084	0.01313	0.01449	0.06637	0.01499	0.01145	0.01708	0.00993	0.05131	0.00623	0.00180	0.00587	0.05366	0.00274	0.00663
82	0.01119	0.00860	0.01100	0.19780	0.01663	0.00963	0.00855	0.01853	0.32799	0.08679	0.18546	0.02317	0.02055	0.00739	0.00531	0.00167	0.00429	0.04434	0.00456	0.00653
83	0.01235	0.01159	0.01822	0.02600	0.61832	0.01197	0.01363	0.01781	0.18510	0.01731	0.01183	0.01374	0.00954	0.00496	0.00497	0.00153	0.00548	0.00471	0.00305	0.00789
84	0.00708	0.00526	0.00574	0.00551	0.00722	0.00449	0.00417	0.00859	0.01207	0.06044	0.19276	0.04407	0.60140	0.01177	0.00584	0.00165	0.00259	0.00991	0.00489	0.00455
85	0.00990	0.00936	0.01583	0.68273	0.16065	0.01120	0.01408	0.01316	0.01020	0.01333	0.00895	0.01313	0.00685	0.00489	0.00498	0.00163	0.00652	0.00443	0.00226	0.00593
86	0.06857	0.01269	0.01820	0.02580	0.61246	0.09201	0.01356	0.01632	0.01164	0.06769	0.00973	0.01203	0.00788	0.00464	0.00478	0.00147	0.00599	0.00424	0.00276	0.00756
87	0.00669	0.00529	0.00822	0.00834	0.00915	0.00494	0.08291	0.00795	0.00994	0.01333	0.05498	0.70945	0.03093	0.01425	0.00629	0.00197	0.00343	0.01313	0.00445	0.00435
88	0.01220	0.01412	0.15025	0.04404	0.50083	0.01204	0.02834	0.05529	0.10118	0.01740	0.01070	0.01278	0.00847	0.00485	0.00494	0.00153	0.00598	0.00448	0.00283	0.00775
89	0.00627	0.00499	0.00562	0.00562	0.00700	0.00434	0.00416	0.00783	0.01203	0.01541	0.27738	0.12319	0.48419	0.01217	0.00594	0.00168	0.00251	0.01042	0.00489	0.00434
90	0.00684	0.00501	0.00646	0.00661	0.00765	0.00463	0.00496	0.00876	0.01258	0.01722	0.46835	0.20189	0.12198	0.01197	0.00609	0.00176	0.00273	0.09490	0.00512	0.00450
91	0.01185	0.01093	0.01791	0.09656	0.59371	0.01120	0.01368	0.06357	0.01182	0.01658	0.01138	0.09672	0.01043	0.00575	0.00509	0.00155	0.00564	0.00546	0.00283	0.00732
92	0.00652	0.00506	0.00593	0.00574	0.00713	0.00447	0.00429	0.00836	0.01281	0.01697	0.44955	0.05442	0.37809	0.01136	0.00589	0.00163	0.00244	0.00977	0.00509	0.00447

[dist]
# distance from previous block
# <min> <max>
0	2

[block]
# block no. 6 follows, 50 sequences, length 31
# corresponding to MSA columns:
# 443-473
name=unknown_G
#
# <colnr> <probs for GDERKNQSTAVLIFYWHMCP>
#	G	D	E	R	K	N	Q	S	T	A	V	L	I	F	Y	W	H	M	C	P
0	0.01104	0.26199	0.54260	0.01278	0.01915	0.01402	0.04338	0.01554	0.01045	0.01459	0.00839	0.00989	0.00638	0.00458	0.00432	0.00143	0.00680	0.00346	0.00213	0.00706
1	0.00888	0.12843	0.01079	0.10103	0.01215	0.08742	0.00693	0.01025	0.01023	0.01263	0.02026	0.49086	0.02314	0.01158	0.00557	0.00178	0.00438	0.04518	0.00377	0.00477
2	0.10139	0.13353	0.01623	0.28369	0.10655	0.18308	0.01118	0.01502	0.01068	0.01381	0.00799	0.01073	0.00656	0.00513	0.00538	0.00150	0.07548	0.00372	0.00239	0.00595
3	0.01143	0.00592	0.00740	0.00651	0.00847	0.00533	0.00507	0.01353	0.01313	0.22767	0.34653	0.02970	0.12597	0.00861	0.00520	0.00150	0.00288	0.00732	0.16218	0.00564
4	0.00659	0.00490	0.00615	0.00636	0.00738	0.00446	0.00466	0.00829	0.01212	0.01636	0.38820	0.26728	0.18895	0.01241	0.00607	0.00176	0.00265	0.04598	0.00503	0.00441
5	0.00717	0.00532	0.00689	0.00753	0.00870	0.00503	0.00615	0.00909	0.01167	0.01520	0.15996	0.13947	0.19981	0.01313	0.00644	0.00201	0.00357	0.38366	0.00475	0.00446
6	0.00628	0.00502	0.00562	0.00557	0.00700	0.00436	0.00414	0.00787	0.01214	0.01554	0.28986	0.09307	0.50191	0.01202	0.00592	0.00167	0.00249	0.01026	0.00491	0.00436
7	0.01260	0.01241	0.02018	0.02958	0.74084	0.04707	0.03321	0.01552	0.01148	0.01610	0.00932	0.01221	0.00782	0.00447	0.00494	0.00148	0.00612	0.00442	0.00247	0.00777
8	0.86003	0.00964	0.00733	0.00655	0.00964	0.01118	0.00540	0.01465	0.00848	0.02236	0.00694	0.00810	0.00540	0.00463	0.00308	0.00154	0.00386	0.00270	0.00308	0.00540
9	0.07374	0.01165	0.01240	0.00980	0.01349	0.10390	0.00798	0.20000	0.01604	0.47570	0.01564	0.01429	0.01029	0.00591	0.00482	0.00150	0.00507	0.00453	0.00527	0.00797
10	0.00664	0.00483	0.00625	0.00641	0.00732	0.00444	0.00461	0.00840	0.01236	0.01704	0.47757	0.30505	0.09608	0.01221	0.00604	0.00173	0.00255	0.01088	0.00513	0.00444
11	0.01034	0.00886	0.01034	0.00738	0.01181	0.00664	0.00591	0.01255	0.01034	0.01624	0.00886	0.01034	0.00738	0.00369	0.00369	0.00074	0.00369	0.00295	0.00295	0.85530
12	0.86003	0.00964	0.00733	0.00655	0.00964	0.01118	0.00540	0.01465	0.00848	0.02236	0.00694	0.00810	0.00540	0.00463	0.00308	0.00154	0.00386	0.00270	0.00308	0.00540
13	0.01234	0.01184	0.02023	0.03059	0.79373	0.01184	0.01530	0.01530	0.01135	0.01628	0.00938	0.01234	0.00790	0.00444	0.00493	0.00148	0.00592	0.00444	0.00247	0.00790
14	0.01185	0.00932	0.01168	0.06554	0.01408	0.00811	0.03384	0.10371	0.01244	0.06711	0.06769	0.01325	0.01070	0.00471	0.00426	0.00104	0.00421	0.00392	0.00352	0.54903
15	0.86003	0.00964	0.00733	0.00655	0.00964	0.01118	0.00540	0.01465	0.00848	0.02236	0.00694	0.00810	0.00540	0.00463	0.00308	0.00154	0.00386	0.00270	0.00308	0.00540
16	0.01906	0.02195	0.01382	0.01237	0.01509	0.71040	0.00936	0.02042	0.01414	0.10514	0.00912	0.00993	0.00712	0.00526	0.00456	0.00131	0.00843	0.00342	0.00299	0.00610
17	0.00620	0.00447	0.00587	0.00677	0.00724	0.00414	0.00460	0.00729	0.01024	0.01375	0.13277	0.68209	0.06659	0.01475	0.00628	0.00195	0.00280	0.01331	0.00474	0.00414
18	0.00656	0.00447	0.00573	0.00656	0.00708	0.00420	0.00448	0.00777	0.01019	0.01424	0.11143	0.62471	0.04650	0.01380	0.00596	0.00186	0.00276	0.01240	0.10511	0.00420
19	0.00997	0.01234	0.15565	0.54857	0.15029	0.01128	0.01489	0.01368	0.01028	0.01383	0.00896	0.01265	0.00678	0.00485	0.00493	0.00162	0.00666	0.00430	0.00223	0.00623
20	0.00609	0.00506	0.00533	0.00526	0.00686	0.00429	0.00394	0.00754	0.01183	0.01459	0.17783	0.04612	0.66368	0.01221	0.00589	0.00166	0.00249	0.01026	0.00478	0.00429
21	0.01547	0.00960	0.01095	0.00938	0.01243	0.01025	0.00743	0.02483	0.48373	0.27499	0.01983	0.01806	0.01412	0.00651	0.00495	0.00161	0.00394	0.00537	0.05866	0.00788
22	0.01034	0.00886	0.01034	0.00738	0.01181	0.00664	0.00591	0.01255	0.01034	0.01624	0.00886	0.01034	0.00738	0.00369	0.00369	0.00074	0.00369	0.00295	0.00295	0.85530
23	0.02167	0.01035	0.01186	0.00937	0.01305	0.10187	0.00761	0.02383	0.03325	0.68510	0.01826	0.01606	0.01171	0.00606	0.00495	0.00152	0.00480	0.00481	0.00572	0.00815
24	0.01234	0.01184	0.02023	0.03059	0.79373	0.01184	0.01530	0.01530	0.01135	0.01628	0.00938	0.01234	0.00790	0.00444	0.00493	0.00148	0.00592	0.00444	0.00247	0.00790
25	0.00668	0.00577	0.00694	0.00830	0.09997	0.00509	0.00525	0.00809	0.01114	0.01371	0.04285	0.13708	0.60737	0.01202	0.00583	0.00170	0.00297	0.01024	0.00437	0.00463
26	0.00702	0.00509	0.00661	0.00623	0.00742	0.00469	0.00467	0.00934	0.01402	0.01978	0.76801	0.03757	0.07025	0.01027	0.00588	0.00157	0.00236	0.00906	0.00546	0.00469
27	0.86003	0.00964	0.00733	0.00655	0.00964	0.01118	0.00540	0.01465	0.00848	0.02236	0.00694	0.00810	0.00540	0.00463	0.00308	0.00154	0.00386	0.00270	0.00308	0.00540
28	0.01108	0.10706	0.03126	0.02173	0.49666	0.01101	0.01193	0.01373	0.01173	0.01633	0.16429	0.01834	0.05207	0.00594	0.00496	0.00146	0.00502	0.00540	0.00311	0.00691
29	0.01906	0.02195	0.01382	0.01237	0.01509	0.71040	0.00936	0.02042	0.01414	0.10514	0.00912	0.00993	0.00712	0.00526	0.00456	0.00131	0.00843	0.00342	0.00299	0.00610
30	0.00712	0.00575	0.00712	0.00836	0.09994	0.00518	0.00530	0.00845	0.01113	0.01422	0.10819	0.07534	0.50450	0.01163	0.00670	0.06463	0.00305	0.00913	0.03969	0.00455

[dist]
# distance from previous block
# <min> <max>
0	6

# created by:
# /st0/software/busco_prod/Augustus/scripts/msa2prfl.pl ./align_prep/156843.fa
