[name]
unknown

[dist]
# distance from previous block
# <min> <max>
20	81

[block]
# block no. 0 follows, 43 sequences, length 11
# corresponding to MSA columns:
# 102-112
name=unknown_A
#
# <colnr> <probs for GDERKNQSTAVLIFYWHMCP>
#	G	D	E	R	K	N	Q	S	T	A	V	L	I	F	Y	W	H	M	C	P
0	0.14317	0.22101	0.08990	0.00981	0.01330	0.10348	0.02472	0.01511	0.01115	0.03148	0.01274	0.05648	0.03950	0.05590	0.02248	0.06796	0.00603	0.00488	0.02604	0.04489
1	0.13766	0.28010	0.03863	0.15214	0.08678	0.01481	0.01032	0.03873	0.01180	0.03062	0.04382	0.01348	0.01006	0.00564	0.00468	0.00153	0.02207	0.00421	0.08615	0.00676
2	0.01387	0.08362	0.26988	0.03656	0.01788	0.01218	0.03443	0.11486	0.01414	0.09282	0.06884	0.01551	0.01215	0.00615	0.00558	0.00159	0.03540	0.00484	0.07174	0.08795
3	0.13393	0.25168	0.09225	0.01509	0.09272	0.03777	0.16534	0.01651	0.01170	0.03634	0.01125	0.07404	0.01001	0.00669	0.02094	0.00177	0.00673	0.00517	0.00301	0.00708
4	0.03542	0.06959	0.22657	0.12536	0.02035	0.03056	0.03624	0.07031	0.14212	0.07851	0.01802	0.01862	0.09110	0.00680	0.00542	0.00175	0.00624	0.00554	0.00386	0.00760
5	0.01851	0.01367	0.01502	0.01185	0.01533	0.01541	0.00969	0.57052	0.02204	0.03029	0.01337	0.01486	0.01013	0.03785	0.00750	0.00184	0.08446	0.00511	0.09415	0.00839
6	0.00983	0.00710	0.00789	0.00829	0.00930	0.06643	0.00581	0.01108	0.01196	0.09073	0.10637	0.54607	0.03297	0.04928	0.00762	0.00221	0.00393	0.01282	0.00516	0.00517
7	0.01296	0.01183	0.07428	0.01059	0.01578	0.00860	0.08756	0.01594	0.01211	0.09350	0.01120	0.01261	0.00868	0.00453	0.00460	0.00110	0.00505	0.00392	0.00351	0.60167
8	0.06436	0.09318	0.11643	0.07886	0.01721	0.01345	0.01069	0.18925	0.12802	0.06611	0.07749	0.04017	0.03795	0.00719	0.00562	0.00172	0.02359	0.00568	0.00441	0.01862
9	0.01308	0.28237	0.16469	0.01264	0.01703	0.06006	0.09313	0.01740	0.09200	0.02921	0.01360	0.12316	0.01256	0.00719	0.00564	0.00167	0.03831	0.00588	0.00326	0.00712
10	0.11651	0.02606	0.13040	0.01149	0.01567	0.04378	0.12150	0.01541	0.03544	0.01842	0.02955	0.05598	0.01170	0.03681	0.02720	0.00184	0.00594	0.00522	0.09252	0.19855

[dist]
# distance from previous block
# <min> <max>
6	13

[block]
# block no. 1 follows, 43 sequences, length 173
# corresponding to MSA columns:
# 133-223,238-319
name=unknown_B
#
# <colnr> <probs for GDERKNQSTAVLIFYWHMCP>
#	G	D	E	R	K	N	Q	S	T	A	V	L	I	F	Y	W	H	M	C	P
0	0.01444	0.03341	0.01605	0.01494	0.12080	0.06723	0.07855	0.11026	0.17151	0.06388	0.08001	0.06244	0.03395	0.00732	0.00592	0.00168	0.02445	0.00630	0.00445	0.08241
1	0.21819	0.01042	0.04677	0.02771	0.04655	0.05147	0.00778	0.02887	0.04571	0.10562	0.30235	0.04462	0.02620	0.00819	0.00540	0.00173	0.00437	0.00670	0.00487	0.00648
2	0.01233	0.00973	0.01143	0.00893	0.01300	0.00824	0.00716	0.10511	0.01343	0.03952	0.01435	0.09563	0.01340	0.00679	0.00492	0.00124	0.00436	0.06803	0.00400	0.55840
3	0.03355	0.01202	0.01822	0.20414	0.35399	0.04319	0.03322	0.01681	0.01249	0.07809	0.02625	0.01440	0.00950	0.00528	0.00530	0.00159	0.00637	0.00481	0.00317	0.11761
4	0.00701	0.00560	0.00627	0.00616	0.00778	0.00487	0.00460	0.00883	0.01364	0.01751	0.30835	0.07339	0.49009	0.01317	0.00656	0.00184	0.00275	0.01123	0.00548	0.00487
5	0.01313	0.01445	0.02796	0.02165	0.08097	0.03867	0.53348	0.01706	0.01252	0.01721	0.01055	0.01410	0.00826	0.00518	0.00736	0.00180	0.08757	0.00587	0.00280	0.07940
6	0.00675	0.00482	0.00643	0.00771	0.00803	0.00450	0.00514	0.00771	0.01060	0.01414	0.03053	0.80175	0.03663	0.01735	0.00707	0.00225	0.00321	0.01574	0.00514	0.00450
7	0.02485	0.00943	0.01285	0.00985	0.01414	0.00814	0.00814	0.02699	0.01585	0.77465	0.02185	0.01885	0.01371	0.00685	0.00557	0.00171	0.00471	0.00557	0.00685	0.00943
8	0.00892	0.00637	0.00892	0.01020	0.01147	0.00637	0.00892	0.01147	0.01275	0.01657	0.02932	0.06247	0.03187	0.01530	0.00765	0.00255	0.00510	0.73354	0.00510	0.00510
9	0.00962	0.00481	0.00722	0.00722	0.00722	0.00481	0.00481	0.00722	0.00722	0.00962	0.00962	0.01684	0.00962	0.01924	0.02165	0.83886	0.00481	0.00481	0.00241	0.00241
10	0.01481	0.80869	0.02902	0.00948	0.01421	0.02191	0.00948	0.01658	0.01125	0.01303	0.00770	0.00888	0.00711	0.00474	0.00355	0.00118	0.00592	0.00296	0.00237	0.00711
11	0.00794	0.00532	0.00607	0.00619	0.00621	0.00529	0.00351	0.00802	0.00827	0.01103	0.01858	0.10252	0.02156	0.73714	0.02636	0.00510	0.00518	0.00872	0.00351	0.00345
12	0.77352	0.01060	0.00855	0.00751	0.01101	0.01205	0.00618	0.01721	0.00998	0.08976	0.00894	0.00985	0.00667	0.00529	0.00361	0.00171	0.00432	0.00322	0.00372	0.00629
13	0.01307	0.01494	0.03268	0.02334	0.02894	0.01401	0.75070	0.01774	0.01307	0.01774	0.01120	0.01494	0.00840	0.00467	0.00654	0.00187	0.00934	0.00654	0.00280	0.00747
14	0.01032	0.00516	0.00516	0.00516	0.00645	0.00516	0.00387	0.01290	0.01161	0.02065	0.01807	0.02065	0.01420	0.00645	0.00387	0.00129	0.00258	0.00516	0.83611	0.00516
15	0.01481	0.80869	0.02902	0.00948	0.01421	0.02191	0.00948	0.01658	0.01125	0.01303	0.00770	0.00888	0.00711	0.00474	0.00355	0.00118	0.00592	0.00296	0.00237	0.00711
16	0.01882	0.00943	0.01189	0.00939	0.01302	0.00869	0.00761	0.13100	0.01689	0.40881	0.18955	0.02331	0.03937	0.00777	0.00568	0.00164	0.00435	0.00644	0.00613	0.08020
17	0.01360	0.01305	0.02229	0.05883	0.74681	0.01313	0.01694	0.01690	0.01256	0.01796	0.01040	0.01374	0.00873	0.00495	0.00548	0.00165	0.00661	0.00493	0.00273	0.00869
18	0.01097	0.01037	0.01754	0.67227	0.15391	0.01244	0.01564	0.01460	0.01132	0.01477	0.00993	0.01460	0.00760	0.00544	0.00553	0.00181	0.00726	0.00492	0.00251	0.00657
19	0.01032	0.00516	0.00516	0.00516	0.00645	0.00516	0.00387	0.01290	0.01161	0.02065	0.01807	0.02065	0.01420	0.00645	0.00387	0.00129	0.00258	0.00516	0.83611	0.00516
20	0.01441	0.01221	0.01288	0.01140	0.01464	0.01407	0.00892	0.09202	0.69719	0.02418	0.02174	0.02003	0.01626	0.00744	0.00563	0.00186	0.00453	0.00615	0.00563	0.00882
21	0.84448	0.01071	0.00814	0.00728	0.01071	0.01242	0.00600	0.01628	0.00943	0.02485	0.00771	0.00900	0.00600	0.00514	0.00343	0.00171	0.00428	0.00300	0.00343	0.00600
22	0.01046	0.00984	0.01661	0.79205	0.03814	0.01230	0.01538	0.01415	0.01107	0.01415	0.00984	0.01477	0.00738	0.00554	0.00554	0.00185	0.00738	0.00492	0.00246	0.00615
23	0.01371	0.01316	0.02248	0.03399	0.77081	0.01316	0.01700	0.01700	0.01261	0.01809	0.01042	0.01371	0.00877	0.00493	0.00548	0.00164	0.00658	0.00493	0.00274	0.00877
24	0.00675	0.00482	0.00643	0.00771	0.00803	0.00450	0.00514	0.00771	0.01060	0.01414	0.03053	0.80175	0.03663	0.01735	0.00707	0.00225	0.00321	0.01574	0.00514	0.00450
25	0.03963	0.01210	0.01429	0.01102	0.01526	0.01224	0.00909	0.35615	0.02035	0.39792	0.04210	0.01686	0.01286	0.00687	0.00554	0.00169	0.00526	0.00540	0.00616	0.00921
26	0.01046	0.00984	0.01661	0.79205	0.03814	0.01230	0.01538	0.01415	0.01107	0.01415	0.00984	0.01477	0.00738	0.00554	0.00554	0.00185	0.00738	0.00492	0.00246	0.00615
27	0.00774	0.00524	0.00613	0.00644	0.00652	0.00516	0.00378	0.00797	0.00866	0.01155	0.02056	0.21860	0.02406	0.61764	0.02316	0.00463	0.00486	0.00989	0.00378	0.00363
28	0.70074	0.01306	0.00949	0.00851	0.01176	0.12639	0.00685	0.01706	0.01033	0.02287	0.00783	0.00923	0.00620	0.00535	0.00405	0.00169	0.02609	0.00313	0.00332	0.00606
29	0.00738	0.00503	0.00645	0.00735	0.00777	0.00487	0.00494	0.00842	0.01025	0.01416	0.02651	0.55455	0.03075	0.14086	0.05271	0.00303	0.00418	0.02971	0.07668	0.00442
30	0.00674	0.00486	0.00639	0.00762	0.00801	0.00451	0.00510	0.00772	0.01070	0.01418	0.03170	0.76740	0.07022	0.01720	0.00704	0.00223	0.00319	0.01556	0.00514	0.00451
31	0.01283	0.01227	0.02090	0.23833	0.57332	0.01293	0.01656	0.01623	0.01220	0.01703	0.01026	0.01399	0.00840	0.00510	0.00550	0.00170	0.00680	0.00493	0.00267	0.00807
32	0.01154	0.12034	0.68878	0.01504	0.02282	0.01393	0.01917	0.01743	0.01164	0.01701	0.00968	0.01136	0.00703	0.00520	0.00506	0.00169	0.00792	0.00396	0.00234	0.00806
33	0.00675	0.00482	0.00643	0.00771	0.00803	0.00450	0.00514	0.00771	0.01060	0.01414	0.03053	0.80175	0.03663	0.01735	0.00707	0.00225	0.00321	0.01574	0.00514	0.00450
34	0.01046	0.00984	0.01661	0.79205	0.03814	0.01230	0.01538	0.01415	0.01107	0.01415	0.00984	0.01477	0.00738	0.00554	0.00554	0.00185	0.00738	0.00492	0.00246	0.00615
35	0.00781	0.00566	0.00736	0.00694	0.00826	0.00521	0.00520	0.01039	0.01561	0.02204	0.75123	0.04165	0.06902	0.01139	0.00653	0.00174	0.00262	0.01006	0.00607	0.00521
36	0.11344	0.01698	0.01699	0.01451	0.04187	0.23325	0.11467	0.14626	0.17184	0.02125	0.01257	0.01359	0.00968	0.00619	0.00587	0.00171	0.04300	0.00483	0.00393	0.00758
37	0.01808	0.01863	0.01826	0.01483	0.01856	0.31355	0.14847	0.19384	0.10835	0.03746	0.01252	0.01369	0.00955	0.00683	0.02370	0.00180	0.00811	0.00492	0.02125	0.00761
38	0.62652	0.01082	0.01026	0.11894	0.01515	0.01268	0.00787	0.04773	0.01054	0.04780	0.00870	0.01046	0.00665	0.00552	0.00456	0.00176	0.04079	0.00352	0.00345	0.00628
39	0.00819	0.00532	0.00614	0.00614	0.00614	0.00532	0.00348	0.00798	0.00798	0.01064	0.01677	0.03456	0.01922	0.73730	0.02762	0.07753	0.00532	0.00777	0.00327	0.00327
40	0.71452	0.01097	0.00913	0.03345	0.01215	0.02717	0.00667	0.03121	0.01047	0.08938	0.00913	0.01014	0.00680	0.00534	0.00375	0.00171	0.00457	0.00333	0.00372	0.00637
41	0.84448	0.01071	0.00814	0.00728	0.01071	0.01242	0.00600	0.01628	0.00943	0.02485	0.00771	0.00900	0.00600	0.00514	0.00343	0.00171	0.00428	0.00300	0.00343	0.00600
42	0.00729	0.00564	0.00664	0.00639	0.00793	0.00499	0.00479	0.00938	0.01437	0.01911	0.46341	0.04647	0.35867	0.01248	0.00654	0.00180	0.00270	0.01073	0.00569	0.00499
43	0.01116	0.00627	0.00810	0.00726	0.00909	0.00573	0.00558	0.01368	0.01521	0.15536	0.54436	0.03486	0.04079	0.00994	0.00604	0.00168	0.00298	0.00864	0.10731	0.00596
44	0.00687	0.00491	0.00656	0.00785	0.00822	0.00460	0.00535	0.00792	0.01072	0.01427	0.03046	0.76118	0.03637	0.01724	0.00710	0.00227	0.00332	0.05514	0.00514	0.00453
45	0.02042	0.01520	0.01627	0.01262	0.01693	0.01688	0.01037	0.68976	0.08965	0.03389	0.01410	0.01393	0.01007	0.00672	0.00555	0.00168	0.00595	0.00510	0.00555	0.00936
46	0.01148	0.00984	0.01148	0.00820	0.01312	0.00738	0.00656	0.01395	0.01148	0.01805	0.00984	0.01148	0.00820	0.00410	0.00410	0.00082	0.00410	0.00328	0.00328	0.83922
47	0.01093	0.00850	0.00920	0.00852	0.01037	0.07387	0.00654	0.01495	0.10550	0.07515	0.50397	0.05011	0.03989	0.01039	0.00629	0.00178	0.00376	0.04850	0.00574	0.00604
48	0.77352	0.01060	0.00855	0.00751	0.01101	0.01205	0.00618	0.01721	0.00998	0.08976	0.00894	0.00985	0.00667	0.00529	0.00361	0.00171	0.00432	0.00322	0.00372	0.00629
49	0.01430	0.01266	0.01553	0.10093	0.15169	0.04420	0.02668	0.12317	0.35827	0.02208	0.03427	0.04309	0.01428	0.00700	0.00565	0.00179	0.00559	0.00600	0.00459	0.00823
50	0.01294	0.01572	0.09373	0.04013	0.12591	0.03136	0.50595	0.01724	0.01263	0.01731	0.01104	0.02806	0.00872	0.00528	0.00683	0.00185	0.04893	0.00608	0.00277	0.00753
51	0.01062	0.00575	0.00580	0.00569	0.00714	0.00591	0.00430	0.01434	0.07648	0.02087	0.01845	0.02065	0.01443	0.00654	0.00402	0.00134	0.00274	0.00526	0.76421	0.00547
52	0.00750	0.00565	0.00694	0.00662	0.00807	0.00508	0.00496	0.00980	0.01489	0.02033	0.58367	0.04446	0.23765	0.01202	0.00654	0.00178	0.00266	0.01045	0.00585	0.00508
53	0.02105	0.01551	0.01662	0.01274	0.01717	0.01717	0.01053	0.75235	0.02604	0.03490	0.01330	0.01330	0.00942	0.00665	0.00554	0.00166	0.00609	0.00499	0.00554	0.00942
54	0.01202	0.01149	0.01949	0.37030	0.33432	0.01233	0.05800	0.01550	0.01185	0.01630	0.01016	0.01406	0.00808	0.00512	0.00545	0.00168	0.00688	0.00488	0.00267	0.07942
55	0.01195	0.04687	0.64948	0.01715	0.08813	0.01298	0.03464	0.01780	0.01194	0.04398	0.01036	0.01211	0.00743	0.00526	0.00527	0.00173	0.00789	0.00424	0.00254	0.00824
56	0.01481	0.80869	0.02902	0.00948	0.01421	0.02191	0.00948	0.01658	0.01125	0.01303	0.00770	0.00888	0.00711	0.00474	0.00355	0.00118	0.00592	0.00296	0.00237	0.00711
57	0.01195	0.01038	0.01537	0.08715	0.01682	0.01214	0.10003	0.13737	0.01243	0.01730	0.01287	0.05603	0.01193	0.08516	0.19954	0.00399	0.19380	0.00616	0.00335	0.00623
58	0.01572	0.14979	0.05292	0.01172	0.01573	0.07753	0.05019	0.25229	0.03306	0.03547	0.03098	0.06514	0.02441	0.02288	0.00604	0.00162	0.03265	0.00538	0.00405	0.11244
59	0.00697	0.00516	0.00653	0.00738	0.00809	0.00478	0.00508	0.00845	0.02508	0.01534	0.11759	0.58948	0.14768	0.01599	0.00690	0.00213	0.00311	0.01432	0.00526	0.00468
60	0.00700	0.00560	0.00631	0.00648	0.00803	0.00490	0.00490	0.00867	0.01296	0.01631	0.17842	0.13390	0.49676	0.01402	0.00670	0.00195	0.00301	0.07399	0.00531	0.00479
61	0.01333	0.08917	0.02439	0.14657	0.39507	0.03245	0.18574	0.01681	0.01242	0.01681	0.01021	0.01361	0.00827	0.00497	0.00554	0.00168	0.00736	0.00508	0.00268	0.00785
62	0.02843	0.01227	0.05892	0.49137	0.06902	0.03314	0.06032	0.09240	0.03054	0.01770	0.04502	0.01551	0.00994	0.00586	0.00557	0.00179	0.00710	0.00517	0.00308	0.00684
63	0.01366	0.01371	0.02108	0.18020	0.53796	0.07968	0.04017	0.01691	0.01259	0.01692	0.01017	0.01363	0.00835	0.00511	0.00549	0.00167	0.00712	0.00487	0.00270	0.00801
64	0.84448	0.01071	0.00814	0.00728	0.01071	0.01242	0.00600	0.01628	0.00943	0.02485	0.00771	0.00900	0.00600	0.00514	0.00343	0.00171	0.00428	0.00300	0.00343	0.00600
65	0.00688	0.00491	0.00657	0.00786	0.00824	0.00461	0.00536	0.00793	0.01073	0.01428	0.03045	0.75812	0.03635	0.01723	0.00710	0.00227	0.00332	0.05810	0.00514	0.00453
66	0.06967	0.00974	0.01275	0.00983	0.01407	0.00874	0.00812	0.05572	0.01591	0.70361	0.02073	0.01809	0.01311	0.00675	0.00545	0.00171	0.00474	0.00540	0.00661	0.00924
67	0.00784	0.00566	0.00740	0.00697	0.00827	0.00523	0.00523	0.01045	0.01568	0.02221	0.76789	0.04137	0.05226	0.01132	0.00653	0.00174	0.00261	0.01002	0.00610	0.00523
68	0.00780	0.00566	0.00736	0.00693	0.00825	0.00521	0.00520	0.01039	0.01560	0.02202	0.74917	0.04168	0.07110	0.01139	0.00653	0.00175	0.00262	0.01006	0.00607	0.00521
69	0.01481	0.80869	0.02902	0.00948	0.01421	0.02191	0.00948	0.01658	0.01125	0.01303	0.00770	0.00888	0.00711	0.00474	0.00355	0.00118	0.00592	0.00296	0.00237	0.00711
70	0.01032	0.00516	0.00516	0.00516	0.00645	0.00516	0.00387	0.01290	0.01161	0.02065	0.01807	0.02065	0.01420	0.00645	0.00387	0.00129	0.00258	0.00516	0.83611	0.00516
71	0.02105	0.01551	0.01662	0.01274	0.01717	0.01717	0.01053	0.75235	0.02604	0.03490	0.01330	0.01330	0.00942	0.00665	0.00554	0.00166	0.00609	0.00499	0.00554	0.00942
72	0.00962	0.00481	0.00722	0.00722	0.00722	0.00481	0.00481	0.00722	0.00722	0.00962	0.00962	0.01684	0.00962	0.01924	0.02165	0.83886	0.00481	0.00481	0.00241	0.00241
73	0.02370	0.01138	0.01380	0.01169	0.05606	0.07592	0.00896	0.05901	0.01612	0.63359	0.01968	0.01755	0.01267	0.00664	0.00551	0.00168	0.00533	0.00533	0.00622	0.00913
74	0.05628	0.00997	0.01616	0.72371	0.03587	0.01246	0.01476	0.01424	0.01090	0.01471	0.00964	0.01436	0.00730	0.00565	0.00583	0.00186	0.03283	0.00481	0.00251	0.00614
75	0.00675	0.00482	0.00643	0.00771	0.00803	0.00450	0.00514	0.00771	0.01060	0.01414	0.03053	0.80175	0.03663	0.01735	0.00707	0.00225	0.00321	0.01574	0.00514	0.00450
76	0.07905	0.36580	0.04041	0.01145	0.03980	0.08163	0.00986	0.16857	0.08308	0.01988	0.01052	0.01131	0.00850	0.00548	0.00439	0.00142	0.00603	0.00384	0.00349	0.04552
77	0.01489	0.72981	0.06949	0.00997	0.01488	0.02120	0.01013	0.05010	0.01195	0.01427	0.00808	0.00924	0.00721	0.00485	0.00374	0.00124	0.00605	0.00312	0.00251	0.00727
78	0.00784	0.00566	0.00740	0.00697	0.00827	0.00523	0.00523	0.01045	0.01568	0.02221	0.76789	0.04137	0.05226	0.01132	0.00653	0.00174	0.00261	0.01002	0.00610	0.00523
79	0.01148	0.00984	0.01148	0.00820	0.01312	0.00738	0.00656	0.01395	0.01148	0.01805	0.00984	0.01148	0.00820	0.00410	0.00410	0.00082	0.00410	0.00328	0.00328	0.83922
80	0.00805	0.00537	0.00604	0.00604	0.00604	0.00537	0.00336	0.00805	0.00805	0.01074	0.01745	0.03624	0.02013	0.80536	0.02819	0.00537	0.00537	0.00805	0.00336	0.00336
81	0.01383	0.00822	0.01054	0.00989	0.05063	0.00797	0.00724	0.01868	0.15148	0.22793	0.35662	0.03051	0.06465	0.00919	0.00605	0.00176	0.00373	0.00792	0.00600	0.00718
82	0.01402	0.01293	0.02232	0.06865	0.66057	0.01294	0.05678	0.01736	0.01271	0.05229	0.01095	0.01406	0.00891	0.00504	0.00555	0.00167	0.00668	0.00505	0.00292	0.00861
83	0.00675	0.00482	0.00643	0.00771	0.00803	0.00450	0.00514	0.00771	0.01060	0.01414	0.03053	0.80175	0.03663	0.01735	0.00707	0.00225	0.00321	0.01574	0.00514	0.00450
84	0.01083	0.01029	0.01697	0.65867	0.07457	0.01291	0.01508	0.01420	0.01085	0.01426	0.00957	0.01439	0.00744	0.00600	0.00704	0.00190	0.10136	0.00491	0.00247	0.00628
85	0.01125	0.00606	0.00615	0.00582	0.00738	0.00620	0.00445	0.07692	0.01286	0.02188	0.01765	0.02001	0.01378	0.00647	0.00402	0.00132	0.00289	0.00515	0.76420	0.00553
86	0.26602	0.01046	0.01126	0.00920	0.01298	0.01068	0.00747	0.07204	0.12725	0.27880	0.05294	0.01623	0.01299	0.00640	0.00485	0.00165	0.00447	0.00488	0.00519	0.08424
87	0.02444	0.00962	0.01304	0.01004	0.01421	0.00856	0.00829	0.04136	0.01586	0.73961	0.02129	0.01856	0.01345	0.00693	0.00590	0.00173	0.02553	0.00554	0.00671	0.00934
88	0.01222	0.00982	0.01156	0.00829	0.01318	0.00742	0.00665	0.01466	0.01172	0.05957	0.01050	0.01189	0.00851	0.00425	0.00418	0.00087	0.00414	0.00341	0.00348	0.79368
89	0.01046	0.00984	0.01661	0.79205	0.03814	0.01230	0.01538	0.01415	0.01107	0.01415	0.00984	0.01477	0.00738	0.00554	0.00554	0.00185	0.00738	0.00492	0.00246	0.00615
90	0.00675	0.00482	0.00643	0.00771	0.00803	0.00450	0.00514	0.00771	0.01060	0.01414	0.03053	0.80175	0.03663	0.01735	0.00707	0.00225	0.00321	0.01574	0.00514	0.00450
91	0.00675	0.00482	0.00643	0.00771	0.00803	0.00450	0.00514	0.00771	0.01060	0.01414	0.03053	0.80175	0.03663	0.01735	0.00707	0.00225	0.00321	0.01574	0.00514	0.00450
92	0.01148	0.00984	0.01148	0.00820	0.01312	0.00738	0.00656	0.01395	0.01148	0.01805	0.00984	0.01148	0.00820	0.00410	0.00410	0.00082	0.00410	0.00328	0.00328	0.83922
93	0.00964	0.00482	0.00716	0.00716	0.00720	0.00482	0.00479	0.00736	0.00733	0.00990	0.00984	0.01693	0.00974	0.01891	0.02119	0.81743	0.00475	0.00482	0.02374	0.00248
94	0.00675	0.00482	0.00643	0.00771	0.00803	0.00450	0.00514	0.00771	0.01060	0.01414	0.03053	0.80175	0.03663	0.01735	0.00707	0.00225	0.00321	0.01574	0.00514	0.00450
95	0.00784	0.00566	0.00740	0.00697	0.00827	0.00523	0.00523	0.01045	0.01568	0.02221	0.76789	0.04137	0.05226	0.01132	0.00653	0.00174	0.00261	0.01002	0.00610	0.00523
96	0.02485	0.00943	0.01285	0.00985	0.01414	0.00814	0.00814	0.02699	0.01585	0.77465	0.02185	0.01885	0.01371	0.00685	0.00557	0.00171	0.00471	0.00557	0.00685	0.00943
97	0.02485	0.00943	0.01285	0.00985	0.01414	0.00814	0.00814	0.02699	0.01585	0.77465	0.02185	0.01885	0.01371	0.00685	0.00557	0.00171	0.00471	0.00557	0.00685	0.00943
98	0.02069	0.02640	0.01569	0.01427	0.01712	0.78313	0.01070	0.02212	0.01569	0.01355	0.00856	0.00999	0.00713	0.00571	0.00499	0.00143	0.00999	0.00357	0.00285	0.00642
99	0.01148	0.00984	0.01148	0.00820	0.01312	0.00738	0.00656	0.01395	0.01148	0.01805	0.00984	0.01148	0.00820	0.00410	0.00410	0.00082	0.00410	0.00328	0.00328	0.83922
100	0.00770	0.00566	0.00721	0.00682	0.00819	0.00517	0.00512	0.01018	0.01535	0.02143	0.69107	0.04266	0.12956	0.01161	0.00653	0.00176	0.00263	0.01020	0.00599	0.00517
101	0.02069	0.02640	0.01569	0.01427	0.01712	0.78313	0.01070	0.02212	0.01569	0.01355	0.00856	0.00999	0.00713	0.00571	0.00499	0.00143	0.00999	0.00357	0.00285	0.00642
102	0.00791	0.00593	0.00890	0.00890	0.00989	0.00692	0.00692	0.00989	0.00890	0.01286	0.01483	0.02176	0.01385	0.04154	0.78341	0.00890	0.01483	0.00593	0.00297	0.00494
103	0.84448	0.01071	0.00814	0.00728	0.01071	0.01242	0.00600	0.01628	0.00943	0.02485	0.00771	0.00900	0.00600	0.00514	0.00343	0.00171	0.00428	0.00300	0.00343	0.00600
104	0.01106	0.01047	0.01764	0.64159	0.16504	0.01256	0.01558	0.01463	0.01128	0.01482	0.00988	0.01452	0.00762	0.00553	0.00583	0.00182	0.02607	0.00492	0.00251	0.00661
105	0.01148	0.00984	0.01148	0.00820	0.01312	0.00738	0.00656	0.01395	0.01148	0.01805	0.00984	0.01148	0.00820	0.00410	0.00410	0.00082	0.00410	0.00328	0.00328	0.83922
106	0.01032	0.00516	0.00516	0.00516	0.00645	0.00516	0.00387	0.01290	0.01161	0.02065	0.01807	0.02065	0.01420	0.00645	0.00387	0.00129	0.00258	0.00516	0.83611	0.00516
107	0.01212	0.02205	0.43490	0.02123	0.16493	0.01323	0.21689	0.01749	0.01224	0.01770	0.01037	0.01295	0.00772	0.00504	0.00565	0.00176	0.00820	0.00491	0.00254	0.00810
108	0.00675	0.00482	0.00643	0.00771	0.00803	0.00450	0.00514	0.00771	0.01060	0.01414	0.03053	0.80175	0.03663	0.01735	0.00707	0.00225	0.00321	0.01574	0.00514	0.00450
109	0.02002	0.01500	0.01604	0.01253	0.01678	0.01669	0.01028	0.65009	0.12998	0.03324	0.01460	0.01434	0.01048	0.00677	0.00555	0.00169	0.00585	0.00517	0.00555	0.00933
110	0.01032	0.00516	0.00516	0.00516	0.00645	0.00516	0.00387	0.01290	0.01161	0.02065	0.01807	0.02065	0.01420	0.00645	0.00387	0.00129	0.00258	0.00516	0.83611	0.00516
111	0.00931	0.00599	0.00787	0.00722	0.00878	0.00548	0.00548	0.01188	0.01569	0.08735	0.70330	0.03942	0.04892	0.01094	0.00645	0.00174	0.00279	0.00963	0.00616	0.00559
112	0.01111	0.02865	0.77667	0.01579	0.02397	0.01286	0.02046	0.01754	0.01169	0.01754	0.00994	0.01169	0.00702	0.00526	0.00526	0.00175	0.00818	0.00409	0.00234	0.00818
113	0.02485	0.00943	0.01285	0.00985	0.01414	0.00814	0.00814	0.02699	0.01585	0.77465	0.02185	0.01885	0.01371	0.00685	0.00557	0.00171	0.00471	0.00557	0.00685	0.00943
114	0.00675	0.00482	0.00643	0.00771	0.00803	0.00450	0.00514	0.00771	0.01060	0.01414	0.03053	0.80175	0.03663	0.01735	0.00707	0.00225	0.00321	0.01574	0.00514	0.00450
115	0.02187	0.01280	0.01480	0.01140	0.01564	0.01327	0.00940	0.44837	0.02177	0.30993	0.05080	0.01664	0.01297	0.00694	0.00560	0.00168	0.00542	0.00543	0.00606	0.00923
116	0.09581	0.00954	0.01244	0.00963	0.01384	0.00851	0.00795	0.02606	0.01530	0.70973	0.02063	0.01800	0.01304	0.00671	0.00538	0.00171	0.00468	0.00535	0.00656	0.00913
117	0.21780	0.00973	0.01174	0.00925	0.01333	0.00915	0.00764	0.02447	0.01434	0.59814	0.01852	0.01653	0.01189	0.00645	0.00507	0.00171	0.00461	0.00496	0.00605	0.00862
118	0.00675	0.00482	0.00643	0.00771	0.00803	0.00450	0.00514	0.00771	0.01060	0.01414	0.03053	0.80175	0.03663	0.01735	0.00707	0.00225	0.00321	0.01574	0.00514	0.00450
119	0.00738	0.00610	0.00668	0.00667	0.00838	0.00570	0.00502	0.00988	0.06744	0.01515	0.04522	0.07513	0.54200	0.04452	0.10986	0.00295	0.00467	0.02745	0.00483	0.00497
120	0.00656	0.00554	0.00568	0.00579	0.00753	0.00466	0.00429	0.00793	0.01245	0.01489	0.05391	0.11751	0.70577	0.01431	0.00659	0.00190	0.00284	0.01204	0.00514	0.00466
121	0.01158	0.00553	0.00583	0.00557	0.00712	0.00542	0.00424	0.01412	0.01198	0.08593	0.01839	0.02049	0.01415	0.00649	0.00402	0.00133	0.00277	0.00520	0.76431	0.00553
122	0.84448	0.01071	0.00814	0.00728	0.01071	0.01242	0.00600	0.01628	0.00943	0.02485	0.00771	0.00900	0.00600	0.00514	0.00343	0.00171	0.00428	0.00300	0.00343	0.00600
123	0.01083	0.02668	0.71020	0.01519	0.02275	0.01235	0.01929	0.01688	0.01145	0.01713	0.01036	0.01256	0.00761	0.00840	0.07263	0.00237	0.00876	0.00425	0.00239	0.00790
124	0.03098	0.02263	0.50045	0.10333	0.10686	0.01295	0.05154	0.05726	0.01261	0.01845	0.02612	0.01305	0.00837	0.00543	0.00537	0.00175	0.00765	0.00454	0.00270	0.00795
125	0.01174	0.17537	0.56311	0.01509	0.05719	0.01422	0.01751	0.01688	0.01160	0.01655	0.01047	0.04719	0.00846	0.00570	0.00503	0.00166	0.00745	0.00445	0.00249	0.00784
126	0.01444	0.01151	0.01225	0.01095	0.01403	0.02883	0.00856	0.02759	0.62186	0.08782	0.06325	0.02242	0.01872	0.00781	0.00571	0.00186	0.00445	0.02373	0.00569	0.00849
127	0.21150	0.00972	0.01178	0.00927	0.01336	0.00912	0.00765	0.02455	0.01439	0.60390	0.01863	0.01661	0.01195	0.00646	0.00508	0.00171	0.00462	0.00498	0.00607	0.00864
128	0.01619	0.10240	0.24236	0.01428	0.01854	0.38370	0.01365	0.01911	0.01316	0.01465	0.00872	0.01065	0.00711	0.00598	0.00659	0.00163	0.10788	0.00382	0.00260	0.00696
129	0.00834	0.00767	0.07483	0.00931	0.01077	0.00594	0.04746	0.01000	0.01099	0.04911	0.02686	0.62967	0.03094	0.04075	0.00750	0.00226	0.00412	0.01352	0.00479	0.00517
130	0.00680	0.00489	0.00645	0.00760	0.00803	0.00454	0.00512	0.00787	0.01095	0.01461	0.07183	0.73550	0.06146	0.01691	0.00702	0.00221	0.00317	0.01530	0.00519	0.00454
131	0.00693	0.00498	0.00662	0.00786	0.00831	0.00467	0.00544	0.00805	0.01086	0.01438	0.03126	0.71323	0.06020	0.01706	0.00710	0.00226	0.00336	0.07776	0.00514	0.00456
132	0.50495	0.01365	0.01141	0.00960	0.01326	0.09633	0.00780	0.21594	0.01481	0.05272	0.00981	0.01061	0.00731	0.00567	0.00424	0.00167	0.00540	0.00369	0.00406	0.00709
133	0.01359	0.01298	0.02188	0.03258	0.72923	0.01284	0.01642	0.01683	0.01255	0.01809	0.01039	0.01359	0.00874	0.00489	0.00541	0.00160	0.00644	0.00484	0.00277	0.05435
134	0.00805	0.00537	0.00604	0.00604	0.00604	0.00537	0.00336	0.00805	0.00805	0.01074	0.01745	0.03624	0.02013	0.80536	0.02819	0.00537	0.00537	0.00805	0.00336	0.00336
135	0.01389	0.01351	0.02230	0.03347	0.75084	0.03357	0.01683	0.01713	0.01269	0.01797	0.01037	0.01361	0.00873	0.00496	0.00547	0.00164	0.00667	0.00490	0.00274	0.00871
136	0.00962	0.00481	0.00722	0.00722	0.00722	0.00481	0.00481	0.00722	0.00722	0.00962	0.00962	0.01684	0.00962	0.01924	0.02165	0.83886	0.00481	0.00481	0.00241	0.00241
137	0.84448	0.01071	0.00814	0.00728	0.01071	0.01242	0.00600	0.01628	0.00943	0.02485	0.00771	0.00900	0.00600	0.00514	0.00343	0.00171	0.00428	0.00300	0.00343	0.00600
138	0.01212	0.01212	0.01696	0.01454	0.01454	0.01696	0.01212	0.01333	0.00848	0.01333	0.00727	0.01212	0.00727	0.00969	0.01818	0.00242	0.79523	0.00485	0.00242	0.00606
139	0.14645	0.01129	0.01318	0.01026	0.01446	0.01126	0.00847	0.22443	0.01769	0.45946	0.01739	0.01585	0.01138	0.00654	0.00524	0.00170	0.00503	0.00502	0.00598	0.00891
140	0.00805	0.00537	0.00604	0.00604	0.00604	0.00537	0.00336	0.00805	0.00805	0.01074	0.01745	0.03624	0.02013	0.80536	0.02819	0.00537	0.00537	0.00805	0.00336	0.00336
141	0.00683	0.00496	0.00648	0.00765	0.00815	0.00460	0.00524	0.00791	0.01088	0.01433	0.03268	0.70151	0.09977	0.01696	0.00705	0.00223	0.00327	0.04980	0.00514	0.00454
142	0.02105	0.01551	0.01662	0.01274	0.01717	0.01717	0.01053	0.75235	0.02604	0.03490	0.01330	0.01330	0.00942	0.00665	0.00554	0.00166	0.00609	0.00499	0.00554	0.00942
143	0.00679	0.00485	0.00647	0.00768	0.00804	0.00453	0.00514	0.00782	0.01081	0.01446	0.06036	0.77099	0.03726	0.01711	0.00705	0.00223	0.00319	0.01551	0.00518	0.00453
144	0.02069	0.02640	0.01569	0.01427	0.01712	0.78313	0.01070	0.02212	0.01569	0.01355	0.00856	0.00999	0.00713	0.00571	0.00499	0.00143	0.00999	0.00357	0.00285	0.00642
145	0.05141	0.01088	0.01797	0.52648	0.25715	0.01257	0.01542	0.01511	0.01146	0.01585	0.00991	0.01417	0.00773	0.00534	0.00542	0.00178	0.00699	0.00483	0.00259	0.00693
146	0.01320	0.27985	0.45762	0.01370	0.02032	0.05797	0.03318	0.01771	0.01190	0.03395	0.00945	0.01094	0.00724	0.00514	0.00473	0.00155	0.00750	0.00379	0.00250	0.00775
147	0.00673	0.00491	0.00634	0.00748	0.00797	0.00452	0.00504	0.00774	0.01082	0.01423	0.03328	0.72102	0.11557	0.01699	0.00701	0.00221	0.00317	0.01531	0.00514	0.00452
148	0.00675	0.00482	0.00643	0.00771	0.00803	0.00450	0.00514	0.00771	0.01060	0.01414	0.03053	0.80175	0.03663	0.01735	0.00707	0.00225	0.00321	0.01574	0.00514	0.00450
149	0.01344	0.09415	0.08791	0.06575	0.57703	0.01399	0.01627	0.01716	0.03020	0.01747	0.01037	0.01327	0.00858	0.00503	0.00528	0.00162	0.00664	0.00469	0.00272	0.00843
150	0.02208	0.01182	0.07903	0.01088	0.01542	0.00971	0.02636	0.11985	0.01668	0.56033	0.03677	0.01877	0.03201	0.00692	0.00561	0.00172	0.00520	0.00564	0.00614	0.00906
151	0.00791	0.00593	0.00890	0.00890	0.00989	0.00692	0.00692	0.00989	0.00890	0.01286	0.01483	0.02176	0.01385	0.04154	0.78341	0.00890	0.01483	0.00593	0.00297	0.00494
152	0.02056	0.01383	0.01540	0.01210	0.01624	0.01491	0.01004	0.58159	0.02339	0.14205	0.01594	0.01837	0.01199	0.00743	0.00573	0.00175	0.00581	0.06815	0.00570	0.00905
153	0.01442	0.02985	0.18428	0.02312	0.30501	0.03310	0.16373	0.01836	0.01284	0.11078	0.01215	0.03037	0.00941	0.00556	0.00589	0.00174	0.02264	0.00531	0.00321	0.00823
154	0.01032	0.00516	0.00516	0.00516	0.00645	0.00516	0.00387	0.01290	0.01161	0.02065	0.01807	0.02065	0.01420	0.00645	0.00387	0.00129	0.00258	0.00516	0.83611	0.00516
155	0.01222	0.02044	0.37100	0.04676	0.20812	0.01304	0.17220	0.01756	0.03189	0.01777	0.01065	0.01320	0.00804	0.00510	0.00557	0.00173	0.00780	0.00488	0.00265	0.02939
156	0.01813	0.08122	0.01581	0.01285	0.01606	0.42487	0.00999	0.08278	0.24668	0.01821	0.01320	0.01347	0.01034	0.00627	0.00513	0.00157	0.00763	0.00447	0.00389	0.00744
157	0.31682	0.01351	0.01341	0.01065	0.01472	0.01506	0.00879	0.45512	0.01961	0.06494	0.01168	0.01201	0.00839	0.00612	0.00478	0.00168	0.00538	0.00430	0.00484	0.00819
158	0.02136	0.04858	0.08020	0.01092	0.01545	0.01110	0.00968	0.12735	0.10475	0.48228	0.01906	0.01722	0.01261	0.00667	0.00545	0.00171	0.00522	0.00532	0.00593	0.00913
159	0.01234	0.23044	0.56752	0.01403	0.02124	0.01511	0.01737	0.01748	0.01166	0.03161	0.00960	0.01111	0.00717	0.00516	0.00483	0.00161	0.00753	0.00383	0.00244	0.00793
160	0.00691	0.00563	0.00614	0.00616	0.00784	0.00486	0.00466	0.00858	0.01313	0.01637	0.18701	0.07586	0.57442	0.01369	0.00661	0.00189	0.00290	0.04722	0.00532	0.00479
161	0.00669	0.00562	0.00582	0.00577	0.00757	0.00474	0.00432	0.00823	0.01297	0.01579	0.13753	0.05193	0.68662	0.01372	0.00654	0.00186	0.00278	0.01150	0.00525	0.00474
162	0.01939	0.01744	0.11578	0.01264	0.01714	0.12285	0.01123	0.40776	0.03962	0.12044	0.03162	0.01435	0.01064	0.00649	0.00541	0.00165	0.00653	0.00490	0.02550	0.00861
163	0.01047	0.00712	0.00878	0.00798	0.00984	0.00704	0.00607	0.01531	0.14957	0.09104	0.54089	0.03541	0.04131	0.03604	0.00699	0.00188	0.00321	0.00887	0.00599	0.00619
164	0.01307	0.01494	0.03268	0.02334	0.02894	0.01401	0.75070	0.01774	0.01307	0.01774	0.01120	0.01494	0.00840	0.00467	0.00654	0.00187	0.00934	0.00654	0.00280	0.00747
165	0.02042	0.06198	0.01630	0.01405	0.01699	0.74851	0.01065	0.02186	0.01549	0.01353	0.00852	0.00994	0.00713	0.00566	0.00493	0.00142	0.00980	0.00354	0.00283	0.00645
166	0.03621	0.14172	0.14382	0.01189	0.01689	0.01486	0.01130	0.30269	0.04262	0.20319	0.01406	0.01380	0.00984	0.00616	0.00515	0.00162	0.00599	0.00466	0.00478	0.00876
167	0.00946	0.00487	0.00710	0.00710	0.00710	0.00487	0.00466	0.00730	0.00730	0.00973	0.01041	0.01878	0.01068	0.09814	0.02230	0.75522	0.00487	0.00514	0.00250	0.00250
168	0.00675	0.00482	0.00643	0.00771	0.00803	0.00450	0.00514	0.00771	0.01060	0.01414	0.03053	0.80175	0.03663	0.01735	0.00707	0.00225	0.00321	0.01574	0.00514	0.00450
169	0.01960	0.01390	0.01528	0.01211	0.01607	0.01532	0.00988	0.52301	0.13861	0.10607	0.01600	0.04080	0.01185	0.00723	0.00594	0.00174	0.02635	0.00559	0.00559	0.00907
170	0.01646	0.01555	0.03952	0.01799	0.03892	0.07430	0.35635	0.22302	0.05799	0.06708	0.01317	0.03038	0.00991	0.00586	0.00599	0.00177	0.00773	0.00590	0.00400	0.00810
171	0.08916	0.01758	0.03948	0.01688	0.02131	0.24523	0.32370	0.03743	0.01421	0.12446	0.01163	0.01337	0.00855	0.00539	0.00561	0.00169	0.00834	0.00510	0.00350	0.00736
172	0.13381	0.01330	0.01496	0.12840	0.08887	0.04543	0.01078	0.26977	0.17651	0.04317	0.01372	0.01452	0.01018	0.00626	0.00523	0.00173	0.00583	0.00492	0.00447	0.00813

[dist]
# distance from previous block
# <min> <max>
8	22

[block]
# block no. 2 follows, 43 sequences, length 31
# corresponding to MSA columns:
# 348-378
name=unknown_C
#
# <colnr> <probs for GDERKNQSTAVLIFYWHMCP>
#	G	D	E	R	K	N	Q	S	T	A	V	L	I	F	Y	W	H	M	C	P
0	0.13368	0.24506	0.20341	0.01299	0.05996	0.10767	0.01221	0.03550	0.01213	0.01725	0.04962	0.01209	0.00953	0.00580	0.00547	0.00158	0.06206	0.00399	0.00288	0.00711
1	0.03491	0.19406	0.33955	0.04612	0.03364	0.03087	0.01452	0.12108	0.03412	0.03464	0.03115	0.01259	0.00906	0.00578	0.00541	0.00164	0.03562	0.00426	0.00314	0.00784
2	0.25593	0.09354	0.15074	0.01185	0.03135	0.08464	0.06074	0.05888	0.01238	0.06416	0.01086	0.03354	0.00870	0.00717	0.03730	0.00192	0.00656	0.00432	0.02045	0.04496
3	0.04740	0.06633	0.11307	0.01232	0.01680	0.06649	0.01110	0.43357	0.02001	0.07001	0.01294	0.02928	0.00978	0.00870	0.05522	0.00211	0.00697	0.00489	0.00458	0.00841
4	0.06527	0.22499	0.13916	0.01146	0.01627	0.01653	0.01105	0.34188	0.01778	0.02470	0.01133	0.01220	0.00860	0.00582	0.00472	0.00153	0.00600	0.00421	0.06841	0.00809
5	0.07413	0.21206	0.09427	0.01138	0.01570	0.09753	0.01039	0.25494	0.03046	0.05777	0.01153	0.01251	0.00888	0.00764	0.04465	0.00190	0.00677	0.00422	0.03552	0.00777
6	0.15111	0.54814	0.07472	0.01022	0.01497	0.01926	0.00994	0.05106	0.01233	0.04844	0.00949	0.01081	0.00805	0.00554	0.00417	0.00150	0.00601	0.00351	0.00314	0.00759
7	0.02001	0.06592	0.13322	0.01334	0.01837	0.01668	0.01214	0.55040	0.02274	0.06907	0.01361	0.01412	0.00985	0.00683	0.00571	0.00179	0.00658	0.00500	0.00516	0.00945
8	0.01434	0.56535	0.23257	0.01170	0.01730	0.01932	0.01270	0.01717	0.01180	0.01501	0.00930	0.01110	0.00801	0.00639	0.02522	0.00169	0.00703	0.00362	0.00265	0.00773
9	0.01554	0.79943	0.02933	0.00999	0.01475	0.02219	0.00978	0.01708	0.01174	0.01378	0.00850	0.00999	0.00785	0.00526	0.00390	0.00133	0.00617	0.00323	0.00264	0.00750
10	0.65529	0.15069	0.01233	0.00820	0.01180	0.01418	0.00692	0.01660	0.01051	0.02328	0.03989	0.01142	0.00886	0.00584	0.00393	0.00176	0.00477	0.00355	0.00361	0.00656
11	0.00772	0.00552	0.00717	0.00841	0.00887	0.00511	0.00574	0.00856	0.01123	0.01503	0.03097	0.74568	0.03671	0.01759	0.00741	0.00240	0.00362	0.06192	0.00538	0.00496
12	0.01225	0.01038	0.01201	0.00874	0.01368	0.00784	0.00690	0.01448	0.01197	0.01874	0.01062	0.01256	0.00894	0.00463	0.00445	0.00097	0.00437	0.00355	0.00354	0.82940
13	0.01225	0.01038	0.01201	0.00874	0.01368	0.00784	0.00690	0.01448	0.01197	0.01874	0.01062	0.01256	0.00894	0.00463	0.00445	0.00097	0.00437	0.00355	0.00354	0.82940
14	0.00675	0.00482	0.00643	0.00771	0.00803	0.00450	0.00514	0.00771	0.01060	0.01414	0.03053	0.80175	0.03663	0.01735	0.00707	0.00225	0.00321	0.01574	0.00514	0.00450
15	0.01102	0.02614	0.67288	0.01571	0.02325	0.01242	0.07003	0.01707	0.01206	0.01787	0.06150	0.01393	0.01018	0.00563	0.00544	0.00176	0.00789	0.00466	0.00263	0.00793
16	0.01187	0.01513	0.17372	0.32530	0.28225	0.01282	0.06791	0.01605	0.01186	0.01642	0.01015	0.01380	0.00785	0.00522	0.00553	0.00176	0.00741	0.00487	0.00255	0.00754
17	0.02069	0.02640	0.01569	0.01427	0.01712	0.78313	0.01070	0.02212	0.01569	0.01355	0.00856	0.00999	0.00713	0.00571	0.00499	0.00143	0.00999	0.00357	0.00285	0.00642
18	0.00873	0.00702	0.00823	0.00922	0.01027	0.05541	0.00729	0.01056	0.01224	0.01561	0.05648	0.33452	0.06374	0.01525	0.00717	0.00231	0.00452	0.36149	0.00501	0.00495
19	0.02069	0.02640	0.01569	0.01427	0.01712	0.78313	0.01070	0.02212	0.01569	0.01355	0.00856	0.00999	0.00713	0.00571	0.00499	0.00143	0.00999	0.00357	0.00285	0.00642
20	0.01190	0.01182	0.01692	0.11534	0.01760	0.01636	0.01254	0.01344	0.00882	0.01344	0.00760	0.01246	0.00728	0.00915	0.01654	0.00235	0.69308	0.00486	0.00243	0.00607
21	0.00825	0.00586	0.00730	0.00784	0.00882	0.00566	0.00566	0.06027	0.01265	0.01718	0.11566	0.49344	0.09166	0.01480	0.00670	0.00208	0.00342	0.06913	0.05860	0.00503
22	0.01633	0.13199	0.01800	0.08442	0.08809	0.24266	0.02599	0.14068	0.07351	0.01857	0.02844	0.01488	0.04558	0.00644	0.00573	0.00160	0.04144	0.00481	0.00356	0.00729
23	0.00797	0.00717	0.05646	0.00817	0.00931	0.00606	0.00624	0.03761	0.01122	0.01495	0.04345	0.47203	0.11130	0.13165	0.01024	0.00261	0.02448	0.02958	0.00466	0.00485
24	0.07112	0.14978	0.29984	0.03827	0.01997	0.09214	0.10000	0.04462	0.01278	0.04011	0.04029	0.04539	0.01042	0.00599	0.00513	0.00166	0.00723	0.00488	0.00305	0.00735
25	0.04843	0.26202	0.26768	0.01345	0.01906	0.04584	0.10913	0.08221	0.01314	0.01770	0.01277	0.01410	0.06017	0.00577	0.00493	0.00158	0.00699	0.00460	0.00295	0.00747
26	0.03653	0.21569	0.09101	0.01217	0.01681	0.01784	0.01117	0.44837	0.01981	0.02657	0.01118	0.01189	0.00844	0.00614	0.00554	0.00159	0.04217	0.00434	0.00425	0.00849
27	0.06605	0.28177	0.35302	0.06626	0.01965	0.01556	0.01423	0.03518	0.03228	0.01701	0.00985	0.01150	0.00766	0.00525	0.00455	0.00155	0.00672	0.00384	0.04059	0.00746
28	0.04787	0.26616	0.40075	0.01298	0.01930	0.01615	0.01493	0.10076	0.04038	0.01862	0.01000	0.01122	0.00763	0.00533	0.00470	0.00157	0.00695	0.00388	0.00288	0.00792
29	0.07190	0.08591	0.43033	0.01355	0.01989	0.01455	0.01535	0.22208	0.01550	0.02261	0.01076	0.01197	0.00782	0.00563	0.00504	0.00167	0.00700	0.00420	0.02602	0.00821
30	0.01540	0.17653	0.35633	0.01356	0.01961	0.06926	0.01474	0.23234	0.01608	0.02146	0.01039	0.01150	0.00774	0.00560	0.00499	0.00159	0.00726	0.00410	0.00332	0.00821

[dist]
# distance from previous block
# <min> <max>
0	99

# created by:
# /st0/software/busco_prod/Augustus/scripts/msa2prfl.pl ./align_prep/158492.fa
