[name]
unknown

[dist]
# distance from previous block
# <min> <max>
5	178

[block]
# block no. 0 follows, 45 sequences, length 33
# corresponding to MSA columns:
# 215-247
name=unknown_A
#
# <colnr> <probs for GDERKNQSTAVLIFYWHMCP>
#	G	D	E	R	K	N	Q	S	T	A	V	L	I	F	Y	W	H	M	C	P
0	0.04134	0.03214	0.03582	0.05160	0.06489	0.07749	0.00913	0.14362	0.11998	0.15365	0.03146	0.07750	0.03986	0.04025	0.00620	0.00178	0.00533	0.00598	0.00457	0.05741
1	0.05308	0.03756	0.08065	0.01257	0.03084	0.04044	0.08730	0.19183	0.08853	0.11687	0.01657	0.06642	0.02670	0.00756	0.00585	0.00176	0.02621	0.07262	0.00445	0.03216
2	0.04834	0.07539	0.06225	0.03237	0.04420	0.06651	0.05382	0.12079	0.06931	0.19358	0.02854	0.01580	0.01123	0.02021	0.02020	0.00173	0.00586	0.01996	0.00430	0.10560
3	0.13942	0.04419	0.07255	0.02594	0.05918	0.07027	0.02664	0.12056	0.08427	0.11476	0.05324	0.06865	0.04870	0.00751	0.00524	0.00171	0.00536	0.04029	0.00436	0.00714
4	0.03306	0.02728	0.01392	0.06028	0.04283	0.07774	0.04327	0.21240	0.11187	0.08504	0.13545	0.02256	0.03129	0.02127	0.00598	0.00177	0.00544	0.05649	0.00477	0.00728
5	0.07951	0.01277	0.08068	0.12938	0.04675	0.06340	0.01014	0.13174	0.12405	0.05622	0.08072	0.05384	0.05175	0.00714	0.00529	0.00167	0.00543	0.00583	0.00418	0.04955
6	0.03196	0.06798	0.04615	0.01903	0.23046	0.08590	0.14463	0.07681	0.05849	0.01847	0.03047	0.01342	0.00958	0.00522	0.00535	0.00151	0.02075	0.00472	0.00319	0.12592
7	0.01019	0.00959	0.01581	0.60654	0.09501	0.01116	0.03278	0.01351	0.01106	0.01438	0.01345	0.01726	0.07303	0.00593	0.00540	0.00172	0.00660	0.00529	0.00268	0.04859
8	0.01273	0.01219	0.02079	0.16703	0.64809	0.01261	0.01620	0.01599	0.01196	0.01687	0.01000	0.01347	0.00827	0.00489	0.00532	0.00163	0.00651	0.00478	0.00261	0.00806
9	0.00759	0.00564	0.00764	0.07534	0.01079	0.00565	0.00618	0.04230	0.01130	0.01508	0.06488	0.64314	0.03252	0.01501	0.00665	0.00210	0.00361	0.03497	0.00482	0.00477
10	0.01113	0.00954	0.01113	0.00795	0.01272	0.00716	0.00636	0.01352	0.01113	0.01749	0.00954	0.01113	0.00795	0.00398	0.00398	0.00080	0.00398	0.00318	0.00318	0.84417
11	0.00704	0.00547	0.00640	0.00617	0.00768	0.00483	0.00462	0.00905	0.01387	0.01839	0.45323	0.04526	0.37441	0.01214	0.00634	0.00174	0.00262	0.01043	0.00550	0.00483
12	0.00652	0.00474	0.00616	0.00730	0.00774	0.00437	0.00491	0.00749	0.01044	0.01377	0.03171	0.74321	0.09877	0.01654	0.00681	0.00215	0.00308	0.01492	0.00498	0.00437
13	0.00654	0.00467	0.00623	0.00747	0.00779	0.00436	0.00498	0.00747	0.01028	0.01370	0.02959	0.80785	0.03550	0.01682	0.00685	0.00218	0.00311	0.01526	0.00498	0.00436
14	0.00774	0.00518	0.00587	0.00594	0.00595	0.00516	0.00334	0.00779	0.00793	0.01058	0.01756	0.07431	0.02033	0.77106	0.02628	0.00505	0.00510	0.00818	0.00334	0.00331
15	0.01435	0.81458	0.02813	0.00918	0.01378	0.02124	0.00918	0.01607	0.01091	0.01263	0.00746	0.00861	0.00689	0.00459	0.00344	0.00115	0.00574	0.00287	0.00230	0.00689
16	0.00719	0.00547	0.00661	0.00632	0.00777	0.00489	0.00474	0.00933	0.01422	0.01922	0.53889	0.04389	0.28823	0.01183	0.00634	0.00173	0.00259	0.01024	0.00561	0.00489
17	0.00865	0.00618	0.00865	0.00989	0.01112	0.00618	0.00865	0.01112	0.01236	0.01606	0.02842	0.06055	0.03089	0.01483	0.00741	0.00247	0.00494	0.74174	0.00494	0.00494
18	0.14973	0.68418	0.02485	0.00884	0.01323	0.01975	0.00864	0.01603	0.01062	0.01449	0.00746	0.00863	0.00671	0.00466	0.00342	0.00123	0.00548	0.00288	0.00246	0.00671
19	0.01335	0.01153	0.01214	0.01092	0.01396	0.01335	0.00850	0.02852	0.76817	0.02245	0.02185	0.02003	0.01639	0.00728	0.00546	0.00182	0.00425	0.00607	0.00546	0.00850
20	0.00651	0.00526	0.00579	0.00605	0.00745	0.00454	0.00439	0.00787	0.01204	0.01496	0.11540	0.23277	0.52996	0.01413	0.00647	0.00189	0.00280	0.01213	0.00507	0.00454
21	0.00755	0.00548	0.00710	0.00670	0.00799	0.00504	0.00502	0.01003	0.01507	0.02124	0.74536	0.04057	0.08050	0.01108	0.00633	0.00169	0.00254	0.00977	0.00587	0.00504
22	0.01014	0.00954	0.01610	0.79845	0.03697	0.01193	0.01491	0.01371	0.01073	0.01371	0.00954	0.01431	0.00716	0.00537	0.00537	0.00179	0.00716	0.00477	0.00239	0.00596
23	0.01435	0.81458	0.02813	0.00918	0.01378	0.02124	0.00918	0.01607	0.01091	0.01263	0.00746	0.00861	0.00689	0.00459	0.00344	0.00115	0.00574	0.00287	0.00230	0.00689
24	0.01113	0.00954	0.01113	0.00795	0.01272	0.00716	0.00636	0.01352	0.01113	0.01749	0.00954	0.01113	0.00795	0.00398	0.00398	0.00080	0.00398	0.00318	0.00318	0.84417
25	0.00780	0.00523	0.00601	0.00601	0.00606	0.00529	0.00344	0.00790	0.00785	0.01052	0.01678	0.03436	0.01918	0.76936	0.06886	0.00539	0.00570	0.00769	0.00323	0.00334
26	0.00812	0.00642	0.00950	0.00924	0.01009	0.00780	0.00727	0.00996	0.00858	0.01251	0.01356	0.02004	0.01271	0.03681	0.70367	0.00792	0.10243	0.00563	0.00282	0.00491
27	0.01263	0.10669	0.09042	0.01559	0.05257	0.06903	0.11922	0.01494	0.01013	0.01409	0.00829	0.01190	0.00738	0.00804	0.03104	0.00213	0.41236	0.00460	0.00244	0.00649
28	0.01335	0.56460	0.05994	0.09335	0.01709	0.01901	0.03158	0.01548	0.01060	0.01311	0.00782	0.00992	0.00697	0.00534	0.00569	0.00142	0.11226	0.00346	0.00232	0.00671
29	0.00716	0.00555	0.00658	0.00656	0.00807	0.00497	0.00507	0.00916	0.01350	0.01766	0.35511	0.04791	0.37549	0.01265	0.00647	0.00184	0.00292	0.10316	0.00537	0.00481
30	0.01123	0.00963	0.01118	0.00809	0.01278	0.00744	0.00646	0.01420	0.04539	0.01772	0.01010	0.01153	0.00833	0.00413	0.00404	0.00084	0.00399	0.00331	0.00328	0.80635
31	0.02217	0.01058	0.01321	0.01093	0.04547	0.03975	0.00852	0.10628	0.03501	0.58514	0.03439	0.01746	0.01310	0.00654	0.00536	0.00163	0.00493	0.00529	0.00606	0.02820
32	0.00779	0.00525	0.00609	0.00609	0.00617	0.00533	0.00355	0.00796	0.00788	0.01058	0.01670	0.03393	0.01899	0.74544	0.09252	0.00550	0.00599	0.00763	0.00322	0.00338

[dist]
# distance from previous block
# <min> <max>
0	39

[block]
# block no. 1 follows, 45 sequences, length 45
# corresponding to MSA columns:
# 287-320,336-338,342-345,369-372
name=unknown_B
#
# <colnr> <probs for GDERKNQSTAVLIFYWHMCP>
#	G	D	E	R	K	N	Q	S	T	A	V	L	I	F	Y	W	H	M	C	P
0	0.00777	0.00521	0.00584	0.00584	0.00589	0.00519	0.00327	0.00780	0.00792	0.01051	0.01784	0.03554	0.03828	0.79156	0.02680	0.00512	0.00514	0.00789	0.00330	0.00328
1	0.41510	0.01081	0.01433	0.25039	0.11230	0.01224	0.08235	0.01538	0.01033	0.01951	0.00874	0.01151	0.00677	0.00503	0.00447	0.00171	0.00580	0.00402	0.00290	0.00632
2	0.00847	0.00603	0.00835	0.00952	0.01064	0.00601	0.00814	0.01071	0.01199	0.01563	0.02793	0.10945	0.03064	0.05438	0.00836	0.00259	0.00483	0.65665	0.00486	0.00482
3	0.01671	0.01381	0.05070	0.01121	0.01563	0.01366	0.00948	0.44261	0.11958	0.02747	0.01309	0.01332	0.00969	0.00588	0.00502	0.00144	0.00530	0.00455	0.00469	0.21615
4	0.00816	0.00574	0.00764	0.00858	0.00939	0.00570	0.00684	0.00983	0.01097	0.01437	0.02576	0.15367	0.02872	0.20986	0.01221	0.00310	0.00476	0.46571	0.00453	0.00445
5	0.01298	0.01541	0.13869	0.04702	0.58904	0.03359	0.05193	0.01666	0.01215	0.01723	0.01000	0.01297	0.00815	0.00485	0.00532	0.00162	0.00685	0.00470	0.00260	0.00824
6	0.01104	0.04917	0.69550	0.01577	0.02339	0.01282	0.08472	0.01699	0.01144	0.01689	0.00968	0.01153	0.00692	0.00503	0.00516	0.00169	0.00797	0.00414	0.00231	0.00784
7	0.00654	0.00467	0.00623	0.00747	0.00779	0.00436	0.00498	0.00747	0.01028	0.01370	0.02959	0.80785	0.03550	0.01682	0.00685	0.00218	0.00311	0.01526	0.00498	0.00436
8	0.00658	0.00501	0.00599	0.00673	0.00760	0.00451	0.00468	0.00767	0.01095	0.01392	0.03806	0.48141	0.30410	0.04778	0.00751	0.00218	0.00310	0.03291	0.00491	0.00439
9	0.01386	0.09723	0.53692	0.01367	0.02039	0.03517	0.01629	0.05364	0.01268	0.13435	0.01131	0.01217	0.00792	0.00537	0.00500	0.00163	0.00717	0.00411	0.00310	0.00803
10	0.01284	0.01037	0.09620	0.00828	0.01115	0.02144	0.00739	0.16409	0.03636	0.05985	0.04860	0.01993	0.05624	0.00680	0.00463	0.00146	0.00408	0.00542	0.41839	0.00646
11	0.01329	0.01275	0.02179	0.03295	0.77787	0.01275	0.01647	0.01647	0.01222	0.01754	0.01010	0.01329	0.00850	0.00478	0.00531	0.00159	0.00638	0.00478	0.00266	0.00850
12	0.01203	0.03206	0.01670	0.01396	0.01415	0.03732	0.01164	0.01323	0.00848	0.01292	0.00709	0.01161	0.00704	0.00917	0.01692	0.00229	0.76050	0.00462	0.00236	0.00591
13	0.01113	0.00954	0.01113	0.00795	0.01272	0.00716	0.00636	0.01352	0.01113	0.01749	0.00954	0.01113	0.00795	0.00398	0.00398	0.00080	0.00398	0.00318	0.00318	0.84417
14	0.01337	0.01137	0.01196	0.01088	0.01380	0.02799	0.00853	0.02709	0.68382	0.03740	0.02204	0.02269	0.01717	0.00778	0.00559	0.00186	0.00441	0.05866	0.00540	0.00821
15	0.02224	0.00972	0.01247	0.00970	0.01364	0.00903	0.00797	0.11795	0.04619	0.60825	0.03637	0.01821	0.01372	0.00672	0.00535	0.00164	0.00459	0.00543	0.04196	0.00884
16	0.00932	0.00466	0.00699	0.00699	0.00699	0.00466	0.00466	0.00699	0.00699	0.00932	0.00932	0.01632	0.00932	0.01865	0.02098	0.84382	0.00466	0.00466	0.00233	0.00233
17	0.00854	0.00681	0.00722	0.00672	0.00874	0.00636	0.00513	0.11920	0.01426	0.01789	0.10650	0.10060	0.54734	0.01256	0.00624	0.00180	0.00320	0.01052	0.00512	0.00524
18	0.01100	0.05325	0.71488	0.01552	0.02320	0.01282	0.06217	0.01698	0.01140	0.01687	0.00963	0.01142	0.00688	0.00505	0.00512	0.00169	0.00792	0.00407	0.00229	0.00786
19	0.00781	0.00520	0.00585	0.00585	0.00585	0.00520	0.00325	0.00781	0.00781	0.01041	0.01691	0.03513	0.01952	0.81135	0.02732	0.00520	0.00520	0.00781	0.00325	0.00325
20	0.01077	0.02777	0.78354	0.01530	0.02323	0.01247	0.01983	0.01700	0.01133	0.01700	0.00963	0.01133	0.00680	0.00510	0.00510	0.00170	0.00793	0.00397	0.00227	0.00793
21	0.01314	0.01325	0.03167	0.02525	0.49689	0.09605	0.03126	0.01671	0.05442	0.01699	0.01360	0.04592	0.01255	0.00671	0.00562	0.00172	0.00641	0.10102	0.00319	0.00761
22	0.84927	0.01038	0.00789	0.00706	0.01038	0.01204	0.00581	0.01578	0.00914	0.02408	0.00747	0.00872	0.00581	0.00498	0.00332	0.00166	0.00415	0.00291	0.00332	0.00581
23	0.00701	0.00525	0.00748	0.00812	0.00878	0.00492	0.03721	0.00826	0.01077	0.01440	0.07552	0.65276	0.04864	0.03549	0.00733	0.00222	0.00347	0.05294	0.00490	0.00453
24	0.00639	0.00537	0.00555	0.00566	0.00732	0.00453	0.00418	0.00774	0.01212	0.01459	0.06886	0.12102	0.69067	0.01383	0.00639	0.00184	0.00275	0.01165	0.00501	0.00453
25	0.01620	0.44545	0.02188	0.01076	0.01476	0.16996	0.00947	0.12418	0.10939	0.01698	0.01021	0.01087	0.00841	0.00538	0.00425	0.00134	0.00635	0.00367	0.00322	0.00728
26	0.01077	0.02777	0.78354	0.01530	0.02323	0.01247	0.01983	0.01700	0.01133	0.01700	0.00963	0.01133	0.00680	0.00510	0.00510	0.00170	0.00793	0.00397	0.00227	0.00793
27	0.07869	0.11837	0.17741	0.01135	0.03655	0.10099	0.01067	0.02847	0.05649	0.01730	0.09406	0.02613	0.06508	0.00823	0.00540	0.00175	0.00580	0.14714	0.00372	0.00642
28	0.01101	0.05316	0.71004	0.01557	0.02323	0.01283	0.06692	0.01698	0.01140	0.01687	0.00964	0.01144	0.00689	0.00505	0.00512	0.00169	0.00793	0.00408	0.00230	0.00785
29	0.00684	0.00477	0.00618	0.00719	0.00755	0.00450	0.00477	0.00782	0.01029	0.01397	0.05963	0.66916	0.03374	0.09311	0.00869	0.00242	0.00327	0.01390	0.03791	0.00431
30	0.10279	0.01039	0.04537	0.01016	0.03373	0.00933	0.00830	0.08627	0.05226	0.47268	0.02001	0.05021	0.04540	0.02137	0.00567	0.00175	0.00469	0.00575	0.00565	0.00821
31	0.04752	0.01167	0.05361	0.37517	0.19655	0.01226	0.05021	0.04618	0.04671	0.05469	0.02607	0.01456	0.00910	0.00558	0.00565	0.00174	0.02772	0.00492	0.00304	0.00706
32	0.01386	0.01330	0.01933	0.07839	0.54818	0.07268	0.01452	0.08814	0.01362	0.01833	0.01295	0.01543	0.05619	0.00559	0.00535	0.00161	0.00641	0.00509	0.00306	0.00797
33	0.00781	0.00520	0.00585	0.00585	0.00585	0.00520	0.00325	0.00781	0.00781	0.01041	0.01691	0.03513	0.01952	0.81135	0.02732	0.00520	0.00520	0.00781	0.00325	0.00325
34	0.00781	0.00520	0.00585	0.00585	0.00585	0.00520	0.00325	0.00781	0.00781	0.01041	0.01691	0.03513	0.01952	0.81135	0.02732	0.00520	0.00520	0.00781	0.00325	0.00325
35	0.01418	0.01371	0.01932	0.04797	0.49422	0.10898	0.05075	0.03464	0.04182	0.04976	0.01381	0.01592	0.05949	0.00568	0.00539	0.00161	0.00653	0.00520	0.00316	0.00786
36	0.01435	0.81458	0.02813	0.00918	0.01378	0.02124	0.00918	0.01607	0.01091	0.01263	0.00746	0.00861	0.00689	0.00459	0.00344	0.00115	0.00574	0.00287	0.00230	0.00689
37	0.76497	0.01159	0.04393	0.02838	0.01185	0.03437	0.00683	0.01594	0.00945	0.02317	0.00765	0.00901	0.00593	0.00501	0.00350	0.00166	0.00456	0.00302	0.00323	0.00593
38	0.01021	0.00962	0.01623	0.78049	0.05435	0.01195	0.01494	0.01378	0.01077	0.01380	0.00955	0.01429	0.00719	0.00535	0.00537	0.00178	0.00714	0.00477	0.00239	0.00602
39	0.01369	0.22314	0.06589	0.01026	0.01455	0.01387	0.02198	0.15542	0.03884	0.01904	0.01131	0.01253	0.03039	0.00551	0.00534	0.00130	0.06415	0.00399	0.01668	0.27214
40	0.00763	0.00521	0.00610	0.00618	0.00639	0.00517	0.00372	0.00801	0.00867	0.01164	0.06820	0.10397	0.04458	0.62744	0.06128	0.00478	0.00523	0.00859	0.00361	0.00358
41	0.01435	0.81458	0.02813	0.00918	0.01378	0.02124	0.00918	0.01607	0.01091	0.01263	0.00746	0.00861	0.00689	0.00459	0.00344	0.00115	0.00574	0.00287	0.00230	0.00689
42	0.00668	0.00487	0.00640	0.00747	0.00799	0.00458	0.00517	0.00778	0.01047	0.01383	0.03101	0.66377	0.10076	0.01759	0.04560	0.00248	0.00373	0.05052	0.00488	0.00443
43	0.03348	0.02499	0.63820	0.01581	0.02311	0.01263	0.11074	0.01746	0.04210	0.01743	0.01022	0.01201	0.00733	0.00511	0.00522	0.00172	0.00782	0.00432	0.00248	0.00781
44	0.84927	0.01038	0.00789	0.00706	0.01038	0.01204	0.00581	0.01578	0.00914	0.02408	0.00747	0.00872	0.00581	0.00498	0.00332	0.00166	0.00415	0.00291	0.00332	0.00581

[dist]
# distance from previous block
# <min> <max>
0	6

[block]
# block no. 2 follows, 45 sequences, length 39
# corresponding to MSA columns:
# 379-393,395-418
name=unknown_C
#
# <colnr> <probs for GDERKNQSTAVLIFYWHMCP>
#	G	D	E	R	K	N	Q	S	T	A	V	L	I	F	Y	W	H	M	C	P
0	0.00654	0.00467	0.00623	0.00747	0.00779	0.00436	0.00498	0.00747	0.01028	0.01370	0.02959	0.80785	0.03550	0.01682	0.00685	0.00218	0.00311	0.01526	0.00498	0.00436
1	0.01329	0.01275	0.02179	0.03295	0.77787	0.01275	0.01647	0.01647	0.01222	0.01754	0.01010	0.01329	0.00850	0.00478	0.00531	0.00159	0.00638	0.00478	0.00266	0.00850
2	0.04679	0.15682	0.19749	0.01287	0.01755	0.22047	0.05154	0.09288	0.06589	0.05864	0.01144	0.01232	0.02133	0.00561	0.00484	0.00152	0.00722	0.00416	0.00328	0.00735
3	0.01001	0.00500	0.00500	0.00500	0.00625	0.00500	0.00375	0.01251	0.01126	0.02001	0.01751	0.02001	0.01376	0.00625	0.00375	0.00125	0.00250	0.00500	0.84115	0.00500
4	0.00960	0.00633	0.00876	0.00961	0.01106	0.00620	0.00832	0.01202	0.01268	0.06866	0.06140	0.05653	0.04962	0.01407	0.00720	0.00236	0.00475	0.64047	0.00510	0.00522
5	0.01064	0.00947	0.01508	0.39948	0.06895	0.01075	0.06569	0.06263	0.04905	0.01723	0.14756	0.03385	0.01657	0.00903	0.05935	0.00223	0.00662	0.00609	0.00348	0.00626
6	0.01384	0.04317	0.08265	0.34722	0.11901	0.04574	0.02970	0.17724	0.01450	0.04167	0.01076	0.01346	0.00805	0.00552	0.00523	0.00166	0.00677	0.00465	0.02186	0.00728
7	0.70068	0.01017	0.00881	0.02942	0.01162	0.01141	0.00638	0.01730	0.01013	0.13880	0.00961	0.01033	0.00699	0.00525	0.00369	0.00166	0.00430	0.00334	0.00380	0.00632
8	0.00767	0.00573	0.00853	0.00853	0.00945	0.00666	0.00659	0.00952	0.00860	0.01239	0.01447	0.02159	0.01364	0.06805	0.76258	0.00850	0.01405	0.00583	0.00289	0.00474
9	0.01711	0.01678	0.16025	0.06699	0.01951	0.01519	0.03993	0.49060	0.07350	0.02788	0.01260	0.01326	0.00903	0.00611	0.00536	0.00166	0.00637	0.00481	0.00449	0.00857
10	0.00797	0.02813	0.00897	0.00845	0.00941	0.00693	0.00654	0.00954	0.00855	0.01219	0.01392	0.02083	0.01314	0.06057	0.69305	0.06548	0.01320	0.00566	0.00283	0.00464
11	0.00678	0.00529	0.00618	0.00663	0.00780	0.00476	0.00477	0.00843	0.02696	0.01524	0.12944	0.34200	0.36534	0.01444	0.00655	0.00196	0.00295	0.03477	0.00510	0.00462
12	0.01274	0.46179	0.36684	0.01193	0.01802	0.01731	0.01396	0.01649	0.01110	0.01459	0.00844	0.00983	0.00685	0.00482	0.00419	0.00140	0.00672	0.00336	0.00228	0.00736
13	0.84927	0.01038	0.00789	0.00706	0.01038	0.01204	0.00581	0.01578	0.00914	0.02408	0.00747	0.00872	0.00581	0.00498	0.00332	0.00166	0.00415	0.00291	0.00332	0.00581
14	0.00779	0.00562	0.00707	0.00718	0.00854	0.00524	0.00569	0.01009	0.01366	0.01874	0.40074	0.04603	0.17862	0.01211	0.00643	0.00188	0.00317	0.19382	0.06266	0.00493
15	0.01155	0.02466	0.62642	0.01643	0.05118	0.01233	0.10311	0.01725	0.01166	0.04382	0.01019	0.01200	0.00727	0.00505	0.00524	0.00169	0.00780	0.00430	0.00250	0.02555
16	0.11653	0.21259	0.33902	0.01241	0.01815	0.01430	0.05765	0.01804	0.06976	0.06527	0.01058	0.01164	0.00795	0.00518	0.00458	0.00156	0.00644	0.00395	0.00297	0.02142
17	0.00654	0.00479	0.00616	0.00721	0.00773	0.00440	0.00487	0.00757	0.01064	0.01400	0.05183	0.69516	0.12684	0.01627	0.00678	0.00212	0.00305	0.01463	0.00501	0.00440
18	0.00654	0.00467	0.00623	0.00747	0.00779	0.00436	0.00498	0.00747	0.01028	0.01370	0.02959	0.80785	0.03550	0.01682	0.00685	0.00218	0.00311	0.01526	0.00498	0.00436
19	0.02860	0.01109	0.01654	0.13919	0.03050	0.06579	0.17962	0.03016	0.01146	0.01615	0.03299	0.05216	0.03913	0.00840	0.03812	0.00206	0.15702	0.00590	0.12911	0.00602
20	0.03509	0.08610	0.05637	0.14620	0.01887	0.04256	0.01053	0.28197	0.09066	0.10547	0.02619	0.01452	0.01038	0.00612	0.00507	0.00161	0.00579	0.00478	0.04390	0.00781
21	0.00661	0.00473	0.00629	0.00742	0.00780	0.00441	0.00499	0.00766	0.01061	0.01424	0.08061	0.75530	0.03654	0.01642	0.00682	0.00215	0.00307	0.01488	0.00505	0.00441
22	0.01355	0.01207	0.02078	0.06507	0.60006	0.01202	0.06601	0.01666	0.01232	0.07193	0.01186	0.05206	0.01006	0.00551	0.00547	0.00165	0.00631	0.00544	0.00305	0.00814
23	0.04332	0.06589	0.14647	0.01945	0.16559	0.01329	0.25912	0.07508	0.01315	0.08574	0.01155	0.03103	0.00894	0.00545	0.00586	0.00170	0.03215	0.00527	0.00322	0.00773
24	0.01961	0.08749	0.04442	0.01276	0.01609	0.50513	0.01028	0.06869	0.01516	0.13109	0.01049	0.01123	0.00802	0.00578	0.00525	0.00146	0.03278	0.00385	0.00345	0.00696
25	0.32624	0.10415	0.01403	0.01115	0.02829	0.38642	0.00867	0.03627	0.01268	0.01771	0.00805	0.00935	0.00659	0.00524	0.00415	0.00147	0.00706	0.00325	0.00298	0.00625
26	0.00766	0.00563	0.00809	0.00813	0.00891	0.00639	0.00608	0.00923	0.00854	0.01216	0.01527	0.04776	0.01511	0.16713	0.63962	0.00786	0.01251	0.00639	0.00300	0.00452
27	0.01089	0.02698	0.74637	0.01509	0.02279	0.01251	0.01929	0.01755	0.04780	0.01726	0.01022	0.01175	0.00726	0.00521	0.00512	0.00171	0.00776	0.00407	0.00242	0.00796
28	0.00877	0.00600	0.00764	0.00810	0.00966	0.00558	0.00669	0.01075	0.01254	0.06809	0.07651	0.10426	0.27029	0.01380	0.00684	0.00214	0.00395	0.36820	0.00513	0.00506
29	0.01174	0.01174	0.01644	0.01409	0.01409	0.01644	0.01174	0.01292	0.00822	0.01292	0.00705	0.01174	0.00705	0.00940	0.01762	0.00235	0.80153	0.00470	0.00235	0.00587
30	0.02357	0.00925	0.01244	0.00962	0.01372	0.00815	0.00792	0.02627	0.05122	0.74543	0.02121	0.01835	0.01344	0.00667	0.00540	0.00167	0.00455	0.00543	0.00659	0.00910
31	0.00901	0.00574	0.00653	0.00626	0.00661	0.00574	0.00372	0.03577	0.00878	0.04685	0.01697	0.03355	0.01885	0.74519	0.02552	0.00491	0.00520	0.00759	0.00349	0.00374
32	0.01394	0.01182	0.01247	0.01104	0.01418	0.01363	0.00864	0.08938	0.70636	0.02340	0.02110	0.01943	0.01578	0.00721	0.00545	0.00180	0.00439	0.00597	0.00545	0.00855
33	0.02005	0.02558	0.01521	0.01383	0.01659	0.78980	0.01037	0.02143	0.01521	0.01314	0.00830	0.00968	0.00691	0.00553	0.00484	0.00138	0.00968	0.00346	0.00277	0.00622
34	0.00767	0.00575	0.00863	0.00863	0.00959	0.00671	0.00671	0.00959	0.00863	0.01246	0.01438	0.02109	0.01342	0.04026	0.79008	0.00863	0.01438	0.00575	0.00288	0.00479
35	0.01113	0.00954	0.01113	0.00795	0.01272	0.00716	0.00636	0.01352	0.01113	0.01749	0.00954	0.01113	0.00795	0.00398	0.00398	0.00080	0.00398	0.00318	0.00318	0.84417
36	0.00872	0.03104	0.00821	0.00713	0.00896	0.03072	0.00556	0.05128	0.03007	0.01717	0.18395	0.03976	0.43996	0.01140	0.00678	0.00175	0.05786	0.00929	0.04516	0.00521
37	0.00932	0.00466	0.00699	0.00699	0.00699	0.00466	0.00466	0.00699	0.00699	0.00932	0.00932	0.01632	0.00932	0.01865	0.02098	0.84382	0.00466	0.00466	0.00233	0.00233
38	0.00780	0.00589	0.00865	0.00858	0.00944	0.00689	0.00660	0.00955	0.00855	0.01232	0.01435	0.02188	0.01369	0.09823	0.70831	0.00817	0.03762	0.00588	0.00289	0.00471

[dist]
# distance from previous block
# <min> <max>
0	35

[block]
# block no. 3 follows, 45 sequences, length 85
# corresponding to MSA columns:
# 454-475,484-502,507-550
name=unknown_D
#
# <colnr> <probs for GDERKNQSTAVLIFYWHMCP>
#	G	D	E	R	K	N	Q	S	T	A	V	L	I	F	Y	W	H	M	C	P
0	0.01305	0.01531	0.11799	0.03636	0.19153	0.05408	0.25997	0.04872	0.11705	0.01829	0.01315	0.01736	0.01068	0.00588	0.00576	0.00176	0.00724	0.05492	0.00328	0.00763
1	0.00771	0.00566	0.00747	0.00850	0.00959	0.00543	0.00692	0.00959	0.01180	0.01519	0.03321	0.25127	0.16091	0.01513	0.00708	0.00228	0.00409	0.42849	0.00496	0.00472
2	0.00639	0.00544	0.00550	0.00548	0.00728	0.00455	0.00411	0.00778	0.01233	0.01473	0.07829	0.05128	0.75163	0.01351	0.00634	0.00181	0.00271	0.01128	0.00502	0.00455
3	0.01077	0.02777	0.78354	0.01530	0.02323	0.01247	0.01983	0.01700	0.01133	0.01700	0.00963	0.01133	0.00680	0.00510	0.00510	0.00170	0.00793	0.00397	0.00227	0.00793
4	0.01385	0.50883	0.24762	0.01142	0.01681	0.09255	0.01241	0.01686	0.01145	0.01396	0.00818	0.00951	0.00687	0.00483	0.00406	0.00133	0.00676	0.00325	0.00233	0.00713
5	0.01320	0.01324	0.04843	0.03142	0.71982	0.01277	0.01627	0.01699	0.04313	0.01772	0.01056	0.01349	0.00876	0.00490	0.00531	0.00161	0.00635	0.00481	0.00276	0.00848
6	0.00654	0.00467	0.00623	0.00747	0.00779	0.00436	0.00498	0.00747	0.01028	0.01370	0.02959	0.80785	0.03550	0.01682	0.00685	0.00218	0.00311	0.01526	0.00498	0.00436
7	0.01384	0.01512	0.07180	0.05944	0.50134	0.08590	0.10898	0.04718	0.01297	0.01755	0.01008	0.01300	0.00817	0.00493	0.00539	0.00162	0.00714	0.00480	0.00275	0.00801
8	0.00655	0.00487	0.00611	0.00703	0.00769	0.00443	0.00480	0.00765	0.01091	0.01424	0.07086	0.61747	0.18603	0.01588	0.00672	0.00208	0.00301	0.01419	0.00503	0.00443
9	0.02041	0.01504	0.01611	0.01235	0.01665	0.01665	0.01020	0.75997	0.02524	0.03383	0.01289	0.01289	0.00913	0.00644	0.00537	0.00161	0.00591	0.00483	0.00537	0.00913
10	0.01534	0.01369	0.03449	0.12247	0.25109	0.10794	0.07137	0.03695	0.14344	0.12876	0.01355	0.01491	0.01013	0.00568	0.00538	0.00166	0.00649	0.00503	0.00375	0.00788
11	0.00767	0.00574	0.00857	0.00857	0.00951	0.00668	0.00664	0.00955	0.00861	0.01242	0.01443	0.02137	0.01354	0.05575	0.77475	0.00856	0.01419	0.00579	0.00288	0.00476
12	0.00667	0.00480	0.00636	0.00756	0.00799	0.00449	0.00519	0.00773	0.01049	0.01389	0.03048	0.72806	0.06431	0.01656	0.00687	0.00219	0.00322	0.06375	0.00498	0.00441
13	0.01903	0.04761	0.05536	0.01196	0.01648	0.01565	0.01029	0.61444	0.02258	0.04955	0.01244	0.01263	0.00893	0.00611	0.00517	0.00153	0.00582	0.00459	0.00495	0.07487
14	0.00932	0.00466	0.00699	0.00699	0.00699	0.00466	0.00466	0.00699	0.00699	0.00932	0.00932	0.01632	0.00932	0.01865	0.02098	0.84382	0.00466	0.00466	0.00233	0.00233
15	0.01340	0.01147	0.01214	0.01093	0.01395	0.01324	0.00854	0.04637	0.72863	0.02256	0.02181	0.02097	0.01661	0.00747	0.00551	0.00183	0.00431	0.02640	0.00545	0.00841
16	0.00781	0.00520	0.00585	0.00585	0.00585	0.00520	0.00325	0.00781	0.00781	0.01041	0.01691	0.03513	0.01952	0.81135	0.02732	0.00520	0.00520	0.00781	0.00325	0.00325
17	0.01006	0.00554	0.00587	0.00563	0.00702	0.00554	0.00427	0.04561	0.01256	0.02089	0.14662	0.02312	0.01985	0.00707	0.00427	0.00134	0.00266	0.00580	0.66111	0.00520
18	0.02041	0.01504	0.01611	0.01235	0.01665	0.01665	0.01020	0.75997	0.02524	0.03383	0.01289	0.01289	0.00913	0.00644	0.00537	0.00161	0.00591	0.00483	0.00537	0.00913
19	0.01023	0.00530	0.00540	0.00530	0.00663	0.00537	0.00401	0.03312	0.01158	0.02020	0.01730	0.01984	0.01362	0.00714	0.02408	0.00145	0.00290	0.00502	0.79639	0.00511
20	0.01061	0.01003	0.01119	0.03293	0.02454	0.07818	0.02429	0.03224	0.13538	0.01624	0.05905	0.09889	0.23194	0.01056	0.00824	0.00193	0.15526	0.04837	0.00425	0.00589
21	0.01162	0.00910	0.00994	0.00910	0.01112	0.04165	0.00706	0.08776	0.18041	0.06107	0.06426	0.05483	0.15656	0.10401	0.06267	0.00271	0.04213	0.07310	0.00471	0.00618
22	0.84927	0.01038	0.00789	0.00706	0.01038	0.01204	0.00581	0.01578	0.00914	0.02408	0.00747	0.00872	0.00581	0.00498	0.00332	0.00166	0.00415	0.00291	0.00332	0.00581
23	0.01250	0.01185	0.02003	0.06155	0.67273	0.01191	0.01527	0.01549	0.01201	0.01702	0.01243	0.07674	0.02476	0.00592	0.00546	0.00165	0.00608	0.00573	0.00287	0.00800
24	0.01021	0.00968	0.01652	0.77733	0.03673	0.01197	0.03514	0.01381	0.01079	0.01381	0.00958	0.01432	0.00718	0.00534	0.00539	0.00179	0.00721	0.00481	0.00239	0.00600
25	0.01329	0.01275	0.02179	0.03295	0.77787	0.01275	0.01647	0.01647	0.01222	0.01754	0.01010	0.01329	0.00850	0.00478	0.00531	0.00159	0.00638	0.00478	0.00266	0.00850
26	0.01113	0.00954	0.01113	0.00795	0.01272	0.00716	0.00636	0.01352	0.01113	0.01749	0.00954	0.01113	0.00795	0.00398	0.00398	0.00080	0.00398	0.00318	0.00318	0.84417
27	0.01590	0.54217	0.09752	0.01024	0.01506	0.01830	0.01020	0.11716	0.01337	0.10115	0.00992	0.01052	0.00789	0.00512	0.00408	0.00132	0.00584	0.00352	0.00319	0.00754
28	0.01068	0.00868	0.01040	0.02320	0.01208	0.00770	0.00665	0.02760	0.05981	0.03642	0.04699	0.13608	0.05386	0.00741	0.00561	0.00132	0.05056	0.00612	0.02215	0.46667
29	0.03593	0.37393	0.30503	0.01210	0.01764	0.05571	0.04137	0.01668	0.01137	0.03606	0.00946	0.02835	0.00783	0.00590	0.02056	0.00159	0.00692	0.00385	0.00255	0.00719
30	0.01108	0.00673	0.00774	0.00700	0.00811	0.00666	0.00465	0.08717	0.01093	0.11323	0.01995	0.04449	0.07208	0.55437	0.02039	0.00408	0.00498	0.00756	0.00406	0.00473
31	0.00768	0.00569	0.00831	0.00831	0.00916	0.00654	0.00632	0.00938	0.00853	0.01223	0.01466	0.02267	0.01411	0.12729	0.70399	0.00824	0.01334	0.00598	0.00292	0.00462
32	0.00899	0.00704	0.02808	0.05169	0.04940	0.02088	0.00725	0.03745	0.01144	0.04927	0.02511	0.53393	0.02841	0.01410	0.00685	0.01966	0.00412	0.08649	0.00465	0.00518
33	0.01202	0.14715	0.54511	0.01436	0.02092	0.01398	0.05003	0.01694	0.01126	0.04725	0.00963	0.01136	0.00716	0.00537	0.00583	0.00167	0.06583	0.00401	0.00248	0.00764
34	0.01176	0.00642	0.00844	0.00740	0.00944	0.00576	0.00574	0.01412	0.01509	0.21612	0.54553	0.03508	0.07744	0.00999	0.00609	0.00169	0.00306	0.00868	0.00605	0.00608
35	0.00967	0.00653	0.02741	0.00765	0.00925	0.00571	0.00587	0.03434	0.01380	0.10999	0.38510	0.27339	0.06612	0.01207	0.00632	0.00184	0.00320	0.01067	0.00557	0.00551
36	0.07380	0.09051	0.09192	0.26774	0.11868	0.03085	0.06546	0.04933	0.04228	0.01657	0.00971	0.01273	0.00768	0.00568	0.00642	0.00173	0.09477	0.00450	0.00276	0.00688
37	0.01123	0.01118	0.01664	0.07857	0.01692	0.03511	0.10816	0.01364	0.04033	0.01398	0.01115	0.09354	0.01087	0.01105	0.06480	0.00259	0.44537	0.00607	0.00284	0.00595
38	0.00654	0.00467	0.00623	0.00747	0.00779	0.00436	0.00498	0.00747	0.01028	0.01370	0.02959	0.80785	0.03550	0.01682	0.00685	0.00218	0.00311	0.01526	0.00498	0.00436
39	0.19761	0.11407	0.03478	0.01860	0.26218	0.15387	0.07000	0.05826	0.01266	0.01843	0.00908	0.01109	0.00740	0.00502	0.00464	0.00154	0.00662	0.00401	0.00292	0.00723
40	0.00756	0.00555	0.00710	0.00682	0.00808	0.00516	0.00507	0.01017	0.03149	0.02046	0.65088	0.10303	0.09537	0.01154	0.00635	0.00174	0.00263	0.01018	0.00576	0.00505
41	0.01340	0.47432	0.28228	0.01202	0.01767	0.06137	0.04130	0.01673	0.01136	0.01431	0.00837	0.00981	0.00691	0.00481	0.00419	0.00137	0.00683	0.00340	0.00233	0.00722
42	0.03296	0.00985	0.01144	0.00835	0.01294	0.00798	0.00672	0.06830	0.01250	0.07802	0.02462	0.01228	0.00918	0.00451	0.00421	0.00096	0.00414	0.00358	0.00366	0.68379
43	0.08719	0.01172	0.04816	0.07019	0.01622	0.01160	0.03960	0.22327	0.06584	0.22294	0.03063	0.01567	0.01133	0.00630	0.00536	0.00164	0.02304	0.00500	0.08065	0.02364
44	0.01799	0.16940	0.06013	0.01221	0.01607	0.23111	0.01049	0.32234	0.01789	0.02191	0.01028	0.01124	0.00799	0.00589	0.00533	0.00149	0.04111	0.00403	0.02553	0.00759
45	0.01001	0.00500	0.00500	0.00500	0.00625	0.00500	0.00375	0.01251	0.01126	0.02001	0.01751	0.02001	0.01376	0.00625	0.00375	0.00125	0.00250	0.00500	0.84115	0.00500
46	0.00698	0.00576	0.00616	0.00601	0.00776	0.00510	0.00452	0.00930	0.05154	0.01645	0.21043	0.04751	0.57819	0.01270	0.00630	0.00179	0.00276	0.01071	0.00521	0.00485
47	0.00781	0.00520	0.00585	0.00585	0.00585	0.00520	0.00325	0.00781	0.00781	0.01041	0.01691	0.03513	0.01952	0.81135	0.02732	0.00520	0.00520	0.00781	0.00325	0.00325
48	0.00675	0.00545	0.00600	0.00586	0.00750	0.00470	0.00440	0.00849	0.01319	0.01677	0.28745	0.04792	0.54119	0.01275	0.00634	0.00177	0.00266	0.01080	0.00528	0.00470
49	0.01435	0.81458	0.02813	0.00918	0.01378	0.02124	0.00918	0.01607	0.01091	0.01263	0.00746	0.00861	0.00689	0.00459	0.00344	0.00115	0.00574	0.00287	0.00230	0.00689
50	0.01450	0.79458	0.02780	0.00930	0.01385	0.04073	0.00921	0.01621	0.01102	0.01264	0.00748	0.00864	0.00689	0.00462	0.00348	0.00115	0.00584	0.00289	0.00231	0.00687
51	0.01062	0.01012	0.01749	0.70938	0.03566	0.01219	0.08105	0.03295	0.01127	0.01454	0.00974	0.01429	0.00729	0.00532	0.00545	0.00179	0.00729	0.00491	0.00249	0.00616
52	0.01023	0.00775	0.01122	0.06573	0.04203	0.00724	0.05727	0.01256	0.01187	0.06785	0.02372	0.09747	0.09751	0.04641	0.00713	0.00203	0.00487	0.27206	0.00427	0.15076
53	0.06337	0.01074	0.03866	0.20403	0.21771	0.01113	0.02980	0.02951	0.13139	0.04779	0.08559	0.07818	0.01544	0.00694	0.00546	0.00175	0.00551	0.00617	0.00375	0.00708
54	0.01980	0.06095	0.01579	0.01362	0.01647	0.75535	0.01032	0.02119	0.01502	0.01311	0.00826	0.00963	0.00691	0.00549	0.00478	0.00137	0.00950	0.00343	0.00274	0.00625
55	0.00768	0.00552	0.00695	0.00662	0.00800	0.00500	0.00495	0.00993	0.01447	0.03584	0.60273	0.07603	0.17309	0.01159	0.00634	0.00173	0.00263	0.01014	0.00572	0.00503
56	0.01161	0.06060	0.64530	0.01650	0.08841	0.05213	0.01860	0.01714	0.01159	0.01666	0.00951	0.01130	0.00696	0.00507	0.00503	0.00165	0.00779	0.00396	0.00233	0.00785
57	0.04548	0.00900	0.01188	0.00922	0.01315	0.00798	0.00759	0.03981	0.01511	0.69228	0.02038	0.01802	0.01303	0.00657	0.00523	0.00163	0.00444	0.00529	0.06516	0.00875
58	0.02392	0.00940	0.01262	0.00968	0.01383	0.00828	0.00799	0.05905	0.01581	0.74806	0.02081	0.01803	0.01310	0.00663	0.00540	0.00166	0.00463	0.00537	0.00659	0.00913
59	0.02689	0.00837	0.02676	0.05563	0.10424	0.00793	0.03858	0.01443	0.07858	0.10901	0.15811	0.13709	0.15056	0.01004	0.00602	0.00183	0.00430	0.05055	0.00478	0.00628
60	0.04955	0.05740	0.32546	0.01542	0.10324	0.10770	0.01438	0.16408	0.01485	0.08236	0.01092	0.01199	0.00795	0.00548	0.00502	0.00160	0.00704	0.00419	0.00338	0.00799
61	0.01115	0.00626	0.00802	0.00725	0.00920	0.00556	0.00555	0.01321	0.01421	0.19866	0.39395	0.11435	0.16937	0.01101	0.00617	0.00175	0.00310	0.00954	0.00582	0.00586
62	0.81184	0.04643	0.00880	0.00715	0.01053	0.01245	0.00596	0.01579	0.00921	0.02357	0.00747	0.00872	0.00586	0.00497	0.00333	0.00164	0.00422	0.00291	0.00328	0.00586
63	0.00756	0.00571	0.00711	0.00785	0.00914	0.00535	0.00638	0.00936	0.01189	0.01500	0.03738	0.13144	0.29997	0.05175	0.00790	0.00233	0.00397	0.37036	0.00488	0.00466
64	0.05487	0.00881	0.01038	0.07034	0.10093	0.06853	0.00773	0.01330	0.04432	0.04964	0.34154	0.07576	0.11404	0.00940	0.00582	0.00171	0.00418	0.00810	0.00474	0.00587
65	0.77573	0.01027	0.00830	0.00728	0.01068	0.01167	0.00600	0.01670	0.00969	0.09159	0.00870	0.00957	0.00648	0.00513	0.00351	0.00166	0.00419	0.00313	0.00362	0.00611
66	0.00657	0.00489	0.00612	0.00698	0.00769	0.00445	0.00479	0.00771	0.01105	0.01443	0.08758	0.59061	0.19614	0.01571	0.00671	0.00207	0.00299	0.01402	0.00505	0.00445
67	0.01120	0.01106	0.01847	0.01473	0.01658	0.01301	0.22686	0.01352	0.01036	0.01527	0.04387	0.04885	0.05022	0.00828	0.01161	0.00203	0.39306	0.00617	0.07880	0.00603
68	0.00781	0.00520	0.00585	0.00585	0.00585	0.00520	0.00325	0.00781	0.00781	0.01041	0.01691	0.03513	0.01952	0.81135	0.02732	0.00520	0.00520	0.00781	0.00325	0.00325
69	0.01288	0.01494	0.14273	0.07454	0.54065	0.01262	0.05747	0.01688	0.02786	0.03282	0.01050	0.01334	0.00839	0.00494	0.00534	0.00164	0.00674	0.00478	0.00272	0.00820
70	0.04205	0.11007	0.01656	0.01293	0.01612	0.57413	0.01009	0.12609	0.01601	0.01633	0.00884	0.00999	0.00720	0.00554	0.00472	0.00140	0.00856	0.00357	0.00310	0.00670
71	0.02032	0.00869	0.01147	0.00908	0.01261	0.00777	0.00733	0.03783	0.04637	0.58101	0.11848	0.02178	0.01839	0.04833	0.00661	0.00183	0.00434	0.00605	0.00623	0.02547
72	0.01456	0.34885	0.21554	0.01376	0.09580	0.07820	0.01264	0.04758	0.01244	0.07075	0.02474	0.01142	0.00846	0.00525	0.00468	0.00144	0.01973	0.00382	0.00287	0.00747
73	0.01352	0.01006	0.01160	0.01016	0.01256	0.04943	0.03809	0.22600	0.07163	0.08551	0.10363	0.29984	0.02381	0.01059	0.00602	0.00184	0.00463	0.00921	0.00516	0.00671
74	0.00654	0.00467	0.00623	0.00747	0.00779	0.00436	0.00498	0.00747	0.01028	0.01370	0.02959	0.80785	0.03550	0.01682	0.00685	0.00218	0.00311	0.01526	0.00498	0.00436
75	0.01182	0.01266	0.12152	0.29925	0.15857	0.01138	0.09363	0.02975	0.01187	0.05700	0.02728	0.04499	0.01024	0.00592	0.00564	0.00172	0.02298	0.00538	0.06150	0.00690
76	0.01270	0.07012	0.15019	0.02211	0.24406	0.04475	0.27074	0.01655	0.01218	0.01676	0.04098	0.01393	0.00957	0.00524	0.00614	0.00169	0.04689	0.00520	0.00271	0.00750
77	0.01380	0.61391	0.15162	0.01194	0.06876	0.03412	0.01147	0.01636	0.01115	0.01370	0.00802	0.00941	0.00699	0.00471	0.00387	0.00127	0.00622	0.00320	0.00233	0.00716
78	0.00657	0.00469	0.00622	0.00743	0.00774	0.00438	0.00494	0.00748	0.01021	0.01362	0.02926	0.78791	0.03509	0.03732	0.00738	0.00226	0.00317	0.01507	0.00494	0.00433
79	0.01784	0.01283	0.06036	0.01074	0.01451	0.01263	0.00914	0.43639	0.03470	0.14203	0.04405	0.03266	0.01283	0.04662	0.00636	0.00179	0.00525	0.00545	0.08573	0.00811
80	0.01298	0.02286	0.02800	0.09926	0.04688	0.01043	0.04975	0.14461	0.01371	0.11247	0.01897	0.25181	0.03603	0.00995	0.00724	0.00192	0.09139	0.03080	0.00437	0.00658
81	0.00750	0.00563	0.00796	0.00848	0.00928	0.00549	0.03655	0.00899	0.01097	0.01482	0.06384	0.51892	0.05861	0.02647	0.00739	0.00219	0.02816	0.13748	0.03658	0.00467
82	0.78106	0.01065	0.00885	0.00855	0.04982	0.01222	0.00649	0.03867	0.00979	0.02405	0.00777	0.00908	0.00605	0.00502	0.00349	0.00166	0.00432	0.00306	0.00335	0.00605
83	0.00783	0.00591	0.00662	0.00626	0.00795	0.00539	0.00474	0.04748	0.01396	0.01862	0.32619	0.04274	0.39784	0.01164	0.00608	0.00171	0.00279	0.00987	0.07134	0.00501
84	0.03542	0.26240	0.18824	0.01236	0.03354	0.13954	0.04494	0.09290	0.01332	0.01705	0.03037	0.05235	0.01005	0.00592	0.00466	0.00148	0.00665	0.00451	0.03730	0.00701

[dist]
# distance from previous block
# <min> <max>
0	21

# created by:
# /st0/software/busco_prod/Augustus/scripts/msa2prfl.pl ./align_prep/158957.fa
