[name]
unknown

[dist]
# distance from previous block
# <min> <max>
0	106

[block]
# block no. 0 follows, 46 sequences, length 107
# corresponding to MSA columns:
# 170-189,195-225,231-286
name=unknown_A
#
# <colnr> <probs for GDERKNQSTAVLIFYWHMCP>
#	G	D	E	R	K	N	Q	S	T	A	V	L	I	F	Y	W	H	M	C	P
0	0.01469	0.55910	0.03646	0.01082	0.01498	0.08179	0.05859	0.08698	0.01242	0.01486	0.00873	0.03061	0.00782	0.00528	0.00454	0.00132	0.03776	0.00369	0.00268	0.00687
1	0.01162	0.01130	0.01828	0.02400	0.48728	0.02656	0.08377	0.01443	0.01208	0.01653	0.01897	0.02082	0.16779	0.00645	0.00545	0.00158	0.00571	0.00607	0.00313	0.05820
2	0.00780	0.00601	0.00890	0.00876	0.00963	0.00716	0.00684	0.00960	0.00845	0.01226	0.01378	0.02051	0.01296	0.05436	0.72986	0.00805	0.06187	0.00564	0.00281	0.00475
3	0.01828	0.19926	0.01766	0.01238	0.01556	0.56739	0.00983	0.05844	0.01451	0.01392	0.00906	0.01023	0.02116	0.00544	0.00452	0.00133	0.00836	0.00349	0.00280	0.00639
4	0.00785	0.00596	0.00730	0.00687	0.00835	0.00569	0.00518	0.01137	0.08640	0.02035	0.60851	0.03915	0.14534	0.01081	0.00616	0.00169	0.00268	0.00944	0.00565	0.00524
5	0.01139	0.14825	0.56367	0.03050	0.05207	0.01371	0.07662	0.01653	0.01122	0.01605	0.00927	0.01112	0.00689	0.00489	0.00488	0.00160	0.00749	0.00397	0.00229	0.00758
6	0.02102	0.01138	0.07889	0.01026	0.01454	0.00954	0.00904	0.11992	0.06511	0.55261	0.03880	0.01740	0.01318	0.00654	0.00532	0.00164	0.00488	0.00528	0.00592	0.00875
7	0.01991	0.00845	0.01128	0.00906	0.01221	0.00776	0.00722	0.06415	0.04181	0.54213	0.01783	0.01733	0.01210	0.00917	0.00871	0.18818	0.00458	0.00515	0.00549	0.00749
8	0.01256	0.06153	0.63187	0.01417	0.02117	0.05956	0.01737	0.01782	0.01175	0.08923	0.01039	0.01159	0.00731	0.00517	0.00496	0.00163	0.00750	0.00396	0.00267	0.00778
9	0.06160	0.00957	0.08205	0.00838	0.02995	0.02610	0.00702	0.06510	0.02589	0.10752	0.05857	0.04711	0.41724	0.02316	0.00604	0.00177	0.00401	0.00835	0.00467	0.00591
10	0.00661	0.00485	0.00676	0.00770	0.00815	0.00453	0.02300	0.00766	0.01031	0.01378	0.04840	0.77144	0.03471	0.01612	0.00672	0.00213	0.00319	0.01467	0.00488	0.00438
11	0.02249	0.00867	0.01170	0.00907	0.01292	0.00753	0.00746	0.02457	0.01488	0.72042	0.03859	0.01861	0.01399	0.00662	0.00524	0.00161	0.00433	0.00539	0.05725	0.00866
12	0.01671	0.07196	0.01818	0.03072	0.14152	0.43681	0.08240	0.04652	0.03390	0.01502	0.01023	0.01200	0.02597	0.00555	0.00535	0.00149	0.03185	0.00421	0.00287	0.00674
13	0.01172	0.02412	0.59701	0.08279	0.04678	0.04345	0.03045	0.07178	0.01232	0.01756	0.00970	0.01157	0.00697	0.00514	0.00508	0.00166	0.00764	0.00408	0.00251	0.00767
14	0.02340	0.00907	0.01226	0.00945	0.01350	0.00793	0.00779	0.02583	0.03763	0.76221	0.02088	0.01805	0.01318	0.00656	0.00532	0.00164	0.00449	0.00534	0.00651	0.00898
15	0.00975	0.01029	0.04908	0.01481	0.01789	0.00916	0.36374	0.02774	0.01165	0.01576	0.02974	0.37532	0.02078	0.01009	0.00640	0.00194	0.00607	0.01015	0.00377	0.00588
16	0.10571	0.01084	0.01303	0.12178	0.01583	0.06632	0.00986	0.06228	0.01104	0.03434	0.04382	0.10549	0.01344	0.00890	0.00988	0.00199	0.30560	0.05066	0.00334	0.00584
17	0.00810	0.00636	0.00915	0.13646	0.05967	0.00660	0.00753	0.04247	0.01104	0.01469	0.02404	0.56973	0.02755	0.01351	0.00638	0.00204	0.00409	0.04120	0.00437	0.00502
18	0.01149	0.00946	0.01133	0.00812	0.01280	0.00717	0.01798	0.01386	0.01115	0.04759	0.00987	0.01129	0.00804	0.00403	0.00401	0.00083	0.00402	0.00327	0.00326	0.80045
19	0.00634	0.00536	0.00548	0.00545	0.00719	0.00450	0.00409	0.00776	0.01226	0.01477	0.10520	0.05007	0.72714	0.01320	0.00625	0.00178	0.00266	0.01104	0.00497	0.00450
20	0.10758	0.01255	0.01299	0.01059	0.01421	0.06314	0.00854	0.29815	0.14659	0.21230	0.01603	0.04822	0.01182	0.00675	0.00512	0.00165	0.00516	0.00525	0.00521	0.00816
21	0.02283	0.12768	0.48625	0.01510	0.02142	0.01373	0.13556	0.01660	0.01119	0.03527	0.00949	0.01147	0.00708	0.00518	0.00579	0.00166	0.05963	0.00420	0.00243	0.00744
22	0.02372	0.00900	0.01227	0.00941	0.01350	0.00777	0.00777	0.02576	0.01513	0.78489	0.02086	0.01799	0.01309	0.00654	0.00532	0.00164	0.00450	0.00532	0.00654	0.00900
23	0.01636	0.00939	0.01127	0.00941	0.01250	0.00951	0.00750	0.09271	0.23986	0.30481	0.20186	0.02315	0.02242	0.00773	0.00555	0.00168	0.00405	0.00648	0.00591	0.00785
24	0.06722	0.00921	0.01072	0.00794	0.01230	0.00734	0.00635	0.01470	0.01130	0.10872	0.01141	0.04328	0.00939	0.00479	0.00415	0.00099	0.00396	0.00384	0.00362	0.65876
25	0.00630	0.00532	0.00547	0.00558	0.00725	0.00448	0.00416	0.00764	0.01192	0.01426	0.05137	0.10407	0.71295	0.01363	0.00630	0.00182	0.00275	0.02538	0.00491	0.00446
26	0.00756	0.00563	0.00832	0.00832	0.00920	0.00651	0.00639	0.00933	0.00844	0.01214	0.01432	0.02167	0.01361	0.09026	0.74319	0.00828	0.01357	0.00580	0.00286	0.00462
27	0.01060	0.02735	0.78682	0.01507	0.02288	0.01228	0.01953	0.01674	0.01116	0.01674	0.00949	0.01116	0.00670	0.00502	0.00502	0.00167	0.00781	0.00391	0.00223	0.00781
28	0.01207	0.01414	0.07374	0.02255	0.15059	0.01258	0.54430	0.01618	0.01217	0.01675	0.01170	0.06592	0.00976	0.00532	0.00603	0.00176	0.00803	0.00642	0.00278	0.00719
29	0.00644	0.00462	0.00612	0.00731	0.00766	0.00430	0.00489	0.00737	0.01017	0.01351	0.02972	0.79260	0.05275	0.01649	0.00674	0.00214	0.00306	0.01494	0.00491	0.00430
30	0.00656	0.00473	0.00622	0.00719	0.00768	0.00439	0.00488	0.00770	0.01081	0.01450	0.12447	0.68356	0.06628	0.01571	0.00666	0.00207	0.00298	0.01419	0.00502	0.00439
31	0.01862	0.01210	0.01393	0.01107	0.01471	0.01291	0.02151	0.43379	0.08634	0.19227	0.01659	0.08134	0.01273	0.00733	0.00560	0.00167	0.01795	0.00587	0.02530	0.00837
32	0.01077	0.00885	0.00957	0.00902	0.01108	0.03320	0.00681	0.01895	0.38383	0.03868	0.18420	0.18012	0.06295	0.01001	0.00585	0.00182	0.00371	0.00866	0.00530	0.00661
33	0.00766	0.00522	0.00625	0.00625	0.00642	0.00539	0.00381	0.00800	0.00783	0.01061	0.01621	0.03212	0.01815	0.67576	0.16389	0.00573	0.00674	0.00733	0.00314	0.00347
34	0.01096	0.00940	0.01096	0.00783	0.01253	0.00705	0.00626	0.01331	0.01096	0.01723	0.00940	0.01096	0.00783	0.00392	0.00392	0.00078	0.00392	0.00313	0.00313	0.84653
35	0.01315	0.01136	0.01195	0.01076	0.01375	0.01315	0.00837	0.02809	0.77168	0.02211	0.02152	0.01972	0.01614	0.00717	0.00538	0.00179	0.00418	0.00598	0.00538	0.00837
36	0.02257	0.01083	0.01341	0.01028	0.01441	0.01050	0.00849	0.25892	0.01820	0.54739	0.01828	0.01632	0.01179	0.00648	0.00531	0.00162	0.00492	0.00514	0.00615	0.00899
37	0.07717	0.00893	0.01177	0.00914	0.01306	0.00793	0.00753	0.02447	0.01472	0.70495	0.04994	0.01823	0.01406	0.00660	0.00522	0.00164	0.00439	0.00532	0.00630	0.00862
38	0.01262	0.01199	0.01998	0.09596	0.64449	0.01197	0.01515	0.01572	0.01181	0.01694	0.00985	0.01297	0.00821	0.00468	0.00511	0.00151	0.00612	0.00456	0.00264	0.08772
39	0.00758	0.00546	0.00749	0.00751	0.00811	0.00605	0.00537	0.00879	0.00824	0.01158	0.01529	0.03841	0.01569	0.31359	0.50916	0.00720	0.01078	0.00653	0.00300	0.00418
40	0.00918	0.00459	0.00689	0.00689	0.00689	0.00459	0.00459	0.00689	0.00689	0.00918	0.00918	0.01607	0.00918	0.01837	0.02066	0.84619	0.00459	0.00459	0.00230	0.00230
41	0.01234	0.01180	0.02000	0.16335	0.62976	0.01217	0.01558	0.01549	0.01179	0.01653	0.01120	0.01442	0.03193	0.00508	0.00527	0.00161	0.00630	0.00491	0.00264	0.00782
42	0.01110	0.01189	0.02488	0.01851	0.02266	0.01116	0.56510	0.01483	0.01229	0.01666	0.06084	0.12587	0.01565	0.00713	0.00638	0.00187	0.00747	0.05593	0.00331	0.00647
43	0.00755	0.00566	0.00850	0.00850	0.00944	0.00661	0.00661	0.00944	0.00850	0.01227	0.01416	0.02077	0.01322	0.03965	0.79326	0.00850	0.01416	0.00566	0.00283	0.00472
44	0.01006	0.00596	0.00788	0.00711	0.00879	0.00542	0.00543	0.01246	0.01490	0.14345	0.64305	0.05044	0.04371	0.01023	0.00610	0.00167	0.00283	0.00898	0.00592	0.00562
45	0.01060	0.02735	0.78682	0.01507	0.02288	0.01228	0.01953	0.01674	0.01116	0.01674	0.00949	0.01116	0.00670	0.00502	0.00502	0.00167	0.00781	0.00391	0.00223	0.00781
46	0.02308	0.00914	0.01226	0.00946	0.01347	0.00807	0.00779	0.04743	0.02952	0.73273	0.03609	0.01831	0.01377	0.00664	0.00534	0.00164	0.00449	0.00540	0.00647	0.00890
47	0.01007	0.00965	0.01644	0.01362	0.01536	0.01120	0.19399	0.01239	0.00972	0.01395	0.02353	0.03408	0.01204	0.01889	0.27666	0.00427	0.26159	0.05406	0.00285	0.00565
48	0.00793	0.00585	0.00773	0.00870	0.00998	0.00565	0.00739	0.01005	0.01202	0.01537	0.03325	0.10338	0.18261	0.01448	0.00705	0.00228	0.00431	0.55234	0.00488	0.00475
49	0.05144	0.08692	0.01392	0.01096	0.06331	0.04682	0.00837	0.05285	0.08696	0.42520	0.07039	0.01803	0.02805	0.00659	0.00511	0.00159	0.00480	0.00529	0.00533	0.00807
50	0.01222	0.00749	0.02838	0.00799	0.01030	0.00674	0.00640	0.01599	0.09723	0.21334	0.45511	0.04536	0.05286	0.00936	0.00589	0.00168	0.00333	0.00810	0.00583	0.00641
51	0.09806	0.02173	0.01485	0.01420	0.06926	0.58329	0.01023	0.07855	0.01481	0.01587	0.00854	0.00999	0.00699	0.00551	0.00502	0.00144	0.02864	0.00358	0.00296	0.00646
52	0.01854	0.19610	0.01773	0.01263	0.01574	0.62642	0.00996	0.01997	0.01407	0.01283	0.00799	0.00931	0.00680	0.00525	0.00447	0.00131	0.00870	0.00328	0.00262	0.00627
53	0.01389	0.75839	0.06929	0.00947	0.01409	0.02035	0.00967	0.01582	0.01071	0.01268	0.00746	0.00869	0.00678	0.00464	0.00375	0.00118	0.02112	0.00292	0.00226	0.00682
54	0.01288	0.53733	0.29680	0.01118	0.01687	0.01786	0.01276	0.01615	0.01089	0.01396	0.00811	0.00943	0.00675	0.00470	0.00397	0.00132	0.00642	0.00321	0.00225	0.00715
55	0.02239	0.00893	0.01196	0.00930	0.01321	0.00788	0.00764	0.02504	0.05117	0.71086	0.03967	0.01942	0.03351	0.00685	0.00536	0.00165	0.00439	0.00560	0.00643	0.00876
56	0.01214	0.00933	0.01038	0.00932	0.01188	0.01019	0.00723	0.02219	0.47938	0.07981	0.22128	0.02626	0.06113	0.00837	0.00564	0.00175	0.00369	0.00711	0.00556	0.00734
57	0.01269	0.01216	0.02074	0.13073	0.68605	0.01246	0.01603	0.01588	0.01185	0.01679	0.00987	0.01321	0.00820	0.00478	0.00524	0.00159	0.00638	0.00471	0.00258	0.00805
58	0.01346	0.01350	0.02795	0.02025	0.02496	0.01311	0.61824	0.01737	0.01231	0.08943	0.01130	0.01436	0.00840	0.00512	0.00722	0.00182	0.08503	0.00600	0.00301	0.00718
59	0.00641	0.00530	0.00562	0.00567	0.00727	0.00451	0.00420	0.00785	0.01223	0.01502	0.13589	0.11058	0.63453	0.01334	0.00629	0.00180	0.00269	0.01128	0.00501	0.00451
60	0.00769	0.00513	0.00577	0.00577	0.00577	0.00513	0.00320	0.00769	0.00769	0.01025	0.01666	0.03460	0.01922	0.81421	0.02691	0.00513	0.00513	0.00769	0.00320	0.00320
61	0.02010	0.01481	0.01587	0.01216	0.01639	0.01639	0.01005	0.76360	0.02486	0.03332	0.01269	0.01269	0.00899	0.00635	0.00529	0.00159	0.00582	0.00476	0.00529	0.00899
62	0.00998	0.00940	0.01586	0.80150	0.03641	0.01175	0.01468	0.01351	0.01057	0.01351	0.00940	0.01409	0.00705	0.00529	0.00529	0.00176	0.00705	0.00470	0.00235	0.00587
63	0.01017	0.00523	0.00526	0.00515	0.00647	0.00528	0.00389	0.03550	0.01151	0.02013	0.01711	0.01949	0.01341	0.00616	0.00374	0.00124	0.00257	0.00492	0.81769	0.00505
64	0.00644	0.00460	0.00613	0.00736	0.00767	0.00429	0.00491	0.00736	0.01012	0.01350	0.02914	0.81076	0.03497	0.01656	0.00675	0.00215	0.00307	0.01503	0.00491	0.00429
65	0.00687	0.00506	0.00659	0.00741	0.00813	0.00456	0.00504	0.00793	0.01020	0.01385	0.02726	0.73484	0.03239	0.01536	0.00648	0.00202	0.00315	0.01390	0.00474	0.08424
66	0.01587	0.03707	0.01461	0.01233	0.01512	0.34277	0.05465	0.13386	0.12173	0.01768	0.01481	0.08982	0.04199	0.00829	0.02995	0.00182	0.03157	0.00565	0.00376	0.00667
67	0.00953	0.00490	0.00504	0.00516	0.00630	0.00487	0.00381	0.01185	0.01099	0.01912	0.01837	0.09480	0.01558	0.00715	0.00399	0.00132	0.00252	0.00589	0.76395	0.00487
68	0.00713	0.00536	0.00729	0.08264	0.01050	0.00522	0.00577	0.00830	0.01001	0.01343	0.02513	0.62588	0.02950	0.08180	0.00815	0.00229	0.00366	0.01278	0.00442	0.05074
69	0.01232	0.08991	0.03989	0.01834	0.02202	0.01493	0.44852	0.01554	0.01095	0.01522	0.00921	0.01283	0.00755	0.00593	0.00933	0.00188	0.25102	0.00538	0.00252	0.00670
70	0.00668	0.00525	0.00603	0.00610	0.00747	0.00461	0.00447	0.00833	0.01269	0.01640	0.28461	0.16897	0.42346	0.01306	0.00632	0.00180	0.00268	0.01126	0.00520	0.00461
71	0.01382	0.13844	0.06540	0.00970	0.01432	0.07827	0.00852	0.13361	0.01355	0.02999	0.00967	0.01085	0.00777	0.00464	0.00422	0.00108	0.00523	0.00345	0.00329	0.44419
72	0.00644	0.00460	0.00613	0.00736	0.00767	0.00429	0.00491	0.00736	0.01012	0.01350	0.02914	0.81076	0.03497	0.01656	0.00675	0.00215	0.00307	0.01503	0.00491	0.00429
73	0.00918	0.00459	0.00689	0.00689	0.00689	0.00459	0.00459	0.00689	0.00689	0.00918	0.00918	0.01607	0.00918	0.01837	0.02066	0.84619	0.00459	0.00459	0.00230	0.00230
74	0.01020	0.00975	0.01700	0.64050	0.08273	0.01152	0.07823	0.01364	0.01080	0.01405	0.01064	0.05822	0.00877	0.00580	0.00544	0.00177	0.00694	0.00540	0.00254	0.00606
75	0.01183	0.00627	0.00659	0.00600	0.00774	0.00637	0.00465	0.09651	0.01286	0.06759	0.01696	0.01883	0.01302	0.00620	0.00397	0.00130	0.00296	0.00493	0.69980	0.00562
76	0.00755	0.00566	0.00850	0.00850	0.00944	0.00661	0.00661	0.00944	0.00850	0.01227	0.01416	0.02077	0.01322	0.03965	0.79326	0.00850	0.01416	0.00566	0.00283	0.00472
77	0.00628	0.00524	0.00548	0.00567	0.00722	0.00444	0.00416	0.00755	0.01175	0.01416	0.04976	0.16906	0.66335	0.01388	0.00633	0.00184	0.00274	0.01176	0.00491	0.00444
78	0.01172	0.01175	0.01602	0.60374	0.08122	0.10746	0.01392	0.03274	0.03079	0.01436	0.00963	0.01354	0.00738	0.00540	0.00541	0.00171	0.01987	0.00457	0.00256	0.00620
79	0.00767	0.00521	0.00619	0.00619	0.00634	0.00536	0.00373	0.00796	0.00781	0.01056	0.01627	0.03244	0.01829	0.69374	0.14610	0.00565	0.00653	0.00737	0.00315	0.00344
80	0.00639	0.00540	0.00555	0.00562	0.00737	0.00456	0.00429	0.00779	0.01206	0.01437	0.05201	0.05141	0.73371	0.01346	0.00631	0.00182	0.00281	0.05567	0.00491	0.00449
81	0.01090	0.01021	0.01659	0.57487	0.18105	0.01204	0.01439	0.01543	0.08311	0.01507	0.01065	0.01443	0.00817	0.00535	0.00528	0.00173	0.00662	0.00482	0.00269	0.00660
82	0.01173	0.01104	0.01862	0.19079	0.53936	0.01150	0.01470	0.01473	0.01155	0.01610	0.01194	0.08977	0.01098	0.00612	0.00542	0.00168	0.00611	0.01765	0.00281	0.00741
83	0.00935	0.00653	0.00805	0.00733	0.00901	0.00634	0.00557	0.04220	0.08690	0.06274	0.58347	0.03583	0.07796	0.02734	0.00651	0.00175	0.00296	0.00884	0.00570	0.00562
84	0.01851	0.02322	0.01432	0.01310	0.01564	0.71331	0.00985	0.01993	0.01432	0.01287	0.00878	0.01067	0.00746	0.00891	0.08466	0.00208	0.01000	0.00363	0.00273	0.00599
85	0.01262	0.36404	0.42041	0.01238	0.01855	0.03587	0.01454	0.03868	0.01149	0.01530	0.00864	0.01002	0.00681	0.00486	0.00433	0.00143	0.00688	0.00346	0.00235	0.00737
86	0.01370	0.09009	0.02170	0.06968	0.53598	0.08480	0.06354	0.02859	0.01234	0.01645	0.00960	0.01245	0.00799	0.00480	0.00509	0.00153	0.00672	0.00451	0.00263	0.00781
87	0.01176	0.01121	0.01907	0.36040	0.46362	0.01221	0.01557	0.01507	0.01141	0.01567	0.00971	0.01352	0.00781	0.00496	0.00526	0.00165	0.00661	0.00471	0.00250	0.00731
88	0.85155	0.01022	0.00777	0.00695	0.01022	0.01186	0.00573	0.01554	0.00900	0.02372	0.00736	0.00859	0.00573	0.00491	0.00327	0.00164	0.00409	0.00286	0.00327	0.00573
89	0.09429	0.01058	0.01112	0.00946	0.01240	0.05322	0.00752	0.20509	0.08589	0.12207	0.11834	0.08316	0.03501	0.02461	0.00581	0.00173	0.00462	0.04830	0.00495	0.06184
90	0.01082	0.06628	0.67412	0.01407	0.02142	0.01223	0.01773	0.01637	0.01112	0.01657	0.00937	0.01100	0.00681	0.00489	0.00483	0.00156	0.00733	0.00378	0.00232	0.08738
91	0.79723	0.01052	0.00830	0.00729	0.01063	0.01216	0.00601	0.06442	0.01003	0.02435	0.00771	0.00886	0.00594	0.00500	0.00340	0.00163	0.00420	0.00299	0.00340	0.00594
92	0.01022	0.01048	0.02044	0.06453	0.07004	0.01010	0.38614	0.01330	0.01172	0.01571	0.03708	0.20517	0.08847	0.00845	0.00645	0.00186	0.02162	0.00862	0.00345	0.00614
93	0.01092	0.09712	0.71978	0.01454	0.02206	0.01304	0.01861	0.01666	0.01112	0.01636	0.00930	0.01092	0.00670	0.00498	0.00488	0.00163	0.00762	0.00381	0.00223	0.00772
94	0.01094	0.10234	0.71476	0.01450	0.02200	0.01310	0.01854	0.01666	0.01112	0.01633	0.00928	0.01091	0.00671	0.00498	0.00487	0.00162	0.00761	0.00380	0.00224	0.00772
95	0.01221	0.01047	0.01112	0.01018	0.01295	0.01190	0.00796	0.02511	0.65354	0.02099	0.02495	0.02510	0.08943	0.00821	0.00558	0.00183	0.00408	0.05130	0.00530	0.00778
96	0.01105	0.01037	0.01695	0.53766	0.22443	0.01207	0.01453	0.01545	0.07611	0.01520	0.01057	0.01432	0.00816	0.00530	0.00528	0.00172	0.00661	0.00481	0.00268	0.00672
97	0.01308	0.01256	0.02146	0.03245	0.78123	0.01256	0.01622	0.01622	0.01204	0.01727	0.00994	0.01308	0.00837	0.00471	0.00523	0.00157	0.00628	0.00471	0.00262	0.00837
98	0.02372	0.00900	0.01227	0.00941	0.01350	0.00777	0.00777	0.02576	0.01513	0.78489	0.02086	0.01799	0.01309	0.00654	0.00532	0.00164	0.00450	0.00532	0.00654	0.00900
99	0.00767	0.00519	0.00609	0.00609	0.00621	0.00530	0.00361	0.00790	0.00778	0.01049	0.01636	0.03294	0.01850	0.72128	0.11885	0.00553	0.00621	0.00745	0.00316	0.00339
100	0.01326	0.62116	0.21625	0.01054	0.01588	0.01877	0.01165	0.01606	0.01085	0.01351	0.00788	0.00915	0.00676	0.00465	0.00380	0.00127	0.00619	0.00309	0.00225	0.00704
101	0.00769	0.00513	0.00577	0.00577	0.00577	0.00513	0.00320	0.00769	0.00769	0.01025	0.01666	0.03460	0.01922	0.81421	0.02691	0.00513	0.00513	0.00769	0.00320	0.00320
102	0.01006	0.00743	0.00953	0.01003	0.01170	0.00775	0.00859	0.08408	0.09047	0.01809	0.02590	0.06245	0.02701	0.01309	0.00691	0.00228	0.00486	0.58920	0.00496	0.00561
103	0.00651	0.00465	0.00620	0.00731	0.00768	0.00434	0.00491	0.00753	0.01044	0.01400	0.07810	0.76037	0.03594	0.01619	0.00671	0.00212	0.00303	0.01467	0.00497	0.00434
104	0.16083	0.01939	0.01548	0.01300	0.01638	0.42020	0.08078	0.17821	0.01583	0.01950	0.00924	0.01050	0.00721	0.00545	0.00476	0.00150	0.00775	0.00387	0.00336	0.00677
105	0.00863	0.00701	0.01007	0.00952	0.01024	0.00875	0.00756	0.01034	0.00853	0.01275	0.01267	0.01879	0.01186	0.04505	0.55155	0.00657	0.20032	0.00542	0.04941	0.00495
106	0.00716	0.00537	0.00663	0.00636	0.00771	0.00484	0.00475	0.00933	0.01413	0.01933	0.58393	0.06252	0.22534	0.01158	0.00625	0.00170	0.00255	0.01009	0.00558	0.00484

[dist]
# distance from previous block
# <min> <max>
0	1

[block]
# block no. 1 follows, 46 sequences, length 22
# corresponding to MSA columns:
# 288-309
name=unknown_B
#
# <colnr> <probs for GDERKNQSTAVLIFYWHMCP>
#	G	D	E	R	K	N	Q	S	T	A	V	L	I	F	Y	W	H	M	C	P
0	0.85155	0.01022	0.00777	0.00695	0.01022	0.01186	0.00573	0.01554	0.00900	0.02372	0.00736	0.00859	0.00573	0.00491	0.00327	0.00164	0.00409	0.00286	0.00327	0.00573
1	0.01682	0.01259	0.03172	0.01186	0.01529	0.11336	0.10477	0.09563	0.13770	0.24141	0.02965	0.01938	0.01336	0.05589	0.02067	0.00200	0.00602	0.03971	0.02469	0.00747
2	0.01413	0.81739	0.02770	0.00905	0.01357	0.02092	0.00905	0.01583	0.01074	0.01244	0.00735	0.00848	0.00678	0.00452	0.00339	0.00113	0.00565	0.00283	0.00226	0.00678
3	0.00751	0.00558	0.00610	0.00585	0.00766	0.00476	0.00443	0.00912	0.01282	0.06016	0.19803	0.04668	0.58764	0.01247	0.00619	0.00175	0.00275	0.01050	0.00519	0.00483
4	0.04341	0.01224	0.05079	0.01051	0.01471	0.05743	0.00896	0.19596	0.01703	0.50698	0.01730	0.01568	0.01126	0.00632	0.00521	0.00161	0.00526	0.00494	0.00573	0.00868
5	0.02117	0.01309	0.01480	0.01135	0.01554	0.01385	0.00938	0.54562	0.02198	0.25536	0.01510	0.01426	0.01020	0.00640	0.00530	0.00160	0.00543	0.00492	0.00566	0.00899
6	0.74564	0.01007	0.00835	0.00727	0.01064	0.01134	0.00599	0.01685	0.00978	0.12110	0.00909	0.00979	0.00667	0.00512	0.00353	0.00164	0.00414	0.00318	0.00369	0.00614
7	0.01141	0.00966	0.01120	0.00804	0.01272	0.00750	0.00645	0.04977	0.01164	0.01801	0.00956	0.01105	0.00789	0.00403	0.00398	0.00082	0.00401	0.00321	0.00324	0.80583
8	0.00710	0.00524	0.00664	0.00660	0.00774	0.00478	0.00483	0.00913	0.01361	0.01872	0.52955	0.18813	0.15378	0.01228	0.00633	0.00177	0.00263	0.01084	0.00551	0.00478
9	0.00918	0.00459	0.00689	0.00689	0.00689	0.00459	0.00459	0.00689	0.00689	0.00918	0.00918	0.01607	0.00918	0.01837	0.02066	0.84619	0.00459	0.00459	0.00230	0.00230
10	0.00911	0.00739	0.01124	0.01084	0.01262	0.00737	0.10412	0.01262	0.07997	0.01598	0.02588	0.12003	0.05835	0.04981	0.00780	0.00236	0.00507	0.44955	0.00456	0.00532
11	0.01125	0.11579	0.60355	0.01530	0.02243	0.01340	0.11333	0.01666	0.01128	0.01628	0.00940	0.01125	0.00688	0.00489	0.00499	0.00163	0.00771	0.00408	0.00229	0.00761
12	0.00755	0.00566	0.00850	0.00850	0.00944	0.00661	0.00661	0.00944	0.00850	0.01227	0.01416	0.02077	0.01322	0.03965	0.79326	0.00850	0.01416	0.00566	0.00283	0.00472
13	0.00625	0.00536	0.00536	0.00536	0.00714	0.00446	0.00402	0.00759	0.01205	0.01428	0.05355	0.05088	0.77909	0.01339	0.00625	0.00179	0.00268	0.01116	0.00491	0.00446
14	0.01949	0.01113	0.01268	0.01036	0.01403	0.04212	0.00834	0.11120	0.27786	0.40376	0.01964	0.01764	0.01342	0.00669	0.00531	0.00167	0.00474	0.00540	0.00584	0.00866
15	0.00768	0.00517	0.00600	0.00600	0.00608	0.00525	0.00350	0.00784	0.00776	0.01043	0.01644	0.03340	0.01870	0.74712	0.09329	0.00542	0.00591	0.00751	0.00317	0.00333
16	0.00657	0.00470	0.00625	0.00727	0.00770	0.00438	0.00492	0.00770	0.01074	0.01448	0.12500	0.71209	0.03687	0.01583	0.00668	0.00209	0.00299	0.01433	0.00502	0.00438
17	0.01279	0.01226	0.02093	0.10516	0.71081	0.01248	0.01608	0.01597	0.01190	0.01692	0.00989	0.01318	0.00825	0.00476	0.00524	0.00159	0.00635	0.00471	0.00259	0.00814
18	0.01910	0.01401	0.01618	0.01453	0.11395	0.01523	0.01062	0.58944	0.05722	0.07606	0.01324	0.01339	0.00949	0.00619	0.00529	0.00160	0.00572	0.00484	0.00503	0.00888
19	0.00917	0.00640	0.00806	0.00851	0.00982	0.00641	0.00652	0.02853	0.10879	0.06215	0.02835	0.39011	0.07782	0.01424	0.02053	0.00222	0.00398	0.19799	0.00503	0.00537
20	0.01251	0.00933	0.01146	0.00835	0.01287	0.00721	0.02350	0.01483	0.01151	0.11534	0.01140	0.03241	0.00920	0.00459	0.00422	0.00095	0.00408	0.00379	0.00360	0.69885
21	0.12558	0.00862	0.01057	0.00856	0.01187	0.00816	0.00697	0.03722	0.02686	0.47683	0.09296	0.02172	0.08812	0.00745	0.00551	0.00166	0.02476	0.00593	0.02306	0.00759

[dist]
# distance from previous block
# <min> <max>
0	6

[block]
# block no. 2 follows, 46 sequences, length 9
# corresponding to MSA columns:
# 345-353
name=unknown_C
#
# <colnr> <probs for GDERKNQSTAVLIFYWHMCP>
#	G	D	E	R	K	N	Q	S	T	A	V	L	I	F	Y	W	H	M	C	P
0	0.01207	0.00811	0.01132	0.03965	0.05339	0.00803	0.05006	0.05044	0.09063	0.15513	0.11623	0.25306	0.05289	0.01028	0.00616	0.00183	0.01721	0.03267	0.00495	0.02588
1	0.01532	0.01531	0.01289	0.01154	0.01417	0.25509	0.00887	0.13461	0.29427	0.01949	0.01647	0.11866	0.01427	0.00782	0.00581	0.00169	0.03611	0.00613	0.00436	0.00714
2	0.04661	0.00911	0.01129	0.00892	0.01262	0.00810	0.02534	0.03574	0.09339	0.24377	0.06082	0.08634	0.01507	0.00666	0.00493	0.00139	0.00413	0.00561	0.00473	0.31544
3	0.01369	0.01445	0.02482	0.01844	0.02265	0.08236	0.48008	0.11411	0.01389	0.01835	0.03766	0.01454	0.00962	0.00669	0.03528	0.00200	0.07551	0.00576	0.00311	0.00701
4	0.01101	0.17456	0.59841	0.01337	0.02021	0.01344	0.01665	0.01603	0.01113	0.01579	0.01166	0.01298	0.05191	0.00542	0.00479	0.00158	0.00711	0.00413	0.00239	0.00742
5	0.01129	0.18056	0.63960	0.01390	0.02107	0.01395	0.01750	0.01657	0.01108	0.01591	0.00907	0.01064	0.00671	0.00493	0.00471	0.00157	0.00739	0.00370	0.00224	0.00761
6	0.01722	0.01267	0.01382	0.01127	0.01479	0.01395	0.00913	0.50107	0.15978	0.05552	0.01675	0.08684	0.01372	0.00778	0.00553	0.00171	0.00518	0.03969	0.00530	0.00827
7	0.01167	0.01238	0.02322	0.12079	0.02336	0.01380	0.38456	0.01473	0.01058	0.01483	0.00949	0.01409	0.00795	0.03621	0.01060	0.00208	0.27522	0.00555	0.00253	0.00637
8	0.01048	0.00977	0.01536	0.65618	0.03225	0.01217	0.01369	0.01537	0.11001	0.01459	0.01085	0.01470	0.00823	0.00574	0.00594	0.00180	0.04907	0.00486	0.00274	0.00619

[dist]
# distance from previous block
# <min> <max>
0	3

[block]
# block no. 3 follows, 46 sequences, length 34
# corresponding to MSA columns:
# 357-387,389-391
name=unknown_D
#
# <colnr> <probs for GDERKNQSTAVLIFYWHMCP>
#	G	D	E	R	K	N	Q	S	T	A	V	L	I	F	Y	W	H	M	C	P
0	0.00704	0.00519	0.00659	0.00666	0.00773	0.00473	0.00483	0.00896	0.01330	0.01823	0.48254	0.24310	0.14618	0.01267	0.00637	0.00181	0.00267	0.01121	0.00546	0.00473
1	0.00998	0.00940	0.01586	0.80150	0.03641	0.01175	0.01468	0.01351	0.01057	0.01351	0.00940	0.01409	0.00705	0.00529	0.00529	0.00176	0.00705	0.00470	0.00235	0.00587
2	0.01283	0.01218	0.02019	0.02946	0.68802	0.01189	0.01502	0.01587	0.01191	0.01727	0.00988	0.01283	0.00831	0.00461	0.00507	0.00147	0.00599	0.00452	0.00268	0.11000
3	0.01238	0.00675	0.00866	0.00753	0.00975	0.00616	0.00587	0.01526	0.05263	0.24330	0.44962	0.03333	0.10785	0.00963	0.00593	0.00167	0.00318	0.00830	0.00592	0.00628
4	0.00755	0.00566	0.00850	0.00850	0.00944	0.00661	0.00661	0.00944	0.00850	0.01227	0.01416	0.02077	0.01322	0.03965	0.79326	0.00850	0.01416	0.00566	0.00283	0.00472
5	0.01243	0.01413	0.03045	0.02186	0.02694	0.01351	0.72462	0.01672	0.01226	0.01672	0.01051	0.01413	0.00797	0.00470	0.00679	0.00181	0.04857	0.00616	0.00266	0.00706
6	0.01329	0.01111	0.01874	0.25204	0.42399	0.01159	0.04428	0.01642	0.01200	0.10917	0.01213	0.01488	0.02613	0.00529	0.00532	0.00165	0.00631	0.00499	0.00307	0.00758
7	0.02372	0.00900	0.01227	0.00941	0.01350	0.00777	0.00777	0.02576	0.01513	0.78489	0.02086	0.01799	0.01309	0.00654	0.00532	0.00164	0.00450	0.00532	0.00654	0.00900
8	0.00652	0.00537	0.00574	0.00564	0.00731	0.00458	0.00423	0.00812	0.01270	0.01582	0.21453	0.04835	0.61715	0.01282	0.00625	0.00176	0.00264	0.01080	0.00511	0.00458
9	0.00702	0.00514	0.00659	0.00674	0.00775	0.00471	0.00486	0.00889	0.01312	0.01802	0.46398	0.28654	0.12119	0.01291	0.00640	0.00183	0.00270	0.01147	0.00543	0.00471
10	0.01200	0.00959	0.01043	0.00941	0.01204	0.01051	0.00734	0.05154	0.47787	0.05345	0.12858	0.02761	0.12836	0.00870	0.00567	0.00178	0.00384	0.02859	0.00540	0.00731
11	0.01096	0.00940	0.01096	0.00783	0.01253	0.00705	0.00626	0.01331	0.01096	0.01723	0.00940	0.01096	0.00783	0.00392	0.00392	0.00078	0.00392	0.00313	0.00313	0.84653
12	0.01203	0.01038	0.01095	0.01016	0.01277	0.02986	0.00799	0.02367	0.57717	0.02055	0.05625	0.02731	0.07172	0.00862	0.00569	0.00185	0.00422	0.09611	0.00524	0.00748
13	0.01270	0.01284	0.01608	0.01376	0.01422	0.07860	0.01137	0.05499	0.00958	0.01388	0.00736	0.01147	0.00704	0.00879	0.01567	0.00220	0.69643	0.00454	0.00251	0.00599
14	0.11330	0.01127	0.01457	0.01268	0.01317	0.03022	0.01049	0.01297	0.00850	0.01415	0.00836	0.04593	0.00843	0.00906	0.01475	0.00221	0.64257	0.01907	0.00260	0.00570
15	0.00737	0.00556	0.00683	0.00649	0.00790	0.00510	0.00487	0.00997	0.03535	0.01974	0.60172	0.04139	0.20558	0.01126	0.00621	0.00169	0.00258	0.00980	0.00561	0.00497
16	0.01060	0.02735	0.78682	0.01507	0.02288	0.01228	0.01953	0.01674	0.01116	0.01674	0.00949	0.01116	0.00670	0.00502	0.00502	0.00167	0.00781	0.00391	0.00223	0.00781
17	0.11422	0.01377	0.02835	0.02042	0.02552	0.01319	0.67033	0.01677	0.01206	0.01776	0.01029	0.01357	0.00774	0.00451	0.00588	0.00176	0.00833	0.00583	0.00275	0.00696
18	0.00655	0.00482	0.00631	0.00736	0.00777	0.00459	0.00500	0.00750	0.01022	0.01354	0.03049	0.73352	0.09147	0.01615	0.00696	0.00212	0.02195	0.01449	0.00485	0.00434
19	0.00918	0.00459	0.00689	0.00689	0.00689	0.00459	0.00459	0.00689	0.00689	0.00918	0.00918	0.01607	0.00918	0.01837	0.02066	0.84619	0.00459	0.00459	0.00230	0.00230
20	0.01209	0.01155	0.01966	0.27895	0.54250	0.01230	0.01573	0.01535	0.01157	0.01606	0.00977	0.01341	0.00795	0.00489	0.00525	0.00163	0.00653	0.00471	0.00253	0.00757
21	0.01365	0.70853	0.13230	0.00988	0.01485	0.01973	0.01049	0.01596	0.01080	0.01303	0.00764	0.00885	0.00677	0.00459	0.00362	0.00121	0.00595	0.00298	0.00226	0.00693
22	0.00755	0.00566	0.00850	0.00850	0.00944	0.00661	0.00661	0.00944	0.00850	0.01227	0.01416	0.02077	0.01322	0.03965	0.79326	0.00850	0.01416	0.00566	0.00283	0.00472
23	0.01080	0.07111	0.74477	0.01473	0.02236	0.01276	0.01895	0.01669	0.01114	0.01650	0.00937	0.01101	0.00670	0.00499	0.00493	0.00164	0.00769	0.00385	0.00223	0.00776
24	0.02028	0.02160	0.01479	0.01288	0.01601	0.57576	0.00989	0.13834	0.01655	0.10974	0.01042	0.01106	0.00791	0.00572	0.00492	0.00143	0.00834	0.00385	0.00359	0.00693
25	0.00769	0.00513	0.00577	0.00577	0.00577	0.00513	0.00320	0.00769	0.00769	0.01025	0.01666	0.03460	0.01922	0.81421	0.02691	0.00513	0.00513	0.00769	0.00320	0.00320
26	0.01060	0.02735	0.78682	0.01507	0.02288	0.01228	0.01953	0.01674	0.01116	0.01674	0.00949	0.01116	0.00670	0.00502	0.00502	0.00167	0.00781	0.00391	0.00223	0.00781
27	0.01975	0.02520	0.01498	0.01362	0.01634	0.79299	0.01021	0.02111	0.01498	0.01294	0.00817	0.00953	0.00681	0.00545	0.00477	0.00136	0.00953	0.00340	0.00272	0.00613
28	0.01817	0.01594	0.10891	0.01236	0.01689	0.01553	0.01101	0.59131	0.10618	0.03006	0.01328	0.01329	0.00951	0.00628	0.00527	0.00162	0.00588	0.00479	0.00493	0.00878
29	0.00800	0.00612	0.00742	0.00697	0.00850	0.00590	0.00526	0.01184	0.10631	0.02035	0.58598	0.03867	0.14707	0.01073	0.00613	0.00170	0.00272	0.00935	0.00564	0.00532
30	0.02001	0.01725	0.01566	0.01251	0.01638	0.19893	0.01009	0.58909	0.02253	0.02853	0.01163	0.01195	0.00848	0.00614	0.00517	0.00153	0.00669	0.00444	0.00469	0.00832
31	0.01041	0.00985	0.01655	0.68109	0.12595	0.01200	0.01476	0.01381	0.01066	0.01394	0.00938	0.01388	0.00720	0.00535	0.00570	0.00176	0.03445	0.00470	0.00238	0.00617
32	0.01566	0.01179	0.02091	0.01555	0.01993	0.01128	0.35819	0.02084	0.13110	0.24203	0.03343	0.01660	0.01172	0.00571	0.00596	0.00171	0.02282	0.00584	0.00431	0.04461
33	0.00810	0.00584	0.00731	0.00794	0.00873	0.00576	0.00553	0.09906	0.01191	0.01590	0.02714	0.71399	0.03182	0.01532	0.00657	0.00208	0.00340	0.01378	0.00495	0.00486

[dist]
# distance from previous block
# <min> <max>
0	52

[block]
# block no. 4 follows, 46 sequences, length 43
# corresponding to MSA columns:
# 444-482,485-488
name=unknown_E
#
# <colnr> <probs for GDERKNQSTAVLIFYWHMCP>
#	G	D	E	R	K	N	Q	S	T	A	V	L	I	F	Y	W	H	M	C	P
0	0.02372	0.00900	0.01227	0.00941	0.01350	0.00777	0.00777	0.02576	0.01513	0.78489	0.02086	0.01799	0.01309	0.00654	0.00532	0.00164	0.00450	0.00532	0.00654	0.00900
1	0.01308	0.01256	0.02146	0.03245	0.78123	0.01256	0.01622	0.01622	0.01204	0.01727	0.00994	0.01308	0.00837	0.00471	0.00523	0.00157	0.00628	0.00471	0.00262	0.00837
2	0.71658	0.00945	0.00766	0.00690	0.00985	0.01076	0.00561	0.01465	0.00995	0.02332	0.13066	0.01353	0.01279	0.00585	0.00375	0.00164	0.00383	0.00393	0.00368	0.00561
3	0.00751	0.00568	0.00706	0.00790	0.00864	0.00571	0.00546	0.01068	0.13190	0.01487	0.02792	0.68427	0.03195	0.01506	0.00653	0.00209	0.00325	0.01358	0.00498	0.00495
4	0.00669	0.00493	0.00627	0.00688	0.00765	0.00450	0.00480	0.00810	0.01170	0.01568	0.23403	0.49358	0.14661	0.01456	0.00654	0.00196	0.00286	0.01300	0.00515	0.00450
5	0.02089	0.01364	0.01454	0.01132	0.01532	0.06876	0.00925	0.47801	0.02094	0.25294	0.01486	0.01448	0.01025	0.02278	0.00570	0.00166	0.00568	0.00489	0.00543	0.00867
6	0.01091	0.09659	0.72028	0.01454	0.02206	0.01303	0.01861	0.01666	0.01112	0.01636	0.00930	0.01093	0.00670	0.00498	0.00488	0.00163	0.00762	0.00381	0.00223	0.00772
7	0.00759	0.00553	0.00782	0.00782	0.00853	0.00624	0.00577	0.00901	0.00830	0.01177	0.01478	0.02419	0.01470	0.23139	0.60355	0.00766	0.01192	0.00617	0.00292	0.00434
8	0.01245	0.01418	0.03073	0.02202	0.02721	0.01346	0.73888	0.01680	0.01234	0.01680	0.01058	0.01418	0.00799	0.00460	0.00658	0.00180	0.03346	0.00619	0.00266	0.00709
9	0.01152	0.00973	0.01126	0.00810	0.01277	0.00762	0.00650	0.05944	0.01182	0.01822	0.00960	0.01107	0.00790	0.00406	0.00400	0.00083	0.00403	0.00323	0.00326	0.79504
10	0.01257	0.01209	0.02078	0.15520	0.64529	0.01245	0.03264	0.01581	0.01181	0.01666	0.00987	0.01327	0.00815	0.00480	0.00526	0.00161	0.00646	0.00474	0.00258	0.00795
11	0.00873	0.00714	0.00970	0.00905	0.00939	0.00879	0.00680	0.00975	0.00810	0.01169	0.01301	0.02306	0.01357	0.30463	0.30382	0.00556	0.23383	0.00609	0.00282	0.00448
12	0.01876	0.01984	0.01335	0.01192	0.01454	0.55340	0.00893	0.02038	0.03145	0.13626	0.01154	0.01418	0.00954	0.10438	0.00757	0.00187	0.00807	0.00429	0.00345	0.00628
13	0.02065	0.01479	0.01521	0.01185	0.01593	0.08308	0.00970	0.58054	0.02244	0.15171	0.01360	0.01326	0.00945	0.00630	0.00525	0.00157	0.00593	0.00473	0.00526	0.00874
14	0.02372	0.00900	0.01227	0.00941	0.01350	0.00777	0.00777	0.02576	0.01513	0.78489	0.02086	0.01799	0.01309	0.00654	0.00532	0.00164	0.00450	0.00532	0.00654	0.00900
15	0.01117	0.01061	0.01800	0.50697	0.32166	0.01206	0.01527	0.01455	0.01113	0.01495	0.00961	0.01371	0.00756	0.00507	0.00527	0.00169	0.00675	0.00470	0.00245	0.00683
16	0.02336	0.00892	0.01215	0.00934	0.01337	0.00771	0.00771	0.02541	0.01513	0.76784	0.03778	0.01847	0.01391	0.00664	0.00534	0.00164	0.00445	0.00541	0.00653	0.00891
17	0.01008	0.00598	0.00790	0.00709	0.00879	0.00543	0.00543	0.01250	0.01499	0.14332	0.65730	0.03605	0.04400	0.01013	0.00609	0.00166	0.00281	0.00888	0.00594	0.00563
18	0.00737	0.00549	0.00812	0.00831	0.00916	0.00624	0.00634	0.00911	0.00876	0.01247	0.01656	0.14709	0.01669	0.03596	0.66749	0.00748	0.01239	0.00716	0.00316	0.00465
19	0.01020	0.00962	0.01624	0.74816	0.08807	0.01180	0.01479	0.01370	0.01067	0.01377	0.00943	0.01402	0.00714	0.00525	0.00528	0.00175	0.00699	0.00470	0.00237	0.00605
20	0.01060	0.02735	0.78682	0.01507	0.02288	0.01228	0.01953	0.01674	0.01116	0.01674	0.00949	0.01116	0.00670	0.00502	0.00502	0.00167	0.00781	0.00391	0.00223	0.00781
21	0.01004	0.00948	0.01612	0.74662	0.05442	0.01163	0.03116	0.01351	0.01064	0.01368	0.00989	0.03217	0.00774	0.00551	0.00534	0.00177	0.00698	0.00497	0.00242	0.00593
22	0.01308	0.01256	0.02146	0.03245	0.78123	0.01256	0.01622	0.01622	0.01204	0.01727	0.00994	0.01308	0.00837	0.00471	0.00523	0.00157	0.00628	0.00471	0.00262	0.00837
23	0.01274	0.01205	0.01978	0.02851	0.65831	0.01168	0.01463	0.01576	0.01187	0.01726	0.00986	0.01274	0.00829	0.00458	0.00502	0.00144	0.00590	0.00446	0.00270	0.14240
24	0.00739	0.00544	0.00783	0.00802	0.00876	0.00608	0.00597	0.00892	0.00867	0.01225	0.01682	0.14858	0.01734	0.11911	0.58522	0.00712	0.01142	0.00738	0.00320	0.00449
25	0.00877	0.00646	0.00743	0.00708	0.00866	0.00641	0.00531	0.01271	0.15357	0.02894	0.25868	0.03575	0.23172	0.05163	0.00826	0.07591	0.00327	0.03117	0.05305	0.00520
26	0.01372	0.72491	0.11657	0.00975	0.01466	0.01991	0.01027	0.01594	0.01079	0.01294	0.00760	0.00879	0.00677	0.00458	0.00358	0.00119	0.00591	0.00295	0.00226	0.00690
27	0.15695	0.15796	0.42927	0.01322	0.01920	0.01391	0.08015	0.01626	0.01072	0.01709	0.00877	0.01054	0.00667	0.00501	0.00497	0.00161	0.03431	0.00377	0.00246	0.00715
28	0.00628	0.00523	0.00548	0.00568	0.00722	0.00444	0.00416	0.00755	0.01174	0.01416	0.04965	0.17239	0.66010	0.01390	0.00633	0.00184	0.00274	0.01178	0.00491	0.00444
29	0.01555	0.66093	0.05136	0.00931	0.01388	0.01852	0.00920	0.01745	0.01146	0.13611	0.00958	0.01009	0.00779	0.00486	0.00376	0.00123	0.00554	0.00326	0.00295	0.00717
30	0.00970	0.00645	0.01058	0.13541	0.01366	0.00680	0.07271	0.00965	0.03440	0.01124	0.01022	0.02816	0.00945	0.01444	0.01592	0.58126	0.00529	0.00497	0.01611	0.00357
31	0.04123	0.02135	0.01422	0.01238	0.01557	0.57778	0.00944	0.08479	0.01504	0.01571	0.00874	0.01001	0.00713	0.00527	0.00464	0.00130	0.00816	0.00347	0.00303	0.14075
32	0.01064	0.00633	0.00875	0.00924	0.01080	0.00608	0.00778	0.01283	0.01253	0.13878	0.06393	0.14551	0.02918	0.01337	0.00686	0.00223	0.00447	0.50006	0.00519	0.00546
33	0.00650	0.00463	0.00615	0.00730	0.00762	0.00433	0.00487	0.00743	0.01017	0.01359	0.04625	0.77317	0.03491	0.03662	0.00725	0.00221	0.00311	0.01472	0.00489	0.00428
34	0.02260	0.00903	0.01215	0.00927	0.01341	0.00771	0.00764	0.02467	0.01477	0.71761	0.01985	0.01738	0.01263	0.00631	0.00519	0.00156	0.00445	0.00512	0.00624	0.08240
35	0.00774	0.00582	0.00722	0.00680	0.00823	0.00550	0.00512	0.01098	0.06786	0.02050	0.64464	0.03937	0.12856	0.01084	0.00618	0.00169	0.00263	0.00949	0.00569	0.00517
36	0.01096	0.00940	0.01096	0.00783	0.01253	0.00705	0.00626	0.01331	0.01096	0.01723	0.00940	0.01096	0.00783	0.00392	0.00392	0.00078	0.00392	0.00313	0.00313	0.84653
37	0.01093	0.00917	0.01064	0.00777	0.01204	0.00714	0.00610	0.03343	0.01106	0.01706	0.01012	0.01308	0.00886	0.07500	0.00597	0.00119	0.00407	0.00358	0.00320	0.74960
38	0.01491	0.01166	0.01331	0.13732	0.01780	0.02780	0.00961	0.16549	0.41484	0.08944	0.01808	0.01762	0.02478	0.00672	0.00534	0.00173	0.00506	0.00551	0.00492	0.00804
39	0.81827	0.04230	0.00856	0.00704	0.01036	0.01222	0.00586	0.01555	0.00907	0.02327	0.00736	0.00858	0.00577	0.00489	0.00328	0.00162	0.00415	0.00286	0.00323	0.00577
40	0.01757	0.01287	0.01417	0.01154	0.01512	0.01413	0.00955	0.56493	0.07336	0.04301	0.01621	0.03630	0.01349	0.00793	0.00565	0.00175	0.00548	0.12353	0.00524	0.00820
41	0.01106	0.00847	0.01022	0.00876	0.01104	0.02257	0.02340	0.15580	0.01252	0.01777	0.01457	0.03771	0.02807	0.11597	0.27541	0.00421	0.00796	0.00553	0.07527	0.15369
42	0.01253	0.01240	0.03829	0.15502	0.64457	0.01242	0.01605	0.01580	0.01178	0.01666	0.00985	0.01320	0.00812	0.00481	0.00524	0.00160	0.00644	0.00469	0.00257	0.00796

[dist]
# distance from previous block
# <min> <max>
0	1

[block]
# block no. 5 follows, 46 sequences, length 25
# corresponding to MSA columns:
# 537-561
name=unknown_F
#
# <colnr> <probs for GDERKNQSTAVLIFYWHMCP>
#	G	D	E	R	K	N	Q	S	T	A	V	L	I	F	Y	W	H	M	C	P
0	0.01162	0.02566	0.71039	0.01483	0.02231	0.01197	0.03765	0.01741	0.01149	0.07339	0.01036	0.01174	0.00720	0.00512	0.00508	0.00167	0.00760	0.00407	0.00256	0.00788
1	0.01122	0.01046	0.01945	0.01522	0.01860	0.01006	0.36720	0.04929	0.05047	0.04139	0.07111	0.14411	0.03311	0.00877	0.00637	0.00192	0.00632	0.12459	0.00399	0.00635
2	0.01248	0.01426	0.03119	0.02228	0.02763	0.01337	0.76203	0.01693	0.01248	0.01693	0.01070	0.01426	0.00802	0.00446	0.00624	0.00178	0.00891	0.00624	0.00267	0.00713
3	0.00984	0.00598	0.00700	0.00694	0.00755	0.04460	0.00487	0.02513	0.00907	0.01305	0.01298	0.07542	0.01227	0.01515	0.04901	0.46825	0.00464	0.00544	0.21927	0.00356
4	0.00982	0.00661	0.00856	0.00877	0.01043	0.00646	0.00732	0.04957	0.03103	0.07417	0.15126	0.07839	0.11519	0.01275	0.00670	0.00211	0.00417	0.40611	0.00519	0.00541
5	0.03992	0.00951	0.01234	0.00960	0.01355	0.00872	0.00788	0.09184	0.03961	0.65807	0.02006	0.03686	0.01320	0.00676	0.00531	0.00165	0.00456	0.00547	0.00628	0.00879
6	0.00918	0.00459	0.00689	0.00689	0.00689	0.00459	0.00459	0.00689	0.00689	0.00918	0.00918	0.01607	0.00918	0.01837	0.02066	0.84619	0.00459	0.00459	0.00230	0.00230
7	0.01296	0.01243	0.02123	0.06331	0.75134	0.01253	0.01616	0.01612	0.01198	0.01712	0.00992	0.01312	0.00832	0.00473	0.00524	0.00158	0.00631	0.00471	0.00261	0.00827
8	0.01143	0.01124	0.02017	0.41799	0.28752	0.01228	0.13298	0.01497	0.01137	0.01532	0.00979	0.01378	0.00765	0.00496	0.00542	0.00170	0.00708	0.00495	0.00249	0.00692
9	0.00667	0.00470	0.00607	0.00707	0.00732	0.00445	0.00460	0.00742	0.00968	0.01290	0.02686	0.66884	0.03209	0.16241	0.01043	0.00269	0.00344	0.01369	0.00460	0.00409
10	0.00642	0.00469	0.00604	0.00713	0.00761	0.00431	0.00480	0.00739	0.01034	0.01359	0.03195	0.72321	0.12070	0.01620	0.00669	0.00211	0.00302	0.01458	0.00491	0.00431
11	0.03901	0.01013	0.01243	0.01038	0.03918	0.03215	0.00811	0.09362	0.08375	0.53035	0.03317	0.01801	0.02573	0.00663	0.00524	0.00163	0.00466	0.00535	0.03200	0.00849
12	0.00768	0.00514	0.00586	0.00586	0.00589	0.00517	0.00332	0.00775	0.00771	0.01032	0.01657	0.03413	0.01902	0.78832	0.05252	0.00524	0.00543	0.00762	0.00319	0.00325
13	0.01060	0.02735	0.78682	0.01507	0.02288	0.01228	0.01953	0.01674	0.01116	0.01674	0.00949	0.01116	0.00670	0.00502	0.00502	0.00167	0.00781	0.00391	0.00223	0.00781
14	0.01278	0.01280	0.04552	0.08860	0.70206	0.01249	0.01622	0.01604	0.01190	0.01698	0.00989	0.01310	0.00822	0.00476	0.00523	0.00159	0.00639	0.00468	0.00258	0.00817
15	0.57946	0.01189	0.05608	0.00836	0.01198	0.05055	0.00725	0.04077	0.02453	0.13451	0.02592	0.01114	0.00812	0.00539	0.00391	0.00163	0.00467	0.00357	0.00381	0.00648
16	0.01975	0.02520	0.01498	0.01362	0.01634	0.79299	0.01021	0.02111	0.01498	0.01294	0.00817	0.00953	0.00681	0.00545	0.00477	0.00136	0.00953	0.00340	0.00272	0.00613
17	0.01096	0.00940	0.01096	0.00783	0.01253	0.00705	0.00626	0.01331	0.01096	0.01723	0.00940	0.01096	0.00783	0.00392	0.00392	0.00078	0.00392	0.00313	0.00313	0.84653
18	0.01248	0.01426	0.03119	0.02228	0.02763	0.01337	0.76203	0.01693	0.01248	0.01693	0.01070	0.01426	0.00802	0.00446	0.00624	0.00178	0.00891	0.00624	0.00267	0.00713
19	0.00998	0.00940	0.01586	0.80150	0.03641	0.01175	0.01468	0.01351	0.01057	0.01351	0.00940	0.01409	0.00705	0.00529	0.00529	0.00176	0.00705	0.00470	0.00235	0.00587
