[name]
unknown

[dist]
# distance from previous block
# <min> <max>
20	136

[block]
# block no. 0 follows, 50 sequences, length 14
# corresponding to MSA columns:
# 175-188
name=unknown_A
#
# <colnr> <probs for GDERKNQSTAVLIFYWHMCP>
#	G	D	E	R	K	N	Q	S	T	A	V	L	I	F	Y	W	H	M	C	P
0	0.01234	0.49615	0.06861	0.00912	0.01254	0.03654	0.00864	0.04312	0.01080	0.03818	0.04003	0.12513	0.01196	0.00658	0.00490	0.00137	0.06015	0.00487	0.00286	0.00613
1	0.01108	0.00965	0.01503	0.20805	0.27116	0.00976	0.04528	0.04198	0.01082	0.03863	0.01049	0.01525	0.00909	0.12072	0.00766	0.00188	0.00558	0.00465	0.00278	0.16047
2	0.06058	0.03143	0.12613	0.01158	0.01487	0.34300	0.01004	0.11231	0.02818	0.08712	0.01126	0.07768	0.00951	0.00632	0.00532	0.00150	0.04877	0.00458	0.00335	0.00646
3	0.01128	0.00874	0.00958	0.00852	0.01011	0.07243	0.00651	0.07748	0.08139	0.09008	0.24800	0.05614	0.04186	0.12527	0.04014	0.00234	0.09338	0.00683	0.00436	0.00554
4	0.01189	0.00738	0.00941	0.09778	0.05664	0.02569	0.00677	0.01400	0.03605	0.22359	0.11342	0.02853	0.21319	0.12396	0.00820	0.00205	0.00414	0.00706	0.00448	0.00575
5	0.01137	0.09170	0.41934	0.05188	0.06813	0.03086	0.01342	0.01545	0.01101	0.07465	0.03885	0.01310	0.00928	0.00515	0.00450	0.00146	0.00596	0.00409	0.12301	0.00679
6	0.04459	0.14151	0.33617	0.01104	0.01605	0.01153	0.04181	0.04914	0.05576	0.10731	0.01652	0.01674	0.11887	0.00609	0.00471	0.00152	0.00563	0.00485	0.00329	0.00688
7	0.00699	0.00511	0.00676	0.00649	0.00762	0.00488	0.00488	0.00917	0.01300	0.01832	0.62924	0.05837	0.07099	0.01430	0.11908	0.00250	0.00393	0.00871	0.00503	0.00463
8	0.01373	0.01062	0.01541	0.06061	0.36947	0.02947	0.01133	0.12944	0.01394	0.12284	0.12252	0.01831	0.01493	0.00617	0.00516	0.00154	0.00518	0.03819	0.00385	0.00729
9	0.01147	0.03037	0.01484	0.22036	0.01910	0.07436	0.10002	0.05889	0.01173	0.04956	0.14508	0.01722	0.01451	0.02614	0.00777	0.00175	0.15982	0.00534	0.02591	0.00578
10	0.00730	0.00523	0.00587	0.00562	0.00706	0.00459	0.00410	0.00869	0.01161	0.05925	0.22275	0.04143	0.45773	0.12669	0.00860	0.00209	0.00291	0.00938	0.00470	0.00440
11	0.00710	0.00478	0.00609	0.00665	0.00731	0.00445	0.00457	0.00813	0.01012	0.04736	0.10331	0.49592	0.10210	0.12892	0.00892	0.00233	0.00320	0.03997	0.00455	0.00420
12	0.13111	0.22358	0.46473	0.01141	0.01717	0.01331	0.01360	0.01518	0.01026	0.01585	0.03641	0.01051	0.00768	0.00480	0.00416	0.00144	0.00618	0.00348	0.00237	0.00675
13	0.00851	0.00690	0.01046	0.09281	0.12337	0.00704	0.02593	0.01096	0.02342	0.01469	0.03682	0.16242	0.06129	0.01141	0.00622	0.00201	0.00465	0.38191	0.00404	0.00515

[dist]
# distance from previous block
# <min> <max>
0	15

[block]
# block no. 1 follows, 50 sequences, length 30
# corresponding to MSA columns:
# 204-233
name=unknown_B
#
# <colnr> <probs for GDERKNQSTAVLIFYWHMCP>
#	G	D	E	R	K	N	Q	S	T	A	V	L	I	F	Y	W	H	M	C	P
0	0.11073	0.00860	0.01112	0.00862	0.01240	0.00773	0.00712	0.02327	0.01366	0.71545	0.01832	0.01603	0.01161	0.00601	0.00481	0.00154	0.00420	0.00477	0.00584	0.00816
1	0.01072	0.01492	0.22879	0.26528	0.14979	0.03056	0.14031	0.03262	0.01104	0.01509	0.01008	0.04984	0.00817	0.00522	0.00511	0.00162	0.00687	0.00489	0.00246	0.00661
2	0.01085	0.04734	0.01615	0.61345	0.03000	0.01140	0.07193	0.01465	0.05291	0.06856	0.01025	0.01360	0.00757	0.00507	0.00498	0.00163	0.00640	0.00457	0.00267	0.00601
3	0.02227	0.00864	0.01166	0.00894	0.01280	0.00756	0.00739	0.04573	0.01453	0.77538	0.01945	0.01682	0.01223	0.00616	0.00501	0.00154	0.00428	0.00500	0.00614	0.00848
4	0.01733	0.01094	0.01248	0.01005	0.01336	0.01153	0.00810	0.43080	0.06503	0.21023	0.01675	0.14145	0.01367	0.00760	0.00522	0.00160	0.00469	0.00621	0.00522	0.00774
5	0.01355	0.15338	0.10015	0.01310	0.07595	0.01334	0.09966	0.25152	0.07015	0.02931	0.01296	0.10925	0.01134	0.01769	0.00520	0.00157	0.00559	0.00554	0.00366	0.00710
6	0.07606	0.00937	0.01477	0.61859	0.11414	0.01121	0.01301	0.04330	0.01053	0.01461	0.00923	0.02729	0.00723	0.00513	0.00486	0.00163	0.00624	0.00447	0.00246	0.00587
7	0.00961	0.00750	0.01152	0.38928	0.03930	0.02622	0.01905	0.02191	0.02728	0.01157	0.00909	0.01408	0.00778	0.01031	0.01120	0.36768	0.00563	0.00441	0.00232	0.00427
8	0.07232	0.14281	0.43364	0.01189	0.01760	0.01316	0.01360	0.15511	0.01285	0.04936	0.01041	0.01133	0.02461	0.00512	0.00447	0.00148	0.00623	0.00381	0.00292	0.00726
9	0.00758	0.00559	0.00694	0.00663	0.00796	0.00535	0.00495	0.01079	0.08513	0.03010	0.57517	0.10773	0.10599	0.01052	0.00584	0.00163	0.00259	0.00924	0.00531	0.00495
10	0.00896	0.00919	0.14631	0.00847	0.01061	0.00659	0.00744	0.02004	0.07044	0.08052	0.06113	0.38055	0.04354	0.09373	0.02689	0.00227	0.00431	0.00951	0.00419	0.00530
11	0.01048	0.00954	0.01289	0.01129	0.01176	0.01260	0.00915	0.01297	0.11032	0.01329	0.06391	0.01445	0.01090	0.01011	0.02654	0.11214	0.53471	0.00487	0.00280	0.00528
12	0.01349	0.01125	0.01189	0.01037	0.01338	0.01291	0.00815	0.15215	0.65728	0.02262	0.01889	0.01749	0.01409	0.00663	0.00506	0.00166	0.00420	0.00544	0.00506	0.00799
13	0.01360	0.43855	0.17626	0.07277	0.01665	0.12395	0.01104	0.03976	0.01131	0.04325	0.00823	0.00951	0.00669	0.00466	0.00394	0.00128	0.00630	0.00323	0.00244	0.00658
14	0.00725	0.00483	0.00544	0.00544	0.00544	0.00483	0.00302	0.00725	0.00725	0.00966	0.01571	0.03262	0.01812	0.82483	0.02537	0.00483	0.00483	0.00725	0.00302	0.00302
15	0.00655	0.00480	0.00646	0.00737	0.00780	0.00472	0.00524	0.00769	0.01003	0.01349	0.08579	0.64790	0.03256	0.01473	0.00678	0.00202	0.03518	0.09208	0.00459	0.00421
16	0.01302	0.19251	0.01482	0.00977	0.01307	0.01402	0.00807	0.08157	0.52021	0.01944	0.01618	0.01537	0.01240	0.00601	0.00459	0.00150	0.00436	0.00477	0.00432	0.04400
17	0.01034	0.00886	0.01034	0.00738	0.01181	0.00664	0.00591	0.01255	0.01034	0.01624	0.00886	0.01034	0.00738	0.00369	0.00369	0.00074	0.00369	0.00295	0.00295	0.85530
18	0.10081	0.00892	0.01011	0.00740	0.01165	0.00717	0.00595	0.01360	0.01042	0.07182	0.00942	0.01057	0.00752	0.00396	0.00372	0.00088	0.00375	0.00307	0.00319	0.70608
19	0.00899	0.00589	0.00718	0.00665	0.00834	0.00548	0.00505	0.01187	0.07530	0.11205	0.40492	0.09101	0.21719	0.01039	0.00575	0.00163	0.00279	0.00898	0.00527	0.00525
20	0.00921	0.00576	0.00801	0.04492	0.01007	0.00541	0.02317	0.01099	0.01182	0.13101	0.22394	0.30839	0.08516	0.01166	0.00598	0.00181	0.00340	0.08928	0.00491	0.00507
21	0.01479	0.01199	0.06440	0.07076	0.38827	0.04094	0.01238	0.01880	0.09364	0.21422	0.01301	0.01399	0.00956	0.00520	0.00494	0.00153	0.00554	0.00462	0.00365	0.00778
22	0.01255	0.27346	0.43906	0.01190	0.01778	0.01432	0.01388	0.09622	0.01194	0.05248	0.00913	0.01019	0.00685	0.00479	0.00430	0.00141	0.00639	0.00351	0.00261	0.00723
23	0.01869	0.01053	0.01239	0.00967	0.01322	0.01073	0.00792	0.36264	0.03020	0.33585	0.09748	0.01691	0.01431	0.00651	0.00505	0.00152	0.00455	0.00520	0.02866	0.00797
24	0.00761	0.00568	0.00782	0.06466	0.01087	0.00573	0.00706	0.00998	0.03170	0.01524	0.14919	0.20329	0.05796	0.01272	0.00640	0.00204	0.00394	0.38888	0.00459	0.00464
25	0.01166	0.00888	0.01131	0.01103	0.07218	0.02957	0.04969	0.16991	0.07909	0.07033	0.07418	0.27371	0.03884	0.02937	0.00613	0.00182	0.00439	0.04728	0.00452	0.00612
26	0.01565	0.00773	0.00987	0.00816	0.01091	0.00721	0.00650	0.09766	0.03377	0.39226	0.23394	0.08433	0.05356	0.00824	0.00539	0.00159	0.00367	0.00699	0.00565	0.00692
27	0.00618	0.00464	0.00574	0.00636	0.00714	0.00419	0.00443	0.00738	0.01072	0.01405	0.15305	0.50287	0.22711	0.01401	0.00617	0.00187	0.00271	0.01244	0.00476	0.00419
28	0.11452	0.07476	0.36870	0.12902	0.06879	0.01192	0.09265	0.01540	0.01050	0.04590	0.00931	0.01166	0.00698	0.00482	0.00463	0.00156	0.00656	0.01307	0.00249	0.00677
29	0.03318	0.01095	0.01839	0.20173	0.44151	0.01134	0.07274	0.03659	0.01164	0.09840	0.01041	0.01301	0.00801	0.00477	0.00498	0.00154	0.00604	0.00457	0.00289	0.00729

[dist]
# distance from previous block
# <min> <max>
0	2

[block]
# block no. 2 follows, 50 sequences, length 30
# corresponding to MSA columns:
# 236-247,250-267
name=unknown_C
#
# <colnr> <probs for GDERKNQSTAVLIFYWHMCP>
#	G	D	E	R	K	N	Q	S	T	A	V	L	I	F	Y	W	H	M	C	P
0	0.11309	0.00559	0.00702	0.07447	0.01008	0.00579	0.00582	0.00886	0.00965	0.01417	0.03738	0.50103	0.02627	0.05693	0.00692	0.00211	0.00363	0.10266	0.00416	0.00436
1	0.02008	0.11136	0.01436	0.00958	0.01350	0.01002	0.03745	0.08970	0.04906	0.56625	0.01705	0.01534	0.01120	0.00587	0.00482	0.00149	0.00464	0.00474	0.00537	0.00813
2	0.03218	0.68447	0.14580	0.00937	0.01409	0.01826	0.00999	0.01505	0.01015	0.01260	0.00724	0.00839	0.00636	0.00435	0.00343	0.00116	0.00561	0.00282	0.00215	0.00652
3	0.00687	0.00499	0.00596	0.00586	0.00712	0.00452	0.00437	0.00879	0.01258	0.01733	0.43314	0.09650	0.25993	0.01095	0.00571	0.00161	0.00248	0.02200	0.08478	0.00450
4	0.04521	0.01218	0.08509	0.05065	0.38941	0.03205	0.01226	0.06223	0.02751	0.14636	0.04794	0.01533	0.04060	0.00551	0.00494	0.00152	0.00545	0.00484	0.00348	0.00745
5	0.07735	0.00725	0.00880	0.00730	0.01015	0.00658	0.00586	0.01750	0.03058	0.41804	0.08427	0.02517	0.19391	0.00783	0.00501	0.00155	0.00351	0.00640	0.07629	0.00665
6	0.00729	0.00784	0.10559	0.05933	0.01081	0.00583	0.00685	0.00982	0.01252	0.01726	0.45122	0.10781	0.15871	0.01008	0.00573	0.00164	0.00333	0.00878	0.00463	0.00495
7	0.03113	0.00948	0.01346	0.01011	0.01405	0.00849	0.10277	0.08987	0.01391	0.40693	0.06658	0.01593	0.01257	0.00565	0.00488	0.00140	0.00463	0.00488	0.00486	0.17840
8	0.01126	0.01052	0.01989	0.01501	0.01813	0.03125	0.43026	0.06325	0.01080	0.01439	0.01007	0.03240	0.00854	0.00896	0.01031	0.28496	0.00675	0.00539	0.00262	0.00524
9	0.86003	0.00964	0.00733	0.00655	0.00964	0.01118	0.00540	0.01465	0.00848	0.02236	0.00694	0.00810	0.00540	0.00463	0.00308	0.00154	0.00386	0.00270	0.00308	0.00540
10	0.86003	0.00964	0.00733	0.00655	0.00964	0.01118	0.00540	0.01465	0.00848	0.02236	0.00694	0.00810	0.00540	0.00463	0.00308	0.00154	0.00386	0.00270	0.00308	0.00540
11	0.00714	0.00528	0.00769	0.00769	0.00847	0.00606	0.00583	0.00869	0.00792	0.01133	0.01364	0.02121	0.01317	0.13551	0.70791	0.00761	0.01229	0.00558	0.00271	0.00427
12	0.01305	0.06246	0.01208	0.00815	0.01244	0.00867	0.00669	0.10940	0.01243	0.11212	0.01043	0.01119	0.00805	0.00431	0.00398	0.00095	0.00409	0.00337	0.00354	0.59259
13	0.01261	0.01480	0.16783	0.06949	0.02410	0.01166	0.49128	0.01676	0.01173	0.11307	0.01099	0.01334	0.00787	0.00460	0.00550	0.00164	0.00758	0.00528	0.00288	0.00698
14	0.02236	0.00848	0.01157	0.00887	0.01272	0.00733	0.00733	0.02429	0.01427	0.79719	0.01966	0.01697	0.01234	0.00617	0.00501	0.00154	0.00424	0.00501	0.00617	0.00848
15	0.01000	0.02578	0.79900	0.01421	0.02157	0.01158	0.01842	0.01579	0.01052	0.01579	0.00895	0.01052	0.00631	0.00474	0.00474	0.00158	0.00737	0.00368	0.00210	0.00737
16	0.00941	0.00886	0.01495	0.81285	0.03433	0.01107	0.01384	0.01274	0.00997	0.01274	0.00886	0.01329	0.00664	0.00498	0.00498	0.00166	0.00664	0.00443	0.00221	0.00554
17	0.00916	0.00520	0.00606	0.10546	0.00947	0.00545	0.00485	0.01161	0.01063	0.01795	0.06549	0.01913	0.01423	0.00599	0.00383	0.00125	0.00286	0.00490	0.69172	0.00476
18	0.00941	0.00886	0.01495	0.81285	0.03433	0.01107	0.01384	0.01274	0.00997	0.01274	0.00886	0.01329	0.00664	0.00498	0.00498	0.00166	0.00664	0.00443	0.00221	0.00554
19	0.00807	0.00514	0.00626	0.00647	0.00774	0.00453	0.00466	0.00925	0.01093	0.11096	0.05762	0.41648	0.30687	0.01319	0.00601	0.00183	0.00291	0.01155	0.00485	0.00468
20	0.01720	0.01201	0.01323	0.01048	0.01401	0.01306	0.00854	0.50575	0.13695	0.11439	0.08851	0.01594	0.01361	0.00652	0.00509	0.00154	0.00481	0.00515	0.00518	0.00803
21	0.00685	0.00508	0.00609	0.00593	0.00727	0.00452	0.00441	0.00867	0.01272	0.03259	0.43870	0.10638	0.31970	0.01146	0.00591	0.00165	0.00250	0.00992	0.00511	0.00454
22	0.75523	0.01018	0.00828	0.00717	0.01036	0.01171	0.00591	0.10966	0.01035	0.02349	0.00757	0.00858	0.00578	0.00480	0.00332	0.00154	0.00406	0.00292	0.00332	0.00578
23	0.01050	0.01030	0.01488	0.30182	0.02064	0.03075	0.01176	0.01243	0.00869	0.01242	0.00764	0.01191	0.00672	0.00723	0.01168	0.00195	0.48654	0.00437	0.02231	0.00547
24	0.01176	0.03670	0.10001	0.06110	0.01474	0.00961	0.00855	0.16375	0.01303	0.01880	0.05016	0.01309	0.02126	0.01773	0.00483	0.00120	0.01848	0.00394	0.00333	0.42793
25	0.01113	0.29858	0.53612	0.01228	0.01859	0.01435	0.01505	0.01549	0.01039	0.01440	0.00826	0.00966	0.00634	0.00458	0.00421	0.00140	0.00667	0.00334	0.00211	0.00704
26	0.01187	0.02220	0.05270	0.01883	0.01099	0.00778	0.00689	0.05665	0.14964	0.17153	0.25900	0.11570	0.04236	0.01891	0.00563	0.00166	0.00365	0.00740	0.03032	0.00629
27	0.00720	0.00536	0.00701	0.00756	0.00869	0.00489	0.00575	0.00871	0.01040	0.01404	0.04726	0.44575	0.05708	0.01333	0.00615	0.00192	0.00346	0.23070	0.00443	0.11031
28	0.01332	0.06608	0.15320	0.04907	0.04196	0.02525	0.01029	0.06222	0.33317	0.11560	0.01621	0.01681	0.02372	0.00620	0.00491	0.00159	0.00504	0.02939	0.00416	0.02180
29	0.09585	0.02678	0.01325	0.01054	0.01404	0.12625	0.00850	0.40593	0.09191	0.07726	0.01245	0.03573	0.00944	0.00598	0.00470	0.00147	0.00544	0.00447	0.00441	0.04561

[dist]
# distance from previous block
# <min> <max>
0	12

[block]
# block no. 3 follows, 50 sequences, length 31
# corresponding to MSA columns:
# 280-310
name=unknown_D
#
# <colnr> <probs for GDERKNQSTAVLIFYWHMCP>
#	G	D	E	R	K	N	Q	S	T	A	V	L	I	F	Y	W	H	M	C	P
0	0.01261	0.38798	0.03598	0.01047	0.01411	0.07659	0.11465	0.01546	0.05578	0.04979	0.08893	0.01442	0.02867	0.00727	0.05116	0.00170	0.00604	0.00442	0.00301	0.02095
1	0.01021	0.00912	0.01017	0.04857	0.01255	0.05257	0.00638	0.01244	0.02350	0.01542	0.01157	0.12327	0.01098	0.00555	0.00420	0.00101	0.00404	0.00465	0.00316	0.63064
2	0.14080	0.57691	0.06470	0.00879	0.01294	0.05867	0.00860	0.01567	0.01032	0.05344	0.00773	0.00866	0.00655	0.00449	0.00343	0.00120	0.00536	0.00287	0.00250	0.00637
3	0.12786	0.00773	0.00733	0.00673	0.00875	0.07162	0.00518	0.01235	0.04030	0.08822	0.22885	0.03084	0.27903	0.00907	0.00513	0.00156	0.00339	0.00742	0.05346	0.00518
4	0.00686	0.00509	0.00640	0.00607	0.00733	0.00462	0.00455	0.00903	0.01366	0.01891	0.66889	0.03900	0.16991	0.01059	0.00588	0.00159	0.00238	0.00926	0.00535	0.00462
5	0.02059	0.00953	0.02491	0.01030	0.05267	0.00860	0.00809	0.12352	0.01528	0.61168	0.04887	0.01677	0.01289	0.00619	0.00504	0.00153	0.00447	0.00505	0.00573	0.00828
6	0.02065	0.00807	0.01099	0.00863	0.01214	0.00700	0.00704	0.02254	0.01399	0.71255	0.05927	0.06433	0.01529	0.00692	0.00513	0.00157	0.00407	0.00574	0.00605	0.00804
7	0.00668	0.00465	0.00608	0.00698	0.00749	0.00436	0.00475	0.02217	0.01012	0.02920	0.05353	0.73919	0.05617	0.01496	0.00628	0.00198	0.00294	0.01351	0.00469	0.00425
8	0.01628	0.05982	0.07360	0.08990	0.01871	0.05672	0.09280	0.48424	0.01872	0.02471	0.01074	0.01177	0.00782	0.00547	0.00494	0.00150	0.00622	0.00441	0.00396	0.00767
9	0.00622	0.00506	0.00550	0.00539	0.00693	0.00435	0.00404	0.00778	0.01213	0.01528	0.25692	0.04498	0.58415	0.01195	0.00589	0.00165	0.00248	0.01010	0.00487	0.00435
10	0.01506	0.01195	0.01366	0.05666	0.07639	0.01339	0.00942	0.32449	0.36068	0.04094	0.01546	0.01513	0.01141	0.00616	0.00502	0.00159	0.00487	0.00500	0.00470	0.00801
11	0.86003	0.00964	0.00733	0.00655	0.00964	0.01118	0.00540	0.01465	0.00848	0.02236	0.00694	0.00810	0.00540	0.00463	0.00308	0.00154	0.00386	0.00270	0.00308	0.00540
12	0.04245	0.02336	0.01393	0.01266	0.01525	0.78234	0.00951	0.01975	0.01397	0.01249	0.00768	0.00896	0.00639	0.00512	0.00445	0.00129	0.00884	0.00320	0.00258	0.00577
13	0.00722	0.00482	0.00545	0.00548	0.00548	0.00481	0.00306	0.00724	0.00731	0.00974	0.01601	0.05316	0.01851	0.80376	0.02488	0.00476	0.00478	0.00743	0.00306	0.00305
14	0.29328	0.00950	0.01084	0.07128	0.03179	0.03244	0.04466	0.10093	0.03660	0.05127	0.01478	0.02473	0.01375	0.00773	0.00497	0.00178	0.00491	0.23509	0.00383	0.00585
15	0.00715	0.00481	0.00556	0.00565	0.00570	0.00482	0.00326	0.00729	0.00745	0.00997	0.01652	0.09254	0.01905	0.73419	0.05232	0.00473	0.00499	0.00771	0.00313	0.00315
16	0.03937	0.27562	0.23070	0.01462	0.01986	0.01460	0.29151	0.01547	0.01073	0.01470	0.00861	0.01072	0.00677	0.00447	0.00484	0.00146	0.02280	0.00414	0.00230	0.00672
17	0.01363	0.00996	0.01155	0.00905	0.03795	0.02934	0.00700	0.11382	0.01279	0.14084	0.01095	0.01162	0.00829	0.00444	0.00413	0.00100	0.00422	0.00353	0.00370	0.56220
18	0.01323	0.00600	0.00712	0.00619	0.00828	0.00561	0.00487	0.01540	0.01150	0.25630	0.01690	0.01783	0.01243	0.00728	0.04052	0.00157	0.00346	0.00473	0.52396	0.03680
19	0.01794	0.06083	0.01543	0.01213	0.05381	0.05867	0.00952	0.57124	0.07524	0.05704	0.01220	0.01225	0.00884	0.00582	0.00486	0.00147	0.00553	0.00441	0.00461	0.00814
20	0.01091	0.01091	0.01527	0.01309	0.01309	0.01527	0.01091	0.01200	0.00763	0.01200	0.00654	0.01091	0.00654	0.00872	0.01636	0.00218	0.81570	0.00436	0.00218	0.00545
21	0.59764	0.00952	0.00927	0.16596	0.01484	0.01086	0.00721	0.03180	0.00929	0.02013	0.00761	0.00941	0.00589	0.00465	0.00356	0.00149	0.00443	0.00310	0.00295	0.08040
22	0.01333	0.82783	0.02612	0.00853	0.01279	0.01972	0.00853	0.01493	0.01013	0.01173	0.00693	0.00800	0.00640	0.00426	0.00320	0.00107	0.00533	0.00267	0.00213	0.00640
23	0.00724	0.00485	0.00551	0.00551	0.00553	0.00487	0.00311	0.00730	0.00727	0.00972	0.01564	0.03225	0.01796	0.80260	0.04738	0.00492	0.00507	0.00719	0.00301	0.00306
24	0.00607	0.00434	0.00578	0.00694	0.00723	0.00405	0.00463	0.00694	0.00954	0.01272	0.02747	0.82157	0.03297	0.01562	0.00636	0.00202	0.00289	0.01417	0.00463	0.00405
25	0.86003	0.00964	0.00733	0.00655	0.00964	0.01118	0.00540	0.01465	0.00848	0.02236	0.00694	0.00810	0.00540	0.00463	0.00308	0.00154	0.00386	0.00270	0.00308	0.00540
26	0.02116	0.00996	0.01243	0.00958	0.01343	0.00958	0.00789	0.21715	0.04195	0.57555	0.01771	0.01574	0.01144	0.00614	0.00501	0.00154	0.00455	0.00490	0.00583	0.00846
27	0.00702	0.00520	0.00553	0.00542	0.00711	0.00442	0.00407	0.00839	0.01153	0.05906	0.08309	0.08746	0.64153	0.01207	0.00578	0.00167	0.00263	0.01013	0.03340	0.00448
28	0.00612	0.00440	0.00581	0.00685	0.00723	0.00409	0.00461	0.00708	0.00984	0.01315	0.07034	0.75756	0.05397	0.01524	0.00632	0.00199	0.00285	0.01379	0.00467	0.00409
29	0.81025	0.01027	0.00775	0.00690	0.00998	0.04167	0.00565	0.03077	0.00901	0.02216	0.00707	0.00821	0.00550	0.00467	0.00318	0.00153	0.00409	0.00276	0.00310	0.00548
30	0.01327	0.01055	0.01158	0.01067	0.03724	0.01194	0.00807	0.02595	0.69340	0.08848	0.01989	0.01826	0.01474	0.00664	0.00506	0.00167	0.00403	0.00554	0.00509	0.00794

[dist]
# distance from previous block
# <min> <max>
0	1

[block]
# block no. 4 follows, 50 sequences, length 11
# corresponding to MSA columns:
# 312-322
name=unknown_E
#
# <colnr> <probs for GDERKNQSTAVLIFYWHMCP>
#	G	D	E	R	K	N	Q	S	T	A	V	L	I	F	Y	W	H	M	C	P
0	0.86003	0.00964	0.00733	0.00655	0.00964	0.01118	0.00540	0.01465	0.00848	0.02236	0.00694	0.00810	0.00540	0.00463	0.00308	0.00154	0.00386	0.00270	0.00308	0.00540
1	0.00605	0.00506	0.00527	0.00522	0.00683	0.00428	0.00391	0.00747	0.01174	0.01437	0.15350	0.04648	0.68814	0.01229	0.00589	0.00167	0.00250	0.01031	0.00475	0.00428
2	0.01497	0.01015	0.07407	0.01018	0.05057	0.00895	0.00826	0.11514	0.12486	0.28268	0.22175	0.02119	0.02075	0.00710	0.00522	0.00156	0.00419	0.00596	0.00518	0.00728
3	0.00941	0.00886	0.01495	0.81285	0.03433	0.01107	0.01384	0.01274	0.00997	0.01274	0.00886	0.01329	0.00664	0.00498	0.00498	0.00166	0.00664	0.00443	0.00221	0.00554
4	0.04980	0.21003	0.49359	0.01233	0.01829	0.06892	0.01452	0.05115	0.01119	0.01562	0.00844	0.00979	0.00640	0.00471	0.00430	0.00143	0.00676	0.00341	0.00232	0.00699
5	0.01199	0.01149	0.01961	0.12274	0.70428	0.01175	0.01513	0.01500	0.01119	0.01587	0.00931	0.01245	0.00775	0.00451	0.00494	0.00150	0.00601	0.00444	0.00244	0.00762
6	0.00654	0.00475	0.00607	0.00640	0.00717	0.00438	0.00449	0.00801	0.01149	0.01567	0.34999	0.37767	0.10541	0.05958	0.00721	0.00196	0.00274	0.01128	0.00490	0.00428
7	0.86003	0.00964	0.00733	0.00655	0.00964	0.01118	0.00540	0.01465	0.00848	0.02236	0.00694	0.00810	0.00540	0.00463	0.00308	0.00154	0.00386	0.00270	0.00308	0.00540
8	0.01333	0.82783	0.02612	0.00853	0.01279	0.01972	0.00853	0.01493	0.01013	0.01173	0.00693	0.00800	0.00640	0.00426	0.00320	0.00107	0.00533	0.00267	0.00213	0.00640
9	0.00600	0.00505	0.00520	0.00516	0.00680	0.00425	0.00387	0.00736	0.01162	0.01407	0.11969	0.04697	0.72213	0.01240	0.00589	0.00167	0.00251	0.01038	0.00471	0.00425
10	0.00622	0.00472	0.00575	0.00632	0.00721	0.00425	0.00449	0.00747	0.01084	0.01406	0.14176	0.43520	0.27960	0.01383	0.00616	0.00186	0.00276	0.03856	0.00475	0.00421

[dist]
# distance from previous block
# <min> <max>
0	1

[block]
# block no. 5 follows, 50 sequences, length 121
# corresponding to MSA columns:
# 351-377,379-472
name=unknown_F
#
# <colnr> <probs for GDERKNQSTAVLIFYWHMCP>
#	G	D	E	R	K	N	Q	S	T	A	V	L	I	F	Y	W	H	M	C	P
0	0.00647	0.00469	0.00609	0.00662	0.00733	0.00435	0.00467	0.00789	0.01121	0.01520	0.28316	0.46596	0.09154	0.02928	0.00655	0.00191	0.00278	0.03515	0.00488	0.00427
1	0.01168	0.01331	0.04256	0.05183	0.02535	0.01251	0.67506	0.01659	0.06730	0.01618	0.01075	0.01375	0.00805	0.00443	0.00577	0.00168	0.00799	0.00576	0.00268	0.00677
2	0.74218	0.01188	0.11709	0.00762	0.01129	0.01124	0.00720	0.01481	0.00877	0.02145	0.00722	0.00843	0.00553	0.00464	0.00331	0.00155	0.00434	0.00284	0.00295	0.00567
3	0.01015	0.05133	0.75818	0.01436	0.03709	0.01184	0.01803	0.01575	0.01053	0.01566	0.00889	0.01048	0.00635	0.00471	0.00469	0.00156	0.00727	0.00367	0.00211	0.00735
4	0.06116	0.01104	0.01858	0.24081	0.38535	0.01167	0.10664	0.03896	0.02304	0.04098	0.00975	0.01272	0.00764	0.00471	0.00496	0.00156	0.00621	0.00455	0.00268	0.00700
5	0.86003	0.00964	0.00733	0.00655	0.00964	0.01118	0.00540	0.01465	0.00848	0.02236	0.00694	0.00810	0.00540	0.00463	0.00308	0.00154	0.00386	0.00270	0.00308	0.00540
6	0.02229	0.00860	0.01164	0.00892	0.01278	0.00749	0.00737	0.03983	0.01446	0.78138	0.01951	0.01686	0.01226	0.00617	0.00501	0.00154	0.00427	0.00500	0.00614	0.00848
7	0.01178	0.07176	0.02751	0.01918	0.02357	0.01343	0.63059	0.01543	0.01116	0.01519	0.00944	0.01275	0.00736	0.00474	0.00692	0.00170	0.10302	0.00547	0.00245	0.00655
8	0.00658	0.00507	0.00598	0.00575	0.00712	0.00450	0.00430	0.00844	0.01286	0.01712	0.47226	0.04160	0.35474	0.02418	0.00619	0.00167	0.00246	0.00961	0.00509	0.00447
9	0.00621	0.00457	0.00585	0.00678	0.00738	0.00421	0.00474	0.00729	0.01010	0.01321	0.05305	0.62060	0.15401	0.01485	0.00631	0.00198	0.00294	0.06713	0.00465	0.00413
10	0.00771	0.00534	0.00662	0.00623	0.00767	0.00484	0.00470	0.00993	0.02548	0.06189	0.54555	0.06696	0.20708	0.01064	0.00584	0.00161	0.00254	0.00926	0.00530	0.00483
11	0.00973	0.18659	0.01172	0.00737	0.00954	0.00909	0.00606	0.01340	0.11192	0.04943	0.48931	0.02762	0.03265	0.00829	0.00515	0.00147	0.00329	0.00703	0.00472	0.00563
12	0.01098	0.00884	0.01067	0.05264	0.01313	0.00693	0.00643	0.01324	0.01054	0.06134	0.00949	0.01089	0.00763	0.00391	0.00384	0.00084	0.00389	0.00316	0.00310	0.75853
13	0.02289	0.09046	0.64837	0.01319	0.01989	0.04375	0.01636	0.01568	0.01060	0.01543	0.00870	0.01021	0.00637	0.00465	0.00452	0.00148	0.00701	0.00353	0.00219	0.05474
14	0.00639	0.00456	0.00615	0.00730	0.00773	0.00432	0.00518	0.00749	0.00985	0.01308	0.02730	0.69836	0.03228	0.01532	0.00645	0.00207	0.00317	0.13427	0.00462	0.00414
15	0.01050	0.00638	0.00796	0.00702	0.00886	0.00610	0.00543	0.06588	0.04143	0.13676	0.52439	0.03066	0.05000	0.00891	0.00549	0.00154	0.00291	0.00770	0.06648	0.00563
16	0.01259	0.48134	0.31492	0.01068	0.01608	0.01597	0.01217	0.01577	0.01051	0.05729	0.00840	0.00945	0.00670	0.00455	0.00388	0.00128	0.00603	0.00318	0.00235	0.00688
17	0.00782	0.00590	0.00745	0.00710	0.00724	0.00675	0.00482	0.00829	0.00744	0.01036	0.01384	0.02696	0.01532	0.56289	0.15303	0.00493	0.13694	0.00647	0.00283	0.00365
18	0.00638	0.00459	0.00576	0.00650	0.00695	0.00430	0.00435	0.00726	0.00961	0.01269	0.06794	0.52797	0.11142	0.16466	0.00982	0.00249	0.00324	0.03576	0.00437	0.00393
19	0.01020	0.01065	0.13653	0.02417	0.03818	0.00857	0.00880	0.11108	0.10586	0.03359	0.11910	0.05087	0.15759	0.00902	0.00552	0.00171	0.00439	0.12753	0.03058	0.00607
20	0.04578	0.01234	0.01348	0.01069	0.01436	0.01347	0.00877	0.51447	0.13630	0.13053	0.01454	0.01491	0.01055	0.00633	0.00500	0.00156	0.00501	0.02868	0.00508	0.00816
21	0.01845	0.01154	0.05815	0.01020	0.01404	0.01100	0.00870	0.25928	0.16014	0.35475	0.01688	0.02897	0.01167	0.00630	0.00502	0.00157	0.00473	0.00504	0.00533	0.00823
22	0.00620	0.00443	0.00593	0.00705	0.00741	0.00415	0.00482	0.00717	0.00973	0.01298	0.04096	0.76474	0.03298	0.01542	0.00638	0.00203	0.00298	0.05591	0.00464	0.00409
23	0.01205	0.34215	0.11466	0.02245	0.03939	0.06119	0.00944	0.01715	0.18616	0.01564	0.11957	0.01506	0.01409	0.00578	0.00435	0.00138	0.00511	0.00446	0.00330	0.00662
24	0.01306	0.01242	0.02121	0.02544	0.50537	0.01249	0.17574	0.11336	0.03847	0.01830	0.01022	0.01273	0.00814	0.00466	0.00515	0.00153	0.00633	0.00479	0.00289	0.00772
25	0.00705	0.00510	0.00666	0.00627	0.00745	0.00470	0.00470	0.00941	0.01411	0.01999	0.79110	0.03723	0.04703	0.01019	0.00588	0.00157	0.00235	0.00901	0.00549	0.00470
26	0.46702	0.00927	0.01080	0.36829	0.02076	0.01108	0.00921	0.01392	0.00923	0.02861	0.00797	0.01055	0.00605	0.00481	0.00396	0.00160	0.00511	0.00351	0.00274	0.00550
27	0.01637	0.01863	0.01452	0.01495	0.13530	0.47146	0.01014	0.06448	0.17460	0.01575	0.01083	0.01168	0.00860	0.00542	0.00471	0.00141	0.00726	0.00398	0.00321	0.00670
28	0.00703	0.00509	0.00663	0.00625	0.00743	0.00469	0.00468	0.00936	0.01405	0.01985	0.77581	0.03745	0.06240	0.01024	0.00588	0.00157	0.00236	0.00905	0.00547	0.00469
29	0.11025	0.01067	0.01208	0.01029	0.06895	0.01032	0.00767	0.22791	0.05407	0.04559	0.01047	0.01131	0.00806	0.00473	0.00419	0.00117	0.00440	0.00366	0.00371	0.39048
30	0.00705	0.00510	0.00666	0.00627	0.00745	0.00470	0.00470	0.00941	0.01411	0.01999	0.79110	0.03723	0.04703	0.01019	0.00588	0.00157	0.00235	0.00901	0.00549	0.00470
31	0.01513	0.01488	0.16566	0.04392	0.01693	0.01321	0.03456	0.34191	0.21406	0.06741	0.01376	0.01376	0.00990	0.00586	0.00499	0.00158	0.00552	0.00470	0.00433	0.00794
32	0.01105	0.00618	0.00678	0.00627	0.00801	0.00631	0.00482	0.01538	0.14772	0.10623	0.08273	0.03560	0.01643	0.00658	0.00419	0.00135	0.00284	0.00541	0.52050	0.00564
33	0.01332	0.01175	0.04885	0.18422	0.08829	0.03732	0.04115	0.12607	0.27488	0.07660	0.01493	0.01591	0.02391	0.00596	0.00506	0.00162	0.00541	0.01353	0.00397	0.00728
34	0.01129	0.01205	0.11525	0.14779	0.27746	0.01037	0.12223	0.01447	0.01108	0.07058	0.01375	0.07809	0.05365	0.00603	0.00534	0.00160	0.01607	0.00566	0.00295	0.02428
35	0.00708	0.00526	0.00579	0.00558	0.00727	0.00451	0.00424	0.00862	0.01208	0.05876	0.19874	0.04418	0.58511	0.01179	0.00585	0.00166	0.00262	0.02143	0.00489	0.00455
36	0.01159	0.06788	0.01165	0.00766	0.01202	0.00781	0.00627	0.02912	0.01087	0.07234	0.00956	0.01068	0.00769	0.00396	0.00378	0.00084	0.00389	0.00311	0.00317	0.71613
37	0.00725	0.00464	0.00620	0.00708	0.00763	0.00428	0.00482	0.00819	0.00988	0.06918	0.02691	0.76366	0.03148	0.01494	0.00626	0.00199	0.00299	0.01351	0.00474	0.00437
38	0.00977	0.00803	0.02566	0.00895	0.01085	0.00794	0.05087	0.16844	0.09352	0.01776	0.02484	0.41691	0.11310	0.01147	0.00583	0.00181	0.00390	0.01016	0.00457	0.00560
39	0.01803	0.08644	0.21296	0.01049	0.01529	0.01045	0.01049	0.10836	0.01401	0.44053	0.01492	0.01396	0.00984	0.00561	0.00478	0.00150	0.00527	0.00441	0.00464	0.00801
40	0.00607	0.00436	0.00576	0.00688	0.00721	0.00405	0.00460	0.00695	0.00961	0.01275	0.02826	0.79501	0.05902	0.01551	0.00635	0.00201	0.00288	0.01404	0.00463	0.00405
41	0.01125	0.12350	0.40824	0.13272	0.09362	0.01289	0.06940	0.06324	0.01137	0.01586	0.00898	0.01107	0.00674	0.00473	0.00469	0.00152	0.00682	0.00394	0.00237	0.00705
42	0.00710	0.00524	0.00749	0.00735	0.00833	0.00567	0.00563	0.00905	0.01015	0.01451	0.28804	0.02605	0.02477	0.04186	0.50891	0.00568	0.00931	0.00667	0.00367	0.00451
43	0.01012	0.01944	0.49264	0.12242	0.04556	0.01064	0.04370	0.01476	0.01048	0.01548	0.00897	0.01103	0.00665	0.00455	0.00462	0.00143	0.00658	0.00375	0.00230	0.16487
44	0.01119	0.01040	0.07968	0.00835	0.01301	0.00724	0.02208	0.01373	0.01066	0.07166	0.00966	0.01088	0.00764	0.00397	0.00392	0.00089	0.00414	0.00322	0.00310	0.70458
45	0.01028	0.00886	0.01060	0.05410	0.01312	0.00690	0.00637	0.01256	0.01031	0.01604	0.00886	0.01051	0.00734	0.00377	0.00377	0.00079	0.00386	0.00304	0.00291	0.80601
46	0.01043	0.00984	0.01669	0.60112	0.16317	0.01147	0.05810	0.04371	0.01084	0.01427	0.00914	0.01308	0.00698	0.00488	0.00503	0.00162	0.00658	0.00452	0.00239	0.00613
47	0.01136	0.01086	0.05737	0.01045	0.01340	0.01113	0.05644	0.02247	0.56771	0.02011	0.14235	0.02079	0.01931	0.00703	0.00523	0.00166	0.00417	0.00608	0.00481	0.00728
48	0.01259	0.11329	0.15743	0.03428	0.38487	0.07766	0.09027	0.03128	0.02343	0.01560	0.00915	0.01144	0.00739	0.00458	0.00475	0.00146	0.00657	0.00416	0.00246	0.00731
49	0.01537	0.01598	0.19693	0.01181	0.01632	0.01386	0.01120	0.42926	0.19319	0.02537	0.01315	0.01314	0.00950	0.00587	0.00495	0.00156	0.00557	0.00456	0.00433	0.00808
50	0.00751	0.00522	0.00602	0.00606	0.00651	0.00516	0.00389	0.03642	0.00896	0.01181	0.04521	0.10673	0.09114	0.56245	0.01916	0.00388	0.00437	0.06232	0.00358	0.00359
51	0.01350	0.01201	0.01932	0.06472	0.54859	0.02447	0.06866	0.09463	0.02859	0.06147	0.01044	0.01276	0.00825	0.00477	0.00501	0.00151	0.00600	0.00459	0.00298	0.00775
52	0.01501	0.01163	0.01246	0.01050	0.01374	0.01311	0.00837	0.26571	0.50139	0.06512	0.01760	0.01640	0.01292	0.00648	0.00504	0.00162	0.00445	0.00524	0.00510	0.00811
53	0.00771	0.00582	0.00688	0.00637	0.00788	0.00550	0.00481	0.06433	0.02916	0.01876	0.49772	0.03774	0.24018	0.03730	0.00644	0.00170	0.00274	0.00896	0.00513	0.00485
54	0.01000	0.02578	0.79900	0.01421	0.02157	0.01158	0.01842	0.01579	0.01052	0.01579	0.00895	0.01052	0.00631	0.00474	0.00474	0.00158	0.00737	0.00368	0.00210	0.00737
55	0.03612	0.00985	0.01258	0.01059	0.05692	0.00947	0.00815	0.20169	0.01601	0.52979	0.01729	0.04337	0.01176	0.00633	0.00501	0.00154	0.00458	0.00513	0.00557	0.00824
56	0.01895	0.01396	0.01496	0.01147	0.01546	0.01546	0.00947	0.77711	0.02344	0.03141	0.01197	0.01197	0.00848	0.00598	0.00499	0.00150	0.00548	0.00449	0.00499	0.00848
57	0.00713	0.00508	0.00662	0.00753	0.00820	0.00496	0.00541	0.00918	0.06571	0.02882	0.02665	0.63691	0.03067	0.01453	0.00632	0.00203	0.00324	0.12186	0.00468	0.00449
58	0.00941	0.00886	0.01495	0.81285	0.03433	0.01107	0.01384	0.01274	0.00997	0.01274	0.00886	0.01329	0.00664	0.00498	0.00498	0.00166	0.00664	0.00443	0.00221	0.00554
59	0.00653	0.00480	0.00613	0.00638	0.00728	0.00439	0.00456	0.00818	0.01202	0.01640	0.40709	0.33938	0.13327	0.01257	0.00607	0.00176	0.00258	0.01118	0.00505	0.00439
60	0.01333	0.82783	0.02612	0.00853	0.01279	0.01972	0.00853	0.01493	0.01013	0.01173	0.00693	0.00800	0.00640	0.00426	0.00320	0.00107	0.00533	0.00267	0.00213	0.00640
61	0.02223	0.00870	0.01170	0.00897	0.01283	0.00765	0.00741	0.05418	0.01463	0.76678	0.01936	0.01677	0.01219	0.00616	0.00501	0.00154	0.00429	0.00499	0.00612	0.00848
62	0.00631	0.00481	0.00580	0.00610	0.00713	0.00430	0.00437	0.00775	0.01153	0.01516	0.26505	0.32349	0.29424	0.01297	0.00606	0.00177	0.00260	0.01138	0.00489	0.00430
63	0.15039	0.00873	0.01091	0.00855	0.01226	0.00807	0.00705	0.02288	0.03723	0.65445	0.01773	0.01566	0.01136	0.00595	0.00472	0.00155	0.00417	0.00468	0.00566	0.00799
64	0.01895	0.01396	0.01496	0.01147	0.01546	0.01546	0.00947	0.77711	0.02344	0.03141	0.01197	0.01197	0.00848	0.00598	0.00499	0.00150	0.00548	0.00449	0.00499	0.00848
65	0.02236	0.00848	0.01157	0.00887	0.01272	0.00733	0.00733	0.02429	0.01427	0.79719	0.01966	0.01697	0.01234	0.00617	0.00501	0.00154	0.00424	0.00501	0.00617	0.00848
66	0.86003	0.00964	0.00733	0.00655	0.00964	0.01118	0.00540	0.01465	0.00848	0.02236	0.00694	0.00810	0.00540	0.00463	0.00308	0.00154	0.00386	0.00270	0.00308	0.00540
67	0.00725	0.00484	0.00548	0.00548	0.00550	0.00486	0.00308	0.00728	0.00726	0.00970	0.01566	0.03237	0.01802	0.81007	0.03998	0.00489	0.00499	0.00721	0.00301	0.00305
68	0.01144	0.01083	0.01826	0.30644	0.50965	0.01165	0.01466	0.02998	0.01111	0.01534	0.00925	0.01267	0.00747	0.00466	0.00495	0.00154	0.00617	0.00444	0.00243	0.00707
69	0.00681	0.00529	0.00634	0.00676	0.00815	0.00482	0.00547	0.00856	0.01164	0.01468	0.12125	0.07406	0.40658	0.01287	0.00627	0.00191	0.00328	0.28615	0.00471	0.00440
70	0.06773	0.01371	0.01452	0.01118	0.01512	0.01521	0.00924	0.73289	0.02257	0.03089	0.01168	0.01174	0.00830	0.00590	0.00488	0.00150	0.00539	0.00438	0.00488	0.00830
71	0.00941	0.00886	0.01495	0.81285	0.03433	0.01107	0.01384	0.01274	0.00997	0.01274	0.00886	0.01329	0.00664	0.00498	0.00498	0.00166	0.00664	0.00443	0.00221	0.00554
72	0.06631	0.01300	0.01371	0.01090	0.01458	0.01454	0.00889	0.56956	0.18822	0.02859	0.01349	0.01319	0.00976	0.00607	0.00489	0.00154	0.00506	0.00463	0.00489	0.00817
73	0.01292	0.01165	0.01973	0.02933	0.74843	0.01158	0.01483	0.01582	0.01152	0.06158	0.00997	0.01261	0.00815	0.00454	0.00494	0.00148	0.00582	0.00447	0.00268	0.00793
74	0.00669	0.00477	0.00632	0.00733	0.00786	0.00457	0.00534	0.00786	0.00989	0.01304	0.02682	0.52437	0.05425	0.08974	0.00824	0.00234	0.00350	0.20850	0.00447	0.00410
75	0.08996	0.00710	0.00881	0.00760	0.00994	0.00678	0.00609	0.05762	0.01398	0.26190	0.38158	0.02824	0.02899	0.00846	0.00538	0.00161	0.00341	0.06101	0.00539	0.00614
76	0.01528	0.50405	0.05681	0.00977	0.01390	0.10610	0.00915	0.13433	0.02427	0.07167	0.00900	0.00964	0.00727	0.00482	0.00385	0.00122	0.00576	0.00327	0.00296	0.00686
77	0.00694	0.00519	0.00697	0.00781	0.00827	0.00531	0.00569	0.02088	0.00994	0.01333	0.02554	0.63084	0.02999	0.01467	0.00714	0.00207	0.06170	0.12898	0.00445	0.00431
78	0.00597	0.00505	0.00517	0.00514	0.00678	0.00424	0.00385	0.00732	0.01156	0.01393	0.10380	0.04720	0.73812	0.01245	0.00589	0.00167	0.00251	0.01041	0.00469	0.00424
79	0.01681	0.07198	0.04225	0.06157	0.14187	0.01434	0.01078	0.48707	0.01880	0.06888	0.01134	0.01205	0.00827	0.00552	0.00484	0.00148	0.00560	0.00435	0.00418	0.00802
80	0.06771	0.06379	0.01438	0.01174	0.04342	0.31573	0.00904	0.22173	0.01597	0.17295	0.01117	0.01137	0.00813	0.00546	0.00459	0.00140	0.00649	0.00389	0.00392	0.00712
81	0.77311	0.00976	0.00847	0.03540	0.06434	0.01122	0.00636	0.01463	0.00873	0.02162	0.00717	0.00856	0.00561	0.00463	0.00328	0.00154	0.00409	0.00288	0.00301	0.00557
82	0.02566	0.70500	0.06216	0.00920	0.01360	0.01828	0.03416	0.01552	0.01041	0.05626	0.00784	0.00880	0.00675	0.00440	0.00346	0.00114	0.00545	0.00295	0.00238	0.00656
83	0.00705	0.00510	0.00666	0.00627	0.00745	0.00470	0.00470	0.00941	0.01411	0.01999	0.79110	0.03723	0.04703	0.01019	0.00588	0.00157	0.00235	0.00901	0.00549	0.00470
84	0.00979	0.00924	0.01563	0.71268	0.13157	0.01117	0.01403	0.01306	0.01014	0.01319	0.00893	0.01317	0.00680	0.00491	0.00498	0.00164	0.00655	0.00443	0.00225	0.00584
85	0.00687	0.00500	0.00647	0.00629	0.00738	0.00460	0.00464	0.00898	0.01340	0.01874	0.65721	0.13381	0.08597	0.01099	0.00594	0.00163	0.00243	0.00973	0.00533	0.00460
86	0.01862	0.02376	0.01413	0.01284	0.01541	0.80482	0.00963	0.01990	0.01413	0.01220	0.00770	0.00899	0.00642	0.00514	0.00449	0.00128	0.00899	0.00321	0.00257	0.00578
87	0.00866	0.00433	0.00649	0.00649	0.00649	0.00433	0.00433	0.00649	0.00649	0.00866	0.00866	0.01515	0.00866	0.01732	0.01948	0.85498	0.00433	0.00433	0.00216	0.00216
88	0.01417	0.01090	0.01381	0.18721	0.12386	0.03594	0.01025	0.18047	0.17672	0.11768	0.02942	0.01644	0.04864	0.00612	0.00504	0.00158	0.00522	0.00511	0.00413	0.00728
89	0.01172	0.01389	0.20833	0.01042	0.01502	0.01008	0.02556	0.05573	0.23404	0.04945	0.01306	0.02531	0.01001	0.00524	0.00455	0.00133	0.00488	0.00429	0.00360	0.29349
90	0.05666	0.00582	0.00722	0.00656	0.00821	0.00545	0.00503	0.01152	0.02473	0.10981	0.59563	0.03372	0.09142	0.00953	0.00561	0.00157	0.00269	0.00825	0.00537	0.00519
91	0.04733	0.01051	0.01172	0.01105	0.05802	0.01170	0.00824	0.13381	0.47212	0.06502	0.01915	0.03916	0.03426	0.00715	0.00512	0.00168	0.00427	0.04732	0.00484	0.00754
92	0.01247	0.01184	0.01975	0.02936	0.74569	0.01194	0.01487	0.03092	0.04384	0.01678	0.00988	0.01259	0.00821	0.00457	0.00494	0.00149	0.00583	0.00449	0.00263	0.00791
93	0.07739	0.01708	0.01329	0.01217	0.06216	0.39364	0.00891	0.12187	0.06261	0.04839	0.00977	0.01065	0.00765	0.00511	0.00443	0.00130	0.00668	0.00361	0.00329	0.13002
94	0.46770	0.01258	0.01105	0.06779	0.05734	0.12709	0.00796	0.16181	0.01244	0.02159	0.00829	0.00958	0.00637	0.00498	0.00389	0.00150	0.00523	0.00334	0.00328	0.00619
95	0.01256	0.00910	0.01043	0.00928	0.01158	0.02123	0.00724	0.02055	0.40273	0.14274	0.15195	0.08315	0.02085	0.00806	0.00611	0.00170	0.06213	0.00665	0.00504	0.00693
96	0.01139	0.09750	0.15814	0.01006	0.01373	0.01185	0.00937	0.02077	0.44581	0.03206	0.03136	0.01966	0.10346	0.00685	0.00492	0.00160	0.00454	0.00557	0.00419	0.00717
97	0.00645	0.00460	0.00584	0.00646	0.00714	0.00425	0.00449	0.00778	0.01081	0.01475	0.19959	0.51734	0.11771	0.01353	0.00604	0.00184	0.00270	0.01209	0.05236	0.00425
98	0.01261	0.01261	0.01988	0.06993	0.66715	0.06890	0.04528	0.01552	0.01149	0.01579	0.00926	0.01219	0.00771	0.00451	0.00494	0.00148	0.00628	0.00441	0.00246	0.00757
99	0.01548	0.01215	0.08235	0.01046	0.01412	0.01177	0.00899	0.15686	0.41615	0.18925	0.01768	0.01636	0.01262	0.00632	0.00501	0.00161	0.00458	0.00513	0.00503	0.00807
100	0.84562	0.00991	0.02075	0.00668	0.00984	0.01119	0.00562	0.01467	0.00852	0.02225	0.00697	0.00814	0.00541	0.00463	0.00311	0.00154	0.00392	0.00272	0.00307	0.00543
101	0.01333	0.82783	0.02612	0.00853	0.01279	0.01972	0.00853	0.01493	0.01013	0.01173	0.00693	0.00800	0.00640	0.00426	0.00320	0.00107	0.00533	0.00267	0.00213	0.00640
102	0.00694	0.00530	0.00642	0.00628	0.00764	0.00488	0.00480	0.00931	0.03801	0.01748	0.46368	0.05705	0.26957	0.01122	0.00595	0.00168	0.00265	0.07140	0.00512	0.00463
103	0.00667	0.00508	0.00613	0.00587	0.00721	0.00454	0.00440	0.00866	0.01320	0.01783	0.54570	0.04079	0.29378	0.01100	0.00588	0.00161	0.00241	0.00951	0.00520	0.00454
104	0.01902	0.01385	0.01489	0.01142	0.01540	0.01529	0.00943	0.76192	0.02325	0.04687	0.01212	0.01207	0.00855	0.00599	0.00499	0.00150	0.00546	0.00450	0.00501	0.00848
105	0.00721	0.00499	0.00621	0.00599	0.00716	0.00462	0.00446	0.00939	0.01314	0.01888	0.58521	0.07954	0.10035	0.01009	0.00558	0.00155	0.00239	0.00883	0.11978	0.00462
106	0.01649	0.02876	0.01471	0.19609	0.01942	0.02509	0.01022	0.47685	0.06342	0.08084	0.01212	0.01289	0.00865	0.00576	0.00495	0.00154	0.00562	0.00452	0.00434	0.00768
107	0.86003	0.00964	0.00733	0.00655	0.00964	0.01118	0.00540	0.01465	0.00848	0.02236	0.00694	0.00810	0.00540	0.00463	0.00308	0.00154	0.00386	0.00270	0.00308	0.00540
108	0.01136	0.01154	0.06184	0.08515	0.57804	0.01089	0.02530	0.01439	0.01114	0.01580	0.01142	0.04362	0.01029	0.00564	0.00511	0.00158	0.00581	0.06391	0.01996	0.00722
109	0.86003	0.00964	0.00733	0.00655	0.00964	0.01118	0.00540	0.01465	0.00848	0.02236	0.00694	0.00810	0.00540	0.00463	0.00308	0.00154	0.00386	0.00270	0.00308	0.00540
110	0.00941	0.00886	0.01495	0.81285	0.03433	0.01107	0.01384	0.01274	0.00997	0.01274	0.00886	0.01329	0.00664	0.00498	0.00498	0.00166	0.00664	0.00443	0.00221	0.00554
111	0.00625	0.00452	0.00592	0.00672	0.00725	0.00418	0.00460	0.00742	0.01051	0.01416	0.17542	0.63445	0.07125	0.01443	0.00625	0.00192	0.00277	0.01301	0.00479	0.00418
112	0.01155	0.01641	0.27158	0.02485	0.50739	0.01179	0.05351	0.01549	0.01110	0.01611	0.00927	0.01181	0.00737	0.00452	0.00492	0.00152	0.00651	0.00427	0.00235	0.00767
113	0.00631	0.00507	0.00563	0.00549	0.00699	0.00439	0.00412	0.00796	0.01235	0.01581	0.31668	0.04411	0.52406	0.01175	0.00589	0.00164	0.00246	0.00998	0.00494	0.00439
114	0.64408	0.00933	0.00898	0.09736	0.06818	0.01070	0.00698	0.01393	0.00893	0.02017	0.00880	0.06752	0.00770	0.00544	0.00366	0.00159	0.00424	0.00384	0.00306	0.00549
115	0.01120	0.03356	0.64528	0.05975	0.02098	0.01106	0.01659	0.01629	0.01085	0.09612	0.01040	0.02809	0.00751	0.00512	0.00479	0.00158	0.00688	0.00407	0.00258	0.00729
116	0.00690	0.00518	0.00560	0.00542	0.00705	0.00445	0.00407	0.00839	0.01186	0.04613	0.18087	0.04356	0.58594	0.02851	0.00618	0.00171	0.00260	0.00978	0.03138	0.00446
117	0.01480	0.04248	0.08321	0.01201	0.05638	0.32811	0.00948	0.07615	0.11355	0.05884	0.09795	0.03243	0.04054	0.00640	0.00488	0.00146	0.00631	0.00493	0.00364	0.00647
118	0.01307	0.01225	0.08893	0.01164	0.05920	0.01173	0.00952	0.21345	0.31050	0.02183	0.04072	0.01960	0.01403	0.00684	0.00512	0.00161	0.00478	0.08223	0.00442	0.06854
