[name]
unknown

[dist]
# distance from previous block
# <min> <max>
0	135

[block]
# block no. 0 follows, 48 sequences, length 27
# corresponding to MSA columns:
# 138-164
name=unknown_A
#
# <colnr> <probs for GDERKNQSTAVLIFYWHMCP>
#	G	D	E	R	K	N	Q	S	T	A	V	L	I	F	Y	W	H	M	C	P
0	0.04520	0.07842	0.09095	0.02331	0.04215	0.03832	0.03795	0.11877	0.01313	0.16897	0.02608	0.05484	0.01088	0.00682	0.00616	0.04801	0.04051	0.01610	0.00384	0.12960
1	0.14373	0.04615	0.06640	0.02922	0.01561	0.05408	0.13544	0.04641	0.07156	0.03411	0.01306	0.03493	0.04874	0.00588	0.00530	0.00149	0.04600	0.01842	0.00330	0.18017
2	0.07218	0.01031	0.01241	0.02810	0.05463	0.02277	0.03599	0.08628	0.06700	0.07921	0.01133	0.02418	0.00893	0.00481	0.00433	0.00115	0.00450	0.00394	0.00362	0.46432
3	0.01211	0.01163	0.02015	0.24303	0.46126	0.01223	0.09927	0.04866	0.01189	0.01641	0.00971	0.01308	0.00776	0.00477	0.00520	0.00160	0.00657	0.00474	0.00259	0.00735
4	0.01073	0.01017	0.01630	0.48472	0.18516	0.01225	0.01373	0.01450	0.06183	0.01432	0.00969	0.01351	0.00768	0.00567	0.00675	0.00175	0.11775	0.00464	0.00253	0.00635
5	0.00889	0.00564	0.00720	0.00658	0.00818	0.00508	0.00501	0.01110	0.01413	0.10788	0.59103	0.03754	0.15126	0.01038	0.00595	0.00163	0.00267	0.00903	0.00560	0.00521
6	0.00998	0.00657	0.00801	0.00748	0.00909	0.00583	0.00553	0.01164	0.01447	0.09579	0.51728	0.07533	0.17255	0.02698	0.00693	0.00196	0.00322	0.00969	0.00588	0.00579
7	0.00702	0.00524	0.00653	0.00620	0.00752	0.00474	0.00465	0.00922	0.01396	0.01924	0.63869	0.04053	0.19552	0.01099	0.00605	0.00164	0.00246	0.00959	0.00547	0.00474
8	0.00944	0.00481	0.00490	0.00487	0.00607	0.00479	0.00366	0.01183	0.01097	0.01921	0.05883	0.02018	0.01508	0.00623	0.00372	0.00122	0.00239	0.00503	0.80200	0.00479
9	0.85592	0.00992	0.00754	0.00675	0.00992	0.01151	0.00556	0.01508	0.00873	0.02302	0.00714	0.00834	0.00556	0.00476	0.00318	0.00159	0.00397	0.00278	0.00318	0.00556
10	0.74092	0.00976	0.00814	0.00708	0.01036	0.01096	0.00583	0.01645	0.00955	0.12909	0.00895	0.00960	0.00654	0.00498	0.00345	0.00159	0.00402	0.00311	0.00361	0.00600
11	0.85592	0.00992	0.00754	0.00675	0.00992	0.01151	0.00556	0.01508	0.00873	0.02302	0.00714	0.00834	0.00556	0.00476	0.00318	0.00159	0.00397	0.00278	0.00318	0.00556
12	0.00800	0.00542	0.00702	0.00651	0.00790	0.00495	0.00492	0.01033	0.01435	0.06006	0.69906	0.03795	0.09314	0.01043	0.00601	0.00162	0.00253	0.00916	0.00563	0.00501
13	0.00620	0.00520	0.00539	0.00534	0.00702	0.00439	0.00401	0.00763	0.01203	0.01465	0.13757	0.04809	0.69950	0.01270	0.00606	0.00172	0.00258	0.01065	0.00487	0.00439
14	0.85592	0.00992	0.00754	0.00675	0.00992	0.01151	0.00556	0.01508	0.00873	0.02302	0.00714	0.00834	0.00556	0.00476	0.00318	0.00159	0.00397	0.00278	0.00318	0.00556
15	0.01239	0.00681	0.00861	0.00744	0.00962	0.00637	0.00582	0.04650	0.04859	0.23109	0.43397	0.03015	0.06767	0.00889	0.00560	0.00159	0.00317	0.00763	0.05192	0.00619
16	0.01077	0.00548	0.00569	0.00537	0.00685	0.00549	0.00411	0.05144	0.01165	0.05978	0.01669	0.01869	0.01290	0.00601	0.00375	0.00123	0.00266	0.00479	0.76144	0.00519
17	0.01316	0.01093	0.01161	0.01039	0.01333	0.01256	0.00810	0.02718	0.74881	0.05129	0.02086	0.01908	0.01555	0.00694	0.00522	0.00173	0.00407	0.00578	0.00526	0.00815
18	0.02302	0.00873	0.01191	0.00913	0.01310	0.00754	0.00754	0.02501	0.01469	0.79122	0.02024	0.01746	0.01270	0.00635	0.00516	0.00159	0.00437	0.00516	0.00635	0.00873
19	0.00734	0.00547	0.00812	0.00812	0.00900	0.00635	0.00626	0.00908	0.00821	0.01182	0.01386	0.02078	0.01310	0.07457	0.76363	0.00810	0.01334	0.00559	0.00277	0.00451
20	0.00745	0.00502	0.00581	0.00581	0.00588	0.00509	0.00338	0.00760	0.00752	0.01011	0.01597	0.03250	0.01818	0.75673	0.08842	0.00524	0.00568	0.00730	0.00308	0.00323
21	0.00632	0.00452	0.00604	0.00723	0.00756	0.00423	0.00489	0.00727	0.00990	0.01318	0.02824	0.78893	0.03378	0.01601	0.00657	0.00209	0.00304	0.04127	0.00476	0.00419
22	0.10423	0.01117	0.01291	0.01000	0.01394	0.01138	0.00826	0.33118	0.01798	0.40232	0.01568	0.01444	0.01035	0.00611	0.00495	0.00157	0.00485	0.00470	0.00553	0.00841
23	0.01355	0.01237	0.03294	0.02582	0.56596	0.01240	0.03003	0.07543	0.11642	0.04655	0.01176	0.01370	0.00932	0.00508	0.00512	0.00156	0.00580	0.00478	0.00323	0.00816
24	0.01235	0.01201	0.01738	0.10118	0.44065	0.07225	0.01329	0.03760	0.02881	0.01586	0.01138	0.05883	0.01042	0.00642	0.00661	0.00169	0.10002	0.04333	0.00286	0.00705
25	0.66256	0.00995	0.00868	0.00737	0.01076	0.01099	0.00607	0.05501	0.01042	0.12929	0.00930	0.00990	0.00679	0.00501	0.00358	0.00155	0.00410	0.00321	0.00371	0.04175
26	0.04991	0.00884	0.02735	0.00865	0.01209	0.00786	0.00718	0.07784	0.02886	0.49853	0.11370	0.02251	0.09873	0.00746	0.00528	0.00161	0.00409	0.00611	0.00578	0.00764

[dist]
# distance from previous block
# <min> <max>
0	6

[block]
# block no. 1 follows, 48 sequences, length 32
# corresponding to MSA columns:
# 171-185,226-242
name=unknown_B
#
# <colnr> <probs for GDERKNQSTAVLIFYWHMCP>
#	G	D	E	R	K	N	Q	S	T	A	V	L	I	F	Y	W	H	M	C	P
0	0.01705	0.03792	0.01319	0.04418	0.07707	0.00973	0.02084	0.14096	0.03818	0.34949	0.14020	0.01955	0.02937	0.00685	0.00541	0.00158	0.01702	0.00569	0.01809	0.00763
1	0.00773	0.00582	0.00737	0.00659	0.00831	0.00512	0.00500	0.01010	0.01388	0.01983	0.65093	0.03452	0.06176	0.00957	0.00572	0.00149	0.00263	0.00840	0.00524	0.12999
2	0.03086	0.01083	0.01138	0.01022	0.01313	0.01244	0.00796	0.02653	0.72946	0.03737	0.02125	0.01953	0.03202	0.00703	0.00519	0.00173	0.00403	0.00583	0.00519	0.00800
3	0.00650	0.00470	0.00615	0.00687	0.00747	0.00435	0.00474	0.00781	0.01112	0.01506	0.22372	0.57890	0.07458	0.01449	0.00640	0.00195	0.00282	0.01304	0.00499	0.00435
4	0.00679	0.00523	0.00620	0.00596	0.00738	0.00464	0.00447	0.00877	0.01341	0.01793	0.49571	0.04269	0.33932	0.01148	0.00606	0.00166	0.00249	0.00989	0.00530	0.00464
5	0.01048	0.07104	0.75027	0.01430	0.02170	0.01239	0.01839	0.01620	0.01081	0.01602	0.00909	0.01069	0.00650	0.00485	0.00479	0.00160	0.00747	0.00373	0.00217	0.00753
6	0.01237	0.01186	0.02075	0.11359	0.48463	0.01206	0.14210	0.05744	0.01230	0.01709	0.01094	0.01575	0.00927	0.00527	0.00538	0.00163	0.00650	0.05079	0.00280	0.00748
7	0.01805	0.01269	0.01367	0.01070	0.01437	0.01391	0.00877	0.59817	0.06130	0.06703	0.01372	0.01380	0.00985	0.00619	0.00494	0.00151	0.00508	0.00473	0.11333	0.00819
8	0.09583	0.06270	0.03467	0.01056	0.01461	0.03541	0.00897	0.41605	0.01875	0.23166	0.01344	0.01295	0.00925	0.00592	0.00483	0.00153	0.00529	0.00442	0.00495	0.00820
9	0.00802	0.00605	0.00730	0.00644	0.00847	0.00516	0.00492	0.01013	0.01311	0.03838	0.44166	0.03527	0.21856	0.00973	0.00561	0.00148	0.00277	0.00838	0.00496	0.16359
10	0.02302	0.00873	0.01191	0.00913	0.01310	0.00754	0.00754	0.02501	0.01469	0.79122	0.02024	0.01746	0.01270	0.00635	0.00516	0.00159	0.00437	0.00516	0.00635	0.00873
11	0.00974	0.00513	0.00516	0.00510	0.00639	0.00523	0.00384	0.01281	0.05366	0.01926	0.01697	0.01913	0.01329	0.00603	0.00368	0.00123	0.00248	0.00484	0.80105	0.00497
12	0.02302	0.00873	0.01191	0.00913	0.01310	0.00754	0.00754	0.02501	0.01469	0.79122	0.02024	0.01746	0.01270	0.00635	0.00516	0.00159	0.00437	0.00516	0.00635	0.00873
13	0.02290	0.00893	0.01203	0.00922	0.01320	0.00783	0.00762	0.05108	0.01502	0.76468	0.01997	0.01728	0.01256	0.00634	0.00516	0.00159	0.00441	0.00514	0.00631	0.00873
14	0.01951	0.01437	0.01540	0.01181	0.01591	0.01591	0.00975	0.77056	0.02412	0.03234	0.01232	0.01232	0.00873	0.00616	0.00513	0.00154	0.00565	0.00462	0.00513	0.00873
15	0.85592	0.00992	0.00754	0.00675	0.00992	0.01151	0.00556	0.01508	0.00873	0.02302	0.00714	0.00834	0.00556	0.00476	0.00318	0.00159	0.00397	0.00278	0.00318	0.00556
16	0.01261	0.01210	0.02067	0.05395	0.76589	0.01217	0.01570	0.01567	0.01164	0.01666	0.00964	0.01273	0.00809	0.00459	0.00508	0.00153	0.00612	0.00457	0.00253	0.00806
17	0.02291	0.00892	0.01202	0.00922	0.01319	0.00781	0.00761	0.04919	0.01499	0.76660	0.01999	0.01730	0.01257	0.00634	0.00516	0.00159	0.00441	0.00514	0.00631	0.00873
18	0.85592	0.00992	0.00754	0.00675	0.00992	0.01151	0.00556	0.01508	0.00873	0.02302	0.00714	0.00834	0.00556	0.00476	0.00318	0.00159	0.00397	0.00278	0.00318	0.00556
19	0.85592	0.00992	0.00754	0.00675	0.00992	0.01151	0.00556	0.01508	0.00873	0.02302	0.00714	0.00834	0.00556	0.00476	0.00318	0.00159	0.00397	0.00278	0.00318	0.00556
20	0.00746	0.00497	0.00560	0.00560	0.00560	0.00497	0.00311	0.00746	0.00746	0.00995	0.01617	0.03358	0.01865	0.81967	0.02612	0.00497	0.00497	0.00746	0.00311	0.00311
21	0.00625	0.00447	0.00595	0.00714	0.00744	0.00417	0.00476	0.00714	0.00982	0.01310	0.02828	0.81633	0.03394	0.01608	0.00655	0.00208	0.00298	0.01459	0.00476	0.00417
22	0.02302	0.00873	0.01191	0.00913	0.01310	0.00754	0.00754	0.02501	0.01469	0.79122	0.02024	0.01746	0.01270	0.00635	0.00516	0.00159	0.00437	0.00516	0.00635	0.00873
23	0.00646	0.00459	0.00605	0.00703	0.00733	0.00440	0.00467	0.00731	0.00945	0.01266	0.02596	0.67540	0.03084	0.11195	0.05753	0.00280	0.00387	0.01319	0.00444	0.00407
24	0.01393	0.79215	0.02641	0.00895	0.01327	0.05017	0.00882	0.01556	0.01058	0.01209	0.00716	0.00827	0.00659	0.00442	0.00334	0.00111	0.00563	0.00277	0.00221	0.00656
25	0.00894	0.00464	0.00703	0.03848	0.00782	0.00473	0.00485	0.00694	0.00683	0.00908	0.00892	0.01552	0.00883	0.01732	0.01946	0.81700	0.00455	0.00446	0.00223	0.00237
26	0.01007	0.00527	0.00533	0.00514	0.00649	0.00535	0.00390	0.05082	0.01144	0.01981	0.01651	0.01878	0.01292	0.00599	0.00367	0.00121	0.00256	0.00477	0.80497	0.00498
27	0.01372	0.82276	0.02689	0.00878	0.01317	0.02030	0.00878	0.01536	0.01043	0.01207	0.00713	0.00823	0.00658	0.00439	0.00329	0.00110	0.00549	0.00274	0.00219	0.00658
28	0.61873	0.04888	0.01043	0.00852	0.03025	0.01287	0.00684	0.17531	0.01215	0.02433	0.00830	0.00928	0.00634	0.00504	0.00364	0.00155	0.00445	0.00321	0.00353	0.00634
29	0.44259	0.03398	0.01094	0.00881	0.01224	0.01292	0.00723	0.20705	0.14696	0.05529	0.01136	0.01158	0.00842	0.00555	0.00410	0.00159	0.00446	0.00386	0.00412	0.00695
30	0.01182	0.00937	0.01140	0.00821	0.01274	0.00732	0.02709	0.03602	0.01136	0.07206	0.01004	0.01126	0.00800	0.00406	0.00400	0.00087	0.00403	0.00332	0.00332	0.74370
31	0.02969	0.00603	0.00757	0.00735	0.00876	0.00576	0.00547	0.06052	0.01313	0.09340	0.31218	0.31675	0.06878	0.01190	0.00604	0.00180	0.00313	0.03127	0.00524	0.00522

[dist]
# distance from previous block
# <min> <max>
0	1

[block]
# block no. 2 follows, 48 sequences, length 7
# corresponding to MSA columns:
# 244-250
name=unknown_C
#
# <colnr> <probs for GDERKNQSTAVLIFYWHMCP>
#	G	D	E	R	K	N	Q	S	T	A	V	L	I	F	Y	W	H	M	C	P
0	0.12100	0.01410	0.11577	0.01132	0.01560	0.01294	0.04530	0.39609	0.01773	0.14109	0.01255	0.01347	0.00906	0.04385	0.00589	0.00173	0.00561	0.00457	0.00447	0.00784
1	0.03672	0.05074	0.08814	0.01015	0.03167	0.09056	0.00868	0.19448	0.01455	0.10019	0.01255	0.01360	0.00942	0.00568	0.00489	0.00139	0.03610	0.00423	0.21039	0.07589
2	0.01005	0.00543	0.00730	0.00759	0.00872	0.00493	0.00539	0.01119	0.01093	0.18944	0.02646	0.63529	0.02912	0.01387	0.00623	0.00197	0.00329	0.01245	0.00512	0.00520
3	0.02302	0.00873	0.01191	0.00913	0.01310	0.00754	0.00754	0.02501	0.01469	0.79122	0.02024	0.01746	0.01270	0.00635	0.00516	0.00159	0.00437	0.00516	0.00635	0.00873
4	0.01191	0.01031	0.01539	0.62706	0.03094	0.01242	0.01323	0.18476	0.01340	0.01747	0.00984	0.01337	0.00727	0.00536	0.00513	0.00167	0.00657	0.00457	0.00293	0.00639
5	0.02057	0.00871	0.01146	0.00906	0.01268	0.00791	0.00739	0.02401	0.10133	0.64089	0.08282	0.01936	0.01596	0.00676	0.00524	0.00161	0.00417	0.00557	0.00617	0.00834
6	0.01750	0.01318	0.01432	0.01085	0.01506	0.01386	0.00892	0.59886	0.02107	0.02880	0.01159	0.01194	0.00847	0.00562	0.00483	0.00136	0.00523	0.00426	0.00466	0.19961

[dist]
# distance from previous block
# <min> <max>
0	3

[block]
# block no. 3 follows, 48 sequences, length 10
# corresponding to MSA columns:
# 254-263
name=unknown_D
#
# <colnr> <probs for GDERKNQSTAVLIFYWHMCP>
#	G	D	E	R	K	N	Q	S	T	A	V	L	I	F	Y	W	H	M	C	P
0	0.01123	0.01123	0.01572	0.01347	0.01347	0.01572	0.01123	0.01235	0.00786	0.01235	0.00674	0.01123	0.00674	0.00898	0.01684	0.00225	0.81028	0.00449	0.00225	0.00561
1	0.03616	0.01115	0.08529	0.48472	0.02739	0.01150	0.03785	0.01669	0.16244	0.03879	0.01195	0.01459	0.00887	0.00549	0.00506	0.00169	0.00615	0.00476	0.02301	0.00646
2	0.01752	0.01205	0.01646	0.12691	0.01944	0.01274	0.11595	0.34343	0.05826	0.20320	0.01388	0.01429	0.00962	0.00584	0.00527	0.00161	0.00586	0.00500	0.00466	0.00801
3	0.00712	0.00539	0.00688	0.00723	0.00838	0.00470	0.00502	0.00829	0.00999	0.01381	0.02449	0.65693	0.02873	0.01365	0.00601	0.00182	0.00314	0.01230	0.00442	0.17171
4	0.02168	0.01088	0.01324	0.01015	0.01417	0.01073	0.00838	0.30869	0.01828	0.50247	0.01723	0.01551	0.01119	0.00628	0.00515	0.00157	0.00485	0.00495	0.00589	0.00873
5	0.01314	0.09940	0.21341	0.01318	0.04391	0.01085	0.15327	0.01657	0.01164	0.14996	0.01209	0.05319	0.00949	0.00532	0.00486	0.00143	0.00597	0.00477	0.00329	0.17426
6	0.01401	0.05782	0.43749	0.01330	0.06123	0.01080	0.01416	0.01852	0.03440	0.23097	0.01340	0.04948	0.00983	0.00581	0.00498	0.00161	0.00619	0.00471	0.00356	0.00774
7	0.00887	0.00643	0.00782	0.00807	0.00912	0.00649	0.00575	0.15817	0.01265	0.01690	0.02512	0.65727	0.02895	0.01411	0.00627	0.00198	0.00350	0.01261	0.00484	0.00507
8	0.13561	0.35291	0.01891	0.16754	0.01764	0.17504	0.00972	0.01581	0.01089	0.01397	0.00768	0.00964	0.00650	0.00494	0.00440	0.00138	0.03560	0.00329	0.00245	0.00610
9	0.64051	0.00999	0.01039	0.16598	0.01591	0.01157	0.05070	0.01477	0.00923	0.02069	0.00772	0.00971	0.00594	0.00481	0.00373	0.00162	0.00480	0.00332	0.00297	0.00566

[dist]
# distance from previous block
# <min> <max>
0	2

[block]
# block no. 4 follows, 48 sequences, length 19
# corresponding to MSA columns:
# 268-286
name=unknown_E
#
# <colnr> <probs for GDERKNQSTAVLIFYWHMCP>
#	G	D	E	R	K	N	Q	S	T	A	V	L	I	F	Y	W	H	M	C	P
0	0.01992	0.03724	0.01446	0.01094	0.01483	0.06138	0.00899	0.46599	0.03382	0.24172	0.01457	0.02905	0.01025	0.00631	0.00508	0.00154	0.00543	0.00485	0.00523	0.00840
1	0.00733	0.00550	0.00825	0.00825	0.00916	0.00641	0.00641	0.00916	0.00825	0.01191	0.01374	0.02016	0.01283	0.03848	0.79934	0.00825	0.01374	0.00550	0.00275	0.00458
2	0.85592	0.00992	0.00754	0.00675	0.00992	0.01151	0.00556	0.01508	0.00873	0.02302	0.00714	0.00834	0.00556	0.00476	0.00318	0.00159	0.00397	0.00278	0.00318	0.00556
3	0.00735	0.00543	0.00789	0.00789	0.00868	0.00622	0.00597	0.00893	0.00814	0.01165	0.01407	0.02196	0.01361	0.14311	0.69578	0.00781	0.01257	0.00576	0.00280	0.00438
4	0.00981	0.00912	0.01477	0.70351	0.03233	0.01081	0.01319	0.01309	0.01031	0.01358	0.00912	0.01329	0.00694	0.00496	0.00496	0.00159	0.00645	0.00436	0.00238	0.11545
5	0.01222	0.00940	0.01167	0.07962	0.03565	0.00786	0.00737	0.04762	0.01163	0.09312	0.01037	0.01171	0.00810	0.00429	0.00415	0.00098	0.00427	0.00349	0.00338	0.63311
6	0.00722	0.00542	0.00695	0.00704	0.00827	0.00478	0.00500	0.00874	0.01117	0.01562	0.22065	0.48461	0.03340	0.01264	0.00597	0.00175	0.00297	0.01134	0.00471	0.14175
7	0.04180	0.16399	0.03998	0.01128	0.01374	0.08696	0.00957	0.01926	0.28775	0.01610	0.01213	0.01324	0.00988	0.00679	0.00816	0.00172	0.24303	0.00445	0.00338	0.00679
8	0.01318	0.00989	0.01091	0.00985	0.01255	0.01101	0.00761	0.02438	0.58497	0.11476	0.02177	0.12243	0.01767	0.00807	0.00539	0.00177	0.00396	0.00686	0.00530	0.00768
9	0.00797	0.00578	0.00715	0.00768	0.00852	0.00570	0.00538	0.10626	0.01174	0.01562	0.02700	0.68620	0.05590	0.01468	0.00635	0.00200	0.00331	0.01317	0.00481	0.00476
10	0.01778	0.01309	0.01417	0.01120	0.01481	0.01439	0.00910	0.67145	0.02227	0.02984	0.01439	0.11670	0.01200	0.00745	0.00532	0.00161	0.00530	0.00591	0.00508	0.00813
11	0.00708	0.00536	0.00673	0.00681	0.00806	0.00472	0.00486	0.00862	0.01142	0.01571	0.23650	0.41640	0.11414	0.01262	0.00600	0.00175	0.00289	0.01123	0.00478	0.11432
12	0.01332	0.01024	0.01124	0.00972	0.01239	0.01125	0.00765	0.25842	0.26363	0.02276	0.01806	0.14315	0.01574	0.00810	0.00553	0.00165	0.02636	0.02275	0.08801	0.05002
13	0.00671	0.00497	0.00621	0.00643	0.00739	0.00453	0.00459	0.00834	0.01221	0.01651	0.37294	0.30039	0.17845	0.03802	0.00685	0.00190	0.00272	0.01128	0.00511	0.00447
14	0.01405	0.04966	0.04073	0.03248	0.05409	0.06304	0.03172	0.18652	0.25058	0.03336	0.01448	0.05337	0.01157	0.00619	0.00492	0.00149	0.00516	0.00508	0.00416	0.13735
15	0.01155	0.02042	0.48407	0.01324	0.04270	0.01148	0.01470	0.09053	0.07983	0.01839	0.01054	0.01173	0.00777	0.00498	0.00474	0.00147	0.00636	0.00394	0.00289	0.15865
16	0.01484	0.07452	0.05769	0.01075	0.01437	0.02588	0.05273	0.32082	0.04756	0.04422	0.04634	0.01420	0.01086	0.00598	0.00539	0.00145	0.04955	0.00463	0.11371	0.08452
17	0.04731	0.01223	0.07340	0.07538	0.06781	0.02189	0.12744	0.09382	0.06184	0.07942	0.01122	0.01267	0.00846	0.00482	0.00474	0.00135	0.00556	0.00428	0.00343	0.28294
18	0.07279	0.04589	0.01562	0.07254	0.06141	0.10629	0.03741	0.19439	0.03572	0.07457	0.01419	0.02840	0.03146	0.00689	0.00556	0.00176	0.00622	0.00504	0.00441	0.17941

[dist]
# distance from previous block
# <min> <max>
2	13

[block]
# block no. 5 follows, 48 sequences, length 14
# corresponding to MSA columns:
# 304-317
name=unknown_F
#
# <colnr> <probs for GDERKNQSTAVLIFYWHMCP>
#	G	D	E	R	K	N	Q	S	T	A	V	L	I	F	Y	W	H	M	C	P
0	0.18701	0.01041	0.01193	0.15226	0.04577	0.04580	0.00860	0.12061	0.01311	0.14117	0.05689	0.03590	0.01110	0.00579	0.00460	0.00148	0.00495	0.00457	0.00391	0.13414
1	0.11769	0.06552	0.01472	0.04523	0.11407	0.09211	0.00966	0.17574	0.07063	0.10660	0.02593	0.03118	0.00990	0.00615	0.00582	0.00159	0.07891	0.00456	0.00385	0.02014
2	0.14363	0.04163	0.01235	0.03514	0.07011	0.04616	0.00795	0.18695	0.01394	0.05173	0.05093	0.09067	0.01230	0.00631	0.00460	0.00139	0.00470	0.00504	0.00386	0.21062
3	0.21166	0.02503	0.00941	0.02543	0.01106	0.05436	0.00646	0.07368	0.04541	0.09463	0.05261	0.16780	0.06309	0.04432	0.00589	0.00180	0.00427	0.03693	0.00422	0.06195
4	0.00785	0.00523	0.00667	0.00704	0.00803	0.00486	0.00500	0.00965	0.03774	0.06994	0.18703	0.48651	0.11780	0.01358	0.00625	0.00190	0.00296	0.01210	0.00507	0.00478
5	0.01116	0.00943	0.01092	0.00785	0.01238	0.00737	0.00630	0.05734	0.01143	0.01764	0.00931	0.01074	0.00767	0.00394	0.00388	0.00081	0.00391	0.00313	0.00316	0.80166
6	0.09961	0.07152	0.07149	0.01050	0.01486	0.02962	0.02825	0.33655	0.01662	0.08479	0.01103	0.01156	0.00811	0.00527	0.00453	0.00136	0.00528	0.00397	0.00406	0.18102
7	0.00891	0.00446	0.00668	0.00668	0.00668	0.00446	0.00446	0.00668	0.00668	0.00891	0.00891	0.01560	0.00891	0.01783	0.02005	0.85071	0.00446	0.00446	0.00223	0.00223
8	0.00692	0.00523	0.00638	0.00609	0.00745	0.00469	0.00457	0.00901	0.01371	0.01864	0.57338	0.04152	0.26120	0.01121	0.00606	0.00165	0.00247	0.00973	0.00539	0.00469
9	0.01446	0.67138	0.02442	0.00949	0.01356	0.13180	0.00891	0.01664	0.04577	0.01257	0.00787	0.00887	0.00700	0.00464	0.00357	0.00116	0.00596	0.00296	0.00240	0.00656
10	0.72345	0.00980	0.00826	0.04596	0.01141	0.01100	0.00604	0.01475	0.00901	0.02186	0.00745	0.00884	0.00584	0.00468	0.00334	0.00150	0.00409	0.00289	0.00312	0.09670
11	0.01328	0.00947	0.01136	0.04443	0.01349	0.00816	0.00700	0.10949	0.01279	0.13010	0.01189	0.03617	0.00952	0.02770	0.00493	0.00118	0.00426	0.00407	0.00380	0.53691
12	0.08181	0.00775	0.00964	0.00792	0.01094	0.00712	0.00637	0.01921	0.04386	0.44943	0.15775	0.02380	0.09595	0.00763	0.00518	0.00159	0.00371	0.00628	0.04691	0.00714
13	0.01287	0.01213	0.07535	0.31090	0.27676	0.01203	0.03329	0.09682	0.01259	0.07484	0.01046	0.01323	0.00790	0.00519	0.00538	0.00163	0.02385	0.00459	0.00298	0.00722

[dist]
# distance from previous block
# <min> <max>
0	2

[block]
# block no. 6 follows, 48 sequences, length 26
# corresponding to MSA columns:
# 330-355
name=unknown_G
#
# <colnr> <probs for GDERKNQSTAVLIFYWHMCP>
#	G	D	E	R	K	N	Q	S	T	A	V	L	I	F	Y	W	H	M	C	P
0	0.09696	0.02813	0.01403	0.06328	0.03878	0.11963	0.02270	0.30329	0.03980	0.06081	0.01090	0.01174	0.00815	0.00534	0.00463	0.00139	0.00568	0.00403	0.00394	0.15679
1	0.01254	0.00898	0.01068	0.00806	0.01207	0.00740	0.00643	0.05138	0.04475	0.12819	0.05668	0.04790	0.01219	0.00532	0.00436	0.00106	0.00387	0.00438	0.00393	0.56984
2	0.01341	0.01101	0.01666	0.38018	0.20003	0.01231	0.03029	0.17053	0.02832	0.07127	0.01091	0.01354	0.00811	0.00531	0.00514	0.00163	0.00625	0.00467	0.00327	0.00715
3	0.01358	0.01256	0.09256	0.01173	0.04503	0.01202	0.02560	0.05757	0.51061	0.08857	0.01794	0.01701	0.01325	0.00634	0.00511	0.00164	0.00468	0.00529	0.00472	0.05418
4	0.00609	0.00509	0.00531	0.00548	0.00701	0.00431	0.00403	0.00733	0.01142	0.01375	0.04849	0.16224	0.67498	0.01345	0.00614	0.00178	0.00265	0.01138	0.00476	0.00431
5	0.85592	0.00992	0.00754	0.00675	0.00992	0.01151	0.00556	0.01508	0.00873	0.02302	0.00714	0.00834	0.00556	0.00476	0.00318	0.00159	0.00397	0.00278	0.00318	0.00556
6	0.07249	0.01230	0.01251	0.01066	0.01393	0.03537	0.00847	0.24319	0.48453	0.02450	0.01709	0.01614	0.01270	0.00653	0.00504	0.00166	0.00466	0.00518	0.00498	0.00806
7	0.01184	0.01012	0.01210	0.01123	0.06571	0.01061	0.03044	0.02080	0.43387	0.03204	0.03151	0.05045	0.01445	0.03849	0.00604	0.00166	0.01951	0.00559	0.00436	0.18916
8	0.01328	0.14889	0.28207	0.02592	0.03878	0.04682	0.12183	0.03107	0.01184	0.11951	0.01141	0.04889	0.00897	0.00540	0.00483	0.00150	0.00648	0.00460	0.00306	0.06486
9	0.01332	0.01130	0.01192	0.01055	0.01356	0.01302	0.00826	0.08874	0.71601	0.02236	0.02018	0.01858	0.01509	0.00690	0.00521	0.00172	0.00419	0.00570	0.00521	0.00817
10	0.01306	0.01164	0.01174	0.01057	0.01346	0.04900	0.00820	0.02695	0.74320	0.02105	0.02029	0.01869	0.01525	0.00688	0.00519	0.00172	0.00430	0.00569	0.00510	0.00802
11	0.07990	0.00881	0.01161	0.00897	0.01288	0.00781	0.00741	0.02433	0.01428	0.73876	0.01935	0.01684	0.01221	0.00624	0.00502	0.00159	0.00434	0.00500	0.00613	0.00852
12	0.01211	0.01384	0.03028	0.02163	0.02682	0.01298	0.76903	0.01644	0.01211	0.01644	0.01038	0.01384	0.00779	0.00433	0.00606	0.00173	0.00865	0.00606	0.00260	0.00692
13	0.00726	0.00524	0.00686	0.00646	0.00767	0.00484	0.00484	0.00968	0.01452	0.02058	0.78496	0.03833	0.04841	0.01049	0.00605	0.00161	0.00242	0.00928	0.00565	0.00484
14	0.01123	0.01123	0.01572	0.01347	0.01347	0.01572	0.01123	0.01235	0.00786	0.01235	0.00674	0.01123	0.00674	0.00898	0.01684	0.00225	0.81028	0.00449	0.00225	0.00561
15	0.01064	0.00912	0.01064	0.00760	0.01216	0.00684	0.00608	0.01292	0.01064	0.01672	0.00912	0.01064	0.00760	0.00380	0.00380	0.00076	0.00380	0.00304	0.00304	0.85104
16	0.11602	0.01337	0.07890	0.07439	0.12212	0.01218	0.44311	0.01559	0.01133	0.01692	0.01039	0.04292	0.00838	0.00495	0.00544	0.00169	0.00733	0.00551	0.00269	0.00677
17	0.00642	0.00458	0.00610	0.00726	0.00761	0.00431	0.00495	0.00739	0.00989	0.01316	0.02785	0.74196	0.03319	0.03931	0.00715	0.00219	0.00315	0.06463	0.00471	0.00417
18	0.00746	0.00497	0.00560	0.00560	0.00560	0.00497	0.00311	0.00746	0.00746	0.00995	0.01617	0.03358	0.01865	0.81967	0.02612	0.00497	0.00497	0.00746	0.00311	0.00311
19	0.01297	0.01100	0.01159	0.01035	0.01326	0.01269	0.00807	0.05847	0.72633	0.02187	0.02041	0.01885	0.01530	0.00690	0.00517	0.00172	0.00408	0.00572	0.02718	0.00806
20	0.01115	0.01148	0.06512	0.44173	0.25753	0.01171	0.07995	0.01465	0.01098	0.03295	0.00965	0.01332	0.00742	0.00491	0.00518	0.00165	0.00676	0.00466	0.00247	0.00671
21	0.01553	0.01016	0.01309	0.07808	0.12225	0.01076	0.00938	0.02339	0.35523	0.25408	0.01805	0.01729	0.01292	0.00627	0.00513	0.00165	0.00462	0.00531	0.02881	0.00802
22	0.00662	0.00477	0.00629	0.00699	0.00762	0.00444	0.00490	0.00803	0.01133	0.01541	0.25158	0.53974	0.05534	0.01428	0.00641	0.00195	0.00287	0.04200	0.00502	0.00439
23	0.00651	0.00475	0.00607	0.00689	0.00750	0.00440	0.00479	0.00766	0.01057	0.01398	0.11209	0.55612	0.12902	0.05201	0.00737	0.00214	0.00306	0.05604	0.00478	0.00424
24	0.01819	0.11468	0.04168	0.04488	0.01597	0.05096	0.00966	0.41197	0.06871	0.15280	0.01310	0.01298	0.00932	0.00590	0.00488	0.00151	0.00559	0.00446	0.00464	0.00812
25	0.01610	0.01160	0.05093	0.09860	0.23401	0.03254	0.01130	0.07363	0.10877	0.26549	0.03492	0.01559	0.01138	0.00580	0.00514	0.00159	0.00539	0.00497	0.00432	0.00794

[dist]
# distance from previous block
# <min> <max>
0	4

[block]
# block no. 7 follows, 48 sequences, length 16
# corresponding to MSA columns:
# 360-375
name=unknown_H
#
# <colnr> <probs for GDERKNQSTAVLIFYWHMCP>
#	G	D	E	R	K	N	Q	S	T	A	V	L	I	F	Y	W	H	M	C	P
0	0.04766	0.02604	0.01007	0.00897	0.01033	0.00892	0.00710	0.10538	0.01023	0.01491	0.01261	0.01829	0.01161	0.07178	0.53280	0.00622	0.08362	0.00522	0.00303	0.00521
1	0.76604	0.04292	0.00878	0.00727	0.01045	0.06524	0.00598	0.01546	0.00919	0.02188	0.00720	0.00839	0.00567	0.00478	0.00328	0.00155	0.00439	0.00281	0.00310	0.00562
2	0.01237	0.00630	0.00842	0.00743	0.00944	0.00565	0.00573	0.01445	0.01397	0.27587	0.43226	0.13257	0.03466	0.00984	0.00582	0.00167	0.00314	0.00860	0.00577	0.00605
3	0.01143	0.06133	0.54593	0.01801	0.19399	0.01257	0.01732	0.05100	0.01162	0.01691	0.00935	0.01120	0.00697	0.00484	0.00486	0.00157	0.00706	0.00395	0.00239	0.00771
4	0.00702	0.00505	0.00650	0.00650	0.00741	0.00469	0.00464	0.00886	0.01277	0.01778	0.52808	0.21176	0.06119	0.08491	0.00798	0.00203	0.00278	0.01034	0.00520	0.00452
5	0.00744	0.00639	0.04404	0.04787	0.00986	0.00548	0.00611	0.00988	0.01344	0.01877	0.57182	0.11526	0.06590	0.01078	0.00605	0.00171	0.00306	0.04608	0.00515	0.00492
6	0.00684	0.00587	0.00666	0.00747	0.06731	0.00518	0.00499	0.00857	0.02799	0.01436	0.06984	0.04519	0.64638	0.03885	0.00665	0.00183	0.00301	0.02374	0.00458	0.00469
7	0.79029	0.00983	0.00789	0.00694	0.01017	0.01120	0.00571	0.01586	0.00920	0.08355	0.00818	0.00905	0.00612	0.00489	0.00333	0.00159	0.00400	0.00297	0.00343	0.00581
8	0.05134	0.01661	0.28160	0.04611	0.36874	0.01185	0.01532	0.01716	0.07027	0.05663	0.01077	0.01263	0.00823	0.00498	0.00494	0.00159	0.00628	0.00435	0.00283	0.00778
9	0.00967	0.00561	0.00746	0.00712	0.00853	0.00511	0.00528	0.01157	0.01316	0.15093	0.42913	0.26534	0.03798	0.01143	0.00605	0.00175	0.00292	0.01014	0.00551	0.00531
10	0.01049	0.06396	0.51503	0.08425	0.04709	0.01194	0.10310	0.01546	0.01120	0.01610	0.06523	0.01333	0.00976	0.00520	0.00504	0.00161	0.00711	0.00448	0.00249	0.00711
11	0.01216	0.07718	0.17324	0.37674	0.05310	0.01272	0.04097	0.10107	0.01224	0.05577	0.00991	0.01262	0.00734	0.00526	0.00529	0.00163	0.02882	0.00435	0.00280	0.00677
12	0.00696	0.00512	0.00651	0.00641	0.00754	0.00467	0.00471	0.00901	0.01345	0.01859	0.57777	0.15946	0.13741	0.01166	0.00613	0.00170	0.00253	0.01029	0.00540	0.00467
13	0.09433	0.03811	0.30876	0.12553	0.08008	0.03933	0.03825	0.01486	0.02820	0.01695	0.11772	0.01723	0.01369	0.00610	0.00502	0.00164	0.00612	0.03851	0.00301	0.00655
14	0.02471	0.00571	0.00737	0.00714	0.00850	0.00543	0.00549	0.01105	0.03835	0.06141	0.54357	0.11429	0.04102	0.01100	0.00609	0.00175	0.00293	0.09367	0.00543	0.00509
15	0.11285	0.14650	0.34138	0.07421	0.01862	0.01281	0.02938	0.07062	0.01196	0.09483	0.03458	0.01205	0.00857	0.00521	0.00455	0.00154	0.00616	0.00398	0.00305	0.00713

[dist]
# distance from previous block
# <min> <max>
9	21

[block]
# block no. 8 follows, 48 sequences, length 42
# corresponding to MSA columns:
# 411-430,432-439,441-454
name=unknown_I
#
# <colnr> <probs for GDERKNQSTAVLIFYWHMCP>
#	G	D	E	R	K	N	Q	S	T	A	V	L	I	F	Y	W	H	M	C	P
0	0.11504	0.02732	0.12139	0.44481	0.07561	0.01107	0.01281	0.01386	0.01046	0.02725	0.02361	0.01446	0.04349	0.00542	0.00483	0.00163	0.00611	0.00452	0.00265	0.03366
1	0.00877	0.00963	0.14784	0.03292	0.01161	0.00687	0.00793	0.04604	0.01285	0.03569	0.36797	0.14054	0.03142	0.06847	0.00726	0.00193	0.00403	0.03190	0.00453	0.02178
2	0.00643	0.00512	0.00577	0.00584	0.00724	0.00446	0.00432	0.00798	0.01217	0.01549	0.23441	0.14794	0.48734	0.01278	0.00614	0.00176	0.00264	0.02273	0.00499	0.00445
3	0.03849	0.29016	0.27548	0.01163	0.03640	0.04197	0.03652	0.01583	0.03001	0.04145	0.05080	0.03038	0.00996	0.00528	0.00437	0.00139	0.00597	0.00407	0.00277	0.06709
4	0.06755	0.00973	0.01206	0.00946	0.01329	0.00933	0.00776	0.11577	0.09562	0.57533	0.01862	0.01651	0.01213	0.00630	0.00505	0.00160	0.00447	0.00503	0.00591	0.00849
5	0.01370	0.72381	0.08061	0.00931	0.01382	0.01922	0.00952	0.01565	0.01052	0.03555	0.00766	0.00876	0.00676	0.00459	0.00376	0.00118	0.02364	0.00293	0.00232	0.00670
6	0.05015	0.00932	0.01163	0.00922	0.01277	0.00890	0.00751	0.13173	0.06330	0.51418	0.09237	0.03535	0.01593	0.00691	0.00520	0.00160	0.00430	0.00563	0.00589	0.00811
7	0.00803	0.00542	0.00707	0.00655	0.00792	0.00496	0.00495	0.01040	0.01445	0.05979	0.72404	0.03759	0.06851	0.01035	0.00601	0.00162	0.00253	0.00911	0.00566	0.00503
8	0.00724	0.00522	0.00683	0.00647	0.00766	0.00482	0.00484	0.00961	0.01440	0.02038	0.76471	0.05915	0.04803	0.01064	0.00607	0.00163	0.00244	0.00942	0.00562	0.00482
9	0.00622	0.00459	0.00583	0.00682	0.00736	0.00420	0.00462	0.00718	0.01014	0.01323	0.03226	0.68763	0.16007	0.01556	0.00647	0.00202	0.00291	0.01396	0.00476	0.00420
10	0.02242	0.00917	0.01211	0.00934	0.01328	0.00826	0.00770	0.07102	0.04425	0.71526	0.01978	0.01721	0.01257	0.00636	0.00516	0.00159	0.00443	0.00515	0.00623	0.00871
11	0.00673	0.00481	0.00649	0.00761	0.00814	0.00457	0.00552	0.00801	0.01047	0.01394	0.06365	0.61664	0.03367	0.01540	0.00664	0.00212	0.00333	0.17313	0.00480	0.00432
12	0.83497	0.00981	0.00752	0.00674	0.00987	0.01135	0.00554	0.01495	0.00888	0.02296	0.02634	0.00908	0.00661	0.00490	0.00325	0.00159	0.00393	0.00294	0.00324	0.00554
13	0.01064	0.00912	0.01064	0.00760	0.01216	0.00684	0.00608	0.01292	0.01064	0.01672	0.00912	0.01064	0.00760	0.00380	0.00380	0.00076	0.00380	0.00304	0.00304	0.85104
14	0.00891	0.00446	0.00668	0.00668	0.00668	0.00446	0.00446	0.00668	0.00668	0.00891	0.00891	0.01560	0.00891	0.01783	0.02005	0.85071	0.00446	0.00446	0.00223	0.00223
15	0.01773	0.01318	0.01406	0.01111	0.01482	0.01465	0.00907	0.59771	0.14690	0.02967	0.01402	0.01390	0.01016	0.00628	0.00504	0.00155	0.00517	0.00482	0.06180	0.00836
16	0.42143	0.03049	0.01195	0.01099	0.08765	0.05416	0.00805	0.20834	0.01377	0.08392	0.00990	0.01067	0.00735	0.00526	0.00410	0.00154	0.00493	0.00366	0.01495	0.00689
17	0.01150	0.01114	0.01754	0.40423	0.35942	0.04270	0.01445	0.01518	0.04569	0.01505	0.00983	0.01333	0.00779	0.00498	0.00509	0.00162	0.00649	0.00457	0.00254	0.00687
18	0.00889	0.00743	0.00720	0.00734	0.00794	0.09719	0.00488	0.03393	0.00976	0.01220	0.01929	0.26645	0.02208	0.41612	0.01609	0.00344	0.00488	0.04717	0.00370	0.00402
19	0.06641	0.01707	0.31055	0.07545	0.08424	0.01182	0.01317	0.15730	0.04939	0.01976	0.01053	0.02433	0.00804	0.00522	0.00474	0.00149	0.00603	0.00417	0.00314	0.12714
20	0.00704	0.00499	0.00659	0.00738	0.00816	0.00468	0.00545	0.00851	0.01116	0.02625	0.14649	0.47349	0.09296	0.01445	0.00652	0.00203	0.00323	0.16121	0.00492	0.00446
21	0.00658	0.00481	0.00619	0.00670	0.00747	0.00442	0.00470	0.00805	0.01165	0.01577	0.29302	0.46489	0.11917	0.01381	0.00633	0.00188	0.00274	0.01235	0.00507	0.00442
22	0.11907	0.01312	0.01409	0.08245	0.03102	0.04311	0.00953	0.48093	0.04977	0.08868	0.01217	0.01254	0.00868	0.00588	0.00488	0.00156	0.00553	0.00443	0.00460	0.00794
23	0.01730	0.07453	0.18080	0.01207	0.01692	0.01500	0.01153	0.52311	0.01990	0.06171	0.01165	0.01194	0.00828	0.00577	0.00495	0.00153	0.00599	0.00433	0.00435	0.00833
24	0.02628	0.00516	0.00673	0.00713	0.00802	0.00482	0.02115	0.00832	0.01113	0.01512	0.19163	0.44089	0.13226	0.04295	0.00703	0.00204	0.00313	0.05697	0.00481	0.00442
25	0.00862	0.00612	0.00674	0.00643	0.00701	0.00637	0.00402	0.04866	0.09294	0.01248	0.01759	0.03139	0.04133	0.66426	0.02214	0.00434	0.00484	0.00724	0.00349	0.00398
26	0.05403	0.11479	0.01579	0.39241	0.04122	0.05633	0.01132	0.04605	0.08529	0.05121	0.01041	0.01286	0.00799	0.00534	0.00508	0.00156	0.03150	0.00424	0.00296	0.04961
27	0.00691	0.00520	0.00639	0.00617	0.00747	0.00468	0.00460	0.00897	0.01358	0.01851	0.56250	0.07711	0.23631	0.01139	0.00608	0.00167	0.00249	0.00992	0.00538	0.00468
28	0.01321	0.00995	0.01187	0.01012	0.01255	0.01130	0.00815	0.35318	0.05478	0.02161	0.01325	0.01630	0.01094	0.02141	0.37696	0.00471	0.03402	0.00509	0.00393	0.00666
29	0.73653	0.00988	0.00809	0.00703	0.01029	0.01114	0.00577	0.04003	0.00963	0.05847	0.00818	0.00919	0.00622	0.00486	0.00337	0.00154	0.00401	0.00300	0.01884	0.04393
30	0.00699	0.00520	0.00649	0.02529	0.00841	0.00503	0.00511	0.00909	0.06016	0.01459	0.08236	0.52948	0.13893	0.01390	0.00620	0.00194	0.00306	0.02943	0.04377	0.00457
31	0.01270	0.01219	0.02083	0.03149	0.78767	0.01219	0.01575	0.01575	0.01168	0.01676	0.00965	0.01270	0.00813	0.00457	0.00508	0.00152	0.00610	0.00457	0.00254	0.00813
32	0.02224	0.00856	0.01166	0.00900	0.01283	0.00741	0.00741	0.02424	0.01468	0.75291	0.05826	0.01850	0.01448	0.00656	0.00520	0.00159	0.00427	0.00536	0.00632	0.00854
33	0.01123	0.01123	0.01572	0.01347	0.01347	0.01572	0.01123	0.01235	0.00786	0.01235	0.00674	0.01123	0.00674	0.00898	0.01684	0.00225	0.81028	0.00449	0.00225	0.00561
34	0.01951	0.01437	0.01540	0.01181	0.01591	0.01591	0.00975	0.77056	0.02412	0.03234	0.01232	0.01232	0.00873	0.00616	0.00513	0.00154	0.00565	0.00462	0.00513	0.00873
35	0.00611	0.00520	0.00526	0.00524	0.00696	0.00435	0.00393	0.00745	0.01180	0.01410	0.07852	0.04898	0.75890	0.01290	0.00606	0.00173	0.00259	0.01077	0.00480	0.00435
36	0.00715	0.00522	0.00671	0.00638	0.00761	0.00479	0.00477	0.00945	0.01420	0.01990	0.71262	0.05729	0.10309	0.01081	0.00606	0.00163	0.00245	0.00952	0.00556	0.00479
37	0.00632	0.00449	0.00593	0.00706	0.00734	0.00421	0.00467	0.00716	0.00969	0.01292	0.02758	0.77129	0.03306	0.06231	0.00768	0.00225	0.00309	0.01418	0.00467	0.00411
38	0.03000	0.03165	0.41004	0.23397	0.09448	0.01160	0.04613	0.01487	0.01070	0.01538	0.01009	0.05007	0.00808	0.00542	0.00502	0.00166	0.00695	0.00464	0.00240	0.00686
39	0.01064	0.00912	0.01064	0.00760	0.01216	0.00684	0.00608	0.01292	0.01064	0.01672	0.00912	0.01064	0.00760	0.00380	0.00380	0.00076	0.00380	0.00304	0.00304	0.85104
40	0.01213	0.01131	0.01831	0.19630	0.49823	0.01175	0.01412	0.04971	0.01177	0.01660	0.00955	0.01267	0.00780	0.00478	0.00521	0.00151	0.02232	0.00442	0.00265	0.08887
41	0.01163	0.18547	0.48692	0.01372	0.05452	0.02843	0.01530	0.04039	0.01113	0.01570	0.00875	0.01042	0.00673	0.00497	0.00513	0.00150	0.04794	0.00363	0.00234	0.04536

[dist]
# distance from previous block
# <min> <max>
0	3

[block]
# block no. 9 follows, 48 sequences, length 13
# corresponding to MSA columns:
# 460-472
name=unknown_J
#
# <colnr> <probs for GDERKNQSTAVLIFYWHMCP>
#	G	D	E	R	K	N	Q	S	T	A	V	L	I	F	Y	W	H	M	C	P
0	0.00652	0.00564	0.00641	0.09446	0.01012	0.00514	0.00509	0.00811	0.01167	0.01409	0.08109	0.04490	0.66491	0.01200	0.00596	0.00172	0.00306	0.01006	0.00453	0.00451
1	0.06427	0.10206	0.01400	0.01038	0.01376	0.01431	0.00845	0.20945	0.46065	0.02321	0.01642	0.01560	0.01234	0.00635	0.00486	0.00161	0.00461	0.00499	0.00474	0.00795
2	0.03309	0.00869	0.01022	0.00755	0.01166	0.00678	0.00602	0.01337	0.01127	0.06554	0.09604	0.01408	0.01240	0.00473	0.00412	0.00093	0.00369	0.00386	0.00354	0.68242
3	0.01093	0.03464	0.06112	0.01271	0.01377	0.01414	0.03596	0.01343	0.05697	0.01419	0.09444	0.01471	0.01194	0.00849	0.01347	0.00206	0.57328	0.00507	0.00281	0.00587
4	0.01907	0.00841	0.01062	0.00858	0.01190	0.00788	0.00695	0.02310	0.13432	0.53591	0.01974	0.01802	0.01325	0.00638	0.00490	0.00154	0.00398	0.00520	0.15232	0.00795
5	0.01386	0.00998	0.01138	0.01206	0.01307	0.00869	0.00802	0.01286	0.01461	0.02027	0.07103	0.69771	0.03845	0.01928	0.00937	0.00330	0.00554	0.01547	0.00702	0.00805
6	0.00807	0.00545	0.00610	0.00591	0.00612	0.00553	0.00345	0.04630	0.00831	0.01109	0.01597	0.03250	0.01815	0.77827	0.02505	0.00480	0.00501	0.00732	0.00321	0.00339
7	0.00631	0.00449	0.00594	0.00707	0.00735	0.00421	0.00468	0.00716	0.00971	0.01294	0.02769	0.77811	0.03319	0.05531	0.00750	0.00222	0.00307	0.01424	0.00468	0.00412
8	0.03386	0.01391	0.01486	0.07134	0.05259	0.06360	0.01004	0.50371	0.13759	0.02711	0.01290	0.01322	0.00943	0.00605	0.00507	0.00157	0.00570	0.00468	0.00462	0.00815
9	0.00734	0.00544	0.00795	0.00795	0.00876	0.00625	0.00604	0.00897	0.00816	0.01169	0.01402	0.02168	0.01349	0.12704	0.71169	0.00788	0.01275	0.00572	0.00279	0.00441
10	0.00918	0.00829	0.01377	0.10850	0.05161	0.00920	0.13311	0.01230	0.05813	0.01372	0.01421	0.06531	0.03004	0.04351	0.34363	0.00463	0.06632	0.00610	0.00295	0.00549
11	0.01187	0.09990	0.01246	0.00840	0.01225	0.00986	0.00685	0.06142	0.16455	0.03259	0.01368	0.03866	0.03171	0.00539	0.00427	0.00114	0.00406	0.00432	0.03183	0.44479
12	0.11023	0.01272	0.12401	0.12162	0.03268	0.01104	0.04192	0.15290	0.03537	0.27308	0.01363	0.01390	0.00931	0.00566	0.00490	0.00160	0.00552	0.00456	0.01774	0.00763

[dist]
# distance from previous block
# <min> <max>
1	4

[block]
# block no. 10 follows, 48 sequences, length 24
# corresponding to MSA columns:
# 477-500
name=unknown_K
#
# <colnr> <probs for GDERKNQSTAVLIFYWHMCP>
#	G	D	E	R	K	N	Q	S	T	A	V	L	I	F	Y	W	H	M	C	P
0	0.63247	0.00984	0.00901	0.04468	0.01192	0.01095	0.00649	0.04619	0.01049	0.16263	0.00982	0.01040	0.00704	0.00512	0.00370	0.00159	0.00424	0.00337	0.00379	0.00626
1	0.05770	0.01263	0.09012	0.12608	0.43917	0.01150	0.07738	0.01534	0.01149	0.03587	0.04855	0.01387	0.00976	0.00499	0.00507	0.00157	0.00615	0.00474	0.00277	0.02526
2	0.01337	0.00965	0.03252	0.00902	0.01268	0.00849	0.00748	0.08092	0.12420	0.15482	0.01611	0.06018	0.01360	0.00676	0.00491	0.00139	0.00426	0.09023	0.00437	0.34504
3	0.00700	0.00511	0.00674	0.00771	0.00854	0.00484	0.00592	0.00854	0.01097	0.01434	0.06492	0.41760	0.12207	0.01477	0.00666	0.00212	0.00354	0.27939	0.00479	0.00442
4	0.01372	0.76114	0.06278	0.00919	0.01368	0.04326	0.00930	0.01556	0.01057	0.01228	0.00726	0.00838	0.00658	0.00444	0.00341	0.00113	0.00570	0.00281	0.00221	0.00661
5	0.01064	0.00912	0.01064	0.00760	0.01216	0.00684	0.00608	0.01292	0.01064	0.01672	0.00912	0.01064	0.00760	0.00380	0.00380	0.00076	0.00380	0.00304	0.00304	0.85104
6	0.01029	0.02654	0.79309	0.01462	0.02221	0.01192	0.01896	0.01625	0.01083	0.01625	0.00921	0.01083	0.00650	0.00487	0.00487	0.00162	0.00758	0.00379	0.00217	0.00758
7	0.00718	0.00526	0.00675	0.00644	0.00770	0.00483	0.00487	0.00949	0.01414	0.01971	0.68400	0.04015	0.12104	0.01088	0.00609	0.00165	0.00252	0.03697	0.00553	0.00479
8	0.00733	0.00550	0.00825	0.00825	0.00916	0.00641	0.00641	0.00916	0.00825	0.01191	0.01374	0.02016	0.01283	0.03848	0.79934	0.00825	0.01374	0.00550	0.00275	0.00458
9	0.01064	0.00912	0.01064	0.00760	0.01216	0.00684	0.00608	0.01292	0.01064	0.01672	0.00912	0.01064	0.00760	0.00380	0.00380	0.00076	0.00380	0.00304	0.00304	0.85104
10	0.00969	0.00912	0.01539	0.80734	0.03534	0.01140	0.01425	0.01311	0.01026	0.01311	0.00912	0.01368	0.00684	0.00513	0.00513	0.00171	0.00684	0.00456	0.00228	0.00570
11	0.04264	0.00934	0.01070	0.00772	0.01221	0.00734	0.00619	0.04041	0.01106	0.01752	0.00916	0.01061	0.00756	0.00392	0.00382	0.00082	0.00387	0.00309	0.00312	0.78888
12	0.01357	0.01143	0.01206	0.01061	0.01365	0.01314	0.00832	0.11670	0.68765	0.02277	0.01985	0.01832	0.01483	0.00686	0.00521	0.00172	0.00425	0.00566	0.00521	0.00819
13	0.85592	0.00992	0.00754	0.00675	0.00992	0.01151	0.00556	0.01508	0.00873	0.02302	0.00714	0.00834	0.00556	0.00476	0.00318	0.00159	0.00397	0.00278	0.00318	0.00556
14	0.01029	0.02654	0.79309	0.01462	0.02221	0.01192	0.01896	0.01625	0.01083	0.01625	0.00921	0.01083	0.00650	0.00487	0.00487	0.00162	0.00758	0.00379	0.00217	0.00758
15	0.00726	0.00524	0.00686	0.00646	0.00767	0.00484	0.00484	0.00968	0.01452	0.02058	0.78496	0.03833	0.04841	0.01049	0.00605	0.00161	0.00242	0.00928	0.00565	0.00484
16	0.00733	0.00550	0.00825	0.00825	0.00916	0.00641	0.00641	0.00916	0.00825	0.01191	0.01374	0.02016	0.01283	0.03848	0.79934	0.00825	0.01374	0.00550	0.00275	0.00458
17	0.00649	0.00507	0.00588	0.00599	0.00727	0.00446	0.00437	0.00807	0.01223	0.01587	0.28313	0.19809	0.39915	0.01280	0.00616	0.00176	0.00262	0.01108	0.00505	0.00446
18	0.00956	0.00478	0.00478	0.00478	0.00598	0.00478	0.00359	0.01196	0.01076	0.01913	0.01674	0.01913	0.01315	0.00598	0.00359	0.00120	0.00239	0.00478	0.84816	0.00478
19	0.85592	0.00992	0.00754	0.00675	0.00992	0.01151	0.00556	0.01508	0.00873	0.02302	0.00714	0.00834	0.00556	0.00476	0.00318	0.00159	0.00397	0.00278	0.00318	0.00556
20	0.00833	0.00602	0.00831	0.00922	0.01056	0.00590	0.00801	0.01069	0.01189	0.01566	0.06221	0.05482	0.02943	0.01353	0.00689	0.00225	0.00457	0.68400	0.00469	0.04301
21	0.01894	0.01409	0.01508	0.01169	0.01570	0.01565	0.00962	0.70796	0.08765	0.03142	0.01304	0.01289	0.00931	0.00623	0.00514	0.00156	0.00551	0.00472	0.00514	0.00868
