[name]
unknown

[dist]
# distance from previous block
# <min> <max>
7	157

[block]
# block no. 0 follows, 47 sequences, length 31
# corresponding to MSA columns:
# 172-202
name=unknown_A
#
# <colnr> <probs for GDERKNQSTAVLIFYWHMCP>
#	G	D	E	R	K	N	Q	S	T	A	V	L	I	F	Y	W	H	M	C	P
0	0.01080	0.06514	0.02872	0.07012	0.02799	0.00915	0.00751	0.09398	0.04943	0.04736	0.13854	0.12722	0.09230	0.05878	0.00718	0.00181	0.03992	0.00725	0.00418	0.11263
1	0.05546	0.03574	0.07537	0.03182	0.24225	0.06198	0.01113	0.06010	0.11184	0.16159	0.01343	0.01503	0.01030	0.05110	0.00615	0.00174	0.00563	0.00473	0.00384	0.04076
2	0.01034	0.09749	0.01149	0.00802	0.01107	0.00869	0.00642	0.05485	0.05240	0.01734	0.12984	0.13449	0.06519	0.00776	0.00521	0.00133	0.02647	0.00646	0.00396	0.34119
3	0.01202	0.01099	0.01814	0.08314	0.14221	0.02178	0.22314	0.04147	0.05284	0.05459	0.08948	0.01820	0.05788	0.00586	0.00539	0.00153	0.00586	0.00573	0.00352	0.14625
4	0.01049	0.00859	0.00987	0.05574	0.03186	0.02374	0.00721	0.01759	0.32387	0.04483	0.12585	0.15999	0.11614	0.00955	0.00568	0.00176	0.00385	0.00825	0.00490	0.03024
5	0.01074	0.00926	0.01110	0.05678	0.01379	0.00723	0.00668	0.01312	0.01077	0.01674	0.00926	0.01099	0.00767	0.00394	0.00394	0.00083	0.00405	0.00318	0.00304	0.79690
6	0.00638	0.00464	0.00602	0.00704	0.00752	0.00428	0.00476	0.00739	0.01037	0.01373	0.06703	0.70835	0.10178	0.01576	0.00658	0.00206	0.00296	0.01421	0.00488	0.00428
7	0.00918	0.00624	0.00709	0.00662	0.00731	0.00652	0.00436	0.09160	0.01021	0.01426	0.05876	0.02944	0.01846	0.54920	0.05879	0.00421	0.02029	0.00694	0.08636	0.00417
8	0.00767	0.01176	0.25901	0.00970	0.01239	0.00677	0.00948	0.01023	0.01030	0.01433	0.02246	0.55460	0.02546	0.01265	0.00610	0.00196	0.00453	0.01127	0.00398	0.00535
9	0.01012	0.00969	0.01680	0.72139	0.06914	0.01170	0.06079	0.01363	0.01059	0.01368	0.00936	0.01385	0.00706	0.00513	0.00526	0.00173	0.00702	0.00472	0.00235	0.00597
10	0.01193	0.00985	0.01156	0.00845	0.01295	0.00810	0.01764	0.07600	0.05000	0.03454	0.01037	0.01156	0.00832	0.00427	0.00410	0.00092	0.00411	0.00345	0.00343	0.70846
11	0.06200	0.00896	0.01079	0.00822	0.01225	0.00746	0.00660	0.03580	0.01226	0.25778	0.01420	0.07306	0.01124	0.00571	0.00449	0.00120	0.00403	0.00466	0.00433	0.45496
12	0.01416	0.01082	0.01286	0.07046	0.09227	0.02332	0.00907	0.25783	0.14433	0.07612	0.07983	0.03347	0.12697	0.00776	0.00547	0.00166	0.00480	0.01669	0.00477	0.00734
13	0.01029	0.00913	0.01268	0.01205	0.05736	0.01163	0.00902	0.04738	0.00903	0.01325	0.01062	0.01757	0.01056	0.15358	0.20389	0.00413	0.39448	0.00533	0.00271	0.00532
14	0.01540	0.01263	0.05873	0.04587	0.05894	0.03885	0.00951	0.30463	0.08754	0.09418	0.08209	0.01775	0.05642	0.00664	0.00519	0.00153	0.00514	0.00536	0.00461	0.08901
15	0.01678	0.00964	0.01142	0.00954	0.01275	0.00991	0.00761	0.07795	0.30877	0.32436	0.11558	0.02070	0.01831	0.00719	0.00534	0.00166	0.00411	0.00596	0.02438	0.00804
16	0.01452	0.01188	0.01291	0.06009	0.04851	0.05771	0.00884	0.16033	0.32066	0.06380	0.01552	0.01549	0.01163	0.00602	0.00494	0.00151	0.00490	0.00487	0.03707	0.13879
17	0.00922	0.00679	0.02339	0.04545	0.01057	0.00628	0.00619	0.04731	0.05492	0.07553	0.11573	0.39696	0.11799	0.01219	0.00605	0.00184	0.00353	0.01076	0.00486	0.04444
18	0.01703	0.01206	0.04339	0.01073	0.01462	0.01189	0.02798	0.30686	0.15507	0.18196	0.01598	0.04585	0.01185	0.00648	0.00512	0.00155	0.00494	0.00526	0.02868	0.09268
19	0.01418	0.34633	0.24412	0.01267	0.06246	0.01614	0.01249	0.13571	0.01311	0.05590	0.00949	0.01062	0.00741	0.00515	0.00478	0.00143	0.03389	0.00369	0.00293	0.00749
20	0.00652	0.00472	0.00617	0.00701	0.00756	0.00436	0.00480	0.00774	0.01096	0.01473	0.16803	0.62704	0.08088	0.01509	0.00653	0.00201	0.00290	0.01359	0.00500	0.00436
21	0.01152	0.07486	0.01666	0.06114	0.12976	0.02499	0.15370	0.01377	0.02150	0.07971	0.03535	0.22151	0.01626	0.00909	0.00724	0.05563	0.05009	0.00757	0.00354	0.00610
22	0.01441	0.03582	0.03112	0.06778	0.31919	0.08047	0.08609	0.06695	0.03932	0.09686	0.01212	0.01579	0.00986	0.00590	0.00599	0.00166	0.05328	0.04658	0.00334	0.00750
23	0.00843	0.00474	0.00632	0.00632	0.00632	0.00474	0.00395	0.00711	0.00711	0.00948	0.01211	0.02343	0.01317	0.35100	0.02292	0.49702	0.00474	0.00579	0.00263	0.00263
24	0.01109	0.01121	0.01661	0.39968	0.02550	0.05907	0.06530	0.01362	0.00987	0.01320	0.00848	0.01285	0.00707	0.00723	0.02461	0.00204	0.29973	0.00465	0.00235	0.00583
25	0.01280	0.12203	0.09612	0.22595	0.06949	0.06932	0.10108	0.08638	0.01252	0.04267	0.01171	0.06188	0.02373	0.00607	0.00555	0.00163	0.03624	0.00516	0.00299	0.00669
26	0.00963	0.00637	0.01089	0.09723	0.04228	0.00653	0.08802	0.00892	0.00797	0.01065	0.00926	0.01531	0.00866	0.01468	0.01657	0.63129	0.00531	0.00471	0.00232	0.00339
27	0.02315	0.00920	0.01230	0.00943	0.01346	0.00816	0.00779	0.06962	0.01548	0.74306	0.02007	0.01741	0.01265	0.00643	0.00524	0.00161	0.00451	0.00520	0.00637	0.00886
28	0.01310	0.01300	0.10180	0.11433	0.40610	0.01158	0.07720	0.03484	0.02802	0.08332	0.01139	0.01382	0.00876	0.00505	0.00514	0.00159	0.00623	0.00477	0.05229	0.00767
29	0.03983	0.10406	0.07806	0.02279	0.03459	0.07942	0.01008	0.21711	0.05725	0.14020	0.01309	0.06197	0.01048	0.00681	0.00637	0.00164	0.09973	0.00500	0.00409	0.00745
30	0.00768	0.00613	0.00881	0.01105	0.11452	0.00614	0.00692	0.00905	0.01045	0.01416	0.04828	0.56187	0.05610	0.01391	0.00703	0.00204	0.04876	0.05778	0.00441	0.00492

[dist]
# distance from previous block
# <min> <max>
0	13

[block]
# block no. 1 follows, 47 sequences, length 22
# corresponding to MSA columns:
# 216,245-265
name=unknown_B
#
# <colnr> <probs for GDERKNQSTAVLIFYWHMCP>
#	G	D	E	R	K	N	Q	S	T	A	V	L	I	F	Y	W	H	M	C	P
0	0.16401	0.16870	0.01489	0.01047	0.01345	0.37703	0.00839	0.04895	0.01334	0.01642	0.10776	0.01297	0.01208	0.00582	0.00439	0.00139	0.00668	0.00399	0.00319	0.00606
1	0.48764	0.01037	0.01016	0.00848	0.01177	0.01132	0.03105	0.12218	0.02707	0.02266	0.02557	0.05959	0.00932	0.00589	0.00441	0.00156	0.02827	0.00421	0.00363	0.11488
2	0.01063	0.03534	0.01076	0.00770	0.01175	0.00707	0.00612	0.01279	0.01098	0.03470	0.04391	0.08795	0.01208	0.00540	0.00423	0.00097	0.00379	0.00450	0.00341	0.68593
3	0.01504	0.48767	0.08813	0.01043	0.01487	0.07569	0.01001	0.15494	0.06853	0.01711	0.00945	0.01021	0.00774	0.00508	0.00406	0.00131	0.00596	0.00349	0.00303	0.00723
4	0.01760	0.04569	0.01372	0.01031	0.01399	0.01233	0.00842	0.41763	0.03169	0.17206	0.03518	0.10023	0.01335	0.00722	0.00520	0.00155	0.00492	0.00581	0.00512	0.07799
5	0.04232	0.04548	0.07137	0.01046	0.01434	0.05502	0.04383	0.16891	0.15818	0.03869	0.07653	0.01719	0.05414	0.00630	0.00493	0.00145	0.00502	0.00511	0.00417	0.17654
6	0.01009	0.04315	0.07544	0.01026	0.01204	0.03955	0.02169	0.06775	0.04696	0.01554	0.03506	0.28503	0.08653	0.01106	0.00838	0.00195	0.18036	0.03964	0.00390	0.00563
7	0.00634	0.00453	0.00604	0.00725	0.00755	0.00423	0.00483	0.00725	0.00997	0.01329	0.02870	0.81358	0.03444	0.01632	0.00665	0.00211	0.00302	0.01480	0.00483	0.00423
8	0.00930	0.00777	0.01055	0.06363	0.04072	0.00940	0.00793	0.01122	0.03571	0.01427	0.01748	0.25490	0.04012	0.04732	0.01038	0.00210	0.27304	0.00805	0.13095	0.00517
9	0.01011	0.00943	0.01528	0.73424	0.03389	0.01169	0.01391	0.01458	0.07806	0.01406	0.01031	0.01437	0.00773	0.00537	0.00521	0.00174	0.00669	0.00474	0.00258	0.00600
10	0.01057	0.02493	0.69014	0.01469	0.02140	0.01259	0.01823	0.01598	0.01061	0.01598	0.00902	0.01105	0.00663	0.00549	0.00651	0.00173	0.11087	0.00394	0.00221	0.00744
11	0.00639	0.00471	0.00599	0.00689	0.00749	0.00431	0.00470	0.00747	0.01061	0.01396	0.08674	0.63685	0.15400	0.01541	0.00653	0.00202	0.00292	0.01381	0.00490	0.00431
12	0.01415	0.13010	0.09578	0.12970	0.21991	0.15612	0.01268	0.07760	0.03588	0.03426	0.03894	0.01282	0.00932	0.00533	0.00485	0.00150	0.00666	0.00430	0.00297	0.00716
13	0.00905	0.00452	0.00678	0.00678	0.00678	0.00452	0.00452	0.00678	0.00678	0.00905	0.00905	0.01583	0.00905	0.01809	0.02035	0.84848	0.00452	0.00452	0.00226	0.00226
14	0.00640	0.00461	0.00597	0.00704	0.00741	0.00429	0.00468	0.00728	0.00995	0.01316	0.02946	0.72210	0.07921	0.06222	0.00776	0.00226	0.00311	0.01416	0.00474	0.00418
15	0.00666	0.00501	0.00620	0.00675	0.00771	0.00455	0.00489	0.00811	0.01161	0.01522	0.18829	0.39230	0.23888	0.01417	0.00645	0.00194	0.00294	0.06885	0.00501	0.00446
16	0.06487	0.14603	0.36348	0.01371	0.01959	0.01320	0.13477	0.05246	0.01214	0.11658	0.01067	0.01185	0.00768	0.00503	0.00483	0.00157	0.00680	0.00421	0.00302	0.00751
17	0.01392	0.82012	0.02729	0.00891	0.01337	0.02061	0.00891	0.01559	0.01058	0.01225	0.00724	0.00835	0.00668	0.00446	0.00334	0.00111	0.00557	0.00278	0.00223	0.00668
18	0.02010	0.01012	0.01204	0.00957	0.01313	0.04557	0.00776	0.15203	0.02861	0.50077	0.08482	0.04381	0.03299	0.00719	0.00535	0.00161	0.00463	0.00585	0.00589	0.00814
19	0.00957	0.00693	0.00799	0.00749	0.00933	0.00681	0.00570	0.08167	0.10116	0.06111	0.21316	0.15671	0.25141	0.02514	0.00637	0.00184	0.00332	0.03353	0.00520	0.00559
20	0.05098	0.06200	0.28612	0.01159	0.01648	0.01090	0.04410	0.07408	0.01320	0.23213	0.07697	0.01645	0.02857	0.02297	0.00586	0.00169	0.02939	0.00500	0.00404	0.00748
21	0.06278	0.28853	0.03342	0.05170	0.03676	0.06762	0.06125	0.07263	0.04393	0.11903	0.01122	0.03664	0.00905	0.00563	0.00497	0.00145	0.03959	0.00428	0.00339	0.04613

[dist]
# distance from previous block
# <min> <max>
1	131

[block]
# block no. 2 follows, 47 sequences, length 64
# corresponding to MSA columns:
# 420-483
name=unknown_C
#
# <colnr> <probs for GDERKNQSTAVLIFYWHMCP>
#	G	D	E	R	K	N	Q	S	T	A	V	L	I	F	Y	W	H	M	C	P
0	0.06966	0.13999	0.15128	0.01121	0.02825	0.08814	0.02134	0.14470	0.01378	0.11439	0.01381	0.06811	0.04064	0.02220	0.00560	0.00162	0.03079	0.00504	0.00370	0.02576
1	0.09189	0.08774	0.05904	0.09204	0.09216	0.03125	0.04500	0.06376	0.08937	0.07491	0.02740	0.04659	0.04020	0.00855	0.04579	0.02226	0.05612	0.01573	0.00354	0.00666
2	0.01325	0.07555	0.08181	0.07608	0.01622	0.10434	0.03848	0.15762	0.06558	0.01884	0.07526	0.05337	0.01324	0.03843	0.00612	0.00162	0.02600	0.00519	0.00365	0.12935
3	0.00830	0.00576	0.00730	0.00691	0.00827	0.00546	0.00521	0.01023	0.01325	0.07104	0.44806	0.13010	0.19741	0.01149	0.00668	0.00175	0.04259	0.00986	0.00532	0.00503
4	0.01142	0.00901	0.01289	0.17113	0.14008	0.00952	0.02400	0.09466	0.06907	0.05942	0.01706	0.20884	0.01666	0.06145	0.00698	0.00198	0.00510	0.03593	0.00391	0.04088
5	0.00655	0.00473	0.00624	0.00731	0.00781	0.00442	0.00509	0.00767	0.01044	0.01385	0.06174	0.67628	0.07464	0.01575	0.00665	0.00210	0.00313	0.07642	0.00487	0.00432
6	0.01023	0.00966	0.01633	0.70456	0.13269	0.01167	0.01466	0.01365	0.01060	0.01379	0.00933	0.01376	0.00711	0.00513	0.00520	0.00171	0.00684	0.00463	0.00235	0.00610
7	0.01575	0.00904	0.05898	0.00892	0.01205	0.00759	0.00759	0.03797	0.07877	0.37794	0.19870	0.06502	0.05352	0.00844	0.00562	0.00169	0.00405	0.03542	0.00568	0.00725
8	0.08202	0.11611	0.08460	0.02840	0.01534	0.01387	0.00952	0.36682	0.01709	0.03560	0.01078	0.01156	0.00809	0.00537	0.00452	0.00138	0.00534	0.00397	0.03042	0.14922
9	0.00638	0.00472	0.00598	0.00691	0.00752	0.00431	0.00474	0.00744	0.01052	0.01375	0.06030	0.63422	0.17089	0.01551	0.00655	0.00204	0.00296	0.02611	0.00487	0.00429
10	0.05678	0.20995	0.40505	0.01286	0.03653	0.01407	0.02831	0.04161	0.01117	0.02856	0.00891	0.01051	0.00689	0.00504	0.00512	0.00150	0.05098	0.00365	0.00251	0.05999
11	0.01131	0.20481	0.58317	0.01384	0.02069	0.01406	0.05153	0.01630	0.01096	0.01555	0.00893	0.01054	0.00668	0.00481	0.00464	0.00153	0.00727	0.00372	0.00223	0.00744
12	0.00656	0.00469	0.00629	0.00750	0.00790	0.00442	0.00521	0.00763	0.01019	0.01354	0.02858	0.73323	0.03397	0.01611	0.00671	0.00215	0.00321	0.09300	0.00483	0.00429
13	0.00869	0.04271	0.21239	0.06005	0.01464	0.00900	0.01050	0.01172	0.00926	0.01332	0.01207	0.01695	0.01061	0.02619	0.49617	0.00582	0.02681	0.00494	0.00258	0.00561
14	0.03301	0.12187	0.04701	0.13979	0.01632	0.02464	0.03263	0.07633	0.02695	0.11231	0.07613	0.03927	0.01490	0.05783	0.00700	0.00186	0.04546	0.06015	0.06023	0.00630
15	0.03488	0.00594	0.00782	0.00812	0.00916	0.00578	0.02476	0.05666	0.01134	0.05883	0.03880	0.58838	0.02960	0.03564	0.00692	0.00212	0.00361	0.06192	0.00481	0.00492
16	0.00905	0.00452	0.00678	0.00678	0.00678	0.00452	0.00452	0.00678	0.00678	0.00905	0.00905	0.01583	0.00905	0.01809	0.02035	0.84848	0.00452	0.00452	0.00226	0.00226
17	0.01109	0.01051	0.03519	0.23534	0.34837	0.01089	0.01297	0.04022	0.06218	0.01620	0.01380	0.15382	0.01297	0.00706	0.00544	0.00172	0.00572	0.00648	0.00316	0.00688
18	0.01244	0.01450	0.12146	0.14923	0.11252	0.01256	0.40739	0.04207	0.01230	0.04832	0.01057	0.01360	0.00786	0.00477	0.00566	0.00170	0.00777	0.00535	0.00276	0.00718
19	0.01002	0.00951	0.01566	0.71075	0.03324	0.01209	0.01410	0.01321	0.01012	0.01321	0.00897	0.01359	0.00693	0.00567	0.00661	0.00180	0.10181	0.00462	0.00231	0.00577
20	0.00698	0.00554	0.00632	0.00627	0.00776	0.00502	0.00469	0.00934	0.05092	0.01669	0.29081	0.11904	0.40733	0.01237	0.00618	0.00177	0.00275	0.03031	0.00516	0.00476
21	0.01029	0.06254	0.44620	0.17713	0.02336	0.01179	0.05580	0.01492	0.01097	0.01549	0.02998	0.04549	0.01004	0.00607	0.00540	0.00171	0.02140	0.04204	0.00257	0.00683
22	0.01145	0.09226	0.51988	0.04212	0.15510	0.03272	0.04294	0.01634	0.01123	0.01603	0.00925	0.01125	0.00695	0.00485	0.00489	0.00158	0.00730	0.00398	0.00230	0.00758
23	0.00983	0.00926	0.01562	0.80447	0.03587	0.01157	0.01446	0.01331	0.01041	0.01331	0.00926	0.01388	0.00694	0.00521	0.00521	0.00174	0.00694	0.00463	0.00231	0.00579
24	0.00980	0.00894	0.01461	0.58195	0.09871	0.01059	0.01293	0.01334	0.02989	0.01501	0.12353	0.01849	0.01394	0.00618	0.00538	0.00172	0.00610	0.02001	0.00296	0.00592
25	0.01080	0.00926	0.01080	0.00771	0.01234	0.00694	0.00617	0.01311	0.01080	0.01697	0.00926	0.01080	0.00771	0.00386	0.00386	0.00077	0.00386	0.00309	0.00309	0.84882
26	0.00741	0.00498	0.00573	0.00589	0.00594	0.00494	0.00338	0.00753	0.00790	0.01053	0.01809	0.14066	0.02105	0.70751	0.02379	0.00465	0.00477	0.00856	0.00338	0.00330
27	0.01229	0.01405	0.03073	0.02195	0.02722	0.01317	0.76558	0.01668	0.01229	0.01668	0.01054	0.01405	0.00790	0.00439	0.00615	0.00176	0.00878	0.00615	0.00263	0.00702
28	0.00744	0.00558	0.00837	0.00837	0.00930	0.00651	0.00651	0.00930	0.00837	0.01209	0.01395	0.02046	0.01302	0.03906	0.79635	0.00837	0.01395	0.00558	0.00279	0.00465
29	0.00682	0.00521	0.00626	0.00619	0.00749	0.00465	0.00457	0.00868	0.01314	0.01755	0.43241	0.14002	0.30363	0.01225	0.00621	0.00174	0.00259	0.01064	0.00531	0.00465
30	0.00817	0.00617	0.00765	0.00713	0.00861	0.00607	0.00539	0.01240	0.12419	0.02101	0.67227	0.03610	0.04435	0.01013	0.00602	0.00166	0.00270	0.00891	0.00567	0.00539
31	0.69900	0.01033	0.00889	0.00769	0.01087	0.01188	0.00634	0.06300	0.01024	0.07892	0.00852	0.00953	0.00643	0.00525	0.00419	0.00164	0.04446	0.00320	0.00353	0.00608
32	0.01241	0.00872	0.00779	0.00715	0.00904	0.10038	0.00548	0.06478	0.09862	0.04926	0.01625	0.01771	0.01254	0.00612	0.00412	0.00133	0.00374	0.00480	0.56398	0.00579
33	0.01268	0.02195	0.56964	0.01360	0.02014	0.01115	0.04761	0.04092	0.01204	0.13141	0.01163	0.01269	0.00808	0.00526	0.00497	0.00162	0.00687	0.00424	0.05580	0.00770
34	0.01109	0.01090	0.01518	0.01308	0.01310	0.01511	0.01079	0.01217	0.00796	0.01237	0.00756	0.01297	0.00770	0.06024	0.03090	0.00256	0.74372	0.00476	0.00234	0.00552
35	0.00905	0.00452	0.00678	0.00678	0.00678	0.00452	0.00452	0.00678	0.00678	0.00905	0.00905	0.01583	0.00905	0.01809	0.02035	0.84848	0.00452	0.00452	0.00226	0.00226
36	0.00992	0.00934	0.01577	0.78335	0.05633	0.01159	0.01450	0.01338	0.01045	0.01341	0.00927	0.01386	0.00698	0.00519	0.00521	0.00173	0.00692	0.00463	0.00232	0.00585
37	0.01384	0.80111	0.04556	0.00905	0.01359	0.02040	0.00916	0.01562	0.01059	0.01235	0.00729	0.00842	0.00668	0.00447	0.00338	0.00113	0.00562	0.00281	0.00223	0.00671
38	0.00642	0.00458	0.00609	0.00728	0.00760	0.00429	0.00489	0.00734	0.00997	0.01329	0.02844	0.77986	0.03403	0.03174	0.00704	0.00218	0.00310	0.03282	0.00480	0.00422
39	0.00775	0.00677	0.04637	0.00709	0.00881	0.00573	0.00575	0.01105	0.06190	0.02004	0.62317	0.03739	0.11753	0.01039	0.00603	0.00166	0.00284	0.00907	0.00544	0.00521
40	0.00648	0.00464	0.00617	0.00716	0.00758	0.00432	0.00484	0.00760	0.01061	0.01431	0.12952	0.70987	0.03641	0.01556	0.00658	0.00205	0.00295	0.01408	0.00495	0.00432
41	0.05784	0.01077	0.01200	0.00960	0.01295	0.01135	0.00781	0.36059	0.05658	0.18835	0.09469	0.01739	0.01466	0.00670	0.00502	0.00155	0.00453	0.00529	0.11460	0.00774
42	0.00737	0.00532	0.00696	0.00655	0.00778	0.00491	0.00491	0.00983	0.01474	0.02088	0.78175	0.03890	0.04914	0.01065	0.00614	0.00164	0.00246	0.00942	0.00573	0.00491
43	0.01230	0.01627	0.23259	0.16514	0.03827	0.01249	0.27466	0.10062	0.01300	0.03663	0.01108	0.01479	0.00845	0.00534	0.00554	0.00172	0.00749	0.03353	0.00292	0.00716
44	0.01104	0.14071	0.58285	0.01348	0.02034	0.01287	0.03641	0.01604	0.01095	0.01592	0.00906	0.01067	0.00675	0.00476	0.00464	0.00149	0.00704	0.00368	0.00230	0.08901
45	0.76010	0.00993	0.00815	0.00712	0.01043	0.01123	0.00587	0.01644	0.00954	0.10963	0.00875	0.00950	0.00646	0.00502	0.00345	0.00161	0.00407	0.00309	0.00359	0.00600
46	0.00737	0.00532	0.00696	0.00655	0.00778	0.00491	0.00491	0.00983	0.01474	0.02088	0.78175	0.03890	0.04914	0.01065	0.00614	0.00164	0.00246	0.00942	0.00573	0.00491
47	0.00637	0.00454	0.00603	0.00721	0.00751	0.00425	0.00479	0.00726	0.00991	0.01322	0.02841	0.79488	0.03407	0.03553	0.00712	0.00219	0.00307	0.01463	0.00479	0.00420
48	0.00618	0.00528	0.00531	0.00530	0.00705	0.00441	0.00398	0.00753	0.01193	0.01422	0.06909	0.04987	0.76596	0.01313	0.00615	0.00176	0.00263	0.01096	0.00486	0.00441
49	0.01080	0.00926	0.01080	0.00771	0.01234	0.00694	0.00617	0.01311	0.01080	0.01697	0.00926	0.01080	0.00771	0.00386	0.00386	0.00077	0.00386	0.00309	0.00309	0.84882
50	0.00983	0.00926	0.01562	0.80447	0.03587	0.01157	0.01446	0.01331	0.01041	0.01331	0.00926	0.01388	0.00694	0.00521	0.00521	0.00174	0.00694	0.00463	0.00231	0.00579
51	0.01080	0.00926	0.01080	0.00771	0.01234	0.00694	0.00617	0.01311	0.01080	0.01697	0.00926	0.01080	0.00771	0.00386	0.00386	0.00077	0.00386	0.00309	0.00309	0.84882
52	0.01045	0.02694	0.79000	0.01484	0.02254	0.01209	0.01924	0.01649	0.01099	0.01649	0.00935	0.01099	0.00660	0.00495	0.00495	0.00165	0.00770	0.00385	0.00220	0.00770
53	0.01295	0.01119	0.01178	0.01060	0.01354	0.01295	0.00824	0.02767	0.77509	0.02178	0.02120	0.01943	0.01590	0.00707	0.00530	0.00177	0.00412	0.00589	0.00530	0.00824
54	0.01049	0.02663	0.77163	0.01501	0.02265	0.01212	0.03729	0.01650	0.01103	0.01650	0.00937	0.01107	0.00663	0.00493	0.00498	0.00165	0.00772	0.00390	0.00221	0.00768
55	0.00958	0.00694	0.02510	0.01023	0.04304	0.00623	0.07841	0.01143	0.01150	0.10650	0.08221	0.43619	0.04246	0.01260	0.00635	0.00198	0.00411	0.09499	0.00474	0.00540
56	0.00677	0.00521	0.00624	0.00659	0.00783	0.00469	0.00497	0.00838	0.01207	0.01557	0.20178	0.22470	0.34899	0.01352	0.00641	0.00190	0.00298	0.11185	0.00502	0.00452
57	0.00709	0.00530	0.00658	0.00629	0.00761	0.00479	0.00471	0.00926	0.01402	0.01925	0.60830	0.05885	0.20612	0.01132	0.00616	0.00167	0.00251	0.00988	0.00552	0.00479
58	0.01360	0.74556	0.09898	0.00947	0.01423	0.01981	0.00988	0.01568	0.01062	0.01265	0.00744	0.00860	0.00667	0.00450	0.00349	0.00116	0.00577	0.00288	0.00222	0.00678
59	0.00739	0.00547	0.00726	0.00804	0.00860	0.00558	0.00601	0.00864	0.01020	0.01353	0.02650	0.41910	0.06111	0.11462	0.00990	0.00256	0.05416	0.22251	0.00445	0.00436
60	0.01021	0.00596	0.00784	0.00701	0.00875	0.00539	0.00538	0.01255	0.01470	0.15817	0.62702	0.03539	0.06109	0.00996	0.00598	0.00164	0.00282	0.00871	0.00584	0.00561
61	0.10758	0.06971	0.29766	0.05345	0.11025	0.01237	0.01330	0.11343	0.01310	0.13167	0.01118	0.01222	0.00803	0.00528	0.00474	0.00158	0.00612	0.00412	0.01657	0.00765
62	0.11310	0.20876	0.29399	0.03827	0.06508	0.03096	0.01260	0.03348	0.01163	0.10017	0.03951	0.01208	0.00898	0.00523	0.00446	0.00150	0.00608	0.00392	0.00303	0.00719
63	0.01245	0.00675	0.00865	0.00756	0.00973	0.00618	0.00587	0.04178	0.02893	0.24604	0.39270	0.09182	0.10044	0.00984	0.00587	0.00168	0.00325	0.00850	0.00577	0.00618

[dist]
# distance from previous block
# <min> <max>
0	14

[block]
# block no. 3 follows, 47 sequences, length 28
# corresponding to MSA columns:
# 498-525
name=unknown_D
#
# <colnr> <probs for GDERKNQSTAVLIFYWHMCP>
#	G	D	E	R	K	N	Q	S	T	A	V	L	I	F	Y	W	H	M	C	P
0	0.03919	0.06053	0.40682	0.02913	0.09910	0.07445	0.03220	0.03632	0.01174	0.03497	0.00948	0.01115	0.00715	0.00483	0.00471	0.00147	0.00680	0.00382	0.00263	0.12352
1	0.27214	0.11185	0.15926	0.01065	0.03655	0.01228	0.02766	0.07561	0.01126	0.03891	0.04607	0.01394	0.00989	0.00689	0.00631	0.06843	0.04911	0.03373	0.00317	0.00628
2	0.00736	0.00528	0.00682	0.00776	0.02764	0.00518	0.00500	0.03681	0.00996	0.01335	0.02413	0.54865	0.02830	0.20143	0.04449	0.00302	0.00414	0.01209	0.00432	0.00428
3	0.07149	0.01192	0.09592	0.23872	0.19257	0.03043	0.04488	0.02789	0.01171	0.09727	0.03477	0.05794	0.01085	0.00595	0.00509	0.00164	0.00595	0.00523	0.04300	0.00680
4	0.01330	0.16000	0.22976	0.11578	0.11178	0.05250	0.07933	0.10433	0.01283	0.03502	0.00961	0.01165	0.00739	0.00514	0.00521	0.00155	0.03056	0.00418	0.00278	0.00730
5	0.78583	0.03190	0.00861	0.00718	0.01049	0.01216	0.00596	0.05638	0.00976	0.02359	0.00754	0.00868	0.00584	0.00490	0.00333	0.00160	0.00416	0.00292	0.00330	0.00584
6	0.00766	0.00551	0.00691	0.00694	0.00810	0.00496	0.00487	0.00887	0.02444	0.01447	0.11973	0.37455	0.08805	0.05634	0.00870	0.09941	0.00332	0.01020	0.02431	0.12264
7	0.00905	0.00452	0.00678	0.00678	0.00678	0.00452	0.00452	0.00678	0.00678	0.00905	0.00905	0.01583	0.00905	0.01809	0.02035	0.84848	0.00452	0.00452	0.00226	0.00226
8	0.03671	0.00791	0.01059	0.00854	0.01176	0.00698	0.00689	0.02093	0.01447	0.56970	0.17932	0.06541	0.02147	0.00783	0.00546	0.00164	0.00393	0.00658	0.00614	0.00772
9	0.01392	0.82012	0.02729	0.00891	0.01337	0.02061	0.00891	0.01559	0.01058	0.01225	0.00724	0.00835	0.00668	0.00446	0.00334	0.00111	0.00557	0.00278	0.00223	0.00668
10	0.00634	0.00453	0.00604	0.00725	0.00755	0.00423	0.00483	0.00725	0.00997	0.01329	0.02870	0.81358	0.03444	0.01632	0.00665	0.00211	0.00302	0.01480	0.00483	0.00423
11	0.85377	0.01007	0.00765	0.00685	0.01007	0.01168	0.00564	0.01531	0.00886	0.02336	0.00725	0.00846	0.00564	0.00483	0.00322	0.00161	0.00403	0.00282	0.00322	0.00564
12	0.01295	0.01119	0.01178	0.01060	0.01354	0.01295	0.00824	0.02767	0.77509	0.02178	0.02120	0.01943	0.01590	0.00707	0.00530	0.00177	0.00412	0.00589	0.00530	0.00824
13	0.85377	0.01007	0.00765	0.00685	0.01007	0.01168	0.00564	0.01531	0.00886	0.02336	0.00725	0.00846	0.00564	0.00483	0.00322	0.00161	0.00403	0.00282	0.00322	0.00564
14	0.01980	0.01459	0.01563	0.01198	0.01615	0.01615	0.00990	0.76713	0.02448	0.03282	0.01250	0.01250	0.00886	0.00625	0.00521	0.00156	0.00573	0.00469	0.00521	0.00886
15	0.85377	0.01007	0.00765	0.00685	0.01007	0.01168	0.00564	0.01531	0.00886	0.02336	0.00725	0.00846	0.00564	0.00483	0.00322	0.00161	0.00403	0.00282	0.00322	0.00564
16	0.02336	0.00886	0.01209	0.00927	0.01329	0.00765	0.00765	0.02538	0.01491	0.78810	0.02055	0.01773	0.01289	0.00645	0.00524	0.00161	0.00443	0.00524	0.00645	0.00886
17	0.00624	0.00494	0.00562	0.00617	0.00727	0.00432	0.00435	0.00737	0.01101	0.01372	0.04192	0.39392	0.44557	0.01460	0.00638	0.00192	0.00281	0.01271	0.00484	0.00432
18	0.06614	0.00892	0.01186	0.00914	0.01313	0.00786	0.00755	0.02486	0.01459	0.74871	0.01986	0.01725	0.01252	0.00636	0.00513	0.00161	0.00441	0.00511	0.00628	0.00870
19	0.00637	0.00525	0.00560	0.00559	0.00719	0.00448	0.00417	0.00786	0.01226	0.01519	0.17581	0.08754	0.61883	0.01292	0.00618	0.00176	0.00263	0.01092	0.00499	0.00448
20	0.51491	0.00997	0.00970	0.00802	0.01158	0.01061	0.00661	0.06953	0.01197	0.28417	0.01213	0.01189	0.00832	0.00548	0.00404	0.00161	0.00428	0.00377	0.00445	0.00695
21	0.00702	0.00564	0.00635	0.00637	0.00796	0.00512	0.00490	0.00939	0.05230	0.01611	0.20829	0.07634	0.47179	0.01256	0.00624	0.00181	0.00292	0.08911	0.00505	0.00475
22	0.24142	0.00940	0.01083	0.00861	0.01230	0.00919	0.00709	0.07532	0.01381	0.49568	0.01629	0.01499	0.01071	0.00599	0.00463	0.00159	0.00432	0.00454	0.04547	0.00782
23	0.07279	0.01009	0.01664	0.53412	0.16015	0.01162	0.05478	0.01466	0.01086	0.05144	0.00980	0.01351	0.00740	0.00510	0.00511	0.00169	0.00658	0.00461	0.00264	0.00641
24	0.00954	0.00787	0.07432	0.00796	0.01014	0.00618	0.00684	0.04044	0.01315	0.09967	0.23879	0.14403	0.20198	0.01138	0.00612	0.00182	0.00366	0.10556	0.00504	0.00550
25	0.00641	0.00462	0.00597	0.00701	0.00740	0.00429	0.00467	0.00729	0.00996	0.01315	0.02965	0.71128	0.08651	0.06558	0.00784	0.00227	0.00312	0.01409	0.00473	0.00418
26	0.56915	0.03196	0.03119	0.02444	0.01276	0.01114	0.07393	0.01558	0.00988	0.07201	0.00966	0.04791	0.00789	0.00538	0.00391	0.00158	0.00461	0.00392	0.00338	0.05972
27	0.06012	0.03974	0.09936	0.03158	0.08170	0.08125	0.01068	0.27511	0.08762	0.06619	0.01186	0.01255	0.00883	0.00565	0.00508	0.00150	0.02175	0.00430	0.00398	0.09115

[dist]
# distance from previous block
# <min> <max>
0	15

[block]
# block no. 4 follows, 47 sequences, length 27
# corresponding to MSA columns:
# 552-578
name=unknown_E
#
# <colnr> <probs for GDERKNQSTAVLIFYWHMCP>
#	G	D	E	R	K	N	Q	S	T	A	V	L	I	F	Y	W	H	M	C	P
0	0.62664	0.01017	0.00884	0.00739	0.01095	0.01099	0.00606	0.06144	0.01035	0.04646	0.00834	0.00941	0.00643	0.00480	0.00352	0.00146	0.00411	0.00306	0.00342	0.15617
1	0.01119	0.00897	0.01353	0.37544	0.08609	0.01023	0.01132	0.08746	0.01212	0.06327	0.01520	0.17369	0.01446	0.00826	0.00608	0.00183	0.03734	0.05389	0.00353	0.00611
2	0.00728	0.00532	0.00682	0.00655	0.00778	0.00490	0.00493	0.00955	0.01412	0.01967	0.65348	0.05715	0.11421	0.02799	0.00662	0.00176	0.00263	0.03889	0.00554	0.00481
3	0.00718	0.00583	0.00694	0.00679	0.00779	0.00590	0.00498	0.00838	0.01063	0.01379	0.11756	0.12519	0.36074	0.14844	0.05933	0.00280	0.08943	0.00965	0.00426	0.00438
4	0.02336	0.00886	0.01209	0.00927	0.01329	0.00765	0.00765	0.02538	0.01491	0.78810	0.02055	0.01773	0.01289	0.00645	0.00524	0.00161	0.00443	0.00524	0.00645	0.00886
5	0.01119	0.00919	0.01010	0.00909	0.01150	0.01011	0.00704	0.06253	0.44966	0.02167	0.26053	0.02695	0.07137	0.00850	0.00561	0.00171	0.00360	0.00723	0.00540	0.00701
6	0.01392	0.82012	0.02729	0.00891	0.01337	0.02061	0.00891	0.01559	0.01058	0.01225	0.00724	0.00835	0.00668	0.00446	0.00334	0.00111	0.00557	0.00278	0.00223	0.00668
7	0.00890	0.00613	0.00862	0.01047	0.11154	0.00571	0.00650	0.01037	0.01128	0.08830	0.08901	0.48706	0.10971	0.01303	0.00622	0.00191	0.00349	0.01170	0.00476	0.00528
8	0.01978	0.01522	0.01557	0.01207	0.01615	0.06457	0.00991	0.72080	0.02388	0.03157	0.01223	0.01231	0.00872	0.00620	0.00518	0.00155	0.00596	0.00461	0.00505	0.00868
9	0.01189	0.03153	0.10861	0.00956	0.01422	0.00947	0.02780	0.11788	0.05307	0.01902	0.01345	0.01436	0.06370	0.00519	0.00447	0.00115	0.00468	0.00419	0.00348	0.48231
10	0.01023	0.03780	0.06512	0.00812	0.01058	0.00791	0.00688	0.09297	0.08085	0.06136	0.34083	0.07164	0.16556	0.00975	0.00576	0.00167	0.00361	0.00830	0.00509	0.00597
11	0.02299	0.00947	0.01246	0.00955	0.01360	0.00856	0.00789	0.10434	0.01593	0.70770	0.01969	0.01717	0.01246	0.00642	0.00523	0.00161	0.00457	0.00518	0.00631	0.00886
12	0.00889	0.00584	0.00720	0.00674	0.00831	0.00537	0.00504	0.01135	0.04487	0.09596	0.42923	0.09554	0.19624	0.04756	0.00698	0.00186	0.00292	0.00950	0.00541	0.00521
13	0.01798	0.04281	0.18983	0.03153	0.01809	0.01066	0.11662	0.08156	0.01418	0.40030	0.01525	0.01486	0.01010	0.00571	0.00523	0.00162	0.00598	0.00491	0.00461	0.00819
14	0.00724	0.00532	0.00678	0.00642	0.00770	0.00486	0.00481	0.00958	0.01444	0.02016	0.70415	0.04009	0.12719	0.01092	0.00614	0.00165	0.00248	0.00959	0.00564	0.00486
15	0.02315	0.00921	0.01230	0.00943	0.01347	0.00818	0.00779	0.07097	0.01549	0.74168	0.02005	0.01740	0.01264	0.00643	0.00524	0.00161	0.00451	0.00520	0.00637	0.00886
16	0.10355	0.01175	0.05480	0.28308	0.12147	0.01225	0.01189	0.15153	0.08212	0.09967	0.01194	0.01368	0.00872	0.00556	0.00499	0.00165	0.00584	0.00458	0.00365	0.00728
17	0.00934	0.00729	0.00934	0.06372	0.02146	0.03071	0.00687	0.01985	0.00943	0.03334	0.01595	0.11323	0.03480	0.18655	0.19412	0.00402	0.13545	0.00680	0.09291	0.00480
18	0.01945	0.02482	0.01476	0.01342	0.01610	0.79608	0.01006	0.02079	0.01476	0.01275	0.00805	0.00939	0.00671	0.00537	0.00470	0.00134	0.00939	0.00335	0.00268	0.00604
19	0.00922	0.00574	0.00737	0.00676	0.00838	0.00518	0.00514	0.01143	0.01425	0.11750	0.56947	0.06275	0.13545	0.01061	0.00604	0.00167	0.00275	0.00926	0.00568	0.00533
20	0.02681	0.01685	0.21521	0.05073	0.03579	0.02851	0.35060	0.09701	0.06778	0.01851	0.01126	0.02508	0.00853	0.00523	0.00572	0.00171	0.01901	0.00530	0.00301	0.00734
21	0.01015	0.00949	0.01551	0.72458	0.05651	0.01169	0.01406	0.01442	0.06530	0.01402	0.01013	0.01425	0.00762	0.00532	0.00521	0.00173	0.00672	0.00472	0.00254	0.00603
22	0.00760	0.00553	0.00812	0.00812	0.00907	0.00639	0.00630	0.00950	0.00855	0.01261	0.01417	0.02038	0.01304	0.03669	0.73949	0.00786	0.01312	0.00553	0.06326	0.00466
23	0.46222	0.13135	0.06745	0.00968	0.04549	0.08399	0.00816	0.06556	0.01111	0.03088	0.00847	0.00970	0.00666	0.00499	0.00375	0.00150	0.00515	0.00325	0.03434	0.00631
24	0.00723	0.00551	0.00784	0.00988	0.09040	0.00524	0.00615	0.00861	0.01080	0.01466	0.11530	0.61069	0.03323	0.01434	0.00645	0.00201	0.00335	0.03884	0.00470	0.00476
25	0.01147	0.01459	0.12926	0.02048	0.10404	0.01199	0.50543	0.01558	0.01182	0.01633	0.01223	0.09863	0.01059	0.00576	0.00593	0.00176	0.00775	0.00660	0.00280	0.00695
26	0.09786	0.50772	0.09167	0.00945	0.01395	0.04076	0.00935	0.01745	0.01131	0.14402	0.00969	0.01021	0.00762	0.00490	0.00384	0.00130	0.00554	0.00331	0.00305	0.00702

[dist]
# distance from previous block
# <min> <max>
0	5

[block]
# block no. 5 follows, 47 sequences, length 14
# corresponding to MSA columns:
# 593-606
name=unknown_F
#
# <colnr> <probs for GDERKNQSTAVLIFYWHMCP>
#	G	D	E	R	K	N	Q	S	T	A	V	L	I	F	Y	W	H	M	C	P
0	0.03838	0.00898	0.01387	0.09382	0.33625	0.00905	0.01074	0.01329	0.01193	0.05077	0.13521	0.05094	0.08265	0.04950	0.00666	0.00187	0.00496	0.07097	0.00371	0.00643
1	0.00685	0.00530	0.00624	0.00601	0.00746	0.00469	0.00451	0.00882	0.01352	0.01798	0.47080	0.04368	0.36191	0.01173	0.00615	0.00169	0.00253	0.01009	0.00535	0.00469
2	0.01190	0.07221	0.41042	0.01511	0.05909	0.07678	0.08811	0.03639	0.04547	0.01631	0.02494	0.04527	0.00926	0.00586	0.00588	0.00166	0.06072	0.00472	0.00270	0.00718
3	0.00688	0.00515	0.00638	0.00640	0.00756	0.00466	0.00467	0.00876	0.01311	0.01777	0.46019	0.19761	0.21699	0.01238	0.00625	0.00176	0.00261	0.01087	0.00534	0.00466
4	0.01007	0.00913	0.01476	0.48139	0.14837	0.01063	0.01265	0.03396	0.01125	0.01501	0.07155	0.10572	0.01358	0.00695	0.00582	0.00175	0.03228	0.00615	0.00299	0.00602
5	0.01199	0.01516	0.13136	0.01883	0.09438	0.06264	0.38281	0.01557	0.01150	0.01562	0.01073	0.03305	0.00904	0.03282	0.00765	0.01875	0.07512	0.02076	0.00266	0.02957
6	0.85377	0.01007	0.00765	0.00685	0.01007	0.01168	0.00564	0.01531	0.00886	0.02336	0.00725	0.00846	0.00564	0.00483	0.00322	0.00161	0.00403	0.00282	0.00322	0.00564
7	0.01834	0.01359	0.01494	0.05241	0.01646	0.01510	0.00971	0.66968	0.02248	0.03012	0.01257	0.01385	0.00936	0.04634	0.02909	0.00194	0.00600	0.00485	0.00489	0.00830
8	0.00905	0.00452	0.00678	0.00678	0.00678	0.00452	0.00452	0.00678	0.00678	0.00905	0.00905	0.01583	0.00905	0.01809	0.02035	0.84848	0.00452	0.00452	0.00226	0.00226
9	0.00743	0.00502	0.00588	0.00601	0.00609	0.00505	0.00353	0.00764	0.00788	0.01056	0.01760	0.11769	0.02027	0.68482	0.06935	0.00493	0.00535	0.00824	0.00332	0.00336
10	0.07333	0.02317	0.59507	0.01439	0.03894	0.01236	0.03753	0.05356	0.07090	0.01822	0.01031	0.01167	0.00743	0.00514	0.00490	0.00165	0.00705	0.00405	0.00268	0.00764
11	0.01092	0.00943	0.01138	0.00907	0.05561	0.00725	0.00672	0.01327	0.01086	0.01697	0.00929	0.01092	0.00774	0.00390	0.00393	0.00081	0.00399	0.00317	0.00306	0.80172
12	0.00633	0.00458	0.00599	0.00712	0.00752	0.00424	0.00478	0.00727	0.01009	0.01334	0.03025	0.76441	0.08262	0.01611	0.00662	0.00209	0.00300	0.01456	0.00483	0.00424
13	0.01213	0.09304	0.12697	0.13480	0.26547	0.04236	0.13144	0.01550	0.01157	0.03638	0.01186	0.05475	0.02955	0.00561	0.00520	0.00161	0.00667	0.00524	0.00275	0.00709

[dist]
# distance from previous block
# <min> <max>
0	7

[block]
# block no. 6 follows, 47 sequences, length 40
# corresponding to MSA columns:
# 614-653
name=unknown_G
#
# <colnr> <probs for GDERKNQSTAVLIFYWHMCP>
#	G	D	E	R	K	N	Q	S	T	A	V	L	I	F	Y	W	H	M	C	P
0	0.00924	0.08186	0.03751	0.07656	0.03887	0.03259	0.00729	0.01140	0.01240	0.03938	0.32730	0.14735	0.04374	0.05958	0.00705	0.00191	0.00410	0.05212	0.00445	0.00529
1	0.01362	0.01820	0.32544	0.01698	0.16041	0.05367	0.07742	0.07866	0.01333	0.11076	0.07074	0.01460	0.01124	0.00559	0.00522	0.00161	0.00664	0.00483	0.00336	0.00767
2	0.79447	0.01036	0.03019	0.00701	0.01031	0.01139	0.00596	0.01502	0.00905	0.02278	0.00919	0.01025	0.03765	0.00518	0.00339	0.00162	0.00408	0.00319	0.00326	0.00565
3	0.01268	0.01450	0.14115	0.12082	0.42600	0.02974	0.04003	0.03577	0.07716	0.03570	0.01094	0.01334	0.00856	0.00506	0.00517	0.00161	0.00645	0.00466	0.00288	0.00780
4	0.00655	0.00471	0.00609	0.00698	0.00740	0.00445	0.00467	0.00748	0.00994	0.01323	0.05647	0.62153	0.07822	0.10313	0.04089	0.00265	0.00364	0.01321	0.00460	0.00417
5	0.03545	0.00870	0.01107	0.00909	0.01227	0.00825	0.00745	0.11472	0.03453	0.43140	0.16874	0.02509	0.02107	0.00801	0.00556	0.00169	0.00423	0.07920	0.00589	0.00761
6	0.85377	0.01007	0.00765	0.00685	0.01007	0.01168	0.00564	0.01531	0.00886	0.02336	0.00725	0.00846	0.00564	0.00483	0.00322	0.00161	0.00403	0.00282	0.00322	0.00564
7	0.00661	0.00496	0.00606	0.00648	0.00740	0.00449	0.00455	0.00800	0.01164	0.01536	0.23196	0.37475	0.23861	0.04561	0.00717	0.00201	0.00285	0.01208	0.00500	0.00441
8	0.00694	0.00521	0.00643	0.00632	0.00757	0.00470	0.00467	0.00893	0.01344	0.01826	0.50873	0.13796	0.22777	0.01198	0.00621	0.00173	0.00257	0.01047	0.00540	0.00470
9	0.01980	0.01459	0.01563	0.01198	0.01615	0.01615	0.00990	0.76713	0.02448	0.03282	0.01250	0.01250	0.00886	0.00625	0.00521	0.00156	0.00573	0.00469	0.00521	0.00886
10	0.01945	0.02482	0.01476	0.01342	0.01610	0.79608	0.01006	0.02079	0.01476	0.01275	0.00805	0.00939	0.00671	0.00537	0.00470	0.00134	0.00939	0.00335	0.00268	0.00604
11	0.01080	0.00926	0.01080	0.00771	0.01234	0.00694	0.00617	0.01311	0.01080	0.01697	0.00926	0.01080	0.00771	0.00386	0.00386	0.00077	0.00386	0.00309	0.00309	0.84882
12	0.01080	0.00926	0.01080	0.00771	0.01234	0.00694	0.00617	0.01311	0.01080	0.01697	0.00926	0.01080	0.00771	0.00386	0.00386	0.00077	0.00386	0.00309	0.00309	0.84882
13	0.00744	0.00558	0.00837	0.00837	0.00930	0.00651	0.00651	0.00930	0.00837	0.01209	0.01395	0.02046	0.01302	0.03906	0.79635	0.00837	0.01395	0.00558	0.00279	0.00465
14	0.00615	0.00528	0.00528	0.00528	0.00703	0.00440	0.00396	0.00747	0.01187	0.01407	0.05276	0.05012	0.78238	0.01319	0.00615	0.00176	0.00264	0.01099	0.00484	0.00440
15	0.01157	0.00971	0.01121	0.00808	0.01267	0.00773	0.00649	0.07747	0.01197	0.01832	0.00953	0.01094	0.00781	0.00406	0.00397	0.00084	0.00402	0.00322	0.00327	0.77712
16	0.01852	0.01386	0.01467	0.01162	0.01549	0.03126	0.00947	0.56912	0.17858	0.06088	0.01453	0.01408	0.01043	0.00641	0.00522	0.00160	0.00542	0.00493	0.00523	0.00867
17	0.11460	0.22456	0.21401	0.04152	0.11234	0.09801	0.01246	0.07720	0.01214	0.01701	0.00866	0.01031	0.00692	0.00503	0.00465	0.00147	0.02573	0.00361	0.00268	0.00706
18	0.01382	0.34656	0.09911	0.01137	0.01461	0.19268	0.01045	0.01571	0.01101	0.01292	0.00896	0.06196	0.00852	0.00640	0.00674	0.00152	0.16472	0.00416	0.00251	0.00629
19	0.00643	0.00518	0.00577	0.00612	0.00749	0.00451	0.00456	0.00779	0.01157	0.01427	0.07093	0.21656	0.52973	0.01388	0.00635	0.00189	0.00290	0.07480	0.00486	0.00441
20	0.14720	0.01119	0.03494	0.07836	0.05918	0.01088	0.00872	0.20057	0.02889	0.08752	0.01159	0.03179	0.00909	0.02289	0.00501	0.00147	0.00491	0.00430	0.00388	0.23762
21	0.65401	0.00983	0.00867	0.06736	0.01219	0.01132	0.00651	0.04607	0.03699	0.02273	0.07422	0.01202	0.00994	0.00549	0.00378	0.00163	0.00419	0.00370	0.00352	0.00581
22	0.00634	0.00453	0.00604	0.00725	0.00755	0.00423	0.00483	0.00725	0.00997	0.01329	0.02870	0.81358	0.03444	0.01632	0.00665	0.00211	0.00302	0.01480	0.00483	0.00423
23	0.01229	0.01405	0.03073	0.02195	0.02722	0.01317	0.76558	0.01668	0.01229	0.01668	0.01054	0.01405	0.00790	0.00439	0.00615	0.00176	0.00878	0.00615	0.00263	0.00702
24	0.04230	0.00905	0.01189	0.00967	0.04423	0.00771	0.00750	0.02131	0.01360	0.52676	0.03584	0.01609	0.01213	0.00579	0.00486	0.00140	0.00430	0.00472	0.00535	0.21548
25	0.01045	0.02694	0.79000	0.01484	0.02254	0.01209	0.01924	0.01649	0.01099	0.01649	0.00935	0.01099	0.00660	0.00495	0.00495	0.00165	0.00770	0.00385	0.00220	0.00770
26	0.00737	0.00532	0.00696	0.00655	0.00778	0.00491	0.00491	0.00983	0.01474	0.02088	0.78175	0.03890	0.04914	0.01065	0.00614	0.00164	0.00246	0.00942	0.00573	0.00491
27	0.59571	0.00959	0.00886	0.07528	0.01248	0.01093	0.00664	0.05042	0.01031	0.07003	0.02486	0.01136	0.00793	0.00662	0.03634	0.00188	0.00468	0.00356	0.04662	0.00591
28	0.01107	0.00950	0.01618	0.26646	0.27734	0.01018	0.06042	0.01353	0.01062	0.04576	0.01150	0.06158	0.01004	0.00990	0.07444	0.09019	0.00682	0.00542	0.00277	0.00626
29	0.01128	0.01122	0.01573	0.01352	0.01354	0.01567	0.01125	0.01244	0.00799	0.01252	0.00705	0.01166	0.00702	0.01000	0.04016	0.00246	0.78396	0.00459	0.00229	0.00567
30	0.01045	0.02694	0.79000	0.01484	0.02254	0.01209	0.01924	0.01649	0.01099	0.01649	0.00935	0.01099	0.00660	0.00495	0.00495	0.00165	0.00770	0.00385	0.00220	0.00770
31	0.01080	0.00926	0.01080	0.00771	0.01234	0.00694	0.00617	0.01311	0.01080	0.01697	0.00926	0.01080	0.00771	0.00386	0.00386	0.00077	0.00386	0.00309	0.00309	0.84882
32	0.01068	0.00972	0.01628	0.36859	0.22662	0.01066	0.06328	0.03388	0.01117	0.01482	0.01357	0.01813	0.06861	0.00707	0.00669	0.07398	0.00622	0.03111	0.00276	0.00616
33	0.00711	0.00508	0.00645	0.00722	0.00787	0.00483	0.00497	0.04080	0.01107	0.01494	0.08217	0.65744	0.07151	0.01496	0.00642	0.00201	0.00306	0.01344	0.03415	0.00451
34	0.02336	0.00886	0.01209	0.00927	0.01329	0.00765	0.00765	0.02538	0.01491	0.78810	0.02055	0.01773	0.01289	0.00645	0.00524	0.00161	0.00443	0.00524	0.00645	0.00886
35	0.00634	0.00453	0.00604	0.00725	0.00755	0.00423	0.00483	0.00725	0.00997	0.01329	0.02870	0.81358	0.03444	0.01632	0.00665	0.00211	0.00302	0.01480	0.00483	0.00423
36	0.01363	0.75241	0.09239	0.00942	0.01415	0.01988	0.00979	0.01567	0.01062	0.01261	0.00742	0.00858	0.00668	0.00450	0.00348	0.00116	0.00575	0.00288	0.00223	0.00677
37	0.78258	0.01046	0.00833	0.00729	0.01059	0.01206	0.00600	0.07948	0.01020	0.02417	0.00770	0.00880	0.00591	0.00496	0.00339	0.00161	0.00417	0.00298	0.00339	0.00591
38	0.85377	0.01007	0.00765	0.00685	0.01007	0.01168	0.00564	0.01531	0.00886	0.02336	0.00725	0.00846	0.00564	0.00483	0.00322	0.00161	0.00403	0.00282	0.00322	0.00564
39	0.01200	0.04043	0.15813	0.01399	0.17341	0.03068	0.01049	0.01513	0.02880	0.12665	0.13488	0.04053	0.11834	0.03708	0.00611	0.00171	0.00501	0.00635	0.00398	0.03630

[dist]
# distance from previous block
# <min> <max>
0	1

[block]
# block no. 7 follows, 47 sequences, length 41
# corresponding to MSA columns:
# 655-695
name=unknown_H
#
# <colnr> <probs for GDERKNQSTAVLIFYWHMCP>
#	G	D	E	R	K	N	Q	S	T	A	V	L	I	F	Y	W	H	M	C	P
0	0.08242	0.34475	0.12295	0.01084	0.01523	0.14042	0.01033	0.14200	0.04453	0.02906	0.00929	0.01016	0.00742	0.00513	0.00418	0.00137	0.00629	0.00350	0.00306	0.00709
1	0.85377	0.01007	0.00765	0.00685	0.01007	0.01168	0.00564	0.01531	0.00886	0.02336	0.00725	0.00846	0.00564	0.00483	0.00322	0.00161	0.00403	0.00282	0.00322	0.00564
2	0.00882	0.00636	0.00814	0.00874	0.01006	0.00642	0.00701	0.01249	0.11869	0.04135	0.06854	0.25190	0.06373	0.01336	0.00661	0.00214	0.00399	0.35142	0.00498	0.00525
3	0.03624	0.42174	0.13475	0.01055	0.01467	0.09990	0.01032	0.06788	0.02663	0.01494	0.00997	0.07375	0.00920	0.00598	0.00480	0.00141	0.04359	0.00424	0.00278	0.00667
4	0.01469	0.30119	0.03411	0.01068	0.01357	0.01547	0.00951	0.09437	0.01181	0.13558	0.01036	0.01216	0.00845	0.00917	0.07450	0.00218	0.22800	0.00411	0.00326	0.00683
5	0.00639	0.00462	0.00596	0.00701	0.00742	0.00428	0.00468	0.00729	0.01000	0.01319	0.02999	0.71290	0.09333	0.05691	0.00762	0.00224	0.00309	0.01413	0.00475	0.00419
6	0.00916	0.00727	0.05012	0.06503	0.01134	0.00652	0.00676	0.01171	0.07153	0.08855	0.02575	0.42306	0.09653	0.07603	0.00794	0.00219	0.02000	0.01071	0.00452	0.00525
