[name]
unknown

[dist]
# distance from previous block
# <min> <max>
0	130

[block]
# block no. 0 follows, 44 sequences, length 21
# corresponding to MSA columns:
# 140-160
name=unknown_A
#
# <colnr> <probs for GDERKNQSTAVLIFYWHMCP>
#	G	D	E	R	K	N	Q	S	T	A	V	L	I	F	Y	W	H	M	C	P
0	0.01122	0.00716	0.00970	0.08780	0.01323	0.02437	0.00819	0.02683	0.01171	0.09904	0.02194	0.03852	0.05750	0.01368	0.01030	0.20686	0.00515	0.33749	0.00427	0.00504
1	0.12626	0.01850	0.01599	0.01726	0.19455	0.34662	0.01122	0.15176	0.01569	0.01966	0.01066	0.01213	0.02513	0.00572	0.00496	0.00154	0.00746	0.00419	0.00338	0.00730
2	0.17516	0.01275	0.01317	0.01070	0.01445	0.01415	0.00870	0.38053	0.17234	0.06042	0.01515	0.01504	0.02601	0.00726	0.02144	0.00182	0.00529	0.00494	0.01586	0.02481
3	0.01185	0.01078	0.01669	0.56675	0.06882	0.01330	0.01426	0.09821	0.01232	0.01634	0.00977	0.01398	0.00755	0.00608	0.00707	0.00186	0.11024	0.00484	0.00278	0.00654
4	0.01399	0.30501	0.24971	0.01555	0.09498	0.01657	0.09800	0.11324	0.01344	0.01798	0.00961	0.01128	0.00758	0.00507	0.00478	0.00152	0.00696	0.00410	0.00282	0.00781
5	0.00960	0.09757	0.01011	0.00797	0.00963	0.00773	0.00608	0.01269	0.08797	0.06087	0.26972	0.32352	0.05147	0.01209	0.00616	0.00186	0.00346	0.01063	0.00520	0.00566
6	0.09926	0.00982	0.01131	0.00916	0.01288	0.00945	0.00733	0.03896	0.18672	0.24823	0.08116	0.03082	0.01563	0.00661	0.00504	0.00152	0.00421	0.00536	0.00515	0.21138
7	0.00911	0.00814	0.09489	0.00834	0.01032	0.00591	0.00703	0.01116	0.01226	0.09233	0.15866	0.38296	0.13665	0.01317	0.00646	0.00197	0.00375	0.02632	0.00508	0.00549
8	0.01198	0.11230	0.01150	0.00798	0.01067	0.00881	0.00638	0.01545	0.09849	0.13213	0.23926	0.04140	0.12219	0.06632	0.00711	0.00184	0.00388	0.00738	0.00498	0.08993
9	0.19710	0.01502	0.01398	0.01130	0.01518	0.11540	0.00917	0.41130	0.05495	0.08675	0.01239	0.01253	0.00894	0.00616	0.00495	0.00163	0.00593	0.00441	0.00477	0.00814
10	0.01254	0.11364	0.01257	0.00892	0.01197	0.01069	0.00721	0.05162	0.23829	0.08543	0.14727	0.05626	0.12138	0.00847	0.00544	0.00162	0.00405	0.00703	0.00499	0.09061
11	0.01913	0.01079	0.01288	0.01017	0.01377	0.01087	0.00828	0.31106	0.01953	0.31002	0.19104	0.02151	0.02057	0.00768	0.00569	0.00167	0.00470	0.00626	0.00606	0.00832
12	0.01708	0.11462	0.01540	0.17778	0.01898	0.01212	0.00984	0.03799	0.19503	0.30104	0.03324	0.01721	0.01280	0.00645	0.00525	0.00169	0.00526	0.00526	0.00492	0.00805
13	0.12078	0.00803	0.01019	0.17587	0.01593	0.00840	0.00791	0.01511	0.04992	0.15587	0.14559	0.06418	0.14442	0.03456	0.00634	0.00191	0.00444	0.01970	0.00470	0.00618
14	0.00976	0.00575	0.00701	0.00686	0.00777	0.00539	0.00456	0.01057	0.01048	0.11801	0.07640	0.21144	0.09186	0.39084	0.01655	0.00353	0.00430	0.00978	0.00452	0.00463
15	0.64345	0.10377	0.11102	0.00851	0.01264	0.01335	0.00815	0.01622	0.00977	0.02220	0.00788	0.00919	0.00616	0.00503	0.00362	0.00163	0.00490	0.00309	0.00312	0.00631
16	0.12193	0.11622	0.10121	0.00999	0.01454	0.01090	0.00928	0.03381	0.01393	0.47252	0.03213	0.01567	0.01170	0.00618	0.00495	0.00162	0.00511	0.00476	0.00522	0.00834
17	0.00850	0.00587	0.00806	0.08629	0.01132	0.00574	0.00631	0.01035	0.01246	0.05962	0.27428	0.35188	0.05264	0.04562	0.00741	0.00211	0.00361	0.03773	0.00513	0.00508
18	0.12648	0.00904	0.01087	0.00887	0.01236	0.00843	0.00711	0.05671	0.03507	0.39843	0.04987	0.10782	0.04654	0.00789	0.00531	0.00167	0.00426	0.00647	0.00557	0.09124
19	0.01740	0.01398	0.10069	0.01148	0.01562	0.01298	0.01017	0.36522	0.10987	0.14077	0.11399	0.01835	0.01610	0.00771	0.01886	0.00181	0.00553	0.00571	0.00533	0.00844
20	0.11244	0.00854	0.01071	0.00918	0.01228	0.00809	0.00746	0.04712	0.02510	0.42339	0.05893	0.12064	0.01952	0.00913	0.00574	0.00186	0.00440	0.10210	0.00583	0.00753

[dist]
# distance from previous block
# <min> <max>
7	35

[block]
# block no. 1 follows, 44 sequences, length 45
# corresponding to MSA columns:
# 196-240
name=unknown_B
#
# <colnr> <probs for GDERKNQSTAVLIFYWHMCP>
#	G	D	E	R	K	N	Q	S	T	A	V	L	I	F	Y	W	H	M	C	P
0	0.14534	0.05922	0.03721	0.02983	0.01485	0.29512	0.00899	0.08238	0.04785	0.09669	0.03019	0.01620	0.08303	0.00660	0.00491	0.00156	0.00657	0.00477	0.00389	0.02478
1	0.31926	0.01099	0.01041	0.02829	0.01246	0.05742	0.00714	0.12046	0.07056	0.07517	0.12447	0.01778	0.01558	0.05872	0.00619	0.00187	0.00473	0.00509	0.00438	0.04904
2	0.06460	0.02598	0.01366	0.01069	0.01385	0.02846	0.08543	0.15137	0.05232	0.12685	0.16525	0.03807	0.01918	0.02455	0.00641	0.00172	0.03811	0.00619	0.06041	0.06689
3	0.03164	0.02976	0.01351	0.01083	0.01381	0.08582	0.07428	0.13579	0.05386	0.15127	0.17023	0.06303	0.08294	0.00947	0.03030	0.00194	0.02247	0.00708	0.00498	0.00700
4	0.09946	0.01151	0.01407	0.06265	0.06234	0.02702	0.04880	0.19429	0.09645	0.10969	0.04532	0.07810	0.01363	0.00694	0.00529	0.00164	0.00524	0.00580	0.00457	0.10720
5	0.05688	0.02881	0.08339	0.18536	0.19051	0.06152	0.02681	0.03934	0.10795	0.06007	0.01219	0.01416	0.00932	0.00552	0.00511	0.00162	0.00623	0.00467	0.02757	0.07299
6	0.08302	0.03058	0.01477	0.14457	0.15761	0.10242	0.02506	0.06143	0.06998	0.01845	0.10463	0.05883	0.03242	0.00778	0.02126	0.00184	0.02886	0.00591	0.00368	0.02691
7	0.05229	0.01077	0.01210	0.04131	0.01389	0.01111	0.00786	0.28893	0.05731	0.05988	0.04859	0.05136	0.01395	0.10608	0.02145	0.00210	0.00514	0.00566	0.02503	0.16518
8	0.04252	0.03327	0.01540	0.03036	0.01610	0.01222	0.07620	0.27315	0.04602	0.08172	0.01313	0.04380	0.01041	0.02107	0.00577	0.00153	0.02231	0.00500	0.00433	0.24569
9	0.06552	0.02994	0.01532	0.03047	0.15127	0.04945	0.01022	0.28296	0.04781	0.11280	0.06607	0.01559	0.01252	0.00626	0.00520	0.00158	0.00551	0.00503	0.02214	0.06434
10	0.04399	0.01117	0.02035	0.13425	0.04132	0.01068	0.33016	0.01452	0.01178	0.01670	0.01430	0.12370	0.03366	0.00663	0.00576	0.00168	0.00666	0.00681	0.00320	0.16269
11	0.01714	0.34808	0.02031	0.01069	0.01471	0.10952	0.00935	0.29125	0.01703	0.02157	0.01067	0.01155	0.00849	0.00563	0.00442	0.00138	0.00607	0.00393	0.08063	0.00758
12	0.01130	0.00969	0.01130	0.00807	0.01292	0.00727	0.00646	0.01373	0.01130	0.01776	0.00969	0.01130	0.00807	0.00404	0.00404	0.00081	0.00404	0.00323	0.00323	0.84173
13	0.00794	0.00603	0.03108	0.00656	0.00691	0.00559	0.00420	0.00835	0.00824	0.01112	0.01745	0.07560	0.01982	0.68183	0.08302	0.00527	0.00596	0.00806	0.00334	0.00364
14	0.01587	0.58397	0.02535	0.01164	0.06096	0.07759	0.01003	0.12849	0.01368	0.01642	0.00864	0.00977	0.00744	0.00503	0.00402	0.00128	0.00619	0.00338	0.00286	0.00739
15	0.01184	0.00978	0.01140	0.00828	0.01301	0.00761	0.00662	0.01490	0.04899	0.04240	0.01069	0.01199	0.00868	0.00429	0.00416	0.00089	0.00407	0.00345	0.00346	0.77351
16	0.01905	0.01274	0.01421	0.01138	0.01515	0.01371	0.00921	0.46017	0.12168	0.15924	0.01740	0.09157	0.01358	0.00771	0.00562	0.00173	0.00526	0.00620	0.00565	0.00872
17	0.01349	0.01295	0.02213	0.03346	0.77440	0.01295	0.01673	0.01673	0.01241	0.01781	0.01025	0.01349	0.00864	0.00486	0.00540	0.00162	0.00648	0.00486	0.00270	0.00864
18	0.01030	0.00969	0.01635	0.79530	0.03755	0.01211	0.01514	0.01393	0.01090	0.01393	0.00969	0.01453	0.00727	0.00545	0.00545	0.00182	0.00727	0.00484	0.00242	0.00606
19	0.01289	0.06075	0.20985	0.03918	0.34126	0.08130	0.06496	0.01655	0.01219	0.01654	0.01180	0.05004	0.02764	0.00588	0.00567	0.00167	0.02620	0.00518	0.00275	0.00770
20	0.76445	0.01091	0.02758	0.06573	0.01286	0.01223	0.00694	0.01590	0.00945	0.02350	0.00780	0.00934	0.00603	0.00509	0.00357	0.00170	0.00454	0.00312	0.00328	0.00597
21	0.00780	0.00580	0.00853	0.00853	0.00942	0.00669	0.00652	0.00959	0.00869	0.01248	0.01482	0.02260	0.01414	0.10444	0.72394	0.00847	0.01383	0.00601	0.00295	0.00474
22	0.00660	0.00491	0.00616	0.00716	0.00779	0.00446	0.00487	0.00764	0.01085	0.01409	0.03529	0.64835	0.18918	0.01640	0.00685	0.00214	0.00308	0.01467	0.00506	0.00446
23	0.02036	0.01509	0.01616	0.01247	0.01677	0.01674	0.01028	0.71972	0.06271	0.03378	0.01355	0.01345	0.00964	0.00659	0.00546	0.00165	0.00591	0.00497	0.00546	0.00924
24	0.00947	0.00473	0.00710	0.00710	0.00710	0.00473	0.00473	0.00710	0.00710	0.00947	0.00947	0.01657	0.00947	0.01894	0.02131	0.84138	0.00473	0.00473	0.00237	0.00237
25	0.01458	0.81168	0.02857	0.00933	0.01399	0.02157	0.00933	0.01632	0.01108	0.01283	0.00758	0.00875	0.00700	0.00466	0.00350	0.00117	0.00583	0.00292	0.00233	0.00700
26	0.01458	0.81168	0.02857	0.00933	0.01399	0.02157	0.00933	0.01632	0.01108	0.01283	0.00758	0.00875	0.00700	0.00466	0.00350	0.00117	0.00583	0.00292	0.00233	0.00700
27	0.00779	0.00584	0.00876	0.00876	0.00974	0.00681	0.00681	0.00974	0.00876	0.01266	0.01460	0.02142	0.01363	0.04089	0.78680	0.00876	0.01460	0.00584	0.00292	0.00487
28	0.00793	0.00529	0.00595	0.00595	0.00595	0.00529	0.00330	0.00793	0.00793	0.01057	0.01718	0.03568	0.01982	0.80840	0.02775	0.00529	0.00529	0.00793	0.00330	0.00330
29	0.00879	0.00628	0.00879	0.01004	0.01130	0.00628	0.00879	0.01130	0.01255	0.01632	0.02887	0.06150	0.03138	0.01506	0.00753	0.00251	0.00502	0.73770	0.00502	0.00502
30	0.02417	0.00974	0.01294	0.00992	0.01415	0.00870	0.00819	0.08305	0.01638	0.72060	0.02086	0.01813	0.01317	0.00673	0.00548	0.00168	0.00474	0.00544	0.00665	0.00928
31	0.00655	0.00553	0.00568	0.00564	0.00743	0.00465	0.00423	0.00804	0.01269	0.01534	0.11717	0.05145	0.70986	0.01358	0.00644	0.00183	0.00275	0.01136	0.00514	0.00465
32	0.02446	0.00928	0.01265	0.00970	0.01392	0.00801	0.00801	0.02657	0.01560	0.77817	0.02151	0.01856	0.01350	0.00675	0.00548	0.00169	0.00464	0.00548	0.00675	0.00928
33	0.00793	0.00529	0.00595	0.00595	0.00595	0.00529	0.00330	0.00793	0.00793	0.01057	0.01718	0.03568	0.01982	0.80840	0.02775	0.00529	0.00529	0.00793	0.00330	0.00330
34	0.00664	0.00474	0.00633	0.00759	0.00791	0.00443	0.00506	0.00759	0.01044	0.01392	0.03005	0.80485	0.03606	0.01708	0.00696	0.00221	0.00316	0.01550	0.00506	0.00443
35	0.02072	0.01527	0.01636	0.01254	0.01691	0.01691	0.01036	0.75622	0.02563	0.03436	0.01309	0.01309	0.00927	0.00654	0.00545	0.00164	0.00600	0.00491	0.00545	0.00927
36	0.02446	0.00928	0.01265	0.00970	0.01392	0.00801	0.00801	0.02657	0.01560	0.77817	0.02151	0.01856	0.01350	0.00675	0.00548	0.00169	0.00464	0.00548	0.00675	0.00928
37	0.01165	0.02359	0.53718	0.01944	0.13191	0.01291	0.15173	0.01722	0.01188	0.01738	0.01008	0.01237	0.00740	0.00503	0.00544	0.00173	0.00803	0.00458	0.00244	0.00801
38	0.01030	0.00969	0.01635	0.79530	0.03755	0.01211	0.01514	0.01393	0.01090	0.01393	0.00969	0.01453	0.00727	0.00545	0.00545	0.00182	0.00727	0.00484	0.00242	0.00606
39	0.02072	0.01527	0.01636	0.01254	0.01691	0.01691	0.01036	0.75622	0.02563	0.03436	0.01309	0.01309	0.00927	0.00654	0.00545	0.00164	0.00600	0.00491	0.00545	0.00927
40	0.01349	0.01295	0.02213	0.03346	0.77440	0.01295	0.01673	0.01673	0.01241	0.01781	0.01025	0.01349	0.00864	0.00486	0.00540	0.00162	0.00648	0.00486	0.00270	0.00864
41	0.01458	0.81168	0.02857	0.00933	0.01399	0.02157	0.00933	0.01632	0.01108	0.01283	0.00758	0.00875	0.00700	0.00466	0.00350	0.00117	0.00583	0.00292	0.00233	0.00700
42	0.01130	0.00969	0.01130	0.00807	0.01292	0.00727	0.00646	0.01373	0.01130	0.01776	0.00969	0.01130	0.00807	0.00404	0.00404	0.00081	0.00404	0.00323	0.00323	0.84173
43	0.01956	0.02432	0.01532	0.01425	0.03660	0.70465	0.01051	0.04231	0.01533	0.01404	0.00892	0.01060	0.00746	0.00739	0.04410	0.00179	0.00987	0.00370	0.00289	0.00639
44	0.01057	0.00993	0.01654	0.72957	0.07684	0.01220	0.01502	0.01455	0.03439	0.01442	0.01011	0.01466	0.00763	0.00548	0.00545	0.00181	0.00713	0.00489	0.00253	0.00628

[dist]
# distance from previous block
# <min> <max>
0	4

[block]
# block no. 2 follows, 44 sequences, length 34
# corresponding to MSA columns:
# 245-278
name=unknown_C
#
# <colnr> <probs for GDERKNQSTAVLIFYWHMCP>
#	G	D	E	R	K	N	Q	S	T	A	V	L	I	F	Y	W	H	M	C	P
0	0.01287	0.01471	0.03217	0.02298	0.02849	0.01379	0.75460	0.01746	0.01287	0.01746	0.01103	0.01471	0.00827	0.00460	0.00643	0.00184	0.00919	0.00643	0.00276	0.00735
1	0.00772	0.00557	0.00729	0.00686	0.00814	0.00514	0.00514	0.01029	0.01543	0.02186	0.77152	0.04072	0.05144	0.01115	0.00643	0.00171	0.00257	0.00986	0.00600	0.00514
2	0.84691	0.01054	0.00801	0.00717	0.01054	0.01223	0.00590	0.01603	0.00928	0.02446	0.00759	0.00886	0.00590	0.00506	0.00337	0.00169	0.00422	0.00295	0.00337	0.00590
3	0.02446	0.00928	0.01265	0.00970	0.01392	0.00801	0.00801	0.02657	0.01560	0.77817	0.02151	0.01856	0.01350	0.00675	0.00548	0.00169	0.00464	0.00548	0.00675	0.00928
4	0.01016	0.00508	0.00508	0.00508	0.00635	0.00508	0.00381	0.01270	0.01143	0.02033	0.01778	0.02033	0.01397	0.00635	0.00381	0.00127	0.00254	0.00508	0.83867	0.00508
5	0.00661	0.00486	0.00621	0.00729	0.00783	0.00445	0.00492	0.00763	0.01073	0.01404	0.03377	0.69359	0.14491	0.01660	0.00688	0.00216	0.00310	0.01491	0.00506	0.00445
6	0.00772	0.00557	0.00729	0.00686	0.00814	0.00514	0.00514	0.01029	0.01543	0.02186	0.77152	0.04072	0.05144	0.01115	0.00643	0.00171	0.00257	0.00986	0.00600	0.00514
7	0.09679	0.01484	0.01559	0.01205	0.01632	0.01648	0.00995	0.68807	0.02413	0.03345	0.01258	0.01270	0.00896	0.00641	0.00526	0.00164	0.00584	0.00473	0.00526	0.00896
8	0.01238	0.01764	0.20211	0.02086	0.02694	0.01335	0.56612	0.01731	0.01251	0.01743	0.01071	0.01388	0.00796	0.00471	0.00608	0.00178	0.00879	0.00580	0.00267	0.03097
9	0.01659	0.24657	0.14903	0.01342	0.03848	0.36464	0.01199	0.03588	0.03045	0.01467	0.00886	0.01027	0.00731	0.00541	0.00491	0.00144	0.02680	0.00359	0.00270	0.00698
10	0.65138	0.03008	0.01033	0.05372	0.08241	0.01219	0.00756	0.01559	0.00967	0.02225	0.00839	0.01037	0.00673	0.00726	0.05195	0.00211	0.00527	0.00341	0.00321	0.00613
11	0.00694	0.00547	0.00626	0.00621	0.00771	0.00479	0.00460	0.00872	0.01337	0.01732	0.32082	0.11734	0.43484	0.01311	0.00649	0.00183	0.00273	0.01126	0.00541	0.00479
12	0.00644	0.00552	0.00552	0.00552	0.00736	0.00460	0.00414	0.00782	0.01243	0.01473	0.05523	0.05247	0.77218	0.01381	0.00644	0.00184	0.00276	0.01151	0.00506	0.00460
13	0.00664	0.00474	0.00633	0.00759	0.00791	0.00443	0.00506	0.00759	0.01044	0.01392	0.03005	0.80485	0.03606	0.01708	0.00696	0.00221	0.00316	0.01550	0.00506	0.00443
14	0.84691	0.01054	0.00801	0.00717	0.01054	0.01223	0.00590	0.01603	0.00928	0.02446	0.00759	0.00886	0.00590	0.00506	0.00337	0.00169	0.00422	0.00295	0.00337	0.00590
15	0.00656	0.00553	0.00569	0.00565	0.00744	0.00465	0.00423	0.00805	0.01270	0.01538	0.12117	0.05139	0.70583	0.01356	0.00644	0.00183	0.00274	0.01135	0.00515	0.00465
16	0.84691	0.01054	0.00801	0.00717	0.01054	0.01223	0.00590	0.01603	0.00928	0.02446	0.00759	0.00886	0.00590	0.00506	0.00337	0.00169	0.00422	0.00295	0.00337	0.00590
17	0.00779	0.00584	0.00876	0.00876	0.00974	0.00681	0.00681	0.00974	0.00876	0.01266	0.01460	0.02142	0.01363	0.04089	0.78680	0.00876	0.01460	0.00584	0.00292	0.00487
18	0.02037	0.02598	0.01545	0.01404	0.01685	0.78652	0.01053	0.02177	0.01545	0.01334	0.00843	0.00983	0.00702	0.00562	0.00492	0.00140	0.00983	0.00351	0.00281	0.00632
19	0.84691	0.01054	0.00801	0.00717	0.01054	0.01223	0.00590	0.01603	0.00928	0.02446	0.00759	0.00886	0.00590	0.00506	0.00337	0.00169	0.00422	0.00295	0.00337	0.00590
20	0.00793	0.00529	0.00595	0.00595	0.00595	0.00529	0.00330	0.00793	0.00793	0.01057	0.01718	0.03568	0.01982	0.80840	0.02775	0.00529	0.00529	0.00793	0.00330	0.00330
21	0.01130	0.00969	0.01130	0.00807	0.01292	0.00727	0.00646	0.01373	0.01130	0.01776	0.00969	0.01130	0.00807	0.00404	0.00404	0.00081	0.00404	0.00323	0.00323	0.84173
22	0.01030	0.00969	0.01635	0.79530	0.03755	0.01211	0.01514	0.01393	0.01090	0.01393	0.00969	0.01453	0.00727	0.00545	0.00545	0.00182	0.00727	0.00484	0.00242	0.00606
23	0.84691	0.01054	0.00801	0.00717	0.01054	0.01223	0.00590	0.01603	0.00928	0.02446	0.00759	0.00886	0.00590	0.00506	0.00337	0.00169	0.00422	0.00295	0.00337	0.00590
24	0.01016	0.00508	0.00508	0.00508	0.00635	0.00508	0.00381	0.01270	0.01143	0.02033	0.01778	0.02033	0.01397	0.00635	0.00381	0.00127	0.00254	0.00508	0.83867	0.00508
25	0.02116	0.01456	0.01592	0.01221	0.01655	0.01586	0.01009	0.67026	0.02445	0.12198	0.01408	0.01373	0.00977	0.00657	0.00546	0.00164	0.00584	0.00498	0.00561	0.00927
26	0.01458	0.81168	0.02857	0.00933	0.01399	0.02157	0.00933	0.01632	0.01108	0.01283	0.00758	0.00875	0.00700	0.00466	0.00350	0.00117	0.00583	0.00292	0.00233	0.00700
27	0.01541	0.70131	0.02683	0.00985	0.01440	0.05722	0.00948	0.08470	0.01262	0.01483	0.00813	0.00920	0.00721	0.00488	0.00375	0.00122	0.00603	0.00313	0.00264	0.00717
28	0.01424	0.01258	0.02186	0.07822	0.58610	0.01253	0.08695	0.01753	0.01266	0.08753	0.01133	0.01414	0.00896	0.00504	0.00551	0.00166	0.00662	0.00507	0.00306	0.00841
29	0.00664	0.00474	0.00633	0.00759	0.00791	0.00443	0.00506	0.00759	0.01044	0.01392	0.03005	0.80485	0.03606	0.01708	0.00696	0.00221	0.00316	0.01550	0.00506	0.00443
30	0.01130	0.00969	0.01130	0.00807	0.01292	0.00727	0.00646	0.01373	0.01130	0.01776	0.00969	0.01130	0.00807	0.00404	0.00404	0.00081	0.00404	0.00323	0.00323	0.84173
31	0.00947	0.00473	0.00710	0.00710	0.00710	0.00473	0.00473	0.00710	0.00710	0.00947	0.00947	0.01657	0.00947	0.01894	0.02131	0.84138	0.00473	0.00473	0.00237	0.00237
32	0.02418	0.00973	0.01293	0.00992	0.01414	0.00869	0.00819	0.08204	0.01637	0.72162	0.02087	0.01814	0.01317	0.00673	0.00548	0.00168	0.00474	0.00544	0.00665	0.00928
33	0.01349	0.01295	0.02213	0.03346	0.77440	0.01295	0.01673	0.01673	0.01241	0.01781	0.01025	0.01349	0.00864	0.00486	0.00540	0.00162	0.00648	0.00486	0.00270	0.00864

[dist]
# distance from previous block
# <min> <max>
0	35

[block]
# block no. 3 follows, 44 sequences, length 13
# corresponding to MSA columns:
# 314-326
name=unknown_D
#
# <colnr> <probs for GDERKNQSTAVLIFYWHMCP>
#	G	D	E	R	K	N	Q	S	T	A	V	L	I	F	Y	W	H	M	C	P
0	0.01362	0.01244	0.02019	0.02912	0.62618	0.01258	0.01532	0.08055	0.01358	0.01909	0.01251	0.01863	0.01114	0.00610	0.00563	0.00172	0.00628	0.08385	0.00319	0.00830
1	0.02072	0.01527	0.01636	0.01254	0.01691	0.01691	0.01036	0.75622	0.02563	0.03436	0.01309	0.01309	0.00927	0.00654	0.00545	0.00164	0.00600	0.00491	0.00545	0.00927
2	0.01393	0.01132	0.03476	0.13767	0.37972	0.01112	0.03786	0.01751	0.04394	0.13823	0.06422	0.04229	0.03043	0.00635	0.00560	0.00171	0.00589	0.00586	0.00376	0.00785
3	0.01632	0.08607	0.01562	0.04412	0.04871	0.25468	0.00999	0.11216	0.29562	0.01963	0.01534	0.01545	0.02978	0.00647	0.00517	0.00161	0.00654	0.00493	0.00415	0.00765
4	0.76680	0.01215	0.05146	0.00791	0.01153	0.04354	0.00689	0.01633	0.00965	0.02361	0.00775	0.00904	0.00601	0.00509	0.00354	0.00168	0.00466	0.00303	0.00329	0.00604
5	0.01642	0.56193	0.02440	0.01083	0.01490	0.26473	0.00971	0.01806	0.01247	0.01299	0.00785	0.00909	0.00700	0.00497	0.00395	0.00124	0.00710	0.00310	0.00248	0.00678
6	0.01091	0.01012	0.04291	0.00861	0.01298	0.00765	0.00714	0.01331	0.01111	0.01721	0.01136	0.08045	0.01042	0.00546	0.00493	0.00104	0.03817	0.00440	0.00331	0.69851
7	0.00664	0.00474	0.00633	0.00759	0.00791	0.00443	0.00506	0.00759	0.01044	0.01392	0.03005	0.80485	0.03606	0.01708	0.00696	0.00221	0.00316	0.01550	0.00506	0.00443
8	0.01141	0.05328	0.63969	0.01736	0.08896	0.01307	0.06687	0.01720	0.01166	0.01717	0.00983	0.01179	0.00715	0.00510	0.00522	0.00170	0.00792	0.00422	0.00237	0.00803
9	0.01356	0.01171	0.01233	0.01109	0.01418	0.01356	0.00863	0.02897	0.76455	0.02281	0.02219	0.02034	0.01664	0.00740	0.00555	0.00185	0.00431	0.00616	0.00555	0.00863
10	0.01349	0.01295	0.02213	0.03346	0.77440	0.01295	0.01673	0.01673	0.01241	0.01781	0.01025	0.01349	0.00864	0.00486	0.00540	0.00162	0.00648	0.00486	0.00270	0.00864
11	0.00780	0.00580	0.00857	0.00857	0.00948	0.00671	0.00657	0.00961	0.00870	0.01251	0.01478	0.02239	0.01405	0.09341	0.73486	0.00852	0.01397	0.00598	0.00295	0.00476
12	0.01130	0.00969	0.01130	0.00807	0.01292	0.00727	0.00646	0.01373	0.01130	0.01776	0.00969	0.01130	0.00807	0.00404	0.00404	0.00081	0.00404	0.00323	0.00323	0.84173

[dist]
# distance from previous block
# <min> <max>
0	4

[block]
# block no. 4 follows, 44 sequences, length 53
# corresponding to MSA columns:
# 331-383
name=unknown_E
#
# <colnr> <probs for GDERKNQSTAVLIFYWHMCP>
#	G	D	E	R	K	N	Q	S	T	A	V	L	I	F	Y	W	H	M	C	P
0	0.00779	0.00584	0.00876	0.00876	0.00974	0.00681	0.00681	0.00974	0.00876	0.01266	0.01460	0.02142	0.01363	0.04089	0.78680	0.00876	0.01460	0.00584	0.00292	0.00487
1	0.00772	0.00557	0.00729	0.00686	0.00814	0.00514	0.00514	0.01029	0.01543	0.02186	0.77152	0.04072	0.05144	0.01115	0.00643	0.00171	0.00257	0.00986	0.00600	0.00514
2	0.00969	0.00518	0.00551	0.00542	0.00670	0.00509	0.00407	0.01224	0.01221	0.02062	0.16339	0.02427	0.02121	0.00728	0.00432	0.00136	0.00255	0.00600	0.67781	0.00509
3	0.01193	0.01193	0.01670	0.01431	0.01431	0.01670	0.01193	0.01312	0.00835	0.01312	0.00716	0.01193	0.00716	0.00954	0.01789	0.00239	0.79843	0.00477	0.00239	0.00596
4	0.02446	0.00928	0.01265	0.00970	0.01392	0.00801	0.00801	0.02657	0.01560	0.77817	0.02151	0.01856	0.01350	0.00675	0.00548	0.00169	0.00464	0.00548	0.00675	0.00928
5	0.01093	0.02820	0.78016	0.01554	0.02360	0.01266	0.02014	0.01727	0.01151	0.01727	0.00978	0.01151	0.00691	0.00518	0.00518	0.00173	0.00806	0.00403	0.00230	0.00806
6	0.00774	0.00560	0.00734	0.00717	0.00842	0.00520	0.00547	0.01019	0.01483	0.02076	0.64628	0.08180	0.06468	0.01188	0.00656	0.00182	0.00284	0.08047	0.00584	0.00508
7	0.02037	0.02598	0.01545	0.01404	0.01685	0.78652	0.01053	0.02177	0.01545	0.01334	0.00843	0.00983	0.00702	0.00562	0.00492	0.00140	0.00983	0.00351	0.00281	0.00632
8	0.02396	0.00913	0.01239	0.00954	0.01365	0.00791	0.00786	0.02608	0.01546	0.75150	0.02138	0.01862	0.01351	0.00673	0.00542	0.00167	0.00457	0.00547	0.03603	0.00913
9	0.00644	0.00552	0.00552	0.00552	0.00736	0.00460	0.00414	0.00782	0.01243	0.01473	0.05523	0.05247	0.77218	0.01381	0.00644	0.00184	0.00276	0.01151	0.00506	0.00460
10	0.00685	0.00489	0.00656	0.00783	0.00823	0.00461	0.00542	0.00795	0.01064	0.01415	0.02993	0.73306	0.03561	0.01688	0.00701	0.00224	0.00334	0.08524	0.00506	0.00449
11	0.02037	0.02598	0.01545	0.01404	0.01685	0.78652	0.01053	0.02177	0.01545	0.01334	0.00843	0.00983	0.00702	0.00562	0.00492	0.00140	0.00983	0.00351	0.00281	0.00632
12	0.01325	0.01171	0.01411	0.08580	0.12579	0.01334	0.01039	0.02584	0.58752	0.02128	0.01933	0.01882	0.01463	0.00685	0.00552	0.00181	0.00490	0.00586	0.00485	0.00840
13	0.02037	0.02598	0.01545	0.01404	0.01685	0.78652	0.01053	0.02177	0.01545	0.01334	0.00843	0.00983	0.00702	0.00562	0.00492	0.00140	0.00983	0.00351	0.00281	0.00632
14	0.01278	0.01225	0.01667	0.01414	0.01456	0.01672	0.01178	0.08488	0.01002	0.01517	0.00773	0.01204	0.00736	0.00925	0.01669	0.00231	0.72190	0.00478	0.00268	0.00628
15	0.02446	0.00928	0.01265	0.00970	0.01392	0.00801	0.00801	0.02657	0.01560	0.77817	0.02151	0.01856	0.01350	0.00675	0.00548	0.00169	0.00464	0.00548	0.00675	0.00928
16	0.02072	0.01527	0.01636	0.01254	0.01691	0.01691	0.01036	0.75622	0.02563	0.03436	0.01309	0.01309	0.00927	0.00654	0.00545	0.00164	0.00600	0.00491	0.00545	0.00927
17	0.02251	0.00893	0.01210	0.00938	0.01333	0.00772	0.00770	0.02467	0.01548	0.68559	0.09363	0.02051	0.01702	0.00710	0.00554	0.00167	0.00442	0.00585	0.00659	0.03027
18	0.02254	0.01007	0.02853	0.00988	0.01410	0.00874	0.00828	0.08919	0.01618	0.62922	0.04898	0.01842	0.01418	0.00673	0.00544	0.00164	0.00472	0.00546	0.00633	0.05137
19	0.84691	0.01054	0.00801	0.00717	0.01054	0.01223	0.00590	0.01603	0.00928	0.02446	0.00759	0.00886	0.00590	0.00506	0.00337	0.00169	0.00422	0.00295	0.00337	0.00590
20	0.09341	0.01430	0.02984	0.02145	0.02676	0.01364	0.68230	0.01732	0.01252	0.01814	0.01070	0.01414	0.00804	0.00464	0.00614	0.00182	0.00871	0.00610	0.00282	0.00721
21	0.01213	0.01141	0.01849	0.35751	0.36824	0.01266	0.01509	0.01698	0.10097	0.01674	0.01143	0.01475	0.00900	0.00541	0.00544	0.00173	0.00656	0.00501	0.00292	0.00753
22	0.00675	0.00482	0.00645	0.00772	0.00808	0.00452	0.00525	0.00778	0.01055	0.01404	0.02999	0.76709	0.03582	0.01698	0.00699	0.00223	0.00326	0.05218	0.00506	0.00446
23	0.00779	0.00584	0.00876	0.00876	0.00974	0.00681	0.00681	0.00974	0.00876	0.01266	0.01460	0.02142	0.01363	0.04089	0.78680	0.00876	0.01460	0.00584	0.00292	0.00487
24	0.00772	0.00557	0.00729	0.00686	0.00814	0.00514	0.00514	0.01029	0.01543	0.02186	0.77152	0.04072	0.05144	0.01115	0.00643	0.00171	0.00257	0.00986	0.00600	0.00514
25	0.01356	0.01171	0.01233	0.01109	0.01418	0.01356	0.00863	0.02897	0.76455	0.02281	0.02219	0.02034	0.01664	0.00740	0.00555	0.00185	0.00431	0.00616	0.00555	0.00863
26	0.00868	0.00620	0.00867	0.00992	0.01113	0.00619	0.00861	0.01112	0.01245	0.01620	0.02892	0.09677	0.03160	0.01516	0.00750	0.00250	0.00493	0.70343	0.00502	0.00499
27	0.00791	0.00536	0.00632	0.00632	0.00645	0.00549	0.00377	0.00817	0.00804	0.01085	0.01684	0.03380	0.01900	0.70727	0.12777	0.00574	0.00651	0.00765	0.00325	0.00351
28	0.01130	0.00969	0.01130	0.00807	0.01292	0.00727	0.00646	0.01373	0.01130	0.01776	0.00969	0.01130	0.00807	0.00404	0.00404	0.00081	0.00404	0.00323	0.00323	0.84173
29	0.01016	0.00508	0.00508	0.00508	0.00635	0.00508	0.00381	0.01270	0.01143	0.02033	0.01778	0.02033	0.01397	0.00635	0.00381	0.00127	0.00254	0.00508	0.83867	0.00508
30	0.02037	0.02598	0.01545	0.01404	0.01685	0.78652	0.01053	0.02177	0.01545	0.01334	0.00843	0.00983	0.00702	0.00562	0.00492	0.00140	0.00983	0.00351	0.00281	0.00632
31	0.01093	0.02820	0.78016	0.01554	0.02360	0.01266	0.02014	0.01727	0.01151	0.01727	0.00978	0.01151	0.00691	0.00518	0.00518	0.00173	0.00806	0.00403	0.00230	0.00806
32	0.01016	0.00508	0.00508	0.00508	0.00635	0.00508	0.00381	0.01270	0.01143	0.02033	0.01778	0.02033	0.01397	0.00635	0.00381	0.00127	0.00254	0.00508	0.83867	0.00508
33	0.02446	0.00928	0.01265	0.00970	0.01392	0.00801	0.00801	0.02657	0.01560	0.77817	0.02151	0.01856	0.01350	0.00675	0.00548	0.00169	0.00464	0.00548	0.00675	0.00928
34	0.01349	0.01295	0.02213	0.03346	0.77440	0.01295	0.01673	0.01673	0.01241	0.01781	0.01025	0.01349	0.00864	0.00486	0.00540	0.00162	0.00648	0.00486	0.00270	0.00864
35	0.00657	0.00540	0.00579	0.00597	0.00752	0.00461	0.00437	0.00797	0.01232	0.01514	0.10623	0.17809	0.59281	0.01415	0.00653	0.00189	0.00281	0.01205	0.00513	0.00461
36	0.00644	0.00552	0.00552	0.00552	0.00736	0.00460	0.00414	0.00782	0.01243	0.01473	0.05523	0.05247	0.77218	0.01381	0.00644	0.00184	0.00276	0.01151	0.00506	0.00460
37	0.00645	0.00549	0.00556	0.00562	0.00739	0.00459	0.00419	0.00781	0.01233	0.01469	0.05404	0.08800	0.73741	0.01396	0.00647	0.00186	0.00278	0.01169	0.00506	0.00459
38	0.01287	0.01471	0.03217	0.02298	0.02849	0.01379	0.75460	0.01746	0.01287	0.01746	0.01103	0.01471	0.00827	0.00460	0.00643	0.00184	0.00919	0.00643	0.00276	0.00735
39	0.02134	0.01429	0.01575	0.01208	0.01642	0.01545	0.00998	0.63664	0.02399	0.15626	0.01447	0.01398	0.00996	0.00658	0.00546	0.00164	0.00578	0.00500	0.00567	0.00927
40	0.84691	0.01054	0.00801	0.00717	0.01054	0.01223	0.00590	0.01603	0.00928	0.02446	0.00759	0.00886	0.00590	0.00506	0.00337	0.00169	0.00422	0.00295	0.00337	0.00590
41	0.00747	0.00556	0.00694	0.00660	0.00799	0.00504	0.00495	0.00981	0.01485	0.02047	0.63198	0.04301	0.19185	0.01166	0.00643	0.00174	0.00261	0.01018	0.00582	0.00504
42	0.02011	0.01377	0.01572	0.08768	0.01840	0.01506	0.01044	0.56082	0.03908	0.14184	0.01420	0.01420	0.00986	0.00649	0.00546	0.00167	0.00588	0.00501	0.00535	0.00895
43	0.01093	0.02820	0.78016	0.01554	0.02360	0.01266	0.02014	0.01727	0.01151	0.01727	0.00978	0.01151	0.00691	0.00518	0.00518	0.00173	0.00806	0.00403	0.00230	0.00806
44	0.00772	0.00557	0.00729	0.00686	0.00814	0.00514	0.00514	0.01029	0.01543	0.02186	0.77152	0.04072	0.05144	0.01115	0.00643	0.00171	0.00257	0.00986	0.00600	0.00514
45	0.00671	0.00551	0.00590	0.00584	0.00754	0.00471	0.00437	0.00832	0.01299	0.01616	0.20020	0.06813	0.60805	0.01334	0.00645	0.00182	0.00273	0.01127	0.00525	0.00471
46	0.00779	0.00584	0.00876	0.00876	0.00974	0.00681	0.00681	0.00974	0.00876	0.01266	0.01460	0.02142	0.01363	0.04089	0.78680	0.00876	0.01460	0.00584	0.00292	0.00487
47	0.00789	0.00544	0.00671	0.00671	0.00697	0.00570	0.00425	0.00842	0.00815	0.01114	0.01648	0.03181	0.01814	0.60047	0.23339	0.00623	0.00781	0.00736	0.00320	0.00373
48	0.00852	0.00836	0.08231	0.00803	0.01018	0.00666	0.00687	0.01265	0.08847	0.02108	0.58114	0.03661	0.08719	0.01036	0.00622	0.00174	0.00328	0.00903	0.00554	0.00574
49	0.09210	0.11984	0.61605	0.01399	0.02119	0.01368	0.01748	0.01703	0.01124	0.01743	0.00931	0.01092	0.00682	0.00511	0.00480	0.00166	0.00742	0.00379	0.00241	0.00772
50	0.01349	0.01295	0.02213	0.03346	0.77440	0.01295	0.01673	0.01673	0.01241	0.01781	0.01025	0.01349	0.00864	0.00486	0.00540	0.00162	0.00648	0.00486	0.00270	0.00864
51	0.09320	0.01059	0.01534	0.50063	0.09186	0.04127	0.03196	0.04030	0.01176	0.01615	0.01403	0.01733	0.08120	0.00619	0.00534	0.00177	0.00657	0.00530	0.00292	0.00627
52	0.05161	0.00653	0.00767	0.00781	0.00923	0.00630	0.00563	0.08141	0.01245	0.05293	0.03066	0.50204	0.15604	0.01407	0.00640	0.00201	0.00351	0.01237	0.00505	0.02628

[dist]
# distance from previous block
# <min> <max>
1	21

[block]
# block no. 5 follows, 44 sequences, length 26
# corresponding to MSA columns:
# 546-571
name=unknown_F
#
# <colnr> <probs for GDERKNQSTAVLIFYWHMCP>
#	G	D	E	R	K	N	Q	S	T	A	V	L	I	F	Y	W	H	M	C	P
0	0.01715	0.01292	0.01415	0.01104	0.01517	0.01348	0.00895	0.44284	0.11276	0.04838	0.01443	0.04944	0.01123	0.00656	0.00521	0.00150	0.00518	0.00517	0.00497	0.19947
1	0.01434	0.49392	0.17489	0.01336	0.08241	0.03537	0.04427	0.01726	0.01169	0.05461	0.00915	0.01050	0.00752	0.00491	0.00426	0.00138	0.00650	0.00360	0.00262	0.00747
2	0.01132	0.00886	0.01091	0.00989	0.02665	0.00959	0.00765	0.02904	0.18466	0.06894	0.22994	0.02827	0.10355	0.01012	0.02653	0.00198	0.12734	0.02936	0.00489	0.07053
3	0.01848	0.00932	0.03420	0.00921	0.01276	0.00817	0.00769	0.05480	0.07377	0.46042	0.09495	0.02573	0.11748	0.00825	0.00570	0.00173	0.00430	0.02237	0.02266	0.00801
4	0.00780	0.00580	0.00855	0.00855	0.00944	0.00670	0.00655	0.00960	0.00870	0.01250	0.01480	0.02251	0.01410	0.09971	0.72862	0.00850	0.01389	0.00600	0.00295	0.00475
5	0.01112	0.00671	0.00820	0.00738	0.00953	0.00612	0.00573	0.01405	0.06207	0.17251	0.34171	0.03893	0.25606	0.01090	0.00621	0.00177	0.00321	0.02591	0.00582	0.00604
6	0.02446	0.00928	0.01265	0.00970	0.01392	0.00801	0.00801	0.02657	0.01560	0.77817	0.02151	0.01856	0.01350	0.00675	0.00548	0.00169	0.00464	0.00548	0.00675	0.00928
7	0.02105	0.01475	0.01604	0.01230	0.01665	0.01614	0.01016	0.69304	0.02476	0.09876	0.01382	0.01356	0.00964	0.00656	0.00546	0.00164	0.00588	0.00496	0.00557	0.00927
8	0.01305	0.01372	0.01688	0.07545	0.06863	0.11993	0.01232	0.01460	0.00978	0.01353	0.00773	0.01195	0.00725	0.00838	0.01433	0.00216	0.57704	0.00461	0.00247	0.00620
9	0.01227	0.01182	0.01937	0.27957	0.48494	0.02785	0.01552	0.01552	0.01198	0.01632	0.01206	0.01552	0.04260	0.00547	0.00545	0.00169	0.00663	0.00513	0.00272	0.00757
10	0.00671	0.00479	0.00641	0.00767	0.00802	0.00449	0.00518	0.00771	0.01051	0.01400	0.03001	0.78041	0.03590	0.01701	0.00698	0.00222	0.00322	0.03924	0.00506	0.00445
11	0.00664	0.00474	0.00633	0.00759	0.00791	0.00443	0.00506	0.00759	0.01044	0.01392	0.03005	0.80485	0.03606	0.01708	0.00696	0.00221	0.00316	0.01550	0.00506	0.00443
12	0.01946	0.01442	0.01663	0.08166	0.07060	0.01591	0.01113	0.61562	0.02310	0.05750	0.01289	0.01343	0.00920	0.00634	0.00545	0.00165	0.00609	0.00492	0.00505	0.00895
13	0.00801	0.00572	0.00789	0.00915	0.01006	0.00560	0.00743	0.00995	0.01178	0.01544	0.02930	0.33152	0.03308	0.01579	0.00732	0.00240	0.00435	0.47536	0.00503	0.00481
14	0.02446	0.00928	0.01265	0.00970	0.01392	0.00801	0.00801	0.02657	0.01560	0.77817	0.02151	0.01856	0.01350	0.00675	0.00548	0.00169	0.00464	0.00548	0.00675	0.00928
15	0.69777	0.08135	0.01049	0.00800	0.01143	0.08524	0.00663	0.01659	0.01001	0.02242	0.00767	0.00894	0.00610	0.00508	0.00353	0.00162	0.00488	0.00300	0.00323	0.00604
16	0.00733	0.00556	0.00676	0.00646	0.00791	0.00498	0.00484	0.00955	0.01453	0.01972	0.55631	0.04425	0.26798	0.01195	0.00643	0.00175	0.00263	0.01035	0.00572	0.00498
17	0.01288	0.01232	0.02101	0.18072	0.63197	0.01279	0.01642	0.01619	0.01212	0.01706	0.01015	0.01369	0.00837	0.00497	0.00541	0.00166	0.00663	0.00486	0.00265	0.00814
18	0.00779	0.00562	0.00739	0.00708	0.00836	0.00522	0.00539	0.01036	0.01523	0.02148	0.72052	0.04215	0.05006	0.01141	0.00651	0.00177	0.00274	0.05984	0.00593	0.00514
19	0.01099	0.00920	0.01445	0.55158	0.06319	0.01097	0.01267	0.05824	0.01164	0.01582	0.01095	0.01530	0.00848	0.00664	0.00645	0.06607	0.00635	0.00487	0.11018	0.00596
20	0.01209	0.01199	0.02174	0.12843	0.41178	0.01202	0.18617	0.01544	0.01220	0.01680	0.01426	0.06371	0.05616	0.00615	0.00580	0.00175	0.00679	0.00626	0.00296	0.00750
21	0.01308	0.01179	0.01617	0.01376	0.01428	0.01587	0.01142	0.05835	0.00988	0.06065	0.00896	0.03253	0.00840	0.00938	0.01612	0.00229	0.68275	0.00509	0.00290	0.00632
22	0.01274	0.01342	0.04534	0.04309	0.07510	0.01304	0.43437	0.07999	0.01365	0.01875	0.07012	0.01896	0.01292	0.00636	0.00722	0.00188	0.07252	0.05005	0.00332	0.00716
23	0.01103	0.00918	0.01078	0.00794	0.01233	0.00711	0.00632	0.01343	0.01116	0.01761	0.01047	0.01246	0.00876	0.00639	0.05095	0.00131	0.00458	0.00350	0.05370	0.74099
24	0.01366	0.01283	0.10055	0.05067	0.06435	0.01075	0.27467	0.01779	0.05772	0.15807	0.01817	0.06134	0.07029	0.05523	0.00728	0.00201	0.00664	0.00678	0.00393	0.00727
25	0.01074	0.07005	0.01209	0.01246	0.10077	0.05546	0.00929	0.02984	0.01308	0.01717	0.08710	0.04334	0.02556	0.01144	0.00645	0.00207	0.00521	0.42762	0.05449	0.00578

[dist]
# distance from previous block
# <min> <max>
8	27

# created by:
# /st0/software/busco_prod/Augustus/scripts/msa2prfl.pl ./align_prep/161269.fa
