[name]
unknown

[dist]
# distance from previous block
# <min> <max>
0	49

[block]
# block no. 0 follows, 44 sequences, length 7
# corresponding to MSA columns:
# 52-58
name=unknown_A
#
# <colnr> <probs for GDERKNQSTAVLIFYWHMCP>
#	G	D	E	R	K	N	Q	S	T	A	V	L	I	F	Y	W	H	M	C	P
0	0.00969	0.00697	0.00910	0.00974	0.01120	0.00708	0.00828	0.07780	0.01334	0.01740	0.02755	0.05464	0.05852	0.07998	0.00897	0.00263	0.00504	0.58190	0.00492	0.00524
1	0.08757	0.01436	0.07316	0.01910	0.04365	0.01341	0.46927	0.03679	0.01219	0.01801	0.01074	0.03537	0.00865	0.00558	0.00715	0.00183	0.09144	0.00582	0.00290	0.04300
2	0.01563	0.01216	0.01595	0.01253	0.01613	0.01285	0.11637	0.28666	0.14004	0.07497	0.08323	0.04569	0.01550	0.03216	0.00691	0.00183	0.04044	0.00617	0.00486	0.05992
3	0.01287	0.01184	0.01495	0.13014	0.01853	0.07463	0.07201	0.05093	0.01219	0.04275	0.01057	0.03568	0.00884	0.00567	0.00635	0.00139	0.09819	0.00447	0.00322	0.38480
4	0.01236	0.00801	0.00875	0.00792	0.00992	0.00857	0.00620	0.18630	0.06461	0.02233	0.01798	0.05728	0.01533	0.04092	0.05771	0.00217	0.00455	0.05086	0.41205	0.00618
5	0.08514	0.00744	0.00986	0.03775	0.01173	0.00739	0.05231	0.04186	0.03761	0.06802	0.10777	0.32280	0.03886	0.06681	0.00762	0.00216	0.00423	0.04589	0.00472	0.04002
6	0.13992	0.18185	0.06872	0.04825	0.02815	0.04194	0.09151	0.06119	0.03433	0.01779	0.01227	0.04514	0.03711	0.00660	0.00644	0.00169	0.11106	0.00494	0.05447	0.00664

[dist]
# distance from previous block
# <min> <max>
34	100

[block]
# block no. 1 follows, 44 sequences, length 17
# corresponding to MSA columns:
# 173-189
name=unknown_B
#
# <colnr> <probs for GDERKNQSTAVLIFYWHMCP>
#	G	D	E	R	K	N	Q	S	T	A	V	L	I	F	Y	W	H	M	C	P
0	0.10683	0.01041	0.01485	0.13830	0.22365	0.01055	0.01102	0.04157	0.02829	0.22412	0.05499	0.03959	0.01272	0.00625	0.00524	0.00166	0.00535	0.00534	0.00425	0.05503
1	0.33029	0.01142	0.01558	0.14114	0.34705	0.01240	0.01211	0.01632	0.01108	0.04208	0.00948	0.01204	0.00753	0.00508	0.00464	0.00168	0.00569	0.00415	0.00303	0.00721
2	0.26895	0.01456	0.05168	0.03361	0.20154	0.12858	0.07377	0.01684	0.01162	0.01889	0.00904	0.01126	0.00731	0.00508	0.00500	0.00156	0.02994	0.00398	0.00295	0.10383
3	0.01317	0.01229	0.02087	0.14671	0.59784	0.01251	0.03406	0.01644	0.01223	0.03493	0.01043	0.01371	0.00851	0.00495	0.00538	0.00162	0.00653	0.00485	0.00277	0.04018
4	0.04496	0.24452	0.47145	0.01328	0.01990	0.01485	0.03396	0.01758	0.01161	0.06676	0.00989	0.01118	0.00736	0.00512	0.00469	0.00157	0.00709	0.00383	0.00266	0.00774
5	0.02037	0.02598	0.01545	0.01404	0.01685	0.78652	0.01053	0.02177	0.01545	0.01334	0.00843	0.00983	0.00702	0.00562	0.00492	0.00140	0.00983	0.00351	0.00281	0.00632
6	0.00752	0.00556	0.00701	0.00665	0.00802	0.00506	0.00499	0.00990	0.01496	0.02075	0.65963	0.04256	0.16402	0.01156	0.00643	0.00173	0.00260	0.01012	0.00585	0.00506
7	0.00947	0.00473	0.00710	0.00710	0.00710	0.00473	0.00473	0.00710	0.00710	0.00947	0.00947	0.01657	0.00947	0.01894	0.02131	0.84138	0.00473	0.00473	0.00237	0.00237
8	0.02072	0.01527	0.01636	0.01254	0.01691	0.01691	0.01036	0.75622	0.02563	0.03436	0.01309	0.01309	0.00927	0.00654	0.00545	0.00164	0.00600	0.00491	0.00545	0.00927
9	0.00876	0.00708	0.00923	0.05995	0.01156	0.00682	0.04314	0.07310	0.01465	0.01939	0.34034	0.05861	0.30423	0.01117	0.00630	0.00178	0.00359	0.00968	0.00519	0.00545
10	0.01409	0.70638	0.12958	0.01016	0.01528	0.02037	0.01078	0.01645	0.01114	0.01342	0.00788	0.00912	0.00698	0.00473	0.00372	0.00124	0.00613	0.00306	0.00233	0.00714
11	0.01775	0.02333	0.07903	0.01316	0.01622	0.61205	0.01060	0.01966	0.01479	0.01428	0.06145	0.01429	0.04519	0.00729	0.02647	0.00167	0.00901	0.00441	0.00308	0.00627
12	0.01330	0.21196	0.42414	0.01344	0.03951	0.05473	0.01500	0.01758	0.01189	0.06651	0.00997	0.01126	0.00752	0.00508	0.00469	0.00149	0.00701	0.00379	0.00272	0.07841
13	0.00979	0.00978	0.09043	0.08061	0.02856	0.00818	0.09455	0.01315	0.04651	0.04750	0.06576	0.23321	0.06918	0.01137	0.00650	0.00205	0.00523	0.16736	0.00438	0.00592
14	0.02194	0.04637	0.01377	0.07632	0.01593	0.00952	0.00874	0.07670	0.01571	0.59813	0.04602	0.01817	0.01372	0.00668	0.00542	0.00167	0.00494	0.00543	0.00606	0.00875
15	0.01600	0.01460	0.13764	0.04542	0.28468	0.02873	0.03025	0.10961	0.01449	0.17449	0.01313	0.01441	0.00959	0.00558	0.00527	0.00161	0.00617	0.00482	0.04537	0.03813
16	0.05355	0.01256	0.08668	0.04192	0.13524	0.06297	0.03936	0.01907	0.06188	0.22040	0.02806	0.01945	0.01288	0.01062	0.09612	0.00254	0.00697	0.05723	0.00422	0.02828

[dist]
# distance from previous block
# <min> <max>
20	62

[block]
# block no. 2 follows, 44 sequences, length 80
# corresponding to MSA columns:
# 262-279,281-314,336-363
name=unknown_C
#
# <colnr> <probs for GDERKNQSTAVLIFYWHMCP>
#	G	D	E	R	K	N	Q	S	T	A	V	L	I	F	Y	W	H	M	C	P
0	0.24906	0.13501	0.09604	0.01045	0.02560	0.13123	0.00920	0.06880	0.04722	0.01888	0.01208	0.01389	0.04032	0.02256	0.08231	0.00233	0.00685	0.00423	0.01738	0.00656
1	0.25980	0.14405	0.04073	0.02554	0.02944	0.01406	0.00845	0.17517	0.09388	0.04824	0.01190	0.01413	0.00966	0.08008	0.00656	0.00193	0.00522	0.00437	0.00391	0.02287
2	0.14604	0.01028	0.01463	0.46205	0.08901	0.03378	0.02569	0.01485	0.04363	0.01638	0.01181	0.08692	0.01025	0.00649	0.00526	0.00181	0.00631	0.00557	0.00300	0.00623
3	0.00837	0.00631	0.00853	0.00921	0.07918	0.00585	0.00614	0.01085	0.01478	0.03296	0.60043	0.03928	0.13566	0.01082	0.00632	0.00172	0.00299	0.00953	0.00559	0.00547
4	0.00745	0.00541	0.00730	0.00820	0.00903	0.00526	0.00623	0.00913	0.01151	0.01534	0.10525	0.39966	0.07745	0.01792	0.07933	0.00283	0.00467	0.21838	0.00495	0.00472
5	0.00934	0.00589	0.00765	0.00713	0.00869	0.00535	0.00537	0.01162	0.01476	0.10270	0.56703	0.11005	0.10054	0.01142	0.00638	0.00177	0.00287	0.01003	0.00592	0.00549
6	0.01989	0.01486	0.01589	0.01238	0.01659	0.01652	0.01016	0.67195	0.11125	0.03302	0.01414	0.01393	0.01013	0.00664	0.00546	0.00166	0.00580	0.00505	0.00546	0.00920
7	0.58732	0.01113	0.01029	0.00848	0.01224	0.01217	0.02465	0.11636	0.01207	0.05731	0.00925	0.01026	0.00698	0.00521	0.00389	0.00159	0.00458	0.00344	0.00377	0.09902
8	0.09202	0.01091	0.01258	0.00984	0.01393	0.02505	0.00803	0.15191	0.06997	0.38810	0.01775	0.01649	0.02926	0.00638	0.00511	0.00156	0.00479	0.00500	0.00553	0.12581
9	0.00836	0.00605	0.00823	0.00934	0.01056	0.00593	0.00794	0.01062	0.01242	0.01610	0.05087	0.12908	0.09661	0.01504	0.00735	0.00240	0.00459	0.58853	0.00505	0.00493
10	0.00752	0.00565	0.00721	0.00763	0.00875	0.00496	0.00526	0.00870	0.01052	0.01450	0.02600	0.63862	0.03053	0.03923	0.00708	0.00206	0.00339	0.01306	0.00468	0.15466
11	0.00844	0.00638	0.00807	0.00853	0.01004	0.00624	0.00706	0.01169	0.06879	0.01768	0.19489	0.05214	0.18208	0.01339	0.00693	0.00216	0.00399	0.38098	0.00528	0.00523
12	0.01113	0.04341	0.72857	0.01627	0.05935	0.01286	0.01976	0.01722	0.01154	0.01720	0.00976	0.01155	0.00699	0.00515	0.00516	0.00171	0.00794	0.00405	0.00232	0.00806
13	0.00991	0.02403	0.00910	0.00784	0.00978	0.00758	0.00607	0.12213	0.05385	0.02254	0.50179	0.05817	0.12469	0.01061	0.00620	0.00173	0.00328	0.00914	0.00569	0.00589
14	0.01133	0.07595	0.66833	0.01580	0.02342	0.01332	0.08319	0.01722	0.01160	0.01701	0.00975	0.01161	0.00703	0.00510	0.00518	0.00170	0.00802	0.00417	0.00234	0.00793
15	0.01377	0.01306	0.07968	0.03167	0.06385	0.01314	0.01027	0.02670	0.59745	0.05796	0.02002	0.01891	0.01491	0.00696	0.00550	0.00182	0.00486	0.00583	0.00507	0.00855
16	0.00774	0.00559	0.00732	0.00694	0.00822	0.00517	0.00523	0.01031	0.01536	0.02173	0.75368	0.04122	0.05096	0.01124	0.00646	0.00173	0.00263	0.02734	0.00598	0.00514
17	0.00669	0.00478	0.00638	0.00765	0.00799	0.00447	0.00515	0.00768	0.01049	0.01397	0.03002	0.78738	0.03595	0.01703	0.00697	0.00222	0.00321	0.03246	0.00506	0.00444
18	0.01278	0.01445	0.03073	0.02217	0.02718	0.01406	0.68574	0.01706	0.01245	0.01706	0.01067	0.01445	0.00817	0.00505	0.00750	0.00189	0.08236	0.00628	0.00272	0.00722
19	0.01430	0.01131	0.01226	0.01069	0.01404	0.01250	0.00837	0.02735	0.62974	0.08787	0.02097	0.01935	0.01557	0.00703	0.00540	0.00174	0.00432	0.00583	0.00544	0.08592
20	0.01252	0.01573	0.11103	0.02088	0.02661	0.01310	0.61048	0.01712	0.01259	0.01747	0.01078	0.01407	0.00811	0.00461	0.00609	0.00174	0.00862	0.00590	0.00275	0.07982
21	0.01105	0.05245	0.75689	0.01535	0.02330	0.01294	0.01981	0.01724	0.01150	0.01713	0.00972	0.01142	0.00691	0.00516	0.00513	0.00171	0.00799	0.00399	0.00230	0.00802
22	0.01250	0.01075	0.01368	0.00987	0.01472	0.00892	0.07181	0.09761	0.01305	0.01961	0.01019	0.01180	0.00823	0.00437	0.00440	0.00099	0.00471	0.00370	0.00344	0.67565
23	0.00784	0.00559	0.00723	0.00701	0.00811	0.00526	0.00520	0.01004	0.01413	0.01979	0.60103	0.04182	0.04525	0.12357	0.00952	0.00229	0.00317	0.07273	0.00554	0.00487
24	0.00860	0.00622	0.00679	0.00624	0.00850	0.00517	0.00477	0.01019	0.01273	0.08609	0.08195	0.06011	0.58644	0.01224	0.00616	0.00174	0.00305	0.01023	0.00510	0.07769
25	0.01295	0.01330	0.01715	0.25237	0.31473	0.15047	0.01372	0.01576	0.01242	0.01548	0.01320	0.05797	0.03424	0.00664	0.00556	0.00173	0.00695	0.04551	0.00296	0.00691
26	0.01130	0.00969	0.01130	0.00807	0.01292	0.00727	0.00646	0.01373	0.01130	0.01776	0.00969	0.01130	0.00807	0.00404	0.00404	0.00081	0.00404	0.00323	0.00323	0.84173
27	0.01513	0.00944	0.02703	0.01018	0.03832	0.02211	0.00780	0.16381	0.01609	0.22887	0.16050	0.19429	0.04784	0.01004	0.00603	0.00181	0.00438	0.02360	0.00560	0.00713
28	0.00947	0.00473	0.00710	0.00710	0.00710	0.00473	0.00473	0.00710	0.00710	0.00947	0.00947	0.01657	0.00947	0.01894	0.02131	0.84138	0.00473	0.00473	0.00237	0.00237
29	0.01691	0.16541	0.01742	0.06881	0.03487	0.37879	0.01020	0.08704	0.03005	0.01589	0.00953	0.01127	0.00790	0.00712	0.04292	0.00173	0.00809	0.00380	0.00303	0.07921
30	0.01337	0.01155	0.01215	0.01095	0.01400	0.01333	0.00851	0.02842	0.74491	0.02259	0.02305	0.02118	0.03637	0.00756	0.00557	0.00185	0.00427	0.00630	0.00553	0.00852
31	0.00793	0.00529	0.00595	0.00595	0.00595	0.00529	0.00330	0.00793	0.00793	0.01057	0.01718	0.03568	0.01982	0.80840	0.02775	0.00529	0.00529	0.00793	0.00330	0.00330
32	0.01944	0.00848	0.01100	0.00882	0.01219	0.00766	0.00714	0.05576	0.02818	0.51169	0.14337	0.02327	0.04603	0.00767	0.00551	0.00166	0.00410	0.00635	0.08361	0.00805
33	0.02022	0.01478	0.01582	0.01219	0.01640	0.01634	0.01005	0.72062	0.02495	0.03369	0.01331	0.01344	0.00950	0.00654	0.00538	0.00162	0.00583	0.00492	0.04535	0.00907
34	0.02071	0.01578	0.01632	0.01262	0.01690	0.05376	0.01037	0.72105	0.02515	0.03335	0.01287	0.01293	0.00916	0.00650	0.00543	0.00163	0.00618	0.00484	0.00533	0.00913
35	0.00904	0.00770	0.00815	0.00802	0.00937	0.07351	0.00588	0.01224	0.08350	0.01892	0.42061	0.23275	0.06542	0.01193	0.00635	0.00183	0.00352	0.01047	0.00541	0.00537
36	0.02035	0.01445	0.01537	0.01194	0.01607	0.03580	0.00980	0.61894	0.04311	0.09736	0.01416	0.01401	0.01000	0.00655	0.00537	0.00162	0.00577	0.00496	0.04540	0.00898
37	0.84691	0.01054	0.00801	0.00717	0.01054	0.01223	0.00590	0.01603	0.00928	0.02446	0.00759	0.00886	0.00590	0.00506	0.00337	0.00169	0.00422	0.00295	0.00337	0.00590
38	0.00737	0.00647	0.00638	0.00622	0.00798	0.04040	0.00466	0.00902	0.01325	0.01630	0.21698	0.04783	0.57237	0.01282	0.00637	0.00179	0.00304	0.01076	0.00517	0.00480
39	0.00947	0.00473	0.00710	0.00710	0.00710	0.00473	0.00473	0.00710	0.00710	0.00947	0.00947	0.01657	0.00947	0.01894	0.02131	0.84138	0.00473	0.00473	0.00237	0.00237
40	0.01330	0.01311	0.02231	0.10273	0.62357	0.03112	0.08045	0.01665	0.01238	0.01732	0.01023	0.01361	0.00844	0.00491	0.00548	0.00165	0.00686	0.00496	0.00268	0.00823
41	0.84691	0.01054	0.00801	0.00717	0.01054	0.01223	0.00590	0.01603	0.00928	0.02446	0.00759	0.00886	0.00590	0.00506	0.00337	0.00169	0.00422	0.00295	0.00337	0.00590
42	0.00778	0.00576	0.00728	0.00691	0.00828	0.00537	0.00517	0.01065	0.04084	0.02107	0.66421	0.06099	0.11237	0.01140	0.00641	0.00174	0.00266	0.01002	0.00588	0.00520
43	0.84691	0.01054	0.00801	0.00717	0.01054	0.01223	0.00590	0.01603	0.00928	0.02446	0.00759	0.00886	0.00590	0.00506	0.00337	0.00169	0.00422	0.00295	0.00337	0.00590
44	0.02446	0.00928	0.01265	0.00970	0.01392	0.00801	0.00801	0.02657	0.01560	0.77817	0.02151	0.01856	0.01350	0.00675	0.00548	0.00169	0.00464	0.00548	0.00675	0.00928
45	0.01065	0.00623	0.00815	0.00730	0.00914	0.00563	0.00560	0.01307	0.01530	0.15720	0.59748	0.03739	0.08432	0.01050	0.00626	0.00172	0.00295	0.00916	0.00608	0.00586
46	0.00792	0.00531	0.00608	0.00608	0.00613	0.00536	0.00348	0.00802	0.00797	0.01067	0.01705	0.03498	0.01952	0.77082	0.06492	0.00546	0.00574	0.00783	0.00328	0.00338
47	0.02072	0.01527	0.01636	0.01254	0.01691	0.01691	0.01036	0.75622	0.02563	0.03436	0.01309	0.01309	0.00927	0.00654	0.00545	0.00164	0.00600	0.00491	0.00545	0.00927
48	0.01130	0.00969	0.01130	0.00807	0.01292	0.00727	0.00646	0.01373	0.01130	0.01776	0.00969	0.01130	0.00807	0.00404	0.00404	0.00081	0.00404	0.00323	0.00323	0.84173
49	0.00734	0.00598	0.00615	0.00599	0.00773	0.00530	0.00443	0.04373	0.01256	0.01523	0.04846	0.04886	0.63783	0.10276	0.00881	0.00223	0.00324	0.02381	0.00488	0.00469
50	0.01381	0.01224	0.01244	0.01120	0.01428	0.04204	0.00870	0.02870	0.73695	0.02246	0.02168	0.01995	0.01629	0.00733	0.00552	0.00183	0.00452	0.00607	0.00545	0.00854
51	0.05382	0.00932	0.01249	0.00961	0.01380	0.00816	0.00794	0.02619	0.01538	0.75127	0.02101	0.01821	0.01322	0.00669	0.00541	0.00169	0.00462	0.00539	0.00663	0.00916
52	0.01102	0.02767	0.75405	0.01616	0.04945	0.01267	0.02003	0.01725	0.01154	0.01728	0.00980	0.01158	0.00697	0.00517	0.00519	0.00172	0.00800	0.00406	0.00232	0.00808
53	0.00850	0.00610	0.00843	0.00964	0.01083	0.00604	0.00826	0.01082	0.01235	0.01603	0.02998	0.13007	0.05997	0.01520	0.00744	0.00246	0.00476	0.64315	0.00503	0.00495
54	0.01101	0.04440	0.76462	0.01541	0.02340	0.01285	0.01992	0.01725	0.01150	0.01717	0.00974	0.01145	0.00691	0.00517	0.00514	0.00171	0.00801	0.00401	0.00230	0.00804
55	0.01252	0.00965	0.01143	0.00823	0.01301	0.00734	0.00660	0.01492	0.01170	0.08826	0.01079	0.01198	0.00858	0.00429	0.00417	0.00089	0.00409	0.00344	0.00356	0.76456
56	0.00681	0.00547	0.00609	0.00617	0.00771	0.00475	0.00460	0.00843	0.01286	0.01623	0.20658	0.13168	0.51469	0.01362	0.00653	0.00187	0.00283	0.03310	0.00526	0.00471
57	0.19151	0.20722	0.26096	0.01086	0.01593	0.01353	0.01165	0.01733	0.01123	0.11976	0.01081	0.01215	0.00822	0.00855	0.07690	0.00223	0.00685	0.00390	0.00319	0.00721
58	0.00683	0.00535	0.00615	0.00640	0.00770	0.00471	0.00464	0.00834	0.01248	0.01598	0.19955	0.23660	0.41066	0.02983	0.00701	0.00199	0.00291	0.02301	0.00523	0.00465
59	0.75226	0.01208	0.00888	0.00792	0.01127	0.08411	0.00643	0.03271	0.01021	0.02365	0.00779	0.00904	0.00608	0.00514	0.00356	0.00166	0.00478	0.00305	0.00337	0.00602
60	0.04150	0.01666	0.01718	0.04532	0.22616	0.20918	0.01204	0.29350	0.01796	0.02290	0.02519	0.01297	0.00923	0.00643	0.01847	0.00170	0.00717	0.00459	0.00383	0.00799
61	0.02729	0.01367	0.02227	0.13904	0.39688	0.05339	0.16676	0.08088	0.01354	0.01849	0.01044	0.01359	0.00829	0.00508	0.00557	0.00168	0.00724	0.00508	0.00293	0.00789
62	0.03985	0.05431	0.06806	0.01749	0.15338	0.47771	0.03800	0.05874	0.01475	0.01593	0.00912	0.01087	0.00744	0.00541	0.00500	0.00149	0.00858	0.00392	0.00289	0.00706
63	0.01104	0.02749	0.74068	0.01593	0.02385	0.01272	0.05890	0.01728	0.01158	0.01728	0.00985	0.01168	0.00698	0.00515	0.00525	0.00173	0.00812	0.00416	0.00233	0.00802
64	0.01466	0.01583	0.01391	0.01243	0.01433	0.31705	0.02431	0.07758	0.01282	0.01492	0.01065	0.01433	0.00940	0.01782	0.26113	0.00400	0.15113	0.00467	0.00299	0.00605
65	0.00692	0.00513	0.00729	0.00819	0.00871	0.00480	0.03098	0.00804	0.01058	0.01411	0.02936	0.75600	0.03496	0.01659	0.00696	0.00221	0.00342	0.03621	0.00498	0.00455
66	0.00782	0.00573	0.00820	0.00820	0.00898	0.00651	0.00611	0.00937	0.00860	0.01224	0.01512	0.02426	0.01486	0.19391	0.63546	0.00807	0.01275	0.00626	0.00300	0.00456
67	0.01458	0.81168	0.02857	0.00933	0.01399	0.02157	0.00933	0.01632	0.01108	0.01283	0.00758	0.00875	0.00700	0.00466	0.00350	0.00117	0.00583	0.00292	0.00233	0.00700
68	0.01300	0.00591	0.00658	0.00600	0.00785	0.00566	0.00464	0.01545	0.01226	0.17063	0.01852	0.01997	0.01388	0.00643	0.00414	0.00135	0.00296	0.00516	0.67367	0.00591
69	0.00853	0.00669	0.00969	0.08180	0.01259	0.00785	0.00764	0.01174	0.07451	0.01359	0.01488	0.02110	0.01348	0.05704	0.62449	0.00742	0.01276	0.00584	0.00311	0.00526
70	0.01211	0.01034	0.01101	0.01003	0.01278	0.01163	0.00778	0.02450	0.59644	0.02164	0.09132	0.02666	0.11159	0.00862	0.00576	0.00185	0.00399	0.01864	0.00552	0.00778
71	0.00717	0.00518	0.00685	0.02279	0.00875	0.00497	0.00541	0.03003	0.01108	0.01481	0.05551	0.73906	0.03526	0.01633	0.00687	0.00217	0.00330	0.01478	0.00506	0.00463
72	0.01861	0.01441	0.01435	0.01153	0.01517	0.08612	0.00932	0.52683	0.05674	0.03970	0.01425	0.03719	0.01084	0.00730	0.01707	0.00171	0.00591	0.00519	0.09947	0.00829
73	0.01177	0.01163	0.03684	0.32302	0.04711	0.07909	0.02695	0.01571	0.08088	0.01568	0.01219	0.04565	0.01014	0.00688	0.00743	0.00182	0.14410	0.00529	0.11152	0.00628
74	0.00690	0.00552	0.00617	0.00605	0.00766	0.00479	0.00452	0.00869	0.01343	0.01723	0.30799	0.06988	0.49602	0.01296	0.00645	0.00181	0.00271	0.01104	0.00539	0.00479
75	0.01222	0.08065	0.57714	0.01582	0.02290	0.08054	0.10173	0.01761	0.01198	0.01664	0.00965	0.01154	0.00708	0.00512	0.00518	0.00167	0.00819	0.00418	0.00240	0.00775
76	0.01649	0.01015	0.01302	0.02618	0.16284	0.05919	0.00911	0.01933	0.04515	0.32137	0.14234	0.02467	0.11053	0.00787	0.00570	0.00169	0.00481	0.00668	0.00525	0.00765
77	0.00916	0.00836	0.08365	0.00828	0.01035	0.00658	0.00703	0.04843	0.01392	0.05192	0.34806	0.20374	0.11656	0.01171	0.00649	0.00185	0.01549	0.02492	0.01789	0.00561
78	0.03459	0.06457	0.01358	0.09567	0.01594	0.00989	0.02935	0.08021	0.02689	0.05572	0.01208	0.05324	0.01036	0.03154	0.03231	0.00162	0.00524	0.00464	0.00357	0.41901
79	0.08841	0.09306	0.03004	0.01229	0.08459	0.01357	0.00929	0.32260	0.01718	0.05323	0.02648	0.01445	0.01026	0.05809	0.00630	0.00171	0.00539	0.00460	0.02625	0.12220

[dist]
# distance from previous block
# <min> <max>
2	10

[block]
# block no. 3 follows, 44 sequences, length 22
# corresponding to MSA columns:
# 374-395
name=unknown_D
#
# <colnr> <probs for GDERKNQSTAVLIFYWHMCP>
#	G	D	E	R	K	N	Q	S	T	A	V	L	I	F	Y	W	H	M	C	P
0	0.21482	0.02580	0.05741	0.05769	0.04982	0.07743	0.00896	0.06930	0.15965	0.06197	0.03637	0.07090	0.01326	0.03547	0.00574	0.00184	0.00525	0.00550	0.03589	0.00692
1	0.01868	0.01456	0.01566	0.01234	0.01617	0.03495	0.01011	0.55531	0.10616	0.02989	0.01332	0.01363	0.00980	0.00674	0.00644	0.00168	0.07326	0.00492	0.00502	0.05136
2	0.01226	0.01571	0.17635	0.01688	0.04689	0.03401	0.28405	0.08465	0.01315	0.01813	0.04614	0.05355	0.03129	0.00949	0.07329	0.00242	0.06525	0.00620	0.00321	0.00707
3	0.00648	0.00536	0.00569	0.00595	0.00748	0.00457	0.00433	0.00778	0.01201	0.01456	0.05000	0.20862	0.61941	0.01449	0.00655	0.00192	0.00284	0.01233	0.00506	0.00457
4	0.01243	0.01321	0.02095	0.20858	0.08214	0.07953	0.22619	0.01538	0.01134	0.01501	0.01106	0.01485	0.03672	0.00659	0.00906	0.00193	0.22038	0.00542	0.00266	0.00657
5	0.01030	0.00969	0.01635	0.79530	0.03755	0.01211	0.01514	0.01393	0.01090	0.01393	0.00969	0.01453	0.00727	0.00545	0.00545	0.00182	0.00727	0.00484	0.00242	0.00606
6	0.01322	0.01281	0.02031	0.15820	0.57644	0.04110	0.01573	0.01722	0.05937	0.01731	0.01084	0.01396	0.00885	0.00514	0.00540	0.00166	0.00660	0.00489	0.00284	0.00812
7	0.00911	0.00732	0.00818	0.00758	0.00958	0.00732	0.00579	0.04208	0.18493	0.02013	0.32942	0.03903	0.28650	0.01102	0.00620	0.00179	0.00316	0.00939	0.00556	0.00591
8	0.01779	0.02117	0.01443	0.01402	0.05348	0.57130	0.01021	0.05456	0.01509	0.01490	0.01250	0.08269	0.01196	0.00748	0.00538	0.00160	0.00846	0.07337	0.00333	0.00629
9	0.00951	0.00497	0.00755	0.04491	0.00856	0.00509	0.00523	0.00743	0.00728	0.00968	0.00948	0.01647	0.00936	0.01829	0.02055	0.80111	0.00486	0.00474	0.00237	0.00254
10	0.00996	0.00722	0.00964	0.00993	0.08080	0.00698	0.00677	0.07497	0.01602	0.04950	0.60899	0.03503	0.04249	0.01001	0.00622	0.00170	0.00330	0.00881	0.00567	0.00597
11	0.01333	0.01001	0.01209	0.01046	0.01342	0.01061	0.04473	0.02285	0.42632	0.11327	0.12484	0.08893	0.02181	0.00833	0.00574	0.00178	0.00424	0.00723	0.00545	0.05454
12	0.08571	0.00739	0.07237	0.00803	0.00943	0.00593	0.00634	0.00938	0.01078	0.01564	0.07159	0.55937	0.07264	0.03053	0.00683	0.00214	0.00366	0.01263	0.00469	0.00490
13	0.02037	0.02598	0.01545	0.01404	0.01685	0.78652	0.01053	0.02177	0.01545	0.01334	0.00843	0.00983	0.00702	0.00562	0.00492	0.00140	0.00983	0.00351	0.00281	0.00632
14	0.01219	0.01021	0.01178	0.00849	0.01329	0.00817	0.00683	0.08320	0.01265	0.01932	0.01001	0.01147	0.00819	0.00427	0.00417	0.00089	0.00422	0.00339	0.00344	0.76384
15	0.00949	0.00827	0.01253	0.03118	0.01254	0.00984	0.07756	0.01107	0.00924	0.01334	0.01445	0.11678	0.01493	0.15469	0.21869	0.00443	0.23675	0.00708	0.03201	0.00513
16	0.84691	0.01054	0.00801	0.00717	0.01054	0.01223	0.00590	0.01603	0.00928	0.02446	0.00759	0.00886	0.00590	0.00506	0.00337	0.00169	0.00422	0.00295	0.00337	0.00590
17	0.01093	0.02820	0.78016	0.01554	0.02360	0.01266	0.02014	0.01727	0.01151	0.01727	0.00978	0.01151	0.00691	0.00518	0.00518	0.00173	0.00806	0.00403	0.00230	0.00806
18	0.01286	0.00961	0.01138	0.01228	0.11762	0.06338	0.00815	0.04272	0.10850	0.12521	0.16345	0.11132	0.08020	0.05042	0.00706	0.00197	0.00460	0.04331	0.01932	0.00666
19	0.16102	0.01186	0.07711	0.11289	0.06059	0.03853	0.03973	0.04920	0.01157	0.03180	0.02809	0.06207	0.01124	0.07321	0.00724	0.01386	0.02187	0.00514	0.00332	0.17967
20	0.02552	0.01318	0.10685	0.05488	0.17403	0.03939	0.19285	0.01454	0.01148	0.01607	0.01395	0.14797	0.01329	0.01062	0.07964	0.00249	0.05261	0.00695	0.01696	0.00673
21	0.09848	0.01547	0.10246	0.01442	0.03157	0.12103	0.15678	0.05413	0.03981	0.01771	0.03326	0.04216	0.03369	0.00736	0.01870	0.00189	0.15261	0.00537	0.00322	0.04989

[dist]
# distance from previous block
# <min> <max>
5	157

[block]
# block no. 4 follows, 44 sequences, length 47
# corresponding to MSA columns:
# 567-574,576-614
name=unknown_E
#
# <colnr> <probs for GDERKNQSTAVLIFYWHMCP>
#	G	D	E	R	K	N	Q	S	T	A	V	L	I	F	Y	W	H	M	C	P
0	0.09283	0.09660	0.03460	0.01193	0.04056	0.16530	0.00947	0.11287	0.16142	0.09546	0.01371	0.02562	0.01073	0.00910	0.06722	0.00219	0.03412	0.00475	0.00408	0.00744
1	0.02854	0.00988	0.02633	0.09881	0.01570	0.01086	0.03488	0.07899	0.02690	0.13703	0.11630	0.05439	0.01678	0.03012	0.04204	0.00224	0.18799	0.00621	0.04503	0.03098
2	0.04120	0.29039	0.01811	0.07737	0.08931	0.04484	0.00927	0.02867	0.07394	0.03251	0.07657	0.03246	0.08559	0.00668	0.00477	0.00147	0.00523	0.00529	0.00352	0.07284
3	0.00736	0.00832	0.12232	0.00874	0.01025	0.00572	0.00732	0.00912	0.01060	0.01438	0.02704	0.63736	0.04353	0.03819	0.00730	0.00223	0.00399	0.02667	0.00460	0.00495
4	0.01226	0.00984	0.01193	0.02544	0.01362	0.00817	0.00719	0.01459	0.01137	0.07113	0.01033	0.01194	0.00837	0.00469	0.00527	0.00102	0.06699	0.00355	0.00339	0.69892
5	0.03561	0.02474	0.03748	0.03192	0.23703	0.03603	0.02361	0.14575	0.05534	0.10977	0.01572	0.07796	0.03408	0.00679	0.00533	0.00162	0.00548	0.00582	0.04302	0.06691
6	0.00845	0.00640	0.00808	0.00792	0.00856	0.00711	0.00558	0.01047	0.06845	0.01280	0.01866	0.09669	0.04684	0.35773	0.25083	0.00545	0.06419	0.00774	0.00352	0.00453
7	0.02824	0.12615	0.58641	0.01464	0.03435	0.01349	0.03310	0.01778	0.01175	0.07070	0.01032	0.01171	0.00742	0.00520	0.00498	0.00165	0.00745	0.00403	0.00266	0.00796
8	0.01971	0.02831	0.01552	0.01204	0.01600	0.06990	0.00985	0.55672	0.04418	0.08938	0.01371	0.01405	0.00995	0.00906	0.06396	0.00216	0.00676	0.00493	0.00513	0.00868
9	0.00873	0.00596	0.00674	0.00656	0.00692	0.00604	0.00398	0.06091	0.00954	0.01276	0.03410	0.09503	0.02104	0.67194	0.02407	0.00471	0.00511	0.00835	0.00365	0.00385
10	0.08155	0.53597	0.04635	0.01089	0.03070	0.18793	0.00980	0.01753	0.01193	0.01410	0.00789	0.00917	0.00695	0.00492	0.00389	0.00129	0.00666	0.00312	0.00253	0.00683
11	0.00877	0.00705	0.00727	0.00755	0.00811	0.06091	0.00490	0.01044	0.06926	0.01300	0.02182	0.32352	0.02480	0.38897	0.01651	0.00358	0.00473	0.01034	0.00411	0.00436
12	0.11983	0.06305	0.14265	0.03295	0.19623	0.07307	0.01236	0.09549	0.10587	0.03159	0.06533	0.01483	0.01190	0.00596	0.00505	0.00164	0.00607	0.00479	0.00363	0.00769
13	0.03166	0.01048	0.01524	0.16083	0.22140	0.01125	0.01146	0.08162	0.09727	0.12110	0.01333	0.02790	0.01046	0.00808	0.00813	0.12758	0.02608	0.00520	0.00375	0.00717
14	0.06131	0.01381	0.01480	0.01165	0.01569	0.01520	0.00954	0.54661	0.11820	0.09081	0.01478	0.01445	0.01052	0.00659	0.00532	0.00166	0.00549	0.00502	0.02967	0.00890
15	0.01458	0.58481	0.18537	0.01066	0.01601	0.01865	0.01150	0.01732	0.01152	0.07303	0.00912	0.01009	0.00748	0.00493	0.00401	0.00132	0.00621	0.00335	0.00267	0.00740
16	0.00816	0.03304	0.00784	0.00695	0.00839	0.00564	0.00524	0.01035	0.01433	0.04183	0.54836	0.13162	0.13425	0.01183	0.00637	0.00177	0.00284	0.01037	0.00567	0.00518
17	0.00835	0.00596	0.00807	0.00916	0.01014	0.00590	0.00741	0.02910	0.01204	0.01580	0.02852	0.30971	0.03205	0.03857	0.00787	0.00247	0.00443	0.45457	0.00500	0.00488
18	0.01152	0.14433	0.65109	0.01479	0.02228	0.01401	0.03558	0.01713	0.01148	0.01661	0.00948	0.01117	0.00695	0.00509	0.00496	0.00165	0.00775	0.00392	0.00232	0.00788
19	0.01106	0.05537	0.75409	0.01532	0.02326	0.01297	0.01977	0.01723	0.01150	0.01711	0.00971	0.01141	0.00691	0.00516	0.00512	0.00171	0.00798	0.00399	0.00230	0.00802
20	0.01429	0.75101	0.08677	0.00981	0.01474	0.02088	0.01017	0.01640	0.01111	0.01317	0.00775	0.00896	0.00699	0.00470	0.00363	0.00121	0.00600	0.00300	0.00233	0.00708
21	0.01074	0.00819	0.00935	0.00837	0.01037	0.00851	0.00636	0.13196	0.15386	0.02208	0.35541	0.05989	0.09480	0.08594	0.00816	0.00209	0.00373	0.00854	0.00546	0.00620
22	0.00851	0.00609	0.00830	0.00940	0.01054	0.00603	0.00797	0.01070	0.01208	0.01568	0.02921	0.09547	0.06417	0.07654	0.00902	0.00268	0.00485	0.61305	0.00489	0.00484
23	0.37721	0.06207	0.07216	0.03209	0.01365	0.01231	0.00832	0.06825	0.11843	0.09966	0.05667	0.01508	0.03116	0.00623	0.00450	0.00169	0.00476	0.00455	0.00418	0.00702
24	0.01110	0.08162	0.03413	0.01251	0.04855	0.08608	0.08583	0.01367	0.01258	0.01606	0.05390	0.05539	0.03643	0.02248	0.00698	0.00209	0.02429	0.35904	0.03148	0.00579
25	0.01129	0.02731	0.73690	0.01568	0.02357	0.01260	0.04648	0.01747	0.01165	0.03331	0.01008	0.01177	0.00709	0.00519	0.00523	0.00173	0.00803	0.00415	0.00241	0.00806
26	0.01234	0.01154	0.07253	0.00904	0.01408	0.00841	0.00787	0.06796	0.01248	0.04113	0.01029	0.01166	0.00823	0.00439	0.00427	0.00097	0.00451	0.00348	0.00342	0.69142
27	0.84691	0.01054	0.00801	0.00717	0.01054	0.01223	0.00590	0.01603	0.00928	0.02446	0.00759	0.00886	0.00590	0.00506	0.00337	0.00169	0.00422	0.00295	0.00337	0.00590
28	0.00661	0.00486	0.00621	0.00728	0.00783	0.00445	0.00492	0.00763	0.01073	0.01404	0.03379	0.69303	0.14546	0.01659	0.00688	0.00216	0.00310	0.01491	0.00506	0.00445
29	0.00763	0.00553	0.00720	0.00686	0.00811	0.00510	0.00512	0.01010	0.01511	0.02130	0.71758	0.07841	0.06845	0.01150	0.00646	0.00174	0.00261	0.01018	0.00593	0.00510
30	0.00790	0.00541	0.00658	0.00658	0.00680	0.00563	0.00409	0.00833	0.00812	0.01104	0.01660	0.03247	0.01843	0.63603	0.19822	0.00607	0.00738	0.00746	0.00322	0.00365
31	0.00793	0.00529	0.00595	0.00595	0.00595	0.00529	0.00330	0.00793	0.00793	0.01057	0.01718	0.03568	0.01982	0.80840	0.02775	0.00529	0.00529	0.00793	0.00330	0.00330
32	0.01163	0.02728	0.72610	0.01533	0.02312	0.01296	0.01945	0.06956	0.01251	0.01847	0.01002	0.01162	0.00707	0.00528	0.00520	0.00172	0.00791	0.00409	0.00253	0.00814
33	0.01458	0.81168	0.02857	0.00933	0.01399	0.02157	0.00933	0.01632	0.01108	0.01283	0.00758	0.00875	0.00700	0.00466	0.00350	0.00117	0.00583	0.00292	0.00233	0.00700
34	0.84691	0.01054	0.00801	0.00717	0.01054	0.01223	0.00590	0.01603	0.00928	0.02446	0.00759	0.00886	0.00590	0.00506	0.00337	0.00169	0.00422	0.00295	0.00337	0.00590
35	0.02072	0.01527	0.01636	0.01254	0.01691	0.01691	0.01036	0.75622	0.02563	0.03436	0.01309	0.01309	0.00927	0.00654	0.00545	0.00164	0.00600	0.00491	0.00545	0.00927
36	0.00780	0.00581	0.00862	0.00862	0.00955	0.00674	0.00664	0.00965	0.00872	0.01255	0.01473	0.02212	0.01393	0.07845	0.74965	0.00859	0.01415	0.00594	0.00294	0.00479
37	0.02072	0.01527	0.01636	0.01254	0.01691	0.01691	0.01036	0.75622	0.02563	0.03436	0.01309	0.01309	0.00927	0.00654	0.00545	0.00164	0.00600	0.00491	0.00545	0.00927
38	0.01066	0.01006	0.01701	0.70908	0.12094	0.01221	0.01532	0.01425	0.01107	0.01437	0.00975	0.01442	0.00742	0.00538	0.00544	0.00179	0.00718	0.00485	0.00245	0.00635
39	0.84691	0.01054	0.00801	0.00717	0.01054	0.01223	0.00590	0.01603	0.00928	0.02446	0.00759	0.00886	0.00590	0.00506	0.00337	0.00169	0.00422	0.00295	0.00337	0.00590
40	0.01130	0.00969	0.01130	0.00807	0.01292	0.00727	0.00646	0.01373	0.01130	0.01776	0.00969	0.01130	0.00807	0.00404	0.00404	0.00081	0.00404	0.00323	0.00323	0.84173
41	0.00750	0.00549	0.00707	0.00707	0.00826	0.00506	0.00529	0.00969	0.01414	0.01952	0.53209	0.16567	0.11607	0.01263	0.00659	0.00186	0.00286	0.06249	0.00569	0.00497
42	0.03288	0.43265	0.15984	0.01125	0.01621	0.07382	0.01134	0.10398	0.06651	0.03107	0.00997	0.01083	0.00802	0.00528	0.00431	0.00141	0.00638	0.00367	0.00305	0.00754
43	0.00648	0.00536	0.00569	0.00595	0.00748	0.00457	0.00433	0.00778	0.01201	0.01456	0.05000	0.20869	0.61934	0.01449	0.00655	0.00192	0.00284	0.01233	0.00506	0.00457
44	0.01229	0.00944	0.03080	0.00834	0.01259	0.00712	0.00680	0.01467	0.01206	0.11096	0.06667	0.07705	0.01399	0.00593	0.00464	0.00111	0.00404	0.00497	0.00398	0.59254
45	0.00815	0.00629	0.00762	0.00711	0.00882	0.00582	0.00534	0.01143	0.07358	0.01996	0.49239	0.08908	0.16264	0.01117	0.00623	0.00171	0.00288	0.00974	0.00555	0.06449
46	0.61572	0.06942	0.08372	0.00907	0.01313	0.01335	0.03335	0.07452	0.01103	0.02350	0.00835	0.00963	0.00642	0.00514	0.00382	0.00165	0.00500	0.00332	0.00334	0.00650

[dist]
# distance from previous block
# <min> <max>
2	6

[block]
# block no. 5 follows, 44 sequences, length 58
# corresponding to MSA columns:
# 710-729,731-744,749-772
name=unknown_F
#
# <colnr> <probs for GDERKNQSTAVLIFYWHMCP>
#	G	D	E	R	K	N	Q	S	T	A	V	L	I	F	Y	W	H	M	C	P
0	0.01869	0.01395	0.01565	0.08759	0.01836	0.01530	0.01037	0.56648	0.06801	0.05042	0.01329	0.01369	0.00955	0.00631	0.00536	0.00161	0.00584	0.00487	0.00504	0.06962
1	0.07542	0.03252	0.11942	0.02414	0.42625	0.18208	0.01481	0.01778	0.01263	0.01707	0.00949	0.01198	0.00780	0.00516	0.00531	0.00160	0.02180	0.00428	0.00271	0.00777
2	0.00779	0.00584	0.00876	0.00876	0.00974	0.00681	0.00681	0.00974	0.00876	0.01266	0.01460	0.02142	0.01363	0.04089	0.78680	0.00876	0.01460	0.00584	0.00292	0.00487
3	0.00826	0.00612	0.00854	0.00937	0.06388	0.00661	0.00605	0.00948	0.00867	0.01215	0.01538	0.02688	0.01589	0.36361	0.40807	0.00677	0.01006	0.00665	0.00307	0.00448
4	0.00833	0.00864	0.06365	0.00859	0.00992	0.08061	0.00665	0.00985	0.01134	0.01446	0.05689	0.54642	0.10316	0.01520	0.02747	0.00222	0.00441	0.01264	0.00462	0.00493
5	0.02005	0.01426	0.01525	0.01194	0.01603	0.03181	0.00977	0.57515	0.09840	0.10412	0.01486	0.01449	0.01051	0.00662	0.00541	0.00165	0.00568	0.00507	0.02993	0.00902
6	0.01097	0.00932	0.01106	0.00814	0.01261	0.00722	0.00649	0.01334	0.01106	0.01727	0.01016	0.01228	0.00861	0.00759	0.07958	0.00158	0.00506	0.00348	0.00320	0.76097
7	0.01336	0.01154	0.01214	0.01094	0.01399	0.01331	0.00850	0.02838	0.74344	0.02258	0.02312	0.02124	0.03785	0.00758	0.00557	0.00185	0.00427	0.00631	0.00553	0.00852
8	0.00806	0.00534	0.00638	0.00644	0.00675	0.00550	0.00405	0.00869	0.00853	0.01204	0.01738	0.06740	0.01892	0.55857	0.15866	0.00537	0.00657	0.00764	0.08393	0.00380
9	0.03786	0.01297	0.02221	0.03218	0.71526	0.01297	0.05279	0.01675	0.01234	0.01799	0.01021	0.01342	0.00854	0.00485	0.00539	0.00163	0.00654	0.00488	0.00272	0.00849
10	0.00768	0.00533	0.00587	0.00587	0.00619	0.00517	0.00345	0.00791	0.00869	0.01128	0.02362	0.03852	0.14728	0.67379	0.02414	0.00470	0.00486	0.00853	0.00360	0.00352
11	0.01093	0.02820	0.78016	0.01554	0.02360	0.01266	0.02014	0.01727	0.01151	0.01727	0.00978	0.01151	0.00691	0.00518	0.00518	0.00173	0.00806	0.00403	0.00230	0.00806
12	0.01287	0.01471	0.03217	0.02298	0.02849	0.01379	0.75460	0.01746	0.01287	0.01746	0.01103	0.01471	0.00827	0.00460	0.00643	0.00184	0.00919	0.00643	0.00276	0.00735
13	0.01049	0.00540	0.00544	0.00532	0.00668	0.00545	0.00402	0.03607	0.01188	0.02077	0.01764	0.02010	0.01383	0.00636	0.00386	0.00128	0.00265	0.00508	0.81249	0.00521
14	0.00664	0.00474	0.00633	0.00759	0.00791	0.00443	0.00506	0.00759	0.01044	0.01392	0.03005	0.80485	0.03606	0.01708	0.00696	0.00221	0.00316	0.01550	0.00506	0.00443
15	0.00772	0.00557	0.00729	0.00686	0.00814	0.00514	0.00514	0.01029	0.01543	0.02186	0.77152	0.04072	0.05144	0.01115	0.00643	0.00171	0.00257	0.00986	0.00600	0.00514
16	0.01453	0.01257	0.02087	0.02916	0.61841	0.01255	0.04218	0.01860	0.06758	0.09154	0.01224	0.01453	0.00968	0.00522	0.00545	0.00165	0.00624	0.00507	0.00330	0.00865
17	0.84691	0.01054	0.00801	0.00717	0.01054	0.01223	0.00590	0.01603	0.00928	0.02446	0.00759	0.00886	0.00590	0.00506	0.00337	0.00169	0.00422	0.00295	0.00337	0.00590
18	0.09116	0.00618	0.00661	0.00735	0.06276	0.00635	0.00496	0.01332	0.01130	0.02054	0.01625	0.01872	0.01281	0.00612	0.00388	0.00134	0.00299	0.00486	0.69711	0.00542
19	0.01193	0.01193	0.01670	0.01431	0.01431	0.01670	0.01193	0.01312	0.00835	0.01312	0.00716	0.01193	0.00716	0.00954	0.01789	0.00239	0.79843	0.00477	0.00239	0.00596
20	0.01365	0.01325	0.02197	0.03301	0.75691	0.03081	0.01659	0.01685	0.01248	0.01771	0.01021	0.01341	0.00860	0.00488	0.00539	0.00161	0.00655	0.00483	0.00270	0.00858
21	0.01030	0.00969	0.01635	0.79530	0.03755	0.01211	0.01514	0.01393	0.01090	0.01393	0.00969	0.01453	0.00727	0.00545	0.00545	0.00182	0.00727	0.00484	0.00242	0.00606
22	0.00663	0.00478	0.00629	0.00751	0.00789	0.00444	0.00502	0.00760	0.01052	0.01395	0.03105	0.77499	0.06527	0.01695	0.00694	0.00220	0.00315	0.01534	0.00506	0.00444
23	0.01030	0.00969	0.01635	0.79530	0.03755	0.01211	0.01514	0.01393	0.01090	0.01393	0.00969	0.01453	0.00727	0.00545	0.00545	0.00182	0.00727	0.00484	0.00242	0.00606
24	0.00672	0.00551	0.00595	0.00605	0.00769	0.00474	0.00456	0.00827	0.01264	0.01558	0.13571	0.10640	0.59767	0.01380	0.00653	0.00189	0.00288	0.04757	0.00517	0.00467
25	0.00802	0.00566	0.00735	0.00692	0.00829	0.00520	0.00523	0.01053	0.01525	0.03679	0.71040	0.04119	0.08204	0.01125	0.00643	0.00174	0.00267	0.02389	0.00596	0.00520
26	0.01178	0.01171	0.01641	0.01411	0.01415	0.01634	0.01174	0.01300	0.00836	0.01310	0.00743	0.01227	0.00739	0.01068	0.04590	0.00262	0.76988	0.00481	0.00240	0.00592
27	0.01356	0.01171	0.01233	0.01109	0.01418	0.01356	0.00863	0.02897	0.76455	0.02281	0.02219	0.02034	0.01664	0.00740	0.00555	0.00185	0.00431	0.00616	0.00555	0.00863
28	0.00657	0.00551	0.00571	0.00569	0.00745	0.00465	0.00426	0.00806	0.01268	0.01540	0.12389	0.06521	0.68905	0.01361	0.00645	0.00184	0.00275	0.01142	0.00515	0.00465
29	0.03528	0.02510	0.62978	0.01460	0.02189	0.01272	0.01793	0.08922	0.01311	0.07459	0.01090	0.01211	0.00759	0.00542	0.00518	0.00171	0.00751	0.00419	0.00296	0.00821
30	0.00774	0.00531	0.00606	0.00608	0.00635	0.00518	0.00362	0.00813	0.00909	0.01211	0.09331	0.07093	0.07844	0.63902	0.02323	0.00456	0.00475	0.00871	0.00377	0.00362
31	0.07520	0.02965	0.08875	0.01305	0.04049	0.21848	0.01092	0.28845	0.01801	0.08802	0.01286	0.01573	0.01014	0.00662	0.00527	0.00165	0.00692	0.05777	0.00425	0.00778
32	0.03471	0.14993	0.21476	0.01339	0.01801	0.37460	0.01271	0.09050	0.01459	0.01654	0.00907	0.01039	0.00718	0.00543	0.00478	0.00148	0.00825	0.00367	0.00287	0.00715
33	0.70600	0.01259	0.08314	0.00837	0.01227	0.01261	0.00760	0.07011	0.01069	0.02449	0.00820	0.00942	0.00625	0.00518	0.00370	0.00169	0.00472	0.00320	0.00342	0.00636
34	0.84691	0.01054	0.00801	0.00717	0.01054	0.01223	0.00590	0.01603	0.00928	0.02446	0.00759	0.00886	0.00590	0.00506	0.00337	0.00169	0.00422	0.00295	0.00337	0.00590
35	0.01972	0.01552	0.14446	0.01213	0.01697	0.01339	0.01123	0.40860	0.02005	0.23720	0.01532	0.03557	0.01076	0.00665	0.00546	0.00168	0.00589	0.00520	0.00527	0.00894
36	0.01530	0.46140	0.09136	0.01238	0.01688	0.16697	0.08255	0.04014	0.01248	0.01443	0.00842	0.01002	0.00719	0.00512	0.00479	0.00138	0.03599	0.00360	0.00256	0.00703
37	0.00663	0.00553	0.00579	0.00572	0.00748	0.00468	0.00429	0.00819	0.01287	0.01579	0.16178	0.05072	0.66497	0.01341	0.00644	0.00182	0.00273	0.01126	0.00520	0.00468
38	0.01262	0.01589	0.10397	0.04107	0.02824	0.01364	0.66571	0.01736	0.01269	0.01736	0.01088	0.01439	0.00812	0.00467	0.00629	0.00183	0.00903	0.00616	0.00271	0.00739
39	0.00688	0.00573	0.00604	0.00592	0.00771	0.00498	0.00445	0.00891	0.03657	0.01619	0.17554	0.04947	0.62634	0.01315	0.00641	0.00182	0.00278	0.01106	0.00524	0.00482
40	0.00795	0.00582	0.00768	0.00847	0.00956	0.00564	0.00673	0.01033	0.03448	0.01671	0.16556	0.26733	0.08926	0.01461	0.00703	0.00221	0.00386	0.32658	0.00523	0.00495
41	0.01030	0.00969	0.01635	0.79530	0.03755	0.01211	0.01514	0.01393	0.01090	0.01393	0.00969	0.01453	0.00727	0.00545	0.00545	0.00182	0.00727	0.00484	0.00242	0.00606
42	0.00768	0.00557	0.00724	0.00682	0.00812	0.00513	0.00512	0.01022	0.01535	0.02167	0.75195	0.04104	0.07113	0.01122	0.00643	0.00172	0.00258	0.00990	0.00598	0.00513
43	0.10795	0.00960	0.01230	0.00953	0.01367	0.00872	0.00787	0.04870	0.01528	0.67790	0.01983	0.01740	0.01259	0.00657	0.00527	0.00169	0.00464	0.00521	0.00636	0.00893
44	0.00793	0.00583	0.00747	0.00712	0.00849	0.00548	0.00541	0.01090	0.04199	0.02131	0.67601	0.04156	0.08020	0.01133	0.00646	0.00177	0.00277	0.04688	0.00589	0.00524
45	0.00780	0.00579	0.00852	0.00852	0.00941	0.00668	0.00652	0.00958	0.00869	0.01248	0.01482	0.02263	0.01416	0.10615	0.72225	0.00847	0.01381	0.00602	0.00295	0.00473
46	0.01103	0.02765	0.75301	0.01618	0.05049	0.01267	0.02002	0.01725	0.01154	0.01728	0.00980	0.01158	0.00697	0.00517	0.00519	0.00172	0.00800	0.00406	0.00232	0.00808
47	0.01093	0.02820	0.78016	0.01554	0.02360	0.01266	0.02014	0.01727	0.01151	0.01727	0.00978	0.01151	0.00691	0.00518	0.00518	0.00173	0.00806	0.00403	0.00230	0.00806
48	0.01216	0.01893	0.28968	0.02159	0.13348	0.01309	0.37877	0.01709	0.01228	0.01737	0.01087	0.02935	0.00841	0.00509	0.00586	0.00178	0.00829	0.00556	0.00264	0.00772
49	0.00947	0.00473	0.00710	0.00710	0.00710	0.00473	0.00473	0.00710	0.00710	0.00947	0.00947	0.01657	0.00947	0.01894	0.02131	0.84138	0.00473	0.00473	0.00237	0.00237
50	0.01064	0.02295	0.00901	0.00805	0.00990	0.00656	0.00642	0.03817	0.02836	0.11492	0.48729	0.03973	0.05141	0.01095	0.00639	0.00184	0.00346	0.13228	0.00581	0.00587
51	0.18788	0.01445	0.01464	0.04001	0.01637	0.04026	0.00964	0.55572	0.02146	0.03094	0.01170	0.01218	0.00844	0.00617	0.00501	0.00165	0.00581	0.00446	0.00484	0.00838
52	0.01134	0.00970	0.01125	0.00826	0.01288	0.00762	0.00657	0.01459	0.06154	0.01801	0.01102	0.03123	0.00933	0.00458	0.00421	0.00091	0.00403	0.00372	0.00343	0.76576
53	0.01915	0.00917	0.01133	0.00909	0.01245	0.00878	0.00736	0.13888	0.04030	0.41901	0.10682	0.02062	0.01742	0.00718	0.00531	0.00162	0.00425	0.00585	0.14736	0.00806
54	0.01978	0.02374	0.01584	0.01459	0.04388	0.64181	0.01080	0.10016	0.01612	0.01575	0.00894	0.01041	0.00733	0.00587	0.00557	0.00148	0.04440	0.00377	0.00307	0.00670
55	0.00718	0.00547	0.00684	0.00755	0.00868	0.00513	0.00577	0.00873	0.01149	0.01466	0.03724	0.29854	0.29023	0.01750	0.07371	0.00271	0.00444	0.18458	0.00487	0.00467
56	0.01382	0.13621	0.13992	0.05307	0.11513	0.02895	0.05121	0.08805	0.01275	0.05520	0.01034	0.02345	0.00840	0.00592	0.00680	0.00160	0.12218	0.00444	0.00310	0.11947
57	0.01382	0.44959	0.07420	0.00976	0.01387	0.01660	0.00933	0.14028	0.01424	0.01822	0.12468	0.04423	0.03744	0.00670	0.00459	0.00142	0.00534	0.00507	0.00358	0.00702

[dist]
# distance from previous block
# <min> <max>
2	23

[block]
# block no. 6 follows, 44 sequences, length 39
# corresponding to MSA columns:
# 796-814,820-839
name=unknown_G
#
# <colnr> <probs for GDERKNQSTAVLIFYWHMCP>
#	G	D	E	R	K	N	Q	S	T	A	V	L	I	F	Y	W	H	M	C	P
0	0.01588	0.56012	0.06058	0.01007	0.01464	0.04081	0.00970	0.04466	0.07569	0.10628	0.01080	0.01121	0.00866	0.00526	0.00410	0.00134	0.00579	0.00364	0.00325	0.00752
1	0.18315	0.00866	0.00982	0.00892	0.01147	0.00902	0.02342	0.03201	0.15523	0.11855	0.12543	0.12962	0.06023	0.00954	0.00563	0.00186	0.00407	0.07646	0.00508	0.02184
2	0.18022	0.04689	0.31861	0.01291	0.06117	0.01133	0.04086	0.01586	0.01118	0.03644	0.01170	0.05295	0.02668	0.00575	0.00475	0.00157	0.00602	0.00457	0.00303	0.14751
