[name]
unknown

[dist]
# distance from previous block
# <min> <max>
0	106

[block]
# block no. 0 follows, 49 sequences, length 72
# corresponding to MSA columns:
# 276-298,300-312,318-330,355-358,371-381,383-390
name=unknown_A
#
# <colnr> <probs for GDERKNQSTAVLIFYWHMCP>
#	G	D	E	R	K	N	Q	S	T	A	V	L	I	F	Y	W	H	M	C	P
0	0.07987	0.26423	0.17758	0.06903	0.03984	0.03278	0.03548	0.01500	0.01065	0.06049	0.02818	0.04234	0.00986	0.00588	0.00508	0.00150	0.05068	0.03920	0.00283	0.02952
1	0.04517	0.13759	0.29532	0.01250	0.05219	0.04006	0.05314	0.01762	0.08099	0.12758	0.07886	0.01441	0.01180	0.00557	0.00474	0.00152	0.00587	0.00452	0.00339	0.00716
2	0.10021	0.00908	0.02907	0.35006	0.06401	0.02432	0.01018	0.03434	0.08320	0.01459	0.01023	0.01437	0.00840	0.00826	0.00832	0.20084	0.00558	0.01692	0.00274	0.00527
3	0.00759	0.00629	0.02455	0.02412	0.00883	0.00575	0.00542	0.05144	0.01319	0.01770	0.38889	0.11111	0.27185	0.01111	0.00621	0.00169	0.02496	0.00951	0.00495	0.00486
4	0.05803	0.00993	0.04124	0.00789	0.01241	0.00758	0.00662	0.04588	0.01096	0.01747	0.00902	0.01044	0.00738	0.00394	0.00381	0.00086	0.00398	0.00308	0.00306	0.73643
5	0.00764	0.00538	0.00655	0.00661	0.00770	0.00479	0.00450	0.00859	0.00965	0.04332	0.02499	0.40997	0.11301	0.19880	0.01041	0.00247	0.00350	0.01045	0.00415	0.11752
6	0.06565	0.01245	0.01485	0.19155	0.09734	0.04152	0.01074	0.40793	0.01758	0.05639	0.01114	0.01250	0.00813	0.00558	0.00489	0.00154	0.00578	0.00441	0.02254	0.00751
7	0.01173	0.01644	0.26868	0.12783	0.04253	0.04089	0.21403	0.08897	0.01236	0.03463	0.01159	0.08558	0.00964	0.00586	0.00532	0.00166	0.00700	0.00551	0.00290	0.00682
8	0.00967	0.04067	0.01524	0.70227	0.03171	0.01110	0.02666	0.01266	0.00999	0.01276	0.00932	0.01434	0.00736	0.00591	0.00586	0.04906	0.00654	0.02111	0.00230	0.00546
9	0.01176	0.00977	0.04505	0.02209	0.05117	0.00751	0.00725	0.03645	0.01117	0.08878	0.01070	0.02482	0.00879	0.03635	0.00494	0.00112	0.00421	0.00372	0.00332	0.61106
10	0.01048	0.10556	0.71963	0.01384	0.02100	0.01256	0.01769	0.01593	0.01064	0.01561	0.00887	0.01042	0.00641	0.00476	0.00465	0.00155	0.00727	0.00363	0.00214	0.00738
11	0.00836	0.00445	0.00648	0.00666	0.00673	0.00441	0.00446	0.00677	0.00714	0.00952	0.01202	0.12415	0.01292	0.05085	0.01796	0.68543	0.00422	0.02233	0.00262	0.00254
12	0.01842	0.01169	0.04115	0.02858	0.03435	0.01162	0.00900	0.39346	0.01827	0.27257	0.01528	0.05160	0.01110	0.00735	0.02714	0.00174	0.00528	0.00518	0.02816	0.00805
13	0.04877	0.79129	0.02570	0.00857	0.01285	0.01965	0.00852	0.01513	0.01021	0.01235	0.00703	0.00812	0.00645	0.00434	0.00324	0.00110	0.00535	0.00271	0.00220	0.00645
14	0.00703	0.00514	0.00660	0.00629	0.00749	0.00471	0.00470	0.00927	0.01393	0.01950	0.70334	0.06648	0.10515	0.01073	0.00598	0.00162	0.00242	0.00945	0.00547	0.00471
15	0.01066	0.01071	0.09043	0.06008	0.15257	0.00979	0.00972	0.01748	0.27026	0.03645	0.20829	0.02292	0.06450	0.00731	0.00533	0.00163	0.00439	0.00634	0.00431	0.00681
16	0.01049	0.00899	0.01049	0.00749	0.01198	0.00674	0.00599	0.01273	0.01049	0.01648	0.00899	0.01049	0.00749	0.00374	0.00374	0.00075	0.00374	0.00300	0.00300	0.85320
17	0.00670	0.00494	0.00627	0.00638	0.00739	0.00451	0.00462	0.00850	0.01258	0.01722	0.46435	0.26357	0.14972	0.01227	0.00611	0.00174	0.00257	0.01086	0.00519	0.00451
18	0.03184	0.01071	0.06746	0.00866	0.01315	0.00827	0.02055	0.04177	0.09469	0.01765	0.01034	0.01147	0.00827	0.00427	0.00404	0.00098	0.00419	0.00345	0.00324	0.63500
19	0.01194	0.01364	0.02984	0.02131	0.02643	0.01279	0.77238	0.01620	0.01194	0.01620	0.01023	0.01364	0.00767	0.00426	0.00597	0.00171	0.00853	0.00597	0.00256	0.00682
20	0.01452	0.65360	0.04456	0.00953	0.01365	0.14810	0.00907	0.01621	0.01105	0.03007	0.00751	0.00855	0.00663	0.00453	0.00354	0.00114	0.00605	0.00288	0.00233	0.00646
21	0.01337	0.79082	0.05973	0.00890	0.01336	0.01965	0.00909	0.01518	0.01029	0.01207	0.00712	0.00822	0.00649	0.00435	0.00331	0.00110	0.00550	0.00275	0.00216	0.00653
22	0.85801	0.00978	0.00743	0.00665	0.00978	0.01134	0.00548	0.01486	0.00861	0.02269	0.00704	0.00821	0.00548	0.00469	0.00313	0.00156	0.00391	0.00274	0.00313	0.00548
23	0.01045	0.00888	0.01036	0.00755	0.01184	0.00679	0.00600	0.02676	0.01070	0.01660	0.00991	0.04750	0.00870	0.00434	0.00389	0.00082	0.00374	0.00355	0.00311	0.79850
24	0.03820	0.03926	0.01390	0.05871	0.01535	0.43136	0.00944	0.12347	0.01398	0.01597	0.00911	0.01089	0.00740	0.00581	0.00600	0.00146	0.10858	0.00376	0.08126	0.00609
25	0.01049	0.00899	0.01049	0.00749	0.01198	0.00674	0.00599	0.01273	0.01049	0.01648	0.00899	0.01049	0.00749	0.00374	0.00374	0.00075	0.00374	0.00300	0.00300	0.85320
26	0.00707	0.00514	0.00666	0.00633	0.00752	0.00473	0.00473	0.00936	0.01403	0.01973	0.72949	0.06536	0.07960	0.01064	0.00598	0.00161	0.00241	0.00939	0.00550	0.00473
27	0.00751	0.00525	0.00687	0.00642	0.00768	0.00483	0.00483	0.00989	0.01432	0.03805	0.77044	0.03730	0.04690	0.01024	0.00594	0.00159	0.00243	0.00905	0.00558	0.00486
28	0.01261	0.00964	0.03171	0.00808	0.01255	0.00740	0.00670	0.05069	0.01169	0.12697	0.01069	0.01152	0.00822	0.00424	0.00402	0.00092	0.00401	0.00338	0.00353	0.67142
29	0.00598	0.00512	0.00512	0.00512	0.00683	0.00427	0.00384	0.00726	0.01153	0.01366	0.05123	0.04866	0.78869	0.01281	0.00598	0.00171	0.00256	0.01067	0.00470	0.00427
30	0.02163	0.00961	0.01262	0.00972	0.01355	0.03700	0.03680	0.06889	0.01476	0.67318	0.01843	0.01644	0.01180	0.00638	0.00542	0.01994	0.00472	0.00501	0.00582	0.00830
31	0.00722	0.00542	0.00813	0.00813	0.00903	0.00632	0.00632	0.00903	0.00813	0.01174	0.01354	0.01987	0.01264	0.03792	0.80225	0.00813	0.01354	0.00542	0.00271	0.00451
32	0.01247	0.01148	0.03608	0.24598	0.25124	0.01240	0.01245	0.11344	0.21577	0.01863	0.01260	0.01437	0.00964	0.00549	0.00506	0.00162	0.00567	0.00481	0.00344	0.00738
33	0.04797	0.32581	0.31192	0.03996	0.01766	0.01456	0.05314	0.03455	0.01080	0.01508	0.00834	0.00988	0.00663	0.00454	0.00412	0.00133	0.00619	0.00340	0.00237	0.08175
34	0.01209	0.43924	0.32296	0.01170	0.01724	0.01612	0.05919	0.01595	0.03730	0.01407	0.00848	0.00981	0.00684	0.00459	0.00408	0.00134	0.00635	0.00341	0.00228	0.00694
35	0.00735	0.00490	0.00552	0.00552	0.00552	0.00490	0.00306	0.00735	0.00735	0.00980	0.01593	0.03309	0.01838	0.82229	0.02574	0.00490	0.00490	0.00735	0.00306	0.00306
36	0.01250	0.01069	0.04101	0.46857	0.02617	0.01192	0.01207	0.18270	0.05507	0.06020	0.02333	0.01480	0.02885	0.00580	0.00536	0.00165	0.02458	0.00481	0.00335	0.00658
37	0.01026	0.04296	0.75837	0.01448	0.02182	0.01195	0.03933	0.01600	0.01070	0.01593	0.00906	0.01070	0.00644	0.00478	0.00480	0.00159	0.00746	0.00378	0.00215	0.00743
38	0.01229	0.00897	0.01012	0.00903	0.01154	0.00972	0.00701	0.02165	0.47053	0.11825	0.20061	0.04574	0.03664	0.00795	0.00538	0.00168	0.00361	0.00676	0.00536	0.00715
39	0.00815	0.00582	0.00815	0.00931	0.01048	0.00582	0.00815	0.01048	0.01164	0.01513	0.02677	0.05704	0.02910	0.01397	0.00698	0.00233	0.00466	0.75671	0.00466	0.00466
40	0.04348	0.70166	0.02444	0.00904	0.01318	0.07508	0.00867	0.05143	0.01114	0.01325	0.00733	0.00838	0.00656	0.00448	0.00342	0.00113	0.00563	0.00283	0.00237	0.00651
41	0.00731	0.00556	0.00840	0.03949	0.01004	0.00651	0.00662	0.00918	0.00820	0.01178	0.01337	0.01962	0.01241	0.03664	0.77107	0.00787	0.01328	0.00538	0.00269	0.00456
42	0.00735	0.00490	0.00552	0.00552	0.00552	0.00490	0.00306	0.00735	0.00735	0.00980	0.01593	0.03309	0.01838	0.82229	0.02574	0.00490	0.00490	0.00735	0.00306	0.00306
43	0.00955	0.00899	0.01517	0.81013	0.03483	0.01123	0.01404	0.01292	0.01011	0.01292	0.00899	0.01348	0.00674	0.00506	0.00506	0.00169	0.00674	0.00449	0.00225	0.00562
44	0.02254	0.00884	0.01188	0.00911	0.01302	0.00778	0.00752	0.05592	0.01486	0.76243	0.01962	0.01700	0.01235	0.00625	0.00508	0.00156	0.00436	0.00506	0.00621	0.00861
45	0.00654	0.00501	0.00601	0.00613	0.00732	0.00448	0.00451	0.00821	0.01225	0.01618	0.33914	0.20824	0.31290	0.01250	0.00610	0.00175	0.00263	0.03063	0.00504	0.00444
46	0.00717	0.00538	0.00790	0.00798	0.00878	0.00615	0.00610	0.00883	0.00843	0.01204	0.03480	0.10801	0.01587	0.05473	0.66197	0.00712	0.02478	0.00653	0.00300	0.00446
47	0.01064	0.00740	0.01053	0.06812	0.07365	0.00744	0.04451	0.07355	0.01160	0.11036	0.06653	0.24919	0.05321	0.14953	0.02502	0.00243	0.01817	0.00851	0.00415	0.00548
48	0.01985	0.01035	0.01325	0.03177	0.07223	0.01021	0.00874	0.23724	0.03044	0.45725	0.01694	0.04317	0.01169	0.00639	0.00512	0.00157	0.00480	0.00521	0.00546	0.00832
49	0.16187	0.59265	0.03613	0.04208	0.01363	0.05776	0.00856	0.01527	0.01019	0.01393	0.00719	0.00845	0.00632	0.00447	0.00340	0.00121	0.00543	0.00283	0.00236	0.00626
50	0.01014	0.02616	0.79609	0.01441	0.02189	0.01174	0.01868	0.01601	0.01068	0.01601	0.00907	0.01068	0.00641	0.00480	0.00480	0.00160	0.00747	0.00374	0.00214	0.00747
51	0.00940	0.00879	0.01462	0.73291	0.03239	0.01096	0.01337	0.01254	0.01000	0.01289	0.01003	0.06166	0.00834	0.00584	0.00556	0.00173	0.03596	0.00508	0.00239	0.00552
52	0.01908	0.01409	0.01509	0.01161	0.01563	0.01561	0.00958	0.75754	0.04035	0.03163	0.01233	0.01229	0.00875	0.00609	0.00506	0.00152	0.00553	0.00458	0.00506	0.00859
53	0.01124	0.00987	0.03904	0.04020	0.01385	0.00824	0.04454	0.05624	0.03501	0.04839	0.05011	0.03090	0.02289	0.00512	0.00482	0.00111	0.03612	0.00421	0.00339	0.53471
54	0.00955	0.00899	0.01517	0.81013	0.03483	0.01123	0.01404	0.01292	0.01011	0.01292	0.00899	0.01348	0.00674	0.00506	0.00506	0.00169	0.00674	0.00449	0.00225	0.00562
55	0.02188	0.00990	0.01254	0.00961	0.01355	0.00935	0.00794	0.19896	0.01664	0.61687	0.01813	0.01603	0.01161	0.00621	0.00508	0.00155	0.00460	0.00496	0.00598	0.00860
56	0.00624	0.00444	0.00584	0.00693	0.00721	0.00416	0.00458	0.00706	0.00952	0.01269	0.02703	0.76366	0.03238	0.07262	0.00781	0.00225	0.00307	0.01388	0.00458	0.00403
57	0.01289	0.08075	0.03493	0.20352	0.09251	0.04973	0.14366	0.04295	0.01149	0.10873	0.01141	0.05897	0.00940	0.00677	0.02502	0.00181	0.09071	0.00518	0.00307	0.00652
58	0.00621	0.00443	0.00588	0.00699	0.00729	0.00414	0.00466	0.00710	0.00972	0.01299	0.04405	0.78276	0.03338	0.03553	0.00692	0.00211	0.00297	0.01409	0.00467	0.00410
59	0.01273	0.01094	0.01152	0.01032	0.01321	0.01265	0.00804	0.04351	0.76472	0.02139	0.02039	0.01872	0.01528	0.00684	0.00514	0.00171	0.00404	0.00569	0.00514	0.00802
60	0.10088	0.01182	0.09097	0.05107	0.06926	0.01066	0.00975	0.13322	0.07409	0.34677	0.01475	0.01432	0.01005	0.00588	0.00525	0.00160	0.03254	0.00460	0.00467	0.00784
61	0.01002	0.08484	0.60734	0.03099	0.02000	0.01156	0.03680	0.01492	0.01059	0.01532	0.01109	0.08728	0.00948	0.00599	0.00492	0.00162	0.00684	0.02099	0.00245	0.00696
62	0.01764	0.00778	0.01031	0.00833	0.01141	0.00701	0.00672	0.02051	0.06360	0.52544	0.23759	0.02314	0.02267	0.00745	0.00534	0.00158	0.00374	0.00628	0.00599	0.00748
63	0.00603	0.00507	0.00524	0.00532	0.00690	0.00427	0.00394	0.00732	0.01148	0.01384	0.07568	0.10829	0.70343	0.01296	0.00601	0.00173	0.00258	0.01091	0.00473	0.00427
64	0.09099	0.06722	0.13919	0.10323	0.03909	0.01200	0.09568	0.06408	0.04546	0.08860	0.03257	0.05314	0.01028	0.00628	0.00641	0.00167	0.11257	0.00498	0.01993	0.00660
65	0.00723	0.00492	0.00651	0.00732	0.00792	0.00469	0.00528	0.00842	0.01022	0.03473	0.07432	0.49295	0.03101	0.11591	0.00891	0.00242	0.00354	0.16488	0.00458	0.00425
66	0.01889	0.02410	0.01433	0.01303	0.01563	0.80199	0.00977	0.02019	0.01433	0.01238	0.00782	0.00912	0.00651	0.00521	0.00456	0.00130	0.00912	0.00326	0.00261	0.00586
67	0.01418	0.00978	0.01150	0.00846	0.01277	0.00836	0.00686	0.14226	0.01344	0.16127	0.01152	0.01199	0.00859	0.00459	0.00421	0.00103	0.00415	0.00364	0.00394	0.55746
68	0.73170	0.00960	0.00808	0.00700	0.01025	0.01075	0.00577	0.01634	0.00949	0.13936	0.00899	0.00957	0.00654	0.00493	0.00343	0.00156	0.00397	0.00309	0.00360	0.00595
69	0.01889	0.02410	0.01433	0.01303	0.01563	0.80199	0.00977	0.02019	0.01433	0.01238	0.00782	0.00912	0.00651	0.00521	0.00456	0.00130	0.00912	0.00326	0.00261	0.00586
70	0.00722	0.00542	0.00813	0.00813	0.00903	0.00632	0.00632	0.00903	0.00813	0.01174	0.01354	0.01987	0.01264	0.03792	0.80225	0.00813	0.01354	0.00542	0.00271	0.00451
71	0.01258	0.01086	0.01143	0.01029	0.01315	0.01258	0.00800	0.02687	0.78161	0.02115	0.02058	0.01887	0.01544	0.00686	0.00515	0.00172	0.00400	0.00572	0.00515	0.00800

[dist]
# distance from previous block
# <min> <max>
0	14

[block]
# block no. 1 follows, 49 sequences, length 155
# corresponding to MSA columns:
# 415-427,431,432,441,442,459,461-489,496-503,512-541,545-578,592-627
name=unknown_B
#
# <colnr> <probs for GDERKNQSTAVLIFYWHMCP>
#	G	D	E	R	K	N	Q	S	T	A	V	L	I	F	Y	W	H	M	C	P
0	0.00714	0.00517	0.00673	0.00634	0.00754	0.00476	0.00475	0.00950	0.01426	0.02016	0.77515	0.03796	0.06071	0.01038	0.00596	0.00159	0.00239	0.00917	0.00555	0.00476
1	0.00878	0.00439	0.00659	0.00659	0.00659	0.00439	0.00439	0.00659	0.00659	0.00878	0.00878	0.01537	0.00878	0.01757	0.01976	0.85288	0.00439	0.00439	0.00220	0.00220
2	0.01108	0.01132	0.01789	0.01458	0.01557	0.01462	0.15359	0.01280	0.00854	0.01291	0.00758	0.01189	0.00707	0.00914	0.04557	0.00235	0.63071	0.00475	0.00230	0.00573
3	0.00735	0.00490	0.00552	0.00552	0.00552	0.00490	0.00306	0.00735	0.00735	0.00980	0.01593	0.03309	0.01838	0.82229	0.02574	0.00490	0.00490	0.00735	0.00306	0.00306
4	0.00955	0.00899	0.01517	0.81013	0.03483	0.01123	0.01404	0.01292	0.01011	0.01292	0.00899	0.01348	0.00674	0.00506	0.00506	0.00169	0.00674	0.00449	0.00225	0.00562
5	0.00955	0.00899	0.01517	0.81013	0.03483	0.01123	0.01404	0.01292	0.01011	0.01292	0.00899	0.01348	0.00674	0.00506	0.00506	0.00169	0.00674	0.00449	0.00225	0.00562
6	0.00730	0.00559	0.00797	0.05280	0.01009	0.00547	0.03921	0.03941	0.01116	0.01507	0.15342	0.57395	0.03220	0.01340	0.00622	0.00192	0.00341	0.01217	0.00462	0.00461
7	0.00679	0.00509	0.00630	0.00613	0.00737	0.00459	0.00455	0.00878	0.01325	0.01807	0.54765	0.11101	0.21901	0.01141	0.00601	0.00166	0.00248	0.00997	0.00528	0.00459
8	0.00616	0.00442	0.00585	0.00699	0.00732	0.00411	0.00467	0.00705	0.00973	0.01293	0.02846	0.79971	0.05234	0.01577	0.00644	0.00204	0.00292	0.01428	0.00469	0.00411
9	0.02439	0.02441	0.71067	0.01444	0.03655	0.01152	0.03103	0.01647	0.01090	0.05979	0.00968	0.01109	0.00679	0.00487	0.00482	0.00160	0.00723	0.00385	0.00240	0.00750
10	0.02017	0.03652	0.05784	0.00977	0.01381	0.00967	0.00846	0.11957	0.09606	0.54595	0.01798	0.01607	0.01178	0.00615	0.00501	0.00156	0.00465	0.00493	0.00562	0.00841
11	0.00614	0.00447	0.00579	0.00685	0.00728	0.00412	0.00461	0.00706	0.00987	0.01298	0.03024	0.74087	0.11003	0.01553	0.00641	0.00202	0.00290	0.01400	0.00469	0.00412
12	0.15785	0.13591	0.09839	0.03215	0.07182	0.29800	0.01034	0.08055	0.01271	0.02677	0.00835	0.00975	0.00670	0.00507	0.00455	0.00141	0.02699	0.00342	0.00281	0.00647
13	0.05661	0.00855	0.01053	0.00883	0.01127	0.00895	0.00708	0.09213	0.08824	0.26117	0.22238	0.02257	0.04557	0.02426	0.01965	0.00183	0.09237	0.00621	0.00508	0.00672
14	0.01377	0.69026	0.04005	0.00910	0.01335	0.09045	0.00881	0.01549	0.01066	0.01228	0.00725	0.00839	0.00655	0.00438	0.00342	0.00109	0.00569	0.00279	0.00225	0.05395
15	0.00632	0.00448	0.00601	0.00716	0.00750	0.00421	0.00488	0.00723	0.00973	0.01296	0.02745	0.76099	0.03273	0.01577	0.00674	0.01822	0.00306	0.05583	0.00464	0.00410
16	0.01039	0.08278	0.08977	0.03350	0.01393	0.05398	0.06844	0.01245	0.02398	0.01299	0.01185	0.13048	0.01192	0.04885	0.07072	0.02951	0.26660	0.00595	0.01646	0.00545
17	0.03878	0.11376	0.40077	0.01536	0.08698	0.04372	0.12159	0.04215	0.01155	0.03532	0.02369	0.02587	0.00816	0.00503	0.00481	0.00154	0.00689	0.00430	0.00259	0.00715
18	0.01014	0.02616	0.79609	0.01441	0.02189	0.01174	0.01868	0.01601	0.01068	0.01601	0.00907	0.01068	0.00641	0.00480	0.00480	0.00160	0.00747	0.00374	0.00214	0.00747
19	0.00689	0.00513	0.00722	0.08429	0.01060	0.00513	0.00628	0.00829	0.01012	0.01336	0.02584	0.58855	0.03002	0.01443	0.00643	0.00207	0.00364	0.16289	0.00445	0.00436
20	0.01357	0.22353	0.26879	0.01452	0.11547	0.11330	0.03712	0.06197	0.01212	0.05398	0.00981	0.01115	0.01895	0.00502	0.00470	0.00143	0.02096	0.00382	0.00268	0.00711
21	0.00731	0.00495	0.00581	0.00584	0.00595	0.00504	0.00346	0.00753	0.00750	0.01009	0.01596	0.05089	0.01812	0.71588	0.11104	0.00519	0.00581	0.00731	0.00306	0.00325
22	0.00739	0.00557	0.00659	0.00645	0.00784	0.00528	0.00486	0.01035	0.07662	0.01776	0.39900	0.10106	0.23302	0.01102	0.00584	0.00167	0.00270	0.03953	0.05260	0.00485
23	0.07813	0.27457	0.37449	0.01236	0.02990	0.07871	0.04438	0.01612	0.01081	0.02622	0.00838	0.00980	0.00653	0.00467	0.00422	0.00141	0.00666	0.00342	0.00234	0.00688
24	0.02875	0.04364	0.09153	0.29898	0.08828	0.07777	0.06465	0.09366	0.02389	0.05056	0.01004	0.01264	0.00762	0.00533	0.00553	0.00160	0.05125	0.00437	0.03331	0.00657
25	0.00712	0.00612	0.00631	0.00638	0.00793	0.03986	0.00491	0.00891	0.02549	0.01487	0.15411	0.08839	0.49226	0.01231	0.00605	0.00177	0.00314	0.10483	0.00474	0.00452
26	0.02235	0.00885	0.01185	0.00912	0.01301	0.00783	0.00752	0.05046	0.03166	0.75104	0.01969	0.01707	0.01245	0.00627	0.00509	0.00157	0.00434	0.00508	0.00619	0.00859
27	0.08870	0.04973	0.28991	0.04448	0.16864	0.05666	0.03201	0.08877	0.01229	0.04451	0.01179	0.02556	0.03777	0.00558	0.00480	0.00156	0.00627	0.02091	0.00295	0.00710
28	0.10845	0.17791	0.07513	0.07365	0.07349	0.02693	0.00942	0.16040	0.03197	0.04608	0.02392	0.04573	0.03441	0.00598	0.00462	0.00147	0.01926	0.00459	0.06994	0.00665
29	0.01865	0.02316	0.01419	0.01279	0.01546	0.74168	0.00964	0.06221	0.01480	0.01350	0.00894	0.01009	0.02251	0.00541	0.00462	0.00132	0.00879	0.00348	0.00279	0.00598
30	0.01621	0.01175	0.01313	0.01027	0.01389	0.01241	0.00833	0.40254	0.11636	0.09516	0.01325	0.01395	0.00993	0.03875	0.00617	0.00157	0.04049	0.00457	0.00459	0.16669
31	0.01252	0.01201	0.02053	0.03104	0.79074	0.01201	0.01552	0.01552	0.01151	0.01652	0.00951	0.01252	0.00801	0.00451	0.00501	0.00150	0.00601	0.00451	0.00250	0.00801
32	0.01889	0.02410	0.01433	0.01303	0.01563	0.80199	0.00977	0.02019	0.01433	0.01238	0.00782	0.00912	0.00651	0.00521	0.00456	0.00130	0.00912	0.00326	0.00261	0.00586
33	0.00722	0.00542	0.00813	0.00813	0.00903	0.00632	0.00632	0.00903	0.00813	0.01174	0.01354	0.01987	0.01264	0.03792	0.80225	0.00813	0.01354	0.00542	0.00271	0.00451
34	0.01194	0.01364	0.02984	0.02131	0.02643	0.01279	0.77238	0.01620	0.01194	0.01620	0.01023	0.01364	0.00767	0.00426	0.00597	0.00171	0.00853	0.00597	0.00256	0.00682
35	0.00620	0.00491	0.00553	0.00593	0.00709	0.00431	0.00426	0.00738	0.01088	0.01354	0.06626	0.28979	0.46956	0.04632	0.00696	0.00196	0.00284	0.03744	0.00466	0.00420
36	0.00878	0.00439	0.00659	0.00659	0.00659	0.00439	0.00439	0.00659	0.00659	0.00878	0.00878	0.01537	0.00878	0.01757	0.01976	0.85288	0.00439	0.00439	0.00220	0.00220
37	0.01088	0.01085	0.01565	0.01331	0.01357	0.01487	0.04146	0.01216	0.00793	0.01231	0.00717	0.01166	0.00702	0.01030	0.06024	0.00252	0.73578	0.00454	0.00225	0.00553
38	0.01106	0.01106	0.01549	0.01328	0.01328	0.01549	0.01106	0.01217	0.00774	0.01217	0.00664	0.01106	0.00664	0.00885	0.01659	0.00221	0.81303	0.00443	0.00221	0.00553
39	0.00994	0.00939	0.01587	0.70757	0.13434	0.01134	0.01424	0.01326	0.01030	0.01339	0.00906	0.01335	0.00691	0.00498	0.00505	0.00166	0.00664	0.00450	0.00228	0.00593
40	0.00955	0.00899	0.01517	0.81013	0.03483	0.01123	0.01404	0.01292	0.01011	0.01292	0.00899	0.01348	0.00674	0.00506	0.00506	0.00169	0.00674	0.00449	0.00225	0.00562
41	0.00878	0.00439	0.00659	0.00659	0.00659	0.00439	0.00439	0.00659	0.00659	0.00878	0.00878	0.01537	0.00878	0.01757	0.01976	0.85288	0.00439	0.00439	0.00220	0.00220
42	0.00725	0.00494	0.00643	0.00656	0.00749	0.00459	0.00473	0.00910	0.01250	0.03292	0.46608	0.30714	0.04012	0.01192	0.00598	0.00173	0.00261	0.01063	0.05267	0.00461
43	0.02113	0.00826	0.01124	0.00873	0.01237	0.00716	0.00716	0.02313	0.01446	0.71650	0.09711	0.01928	0.01605	0.00667	0.00517	0.00157	0.00411	0.00549	0.00619	0.00822
44	0.01025	0.02539	0.74934	0.01483	0.02216	0.01181	0.06466	0.01603	0.01075	0.01603	0.00915	0.01086	0.00648	0.00477	0.00488	0.00161	0.00754	0.00387	0.00216	0.00743
45	0.01216	0.01175	0.01950	0.11838	0.67586	0.02579	0.01502	0.01514	0.01141	0.01598	0.01025	0.01328	0.02335	0.00475	0.00502	0.00152	0.00608	0.00460	0.00252	0.00763
46	0.00652	0.00487	0.00674	0.07943	0.00982	0.00479	0.00553	0.00772	0.01001	0.01334	0.06923	0.68880	0.04525	0.01451	0.00629	0.00199	0.00324	0.01312	0.00452	0.00428
47	0.85801	0.00978	0.00743	0.00665	0.00978	0.01134	0.00548	0.01486	0.00861	0.02269	0.00704	0.00821	0.00548	0.00469	0.00313	0.00156	0.00391	0.00274	0.00313	0.00548
48	0.01390	0.00940	0.01148	0.00992	0.06050	0.00852	0.00734	0.04790	0.15591	0.19628	0.01529	0.04547	0.02494	0.00567	0.00459	0.00126	0.00408	0.00471	0.00429	0.36855
49	0.06249	0.34544	0.21807	0.01094	0.03040	0.07372	0.01109	0.07731	0.01214	0.06833	0.04040	0.01106	0.00868	0.00505	0.00415	0.00135	0.00595	0.00361	0.00290	0.00691
50	0.06426	0.00768	0.00976	0.00793	0.01091	0.00701	0.00640	0.04449	0.01409	0.46424	0.20365	0.02303	0.05752	0.00743	0.00515	0.00156	0.00369	0.00615	0.04797	0.00711
51	0.03488	0.00798	0.01056	0.09315	0.01378	0.00787	0.00759	0.01901	0.11426	0.36225	0.18382	0.03807	0.02111	0.00772	0.00538	0.00166	0.00410	0.05450	0.00534	0.00698
52	0.09208	0.02929	0.04471	0.05746	0.05414	0.24778	0.06704	0.04464	0.11594	0.07501	0.01263	0.01378	0.03430	0.00720	0.04016	0.01590	0.00673	0.00442	0.00338	0.03341
53	0.01284	0.07656	0.05223	0.17883	0.27711	0.07153	0.06107	0.05439	0.01217	0.06616	0.02453	0.03052	0.03412	0.00561	0.00502	0.00155	0.00618	0.01968	0.00300	0.00690
54	0.01014	0.02616	0.79609	0.01441	0.02189	0.01174	0.01868	0.01601	0.01068	0.01601	0.00907	0.01068	0.00641	0.00480	0.00480	0.00160	0.00747	0.00374	0.00214	0.00747
55	0.00680	0.00526	0.00711	0.00785	0.00810	0.00558	0.00552	0.00771	0.00943	0.01281	0.02512	0.71435	0.02997	0.01494	0.00777	0.00207	0.10785	0.01309	0.00437	0.00429
56	0.01098	0.10398	0.51004	0.03547	0.10631	0.03092	0.07485	0.01568	0.01082	0.01537	0.00911	0.01117	0.00690	0.00575	0.03010	0.00175	0.00739	0.00395	0.00224	0.00720
57	0.00730	0.00490	0.00563	0.00568	0.00573	0.00493	0.00326	0.00741	0.00748	0.01001	0.01632	0.06469	0.01877	0.75773	0.05622	0.00492	0.00517	0.00756	0.00312	0.00317
58	0.01257	0.01080	0.01137	0.01020	0.01306	0.01245	0.00794	0.04283	0.74701	0.02121	0.02111	0.01941	0.03330	0.00698	0.00516	0.00171	0.00400	0.00581	0.00513	0.00793
59	0.01230	0.01205	0.09855	0.26344	0.35517	0.01109	0.03287	0.01561	0.01133	0.09780	0.01096	0.01451	0.00857	0.00518	0.00509	0.00161	0.00622	0.02764	0.00285	0.00716
60	0.04991	0.01243	0.03096	0.13958	0.42205	0.08247	0.01307	0.06579	0.02587	0.01673	0.01170	0.01506	0.03980	0.00554	0.00525	0.00157	0.02382	0.02848	0.00286	0.00707
61	0.00704	0.00530	0.00588	0.00575	0.00740	0.00457	0.00438	0.00861	0.01219	0.04946	0.19639	0.05904	0.56144	0.01212	0.00598	0.00171	0.00269	0.04054	0.00494	0.00457
62	0.00644	0.00453	0.00577	0.00665	0.00690	0.00430	0.00430	0.00712	0.00917	0.01219	0.02547	0.62195	0.04269	0.20462	0.01096	0.00271	0.00339	0.01267	0.00431	0.00387
63	0.03474	0.03091	0.05870	0.01134	0.01540	0.01304	0.05356	0.46435	0.01910	0.17850	0.01369	0.03234	0.00990	0.01824	0.00534	0.00159	0.00543	0.00489	0.02089	0.00806
64	0.00889	0.07856	0.09486	0.03529	0.01286	0.05413	0.07919	0.01097	0.01071	0.01378	0.03602	0.32627	0.11631	0.01081	0.00613	0.00181	0.03250	0.06197	0.00374	0.00519
65	0.01352	0.82533	0.02650	0.00865	0.01298	0.02001	0.00865	0.01514	0.01027	0.01190	0.00703	0.00811	0.00649	0.00433	0.00324	0.00108	0.00541	0.00270	0.00216	0.00649
66	0.06350	0.00896	0.01160	0.00895	0.01283	0.00806	0.00737	0.05471	0.03238	0.67169	0.01851	0.01629	0.01185	0.00608	0.00493	0.00153	0.00430	0.00487	0.00588	0.04568
67	0.01252	0.01201	0.02053	0.03104	0.79074	0.01201	0.01552	0.01552	0.01151	0.01652	0.00951	0.01252	0.00801	0.00451	0.00501	0.00150	0.00601	0.00451	0.00250	0.00801
68	0.01703	0.02100	0.01461	0.01309	0.01507	0.61499	0.01008	0.01828	0.01276	0.01233	0.00754	0.00958	0.00654	0.00608	0.00742	0.00152	0.20025	0.00353	0.00251	0.00578
69	0.00722	0.00542	0.00813	0.00813	0.00903	0.00632	0.00632	0.00903	0.00813	0.01174	0.01354	0.01987	0.01264	0.03792	0.80225	0.00813	0.01354	0.00542	0.00271	0.00451
70	0.01106	0.01106	0.01549	0.01328	0.01328	0.01549	0.01106	0.01217	0.00774	0.01217	0.00664	0.01106	0.00664	0.00885	0.01659	0.00221	0.81303	0.00443	0.00221	0.00553
71	0.02262	0.00871	0.01180	0.00905	0.01296	0.00758	0.00747	0.03843	0.01464	0.78022	0.01981	0.01712	0.01245	0.00626	0.00508	0.00156	0.00433	0.00508	0.00624	0.00861
72	0.00878	0.00439	0.00659	0.00659	0.00659	0.00439	0.00439	0.00659	0.00659	0.00878	0.00878	0.01537	0.00878	0.01757	0.01976	0.85288	0.00439	0.00439	0.00220	0.00220
73	0.01942	0.01385	0.01498	0.01149	0.01553	0.01522	0.00949	0.73185	0.02325	0.07464	0.01258	0.01243	0.00882	0.00608	0.00506	0.00152	0.00549	0.00458	0.00513	0.00860
74	0.01097	0.01092	0.01530	0.01315	0.01317	0.01526	0.01094	0.01209	0.00775	0.01216	0.00681	0.01128	0.00679	0.00958	0.03625	0.00236	0.79303	0.00445	0.00223	0.00551
75	0.00955	0.00899	0.01517	0.81013	0.03483	0.01123	0.01404	0.01292	0.01011	0.01292	0.00899	0.01348	0.00674	0.00506	0.00506	0.00169	0.00674	0.00449	0.00225	0.00562
76	0.01195	0.01361	0.02965	0.02151	0.04194	0.01277	0.75701	0.01618	0.01193	0.01620	0.01022	0.01362	0.00768	0.00427	0.00595	0.00170	0.00847	0.00594	0.00256	0.00684
77	0.00878	0.00439	0.00659	0.00659	0.00659	0.00439	0.00439	0.00659	0.00659	0.00878	0.00878	0.01537	0.00878	0.01757	0.01976	0.85288	0.00439	0.00439	0.00220	0.00220
78	0.00848	0.00602	0.00753	0.00698	0.00847	0.00585	0.00528	0.02663	0.09254	0.05022	0.61821	0.06919	0.05481	0.01003	0.00585	0.00162	0.00271	0.00881	0.00549	0.00529
79	0.00616	0.00440	0.00587	0.00704	0.00733	0.00411	0.00469	0.00704	0.00968	0.01291	0.02787	0.81899	0.03344	0.01584	0.00645	0.00205	0.00293	0.01438	0.00469	0.00411
80	0.01101	0.01310	0.07911	0.14312	0.02601	0.01183	0.54435	0.01499	0.01140	0.01543	0.01126	0.07317	0.00935	0.00528	0.00578	0.00172	0.00776	0.00621	0.00264	0.00648
81	0.01864	0.01177	0.07486	0.01099	0.05257	0.07364	0.00895	0.05241	0.11264	0.46052	0.05671	0.01686	0.01334	0.00625	0.00507	0.00156	0.00495	0.00507	0.00522	0.00799
82	0.00620	0.00442	0.00586	0.00699	0.00728	0.00413	0.00464	0.00705	0.00961	0.01281	0.02749	0.79401	0.03297	0.04147	0.00707	0.00214	0.00300	0.01415	0.00464	0.00407
83	0.82076	0.04574	0.00827	0.00674	0.00992	0.01173	0.00562	0.01488	0.00868	0.02221	0.00704	0.00821	0.00552	0.00468	0.00313	0.00154	0.00398	0.00274	0.00309	0.00552
84	0.82076	0.04574	0.00827	0.00674	0.00992	0.01173	0.00562	0.01488	0.00868	0.02221	0.00704	0.00821	0.00552	0.00468	0.00313	0.00154	0.00398	0.00274	0.00309	0.00552
85	0.00878	0.00439	0.00659	0.00659	0.00659	0.00439	0.00439	0.00659	0.00659	0.00878	0.00878	0.01537	0.00878	0.01757	0.01976	0.85288	0.00439	0.00439	0.00220	0.00220
86	0.01071	0.05757	0.71558	0.01419	0.02134	0.01227	0.03271	0.04940	0.01126	0.01655	0.00915	0.01070	0.00653	0.00483	0.00478	0.00158	0.00733	0.00377	0.00227	0.00747
87	0.10991	0.34488	0.04732	0.01172	0.06668	0.12738	0.05213	0.08149	0.04873	0.01592	0.00873	0.01015	0.00726	0.00537	0.00472	0.03888	0.00596	0.00351	0.00277	0.00651
88	0.01014	0.02616	0.79609	0.01441	0.02189	0.01174	0.01868	0.01601	0.01068	0.01601	0.00907	0.01068	0.00641	0.00480	0.00480	0.00160	0.00747	0.00374	0.00214	0.00747
89	0.00620	0.00443	0.00591	0.00709	0.00740	0.00414	0.00476	0.00711	0.00972	0.01295	0.02785	0.80408	0.03336	0.01581	0.00646	0.00206	0.00297	0.02890	0.00469	0.00412
90	0.02866	0.44169	0.08695	0.01074	0.01517	0.05712	0.08419	0.02911	0.03978	0.14744	0.01034	0.01093	0.00797	0.00486	0.00412	0.00132	0.00582	0.00369	0.00309	0.00700
91	0.00724	0.00536	0.00785	0.00785	0.00866	0.00617	0.00598	0.00885	0.00804	0.01153	0.01380	0.02127	0.01325	0.12111	0.71989	0.00778	0.01263	0.00562	0.00275	0.00436
92	0.00926	0.00470	0.00477	0.00483	0.00596	0.00468	0.00359	0.01155	0.01056	0.01856	0.01706	0.05882	0.01398	0.00639	0.00368	0.00122	0.00239	0.00520	0.80812	0.00468
93	0.04217	0.04757	0.06177	0.03064	0.05417	0.13085	0.19279	0.10562	0.01279	0.03194	0.04856	0.01332	0.00965	0.00588	0.00689	0.00162	0.13864	0.00474	0.05389	0.00649
94	0.01127	0.01640	0.24213	0.01915	0.11193	0.01210	0.38421	0.01609	0.04535	0.01622	0.01158	0.01467	0.02769	0.00510	0.00578	0.00168	0.02722	0.02174	0.00264	0.00705
95	0.00626	0.00447	0.00598	0.00715	0.00749	0.00419	0.00487	0.00721	0.00978	0.01302	0.02782	0.78093	0.03323	0.01575	0.00648	0.00207	0.00302	0.05146	0.00469	0.00413
96	0.00616	0.00441	0.00585	0.00700	0.00732	0.00411	0.00468	0.00705	0.00972	0.01292	0.02833	0.80399	0.04815	0.01578	0.00644	0.00205	0.00293	0.01430	0.00469	0.00411
97	0.03315	0.03418	0.51464	0.01619	0.11158	0.01183	0.08364	0.04709	0.01164	0.07454	0.01007	0.01160	0.00723	0.00487	0.00490	0.00158	0.00696	0.00412	0.00266	0.00754
98	0.01232	0.22493	0.41031	0.01242	0.01807	0.04242	0.05827	0.01623	0.01108	0.08065	0.01131	0.01238	0.04153	0.00522	0.00478	0.00148	0.02288	0.00402	0.00265	0.00704
99	0.01352	0.82533	0.02650	0.00865	0.01298	0.02001	0.00865	0.01514	0.01027	0.01190	0.00703	0.00811	0.00649	0.00433	0.00324	0.00108	0.00541	0.00270	0.00216	0.00649
100	0.00710	0.00555	0.00632	0.00601	0.00760	0.00501	0.00457	0.04210	0.01326	0.01731	0.36360	0.04256	0.42427	0.01148	0.00595	0.00166	0.00266	0.02322	0.00508	0.00468
101	0.00813	0.00539	0.00680	0.05128	0.00812	0.00563	0.00446	0.00873	0.00796	0.04492	0.01529	0.02891	0.01644	0.59902	0.16369	0.00516	0.00654	0.00674	0.00310	0.00371
102	0.01889	0.02410	0.01433	0.01303	0.01563	0.80199	0.00977	0.02019	0.01433	0.01238	0.00782	0.00912	0.00651	0.00521	0.00456	0.00130	0.00912	0.00326	0.00261	0.00586
103	0.01889	0.02410	0.01433	0.01303	0.01563	0.80199	0.00977	0.02019	0.01433	0.01238	0.00782	0.00912	0.00651	0.00521	0.00456	0.00130	0.00912	0.00326	0.00261	0.00586
104	0.01922	0.01416	0.01518	0.01163	0.01568	0.01568	0.00961	0.77388	0.02378	0.03187	0.01214	0.01214	0.00860	0.00607	0.00506	0.00152	0.00556	0.00455	0.00506	0.00860
105	0.02191	0.00843	0.01149	0.00887	0.01264	0.00730	0.00730	0.02389	0.01447	0.75558	0.05832	0.01824	0.01428	0.00646	0.00513	0.00157	0.00421	0.00529	0.00622	0.00841
106	0.00878	0.00439	0.00659	0.00659	0.00659	0.00439	0.00439	0.00659	0.00659	0.00878	0.00878	0.01537	0.00878	0.01757	0.01976	0.85288	0.00439	0.00439	0.00220	0.00220
107	0.01889	0.02410	0.01433	0.01303	0.01563	0.80199	0.00977	0.02019	0.01433	0.01238	0.00782	0.00912	0.00651	0.00521	0.00456	0.00130	0.00912	0.00326	0.00261	0.00586
108	0.01194	0.01364	0.02984	0.02131	0.02643	0.01279	0.77238	0.01620	0.01194	0.01620	0.01023	0.01364	0.00767	0.00426	0.00597	0.00171	0.00853	0.00597	0.00256	0.00682
109	0.00955	0.00899	0.01517	0.81013	0.03483	0.01123	0.01404	0.01292	0.01011	0.01292	0.00899	0.01348	0.00674	0.00506	0.00506	0.00169	0.00674	0.00449	0.00225	0.00562
110	0.00748	0.00570	0.00782	0.00779	0.00858	0.02190	0.00585	0.00897	0.00812	0.01143	0.01383	0.02185	0.01348	0.16775	0.65723	0.00745	0.01202	0.00570	0.00277	0.00430
111	0.00723	0.00490	0.00577	0.00588	0.00598	0.00495	0.00349	0.00747	0.00763	0.01026	0.01683	0.10459	0.01929	0.68126	0.08980	0.00491	0.00545	0.00784	0.00318	0.00328
112	0.00761	0.00567	0.00714	0.00668	0.00803	0.00545	0.00504	0.01102	0.08169	0.02022	0.70573	0.03633	0.05986	0.01008	0.00589	0.00160	0.00253	0.00887	0.00551	0.00505
113	0.00620	0.00513	0.00543	0.00536	0.00697	0.00436	0.00402	0.00769	0.01206	0.01492	0.19142	0.04659	0.64771	0.01234	0.00597	0.00169	0.00253	0.01038	0.00486	0.00436
114	0.01243	0.01092	0.01236	0.01082	0.01379	0.01245	0.05082	0.02593	0.72518	0.02075	0.02053	0.01909	0.02830	0.00682	0.00521	0.00171	0.00423	0.00582	0.00499	0.00787
115	0.01152	0.01121	0.01612	0.50466	0.17354	0.07632	0.02496	0.04970	0.05466	0.01493	0.00980	0.01319	0.00755	0.00510	0.00502	0.00161	0.00662	0.00449	0.00262	0.00638
116	0.01782	0.04581	0.01459	0.01086	0.01454	0.01475	0.00900	0.64910	0.02154	0.02930	0.01224	0.01263	0.00891	0.00605	0.00510	0.00148	0.02418	0.00449	0.08958	0.00805
117	0.01049	0.00899	0.01049	0.00749	0.01198	0.00674	0.00599	0.01273	0.01049	0.01648	0.00899	0.01049	0.00749	0.00374	0.00374	0.00075	0.00374	0.00300	0.00300	0.85320
118	0.02966	0.01924	0.00868	0.00796	0.00928	0.00723	0.02069	0.13045	0.01185	0.05478	0.03550	0.37574	0.06033	0.16730	0.01002	0.00244	0.02969	0.00980	0.00434	0.00503
119	0.00657	0.00483	0.00640	0.03939	0.00860	0.00465	0.00513	0.02375	0.01009	0.01335	0.02794	0.73075	0.06956	0.01505	0.00634	0.00201	0.00312	0.01358	0.00460	0.00427
120	0.81046	0.00973	0.00760	0.00670	0.00990	0.01109	0.00551	0.01474	0.00871	0.02234	0.00715	0.00834	0.00559	0.00464	0.00316	0.00152	0.00390	0.00275	0.00312	0.05304
121	0.85801	0.00978	0.00743	0.00665	0.00978	0.01134	0.00548	0.01486	0.00861	0.02269	0.00704	0.00821	0.00548	0.00469	0.00313	0.00156	0.00391	0.00274	0.00313	0.00548
122	0.00618	0.00443	0.00587	0.00698	0.00733	0.00413	0.00468	0.00710	0.00982	0.01308	0.04474	0.78415	0.05147	0.01565	0.00643	0.00204	0.00291	0.01418	0.00471	0.00413
123	0.01236	0.02832	0.17031	0.01841	0.23461	0.02593	0.15057	0.01601	0.02694	0.09914	0.08619	0.01680	0.03180	0.00587	0.00577	0.00162	0.04171	0.01726	0.00326	0.00712
124	0.04056	0.00951	0.02390	0.00969	0.01362	0.00848	0.04137	0.09228	0.01495	0.62010	0.04461	0.01687	0.01281	0.00619	0.00508	0.00155	0.00457	0.00510	0.00577	0.02299
125	0.00878	0.00592	0.00820	0.00908	0.01040	0.00582	0.00788	0.01107	0.01189	0.05422	0.05729	0.05409	0.04683	0.01341	0.00683	0.00225	0.00450	0.67192	0.00477	0.00485
126	0.00956	0.00895	0.01506	0.73887	0.07148	0.01099	0.01374	0.01281	0.01016	0.01310	0.00977	0.04587	0.00788	0.00546	0.00511	0.00169	0.00655	0.00489	0.00236	0.00568
127	0.01198	0.33337	0.41193	0.05666	0.01876	0.03992	0.01400	0.01584	0.01069	0.03227	0.00849	0.00995	0.00660	0.00468	0.00421	0.00139	0.00661	0.00340	0.00226	0.00696
128	0.01782	0.01316	0.01422	0.01106	0.01481	0.01439	0.00903	0.68030	0.02204	0.02963	0.01307	0.06278	0.01030	0.02270	0.00550	0.00159	0.00531	0.00516	0.00491	0.04222
129	0.01014	0.02616	0.79609	0.01441	0.02189	0.01174	0.01868	0.01601	0.01068	0.01601	0.00907	0.01068	0.00641	0.00480	0.00480	0.00160	0.00747	0.00374	0.00214	0.00747
130	0.00817	0.00552	0.00717	0.00673	0.00808	0.00516	0.00509	0.01083	0.03842	0.06326	0.66722	0.07543	0.04362	0.01035	0.00593	0.00163	0.00262	0.02419	0.00553	0.00505
131	0.03281	0.17737	0.01765	0.10888	0.10445	0.13852	0.05286	0.17920	0.01394	0.01766	0.01070	0.07003	0.00932	0.00591	0.00486	0.00147	0.01904	0.00472	0.02393	0.00668
132	0.00724	0.00534	0.00773	0.00773	0.00850	0.00611	0.00583	0.00878	0.00801	0.01145	0.01391	0.02187	0.01351	0.15660	0.68476	0.00764	0.01224	0.00571	0.00276	0.00430
133	0.01356	0.01008	0.01090	0.00964	0.01248	0.01130	0.00755	0.03839	0.60787	0.10964	0.01998	0.01856	0.01475	0.00669	0.00499	0.00164	0.00391	0.00553	0.08477	0.00777
134	0.00714	0.00544	0.00632	0.00617	0.00757	0.00505	0.00460	0.00980	0.06348	0.01735	0.37953	0.10548	0.29900	0.01121	0.00583	0.00166	0.00260	0.00967	0.04736	0.00475
135	0.04911	0.15296	0.39005	0.01546	0.11790	0.03221	0.08294	0.01593	0.01099	0.04032	0.00984	0.01268	0.00781	0.00506	0.00469	0.00153	0.00671	0.03418	0.00251	0.00712
136	0.02146	0.00874	0.01191	0.05401	0.01415	0.00789	0.00783	0.02409	0.05109	0.71327	0.01936	0.01708	0.01233	0.00622	0.00509	0.00158	0.00443	0.00508	0.00598	0.00841
137	0.00598	0.00510	0.00515	0.00519	0.00685	0.00426	0.00387	0.00725	0.01147	0.01364	0.05046	0.07383	0.76402	0.01291	0.00599	0.00172	0.00257	0.01079	0.00470	0.00426
138	0.00773	0.00653	0.00983	0.18204	0.04887	0.00684	0.03831	0.00983	0.02417	0.01405	0.08163	0.37557	0.11164	0.01143	0.00616	0.00187	0.01949	0.03512	0.00401	0.00490
139	0.03845	0.01000	0.04356	0.00979	0.01324	0.00923	0.04143	0.12563	0.10293	0.39049	0.05841	0.06291	0.01499	0.04763	0.00622	0.00178	0.00460	0.00586	0.00527	0.00760
140	0.01687	0.01668	0.01380	0.03887	0.05908	0.40110	0.02172	0.07555	0.01393	0.12904	0.04496	0.01314	0.00998	0.00760	0.04895	0.00182	0.05201	0.00426	0.02420	0.00643
141	0.01049	0.00899	0.01049	0.00749	0.01198	0.00674	0.00599	0.01273	0.01049	0.01648	0.00899	0.01049	0.00749	0.00374	0.00374	0.00075	0.00374	0.00300	0.00300	0.85320
142	0.02731	0.07546	0.39201	0.04138	0.01940	0.07432	0.09889	0.01717	0.04259	0.10251	0.03577	0.03045	0.00951	0.00541	0.00490	0.00157	0.00674	0.00452	0.00299	0.00709
143	0.01889	0.02410	0.01433	0.01303	0.01563	0.80199	0.00977	0.02019	0.01433	0.01238	0.00782	0.00912	0.00651	0.00521	0.00456	0.00130	0.00912	0.00326	0.00261	0.00586
144	0.01014	0.02616	0.79609	0.01441	0.02189	0.01174	0.01868	0.01601	0.01068	0.01601	0.00907	0.01068	0.00641	0.00480	0.00480	0.00160	0.00747	0.00374	0.00214	0.00747
145	0.01899	0.01394	0.01493	0.01147	0.01545	0.01543	0.00947	0.75613	0.02347	0.03157	0.01224	0.01230	0.00870	0.00607	0.00502	0.00151	0.00549	0.00456	0.02475	0.00851
146	0.01353	0.01038	0.01182	0.00875	0.01301	0.00930	0.00708	0.23153	0.01448	0.05968	0.01075	0.02470	0.00849	0.00474	0.00423	0.00103	0.00428	0.00374	0.00378	0.55471
147	0.00878	0.00439	0.00659	0.00659	0.00659	0.00439	0.00439	0.00659	0.00659	0.00878	0.00878	0.01537	0.00878	0.01757	0.01976	0.85288	0.00439	0.00439	0.00220	0.00220
148	0.00948	0.00889	0.01497	0.79290	0.03424	0.01108	0.01384	0.01279	0.01010	0.01292	0.00939	0.03077	0.00731	0.00529	0.00509	0.00169	0.00666	0.00471	0.00230	0.00558
149	0.00722	0.00542	0.00813	0.00813	0.00903	0.00632	0.00632	0.00903	0.00813	0.01174	0.01354	0.01987	0.01264	0.03792	0.80225	0.00813	0.01354	0.00542	0.00271	0.00451
150	0.00616	0.00440	0.00587	0.00704	0.00733	0.00411	0.00469	0.00704	0.00968	0.01291	0.02787	0.81899	0.03344	0.01584	0.00645	0.00205	0.00293	0.01438	0.00469	0.00411
151	0.05259	0.00970	0.01598	0.59618	0.20222	0.01141	0.01394	0.01360	0.01035	0.01421	0.00901	0.01300	0.00696	0.00491	0.00495	0.00164	0.00644	0.00441	0.00235	0.00614
152	0.80103	0.00970	0.00773	0.00681	0.00999	0.01108	0.00561	0.01553	0.00901	0.07532	0.00792	0.00883	0.00596	0.00480	0.00326	0.00156	0.00394	0.00290	0.00334	0.00569
153	0.00616	0.00440	0.00587	0.00704	0.00733	0.00411	0.00469	0.00704	0.00968	0.01291	0.02787	0.81899	0.03344	0.01584	0.00645	0.00205	0.00293	0.01438	0.00469	0.00411
154	0.00725	0.00530	0.00754	0.00754	0.00825	0.00600	0.00559	0.00866	0.00795	0.01131	0.01408	0.02282	0.01392	0.21299	0.62894	0.00741	0.01162	0.00585	0.00279	0.00419

[dist]
# distance from previous block
# <min> <max>
0	1

[block]
# block no. 2 follows, 49 sequences, length 24
# corresponding to MSA columns:
# 629-631,637-644,648-660
name=unknown_C
#
# <colnr> <probs for GDERKNQSTAVLIFYWHMCP>
#	G	D	E	R	K	N	Q	S	T	A	V	L	I	F	Y	W	H	M	C	P
0	0.01241	0.01182	0.01974	0.05279	0.63158	0.03264	0.06432	0.01532	0.01153	0.03400	0.01082	0.06006	0.00951	0.00523	0.00515	0.00155	0.00606	0.00516	0.00272	0.00758
1	0.31672	0.39143	0.01752	0.00871	0.01230	0.15550	0.00771	0.01594	0.01040	0.01584	0.00717	0.00833	0.00613	0.00461	0.00344	0.00129	0.00553	0.00281	0.00259	0.00602
2	0.01382	0.54383	0.16488	0.01041	0.01505	0.13442	0.01067	0.03178	0.01123	0.01313	0.00763	0.00881	0.00652	0.00458	0.00376	0.00122	0.00634	0.00301	0.00228	0.00662
3	0.01293	0.01257	0.01333	0.01323	0.10999	0.15125	0.05367	0.04321	0.30139	0.03028	0.01941	0.02089	0.10279	0.00701	0.00520	0.00159	0.00533	0.04502	0.00405	0.04687
4	0.01485	0.02657	0.10982	0.05989	0.08084	0.15744	0.17709	0.15590	0.04199	0.06919	0.01085	0.01255	0.00815	0.00611	0.02624	0.00173	0.02578	0.00459	0.00328	0.00714
5	0.01529	0.00959	0.01152	0.00966	0.01246	0.00989	0.02330	0.29225	0.07092	0.19837	0.04565	0.24213	0.01831	0.00903	0.00551	0.00170	0.00438	0.00771	0.00520	0.00712
6	0.00721	0.00461	0.00623	0.00678	0.00708	0.00442	0.00450	0.00716	0.00848	0.01140	0.01996	0.44695	0.02315	0.10881	0.03771	0.25220	0.00394	0.01006	0.00367	0.02567
7	0.00807	0.00553	0.00671	0.00641	0.00796	0.00499	0.00488	0.01023	0.03059	0.07783	0.38435	0.09441	0.28685	0.01128	0.00596	0.00169	0.00276	0.03935	0.00523	0.00493
8	0.01514	0.03468	0.12311	0.04489	0.07961	0.23822	0.06038	0.09898	0.10931	0.07839	0.01263	0.01349	0.02679	0.00559	0.00487	0.00150	0.00664	0.00445	0.03432	0.00702
9	0.05097	0.61106	0.06640	0.04808	0.01464	0.06128	0.00940	0.04513	0.01106	0.03150	0.00778	0.00894	0.00667	0.00457	0.00360	0.00120	0.00571	0.00301	0.00244	0.00655
10	0.01417	0.04927	0.07109	0.03105	0.01487	0.08999	0.00885	0.25128	0.05656	0.02073	0.01066	0.02273	0.00839	0.00509	0.00444	0.00122	0.00527	0.00389	0.00362	0.32683
11	0.01124	0.05204	0.08861	0.22491	0.02387	0.03673	0.27904	0.05831	0.01192	0.01590	0.04482	0.06108	0.01054	0.00558	0.00530	0.00160	0.00679	0.00552	0.00285	0.05337
