[name]
unknown

[dist]
# distance from previous block
# <min> <max>
4	102

[block]
# block no. 0 follows, 50 sequences, length 25
# corresponding to MSA columns:
# 341-365
name=unknown_A
#
# <colnr> <probs for GDERKNQSTAVLIFYWHMCP>
#	G	D	E	R	K	N	Q	S	T	A	V	L	I	F	Y	W	H	M	C	P
0	0.03222	0.02730	0.15924	0.10819	0.17073	0.03283	0.17044	0.02909	0.02016	0.01549	0.01074	0.07239	0.00934	0.02090	0.00581	0.00162	0.03489	0.00517	0.00267	0.07078
1	0.01325	0.03924	0.06608	0.07850	0.34001	0.09075	0.09218	0.10913	0.01299	0.03151	0.03051	0.01342	0.02710	0.00522	0.00529	0.00152	0.02857	0.00464	0.00293	0.00716
2	0.20120	0.14621	0.08494	0.17027	0.14305	0.02679	0.01057	0.03537	0.02369	0.02444	0.06801	0.01337	0.01016	0.00528	0.00433	0.00149	0.00534	0.01634	0.00288	0.00627
3	0.06477	0.01006	0.02182	0.14723	0.08861	0.08808	0.00874	0.06491	0.04066	0.14079	0.01629	0.11041	0.06954	0.00801	0.00617	0.06990	0.00508	0.00588	0.00373	0.02933
4	0.10248	0.00985	0.01051	0.00866	0.01132	0.02059	0.00670	0.27957	0.07294	0.10968	0.01399	0.01891	0.01200	0.23042	0.01034	0.00240	0.00481	0.01771	0.00424	0.05289
5	0.03680	0.06835	0.01078	0.00935	0.06864	0.00841	0.02714	0.09606	0.02369	0.11278	0.03957	0.08684	0.01607	0.35849	0.01372	0.00296	0.00477	0.00652	0.00375	0.00531
6	0.04724	0.03188	0.01241	0.01000	0.03423	0.01193	0.00789	0.38831	0.10537	0.07998	0.01620	0.01609	0.06891	0.00628	0.00472	0.00144	0.00453	0.00491	0.08510	0.06258
7	0.00660	0.00456	0.00587	0.00655	0.00695	0.00430	0.00439	0.00724	0.00943	0.01253	0.08215	0.49523	0.07971	0.14586	0.01049	0.07467	0.00331	0.03215	0.00422	0.00380
8	0.01186	0.01141	0.01942	0.08246	0.59288	0.01125	0.07163	0.01485	0.01117	0.01600	0.00933	0.01226	0.00772	0.00438	0.00487	0.00142	0.00591	0.00438	0.00251	0.10428
9	0.01133	0.02057	0.46703	0.05051	0.18279	0.07057	0.03438	0.01668	0.06952	0.01588	0.00982	0.01158	0.00737	0.00485	0.00482	0.00155	0.00692	0.00404	0.00245	0.00731
10	0.00954	0.00535	0.00566	0.00540	0.00672	0.00543	0.00408	0.05390	0.02620	0.01914	0.10439	0.02070	0.01661	0.02689	0.01989	0.00146	0.00281	0.00523	0.65571	0.00488
11	0.02059	0.00821	0.01108	0.00865	0.01221	0.00721	0.00708	0.02290	0.03548	0.69976	0.09515	0.01899	0.01581	0.00658	0.00510	0.00155	0.00405	0.00542	0.00607	0.00810
12	0.00855	0.00640	0.00803	0.00906	0.09751	0.00598	0.00587	0.01104	0.06996	0.07357	0.11525	0.15414	0.36772	0.03641	0.00633	0.00179	0.00326	0.00933	0.00457	0.00522
13	0.01690	0.01174	0.01454	0.01118	0.01481	0.01243	0.09564	0.46185	0.04174	0.12036	0.01358	0.01393	0.00969	0.00580	0.00487	0.00148	0.00515	0.00477	0.13185	0.00769
14	0.00871	0.00555	0.00677	0.00640	0.00782	0.00507	0.00469	0.02867	0.01225	0.10637	0.30398	0.14727	0.22033	0.10389	0.00805	0.00203	0.00305	0.00934	0.00494	0.00483
15	0.11757	0.00854	0.01098	0.00855	0.01226	0.00771	0.00705	0.02288	0.01360	0.69243	0.03449	0.01638	0.01228	0.00608	0.00481	0.00154	0.00416	0.00483	0.00580	0.00805
16	0.00800	0.00487	0.00651	0.00711	0.00787	0.00447	0.00494	0.00911	0.01043	0.10273	0.08434	0.67050	0.03168	0.01413	0.00617	0.00193	0.00300	0.01274	0.00487	0.00460
17	0.01986	0.01036	0.01247	0.00979	0.01352	0.01039	0.00801	0.23505	0.13644	0.46263	0.01761	0.01582	0.01171	0.00621	0.00501	0.00155	0.00454	0.00496	0.00567	0.00839
18	0.01050	0.00582	0.00749	0.00693	0.00860	0.00526	0.00520	0.01238	0.02416	0.20536	0.30947	0.20309	0.12245	0.04204	0.00651	0.00180	0.00307	0.00922	0.00526	0.00540
19	0.49259	0.00983	0.02893	0.00763	0.01067	0.01039	0.00628	0.09537	0.04301	0.13774	0.01098	0.01312	0.00864	0.09862	0.00624	0.00192	0.00429	0.00390	0.00380	0.00606
20	0.00800	0.00489	0.00649	0.00705	0.00786	0.00448	0.00492	0.00911	0.01048	0.10274	0.08395	0.64840	0.05441	0.01405	0.00616	0.00193	0.00299	0.01263	0.00487	0.00461
21	0.00960	0.00638	0.00732	0.00676	0.00858	0.00597	0.00513	0.09724	0.01280	0.10649	0.11027	0.14365	0.35205	0.07246	0.00725	0.00194	0.00333	0.03283	0.00481	0.00514
22	0.01295	0.00960	0.01058	0.00924	0.01183	0.02090	0.00722	0.14185	0.36579	0.09690	0.16117	0.08074	0.03353	0.00794	0.00530	0.00164	0.00390	0.00669	0.00517	0.00708
23	0.46949	0.00926	0.00880	0.02233	0.01087	0.00976	0.00600	0.08397	0.01114	0.04613	0.10759	0.01295	0.01158	0.00533	0.00383	0.00139	0.00385	0.00382	0.00362	0.16830
24	0.06194	0.00708	0.00962	0.00857	0.01054	0.00691	0.06306	0.06645	0.02395	0.08783	0.28743	0.13982	0.03796	0.02537	0.00610	0.00179	0.00380	0.12196	0.00477	0.02505

[dist]
# distance from previous block
# <min> <max>
6	12

[block]
# block no. 1 follows, 50 sequences, length 59
# corresponding to MSA columns:
# 378-436
name=unknown_B
#
# <colnr> <probs for GDERKNQSTAVLIFYWHMCP>
#	G	D	E	R	K	N	Q	S	T	A	V	L	I	F	Y	W	H	M	C	P
0	0.01293	0.02078	0.02876	0.00867	0.01166	0.02398	0.04768	0.02983	0.01192	0.23984	0.07934	0.19938	0.01807	0.03065	0.00563	0.00154	0.00410	0.00690	0.00444	0.21388
1	0.01441	0.14846	0.01313	0.05168	0.01284	0.01005	0.00737	0.09983	0.05967	0.24535	0.04204	0.13777	0.05472	0.00748	0.00487	0.00149	0.00428	0.00619	0.00448	0.07387
2	0.16374	0.02735	0.07440	0.02505	0.03223	0.23267	0.00960	0.08218	0.12923	0.04058	0.01016	0.01131	0.00797	0.00587	0.00617	0.00158	0.12630	0.00390	0.00324	0.00647
3	0.01100	0.00907	0.01056	0.00768	0.01200	0.00712	0.00618	0.05471	0.01116	0.03250	0.00962	0.01154	0.00800	0.00408	0.00386	0.00083	0.00382	0.01933	0.00316	0.77378
4	0.01505	0.00810	0.01011	0.00828	0.01100	0.00782	0.00662	0.15251	0.03731	0.31265	0.34207	0.02462	0.02629	0.00784	0.00537	0.00155	0.00366	0.00662	0.00564	0.00688
5	0.00636	0.00470	0.00596	0.00653	0.00726	0.00438	0.00458	0.00760	0.01049	0.01394	0.16076	0.45285	0.16757	0.05272	0.05189	0.00236	0.00345	0.02784	0.00459	0.00418
6	0.06055	0.00926	0.01021	0.00772	0.01159	0.00813	0.00620	0.14948	0.01274	0.01892	0.01549	0.01608	0.12385	0.00548	0.00422	0.00106	0.00385	0.00434	0.00358	0.52726
7	0.13861	0.57974	0.11979	0.00922	0.01369	0.02986	0.02212	0.01509	0.01002	0.01389	0.00725	0.00843	0.00626	0.00439	0.00344	0.00121	0.00548	0.00286	0.00228	0.00637
8	0.00701	0.00782	0.12378	0.00772	0.00942	0.00541	0.00668	0.00916	0.01141	0.01585	0.30397	0.39283	0.05598	0.01194	0.00593	0.00178	0.00335	0.01063	0.00457	0.00478
9	0.06555	0.01262	0.01360	0.01070	0.01445	0.01384	0.00877	0.53764	0.13452	0.11612	0.01379	0.01330	0.00974	0.00604	0.00490	0.00153	0.00502	0.00462	0.00503	0.00822
10	0.00933	0.00560	0.00739	0.00666	0.00823	0.00509	0.00509	0.01161	0.01413	0.13531	0.67663	0.03423	0.04188	0.00959	0.00575	0.00156	0.00263	0.00842	0.00559	0.00526
11	0.13279	0.00512	0.00601	0.00688	0.00759	0.00511	0.00474	0.00808	0.00939	0.01415	0.02443	0.70087	0.02888	0.01399	0.00588	0.00195	0.00303	0.01247	0.00440	0.00425
12	0.00592	0.00494	0.00516	0.00533	0.00681	0.00418	0.00391	0.00712	0.01109	0.01336	0.04708	0.16276	0.67912	0.01307	0.00596	0.00173	0.00258	0.01106	0.00463	0.00418
13	0.01781	0.01541	0.13111	0.01173	0.01621	0.01443	0.01068	0.62191	0.02101	0.07205	0.01195	0.01203	0.00837	0.00581	0.00495	0.00151	0.00569	0.00440	0.00463	0.00831
14	0.73574	0.00947	0.00796	0.00690	0.01010	0.01061	0.00568	0.01608	0.00934	0.13733	0.00883	0.00941	0.00643	0.00486	0.00337	0.00154	0.00391	0.00304	0.00354	0.00586
15	0.01157	0.01107	0.01090	0.00819	0.01235	0.12508	0.00646	0.01364	0.01090	0.01564	0.00869	0.01014	0.00724	0.00391	0.00381	0.00082	0.00448	0.00299	0.00290	0.72924
16	0.01034	0.00886	0.01034	0.00738	0.01181	0.00664	0.00591	0.01255	0.01034	0.01624	0.00886	0.01034	0.00738	0.00369	0.00369	0.00074	0.00369	0.00295	0.00295	0.85530
17	0.00606	0.00506	0.00529	0.00523	0.00684	0.00428	0.00392	0.00749	0.01177	0.01443	0.16039	0.04638	0.68121	0.01226	0.00589	0.00167	0.00250	0.01030	0.00476	0.00428
18	0.01235	0.01167	0.01890	0.02756	0.67788	0.01193	0.01420	0.01696	0.12611	0.01696	0.01099	0.01327	0.00898	0.00479	0.00495	0.00151	0.00563	0.00462	0.00285	0.00789
19	0.01411	0.70851	0.02434	0.00917	0.01318	0.13622	0.00869	0.01566	0.01072	0.01180	0.00704	0.00814	0.00640	0.00439	0.00339	0.00110	0.00587	0.00275	0.00220	0.00630
20	0.01414	0.00874	0.01073	0.00785	0.01210	0.00686	0.00636	0.01626	0.01158	0.26323	0.01228	0.01243	0.00895	0.00448	0.00411	0.00099	0.00387	0.00360	0.00397	0.58748
21	0.50954	0.01256	0.07298	0.17441	0.01642	0.11213	0.00872	0.01501	0.00967	0.01856	0.00759	0.00948	0.00586	0.00477	0.00379	0.00154	0.00536	0.00320	0.00276	0.00563
22	0.02104	0.00855	0.01138	0.00888	0.01256	0.00765	0.00728	0.02397	0.07641	0.70830	0.04579	0.01778	0.01374	0.00635	0.00505	0.00156	0.00415	0.00520	0.00606	0.00831
23	0.00607	0.00434	0.00578	0.00694	0.00723	0.00405	0.00463	0.00694	0.00954	0.01272	0.02747	0.82157	0.03297	0.01562	0.00636	0.00202	0.00289	0.01417	0.00463	0.00405
24	0.00607	0.00434	0.00578	0.00694	0.00723	0.00405	0.00463	0.00694	0.00954	0.01272	0.02747	0.82157	0.03297	0.01562	0.00636	0.00202	0.00289	0.01417	0.00463	0.00405
25	0.00941	0.00886	0.01495	0.81285	0.03433	0.01107	0.01384	0.01274	0.00997	0.01274	0.00886	0.01329	0.00664	0.00498	0.00498	0.00166	0.00664	0.00443	0.00221	0.00554
26	0.01052	0.01079	0.00982	0.00944	0.01083	0.24257	0.00724	0.01216	0.00982	0.01176	0.01168	0.01645	0.01067	0.02784	0.56815	0.00602	0.01206	0.00471	0.00264	0.00484
27	0.04570	0.00851	0.01145	0.00880	0.01264	0.00743	0.00727	0.02402	0.01411	0.77560	0.01931	0.01672	0.01215	0.00613	0.00496	0.00154	0.00423	0.00495	0.00608	0.00840
28	0.00607	0.00434	0.00578	0.00694	0.00723	0.00405	0.00463	0.00694	0.00954	0.01272	0.02747	0.82157	0.03297	0.01562	0.00636	0.00202	0.00289	0.01417	0.00463	0.00405
29	0.01034	0.00886	0.01034	0.00738	0.01181	0.00664	0.00591	0.01255	0.01034	0.01624	0.00886	0.01034	0.00738	0.00369	0.00369	0.00074	0.00369	0.00295	0.00295	0.85530
30	0.00589	0.00505	0.00505	0.00505	0.00673	0.00421	0.00379	0.00715	0.01136	0.01347	0.05049	0.04797	0.79171	0.01262	0.00589	0.00168	0.00252	0.01052	0.00463	0.00421
31	0.01435	0.55669	0.02386	0.01081	0.01486	0.14996	0.09452	0.05863	0.01173	0.01338	0.00769	0.00899	0.00665	0.00450	0.00382	0.00120	0.00629	0.00322	0.00241	0.00645
32	0.06747	0.02276	0.01375	0.01245	0.01508	0.74451	0.00938	0.03325	0.01397	0.01314	0.00774	0.00899	0.00640	0.00512	0.00442	0.00130	0.00863	0.00320	0.00264	0.00581
33	0.01234	0.01184	0.02023	0.03059	0.79373	0.01184	0.01530	0.01530	0.01135	0.01628	0.00938	0.01234	0.00790	0.00444	0.00493	0.00148	0.00592	0.00444	0.00247	0.00790
34	0.01927	0.00927	0.01406	0.01048	0.01459	0.00802	0.12115	0.02157	0.01340	0.58246	0.01688	0.01560	0.01100	0.00556	0.00497	0.00146	0.00479	0.00488	0.00522	0.11536
35	0.00608	0.00506	0.00532	0.00525	0.00685	0.00429	0.00394	0.00753	0.01182	0.01455	0.17373	0.04618	0.66780	0.01222	0.00589	0.00166	0.00250	0.01027	0.00477	0.00429
36	0.00982	0.00927	0.01561	0.66298	0.16119	0.01105	0.01386	0.01304	0.01023	0.01335	0.00990	0.01393	0.02488	0.00507	0.00500	0.00163	0.00643	0.00457	0.00231	0.00590
37	0.01000	0.02578	0.79900	0.01421	0.02157	0.01158	0.01842	0.01579	0.01052	0.01579	0.00895	0.01052	0.00631	0.00474	0.00474	0.00158	0.00737	0.00368	0.00210	0.00737
38	0.00705	0.00510	0.00666	0.00627	0.00745	0.00470	0.00470	0.00941	0.01411	0.01999	0.79110	0.03723	0.04703	0.01019	0.00588	0.00157	0.00235	0.00901	0.00549	0.00470
39	0.01176	0.01345	0.02941	0.02101	0.02605	0.01261	0.77563	0.01597	0.01176	0.01597	0.01008	0.01345	0.00756	0.00420	0.00588	0.00168	0.00840	0.00588	0.00252	0.00672
40	0.01227	0.01099	0.01856	0.20246	0.58032	0.01141	0.01451	0.01525	0.01121	0.06083	0.00986	0.01282	0.00788	0.00466	0.00495	0.00152	0.00598	0.00447	0.00263	0.00741
41	0.01191	0.00966	0.01218	0.01129	0.12815	0.00825	0.00769	0.05550	0.05486	0.06266	0.01037	0.01157	0.00824	0.00424	0.00410	0.00099	0.00416	0.00353	0.00330	0.58736
42	0.00607	0.00434	0.00578	0.00694	0.00723	0.00405	0.00463	0.00694	0.00954	0.01272	0.02747	0.82157	0.03297	0.01562	0.00636	0.00202	0.00289	0.01417	0.00463	0.00405
43	0.01000	0.02578	0.79900	0.01421	0.02157	0.01158	0.01842	0.01579	0.01052	0.01579	0.00895	0.01052	0.00631	0.00474	0.00474	0.00158	0.00737	0.00368	0.00210	0.00737
44	0.11064	0.57057	0.06384	0.00904	0.01330	0.01768	0.00884	0.12804	0.01194	0.01608	0.00779	0.00873	0.00659	0.00459	0.00353	0.00121	0.00529	0.00299	0.00266	0.00664
45	0.00589	0.00505	0.00505	0.00505	0.00673	0.00421	0.00379	0.00715	0.01136	0.01347	0.05049	0.04797	0.79171	0.01262	0.00589	0.00168	0.00252	0.01052	0.00463	0.00421
46	0.01368	0.01134	0.01199	0.01040	0.01345	0.01300	0.00820	0.17309	0.63604	0.02291	0.01866	0.01730	0.01390	0.00661	0.00506	0.00165	0.00425	0.00541	0.00506	0.00800
47	0.01157	0.40503	0.43354	0.01152	0.01742	0.01543	0.01374	0.01538	0.01034	0.01387	0.00799	0.00933	0.00635	0.00451	0.00401	0.00134	0.00640	0.00320	0.00212	0.00691
48	0.01782	0.13505	0.05855	0.01103	0.01524	0.01543	0.00969	0.58088	0.02025	0.07061	0.01149	0.01158	0.00827	0.00567	0.00471	0.00144	0.00549	0.00420	0.00447	0.00811
49	0.00618	0.00441	0.00590	0.00706	0.00740	0.00414	0.00481	0.00712	0.00965	0.01284	0.02741	0.78045	0.03274	0.01552	0.00639	0.00204	0.00298	0.05425	0.00462	0.00408
50	0.01167	0.01116	0.01902	0.20976	0.61980	0.01167	0.01496	0.01471	0.01103	0.01547	0.00926	0.01255	0.00761	0.00457	0.00495	0.00152	0.00609	0.00444	0.00241	0.00736
51	0.00647	0.00498	0.00591	0.00588	0.00714	0.00442	0.00433	0.00820	0.01243	0.01647	0.39956	0.14376	0.33875	0.01186	0.00595	0.00167	0.00249	0.01028	0.00504	0.00442
52	0.01813	0.00929	0.01161	0.00873	0.01278	0.00814	0.00715	0.11569	0.01418	0.45345	0.01527	0.01424	0.01028	0.00536	0.00459	0.00128	0.00422	0.00429	0.00500	0.27630
53	0.86003	0.00964	0.00733	0.00655	0.00964	0.01118	0.00540	0.01465	0.00848	0.02236	0.00694	0.00810	0.00540	0.00463	0.00308	0.00154	0.00386	0.00270	0.00308	0.00540
54	0.00811	0.00708	0.04984	0.00725	0.00894	0.01970	0.00587	0.01167	0.08729	0.03127	0.61390	0.07036	0.03990	0.00968	0.00573	0.00160	0.00294	0.00849	0.00518	0.00520
55	0.01121	0.01069	0.01820	0.33162	0.50150	0.01155	0.01474	0.01431	0.01082	0.01492	0.00918	0.01270	0.00741	0.00465	0.00495	0.00155	0.00620	0.00444	0.00237	0.00699
56	0.08216	0.00803	0.01034	0.00819	0.01141	0.00724	0.00654	0.02105	0.01280	0.62294	0.01813	0.01863	0.01268	0.12753	0.00789	0.00203	0.00430	0.00517	0.00547	0.00744
57	0.00804	0.00583	0.00708	0.00742	0.00832	0.00580	0.00521	0.12125	0.01157	0.01536	0.02578	0.61224	0.07104	0.06100	0.00723	0.00209	0.00337	0.01213	0.00459	0.00465
58	0.18446	0.66246	0.02232	0.00813	0.01216	0.01800	0.00790	0.01487	0.00980	0.01388	0.00693	0.00802	0.00619	0.00434	0.00318	0.00116	0.00503	0.00267	0.00232	0.00619

[dist]
# distance from previous block
# <min> <max>
0	1

[block]
# block no. 2 follows, 50 sequences, length 148
# corresponding to MSA columns:
# 438-531,534-549,552-589
name=unknown_C
#
# <colnr> <probs for GDERKNQSTAVLIFYWHMCP>
#	G	D	E	R	K	N	Q	S	T	A	V	L	I	F	Y	W	H	M	C	P
0	0.00716	0.00521	0.00675	0.00635	0.00756	0.00486	0.00477	0.00974	0.02933	0.02001	0.77588	0.03686	0.04640	0.01012	0.00586	0.00157	0.00238	0.00895	0.00548	0.00477
1	0.01075	0.02440	0.70903	0.01427	0.02129	0.01191	0.04782	0.07346	0.01155	0.01698	0.00922	0.01075	0.00653	0.00481	0.00480	0.00158	0.00727	0.00383	0.00234	0.00743
2	0.07475	0.00940	0.01437	0.67643	0.03069	0.01149	0.01279	0.08474	0.01112	0.01522	0.00901	0.01277	0.00672	0.00505	0.00484	0.00164	0.00632	0.00430	0.00254	0.00580
3	0.01866	0.06492	0.01470	0.01211	0.01507	0.58972	0.00937	0.12741	0.01524	0.07436	0.00917	0.00996	0.00716	0.00529	0.00453	0.00132	0.00793	0.00350	0.00316	0.00640
4	0.00757	0.00553	0.00695	0.00664	0.00793	0.00529	0.00495	0.01068	0.07737	0.03049	0.60280	0.11522	0.07849	0.01051	0.00585	0.00163	0.00257	0.00927	0.00533	0.00493
5	0.01068	0.01067	0.01560	0.62997	0.13708	0.08580	0.01365	0.01376	0.01055	0.01317	0.00882	0.01275	0.00680	0.00492	0.00493	0.00160	0.00677	0.00432	0.00228	0.00588
6	0.09153	0.01291	0.02635	0.02021	0.08239	0.01247	0.62982	0.01571	0.01134	0.01651	0.00966	0.01281	0.00736	0.00435	0.00576	0.00166	0.02448	0.00544	0.00256	0.00666
7	0.02236	0.00848	0.01157	0.00887	0.01272	0.00733	0.00733	0.02429	0.01427	0.79719	0.01966	0.01697	0.01234	0.00617	0.00501	0.00154	0.00424	0.00501	0.00617	0.00848
8	0.01799	0.01320	0.01412	0.01106	0.01471	0.03933	0.00907	0.64475	0.02125	0.06561	0.01233	0.01283	0.00897	0.00892	0.08018	0.00210	0.00628	0.00455	0.00475	0.00801
9	0.07412	0.00920	0.01487	0.67823	0.10385	0.01115	0.01334	0.01312	0.00998	0.01380	0.00876	0.01281	0.00667	0.00491	0.00483	0.00164	0.00637	0.00430	0.00230	0.00575
10	0.01775	0.00837	0.01058	0.00855	0.01174	0.00780	0.00690	0.09765	0.06342	0.49267	0.08259	0.06479	0.08923	0.00762	0.00524	0.00159	0.00397	0.00633	0.00570	0.00751
11	0.00630	0.00480	0.01762	0.00678	0.00731	0.00429	0.00468	0.00734	0.00993	0.01328	0.09942	0.63898	0.07411	0.07092	0.00759	0.00215	0.00302	0.01285	0.00456	0.00410
12	0.01439	0.01518	0.04353	0.02081	0.35616	0.18802	0.07205	0.10677	0.10134	0.01763	0.01059	0.01229	0.00839	0.00503	0.00493	0.00148	0.00657	0.00440	0.00307	0.00738
13	0.01263	0.01503	0.05784	0.01865	0.02327	0.11436	0.57343	0.01745	0.08468	0.01593	0.01069	0.01324	0.00808	0.00458	0.00558	0.00163	0.00802	0.00542	0.00275	0.00674
14	0.63067	0.08907	0.01030	0.00786	0.01096	0.15325	0.00645	0.01561	0.00964	0.01955	0.00708	0.00825	0.00567	0.00468	0.00335	0.00145	0.00491	0.00279	0.00290	0.00556
15	0.01081	0.01009	0.01697	0.17801	0.51346	0.01058	0.01336	0.01357	0.01063	0.01488	0.01102	0.07450	0.00998	0.00849	0.08027	0.00217	0.00653	0.00526	0.00260	0.00682
16	0.02943	0.15672	0.01666	0.01122	0.01487	0.07320	0.08059	0.20226	0.24792	0.09602	0.01376	0.01360	0.01023	0.00568	0.00472	0.00149	0.00538	0.00457	0.00418	0.00752
17	0.07227	0.00662	0.01002	0.01085	0.08371	0.00648	0.08500	0.00981	0.01025	0.01458	0.03886	0.44428	0.03706	0.02424	0.00628	0.00197	0.00408	0.12469	0.00408	0.00487
18	0.00589	0.00505	0.00505	0.00505	0.00673	0.00421	0.00379	0.00715	0.01136	0.01347	0.05049	0.04797	0.79171	0.01262	0.00589	0.00168	0.00252	0.01052	0.00463	0.00421
19	0.00639	0.00505	0.01903	0.00650	0.00743	0.00439	0.00472	0.00784	0.01123	0.01501	0.25178	0.43274	0.18298	0.01329	0.00610	0.00182	0.00274	0.01181	0.00483	0.00432
20	0.04507	0.05034	0.03657	0.01038	0.01427	0.08501	0.00875	0.33577	0.01759	0.32454	0.01408	0.01329	0.00953	0.00582	0.00480	0.00148	0.00532	0.00441	0.00495	0.00801
21	0.53967	0.14166	0.08166	0.00819	0.01196	0.01313	0.00759	0.11476	0.01089	0.02128	0.00778	0.00880	0.00604	0.00476	0.00350	0.00146	0.00462	0.00302	0.00310	0.00614
22	0.00653	0.00472	0.00605	0.00644	0.00714	0.00437	0.00448	0.00794	0.01126	0.01536	0.32510	0.40356	0.08756	0.07655	0.00763	0.00204	0.00281	0.01138	0.00484	0.00423
23	0.02071	0.00866	0.01147	0.00877	0.01267	0.00749	0.00721	0.03535	0.02989	0.67837	0.01830	0.01615	0.01176	0.00589	0.00486	0.00145	0.00419	0.00478	0.00576	0.10626
24	0.01025	0.02163	0.59445	0.01437	0.08452	0.01073	0.01594	0.01517	0.01056	0.01591	0.00897	0.01064	0.00664	0.00453	0.00457	0.00142	0.00660	0.00362	0.00228	0.15721
25	0.01849	0.08959	0.01540	0.01073	0.01472	0.01454	0.00899	0.57906	0.03087	0.12364	0.01246	0.01225	0.00882	0.00579	0.00478	0.00144	0.00524	0.00435	0.00480	0.03402
26	0.01234	0.01184	0.02023	0.03059	0.79373	0.01184	0.01530	0.01530	0.01135	0.01628	0.00938	0.01234	0.00790	0.00444	0.00493	0.00148	0.00592	0.00444	0.00247	0.00790
27	0.01124	0.01004	0.01655	0.21207	0.46089	0.01052	0.01306	0.01433	0.03315	0.04481	0.02584	0.09000	0.02386	0.00599	0.00512	0.00159	0.00557	0.00559	0.00291	0.00688
28	0.01408	0.27956	0.23975	0.08653	0.01802	0.01347	0.04833	0.04728	0.01171	0.18045	0.01073	0.01153	0.00779	0.00493	0.00438	0.00141	0.00595	0.00384	0.00312	0.00713
29	0.01234	0.16722	0.10849	0.01263	0.02756	0.12427	0.01123	0.01413	0.00939	0.01249	0.00710	0.01008	0.00650	0.00686	0.01072	0.00177	0.44526	0.00381	0.00222	0.00594
30	0.63082	0.00932	0.00849	0.00719	0.01048	0.01013	0.00593	0.01729	0.01007	0.23438	0.01042	0.01052	0.00730	0.00505	0.00361	0.00154	0.00396	0.00333	0.00393	0.00624
31	0.01161	0.01329	0.16075	0.05541	0.05334	0.07182	0.06716	0.14315	0.02683	0.03437	0.20362	0.02215	0.07484	0.00721	0.00531	0.00158	0.00536	0.03193	0.00390	0.00637
32	0.01224	0.05520	0.53911	0.01434	0.03567	0.01142	0.10991	0.01702	0.01123	0.13158	0.01060	0.01177	0.00740	0.00486	0.00486	0.00156	0.00692	0.00412	0.00277	0.00742
33	0.00723	0.00487	0.00628	0.00703	0.00775	0.00454	0.00494	0.00855	0.02541	0.05579	0.04135	0.61166	0.10247	0.03183	0.00665	0.00203	0.00309	0.05944	0.00470	0.00440
34	0.00625	0.00457	0.00591	0.00679	0.00736	0.00422	0.00473	0.00739	0.01029	0.01363	0.10359	0.61880	0.11798	0.01466	0.00629	0.00196	0.00289	0.05382	0.00471	0.00416
35	0.12662	0.30515	0.07933	0.01006	0.01404	0.15357	0.01902	0.11636	0.01288	0.10686	0.00939	0.01001	0.00724	0.00495	0.00401	0.00133	0.00587	0.00340	0.00317	0.00675
36	0.01223	0.01321	0.09360	0.06993	0.58444	0.01201	0.07283	0.05173	0.01181	0.01674	0.00948	0.01228	0.00768	0.00455	0.00499	0.00152	0.00626	0.00448	0.00254	0.00766
37	0.00611	0.00437	0.00582	0.00691	0.00724	0.00407	0.00463	0.00704	0.00972	0.01301	0.05781	0.79041	0.03353	0.01540	0.00634	0.00201	0.00287	0.01397	0.00466	0.00407
38	0.04630	0.01863	0.45538	0.14840	0.02140	0.01095	0.01471	0.05808	0.01170	0.15179	0.01087	0.01209	0.00750	0.00509	0.00477	0.00158	0.00646	0.00404	0.00302	0.00723
39	0.01356	0.09105	0.01134	0.08344	0.01266	0.00815	0.00703	0.01634	0.05539	0.29311	0.27484	0.05095	0.04585	0.00774	0.00519	0.00154	0.00384	0.00655	0.00500	0.00643
40	0.78013	0.01116	0.08175	0.00727	0.01076	0.01122	0.00662	0.01476	0.00867	0.02175	0.00713	0.00833	0.00548	0.00464	0.00324	0.00155	0.00419	0.00279	0.00299	0.00558
41	0.00687	0.00495	0.00668	0.00778	0.00848	0.00475	0.00599	0.00834	0.01042	0.01366	0.02806	0.47180	0.06517	0.01472	0.00656	0.00212	0.00357	0.32119	0.00461	0.00428
42	0.04762	0.36420	0.21231	0.01192	0.01678	0.01509	0.13084	0.07259	0.01139	0.01537	0.00941	0.05399	0.00812	0.00513	0.00430	0.00139	0.00613	0.00418	0.00258	0.00667
43	0.01104	0.27610	0.55779	0.01243	0.01883	0.01412	0.01533	0.01552	0.01040	0.01452	0.00832	0.00973	0.00634	0.00459	0.00426	0.00142	0.00673	0.00337	0.00211	0.00706
44	0.00665	0.00465	0.00596	0.00669	0.00699	0.00453	0.00447	0.00740	0.00890	0.01188	0.02302	0.47556	0.02699	0.27067	0.05062	0.00321	0.00413	0.06988	0.00403	0.00379
45	0.01116	0.01335	0.08242	0.02011	0.09615	0.01167	0.57779	0.01506	0.01143	0.01568	0.01154	0.08777	0.00985	0.00532	0.00575	0.00169	0.00759	0.00635	0.00268	0.00663
46	0.01102	0.01098	0.01979	0.14365	0.17579	0.02537	0.30161	0.05529	0.01215	0.01639	0.08583	0.06306	0.04383	0.00604	0.00551	0.00163	0.00637	0.00620	0.00308	0.00640
47	0.00637	0.00544	0.00652	0.00619	0.00789	0.00471	0.04105	0.00789	0.01154	0.01419	0.11354	0.08772	0.61504	0.01221	0.00595	0.00172	0.00289	0.04014	0.00460	0.00438
48	0.00715	0.00507	0.00655	0.00645	0.00748	0.00473	0.00469	0.00926	0.02518	0.02977	0.56339	0.19919	0.05662	0.04361	0.00673	0.00180	0.00262	0.00993	0.00520	0.00460
49	0.01135	0.05431	0.56793	0.01443	0.02089	0.01223	0.11766	0.08738	0.01200	0.02905	0.02150	0.01146	0.00741	0.00487	0.00487	0.00156	0.00712	0.00411	0.00255	0.00732
50	0.08902	0.47278	0.10177	0.01081	0.03078	0.10120	0.06377	0.01616	0.04768	0.01397	0.00813	0.00935	0.00684	0.00456	0.00380	0.00127	0.00596	0.00324	0.00244	0.00647
51	0.01090	0.01002	0.01632	0.54881	0.23029	0.01161	0.01389	0.07130	0.01135	0.01507	0.00923	0.01294	0.00711	0.00492	0.00497	0.00160	0.00637	0.00444	0.00249	0.00637
52	0.01612	0.26961	0.01862	0.01361	0.11290	0.39052	0.00997	0.07524	0.02480	0.01415	0.00819	0.00947	0.00689	0.00487	0.00420	0.00126	0.00713	0.00333	0.00264	0.00647
53	0.00991	0.00937	0.01585	0.68005	0.16324	0.01120	0.01409	0.01317	0.01020	0.01334	0.00895	0.01313	0.00686	0.00489	0.00498	0.00163	0.00652	0.00443	0.00226	0.00594
54	0.01403	0.53494	0.08242	0.01050	0.01489	0.06105	0.08135	0.05244	0.01153	0.06911	0.02155	0.01006	0.00769	0.00466	0.00390	0.00124	0.00586	0.00343	0.00267	0.00669
55	0.15610	0.01069	0.09765	0.02392	0.01361	0.00873	0.00838	0.02168	0.04973	0.53391	0.01625	0.01483	0.01058	0.00577	0.00467	0.00156	0.00455	0.00451	0.00510	0.00778
56	0.00695	0.00509	0.00652	0.00616	0.00738	0.00466	0.00462	0.00920	0.01386	0.01940	0.72482	0.03819	0.11368	0.01041	0.00588	0.00158	0.00237	0.00915	0.00541	0.00466
57	0.04286	0.00796	0.01047	0.00850	0.02261	0.00695	0.00670	0.01993	0.01304	0.55444	0.06124	0.06211	0.02739	0.04591	0.00594	0.00165	0.00403	0.00566	0.00543	0.08721
58	0.02474	0.00931	0.02190	0.00859	0.02744	0.00801	0.00678	0.07866	0.07004	0.05039	0.01119	0.02717	0.00919	0.00765	0.07937	0.00166	0.00488	0.00384	0.00341	0.54578
59	0.01328	0.01153	0.01942	0.02855	0.72031	0.01142	0.01455	0.01614	0.01162	0.08969	0.01034	0.01277	0.00831	0.00460	0.00494	0.00149	0.00576	0.00449	0.00282	0.00795
60	0.01176	0.01345	0.02941	0.02101	0.02605	0.01261	0.77563	0.01597	0.01176	0.01597	0.01008	0.01345	0.00756	0.00420	0.00588	0.00168	0.00840	0.00588	0.00252	0.00672
61	0.01217	0.01188	0.02090	0.05880	0.69331	0.01189	0.08672	0.01526	0.01134	0.01612	0.00942	0.01248	0.00782	0.00444	0.00503	0.00151	0.00618	0.00458	0.00246	0.00770
62	0.00988	0.02376	0.70892	0.08912	0.02248	0.01139	0.01770	0.01537	0.01055	0.01559	0.02511	0.01134	0.00719	0.00487	0.00478	0.00159	0.00719	0.00386	0.00218	0.00714
63	0.00777	0.00480	0.00621	0.00685	0.00763	0.00440	0.00475	0.00884	0.01018	0.08684	0.02793	0.64182	0.08923	0.01396	0.00604	0.00191	0.00296	0.01251	0.05086	0.00451
64	0.00607	0.00434	0.00578	0.00694	0.00723	0.00405	0.00463	0.00694	0.00954	0.01272	0.02747	0.82157	0.03297	0.01562	0.00636	0.00202	0.00289	0.01417	0.00463	0.00405
65	0.01369	0.09256	0.07619	0.08369	0.05614	0.18843	0.29580	0.08706	0.01292	0.01584	0.00956	0.02750	0.00764	0.00492	0.00505	0.00151	0.00753	0.00468	0.00271	0.00659
66	0.00688	0.00518	0.00747	0.00763	0.00850	0.00577	0.00582	0.00849	0.00848	0.01188	0.01817	0.13553	0.07440	0.03242	0.63120	0.00668	0.01105	0.00699	0.00310	0.00437
67	0.00702	0.00506	0.00663	0.00630	0.00744	0.00468	0.00470	0.00931	0.01393	0.01970	0.76077	0.06839	0.04647	0.01041	0.00590	0.00159	0.00237	0.00922	0.00545	0.00468
68	0.86003	0.00964	0.00733	0.00655	0.00964	0.01118	0.00540	0.01465	0.00848	0.02236	0.00694	0.00810	0.00540	0.00463	0.00308	0.00154	0.00386	0.00270	0.00308	0.00540
69	0.38135	0.07757	0.01283	0.08498	0.01480	0.11064	0.04954	0.09815	0.09432	0.01981	0.00935	0.01052	0.00722	0.00505	0.00401	0.00150	0.00530	0.00360	0.00325	0.00621
70	0.00680	0.00509	0.00631	0.00600	0.00729	0.00459	0.00450	0.00891	0.01351	0.01856	0.62939	0.03958	0.20963	0.01072	0.00588	0.00159	0.00239	0.00934	0.00530	0.00459
71	0.01000	0.02578	0.79900	0.01421	0.02157	0.01158	0.01842	0.01579	0.01052	0.01579	0.00895	0.01052	0.00631	0.00474	0.00474	0.00158	0.00737	0.00368	0.00210	0.00737
72	0.01000	0.02578	0.79900	0.01421	0.02157	0.01158	0.01842	0.01579	0.01052	0.01579	0.00895	0.01052	0.00631	0.00474	0.00474	0.00158	0.00737	0.00368	0.00210	0.00737
73	0.01462	0.60659	0.09618	0.00912	0.01361	0.01675	0.00924	0.01667	0.01090	0.15192	0.00939	0.00983	0.00745	0.00465	0.00367	0.00120	0.00533	0.00318	0.00285	0.00686
74	0.00803	0.00574	0.00803	0.00918	0.01033	0.00574	0.00803	0.01033	0.01147	0.01492	0.02639	0.05622	0.02869	0.01377	0.00688	0.00229	0.00459	0.76018	0.00459	0.00459
75	0.00695	0.00509	0.00651	0.00616	0.00738	0.00466	0.00462	0.00919	0.01385	0.01938	0.72148	0.03824	0.11704	0.01042	0.00588	0.00158	0.00237	0.00916	0.00541	0.00466
76	0.01345	0.66040	0.06752	0.01002	0.01448	0.02836	0.06725	0.06381	0.01117	0.01353	0.00761	0.00881	0.00661	0.00441	0.00362	0.00117	0.00573	0.00309	0.00235	0.00660
77	0.57876	0.01030	0.01030	0.07077	0.09249	0.01164	0.00761	0.10828	0.01091	0.04723	0.00836	0.00969	0.00635	0.00485	0.00371	0.00154	0.00449	0.00330	0.00329	0.00614
78	0.00725	0.00483	0.00544	0.00544	0.00544	0.00483	0.00302	0.00725	0.00725	0.00966	0.01571	0.03262	0.01812	0.82483	0.02537	0.00483	0.00483	0.00725	0.00302	0.00302
79	0.01034	0.00886	0.01034	0.00738	0.01181	0.00664	0.00591	0.01255	0.01034	0.01624	0.00886	0.01034	0.00738	0.00369	0.00369	0.00074	0.00369	0.00295	0.00295	0.85530
80	0.00716	0.00517	0.00716	0.00716	0.00776	0.00577	0.00518	0.00836	0.00776	0.01094	0.01413	0.02387	0.01432	0.29627	0.54873	0.00697	0.01055	0.00597	0.00279	0.00398
81	0.01018	0.06292	0.75086	0.01405	0.02124	0.01197	0.02993	0.01575	0.01052	0.01560	0.00887	0.01045	0.00634	0.00471	0.00468	0.00156	0.00729	0.00367	0.00211	0.00731
82	0.00682	0.00509	0.00633	0.00602	0.00730	0.00460	0.00452	0.00895	0.01355	0.01866	0.63976	0.03943	0.19920	0.01069	0.00588	0.00159	0.00239	0.00932	0.00531	0.00460
83	0.01034	0.00886	0.01034	0.00738	0.01181	0.00664	0.00591	0.01255	0.01034	0.01624	0.00886	0.01034	0.00738	0.00369	0.00369	0.00074	0.00369	0.00295	0.00295	0.85530
84	0.01277	0.02191	0.62252	0.01301	0.01959	0.01062	0.01593	0.01769	0.01136	0.19091	0.01135	0.01197	0.00766	0.00506	0.00480	0.00157	0.00667	0.00398	0.00302	0.00762
85	0.01003	0.02419	0.72486	0.01357	0.02066	0.01111	0.01724	0.01548	0.01051	0.01583	0.00894	0.01051	0.00641	0.00464	0.00464	0.00150	0.00702	0.00361	0.00218	0.08708
86	0.00714	0.00526	0.00759	0.00759	0.00833	0.00600	0.00571	0.00863	0.00789	0.01126	0.01374	0.02171	0.01339	0.16602	0.67770	0.00749	0.01196	0.00565	0.00273	0.00422
87	0.01457	0.08828	0.01961	0.20108	0.04718	0.02804	0.22539	0.13983	0.01356	0.15630	0.01144	0.01316	0.00823	0.00505	0.00506	0.00155	0.00642	0.00476	0.00346	0.00703
88	0.09690	0.01783	0.01372	0.01257	0.05692	0.39648	0.00931	0.21593	0.09962	0.01929	0.01019	0.01090	0.00789	0.00545	0.00458	0.00142	0.00688	0.00382	0.00351	0.00679
89	0.00981	0.00676	0.00995	0.04993	0.10194	0.00673	0.00883	0.01212	0.01158	0.08847	0.03597	0.08900	0.02425	0.01160	0.00635	0.00207	0.00467	0.51020	0.00440	0.00535
90	0.01034	0.00886	0.01034	0.00738	0.01181	0.00664	0.00591	0.01255	0.01034	0.01624	0.00886	0.01034	0.00738	0.00369	0.00369	0.00074	0.00369	0.00295	0.00295	0.85530
91	0.00627	0.00434	0.00584	0.00691	0.00717	0.00407	0.00460	0.00691	0.00931	0.01242	0.02605	0.76048	0.03113	0.01574	0.00736	0.06664	0.00300	0.01342	0.00444	0.00391
92	0.00607	0.00434	0.00578	0.00694	0.00723	0.00405	0.00463	0.00694	0.00954	0.01272	0.02747	0.82157	0.03297	0.01562	0.00636	0.00202	0.00289	0.01417	0.00463	0.00405
93	0.01234	0.01184	0.02023	0.03059	0.79373	0.01184	0.01530	0.01530	0.01135	0.01628	0.00938	0.01234	0.00790	0.00444	0.00493	0.00148	0.00592	0.00444	0.00247	0.00790
94	0.86003	0.00964	0.00733	0.00655	0.00964	0.01118	0.00540	0.01465	0.00848	0.02236	0.00694	0.00810	0.00540	0.00463	0.00308	0.00154	0.00386	0.00270	0.00308	0.00540
95	0.00941	0.00886	0.01495	0.81285	0.03433	0.01107	0.01384	0.01274	0.00997	0.01274	0.00886	0.01329	0.00664	0.00498	0.00498	0.00166	0.00664	0.00443	0.00221	0.00554
96	0.02236	0.00848	0.01157	0.00887	0.01272	0.00733	0.00733	0.02429	0.01427	0.79719	0.01966	0.01697	0.01234	0.00617	0.00501	0.00154	0.00424	0.00501	0.00617	0.00848
97	0.01436	0.01058	0.01278	0.01296	0.12879	0.01148	0.00892	0.07028	0.47639	0.15200	0.03461	0.01738	0.01391	0.00634	0.00505	0.00162	0.00435	0.00535	0.00487	0.00796
98	0.00701	0.00506	0.00662	0.00630	0.00744	0.00467	0.00470	0.00929	0.01389	0.01964	0.75454	0.07479	0.04636	0.01045	0.00590	0.00159	0.00238	0.00926	0.00545	0.00467
99	0.01251	0.54742	0.26507	0.01046	0.01562	0.04839	0.01164	0.01539	0.01041	0.01300	0.00758	0.00882	0.00637	0.00445	0.00373	0.00123	0.00611	0.00300	0.00214	0.00667
100	0.00787	0.00569	0.00781	0.00887	0.01005	0.00562	0.00771	0.01009	0.01147	0.01481	0.02822	0.05560	0.08649	0.01368	0.00681	0.00225	0.00443	0.70339	0.00459	0.00456
101	0.01212	0.01313	0.09326	0.02865	0.70575	0.01183	0.01544	0.01556	0.02653	0.01633	0.00955	0.01229	0.00789	0.00451	0.00492	0.00149	0.00602	0.00439	0.00248	0.00785
102	0.00696	0.00504	0.00657	0.00630	0.00742	0.00465	0.00468	0.00918	0.01372	0.01933	0.72112	0.09682	0.05817	0.01064	0.00592	0.00160	0.00240	0.00943	0.00541	0.00465
103	0.01342	0.01194	0.01884	0.07022	0.64176	0.04935	0.01420	0.01622	0.01168	0.08930	0.01023	0.01266	0.00817	0.00467	0.00492	0.00149	0.00595	0.00444	0.00281	0.00772
104	0.00673	0.00508	0.00621	0.00593	0.00724	0.00456	0.00444	0.00877	0.01333	0.01815	0.58198	0.04026	0.25730	0.01088	0.00588	0.00160	0.00240	0.00944	0.00524	0.00456
105	0.01234	0.01184	0.02023	0.03059	0.79373	0.01184	0.01530	0.01530	0.01135	0.01628	0.00938	0.01234	0.00790	0.00444	0.00493	0.00148	0.00592	0.00444	0.00247	0.00790
106	0.01333	0.82783	0.02612	0.00853	0.01279	0.01972	0.00853	0.01493	0.01013	0.01173	0.00693	0.00800	0.00640	0.00426	0.00320	0.00107	0.00533	0.00267	0.00213	0.00640
107	0.01862	0.02376	0.01413	0.01284	0.01541	0.80482	0.00963	0.01990	0.01413	0.01220	0.00770	0.00899	0.00642	0.00514	0.00449	0.00128	0.00899	0.00321	0.00257	0.00578
108	0.01172	0.00882	0.01048	0.00755	0.01192	0.00672	0.00607	0.01391	0.01079	0.10642	0.01011	0.01110	0.00796	0.00398	0.00384	0.00083	0.00375	0.00319	0.00332	0.75751
109	0.01863	0.02345	0.01415	0.01280	0.01541	0.77996	0.00963	0.04374	0.01442	0.01280	0.00784	0.00908	0.00649	0.00516	0.00451	0.00129	0.00888	0.00325	0.00264	0.00586
110	0.00627	0.00470	0.00583	0.00636	0.00720	0.00426	0.00448	0.00759	0.01103	0.01456	0.20391	0.44948	0.21926	0.01366	0.00615	0.00184	0.00270	0.02167	0.00482	0.00424
111	0.01215	0.21754	0.34930	0.01485	0.09799	0.02773	0.09475	0.07365	0.03797	0.01616	0.00921	0.01076	0.00710	0.00470	0.00453	0.00145	0.00660	0.00386	0.00252	0.00719
112	0.01209	0.28235	0.40499	0.01360	0.07673	0.08887	0.02651	0.01586	0.01082	0.01418	0.00823	0.00975	0.00649	0.00459	0.00425	0.00138	0.00677	0.00340	0.00219	0.00693
113	0.09044	0.00561	0.00593	0.01907	0.00748	0.00565	0.00432	0.01305	0.01093	0.09855	0.07430	0.01876	0.01453	0.00605	0.00381	0.00128	0.00274	0.00483	0.60755	0.00513
114	0.00814	0.00625	0.00759	0.00708	0.00859	0.00629	0.00536	0.01290	0.17540	0.01992	0.60231	0.05034	0.05104	0.00962	0.00572	0.00160	0.00270	0.00844	0.00537	0.00535
115	0.00731	0.00495	0.00590	0.00617	0.00638	0.00494	0.00397	0.00775	0.00811	0.01075	0.01826	0.08655	0.02085	0.63594	0.02103	0.00422	0.00467	0.13550	0.00339	0.00335
116	0.01030	0.01064	0.05769	0.46719	0.02621	0.01207	0.04909	0.01527	0.14123	0.01432	0.01049	0.01367	0.00811	0.00583	0.00685	0.00175	0.13586	0.00465	0.00270	0.00608
117	0.00726	0.00533	0.00572	0.00560	0.00739	0.00452	0.00430	0.00862	0.01155	0.07290	0.04643	0.06029	0.67725	0.01225	0.00589	0.00171	0.00277	0.05092	0.00474	0.00455
118	0.00733	0.00540	0.00689	0.00646	0.00774	0.00511	0.00486	0.01030	0.05596	0.01993	0.73756	0.03639	0.05701	0.01004	0.00584	0.00158	0.00244	0.00885	0.00545	0.00487
119	0.00625	0.00447	0.00594	0.00682	0.00727	0.00417	0.00464	0.00738	0.01036	0.01402	0.16340	0.68196	0.03547	0.01465	0.00628	0.00194	0.00280	0.01325	0.00478	0.00417
120	0.01333	0.82783	0.02612	0.00853	0.01279	0.01972	0.00853	0.01493	0.01013	0.01173	0.00693	0.00800	0.00640	0.00426	0.00320	0.00107	0.00533	0.00267	0.00213	0.00640
121	0.86003	0.00964	0.00733	0.00655	0.00964	0.01118	0.00540	0.01465	0.00848	0.02236	0.00694	0.00810	0.00540	0.00463	0.00308	0.00154	0.00386	0.00270	0.00308	0.00540
122	0.00713	0.00529	0.00777	0.00777	0.00858	0.00610	0.00593	0.00875	0.00794	0.01139	0.01357	0.02081	0.01299	0.11141	0.73178	0.00771	0.01255	0.00552	0.00270	0.00432
123	0.01863	0.02337	0.01416	0.01279	0.01541	0.77346	0.00962	0.04999	0.01450	0.01296	0.00787	0.00911	0.00650	0.00517	0.00451	0.00129	0.00885	0.00326	0.00266	0.00589
124	0.02236	0.00848	0.01157	0.00887	0.01272	0.00733	0.00733	0.02429	0.01427	0.79719	0.01966	0.01697	0.01234	0.00617	0.00501	0.00154	0.00424	0.00501	0.00617	0.00848
125	0.01034	0.00886	0.01034	0.00738	0.01181	0.00664	0.00591	0.01255	0.01034	0.01624	0.00886	0.01034	0.00738	0.00369	0.00369	0.00074	0.00369	0.00295	0.00295	0.85530
126	0.00697	0.00509	0.00654	0.00618	0.00739	0.00467	0.00463	0.00924	0.01390	0.01949	0.73500	0.03805	0.10344	0.01037	0.00588	0.00158	0.00236	0.00913	0.00542	0.00467
127	0.01251	0.01076	0.01133	0.01017	0.01300	0.01245	0.00792	0.03887	0.77217	0.02103	0.02015	0.01849	0.01510	0.00675	0.00507	0.00169	0.00397	0.00562	0.00507	0.00790
128	0.02203	0.00902	0.01190	0.00912	0.01299	0.00812	0.00754	0.09796	0.01516	0.72225	0.01891	0.01648	0.01196	0.00615	0.00501	0.00154	0.00436	0.00496	0.00605	0.00848
129	0.86003	0.00964	0.00733	0.00655	0.00964	0.01118	0.00540	0.01465	0.00848	0.02236	0.00694	0.00810	0.00540	0.00463	0.00308	0.00154	0.00386	0.00270	0.00308	0.00540
130	0.01862	0.02376	0.01413	0.01284	0.01541	0.80482	0.00963	0.01990	0.01413	0.01220	0.00770	0.00899	0.00642	0.00514	0.00449	0.00128	0.00899	0.00321	0.00257	0.00578
131	0.00725	0.00483	0.00544	0.00544	0.00544	0.00483	0.00302	0.00725	0.00725	0.00966	0.01571	0.03262	0.01812	0.82483	0.02537	0.00483	0.00483	0.00725	0.00302	0.00302
132	0.00671	0.00498	0.00625	0.00615	0.00729	0.00452	0.00453	0.00866	0.01298	0.01781	0.55225	0.14998	0.17669	0.01139	0.00595	0.00165	0.00246	0.01001	0.00521	0.00452
133	0.01333	0.82783	0.02612	0.00853	0.01279	0.01972	0.00853	0.01493	0.01013	0.01173	0.00693	0.00800	0.00640	0.00426	0.00320	0.00107	0.00533	0.00267	0.00213	0.00640
134	0.00607	0.00434	0.00578	0.00694	0.00723	0.00405	0.00463	0.00694	0.00954	0.01272	0.02747	0.82157	0.03297	0.01562	0.00636	0.00202	0.00289	0.01417	0.00463	0.00405
135	0.00705	0.00510	0.00666	0.00627	0.00745	0.00470	0.00470	0.00941	0.01411	0.01999	0.79110	0.03723	0.04703	0.01019	0.00588	0.00157	0.00235	0.00901	0.00549	0.00470
136	0.01046	0.02266	0.60744	0.01625	0.05061	0.01180	0.17891	0.01581	0.01082	0.01584	0.00920	0.01121	0.00664	0.00461	0.00499	0.00160	0.00753	0.00418	0.00221	0.00725
137	0.00941	0.00886	0.01495	0.81285	0.03433	0.01107	0.01384	0.01274	0.00997	0.01274	0.00886	0.01329	0.00664	0.00498	0.00498	0.00166	0.00664	0.00443	0.00221	0.00554
138	0.09071	0.01060	0.01524	0.14577	0.13717	0.01367	0.01155	0.01288	0.00867	0.01376	0.00740	0.01125	0.00666	0.00706	0.01148	0.00193	0.48182	0.00423	0.00232	0.00584
139	0.00725	0.00483	0.00544	0.00544	0.00544	0.00483	0.00302	0.00725	0.00725	0.00966	0.01571	0.03262	0.01812	0.82483	0.02537	0.00483	0.00483	0.00725	0.00302	0.00302
140	0.00712	0.00534	0.00801	0.00801	0.00890	0.00623	0.00623	0.00890	0.00801	0.01157	0.01335	0.01958	0.01246	0.03738	0.80507	0.00801	0.01335	0.00534	0.00267	0.00445
141	0.01333	0.82783	0.02612	0.00853	0.01279	0.01972	0.00853	0.01493	0.01013	0.01173	0.00693	0.00800	0.00640	0.00426	0.00320	0.00107	0.00533	0.00267	0.00213	0.00640
142	0.81430	0.01041	0.00770	0.00690	0.00995	0.05432	0.00563	0.01494	0.00879	0.02181	0.00698	0.00815	0.00545	0.00465	0.00316	0.00153	0.00413	0.00273	0.00306	0.00542
143	0.00800	0.00573	0.00798	0.00911	0.01027	0.00571	0.00796	0.01028	0.01147	0.01489	0.02678	0.05609	0.04112	0.01375	0.00687	0.00228	0.00456	0.74797	0.00459	0.00458
144	0.01091	0.19671	0.62110	0.01291	0.01955	0.01325	0.01612	0.01574	0.01050	0.02773	0.00869	0.01009	0.00643	0.00466	0.00441	0.00147	0.00688	0.00349	0.00218	0.00718
145	0.00589	0.00505	0.00505	0.00505	0.00673	0.00421	0.00379	0.00715	0.01136	0.01347	0.05049	0.04797	0.79171	0.01262	0.00589	0.00168	0.00252	0.01052	0.00463	0.00421
146	0.01176	0.01345	0.02941	0.02101	0.02605	0.01261	0.77563	0.01597	0.01176	0.01597	0.01008	0.01345	0.00756	0.00420	0.00588	0.00168	0.00840	0.00588	0.00252	0.00672
147	0.00941	0.00886	0.01495	0.81285	0.03433	0.01107	0.01384	0.01274	0.00997	0.01274	0.00886	0.01329	0.00664	0.00498	0.00498	0.00166	0.00664	0.00443	0.00221	0.00554

[dist]
# distance from previous block
# <min> <max>
0	32

[block]
# block no. 3 follows, 50 sequences, length 13
# corresponding to MSA columns:
# 622-634
name=unknown_D
#
# <colnr> <probs for GDERKNQSTAVLIFYWHMCP>
#	G	D	E	R	K	N	Q	S	T	A	V	L	I	F	Y	W	H	M	C	P
0	0.02137	0.01008	0.01255	0.00962	0.01352	0.00969	0.00795	0.24337	0.01693	0.57434	0.01742	0.01551	0.01121	0.00612	0.00500	0.00153	0.00460	0.00486	0.00583	0.00848
1	0.01333	0.82783	0.02612	0.00853	0.01279	0.01972	0.00853	0.01493	0.01013	0.01173	0.00693	0.00800	0.00640	0.00426	0.00320	0.00107	0.00533	0.00267	0.00213	0.00640
2	0.86003	0.00964	0.00733	0.00655	0.00964	0.01118	0.00540	0.01465	0.00848	0.02236	0.00694	0.00810	0.00540	0.00463	0.00308	0.00154	0.00386	0.00270	0.00308	0.00540
3	0.00725	0.00483	0.00544	0.00544	0.00544	0.00483	0.00302	0.00725	0.00725	0.00966	0.01571	0.03262	0.01812	0.82483	0.02537	0.00483	0.00483	0.00725	0.00302	0.00302
4	0.00705	0.00510	0.00666	0.00627	0.00745	0.00470	0.00470	0.00941	0.01411	0.01999	0.79110	0.03723	0.04703	0.01019	0.00588	0.00157	0.00235	0.00901	0.00549	0.00470
5	0.00705	0.00510	0.00666	0.00627	0.00745	0.00470	0.00470	0.00941	0.01411	0.01999	0.79110	0.03723	0.04703	0.01019	0.00588	0.00157	0.00235	0.00901	0.00549	0.00470
