[name]
unknown

[dist]
# distance from previous block
# <min> <max>
27	297

[block]
# block no. 0 follows, 46 sequences, length 23
# corresponding to MSA columns:
# 341-363
name=unknown_A
#
# <colnr> <probs for GDERKNQSTAVLIFYWHMCP>
#	G	D	E	R	K	N	Q	S	T	A	V	L	I	F	Y	W	H	M	C	P
0	0.01174	0.06789	0.01345	0.07345	0.01498	0.00980	0.03370	0.05990	0.06422	0.03140	0.06572	0.03682	0.01216	0.00558	0.00508	0.00122	0.03754	0.00453	0.00354	0.44727
1	0.00968	0.00898	0.05839	0.04843	0.01299	0.00813	0.06880	0.10055	0.02594	0.02000	0.36371	0.09533	0.11506	0.00980	0.00635	0.00174	0.02690	0.00857	0.00483	0.00581
2	0.00976	0.00760	0.04683	0.00795	0.00986	0.00659	0.00633	0.09974	0.01387	0.07374	0.22684	0.29181	0.15431	0.01202	0.00617	0.00183	0.00352	0.01048	0.00518	0.00558
3	0.05453	0.07016	0.41095	0.01316	0.01910	0.01298	0.05114	0.13960	0.05993	0.01983	0.01112	0.03456	0.00856	0.00556	0.00493	0.00159	0.00658	0.00443	0.00314	0.06816
4	0.22621	0.03432	0.06268	0.01095	0.06859	0.01080	0.00875	0.10873	0.03022	0.32510	0.01446	0.01408	0.00992	0.00582	0.00465	0.00160	0.00482	0.00443	0.04610	0.00778
5	0.07898	0.01201	0.06113	0.20184	0.07424	0.01224	0.01102	0.28200	0.01600	0.02213	0.01705	0.02056	0.10113	0.00721	0.00537	0.00172	0.00569	0.05867	0.00397	0.00704
6	0.04576	0.01049	0.01148	0.00935	0.01255	0.01117	0.00756	0.30705	0.11522	0.16326	0.01635	0.01631	0.01177	0.00639	0.00481	0.00153	0.00440	0.00500	0.23187	0.00770
7	0.00786	0.00583	0.00784	0.00850	0.00977	0.00581	0.00711	0.01001	0.01170	0.01532	0.08690	0.04955	0.16198	0.01861	0.14862	0.00335	0.00597	0.42592	0.00458	0.00478
8	0.03094	0.33658	0.30781	0.01131	0.01669	0.01459	0.01264	0.01689	0.01156	0.10646	0.02432	0.01483	0.00991	0.00579	0.00456	0.00151	0.00618	0.05715	0.00303	0.00724
9	0.01240	0.35228	0.43460	0.01300	0.04201	0.01576	0.01487	0.01653	0.01110	0.03068	0.00885	0.01025	0.00691	0.00484	0.00436	0.00145	0.00681	0.00351	0.00234	0.00743
10	0.00717	0.00564	0.00651	0.00630	0.00784	0.00513	0.00472	0.00969	0.05074	0.01784	0.38688	0.07544	0.37288	0.01202	0.00622	0.00174	0.00268	0.01032	0.00535	0.00489
11	0.00755	0.00556	0.00796	0.00789	0.00879	0.00617	0.00597	0.00936	0.00958	0.01368	0.15209	0.02554	0.02043	0.11267	0.57409	0.00692	0.01115	0.00657	0.00341	0.00462
12	0.01351	0.63062	0.09720	0.10378	0.01715	0.01875	0.01067	0.01584	0.01085	0.02886	0.00807	0.00959	0.00694	0.00470	0.00381	0.00127	0.00600	0.00320	0.00236	0.00682
13	0.01547	0.04798	0.10566	0.01186	0.05632	0.01008	0.05554	0.06937	0.10401	0.26870	0.11076	0.05955	0.04630	0.00738	0.00547	0.00167	0.00498	0.00632	0.00493	0.00764
14	0.00686	0.00517	0.00729	0.10172	0.01108	0.00518	0.00607	0.00809	0.01017	0.01350	0.02679	0.71610	0.03165	0.01522	0.00657	0.00210	0.00354	0.01380	0.00460	0.00448
15	0.04668	0.00841	0.01110	0.00883	0.01231	0.00753	0.00718	0.02244	0.03902	0.58765	0.16786	0.02193	0.02011	0.00734	0.00543	0.00165	0.00409	0.00608	0.00626	0.00809
16	0.05460	0.14078	0.36114	0.07427	0.12058	0.06954	0.03147	0.01684	0.01158	0.04777	0.01957	0.01170	0.00777	0.00508	0.00477	0.00156	0.00698	0.00400	0.00262	0.00736
17	0.01213	0.01014	0.01647	0.48232	0.02810	0.01237	0.06022	0.01500	0.01068	0.10521	0.01029	0.01400	0.00780	0.00627	0.00804	0.00187	0.18506	0.00485	0.00286	0.00630
18	0.00659	0.00479	0.00621	0.00708	0.00766	0.00442	0.00484	0.00779	0.01104	0.01477	0.14823	0.62442	0.10186	0.01539	0.00662	0.00204	0.00294	0.01384	0.00505	0.00442
19	0.00741	0.00626	0.04555	0.00755	0.00868	0.00518	0.00571	0.02515	0.01172	0.02623	0.19252	0.50700	0.08928	0.02740	0.00680	0.00202	0.00326	0.01253	0.00497	0.00478
20	0.01548	0.01221	0.05208	0.01039	0.01492	0.01092	0.03252	0.24748	0.07060	0.11372	0.01269	0.01308	0.00936	0.00528	0.00474	0.00128	0.00494	0.00424	0.00430	0.35976
21	0.01300	0.01068	0.01211	0.05969	0.05206	0.02829	0.00864	0.13797	0.36893	0.03760	0.08207	0.10639	0.04299	0.00827	0.00558	0.00176	0.00453	0.00702	0.00498	0.00743
22	0.01653	0.00892	0.01187	0.10359	0.01515	0.00913	0.00837	0.08304	0.06426	0.35768	0.05040	0.13922	0.01689	0.03296	0.00697	0.00188	0.05367	0.00693	0.00522	0.00733

[dist]
# distance from previous block
# <min> <max>
5	21

[block]
# block no. 1 follows, 46 sequences, length 27
# corresponding to MSA columns:
# 385-411
name=unknown_B
#
# <colnr> <probs for GDERKNQSTAVLIFYWHMCP>
#	G	D	E	R	K	N	Q	S	T	A	V	L	I	F	Y	W	H	M	C	P
0	0.01264	0.01231	0.02155	0.08686	0.63984	0.01238	0.08356	0.01588	0.01197	0.01689	0.01103	0.01418	0.02687	0.00494	0.00535	0.00161	0.00649	0.00500	0.00266	0.00798
1	0.00864	0.00727	0.01043	0.07067	0.01205	0.00896	0.00792	0.01021	0.00904	0.01294	0.05437	0.12244	0.01638	0.08966	0.32513	0.00492	0.21402	0.00691	0.00312	0.00491
2	0.00672	0.00532	0.00606	0.00644	0.00781	0.00472	0.00488	0.00817	0.01177	0.01464	0.08270	0.18856	0.47748	0.03269	0.00698	0.00202	0.00312	0.12052	0.00491	0.00449
3	0.00737	0.00538	0.00692	0.00658	0.00784	0.00493	0.00492	0.00975	0.01464	0.02053	0.70943	0.05844	0.10122	0.01113	0.00625	0.00168	0.00252	0.00980	0.00573	0.00493
4	0.77635	0.01011	0.00818	0.00717	0.01052	0.01149	0.00591	0.01647	0.00955	0.09286	0.00859	0.00944	0.00639	0.00506	0.00346	0.00164	0.00413	0.00309	0.00357	0.00602
5	0.00666	0.00490	0.00625	0.00690	0.00765	0.00449	0.00480	0.00802	0.01157	0.01546	0.21316	0.51543	0.14582	0.01472	0.00655	0.00198	0.00287	0.01315	0.00513	0.00449
6	0.02318	0.00916	0.01224	0.00942	0.01344	0.00810	0.00777	0.06002	0.01548	0.72940	0.02038	0.01779	0.01291	0.00652	0.00527	0.00162	0.00451	0.00528	0.02862	0.00889
7	0.85155	0.01022	0.00777	0.00695	0.01022	0.01186	0.00573	0.01554	0.00900	0.02372	0.00736	0.00859	0.00573	0.00491	0.00327	0.00164	0.00409	0.00286	0.00327	0.00573
8	0.01265	0.00985	0.01144	0.00842	0.01281	0.00822	0.00677	0.11536	0.01332	0.06012	0.05992	0.01340	0.01097	0.00483	0.00432	0.00099	0.00411	0.00388	0.00378	0.63483
9	0.01096	0.00940	0.01096	0.00783	0.01253	0.00705	0.00626	0.01331	0.01096	0.01723	0.00940	0.01096	0.00783	0.00392	0.00392	0.00078	0.00392	0.00313	0.00313	0.84653
10	0.85155	0.01022	0.00777	0.00695	0.01022	0.01186	0.00573	0.01554	0.00900	0.02372	0.00736	0.00859	0.00573	0.00491	0.00327	0.00164	0.00409	0.00286	0.00327	0.00573
11	0.09795	0.01066	0.01282	0.00992	0.01397	0.01045	0.00819	0.22202	0.01717	0.51489	0.01745	0.01572	0.01132	0.00634	0.00512	0.00162	0.00481	0.00494	0.00591	0.00870
12	0.85155	0.01022	0.00777	0.00695	0.01022	0.01186	0.00573	0.01554	0.00900	0.02372	0.00736	0.00859	0.00573	0.00491	0.00327	0.00164	0.00409	0.00286	0.00327	0.00573
13	0.01308	0.01256	0.02146	0.03245	0.78123	0.01256	0.01622	0.01622	0.01204	0.01727	0.00994	0.01308	0.00837	0.00471	0.00523	0.00157	0.00628	0.00471	0.00262	0.00837
14	0.01856	0.01405	0.01500	0.01185	0.01581	0.01568	0.00968	0.60109	0.18987	0.03084	0.01464	0.01425	0.01057	0.00653	0.00531	0.00163	0.00546	0.00503	0.00531	0.00885
15	0.01360	0.01158	0.01221	0.01085	0.01392	0.01336	0.00848	0.07540	0.72364	0.02284	0.02095	0.01927	0.01568	0.00712	0.00537	0.00178	0.00429	0.00590	0.00537	0.00841
16	0.00664	0.00488	0.00623	0.00694	0.00765	0.00447	0.00481	0.00796	0.01143	0.01527	0.19497	0.54145	0.13807	0.01489	0.00657	0.00199	0.00289	0.01332	0.00511	0.00447
17	0.02360	0.00920	0.01239	0.00950	0.01359	0.00806	0.00785	0.05099	0.01546	0.75920	0.02058	0.01781	0.01295	0.00654	0.00532	0.00163	0.00454	0.00530	0.00650	0.00900
18	0.01619	0.01412	0.08474	0.05315	0.07712	0.06097	0.01092	0.34275	0.01751	0.08638	0.02943	0.03226	0.01159	0.03974	0.02155	0.00195	0.04784	0.03983	0.00430	0.00765
19	0.01381	0.02290	0.58693	0.01374	0.02060	0.01155	0.01661	0.05629	0.01268	0.17725	0.01201	0.01266	0.00814	0.00541	0.00510	0.00166	0.00702	0.00424	0.00328	0.00812
20	0.00741	0.00540	0.00697	0.00658	0.00786	0.00496	0.00493	0.00984	0.01480	0.02082	0.73842	0.04012	0.09014	0.01095	0.00624	0.00167	0.00250	0.00965	0.00577	0.00496
21	0.01318	0.00732	0.00977	0.07999	0.01267	0.00702	0.00699	0.01639	0.06495	0.26234	0.35641	0.03018	0.07735	0.00895	0.00582	0.00170	0.00372	0.02311	0.00563	0.00653
22	0.01281	0.10214	0.06888	0.27519	0.13318	0.05387	0.11868	0.04936	0.01215	0.05441	0.01087	0.03978	0.00877	0.00570	0.00542	0.01471	0.00680	0.00497	0.01549	0.00682
23	0.01097	0.00896	0.01468	0.60233	0.06597	0.01057	0.01300	0.01404	0.01100	0.08375	0.01273	0.10583	0.01086	0.00667	0.00545	0.00179	0.00632	0.00594	0.00304	0.00609
24	0.00695	0.00523	0.00657	0.00667	0.00780	0.00485	0.00488	0.00875	0.01256	0.01695	0.36194	0.21932	0.21749	0.01538	0.07785	0.00242	0.00373	0.01086	0.00512	0.00468
25	0.01975	0.02520	0.01498	0.01362	0.01634	0.79299	0.01021	0.02111	0.01498	0.01294	0.00817	0.00953	0.00681	0.00545	0.00477	0.00136	0.00953	0.00340	0.00272	0.00613
26	0.01337	0.01228	0.05311	0.11149	0.32957	0.05343	0.06121	0.05371	0.01281	0.08666	0.01389	0.05081	0.01227	0.02037	0.00594	0.00179	0.00629	0.09027	0.00343	0.00729

[dist]
# distance from previous block
# <min> <max>
4	31

[block]
# block no. 2 follows, 46 sequences, length 30
# corresponding to MSA columns:
# 443-458,462-475
name=unknown_C
#
# <colnr> <probs for GDERKNQSTAVLIFYWHMCP>
#	G	D	E	R	K	N	Q	S	T	A	V	L	I	F	Y	W	H	M	C	P
0	0.04447	0.00848	0.01114	0.00873	0.01241	0.00749	0.00716	0.02365	0.01441	0.65977	0.02000	0.01797	0.01295	0.00645	0.00504	0.00158	0.00421	0.00520	0.12055	0.00835
1	0.01022	0.00674	0.00785	0.00712	0.00924	0.00631	0.00549	0.01389	0.11689	0.13334	0.28144	0.03797	0.32160	0.01067	0.00599	0.00172	0.00310	0.00905	0.00552	0.00585
2	0.00944	0.00733	0.00827	0.00771	0.00929	0.05702	0.00596	0.04915	0.01516	0.04216	0.58757	0.03761	0.05574	0.01050	0.00616	0.00171	0.00339	0.07496	0.00551	0.00536
3	0.00685	0.00497	0.00648	0.00709	0.00783	0.00460	0.00501	0.00837	0.01192	0.01619	0.27957	0.48128	0.08520	0.01439	0.00657	0.00197	0.00292	0.03903	0.00521	0.00456
4	0.01096	0.00940	0.01096	0.00783	0.01253	0.00705	0.00626	0.01331	0.01096	0.01723	0.00940	0.01096	0.00783	0.00392	0.00392	0.00078	0.00392	0.00313	0.00313	0.84653
5	0.00852	0.00608	0.00852	0.00974	0.01095	0.00608	0.00852	0.01095	0.01217	0.01582	0.02799	0.05963	0.03042	0.01460	0.00730	0.00243	0.00487	0.74565	0.00487	0.00487
6	0.01413	0.81739	0.02770	0.00905	0.01357	0.02092	0.00905	0.01583	0.01074	0.01244	0.00735	0.00848	0.00678	0.00452	0.00339	0.00113	0.00565	0.00283	0.00226	0.00678
7	0.85155	0.01022	0.00777	0.00695	0.01022	0.01186	0.00573	0.01554	0.00900	0.02372	0.00736	0.00859	0.00573	0.00491	0.00327	0.00164	0.00409	0.00286	0.00327	0.00573
8	0.00768	0.00517	0.00598	0.00598	0.00605	0.00524	0.00347	0.00782	0.00775	0.01041	0.01646	0.03351	0.01875	0.75360	0.08688	0.00539	0.00583	0.00753	0.00317	0.00332
9	0.01157	0.01157	0.01619	0.01388	0.01388	0.01619	0.01157	0.01272	0.00810	0.01272	0.00694	0.01157	0.00694	0.00925	0.01735	0.00231	0.80453	0.00463	0.00231	0.00578
10	0.00672	0.00480	0.00642	0.00736	0.00772	0.00469	0.00497	0.00768	0.00965	0.01300	0.02584	0.62487	0.03041	0.10007	0.11599	0.00331	0.00479	0.01301	0.00445	0.00424
11	0.00927	0.00688	0.00932	0.00882	0.01015	0.00785	0.00686	0.11213	0.01067	0.01501	0.01412	0.02057	0.01303	0.08553	0.63596	0.00733	0.01243	0.00567	0.00319	0.00520
12	0.00943	0.00847	0.01391	0.64616	0.03073	0.01031	0.01272	0.01251	0.01052	0.01376	0.01278	0.13798	0.01164	0.00707	0.00545	0.00180	0.00624	0.00631	0.03662	0.00559
13	0.01525	0.01425	0.12010	0.06421	0.04080	0.01386	0.01144	0.34850	0.01643	0.04731	0.01109	0.01351	0.00866	0.03002	0.02282	0.05585	0.15000	0.00472	0.00381	0.00737
14	0.01208	0.01704	0.19184	0.02075	0.02662	0.01314	0.60417	0.01689	0.01220	0.01689	0.01044	0.01360	0.00774	0.00458	0.00598	0.00176	0.00868	0.00574	0.00258	0.00728
15	0.00644	0.00460	0.00613	0.00736	0.00767	0.00429	0.00491	0.00736	0.01012	0.01350	0.02914	0.81076	0.03497	0.01656	0.00675	0.00215	0.00307	0.01503	0.00491	0.00429
16	0.01413	0.81739	0.02770	0.00905	0.01357	0.02092	0.00905	0.01583	0.01074	0.01244	0.00735	0.00848	0.00678	0.00452	0.00339	0.00113	0.00565	0.00283	0.00226	0.00678
17	0.02172	0.01037	0.03671	0.01181	0.04555	0.00892	0.08107	0.04946	0.01497	0.63310	0.01884	0.01706	0.01209	0.00622	0.00539	0.00165	0.00513	0.00532	0.00585	0.00876
18	0.00872	0.00654	0.00952	0.11767	0.01442	0.00686	0.00936	0.01130	0.01195	0.01551	0.02546	0.05342	0.02724	0.01333	0.00703	0.00234	0.00517	0.64465	0.00452	0.00500
19	0.01086	0.02151	0.52365	0.01409	0.05345	0.01092	0.03705	0.01580	0.01118	0.01690	0.00952	0.01128	0.00711	0.00470	0.00477	0.00143	0.00673	0.00380	0.00250	0.23273
20	0.01590	0.58130	0.02385	0.01031	0.01433	0.23190	0.00934	0.01751	0.01201	0.03101	0.00790	0.00900	0.00694	0.00482	0.00381	0.00121	0.00669	0.00304	0.00249	0.00666
21	0.01306	0.00956	0.01133	0.00822	0.01281	0.00752	0.00662	0.04469	0.01208	0.12251	0.01109	0.01199	0.00859	0.00437	0.00416	0.00093	0.00407	0.00349	0.00368	0.69923
22	0.01073	0.03059	0.29819	0.01830	0.23089	0.01084	0.06298	0.01513	0.04174	0.01693	0.07362	0.12428	0.01530	0.00717	0.00552	0.00172	0.00616	0.01954	0.00319	0.00717
23	0.01033	0.02586	0.73600	0.01457	0.02189	0.01176	0.01858	0.01613	0.01109	0.01653	0.01077	0.06321	0.00854	0.00577	0.00513	0.00170	0.00750	0.00463	0.00241	0.00758
24	0.02136	0.00840	0.01143	0.00913	0.01270	0.00730	0.00738	0.02326	0.01445	0.67974	0.02199	0.12606	0.01607	0.00791	0.00551	0.00171	0.00430	0.00664	0.00632	0.00836
25	0.01119	0.01104	0.01584	0.12103	0.01678	0.01521	0.01179	0.01270	0.00845	0.01281	0.00756	0.01227	0.00720	0.00991	0.04640	0.00248	0.66456	0.00468	0.00234	0.00575
26	0.02185	0.00905	0.01276	0.11738	0.01662	0.00831	0.00871	0.02409	0.01451	0.67974	0.01929	0.01746	0.01226	0.00637	0.00531	0.00165	0.00485	0.00523	0.00597	0.00857
27	0.00998	0.00940	0.01586	0.80150	0.03641	0.01175	0.01468	0.01351	0.01057	0.01351	0.00940	0.01409	0.00705	0.00529	0.00529	0.00176	0.00705	0.00470	0.00235	0.00587
28	0.00998	0.00940	0.01586	0.80150	0.03641	0.01175	0.01468	0.01351	0.01057	0.01351	0.00940	0.01409	0.00705	0.00529	0.00529	0.00176	0.00705	0.00470	0.00235	0.00587
29	0.85155	0.01022	0.00777	0.00695	0.01022	0.01186	0.00573	0.01554	0.00900	0.02372	0.00736	0.00859	0.00573	0.00491	0.00327	0.00164	0.00409	0.00286	0.00327	0.00573

[dist]
# distance from previous block
# <min> <max>
0	7

[block]
# block no. 3 follows, 46 sequences, length 22
# corresponding to MSA columns:
# 483-499,505-509
name=unknown_D
#
# <colnr> <probs for GDERKNQSTAVLIFYWHMCP>
#	G	D	E	R	K	N	Q	S	T	A	V	L	I	F	Y	W	H	M	C	P
0	0.02338	0.00955	0.01261	0.00967	0.01377	0.00859	0.00799	0.09552	0.01605	0.71383	0.02008	0.01749	0.01270	0.00652	0.00531	0.00163	0.00462	0.00526	0.00642	0.00900
1	0.01099	0.01124	0.08153	0.00912	0.01360	0.00848	0.00802	0.01356	0.01068	0.01671	0.00915	0.01104	0.00763	0.00458	0.00543	0.00102	0.08840	0.00336	0.00296	0.68248
2	0.00918	0.00459	0.00689	0.00689	0.00689	0.00459	0.00459	0.00689	0.00689	0.00918	0.00918	0.01607	0.00918	0.01837	0.02066	0.84619	0.00459	0.00459	0.00230	0.00230
3	0.01315	0.01136	0.01195	0.01076	0.01375	0.01315	0.00837	0.02809	0.77168	0.02211	0.02152	0.01972	0.01614	0.00717	0.00538	0.00179	0.00418	0.00598	0.00538	0.00837
4	0.00769	0.00513	0.00577	0.00577	0.00577	0.00513	0.00320	0.00769	0.00769	0.01025	0.01666	0.03460	0.01922	0.81421	0.02691	0.00513	0.00513	0.00769	0.00320	0.00320
5	0.01605	0.54777	0.02341	0.01055	0.01451	0.25443	0.00944	0.04524	0.01255	0.01337	0.00780	0.00896	0.00687	0.00487	0.00388	0.00122	0.00683	0.00307	0.00251	0.00667
6	0.01463	0.00950	0.01149	0.00840	0.01293	0.00759	0.00680	0.04481	0.01257	0.21811	0.01251	0.01286	0.00925	0.00469	0.00433	0.00104	0.00414	0.00376	0.00410	0.59649
7	0.01594	0.04487	0.10601	0.08228	0.01655	0.06306	0.02083	0.07897	0.05317	0.26168	0.07425	0.05783	0.01496	0.00733	0.00610	0.00171	0.05335	0.02919	0.00456	0.00737
8	0.06380	0.00780	0.01099	0.14402	0.09968	0.00802	0.00854	0.04530	0.01179	0.14190	0.02028	0.37448	0.02081	0.01055	0.00582	0.00188	0.00451	0.00936	0.00441	0.00607
9	0.00688	0.00484	0.00625	0.00703	0.00731	0.00473	0.00459	0.00764	0.00931	0.01250	0.02437	0.52703	0.02869	0.23696	0.08325	0.00354	0.00463	0.01217	0.00425	0.00403
10	0.00808	0.00559	0.00751	0.00796	0.00857	0.00567	0.00566	0.00924	0.01073	0.06040	0.10940	0.59069	0.03247	0.03012	0.00795	0.00214	0.07546	0.01276	0.00484	0.00477
11	0.01527	0.10398	0.08603	0.04421	0.27277	0.09887	0.02501	0.07731	0.10923	0.09809	0.01223	0.01339	0.00935	0.00544	0.00501	0.00155	0.00628	0.00454	0.00351	0.00791
12	0.01231	0.00705	0.00723	0.02921	0.00904	0.04003	0.00521	0.03642	0.05943	0.10454	0.01717	0.01873	0.01306	0.00621	0.00412	0.00134	0.00333	0.00496	0.61483	0.00579
13	0.00662	0.00474	0.00629	0.00724	0.00771	0.00441	0.00492	0.00781	0.01095	0.01481	0.15701	0.67914	0.03751	0.01558	0.00666	0.00206	0.00297	0.01410	0.00506	0.00441
14	0.01327	0.01196	0.02014	0.15708	0.35788	0.03679	0.14859	0.01643	0.01210	0.08553	0.01241	0.01513	0.03343	0.00540	0.00577	0.00166	0.03047	0.00521	0.02332	0.00742
15	0.01401	0.09691	0.06271	0.12302	0.09917	0.10243	0.04324	0.05968	0.24938	0.05141	0.01488	0.01562	0.03249	0.00604	0.00511	0.00162	0.00604	0.00499	0.00377	0.00747
16	0.00653	0.00480	0.00612	0.00698	0.00761	0.00440	0.00478	0.00769	0.01095	0.01447	0.11587	0.60943	0.15010	0.01544	0.00661	0.00204	0.00294	0.01383	0.00501	0.00440
17	0.01072	0.01015	0.01719	0.61822	0.21392	0.01194	0.01505	0.01415	0.01092	0.01440	0.00953	0.01385	0.00736	0.00515	0.00527	0.00172	0.00686	0.00470	0.00241	0.00647
18	0.01371	0.10912	0.15844	0.02568	0.03676	0.16541	0.01107	0.08508	0.06441	0.03912	0.02687	0.10215	0.04078	0.00749	0.00640	0.00167	0.09000	0.00565	0.00343	0.00675
19	0.01311	0.04764	0.27997	0.06432	0.08090	0.01249	0.23029	0.01855	0.08063	0.10206	0.01213	0.01381	0.00879	0.00519	0.00541	0.00169	0.00719	0.00499	0.00316	0.00769
20	0.75984	0.01009	0.00827	0.00722	0.01059	0.01141	0.00595	0.01667	0.00968	0.10804	0.00886	0.00963	0.00654	0.00509	0.00350	0.00164	0.00413	0.00313	0.00363	0.00609
21	0.10927	0.01353	0.04844	0.06121	0.01731	0.01410	0.07754	0.45002	0.04047	0.02655	0.01198	0.01400	0.00914	0.05457	0.00681	0.02225	0.00595	0.00485	0.00432	0.00769

[dist]
# distance from previous block
# <min> <max>
0	21

[block]
# block no. 4 follows, 46 sequences, length 30
# corresponding to MSA columns:
# 531-548,553-564
name=unknown_E
#
# <colnr> <probs for GDERKNQSTAVLIFYWHMCP>
#	G	D	E	R	K	N	Q	S	T	A	V	L	I	F	Y	W	H	M	C	P
0	0.19151	0.00702	0.00796	0.00715	0.00921	0.00700	0.00556	0.01351	0.03165	0.11411	0.50268	0.02976	0.03511	0.00893	0.00546	0.00166	0.00312	0.00752	0.00535	0.00571
1	0.01117	0.13035	0.01271	0.05237	0.01234	0.00987	0.00778	0.04309	0.01040	0.09870	0.01338	0.01757	0.01151	0.02558	0.46567	0.00558	0.03722	0.00505	0.02388	0.00578
2	0.01418	0.00676	0.00892	0.00769	0.00997	0.00606	0.00596	0.01625	0.01407	0.33191	0.32430	0.09733	0.03002	0.04174	0.00658	0.00181	0.00347	0.00794	0.05854	0.00649
3	0.01096	0.00940	0.01096	0.00783	0.01253	0.00705	0.00626	0.01331	0.01096	0.01723	0.00940	0.01096	0.00783	0.00392	0.00392	0.00078	0.00392	0.00313	0.00313	0.84653
4	0.01904	0.01428	0.01527	0.01195	0.01599	0.01590	0.00979	0.65164	0.13854	0.03161	0.01404	0.01376	0.01008	0.00647	0.00530	0.00162	0.00557	0.00494	0.00530	0.00890
5	0.00769	0.00513	0.00577	0.00577	0.00577	0.00513	0.00320	0.00769	0.00769	0.01025	0.01666	0.03460	0.01922	0.81421	0.02691	0.00513	0.00513	0.00769	0.00320	0.00320
6	0.01416	0.75277	0.05530	0.00938	0.01392	0.02020	0.00946	0.01602	0.01080	0.02988	0.00772	0.00886	0.00693	0.00469	0.00379	0.00119	0.02277	0.00296	0.00236	0.00685
7	0.01157	0.01157	0.01619	0.01388	0.01388	0.01619	0.01157	0.01272	0.00810	0.01272	0.00694	0.01157	0.00694	0.00925	0.01735	0.00231	0.80453	0.00463	0.00231	0.00578
8	0.72554	0.01004	0.00845	0.00733	0.01072	0.01124	0.00604	0.01710	0.00993	0.13959	0.00942	0.01002	0.00685	0.00516	0.00358	0.00164	0.00415	0.00324	0.00377	0.00622
9	0.00826	0.00629	0.00770	0.00722	0.00874	0.00619	0.00545	0.01255	0.12990	0.02080	0.60801	0.05149	0.08598	0.01051	0.00612	0.00170	0.00277	0.00921	0.00568	0.00546
10	0.72369	0.01043	0.00905	0.00801	0.01078	0.01252	0.00661	0.01511	0.00886	0.02205	0.00730	0.00904	0.00591	0.00557	0.00541	0.00174	0.12593	0.00313	0.00313	0.00573
11	0.01413	0.81739	0.02770	0.00905	0.01357	0.02092	0.00905	0.01583	0.01074	0.01244	0.00735	0.00848	0.00678	0.00452	0.00339	0.00113	0.00565	0.00283	0.00226	0.00678
12	0.01096	0.00940	0.01096	0.00783	0.01253	0.00705	0.00626	0.01331	0.01096	0.01723	0.00940	0.01096	0.00783	0.00392	0.00392	0.00078	0.00392	0.00313	0.00313	0.84653
13	0.00810	0.00921	0.12658	0.10165	0.01345	0.00683	0.00822	0.01112	0.01350	0.01873	0.47857	0.03362	0.13078	0.00960	0.00594	0.00169	0.00386	0.00833	0.00475	0.00546
14	0.01085	0.06066	0.58386	0.01322	0.02021	0.01156	0.01618	0.01596	0.01110	0.01664	0.00937	0.01099	0.00695	0.00476	0.00471	0.00146	0.00687	0.00369	0.00243	0.18854
15	0.28029	0.41124	0.05140	0.01022	0.05031	0.09343	0.00889	0.01632	0.01069	0.01648	0.00765	0.00895	0.00652	0.00477	0.00365	0.00136	0.00566	0.00303	0.00264	0.00650
16	0.14196	0.66450	0.02410	0.00874	0.01306	0.01905	0.00849	0.01615	0.01064	0.04284	0.00785	0.00885	0.00686	0.00466	0.00345	0.00123	0.00537	0.00292	0.00257	0.00671
17	0.00641	0.00525	0.00566	0.00580	0.00730	0.00449	0.00426	0.00781	0.01207	0.01490	0.12772	0.16532	0.58747	0.01359	0.00632	0.00183	0.00272	0.01158	0.00501	0.00449
18	0.00915	0.00710	0.04471	0.12779	0.01208	0.00670	0.00633	0.01036	0.00925	0.06087	0.05729	0.04179	0.01799	0.50056	0.06320	0.00418	0.00584	0.00702	0.00339	0.00440
19	0.00739	0.00540	0.00694	0.00655	0.00784	0.00495	0.00492	0.00980	0.01475	0.02069	0.72456	0.04034	0.10408	0.01100	0.00624	0.00167	0.00251	0.00968	0.00575	0.00495
20	0.05943	0.01580	0.10574	0.01413	0.11096	0.12244	0.01097	0.32428	0.01792	0.02415	0.12762	0.01598	0.01439	0.00646	0.00522	0.00158	0.00604	0.00509	0.00421	0.00759
21	0.01045	0.00713	0.00943	0.00849	0.01067	0.00633	0.03638	0.05111	0.01192	0.10678	0.03730	0.43105	0.04607	0.01138	0.00584	0.00172	0.00378	0.01017	0.00466	0.18934
22	0.01372	0.05744	0.07829	0.04956	0.04798	0.01246	0.40516	0.01733	0.01226	0.13306	0.01273	0.03427	0.00999	0.00582	0.00654	0.00178	0.05792	0.03319	0.00330	0.00720
23	0.01342	0.01449	0.01570	0.01365	0.01440	0.18336	0.01110	0.01537	0.05142	0.01328	0.00800	0.01158	0.00742	0.00832	0.01398	0.00208	0.58942	0.00444	0.00257	0.00600
24	0.01382	0.01424	0.13661	0.06328	0.54006	0.01191	0.01566	0.01730	0.01220	0.10768	0.01114	0.01342	0.00861	0.00500	0.00521	0.00160	0.00634	0.00466	0.00301	0.00824
25	0.00714	0.00539	0.00659	0.00629	0.00769	0.00484	0.00472	0.00931	0.01415	0.01926	0.57485	0.04269	0.25468	0.01153	0.00624	0.00170	0.00255	0.01001	0.00556	0.00484
26	0.00728	0.00528	0.00687	0.00672	0.00784	0.00487	0.00494	0.00950	0.01413	0.01980	0.64092	0.15726	0.07121	0.01177	0.00631	0.00174	0.00259	0.01044	0.00565	0.00487
27	0.00637	0.00518	0.00565	0.00592	0.00732	0.00446	0.00429	0.00768	0.01177	0.01453	0.09359	0.23288	0.55398	0.01399	0.00637	0.00186	0.00276	0.01199	0.00497	0.00446
28	0.00821	0.00598	0.00753	0.00697	0.00840	0.00567	0.00527	0.05754	0.01535	0.02150	0.68225	0.05721	0.07638	0.01077	0.00619	0.00167	0.00273	0.00946	0.00573	0.00520
29	0.01060	0.02735	0.78682	0.01507	0.02288	0.01228	0.01953	0.01674	0.01116	0.01674	0.00949	0.01116	0.00670	0.00502	0.00502	0.00167	0.00781	0.00391	0.00223	0.00781

[dist]
# distance from previous block
# <min> <max>
0	11

[block]
# block no. 5 follows, 46 sequences, length 15
# corresponding to MSA columns:
# 576-582,588-595
name=unknown_F
#
# <colnr> <probs for GDERKNQSTAVLIFYWHMCP>
#	G	D	E	R	K	N	Q	S	T	A	V	L	I	F	Y	W	H	M	C	P
0	0.85155	0.01022	0.00777	0.00695	0.01022	0.01186	0.00573	0.01554	0.00900	0.02372	0.00736	0.00859	0.00573	0.00491	0.00327	0.00164	0.00409	0.00286	0.00327	0.00573
1	0.01975	0.02520	0.01498	0.01362	0.01634	0.79299	0.01021	0.02111	0.01498	0.01294	0.00817	0.00953	0.00681	0.00545	0.00477	0.00136	0.00953	0.00340	0.00272	0.00613
2	0.00755	0.00566	0.00850	0.00850	0.00944	0.00661	0.00661	0.00944	0.00850	0.01227	0.01416	0.02077	0.01322	0.03965	0.79326	0.00850	0.01416	0.00566	0.00283	0.00472
3	0.00653	0.00473	0.00617	0.00715	0.00765	0.00437	0.00485	0.00763	0.01073	0.01431	0.10458	0.68129	0.08891	0.01577	0.00666	0.00207	0.00298	0.01422	0.00500	0.00437
4	0.00663	0.00468	0.00608	0.00712	0.00738	0.00442	0.00465	0.00741	0.00975	0.01300	0.02724	0.69265	0.03257	0.13794	0.00982	0.00260	0.00338	0.01391	0.00465	0.00413
5	0.00708	0.00507	0.00666	0.00771	0.00822	0.00486	0.00536	0.03447	0.01080	0.01437	0.02847	0.72713	0.03371	0.01606	0.00674	0.00215	0.00330	0.06846	0.00492	0.00450
6	0.06287	0.20240	0.40978	0.02953	0.01919	0.03013	0.04649	0.01686	0.01130	0.06368	0.00960	0.01097	0.00719	0.00492	0.00455	0.00149	0.00674	0.00375	0.00265	0.05591
7	0.03736	0.22147	0.49131	0.01332	0.01983	0.01419	0.05083	0.01705	0.01130	0.06350	0.00965	0.01099	0.00715	0.00496	0.00464	0.00154	0.00701	0.00380	0.00256	0.00754
8	0.53431	0.14826	0.11035	0.00881	0.01291	0.03482	0.00840	0.05914	0.01064	0.02121	0.00796	0.00916	0.00624	0.00496	0.00367	0.00155	0.00507	0.00311	0.00307	0.00637
9	0.01200	0.02833	0.06731	0.00858	0.01172	0.00812	0.00737	0.06952	0.05551	0.13066	0.27415	0.02633	0.10450	0.00818	0.00570	0.00153	0.02201	0.00681	0.00489	0.14679
10	0.00918	0.00459	0.00689	0.00689	0.00689	0.00459	0.00459	0.00689	0.00689	0.00918	0.00918	0.01607	0.00918	0.01837	0.02066	0.84619	0.00459	0.00459	0.00230	0.00230
11	0.07421	0.01142	0.01705	0.16925	0.40442	0.05000	0.03382	0.01497	0.02759	0.01620	0.01299	0.01591	0.06481	0.00640	0.00614	0.05398	0.00608	0.00504	0.00283	0.00690
12	0.07421	0.39029	0.29439	0.06077	0.01870	0.01627	0.04840	0.01604	0.01083	0.01507	0.00839	0.01006	0.00675	0.00477	0.00421	0.00143	0.00654	0.00349	0.00235	0.00703
13	0.00661	0.00513	0.00602	0.00630	0.00749	0.00454	0.00453	0.00810	0.01216	0.01573	0.22299	0.28595	0.36804	0.01375	0.00640	0.00187	0.00275	0.01198	0.00513	0.00454
14	0.01581	0.01213	0.01565	0.19876	0.02070	0.01342	0.06573	0.41817	0.01881	0.04440	0.05655	0.01530	0.01124	0.00621	0.00530	0.00162	0.00588	0.00516	0.06155	0.00761

[dist]
# distance from previous block
# <min> <max>
0	2

[block]
# block no. 6 follows, 46 sequences, length 26
# corresponding to MSA columns:
# 600-606,634-652
name=unknown_G
#
# <colnr> <probs for GDERKNQSTAVLIFYWHMCP>
#	G	D	E	R	K	N	Q	S	T	A	V	L	I	F	Y	W	H	M	C	P
0	0.10542	0.11264	0.09703	0.01199	0.01651	0.04327	0.05680	0.37725	0.03035	0.08185	0.01161	0.01208	0.00842	0.00572	0.00486	0.00156	0.00602	0.00434	0.00423	0.00803
1	0.00824	0.00623	0.00783	0.00856	0.00974	0.00630	0.00672	0.01174	0.11724	0.01562	0.02957	0.29984	0.10138	0.03833	0.00734	0.00227	0.00398	0.30911	0.00491	0.00508
2	0.00765	0.00515	0.00598	0.00601	0.00609	0.00522	0.00350	0.00781	0.00781	0.01048	0.01678	0.05271	0.01915	0.73572	0.08458	0.00531	0.00576	0.00772	0.00322	0.00335
3	0.01435	0.78691	0.02721	0.00922	0.01368	0.05063	0.00909	0.01603	0.01090	0.01246	0.00738	0.00852	0.00679	0.00456	0.00345	0.00114	0.00580	0.00285	0.00228	0.00676
4	0.01090	0.07578	0.71590	0.01524	0.04602	0.01282	0.01878	0.01667	0.01116	0.01649	0.00937	0.01106	0.00675	0.00498	0.00493	0.00164	0.00763	0.00386	0.00225	0.00777
5	0.01299	0.01212	0.01871	0.05449	0.54886	0.01269	0.01407	0.01930	0.21529	0.01843	0.01302	0.01490	0.01040	0.00539	0.00527	0.00164	0.00575	0.00505	0.00335	0.00828
6	0.00918	0.00459	0.00689	0.00689	0.00689	0.00459	0.00459	0.00689	0.00689	0.00918	0.00918	0.01607	0.00918	0.01837	0.02066	0.84619	0.00459	0.00459	0.00230	0.00230
7	0.00768	0.00514	0.00584	0.00584	0.00587	0.00517	0.00330	0.00774	0.00771	0.01031	0.01659	0.03420	0.01905	0.79192	0.04896	0.00522	0.00539	0.00763	0.00319	0.00325
8	0.00669	0.00529	0.00603	0.00603	0.00746	0.00462	0.00445	0.00838	0.01283	0.01657	0.29948	0.13378	0.44389	0.01287	0.00630	0.00178	0.00266	0.01105	0.00522	0.00462
9	0.01386	0.53461	0.21816	0.01089	0.01621	0.01827	0.01180	0.09365	0.01231	0.01569	0.00844	0.00959	0.00699	0.00484	0.00400	0.00132	0.00622	0.00330	0.00257	0.00727
10	0.00793	0.00576	0.00657	0.00629	0.00783	0.00544	0.00474	0.01102	0.07089	0.01894	0.37625	0.03815	0.26124	0.01054	0.00575	0.00164	0.00267	0.00900	0.14428	0.00508
11	0.01419	0.61568	0.02509	0.01013	0.01457	0.08544	0.05546	0.01609	0.01124	0.01326	0.00784	0.00919	0.00697	0.00454	0.00374	0.00115	0.00601	0.00312	0.00242	0.09389
12	0.00639	0.00505	0.00576	0.00624	0.00739	0.00442	0.00443	0.00761	0.01140	0.01429	0.07817	0.36057	0.44049	0.01456	0.00645	0.00193	0.00283	0.01266	0.00495	0.00442
13	0.07517	0.58988	0.12912	0.01007	0.01471	0.04742	0.01038	0.01601	0.01073	0.01388	0.00766	0.00901	0.00670	0.00484	0.00419	0.00130	0.03672	0.00307	0.00235	0.00678
14	0.01129	0.01066	0.07153	0.01561	0.22483	0.00976	0.01013	0.01719	0.20774	0.05427	0.15275	0.10472	0.07042	0.00831	0.00566	0.00173	0.00455	0.00734	0.00443	0.00709
15	0.02077	0.00976	0.01234	0.00963	0.01337	0.00924	0.00788	0.18163	0.01719	0.52158	0.12068	0.01974	0.01714	0.00707	0.00543	0.00163	0.00451	0.00577	0.00618	0.00846
16	0.00897	0.00691	0.01020	0.09353	0.07199	0.00713	0.00966	0.01155	0.01199	0.01566	0.02518	0.05120	0.04077	0.01286	0.00692	0.00229	0.00516	0.59835	0.00444	0.00523
17	0.02714	0.01633	0.16935	0.11152	0.06388	0.03729	0.46274	0.01657	0.01200	0.01651	0.01014	0.01335	0.00760	0.00471	0.00575	0.00173	0.00829	0.00540	0.00256	0.00712
18	0.00998	0.00940	0.01586	0.80150	0.03641	0.01175	0.01468	0.01351	0.01057	0.01351	0.00940	0.01409	0.00705	0.00529	0.00529	0.00176	0.00705	0.00470	0.00235	0.00587
19	0.00737	0.00532	0.00697	0.00672	0.00787	0.00492	0.00498	0.00970	0.01446	0.02040	0.70069	0.11952	0.04833	0.01140	0.00629	0.00171	0.00255	0.01013	0.00572	0.00492
20	0.00733	0.00758	0.08992	0.02650	0.01042	0.00585	0.02367	0.00909	0.01036	0.01403	0.06261	0.46422	0.08472	0.06604	0.08932	0.00287	0.00501	0.01143	0.00424	0.00479
21	0.01322	0.09854	0.12621	0.04565	0.41499	0.07392	0.04712	0.01643	0.01201	0.03842	0.01092	0.04223	0.00941	0.00551	0.00513	0.00158	0.00662	0.02170	0.00278	0.00762
22	0.00998	0.00940	0.01586	0.80150	0.03641	0.01175	0.01468	0.01351	0.01057	0.01351	0.00940	0.01409	0.00705	0.00529	0.00529	0.00176	0.00705	0.00470	0.00235	0.00587
23	0.01153	0.01171	0.01818	0.01488	0.01577	0.01520	0.13548	0.01318	0.00880	0.01330	0.00803	0.01311	0.00770	0.04687	0.01596	0.00236	0.63459	0.00504	0.00242	0.00588
24	0.00765	0.00637	0.00684	0.00676	0.00860	0.00605	0.00518	0.01138	0.13799	0.01610	0.09169	0.08191	0.51354	0.01244	0.00621	0.00185	0.00310	0.06614	0.00504	0.00517
25	0.18026	0.01246	0.01349	0.07106	0.03586	0.03083	0.00919	0.39854	0.01822	0.11723	0.01306	0.05397	0.00998	0.00648	0.00496	0.00164	0.00537	0.00495	0.00468	0.00780

[dist]
# distance from previous block
# <min> <max>
1	28

[block]
# block no. 7 follows, 46 sequences, length 10
# corresponding to MSA columns:
# 681,682,685-692
name=unknown_H
#
# <colnr> <probs for GDERKNQSTAVLIFYWHMCP>
#	G	D	E	R	K	N	Q	S	T	A	V	L	I	F	Y	W	H	M	C	P
0	0.78811	0.01040	0.00881	0.00888	0.06856	0.01191	0.00652	0.01559	0.00923	0.02323	0.00756	0.00893	0.00593	0.00489	0.00342	0.00163	0.00426	0.00300	0.00322	0.00593
1	0.01194	0.01148	0.01758	0.10294	0.51067	0.05623	0.01350	0.01469	0.01205	0.01649	0.07033	0.11128	0.01451	0.00670	0.00547	0.00165	0.00587	0.00625	0.00312	0.00725
2	0.01453	0.01244	0.11375	0.00994	0.01453	0.00966	0.00896	0.11977	0.09096	0.15939	0.01393	0.04382	0.01067	0.00568	0.00476	0.00132	0.00479	0.00460	0.00422	0.35228
3	0.01163	0.01089	0.10041	0.00877	0.01327	0.00741	0.00779	0.01423	0.01129	0.09032	0.01275	0.10251	0.01129	0.00573	0.00450	0.00112	0.00433	0.00478	0.00356	0.57344
4	0.01414	0.51754	0.20244	0.01079	0.01583	0.04179	0.01151	0.01687	0.01122	0.07334	0.00891	0.00998	0.00726	0.00499	0.00446	0.00135	0.03450	0.00335	0.00260	0.00714
5	0.00858	0.00902	0.12661	0.00802	0.01039	0.00641	0.00726	0.01159	0.03004	0.04779	0.45676	0.03407	0.11904	0.05788	0.04152	0.00218	0.00410	0.00835	0.00490	0.00547
6	0.02314	0.00992	0.01284	0.00984	0.01395	0.00914	0.00813	0.14276	0.01667	0.66572	0.01956	0.01715	0.01244	0.00651	0.00531	0.00163	0.00471	0.00523	0.00634	0.00900
7	0.01268	0.01102	0.01870	0.19242	0.46420	0.01136	0.04729	0.01569	0.01183	0.07664	0.01231	0.07978	0.01065	0.00595	0.00542	0.00167	0.00615	0.00568	0.00306	0.00750
8	0.01055	0.07136	0.07658	0.06787	0.01336	0.00873	0.07289	0.03900	0.00903	0.01213	0.00925	0.01445	0.00843	0.01317	0.01492	0.50667	0.04043	0.00456	0.00244	0.00419
9	0.00998	0.00940	0.01586	0.80150	0.03641	0.01175	0.01468	0.01351	0.01057	0.01351	0.00940	0.01409	0.00705	0.00529	0.00529	0.00176	0.00705	0.00470	0.00235	0.00587

[dist]
# distance from previous block
# <min> <max>
0	3

[block]
# block no. 8 follows, 46 sequences, length 14
# corresponding to MSA columns:
# 698-711
name=unknown_I
#
# <colnr> <probs for GDERKNQSTAVLIFYWHMCP>
#	G	D	E	R	K	N	Q	S	T	A	V	L	I	F	Y	W	H	M	C	P
0	0.00839	0.00575	0.00649	0.00609	0.00799	0.00494	0.00464	0.01007	0.01307	0.09728	0.22261	0.04470	0.52468	0.01205	0.00615	0.00174	0.00283	0.01016	0.00530	0.00507
1	0.01395	0.20963	0.31887	0.05994	0.04502	0.01440	0.01364	0.14129	0.01378	0.07621	0.03826	0.01256	0.00922	0.00545	0.00477	0.00153	0.00643	0.00418	0.00322	0.00765
2	0.01021	0.00805	0.00980	0.00929	0.01078	0.05137	0.00721	0.01415	0.13530	0.05814	0.01528	0.01999	0.01334	0.05594	0.52285	0.00628	0.03733	0.00561	0.00346	0.00563
3	0.01975	0.02520	0.01498	0.01362	0.01634	0.79299	0.01021	0.02111	0.01498	0.01294	0.00817	0.00953	0.00681	0.00545	0.00477	0.00136	0.00953	0.00340	0.00272	0.00613
4	0.01413	0.81739	0.02770	0.00905	0.01357	0.02092	0.00905	0.01583	0.01074	0.01244	0.00735	0.00848	0.00678	0.00452	0.00339	0.00113	0.00565	0.00283	0.00226	0.00678
5	0.09862	0.00920	0.01442	0.67023	0.03193	0.01131	0.01315	0.01336	0.01038	0.01458	0.01036	0.06105	0.00857	0.00592	0.00516	0.00177	0.00650	0.00512	0.00260	0.00576
6	0.01024	0.00863	0.01019	0.00775	0.01175	0.00660	0.00605	0.01236	0.01083	0.01663	0.01257	0.13949	0.01219	0.00595	0.00437	0.00100	0.00378	0.00504	0.00342	0.71118
7	0.01975	0.02520	0.01498	0.01362	0.01634	0.79299	0.01021	0.02111	0.01498	0.01294	0.00817	0.00953	0.00681	0.00545	0.00477	0.00136	0.00953	0.00340	0.00272	0.00613
8	0.08646	0.00909	0.01193	0.00922	0.01325	0.00808	0.00762	0.02499	0.01467	0.72721	0.01983	0.01728	0.01253	0.00642	0.00516	0.00164	0.00447	0.00513	0.00630	0.00875
9	0.01167	0.02368	0.64589	0.01389	0.02074	0.01120	0.01718	0.01698	0.01150	0.09759	0.01218	0.07248	0.00951	0.00606	0.00518	0.00171	0.00710	0.00490	0.00289	0.00767
10	0.00727	0.00567	0.00824	0.00903	0.03196	0.00541	0.04874	0.00894	0.03535	0.01409	0.02762	0.66382	0.05119	0.03161	0.00704	0.00216	0.00360	0.02886	0.00469	0.00470
11	0.00658	0.00537	0.00582	0.00571	0.00735	0.00461	0.00428	0.00824	0.01284	0.01616	0.25063	0.04778	0.58083	0.01269	0.00624	0.00175	0.00263	0.01072	0.00516	0.00461
12	0.01055	0.00864	0.05292	0.00869	0.01086	0.05898	0.00747	0.01269	0.01270	0.11329	0.08733	0.06805	0.22873	0.02737	0.00675	0.00203	0.00448	0.26814	0.00484	0.00550
13	0.03103	0.01567	0.20200	0.02479	0.47392	0.01225	0.03303	0.01702	0.07522	0.01755	0.01146	0.04203	0.00952	0.00542	0.00523	0.00164	0.00637	0.00499	0.00286	0.00800

[dist]
# distance from previous block
# <min> <max>
0	1

[block]
# block no. 9 follows, 46 sequences, length 14
# corresponding to MSA columns:
# 713-726
name=unknown_J
#
# <colnr> <probs for GDERKNQSTAVLIFYWHMCP>
#	G	D	E	R	K	N	Q	S	T	A	V	L	I	F	Y	W	H	M	C	P
0	0.01587	0.01201	0.01307	0.01089	0.01407	0.01325	0.00865	0.45593	0.17810	0.02694	0.01788	0.17647	0.01577	0.00860	0.00560	0.00174	0.00492	0.00710	0.00523	0.00791
1	0.01183	0.01036	0.01708	0.16993	0.45104	0.01066	0.01328	0.01486	0.01249	0.05106	0.16661	0.01886	0.01677	0.00614	0.00545	0.00163	0.00558	0.00572	0.00339	0.00725
2	0.13200	0.01075	0.01442	0.02930	0.31494	0.02917	0.02244	0.05783	0.08705	0.01805	0.03705	0.01824	0.01227	0.17000	0.00962	0.00234	0.01911	0.00533	0.00335	0.00672
3	0.01471	0.03592	0.01838	0.13471	0.06123	0.30565	0.16369	0.02770	0.03190	0.02726	0.01074	0.05373	0.00919	0.00701	0.02858	0.00183	0.05339	0.00508	0.00290	0.00642
4	0.19208	0.00925	0.01135	0.00891	0.01283	0.00860	0.00735	0.02368	0.01388	0.63009	0.01811	0.01608	0.01159	0.00621	0.00490	0.00164	0.00442	0.00482	0.00588	0.00833
5	0.01465	0.55589	0.02357	0.01020	0.01371	0.04222	0.00948	0.01626	0.01073	0.08279	0.00852	0.01001	0.00739	0.00570	0.00645	0.00142	0.16814	0.00344	0.00268	0.00676
6	0.00758	0.00614	0.00823	0.00851	0.00893	0.00679	0.00622	0.00873	0.01031	0.01417	0.10281	0.52829	0.07075	0.01431	0.00882	0.00211	0.16598	0.01214	0.00447	0.00468
7	0.17874	0.00626	0.00673	0.00655	0.00818	0.00618	0.00493	0.01024	0.01246	0.01919	0.36559	0.14647	0.18790	0.01096	0.00571	0.00175	0.00294	0.00931	0.00498	0.00493
8	0.00640	0.00521	0.00567	0.00588	0.00732	0.00448	0.00429	0.00776	0.01192	0.01475	0.11454	0.20438	0.56141	0.01380	0.00635	0.00185	0.00274	0.01180	0.00499	0.00448
9	0.03481	0.01008	0.01546	0.28923	0.16431	0.01018	0.03582	0.01663	0.01187	0.17222	0.01182	0.01392	0.00868	0.00512	0.00498	0.00150	0.00573	0.00451	0.00345	0.17970
10	0.01630	0.01230	0.01339	0.01051	0.01434	0.01292	0.00851	0.46228	0.08843	0.02720	0.01399	0.05861	0.01111	0.00650	0.00502	0.00146	0.00495	0.00513	0.04826	0.17879
11	0.00783	0.00584	0.00713	0.00687	0.00827	0.00546	0.00516	0.05191	0.01421	0.01930	0.46702	0.14483	0.19383	0.01195	0.00628	0.00177	0.00286	0.02902	0.00546	0.00501
12	0.01369	0.47101	0.06656	0.05082	0.01487	0.10776	0.00950	0.04300	0.01204	0.02878	0.05385	0.08414	0.01200	0.00626	0.00432	0.00137	0.00588	0.00467	0.00295	0.00652
13	0.01118	0.00749	0.04517	0.03377	0.01074	0.00659	0.00663	0.01346	0.05417	0.17053	0.02423	0.18236	0.09259	0.20430	0.03280	0.00287	0.00473	0.08627	0.00459	0.00553

[dist]
# distance from previous block
# <min> <max>
0	64

# created by:
# /st0/software/busco_prod/Augustus/scripts/msa2prfl.pl ./align_prep/163701.fa
