[name]
unknown

[dist]
# distance from previous block
# <min> <max>
0	38

[block]
# block no. 0 follows, 43 sequences, length 14
# corresponding to MSA columns:
# 38-51
name=unknown_A
#
# <colnr> <probs for GDERKNQSTAVLIFYWHMCP>
#	G	D	E	R	K	N	Q	S	T	A	V	L	I	F	Y	W	H	M	C	P
0	0.04076	0.01199	0.01413	0.14560	0.01877	0.02441	0.01007	0.28185	0.10616	0.10321	0.01530	0.03721	0.01190	0.00699	0.00569	0.00171	0.02098	0.03530	0.02924	0.07874
1	0.12824	0.04134	0.01437	0.11717	0.03658	0.10117	0.00963	0.16383	0.04386	0.13514	0.01232	0.01321	0.00905	0.00571	0.00489	0.00152	0.00587	0.00432	0.00417	0.14760
2	0.04474	0.01006	0.01129	0.11527	0.01530	0.05639	0.00808	0.09215	0.09381	0.12170	0.01559	0.04889	0.01239	0.02126	0.00662	0.06321	0.00497	0.00538	0.16591	0.08700
3	0.01260	0.15625	0.01731	0.39204	0.04167	0.01305	0.01207	0.01671	0.07838	0.07618	0.03979	0.01887	0.01213	0.00654	0.00533	0.00173	0.00618	0.05845	0.00343	0.03130
4	0.00980	0.00680	0.00777	0.00723	0.00814	0.00701	0.00485	0.10967	0.01164	0.01591	0.09174	0.05405	0.04203	0.49066	0.07186	0.00440	0.00559	0.00788	0.03835	0.00461
5	0.00879	0.00638	0.00788	0.00825	0.00928	0.00630	0.00585	0.10911	0.01328	0.01780	0.10335	0.59360	0.05841	0.01518	0.00679	0.00211	0.00353	0.01357	0.00529	0.00525
6	0.01035	0.00696	0.00828	0.00767	0.00900	0.00710	0.00552	0.11082	0.01312	0.04454	0.17786	0.09616	0.05282	0.25937	0.10197	0.00369	0.00547	0.00829	0.06577	0.00525
7	0.01325	0.01155	0.01402	0.05454	0.11224	0.06793	0.03145	0.16790	0.06734	0.02123	0.14858	0.12638	0.03232	0.00885	0.00677	0.00180	0.06173	0.00741	0.01992	0.02480
8	0.01906	0.02311	0.01594	0.01582	0.09160	0.60220	0.01106	0.02260	0.11657	0.01531	0.01064	0.01181	0.00862	0.00588	0.00513	0.00151	0.00889	0.00407	0.00322	0.00697
9	0.70543	0.03724	0.00948	0.00771	0.01129	0.01216	0.00641	0.01774	0.01036	0.12627	0.00963	0.01033	0.00708	0.00536	0.00372	0.00170	0.00440	0.00335	0.00386	0.00650
10	0.01127	0.00751	0.00893	0.00794	0.00993	0.00744	0.00608	0.11318	0.05386	0.07938	0.39862	0.06487	0.08915	0.04761	0.00713	0.00190	0.00350	0.00871	0.06686	0.00613
11	0.01099	0.00797	0.00937	0.00817	0.01050	0.00764	0.00631	0.15116	0.01619	0.04881	0.33338	0.12216	0.14190	0.01066	0.00613	0.00171	0.00359	0.00915	0.00549	0.08872
12	0.01367	0.01079	0.01346	0.01124	0.01378	0.01184	0.03912	0.28669	0.01612	0.02226	0.04176	0.15016	0.01604	0.03692	0.11367	0.00289	0.10815	0.00711	0.00437	0.07998
13	0.13782	0.03541	0.06944	0.03968	0.03515	0.05984	0.09221	0.01683	0.05973	0.05981	0.01244	0.07081	0.01065	0.00648	0.00615	0.00162	0.07704	0.00517	0.01492	0.18881

[dist]
# distance from previous block
# <min> <max>
0	5

[block]
# block no. 1 follows, 43 sequences, length 7
# corresponding to MSA columns:
# 57-63
name=unknown_B
#
# <colnr> <probs for GDERKNQSTAVLIFYWHMCP>
#	G	D	E	R	K	N	Q	S	T	A	V	L	I	F	Y	W	H	M	C	P
0	0.01321	0.00974	0.01164	0.10637	0.01554	0.03374	0.00837	0.01993	0.24969	0.12742	0.21189	0.02384	0.02318	0.00883	0.02993	0.00192	0.00482	0.00658	0.00514	0.08822
1	0.01170	0.00970	0.01233	0.12976	0.01688	0.00842	0.00814	0.01423	0.01145	0.04796	0.01110	0.04518	0.00945	0.00520	0.00504	0.00114	0.03434	0.00421	0.00335	0.61046
2	0.01468	0.01181	0.01416	0.01154	0.05357	0.01117	0.03514	0.25725	0.03978	0.02370	0.01240	0.03857	0.01003	0.00562	0.00487	0.00127	0.00500	0.00460	0.03144	0.41339
3	0.01033	0.00615	0.00782	0.00733	0.00909	0.00549	0.00551	0.01234	0.01422	0.14951	0.36931	0.17302	0.18412	0.01214	0.00646	0.00185	0.00312	0.01058	0.00587	0.00572
4	0.01776	0.01233	0.01513	0.13344	0.06462	0.01349	0.01072	0.25675	0.21861	0.17296	0.01676	0.01662	0.01192	0.00665	0.00557	0.00176	0.00559	0.00543	0.00518	0.00870
5	0.01423	0.01152	0.01206	0.01072	0.01343	0.05896	0.00832	0.11484	0.37756	0.06965	0.10451	0.11777	0.02129	0.00896	0.00622	0.00186	0.02750	0.00745	0.00543	0.00774
6	0.00816	0.00586	0.00746	0.10366	0.01039	0.00610	0.00518	0.00887	0.00912	0.01213	0.05096	0.14055	0.02225	0.56189	0.02150	0.00434	0.00520	0.00882	0.00361	0.00394

[dist]
# distance from previous block
# <min> <max>
0	1

[block]
# block no. 2 follows, 43 sequences, length 12
# corresponding to MSA columns:
# 65-76
name=unknown_C
#
# <colnr> <probs for GDERKNQSTAVLIFYWHMCP>
#	G	D	E	R	K	N	Q	S	T	A	V	L	I	F	Y	W	H	M	C	P
0	0.00731	0.00549	0.00773	0.00984	0.06976	0.00520	0.00610	0.00846	0.01077	0.01446	0.02890	0.73797	0.03438	0.01635	0.00694	0.00220	0.00349	0.01487	0.00495	0.00484
1	0.01295	0.08212	0.51593	0.01609	0.02317	0.01390	0.13515	0.07728	0.01318	0.04375	0.01064	0.01237	0.00766	0.00529	0.00537	0.00172	0.00792	0.00452	0.00282	0.00813
2	0.01973	0.01488	0.05651	0.01221	0.01653	0.03727	0.01035	0.43737	0.16258	0.15008	0.01610	0.01540	0.01133	0.00674	0.00553	0.00171	0.00578	0.00523	0.00552	0.00914
3	0.01274	0.01176	0.01471	0.05510	0.01562	0.03705	0.03023	0.06880	0.22756	0.01793	0.01527	0.11303	0.01388	0.00933	0.01091	0.00212	0.32647	0.00663	0.00393	0.00693
4	0.01270	0.01098	0.01488	0.05356	0.01661	0.01025	0.09054	0.06519	0.06992	0.03909	0.01189	0.03512	0.00979	0.00557	0.00592	0.00132	0.06903	0.00461	0.00359	0.46943
5	0.84448	0.01071	0.00814	0.00728	0.01071	0.01242	0.00600	0.01628	0.00943	0.02485	0.00771	0.00900	0.00600	0.00514	0.00343	0.00171	0.00428	0.00300	0.00343	0.00600
6	0.02399	0.00953	0.01279	0.00986	0.01402	0.00840	0.00812	0.05675	0.01627	0.71262	0.05221	0.01954	0.01512	0.00703	0.00561	0.00171	0.00468	0.00573	0.00677	0.00925
7	0.00791	0.00593	0.00890	0.00890	0.00989	0.00692	0.00692	0.00989	0.00890	0.01286	0.01483	0.02176	0.01385	0.04154	0.78341	0.00890	0.01483	0.00593	0.00297	0.00494
8	0.01378	0.01190	0.01252	0.01127	0.01440	0.01378	0.00877	0.02943	0.76081	0.02317	0.02254	0.02066	0.01691	0.00751	0.00564	0.00188	0.00438	0.00626	0.00564	0.00877
9	0.01428	0.01215	0.01281	0.01137	0.01459	0.01401	0.00889	0.07941	0.71001	0.02398	0.02190	0.02015	0.01639	0.00745	0.00563	0.00186	0.00450	0.00617	0.00563	0.00881
10	0.01624	0.01193	0.01301	0.01114	0.01453	0.01329	0.00879	0.14504	0.51725	0.12532	0.02079	0.01975	0.01538	0.03399	0.00637	0.00194	0.00474	0.00602	0.00571	0.00878
11	0.01046	0.00984	0.01661	0.79205	0.03814	0.01230	0.01538	0.01415	0.01107	0.01415	0.00984	0.01477	0.00738	0.00554	0.00554	0.00185	0.00738	0.00492	0.00246	0.00615

[dist]
# distance from previous block
# <min> <max>
0	5

[block]
# block no. 3 follows, 43 sequences, length 33
# corresponding to MSA columns:
# 82-114
name=unknown_D
#
# <colnr> <probs for GDERKNQSTAVLIFYWHMCP>
#	G	D	E	R	K	N	Q	S	T	A	V	L	I	F	Y	W	H	M	C	P
0	0.13104	0.01393	0.04974	0.01145	0.01555	0.01447	0.00967	0.40072	0.14754	0.10043	0.01534	0.04016	0.01142	0.00690	0.00531	0.00173	0.00543	0.00530	0.00523	0.00862
1	0.05242	0.01028	0.05830	0.02797	0.01381	0.00969	0.09229	0.14192	0.06239	0.02035	0.03199	0.16445	0.04403	0.05238	0.02123	0.03494	0.00519	0.00762	0.14247	0.00630
2	0.00713	0.00513	0.00657	0.00723	0.00785	0.00478	0.00492	0.00843	0.01170	0.01580	0.21023	0.49165	0.08412	0.09662	0.00908	0.00242	0.00326	0.01331	0.00519	0.00457
3	0.00698	0.00508	0.00680	0.00793	0.00830	0.00489	0.00543	0.00805	0.01078	0.01445	0.05431	0.73567	0.03626	0.01690	0.00735	0.00225	0.02348	0.03541	0.00510	0.00458
4	0.00817	0.00527	0.00632	0.00641	0.00646	0.00528	0.00379	0.00797	0.00815	0.01089	0.01722	0.08670	0.01966	0.61944	0.04962	0.11843	0.00544	0.00808	0.00334	0.00336
5	0.00954	0.00486	0.00729	0.00729	0.00734	0.00491	0.00491	0.00734	0.00729	0.00977	0.00986	0.01707	0.00982	0.02029	0.05739	0.79992	0.00528	0.00486	0.00243	0.00252
6	0.04233	0.16229	0.45894	0.01327	0.02002	0.01352	0.03856	0.01670	0.01154	0.01710	0.00948	0.01116	0.00725	0.00494	0.00473	0.00149	0.00696	0.00379	0.00256	0.15335
7	0.01056	0.01004	0.01724	0.76187	0.03778	0.01237	0.04425	0.01429	0.01115	0.01429	0.00990	0.01477	0.00742	0.00550	0.00558	0.00185	0.00746	0.00499	0.00247	0.00620
8	0.01212	0.01212	0.01696	0.01454	0.01454	0.01696	0.01212	0.01333	0.00848	0.01333	0.00727	0.01212	0.00727	0.00969	0.01818	0.00242	0.79523	0.00485	0.00242	0.00606
9	0.00715	0.00526	0.00679	0.00782	0.00860	0.00490	0.00570	0.00852	0.01145	0.01492	0.05193	0.52437	0.15406	0.01629	0.00708	0.00223	0.00349	0.14964	0.00516	0.00466
10	0.01312	0.03496	0.01950	0.27601	0.21650	0.07294	0.10155	0.06863	0.02828	0.01715	0.01190	0.06986	0.01025	0.00635	0.00601	0.00178	0.02922	0.00576	0.00308	0.00719
11	0.01046	0.00984	0.01661	0.79205	0.03814	0.01230	0.01538	0.01415	0.01107	0.01415	0.00984	0.01477	0.00738	0.00554	0.00554	0.00185	0.00738	0.00492	0.00246	0.00615
12	0.00675	0.00482	0.00643	0.00771	0.00803	0.00450	0.00514	0.00771	0.01060	0.01414	0.03053	0.80175	0.03663	0.01735	0.00707	0.00225	0.00321	0.01574	0.00514	0.00450
13	0.02015	0.01221	0.03885	0.01084	0.01482	0.01193	0.00903	0.32750	0.05117	0.31187	0.03401	0.01930	0.04063	0.06295	0.00719	0.00196	0.00532	0.00579	0.00578	0.00867
14	0.01566	0.13757	0.17621	0.01501	0.01970	0.22232	0.13420	0.08184	0.07359	0.01755	0.01060	0.01222	0.00829	0.00572	0.00584	0.00164	0.04697	0.00447	0.00310	0.00748
15	0.02105	0.01551	0.01662	0.01274	0.01717	0.01717	0.01053	0.75235	0.02604	0.03490	0.01330	0.01330	0.00942	0.00665	0.00554	0.00166	0.00609	0.00499	0.00554	0.00942
16	0.01423	0.00771	0.00966	0.00863	0.01112	0.00727	0.00675	0.01796	0.11214	0.27779	0.16005	0.12392	0.12503	0.03273	0.00683	0.00198	0.00391	0.05945	0.00591	0.00691
17	0.01238	0.01284	0.07191	0.43887	0.10809	0.03775	0.10867	0.01720	0.07354	0.04795	0.01159	0.01496	0.00867	0.00557	0.00563	0.00180	0.00733	0.00516	0.00298	0.00709
18	0.00682	0.00561	0.00620	0.02472	0.00838	0.00490	0.00472	0.00836	0.01267	0.01569	0.13586	0.15565	0.56316	0.01397	0.00659	0.00191	0.00295	0.01190	0.00519	0.00475
19	0.00675	0.00482	0.00643	0.00771	0.00803	0.00450	0.00514	0.00771	0.01060	0.01414	0.03053	0.80175	0.03663	0.01735	0.00707	0.00225	0.00321	0.01574	0.00514	0.00450
20	0.01565	0.00793	0.01027	0.00905	0.01145	0.00756	0.00693	0.09356	0.01419	0.31793	0.05204	0.26286	0.02229	0.06473	0.07402	0.00273	0.00522	0.00902	0.00560	0.00696
21	0.03756	0.07587	0.11428	0.11887	0.03208	0.39131	0.01214	0.07038	0.02802	0.01620	0.01167	0.01327	0.04322	0.00602	0.00509	0.00156	0.00821	0.00431	0.00306	0.00686
22	0.01896	0.01340	0.01512	0.04000	0.01642	0.01475	0.00989	0.54049	0.02203	0.09535	0.03183	0.07015	0.01275	0.02762	0.00683	0.00184	0.04270	0.00597	0.00533	0.00855
23	0.01592	0.01642	0.04346	0.08457	0.11956	0.26339	0.01193	0.04763	0.01357	0.07596	0.01246	0.01790	0.01079	0.00735	0.00752	0.00181	0.13271	0.07959	0.03057	0.00690
24	0.01215	0.01024	0.01184	0.00852	0.01341	0.00807	0.00684	0.06559	0.01250	0.01923	0.01009	0.01161	0.00829	0.00428	0.00420	0.00088	0.00424	0.00340	0.00344	0.78118
25	0.04773	0.14046	0.18252	0.04362	0.06774	0.05161	0.08176	0.05932	0.01182	0.01658	0.00970	0.03213	0.00831	0.00705	0.00862	0.03465	0.18189	0.00470	0.00277	0.00702
26	0.00779	0.00574	0.00767	0.07955	0.01084	0.00580	0.00602	0.03518	0.01083	0.01440	0.02612	0.59076	0.03059	0.12957	0.00992	0.00264	0.00401	0.01326	0.00465	0.00466
27	0.00715	0.00507	0.00638	0.00720	0.00759	0.00479	0.00473	0.00801	0.01036	0.01377	0.06322	0.52499	0.07116	0.21052	0.01222	0.00298	0.00373	0.02710	0.00475	0.00427
28	0.18274	0.00831	0.00849	0.00748	0.00931	0.00863	0.00526	0.11230	0.01121	0.01779	0.01439	0.04265	0.01490	0.43002	0.01701	0.00357	0.00506	0.00628	0.00370	0.09090
29	0.13809	0.01387	0.07278	0.04117	0.16057	0.08547	0.02866	0.11820	0.01367	0.04768	0.01358	0.13777	0.01259	0.00767	0.00625	0.00179	0.06120	0.00619	0.00373	0.02906
30	0.03781	0.03297	0.01403	0.01119	0.04178	0.06758	0.00866	0.26527	0.03782	0.05696	0.03002	0.03608	0.02409	0.00608	0.00496	0.00136	0.00530	0.00475	0.00435	0.30895
31	0.15131	0.01414	0.08821	0.04150	0.01518	0.14638	0.04389	0.04256	0.02784	0.03706	0.04881	0.10475	0.04404	0.03296	0.00633	0.00182	0.02585	0.03228	0.00375	0.09136
32	0.11382	0.01250	0.04067	0.06655	0.08471	0.08876	0.00934	0.09046	0.06133	0.02949	0.02840	0.03805	0.06531	0.04469	0.00727	0.03235	0.03653	0.00536	0.00372	0.14069

[dist]
# distance from previous block
# <min> <max>
0	19

[block]
# block no. 4 follows, 43 sequences, length 16
# corresponding to MSA columns:
# 134-149
name=unknown_E
#
# <colnr> <probs for GDERKNQSTAVLIFYWHMCP>
#	G	D	E	R	K	N	Q	S	T	A	V	L	I	F	Y	W	H	M	C	P
0	0.03042	0.17961	0.20394	0.02789	0.01741	0.05549	0.08784	0.04176	0.01201	0.03871	0.01334	0.04684	0.04040	0.06245	0.05546	0.00232	0.03112	0.00528	0.00307	0.04465
1	0.05607	0.08090	0.01585	0.02752	0.01591	0.03738	0.00949	0.38562	0.04123	0.10669	0.01335	0.01445	0.00999	0.00636	0.00540	0.00156	0.02291	0.02312	0.00479	0.12141
2	0.09157	0.01105	0.03337	0.05701	0.02664	0.02419	0.00874	0.18697	0.06823	0.12898	0.10383	0.07724	0.01749	0.00962	0.04820	0.00209	0.00550	0.01639	0.00487	0.07802
3	0.00706	0.00560	0.00637	0.00647	0.00800	0.00491	0.00487	0.00881	0.01323	0.01687	0.23731	0.12331	0.46310	0.01373	0.00666	0.00192	0.00294	0.05863	0.00539	0.00483
4	0.02850	0.03145	0.07663	0.19464	0.12566	0.03075	0.11743	0.01522	0.01138	0.03842	0.01250	0.01595	0.04255	0.00927	0.07324	0.00241	0.11773	0.00529	0.00289	0.04808
5	0.01578	0.14942	0.03764	0.08893	0.01721	0.04422	0.00968	0.20927	0.04585	0.08383	0.02886	0.03892	0.01085	0.00607	0.00493	0.00144	0.00561	0.00473	0.00410	0.19268
6	0.00798	0.00548	0.00752	0.06749	0.01050	0.00534	0.00596	0.00922	0.01095	0.04884	0.06084	0.62647	0.03308	0.06265	0.00812	0.00236	0.00370	0.01374	0.00495	0.00481
7	0.00774	0.00566	0.00727	0.00687	0.00821	0.00518	0.00515	0.01026	0.01545	0.02167	0.71479	0.04226	0.10570	0.01152	0.00653	0.00175	0.00263	0.01014	0.00603	0.00518
8	0.01831	0.09031	0.04557	0.01471	0.01791	0.52553	0.07707	0.03892	0.01448	0.01455	0.00876	0.01070	0.00731	0.00594	0.00636	0.00156	0.08855	0.00396	0.00281	0.00668
9	0.15933	0.26190	0.12685	0.11916	0.01818	0.07638	0.01086	0.01622	0.01155	0.01689	0.04231	0.01193	0.00906	0.00530	0.00436	0.00146	0.00615	0.00380	0.00286	0.09544
10	0.01973	0.01453	0.01569	0.01222	0.01631	0.01599	0.01001	0.68065	0.02483	0.03334	0.05546	0.04760	0.01290	0.00735	0.00566	0.00169	0.00578	0.00571	0.00555	0.00898
11	0.00816	0.00593	0.00792	0.00873	0.00982	0.00577	0.00698	0.01060	0.03191	0.01724	0.18726	0.25334	0.06086	0.01476	0.00717	0.00226	0.00398	0.34693	0.00534	0.00505
12	0.04098	0.01357	0.05054	0.33324	0.10797	0.10861	0.04877	0.08741	0.04357	0.01791	0.01186	0.04556	0.00961	0.00613	0.00540	0.00173	0.00698	0.00524	0.04802	0.00692
13	0.01299	0.01247	0.09107	0.04006	0.26772	0.04427	0.04128	0.01649	0.04426	0.10165	0.13125	0.06483	0.05969	0.03943	0.00671	0.00189	0.00568	0.00684	0.00408	0.00734
14	0.25664	0.00876	0.01000	0.00832	0.01154	0.00858	0.00672	0.01936	0.01395	0.35183	0.22252	0.02219	0.02206	0.00759	0.00522	0.00172	0.00401	0.00605	0.00566	0.00728
15	0.00690	0.00501	0.00653	0.00761	0.00817	0.00465	0.00525	0.00808	0.01118	0.01481	0.07646	0.65585	0.10087	0.01661	0.00702	0.00220	0.00323	0.04980	0.00520	0.00459

[dist]
# distance from previous block
# <min> <max>
4	19

[block]
# block no. 5 follows, 43 sequences, length 11
# corresponding to MSA columns:
# 255-265
name=unknown_F
#
# <colnr> <probs for GDERKNQSTAVLIFYWHMCP>
#	G	D	E	R	K	N	Q	S	T	A	V	L	I	F	Y	W	H	M	C	P
0	0.52268	0.04845	0.16454	0.00943	0.01377	0.01275	0.00929	0.04304	0.04875	0.02296	0.03514	0.01164	0.00868	0.00556	0.00410	0.00170	0.00512	0.00374	0.02196	0.00670
1	0.03090	0.11105	0.55385	0.01514	0.04470	0.01378	0.03708	0.01856	0.06404	0.04475	0.01100	0.01236	0.00802	0.00539	0.00511	0.00170	0.00744	0.00424	0.00278	0.00810
2	0.04856	0.10335	0.63850	0.01474	0.02215	0.04600	0.01835	0.01758	0.01172	0.01726	0.00957	0.01123	0.00698	0.00522	0.00500	0.00168	0.00787	0.00391	0.00241	0.00791
3	0.00708	0.00511	0.00667	0.00766	0.00825	0.00478	0.00535	0.00832	0.01127	0.01498	0.09616	0.58876	0.08561	0.04773	0.00788	0.00233	0.00339	0.07895	0.00515	0.00458
4	0.02285	0.01089	0.01305	0.01037	0.01432	0.06042	0.00850	0.09785	0.01669	0.58786	0.04333	0.02065	0.01496	0.00733	0.00567	0.00173	0.00516	0.04316	0.00634	0.00887
5	0.00697	0.00545	0.00624	0.00639	0.00774	0.00480	0.00462	0.00854	0.01282	0.01647	0.22904	0.20150	0.41266	0.04234	0.00742	0.00204	0.00293	0.01196	0.00532	0.00473
6	0.01422	0.01212	0.01277	0.01136	0.01457	0.01398	0.00887	0.07336	0.71616	0.02388	0.02198	0.02022	0.01645	0.00746	0.00563	0.00187	0.00449	0.00618	0.00563	0.00881
7	0.01793	0.00870	0.01103	0.00913	0.01232	0.00826	0.00730	0.02260	0.14692	0.41624	0.20312	0.02475	0.02367	0.00803	0.00572	0.00173	0.00402	0.00675	0.05373	0.00805
8	0.00674	0.00487	0.00638	0.00759	0.00800	0.00451	0.00509	0.00773	0.01072	0.01419	0.03200	0.75868	0.07875	0.01716	0.00704	0.00223	0.00319	0.01551	0.00514	0.00451
9	0.00857	0.00580	0.00727	0.00696	0.00847	0.00522	0.00519	0.01070	0.01445	0.06978	0.48078	0.13082	0.20059	0.01230	0.00653	0.00183	0.00286	0.01074	0.00583	0.00530
10	0.07743	0.05350	0.01515	0.20680	0.02053	0.02891	0.01055	0.30727	0.07525	0.05463	0.03621	0.01516	0.01085	0.00635	0.00521	0.00168	0.00584	0.00498	0.05598	0.00773

[dist]
# distance from previous block
# <min> <max>
1	24

[block]
# block no. 6 follows, 43 sequences, length 11
# corresponding to MSA columns:
# 305-315
name=unknown_G
#
# <colnr> <probs for GDERKNQSTAVLIFYWHMCP>
#	G	D	E	R	K	N	Q	S	T	A	V	L	I	F	Y	W	H	M	C	P
0	0.15385	0.04991	0.02998	0.00812	0.02442	0.00815	0.00637	0.01468	0.01287	0.15272	0.24349	0.04435	0.07151	0.09375	0.00778	0.00208	0.00398	0.00712	0.05877	0.00609
1	0.05744	0.00550	0.00661	0.00712	0.00775	0.00533	0.00473	0.00885	0.01010	0.03257	0.04837	0.42499	0.07486	0.22072	0.01303	0.04754	0.00391	0.01173	0.00450	0.00433
2	0.04315	0.65464	0.07774	0.01022	0.01503	0.06133	0.01021	0.04716	0.01207	0.01466	0.00813	0.00932	0.00716	0.00492	0.00382	0.00127	0.00624	0.00315	0.00256	0.00720
3	0.00876	0.00581	0.00764	0.00720	0.00860	0.00534	0.00539	0.01120	0.01526	0.06620	0.66104	0.10454	0.04864	0.01157	0.00652	0.00178	0.00279	0.01024	0.00606	0.00541
4	0.01091	0.00810	0.01050	0.03078	0.01125	0.00949	0.00746	0.11210	0.01134	0.01634	0.01397	0.04764	0.01321	0.12182	0.24126	0.08331	0.14175	0.00602	0.09743	0.00534
5	0.00730	0.00537	0.00684	0.00704	0.00809	0.00491	0.00506	0.00920	0.01356	0.01853	0.42508	0.29944	0.14167	0.01371	0.00671	0.00193	0.00284	0.01217	0.00565	0.00491
6	0.01202	0.01163	0.01625	0.04369	0.01514	0.01594	0.01174	0.03965	0.00925	0.01410	0.00823	0.01308	0.00791	0.01213	0.08222	0.00292	0.67050	0.00495	0.00258	0.00609
7	0.00750	0.00560	0.00696	0.00708	0.00834	0.00512	0.00532	0.00950	0.01364	0.01831	0.38393	0.15412	0.21967	0.03919	0.00744	0.00205	0.00311	0.09267	0.00553	0.00491
8	0.59995	0.04694	0.05798	0.00895	0.01291	0.01377	0.00790	0.15729	0.01282	0.02582	0.00892	0.00998	0.00676	0.00542	0.00395	0.00168	0.00494	0.00345	0.00372	0.00684
9	0.06356	0.01016	0.01083	0.02899	0.04644	0.07206	0.00758	0.09079	0.09876	0.08519	0.05362	0.14520	0.05444	0.09073	0.03872	0.00241	0.00532	0.01856	0.03451	0.04216
10	0.00863	0.00656	0.00941	0.00914	0.01017	0.00769	0.00710	0.03935	0.00951	0.01363	0.01458	0.02182	0.01373	0.08267	0.67451	0.00812	0.04926	0.00597	0.00307	0.00508

[dist]
# distance from previous block
# <min> <max>
7	11

[block]
# block no. 7 follows, 43 sequences, length 23
# corresponding to MSA columns:
# 350-372
name=unknown_H
#
# <colnr> <probs for GDERKNQSTAVLIFYWHMCP>
#	G	D	E	R	K	N	Q	S	T	A	V	L	I	F	Y	W	H	M	C	P
0	0.53329	0.01063	0.01004	0.00843	0.01197	0.01166	0.00694	0.08008	0.01236	0.19819	0.01183	0.01216	0.00841	0.00583	0.00448	0.00171	0.02410	0.00389	0.03694	0.00704
1	0.02402	0.00924	0.01259	0.00971	0.01385	0.00800	0.00800	0.02619	0.01584	0.73808	0.05811	0.01995	0.01558	0.00707	0.00562	0.00172	0.00461	0.00579	0.00682	0.00922
2	0.01273	0.01225	0.01774	0.32797	0.07885	0.04486	0.04202	0.07951	0.01182	0.01608	0.00926	0.01342	0.00765	0.00707	0.01012	0.00201	0.29232	0.00491	0.00277	0.00665
3	0.00678	0.00498	0.00637	0.00737	0.00797	0.00457	0.00501	0.00791	0.01120	0.01474	0.07837	0.64866	0.14274	0.01651	0.00696	0.00216	0.00312	0.01482	0.00520	0.00457
4	0.02485	0.00943	0.01285	0.00985	0.01414	0.00814	0.00814	0.02699	0.01585	0.77465	0.02185	0.01885	0.01371	0.00685	0.00557	0.00171	0.00471	0.00557	0.00685	0.00943
5	0.00809	0.00554	0.00730	0.00729	0.00840	0.00511	0.00530	0.01019	0.01415	0.04559	0.52019	0.26963	0.04623	0.01298	0.00666	0.00189	0.00287	0.01159	0.00583	0.00515
6	0.03259	0.00713	0.00900	0.00801	0.01006	0.00679	0.00617	0.05723	0.03425	0.15954	0.48746	0.09909	0.03936	0.01050	0.00624	0.00178	0.00334	0.00913	0.00604	0.00628
7	0.80509	0.01067	0.00854	0.04435	0.01201	0.01242	0.00644	0.01618	0.00950	0.02434	0.00781	0.00927	0.00606	0.00516	0.00353	0.00172	0.00443	0.00309	0.00338	0.00601
8	0.08385	0.01030	0.01438	0.30465	0.06669	0.01178	0.02264	0.08841	0.03307	0.01838	0.01172	0.01613	0.00958	0.00881	0.06332	0.00226	0.06605	0.02823	0.05431	0.08544
9	0.73402	0.01060	0.00926	0.11122	0.01434	0.01241	0.00724	0.01600	0.00964	0.02343	0.00799	0.00976	0.00618	0.00519	0.00371	0.00173	0.00469	0.00325	0.00330	0.00602
10	0.01046	0.00984	0.01661	0.79205	0.03814	0.01230	0.01538	0.01415	0.01107	0.01415	0.00984	0.01477	0.00738	0.00554	0.00554	0.00185	0.00738	0.00492	0.00246	0.00615
11	0.01443	0.41530	0.15140	0.13030	0.01974	0.09655	0.01225	0.03019	0.01227	0.04073	0.02528	0.01148	0.00837	0.00530	0.00446	0.00145	0.00684	0.00379	0.00272	0.00715
12	0.01096	0.02100	0.00868	0.00782	0.00957	0.00618	0.00593	0.01315	0.02676	0.14886	0.33244	0.16002	0.06553	0.07939	0.00825	0.00216	0.00361	0.05764	0.00559	0.02647
13	0.02371	0.00946	0.01274	0.00971	0.01405	0.00808	0.00801	0.02588	0.01548	0.71018	0.02083	0.01822	0.01324	0.00662	0.00544	0.00164	0.00466	0.00537	0.00655	0.08013
14	0.01729	0.02948	0.15327	0.03277	0.03434	0.13533	0.01093	0.05140	0.01430	0.28321	0.01789	0.13572	0.01500	0.00817	0.00569	0.00178	0.00619	0.03488	0.00469	0.00765
15	0.02460	0.00983	0.01310	0.01005	0.01434	0.00874	0.00830	0.07504	0.01653	0.72565	0.02128	0.01848	0.01343	0.00684	0.00557	0.00171	0.00480	0.00553	0.00677	0.00942
16	0.01371	0.01316	0.02248	0.03399	0.77081	0.01316	0.01700	0.01700	0.01261	0.01809	0.01042	0.01371	0.00877	0.00493	0.00548	0.00164	0.00658	0.00493	0.00274	0.00877
17	0.00821	0.00627	0.00905	0.00889	0.00968	0.00738	0.00678	0.00987	0.00876	0.01260	0.01469	0.02308	0.01426	0.14309	0.63023	0.00799	0.06524	0.00615	0.00298	0.00480
18	0.02156	0.01471	0.01612	0.01236	0.01677	0.01598	0.01021	0.65630	0.02469	0.13286	0.01443	0.01403	0.00999	0.00668	0.00554	0.00167	0.00591	0.00506	0.00571	0.00942
19	0.01364	0.44554	0.10977	0.01165	0.03578	0.01670	0.05938	0.05307	0.01224	0.02862	0.01127	0.09059	0.01053	0.00616	0.00453	0.00142	0.00599	0.00485	0.00300	0.07528
20	0.00962	0.00481	0.00722	0.00722	0.00722	0.00481	0.00481	0.00722	0.00722	0.00962	0.00962	0.01684	0.00962	0.01924	0.02165	0.83886	0.00481	0.00481	0.00241	0.00241
21	0.01350	0.00718	0.00938	0.00816	0.01047	0.00661	0.00635	0.01666	0.05911	0.25879	0.46064	0.06281	0.03745	0.00993	0.00620	0.00176	0.00340	0.00862	0.00627	0.00673
22	0.01155	0.01052	0.01696	0.68132	0.07920	0.01277	0.01506	0.07722	0.01244	0.01615	0.01017	0.01458	0.00764	0.00560	0.00553	0.00182	0.00723	0.00493	0.00274	0.00658

[dist]
# distance from previous block
# <min> <max>
0	6

[block]
# block no. 8 follows, 43 sequences, length 16
# corresponding to MSA columns:
# 379-387,392-398
name=unknown_I
#
# <colnr> <probs for GDERKNQSTAVLIFYWHMCP>
#	G	D	E	R	K	N	Q	S	T	A	V	L	I	F	Y	W	H	M	C	P
0	0.00871	0.00735	0.01050	0.04066	0.01246	0.00726	0.08357	0.01244	0.10897	0.01671	0.09009	0.31552	0.16953	0.01299	0.00668	0.00206	0.00422	0.07976	0.00493	0.00557
1	0.01046	0.00984	0.01661	0.79205	0.03814	0.01230	0.01538	0.01415	0.01107	0.01415	0.00984	0.01477	0.00738	0.00554	0.00554	0.00185	0.00738	0.00492	0.00246	0.00615
2	0.01325	0.01464	0.10282	0.03025	0.61605	0.01296	0.04750	0.01723	0.03185	0.01810	0.01132	0.01529	0.00952	0.00536	0.00558	0.00170	0.00676	0.02842	0.00285	0.00854
3	0.07999	0.03368	0.01433	0.01054	0.01472	0.03288	0.08448	0.11817	0.01355	0.03707	0.01122	0.01310	0.00895	0.00690	0.04452	0.00164	0.02151	0.00418	0.06013	0.38842
4	0.00728	0.00520	0.00704	0.00832	0.00888	0.00496	0.00607	0.00863	0.01113	0.01473	0.03023	0.62060	0.03546	0.01685	0.00721	0.00232	0.00368	0.19163	0.00513	0.00465
5	0.01158	0.12892	0.68056	0.01497	0.02272	0.01403	0.01905	0.01742	0.01164	0.01696	0.00965	0.01133	0.00703	0.00519	0.00504	0.00168	0.00789	0.00395	0.00234	0.00805
6	0.01298	0.01243	0.02133	0.17033	0.59974	0.01285	0.03529	0.01636	0.01235	0.01733	0.01082	0.01518	0.00910	0.00530	0.00558	0.00171	0.00676	0.02363	0.00275	0.00817
7	0.00928	0.00568	0.00750	0.00806	0.00895	0.00536	0.00581	0.01055	0.01133	0.09563	0.05815	0.44821	0.03152	0.13706	0.01023	0.00270	0.00399	0.12993	0.00508	0.00498
8	0.01081	0.01020	0.01724	0.71103	0.11646	0.01240	0.01555	0.01445	0.01124	0.01457	0.00991	0.01465	0.00753	0.00547	0.00553	0.00182	0.00730	0.00492	0.00249	0.00643
9	0.01241	0.01039	0.01198	0.00864	0.01352	0.00833	0.00694	0.08514	0.01289	0.01967	0.01018	0.01166	0.00832	0.00435	0.00424	0.00090	0.00429	0.00345	0.00350	0.75922
10	0.01107	0.02793	0.01150	0.00829	0.01254	0.00772	0.00662	0.01345	0.01181	0.01813	0.09127	0.03504	0.01359	0.00540	0.00486	0.00101	0.02867	0.00436	0.00358	0.68314
11	0.18477	0.01189	0.01237	0.02793	0.01406	0.03267	0.00840	0.33540	0.04243	0.04920	0.01461	0.10165	0.01273	0.00931	0.02320	0.05877	0.00547	0.02623	0.00464	0.02428
12	0.05217	0.00792	0.00973	0.00842	0.01098	0.00766	0.00660	0.01829	0.12534	0.24287	0.38015	0.03062	0.05770	0.00926	0.00597	0.00176	0.00357	0.00789	0.00610	0.00700
13	0.01478	0.01354	0.01301	0.01164	0.01479	0.09375	0.00904	0.05732	0.65436	0.02264	0.02072	0.01926	0.01560	0.00729	0.00557	0.00182	0.00503	0.00593	0.00534	0.00855
14	0.01111	0.02865	0.77667	0.01579	0.02397	0.01286	0.02046	0.01754	0.01169	0.01754	0.00994	0.01169	0.00702	0.00526	0.00526	0.00175	0.00818	0.00409	0.00234	0.00818
15	0.00680	0.00496	0.00641	0.00744	0.00799	0.00457	0.00505	0.00792	0.01116	0.01477	0.08334	0.67011	0.11592	0.01659	0.00698	0.00217	0.00313	0.01492	0.00521	0.00457

[dist]
# distance from previous block
# <min> <max>
0	1

[block]
# block no. 9 follows, 43 sequences, length 22
# corresponding to MSA columns:
# 400-417,426-429
name=unknown_J
#
# <colnr> <probs for GDERKNQSTAVLIFYWHMCP>
#	G	D	E	R	K	N	Q	S	T	A	V	L	I	F	Y	W	H	M	C	P
0	0.00674	0.00487	0.00638	0.00759	0.00800	0.00451	0.00509	0.00773	0.01072	0.01419	0.03200	0.75872	0.07871	0.01716	0.00704	0.00223	0.00319	0.01551	0.00514	0.00451
1	0.00691	0.00494	0.00660	0.00779	0.00821	0.00463	0.00532	0.00804	0.01099	0.01470	0.07161	0.72489	0.03728	0.01692	0.00707	0.00223	0.00327	0.04886	0.00519	0.00457
2	0.01982	0.01490	0.01593	0.01249	0.01671	0.01660	0.01023	0.63022	0.15017	0.03292	0.01486	0.01454	0.01068	0.00679	0.00556	0.00170	0.00581	0.00520	0.00556	0.00931
3	0.01923	0.16715	0.01789	0.01323	0.01637	0.62130	0.01036	0.02073	0.01468	0.01344	0.00860	0.01016	0.00734	0.00665	0.02905	0.00162	0.00940	0.00353	0.00277	0.00650
4	0.01620	0.62347	0.02587	0.01061	0.01490	0.20215	0.00977	0.01789	0.01230	0.01315	0.00790	0.00915	0.00711	0.00497	0.00389	0.00124	0.00689	0.00310	0.00248	0.00694
5	0.80756	0.04623	0.00907	0.00738	0.01087	0.01285	0.00615	0.01629	0.00951	0.02432	0.00771	0.00899	0.00605	0.00512	0.00343	0.00169	0.00436	0.00300	0.00338	0.00605
6	0.01464	0.77302	0.06322	0.00976	0.01466	0.02150	0.00998	0.01663	0.01127	0.01324	0.00780	0.00901	0.00710	0.00476	0.00363	0.00121	0.00603	0.00301	0.00237	0.00716
7	0.05841	0.01216	0.02139	0.20516	0.02475	0.01400	0.27257	0.01523	0.01092	0.01606	0.00980	0.01397	0.00794	0.00651	0.00953	0.00200	0.24693	0.00537	0.04075	0.00653
8	0.00672	0.00551	0.00595	0.00625	0.00781	0.00474	0.00464	0.00811	0.01227	0.01491	0.05004	0.18628	0.59668	0.01469	0.00670	0.00198	0.00301	0.05391	0.00514	0.00467
9	0.00675	0.00482	0.00643	0.00771	0.00803	0.00450	0.00514	0.00771	0.01060	0.01414	0.03053	0.80175	0.03663	0.01735	0.00707	0.00225	0.00321	0.01574	0.00514	0.00450
10	0.01111	0.02865	0.77667	0.01579	0.02397	0.01286	0.02046	0.01754	0.01169	0.01754	0.00994	0.01169	0.00702	0.00526	0.00526	0.00175	0.00818	0.00409	0.00234	0.00818
11	0.84448	0.01071	0.00814	0.00728	0.01071	0.01242	0.00600	0.01628	0.00943	0.02485	0.00771	0.00900	0.00600	0.00514	0.00343	0.00171	0.00428	0.00300	0.00343	0.00600
12	0.01483	0.00971	0.01000	0.00852	0.01112	0.02906	0.00675	0.24371	0.08899	0.05657	0.01695	0.01804	0.01279	0.00661	0.00466	0.00148	0.00411	0.00519	0.44387	0.00704
13	0.00719	0.00543	0.00664	0.00678	0.00799	0.00488	0.00491	0.00903	0.01349	0.01806	0.37431	0.24215	0.25165	0.01366	0.00668	0.00191	0.00282	0.01198	0.00558	0.00488
14	0.01426	0.01214	0.01279	0.01137	0.01459	0.01400	0.00888	0.07726	0.71220	0.02394	0.02193	0.02018	0.01641	0.00746	0.00563	0.00186	0.00450	0.00618	0.00563	0.00881
15	0.02069	0.02640	0.01569	0.01427	0.01712	0.78313	0.01070	0.02212	0.01569	0.01355	0.00856	0.00999	0.00713	0.00571	0.00499	0.00143	0.00999	0.00357	0.00285	0.00642
16	0.00790	0.00531	0.00608	0.00623	0.00627	0.00527	0.00356	0.00801	0.00835	0.01113	0.01895	0.12380	0.02202	0.71523	0.02577	0.00501	0.00512	0.00893	0.00356	0.00349
17	0.00805	0.00537	0.00604	0.00604	0.00604	0.00537	0.00336	0.00805	0.00805	0.01074	0.01745	0.03624	0.02013	0.80536	0.02819	0.00537	0.00537	0.00805	0.00336	0.00336
18	0.00773	0.00566	0.00725	0.00685	0.00820	0.00518	0.00514	0.01023	0.01541	0.02158	0.70568	0.04241	0.11486	0.01156	0.00653	0.00175	0.00263	0.01016	0.00601	0.00518
19	0.00775	0.00566	0.00728	0.00688	0.00822	0.00519	0.00516	0.01029	0.01547	0.02173	0.72077	0.04216	0.09967	0.01150	0.00653	0.00175	0.00263	0.01013	0.00603	0.00519
20	0.01145	0.00610	0.00684	0.06380	0.00957	0.00626	0.00517	0.03843	0.01221	0.06247	0.01750	0.02025	0.01365	0.02613	0.00475	0.00147	0.00324	0.00523	0.67991	0.00557
21	0.01048	0.00967	0.01652	0.48991	0.04428	0.01127	0.09751	0.01372	0.01117	0.01490	0.01293	0.06384	0.01150	0.04414	0.00740	0.00207	0.04222	0.04653	0.04392	0.00602

[dist]
# distance from previous block
# <min> <max>
1	19

[block]
# block no. 10 follows, 43 sequences, length 24
# corresponding to MSA columns:
# 529-534,536-553
name=unknown_K
#
# <colnr> <probs for GDERKNQSTAVLIFYWHMCP>
#	G	D	E	R	K	N	Q	S	T	A	V	L	I	F	Y	W	H	M	C	P
0	0.01360	0.07532	0.01332	0.08485	0.01502	0.15158	0.00866	0.11369	0.03197	0.01890	0.10553	0.03517	0.02906	0.01009	0.07185	0.00218	0.04155	0.00555	0.11309	0.05904
1	0.01602	0.05079	0.13161	0.01361	0.08214	0.01359	0.01138	0.34490	0.03576	0.04660	0.03222	0.04277	0.02719	0.00681	0.00536	0.00162	0.00579	0.01868	0.04226	0.07087
2	0.00765	0.00543	0.00636	0.00644	0.00697	0.00529	0.00412	0.00836	0.00975	0.01288	0.08632	0.10792	0.14964	0.47052	0.08519	0.00450	0.00532	0.00934	0.00401	0.00397
3	0.01107	0.02656	0.69401	0.01628	0.06322	0.01246	0.01944	0.01712	0.01196	0.01782	0.05150	0.01343	0.00959	0.00558	0.00534	0.00175	0.00779	0.00446	0.00257	0.00805
4	0.00758	0.00549	0.00715	0.00707	0.00820	0.00506	0.00518	0.00982	0.01456	0.02036	0.59746	0.19443	0.07163	0.01262	0.00664	0.00185	0.00274	0.01122	0.00587	0.00506
5	0.01307	0.01494	0.03268	0.02334	0.02894	0.01401	0.75070	0.01774	0.01307	0.01774	0.01120	0.01494	0.00840	0.00467	0.00654	0.00187	0.00934	0.00654	0.00280	0.00747
6	0.01378	0.01190	0.01252	0.01127	0.01440	0.01378	0.00877	0.02943	0.76081	0.02317	0.02254	0.02066	0.01691	0.00751	0.00564	0.00188	0.00438	0.00626	0.00564	0.00877
7	0.02485	0.00943	0.01285	0.00985	0.01414	0.00814	0.00814	0.02699	0.01585	0.77465	0.02185	0.01885	0.01371	0.00685	0.00557	0.00171	0.00471	0.00557	0.00685	0.00943
8	0.01191	0.01010	0.01171	0.00841	0.01331	0.00782	0.00674	0.04708	0.01214	0.01880	0.01000	0.01157	0.00826	0.00422	0.00417	0.00086	0.00419	0.00336	0.00338	0.80198
9	0.00679	0.00539	0.00611	0.00641	0.00776	0.00470	0.00462	0.00825	0.01249	0.01578	0.15262	0.26661	0.45374	0.01459	0.00669	0.00196	0.00289	0.01261	0.00528	0.00470
10	0.03881	0.04976	0.01640	0.10772	0.01888	0.05700	0.03132	0.37263	0.12160	0.04206	0.01459	0.01531	0.03278	0.00679	0.00612	0.00174	0.04851	0.00519	0.00461	0.00820
11	0.01524	0.74279	0.05017	0.00968	0.01450	0.02091	0.00973	0.01717	0.01151	0.05407	0.00853	0.00950	0.00746	0.00487	0.00371	0.00123	0.00592	0.00313	0.00261	0.00726
12	0.76706	0.01128	0.03282	0.00785	0.01135	0.01244	0.00671	0.01657	0.00967	0.04801	0.00822	0.00949	0.00631	0.00534	0.00400	0.00174	0.02833	0.00317	0.00347	0.00618
13	0.00768	0.00563	0.00720	0.00686	0.00819	0.00515	0.00512	0.01012	0.01521	0.02123	0.67384	0.06746	0.12208	0.01179	0.00655	0.00177	0.00265	0.01037	0.00597	0.00515
14	0.00675	0.00482	0.00643	0.00771	0.00803	0.00450	0.00514	0.00771	0.01060	0.01414	0.03053	0.80175	0.03663	0.01735	0.00707	0.00225	0.00321	0.01574	0.00514	0.00450
15	0.01221	0.00988	0.01158	0.00837	0.01321	0.00760	0.00670	0.01503	0.03306	0.05563	0.01080	0.01211	0.00872	0.00434	0.00422	0.00089	0.00414	0.00348	0.00353	0.77449
16	0.84448	0.01071	0.00814	0.00728	0.01071	0.01242	0.00600	0.01628	0.00943	0.02485	0.00771	0.00900	0.00600	0.00514	0.00343	0.00171	0.00428	0.00300	0.00343	0.00600
17	0.00763	0.00592	0.00698	0.00666	0.00826	0.00541	0.00501	0.01039	0.04822	0.01959	0.47288	0.04481	0.31366	0.01214	0.00650	0.00180	0.00276	0.01046	0.00573	0.00518
18	0.00692	0.00560	0.00620	0.00643	0.00801	0.00487	0.00487	0.00850	0.01269	0.01571	0.11763	0.13786	0.54575	0.01427	0.00671	0.00197	0.00306	0.08296	0.00523	0.00475
19	0.01046	0.00984	0.01661	0.79205	0.03814	0.01230	0.01538	0.01415	0.01107	0.01415	0.00984	0.01477	0.00738	0.00554	0.00554	0.00185	0.00738	0.00492	0.00246	0.00615
20	0.01306	0.06979	0.08235	0.02189	0.02761	0.01447	0.65134	0.01765	0.01286	0.01741	0.01088	0.01431	0.00822	0.00471	0.00625	0.00181	0.00903	0.00613	0.00274	0.00749
21	0.00692	0.00518	0.00642	0.00705	0.00795	0.00469	0.00493	0.00832	0.01211	0.01595	0.18426	0.46697	0.21841	0.01533	0.00683	0.00206	0.00299	0.01361	0.00533	0.00469
22	0.00757	0.00565	0.00704	0.00669	0.00811	0.00511	0.00502	0.00994	0.01505	0.02073	0.62248	0.04381	0.19860	0.01187	0.00653	0.00177	0.00265	0.01036	0.00590	0.00511
23	0.00669	0.00554	0.00589	0.00613	0.00775	0.00473	0.00457	0.00809	0.01235	0.01493	0.05122	0.15808	0.63016	0.01455	0.00667	0.00196	0.00298	0.04791	0.00514	0.00467

[dist]
# distance from previous block
# <min> <max>
0	19

[block]
# block no. 11 follows, 43 sequences, length 30
# corresponding to MSA columns:
# 573-602
name=unknown_L
#
# <colnr> <probs for GDERKNQSTAVLIFYWHMCP>
#	G	D	E	R	K	N	Q	S	T	A	V	L	I	F	Y	W	H	M	C	P
0	0.01175	0.16856	0.61889	0.03827	0.02264	0.01448	0.01833	0.01726	0.01159	0.01662	0.00953	0.01128	0.00704	0.00518	0.00496	0.00165	0.00775	0.00391	0.00235	0.00793
1	0.00841	0.00585	0.00720	0.00674	0.00837	0.00523	0.00510	0.01066	0.01483	0.06162	0.52633	0.04349	0.25187	0.01184	0.00648	0.00178	0.00278	0.01024	0.00587	0.00530
2	0.01032	0.00516	0.00516	0.00516	0.00645	0.00516	0.00387	0.01290	0.01161	0.02065	0.01807	0.02065	0.01420	0.00645	0.00387	0.00129	0.00258	0.00516	0.83611	0.00516
3	0.01250	0.01011	0.01265	0.07602	0.06704	0.02614	0.00917	0.20955	0.01462	0.01980	0.01833	0.29367	0.01918	0.05403	0.00895	0.00217	0.11024	0.00891	0.02047	0.00645
4	0.03518	0.11200	0.05562	0.12692	0.05529	0.03479	0.01134	0.38966	0.01905	0.02569	0.03511	0.01394	0.01010	0.00618	0.00517	0.00161	0.00617	0.00477	0.04333	0.00808
5	0.01238	0.05420	0.09541	0.04116	0.32728	0.10200	0.01289	0.01515	0.01250	0.01616	0.01928	0.08212	0.13438	0.00785	0.00600	0.00174	0.02846	0.02061	0.00330	0.00713
6	0.74700	0.01138	0.00963	0.00986	0.07860	0.03446	0.00711	0.01651	0.00989	0.02392	0.00798	0.00944	0.00628	0.00514	0.00366	0.00170	0.00465	0.00319	0.00335	0.00626
7	0.00655	0.00561	0.00561	0.00561	0.00748	0.00468	0.00421	0.00795	0.01262	0.01496	0.05610	0.05330	0.76857	0.01403	0.00655	0.00187	0.00281	0.01169	0.00514	0.00468
8	0.01253	0.01018	0.01180	0.00867	0.01335	0.00824	0.00693	0.07236	0.03150	0.04112	0.01140	0.03590	0.00953	0.00487	0.00438	0.00098	0.00426	0.00393	0.00368	0.70440
9	0.00768	0.00545	0.00672	0.00674	0.00754	0.00522	0.00462	0.00910	0.01183	0.01625	0.30501	0.14816	0.10343	0.25911	0.05989	0.00337	0.00430	0.01005	0.02106	0.00448
10	0.02822	0.01077	0.05979	0.66906	0.03477	0.01195	0.03059	0.01425	0.01112	0.01484	0.01065	0.03636	0.00837	0.00585	0.00549	0.00183	0.00715	0.00517	0.02754	0.00622
11	0.01111	0.02865	0.77667	0.01579	0.02397	0.01286	0.02046	0.01754	0.01169	0.01754	0.00994	0.01169	0.00702	0.00526	0.00526	0.00175	0.00818	0.00409	0.00234	0.00818
12	0.00820	0.00626	0.00810	0.06950	0.01085	0.00605	0.00611	0.03260	0.01481	0.02022	0.51270	0.07277	0.16998	0.01154	0.00648	0.00181	0.00322	0.02794	0.00556	0.00530
13	0.02345	0.01059	0.01390	0.01154	0.05267	0.00990	0.00896	0.13645	0.03498	0.60661	0.02000	0.01779	0.01289	0.00674	0.00556	0.00171	0.00501	0.00547	0.00642	0.00938
14	0.01188	0.01008	0.01170	0.00839	0.01329	0.00779	0.00673	0.04481	0.01209	0.01875	0.00999	0.01156	0.00825	0.00421	0.00416	0.00086	0.00418	0.00335	0.00338	0.80453
15	0.01994	0.01477	0.01663	0.01339	0.04030	0.01619	0.03023	0.63472	0.05858	0.05221	0.01433	0.03783	0.01066	0.00691	0.00562	0.00170	0.00599	0.00543	0.00541	0.00917
16	0.00962	0.00481	0.00722	0.00722	0.00722	0.00481	0.00481	0.00722	0.00722	0.00962	0.00962	0.01684	0.00962	0.01924	0.02165	0.83886	0.00481	0.00481	0.00241	0.00241
17	0.02006	0.01682	0.09248	0.01305	0.01785	0.01674	0.01152	0.67900	0.02461	0.03317	0.01296	0.01314	0.00918	0.00651	0.00551	0.00167	0.00630	0.00490	0.00522	0.00930
18	0.01350	0.09641	0.25127	0.06610	0.26945	0.04996	0.04674	0.07376	0.01332	0.01820	0.01096	0.01463	0.00895	0.00565	0.00535	0.00168	0.00722	0.03594	0.00289	0.00800
19	0.01231	0.01224	0.01665	0.33042	0.02447	0.07782	0.03309	0.03126	0.01078	0.01459	0.00911	0.01347	0.00767	0.00734	0.01076	0.00203	0.33822	0.00483	0.03673	0.00620
20	0.08308	0.06940	0.57791	0.03846	0.03683	0.03014	0.03781	0.01728	0.01153	0.01765	0.00957	0.01149	0.00702	0.00532	0.00534	0.00173	0.02515	0.00405	0.00247	0.00778
21	0.00885	0.00721	0.00873	0.00892	0.01013	0.03067	0.02717	0.03155	0.08962	0.01581	0.02917	0.42589	0.11036	0.05719	0.03041	0.00250	0.01766	0.07802	0.00486	0.00527
22	0.00962	0.00481	0.00722	0.00722	0.00722	0.00481	0.00481	0.00722	0.00722	0.00962	0.00962	0.01684	0.00962	0.01924	0.02165	0.83886	0.00481	0.00481	0.00241	0.00241
23	0.01208	0.02069	0.42171	0.04093	0.08798	0.01250	0.09929	0.05171	0.05021	0.03538	0.01347	0.06967	0.02511	0.00653	0.00597	0.00182	0.02839	0.00564	0.00310	0.00782
24	0.01111	0.02865	0.77667	0.01579	0.02397	0.01286	0.02046	0.01754	0.01169	0.01754	0.00994	0.01169	0.00702	0.00526	0.00526	0.00175	0.00818	0.00409	0.00234	0.00818
25	0.02455	0.00990	0.01314	0.01008	0.01437	0.00884	0.00832	0.08316	0.01664	0.71737	0.02119	0.01842	0.01338	0.00684	0.00557	0.00171	0.00482	0.00552	0.00675	0.00942
26	0.00805	0.00537	0.00604	0.00604	0.00604	0.00537	0.00336	0.00805	0.00805	0.01074	0.01745	0.03624	0.02013	0.80536	0.02819	0.00537	0.00537	0.00805	0.00336	0.00336
27	0.00706	0.00563	0.00633	0.00615	0.00780	0.00490	0.00462	0.00895	0.01385	0.01787	0.34158	0.04852	0.48128	0.01294	0.00654	0.00182	0.00273	0.01102	0.00553	0.00490
28	0.01378	0.01190	0.01252	0.01127	0.01440	0.01378	0.00877	0.02943	0.76081	0.02317	0.02254	0.02066	0.01691	0.00751	0.00564	0.00188	0.00438	0.00626	0.00564	0.00877
29	0.02088	0.02056	0.01619	0.01345	0.01715	0.37236	0.01061	0.41373	0.02124	0.02500	0.01110	0.01176	0.00836	0.00621	0.00529	0.00155	0.00790	0.00433	0.00429	0.00803

[dist]
# distance from previous block
# <min> <max>
0	5

[block]
# block no. 12 follows, 43 sequences, length 15
# corresponding to MSA columns:
# 613-615,621-632
name=unknown_M
#
# <colnr> <probs for GDERKNQSTAVLIFYWHMCP>
#	G	D	E	R	K	N	Q	S	T	A	V	L	I	F	Y	W	H	M	C	P
0	0.10585	0.01502	0.01575	0.01218	0.01651	0.01669	0.01006	0.67655	0.02433	0.03387	0.01272	0.01285	0.00907	0.00649	0.00532	0.00167	0.00591	0.00478	0.00532	0.00907
1	0.00675	0.00482	0.00643	0.00771	0.00803	0.00450	0.00514	0.00771	0.01060	0.01414	0.03053	0.80175	0.03663	0.01735	0.00707	0.00225	0.00321	0.01574	0.00514	0.00450
2	0.01046	0.00984	0.01661	0.79205	0.03814	0.01230	0.01538	0.01415	0.01107	0.01415	0.00984	0.01477	0.00738	0.00554	0.00554	0.00185	0.00738	0.00492	0.00246	0.00615
3	0.00683	0.00519	0.00623	0.00688	0.00780	0.00466	0.00477	0.00806	0.01168	0.01507	0.10896	0.45063	0.28386	0.04321	0.00758	0.00218	0.00309	0.01356	0.00517	0.00459
4	0.00720	0.00528	0.00680	0.00744	0.00830	0.00487	0.00535	0.00882	0.01247	0.01673	0.24388	0.43482	0.13081	0.01506	0.00690	0.00208	0.00314	0.06987	0.00541	0.00477
5	0.01288	0.01625	0.10375	0.02262	0.02847	0.01390	0.68094	0.01772	0.01294	0.01772	0.01108	0.01463	0.00827	0.00473	0.00641	0.00186	0.00923	0.00630	0.00276	0.00754
