[name]
unknown

[dist]
# distance from previous block
# <min> <max>
19	72

[block]
# block no. 0 follows, 42 sequences, length 7
# corresponding to MSA columns:
# 107-113
name=unknown_A
#
# <colnr> <probs for GDERKNQSTAVLIFYWHMCP>
#	G	D	E	R	K	N	Q	S	T	A	V	L	I	F	Y	W	H	M	C	P
0	0.03901	0.01236	0.04391	0.16060	0.08229	0.05761	0.07006	0.08250	0.05772	0.13042	0.03437	0.06400	0.01281	0.00691	0.00594	0.00175	0.02963	0.00589	0.05575	0.04645
1	0.01421	0.01250	0.01417	0.12309	0.04807	0.12477	0.05283	0.09125	0.07417	0.06653	0.03309	0.04436	0.04158	0.08455	0.00791	0.00207	0.00626	0.05026	0.02366	0.08466
2	0.01375	0.03704	0.03742	0.13742	0.07953	0.08732	0.07943	0.09638	0.08673	0.01861	0.01258	0.01647	0.01049	0.08834	0.00809	0.00200	0.02817	0.00517	0.02472	0.13035
3	0.03429	0.01057	0.01495	0.34925	0.10394	0.01179	0.01215	0.09428	0.08856	0.01873	0.01657	0.05426	0.06491	0.00721	0.00566	0.00179	0.00602	0.02772	0.00368	0.07366
4	0.03985	0.01673	0.01497	0.04674	0.04180	0.27494	0.02915	0.14576	0.09711	0.05764	0.04828	0.03813	0.01270	0.02195	0.02910	0.00199	0.05192	0.00536	0.01858	0.00729
5	0.04758	0.00695	0.00854	0.00806	0.00981	0.00657	0.02877	0.05497	0.01269	0.01758	0.12639	0.29266	0.17939	0.06722	0.03620	0.00241	0.00418	0.01088	0.00486	0.07431
6	0.01529	0.01013	0.01119	0.04117	0.01302	0.01092	0.00756	0.28385	0.08041	0.06812	0.01727	0.04874	0.01396	0.07635	0.00715	0.00195	0.00468	0.00595	0.27503	0.00724

[dist]
# distance from previous block
# <min> <max>
6	40

[block]
# block no. 1 follows, 42 sequences, length 25
# corresponding to MSA columns:
# 157-162,165-183
name=unknown_B
#
# <colnr> <probs for GDERKNQSTAVLIFYWHMCP>
#	G	D	E	R	K	N	Q	S	T	A	V	L	I	F	Y	W	H	M	C	P
0	0.05634	0.00857	0.04885	0.00862	0.01067	0.00766	0.00689	0.09611	0.01321	0.06227	0.06876	0.20751	0.11364	0.15723	0.01044	0.00263	0.00456	0.08360	0.00480	0.02762
1	0.15202	0.01164	0.03140	0.03404	0.01453	0.01163	0.00844	0.25118	0.03071	0.15110	0.01709	0.07961	0.04393	0.04404	0.00635	0.00186	0.00510	0.00596	0.00494	0.09444
2	0.64511	0.01206	0.03837	0.00845	0.01236	0.01276	0.00723	0.10069	0.01179	0.02556	0.00876	0.00996	0.00673	0.00531	0.00386	0.00166	0.00470	0.00335	0.00368	0.07763
3	0.00989	0.00598	0.00797	0.00830	0.00958	0.00552	0.00623	0.01162	0.01289	0.11834	0.16770	0.40234	0.06725	0.01457	0.00695	0.00215	0.00365	0.12795	0.00563	0.00549
4	0.01237	0.05235	0.65619	0.01627	0.05144	0.01375	0.01944	0.08027	0.01315	0.01921	0.01034	0.01201	0.00741	0.00544	0.00532	0.00175	0.00800	0.00423	0.00267	0.00841
5	0.01489	0.52426	0.11261	0.01207	0.01712	0.05866	0.09559	0.01760	0.01211	0.04075	0.00948	0.01097	0.00790	0.00507	0.00432	0.00139	0.00671	0.00378	0.03738	0.00735
6	0.01581	0.03682	0.07280	0.00959	0.01294	0.00796	0.02753	0.01853	0.01522	0.33516	0.31290	0.06303	0.02950	0.00898	0.00605	0.00177	0.00433	0.00773	0.00595	0.00743
7	0.00834	0.00611	0.00780	0.00843	0.00937	0.00607	0.00628	0.01118	0.07577	0.01683	0.16010	0.33533	0.03534	0.10226	0.00948	0.00259	0.00396	0.18444	0.00523	0.00509
8	0.00925	0.00650	0.00864	0.00894	0.03396	0.00619	0.00673	0.01219	0.04024	0.05349	0.44081	0.08318	0.08234	0.01233	0.00681	0.00199	0.00355	0.17144	0.00577	0.00564
9	0.58676	0.04724	0.11533	0.00940	0.01374	0.01372	0.00886	0.11175	0.01216	0.02505	0.00888	0.01008	0.00674	0.00542	0.00402	0.00172	0.00521	0.00346	0.00356	0.00690
10	0.00798	0.00575	0.00789	0.00800	0.00863	0.00631	0.00571	0.00926	0.00891	0.01248	0.01730	0.09328	0.01811	0.28524	0.47150	0.00731	0.01096	0.00758	0.00333	0.00447
11	0.00717	0.00560	0.00652	0.00671	0.00813	0.00495	0.00497	0.00890	0.01328	0.01711	0.24067	0.19151	0.39960	0.01422	0.00680	0.00197	0.00299	0.04852	0.00548	0.00489
12	0.01071	0.03040	0.01002	0.01018	0.07388	0.00838	0.00640	0.03554	0.13007	0.04548	0.01938	0.12882	0.01998	0.40489	0.03873	0.00387	0.00539	0.00824	0.00413	0.00550
13	0.84197	0.01088	0.00827	0.00740	0.01088	0.01262	0.00609	0.01654	0.00958	0.02525	0.00784	0.00914	0.00609	0.00522	0.00348	0.00174	0.00435	0.00305	0.00348	0.00609
14	0.01276	0.01368	0.07150	0.24158	0.42932	0.01321	0.10291	0.01659	0.01237	0.01719	0.01049	0.01424	0.00836	0.00517	0.00570	0.00176	0.00735	0.00515	0.00269	0.00798
15	0.01267	0.01274	0.04730	0.30015	0.48367	0.01305	0.01682	0.01627	0.01223	0.01695	0.01036	0.01424	0.00835	0.00524	0.00558	0.00175	0.00703	0.00498	0.00267	0.00795
16	0.01335	0.01278	0.02180	0.16596	0.64019	0.01322	0.01698	0.01677	0.01254	0.01769	0.01048	0.01412	0.00867	0.00512	0.00558	0.00171	0.00683	0.00501	0.00274	0.00845
17	0.02233	0.00919	0.01218	0.00954	0.01348	0.00808	0.00781	0.04943	0.01617	0.62943	0.07604	0.02353	0.08072	0.00789	0.00581	0.00176	0.00452	0.00648	0.00672	0.00887
18	0.01400	0.01209	0.01273	0.01145	0.01463	0.01400	0.00891	0.02990	0.75695	0.02354	0.02291	0.02100	0.01718	0.00764	0.00573	0.00191	0.00445	0.00636	0.00573	0.00891
19	0.01180	0.12205	0.62516	0.04294	0.02388	0.01421	0.04960	0.01759	0.01186	0.01715	0.00987	0.01178	0.00721	0.00527	0.00520	0.00172	0.00806	0.00415	0.00240	0.00808
20	0.00932	0.00603	0.00786	0.00731	0.00887	0.00550	0.00551	0.01179	0.01553	0.08582	0.62921	0.08016	0.08231	0.01157	0.00658	0.00180	0.00288	0.01017	0.00616	0.00561
21	0.02507	0.00986	0.01324	0.01015	0.01451	0.00869	0.00838	0.06063	0.01658	0.73714	0.02180	0.01889	0.01373	0.00696	0.00566	0.00174	0.00485	0.00563	0.00690	0.00958
22	0.01231	0.01231	0.01724	0.01477	0.01477	0.01724	0.01231	0.01354	0.00862	0.01354	0.00739	0.01231	0.00739	0.00985	0.01847	0.00246	0.79192	0.00492	0.00246	0.00616
23	0.01537	0.00986	0.01188	0.02827	0.01349	0.01027	0.00823	0.27416	0.01749	0.14349	0.06714	0.21029	0.02169	0.03137	0.05983	0.00250	0.00559	0.05635	0.00545	0.00727
24	0.00789	0.00575	0.00741	0.00700	0.00836	0.00528	0.00525	0.01047	0.01574	0.02212	0.72156	0.04277	0.09596	0.01167	0.00664	0.00178	0.00267	0.01028	0.00614	0.00528

[dist]
# distance from previous block
# <min> <max>
0	39

[block]
# block no. 2 follows, 42 sequences, length 33
# corresponding to MSA columns:
# 223-255
name=unknown_C
#
# <colnr> <probs for GDERKNQSTAVLIFYWHMCP>
#	G	D	E	R	K	N	Q	S	T	A	V	L	I	F	Y	W	H	M	C	P
0	0.00978	0.00489	0.00733	0.00733	0.00733	0.00489	0.00489	0.00733	0.00733	0.00978	0.00978	0.01711	0.00978	0.01955	0.02199	0.83627	0.00489	0.00489	0.00244	0.00244
1	0.01251	0.01614	0.19434	0.21587	0.39681	0.01310	0.01747	0.01700	0.03099	0.01740	0.01064	0.01390	0.00836	0.00531	0.00554	0.00175	0.00721	0.00485	0.00269	0.00812
2	0.01532	0.01557	0.01942	0.01613	0.03688	0.15006	0.14788	0.13604	0.01395	0.01832	0.01052	0.04067	0.00918	0.00776	0.01077	0.00200	0.31544	0.00544	0.02161	0.00704
3	0.00760	0.00573	0.00698	0.00667	0.00812	0.00516	0.00497	0.00984	0.01486	0.02020	0.54664	0.04530	0.25160	0.03288	0.00721	0.00190	0.00278	0.01060	0.00585	0.00510
4	0.00803	0.00575	0.00712	0.00692	0.00836	0.00517	0.00513	0.01017	0.01455	0.04249	0.47871	0.13484	0.22636	0.01278	0.00668	0.00186	0.00284	0.01116	0.00586	0.00521
5	0.01240	0.01320	0.02627	0.27634	0.08003	0.01377	0.41770	0.01653	0.01233	0.01660	0.01066	0.01488	0.00816	0.00533	0.00688	0.00191	0.05126	0.00590	0.00271	0.00716
6	0.06303	0.03580	0.05859	0.03135	0.66540	0.01356	0.01657	0.01724	0.01254	0.01862	0.01032	0.01341	0.00861	0.00504	0.00538	0.00167	0.00661	0.00480	0.00280	0.00867
7	0.84197	0.01088	0.00827	0.00740	0.01088	0.01262	0.00609	0.01654	0.00958	0.02525	0.00784	0.00914	0.00609	0.00522	0.00348	0.00174	0.00435	0.00305	0.00348	0.00609
8	0.01505	0.80561	0.02949	0.00963	0.01444	0.02227	0.00963	0.01685	0.01143	0.01324	0.00782	0.00903	0.00722	0.00481	0.00361	0.00120	0.00602	0.00301	0.00241	0.00722
9	0.01473	0.01025	0.01191	0.05612	0.01490	0.01107	0.00862	0.02445	0.41903	0.16785	0.04441	0.02730	0.09605	0.00874	0.00597	0.00192	0.00454	0.05834	0.00570	0.00809
10	0.00878	0.00593	0.00778	0.00722	0.00869	0.00545	0.00545	0.01141	0.01594	0.05775	0.72928	0.04096	0.05126	0.01129	0.00659	0.00177	0.00276	0.00997	0.00623	0.00551
11	0.00747	0.00573	0.00683	0.00656	0.00810	0.00510	0.00492	0.00966	0.01476	0.01978	0.49699	0.04662	0.32200	0.01254	0.00664	0.00182	0.00273	0.01082	0.00583	0.00510
12	0.01505	0.80561	0.02949	0.00963	0.01444	0.02227	0.00963	0.01685	0.01143	0.01324	0.00782	0.00903	0.00722	0.00481	0.00361	0.00120	0.00602	0.00301	0.00241	0.00722
13	0.02525	0.00958	0.01306	0.01001	0.01437	0.00827	0.00827	0.02743	0.01611	0.77102	0.02220	0.01915	0.01393	0.00697	0.00566	0.00174	0.00479	0.00566	0.00697	0.00958
14	0.01400	0.01209	0.01273	0.01145	0.01463	0.01400	0.00891	0.02990	0.75695	0.02354	0.02291	0.02100	0.01718	0.00764	0.00573	0.00191	0.00445	0.00636	0.00573	0.00891
15	0.01049	0.00525	0.00525	0.00525	0.00656	0.00525	0.00393	0.01311	0.01180	0.02098	0.01836	0.02098	0.01442	0.00656	0.00393	0.00131	0.00262	0.00525	0.83346	0.00525
16	0.84197	0.01088	0.00827	0.00740	0.01088	0.01262	0.00609	0.01654	0.00958	0.02525	0.00784	0.00914	0.00609	0.00522	0.00348	0.00174	0.00435	0.00305	0.00348	0.00609
17	0.02102	0.02682	0.01595	0.01450	0.01740	0.77963	0.01087	0.02247	0.01595	0.01377	0.00870	0.01015	0.00725	0.00580	0.00507	0.00145	0.01015	0.00362	0.00290	0.00652
18	0.84197	0.01088	0.00827	0.00740	0.01088	0.01262	0.00609	0.01654	0.00958	0.02525	0.00784	0.00914	0.00609	0.00522	0.00348	0.00174	0.00435	0.00305	0.00348	0.00609
19	0.01253	0.01310	0.01195	0.01121	0.01260	0.24439	0.00860	0.01414	0.01105	0.01320	0.01238	0.01825	0.01160	0.07749	0.40181	0.00569	0.10624	0.00530	0.00294	0.00551
20	0.01505	0.80561	0.02949	0.00963	0.01444	0.02227	0.00963	0.01685	0.01143	0.01324	0.00782	0.00903	0.00722	0.00481	0.00361	0.00120	0.00602	0.00301	0.00241	0.00722
21	0.01400	0.01209	0.01273	0.01145	0.01463	0.01400	0.00891	0.02990	0.75695	0.02354	0.02291	0.02100	0.01718	0.00764	0.00573	0.00191	0.00445	0.00636	0.00573	0.00891
22	0.00700	0.00497	0.00653	0.00767	0.00801	0.00467	0.00508	0.00795	0.01073	0.01435	0.05350	0.71206	0.03636	0.08147	0.00892	0.00253	0.00342	0.01517	0.00511	0.00450
23	0.02475	0.00948	0.01294	0.01002	0.01428	0.00822	0.00830	0.02694	0.01601	0.74796	0.02243	0.02051	0.01449	0.00723	0.00572	0.00177	0.00480	0.02778	0.00691	0.00944
24	0.00789	0.00564	0.00771	0.00902	0.00979	0.00546	0.00702	0.00962	0.01179	0.01552	0.03045	0.45542	0.03496	0.01666	0.00746	0.00243	0.00416	0.34894	0.00520	0.00486
25	0.00743	0.00533	0.00695	0.00798	0.00850	0.00507	0.00542	0.03415	0.01161	0.01555	0.06970	0.73025	0.03710	0.01692	0.00710	0.00224	0.00334	0.01530	0.00529	0.00479
26	0.01477	0.01466	0.02190	0.08191	0.57920	0.10026	0.05049	0.01796	0.01317	0.03662	0.01066	0.01376	0.00874	0.00518	0.00557	0.00167	0.00722	0.00495	0.00289	0.00842
27	0.00842	0.00601	0.00832	0.00962	0.01063	0.00592	0.00793	0.01053	0.01231	0.01611	0.03016	0.28032	0.03381	0.01616	0.00760	0.00250	0.00462	0.51884	0.00519	0.00500
28	0.00789	0.00575	0.00742	0.00700	0.00836	0.00528	0.00525	0.01047	0.01575	0.02213	0.72254	0.04275	0.09498	0.01167	0.00664	0.00178	0.00267	0.01028	0.00614	0.00528
29	0.02208	0.02807	0.01321	0.01017	0.01419	0.00963	0.00842	0.11021	0.05094	0.54780	0.02339	0.02277	0.05978	0.00781	0.00578	0.00178	0.00487	0.04367	0.00645	0.00897
30	0.09851	0.66218	0.02629	0.00981	0.01425	0.06185	0.00941	0.01703	0.01141	0.01449	0.00786	0.00919	0.00711	0.00505	0.00408	0.00131	0.02748	0.00310	0.00254	0.00704
31	0.05232	0.28097	0.31604	0.01526	0.08555	0.04821	0.05714	0.01805	0.01216	0.05195	0.00987	0.01145	0.00768	0.00520	0.00479	0.00157	0.00721	0.00400	0.00274	0.00785
32	0.01819	0.01333	0.01532	0.07375	0.04049	0.01472	0.01041	0.43560	0.14731	0.08125	0.01638	0.05980	0.01266	0.00825	0.02455	0.00196	0.00597	0.00596	0.00532	0.00878

[dist]
# distance from previous block
# <min> <max>
0	9

[block]
# block no. 3 follows, 42 sequences, length 26
# corresponding to MSA columns:
# 265-290
name=unknown_D
#
# <colnr> <probs for GDERKNQSTAVLIFYWHMCP>
#	G	D	E	R	K	N	Q	S	T	A	V	L	I	F	Y	W	H	M	C	P
0	0.08367	0.04959	0.05146	0.26572	0.09309	0.06624	0.11330	0.05938	0.04367	0.04107	0.03389	0.01468	0.00971	0.00595	0.00610	0.00180	0.04519	0.00507	0.00324	0.00718
1	0.80831	0.01083	0.00847	0.00751	0.01103	0.01245	0.00618	0.01699	0.00985	0.05599	0.00843	0.00955	0.00642	0.00530	0.00357	0.00174	0.00437	0.00315	0.00363	0.00624
2	0.01109	0.00845	0.01201	0.32346	0.02124	0.01007	0.01007	0.05638	0.01189	0.01774	0.01345	0.01752	0.01072	0.01006	0.08403	0.00244	0.07192	0.00519	0.29631	0.00596
3	0.00791	0.00575	0.00744	0.00702	0.00837	0.00529	0.00527	0.01051	0.01580	0.02225	0.73368	0.04256	0.08376	0.01162	0.00664	0.00178	0.00266	0.01025	0.00615	0.00529
4	0.00829	0.00640	0.00953	0.00939	0.01033	0.00764	0.00735	0.01026	0.00902	0.01309	0.01462	0.02152	0.01367	0.04028	0.73451	0.00865	0.06140	0.00596	0.00298	0.00509
5	0.59059	0.01048	0.00975	0.00820	0.01196	0.01128	0.00676	0.01989	0.01159	0.25479	0.01226	0.01222	0.00851	0.00576	0.00415	0.00174	0.00449	0.00385	0.00455	0.00717
6	0.00819	0.00590	0.00802	0.00924	0.01025	0.00574	0.00750	0.01017	0.01222	0.01592	0.03180	0.30913	0.07705	0.01617	0.00751	0.00245	0.00440	0.44820	0.00520	0.00495
7	0.01505	0.80561	0.02949	0.00963	0.01444	0.02227	0.00963	0.01685	0.01143	0.01324	0.00782	0.00903	0.00722	0.00481	0.00361	0.00120	0.00602	0.00301	0.00241	0.00722
8	0.00690	0.00567	0.00608	0.00607	0.00778	0.00484	0.00452	0.00853	0.01328	0.01650	0.18484	0.09390	0.59369	0.01394	0.00668	0.00190	0.00284	0.01180	0.00540	0.00484
9	0.01328	0.01518	0.03321	0.02372	0.02941	0.01423	0.74668	0.01803	0.01328	0.01803	0.01139	0.01518	0.00854	0.00474	0.00664	0.00190	0.00949	0.00664	0.00285	0.00759
10	0.01417	0.13033	0.18398	0.05223	0.25313	0.06016	0.06021	0.05400	0.06289	0.03500	0.01259	0.01443	0.03103	0.00569	0.00533	0.00166	0.00703	0.00487	0.00314	0.00813
11	0.01515	0.32924	0.08154	0.01047	0.01472	0.01617	0.00977	0.20756	0.03858	0.04331	0.05923	0.04064	0.07303	0.03056	0.00567	0.00166	0.00562	0.00549	0.00405	0.00755
12	0.02525	0.00958	0.01306	0.01001	0.01437	0.00827	0.00827	0.02743	0.01611	0.77102	0.02220	0.01915	0.01393	0.00697	0.00566	0.00174	0.00479	0.00566	0.00697	0.00958
13	0.00677	0.00523	0.00619	0.00695	0.00793	0.00465	0.00483	0.00794	0.01163	0.01471	0.04181	0.48941	0.33939	0.01623	0.00696	0.00213	0.00309	0.01429	0.00522	0.00465
14	0.01301	0.16796	0.38514	0.03702	0.13801	0.03336	0.06160	0.01787	0.02769	0.03287	0.02856	0.01298	0.00899	0.00541	0.00519	0.00166	0.00744	0.00446	0.00275	0.00803
15	0.02043	0.02053	0.01655	0.01475	0.05771	0.36831	0.01104	0.33609	0.05983	0.02391	0.01164	0.01238	0.00887	0.00627	0.00538	0.00159	0.00795	0.00447	0.00422	0.00810
16	0.01400	0.01209	0.01273	0.01145	0.01463	0.01400	0.00891	0.02990	0.75695	0.02354	0.02291	0.02100	0.01718	0.00764	0.00573	0.00191	0.00445	0.00636	0.00573	0.00891
17	0.01972	0.06234	0.01717	0.03697	0.01749	0.03542	0.01068	0.60451	0.02357	0.03130	0.01363	0.03111	0.01052	0.00717	0.00597	0.00172	0.02940	0.02725	0.00516	0.00891
18	0.01885	0.01348	0.01479	0.01179	0.01554	0.01476	0.00958	0.57764	0.02294	0.05534	0.01578	0.08979	0.01284	0.00991	0.05188	0.00217	0.00624	0.00620	0.04185	0.00863
19	0.00715	0.00504	0.00654	0.00763	0.00793	0.00478	0.00503	0.00801	0.01040	0.01386	0.02873	0.64680	0.03423	0.15057	0.01084	0.00283	0.00370	0.03662	0.00492	0.00439
20	0.00686	0.00490	0.00653	0.00784	0.00816	0.00457	0.00522	0.00784	0.01077	0.01437	0.03102	0.79855	0.03722	0.01763	0.00718	0.00229	0.00326	0.01600	0.00522	0.00457
21	0.05325	0.42720	0.19278	0.06029	0.09793	0.05279	0.01318	0.01721	0.01179	0.01547	0.00880	0.01060	0.00735	0.00507	0.00439	0.00146	0.00680	0.00363	0.00252	0.00750
22	0.01208	0.01736	0.25836	0.08171	0.09538	0.03535	0.19622	0.01646	0.01263	0.03931	0.01560	0.05488	0.03686	0.00731	0.00613	0.00192	0.00756	0.09430	0.00325	0.00735
23	0.01878	0.01329	0.01410	0.01148	0.01493	0.05833	0.00912	0.35206	0.13454	0.15157	0.01690	0.03892	0.01322	0.09439	0.00854	0.00217	0.02800	0.00591	0.00536	0.00839
24	0.01022	0.00622	0.00815	0.00785	0.00935	0.00576	0.00581	0.01270	0.03697	0.12418	0.41647	0.26723	0.04175	0.01261	0.00664	0.00193	0.00319	0.01120	0.00599	0.00579
25	0.13489	0.15491	0.04115	0.01147	0.01512	0.13761	0.00973	0.19095	0.11797	0.02241	0.05653	0.01417	0.01173	0.00658	0.00568	0.00166	0.05115	0.00463	0.00408	0.00759

[dist]
# distance from previous block
# <min> <max>
1	10

[block]
# block no. 4 follows, 42 sequences, length 79
# corresponding to MSA columns:
# 302-316,321-344,347-351,357-371,375-394
name=unknown_E
#
# <colnr> <probs for GDERKNQSTAVLIFYWHMCP>
#	G	D	E	R	K	N	Q	S	T	A	V	L	I	F	Y	W	H	M	C	P
0	0.01515	0.10199	0.07195	0.03071	0.15105	0.21653	0.04137	0.04022	0.01286	0.02967	0.01125	0.01469	0.02711	0.05298	0.03309	0.00216	0.13242	0.00481	0.00296	0.00702
1	0.01179	0.02583	0.60656	0.01871	0.09008	0.01325	0.11940	0.01780	0.01215	0.01790	0.01032	0.01251	0.00748	0.00524	0.00554	0.00179	0.00833	0.00457	0.00248	0.00827
2	0.02547	0.01094	0.01833	0.30061	0.34505	0.01180	0.03714	0.01513	0.01233	0.01704	0.05548	0.04571	0.01357	0.00681	0.00587	0.00185	0.00657	0.05991	0.00315	0.00724
3	0.06760	0.06684	0.52027	0.01767	0.10651	0.01351	0.07611	0.01749	0.01194	0.01813	0.01044	0.01324	0.00797	0.00546	0.00531	0.00176	0.00776	0.02132	0.00260	0.00804
4	0.00786	0.00559	0.00735	0.03859	0.00976	0.00548	0.00592	0.03604	0.01153	0.01565	0.02873	0.66009	0.03345	0.01600	0.00689	0.00220	0.00358	0.04539	0.05499	0.00489
5	0.00789	0.00575	0.00742	0.00700	0.00836	0.00528	0.00525	0.01048	0.01576	0.02216	0.72535	0.04270	0.09215	0.01166	0.00664	0.00178	0.00267	0.01027	0.00614	0.00528
6	0.01335	0.01625	0.15972	0.04598	0.58524	0.01334	0.04945	0.01735	0.01263	0.01819	0.01052	0.01363	0.00854	0.00508	0.00558	0.00171	0.00712	0.00493	0.00271	0.00869
7	0.00685	0.00493	0.00650	0.00776	0.00814	0.00458	0.00519	0.00784	0.01085	0.01440	0.03198	0.77094	0.06420	0.01751	0.00716	0.00227	0.00325	0.01585	0.00522	0.00458
8	0.00847	0.00579	0.00677	0.00677	0.00703	0.00589	0.00413	0.03299	0.00913	0.01226	0.01877	0.11450	0.02135	0.63417	0.08446	0.00528	0.00600	0.00873	0.00364	0.00386
9	0.01575	0.01359	0.01429	0.01224	0.03771	0.14208	0.03634	0.13600	0.05828	0.09258	0.09435	0.06757	0.01601	0.00754	0.00664	0.00163	0.07474	0.00593	0.00444	0.16229
10	0.00802	0.00644	0.00769	0.00844	0.03300	0.00604	0.00630	0.01073	0.06201	0.01643	0.07227	0.15419	0.38900	0.01418	0.00689	0.00210	0.00368	0.18209	0.00521	0.00526
11	0.01104	0.00578	0.00583	0.00563	0.00711	0.00586	0.00427	0.05015	0.01254	0.02171	0.01811	0.02060	0.01418	0.00657	0.00402	0.00133	0.00280	0.00524	0.79176	0.00546
12	0.01231	0.01231	0.01724	0.01477	0.01477	0.01724	0.01231	0.01354	0.00862	0.01354	0.00739	0.01231	0.00739	0.00985	0.01847	0.00246	0.79192	0.00492	0.00246	0.00616
13	0.02113	0.01563	0.01674	0.01290	0.01735	0.01733	0.01063	0.72319	0.05204	0.03505	0.01384	0.01377	0.00984	0.00679	0.00563	0.00170	0.00613	0.00511	0.00563	0.00955
14	0.01224	0.01331	0.07932	0.35002	0.32272	0.01313	0.08073	0.01609	0.01204	0.01652	0.01031	0.01430	0.00812	0.00537	0.00592	0.00180	0.02275	0.00508	0.00263	0.00757
15	0.00879	0.00630	0.00873	0.00999	0.01121	0.00625	0.00857	0.01119	0.01274	0.01656	0.03065	0.13453	0.05258	0.01571	0.00769	0.00254	0.00493	0.64073	0.00519	0.00511
16	0.04542	0.11055	0.63289	0.01477	0.02236	0.01384	0.01852	0.01805	0.01191	0.04755	0.01025	0.01176	0.00737	0.00535	0.00510	0.00172	0.00777	0.00405	0.00261	0.00816
17	0.01316	0.30918	0.41963	0.01463	0.04621	0.04311	0.04770	0.01762	0.01195	0.01605	0.00930	0.01100	0.00729	0.00513	0.00477	0.00156	0.00754	0.00386	0.00244	0.00785
18	0.00724	0.00570	0.00654	0.00639	0.00798	0.00499	0.00477	0.00919	0.01413	0.01843	0.36866	0.07487	0.42476	0.01316	0.00666	0.00186	0.00278	0.01127	0.00565	0.00499
19	0.00791	0.03742	0.00800	0.00707	0.00850	0.00581	0.00532	0.01014	0.01465	0.02008	0.53729	0.13572	0.15653	0.01241	0.00659	0.00183	0.00289	0.01087	0.00578	0.00521
20	0.01276	0.01093	0.01432	0.01030	0.01533	0.00890	0.08482	0.06504	0.01293	0.03353	0.01062	0.01230	0.00855	0.00446	0.00456	0.00102	0.00488	0.00384	0.00351	0.67740
21	0.01432	0.05121	0.20899	0.11300	0.26967	0.18813	0.01583	0.01795	0.01299	0.01639	0.01048	0.03652	0.00872	0.00573	0.00538	0.00167	0.00785	0.00474	0.00273	0.00770
22	0.07198	0.35524	0.02119	0.01247	0.05600	0.23025	0.01002	0.08194	0.05639	0.01690	0.00987	0.01153	0.00842	0.02988	0.00518	0.00155	0.00700	0.00382	0.00313	0.00723
23	0.06395	0.03854	0.01267	0.03884	0.01420	0.03445	0.00825	0.10913	0.18729	0.22484	0.14108	0.02268	0.03691	0.03422	0.00640	0.00188	0.00479	0.00639	0.00559	0.00791
24	0.01772	0.01287	0.01401	0.04194	0.01605	0.05581	0.00901	0.25097	0.11075	0.14957	0.01488	0.01531	0.01096	0.02476	0.00576	0.00158	0.00545	0.00485	0.00491	0.23285
25	0.00778	0.00573	0.00727	0.00693	0.00830	0.00522	0.00518	0.01024	0.01542	0.02146	0.65875	0.06184	0.14096	0.01199	0.00665	0.00180	0.00269	0.01053	0.00605	0.00522
26	0.01082	0.01019	0.01722	0.74565	0.08033	0.01255	0.01572	0.01454	0.01134	0.01461	0.01004	0.01494	0.00758	0.00559	0.00562	0.00186	0.00746	0.00500	0.00252	0.00640
27	0.00719	0.00514	0.00688	0.00801	0.00853	0.00483	0.00561	0.00850	0.01151	0.01544	0.10447	0.64956	0.03833	0.01681	0.00719	0.00226	0.00339	0.08632	0.00532	0.00471
28	0.00785	0.00575	0.00736	0.00696	0.00833	0.00526	0.00522	0.01039	0.01565	0.02190	0.70019	0.04313	0.11747	0.01175	0.00664	0.00178	0.00267	0.01033	0.00611	0.00526
29	0.02438	0.01000	0.01323	0.01018	0.01445	0.00899	0.00839	0.09015	0.01701	0.68368	0.04406	0.01936	0.01474	0.00709	0.00569	0.00174	0.00485	0.00575	0.00682	0.00945
30	0.00818	0.00546	0.00614	0.00614	0.00614	0.00546	0.00341	0.00818	0.00818	0.01091	0.01773	0.03683	0.02046	0.80222	0.02864	0.00546	0.00546	0.00818	0.00341	0.00341
31	0.02102	0.02682	0.01595	0.01450	0.01740	0.77963	0.01087	0.02247	0.01595	0.01377	0.00870	0.01015	0.00725	0.00580	0.00507	0.00145	0.01015	0.00362	0.00290	0.00652
32	0.00686	0.00490	0.00653	0.00784	0.00816	0.00457	0.00522	0.00784	0.01077	0.01437	0.03102	0.79855	0.03722	0.01763	0.00718	0.00229	0.00326	0.01600	0.00522	0.00457
33	0.84197	0.01088	0.00827	0.00740	0.01088	0.01262	0.00609	0.01654	0.00958	0.02525	0.00784	0.00914	0.00609	0.00522	0.00348	0.00174	0.00435	0.00305	0.00348	0.00609
34	0.00804	0.00601	0.00894	0.00894	0.00992	0.00698	0.00691	0.00999	0.00901	0.01299	0.01517	0.02261	0.01429	0.06827	0.75416	0.00892	0.01474	0.00610	0.00303	0.00497
35	0.00686	0.00490	0.00653	0.00784	0.00816	0.00457	0.00522	0.00784	0.01077	0.01437	0.03102	0.79855	0.03722	0.01763	0.00718	0.00229	0.00326	0.01600	0.00522	0.00457
36	0.01167	0.01000	0.01167	0.00834	0.01334	0.00750	0.00667	0.01417	0.01167	0.01834	0.01000	0.01167	0.00834	0.00417	0.00417	0.00083	0.00417	0.00333	0.00333	0.83663
37	0.84197	0.01088	0.00827	0.00740	0.01088	0.01262	0.00609	0.01654	0.00958	0.02525	0.00784	0.00914	0.00609	0.00522	0.00348	0.00174	0.00435	0.00305	0.00348	0.00609
38	0.84197	0.01088	0.00827	0.00740	0.01088	0.01262	0.00609	0.01654	0.00958	0.02525	0.00784	0.00914	0.00609	0.00522	0.00348	0.00174	0.00435	0.00305	0.00348	0.00609
39	0.03321	0.71130	0.02769	0.01007	0.01466	0.09735	0.00968	0.01740	0.01184	0.01355	0.00791	0.00914	0.00720	0.00492	0.00375	0.00124	0.00639	0.00307	0.00248	0.00713
40	0.01383	0.01327	0.02266	0.05765	0.74480	0.01334	0.01722	0.01718	0.01277	0.01826	0.01057	0.01396	0.00887	0.00503	0.00557	0.00168	0.00671	0.00501	0.00278	0.00883
41	0.05122	0.01454	0.11673	0.04436	0.13741	0.01303	0.01214	0.14833	0.19528	0.18410	0.01636	0.01625	0.01169	0.00644	0.00552	0.00177	0.00581	0.00529	0.00485	0.00887
42	0.00739	0.00612	0.00718	0.00801	0.05136	0.00540	0.00554	0.00909	0.01298	0.01621	0.12674	0.12110	0.52768	0.01383	0.00671	0.00196	0.00324	0.05922	0.00519	0.00506
43	0.00792	0.00676	0.00752	0.00804	0.04844	0.00624	0.00558	0.01107	0.09401	0.01665	0.08980	0.08788	0.56366	0.01307	0.00652	0.00190	0.00324	0.01104	0.00521	0.00545
44	0.01400	0.01209	0.01273	0.01145	0.01463	0.01400	0.00891	0.02990	0.75695	0.02354	0.02291	0.02100	0.01718	0.00764	0.00573	0.00191	0.00445	0.00636	0.00573	0.00891
45	0.01209	0.01107	0.05948	0.09576	0.16976	0.01042	0.03395	0.08149	0.08512	0.04702	0.20255	0.04304	0.09298	0.00851	0.00606	0.00181	0.00518	0.02194	0.00458	0.00720
46	0.01739	0.01339	0.01474	0.01105	0.01576	0.01335	0.00904	0.44591	0.02037	0.02841	0.01207	0.01275	0.00906	0.00569	0.00503	0.00134	0.00536	0.00435	0.00468	0.35028
47	0.05526	0.14351	0.38484	0.08595	0.10108	0.02892	0.01624	0.01777	0.01196	0.06317	0.01030	0.01223	0.00774	0.00551	0.00548	0.00170	0.03348	0.00420	0.00279	0.00788
48	0.01427	0.01225	0.01306	0.01193	0.02841	0.01411	0.00913	0.05632	0.71635	0.02389	0.02233	0.02059	0.01675	0.00755	0.00572	0.00190	0.00456	0.00629	0.00567	0.00893
49	0.01400	0.01209	0.01273	0.01145	0.01463	0.01400	0.00891	0.02990	0.75695	0.02354	0.02291	0.02100	0.01718	0.00764	0.00573	0.00191	0.00445	0.00636	0.00573	0.00891
50	0.00852	0.00961	0.12875	0.04076	0.02656	0.00698	0.00860	0.03600	0.01223	0.01671	0.10694	0.48046	0.04901	0.01379	0.00669	0.00210	0.00437	0.03158	0.00474	0.00559
51	0.00906	0.00643	0.00841	0.00929	0.03335	0.00613	0.00646	0.05399	0.01214	0.03920	0.02732	0.55479	0.03129	0.04147	0.00761	0.00227	0.00392	0.09084	0.00506	0.05096
52	0.07937	0.00966	0.01274	0.00984	0.01414	0.00856	0.00813	0.02670	0.01567	0.72160	0.02125	0.01849	0.01341	0.00685	0.00552	0.00174	0.00476	0.00549	0.00673	0.00935
53	0.00695	0.00499	0.00662	0.00789	0.00830	0.00466	0.00536	0.00801	0.01092	0.01450	0.03166	0.74669	0.05661	0.01745	0.00719	0.00229	0.00334	0.04676	0.00522	0.00460
54	0.01211	0.03858	0.41432	0.01962	0.09850	0.01355	0.22635	0.01731	0.01218	0.01754	0.01099	0.03708	0.00864	0.00571	0.00635	0.00184	0.04342	0.00532	0.00264	0.00793
55	0.02411	0.00990	0.01310	0.01014	0.01437	0.00890	0.00834	0.06848	0.04142	0.68021	0.04504	0.01961	0.01502	0.00712	0.00569	0.00174	0.00479	0.00579	0.00682	0.00942
56	0.02473	0.00991	0.01321	0.01018	0.01450	0.00883	0.00839	0.05736	0.03992	0.71696	0.02186	0.01898	0.01385	0.00698	0.00566	0.00174	0.00484	0.00566	0.00687	0.00956
57	0.07376	0.01595	0.12503	0.02179	0.32828	0.01446	0.01434	0.21984	0.08991	0.02400	0.01235	0.01389	0.00946	0.00581	0.00542	0.00172	0.00640	0.00490	0.00385	0.00881
58	0.01203	0.04095	0.04377	0.60303	0.09562	0.01339	0.01529	0.07919	0.01274	0.01663	0.01028	0.01446	0.00778	0.00564	0.00554	0.00181	0.00729	0.00491	0.00279	0.00687
59	0.00723	0.00590	0.00643	0.00647	0.00818	0.00521	0.00487	0.00936	0.03869	0.01666	0.16455	0.10662	0.54272	0.01389	0.00670	0.00194	0.00300	0.04121	0.00539	0.00499
60	0.00714	0.00518	0.00675	0.00761	0.00828	0.00479	0.00529	0.00854	0.01204	0.01618	0.18244	0.56670	0.09350	0.01607	0.00705	0.00216	0.00317	0.03692	0.00542	0.00475
61	0.07317	0.00974	0.04167	0.02959	0.02942	0.00904	0.03167	0.11243	0.01546	0.16359	0.15669	0.06118	0.10418	0.01002	0.00620	0.00193	0.00476	0.12700	0.00534	0.00692
62	0.01451	0.01153	0.01425	0.03500	0.01596	0.01036	0.05018	0.18806	0.01541	0.05473	0.01188	0.02948	0.00947	0.00526	0.00483	0.00120	0.00506	0.00435	0.00402	0.51446
63	0.82152	0.01092	0.00849	0.00758	0.01098	0.01274	0.00625	0.01647	0.00955	0.02496	0.00782	0.00922	0.00613	0.00534	0.00385	0.00176	0.02377	0.00309	0.00346	0.00610
64	0.84197	0.01088	0.00827	0.00740	0.01088	0.01262	0.00609	0.01654	0.00958	0.02525	0.00784	0.00914	0.00609	0.00522	0.00348	0.00174	0.00435	0.00305	0.00348	0.00609
65	0.00703	0.00502	0.00664	0.00769	0.00813	0.00469	0.00518	0.00818	0.01131	0.01525	0.11897	0.68331	0.03861	0.04166	0.00779	0.00232	0.00326	0.01505	0.00528	0.00462
66	0.00665	0.00570	0.00570	0.00570	0.00760	0.00475	0.00428	0.00808	0.01283	0.01520	0.05701	0.05416	0.76483	0.01425	0.00665	0.00190	0.00285	0.01188	0.00523	0.00475
67	0.02139	0.01576	0.01689	0.01295	0.01745	0.01745	0.01070	0.74835	0.02646	0.03547	0.01351	0.01351	0.00957	0.00676	0.00563	0.00169	0.00619	0.00507	0.00563	0.00957
68	0.00756	0.00576	0.00702	0.00733	0.00856	0.00534	0.00538	0.00987	0.04269	0.01763	0.26330	0.28876	0.23695	0.01431	0.00685	0.00203	0.00313	0.05693	0.00554	0.00506
69	0.00774	0.00564	0.00734	0.00749	0.00864	0.00523	0.00562	0.00994	0.01426	0.01963	0.47384	0.21005	0.09984	0.01347	0.00688	0.00198	0.00307	0.08843	0.00580	0.00509
70	0.01053	0.00666	0.00853	0.00772	0.00956	0.00625	0.00590	0.01398	0.06514	0.11734	0.60704	0.03798	0.05966	0.01073	0.00645	0.00178	0.00305	0.00938	0.00624	0.00608
71	0.00804	0.00603	0.00904	0.00904	0.01005	0.00703	0.00703	0.01005	0.00904	0.01306	0.01507	0.02211	0.01407	0.04221	0.77992	0.00904	0.01507	0.00603	0.00301	0.00502
72	0.00759	0.00574	0.00701	0.00669	0.00818	0.00515	0.00502	0.00990	0.01505	0.02049	0.56432	0.04546	0.25423	0.01228	0.00664	0.00181	0.00271	0.01066	0.00592	0.00515
73	0.79453	0.01083	0.00876	0.05199	0.01247	0.01262	0.00664	0.01642	0.00967	0.02463	0.00796	0.00948	0.00617	0.00525	0.00361	0.00175	0.00453	0.00316	0.00343	0.00610
74	0.01231	0.01231	0.01724	0.01477	0.01477	0.01724	0.01231	0.01354	0.00862	0.01354	0.00739	0.01231	0.00739	0.00985	0.01847	0.00246	0.79192	0.00492	0.00246	0.00616
75	0.01262	0.01000	0.01175	0.00858	0.01336	0.00779	0.00685	0.04042	0.01241	0.06176	0.01156	0.03981	0.00971	0.00489	0.00441	0.00097	0.00424	0.00397	0.00369	0.73122
76	0.80936	0.01152	0.00858	0.00768	0.01114	0.04310	0.00628	0.01678	0.00983	0.02479	0.00787	0.00918	0.00614	0.00525	0.00355	0.00173	0.00458	0.00307	0.00346	0.00611
77	0.84197	0.01088	0.00827	0.00740	0.01088	0.01262	0.00609	0.01654	0.00958	0.02525	0.00784	0.00914	0.00609	0.00522	0.00348	0.00174	0.00435	0.00305	0.00348	0.00609
78	0.01063	0.00943	0.01547	0.64386	0.03355	0.01150	0.01417	0.02820	0.01147	0.01474	0.01204	0.01998	0.01019	0.00756	0.00692	0.05677	0.00707	0.07768	0.00283	0.00596

[dist]
# distance from previous block
# <min> <max>
0	8

[block]
# block no. 5 follows, 42 sequences, length 40
# corresponding to MSA columns:
# 403-442
name=unknown_F
#
# <colnr> <probs for GDERKNQSTAVLIFYWHMCP>
#	G	D	E	R	K	N	Q	S	T	A	V	L	I	F	Y	W	H	M	C	P
0	0.01216	0.19421	0.58705	0.01496	0.02243	0.01507	0.04531	0.01762	0.01184	0.01685	0.00966	0.01139	0.00720	0.00521	0.00502	0.00166	0.00787	0.00401	0.00240	0.00806
1	0.01129	0.02911	0.77306	0.01604	0.02436	0.01307	0.02079	0.01782	0.01188	0.01782	0.01010	0.01188	0.00713	0.00535	0.00535	0.00178	0.00832	0.00416	0.00238	0.00832
2	0.00741	0.00512	0.00661	0.00742	0.00769	0.00498	0.00482	0.00805	0.00982	0.01315	0.02553	0.50896	0.03009	0.23783	0.06188	0.03450	0.00467	0.01279	0.00448	0.00420
3	0.01217	0.13034	0.61013	0.01633	0.06997	0.03196	0.01887	0.01777	0.01198	0.01716	0.00980	0.01160	0.00726	0.00527	0.00513	0.00169	0.00795	0.00405	0.00242	0.00817
4	0.01436	0.01050	0.01307	0.01359	0.12522	0.01100	0.00923	0.07270	0.29283	0.12558	0.14917	0.02627	0.07784	0.00844	0.00596	0.00183	0.00454	0.02437	0.00548	0.00803
5	0.00761	0.00574	0.00703	0.00671	0.00819	0.00516	0.00503	0.00993	0.01509	0.02058	0.57292	0.04532	0.24558	0.01225	0.00664	0.00181	0.00271	0.01064	0.00593	0.00516
6	0.01143	0.02298	0.50038	0.11946	0.02667	0.01291	0.16168	0.01704	0.01203	0.01728	0.01110	0.04145	0.00854	0.00571	0.00570	0.00184	0.00826	0.00519	0.00259	0.00777
7	0.09244	0.07997	0.04980	0.01112	0.01550	0.01362	0.00962	0.27005	0.08000	0.27883	0.01613	0.01539	0.01116	0.00731	0.02221	0.00185	0.00569	0.00500	0.00542	0.00886
8	0.00818	0.00546	0.00614	0.00614	0.00614	0.00546	0.00341	0.00818	0.00818	0.01091	0.01773	0.03683	0.02046	0.80222	0.02864	0.00546	0.00546	0.00818	0.00341	0.00341
9	0.07898	0.00950	0.01226	0.00961	0.01371	0.00852	0.00789	0.02554	0.03809	0.64982	0.02346	0.02075	0.06110	0.00733	0.00558	0.00176	0.00463	0.00590	0.00658	0.00902
10	0.02101	0.01514	0.01647	0.02694	0.01753	0.01669	0.01056	0.65913	0.06379	0.07346	0.01440	0.01423	0.01016	0.00679	0.00564	0.00171	0.00605	0.00516	0.00565	0.00948
11	0.35210	0.01390	0.05990	0.08838	0.10362	0.04790	0.01048	0.17766	0.03741	0.02438	0.01145	0.01290	0.02624	0.00590	0.00473	0.00173	0.00580	0.00432	0.00380	0.00741
12	0.00686	0.00490	0.00653	0.00784	0.00816	0.00457	0.00522	0.00784	0.01077	0.01437	0.03102	0.79855	0.03722	0.01763	0.00718	0.00229	0.00326	0.01600	0.00522	0.00457
13	0.01395	0.01089	0.01236	0.00917	0.01377	0.00953	0.00739	0.16348	0.03067	0.04092	0.01185	0.01305	0.00932	0.00499	0.00452	0.00108	0.00450	0.00393	0.05901	0.57561
14	0.00955	0.00655	0.00813	0.00752	0.00924	0.00622	0.00568	0.01313	0.08110	0.07361	0.54112	0.05601	0.11999	0.02860	0.00698	0.00189	0.00306	0.00978	0.00602	0.00581
15	0.05091	0.28325	0.39179	0.01351	0.01992	0.01631	0.04788	0.06671	0.01262	0.01774	0.00964	0.01129	0.00749	0.00602	0.02128	0.00174	0.00743	0.00394	0.00269	0.00784
16	0.07562	0.11657	0.05527	0.04390	0.08349	0.14622	0.01119	0.21445	0.13921	0.04177	0.01278	0.01345	0.00974	0.00612	0.00513	0.00164	0.00659	0.00459	0.00412	0.00815
17	0.00978	0.00489	0.00733	0.00733	0.00733	0.00489	0.00489	0.00733	0.00733	0.00978	0.00978	0.01711	0.00978	0.01955	0.02199	0.83627	0.00489	0.00489	0.00244	0.00244
18	0.01170	0.00987	0.00960	0.00905	0.02719	0.11573	0.00677	0.06476	0.01558	0.07009	0.30068	0.03778	0.25053	0.01089	0.00630	0.00178	0.00435	0.03603	0.00534	0.00598
19	0.01256	0.00739	0.00762	0.00687	0.00883	0.00778	0.00534	0.14271	0.04763	0.02363	0.01771	0.01967	0.01370	0.00664	0.00431	0.00140	0.00333	0.00526	0.65144	0.00617
20	0.01179	0.00684	0.00724	0.00667	0.00834	0.00716	0.00509	0.12005	0.01355	0.02197	0.01740	0.02094	0.01406	0.05793	0.05489	0.00211	0.00411	0.00545	0.60866	0.00575
21	0.01346	0.01469	0.09461	0.06620	0.63369	0.01345	0.01735	0.01705	0.01249	0.01796	0.01039	0.01372	0.00862	0.00526	0.00605	0.00172	0.03700	0.00493	0.00272	0.00863
22	0.00753	0.00524	0.00627	0.00681	0.00707	0.00504	0.00422	0.00803	0.00957	0.01263	0.02589	0.35240	0.07809	0.42471	0.01829	0.00391	0.00437	0.01166	0.00428	0.00398
23	0.01276	0.01828	0.21325	0.02068	0.02652	0.01413	0.48580	0.01822	0.04635	0.01793	0.01133	0.01444	0.00851	0.00536	0.00707	0.00191	0.06099	0.00590	0.00284	0.00773
24	0.00966	0.00729	0.00938	0.01013	0.01172	0.00754	0.00855	0.01436	0.13658	0.01805	0.06251	0.08334	0.05812	0.01408	0.00732	0.00240	0.00479	0.52307	0.00532	0.00577
25	0.00775	0.00528	0.00686	0.00759	0.00830	0.00487	0.00521	0.00902	0.01179	0.04298	0.14804	0.56999	0.08282	0.05165	0.00798	0.00230	0.00330	0.01409	0.00536	0.00483
26	0.02064	0.07619	0.01681	0.01419	0.01721	0.73162	0.01079	0.02212	0.01566	0.01374	0.00864	0.01008	0.00725	0.00574	0.00498	0.00143	0.00989	0.00359	0.00287	0.00657
27	0.01115	0.01057	0.01771	0.65105	0.13723	0.01283	0.01571	0.01474	0.01135	0.01489	0.00997	0.01474	0.00769	0.00573	0.00619	0.00187	0.04243	0.00500	0.00254	0.00661
28	0.01229	0.01052	0.01287	0.04395	0.01521	0.00856	0.02935	0.06083	0.01264	0.01924	0.01027	0.01204	0.00838	0.00441	0.00440	0.00097	0.00460	0.00362	0.00343	0.72243
29	0.04087	0.00664	0.00829	0.00817	0.00955	0.00653	0.00595	0.05057	0.03120	0.10505	0.08473	0.33215	0.05875	0.05635	0.04372	0.08632	0.00442	0.02471	0.03058	0.00543
30	0.14282	0.01044	0.01278	0.00995	0.01420	0.00990	0.00822	0.10425	0.01629	0.58329	0.01918	0.01709	0.01232	0.00669	0.00534	0.00174	0.00488	0.00522	0.00632	0.00907
31	0.01167	0.01000	0.01167	0.00834	0.01334	0.00750	0.00667	0.01417	0.01167	0.01834	0.01000	0.01167	0.00834	0.00417	0.00417	0.00083	0.00417	0.00333	0.00333	0.83663
32	0.00826	0.00593	0.00722	0.00695	0.00858	0.00531	0.00532	0.01048	0.01469	0.04841	0.44817	0.04668	0.29046	0.01253	0.00668	0.00187	0.00297	0.05838	0.00583	0.00528
33	0.00745	0.00557	0.00712	0.00776	0.00876	0.00495	0.00535	0.00867	0.01111	0.01507	0.04650	0.64610	0.07397	0.01569	0.00678	0.00208	0.00334	0.01412	0.00502	0.10459
34	0.00776	0.00579	0.00672	0.00654	0.00808	0.00514	0.00485	0.00961	0.01377	0.03496	0.33522	0.06644	0.37687	0.06773	0.00819	0.00212	0.00306	0.02664	0.00553	0.00500
35	0.00764	0.00523	0.00630	0.00683	0.00696	0.00510	0.00415	0.00804	0.00924	0.01232	0.02315	0.34741	0.02729	0.48232	0.01989	0.00416	0.00456	0.01137	0.00415	0.00388
36	0.00713	0.00521	0.00670	0.00774	0.00840	0.00484	0.00545	0.00836	0.01136	0.01489	0.05641	0.57632	0.13483	0.03915	0.00777	0.00234	0.00345	0.08977	0.00520	0.00465
37	0.00998	0.00785	0.00836	0.00791	0.00851	0.05719	0.00530	0.04879	0.00988	0.01308	0.01598	0.03005	0.01725	0.53881	0.12916	0.00523	0.05185	0.00717	0.02329	0.00436
38	0.01354	0.01305	0.02250	0.11763	0.66377	0.01330	0.03961	0.01697	0.01266	0.01793	0.01055	0.01409	0.00875	0.00507	0.00561	0.00170	0.00686	0.00506	0.00276	0.00858
39	0.01219	0.01160	0.01971	0.43092	0.38429	0.01291	0.01641	0.01575	0.01199	0.01628	0.01028	0.01449	0.00817	0.00534	0.00560	0.00178	0.00711	0.00501	0.00264	0.00751

[dist]
# distance from previous block
# <min> <max>
0	21

# created by:
# /st0/software/busco_prod/Augustus/scripts/msa2prfl.pl ./align_prep/164556.fa
