[name]
unknown

[dist]
# distance from previous block
# <min> <max>
6	30

[block]
# block no. 0 follows, 46 sequences, length 59
# corresponding to MSA columns:
# 37-95
name=unknown_A
#
# <colnr> <probs for GDERKNQSTAVLIFYWHMCP>
#	G	D	E	R	K	N	Q	S	T	A	V	L	I	F	Y	W	H	M	C	P
0	0.00787	0.00553	0.00685	0.00716	0.00811	0.00526	0.00509	0.04520	0.01202	0.02965	0.18354	0.40136	0.11549	0.08305	0.00819	0.00222	0.00330	0.04052	0.02487	0.00471
1	0.07293	0.00540	0.00643	0.00712	0.00784	0.00528	0.00485	0.02504	0.01040	0.01473	0.05541	0.57369	0.07477	0.10010	0.00855	0.00237	0.00338	0.01263	0.00464	0.00443
2	0.00939	0.00577	0.00725	0.00721	0.00837	0.00548	0.00515	0.03989	0.01122	0.09638	0.07193	0.30658	0.14788	0.09105	0.05607	0.08587	0.00422	0.01010	0.02540	0.00479
3	0.02864	0.00827	0.00965	0.00871	0.01073	0.00855	0.02559	0.23656	0.01517	0.02090	0.05861	0.27189	0.10897	0.03248	0.00637	0.00189	0.00406	0.03988	0.09717	0.00593
4	0.01212	0.00832	0.00994	0.00892	0.01108	0.00832	0.01719	0.22328	0.01487	0.08078	0.02336	0.38831	0.06695	0.02259	0.00622	0.00186	0.00408	0.00994	0.02486	0.05702
5	0.01719	0.01255	0.01370	0.01106	0.01447	0.01378	0.00892	0.54593	0.08010	0.04443	0.01567	0.08661	0.01308	0.04398	0.02219	0.00197	0.00549	0.02476	0.01613	0.00803
6	0.07376	0.00630	0.00726	0.00759	0.00880	0.02422	0.00557	0.00951	0.01043	0.01475	0.04349	0.37017	0.07065	0.08587	0.00864	0.03846	0.00387	0.12645	0.00432	0.07989
7	0.01109	0.07107	0.01067	0.00797	0.01086	0.00800	0.00626	0.09083	0.01285	0.07235	0.06242	0.22432	0.12217	0.00932	0.00529	0.00149	0.00383	0.00793	0.00438	0.25692
8	0.06586	0.07443	0.01387	0.00990	0.01368	0.01251	0.00814	0.32847	0.04226	0.11125	0.01351	0.05205	0.01073	0.02691	0.00555	0.00154	0.01764	0.00488	0.02677	0.16003
9	0.00839	0.00660	0.00751	0.00740	0.00872	0.01708	0.02081	0.03756	0.10529	0.01523	0.03094	0.27259	0.23303	0.15690	0.00985	0.00246	0.00375	0.01037	0.04058	0.00493
10	0.01926	0.01089	0.01263	0.00997	0.01362	0.01115	0.00815	0.32793	0.05647	0.31250	0.01844	0.01753	0.04446	0.00733	0.01905	0.00171	0.00491	0.00534	0.09039	0.00828
11	0.01247	0.04406	0.01093	0.00926	0.01147	0.05495	0.02271	0.10397	0.11161	0.10996	0.11636	0.24302	0.05540	0.02949	0.00637	0.00188	0.00436	0.04042	0.00499	0.00631
12	0.02268	0.00935	0.01233	0.00960	0.01359	0.00847	0.00788	0.04427	0.08320	0.69788	0.02071	0.01802	0.01326	0.00659	0.00532	0.00165	0.00450	0.00536	0.00641	0.00894
13	0.00756	0.00562	0.00825	0.00825	0.00911	0.00648	0.00630	0.00928	0.00842	0.01209	0.01438	0.02201	0.01375	0.10909	0.72456	0.00819	0.01335	0.00585	0.00287	0.00458
14	0.01050	0.01003	0.01707	0.66007	0.06719	0.01199	0.07277	0.01476	0.05572	0.01445	0.01024	0.01440	0.00772	0.00531	0.00536	0.00176	0.00699	0.00489	0.00257	0.00623
15	0.01122	0.08173	0.01223	0.00805	0.01232	0.00865	0.00650	0.01436	0.07018	0.01677	0.01059	0.01282	0.00906	0.05206	0.00534	0.00115	0.00416	0.00360	0.00323	0.65597
16	0.85155	0.01022	0.00777	0.00695	0.01022	0.01186	0.00573	0.01554	0.00900	0.02372	0.00736	0.00859	0.00573	0.00491	0.00327	0.00164	0.00409	0.00286	0.00327	0.00573
17	0.01413	0.81739	0.02770	0.00905	0.01357	0.02092	0.00905	0.01583	0.01074	0.01244	0.00735	0.00848	0.00678	0.00452	0.00339	0.00113	0.00565	0.00283	0.00226	0.00678
18	0.00680	0.00566	0.00619	0.00600	0.00783	0.00487	0.00452	0.00829	0.01166	0.01458	0.07623	0.08943	0.57495	0.01508	0.07665	0.00232	0.00382	0.01020	0.00462	0.07029
19	0.00735	0.00540	0.00688	0.00651	0.00781	0.00493	0.00488	0.00971	0.01464	0.02044	0.69853	0.04074	0.13027	0.01109	0.00624	0.00168	0.00251	0.00974	0.00572	0.00493
20	0.01138	0.00972	0.01182	0.04821	0.01396	0.00835	0.00728	0.03251	0.01110	0.02793	0.00942	0.01132	0.00782	0.00456	0.00524	0.00100	0.07590	0.00342	0.00312	0.69594
21	0.00898	0.00673	0.00874	0.00945	0.01090	0.00693	0.00796	0.01319	0.12521	0.01703	0.08613	0.09036	0.04219	0.01328	0.00689	0.00225	0.00445	0.52893	0.00502	0.00536
22	0.01830	0.01332	0.01506	0.01187	0.01556	0.05136	0.05350	0.50299	0.02060	0.11319	0.01515	0.10070	0.01233	0.02351	0.00591	0.00172	0.00572	0.00602	0.00507	0.00811
23	0.01155	0.01138	0.03588	0.39996	0.40798	0.01216	0.01556	0.01494	0.01132	0.01546	0.00967	0.01352	0.00770	0.00499	0.00525	0.00166	0.00668	0.00469	0.00248	0.00716
24	0.01171	0.00860	0.01197	0.12066	0.08441	0.00910	0.01016	0.11432	0.03399	0.06482	0.03256	0.03902	0.02123	0.01059	0.00638	0.00207	0.00534	0.40235	0.00451	0.00622
25	0.73794	0.01033	0.00856	0.00742	0.01081	0.01171	0.00611	0.05190	0.01030	0.09241	0.00882	0.00963	0.00654	0.00512	0.00355	0.00163	0.00421	0.00317	0.00366	0.00617
26	0.01216	0.01375	0.02986	0.02149	0.02656	0.01288	0.72165	0.01642	0.01235	0.01675	0.01168	0.05674	0.00946	0.00510	0.00627	0.00180	0.00860	0.00671	0.00279	0.00698
27	0.00757	0.00557	0.00804	0.00804	0.00882	0.00636	0.00604	0.00915	0.00836	0.01193	0.01458	0.02309	0.01422	0.16960	0.66468	0.00793	0.01264	0.00600	0.00289	0.00447
28	0.01157	0.01157	0.01619	0.01388	0.01388	0.01619	0.01157	0.01272	0.00810	0.01272	0.00694	0.01157	0.00694	0.00925	0.01735	0.00231	0.80453	0.00463	0.00231	0.00578
29	0.22179	0.01350	0.01532	0.01286	0.06085	0.04306	0.07662	0.39221	0.01809	0.07924	0.01144	0.01210	0.00827	0.00571	0.00486	0.00161	0.00575	0.00441	0.00440	0.00789
30	0.01693	0.01296	0.01542	0.01227	0.01593	0.01411	0.06815	0.52952	0.06951	0.02808	0.01530	0.06428	0.01270	0.00863	0.03259	0.00195	0.00600	0.06267	0.00495	0.00806
31	0.01040	0.00972	0.01585	0.69871	0.07437	0.01190	0.01427	0.01479	0.07011	0.01438	0.01037	0.01448	0.00783	0.00540	0.00529	0.00175	0.00678	0.00480	0.00260	0.00620
32	0.01417	0.01186	0.01253	0.01097	0.01414	0.01363	0.00862	0.13649	0.66161	0.02377	0.02022	0.01869	0.01508	0.00705	0.00537	0.00176	0.00442	0.00580	0.00537	0.00846
33	0.01097	0.03151	0.03094	0.00900	0.01107	0.07886	0.00719	0.08978	0.08135	0.02017	0.39708	0.05438	0.03107	0.02957	0.00696	0.00175	0.05136	0.01743	0.00485	0.03471
34	0.00918	0.00459	0.00689	0.00689	0.00689	0.00459	0.00459	0.00689	0.00689	0.00918	0.00918	0.01607	0.00918	0.01837	0.02066	0.84619	0.00459	0.00459	0.00230	0.00230
35	0.01079	0.01055	0.01721	0.01410	0.01557	0.01256	0.19049	0.01298	0.02547	0.01388	0.01212	0.05356	0.01212	0.11320	0.02749	0.00264	0.38289	0.06380	0.00290	0.00568
36	0.01413	0.81739	0.02770	0.00905	0.01357	0.02092	0.00905	0.01583	0.01074	0.01244	0.00735	0.00848	0.00678	0.00452	0.00339	0.00113	0.00565	0.00283	0.00226	0.00678
37	0.00890	0.00635	0.00943	0.00887	0.01046	0.00595	0.06512	0.01124	0.01330	0.06334	0.36322	0.16209	0.04965	0.01192	0.00652	0.00193	0.00378	0.18747	0.00523	0.00525
38	0.00646	0.00519	0.00577	0.00599	0.00737	0.00450	0.00435	0.00787	0.01202	0.01506	0.14873	0.22165	0.50900	0.01375	0.00636	0.00185	0.00274	0.01181	0.00504	0.00450
39	0.85155	0.01022	0.00777	0.00695	0.01022	0.01186	0.00573	0.01554	0.00900	0.02372	0.00736	0.00859	0.00573	0.00491	0.00327	0.00164	0.00409	0.00286	0.00327	0.00573
40	0.01105	0.01069	0.01876	0.52246	0.23822	0.01211	0.08210	0.01455	0.01114	0.01484	0.00966	0.01383	0.00750	0.00505	0.00536	0.00171	0.00701	0.00484	0.00245	0.00667
41	0.01189	0.01215	0.01679	0.01423	0.01455	0.04267	0.04372	0.01319	0.00852	0.01291	0.00714	0.01161	0.00698	0.00892	0.01644	0.00226	0.74318	0.00465	0.00234	0.00585
42	0.00985	0.00493	0.00493	0.00493	0.00616	0.00493	0.00370	0.01232	0.01109	0.01971	0.01725	0.01971	0.01355	0.00616	0.00370	0.00123	0.00246	0.00493	0.84356	0.00493
43	0.01126	0.00939	0.01099	0.00787	0.01255	0.00706	0.00630	0.01361	0.01106	0.03540	0.00967	0.01113	0.00795	0.00398	0.00395	0.00080	0.00393	0.00318	0.00321	0.82670
44	0.00963	0.00754	0.00984	0.12574	0.01377	0.00769	0.03282	0.04243	0.02401	0.08002	0.06808	0.03578	0.43847	0.01048	0.00684	0.00180	0.06649	0.00862	0.00445	0.00552
45	0.00769	0.00513	0.00577	0.00577	0.00577	0.00513	0.00320	0.00769	0.00769	0.01025	0.01666	0.03460	0.01922	0.81421	0.02691	0.00513	0.00513	0.00769	0.00320	0.00320
46	0.37433	0.00952	0.01036	0.00837	0.01211	0.00950	0.00690	0.02143	0.01253	0.46251	0.01514	0.01401	0.00997	0.00585	0.00445	0.00164	0.00433	0.00428	0.00516	0.00761
47	0.00737	0.00540	0.00691	0.00653	0.00783	0.00494	0.00490	0.00976	0.01470	0.02058	0.71346	0.04051	0.11525	0.01104	0.00624	0.00167	0.00251	0.00970	0.00574	0.00494
48	0.01847	0.20488	0.01787	0.01258	0.01571	0.61787	0.00995	0.01991	0.01402	0.01282	0.00799	0.00929	0.00680	0.00524	0.00445	0.00131	0.00865	0.00327	0.00262	0.00628
49	0.03024	0.00966	0.01537	0.68828	0.03309	0.01204	0.01385	0.01466	0.06990	0.01439	0.01019	0.01430	0.00772	0.00559	0.00574	0.00178	0.03977	0.00475	0.00261	0.00606
50	0.00998	0.02396	0.67074	0.01392	0.02062	0.01109	0.01736	0.01535	0.01101	0.01626	0.01241	0.13005	0.01090	0.00674	0.00528	0.00174	0.00711	0.00556	0.00263	0.00729
51	0.00900	0.00586	0.00764	0.00697	0.00850	0.00541	0.00530	0.02479	0.01516	0.08213	0.70444	0.03730	0.04622	0.01039	0.00615	0.00166	0.00271	0.00914	0.00587	0.00538
52	0.00822	0.00517	0.00691	0.00755	0.00836	0.00477	0.00532	0.00952	0.01132	0.08380	0.13113	0.60279	0.03486	0.01479	0.00657	0.00205	0.00319	0.04366	0.00518	0.00483
53	0.00700	0.00548	0.00645	0.00680	0.00824	0.00493	0.00535	0.00874	0.01232	0.01555	0.14438	0.11439	0.43026	0.01360	0.00655	0.00196	0.00323	0.19514	0.00502	0.00462
54	0.01092	0.00940	0.01117	0.04188	0.01355	0.00725	0.00663	0.01332	0.01095	0.01707	0.00940	0.01110	0.00780	0.00397	0.00397	0.00083	0.00405	0.00320	0.00310	0.81046
55	0.00626	0.00530	0.00542	0.00551	0.00718	0.00445	0.00409	0.00757	0.01190	0.01422	0.05165	0.11025	0.72095	0.01364	0.00629	0.00181	0.00271	0.01146	0.00491	0.00445
56	0.03407	0.01028	0.04499	0.00887	0.01348	0.00786	0.02896	0.03337	0.01209	0.14484	0.03173	0.01297	0.00975	0.00468	0.00434	0.00105	0.00434	0.00382	0.00377	0.58475
57	0.01286	0.01228	0.02092	0.05817	0.73505	0.01236	0.01596	0.01599	0.01199	0.01710	0.01041	0.01437	0.00892	0.00500	0.00529	0.00160	0.00627	0.02460	0.00267	0.00819
58	0.01096	0.00940	0.01096	0.00783	0.01253	0.00705	0.00626	0.01331	0.01096	0.01723	0.00940	0.01096	0.00783	0.00392	0.00392	0.00078	0.00392	0.00313	0.00313	0.84653

[dist]
# distance from previous block
# <min> <max>
0	1

[block]
# block no. 1 follows, 46 sequences, length 31
# corresponding to MSA columns:
# 97-127
name=unknown_B
#
# <colnr> <probs for GDERKNQSTAVLIFYWHMCP>
#	G	D	E	R	K	N	Q	S	T	A	V	L	I	F	Y	W	H	M	C	P
0	0.01068	0.00960	0.03895	0.00947	0.01186	0.00992	0.00750	0.02027	0.45912	0.01960	0.10494	0.16460	0.07870	0.00973	0.00580	0.00185	0.00385	0.02146	0.00518	0.00692
1	0.70492	0.01001	0.00857	0.00739	0.01080	0.01114	0.00609	0.01735	0.01008	0.15855	0.00975	0.01025	0.00703	0.00520	0.00363	0.00164	0.00416	0.00330	0.00385	0.00630
2	0.00762	0.00540	0.00717	0.00717	0.00765	0.00589	0.00495	0.00859	0.00810	0.01129	0.01538	0.02751	0.01614	0.41722	0.41969	0.00685	0.00976	0.00665	0.00301	0.00398
3	0.16159	0.01146	0.01323	0.01129	0.01458	0.01294	0.08689	0.02470	0.55701	0.02186	0.01788	0.01718	0.01344	0.00649	0.00510	0.00176	0.00466	0.00545	0.00472	0.00777
4	0.51469	0.09717	0.06160	0.01258	0.14829	0.05783	0.00906	0.01609	0.01020	0.02034	0.00800	0.00959	0.00643	0.00487	0.00383	0.00156	0.00519	0.00328	0.00295	0.00646
5	0.16791	0.09475	0.01341	0.00934	0.01323	0.01127	0.00783	0.09506	0.09242	0.41732	0.01632	0.01499	0.01104	0.00609	0.00476	0.00159	0.00464	0.00463	0.00527	0.00812
6	0.01391	0.76780	0.07535	0.00942	0.01415	0.02038	0.00970	0.01589	0.01077	0.01271	0.00748	0.00865	0.00678	0.00455	0.00349	0.00116	0.00579	0.00289	0.00226	0.00685
7	0.01339	0.01090	0.01162	0.00917	0.01321	0.05817	0.00725	0.01920	0.22610	0.09401	0.01387	0.01404	0.01063	0.00519	0.00452	0.00119	0.00440	0.00417	0.00408	0.47491
8	0.00755	0.00566	0.00845	0.00844	0.00939	0.00656	0.00656	0.00946	0.00869	0.01255	0.03761	0.02134	0.01434	0.03876	0.76912	0.00829	0.01380	0.00578	0.00292	0.00473
9	0.01308	0.01256	0.02146	0.03245	0.78123	0.01256	0.01622	0.01622	0.01204	0.01727	0.00994	0.01308	0.00837	0.00471	0.00523	0.00157	0.00628	0.00471	0.00262	0.00837
10	0.00636	0.00510	0.00569	0.00610	0.00735	0.00442	0.00436	0.00760	0.01149	0.01427	0.07232	0.31315	0.49446	0.01439	0.00642	0.00191	0.00281	0.01244	0.00494	0.00442
11	0.01727	0.01409	0.01862	0.01563	0.08753	0.01512	0.14361	0.47503	0.11129	0.02761	0.01315	0.01385	0.00962	0.00596	0.00546	0.00164	0.00621	0.00516	0.00459	0.00853
12	0.00751	0.00505	0.00582	0.00599	0.00603	0.00501	0.00344	0.00764	0.00803	0.01071	0.01841	0.14335	0.02143	0.70244	0.02408	0.00471	0.00484	0.00872	0.00344	0.00336
13	0.01463	0.01441	0.02687	0.01943	0.02446	0.01422	0.55002	0.22745	0.01597	0.02155	0.01126	0.01382	0.00829	0.00499	0.00597	0.00173	0.00804	0.00582	0.00341	0.00765
14	0.00741	0.00530	0.00642	0.00619	0.00707	0.00497	0.00426	0.00891	0.01211	0.01661	0.43067	0.03914	0.12500	0.28805	0.01336	0.00287	0.00342	0.00910	0.00481	0.00431
15	0.70322	0.15320	0.01130	0.00732	0.01082	0.01346	0.00631	0.01559	0.00931	0.02172	0.00736	0.00857	0.00591	0.00484	0.00329	0.00155	0.00437	0.00286	0.00309	0.00591
16	0.16059	0.01091	0.01521	0.40604	0.06448	0.02611	0.03516	0.08226	0.01146	0.01730	0.00905	0.01253	0.00707	0.00580	0.00658	0.00178	0.11419	0.00439	0.00280	0.00629
17	0.01123	0.16729	0.65235	0.01400	0.02123	0.01381	0.01767	0.01658	0.01109	0.01598	0.00911	0.01069	0.00671	0.00493	0.00473	0.00158	0.00743	0.00372	0.00224	0.00763
18	0.01253	0.01200	0.02047	0.16867	0.64930	0.01242	0.01595	0.01574	0.01178	0.01660	0.00985	0.01326	0.00814	0.00481	0.00524	0.00160	0.00642	0.00471	0.00257	0.00793
19	0.00834	0.00642	0.00838	0.00797	0.00823	0.00750	0.00564	0.00907	0.00799	0.01125	0.01424	0.02665	0.01536	0.45484	0.23970	0.00557	0.14926	0.00658	0.00294	0.00408
20	0.00768	0.01932	0.00904	0.03313	0.01015	0.00700	0.02261	0.00887	0.00980	0.01336	0.02371	0.56778	0.03886	0.01607	0.05960	0.00255	0.12953	0.01203	0.00420	0.00471
21	0.00897	0.00742	0.00811	0.00761	0.00963	0.00760	0.00580	0.01530	0.27465	0.01884	0.23863	0.05263	0.30304	0.01061	0.00596	0.00176	0.00316	0.00902	0.00532	0.00595
22	0.01102	0.00959	0.01144	0.00838	0.01265	0.00788	0.00675	0.01326	0.01070	0.01682	0.00917	0.01102	0.00775	0.00440	0.00514	0.00092	0.07663	0.00327	0.00306	0.77017
23	0.00918	0.00459	0.00689	0.00689	0.00689	0.00459	0.00459	0.00689	0.00689	0.00918	0.00918	0.01607	0.00918	0.01837	0.02066	0.84619	0.00459	0.00459	0.00230	0.00230
24	0.00655	0.00468	0.00623	0.00729	0.00769	0.00437	0.00492	0.00764	0.01063	0.01430	0.10767	0.72992	0.03653	0.01596	0.00669	0.00210	0.00301	0.01446	0.00500	0.00437
25	0.00844	0.00647	0.00786	0.00752	0.00893	0.00629	0.00531	0.01100	0.08923	0.01404	0.01970	0.24630	0.03438	0.22541	0.13380	0.00363	0.00559	0.00852	0.00387	0.15369
26	0.00705	0.00510	0.00668	0.00710	0.00796	0.00473	0.00514	0.00881	0.01257	0.01724	0.37684	0.37658	0.07103	0.01365	0.00653	0.00193	0.00290	0.05820	0.00533	0.00466
27	0.00639	0.00515	0.00570	0.00602	0.00734	0.00445	0.00434	0.00770	0.01172	0.01456	0.09961	0.26429	0.51603	0.01409	0.00639	0.00188	0.00277	0.01213	0.00498	0.00445
28	0.21933	0.02052	0.01334	0.01187	0.01488	0.52420	0.00912	0.09759	0.01458	0.01766	0.00845	0.00964	0.00678	0.00541	0.00446	0.00145	0.00784	0.00342	0.00312	0.00633
29	0.01020	0.01258	0.15191	0.57902	0.03151	0.01135	0.01466	0.01406	0.01072	0.01447	0.00941	0.01325	0.00707	0.00510	0.00510	0.00164	0.00685	0.00439	0.00241	0.09432
30	0.16180	0.01256	0.01869	0.04136	0.60226	0.04172	0.01411	0.01624	0.01158	0.01818	0.00941	0.01217	0.00782	0.00478	0.00487	0.00158	0.00603	0.00433	0.00273	0.00777

[dist]
# distance from previous block
# <min> <max>
0	2

[block]
# block no. 2 follows, 46 sequences, length 9
# corresponding to MSA columns:
# 130-138
name=unknown_C
#
# <colnr> <probs for GDERKNQSTAVLIFYWHMCP>
#	G	D	E	R	K	N	Q	S	T	A	V	L	I	F	Y	W	H	M	C	P
0	0.01305	0.02272	0.53760	0.01515	0.02192	0.01253	0.10953	0.10590	0.01327	0.08246	0.01096	0.01229	0.00766	0.00524	0.00523	0.00167	0.00744	0.00441	0.00301	0.00797
1	0.00736	0.00531	0.00696	0.00673	0.00787	0.00491	0.00498	0.00967	0.01439	0.02029	0.68977	0.13077	0.04812	0.01149	0.00630	0.00172	0.00256	0.01021	0.00571	0.00491
2	0.01155	0.00974	0.01128	0.00811	0.01278	0.00765	0.00651	0.06148	0.01185	0.01826	0.00961	0.01107	0.00790	0.00407	0.00400	0.00083	0.00404	0.00324	0.00327	0.79275
3	0.00788	0.00576	0.00771	0.00875	0.00992	0.00559	0.00733	0.00994	0.01186	0.01526	0.03193	0.16689	0.14157	0.01471	0.00707	0.00230	0.00428	0.53167	0.00488	0.00473
4	0.00626	0.00529	0.00542	0.00553	0.00719	0.00445	0.00409	0.00757	0.01189	0.01421	0.05147	0.11573	0.71558	0.01366	0.00629	0.00182	0.00271	0.01149	0.00491	0.00445
5	0.01264	0.49634	0.23344	0.01054	0.01563	0.04270	0.01151	0.01555	0.01123	0.01406	0.03856	0.01291	0.05457	0.00545	0.00416	0.00135	0.00608	0.00388	0.00256	0.00684
6	0.00752	0.00541	0.00683	0.00668	0.00774	0.00508	0.00492	0.00947	0.01314	0.01816	0.51282	0.04135	0.09786	0.15907	0.01014	0.00238	0.00321	0.07844	0.00518	0.00461
7	0.03891	0.03760	0.14837	0.01326	0.01546	0.06873	0.01213	0.01640	0.12010	0.01514	0.00961	0.01236	0.00818	0.00769	0.01178	0.00201	0.44841	0.00451	0.00280	0.00656
8	0.00644	0.00460	0.00613	0.00736	0.00767	0.00429	0.00491	0.00736	0.01012	0.01350	0.02914	0.81076	0.03497	0.01656	0.00675	0.00215	0.00307	0.01503	0.00491	0.00429

[dist]
# distance from previous block
# <min> <max>
0	28

[block]
# block no. 3 follows, 46 sequences, length 21
# corresponding to MSA columns:
# 167-187
name=unknown_D
#
# <colnr> <probs for GDERKNQSTAVLIFYWHMCP>
#	G	D	E	R	K	N	Q	S	T	A	V	L	I	F	Y	W	H	M	C	P
0	0.05625	0.01047	0.01627	0.56342	0.14458	0.01235	0.01396	0.09061	0.01217	0.01664	0.00971	0.01351	0.00737	0.00529	0.00517	0.00171	0.00665	0.00461	0.00274	0.00656
1	0.00826	0.00637	0.00964	0.08662	0.01217	0.00764	0.00757	0.00983	0.00851	0.01211	0.01263	0.01893	0.01172	0.03179	0.57795	0.09289	0.07264	0.00538	0.00269	0.00467
2	0.01975	0.01464	0.01567	0.01209	0.01626	0.01623	0.00997	0.72742	0.06160	0.03277	0.01313	0.01304	0.00934	0.00639	0.00529	0.00160	0.00574	0.00482	0.00529	0.00896
3	0.85155	0.01022	0.00777	0.00695	0.01022	0.01186	0.00573	0.01554	0.00900	0.02372	0.00736	0.00859	0.00573	0.00491	0.00327	0.00164	0.00409	0.00286	0.00327	0.00573
4	0.23767	0.01655	0.08868	0.01115	0.01500	0.18580	0.00961	0.22067	0.10366	0.04647	0.01125	0.01174	0.00838	0.00574	0.00463	0.00158	0.00615	0.00403	0.00394	0.00731
5	0.01379	0.73981	0.10225	0.00964	0.01448	0.02007	0.01008	0.01592	0.01078	0.01286	0.00756	0.00874	0.00678	0.00457	0.00355	0.00118	0.00587	0.00293	0.00226	0.00689
6	0.00649	0.00470	0.00615	0.00728	0.00772	0.00436	0.00495	0.00748	0.01032	0.01362	0.03085	0.73518	0.08808	0.01628	0.00673	0.00213	0.00309	0.03538	0.00491	0.00432
7	0.00914	0.00929	0.05875	0.01313	0.09056	0.00941	0.05978	0.01090	0.01000	0.01410	0.01883	0.41434	0.02126	0.01189	0.00929	0.00208	0.21813	0.00994	0.00367	0.00551
8	0.85155	0.01022	0.00777	0.00695	0.01022	0.01186	0.00573	0.01554	0.00900	0.02372	0.00736	0.00859	0.00573	0.00491	0.00327	0.00164	0.00409	0.00286	0.00327	0.00573
9	0.00905	0.00576	0.00753	0.00689	0.00843	0.00525	0.00524	0.01147	0.01491	0.09602	0.68552	0.03767	0.06490	0.01045	0.00615	0.00166	0.00270	0.00918	0.00587	0.00537
10	0.01286	0.01110	0.01233	0.09143	0.01599	0.01290	0.00898	0.04259	0.66088	0.02147	0.03655	0.01942	0.01578	0.00704	0.00539	0.00178	0.00448	0.00590	0.00508	0.00805
11	0.02252	0.00926	0.01223	0.00956	0.01352	0.00838	0.00784	0.02603	0.10061	0.69871	0.02093	0.01819	0.01343	0.00661	0.00532	0.00165	0.00446	0.00539	0.00641	0.00893
12	0.01400	0.01309	0.04587	0.11927	0.51431	0.05354	0.05156	0.01715	0.01232	0.09194	0.01088	0.01349	0.00852	0.00500	0.00527	0.00160	0.00655	0.00475	0.00297	0.00794
13	0.00741	0.00540	0.00696	0.00657	0.00785	0.00496	0.00493	0.00983	0.01479	0.02078	0.73496	0.04017	0.09362	0.01096	0.00624	0.00167	0.00251	0.00966	0.00576	0.00496
14	0.00784	0.08821	0.00881	0.00693	0.00846	0.00647	0.00539	0.00982	0.01317	0.01771	0.42805	0.15810	0.16377	0.01166	0.00608	0.00174	0.00305	0.04464	0.00512	0.00497
15	0.01358	0.68842	0.10421	0.00959	0.01446	0.01921	0.00995	0.01577	0.01080	0.01316	0.00769	0.00890	0.00684	0.00454	0.00359	0.00117	0.00577	0.00296	0.00231	0.05710
16	0.00976	0.00619	0.00859	0.00941	0.01080	0.00603	0.00800	0.01197	0.01221	0.09106	0.02743	0.14757	0.02928	0.01405	0.00704	0.00232	0.00461	0.58343	0.00504	0.00520
17	0.01096	0.00940	0.01096	0.00783	0.01253	0.00705	0.00626	0.01331	0.01096	0.01723	0.00940	0.01096	0.00783	0.00392	0.00392	0.00078	0.00392	0.00313	0.00313	0.84653
18	0.01137	0.01585	0.21661	0.03620	0.01705	0.03846	0.03226	0.01397	0.00936	0.01393	0.00858	0.03946	0.00788	0.00806	0.01277	0.00208	0.50260	0.00481	0.00241	0.00631
19	0.01215	0.01519	0.17075	0.05015	0.06296	0.03834	0.03410	0.07609	0.01094	0.01573	0.01031	0.01344	0.03953	0.00764	0.01146	0.00199	0.41515	0.00478	0.00269	0.00661
20	0.00754	0.00555	0.00800	0.00804	0.00882	0.00631	0.00603	0.00911	0.00842	0.01199	0.01497	0.04529	0.01477	0.15955	0.65171	0.00779	0.01244	0.00624	0.00295	0.00447

[dist]
# distance from previous block
# <min> <max>
0	14

[block]
# block no. 4 follows, 46 sequences, length 45
# corresponding to MSA columns:
# 202-246
name=unknown_E
#
# <colnr> <probs for GDERKNQSTAVLIFYWHMCP>
#	G	D	E	R	K	N	Q	S	T	A	V	L	I	F	Y	W	H	M	C	P
0	0.00840	0.00835	0.07706	0.01101	0.11620	0.00673	0.00778	0.01129	0.03281	0.01850	0.40517	0.13586	0.11935	0.01041	0.00604	0.00173	0.00362	0.00920	0.00483	0.00564
1	0.01171	0.04480	0.56380	0.01554	0.02230	0.06344	0.12064	0.01774	0.05942	0.01675	0.01027	0.01195	0.00748	0.00509	0.00515	0.00166	0.00779	0.00430	0.00252	0.00762
2	0.00883	0.00853	0.05797	0.11791	0.01389	0.00803	0.00783	0.01376	0.16983	0.01719	0.17789	0.15524	0.18873	0.01038	0.00611	0.00182	0.01672	0.00893	0.00462	0.00578
3	0.01157	0.01157	0.01619	0.01388	0.01388	0.01619	0.01157	0.01272	0.00810	0.01272	0.00694	0.01157	0.00694	0.00925	0.01735	0.00231	0.80453	0.00463	0.00231	0.00578
4	0.01293	0.00950	0.01182	0.00854	0.01317	0.00736	0.03126	0.01530	0.01164	0.13264	0.01116	0.01213	0.00863	0.00433	0.00420	0.00094	0.00417	0.00356	0.00363	0.69309
5	0.01361	0.35793	0.09276	0.01188	0.03028	0.10696	0.07579	0.06269	0.01278	0.01592	0.11495	0.01417	0.01303	0.00592	0.00527	0.00144	0.05039	0.00448	0.00304	0.00670
6	0.00630	0.00516	0.00556	0.00587	0.00728	0.00442	0.00425	0.00753	0.01155	0.01408	0.04728	0.24608	0.58793	0.01420	0.00638	0.00188	0.00278	0.01215	0.00491	0.00442
7	0.08623	0.00974	0.01460	0.35986	0.16883	0.01099	0.01196	0.02498	0.03111	0.01691	0.11594	0.01675	0.01341	0.00606	0.00566	0.00166	0.03976	0.00514	0.00313	0.05729
8	0.01367	0.01434	0.09847	0.05027	0.49891	0.01311	0.06228	0.12005	0.04245	0.01948	0.01075	0.01319	0.00852	0.00506	0.00529	0.00161	0.00648	0.00478	0.00305	0.00825
9	0.01273	0.01855	0.22917	0.01838	0.07022	0.12074	0.31660	0.01706	0.03008	0.01604	0.01043	0.02579	0.00825	0.00638	0.03074	0.00193	0.05203	0.00515	0.00264	0.00709
10	0.00750	0.00510	0.00606	0.00623	0.00635	0.00514	0.00374	0.00780	0.00810	0.01088	0.01816	0.14073	0.02087	0.63615	0.09114	0.00501	0.00563	0.00853	0.00341	0.00349
11	0.01056	0.00788	0.05802	0.00883	0.00969	0.00771	0.00697	0.07449	0.00889	0.01226	0.00920	0.01484	0.00870	0.01521	0.01787	0.60249	0.11554	0.00457	0.00256	0.00371
12	0.01511	0.56443	0.02476	0.01237	0.08169	0.15270	0.03334	0.03661	0.01201	0.01364	0.00796	0.00936	0.00702	0.00474	0.00393	0.00124	0.00648	0.00325	0.00247	0.00688
13	0.01121	0.00915	0.01220	0.00914	0.01315	0.00748	0.07551	0.02491	0.02306	0.05659	0.13579	0.03928	0.01585	0.00566	0.00470	0.00113	0.00418	0.00498	0.00381	0.54225
14	0.01354	0.08645	0.14555	0.01709	0.02220	0.05782	0.38438	0.01914	0.11743	0.06531	0.01220	0.01399	0.00908	0.00511	0.00554	0.00168	0.00756	0.00532	0.00319	0.00744
15	0.01308	0.06397	0.01738	0.01399	0.02678	0.10617	0.05272	0.05555	0.01040	0.01429	0.01936	0.01197	0.00788	0.00865	0.02886	0.00216	0.53347	0.00456	0.00261	0.00615
16	0.00918	0.00459	0.00689	0.00689	0.00689	0.00459	0.00459	0.00689	0.00689	0.00918	0.00918	0.01607	0.00918	0.01837	0.02066	0.84619	0.00459	0.00459	0.00230	0.00230
17	0.01096	0.00940	0.01096	0.00783	0.01253	0.00705	0.00626	0.01331	0.01096	0.01723	0.00940	0.01096	0.00783	0.00392	0.00392	0.00078	0.00392	0.00313	0.00313	0.84653
18	0.01308	0.01256	0.02146	0.03245	0.78123	0.01256	0.01622	0.01622	0.01204	0.01727	0.00994	0.01308	0.00837	0.00471	0.00523	0.00157	0.00628	0.00471	0.00262	0.00837
19	0.01121	0.01108	0.01510	0.01313	0.01333	0.03333	0.01085	0.01247	0.00831	0.01267	0.00796	0.01278	0.00780	0.01335	0.12387	0.00314	0.67683	0.00474	0.00239	0.00564
20	0.00728	0.00540	0.00679	0.00644	0.00777	0.00490	0.00483	0.00959	0.01449	0.02007	0.66052	0.04134	0.16850	0.01123	0.00624	0.00168	0.00252	0.00982	0.00567	0.00490
21	0.00662	0.00473	0.00634	0.00757	0.00796	0.00445	0.00522	0.00768	0.01030	0.01370	0.02904	0.74507	0.03457	0.01639	0.00680	0.00217	0.00322	0.07892	0.00490	0.00434
22	0.00900	0.00575	0.00748	0.00685	0.00840	0.00523	0.00520	0.01138	0.01481	0.09540	0.66268	0.03805	0.08829	0.01054	0.00615	0.00167	0.00270	0.00924	0.00584	0.00535
23	0.01075	0.01021	0.01687	0.61278	0.03196	0.01264	0.06108	0.04286	0.01091	0.01439	0.00927	0.01370	0.00717	0.00582	0.00701	0.00183	0.11741	0.00479	0.00248	0.00606
24	0.00755	0.00566	0.00850	0.00850	0.00944	0.00661	0.00661	0.00944	0.00850	0.01227	0.01416	0.02077	0.01322	0.03965	0.79326	0.00850	0.01416	0.00566	0.00283	0.00472
25	0.01288	0.01117	0.01259	0.12016	0.01695	0.01303	0.00928	0.04381	0.64841	0.02119	0.01963	0.01878	0.01471	0.00689	0.00536	0.00178	0.00462	0.00577	0.00496	0.00804
26	0.00898	0.00467	0.00673	0.00673	0.00673	0.00467	0.00440	0.00700	0.00700	0.00933	0.01022	0.01863	0.01057	0.12843	0.02153	0.72987	0.00467	0.00502	0.00242	0.00242
27	0.01127	0.13104	0.42665	0.08525	0.13083	0.01305	0.04465	0.01584	0.01147	0.01623	0.05767	0.01322	0.00975	0.00527	0.00497	0.00160	0.00693	0.00439	0.00254	0.00738
28	0.01096	0.02513	0.67965	0.01447	0.02162	0.01240	0.01799	0.01831	0.11634	0.01749	0.01115	0.01235	0.00800	0.00532	0.00507	0.00169	0.00731	0.00419	0.00267	0.00789
29	0.01173	0.01287	0.04676	0.19167	0.14101	0.01286	0.38286	0.01548	0.01158	0.01581	0.01109	0.01470	0.02815	0.00533	0.00677	0.00179	0.07444	0.00560	0.00261	0.00688
30	0.02005	0.01624	0.01574	0.01236	0.01639	0.12380	0.01007	0.66091	0.02349	0.03050	0.01207	0.01226	0.00869	0.00622	0.00522	0.00156	0.00633	0.00457	0.00493	0.00859
31	0.01157	0.24306	0.57955	0.01342	0.02034	0.01464	0.01667	0.01649	0.01105	0.01557	0.00890	0.01043	0.00672	0.00489	0.00458	0.00153	0.00722	0.00361	0.00224	0.00753
32	0.00653	0.00537	0.00574	0.00565	0.00731	0.00458	0.00424	0.00813	0.01271	0.01584	0.21720	0.04831	0.61446	0.01281	0.00625	0.00176	0.00264	0.01080	0.00511	0.00458
33	0.01413	0.81739	0.02770	0.00905	0.01357	0.02092	0.00905	0.01583	0.01074	0.01244	0.00735	0.00848	0.00678	0.00452	0.00339	0.00113	0.00565	0.00283	0.00226	0.00678
34	0.00734	0.00529	0.00694	0.00675	0.00787	0.00489	0.00498	0.00961	0.01429	0.02013	0.67481	0.14616	0.04782	0.01160	0.00631	0.00173	0.00257	0.01032	0.00569	0.00489
35	0.01708	0.12375	0.01499	0.01045	0.01404	0.10959	0.02626	0.08977	0.18268	0.22912	0.07464	0.01675	0.01420	0.00640	0.00502	0.00153	0.00526	0.00507	0.00479	0.04862
36	0.25646	0.01195	0.01280	0.11945	0.01682	0.01351	0.00907	0.32300	0.09234	0.06409	0.01207	0.01279	0.00878	0.00588	0.00470	0.00164	0.00521	0.00436	0.01759	0.00750
37	0.85155	0.01022	0.00777	0.00695	0.01022	0.01186	0.00573	0.01554	0.00900	0.02372	0.00736	0.00859	0.00573	0.00491	0.00327	0.00164	0.00409	0.00286	0.00327	0.00573
38	0.00729	0.00497	0.00594	0.00632	0.00644	0.00489	0.00381	0.00762	0.00847	0.01131	0.02053	0.27842	0.02405	0.54782	0.03594	0.00426	0.00466	0.00996	0.00373	0.00358
39	0.00745	0.00548	0.00789	0.00803	0.00878	0.00617	0.00599	0.00899	0.00857	0.01215	0.01612	0.10921	0.01636	0.13515	0.60995	0.00737	0.01180	0.00695	0.00311	0.00448
40	0.00868	0.00566	0.00742	0.00683	0.00826	0.00520	0.00515	0.01108	0.01481	0.07691	0.70596	0.03781	0.04650	0.02840	0.00663	0.00174	0.00270	0.00921	0.00581	0.00524
41	0.00651	0.00465	0.00621	0.00744	0.00778	0.00435	0.00503	0.00748	0.01019	0.01357	0.02910	0.78615	0.03482	0.01650	0.00677	0.00216	0.00313	0.03897	0.00491	0.00431
42	0.00765	0.00511	0.00578	0.00581	0.00582	0.00510	0.00325	0.00768	0.00776	0.01035	0.01703	0.05750	0.01968	0.79067	0.02631	0.00504	0.00506	0.00790	0.00325	0.00324
43	0.58305	0.00982	0.00861	0.00751	0.01079	0.01070	0.00604	0.01613	0.07623	0.04573	0.01067	0.06064	0.00900	0.00575	0.00383	0.00156	0.00402	0.00401	0.00364	0.12225
44	0.01727	0.01298	0.01389	0.01101	0.01472	0.01423	0.00899	0.57677	0.08801	0.02920	0.01915	0.01878	0.11622	0.00819	0.02418	0.00180	0.00544	0.00577	0.00519	0.00821

[dist]
# distance from previous block
# <min> <max>
0	22

[block]
# block no. 5 follows, 46 sequences, length 34
# corresponding to MSA columns:
# 269-302
name=unknown_F
#
# <colnr> <probs for GDERKNQSTAVLIFYWHMCP>
#	G	D	E	R	K	N	Q	S	T	A	V	L	I	F	Y	W	H	M	C	P
0	0.75243	0.01008	0.00831	0.00725	0.01062	0.01137	0.00597	0.01676	0.00973	0.11486	0.00898	0.00971	0.00661	0.00510	0.00352	0.00164	0.00414	0.00316	0.00366	0.00612
1	0.00737	0.00606	0.00671	0.00748	0.00819	0.05432	0.00516	0.00853	0.01113	0.01434	0.10858	0.60300	0.10958	0.01494	0.00652	0.00201	0.00338	0.01333	0.00486	0.00450
2	0.00877	0.00637	0.00770	0.00761	0.00924	0.00617	0.00592	0.01242	0.11173	0.05416	0.27261	0.12128	0.20779	0.01196	0.00632	0.00189	0.00331	0.13401	0.00533	0.00540
3	0.00961	0.00550	0.00730	0.00767	0.00868	0.00507	0.00545	0.01079	0.01108	0.14346	0.05844	0.53918	0.03036	0.08118	0.00820	0.00230	0.00355	0.05206	0.00508	0.00505
4	0.01719	0.01261	0.01375	0.01083	0.01429	0.01376	0.00876	0.58895	0.02210	0.02982	0.14177	0.01859	0.01652	0.05825	0.00682	0.00182	0.00521	0.00575	0.00525	0.00795
5	0.00745	0.00508	0.00602	0.00616	0.00640	0.00497	0.00375	0.00797	0.00916	0.01239	0.12972	0.16589	0.02633	0.56299	0.02050	0.00412	0.00440	0.00920	0.00387	0.00365
6	0.00690	0.00554	0.00618	0.00599	0.00761	0.00490	0.00450	0.00906	0.03460	0.01708	0.32258	0.04576	0.48599	0.01225	0.00622	0.00174	0.00265	0.01042	0.00526	0.00477
7	0.00860	0.00547	0.00712	0.00778	0.00864	0.00520	0.00541	0.01052	0.05885	0.09162	0.02782	0.68094	0.03157	0.01496	0.00652	0.00207	0.00328	0.01348	0.00510	0.00502
8	0.02002	0.01050	0.01239	0.00969	0.01335	0.01054	0.00794	0.30105	0.01811	0.37344	0.01718	0.01629	0.01162	0.00640	0.00503	0.00155	0.00465	0.00504	0.14689	0.00831
9	0.00677	0.00527	0.00584	0.00607	0.00751	0.00456	0.00445	0.00812	0.01184	0.03033	0.08990	0.22566	0.53267	0.01385	0.00636	0.00187	0.00284	0.02653	0.00500	0.00456
10	0.01016	0.00805	0.01192	0.01040	0.01231	0.00888	0.08303	0.13701	0.01162	0.01621	0.01366	0.01926	0.01220	0.05852	0.55382	0.00654	0.01190	0.00564	0.00324	0.00563
11	0.01011	0.00640	0.00760	0.00688	0.00894	0.00581	0.00530	0.01293	0.06622	0.14698	0.30884	0.03906	0.33282	0.01087	0.00603	0.00172	0.00302	0.00924	0.00555	0.00569
12	0.00665	0.00475	0.00637	0.00760	0.00800	0.00447	0.00527	0.00772	0.01033	0.01373	0.02902	0.73522	0.03451	0.01637	0.00680	0.00218	0.00325	0.08851	0.00490	0.00435
13	0.01207	0.01353	0.04879	0.15201	0.02757	0.01304	0.53878	0.01747	0.08847	0.01687	0.01153	0.01469	0.00863	0.00489	0.00596	0.00178	0.00809	0.00589	0.00288	0.00706
14	0.15954	0.01382	0.01426	0.01120	0.01519	0.01543	0.00921	0.59118	0.06948	0.03099	0.01235	0.01245	0.00889	0.00616	0.00495	0.00161	0.00542	0.00452	0.00495	0.00840
15	0.01794	0.01427	0.01430	0.01138	0.01496	0.09258	0.00921	0.56214	0.02220	0.02923	0.14107	0.01688	0.01565	0.00701	0.00540	0.00158	0.00563	0.00543	0.00512	0.00803
16	0.04172	0.01326	0.09893	0.33346	0.12913	0.01245	0.26352	0.01540	0.01140	0.01584	0.00984	0.01352	0.00746	0.00489	0.00550	0.00173	0.00754	0.00507	0.00251	0.00681
17	0.01259	0.45480	0.24267	0.01057	0.01607	0.01611	0.01159	0.01567	0.01090	0.01448	0.00831	0.00967	0.00694	0.00456	0.00395	0.00123	0.00598	0.00319	0.00240	0.14836
18	0.01308	0.01256	0.02146	0.03245	0.78123	0.01256	0.01622	0.01622	0.01204	0.01727	0.00994	0.01308	0.00837	0.00471	0.00523	0.00157	0.00628	0.00471	0.00262	0.00837
19	0.00667	0.00476	0.00601	0.00691	0.00726	0.00447	0.00451	0.00744	0.00978	0.01292	0.02841	0.60564	0.08414	0.17230	0.01065	0.00270	0.00344	0.01332	0.00457	0.00409
20	0.01894	0.01214	0.11576	0.09017	0.01726	0.01002	0.01025	0.06793	0.11725	0.45675	0.01779	0.01661	0.01180	0.00629	0.00528	0.00167	0.00523	0.00512	0.00532	0.00844
21	0.01103	0.01085	0.01956	0.51612	0.18436	0.01218	0.14073	0.01463	0.01119	0.01484	0.00972	0.01392	0.00748	0.00503	0.00544	0.00173	0.00721	0.00496	0.00246	0.00659
22	0.00769	0.00513	0.00577	0.00577	0.00577	0.00513	0.00320	0.00769	0.00769	0.01025	0.01666	0.03460	0.01922	0.81421	0.02691	0.00513	0.00513	0.00769	0.00320	0.00320
23	0.00721	0.00519	0.00682	0.00684	0.00784	0.00481	0.00497	0.00929	0.01370	0.01919	0.58301	0.24065	0.04599	0.01231	0.00637	0.00179	0.00264	0.01099	0.00558	0.00481
24	0.01273	0.00972	0.01605	0.48345	0.13899	0.01088	0.03522	0.01590	0.01171	0.14408	0.01262	0.01749	0.00977	0.00598	0.00544	0.00176	0.00642	0.05179	0.00326	0.00674
25	0.01120	0.16026	0.65911	0.01405	0.02131	0.01373	0.01777	0.01659	0.01109	0.01602	0.00913	0.01071	0.00671	0.00494	0.00475	0.00158	0.00745	0.00372	0.00224	0.00764
26	0.01481	0.01107	0.01164	0.03168	0.01361	0.07420	0.00805	0.04163	0.40092	0.16530	0.14711	0.02157	0.02006	0.00745	0.00546	0.00170	0.00451	0.00618	0.00537	0.00768
27	0.00844	0.00641	0.00789	0.00734	0.00888	0.00636	0.00556	0.01302	0.14227	0.02135	0.65110	0.03616	0.04420	0.01020	0.00609	0.00168	0.00278	0.00896	0.00575	0.00556
28	0.01918	0.00942	0.01160	0.00928	0.01267	0.03049	0.00751	0.11546	0.03482	0.47464	0.19280	0.02204	0.02088	0.00748	0.00551	0.00163	0.00434	0.00618	0.00608	0.00798
29	0.01134	0.14821	0.59343	0.01486	0.02192	0.01372	0.09258	0.01662	0.01123	0.01610	0.00928	0.01106	0.00684	0.00489	0.00489	0.00160	0.00759	0.00397	0.00228	0.00759
30	0.17242	0.01264	0.01294	0.01061	0.01410	0.02785	0.00862	0.41106	0.14622	0.02716	0.01326	0.01387	0.00998	0.00955	0.08416	0.00232	0.00613	0.00468	0.00464	0.00780
31	0.03870	0.01572	0.01488	0.01203	0.01579	0.13520	0.00969	0.50781	0.14860	0.02807	0.01335	0.01329	0.00978	0.00631	0.00518	0.00159	0.00607	0.00471	0.00486	0.00837
32	0.01111	0.00833	0.00964	0.00919	0.01134	0.00868	0.00743	0.15172	0.14216	0.03796	0.04250	0.12513	0.16692	0.01156	0.00628	0.00198	0.00426	0.23254	0.00510	0.00618
33	0.01378	0.00964	0.01123	0.00874	0.01257	0.02205	0.00700	0.06627	0.08472	0.15880	0.09123	0.01759	0.02780	0.00601	0.00493	0.00125	0.01526	0.01778	0.00442	0.41891

[dist]
# distance from previous block
# <min> <max>
1	7

[block]
# block no. 6 follows, 46 sequences, length 6
# corresponding to MSA columns:
# 310-315
name=unknown_G
#
# <colnr> <probs for GDERKNQSTAVLIFYWHMCP>
#	G	D	E	R	K	N	Q	S	T	A	V	L	I	F	Y	W	H	M	C	P
0	0.32901	0.11964	0.23437	0.03912	0.01552	0.01289	0.01071	0.07457	0.01170	0.02042	0.07825	0.01264	0.01044	0.00555	0.00429	0.00158	0.00546	0.00398	0.00320	0.00666
1	0.00785	0.00799	0.09978	0.00750	0.00930	0.00590	0.00642	0.01015	0.01261	0.01757	0.43700	0.03674	0.09090	0.18408	0.01060	0.00245	0.00381	0.03974	0.00472	0.00490
2	0.27641	0.01035	0.04985	0.00873	0.01284	0.00916	0.00754	0.02054	0.01250	0.41212	0.01464	0.01384	0.00981	0.00562	0.00449	0.00153	0.00446	0.00421	0.00488	0.11648
3	0.01308	0.01256	0.02146	0.03245	0.78123	0.01256	0.01622	0.01622	0.01204	0.01727	0.00994	0.01308	0.00837	0.00471	0.00523	0.00157	0.00628	0.00471	0.00262	0.00837
4	0.14202	0.00689	0.00825	0.00726	0.00941	0.00663	0.00568	0.01409	0.01407	0.17881	0.50263	0.03026	0.03544	0.00901	0.00559	0.00165	0.00315	0.00765	0.00557	0.00593
5	0.01160	0.25024	0.57265	0.01337	0.02025	0.01472	0.01657	0.01648	0.01104	0.01553	0.00888	0.01040	0.00672	0.00488	0.00456	0.00152	0.00720	0.00360	0.00224	0.00752

[dist]
# distance from previous block
# <min> <max>
0	0

# created by:
# /st0/software/busco_prod/Augustus/scripts/msa2prfl.pl ./align_prep/166660.fa
