[name]
unknown

[dist]
# distance from previous block
# <min> <max>
0	30

[block]
# block no. 0 follows, 45 sequences, length 11
# corresponding to MSA columns:
# 31-41
name=unknown_A
#
# <colnr> <probs for GDERKNQSTAVLIFYWHMCP>
#	G	D	E	R	K	N	Q	S	T	A	V	L	I	F	Y	W	H	M	C	P
0	0.01293	0.01109	0.01178	0.01062	0.01353	0.01275	0.00825	0.02719	0.71360	0.02239	0.07644	0.02148	0.01887	0.00755	0.00552	0.00181	0.00412	0.00633	0.00549	0.00825
1	0.01031	0.00772	0.00878	0.00792	0.01002	0.02664	0.00607	0.01536	0.17729	0.07409	0.41937	0.03365	0.12639	0.00976	0.00594	0.00168	0.00331	0.00838	0.00556	0.04176
2	0.01130	0.01127	0.01731	0.01443	0.01526	0.01474	0.10645	0.01301	0.00885	0.01340	0.00854	0.01338	0.00806	0.01301	0.12230	0.00314	0.59213	0.00505	0.00247	0.00590
3	0.05243	0.01439	0.01527	0.01195	0.01605	0.01603	0.00981	0.63518	0.12130	0.03196	0.01384	0.01365	0.00994	0.00649	0.00530	0.00164	0.00562	0.00492	0.00530	0.00891
4	0.01124	0.13276	0.68274	0.01448	0.02197	0.01364	0.01841	0.01688	0.01128	0.01642	0.00934	0.01097	0.00681	0.00503	0.00488	0.00163	0.00764	0.00382	0.00227	0.00779
5	0.00729	0.00562	0.00668	0.00647	0.00793	0.00510	0.00483	0.00972	0.03746	0.01870	0.46188	0.08419	0.30036	0.01208	0.00634	0.00176	0.00268	0.01045	0.00553	0.00495
6	0.02210	0.00924	0.01219	0.00955	0.01341	0.00833	0.00781	0.06737	0.04187	0.64879	0.06293	0.04065	0.01584	0.00717	0.00549	0.00168	0.00448	0.00590	0.00644	0.00876
7	0.01559	0.01060	0.01373	0.01024	0.01450	0.00960	0.05385	0.11062	0.01382	0.20535	0.01270	0.01334	0.00935	0.00536	0.00563	0.00128	0.06248	0.00423	0.00421	0.42353
8	0.01380	0.00902	0.01104	0.11960	0.01463	0.01002	0.00806	0.20372	0.01469	0.08844	0.01464	0.01685	0.01118	0.00942	0.07522	0.00217	0.05265	0.00501	0.31326	0.00658
9	0.00663	0.00474	0.00631	0.00741	0.00781	0.00442	0.00499	0.00770	0.01069	0.01437	0.09279	0.74275	0.03679	0.01632	0.00681	0.00214	0.00306	0.01479	0.00506	0.00442
10	0.01282	0.00988	0.01156	0.00843	0.01307	0.00796	0.00678	0.05697	0.03785	0.08336	0.01113	0.01214	0.00875	0.00445	0.00422	0.00095	0.00414	0.00356	0.00367	0.69830

[dist]
# distance from previous block
# <min> <max>
0	1

[block]
# block no. 1 follows, 45 sequences, length 12
# corresponding to MSA columns:
# 43-54
name=unknown_B
#
# <colnr> <probs for GDERKNQSTAVLIFYWHMCP>
#	G	D	E	R	K	N	Q	S	T	A	V	L	I	F	Y	W	H	M	C	P
0	0.00838	0.00605	0.00756	0.00803	0.00892	0.00597	0.00565	0.10253	0.01260	0.01693	0.09335	0.63983	0.03352	0.01499	0.00662	0.00206	0.00341	0.01346	0.00511	0.00502
1	0.01082	0.00918	0.01078	0.00784	0.01231	0.00697	0.00625	0.01322	0.01149	0.01785	0.07718	0.01369	0.01172	0.00459	0.00418	0.00087	0.00385	0.00376	0.00342	0.77002
2	0.01666	0.01352	0.01404	0.03114	0.01560	0.05987	0.00919	0.37829	0.22462	0.02611	0.01443	0.01458	0.01079	0.00669	0.00571	0.02998	0.00542	0.00487	0.00479	0.11370
3	0.00836	0.00602	0.00749	0.00801	0.00884	0.00596	0.00558	0.10239	0.01221	0.01634	0.04834	0.65691	0.03202	0.04495	0.00741	0.00221	0.00353	0.01351	0.00499	0.00494
4	0.01101	0.00954	0.01176	0.10756	0.01578	0.00776	0.00744	0.01354	0.01108	0.01702	0.00954	0.01153	0.00785	0.00415	0.00415	0.00092	0.00438	0.00338	0.00308	0.73854
5	0.00882	0.00640	0.00826	0.05414	0.01066	0.00593	0.00600	0.01136	0.03394	0.05446	0.38806	0.15909	0.10130	0.01080	0.00605	0.00170	0.00327	0.02491	0.00516	0.09968
6	0.03622	0.01008	0.05562	0.00883	0.01122	0.03644	0.00699	0.11946	0.08096	0.15869	0.01654	0.02338	0.01460	0.31791	0.04017	0.00324	0.00558	0.00608	0.04177	0.00621
7	0.00809	0.00492	0.00570	0.00620	0.00678	0.00479	0.00413	0.00937	0.01005	0.01521	0.02224	0.34150	0.02388	0.19933	0.01053	0.00255	0.00338	0.00980	0.30720	0.00433
8	0.84927	0.01038	0.00789	0.00706	0.01038	0.01204	0.00581	0.01578	0.00914	0.02408	0.00747	0.00872	0.00581	0.00498	0.00332	0.00166	0.00415	0.00291	0.00332	0.00581
9	0.01858	0.03750	0.01192	0.00912	0.01226	0.00922	0.00721	0.12915	0.05055	0.41499	0.05114	0.02169	0.01551	0.17490	0.00995	0.00238	0.00484	0.00595	0.00551	0.00762
10	0.07466	0.21633	0.01589	0.00960	0.01310	0.01350	0.00808	0.20621	0.05439	0.12979	0.01515	0.12639	0.01335	0.02916	0.01876	0.00178	0.00512	0.00586	0.00439	0.03850
11	0.05113	0.45627	0.06890	0.01026	0.01453	0.04843	0.02493	0.12058	0.01329	0.06216	0.01110	0.07607	0.00992	0.00607	0.00432	0.00141	0.00577	0.00448	0.00328	0.00713

[dist]
# distance from previous block
# <min> <max>
15	25

[block]
# block no. 2 follows, 45 sequences, length 22
# corresponding to MSA columns:
# 81-102
name=unknown_C
#
# <colnr> <probs for GDERKNQSTAVLIFYWHMCP>
#	G	D	E	R	K	N	Q	S	T	A	V	L	I	F	Y	W	H	M	C	P
0	0.00850	0.00598	0.00713	0.00740	0.00870	0.02158	0.00540	0.00992	0.01178	0.07106	0.10087	0.39793	0.19943	0.02690	0.00681	0.00202	0.00341	0.06391	0.00504	0.03623
1	0.01840	0.07201	0.01342	0.01007	0.01360	0.03300	0.00843	0.15738	0.04866	0.34935	0.02035	0.03760	0.03966	0.00810	0.00558	0.00173	0.00500	0.12414	0.00547	0.02806
2	0.01212	0.01302	0.02513	0.01998	0.07609	0.01381	0.44716	0.01544	0.01142	0.01610	0.04027	0.03122	0.01011	0.00644	0.00949	0.00195	0.23460	0.00608	0.00278	0.00679
3	0.02297	0.01092	0.01356	0.01040	0.01460	0.01054	0.00859	0.24863	0.01836	0.55489	0.01866	0.01664	0.01203	0.00658	0.00539	0.00165	0.00497	0.00523	0.00626	0.00913
4	0.21227	0.01328	0.06832	0.07595	0.03478	0.03773	0.00978	0.27116	0.01644	0.15991	0.02554	0.01340	0.00949	0.00596	0.00484	0.00164	0.00551	0.00446	0.02180	0.00775
5	0.01436	0.03887	0.01838	0.23151	0.34328	0.09338	0.01387	0.06348	0.04581	0.06937	0.01112	0.01364	0.00863	0.00535	0.00523	0.00163	0.00666	0.00468	0.00315	0.00762
6	0.00642	0.00544	0.00555	0.00552	0.00730	0.00456	0.00414	0.00785	0.01242	0.01494	0.09902	0.05094	0.73077	0.01343	0.00634	0.00180	0.00271	0.01123	0.00504	0.00456
7	0.02324	0.00920	0.01237	0.00954	0.01357	0.00810	0.00786	0.05288	0.01573	0.72120	0.05306	0.01900	0.01473	0.00682	0.00544	0.00166	0.00453	0.00556	0.00656	0.00896
8	0.01356	0.27683	0.24954	0.14019	0.06495	0.05152	0.01383	0.08520	0.01269	0.03162	0.00941	0.01125	0.00733	0.00514	0.00464	0.00151	0.00684	0.00387	0.00271	0.00737
9	0.00736	0.00509	0.00653	0.00736	0.00807	0.00472	0.00516	0.00850	0.01084	0.03871	0.05098	0.55430	0.12936	0.06497	0.00804	0.00231	0.00338	0.07480	0.00495	0.00453
10	0.00654	0.00467	0.00623	0.00747	0.00779	0.00436	0.00498	0.00747	0.01028	0.01370	0.02959	0.80785	0.03550	0.01682	0.00685	0.00218	0.00311	0.01526	0.00498	0.00436
11	0.04271	0.06069	0.04887	0.30676	0.05330	0.01177	0.09407	0.01712	0.01188	0.19298	0.01293	0.04905	0.00989	0.00624	0.00614	0.00176	0.05797	0.00533	0.00355	0.00700
12	0.03999	0.14505	0.16013	0.01349	0.01762	0.22741	0.07798	0.07832	0.01347	0.06086	0.02289	0.01173	0.00829	0.00586	0.00626	0.00160	0.09477	0.00417	0.00306	0.00707
13	0.01314	0.01019	0.01079	0.00974	0.01248	0.01154	0.00757	0.02537	0.59391	0.05195	0.02099	0.01996	0.01576	0.00706	0.00513	0.00171	0.00393	0.00584	0.16509	0.00785
14	0.01435	0.81458	0.02813	0.00918	0.01378	0.02124	0.00918	0.01607	0.01091	0.01263	0.00746	0.00861	0.00689	0.00459	0.00344	0.00115	0.00574	0.00287	0.00230	0.00689
15	0.00837	0.00616	0.00762	0.00701	0.00855	0.00583	0.00532	0.06310	0.01558	0.02162	0.64139	0.03944	0.12771	0.01094	0.00626	0.00170	0.00279	0.00954	0.00577	0.00529
16	0.02014	0.04962	0.01663	0.01221	0.01652	0.01685	0.01016	0.72779	0.02462	0.03291	0.01265	0.01270	0.00903	0.00636	0.00529	0.00159	0.00590	0.00475	0.00524	0.00903
17	0.00819	0.00652	0.00964	0.00933	0.01017	0.00797	0.00736	0.01002	0.00857	0.01252	0.01343	0.01988	0.01260	0.03627	0.69035	0.00782	0.11600	0.00562	0.00281	0.00493
18	0.00653	0.00473	0.00617	0.00733	0.00775	0.00437	0.00492	0.00749	0.01042	0.01376	0.03135	0.75416	0.08806	0.01659	0.00682	0.00215	0.00309	0.01498	0.00498	0.00437
19	0.15236	0.13873	0.01597	0.01207	0.03041	0.40022	0.00943	0.09502	0.06800	0.01768	0.00950	0.01050	0.00766	0.00550	0.00449	0.00145	0.00736	0.00363	0.00324	0.00676
20	0.00675	0.00479	0.00613	0.00712	0.00743	0.00451	0.00465	0.00754	0.00992	0.01316	0.02830	0.64579	0.06007	0.15460	0.01039	0.00269	0.00346	0.01382	0.00468	0.00417
21	0.01202	0.01151	0.01713	0.40792	0.25500	0.04563	0.01415	0.01726	0.13353	0.01625	0.01164	0.01473	0.00904	0.00551	0.00534	0.00172	0.00656	0.00493	0.00298	0.00715

[dist]
# distance from previous block
# <min> <max>
4	6

[block]
# block no. 3 follows, 45 sequences, length 29
# corresponding to MSA columns:
# 109-137
name=unknown_D
#
# <colnr> <probs for GDERKNQSTAVLIFYWHMCP>
#	G	D	E	R	K	N	Q	S	T	A	V	L	I	F	Y	W	H	M	C	P
0	0.01086	0.02739	0.01181	0.00956	0.01201	0.04060	0.09654	0.06513	0.02857	0.07018	0.31538	0.08861	0.13996	0.02411	0.00640	0.00176	0.00426	0.00858	0.00497	0.03333
1	0.04511	0.07923	0.04777	0.04343	0.01546	0.03377	0.04134	0.15311	0.02702	0.03640	0.01070	0.01256	0.00856	0.02470	0.00554	0.00137	0.03578	0.00402	0.02629	0.34784
2	0.05743	0.05083	0.05831	0.00987	0.01227	0.04816	0.03950	0.04127	0.02957	0.06098	0.08652	0.01859	0.01456	0.03976	0.16802	0.00317	0.09699	0.00534	0.12176	0.03709
3	0.23516	0.22398	0.03355	0.00916	0.01256	0.11804	0.00790	0.10162	0.01303	0.01928	0.06042	0.04350	0.05808	0.00651	0.00436	0.00150	0.00532	0.00469	0.03499	0.00638
4	0.01274	0.02853	0.01145	0.00925	0.01202	0.02454	0.00726	0.19440	0.06102	0.03854	0.04362	0.06898	0.03275	0.08995	0.11156	0.00278	0.03242	0.00592	0.02958	0.18269
5	0.15180	0.01046	0.08172	0.02780	0.01272	0.00936	0.00813	0.11912	0.04375	0.10643	0.27687	0.03837	0.03689	0.00838	0.00549	0.00173	0.00431	0.04510	0.00496	0.00660
6	0.12646	0.07253	0.47634	0.02869	0.05267	0.01323	0.07423	0.01683	0.02941	0.01765	0.00951	0.01141	0.00710	0.00522	0.00535	0.00169	0.03763	0.00406	0.00255	0.00745
7	0.01143	0.00962	0.01111	0.06247	0.01342	0.04293	0.00736	0.04142	0.01158	0.01758	0.03988	0.01442	0.01062	0.00669	0.03143	0.00146	0.09344	0.00419	0.15207	0.41688
8	0.13033	0.00907	0.00973	0.00882	0.01091	0.00975	0.00668	0.24418	0.03516	0.02129	0.01970	0.24422	0.04228	0.13945	0.00916	0.00241	0.00457	0.04167	0.00460	0.00602
9	0.01291	0.12124	0.18749	0.07821	0.05333	0.03533	0.07450	0.13252	0.04063	0.01773	0.02490	0.04587	0.01009	0.00792	0.00755	0.12852	0.00641	0.00499	0.00314	0.00672
10	0.00658	0.00469	0.00622	0.00742	0.00772	0.00439	0.00493	0.00749	0.01020	0.01360	0.02917	0.78259	0.03498	0.04279	0.00752	0.00228	0.00318	0.01502	0.00493	0.00432
11	0.00937	0.00685	0.00971	0.00925	0.00997	0.00812	0.00720	0.01040	0.00900	0.04110	0.01550	0.07168	0.04151	0.03923	0.33404	0.13443	0.17325	0.03716	0.02749	0.00474
12	0.01518	0.27718	0.09789	0.14404	0.01982	0.15965	0.04867	0.04469	0.01286	0.08801	0.02373	0.01294	0.00890	0.00551	0.00472	0.00149	0.00692	0.01779	0.00306	0.00696
13	0.01262	0.04518	0.49311	0.01605	0.02277	0.01234	0.18779	0.01780	0.01203	0.09695	0.01144	0.02790	0.00834	0.00534	0.00540	0.00171	0.00768	0.00484	0.00288	0.00780
14	0.00760	0.00549	0.00718	0.00675	0.00802	0.00506	0.00506	0.01013	0.01519	0.02153	0.77503	0.04010	0.05065	0.01097	0.00633	0.00169	0.00253	0.00971	0.00591	0.00506
15	0.00662	0.00478	0.00626	0.00730	0.00778	0.00443	0.00494	0.00770	0.01079	0.01439	0.09186	0.70314	0.07784	0.01616	0.00678	0.00212	0.00304	0.01459	0.00506	0.00443
16	0.01221	0.01240	0.02131	0.26075	0.26175	0.04248	0.19729	0.01607	0.03726	0.01596	0.01046	0.01416	0.00831	0.00626	0.02987	0.00195	0.03653	0.00518	0.00268	0.00712
17	0.00999	0.00763	0.01043	0.03908	0.01119	0.00916	0.03005	0.03197	0.00992	0.01550	0.01338	0.01882	0.01189	0.07699	0.22603	0.00390	0.20436	0.00537	0.25907	0.00524
18	0.01832	0.12710	0.03644	0.01350	0.03330	0.61052	0.01048	0.01993	0.01413	0.01324	0.00847	0.01013	0.00719	0.00676	0.03460	0.00165	0.02167	0.00353	0.00269	0.00635
19	0.03168	0.01034	0.01203	0.04404	0.01434	0.00887	0.00732	0.12158	0.01320	0.03766	0.01025	0.01164	0.00816	0.00448	0.00426	0.00100	0.00441	0.00354	0.00354	0.64765
20	0.06418	0.25501	0.34604	0.03109	0.04733	0.01499	0.04168	0.04472	0.01182	0.04262	0.02788	0.01163	0.00826	0.00527	0.00493	0.00155	0.02691	0.00395	0.00273	0.00741
21	0.02408	0.00914	0.01246	0.00955	0.01370	0.00789	0.00789	0.02616	0.01536	0.78158	0.02118	0.01827	0.01329	0.00664	0.00540	0.00166	0.00457	0.00540	0.00664	0.00914
22	0.00781	0.00520	0.00585	0.00585	0.00585	0.00520	0.00325	0.00781	0.00781	0.01041	0.01691	0.03513	0.01952	0.81135	0.02732	0.00520	0.00520	0.00781	0.00325	0.00325
23	0.02720	0.12451	0.33711	0.04527	0.09479	0.02891	0.03038	0.13941	0.03204	0.07476	0.01102	0.01224	0.00809	0.00539	0.00498	0.00160	0.00680	0.00425	0.00325	0.00799
24	0.00878	0.00596	0.00743	0.00729	0.00848	0.00634	0.00552	0.04821	0.01098	0.01625	0.05931	0.09319	0.09655	0.05901	0.30250	0.00442	0.02087	0.00719	0.22677	0.00496
25	0.02924	0.01132	0.01309	0.04241	0.13104	0.07189	0.00913	0.19714	0.04463	0.09361	0.14495	0.02276	0.08124	0.05391	0.02812	0.00203	0.00546	0.00634	0.00460	0.00709
26	0.04734	0.01045	0.01097	0.00944	0.01238	0.04830	0.00733	0.09888	0.26059	0.07848	0.07503	0.07180	0.02910	0.03817	0.02657	0.00191	0.00468	0.00620	0.03528	0.12711
27	0.01319	0.01010	0.01328	0.14477	0.01777	0.00943	0.03729	0.07463	0.04135	0.10731	0.01330	0.01465	0.03768	0.00537	0.00507	0.00129	0.02521	0.00442	0.00374	0.42016
28	0.59427	0.03009	0.04171	0.00783	0.01140	0.01119	0.00675	0.01699	0.02688	0.12179	0.04035	0.01267	0.02846	0.00567	0.00392	0.00164	0.00430	0.00383	0.00387	0.02637

[dist]
# distance from previous block
# <min> <max>
9	33

[block]
# block no. 4 follows, 45 sequences, length 8
# corresponding to MSA columns:
# 174-181
name=unknown_E
#
# <colnr> <probs for GDERKNQSTAVLIFYWHMCP>
#	G	D	E	R	K	N	Q	S	T	A	V	L	I	F	Y	W	H	M	C	P
0	0.08281	0.01412	0.03322	0.07207	0.06138	0.15699	0.06528	0.19424	0.03326	0.02097	0.07278	0.03395	0.04954	0.00708	0.00559	0.00167	0.02246	0.03273	0.03299	0.00687
1	0.03864	0.01358	0.08009	0.01793	0.09318	0.03339	0.32465	0.07353	0.04516	0.01800	0.01418	0.15128	0.01308	0.00730	0.00659	0.00184	0.05006	0.00715	0.00339	0.00697
2	0.07211	0.01060	0.05051	0.07685	0.01524	0.03860	0.05231	0.05132	0.10114	0.11827	0.13449	0.04758	0.04498	0.03707	0.00625	0.00179	0.00496	0.04038	0.00448	0.09107
3	0.01154	0.01362	0.09645	0.12952	0.04227	0.01212	0.37940	0.01536	0.01171	0.01633	0.04046	0.01541	0.00990	0.03642	0.00742	0.00186	0.06274	0.00561	0.00279	0.08906
4	0.06152	0.01133	0.01658	0.28394	0.19153	0.03371	0.05645	0.08874	0.06442	0.05957	0.01286	0.07276	0.01068	0.00632	0.00540	0.00174	0.00623	0.00562	0.00345	0.00713
5	0.13474	0.32575	0.18641	0.01051	0.01513	0.07767	0.01069	0.07417	0.01211	0.01691	0.01088	0.01278	0.03984	0.04565	0.00537	0.00163	0.00616	0.00392	0.00288	0.00680
6	0.02580	0.01116	0.01314	0.01186	0.04333	0.07029	0.04009	0.11946	0.13037	0.01797	0.01443	0.03420	0.02740	0.06200	0.18951	0.00353	0.11542	0.00556	0.00367	0.06080
7	0.22359	0.01059	0.02966	0.04150	0.05127	0.02875	0.00836	0.09002	0.02688	0.11089	0.10502	0.01861	0.06727	0.00834	0.03292	0.00194	0.09113	0.00536	0.00415	0.04375

[dist]
# distance from previous block
# <min> <max>
13	55

[block]
# block no. 5 follows, 45 sequences, length 13
# corresponding to MSA columns:
# 249-261
name=unknown_F
#
# <colnr> <probs for GDERKNQSTAVLIFYWHMCP>
#	G	D	E	R	K	N	Q	S	T	A	V	L	I	F	Y	W	H	M	C	P
0	0.04501	0.05826	0.01489	0.01085	0.01499	0.01323	0.00902	0.36449	0.07606	0.31295	0.01621	0.01508	0.01101	0.00643	0.00522	0.00162	0.00522	0.00497	0.00562	0.00886
1	0.01882	0.01383	0.01439	0.01146	0.01514	0.06501	0.00926	0.52862	0.04284	0.09709	0.05869	0.05535	0.01350	0.02344	0.00591	0.00171	0.00564	0.00569	0.00528	0.00833
2	0.01211	0.01126	0.01859	0.41802	0.36038	0.01256	0.01532	0.05772	0.01222	0.01654	0.00998	0.01378	0.00786	0.00517	0.00534	0.00169	0.00674	0.00478	0.00268	0.00726
3	0.01276	0.01191	0.01981	0.07812	0.63244	0.01210	0.01510	0.04438	0.01246	0.01758	0.01192	0.08467	0.01087	0.00596	0.00546	0.00166	0.00611	0.00572	0.00295	0.00800
4	0.01396	0.01131	0.01302	0.00980	0.01418	0.01056	0.02473	0.23271	0.08337	0.02282	0.03531	0.01341	0.01038	0.00522	0.00464	0.00118	0.00463	0.00420	0.00410	0.48046
5	0.08777	0.01192	0.01921	0.16917	0.55103	0.01256	0.01499	0.01628	0.03464	0.01758	0.01012	0.01327	0.00826	0.00498	0.00515	0.00164	0.00625	0.00465	0.00275	0.00780
6	0.12352	0.00776	0.00833	0.00782	0.00984	0.03742	0.00609	0.01396	0.07457	0.09293	0.30443	0.08814	0.12390	0.01029	0.00583	0.00180	0.00363	0.06875	0.00521	0.00576
7	0.01317	0.01309	0.02135	0.13308	0.59187	0.05177	0.06467	0.01640	0.01220	0.01679	0.00998	0.01332	0.00822	0.00488	0.00536	0.00162	0.00682	0.00482	0.00263	0.00797
8	0.01247	0.01192	0.02031	0.23165	0.58555	0.01254	0.01607	0.01576	0.01184	0.01654	0.00995	0.01355	0.00815	0.00493	0.00533	0.00164	0.00658	0.00478	0.00259	0.00784
9	0.01313	0.01260	0.02151	0.06982	0.74218	0.01271	0.01640	0.01634	0.01215	0.01735	0.01007	0.01333	0.00844	0.00481	0.00532	0.00160	0.00641	0.00478	0.00264	0.00838
10	0.20792	0.06061	0.21131	0.14155	0.05760	0.01275	0.01239	0.06505	0.02556	0.06089	0.04248	0.01304	0.00928	0.00578	0.00546	0.00170	0.05211	0.00429	0.00321	0.00700
11	0.10130	0.02800	0.01604	0.07930	0.16488	0.08837	0.05394	0.17676	0.05752	0.10326	0.01520	0.01609	0.06348	0.00623	0.00520	0.00164	0.00600	0.00513	0.00404	0.00762
12	0.03752	0.40487	0.08984	0.01081	0.01501	0.04258	0.03185	0.08963	0.01218	0.01606	0.00887	0.01070	0.00759	0.00726	0.05028	0.00179	0.07463	0.00363	0.00277	0.08212

[dist]
# distance from previous block
# <min> <max>
7	20

[block]
# block no. 6 follows, 45 sequences, length 27
# corresponding to MSA columns:
# 283-301,308-315
name=unknown_G
#
# <colnr> <probs for GDERKNQSTAVLIFYWHMCP>
#	G	D	E	R	K	N	Q	S	T	A	V	L	I	F	Y	W	H	M	C	P
0	0.01343	0.01120	0.07629	0.06187	0.05831	0.00999	0.00921	0.17409	0.06414	0.10895	0.08499	0.05712	0.14269	0.00860	0.01830	0.00175	0.00495	0.00671	0.00464	0.08277
1	0.01303	0.05379	0.28041	0.01164	0.01663	0.04302	0.03724	0.05866	0.01290	0.11423	0.05888	0.10157	0.01378	0.00679	0.00517	0.00155	0.00585	0.00565	0.00371	0.15550
2	0.01250	0.11366	0.03272	0.01194	0.07600	0.17380	0.00872	0.05974	0.01266	0.01573	0.04973	0.25126	0.03562	0.00952	0.00636	0.00172	0.06623	0.00774	0.04836	0.00598
3	0.01327	0.01418	0.02568	0.03844	0.02389	0.06586	0.50754	0.08393	0.01334	0.01769	0.01131	0.03464	0.00910	0.00771	0.05748	0.00225	0.05765	0.00606	0.00300	0.00700
4	0.10813	0.40067	0.10368	0.01292	0.01775	0.08177	0.17488	0.01683	0.01150	0.01542	0.00851	0.01029	0.00704	0.00475	0.00435	0.00143	0.00685	0.00380	0.00254	0.00690
5	0.16999	0.09295	0.08774	0.01000	0.01431	0.03480	0.00905	0.06605	0.06263	0.37721	0.01538	0.01444	0.01043	0.00598	0.00478	0.00161	0.00515	0.00451	0.00492	0.00806
6	0.00940	0.00689	0.00807	0.00751	0.00939	0.00678	0.00585	0.01304	0.11381	0.07747	0.25113	0.04005	0.33211	0.01132	0.00674	0.00183	0.04148	0.04618	0.00531	0.00566
7	0.00824	0.00611	0.00690	0.00660	0.00840	0.00559	0.00498	0.01110	0.07624	0.05799	0.25146	0.08614	0.42621	0.01214	0.00624	0.00179	0.00291	0.01034	0.00537	0.00525
8	0.34350	0.03252	0.03332	0.01200	0.07278	0.03148	0.05306	0.09278	0.04611	0.15600	0.01190	0.01321	0.00888	0.00592	0.00530	0.00170	0.05068	0.01758	0.00403	0.00722
9	0.23530	0.01502	0.05738	0.11813	0.05959	0.16050	0.01034	0.14988	0.04613	0.05617	0.01056	0.01197	0.00795	0.00566	0.00488	0.00163	0.01892	0.00408	0.01888	0.00702
10	0.00791	0.00545	0.00617	0.00621	0.00653	0.00539	0.00374	0.03037	0.00900	0.01186	0.02146	0.12990	0.08428	0.62384	0.02242	0.00444	0.00476	0.00892	0.00367	0.00367
11	0.01076	0.00658	0.00670	0.06234	0.00933	0.03897	0.00511	0.04249	0.01192	0.01966	0.01667	0.03863	0.01336	0.00643	0.00406	0.00133	0.00329	0.00517	0.69191	0.00527
12	0.01234	0.19796	0.56353	0.01373	0.02061	0.04695	0.01676	0.01727	0.01153	0.03932	0.00946	0.01088	0.00702	0.00506	0.00474	0.00157	0.00743	0.00375	0.00243	0.00767
13	0.03341	0.00557	0.00726	0.00819	0.00902	0.00547	0.00630	0.00939	0.01111	0.01503	0.06432	0.34225	0.04685	0.10073	0.00914	0.00258	0.00408	0.30998	0.00478	0.00456
14	0.00724	0.00497	0.00661	0.00737	0.00800	0.00461	0.00508	0.00857	0.01152	0.03589	0.19678	0.61441	0.03831	0.01523	0.00670	0.00206	0.00302	0.01375	0.00524	0.00465
15	0.01224	0.18041	0.57266	0.01399	0.02084	0.07907	0.01697	0.01719	0.01157	0.01583	0.00910	0.01067	0.00683	0.00504	0.00476	0.00157	0.00765	0.00371	0.00231	0.00759
16	0.01371	0.67410	0.16300	0.01028	0.01547	0.01967	0.01109	0.01624	0.01098	0.01341	0.00785	0.00910	0.00687	0.00468	0.00374	0.00125	0.00613	0.00307	0.00229	0.00708
17	0.00732	0.00515	0.00597	0.00630	0.00669	0.00494	0.00395	0.00783	0.00920	0.01197	0.02591	0.21332	0.13922	0.48231	0.01880	0.00391	0.00434	0.03514	0.00397	0.00376
18	0.00966	0.00520	0.00544	0.00546	0.00654	0.00521	0.00393	0.02674	0.01104	0.01860	0.01835	0.08748	0.01618	0.10514	0.00691	0.00182	0.00295	0.00620	0.65233	0.00482
19	0.50729	0.01413	0.12467	0.02976	0.01429	0.03442	0.00907	0.12956	0.05545	0.02385	0.00951	0.01055	0.00713	0.00538	0.00411	0.00166	0.00521	0.00360	0.00356	0.00680
20	0.01091	0.01033	0.01749	0.61126	0.21814	0.01213	0.01529	0.01439	0.01110	0.01465	0.00968	0.01406	0.00749	0.00522	0.00535	0.00174	0.00697	0.00477	0.00245	0.00658
21	0.02117	0.01006	0.01263	0.00991	0.01375	0.00963	0.00810	0.16322	0.06586	0.52090	0.08968	0.01940	0.01617	0.00705	0.00548	0.00166	0.00461	0.00574	0.00626	0.00871
22	0.05930	0.14244	0.57833	0.01440	0.02141	0.01381	0.06563	0.01681	0.01123	0.01677	0.00927	0.01099	0.00684	0.00498	0.00483	0.00162	0.00747	0.00390	0.00236	0.00761
23	0.01001	0.00695	0.00779	0.00732	0.00926	0.02213	0.00557	0.01314	0.09900	0.10988	0.17990	0.09515	0.32996	0.02775	0.00695	0.02298	0.00342	0.03197	0.00527	0.00560
24	0.01134	0.01035	0.01076	0.00884	0.01175	0.08889	0.00678	0.03066	0.03083	0.01603	0.04575	0.05474	0.03944	0.12044	0.00896	0.00183	0.07125	0.02025	0.00348	0.40764
25	0.31441	0.23726	0.01576	0.00920	0.01290	0.03084	0.00797	0.18791	0.03476	0.02214	0.02926	0.01149	0.00878	0.00742	0.04809	0.00190	0.00565	0.00378	0.00360	0.00689
26	0.01388	0.62924	0.17500	0.01057	0.01574	0.05053	0.01131	0.01647	0.01116	0.01350	0.00792	0.00919	0.00687	0.00473	0.00382	0.00127	0.00633	0.00311	0.00231	0.00707

[dist]
# distance from previous block
# <min> <max>
3	6

[block]
# block no. 7 follows, 45 sequences, length 59
# corresponding to MSA columns:
# 326-384
name=unknown_H
#
# <colnr> <probs for GDERKNQSTAVLIFYWHMCP>
#	G	D	E	R	K	N	Q	S	T	A	V	L	I	F	Y	W	H	M	C	P
0	0.05711	0.11858	0.16534	0.07263	0.01757	0.01267	0.01118	0.10554	0.10470	0.25104	0.01478	0.01494	0.01044	0.00604	0.00501	0.00163	0.00568	0.01262	0.00443	0.00808
1	0.04585	0.12448	0.55418	0.01357	0.02040	0.01338	0.01645	0.05448	0.01222	0.08211	0.01041	0.01155	0.00744	0.00523	0.00486	0.00162	0.00712	0.00395	0.00284	0.00788
2	0.22973	0.00665	0.00813	0.00755	0.00872	0.00702	0.03540	0.00997	0.00840	0.01442	0.05475	0.03545	0.01217	0.07593	0.01506	0.45432	0.00459	0.00506	0.00295	0.00372
3	0.01023	0.00781	0.00900	0.00847	0.01032	0.00788	0.00626	0.14382	0.10073	0.01903	0.07800	0.36243	0.09283	0.04698	0.00703	0.00200	0.00382	0.01039	0.00496	0.06801
4	0.01734	0.01234	0.01402	0.01105	0.01474	0.01306	0.02917	0.45662	0.06930	0.08842	0.01525	0.06735	0.01222	0.04687	0.00642	0.00177	0.00528	0.00570	0.03284	0.08024
5	0.00682	0.00507	0.00640	0.00718	0.00800	0.00465	0.00513	0.00818	0.01148	0.01505	0.12672	0.48802	0.19129	0.01524	0.00673	0.00207	0.00312	0.07921	0.00509	0.00454
6	0.01474	0.01126	0.01275	0.00949	0.01401	0.01031	0.00769	0.24000	0.04628	0.06523	0.01170	0.01242	0.00895	0.00500	0.00454	0.00113	0.00460	0.00392	0.00413	0.51188
7	0.00785	0.00542	0.00704	0.00752	0.00837	0.00516	0.00531	0.00961	0.03245	0.05028	0.20079	0.52347	0.07238	0.01446	0.00681	0.00202	0.01803	0.01290	0.00523	0.00489
8	0.07444	0.06768	0.01550	0.01148	0.01534	0.13789	0.05789	0.18520	0.04797	0.27871	0.04448	0.01510	0.01168	0.00623	0.00513	0.00159	0.00594	0.00488	0.00489	0.00798
9	0.01396	0.57809	0.19799	0.01091	0.01612	0.07631	0.01168	0.01668	0.01132	0.01366	0.00802	0.00931	0.00687	0.00478	0.00392	0.00129	0.00653	0.00316	0.00232	0.00708
10	0.00776	0.00568	0.00686	0.00705	0.00844	0.00521	0.00532	0.00991	0.03771	0.04095	0.21491	0.22219	0.29597	0.01343	0.00652	0.00194	0.00314	0.09680	0.00527	0.00495
11	0.01184	0.01122	0.01879	0.38495	0.40625	0.01240	0.01544	0.01568	0.04131	0.01597	0.01030	0.01402	0.00819	0.00515	0.00534	0.00169	0.00665	0.00483	0.00264	0.00733
12	0.01130	0.00856	0.00987	0.04094	0.01204	0.03892	0.00741	0.10125	0.10995	0.05841	0.25366	0.08811	0.06814	0.02602	0.00660	0.00194	0.00425	0.14129	0.00522	0.00612
13	0.00670	0.00493	0.00628	0.00703	0.00775	0.00451	0.00486	0.00798	0.01145	0.01522	0.16632	0.55512	0.15156	0.01528	0.00668	0.00204	0.00295	0.01367	0.00515	0.00451
14	0.01017	0.00781	0.04818	0.02456	0.01065	0.00682	0.00669	0.06148	0.04534	0.08863	0.44649	0.12298	0.07775	0.01054	0.00613	0.00175	0.00346	0.00919	0.00550	0.00589
15	0.01729	0.02371	0.14368	0.04620	0.09230	0.53463	0.01266	0.02010	0.03379	0.01447	0.00910	0.01075	0.00731	0.00543	0.00497	0.00148	0.00883	0.00379	0.00273	0.00678
16	0.01130	0.13415	0.66207	0.01466	0.02207	0.01368	0.03706	0.01688	0.01131	0.01641	0.00937	0.01104	0.00685	0.00502	0.00491	0.00163	0.00766	0.00388	0.00228	0.00777
17	0.00668	0.00541	0.00594	0.00597	0.00755	0.00467	0.00447	0.00829	0.01272	0.01597	0.20398	0.10384	0.55055	0.01330	0.00641	0.00183	0.00276	0.02983	0.00518	0.00464
18	0.01122	0.00843	0.00997	0.00977	0.01184	0.00905	0.00784	0.03723	0.31227	0.05710	0.07577	0.13189	0.03566	0.01119	0.00633	0.00205	0.00426	0.24622	0.00531	0.00660
19	0.01822	0.05289	0.01553	0.01246	0.05423	0.01462	0.00970	0.49086	0.08379	0.09204	0.01458	0.03941	0.01114	0.02121	0.04252	0.00201	0.00597	0.00530	0.00503	0.00849
20	0.00804	0.00574	0.00679	0.00678	0.00828	0.00516	0.00505	0.02842	0.01298	0.05574	0.21413	0.22006	0.34703	0.01323	0.00643	0.00188	0.00303	0.04096	0.00529	0.00499
21	0.01110	0.01019	0.01631	0.62641	0.03235	0.01260	0.03438	0.06788	0.01161	0.01533	0.00976	0.01409	0.00746	0.00583	0.00654	0.00182	0.08402	0.00482	0.02130	0.00620
22	0.02052	0.01314	0.06854	0.01126	0.01562	0.01239	0.00975	0.32887	0.09670	0.34037	0.01700	0.01574	0.01143	0.00652	0.00537	0.00166	0.00533	0.00513	0.00569	0.00898
23	0.01343	0.01369	0.04209	0.06248	0.68827	0.05244	0.01619	0.01663	0.01229	0.01714	0.00997	0.01309	0.00832	0.00485	0.00529	0.00159	0.00662	0.00469	0.00264	0.00827
24	0.03315	0.01406	0.03662	0.10941	0.40569	0.13866	0.01386	0.01711	0.01254	0.06639	0.01162	0.01634	0.00987	0.00598	0.00576	0.00168	0.03317	0.05755	0.00307	0.00747
25	0.01014	0.00591	0.00746	0.00737	0.00894	0.00530	0.00547	0.01160	0.01220	0.16308	0.10159	0.31944	0.22123	0.03868	0.01963	0.00215	0.00357	0.04555	0.00530	0.00539
26	0.00692	0.00523	0.00759	0.00820	0.00884	0.00488	0.04351	0.00815	0.01072	0.01439	0.07753	0.71693	0.03510	0.01581	0.00679	0.00213	0.00338	0.01444	0.00493	0.00455
27	0.01292	0.01319	0.01918	0.01554	0.01698	0.05626	0.14980	0.06316	0.01053	0.01509	0.00820	0.01222	0.00738	0.00810	0.01406	0.00215	0.56132	0.00494	0.00264	0.00636
28	0.00979	0.00974	0.08997	0.01179	0.07966	0.00836	0.02922	0.09335	0.01250	0.01703	0.05274	0.34134	0.06243	0.05277	0.00793	0.00215	0.04420	0.06493	0.00429	0.00580
29	0.00724	0.00547	0.00668	0.00638	0.00780	0.00491	0.00478	0.00944	0.01435	0.01952	0.56884	0.04341	0.25810	0.01172	0.00633	0.00172	0.00259	0.01017	0.00564	0.00491
30	0.01135	0.00967	0.01125	0.00805	0.01281	0.00738	0.00645	0.03082	0.01146	0.01787	0.00962	0.01117	0.00798	0.00403	0.00401	0.00081	0.00402	0.00322	0.00323	0.82481
31	0.00932	0.00666	0.00834	0.00798	0.00963	0.00644	0.00619	0.06052	0.05183	0.04304	0.39150	0.15372	0.06111	0.01161	0.00634	0.00185	0.00340	0.11654	0.00546	0.03853
32	0.05689	0.55020	0.17554	0.01060	0.01566	0.06932	0.01117	0.01679	0.01127	0.02897	0.00821	0.00941	0.00694	0.00481	0.00390	0.00131	0.00633	0.00318	0.00246	0.00704
33	0.01052	0.00946	0.01026	0.10007	0.02634	0.06253	0.00768	0.02885	0.25049	0.01747	0.08902	0.06873	0.20343	0.04251	0.04680	0.00227	0.00500	0.00780	0.00455	0.00620
34	0.00692	0.00510	0.00678	0.00769	0.00802	0.00506	0.00524	0.00790	0.01028	0.01387	0.06377	0.68971	0.03394	0.05758	0.00844	0.00232	0.04408	0.01406	0.00480	0.00441
35	0.01043	0.00887	0.04868	0.00856	0.01092	0.00825	0.00703	0.11162	0.13540	0.03377	0.36371	0.06496	0.13072	0.01009	0.00603	0.00175	0.00366	0.02389	0.00541	0.00625
36	0.01125	0.01058	0.01699	0.58813	0.18608	0.02939	0.01476	0.03262	0.01150	0.01511	0.00989	0.01409	0.00762	0.00530	0.00531	0.00172	0.00692	0.00475	0.02143	0.00654
37	0.00727	0.00526	0.00679	0.00773	0.00829	0.00508	0.00534	0.02426	0.03717	0.01473	0.05778	0.66547	0.03403	0.04666	0.00757	0.00227	0.00336	0.05136	0.00498	0.00462
38	0.00657	0.00478	0.00620	0.00724	0.00775	0.00441	0.00490	0.00762	0.01070	0.01415	0.06753	0.69863	0.10729	0.01623	0.00678	0.00212	0.00305	0.01462	0.00503	0.00441
39	0.01448	0.06240	0.01788	0.22939	0.13510	0.16536	0.03705	0.12115	0.01363	0.01697	0.01013	0.01295	0.01956	0.00606	0.00685	0.00169	0.11491	0.00456	0.00296	0.00690
40	0.00778	0.00582	0.00715	0.00692	0.00819	0.00554	0.00507	0.01076	0.06804	0.01928	0.51422	0.11706	0.12684	0.06409	0.00770	0.00199	0.00291	0.01006	0.00550	0.00506
41	0.00651	0.00478	0.00612	0.00718	0.00771	0.00438	0.00485	0.00751	0.01056	0.01382	0.03313	0.69989	0.14118	0.01636	0.00678	0.00213	0.00306	0.01470	0.00498	0.00438
42	0.01446	0.79888	0.02787	0.00928	0.01383	0.03653	0.00921	0.01618	0.01099	0.01264	0.00748	0.00863	0.00689	0.00461	0.00347	0.00115	0.00582	0.00288	0.00231	0.00688
43	0.01129	0.01128	0.01753	0.30751	0.02385	0.02696	0.08045	0.01368	0.00968	0.01360	0.00848	0.01309	0.00730	0.00796	0.02612	0.00219	0.40571	0.00487	0.00241	0.00602
44	0.01228	0.01358	0.02756	0.02029	0.02438	0.01391	0.57232	0.01596	0.01163	0.01615	0.01062	0.03875	0.00876	0.00597	0.00881	0.00194	0.18128	0.00626	0.00271	0.00685
45	0.00649	0.00544	0.00564	0.00559	0.00734	0.00459	0.00419	0.00799	0.01258	0.01532	0.13855	0.05031	0.69100	0.01329	0.00634	0.00180	0.00270	0.01114	0.00509	0.00459
46	0.01140	0.01161	0.01934	0.17915	0.02171	0.01437	0.17807	0.01381	0.00982	0.01407	0.00933	0.04512	0.00847	0.00777	0.01212	0.00211	0.42755	0.00550	0.00254	0.00613
47	0.03017	0.00875	0.01274	0.43309	0.02418	0.01061	0.01092	0.05149	0.01134	0.01672	0.01172	0.01550	0.00912	0.00607	0.00606	0.00168	0.08416	0.00479	0.24505	0.00583
48	0.11675	0.01032	0.01259	0.00976	0.01385	0.00991	0.00806	0.15474	0.01641	0.56370	0.01816	0.01624	0.01171	0.00642	0.00516	0.00165	0.00476	0.00502	0.00604	0.00876
49	0.01138	0.02063	0.41344	0.01738	0.02329	0.01304	0.26856	0.01627	0.01139	0.01648	0.01041	0.03890	0.00824	0.00580	0.00704	0.00183	0.10085	0.00523	0.00252	0.00734
50	0.75217	0.00972	0.00770	0.00711	0.01008	0.01116	0.00572	0.01482	0.00927	0.02289	0.01002	0.10080	0.00923	0.00635	0.00373	0.00172	0.00403	0.00433	0.00351	0.00565
51	0.00743	0.00574	0.00826	0.08882	0.06117	0.00573	0.00667	0.00879	0.01051	0.01407	0.04915	0.62121	0.03072	0.04598	0.00739	0.00221	0.00380	0.01305	0.00453	0.00477
52	0.01898	0.05620	0.10635	0.01254	0.01727	0.01639	0.01128	0.63627	0.02290	0.03081	0.01224	0.01249	0.00875	0.00619	0.00524	0.00160	0.00614	0.00463	0.00485	0.00888
53	0.00655	0.00545	0.00572	0.00565	0.00738	0.00462	0.00424	0.00810	0.01272	0.01566	0.17282	0.04976	0.65653	0.01316	0.00634	0.00179	0.00269	0.01106	0.00514	0.00462
54	0.01478	0.49503	0.10447	0.01081	0.01518	0.16105	0.01041	0.02990	0.05060	0.01404	0.00898	0.01030	0.00769	0.00656	0.03863	0.00162	0.00701	0.00342	0.00262	0.00690
55	0.10132	0.17909	0.39207	0.01288	0.01877	0.01403	0.06311	0.06967	0.01237	0.01842	0.06248	0.01283	0.01002	0.00545	0.00477	0.00159	0.00665	0.00425	0.00289	0.00734
56	0.06890	0.05623	0.10739	0.03166	0.11164	0.17509	0.02756	0.08857	0.01335	0.01864	0.01160	0.01368	0.00918	0.00675	0.03206	0.00172	0.00645	0.00431	0.20853	0.00668
57	0.03286	0.23133	0.44546	0.01319	0.01916	0.01540	0.01532	0.06359	0.01176	0.01671	0.00897	0.01069	0.00697	0.00545	0.00582	0.00161	0.08191	0.00378	0.00251	0.00749
58	0.01656	0.20198	0.01900	0.01281	0.01570	0.30445	0.03835	0.12043	0.01400	0.01601	0.00901	0.02638	0.00786	0.00641	0.00727	0.00159	0.16839	0.00411	0.00298	0.00671

[dist]
# distance from previous block
# <min> <max>
1	6

[block]
# block no. 8 follows, 45 sequences, length 31
# corresponding to MSA columns:
# 391-421
name=unknown_I
#
# <colnr> <probs for GDERKNQSTAVLIFYWHMCP>
#	G	D	E	R	K	N	Q	S	T	A	V	L	I	F	Y	W	H	M	C	P
0	0.00859	0.04133	0.12685	0.00801	0.01023	0.00684	0.00714	0.01095	0.01242	0.03469	0.34932	0.09706	0.09236	0.15929	0.00995	0.00237	0.00410	0.00869	0.00458	0.00523
1	0.01477	0.01393	0.11990	0.01119	0.01514	0.02983	0.02157	0.32419	0.03240	0.04266	0.07325	0.09492	0.01483	0.00740	0.00569	0.00160	0.02844	0.00597	0.03401	0.10832
2	0.01337	0.00985	0.01110	0.00968	0.01230	0.01032	0.00758	0.31444	0.07246	0.04021	0.05266	0.24456	0.08545	0.01052	0.00595	0.00181	0.00443	0.04371	0.00517	0.04443
3	0.00708	0.00542	0.00649	0.00632	0.00773	0.00483	0.00470	0.00910	0.01384	0.01852	0.47034	0.08845	0.31320	0.01226	0.00637	0.00176	0.00263	0.01062	0.00552	0.00483
4	0.00841	0.00637	0.00741	0.00773	0.00838	0.02746	0.00550	0.03267	0.01040	0.01354	0.02433	0.24056	0.07761	0.32072	0.01506	0.00334	0.03214	0.14989	0.00417	0.00431
5	0.08420	0.00808	0.00851	0.00759	0.00964	0.00871	0.00594	0.16292	0.05519	0.02261	0.08405	0.07127	0.03889	0.00765	0.00507	0.00154	0.02849	0.00610	0.37750	0.00607
6	0.07765	0.00936	0.01225	0.00946	0.01356	0.00838	0.00781	0.04355	0.01520	0.71392	0.02008	0.01752	0.01270	0.00653	0.00526	0.00166	0.00457	0.00522	0.00640	0.00892
7	0.00654	0.00467	0.00623	0.00747	0.00779	0.00436	0.00498	0.00747	0.01028	0.01370	0.02959	0.80785	0.03550	0.01682	0.00685	0.00218	0.00311	0.01526	0.00498	0.00436
8	0.01093	0.06305	0.74966	0.01503	0.02281	0.01286	0.01936	0.01696	0.01131	0.01680	0.00954	0.01121	0.00680	0.00508	0.00503	0.00168	0.00783	0.00392	0.00227	0.00789
9	0.02074	0.01371	0.01514	0.01164	0.01582	0.01477	0.00961	0.60968	0.02310	0.16388	0.01447	0.01404	0.00999	0.00647	0.00533	0.00161	0.00557	0.00494	0.03048	0.00901
10	0.00782	0.00646	0.00690	0.00658	0.00850	0.00607	0.00499	0.02606	0.11486	0.01738	0.19449	0.04429	0.51192	0.01207	0.00620	0.00178	0.00295	0.01016	0.00524	0.00526
11	0.01173	0.01193	0.01852	0.01521	0.01610	0.01560	0.12876	0.01346	0.00894	0.01357	0.00794	0.01255	0.00747	0.00987	0.04684	0.00252	0.64552	0.00500	0.00243	0.00604
12	0.02105	0.00849	0.01135	0.00892	0.01262	0.00734	0.00729	0.02308	0.01503	0.64685	0.08009	0.02331	0.09434	0.00768	0.00556	0.00168	0.00423	0.00632	0.00642	0.00836
13	0.02087	0.01042	0.01285	0.01008	0.01392	0.01018	0.00824	0.20668	0.07076	0.47170	0.08975	0.01910	0.01597	0.00704	0.00548	0.00166	0.00469	0.00571	0.00618	0.00871
14	0.00658	0.00470	0.00626	0.00745	0.00779	0.00438	0.00499	0.00756	0.01044	0.01397	0.05496	0.78172	0.03602	0.01662	0.00683	0.00216	0.00309	0.01507	0.00501	0.00438
15	0.06011	0.00877	0.01142	0.00931	0.01283	0.00802	0.00758	0.02321	0.06350	0.57758	0.04515	0.07562	0.01680	0.00789	0.00554	0.00175	0.00438	0.04612	0.00618	0.00825
16	0.00681	0.00546	0.00608	0.00592	0.00753	0.00473	0.00444	0.00860	0.01333	0.01709	0.32005	0.04740	0.50840	0.01263	0.00634	0.00177	0.00265	0.01073	0.00533	0.00473
17	0.00848	0.00606	0.00846	0.00969	0.01086	0.00603	0.00836	0.01083	0.01219	0.01588	0.02851	0.11993	0.03126	0.01499	0.00737	0.00245	0.00480	0.68401	0.00495	0.00490
18	0.04725	0.01071	0.01256	0.01029	0.01400	0.01104	0.00829	0.10297	0.30634	0.38588	0.02011	0.01807	0.01380	0.00681	0.00535	0.00172	0.00457	0.00551	0.00594	0.00878
19	0.06716	0.01283	0.01440	0.01249	0.01374	0.13627	0.03325	0.05443	0.01077	0.01515	0.03796	0.01432	0.00995	0.02870	0.13123	0.00308	0.39061	0.00485	0.00289	0.00590
20	0.01500	0.09008	0.01876	0.06799	0.03349	0.20033	0.12613	0.10101	0.04297	0.01709	0.00978	0.01196	0.00793	0.00576	0.00673	0.00156	0.11737	0.00436	0.00308	0.11862
21	0.14062	0.41707	0.04821	0.01228	0.05676	0.10909	0.07489	0.04479	0.01188	0.01603	0.00827	0.00982	0.00701	0.00493	0.00431	0.00139	0.01960	0.00349	0.00268	0.00687
22	0.00848	0.00610	0.00844	0.00962	0.01085	0.00605	0.00834	0.01086	0.01228	0.01592	0.02950	0.08606	0.06094	0.01485	0.00735	0.00243	0.00479	0.68728	0.00495	0.00491
23	0.01202	0.00968	0.01191	0.00855	0.01330	0.00742	0.03169	0.01446	0.01146	0.06717	0.01034	0.01171	0.00830	0.00417	0.00415	0.00089	0.00418	0.00343	0.00339	0.76179
24	0.01329	0.01275	0.02179	0.03295	0.77787	0.01275	0.01647	0.01647	0.01222	0.01754	0.01010	0.01329	0.00850	0.00478	0.00531	0.00159	0.00638	0.00478	0.00266	0.00850
25	0.01251	0.01409	0.03021	0.02228	0.05077	0.01343	0.69028	0.01678	0.01244	0.01697	0.01116	0.03361	0.00878	0.00500	0.00671	0.00183	0.03678	0.00644	0.00276	0.00716
26	0.00650	0.00481	0.00608	0.00710	0.00769	0.00439	0.00482	0.00752	0.01064	0.01385	0.03413	0.66936	0.17106	0.01623	0.00676	0.00211	0.00304	0.01454	0.00498	0.00439
27	0.00767	0.00575	0.00863	0.00863	0.00959	0.00671	0.00671	0.00959	0.00863	0.01246	0.01438	0.02109	0.01342	0.04026	0.79008	0.00863	0.01438	0.00575	0.00288	0.00479
28	0.01331	0.01291	0.02020	0.15391	0.57288	0.05040	0.01557	0.04240	0.01247	0.01715	0.00993	0.01322	0.00819	0.00511	0.00566	0.00164	0.02972	0.00472	0.00271	0.00793
29	0.01077	0.02777	0.78354	0.01530	0.02323	0.01247	0.01983	0.01700	0.01133	0.01700	0.00963	0.01133	0.00680	0.00510	0.00510	0.00170	0.00793	0.00397	0.00227	0.00793
30	0.01084	0.02730	0.75987	0.01585	0.04668	0.01248	0.01973	0.01698	0.01136	0.01702	0.00965	0.01139	0.00685	0.00509	0.00511	0.00170	0.00788	0.00399	0.00228	0.00795

[dist]
# distance from previous block
# <min> <max>
0	1

[block]
# block no. 9 follows, 45 sequences, length 15
# corresponding to MSA columns:
# 423-437
name=unknown_J
#
# <colnr> <probs for GDERKNQSTAVLIFYWHMCP>
#	G	D	E	R	K	N	Q	S	T	A	V	L	I	F	Y	W	H	M	C	P
0	0.00783	0.00720	0.00673	0.00673	0.00838	0.07506	0.00503	0.00933	0.01266	0.01520	0.13292	0.12475	0.51517	0.01294	0.00630	0.00182	0.00345	0.03886	0.00489	0.00475
1	0.00634	0.00544	0.00544	0.00544	0.00725	0.00453	0.00408	0.00770	0.01224	0.01450	0.05438	0.05166	0.77569	0.01359	0.00634	0.00181	0.00272	0.01133	0.00498	0.00453
2	0.01131	0.14774	0.66835	0.01437	0.02179	0.01380	0.01821	0.01686	0.01127	0.01633	0.00930	0.01092	0.00681	0.00502	0.00485	0.00162	0.00760	0.00380	0.00227	0.00777
3	0.01026	0.00971	0.01613	0.73795	0.03521	0.01227	0.01466	0.01365	0.01054	0.01365	0.00935	0.01411	0.00715	0.00568	0.00631	0.00183	0.06843	0.00476	0.00238	0.00596
4	0.00643	0.00539	0.00559	0.00565	0.00733	0.00455	0.00419	0.00782	0.01227	0.01484	0.09254	0.10100	0.68672	0.01366	0.00638	0.00183	0.00273	0.01150	0.00504	0.00455
5	0.00692	0.00524	0.00639	0.00704	0.00797	0.00483	0.00502	0.00853	0.02921	0.01491	0.10372	0.43531	0.24272	0.03754	0.00725	0.00213	0.00316	0.06250	0.00503	0.00458
6	0.01223	0.35008	0.47409	0.01279	0.01936	0.01606	0.01547	0.01662	0.01116	0.01521	0.00874	0.01022	0.00684	0.00489	0.00442	0.00147	0.00703	0.00352	0.00228	0.00751
7	0.00779	0.00522	0.00594	0.00592	0.00600	0.00519	0.00338	0.00796	0.00831	0.01116	0.06833	0.03546	0.02163	0.75706	0.02590	0.00497	0.00502	0.00794	0.00343	0.00338
8	0.01876	0.01372	0.01484	0.01176	0.01565	0.01514	0.00957	0.58092	0.13410	0.06172	0.01546	0.05704	0.01180	0.00714	0.00546	0.00167	0.00546	0.00560	0.00541	0.00878
9	0.01041	0.00982	0.01660	0.73182	0.10146	0.01200	0.01504	0.01396	0.01086	0.01405	0.00959	0.01422	0.00727	0.00532	0.00536	0.00177	0.00709	0.00477	0.00241	0.00618
10	0.01085	0.01047	0.01439	0.13866	0.01658	0.03996	0.01083	0.01246	0.00890	0.01281	0.00932	0.01514	0.00891	0.06659	0.14023	0.00343	0.46736	0.00504	0.00251	0.00555
11	0.01261	0.01431	0.03071	0.02208	0.02717	0.01376	0.71116	0.01692	0.01239	0.01692	0.01062	0.01431	0.00808	0.00483	0.00705	0.00184	0.05916	0.00623	0.00269	0.00715
12	0.00685	0.00550	0.00617	0.00634	0.00792	0.00482	0.00489	0.00852	0.01259	0.01573	0.15785	0.09078	0.52759	0.01354	0.00651	0.00190	0.00301	0.10971	0.00512	0.00466
13	0.00893	0.00647	0.00839	0.00902	0.01051	0.00642	0.00757	0.01223	0.07418	0.03531	0.09559	0.08396	0.12689	0.01361	0.00695	0.00223	0.00431	0.47704	0.00512	0.00527
14	0.03419	0.44010	0.13450	0.01112	0.01532	0.07007	0.01103	0.01689	0.01117	0.07501	0.00887	0.01033	0.00739	0.00564	0.00610	0.00148	0.12754	0.00355	0.00270	0.00700

[dist]
# distance from previous block
# <min> <max>
0	1

[block]
# block no. 10 follows, 45 sequences, length 8
# corresponding to MSA columns:
# 439-446
name=unknown_K
#
# <colnr> <probs for GDERKNQSTAVLIFYWHMCP>
#	G	D	E	R	K	N	Q	S	T	A	V	L	I	F	Y	W	H	M	C	P
0	0.00911	0.00648	0.00757	0.00708	0.00874	0.00638	0.00545	0.05782	0.07226	0.02089	0.41132	0.03601	0.13771	0.01015	0.00582	0.00167	0.00300	0.04124	0.14581	0.00549
