[name]
unknown

[dist]
# distance from previous block
# <min> <max>
5	164

[block]
# block no. 0 follows, 53 sequences, length 9
# corresponding to MSA columns:
# 191-199
name=unknown_A
#
# <colnr> <probs for GDERKNQSTAVLIFYWHMCP>
#	G	D	E	R	K	N	Q	S	T	A	V	L	I	F	Y	W	H	M	C	P
0	0.00775	0.00605	0.00664	0.00617	0.00788	0.00571	0.00470	0.12222	0.01300	0.01672	0.20120	0.11077	0.45164	0.01093	0.00556	0.00159	0.00284	0.00925	0.00466	0.00473
1	0.01318	0.01101	0.01582	0.01958	0.39962	0.03879	0.04036	0.18951	0.01354	0.06779	0.01270	0.13243	0.01145	0.00629	0.00497	0.00150	0.00525	0.00569	0.00345	0.00708
2	0.13698	0.00903	0.01128	0.02512	0.10418	0.00862	0.03622	0.09947	0.02456	0.03522	0.01144	0.11304	0.01042	0.00658	0.02941	0.00144	0.00443	0.00476	0.00328	0.32451
3	0.01142	0.01093	0.01865	0.14599	0.68878	0.01125	0.01446	0.01431	0.01069	0.01511	0.00892	0.01196	0.00739	0.00434	0.00474	0.00145	0.00578	0.00426	0.00233	0.00724
4	0.01127	0.00969	0.01454	0.22869	0.09786	0.03133	0.10316	0.08580	0.01122	0.06458	0.01140	0.08958	0.01004	0.04243	0.00643	0.00164	0.06013	0.00524	0.00302	0.11197
5	0.07548	0.16163	0.01528	0.01135	0.03968	0.44028	0.00881	0.12200	0.01363	0.05795	0.00844	0.00930	0.00671	0.00489	0.00410	0.00126	0.00687	0.00325	0.00292	0.00618
6	0.00660	0.00745	0.12397	0.00762	0.00917	0.00509	0.00642	0.00825	0.00953	0.01306	0.04982	0.61717	0.05111	0.01262	0.00572	0.00179	0.00341	0.01131	0.00403	0.04586
7	0.06544	0.01448	0.17650	0.05948	0.15396	0.03757	0.27829	0.04190	0.03552	0.05422	0.00973	0.01189	0.00731	0.00461	0.00519	0.00154	0.02848	0.00451	0.00267	0.00673
8	0.01029	0.00711	0.00844	0.05266	0.01042	0.00709	0.00591	0.17307	0.01405	0.09075	0.25017	0.07834	0.23025	0.03258	0.00590	0.00164	0.00343	0.00777	0.00471	0.00544

[dist]
# distance from previous block
# <min> <max>
0	5

[block]
# block no. 1 follows, 53 sequences, length 10
# corresponding to MSA columns:
# 205-214
name=unknown_B
#
# <colnr> <probs for GDERKNQSTAVLIFYWHMCP>
#	G	D	E	R	K	N	Q	S	T	A	V	L	I	F	Y	W	H	M	C	P
0	0.07014	0.06642	0.01426	0.03562	0.01451	0.19733	0.05861	0.12077	0.24070	0.01740	0.01140	0.01219	0.00890	0.00576	0.00584	0.00151	0.10452	0.00419	0.00342	0.00650
1	0.06501	0.06389	0.07819	0.30389	0.01881	0.00918	0.02392	0.01115	0.00927	0.01321	0.01289	0.20409	0.01277	0.00935	0.06156	0.00202	0.03593	0.00621	0.02601	0.03266
2	0.11396	0.00529	0.00609	0.00664	0.00750	0.00529	0.00464	0.04416	0.00968	0.01413	0.02418	0.60739	0.07617	0.04387	0.00630	0.00194	0.00305	0.01130	0.00421	0.00422
3	0.01143	0.06475	0.01665	0.07345	0.41591	0.01139	0.01162	0.06316	0.01110	0.01577	0.05534	0.01262	0.00944	0.00508	0.00578	0.00140	0.09815	0.00423	0.00268	0.11004
4	0.27316	0.30964	0.05550	0.01059	0.06506	0.07677	0.06017	0.07293	0.01069	0.01656	0.00752	0.00880	0.00616	0.00441	0.00361	0.00130	0.00529	0.00310	0.00261	0.00611
5	0.01174	0.16560	0.01333	0.06155	0.02386	0.11700	0.00774	0.08490	0.19367	0.01532	0.01619	0.10340	0.07522	0.04165	0.01712	0.00170	0.03493	0.00564	0.00350	0.00593
6	0.01118	0.37456	0.01735	0.00911	0.01147	0.02809	0.03542	0.04163	0.00973	0.01305	0.01013	0.09412	0.00978	0.00724	0.02829	0.00158	0.18131	0.00452	0.10591	0.00553
7	0.00605	0.00432	0.00581	0.00691	0.00729	0.00408	0.00483	0.00705	0.00937	0.01246	0.02622	0.73528	0.03112	0.01476	0.00616	0.00197	0.00297	0.10497	0.00443	0.00394
8	0.00674	0.00465	0.00544	0.00546	0.00580	0.00451	0.00337	0.00731	0.00861	0.01160	0.16526	0.10063	0.07198	0.55803	0.01813	0.00363	0.00389	0.00802	0.00357	0.00335
9	0.01119	0.01020	0.01354	0.01132	0.01424	0.01117	0.15305	0.02172	0.57194	0.01840	0.01908	0.06589	0.04283	0.00673	0.00511	0.00164	0.00448	0.00610	0.00436	0.00701

[dist]
# distance from previous block
# <min> <max>
0	24

[block]
# block no. 2 follows, 53 sequences, length 56
# corresponding to MSA columns:
# 239-253,255-295
name=unknown_C
#
# <colnr> <probs for GDERKNQSTAVLIFYWHMCP>
#	G	D	E	R	K	N	Q	S	T	A	V	L	I	F	Y	W	H	M	C	P
0	0.00653	0.00488	0.00606	0.00576	0.00699	0.00441	0.00432	0.00856	0.01297	0.01783	0.63959	0.03790	0.20603	0.01027	0.00564	0.00153	0.00229	0.00895	0.00509	0.00441
1	0.01062	0.04359	0.09071	0.01198	0.01644	0.00960	0.24230	0.02766	0.05675	0.01569	0.00970	0.02272	0.00779	0.00425	0.00458	0.00117	0.01858	0.00408	0.00276	0.39903
2	0.12999	0.18338	0.06184	0.01070	0.01388	0.46779	0.00897	0.04724	0.01220	0.01384	0.00737	0.00851	0.00609	0.00470	0.00391	0.00125	0.00703	0.00298	0.00251	0.00580
3	0.00709	0.00469	0.00547	0.00540	0.00583	0.00465	0.00343	0.00788	0.00867	0.01226	0.16285	0.03034	0.04252	0.52211	0.06051	0.00374	0.00430	0.00698	0.09779	0.00347
4	0.00629	0.00435	0.00541	0.00606	0.00623	0.00419	0.00381	0.00678	0.00825	0.01100	0.02172	0.50210	0.02578	0.34974	0.01357	0.00304	0.00354	0.01087	0.00381	0.00348
5	0.01427	0.01132	0.01205	0.01015	0.01326	0.01283	0.00809	0.29189	0.50898	0.03813	0.01665	0.01558	0.01228	0.00621	0.00483	0.00155	0.00431	0.00501	0.00485	0.00777
6	0.01463	0.01122	0.04533	0.01035	0.01398	0.01092	0.08427	0.35356	0.06193	0.10681	0.05238	0.01511	0.03876	0.00576	0.00471	0.00138	0.00476	0.00479	0.06075	0.09860
7	0.03461	0.07968	0.04821	0.01068	0.08686	0.05230	0.00820	0.05532	0.02800	0.40462	0.05870	0.01518	0.01188	0.02223	0.01909	0.00156	0.00476	0.00452	0.00445	0.04914
8	0.00959	0.02472	0.80726	0.01362	0.02069	0.01110	0.01766	0.01514	0.01009	0.01514	0.00858	0.01009	0.00605	0.00454	0.00454	0.00151	0.00706	0.00353	0.00202	0.00706
9	0.01810	0.01041	0.01194	0.00929	0.01272	0.01078	0.00763	0.42182	0.01782	0.29679	0.01456	0.01396	0.00994	0.00578	0.00460	0.00141	0.00445	0.00450	0.11586	0.00765
10	0.01243	0.04456	0.08906	0.07675	0.45907	0.02199	0.06041	0.07985	0.01169	0.05134	0.00939	0.01171	0.00745	0.00467	0.00515	0.00146	0.03893	0.00422	0.00266	0.00720
11	0.06393	0.00857	0.01124	0.05796	0.04825	0.00819	0.00758	0.07004	0.04677	0.55115	0.01651	0.01526	0.01087	0.00569	0.00462	0.00146	0.00421	0.00460	0.05557	0.00754
12	0.00687	0.00465	0.00519	0.00519	0.00529	0.00460	0.00294	0.00695	0.00718	0.00948	0.01703	0.03215	0.06358	0.78364	0.02323	0.00446	0.00450	0.00714	0.00299	0.00296
13	0.00629	0.00487	0.00574	0.00552	0.00685	0.00431	0.00414	0.00811	0.01242	0.01653	0.48296	0.04004	0.36347	0.01076	0.00564	0.00155	0.00232	0.00925	0.00491	0.00431
14	0.01193	0.13496	0.18035	0.07565	0.33136	0.01226	0.04049	0.03003	0.06649	0.05725	0.00986	0.01162	0.00769	0.00459	0.00450	0.00142	0.00578	0.00402	0.00264	0.00710
15	0.01414	0.00711	0.00868	0.00734	0.00980	0.02637	0.00581	0.01666	0.05897	0.37836	0.15435	0.02366	0.11524	0.02098	0.05289	0.00188	0.00401	0.00612	0.08133	0.00628
16	0.02102	0.00812	0.01101	0.00849	0.01213	0.00708	0.00700	0.02311	0.02889	0.77770	0.03128	0.01661	0.01241	0.00599	0.00482	0.00148	0.00403	0.00488	0.00588	0.00807
17	0.00966	0.06763	0.73679	0.01306	0.01975	0.01129	0.01668	0.01488	0.01019	0.01507	0.03649	0.01087	0.00744	0.00470	0.00450	0.00149	0.00679	0.00366	0.00213	0.00692
18	0.04221	0.01204	0.01345	0.05080	0.04542	0.03210	0.00891	0.51791	0.05029	0.13325	0.01278	0.03737	0.00937	0.00591	0.00476	0.00147	0.00507	0.00462	0.00460	0.00767
19	0.00752	0.00541	0.00695	0.08314	0.01004	0.00521	0.00564	0.00932	0.02716	0.06356	0.09924	0.25249	0.27354	0.02466	0.00604	0.00180	0.00329	0.10611	0.00437	0.00452
20	0.78902	0.00900	0.00729	0.03916	0.01010	0.01041	0.00547	0.01373	0.00846	0.02096	0.04565	0.00934	0.00718	0.00471	0.00316	0.00148	0.00373	0.00295	0.00304	0.00515
21	0.00682	0.00458	0.00525	0.00538	0.00541	0.00455	0.00307	0.00692	0.00720	0.00960	0.01633	0.12128	0.01898	0.73983	0.02227	0.00433	0.00442	0.00770	0.00307	0.00301
22	0.01075	0.00978	0.07653	0.01041	0.01332	0.00882	0.13112	0.03693	0.22993	0.08896	0.21690	0.05852	0.03461	0.00750	0.00530	0.00161	0.00437	0.04399	0.00439	0.00626
23	0.01046	0.01046	0.01464	0.01255	0.01255	0.01464	0.01046	0.01150	0.00732	0.01150	0.00627	0.01046	0.00627	0.00837	0.01569	0.00209	0.82328	0.00418	0.00209	0.00523
24	0.01156	0.01282	0.02706	0.01944	0.02404	0.01231	0.72023	0.04950	0.01163	0.01582	0.00962	0.01274	0.00725	0.00427	0.00599	0.00162	0.03959	0.00552	0.00251	0.00647
25	0.76495	0.00960	0.00774	0.00679	0.00980	0.01108	0.00557	0.07178	0.04418	0.02202	0.00758	0.00849	0.00581	0.00462	0.00318	0.00148	0.00382	0.00284	0.00318	0.00550
26	0.01817	0.01339	0.01434	0.01100	0.01482	0.01482	0.00908	0.78627	0.02247	0.03012	0.01148	0.01148	0.00813	0.00574	0.00478	0.00143	0.00526	0.00430	0.00478	0.00813
27	0.05315	0.00583	0.00846	0.26864	0.01542	0.00642	0.00732	0.00884	0.00923	0.01270	0.01954	0.52196	0.02206	0.01112	0.00551	0.00180	0.00398	0.00999	0.00361	0.00441
28	0.86579	0.00924	0.00702	0.00629	0.00924	0.01072	0.00518	0.01405	0.00813	0.02144	0.00666	0.00776	0.00518	0.00444	0.00296	0.00148	0.00370	0.00259	0.00296	0.00518
29	0.01048	0.00848	0.00997	0.00715	0.01137	0.00640	0.00573	0.01259	0.01010	0.05434	0.00900	0.01022	0.00731	0.00366	0.00360	0.00075	0.00357	0.00293	0.00298	0.81938
30	0.01596	0.00882	0.01135	0.01081	0.09032	0.00878	0.00773	0.05083	0.23267	0.38871	0.01858	0.10537	0.01421	0.00690	0.00496	0.00156	0.00405	0.00587	0.00506	0.00745
31	0.00958	0.00855	0.01400	0.09397	0.41329	0.00900	0.01076	0.01183	0.00941	0.01331	0.01069	0.01593	0.00975	0.09607	0.24929	0.00363	0.00778	0.00478	0.00245	0.00590
32	0.86579	0.00924	0.00702	0.00629	0.00924	0.01072	0.00518	0.01405	0.00813	0.02144	0.00666	0.00776	0.00518	0.00444	0.00296	0.00148	0.00370	0.00259	0.00296	0.00518
33	0.00963	0.02443	0.78764	0.01379	0.02079	0.01113	0.03699	0.01514	0.01012	0.01514	0.00860	0.01016	0.00608	0.00453	0.00457	0.00152	0.00709	0.00358	0.00203	0.00705
34	0.02144	0.00813	0.01109	0.00850	0.01220	0.00702	0.00702	0.02329	0.01368	0.80552	0.01886	0.01627	0.01183	0.00592	0.00481	0.00148	0.00407	0.00481	0.00592	0.00813
35	0.00687	0.00495	0.00680	0.00680	0.00734	0.00549	0.00487	0.00797	0.00742	0.01044	0.01361	0.02326	0.01390	0.32166	0.52993	0.00659	0.00987	0.00578	0.00268	0.00378
36	0.00903	0.00850	0.01434	0.82054	0.03292	0.01062	0.01327	0.01221	0.00956	0.01221	0.00850	0.01274	0.00637	0.00478	0.00478	0.00159	0.00637	0.00425	0.00212	0.00531
37	0.01278	0.83490	0.02505	0.00818	0.01227	0.01891	0.00818	0.01431	0.00971	0.01125	0.00664	0.00767	0.00613	0.00409	0.00307	0.00102	0.00511	0.00256	0.00204	0.00613
38	0.01785	0.02278	0.01354	0.01231	0.01478	0.81284	0.00924	0.01909	0.01354	0.01170	0.00739	0.00862	0.00616	0.00493	0.00431	0.00123	0.00862	0.00308	0.00246	0.00554
39	0.07708	0.66059	0.06493	0.00869	0.01251	0.01752	0.00865	0.01410	0.00941	0.01225	0.00672	0.00804	0.00607	0.00449	0.00418	0.00117	0.07269	0.00275	0.00212	0.00604
40	0.00903	0.00850	0.01434	0.82054	0.03292	0.01062	0.01327	0.01221	0.00956	0.01221	0.00850	0.01274	0.00637	0.00478	0.00478	0.00159	0.00637	0.00425	0.00212	0.00531
41	0.00606	0.00492	0.00539	0.00545	0.00682	0.00433	0.00402	0.00777	0.03476	0.01412	0.17560	0.15554	0.53448	0.01194	0.00569	0.00164	0.00248	0.01020	0.00459	0.00420
42	0.01847	0.01239	0.01436	0.01094	0.01479	0.01325	0.04325	0.61012	0.02034	0.17359	0.01277	0.01243	0.00878	0.00569	0.00482	0.00145	0.00516	0.00446	0.00489	0.00805
43	0.00710	0.04958	0.00730	0.00630	0.00748	0.00535	0.00484	0.00898	0.01212	0.01666	0.52755	0.06711	0.08259	0.08714	0.00737	0.00187	0.00289	0.08870	0.00470	0.00438
44	0.01333	0.05022	0.06011	0.01281	0.02985	0.32058	0.11717	0.01701	0.12005	0.01371	0.01075	0.01418	0.00917	0.00749	0.04939	0.00185	0.09137	0.05222	0.00283	0.00592
45	0.01341	0.71408	0.02343	0.00870	0.01260	0.06126	0.00835	0.07183	0.01082	0.01268	0.00704	0.00806	0.00629	0.00434	0.00351	0.00109	0.02130	0.00275	0.00227	0.00623
46	0.01104	0.01015	0.05217	0.00970	0.01413	0.00785	0.13041	0.04121	0.01080	0.05938	0.00936	0.01080	0.00736	0.00388	0.00404	0.00096	0.00452	0.00347	0.00297	0.60580
47	0.02584	0.15068	0.01175	0.00783	0.01023	0.03252	0.04058	0.03264	0.01203	0.18077	0.22686	0.12928	0.09080	0.02060	0.00525	0.00152	0.00380	0.00702	0.00436	0.00562
48	0.00597	0.00416	0.00559	0.00663	0.00689	0.00390	0.00442	0.00663	0.00898	0.01197	0.02528	0.78085	0.03024	0.01507	0.00684	0.05263	0.00285	0.01303	0.00430	0.00378
49	0.02144	0.00813	0.01109	0.00850	0.01220	0.00702	0.00702	0.02329	0.01368	0.80552	0.01886	0.01627	0.01183	0.00592	0.00481	0.00148	0.00407	0.00481	0.00592	0.00813
50	0.01272	0.36456	0.19847	0.01217	0.03303	0.08958	0.13239	0.02841	0.01081	0.05218	0.00844	0.00985	0.00672	0.00483	0.01566	0.00138	0.00641	0.00352	0.00239	0.00647
51	0.01348	0.01040	0.02797	0.01146	0.04187	0.02725	0.11079	0.08860	0.32185	0.15572	0.03732	0.01947	0.03539	0.00653	0.00507	0.00159	0.00470	0.05727	0.01619	0.00708
52	0.00591	0.00461	0.00539	0.00587	0.00689	0.00409	0.00424	0.00710	0.01039	0.01316	0.09324	0.35919	0.39464	0.01314	0.00588	0.00177	0.00266	0.05328	0.00450	0.00403
53	0.00830	0.00415	0.00623	0.00623	0.00623	0.00415	0.00415	0.00623	0.00623	0.00830	0.00830	0.01453	0.00830	0.01660	0.01868	0.86094	0.00415	0.00415	0.00208	0.00208
54	0.01099	0.11514	0.33278	0.07704	0.04622	0.05277	0.18527	0.01571	0.06929	0.01460	0.00929	0.01121	0.00706	0.00465	0.00494	0.00149	0.02848	0.00410	0.00237	0.00661
55	0.01904	0.01136	0.01297	0.00997	0.01368	0.01189	0.00823	0.50604	0.01915	0.29365	0.01410	0.01327	0.00950	0.00579	0.00475	0.00144	0.00477	0.00448	0.02786	0.00803

[dist]
# distance from previous block
# <min> <max>
0	1

[block]
# block no. 3 follows, 53 sequences, length 11
# corresponding to MSA columns:
# 297-307
name=unknown_D
#
# <colnr> <probs for GDERKNQSTAVLIFYWHMCP>
#	G	D	E	R	K	N	Q	S	T	A	V	L	I	F	Y	W	H	M	C	P
0	0.86579	0.00924	0.00702	0.00629	0.00924	0.01072	0.00518	0.01405	0.00813	0.02144	0.00666	0.00776	0.00518	0.00444	0.00296	0.00148	0.00370	0.00259	0.00296	0.00518
1	0.00588	0.00429	0.00555	0.00654	0.00700	0.00397	0.00448	0.00681	0.00943	0.01237	0.02881	0.70810	0.11892	0.01458	0.00607	0.00191	0.00280	0.04414	0.00444	0.00392
2	0.08335	0.07587	0.01747	0.05308	0.10316	0.20095	0.16750	0.15263	0.01332	0.05003	0.00927	0.01088	0.00714	0.00481	0.00470	0.00141	0.01841	0.00403	0.01546	0.00650
3	0.09746	0.02602	0.05420	0.11900	0.27577	0.09066	0.07688	0.11769	0.01241	0.07112	0.00954	0.01142	0.00729	0.00471	0.00457	0.00145	0.00595	0.00407	0.00295	0.00682
4	0.00768	0.00593	0.00697	0.00703	0.00821	0.00597	0.00514	0.07585	0.08818	0.01521	0.09374	0.39771	0.18961	0.02885	0.00632	0.00182	0.02025	0.02631	0.00450	0.00471
5	0.00690	0.00453	0.00521	0.00543	0.00558	0.00447	0.00323	0.00725	0.00764	0.01056	0.01730	0.18533	0.01971	0.60322	0.01901	0.00381	0.00407	0.00803	0.07550	0.00322
6	0.11001	0.07676	0.07748	0.00974	0.02453	0.02734	0.00840	0.19464	0.12588	0.13358	0.07632	0.03567	0.01274	0.00629	0.00508	0.00151	0.04366	0.01945	0.00412	0.00680
7	0.14285	0.53013	0.02035	0.08969	0.07759	0.04647	0.00878	0.01428	0.00970	0.01327	0.00705	0.00855	0.00613	0.00426	0.00340	0.00119	0.00520	0.00288	0.00223	0.00600
8	0.00650	0.08640	0.00703	0.00554	0.00705	0.00553	0.00420	0.00764	0.01034	0.01263	0.06617	0.17016	0.51751	0.06400	0.00666	0.00180	0.00288	0.00967	0.00413	0.00416
9	0.08363	0.01171	0.07294	0.03286	0.31089	0.05978	0.01064	0.06862	0.04860	0.01674	0.04835	0.07818	0.01115	0.00576	0.00499	0.00143	0.03516	0.00487	0.00302	0.09067
10	0.00797	0.07647	0.00964	0.00738	0.00949	0.00720	0.06775	0.04265	0.08845	0.01498	0.11524	0.10273	0.41208	0.00996	0.00535	0.00157	0.00337	0.00854	0.00422	0.00496

[dist]
# distance from previous block
# <min> <max>
0	1

[block]
# block no. 4 follows, 53 sequences, length 15
# corresponding to MSA columns:
# 309,310,312-320,323-326
name=unknown_E
#
# <colnr> <probs for GDERKNQSTAVLIFYWHMCP>
#	G	D	E	R	K	N	Q	S	T	A	V	L	I	F	Y	W	H	M	C	P
0	0.02595	0.01320	0.18443	0.36888	0.02443	0.02751	0.07800	0.09056	0.04670	0.02820	0.00952	0.01215	0.00708	0.00539	0.01726	0.00164	0.02828	0.00421	0.00262	0.02397
1	0.69685	0.01064	0.07957	0.06797	0.03891	0.01077	0.00721	0.01403	0.00851	0.02000	0.00704	0.00848	0.00542	0.00447	0.00329	0.00149	0.00426	0.00285	0.00279	0.00544
2	0.07239	0.01108	0.04875	0.16932	0.53949	0.01097	0.01351	0.01459	0.01054	0.05123	0.00917	0.01184	0.00732	0.00445	0.00461	0.00146	0.00565	0.00413	0.00251	0.00700
3	0.02323	0.00598	0.00843	0.02946	0.03604	0.00570	0.04068	0.02358	0.01207	0.09789	0.42435	0.04525	0.05515	0.00929	0.00672	0.09581	0.00323	0.00705	0.06525	0.00486
4	0.01873	0.00838	0.01093	0.00826	0.01209	0.00713	0.00678	0.04529	0.01311	0.60188	0.01628	0.01468	0.01064	0.00537	0.00452	0.00130	0.00399	0.00434	0.00518	0.20112
5	0.00867	0.00655	0.00781	0.00702	0.00868	0.00662	0.00539	0.09646	0.12002	0.02026	0.58076	0.03099	0.06384	0.00897	0.00544	0.00152	0.00280	0.00778	0.00513	0.00530
6	0.67294	0.00961	0.00923	0.06693	0.09820	0.01097	0.00697	0.04880	0.00918	0.02054	0.00726	0.00873	0.00566	0.00450	0.00336	0.00148	0.00418	0.00297	0.00292	0.00558
7	0.00595	0.00421	0.00551	0.00650	0.00674	0.00396	0.00427	0.00669	0.00891	0.01188	0.02511	0.74137	0.03005	0.10464	0.00810	0.00224	0.00298	0.01286	0.00427	0.00377
8	0.01785	0.02278	0.01354	0.01231	0.01478	0.81284	0.00924	0.01909	0.01354	0.01170	0.00739	0.00862	0.00616	0.00493	0.00431	0.00123	0.00862	0.00308	0.00246	0.00554
9	0.01045	0.00895	0.01085	0.00779	0.01204	0.00708	0.03450	0.05826	0.01071	0.01643	0.00872	0.01011	0.00715	0.00369	0.00369	0.00078	0.00381	0.00302	0.00293	0.77903
10	0.01762	0.02209	0.01360	0.01228	0.01470	0.76239	0.00927	0.04211	0.01361	0.01225	0.00748	0.00877	0.00622	0.00506	0.00470	0.00127	0.03530	0.00315	0.00252	0.00561
11	0.00581	0.00476	0.00513	0.00522	0.00660	0.00408	0.00384	0.00711	0.01102	0.01363	0.14258	0.14057	0.60875	0.01216	0.00570	0.00164	0.00244	0.01033	0.00454	0.00408
12	0.00903	0.00850	0.01434	0.82054	0.03292	0.01062	0.01327	0.01221	0.00956	0.01221	0.00850	0.01274	0.00637	0.00478	0.00478	0.00159	0.00637	0.00425	0.00212	0.00531
13	0.00657	0.00461	0.00519	0.00533	0.00566	0.00443	0.00323	0.00690	0.00795	0.01031	0.02256	0.13733	0.16081	0.57784	0.01859	0.00374	0.00399	0.00838	0.00337	0.00323
14	0.00683	0.00512	0.00768	0.00768	0.00853	0.00597	0.00597	0.00853	0.00768	0.01110	0.01280	0.01878	0.01195	0.03585	0.81308	0.00768	0.01280	0.00512	0.00256	0.00427

[dist]
# distance from previous block
# <min> <max>
0	9

[block]
# block no. 5 follows, 53 sequences, length 19
# corresponding to MSA columns:
# 336,337,340-356
name=unknown_F
#
# <colnr> <probs for GDERKNQSTAVLIFYWHMCP>
#	G	D	E	R	K	N	Q	S	T	A	V	L	I	F	Y	W	H	M	C	P
0	0.00925	0.00873	0.01474	0.75662	0.09507	0.01068	0.01339	0.01241	0.00966	0.01249	0.00854	0.01267	0.00647	0.00474	0.00477	0.00158	0.00632	0.00425	0.00214	0.00549
1	0.00683	0.00512	0.00768	0.00768	0.00853	0.00597	0.00597	0.00853	0.00768	0.01110	0.01280	0.01878	0.01195	0.03585	0.81308	0.00768	0.01280	0.00512	0.00256	0.00427
2	0.07167	0.01250	0.07896	0.05705	0.32889	0.06389	0.01149	0.09572	0.09270	0.07453	0.04164	0.01305	0.00966	0.00516	0.00485	0.00147	0.02211	0.00434	0.00324	0.00705
3	0.01229	0.00910	0.09170	0.01013	0.07534	0.00711	0.03553	0.02767	0.02660	0.24652	0.23960	0.07701	0.04794	0.00735	0.00507	0.00147	0.00396	0.00640	0.00452	0.06467
4	0.86579	0.00924	0.00702	0.00629	0.00924	0.01072	0.00518	0.01405	0.00813	0.02144	0.00666	0.00776	0.00518	0.00444	0.00296	0.00148	0.00370	0.00259	0.00296	0.00518
5	0.01128	0.01289	0.02820	0.02015	0.02498	0.01209	0.78485	0.01531	0.01128	0.01531	0.00967	0.01289	0.00725	0.00403	0.00564	0.00161	0.00806	0.00564	0.00242	0.00645
6	0.00965	0.00914	0.01511	0.57050	0.17008	0.01103	0.01308	0.01252	0.00961	0.01281	0.00881	0.01346	0.00716	0.00529	0.00595	0.00163	0.09113	0.02513	0.00223	0.00569
7	0.00695	0.00463	0.00521	0.00521	0.00521	0.00463	0.00290	0.00695	0.00695	0.00927	0.01506	0.03128	0.01738	0.83203	0.02433	0.00463	0.00463	0.00695	0.00290	0.00290
8	0.86579	0.00924	0.00702	0.00629	0.00924	0.01072	0.00518	0.01405	0.00813	0.02144	0.00666	0.00776	0.00518	0.00444	0.00296	0.00148	0.00370	0.00259	0.00296	0.00518
9	0.00982	0.00944	0.01630	0.54329	0.17057	0.01060	0.08772	0.01295	0.00999	0.01336	0.00870	0.01240	0.00672	0.00453	0.00477	0.00150	0.00621	0.00429	0.00224	0.06461
10	0.01046	0.01046	0.01464	0.01255	0.01255	0.01464	0.01046	0.01150	0.00732	0.01150	0.00627	0.01046	0.00627	0.00837	0.01569	0.00209	0.82328	0.00418	0.00209	0.00523
11	0.00586	0.00487	0.00522	0.00517	0.00668	0.00422	0.00389	0.00723	0.01098	0.01352	0.13358	0.04293	0.65808	0.01346	0.06109	0.00202	0.00311	0.00958	0.00441	0.00411
12	0.01278	0.83490	0.02505	0.00818	0.01227	0.01891	0.00818	0.01431	0.00971	0.01125	0.00664	0.00767	0.00613	0.00409	0.00307	0.00102	0.00511	0.00256	0.00204	0.00613
13	0.00982	0.08316	0.75084	0.01323	0.02008	0.01166	0.01698	0.01508	0.01006	0.01486	0.00844	0.00992	0.00606	0.00451	0.00443	0.00148	0.00692	0.00346	0.00202	0.00700
14	0.01817	0.01339	0.01434	0.01100	0.01482	0.01482	0.00908	0.78627	0.02247	0.03012	0.01148	0.01148	0.00813	0.00574	0.00478	0.00143	0.00526	0.00430	0.00478	0.00813
15	0.00920	0.00666	0.00746	0.00678	0.00828	0.06918	0.00515	0.01133	0.01355	0.10184	0.65388	0.03149	0.03847	0.00898	0.00544	0.00148	0.00295	0.00779	0.00511	0.00498
16	0.01226	0.50737	0.13668	0.07589	0.01628	0.08000	0.06613	0.01465	0.01012	0.01222	0.00734	0.00895	0.00623	0.00437	0.00400	0.00122	0.02489	0.00314	0.00211	0.00616
17	0.00604	0.00441	0.00570	0.00651	0.00710	0.00408	0.00457	0.00717	0.00998	0.01321	0.11576	0.59329	0.12446	0.01393	0.00603	0.00187	0.00278	0.06456	0.00453	0.00401
18	0.53668	0.16413	0.11362	0.00774	0.01149	0.01202	0.00747	0.01491	0.00908	0.07530	0.00778	0.00866	0.00595	0.00449	0.00332	0.00140	0.00442	0.00286	0.00288	0.00581

[dist]
# distance from previous block
# <min> <max>
0	1

[block]
# block no. 6 follows, 53 sequences, length 17
# corresponding to MSA columns:
# 358-374
name=unknown_G
#
# <colnr> <probs for GDERKNQSTAVLIFYWHMCP>
#	G	D	E	R	K	N	Q	S	T	A	V	L	I	F	Y	W	H	M	C	P
0	0.18622	0.32914	0.16949	0.03620	0.01400	0.01326	0.03107	0.01477	0.00980	0.07050	0.00848	0.00959	0.00666	0.00443	0.00361	0.00127	0.00506	0.00314	0.03748	0.04582
1	0.74672	0.06766	0.00877	0.03706	0.01052	0.03692	0.00582	0.01416	0.00847	0.02007	0.00675	0.00797	0.00532	0.00444	0.00308	0.00144	0.00405	0.00266	0.00285	0.00526
2	0.07901	0.01035	0.01549	0.15078	0.33691	0.02455	0.04305	0.08545	0.01113	0.01619	0.01034	0.07027	0.00923	0.00583	0.00576	0.00157	0.08168	0.01885	0.01719	0.00639
3	0.01078	0.00771	0.01185	0.33178	0.06486	0.00855	0.02897	0.01348	0.03272	0.13915	0.06748	0.03041	0.02684	0.05804	0.06637	0.00219	0.03181	0.00521	0.05623	0.00560
4	0.01189	0.01027	0.01081	0.00973	0.01243	0.01189	0.00757	0.02540	0.79357	0.01999	0.01945	0.01783	0.01459	0.00648	0.00486	0.00162	0.00378	0.00540	0.00486	0.00757
5	0.03767	0.01091	0.13913	0.07087	0.05216	0.00998	0.09410	0.01154	0.00901	0.01328	0.03636	0.10884	0.01176	0.02955	0.14404	0.00282	0.20433	0.00565	0.00263	0.00538
6	0.00683	0.00510	0.00756	0.00756	0.00837	0.00591	0.00582	0.00845	0.00764	0.01100	0.01292	0.01941	0.01223	0.07646	0.77285	0.00753	0.01239	0.00521	0.00258	0.00420
7	0.01189	0.01027	0.01081	0.00973	0.01243	0.01189	0.00757	0.02540	0.79357	0.01999	0.01945	0.01783	0.01459	0.00648	0.00486	0.00162	0.00378	0.00540	0.00486	0.00757
8	0.00588	0.00420	0.00560	0.00662	0.00695	0.00392	0.00444	0.00680	0.00942	0.01262	0.07305	0.78100	0.03243	0.01466	0.00607	0.00191	0.00274	0.01329	0.00449	0.00392
9	0.00582	0.00416	0.00555	0.00666	0.00693	0.00388	0.00444	0.00666	0.00915	0.01220	0.02634	0.82891	0.03161	0.01497	0.00610	0.00194	0.00277	0.01359	0.00444	0.00388
10	0.00587	0.00482	0.00517	0.00515	0.00661	0.00412	0.00384	0.00727	0.01132	0.01409	0.19245	0.08031	0.61882	0.01179	0.00567	0.00161	0.00241	0.00997	0.00460	0.00412
11	0.00683	0.00512	0.00768	0.00768	0.00853	0.00597	0.00597	0.00853	0.00768	0.01110	0.01280	0.01878	0.01195	0.03585	0.81308	0.00768	0.01280	0.00512	0.00256	0.00427
12	0.00582	0.00416	0.00555	0.00666	0.00693	0.00388	0.00444	0.00666	0.00915	0.01220	0.02634	0.82891	0.03161	0.01497	0.00610	0.00194	0.00277	0.01359	0.00444	0.00388
13	0.01724	0.01387	0.01376	0.01095	0.01447	0.09331	0.00888	0.60137	0.13210	0.02685	0.01221	0.01210	0.00886	0.00576	0.00475	0.00144	0.00538	0.00434	0.00456	0.00779
14	0.71983	0.00964	0.00792	0.00696	0.00996	0.01113	0.00569	0.06946	0.08861	0.02191	0.00829	0.00904	0.00634	0.00474	0.00328	0.00149	0.00382	0.00299	0.00328	0.00563
15	0.42379	0.05649	0.01099	0.02420	0.10729	0.05919	0.00728	0.09310	0.01088	0.04486	0.03074	0.01037	0.00764	0.00475	0.00366	0.00137	0.00442	0.00336	0.03802	0.05759
16	0.25416	0.04842	0.05175	0.03545	0.01209	0.02701	0.00728	0.17155	0.01213	0.04453	0.01239	0.08786	0.02318	0.02611	0.00473	0.00152	0.00441	0.05830	0.00354	0.11359

[dist]
# distance from previous block
# <min> <max>
0	84

[block]
# block no. 7 follows, 53 sequences, length 11
# corresponding to MSA columns:
# 459-469
name=unknown_H
#
# <colnr> <probs for GDERKNQSTAVLIFYWHMCP>
#	G	D	E	R	K	N	Q	S	T	A	V	L	I	F	Y	W	H	M	C	P
0	0.02275	0.00614	0.03750	0.00736	0.02374	0.00549	0.00555	0.03786	0.01176	0.03227	0.36656	0.30878	0.07020	0.01102	0.00593	0.00167	0.02645	0.00968	0.00462	0.00467
1	0.58232	0.00772	0.00643	0.00593	0.00791	0.00871	0.00442	0.01171	0.00774	0.01743	0.00943	0.01553	0.00920	0.27759	0.01001	0.00252	0.00401	0.00403	0.00294	0.00442
2	0.58297	0.00766	0.00618	0.00568	0.00803	0.00865	0.00457	0.01309	0.00876	0.02025	0.00960	0.01108	0.00751	0.00481	0.00308	0.00136	0.00321	0.00320	0.28535	0.00494
3	0.00940	0.01937	0.54555	0.27995	0.02472	0.01094	0.01621	0.01417	0.00991	0.01417	0.00855	0.01097	0.00616	0.00462	0.00462	0.00154	0.00684	0.00377	0.00205	0.00648
4	0.01124	0.00968	0.01051	0.00885	0.01207	0.01007	0.00694	0.02099	0.53492	0.01854	0.01584	0.01522	0.01211	0.00551	0.00443	0.00132	0.00370	0.00455	0.00419	0.28933
5	0.00751	0.00608	0.00901	0.27485	0.01565	0.00653	0.00740	0.01007	0.01222	0.01687	0.53855	0.02812	0.03232	0.00812	0.00535	0.00153	0.00361	0.00719	0.00423	0.00477
6	0.00764	0.00591	0.00822	0.27431	0.01436	0.00661	0.00632	0.00869	0.00781	0.01024	0.01289	0.02516	0.01374	0.55899	0.01788	0.00363	0.00521	0.00606	0.00264	0.00369
7	0.01165	0.00612	0.00881	0.00795	0.00975	0.00632	0.00632	0.01341	0.00966	0.27330	0.01480	0.01795	0.01191	0.02597	0.54631	0.00563	0.00992	0.00502	0.00367	0.00554
8	0.59461	0.14657	0.04049	0.00749	0.01074	0.08107	0.00656	0.01492	0.03314	0.01865	0.00718	0.00822	0.00574	0.00449	0.00321	0.00139	0.00448	0.00275	0.00279	0.00551
9	0.32132	0.01077	0.01220	0.12207	0.01557	0.03651	0.06332	0.19776	0.01241	0.04306	0.00879	0.01028	0.00663	0.00492	0.00455	0.00145	0.04160	0.00362	0.00326	0.07993
10	0.06345	0.00863	0.01370	0.73039	0.03044	0.01069	0.01249	0.01296	0.04675	0.01317	0.00890	0.01267	0.00669	0.00484	0.00467	0.00159	0.00608	0.00420	0.00231	0.00541

[dist]
# distance from previous block
# <min> <max>
2	8

[block]
# block no. 8 follows, 53 sequences, length 16
# corresponding to MSA columns:
# 480-495
name=unknown_I
#
# <colnr> <probs for GDERKNQSTAVLIFYWHMCP>
#	G	D	E	R	K	N	Q	S	T	A	V	L	I	F	Y	W	H	M	C	P
0	0.01996	0.00846	0.03909	0.00856	0.01215	0.00696	0.00723	0.02187	0.01324	0.72345	0.01900	0.07126	0.01297	0.00648	0.00488	0.00151	0.00409	0.00536	0.00568	0.00781
1	0.01113	0.02152	0.62449	0.01419	0.05305	0.01095	0.06844	0.04185	0.01094	0.08498	0.00967	0.01094	0.00678	0.00466	0.00466	0.00151	0.00675	0.00384	0.00249	0.00717
2	0.00676	0.00489	0.00639	0.00601	0.00714	0.00451	0.00451	0.00902	0.01353	0.01917	0.79969	0.03570	0.04510	0.00977	0.00564	0.00150	0.00225	0.00864	0.00526	0.00451
3	0.01790	0.00869	0.01097	0.00848	0.01205	0.00791	0.00692	0.11179	0.05036	0.50610	0.06952	0.01615	0.01307	0.00583	0.00467	0.00137	0.00399	0.00474	0.00523	0.13423
4	0.00991	0.00850	0.00991	0.00708	0.01133	0.00637	0.00566	0.01203	0.00991	0.01557	0.00850	0.00991	0.00708	0.00354	0.00354	0.00071	0.00354	0.00283	0.00283	0.86124
5	0.00982	0.00886	0.07228	0.04247	0.01240	0.00796	0.06943	0.02869	0.17281	0.07897	0.29042	0.02628	0.11136	0.00795	0.00551	0.00158	0.02115	0.02180	0.00444	0.00583
6	0.01107	0.01915	0.48824	0.01304	0.01885	0.01091	0.10308	0.06844	0.07663	0.04888	0.01022	0.01139	0.00738	0.00469	0.00463	0.00145	0.00632	0.00397	0.00273	0.08892
7	0.86579	0.00924	0.00702	0.00629	0.00924	0.01072	0.00518	0.01405	0.00813	0.02144	0.00666	0.00776	0.00518	0.00444	0.00296	0.00148	0.00370	0.00259	0.00296	0.00518
8	0.00750	0.00544	0.00739	0.00838	0.00938	0.00546	0.00699	0.00996	0.04885	0.01413	0.02525	0.22027	0.02777	0.01326	0.00641	0.00212	0.00402	0.56857	0.00443	0.00444
9	0.02144	0.00813	0.01109	0.00850	0.01220	0.00702	0.00702	0.02329	0.01368	0.80552	0.01886	0.01627	0.01183	0.00592	0.00481	0.00148	0.00407	0.00481	0.00592	0.00813
10	0.00582	0.00416	0.00555	0.00666	0.00693	0.00388	0.00444	0.00666	0.00915	0.01220	0.02634	0.82891	0.03161	0.01497	0.00610	0.00194	0.00277	0.01359	0.00444	0.00388
11	0.00608	0.00433	0.00557	0.00632	0.00669	0.00406	0.00420	0.00696	0.00935	0.01254	0.10831	0.60539	0.05276	0.13338	0.00869	0.00228	0.00298	0.01199	0.00430	0.00381
12	0.01046	0.01046	0.01464	0.01255	0.01255	0.01464	0.01046	0.01150	0.00732	0.01150	0.00627	0.01046	0.00627	0.00837	0.01569	0.00209	0.82328	0.00418	0.00209	0.00523
13	0.00607	0.00495	0.00600	0.07701	0.00897	0.00459	0.00479	0.00740	0.01040	0.01303	0.08603	0.28917	0.44008	0.01222	0.00571	0.00171	0.00287	0.01059	0.00429	0.00413
14	0.01046	0.01046	0.01464	0.01255	0.01255	0.01464	0.01046	0.01150	0.00732	0.01150	0.00627	0.01046	0.00627	0.00837	0.01569	0.00209	0.82328	0.00418	0.00209	0.00523
15	0.86579	0.00924	0.00702	0.00629	0.00924	0.01072	0.00518	0.01405	0.00813	0.02144	0.00666	0.00776	0.00518	0.00444	0.00296	0.00148	0.00370	0.00259	0.00296	0.00518

[dist]
# distance from previous block
# <min> <max>
0	1

[block]
# block no. 9 follows, 53 sequences, length 18
# corresponding to MSA columns:
# 497-514
name=unknown_J
#
# <colnr> <probs for GDERKNQSTAVLIFYWHMCP>
#	G	D	E	R	K	N	Q	S	T	A	V	L	I	F	Y	W	H	M	C	P
0	0.01429	0.47386	0.02099	0.06234	0.01489	0.02837	0.08163	0.03080	0.01089	0.17634	0.00967	0.01046	0.00748	0.00471	0.00429	0.00126	0.03475	0.00352	0.00295	0.00652
1	0.01105	0.07793	0.07288	0.15907	0.46767	0.01193	0.01358	0.01387	0.01022	0.01428	0.00892	0.01259	0.00759	0.00493	0.00553	0.00150	0.07207	0.02532	0.00231	0.00676
2	0.00891	0.00445	0.00445	0.00445	0.00557	0.00445	0.00334	0.01114	0.01002	0.01782	0.01559	0.01782	0.01225	0.00557	0.00334	0.00111	0.00223	0.00445	0.85856	0.00445
3	0.00720	0.00514	0.00712	0.00822	0.00910	0.00507	0.00682	0.00903	0.01050	0.01374	0.02559	0.26269	0.02861	0.01368	0.00647	0.00213	0.00396	0.56626	0.00441	0.00426
4	0.00616	0.00602	0.07810	0.00729	0.00818	0.00454	0.00563	0.00742	0.00924	0.01247	0.02474	0.75481	0.02930	0.01403	0.00596	0.00190	0.00316	0.01268	0.00422	0.00417
5	0.01046	0.01046	0.01464	0.01255	0.01255	0.01464	0.01046	0.01150	0.00732	0.01150	0.00627	0.01046	0.00627	0.00837	0.01569	0.00209	0.82328	0.00418	0.00209	0.00523
6	0.00959	0.02472	0.80726	0.01362	0.02069	0.01110	0.01766	0.01514	0.01009	0.01514	0.00858	0.01009	0.00605	0.00454	0.00454	0.00151	0.00706	0.00353	0.00202	0.00706
7	0.17799	0.00875	0.01059	0.00828	0.01185	0.00831	0.00684	0.08046	0.01333	0.60007	0.01602	0.01432	0.01031	0.00563	0.00446	0.00148	0.00409	0.00436	0.00528	0.00758
8	0.01138	0.00887	0.01460	0.57513	0.14565	0.01017	0.01251	0.01430	0.01040	0.13597	0.01018	0.01315	0.00740	0.00488	0.00478	0.00155	0.00591	0.00434	0.00275	0.00609
9	0.01336	0.01417	0.08487	0.00949	0.01219	0.30529	0.00791	0.02772	0.03701	0.11662	0.20253	0.01990	0.07802	0.02225	0.00520	0.00145	0.00548	0.00537	0.00382	0.02733
10	0.00668	0.00488	0.00627	0.00592	0.00709	0.00447	0.00444	0.00885	0.01333	0.01868	0.74170	0.03650	0.10338	0.00995	0.00564	0.00151	0.00227	0.00876	0.00520	0.00447
11	0.01385	0.01080	0.01251	0.05490	0.13438	0.07242	0.00891	0.12964	0.26131	0.13352	0.01623	0.07857	0.02568	0.00661	0.00491	0.00155	0.00474	0.01818	0.00425	0.00706
12	0.01312	0.01071	0.01803	0.07789	0.60648	0.01066	0.03557	0.01587	0.01124	0.13810	0.01051	0.01261	0.00814	0.00454	0.00477	0.00145	0.00554	0.00438	0.00290	0.00748
13	0.68316	0.01216	0.00843	0.00758	0.01043	0.18348	0.00605	0.01513	0.00930	0.01935	0.00681	0.00795	0.00539	0.00454	0.00325	0.00143	0.00476	0.00269	0.00285	0.00525
14	0.00819	0.00672	0.05856	0.00661	0.00855	0.00541	0.00551	0.01093	0.05322	0.08494	0.44440	0.03413	0.23536	0.00954	0.00546	0.00154	0.00285	0.00819	0.00487	0.00502
15	0.01232	0.01228	0.01893	0.02796	0.73840	0.07631	0.01423	0.01503	0.01110	0.01530	0.00886	0.01157	0.00746	0.00431	0.00470	0.00140	0.00592	0.00416	0.00237	0.00741
16	0.00736	0.00571	0.00762	0.00757	0.00836	0.03717	0.00573	0.00867	0.00776	0.01079	0.01248	0.01912	0.01193	0.09791	0.66615	0.06252	0.01142	0.00513	0.00255	0.00406
17	0.00727	0.00676	0.07141	0.00678	0.00847	0.00536	0.00568	0.03942	0.01305	0.01822	0.58398	0.09474	0.10099	0.00978	0.00555	0.00154	0.00282	0.00856	0.00485	0.00477

[dist]
# distance from previous block
# <min> <max>
0	3

[block]
# block no. 10 follows, 53 sequences, length 8
# corresponding to MSA columns:
# 518-525
name=unknown_K
#
# <colnr> <probs for GDERKNQSTAVLIFYWHMCP>
#	G	D	E	R	K	N	Q	S	T	A	V	L	I	F	Y	W	H	M	C	P
0	0.00630	0.00446	0.00573	0.00620	0.00668	0.00420	0.00418	0.00740	0.01003	0.01370	0.24981	0.45157	0.03294	0.16303	0.00930	0.00231	0.00296	0.01093	0.00440	0.00388
1	0.00844	0.00760	0.01257	0.60462	0.02644	0.00939	0.01133	0.01124	0.00906	0.01192	0.00964	0.01435	0.00785	0.01303	0.21948	0.00321	0.00808	0.00448	0.00224	0.00503
2	0.01366	0.01033	0.01132	0.00960	0.01226	0.01134	0.00755	0.43051	0.16961	0.02338	0.01698	0.22985	0.01563	0.00834	0.00515	0.00161	0.00431	0.00698	0.00471	0.00689
3	0.01359	0.45838	0.17505	0.00999	0.01459	0.01630	0.01027	0.21953	0.01318	0.01702	0.00831	0.00915	0.00665	0.00462	0.00381	0.00123	0.00553	0.00321	0.00277	0.00685
4	0.00834	0.00582	0.00674	0.00632	0.00776	0.00594	0.00480	0.01278	0.16502	0.01897	0.43896	0.02746	0.03041	0.00801	0.00488	0.00142	0.00255	0.00690	0.23184	0.00509
5	0.01187	0.00853	0.00972	0.00828	0.01064	0.00899	0.00653	0.23233	0.16826	0.07318	0.32388	0.04590	0.05558	0.00797	0.00520	0.00152	0.00354	0.00673	0.00504	0.00633
6	0.00675	0.00488	0.00569	0.00591	0.00658	0.00469	0.00415	0.00756	0.00882	0.01129	0.02584	0.03915	0.22711	0.42455	0.04531	0.00347	0.00431	0.15682	0.00359	0.00354
7	0.03373	0.00947	0.02935	0.00941	0.01256	0.00911	0.02472	0.06840	0.01172	0.31930	0.01260	0.01355	0.00921	0.00581	0.00661	0.00141	0.16423	0.02084	0.00401	0.23397

[dist]
# distance from previous block
# <min> <max>
0	22

# created by:
# /st0/software/busco_prod/Augustus/scripts/msa2prfl.pl ./align_prep/167076.fa
