[name]
unknown

[dist]
# distance from previous block
# <min> <max>
28	124

[block]
# block no. 0 follows, 47 sequences, length 22
# corresponding to MSA columns:
# 228-231,241-258
name=unknown_A
#
# <colnr> <probs for GDERKNQSTAVLIFYWHMCP>
#	G	D	E	R	K	N	Q	S	T	A	V	L	I	F	Y	W	H	M	C	P
0	0.06191	0.35293	0.08767	0.01124	0.04467	0.05514	0.02816	0.09691	0.10299	0.06302	0.01148	0.04252	0.00947	0.00565	0.00435	0.00143	0.00564	0.00424	0.00336	0.00720
1	0.00875	0.00669	0.00850	0.05246	0.00986	0.00748	0.00595	0.06467	0.00973	0.01321	0.01807	0.18698	0.04394	0.35361	0.08929	0.00388	0.10076	0.00824	0.00352	0.00442
2	0.05619	0.00635	0.00746	0.00735	0.00901	0.00616	0.00566	0.02505	0.06941	0.06825	0.20811	0.18180	0.21298	0.01183	0.00607	0.00186	0.00330	0.10281	0.00510	0.00527
3	0.01131	0.06284	0.12104	0.04021	0.01469	0.04712	0.00881	0.01452	0.04217	0.02700	0.02837	0.04925	0.01000	0.00519	0.00462	0.00115	0.02251	0.00411	0.00312	0.48195
4	0.09099	0.04456	0.12217	0.10938	0.19405	0.01213	0.11024	0.01645	0.02178	0.10574	0.03880	0.01377	0.00953	0.00561	0.00619	0.00168	0.08193	0.00474	0.00312	0.00713
5	0.02734	0.00697	0.00882	0.00788	0.01017	0.00641	0.00618	0.05105	0.01355	0.28098	0.15369	0.16393	0.15531	0.01118	0.02409	0.00193	0.00385	0.05493	0.00548	0.00625
6	0.03025	0.00942	0.02300	0.07024	0.23204	0.00935	0.04393	0.06795	0.03907	0.09083	0.12949	0.08351	0.02973	0.01868	0.00690	0.06602	0.00496	0.02004	0.01807	0.00654
7	0.04290	0.01308	0.09445	0.01111	0.01481	0.01228	0.03883	0.35751	0.08525	0.10552	0.01421	0.04191	0.01123	0.07395	0.00787	0.05225	0.00550	0.00533	0.00451	0.00749
8	0.01151	0.03394	0.12659	0.09096	0.10902	0.01259	0.39104	0.01543	0.01163	0.01612	0.04749	0.03091	0.01012	0.00545	0.00650	0.00174	0.06373	0.00568	0.00270	0.00688
9	0.00838	0.00560	0.00802	0.00794	0.00888	0.00618	0.00599	0.00988	0.00875	0.05554	0.01538	0.06878	0.01482	0.11980	0.58063	0.03214	0.01126	0.00628	0.02112	0.00463
10	0.01159	0.01084	0.01771	0.33214	0.31508	0.01199	0.04890	0.04785	0.05545	0.01619	0.01158	0.04346	0.01962	0.00573	0.00565	0.00169	0.02948	0.00524	0.00285	0.00697
11	0.01385	0.01243	0.09336	0.04212	0.02560	0.04517	0.04600	0.09983	0.22476	0.12772	0.11770	0.01997	0.04453	0.00783	0.02287	0.00183	0.03662	0.00589	0.00460	0.00733
12	0.00922	0.00638	0.00898	0.00855	0.00979	0.00724	0.00667	0.05281	0.00966	0.05944	0.01427	0.02027	0.01292	0.07086	0.63503	0.00715	0.03064	0.00557	0.01947	0.00509
13	0.01061	0.06458	0.75381	0.01456	0.02210	0.01250	0.01875	0.01645	0.01098	0.01629	0.00925	0.01087	0.00660	0.00492	0.00487	0.00162	0.00760	0.00380	0.00220	0.00765
14	0.04703	0.54262	0.12787	0.01042	0.01490	0.13541	0.01042	0.01641	0.01114	0.01334	0.00764	0.00894	0.00664	0.00478	0.00408	0.00127	0.02504	0.00306	0.00233	0.00666
15	0.01640	0.00925	0.05476	0.01047	0.05816	0.00793	0.00815	0.03492	0.06840	0.40304	0.10502	0.12497	0.01931	0.00962	0.04305	0.00201	0.00477	0.00691	0.00540	0.00746
16	0.00801	0.00517	0.00616	0.00612	0.00659	0.00501	0.00387	0.00879	0.00970	0.03880	0.17561	0.12009	0.02643	0.50016	0.01841	0.00374	0.00416	0.00856	0.04073	0.00390
17	0.00738	0.00512	0.00600	0.00593	0.00638	0.00494	0.00372	0.00813	0.00978	0.01324	0.21582	0.06489	0.07697	0.52822	0.01922	0.00385	0.00415	0.00853	0.00399	0.00373
18	0.03204	0.06733	0.08792	0.14442	0.20244	0.09679	0.08467	0.10156	0.03141	0.01724	0.00966	0.01221	0.00767	0.00544	0.00609	0.00163	0.07706	0.00444	0.00285	0.00714
19	0.02855	0.01242	0.01820	0.06038	0.48437	0.05226	0.01353	0.08032	0.02702	0.09195	0.01150	0.01453	0.00928	0.00557	0.00575	0.00162	0.04480	0.02682	0.00328	0.00786
20	0.00990	0.00624	0.00759	0.00697	0.00886	0.00560	0.00524	0.01220	0.04708	0.13829	0.25191	0.14846	0.22374	0.04606	0.00679	0.00184	0.00317	0.00933	0.00520	0.05554
21	0.01392	0.01312	0.02017	0.02721	0.58454	0.04331	0.05084	0.10366	0.05775	0.01893	0.01074	0.01314	0.00869	0.00498	0.00520	0.00156	0.00626	0.00474	0.00305	0.00817

[dist]
# distance from previous block
# <min> <max>
0	4

[block]
# block no. 1 follows, 47 sequences, length 6
# corresponding to MSA columns:
# 263-268
name=unknown_B
#
# <colnr> <probs for GDERKNQSTAVLIFYWHMCP>
#	G	D	E	R	K	N	Q	S	T	A	V	L	I	F	Y	W	H	M	C	P
0	0.07933	0.36889	0.24021	0.04913	0.13746	0.01580	0.01293	0.01579	0.01075	0.01513	0.00833	0.01006	0.00683	0.00469	0.00415	0.00140	0.00621	0.00346	0.00236	0.00709
1	0.28177	0.01504	0.23623	0.08278	0.07875	0.01133	0.04107	0.01753	0.03615	0.13710	0.01086	0.01202	0.00778	0.00519	0.00454	0.00164	0.00576	0.00402	0.00334	0.00709
2	0.00674	0.00488	0.00639	0.00707	0.00776	0.00453	0.00500	0.00820	0.01157	0.01566	0.24896	0.50711	0.07874	0.01440	0.00650	0.00197	0.00293	0.05202	0.00509	0.00447
3	0.00969	0.00696	0.00874	0.02969	0.04071	0.02863	0.00675	0.01248	0.05647	0.08681	0.25253	0.11254	0.12579	0.01297	0.05999	0.00228	0.00444	0.13214	0.00491	0.00548
4	0.01089	0.07977	0.01087	0.04171	0.01159	0.02494	0.00704	0.12072	0.08056	0.04004	0.07090	0.18104	0.12205	0.01229	0.04403	0.05979	0.00474	0.06695	0.00438	0.00570
5	0.05843	0.00820	0.01032	0.00843	0.01134	0.00770	0.00668	0.08803	0.01464	0.41987	0.18216	0.05100	0.02123	0.07930	0.00726	0.00193	0.00411	0.00651	0.00567	0.00719

[dist]
# distance from previous block
# <min> <max>
0	1

[block]
# block no. 2 follows, 47 sequences, length 38
# corresponding to MSA columns:
# 270-307
name=unknown_C
#
# <colnr> <probs for GDERKNQSTAVLIFYWHMCP>
#	G	D	E	R	K	N	Q	S	T	A	V	L	I	F	Y	W	H	M	C	P
0	0.03323	0.08549	0.01608	0.30202	0.18648	0.03423	0.02076	0.04619	0.02485	0.03689	0.05623	0.03901	0.01177	0.06063	0.02339	0.00198	0.00615	0.00523	0.00303	0.00638
1	0.02699	0.08818	0.48140	0.08787	0.02229	0.01288	0.08174	0.06667	0.01209	0.05782	0.01003	0.01172	0.00722	0.00505	0.00495	0.00161	0.00718	0.00414	0.00269	0.00748
2	0.01457	0.01460	0.01529	0.01320	0.01426	0.21500	0.01070	0.01585	0.01036	0.08481	0.00842	0.01147	0.00737	0.00791	0.01281	0.00198	0.52826	0.00431	0.00277	0.00608
3	0.01095	0.00976	0.01288	0.00920	0.01390	0.00759	0.08552	0.01349	0.01095	0.01694	0.00939	0.01114	0.00773	0.00391	0.00410	0.00087	0.00437	0.00341	0.00304	0.76086
4	0.04459	0.00946	0.01037	0.00895	0.01158	0.07687	0.00697	0.01942	0.13752	0.30550	0.13040	0.03883	0.02868	0.06442	0.08039	0.00249	0.00539	0.00617	0.00510	0.00689
5	0.01583	0.01259	0.18055	0.01035	0.01441	0.00901	0.00995	0.10638	0.02746	0.32313	0.04603	0.09256	0.05898	0.00809	0.00552	0.00173	0.00502	0.05993	0.00498	0.00750
6	0.04607	0.00969	0.01143	0.00954	0.01283	0.00993	0.00763	0.05435	0.31286	0.35280	0.09766	0.02002	0.01735	0.00705	0.00528	0.00167	0.00415	0.00581	0.00576	0.00811
7	0.19467	0.00704	0.00748	0.00681	0.00891	0.00703	0.00519	0.01337	0.03853	0.14050	0.12685	0.05722	0.18600	0.10465	0.03042	0.00225	0.00387	0.00717	0.04658	0.00547
8	0.70294	0.00985	0.00846	0.00729	0.01066	0.01095	0.00601	0.01714	0.00996	0.16226	0.00967	0.01014	0.00696	0.00513	0.00359	0.00161	0.00410	0.00326	0.00381	0.00623
9	0.00976	0.00649	0.00737	0.00672	0.00864	0.00613	0.00514	0.06200	0.05384	0.09007	0.23462	0.05060	0.31091	0.02942	0.00619	0.00173	0.00308	0.00869	0.09311	0.00547
10	0.26038	0.00921	0.01017	0.00847	0.01169	0.00938	0.00684	0.08216	0.06255	0.32593	0.09823	0.06368	0.01580	0.00703	0.00483	0.00165	0.00411	0.00554	0.00516	0.00719
11	0.05951	0.00652	0.00777	0.00739	0.00916	0.00630	0.00555	0.01328	0.09222	0.13015	0.24652	0.23418	0.13888	0.01115	0.00588	0.00179	0.00318	0.00967	0.00528	0.00563
12	0.01511	0.00884	0.01053	0.00899	0.01176	0.00899	0.00708	0.10626	0.20500	0.25604	0.16081	0.09506	0.02188	0.00824	0.00546	0.00167	0.00390	0.00697	0.05008	0.00734
13	0.04305	0.00879	0.01112	0.00918	0.01245	0.00833	0.00733	0.05754	0.11602	0.50407	0.02117	0.14465	0.01634	0.00805	0.00541	0.00171	0.00421	0.00676	0.00588	0.00795
14	0.35264	0.00894	0.00938	0.00799	0.01106	0.00926	0.00642	0.03711	0.05688	0.27949	0.09087	0.06939	0.01517	0.01784	0.00490	0.00170	0.00400	0.00538	0.00483	0.00676
15	0.00851	0.00562	0.00686	0.00711	0.00784	0.00546	0.00477	0.05901	0.01055	0.05458	0.02447	0.44713	0.05899	0.25963	0.01252	0.00293	0.00388	0.01125	0.00443	0.00446
16	0.00655	0.00479	0.00602	0.00674	0.00744	0.00439	0.00464	0.00777	0.01099	0.01463	0.14669	0.53755	0.16387	0.02930	0.00680	0.00202	0.00290	0.01303	0.01953	0.00435
17	0.01002	0.00557	0.00734	0.00742	0.00862	0.00507	0.00528	0.01129	0.01144	0.17253	0.11435	0.48607	0.05565	0.06432	0.00754	0.00213	0.00336	0.01164	0.00516	0.00519
18	0.00855	0.00561	0.00751	0.00813	0.00918	0.00539	0.00635	0.01043	0.02176	0.06671	0.11525	0.30722	0.04481	0.06051	0.00783	0.00229	0.00387	0.29881	0.00494	0.00483
19	0.01040	0.00962	0.01511	0.49845	0.07878	0.01035	0.03707	0.01354	0.01068	0.01472	0.00933	0.01294	0.00728	0.00475	0.00485	0.00145	0.00607	0.00424	0.00256	0.24782
20	0.69536	0.00999	0.00858	0.03033	0.01135	0.01134	0.00625	0.01700	0.05448	0.10101	0.00948	0.01021	0.00702	0.00514	0.00361	0.00162	0.00416	0.00330	0.00365	0.00613
21	0.01100	0.00944	0.01089	0.00798	0.01245	0.00750	0.00636	0.01447	0.08197	0.01742	0.01037	0.01160	0.00848	0.00416	0.00399	0.00086	0.00388	0.00335	0.00329	0.77054
22	0.00983	0.00926	0.01562	0.80447	0.03587	0.01157	0.01446	0.01331	0.01041	0.01331	0.00926	0.01388	0.00694	0.00521	0.00521	0.00174	0.00694	0.00463	0.00231	0.00579
23	0.01062	0.00931	0.01556	0.74420	0.05237	0.01138	0.01414	0.01401	0.01068	0.05432	0.00987	0.01406	0.00729	0.00526	0.00521	0.00172	0.00679	0.00466	0.00254	0.00601
24	0.00728	0.00500	0.00569	0.00585	0.00605	0.00488	0.00345	0.00752	0.00828	0.01088	0.02139	0.13665	0.09204	0.63831	0.02204	0.00436	0.00456	0.00883	0.00353	0.00341
25	0.00639	0.00455	0.00603	0.00719	0.00748	0.00426	0.00477	0.00726	0.00988	0.01318	0.02825	0.78475	0.03387	0.04593	0.00738	0.00222	0.00310	0.01454	0.00477	0.00419
26	0.00763	0.00508	0.00651	0.00654	0.00695	0.00517	0.00434	0.00792	0.00850	0.01148	0.06880	0.06862	0.07109	0.36894	0.18198	0.14987	0.00637	0.00735	0.00330	0.00357
27	0.01008	0.00964	0.01609	0.69107	0.03307	0.01212	0.03573	0.01331	0.01019	0.01331	0.00901	0.01360	0.00696	0.00563	0.00660	0.00180	0.09898	0.00466	0.00232	0.00581
28	0.01563	0.01600	0.01770	0.03582	0.05056	0.27702	0.15143	0.05713	0.01284	0.08686	0.01012	0.01252	0.00809	0.00803	0.05403	0.00208	0.16993	0.00458	0.00307	0.00657
29	0.01359	0.01150	0.01213	0.01073	0.01378	0.01325	0.00840	0.09653	0.70519	0.02281	0.02039	0.01878	0.01524	0.00699	0.00529	0.00175	0.00427	0.00578	0.00529	0.00830
30	0.00683	0.00490	0.00589	0.00634	0.00685	0.00460	0.00413	0.00764	0.00991	0.01305	0.10021	0.35300	0.14824	0.28898	0.01331	0.00302	0.00360	0.01122	0.00435	0.00395
31	0.80125	0.01010	0.00793	0.00704	0.01021	0.01166	0.00577	0.04290	0.00939	0.02335	0.00749	0.00880	0.00585	0.00523	0.00374	0.02333	0.00410	0.00293	0.00327	0.00567
32	0.00998	0.00954	0.01651	0.75856	0.03536	0.01166	0.05853	0.01350	0.01052	0.01350	0.00933	0.01389	0.00700	0.00516	0.00526	0.00174	0.00705	0.00472	0.00233	0.00586
33	0.00723	0.00496	0.00606	0.00659	0.00680	0.00485	0.00422	0.00776	0.00881	0.01171	0.02169	0.30549	0.02532	0.46583	0.01785	0.00379	0.00433	0.07915	0.00389	0.00368
34	0.01171	0.01236	0.02542	0.07845	0.13366	0.01192	0.51383	0.01527	0.01176	0.01605	0.03613	0.02963	0.00982	0.00583	0.00689	0.05822	0.00768	0.00598	0.00272	0.00667
35	0.01862	0.01489	0.01491	0.01187	0.01571	0.08211	0.00963	0.57913	0.14990	0.02925	0.01359	0.01340	0.00986	0.00631	0.00518	0.00158	0.00577	0.00478	0.00501	0.00851
36	0.01033	0.02632	0.76833	0.01463	0.02212	0.01188	0.01884	0.01624	0.01097	0.01640	0.00988	0.03318	0.00737	0.00526	0.00499	0.00166	0.00757	0.00415	0.00227	0.00760
37	0.01080	0.02474	0.67143	0.01716	0.11527	0.01216	0.04357	0.01644	0.01114	0.01656	0.00944	0.01133	0.00684	0.00489	0.00501	0.00164	0.00755	0.00402	0.00226	0.00774

[dist]
# distance from previous block
# <min> <max>
0	15

[block]
# block no. 3 follows, 47 sequences, length 62
# corresponding to MSA columns:
# 323-350,358-391
name=unknown_D
#
# <colnr> <probs for GDERKNQSTAVLIFYWHMCP>
#	G	D	E	R	K	N	Q	S	T	A	V	L	I	F	Y	W	H	M	C	P
0	0.02027	0.14112	0.04484	0.01012	0.01436	0.01018	0.05421	0.02253	0.01390	0.56685	0.03698	0.01628	0.01228	0.00605	0.00500	0.00154	0.00495	0.00495	0.00535	0.00825
1	0.00931	0.00868	0.01549	0.13156	0.08868	0.00866	0.20436	0.02076	0.01124	0.01496	0.02038	0.30790	0.06012	0.01008	0.00616	0.00191	0.00553	0.06489	0.00369	0.00566
2	0.00741	0.00523	0.00652	0.00682	0.00732	0.00521	0.00454	0.02993	0.00982	0.01328	0.09426	0.31891	0.04399	0.31461	0.10491	0.00385	0.00505	0.01017	0.00407	0.00408
3	0.03815	0.01153	0.01080	0.06596	0.01342	0.17374	0.00769	0.07897	0.09685	0.09796	0.18635	0.10851	0.07148	0.00857	0.00548	0.00165	0.00501	0.00709	0.00460	0.00622
4	0.01433	0.14950	0.04708	0.22212	0.25196	0.01318	0.01275	0.08034	0.01276	0.13095	0.01103	0.01299	0.00832	0.00517	0.00487	0.00154	0.00603	0.00438	0.00323	0.00747
5	0.02057	0.00847	0.01113	0.00880	0.01237	0.00759	0.00718	0.02343	0.06366	0.62949	0.04798	0.01966	0.03708	0.00680	0.00518	0.00160	0.00413	0.00557	0.07107	0.00824
6	0.01087	0.06622	0.61553	0.01346	0.02006	0.01196	0.01653	0.01693	0.06574	0.03463	0.06993	0.01376	0.01069	0.00555	0.00499	0.00163	0.00685	0.00440	0.00279	0.00749
7	0.01253	0.01263	0.04435	0.17385	0.37318	0.05089	0.08902	0.06606	0.03857	0.01702	0.01148	0.06572	0.00985	0.00573	0.00534	0.00164	0.00649	0.00541	0.00294	0.00730
8	0.04080	0.01534	0.01504	0.15448	0.04518	0.22581	0.02870	0.26434	0.01604	0.02011	0.01033	0.01278	0.00817	0.03639	0.00656	0.00171	0.05904	0.00440	0.02795	0.00685
9	0.00939	0.00621	0.00799	0.00771	0.00917	0.00598	0.00594	0.06896	0.01415	0.07414	0.41175	0.19874	0.03785	0.01168	0.00625	0.00183	0.00328	0.10820	0.00543	0.00534
10	0.01212	0.01517	0.16577	0.05100	0.34765	0.07451	0.05413	0.01645	0.06893	0.01652	0.01383	0.01857	0.04179	0.00619	0.00537	0.00167	0.00647	0.07349	0.00301	0.00733
11	0.01158	0.07258	0.51316	0.07465	0.02120	0.01225	0.03331	0.01723	0.06558	0.06446	0.02008	0.01370	0.00881	0.00557	0.00529	0.00166	0.02523	0.02342	0.00281	0.00743
12	0.00667	0.00481	0.00644	0.00738	0.00786	0.00469	0.00514	0.00775	0.00982	0.01313	0.02693	0.59419	0.05868	0.06150	0.11264	0.00310	0.00467	0.05587	0.00447	0.00427
13	0.09134	0.06976	0.03603	0.06918	0.17325	0.24076	0.01113	0.08941	0.11009	0.01771	0.01044	0.01193	0.00831	0.00551	0.00516	0.00153	0.03407	0.00412	0.00320	0.00706
14	0.01025	0.00970	0.07128	0.01190	0.01461	0.00841	0.18248	0.01438	0.11281	0.07084	0.02979	0.33326	0.03922	0.01053	0.00614	0.00192	0.00504	0.05708	0.00431	0.00604
15	0.01884	0.04992	0.07550	0.01183	0.01623	0.01532	0.01036	0.59856	0.04783	0.08405	0.01290	0.01282	0.00912	0.00611	0.00511	0.00156	0.00573	0.00462	0.00494	0.00865
16	0.02345	0.00631	0.00774	0.00700	0.00874	0.00595	0.00536	0.06465	0.01486	0.07991	0.54213	0.05317	0.13985	0.01037	0.00597	0.00166	0.00290	0.00897	0.00557	0.00543
17	0.06452	0.34080	0.28235	0.01289	0.03712	0.02619	0.09364	0.01670	0.03975	0.02865	0.00913	0.01057	0.00721	0.00479	0.00435	0.00144	0.00653	0.00372	0.00253	0.00712
18	0.07057	0.00901	0.03908	0.01165	0.09750	0.04855	0.04055	0.05404	0.01173	0.07557	0.02126	0.43647	0.03254	0.01130	0.00586	0.00187	0.00447	0.01792	0.00431	0.00575
19	0.00926	0.00625	0.00811	0.00871	0.00997	0.00625	0.00683	0.01253	0.10616	0.07501	0.02671	0.36671	0.02878	0.01367	0.00658	0.00214	0.00394	0.29210	0.00500	0.00530
20	0.01379	0.01257	0.02010	0.06041	0.64008	0.01290	0.01502	0.12730	0.01367	0.01921	0.01018	0.01287	0.00829	0.00490	0.00517	0.00156	0.00615	0.00465	0.00296	0.00824
21	0.01525	0.01447	0.01961	0.02500	0.49062	0.14429	0.06369	0.07103	0.01351	0.07690	0.01057	0.01272	0.00837	0.00500	0.00515	0.00153	0.00673	0.00457	0.00309	0.00789
22	0.01100	0.15397	0.66785	0.01389	0.02107	0.01346	0.01759	0.01635	0.01093	0.01581	0.00901	0.01057	0.00661	0.00487	0.00469	0.00156	0.00736	0.00368	0.00220	0.00753
23	0.05051	0.01244	0.01349	0.04514	0.01522	0.01374	0.00896	0.52683	0.08672	0.02779	0.01717	0.07293	0.07077	0.00747	0.00531	0.00164	0.00514	0.00592	0.00496	0.00787
24	0.04209	0.01257	0.06994	0.09487	0.42931	0.01178	0.07190	0.04309	0.04030	0.08719	0.02553	0.01456	0.02281	0.00526	0.00521	0.00161	0.00610	0.00494	0.00319	0.00776
25	0.01258	0.01266	0.01778	0.14096	0.46842	0.11554	0.01371	0.01534	0.01157	0.01524	0.01004	0.01358	0.00848	0.00939	0.11022	0.00245	0.00776	0.00459	0.00258	0.00711
26	0.00734	0.00553	0.00691	0.00776	0.00852	0.00550	0.00546	0.01018	0.11182	0.01458	0.02852	0.63595	0.05909	0.01486	0.00648	0.00207	0.00326	0.05648	0.00489	0.00480
27	0.00846	0.04192	0.05373	0.06448	0.01109	0.00620	0.00667	0.01000	0.01065	0.07330	0.02692	0.54102	0.09909	0.01329	0.00615	0.00194	0.00376	0.01182	0.00451	0.00502
28	0.01127	0.18517	0.46206	0.01430	0.04776	0.01351	0.08357	0.01619	0.03977	0.01568	0.01062	0.05810	0.00877	0.00553	0.00485	0.00158	0.00690	0.00459	0.00253	0.00727
29	0.01218	0.01026	0.01647	0.53255	0.18214	0.01181	0.01393	0.07287	0.01211	0.07070	0.01042	0.01385	0.00777	0.00526	0.00520	0.00168	0.00652	0.00468	0.00288	0.00673
30	0.01731	0.00832	0.01062	0.00868	0.01179	0.00777	0.00697	0.04875	0.10393	0.44674	0.21014	0.02438	0.05553	0.00784	0.00551	0.00164	0.00388	0.00658	0.00602	0.00762
31	0.11245	0.01109	0.01232	0.01086	0.05790	0.05937	0.00820	0.19675	0.04309	0.28613	0.12297	0.02645	0.01591	0.00677	0.00511	0.00159	0.00480	0.00540	0.00517	0.00766
32	0.00922	0.00545	0.00714	0.00728	0.00834	0.00513	0.00517	0.01030	0.01052	0.12797	0.05207	0.39700	0.10070	0.10254	0.09874	0.02760	0.00468	0.01070	0.00462	0.00483
33	0.27994	0.00924	0.01072	0.00852	0.01230	0.00890	0.00703	0.02227	0.01304	0.55182	0.01644	0.01486	0.01065	0.00595	0.00461	0.00161	0.00431	0.00449	0.00545	0.00787
34	0.02537	0.02498	0.70185	0.01475	0.02192	0.01180	0.05796	0.01608	0.01098	0.01649	0.01021	0.04589	0.00786	0.00541	0.00505	0.00167	0.00749	0.00443	0.00235	0.00747
35	0.01278	0.03370	0.21383	0.01935	0.29118	0.05365	0.03566	0.11563	0.03771	0.01873	0.04704	0.01631	0.06953	0.00596	0.00520	0.00159	0.00624	0.00512	0.00323	0.00756
36	0.01274	0.37879	0.36240	0.01183	0.01743	0.01588	0.01355	0.01633	0.01084	0.05529	0.00885	0.01020	0.00698	0.00506	0.00497	0.00145	0.05430	0.00349	0.00244	0.00719
37	0.00763	0.00542	0.00738	0.00849	0.00928	0.00532	0.00677	0.00933	0.01095	0.01437	0.02709	0.31556	0.03065	0.07727	0.00850	0.00251	0.00421	0.44012	0.00468	0.00447
38	0.01168	0.01138	0.01968	0.03839	0.30728	0.01153	0.21139	0.03030	0.10197	0.01697	0.01535	0.11102	0.04500	0.00683	0.00611	0.00174	0.03628	0.00667	0.00331	0.00714
39	0.05523	0.00961	0.01415	0.55744	0.02834	0.03151	0.01236	0.06015	0.01114	0.01514	0.02761	0.01459	0.00862	0.00883	0.08246	0.00236	0.03704	0.00471	0.01287	0.00583
40	0.80973	0.01001	0.00789	0.00698	0.01024	0.01147	0.00575	0.01584	0.00918	0.06392	0.00796	0.00895	0.00602	0.00492	0.00333	0.00161	0.00405	0.00295	0.00339	0.00581
41	0.01151	0.01029	0.02976	0.19510	0.02078	0.01137	0.17048	0.04142	0.01098	0.07437	0.01276	0.08357	0.01138	0.01065	0.08792	0.00256	0.17441	0.03140	0.00314	0.00613
42	0.09451	0.02344	0.01373	0.01156	0.03164	0.03648	0.04145	0.21749	0.38663	0.06296	0.01630	0.01569	0.01204	0.00636	0.00507	0.00166	0.00497	0.00512	0.00484	0.00805
43	0.03121	0.21709	0.19284	0.05986	0.24122	0.11731	0.02396	0.01667	0.01165	0.02981	0.00897	0.01095	0.00725	0.00482	0.00458	0.00145	0.00679	0.00383	0.00249	0.00726
44	0.00636	0.00462	0.00596	0.00702	0.00746	0.00427	0.00471	0.00728	0.01009	0.01329	0.03071	0.72060	0.10600	0.03609	0.00710	0.00215	0.00304	0.01426	0.00479	0.00422
45	0.00977	0.00872	0.01436	0.45167	0.12560	0.00997	0.02596	0.01284	0.01104	0.01445	0.01488	0.05298	0.01419	0.00794	0.00579	0.00190	0.00617	0.20285	0.00310	0.00581
46	0.08770	0.15649	0.01687	0.01145	0.01500	0.22038	0.06263	0.15769	0.01504	0.12955	0.05332	0.01291	0.01033	0.00578	0.00495	0.00147	0.02326	0.00429	0.00382	0.00705
47	0.01922	0.00975	0.01187	0.00957	0.01312	0.00966	0.00775	0.11216	0.19487	0.45160	0.04552	0.01832	0.01438	0.00669	0.00519	0.00162	0.00434	0.00545	0.05053	0.00837
48	0.68654	0.00983	0.00855	0.00734	0.01072	0.01087	0.00605	0.01734	0.01008	0.17737	0.00993	0.01033	0.00710	0.00516	0.00363	0.00161	0.00411	0.00331	0.00387	0.00629
49	0.05398	0.01370	0.01582	0.14631	0.20380	0.14949	0.01163	0.13770	0.03891	0.13069	0.01154	0.01304	0.00861	0.00564	0.00547	0.00159	0.03655	0.00446	0.00364	0.00743
50	0.01208	0.10827	0.18664	0.07053	0.02462	0.03273	0.43653	0.01629	0.01165	0.01571	0.00967	0.01257	0.00737	0.00471	0.00576	0.00166	0.02866	0.00508	0.00247	0.00698
51	0.00643	0.00520	0.00567	0.00586	0.00724	0.00454	0.00424	0.00788	0.02114	0.01444	0.10719	0.20239	0.53455	0.04085	0.00693	0.00193	0.00280	0.01145	0.00486	0.00441
52	0.01239	0.01278	0.02455	0.17866	0.10759	0.01317	0.42803	0.07384	0.01254	0.01702	0.01011	0.01360	0.00775	0.00503	0.00649	0.00175	0.05952	0.00547	0.00274	0.00696
53	0.05957	0.01167	0.01585	0.30145	0.03658	0.01335	0.05149	0.28985	0.01577	0.08094	0.01112	0.01321	0.00810	0.00588	0.00598	0.00169	0.06183	0.00468	0.00376	0.00724
54	0.00649	0.00467	0.00604	0.00699	0.00750	0.00432	0.00475	0.00760	0.01056	0.01415	0.09639	0.66997	0.09300	0.01536	0.00650	0.00203	0.00293	0.01383	0.02263	0.00432
55	0.01604	0.01067	0.07089	0.00925	0.01266	0.03819	0.00798	0.14998	0.01585	0.30654	0.17742	0.02459	0.12110	0.00801	0.00550	0.00162	0.00446	0.00658	0.00540	0.00727
56	0.07055	0.01371	0.01755	0.17604	0.38019	0.12770	0.01338	0.10728	0.01333	0.01801	0.00959	0.01223	0.00767	0.00507	0.00497	0.00156	0.00660	0.00433	0.00290	0.00734
57	0.04618	0.11394	0.01706	0.01298	0.07478	0.01586	0.02254	0.49655	0.10329	0.02724	0.01238	0.01266	0.00918	0.00591	0.00493	0.00153	0.00556	0.00454	0.00453	0.00833
58	0.00929	0.00666	0.00821	0.06390	0.01087	0.00656	0.00610	0.02573	0.09997	0.07852	0.30811	0.08778	0.22988	0.01058	0.00595	0.00174	0.00332	0.02612	0.00517	0.00555
59	0.00848	0.02763	0.01014	0.02735	0.01082	0.00801	0.01689	0.01034	0.00884	0.01282	0.01326	0.02030	0.01253	0.05271	0.53396	0.00624	0.09669	0.03748	0.02059	0.06492
60	0.09525	0.01197	0.01967	0.08423	0.63563	0.01227	0.03417	0.01574	0.01147	0.01736	0.00953	0.01255	0.00789	0.00469	0.00499	0.00157	0.00610	0.00450	0.00262	0.00779
61	0.01230	0.00790	0.01068	0.00912	0.01163	0.00764	0.06051	0.05558	0.10179	0.17883	0.28662	0.03231	0.11140	0.00934	0.00591	0.00174	0.00393	0.08099	0.00539	0.00640

[dist]
# distance from previous block
# <min> <max>
0	41

[block]
# block no. 4 follows, 47 sequences, length 25
# corresponding to MSA columns:
# 433-437,442-461
name=unknown_E
#
# <colnr> <probs for GDERKNQSTAVLIFYWHMCP>
#	G	D	E	R	K	N	Q	S	T	A	V	L	I	F	Y	W	H	M	C	P
0	0.03900	0.12786	0.66634	0.01382	0.02095	0.01317	0.01747	0.01634	0.01087	0.01618	0.00901	0.01057	0.00658	0.00488	0.00468	0.00158	0.00730	0.00368	0.00224	0.00750
1	0.03728	0.01284	0.01354	0.07513	0.01608	0.08715	0.00912	0.34510	0.07387	0.18500	0.01425	0.01426	0.01006	0.00610	0.00500	0.00154	0.00550	0.00470	0.06083	0.02265
2	0.01290	0.01471	0.12812	0.10774	0.14524	0.01307	0.25932	0.11370	0.11616	0.01908	0.01180	0.01395	0.00887	0.00520	0.00548	0.00168	0.00699	0.00520	0.00322	0.00757
3	0.02093	0.00832	0.01130	0.00885	0.01245	0.00724	0.00724	0.02301	0.01488	0.67119	0.13655	0.02095	0.01841	0.00709	0.00537	0.00162	0.00413	0.00587	0.00634	0.00826
4	0.03053	0.01085	0.03874	0.04780	0.03638	0.01038	0.00892	0.17536	0.10708	0.40586	0.04053	0.01764	0.03246	0.00659	0.00525	0.00163	0.00483	0.00535	0.00551	0.00831
5	0.17277	0.50861	0.02129	0.02798	0.01377	0.01794	0.00860	0.14601	0.01267	0.01794	0.00820	0.00923	0.00687	0.00486	0.00369	0.00130	0.00534	0.00317	0.00293	0.00684
6	0.00696	0.00511	0.00652	0.00744	0.00797	0.00499	0.00505	0.00899	0.07213	0.01406	0.04742	0.69779	0.03271	0.04719	0.00731	0.00219	0.00318	0.01365	0.00483	0.00453
7	0.00794	0.00583	0.00810	0.00950	0.03673	0.00570	0.00749	0.00998	0.01166	0.01530	0.06340	0.22102	0.06986	0.01423	0.00690	0.00224	0.00424	0.49035	0.00477	0.00478
8	0.01347	0.58861	0.07116	0.00981	0.01373	0.09022	0.00946	0.01529	0.01081	0.01266	0.00917	0.07416	0.00894	0.00578	0.00456	0.00131	0.04798	0.00397	0.00248	0.00644
9	0.25178	0.19948	0.09119	0.12718	0.05116	0.01299	0.02469	0.03191	0.01076	0.03085	0.04699	0.04136	0.01062	0.02041	0.00474	0.00162	0.00534	0.02764	0.00304	0.00623
10	0.00634	0.00453	0.00604	0.00725	0.00755	0.00423	0.00483	0.00725	0.00997	0.01329	0.02870	0.81358	0.03444	0.01632	0.00665	0.00211	0.00302	0.01480	0.00483	0.00423
11	0.00983	0.00926	0.01562	0.80447	0.03587	0.01157	0.01446	0.01331	0.01041	0.01331	0.00926	0.01388	0.00694	0.00521	0.00521	0.00174	0.00694	0.00463	0.00231	0.00579
12	0.01158	0.06142	0.31520	0.01273	0.01757	0.01170	0.09251	0.07761	0.11317	0.03548	0.11770	0.01757	0.02977	0.00783	0.04123	0.00195	0.01889	0.00539	0.00355	0.00715
13	0.00639	0.00517	0.00569	0.00607	0.00737	0.00455	0.00436	0.00790	0.03016	0.01400	0.04392	0.30502	0.51291	0.01408	0.00630	0.00188	0.00280	0.01214	0.00485	0.00444
14	0.01153	0.00969	0.01119	0.00806	0.01265	0.00769	0.00647	0.07460	0.01191	0.01826	0.00952	0.01094	0.00781	0.00405	0.00397	0.00084	0.00401	0.00322	0.00326	0.78032
15	0.49025	0.01188	0.01058	0.00890	0.01235	0.04251	0.00725	0.21342	0.09106	0.05194	0.01053	0.01099	0.00781	0.00551	0.00408	0.00160	0.00470	0.00372	0.00404	0.00687
16	0.04127	0.00950	0.01546	0.63991	0.09365	0.01128	0.01364	0.01471	0.01089	0.08561	0.01027	0.01397	0.00755	0.00526	0.00513	0.00170	0.00655	0.00462	0.00275	0.00626
17	0.01143	0.17089	0.43772	0.07879	0.02228	0.01384	0.13159	0.01653	0.04055	0.01568	0.00959	0.01153	0.00720	0.00487	0.00487	0.00158	0.00727	0.00415	0.00240	0.00727
18	0.02255	0.00971	0.01255	0.00967	0.01369	0.00897	0.00798	0.12538	0.04077	0.66158	0.01948	0.01708	0.01244	0.00644	0.00524	0.00161	0.00460	0.00518	0.00624	0.00884
19	0.00790	0.00502	0.00651	0.00721	0.00802	0.00457	0.00499	0.00895	0.01065	0.08504	0.03076	0.65072	0.11990	0.01504	0.00646	0.00203	0.00311	0.01347	0.00498	0.00468
20	0.01392	0.01507	0.19854	0.06301	0.40752	0.01150	0.04548	0.01759	0.01212	0.14780	0.01152	0.01337	0.00857	0.00504	0.00516	0.00160	0.00638	0.00462	0.00314	0.00805
21	0.00634	0.00456	0.00602	0.00719	0.00754	0.00424	0.00481	0.00726	0.01003	0.01332	0.02946	0.78964	0.05790	0.01622	0.00663	0.00210	0.00301	0.01468	0.00483	0.00424
22	0.01006	0.00970	0.01702	0.73210	0.03507	0.01172	0.08392	0.01362	0.01059	0.01362	0.00937	0.01390	0.00703	0.00513	0.00529	0.00174	0.00711	0.00477	0.00234	0.00590
23	0.04360	0.01096	0.08389	0.00988	0.01403	0.00901	0.00874	0.06855	0.07667	0.55726	0.04891	0.01751	0.01355	0.00647	0.00519	0.00163	0.00470	0.00523	0.00577	0.00846
24	0.01114	0.13013	0.59203	0.01497	0.02193	0.01336	0.11337	0.01640	0.01111	0.01596	0.00922	0.01104	0.00678	0.00481	0.00489	0.00159	0.00755	0.00400	0.00226	0.00748

[dist]
# distance from previous block
# <min> <max>
1	23

[block]
# block no. 5 follows, 47 sequences, length 22
# corresponding to MSA columns:
# 485-506
name=unknown_F
#
# <colnr> <probs for GDERKNQSTAVLIFYWHMCP>
#	G	D	E	R	K	N	Q	S	T	A	V	L	I	F	Y	W	H	M	C	P
0	0.02336	0.00886	0.01209	0.00927	0.01329	0.00765	0.00765	0.02538	0.01491	0.78810	0.02055	0.01773	0.01289	0.00645	0.00524	0.00161	0.00443	0.00524	0.00645	0.00886
1	0.08867	0.01360	0.01490	0.01316	0.08791	0.03019	0.00982	0.51254	0.08569	0.05413	0.01266	0.01287	0.00920	0.00598	0.00501	0.00156	0.00548	0.00459	0.00474	0.02730
2	0.00890	0.00668	0.00866	0.00938	0.01078	0.00692	0.00785	0.01318	0.13706	0.01669	0.06829	0.11937	0.02913	0.01315	0.00678	0.00223	0.00440	0.52032	0.00493	0.00532
3	0.01738	0.01075	0.06246	0.01199	0.08652	0.00970	0.00916	0.02340	0.23319	0.39068	0.04520	0.04681	0.01493	0.00686	0.00531	0.00167	0.00460	0.00577	0.00539	0.00825
4	0.01882	0.07011	0.01526	0.01121	0.01498	0.08857	0.00920	0.49483	0.05112	0.10380	0.01292	0.01304	0.00934	0.00642	0.00542	0.02540	0.00573	0.00453	0.03120	0.00810
5	0.01148	0.14808	0.20605	0.01105	0.01465	0.05785	0.03415	0.04686	0.07966	0.03248	0.04144	0.18270	0.01558	0.04088	0.00673	0.00182	0.05201	0.00666	0.00346	0.00641
6	0.00833	0.00523	0.00704	0.00765	0.00854	0.00487	0.00557	0.00975	0.01135	0.08629	0.13226	0.53384	0.03390	0.01436	0.00652	0.00204	0.00331	0.10922	0.00510	0.00483
7	0.01395	0.01116	0.01830	0.16998	0.47002	0.01168	0.01404	0.01681	0.01184	0.14245	0.01127	0.01377	0.00868	0.00533	0.00595	0.00164	0.05754	0.00473	0.00314	0.00773
8	0.02643	0.03022	0.04955	0.10295	0.13552	0.09402	0.29581	0.03852	0.03839	0.11964	0.01162	0.01370	0.00858	0.00506	0.00543	0.00164	0.00727	0.00510	0.00325	0.00730
9	0.01189	0.01311	0.04864	0.03672	0.08867	0.01287	0.46195	0.01667	0.08362	0.01638	0.01125	0.01449	0.00884	0.00742	0.05785	0.00221	0.09193	0.00568	0.00283	0.00695
10	0.01100	0.00999	0.01603	0.67228	0.08946	0.01206	0.01414	0.08481	0.01185	0.01543	0.00960	0.01368	0.00722	0.00526	0.00520	0.00171	0.00677	0.00463	0.00261	0.00626
11	0.01440	0.01137	0.01303	0.05066	0.09153	0.04793	0.00911	0.25852	0.14557	0.06220	0.04617	0.05269	0.08133	0.00867	0.03620	0.00191	0.02272	0.00605	0.03261	0.00731
12	0.06355	0.00961	0.06578	0.00915	0.01255	0.00809	0.00789	0.06576	0.02587	0.42383	0.13279	0.07366	0.01902	0.00886	0.03397	0.00191	0.00468	0.02007	0.00550	0.00746
13	0.00772	0.00510	0.00660	0.00733	0.00820	0.00468	0.00526	0.00894	0.01087	0.06751	0.04641	0.56142	0.13775	0.01489	0.00652	0.00205	0.00323	0.08592	0.00496	0.00464
14	0.01422	0.39070	0.15218	0.01145	0.01588	0.15614	0.05819	0.01671	0.01171	0.05627	0.01017	0.06571	0.00902	0.00563	0.00437	0.00138	0.00658	0.00425	0.00274	0.00671
15	0.01369	0.01428	0.11695	0.06087	0.53642	0.04362	0.02994	0.01703	0.01210	0.08954	0.01068	0.01303	0.00835	0.00490	0.00514	0.00157	0.00642	0.00457	0.00289	0.00801
16	0.01137	0.00948	0.01572	0.54657	0.10413	0.01101	0.03734	0.01455	0.01126	0.08757	0.06391	0.01581	0.01059	0.00575	0.00570	0.00172	0.03320	0.00507	0.00298	0.00629
17	0.00741	0.00563	0.00682	0.00757	0.05045	0.00498	0.00511	0.00888	0.01182	0.04616	0.12529	0.24368	0.43134	0.01297	0.00619	0.00182	0.00299	0.01122	0.00488	0.00481
18	0.01144	0.00911	0.01086	0.09650	0.06737	0.08154	0.00876	0.03403	0.05754	0.08775	0.10744	0.09824	0.06493	0.01017	0.00604	0.00189	0.00498	0.23105	0.00448	0.00589
19	0.03724	0.01191	0.01947	0.19279	0.50279	0.01256	0.04566	0.08322	0.01262	0.01782	0.00988	0.01298	0.00794	0.00490	0.00516	0.00160	0.00635	0.00465	0.00278	0.00766
20	0.00654	0.00524	0.00587	0.00607	0.00751	0.00458	0.00456	0.00806	0.01206	0.01511	0.15725	0.15018	0.51446	0.01331	0.00630	0.00184	0.00283	0.06879	0.00497	0.00448
21	0.01783	0.01249	0.01334	0.01060	0.01395	0.03873	0.00844	0.48916	0.06172	0.11756	0.01443	0.01694	0.01131	0.13920	0.00869	0.00214	0.00550	0.00525	0.00494	0.00780

[dist]
# distance from previous block
# <min> <max>
0	1

[block]
# block no. 6 follows, 47 sequences, length 6
# corresponding to MSA columns:
# 508-513
name=unknown_G
#
# <colnr> <probs for GDERKNQSTAVLIFYWHMCP>
#	G	D	E	R	K	N	Q	S	T	A	V	L	I	F	Y	W	H	M	C	P
0	0.01171	0.12975	0.40166	0.11268	0.13012	0.01347	0.06470	0.04770	0.01164	0.01630	0.00932	0.01151	0.00706	0.00489	0.00488	0.00158	0.00709	0.00409	0.00243	0.00741
1	0.00906	0.00607	0.00804	0.00825	0.00926	0.00624	0.00612	0.06157	0.01106	0.07026	0.02314	0.44091	0.02550	0.04967	0.14827	0.00330	0.02968	0.07414	0.00447	0.00501
2	0.75157	0.01055	0.01046	0.00868	0.01215	0.01186	0.09794	0.01547	0.00928	0.02255	0.00765	0.00914	0.00591	0.00478	0.00358	0.00163	0.00461	0.00322	0.00315	0.00581
3	0.00692	0.00526	0.00637	0.00619	0.00753	0.00471	0.00461	0.00891	0.01352	0.01823	0.50167	0.09365	0.27982	0.01182	0.00618	0.00171	0.00255	0.01027	0.00539	0.00471
4	0.06678	0.06941	0.06635	0.09975	0.01606	0.01003	0.00859	0.08730	0.01210	0.04588	0.00971	0.01125	0.00764	0.00452	0.00419	0.00113	0.00481	0.00351	0.00321	0.46778
5	0.00753	0.00570	0.00681	0.00648	0.00794	0.00525	0.00486	0.04501	0.01403	0.01892	0.47790	0.09328	0.26387	0.01157	0.00614	0.00170	0.00270	0.01002	0.00538	0.00490

[dist]
# distance from previous block
# <min> <max>
0	1

# created by:
# /st0/software/busco_prod/Augustus/scripts/msa2prfl.pl ./align_prep/167325.fa
