[name]
unknown

[dist]
# distance from previous block
# <min> <max>
0	58

[block]
# block no. 0 follows, 45 sequences, length 28
# corresponding to MSA columns:
# 67-94
name=unknown_A
#
# <colnr> <probs for GDERKNQSTAVLIFYWHMCP>
#	G	D	E	R	K	N	Q	S	T	A	V	L	I	F	Y	W	H	M	C	P
0	0.14418	0.23862	0.09004	0.01003	0.01412	0.04563	0.00937	0.14701	0.01418	0.10779	0.04414	0.01680	0.04110	0.00651	0.00467	0.00156	0.00547	0.04771	0.00392	0.00717
1	0.05265	0.04162	0.03770	0.04559	0.03763	0.01061	0.04438	0.15945	0.03705	0.14502	0.08446	0.04081	0.13321	0.00781	0.00587	0.00165	0.03485	0.00639	0.00463	0.06862
2	0.04104	0.02518	0.05858	0.03568	0.01430	0.01168	0.00869	0.34168	0.03330	0.05920	0.06244	0.05790	0.07408	0.03682	0.00608	0.00172	0.00496	0.00605	0.05371	0.06691
3	0.01482	0.01087	0.01260	0.01081	0.03134	0.05485	0.03243	0.19193	0.08275	0.13149	0.14096	0.08365	0.03400	0.03223	0.02200	0.00191	0.03700	0.00674	0.00493	0.06268
4	0.08711	0.00748	0.00876	0.03377	0.00988	0.03213	0.00598	0.11347	0.01041	0.01496	0.01077	0.03720	0.01004	0.03742	0.01522	0.51120	0.00491	0.00489	0.04038	0.00404
5	0.04529	0.70649	0.02588	0.00937	0.01369	0.07494	0.00903	0.01628	0.01127	0.01333	0.02892	0.00957	0.00807	0.00485	0.00362	0.00120	0.00587	0.00310	0.00247	0.00675
6	0.84927	0.01038	0.00789	0.00706	0.01038	0.01204	0.00581	0.01578	0.00914	0.02408	0.00747	0.00872	0.00581	0.00498	0.00332	0.00166	0.00415	0.00291	0.00332	0.00581
7	0.01348	0.01160	0.01299	0.07597	0.04018	0.01340	0.00937	0.06729	0.64141	0.02221	0.01998	0.01895	0.01498	0.00700	0.00544	0.00180	0.00464	0.00585	0.00512	0.00832
8	0.00653	0.00490	0.00606	0.00692	0.00766	0.00443	0.00475	0.00763	0.01096	0.01420	0.06324	0.58356	0.22816	0.01577	0.00670	0.00207	0.00299	0.01404	0.00502	0.00443
9	0.01829	0.01376	0.01491	0.03230	0.01635	0.01537	0.00979	0.51821	0.22978	0.05090	0.01551	0.01505	0.01120	0.00665	0.00540	0.00167	0.00544	0.00519	0.00535	0.00887
10	0.01387	0.00928	0.01088	0.00918	0.01207	0.00904	0.00714	0.23685	0.01589	0.12314	0.05407	0.26112	0.05177	0.00974	0.00567	0.00166	0.00425	0.00833	0.00505	0.15100
11	0.04262	0.16624	0.12850	0.06594	0.07818	0.10461	0.01169	0.13330	0.14892	0.05138	0.01219	0.01298	0.00929	0.00570	0.00485	0.00156	0.00632	0.00435	0.00363	0.00772
12	0.11873	0.35285	0.29529	0.01205	0.01763	0.01630	0.05655	0.03164	0.01118	0.01635	0.00854	0.01009	0.00684	0.00495	0.00450	0.00148	0.02180	0.00355	0.00250	0.00717
13	0.00781	0.00520	0.00585	0.00585	0.00585	0.00520	0.00325	0.00781	0.00781	0.01041	0.01691	0.03513	0.01952	0.81135	0.02732	0.00520	0.00520	0.00781	0.00325	0.00325
14	0.01315	0.01244	0.01448	0.12263	0.05939	0.12642	0.04873	0.14011	0.03760	0.01777	0.03918	0.03893	0.05515	0.02369	0.11654	0.00276	0.10291	0.00571	0.01598	0.00644
15	0.01201	0.00904	0.02782	0.00922	0.03866	0.07409	0.00683	0.03854	0.04509	0.14277	0.25374	0.13194	0.12701	0.05024	0.00704	0.00191	0.00417	0.00868	0.00514	0.00605
16	0.09214	0.01111	0.01323	0.01023	0.01436	0.01101	0.00845	0.25797	0.01797	0.48094	0.01740	0.01576	0.01134	0.00644	0.00521	0.00165	0.00496	0.00501	0.00596	0.00885
17	0.02300	0.00941	0.01247	0.00965	0.01368	0.00844	0.00794	0.06471	0.04053	0.69221	0.04533	0.01875	0.01439	0.00680	0.00543	0.00166	0.00456	0.00553	0.00651	0.00898
18	0.01412	0.04164	0.03355	0.21920	0.09279	0.03336	0.01122	0.15713	0.04212	0.10204	0.03499	0.09109	0.01284	0.02624	0.00683	0.00184	0.06203	0.00598	0.00392	0.00709
19	0.02064	0.04112	0.01335	0.01022	0.01404	0.04199	0.00835	0.09899	0.15833	0.47893	0.01922	0.01744	0.01296	0.00767	0.02983	0.00187	0.00520	0.00531	0.00585	0.00868
20	0.00734	0.00501	0.00599	0.00645	0.00656	0.00490	0.00389	0.00768	0.00871	0.01161	0.02155	0.31775	0.02536	0.52075	0.01983	0.00410	0.00444	0.01053	0.00389	0.00366
21	0.01785	0.00910	0.01127	0.00924	0.01245	0.00878	0.00748	0.14489	0.05603	0.37733	0.13912	0.04058	0.04793	0.00814	0.00561	0.00170	0.00427	0.03993	0.05052	0.00778
22	0.01216	0.18297	0.34464	0.01697	0.12235	0.01443	0.11137	0.01692	0.04333	0.01625	0.01042	0.01336	0.00839	0.00543	0.00550	0.00164	0.03637	0.02733	0.00260	0.00756
23	0.01225	0.01199	0.02007	0.21297	0.48044	0.03113	0.07120	0.01547	0.01194	0.01630	0.01209	0.03064	0.03867	0.00550	0.00546	0.00167	0.00664	0.00533	0.00274	0.00751
24	0.00932	0.00466	0.00699	0.00699	0.00699	0.00466	0.00466	0.00699	0.00699	0.00932	0.00932	0.01632	0.00932	0.01865	0.02098	0.84382	0.00466	0.00466	0.00233	0.00233
25	0.01333	0.01602	0.13022	0.09369	0.47886	0.11080	0.01576	0.01674	0.01235	0.01651	0.01044	0.01442	0.00878	0.00535	0.00531	0.00163	0.00703	0.03229	0.00268	0.00778
26	0.03009	0.01489	0.16187	0.17091	0.08694	0.07377	0.03104	0.09655	0.04256	0.04655	0.01514	0.04738	0.05603	0.00719	0.00619	0.00179	0.05199	0.04872	0.00345	0.00696
27	0.00922	0.00660	0.00783	0.00742	0.00856	0.00691	0.00548	0.02215	0.04230	0.05200	0.06767	0.09353	0.21618	0.19953	0.03140	0.00280	0.09434	0.02752	0.09363	0.00492

[dist]
# distance from previous block
# <min> <max>
1	5

[block]
# block no. 1 follows, 45 sequences, length 17
# corresponding to MSA columns:
# 100,101,151-165
name=unknown_B
#
# <colnr> <probs for GDERKNQSTAVLIFYWHMCP>
#	G	D	E	R	K	N	Q	S	T	A	V	L	I	F	Y	W	H	M	C	P
0	0.01456	0.12087	0.01624	0.01097	0.01468	0.01329	0.05063	0.28817	0.01606	0.02203	0.01279	0.10757	0.01150	0.00695	0.00593	0.00148	0.06540	0.00549	0.00399	0.21138
1	0.12004	0.08247	0.01420	0.01021	0.01402	0.03265	0.00847	0.29792	0.07963	0.19885	0.04830	0.01634	0.04032	0.00665	0.00503	0.00161	0.00507	0.00507	0.00509	0.00806
2	0.00795	0.00555	0.00669	0.00710	0.00753	0.00549	0.00458	0.05516	0.01017	0.01358	0.02316	0.42989	0.02706	0.35314	0.01544	0.00343	0.00418	0.01144	0.00427	0.00419
3	0.01142	0.00969	0.01138	0.00833	0.01274	0.00784	0.00668	0.04754	0.01185	0.01825	0.04356	0.01252	0.00987	0.00460	0.00465	0.00093	0.03368	0.00360	0.00337	0.73749
4	0.01283	0.10118	0.09860	0.01175	0.01618	0.04755	0.09109	0.08536	0.01251	0.01767	0.01003	0.03327	0.00846	0.00541	0.00589	0.00134	0.08413	0.00422	0.00309	0.34943
5	0.00932	0.00466	0.00699	0.00699	0.00699	0.00466	0.00466	0.00699	0.00699	0.00932	0.00932	0.01632	0.00932	0.01865	0.02098	0.84382	0.00466	0.00466	0.00233	0.00233
6	0.01533	0.01270	0.03648	0.01172	0.01519	0.01345	0.04976	0.36201	0.22084	0.02567	0.01917	0.10267	0.05807	0.00812	0.00590	0.00177	0.02143	0.00672	0.00503	0.00798
7	0.00932	0.00466	0.00699	0.00699	0.00699	0.00466	0.00466	0.00699	0.00699	0.00932	0.00932	0.01632	0.00932	0.01865	0.02098	0.84382	0.00466	0.00466	0.00233	0.00233
8	0.00894	0.00874	0.04037	0.03325	0.08566	0.05033	0.03522	0.01146	0.03149	0.01697	0.25533	0.06232	0.27709	0.05068	0.00713	0.00191	0.00416	0.00892	0.00457	0.00548
9	0.01331	0.03674	0.01225	0.00903	0.01321	0.11426	0.00718	0.07436	0.01288	0.03511	0.01067	0.03070	0.00891	0.00487	0.00428	0.00102	0.00488	0.00376	0.04057	0.56201
10	0.01046	0.00606	0.00704	0.05512	0.00943	0.00609	0.00519	0.03995	0.01149	0.05226	0.01857	0.07841	0.04323	0.05377	0.03497	0.02256	0.00377	0.00608	0.49318	0.04239
11	0.01226	0.01074	0.04249	0.05263	0.09594	0.00930	0.05999	0.09929	0.01314	0.04470	0.01518	0.05662	0.06600	0.00606	0.00491	0.00133	0.00492	0.00525	0.04616	0.35310
12	0.01375	0.01394	0.01818	0.17661	0.40246	0.14347	0.01394	0.03988	0.03996	0.01688	0.04042	0.01411	0.00992	0.00539	0.00526	0.00159	0.00678	0.00476	0.00295	0.02975
13	0.03680	0.00902	0.01341	0.13988	0.05979	0.00967	0.07585	0.03816	0.03997	0.01650	0.04835	0.15962	0.05288	0.00955	0.00717	0.00190	0.08821	0.11017	0.00381	0.07929
14	0.16496	0.05432	0.01239	0.06022	0.01405	0.01037	0.02740	0.03426	0.06603	0.01817	0.01152	0.06689	0.01032	0.03316	0.00601	0.00151	0.05735	0.00464	0.00339	0.34303
15	0.11325	0.03843	0.00855	0.03243	0.00968	0.00708	0.00569	0.02843	0.01074	0.03897	0.12586	0.19024	0.05681	0.09525	0.02820	0.13660	0.00428	0.02035	0.00404	0.04511
16	0.08197	0.00873	0.01019	0.02753	0.01156	0.02535	0.02907	0.12281	0.01332	0.10051	0.09858	0.12171	0.03629	0.14631	0.00944	0.02040	0.00457	0.00709	0.03275	0.09183

[dist]
# distance from previous block
# <min> <max>
1	10

[block]
# block no. 2 follows, 45 sequences, length 19
# corresponding to MSA columns:
# 176-185,199-207
name=unknown_C
#
# <colnr> <probs for GDERKNQSTAVLIFYWHMCP>
#	G	D	E	R	K	N	Q	S	T	A	V	L	I	F	Y	W	H	M	C	P
0	0.01201	0.01639	0.20778	0.01984	0.18890	0.05075	0.22475	0.02980	0.01206	0.01669	0.03483	0.03301	0.01062	0.04612	0.05393	0.00230	0.02466	0.00554	0.00282	0.00718
1	0.01148	0.01009	0.09831	0.01071	0.06465	0.02464	0.02508	0.01522	0.06678	0.13166	0.38827	0.05220	0.06066	0.00900	0.00591	0.00170	0.00416	0.00784	0.00514	0.00650
2	0.06395	0.08014	0.40996	0.01340	0.01936	0.01186	0.09369	0.01783	0.01213	0.13867	0.04821	0.01411	0.01028	0.00556	0.00505	0.00164	0.00666	0.00461	0.03528	0.00759
3	0.74710	0.01250	0.10240	0.00806	0.01195	0.01209	0.00752	0.01593	0.00940	0.02322	0.00774	0.00904	0.00593	0.00500	0.00354	0.00167	0.00461	0.00304	0.00319	0.00607
4	0.00798	0.00616	0.00927	0.10460	0.01257	0.00720	0.00738	0.00992	0.00881	0.01242	0.01403	0.02160	0.01324	0.10938	0.62189	0.00747	0.01263	0.00583	0.00285	0.00479
5	0.00674	0.00477	0.00622	0.00725	0.00756	0.00449	0.00478	0.00762	0.01017	0.01360	0.05693	0.68395	0.03414	0.11340	0.00933	0.00253	0.00335	0.01414	0.00481	0.00425
6	0.01807	0.01135	0.01305	0.01067	0.02599	0.01201	0.00843	0.40481	0.04675	0.16900	0.04376	0.01618	0.01214	0.00813	0.00719	0.10422	0.00506	0.00516	0.07025	0.00779
7	0.00670	0.00479	0.00640	0.00757	0.00798	0.00449	0.00519	0.00780	0.01062	0.01420	0.06518	0.73071	0.03598	0.01643	0.00686	0.00217	0.00319	0.05429	0.00503	0.00443
8	0.01081	0.04856	0.59035	0.01518	0.02194	0.01209	0.09183	0.01627	0.01158	0.01677	0.01198	0.01756	0.00987	0.00621	0.00545	0.00179	0.00761	0.09406	0.00264	0.00747
9	0.11484	0.11481	0.01738	0.07329	0.16363	0.31579	0.01134	0.01769	0.01233	0.01524	0.00840	0.01069	0.00712	0.00560	0.00597	0.00156	0.09120	0.00380	0.00268	0.00664
10	0.00954	0.00695	0.00831	0.00782	0.00962	0.00677	0.00620	0.11093	0.01507	0.03366	0.32733	0.04231	0.20069	0.04266	0.00721	0.00199	0.00363	0.14848	0.00536	0.00547
11	0.00858	0.00551	0.00646	0.00642	0.00754	0.00573	0.00482	0.01046	0.01043	0.01609	0.02351	0.05043	0.15519	0.06952	0.19707	0.00347	0.03407	0.00683	0.37310	0.00476
12	0.00927	0.00823	0.01270	0.09563	0.01488	0.00894	0.10881	0.02966	0.01115	0.01528	0.06551	0.24356	0.11373	0.03611	0.02222	0.00217	0.13789	0.00911	0.03635	0.01880
13	0.04219	0.03275	0.01043	0.00852	0.01093	0.02749	0.03366	0.04789	0.02963	0.01631	0.06777	0.16711	0.08381	0.03868	0.00833	0.10428	0.02633	0.00722	0.00384	0.23285
14	0.10037	0.01233	0.04271	0.23679	0.20343	0.05761	0.01228	0.12084	0.01342	0.01926	0.03615	0.01495	0.02922	0.00589	0.00538	0.00166	0.02631	0.00482	0.04961	0.00697
15	0.11909	0.04154	0.01256	0.01041	0.03693	0.01195	0.00799	0.24494	0.12990	0.10895	0.01669	0.08839	0.02783	0.06756	0.01623	0.00201	0.00495	0.00600	0.00475	0.04131
16	0.11240	0.02754	0.03846	0.05701	0.05673	0.04631	0.05023	0.18143	0.08244	0.02094	0.04423	0.06525	0.03659	0.01161	0.11099	0.00264	0.02350	0.00582	0.01908	0.00683
17	0.02676	0.03068	0.34493	0.03660	0.15601	0.03715	0.03709	0.10378	0.01371	0.01959	0.10353	0.01568	0.01298	0.00595	0.00526	0.00164	0.00656	0.00499	0.02958	0.00756
18	0.02257	0.09854	0.33686	0.01458	0.05188	0.02488	0.14702	0.01504	0.01132	0.01591	0.05501	0.01729	0.02652	0.10481	0.03331	0.00231	0.00729	0.00529	0.00279	0.00677

[dist]
# distance from previous block
# <min> <max>
11	26

[block]
# block no. 3 follows, 45 sequences, length 9
# corresponding to MSA columns:
# 274-282
name=unknown_D
#
# <colnr> <probs for GDERKNQSTAVLIFYWHMCP>
#	G	D	E	R	K	N	Q	S	T	A	V	L	I	F	Y	W	H	M	C	P
0	0.01074	0.05459	0.10534	0.00874	0.01143	0.04020	0.00768	0.02632	0.08634	0.07814	0.25980	0.07177	0.12446	0.08171	0.00771	0.00202	0.00435	0.00793	0.00473	0.00602
1	0.13684	0.61028	0.05090	0.00917	0.01362	0.01880	0.00900	0.01688	0.03750	0.04367	0.00856	0.00949	0.00730	0.00484	0.00363	0.00129	0.00549	0.00312	0.00272	0.00691
2	0.01354	0.22298	0.03567	0.01150	0.01460	0.07039	0.06851	0.08581	0.09628	0.01710	0.01235	0.03742	0.02134	0.00758	0.02947	0.00180	0.13731	0.00482	0.07349	0.03805
3	0.05833	0.15070	0.01456	0.00927	0.01314	0.01068	0.00785	0.02285	0.07986	0.48516	0.07776	0.01801	0.01504	0.00660	0.00504	0.00159	0.00457	0.00524	0.00556	0.00821
4	0.01277	0.01002	0.01084	0.00972	0.01254	0.01105	0.00756	0.02400	0.54498	0.08122	0.08128	0.02591	0.12804	0.00841	0.00565	0.00180	0.00393	0.00704	0.00552	0.00773
5	0.00794	0.00526	0.00707	0.00778	0.00832	0.00512	0.00550	0.03689	0.01058	0.01413	0.05755	0.49380	0.02902	0.01635	0.00989	0.18416	0.00372	0.08827	0.00446	0.00420
6	0.00854	0.00613	0.00806	0.00740	0.00870	0.00606	0.00567	0.01090	0.01454	0.05085	0.65854	0.03739	0.07146	0.01077	0.00719	0.00174	0.06596	0.00920	0.00562	0.00527
7	0.07819	0.01374	0.10098	0.01742	0.04965	0.01192	0.40786	0.01578	0.01164	0.01761	0.01125	0.03160	0.00899	0.00602	0.02238	0.00184	0.04862	0.00554	0.07879	0.06018
8	0.03466	0.07752	0.01681	0.03368	0.08731	0.06710	0.03793	0.37665	0.05977	0.02472	0.01197	0.01359	0.00934	0.04152	0.00602	0.00167	0.00600	0.00464	0.00419	0.08492

[dist]
# distance from previous block
# <min> <max>
0	3

[block]
# block no. 4 follows, 45 sequences, length 52
# corresponding to MSA columns:
# 286-319,321,322,338,339,347,348,351-362
name=unknown_E
#
# <colnr> <probs for GDERKNQSTAVLIFYWHMCP>
#	G	D	E	R	K	N	Q	S	T	A	V	L	I	F	Y	W	H	M	C	P
0	0.09669	0.10311	0.13678	0.07353	0.03941	0.05849	0.01150	0.22805	0.01531	0.04855	0.05481	0.01338	0.01027	0.00625	0.00609	0.00165	0.08054	0.00450	0.00368	0.00740
1	0.02480	0.23990	0.03342	0.03502	0.05188	0.11595	0.11932	0.02821	0.01133	0.01451	0.00997	0.02455	0.00901	0.06569	0.02168	0.00198	0.13458	0.00464	0.04721	0.00634
2	0.03613	0.19139	0.38466	0.01327	0.01896	0.13154	0.04733	0.03518	0.01241	0.01639	0.05752	0.01243	0.00970	0.00543	0.00480	0.00154	0.00729	0.00412	0.00270	0.00721
3	0.04217	0.00785	0.03159	0.08553	0.02673	0.00729	0.05094	0.01306	0.03643	0.09253	0.30806	0.11326	0.11110	0.00994	0.00601	0.00178	0.00406	0.03008	0.00492	0.01667
4	0.01220	0.04288	0.01615	0.04246	0.01464	0.06390	0.01122	0.01357	0.00903	0.01336	0.00783	0.01206	0.00742	0.00864	0.01503	0.00216	0.64666	0.00457	0.05033	0.00589
5	0.00888	0.00750	0.03718	0.03089	0.01098	0.00804	0.00758	0.01062	0.00987	0.03505	0.11252	0.08311	0.04085	0.05960	0.34921	0.03725	0.13540	0.00693	0.00347	0.00506
6	0.00779	0.00569	0.00834	0.00834	0.00928	0.00657	0.00643	0.00967	0.00873	0.01276	0.01463	0.02155	0.01366	0.06716	0.72238	0.00813	0.01344	0.00579	0.04490	0.00475
7	0.01447	0.74351	0.02680	0.00943	0.01387	0.04442	0.00918	0.01696	0.05517	0.01322	0.00833	0.00931	0.00744	0.00478	0.00360	0.00119	0.00577	0.00307	0.00250	0.00696
8	0.00772	0.00524	0.00622	0.00629	0.00642	0.00535	0.00378	0.00801	0.00804	0.01084	0.01728	0.07478	0.01961	0.67279	0.12118	0.00547	0.00623	0.00795	0.00330	0.00350
9	0.01174	0.01174	0.01644	0.01409	0.01409	0.01644	0.01174	0.01292	0.00822	0.01292	0.00705	0.01174	0.00705	0.00940	0.01762	0.00235	0.80153	0.00470	0.00235	0.00587
10	0.00735	0.00557	0.00622	0.00601	0.00772	0.00481	0.00452	0.00908	0.01319	0.04378	0.26687	0.05908	0.52149	0.01262	0.00631	0.00178	0.00274	0.01070	0.00532	0.00485
11	0.00831	0.00566	0.00714	0.00673	0.00821	0.00510	0.00506	0.01053	0.01443	0.06558	0.56439	0.07970	0.17599	0.01147	0.00630	0.00173	0.00272	0.01002	0.00574	0.00518
12	0.00796	0.00617	0.00918	0.00901	0.00990	0.00740	0.00707	0.00982	0.00860	0.01249	0.01386	0.02043	0.01297	0.03808	0.73556	0.00818	0.06993	0.00568	0.00284	0.00487
13	0.01981	0.04265	0.01604	0.01217	0.01620	0.10459	0.00997	0.62582	0.02315	0.03030	0.01234	0.01262	0.00896	0.00627	0.00519	0.00156	0.00622	0.00462	0.03296	0.00858
14	0.03061	0.03647	0.05721	0.00991	0.01317	0.03149	0.00828	0.20944	0.03844	0.21329	0.01644	0.01959	0.03335	0.15145	0.06386	0.00273	0.01993	0.00555	0.00463	0.03416
15	0.02004	0.01516	0.01588	0.01232	0.01651	0.03874	0.01012	0.70205	0.06218	0.03266	0.01320	0.01315	0.00943	0.00646	0.00536	0.00161	0.00593	0.00486	0.00530	0.00901
16	0.00769	0.00565	0.00809	0.00809	0.00887	0.00642	0.00604	0.00924	0.00847	0.01207	0.01487	0.02379	0.01459	0.18889	0.64305	0.00797	0.01261	0.00615	0.00295	0.00450
17	0.02456	0.01055	0.01758	0.54603	0.20455	0.01221	0.03658	0.03942	0.01162	0.01558	0.01016	0.01487	0.00801	0.00543	0.00539	0.00175	0.00690	0.01953	0.00262	0.00666
18	0.00776	0.00570	0.00729	0.00686	0.00820	0.00534	0.00515	0.01070	0.04195	0.02131	0.72261	0.03979	0.07514	0.01094	0.00630	0.00170	0.00260	0.00964	0.00586	0.00517
19	0.01113	0.00954	0.01113	0.00795	0.01272	0.00716	0.00636	0.01352	0.01113	0.01749	0.00954	0.01113	0.00795	0.00398	0.00398	0.00080	0.00398	0.00318	0.00318	0.84417
20	0.00768	0.00556	0.00730	0.00715	0.00840	0.00518	0.00551	0.01013	0.01462	0.02042	0.63871	0.06188	0.06768	0.01170	0.00649	0.00181	0.00287	0.10619	0.00573	0.00502
21	0.00654	0.00467	0.00623	0.00747	0.00779	0.00436	0.00498	0.00747	0.01028	0.01370	0.02959	0.80785	0.03550	0.01682	0.00685	0.00218	0.00311	0.01526	0.00498	0.00436
22	0.00769	0.00568	0.00828	0.00828	0.00912	0.00652	0.00628	0.00936	0.00852	0.01221	0.01469	0.02284	0.01418	0.13626	0.69511	0.00820	0.01324	0.00601	0.00292	0.00460
23	0.00767	0.00514	0.00590	0.00604	0.00607	0.00511	0.00345	0.00777	0.00808	0.01078	0.01832	0.12120	0.02130	0.72285	0.02504	0.00487	0.00497	0.00864	0.00345	0.00338
24	0.01064	0.01046	0.01850	0.62211	0.03392	0.01251	0.12806	0.01419	0.01084	0.01419	0.00956	0.01415	0.00730	0.00554	0.00642	0.00183	0.06620	0.00500	0.00243	0.00615
25	0.47669	0.01018	0.01002	0.00833	0.01192	0.01085	0.00684	0.06576	0.04047	0.27077	0.03269	0.01332	0.01000	0.00585	0.00428	0.00166	0.00436	0.00413	0.00468	0.00718
26	0.00839	0.00686	0.01066	0.08366	0.01304	0.00810	0.03649	0.01041	0.00895	0.01274	0.01361	0.03452	0.01278	0.06144	0.58506	0.00700	0.07261	0.00585	0.00284	0.00501
27	0.01125	0.02443	0.01225	0.10403	0.01458	0.01001	0.06676	0.08239	0.04084	0.01819	0.01447	0.06281	0.01232	0.01015	0.07694	0.00229	0.12175	0.00568	0.30294	0.00592
28	0.04581	0.01332	0.01542	0.01202	0.01588	0.03526	0.07566	0.48509	0.03801	0.07397	0.01574	0.03837	0.04478	0.00684	0.00536	0.00163	0.00568	0.00553	0.05747	0.00815
29	0.12963	0.66962	0.03992	0.00909	0.01356	0.01969	0.00895	0.03327	0.01100	0.01479	0.00763	0.00878	0.00679	0.00470	0.00350	0.00124	0.00557	0.00294	0.00251	0.00681
30	0.84927	0.01038	0.00789	0.00706	0.01038	0.01204	0.00581	0.01578	0.00914	0.02408	0.00747	0.00872	0.00581	0.00498	0.00332	0.00166	0.00415	0.00291	0.00332	0.00581
31	0.01178	0.01488	0.13153	0.14088	0.05384	0.01287	0.43469	0.01603	0.01183	0.01641	0.01080	0.02959	0.00845	0.00531	0.00655	0.00181	0.05323	0.00575	0.02676	0.00699
32	0.01124	0.00924	0.01134	0.00867	0.01271	0.00752	0.03159	0.04005	0.03699	0.03748	0.01337	0.12924	0.01248	0.00615	0.00461	0.00112	0.00411	0.00528	0.00367	0.61313
33	0.00654	0.00467	0.00623	0.00747	0.00779	0.00436	0.00498	0.00747	0.01028	0.01370	0.02959	0.80785	0.03550	0.01682	0.00685	0.00218	0.00311	0.01526	0.00498	0.00436
34	0.02903	0.03978	0.03377	0.05787	0.06069	0.04065	0.03385	0.10988	0.11637	0.14685	0.04070	0.10329	0.01580	0.00794	0.00587	0.00173	0.02848	0.05691	0.00455	0.06597
35	0.00761	0.00538	0.00679	0.00758	0.02025	0.00516	0.00506	0.02907	0.02392	0.01441	0.05675	0.49431	0.10830	0.08942	0.00957	0.06592	0.00349	0.01221	0.03036	0.00444
36	0.07593	0.45495	0.19217	0.01081	0.01577	0.09197	0.01129	0.04059	0.01176	0.01539	0.00849	0.00980	0.00706	0.00493	0.00401	0.00135	0.00640	0.00330	0.02704	0.00699
37	0.01236	0.29196	0.39252	0.01262	0.01857	0.01513	0.04065	0.05943	0.01236	0.01687	0.07131	0.01295	0.01058	0.00546	0.00470	0.00151	0.00667	0.00420	0.00277	0.00739
38	0.00660	0.00536	0.00579	0.00585	0.00737	0.00462	0.00429	0.00805	0.01234	0.01534	0.15830	0.12265	0.57044	0.04020	0.00709	0.00194	0.00281	0.01135	0.00506	0.00455
39	0.01107	0.02196	0.51896	0.01883	0.19153	0.01189	0.04415	0.01614	0.01163	0.01706	0.03206	0.05909	0.01011	0.00585	0.00533	0.00171	0.00719	0.00505	0.00263	0.00775
40	0.04086	0.01313	0.05165	0.08940	0.57707	0.02556	0.05425	0.01644	0.02551	0.01739	0.01067	0.01456	0.00895	0.00517	0.00535	0.00165	0.00654	0.02510	0.00276	0.00799
41	0.04800	0.63656	0.10421	0.01011	0.01474	0.04919	0.01030	0.01623	0.01093	0.01358	0.00770	0.00907	0.00684	0.00490	0.00426	0.00129	0.03976	0.00308	0.00236	0.00688
42	0.00667	0.00476	0.00619	0.00725	0.00759	0.00446	0.00479	0.00756	0.01017	0.01353	0.04135	0.69949	0.05457	0.09362	0.00881	0.00245	0.00330	0.01434	0.00483	0.00427
43	0.01113	0.00954	0.01113	0.00795	0.01272	0.00716	0.00636	0.01352	0.01113	0.01749	0.00954	0.01113	0.00795	0.00398	0.00398	0.00080	0.00398	0.00318	0.00318	0.84417
44	0.08550	0.01056	0.03909	0.00949	0.01316	0.00986	0.00792	0.17195	0.05446	0.25081	0.10779	0.04234	0.01628	0.00786	0.02686	0.00175	0.00478	0.00560	0.01921	0.11473
45	0.06137	0.03830	0.01290	0.01138	0.04160	0.12482	0.03352	0.06724	0.01161	0.01677	0.01157	0.01499	0.00987	0.01350	0.16710	0.00308	0.17460	0.00470	0.17514	0.00593
46	0.01960	0.01444	0.01551	0.01210	0.01623	0.01601	0.00993	0.64850	0.11983	0.05082	0.01424	0.01393	0.01016	0.00656	0.00538	0.00164	0.00566	0.00500	0.00541	0.00905
47	0.01615	0.00977	0.01299	0.01057	0.01369	0.00969	0.06864	0.19510	0.05648	0.25136	0.13310	0.15889	0.02156	0.00890	0.00587	0.00176	0.00467	0.00776	0.00555	0.00749
48	0.01382	0.07282	0.09272	0.02318	0.36511	0.08254	0.12642	0.07692	0.01332	0.01779	0.01118	0.05890	0.00966	0.00566	0.00537	0.00162	0.00695	0.00530	0.00297	0.00775
49	0.03340	0.00915	0.10774	0.00855	0.01088	0.00705	0.00741	0.02618	0.07856	0.05719	0.26179	0.24883	0.09961	0.01130	0.00609	0.00185	0.00377	0.00985	0.00501	0.00579
50	0.00780	0.00572	0.00730	0.03090	0.00935	0.00562	0.00566	0.07068	0.01165	0.01543	0.02897	0.67636	0.07331	0.01544	0.00666	0.00210	0.00344	0.01386	0.00494	0.00482
51	0.04180	0.01165	0.04812	0.07576	0.05710	0.09225	0.00930	0.11790	0.07195	0.09255	0.04357	0.20207	0.01854	0.00926	0.00573	0.00181	0.00533	0.06281	0.00446	0.02801

[dist]
# distance from previous block
# <min> <max>
0	1

[block]
# block no. 5 follows, 45 sequences, length 17
# corresponding to MSA columns:
# 365-381
name=unknown_F
#
# <colnr> <probs for GDERKNQSTAVLIFYWHMCP>
#	G	D	E	R	K	N	Q	S	T	A	V	L	I	F	Y	W	H	M	C	P
0	0.01971	0.01474	0.01605	0.01297	0.04270	0.01630	0.01031	0.68814	0.07173	0.03255	0.01336	0.01335	0.00957	0.00644	0.00537	0.00162	0.00582	0.00491	0.00528	0.00907
1	0.01291	0.01237	0.02110	0.12509	0.68868	0.01265	0.01629	0.01614	0.01204	0.01708	0.01003	0.01341	0.00834	0.00485	0.00532	0.00162	0.00647	0.00478	0.00262	0.00820
2	0.00932	0.00466	0.00699	0.00699	0.00699	0.00466	0.00466	0.00699	0.00699	0.00932	0.00932	0.01632	0.00932	0.01865	0.02098	0.84382	0.00466	0.00466	0.00233	0.00233
3	0.01403	0.01138	0.01216	0.01084	0.01394	0.01301	0.00846	0.02837	0.72060	0.07042	0.02181	0.01992	0.01619	0.00724	0.00546	0.00181	0.00427	0.00603	0.00554	0.00854
4	0.00781	0.00520	0.00585	0.00585	0.00585	0.00520	0.00325	0.00781	0.00781	0.01041	0.01691	0.03513	0.01952	0.81135	0.02732	0.00520	0.00520	0.00781	0.00325	0.00325
5	0.00672	0.00548	0.00602	0.00634	0.00791	0.00477	0.00488	0.00821	0.01205	0.01466	0.04782	0.12999	0.58454	0.01411	0.00656	0.00195	0.00311	0.12533	0.00498	0.00458
6	0.01364	0.01168	0.01230	0.01098	0.01407	0.01349	0.00857	0.05888	0.73733	0.02293	0.02148	0.01973	0.01608	0.00725	0.00546	0.00181	0.00432	0.00602	0.00546	0.00852
7	0.01196	0.01313	0.02640	0.12929	0.02679	0.03082	0.54513	0.01592	0.01229	0.01648	0.04245	0.05235	0.01095	0.00567	0.00658	0.00183	0.03577	0.00655	0.00289	0.00677
8	0.01094	0.02658	0.71621	0.01596	0.02366	0.01257	0.08597	0.01702	0.01145	0.01702	0.00974	0.01161	0.00692	0.00505	0.00521	0.00171	0.00803	0.00418	0.00231	0.00787
9	0.01134	0.15429	0.66207	0.01432	0.02171	0.01388	0.01812	0.01685	0.01126	0.01630	0.00928	0.01090	0.00681	0.00502	0.00483	0.00161	0.00758	0.00379	0.00227	0.00777
10	0.01174	0.01174	0.01644	0.01409	0.01409	0.01644	0.01174	0.01292	0.00822	0.01292	0.00705	0.01174	0.00705	0.00940	0.01762	0.00235	0.80153	0.00470	0.00235	0.00587
11	0.01113	0.00954	0.01113	0.00795	0.01272	0.00716	0.00636	0.01352	0.01113	0.01749	0.00954	0.01113	0.00795	0.00398	0.00398	0.00080	0.00398	0.00318	0.00318	0.84417
12	0.00822	0.00665	0.00949	0.00919	0.00993	0.00801	0.00715	0.00982	0.00882	0.01264	0.01629	0.08425	0.04930	0.06793	0.52461	0.00657	0.14654	0.00668	0.00307	0.00486
13	0.00701	0.00510	0.00651	0.00748	0.00805	0.00480	0.00509	0.03390	0.01096	0.01447	0.03098	0.71969	0.09356	0.01620	0.00676	0.00213	0.00318	0.01458	0.00500	0.00454
14	0.01733	0.05587	0.01650	0.04230	0.10247	0.41233	0.01108	0.11719	0.01484	0.01659	0.00928	0.01124	0.00765	0.00603	0.00650	0.00156	0.10838	0.00402	0.03205	0.00680
15	0.01024	0.00939	0.01566	0.72729	0.06054	0.01156	0.01433	0.01374	0.01081	0.01420	0.01001	0.01460	0.00758	0.00540	0.00527	0.00175	0.00687	0.00478	0.04998	0.00600
16	0.01113	0.00954	0.01113	0.00795	0.01272	0.00716	0.00636	0.01352	0.01113	0.01749	0.00954	0.01113	0.00795	0.00398	0.00398	0.00080	0.00398	0.00318	0.00318	0.84417

[dist]
# distance from previous block
# <min> <max>
0	1

[block]
# block no. 6 follows, 45 sequences, length 10
# corresponding to MSA columns:
# 383-392
name=unknown_G
#
# <colnr> <probs for GDERKNQSTAVLIFYWHMCP>
#	G	D	E	R	K	N	Q	S	T	A	V	L	I	F	Y	W	H	M	C	P
0	0.00874	0.00494	0.00705	0.00691	0.00734	0.00480	0.00480	0.00805	0.00977	0.01345	0.26839	0.02436	0.02331	0.01605	0.01602	0.55890	0.00394	0.00637	0.00354	0.00326
1	0.00969	0.00773	0.00942	0.00900	0.01042	0.00886	0.00674	0.01567	0.26550	0.01552	0.01776	0.05365	0.01624	0.17172	0.32943	0.00525	0.03114	0.00658	0.00389	0.00577
2	0.01085	0.00896	0.01260	0.01602	0.23519	0.00926	0.00957	0.01609	0.19675	0.03939	0.02165	0.30194	0.02192	0.01051	0.00606	0.00193	0.00453	0.06553	0.00446	0.00677
3	0.00730	0.00522	0.00709	0.00826	0.00892	0.00500	0.00623	0.00882	0.01119	0.01483	0.06022	0.52305	0.03457	0.01590	0.00702	0.00226	0.00371	0.26082	0.00501	0.00459
4	0.01120	0.01100	0.01633	0.27947	0.02183	0.01491	0.01281	0.01319	0.00907	0.01319	0.00789	0.01261	0.00708	0.00803	0.01347	0.00216	0.53276	0.00472	0.00236	0.00590
5	0.01188	0.01021	0.01147	0.00896	0.01314	0.00925	0.00708	0.01859	0.26726	0.01917	0.01370	0.01414	0.01080	0.00509	0.00448	0.00114	0.00407	0.00416	0.00395	0.56143
6	0.00883	0.00489	0.00542	0.00584	0.00677	0.00479	0.00417	0.01080	0.01093	0.01788	0.02160	0.28656	0.02112	0.00983	0.00480	0.00157	0.00271	0.00847	0.55825	0.00479
7	0.50003	0.01542	0.01075	0.00956	0.01276	0.27484	0.00753	0.01856	0.01171	0.08343	0.00889	0.00984	0.00681	0.00531	0.00401	0.00157	0.00606	0.00330	0.00341	0.00623
8	0.29584	0.01085	0.01038	0.00936	0.01243	0.01249	0.00738	0.02323	0.47557	0.02263	0.01853	0.01770	0.04876	0.00680	0.00478	0.00177	0.00414	0.00525	0.00472	0.00740
9	0.07232	0.01312	0.06278	0.01099	0.01530	0.01260	0.00951	0.36820	0.03822	0.29713	0.01563	0.01480	0.01055	0.00635	0.00520	0.00163	0.00532	0.00489	0.02671	0.00873

[dist]
# distance from previous block
# <min> <max>
0	1

[block]
# block no. 7 follows, 45 sequences, length 10
# corresponding to MSA columns:
# 394-403
name=unknown_H
#
# <colnr> <probs for GDERKNQSTAVLIFYWHMCP>
#	G	D	E	R	K	N	Q	S	T	A	V	L	I	F	Y	W	H	M	C	P
0	0.01070	0.00633	0.00813	0.00760	0.00844	0.00650	0.00540	0.12189	0.01044	0.01402	0.01423	0.04127	0.06569	0.03815	0.01662	0.57309	0.00459	0.00557	0.03764	0.00372
1	0.00872	0.00683	0.00931	0.00983	0.01087	0.00742	0.00831	0.01077	0.01164	0.01541	0.04759	0.10484	0.10158	0.01392	0.00879	0.00235	0.12574	0.48649	0.00458	0.00501
2	0.01245	0.01458	0.13688	0.14060	0.55624	0.01259	0.01676	0.01616	0.01187	0.01690	0.00995	0.01314	0.00805	0.00492	0.00529	0.00164	0.00673	0.00466	0.00256	0.00805
3	0.00867	0.00791	0.00766	0.00839	0.00914	0.12393	0.00581	0.00979	0.01138	0.01417	0.07935	0.63180	0.03223	0.01468	0.00651	0.00202	0.00407	0.01307	0.00471	0.00469
4	0.00780	0.12797	0.00963	0.00768	0.00871	0.00698	0.00563	0.00897	0.01073	0.01410	0.07990	0.63094	0.03224	0.01454	0.00630	0.00199	0.00347	0.01297	0.00464	0.00480
5	0.00863	0.00592	0.00699	0.00707	0.00784	0.00587	0.00474	0.06867	0.01077	0.03000	0.02442	0.30867	0.09068	0.32386	0.04380	0.00348	0.00455	0.01032	0.02926	0.00446
6	0.09784	0.02550	0.08873	0.13212	0.01947	0.04878	0.10316	0.18055	0.01452	0.06371	0.02907	0.12224	0.01265	0.00731	0.00579	0.00176	0.02976	0.00619	0.00386	0.00696
7	0.32902	0.13709	0.03948	0.02871	0.05026	0.09443	0.04155	0.15930	0.02632	0.03525	0.00946	0.01062	0.00732	0.00531	0.00428	0.00155	0.00581	0.00373	0.00348	0.00701
8	0.18167	0.18186	0.07368	0.03363	0.03199	0.09225	0.00916	0.11829	0.04707	0.01899	0.03334	0.03791	0.02803	0.06417	0.00645	0.00182	0.02497	0.00469	0.00344	0.00661
9	0.05450	0.04149	0.02360	0.01098	0.04788	0.02945	0.02945	0.17852	0.05176	0.18471	0.15383	0.05282	0.03330	0.00749	0.00556	0.00161	0.01645	0.00617	0.00501	0.06543

[dist]
# distance from previous block
# <min> <max>
1	58

[block]
# block no. 8 follows, 45 sequences, length 26
# corresponding to MSA columns:
# 592-617
name=unknown_I
#
# <colnr> <probs for GDERKNQSTAVLIFYWHMCP>
#	G	D	E	R	K	N	Q	S	T	A	V	L	I	F	Y	W	H	M	C	P
0	0.15009	0.00747	0.00831	0.00747	0.00976	0.00738	0.02021	0.04429	0.04823	0.08551	0.20589	0.07833	0.21922	0.00985	0.00555	0.00172	0.00347	0.02045	0.04686	0.01994
1	0.01123	0.07942	0.41384	0.01270	0.01816	0.01205	0.02895	0.04259	0.13802	0.01795	0.04210	0.10689	0.01351	0.00701	0.00529	0.00171	0.00622	0.00582	0.00340	0.03312
2	0.01040	0.00968	0.01562	0.09155	0.17988	0.03103	0.12981	0.01246	0.01069	0.01448	0.02827	0.18710	0.01650	0.14272	0.01085	0.02461	0.06748	0.00781	0.00326	0.00581
3	0.00766	0.00571	0.00838	0.00831	0.00932	0.00644	0.00644	0.00968	0.00972	0.01397	0.14122	0.02426	0.01963	0.03538	0.65938	0.00747	0.01240	0.00641	0.00338	0.00484
4	0.00772	0.00592	0.00722	0.00792	0.00883	0.00592	0.00556	0.01113	0.13696	0.01545	0.04818	0.58808	0.08893	0.01481	0.00658	0.00209	0.00329	0.02525	0.00508	0.00509
5	0.01008	0.01080	0.13789	0.00909	0.01215	0.00802	0.00827	0.08308	0.06607	0.03792	0.23584	0.14560	0.12836	0.00989	0.00585	0.00171	0.00414	0.00848	0.00476	0.07200
6	0.01824	0.01199	0.01351	0.01093	0.01444	0.01278	0.00879	0.44905	0.07534	0.16405	0.01782	0.14694	0.01481	0.00827	0.00563	0.00173	0.00508	0.00676	0.00554	0.00829
7	0.00932	0.00466	0.00699	0.00699	0.00699	0.00466	0.00466	0.00699	0.00699	0.00932	0.00932	0.01632	0.00932	0.01865	0.02098	0.84382	0.00466	0.00466	0.00233	0.00233
8	0.00783	0.00583	0.00782	0.13873	0.01196	0.00611	0.00604	0.00888	0.00941	0.01237	0.02108	0.26523	0.04186	0.37322	0.01586	0.00349	0.00483	0.05152	0.00377	0.00417
9	0.01806	0.01334	0.01450	0.01138	0.01513	0.01462	0.00930	0.61348	0.04535	0.03144	0.14024	0.01763	0.01627	0.00722	0.00553	0.00163	0.00530	0.00568	0.00546	0.00843
10	0.00813	0.00550	0.00717	0.00700	0.00813	0.00510	0.00512	0.01019	0.01376	0.05015	0.54508	0.16738	0.04380	0.07129	0.00797	0.00205	0.00297	0.02867	0.00556	0.00498
11	0.00973	0.00957	0.13705	0.00836	0.01108	0.00655	0.00774	0.01274	0.01433	0.09870	0.51137	0.03398	0.09801	0.00976	0.00603	0.00170	0.00366	0.00844	0.00530	0.00592
12	0.66762	0.00993	0.00818	0.00729	0.01026	0.01134	0.00585	0.06808	0.01029	0.02327	0.00941	0.03023	0.00796	0.05174	0.00530	0.01892	0.00425	0.00375	0.04058	0.00576
13	0.01127	0.01174	0.02301	0.04253	0.02204	0.01076	0.46513	0.01476	0.01191	0.01656	0.01369	0.14614	0.01264	0.00650	0.00594	0.00168	0.00703	0.00717	0.00317	0.16634
14	0.01130	0.00649	0.00796	0.00719	0.00913	0.00611	0.00553	0.01452	0.06976	0.15987	0.36688	0.05725	0.09870	0.00954	0.00568	0.00165	0.00306	0.00819	0.14518	0.00598
15	0.00769	0.00554	0.00698	0.00696	0.00802	0.00523	0.00520	0.00958	0.01293	0.01766	0.42552	0.04363	0.11230	0.17463	0.01078	0.00255	0.00350	0.13155	0.00512	0.00462
16	0.68375	0.01342	0.13749	0.00860	0.01272	0.01226	0.00829	0.03905	0.01000	0.02320	0.00800	0.00928	0.00608	0.00505	0.00368	0.00167	0.00484	0.00314	0.00321	0.00627
17	0.00659	0.00473	0.00618	0.00732	0.00768	0.00441	0.00487	0.00750	0.01025	0.01359	0.03002	0.74199	0.06501	0.05264	0.00776	0.00230	0.00319	0.01476	0.00490	0.00432
18	0.03972	0.01390	0.14522	0.28273	0.28342	0.02701	0.01506	0.02655	0.01172	0.05987	0.01036	0.01347	0.00796	0.00565	0.00576	0.03025	0.00672	0.00459	0.00278	0.00726
19	0.00799	0.00574	0.00609	0.00599	0.00774	0.00516	0.00454	0.01022	0.04349	0.04221	0.08725	0.06566	0.50696	0.01185	0.00589	0.00173	0.00287	0.02911	0.14455	0.00497
20	0.01189	0.01052	0.01472	0.01058	0.01541	0.00856	0.13192	0.03246	0.02283	0.03264	0.01024	0.01200	0.00824	0.00423	0.00445	0.00102	0.00488	0.00383	0.00326	0.65634
21	0.00851	0.00585	0.00727	0.01820	0.00865	0.00581	0.00529	0.06213	0.01100	0.03561	0.02513	0.43699	0.06097	0.19844	0.05022	0.00311	0.00446	0.02913	0.01857	0.00465
22	0.03587	0.15303	0.35923	0.01679	0.15488	0.04001	0.04292	0.03665	0.01170	0.01652	0.00978	0.01208	0.00776	0.00794	0.07074	0.00216	0.00777	0.00414	0.00254	0.00749
23	0.01003	0.00889	0.00875	0.00929	0.01051	0.13616	0.00718	0.01168	0.01218	0.03021	0.06802	0.28901	0.04646	0.04955	0.00758	0.00224	0.00496	0.27772	0.00461	0.00497
24	0.00949	0.00716	0.00886	0.03277	0.01031	0.00766	0.00644	0.07979	0.03261	0.03598	0.06199	0.21924	0.14845	0.14706	0.05134	0.00287	0.08122	0.04721	0.00439	0.00517
25	0.03019	0.06333	0.01410	0.04960	0.11407	0.15276	0.02259	0.02616	0.06764	0.05156	0.05934	0.05608	0.02668	0.00826	0.00629	0.00177	0.05746	0.12823	0.05747	0.00642

[dist]
# distance from previous block
# <min> <max>
0	51

# created by:
# /st0/software/busco_prod/Augustus/scripts/msa2prfl.pl ./align_prep/167850.fa
