[name]
unknown

[dist]
# distance from previous block
# <min> <max>
0	140

[block]
# block no. 0 follows, 52 sequences, length 9
# corresponding to MSA columns:
# 152-160
name=unknown_A
#
# <colnr> <probs for GDERKNQSTAVLIFYWHMCP>
#	G	D	E	R	K	N	Q	S	T	A	V	L	I	F	Y	W	H	M	C	P
0	0.08035	0.03884	0.03462	0.00929	0.01250	0.02723	0.04717	0.25899	0.02954	0.13337	0.07123	0.03801	0.07694	0.02424	0.00519	0.00153	0.00453	0.02098	0.03566	0.04980
1	0.33103	0.03657	0.04291	0.03900	0.02769	0.03033	0.02373	0.03626	0.05954	0.07634	0.03184	0.08684	0.05344	0.03035	0.00476	0.00158	0.00418	0.00499	0.02719	0.05145
2	0.05371	0.00787	0.04810	0.00761	0.00943	0.02849	0.00604	0.09126	0.04061	0.08122	0.16821	0.21668	0.07191	0.11409	0.00785	0.00205	0.00382	0.03153	0.00438	0.00517
3	0.03311	0.00620	0.00792	0.00859	0.06116	0.00626	0.00587	0.05120	0.06889	0.01638	0.25594	0.23633	0.02886	0.08823	0.00783	0.02530	0.00346	0.07923	0.00440	0.00483
4	0.14005	0.03608	0.01265	0.12185	0.12195	0.11759	0.00900	0.12127	0.06881	0.04701	0.08239	0.03703	0.03039	0.00591	0.00456	0.00146	0.00515	0.00473	0.00350	0.02862
5	0.00999	0.00906	0.01454	0.74524	0.03172	0.01115	0.01307	0.08194	0.01087	0.01402	0.00889	0.01280	0.00662	0.00493	0.00485	0.00160	0.00636	0.00431	0.00240	0.00564
6	0.00977	0.00873	0.01402	0.72197	0.03071	0.01073	0.01265	0.06395	0.01059	0.01389	0.00919	0.01310	0.00689	0.00495	0.00477	0.00158	0.00617	0.00432	0.04649	0.00553
7	0.01280	0.03202	0.07363	0.10770	0.01531	0.02513	0.00912	0.22861	0.15410	0.05387	0.06580	0.06272	0.01306	0.00709	0.00609	0.03396	0.05450	0.00529	0.03263	0.00658
8	0.09049	0.00689	0.00855	0.00734	0.00975	0.00644	0.00577	0.01601	0.04579	0.34699	0.24368	0.10597	0.06950	0.00832	0.00513	0.00157	0.00332	0.00704	0.00525	0.00621

[dist]
# distance from previous block
# <min> <max>
9	16

[block]
# block no. 1 follows, 52 sequences, length 7
# corresponding to MSA columns:
# 177-183
name=unknown_B
#
# <colnr> <probs for GDERKNQSTAVLIFYWHMCP>
#	G	D	E	R	K	N	Q	S	T	A	V	L	I	F	Y	W	H	M	C	P
0	0.06954	0.00628	0.00780	0.04751	0.00950	0.00630	0.00533	0.04071	0.01008	0.18382	0.05438	0.16014	0.01807	0.28840	0.06822	0.00311	0.00476	0.00714	0.00399	0.00491
1	0.05649	0.00940	0.01137	0.00903	0.01229	0.00916	0.05157	0.16383	0.11301	0.08451	0.06030	0.01759	0.01289	0.06622	0.00605	0.00156	0.00433	0.04624	0.00400	0.26016
2	0.39145	0.00998	0.04180	0.06250	0.03550	0.05546	0.00707	0.01489	0.01024	0.13376	0.06463	0.06052	0.01103	0.00570	0.00402	0.00146	0.00430	0.00429	0.00354	0.07785
3	0.05498	0.09972	0.31521	0.01113	0.01571	0.02403	0.07078	0.01603	0.03074	0.14997	0.06445	0.02877	0.01096	0.00554	0.00488	0.00148	0.02995	0.00447	0.05455	0.00664
4	0.36225	0.01085	0.00974	0.10799	0.01352	0.12486	0.00715	0.07667	0.01099	0.06136	0.01017	0.06648	0.00853	0.00555	0.00395	0.00144	0.00479	0.00406	0.05271	0.05696
5	0.01033	0.00734	0.00911	0.05586	0.01138	0.00694	0.00631	0.10828	0.02586	0.08252	0.03371	0.29787	0.01842	0.03721	0.02040	0.00171	0.00397	0.03385	0.00405	0.22488
6	0.02122	0.00909	0.01177	0.00902	0.01279	0.00837	0.00745	0.14351	0.01528	0.68094	0.01794	0.01573	0.01140	0.00597	0.00487	0.00149	0.00431	0.00479	0.00582	0.00825

[dist]
# distance from previous block
# <min> <max>
0	1

[block]
# block no. 2 follows, 52 sequences, length 14
# corresponding to MSA columns:
# 185-198
name=unknown_C
#
# <colnr> <probs for GDERKNQSTAVLIFYWHMCP>
#	G	D	E	R	K	N	Q	S	T	A	V	L	I	F	Y	W	H	M	C	P
0	0.01228	0.00615	0.00813	0.00698	0.00909	0.00547	0.00546	0.01431	0.01349	0.30893	0.44273	0.05157	0.07780	0.00875	0.00542	0.00153	0.00299	0.00755	0.00551	0.00589
1	0.01012	0.00949	0.01559	0.01989	0.42178	0.00932	0.08804	0.01340	0.05666	0.01625	0.14913	0.02181	0.13440	0.00658	0.00519	0.00151	0.00480	0.00617	0.00337	0.00649
2	0.01114	0.01246	0.02689	0.01948	0.02407	0.01171	0.71846	0.01507	0.01141	0.01544	0.01110	0.01648	0.00904	0.00485	0.00580	0.00168	0.00787	0.06807	0.00262	0.00637
3	0.76019	0.01054	0.00782	0.00701	0.00996	0.07626	0.00568	0.01513	0.04047	0.02087	0.00734	0.00836	0.00572	0.00462	0.00319	0.00148	0.00416	0.00278	0.00304	0.00538
4	0.00702	0.00537	0.00775	0.00806	0.00899	0.00508	0.05172	0.02704	0.01008	0.01349	0.02449	0.59741	0.02837	0.01356	0.00612	0.00193	0.00350	0.13997	0.00432	0.03575
5	0.00698	0.00535	0.00652	0.00707	0.00793	0.00533	0.00497	0.01009	0.13790	0.01433	0.09424	0.57062	0.08391	0.01311	0.00591	0.00185	0.00291	0.01173	0.00464	0.00461
6	0.02071	0.00828	0.01114	0.00849	0.01229	0.00706	0.00700	0.02261	0.01353	0.73351	0.01819	0.01593	0.01157	0.00579	0.00476	0.00143	0.00408	0.00470	0.00572	0.08320
7	0.86392	0.00937	0.00712	0.00637	0.00937	0.01087	0.00525	0.01425	0.00825	0.02174	0.00675	0.00787	0.00525	0.00450	0.00300	0.00150	0.00375	0.00262	0.00300	0.00525
8	0.00915	0.00861	0.01453	0.81804	0.03338	0.01077	0.01346	0.01238	0.00969	0.01238	0.00861	0.01292	0.00646	0.00484	0.00484	0.00161	0.00646	0.00431	0.00215	0.00538
9	0.00611	0.00486	0.00548	0.00546	0.00681	0.00423	0.00404	0.00765	0.01176	0.01510	0.29141	0.11118	0.48524	0.01175	0.00576	0.00163	0.00243	0.01006	0.00477	0.00423
10	0.01005	0.00861	0.01005	0.00718	0.01148	0.00646	0.00574	0.01220	0.01005	0.01579	0.00861	0.01005	0.00718	0.00359	0.00359	0.00072	0.00359	0.00287	0.00287	0.85932
11	0.86392	0.00937	0.00712	0.00637	0.00937	0.01087	0.00525	0.01425	0.00825	0.02174	0.00675	0.00787	0.00525	0.00450	0.00300	0.00150	0.00375	0.00262	0.00300	0.00525
12	0.00624	0.00454	0.00611	0.04786	0.00824	0.00439	0.00483	0.00724	0.00945	0.01266	0.08344	0.65989	0.03061	0.08098	0.00760	0.00214	0.00311	0.01236	0.00431	0.00398
13	0.09148	0.01290	0.01355	0.01061	0.01430	0.01438	0.00872	0.64370	0.09510	0.02879	0.01198	0.01192	0.00861	0.00577	0.00469	0.00148	0.00505	0.00432	0.00469	0.00793

[dist]
# distance from previous block
# <min> <max>
5	18

[block]
# block no. 3 follows, 52 sequences, length 72
# corresponding to MSA columns:
# 222-293
name=unknown_D
#
# <colnr> <probs for GDERKNQSTAVLIFYWHMCP>
#	G	D	E	R	K	N	Q	S	T	A	V	L	I	F	Y	W	H	M	C	P
0	0.86392	0.00937	0.00712	0.00637	0.00937	0.01087	0.00525	0.01425	0.00825	0.02174	0.00675	0.00787	0.00525	0.00450	0.00300	0.00150	0.00375	0.00262	0.00300	0.00525
1	0.00793	0.00439	0.00610	0.00612	0.00618	0.00440	0.00398	0.00666	0.00679	0.00911	0.02843	0.03774	0.01222	0.22048	0.05004	0.57463	0.00459	0.00527	0.00246	0.00249
2	0.00890	0.00817	0.01361	0.67995	0.04460	0.01005	0.01243	0.01192	0.00956	0.01240	0.00977	0.01519	0.00794	0.00873	0.09622	0.00233	0.00711	0.03355	0.00230	0.00527
3	0.01135	0.00976	0.01102	0.01040	0.04286	0.01103	0.02040	0.02287	0.63851	0.01969	0.09519	0.02108	0.01797	0.00706	0.00509	0.00165	0.00386	0.03817	0.00481	0.00721
4	0.00692	0.00519	0.00779	0.00779	0.00865	0.00606	0.00606	0.00865	0.00779	0.01125	0.01298	0.01904	0.01211	0.03634	0.81049	0.00779	0.01298	0.00519	0.00260	0.00433
5	0.01068	0.00961	0.01459	0.56200	0.05533	0.01145	0.03538	0.08982	0.13215	0.01559	0.01068	0.01357	0.00800	0.00517	0.00488	0.00160	0.00597	0.00454	0.00286	0.00613
6	0.00915	0.00861	0.01453	0.81804	0.03338	0.01077	0.01346	0.01238	0.00969	0.01238	0.00861	0.01292	0.00646	0.00484	0.00484	0.00161	0.00646	0.00431	0.00215	0.00538
7	0.01005	0.00861	0.01005	0.00718	0.01148	0.00646	0.00574	0.01220	0.01005	0.01579	0.00861	0.01005	0.00718	0.00359	0.00359	0.00072	0.00359	0.00287	0.00287	0.85932
8	0.01198	0.58796	0.26145	0.00996	0.01502	0.01678	0.01120	0.01476	0.00996	0.01260	0.00733	0.00852	0.00619	0.00428	0.00356	0.00119	0.00578	0.00289	0.00206	0.00650
9	0.21192	0.26197	0.37039	0.01032	0.01554	0.01345	0.01187	0.01498	0.00971	0.02966	0.00784	0.00905	0.00606	0.00447	0.00379	0.00138	0.00571	0.00308	0.00235	0.00645
10	0.01199	0.01151	0.01967	0.02974	0.79946	0.01151	0.01487	0.01487	0.01103	0.01583	0.00912	0.01199	0.00768	0.00432	0.00480	0.00144	0.00576	0.00432	0.00240	0.00768
11	0.01842	0.01357	0.01454	0.01115	0.01503	0.01503	0.00921	0.78330	0.02278	0.03054	0.01163	0.01163	0.00824	0.00582	0.00485	0.00145	0.00533	0.00436	0.00485	0.00824
12	0.86392	0.00937	0.00712	0.00637	0.00937	0.01087	0.00525	0.01425	0.00825	0.02174	0.00675	0.00787	0.00525	0.00450	0.00300	0.00150	0.00375	0.00262	0.00300	0.00525
13	0.86392	0.00937	0.00712	0.00637	0.00937	0.01087	0.00525	0.01425	0.00825	0.02174	0.00675	0.00787	0.00525	0.00450	0.00300	0.00150	0.00375	0.00262	0.00300	0.00525
14	0.01060	0.01060	0.01484	0.01272	0.01272	0.01484	0.01060	0.01166	0.00742	0.01166	0.00636	0.01060	0.00636	0.00848	0.01590	0.00212	0.82082	0.00424	0.00212	0.00530
15	0.86392	0.00937	0.00712	0.00637	0.00937	0.01087	0.00525	0.01425	0.00825	0.02174	0.00675	0.00787	0.00525	0.00450	0.00300	0.00150	0.00375	0.00262	0.00300	0.00525
16	0.00686	0.00495	0.00648	0.00610	0.00724	0.00457	0.00457	0.00914	0.01372	0.01943	0.79691	0.03620	0.04572	0.00991	0.00572	0.00152	0.00229	0.00876	0.00533	0.00457
17	0.86392	0.00937	0.00712	0.00637	0.00937	0.01087	0.00525	0.01425	0.00825	0.02174	0.00675	0.00787	0.00525	0.00450	0.00300	0.00150	0.00375	0.00262	0.00300	0.00525
18	0.00842	0.00421	0.00631	0.00631	0.00631	0.00421	0.00421	0.00631	0.00631	0.00842	0.00842	0.01473	0.00842	0.01684	0.01894	0.85901	0.00421	0.00421	0.00210	0.00210
19	0.01795	0.01334	0.01428	0.01105	0.01485	0.01481	0.00910	0.72686	0.08000	0.02978	0.01224	0.01211	0.00873	0.00587	0.00485	0.00147	0.00522	0.00445	0.00485	0.00820
20	0.00995	0.01335	0.23893	0.00909	0.01422	0.00784	0.00925	0.01311	0.01010	0.01566	0.00864	0.01010	0.00688	0.00388	0.00388	0.00095	0.00462	0.00308	0.00263	0.61384
21	0.00592	0.00495	0.00513	0.00520	0.00674	0.00422	0.00394	0.00717	0.01090	0.01305	0.04614	0.04661	0.71349	0.04422	0.00653	0.00180	0.00268	0.06280	0.00444	0.00407
22	0.00763	0.03871	0.00807	0.00661	0.00893	0.00641	0.03441	0.01090	0.12399	0.01447	0.03709	0.03555	0.53335	0.00983	0.00527	0.00151	0.00311	0.00823	0.00421	0.10171
23	0.01009	0.00896	0.01182	0.06799	0.01418	0.00723	0.06671	0.01247	0.01013	0.01552	0.00871	0.01050	0.00714	0.00372	0.00385	0.00086	0.00416	0.00320	0.00279	0.73000
24	0.00692	0.00519	0.00779	0.00779	0.00865	0.00606	0.00606	0.00865	0.00779	0.01125	0.01298	0.01904	0.01211	0.03634	0.81049	0.00779	0.01298	0.00519	0.00260	0.00433
25	0.01598	0.01071	0.01267	0.01019	0.01343	0.01136	0.04077	0.36574	0.15157	0.17623	0.03049	0.09863	0.02565	0.00705	0.00507	0.00156	0.00460	0.00585	0.00495	0.00750
26	0.00705	0.00470	0.00529	0.00529	0.00529	0.00470	0.00294	0.00705	0.00705	0.00940	0.01527	0.03171	0.01762	0.82969	0.02467	0.00470	0.00470	0.00705	0.00294	0.00294
27	0.01447	0.03237	0.01662	0.14952	0.31761	0.01273	0.01195	0.30981	0.01543	0.05692	0.01040	0.01211	0.00786	0.00505	0.00479	0.00147	0.00562	0.00432	0.00346	0.00751
28	0.00827	0.00527	0.00688	0.00630	0.00771	0.00480	0.00479	0.01047	0.01363	0.09559	0.69189	0.03468	0.07175	0.00962	0.00563	0.00153	0.00247	0.00844	0.00537	0.00491
29	0.00955	0.00819	0.00959	0.02189	0.01135	0.00630	0.00569	0.01163	0.01010	0.01538	0.01264	0.01383	0.08433	0.00505	0.01839	0.00095	0.00370	0.00366	0.00301	0.74476
30	0.04215	0.19308	0.20974	0.01507	0.06361	0.01312	0.28193	0.02773	0.02840	0.04293	0.00927	0.01112	0.00710	0.00439	0.00462	0.00143	0.00657	0.00420	0.00252	0.03100
31	0.32856	0.21887	0.12501	0.00974	0.03866	0.07114	0.00892	0.11925	0.01138	0.01856	0.00781	0.00888	0.00617	0.00463	0.00366	0.00136	0.00522	0.00308	0.00283	0.00627
32	0.00839	0.00422	0.00629	0.00629	0.00629	0.00422	0.00418	0.00633	0.00633	0.00844	0.00855	0.01506	0.00859	0.03249	0.01905	0.84255	0.00422	0.00426	0.00212	0.00212
33	0.04118	0.15600	0.47487	0.09152	0.03396	0.06404	0.04457	0.01514	0.01033	0.01442	0.00827	0.01005	0.00623	0.00455	0.00435	0.00144	0.00676	0.00352	0.00215	0.00665
34	0.00972	0.02507	0.80458	0.01381	0.02097	0.01125	0.01790	0.01535	0.01023	0.01535	0.00870	0.01023	0.00614	0.00460	0.00460	0.00153	0.00716	0.00358	0.00205	0.00716
35	0.00864	0.00576	0.00715	0.00653	0.00814	0.00543	0.00499	0.01177	0.08298	0.09513	0.55977	0.03393	0.13184	0.00952	0.00556	0.00155	0.00262	0.00827	0.00526	0.00515
36	0.01005	0.00861	0.01005	0.00718	0.01148	0.00646	0.00574	0.01220	0.01005	0.01579	0.00861	0.01005	0.00718	0.00359	0.00359	0.00072	0.00359	0.00287	0.00287	0.85932
37	0.00686	0.00495	0.00648	0.00610	0.00724	0.00457	0.00457	0.00914	0.01372	0.01943	0.79691	0.03620	0.04572	0.00991	0.00572	0.00152	0.00229	0.00876	0.00533	0.00457
38	0.01842	0.01357	0.01454	0.01115	0.01503	0.01503	0.00921	0.78330	0.02278	0.03054	0.01163	0.01163	0.00824	0.00582	0.00485	0.00145	0.00533	0.00436	0.00485	0.00824
39	0.00573	0.00491	0.00491	0.00491	0.00655	0.00409	0.00368	0.00695	0.01105	0.01309	0.04909	0.04664	0.79750	0.01227	0.00573	0.00164	0.00245	0.01023	0.00450	0.00409
40	0.02174	0.00825	0.01125	0.00862	0.01237	0.00712	0.00712	0.02362	0.01387	0.80282	0.01912	0.01649	0.01200	0.00600	0.00487	0.00150	0.00412	0.00487	0.00600	0.00825
41	0.01296	0.83261	0.02539	0.00829	0.01244	0.01917	0.00829	0.01451	0.00985	0.01140	0.00674	0.00777	0.00622	0.00415	0.00311	0.00104	0.00518	0.00259	0.00207	0.00622
42	0.00631	0.00465	0.00605	0.00679	0.00746	0.00418	0.00462	0.00728	0.00935	0.01270	0.02494	0.74690	0.02963	0.01405	0.00593	0.00185	0.00289	0.01271	0.00434	0.08736
43	0.78179	0.00926	0.00752	0.00659	0.00966	0.01051	0.00543	0.01516	0.00880	0.09792	0.00795	0.00871	0.00591	0.00464	0.00318	0.00150	0.00379	0.00284	0.00329	0.00554
44	0.86392	0.00937	0.00712	0.00637	0.00937	0.01087	0.00525	0.01425	0.00825	0.02174	0.00675	0.00787	0.00525	0.00450	0.00300	0.00150	0.00375	0.00262	0.00300	0.00525
45	0.01205	0.01041	0.01096	0.00986	0.01260	0.01205	0.00767	0.02575	0.79071	0.02027	0.01972	0.01808	0.01479	0.00657	0.00493	0.00164	0.00384	0.00548	0.00493	0.00767
46	0.00972	0.02507	0.80458	0.01381	0.02097	0.01125	0.01790	0.01535	0.01023	0.01535	0.00870	0.01023	0.00614	0.00460	0.00460	0.00153	0.00716	0.00358	0.00205	0.00716
47	0.00573	0.00490	0.00492	0.00495	0.00655	0.00409	0.00370	0.00695	0.01101	0.01308	0.04866	0.06185	0.78257	0.01233	0.00574	0.00164	0.00246	0.01030	0.00450	0.00409
48	0.01296	0.83261	0.02539	0.00829	0.01244	0.01917	0.00829	0.01451	0.00985	0.01140	0.00674	0.00777	0.00622	0.00415	0.00311	0.00104	0.00518	0.00259	0.00207	0.00622
49	0.00745	0.00461	0.00617	0.00693	0.00755	0.00425	0.00475	0.00839	0.00973	0.08946	0.02597	0.74753	0.03010	0.01429	0.00606	0.00192	0.00294	0.01291	0.00464	0.00436
50	0.00943	0.00890	0.01504	0.74117	0.10809	0.01084	0.01360	0.01262	0.00982	0.01272	0.00866	0.01283	0.00658	0.00479	0.00484	0.00160	0.00639	0.00431	0.00218	0.00561
51	0.00703	0.00476	0.00558	0.00558	0.00568	0.00486	0.00330	0.00723	0.00713	0.00961	0.01500	0.03024	0.01698	0.73764	0.11585	0.00506	0.00566	0.00683	0.00290	0.00310
52	0.16881	0.00916	0.01245	0.00963	0.01314	0.00883	0.10170	0.08258	0.01329	0.42664	0.09100	0.01606	0.01320	0.00586	0.00472	0.00151	0.00447	0.00491	0.00487	0.00714
53	0.01822	0.04630	0.01449	0.01150	0.01482	0.33430	0.00917	0.42237	0.01838	0.04958	0.01006	0.01051	0.00750	0.00543	0.00459	0.00136	0.00665	0.00382	0.00385	0.00712
54	0.01304	0.01174	0.08995	0.04253	0.10345	0.00997	0.00925	0.20471	0.03854	0.07055	0.01073	0.02345	0.00829	0.00479	0.00435	0.00119	0.00476	0.00390	0.00349	0.34132
55	0.01304	0.01362	0.11061	0.02318	0.47065	0.02587	0.09980	0.12073	0.01275	0.04838	0.00985	0.01198	0.00768	0.00461	0.00488	0.00147	0.00612	0.00440	0.00284	0.00755
56	0.01040	0.11540	0.57394	0.01438	0.02079	0.01234	0.15598	0.01528	0.01041	0.01493	0.00867	0.01047	0.00637	0.00446	0.00464	0.00150	0.00712	0.00386	0.00212	0.00694
57	0.86392	0.00937	0.00712	0.00637	0.00937	0.01087	0.00525	0.01425	0.00825	0.02174	0.00675	0.00787	0.00525	0.00450	0.00300	0.00150	0.00375	0.00262	0.00300	0.00525
58	0.01081	0.07438	0.01450	0.53459	0.02598	0.10643	0.01146	0.05621	0.01131	0.01395	0.08538	0.01422	0.01034	0.00536	0.00474	0.00151	0.00616	0.00447	0.00265	0.00556
59	0.00646	0.00453	0.00576	0.00639	0.00710	0.00414	0.00443	0.00761	0.01029	0.03347	0.13664	0.56419	0.15049	0.01362	0.00597	0.00183	0.00271	0.01217	0.01804	0.00417
60	0.01196	0.00830	0.01001	0.00988	0.08654	0.00858	0.00665	0.23489	0.01307	0.07850	0.01663	0.02533	0.05929	0.33829	0.01301	0.00283	0.00479	0.06204	0.00388	0.00553
61	0.00675	0.00495	0.00632	0.00598	0.00717	0.00453	0.00449	0.00893	0.01346	0.01881	0.72398	0.03722	0.11904	0.01014	0.00572	0.00154	0.00230	0.00891	0.00525	0.00453
62	0.00614	0.00493	0.00548	0.00534	0.00680	0.00427	0.00401	0.00775	0.01202	0.01541	0.32210	0.04283	0.52304	0.01141	0.00572	0.00160	0.00239	0.00969	0.00480	0.00427
63	0.00677	0.00488	0.00639	0.00616	0.00722	0.00451	0.00457	0.00891	0.01328	0.01874	0.72179	0.11328	0.04439	0.01042	0.00576	0.00157	0.00234	0.00925	0.00525	0.00451
64	0.02174	0.00825	0.01125	0.00862	0.01237	0.00712	0.00712	0.02362	0.01387	0.80282	0.01912	0.01649	0.01200	0.00600	0.00487	0.00150	0.00412	0.00487	0.00600	0.00825
65	0.01005	0.00861	0.01005	0.00718	0.01148	0.00646	0.00574	0.01220	0.01005	0.01579	0.00861	0.01005	0.00718	0.00359	0.00359	0.00072	0.00359	0.00287	0.00287	0.85932
66	0.00694	0.00515	0.00649	0.00612	0.00737	0.00480	0.00460	0.00955	0.04219	0.01885	0.69524	0.03655	0.11790	0.01001	0.00569	0.00154	0.00236	0.00879	0.00524	0.00464
67	0.00930	0.00611	0.00901	0.12623	0.08245	0.00608	0.00711	0.01083	0.01019	0.13168	0.02138	0.51432	0.02316	0.01134	0.00567	0.00180	0.00380	0.01022	0.00420	0.00513
68	0.00915	0.00861	0.01453	0.81804	0.03338	0.01077	0.01346	0.01238	0.00969	0.01238	0.00861	0.01292	0.00646	0.00484	0.00484	0.00161	0.00646	0.00431	0.00215	0.00538
69	0.00700	0.00468	0.00530	0.00535	0.00536	0.00467	0.00300	0.00703	0.00714	0.00952	0.01576	0.06554	0.01823	0.79502	0.02388	0.00458	0.00462	0.00733	0.00300	0.00298
70	0.01854	0.00995	0.01220	0.01015	0.04294	0.00989	0.00798	0.28240	0.03610	0.41291	0.01782	0.03151	0.04496	0.00657	0.00499	0.00153	0.00451	0.03194	0.00529	0.00782
71	0.01374	0.65048	0.06753	0.00915	0.01328	0.09539	0.00895	0.04969	0.01093	0.03247	0.00745	0.00840	0.00645	0.00438	0.00344	0.00112	0.00562	0.00284	0.00234	0.00636

[dist]
# distance from previous block
# <min> <max>
1	12

[block]
# block no. 4 follows, 52 sequences, length 27
# corresponding to MSA columns:
# 306-332
name=unknown_E
#
# <colnr> <probs for GDERKNQSTAVLIFYWHMCP>
#	G	D	E	R	K	N	Q	S	T	A	V	L	I	F	Y	W	H	M	C	P
0	0.08808	0.40108	0.16987	0.00913	0.01351	0.01380	0.00944	0.01610	0.01077	0.16554	0.05332	0.01151	0.00942	0.00494	0.00387	0.00129	0.00507	0.00357	0.00308	0.00661
1	0.01337	0.33170	0.10094	0.01210	0.09514	0.25031	0.00989	0.01548	0.01159	0.01330	0.09453	0.01189	0.01072	0.00510	0.00410	0.00125	0.00618	0.00371	0.00259	0.00611
2	0.01359	0.00676	0.00856	0.00715	0.00974	0.00597	0.00568	0.01590	0.04423	0.36915	0.22028	0.02815	0.19951	0.00835	0.00524	0.00152	0.00325	0.00703	0.00534	0.03462
3	0.01176	0.10129	0.02903	0.10630	0.13019	0.01260	0.00965	0.02118	0.48559	0.01764	0.01525	0.01531	0.01168	0.00574	0.00469	0.00154	0.00463	0.00482	0.00387	0.00724
4	0.00585	0.00476	0.00519	0.00540	0.00670	0.00410	0.00393	0.00708	0.01088	0.01344	0.10308	0.21269	0.57463	0.01271	0.00582	0.00170	0.00252	0.01087	0.00457	0.00410
5	0.01087	0.04720	0.46793	0.11101	0.14522	0.07668	0.04427	0.01523	0.01061	0.01467	0.00863	0.01073	0.00648	0.00458	0.00464	0.00149	0.00696	0.00379	0.00217	0.00685
6	0.01155	0.10554	0.26059	0.03640	0.21214	0.06808	0.09661	0.01502	0.01092	0.03998	0.01067	0.03463	0.00914	0.00543	0.00480	0.00151	0.00639	0.06128	0.00258	0.00672
7	0.00598	0.00474	0.00538	0.00559	0.00680	0.00414	0.00405	0.00730	0.01109	0.01407	0.18048	0.24289	0.46520	0.01258	0.00584	0.00170	0.00251	0.01086	0.00465	0.00414
8	0.64829	0.00872	0.00764	0.00667	0.00957	0.00964	0.00544	0.01503	0.00966	0.13384	0.09565	0.01224	0.01068	0.00531	0.00357	0.00150	0.00364	0.00362	0.00369	0.00561
9	0.01188	0.01050	0.03708	0.03378	0.01350	0.01998	0.01998	0.15630	0.08610	0.01876	0.01023	0.01123	0.00803	0.00438	0.00407	0.00102	0.00428	0.00351	0.00337	0.54203
10	0.00959	0.00813	0.00956	0.00713	0.01099	0.00618	0.00561	0.01160	0.00996	0.01541	0.01061	0.10007	0.00992	0.00487	0.00388	0.00086	0.00350	0.00407	0.00305	0.76501
11	0.08089	0.15817	0.45301	0.01285	0.01864	0.01245	0.11845	0.01565	0.01039	0.06368	0.00900	0.01039	0.00661	0.00453	0.00439	0.00146	0.00650	0.00371	0.00243	0.00683
12	0.01242	0.01284	0.01719	0.17179	0.48520	0.14911	0.01326	0.01539	0.03539	0.01460	0.00971	0.01234	0.01998	0.00473	0.00475	0.00145	0.00629	0.00424	0.00248	0.00684
13	0.00672	0.00492	0.00612	0.00584	0.00692	0.00452	0.00426	0.00860	0.01260	0.01741	0.60316	0.03721	0.15076	0.10063	0.00781	0.00189	0.00258	0.00879	0.00495	0.00432
14	0.00574	0.00485	0.00497	0.00506	0.00658	0.00408	0.00375	0.00694	0.01090	0.01303	0.04727	0.11022	0.73509	0.01251	0.00576	0.00166	0.00248	0.01052	0.00450	0.00408
15	0.02818	0.06910	0.09698	0.01335	0.10152	0.25662	0.01042	0.24229	0.01532	0.09199	0.01012	0.01092	0.00759	0.00566	0.01758	0.00148	0.00659	0.00382	0.00344	0.00703
16	0.32309	0.00865	0.00977	0.00782	0.01130	0.00846	0.00645	0.02026	0.01186	0.52334	0.01469	0.01341	0.00958	0.00546	0.00420	0.00150	0.00399	0.00407	0.00492	0.00717
17	0.00705	0.00470	0.00529	0.00529	0.00529	0.00470	0.00294	0.00705	0.00705	0.00940	0.01527	0.03171	0.01762	0.82969	0.02467	0.00470	0.00470	0.00705	0.00294	0.00294
18	0.60322	0.00902	0.00840	0.00707	0.01030	0.00971	0.00583	0.01715	0.00999	0.26353	0.01058	0.01054	0.00734	0.00496	0.00358	0.00150	0.00386	0.00332	0.00393	0.00618
19	0.01005	0.00861	0.01005	0.00718	0.01148	0.00646	0.00574	0.01220	0.01005	0.01579	0.00861	0.01005	0.00718	0.00359	0.00359	0.00072	0.00359	0.00287	0.00287	0.85932
20	0.00972	0.02507	0.80458	0.01381	0.02097	0.01125	0.01790	0.01535	0.01023	0.01535	0.00870	0.01023	0.00614	0.00460	0.00460	0.00153	0.00716	0.00358	0.00205	0.00716
21	0.00672	0.00475	0.00617	0.00634	0.00725	0.00437	0.00458	0.00841	0.01192	0.03008	0.44640	0.31963	0.08910	0.01194	0.00589	0.00170	0.00255	0.02284	0.00498	0.00438
22	0.00638	0.00504	0.00537	0.00529	0.00651	0.00455	0.00372	0.00783	0.03549	0.01311	0.12222	0.04087	0.49631	0.21419	0.01039	0.00238	0.00304	0.00913	0.00422	0.00397
23	0.86392	0.00937	0.00712	0.00637	0.00937	0.01087	0.00525	0.01425	0.00825	0.02174	0.00675	0.00787	0.00525	0.00450	0.00300	0.00150	0.00375	0.00262	0.00300	0.00525
24	0.01115	0.01888	0.44778	0.14811	0.06016	0.01182	0.08898	0.12531	0.01210	0.01708	0.00923	0.01124	0.00668	0.00475	0.00480	0.00154	0.00681	0.00405	0.00252	0.00699
25	0.01475	0.01669	0.01215	0.01027	0.01343	0.44885	0.00787	0.04729	0.02743	0.01443	0.03451	0.01041	0.00813	0.00472	0.00416	0.00108	0.00645	0.00331	0.00287	0.31119
26	0.00660	0.00477	0.00623	0.00623	0.00717	0.00440	0.00453	0.00850	0.01256	0.01753	0.58858	0.23210	0.06009	0.01127	0.00583	0.00164	0.00242	0.01004	0.00511	0.00440

[dist]
# distance from previous block
# <min> <max>
0	1

[block]
# block no. 5 follows, 52 sequences, length 9
# corresponding to MSA columns:
# 334-342
name=unknown_F
#
# <colnr> <probs for GDERKNQSTAVLIFYWHMCP>
#	G	D	E	R	K	N	Q	S	T	A	V	L	I	F	Y	W	H	M	C	P
0	0.01017	0.13734	0.69625	0.01304	0.01979	0.01236	0.01657	0.01523	0.01018	0.01480	0.00842	0.00989	0.00615	0.00454	0.00440	0.00147	0.00689	0.00344	0.00205	0.00703
1	0.54446	0.23962	0.08972	0.00763	0.01135	0.01322	0.00732	0.01443	0.00888	0.01825	0.00693	0.00807	0.00560	0.00441	0.00319	0.00137	0.00448	0.00271	0.00265	0.00570
2	0.01183	0.14814	0.13289	0.02395	0.55901	0.01273	0.01423	0.01488	0.01072	0.01504	0.00867	0.01105	0.00722	0.00433	0.00449	0.00139	0.00586	0.00393	0.00229	0.00736
3	0.00670	0.00495	0.00625	0.00593	0.00714	0.00450	0.00445	0.00883	0.01334	0.01853	0.68994	0.03769	0.15326	0.01025	0.00572	0.00154	0.00231	0.00897	0.00522	0.00450
4	0.00659	0.00492	0.00674	0.03285	0.03565	0.00469	0.00532	0.00809	0.01080	0.01469	0.25132	0.47903	0.05510	0.01276	0.00597	0.00181	0.00295	0.05179	0.00459	0.00433
5	0.01542	0.07747	0.05771	0.06055	0.05209	0.08319	0.00982	0.43990	0.04252	0.02278	0.01081	0.01196	0.00822	0.00814	0.07579	0.00198	0.00643	0.00418	0.00380	0.00723
6	0.01405	0.00905	0.01069	0.00941	0.01210	0.00945	0.00782	0.22878	0.14010	0.17452	0.02082	0.02897	0.05899	0.00869	0.00549	0.00175	0.00443	0.24320	0.00495	0.00674
7	0.02890	0.07896	0.20493	0.12757	0.03549	0.12957	0.06767	0.16761	0.02842	0.07098	0.00991	0.01126	0.00729	0.00499	0.00462	0.00145	0.00649	0.00397	0.00306	0.00684
8	0.00887	0.00920	0.12186	0.00807	0.01049	0.00729	0.00724	0.08025	0.10127	0.01992	0.52755	0.02828	0.03328	0.00841	0.00539	0.00153	0.00343	0.00727	0.00478	0.00561

[dist]
# distance from previous block
# <min> <max>
1	2

[block]
# block no. 6 follows, 52 sequences, length 13
# corresponding to MSA columns:
# 345-357
name=unknown_G
#
# <colnr> <probs for GDERKNQSTAVLIFYWHMCP>
#	G	D	E	R	K	N	Q	S	T	A	V	L	I	F	Y	W	H	M	C	P
0	0.00989	0.09369	0.43866	0.05897	0.10232	0.01102	0.05747	0.01411	0.01085	0.01550	0.12920	0.01447	0.01245	0.00533	0.00473	0.00149	0.00610	0.00452	0.00262	0.00660
1	0.00998	0.04175	0.11211	0.01505	0.17637	0.01157	0.01125	0.01217	0.00902	0.01317	0.01040	0.04838	0.01003	0.01128	0.11502	0.00261	0.31911	0.06241	0.00250	0.00581
2	0.09218	0.19215	0.20455	0.01060	0.01494	0.07407	0.02482	0.23645	0.01384	0.01923	0.00970	0.03476	0.00775	0.00523	0.00421	0.00138	0.00570	0.00386	0.03783	0.00676
3	0.80575	0.00932	0.00763	0.06161	0.01101	0.01086	0.00581	0.01412	0.00835	0.02111	0.00687	0.00822	0.00533	0.00452	0.00312	0.00151	0.00393	0.00274	0.00294	0.00526
4	0.08827	0.00749	0.01126	0.51171	0.02362	0.00885	0.01009	0.01097	0.00957	0.01331	0.01527	0.18420	0.07160	0.00753	0.00502	0.00168	0.00514	0.00657	0.00290	0.00497
5	0.01133	0.00934	0.01146	0.01224	0.13288	0.00999	0.00821	0.13420	0.29677	0.01886	0.01809	0.19684	0.01677	0.00821	0.00519	0.00163	0.00415	0.04595	0.00429	0.05359
6	0.00692	0.00519	0.00779	0.00779	0.00865	0.00606	0.00606	0.00865	0.00779	0.01125	0.01298	0.01904	0.01211	0.03634	0.81049	0.00779	0.01298	0.00519	0.00260	0.00433
7	0.00692	0.00519	0.00779	0.00779	0.00865	0.00606	0.00606	0.00865	0.00779	0.01125	0.01298	0.01904	0.01211	0.03634	0.81049	0.00779	0.01298	0.00519	0.00260	0.00433
8	0.01099	0.01438	0.14233	0.05007	0.06185	0.07160	0.43437	0.01458	0.01102	0.01468	0.01118	0.10220	0.00978	0.00559	0.00562	0.00163	0.02336	0.00593	0.00260	0.00626
9	0.00734	0.00474	0.00636	0.00636	0.00664	0.00502	0.00427	0.00739	0.00711	0.00976	0.01283	0.02339	0.01355	0.37045	0.27956	0.21640	0.00728	0.00574	0.00262	0.00318
10	0.01156	0.02249	0.68322	0.01302	0.01966	0.01062	0.01626	0.01661	0.01079	0.13581	0.01029	0.01119	0.00703	0.00482	0.00465	0.00153	0.00670	0.00378	0.00265	0.00733
11	0.00605	0.00433	0.00575	0.00665	0.00706	0.00403	0.00451	0.00711	0.00996	0.01345	0.14453	0.70562	0.03414	0.01438	0.00611	0.00190	0.00273	0.01301	0.00463	0.00403
12	0.01159	0.05252	0.42038	0.13741	0.09390	0.06564	0.01458	0.01629	0.05363	0.07447	0.00996	0.01151	0.00726	0.00484	0.00462	0.00150	0.00654	0.00389	0.00259	0.00690

[dist]
# distance from previous block
# <min> <max>
0	1

[block]
# block no. 7 follows, 52 sequences, length 21
# corresponding to MSA columns:
# 359-379
name=unknown_H
#
# <colnr> <probs for GDERKNQSTAVLIFYWHMCP>
#	G	D	E	R	K	N	Q	S	T	A	V	L	I	F	Y	W	H	M	C	P
0	0.01087	0.10918	0.01246	0.06441	0.01336	0.06142	0.00683	0.01297	0.01024	0.01476	0.00831	0.00989	0.00695	0.00384	0.00367	0.00085	0.00432	0.00295	0.00270	0.64000
1	0.01060	0.01060	0.01484	0.01272	0.01272	0.01484	0.01060	0.01166	0.00742	0.01166	0.00636	0.01060	0.00636	0.00848	0.01590	0.00212	0.82082	0.00424	0.00212	0.00530
2	0.01097	0.00797	0.00938	0.10940	0.01262	0.05179	0.00690	0.10554	0.03046	0.10835	0.27085	0.02591	0.11203	0.00992	0.05844	0.00194	0.00455	0.02236	0.03503	0.00559
3	0.00620	0.00440	0.00571	0.00664	0.00697	0.00417	0.00448	0.00702	0.00911	0.01209	0.02542	0.63859	0.04605	0.13623	0.00896	0.00239	0.00320	0.06431	0.00426	0.00383
4	0.00617	0.00493	0.00552	0.00537	0.00682	0.00428	0.00403	0.00781	0.01208	0.01556	0.33982	0.04258	0.50523	0.01135	0.00572	0.00159	0.00239	0.00966	0.00482	0.00428
5	0.01484	0.01067	0.01166	0.00980	0.01294	0.01176	0.00782	0.21799	0.44803	0.13787	0.01879	0.01738	0.04510	0.00653	0.00493	0.00157	0.00420	0.00530	0.00505	0.00775
6	0.02174	0.00825	0.01125	0.00862	0.01237	0.00712	0.00712	0.02362	0.01387	0.80282	0.01912	0.01649	0.01200	0.00600	0.00487	0.00150	0.00412	0.00487	0.00600	0.00825
7	0.01205	0.01041	0.01096	0.00986	0.01260	0.01205	0.00767	0.02575	0.79071	0.02027	0.01972	0.01808	0.01479	0.00657	0.00493	0.00164	0.00384	0.00548	0.00493	0.00767
8	0.02174	0.00825	0.01125	0.00862	0.01237	0.00712	0.00712	0.02362	0.01387	0.80282	0.01912	0.01649	0.01200	0.00600	0.00487	0.00150	0.00412	0.00487	0.00600	0.00825
9	0.01754	0.00852	0.01132	0.10656	0.01467	0.00837	0.00785	0.02186	0.16212	0.51383	0.06123	0.01746	0.01374	0.00619	0.00493	0.00154	0.00425	0.00514	0.00529	0.00759
10	0.63678	0.01140	0.00963	0.01007	0.10620	0.10768	0.00702	0.03438	0.00962	0.02005	0.00725	0.00857	0.00574	0.00457	0.00343	0.00146	0.00464	0.00293	0.00291	0.00566
11	0.01736	0.02170	0.01445	0.01457	0.10981	0.71368	0.01003	0.01881	0.01341	0.01234	0.00769	0.00913	0.00642	0.00491	0.00442	0.00127	0.00838	0.00327	0.00249	0.00587
12	0.00915	0.00861	0.01453	0.81804	0.03338	0.01077	0.01346	0.01238	0.00969	0.01238	0.00861	0.01292	0.00646	0.00484	0.00484	0.00161	0.00646	0.00431	0.00215	0.00538
13	0.00617	0.00441	0.00582	0.00655	0.00703	0.00411	0.00447	0.00734	0.01029	0.01400	0.21309	0.61286	0.03496	0.03655	0.00659	0.00194	0.00274	0.01237	0.00466	0.00406
14	0.00688	0.00508	0.00736	0.00743	0.00815	0.00577	0.00559	0.00835	0.00778	0.01109	0.01402	0.06550	0.01389	0.13157	0.67025	0.00709	0.01141	0.00590	0.00274	0.00414
15	0.00598	0.00452	0.00556	0.00635	0.00710	0.00410	0.00449	0.00704	0.00994	0.01273	0.03331	0.54008	0.25989	0.01419	0.00608	0.00189	0.00282	0.06542	0.00450	0.00402
16	0.00698	0.00455	0.00528	0.00558	0.00580	0.00447	0.00341	0.00748	0.00802	0.01124	0.01840	0.24299	0.02086	0.51188	0.01714	0.00354	0.00390	0.00854	0.10655	0.00340
17	0.03969	0.01343	0.01165	0.01005	0.01277	0.22648	0.00783	0.23478	0.13144	0.09362	0.01434	0.11102	0.01205	0.00681	0.00476	0.00148	0.00540	0.00534	0.05043	0.00664
18	0.00704	0.00518	0.00662	0.00622	0.00744	0.00487	0.00468	0.00978	0.04581	0.01930	0.74548	0.03572	0.06381	0.00983	0.00568	0.00153	0.00235	0.00867	0.00530	0.00469
19	0.01256	0.01067	0.01181	0.01131	0.06779	0.01213	0.00826	0.10241	0.63863	0.02083	0.01832	0.03621	0.01403	0.00654	0.00494	0.00162	0.00410	0.00548	0.00473	0.00764
20	0.30486	0.00920	0.00967	0.00785	0.01105	0.00959	0.00644	0.16444	0.01322	0.29547	0.01309	0.01283	0.00904	0.00541	0.00405	0.00145	0.00400	0.00397	0.10758	0.00678

[dist]
# distance from previous block
# <min> <max>
1	31

[block]
# block no. 8 follows, 52 sequences, length 21
# corresponding to MSA columns:
# 412-432
name=unknown_I
#
# <colnr> <probs for GDERKNQSTAVLIFYWHMCP>
#	G	D	E	R	K	N	Q	S	T	A	V	L	I	F	Y	W	H	M	C	P
0	0.52011	0.01006	0.00944	0.00784	0.01113	0.01113	0.00645	0.16778	0.04819	0.15132	0.01034	0.01050	0.00738	0.00510	0.00376	0.00150	0.00413	0.00347	0.00394	0.00644
1	0.00698	0.00567	0.00824	0.16938	0.01281	0.00629	0.00684	0.00832	0.00919	0.01231	0.02126	0.59027	0.02462	0.01251	0.00680	0.00191	0.07743	0.01102	0.00382	0.00435
2	0.01237	0.01264	0.02703	0.01936	0.02416	0.01179	0.71188	0.01625	0.01166	0.08664	0.01065	0.01338	0.00777	0.00426	0.00564	0.00162	0.00780	0.00564	0.00277	0.00669
3	0.00842	0.00421	0.00631	0.00631	0.00631	0.00421	0.00421	0.00631	0.00631	0.00842	0.00842	0.01473	0.00842	0.01684	0.01894	0.85901	0.00421	0.00421	0.00210	0.00210
4	0.01118	0.01068	0.01819	0.25621	0.57938	0.01130	0.01447	0.01416	0.01065	0.01484	0.00897	0.01226	0.00733	0.00447	0.00481	0.00149	0.00596	0.00431	0.00233	0.00702
5	0.01069	0.01018	0.01731	0.39190	0.44752	0.01117	0.01422	0.01373	0.01042	0.01425	0.00888	0.01242	0.00712	0.00456	0.00482	0.00152	0.00608	0.00431	0.00229	0.00662
6	0.01223	0.01093	0.01369	0.01157	0.01267	0.03648	0.00949	0.19905	0.01136	0.01613	0.00866	0.01244	0.00781	0.04283	0.08920	0.00258	0.48976	0.00444	0.00287	0.00584
7	0.07189	0.01054	0.11908	0.01173	0.11088	0.03384	0.00914	0.07197	0.01058	0.10502	0.01193	0.01519	0.00985	0.03235	0.34943	0.00423	0.00875	0.00455	0.00309	0.00596
8	0.07395	0.19101	0.01805	0.01779	0.34256	0.09724	0.02184	0.03374	0.02810	0.05167	0.00898	0.01063	0.00736	0.00446	0.00418	0.00129	0.00554	0.00365	0.00270	0.07525
9	0.04647	0.41036	0.08303	0.11211	0.07137	0.04599	0.00976	0.03010	0.04672	0.01412	0.07940	0.01208	0.01031	0.00500	0.00397	0.00129	0.00531	0.00376	0.00264	0.00619
10	0.00744	0.00659	0.00664	0.00747	0.00803	0.10532	0.00511	0.00833	0.00984	0.01231	0.02429	0.72370	0.02881	0.01390	0.00596	0.00188	0.00356	0.01244	0.00425	0.00415
11	0.01035	0.00961	0.01568	0.27125	0.40491	0.01037	0.01261	0.01385	0.06591	0.01464	0.01193	0.11514	0.01087	0.00601	0.00500	0.00158	0.00547	0.00559	0.00277	0.00649
12	0.01204	0.04316	0.05749	0.20347	0.23002	0.01071	0.10359	0.01604	0.08166	0.11442	0.06904	0.01497	0.01120	0.00525	0.00493	0.00152	0.00562	0.00488	0.00321	0.00677
13	0.00575	0.00482	0.00500	0.00514	0.00661	0.00407	0.00378	0.00693	0.01082	0.01300	0.04628	0.14470	0.70125	0.01264	0.00578	0.00168	0.00250	0.01067	0.00450	0.00407
14	0.01582	0.00923	0.01453	0.06872	0.01603	0.00885	0.16497	0.10349	0.01339	0.36866	0.01686	0.11841	0.01341	0.00696	0.00528	0.00162	0.00510	0.03705	0.00462	0.00700
15	0.01239	0.30681	0.21340	0.01270	0.07424	0.01508	0.04198	0.11150	0.03738	0.01560	0.00852	0.01009	0.00691	0.00511	0.00559	0.00142	0.10836	0.00361	0.00256	0.00676
16	0.01819	0.01346	0.01441	0.01110	0.01494	0.01492	0.00915	0.75523	0.05125	0.03016	0.01193	0.01187	0.00848	0.00585	0.00485	0.00146	0.00528	0.00440	0.00485	0.00822
17	0.00705	0.00470	0.00529	0.00529	0.00529	0.00470	0.00294	0.00705	0.00705	0.00940	0.01527	0.03171	0.01762	0.82969	0.02467	0.00470	0.00470	0.00705	0.00294	0.00294
18	0.01277	0.00851	0.01359	0.58551	0.02734	0.00972	0.01164	0.01561	0.01089	0.23946	0.01163	0.01395	0.00805	0.00518	0.00485	0.00158	0.00579	0.00447	0.00326	0.00621
19	0.00680	0.00495	0.00640	0.00603	0.00720	0.00455	0.00453	0.00903	0.01358	0.01910	0.75770	0.03675	0.08514	0.01003	0.00572	0.00153	0.00230	0.00884	0.00529	0.00455
20	0.04350	0.00754	0.04083	0.14121	0.01369	0.00677	0.03336	0.01140	0.01187	0.05335	0.37502	0.03552	0.05468	0.00740	0.00504	0.00142	0.00374	0.00646	0.00408	0.14312

[dist]
# distance from previous block
# <min> <max>
0	5

# created by:
# /st0/software/busco_prod/Augustus/scripts/msa2prfl.pl ./align_prep/167932.fa
