[name]
unknown

[dist]
# distance from previous block
# <min> <max>
4	105

[block]
# block no. 0 follows, 52 sequences, length 19
# corresponding to MSA columns:
# 155-173
name=unknown_A
#
# <colnr> <probs for GDERKNQSTAVLIFYWHMCP>
#	G	D	E	R	K	N	Q	S	T	A	V	L	I	F	Y	W	H	M	C	P
0	0.07214	0.11004	0.30036	0.01248	0.01736	0.02871	0.16637	0.01562	0.01108	0.11556	0.07015	0.02878	0.01952	0.00531	0.00470	0.00149	0.00604	0.00464	0.00303	0.00661
1	0.01444	0.07376	0.23729	0.05412	0.01596	0.01046	0.03075	0.12735	0.03154	0.23643	0.03805	0.01392	0.01014	0.00577	0.01336	0.00152	0.00536	0.00437	0.06825	0.00714
2	0.01280	0.07699	0.29394	0.09674	0.01835	0.01098	0.06654	0.11510	0.01264	0.14680	0.05334	0.03261	0.03041	0.00566	0.00479	0.00151	0.00580	0.00472	0.00339	0.00689
3	0.06147	0.11300	0.24139	0.01081	0.02695	0.01175	0.01078	0.13728	0.01250	0.15115	0.02891	0.02247	0.01872	0.00599	0.01560	0.00155	0.07315	0.00413	0.00341	0.04900
4	0.03390	0.41477	0.12865	0.00868	0.01251	0.01318	0.00868	0.01468	0.01096	0.12286	0.12353	0.05307	0.01418	0.00595	0.00413	0.00131	0.00474	0.01472	0.00325	0.00624
5	0.01352	0.44392	0.01773	0.00808	0.01146	0.01339	0.00728	0.01615	0.07586	0.17833	0.07322	0.05877	0.05153	0.00617	0.00412	0.00130	0.00437	0.00476	0.00363	0.00641
6	0.10062	0.00912	0.05425	0.00766	0.01148	0.00713	0.00651	0.01481	0.01096	0.19700	0.07569	0.01408	0.01149	0.02859	0.00466	0.00120	0.00385	0.00395	0.00376	0.43317
7	0.05305	0.07772	0.09864	0.00919	0.01215	0.00996	0.03328	0.01776	0.29962	0.07341	0.14013	0.09121	0.01859	0.00720	0.00485	0.00156	0.00408	0.00609	0.03507	0.00644
8	0.21172	0.03463	0.07736	0.00981	0.01356	0.01026	0.07435	0.10399	0.07736	0.27788	0.03484	0.03144	0.01057	0.00566	0.00450	0.00152	0.00470	0.00455	0.00430	0.00702
9	0.04862	0.02045	0.53948	0.01447	0.02068	0.01111	0.17888	0.01601	0.01070	0.08026	0.00970	0.01125	0.00684	0.00460	0.00479	0.00155	0.00698	0.00410	0.00250	0.00703
10	0.01066	0.00963	0.13548	0.00861	0.01142	0.00708	0.00782	0.07583	0.02451	0.13218	0.19808	0.19014	0.02355	0.00893	0.00533	0.00160	0.00399	0.06402	0.00442	0.07672
11	0.01453	0.01291	0.13847	0.09089	0.01585	0.02670	0.00977	0.35232	0.01621	0.09529	0.03742	0.01405	0.01892	0.00571	0.00463	0.00144	0.00511	0.00449	0.12828	0.00703
12	0.01020	0.00772	0.00921	0.00820	0.01005	0.00844	0.00632	0.15512	0.13485	0.01662	0.01394	0.01863	0.01226	0.13439	0.32976	0.00441	0.00781	0.00515	0.04100	0.06594
13	0.07981	0.00786	0.05291	0.04350	0.01082	0.00728	0.00663	0.13257	0.01204	0.07256	0.06286	0.39728	0.06024	0.01103	0.01809	0.00183	0.00390	0.00917	0.00431	0.00532
14	0.01646	0.45531	0.01943	0.00884	0.01283	0.01490	0.00809	0.13913	0.01311	0.25200	0.01123	0.01100	0.00827	0.00497	0.00391	0.00124	0.00489	0.00356	0.00369	0.00715
15	0.01163	0.07022	0.15564	0.02469	0.01395	0.00915	0.00868	0.05079	0.06989	0.08167	0.01063	0.02395	0.00832	0.00455	0.00407	0.00109	0.00454	0.00361	0.00318	0.43975
16	0.12577	0.19098	0.31190	0.01059	0.01562	0.01294	0.01149	0.13345	0.01227	0.11799	0.00980	0.01041	0.00711	0.00486	0.00415	0.00141	0.00562	0.00353	0.00311	0.00701
17	0.01448	0.01127	0.05725	0.01400	0.19302	0.07502	0.00951	0.03835	0.16202	0.23583	0.03144	0.01880	0.08390	0.00640	0.00495	0.00153	0.00485	0.02596	0.00424	0.00718
18	0.08535	0.50533	0.08885	0.00869	0.01291	0.01504	0.00861	0.01664	0.01067	0.19331	0.00974	0.00999	0.00745	0.00464	0.00363	0.00122	0.00499	0.00320	0.00304	0.00668

[dist]
# distance from previous block
# <min> <max>
0	2

[block]
# block no. 1 follows, 52 sequences, length 122
# corresponding to MSA columns:
# 176-208,210-298
name=unknown_B
#
# <colnr> <probs for GDERKNQSTAVLIFYWHMCP>
#	G	D	E	R	K	N	Q	S	T	A	V	L	I	F	Y	W	H	M	C	P
0	0.02838	0.00757	0.00931	0.01916	0.01085	0.00630	0.00587	0.02678	0.01138	0.17751	0.11482	0.12657	0.01651	0.00656	0.00451	0.00119	0.00350	0.00558	0.00408	0.41358
1	0.06489	0.12524	0.31013	0.01100	0.01616	0.01159	0.05142	0.11216	0.01181	0.04840	0.00940	0.02216	0.00724	0.00467	0.00423	0.00130	0.00561	0.00366	0.00284	0.17608
2	0.08368	0.05981	0.01446	0.05814	0.08529	0.01371	0.00932	0.43834	0.11912	0.05254	0.01189	0.01223	0.00872	0.00553	0.00461	0.00147	0.00506	0.00428	0.00422	0.00760
3	0.00876	0.00633	0.00684	0.00623	0.00823	0.00587	0.00480	0.11789	0.01288	0.07452	0.06400	0.09330	0.55024	0.01102	0.00557	0.00162	0.00300	0.00920	0.00469	0.00499
4	0.01214	0.09964	0.01386	0.15545	0.06704	0.01230	0.00924	0.15140	0.29739	0.01865	0.02464	0.03337	0.03574	0.00704	0.02648	0.00171	0.00501	0.01821	0.00386	0.00683
5	0.00992	0.05284	0.58623	0.01212	0.01793	0.01064	0.01468	0.03131	0.05141	0.02894	0.12504	0.01448	0.01253	0.00551	0.00473	0.00152	0.00611	0.00444	0.00280	0.00681
6	0.00842	0.00421	0.00631	0.00631	0.00631	0.00421	0.00421	0.00631	0.00631	0.00842	0.00842	0.01473	0.00842	0.01684	0.01894	0.85901	0.00421	0.00421	0.00210	0.00210
7	0.00988	0.03908	0.74525	0.01410	0.02107	0.01146	0.06217	0.01534	0.01029	0.01529	0.00873	0.01035	0.00621	0.00457	0.00464	0.00153	0.00718	0.00369	0.00207	0.00711
8	0.00597	0.00436	0.00563	0.00653	0.00703	0.00402	0.00446	0.00696	0.00977	0.01290	0.07461	0.67768	0.12134	0.01451	0.00611	0.00191	0.00277	0.02489	0.00455	0.00400
9	0.01296	0.83261	0.02539	0.00829	0.01244	0.01917	0.00829	0.01451	0.00985	0.01140	0.00674	0.00777	0.00622	0.00415	0.00311	0.00104	0.00518	0.00259	0.00207	0.00622
10	0.00705	0.00470	0.00529	0.00529	0.00529	0.00470	0.00294	0.00705	0.00705	0.00940	0.01527	0.03171	0.01762	0.82969	0.02467	0.00470	0.00470	0.00705	0.00294	0.00294
11	0.00903	0.00452	0.00452	0.00452	0.00565	0.00452	0.00339	0.01129	0.01016	0.01807	0.01581	0.01807	0.01242	0.00565	0.00339	0.00113	0.00226	0.00452	0.85659	0.00452
12	0.01842	0.01357	0.01454	0.01115	0.01503	0.01503	0.00921	0.78330	0.02278	0.03054	0.01163	0.01163	0.00824	0.00582	0.00485	0.00145	0.00533	0.00436	0.00485	0.00824
13	0.00915	0.00861	0.01453	0.81804	0.03338	0.01077	0.01346	0.01238	0.00969	0.01238	0.00861	0.01292	0.00646	0.00484	0.00484	0.00161	0.00646	0.00431	0.00215	0.00538
14	0.01005	0.00861	0.01005	0.00718	0.01148	0.00646	0.00574	0.01220	0.01005	0.01579	0.00861	0.01005	0.00718	0.00359	0.00359	0.00072	0.00359	0.00287	0.00287	0.85932
15	0.00575	0.00481	0.00501	0.00517	0.00661	0.00407	0.00380	0.00693	0.01080	0.01299	0.04593	0.15678	0.68940	0.01268	0.00579	0.00168	0.00250	0.01073	0.00450	0.00407
16	0.00596	0.00426	0.00567	0.00671	0.00704	0.00397	0.00450	0.00689	0.00954	0.01278	0.07151	0.78056	0.03285	0.01488	0.00616	0.00194	0.00278	0.01348	0.00455	0.00397
17	0.01296	0.83261	0.02539	0.00829	0.01244	0.01917	0.00829	0.01451	0.00985	0.01140	0.00674	0.00777	0.00622	0.00415	0.00311	0.00104	0.00518	0.00259	0.00207	0.00622
18	0.01123	0.02529	0.24937	0.00906	0.01301	0.00830	0.00931	0.08425	0.03888	0.15354	0.03674	0.02545	0.29972	0.00792	0.00509	0.00155	0.00452	0.00645	0.00404	0.00629
19	0.00915	0.00861	0.01453	0.81804	0.03338	0.01077	0.01346	0.01238	0.00969	0.01238	0.00861	0.01292	0.00646	0.00484	0.00484	0.00161	0.00646	0.00431	0.00215	0.00538
20	0.86392	0.00937	0.00712	0.00637	0.00937	0.01087	0.00525	0.01425	0.00825	0.02174	0.00675	0.00787	0.00525	0.00450	0.00300	0.00150	0.00375	0.00262	0.00300	0.00525
21	0.01199	0.01151	0.01967	0.02974	0.79946	0.01151	0.01487	0.01487	0.01103	0.01583	0.00912	0.01199	0.00768	0.00432	0.00480	0.00144	0.00576	0.00432	0.00240	0.00768
22	0.01199	0.01151	0.01967	0.02974	0.79946	0.01151	0.01487	0.01487	0.01103	0.01583	0.00912	0.01199	0.00768	0.00432	0.00480	0.00144	0.00576	0.00432	0.00240	0.00768
23	0.00637	0.00481	0.00589	0.00588	0.00701	0.00433	0.00431	0.00811	0.01219	0.01641	0.45101	0.17781	0.25519	0.01150	0.00580	0.00163	0.00243	0.01006	0.00495	0.00433
24	0.00842	0.00421	0.00631	0.00631	0.00631	0.00421	0.00421	0.00631	0.00631	0.00842	0.00842	0.01473	0.00842	0.01684	0.01894	0.85901	0.00421	0.00421	0.00210	0.00210
25	0.00972	0.02507	0.80458	0.01381	0.02097	0.01125	0.01790	0.01535	0.01023	0.01535	0.00870	0.01023	0.00614	0.00460	0.00460	0.00153	0.00716	0.00358	0.00205	0.00716
26	0.00590	0.00422	0.00562	0.00675	0.00703	0.00394	0.00450	0.00675	0.00928	0.01237	0.02671	0.82653	0.03205	0.01518	0.00619	0.00197	0.00281	0.01378	0.00450	0.00394
27	0.00661	0.00481	0.00622	0.00615	0.00716	0.00442	0.00451	0.00856	0.01271	0.01771	0.60599	0.18883	0.08607	0.01106	0.00581	0.00162	0.00240	0.00981	0.00513	0.00442
28	0.00683	0.00499	0.00622	0.00589	0.00717	0.00451	0.00443	0.00890	0.01317	0.02905	0.63287	0.03806	0.19926	0.01034	0.00571	0.00155	0.00235	0.00901	0.00517	0.00453
29	0.00919	0.00482	0.00485	0.00479	0.00601	0.00491	0.00361	0.01204	0.05052	0.01818	0.01601	0.01807	0.01254	0.00569	0.00347	0.00116	0.00234	0.00457	0.81256	0.00468
30	0.01296	0.83261	0.02539	0.00829	0.01244	0.01917	0.00829	0.01451	0.00985	0.01140	0.00674	0.00777	0.00622	0.00415	0.00311	0.00104	0.00518	0.00259	0.00207	0.00622
31	0.11797	0.11235	0.03503	0.03853	0.06126	0.03451	0.00831	0.15775	0.07428	0.17282	0.01164	0.01187	0.00851	0.00504	0.00421	0.00132	0.00473	0.00384	0.00384	0.13219
32	0.01528	0.01329	0.08542	0.03348	0.01620	0.01308	0.08001	0.38148	0.22061	0.06956	0.01367	0.01364	0.00986	0.00573	0.00493	0.00153	0.00532	0.00474	0.00439	0.00776
33	0.00694	0.00561	0.00845	0.26431	0.01539	0.00610	0.00734	0.00854	0.00941	0.01237	0.02096	0.56823	0.02393	0.01190	0.00576	0.00186	0.00397	0.01077	0.00375	0.00440
34	0.01679	0.01341	0.01539	0.05947	0.05168	0.04989	0.05669	0.57980	0.06430	0.02649	0.01151	0.01205	0.00834	0.00559	0.00488	0.00148	0.00566	0.00445	0.00433	0.00780
35	0.00620	0.00434	0.00554	0.00637	0.00658	0.00413	0.00410	0.00682	0.00871	0.01161	0.02377	0.62260	0.02835	0.22416	0.01093	0.00267	0.00330	0.01205	0.00410	0.00368
36	0.01092	0.01600	0.22721	0.04583	0.02448	0.01195	0.55974	0.01537	0.01107	0.01537	0.00948	0.01234	0.00701	0.00424	0.00540	0.00161	0.00785	0.00512	0.00234	0.00666
37	0.00705	0.00520	0.00727	0.00718	0.00783	0.00586	0.00530	0.00836	0.00798	0.01132	0.06403	0.02310	0.01551	0.23330	0.53950	0.00645	0.03203	0.00586	0.00285	0.00402
38	0.01409	0.01082	0.01149	0.00993	0.01292	0.02880	0.00783	0.11893	0.58977	0.11162	0.01840	0.01690	0.01348	0.00638	0.00490	0.00160	0.00416	0.00522	0.00499	0.00776
39	0.01103	0.01230	0.09021	0.21284	0.41962	0.01144	0.14294	0.01444	0.01071	0.01492	0.00907	0.01223	0.00720	0.00443	0.00495	0.00152	0.00645	0.00448	0.00232	0.00690
40	0.00696	0.00506	0.00711	0.00711	0.00774	0.00569	0.00521	0.00822	0.00759	0.01075	0.01360	0.02248	0.01361	0.25187	0.59701	0.00695	0.01073	0.00570	0.00269	0.00395
41	0.00697	0.00473	0.00535	0.00535	0.00547	0.00471	0.00309	0.00710	0.00730	0.00967	0.01712	0.03214	0.06202	0.75600	0.05028	0.00463	0.00485	0.00717	0.00301	0.00305
42	0.01005	0.00861	0.01005	0.00718	0.01148	0.00646	0.00574	0.01220	0.01005	0.01579	0.00861	0.01005	0.00718	0.00359	0.00359	0.00072	0.00359	0.00287	0.00287	0.85932
43	0.01810	0.02310	0.01373	0.01248	0.01498	0.81024	0.00936	0.01935	0.01373	0.01186	0.00749	0.00874	0.00624	0.00499	0.00437	0.00125	0.00874	0.00312	0.00250	0.00562
44	0.01777	0.02096	0.01367	0.01213	0.01484	0.64811	0.00924	0.12764	0.06351	0.01502	0.00884	0.00973	0.00706	0.00521	0.00447	0.00130	0.00795	0.00344	0.00298	0.00612
45	0.00934	0.00694	0.00982	0.01125	0.16516	0.00672	0.00703	0.05928	0.01363	0.05947	0.52991	0.05114	0.03372	0.00849	0.00545	0.00151	0.00327	0.00755	0.00473	0.00559
46	0.00573	0.00491	0.00491	0.00491	0.00655	0.00409	0.00368	0.00695	0.01105	0.01309	0.04909	0.04664	0.79750	0.01227	0.00573	0.00164	0.00245	0.01023	0.00450	0.00409
47	0.01810	0.02310	0.01373	0.01248	0.01498	0.81024	0.00936	0.01935	0.01373	0.01186	0.00749	0.00874	0.00624	0.00499	0.00437	0.00125	0.00874	0.00312	0.00250	0.00562
48	0.01842	0.01357	0.01454	0.01115	0.01503	0.01503	0.00921	0.78330	0.02278	0.03054	0.01163	0.01163	0.00824	0.00582	0.00485	0.00145	0.00533	0.00436	0.00485	0.00824
49	0.08731	0.00613	0.00670	0.00609	0.00802	0.00576	0.00472	0.05416	0.01251	0.08747	0.26304	0.03526	0.38520	0.00992	0.00535	0.00157	0.00284	0.00828	0.00476	0.00495
50	0.01196	0.01350	0.16862	0.01072	0.01440	0.01207	0.00979	0.06775	0.59119	0.01989	0.01707	0.01615	0.01269	0.00614	0.00486	0.00161	0.00458	0.00504	0.00435	0.00760
51	0.00590	0.00422	0.00562	0.00675	0.00703	0.00394	0.00450	0.00675	0.00928	0.01237	0.02671	0.82653	0.03205	0.01518	0.00619	0.00197	0.00281	0.01378	0.00450	0.00394
52	0.01102	0.01052	0.01792	0.29867	0.53811	0.01126	0.01439	0.01402	0.01058	0.01465	0.00894	0.01231	0.00726	0.00450	0.00481	0.00150	0.00600	0.00431	0.00232	0.00689
53	0.01242	0.55734	0.04669	0.12926	0.05734	0.05584	0.05473	0.01454	0.01018	0.01216	0.00741	0.00918	0.00639	0.00431	0.00371	0.00120	0.00581	0.00317	0.00214	0.00619
54	0.05460	0.00850	0.01114	0.00864	0.01232	0.00766	0.00712	0.03941	0.04862	0.72050	0.01850	0.01612	0.01177	0.00596	0.00480	0.00150	0.00412	0.00480	0.00581	0.00810
55	0.00585	0.00460	0.00529	0.00583	0.00683	0.00405	0.00413	0.00691	0.01023	0.01278	0.03831	0.40818	0.42940	0.01364	0.00596	0.00180	0.00265	0.02503	0.00450	0.00403
56	0.01044	0.01115	0.20751	0.00942	0.01272	0.00733	0.05363	0.03466	0.01263	0.14274	0.34145	0.08196	0.03802	0.00793	0.00531	0.00156	0.00426	0.00694	0.00437	0.00597
57	0.01638	0.05872	0.01359	0.08230	0.01522	0.01227	0.00869	0.38191	0.09341	0.17966	0.01373	0.02843	0.01003	0.00777	0.05385	0.00187	0.00546	0.00469	0.00454	0.00750
58	0.00598	0.00488	0.00528	0.00526	0.00672	0.00419	0.00392	0.00742	0.01153	0.01442	0.20894	0.08472	0.59606	0.01191	0.00575	0.00163	0.00244	0.01010	0.00468	0.00419
59	0.01284	0.00855	0.00967	0.00841	0.01074	0.00893	0.00658	0.28177	0.07604	0.09627	0.01902	0.22489	0.04313	0.00865	0.00505	0.00157	0.00387	0.02764	0.12238	0.02400
60	0.01383	0.34134	0.15285	0.01155	0.01614	0.03661	0.13677	0.04127	0.05073	0.13973	0.01037	0.01111	0.00781	0.00471	0.00425	0.00134	0.00587	0.00385	0.00300	0.00687
61	0.01254	0.23929	0.17455	0.05471	0.06303	0.01362	0.12423	0.08699	0.08873	0.05645	0.01056	0.01225	0.00822	0.00538	0.01631	0.00152	0.00604	0.01578	0.00293	0.00687
62	0.00786	0.00509	0.00658	0.00686	0.00787	0.00455	0.00476	0.00887	0.00961	0.08329	0.02323	0.60733	0.02650	0.07232	0.00713	0.00199	0.00315	0.01130	0.00434	0.09738
63	0.71850	0.12795	0.01033	0.00703	0.01024	0.01210	0.02660	0.01432	0.00856	0.02009	0.00683	0.00800	0.00544	0.00444	0.00309	0.00144	0.00407	0.00270	0.00285	0.00542
64	0.00963	0.00555	0.00721	0.00652	0.00817	0.00499	0.00498	0.01164	0.01319	0.17375	0.51678	0.08432	0.11470	0.00971	0.00558	0.00156	0.00270	0.00846	0.00533	0.00521
65	0.00975	0.00915	0.04607	0.00795	0.01207	0.00673	0.04088	0.01216	0.01052	0.01616	0.09450	0.01304	0.01134	0.00434	0.00396	0.00088	0.00381	0.00367	0.00308	0.68994
66	0.00728	0.00592	0.00885	0.14072	0.10578	0.00606	0.00731	0.00891	0.00993	0.01327	0.06231	0.49288	0.05430	0.01175	0.00578	0.00182	0.00379	0.04474	0.00391	0.00468
67	0.01005	0.00861	0.01005	0.00718	0.01148	0.00646	0.00574	0.01220	0.01005	0.01579	0.00861	0.01005	0.00718	0.00359	0.00359	0.00072	0.00359	0.00287	0.00287	0.85932
68	0.01077	0.22660	0.39456	0.10845	0.02021	0.01335	0.08567	0.01539	0.05480	0.01429	0.00892	0.01064	0.00681	0.00458	0.00438	0.00143	0.00648	0.00372	0.00227	0.00668
69	0.01188	0.01159	0.01742	0.16241	0.52886	0.05998	0.01346	0.01597	0.10090	0.01551	0.01015	0.01266	0.00820	0.00471	0.00480	0.00148	0.00584	0.00438	0.00265	0.00715
70	0.01000	0.00578	0.00669	0.00598	0.00812	0.00492	0.00465	0.01148	0.01200	0.21959	0.10358	0.03791	0.52999	0.01044	0.00550	0.00159	0.00288	0.00871	0.00496	0.00522
71	0.00932	0.00878	0.01483	0.77219	0.07794	0.01081	0.01354	0.01253	0.00977	0.01258	0.00864	0.01287	0.00653	0.00481	0.00484	0.00160	0.00642	0.00431	0.00217	0.00552
72	0.00703	0.00475	0.00554	0.00554	0.00563	0.00484	0.00325	0.00721	0.00712	0.00958	0.01504	0.03043	0.01706	0.74944	0.10416	0.00501	0.00554	0.00686	0.00290	0.00308
73	0.00705	0.00470	0.00529	0.00529	0.00529	0.00470	0.00294	0.00705	0.00705	0.00940	0.01527	0.03171	0.01762	0.82969	0.02467	0.00470	0.00470	0.00705	0.00294	0.00294
74	0.00915	0.00861	0.01453	0.81804	0.03338	0.01077	0.01346	0.01238	0.00969	0.01238	0.00861	0.01292	0.00646	0.00484	0.00484	0.00161	0.00646	0.00431	0.00215	0.00538
75	0.11048	0.01312	0.01374	0.01063	0.01441	0.01458	0.00878	0.69957	0.02120	0.02958	0.01110	0.01123	0.00792	0.00567	0.00465	0.00146	0.00516	0.00417	0.00465	0.00792
76	0.01144	0.01307	0.02859	0.02042	0.02533	0.01225	0.78186	0.01552	0.01144	0.01552	0.00980	0.01307	0.00735	0.00408	0.00572	0.00163	0.00817	0.00572	0.00245	0.00654
77	0.00778	0.00555	0.00777	0.00889	0.00999	0.00555	0.00775	0.00998	0.01112	0.01446	0.02568	0.06829	0.02796	0.01342	0.00668	0.00223	0.00443	0.75355	0.00446	0.00445
78	0.01135	0.01291	0.02816	0.02014	0.02497	0.01210	0.76659	0.01540	0.01148	0.01560	0.02527	0.01353	0.00811	0.00420	0.00572	0.00163	0.00805	0.00578	0.00251	0.00650
79	0.01205	0.01041	0.01096	0.00986	0.01260	0.01205	0.00767	0.02575	0.79071	0.02027	0.01972	0.01808	0.01479	0.00657	0.00493	0.00164	0.00384	0.00548	0.00493	0.00767
80	0.00573	0.00491	0.00491	0.00491	0.00655	0.00409	0.00368	0.00695	0.01105	0.01309	0.04909	0.04664	0.79750	0.01227	0.00573	0.00164	0.00245	0.01023	0.00450	0.00409
81	0.00575	0.00491	0.00494	0.00493	0.00656	0.00410	0.00370	0.00699	0.01109	0.01320	0.06142	0.04647	0.78510	0.01223	0.00573	0.00163	0.00245	0.01020	0.00451	0.00410
82	0.02520	0.01103	0.01167	0.01007	0.01307	0.01258	0.00796	0.18698	0.60225	0.03674	0.01781	0.01654	0.01322	0.00637	0.00489	0.00160	0.00416	0.00519	0.00491	0.00777
83	0.01119	0.01090	0.01754	0.32049	0.48516	0.04288	0.01413	0.01413	0.01064	0.01440	0.00887	0.01221	0.00717	0.00454	0.00480	0.00150	0.00614	0.00427	0.00231	0.00675
84	0.02163	0.00842	0.01136	0.00871	0.01246	0.00739	0.00719	0.04896	0.01417	0.77706	0.01887	0.01633	0.01187	0.00599	0.00487	0.00150	0.00416	0.00486	0.00596	0.00825
85	0.02102	0.00466	0.00492	0.00508	0.00611	0.00464	0.00372	0.02131	0.01014	0.01717	0.01778	0.17823	0.01615	0.00752	0.00396	0.00131	0.00243	0.00632	0.66308	0.00446
86	0.10225	0.06217	0.01528	0.04004	0.26301	0.24062	0.01046	0.06148	0.10210	0.04304	0.00996	0.01125	0.00790	0.00494	0.00441	0.00140	0.00609	0.00386	0.00302	0.00674
87	0.01041	0.19827	0.63746	0.01263	0.01914	0.01295	0.01584	0.01517	0.01015	0.01450	0.00828	0.00970	0.00616	0.00451	0.00428	0.00143	0.00674	0.00337	0.00205	0.00696
88	0.00623	0.00428	0.00557	0.00651	0.00692	0.00402	0.00440	0.00728	0.00959	0.01325	0.06556	0.71329	0.03100	0.01406	0.00591	0.00187	0.00273	0.01269	0.08082	0.00402
89	0.49497	0.08694	0.02586	0.04085	0.01305	0.06763	0.07615	0.02800	0.01001	0.10487	0.00862	0.00964	0.00645	0.00466	0.00369	0.00146	0.00486	0.00329	0.00314	0.00589
90	0.00585	0.00490	0.00509	0.00507	0.00663	0.00414	0.00379	0.00718	0.01129	0.01374	0.12732	0.06172	0.70250	0.01208	0.00574	0.00163	0.00244	0.01015	0.00459	0.00414
91	0.01175	0.01133	0.01933	0.08782	0.64923	0.01153	0.06107	0.01535	0.05553	0.01581	0.00973	0.01248	0.00797	0.00447	0.00486	0.00148	0.00585	0.00447	0.00253	0.00743
92	0.01531	0.00876	0.02204	0.00797	0.01206	0.00695	0.00657	0.02859	0.01192	0.36225	0.01328	0.01291	0.00930	0.00470	0.00419	0.00108	0.00390	0.00378	0.00426	0.46018
93	0.00660	0.00493	0.00616	0.00605	0.00724	0.00448	0.00456	0.00855	0.01268	0.01728	0.53717	0.09706	0.20409	0.01100	0.00581	0.00162	0.00248	0.05278	0.00505	0.00442
94	0.01025	0.00861	0.01007	0.00720	0.01150	0.00647	0.00577	0.01239	0.01011	0.02907	0.00879	0.01016	0.00726	0.00363	0.00361	0.00073	0.00360	0.00290	0.00292	0.84495
95	0.01842	0.01357	0.01454	0.01115	0.01503	0.01503	0.00921	0.78330	0.02278	0.03054	0.01163	0.01163	0.00824	0.00582	0.00485	0.00145	0.00533	0.00436	0.00485	0.00824
96	0.01107	0.01070	0.01861	0.27529	0.51313	0.01133	0.06115	0.01413	0.01064	0.01474	0.00900	0.01235	0.00728	0.00447	0.00487	0.00151	0.00612	0.00440	0.00233	0.00689
97	0.00915	0.00861	0.01453	0.81804	0.03338	0.01077	0.01346	0.01238	0.00969	0.01238	0.00861	0.01292	0.00646	0.00484	0.00484	0.00161	0.00646	0.00431	0.00215	0.00538
98	0.00891	0.00454	0.00463	0.00461	0.00574	0.00452	0.00346	0.01117	0.01037	0.01815	0.06125	0.01912	0.01436	0.00589	0.00352	0.00115	0.00226	0.00476	0.80708	0.00452
99	0.00701	0.00561	0.00614	0.00651	0.00715	0.05113	0.00442	0.00803	0.01011	0.01320	0.17637	0.40200	0.09330	0.17491	0.00962	0.00235	0.00340	0.01055	0.00424	0.00397
100	0.01661	0.01277	0.01413	0.01115	0.01478	0.01420	0.03508	0.56998	0.21219	0.02749	0.01357	0.01328	0.00983	0.00595	0.00490	0.00151	0.00506	0.00468	0.00479	0.00804
101	0.00601	0.00437	0.00567	0.00656	0.00706	0.00404	0.00449	0.00704	0.00987	0.01311	0.09768	0.67093	0.10311	0.01441	0.00611	0.00190	0.00276	0.02630	0.00457	0.00402
102	0.00674	0.00503	0.00691	0.00737	0.00823	0.00476	0.02920	0.00821	0.01042	0.01379	0.12469	0.37540	0.10633	0.06605	0.00739	0.00211	0.00342	0.20532	0.00443	0.00418
103	0.00900	0.00739	0.00884	0.03722	0.07694	0.05248	0.00663	0.11802	0.01160	0.01520	0.02137	0.56773	0.02427	0.01200	0.00573	0.00180	0.00388	0.01071	0.00417	0.00501
104	0.00829	0.00421	0.00628	0.00634	0.00635	0.00419	0.00422	0.00634	0.00647	0.00862	0.00936	0.05671	0.00964	0.01675	0.01828	0.81469	0.00414	0.00470	0.00223	0.00220
105	0.00589	0.00428	0.00556	0.00658	0.00699	0.00395	0.00443	0.00677	0.00944	0.01244	0.02871	0.75671	0.10057	0.01492	0.00614	0.00194	0.00278	0.01346	0.00450	0.00395
106	0.01088	0.08752	0.60080	0.01387	0.02016	0.08350	0.08676	0.01566	0.01063	0.01474	0.00854	0.01017	0.00627	0.00455	0.00457	0.00148	0.00724	0.00366	0.00213	0.00689
107	0.01022	0.14962	0.68440	0.01296	0.01966	0.01248	0.01642	0.01522	0.01017	0.01474	0.00839	0.00985	0.00615	0.00453	0.00437	0.00146	0.00686	0.00343	0.00205	0.00702
108	0.00915	0.00861	0.01453	0.81804	0.03338	0.01077	0.01346	0.01238	0.00969	0.01238	0.00861	0.01292	0.00646	0.00484	0.00484	0.00161	0.00646	0.00431	0.00215	0.00538
109	0.00683	0.00505	0.00734	0.00754	0.00833	0.00561	0.00577	0.00845	0.00852	0.01202	0.06131	0.13645	0.01794	0.05187	0.58297	0.00620	0.01021	0.05021	0.00314	0.00426
110	0.05891	0.11248	0.67378	0.01278	0.01938	0.01210	0.01613	0.01519	0.01008	0.01528	0.00837	0.00983	0.00610	0.00455	0.00435	0.00148	0.00675	0.00342	0.00210	0.00695
111	0.01333	0.01080	0.01152	0.00996	0.01289	0.01228	0.00785	0.17542	0.59472	0.03852	0.04563	0.01741	0.01453	0.00653	0.00494	0.00160	0.00408	0.00536	0.00495	0.00769
112	0.00676	0.00495	0.00634	0.00604	0.00721	0.00453	0.00454	0.00893	0.01338	0.01869	0.70787	0.04930	0.11233	0.01025	0.00574	0.00155	0.00234	0.01951	0.00524	0.00452
113	0.00692	0.00519	0.00779	0.00779	0.00865	0.00606	0.00606	0.00865	0.00779	0.01125	0.01298	0.01904	0.01211	0.03634	0.81049	0.00779	0.01298	0.00519	0.00260	0.00433
114	0.01252	0.01138	0.05866	0.03091	0.13966	0.01149	0.03619	0.18578	0.28287	0.02025	0.01603	0.02097	0.01345	0.00693	0.00519	0.00166	0.00497	0.12982	0.00412	0.00715
115	0.01039	0.00923	0.01582	0.50860	0.09554	0.01044	0.10759	0.01401	0.04545	0.05903	0.05102	0.01538	0.00985	0.00529	0.00504	0.00160	0.00610	0.02092	0.00277	0.00593
116	0.01088	0.12753	0.06227	0.01216	0.01316	0.01525	0.01070	0.01228	0.00793	0.01184	0.00655	0.01018	0.00633	0.00764	0.01344	0.00193	0.65830	0.00397	0.00211	0.00554
117	0.01008	0.00864	0.01006	0.00722	0.01150	0.00655	0.00577	0.01242	0.02289	0.01586	0.00880	0.01018	0.00730	0.00364	0.00361	0.00073	0.00359	0.00291	0.00290	0.84531
118	0.74321	0.00926	0.00817	0.12100	0.01276	0.01086	0.00641	0.01398	0.00845	0.02042	0.00701	0.00859	0.00542	0.00455	0.00326	0.00152	0.00413	0.00286	0.00288	0.00527
119	0.00702	0.00482	0.00588	0.00588	0.00609	0.00502	0.00368	0.00743	0.00722	0.00984	0.01472	0.02869	0.01630	0.64031	0.21226	0.00544	0.00668	0.00660	0.00286	0.00327
120	0.01281	0.01372	0.02576	0.01866	0.02328	0.05827	0.62858	0.12417	0.01317	0.01743	0.00993	0.01262	0.00741	0.00438	0.00552	0.00159	0.00780	0.00538	0.00279	0.00672
121	0.01228	0.17715	0.14408	0.01990	0.38091	0.01267	0.05874	0.02736	0.02315	0.05565	0.02168	0.01160	0.00805	0.00453	0.00448	0.00138	0.00579	0.00403	0.00260	0.02396

[dist]
# distance from previous block
# <min> <max>
1	1

[block]
# block no. 2 follows, 52 sequences, length 32
# corresponding to MSA columns:
# 301-332
name=unknown_C
#
# <colnr> <probs for GDERKNQSTAVLIFYWHMCP>
#	G	D	E	R	K	N	Q	S	T	A	V	L	I	F	Y	W	H	M	C	P
0	0.01903	0.01045	0.01236	0.00970	0.01331	0.01065	0.00793	0.31317	0.10851	0.40118	0.01648	0.03041	0.01128	0.00617	0.00490	0.00151	0.00453	0.00492	0.00541	0.00809
1	0.05650	0.01111	0.01708	0.05649	0.44292	0.01156	0.06785	0.10975	0.09608	0.01805	0.01147	0.05891	0.00970	0.00538	0.00487	0.00152	0.00543	0.00500	0.00312	0.00722
2	0.01092	0.00921	0.01049	0.00782	0.01189	0.00782	0.00625	0.06989	0.11417	0.01745	0.01030	0.01123	0.00826	0.00415	0.00386	0.00089	0.00375	0.00332	0.00329	0.68504
3	0.00601	0.00429	0.00574	0.00687	0.00720	0.00403	0.00468	0.00693	0.00938	0.01249	0.02665	0.78369	0.03182	0.01508	0.00621	0.00198	0.00290	0.05557	0.00450	0.00397
4	0.00625	0.00439	0.00563	0.00647	0.00673	0.00418	0.00425	0.00697	0.00890	0.01187	0.03785	0.59988	0.02878	0.20570	0.01052	0.00261	0.00330	0.03783	0.00415	0.00373
5	0.01581	0.00962	0.01196	0.00986	0.01288	0.05312	0.06335	0.09917	0.13253	0.33437	0.03405	0.11546	0.01522	0.00740	0.00516	0.00159	0.00457	0.04567	0.00493	0.02328
6	0.00634	0.00492	0.00721	0.00751	0.00827	0.00456	0.05781	0.00753	0.00985	0.01312	0.08010	0.66213	0.08447	0.01386	0.00609	0.00189	0.00312	0.01263	0.00442	0.00417
7	0.01251	0.69080	0.10816	0.00971	0.01423	0.01786	0.06241	0.01467	0.01000	0.01210	0.00716	0.00840	0.00629	0.00419	0.00345	0.00113	0.00560	0.00291	0.00210	0.00634
8	0.01459	0.01823	0.05434	0.01214	0.02572	0.51407	0.06202	0.01633	0.01245	0.01276	0.01124	0.11638	0.01086	0.00659	0.00480	0.00141	0.00732	0.04596	0.00285	0.04997
9	0.16605	0.00909	0.00982	0.00730	0.01134	0.00785	0.00589	0.06550	0.01060	0.01789	0.00848	0.00976	0.00690	0.00391	0.00357	0.00091	0.00374	0.00293	0.00303	0.64544
10	0.00814	0.00557	0.00727	0.00661	0.00748	0.00525	0.04421	0.00884	0.00850	0.05397	0.05947	0.12441	0.01932	0.53862	0.01780	0.00357	0.00441	0.00746	0.00339	0.06570
11	0.01049	0.00848	0.00999	0.00723	0.01141	0.00643	0.00577	0.01260	0.01021	0.05241	0.00957	0.03119	0.00804	0.00400	0.00372	0.00079	0.00359	0.00324	0.00306	0.79779
12	0.00903	0.01100	0.19480	0.00998	0.01279	0.00804	0.00979	0.03208	0.13982	0.01614	0.06048	0.08922	0.02138	0.00997	0.00578	0.00190	0.00479	0.35331	0.00403	0.00568
13	0.01336	0.22923	0.23118	0.01139	0.03942	0.15223	0.02126	0.03753	0.04539	0.07149	0.00931	0.01024	0.00721	0.00465	0.00413	0.00127	0.00610	0.00342	0.00273	0.09846
14	0.00595	0.00427	0.00565	0.00668	0.00703	0.00397	0.00449	0.00688	0.00954	0.01275	0.06714	0.76956	0.04842	0.01485	0.00615	0.00194	0.00278	0.01344	0.00454	0.00397
15	0.01005	0.00861	0.01005	0.00718	0.01148	0.00646	0.00574	0.01220	0.01005	0.01579	0.00861	0.01005	0.00718	0.00359	0.00359	0.00072	0.00359	0.00287	0.00287	0.85932
16	0.01140	0.44473	0.39965	0.01094	0.01654	0.01537	0.01291	0.01491	0.01003	0.01330	0.00768	0.00895	0.00618	0.00437	0.00383	0.00128	0.00613	0.00307	0.00206	0.00667
17	0.01769	0.07517	0.01335	0.01067	0.01358	0.45660	0.00834	0.03178	0.05382	0.21089	0.01323	0.01313	0.04952	0.00566	0.00451	0.00134	0.00669	0.00404	0.00361	0.00639
18	0.00590	0.00422	0.00562	0.00675	0.00703	0.00394	0.00450	0.00675	0.00928	0.01237	0.02671	0.82653	0.03205	0.01518	0.00619	0.00197	0.00281	0.01378	0.00450	0.00394
19	0.00760	0.00600	0.00863	0.25171	0.01462	0.00675	0.00686	0.00914	0.00874	0.01170	0.08720	0.02467	0.04196	0.33330	0.15759	0.00392	0.00642	0.00615	0.00292	0.00412
20	0.86392	0.00937	0.00712	0.00637	0.00937	0.01087	0.00525	0.01425	0.00825	0.02174	0.00675	0.00787	0.00525	0.00450	0.00300	0.00150	0.00375	0.00262	0.00300	0.00525
21	0.01033	0.15368	0.63932	0.01327	0.01984	0.01257	0.05630	0.01522	0.01023	0.01472	0.00844	0.00999	0.00622	0.00450	0.00442	0.00146	0.00690	0.00353	0.00207	0.00698
22	0.01126	0.01212	0.07375	0.16737	0.51379	0.01146	0.11024	0.01454	0.01079	0.01515	0.00908	0.01217	0.00731	0.00440	0.00491	0.00150	0.00628	0.00444	0.00234	0.00709
23	0.00842	0.00421	0.00631	0.00631	0.00631	0.00421	0.00421	0.00631	0.00631	0.00842	0.00842	0.01473	0.00842	0.01684	0.01894	0.85901	0.00421	0.00421	0.00210	0.00210
24	0.02128	0.00860	0.01142	0.00880	0.01252	0.00770	0.00725	0.06473	0.03736	0.73792	0.01873	0.01628	0.01188	0.00601	0.00487	0.00150	0.00418	0.00486	0.00590	0.00823
25	0.00705	0.00470	0.00529	0.00529	0.00529	0.00470	0.00294	0.00705	0.00705	0.00940	0.01527	0.03171	0.01762	0.82969	0.02467	0.00470	0.00470	0.00705	0.00294	0.00294
26	0.00686	0.00495	0.00648	0.00610	0.00724	0.00457	0.00457	0.00914	0.01372	0.01943	0.79691	0.03620	0.04572	0.00991	0.00572	0.00152	0.00229	0.00876	0.00533	0.00457
27	0.01135	0.01370	0.06901	0.02008	0.02510	0.01220	0.74208	0.01551	0.01138	0.01551	0.00975	0.01292	0.00729	0.00411	0.00566	0.00163	0.00812	0.00561	0.00243	0.00657
28	0.00590	0.00422	0.00562	0.00675	0.00703	0.00394	0.00450	0.00675	0.00928	0.01237	0.02671	0.82653	0.03205	0.01518	0.00619	0.00197	0.00281	0.01378	0.00450	0.00394
29	0.01005	0.00861	0.01005	0.00718	0.01148	0.00646	0.00574	0.01220	0.01005	0.01579	0.00861	0.01005	0.00718	0.00359	0.00359	0.00072	0.00359	0.00287	0.00287	0.85932
30	0.00678	0.00472	0.00589	0.00607	0.00639	0.00479	0.00393	0.00745	0.00816	0.01111	0.07715	0.17463	0.03409	0.45906	0.16462	0.00448	0.00566	0.00811	0.00337	0.00352
31	0.12618	0.03168	0.06755	0.01029	0.01425	0.01323	0.00897	0.49657	0.03821	0.12808	0.01188	0.01177	0.00832	0.00557	0.00456	0.00147	0.00506	0.00414	0.00451	0.00772

[dist]
# distance from previous block
# <min> <max>
0	10

[block]
# block no. 3 follows, 52 sequences, length 10
# corresponding to MSA columns:
# 343-352
name=unknown_D
#
# <colnr> <probs for GDERKNQSTAVLIFYWHMCP>
#	G	D	E	R	K	N	Q	S	T	A	V	L	I	F	Y	W	H	M	C	P
0	0.08651	0.08913	0.01215	0.00853	0.01211	0.00946	0.00708	0.02151	0.15595	0.45925	0.01623	0.01476	0.01104	0.00562	0.00446	0.00142	0.00410	0.00443	0.00494	0.07130
1	0.00650	0.00473	0.00613	0.00623	0.00714	0.00435	0.00450	0.00829	0.01221	0.01692	0.51950	0.27696	0.08516	0.01165	0.00586	0.00167	0.00246	0.01037	0.00503	0.00435
2	0.00879	0.00822	0.01449	0.30561	0.12168	0.00877	0.13869	0.01130	0.01001	0.01335	0.01508	0.29153	0.01553	0.00819	0.00544	0.00172	0.00540	0.00779	0.00304	0.00538
3	0.01061	0.10255	0.49658	0.01623	0.10681	0.01226	0.15745	0.01524	0.01050	0.01504	0.00875	0.01070	0.00654	0.00443	0.00468	0.00149	0.00699	0.00396	0.00216	0.00701
4	0.00932	0.02095	0.63630	0.01278	0.01866	0.01006	0.01577	0.01423	0.01043	0.01517	0.01228	0.01962	0.01073	0.00646	0.00505	0.00168	0.00659	0.16479	0.00256	0.00659
5	0.00759	0.00503	0.00633	0.00645	0.00764	0.00454	0.00479	0.00913	0.01150	0.08022	0.25385	0.29018	0.21392	0.01208	0.00587	0.00174	0.00281	0.06691	0.00486	0.00455
6	0.01425	0.01363	0.16147	0.07071	0.12660	0.01167	0.01131	0.31287	0.03326	0.09656	0.01285	0.07351	0.01035	0.00621	0.00494	0.00154	0.00546	0.02162	0.00387	0.00734
7	0.05839	0.05321	0.01331	0.06420	0.06996	0.06875	0.00871	0.24365	0.13603	0.14218	0.01339	0.04187	0.01017	0.00584	0.00463	0.00145	0.00497	0.00463	0.01952	0.03515
8	0.00713	0.00510	0.00643	0.00659	0.00738	0.00492	0.00462	0.05322	0.01149	0.01576	0.31597	0.38729	0.03415	0.10729	0.00808	0.00209	0.00298	0.01055	0.00465	0.00431
9	0.06640	0.15183	0.46747	0.05964	0.03571	0.01247	0.04227	0.04475	0.01073	0.05326	0.00891	0.01033	0.00655	0.00463	0.00434	0.00145	0.00637	0.00359	0.00244	0.00686

[dist]
# distance from previous block
# <min> <max>
3	6

[block]
# block no. 4 follows, 52 sequences, length 11
# corresponding to MSA columns:
# 359-369
name=unknown_E
#
# <colnr> <probs for GDERKNQSTAVLIFYWHMCP>
#	G	D	E	R	K	N	Q	S	T	A	V	L	I	F	Y	W	H	M	C	P
0	0.00714	0.00471	0.00535	0.00535	0.00544	0.00474	0.00308	0.00732	0.00723	0.00989	0.01521	0.03055	0.01715	0.75860	0.05455	0.00465	0.00491	0.00685	0.04423	0.00307
1	0.86392	0.00937	0.00712	0.00637	0.00937	0.01087	0.00525	0.01425	0.00825	0.02174	0.00675	0.00787	0.00525	0.00450	0.00300	0.00150	0.00375	0.00262	0.00300	0.00525
2	0.09472	0.08507	0.01318	0.00916	0.01292	0.01097	0.00770	0.25382	0.01572	0.42565	0.01461	0.01345	0.00972	0.00564	0.00454	0.00144	0.00456	0.00431	0.00502	0.00779
3	0.26597	0.01004	0.01002	0.00856	0.01141	0.01128	0.00685	0.20861	0.24609	0.02314	0.13455	0.01625	0.01513	0.00629	0.00446	0.00154	0.00394	0.00486	0.00440	0.00661
4	0.00624	0.00441	0.00577	0.00674	0.00705	0.00419	0.00457	0.00708	0.00913	0.01214	0.02500	0.64517	0.02964	0.13002	0.00884	0.00238	0.00323	0.08029	0.00427	0.00384
5	0.01419	0.56873	0.02161	0.00911	0.01307	0.01760	0.00846	0.19982	0.07699	0.01672	0.00898	0.00954	0.00741	0.00475	0.00368	0.00119	0.00511	0.00325	0.00297	0.00682
6	0.00623	0.00454	0.00590	0.00691	0.00732	0.00436	0.00466	0.00774	0.05024	0.01278	0.02634	0.78415	0.03115	0.01473	0.00612	0.00195	0.00287	0.01334	0.00452	0.00413
7	0.18893	0.47507	0.10974	0.00867	0.01285	0.03603	0.00869	0.01549	0.01002	0.08489	0.00809	0.00888	0.00653	0.00446	0.00345	0.00124	0.00511	0.00293	0.00262	0.00629
8	0.00992	0.08209	0.01004	0.06000	0.01120	0.00830	0.00654	0.08161	0.13994	0.06657	0.02073	0.44054	0.02177	0.01066	0.00541	0.00173	0.00374	0.00936	0.00433	0.00552
9	0.00963	0.00672	0.00747	0.00770	0.00885	0.07807	0.00565	0.01091	0.01091	0.13068	0.08690	0.49471	0.02745	0.01229	0.00583	0.00182	0.00366	0.08132	0.00460	0.00483
10	0.75409	0.01020	0.00803	0.05950	0.01129	0.06218	0.00605	0.01445	0.00869	0.02050	0.00692	0.00826	0.00539	0.00455	0.00321	0.00149	0.00425	0.00277	0.00291	0.00528

[dist]
# distance from previous block
# <min> <max>
0	1

[block]
# block no. 5 follows, 52 sequences, length 109
# corresponding to MSA columns:
# 371-479
name=unknown_F
#
# <colnr> <probs for GDERKNQSTAVLIFYWHMCP>
#	G	D	E	R	K	N	Q	S	T	A	V	L	I	F	Y	W	H	M	C	P
0	0.00797	0.00594	0.00805	0.00705	0.00884	0.00528	0.08188	0.00942	0.01085	0.08200	0.09204	0.09118	0.43216	0.12559	0.00834	0.00207	0.00350	0.00900	0.00427	0.00456
1	0.01128	0.27619	0.47214	0.01242	0.01826	0.05602	0.06124	0.01531	0.01037	0.01394	0.00809	0.00956	0.00624	0.00445	0.00419	0.00137	0.00669	0.00338	0.00210	0.00675
2	0.00601	0.00465	0.00546	0.00586	0.00687	0.00413	0.00418	0.00724	0.01068	0.01369	0.14748	0.34872	0.36569	0.02703	0.00624	0.00181	0.00264	0.02294	0.00459	0.00409
3	0.05086	0.37087	0.14975	0.00897	0.01358	0.01336	0.00908	0.04299	0.01061	0.06282	0.00848	0.00944	0.00683	0.00427	0.00365	0.00110	0.00499	0.00303	0.00266	0.22265
4	0.01221	0.45864	0.14032	0.04433	0.01446	0.02801	0.00954	0.01459	0.01026	0.05512	0.00881	0.01102	0.00751	0.00463	0.00374	0.00116	0.00528	0.03267	0.00250	0.13519
5	0.04531	0.28369	0.05998	0.01575	0.24115	0.15429	0.01084	0.08685	0.03256	0.01535	0.00845	0.00992	0.00702	0.00460	0.00410	0.00129	0.00600	0.00348	0.00261	0.00677
6	0.01239	0.00921	0.01001	0.00888	0.01158	0.01006	0.00694	0.02239	0.55431	0.12936	0.02442	0.02251	0.14183	0.00742	0.00505	0.00162	0.00365	0.00617	0.00501	0.00717
7	0.00611	0.00436	0.00586	0.00698	0.00735	0.00411	0.00485	0.00710	0.00948	0.01260	0.02660	0.74393	0.03161	0.01499	0.00624	0.00200	0.00299	0.09436	0.00449	0.00399
8	0.00617	0.00493	0.00552	0.00537	0.00682	0.00428	0.00403	0.00781	0.01209	0.01556	0.34034	0.04257	0.50470	0.01135	0.00572	0.00159	0.00239	0.00966	0.00483	0.00428
9	0.01005	0.00861	0.01005	0.00718	0.01148	0.00646	0.00574	0.01220	0.01005	0.01579	0.00861	0.01005	0.00718	0.00359	0.00359	0.00072	0.00359	0.00287	0.00287	0.85932
10	0.86392	0.00937	0.00712	0.00637	0.00937	0.01087	0.00525	0.01425	0.00825	0.02174	0.00675	0.00787	0.00525	0.00450	0.00300	0.00150	0.00375	0.00262	0.00300	0.00525
11	0.00627	0.00453	0.00593	0.00642	0.00709	0.00419	0.00450	0.00770	0.01110	0.01519	0.33191	0.48546	0.06566	0.01299	0.00598	0.00178	0.00259	0.01166	0.00483	0.00419
12	0.01915	0.00813	0.01075	0.00842	0.01177	0.00732	0.00688	0.07896	0.01452	0.62129	0.14063	0.01922	0.01700	0.00660	0.00500	0.00150	0.00393	0.00545	0.00581	0.00767
13	0.00686	0.00495	0.00648	0.00610	0.00724	0.00457	0.00457	0.00914	0.01372	0.01943	0.79691	0.03620	0.04572	0.00991	0.00572	0.00152	0.00229	0.00876	0.00533	0.00457
14	0.01652	0.00911	0.08199	0.00849	0.01160	0.00731	0.00728	0.04651	0.02435	0.48315	0.01676	0.01898	0.01250	0.17287	0.05815	0.00253	0.00510	0.00520	0.00476	0.00683
15	0.01732	0.01302	0.01392	0.01093	0.01461	0.01451	0.00894	0.65182	0.15606	0.02876	0.01304	0.01275	0.00938	0.00595	0.00486	0.00149	0.00507	0.00456	0.00486	0.00814
16	0.01600	0.01228	0.01454	0.22233	0.01983	0.01391	0.01032	0.58154	0.01936	0.02579	0.01084	0.01197	0.00778	0.00556	0.00485	0.00150	0.00563	0.00435	0.00414	0.00749
17	0.00967	0.00889	0.01454	0.77308	0.03235	0.01100	0.01322	0.05534	0.01042	0.01339	0.00878	0.01285	0.00656	0.00490	0.00485	0.00161	0.00640	0.00431	0.00230	0.00554
18	0.02165	0.00840	0.01134	0.00869	0.01245	0.00735	0.00718	0.04502	0.01412	0.78107	0.01891	0.01636	0.01189	0.00599	0.00487	0.00150	0.00416	0.00486	0.00597	0.00825
19	0.01079	0.06015	0.01599	0.04312	0.39562	0.01036	0.04315	0.01457	0.10137	0.01546	0.01371	0.10187	0.02170	0.00642	0.00495	0.00151	0.00501	0.06081	0.00310	0.07031
20	0.01146	0.00847	0.01007	0.00731	0.01147	0.00649	0.00587	0.01356	0.01057	0.11827	0.01101	0.01182	0.02796	0.00412	0.00381	0.00084	0.00363	0.00332	0.00332	0.72661
21	0.00598	0.00427	0.00569	0.00670	0.00704	0.00398	0.00450	0.00693	0.00961	0.01290	0.08415	0.76759	0.03307	0.01479	0.00615	0.00193	0.00277	0.01340	0.00456	0.00398
22	0.02166	0.00838	0.01133	0.00869	0.01244	0.00732	0.00718	0.04299	0.01410	0.78312	0.01893	0.01637	0.01190	0.00599	0.00487	0.00150	0.00415	0.00486	0.00597	0.00825
23	0.02174	0.00825	0.01125	0.00862	0.01237	0.00712	0.00712	0.02362	0.01387	0.80282	0.01912	0.01649	0.01200	0.00600	0.00487	0.00150	0.00412	0.00487	0.00600	0.00825
24	0.03337	0.00472	0.00693	0.06682	0.00842	0.00491	0.00491	0.00709	0.00684	0.00942	0.02948	0.01540	0.00940	0.03613	0.01722	0.72549	0.00432	0.00436	0.00224	0.00253
25	0.00888	0.00684	0.00856	0.00906	0.01058	0.00728	0.00759	0.01421	0.22692	0.01598	0.02407	0.08754	0.02449	0.01160	0.00618	0.00205	0.00420	0.51405	0.00459	0.00532
26	0.01839	0.02146	0.01359	0.01212	0.01479	0.70603	0.00919	0.06224	0.01425	0.07189	0.00859	0.00948	0.00678	0.00511	0.00443	0.00128	0.00821	0.00332	0.00289	0.00596
27	0.72526	0.00958	0.00805	0.00693	0.01006	0.01084	0.00571	0.07244	0.00984	0.09252	0.00822	0.00893	0.00608	0.00473	0.00331	0.00150	0.00390	0.00296	0.00341	0.00574
28	0.00593	0.00426	0.00564	0.00674	0.00707	0.00397	0.00454	0.00681	0.00935	0.01242	0.02719	0.79579	0.04909	0.01509	0.00618	0.00197	0.00283	0.02668	0.00450	0.00395
29	0.00992	0.07452	0.75686	0.01347	0.02045	0.01174	0.01732	0.01530	0.01021	0.01511	0.00858	0.01008	0.00614	0.00458	0.00451	0.00150	0.00704	0.00352	0.00205	0.00710
30	0.00637	0.00479	0.00589	0.00593	0.00702	0.00431	0.00433	0.00808	0.01210	0.01631	0.44237	0.20495	0.23658	0.01163	0.00582	0.00165	0.00244	0.01019	0.00494	0.00431
31	0.01408	0.02103	0.00830	0.00677	0.00909	0.00704	0.00543	0.12414	0.01298	0.24738	0.01597	0.01654	0.01159	0.00628	0.01794	0.00140	0.00347	0.00458	0.45985	0.00615
32	0.05492	0.01128	0.01249	0.00977	0.01329	0.01202	0.00802	0.48833	0.03856	0.20426	0.01387	0.02570	0.00981	0.00595	0.00469	0.00146	0.00468	0.00459	0.06855	0.00775
33	0.00644	0.00494	0.00595	0.00613	0.00735	0.00445	0.00469	0.00812	0.01175	0.01536	0.29656	0.14187	0.33438	0.01200	0.00592	0.00173	0.00274	0.12057	0.00478	0.00429
34	0.01000	0.06482	0.61570	0.01505	0.11769	0.01130	0.01620	0.01486	0.01053	0.01545	0.05692	0.01191	0.00876	0.00487	0.00462	0.00150	0.00658	0.00394	0.00229	0.00702
35	0.01617	0.00721	0.00959	0.00781	0.01061	0.00646	0.00627	0.01871	0.04846	0.49735	0.28779	0.02337	0.02377	0.00737	0.00517	0.00151	0.00348	0.00624	0.00572	0.00695
36	0.01288	0.81456	0.04281	0.00842	0.01263	0.01900	0.00851	0.01453	0.00986	0.01149	0.00678	0.00783	0.00622	0.00416	0.00314	0.00105	0.00523	0.00261	0.00207	0.00624
37	0.01090	0.00855	0.01063	0.00914	0.01156	0.00903	0.06420	0.06265	0.34305	0.06888	0.21341	0.05843	0.08143	0.01902	0.00555	0.00165	0.00374	0.00694	0.00483	0.00639
38	0.09312	0.12818	0.05104	0.01149	0.03335	0.01220	0.12476	0.20949	0.01443	0.25645	0.01229	0.01238	0.00858	0.00517	0.00456	0.00144	0.00532	0.00428	0.00410	0.00737
39	0.00938	0.00882	0.01487	0.71610	0.11355	0.01069	0.01340	0.01251	0.00982	0.01275	0.00909	0.03169	0.00718	0.00503	0.00487	0.00160	0.00630	0.00453	0.00223	0.00559
40	0.23926	0.00969	0.01089	0.00858	0.01217	0.00980	0.00709	0.18503	0.01434	0.43386	0.01430	0.01321	0.00944	0.00557	0.00438	0.00149	0.00429	0.00418	0.00497	0.00747
41	0.02151	0.02122	0.00827	0.06238	0.01022	0.06792	0.00575	0.15856	0.01254	0.01887	0.01356	0.01636	0.01088	0.05653	0.01891	0.00157	0.00402	0.00448	0.48114	0.00530
