[name]
unknown

[dist]
# distance from previous block
# <min> <max>
0	71

[block]
# block no. 0 follows, 55 sequences, length 36
# corresponding to MSA columns:
# 104-139
name=unknown_A
#
# <colnr> <probs for GDERKNQSTAVLIFYWHMCP>
#	G	D	E	R	K	N	Q	S	T	A	V	L	I	F	Y	W	H	M	C	P
0	0.03462	0.00974	0.01381	0.07070	0.18866	0.04001	0.08557	0.04831	0.11569	0.13140	0.03750	0.03015	0.01156	0.02356	0.01886	0.00161	0.00506	0.04949	0.00352	0.08017
1	0.08486	0.03736	0.01487	0.03921	0.31606	0.03060	0.06511	0.08461	0.08491	0.04223	0.06308	0.06861	0.01180	0.00558	0.00459	0.00143	0.00487	0.00499	0.00322	0.03199
2	0.18564	0.07011	0.11519	0.07364	0.15612	0.01139	0.03564	0.11390	0.01099	0.03114	0.00834	0.01006	0.00653	0.00460	0.00464	0.00136	0.05215	0.00351	0.00274	0.10232
3	0.02344	0.00705	0.04283	0.00731	0.00899	0.03212	0.00558	0.02242	0.06277	0.03639	0.01957	0.49073	0.02163	0.03502	0.00570	0.00166	0.00342	0.00925	0.00387	0.16028
4	0.08711	0.01018	0.01403	0.20218	0.13346	0.01118	0.05799	0.25825	0.01373	0.05584	0.03433	0.04048	0.00971	0.00565	0.00486	0.00150	0.01962	0.03007	0.00341	0.00644
5	0.00566	0.00442	0.00513	0.00558	0.00654	0.00390	0.00395	0.00676	0.01006	0.01274	0.09762	0.39073	0.40470	0.01283	0.00569	0.00170	0.00249	0.01121	0.00438	0.00390
6	0.01238	0.17491	0.15419	0.04792	0.10440	0.03810	0.01015	0.09050	0.01133	0.10234	0.04901	0.01235	0.00925	0.03257	0.00567	0.00144	0.06866	0.00392	0.00295	0.06796
7	0.75039	0.06889	0.00858	0.00656	0.00957	0.01128	0.00550	0.06619	0.00897	0.02073	0.00679	0.00779	0.00530	0.00438	0.00301	0.00140	0.00380	0.00263	0.00293	0.00530
8	0.00653	0.00472	0.00583	0.00555	0.00673	0.00430	0.00416	0.00855	0.01249	0.01749	0.61799	0.03535	0.17618	0.00964	0.00534	0.00146	0.00222	0.00839	0.06280	0.00430
9	0.05763	0.01213	0.07771	0.03599	0.46680	0.02455	0.11469	0.05721	0.02461	0.06979	0.00960	0.01165	0.00748	0.00439	0.00462	0.00142	0.00573	0.00422	0.00271	0.00706
10	0.01197	0.49444	0.02004	0.11426	0.01480	0.06776	0.00913	0.03288	0.00952	0.01160	0.00679	0.00879	0.00608	0.00499	0.00576	0.00130	0.16900	0.00309	0.00210	0.00570
11	0.00684	0.00525	0.00566	0.00540	0.00707	0.00468	0.00410	0.00906	0.06694	0.05229	0.16628	0.03982	0.58839	0.01074	0.00540	0.00155	0.00250	0.00902	0.00455	0.00444
12	0.00576	0.00471	0.00498	0.00492	0.00631	0.00404	0.00362	0.00702	0.01075	0.01330	0.16592	0.04221	0.63081	0.06705	0.00672	0.00175	0.00248	0.00939	0.00435	0.00393
13	0.02087	0.00792	0.01080	0.00828	0.01188	0.00684	0.00684	0.02267	0.01332	0.81071	0.01835	0.01583	0.01152	0.00576	0.00468	0.00144	0.00396	0.00468	0.00576	0.00792
14	0.00636	0.00475	0.00590	0.00562	0.00681	0.00429	0.00421	0.00834	0.01263	0.01739	0.64705	0.03684	0.20267	0.00998	0.00549	0.00149	0.00223	0.00871	0.00495	0.00429
15	0.01947	0.00838	0.01086	0.00852	0.01199	0.00775	0.00698	0.04840	0.12302	0.67468	0.01820	0.01589	0.01177	0.00583	0.00469	0.00146	0.00396	0.00474	0.00558	0.00784
16	0.01768	0.01303	0.01396	0.01070	0.01443	0.01443	0.00884	0.79197	0.02187	0.02932	0.01117	0.01117	0.00791	0.00558	0.00465	0.00140	0.00512	0.00419	0.00465	0.00791
17	0.80844	0.00892	0.00712	0.00627	0.00920	0.01018	0.00517	0.01432	0.00830	0.07759	0.00733	0.00815	0.00550	0.00442	0.00301	0.00144	0.00362	0.00267	0.00309	0.00524
18	0.01151	0.01105	0.01888	0.02855	0.80748	0.01105	0.01428	0.01428	0.01059	0.01520	0.00875	0.01151	0.00737	0.00415	0.00461	0.00138	0.00553	0.00415	0.00230	0.00737
19	0.86937	0.00900	0.00684	0.00612	0.00900	0.01044	0.00504	0.01368	0.00792	0.02087	0.00648	0.00756	0.00504	0.00432	0.00288	0.00144	0.00360	0.00252	0.00288	0.00504
20	0.86937	0.00900	0.00684	0.00612	0.00900	0.01044	0.00504	0.01368	0.00792	0.02087	0.00648	0.00756	0.00504	0.00432	0.00288	0.00144	0.00360	0.00252	0.00288	0.00504
21	0.00658	0.00476	0.00622	0.00585	0.00695	0.00439	0.00439	0.00878	0.01317	0.01866	0.80503	0.03475	0.04390	0.00951	0.00549	0.00146	0.00219	0.00841	0.00512	0.00439
22	0.86937	0.00900	0.00684	0.00612	0.00900	0.01044	0.00504	0.01368	0.00792	0.02087	0.00648	0.00756	0.00504	0.00432	0.00288	0.00144	0.00360	0.00252	0.00288	0.00504
23	0.01151	0.01105	0.01888	0.02855	0.80748	0.01105	0.01428	0.01428	0.01059	0.01520	0.00875	0.01151	0.00737	0.00415	0.00461	0.00138	0.00553	0.00415	0.00230	0.00737
24	0.01768	0.01303	0.01396	0.01070	0.01443	0.01443	0.00884	0.79197	0.02187	0.02932	0.01117	0.01117	0.00791	0.00558	0.00465	0.00140	0.00512	0.00419	0.00465	0.00791
25	0.01203	0.01022	0.01078	0.00956	0.01227	0.01179	0.00747	0.08242	0.74063	0.02020	0.01835	0.01689	0.01373	0.00626	0.00473	0.00156	0.00379	0.00518	0.00473	0.00740
26	0.01157	0.00999	0.01052	0.00947	0.01210	0.01157	0.00736	0.02472	0.79908	0.01946	0.01893	0.01736	0.01420	0.00631	0.00473	0.00158	0.00368	0.00526	0.00473	0.00736
27	0.02005	0.00768	0.01036	0.00801	0.01144	0.00667	0.00660	0.02187	0.01308	0.75720	0.01814	0.01594	0.01154	0.00574	0.00458	0.00142	0.00384	0.00466	0.06353	0.00768
28	0.00658	0.00476	0.00622	0.00585	0.00695	0.00439	0.00439	0.00878	0.01317	0.01866	0.80503	0.03475	0.04390	0.00951	0.00549	0.00146	0.00219	0.00841	0.00512	0.00439
29	0.01738	0.02217	0.01318	0.01199	0.01438	0.81783	0.00899	0.01858	0.01318	0.01139	0.00719	0.00839	0.00599	0.00479	0.00419	0.00120	0.00839	0.00300	0.00240	0.00539
30	0.00573	0.00418	0.00540	0.00624	0.00672	0.00385	0.00424	0.00670	0.00946	0.01256	0.09776	0.68080	0.11155	0.01383	0.00585	0.00182	0.00262	0.01244	0.00439	0.00385
31	0.02078	0.00806	0.01089	0.00835	0.01195	0.00706	0.00690	0.04477	0.01356	0.78826	0.01815	0.01570	0.01141	0.00575	0.00468	0.00144	0.00399	0.00466	0.00573	0.00792
32	0.00668	0.00474	0.00614	0.00579	0.00688	0.00439	0.00434	0.00887	0.01302	0.01860	0.77003	0.03398	0.04248	0.00933	0.00539	0.00145	0.00219	0.00823	0.04310	0.00439
33	0.02036	0.00874	0.01131	0.00867	0.01229	0.00806	0.00716	0.14668	0.01469	0.68475	0.01720	0.01508	0.01093	0.00573	0.00467	0.00143	0.00415	0.00460	0.00558	0.00792
34	0.00612	0.00444	0.00584	0.00682	0.00728	0.00428	0.00478	0.00761	0.04410	0.01242	0.02524	0.71807	0.02963	0.01403	0.00593	0.00190	0.00290	0.09028	0.00433	0.00399
35	0.02051	0.00821	0.01094	0.00842	0.01200	0.00730	0.00695	0.05948	0.03109	0.75588	0.01802	0.01565	0.01140	0.00576	0.00468	0.00144	0.00401	0.00467	0.00568	0.00790

[dist]
# distance from previous block
# <min> <max>
0	1

[block]
# block no. 1 follows, 55 sequences, length 25
# corresponding to MSA columns:
# 141-165
name=unknown_B
#
# <colnr> <probs for GDERKNQSTAVLIFYWHMCP>
#	G	D	E	R	K	N	Q	S	T	A	V	L	I	F	Y	W	H	M	C	P
0	0.01155	0.01167	0.11062	0.18488	0.36166	0.01063	0.01261	0.07200	0.06468	0.06715	0.02479	0.01321	0.02409	0.00488	0.00464	0.00145	0.00545	0.00436	0.00286	0.00681
1	0.00779	0.00431	0.00463	0.00484	0.00566	0.00424	0.00341	0.00942	0.00928	0.01521	0.01809	0.17315	0.04098	0.10260	0.00617	0.00164	0.00254	0.00646	0.57553	0.00404
2	0.22526	0.01227	0.07162	0.05369	0.11465	0.03738	0.35862	0.01435	0.00994	0.01602	0.00828	0.01077	0.00640	0.00430	0.00495	0.00151	0.03729	0.00425	0.00243	0.00601
3	0.00579	0.00413	0.00553	0.00661	0.00693	0.00388	0.00452	0.00668	0.00902	0.01201	0.02558	0.78322	0.03051	0.01446	0.00597	0.00191	0.00280	0.06231	0.00432	0.00381
4	0.01111	0.01031	0.01738	0.25026	0.53414	0.01089	0.02991	0.03818	0.01065	0.02982	0.00889	0.01186	0.00713	0.00436	0.00464	0.00143	0.00572	0.00418	0.00238	0.00676
5	0.00650	0.00475	0.00610	0.00576	0.00690	0.00435	0.00432	0.00861	0.01296	0.01816	0.74288	0.03557	0.10635	0.00970	0.00549	0.00147	0.00221	0.00853	0.00506	0.00435
6	0.86937	0.00900	0.00684	0.00612	0.00900	0.01044	0.00504	0.01368	0.00792	0.02087	0.00648	0.00756	0.00504	0.00432	0.00288	0.00144	0.00360	0.00252	0.00288	0.00504
7	0.00571	0.00408	0.00543	0.00645	0.00676	0.00380	0.00432	0.00657	0.00908	0.01216	0.05818	0.80012	0.03132	0.01436	0.00592	0.00187	0.00268	0.01302	0.00435	0.00380
8	0.00567	0.00405	0.00540	0.00648	0.00675	0.00378	0.00432	0.00648	0.00891	0.01188	0.02564	0.83347	0.03077	0.01457	0.00594	0.00189	0.00270	0.01323	0.00432	0.00378
9	0.01244	0.83930	0.02438	0.00796	0.01194	0.01841	0.00796	0.01393	0.00945	0.01095	0.00647	0.00746	0.00597	0.00398	0.00299	0.00100	0.00498	0.00249	0.00199	0.00597
10	0.02028	0.00779	0.01061	0.00818	0.01167	0.00674	0.00674	0.02209	0.01331	0.77769	0.05115	0.01662	0.01287	0.00591	0.00471	0.00144	0.00389	0.00483	0.00573	0.00777
11	0.01244	0.83930	0.02438	0.00796	0.01194	0.01841	0.00796	0.01393	0.00945	0.01095	0.00647	0.00746	0.00597	0.00398	0.00299	0.00100	0.00498	0.00249	0.00199	0.00597
12	0.00625	0.00474	0.00575	0.00550	0.00674	0.00425	0.00412	0.00813	0.01237	0.01677	0.56986	0.03786	0.28025	0.01022	0.00549	0.00150	0.00224	0.00885	0.00487	0.00425
13	0.00692	0.00532	0.00772	0.00757	0.00825	0.00630	0.00582	0.00836	0.00738	0.01064	0.01222	0.01897	0.01178	0.11775	0.67468	0.00676	0.07188	0.00511	0.00249	0.00408
14	0.86937	0.00900	0.00684	0.00612	0.00900	0.01044	0.00504	0.01368	0.00792	0.02087	0.00648	0.00756	0.00504	0.00432	0.00288	0.00144	0.00360	0.00252	0.00288	0.00504
15	0.00965	0.00827	0.00965	0.00689	0.01102	0.00620	0.00551	0.01171	0.00965	0.01516	0.00827	0.00965	0.00689	0.00345	0.00345	0.00069	0.00345	0.00276	0.00276	0.86494
16	0.01765	0.01400	0.01388	0.01084	0.01442	0.09998	0.00886	0.70962	0.02095	0.02741	0.01075	0.01087	0.00771	0.00550	0.00460	0.00138	0.00547	0.00406	0.00441	0.00764
17	0.00600	0.00472	0.00541	0.00527	0.00660	0.00413	0.00394	0.00763	0.01173	0.01532	0.39101	0.05986	0.44016	0.01082	0.00550	0.00153	0.00229	0.00926	0.00468	0.00413
18	0.07283	0.00832	0.00944	0.00683	0.01088	0.00651	0.00548	0.01186	0.00952	0.01558	0.00814	0.00949	0.00675	0.00351	0.00340	0.00074	0.00346	0.00274	0.00277	0.80175
19	0.00915	0.00789	0.00891	0.04136	0.01090	0.00886	0.00660	0.01644	0.40725	0.01592	0.02535	0.09525	0.20981	0.00876	0.00588	0.00166	0.06398	0.04593	0.00427	0.00580
20	0.00719	0.00513	0.00714	0.00821	0.00915	0.00509	0.00696	0.00910	0.01040	0.01358	0.02480	0.18500	0.02745	0.01314	0.00634	0.00210	0.00401	0.64671	0.00429	0.00420
21	0.00736	0.00526	0.00734	0.00841	0.00943	0.00524	0.00726	0.00941	0.01058	0.01377	0.02471	0.10987	0.02707	0.01298	0.00639	0.00212	0.00417	0.72010	0.00429	0.00425
22	0.10369	0.01517	0.01426	0.06132	0.26778	0.35260	0.01044	0.01560	0.01106	0.01375	0.00778	0.00986	0.00649	0.00479	0.00501	0.00136	0.06740	0.00349	0.02223	0.00593
23	0.00565	0.00428	0.00523	0.00592	0.00662	0.00385	0.00409	0.00663	0.00959	0.01237	0.06449	0.56291	0.26452	0.01352	0.00579	0.00178	0.00257	0.01200	0.00435	0.00385
24	0.01351	0.08678	0.03538	0.04134	0.05446	0.14694	0.06715	0.18064	0.01230	0.04152	0.00843	0.01051	0.00688	0.00640	0.02365	0.00166	0.24960	0.00391	0.00282	0.00614

[dist]
# distance from previous block
# <min> <max>
0	2

[block]
# block no. 2 follows, 55 sequences, length 6
# corresponding to MSA columns:
# 168-173
name=unknown_C
#
# <colnr> <probs for GDERKNQSTAVLIFYWHMCP>
#	G	D	E	R	K	N	Q	S	T	A	V	L	I	F	Y	W	H	M	C	P
0	0.50280	0.01050	0.06371	0.04054	0.07647	0.01045	0.09610	0.01517	0.05431	0.07811	0.00878	0.00995	0.00656	0.00450	0.00372	0.00146	0.00458	0.00342	0.00301	0.00584
1	0.01070	0.01088	0.05077	0.13196	0.54935	0.01055	0.07204	0.01366	0.01043	0.01461	0.00998	0.01489	0.00867	0.00490	0.00481	0.00148	0.00575	0.06542	0.00242	0.00673
2	0.00965	0.00827	0.00965	0.00689	0.01102	0.00620	0.00551	0.01171	0.00965	0.01516	0.00827	0.00965	0.00689	0.00345	0.00345	0.00069	0.00345	0.00276	0.00276	0.86494
3	0.01067	0.09647	0.43442	0.04100	0.07817	0.01101	0.12494	0.01476	0.01044	0.07109	0.05600	0.01210	0.00883	0.00469	0.00454	0.00143	0.00623	0.00410	0.00251	0.00661
4	0.00667	0.00510	0.00618	0.00604	0.00724	0.00484	0.00447	0.00942	0.08074	0.01652	0.47133	0.15382	0.18933	0.01043	0.00549	0.00156	0.00243	0.00913	0.00481	0.00447
5	0.05617	0.26872	0.01580	0.00952	0.01277	0.14910	0.00802	0.18302	0.21967	0.01765	0.01086	0.01100	0.00850	0.00509	0.00400	0.00129	0.00517	0.00366	0.00339	0.00661

[dist]
# distance from previous block
# <min> <max>
1	37

[block]
# block no. 3 follows, 55 sequences, length 74
# corresponding to MSA columns:
# 211-284
name=unknown_D
#
# <colnr> <probs for GDERKNQSTAVLIFYWHMCP>
#	G	D	E	R	K	N	Q	S	T	A	V	L	I	F	Y	W	H	M	C	P
0	0.10839	0.51991	0.12156	0.03671	0.01401	0.04635	0.04594	0.01441	0.00965	0.03601	0.00728	0.00846	0.00608	0.00418	0.00343	0.00117	0.00534	0.00289	0.00223	0.00600
1	0.06086	0.00939	0.03936	0.11444	0.23463	0.04313	0.01009	0.04233	0.02838	0.08485	0.01475	0.07078	0.01393	0.00737	0.00505	0.00164	0.00498	0.20474	0.00338	0.00592
2	0.01049	0.00986	0.01661	0.07441	0.64293	0.00995	0.01274	0.01299	0.01027	0.01451	0.01118	0.13146	0.01071	0.00570	0.00480	0.00147	0.00516	0.00547	0.00258	0.00671
3	0.00745	0.00534	0.00743	0.00847	0.00955	0.00532	0.00740	0.00956	0.01071	0.01389	0.02520	0.05228	0.04629	0.01282	0.00640	0.00213	0.00424	0.75697	0.00428	0.00427
4	0.00579	0.00459	0.00521	0.00533	0.00654	0.00401	0.00389	0.00715	0.01090	0.01391	0.22660	0.19586	0.47020	0.01178	0.00558	0.00161	0.00238	0.01014	0.00451	0.00401
5	0.00965	0.00827	0.00965	0.00689	0.01102	0.00620	0.00551	0.01171	0.00965	0.01516	0.00827	0.00965	0.00689	0.00345	0.00345	0.00069	0.00345	0.00276	0.00276	0.86494
6	0.00718	0.00571	0.00755	0.05582	0.09345	0.00542	0.00592	0.00897	0.02050	0.03354	0.14635	0.13768	0.34268	0.03112	0.00592	0.00170	0.00322	0.07861	0.00409	0.00456
7	0.02115	0.06770	0.65346	0.01280	0.02971	0.01123	0.03490	0.05956	0.01054	0.01539	0.00973	0.01101	0.03312	0.00469	0.00440	0.00145	0.00648	0.00369	0.00223	0.00675
8	0.01749	0.01955	0.01297	0.01146	0.01409	0.63612	0.00877	0.11506	0.01422	0.07729	0.00894	0.01026	0.00711	0.00514	0.00434	0.00126	0.00754	0.01953	0.00299	0.00588
9	0.00774	0.00657	0.00951	0.00888	0.00944	0.00838	0.00709	0.00916	0.00735	0.01088	0.01055	0.01606	0.01005	0.04484	0.55285	0.00573	0.26340	0.00474	0.00236	0.00441
10	0.77601	0.00891	0.00755	0.07805	0.01108	0.01035	0.00577	0.01371	0.00815	0.03669	0.00688	0.00816	0.00528	0.00438	0.00307	0.00145	0.00383	0.00271	0.00287	0.00511
11	0.00651	0.00475	0.00611	0.00577	0.00690	0.00436	0.00433	0.00863	0.01298	0.01821	0.74971	0.03548	0.09950	0.00968	0.00549	0.00147	0.00221	0.00852	0.00506	0.00436
12	0.01105	0.01027	0.01773	0.24662	0.52317	0.01075	0.05727	0.01394	0.01035	0.04119	0.00898	0.01196	0.00717	0.00433	0.00467	0.00144	0.00579	0.00424	0.00236	0.00672
13	0.00893	0.00483	0.00488	0.00479	0.00601	0.00497	0.00361	0.01206	0.07902	0.01753	0.01551	0.01735	0.01212	0.00550	0.00338	0.00113	0.00230	0.00442	0.78707	0.00460
14	0.00750	0.00566	0.00826	0.00879	0.01009	0.00555	0.04669	0.00965	0.01071	0.01385	0.02582	0.04979	0.09367	0.01231	0.00630	0.00206	0.00430	0.67046	0.00419	0.00435
15	0.01768	0.01303	0.01396	0.01070	0.01443	0.01443	0.00884	0.79197	0.02187	0.02932	0.01117	0.01117	0.00791	0.00558	0.00465	0.00140	0.00512	0.00419	0.00465	0.00791
16	0.00662	0.00502	0.00615	0.00669	0.00787	0.00470	0.00547	0.00818	0.01032	0.01294	0.03291	0.04741	0.34269	0.08470	0.00756	0.00212	0.00352	0.39694	0.00417	0.00401
17	0.82007	0.00893	0.00707	0.00624	0.00916	0.01023	0.00514	0.01420	0.00823	0.06676	0.00717	0.00804	0.00541	0.00440	0.00298	0.00144	0.00362	0.00264	0.00305	0.00521
18	0.00784	0.00542	0.00618	0.00601	0.00650	0.00553	0.00382	0.09921	0.00897	0.01197	0.01641	0.18605	0.01858	0.57702	0.01795	0.00363	0.00423	0.00773	0.00333	0.00361
19	0.00576	0.00409	0.00537	0.00635	0.00660	0.00384	0.00419	0.00650	0.00872	0.01163	0.02468	0.76300	0.02955	0.08670	0.00749	0.00212	0.00286	0.01266	0.00419	0.00369
20	0.00647	0.00468	0.00614	0.00623	0.00718	0.00436	0.00468	0.00835	0.01198	0.01661	0.54202	0.19383	0.06516	0.01094	0.00568	0.00162	0.00253	0.09246	0.00485	0.00424
21	0.02643	0.33378	0.31119	0.00977	0.01478	0.01273	0.01088	0.01477	0.00996	0.09050	0.00855	0.00943	0.00659	0.00425	0.00374	0.00118	0.00535	0.00309	0.00246	0.12057
22	0.08666	0.03076	0.12992	0.02086	0.44968	0.03037	0.07117	0.03292	0.03282	0.01588	0.00878	0.01091	0.00705	0.00425	0.00440	0.00137	0.00561	0.00390	0.00245	0.05024
23	0.08046	0.62245	0.05870	0.05493	0.02693	0.04795	0.00861	0.03235	0.00980	0.01249	0.00684	0.00805	0.00598	0.00414	0.00325	0.00111	0.00517	0.00272	0.00215	0.00594
24	0.01713	0.02521	0.14076	0.07798	0.01493	0.00845	0.00911	0.07669	0.01297	0.51660	0.04177	0.01473	0.01089	0.00553	0.00463	0.00144	0.00466	0.00448	0.00467	0.00736
25	0.01294	0.00827	0.01006	0.00736	0.01133	0.00655	0.00595	0.03147	0.01093	0.23675	0.01114	0.01140	0.00820	0.00413	0.00381	0.00091	0.00362	0.00332	0.00363	0.60821
26	0.00918	0.00563	0.00665	0.00612	0.00786	0.00506	0.00464	0.04957	0.01172	0.16126	0.15493	0.15108	0.36384	0.03372	0.00588	0.00165	0.00288	0.00878	0.00469	0.00488
27	0.00677	0.00502	0.00635	0.00597	0.00717	0.00473	0.00449	0.00946	0.05270	0.01834	0.72131	0.03445	0.08665	0.00948	0.00545	0.00148	0.00228	0.00834	0.00506	0.00451
28	0.00808	0.00404	0.00606	0.00606	0.00606	0.00404	0.00404	0.00606	0.00606	0.00808	0.00808	0.01414	0.00808	0.01616	0.01818	0.86465	0.00404	0.00404	0.00202	0.00202
29	0.00879	0.00827	0.01395	0.82532	0.03204	0.01034	0.01292	0.01189	0.00930	0.01189	0.00827	0.01240	0.00620	0.00465	0.00465	0.00155	0.00620	0.00413	0.00207	0.00517
30	0.86937	0.00900	0.00684	0.00612	0.00900	0.01044	0.00504	0.01368	0.00792	0.02087	0.00648	0.00756	0.00504	0.00432	0.00288	0.00144	0.00360	0.00252	0.00288	0.00504
31	0.00965	0.00827	0.00965	0.00689	0.01102	0.00620	0.00551	0.01171	0.00965	0.01516	0.00827	0.00965	0.00689	0.00345	0.00345	0.00069	0.00345	0.00276	0.00276	0.86494
32	0.00750	0.00535	0.00750	0.00857	0.00964	0.00535	0.00750	0.00964	0.01071	0.01392	0.02463	0.05248	0.02677	0.01285	0.00643	0.00214	0.00428	0.77617	0.00428	0.00428
33	0.00656	0.00475	0.00618	0.00583	0.00693	0.00438	0.00437	0.00873	0.01311	0.01851	0.78685	0.03499	0.06216	0.00957	0.00549	0.00147	0.00220	0.00845	0.00510	0.00438
34	0.03478	0.00829	0.00915	0.00915	0.01090	0.07837	0.00777	0.14306	0.01280	0.03646	0.02016	0.03944	0.02077	0.01050	0.00579	0.00190	0.00476	0.53668	0.00418	0.00511
35	0.13810	0.01418	0.01336	0.01243	0.10707	0.18542	0.00897	0.42405	0.01670	0.02262	0.00937	0.01010	0.00703	0.00507	0.00430	0.00136	0.00565	0.00369	0.00364	0.00690
36	0.02087	0.00792	0.01080	0.00828	0.01188	0.00684	0.00684	0.02267	0.01332	0.81071	0.01835	0.01583	0.01152	0.00576	0.00468	0.00144	0.00396	0.00468	0.00576	0.00792
37	0.00576	0.00410	0.00536	0.00632	0.00659	0.00385	0.00417	0.00651	0.00875	0.01164	0.02505	0.74948	0.04283	0.08666	0.00749	0.00211	0.00285	0.01260	0.00419	0.00370
38	0.06389	0.12912	0.51141	0.03128	0.03124	0.01165	0.04313	0.01543	0.04974	0.05829	0.00911	0.01027	0.00665	0.00451	0.00421	0.00141	0.00610	0.00352	0.00239	0.00667
39	0.01144	0.01114	0.01907	0.02440	0.56834	0.01124	0.13804	0.01587	0.12296	0.01576	0.01031	0.01251	0.00829	0.00442	0.00477	0.00144	0.00564	0.00452	0.00266	0.00719
40	0.00680	0.00486	0.00664	0.00766	0.00842	0.00475	0.00617	0.00839	0.00995	0.01302	0.02501	0.32416	0.04026	0.04131	0.00682	0.00212	0.00371	0.47166	0.00425	0.00405
41	0.01017	0.00810	0.00905	0.00848	0.01051	0.00889	0.00661	0.07538	0.41925	0.03257	0.08151	0.14459	0.05980	0.00874	0.00520	0.00166	0.00354	0.09519	0.00464	0.00613
42	0.00980	0.00918	0.01350	0.58013	0.08286	0.05101	0.01160	0.05725	0.01003	0.01284	0.00891	0.01357	0.00731	0.07779	0.00665	0.00179	0.03386	0.00431	0.00232	0.00529
43	0.65138	0.10323	0.04969	0.03571	0.05705	0.01138	0.00677	0.01373	0.00839	0.01882	0.00676	0.00805	0.00536	0.00429	0.00313	0.00139	0.00412	0.00271	0.00267	0.00537
44	0.00800	0.00602	0.00729	0.00673	0.00823	0.00609	0.00512	0.01271	0.19439	0.03339	0.60931	0.03039	0.03645	0.00870	0.00530	0.00149	0.00257	0.00762	0.00504	0.00514
45	0.01448	0.28442	0.07382	0.07780	0.01426	0.03457	0.02496	0.05726	0.01142	0.26719	0.01213	0.05925	0.00942	0.00545	0.00433	0.00133	0.01912	0.00424	0.01803	0.00651
46	0.00808	0.00404	0.00606	0.00606	0.00606	0.00404	0.00404	0.00606	0.00606	0.00808	0.00808	0.01414	0.00808	0.01616	0.01818	0.86465	0.00404	0.00404	0.00202	0.00202
47	0.76273	0.00886	0.00734	0.00639	0.00936	0.00998	0.00526	0.01481	0.00860	0.12013	0.00797	0.00860	0.00585	0.00450	0.00311	0.00144	0.00364	0.00279	0.00324	0.00540
48	0.01252	0.15744	0.02556	0.01166	0.10510	0.25952	0.03060	0.03516	0.02489	0.01337	0.02200	0.04567	0.06693	0.00538	0.00431	0.00119	0.01754	0.00415	0.00272	0.15429
49	0.00572	0.00412	0.00543	0.00637	0.00674	0.00382	0.00429	0.00663	0.00924	0.01234	0.07665	0.75325	0.05986	0.01415	0.00589	0.00185	0.00265	0.01279	0.00437	0.00382
50	0.01228	0.79814	0.06416	0.00823	0.01235	0.01802	0.00843	0.01397	0.00947	0.01114	0.00656	0.00758	0.00597	0.00400	0.00306	0.00102	0.00507	0.00254	0.00199	0.00602
51	0.00604	0.00473	0.00546	0.00528	0.00661	0.00416	0.00396	0.00772	0.01188	0.01559	0.42381	0.03979	0.42702	0.01065	0.00549	0.00152	0.00228	0.00912	0.00472	0.00416
52	0.00578	0.00413	0.00552	0.00660	0.00692	0.00387	0.00451	0.00667	0.00901	0.01200	0.02558	0.78670	0.03053	0.01447	0.00597	0.00190	0.00279	0.05891	0.00432	0.00381
53	0.00657	0.00473	0.00619	0.00601	0.00701	0.00440	0.00449	0.00859	0.01253	0.01761	0.68352	0.09232	0.04119	0.03793	0.00618	0.00163	0.00241	0.04746	0.00494	0.00429
54	0.00637	0.00472	0.00594	0.00577	0.00690	0.00430	0.00433	0.00830	0.01240	0.01706	0.60437	0.08343	0.17599	0.01030	0.00554	0.00153	0.00231	0.03126	0.00491	0.00427
55	0.01244	0.83930	0.02438	0.00796	0.01194	0.01841	0.00796	0.01393	0.00945	0.01095	0.00647	0.00746	0.00597	0.00398	0.00299	0.00100	0.00498	0.00249	0.00199	0.00597
56	0.00739	0.00528	0.00737	0.00845	0.00947	0.00526	0.00731	0.00945	0.01060	0.01380	0.02469	0.09785	0.02701	0.01295	0.00640	0.00213	0.00419	0.73184	0.00429	0.00425
57	0.00965	0.00827	0.00965	0.00689	0.01102	0.00620	0.00551	0.01171	0.00965	0.01516	0.00827	0.00965	0.00689	0.00345	0.00345	0.00069	0.00345	0.00276	0.00276	0.86494
58	0.00965	0.00827	0.00965	0.00689	0.01102	0.00620	0.00551	0.01171	0.00965	0.01516	0.00827	0.00965	0.00689	0.00345	0.00345	0.00069	0.00345	0.00276	0.00276	0.86494
59	0.86937	0.00900	0.00684	0.00612	0.00900	0.01044	0.00504	0.01368	0.00792	0.02087	0.00648	0.00756	0.00504	0.00432	0.00288	0.00144	0.00360	0.00252	0.00288	0.00504
60	0.01157	0.00999	0.01052	0.00947	0.01210	0.01157	0.00736	0.02472	0.79908	0.01946	0.01893	0.01736	0.01420	0.00631	0.00473	0.00158	0.00368	0.00526	0.00473	0.00736
61	0.86937	0.00900	0.00684	0.00612	0.00900	0.01044	0.00504	0.01368	0.00792	0.02087	0.00648	0.00756	0.00504	0.00432	0.00288	0.00144	0.00360	0.00252	0.00288	0.00504
62	0.01244	0.83930	0.02438	0.00796	0.01194	0.01841	0.00796	0.01393	0.00945	0.01095	0.00647	0.00746	0.00597	0.00398	0.00299	0.00100	0.00498	0.00249	0.00199	0.00597
63	0.01839	0.00786	0.01033	0.00819	0.01143	0.00717	0.00667	0.02159	0.10738	0.64021	0.09367	0.01783	0.01493	0.00618	0.00476	0.00146	0.00376	0.00511	0.00557	0.00751
64	0.01095	0.01246	0.02698	0.01934	0.02388	0.01185	0.76259	0.01477	0.01084	0.01477	0.00929	0.01246	0.00702	0.00407	0.00584	0.00159	0.03726	0.00544	0.00234	0.00623
65	0.00556	0.00447	0.00497	0.00537	0.00646	0.00387	0.00383	0.00660	0.00997	0.01231	0.03915	0.33779	0.51773	0.01282	0.00566	0.00169	0.00248	0.01108	0.00432	0.00387
66	0.01597	0.01261	0.01266	0.01030	0.01356	0.08362	0.00829	0.44486	0.25881	0.06952	0.01361	0.01309	0.00988	0.00575	0.00464	0.00144	0.00490	0.00444	0.00454	0.00752
67	0.00626	0.00494	0.00576	0.00604	0.00734	0.00449	0.00474	0.00804	0.02937	0.01373	0.13087	0.11396	0.44129	0.01188	0.00574	0.00172	0.00286	0.19243	0.00442	0.00414
68	0.09169	0.01231	0.01292	0.01015	0.01367	0.01374	0.00833	0.63192	0.11359	0.02740	0.01169	0.01159	0.00841	0.00556	0.00451	0.00142	0.00481	0.00417	0.00451	0.00759
69	0.01098	0.01255	0.02745	0.01961	0.02431	0.01176	0.79059	0.01490	0.01098	0.01490	0.00941	0.01255	0.00706	0.00392	0.00549	0.00157	0.00784	0.00549	0.00235	0.00627
70	0.01038	0.01092	0.02795	0.54440	0.10378	0.12903	0.03840	0.01340	0.02866	0.01247	0.00894	0.03501	0.00719	0.00491	0.00464	0.00149	0.00637	0.00429	0.00227	0.00550
71	0.00569	0.00416	0.00536	0.00623	0.00670	0.00383	0.00423	0.00662	0.00933	0.01230	0.06702	0.69793	0.12555	0.01398	0.00586	0.00183	0.00263	0.01257	0.00436	0.00383
72	0.01058	0.01074	0.01946	0.10497	0.10727	0.01053	0.35262	0.03209	0.01037	0.01469	0.00871	0.01151	0.00690	0.00432	0.00565	0.00138	0.07716	0.00441	0.00244	0.20421
73	0.00575	0.00411	0.00550	0.00658	0.00688	0.00385	0.00447	0.00663	0.00899	0.01197	0.02559	0.79659	0.03058	0.01449	0.00596	0.00190	0.00277	0.04926	0.00432	0.00380

[dist]
# distance from previous block
# <min> <max>
0	3

[block]
# block no. 4 follows, 55 sequences, length 10
# corresponding to MSA columns:
# 288-297
name=unknown_E
#
# <colnr> <probs for GDERKNQSTAVLIFYWHMCP>
#	G	D	E	R	K	N	Q	S	T	A	V	L	I	F	Y	W	H	M	C	P
0	0.01687	0.01206	0.01308	0.01028	0.01380	0.01327	0.00841	0.59037	0.15898	0.09414	0.01316	0.01266	0.00933	0.00573	0.00467	0.00143	0.00477	0.00442	0.00476	0.00781
1	0.86937	0.00900	0.00684	0.00612	0.00900	0.01044	0.00504	0.01368	0.00792	0.02087	0.00648	0.00756	0.00504	0.00432	0.00288	0.00144	0.00360	0.00252	0.00288	0.00504
2	0.09131	0.00778	0.01001	0.00790	0.01116	0.00708	0.00647	0.02064	0.04192	0.63781	0.09328	0.01701	0.01419	0.00602	0.00461	0.00145	0.00375	0.00488	0.00541	0.00731
3	0.00714	0.00458	0.00603	0.00639	0.00720	0.00420	0.00451	0.00843	0.01050	0.07831	0.24041	0.51843	0.06140	0.01237	0.00570	0.00172	0.00265	0.01108	0.00466	0.00429
4	0.00557	0.00466	0.00485	0.00492	0.00636	0.00394	0.00365	0.00678	0.01061	0.01286	0.08842	0.10793	0.69975	0.01188	0.00553	0.00159	0.00237	0.01001	0.00437	0.00394
5	0.00658	0.00476	0.00622	0.00585	0.00695	0.00439	0.00439	0.00878	0.01317	0.01866	0.80503	0.03475	0.04390	0.00951	0.00549	0.00146	0.00219	0.00841	0.00512	0.00439
6	0.01709	0.01274	0.01363	0.01058	0.01420	0.01415	0.00870	0.71793	0.09687	0.02837	0.01192	0.01177	0.00852	0.00565	0.00466	0.00141	0.00498	0.00429	0.00466	0.00786
7	0.01157	0.00999	0.01052	0.00947	0.01210	0.01157	0.00736	0.02472	0.79908	0.01946	0.01893	0.01736	0.01420	0.00631	0.00473	0.00158	0.00368	0.00526	0.00473	0.00736
8	0.00965	0.00827	0.00965	0.00689	0.01102	0.00620	0.00551	0.01171	0.00965	0.01516	0.00827	0.00965	0.00689	0.00345	0.00345	0.00069	0.00345	0.00276	0.00276	0.86494
9	0.01098	0.01255	0.02745	0.01961	0.02431	0.01176	0.79059	0.01490	0.01098	0.01490	0.00941	0.01255	0.00706	0.00392	0.00549	0.00157	0.00784	0.00549	0.00235	0.00627

[dist]
# distance from previous block
# <min> <max>
0	13

[block]
# block no. 5 follows, 55 sequences, length 32
# corresponding to MSA columns:
# 311-342
name=unknown_F
#
# <colnr> <probs for GDERKNQSTAVLIFYWHMCP>
#	G	D	E	R	K	N	Q	S	T	A	V	L	I	F	Y	W	H	M	C	P
0	0.00674	0.00478	0.00583	0.00570	0.00693	0.00426	0.00422	0.00840	0.01176	0.05042	0.42268	0.15426	0.27526	0.01079	0.00552	0.00156	0.00240	0.00939	0.00478	0.00431
1	0.02047	0.00801	0.01078	0.00833	0.01189	0.00704	0.00686	0.02276	0.04768	0.77611	0.01838	0.01590	0.01163	0.00578	0.00468	0.00145	0.00395	0.00470	0.00571	0.00789
2	0.00716	0.00517	0.00646	0.00700	0.00770	0.00510	0.00488	0.10418	0.01052	0.01405	0.02384	0.73119	0.02793	0.01346	0.00578	0.00183	0.00300	0.01210	0.00436	0.00429
3	0.00839	0.00752	0.10667	0.00729	0.00943	0.00541	0.00654	0.01035	0.01077	0.11541	0.09074	0.18048	0.27203	0.01061	0.00550	0.00169	0.00350	0.13854	0.00427	0.00487
4	0.01171	0.73550	0.02212	0.00770	0.01132	0.01666	0.00752	0.01329	0.00991	0.01190	0.10580	0.01086	0.01069	0.00467	0.00330	0.00105	0.00463	0.00322	0.00238	0.00577
5	0.01892	0.00749	0.01017	0.00795	0.01120	0.00650	0.00650	0.02078	0.01330	0.70271	0.12562	0.01841	0.01593	0.00627	0.00479	0.00144	0.00372	0.00519	0.00567	0.00744
6	0.01052	0.00988	0.01390	0.66445	0.02856	0.06996	0.01212	0.10941	0.01115	0.01402	0.00855	0.01196	0.00640	0.00478	0.00462	0.00151	0.00623	0.00406	0.00241	0.00553
7	0.00889	0.00838	0.01414	0.79461	0.06193	0.01036	0.01297	0.01198	0.00935	0.01201	0.00829	0.01237	0.00625	0.00463	0.00465	0.00154	0.00618	0.00413	0.00208	0.00525
8	0.86937	0.00900	0.00684	0.00612	0.00900	0.01044	0.00504	0.01368	0.00792	0.02087	0.00648	0.00756	0.00504	0.00432	0.00288	0.00144	0.00360	0.00252	0.00288	0.00504
9	0.01173	0.00599	0.00749	0.00643	0.00861	0.00530	0.00506	0.01372	0.02816	0.30828	0.25437	0.02947	0.24198	0.00852	0.00508	0.00147	0.00292	0.00719	0.04261	0.00562
10	0.01356	0.11744	0.01693	0.04330	0.16429	0.26300	0.09828	0.07320	0.08802	0.01456	0.00952	0.03093	0.00792	0.00503	0.00480	0.00136	0.03479	0.00407	0.00274	0.00625
11	0.00750	0.00535	0.00750	0.00857	0.00964	0.00535	0.00750	0.00964	0.01071	0.01392	0.02463	0.05248	0.02677	0.01285	0.00643	0.00214	0.00428	0.77617	0.00428	0.00428
12	0.00674	0.00460	0.00550	0.00550	0.00565	0.00474	0.00336	0.00704	0.00689	0.00934	0.01426	0.02827	0.01597	0.69304	0.16585	0.00504	0.00593	0.00645	0.00276	0.00306
13	0.01233	0.06028	0.12542	0.21793	0.01893	0.05492	0.04358	0.19623	0.05593	0.06801	0.01179	0.09273	0.00977	0.00592	0.00467	0.00148	0.00553	0.00494	0.00329	0.00631
14	0.01128	0.01100	0.01850	0.12695	0.66214	0.02790	0.04599	0.01410	0.01050	0.01469	0.00869	0.01160	0.00718	0.00421	0.00464	0.00141	0.00577	0.00418	0.00228	0.00701
15	0.00637	0.00469	0.00596	0.00576	0.00685	0.00428	0.00428	0.00833	0.01250	0.01734	0.64702	0.10131	0.13757	0.01021	0.00553	0.00151	0.00226	0.00898	0.00496	0.00428
16	0.03284	0.08002	0.13885	0.24010	0.02138	0.10953	0.15618	0.02523	0.01042	0.06635	0.00872	0.01108	0.00661	0.00479	0.00534	0.00148	0.06870	0.00400	0.00244	0.00594
17	0.00793	0.00558	0.00692	0.00637	0.00782	0.00539	0.00485	0.01141	0.11080	0.06166	0.62346	0.03210	0.07949	0.00903	0.00535	0.00148	0.00248	0.00789	0.00506	0.00493
18	0.00965	0.00827	0.00965	0.00689	0.01102	0.00620	0.00551	0.01171	0.00965	0.01516	0.00827	0.00965	0.00689	0.00345	0.00345	0.00069	0.00345	0.00276	0.00276	0.86494
19	0.00569	0.00467	0.00502	0.00505	0.00643	0.00399	0.00374	0.00701	0.01089	0.01352	0.17110	0.10760	0.61588	0.01163	0.00553	0.00158	0.00236	0.00986	0.00445	0.00399
20	0.00566	0.00407	0.00537	0.00642	0.00673	0.00378	0.00429	0.00648	0.00897	0.01190	0.02638	0.80620	0.05756	0.01448	0.00592	0.00188	0.00269	0.01311	0.00432	0.00378
21	0.86937	0.00900	0.00684	0.00612	0.00900	0.01044	0.00504	0.01368	0.00792	0.02087	0.00648	0.00756	0.00504	0.00432	0.00288	0.00144	0.00360	0.00252	0.00288	0.00504
22	0.00597	0.00445	0.00541	0.00585	0.00661	0.00406	0.00411	0.00709	0.00994	0.01301	0.16187	0.37173	0.23956	0.09592	0.00756	0.00201	0.00277	0.04393	0.00430	0.00385
23	0.00598	0.00467	0.00543	0.00537	0.00661	0.00411	0.00398	0.00756	0.01154	0.01511	0.37015	0.11689	0.40379	0.01108	0.00554	0.00156	0.00232	0.00955	0.00466	0.00411
24	0.00933	0.02406	0.81240	0.01326	0.02014	0.01080	0.01719	0.01473	0.00982	0.01473	0.00835	0.00982	0.00589	0.00442	0.00442	0.00147	0.00688	0.00344	0.00196	0.00688
25	0.01738	0.02217	0.01318	0.01199	0.01438	0.81783	0.00899	0.01858	0.01318	0.01139	0.00719	0.00839	0.00599	0.00479	0.00419	0.00120	0.00839	0.00300	0.00240	0.00539
26	0.00750	0.00535	0.00750	0.00857	0.00964	0.00535	0.00750	0.00964	0.01071	0.01392	0.02463	0.05248	0.02677	0.01285	0.00643	0.00214	0.00428	0.77617	0.00428	0.00428
27	0.01838	0.01192	0.01327	0.01018	0.01387	0.01278	0.00841	0.62475	0.02001	0.19917	0.01273	0.01218	0.00870	0.00562	0.00466	0.00141	0.00487	0.00429	0.00489	0.00791
28	0.00805	0.00529	0.00682	0.00657	0.00739	0.00604	0.00506	0.02142	0.00846	0.01349	0.01273	0.01725	0.01116	0.05059	0.32850	0.05252	0.08737	0.00464	0.34246	0.00420
29	0.00703	0.00504	0.00617	0.00600	0.00612	0.00549	0.00385	0.00735	0.00690	0.00945	0.01364	0.02705	0.01527	0.65415	0.13657	0.00473	0.07299	0.00629	0.00271	0.00320
30	0.00964	0.01089	0.12357	0.05847	0.36783	0.00913	0.02581	0.01323	0.06153	0.01553	0.13454	0.01953	0.08029	0.00611	0.00486	0.00147	0.00481	0.03196	0.01451	0.00628
31	0.00896	0.05236	0.10594	0.00564	0.00761	0.00591	0.00524	0.01149	0.00975	0.01667	0.01385	0.01587	0.01085	0.00522	0.00338	0.00113	0.00291	0.00412	0.70836	0.00474

[dist]
# distance from previous block
# <min> <max>
0	1

[block]
# block no. 6 follows, 55 sequences, length 71
# corresponding to MSA columns:
# 344-414
name=unknown_G
#
# <colnr> <probs for GDERKNQSTAVLIFYWHMCP>
#	G	D	E	R	K	N	Q	S	T	A	V	L	I	F	Y	W	H	M	C	P
0	0.03952	0.01212	0.03825	0.02470	0.19813	0.11280	0.01079	0.02958	0.00957	0.07193	0.00797	0.01064	0.00678	0.00630	0.00958	0.00168	0.39726	0.00393	0.00250	0.00598
1	0.00897	0.06979	0.00591	0.00462	0.00593	0.00544	0.00362	0.01108	0.00973	0.01684	0.01449	0.01657	0.01146	0.00531	0.00323	0.00108	0.00239	0.00419	0.79489	0.00446
2	0.64073	0.01114	0.00848	0.00743	0.01032	0.12338	0.00599	0.07598	0.02483	0.04496	0.00755	0.00840	0.00577	0.00457	0.00329	0.00141	0.00440	0.00284	0.00308	0.00545
3	0.03663	0.01886	0.51923	0.04936	0.04234	0.01122	0.05657	0.01435	0.04516	0.01447	0.00886	0.02703	0.00689	0.00521	0.00604	0.00157	0.12363	0.00394	0.00221	0.00643
4	0.01129	0.01043	0.06992	0.14139	0.15397	0.03439	0.02730	0.06115	0.01114	0.08229	0.05974	0.02312	0.00984	0.00480	0.00449	0.00123	0.01702	0.00409	0.00302	0.26936
5	0.01600	0.01294	0.08038	0.01040	0.01408	0.01289	0.00905	0.61495	0.03073	0.05309	0.04639	0.01258	0.00963	0.00656	0.02043	0.02860	0.00518	0.00436	0.00436	0.00740
6	0.00753	0.03048	0.00872	0.03575	0.00904	0.00745	0.00607	0.00868	0.00735	0.01043	0.01163	0.01962	0.01174	0.24302	0.41503	0.00535	0.15039	0.00520	0.00247	0.00405
7	0.00576	0.00482	0.00505	0.00492	0.00651	0.00405	0.00370	0.00710	0.01091	0.01343	0.14390	0.04244	0.68365	0.01124	0.00544	0.00153	0.00237	0.00943	0.00438	0.02937
8	0.00677	0.00451	0.00507	0.00507	0.00507	0.00451	0.00282	0.00677	0.00677	0.00902	0.01466	0.03044	0.01691	0.83650	0.02368	0.00451	0.00451	0.00677	0.00282	0.00282
9	0.86937	0.00900	0.00684	0.00612	0.00900	0.01044	0.00504	0.01368	0.00792	0.02087	0.00648	0.00756	0.00504	0.00432	0.00288	0.00144	0.00360	0.00252	0.00288	0.00504
10	0.01210	0.02542	0.16686	0.01807	0.25740	0.07321	0.13702	0.05881	0.03367	0.05520	0.00947	0.01185	0.00748	0.00499	0.00587	0.00150	0.09692	0.01484	0.00262	0.00670
11	0.79056	0.01038	0.08065	0.00677	0.01002	0.01047	0.00615	0.01377	0.00809	0.02031	0.00665	0.00776	0.00512	0.00433	0.00302	0.00144	0.00390	0.00260	0.00280	0.00521
12	0.86937	0.00900	0.00684	0.00612	0.00900	0.01044	0.00504	0.01368	0.00792	0.02087	0.00648	0.00756	0.00504	0.00432	0.00288	0.00144	0.00360	0.00252	0.00288	0.00504
13	0.04669	0.00778	0.00985	0.00791	0.01091	0.00730	0.00641	0.06313	0.08016	0.51505	0.14847	0.01861	0.01672	0.00636	0.00471	0.00144	0.00364	0.00524	0.03255	0.00707
14	0.00948	0.01129	0.11552	0.45543	0.04391	0.01120	0.14475	0.01271	0.00937	0.01273	0.00818	0.01177	0.00632	0.00498	0.00626	0.00161	0.12250	0.00427	0.00210	0.00561
15	0.02342	0.00988	0.02817	0.30562	0.32387	0.01059	0.03698	0.03948	0.03543	0.06519	0.00996	0.03642	0.00802	0.00503	0.00514	0.00150	0.04181	0.00448	0.00265	0.00636
16	0.01275	0.00946	0.01040	0.00922	0.01192	0.01057	0.00725	0.02370	0.64684	0.13690	0.01912	0.02893	0.01442	0.00654	0.00479	0.00158	0.00373	0.02972	0.00487	0.00730
17	0.02071	0.00817	0.01095	0.00840	0.01200	0.00721	0.00694	0.06085	0.01374	0.77193	0.01800	0.01560	0.01134	0.00575	0.00468	0.00144	0.00402	0.00465	0.00570	0.00792
18	0.01431	0.18691	0.24498	0.03904	0.05124	0.02910	0.03377	0.04050	0.01138	0.27508	0.01144	0.01166	0.00802	0.00481	0.00424	0.00135	0.00538	0.00379	0.01609	0.00693
19	0.01072	0.18297	0.54748	0.02578	0.06102	0.01229	0.01451	0.04037	0.01030	0.04157	0.00843	0.00974	0.00625	0.00441	0.00417	0.00137	0.00626	0.00337	0.00221	0.00677
20	0.00765	0.00587	0.00852	0.04854	0.05566	0.00617	0.00781	0.00965	0.01008	0.01336	0.02147	0.12897	0.02326	0.01333	0.05769	0.00237	0.04129	0.52998	0.00386	0.00447
21	0.50654	0.22613	0.01250	0.00733	0.01040	0.01253	0.03094	0.04858	0.00912	0.01797	0.00724	0.00846	0.00588	0.00445	0.00348	0.00133	0.02998	0.00283	0.04889	0.00541
22	0.00651	0.00473	0.00630	0.00702	0.00782	0.00456	0.00545	0.00803	0.01013	0.01342	0.12628	0.32115	0.09499	0.03511	0.04505	0.00223	0.00369	0.28919	0.00428	0.00405
23	0.02639	0.10368	0.33669	0.04943	0.23333	0.06364	0.04677	0.01480	0.02985	0.01438	0.00846	0.01030	0.00659	0.00433	0.00431	0.00136	0.00617	0.00362	0.00222	0.03366
24	0.00653	0.00445	0.00539	0.00560	0.00587	0.00439	0.00353	0.00713	0.00816	0.01116	0.11302	0.21868	0.02304	0.48077	0.05740	0.00359	0.00415	0.00833	0.02548	0.00334
25	0.00620	0.00436	0.00552	0.00616	0.00684	0.00396	0.00426	0.00724	0.00975	0.03769	0.10198	0.59008	0.17214	0.01332	0.00578	0.00178	0.00263	0.01189	0.00444	0.00399
26	0.84760	0.00897	0.00694	0.00617	0.00907	0.01034	0.00508	0.01391	0.00806	0.04113	0.00678	0.00777	0.00520	0.00436	0.00293	0.00144	0.00361	0.00257	0.00295	0.00511
27	0.00990	0.03981	0.64265	0.01495	0.08630	0.01103	0.08959	0.01481	0.01004	0.02614	0.00858	0.01026	0.00621	0.00436	0.00451	0.00146	0.00677	0.00369	0.00208	0.00685
28	0.00591	0.00473	0.00528	0.00514	0.00653	0.00410	0.00385	0.00746	0.01156	0.01485	0.33095	0.04102	0.52035	0.01093	0.00549	0.00153	0.00230	0.00929	0.00462	0.00410
29	0.00965	0.00827	0.00965	0.00689	0.01102	0.00620	0.00551	0.01171	0.00965	0.01516	0.00827	0.00965	0.00689	0.00345	0.00345	0.00069	0.00345	0.00276	0.00276	0.86494
30	0.00566	0.00409	0.00535	0.00636	0.00672	0.00379	0.00427	0.00649	0.00902	0.01192	0.02704	0.78199	0.08134	0.01439	0.00591	0.00187	0.00268	0.01300	0.00432	0.00379
31	0.01063	0.13155	0.53733	0.01217	0.01748	0.09869	0.01422	0.01462	0.00997	0.01365	0.02393	0.00989	0.00670	0.00482	0.00514	0.00143	0.07589	0.00342	0.00208	0.00639
32	0.05847	0.00678	0.06694	0.00686	0.00870	0.00551	0.00590	0.00960	0.02612	0.01603	0.32654	0.07682	0.17108	0.00978	0.00534	0.00160	0.00315	0.14781	0.00430	0.04267
33	0.06793	0.31566	0.24278	0.01105	0.05942	0.02654	0.01085	0.10281	0.02191	0.06228	0.00853	0.00951	0.00663	0.00460	0.00420	0.00130	0.03153	0.00327	0.00263	0.00656
34	0.00585	0.00515	0.00500	0.00495	0.00652	0.02422	0.00371	0.00708	0.01080	0.01284	0.08432	0.04336	0.74731	0.01149	0.00547	0.00156	0.00250	0.00958	0.00431	0.00399
35	0.04699	0.00847	0.01426	0.71463	0.02981	0.01026	0.06130	0.01207	0.00946	0.01267	0.03126	0.01284	0.00729	0.00473	0.00465	0.00154	0.00607	0.00427	0.00221	0.00521
36	0.01209	0.01519	0.26580	0.05554	0.14246	0.02324	0.03773	0.14373	0.19492	0.04522	0.01168	0.01246	0.00863	0.00505	0.00461	0.00147	0.00556	0.00423	0.00325	0.00714
37	0.36926	0.00948	0.00975	0.05969	0.03936	0.01058	0.00694	0.14970	0.13217	0.10369	0.01113	0.01156	0.00817	0.00507	0.00385	0.00144	0.00406	0.00371	0.05417	0.00624
38	0.03075	0.01119	0.01196	0.00937	0.01259	0.01225	0.00768	0.60974	0.01912	0.05150	0.01206	0.01240	0.00872	0.00554	0.00436	0.00134	0.00451	0.00420	0.16353	0.00720
39	0.01244	0.83930	0.02438	0.00796	0.01194	0.01841	0.00796	0.01393	0.00945	0.01095	0.00647	0.00746	0.00597	0.00398	0.00299	0.00100	0.00498	0.00249	0.00199	0.00597
40	0.03824	0.07224	0.51370	0.01279	0.05618	0.01068	0.04726	0.01546	0.01034	0.12318	0.03303	0.01136	0.00788	0.00477	0.00463	0.00145	0.02357	0.00380	0.00264	0.00679
41	0.86937	0.00900	0.00684	0.00612	0.00900	0.01044	0.00504	0.01368	0.00792	0.02087	0.00648	0.00756	0.00504	0.00432	0.00288	0.00144	0.00360	0.00252	0.00288	0.00504
42	0.01071	0.04463	0.01102	0.06334	0.07116	0.07189	0.01863	0.03834	0.08882	0.08982	0.26518	0.02233	0.06370	0.02858	0.00632	0.00158	0.07625	0.01822	0.00394	0.00556
43	0.00965	0.00827	0.00965	0.00689	0.01102	0.00620	0.00551	0.01171	0.00965	0.01516	0.00827	0.00965	0.00689	0.00345	0.00345	0.00069	0.00345	0.00276	0.00276	0.86494
44	0.00583	0.00471	0.00518	0.00510	0.00649	0.00406	0.00381	0.00729	0.01132	0.01435	0.27136	0.06456	0.55725	0.01119	0.00551	0.00155	0.00232	0.00950	0.00456	0.00406
45	0.00738	0.00507	0.00656	0.00608	0.00734	0.00473	0.00460	0.00992	0.03906	0.05378	0.74428	0.03334	0.04148	0.00924	0.00543	0.00147	0.00232	0.00814	0.00514	0.00464
46	0.00949	0.00558	0.00688	0.00634	0.00804	0.00504	0.00486	0.03532	0.01191	0.17950	0.24269	0.13965	0.25572	0.02987	0.00583	0.00164	0.00290	0.03896	0.00481	0.00497
47	0.01772	0.01218	0.01334	0.01031	0.01395	0.01326	0.00849	0.64405	0.06918	0.13040	0.01259	0.01216	0.00877	0.00565	0.00466	0.00141	0.00488	0.00432	0.00480	0.00788
48	0.01711	0.09586	0.05704	0.01062	0.04452	0.03584	0.03167	0.28285	0.01530	0.31419	0.01307	0.02536	0.00916	0.00548	0.00470	0.00139	0.01976	0.00430	0.00437	0.00740
49	0.01029	0.00816	0.00961	0.00693	0.01097	0.00619	0.00555	0.01232	0.00991	0.06743	0.00982	0.01085	0.02536	0.00379	0.00357	0.00076	0.00345	0.00304	0.00299	0.78900
50	0.10984	0.44669	0.03308	0.03770	0.04175	0.14105	0.00854	0.06182	0.01053	0.01352	0.00703	0.00836	0.00605	0.00452	0.00412	0.00120	0.05308	0.00290	0.00233	0.00588
