[name]
unknown

[dist]
# distance from previous block
# <min> <max>
3	86

[block]
# block no. 0 follows, 45 sequences, length 33
# corresponding to MSA columns:
# 250-282
name=unknown_A
#
# <colnr> <probs for GDERKNQSTAVLIFYWHMCP>
#	G	D	E	R	K	N	Q	S	T	A	V	L	I	F	Y	W	H	M	C	P
0	0.01347	0.05888	0.10681	0.08412	0.03418	0.01110	0.05052	0.18745	0.01515	0.07831	0.06337	0.04597	0.09288	0.00717	0.00527	0.00159	0.00529	0.00598	0.08085	0.05163
1	0.08675	0.02585	0.10625	0.06386	0.02604	0.04240	0.03660	0.17592	0.04067	0.14309	0.05772	0.08611	0.01409	0.02790	0.00585	0.00176	0.00554	0.00587	0.00439	0.04333
2	0.07803	0.01477	0.18300	0.03300	0.08523	0.05619	0.01128	0.07139	0.05928	0.18216	0.07249	0.04460	0.02563	0.00666	0.00538	0.00165	0.01636	0.00538	0.00422	0.04329
3	0.06793	0.03230	0.23333	0.08976	0.07300	0.05731	0.10115	0.03646	0.08146	0.06358	0.01344	0.01570	0.03694	0.00598	0.00555	0.00170	0.02579	0.02243	0.00328	0.03290
4	0.10808	0.03183	0.08815	0.04663	0.14458	0.07360	0.03536	0.01687	0.04442	0.12292	0.10696	0.05228	0.04926	0.00702	0.00553	0.00166	0.02458	0.00582	0.00396	0.03047
5	0.01050	0.02893	0.03090	0.04744	0.18164	0.01947	0.05912	0.02462	0.06864	0.01704	0.15579	0.04205	0.10250	0.08207	0.00866	0.00211	0.06067	0.04768	0.00393	0.00625
6	0.01094	0.02655	0.71467	0.01597	0.02367	0.01257	0.08748	0.01702	0.01146	0.01702	0.00975	0.01162	0.00692	0.00505	0.00521	0.00171	0.00804	0.00418	0.00231	0.00787
7	0.00654	0.00532	0.00579	0.00594	0.00744	0.00457	0.00435	0.00798	0.01230	0.01528	0.14389	0.17307	0.56126	0.01378	0.00642	0.00186	0.00276	0.01176	0.00510	0.00457
8	0.01004	0.00937	0.01573	0.72464	0.06220	0.01152	0.01439	0.01345	0.01076	0.01385	0.01073	0.06042	0.00885	0.00601	0.00545	0.00180	0.00689	0.00538	0.00255	0.00596
9	0.00750	0.00546	0.00705	0.00669	0.00797	0.00502	0.00501	0.00993	0.01491	0.02093	0.71541	0.05902	0.09245	0.01127	0.00634	0.00171	0.00256	0.00993	0.00583	0.00502
10	0.01001	0.00500	0.00500	0.00500	0.00625	0.00500	0.00375	0.01251	0.01126	0.02001	0.01751	0.02001	0.01376	0.00625	0.00375	0.00125	0.00250	0.00500	0.84115	0.00500
11	0.01234	0.01036	0.01115	0.01007	0.01277	0.01168	0.00780	0.05440	0.57691	0.02223	0.13306	0.05003	0.04717	0.00832	0.00566	0.00180	0.00398	0.00703	0.00549	0.00775
12	0.09470	0.04189	0.06247	0.01352	0.01668	0.59286	0.03774	0.02001	0.01394	0.01450	0.00833	0.00993	0.00686	0.00556	0.00527	0.00148	0.04162	0.00358	0.00276	0.00633
13	0.01104	0.01041	0.01734	0.57764	0.21829	0.01219	0.01503	0.01500	0.04235	0.01502	0.01019	0.01429	0.00787	0.00530	0.00536	0.00174	0.00684	0.00483	0.00258	0.00669
14	0.01444	0.01091	0.01197	0.01028	0.01347	0.01191	0.00810	0.11658	0.47308	0.09731	0.08994	0.02123	0.03919	0.00746	0.00547	0.00171	0.00427	0.00618	0.00548	0.05100
15	0.01001	0.00500	0.00500	0.00500	0.00625	0.00500	0.00375	0.01251	0.01126	0.02001	0.01751	0.02001	0.01376	0.00625	0.00375	0.00125	0.00250	0.00500	0.84115	0.00500
16	0.05415	0.01011	0.01576	0.55099	0.09959	0.01175	0.01349	0.05372	0.01211	0.11108	0.01111	0.01436	0.00808	0.00551	0.00526	0.00174	0.00655	0.00476	0.00314	0.00674
17	0.01171	0.01115	0.01895	0.41522	0.40788	0.01234	0.01569	0.01510	0.01148	0.01563	0.00982	0.01380	0.00783	0.00507	0.00534	0.00169	0.00677	0.00478	0.00252	0.00723
18	0.01344	0.06069	0.02861	0.02049	0.04632	0.01403	0.58573	0.09930	0.01387	0.01867	0.01149	0.04041	0.00910	0.00516	0.00605	0.00176	0.00824	0.00622	0.00306	0.00737
19	0.84927	0.01038	0.00789	0.00706	0.01038	0.01204	0.00581	0.01578	0.00914	0.02408	0.00747	0.00872	0.00581	0.00498	0.00332	0.00166	0.00415	0.00291	0.00332	0.00581
20	0.08979	0.01451	0.01534	0.01184	0.01605	0.01606	0.00978	0.68075	0.02366	0.05034	0.01263	0.01266	0.00895	0.00633	0.00520	0.00162	0.00573	0.00468	0.00523	0.00885
21	0.00875	0.00694	0.00956	0.19202	0.01543	0.00725	0.00773	0.02818	0.03160	0.01445	0.02016	0.29764	0.02198	0.14950	0.00976	0.00249	0.00478	0.08607	0.00393	0.08176
22	0.02691	0.13999	0.23334	0.03243	0.02394	0.01417	0.39872	0.01665	0.01188	0.01642	0.01037	0.03169	0.00819	0.00501	0.00550	0.00168	0.00798	0.00529	0.00259	0.00726
23	0.01129	0.00894	0.00977	0.00898	0.01148	0.00958	0.00700	0.02030	0.41804	0.05940	0.12349	0.03199	0.20070	0.00959	0.00588	0.00183	0.00373	0.04558	0.00544	0.00698
24	0.00827	0.00515	0.00684	0.00755	0.00825	0.00476	0.00517	0.00936	0.01091	0.08434	0.07156	0.65395	0.03358	0.05352	0.00767	0.00225	0.00331	0.01368	0.00511	0.00479
25	0.01416	0.08656	0.27641	0.01654	0.02238	0.01311	0.29605	0.03758	0.01273	0.13726	0.01175	0.01343	0.00840	0.00521	0.00575	0.00170	0.02497	0.00503	0.00321	0.00776
26	0.01176	0.00748	0.00904	0.00814	0.01022	0.00750	0.00620	0.01667	0.18576	0.15627	0.26481	0.05667	0.09472	0.08479	0.05348	0.00247	0.00426	0.00802	0.00541	0.00633
27	0.08394	0.00536	0.00645	0.00735	0.00804	0.00524	0.00510	0.00848	0.01021	0.01458	0.02778	0.59705	0.06799	0.07443	0.00805	0.00236	0.00345	0.05498	0.00470	0.00445
28	0.01583	0.01269	0.04095	0.13341	0.08898	0.01332	0.04197	0.28701	0.14771	0.08679	0.02914	0.01673	0.01169	0.00719	0.02232	0.00186	0.00603	0.02377	0.00452	0.00809
29	0.35863	0.22119	0.01521	0.00894	0.01282	0.04634	0.00775	0.10405	0.01279	0.15266	0.01050	0.01086	0.00781	0.00536	0.00401	0.00151	0.00507	0.00357	0.00384	0.00707
30	0.00656	0.00491	0.00610	0.00693	0.00767	0.00445	0.00477	0.00771	0.01108	0.01441	0.08491	0.57345	0.21624	0.01565	0.00669	0.00206	0.00298	0.01394	0.00504	0.00445
31	0.09894	0.01001	0.01223	0.00956	0.01354	0.03045	0.00786	0.07304	0.01544	0.62410	0.03643	0.01731	0.01302	0.00655	0.00521	0.00165	0.00471	0.00518	0.00613	0.00866
32	0.01095	0.00923	0.01081	0.00802	0.01237	0.00714	0.00633	0.03195	0.01141	0.01756	0.01146	0.08415	0.01050	0.00521	0.00427	0.00094	0.00395	0.00433	0.00340	0.74600

[dist]
# distance from previous block
# <min> <max>
0	2

[block]
# block no. 1 follows, 45 sequences, length 26
# corresponding to MSA columns:
# 285-310
name=unknown_B
#
# <colnr> <probs for GDERKNQSTAVLIFYWHMCP>
#	G	D	E	R	K	N	Q	S	T	A	V	L	I	F	Y	W	H	M	C	P
0	0.01235	0.00994	0.01245	0.00914	0.01364	0.00813	0.04472	0.04267	0.02672	0.06787	0.01116	0.03111	0.00916	0.00475	0.00462	0.00102	0.02090	0.00392	0.00354	0.66219
1	0.14361	0.13348	0.11043	0.10853	0.01735	0.13880	0.03863	0.01643	0.04906	0.03194	0.01047	0.01403	0.00891	0.08682	0.03374	0.00216	0.02509	0.00433	0.00294	0.02325
2	0.00724	0.00539	0.00673	0.00657	0.00784	0.00488	0.00486	0.00936	0.01408	0.01930	0.55237	0.12393	0.19341	0.01212	0.00639	0.00177	0.00263	0.01062	0.00563	0.00488
3	0.01648	0.12801	0.05506	0.09556	0.05703	0.01356	0.01039	0.16515	0.18138	0.17949	0.03406	0.01573	0.01194	0.00625	0.00513	0.00163	0.00542	0.00501	0.00461	0.00814
4	0.00741	0.00548	0.00691	0.00656	0.00790	0.00498	0.00492	0.00977	0.01475	0.02047	0.66691	0.04183	0.15943	0.01137	0.00633	0.00171	0.00256	0.00995	0.00577	0.00498
5	0.01658	0.11407	0.06773	0.01695	0.18298	0.22678	0.04933	0.03587	0.07993	0.12110	0.03023	0.01357	0.01011	0.00563	0.00504	0.00153	0.00691	0.00453	0.00355	0.00760
6	0.01848	0.01369	0.01497	0.01161	0.01571	0.01482	0.00952	0.54593	0.09900	0.05967	0.01358	0.01359	0.00984	0.00632	0.00554	0.00156	0.02701	0.00478	0.00508	0.10930
7	0.01085	0.00599	0.00609	0.00578	0.00732	0.00619	0.00441	0.06130	0.05165	0.02103	0.01744	0.01956	0.01360	0.00632	0.00395	0.00130	0.00281	0.00505	0.74392	0.00545
8	0.73896	0.01060	0.00873	0.00757	0.01101	0.01205	0.00624	0.06459	0.01060	0.07680	0.00877	0.00965	0.00654	0.00519	0.00360	0.00166	0.00429	0.00320	0.00368	0.00626
9	0.01001	0.00500	0.00500	0.00500	0.00625	0.00500	0.00375	0.01251	0.01126	0.02001	0.01751	0.02001	0.01376	0.00625	0.00375	0.00125	0.00250	0.00500	0.84115	0.00500
10	0.00652	0.00474	0.00615	0.00728	0.00773	0.00438	0.00490	0.00750	0.01046	0.01378	0.03195	0.73563	0.10619	0.01651	0.00680	0.00214	0.00308	0.01488	0.00498	0.00438
11	0.73578	0.01111	0.00888	0.00774	0.01115	0.03198	0.00635	0.07678	0.01079	0.04762	0.00835	0.00937	0.00634	0.00517	0.00359	0.00165	0.00445	0.00315	0.00358	0.00619
12	0.05281	0.00984	0.01584	0.56794	0.14094	0.01171	0.01387	0.01379	0.01084	0.01480	0.01183	0.03341	0.04122	0.00601	0.00575	0.00178	0.03355	0.00520	0.00264	0.00622
13	0.01001	0.00500	0.00500	0.00500	0.00625	0.00500	0.00375	0.01251	0.01126	0.02001	0.01751	0.02001	0.01376	0.00625	0.00375	0.00125	0.00250	0.00500	0.84115	0.00500
14	0.84927	0.01038	0.00789	0.00706	0.01038	0.01204	0.00581	0.01578	0.00914	0.02408	0.00747	0.00872	0.00581	0.00498	0.00332	0.00166	0.00415	0.00291	0.00332	0.00581
15	0.04760	0.01326	0.01361	0.01082	0.01471	0.12307	0.00877	0.25415	0.01813	0.38653	0.01746	0.01622	0.03749	0.00661	0.00528	0.00161	0.00564	0.00507	0.00553	0.00845
16	0.84927	0.01038	0.00789	0.00706	0.01038	0.01204	0.00581	0.01578	0.00914	0.02408	0.00747	0.00872	0.00581	0.00498	0.00332	0.00166	0.00415	0.00291	0.00332	0.00581
17	0.01113	0.00954	0.01113	0.00795	0.01272	0.00716	0.00636	0.01352	0.01113	0.01749	0.00954	0.01113	0.00795	0.00398	0.00398	0.00080	0.00398	0.00318	0.00318	0.84417
18	0.02005	0.02558	0.01521	0.01383	0.01659	0.78980	0.01037	0.02143	0.01521	0.01314	0.00830	0.00968	0.00691	0.00553	0.00484	0.00138	0.00968	0.00346	0.00277	0.00622
19	0.00751	0.00512	0.00670	0.00722	0.00799	0.00473	0.00503	0.00896	0.01195	0.04288	0.25836	0.49927	0.06140	0.03767	0.00722	0.00209	0.00304	0.01288	0.00527	0.00472
20	0.05624	0.00681	0.00877	0.00763	0.00984	0.00625	0.00595	0.01515	0.01478	0.24961	0.48585	0.05557	0.03664	0.00954	0.00591	0.00169	0.00325	0.00823	0.00597	0.00630
21	0.02740	0.00678	0.00890	0.00796	0.01013	0.00615	0.00624	0.01532	0.01405	0.27784	0.31204	0.10841	0.06437	0.03748	0.00682	0.00192	0.00362	0.07247	0.00581	0.00630
22	0.00852	0.00622	0.00760	0.00803	0.00902	0.00614	0.00567	0.11597	0.01258	0.01666	0.02897	0.63854	0.08525	0.01509	0.00660	0.00207	0.00349	0.01347	0.00504	0.00506
23	0.01059	0.00893	0.01053	0.00780	0.01204	0.00683	0.00617	0.01294	0.01155	0.01781	0.09524	0.04070	0.01361	0.00518	0.00433	0.00094	0.00379	0.00430	0.00354	0.72317
24	0.16207	0.18430	0.04840	0.02784	0.01574	0.01379	0.09925	0.13428	0.04984	0.09734	0.01266	0.07063	0.01046	0.00619	0.00475	0.00157	0.00554	0.00502	0.00384	0.04647
25	0.40820	0.07110	0.11980	0.00971	0.01409	0.01209	0.03847	0.04251	0.03472	0.13913	0.01077	0.01141	0.00784	0.00527	0.00419	0.00159	0.00510	0.00375	0.00372	0.05653

[dist]
# distance from previous block
# <min> <max>
0	4

[block]
# block no. 2 follows, 45 sequences, length 22
# corresponding to MSA columns:
# 316-323,329-342
name=unknown_C
#
# <colnr> <probs for GDERKNQSTAVLIFYWHMCP>
#	G	D	E	R	K	N	Q	S	T	A	V	L	I	F	Y	W	H	M	C	P
0	0.01066	0.02783	0.03942	0.04994	0.01219	0.00757	0.03108	0.01436	0.10432	0.11386	0.20677	0.19084	0.09907	0.04323	0.00693	0.00197	0.00403	0.02492	0.00503	0.00599
1	0.00707	0.00526	0.00640	0.00679	0.00770	0.00494	0.00483	0.00833	0.01101	0.01435	0.12076	0.25778	0.24093	0.15666	0.06540	0.00303	0.00423	0.06552	0.00464	0.00437
2	0.00730	0.00536	0.00662	0.00649	0.00760	0.00492	0.00466	0.00915	0.01326	0.01813	0.47997	0.12226	0.16915	0.11068	0.00898	0.00219	0.00295	0.01033	0.00533	0.00468
3	0.33173	0.01233	0.01336	0.12262	0.09079	0.03687	0.00971	0.24594	0.01510	0.05930	0.01034	0.01170	0.00766	0.00556	0.00458	0.00165	0.00552	0.00408	0.00389	0.00728
4	0.01153	0.01143	0.01603	0.01381	0.01386	0.01593	0.01148	0.01274	0.00824	0.01289	0.00743	0.01223	0.00738	0.01101	0.05799	0.00268	0.76039	0.00475	0.00238	0.00582
5	0.00950	0.00507	0.00539	0.00537	0.00659	0.00499	0.00401	0.01196	0.01186	0.02005	0.14033	0.04941	0.02044	0.00737	0.00427	0.00135	0.00253	0.00610	0.67842	0.00499
6	0.58316	0.04242	0.01031	0.00833	0.01180	0.08764	0.00683	0.03588	0.01119	0.14543	0.00990	0.01046	0.00725	0.00533	0.00386	0.00161	0.00486	0.00341	0.00382	0.00651
7	0.01335	0.01153	0.01214	0.01092	0.01396	0.01335	0.00850	0.02852	0.76817	0.02245	0.02185	0.02003	0.01639	0.00728	0.00546	0.00182	0.00425	0.00607	0.00546	0.00850
8	0.01766	0.00935	0.01179	0.00893	0.01323	0.00778	0.00727	0.02048	0.04789	0.40024	0.01635	0.01621	0.01152	0.00570	0.00483	0.00131	0.00431	0.02089	0.00506	0.36918
9	0.02097	0.01078	0.01353	0.01063	0.01454	0.02528	0.03560	0.13471	0.13077	0.49139	0.01930	0.01789	0.01300	0.02861	0.00603	0.00177	0.00500	0.00548	0.00596	0.00875
10	0.03798	0.01034	0.01630	0.58340	0.08773	0.01276	0.01413	0.04920	0.01117	0.01519	0.00937	0.01368	0.00729	0.00585	0.00679	0.00183	0.10343	0.00471	0.00257	0.00629
11	0.05851	0.00876	0.01145	0.00910	0.01282	0.00783	0.00748	0.02364	0.03078	0.62982	0.03987	0.02127	0.04362	0.00724	0.00538	0.00169	0.00436	0.03245	0.03552	0.00840
12	0.02255	0.00908	0.01216	0.00948	0.01337	0.00803	0.00776	0.05754	0.01562	0.68659	0.05556	0.04665	0.01559	0.00719	0.00549	0.00168	0.00448	0.00591	0.00650	0.00878
13	0.03172	0.12420	0.35701	0.16756	0.02416	0.01361	0.10071	0.05183	0.01212	0.05365	0.01013	0.01226	0.00744	0.00515	0.00506	0.00165	0.00728	0.00434	0.00273	0.00740
14	0.00712	0.00531	0.00655	0.00693	0.00787	0.00495	0.00487	0.00904	0.03790	0.01628	0.25305	0.37822	0.17135	0.05571	0.00763	0.00211	0.00302	0.01221	0.00518	0.00468
15	0.00715	0.00518	0.00680	0.00782	0.00854	0.00490	0.00579	0.00855	0.01109	0.01457	0.05978	0.48823	0.10204	0.04460	0.00767	0.00231	0.00360	0.20190	0.00495	0.00451
16	0.01486	0.07104	0.07727	0.00920	0.01226	0.00894	0.00806	0.05839	0.01368	0.27672	0.15260	0.04653	0.06685	0.06400	0.00808	0.03249	0.03362	0.03364	0.00498	0.00681
17	0.05665	0.10380	0.01384	0.06235	0.01400	0.03305	0.02805	0.15580	0.04283	0.07100	0.08896	0.07518	0.06806	0.08596	0.00849	0.00205	0.07279	0.00649	0.00419	0.00645
18	0.00844	0.03619	0.01132	0.03968	0.01203	0.00743	0.09738	0.01071	0.03659	0.01578	0.17331	0.38238	0.04867	0.04760	0.00786	0.00211	0.04187	0.01099	0.00451	0.00517
19	0.01006	0.03479	0.00692	0.00615	0.00745	0.00601	0.00459	0.03160	0.01137	0.04119	0.06531	0.10423	0.01822	0.06852	0.04380	0.02907	0.00367	0.00653	0.49549	0.00502
20	0.52600	0.03966	0.01042	0.02214	0.01192	0.04815	0.03398	0.03008	0.01040	0.06267	0.01146	0.11053	0.01049	0.02055	0.00501	0.00178	0.03023	0.00496	0.00362	0.00595
21	0.23289	0.09631	0.02997	0.04583	0.04992	0.04817	0.04880	0.02780	0.01199	0.18329	0.04004	0.05090	0.02667	0.02228	0.00553	0.00169	0.02929	0.00500	0.00397	0.03966

[dist]
# distance from previous block
# <min> <max>
0	22

[block]
# block no. 3 follows, 45 sequences, length 19
# corresponding to MSA columns:
# 376-394
name=unknown_D
#
# <colnr> <probs for GDERKNQSTAVLIFYWHMCP>
#	G	D	E	R	K	N	Q	S	T	A	V	L	I	F	Y	W	H	M	C	P
0	0.04350	0.34117	0.06902	0.01077	0.04121	0.10848	0.00941	0.06435	0.01333	0.10445	0.09033	0.03610	0.03444	0.00634	0.00460	0.00144	0.00572	0.00476	0.00361	0.00698
1	0.01450	0.07266	0.01220	0.00855	0.01212	0.00889	0.00696	0.09789	0.01431	0.19707	0.16500	0.01996	0.04095	0.00724	0.00570	0.03840	0.00417	0.00546	0.00471	0.26327
2	0.01591	0.02533	0.12097	0.13000	0.11233	0.03280	0.06240	0.05536	0.08234	0.24167	0.01465	0.02766	0.01058	0.00646	0.00596	0.03237	0.00611	0.00517	0.00415	0.00780
3	0.02775	0.08534	0.04074	0.16295	0.12189	0.04440	0.01114	0.08613	0.15198	0.15726	0.01527	0.03522	0.02395	0.00631	0.00520	0.00166	0.00572	0.00522	0.00415	0.00772
4	0.11177	0.01588	0.02884	0.01108	0.01430	0.25989	0.00884	0.22069	0.01664	0.11562	0.03633	0.07610	0.01205	0.00694	0.00505	0.00158	0.00632	0.00521	0.03974	0.00713
5	0.00654	0.00467	0.00623	0.00747	0.00779	0.00436	0.00498	0.00747	0.01028	0.01370	0.02959	0.80785	0.03550	0.01682	0.00685	0.00218	0.00311	0.01526	0.00498	0.00436
6	0.01390	0.10330	0.29959	0.01585	0.13727	0.01263	0.04445	0.04275	0.08450	0.12870	0.03300	0.01530	0.03340	0.00585	0.00516	0.00163	0.00630	0.00488	0.00356	0.00797
7	0.02319	0.00907	0.01226	0.00949	0.01350	0.00794	0.00780	0.02564	0.03581	0.73327	0.04866	0.01911	0.01473	0.00682	0.00543	0.00167	0.00448	0.00557	0.00658	0.00897
8	0.00719	0.00526	0.00666	0.00760	0.00810	0.00515	0.00511	0.00917	0.07007	0.01411	0.02786	0.67732	0.03258	0.08613	0.00855	0.00242	0.00339	0.01387	0.00487	0.00459
9	0.05493	0.01189	0.07386	0.01050	0.01468	0.03875	0.00919	0.07989	0.03446	0.55453	0.01804	0.01639	0.01174	0.00653	0.00577	0.00168	0.03774	0.00506	0.00572	0.00865
10	0.00778	0.00516	0.00679	0.00767	0.00830	0.00486	0.00527	0.00918	0.02944	0.05599	0.04726	0.68765	0.03366	0.03690	0.00728	0.00222	0.00331	0.03151	0.00506	0.00473
11	0.01157	0.01021	0.01624	0.56118	0.13572	0.01204	0.01403	0.01646	0.10473	0.04837	0.01164	0.01505	0.00875	0.00558	0.00537	0.00176	0.00658	0.00496	0.00299	0.00676
12	0.01306	0.01624	0.13820	0.02240	0.35339	0.14093	0.07674	0.01628	0.01234	0.01615	0.01215	0.07738	0.01107	0.00757	0.03477	0.00193	0.00738	0.03181	0.00289	0.00733
13	0.01372	0.01305	0.01926	0.31583	0.25547	0.10817	0.10229	0.01690	0.01233	0.07601	0.01063	0.01376	0.00814	0.00521	0.00540	0.00167	0.00725	0.00485	0.00289	0.00717
14	0.27521	0.00951	0.01107	0.00879	0.01269	0.00915	0.00726	0.02300	0.01347	0.55105	0.01701	0.01536	0.01101	0.00614	0.00477	0.00166	0.00444	0.00464	0.00563	0.00812
15	0.01249	0.09231	0.40149	0.03576	0.01986	0.16587	0.06067	0.01654	0.01200	0.01537	0.01172	0.10946	0.01047	0.00656	0.00520	0.00166	0.00754	0.00533	0.00273	0.00696
16	0.03313	0.10023	0.02691	0.01249	0.10791	0.07750	0.00905	0.10681	0.03901	0.22491	0.05797	0.04537	0.08528	0.00808	0.02487	0.00177	0.00543	0.00587	0.01996	0.00747
17	0.01503	0.01849	0.38760	0.01369	0.01958	0.01057	0.10613	0.01940	0.01273	0.25895	0.01447	0.04277	0.01033	0.00598	0.00536	0.00170	0.00662	0.00516	0.03746	0.00798
18	0.00866	0.00565	0.00697	0.00720	0.00825	0.00527	0.00514	0.02255	0.01137	0.07517	0.08918	0.31441	0.16240	0.17251	0.01070	0.00265	0.00374	0.07856	0.00485	0.00474

[dist]
# distance from previous block
# <min> <max>
0	1

[block]
# block no. 4 follows, 45 sequences, length 56
# corresponding to MSA columns:
# 396-416,418-452
name=unknown_E
#
# <colnr> <probs for GDERKNQSTAVLIFYWHMCP>
#	G	D	E	R	K	N	Q	S	T	A	V	L	I	F	Y	W	H	M	C	P
0	0.09401	0.16294	0.42478	0.05506	0.01989	0.01399	0.01485	0.06154	0.01204	0.06545	0.00990	0.01129	0.00729	0.00527	0.00491	0.00161	0.02094	0.00387	0.00284	0.00755
1	0.08718	0.02961	0.05151	0.07817	0.24766	0.21751	0.02788	0.01744	0.01285	0.07211	0.04714	0.05320	0.01161	0.00622	0.00516	0.00161	0.00674	0.01609	0.00329	0.00702
2	0.62574	0.02499	0.00996	0.06513	0.01315	0.05003	0.00717	0.02804	0.01032	0.08654	0.00889	0.01013	0.00670	0.00533	0.00419	0.00167	0.02894	0.00336	0.00349	0.00620
3	0.03755	0.18737	0.01885	0.01388	0.04844	0.50590	0.04699	0.05372	0.01439	0.01462	0.00852	0.00997	0.00711	0.00528	0.00463	0.00138	0.00839	0.00358	0.00279	0.00663
4	0.01085	0.00650	0.02200	0.00727	0.00854	0.00583	0.00508	0.01174	0.01001	0.15786	0.01973	0.18838	0.02058	0.41182	0.04557	0.00375	0.00498	0.00850	0.00421	0.04680
5	0.01846	0.02936	0.06842	0.01227	0.01658	0.01314	0.07461	0.34820	0.05531	0.20521	0.03888	0.01537	0.01150	0.00639	0.00567	0.00164	0.02461	0.00517	0.02001	0.02918
6	0.04211	0.03469	0.41951	0.10157	0.02430	0.01250	0.19508	0.01659	0.03547	0.01690	0.01103	0.04620	0.00864	0.00554	0.00542	0.00175	0.00762	0.00511	0.00264	0.00732
7	0.02408	0.00914	0.01246	0.00955	0.01370	0.00789	0.00789	0.02616	0.01536	0.78158	0.02118	0.01827	0.01329	0.00664	0.00540	0.00166	0.00457	0.00540	0.00664	0.00914
8	0.01146	0.05559	0.54347	0.01408	0.02018	0.01236	0.03419	0.01635	0.01116	0.05741	0.02876	0.01314	0.00877	0.00837	0.06618	0.00227	0.08176	0.00440	0.00266	0.00744
9	0.06868	0.04995	0.06706	0.07764	0.03292	0.00988	0.06050	0.07438	0.02674	0.22971	0.07701	0.11320	0.05872	0.02229	0.00589	0.00179	0.00508	0.00685	0.00466	0.00706
10	0.00718	0.00528	0.00693	0.00782	0.00819	0.00528	0.00534	0.02470	0.01038	0.01393	0.02740	0.70772	0.03262	0.06059	0.00849	0.00234	0.04249	0.01409	0.00477	0.00448
11	0.00686	0.00489	0.00652	0.00743	0.00779	0.00480	0.00500	0.00781	0.00973	0.01311	0.02582	0.59826	0.03035	0.12167	0.11979	0.00347	0.00497	0.01297	0.00446	0.00428
12	0.01741	0.01433	0.01437	0.01186	0.01551	0.07165	0.00950	0.39828	0.33716	0.02753	0.01632	0.01566	0.01202	0.00673	0.00537	0.00168	0.00548	0.00525	0.00522	0.00865
13	0.01189	0.01757	0.23572	0.08557	0.02680	0.01327	0.45662	0.01664	0.01192	0.01664	0.01023	0.01347	0.00764	0.00499	0.00647	0.00180	0.04749	0.00547	0.00255	0.00726
14	0.06725	0.00924	0.01203	0.00936	0.01328	0.00834	0.00770	0.05998	0.01549	0.65249	0.07172	0.01899	0.01525	0.00684	0.00535	0.00166	0.00447	0.00553	0.00635	0.00868
15	0.00644	0.00536	0.00557	0.00567	0.00728	0.00455	0.00416	0.00775	0.01201	0.01450	0.07072	0.11841	0.66823	0.03661	0.00699	0.00194	0.00282	0.01154	0.00496	0.00449
16	0.15536	0.22697	0.31409	0.01202	0.01756	0.06774	0.03999	0.01760	0.01149	0.07819	0.00958	0.01074	0.00723	0.00508	0.00442	0.00153	0.00661	0.00367	0.00285	0.00726
17	0.00723	0.00499	0.00652	0.00750	0.00812	0.00463	0.00522	0.00833	0.01070	0.03720	0.03111	0.65042	0.09733	0.03176	0.00721	0.00221	0.00330	0.06668	0.00500	0.00454
18	0.01465	0.04122	0.09079	0.07610	0.33822	0.23717	0.07692	0.01766	0.01290	0.01573	0.01027	0.01278	0.02137	0.00520	0.00521	0.00157	0.00767	0.00451	0.00267	0.00739
19	0.01365	0.00946	0.01139	0.00826	0.01291	0.00730	0.00666	0.01597	0.01195	0.16580	0.01180	0.01252	0.00899	0.00449	0.00425	0.00096	0.00409	0.00361	0.00385	0.68209
20	0.03129	0.00879	0.01038	0.03772	0.01181	0.00906	0.02918	0.20418	0.01384	0.01947	0.01813	0.03547	0.08742	0.20478	0.08056	0.00303	0.00569	0.00627	0.09143	0.09150
21	0.80480	0.01031	0.00814	0.00719	0.01056	0.01182	0.00593	0.01634	0.00947	0.06491	0.00821	0.00923	0.00622	0.00507	0.00343	0.00166	0.00417	0.00304	0.00350	0.00599
22	0.84927	0.01038	0.00789	0.00706	0.01038	0.01204	0.00581	0.01578	0.00914	0.02408	0.00747	0.00872	0.00581	0.00498	0.00332	0.00166	0.00415	0.00291	0.00332	0.00581
23	0.00705	0.00537	0.00711	0.06584	0.01010	0.00516	0.00581	0.00857	0.01145	0.01508	0.13646	0.47010	0.15796	0.01449	0.00662	0.00204	0.00338	0.05786	0.00492	0.00464
24	0.01180	0.01191	0.01737	0.01461	0.01495	0.01627	0.05733	0.01318	0.00849	0.01318	0.00728	0.01191	0.00711	0.00910	0.01693	0.00232	0.75315	0.00480	0.00237	0.00596
25	0.00773	0.00607	0.00767	0.05859	0.02890	0.00597	0.00583	0.03651	0.01162	0.01513	0.10640	0.22639	0.27192	0.09238	0.09153	0.00292	0.00477	0.01038	0.00447	0.00481
26	0.00852	0.00621	0.00719	0.00720	0.00890	0.00577	0.00554	0.03323	0.05170	0.05661	0.10510	0.17496	0.38492	0.01317	0.00645	0.00194	0.00334	0.10888	0.00518	0.00519
27	0.00753	0.00550	0.00779	0.00798	0.00867	0.00610	0.00586	0.00897	0.00873	0.01229	0.01705	0.13900	0.01772	0.17045	0.54293	0.00709	0.01113	0.00750	0.00325	0.00446
28	0.07374	0.01183	0.01824	0.12413	0.46393	0.01228	0.01382	0.05783	0.04954	0.10538	0.01182	0.01396	0.00910	0.00529	0.00520	0.00164	0.00598	0.00478	0.00340	0.00809
29	0.06602	0.24579	0.01841	0.01224	0.06440	0.12513	0.00967	0.20088	0.01498	0.03802	0.02060	0.02873	0.00919	0.00613	0.00567	0.00151	0.07707	0.00425	0.04412	0.00719
30	0.01014	0.00954	0.01610	0.79845	0.03697	0.01193	0.01491	0.01371	0.01073	0.01371	0.00954	0.01431	0.00716	0.00537	0.00537	0.00179	0.00716	0.00477	0.00239	0.00596
31	0.01988	0.01367	0.01486	0.01149	0.01552	0.01489	0.00946	0.63171	0.02319	0.10051	0.01402	0.01396	0.00989	0.00645	0.00524	0.00159	0.00550	0.00490	0.07447	0.00879
32	0.06057	0.00866	0.01158	0.04648	0.10194	0.00830	0.00809	0.05991	0.01417	0.30908	0.14649	0.06633	0.09160	0.03482	0.00632	0.00182	0.00438	0.00702	0.00526	0.00718
33	0.01908	0.00815	0.01092	0.00882	0.01209	0.00722	0.00710	0.02161	0.03667	0.54451	0.21085	0.04892	0.02347	0.00807	0.00568	0.00169	0.00400	0.00681	0.00637	0.00794
34	0.01038	0.01136	0.08754	0.60006	0.11828	0.01170	0.01506	0.01403	0.01094	0.01445	0.01060	0.05288	0.00867	0.00584	0.00541	0.00178	0.00694	0.00521	0.00253	0.00636
35	0.00666	0.00480	0.00637	0.00740	0.00786	0.00451	0.00503	0.00778	0.01068	0.01432	0.09069	0.69314	0.05833	0.01711	0.03574	0.00237	0.00347	0.01434	0.00498	0.00444
36	0.17649	0.01144	0.07673	0.01021	0.02816	0.00985	0.00882	0.06756	0.03977	0.49101	0.01696	0.01555	0.01111	0.00618	0.00498	0.00167	0.00488	0.00479	0.00546	0.00838
37	0.00841	0.00649	0.00895	0.00979	0.03866	0.00626	0.03112	0.03283	0.01238	0.01606	0.05226	0.20560	0.17315	0.01394	0.00689	0.00218	0.00429	0.36083	0.00484	0.00508
38	0.67756	0.04978	0.00908	0.00748	0.01050	0.03645	0.00611	0.01518	0.00963	0.02214	0.02393	0.06566	0.00901	0.00602	0.00393	0.00167	0.01758	0.00399	0.01856	0.00575
39	0.01727	0.38079	0.02124	0.01234	0.03948	0.41875	0.01003	0.01886	0.01318	0.01305	0.00798	0.00931	0.00695	0.00508	0.00423	0.00128	0.00780	0.00323	0.00255	0.00660
40	0.00983	0.02215	0.00885	0.00826	0.00959	0.04537	0.00622	0.01171	0.03305	0.07963	0.08014	0.15645	0.10369	0.11213	0.23820	0.00423	0.03546	0.02573	0.00414	0.00517
41	0.01781	0.03273	0.11314	0.01221	0.01666	0.03413	0.05860	0.34729	0.03626	0.17527	0.04789	0.03324	0.03629	0.00678	0.00545	0.00166	0.00586	0.00551	0.00492	0.00829
42	0.64165	0.08123	0.06262	0.00793	0.01168	0.01241	0.00715	0.01653	0.00992	0.07511	0.00882	0.00983	0.00669	0.00510	0.00361	0.00161	0.00454	0.00320	0.02412	0.00626
43	0.08120	0.00941	0.01226	0.00947	0.01357	0.00846	0.00782	0.04938	0.01525	0.70465	0.01996	0.01743	0.01263	0.00652	0.00525	0.00166	0.00458	0.00521	0.00637	0.00890
44	0.00659	0.00472	0.00619	0.00734	0.00769	0.00440	0.00488	0.00750	0.01023	0.01358	0.02979	0.75158	0.05722	0.05104	0.00772	0.00230	0.00319	0.01482	0.00491	0.00432
45	0.01371	0.07068	0.51672	0.01455	0.02126	0.03704	0.08167	0.01866	0.01223	0.14650	0.01153	0.01257	0.00803	0.00529	0.00515	0.00166	0.00738	0.00434	0.00307	0.00796
46	0.01435	0.81458	0.02813	0.00918	0.01378	0.02124	0.00918	0.01607	0.01091	0.01263	0.00746	0.00861	0.00689	0.00459	0.00344	0.00115	0.00574	0.00287	0.00230	0.00689
47	0.02148	0.00892	0.01175	0.00918	0.01299	0.00789	0.00752	0.06046	0.01557	0.63714	0.06189	0.02209	0.08306	0.00747	0.00553	0.00167	0.00437	0.00612	0.00639	0.00852
48	0.01452	0.03960	0.12936	0.10268	0.24563	0.11123	0.08940	0.07171	0.02665	0.07456	0.01238	0.01432	0.03271	0.00554	0.00532	0.00163	0.00703	0.00488	0.00320	0.00765
49	0.01177	0.02131	0.49383	0.03982	0.02210	0.01172	0.12299	0.04094	0.01239	0.05874	0.03650	0.01745	0.01090	0.00618	0.00555	0.00178	0.00739	0.06811	0.00302	0.00753
50	0.02338	0.00947	0.01257	0.00972	0.01382	0.00849	0.00800	0.05217	0.05571	0.71487	0.02092	0.01817	0.01331	0.00667	0.00540	0.00167	0.00460	0.00541	0.00654	0.00910
51	0.01177	0.00800	0.03354	0.00871	0.01070	0.00746	0.00672	0.10064	0.08093	0.13852	0.02616	0.41258	0.07529	0.02440	0.00647	0.00198	0.00392	0.01067	0.02537	0.00617
52	0.01430	0.01334	0.12261	0.15463	0.12153	0.05308	0.01194	0.01993	0.16422	0.16969	0.03977	0.03650	0.04150	0.00665	0.00542	0.00172	0.00579	0.00562	0.00416	0.00762
53	0.00684	0.00578	0.03131	0.00684	0.00806	0.00481	0.00511	0.00826	0.01115	0.01456	0.05061	0.41155	0.31714	0.01524	0.03021	0.00216	0.00342	0.01244	0.04991	0.00460
54	0.02225	0.03081	0.01342	0.01019	0.01403	0.03733	0.00840	0.10936	0.01591	0.59254	0.01892	0.03554	0.01264	0.00691	0.00596	0.00168	0.04402	0.00540	0.00600	0.00870
55	0.01134	0.00968	0.01139	0.02959	0.01348	0.00753	0.00669	0.03241	0.01148	0.01780	0.00963	0.01126	0.00796	0.00408	0.00405	0.00084	0.00411	0.00327	0.00321	0.80021

[dist]
# distance from previous block
# <min> <max>
0	1

[block]
# block no. 5 follows, 45 sequences, length 38
# corresponding to MSA columns:
# 454-467,469-492
name=unknown_F
#
# <colnr> <probs for GDERKNQSTAVLIFYWHMCP>
#	G	D	E	R	K	N	Q	S	T	A	V	L	I	F	Y	W	H	M	C	P
0	0.03096	0.20115	0.02004	0.10527	0.17145	0.14920	0.06918	0.05079	0.01254	0.01556	0.01066	0.04114	0.00953	0.00727	0.03595	0.00184	0.02687	0.03087	0.00287	0.00684
1	0.00814	0.00535	0.00742	0.00742	0.00794	0.00582	0.00526	0.00869	0.00817	0.01157	0.01410	0.02370	0.01416	0.23526	0.39948	0.18223	0.00949	0.00603	0.03586	0.00388
2	0.01429	0.01012	0.01186	0.00921	0.01318	0.00932	0.00740	0.11323	0.10547	0.14044	0.01538	0.02788	0.03889	0.00709	0.03277	0.00154	0.02453	0.00471	0.00435	0.40835
3	0.13239	0.01884	0.34588	0.01588	0.04804	0.01247	0.20751	0.01762	0.08087	0.01878	0.04334	0.01386	0.00981	0.00537	0.00526	0.00173	0.00705	0.00489	0.00300	0.00740
4	0.08444	0.00954	0.01205	0.00930	0.01337	0.00864	0.00766	0.07241	0.01511	0.59677	0.01862	0.01670	0.01206	0.00629	0.00509	0.00158	0.00452	0.00499	0.02867	0.07216
5	0.00901	0.00737	0.01041	0.04107	0.01161	0.00873	0.02362	0.01208	0.07885	0.01436	0.07829	0.02197	0.01607	0.08789	0.42084	0.00571	0.11982	0.00609	0.02093	0.00529
6	0.00687	0.00539	0.00628	0.00671	0.00805	0.00480	0.00510	0.00842	0.01209	0.01522	0.11055	0.21846	0.42801	0.01426	0.00663	0.00199	0.00314	0.12836	0.00506	0.00461
7	0.01030	0.00708	0.00933	0.24457	0.01645	0.00787	0.00772	0.06717	0.01196	0.01811	0.01673	0.11021	0.02575	0.02478	0.00527	0.00164	0.00429	0.00627	0.39903	0.00548
8	0.01229	0.01486	0.09026	0.10885	0.09319	0.01323	0.55207	0.01673	0.01231	0.01682	0.01055	0.01410	0.00796	0.00469	0.00604	0.00178	0.00852	0.00584	0.00264	0.00726
9	0.59949	0.00967	0.00878	0.00755	0.01086	0.01053	0.00618	0.01743	0.01099	0.18238	0.08064	0.01359	0.01148	0.00588	0.00403	0.00166	0.00409	0.00405	0.00425	0.00644
10	0.01372	0.67606	0.16112	0.01026	0.01544	0.01970	0.01106	0.01624	0.01098	0.01340	0.00784	0.00909	0.00687	0.00468	0.00374	0.00125	0.00613	0.00306	0.00229	0.00707
11	0.01943	0.00826	0.01104	0.00881	0.01218	0.00729	0.00714	0.03818	0.01547	0.55509	0.21095	0.02445	0.04145	0.00790	0.00565	0.00167	0.00404	0.00661	0.00639	0.00800
12	0.00723	0.00508	0.00655	0.00709	0.00741	0.00513	0.00467	0.00801	0.00903	0.01223	0.02188	0.36539	0.02523	0.31978	0.16608	0.00456	0.00608	0.01062	0.00393	0.00403
13	0.00861	0.00638	0.00789	0.00829	0.00936	0.00650	0.00616	0.03805	0.10780	0.01657	0.11760	0.34027	0.03112	0.11024	0.00915	0.00248	0.00391	0.15954	0.00495	0.00513
14	0.05244	0.01081	0.05365	0.08553	0.11382	0.00949	0.04510	0.02223	0.01396	0.49741	0.02962	0.01673	0.01188	0.00612	0.00535	0.00167	0.00536	0.00521	0.00520	0.00842
15	0.00906	0.00719	0.02184	0.05825	0.07225	0.00698	0.02471	0.01169	0.03865	0.03554	0.02638	0.26987	0.06360	0.01315	0.00673	0.00217	0.00464	0.31728	0.00460	0.00542
16	0.35787	0.14341	0.16709	0.01001	0.01453	0.07621	0.00986	0.02955	0.01144	0.12172	0.00989	0.01065	0.00733	0.00523	0.00413	0.00156	0.00569	0.00352	0.00338	0.00694
17	0.01320	0.16324	0.14337	0.01745	0.06474	0.04237	0.30576	0.01673	0.01179	0.04574	0.01076	0.01326	0.02334	0.00551	0.00677	0.00170	0.09936	0.00501	0.00273	0.00718
18	0.00760	0.00543	0.00715	0.00716	0.00786	0.00568	0.00506	0.00873	0.00941	0.01293	0.10328	0.06714	0.08471	0.27372	0.33101	0.03934	0.00829	0.00771	0.00359	0.00420
19	0.04628	0.37647	0.09672	0.09504	0.01815	0.03350	0.08799	0.03135	0.01168	0.04261	0.04494	0.01250	0.00952	0.00543	0.00505	0.00148	0.04309	0.00415	0.02725	0.00681
20	0.10192	0.01981	0.04761	0.03776	0.01410	0.04550	0.00836	0.08527	0.01449	0.41143	0.03413	0.12531	0.01513	0.00776	0.00535	0.00172	0.00490	0.00634	0.00537	0.00773
21	0.02408	0.00914	0.01246	0.00955	0.01370	0.00789	0.00789	0.02616	0.01536	0.78158	0.02118	0.01827	0.01329	0.00664	0.00540	0.00166	0.00457	0.00540	0.00664	0.00914
22	0.03267	0.02022	0.46865	0.04867	0.08289	0.01136	0.02585	0.01654	0.01163	0.08132	0.01295	0.04507	0.01073	0.00666	0.00583	0.00180	0.03445	0.07219	0.00305	0.00746
23	0.01458	0.12484	0.16081	0.03012	0.27633	0.08084	0.04505	0.01774	0.01226	0.10773	0.01135	0.01314	0.02027	0.00553	0.00582	0.00161	0.05669	0.00449	0.00304	0.00774
24	0.01936	0.01175	0.01340	0.01060	0.01433	0.01239	0.00866	0.38946	0.08320	0.24299	0.01648	0.01602	0.01153	0.00799	0.03863	0.00191	0.00544	0.00515	0.08218	0.00851
25	0.00759	0.00552	0.00798	0.00819	0.00902	0.00619	0.00618	0.00932	0.00901	0.01297	0.01717	0.15497	0.01735	0.05559	0.59977	0.00710	0.01166	0.00739	0.04234	0.00469
26	0.01535	0.01026	0.01232	0.07674	0.01499	0.01095	0.00858	0.33700	0.01741	0.12643	0.01862	0.22727	0.01736	0.02797	0.03717	0.00215	0.00539	0.02179	0.00504	0.00721
27	0.01328	0.06052	0.01414	0.07191	0.13959	0.01119	0.01006	0.01973	0.25004	0.11792	0.02004	0.05840	0.03782	0.00834	0.00595	0.00185	0.02146	0.12586	0.00455	0.00737
28	0.02171	0.00923	0.01183	0.00923	0.01300	0.00848	0.00758	0.10709	0.01591	0.59132	0.01973	0.01791	0.01288	0.00657	0.00517	0.00160	0.00443	0.00528	0.12251	0.00856
29	0.00835	0.00549	0.00766	0.08009	0.01096	0.00535	0.00614	0.00962	0.01075	0.07856	0.02704	0.66848	0.03103	0.01491	0.00659	0.00210	0.00361	0.01347	0.00489	0.00491
30	0.04792	0.15481	0.30305	0.01454	0.04623	0.04623	0.12674	0.01739	0.07545	0.01690	0.02212	0.02292	0.00936	0.00562	0.00535	0.00163	0.03107	0.01271	0.03268	0.00727
31	0.00727	0.00571	0.00715	0.07937	0.01064	0.00551	0.00591	0.00914	0.03001	0.01464	0.03609	0.34814	0.30174	0.01381	0.00643	0.00199	0.00350	0.07363	0.03457	0.00474
32	0.01413	0.68521	0.05826	0.01003	0.01428	0.04279	0.00990	0.01598	0.01080	0.01285	0.00754	0.00904	0.00690	0.00508	0.00485	0.00129	0.07883	0.00310	0.00231	0.00682
33	0.01188	0.01000	0.01175	0.03944	0.01401	0.00815	0.00702	0.07657	0.01231	0.01872	0.00982	0.01140	0.00802	0.00424	0.00415	0.00090	0.00426	0.00338	0.00333	0.74064
34	0.01771	0.01430	0.05106	0.08411	0.01814	0.01511	0.01067	0.55582	0.08670	0.02920	0.01405	0.05365	0.01080	0.00688	0.00544	0.00168	0.00583	0.00542	0.00494	0.00849
35	0.00658	0.00511	0.00579	0.00628	0.00731	0.00454	0.00435	0.00762	0.01100	0.01375	0.04067	0.34735	0.40470	0.09910	0.00876	0.00232	0.00314	0.01250	0.00480	0.00433
36	0.08677	0.00914	0.01427	0.63602	0.03120	0.01116	0.01292	0.01357	0.01098	0.01551	0.07424	0.01614	0.01090	0.00583	0.00521	0.00175	0.00635	0.00502	0.02717	0.00585
37	0.01081	0.01045	0.01793	0.59440	0.09674	0.01246	0.08277	0.01459	0.02975	0.01452	0.00986	0.01422	0.00758	0.00554	0.00621	0.00181	0.05653	0.00494	0.00251	0.00635

[dist]
# distance from previous block
# <min> <max>
0	2

[block]
# block no. 6 follows, 45 sequences, length 11
# corresponding to MSA columns:
# 495-505
name=unknown_G
#
# <colnr> <probs for GDERKNQSTAVLIFYWHMCP>
#	G	D	E	R	K	N	Q	S	T	A	V	L	I	F	Y	W	H	M	C	P
0	0.07086	0.01456	0.07136	0.01285	0.06493	0.01418	0.01042	0.48160	0.02007	0.05515	0.01196	0.01248	0.00869	0.00581	0.00502	0.00151	0.00566	0.00444	0.00458	0.12388
1	0.00771	0.00523	0.00616	0.00621	0.00638	0.00526	0.00372	0.00807	0.00848	0.01146	0.06611	0.07904	0.02199	0.65762	0.08068	0.00505	0.00558	0.00821	0.00350	0.00355
2	0.01269	0.01267	0.02315	0.14154	0.50516	0.01282	0.17990	0.01623	0.01211	0.01691	0.01018	0.01370	0.00823	0.00481	0.00555	0.00167	0.00708	0.00512	0.00263	0.00786
3	0.01599	0.03408	0.03165	0.14533	0.01674	0.00915	0.00901	0.07484	0.03043	0.32122	0.19272	0.02382	0.02111	0.00771	0.00564	0.00171	0.00478	0.04143	0.00529	0.00733
4	0.01131	0.01050	0.05943	0.37471	0.14381	0.01044	0.04543	0.01461	0.01137	0.05244	0.01223	0.05584	0.00999	0.00589	0.00518	0.00164	0.00607	0.00529	0.10178	0.06203
5	0.00839	0.00746	0.05228	0.05988	0.01093	0.00650	0.00651	0.05727	0.01281	0.01719	0.24666	0.17247	0.16882	0.12414	0.00920	0.00231	0.00392	0.02347	0.00471	0.00507
6	0.04132	0.01103	0.06041	0.06468	0.10986	0.01018	0.12485	0.01807	0.03934	0.23323	0.05827	0.07947	0.01448	0.00710	0.00634	0.00176	0.05829	0.00624	0.04775	0.00733
7	0.01139	0.07235	0.12933	0.09679	0.17257	0.06525	0.08110	0.01416	0.01115	0.01472	0.01437	0.07048	0.05519	0.11988	0.00906	0.00220	0.04463	0.00607	0.00292	0.00640
8	0.05177	0.00683	0.00941	0.00998	0.05375	0.00700	0.04229	0.01050	0.04476	0.01575	0.10630	0.44210	0.07220	0.03974	0.00780	0.00212	0.05659	0.01140	0.00454	0.00515
9	0.01151	0.04084	0.16491	0.10856	0.04191	0.02680	0.24471	0.01485	0.01141	0.04900	0.01357	0.14296	0.01243	0.00784	0.00712	0.05019	0.03508	0.00674	0.00308	0.00651
10	0.03249	0.01749	0.33925	0.12277	0.08999	0.01155	0.03000	0.05500	0.06230	0.04320	0.01438	0.01815	0.04366	0.00792	0.04049	0.00207	0.00702	0.05178	0.00319	0.00731

[dist]
# distance from previous block
# <min> <max>
2	63

# created by:
# /st0/software/busco_prod/Augustus/scripts/msa2prfl.pl ./align_prep/168563.fa
