[name]
unknown

[dist]
# distance from previous block
# <min> <max>
0	189

[block]
# block no. 0 follows, 52 sequences, length 65
# corresponding to MSA columns:
# 199-263
name=unknown_A
#
# <colnr> <probs for GDERKNQSTAVLIFYWHMCP>
#	G	D	E	R	K	N	Q	S	T	A	V	L	I	F	Y	W	H	M	C	P
0	0.00697	0.00515	0.00728	0.00723	0.00808	0.00567	0.00545	0.00883	0.02316	0.01286	0.16402	0.05889	0.01997	0.10084	0.53608	0.00594	0.00958	0.00642	0.00328	0.00429
1	0.00670	0.00486	0.00622	0.00603	0.00705	0.00449	0.00441	0.00863	0.01269	0.01770	0.62349	0.11506	0.09143	0.06135	0.00694	0.00177	0.00250	0.00925	0.00505	0.00438
2	0.00649	0.00481	0.00606	0.00606	0.00712	0.00438	0.00445	0.00832	0.01236	0.01690	0.50822	0.19349	0.17019	0.01139	0.00582	0.00164	0.00245	0.02046	0.00502	0.00436
3	0.00802	0.00538	0.00691	0.00645	0.00780	0.00504	0.00486	0.01068	0.04967	0.07209	0.63523	0.08439	0.06495	0.00989	0.00565	0.00156	0.00252	0.00871	0.00528	0.00491
4	0.01060	0.01060	0.01484	0.01272	0.01272	0.01484	0.01060	0.01166	0.00742	0.01166	0.00636	0.01060	0.00636	0.00848	0.01590	0.00212	0.82082	0.00424	0.00212	0.00530
5	0.01812	0.02265	0.01377	0.01242	0.01498	0.77307	0.00936	0.05505	0.01416	0.01273	0.00768	0.00887	0.00634	0.00503	0.00439	0.00126	0.00858	0.00318	0.00261	0.00574
6	0.00635	0.00493	0.00577	0.00556	0.00693	0.00436	0.00417	0.00816	0.01251	0.01657	0.45917	0.04091	0.38525	0.01098	0.00572	0.00157	0.00236	0.00942	0.00496	0.00436
7	0.02119	0.00913	0.01180	0.00904	0.01281	0.00844	0.00747	0.15022	0.01536	0.67412	0.01787	0.01568	0.01137	0.00597	0.00487	0.00149	0.00433	0.00479	0.00581	0.00825
8	0.01199	0.01151	0.01967	0.02974	0.79946	0.01151	0.01487	0.01487	0.01103	0.01583	0.00912	0.01199	0.00768	0.00432	0.00480	0.00144	0.00576	0.00432	0.00240	0.00768
9	0.00971	0.00918	0.01555	0.66269	0.18435	0.01091	0.01374	0.01287	0.00995	0.01306	0.00871	0.01274	0.00670	0.00474	0.00484	0.00158	0.00632	0.00431	0.00220	0.00584
10	0.01060	0.01060	0.01484	0.01272	0.01272	0.01484	0.01060	0.01166	0.00742	0.01166	0.00636	0.01060	0.00636	0.00848	0.01590	0.00212	0.82082	0.00424	0.00212	0.00530
11	0.01810	0.02310	0.01373	0.01248	0.01498	0.81024	0.00936	0.01935	0.01373	0.01186	0.00749	0.00874	0.00624	0.00499	0.00437	0.00125	0.00874	0.00312	0.00250	0.00562
12	0.00656	0.00488	0.00611	0.00594	0.00709	0.00442	0.00440	0.00851	0.01281	0.01760	0.58617	0.11131	0.18464	0.01084	0.00576	0.00159	0.00237	0.00950	0.00510	0.00442
13	0.86392	0.00937	0.00712	0.00637	0.00937	0.01087	0.00525	0.01425	0.00825	0.02174	0.00675	0.00787	0.00525	0.00450	0.00300	0.00150	0.00375	0.00262	0.00300	0.00525
14	0.01176	0.01008	0.01074	0.00980	0.01243	0.01161	0.00768	0.02468	0.73771	0.01988	0.02013	0.02057	0.01568	0.00704	0.00505	0.00168	0.00388	0.05724	0.00490	0.00745
15	0.00617	0.00455	0.00584	0.00677	0.00741	0.00422	0.00487	0.00729	0.00987	0.01282	0.03040	0.57298	0.16305	0.01440	0.00619	0.00195	0.00301	0.12968	0.00449	0.00404
16	0.01943	0.00849	0.01110	0.00878	0.01220	0.00780	0.00725	0.11285	0.01474	0.60582	0.06910	0.01978	0.01481	0.00673	0.00505	0.00155	0.00417	0.05687	0.00571	0.00775
17	0.00915	0.00861	0.01453	0.81804	0.03338	0.01077	0.01346	0.01238	0.00969	0.01238	0.00861	0.01292	0.00646	0.00484	0.00484	0.00161	0.00646	0.00431	0.00215	0.00538
18	0.01725	0.01244	0.01329	0.01032	0.01385	0.01371	0.00848	0.68661	0.02120	0.02898	0.01216	0.01244	0.00876	0.00580	0.00466	0.00141	0.00495	0.00438	0.11153	0.00777
19	0.02016	0.00778	0.01041	0.00811	0.01153	0.00680	0.00666	0.02208	0.01341	0.70505	0.01871	0.01669	0.01205	0.00595	0.00469	0.00145	0.00389	0.00483	0.11197	0.00778
20	0.01240	0.01044	0.01104	0.00986	0.01265	0.01202	0.00769	0.04265	0.75724	0.03691	0.01953	0.01790	0.01459	0.00655	0.00493	0.00164	0.00387	0.00544	0.00495	0.00770
21	0.02174	0.00825	0.01125	0.00862	0.01237	0.00712	0.00712	0.02362	0.01387	0.80282	0.01912	0.01649	0.01200	0.00600	0.00487	0.00150	0.00412	0.00487	0.00600	0.00825
22	0.00702	0.00469	0.00529	0.00532	0.00532	0.00468	0.00297	0.00704	0.00710	0.00946	0.01552	0.04949	0.01794	0.81147	0.02425	0.00464	0.00466	0.00720	0.00297	0.00296
23	0.75250	0.06621	0.00878	0.00689	0.00994	0.06206	0.00572	0.01459	0.00870	0.02041	0.00679	0.00792	0.00538	0.00451	0.00309	0.00145	0.00416	0.00265	0.00290	0.00534
24	0.00686	0.00495	0.00648	0.00610	0.00724	0.00457	0.00457	0.00914	0.01372	0.01943	0.79691	0.03620	0.04572	0.00991	0.00572	0.00152	0.00229	0.00876	0.00533	0.00457
25	0.01602	0.01125	0.01360	0.06246	0.10504	0.01217	0.00935	0.31243	0.22148	0.16254	0.01462	0.01432	0.01046	0.00582	0.00487	0.00152	0.00484	0.00474	0.00463	0.00785
26	0.01130	0.02152	0.59465	0.01407	0.02040	0.01139	0.10811	0.06342	0.01135	0.06978	0.00968	0.01109	0.00682	0.00478	0.00497	0.00155	0.02141	0.00399	0.00254	0.00719
27	0.00651	0.00476	0.00609	0.00645	0.00732	0.00442	0.00474	0.00807	0.01132	0.01526	0.32007	0.30374	0.13772	0.04507	0.00674	0.00190	0.00283	0.09802	0.00475	0.00422
28	0.00666	0.00486	0.00537	0.00524	0.00663	0.00432	0.00393	0.00841	0.01179	0.01604	0.29322	0.03839	0.41566	0.01038	0.00533	0.00151	0.00237	0.00879	0.14678	0.00432
29	0.00609	0.00441	0.00572	0.00647	0.00700	0.00408	0.00443	0.00721	0.01018	0.01367	0.16982	0.61155	0.08929	0.02790	0.00638	0.00191	0.00272	0.01248	0.00463	0.00405
30	0.00668	0.00495	0.00623	0.00591	0.00713	0.00450	0.00443	0.00880	0.01330	0.01843	0.67886	0.03785	0.16440	0.01028	0.00572	0.00154	0.00231	0.00899	0.00520	0.00450
31	0.80528	0.00932	0.00763	0.06206	0.01102	0.01086	0.00581	0.01412	0.00835	0.02110	0.00688	0.00822	0.00533	0.00452	0.00313	0.00151	0.00393	0.00274	0.00294	0.00526
32	0.01184	0.00986	0.01536	0.54280	0.06365	0.01142	0.05586	0.15063	0.01244	0.06490	0.00989	0.01288	0.00723	0.00502	0.00489	0.00157	0.00618	0.00443	0.00290	0.00624
33	0.01052	0.01065	0.01497	0.63946	0.11084	0.10671	0.01311	0.01348	0.01031	0.01268	0.00853	0.01232	0.00656	0.00481	0.00478	0.00155	0.00666	0.00417	0.00222	0.00565
34	0.01755	0.51848	0.04139	0.06488	0.07134	0.01843	0.04718	0.06553	0.01384	0.06232	0.01275	0.01567	0.01107	0.00738	0.00569	0.00203	0.00688	0.00476	0.00406	0.00877
35	0.01162	0.00814	0.00905	0.00883	0.00946	0.00758	0.00558	0.01087	0.01069	0.01490	0.08445	0.03520	0.02278	0.61330	0.11672	0.00538	0.00696	0.00820	0.00459	0.00570
36	0.02198	0.02440	0.01659	0.01506	0.01794	0.69107	0.01104	0.08597	0.01703	0.01770	0.01233	0.01517	0.01065	0.00797	0.00632	0.00209	0.00965	0.00472	0.00421	0.00811
37	0.02287	0.01245	0.01448	0.01206	0.01576	0.01166	0.00928	0.14433	0.14606	0.48116	0.02166	0.02170	0.01573	0.00889	0.00671	0.00231	0.00573	0.00626	0.03076	0.01014
38	0.01165	0.00806	0.00865	0.00847	0.00890	0.00743	0.00507	0.01050	0.01005	0.01384	0.01923	0.03632	0.02107	0.77602	0.02518	0.00528	0.00618	0.00827	0.00442	0.00539
39	0.80974	0.01241	0.01036	0.00948	0.01271	0.01318	0.00722	0.01720	0.01116	0.02534	0.01129	0.01412	0.00955	0.00744	0.00500	0.00230	0.00529	0.00415	0.00448	0.00755
40	0.02166	0.01595	0.01664	0.01355	0.01739	0.03204	0.01056	0.67067	0.02374	0.03240	0.01602	0.01797	0.01256	0.00864	0.00662	0.00224	0.00664	0.00576	0.05890	0.01005
41	0.01511	0.01378	0.01879	0.01697	0.06540	0.01650	0.06491	0.01526	0.01089	0.01647	0.01134	0.01692	0.01074	0.01059	0.01564	0.00281	0.66058	0.00577	0.00370	0.00783
42	0.80974	0.01241	0.01036	0.00948	0.01271	0.01318	0.00722	0.01720	0.01116	0.02534	0.01129	0.01412	0.00955	0.00744	0.00500	0.00230	0.00529	0.00415	0.00448	0.00755
43	0.01852	0.01215	0.01356	0.01036	0.01424	0.01283	0.00855	0.57592	0.02010	0.18656	0.01295	0.01251	0.00893	0.00570	0.00477	0.00141	0.00497	0.00436	0.00495	0.06664
44	0.01440	0.15696	0.01406	0.00955	0.01284	0.01304	0.00790	0.15199	0.40696	0.11977	0.01654	0.01551	0.02718	0.00605	0.00460	0.00148	0.00434	0.00479	0.00454	0.00751
45	0.01820	0.01299	0.05792	0.01049	0.01427	0.07050	0.00894	0.41426	0.01793	0.24782	0.01350	0.03270	0.00957	0.00596	0.00500	0.00146	0.01950	0.00456	0.00474	0.02967
46	0.01084	0.01036	0.01424	0.01221	0.01255	0.01413	0.01013	0.06436	0.00851	0.01292	0.00727	0.01137	0.00696	0.01059	0.08050	0.00254	0.69843	0.00433	0.00235	0.00542
47	0.00634	0.00458	0.00592	0.00631	0.00706	0.00422	0.00446	0.00784	0.01129	0.01548	0.35340	0.42510	0.09331	0.01261	0.00592	0.00175	0.00256	0.01128	0.01635	0.00422
48	0.01146	0.15844	0.01557	0.41683	0.02284	0.02289	0.02949	0.01391	0.01023	0.11147	0.01087	0.06814	0.00900	0.00571	0.00509	0.00151	0.04254	0.00471	0.01834	0.02097
49	0.00718	0.00498	0.00559	0.00539	0.00578	0.00478	0.00317	0.00740	0.00748	0.01004	0.01673	0.03107	0.06104	0.72675	0.02215	0.00425	0.00450	0.00694	0.00302	0.06176
50	0.06312	0.00948	0.06712	0.64728	0.02893	0.01030	0.01253	0.01240	0.00988	0.01361	0.05764	0.02830	0.00925	0.00530	0.00479	0.00160	0.00601	0.00459	0.00244	0.00542
51	0.01023	0.00989	0.01417	0.01218	0.01236	0.01350	0.02967	0.01122	0.00748	0.01153	0.00703	0.01151	0.00691	0.01081	0.07035	0.05676	0.69283	0.00434	0.00216	0.00506
52	0.00801	0.00574	0.00686	0.00651	0.00690	0.00621	0.00429	0.06080	0.00829	0.01129	0.01440	0.04402	0.01585	0.60102	0.12445	0.00466	0.05746	0.00659	0.00300	0.00365
53	0.01236	0.04930	0.06771	0.01114	0.01307	0.01223	0.02845	0.08245	0.02202	0.10697	0.02096	0.02601	0.00858	0.00803	0.02173	0.05035	0.39242	0.00441	0.00300	0.05880
54	0.01691	0.01241	0.01383	0.01175	0.05871	0.01365	0.00906	0.52449	0.18695	0.08048	0.01375	0.01338	0.00988	0.00591	0.00486	0.00150	0.00495	0.00464	0.00481	0.00809
55	0.00619	0.00466	0.00633	0.06239	0.00889	0.00458	0.00516	0.00722	0.00939	0.01241	0.02657	0.70859	0.07837	0.01418	0.00622	0.00193	0.01580	0.01275	0.00430	0.00407
56	0.01351	0.01153	0.10757	0.12066	0.01668	0.02443	0.04835	0.16284	0.04775	0.17033	0.01528	0.08278	0.05064	0.00650	0.00520	0.00152	0.02650	0.00541	0.00392	0.07859
57	0.01199	0.36446	0.16861	0.01070	0.05051	0.02253	0.04648	0.01472	0.03333	0.08234	0.01122	0.08458	0.01018	0.06211	0.00557	0.00157	0.00539	0.00461	0.00281	0.00627
58	0.01901	0.00762	0.01011	0.00807	0.01127	0.00674	0.00655	0.02116	0.03308	0.64214	0.01929	0.07229	0.01349	0.00660	0.00480	0.00149	0.00382	0.00546	0.09948	0.00753
59	0.01004	0.00822	0.01274	0.50670	0.06483	0.02156	0.02035	0.01288	0.01036	0.05864	0.06643	0.01536	0.01052	0.00547	0.00504	0.00153	0.03090	0.00469	0.12825	0.00549
60	0.01138	0.04494	0.06779	0.02937	0.07783	0.06191	0.11810	0.04415	0.09408	0.08163	0.08900	0.18558	0.01712	0.00780	0.00576	0.00163	0.04519	0.00689	0.00374	0.00611
61	0.11880	0.00734	0.05823	0.06309	0.01044	0.00735	0.00652	0.00974	0.00790	0.01243	0.01195	0.01987	0.01177	0.25559	0.33546	0.00500	0.04633	0.00519	0.00266	0.00434
62	0.00597	0.00427	0.00568	0.00670	0.00704	0.00398	0.00450	0.00691	0.00958	0.01286	0.07955	0.77230	0.03299	0.01482	0.00615	0.00194	0.00278	0.01343	0.00456	0.00398
63	0.01152	0.01099	0.01863	0.07638	0.59545	0.01119	0.06648	0.01520	0.06399	0.01581	0.01088	0.01518	0.00931	0.00505	0.00499	0.00153	0.00576	0.05171	0.00269	0.00725
64	0.04192	0.23320	0.50827	0.01172	0.01767	0.01307	0.01410	0.02668	0.01049	0.06831	0.00887	0.00995	0.00656	0.00459	0.00418	0.00140	0.00629	0.00339	0.00240	0.00694

[dist]
# distance from previous block
# <min> <max>
3	5

[block]
# block no. 1 follows, 52 sequences, length 72
# corresponding to MSA columns:
# 269-289,292-342
name=unknown_B
#
# <colnr> <probs for GDERKNQSTAVLIFYWHMCP>
#	G	D	E	R	K	N	Q	S	T	A	V	L	I	F	Y	W	H	M	C	P
0	0.01262	0.63307	0.02380	0.08696	0.07052	0.01738	0.04690	0.03695	0.01037	0.01257	0.00737	0.00893	0.00646	0.00427	0.00357	0.00116	0.00549	0.00308	0.00220	0.00632
1	0.00583	0.00491	0.00506	0.00502	0.00661	0.00414	0.00377	0.00716	0.01130	0.01369	0.11972	0.04565	0.72649	0.01205	0.00573	0.00163	0.00244	0.01009	0.00458	0.00414
2	0.00835	0.00450	0.00485	0.00501	0.00600	0.00443	0.00366	0.01038	0.01029	0.01723	0.07822	0.15275	0.01824	0.00755	0.00403	0.00130	0.00235	0.00637	0.65006	0.00443
3	0.86392	0.00937	0.00712	0.00637	0.00937	0.01087	0.00525	0.01425	0.00825	0.02174	0.00675	0.00787	0.00525	0.00450	0.00300	0.00150	0.00375	0.00262	0.00300	0.00525
4	0.00686	0.00495	0.00648	0.00610	0.00724	0.00457	0.00457	0.00914	0.01372	0.01943	0.79691	0.03620	0.04572	0.00991	0.00572	0.00152	0.00229	0.00876	0.00533	0.00457
5	0.00972	0.02507	0.80458	0.01381	0.02097	0.01125	0.01790	0.01535	0.01023	0.01535	0.00870	0.01023	0.00614	0.00460	0.00460	0.00153	0.00716	0.00358	0.00205	0.00716
6	0.00573	0.00491	0.00491	0.00491	0.00655	0.00409	0.00368	0.00695	0.01105	0.01309	0.04909	0.04664	0.79750	0.01227	0.00573	0.00164	0.00245	0.01023	0.00450	0.00409
7	0.01187	0.00861	0.00973	0.00905	0.02874	0.00941	0.00690	0.02079	0.46711	0.10159	0.11556	0.02180	0.01853	0.00710	0.00493	0.00158	0.00356	0.04272	0.10358	0.00683
8	0.01182	0.42332	0.28682	0.01061	0.01542	0.05535	0.01163	0.01473	0.01002	0.01299	0.00750	0.00895	0.00625	0.00461	0.00456	0.00127	0.06098	0.00308	0.00213	0.04794
9	0.39488	0.20233	0.01350	0.00861	0.01185	0.17929	0.00723	0.09074	0.02459	0.01814	0.00760	0.00857	0.00613	0.00468	0.00352	0.00134	0.00527	0.00294	0.00290	0.00588
10	0.02167	0.00837	0.01132	0.00868	0.01243	0.00730	0.00717	0.04043	0.01407	0.78572	0.01895	0.01639	0.01191	0.00599	0.00487	0.00150	0.00415	0.00486	0.00597	0.00825
11	0.00863	0.00681	0.04707	0.00808	0.02358	0.00587	0.03087	0.04202	0.02679	0.07561	0.26494	0.28276	0.06800	0.04253	0.00646	0.00183	0.00344	0.04510	0.00461	0.00501
12	0.03997	0.02309	0.01100	0.00799	0.01202	0.00770	0.00653	0.07512	0.01233	0.29762	0.01250	0.01236	0.00890	0.00465	0.00412	0.00108	0.00394	0.00369	0.00413	0.45124
13	0.00663	0.00494	0.00616	0.00586	0.00710	0.00448	0.00439	0.00871	0.01318	0.01816	0.64677	0.03829	0.19666	0.01038	0.00572	0.00155	0.00232	0.00906	0.00517	0.00448
14	0.01434	0.01817	0.12417	0.01242	0.01541	0.36512	0.04533	0.01908	0.18519	0.02711	0.01052	0.01160	0.00829	0.00574	0.00615	0.00152	0.11655	0.00401	0.00298	0.00633
15	0.02923	0.05175	0.20621	0.01514	0.10053	0.01203	0.17069	0.09158	0.06689	0.10494	0.02271	0.01266	0.00862	0.00529	0.00587	0.00157	0.07956	0.00453	0.00316	0.00706
16	0.01028	0.01014	0.01458	0.05091	0.01362	0.01382	0.03395	0.01150	0.00765	0.01169	0.00720	0.01206	0.00711	0.04894	0.03882	0.00237	0.69353	0.00445	0.00219	0.00520
17	0.01005	0.00861	0.01005	0.00718	0.01148	0.00646	0.00574	0.01220	0.01005	0.01579	0.00861	0.01005	0.00718	0.00359	0.00359	0.00072	0.00359	0.00287	0.00287	0.85932
18	0.00705	0.00470	0.00529	0.00529	0.00529	0.00470	0.00294	0.00705	0.00705	0.00940	0.01527	0.03171	0.01762	0.82969	0.02467	0.00470	0.00470	0.00705	0.00294	0.00294
19	0.01246	0.01108	0.01607	0.18744	0.31629	0.04948	0.04556	0.03140	0.17711	0.07144	0.01192	0.01366	0.00914	0.00515	0.00506	0.00154	0.02035	0.00461	0.00319	0.00705
20	0.15776	0.01012	0.01613	0.33300	0.30944	0.01116	0.06666	0.01384	0.01006	0.01548	0.00856	0.01172	0.00676	0.00454	0.00457	0.00153	0.00586	0.00412	0.00241	0.00628
21	0.01757	0.01497	0.01396	0.01104	0.01469	0.16964	0.00891	0.56153	0.01982	0.02550	0.01054	0.01092	0.00775	0.00545	0.00464	0.00134	0.00583	0.00398	0.00420	0.08772
22	0.01205	0.01041	0.01096	0.00986	0.01260	0.01205	0.00767	0.02575	0.79071	0.02027	0.01972	0.01808	0.01479	0.00657	0.00493	0.00164	0.00384	0.00548	0.00493	0.00767
23	0.02174	0.00825	0.01125	0.00862	0.01237	0.00712	0.00712	0.02362	0.01387	0.80282	0.01912	0.01649	0.01200	0.00600	0.00487	0.00150	0.00412	0.00487	0.00600	0.00825
24	0.00705	0.00470	0.00529	0.00529	0.00529	0.00470	0.00294	0.00705	0.00705	0.00940	0.01527	0.03171	0.01762	0.82969	0.02467	0.00470	0.00470	0.00705	0.00294	0.00294
25	0.00605	0.00441	0.00573	0.00662	0.00714	0.00408	0.00458	0.00712	0.00989	0.01310	0.08932	0.64948	0.10898	0.01439	0.00613	0.00191	0.00282	0.04966	0.00456	0.00403
26	0.00726	0.00463	0.00610	0.00681	0.00736	0.00434	0.00467	0.00817	0.00951	0.06790	0.03676	0.63055	0.02903	0.10538	0.00818	0.00225	0.00319	0.04930	0.00444	0.00416
27	0.86392	0.00937	0.00712	0.00637	0.00937	0.01087	0.00525	0.01425	0.00825	0.02174	0.00675	0.00787	0.00525	0.00450	0.00300	0.00150	0.00375	0.00262	0.00300	0.00525
28	0.01810	0.02310	0.01373	0.01248	0.01498	0.81024	0.00936	0.01935	0.01373	0.01186	0.00749	0.00874	0.00624	0.00499	0.00437	0.00125	0.00874	0.00312	0.00250	0.00562
29	0.00972	0.02507	0.80458	0.01381	0.02097	0.01125	0.01790	0.01535	0.01023	0.01535	0.00870	0.01023	0.00614	0.00460	0.00460	0.00153	0.00716	0.00358	0.00205	0.00716
30	0.86392	0.00937	0.00712	0.00637	0.00937	0.01087	0.00525	0.01425	0.00825	0.02174	0.00675	0.00787	0.00525	0.00450	0.00300	0.00150	0.00375	0.00262	0.00300	0.00525
31	0.01268	0.06895	0.01478	0.01137	0.01446	0.01297	0.10568	0.11657	0.49040	0.01980	0.01600	0.01619	0.01225	0.00621	0.00546	0.00161	0.04480	0.01824	0.00426	0.00732
32	0.86392	0.00937	0.00712	0.00637	0.00937	0.01087	0.00525	0.01425	0.00825	0.02174	0.00675	0.00787	0.00525	0.00450	0.00300	0.00150	0.00375	0.00262	0.00300	0.00525
33	0.00599	0.00428	0.00572	0.00685	0.00717	0.00401	0.00465	0.00690	0.00936	0.01247	0.02666	0.79153	0.03186	0.01510	0.00621	0.00198	0.00289	0.04792	0.00450	0.00396
34	0.01737	0.01305	0.01395	0.01094	0.01463	0.01454	0.00896	0.65842	0.14938	0.02885	0.01297	0.01270	0.00932	0.00594	0.00486	0.00149	0.00509	0.00455	0.00486	0.00815
35	0.01609	0.09174	0.14292	0.01296	0.07135	0.01070	0.10805	0.04792	0.02557	0.30741	0.03825	0.01506	0.01101	0.00578	0.00509	0.00159	0.00561	0.00476	0.00423	0.07391
36	0.01162	0.01138	0.02018	0.11462	0.62338	0.01152	0.10638	0.01468	0.01094	0.01542	0.00914	0.01222	0.00750	0.00435	0.00491	0.00148	0.00612	0.00448	0.00238	0.00729
37	0.01014	0.02216	0.61644	0.01542	0.02203	0.01150	0.20313	0.01539	0.01052	0.01539	0.00897	0.01092	0.00643	0.00448	0.00487	0.00156	0.00741	0.00410	0.00214	0.00701
38	0.00857	0.00558	0.00707	0.00841	0.10141	0.00556	0.00554	0.01070	0.01022	0.01601	0.02013	0.03702	0.11386	0.01046	0.08816	0.00205	0.00405	0.08336	0.45703	0.00481
39	0.03146	0.03428	0.52794	0.05169	0.01934	0.01045	0.03931	0.01706	0.01103	0.19548	0.01103	0.01179	0.00752	0.00491	0.00465	0.00152	0.00635	0.00394	0.00299	0.00724
40	0.00642	0.00577	0.00546	0.00547	0.00703	0.04335	0.00408	0.00764	0.01106	0.01305	0.05634	0.07987	0.68255	0.02771	0.00606	0.00170	0.00286	0.02504	0.00438	0.00415
41	0.00903	0.00452	0.00452	0.00452	0.00565	0.00452	0.00339	0.01129	0.01016	0.01807	0.01581	0.01807	0.01242	0.00565	0.00339	0.00113	0.00226	0.00452	0.85659	0.00452
42	0.01296	0.83261	0.02539	0.00829	0.01244	0.01917	0.00829	0.01451	0.00985	0.01140	0.00674	0.00777	0.00622	0.00415	0.00311	0.00104	0.00518	0.00259	0.00207	0.00622
43	0.14901	0.00567	0.00605	0.00579	0.00653	0.00592	0.00373	0.00915	0.00763	0.05015	0.01390	0.02619	0.01494	0.60049	0.07272	0.00422	0.00507	0.00609	0.00307	0.00367
44	0.00705	0.00470	0.00529	0.00529	0.00529	0.00470	0.00294	0.00705	0.00705	0.00940	0.01527	0.03171	0.01762	0.82969	0.02467	0.00470	0.00470	0.00705	0.00294	0.00294
45	0.00691	0.00510	0.00647	0.00610	0.00733	0.00474	0.00458	0.00942	0.03488	0.01892	0.71227	0.03658	0.10845	0.01002	0.00569	0.00154	0.00234	0.00880	0.00525	0.00462
46	0.00692	0.00519	0.00779	0.00779	0.00865	0.00606	0.00606	0.00865	0.00779	0.01125	0.01298	0.01904	0.01211	0.03634	0.81049	0.00779	0.01298	0.00519	0.00260	0.00433
47	0.00573	0.00491	0.00491	0.00491	0.00655	0.00409	0.00368	0.00695	0.01105	0.01309	0.04909	0.04664	0.79750	0.01227	0.00573	0.00164	0.00245	0.01023	0.00450	0.00409
48	0.01057	0.00885	0.01083	0.10431	0.01429	0.00741	0.00686	0.05013	0.01070	0.03090	0.00896	0.01059	0.00723	0.00389	0.00382	0.00088	0.00403	0.00315	0.00294	0.69966
49	0.01141	0.01298	0.02809	0.02014	0.02486	0.01235	0.75329	0.01538	0.01129	0.01538	0.00968	0.01298	0.00732	0.00425	0.00610	0.00165	0.03827	0.00566	0.00244	0.00649
50	0.00768	0.00634	0.00874	0.00845	0.00927	0.03064	0.00664	0.00933	0.00808	0.01154	0.03364	0.01823	0.01220	0.03147	0.67270	0.00677	0.10606	0.00512	0.00261	0.00448
51	0.86392	0.00937	0.00712	0.00637	0.00937	0.01087	0.00525	0.01425	0.00825	0.02174	0.00675	0.00787	0.00525	0.00450	0.00300	0.00150	0.00375	0.00262	0.00300	0.00525
52	0.22801	0.01977	0.00802	0.01759	0.00940	0.00779	0.00534	0.07323	0.01135	0.11847	0.07901	0.01548	0.01241	0.01964	0.00419	0.00135	0.00340	0.00427	0.26399	0.09731
53	0.86392	0.00937	0.00712	0.00637	0.00937	0.01087	0.00525	0.01425	0.00825	0.02174	0.00675	0.00787	0.00525	0.00450	0.00300	0.00150	0.00375	0.00262	0.00300	0.00525
54	0.01205	0.01041	0.01096	0.00986	0.01260	0.01205	0.00767	0.02575	0.79071	0.02027	0.01972	0.01808	0.01479	0.00657	0.00493	0.00164	0.00384	0.00548	0.00493	0.00767
55	0.02174	0.00825	0.01125	0.00862	0.01237	0.00712	0.00712	0.02362	0.01387	0.80282	0.01912	0.01649	0.01200	0.00600	0.00487	0.00150	0.00412	0.00487	0.00600	0.00825
56	0.01842	0.01357	0.01454	0.01115	0.01503	0.01503	0.00921	0.78330	0.02278	0.03054	0.01163	0.01163	0.00824	0.00582	0.00485	0.00145	0.00533	0.00436	0.00485	0.00824
57	0.00590	0.00422	0.00562	0.00675	0.00703	0.00394	0.00450	0.00675	0.00928	0.01237	0.02671	0.82653	0.03205	0.01518	0.00619	0.00197	0.00281	0.01378	0.00450	0.00394
58	0.01810	0.02310	0.01373	0.01248	0.01498	0.81024	0.00936	0.01935	0.01373	0.01186	0.00749	0.00874	0.00624	0.00499	0.00437	0.00125	0.00874	0.00312	0.00250	0.00562
59	0.00686	0.00495	0.00648	0.00610	0.00724	0.00457	0.00457	0.00914	0.01372	0.01943	0.79691	0.03620	0.04572	0.00991	0.00572	0.00152	0.00229	0.00876	0.00533	0.00457
60	0.01396	0.01021	0.01118	0.00972	0.01268	0.01139	0.00766	0.06260	0.62529	0.14941	0.01923	0.01750	0.01401	0.00644	0.00492	0.00161	0.00396	0.00532	0.00510	0.00779
61	0.00680	0.00495	0.00640	0.00604	0.00721	0.00455	0.00453	0.00904	0.01358	0.01912	0.75959	0.03672	0.08324	0.01003	0.00572	0.00153	0.00229	0.00884	0.00529	0.00455
62	0.02174	0.00825	0.01125	0.00862	0.01237	0.00712	0.00712	0.02362	0.01387	0.80282	0.01912	0.01649	0.01200	0.00600	0.00487	0.00150	0.00412	0.00487	0.00600	0.00825
63	0.02151	0.00862	0.01148	0.00880	0.01256	0.00768	0.00727	0.07710	0.01450	0.74845	0.01859	0.01615	0.01173	0.00599	0.00487	0.00150	0.00421	0.00484	0.00592	0.00825
64	0.01866	0.01320	0.01431	0.01097	0.01484	0.01447	0.00906	0.72982	0.02216	0.08491	0.01216	0.01198	0.00851	0.00583	0.00485	0.00146	0.00525	0.00440	0.00493	0.00824
65	0.00574	0.00486	0.00496	0.00504	0.00658	0.00408	0.00374	0.00694	0.01092	0.01304	0.04752	0.10154	0.74361	0.01248	0.00576	0.00166	0.00248	0.01048	0.00450	0.00408
66	0.00683	0.00495	0.00644	0.00607	0.00722	0.00456	0.00455	0.00910	0.01366	0.01929	0.78003	0.03643	0.06269	0.00996	0.00572	0.00153	0.00229	0.00880	0.00532	0.00456
67	0.00615	0.00439	0.00588	0.00698	0.00736	0.00415	0.00487	0.00715	0.00946	0.01257	0.02637	0.71974	0.03129	0.02988	0.00658	0.00205	0.00304	0.10365	0.00447	0.00398
68	0.01060	0.01060	0.01484	0.01272	0.01272	0.01484	0.01060	0.01166	0.00742	0.01166	0.00636	0.01060	0.00636	0.00848	0.01590	0.00212	0.82082	0.00424	0.00212	0.00530
69	0.01110	0.01104	0.01757	0.01419	0.01531	0.01409	0.16941	0.01280	0.00844	0.03537	0.00744	0.01128	0.00673	0.00750	0.01349	0.00200	0.62973	0.00456	0.00230	0.00564
70	0.00704	0.00472	0.00538	0.00538	0.00542	0.00475	0.00306	0.00711	0.00708	0.00947	0.01518	0.03122	0.01740	0.79863	0.05543	0.00482	0.00502	0.00697	0.00292	0.00299
71	0.51338	0.00905	0.00893	0.00738	0.01069	0.00953	0.00609	0.03906	0.01083	0.32550	0.01169	0.01133	0.00795	0.00512	0.00378	0.00150	0.00394	0.00355	0.00422	0.00650

[dist]
# distance from previous block
# <min> <max>
0	2

[block]
# block no. 2 follows, 52 sequences, length 24
# corresponding to MSA columns:
# 345-368
name=unknown_C
#
# <colnr> <probs for GDERKNQSTAVLIFYWHMCP>
#	G	D	E	R	K	N	Q	S	T	A	V	L	I	F	Y	W	H	M	C	P
0	0.00711	0.00493	0.00641	0.00622	0.00733	0.00452	0.00460	0.00909	0.01286	0.04254	0.60803	0.16653	0.07995	0.01077	0.00577	0.00160	0.00244	0.00954	0.00518	0.00456
1	0.00842	0.00421	0.00631	0.00631	0.00631	0.00421	0.00421	0.00631	0.00631	0.00842	0.00842	0.01473	0.00842	0.01684	0.01894	0.85901	0.00421	0.00421	0.00210	0.00210
2	0.05010	0.00828	0.01111	0.00855	0.01227	0.00725	0.00706	0.02330	0.01368	0.77652	0.01870	0.01620	0.01177	0.00595	0.00481	0.00150	0.00411	0.00480	0.00590	0.00815
3	0.75408	0.01046	0.02887	0.00701	0.01013	0.05330	0.00590	0.01501	0.00887	0.06005	0.00746	0.00841	0.00566	0.00460	0.00321	0.00149	0.00412	0.00279	0.00310	0.00547
4	0.00705	0.00480	0.00575	0.00578	0.00594	0.00494	0.00356	0.00738	0.00727	0.00982	0.01518	0.03030	0.01701	0.68239	0.14906	0.00512	0.00601	0.02653	0.00292	0.00320
5	0.01388	0.02429	0.04270	0.05485	0.01517	0.01064	0.04941	0.29337	0.02899	0.06807	0.01058	0.01145	0.00790	0.00474	0.00436	0.00118	0.00482	0.00383	0.00371	0.34608
6	0.00972	0.02507	0.80458	0.01381	0.02097	0.01125	0.01790	0.01535	0.01023	0.01535	0.00870	0.01023	0.00614	0.00460	0.00460	0.00153	0.00716	0.00358	0.00205	0.00716
7	0.00928	0.00869	0.01437	0.78128	0.03243	0.01083	0.01319	0.01299	0.04522	0.01274	0.00912	0.01315	0.00684	0.00492	0.00485	0.00162	0.00634	0.00436	0.00228	0.00549
8	0.16326	0.02623	0.08974	0.00952	0.01293	0.01079	0.04656	0.16789	0.17963	0.07525	0.08149	0.01743	0.07370	0.00636	0.00465	0.00153	0.00444	0.00512	0.01680	0.00668
9	0.00915	0.00861	0.01453	0.81804	0.03338	0.01077	0.01346	0.01238	0.00969	0.01238	0.00861	0.01292	0.00646	0.00484	0.00484	0.00161	0.00646	0.00431	0.00215	0.00538
10	0.01103	0.38823	0.41059	0.01091	0.01639	0.01447	0.01286	0.01464	0.01024	0.01379	0.04983	0.01051	0.00829	0.00468	0.00399	0.00131	0.00601	0.00341	0.00223	0.00660
11	0.86392	0.00937	0.00712	0.00637	0.00937	0.01087	0.00525	0.01425	0.00825	0.02174	0.00675	0.00787	0.00525	0.00450	0.00300	0.00150	0.00375	0.00262	0.00300	0.00525
12	0.01584	0.01962	0.10162	0.01319	0.01664	0.45435	0.10814	0.14029	0.01421	0.01567	0.00885	0.01043	0.00699	0.00653	0.04490	0.00169	0.00816	0.00380	0.00282	0.00626
13	0.01199	0.01151	0.01967	0.02974	0.79946	0.01151	0.01487	0.01487	0.01103	0.01583	0.00912	0.01199	0.00768	0.00432	0.00480	0.00144	0.00576	0.00432	0.00240	0.00768
14	0.00703	0.00476	0.00558	0.00558	0.00568	0.00486	0.00330	0.00723	0.00713	0.00961	0.01500	0.03023	0.01697	0.73697	0.11650	0.00506	0.00567	0.00683	0.00290	0.00310
15	0.00705	0.00544	0.00638	0.00605	0.00749	0.00506	0.00456	0.03341	0.04875	0.01748	0.46251	0.06063	0.29609	0.01057	0.00567	0.00158	0.00252	0.00911	0.00500	0.00465
16	0.00686	0.00495	0.00648	0.00610	0.00724	0.00457	0.00457	0.00914	0.01372	0.01943	0.79691	0.03620	0.04572	0.00991	0.00572	0.00152	0.00229	0.00876	0.00533	0.00457
17	0.08872	0.00834	0.01092	0.00844	0.01213	0.00742	0.00697	0.02287	0.01342	0.74070	0.01813	0.01581	0.01146	0.00588	0.00472	0.00150	0.00409	0.00469	0.00576	0.00801
18	0.01054	0.19982	0.55737	0.01277	0.01903	0.01287	0.06251	0.01506	0.01022	0.01451	0.00833	0.00986	0.00627	0.00443	0.00431	0.00140	0.00666	0.00347	0.00211	0.03845
19	0.01022	0.00970	0.01647	0.52159	0.32148	0.01105	0.01399	0.01332	0.01020	0.01368	0.00880	0.01257	0.00692	0.00465	0.00483	0.00155	0.00620	0.00431	0.00225	0.00625
20	0.01039	0.00895	0.01081	0.00866	0.05545	0.00715	0.00645	0.03247	0.01038	0.01609	0.00867	0.01021	0.00722	0.00380	0.00396	0.00081	0.02180	0.00302	0.00288	0.77085
21	0.01076	0.00833	0.04767	0.01053	0.04412	0.00742	0.11670	0.04931	0.04050	0.13234	0.22242	0.12665	0.02415	0.04781	0.00650	0.00182	0.00436	0.08845	0.00441	0.00575
22	0.09255	0.01060	0.01624	0.33794	0.35579	0.03406	0.02683	0.04240	0.01076	0.01546	0.00875	0.01188	0.00694	0.00461	0.00465	0.00151	0.00596	0.00414	0.00245	0.00648
23	0.01141	0.01146	0.02196	0.05350	0.03381	0.01144	0.48524	0.01655	0.13500	0.04494	0.01288	0.04661	0.01050	0.00562	0.00600	0.00169	0.04135	0.04043	0.00312	0.00650

[dist]
# distance from previous block
# <min> <max>
0	2

[block]
# block no. 3 follows, 52 sequences, length 20
# corresponding to MSA columns:
# 371-390
name=unknown_D
#
# <colnr> <probs for GDERKNQSTAVLIFYWHMCP>
#	G	D	E	R	K	N	Q	S	T	A	V	L	I	F	Y	W	H	M	C	P
0	0.09818	0.00969	0.01611	0.49940	0.18767	0.01107	0.08302	0.01337	0.00998	0.01434	0.00863	0.01222	0.00667	0.00463	0.00472	0.00157	0.00619	0.00426	0.00232	0.00595
1	0.32023	0.01485	0.01094	0.06140	0.03551	0.34074	0.00789	0.05615	0.01154	0.01658	0.00916	0.07709	0.00820	0.00568	0.00410	0.00144	0.00604	0.00400	0.00294	0.00553
2	0.00912	0.00634	0.04321	0.00744	0.00890	0.00580	0.00596	0.01084	0.00984	0.12275	0.12382	0.07480	0.03668	0.13981	0.31072	0.00440	0.00728	0.04650	0.02097	0.00481
3	0.00859	0.00505	0.00525	0.00507	0.00625	0.00498	0.00370	0.04621	0.01064	0.01677	0.06026	0.02485	0.13173	0.12142	0.00688	0.00174	0.00277	0.00593	0.52749	0.00441
4	0.08854	0.12365	0.01317	0.05020	0.01332	0.02207	0.04121	0.04661	0.17422	0.20475	0.01474	0.01654	0.01131	0.00591	0.00447	0.00146	0.00446	0.05505	0.05676	0.05158
5	0.05173	0.21545	0.40629	0.01108	0.01618	0.01272	0.01266	0.07380	0.01068	0.01531	0.00895	0.01086	0.00711	0.00900	0.11622	0.00228	0.00719	0.00358	0.00239	0.00653
6	0.02540	0.12668	0.01369	0.01033	0.03588	0.08704	0.00807	0.22750	0.24451	0.03215	0.01503	0.12605	0.01302	0.00697	0.00474	0.00150	0.00481	0.00562	0.00414	0.00689
7	0.01163	0.11569	0.18826	0.00948	0.03383	0.00953	0.00908	0.06513	0.01166	0.10761	0.04723	0.01643	0.10958	0.00570	0.00438	0.00125	0.00462	0.00454	0.00338	0.24099
8	0.01160	0.33688	0.46116	0.01140	0.01722	0.01410	0.01362	0.01546	0.01027	0.05521	0.00849	0.00961	0.00648	0.00450	0.00404	0.00134	0.00624	0.00327	0.00226	0.00685
9	0.01383	0.09497	0.19328	0.12304	0.01774	0.01247	0.01111	0.27582	0.02933	0.08973	0.05085	0.01334	0.00986	0.02357	0.00529	0.00155	0.01923	0.00435	0.00361	0.00704
10	0.00650	0.00503	0.00625	0.00655	0.03195	0.00453	0.00459	0.00824	0.01207	0.01614	0.40736	0.16111	0.28930	0.01132	0.00576	0.00163	0.00253	0.00988	0.00484	0.00441
11	0.01120	0.00792	0.00954	0.11964	0.01321	0.00817	0.00702	0.16016	0.07256	0.11248	0.09714	0.02880	0.29129	0.00865	0.00530	0.00159	0.00391	0.03100	0.00453	0.00589
12	0.01044	0.01841	0.48177	0.04726	0.01934	0.01001	0.12092	0.01481	0.01081	0.08462	0.01538	0.01636	0.11685	0.00573	0.00495	0.00156	0.00635	0.00495	0.00280	0.00667
13	0.01046	0.01661	0.41912	0.12541	0.03681	0.00962	0.05281	0.01445	0.01051	0.09747	0.01285	0.12624	0.01114	0.00648	0.00501	0.00163	0.00608	0.02790	0.00292	0.00648
14	0.00883	0.00810	0.01341	0.70517	0.02974	0.00991	0.01222	0.01193	0.01025	0.01336	0.11820	0.01616	0.01192	0.00555	0.00497	0.00160	0.00588	0.00493	0.00260	0.00527
15	0.01366	0.01046	0.01790	0.15702	0.40468	0.01048	0.09926	0.01651	0.01149	0.19342	0.01137	0.01329	0.00841	0.00476	0.00493	0.00150	0.00578	0.00460	0.00318	0.00729
16	0.01190	0.00892	0.04578	0.00972	0.01199	0.03594	0.09403	0.11356	0.02026	0.13609	0.03287	0.17994	0.03120	0.04292	0.00822	0.12099	0.01399	0.06101	0.01520	0.00548
17	0.01112	0.01168	0.12551	0.41608	0.24302	0.01072	0.01392	0.01447	0.01050	0.08286	0.00968	0.01260	0.00724	0.00477	0.00480	0.00154	0.00616	0.00426	0.00254	0.00652
18	0.01119	0.12456	0.01832	0.37353	0.27670	0.01247	0.04650	0.05414	0.01091	0.01445	0.00873	0.01184	0.00695	0.00460	0.00463	0.00147	0.00607	0.00414	0.00238	0.00644
19	0.01062	0.01893	0.50591	0.12531	0.02146	0.01046	0.08375	0.01515	0.01053	0.08446	0.01082	0.06179	0.00841	0.00537	0.00486	0.00158	0.00662	0.00462	0.00260	0.00676

[dist]
# distance from previous block
# <min> <max>
1	4

[block]
# block no. 4 follows, 52 sequences, length 6
# corresponding to MSA columns:
# 395-400
name=unknown_E
#
# <colnr> <probs for GDERKNQSTAVLIFYWHMCP>
#	G	D	E	R	K	N	Q	S	T	A	V	L	I	F	Y	W	H	M	C	P
0	0.01311	0.06944	0.13608	0.01166	0.02750	0.17214	0.09455	0.04861	0.05088	0.08392	0.02652	0.01441	0.02436	0.06159	0.00688	0.00168	0.07410	0.00450	0.07193	0.00613
1	0.23365	0.36659	0.05065	0.03070	0.01292	0.12138	0.00821	0.01557	0.01014	0.06812	0.00780	0.00888	0.00637	0.00469	0.00398	0.00130	0.03742	0.00298	0.00264	0.00601
2	0.00917	0.06253	0.07800	0.00711	0.00870	0.00687	0.00585	0.01001	0.00910	0.08242	0.05888	0.02592	0.15562	0.26493	0.01390	0.13447	0.05262	0.00631	0.00330	0.00431
3	0.06629	0.00609	0.00738	0.07926	0.00966	0.00631	0.00511	0.05536	0.00938	0.08199	0.01670	0.19826	0.01787	0.40279	0.01452	0.00314	0.00437	0.00761	0.00359	0.00431
4	0.08699	0.39309	0.14030	0.01171	0.08465	0.03404	0.04940	0.06656	0.01089	0.01489	0.00904	0.06159	0.00810	0.00510	0.00396	0.00131	0.00551	0.00391	0.00255	0.00640
5	0.25254	0.18294	0.27197	0.00981	0.01429	0.01230	0.03121	0.05309	0.01029	0.01726	0.00913	0.01167	0.00740	0.00498	0.00390	0.00143	0.00529	0.03695	0.05737	0.00618

[dist]
# distance from previous block
# <min> <max>
0	640

# created by:
# /st0/software/busco_prod/Augustus/scripts/msa2prfl.pl ./align_prep/169007.fa
