[name]
unknown

[dist]
# distance from previous block
# <min> <max>
3	72

[block]
# block no. 0 follows, 51 sequences, length 13
# corresponding to MSA columns:
# 95-107
name=unknown_A
#
# <colnr> <probs for GDERKNQSTAVLIFYWHMCP>
#	G	D	E	R	K	N	Q	S	T	A	V	L	I	F	Y	W	H	M	C	P
0	0.31913	0.04010	0.06048	0.13495	0.07871	0.01153	0.07985	0.04740	0.01026	0.06260	0.00899	0.01102	0.00689	0.00507	0.00507	0.00156	0.06943	0.00382	0.03707	0.00609
1	0.01463	0.01029	0.01175	0.00898	0.01287	0.00979	0.00726	0.25599	0.08116	0.13491	0.01273	0.03579	0.00971	0.00530	0.00442	0.00119	0.00427	0.00423	0.00423	0.37052
2	0.00701	0.00527	0.00661	0.00742	0.00812	0.00529	0.00521	0.00986	0.12444	0.01384	0.02599	0.66577	0.02970	0.01401	0.00611	0.00196	0.00309	0.05109	0.00462	0.00458
3	0.01216	0.01036	0.01120	0.07309	0.01409	0.03161	0.00786	0.07809	0.49561	0.01973	0.01642	0.01610	0.01243	0.00596	0.00469	0.00148	0.00421	0.00490	0.05849	0.12153
4	0.00821	0.00605	0.00735	0.00769	0.00866	0.00614	0.00546	0.11887	0.06252	0.01571	0.02443	0.65481	0.02789	0.01346	0.00599	0.00190	0.00329	0.01205	0.00464	0.00487
5	0.16279	0.01069	0.04401	0.01102	0.07322	0.01053	0.00861	0.15309	0.03216	0.35934	0.01370	0.01333	0.00937	0.00582	0.00548	0.00156	0.06890	0.00433	0.00458	0.00750
6	0.08453	0.01286	0.01346	0.01091	0.03249	0.02986	0.00872	0.60709	0.04688	0.02796	0.01415	0.01411	0.06227	0.00622	0.00482	0.00149	0.00511	0.00470	0.00464	0.00774
7	0.00790	0.00578	0.00697	0.00690	0.00823	0.00536	0.00493	0.06963	0.01088	0.01514	0.05778	0.47322	0.06974	0.04719	0.00636	0.00180	0.00317	0.01026	0.06268	0.12609
8	0.43697	0.05725	0.09942	0.00853	0.01157	0.07421	0.00770	0.01438	0.00973	0.05218	0.05906	0.06437	0.01034	0.00604	0.00485	0.00156	0.06889	0.00418	0.00315	0.00563
9	0.02191	0.00505	0.00615	0.00628	0.00673	0.00509	0.00413	0.00774	0.00857	0.01183	0.08012	0.23642	0.05016	0.40405	0.07780	0.00370	0.02805	0.00876	0.00359	0.02388
10	0.08474	0.01021	0.01485	0.09447	0.25500	0.04436	0.08859	0.01557	0.05113	0.12763	0.01739	0.01907	0.12548	0.00623	0.00499	0.00156	0.00525	0.02338	0.00349	0.00661
11	0.08075	0.01223	0.05180	0.07334	0.02557	0.11528	0.00835	0.21396	0.03200	0.01949	0.01248	0.07438	0.02838	0.00610	0.00468	0.00138	0.01905	0.00474	0.07764	0.13839
12	0.14092	0.07789	0.23320	0.03527	0.12197	0.07337	0.03842	0.02793	0.01053	0.01556	0.01316	0.06596	0.07097	0.04801	0.00560	0.00168	0.00571	0.00495	0.00278	0.00611

[dist]
# distance from previous block
# <min> <max>
26	77

[block]
# block no. 1 follows, 51 sequences, length 67
# corresponding to MSA columns:
# 199-265
name=unknown_B
#
# <colnr> <probs for GDERKNQSTAVLIFYWHMCP>
#	G	D	E	R	K	N	Q	S	T	A	V	L	I	F	Y	W	H	M	C	P
0	0.10032	0.00827	0.03006	0.02300	0.06221	0.02358	0.02467	0.02432	0.05338	0.19266	0.25974	0.08942	0.03203	0.02071	0.00541	0.00160	0.00384	0.00666	0.00463	0.03350
1	0.15343	0.06209	0.05602	0.16714	0.12994	0.01018	0.00961	0.05539	0.01174	0.13567	0.11885	0.03163	0.02646	0.00598	0.00464	0.00152	0.00481	0.00493	0.00361	0.00636
2	0.01203	0.06394	0.14692	0.07269	0.08148	0.01012	0.02455	0.09491	0.09454	0.11061	0.16575	0.02890	0.05914	0.00671	0.00502	0.00153	0.00480	0.00567	0.00401	0.00668
3	0.01261	0.01253	0.10004	0.11307	0.31532	0.02905	0.03338	0.14123	0.01330	0.05297	0.08253	0.01545	0.01173	0.00563	0.00522	0.00154	0.02117	0.02289	0.00326	0.00708
4	0.01299	0.01520	0.15043	0.03362	0.30000	0.12362	0.03205	0.09311	0.01268	0.03217	0.04076	0.01224	0.00891	0.00486	0.00469	0.00138	0.00611	0.00414	0.00288	0.10819
5	0.01331	0.08132	0.02836	0.07924	0.10405	0.01166	0.00910	0.24418	0.07980	0.03557	0.01212	0.02316	0.02888	0.02192	0.00491	0.00137	0.00488	0.00432	0.00362	0.20823
6	0.00933	0.00598	0.00830	0.00771	0.00932	0.00553	0.05331	0.02922	0.01163	0.11747	0.15363	0.30297	0.11058	0.01092	0.00566	0.00171	0.00337	0.05760	0.07602	0.01973
7	0.01093	0.18247	0.30192	0.01426	0.12879	0.01210	0.06381	0.01444	0.01045	0.03199	0.03998	0.01224	0.00884	0.00743	0.07197	0.00193	0.01905	0.00402	0.00248	0.06091
8	0.00974	0.01696	0.02734	0.00825	0.05930	0.00684	0.00610	0.08847	0.04510	0.09206	0.08672	0.03454	0.44853	0.00979	0.00545	0.00159	0.00341	0.02004	0.00456	0.02522
9	0.06543	0.19613	0.20115	0.08005	0.04346	0.03059	0.02825	0.02449	0.09308	0.02889	0.05461	0.01431	0.02900	0.00542	0.00438	0.00141	0.00539	0.02121	0.00296	0.06980
10	0.04729	0.01344	0.12968	0.01083	0.01469	0.02383	0.02795	0.31803	0.14782	0.11648	0.01440	0.04643	0.01115	0.03135	0.00555	0.00167	0.00520	0.02234	0.00440	0.00748
11	0.03617	0.00902	0.01095	0.00872	0.01195	0.00875	0.00699	0.14772	0.09423	0.41251	0.06632	0.01811	0.01406	0.07679	0.00661	0.00176	0.00425	0.00520	0.00522	0.05467
12	0.01045	0.00720	0.00886	0.00725	0.01021	0.00582	0.00560	0.01230	0.01100	0.12389	0.10111	0.19157	0.03296	0.00753	0.00471	0.00124	0.00339	0.01684	0.00403	0.43404
13	0.00788	0.00684	0.05731	0.07419	0.00931	0.00626	0.00520	0.00955	0.06567	0.01099	0.01483	0.02814	0.01596	0.64486	0.02054	0.00407	0.00501	0.00657	0.00300	0.00382
14	0.01958	0.01138	0.01275	0.01003	0.01371	0.05143	0.00819	0.30706	0.09772	0.39121	0.01601	0.01465	0.01074	0.00602	0.00491	0.00151	0.00485	0.00472	0.00535	0.00816
15	0.07376	0.01032	0.07927	0.00920	0.01324	0.00845	0.00815	0.08559	0.01405	0.59054	0.02663	0.01531	0.01122	0.00584	0.00478	0.00150	0.00449	0.00464	0.00536	0.02765
16	0.01208	0.07308	0.06300	0.02286	0.50901	0.02241	0.02441	0.04273	0.09664	0.01688	0.06029	0.01394	0.01083	0.00505	0.00481	0.00146	0.00550	0.00463	0.00295	0.00742
17	0.01719	0.08198	0.05041	0.01210	0.06469	0.01438	0.00975	0.52219	0.07568	0.08419	0.01225	0.01227	0.00882	0.00568	0.00476	0.00146	0.00530	0.00436	0.00449	0.00806
18	0.00715	0.00476	0.00536	0.00536	0.00536	0.00476	0.00298	0.00715	0.00715	0.00953	0.01548	0.03216	0.01787	0.82729	0.02501	0.00476	0.00476	0.00715	0.00298	0.00298
19	0.03904	0.01440	0.18516	0.01200	0.07287	0.03181	0.01046	0.32712	0.01576	0.06369	0.01487	0.04221	0.07502	0.04151	0.00574	0.00164	0.00541	0.00508	0.00387	0.03232
20	0.01286	0.02137	0.55917	0.01295	0.01918	0.01190	0.01526	0.18603	0.01352	0.08642	0.01039	0.01124	0.00721	0.00506	0.00475	0.00154	0.00659	0.00392	0.00305	0.00760
21	0.00618	0.00454	0.00608	0.00709	0.00736	0.00444	0.00481	0.00705	0.00933	0.01252	0.02625	0.79098	0.03144	0.01512	0.00667	0.00200	0.03605	0.01358	0.00446	0.00405
22	0.72453	0.06048	0.02126	0.00796	0.04286	0.04691	0.00630	0.01474	0.00886	0.02062	0.00701	0.00823	0.00554	0.00456	0.00321	0.00148	0.00425	0.00277	0.00292	0.00553
23	0.00605	0.00444	0.00568	0.00653	0.00708	0.00407	0.00446	0.00709	0.01006	0.01330	0.10015	0.64787	0.13613	0.01451	0.00617	0.00191	0.00275	0.01302	0.00464	0.00407
24	0.01322	0.07142	0.01273	0.00875	0.01284	0.01043	0.00719	0.22824	0.07907	0.03818	0.01064	0.01130	0.00827	0.00462	0.00410	0.00106	0.00429	0.00358	0.00366	0.46643
25	0.01096	0.10086	0.06380	0.07939	0.07290	0.00975	0.00858	0.04434	0.02377	0.01575	0.00881	0.01056	0.00723	0.00423	0.00431	0.00104	0.02937	0.00331	0.00276	0.49829
26	0.00912	0.00830	0.07538	0.11992	0.01339	0.00754	0.00781	0.11836	0.01179	0.03381	0.06779	0.42930	0.02285	0.02468	0.00624	0.00185	0.02297	0.00957	0.00408	0.00524
27	0.00603	0.00432	0.00573	0.00678	0.00713	0.00402	0.00455	0.00695	0.00964	0.01288	0.06158	0.77343	0.04854	0.01510	0.00624	0.00197	0.00282	0.01367	0.00460	0.00402
28	0.00723	0.00621	0.00891	0.00810	0.00974	0.00581	0.10165	0.00981	0.06884	0.01480	0.14013	0.29130	0.28523	0.01159	0.00590	0.00175	0.00341	0.01040	0.00445	0.00475
29	0.01072	0.19927	0.37704	0.04678	0.08366	0.02235	0.04740	0.01447	0.01036	0.01440	0.00960	0.06202	0.00820	0.00514	0.00443	0.00141	0.00618	0.00420	0.00236	0.07002
30	0.01032	0.00921	0.01490	0.60243	0.02881	0.01089	0.06577	0.07599	0.02889	0.02640	0.01000	0.01460	0.00789	0.06620	0.00647	0.00186	0.00635	0.00472	0.00261	0.00569
31	0.00598	0.00431	0.00567	0.00677	0.00711	0.00400	0.00453	0.00685	0.00948	0.01258	0.02803	0.79178	0.06420	0.01527	0.00625	0.00198	0.00284	0.01382	0.00456	0.00400
32	0.02645	0.04545	0.38668	0.01387	0.05308	0.11855	0.07375	0.10068	0.01276	0.10779	0.01022	0.01126	0.00732	0.00495	0.00472	0.00149	0.00682	0.00396	0.00298	0.00721
33	0.02341	0.09862	0.08872	0.14005	0.23759	0.02555	0.10331	0.06544	0.04086	0.09495	0.01058	0.01254	0.00805	0.00553	0.02255	0.00163	0.00622	0.00438	0.00297	0.00704
34	0.01041	0.02078	0.56513	0.01431	0.02046	0.01079	0.14829	0.01530	0.01077	0.05148	0.02629	0.06353	0.00918	0.00543	0.00500	0.00160	0.00692	0.00483	0.00255	0.00694
35	0.80015	0.00938	0.00759	0.05119	0.01079	0.01091	0.00575	0.01429	0.00848	0.02146	0.00711	0.00844	0.00552	0.00460	0.00315	0.00152	0.00393	0.00279	0.01765	0.00532
36	0.00659	0.00472	0.00571	0.00601	0.00649	0.00458	0.00394	0.00730	0.00880	0.01161	0.05850	0.25703	0.14564	0.35321	0.09471	0.00366	0.00460	0.00947	0.00375	0.00366
37	0.01294	0.01374	0.09576	0.02638	0.08285	0.06725	0.13224	0.09481	0.30920	0.03149	0.01351	0.01424	0.01024	0.00579	0.00586	0.00162	0.06624	0.00490	0.00367	0.00725
38	0.01063	0.00720	0.00962	0.00830	0.01039	0.00706	0.05498	0.05057	0.12873	0.13089	0.39018	0.09603	0.05701	0.00894	0.00556	0.00161	0.00340	0.00790	0.00513	0.00587
39	0.01194	0.00868	0.01037	0.00749	0.01178	0.00665	0.00603	0.01408	0.01076	0.13170	0.01031	0.01115	0.00800	0.00400	0.00383	0.00084	0.00372	0.00321	0.00338	0.73206
40	0.01170	0.01003	0.01066	0.00974	0.01230	0.01153	0.00751	0.02450	0.72249	0.01989	0.02060	0.08590	0.01647	0.00740	0.00511	0.00169	0.00380	0.00626	0.00496	0.00746
41	0.01204	0.55270	0.22566	0.00977	0.01478	0.01628	0.01072	0.01474	0.01010	0.01297	0.00751	0.00872	0.00637	0.00428	0.00359	0.00115	0.00564	0.00291	0.00216	0.07791
42	0.00684	0.00502	0.00641	0.00607	0.00727	0.00459	0.00455	0.00906	0.01365	0.01908	0.72162	0.03774	0.11918	0.01028	0.00580	0.00156	0.00234	0.00903	0.00533	0.00459
43	0.01160	0.01326	0.02900	0.02071	0.02568	0.01243	0.77879	0.01574	0.01160	0.01574	0.00994	0.01326	0.00746	0.00414	0.00580	0.00166	0.00829	0.00580	0.00249	0.00663
44	0.01743	0.01060	0.01221	0.00967	0.01299	0.01103	0.00786	0.43028	0.01851	0.23961	0.08236	0.07590	0.01457	0.00701	0.00506	0.00152	0.00454	0.00566	0.02555	0.00762
45	0.08194	0.00904	0.01206	0.00947	0.01305	0.00858	0.05626	0.03505	0.12247	0.54302	0.04438	0.01668	0.01286	0.00606	0.00489	0.00155	0.00433	0.00504	0.00543	0.00782
46	0.02186	0.00866	0.01159	0.00889	0.01269	0.00767	0.00734	0.06583	0.01457	0.75745	0.01897	0.01645	0.01195	0.00607	0.00494	0.00152	0.00425	0.00491	0.00602	0.00836
47	0.00618	0.00499	0.00550	0.00537	0.00687	0.00431	0.00403	0.00778	0.01209	0.01538	0.29337	0.04383	0.54974	0.01166	0.00580	0.00162	0.00243	0.00989	0.00484	0.00431
48	0.01019	0.00873	0.01019	0.00728	0.01165	0.00655	0.00582	0.01237	0.01019	0.01601	0.00873	0.01019	0.00728	0.00364	0.00364	0.00073	0.00364	0.00291	0.00291	0.85734
49	0.01188	0.00881	0.00984	0.00880	0.01136	0.00936	0.00679	0.03030	0.44801	0.11097	0.03524	0.13861	0.06952	0.00810	0.00515	0.00162	0.00365	0.00689	0.00488	0.07022
50	0.00592	0.00494	0.00516	0.00520	0.00673	0.00418	0.00386	0.00723	0.01131	0.01377	0.11091	0.09589	0.68318	0.01243	0.00584	0.00167	0.00250	0.01048	0.00463	0.00418
51	0.00824	0.00560	0.00692	0.00725	0.00823	0.00543	0.00512	0.08105	0.02680	0.05916	0.02657	0.60352	0.08887	0.03430	0.00649	0.00196	0.00321	0.01193	0.00465	0.00471
52	0.01373	0.08274	0.02008	0.03991	0.38371	0.05826	0.14128	0.09171	0.01268	0.07509	0.01043	0.01307	0.00833	0.00486	0.00490	0.00147	0.00620	0.02125	0.00298	0.00732
53	0.38020	0.06976	0.01294	0.04158	0.14792	0.22167	0.00873	0.03797	0.01091	0.01757	0.00767	0.00922	0.00621	0.00469	0.00385	0.00141	0.00573	0.00320	0.00276	0.00601
54	0.01070	0.07135	0.01598	0.15263	0.06636	0.01429	0.01127	0.01232	0.00835	0.01220	0.00717	0.01119	0.00665	0.00787	0.02667	0.00204	0.55099	0.00421	0.00218	0.00560
55	0.01396	0.70255	0.02388	0.00908	0.01302	0.14418	0.00858	0.01549	0.01061	0.01164	0.00695	0.00804	0.00631	0.00434	0.00336	0.00109	0.00583	0.00271	0.00217	0.00621
56	0.01147	0.00639	0.00826	0.00719	0.00920	0.00597	0.00560	0.01465	0.07884	0.23040	0.52005	0.02977	0.03451	0.00869	0.00550	0.00155	0.00295	0.00754	0.00556	0.00591
57	0.01148	0.00605	0.00789	0.00684	0.00887	0.00538	0.00534	0.01356	0.01367	0.25932	0.47712	0.03167	0.11464	0.00908	0.00553	0.00155	0.00291	0.00783	0.00553	0.00573
58	0.00592	0.00490	0.00520	0.00530	0.00675	0.00417	0.00391	0.00721	0.01121	0.01372	0.10892	0.13869	0.64194	0.01260	0.00586	0.00169	0.00252	0.01068	0.00463	0.00417
59	0.01165	0.01312	0.02824	0.02151	0.09033	0.01236	0.71475	0.01569	0.01156	0.01577	0.00988	0.01316	0.00748	0.00416	0.00572	0.00164	0.00808	0.00568	0.00248	0.00672
60	0.01893	0.01336	0.01450	0.01112	0.01504	0.01464	0.00918	0.72397	0.02243	0.08821	0.01236	0.01217	0.00864	0.00591	0.00492	0.00148	0.00532	0.00446	0.00500	0.00836
61	0.00721	0.00519	0.00751	0.00751	0.00838	0.00595	0.00578	0.00893	0.00807	0.01191	0.01350	0.01976	0.01254	0.06712	0.70782	0.00720	0.01190	0.00529	0.07408	0.00435
62	0.01222	0.01056	0.01111	0.01000	0.01278	0.01222	0.00778	0.02611	0.78776	0.02056	0.02000	0.01833	0.01500	0.00667	0.00500	0.00167	0.00389	0.00556	0.00500	0.00778
63	0.86201	0.00950	0.00722	0.00646	0.00950	0.01102	0.00532	0.01445	0.00836	0.02205	0.00684	0.00798	0.00532	0.00456	0.00304	0.00152	0.00380	0.00266	0.00304	0.00532
64	0.01874	0.01366	0.01468	0.01126	0.01519	0.01509	0.00930	0.76593	0.02293	0.04553	0.01194	0.01189	0.00843	0.00590	0.00492	0.00148	0.00538	0.00443	0.00494	0.00836
65	0.86201	0.00950	0.00722	0.00646	0.00950	0.01102	0.00532	0.01445	0.00836	0.02205	0.00684	0.00798	0.00532	0.00456	0.00304	0.00152	0.00380	0.00266	0.00304	0.00532
66	0.01216	0.01168	0.01995	0.03016	0.79664	0.01168	0.01508	0.01508	0.01119	0.01605	0.00924	0.01216	0.00778	0.00438	0.00487	0.00146	0.00584	0.00438	0.00243	0.00778

[dist]
# distance from previous block
# <min> <max>
0	36

[block]
# block no. 2 follows, 51 sequences, length 18
# corresponding to MSA columns:
# 302-319
name=unknown_C
#
# <colnr> <probs for GDERKNQSTAVLIFYWHMCP>
#	G	D	E	R	K	N	Q	S	T	A	V	L	I	F	Y	W	H	M	C	P
0	0.01222	0.01056	0.01111	0.01000	0.01278	0.01222	0.00778	0.02611	0.78776	0.02056	0.02000	0.01833	0.01500	0.00667	0.00500	0.00167	0.00389	0.00556	0.00500	0.00778
1	0.00605	0.00430	0.00568	0.00677	0.00704	0.00403	0.00448	0.00686	0.00929	0.01239	0.02650	0.78397	0.03176	0.05652	0.00722	0.00214	0.00295	0.01362	0.00448	0.00394
2	0.02205	0.00836	0.01140	0.00874	0.01254	0.00722	0.00722	0.02395	0.01407	0.80004	0.01939	0.01673	0.01216	0.00608	0.00494	0.00152	0.00418	0.00494	0.00608	0.00836
3	0.00703	0.00521	0.00761	0.00761	0.00839	0.00599	0.00579	0.00859	0.00781	0.01120	0.01342	0.02074	0.01291	0.12507	0.72045	0.00755	0.01223	0.00548	0.00267	0.00423
4	0.00605	0.00435	0.00574	0.00674	0.00713	0.00404	0.00454	0.00702	0.00978	0.01308	0.08288	0.74476	0.05579	0.01493	0.00622	0.00195	0.00280	0.01350	0.00462	0.00404
5	0.00599	0.00428	0.00570	0.00684	0.00713	0.00399	0.00456	0.00684	0.00941	0.01254	0.02709	0.82409	0.03250	0.01540	0.00627	0.00200	0.00285	0.01397	0.00456	0.00399
6	0.01019	0.00873	0.01019	0.00728	0.01165	0.00655	0.00582	0.01237	0.01019	0.01601	0.00873	0.01019	0.00728	0.00364	0.00364	0.00073	0.00364	0.00291	0.00291	0.85734
7	0.00776	0.00536	0.00588	0.00554	0.00738	0.00455	0.00423	0.00920	0.01184	0.10185	0.13493	0.04262	0.61830	0.01145	0.00571	0.00163	0.00266	0.00959	0.00483	0.00468
8	0.00597	0.00436	0.00562	0.00662	0.00707	0.00401	0.00446	0.00687	0.00962	0.01263	0.02979	0.73168	0.12317	0.01505	0.00622	0.00196	0.00281	0.01354	0.00456	0.00401
9	0.01722	0.01317	0.01593	0.01220	0.01612	0.01431	0.10064	0.58108	0.10679	0.05246	0.01273	0.01286	0.00911	0.00578	0.00503	0.00152	0.00554	0.00473	0.00467	0.00809
10	0.04703	0.01496	0.35215	0.07189	0.07510	0.00901	0.04697	0.01252	0.01029	0.01507	0.05632	0.23665	0.01580	0.00789	0.00518	0.00168	0.00551	0.00693	0.00304	0.00601
11	0.11003	0.00592	0.00672	0.00615	0.00798	0.00554	0.00474	0.01088	0.01248	0.10521	0.39802	0.03413	0.25475	0.00965	0.00538	0.00157	0.00275	0.00814	0.00496	0.00499
12	0.64275	0.00827	0.00695	0.00647	0.00892	0.00931	0.00514	0.01283	0.00925	0.02060	0.11735	0.10902	0.01419	0.00660	0.00380	0.00158	0.00348	0.00486	0.00355	0.00507
13	0.01064	0.01256	0.19277	0.00890	0.01391	0.00770	0.00873	0.01363	0.01041	0.05105	0.00923	0.01053	0.00725	0.00399	0.00394	0.00095	0.00450	0.00317	0.00286	0.62328
14	0.00679	0.00535	0.00775	0.19316	0.01320	0.00563	0.00656	0.00818	0.00947	0.01244	0.02311	0.57679	0.05127	0.04818	0.00676	0.00202	0.00378	0.01134	0.00394	0.00429
15	0.03697	0.01085	0.01562	0.20486	0.32126	0.04649	0.01198	0.09278	0.01259	0.14540	0.01206	0.01457	0.02268	0.00535	0.00489	0.00153	0.00568	0.02400	0.00334	0.00709
16	0.10924	0.05321	0.22293	0.22319	0.08850	0.08644	0.01255	0.03042	0.03237	0.01553	0.02199	0.01167	0.00752	0.00505	0.00484	0.00152	0.03326	0.00390	0.02961	0.00627
17	0.01324	0.01248	0.12297	0.03632	0.17294	0.03168	0.11590	0.05405	0.04130	0.16137	0.04688	0.06147	0.01163	0.00581	0.00523	0.00151	0.02207	0.00523	0.00357	0.07434

[dist]
# distance from previous block
# <min> <max>
2	48

[block]
# block no. 3 follows, 51 sequences, length 31
# corresponding to MSA columns:
# 368-398
name=unknown_D
#
# <colnr> <probs for GDERKNQSTAVLIFYWHMCP>
#	G	D	E	R	K	N	Q	S	T	A	V	L	I	F	Y	W	H	M	C	P
0	0.03042	0.01157	0.01366	0.01340	0.15232	0.06943	0.02275	0.23103	0.07026	0.15183	0.05032	0.01475	0.01125	0.03860	0.00558	0.00154	0.00509	0.00465	0.00416	0.09739
1	0.21071	0.11212	0.12898	0.20265	0.03357	0.03118	0.00993	0.02736	0.03711	0.02663	0.04624	0.01292	0.02551	0.00611	0.00535	0.06585	0.00529	0.00400	0.00277	0.00571
2	0.06770	0.01271	0.04410	0.03653	0.36754	0.12200	0.09398	0.01489	0.03243	0.01543	0.01148	0.11596	0.01067	0.00594	0.00493	0.00152	0.00596	0.00545	0.00283	0.02795
3	0.01354	0.01030	0.01618	0.21298	0.37614	0.01079	0.01247	0.03808	0.07676	0.16572	0.01203	0.01377	0.00894	0.00507	0.00490	0.00153	0.00552	0.00458	0.00335	0.00735
4	0.13346	0.00931	0.01177	0.18032	0.06007	0.01025	0.02171	0.12351	0.09854	0.04225	0.03441	0.06443	0.04188	0.00689	0.00515	0.00161	0.02515	0.06380	0.00368	0.06183
5	0.34817	0.17862	0.15378	0.00906	0.01319	0.01337	0.00893	0.16084	0.01193	0.02035	0.00846	0.00948	0.00651	0.00480	0.00373	0.00141	0.00497	0.00323	0.03275	0.00642
6	0.00661	0.00542	0.00600	0.00556	0.00740	0.00455	0.00421	0.00825	0.01179	0.01527	0.23872	0.04024	0.50877	0.01080	0.00555	0.00152	0.00258	0.00912	0.00459	0.10303
7	0.01051	0.07038	0.55164	0.01544	0.02192	0.01216	0.21810	0.01556	0.01067	0.01537	0.00900	0.01099	0.00655	0.00450	0.00488	0.00155	0.00741	0.00414	0.00218	0.00704
8	0.02021	0.00796	0.01081	0.00843	0.01191	0.00691	0.00691	0.02216	0.01405	0.70484	0.11390	0.01916	0.01634	0.00657	0.00505	0.00152	0.00395	0.00542	0.00600	0.00791
9	0.00705	0.00508	0.00673	0.00664	0.00775	0.00476	0.00512	0.00930	0.01331	0.01863	0.64378	0.07633	0.04303	0.01082	0.00597	0.00167	0.00267	0.12152	0.00524	0.00459
10	0.00605	0.00499	0.00532	0.00523	0.00679	0.00425	0.00392	0.00752	0.01177	0.01464	0.20737	0.04505	0.63621	0.01194	0.00581	0.00164	0.00245	0.01006	0.00474	0.00425
11	0.00687	0.00500	0.00646	0.00613	0.00730	0.00459	0.00458	0.00909	0.01365	0.01918	0.73427	0.05485	0.08899	0.01030	0.00581	0.00156	0.00234	0.00909	0.00534	0.00459
12	0.01927	0.00852	0.01097	0.00869	0.01211	0.00792	0.00708	0.05970	0.10392	0.59176	0.07181	0.01809	0.01466	0.00640	0.00495	0.00152	0.00401	0.00524	0.03546	0.00791
13	0.01019	0.00873	0.01019	0.00728	0.01165	0.00655	0.00582	0.01237	0.01019	0.01601	0.00873	0.01019	0.00728	0.00364	0.00364	0.00073	0.00364	0.00291	0.00291	0.85734
14	0.01868	0.01376	0.01475	0.01131	0.01524	0.01524	0.00934	0.78025	0.02311	0.03097	0.01180	0.01180	0.00836	0.00590	0.00492	0.00147	0.00541	0.00442	0.00492	0.00836
15	0.00928	0.00873	0.01474	0.81548	0.03385	0.01092	0.01365	0.01256	0.00983	0.01256	0.00873	0.01310	0.00655	0.00491	0.00491	0.00164	0.00655	0.00437	0.00218	0.00546
16	0.00986	0.02542	0.80183	0.01401	0.02127	0.01141	0.01816	0.01556	0.01038	0.01556	0.00882	0.01038	0.00623	0.00467	0.00467	0.00156	0.00726	0.00363	0.00208	0.00726
17	0.00599	0.00428	0.00570	0.00684	0.00713	0.00399	0.00456	0.00684	0.00941	0.01254	0.02709	0.82409	0.03250	0.01540	0.00627	0.00200	0.00285	0.01397	0.00456	0.00399
18	0.54026	0.00863	0.00803	0.00685	0.00987	0.00927	0.00561	0.01662	0.01010	0.22820	0.01124	0.01150	0.00798	0.00510	0.00359	0.00148	0.00373	0.00349	0.10241	0.00604
19	0.00767	0.00558	0.00758	0.00858	0.00977	0.00548	0.00743	0.00982	0.01130	0.01454	0.02877	0.05449	0.11699	0.01344	0.00667	0.00219	0.00429	0.67638	0.00453	0.00448
20	0.01160	0.01326	0.02900	0.02071	0.02568	0.01243	0.77879	0.01574	0.01160	0.01574	0.00994	0.01326	0.00746	0.00414	0.00580	0.00166	0.00829	0.00580	0.00249	0.00663
21	0.00581	0.00498	0.00498	0.00498	0.00664	0.00415	0.00373	0.00705	0.01120	0.01328	0.04978	0.04729	0.79464	0.01245	0.00581	0.00166	0.00249	0.01037	0.00456	0.00415
22	0.00757	0.00602	0.00927	0.00808	0.00968	0.00562	0.09449	0.01009	0.01345	0.01887	0.64551	0.03540	0.04050	0.00963	0.00587	0.00161	0.00318	0.06530	0.00500	0.00486
23	0.00928	0.00873	0.01474	0.81548	0.03385	0.01092	0.01365	0.01256	0.00983	0.01256	0.00873	0.01310	0.00655	0.00491	0.00491	0.00164	0.00655	0.00437	0.00218	0.00546
24	0.01113	0.02132	0.61278	0.01314	0.01943	0.01047	0.05302	0.01607	0.01113	0.10669	0.06916	0.01323	0.00999	0.00521	0.00484	0.00156	0.00658	0.00428	0.00281	0.00716
25	0.01156	0.00599	0.00777	0.00683	0.00864	0.00540	0.00516	0.01329	0.01265	0.26010	0.36473	0.06897	0.07655	0.12047	0.00817	0.00200	0.00327	0.00776	0.00519	0.00551
26	0.01019	0.02310	0.65424	0.01529	0.02211	0.01161	0.16342	0.01560	0.01061	0.01560	0.00903	0.01093	0.00646	0.00457	0.00488	0.00158	0.00746	0.00405	0.00215	0.00714
27	0.01224	0.10599	0.01912	0.08688	0.54853	0.01241	0.01325	0.07200	0.01175	0.01621	0.00999	0.05137	0.00877	0.00505	0.00474	0.00145	0.00565	0.00465	0.00267	0.00729
28	0.00606	0.00457	0.00563	0.00639	0.00714	0.00414	0.00448	0.00714	0.01016	0.01309	0.05897	0.53903	0.25157	0.01429	0.00615	0.00190	0.00281	0.04783	0.00459	0.00408
29	0.00599	0.00437	0.00561	0.00660	0.00703	0.00403	0.00443	0.00687	0.00957	0.01257	0.02947	0.71733	0.12041	0.03232	0.00662	0.00202	0.00285	0.01341	0.00453	0.00399
30	0.69933	0.00936	0.00779	0.00662	0.00991	0.01017	0.00542	0.01405	0.00871	0.02090	0.00720	0.00840	0.00570	0.00439	0.00316	0.00137	0.00377	0.00271	0.00302	0.16803

[dist]
# distance from previous block
# <min> <max>
0	2

[block]
# block no. 4 follows, 51 sequences, length 25
# corresponding to MSA columns:
# 401-425
name=unknown_E
#
# <colnr> <probs for GDERKNQSTAVLIFYWHMCP>
#	G	D	E	R	K	N	Q	S	T	A	V	L	I	F	Y	W	H	M	C	P
0	0.01050	0.09161	0.10164	0.00836	0.01260	0.00862	0.00767	0.05143	0.01120	0.01651	0.07257	0.01437	0.01127	0.00492	0.00410	0.00103	0.00424	0.04018	0.00312	0.52407
1	0.01533	0.10899	0.17186	0.01018	0.01429	0.04824	0.02258	0.13299	0.02483	0.25260	0.06471	0.01523	0.01183	0.04517	0.02024	0.00171	0.00545	0.00460	0.00407	0.02509
2	0.04833	0.24755	0.01590	0.01005	0.01277	0.28123	0.00833	0.01627	0.01125	0.10188	0.00972	0.02812	0.00826	0.00941	0.10632	0.00216	0.06987	0.00377	0.00286	0.00593
3	0.01118	0.01068	0.01818	0.29733	0.53713	0.01142	0.01459	0.01422	0.01073	0.01486	0.00907	0.01248	0.00736	0.00456	0.00488	0.00152	0.00608	0.00437	0.00235	0.00699
4	0.09478	0.01009	0.01626	0.39448	0.36273	0.01126	0.01345	0.01384	0.01027	0.01501	0.00877	0.01219	0.00697	0.00465	0.00471	0.00155	0.00597	0.00420	0.00238	0.00646
5	0.10483	0.00561	0.00678	0.00719	0.02221	0.00554	0.00514	0.00985	0.02218	0.04990	0.20611	0.34146	0.04158	0.06293	0.00684	0.00197	0.00319	0.06781	0.02428	0.00461
6	0.00690	0.00502	0.00649	0.00613	0.00731	0.00461	0.00459	0.00917	0.01378	0.01940	0.75877	0.03721	0.08183	0.01016	0.00580	0.00155	0.00233	0.00896	0.00537	0.00461
7	0.01160	0.01326	0.02900	0.02071	0.02568	0.01243	0.77879	0.01574	0.01160	0.01574	0.00994	0.01326	0.00746	0.00414	0.00580	0.00166	0.00829	0.00580	0.00249	0.00663
8	0.01160	0.01326	0.02900	0.02071	0.02568	0.01243	0.77879	0.01574	0.01160	0.01574	0.00994	0.01326	0.00746	0.00414	0.00580	0.00166	0.00829	0.00580	0.00249	0.00663
9	0.00782	0.00474	0.00635	0.00706	0.00774	0.00436	0.00486	0.00879	0.00994	0.10216	0.02621	0.73221	0.03019	0.01434	0.00612	0.00194	0.00300	0.01294	0.00473	0.00449
10	0.00655	0.00501	0.00601	0.00576	0.00709	0.00447	0.00432	0.00849	0.01296	0.01744	0.53218	0.04043	0.30965	0.01089	0.00580	0.00159	0.00238	0.00941	0.00511	0.00447
11	0.86201	0.00950	0.00722	0.00646	0.00950	0.01102	0.00532	0.01445	0.00836	0.02205	0.00684	0.00798	0.00532	0.00456	0.00304	0.00152	0.00380	0.00266	0.00304	0.00532
12	0.86201	0.00950	0.00722	0.00646	0.00950	0.01102	0.00532	0.01445	0.00836	0.02205	0.00684	0.00798	0.00532	0.00456	0.00304	0.00152	0.00380	0.00266	0.00304	0.00532
13	0.02205	0.00836	0.01140	0.00874	0.01254	0.00722	0.00722	0.02395	0.01407	0.80004	0.01939	0.01673	0.01216	0.00608	0.00494	0.00152	0.00418	0.00494	0.00608	0.00836
14	0.01878	0.02171	0.01364	0.01221	0.01489	0.71649	0.00924	0.02012	0.01394	0.10170	0.00894	0.00976	0.00699	0.00518	0.00449	0.00129	0.00833	0.00337	0.00294	0.00600
15	0.00897	0.00818	0.01294	0.51613	0.04053	0.00920	0.03200	0.01181	0.01025	0.01339	0.01516	0.02084	0.09851	0.00645	0.00508	0.00160	0.00560	0.07993	0.00278	0.10066
16	0.01458	0.01101	0.01213	0.06197	0.01398	0.04921	0.00832	0.41352	0.07545	0.02207	0.01243	0.01627	0.01022	0.00882	0.00808	0.18343	0.00522	0.06289	0.00401	0.00638
17	0.00928	0.00873	0.01474	0.81548	0.03385	0.01092	0.01365	0.01256	0.00983	0.01256	0.00873	0.01310	0.00655	0.00491	0.00491	0.00164	0.00655	0.00437	0.00218	0.00546
18	0.01160	0.01326	0.02900	0.02071	0.02568	0.01243	0.77879	0.01574	0.01160	0.01574	0.00994	0.01326	0.00746	0.00414	0.00580	0.00166	0.00829	0.00580	0.00249	0.00663
19	0.09398	0.02195	0.63376	0.10447	0.02154	0.01132	0.01638	0.01511	0.01011	0.01586	0.00861	0.01045	0.00617	0.00469	0.00454	0.00156	0.00684	0.00362	0.00218	0.00687
20	0.01081	0.06486	0.71171	0.01338	0.02027	0.01155	0.01696	0.01606	0.01059	0.06600	0.00940	0.01066	0.00661	0.00474	0.00461	0.00153	0.00696	0.00367	0.00234	0.00729
21	0.02029	0.01024	0.01210	0.08895	0.01501	0.09884	0.00816	0.03935	0.01383	0.61527	0.01682	0.01536	0.01086	0.00585	0.00488	0.00150	0.00498	0.00467	0.00527	0.00777
22	0.00597	0.00435	0.00563	0.00666	0.00708	0.00401	0.00448	0.00686	0.00959	0.01262	0.02933	0.74734	0.10780	0.01510	0.00623	0.00196	0.00282	0.01361	0.00456	0.00401
23	0.01242	0.01107	0.01871	0.13265	0.64513	0.01129	0.01438	0.01532	0.01120	0.06620	0.00983	0.01258	0.00790	0.00456	0.00488	0.00149	0.00583	0.00441	0.00264	0.00751
24	0.01225	0.01249	0.09605	0.11655	0.58262	0.01128	0.01472	0.01541	0.01114	0.06622	0.00980	0.01239	0.00777	0.00458	0.00486	0.00149	0.00595	0.00434	0.00260	0.00751

[dist]
# distance from previous block
# <min> <max>
0	23

[block]
# block no. 5 follows, 51 sequences, length 27
# corresponding to MSA columns:
# 449-475
name=unknown_F
#
# <colnr> <probs for GDERKNQSTAVLIFYWHMCP>
#	G	D	E	R	K	N	Q	S	T	A	V	L	I	F	Y	W	H	M	C	P
0	0.01538	0.01857	0.01214	0.01132	0.01342	0.58632	0.00844	0.01734	0.05694	0.01254	0.01149	0.12524	0.01098	0.00909	0.06740	0.00191	0.00807	0.00499	0.00297	0.00547
1	0.01157	0.01055	0.01790	0.04798	0.66458	0.01061	0.01352	0.01379	0.01048	0.01490	0.00913	0.01258	0.00786	0.00618	0.00689	0.12218	0.00564	0.00436	0.00238	0.00692
2	0.01019	0.00873	0.01019	0.00728	0.01165	0.00655	0.00582	0.01237	0.01019	0.01601	0.00873	0.01019	0.00728	0.00364	0.00364	0.00073	0.00364	0.00291	0.00291	0.85734
3	0.01332	0.02033	0.00889	0.00755	0.00977	0.00675	0.00581	0.09909	0.01285	0.28964	0.05600	0.21149	0.12787	0.07333	0.00690	0.00188	0.00370	0.00805	0.03075	0.00603
4	0.00619	0.00503	0.00545	0.00548	0.00696	0.00436	0.00416	0.00761	0.01143	0.01415	0.15158	0.04583	0.59841	0.04458	0.00665	0.00181	0.00271	0.06880	0.00462	0.00420
5	0.00773	0.00521	0.00673	0.00624	0.00759	0.00475	0.00472	0.00995	0.01373	0.06374	0.69659	0.03633	0.09800	0.00999	0.00575	0.00155	0.00244	0.00877	0.00539	0.00481
6	0.00689	0.00502	0.00648	0.00611	0.00730	0.00461	0.00459	0.00915	0.01376	0.01934	0.75161	0.03731	0.08903	0.01018	0.00580	0.00155	0.00233	0.00897	0.00536	0.00461
7	0.86201	0.00950	0.00722	0.00646	0.00950	0.01102	0.00532	0.01445	0.00836	0.02205	0.00684	0.00798	0.00532	0.00456	0.00304	0.00152	0.00380	0.00266	0.00304	0.00532
8	0.01222	0.01056	0.01111	0.01000	0.01278	0.01222	0.00778	0.02611	0.78776	0.02056	0.02000	0.01833	0.01500	0.00667	0.00500	0.00167	0.00389	0.00556	0.00500	0.00778
9	0.01019	0.00873	0.01019	0.00728	0.01165	0.00655	0.00582	0.01237	0.01019	0.01601	0.00873	0.01019	0.00728	0.00364	0.00364	0.00073	0.00364	0.00291	0.00291	0.85734
10	0.86201	0.00950	0.00722	0.00646	0.00950	0.01102	0.00532	0.01445	0.00836	0.02205	0.00684	0.00798	0.00532	0.00456	0.00304	0.00152	0.00380	0.00266	0.00304	0.00532
11	0.00928	0.00873	0.01474	0.81548	0.03385	0.01092	0.01365	0.01256	0.00983	0.01256	0.00873	0.01310	0.00655	0.00491	0.00491	0.00164	0.00655	0.00437	0.00218	0.00546
12	0.00598	0.00493	0.00526	0.00529	0.00678	0.00421	0.00393	0.00735	0.01144	0.01413	0.15302	0.10640	0.62961	0.01234	0.00584	0.00167	0.00249	0.01044	0.00468	0.00421
13	0.02155	0.00916	0.01190	0.00912	0.01294	0.00840	0.00753	0.13515	0.01539	0.68697	0.01827	0.01600	0.01160	0.00606	0.00494	0.00151	0.00436	0.00487	0.00591	0.00836
14	0.01032	0.13898	0.69233	0.01322	0.02005	0.01255	0.01678	0.01544	0.01032	0.01500	0.00854	0.01002	0.00624	0.00460	0.00446	0.00149	0.00698	0.00349	0.00208	0.00713
15	0.00628	0.00498	0.00565	0.00605	0.00732	0.00443	0.00461	0.00760	0.01077	0.01327	0.04036	0.17347	0.49911	0.04551	0.00683	0.00195	0.00301	0.15015	0.00449	0.00415
16	0.01703	0.01253	0.01359	0.01058	0.01413	0.01374	0.00868	0.67147	0.02181	0.02938	0.12217	0.01531	0.01372	0.00648	0.00504	0.00148	0.00497	0.00505	0.00499	0.00783
17	0.01925	0.00898	0.01278	0.12184	0.08435	0.00853	0.00890	0.06035	0.01369	0.58348	0.01664	0.01557	0.01081	0.00576	0.00493	0.00153	0.00472	0.00479	0.00517	0.00791
18	0.06484	0.07401	0.01345	0.00976	0.01297	0.01123	0.00820	0.18881	0.01444	0.39129	0.01439	0.01471	0.01013	0.00638	0.00632	0.00158	0.11939	0.02584	0.00475	0.00750
19	0.86201	0.00950	0.00722	0.00646	0.00950	0.01102	0.00532	0.01445	0.00836	0.02205	0.00684	0.00798	0.00532	0.00456	0.00304	0.00152	0.00380	0.00266	0.00304	0.00532
20	0.01342	0.01196	0.01850	0.07174	0.58103	0.01241	0.01374	0.18259	0.01372	0.01912	0.00977	0.01214	0.00784	0.00474	0.00488	0.00147	0.00579	0.00439	0.00296	0.00777
21	0.00599	0.00428	0.00570	0.00684	0.00713	0.00399	0.00456	0.00684	0.00941	0.01254	0.02709	0.82409	0.03250	0.01540	0.00627	0.00200	0.00285	0.01397	0.00456	0.00399
22	0.01083	0.01102	0.01679	0.11160	0.01745	0.03159	0.13391	0.01277	0.00885	0.01293	0.00752	0.01135	0.00670	0.00691	0.01170	0.00186	0.49688	0.00440	0.00229	0.08267
23	0.01148	0.00978	0.01047	0.00946	0.01201	0.01115	0.00734	0.02374	0.67857	0.02044	0.12922	0.02093	0.01943	0.00714	0.00511	0.00165	0.00367	0.00603	0.00506	0.00734
24	0.01044	0.00984	0.01383	0.01198	0.01198	0.01353	0.00984	0.01106	0.00737	0.01136	0.00675	0.01134	0.00675	0.00980	0.01656	0.12277	0.70344	0.00430	0.00215	0.00492
25	0.61449	0.03412	0.00987	0.00926	0.07191	0.08769	0.00681	0.04145	0.00999	0.06498	0.00798	0.00902	0.00613	0.00472	0.00349	0.00148	0.00456	0.00303	0.00316	0.00585
26	0.00955	0.00525	0.00537	0.00522	0.00654	0.00543	0.00396	0.02845	0.07117	0.01860	0.01619	0.01821	0.01269	0.00650	0.02164	0.00134	0.00272	0.00467	0.75159	0.00490

[dist]
# distance from previous block
# <min> <max>
0	6

[block]
# block no. 6 follows, 51 sequences, length 8
# corresponding to MSA columns:
# 482-489
name=unknown_G
#
# <colnr> <probs for GDERKNQSTAVLIFYWHMCP>
#	G	D	E	R	K	N	Q	S	T	A	V	L	I	F	Y	W	H	M	C	P
0	0.00986	0.02542	0.80183	0.01401	0.02127	0.01141	0.01816	0.01556	0.01038	0.01556	0.00882	0.01038	0.00623	0.00467	0.00467	0.00156	0.00726	0.00363	0.00208	0.00726
1	0.04859	0.00560	0.00700	0.00638	0.00796	0.00518	0.00488	0.01097	0.01343	0.10668	0.60533	0.03405	0.10602	0.00956	0.00557	0.00155	0.00261	0.00828	0.00530	0.00504
2	0.01314	0.83025	0.02575	0.00841	0.01261	0.01945	0.00841	0.01472	0.00999	0.01156	0.00683	0.00788	0.00631	0.00420	0.00315	0.00105	0.00526	0.00263	0.00210	0.00631
3	0.01100	0.01746	0.29583	0.01840	0.02416	0.01208	0.51617	0.01568	0.01118	0.01568	0.00955	0.01226	0.00703	0.00432	0.00541	0.00162	0.00793	0.00505	0.00234	0.00685
4	0.00599	0.00428	0.00570	0.00684	0.00713	0.00399	0.00456	0.00684	0.00941	0.01254	0.02709	0.82409	0.03250	0.01540	0.00627	0.00200	0.00285	0.01397	0.00456	0.00399
5	0.00612	0.00441	0.00599	0.00698	0.00735	0.00428	0.00477	0.00710	0.00921	0.01239	0.02524	0.71745	0.02982	0.01824	0.11248	0.00278	0.00422	0.01282	0.00431	0.00404
6	0.01879	0.12060	0.01537	0.01028	0.01421	0.01378	0.00868	0.48870	0.01909	0.22172	0.01305	0.01252	0.00904	0.00572	0.00469	0.00143	0.00508	0.00432	0.00484	0.00809
7	0.00818	0.00639	0.00907	0.00776	0.00887	0.00619	0.10629	0.03969	0.00903	0.01211	0.04305	0.06103	0.06097	0.55116	0.01845	0.00369	0.00493	0.00723	0.00322	0.03268

[dist]
# distance from previous block
# <min> <max>
0	1

[block]
# block no. 7 follows, 51 sequences, length 17
# corresponding to MSA columns:
# 491-507
name=unknown_H
#
# <colnr> <probs for GDERKNQSTAVLIFYWHMCP>
#	G	D	E	R	K	N	Q	S	T	A	V	L	I	F	Y	W	H	M	C	P
0	0.01549	0.02035	0.12885	0.01576	0.12306	0.45464	0.07736	0.04869	0.04332	0.01449	0.00885	0.01039	0.00703	0.00493	0.00468	0.00139	0.00784	0.00377	0.00264	0.00647
1	0.00696	0.00476	0.00573	0.00590	0.00605	0.00483	0.00361	0.00731	0.00757	0.01020	0.01685	0.14398	0.01925	0.60971	0.12260	0.00477	0.00557	0.00788	0.00316	0.00330
2	0.00928	0.00873	0.01474	0.81548	0.03385	0.01092	0.01365	0.01256	0.00983	0.01256	0.00873	0.01310	0.00655	0.00491	0.00491	0.00164	0.00655	0.00437	0.00218	0.00546
3	0.01065	0.05150	0.58297	0.01560	0.13122	0.01158	0.01626	0.04331	0.01093	0.01608	0.00891	0.01058	0.00660	0.00459	0.00459	0.00147	0.00669	0.00369	0.00228	0.06050
4	0.01283	0.61497	0.09023	0.00954	0.01339	0.01770	0.00954	0.01470	0.00981	0.03965	0.00739	0.00882	0.00653	0.00494	0.00520	0.00127	0.12188	0.00303	0.00225	0.00633
5	0.00759	0.00550	0.00746	0.00824	0.00942	0.00537	0.00704	0.00977	0.01173	0.01541	0.15382	0.05169	0.09444	0.01290	0.00654	0.00210	0.00400	0.57781	0.00467	0.00451
6	0.01049	0.12731	0.01623	0.07157	0.05994	0.01347	0.04838	0.01215	0.00913	0.01301	0.07581	0.06380	0.01162	0.00778	0.01077	0.00183	0.43340	0.00514	0.00261	0.00557
7	0.00970	0.00900	0.01422	0.70007	0.03083	0.01111	0.01281	0.01450	0.12129	0.01370	0.01035	0.01385	0.00776	0.00516	0.00493	0.00164	0.00617	0.00454	0.00259	0.00579
8	0.00582	0.00495	0.00501	0.00507	0.00666	0.00414	0.00377	0.00704	0.01112	0.01324	0.04872	0.08355	0.75907	0.01258	0.00583	0.00168	0.00251	0.01054	0.00456	0.00414
9	0.00810	0.00572	0.00690	0.00717	0.00815	0.00568	0.00511	0.11815	0.01169	0.01597	0.05201	0.57275	0.06533	0.01287	0.00580	0.00182	0.00313	0.01144	0.07750	0.00470
10	0.01206	0.13578	0.57981	0.01247	0.01881	0.01194	0.01522	0.01665	0.01085	0.12740	0.01005	0.01094	0.00709	0.00481	0.00450	0.00148	0.00654	0.00368	0.00265	0.00729
11	0.01075	0.01075	0.01505	0.01290	0.01290	0.01505	0.01075	0.01183	0.00753	0.01183	0.00645	0.01075	0.00645	0.00860	0.01613	0.00215	0.81830	0.00430	0.00215	0.00538
12	0.00741	0.00550	0.00696	0.00651	0.00781	0.00529	0.00491	0.01072	0.08024	0.01978	0.72770	0.03513	0.04368	0.00976	0.00573	0.00156	0.00245	0.00860	0.00537	0.00491
13	0.86201	0.00950	0.00722	0.00646	0.00950	0.01102	0.00532	0.01445	0.00836	0.02205	0.00684	0.00798	0.00532	0.00456	0.00304	0.00152	0.00380	0.00266	0.00304	0.00532
14	0.01029	0.00985	0.01674	0.52838	0.20525	0.01128	0.06973	0.01421	0.05891	0.01408	0.00964	0.01323	0.00743	0.00484	0.00497	0.00160	0.00635	0.00455	0.00244	0.00622
15	0.01041	0.00968	0.01673	0.56611	0.20677	0.01109	0.06165	0.01362	0.01036	0.03363	0.00920	0.01299	0.00703	0.00477	0.00496	0.00160	0.00644	0.00447	0.00236	0.00614
16	0.01654	0.01055	0.01315	0.16587	0.01757	0.01090	0.00907	0.30854	0.01612	0.23842	0.01286	0.01318	0.00890	0.00543	0.00473	0.00141	0.00503	0.00433	0.00441	0.13299

[dist]
# distance from previous block
# <min> <max>
0	48

[block]
# block no. 8 follows, 51 sequences, length 41
# corresponding to MSA columns:
# 561-601
name=unknown_I
#
# <colnr> <probs for GDERKNQSTAVLIFYWHMCP>
#	G	D	E	R	K	N	Q	S	T	A	V	L	I	F	Y	W	H	M	C	P
0	0.13016	0.01069	0.09424	0.46859	0.10093	0.01067	0.03445	0.01308	0.00973	0.01447	0.00934	0.01275	0.02172	0.00546	0.00530	0.04010	0.00603	0.00420	0.00237	0.00571
1	0.22235	0.04268	0.01060	0.00817	0.01131	0.00969	0.00670	0.13521	0.05519	0.28148	0.13966	0.01722	0.02671	0.00637	0.00456	0.00151	0.00398	0.00496	0.00481	0.00685
2	0.22889	0.04677	0.45456	0.01164	0.02909	0.05168	0.01315	0.01615	0.01035	0.08247	0.00908	0.01016	0.00652	0.00476	0.00422	0.00151	0.00611	0.00345	0.00269	0.00676
3	0.00928	0.00873	0.01474	0.81548	0.03385	0.01092	0.01365	0.01256	0.00983	0.01256	0.00873	0.01310	0.00655	0.00491	0.00491	0.00164	0.00655	0.00437	0.00218	0.00546
4	0.01150	0.01304	0.02814	0.04600	0.02558	0.01245	0.73215	0.01553	0.01143	0.01553	0.00980	0.01318	0.00740	0.00430	0.00607	0.00167	0.03151	0.00571	0.00247	0.00655
5	0.01155	0.00989	0.01052	0.00963	0.01216	0.01134	0.00742	0.02405	0.70411	0.01971	0.02116	0.09135	0.03023	0.00755	0.00513	0.00170	0.00377	0.00640	0.00495	0.00737
6	0.00622	0.00489	0.00562	0.00565	0.00695	0.00429	0.00416	0.00778	0.01186	0.01535	0.29877	0.15516	0.43168	0.01206	0.00587	0.00167	0.00248	0.01038	0.00485	0.00429
7	0.00677	0.00496	0.00650	0.00732	0.00820	0.00469	0.00568	0.00834	0.01082	0.01417	0.10807	0.35239	0.14014	0.01377	0.00635	0.00200	0.00336	0.28757	0.00464	0.00428
8	0.00696	0.00502	0.00657	0.00618	0.00734	0.00464	0.00464	0.00927	0.01391	0.01971	0.79405	0.03671	0.04637	0.01005	0.00580	0.00155	0.00232	0.00889	0.00541	0.00464
9	0.01868	0.01376	0.01475	0.01131	0.01524	0.01524	0.00934	0.78025	0.02311	0.03097	0.01180	0.01180	0.00836	0.00590	0.00492	0.00147	0.00541	0.00442	0.00492	0.00836
10	0.02205	0.00836	0.01140	0.00874	0.01254	0.00722	0.00722	0.02395	0.01407	0.80004	0.01939	0.01673	0.01216	0.00608	0.00494	0.00152	0.00418	0.00494	0.00608	0.00836
11	0.01314	0.01101	0.01163	0.01019	0.01313	0.01265	0.00800	0.13275	0.67964	0.02203	0.01884	0.01741	0.01406	0.00656	0.00499	0.00164	0.00410	0.00540	0.00499	0.00786
12	0.00678	0.00494	0.00644	0.00670	0.00769	0.00460	0.00507	0.00864	0.01216	0.01659	0.41809	0.23225	0.10493	0.01213	0.00607	0.00178	0.00282	0.13291	0.00499	0.00442
13	0.01081	0.12508	0.01248	0.00772	0.01190	0.00895	0.00639	0.01411	0.08941	0.01585	0.00961	0.01069	0.00793	0.00403	0.00371	0.00087	0.00389	0.00314	0.00301	0.65042
14	0.01000	0.00647	0.00867	0.06476	0.01033	0.00619	0.03721	0.01109	0.00902	0.12282	0.01454	0.02482	0.01438	0.45718	0.05291	0.00352	0.00519	0.02118	0.00335	0.11635
15	0.01638	0.01159	0.01404	0.20654	0.01923	0.01290	0.00999	0.43867	0.07326	0.12840	0.01265	0.01324	0.00890	0.00574	0.00492	0.00153	0.00541	0.00456	0.00441	0.00761
16	0.00783	0.12171	0.00928	0.00650	0.00809	0.00673	0.00517	0.01004	0.01336	0.01856	0.68273	0.03263	0.04070	0.00922	0.00542	0.00148	0.00273	0.00800	0.00494	0.00487
17	0.00664	0.00532	0.00614	0.00599	0.00758	0.00451	0.00439	0.00806	0.01094	0.01437	0.14304	0.25752	0.36446	0.01168	0.00563	0.00161	0.00273	0.01011	0.00445	0.12482
18	0.01101	0.01023	0.01721	0.56403	0.02980	0.01179	0.14565	0.12166	0.01201	0.01571	0.00938	0.01294	0.00696	0.00492	0.00507	0.00162	0.00669	0.00462	0.00262	0.00607
19	0.01880	0.00814	0.01152	0.12285	0.01532	0.00759	0.00820	0.02094	0.01319	0.60865	0.01856	0.02016	0.01301	0.00668	0.00513	0.00161	0.00455	0.08217	0.00537	0.00756
20	0.01992	0.00793	0.01091	0.00862	0.01201	0.00707	0.00707	0.02180	0.01319	0.68853	0.01851	0.01709	0.01218	0.01043	0.11847	0.00242	0.00545	0.00499	0.00559	0.00780
21	0.01365	0.00900	0.01378	0.39168	0.10879	0.00977	0.01107	0.06325	0.01230	0.23893	0.06808	0.01564	0.01124	0.00561	0.00498	0.00157	0.00542	0.00486	0.00372	0.00666
22	0.04687	0.01234	0.01365	0.01182	0.06987	0.03958	0.00896	0.45757	0.09770	0.13618	0.04573	0.01399	0.01094	0.00599	0.00488	0.00150	0.00504	0.00469	0.00479	0.00791
23	0.00854	0.00427	0.00640	0.00640	0.00640	0.00427	0.00427	0.00640	0.00640	0.00854	0.00854	0.01494	0.00854	0.01707	0.01921	0.85702	0.00427	0.00427	0.00213	0.00213
24	0.57393	0.00845	0.00700	0.00627	0.00886	0.00955	0.00508	0.06453	0.00987	0.02163	0.00967	0.01105	0.00750	0.00497	0.00327	0.00142	0.00350	0.00330	0.23483	0.00532
