[name]
unknown

[dist]
# distance from previous block
# <min> <max>
5	272

[block]
# block no. 0 follows, 48 sequences, length 41
# corresponding to MSA columns:
# 292-332
name=unknown_A
#
# <colnr> <probs for GDERKNQSTAVLIFYWHMCP>
#	G	D	E	R	K	N	Q	S	T	A	V	L	I	F	Y	W	H	M	C	P
0	0.10252	0.05039	0.05046	0.02334	0.04476	0.12190	0.00844	0.07220	0.09318	0.13706	0.08005	0.03779	0.06221	0.00722	0.00501	0.00158	0.00511	0.05509	0.00424	0.03745
1	0.14710	0.26507	0.03423	0.01018	0.02840	0.17206	0.00861	0.09904	0.01285	0.07681	0.01068	0.01142	0.03530	0.00535	0.00433	0.00135	0.02071	0.00365	0.00322	0.04962
2	0.05440	0.06916	0.06422	0.01237	0.01619	0.04164	0.12348	0.28007	0.01537	0.03782	0.01116	0.04687	0.00915	0.02285	0.00644	0.00161	0.07971	0.00484	0.00366	0.09899
3	0.06279	0.00896	0.01018	0.00904	0.01096	0.05045	0.03402	0.13017	0.03971	0.05459	0.08289	0.24713	0.03595	0.06389	0.00760	0.00194	0.05858	0.00805	0.04089	0.04220
4	0.00934	0.06339	0.01001	0.00868	0.01019	0.04750	0.03258	0.08949	0.01205	0.01575	0.05843	0.49775	0.02659	0.01246	0.00597	0.00185	0.00405	0.05392	0.00442	0.03559
5	0.01228	0.14265	0.04171	0.01646	0.02056	0.01332	0.43910	0.01542	0.01120	0.05148	0.01095	0.05114	0.00931	0.03489	0.00734	0.00179	0.08856	0.00566	0.00279	0.02340
6	0.00891	0.00446	0.00668	0.00668	0.00668	0.00446	0.00446	0.00668	0.00668	0.00891	0.00891	0.01560	0.00891	0.01783	0.02005	0.85071	0.00446	0.00446	0.00223	0.00223
7	0.02988	0.01267	0.01373	0.03041	0.01502	0.02706	0.00900	0.51526	0.11453	0.08076	0.04613	0.05541	0.01263	0.00689	0.00522	0.00160	0.00516	0.00545	0.00509	0.00809
8	0.01118	0.01236	0.04177	0.01855	0.05371	0.01142	0.54597	0.01558	0.05125	0.01696	0.09817	0.03597	0.04989	0.00582	0.00596	0.00171	0.00720	0.00670	0.00320	0.00664
9	0.00891	0.00446	0.00668	0.00668	0.00668	0.00446	0.00446	0.00668	0.00668	0.00891	0.00891	0.01560	0.00891	0.01783	0.02005	0.85071	0.00446	0.00446	0.00223	0.00223
10	0.01211	0.01384	0.03028	0.02163	0.02682	0.01298	0.76903	0.01644	0.01211	0.01644	0.01038	0.01384	0.00779	0.00433	0.00606	0.00173	0.00865	0.00606	0.00260	0.00692
11	0.00627	0.00451	0.00595	0.00705	0.00743	0.00419	0.00473	0.00721	0.01001	0.01330	0.04681	0.76860	0.06330	0.01583	0.00652	0.00206	0.00295	0.01432	0.00478	0.00419
12	0.00640	0.00465	0.00604	0.00688	0.00744	0.00429	0.00471	0.00757	0.01073	0.01436	0.15169	0.62939	0.09704	0.01493	0.00643	0.00198	0.00286	0.01343	0.00491	0.00429
13	0.01372	0.82276	0.02689	0.00878	0.01317	0.02030	0.00878	0.01536	0.01043	0.01207	0.00713	0.00823	0.00658	0.00439	0.00329	0.00110	0.00549	0.00274	0.00219	0.00658
14	0.01890	0.01401	0.01507	0.01152	0.01565	0.01529	0.00950	0.71847	0.02320	0.03126	0.01210	0.01220	0.00865	0.00600	0.00504	0.00149	0.00552	0.00451	0.00499	0.06663
15	0.00640	0.00505	0.00564	0.00580	0.00704	0.00443	0.00415	0.00770	0.01147	0.01449	0.16236	0.19235	0.46517	0.07528	0.00770	0.00203	0.00283	0.01104	0.00478	0.00429
16	0.00630	0.00449	0.00594	0.00708	0.00737	0.00420	0.00470	0.00716	0.00973	0.01297	0.02778	0.78428	0.03331	0.04897	0.00735	0.00220	0.00306	0.01430	0.00470	0.00412
17	0.01064	0.00912	0.01064	0.00760	0.01216	0.00684	0.00608	0.01292	0.01064	0.01672	0.00912	0.01064	0.00760	0.00380	0.00380	0.00076	0.00380	0.00304	0.00304	0.85104
18	0.01276	0.01102	0.01160	0.01044	0.01334	0.01276	0.00812	0.02727	0.77840	0.02146	0.02088	0.01914	0.01566	0.00696	0.00522	0.00174	0.00406	0.00580	0.00522	0.00812
19	0.85592	0.00992	0.00754	0.00675	0.00992	0.01151	0.00556	0.01508	0.00873	0.02302	0.00714	0.00834	0.00556	0.00476	0.00318	0.00159	0.00397	0.00278	0.00318	0.00556
20	0.85592	0.00992	0.00754	0.00675	0.00992	0.01151	0.00556	0.01508	0.00873	0.02302	0.00714	0.00834	0.00556	0.00476	0.00318	0.00159	0.00397	0.00278	0.00318	0.00556
21	0.00746	0.00497	0.00560	0.00560	0.00560	0.00497	0.00311	0.00746	0.00746	0.00995	0.01617	0.03358	0.01865	0.81967	0.02612	0.00497	0.00497	0.00746	0.00311	0.00311
22	0.02302	0.00873	0.01191	0.00913	0.01310	0.00754	0.00754	0.02501	0.01469	0.79122	0.02024	0.01746	0.01270	0.00635	0.00516	0.00159	0.00437	0.00516	0.00635	0.00873
23	0.01123	0.01123	0.01572	0.01347	0.01347	0.01572	0.01123	0.01235	0.00786	0.01235	0.00674	0.01123	0.00674	0.00898	0.01684	0.00225	0.81028	0.00449	0.00225	0.00561
24	0.01961	0.01421	0.01530	0.01173	0.01583	0.01567	0.00969	0.74866	0.02385	0.05463	0.01255	0.01247	0.00884	0.00617	0.00513	0.00154	0.00561	0.00464	0.00517	0.00873
25	0.00775	0.00567	0.00794	0.00743	0.00808	0.00582	0.05671	0.00865	0.00827	0.01145	0.01602	0.08204	0.01730	0.48385	0.21350	0.00521	0.00716	0.00726	0.03602	0.00387
26	0.85592	0.00992	0.00754	0.00675	0.00992	0.01151	0.00556	0.01508	0.00873	0.02302	0.00714	0.00834	0.00556	0.00476	0.00318	0.00159	0.00397	0.00278	0.00318	0.00556
27	0.00634	0.00453	0.00603	0.00708	0.00746	0.00423	0.00477	0.00737	0.01023	0.01375	0.09437	0.74838	0.03520	0.01559	0.00651	0.00204	0.00293	0.01412	0.00484	0.00423
28	0.01029	0.02654	0.79309	0.01462	0.02221	0.01192	0.01896	0.01625	0.01083	0.01625	0.00921	0.01083	0.00650	0.00487	0.00487	0.00162	0.00758	0.00379	0.00217	0.00758
29	0.02261	0.00939	0.01231	0.00944	0.01342	0.00851	0.00780	0.11142	0.01578	0.70326	0.01932	0.01687	0.01224	0.00633	0.00516	0.00158	0.00451	0.00510	0.00621	0.00873
30	0.04379	0.00888	0.01187	0.00913	0.01308	0.00782	0.00754	0.04069	0.01474	0.75578	0.01975	0.01713	0.01244	0.00631	0.00511	0.00159	0.00438	0.00509	0.00625	0.00865
31	0.00906	0.00617	0.00823	0.00763	0.00951	0.00557	0.04430	0.01101	0.01259	0.10578	0.20340	0.05862	0.31610	0.02876	0.00659	0.00189	0.00354	0.15114	0.00499	0.00513
32	0.01205	0.01366	0.02928	0.02107	0.02590	0.01316	0.71694	0.01615	0.01182	0.01615	0.01013	0.01366	0.00771	0.00465	0.00680	0.00177	0.06376	0.00595	0.00257	0.00683
33	0.01942	0.01060	0.01253	0.00997	0.01366	0.01081	0.00812	0.22709	0.17805	0.39547	0.01810	0.01648	0.01226	0.00641	0.00511	0.00159	0.00458	0.00514	0.03613	0.00846
34	0.12760	0.00928	0.01370	0.56215	0.02781	0.01149	0.01206	0.02639	0.02888	0.01516	0.00939	0.01320	0.00725	0.00612	0.02188	0.00184	0.06267	0.00437	0.03303	0.00573
35	0.00669	0.00491	0.00616	0.00693	0.00764	0.00458	0.00496	0.00785	0.01041	0.01353	0.05916	0.43724	0.17821	0.10181	0.00863	0.00235	0.00337	0.12675	0.00461	0.00420
36	0.00704	0.00520	0.00658	0.00631	0.00755	0.00473	0.00470	0.00922	0.01388	0.01924	0.64163	0.07950	0.15310	0.01113	0.00608	0.00165	0.00247	0.00977	0.00548	0.00473
37	0.01689	0.01333	0.01337	0.05140	0.01519	0.11379	0.00898	0.41421	0.06964	0.07753	0.04063	0.03311	0.01230	0.04507	0.00617	0.00174	0.00568	0.03205	0.02147	0.00746
38	0.36486	0.16797	0.05224	0.00965	0.02854	0.13593	0.00822	0.09477	0.01179	0.01940	0.00833	0.00958	0.00667	0.00507	0.00411	0.00145	0.02559	0.00325	0.03630	0.00627
39	0.01222	0.00991	0.01269	0.00948	0.01359	0.00863	0.06802	0.11067	0.02555	0.05497	0.01162	0.06698	0.00993	0.00527	0.00470	0.00112	0.02108	0.00446	0.00357	0.54556
40	0.03688	0.14441	0.42791	0.01407	0.06265	0.06512	0.03618	0.05449	0.02386	0.01626	0.01008	0.01162	0.02595	0.00528	0.00522	0.00155	0.04480	0.00396	0.00253	0.00717

[dist]
# distance from previous block
# <min> <max>
0	9

[block]
# block no. 1 follows, 48 sequences, length 26
# corresponding to MSA columns:
# 342-367
name=unknown_B
#
# <colnr> <probs for GDERKNQSTAVLIFYWHMCP>
#	G	D	E	R	K	N	Q	S	T	A	V	L	I	F	Y	W	H	M	C	P
0	0.06599	0.61195	0.06310	0.00934	0.01364	0.03823	0.00913	0.05219	0.06889	0.01464	0.00854	0.00941	0.00730	0.00474	0.00363	0.00123	0.00550	0.00313	0.00263	0.00677
1	0.00644	0.00459	0.00604	0.00698	0.00737	0.00429	0.00468	0.00747	0.01026	0.01383	0.11888	0.68069	0.03487	0.05834	0.00753	0.00218	0.00302	0.01357	0.00478	0.00419
2	0.01153	0.15008	0.15102	0.23663	0.20587	0.01347	0.11201	0.01505	0.01090	0.01474	0.00903	0.01202	0.00716	0.00482	0.00516	0.00156	0.02537	0.00432	0.00235	0.00689
3	0.01286	0.06126	0.01288	0.01150	0.06889	0.03850	0.00839	0.10447	0.45685	0.02021	0.01986	0.07229	0.05513	0.02667	0.00569	0.00175	0.00452	0.00620	0.00464	0.00744
4	0.00799	0.00602	0.00795	0.00743	0.00776	0.00663	0.03004	0.00858	0.00780	0.01076	0.01455	0.02820	0.01601	0.56972	0.16013	0.00515	0.09182	0.00676	0.00294	0.00376
5	0.00839	0.00547	0.00657	0.00635	0.00780	0.00502	0.00474	0.01062	0.03314	0.07314	0.33533	0.14707	0.21390	0.01094	0.00574	0.00166	0.00272	0.00947	0.10695	0.00498
6	0.00740	0.00597	0.00695	0.00739	0.04455	0.00561	0.00505	0.00994	0.07664	0.01537	0.17330	0.09331	0.38933	0.10914	0.00842	0.00213	0.00322	0.02683	0.00466	0.00478
7	0.01250	0.01405	0.11233	0.01498	0.01771	0.01455	0.17414	0.11749	0.04889	0.01686	0.00926	0.01227	0.00764	0.00701	0.01093	0.00194	0.39310	0.00482	0.00285	0.00668
8	0.01101	0.00683	0.00834	0.00744	0.00945	0.00652	0.00575	0.06001	0.05944	0.16261	0.31995	0.10075	0.18706	0.01021	0.00601	0.00169	0.01695	0.00871	0.00541	0.00585
9	0.00650	0.00465	0.00620	0.00716	0.00763	0.00435	0.00495	0.00769	0.01061	0.01431	0.13923	0.66523	0.03585	0.01516	0.00650	0.00203	0.00298	0.04980	0.00489	0.00429
10	0.01084	0.15828	0.55160	0.10940	0.02238	0.01329	0.03499	0.01573	0.01073	0.01517	0.00888	0.01081	0.00659	0.00481	0.00467	0.00155	0.00717	0.00376	0.00220	0.00717
11	0.01917	0.02445	0.01454	0.01322	0.01586	0.79907	0.00991	0.02049	0.01454	0.01256	0.00793	0.00925	0.00661	0.00529	0.00463	0.00132	0.00925	0.00330	0.00264	0.00595
12	0.01387	0.01008	0.01111	0.00971	0.01265	0.01105	0.00762	0.05970	0.52650	0.13985	0.06974	0.02178	0.06852	0.00745	0.00532	0.00170	0.00398	0.00620	0.00539	0.00779
13	0.63701	0.01029	0.00911	0.00770	0.01110	0.01148	0.00634	0.10759	0.01143	0.13302	0.00962	0.01011	0.00695	0.00516	0.00369	0.00158	0.00423	0.00334	0.00386	0.00639
14	0.01874	0.01353	0.01463	0.01144	0.01536	0.01493	0.00938	0.61602	0.13355	0.07771	0.01406	0.01363	0.00998	0.00629	0.00515	0.00157	0.00534	0.00483	0.00522	0.00864
15	0.00631	0.00451	0.00602	0.00721	0.00754	0.00422	0.00487	0.00725	0.00988	0.01316	0.02825	0.79421	0.03381	0.01602	0.00656	0.00209	0.00303	0.03612	0.00476	0.00418
16	0.00657	0.00468	0.00626	0.00740	0.00781	0.00444	0.00518	0.00764	0.01001	0.01329	0.02768	0.68271	0.03276	0.04569	0.00735	0.00223	0.00329	0.11609	0.00470	0.00421
17	0.00623	0.00455	0.00586	0.00691	0.00738	0.00419	0.00466	0.00717	0.01005	0.01319	0.03114	0.72384	0.12457	0.01570	0.00649	0.00204	0.00293	0.01413	0.00476	0.00419
18	0.01064	0.00912	0.01064	0.00760	0.01216	0.00684	0.00608	0.01292	0.01064	0.01672	0.00912	0.01064	0.00760	0.00380	0.00380	0.00076	0.00380	0.00304	0.00304	0.85104
19	0.00746	0.00500	0.00573	0.00573	0.00578	0.00505	0.00328	0.00755	0.00750	0.01005	0.01605	0.03290	0.01836	0.78044	0.06495	0.00514	0.00541	0.00736	0.00309	0.00318
20	0.00721	0.00524	0.00678	0.00640	0.00763	0.00482	0.00480	0.00958	0.01440	0.02027	0.75182	0.03883	0.08175	0.01060	0.00605	0.00162	0.00243	0.00935	0.00561	0.00482
21	0.00868	0.00880	0.10337	0.00916	0.01090	0.00800	0.00801	0.04632	0.00935	0.01365	0.01298	0.01910	0.01194	0.09605	0.49972	0.00603	0.07006	0.00531	0.04748	0.00510
22	0.01731	0.01037	0.01194	0.01036	0.04874	0.02935	0.00791	0.23259	0.11634	0.26432	0.03709	0.01666	0.01264	0.00631	0.00489	0.00152	0.00449	0.00506	0.15435	0.00775
23	0.07205	0.00891	0.01127	0.00905	0.01256	0.00835	0.00733	0.07105	0.06482	0.56939	0.01973	0.09313	0.01423	0.00721	0.00517	0.00164	0.00427	0.00592	0.00585	0.00806
24	0.01297	0.01211	0.01166	0.10616	0.01499	0.16718	0.00844	0.11886	0.18286	0.01788	0.05215	0.07159	0.01435	0.05968	0.05583	0.00223	0.02551	0.00576	0.05354	0.00626
25	0.11336	0.01070	0.05307	0.03914	0.31434	0.01006	0.06925	0.01484	0.03690	0.06531	0.02688	0.07638	0.08027	0.00712	0.00527	0.00169	0.00528	0.05990	0.00347	0.00677

[dist]
# distance from previous block
# <min> <max>
1	11

[block]
# block no. 2 follows, 48 sequences, length 17
# corresponding to MSA columns:
# 384-400
name=unknown_C
#
# <colnr> <probs for GDERKNQSTAVLIFYWHMCP>
#	G	D	E	R	K	N	Q	S	T	A	V	L	I	F	Y	W	H	M	C	P
0	0.06985	0.00912	0.01106	0.00981	0.07392	0.00781	0.00713	0.02975	0.01088	0.01713	0.01132	0.05246	0.01042	0.00548	0.00458	0.00112	0.02314	0.06086	0.00325	0.58092
1	0.01651	0.39642	0.02027	0.01073	0.02868	0.16733	0.00917	0.15795	0.05454	0.07895	0.01007	0.01058	0.00798	0.00519	0.00417	0.00130	0.00609	0.00359	0.00333	0.00714
2	0.01033	0.00668	0.00804	0.00760	0.00932	0.00646	0.00574	0.09427	0.03931	0.11603	0.11831	0.25897	0.18273	0.05053	0.02182	0.00209	0.00373	0.04754	0.00501	0.00549
3	0.02816	0.16407	0.37126	0.01241	0.01793	0.01326	0.05269	0.07057	0.09880	0.07431	0.04081	0.01305	0.00981	0.00541	0.00474	0.00154	0.00623	0.00430	0.00320	0.00745
4	0.03233	0.07958	0.12767	0.01113	0.01502	0.07746	0.01002	0.11978	0.35697	0.07622	0.01570	0.01581	0.01181	0.00627	0.00495	0.00161	0.00535	0.02023	0.00434	0.00774
5	0.00865	0.00464	0.00695	0.03029	0.00770	0.00473	0.00486	0.00702	0.00711	0.00950	0.01066	0.07857	0.01099	0.01826	0.05424	0.72065	0.00484	0.00530	0.00245	0.00259
6	0.01050	0.01153	0.13011	0.06565	0.01548	0.01023	0.08704	0.07651	0.03006	0.03336	0.08562	0.03579	0.09880	0.04713	0.07113	0.00242	0.13976	0.00615	0.03676	0.00597
7	0.07690	0.01383	0.10009	0.06519	0.44396	0.08422	0.01356	0.01541	0.01113	0.02864	0.00928	0.01218	0.00766	0.00589	0.00631	0.06959	0.02232	0.00423	0.00258	0.00703
8	0.00648	0.00475	0.00636	0.00737	0.00768	0.00464	0.00502	0.00743	0.00990	0.01331	0.05195	0.75973	0.03334	0.01562	0.00693	0.00207	0.03444	0.01402	0.00469	0.00425
9	0.01409	0.76870	0.02605	0.00908	0.01335	0.07304	0.00886	0.01571	0.01070	0.01210	0.00719	0.00830	0.00659	0.00445	0.00338	0.00111	0.00574	0.00278	0.00223	0.00654
10	0.03399	0.01011	0.01718	0.32598	0.24253	0.01083	0.10147	0.01517	0.01127	0.08531	0.01131	0.02912	0.00880	0.00525	0.00509	0.00161	0.00613	0.00495	0.06721	0.00670
11	0.00981	0.00637	0.00812	0.07150	0.01118	0.00619	0.00636	0.01229	0.07113	0.12782	0.03100	0.21042	0.24954	0.01199	0.00669	0.04209	0.00375	0.10373	0.00471	0.00529
12	0.00639	0.00457	0.00612	0.00731	0.00767	0.00429	0.00501	0.00739	0.00996	0.01326	0.02820	0.76318	0.03363	0.01594	0.00659	0.00210	0.00310	0.06633	0.00476	0.00421
13	0.08088	0.40440	0.19694	0.01092	0.01532	0.11380	0.01120	0.01591	0.01066	0.01398	0.00767	0.00923	0.00650	0.00506	0.00503	0.00139	0.07902	0.00321	0.00233	0.00656
14	0.02302	0.00873	0.01191	0.00913	0.01310	0.00754	0.00754	0.02501	0.01469	0.79122	0.02024	0.01746	0.01270	0.00635	0.00516	0.00159	0.00437	0.00516	0.00635	0.00873
15	0.01133	0.00959	0.01091	0.01018	0.01238	0.01104	0.00815	0.02144	0.50680	0.01946	0.07915	0.02764	0.02018	0.00882	0.00658	0.00189	0.06867	0.15386	0.00492	0.00700
16	0.00650	0.00464	0.00624	0.00743	0.00784	0.00438	0.00520	0.00758	0.01007	0.01338	0.02814	0.72267	0.03339	0.01584	0.00662	0.00212	0.00319	0.10579	0.00476	0.00424

[dist]
# distance from previous block
# <min> <max>
0	1

[block]
# block no. 3 follows, 48 sequences, length 29
# corresponding to MSA columns:
# 402-430
name=unknown_D
#
# <colnr> <probs for GDERKNQSTAVLIFYWHMCP>
#	G	D	E	R	K	N	Q	S	T	A	V	L	I	F	Y	W	H	M	C	P
0	0.09615	0.01166	0.01205	0.01039	0.01358	0.01334	0.00823	0.19114	0.53615	0.02403	0.01765	0.01658	0.01314	0.00657	0.00500	0.00168	0.00440	0.00525	0.00500	0.00801
1	0.01917	0.02445	0.01454	0.01322	0.01586	0.79907	0.00991	0.02049	0.01454	0.01256	0.00793	0.00925	0.00661	0.00529	0.00463	0.00132	0.00925	0.00330	0.00264	0.00595
2	0.07173	0.02089	0.50152	0.01461	0.03495	0.01279	0.06651	0.01532	0.01014	0.01592	0.00861	0.01098	0.00660	0.00571	0.00743	0.00176	0.18123	0.00404	0.00229	0.00698
3	0.00738	0.00547	0.00723	0.00722	0.03179	0.00506	0.00520	0.00976	0.01422	0.01998	0.70502	0.03855	0.08751	0.01052	0.00604	0.00163	0.00259	0.02442	0.00548	0.00491
4	0.25393	0.01118	0.01200	0.00947	0.01327	0.01178	0.00782	0.30138	0.01656	0.29290	0.01362	0.01299	0.00922	0.00584	0.00460	0.00157	0.00473	0.00429	0.00501	0.00784
5	0.01228	0.01235	0.01535	0.58195	0.04584	0.15083	0.01312	0.08027	0.01225	0.01476	0.00920	0.01276	0.00699	0.00524	0.00504	0.00162	0.00715	0.00434	0.00260	0.00606
6	0.01275	0.01256	0.08057	0.15898	0.54449	0.01170	0.01516	0.01601	0.01159	0.07203	0.01029	0.01306	0.00811	0.00482	0.00508	0.00157	0.00621	0.00455	0.00274	0.00772
7	0.02274	0.00880	0.01190	0.00917	0.01311	0.00769	0.00756	0.02507	0.03575	0.76999	0.02026	0.01751	0.01278	0.00637	0.00516	0.00159	0.00436	0.00518	0.00632	0.00872
8	0.01951	0.01437	0.01540	0.01181	0.01591	0.01591	0.00975	0.77056	0.02412	0.03234	0.01232	0.01232	0.00873	0.00616	0.00513	0.00154	0.00565	0.00462	0.00513	0.00873
9	0.01061	0.00710	0.00826	0.00741	0.00958	0.00688	0.00578	0.05851	0.12409	0.12591	0.26579	0.03528	0.27086	0.01007	0.00579	0.00169	0.00325	0.03188	0.00534	0.00592
10	0.08029	0.01230	0.01361	0.01063	0.01453	0.01314	0.00874	0.46040	0.08040	0.23092	0.01471	0.01393	0.01010	0.00617	0.00501	0.00157	0.00506	0.00472	0.00532	0.00845
11	0.01174	0.01307	0.02814	0.02044	0.02524	0.01229	0.69514	0.01587	0.01208	0.01633	0.01201	0.01812	0.00990	0.00528	0.00616	0.00179	0.00827	0.07861	0.00280	0.00671
12	0.85592	0.00992	0.00754	0.00675	0.00992	0.01151	0.00556	0.01508	0.00873	0.02302	0.00714	0.00834	0.00556	0.00476	0.00318	0.00159	0.00397	0.00278	0.00318	0.00556
13	0.01970	0.01311	0.01511	0.01271	0.07109	0.01401	0.00975	0.57055	0.02138	0.17931	0.01367	0.01335	0.00946	0.00608	0.00513	0.00155	0.00543	0.00472	0.00518	0.00868
14	0.02291	0.00890	0.01201	0.00921	0.01318	0.00780	0.00761	0.04765	0.01497	0.76817	0.02000	0.01731	0.01258	0.00634	0.00516	0.00159	0.00440	0.00514	0.00631	0.00873
15	0.00625	0.00447	0.00595	0.00714	0.00744	0.00417	0.00476	0.00714	0.00982	0.01310	0.02828	0.81633	0.03394	0.01608	0.00655	0.00208	0.00298	0.01459	0.00476	0.00417
16	0.00684	0.00494	0.00642	0.00739	0.00802	0.00468	0.00540	0.00806	0.01029	0.01346	0.02925	0.48609	0.10452	0.08512	0.00834	0.00237	0.00355	0.19642	0.00461	0.00423
17	0.00969	0.00912	0.01539	0.80734	0.03534	0.01140	0.01425	0.01311	0.01026	0.01311	0.00912	0.01368	0.00684	0.00513	0.00513	0.00171	0.00684	0.00456	0.00228	0.00570
18	0.00895	0.00590	0.00741	0.00689	0.00847	0.00552	0.00521	0.01188	0.06410	0.09419	0.52339	0.09246	0.12464	0.01054	0.00595	0.00167	0.00278	0.00921	0.00553	0.00533
19	0.04744	0.00860	0.01144	0.00890	0.01263	0.00762	0.00731	0.03837	0.01468	0.69116	0.08038	0.01874	0.01524	0.00663	0.00517	0.00159	0.00422	0.00540	0.00617	0.00833
20	0.08104	0.00889	0.01115	0.00878	0.01245	0.00817	0.00720	0.06964	0.03366	0.59315	0.02190	0.01962	0.08707	0.00688	0.00510	0.00160	0.00424	0.00552	0.00586	0.00806
21	0.14684	0.01163	0.01278	0.01008	0.01390	0.01232	0.00828	0.35692	0.08242	0.27066	0.01477	0.01392	0.01009	0.00608	0.00485	0.00158	0.00485	0.00461	0.00523	0.00820
22	0.00916	0.00568	0.00749	0.00685	0.00838	0.00519	0.00525	0.01153	0.01448	0.11194	0.67547	0.03633	0.04371	0.01009	0.00597	0.00163	0.00271	0.02714	0.00571	0.00530
23	0.00774	0.00557	0.00690	0.00673	0.00690	0.00610	0.00438	0.00817	0.00764	0.01051	0.01496	0.02925	0.01660	0.60680	0.17239	0.00538	0.07056	0.00685	0.00297	0.00359
24	0.09532	0.01143	0.01525	0.01329	0.07109	0.01221	0.13527	0.14175	0.27471	0.04081	0.05123	0.02858	0.02442	0.00630	0.00537	0.00164	0.02033	0.00549	0.00427	0.04127
25	0.07763	0.07435	0.68346	0.01364	0.02067	0.01240	0.01727	0.01610	0.01064	0.01653	0.00892	0.01047	0.00643	0.00484	0.00464	0.00159	0.00717	0.00365	0.00225	0.00736
26	0.00834	0.08529	0.00855	0.00664	0.00845	0.02020	0.00514	0.02270	0.03486	0.04062	0.22089	0.13696	0.34453	0.02654	0.00614	0.00173	0.00319	0.00952	0.00474	0.00499
27	0.01311	0.01116	0.08857	0.00982	0.01454	0.00812	0.07006	0.01584	0.01151	0.16504	0.01132	0.01224	0.00847	0.00452	0.00457	0.00111	0.01830	0.00379	0.00354	0.52438
28	0.09262	0.01245	0.04409	0.01215	0.08832	0.06698	0.00901	0.30348	0.02673	0.05568	0.01234	0.03004	0.01030	0.09816	0.06745	0.00243	0.02632	0.00490	0.01805	0.01850

[dist]
# distance from previous block
# <min> <max>
0	4

[block]
# block no. 4 follows, 48 sequences, length 10
# corresponding to MSA columns:
# 435-444
name=unknown_E
#
# <colnr> <probs for GDERKNQSTAVLIFYWHMCP>
#	G	D	E	R	K	N	Q	S	T	A	V	L	I	F	Y	W	H	M	C	P
0	0.00642	0.00459	0.00596	0.00689	0.00728	0.00429	0.00459	0.00736	0.01001	0.01337	0.08132	0.66678	0.05886	0.08639	0.00822	0.00229	0.00310	0.01346	0.00468	0.00413
1	0.05318	0.01190	0.02040	0.05724	0.58445	0.01189	0.09695	0.01634	0.01175	0.07145	0.01034	0.01299	0.00824	0.00470	0.00510	0.00156	0.00618	0.00469	0.00283	0.00782
2	0.01368	0.10271	0.16327	0.01331	0.09304	0.04469	0.02825	0.08155	0.16511	0.10422	0.02940	0.01961	0.01304	0.00674	0.00516	0.00165	0.00563	0.09764	0.00394	0.00737
3	0.00752	0.00548	0.00727	0.00813	0.00920	0.00528	0.00665	0.00942	0.01157	0.01508	0.09665	0.19032	0.12798	0.03498	0.00726	0.00223	0.00395	0.44172	0.00478	0.00454
4	0.00995	0.00939	0.01587	0.73935	0.10127	0.01147	0.01438	0.01334	0.01038	0.01343	0.00917	0.01359	0.00695	0.00508	0.00513	0.00169	0.00677	0.00456	0.00230	0.00591
5	0.07015	0.27911	0.18351	0.12631	0.03634	0.03707	0.04748	0.02901	0.01139	0.03061	0.09332	0.01352	0.01135	0.00539	0.00447	0.00145	0.00595	0.00424	0.00282	0.00652
6	0.01306	0.01010	0.02593	0.00996	0.02502	0.06262	0.02080	0.09880	0.16015	0.13084	0.12394	0.04785	0.11330	0.00890	0.00608	0.00175	0.03564	0.09380	0.00487	0.00661
7	0.03937	0.00974	0.01086	0.00901	0.01159	0.01036	0.00702	0.32623	0.06137	0.09987	0.10608	0.05575	0.01722	0.14819	0.02333	0.00229	0.00476	0.00619	0.04407	0.00671
8	0.00716	0.00554	0.00792	0.14632	0.01273	0.00570	0.00688	0.00878	0.01043	0.01372	0.05207	0.50553	0.06407	0.01357	0.00634	0.00203	0.00386	0.11846	0.00436	0.00454
9	0.41448	0.01043	0.01096	0.03032	0.05606	0.01122	0.00759	0.13323	0.03800	0.22413	0.01199	0.01206	0.00841	0.00546	0.00422	0.00158	0.00452	0.00393	0.00431	0.00710

[dist]
# distance from previous block
# <min> <max>
2	4

[block]
# block no. 5 follows, 48 sequences, length 65
# corresponding to MSA columns:
# 451-515
name=unknown_F
#
# <colnr> <probs for GDERKNQSTAVLIFYWHMCP>
#	G	D	E	R	K	N	Q	S	T	A	V	L	I	F	Y	W	H	M	C	P
0	0.02685	0.00678	0.00833	0.00731	0.00936	0.00639	0.00568	0.08221	0.01478	0.16193	0.43488	0.06230	0.13315	0.00976	0.00577	0.00163	0.00315	0.00838	0.00554	0.00583
1	0.09241	0.01137	0.01343	0.13560	0.04529	0.02480	0.00956	0.33217	0.02669	0.05148	0.01137	0.01342	0.00874	0.01997	0.05920	0.01727	0.05896	0.00450	0.03258	0.03118
2	0.16101	0.00636	0.00651	0.00617	0.00701	0.00670	0.00398	0.04746	0.00893	0.01403	0.05761	0.02822	0.01747	0.58619	0.01979	0.00400	0.00468	0.00658	0.00337	0.00393
3	0.01123	0.01123	0.01572	0.01347	0.01347	0.01572	0.01123	0.01235	0.00786	0.01235	0.00674	0.01123	0.00674	0.00898	0.01684	0.00225	0.81028	0.00449	0.00225	0.00561
4	0.01077	0.01060	0.01482	0.01289	0.01292	0.01465	0.01063	0.01187	0.00804	0.01242	0.00872	0.08531	0.00924	0.00963	0.01589	0.00223	0.73600	0.00542	0.00248	0.00548
5	0.02302	0.00873	0.01191	0.00913	0.01310	0.00754	0.00754	0.02501	0.01469	0.79122	0.02024	0.01746	0.01270	0.00635	0.00516	0.00159	0.00437	0.00516	0.00635	0.00873
6	0.04937	0.00928	0.01049	0.00796	0.01206	0.00781	0.00631	0.02694	0.10494	0.01769	0.01134	0.04600	0.00964	0.00479	0.00409	0.00099	0.00383	0.00389	0.00342	0.65915
7	0.00719	0.00574	0.00651	0.00630	0.00788	0.00533	0.00475	0.01015	0.08330	0.01720	0.33627	0.06825	0.38852	0.01158	0.00601	0.00171	0.00271	0.02059	0.00515	0.00488
8	0.00745	0.00499	0.00565	0.00563	0.00568	0.00497	0.00318	0.00756	0.00776	0.01040	0.04899	0.03378	0.01992	0.78513	0.02526	0.00483	0.00487	0.00754	0.00322	0.00318
9	0.85592	0.00992	0.00754	0.00675	0.00992	0.01151	0.00556	0.01508	0.00873	0.02302	0.00714	0.00834	0.00556	0.00476	0.00318	0.00159	0.00397	0.00278	0.00318	0.00556
10	0.00813	0.00527	0.00705	0.04137	0.00929	0.00496	0.00553	0.00949	0.01103	0.08564	0.10562	0.52629	0.09589	0.01379	0.00630	0.00196	0.00327	0.04947	0.00489	0.00476
11	0.00703	0.00545	0.00644	0.00625	0.00766	0.00499	0.00466	0.00953	0.04933	0.01775	0.43959	0.09387	0.30549	0.01158	0.00605	0.00169	0.00260	0.01002	0.00526	0.00477
12	0.01057	0.00515	0.00558	0.00537	0.00675	0.00505	0.00404	0.01279	0.01095	0.08956	0.01748	0.05338	0.01412	0.02662	0.01989	0.00150	0.00288	0.00531	0.69794	0.00508
13	0.81372	0.01015	0.00794	0.00700	0.01023	0.01173	0.00577	0.05320	0.00951	0.02349	0.00741	0.00854	0.00572	0.00483	0.00327	0.00159	0.00405	0.00287	0.00327	0.00572
14	0.00782	0.00528	0.00715	0.04757	0.00936	0.00512	0.01943	0.00935	0.02306	0.05057	0.05336	0.55677	0.04746	0.04672	0.00689	0.00204	0.00336	0.01185	0.08225	0.00462
15	0.00653	0.00472	0.00619	0.00705	0.00757	0.00443	0.00482	0.00791	0.02407	0.01448	0.15212	0.66163	0.04943	0.01495	0.00644	0.00199	0.00290	0.01350	0.00492	0.00435
16	0.81750	0.01003	0.00815	0.00788	0.04535	0.01154	0.00602	0.01511	0.00887	0.02274	0.00726	0.00853	0.00567	0.00475	0.00326	0.00158	0.00407	0.00286	0.00315	0.00567
17	0.00703	0.00493	0.00614	0.00674	0.00715	0.00476	0.00457	0.00787	0.00948	0.01255	0.05693	0.33539	0.06593	0.32731	0.01417	0.00321	0.00395	0.11387	0.00415	0.00387
18	0.07192	0.52175	0.04067	0.00980	0.01389	0.08970	0.00912	0.14560	0.01300	0.01644	0.00814	0.00915	0.00689	0.00490	0.00402	0.00126	0.02092	0.00318	0.00281	0.00683
19	0.03285	0.01169	0.01336	0.02538	0.01455	0.01233	0.00863	0.38129	0.08859	0.19380	0.02858	0.01440	0.01076	0.00617	0.00540	0.00152	0.03454	0.00474	0.01761	0.09383
20	0.13985	0.04043	0.32615	0.09712	0.01872	0.01149	0.02674	0.08608	0.03748	0.08044	0.01173	0.04930	0.00919	0.00585	0.00476	0.00163	0.00598	0.01583	0.02424	0.00698
21	0.01243	0.01016	0.01139	0.08316	0.01452	0.01158	0.00813	0.07041	0.52985	0.04234	0.04188	0.02062	0.02987	0.08199	0.00717	0.00202	0.00443	0.00594	0.00479	0.00732
22	0.01864	0.01185	0.01326	0.01045	0.01413	0.01265	0.00854	0.44403	0.11097	0.20621	0.02744	0.01521	0.01140	0.00635	0.00506	0.00155	0.00488	0.00497	0.06409	0.00832
23	0.01311	0.01337	0.02859	0.02048	0.02555	0.01248	0.69896	0.01722	0.01235	0.08773	0.01129	0.01417	0.00824	0.00451	0.00597	0.00172	0.00826	0.00597	0.00294	0.00709
24	0.01002	0.00946	0.01599	0.72156	0.11852	0.01149	0.01442	0.01340	0.01042	0.01351	0.00918	0.01357	0.00698	0.00507	0.00512	0.00169	0.00676	0.00456	0.00231	0.00597
25	0.02104	0.00833	0.01129	0.00897	0.01254	0.00729	0.00731	0.02314	0.02679	0.69274	0.02112	0.09174	0.01501	0.00740	0.00532	0.00165	0.00424	0.01970	0.00616	0.00823
26	0.00735	0.00543	0.00789	0.00789	0.00869	0.00622	0.00597	0.00894	0.00814	0.01165	0.01407	0.02195	0.01361	0.14291	0.69598	0.00781	0.01257	0.00576	0.00280	0.00438
27	0.00890	0.00568	0.00775	0.00853	0.00970	0.00544	0.00692	0.01072	0.01143	0.08597	0.02775	0.29815	0.05560	0.01403	0.00670	0.00218	0.00406	0.42071	0.00489	0.00490
28	0.00755	0.00527	0.00642	0.00635	0.00653	0.00558	0.00400	0.00794	0.00763	0.01040	0.01541	0.03030	0.01716	0.64372	0.17537	0.00552	0.03138	0.00699	0.00301	0.00347
29	0.00677	0.00526	0.00622	0.00653	0.00778	0.00480	0.00489	0.00867	0.03306	0.01536	0.18585	0.23732	0.35158	0.01323	0.00627	0.00187	0.00293	0.09213	0.00495	0.00454
30	0.01376	0.01067	0.01157	0.01028	0.01326	0.01207	0.00806	0.02668	0.68129	0.10332	0.02094	0.01976	0.01563	0.00704	0.00525	0.00174	0.00411	0.02110	0.00533	0.00812
31	0.00730	0.00524	0.00714	0.00829	0.00909	0.00508	0.00657	0.00897	0.01092	0.01430	0.02845	0.39605	0.05551	0.01499	0.00681	0.00222	0.00388	0.39999	0.00474	0.00446
32	0.00969	0.00912	0.01539	0.80734	0.03534	0.01140	0.01425	0.01311	0.01026	0.01311	0.00912	0.01368	0.00684	0.00513	0.00513	0.00171	0.00684	0.00456	0.00228	0.00570
33	0.01372	0.82276	0.02689	0.00878	0.01317	0.02030	0.00878	0.01536	0.01043	0.01207	0.00713	0.00823	0.00658	0.00439	0.00329	0.00110	0.00549	0.00274	0.00219	0.00658
34	0.00760	0.00543	0.00697	0.00671	0.00803	0.00503	0.00515	0.01003	0.02397	0.03430	0.61305	0.05337	0.11415	0.01101	0.00612	0.00170	0.00271	0.07429	0.00548	0.00489
35	0.00668	0.00529	0.00597	0.00618	0.00743	0.00481	0.00444	0.00862	0.05006	0.01476	0.14071	0.25315	0.41025	0.04924	0.00705	0.00196	0.00286	0.01123	0.00483	0.00449
36	0.01951	0.01437	0.01540	0.01181	0.01591	0.01591	0.00975	0.77056	0.02412	0.03234	0.01232	0.01232	0.00873	0.00616	0.00513	0.00154	0.00565	0.00462	0.00513	0.00873
37	0.02294	0.00886	0.01199	0.00919	0.01316	0.00773	0.00759	0.04222	0.01490	0.77370	0.02006	0.01735	0.01261	0.00635	0.00516	0.00159	0.00440	0.00515	0.00632	0.00873
38	0.02280	0.00908	0.01212	0.00929	0.01327	0.00806	0.00768	0.07098	0.01527	0.74442	0.01975	0.01715	0.01246	0.00634	0.00516	0.00158	0.00445	0.00513	0.00628	0.00873
39	0.01276	0.01102	0.01160	0.01044	0.01334	0.01276	0.00812	0.02727	0.77840	0.02146	0.02088	0.01914	0.01566	0.00696	0.00522	0.00174	0.00406	0.00580	0.00522	0.00812
40	0.00969	0.00912	0.01539	0.80734	0.03534	0.01140	0.01425	0.01311	0.01026	0.01311	0.00912	0.01368	0.00684	0.00513	0.00513	0.00171	0.00684	0.00456	0.00228	0.00570
41	0.00625	0.00447	0.00595	0.00714	0.00744	0.00417	0.00476	0.00714	0.00982	0.01310	0.02828	0.81633	0.03394	0.01608	0.00655	0.00208	0.00298	0.01459	0.00476	0.00417
42	0.01917	0.02445	0.01454	0.01322	0.01586	0.79907	0.00991	0.02049	0.01454	0.01256	0.00793	0.00925	0.00661	0.00529	0.00463	0.00132	0.00925	0.00330	0.00264	0.00595
43	0.00630	0.00453	0.00598	0.00704	0.00744	0.00421	0.00474	0.00729	0.01015	0.01354	0.07073	0.74690	0.06083	0.01566	0.00650	0.00205	0.00293	0.01416	0.00481	0.00421
44	0.00674	0.00522	0.00613	0.00590	0.00734	0.00462	0.00443	0.00867	0.01328	0.01763	0.46330	0.04318	0.37191	0.01159	0.00606	0.00167	0.00250	0.00996	0.00526	0.00462
45	0.85592	0.00992	0.00754	0.00675	0.00992	0.01151	0.00556	0.01508	0.00873	0.02302	0.00714	0.00834	0.00556	0.00476	0.00318	0.00159	0.00397	0.00278	0.00318	0.00556
46	0.01064	0.00912	0.01064	0.00760	0.01216	0.00684	0.00608	0.01292	0.01064	0.01672	0.00912	0.01064	0.00760	0.00380	0.00380	0.00076	0.00380	0.00304	0.00304	0.85104
47	0.00682	0.00505	0.00711	0.00798	0.00864	0.00478	0.02794	0.00813	0.01035	0.01367	0.02826	0.61637	0.05534	0.01525	0.00663	0.00212	0.00348	0.16301	0.00469	0.00437
48	0.54418	0.01304	0.15456	0.00918	0.01332	0.01120	0.04306	0.03099	0.01021	0.09815	0.00928	0.01026	0.00676	0.00497	0.00387	0.00159	0.00489	0.00343	0.02069	0.00636
49	0.07820	0.00881	0.01162	0.00897	0.01289	0.00780	0.00741	0.02435	0.01429	0.74033	0.01938	0.01686	0.01223	0.00625	0.00503	0.00159	0.00434	0.00500	0.00614	0.00852
50	0.02201	0.01035	0.01291	0.00990	0.01390	0.00994	0.00817	0.23839	0.01739	0.57402	0.01798	0.01599	0.01156	0.00630	0.00515	0.00157	0.00473	0.00501	0.00600	0.00873
51	0.01027	0.00612	0.00819	0.00802	0.04249	0.00556	0.00574	0.01238	0.01371	0.16432	0.46821	0.11681	0.09729	0.01025	0.00590	0.00166	0.00302	0.00899	0.00548	0.00561
52	0.00775	0.00557	0.00714	0.00789	0.00866	0.00549	0.00570	0.07787	0.01141	0.01518	0.02666	0.63880	0.03102	0.01490	0.00649	0.00207	0.00346	0.11450	0.00479	0.00466
53	0.01172	0.01301	0.02772	0.02021	0.02484	0.01243	0.67113	0.01575	0.01193	0.01619	0.01179	0.01780	0.00975	0.00540	0.00655	0.00181	0.03780	0.07474	0.00278	0.00667
54	0.05374	0.01109	0.01594	0.08655	0.01591	0.01498	0.04574	0.01274	0.00832	0.01314	0.00714	0.01142	0.00673	0.00820	0.01458	0.00214	0.65915	0.00448	0.00231	0.00568
55	0.01232	0.02771	0.05147	0.26148	0.05077	0.02352	0.37514	0.05014	0.01209	0.05502	0.01035	0.01354	0.00769	0.00488	0.00573	0.00169	0.02171	0.00523	0.00277	0.00674
56	0.00702	0.00528	0.00629	0.00641	0.00754	0.00500	0.00475	0.00862	0.01171	0.01582	0.22260	0.22173	0.29925	0.01231	0.00644	0.00178	0.03717	0.03327	0.08248	0.00453
57	0.05801	0.00908	0.01171	0.04537	0.01367	0.00856	0.00765	0.10195	0.01478	0.57437	0.02989	0.01750	0.01255	0.04729	0.00611	0.00175	0.00456	0.00514	0.02201	0.00803
58	0.05126	0.01048	0.02159	0.01011	0.04080	0.08126	0.03983	0.07146	0.01252	0.11169	0.05739	0.05709	0.09700	0.02277	0.01827	0.00162	0.06175	0.00564	0.02875	0.19870
59	0.01070	0.08972	0.01196	0.08202	0.01308	0.05643	0.04534	0.07682	0.03582	0.05009	0.22011	0.07343	0.15866	0.04575	0.00641	0.00176	0.00445	0.00750	0.00431	0.00565
60	0.05947	0.00857	0.01111	0.00869	0.01235	0.00771	0.00714	0.03655	0.02863	0.65726	0.01920	0.01714	0.01240	0.00625	0.00493	0.00155	0.00418	0.00502	0.08363	0.00821
61	0.01111	0.02635	0.72145	0.01450	0.02162	0.08435	0.01813	0.01664	0.01117	0.01591	0.00909	0.01069	0.00651	0.00491	0.00485	0.00160	0.00774	0.00375	0.00221	0.00743
62	0.07158	0.04806	0.21353	0.09072	0.07687	0.01095	0.03050	0.05458	0.08215	0.17232	0.06232	0.03966	0.01231	0.00608	0.00499	0.00162	0.00556	0.00505	0.00385	0.00730
63	0.00726	0.00539	0.00683	0.00735	0.00845	0.00511	0.00574	0.00922	0.02514	0.01548	0.18190	0.19455	0.19263	0.05407	0.00749	0.00215	0.00349	0.25837	0.00485	0.00454
64	0.01155	0.00730	0.00900	0.00835	0.01018	0.00728	0.00641	0.13957	0.04333	0.12923	0.18678	0.27684	0.02825	0.03496	0.00658	0.00192	0.00376	0.07760	0.00521	0.00590

[dist]
# distance from previous block
# <min> <max>
0	16

[block]
# block no. 6 follows, 48 sequences, length 35
# corresponding to MSA columns:
# 532-541,553-577
name=unknown_G
#
# <colnr> <probs for GDERKNQSTAVLIFYWHMCP>
#	G	D	E	R	K	N	Q	S	T	A	V	L	I	F	Y	W	H	M	C	P
0	0.07120	0.10502	0.11914	0.08591	0.22044	0.09396	0.10518	0.02670	0.02198	0.06091	0.01079	0.01324	0.02079	0.00515	0.00486	0.00154	0.00656	0.01673	0.00286	0.00705
1	0.01143	0.01068	0.01796	0.10355	0.56233	0.01086	0.03205	0.01408	0.01098	0.01542	0.01142	0.06173	0.01066	0.09613	0.00754	0.00196	0.00593	0.00551	0.00271	0.00707
2	0.01034	0.00507	0.00735	0.00704	0.00764	0.00504	0.00498	0.00928	0.00796	0.09696	0.01112	0.01650	0.00999	0.01827	0.10545	0.61751	0.00539	0.00467	0.04612	0.00335
3	0.01125	0.00792	0.01144	0.10158	0.11640	0.00810	0.00951	0.06720	0.01316	0.09949	0.11916	0.03688	0.02333	0.01001	0.00612	0.00194	0.00487	0.34114	0.00448	0.00601
4	0.01646	0.48219	0.02135	0.01021	0.01400	0.26262	0.00900	0.01804	0.01219	0.09906	0.00884	0.00958	0.00727	0.00489	0.00392	0.00122	0.00654	0.00319	0.00280	0.00662
5	0.01123	0.00916	0.01501	0.68857	0.03204	0.01113	0.01339	0.01441	0.01066	0.09980	0.01027	0.01401	0.00749	0.00541	0.00557	0.00172	0.03674	0.00462	0.00273	0.00603
6	0.12066	0.08617	0.08070	0.00961	0.02781	0.03782	0.00837	0.09512	0.03567	0.14303	0.01114	0.01166	0.00831	0.00488	0.00422	0.00125	0.00483	0.00367	0.00370	0.30139
7	0.00868	0.00557	0.00714	0.00658	0.00808	0.00505	0.00497	0.01087	0.01403	0.09592	0.60381	0.05032	0.12314	0.02533	0.00634	0.00169	0.00269	0.00909	0.00556	0.00513
8	0.02547	0.07163	0.49064	0.01353	0.01956	0.01345	0.03276	0.17980	0.01360	0.03347	0.00982	0.01117	0.00713	0.00536	0.00550	0.00161	0.05095	0.00401	0.00292	0.00764
9	0.01094	0.19133	0.54598	0.10174	0.02178	0.01361	0.01630	0.01571	0.01068	0.01502	0.00876	0.01061	0.00656	0.00480	0.00457	0.00152	0.00706	0.00366	0.00219	0.00716
10	0.02302	0.00873	0.01191	0.00913	0.01310	0.00754	0.00754	0.02501	0.01469	0.79122	0.02024	0.01746	0.01270	0.00635	0.00516	0.00159	0.00437	0.00516	0.00635	0.00873
11	0.01204	0.00685	0.00793	0.05308	0.00998	0.00730	0.00574	0.07294	0.04641	0.10543	0.01597	0.01791	0.01224	0.01960	0.00514	0.00144	0.04753	0.00487	0.54183	0.00575
12	0.01290	0.01502	0.02852	0.02069	0.02560	0.10058	0.68443	0.01689	0.01238	0.01600	0.01011	0.01333	0.00765	0.00443	0.00590	0.00168	0.00872	0.00575	0.00260	0.00681
13	0.01231	0.01022	0.01093	0.00981	0.01256	0.01157	0.00763	0.03806	0.64001	0.04007	0.08642	0.02224	0.06042	0.00756	0.00533	0.00172	0.00388	0.00633	0.00526	0.00766
14	0.04270	0.01099	0.01263	0.01001	0.01360	0.02193	0.00824	0.35407	0.01844	0.30503	0.06713	0.01881	0.02665	0.00698	0.00523	0.00160	0.00482	0.04377	0.01937	0.00800
15	0.01098	0.00911	0.01067	0.00764	0.01219	0.00686	0.00612	0.01325	0.01075	0.03811	0.00943	0.01083	0.00774	0.00387	0.00384	0.00078	0.00382	0.00310	0.00313	0.82778
16	0.00632	0.00451	0.00603	0.00722	0.00755	0.00422	0.00488	0.00726	0.00989	0.01317	0.02824	0.79167	0.03379	0.01601	0.00657	0.00209	0.00303	0.03859	0.00476	0.00419
17	0.00710	0.00541	0.00703	0.00770	0.00845	0.00531	0.01932	0.00962	0.09568	0.01427	0.04367	0.66987	0.05770	0.01462	0.00636	0.00202	0.00318	0.01321	0.00479	0.00468
18	0.01372	0.82276	0.02689	0.00878	0.01317	0.02030	0.00878	0.01536	0.01043	0.01207	0.00713	0.00823	0.00658	0.00439	0.00329	0.00110	0.00549	0.00274	0.00219	0.00658
19	0.01200	0.00838	0.00953	0.00864	0.01103	0.00880	0.00665	0.01965	0.36852	0.13905	0.13085	0.11432	0.12255	0.00916	0.00558	0.00174	0.00357	0.00782	0.00534	0.00683
20	0.00762	0.00525	0.00660	0.00648	0.00775	0.00474	0.00478	0.00949	0.01301	0.05722	0.44497	0.19887	0.19019	0.01192	0.00611	0.00173	0.00267	0.01046	0.00533	0.00480
21	0.01211	0.01384	0.03028	0.02163	0.02682	0.01298	0.76903	0.01644	0.01211	0.01644	0.01038	0.01384	0.00779	0.00433	0.00606	0.00173	0.00865	0.00606	0.00260	0.00692
22	0.81322	0.00986	0.00777	0.00687	0.01009	0.01131	0.00566	0.01559	0.00904	0.06241	0.00782	0.00880	0.00592	0.00484	0.00328	0.00159	0.00399	0.00290	0.00334	0.00572
23	0.15349	0.00618	0.00583	0.00550	0.00719	0.00653	0.00426	0.05408	0.01115	0.02051	0.01487	0.01693	0.01162	0.00578	0.00360	0.00128	0.00284	0.00443	0.65879	0.00513
24	0.01133	0.01152	0.01736	0.01439	0.01498	0.01541	0.09670	0.01281	0.00834	0.01281	0.00715	0.01152	0.00685	0.00846	0.01562	0.00219	0.71986	0.00467	0.00228	0.00576
25	0.34718	0.18967	0.01438	0.00885	0.01258	0.01320	0.03202	0.08544	0.06474	0.17119	0.01121	0.01137	0.00823	0.00525	0.00400	0.00149	0.00469	0.00372	0.00388	0.00691
26	0.00936	0.00631	0.00933	0.05487	0.01125	0.00718	0.00715	0.01121	0.00915	0.09892	0.01464	0.06267	0.01331	0.03023	0.58121	0.00648	0.05254	0.00585	0.00321	0.00514
27	0.00650	0.00464	0.00624	0.00743	0.00783	0.00438	0.00519	0.00757	0.01007	0.01337	0.02814	0.72350	0.03340	0.01584	0.00662	0.00212	0.00319	0.10498	0.00476	0.00424
28	0.00745	0.00503	0.00589	0.00589	0.00599	0.00513	0.00348	0.00765	0.00755	0.01017	0.01590	0.03208	0.01801	0.73262	0.11229	0.00534	0.00595	0.00724	0.00307	0.00327
29	0.01931	0.01428	0.01529	0.01177	0.01584	0.01582	0.00971	0.74950	0.04549	0.03203	0.01256	0.01251	0.00892	0.00618	0.00514	0.00155	0.00560	0.00465	0.00514	0.00871
30	0.00976	0.00919	0.01552	0.78905	0.05308	0.01142	0.01429	0.01317	0.01029	0.01320	0.00913	0.01366	0.00687	0.00512	0.00513	0.00171	0.00682	0.00456	0.00229	0.00576
31	0.00632	0.00452	0.00603	0.00722	0.00755	0.00423	0.00488	0.00727	0.00989	0.01318	0.02824	0.79010	0.03378	0.01601	0.00657	0.00209	0.00304	0.04012	0.00476	0.00419
32	0.00746	0.00497	0.00560	0.00560	0.00560	0.00497	0.00311	0.00746	0.00746	0.00995	0.01617	0.03358	0.01865	0.81967	0.02612	0.00497	0.00497	0.00746	0.00311	0.00311
33	0.01148	0.00688	0.00744	0.05265	0.00959	0.00730	0.00539	0.15780	0.01330	0.02132	0.01545	0.01750	0.01194	0.00596	0.00397	0.00129	0.00327	0.00474	0.63713	0.00559
34	0.01931	0.01427	0.01529	0.01177	0.01584	0.01582	0.00970	0.74872	0.04629	0.03202	0.01257	0.01252	0.00893	0.00618	0.00514	0.00155	0.00560	0.00465	0.00514	0.00871

[dist]
# distance from previous block
# <min> <max>
0	0

# created by:
# /st0/software/busco_prod/Augustus/scripts/msa2prfl.pl ./align_prep/171195.fa
