[name]
unknown

[dist]
# distance from previous block
# <min> <max>
0	80

[block]
# block no. 0 follows, 52 sequences, length 32
# corresponding to MSA columns:
# 144-175
name=unknown_A
#
# <colnr> <probs for GDERKNQSTAVLIFYWHMCP>
#	G	D	E	R	K	N	Q	S	T	A	V	L	I	F	Y	W	H	M	C	P
0	0.06416	0.00619	0.00789	0.00806	0.00982	0.00590	0.00677	0.01146	0.01103	0.10314	0.02457	0.10476	0.09237	0.01127	0.00588	0.00191	0.00400	0.44486	0.00442	0.07155
1	0.00705	0.00470	0.00529	0.00529	0.00529	0.00470	0.00294	0.00705	0.00705	0.00940	0.01527	0.03171	0.01762	0.82969	0.02467	0.00470	0.00470	0.00705	0.00294	0.00294
2	0.73015	0.00938	0.00806	0.00705	0.00987	0.01090	0.00582	0.01477	0.00862	0.08187	0.00768	0.00876	0.00586	0.00493	0.00417	0.00155	0.06896	0.00293	0.00316	0.00549
3	0.00659	0.00485	0.00617	0.00603	0.00713	0.00443	0.00445	0.00856	0.01281	0.01773	0.60368	0.13908	0.13872	0.01088	0.00578	0.00160	0.00237	0.00959	0.00512	0.00443
4	0.00681	0.00485	0.00625	0.00613	0.00693	0.00466	0.00435	0.00845	0.01145	0.01604	0.49986	0.10890	0.03594	0.18181	0.07388	0.00272	0.00369	0.00860	0.00454	0.00415
5	0.00692	0.00464	0.00532	0.00545	0.00548	0.00461	0.00311	0.00701	0.00730	0.00973	0.01655	0.12081	0.01924	0.73839	0.02259	0.00439	0.00449	0.00780	0.00311	0.00305
6	0.01160	0.00849	0.01007	0.00751	0.01131	0.00696	0.00602	0.07324	0.01194	0.10563	0.11133	0.01426	0.01275	0.00484	0.00410	0.00097	0.00362	0.00397	0.00369	0.58768
7	0.19156	0.16457	0.02879	0.05493	0.10218	0.29158	0.00916	0.01696	0.07191	0.01502	0.00842	0.00972	0.00687	0.00477	0.00398	0.00134	0.00619	0.00331	0.00268	0.00606
8	0.01012	0.00964	0.01548	0.36013	0.23350	0.01155	0.01258	0.01267	0.00977	0.01359	0.05891	0.01361	0.00929	0.00590	0.00754	0.00168	0.20112	0.00458	0.00242	0.00593
9	0.01695	0.01284	0.01371	0.01085	0.01447	0.01434	0.00885	0.60807	0.20042	0.02817	0.01351	0.01313	0.00976	0.00599	0.00487	0.00150	0.00499	0.00462	0.00487	0.00811
10	0.06393	0.00547	0.00643	0.00606	0.00695	0.00553	0.00411	0.01005	0.00866	0.10070	0.06506	0.02599	0.01685	0.46058	0.12396	0.00407	0.00534	0.00618	0.06998	0.00410
11	0.00966	0.00952	0.07304	0.00759	0.01177	0.00663	0.00658	0.01211	0.01047	0.01616	0.09699	0.01299	0.01142	0.00438	0.00391	0.00087	0.00373	0.00359	0.00308	0.69552
12	0.00642	0.00485	0.00603	0.00663	0.00764	0.00446	0.00506	0.00789	0.01080	0.01392	0.11987	0.30096	0.27476	0.01323	0.00611	0.00188	0.00305	0.19766	0.00458	0.00419
13	0.01209	0.54474	0.01970	0.00824	0.01178	0.01519	0.00755	0.01518	0.11027	0.03706	0.01117	0.10132	0.01047	0.00571	0.00378	0.00121	0.00459	0.00431	0.00289	0.07276
14	0.01410	0.00916	0.01051	0.00853	0.01133	0.00941	0.00692	0.28996	0.01574	0.18544	0.06324	0.02426	0.24686	0.00812	0.00585	0.00155	0.05639	0.00641	0.00480	0.02143
15	0.01516	0.06631	0.10256	0.01069	0.01451	0.01370	0.00947	0.44868	0.17988	0.02435	0.01287	0.01364	0.00974	0.04943	0.00578	0.00165	0.00518	0.00454	0.00427	0.00759
16	0.01629	0.01228	0.01383	0.07544	0.01603	0.09239	0.05847	0.25979	0.20673	0.17598	0.01432	0.01408	0.01019	0.00577	0.00488	0.00151	0.00534	0.00469	0.00449	0.00750
17	0.00690	0.00464	0.00533	0.00547	0.00551	0.00460	0.00314	0.00701	0.00733	0.00978	0.01674	0.13385	0.01947	0.72502	0.02229	0.00435	0.00446	0.00791	0.00314	0.00306
18	0.05189	0.00873	0.01076	0.10012	0.05527	0.01752	0.00773	0.08716	0.16417	0.20504	0.13686	0.02139	0.09852	0.00705	0.00500	0.00155	0.00411	0.00588	0.00463	0.00663
19	0.01118	0.01257	0.02702	0.10984	0.02623	0.01209	0.69573	0.01517	0.01124	0.01517	0.00967	0.01305	0.00725	0.00417	0.00562	0.00163	0.00798	0.00556	0.00242	0.00641
20	0.00756	0.00516	0.00624	0.00590	0.00738	0.00456	0.00445	0.00936	0.01253	0.07789	0.42678	0.08033	0.31239	0.01073	0.00568	0.00159	0.00252	0.00925	0.00504	0.00465
21	0.02891	0.71735	0.02334	0.00830	0.01238	0.01756	0.00810	0.01562	0.01031	0.10841	0.00825	0.00884	0.00691	0.00438	0.00332	0.00110	0.00503	0.00287	0.00257	0.00645
22	0.02267	0.03673	0.10142	0.01014	0.01412	0.01044	0.05811	0.05980	0.30732	0.07954	0.01382	0.01380	0.01034	0.00520	0.00449	0.00134	0.00456	0.00435	0.00386	0.23795
23	0.01077	0.00983	0.01192	0.10058	0.01438	0.09156	0.09727	0.01587	0.23004	0.02995	0.01508	0.07469	0.01358	0.17444	0.00934	0.00223	0.03002	0.01410	0.04875	0.00558
24	0.01225	0.01101	0.01490	0.14444	0.04544	0.01410	0.01090	0.19281	0.01153	0.01636	0.00807	0.01127	0.00687	0.00711	0.01110	0.00186	0.46685	0.00428	0.00278	0.00609
25	0.00842	0.00421	0.00631	0.00631	0.00631	0.00421	0.00421	0.00631	0.00631	0.00842	0.00842	0.01473	0.00842	0.01684	0.01894	0.85901	0.00421	0.00421	0.00210	0.00210
26	0.00860	0.00520	0.00664	0.00636	0.00771	0.00471	0.00473	0.01041	0.01230	0.12026	0.40449	0.20446	0.11928	0.01057	0.00558	0.00161	0.00266	0.00927	0.05030	0.00486
27	0.00606	0.00433	0.00580	0.00692	0.00727	0.00407	0.00476	0.00701	0.00943	0.01254	0.02663	0.76495	0.03172	0.01504	0.00623	0.00199	0.00294	0.07386	0.00450	0.00398
28	0.01347	0.71805	0.04366	0.00892	0.01295	0.11105	0.00866	0.01510	0.01031	0.01155	0.00687	0.00795	0.00622	0.00426	0.00329	0.00107	0.00565	0.00268	0.00212	0.00617
29	0.00945	0.00558	0.00756	0.00805	0.00934	0.00536	0.00661	0.01129	0.01098	0.12625	0.02403	0.20645	0.02522	0.03419	0.00660	0.00207	0.00394	0.43273	0.05945	0.00485
30	0.01768	0.04592	0.01431	0.01171	0.03633	0.26810	0.00912	0.37731	0.07837	0.07713	0.01122	0.01142	0.00829	0.00552	0.00464	0.00139	0.00622	0.00402	0.00402	0.00727
31	0.10745	0.01082	0.01021	0.00926	0.01148	0.12385	0.00732	0.05363	0.27280	0.03736	0.06793	0.02138	0.08463	0.00838	0.03020	0.00182	0.06528	0.06603	0.00406	0.00610

[dist]
# distance from previous block
# <min> <max>
2	6

[block]
# block no. 1 follows, 52 sequences, length 14
# corresponding to MSA columns:
# 182-195
name=unknown_B
#
# <colnr> <probs for GDERKNQSTAVLIFYWHMCP>
#	G	D	E	R	K	N	Q	S	T	A	V	L	I	F	Y	W	H	M	C	P
0	0.00912	0.00626	0.00895	0.00825	0.00963	0.00695	0.00654	0.01084	0.00861	0.09916	0.01275	0.01733	0.01122	0.02804	0.59029	0.00605	0.08000	0.00489	0.00295	0.07215
1	0.01322	0.40308	0.04225	0.02651	0.01255	0.01389	0.00818	0.04488	0.05530	0.13723	0.07780	0.04471	0.01218	0.00654	0.02085	0.00148	0.06525	0.00438	0.00334	0.00637
2	0.01338	0.09340	0.15376	0.01456	0.01928	0.01208	0.32745	0.10100	0.04428	0.12761	0.03734	0.01337	0.00936	0.00493	0.00503	0.00152	0.00646	0.00488	0.00330	0.00702
3	0.00749	0.00568	0.00675	0.00621	0.00802	0.00497	0.00476	0.00961	0.02503	0.01646	0.30316	0.09195	0.19172	0.00941	0.00520	0.00144	0.00277	0.05613	0.07700	0.16625
4	0.04718	0.01030	0.01529	0.40971	0.25061	0.03418	0.01259	0.04686	0.09680	0.01539	0.01000	0.01283	0.00775	0.00491	0.00475	0.00155	0.00587	0.00434	0.00269	0.00642
5	0.01202	0.16820	0.48424	0.01257	0.01848	0.01344	0.04420	0.16056	0.01258	0.01752	0.00894	0.01016	0.00660	0.00473	0.00442	0.00143	0.00650	0.00363	0.00260	0.00717
6	0.01089	0.00597	0.00774	0.00727	0.00919	0.00539	0.00588	0.01274	0.01232	0.23141	0.18994	0.07780	0.19391	0.01048	0.00576	0.00174	0.00340	0.19769	0.00508	0.00542
7	0.00973	0.00499	0.00562	0.00529	0.00659	0.00480	0.00395	0.01177	0.01095	0.09580	0.16394	0.02245	0.01911	0.07358	0.00571	0.00153	0.00265	0.00556	0.54122	0.00477
8	0.00611	0.00476	0.00542	0.00556	0.00668	0.00421	0.00397	0.00738	0.01091	0.01397	0.19963	0.20010	0.41835	0.08191	0.00743	0.00194	0.00268	0.01036	0.00454	0.00406
9	0.07681	0.00511	0.00557	0.00551	0.00580	0.00528	0.00330	0.00772	0.00719	0.01050	0.01445	0.02908	0.01631	0.71897	0.06603	0.00461	0.00508	0.00659	0.00292	0.00320
10	0.00590	0.00422	0.00562	0.00675	0.00703	0.00394	0.00450	0.00675	0.00928	0.01237	0.02671	0.82653	0.03205	0.01518	0.00619	0.00197	0.00281	0.01378	0.00450	0.00394
11	0.00714	0.00546	0.00662	0.00698	0.00795	0.00528	0.00484	0.00971	0.11136	0.01346	0.02438	0.55005	0.06206	0.08281	0.00737	0.00204	0.00315	0.01106	0.00429	0.07399
12	0.01479	0.01627	0.01334	0.01113	0.01421	0.38438	0.04355	0.08239	0.07633	0.01533	0.00918	0.01039	0.00741	0.00497	0.00494	0.00122	0.05123	0.00353	0.00297	0.23243
13	0.10995	0.03208	0.12048	0.01065	0.01443	0.23049	0.03299	0.06094	0.09005	0.16852	0.01141	0.01165	0.00830	0.00513	0.00438	0.00138	0.00591	0.00382	0.00356	0.07389

[dist]
# distance from previous block
# <min> <max>
0	2

[block]
# block no. 2 follows, 52 sequences, length 13
# corresponding to MSA columns:
# 198-210
name=unknown_C
#
# <colnr> <probs for GDERKNQSTAVLIFYWHMCP>
#	G	D	E	R	K	N	Q	S	T	A	V	L	I	F	Y	W	H	M	C	P
0	0.18070	0.00813	0.00925	0.00777	0.01002	0.00842	0.03046	0.14570	0.01173	0.17895	0.01401	0.05103	0.01238	0.25402	0.02794	0.00260	0.00464	0.00538	0.03126	0.00563
1	0.01187	0.00861	0.00981	0.00875	0.01094	0.03833	0.01970	0.11298	0.22457	0.11399	0.17862	0.17589	0.02323	0.00885	0.00536	0.00164	0.00382	0.03186	0.00490	0.00627
2	0.00621	0.00455	0.00588	0.00666	0.00725	0.00413	0.00450	0.00713	0.00933	0.01254	0.02602	0.71730	0.05980	0.03930	0.00656	0.00196	0.00291	0.01270	0.00434	0.06092
3	0.01121	0.18669	0.01359	0.00777	0.01192	0.06276	0.00653	0.01317	0.01025	0.01459	0.00814	0.00947	0.00691	0.00380	0.00354	0.00082	0.00427	0.00283	0.00267	0.61906
4	0.01153	0.09899	0.01185	0.00744	0.01168	0.00792	0.00616	0.01359	0.01041	0.09348	0.00945	0.01044	0.00755	0.00389	0.00366	0.00083	0.00382	0.00304	0.00309	0.68117
5	0.14282	0.41252	0.12301	0.00971	0.01369	0.20092	0.00935	0.01571	0.01056	0.01360	0.00717	0.00834	0.00607	0.00446	0.00358	0.00122	0.00605	0.00285	0.00231	0.00606
6	0.01223	0.01029	0.01619	0.02250	0.53051	0.01034	0.01201	0.09831	0.01219	0.06330	0.01301	0.15245	0.01219	0.00645	0.00505	0.00154	0.00511	0.00598	0.00324	0.00713
7	0.07170	0.00831	0.01100	0.00849	0.01219	0.00734	0.00701	0.02306	0.01354	0.75649	0.01838	0.01598	0.01160	0.00591	0.00476	0.00150	0.00410	0.00474	0.00582	0.00807
8	0.00606	0.00434	0.00576	0.00664	0.00706	0.00404	0.00451	0.00713	0.00999	0.01350	0.14993	0.70008	0.03424	0.01434	0.00611	0.00190	0.00273	0.01297	0.00463	0.00404
9	0.10896	0.00796	0.01007	0.00793	0.01132	0.00723	0.00652	0.02128	0.01287	0.63453	0.01745	0.01576	0.01133	0.00580	0.00451	0.00146	0.00388	0.00460	0.09901	0.00752
10	0.00715	0.00489	0.00630	0.00618	0.00713	0.00454	0.00444	0.00888	0.01210	0.04194	0.52589	0.18248	0.05606	0.10077	0.00786	0.00196	0.00271	0.00942	0.00492	0.00438
11	0.00692	0.00519	0.00779	0.00779	0.00865	0.00606	0.00606	0.00865	0.00779	0.01125	0.01298	0.01904	0.01211	0.03634	0.81049	0.00779	0.01298	0.00519	0.00260	0.00433
12	0.00654	0.00489	0.00581	0.00566	0.00682	0.00445	0.00414	0.00820	0.01181	0.01593	0.41054	0.06509	0.28600	0.08715	0.03053	0.00204	0.00289	0.00903	0.02825	0.00423

[dist]
# distance from previous block
# <min> <max>
3	4

[block]
# block no. 3 follows, 52 sequences, length 9
# corresponding to MSA columns:
# 215-223
name=unknown_D
#
# <colnr> <probs for GDERKNQSTAVLIFYWHMCP>
#	G	D	E	R	K	N	Q	S	T	A	V	L	I	F	Y	W	H	M	C	P
0	0.57646	0.05753	0.00941	0.00761	0.01046	0.14337	0.00616	0.03775	0.01016	0.01959	0.07546	0.01058	0.00906	0.00507	0.00352	0.00143	0.00458	0.00329	0.00312	0.00540
1	0.09066	0.01175	0.01380	0.10579	0.01652	0.01293	0.02964	0.47351	0.01796	0.13995	0.01176	0.01218	0.00825	0.00564	0.00501	0.00151	0.02690	0.00431	0.00440	0.00752
2	0.03063	0.08400	0.06009	0.00974	0.01390	0.06376	0.07466	0.06262	0.01170	0.13831	0.01021	0.01110	0.00774	0.00446	0.00436	0.00112	0.02146	0.00358	0.00329	0.38328
3	0.00749	0.00454	0.00562	0.00562	0.00562	0.00454	0.00335	0.00681	0.00681	0.00908	0.01305	0.02622	0.01464	0.56673	0.02281	0.28107	0.00454	0.00613	0.00267	0.00267
4	0.01256	0.00999	0.11252	0.00999	0.01310	0.00784	0.10101	0.08240	0.01289	0.22369	0.17675	0.15016	0.02071	0.03630	0.00601	0.00171	0.00454	0.00708	0.00448	0.00627
5	0.00699	0.00491	0.00637	0.00637	0.00675	0.00529	0.00429	0.00775	0.00737	0.01020	0.01427	0.02620	0.01522	0.48441	0.36667	0.00604	0.00830	0.00624	0.00279	0.00354
6	0.00865	0.00582	0.00794	0.26698	0.01479	0.00647	0.00680	0.01107	0.01005	0.01567	0.04405	0.10391	0.01386	0.00657	0.00425	0.00139	0.00367	0.00560	0.45770	0.00474
7	0.86392	0.00937	0.00712	0.00637	0.00937	0.01087	0.00525	0.01425	0.00825	0.02174	0.00675	0.00787	0.00525	0.00450	0.00300	0.00150	0.00375	0.00262	0.00300	0.00525
8	0.07019	0.00905	0.07968	0.00812	0.01159	0.00720	0.00721	0.01983	0.01246	0.52729	0.01677	0.01572	0.01115	0.00571	0.00444	0.00143	0.00399	0.00455	0.17641	0.00722

[dist]
# distance from previous block
# <min> <max>
0	2

[block]
# block no. 4 follows, 52 sequences, length 16
# corresponding to MSA columns:
# 226-241
name=unknown_E
#
# <colnr> <probs for GDERKNQSTAVLIFYWHMCP>
#	G	D	E	R	K	N	Q	S	T	A	V	L	I	F	Y	W	H	M	C	P
0	0.00655	0.00481	0.00614	0.00609	0.00712	0.00440	0.00446	0.00844	0.01257	0.01738	0.56645	0.18922	0.12599	0.01118	0.00581	0.00162	0.00241	0.00989	0.00508	0.00440
1	0.17682	0.01104	0.01120	0.00976	0.01222	0.06298	0.00780	0.09220	0.33528	0.05844	0.01345	0.01378	0.01032	0.00737	0.03641	0.00187	0.12397	0.00445	0.00395	0.00669
2	0.01170	0.01085	0.00979	0.04083	0.01175	0.20700	0.00676	0.04307	0.04127	0.06833	0.09747	0.22562	0.03770	0.00823	0.00497	0.00143	0.00474	0.00690	0.00383	0.15776
3	0.10780	0.00986	0.01207	0.00966	0.01305	0.02372	0.05839	0.11164	0.17979	0.35413	0.05701	0.01601	0.01279	0.00600	0.00477	0.00153	0.00442	0.00493	0.00498	0.00745
4	0.00945	0.00842	0.01367	0.56805	0.06549	0.01023	0.03222	0.01237	0.00969	0.01344	0.00958	0.01347	0.00744	0.00522	0.00555	0.00157	0.07233	0.00437	0.13205	0.00539
5	0.01005	0.00861	0.01005	0.00718	0.01148	0.00646	0.00574	0.01220	0.01005	0.01579	0.00861	0.01005	0.00718	0.00359	0.00359	0.00072	0.00359	0.00287	0.00287	0.85932
6	0.01842	0.01357	0.01454	0.01115	0.01503	0.01503	0.00921	0.78330	0.02278	0.03054	0.01163	0.01163	0.00824	0.00582	0.00485	0.00145	0.00533	0.00436	0.00485	0.00824
7	0.02003	0.07524	0.05318	0.00891	0.01283	0.00850	0.00779	0.02255	0.04427	0.66778	0.01761	0.01554	0.01134	0.00580	0.00472	0.00147	0.00435	0.00465	0.00544	0.00801
8	0.00859	0.00635	0.00777	0.00717	0.00869	0.00637	0.00551	0.10177	0.07176	0.02001	0.54757	0.09304	0.03703	0.00976	0.00564	0.00160	0.00292	0.04813	0.00514	0.00518
9	0.00623	0.00447	0.00558	0.00634	0.00676	0.00420	0.00424	0.00700	0.00910	0.01193	0.02675	0.52912	0.11531	0.18848	0.01010	0.00253	0.00326	0.05068	0.00416	0.00377
10	0.01507	0.01092	0.01284	0.00982	0.01367	0.01087	0.03985	0.33604	0.09640	0.11293	0.01262	0.02797	0.00944	0.00534	0.00454	0.00127	0.00458	0.00432	0.00428	0.26722
11	0.00590	0.00422	0.00562	0.00675	0.00703	0.00394	0.00450	0.00675	0.00928	0.01237	0.02671	0.82653	0.03205	0.01518	0.00619	0.00197	0.00281	0.01378	0.00450	0.00394
12	0.01035	0.02497	0.01328	0.05035	0.01434	0.02637	0.13777	0.05543	0.03865	0.02781	0.04329	0.14410	0.02568	0.00642	0.00500	0.00130	0.02530	0.00576	0.00333	0.34050
13	0.00867	0.00822	0.15971	0.00775	0.00913	0.00556	0.00684	0.00805	0.00707	0.00975	0.00847	0.01387	0.00798	0.01448	0.01618	0.69423	0.00478	0.00409	0.00209	0.00308
14	0.01230	0.00854	0.01028	0.00746	0.01165	0.00659	0.00601	0.01440	0.01078	0.16703	0.01063	0.01129	0.00810	0.00405	0.00384	0.00087	0.00369	0.00326	0.00347	0.69577
15	0.17502	0.09356	0.30156	0.01265	0.09567	0.01138	0.04197	0.04452	0.04152	0.04358	0.01053	0.07414	0.00885	0.00547	0.00435	0.00149	0.00551	0.00440	0.00285	0.02098

[dist]
# distance from previous block
# <min> <max>
6	23

[block]
# block no. 5 follows, 52 sequences, length 18
# corresponding to MSA columns:
# 265-282
name=unknown_F
#
# <colnr> <probs for GDERKNQSTAVLIFYWHMCP>
#	G	D	E	R	K	N	Q	S	T	A	V	L	I	F	Y	W	H	M	C	P
0	0.09282	0.00800	0.00927	0.00739	0.01049	0.00707	0.01595	0.05647	0.02677	0.07278	0.07058	0.10211	0.01388	0.06794	0.00578	0.00142	0.00371	0.00509	0.00362	0.41885
1	0.22989	0.00703	0.00856	0.00776	0.00977	0.00697	0.06395	0.02506	0.01003	0.04572	0.06921	0.34958	0.05154	0.00953	0.00496	0.00164	0.00358	0.00830	0.00392	0.08300
2	0.01544	0.01271	0.01263	0.00992	0.01352	0.10153	0.00795	0.40241	0.07127	0.03899	0.01126	0.01224	0.00864	0.03729	0.00525	0.00138	0.00512	0.00404	0.00404	0.22438
3	0.01931	0.00771	0.01047	0.00821	0.01153	0.00671	0.00671	0.02125	0.01385	0.67474	0.14628	0.01972	0.01751	0.00664	0.00501	0.00150	0.00382	0.00551	0.00589	0.00765
4	0.01283	0.01174	0.02112	0.02508	0.51345	0.01150	0.20982	0.04430	0.01179	0.07554	0.01014	0.01259	0.00794	0.00444	0.00504	0.00149	0.00623	0.00472	0.00277	0.00745
5	0.00575	0.00483	0.00499	0.00512	0.00660	0.00407	0.00377	0.00693	0.01085	0.01301	0.04658	0.13401	0.71175	0.01260	0.00578	0.00167	0.00249	0.01063	0.00450	0.00407
6	0.86392	0.00937	0.00712	0.00637	0.00937	0.01087	0.00525	0.01425	0.00825	0.02174	0.00675	0.00787	0.00525	0.00450	0.00300	0.00150	0.00375	0.00262	0.00300	0.00525
7	0.00666	0.00495	0.00620	0.00589	0.00712	0.00449	0.00442	0.00876	0.01325	0.01832	0.66590	0.03803	0.17742	0.01032	0.00572	0.00154	0.00232	0.00902	0.00519	0.00449
8	0.01887	0.01285	0.01410	0.01081	0.01467	0.01396	0.00893	0.68074	0.02158	0.13480	0.01264	0.01229	0.00875	0.00584	0.00485	0.00146	0.00517	0.00443	0.00500	0.00824
9	0.00655	0.00484	0.00612	0.00602	0.00711	0.00440	0.00443	0.00846	0.01265	0.01743	0.56988	0.15790	0.15415	0.01106	0.00579	0.00161	0.00239	0.00974	0.00508	0.00440
10	0.00989	0.04510	0.74729	0.01399	0.02097	0.01150	0.05449	0.01533	0.01028	0.01525	0.00870	0.01031	0.00620	0.00457	0.00462	0.00153	0.00716	0.00366	0.00207	0.00711
11	0.01314	0.54941	0.04450	0.00836	0.01259	0.01530	0.00801	0.04275	0.01068	0.07316	0.00829	0.00911	0.00692	0.00425	0.00345	0.00104	0.00485	0.00292	0.00263	0.17864
12	0.08612	0.00600	0.00751	0.00718	0.00887	0.00559	0.00533	0.01281	0.01076	0.26335	0.03975	0.42972	0.05729	0.02890	0.00586	0.00181	0.00332	0.00957	0.00483	0.00541
13	0.04514	0.01008	0.08066	0.00915	0.01305	0.00825	0.00809	0.06560	0.05632	0.60142	0.03922	0.01605	0.01216	0.00596	0.00482	0.00151	0.00438	0.00480	0.00542	0.00793
14	0.01622	0.07244	0.01400	0.01026	0.01368	0.01088	0.07542	0.17130	0.18379	0.29165	0.01659	0.07589	0.01253	0.00647	0.00492	0.00153	0.00464	0.00548	0.00482	0.00749
15	0.00707	0.00463	0.00593	0.00659	0.00735	0.00420	0.00456	0.00805	0.00991	0.07199	0.02980	0.63805	0.15568	0.01402	0.00601	0.00188	0.00285	0.01253	0.00461	0.00429
16	0.00973	0.00795	0.01013	0.04079	0.01200	0.00652	0.04062	0.02426	0.01076	0.04631	0.07385	0.07722	0.08140	0.00591	0.00435	0.00107	0.00370	0.00507	0.00343	0.53493
17	0.01524	0.01289	0.10466	0.01131	0.01553	0.01145	0.09121	0.32723	0.06365	0.13614	0.01275	0.03849	0.00947	0.00556	0.00479	0.00142	0.00526	0.00466	0.00416	0.12414

[dist]
# distance from previous block
# <min> <max>
1	4

[block]
# block no. 6 follows, 52 sequences, length 27
# corresponding to MSA columns:
# 289-315
name=unknown_G
#
# <colnr> <probs for GDERKNQSTAVLIFYWHMCP>
#	G	D	E	R	K	N	Q	S	T	A	V	L	I	F	Y	W	H	M	C	P
0	0.18469	0.00970	0.01114	0.09246	0.01424	0.01016	0.00767	0.18082	0.07629	0.23849	0.04700	0.01382	0.01057	0.00556	0.00443	0.00145	0.00440	0.00431	0.00438	0.07841
1	0.03429	0.07873	0.02852	0.06105	0.05388	0.01015	0.10048	0.08731	0.02389	0.38369	0.01491	0.01645	0.01074	0.00590	0.00509	0.00154	0.02038	0.05127	0.00442	0.00729
2	0.06907	0.03997	0.29744	0.01160	0.01534	0.01013	0.09809	0.01276	0.01009	0.01528	0.12838	0.05509	0.01409	0.00961	0.08973	0.00227	0.10710	0.00525	0.00284	0.00586
3	0.19173	0.01019	0.01663	0.16464	0.22998	0.01084	0.17758	0.01394	0.02165	0.01598	0.00923	0.01234	0.00743	0.00776	0.08812	0.00219	0.00670	0.00437	0.00255	0.00615
4	0.01249	0.00959	0.01557	0.35343	0.14256	0.01091	0.05906	0.01509	0.01047	0.17141	0.01050	0.01312	0.00779	0.00555	0.00672	0.00165	0.14026	0.00450	0.00297	0.00637
5	0.00966	0.00693	0.00970	0.05077	0.17752	0.00649	0.00721	0.01157	0.01169	0.12492	0.15200	0.07958	0.31450	0.00914	0.00539	0.00158	0.00358	0.00792	0.00428	0.00556
6	0.01079	0.02356	0.73368	0.01335	0.02021	0.01089	0.01694	0.01609	0.01056	0.08573	0.00963	0.01079	0.00666	0.00473	0.00463	0.00153	0.00689	0.00370	0.00240	0.00726
7	0.02204	0.01385	0.21977	0.33256	0.14112	0.01139	0.07574	0.01458	0.05788	0.01449	0.00936	0.01224	0.00712	0.00491	0.00532	0.00159	0.04298	0.00428	0.00237	0.00641
8	0.00669	0.00472	0.00593	0.00629	0.00678	0.00455	0.00424	0.00795	0.02543	0.01347	0.21460	0.34175	0.03056	0.26110	0.01168	0.00269	0.00334	0.04012	0.00424	0.00389
9	0.02174	0.00825	0.01125	0.00862	0.01237	0.00712	0.00712	0.02362	0.01387	0.80282	0.01912	0.01649	0.01200	0.00600	0.00487	0.00150	0.00412	0.00487	0.00600	0.00825
10	0.00815	0.00668	0.01027	0.04756	0.21631	0.00665	0.00849	0.01000	0.01026	0.01385	0.02106	0.37043	0.02347	0.01142	0.00590	0.00189	0.00418	0.21447	0.00384	0.00512
11	0.01124	0.01107	0.01727	0.34136	0.44749	0.06020	0.01397	0.01416	0.01067	0.01422	0.00882	0.01216	0.00711	0.00457	0.00479	0.00150	0.00622	0.00424	0.00231	0.00664
12	0.00674	0.00495	0.00632	0.00597	0.00717	0.00452	0.00448	0.00892	0.01344	0.01878	0.71941	0.03728	0.12363	0.01015	0.00572	0.00154	0.00230	0.00892	0.00525	0.00452
13	0.81234	0.00930	0.00738	0.00651	0.00956	0.01064	0.00536	0.01482	0.00859	0.06958	0.00751	0.00840	0.00566	0.00459	0.00311	0.00150	0.00377	0.00276	0.00318	0.00543
14	0.00892	0.01988	0.59600	0.06172	0.01894	0.00976	0.01494	0.01344	0.01001	0.01457	0.01230	0.17400	0.01135	0.00674	0.00494	0.00163	0.00625	0.00567	0.00254	0.00641
15	0.01676	0.23492	0.01678	0.01139	0.01432	0.60324	0.00908	0.01808	0.01272	0.01174	0.00729	0.00849	0.00624	0.00477	0.00404	0.00119	0.00781	0.00298	0.00239	0.00578
16	0.00602	0.00427	0.00559	0.00660	0.00685	0.00402	0.00434	0.00678	0.00905	0.01206	0.02552	0.74416	0.03056	0.09959	0.00810	0.00225	0.00301	0.01308	0.00434	0.00383
17	0.00705	0.00470	0.00529	0.00529	0.00529	0.00470	0.00294	0.00705	0.00705	0.00940	0.01527	0.03171	0.01762	0.82969	0.02467	0.00470	0.00470	0.00705	0.00294	0.00294
18	0.01565	0.01908	0.01402	0.13459	0.01744	0.57313	0.01016	0.01717	0.01220	0.01191	0.00750	0.00964	0.00629	0.00548	0.00612	0.00143	0.12679	0.00346	0.00239	0.00554
19	0.00703	0.00476	0.00558	0.00558	0.00568	0.00486	0.00331	0.00724	0.00714	0.00962	0.01500	0.03021	0.01697	0.73567	0.11779	0.00506	0.00568	0.00683	0.00290	0.00310
20	0.00752	0.00537	0.00748	0.00859	0.00958	0.00533	0.00731	0.00954	0.01087	0.01418	0.02582	0.17162	0.02852	0.01366	0.00662	0.00219	0.00421	0.65273	0.00447	0.00438
21	0.01118	0.01489	0.14618	0.01942	0.02467	0.01210	0.66610	0.01550	0.01126	0.01550	0.00964	0.01264	0.00717	0.00416	0.00555	0.00162	0.00802	0.00539	0.00239	0.00663
22	0.01842	0.01357	0.01454	0.01115	0.01503	0.01503	0.00921	0.78330	0.02278	0.03054	0.01163	0.01163	0.00824	0.00582	0.00485	0.00145	0.00533	0.00436	0.00485	0.00824
23	0.00725	0.00468	0.00521	0.00521	0.00532	0.00468	0.00298	0.00749	0.00737	0.01029	0.01532	0.03030	0.01708	0.74429	0.02246	0.00433	0.00445	0.00678	0.09140	0.00310
24	0.05272	0.00789	0.01123	0.00896	0.01138	0.00801	0.16997	0.12489	0.01218	0.01952	0.01348	0.01557	0.01038	0.00528	0.00408	0.00130	0.00404	0.00466	0.50893	0.00553
25	0.50316	0.01006	0.01012	0.01013	0.09243	0.01151	0.00728	0.06320	0.13999	0.04551	0.00982	0.01067	0.00755	0.00520	0.00447	0.00155	0.05419	0.00355	0.00341	0.00618
26	0.01102	0.00739	0.01128	0.00902	0.01153	0.00677	0.12310	0.04565	0.01356	0.16587	0.45051	0.02637	0.02965	0.00773	0.00539	0.00148	0.00373	0.00703	0.00485	0.05806

[dist]
# distance from previous block
# <min> <max>
0	3

[block]
# block no. 7 follows, 52 sequences, length 34
# corresponding to MSA columns:
# 319-352
name=unknown_H
#
# <colnr> <probs for GDERKNQSTAVLIFYWHMCP>
#	G	D	E	R	K	N	Q	S	T	A	V	L	I	F	Y	W	H	M	C	P
0	0.07623	0.35306	0.04094	0.01051	0.01394	0.06252	0.11738	0.01486	0.06757	0.01419	0.01209	0.01901	0.01137	0.00630	0.00446	0.00147	0.00552	0.15973	0.00292	0.00593
1	0.63014	0.17587	0.01112	0.00693	0.01021	0.01228	0.00600	0.01498	0.00898	0.07677	0.00765	0.00848	0.00594	0.00454	0.00316	0.00141	0.00407	0.00278	0.00303	0.00566
2	0.17679	0.28934	0.01668	0.00945	0.01308	0.11547	0.00817	0.28316	0.01454	0.02009	0.00854	0.00926	0.00674	0.00490	0.00385	0.00130	0.00541	0.00328	0.00327	0.00666
3	0.01071	0.01028	0.01625	0.16979	0.32475	0.01221	0.01264	0.01296	0.00949	0.01360	0.00904	0.01428	0.00821	0.00647	0.00892	0.00177	0.29905	0.05101	0.00238	0.00620
4	0.00600	0.00450	0.00559	0.00642	0.00712	0.00410	0.00453	0.00704	0.00988	0.01272	0.03254	0.56437	0.23365	0.01428	0.00610	0.00190	0.00284	0.06791	0.00450	0.00402
5	0.00687	0.00524	0.00672	0.00640	0.00747	0.00509	0.00482	0.00883	0.01264	0.01759	0.59145	0.09580	0.14154	0.01053	0.00638	0.00161	0.05251	0.00906	0.00496	0.00451
6	0.00686	0.00495	0.00648	0.00610	0.00724	0.00457	0.00457	0.00914	0.01372	0.01943	0.79691	0.03620	0.04572	0.00991	0.00572	0.00152	0.00229	0.00876	0.00533	0.00457
7	0.01005	0.00861	0.01005	0.00718	0.01148	0.00646	0.00574	0.01220	0.01005	0.01579	0.00861	0.01005	0.00718	0.00359	0.00359	0.00072	0.00359	0.00287	0.00287	0.85932
8	0.01196	0.00684	0.00929	0.07474	0.01228	0.00677	0.00744	0.01511	0.08072	0.23637	0.12563	0.08045	0.02317	0.00965	0.00571	0.00181	0.00409	0.27724	0.00486	0.00587
9	0.08517	0.38096	0.01842	0.01004	0.01339	0.34460	0.00854	0.06360	0.01211	0.01361	0.00735	0.00842	0.00627	0.00463	0.00373	0.00119	0.00654	0.00292	0.00249	0.00602
10	0.00902	0.00555	0.00625	0.00578	0.00777	0.00470	0.00443	0.01035	0.01152	0.17469	0.04163	0.08656	0.59148	0.01116	0.00558	0.00163	0.00282	0.00934	0.00481	0.00493
11	0.00600	0.00426	0.00560	0.00663	0.00689	0.00400	0.00437	0.00677	0.00910	0.01213	0.02577	0.76138	0.03087	0.08195	0.00770	0.00219	0.00297	0.01322	0.00437	0.00385
12	0.01299	0.58995	0.12236	0.00952	0.01379	0.09558	0.00958	0.01592	0.06738	0.01260	0.00801	0.00894	0.00684	0.00447	0.00356	0.00117	0.00569	0.00298	0.00232	0.00639
13	0.01120	0.01046	0.01740	0.46711	0.02726	0.01206	0.16805	0.13583	0.01196	0.01586	0.00917	0.01257	0.00692	0.00512	0.00586	0.00163	0.06824	0.00460	0.00264	0.00607
14	0.00802	0.00421	0.00620	0.00638	0.00643	0.00417	0.00425	0.00638	0.00679	0.00905	0.01133	0.14411	0.01218	0.01657	0.01691	0.72241	0.00399	0.00573	0.00249	0.00240
15	0.00883	0.00621	0.00727	0.00673	0.00752	0.00662	0.00457	0.13109	0.00971	0.01314	0.01423	0.02594	0.01501	0.53739	0.18097	0.00481	0.00648	0.00624	0.00317	0.00406
16	0.01150	0.07081	0.01700	0.07469	0.35264	0.02045	0.06955	0.01720	0.21843	0.01655	0.05898	0.01541	0.02457	0.00539	0.00485	0.00150	0.00521	0.00495	0.00324	0.00706
17	0.01051	0.00983	0.01651	0.16802	0.53523	0.01017	0.01296	0.01313	0.01051	0.01466	0.01183	0.14198	0.01134	0.00614	0.00503	0.00156	0.00541	0.00582	0.00269	0.00667
18	0.00678	0.00459	0.00536	0.00563	0.00570	0.00452	0.00330	0.00698	0.00757	0.01010	0.01796	0.21852	0.02101	0.63825	0.02032	0.00406	0.00425	0.00863	0.00330	0.00317
19	0.01157	0.01560	0.21264	0.03840	0.06853	0.01213	0.41733	0.07420	0.06892	0.01690	0.01033	0.01258	0.00767	0.00456	0.00525	0.00159	0.00721	0.00496	0.00271	0.00694
20	0.01179	0.09215	0.49516	0.01391	0.01984	0.07225	0.13739	0.01621	0.01092	0.07235	0.00937	0.01081	0.00678	0.00461	0.00465	0.00148	0.00705	0.00390	0.00244	0.00694
21	0.01058	0.00988	0.01570	0.42255	0.28924	0.01122	0.01301	0.01535	0.13462	0.01481	0.01055	0.01343	0.00820	0.00494	0.00484	0.00156	0.00580	0.00450	0.00268	0.00652
22	0.01507	0.00716	0.00916	0.00782	0.01009	0.00667	0.00595	0.08727	0.01239	0.40269	0.01952	0.20917	0.01737	0.15616	0.00874	0.00218	0.00403	0.00731	0.00499	0.00628
23	0.01176	0.14187	0.01957	0.22547	0.35705	0.01282	0.07589	0.05981	0.02266	0.01515	0.00897	0.01171	0.00724	0.00453	0.00462	0.00144	0.00599	0.00417	0.00247	0.00680
24	0.00944	0.01133	0.14048	0.49844	0.14463	0.01039	0.01358	0.01287	0.01021	0.01381	0.05751	0.03659	0.00972	0.00533	0.00489	0.00158	0.00611	0.00473	0.00243	0.00592
25	0.01183	0.70058	0.02224	0.00805	0.01158	0.01675	0.00769	0.01327	0.00976	0.01156	0.00992	0.13827	0.01034	0.00590	0.00360	0.00118	0.00480	0.00437	0.00246	0.00586
26	0.01042	0.00941	0.01308	0.00936	0.01375	0.00753	0.12950	0.02621	0.01049	0.01601	0.00886	0.01056	0.00722	0.00371	0.00395	0.00088	0.00435	0.00335	0.00284	0.70853
27	0.09670	0.41788	0.24653	0.01017	0.01501	0.01528	0.02850	0.05135	0.04128	0.02565	0.00828	0.00932	0.00664	0.00451	0.00377	0.00129	0.00562	0.00318	0.00246	0.00658
28	0.00788	0.00600	0.00894	0.01054	0.13366	0.00644	0.00653	0.00906	0.00801	0.01130	0.01260	0.02079	0.01252	0.23031	0.42354	0.07040	0.00907	0.00545	0.00261	0.00434
29	0.00793	0.00729	0.00699	0.00761	0.00831	0.13250	0.00528	0.00895	0.01035	0.01287	0.08678	0.63140	0.02906	0.01313	0.00586	0.00182	0.00371	0.01167	0.00425	0.00426
30	0.01180	0.12196	0.01638	0.01860	0.38583	0.09930	0.01073	0.01537	0.10548	0.01490	0.01627	0.01733	0.13406	0.00591	0.00469	0.00142	0.00525	0.00504	0.00301	0.00668
31	0.21851	0.02158	0.01447	0.30828	0.14592	0.02264	0.05634	0.11588	0.02225	0.01788	0.00882	0.01133	0.00676	0.00478	0.00441	0.00153	0.00562	0.00397	0.00281	0.00621
32	0.00859	0.00690	0.00911	0.00782	0.00912	0.04226	0.11029	0.00979	0.00885	0.01244	0.01471	0.08951	0.01529	0.42077	0.01470	0.00304	0.00473	0.00653	0.13903	0.06651
33	0.01317	0.08011	0.01734	0.12076	0.01839	0.01039	0.23573	0.03975	0.07571	0.19668	0.05273	0.08209	0.01301	0.00620	0.00514	0.00157	0.00554	0.01531	0.00381	0.00656

[dist]
# distance from previous block
# <min> <max>
0	39

# created by:
# /st0/software/busco_prod/Augustus/scripts/msa2prfl.pl ./align_prep/171627.fa
