[name]
unknown

[dist]
# distance from previous block
# <min> <max>
16	113

[block]
# block no. 0 follows, 52 sequences, length 12
# corresponding to MSA columns:
# 128-139
name=unknown_A
#
# <colnr> <probs for GDERKNQSTAVLIFYWHMCP>
#	G	D	E	R	K	N	Q	S	T	A	V	L	I	F	Y	W	H	M	C	P
0	0.06893	0.05877	0.07193	0.04350	0.03716	0.08403	0.08310	0.13550	0.03529	0.12625	0.02678	0.03263	0.03000	0.03391	0.03812	0.00189	0.04955	0.03266	0.00359	0.00642
1	0.05818	0.03234	0.03982	0.02214	0.04573	0.02232	0.14632	0.07134	0.06026	0.06784	0.12698	0.04639	0.06076	0.05056	0.02209	0.00181	0.02506	0.02929	0.00372	0.06704
2	0.04912	0.03312	0.01312	0.05519	0.03564	0.01002	0.09765	0.17089	0.06550	0.08883	0.10662	0.06292	0.04937	0.05366	0.02296	0.00185	0.03797	0.00591	0.00399	0.03566
3	0.01014	0.00752	0.00965	0.00850	0.02361	0.00740	0.05743	0.10769	0.09957	0.05923	0.15061	0.13633	0.14454	0.00899	0.00567	0.03002	0.00363	0.00749	0.06189	0.06009
4	0.02711	0.03327	0.03377	0.20668	0.04326	0.04160	0.00957	0.20517	0.05388	0.03402	0.01336	0.08593	0.02988	0.01752	0.00578	0.00161	0.05333	0.03556	0.01796	0.05074
5	0.00930	0.00877	0.01480	0.77666	0.07360	0.01081	0.01353	0.01251	0.00976	0.01256	0.00864	0.01287	0.00652	0.00482	0.00484	0.00161	0.00642	0.00431	0.00217	0.00550
6	0.00919	0.00971	0.06718	0.76445	0.03255	0.01080	0.01375	0.01258	0.00973	0.01258	0.00862	0.01274	0.00644	0.00483	0.00483	0.00161	0.00651	0.00426	0.00215	0.00550
7	0.01204	0.25588	0.29962	0.04501	0.04561	0.04003	0.10660	0.01628	0.06260	0.05881	0.00956	0.01086	0.00729	0.00463	0.00435	0.00140	0.00629	0.00379	0.00255	0.00680
8	0.00775	0.00502	0.00620	0.00647	0.00714	0.00479	0.00434	0.03533	0.00967	0.06545	0.04736	0.44219	0.07457	0.24741	0.01131	0.00267	0.00349	0.01054	0.00419	0.00412
9	0.00681	0.00521	0.00591	0.00646	0.00719	0.03372	0.00453	0.00797	0.01014	0.01344	0.10628	0.44633	0.14448	0.07609	0.00727	0.00201	0.00311	0.04743	0.06156	0.00407
10	0.04492	0.01019	0.01289	0.03581	0.30114	0.10150	0.00961	0.01359	0.05828	0.02897	0.05096	0.19023	0.01513	0.00777	0.00586	0.02291	0.04332	0.00646	0.03449	0.00597
11	0.57627	0.00994	0.03890	0.02983	0.05814	0.03315	0.00663	0.03265	0.00974	0.03478	0.06975	0.01325	0.05959	0.00548	0.00372	0.00150	0.00407	0.00386	0.00326	0.00549

[dist]
# distance from previous block
# <min> <max>
10	22

[block]
# block no. 1 follows, 52 sequences, length 16
# corresponding to MSA columns:
# 162-177
name=unknown_B
#
# <colnr> <probs for GDERKNQSTAVLIFYWHMCP>
#	G	D	E	R	K	N	Q	S	T	A	V	L	I	F	Y	W	H	M	C	P
0	0.01253	0.05177	0.07151	0.00901	0.01244	0.06858	0.04604	0.05059	0.02129	0.15566	0.03117	0.03403	0.09362	0.05969	0.01513	0.00157	0.02230	0.00498	0.00364	0.23445
1	0.01795	0.06412	0.05255	0.00948	0.01322	0.01075	0.00821	0.29928	0.01656	0.35175	0.06721	0.01521	0.01223	0.00599	0.00475	0.00144	0.00460	0.00472	0.03226	0.00769
2	0.11241	0.01422	0.23108	0.01234	0.07614	0.06985	0.07450	0.01514	0.01082	0.13326	0.03002	0.05171	0.05542	0.04518	0.00605	0.00171	0.03183	0.01877	0.00325	0.00629
3	0.01912	0.00920	0.04868	0.00898	0.01257	0.00791	0.00765	0.08294	0.03883	0.60216	0.01808	0.05329	0.01244	0.00788	0.04525	0.00184	0.00474	0.00522	0.00544	0.00778
4	0.01070	0.10225	0.05232	0.46746	0.14455	0.01155	0.01243	0.01420	0.04927	0.05168	0.01068	0.01345	0.02935	0.00502	0.00466	0.00152	0.00589	0.00433	0.00257	0.00613
5	0.05182	0.05942	0.56623	0.01318	0.01930	0.05081	0.05373	0.10060	0.01174	0.01699	0.00884	0.01023	0.00640	0.00471	0.00453	0.00149	0.00683	0.00366	0.00245	0.00704
6	0.00835	0.00683	0.00841	0.00923	0.09679	0.04472	0.00607	0.01097	0.04864	0.03325	0.49770	0.09148	0.09981	0.00941	0.00553	0.00155	0.00315	0.00826	0.00473	0.00510
7	0.01001	0.03235	0.52765	0.01323	0.01888	0.01025	0.11108	0.01462	0.01086	0.04609	0.07809	0.03278	0.01185	0.00583	0.00499	0.00159	0.00646	0.05400	0.00274	0.00665
8	0.00765	0.00513	0.00673	0.00623	0.00751	0.00471	0.00471	0.00991	0.01373	0.06085	0.75578	0.03516	0.04394	0.00970	0.00567	0.00152	0.00238	0.00856	0.00537	0.00477
9	0.86392	0.00937	0.00712	0.00637	0.00937	0.01087	0.00525	0.01425	0.00825	0.02174	0.00675	0.00787	0.00525	0.00450	0.00300	0.00150	0.00375	0.00262	0.00300	0.00525
10	0.01854	0.01164	0.01373	0.01172	0.07310	0.01223	0.00892	0.45321	0.06592	0.25880	0.01417	0.01350	0.00972	0.00580	0.00486	0.00148	0.00491	0.00458	0.00501	0.00817
11	0.00687	0.00502	0.00710	0.00718	0.00784	0.00559	0.00530	0.00822	0.00796	0.01126	0.04086	0.08300	0.01580	0.18474	0.57320	0.00655	0.01028	0.00631	0.00290	0.00404
12	0.00598	0.00429	0.00579	0.00683	0.00715	0.00410	0.00462	0.00689	0.00917	0.01229	0.02567	0.76556	0.03055	0.01678	0.06691	0.00241	0.00358	0.01313	0.00435	0.00397
13	0.01005	0.00861	0.01005	0.00718	0.01148	0.00646	0.00574	0.01220	0.01005	0.01579	0.00861	0.01005	0.00718	0.00359	0.00359	0.00072	0.00359	0.00287	0.00287	0.85932
14	0.01265	0.00895	0.01176	0.00864	0.01276	0.00731	0.06669	0.02895	0.03347	0.17472	0.01152	0.02653	0.00885	0.00445	0.00412	0.00101	0.00408	0.00379	0.00359	0.56614
15	0.07295	0.01045	0.01202	0.00948	0.01289	0.01088	0.00776	0.38269	0.01730	0.29120	0.04435	0.04038	0.01170	0.00773	0.04388	0.00180	0.00499	0.00493	0.00502	0.00758

[dist]
# distance from previous block
# <min> <max>
1	3

[block]
# block no. 2 follows, 52 sequences, length 21
# corresponding to MSA columns:
# 181-201
name=unknown_C
#
# <colnr> <probs for GDERKNQSTAVLIFYWHMCP>
#	G	D	E	R	K	N	Q	S	T	A	V	L	I	F	Y	W	H	M	C	P
0	0.01149	0.11701	0.08162	0.00842	0.01289	0.00964	0.00758	0.11344	0.01170	0.01711	0.00877	0.00998	0.00710	0.00404	0.00378	0.00093	0.00433	0.00309	0.00295	0.56412
1	0.30695	0.08393	0.01281	0.00932	0.01281	0.07770	0.00774	0.37618	0.01578	0.04077	0.00937	0.00988	0.00696	0.00516	0.00403	0.00142	0.00503	0.00353	0.00381	0.00683
2	0.00692	0.00474	0.00575	0.00585	0.00602	0.00486	0.00361	0.00730	0.00737	0.00998	0.01590	0.10078	0.01797	0.62025	0.15814	0.00498	0.00595	0.00733	0.00302	0.00327
3	0.00688	0.00495	0.00648	0.00617	0.00717	0.00472	0.00454	0.00889	0.01253	0.01771	0.64950	0.03422	0.03994	0.09318	0.07973	0.00240	0.00348	0.00827	0.00485	0.00439
4	0.00676	0.00510	0.00720	0.00727	0.00809	0.00482	0.04771	0.00811	0.01023	0.01377	0.18222	0.38043	0.07007	0.13971	0.00896	0.00229	0.00344	0.08539	0.00431	0.00411
5	0.00705	0.00470	0.00529	0.00529	0.00529	0.00470	0.00294	0.00705	0.00705	0.00940	0.01527	0.03171	0.01762	0.82969	0.02467	0.00470	0.00470	0.00705	0.00294	0.00294
6	0.01060	0.01288	0.16501	0.07694	0.43480	0.01042	0.02940	0.01439	0.04236	0.01621	0.12622	0.01558	0.01322	0.00532	0.00492	0.00149	0.00553	0.00491	0.00285	0.00694
7	0.01957	0.00846	0.01112	0.00844	0.01229	0.00722	0.00694	0.04259	0.01344	0.64176	0.01705	0.01522	0.01104	0.00557	0.00464	0.00136	0.00406	0.00450	0.00541	0.15933
8	0.09822	0.08276	0.01400	0.08356	0.06540	0.01347	0.00902	0.29343	0.25032	0.02234	0.01274	0.01301	0.00955	0.00559	0.00454	0.00149	0.00484	0.00437	0.00405	0.00731
9	0.10442	0.00972	0.01153	0.01035	0.08972	0.00922	0.00746	0.10850	0.10351	0.15119	0.01189	0.01222	0.00885	0.00478	0.00417	0.00120	0.00415	0.00381	0.00384	0.33945
10	0.01283	0.01201	0.01671	0.06060	0.47168	0.06433	0.01226	0.10457	0.08936	0.01753	0.01028	0.01221	0.00825	0.00472	0.00468	0.00139	0.00556	0.00423	0.00297	0.08384
11	0.01204	0.53175	0.02279	0.16412	0.11639	0.01627	0.04977	0.01421	0.01005	0.01236	0.00755	0.00955	0.00651	0.00430	0.00378	0.00123	0.00565	0.00329	0.00215	0.00626
12	0.01205	0.01041	0.01096	0.00986	0.01260	0.01205	0.00767	0.02575	0.79071	0.02027	0.01972	0.01808	0.01479	0.00657	0.00493	0.00164	0.00384	0.00548	0.00493	0.00767
13	0.01005	0.00861	0.01005	0.00718	0.01148	0.00646	0.00574	0.01220	0.01005	0.01579	0.00861	0.01005	0.00718	0.00359	0.00359	0.00072	0.00359	0.00287	0.00287	0.85932
14	0.02174	0.00825	0.01125	0.00862	0.01237	0.00712	0.00712	0.02362	0.01387	0.80282	0.01912	0.01649	0.01200	0.00600	0.00487	0.00150	0.00412	0.00487	0.00600	0.00825
15	0.00589	0.00428	0.00556	0.00659	0.00699	0.00395	0.00443	0.00677	0.00943	0.01243	0.02865	0.75879	0.09853	0.01493	0.00615	0.00194	0.00278	0.01347	0.00450	0.00395
16	0.00915	0.00861	0.01453	0.81804	0.03338	0.01077	0.01346	0.01238	0.00969	0.01238	0.00861	0.01292	0.00646	0.00484	0.00484	0.00161	0.00646	0.00431	0.00215	0.00538
17	0.02174	0.00825	0.01125	0.00862	0.01237	0.00712	0.00712	0.02362	0.01387	0.80282	0.01912	0.01649	0.01200	0.00600	0.00487	0.00150	0.00412	0.00487	0.00600	0.00825
18	0.86392	0.00937	0.00712	0.00637	0.00937	0.01087	0.00525	0.01425	0.00825	0.02174	0.00675	0.00787	0.00525	0.00450	0.00300	0.00150	0.00375	0.00262	0.00300	0.00525
19	0.01802	0.01870	0.01291	0.01143	0.01419	0.55823	0.00873	0.02096	0.11184	0.16188	0.01122	0.01138	0.00841	0.00538	0.00454	0.00135	0.00725	0.00375	0.00346	0.00637
20	0.00661	0.00485	0.00620	0.00607	0.00714	0.00444	0.00447	0.00859	0.01283	0.01781	0.61457	0.14861	0.11798	0.01088	0.00578	0.00160	0.00238	0.00961	0.00513	0.00444

[dist]
# distance from previous block
# <min> <max>
0	3

[block]
# block no. 3 follows, 52 sequences, length 56
# corresponding to MSA columns:
# 206-261
name=unknown_D
#
# <colnr> <probs for GDERKNQSTAVLIFYWHMCP>
#	G	D	E	R	K	N	Q	S	T	A	V	L	I	F	Y	W	H	M	C	P
0	0.01189	0.01612	0.24017	0.01733	0.04894	0.01203	0.41997	0.10693	0.01247	0.02992	0.01025	0.01320	0.00774	0.00471	0.00529	0.00159	0.00731	0.02448	0.00273	0.00693
1	0.01005	0.00861	0.01005	0.00718	0.01148	0.00646	0.00574	0.01220	0.01005	0.01579	0.00861	0.01005	0.00718	0.00359	0.00359	0.00072	0.00359	0.00287	0.00287	0.85932
2	0.00692	0.00519	0.00779	0.00779	0.00865	0.00606	0.00606	0.00865	0.00779	0.01125	0.01298	0.01904	0.01211	0.03634	0.81049	0.00779	0.01298	0.00519	0.00260	0.00433
3	0.01164	0.01420	0.15849	0.12316	0.16061	0.01201	0.29358	0.08835	0.05835	0.01684	0.01010	0.01253	0.00761	0.00463	0.00512	0.00156	0.00682	0.00477	0.00271	0.00693
4	0.00680	0.00474	0.00522	0.00522	0.00552	0.00459	0.00307	0.00703	0.00779	0.01008	0.02155	0.03448	0.16233	0.67801	0.02115	0.00413	0.00428	0.00764	0.00323	0.00315
5	0.00934	0.00603	0.00712	0.00660	0.00836	0.00559	0.00505	0.08000	0.01250	0.11823	0.16163	0.15136	0.33380	0.01110	0.00609	0.03169	0.00308	0.03264	0.00478	0.00501
6	0.00597	0.00435	0.00565	0.00667	0.00712	0.00403	0.00457	0.00692	0.00953	0.01254	0.02882	0.71600	0.10553	0.01482	0.00616	0.00195	0.00285	0.04804	0.00450	0.00398
7	0.01005	0.00861	0.01005	0.00718	0.01148	0.00646	0.00574	0.01220	0.01005	0.01579	0.00861	0.01005	0.00718	0.00359	0.00359	0.00072	0.00359	0.00287	0.00287	0.85932
8	0.01037	0.00872	0.01058	0.08090	0.01357	0.00706	0.00655	0.03041	0.01038	0.02965	0.00887	0.01046	0.00722	0.00380	0.00375	0.00083	0.00390	0.00307	0.00291	0.74700
9	0.01426	0.01519	0.08722	0.01097	0.01421	0.21197	0.00919	0.09262	0.42493	0.04557	0.01485	0.01435	0.01113	0.00590	0.00475	0.00151	0.00553	0.00459	0.00408	0.00718
10	0.00817	0.00430	0.00613	0.00613	0.00613	0.00430	0.00398	0.00644	0.00644	0.00859	0.00964	0.01777	0.01006	0.16226	0.01996	0.70616	0.00430	0.00472	0.00225	0.00225
11	0.01123	0.01204	0.08942	0.06218	0.61293	0.01088	0.01409	0.01451	0.02502	0.01601	0.07551	0.01402	0.01081	0.00488	0.00486	0.00147	0.00559	0.00465	0.00265	0.00726
12	0.01079	0.01712	0.30007	0.01765	0.02332	0.01170	0.48726	0.01535	0.01097	0.01547	0.00937	0.01197	0.00692	0.00425	0.00525	0.00157	0.00766	0.00487	0.00232	0.03610
13	0.01238	0.02167	0.03190	0.00967	0.01239	0.00840	0.09006	0.03846	0.19937	0.20098	0.04871	0.15508	0.08852	0.00851	0.00537	0.00167	0.00421	0.05154	0.00467	0.00643
14	0.00969	0.00899	0.01437	0.56504	0.12896	0.01006	0.01221	0.01267	0.00993	0.01346	0.00868	0.01227	0.00675	0.00454	0.00461	0.00143	0.00584	0.00404	0.00232	0.16414
15	0.00660	0.00494	0.00611	0.00582	0.00708	0.00446	0.00437	0.00863	0.01310	0.01796	0.62275	0.03863	0.22080	0.01046	0.00572	0.00155	0.00233	0.00910	0.00514	0.00446
16	0.02113	0.00924	0.01186	0.00909	0.01286	0.00859	0.00751	0.16459	0.01552	0.65951	0.01773	0.01559	0.01130	0.00596	0.00487	0.00149	0.00435	0.00478	0.00578	0.00825
17	0.01810	0.02310	0.01373	0.01248	0.01498	0.81024	0.00936	0.01935	0.01373	0.01186	0.00749	0.00874	0.00624	0.00499	0.00437	0.00125	0.00874	0.00312	0.00250	0.00562
18	0.00870	0.00553	0.00609	0.00560	0.00763	0.00465	0.00432	0.01005	0.01157	0.15963	0.04353	0.04104	0.65174	0.01111	0.00557	0.00161	0.00276	0.00923	0.00478	0.00486
19	0.00723	0.00604	0.00968	0.08689	0.08300	0.00597	0.07168	0.00876	0.00966	0.01295	0.02197	0.60704	0.02534	0.01228	0.00589	0.00186	0.00388	0.01134	0.00391	0.00463
20	0.01842	0.01357	0.01454	0.01115	0.01503	0.01503	0.00921	0.78330	0.02278	0.03054	0.01163	0.01163	0.00824	0.00582	0.00485	0.00145	0.00533	0.00436	0.00485	0.00824
21	0.86392	0.00937	0.00712	0.00637	0.00937	0.01087	0.00525	0.01425	0.00825	0.02174	0.00675	0.00787	0.00525	0.00450	0.00300	0.00150	0.00375	0.00262	0.00300	0.00525
22	0.01810	0.02310	0.01373	0.01248	0.01498	0.81024	0.00936	0.01935	0.01373	0.01186	0.00749	0.00874	0.00624	0.00499	0.00437	0.00125	0.00874	0.00312	0.00250	0.00562
23	0.00692	0.00519	0.00779	0.00779	0.00865	0.00606	0.00606	0.00865	0.00779	0.01125	0.01298	0.01904	0.01211	0.03634	0.81049	0.00779	0.01298	0.00519	0.00260	0.00433
24	0.00903	0.00452	0.00452	0.00452	0.00565	0.00452	0.00339	0.01129	0.01016	0.01807	0.01581	0.01807	0.01242	0.00565	0.00339	0.00113	0.00226	0.00452	0.85659	0.00452
25	0.01144	0.01307	0.02859	0.02042	0.02533	0.01225	0.78186	0.01552	0.01144	0.01552	0.00980	0.01307	0.00735	0.00408	0.00572	0.00163	0.00817	0.00572	0.00245	0.00654
26	0.01005	0.00861	0.01005	0.00718	0.01148	0.00646	0.00574	0.01220	0.01005	0.01579	0.00861	0.01005	0.00718	0.00359	0.00359	0.00072	0.00359	0.00287	0.00287	0.85932
27	0.01110	0.01060	0.01805	0.27856	0.55766	0.01128	0.01443	0.01409	0.01061	0.01474	0.00896	0.01229	0.00729	0.00448	0.00481	0.00149	0.00598	0.00431	0.00232	0.00695
28	0.00903	0.00452	0.00452	0.00452	0.00565	0.00452	0.00339	0.01129	0.01016	0.01807	0.01581	0.01807	0.01242	0.00565	0.00339	0.00113	0.00226	0.00452	0.85659	0.00452
29	0.01937	0.23056	0.01506	0.00853	0.01239	0.01037	0.00744	0.02116	0.01279	0.58939	0.01578	0.01414	0.01044	0.00550	0.00440	0.00137	0.00441	0.00426	0.00494	0.00770
30	0.00972	0.02507	0.80458	0.01381	0.02097	0.01125	0.01790	0.01535	0.01023	0.01535	0.00870	0.01023	0.00614	0.00460	0.00460	0.00153	0.00716	0.00358	0.00205	0.00716
31	0.01222	0.00855	0.01027	0.00745	0.01165	0.00658	0.00600	0.01432	0.01076	0.16183	0.01056	0.01124	0.00807	0.00404	0.00383	0.00086	0.00369	0.00324	0.00345	0.70139
32	0.00909	0.00536	0.00717	0.00697	0.00748	0.00566	0.00485	0.00992	0.15187	0.01062	0.01052	0.01535	0.00960	0.01493	0.01634	0.69991	0.00414	0.00444	0.00263	0.00314
33	0.00809	0.00642	0.00745	0.00693	0.00858	0.00652	0.00527	0.01329	0.22285	0.01869	0.47267	0.03291	0.15264	0.00937	0.00551	0.00157	0.00273	0.00810	0.00510	0.00533
34	0.00972	0.02507	0.80458	0.01381	0.02097	0.01125	0.01790	0.01535	0.01023	0.01535	0.00870	0.01023	0.00614	0.00460	0.00460	0.00153	0.00716	0.00358	0.00205	0.00716
35	0.00738	0.00507	0.00664	0.00619	0.00742	0.00466	0.00466	0.00965	0.01372	0.04688	0.76966	0.03551	0.04454	0.00977	0.00569	0.00152	0.00235	0.00863	0.00536	0.00470
36	0.01117	0.01095	0.01954	0.02488	0.55273	0.01073	0.15582	0.01415	0.01134	0.01595	0.07735	0.01582	0.04711	0.00511	0.00509	0.00149	0.00576	0.00522	0.00275	0.00704
37	0.00705	0.00470	0.00529	0.00529	0.00529	0.00470	0.00294	0.00705	0.00705	0.00940	0.01527	0.03171	0.01762	0.82969	0.02467	0.00470	0.00470	0.00705	0.00294	0.00294
38	0.03251	0.02123	0.63641	0.01242	0.01859	0.01024	0.01534	0.01548	0.01084	0.08738	0.08431	0.01320	0.01040	0.00523	0.00469	0.00153	0.00634	0.00416	0.00274	0.00697
39	0.08593	0.42467	0.09406	0.00984	0.01381	0.17268	0.00927	0.11224	0.01214	0.01514	0.00769	0.00869	0.00639	0.00460	0.00371	0.00122	0.00597	0.00301	0.00258	0.00636
40	0.01165	0.13409	0.41162	0.01154	0.01707	0.01204	0.02655	0.08569	0.07709	0.04374	0.00998	0.01091	0.00743	0.00472	0.00434	0.00136	0.00589	0.00366	0.00280	0.11782
41	0.01363	0.01301	0.01850	0.06752	0.48115	0.11389	0.07772	0.08860	0.01258	0.05267	0.00964	0.01189	0.00765	0.00463	0.00483	0.00145	0.00627	0.00431	0.00280	0.00727
42	0.08486	0.01326	0.11410	0.01628	0.02107	0.01107	0.48365	0.01690	0.01148	0.16212	0.01115	0.01294	0.00790	0.00454	0.00520	0.00159	0.00693	0.00505	0.00311	0.00682
43	0.86392	0.00937	0.00712	0.00637	0.00937	0.01087	0.00525	0.01425	0.00825	0.02174	0.00675	0.00787	0.00525	0.00450	0.00300	0.00150	0.00375	0.00262	0.00300	0.00525
44	0.01311	0.01118	0.01703	0.09009	0.49604	0.01167	0.01271	0.10732	0.11009	0.06565	0.01131	0.01306	0.00879	0.00492	0.00483	0.00149	0.00543	0.00450	0.00320	0.00758
45	0.00711	0.00490	0.00623	0.00620	0.00731	0.00445	0.00453	0.00884	0.01214	0.05258	0.44147	0.24553	0.15757	0.01149	0.00580	0.00166	0.00254	0.01014	0.00501	0.00450
46	0.01129	0.01408	0.09387	0.01987	0.02496	0.01217	0.71760	0.01551	0.01134	0.01551	0.00971	0.01283	0.00725	0.00413	0.00563	0.00163	0.00809	0.00554	0.00242	0.00659
47	0.00665	0.00489	0.00623	0.00602	0.00715	0.00447	0.00447	0.00870	0.01305	0.01814	0.64955	0.10383	0.12758	0.01061	0.00576	0.00157	0.00235	0.00935	0.00517	0.00447
48	0.00644	0.00494	0.00590	0.00566	0.00699	0.00440	0.00425	0.00834	0.01274	0.01711	0.52264	0.04003	0.32145	0.01077	0.00572	0.00157	0.00235	0.00930	0.00503	0.00440
49	0.01576	0.00697	0.00906	0.00739	0.01024	0.00603	0.00594	0.01756	0.01322	0.49975	0.15367	0.02638	0.19082	0.00803	0.00520	0.00153	0.00345	0.00669	0.00556	0.00673
50	0.01633	0.01155	0.01250	0.00979	0.01325	0.01238	0.00802	0.57980	0.01991	0.08774	0.01917	0.01851	0.15499	0.00703	0.00501	0.00149	0.00470	0.00549	0.00487	0.00747
51	0.01005	0.00861	0.01005	0.00718	0.01148	0.00646	0.00574	0.01220	0.01005	0.01579	0.00861	0.01005	0.00718	0.00359	0.00359	0.00072	0.00359	0.00287	0.00287	0.85932
52	0.00722	0.00549	0.00681	0.00750	0.00832	0.00559	0.00536	0.01059	0.15451	0.01413	0.03825	0.59882	0.02873	0.01335	0.00599	0.00192	0.00313	0.07501	0.00459	0.00468
53	0.00818	0.00778	0.00862	0.00764	0.00962	0.07882	0.07023	0.01107	0.08582	0.01528	0.20558	0.03534	0.41778	0.00986	0.00553	0.00158	0.00360	0.00843	0.00437	0.00488
54	0.00992	0.00940	0.01592	0.60545	0.23998	0.01097	0.01384	0.01305	0.01005	0.01331	0.00875	0.01267	0.00679	0.00470	0.00483	0.00157	0.00627	0.00431	0.00222	0.00600
55	0.00590	0.00422	0.00562	0.00675	0.00703	0.00394	0.00450	0.00675	0.00928	0.01237	0.02671	0.82653	0.03205	0.01518	0.00619	0.00197	0.00281	0.01378	0.00450	0.00394

[dist]
# distance from previous block
# <min> <max>
0	1

[block]
# block no. 4 follows, 52 sequences, length 30
# corresponding to MSA columns:
# 263-292
name=unknown_E
#
# <colnr> <probs for GDERKNQSTAVLIFYWHMCP>
#	G	D	E	R	K	N	Q	S	T	A	V	L	I	F	Y	W	H	M	C	P
0	0.01056	0.00911	0.00953	0.00869	0.01117	0.01018	0.00673	0.02132	0.60683	0.01858	0.02665	0.02482	0.19939	0.00792	0.00512	0.00164	0.00351	0.00660	0.00483	0.00683
1	0.01699	0.01840	0.01274	0.01119	0.01404	0.54066	0.00854	0.01989	0.10655	0.10496	0.01042	0.01089	0.00803	0.00516	0.00442	0.00127	0.00710	0.00358	0.00323	0.09195
2	0.01103	0.01248	0.11198	0.17591	0.50134	0.02778	0.01430	0.01424	0.01088	0.01523	0.05146	0.01320	0.00928	0.00477	0.00482	0.00148	0.00593	0.00444	0.00247	0.00697
3	0.01097	0.00984	0.01476	0.01485	0.22613	0.00848	0.09820	0.01351	0.01056	0.03569	0.00943	0.02368	0.00784	0.00408	0.00424	0.00106	0.00471	0.00381	0.00280	0.49536
4	0.10552	0.11437	0.01449	0.01120	0.01411	0.54003	0.00879	0.10987	0.01380	0.01507	0.00782	0.00888	0.00638	0.00494	0.00414	0.00127	0.00740	0.00316	0.00278	0.00596
5	0.01674	0.00784	0.01025	0.00790	0.01139	0.00658	0.00641	0.01875	0.01295	0.49930	0.13370	0.01794	0.01594	0.00602	0.00470	0.00132	0.00372	0.00499	0.00516	0.20841
6	0.01290	0.01093	0.01285	0.08038	0.10320	0.01240	0.00923	0.15344	0.50549	0.02087	0.01621	0.01586	0.01217	0.00605	0.00489	0.00159	0.00453	0.00506	0.00440	0.00758
7	0.00597	0.00492	0.00525	0.00517	0.00670	0.00420	0.00387	0.00743	0.01162	0.01446	0.21092	0.04438	0.63481	0.01176	0.00572	0.00161	0.00242	0.00991	0.00468	0.00420
8	0.00983	0.04395	0.77063	0.01381	0.02086	0.01146	0.03293	0.01533	0.01025	0.01526	0.00867	0.01023	0.00616	0.00458	0.00459	0.00152	0.00714	0.00360	0.00205	0.00713
9	0.01239	0.49558	0.19507	0.01248	0.10910	0.01615	0.02753	0.05626	0.01081	0.01392	0.00778	0.00914	0.00651	0.00436	0.00379	0.00123	0.00576	0.00318	0.00226	0.00672
10	0.00607	0.00483	0.00545	0.00550	0.00681	0.00421	0.00405	0.00755	0.01157	0.01481	0.25983	0.14954	0.47866	0.01199	0.00579	0.00165	0.00245	0.01029	0.00474	0.00421
11	0.86392	0.00937	0.00712	0.00637	0.00937	0.01087	0.00525	0.01425	0.00825	0.02174	0.00675	0.00787	0.00525	0.00450	0.00300	0.00150	0.00375	0.00262	0.00300	0.00525
12	0.01542	0.02498	0.05543	0.01064	0.01435	0.04502	0.00897	0.42739	0.23902	0.02468	0.01332	0.01310	0.00980	0.00574	0.00472	0.00144	0.00501	0.00445	0.00444	0.07207
13	0.00968	0.00764	0.00899	0.00694	0.01043	0.00592	0.00543	0.01156	0.01028	0.05755	0.01604	0.11255	0.10204	0.00612	0.00422	0.00102	0.00339	0.00514	0.00342	0.61166
14	0.01209	0.25514	0.48551	0.01160	0.01749	0.01304	0.01385	0.01610	0.01056	0.10864	0.00938	0.01028	0.00686	0.00464	0.00421	0.00139	0.00623	0.00345	0.00253	0.00702
15	0.15391	0.05564	0.01775	0.08758	0.38984	0.01225	0.08919	0.10675	0.01184	0.01802	0.00892	0.01122	0.00713	0.00454	0.00451	0.00146	0.00564	0.00409	0.00276	0.00696
16	0.00618	0.00465	0.00572	0.00604	0.00697	0.00419	0.00431	0.00761	0.01125	0.01495	0.29339	0.35195	0.23986	0.01262	0.00590	0.00173	0.00254	0.01114	0.00478	0.00419
17	0.00583	0.00468	0.00522	0.00564	0.00679	0.00407	0.00406	0.00694	0.01042	0.01286	0.04064	0.32479	0.50925	0.01333	0.00591	0.00177	0.00262	0.02664	0.00450	0.00404
18	0.01872	0.01462	0.09181	0.01046	0.01413	0.24097	0.00898	0.05625	0.06226	0.41057	0.01440	0.01349	0.00974	0.00559	0.00470	0.00144	0.00580	0.00425	0.00447	0.00734
19	0.01807	0.01127	0.01330	0.09131	0.01580	0.01201	0.00884	0.46421	0.01842	0.24806	0.01358	0.01380	0.00944	0.03251	0.00550	0.00159	0.00508	0.00459	0.00484	0.00778
20	0.00609	0.00446	0.00573	0.00639	0.00702	0.00409	0.00442	0.00730	0.01046	0.01401	0.19905	0.56193	0.12380	0.01368	0.00603	0.00183	0.00265	0.01226	0.00468	0.00409
21	0.66452	0.01036	0.00887	0.00750	0.01071	0.01185	0.00618	0.19562	0.01168	0.02382	0.00790	0.00876	0.00595	0.00481	0.00343	0.00149	0.00412	0.00303	0.00343	0.00595
22	0.01129	0.01053	0.01209	0.00892	0.01308	0.08787	0.07209	0.02649	0.01081	0.02696	0.00880	0.01029	0.00719	0.00384	0.00389	0.00087	0.00453	0.00319	0.00288	0.67438
23	0.01050	0.00558	0.00694	0.00632	0.00729	0.00541	0.00424	0.01112	0.00873	0.19671	0.01595	0.02685	0.01574	0.55572	0.09895	0.00425	0.00539	0.00635	0.00362	0.00433
24	0.00642	0.00494	0.00587	0.00564	0.00697	0.00439	0.00423	0.00830	0.01269	0.01698	0.50799	0.04023	0.33617	0.01082	0.00572	0.00157	0.00235	0.00933	0.00501	0.00439
25	0.01205	0.01041	0.01096	0.00986	0.01260	0.01205	0.00767	0.02575	0.79071	0.02027	0.01972	0.01808	0.01479	0.00657	0.00493	0.00164	0.00384	0.00548	0.00493	0.00767
26	0.83618	0.00935	0.00736	0.03271	0.01015	0.01087	0.00551	0.01418	0.00829	0.02144	0.00681	0.00804	0.00529	0.00451	0.00306	0.00150	0.00384	0.00268	0.00297	0.00525
27	0.01727	0.01883	0.01352	0.01176	0.01463	0.49352	0.00907	0.20917	0.13291	0.01774	0.01036	0.01086	0.00802	0.00544	0.00457	0.00136	0.00716	0.00378	0.00344	0.00658
28	0.01185	0.00923	0.01043	0.00902	0.01143	0.01022	0.00713	0.23273	0.27323	0.02161	0.19972	0.02068	0.01984	0.01163	0.12633	0.00249	0.00527	0.00590	0.00465	0.00660
29	0.01003	0.00552	0.00744	0.00720	0.00849	0.00534	0.00530	0.01127	0.00981	0.19820	0.02123	0.29134	0.06177	0.11121	0.21861	0.00368	0.00598	0.00847	0.00418	0.00495

[dist]
# distance from previous block
# <min> <max>
0	1

[block]
# block no. 5 follows, 52 sequences, length 12
# corresponding to MSA columns:
# 294-305
name=unknown_F
#
# <colnr> <probs for GDERKNQSTAVLIFYWHMCP>
#	G	D	E	R	K	N	Q	S	T	A	V	L	I	F	Y	W	H	M	C	P
0	0.01205	0.60763	0.24247	0.00983	0.01482	0.01697	0.01097	0.01474	0.00995	0.01250	0.00728	0.00846	0.00620	0.00427	0.00353	0.00118	0.00573	0.00287	0.00207	0.00648
1	0.01132	0.01268	0.15279	0.01028	0.01509	0.00911	0.08858	0.12188	0.01202	0.01777	0.00918	0.01062	0.00716	0.00413	0.00417	0.00106	0.00494	0.00350	0.00296	0.50077
2	0.01160	0.49397	0.35214	0.01061	0.01602	0.01585	0.01232	0.01486	0.01001	0.01306	0.00756	0.00880	0.00619	0.00434	0.00374	0.00125	0.00601	0.00301	0.00206	0.00661
3	0.01115	0.08714	0.66572	0.01287	0.01946	0.01148	0.01609	0.01609	0.01056	0.09185	0.00956	0.01065	0.00672	0.00470	0.00451	0.00149	0.00671	0.00363	0.00243	0.00719
4	0.00609	0.00454	0.00567	0.00620	0.00697	0.00412	0.00434	0.00735	0.01070	0.01418	0.21173	0.47251	0.20126	0.01332	0.00598	0.00179	0.00261	0.01183	0.00469	0.00412
5	0.00620	0.00469	0.00573	0.00597	0.00696	0.00421	0.00429	0.00769	0.01142	0.01516	0.31487	0.30791	0.26249	0.01240	0.00588	0.00171	0.00251	0.01090	0.00480	0.00421
6	0.01340	0.08508	0.42365	0.01296	0.04680	0.01245	0.03247	0.20341	0.01368	0.09557	0.01031	0.01112	0.00732	0.00498	0.00460	0.00147	0.00623	0.00390	0.00314	0.00746
7	0.01458	0.01019	0.01132	0.00962	0.01263	0.01117	0.00763	0.14478	0.47833	0.16827	0.06333	0.01781	0.01502	0.00654	0.00495	0.00158	0.00404	0.00538	0.00514	0.00769
8	0.09972	0.01409	0.01512	0.01213	0.03148	0.11125	0.08873	0.48663	0.05260	0.02510	0.01077	0.01135	0.00789	0.00541	0.00470	0.00146	0.00583	0.00423	0.00409	0.00742
9	0.01020	0.00817	0.01071	0.00890	0.01126	0.00824	0.08615	0.19191	0.06298	0.02036	0.31955	0.02955	0.16246	0.00870	0.00551	0.00158	0.00383	0.03949	0.00471	0.00574
10	0.01080	0.01720	0.41403	0.09443	0.16893	0.01042	0.03327	0.01493	0.01040	0.07686	0.01006	0.01230	0.00757	0.00795	0.08799	0.00217	0.00721	0.00411	0.00250	0.00686
11	0.01203	0.03537	0.01674	0.04545	0.49705	0.06269	0.01220	0.01691	0.16792	0.01646	0.05967	0.01441	0.01128	0.00517	0.00481	0.00147	0.00535	0.00470	0.00308	0.00724

[dist]
# distance from previous block
# <min> <max>
0	1

[block]
# block no. 6 follows, 52 sequences, length 54
# corresponding to MSA columns:
# 307-360
name=unknown_G
#
# <colnr> <probs for GDERKNQSTAVLIFYWHMCP>
#	G	D	E	R	K	N	Q	S	T	A	V	L	I	F	Y	W	H	M	C	P
0	0.01811	0.11822	0.01385	0.19855	0.10631	0.02658	0.05816	0.02073	0.02559	0.01364	0.04521	0.10197	0.19211	0.01755	0.00546	0.00159	0.02114	0.00663	0.00317	0.00542
1	0.48425	0.30701	0.08222	0.00770	0.01147	0.01389	0.00743	0.01444	0.00899	0.01747	0.00691	0.00804	0.00567	0.00438	0.00318	0.00134	0.00456	0.00269	0.00258	0.00576
2	0.37503	0.39759	0.02616	0.00798	0.01162	0.03987	0.01792	0.05101	0.00993	0.01682	0.00706	0.00813	0.00592	0.00441	0.00324	0.00127	0.00476	0.00276	0.00262	0.00590
3	0.00934	0.01010	0.04910	0.19712	0.02196	0.00960	0.36508	0.01240	0.01040	0.01394	0.01413	0.23599	0.01388	0.00732	0.00561	0.00172	0.00627	0.00753	0.00293	0.00559
4	0.08522	0.01002	0.01077	0.01016	0.04243	0.01137	0.00761	0.09300	0.53788	0.02038	0.01817	0.08675	0.01485	0.00712	0.00490	0.00165	0.00397	0.02200	0.00461	0.00713
5	0.00694	0.00514	0.00751	0.00751	0.00828	0.00591	0.00571	0.00848	0.00771	0.01105	0.01323	0.02043	0.01272	0.12349	0.72417	0.00745	0.01207	0.00540	0.00263	0.00417
6	0.00692	0.00519	0.00779	0.00779	0.00865	0.00606	0.00606	0.00865	0.00779	0.01125	0.01298	0.01904	0.01211	0.03634	0.81049	0.00779	0.01298	0.00519	0.00260	0.00433
7	0.01297	0.01392	0.08954	0.02761	0.26563	0.12185	0.07749	0.11808	0.10291	0.01731	0.01112	0.01364	0.00901	0.05775	0.00604	0.00166	0.00603	0.00453	0.03605	0.00687
8	0.00692	0.00519	0.00779	0.00779	0.00865	0.00606	0.00606	0.00865	0.00779	0.01125	0.01298	0.01904	0.01211	0.03634	0.81049	0.00779	0.01298	0.00519	0.00260	0.00433
9	0.00918	0.01364	0.29780	0.01097	0.02414	0.00858	0.08192	0.01390	0.08674	0.03433	0.30487	0.03866	0.02269	0.00765	0.02217	0.00169	0.00506	0.00618	0.00374	0.00609
10	0.00593	0.00431	0.00560	0.00656	0.00700	0.00398	0.00443	0.00688	0.00964	0.01277	0.06514	0.72193	0.09860	0.01468	0.00612	0.00192	0.00276	0.01323	0.00454	0.00398
11	0.01082	0.07282	0.56315	0.01261	0.01825	0.13098	0.01478	0.01509	0.01064	0.01430	0.01007	0.08597	0.00858	0.00562	0.00462	0.00150	0.00687	0.00440	0.00234	0.00657
12	0.01381	0.01024	0.01117	0.00974	0.01268	0.01145	0.00766	0.06133	0.63772	0.13821	0.01925	0.01754	0.01406	0.00645	0.00492	0.00161	0.00395	0.00534	0.00509	0.00778
13	0.01077	0.00904	0.01044	0.00752	0.01179	0.00720	0.00604	0.07859	0.01115	0.01706	0.00887	0.01019	0.00727	0.00378	0.00370	0.00078	0.00374	0.00300	0.00304	0.78604
14	0.00689	0.00485	0.00632	0.00643	0.00680	0.00517	0.00434	0.00766	0.00756	0.01042	0.01544	0.10244	0.01679	0.43400	0.33790	0.00568	0.00784	0.00695	0.00295	0.00359
15	0.09425	0.00834	0.01089	0.00843	0.01211	0.00745	0.00696	0.02281	0.01339	0.73557	0.01805	0.01575	0.01141	0.00587	0.00471	0.00150	0.00409	0.00468	0.00574	0.00799
16	0.00971	0.00885	0.08434	0.01295	0.18474	0.00744	0.00861	0.02111	0.07762	0.08229	0.01968	0.39545	0.03091	0.00989	0.00544	0.00171	0.00411	0.00889	0.00394	0.02231
17	0.01195	0.01112	0.01053	0.00961	0.01190	0.11740	0.00732	0.02168	0.54665	0.01736	0.01710	0.01819	0.01368	0.08567	0.07591	0.00240	0.00536	0.00529	0.00422	0.00667
18	0.86392	0.00937	0.00712	0.00637	0.00937	0.01087	0.00525	0.01425	0.00825	0.02174	0.00675	0.00787	0.00525	0.00450	0.00300	0.00150	0.00375	0.00262	0.00300	0.00525
19	0.01411	0.01042	0.01264	0.01023	0.01337	0.01090	0.06262	0.32371	0.15403	0.08912	0.01602	0.15916	0.01384	0.00733	0.00506	0.00153	0.00456	0.00626	0.00456	0.08052
20	0.01060	0.01060	0.01484	0.01272	0.01272	0.01484	0.01060	0.01166	0.00742	0.01166	0.00636	0.01060	0.00636	0.00848	0.01590	0.00212	0.82082	0.00424	0.00212	0.00530
21	0.01763	0.02051	0.01362	0.01205	0.01478	0.61649	0.00919	0.14002	0.08205	0.01552	0.00920	0.01000	0.00729	0.00526	0.00449	0.00131	0.00778	0.00352	0.00308	0.00621
22	0.00666	0.00496	0.00636	0.00692	0.00764	0.00489	0.00486	0.00894	0.07716	0.01426	0.16388	0.54545	0.04961	0.01478	0.05745	0.00223	0.00345	0.01153	0.00456	0.00440
23	0.02053	0.00934	0.01182	0.00915	0.01286	0.00886	0.00753	0.15999	0.06518	0.61425	0.01781	0.01572	0.01150	0.00600	0.00487	0.00150	0.00432	0.00482	0.00572	0.00821
24	0.01417	0.00999	0.01485	0.01885	0.39908	0.00997	0.01071	0.08313	0.06822	0.18882	0.05017	0.01504	0.01138	0.00535	0.00475	0.00145	0.00476	0.00475	0.07711	0.00743
25	0.01698	0.00713	0.00955	0.00769	0.01058	0.00628	0.00621	0.01899	0.01359	0.54480	0.22522	0.02182	0.02097	0.00701	0.00500	0.00148	0.00352	0.00588	0.06025	0.00703
26	0.01265	0.01070	0.01129	0.00998	0.01283	0.01233	0.00781	0.09638	0.71911	0.02123	0.01897	0.01748	0.01418	0.00650	0.00492	0.00163	0.00397	0.00537	0.00492	0.00772
27	0.01764	0.00835	0.01061	0.00856	0.01174	0.00793	0.00692	0.05119	0.15337	0.51519	0.13568	0.01955	0.01741	0.00668	0.00501	0.00153	0.00384	0.00555	0.00566	0.00759
28	0.01325	0.01282	0.01857	0.02614	0.64208	0.08636	0.01375	0.09781	0.01255	0.01704	0.00923	0.01165	0.00760	0.00454	0.00476	0.00142	0.00599	0.00421	0.00267	0.00754
29	0.67091	0.04890	0.01100	0.00985	0.08455	0.01144	0.07302	0.01443	0.00886	0.02017	0.00723	0.00870	0.00570	0.00443	0.00341	0.00148	0.00438	0.00305	0.00285	0.00563
30	0.01741	0.14218	0.01569	0.01152	0.01461	0.48946	0.00916	0.21273	0.01545	0.01654	0.00843	0.00933	0.00675	0.00508	0.00430	0.00127	0.00734	0.00336	0.00303	0.00637
31	0.01006	0.00776	0.00906	0.00848	0.01037	0.00858	0.00649	0.02611	0.38564	0.05456	0.12150	0.14182	0.02076	0.01360	0.14954	0.00277	0.00515	0.00706	0.00455	0.00614
32	0.00909	0.00545	0.00719	0.00648	0.00801	0.00496	0.00496	0.01132	0.01374	0.13701	0.68017	0.03324	0.04066	0.00932	0.00559	0.00152	0.00256	0.00818	0.00543	0.00512
33	0.00676	0.00492	0.00638	0.00658	0.00754	0.00466	0.00497	0.00852	0.01158	0.01578	0.37956	0.17000	0.11342	0.06530	0.04531	0.00223	0.00341	0.13412	0.00468	0.00428
34	0.00587	0.00434	0.00550	0.00642	0.00694	0.00396	0.00435	0.00678	0.00959	0.01250	0.03072	0.68680	0.16919	0.01466	0.00610	0.00191	0.00275	0.01314	0.00450	0.00396
35	0.00962	0.00528	0.00637	0.00602	0.00675	0.00505	0.00387	0.01011	0.00860	0.15213	0.01720	0.11374	0.01800	0.56938	0.01848	0.00372	0.00432	0.00730	0.03002	0.00404
36	0.00834	0.00620	0.00759	0.00688	0.00841	0.00617	0.00526	0.07721	0.08694	0.02047	0.65697	0.03240	0.03962	0.00924	0.00557	0.00153	0.00269	0.00808	0.00526	0.00518
37	0.01344	0.00643	0.00847	0.00712	0.00948	0.00567	0.00563	0.01544	0.01354	0.37067	0.37787	0.02832	0.10067	0.00837	0.00534	0.00152	0.00313	0.00715	0.00555	0.00618
38	0.01842	0.01227	0.01363	0.01041	0.01430	0.01300	0.00859	0.59230	0.02028	0.16785	0.01276	0.01239	0.00884	0.00569	0.00476	0.00141	0.00499	0.00435	0.00491	0.06883
39	0.02174	0.00825	0.01125	0.00862	0.01237	0.00712	0.00712	0.02362	0.01387	0.80282	0.01912	0.01649	0.01200	0.00600	0.00487	0.00150	0.00412	0.00487	0.00600	0.00825
40	0.01692	0.08765	0.01462	0.01130	0.01445	0.36058	0.00898	0.27945	0.12495	0.01934	0.01054	0.01094	0.00811	0.00542	0.00450	0.00136	0.00659	0.00383	0.00360	0.00685
41	0.01156	0.48419	0.36158	0.01067	0.01612	0.01576	0.01244	0.01487	0.01001	0.01310	0.00758	0.00883	0.00618	0.00434	0.00375	0.00125	0.00604	0.00302	0.00206	0.00663
42	0.01177	0.01103	0.01840	0.03880	0.70164	0.01110	0.01389	0.04396	0.01134	0.01610	0.01046	0.06998	0.00942	0.00516	0.00490	0.00148	0.00554	0.00499	0.00264	0.00740
43	0.01148	0.01296	0.02796	0.02109	0.08044	0.01220	0.72726	0.01548	0.01141	0.01554	0.00975	0.01300	0.00738	0.00410	0.00565	0.00162	0.00800	0.00562	0.00245	0.00662
44	0.00824	0.00421	0.00626	0.00634	0.00636	0.00419	0.00423	0.00634	0.00652	0.00870	0.00972	0.07253	0.01010	0.01672	0.01803	0.79799	0.00411	0.00489	0.00227	0.00223
45	0.13122	0.01037	0.01535	0.01152	0.01546	0.00999	0.20261	0.13293	0.01343	0.30198	0.01325	0.02883	0.00933	0.00526	0.00475	0.00147	0.00521	0.00471	0.00424	0.07811
46	0.03209	0.01078	0.01381	0.01535	0.23453	0.01151	0.00972	0.20900	0.22978	0.09007	0.01497	0.08155	0.01214	0.00637	0.00493	0.00155	0.00469	0.00545	0.00421	0.00750
47	0.01693	0.01394	0.01466	0.01159	0.01506	0.11993	0.06383	0.54586	0.01943	0.04187	0.01210	0.06374	0.00959	0.00678	0.02047	0.00160	0.00595	0.00492	0.00432	0.00742
48	0.01103	0.01801	0.41491	0.02676	0.03711	0.01069	0.24874	0.01546	0.01098	0.08287	0.01281	0.01430	0.06339	0.00511	0.00505	0.00157	0.00683	0.00484	0.00269	0.00683
49	0.08736	0.04659	0.03277	0.02120	0.46408	0.01199	0.02078	0.14922	0.01304	0.09207	0.01018	0.01179	0.00787	0.00475	0.00459	0.00144	0.00539	0.00416	0.00319	0.00753
50	0.00981	0.08630	0.07946	0.13008	0.01456	0.01008	0.00835	0.01628	0.28816	0.01646	0.15948	0.03843	0.04869	0.06554	0.00633	0.00178	0.00434	0.00595	0.00391	0.00602
51	0.00599	0.00428	0.00570	0.00669	0.00705	0.00399	0.00450	0.00695	0.00966	0.01298	0.09289	0.75862	0.03323	0.01473	0.00614	0.00193	0.00277	0.01335	0.00457	0.00399
52	0.01057	0.01120	0.06873	0.32856	0.33585	0.01091	0.07654	0.01381	0.01043	0.01445	0.00892	0.01218	0.00705	0.00447	0.00479	0.00148	0.00616	0.00428	0.00232	0.06730
53	0.01643	0.00967	0.01408	0.07107	0.15579	0.00959	0.05867	0.03002	0.17109	0.38693	0.01602	0.01548	0.01106	0.00561	0.00492	0.00153	0.00480	0.00490	0.00462	0.00771

[dist]
# distance from previous block
# <min> <max>
0	10

[block]
# block no. 7 follows, 52 sequences, length 7
# corresponding to MSA columns:
# 371-377
name=unknown_H
#
# <colnr> <probs for GDERKNQSTAVLIFYWHMCP>
#	G	D	E	R	K	N	Q	S	T	A	V	L	I	F	Y	W	H	M	C	P
0	0.00851	0.00554	0.00685	0.00683	0.00848	0.00501	0.00556	0.01030	0.01182	0.11003	0.15028	0.04401	0.34097	0.01152	0.00593	0.00180	0.00328	0.25370	0.00479	0.00479
1	0.00665	0.00528	0.00794	0.00773	0.00876	0.00489	0.07725	0.00819	0.01074	0.01451	0.22223	0.49310	0.08883	0.01259	0.00599	0.00180	0.00315	0.01149	0.00452	0.00435
2	0.01206	0.49666	0.17928	0.01312	0.11053	0.01603	0.08343	0.01481	0.01022	0.01310	0.00770	0.00927	0.00649	0.00425	0.00385	0.00124	0.00592	0.00329	0.00214	0.00661
3	0.01780	0.01326	0.01419	0.01102	0.01479	0.01474	0.00906	0.70934	0.09777	0.02954	0.01242	0.01226	0.00888	0.00589	0.00486	0.00147	0.00519	0.00447	0.00486	0.00819
4	0.00705	0.00470	0.00529	0.00529	0.00529	0.00470	0.00294	0.00705	0.00705	0.00940	0.01527	0.03171	0.01762	0.82969	0.02467	0.00470	0.00470	0.00705	0.00294	0.00294
5	0.00990	0.01091	0.08778	0.19154	0.09403	0.01018	0.21413	0.04585	0.01101	0.01511	0.08503	0.01679	0.04352	0.00933	0.10300	0.00235	0.03543	0.00538	0.00281	0.00593
6	0.00988	0.00595	0.00761	0.00668	0.00865	0.00519	0.00512	0.01186	0.01267	0.16616	0.42343	0.10626	0.09029	0.00909	0.00535	0.00147	0.00286	0.00791	0.00502	0.10856

[dist]
# distance from previous block
# <min> <max>
0	22

# created by:
# /st0/software/busco_prod/Augustus/scripts/msa2prfl.pl ./align_prep/171767.fa
