[name]
unknown

[dist]
# distance from previous block
# <min> <max>
0	477

[block]
# block no. 0 follows, 42 sequences, length 37
# corresponding to MSA columns:
# 943-972,982-988
name=unknown_A
#
# <colnr> <probs for GDERKNQSTAVLIFYWHMCP>
#	G	D	E	R	K	N	Q	S	T	A	V	L	I	F	Y	W	H	M	C	P
0	0.01182	0.00810	0.04377	0.01059	0.01272	0.00723	0.00946	0.01483	0.03105	0.13502	0.02757	0.05324	0.02802	0.01356	0.00729	0.00241	0.00524	0.56664	0.00535	0.00610
1	0.01519	0.17145	0.41552	0.01334	0.01965	0.01396	0.01530	0.01981	0.02681	0.18374	0.01247	0.01314	0.00886	0.00585	0.00567	0.00170	0.04143	0.00435	0.00347	0.00830
2	0.01327	0.01278	0.02204	0.17907	0.60306	0.01323	0.04081	0.01674	0.01253	0.01760	0.01050	0.01418	0.00863	0.00512	0.00562	0.00172	0.00693	0.00506	0.00273	0.00836
3	0.01629	0.01519	0.14862	0.01475	0.06720	0.01219	0.10596	0.20857	0.01630	0.13820	0.01396	0.04919	0.01072	0.00688	0.00631	0.03830	0.00635	0.00545	0.00427	0.11529
4	0.00747	0.00550	0.00706	0.00763	0.00864	0.00509	0.00564	0.00925	0.01297	0.01734	0.25841	0.35121	0.15299	0.01495	0.00702	0.00211	0.00328	0.11301	0.00551	0.00491
5	0.01703	0.00892	0.04388	0.00910	0.01230	0.00738	0.00753	0.04289	0.01502	0.40208	0.12837	0.14344	0.11759	0.01004	0.00613	0.00185	0.00422	0.00853	0.00613	0.00757
6	0.01470	0.01431	0.07993	0.01479	0.07863	0.04569	0.06695	0.04201	0.45391	0.06611	0.01894	0.01925	0.01436	0.00708	0.00600	0.00187	0.02014	0.02191	0.00486	0.00858
7	0.00700	0.00499	0.00663	0.00789	0.00825	0.00469	0.00533	0.00802	0.01078	0.01435	0.03049	0.73865	0.03641	0.04555	0.00798	0.00241	0.00343	0.04746	0.00516	0.00456
8	0.14713	0.44863	0.24534	0.01116	0.01679	0.01800	0.01235	0.01709	0.01127	0.01653	0.00850	0.00989	0.00701	0.00504	0.00410	0.00146	0.00643	0.00335	0.00257	0.00736
9	0.01530	0.01560	0.08456	0.06253	0.39165	0.08976	0.01454	0.09363	0.01441	0.05531	0.01112	0.01338	0.00876	0.00533	0.00536	0.00158	0.00679	0.00465	0.00330	0.10245
10	0.79707	0.01081	0.00853	0.00754	0.01107	0.01239	0.00621	0.01714	0.00994	0.06625	0.00863	0.00969	0.00653	0.00532	0.00360	0.00174	0.00438	0.00319	0.00367	0.00629
11	0.01743	0.01099	0.01261	0.01079	0.01427	0.01173	0.00854	0.02824	0.48093	0.26916	0.05522	0.02131	0.01769	0.00758	0.00574	0.00185	0.00448	0.00630	0.00615	0.00897
12	0.01456	0.01028	0.01224	0.02613	0.01391	0.02761	0.03114	0.02248	0.32634	0.17393	0.10886	0.06951	0.08516	0.00901	0.00656	0.00189	0.03949	0.00754	0.00560	0.00776
13	0.01088	0.00562	0.00566	0.00552	0.00694	0.00568	0.00418	0.03933	0.01232	0.02150	0.01819	0.02071	0.01425	0.00656	0.00399	0.00132	0.00275	0.00524	0.80395	0.00540
14	0.01653	0.01189	0.01267	0.01042	0.01370	0.01310	0.00837	0.38478	0.16667	0.02882	0.05238	0.01824	0.01438	0.00711	0.00527	0.00164	0.00478	0.00561	0.21550	0.00814
15	0.22627	0.01272	0.01361	0.01070	0.01491	0.01353	0.00883	0.35266	0.01920	0.25127	0.01468	0.01410	0.01000	0.00644	0.00511	0.00172	0.00532	0.00474	0.00549	0.00871
16	0.00978	0.00489	0.00733	0.00733	0.00733	0.00489	0.00489	0.00733	0.00733	0.00978	0.00978	0.01711	0.00978	0.01955	0.02199	0.83627	0.00489	0.00489	0.00244	0.00244
17	0.02104	0.02634	0.01599	0.01443	0.01740	0.74662	0.01087	0.05391	0.01640	0.01471	0.00891	0.01029	0.00735	0.00584	0.00510	0.00146	0.00998	0.00369	0.00302	0.00666
18	0.00916	0.00777	0.01180	0.04445	0.01285	0.00952	0.03423	0.01112	0.00929	0.01347	0.01400	0.06221	0.01347	0.03121	0.51795	0.00674	0.17607	0.00632	0.00299	0.00538
19	0.01630	0.01111	0.01144	0.00939	0.01237	0.02915	0.00755	0.38897	0.01939	0.02822	0.01566	0.01692	0.01178	0.00664	0.00483	0.00151	0.00462	0.00512	0.39156	0.00748
20	0.73671	0.01118	0.00925	0.02453	0.01208	0.01284	0.00671	0.07127	0.01108	0.05002	0.00877	0.00992	0.00664	0.00540	0.00376	0.00174	0.00457	0.00332	0.00373	0.00647
21	0.01296	0.05597	0.08813	0.15668	0.02653	0.01470	0.34402	0.04375	0.07031	0.01761	0.01133	0.01460	0.00873	0.00587	0.00752	0.00191	0.10332	0.00566	0.00300	0.00739
22	0.01063	0.01000	0.01688	0.78870	0.03876	0.01250	0.01563	0.01438	0.01125	0.01438	0.01000	0.01500	0.00750	0.00563	0.00563	0.00188	0.00750	0.00500	0.00250	0.00625
23	0.00704	0.00501	0.00662	0.00783	0.00818	0.00472	0.00527	0.00803	0.01070	0.01424	0.03007	0.71488	0.03588	0.07003	0.00865	0.00251	0.00350	0.04721	0.00510	0.00452
24	0.02393	0.00952	0.01280	0.00991	0.01406	0.00837	0.00815	0.05005	0.01644	0.69507	0.07315	0.02055	0.01649	0.00727	0.00573	0.00174	0.00469	0.00595	0.00687	0.00928
25	0.01981	0.01009	0.01247	0.01016	0.01381	0.00990	0.00818	0.07678	0.19682	0.43198	0.12612	0.02242	0.01992	0.00775	0.00581	0.00178	0.00451	0.00642	0.00646	0.00881
26	0.74136	0.01072	0.00886	0.00772	0.01131	0.01209	0.00636	0.01788	0.01038	0.11712	0.00961	0.01038	0.00706	0.00544	0.00375	0.00174	0.00441	0.00337	0.00391	0.00652
27	0.01953	0.01287	0.01456	0.01161	0.01539	0.01382	0.00948	0.49312	0.02174	0.14998	0.01648	0.05049	0.01285	0.02739	0.06443	0.00238	0.00640	0.02965	0.01916	0.00867
28	0.04458	0.00773	0.00904	0.00825	0.01040	0.00768	0.00632	0.05947	0.11712	0.10106	0.31420	0.12746	0.14223	0.01110	0.00629	0.00186	0.00352	0.00953	0.00581	0.00638
29	0.01607	0.67204	0.02717	0.01046	0.01495	0.15216	0.00984	0.01782	0.01221	0.01333	0.00797	0.00922	0.00723	0.00498	0.00386	0.00125	0.00673	0.00311	0.00249	0.00710
30	0.84197	0.01088	0.00827	0.00740	0.01088	0.01262	0.00609	0.01654	0.00958	0.02525	0.00784	0.00914	0.00609	0.00522	0.00348	0.00174	0.00435	0.00305	0.00348	0.00609
31	0.01589	0.01292	0.01375	0.01218	0.04086	0.04090	0.00922	0.27948	0.32744	0.02539	0.01840	0.01983	0.02746	0.08179	0.04663	0.00249	0.00594	0.00601	0.00513	0.00828
32	0.00724	0.00520	0.00679	0.00747	0.00814	0.00484	0.00515	0.00870	0.01229	0.01672	0.25211	0.51547	0.06533	0.04731	0.00787	0.00225	0.00316	0.01379	0.00544	0.00475
33	0.02167	0.01456	0.01603	0.01274	0.01687	0.01535	0.01022	0.51306	0.06110	0.14929	0.06039	0.01908	0.01486	0.02462	0.00679	0.00206	0.00609	0.00607	0.01934	0.00980
34	0.00866	0.00685	0.00741	0.00725	0.00906	0.00586	0.00531	0.00998	0.01457	0.01870	0.25821	0.06992	0.52757	0.01435	0.00727	0.00214	0.00337	0.01181	0.00597	0.00572
35	0.01007	0.00748	0.00950	0.00924	0.00979	0.00811	0.00646	0.01059	0.00967	0.01363	0.01752	0.05741	0.01850	0.38953	0.31361	0.00661	0.08565	0.00773	0.00374	0.00518
36	0.01678	0.70235	0.05503	0.01123	0.01606	0.07895	0.01070	0.01828	0.01273	0.01491	0.00954	0.01137	0.00868	0.00593	0.00447	0.00153	0.00689	0.00362	0.00298	0.00797

[dist]
# distance from previous block
# <min> <max>
3	12

[block]
# block no. 1 follows, 42 sequences, length 11
# corresponding to MSA columns:
# 1008-1018
name=unknown_B
#
# <colnr> <probs for GDERKNQSTAVLIFYWHMCP>
#	G	D	E	R	K	N	Q	S	T	A	V	L	I	F	Y	W	H	M	C	P
0	0.01689	0.01379	0.01453	0.05791	0.01688	0.05876	0.00994	0.30588	0.29050	0.04785	0.01915	0.01876	0.05851	0.00754	0.00618	0.00181	0.03548	0.00588	0.00522	0.00853
1	0.03078	0.00903	0.01106	0.09927	0.01454	0.00912	0.03586	0.14092	0.01422	0.02193	0.01493	0.04707	0.01208	0.00635	0.00469	0.00142	0.00444	0.00524	0.35043	0.16660
2	0.01809	0.01496	0.01498	0.01240	0.01620	0.07253	0.00992	0.37651	0.34894	0.02858	0.01731	0.01657	0.01276	0.00707	0.00563	0.00177	0.00572	0.00553	0.00547	0.00905
3	0.01779	0.01299	0.01406	0.01127	0.01460	0.01420	0.00890	0.55185	0.02180	0.02921	0.01562	0.07628	0.01371	0.15964	0.01014	0.00245	0.00583	0.00647	0.00518	0.00802
4	0.01394	0.01355	0.02227	0.14277	0.55015	0.03875	0.07068	0.04702	0.01328	0.01832	0.01062	0.01404	0.00865	0.00518	0.00564	0.00171	0.00711	0.00509	0.00287	0.00837
5	0.01123	0.00781	0.00912	0.00841	0.00973	0.00824	0.00597	0.12742	0.11168	0.01749	0.07361	0.09681	0.04085	0.23363	0.01618	0.19993	0.00482	0.00764	0.00426	0.00517
6	0.01306	0.01294	0.02357	0.15594	0.45807	0.01315	0.17453	0.01674	0.01266	0.01759	0.01140	0.01628	0.00950	0.00546	0.00590	0.00179	0.00737	0.03317	0.00284	0.00804
7	0.01353	0.00698	0.00931	0.00802	0.01033	0.00626	0.00626	0.01603	0.01599	0.26352	0.52529	0.03467	0.04049	0.01004	0.00632	0.00176	0.00334	0.00872	0.00644	0.00668
8	0.01360	0.01286	0.01668	0.01414	0.01518	0.04847	0.03434	0.12497	0.01192	0.01705	0.01019	0.05936	0.00977	0.01074	0.04386	0.00252	0.53894	0.00564	0.00316	0.00660
9	0.03883	0.05442	0.51818	0.01481	0.04160	0.04401	0.01693	0.01894	0.01263	0.12395	0.03541	0.01366	0.00958	0.00587	0.00564	0.00175	0.02790	0.00450	0.00321	0.00818
10	0.24964	0.09880	0.01552	0.01095	0.01479	0.01447	0.04741	0.19430	0.07598	0.13843	0.01302	0.01346	0.00955	0.00630	0.00561	0.00173	0.05310	0.00455	0.02454	0.00787

[dist]
# distance from previous block
# <min> <max>
0	1

[block]
# block no. 2 follows, 42 sequences, length 33
# corresponding to MSA columns:
# 1020-1052
name=unknown_C
#
# <colnr> <probs for GDERKNQSTAVLIFYWHMCP>
#	G	D	E	R	K	N	Q	S	T	A	V	L	I	F	Y	W	H	M	C	P
0	0.17444	0.01311	0.01368	0.01140	0.03609	0.04446	0.00900	0.36168	0.01946	0.15417	0.06456	0.01573	0.01267	0.00673	0.00521	0.00169	0.00541	0.00508	0.03711	0.00832
1	0.00706	0.00583	0.00621	0.00613	0.00791	0.00505	0.00459	0.00901	0.02900	0.01675	0.18922	0.06797	0.59832	0.01367	0.00664	0.00188	0.00286	0.01153	0.00542	0.00494
2	0.00982	0.00703	0.00841	0.00789	0.00949	0.02720	0.00598	0.03653	0.04804	0.05536	0.54572	0.10140	0.04385	0.01127	0.00646	0.00181	0.00327	0.02981	0.03489	0.00576
3	0.01557	0.04746	0.02158	0.02921	0.57881	0.15645	0.01555	0.01847	0.01342	0.03576	0.01041	0.01316	0.00866	0.00520	0.00540	0.00161	0.00726	0.00469	0.00289	0.00842
4	0.00739	0.00573	0.00672	0.00647	0.00805	0.00506	0.00486	0.00950	0.01457	0.01933	0.45361	0.04736	0.36565	0.01271	0.00664	0.00183	0.00274	0.01092	0.00577	0.00506
5	0.00877	0.00594	0.00762	0.00713	0.00865	0.00540	0.00537	0.01122	0.01546	0.06375	0.62714	0.06561	0.12315	0.01172	0.00660	0.00180	0.00281	0.01028	0.00611	0.00547
6	0.00978	0.00489	0.00733	0.00733	0.00733	0.00489	0.00489	0.00733	0.00733	0.00978	0.00978	0.01711	0.00978	0.01955	0.02199	0.83627	0.00489	0.00489	0.00244	0.00244
7	0.00943	0.00593	0.00761	0.00744	0.00890	0.00535	0.00548	0.01137	0.01400	0.10471	0.36454	0.26243	0.14493	0.01317	0.00669	0.00194	0.00311	0.01160	0.00586	0.00550
8	0.01167	0.01000	0.01167	0.00834	0.01334	0.00750	0.00667	0.01417	0.01167	0.01834	0.01000	0.01167	0.00834	0.00417	0.00417	0.00083	0.00417	0.00333	0.00333	0.83663
9	0.01229	0.01031	0.01194	0.00868	0.01352	0.00819	0.00694	0.07021	0.01278	0.01955	0.01081	0.03195	0.00917	0.00471	0.00436	0.00094	0.00430	0.00379	0.00356	0.75202
10	0.01164	0.07420	0.68048	0.01616	0.02410	0.01369	0.06774	0.01778	0.01195	0.01756	0.01005	0.01193	0.00723	0.00528	0.00533	0.00176	0.00826	0.00425	0.00241	0.00820
11	0.00824	0.00604	0.00868	0.00864	0.00951	0.00696	0.00656	0.01000	0.00904	0.01312	0.01539	0.02372	0.01476	0.13529	0.64058	0.00816	0.02795	0.00625	0.03625	0.00485
12	0.84197	0.01088	0.00827	0.00740	0.01088	0.01262	0.00609	0.01654	0.00958	0.02525	0.00784	0.00914	0.00609	0.00522	0.00348	0.00174	0.00435	0.00305	0.00348	0.00609
13	0.01468	0.74799	0.02823	0.00971	0.01422	0.02145	0.00955	0.01650	0.01151	0.01361	0.03687	0.01041	0.00899	0.00524	0.00423	0.00127	0.03252	0.00335	0.00255	0.00711
14	0.05297	0.00964	0.01277	0.00988	0.01409	0.00855	0.00814	0.04610	0.01616	0.69429	0.05173	0.01958	0.01514	0.00708	0.00562	0.00174	0.00472	0.00574	0.00678	0.00928
15	0.00755	0.00570	0.00697	0.00672	0.00817	0.00512	0.00501	0.00979	0.01484	0.02015	0.53433	0.07572	0.25428	0.01253	0.00666	0.00183	0.00273	0.01089	0.00588	0.00512
16	0.04292	0.00951	0.01281	0.00988	0.01414	0.00829	0.00815	0.02676	0.01596	0.73554	0.04067	0.01951	0.01475	0.00704	0.00564	0.00174	0.00472	0.00572	0.00687	0.00939
17	0.01063	0.00552	0.00554	0.00549	0.00688	0.00559	0.00413	0.01378	0.04157	0.02108	0.01854	0.02098	0.01453	0.00660	0.00401	0.00134	0.00270	0.00529	0.80040	0.00539
18	0.00744	0.00579	0.00635	0.00621	0.00798	0.00497	0.00466	0.00918	0.01361	0.03588	0.22820	0.07173	0.55120	0.01350	0.00664	0.00188	0.00286	0.01142	0.00551	0.00500
19	0.01311	0.00754	0.00797	0.00709	0.00910	0.00782	0.00550	0.16250	0.01482	0.05229	0.01787	0.04216	0.01423	0.02702	0.00506	0.00154	0.00352	0.00561	0.58904	0.00622
20	0.08092	0.03660	0.15893	0.01099	0.01571	0.01067	0.01048	0.09547	0.03679	0.37697	0.03969	0.04912	0.03806	0.00725	0.00550	0.00176	0.00542	0.00580	0.00537	0.00851
21	0.01515	0.75862	0.02872	0.00993	0.01455	0.04578	0.00974	0.01693	0.01150	0.01327	0.00784	0.00916	0.00723	0.00499	0.00408	0.00125	0.02861	0.00308	0.00242	0.00717
22	0.84197	0.01088	0.00827	0.00740	0.01088	0.01262	0.00609	0.01654	0.00958	0.02525	0.00784	0.00914	0.00609	0.00522	0.00348	0.00174	0.00435	0.00305	0.00348	0.00609
23	0.03694	0.01261	0.01351	0.02967	0.01548	0.01417	0.00920	0.24771	0.42185	0.05014	0.02168	0.02049	0.06587	0.00769	0.00570	0.00183	0.00496	0.00621	0.00557	0.00871
24	0.00757	0.00539	0.00698	0.00781	0.00838	0.00514	0.00534	0.02861	0.01173	0.01581	0.12521	0.59757	0.03707	0.07901	0.00880	0.00246	0.00349	0.03367	0.00522	0.00473
25	0.01905	0.01395	0.01518	0.01208	0.01588	0.01531	0.00977	0.62469	0.02375	0.03182	0.01586	0.12331	0.01344	0.00862	0.00629	0.02451	0.00575	0.00659	0.00549	0.00868
26	0.00702	0.00524	0.00654	0.00748	0.00821	0.00484	0.00513	0.00848	0.02815	0.01502	0.06145	0.61133	0.17738	0.01654	0.00703	0.00218	0.00319	0.01478	0.00527	0.00473
27	0.00965	0.00490	0.00723	0.00730	0.00735	0.00488	0.00488	0.00752	0.00763	0.01033	0.01109	0.05634	0.01128	0.01908	0.02073	0.77040	0.00474	0.00545	0.02658	0.00263
28	0.01129	0.02911	0.77306	0.01604	0.02436	0.01307	0.02079	0.01782	0.01188	0.01782	0.01010	0.01188	0.00713	0.00535	0.00535	0.00178	0.00832	0.00416	0.00238	0.00832
29	0.01129	0.02911	0.77306	0.01604	0.02436	0.01307	0.02079	0.01782	0.01188	0.01782	0.01010	0.01188	0.00713	0.00535	0.00535	0.00178	0.00832	0.00416	0.00238	0.00832
30	0.00833	0.00589	0.00745	0.00722	0.00856	0.00551	0.00535	0.01110	0.03995	0.03371	0.54766	0.14745	0.09332	0.01214	0.00656	0.00184	0.00285	0.01070	0.03904	0.00536
31	0.05759	0.01224	0.13201	0.03626	0.03653	0.00957	0.00985	0.10486	0.01593	0.21321	0.25852	0.02503	0.04803	0.00819	0.00584	0.00176	0.00489	0.00683	0.00533	0.00754
32	0.01213	0.06945	0.62082	0.01643	0.04709	0.01356	0.06225	0.01840	0.03642	0.03663	0.01079	0.01246	0.00777	0.00539	0.00536	0.00176	0.00799	0.00438	0.00264	0.00828

[dist]
# distance from previous block
# <min> <max>
0	1

[block]
# block no. 3 follows, 42 sequences, length 16
# corresponding to MSA columns:
# 1054,1074-1086,1088,1089
name=unknown_D
#
# <colnr> <probs for GDERKNQSTAVLIFYWHMCP>
#	G	D	E	R	K	N	Q	S	T	A	V	L	I	F	Y	W	H	M	C	P
0	0.11086	0.68121	0.05783	0.00964	0.01444	0.02077	0.00968	0.01686	0.01124	0.01482	0.00792	0.00916	0.00709	0.00488	0.00367	0.00129	0.00592	0.00306	0.00253	0.00714
1	0.07494	0.18387	0.01707	0.01071	0.01490	0.01514	0.00907	0.20131	0.18932	0.15834	0.01544	0.01489	0.01131	0.00633	0.00499	0.00160	0.00526	0.00479	0.00492	0.05582
2	0.01275	0.01773	0.19282	0.02007	0.05878	0.03910	0.37545	0.01705	0.01235	0.01728	0.03915	0.01477	0.00971	0.00604	0.00825	0.00194	0.14074	0.00576	0.00280	0.00745
3	0.06428	0.00951	0.01118	0.00922	0.01252	0.00889	0.00721	0.11933	0.01397	0.11379	0.03417	0.21403	0.01741	0.00875	0.00586	0.00157	0.03244	0.00729	0.00464	0.30394
4	0.00813	0.00633	0.00801	0.00797	0.00942	0.00573	0.00573	0.00964	0.01160	0.01613	0.11332	0.47723	0.07965	0.01375	0.00692	0.00192	0.03327	0.01214	0.00486	0.16825
5	0.01331	0.01693	0.17628	0.01918	0.08277	0.01394	0.30567	0.05951	0.16395	0.01984	0.01447	0.01634	0.02854	0.00601	0.00650	0.00187	0.03735	0.00593	0.00352	0.00809
6	0.00978	0.00489	0.00733	0.00733	0.00733	0.00489	0.00489	0.00733	0.00733	0.00978	0.00978	0.01711	0.00978	0.01955	0.02199	0.83627	0.00489	0.00489	0.00244	0.00244
7	0.01292	0.01222	0.02065	0.15448	0.58853	0.01259	0.01605	0.01627	0.01281	0.01807	0.07071	0.01635	0.01222	0.00563	0.00567	0.00171	0.00650	0.00542	0.00301	0.00819
8	0.00909	0.00734	0.01102	0.01333	0.13280	0.00714	0.04002	0.03539	0.01213	0.01628	0.02690	0.47958	0.05254	0.01425	0.00692	0.00218	0.00446	0.11825	0.00473	0.00567
9	0.01050	0.00547	0.00579	0.04207	0.00807	0.00559	0.00448	0.01317	0.01178	0.02067	0.01797	0.02070	0.01410	0.00651	0.00401	0.00134	0.00285	0.00523	0.79440	0.00529
10	0.01345	0.01339	0.04969	0.03008	0.62232	0.01295	0.01592	0.01804	0.08701	0.01866	0.01291	0.05710	0.01121	0.00597	0.00567	0.00173	0.00634	0.00571	0.00320	0.00866
11	0.01455	0.01122	0.01401	0.05471	0.05029	0.01197	0.04895	0.31984	0.05862	0.02572	0.13557	0.12675	0.03974	0.00896	0.00599	0.00180	0.00514	0.00769	0.05098	0.00750
12	0.00863	0.00594	0.00681	0.00683	0.00724	0.00594	0.00430	0.04107	0.00977	0.01290	0.02156	0.10153	0.06266	0.60834	0.02330	0.00465	0.00515	0.05553	0.00387	0.00397
13	0.06751	0.12094	0.32740	0.04446	0.24031	0.01416	0.05047	0.01718	0.01202	0.01776	0.01042	0.01366	0.00839	0.00545	0.00520	0.00170	0.00722	0.02505	0.00268	0.00802
14	0.16553	0.04863	0.01502	0.14722	0.01926	0.15216	0.01031	0.23297	0.05434	0.06376	0.01183	0.01347	0.00897	0.02634	0.00565	0.00178	0.00661	0.00452	0.00409	0.00753
15	0.18643	0.03099	0.01628	0.01585	0.14423	0.17060	0.05400	0.20214	0.02892	0.02290	0.01391	0.01506	0.06248	0.00634	0.00516	0.00167	0.00663	0.00491	0.00389	0.00760

[dist]
# distance from previous block
# <min> <max>
0	3

[block]
# block no. 4 follows, 42 sequences, length 13
# corresponding to MSA columns:
# 1093-1105
name=unknown_E
#
# <colnr> <probs for GDERKNQSTAVLIFYWHMCP>
#	G	D	E	R	K	N	Q	S	T	A	V	L	I	F	Y	W	H	M	C	P
0	0.01771	0.04266	0.01361	0.01035	0.01403	0.02693	0.00844	0.31612	0.05603	0.16165	0.08010	0.02040	0.06623	0.00819	0.02108	0.00178	0.00520	0.00595	0.06611	0.05743
1	0.01268	0.01300	0.02452	0.11729	0.18162	0.01353	0.33978	0.01671	0.03418	0.01728	0.01180	0.03937	0.00974	0.00609	0.00760	0.00190	0.10268	0.00612	0.03672	0.00738
2	0.00847	0.00592	0.00739	0.00709	0.00864	0.00534	0.00539	0.01074	0.01486	0.05482	0.49999	0.07711	0.21394	0.01239	0.00667	0.00186	0.00295	0.04518	0.00592	0.00534
3	0.00686	0.00490	0.00653	0.00784	0.00816	0.00457	0.00522	0.00784	0.01077	0.01437	0.03102	0.79855	0.03722	0.01763	0.00718	0.00229	0.00326	0.01600	0.00522	0.00457
4	0.01567	0.60775	0.07108	0.01097	0.01551	0.14142	0.01059	0.01768	0.01207	0.01361	0.00808	0.00949	0.00723	0.00518	0.00448	0.00132	0.03500	0.00324	0.00249	0.00714
5	0.00862	0.00603	0.00766	0.00739	0.00880	0.00563	0.00548	0.01146	0.04651	0.04992	0.53132	0.16136	0.10368	0.01235	0.00665	0.00187	0.00293	0.01090	0.00597	0.00547
6	0.01301	0.01609	0.09554	0.02215	0.02749	0.01444	0.60932	0.01755	0.01269	0.01755	0.01087	0.01460	0.00830	0.00531	0.00773	0.00194	0.08888	0.00625	0.00277	0.00751
7	0.00811	0.00543	0.00616	0.00623	0.00624	0.00541	0.00351	0.00817	0.00832	0.01109	0.01843	0.07696	0.02134	0.76089	0.02751	0.00529	0.00534	0.00860	0.00351	0.00347
8	0.79598	0.01116	0.00875	0.00771	0.01125	0.01290	0.00635	0.05756	0.01052	0.02582	0.00815	0.00939	0.00629	0.00531	0.00360	0.00174	0.00446	0.00316	0.00360	0.00629
9	0.04053	0.00844	0.00862	0.00830	0.00988	0.08484	0.00615	0.04706	0.01469	0.03893	0.37069	0.22828	0.08784	0.01209	0.00643	0.00187	0.00387	0.01048	0.00544	0.00555
10	0.01612	0.01286	0.01524	0.01229	0.01547	0.02810	0.05037	0.37880	0.06013	0.02535	0.01452	0.06508	0.01247	0.06906	0.06733	0.00261	0.08650	0.00607	0.00458	0.05704
11	0.01298	0.01090	0.01542	0.06167	0.03635	0.01143	0.11508	0.20020	0.05948	0.02116	0.01854	0.26842	0.01847	0.00990	0.00687	0.00191	0.04839	0.00877	0.00449	0.06958
12	0.10000	0.01306	0.01425	0.07549	0.06401	0.04347	0.01021	0.20664	0.31072	0.04159	0.01695	0.01848	0.01309	0.00712	0.00552	0.00183	0.00553	0.03878	0.00492	0.00833

[dist]
# distance from previous block
# <min> <max>
0	1

[block]
# block no. 5 follows, 42 sequences, length 61
# corresponding to MSA columns:
# 1107,1110-1130,1132-1170
name=unknown_F
#
# <colnr> <probs for GDERKNQSTAVLIFYWHMCP>
#	G	D	E	R	K	N	Q	S	T	A	V	L	I	F	Y	W	H	M	C	P
0	0.09144	0.01383	0.01481	0.03500	0.01629	0.01534	0.00972	0.56875	0.02256	0.03160	0.01406	0.05192	0.01092	0.00790	0.02281	0.00187	0.00593	0.00545	0.05121	0.00858
1	0.00685	0.00493	0.00650	0.00776	0.00814	0.00458	0.00519	0.00784	0.01085	0.01440	0.03194	0.77216	0.06302	0.01751	0.00716	0.00227	0.00325	0.01585	0.00522	0.00458
2	0.01386	0.01330	0.02271	0.05117	0.75106	0.01335	0.01723	0.01721	0.01278	0.01830	0.01057	0.01395	0.00888	0.00503	0.00557	0.00168	0.00670	0.00501	0.00278	0.00886
3	0.00862	0.00621	0.00850	0.00972	0.01081	0.00618	0.00804	0.01115	0.03288	0.01637	0.02993	0.25741	0.03325	0.01588	0.00756	0.00249	0.00465	0.52001	0.00521	0.00512
4	0.00808	0.00601	0.00755	0.00712	0.00858	0.00561	0.00535	0.01115	0.04615	0.02185	0.66125	0.04241	0.12444	0.01163	0.00660	0.00179	0.00275	0.01019	0.00608	0.00540
5	0.01808	0.00908	0.01137	0.00940	0.01272	0.00863	0.00752	0.03930	0.15051	0.40381	0.18531	0.02676	0.07523	0.00857	0.00595	0.00179	0.00416	0.00719	0.00642	0.00819
6	0.02431	0.00955	0.01289	0.00994	0.01421	0.00832	0.00818	0.02682	0.03312	0.72123	0.03980	0.01960	0.01484	0.00704	0.00566	0.00173	0.00472	0.00574	0.00685	0.02546
7	0.00857	0.00645	0.00929	0.00911	0.01013	0.00750	0.00703	0.03262	0.00951	0.01361	0.01501	0.02261	0.01420	0.09279	0.68489	0.00840	0.03396	0.00612	0.00311	0.00508
8	0.02170	0.01528	0.01659	0.01272	0.01721	0.01673	0.01051	0.69159	0.02564	0.09338	0.01420	0.01396	0.00991	0.00677	0.00563	0.00169	0.00608	0.00511	0.00573	0.00957
9	0.01576	0.71230	0.02787	0.01021	0.01480	0.11301	0.00978	0.01752	0.01198	0.01330	0.00793	0.00916	0.00723	0.00493	0.00379	0.00123	0.00651	0.00308	0.00247	0.00714
10	0.81250	0.01068	0.00816	0.00732	0.01073	0.01236	0.00602	0.01642	0.00966	0.02510	0.00821	0.00956	0.00639	0.00527	0.00350	0.00173	0.00429	0.00313	0.03291	0.00606
11	0.01168	0.01163	0.01807	0.01471	0.01665	0.04772	0.19517	0.03120	0.01087	0.01505	0.01378	0.05552	0.04239	0.06881	0.14224	0.00354	0.28529	0.00653	0.00306	0.00610
12	0.00770	0.00563	0.00723	0.00707	0.00831	0.00516	0.00521	0.01002	0.01495	0.02082	0.60353	0.14889	0.10930	0.01259	0.00671	0.00185	0.00276	0.01113	0.00598	0.00516
13	0.01328	0.01271	0.02167	0.18276	0.62397	0.01320	0.01695	0.01670	0.01251	0.01760	0.01047	0.01414	0.00864	0.00513	0.00558	0.00171	0.00685	0.00501	0.00273	0.00839
14	0.00756	0.00574	0.00696	0.00665	0.00816	0.00514	0.00499	0.00983	0.01497	0.02028	0.54424	0.04581	0.27444	0.01236	0.00664	0.00181	0.00272	0.01071	0.00589	0.00514
15	0.00810	0.00578	0.00780	0.00780	0.00837	0.00636	0.00548	0.00925	0.00868	0.01214	0.01621	0.02841	0.01681	0.36784	0.45804	0.00751	0.01095	0.00695	0.00318	0.00433
16	0.01129	0.02911	0.77306	0.01604	0.02436	0.01307	0.02079	0.01782	0.01188	0.01782	0.01010	0.01188	0.00713	0.00535	0.00535	0.00178	0.00832	0.00416	0.00238	0.00832
17	0.00691	0.00496	0.00648	0.00767	0.00804	0.00462	0.00510	0.00786	0.01073	0.01423	0.03144	0.73086	0.06640	0.05561	0.00820	0.00242	0.00335	0.01545	0.00514	0.00452
18	0.00753	0.00580	0.00859	0.00907	0.00992	0.00540	0.05511	0.00890	0.01110	0.01485	0.02916	0.68298	0.03436	0.01634	0.00712	0.00225	0.00382	0.05944	0.00502	0.02326
19	0.01627	0.64637	0.02672	0.01062	0.01505	0.17713	0.00988	0.01800	0.01236	0.01335	0.00800	0.00926	0.00723	0.00502	0.00391	0.00125	0.00686	0.00313	0.00251	0.00708
20	0.01309	0.01069	0.01221	0.00907	0.01370	0.00911	0.00726	0.13200	0.03346	0.02114	0.01183	0.04031	0.00992	0.00520	0.00454	0.00106	0.00443	0.00418	0.02230	0.63448
21	0.00713	0.00506	0.00668	0.00787	0.00824	0.00479	0.00534	0.00814	0.01070	0.01424	0.02976	0.67857	0.03540	0.08668	0.00912	0.00259	0.00360	0.06655	0.00506	0.00451
22	0.01188	0.19244	0.58147	0.01427	0.02152	0.01464	0.01772	0.01718	0.01178	0.01672	0.01109	0.03083	0.02364	0.00571	0.00505	0.00167	0.00760	0.00436	0.00251	0.00792
23	0.00686	0.00490	0.00653	0.00784	0.00816	0.00457	0.00522	0.00784	0.01077	0.01437	0.03102	0.79855	0.03722	0.01763	0.00718	0.00229	0.00326	0.01600	0.00522	0.00457
24	0.01464	0.15238	0.04231	0.08452	0.47352	0.10541	0.01516	0.01761	0.01280	0.01663	0.00983	0.01266	0.00827	0.00513	0.00517	0.00158	0.00708	0.00448	0.00270	0.00812
25	0.01804	0.02025	0.01831	0.05015	0.27319	0.40335	0.01316	0.08185	0.03738	0.01748	0.01021	0.01222	0.00831	0.00566	0.00533	0.00157	0.00837	0.00435	0.00316	0.00765
26	0.01053	0.00512	0.00761	0.00746	0.00767	0.00505	0.00505	0.00831	0.00776	0.04676	0.01038	0.01721	0.00998	0.01894	0.02120	0.79572	0.00488	0.00493	0.00266	0.00279
27	0.01328	0.01518	0.03321	0.02372	0.02941	0.01423	0.74668	0.01803	0.01328	0.01803	0.01139	0.01518	0.00854	0.00474	0.00664	0.00190	0.00949	0.00664	0.00285	0.00759
28	0.00686	0.00490	0.00653	0.00784	0.00816	0.00457	0.00522	0.00784	0.01077	0.01437	0.03102	0.79855	0.03722	0.01763	0.00718	0.00229	0.00326	0.01600	0.00522	0.00457
29	0.01328	0.01518	0.03321	0.02372	0.02941	0.01423	0.74668	0.01803	0.01328	0.01803	0.01139	0.01518	0.00854	0.00474	0.00664	0.00190	0.00949	0.00664	0.00285	0.00759
30	0.02525	0.00958	0.01306	0.01001	0.01437	0.00827	0.00827	0.02743	0.01611	0.77102	0.02220	0.01915	0.01393	0.00697	0.00566	0.00174	0.00479	0.00566	0.00697	0.00958
31	0.01129	0.02911	0.77306	0.01604	0.02436	0.01307	0.02079	0.01782	0.01188	0.01782	0.01010	0.01188	0.00713	0.00535	0.00535	0.00178	0.00832	0.00416	0.00238	0.00832
32	0.00806	0.00544	0.00622	0.00630	0.00639	0.00542	0.00363	0.00820	0.00848	0.01128	0.01944	0.08437	0.03916	0.71744	0.04365	0.00525	0.00547	0.00871	0.00356	0.00355
33	0.01320	0.01493	0.03216	0.02297	0.02863	0.01390	0.71072	0.01784	0.01320	0.01804	0.01132	0.01501	0.00853	0.00472	0.00652	0.00185	0.00923	0.00648	0.00287	0.04787
34	0.02102	0.02682	0.01595	0.01450	0.01740	0.77963	0.01087	0.02247	0.01595	0.01377	0.00870	0.01015	0.00725	0.00580	0.00507	0.00145	0.01015	0.00362	0.00290	0.00652
35	0.00944	0.00610	0.00786	0.00722	0.00888	0.00553	0.00549	0.01193	0.01565	0.09108	0.62809	0.04108	0.11736	0.01135	0.00655	0.00178	0.00287	0.00992	0.00617	0.00565
36	0.00854	0.00720	0.00750	0.00725	0.00942	0.00691	0.00560	0.02933	0.15557	0.01736	0.04784	0.04745	0.56015	0.01289	0.00652	0.00194	0.00337	0.05414	0.00533	0.00568
37	0.01435	0.66101	0.16796	0.01082	0.01629	0.02055	0.01171	0.01703	0.01152	0.01409	0.00825	0.00956	0.00720	0.00491	0.00393	0.00131	0.00645	0.00322	0.00240	0.00743
38	0.01854	0.01387	0.01507	0.01173	0.01586	0.01481	0.00951	0.55907	0.04149	0.03068	0.01442	0.05885	0.01157	0.03689	0.00638	0.00175	0.00568	0.00560	0.00521	0.12302
39	0.00768	0.00561	0.00721	0.00709	0.00830	0.00515	0.00521	0.00997	0.01485	0.02065	0.58882	0.16425	0.10879	0.01271	0.00673	0.00186	0.00277	0.01125	0.00596	0.00515
40	0.02024	0.01433	0.01563	0.01220	0.01640	0.01560	0.00996	0.57585	0.08746	0.09439	0.01541	0.03124	0.01137	0.02470	0.00615	0.00179	0.00580	0.00548	0.00563	0.03038
41	0.01424	0.01190	0.01566	0.19580	0.17583	0.04941	0.01211	0.04254	0.21708	0.08808	0.01719	0.02040	0.03097	0.00700	0.00573	0.00182	0.00598	0.05076	0.00423	0.03327
42	0.00981	0.00711	0.00775	0.00740	0.00830	0.02237	0.00491	0.10002	0.01182	0.01570	0.06334	0.14737	0.07487	0.45389	0.01880	0.00389	0.00491	0.00916	0.02393	0.00465
43	0.67253	0.01098	0.00984	0.08671	0.01422	0.01264	0.00741	0.05557	0.01098	0.06315	0.00910	0.01048	0.00682	0.00544	0.00392	0.00175	0.00479	0.00349	0.00368	0.00647
44	0.01453	0.01470	0.02168	0.07977	0.63554	0.10089	0.01644	0.01768	0.01307	0.01761	0.01033	0.01356	0.00863	0.00514	0.00552	0.00166	0.00713	0.00485	0.00278	0.00847
45	0.01703	0.00919	0.01163	0.00897	0.01298	0.00772	0.00722	0.04224	0.01471	0.33906	0.14081	0.03636	0.01878	0.00693	0.00532	0.00143	0.00423	0.00578	0.00546	0.30415
46	0.01888	0.01375	0.02986	0.01172	0.01557	0.03508	0.00967	0.50023	0.02231	0.10342	0.07390	0.07733	0.03268	0.00824	0.00587	0.00176	0.00562	0.01994	0.00561	0.00857
47	0.01163	0.00643	0.00655	0.00614	0.00781	0.00664	0.00471	0.08503	0.03082	0.02245	0.01799	0.02025	0.01402	0.00660	0.00414	0.00136	0.00301	0.00525	0.73340	0.00575
48	0.00982	0.00760	0.01018	0.04711	0.03019	0.00772	0.03818	0.05835	0.10167	0.03384	0.14537	0.37747	0.06191	0.03462	0.00723	0.00213	0.00411	0.01145	0.00516	0.00591
49	0.02077	0.01541	0.01714	0.01353	0.03296	0.01696	0.02830	0.66893	0.05973	0.04786	0.01400	0.01401	0.00997	0.00672	0.00566	0.00170	0.00617	0.00517	0.00553	0.00948
50	0.02525	0.00958	0.01306	0.01001	0.01437	0.00827	0.00827	0.02743	0.01611	0.77102	0.02220	0.01915	0.01393	0.00697	0.00566	0.00174	0.00479	0.00566	0.00697	0.00958
51	0.02088	0.01527	0.01635	0.01259	0.01694	0.01688	0.01038	0.71408	0.02578	0.03479	0.01374	0.01386	0.00980	0.00675	0.00555	0.00167	0.00603	0.00508	0.04422	0.00937
52	0.00684	0.00571	0.00596	0.00590	0.00772	0.00483	0.00442	0.00844	0.01327	0.01626	0.15879	0.05241	0.66239	0.01386	0.00665	0.00188	0.00282	0.01163	0.00537	0.00483
53	0.02290	0.01335	0.01539	0.01180	0.01625	0.01387	0.00975	0.46677	0.02242	0.32276	0.01691	0.01572	0.01127	0.00684	0.00564	0.00171	0.00564	0.00530	0.00615	0.00957
54	0.00969	0.00489	0.00731	0.00735	0.00736	0.00488	0.00490	0.00735	0.00743	0.00991	0.01041	0.04058	0.01060	0.01949	0.02155	0.81122	0.00484	0.00522	0.00253	0.00251
55	0.02064	0.02513	0.01574	0.01409	0.01711	0.68294	0.01066	0.09244	0.01688	0.01592	0.01059	0.01177	0.02975	0.00614	0.00517	0.00149	0.00955	0.00401	0.00323	0.00677
56	0.01145	0.00977	0.01143	0.00831	0.01310	0.00737	0.00660	0.01388	0.01163	0.01816	0.01096	0.04767	0.00966	0.00478	0.00431	0.00090	0.00413	0.00391	0.00342	0.79856
57	0.01133	0.01155	0.02252	0.23499	0.02718	0.01192	0.35714	0.01501	0.01224	0.01635	0.03099	0.09412	0.01403	0.02650	0.00740	0.00208	0.03245	0.06243	0.00323	0.00655
58	0.05002	0.01118	0.01762	0.48631	0.23595	0.03094	0.01508	0.01525	0.01180	0.01606	0.01169	0.01659	0.02648	0.00592	0.00558	0.00182	0.00702	0.02501	0.00277	0.00692
59	0.65836	0.05013	0.01061	0.00830	0.01205	0.01356	0.00692	0.11660	0.01206	0.02580	0.00869	0.00983	0.00671	0.00537	0.00381	0.00167	0.00468	0.00333	0.00372	0.03779
60	0.06485	0.05799	0.60739	0.01539	0.02282	0.01320	0.06777	0.01778	0.01201	0.03663	0.02765	0.01269	0.00839	0.00546	0.00528	0.00176	0.00783	0.00438	0.00268	0.00804

[dist]
# distance from previous block
# <min> <max>
1	3

[block]
# block no. 6 follows, 42 sequences, length 80
# corresponding to MSA columns:
# 1200-1208,1211-1239,1256-1270,1273-1299
name=unknown_G
#
# <colnr> <probs for GDERKNQSTAVLIFYWHMCP>
#	G	D	E	R	K	N	Q	S	T	A	V	L	I	F	Y	W	H	M	C	P
0	0.02021	0.01270	0.01452	0.01133	0.01549	0.01306	0.00923	0.41810	0.03844	0.22412	0.01700	0.07448	0.01287	0.00741	0.00562	0.00167	0.00537	0.00592	0.00573	0.08672
1	0.02123	0.01546	0.01663	0.01281	0.01726	0.01708	0.01056	0.70239	0.05303	0.05498	0.01409	0.01394	0.00997	0.00679	0.00563	0.00170	0.00609	0.00513	0.00567	0.00955
2	0.00818	0.00546	0.00614	0.00614	0.00614	0.00546	0.00341	0.00818	0.00818	0.01091	0.01773	0.03683	0.02046	0.80222	0.02864	0.00546	0.00546	0.00818	0.00341	0.00341
3	0.01100	0.00640	0.00831	0.00755	0.00943	0.00576	0.00576	0.01332	0.01526	0.16199	0.49878	0.09639	0.11512	0.01139	0.00650	0.00182	0.00312	0.00994	0.00617	0.00600
4	0.00686	0.00510	0.00640	0.00737	0.00806	0.00464	0.00503	0.00799	0.01139	0.01485	0.06387	0.61626	0.18829	0.01670	0.00705	0.00219	0.00316	0.01493	0.00526	0.00464
5	0.73918	0.01072	0.00887	0.00773	0.01132	0.01208	0.00637	0.01791	0.01040	0.11911	0.00964	0.01040	0.00708	0.00544	0.00376	0.00174	0.00441	0.00338	0.00392	0.00653
6	0.00813	0.00544	0.00615	0.00620	0.00621	0.00542	0.00348	0.00817	0.00828	0.01104	0.01822	0.06499	0.02108	0.77321	0.02785	0.00534	0.00537	0.00847	0.00348	0.00345
7	0.02043	0.08384	0.01712	0.01393	0.01712	0.60425	0.01079	0.11841	0.01684	0.01661	0.00924	0.01056	0.00756	0.00594	0.00533	0.00149	0.02654	0.00380	0.00322	0.00697
8	0.02153	0.01554	0.01675	0.01284	0.01734	0.01711	0.01061	0.72185	0.02608	0.06250	0.01383	0.01372	0.00973	0.00676	0.00563	0.00169	0.00614	0.00509	0.00568	0.00957
9	0.01586	0.66724	0.04650	0.01053	0.01515	0.13723	0.01010	0.01773	0.01213	0.01344	0.00802	0.00927	0.00722	0.00498	0.00388	0.00126	0.00671	0.00313	0.00248	0.00714
10	0.01358	0.01068	0.01170	0.01045	0.01320	0.01166	0.00818	0.22359	0.27933	0.02391	0.03980	0.16797	0.10008	0.01045	0.00620	0.00195	0.00456	0.04962	0.00553	0.00757
11	0.01277	0.01086	0.01325	0.00956	0.01454	0.00887	0.04255	0.09152	0.01330	0.02012	0.01044	0.01203	0.00847	0.00447	0.00444	0.00097	0.00464	0.00367	0.00355	0.70998
12	0.01332	0.01660	0.10381	0.01917	0.02347	0.08548	0.40029	0.01700	0.01227	0.01655	0.01082	0.04151	0.00904	0.00642	0.00880	0.00195	0.17362	0.00598	0.00282	0.03110
13	0.00743	0.00517	0.00654	0.00741	0.00768	0.00498	0.00484	0.00817	0.01003	0.01335	0.02650	0.50155	0.03133	0.28028	0.01440	0.00336	0.00411	0.05402	0.00461	0.00422
14	0.02077	0.02630	0.01583	0.01439	0.01730	0.75261	0.01080	0.02273	0.04210	0.01412	0.00920	0.01053	0.00760	0.00586	0.00510	0.00147	0.00995	0.00372	0.00300	0.00661
15	0.02139	0.01576	0.01689	0.01295	0.01745	0.01745	0.01070	0.74835	0.02646	0.03547	0.01351	0.01351	0.00957	0.00676	0.00563	0.00169	0.00619	0.00507	0.00563	0.00957
16	0.01786	0.01213	0.01331	0.01041	0.01430	0.01258	0.00847	0.40127	0.04636	0.09646	0.01506	0.01548	0.01101	0.00638	0.00508	0.00150	0.00499	0.00494	0.16858	0.13383
17	0.01393	0.01337	0.02284	0.03454	0.76712	0.01337	0.01727	0.01727	0.01281	0.01839	0.01059	0.01393	0.00891	0.00501	0.00557	0.00167	0.00669	0.00501	0.00279	0.00891
18	0.00743	0.00573	0.00678	0.00652	0.00808	0.00508	0.00489	0.00958	0.01466	0.01956	0.47529	0.04699	0.34383	0.01263	0.00664	0.00182	0.00273	0.01087	0.00580	0.00508
19	0.00978	0.00489	0.00733	0.00733	0.00733	0.00489	0.00489	0.00733	0.00733	0.00978	0.00978	0.01711	0.00978	0.01955	0.02199	0.83627	0.00489	0.00489	0.00244	0.00244
20	0.01141	0.02839	0.73875	0.01689	0.05833	0.01308	0.02063	0.01780	0.01192	0.01785	0.01012	0.01198	0.00721	0.00533	0.00536	0.00178	0.00824	0.00420	0.00240	0.00834
21	0.00818	0.00548	0.00624	0.00624	0.00628	0.00551	0.00354	0.00825	0.00821	0.01099	0.01764	0.03631	0.02023	0.77540	0.05515	0.00558	0.00580	0.00811	0.00340	0.00347
22	0.01438	0.59930	0.20078	0.01128	0.01684	0.04635	0.01225	0.01727	0.01169	0.01432	0.00838	0.00973	0.00720	0.00497	0.00406	0.00135	0.00669	0.00330	0.00242	0.00745
23	0.01192	0.05580	0.32942	0.01770	0.02392	0.01291	0.31168	0.01680	0.01232	0.01743	0.01227	0.07937	0.01031	0.00604	0.00587	0.00179	0.00801	0.00606	0.00287	0.05750
24	0.02124	0.18934	0.01667	0.01013	0.01431	0.02897	0.00864	0.05712	0.05336	0.47618	0.01872	0.05307	0.01333	0.00698	0.00526	0.00165	0.00516	0.00551	0.00564	0.00871
25	0.01212	0.01202	0.01686	0.01451	0.01456	0.01677	0.01207	0.01338	0.00864	0.01352	0.00774	0.01276	0.00769	0.01133	0.05330	0.00276	0.75639	0.00498	0.00249	0.00610
26	0.01418	0.01653	0.03120	0.02265	0.02802	0.10319	0.66116	0.01854	0.01359	0.01753	0.01107	0.01460	0.00839	0.00487	0.00646	0.00185	0.00956	0.00629	0.00285	0.00747
27	0.01063	0.01000	0.01688	0.78870	0.03876	0.01250	0.01563	0.01438	0.01125	0.01438	0.01000	0.01500	0.00750	0.00563	0.00563	0.00188	0.00750	0.00500	0.00250	0.00625
28	0.00978	0.00489	0.00733	0.00733	0.00733	0.00489	0.00489	0.00733	0.00733	0.00978	0.00978	0.01711	0.00978	0.01955	0.02199	0.83627	0.00489	0.00489	0.00244	0.00244
29	0.00703	0.00518	0.00725	0.00827	0.00874	0.00483	0.02534	0.00811	0.01084	0.01447	0.03048	0.77730	0.03644	0.01728	0.00717	0.00227	0.00343	0.01574	0.00516	0.00465
30	0.01340	0.01023	0.01204	0.00871	0.01363	0.00804	0.00701	0.04985	0.01278	0.08971	0.01131	0.01246	0.00892	0.00455	0.00438	0.00096	0.00432	0.00363	0.00378	0.72029
31	0.00779	0.00564	0.00735	0.00714	0.00836	0.00520	0.00527	0.01020	0.01520	0.02135	0.65380	0.13858	0.06826	0.01235	0.00671	0.00184	0.00274	0.01096	0.00605	0.00520
32	0.02257	0.00900	0.01213	0.00950	0.01342	0.00780	0.00777	0.02475	0.01593	0.65735	0.09916	0.02322	0.05544	0.00779	0.00581	0.00175	0.00448	0.00643	0.00680	0.00890
33	0.01129	0.02911	0.77306	0.01604	0.02436	0.01307	0.02079	0.01782	0.01188	0.01782	0.01010	0.01188	0.00713	0.00535	0.00535	0.00178	0.00832	0.00416	0.00238	0.00832
34	0.00686	0.00490	0.00653	0.00784	0.00816	0.00457	0.00522	0.00784	0.01077	0.01437	0.03102	0.79855	0.03722	0.01763	0.00718	0.00229	0.00326	0.01600	0.00522	0.00457
35	0.14842	0.00988	0.01233	0.00964	0.01381	0.00914	0.00795	0.04626	0.01541	0.62185	0.03468	0.01794	0.01341	0.00679	0.00535	0.00174	0.00472	0.00534	0.00638	0.00896
36	0.01041	0.03693	0.00969	0.00904	0.01046	0.00810	0.00662	0.17039	0.01422	0.01892	0.02603	0.56728	0.02962	0.03078	0.00716	0.00219	0.00409	0.02715	0.00517	0.00575
37	0.01258	0.01032	0.01219	0.00907	0.01356	0.00869	0.00728	0.04768	0.03621	0.04565	0.01136	0.03135	0.00951	0.00515	0.00525	0.00107	0.05076	0.00399	0.00364	0.67469
38	0.13893	0.09574	0.36332	0.01296	0.01891	0.04001	0.04577	0.01899	0.01260	0.14577	0.04743	0.01394	0.01038	0.00583	0.00506	0.00171	0.00675	0.00451	0.00354	0.00785
39	0.01526	0.70689	0.06996	0.01033	0.01521	0.07567	0.01034	0.01731	0.01178	0.01353	0.00801	0.00927	0.00722	0.00491	0.00381	0.00125	0.00644	0.00312	0.00244	0.00723
40	0.01440	0.01469	0.05708	0.04764	0.61251	0.04789	0.01642	0.05234	0.04755	0.01910	0.01117	0.01399	0.00913	0.00528	0.00555	0.00168	0.00681	0.00498	0.00303	0.00875
41	0.70486	0.04793	0.01013	0.00812	0.01174	0.03535	0.00674	0.05972	0.01105	0.05034	0.00868	0.00976	0.00665	0.00537	0.00373	0.00171	0.00472	0.00327	0.00366	0.00648
42	0.01478	0.76690	0.04794	0.00973	0.01455	0.02163	0.00981	0.01673	0.01155	0.01358	0.02575	0.00988	0.00830	0.00499	0.00373	0.00123	0.00600	0.00321	0.00250	0.00720
43	0.01176	0.01252	0.06146	0.18007	0.05191	0.01110	0.25524	0.01530	0.01207	0.01693	0.01252	0.01567	0.04101	0.00574	0.00615	0.03102	0.00693	0.00532	0.00297	0.24430
44	0.00789	0.00575	0.00742	0.00700	0.00836	0.00528	0.00525	0.01048	0.01575	0.02215	0.72416	0.04272	0.09335	0.01166	0.00664	0.00178	0.00267	0.01027	0.00614	0.00528
45	0.01098	0.00886	0.01230	0.01093	0.01232	0.01057	0.03543	0.11010	0.01149	0.01649	0.01348	0.01965	0.01235	0.07735	0.41929	0.00597	0.16804	0.00581	0.03272	0.00586
46	0.07126	0.01049	0.01289	0.01026	0.01430	0.01017	0.00837	0.08607	0.14066	0.52168	0.03978	0.01899	0.01465	0.00707	0.00556	0.00177	0.00477	0.00569	0.00642	0.00915
47	0.00780	0.00563	0.00738	0.00719	0.00837	0.00520	0.00530	0.01021	0.01518	0.02137	0.65716	0.15243	0.05078	0.01240	0.00672	0.00185	0.00274	0.01103	0.00605	0.00520
48	0.02475	0.01038	0.01356	0.01039	0.01477	0.00946	0.00858	0.12065	0.01745	0.67590	0.02108	0.01842	0.01337	0.00694	0.00566	0.00173	0.00497	0.00558	0.00679	0.00958
49	0.00978	0.00489	0.00733	0.00733	0.00733	0.00489	0.00489	0.00733	0.00733	0.00978	0.00978	0.01711	0.00978	0.01955	0.02199	0.83627	0.00489	0.00489	0.00244	0.00244
50	0.02525	0.00958	0.01306	0.01001	0.01437	0.00827	0.00827	0.02743	0.01611	0.77102	0.02220	0.01915	0.01393	0.00697	0.00566	0.00174	0.00479	0.00566	0.00697	0.00958
51	0.01181	0.01017	0.01235	0.00891	0.01382	0.00785	0.03047	0.02873	0.01199	0.01858	0.01059	0.02949	0.00902	0.00454	0.00434	0.00092	0.00436	0.00376	0.00341	0.77491
52	0.02102	0.02682	0.01595	0.01450	0.01740	0.77963	0.01087	0.02247	0.01595	0.01377	0.00870	0.01015	0.00725	0.00580	0.00507	0.00145	0.01015	0.00362	0.00290	0.00652
53	0.00715	0.00643	0.00606	0.00601	0.00794	0.03156	0.00450	0.00857	0.01294	0.01515	0.05534	0.05264	0.73862	0.01396	0.00660	0.00188	0.00310	0.01159	0.00515	0.00481
54	0.80297	0.01062	0.00813	0.00730	0.01068	0.01228	0.00599	0.01638	0.00968	0.02505	0.00833	0.00970	0.00649	0.00529	0.00350	0.00172	0.00427	0.00315	0.04241	0.00605
55	0.01063	0.01000	0.01688	0.78870	0.03876	0.01250	0.01563	0.01438	0.01125	0.01438	0.01000	0.01500	0.00750	0.00563	0.00563	0.00188	0.00750	0.00500	0.00250	0.00625
56	0.01185	0.01013	0.01197	0.03544	0.01431	0.00790	0.00707	0.03076	0.01199	0.01859	0.01008	0.01183	0.00833	0.00428	0.00425	0.00089	0.00433	0.00343	0.00336	0.78921
57	0.00805	0.00600	0.00891	0.00891	0.00987	0.00696	0.00687	0.00996	0.00900	0.01297	0.01520	0.02278	0.01436	0.07697	0.74556	0.00888	0.01463	0.00613	0.00303	0.00495
58	0.01129	0.02911	0.77306	0.01604	0.02436	0.01307	0.02079	0.01782	0.01188	0.01782	0.01010	0.01188	0.00713	0.00535	0.00535	0.00178	0.00832	0.00416	0.00238	0.00832
59	0.00789	0.00610	0.00753	0.00785	0.02701	0.00568	0.00564	0.01054	0.04872	0.01878	0.35401	0.17765	0.24278	0.01318	0.00672	0.00194	0.00311	0.04398	0.00561	0.00528
60	0.00703	0.00574	0.00624	0.00627	0.00800	0.00495	0.00477	0.00873	0.01333	0.01658	0.17940	0.07167	0.57747	0.01393	0.00673	0.00193	0.00296	0.05402	0.00539	0.00487
61	0.02507	0.00987	0.01324	0.01015	0.01451	0.00870	0.00839	0.06124	0.01659	0.73651	0.02179	0.01889	0.01373	0.00696	0.00566	0.00174	0.00485	0.00563	0.00690	0.00958
62	0.00826	0.00615	0.00773	0.00726	0.00875	0.00582	0.00547	0.01166	0.06257	0.02212	0.66829	0.04155	0.10014	0.01145	0.00658	0.00179	0.00278	0.01005	0.00610	0.00550
