[name]
unknown

[dist]
# distance from previous block
# <min> <max>
13	103

[block]
# block no. 0 follows, 47 sequences, length 9
# corresponding to MSA columns:
# 156-164
name=unknown_A
#
# <colnr> <probs for GDERKNQSTAVLIFYWHMCP>
#	G	D	E	R	K	N	Q	S	T	A	V	L	I	F	Y	W	H	M	C	P
0	0.01147	0.01221	0.11464	0.11701	0.17305	0.01097	0.05503	0.10344	0.01312	0.03265	0.11414	0.04727	0.08668	0.00734	0.00653	0.00172	0.07627	0.00620	0.00356	0.00672
1	0.01042	0.01167	0.14752	0.01090	0.01398	0.00926	0.08110	0.11056	0.11405	0.01918	0.15718	0.24874	0.02398	0.00965	0.00585	0.00180	0.00478	0.00861	0.00444	0.00635
2	0.01277	0.01194	0.01988	0.14857	0.47667	0.01240	0.08488	0.08316	0.03400	0.01810	0.03951	0.01428	0.00982	0.00514	0.00530	0.00161	0.00631	0.00500	0.00297	0.00768
3	0.01435	0.01080	0.01535	0.42481	0.07452	0.01230	0.01230	0.20127	0.04678	0.11825	0.01204	0.01421	0.00864	0.00567	0.00521	0.00167	0.00615	0.00478	0.00370	0.00720
4	0.00983	0.00926	0.01562	0.80447	0.03587	0.01157	0.01446	0.01331	0.01041	0.01331	0.00926	0.01388	0.00694	0.00521	0.00521	0.00174	0.00694	0.00463	0.00231	0.00579
5	0.14207	0.00997	0.01031	0.00931	0.01212	0.01106	0.00720	0.02174	0.48519	0.02048	0.01886	0.11894	0.01591	0.00760	0.00501	0.00169	0.00394	0.00629	0.00471	0.08758
6	0.01085	0.00927	0.01343	0.48033	0.02579	0.01097	0.01134	0.11033	0.08057	0.01627	0.01327	0.09245	0.01174	0.08272	0.00735	0.00206	0.00598	0.00600	0.00327	0.00601
7	0.01697	0.11737	0.01629	0.08553	0.01689	0.06287	0.00976	0.48634	0.01991	0.02605	0.08032	0.01428	0.01188	0.00626	0.00502	0.00151	0.00575	0.00478	0.00445	0.00776
8	0.30595	0.08943	0.08615	0.01047	0.04263	0.05560	0.00890	0.12823	0.10427	0.06061	0.01130	0.03121	0.00883	0.00564	0.00430	0.00155	0.00515	0.00408	0.00372	0.03198

[dist]
# distance from previous block
# <min> <max>
8	27

[block]
# block no. 1 follows, 47 sequences, length 18
# corresponding to MSA columns:
# 192-209
name=unknown_B
#
# <colnr> <probs for GDERKNQSTAVLIFYWHMCP>
#	G	D	E	R	K	N	Q	S	T	A	V	L	I	F	Y	W	H	M	C	P
0	0.07708	0.03722	0.06386	0.04480	0.01481	0.01075	0.03163	0.17573	0.01456	0.28227	0.01546	0.07577	0.01204	0.03094	0.05183	0.00215	0.04150	0.00556	0.00464	0.00740
1	0.05133	0.01099	0.02444	0.00954	0.01299	0.03951	0.00777	0.19902	0.03734	0.13050	0.04930	0.05022	0.01229	0.02086	0.00594	0.00147	0.05667	0.00493	0.03076	0.24414
2	0.01139	0.01139	0.01595	0.01367	0.01367	0.01595	0.01139	0.01253	0.00798	0.01253	0.00684	0.01139	0.00684	0.00911	0.01709	0.00228	0.80745	0.00456	0.00228	0.00570
3	0.00757	0.00589	0.00704	0.00671	0.00823	0.00565	0.00507	0.01084	0.08699	0.01841	0.44662	0.03894	0.25275	0.01300	0.06109	0.00215	0.00347	0.00926	0.00523	0.00507
4	0.01229	0.00977	0.01134	0.00821	0.01277	0.00789	0.00661	0.08878	0.01235	0.05482	0.01011	0.01129	0.00807	0.00422	0.00406	0.00089	0.00407	0.00335	0.00345	0.72566
5	0.00737	0.00532	0.00696	0.00655	0.00778	0.00491	0.00491	0.00983	0.01474	0.02088	0.78175	0.03890	0.04914	0.01065	0.00614	0.00164	0.00246	0.00942	0.00573	0.00491
6	0.00752	0.00537	0.00739	0.00859	0.00940	0.00524	0.00687	0.00928	0.01112	0.01460	0.02806	0.38171	0.03188	0.01521	0.00696	0.00228	0.00404	0.43512	0.00481	0.00455
7	0.00662	0.00472	0.00626	0.00729	0.00771	0.00444	0.00501	0.00771	0.01037	0.01389	0.08533	0.66734	0.03456	0.05148	0.00753	0.00223	0.00319	0.06523	0.00482	0.00427
8	0.55353	0.06703	0.01068	0.06882	0.03538	0.04876	0.00714	0.03790	0.01021	0.03332	0.00841	0.00990	0.00659	0.00494	0.00365	0.00151	0.00465	0.00323	0.04075	0.04361
9	0.01067	0.02538	0.69835	0.01570	0.02310	0.01222	0.10933	0.01651	0.01115	0.01651	0.00949	0.01136	0.00675	0.00488	0.00509	0.00166	0.00783	0.00413	0.00225	0.00762
10	0.00743	0.00548	0.00684	0.00648	0.00772	0.00512	0.00478	0.00997	0.03779	0.01938	0.62314	0.03910	0.12276	0.07210	0.00767	0.00191	0.00273	0.00933	0.00543	0.00483
11	0.00649	0.00467	0.00617	0.00724	0.00769	0.00435	0.00496	0.00757	0.01042	0.01389	0.07624	0.70535	0.06233	0.01577	0.00662	0.00208	0.00305	0.04591	0.00489	0.00430
12	0.01498	0.42546	0.19489	0.01104	0.01617	0.01604	0.04197	0.06972	0.01240	0.13739	0.01031	0.01095	0.00785	0.00500	0.00424	0.00137	0.00601	0.00368	0.00311	0.00742
13	0.01150	0.00727	0.00976	0.00918	0.04628	0.00732	0.00678	0.01426	0.04774	0.17524	0.44653	0.03006	0.06304	0.00929	0.00703	0.00171	0.08788	0.00774	0.00531	0.00608
14	0.00752	0.00503	0.00570	0.00575	0.00576	0.00501	0.00323	0.00756	0.00768	0.01024	0.01696	0.06893	0.01963	0.78118	0.02562	0.00492	0.00496	0.00790	0.00323	0.00320
15	0.04964	0.02812	0.13633	0.26437	0.02293	0.02497	0.02716	0.23751	0.04564	0.06724	0.01127	0.01298	0.00815	0.00553	0.00502	0.00161	0.00626	0.00446	0.00359	0.03720
16	0.13014	0.10660	0.01499	0.09134	0.01617	0.04881	0.00918	0.28821	0.03295	0.10598	0.01140	0.01221	0.00842	0.00576	0.00514	0.00152	0.04129	0.00416	0.02076	0.04498
17	0.01038	0.00831	0.01050	0.18640	0.01583	0.03165	0.00784	0.09067	0.01301	0.03870	0.20126	0.13193	0.03474	0.06482	0.00692	0.00182	0.00454	0.00726	0.00413	0.12928

[dist]
# distance from previous block
# <min> <max>
0	7

[block]
# block no. 2 follows, 47 sequences, length 50
# corresponding to MSA columns:
# 217-266
name=unknown_C
#
# <colnr> <probs for GDERKNQSTAVLIFYWHMCP>
#	G	D	E	R	K	N	Q	S	T	A	V	L	I	F	Y	W	H	M	C	P
0	0.01277	0.01211	0.06913	0.20834	0.03903	0.03321	0.03274	0.10137	0.10820	0.05537	0.01156	0.01349	0.00885	0.00613	0.01784	0.00163	0.07485	0.00446	0.00340	0.18553
1	0.00698	0.00507	0.00647	0.00726	0.00790	0.00480	0.00499	0.03926	0.01110	0.01479	0.09162	0.66407	0.08580	0.01521	0.00651	0.00203	0.00306	0.01368	0.00492	0.00449
2	0.01031	0.00941	0.01453	0.53984	0.06993	0.02604	0.03079	0.02896	0.06176	0.01463	0.01211	0.07129	0.01034	0.04006	0.00616	0.00186	0.00626	0.00557	0.03422	0.00593
3	0.01820	0.01366	0.01473	0.06132	0.01664	0.04510	0.00973	0.57010	0.06571	0.06348	0.04519	0.01434	0.01100	0.00693	0.01819	0.00169	0.00579	0.00494	0.00497	0.00828
4	0.00773	0.00538	0.00638	0.00628	0.00636	0.00567	0.00382	0.00795	0.00766	0.01038	0.01576	0.03186	0.01787	0.71225	0.09358	0.00521	0.04211	0.00726	0.00308	0.00340
5	0.00735	0.00539	0.00721	0.04001	0.00893	0.00511	0.00530	0.00966	0.01398	0.01964	0.65797	0.13196	0.04559	0.01111	0.00616	0.00170	0.00271	0.00987	0.00548	0.00487
6	0.01392	0.82012	0.02729	0.00891	0.01337	0.02061	0.00891	0.01559	0.01058	0.01225	0.00724	0.00835	0.00668	0.00446	0.00334	0.00111	0.00557	0.00278	0.00223	0.00668
7	0.08894	0.00534	0.00512	0.00504	0.00644	0.00549	0.00383	0.01243	0.01073	0.01979	0.01607	0.01839	0.01262	0.00595	0.00360	0.00125	0.00258	0.00466	0.76679	0.00493
8	0.01295	0.01119	0.01178	0.01060	0.01354	0.01295	0.00824	0.02767	0.77509	0.02178	0.02120	0.01943	0.01590	0.00707	0.00530	0.00177	0.00412	0.00589	0.00530	0.00824
9	0.00656	0.00469	0.00625	0.00721	0.00768	0.00438	0.00494	0.00774	0.01075	0.01451	0.14274	0.67535	0.03655	0.01540	0.00659	0.00205	0.00298	0.03432	0.00497	0.00435
10	0.85377	0.01007	0.00765	0.00685	0.01007	0.01168	0.00564	0.01531	0.00886	0.02336	0.00725	0.00846	0.00564	0.00483	0.00322	0.00161	0.00403	0.00282	0.00322	0.00564
11	0.02275	0.00873	0.01189	0.00916	0.01308	0.00755	0.00755	0.02479	0.01490	0.75880	0.04962	0.01853	0.01428	0.00661	0.00527	0.00161	0.00436	0.00540	0.00642	0.00871
12	0.19447	0.00911	0.01117	0.00877	0.01263	0.00848	0.00724	0.02330	0.01366	0.63053	0.01781	0.01582	0.01140	0.00611	0.00482	0.00161	0.00435	0.00474	0.00578	0.00820
13	0.85377	0.01007	0.00765	0.00685	0.01007	0.01168	0.00564	0.01531	0.00886	0.02336	0.00725	0.00846	0.00564	0.00483	0.00322	0.00161	0.00403	0.00282	0.00322	0.00564
14	0.01139	0.01139	0.01595	0.01367	0.01367	0.01595	0.01139	0.01253	0.00798	0.01253	0.00684	0.01139	0.00684	0.00911	0.01709	0.00228	0.80745	0.00456	0.00228	0.00570
15	0.02065	0.01322	0.01478	0.01133	0.01547	0.01412	0.00936	0.58997	0.02220	0.21321	0.01442	0.01375	0.00982	0.00630	0.00522	0.00157	0.00542	0.00482	0.00550	0.00886
16	0.01598	0.01131	0.01320	0.01070	0.01388	0.01211	0.04234	0.41323	0.09022	0.08818	0.03274	0.12866	0.01485	0.03501	0.00612	0.00177	0.00496	0.00655	0.05062	0.00757
17	0.02213	0.01035	0.03854	0.00973	0.01388	0.02854	0.00824	0.08497	0.01542	0.65598	0.01883	0.01664	0.01203	0.00627	0.00517	0.00157	0.00475	0.00503	0.00600	0.03594
18	0.00676	0.00544	0.00612	0.00635	0.00794	0.00480	0.00503	0.00842	0.01214	0.01498	0.10868	0.05110	0.55189	0.01324	0.00639	0.00189	0.00311	0.17630	0.00490	0.00453
19	0.00642	0.00527	0.00571	0.00598	0.00751	0.00455	0.00454	0.00781	0.01166	0.01414	0.04715	0.14182	0.61135	0.01369	0.00633	0.00187	0.00292	0.09203	0.00483	0.00442
20	0.03876	0.01551	0.19952	0.23242	0.07032	0.01251	0.29342	0.04492	0.01182	0.01659	0.00984	0.01299	0.00732	0.00484	0.00543	0.00170	0.00761	0.00496	0.00256	0.00694
21	0.12588	0.03333	0.03757	0.01019	0.01425	0.02357	0.04501	0.10975	0.04926	0.47262	0.01654	0.01523	0.01093	0.00603	0.00496	0.00160	0.00495	0.00480	0.00534	0.00819
22	0.01139	0.01139	0.01595	0.01367	0.01367	0.01595	0.01139	0.01253	0.00798	0.01253	0.00684	0.01139	0.00684	0.00911	0.01709	0.00228	0.80745	0.00456	0.00228	0.00570
23	0.01260	0.01037	0.01218	0.07034	0.01496	0.00922	0.00759	0.17066	0.01363	0.02000	0.00993	0.01139	0.00789	0.00446	0.00424	0.00101	0.00449	0.00354	0.00347	0.60800
24	0.01045	0.02694	0.79000	0.01484	0.02254	0.01209	0.01924	0.01649	0.01099	0.01649	0.00935	0.01099	0.00660	0.00495	0.00495	0.00165	0.00770	0.00385	0.00220	0.00770
25	0.00718	0.00513	0.00700	0.00820	0.00887	0.00495	0.00628	0.00869	0.01079	0.01422	0.02824	0.50696	0.03263	0.01553	0.00687	0.00223	0.00374	0.31322	0.00482	0.00446
26	0.01178	0.02028	0.39211	0.01977	0.16425	0.04500	0.21306	0.01650	0.01155	0.01635	0.00960	0.01209	0.00726	0.00490	0.00568	0.00167	0.03366	0.00460	0.00241	0.00749
27	0.00990	0.00807	0.00911	0.00867	0.00986	0.04459	0.00644	0.09014	0.07901	0.01680	0.11073	0.29179	0.04530	0.09068	0.02928	0.00235	0.09314	0.00920	0.03960	0.00533
28	0.00768	0.00569	0.00773	0.00765	0.00815	0.00644	0.00549	0.00876	0.00813	0.01144	0.01514	0.06353	0.01586	0.32367	0.42508	0.00646	0.05926	0.00670	0.00299	0.00414
29	0.00703	0.00528	0.00646	0.00628	0.00758	0.00478	0.00468	0.00904	0.01347	0.01826	0.51168	0.07463	0.24378	0.03776	0.00685	0.00182	0.00267	0.02791	0.00535	0.00469
30	0.85377	0.01007	0.00765	0.00685	0.01007	0.01168	0.00564	0.01531	0.00886	0.02336	0.00725	0.00846	0.00564	0.00483	0.00322	0.00161	0.00403	0.00282	0.00322	0.00564
31	0.00764	0.00540	0.00724	0.00821	0.00895	0.00531	0.00643	0.00922	0.01074	0.01413	0.04209	0.27254	0.02986	0.14657	0.01018	0.00273	0.00427	0.39956	0.00456	0.00437
32	0.01392	0.82012	0.02729	0.00891	0.01337	0.02061	0.00891	0.01559	0.01058	0.01225	0.00724	0.00835	0.00668	0.00446	0.00334	0.00111	0.00557	0.00278	0.00223	0.00668
33	0.00727	0.00526	0.00682	0.00655	0.00770	0.00486	0.00484	0.00953	0.01415	0.01991	0.69123	0.09606	0.06377	0.03086	0.00668	0.00176	0.00257	0.00980	0.00558	0.00481
34	0.01392	0.82012	0.02729	0.00891	0.01337	0.02061	0.00891	0.01559	0.01058	0.01225	0.00724	0.00835	0.00668	0.00446	0.00334	0.00111	0.00557	0.00278	0.00223	0.00668
35	0.01175	0.00948	0.01106	0.00801	0.01255	0.00746	0.00642	0.04137	0.03055	0.05253	0.01018	0.01139	0.00819	0.00414	0.00400	0.00086	0.00396	0.00331	0.00337	0.75942
36	0.01008	0.00721	0.00848	0.00774	0.00964	0.00720	0.00601	0.11596	0.08082	0.05010	0.35974	0.08603	0.13853	0.01036	0.00592	0.00172	0.00332	0.05172	0.03364	0.00577
37	0.02275	0.00873	0.01189	0.00916	0.01308	0.00755	0.00755	0.02479	0.01490	0.75880	0.04962	0.01853	0.01428	0.00661	0.00527	0.00161	0.00436	0.00540	0.00642	0.00871
38	0.00960	0.00889	0.01255	0.07579	0.01334	0.01162	0.00935	0.01089	0.00886	0.01291	0.03258	0.22175	0.01566	0.03781	0.03829	0.00246	0.46187	0.00748	0.00308	0.00519
39	0.01376	0.14834	0.25294	0.03251	0.12927	0.01332	0.15362	0.04079	0.01217	0.12124	0.01085	0.01243	0.00803	0.00506	0.00525	0.00157	0.02377	0.00446	0.00301	0.00760
40	0.00920	0.00980	0.09571	0.01511	0.23281	0.00796	0.00993	0.03055	0.01165	0.01564	0.02610	0.21683	0.19272	0.01054	0.00595	0.00184	0.00462	0.09313	0.00391	0.00598
41	0.18009	0.00909	0.01125	0.00881	0.01269	0.00841	0.00727	0.02348	0.01376	0.64377	0.01804	0.01598	0.01152	0.00614	0.00486	0.00161	0.00436	0.00478	0.00584	0.00825
42	0.01146	0.01183	0.05016	0.33451	0.10166	0.01237	0.22668	0.05121	0.01162	0.01593	0.01001	0.01372	0.00773	0.00532	0.00635	0.00173	0.07233	0.00504	0.04380	0.00655
43	0.07426	0.03037	0.01299	0.04204	0.01432	0.04304	0.03322	0.18118	0.01485	0.26868	0.01410	0.01561	0.01048	0.08395	0.00689	0.00179	0.00514	0.00471	0.00456	0.13780
44	0.01059	0.01033	0.01776	0.45669	0.06005	0.01241	0.12826	0.01367	0.01026	0.01399	0.00932	0.01367	0.00744	0.00651	0.02302	0.00195	0.16505	0.00487	0.02815	0.00601
45	0.00625	0.00501	0.00559	0.00602	0.00724	0.00435	0.00430	0.00745	0.01125	0.01395	0.06130	0.32643	0.49408	0.01426	0.00633	0.00188	0.00277	0.01234	0.00486	0.00435
46	0.01451	0.19854	0.19894	0.05291	0.07512	0.13685	0.06557	0.09087	0.01299	0.05382	0.00952	0.01114	0.00740	0.00526	0.00529	0.00151	0.04576	0.00398	0.00285	0.00718
47	0.06919	0.10385	0.01590	0.07707	0.01666	0.04500	0.03872	0.28211	0.04618	0.23364	0.01360	0.01354	0.00951	0.00585	0.00490	0.00155	0.00556	0.00455	0.00465	0.00795
48	0.00889	0.00559	0.00698	0.00693	0.00813	0.00517	0.00497	0.01056	0.02776	0.10319	0.21213	0.26580	0.14007	0.13542	0.00932	0.00234	0.00338	0.03349	0.00499	0.00489
49	0.04941	0.00619	0.00797	0.04380	0.01022	0.00612	0.02442	0.05084	0.01147	0.03967	0.05524	0.43616	0.12238	0.03259	0.00668	0.00204	0.00369	0.07032	0.01588	0.00491

[dist]
# distance from previous block
# <min> <max>
2	32

[block]
# block no. 3 follows, 47 sequences, length 21
# corresponding to MSA columns:
# 299-319
name=unknown_D
#
# <colnr> <probs for GDERKNQSTAVLIFYWHMCP>
#	G	D	E	R	K	N	Q	S	T	A	V	L	I	F	Y	W	H	M	C	P
0	0.01425	0.13754	0.05282	0.05709	0.04063	0.10582	0.00983	0.04176	0.11231	0.12176	0.02529	0.03546	0.03626	0.00718	0.00668	0.00167	0.11706	0.04970	0.00374	0.02315
1	0.00795	0.00532	0.00686	0.00722	0.00818	0.00480	0.00498	0.00908	0.01047	0.06052	0.07887	0.56932	0.03042	0.08569	0.00805	0.00219	0.00332	0.01215	0.00469	0.07992
2	0.01247	0.01254	0.03266	0.14959	0.44849	0.03974	0.07872	0.01672	0.08367	0.01646	0.01063	0.01353	0.00858	0.00520	0.00587	0.00165	0.04836	0.00482	0.00278	0.00753
3	0.05435	0.00812	0.01021	0.00860	0.01145	0.00774	0.00688	0.05823	0.07803	0.37661	0.21098	0.07807	0.02377	0.00843	0.00554	0.00169	0.00388	0.03440	0.00579	0.00721
4	0.01121	0.05828	0.01381	0.01106	0.01234	0.01227	0.03590	0.11777	0.01073	0.01517	0.01125	0.03938	0.01083	0.10628	0.20750	0.00390	0.30825	0.00541	0.00300	0.00566
5	0.00970	0.00799	0.00882	0.00863	0.01045	0.00865	0.00642	0.01750	0.38854	0.01752	0.02773	0.25853	0.12788	0.04766	0.00683	0.00203	0.00365	0.03028	0.00499	0.00620
6	0.00836	0.00623	0.00787	0.00744	0.00811	0.00670	0.00536	0.00949	0.01048	0.03890	0.22260	0.11660	0.10687	0.27700	0.01465	0.00293	0.13317	0.00864	0.00416	0.00446
7	0.00821	0.00745	0.05284	0.08230	0.01271	0.00679	0.04986	0.01016	0.01107	0.03673	0.14799	0.42778	0.04218	0.01226	0.00690	0.00195	0.05236	0.02105	0.00437	0.00507
8	0.01406	0.03127	0.06956	0.22125	0.28405	0.01231	0.01339	0.11261	0.06521	0.10754	0.01193	0.01386	0.00890	0.00538	0.00514	0.00162	0.00607	0.00470	0.00344	0.00769
9	0.01945	0.02482	0.01476	0.01342	0.01610	0.79608	0.01006	0.02079	0.01476	0.01275	0.00805	0.00939	0.00671	0.00537	0.00470	0.00134	0.00939	0.00335	0.00268	0.00604
10	0.00757	0.00508	0.00582	0.00582	0.00587	0.00513	0.00333	0.00766	0.00761	0.01020	0.01628	0.03337	0.01862	0.77631	0.06675	0.00522	0.00551	0.00747	0.00314	0.00323
11	0.05992	0.01092	0.01802	0.35846	0.42218	0.01199	0.01474	0.01481	0.01107	0.01580	0.00942	0.01306	0.00754	0.00489	0.00507	0.00163	0.00638	0.00453	0.00250	0.00705
12	0.01230	0.13641	0.03763	0.05706	0.01489	0.17929	0.05140	0.01416	0.01041	0.01284	0.00986	0.01408	0.00896	0.05065	0.19263	0.00335	0.16502	0.00448	0.01889	0.00568
13	0.00660	0.00532	0.00593	0.00607	0.00761	0.00465	0.00466	0.00819	0.01220	0.01521	0.15606	0.09165	0.54575	0.01313	0.00630	0.00183	0.00288	0.09648	0.00496	0.00451
14	0.01312	0.01203	0.02099	0.10442	0.59882	0.01211	0.08512	0.01631	0.01193	0.05949	0.01041	0.01336	0.00835	0.00477	0.00526	0.00159	0.00640	0.00481	0.00277	0.00793
15	0.03144	0.03005	0.01759	0.01466	0.08867	0.01465	0.10010	0.46021	0.05550	0.07068	0.01242	0.01313	0.00906	0.00594	0.00568	0.00160	0.03646	0.00484	0.00449	0.02283
16	0.01063	0.05504	0.00908	0.00745	0.00930	0.00644	0.00583	0.01292	0.02773	0.15824	0.41500	0.14362	0.06358	0.01051	0.00591	0.00171	0.00323	0.04266	0.00544	0.00568
17	0.00643	0.00471	0.00605	0.00692	0.00751	0.00433	0.00473	0.00756	0.01073	0.01422	0.11419	0.63188	0.13098	0.01530	0.00653	0.00202	0.00291	0.01373	0.00493	0.00433
18	0.23055	0.04932	0.05670	0.15486	0.06399	0.06737	0.01007	0.12471	0.03507	0.11862	0.01095	0.01222	0.00804	0.00547	0.00471	0.00159	0.01723	0.00407	0.01751	0.00695
19	0.11122	0.17411	0.33686	0.01330	0.01900	0.01382	0.12815	0.05356	0.02907	0.06032	0.00992	0.01129	0.00737	0.00495	0.00466	0.00155	0.00666	0.00404	0.00284	0.00729
20	0.00909	0.00641	0.00825	0.05544	0.01059	0.00635	0.00623	0.03801	0.06227	0.06172	0.39073	0.13214	0.08780	0.02656	0.00650	0.00185	0.00340	0.07606	0.00521	0.00537

[dist]
# distance from previous block
# <min> <max>
4	28

[block]
# block no. 4 follows, 47 sequences, length 41
# corresponding to MSA columns:
# 350-390
name=unknown_E
#
# <colnr> <probs for GDERKNQSTAVLIFYWHMCP>
#	G	D	E	R	K	N	Q	S	T	A	V	L	I	F	Y	W	H	M	C	P
0	0.12676	0.01261	0.10151	0.06238	0.03522	0.01185	0.00980	0.23410	0.05756	0.09107	0.07408	0.01591	0.01246	0.00643	0.00552	0.00162	0.04637	0.01785	0.04637	0.03052
1	0.83145	0.01019	0.00787	0.00699	0.01023	0.01180	0.00575	0.03543	0.00928	0.02362	0.00739	0.00857	0.00573	0.00487	0.00328	0.00161	0.00407	0.00287	0.00328	0.00573
2	0.00717	0.00529	0.00655	0.00625	0.00747	0.00483	0.00459	0.00922	0.01362	0.01876	0.58679	0.04050	0.17799	0.07888	0.00786	0.00195	0.00271	0.00954	0.00536	0.00467
3	0.01453	0.70164	0.02546	0.00959	0.01371	0.11502	0.00912	0.01615	0.01102	0.01232	0.00733	0.00856	0.00669	0.00469	0.00387	0.00117	0.02737	0.00290	0.00228	0.00658
4	0.78331	0.00997	0.00803	0.00705	0.01034	0.01134	0.00581	0.01616	0.00938	0.08825	0.00838	0.00925	0.00626	0.00497	0.00339	0.00161	0.00406	0.00302	0.00350	0.00591
5	0.00627	0.00528	0.00544	0.00540	0.00711	0.00445	0.00405	0.00771	0.01215	0.01474	0.12463	0.04901	0.71009	0.01294	0.00615	0.00175	0.00262	0.01084	0.00492	0.00445
6	0.00649	0.00463	0.00615	0.00721	0.00759	0.00434	0.00487	0.00752	0.01030	0.01381	0.08323	0.72139	0.03502	0.03656	0.00713	0.00216	0.00307	0.02940	0.00486	0.00426
7	0.00782	0.00567	0.00768	0.00876	0.00986	0.00553	0.00734	0.00985	0.01163	0.01504	0.03025	0.18926	0.10490	0.01460	0.00700	0.00229	0.00427	0.54881	0.00481	0.00466
8	0.01392	0.82012	0.02729	0.00891	0.01337	0.02061	0.00891	0.01559	0.01058	0.01225	0.00724	0.00835	0.00668	0.00446	0.00334	0.00111	0.00557	0.00278	0.00223	0.00668
9	0.00634	0.00453	0.00604	0.00725	0.00755	0.00423	0.00483	0.00725	0.00997	0.01329	0.02870	0.81358	0.03444	0.01632	0.00665	0.00211	0.00302	0.01480	0.00483	0.00423
10	0.85377	0.01007	0.00765	0.00685	0.01007	0.01168	0.00564	0.01531	0.00886	0.02336	0.00725	0.00846	0.00564	0.00483	0.00322	0.00161	0.00403	0.00282	0.00322	0.00564
11	0.00800	0.00578	0.00788	0.00881	0.00999	0.00565	0.00748	0.01024	0.01217	0.01596	0.11778	0.10486	0.07926	0.01400	0.00697	0.00225	0.00427	0.56899	0.00491	0.00475
12	0.01980	0.01459	0.01563	0.01198	0.01615	0.01615	0.00990	0.76713	0.02448	0.03282	0.01250	0.01250	0.00886	0.00625	0.00521	0.00156	0.00573	0.00469	0.00521	0.00886
13	0.01980	0.01459	0.01563	0.01198	0.01615	0.01615	0.00990	0.76713	0.02448	0.03282	0.01250	0.01250	0.00886	0.00625	0.00521	0.00156	0.00573	0.00469	0.00521	0.00886
14	0.00839	0.00599	0.00839	0.00959	0.01079	0.00599	0.00839	0.01079	0.01199	0.01558	0.02757	0.05874	0.02997	0.01439	0.00719	0.00240	0.00480	0.74945	0.00480	0.00480
15	0.01223	0.01385	0.02965	0.02135	0.02623	0.01337	0.71063	0.01638	0.01198	0.01638	0.01027	0.01385	0.00782	0.00473	0.00694	0.00179	0.06697	0.00603	0.00261	0.00693
16	0.00730	0.00527	0.00689	0.00660	0.00776	0.00486	0.00491	0.00964	0.01439	0.02033	0.72688	0.09535	0.04807	0.01106	0.00618	0.00167	0.00250	0.00981	0.00567	0.00486
17	0.03492	0.29225	0.01886	0.01173	0.01505	0.49866	0.00958	0.03788	0.01347	0.01331	0.00787	0.00910	0.00673	0.00507	0.00422	0.00128	0.00790	0.00318	0.00261	0.00632
18	0.01528	0.24058	0.04991	0.14721	0.01839	0.29075	0.01051	0.01785	0.04005	0.06356	0.01009	0.01256	0.00831	0.00633	0.02501	0.00160	0.00731	0.02537	0.00288	0.00643
19	0.07350	0.01012	0.01194	0.00900	0.01323	0.00917	0.00736	0.15273	0.01466	0.30997	0.01394	0.01355	0.00972	0.00532	0.00457	0.00128	0.00442	0.00416	0.00474	0.32661
20	0.07204	0.10799	0.48754	0.01445	0.04560	0.07161	0.07172	0.01692	0.01133	0.04144	0.00934	0.01092	0.00690	0.00492	0.00474	0.00157	0.00726	0.00387	0.00249	0.00732
21	0.00983	0.00926	0.01562	0.80447	0.03587	0.01157	0.01446	0.01331	0.01041	0.01331	0.00926	0.01388	0.00694	0.00521	0.00521	0.00174	0.00694	0.00463	0.00231	0.00579
22	0.85377	0.01007	0.00765	0.00685	0.01007	0.01168	0.00564	0.01531	0.00886	0.02336	0.00725	0.00846	0.00564	0.00483	0.00322	0.00161	0.00403	0.00282	0.00322	0.00564
23	0.00757	0.00505	0.00568	0.00568	0.00568	0.00505	0.00316	0.00757	0.00757	0.01010	0.01641	0.03408	0.01893	0.81698	0.02651	0.00505	0.00505	0.00757	0.00316	0.00316
24	0.01952	0.01444	0.01563	0.03390	0.01669	0.01602	0.01002	0.74629	0.02410	0.03228	0.01241	0.01254	0.00880	0.00622	0.00521	0.00157	0.00576	0.00469	0.00513	0.00877
25	0.00737	0.00531	0.00676	0.00654	0.00756	0.00505	0.00477	0.00926	0.01274	0.01770	0.51550	0.03836	0.09135	0.15767	0.06111	0.00272	0.00377	0.03692	0.00498	0.00454
26	0.00671	0.00481	0.00653	0.00766	0.00813	0.00463	0.00545	0.00789	0.01016	0.01354	0.02758	0.65390	0.03241	0.01751	0.05797	0.00256	0.00398	0.11953	0.00470	0.00434
27	0.14652	0.01297	0.01552	0.07610	0.11621	0.14444	0.11887	0.07396	0.01287	0.09932	0.01209	0.06463	0.00993	0.00603	0.00516	0.00161	0.02051	0.00509	0.05148	0.00671
28	0.01498	0.51969	0.09179	0.01102	0.01533	0.21827	0.03488	0.01704	0.01174	0.01290	0.00774	0.00904	0.00672	0.00473	0.00392	0.00124	0.00684	0.00313	0.00236	0.00662
29	0.85377	0.01007	0.00765	0.00685	0.01007	0.01168	0.00564	0.01531	0.00886	0.02336	0.00725	0.00846	0.00564	0.00483	0.00322	0.00161	0.00403	0.00282	0.00322	0.00564
30	0.01080	0.00926	0.01080	0.00771	0.01234	0.00694	0.00617	0.01311	0.01080	0.01697	0.00926	0.01080	0.00771	0.00386	0.00386	0.00077	0.00386	0.00309	0.00309	0.84882
31	0.00754	0.00484	0.00647	0.00739	0.00796	0.00447	0.00503	0.00853	0.01032	0.06793	0.02813	0.75747	0.03292	0.01562	0.00655	0.00208	0.00312	0.01413	0.00495	0.00456
32	0.01392	0.82012	0.02729	0.00891	0.01337	0.02061	0.00891	0.01559	0.01058	0.01225	0.00724	0.00835	0.00668	0.00446	0.00334	0.00111	0.00557	0.00278	0.00223	0.00668
33	0.00839	0.00599	0.00839	0.00959	0.01079	0.00599	0.00839	0.01079	0.01199	0.01558	0.02757	0.05874	0.02997	0.01439	0.00719	0.00240	0.00480	0.74945	0.00480	0.00480
34	0.00983	0.00926	0.01562	0.80447	0.03587	0.01157	0.01446	0.01331	0.01041	0.01331	0.00926	0.01388	0.00694	0.00521	0.00521	0.00174	0.00694	0.00463	0.00231	0.00579
35	0.00839	0.00599	0.00839	0.00959	0.01079	0.00599	0.00839	0.01079	0.01199	0.01558	0.02757	0.05874	0.02997	0.01439	0.00719	0.00240	0.00480	0.74945	0.00480	0.00480
36	0.07650	0.56287	0.02273	0.00988	0.01381	0.21323	0.00896	0.01687	0.01150	0.01318	0.00744	0.00862	0.00661	0.00471	0.00367	0.00121	0.00641	0.00293	0.00241	0.00645
37	0.01130	0.00949	0.01098	0.00794	0.01241	0.00749	0.00633	0.06189	0.01160	0.01782	0.00965	0.01152	0.00808	0.02519	0.00453	0.00093	0.00401	0.00331	0.00323	0.77229
38	0.01412	0.01341	0.02434	0.02187	0.21456	0.01326	0.39231	0.14244	0.04595	0.04766	0.01148	0.01386	0.00866	0.00495	0.00567	0.00167	0.00727	0.00548	0.00330	0.00775
39	0.07403	0.06181	0.01294	0.00921	0.01322	0.00910	0.00770	0.05488	0.01465	0.65907	0.01852	0.01633	0.01187	0.00621	0.00499	0.00158	0.00453	0.00491	0.00592	0.00852
40	0.01595	0.01281	0.01403	0.01252	0.07062	0.03454	0.00936	0.37872	0.26308	0.02624	0.06477	0.01632	0.01359	0.00657	0.00523	0.00160	0.00506	0.00528	0.00494	0.03876

[dist]
# distance from previous block
# <min> <max>
0	2

[block]
# block no. 5 follows, 47 sequences, length 59
# corresponding to MSA columns:
# 393-433,435-452
name=unknown_F
#
# <colnr> <probs for GDERKNQSTAVLIFYWHMCP>
#	G	D	E	R	K	N	Q	S	T	A	V	L	I	F	Y	W	H	M	C	P
0	0.00679	0.00498	0.00643	0.00748	0.00796	0.00482	0.00506	0.00863	0.06172	0.01387	0.02819	0.75987	0.03319	0.01569	0.00656	0.00209	0.00310	0.01420	0.00487	0.00450
1	0.01365	0.01215	0.01758	0.07837	0.42683	0.01299	0.01304	0.12300	0.20962	0.02017	0.01306	0.01459	0.01021	0.00553	0.00520	0.00162	0.00565	0.00497	0.00362	0.00816
2	0.02336	0.00886	0.01209	0.00927	0.01329	0.00765	0.00765	0.02538	0.01491	0.78810	0.02055	0.01773	0.01289	0.00645	0.00524	0.00161	0.00443	0.00524	0.00645	0.00886
3	0.01056	0.02619	0.75286	0.01464	0.02211	0.01214	0.01872	0.01703	0.04746	0.01674	0.00991	0.01140	0.00704	0.00505	0.00496	0.00165	0.00753	0.00395	0.00235	0.00772
4	0.01339	0.57702	0.15396	0.00982	0.01450	0.01719	0.01029	0.01577	0.01088	0.06164	0.00996	0.06663	0.00903	0.00551	0.00397	0.00131	0.00568	0.00397	0.00267	0.00682
5	0.00738	0.00553	0.00576	0.00556	0.00748	0.00463	0.00422	0.00875	0.01209	0.06910	0.05047	0.04781	0.72768	0.01271	0.00609	0.00175	0.00277	0.01058	0.00495	0.00471
6	0.00676	0.00473	0.00614	0.00691	0.00749	0.00441	0.00475	0.00809	0.01106	0.01526	0.18347	0.58557	0.05466	0.01443	0.00634	0.00195	0.00286	0.01298	0.05770	0.00441
7	0.01945	0.02482	0.01476	0.01342	0.01610	0.79608	0.01006	0.02079	0.01476	0.01275	0.00805	0.00939	0.00671	0.00537	0.00470	0.00134	0.00939	0.00335	0.00268	0.00604
8	0.01785	0.01360	0.01413	0.01195	0.04414	0.07683	0.00925	0.47959	0.09303	0.07879	0.01448	0.05578	0.01126	0.01944	0.00553	0.00164	0.00554	0.00531	0.03378	0.00808
9	0.00905	0.00452	0.00678	0.00678	0.00678	0.00452	0.00452	0.00678	0.00678	0.00905	0.00905	0.01583	0.00905	0.01809	0.02035	0.84848	0.00452	0.00452	0.00226	0.00226
10	0.01136	0.00959	0.01110	0.00798	0.01258	0.00752	0.00640	0.06035	0.01166	0.01796	0.00946	0.01091	0.00778	0.00401	0.00394	0.00082	0.00397	0.00319	0.00322	0.79620
11	0.01296	0.19693	0.48487	0.01253	0.01886	0.01322	0.01488	0.01754	0.02326	0.11734	0.01054	0.01143	0.00762	0.00504	0.00461	0.00150	0.00663	0.00381	0.00284	0.03358
12	0.07578	0.09869	0.06549	0.00955	0.01321	0.01112	0.00833	0.12669	0.12697	0.25482	0.01943	0.08213	0.07075	0.00739	0.00506	0.00163	0.00464	0.00593	0.00487	0.00751
13	0.01053	0.04582	0.77185	0.01470	0.02232	0.01230	0.01899	0.01647	0.01098	0.01639	0.00930	0.01093	0.00660	0.00494	0.00491	0.00164	0.00765	0.00382	0.00220	0.00767
14	0.00690	0.00513	0.00643	0.00647	0.00759	0.00466	0.00471	0.00879	0.01310	0.01784	0.47013	0.21784	0.18637	0.01243	0.00626	0.00177	0.00262	0.01095	0.00536	0.00466
15	0.82199	0.01002	0.00782	0.00694	0.01019	0.01153	0.00572	0.01569	0.00909	0.05263	0.00776	0.00881	0.00592	0.00490	0.00330	0.00161	0.00404	0.00291	0.00335	0.00576
16	0.00992	0.00934	0.01577	0.78340	0.05629	0.01159	0.01450	0.01338	0.01045	0.01341	0.00927	0.01386	0.00698	0.00519	0.00521	0.00173	0.00692	0.00463	0.00232	0.00585
17	0.00648	0.00529	0.00572	0.00561	0.00723	0.00453	0.00421	0.00810	0.01263	0.01588	0.24619	0.04714	0.58782	0.01251	0.00615	0.00173	0.00259	0.01057	0.00507	0.00453
18	0.00639	0.00463	0.00595	0.00699	0.00742	0.00428	0.00467	0.00729	0.01003	0.01321	0.03037	0.70484	0.10379	0.05423	0.00755	0.00222	0.00308	0.01410	0.00475	0.00419
19	0.00973	0.00911	0.01532	0.77988	0.03499	0.01134	0.01417	0.01312	0.01040	0.01331	0.00986	0.03855	0.00779	0.00555	0.00525	0.00175	0.00682	0.00494	0.00239	0.00574
20	0.01229	0.44835	0.38478	0.01169	0.01767	0.01662	0.01375	0.01601	0.01078	0.01424	0.00823	0.00959	0.00664	0.00469	0.00409	0.00136	0.00657	0.00328	0.00221	0.00716
21	0.00745	0.00555	0.00824	0.00824	0.00913	0.00644	0.00635	0.00922	0.00833	0.01199	0.01407	0.02111	0.01330	0.07618	0.75960	0.00821	0.01352	0.00567	0.00281	0.00458
22	0.85377	0.01007	0.00765	0.00685	0.01007	0.01168	0.00564	0.01531	0.00886	0.02336	0.00725	0.00846	0.00564	0.00483	0.00322	0.00161	0.00403	0.00282	0.00322	0.00564
23	0.01059	0.05930	0.75888	0.01460	0.02216	0.01244	0.01882	0.01646	0.01098	0.01632	0.00926	0.01089	0.00660	0.00493	0.00488	0.00163	0.00761	0.00380	0.00220	0.00765
24	0.01045	0.02694	0.79000	0.01484	0.02254	0.01209	0.01924	0.01649	0.01099	0.01649	0.00935	0.01099	0.00660	0.00495	0.00495	0.00165	0.00770	0.00385	0.00220	0.00770
25	0.01670	0.01315	0.01526	0.16678	0.04898	0.03762	0.01089	0.50383	0.03878	0.02647	0.01279	0.01576	0.00989	0.00649	0.00532	0.00165	0.00599	0.05132	0.00445	0.00788
26	0.01697	0.02075	0.01505	0.12555	0.01856	0.57668	0.01087	0.01859	0.01320	0.01280	0.00805	0.01031	0.00676	0.00586	0.00649	0.00153	0.11976	0.00370	0.00257	0.00595
27	0.00905	0.00452	0.00678	0.00678	0.00678	0.00452	0.00452	0.00678	0.00678	0.00905	0.00905	0.01583	0.00905	0.01809	0.02035	0.84848	0.00452	0.00452	0.00226	0.00226
28	0.01013	0.00948	0.01608	0.33159	0.13191	0.01101	0.08877	0.01286	0.00998	0.01367	0.01034	0.01545	0.00882	0.03802	0.16326	0.01792	0.09725	0.00506	0.00250	0.00588
29	0.07257	0.00949	0.01076	0.02903	0.01199	0.01056	0.00734	0.24534	0.08250	0.04407	0.01711	0.20711	0.01678	0.12458	0.00938	0.00227	0.06805	0.00749	0.01731	0.00627
30	0.00634	0.00467	0.00594	0.00692	0.00748	0.00427	0.00470	0.00734	0.01037	0.01357	0.04815	0.67567	0.15413	0.01570	0.00656	0.00205	0.00295	0.01408	0.00485	0.00427
31	0.01516	0.01218	0.02437	0.01766	0.02238	0.01123	0.51673	0.01879	0.01314	0.23322	0.05015	0.01626	0.01127	0.00526	0.00589	0.00171	0.00726	0.00605	0.00385	0.00744
32	0.01539	0.01685	0.01669	0.16396	0.24763	0.32599	0.01251	0.06513	0.05697	0.01589	0.00982	0.01202	0.00787	0.00527	0.00499	0.00151	0.00746	0.00420	0.00289	0.00695
33	0.01152	0.01121	0.01975	0.36146	0.38737	0.01211	0.09138	0.01491	0.01128	0.01539	0.00964	0.01343	0.00765	0.00486	0.00528	0.00165	0.00677	0.00479	0.00247	0.00707
34	0.00615	0.00528	0.00528	0.00528	0.00703	0.00440	0.00396	0.00747	0.01187	0.01407	0.05276	0.05012	0.78238	0.01319	0.00615	0.00176	0.00264	0.01099	0.00484	0.00440
35	0.00887	0.00561	0.00720	0.00666	0.00816	0.00514	0.00508	0.01123	0.01429	0.08711	0.60973	0.03672	0.08353	0.01018	0.00591	0.00163	0.00268	0.02250	0.06255	0.00522
36	0.01409	0.11140	0.07413	0.02322	0.40059	0.08368	0.12891	0.01718	0.01219	0.07079	0.01018	0.01242	0.00809	0.00479	0.00504	0.00152	0.00678	0.00452	0.00280	0.00768
37	0.02115	0.00969	0.02741	0.06460	0.04511	0.00862	0.03961	0.03554	0.02636	0.63688	0.01864	0.01695	0.01198	0.00619	0.00526	0.00163	0.00492	0.00519	0.00575	0.00853
38	0.00983	0.00926	0.01562	0.80447	0.03587	0.01157	0.01446	0.01331	0.01041	0.01331	0.00926	0.01388	0.00694	0.00521	0.00521	0.00174	0.00694	0.00463	0.00231	0.00579
39	0.01021	0.00871	0.10522	0.00930	0.02484	0.00653	0.01933	0.04244	0.01185	0.12983	0.08116	0.47800	0.02700	0.01221	0.00610	0.00191	0.00402	0.01089	0.00475	0.00570
40	0.04077	0.04981	0.08469	0.04625	0.01639	0.13889	0.07521	0.08905	0.07740	0.11085	0.01274	0.01598	0.01025	0.03486	0.00742	0.00181	0.11251	0.04012	0.02815	0.00683
41	0.71477	0.01001	0.00886	0.00871	0.06262	0.01126	0.00646	0.01592	0.00966	0.07724	0.02949	0.01025	0.00752	0.00509	0.00358	0.00161	0.00416	0.00329	0.00348	0.00603
42	0.73767	0.00993	0.00818	0.00707	0.01045	0.01107	0.00581	0.01583	0.00941	0.07464	0.00829	0.00925	0.00628	0.00487	0.00340	0.00155	0.00404	0.00300	0.00343	0.06580
43	0.00635	0.00477	0.00581	0.00662	0.00732	0.00432	0.00451	0.00733	0.01039	0.01336	0.03485	0.56145	0.24343	0.05450	0.00748	0.00216	0.00301	0.01338	0.00475	0.00422
44	0.01203	0.01197	0.01565	0.01438	0.06204	0.04714	0.01119	0.01519	0.11492	0.01411	0.00906	0.01252	0.00818	0.00840	0.01420	0.00212	0.61325	0.00470	0.00273	0.00622
45	0.01794	0.01366	0.01458	0.01161	0.01544	0.01528	0.00945	0.56648	0.22816	0.02983	0.01486	0.01438	0.01077	0.00647	0.00523	0.00162	0.00529	0.00501	0.00523	0.00869
46	0.01295	0.01119	0.01178	0.01060	0.01354	0.01295	0.00824	0.02767	0.77509	0.02178	0.02120	0.01943	0.01590	0.00707	0.00530	0.00177	0.00412	0.00589	0.00530	0.00824
47	0.37387	0.01238	0.01333	0.09241	0.06430	0.06357	0.06255	0.17171	0.06342	0.02263	0.00990	0.01130	0.00750	0.00530	0.00440	0.00161	0.00550	0.00398	0.00356	0.00678
48	0.01181	0.28536	0.44787	0.01376	0.02010	0.01501	0.10641	0.01622	0.01102	0.01513	0.00880	0.01050	0.00678	0.00472	0.00457	0.00149	0.00713	0.00378	0.00226	0.00728
49	0.00634	0.00453	0.00604	0.00725	0.00755	0.00423	0.00483	0.00725	0.00997	0.01329	0.02870	0.81358	0.03444	0.01632	0.00665	0.00211	0.00302	0.01480	0.00483	0.00423
50	0.00831	0.00550	0.00723	0.00676	0.00811	0.00504	0.00508	0.01065	0.01447	0.06849	0.68908	0.08385	0.04599	0.01072	0.00612	0.00166	0.00261	0.00948	0.00572	0.00512
51	0.01441	0.49009	0.02347	0.06951	0.12366	0.04157	0.02753	0.07504	0.01212	0.04639	0.00879	0.01033	0.00738	0.00490	0.00440	0.00132	0.02577	0.00356	0.00271	0.00706
52	0.00888	0.00527	0.00704	0.00741	0.00839	0.00482	0.00524	0.01021	0.01149	0.12211	0.15869	0.56829	0.03401	0.01396	0.00636	0.00196	0.00312	0.01254	0.00521	0.00499
53	0.00639	0.00523	0.00564	0.00564	0.00721	0.00448	0.00419	0.00789	0.01227	0.01526	0.18437	0.09971	0.59777	0.01294	0.00619	0.00176	0.00263	0.01096	0.00500	0.00448
54	0.24783	0.01124	0.01788	0.28278	0.06743	0.01231	0.21986	0.05093	0.01125	0.01820	0.00923	0.01229	0.00701	0.00489	0.00491	0.00169	0.00653	0.00454	0.00281	0.00637
55	0.23434	0.01444	0.01382	0.17179	0.08394	0.18784	0.01026	0.18940	0.01434	0.02061	0.00926	0.01107	0.00710	0.00534	0.00457	0.00156	0.00639	0.00389	0.00332	0.00672
56	0.01420	0.01034	0.01204	0.06030	0.04068	0.04023	0.00858	0.20544	0.10731	0.10999	0.12325	0.04168	0.01885	0.00794	0.00550	0.00166	0.00480	0.10205	0.01824	0.06693
57	0.07389	0.01143	0.01141	0.00972	0.01272	0.04970	0.00762	0.20228	0.32395	0.02284	0.01592	0.01681	0.01239	0.05704	0.00616	0.00177	0.00463	0.00507	0.09036	0.06429
58	0.16829	0.01049	0.01085	0.00890	0.01211	0.02444	0.00700	0.15260	0.14554	0.03552	0.01279	0.02703	0.01071	0.09884	0.00731	0.00183	0.02841	0.00460	0.00395	0.22880

[dist]
# distance from previous block
# <min> <max>
0	17

[block]
# block no. 6 follows, 47 sequences, length 6
# corresponding to MSA columns:
# 470-475
name=unknown_G
#
# <colnr> <probs for GDERKNQSTAVLIFYWHMCP>
#	G	D	E	R	K	N	Q	S	T	A	V	L	I	F	Y	W	H	M	C	P
0	0.01119	0.14927	0.01789	0.29065	0.27204	0.01237	0.01224	0.01368	0.01047	0.01384	0.01020	0.01575	0.00919	0.13117	0.00818	0.00208	0.00616	0.00477	0.00252	0.00634
1	0.12991	0.01277	0.03884	0.03759	0.13742	0.08857	0.23064	0.01730	0.01186	0.14933	0.01125	0.01335	0.00843	0.00622	0.00653	0.07856	0.00657	0.00477	0.00331	0.00680
2	0.46191	0.01012	0.01211	0.27173	0.12465	0.01174	0.00995	0.01474	0.00978	0.01920	0.00826	0.01084	0.00642	0.00493	0.00414	0.00164	0.00528	0.00366	0.00284	0.00604
3	0.01404	0.00727	0.00982	0.08679	0.01223	0.00728	0.00668	0.08208	0.01126	0.23976	0.01401	0.01903	0.01165	0.14992	0.01411	0.29464	0.00494	0.00528	0.00391	0.00529
4	0.00818	0.00708	0.01008	0.13474	0.14572	0.00701	0.00806	0.01033	0.01194	0.01557	0.15680	0.11210	0.30718	0.01040	0.00592	0.00175	0.00400	0.03360	0.00420	0.00536
5	0.01206	0.01183	0.01826	0.02180	0.35618	0.01436	0.01343	0.01407	0.00970	0.01452	0.00815	0.01206	0.00746	0.00713	0.01179	0.00195	0.45142	0.00459	0.00241	0.00683

[dist]
# distance from previous block
# <min> <max>
0	4

[block]
# block no. 7 follows, 47 sequences, length 64
# corresponding to MSA columns:
# 480-543
name=unknown_H
#
# <colnr> <probs for GDERKNQSTAVLIFYWHMCP>
#	G	D	E	R	K	N	Q	S	T	A	V	L	I	F	Y	W	H	M	C	P
0	0.01244	0.01073	0.01154	0.00991	0.01326	0.01153	0.00775	0.02422	0.59361	0.02064	0.01836	0.01738	0.01395	0.00630	0.00496	0.00153	0.00406	0.00522	0.00477	0.20783
1	0.02336	0.00886	0.01209	0.00927	0.01329	0.00765	0.00765	0.02538	0.01491	0.78810	0.02055	0.01773	0.01289	0.00645	0.00524	0.00161	0.00443	0.00524	0.00645	0.00886
2	0.01369	0.01102	0.01180	0.01050	0.01352	0.01258	0.00820	0.02751	0.72096	0.07635	0.02115	0.01931	0.01568	0.00702	0.00529	0.00176	0.00414	0.00584	0.00538	0.00829
3	0.00983	0.00926	0.01562	0.80447	0.03587	0.01157	0.01446	0.01331	0.01041	0.01331	0.00926	0.01388	0.00694	0.00521	0.00521	0.00174	0.00694	0.00463	0.00231	0.00579
4	0.00889	0.00683	0.00819	0.00753	0.00922	0.00692	0.00574	0.03821	0.17065	0.02130	0.58409	0.03431	0.05790	0.00983	0.00594	0.00166	0.00291	0.00858	0.00561	0.00571
5	0.00757	0.00505	0.00568	0.00568	0.00568	0.00505	0.00316	0.00757	0.00757	0.01010	0.01641	0.03408	0.01893	0.81698	0.02651	0.00505	0.00505	0.00757	0.00316	0.00316
6	0.01229	0.01405	0.03073	0.02195	0.02722	0.01317	0.76558	0.01668	0.01229	0.01668	0.01054	0.01405	0.00790	0.00439	0.00615	0.00176	0.00878	0.00615	0.00263	0.00702
7	0.19461	0.00911	0.01117	0.00877	0.01263	0.00848	0.00724	0.02330	0.01366	0.63040	0.01780	0.01581	0.01140	0.00611	0.00482	0.00161	0.00435	0.00474	0.00578	0.00820
8	0.00633	0.00458	0.00599	0.00712	0.00752	0.00424	0.00478	0.00727	0.01010	0.01335	0.03031	0.76253	0.08446	0.01611	0.00661	0.00209	0.00300	0.01455	0.00483	0.00424
9	0.00983	0.00926	0.01562	0.80447	0.03587	0.01157	0.01446	0.01331	0.01041	0.01331	0.00926	0.01388	0.00694	0.00521	0.00521	0.00174	0.00694	0.00463	0.00231	0.00579
10	0.00615	0.00528	0.00528	0.00528	0.00703	0.00440	0.00396	0.00747	0.01187	0.01407	0.05276	0.05012	0.78238	0.01319	0.00615	0.00176	0.00264	0.01099	0.00484	0.00440
11	0.02296	0.00877	0.01196	0.00920	0.01315	0.00758	0.00758	0.02499	0.01490	0.76870	0.03980	0.01826	0.01381	0.00655	0.00526	0.00161	0.00438	0.00534	0.00643	0.00876
12	0.00737	0.00532	0.00696	0.00655	0.00778	0.00491	0.00491	0.00983	0.01474	0.02088	0.78175	0.03890	0.04914	0.01065	0.00614	0.00164	0.00246	0.00942	0.00573	0.00491
13	0.01945	0.02482	0.01476	0.01342	0.01610	0.79608	0.01006	0.02079	0.01476	0.01275	0.00805	0.00939	0.00671	0.00537	0.00470	0.00134	0.00939	0.00335	0.00268	0.00604
14	0.06078	0.77492	0.02619	0.00880	0.01318	0.02011	0.00873	0.01558	0.01049	0.01287	0.00724	0.00836	0.00662	0.00448	0.00333	0.00114	0.00548	0.00279	0.00228	0.00662
15	0.01045	0.02694	0.79000	0.01484	0.02254	0.01209	0.01924	0.01649	0.01099	0.01649	0.00935	0.01099	0.00660	0.00495	0.00495	0.00165	0.00770	0.00385	0.00220	0.00770
16	0.00634	0.00453	0.00604	0.00725	0.00755	0.00423	0.00483	0.00725	0.00997	0.01329	0.02870	0.81358	0.03444	0.01632	0.00665	0.00211	0.00302	0.01480	0.00483	0.00423
17	0.08544	0.01247	0.01980	0.14217	0.44247	0.05498	0.11830	0.01571	0.01160	0.01667	0.01039	0.01339	0.02368	0.00492	0.00513	0.00160	0.00657	0.00475	0.00265	0.00728
18	0.01403	0.01093	0.01183	0.01028	0.01331	0.01225	0.00809	0.12897	0.54473	0.07434	0.07968	0.02049	0.03299	0.00731	0.00537	0.00172	0.00421	0.00606	0.00539	0.00803
19	0.00640	0.00463	0.00606	0.00709	0.00754	0.00428	0.00479	0.00744	0.01040	0.01384	0.08040	0.71918	0.07716	0.01576	0.00659	0.00206	0.00296	0.01423	0.00489	0.00428
20	0.01156	0.05094	0.56260	0.05612	0.04829	0.01226	0.10826	0.01680	0.01135	0.05927	0.01005	0.01186	0.00718	0.00495	0.00507	0.00164	0.00748	0.00423	0.00251	0.00756
21	0.01482	0.46046	0.04028	0.01162	0.04355	0.12183	0.05177	0.08163	0.03629	0.02963	0.03414	0.01100	0.00879	0.00520	0.00453	0.00133	0.02966	0.00372	0.00287	0.00689
22	0.01973	0.01183	0.01362	0.01062	0.01447	0.01234	0.00871	0.42074	0.06814	0.28480	0.06719	0.01646	0.01335	0.00666	0.00529	0.00160	0.00497	0.00526	0.00566	0.00856
23	0.00629	0.00475	0.00582	0.00668	0.00740	0.00428	0.00458	0.00732	0.01052	0.01352	0.03566	0.59280	0.25073	0.01541	0.00650	0.00201	0.00291	0.01370	0.00483	0.00428
24	0.05372	0.00915	0.01138	0.07766	0.01349	0.05138	0.00835	0.03706	0.00993	0.03840	0.01112	0.01529	0.00975	0.01917	0.31693	0.00427	0.17180	0.00466	0.02758	0.10891
25	0.01999	0.12291	0.01617	0.01073	0.01487	0.01247	0.04726	0.24350	0.04938	0.38511	0.01584	0.01477	0.01071	0.00603	0.00502	0.00154	0.00518	0.00481	0.00525	0.00844
26	0.01473	0.00731	0.00830	0.00704	0.00941	0.00722	0.00559	0.12525	0.01393	0.22159	0.01726	0.01797	0.01258	0.00619	0.00428	0.00137	0.00343	0.00493	0.50512	0.00648
27	0.00802	0.00557	0.00619	0.00600	0.00645	0.00556	0.00366	0.04642	0.00898	0.01178	0.02062	0.03469	0.11196	0.66263	0.03709	0.00453	0.00495	0.00781	0.00346	0.00363
28	0.03279	0.46843	0.24864	0.02575	0.01669	0.03513	0.01207	0.07893	0.01192	0.01550	0.00835	0.00960	0.00682	0.00479	0.00403	0.00134	0.00628	0.00330	0.00250	0.00711
