[name]
unknown

[dist]
# distance from previous block
# <min> <max>
3	745

[block]
# block no. 0 follows, 47 sequences, length 6
# corresponding to MSA columns:
# 768-773
name=unknown_A
#
# <colnr> <probs for GDERKNQSTAVLIFYWHMCP>
#	G	D	E	R	K	N	Q	S	T	A	V	L	I	F	Y	W	H	M	C	P
0	0.22494	0.01092	0.04575	0.15044	0.03801	0.05356	0.04015	0.03168	0.07431	0.05078	0.05316	0.09985	0.01295	0.00664	0.00479	0.00161	0.00511	0.00546	0.00359	0.08629
1	0.01128	0.03575	0.01033	0.05274	0.01187	0.11513	0.02554	0.08026	0.03591	0.04798	0.07367	0.22048	0.08673	0.08476	0.00839	0.05027	0.00485	0.00821	0.03054	0.00532
2	0.01130	0.01052	0.01563	0.28180	0.23255	0.04363	0.04322	0.05126	0.05443	0.01657	0.09792	0.01893	0.04365	0.04895	0.00648	0.00183	0.00593	0.00565	0.00324	0.00652
3	0.04617	0.00819	0.01056	0.05195	0.03313	0.00834	0.03046	0.09018	0.04413	0.09466	0.16112	0.12477	0.11706	0.02368	0.00662	0.00179	0.04504	0.04054	0.00462	0.05700
4	0.01007	0.00724	0.00931	0.08329	0.01235	0.00660	0.00650	0.04443	0.01202	0.07275	0.15480	0.19961	0.06106	0.00953	0.00618	0.04689	0.00381	0.00771	0.00426	0.24158
5	0.04789	0.01059	0.01579	0.15385	0.07910	0.03528	0.13858	0.07769	0.05268	0.10168	0.03516	0.07128	0.01225	0.04824	0.00745	0.03309	0.03604	0.00585	0.00363	0.03388

[dist]
# distance from previous block
# <min> <max>
18	57

[block]
# block no. 1 follows, 47 sequences, length 49
# corresponding to MSA columns:
# 831-849,852-881
name=unknown_B
#
# <colnr> <probs for GDERKNQSTAVLIFYWHMCP>
#	G	D	E	R	K	N	Q	S	T	A	V	L	I	F	Y	W	H	M	C	P
0	0.12039	0.03118	0.09618	0.06540	0.14599	0.03680	0.01080	0.04597	0.20149	0.11556	0.01443	0.01545	0.02202	0.00599	0.00512	0.00164	0.01991	0.01713	0.00393	0.02459
1	0.11860	0.12354	0.02741	0.01141	0.05102	0.17666	0.00889	0.06358	0.14682	0.10883	0.03951	0.03178	0.01133	0.00671	0.01706	0.00165	0.03978	0.00458	0.00387	0.00698
2	0.17546	0.14693	0.07101	0.08311	0.04715	0.10704	0.00961	0.07068	0.11352	0.04329	0.01304	0.01439	0.04631	0.00587	0.00451	0.00153	0.00563	0.01702	0.00344	0.02047
3	0.07782	0.10247	0.06780	0.00925	0.01254	0.02758	0.06161	0.05152	0.03924	0.05663	0.16589	0.02395	0.15107	0.02179	0.00567	0.00158	0.01910	0.00629	0.00405	0.09414
4	0.04236	0.30596	0.06701	0.01161	0.05535	0.01366	0.09014	0.01526	0.01103	0.04759	0.02469	0.01118	0.00827	0.00471	0.00461	0.00123	0.03427	0.00369	0.00281	0.24457
5	0.01158	0.01561	0.18140	0.01779	0.02306	0.01201	0.45976	0.02814	0.02758	0.01723	0.06210	0.01487	0.01054	0.00506	0.00591	0.00166	0.02381	0.00559	0.00288	0.07344
6	0.00803	0.00637	0.00908	0.00884	0.00948	0.00766	0.00681	0.00953	0.00849	0.01232	0.01476	0.11357	0.01497	0.08835	0.49929	0.00622	0.14355	0.00663	0.02139	0.00467
7	0.01392	0.82012	0.02729	0.00891	0.01337	0.02061	0.00891	0.01559	0.01058	0.01225	0.00724	0.00835	0.00668	0.00446	0.00334	0.00111	0.00557	0.00278	0.00223	0.00668
8	0.00669	0.00530	0.00601	0.00584	0.00736	0.00462	0.00438	0.00851	0.01313	0.01706	0.37256	0.04520	0.46071	0.01207	0.00615	0.00171	0.00256	0.01030	0.00523	0.00462
9	0.02043	0.00821	0.01114	0.00877	0.01228	0.00715	0.00715	0.02252	0.01488	0.64708	0.16046	0.02162	0.01955	0.00722	0.00540	0.00162	0.00407	0.00601	0.00631	0.00814
10	0.00633	0.00528	0.00552	0.00546	0.00714	0.00447	0.00410	0.00782	0.01229	0.01507	0.15952	0.04847	0.67499	0.01282	0.00615	0.00174	0.00261	0.01076	0.00497	0.00447
11	0.00729	0.00532	0.00685	0.00647	0.00773	0.00488	0.00485	0.00967	0.01455	0.02042	0.73237	0.03966	0.09880	0.01082	0.00614	0.00165	0.00247	0.00952	0.00567	0.00488
12	0.85377	0.01007	0.00765	0.00685	0.01007	0.01168	0.00564	0.01531	0.00886	0.02336	0.00725	0.00846	0.00564	0.00483	0.00322	0.00161	0.00403	0.00282	0.00322	0.00564
13	0.85377	0.01007	0.00765	0.00685	0.01007	0.01168	0.00564	0.01531	0.00886	0.02336	0.00725	0.00846	0.00564	0.00483	0.00322	0.00161	0.00403	0.00282	0.00322	0.00564
14	0.85377	0.01007	0.00765	0.00685	0.01007	0.01168	0.00564	0.01531	0.00886	0.02336	0.00725	0.00846	0.00564	0.00483	0.00322	0.00161	0.00403	0.00282	0.00322	0.00564
15	0.00831	0.00593	0.00830	0.00949	0.01066	0.00592	0.00825	0.01064	0.01191	0.01549	0.02762	0.08975	0.03015	0.01447	0.00717	0.00239	0.00472	0.71927	0.00480	0.00477
16	0.00737	0.00532	0.00696	0.00655	0.00778	0.00491	0.00491	0.00983	0.01474	0.02088	0.78175	0.03890	0.04914	0.01065	0.00614	0.00164	0.00246	0.00942	0.00573	0.00491
17	0.85377	0.01007	0.00765	0.00685	0.01007	0.01168	0.00564	0.01531	0.00886	0.02336	0.00725	0.00846	0.00564	0.00483	0.00322	0.00161	0.00403	0.00282	0.00322	0.00564
18	0.01038	0.00606	0.00814	0.00849	0.01002	0.00567	0.00688	0.01221	0.01197	0.15682	0.02900	0.25256	0.10012	0.01333	0.00659	0.00212	0.00405	0.34512	0.00511	0.00535
19	0.05062	0.00890	0.01194	0.00919	0.01319	0.00779	0.00759	0.02505	0.01471	0.76300	0.02011	0.01742	0.01265	0.00639	0.00517	0.00161	0.00442	0.00516	0.00634	0.00876
20	0.00668	0.00476	0.00622	0.00696	0.00746	0.00445	0.00472	0.00787	0.01088	0.01478	0.20108	0.57269	0.03658	0.07925	0.00812	0.00224	0.00305	0.01298	0.00491	0.00430
21	0.11628	0.00905	0.01158	0.00902	0.01294	0.00822	0.00744	0.02430	0.03107	0.68535	0.01907	0.01672	0.01214	0.00628	0.00501	0.00161	0.00438	0.00498	0.00606	0.00849
22	0.01113	0.00551	0.00580	0.00545	0.00699	0.00547	0.00417	0.03953	0.01171	0.08035	0.01711	0.01904	0.01316	0.00610	0.00382	0.00126	0.00270	0.00488	0.75052	0.00531
23	0.13281	0.01156	0.01283	0.01006	0.01383	0.01215	0.00822	0.36983	0.03332	0.27884	0.01480	0.01486	0.01038	0.04559	0.00599	0.00176	0.00501	0.00478	0.00525	0.00813
24	0.00634	0.00453	0.00604	0.00725	0.00755	0.00423	0.00483	0.00725	0.00997	0.01329	0.02870	0.81358	0.03444	0.01632	0.00665	0.00211	0.00302	0.01480	0.00483	0.00423
25	0.08194	0.01042	0.01268	0.00979	0.01380	0.01013	0.00809	0.21568	0.01694	0.53880	0.01752	0.01572	0.01133	0.00628	0.00509	0.00160	0.00474	0.00492	0.00590	0.00863
26	0.01749	0.01476	0.01423	0.06452	0.01641	0.14025	0.00958	0.44885	0.11662	0.02593	0.01299	0.01347	0.00960	0.00613	0.00503	0.00154	0.00596	0.00463	0.06418	0.00784
27	0.01197	0.00901	0.01174	0.03776	0.09070	0.00950	0.00958	0.18267	0.05793	0.03545	0.02176	0.03909	0.03476	0.01069	0.00631	0.00204	0.00513	0.41289	0.00465	0.00636
28	0.01190	0.00944	0.01179	0.00848	0.01308	0.00728	0.04021	0.01428	0.01120	0.08050	0.01024	0.01151	0.00815	0.00409	0.00407	0.00088	0.00412	0.00340	0.00334	0.74201
29	0.00662	0.00477	0.00634	0.00749	0.00798	0.00448	0.00529	0.00775	0.01033	0.01364	0.02953	0.67763	0.06455	0.01592	0.00670	0.00214	0.00325	0.11644	0.00483	0.00432
30	0.01344	0.01143	0.01205	0.01070	0.01373	0.01318	0.00836	0.08006	0.72191	0.02257	0.02058	0.01894	0.01540	0.00701	0.00529	0.00175	0.00424	0.00580	0.00529	0.00829
31	0.01286	0.01200	0.01980	0.16246	0.60159	0.01251	0.01529	0.06934	0.01252	0.01751	0.00990	0.01303	0.00807	0.00485	0.00517	0.00158	0.00628	0.00464	0.00272	0.00787
32	0.01351	0.07020	0.03759	0.01581	0.06269	0.04426	0.17496	0.06135	0.01116	0.07059	0.00928	0.01228	0.00769	0.00689	0.01071	0.00190	0.37482	0.00478	0.00286	0.00668
33	0.00634	0.00453	0.00604	0.00725	0.00755	0.00423	0.00483	0.00725	0.00997	0.01329	0.02870	0.81358	0.03444	0.01632	0.00665	0.00211	0.00302	0.01480	0.00483	0.00423
34	0.01568	0.01538	0.01605	0.25419	0.12279	0.22335	0.01209	0.22895	0.02817	0.01929	0.01012	0.01225	0.00774	0.00550	0.00507	0.00156	0.00711	0.00433	0.00331	0.00708
35	0.00728	0.00532	0.00683	0.00646	0.00772	0.00487	0.00484	0.00965	0.01453	0.02037	0.72714	0.03974	0.10407	0.01084	0.00614	0.00165	0.00247	0.00954	0.00567	0.00487
36	0.05131	0.00905	0.01202	0.00925	0.01326	0.00800	0.00764	0.04345	0.01494	0.74354	0.01990	0.01728	0.01255	0.00639	0.00517	0.00161	0.00445	0.00514	0.00631	0.00875
37	0.00628	0.00528	0.00546	0.00541	0.00711	0.00445	0.00406	0.00773	0.01218	0.01480	0.13080	0.04892	0.70389	0.01292	0.00615	0.00175	0.00262	0.01082	0.00493	0.00445
38	0.00643	0.00529	0.00565	0.00556	0.00720	0.00451	0.00417	0.00800	0.01251	0.01558	0.21480	0.04762	0.61940	0.01262	0.00615	0.00173	0.00260	0.01064	0.00504	0.00451
39	0.01392	0.82012	0.02729	0.00891	0.01337	0.02061	0.00891	0.01559	0.01058	0.01225	0.00724	0.00835	0.00668	0.00446	0.00334	0.00111	0.00557	0.00278	0.00223	0.00668
40	0.12465	0.04818	0.01482	0.01123	0.01513	0.11163	0.00921	0.52284	0.02026	0.02775	0.01096	0.01138	0.00806	0.00581	0.00477	0.00150	0.00589	0.00415	0.00445	0.03734
41	0.01896	0.02332	0.01596	0.01393	0.01690	0.68473	0.06418	0.07338	0.01527	0.01445	0.00854	0.00995	0.00695	0.00536	0.00484	0.00139	0.00909	0.00365	0.00286	0.00631
42	0.01185	0.00945	0.01162	0.00954	0.06711	0.00738	0.00697	0.01419	0.01117	0.07222	0.01010	0.01144	0.00812	0.00410	0.00405	0.00089	0.00406	0.00335	0.00329	0.72909
43	0.01990	0.00829	0.01103	0.00871	0.01233	0.00710	0.00706	0.02180	0.01401	0.61707	0.02269	0.08216	0.06935	0.00752	0.00532	0.00160	0.00415	0.00625	0.00597	0.06769
44	0.00731	0.06334	0.00797	0.00767	0.00845	0.00589	0.00552	0.00894	0.04177	0.01373	0.02677	0.66960	0.03137	0.01495	0.00639	0.00205	0.00338	0.06562	0.00466	0.00461
45	0.24426	0.01070	0.02763	0.04277	0.14913	0.04242	0.00875	0.07967	0.02577	0.08642	0.05929	0.07621	0.04287	0.00674	0.00476	0.00159	0.00477	0.01542	0.00386	0.06697
46	0.04872	0.01397	0.04622	0.11362	0.05820	0.12149	0.01032	0.30294	0.01707	0.13179	0.01400	0.05617	0.02920	0.00654	0.00515	0.00160	0.00603	0.00516	0.00430	0.00751
47	0.16462	0.01183	0.01467	0.20508	0.17273	0.07816	0.02807	0.06911	0.04513	0.07342	0.01080	0.01332	0.00838	0.00533	0.00476	0.00157	0.00588	0.01729	0.00329	0.06655
48	0.06111	0.08007	0.03071	0.01171	0.08223	0.20765	0.00842	0.01552	0.06581	0.02845	0.03910	0.08186	0.02833	0.08239	0.05262	0.00220	0.03196	0.00545	0.00330	0.08110

[dist]
# distance from previous block
# <min> <max>
0	1

[block]
# block no. 2 follows, 47 sequences, length 83
# corresponding to MSA columns:
# 883-908,911-918,920-968
name=unknown_C
#
# <colnr> <probs for GDERKNQSTAVLIFYWHMCP>
#	G	D	E	R	K	N	Q	S	T	A	V	L	I	F	Y	W	H	M	C	P
0	0.00732	0.00618	0.00745	0.00785	0.04743	0.00576	0.00544	0.00871	0.01091	0.01402	0.03692	0.18849	0.43389	0.03538	0.04334	0.00216	0.04995	0.01004	0.00429	0.07447
1	0.01328	0.15471	0.09795	0.02336	0.46536	0.07504	0.01407	0.01668	0.03889	0.01597	0.00956	0.01181	0.00795	0.00476	0.00475	0.00145	0.00634	0.00414	0.00260	0.03133
2	0.01403	0.01223	0.01909	0.06143	0.58249	0.03381	0.01419	0.05468	0.01271	0.08132	0.01072	0.01310	0.00853	0.00487	0.00508	0.00151	0.00601	0.00457	0.00305	0.05660
3	0.11428	0.21571	0.29323	0.01285	0.06118	0.03915	0.01284	0.12702	0.02438	0.01857	0.00914	0.01047	0.00708	0.00515	0.00474	0.00150	0.02887	0.00367	0.00286	0.00731
4	0.09706	0.35629	0.12780	0.01033	0.01463	0.03135	0.01013	0.11086	0.01259	0.10060	0.01006	0.02655	0.00808	0.00556	0.00498	0.00145	0.05755	0.00381	0.00322	0.00711
5	0.01044	0.00754	0.00922	0.00752	0.01057	0.00622	0.01816	0.02527	0.01225	0.09824	0.13824	0.09268	0.17069	0.00830	0.00516	0.00136	0.00352	0.02005	0.00440	0.35016
6	0.01080	0.00926	0.01080	0.00771	0.01234	0.00694	0.00617	0.01311	0.01080	0.01697	0.00926	0.01080	0.00771	0.00386	0.00386	0.00077	0.00386	0.00309	0.00309	0.84882
7	0.01345	0.73157	0.08985	0.00939	0.01401	0.01951	0.00970	0.01549	0.01055	0.01260	0.00760	0.00891	0.00685	0.00547	0.02580	0.00136	0.00598	0.00295	0.00224	0.00671
8	0.01320	0.01058	0.01277	0.00951	0.01377	0.00955	0.05078	0.20462	0.02776	0.04435	0.01430	0.01503	0.07240	0.00540	0.00459	0.00115	0.00454	0.00444	0.00388	0.47738
9	0.00983	0.00926	0.01562	0.80447	0.03587	0.01157	0.01446	0.01331	0.01041	0.01331	0.00926	0.01388	0.00694	0.00521	0.00521	0.00174	0.00694	0.00463	0.00231	0.00579
10	0.00737	0.00532	0.00696	0.00655	0.00778	0.00491	0.00491	0.00983	0.01474	0.02088	0.78175	0.03890	0.04914	0.01065	0.00614	0.00164	0.00246	0.00942	0.00573	0.00491
11	0.01980	0.01459	0.01563	0.01198	0.01615	0.01615	0.00990	0.76713	0.02448	0.03282	0.01250	0.01250	0.00886	0.00625	0.00521	0.00156	0.00573	0.00469	0.00521	0.00886
12	0.01513	0.01084	0.01194	0.01038	0.01357	0.01203	0.00818	0.04733	0.60947	0.16848	0.02084	0.01892	0.01513	0.00692	0.00528	0.00173	0.00422	0.00573	0.00552	0.00838
13	0.00712	0.00531	0.00662	0.00629	0.00763	0.00481	0.00472	0.00935	0.01416	0.01950	0.63417	0.04117	0.19758	0.01116	0.00614	0.00166	0.00249	0.00974	0.00555	0.00481
14	0.01295	0.01119	0.01178	0.01060	0.01354	0.01295	0.00824	0.02767	0.77509	0.02178	0.02120	0.01943	0.01590	0.00707	0.00530	0.00177	0.00412	0.00589	0.00530	0.00824
15	0.01080	0.00926	0.01080	0.00771	0.01234	0.00694	0.00617	0.01311	0.01080	0.01697	0.00926	0.01080	0.00771	0.00386	0.00386	0.00077	0.00386	0.00309	0.00309	0.84882
16	0.03933	0.00941	0.01228	0.00947	0.01347	0.00856	0.00781	0.08659	0.03256	0.69331	0.01963	0.01715	0.01248	0.00641	0.00520	0.00161	0.00452	0.00516	0.00625	0.00878
17	0.01449	0.01163	0.01241	0.01076	0.01395	0.01324	0.00848	0.14636	0.62240	0.05593	0.01977	0.01824	0.01464	0.00691	0.00528	0.00173	0.00439	0.00567	0.00533	0.00837
18	0.00647	0.00525	0.00576	0.00580	0.00734	0.00454	0.00435	0.00802	0.01228	0.01536	0.18945	0.10349	0.56349	0.01297	0.00622	0.00178	0.00270	0.03521	0.00501	0.00450
19	0.01876	0.01474	0.01548	0.09788	0.01822	0.08000	0.01036	0.60886	0.02196	0.04420	0.01194	0.01250	0.00855	0.00607	0.00517	0.00156	0.00614	0.00458	0.00471	0.00829
20	0.00740	0.00515	0.00623	0.00647	0.00662	0.00523	0.00405	0.00782	0.00843	0.01135	0.03682	0.21570	0.02297	0.54559	0.04544	0.00425	0.02730	0.02596	0.00361	0.00360
21	0.00728	0.00493	0.00577	0.00605	0.00612	0.00486	0.00355	0.00750	0.00814	0.01085	0.01931	0.21799	0.02259	0.62808	0.02182	0.00436	0.00457	0.00928	0.00355	0.00341
22	0.01206	0.01234	0.05136	0.20668	0.54175	0.01222	0.05690	0.01543	0.01152	0.01613	0.00970	0.01310	0.00787	0.00477	0.00521	0.00161	0.00656	0.00469	0.00251	0.00760
23	0.04660	0.64057	0.15084	0.00990	0.01480	0.03642	0.01050	0.01585	0.01068	0.01339	0.00760	0.00881	0.00663	0.00457	0.00363	0.00123	0.00594	0.00297	0.00227	0.00679
24	0.00809	0.00563	0.00663	0.00638	0.00809	0.00496	0.00494	0.00992	0.01305	0.07672	0.28428	0.04472	0.41869	0.01194	0.00617	0.00176	0.00291	0.07492	0.00525	0.00495
25	0.83751	0.02575	0.00803	0.00689	0.01013	0.01186	0.00570	0.01531	0.00890	0.02315	0.00725	0.00846	0.00566	0.00483	0.00323	0.00160	0.00406	0.00282	0.00320	0.00566
26	0.02304	0.00879	0.01198	0.00921	0.01318	0.00760	0.00760	0.02507	0.01490	0.77275	0.03578	0.01815	0.01362	0.00653	0.00526	0.00161	0.00439	0.00532	0.00643	0.00878
27	0.00905	0.00452	0.00678	0.00678	0.00678	0.00452	0.00452	0.00678	0.00678	0.00905	0.00905	0.01583	0.00905	0.01809	0.02035	0.84848	0.00452	0.00452	0.00226	0.00226
28	0.01247	0.05688	0.30052	0.03433	0.26358	0.01311	0.14713	0.07836	0.01258	0.01778	0.00985	0.01217	0.00754	0.00484	0.00517	0.00160	0.00713	0.00453	0.00265	0.00777
29	0.00986	0.00840	0.01031	0.00957	0.01070	0.04895	0.00744	0.05540	0.07290	0.01398	0.01330	0.01937	0.01235	0.11070	0.44029	0.00576	0.13688	0.00549	0.00309	0.00527
30	0.00702	0.00529	0.00649	0.00623	0.00758	0.00476	0.00466	0.00914	0.01387	0.01889	0.57021	0.05944	0.24442	0.01145	0.00616	0.00168	0.00252	0.00996	0.00547	0.00476
31	0.01126	0.01850	0.32763	0.01878	0.05884	0.01220	0.39464	0.01604	0.01163	0.01643	0.01106	0.05805	0.00891	0.00530	0.00566	0.00172	0.00791	0.00566	0.00258	0.00719
32	0.01323	0.01485	0.10891	0.05945	0.04648	0.01292	0.50880	0.07899	0.01314	0.06223	0.01101	0.01372	0.00807	0.00484	0.00597	0.00172	0.01977	0.00558	0.00300	0.00731
33	0.01472	0.01352	0.02037	0.01576	0.01879	0.09867	0.28025	0.06492	0.01230	0.12418	0.01074	0.01329	0.00832	0.00714	0.02706	0.00199	0.25281	0.00512	0.00323	0.00683
34	0.01003	0.00922	0.01520	0.73643	0.03387	0.01138	0.01398	0.03431	0.01090	0.01398	0.01040	0.01643	0.00832	0.00576	0.00532	0.00177	0.00678	0.04755	0.00254	0.00581
35	0.01203	0.01238	0.01556	0.01331	0.01380	0.07997	0.01098	0.01325	0.00870	0.01281	0.00708	0.01119	0.00688	0.00850	0.01530	0.00211	0.69512	0.00437	0.00236	0.05431
36	0.02257	0.02544	0.01238	0.00934	0.01331	0.00822	0.00771	0.02531	0.05862	0.72822	0.02031	0.01763	0.01294	0.00644	0.00520	0.00161	0.00444	0.00522	0.00629	0.00878
37	0.00811	0.00615	0.00817	0.00758	0.00899	0.00623	0.00562	0.00960	0.00864	0.01253	0.01366	0.02197	0.01346	0.22381	0.45546	0.00610	0.00983	0.00559	0.00294	0.16555
38	0.00757	0.00505	0.00568	0.00568	0.00568	0.00505	0.00316	0.00757	0.00757	0.01010	0.01641	0.03408	0.01893	0.81698	0.02651	0.00505	0.00505	0.00757	0.00316	0.00316
39	0.09848	0.64270	0.03569	0.00982	0.03816	0.05470	0.00904	0.03625	0.01103	0.01416	0.00753	0.00871	0.00669	0.00460	0.00352	0.00121	0.00565	0.00294	0.00244	0.00667
40	0.01372	0.01173	0.01962	0.02565	0.53194	0.01164	0.08292	0.01775	0.07550	0.10107	0.04731	0.01525	0.01122	0.00529	0.00531	0.00160	0.00589	0.00517	0.00337	0.00805
41	0.00839	0.00599	0.00839	0.00959	0.01079	0.00599	0.00839	0.01079	0.01199	0.01558	0.02757	0.05874	0.02997	0.01439	0.00719	0.00240	0.00480	0.74945	0.00480	0.00480
42	0.01229	0.01405	0.03073	0.02195	0.02722	0.01317	0.76558	0.01668	0.01229	0.01668	0.01054	0.01405	0.00790	0.00439	0.00615	0.00176	0.00878	0.00615	0.00263	0.00702
43	0.00737	0.00532	0.00696	0.00655	0.00778	0.00491	0.00491	0.00983	0.01474	0.02088	0.78175	0.03890	0.04914	0.01065	0.00614	0.00164	0.00246	0.00942	0.00573	0.00491
44	0.00905	0.00452	0.00678	0.00678	0.00678	0.00452	0.00452	0.00678	0.00678	0.00905	0.00905	0.01583	0.00905	0.01809	0.02035	0.84848	0.00452	0.00452	0.00226	0.00226
45	0.01392	0.82012	0.02729	0.00891	0.01337	0.02061	0.00891	0.01559	0.01058	0.01225	0.00724	0.00835	0.00668	0.00446	0.00334	0.00111	0.00557	0.00278	0.00223	0.00668
46	0.00846	0.00632	0.00897	0.00867	0.00987	0.00731	0.00679	0.07199	0.00970	0.01380	0.01383	0.01980	0.01267	0.03634	0.73090	0.00781	0.01327	0.00551	0.00299	0.00500
47	0.01421	0.01217	0.05695	0.01084	0.01425	0.01272	0.00896	0.08513	0.60900	0.08574	0.01977	0.01826	0.01456	0.00683	0.00527	0.00173	0.00448	0.00562	0.00521	0.00831
48	0.85377	0.01007	0.00765	0.00685	0.01007	0.01168	0.00564	0.01531	0.00886	0.02336	0.00725	0.00846	0.00564	0.00483	0.00322	0.00161	0.00403	0.00282	0.00322	0.00564
49	0.00719	0.00556	0.00828	0.00849	0.00928	0.00527	0.06779	0.02469	0.01036	0.01384	0.02624	0.69152	0.03092	0.05453	0.00755	0.00222	0.00366	0.01351	0.00458	0.00451
50	0.83600	0.01017	0.00782	0.00696	0.01020	0.01178	0.00573	0.03133	0.00920	0.02357	0.00736	0.00855	0.00571	0.00486	0.00327	0.00161	0.00406	0.00286	0.00327	0.00571
51	0.00746	0.00550	0.00798	0.00798	0.00878	0.00630	0.00602	0.00905	0.00825	0.01180	0.01431	0.02243	0.01388	0.15170	0.68487	0.00789	0.01266	0.00587	0.00284	0.00443
52	0.01352	0.01047	0.01141	0.01013	0.01304	0.01176	0.00791	0.02597	0.63676	0.09775	0.08405	0.02087	0.01835	0.00730	0.00536	0.00174	0.00401	0.00612	0.00545	0.00803
53	0.01034	0.00977	0.01653	0.67671	0.15967	0.01170	0.01471	0.01375	0.01065	0.01392	0.00935	0.01372	0.00716	0.00511	0.00520	0.00170	0.00682	0.00463	0.00236	0.00619
54	0.00744	0.00558	0.00837	0.00837	0.00930	0.00651	0.00651	0.00930	0.00837	0.01209	0.01395	0.02046	0.01302	0.03906	0.79635	0.00837	0.01395	0.00558	0.00279	0.00465
55	0.01762	0.05783	0.01615	0.01325	0.01612	0.48358	0.04826	0.11899	0.07382	0.01626	0.00963	0.01095	0.00777	0.00587	0.00598	0.00150	0.08267	0.00395	0.00316	0.00663
56	0.02325	0.00905	0.01220	0.00935	0.01339	0.00793	0.00773	0.04922	0.01521	0.76383	0.02029	0.01756	0.01276	0.00644	0.00524	0.00161	0.00447	0.00522	0.00641	0.00886
57	0.01202	0.05742	0.01658	0.51504	0.09527	0.05369	0.01328	0.04200	0.01131	0.05346	0.00961	0.01318	0.00739	0.00555	0.00605	0.00169	0.07298	0.00448	0.00266	0.00633
58	0.01392	0.82012	0.02729	0.00891	0.01337	0.02061	0.00891	0.01559	0.01058	0.01225	0.00724	0.00835	0.00668	0.00446	0.00334	0.00111	0.00557	0.00278	0.00223	0.00668
59	0.00837	0.00556	0.00717	0.00663	0.00810	0.00506	0.00502	0.01070	0.01451	0.07329	0.66722	0.03839	0.10896	0.01057	0.00608	0.00165	0.00261	0.00926	0.00571	0.00514
60	0.30784	0.22135	0.03057	0.00981	0.01301	0.21882	0.00837	0.01673	0.01095	0.02999	0.00786	0.00931	0.00656	0.00527	0.00484	0.00146	0.07110	0.00319	0.01688	0.00610
61	0.01481	0.01257	0.05809	0.04553	0.44234	0.03328	0.07721	0.01808	0.02749	0.17726	0.01340	0.01497	0.03021	0.00533	0.00526	0.00159	0.00609	0.00501	0.00348	0.00801
62	0.01250	0.34866	0.35372	0.01195	0.01759	0.01561	0.02864	0.07781	0.01182	0.01586	0.00904	0.01065	0.00722	0.00681	0.04994	0.00181	0.00705	0.00363	0.00250	0.00719
63	0.00857	0.00657	0.00762	0.00723	0.00851	0.04076	0.00537	0.02745	0.02292	0.03353	0.34293	0.03239	0.11183	0.11745	0.18543	0.00356	0.00582	0.00790	0.01932	0.00485
64	0.00634	0.00453	0.00604	0.00725	0.00755	0.00423	0.00483	0.00725	0.00997	0.01329	0.02870	0.81358	0.03444	0.01632	0.00665	0.00211	0.00302	0.01480	0.00483	0.00423
65	0.85377	0.01007	0.00765	0.00685	0.01007	0.01168	0.00564	0.01531	0.00886	0.02336	0.00725	0.00846	0.00564	0.00483	0.00322	0.00161	0.00403	0.00282	0.00322	0.00564
66	0.00960	0.00547	0.00615	0.00596	0.00705	0.00595	0.00459	0.01186	0.01040	0.01805	0.01582	0.01886	0.01277	0.00989	0.09061	0.00208	0.07027	0.00491	0.68479	0.00490
67	0.00737	0.00532	0.00696	0.00655	0.00778	0.00491	0.00491	0.00983	0.01474	0.02088	0.78175	0.03890	0.04914	0.01065	0.00614	0.00164	0.00246	0.00942	0.00573	0.00491
68	0.00862	0.00560	0.00736	0.00676	0.00821	0.00513	0.00513	0.01104	0.01475	0.08066	0.72244	0.03725	0.04631	0.01032	0.00607	0.00164	0.00261	0.00909	0.00579	0.00522
69	0.01045	0.02694	0.79000	0.01484	0.02254	0.01209	0.01924	0.01649	0.01099	0.01649	0.00935	0.01099	0.00660	0.00495	0.00495	0.00165	0.00770	0.00385	0.00220	0.00770
70	0.01945	0.02482	0.01476	0.01342	0.01610	0.79608	0.01006	0.02079	0.01476	0.01275	0.00805	0.00939	0.00671	0.00537	0.00470	0.00134	0.00939	0.00335	0.00268	0.00604
71	0.01284	0.01257	0.02000	0.09430	0.66184	0.05185	0.01534	0.01586	0.01189	0.01645	0.01016	0.01408	0.00867	0.00500	0.00519	0.00158	0.00637	0.02554	0.00262	0.00784
72	0.00729	0.00528	0.00688	0.00656	0.00775	0.00487	0.00489	0.00964	0.01444	0.02035	0.72729	0.07842	0.06477	0.01099	0.00617	0.00166	0.00249	0.00973	0.00567	0.00487
73	0.00634	0.00453	0.00604	0.00725	0.00755	0.00423	0.00483	0.00725	0.00997	0.01329	0.02870	0.81358	0.03444	0.01632	0.00665	0.00211	0.00302	0.01480	0.00483	0.00423
74	0.00995	0.00892	0.01426	0.01190	0.01340	0.01015	0.16718	0.01200	0.01009	0.01504	0.01644	0.17783	0.05328	0.00916	0.00937	0.00189	0.27142	0.00735	0.17492	0.00544
75	0.08096	0.05105	0.01551	0.02959	0.09796	0.19823	0.01011	0.29841	0.03236	0.09764	0.01128	0.01197	0.00839	0.00578	0.00518	0.00152	0.02816	0.00422	0.00404	0.00763
76	0.02068	0.01318	0.01476	0.01131	0.01545	0.01406	0.00935	0.58435	0.02212	0.21894	0.01448	0.01379	0.00985	0.00630	0.00522	0.00157	0.00541	0.00482	0.00551	0.00886
77	0.00685	0.00534	0.00813	0.00850	0.00922	0.00499	0.06926	0.00805	0.01017	0.01358	0.02716	0.74587	0.03220	0.01531	0.00660	0.00208	0.00351	0.01407	0.00465	0.00447
78	0.00784	0.00562	0.00770	0.05375	0.00994	0.00581	0.00603	0.00897	0.01008	0.05246	0.02567	0.63062	0.04560	0.02833	0.00769	0.00212	0.06989	0.01268	0.00453	0.00466
79	0.01591	0.01189	0.01349	0.07652	0.01590	0.01311	0.00920	0.52222	0.03513	0.02672	0.01596	0.17265	0.01439	0.00836	0.00554	0.00171	0.00524	0.02357	0.00489	0.00758
80	0.02798	0.00727	0.00965	0.28285	0.01745	0.00813	0.00801	0.05810	0.01171	0.05713	0.01403	0.01678	0.01068	0.00577	0.00435	0.00144	0.00432	0.00474	0.44397	0.00563
81	0.00674	0.00501	0.00623	0.00673	0.00764	0.00459	0.00483	0.00817	0.01156	0.01526	0.20794	0.36944	0.21059	0.04835	0.00730	0.00207	0.00302	0.06515	0.00497	0.00442
82	0.01253	0.01576	0.14836	0.02030	0.08388	0.01307	0.49464	0.07840	0.01292	0.01785	0.01073	0.02917	0.00830	0.00499	0.00605	0.00173	0.02553	0.00568	0.00281	0.00729

[dist]
# distance from previous block
# <min> <max>
2	20

[block]
# block no. 3 follows, 47 sequences, length 23
# corresponding to MSA columns:
# 989-1011
name=unknown_D
#
# <colnr> <probs for GDERKNQSTAVLIFYWHMCP>
#	G	D	E	R	K	N	Q	S	T	A	V	L	I	F	Y	W	H	M	C	P
0	0.14141	0.60503	0.11251	0.00928	0.01393	0.01826	0.00961	0.01565	0.01037	0.01443	0.00749	0.00868	0.00651	0.00457	0.00351	0.00125	0.00558	0.00291	0.00238	0.00664
1	0.00973	0.00750	0.00772	0.00734	0.00845	0.05795	0.00506	0.09698	0.01143	0.03311	0.04643	0.16903	0.12217	0.35197	0.03959	0.00336	0.00492	0.00863	0.00403	0.00460
2	0.03868	0.01457	0.15067	0.04221	0.08608	0.01200	0.34678	0.01704	0.06187	0.06374	0.05800	0.01518	0.01089	0.00541	0.00605	0.00171	0.04045	0.00550	0.00315	0.02000
3	0.01276	0.06276	0.08993	0.02262	0.41444	0.04752	0.04318	0.03244	0.07166	0.01682	0.01117	0.01494	0.00950	0.00565	0.00590	0.00161	0.05863	0.04136	0.00290	0.03422
4	0.01153	0.00945	0.01132	0.05133	0.08244	0.01032	0.00828	0.07495	0.34746	0.03206	0.06110	0.07703	0.08860	0.05756	0.00688	0.00198	0.00438	0.05175	0.00470	0.00687
5	0.00643	0.00527	0.00559	0.00552	0.00711	0.00452	0.00409	0.00789	0.01219	0.01510	0.17935	0.04746	0.62071	0.04725	0.00703	0.00188	0.00271	0.01057	0.00492	0.00443
6	0.00818	0.00595	0.00812	0.00793	0.00879	0.00690	0.00612	0.00993	0.00894	0.01350	0.01589	0.03822	0.04534	0.07136	0.48064	0.00585	0.08779	0.00588	0.16000	0.00469
7	0.01210	0.01061	0.01165	0.00863	0.01294	0.04722	0.00692	0.08466	0.01218	0.01808	0.00941	0.01091	0.00774	0.00436	0.00454	0.00093	0.03573	0.00331	0.00323	0.69484
8	0.01950	0.01081	0.01278	0.01014	0.01376	0.01100	0.00821	0.29692	0.09129	0.36359	0.01793	0.05985	0.01310	0.03867	0.00614	0.00177	0.00483	0.00571	0.00566	0.00833
9	0.01065	0.01014	0.01709	0.55587	0.16710	0.01176	0.05968	0.01474	0.05695	0.01470	0.01099	0.01475	0.02267	0.00532	0.00528	0.00171	0.00667	0.00492	0.00261	0.00642
10	0.00653	0.00472	0.00618	0.00702	0.00757	0.00437	0.00481	0.00774	0.01095	0.01475	0.17022	0.63144	0.07419	0.01510	0.00653	0.00201	0.00290	0.01361	0.00500	0.00437
11	0.01437	0.06589	0.01500	0.01258	0.06107	0.11706	0.05459	0.14334	0.26623	0.03693	0.10526	0.01799	0.02762	0.00680	0.00560	0.00162	0.03078	0.00553	0.00438	0.00736
12	0.07033	0.01367	0.01472	0.01137	0.01544	0.01497	0.00938	0.63267	0.03776	0.10754	0.01317	0.01292	0.00921	0.00620	0.00509	0.00157	0.00547	0.00465	0.00522	0.00865
13	0.00776	0.00565	0.00756	0.00840	0.00957	0.00546	0.00699	0.00986	0.01212	0.01587	0.13314	0.13891	0.12406	0.01395	0.00686	0.00219	0.00402	0.47801	0.00493	0.00470
14	0.02662	0.06803	0.01460	0.01191	0.05234	0.03316	0.05422	0.14377	0.30705	0.12827	0.01846	0.06536	0.03879	0.00707	0.00525	0.00166	0.00493	0.00594	0.00479	0.00778
15	0.00776	0.00543	0.00666	0.00706	0.00762	0.00537	0.00477	0.03344	0.03977	0.01343	0.05045	0.36033	0.05417	0.26477	0.01363	0.05835	0.00395	0.05469	0.00420	0.00414
16	0.04182	0.01149	0.01498	0.03060	0.01573	0.08459	0.15329	0.03875	0.01157	0.01648	0.01143	0.10050	0.01051	0.00597	0.00559	0.00134	0.05660	0.00518	0.00316	0.38044
17	0.01473	0.01217	0.06416	0.03569	0.01548	0.01110	0.03854	0.24682	0.10247	0.09270	0.01371	0.05465	0.01076	0.00597	0.00491	0.00140	0.00501	0.00492	0.00429	0.26052
18	0.03370	0.01295	0.01538	0.05445	0.18988	0.07077	0.01068	0.28314	0.01608	0.02197	0.01178	0.01423	0.02509	0.00587	0.00553	0.00148	0.04384	0.02771	0.00372	0.15177
19	0.03646	0.01349	0.06406	0.01097	0.01453	0.03341	0.00927	0.45500	0.09202	0.04543	0.01532	0.03423	0.04205	0.07282	0.02027	0.00201	0.02088	0.00541	0.00465	0.00770
20	0.06558	0.01124	0.01384	0.07260	0.07218	0.01191	0.03622	0.31946	0.05456	0.04908	0.06414	0.06294	0.01406	0.00704	0.00525	0.00161	0.00515	0.04591	0.00443	0.08281
21	0.01516	0.01262	0.02841	0.01233	0.01616	0.02648	0.12528	0.39259	0.04328	0.02481	0.05706	0.06331	0.01317	0.00757	0.02554	0.00174	0.00588	0.02366	0.00442	0.10052
22	0.06499	0.03746	0.06344	0.01188	0.07636	0.03940	0.00921	0.09712	0.27658	0.10877	0.07442	0.03099	0.03798	0.00721	0.00523	0.00168	0.00480	0.04032	0.00467	0.00748

[dist]
# distance from previous block
# <min> <max>
0	38

[block]
# block no. 4 follows, 47 sequences, length 94
# corresponding to MSA columns:
# 1050-1127,1130-1144,1151
name=unknown_E
#
# <colnr> <probs for GDERKNQSTAVLIFYWHMCP>
#	G	D	E	R	K	N	Q	S	T	A	V	L	I	F	Y	W	H	M	C	P
0	0.07777	0.04970	0.03967	0.04057	0.01440	0.02372	0.04390	0.12025	0.04735	0.12444	0.02838	0.08473	0.02599	0.00808	0.00711	0.00178	0.12864	0.07915	0.00409	0.05029
1	0.01209	0.03578	0.01678	0.23180	0.05843	0.07986	0.12386	0.07255	0.02534	0.01603	0.01123	0.06931	0.00974	0.00675	0.01841	0.00174	0.08723	0.00530	0.03215	0.08563
2	0.52191	0.06166	0.01231	0.03104	0.01340	0.01304	0.05368	0.16663	0.01263	0.05820	0.00916	0.01017	0.00685	0.00515	0.00395	0.00158	0.00486	0.00356	0.00364	0.00658
3	0.03022	0.12860	0.01736	0.15843	0.01916	0.16085	0.05338	0.16045	0.01408	0.07624	0.01015	0.01202	0.00785	0.00587	0.00628	0.00158	0.10395	0.00424	0.02250	0.00682
4	0.09905	0.00671	0.00802	0.05660	0.01050	0.00703	0.00604	0.10365	0.01143	0.01643	0.02185	0.48164	0.03729	0.04748	0.00771	0.05487	0.00388	0.01061	0.00432	0.00489
5	0.01980	0.00836	0.01114	0.00883	0.01228	0.00747	0.00718	0.03731	0.04086	0.59646	0.16970	0.02183	0.02002	0.00729	0.00542	0.00162	0.00406	0.00607	0.00624	0.00807
6	0.01307	0.01338	0.06822	0.06919	0.59279	0.01265	0.06238	0.07315	0.01272	0.01797	0.00999	0.01287	0.00810	0.00480	0.00521	0.00158	0.00645	0.00469	0.00274	0.00806
7	0.00655	0.00469	0.00623	0.00711	0.00760	0.00437	0.00485	0.00777	0.01092	0.01481	0.17926	0.65870	0.03738	0.01518	0.00655	0.00202	0.00291	0.01373	0.00501	0.00437
8	0.08393	0.23548	0.35758	0.01263	0.01791	0.01434	0.06542	0.01550	0.01062	0.01560	0.00963	0.01328	0.00810	0.00567	0.00552	0.00160	0.06764	0.05018	0.00249	0.00687
9	0.00634	0.00453	0.00604	0.00725	0.00755	0.00423	0.00483	0.00725	0.00997	0.01329	0.02870	0.81358	0.03444	0.01632	0.00665	0.00211	0.00302	0.01480	0.00483	0.00423
10	0.01834	0.08592	0.08765	0.01198	0.01634	0.07780	0.01058	0.53357	0.03933	0.05020	0.01186	0.01208	0.00858	0.00593	0.00499	0.00152	0.00611	0.00439	0.00451	0.00832
11	0.06735	0.55377	0.02241	0.00972	0.01366	0.15702	0.00884	0.01758	0.06953	0.02612	0.00866	0.00954	0.00742	0.00487	0.00375	0.00124	0.00602	0.00316	0.00267	0.00666
12	0.81197	0.03068	0.00826	0.00696	0.01023	0.01181	0.00577	0.01556	0.00905	0.04186	0.00758	0.00868	0.00584	0.00486	0.00328	0.00160	0.00408	0.00288	0.00328	0.00575
13	0.03791	0.03051	0.01799	0.14037	0.14106	0.23282	0.10633	0.13225	0.04662	0.01772	0.00998	0.01217	0.00783	0.00543	0.00557	0.00158	0.03936	0.00444	0.00309	0.00698
14	0.03263	0.01418	0.01390	0.02286	0.01503	0.11333	0.00924	0.42357	0.15490	0.02555	0.01420	0.06332	0.01135	0.00699	0.00567	0.00163	0.03864	0.00533	0.01987	0.00779
15	0.00655	0.00483	0.00615	0.00696	0.00766	0.00443	0.00488	0.00779	0.01098	0.01449	0.12645	0.55227	0.15914	0.01499	0.00653	0.00201	0.00298	0.05157	0.00494	0.00437
16	0.07238	0.00645	0.00910	0.10659	0.01242	0.00757	0.00723	0.01033	0.00887	0.01346	0.03581	0.01978	0.01297	0.07188	0.53358	0.00632	0.02937	0.00543	0.02563	0.00482
17	0.02198	0.00986	0.01255	0.00976	0.01371	0.00929	0.00802	0.12887	0.08097	0.61767	0.01948	0.01714	0.01259	0.00647	0.00524	0.00162	0.00459	0.00522	0.00618	0.00881
18	0.01228	0.01175	0.02003	0.18641	0.63482	0.01221	0.01568	0.01545	0.01157	0.01627	0.00969	0.01309	0.00799	0.00475	0.00517	0.00158	0.00634	0.00464	0.00253	0.00776
19	0.00634	0.00453	0.00604	0.00725	0.00755	0.00423	0.00483	0.00725	0.00997	0.01329	0.02870	0.81358	0.03444	0.01632	0.00665	0.00211	0.00302	0.01480	0.00483	0.00423
20	0.00737	0.00532	0.00696	0.00655	0.00778	0.00491	0.00491	0.00983	0.01474	0.02088	0.78175	0.03890	0.04914	0.01065	0.00614	0.00164	0.00246	0.00942	0.00573	0.00491
21	0.00731	0.00532	0.00688	0.00649	0.00774	0.00489	0.00487	0.00971	0.01460	0.02055	0.74641	0.03944	0.08468	0.01077	0.00614	0.00164	0.00247	0.00949	0.00569	0.00489
22	0.85377	0.01007	0.00765	0.00685	0.01007	0.01168	0.00564	0.01531	0.00886	0.02336	0.00725	0.00846	0.00564	0.00483	0.00322	0.00161	0.00403	0.00282	0.00322	0.00564
23	0.02322	0.00909	0.01223	0.00937	0.01341	0.00800	0.00774	0.05516	0.01529	0.75778	0.02022	0.01752	0.01273	0.00644	0.00524	0.00161	0.00448	0.00521	0.00640	0.00886
24	0.01392	0.82012	0.02729	0.00891	0.01337	0.02061	0.00891	0.01559	0.01058	0.01225	0.00724	0.00835	0.00668	0.00446	0.00334	0.00111	0.00557	0.00278	0.00223	0.00668
25	0.85377	0.01007	0.00765	0.00685	0.01007	0.01168	0.00564	0.01531	0.00886	0.02336	0.00725	0.00846	0.00564	0.00483	0.00322	0.00161	0.00403	0.00282	0.00322	0.00564
26	0.39438	0.01193	0.01149	0.00930	0.01298	0.03191	0.00765	0.29789	0.01577	0.14396	0.01127	0.01141	0.00798	0.00562	0.00431	0.00159	0.00486	0.00390	0.00445	0.00735
27	0.01219	0.01166	0.01987	0.20945	0.61249	0.01219	0.01563	0.01537	0.01153	0.01616	0.00967	0.01312	0.00795	0.00477	0.00517	0.00159	0.00636	0.00464	0.00252	0.00768
28	0.01980	0.01459	0.01563	0.01198	0.01615	0.01615	0.00990	0.76713	0.02448	0.03282	0.01250	0.01250	0.00886	0.00625	0.00521	0.00156	0.00573	0.00469	0.00521	0.00886
29	0.01275	0.01170	0.01601	0.43950	0.02677	0.09945	0.07095	0.07121	0.01215	0.06265	0.01031	0.01363	0.00782	0.00629	0.02059	0.00182	0.07341	0.00467	0.03207	0.00627
30	0.00737	0.00532	0.00696	0.00655	0.00778	0.00491	0.00491	0.00983	0.01474	0.02088	0.78175	0.03890	0.04914	0.01065	0.00614	0.00164	0.00246	0.00942	0.00573	0.00491
31	0.00991	0.00933	0.01576	0.78532	0.05442	0.01159	0.01450	0.01337	0.01045	0.01340	0.00927	0.01386	0.00697	0.00519	0.00521	0.00173	0.00692	0.00463	0.00232	0.00585
32	0.01246	0.07236	0.52054	0.01522	0.03888	0.01281	0.11306	0.07419	0.01242	0.06487	0.01031	0.01179	0.00737	0.00503	0.00504	0.00162	0.00732	0.00424	0.00276	0.00772
33	0.00744	0.00555	0.00704	0.00806	0.02740	0.00534	0.00560	0.00968	0.06962	0.02641	0.03107	0.53668	0.14495	0.01451	0.00646	0.00204	0.00331	0.07921	0.00484	0.00479
34	0.02294	0.00925	0.01229	0.00946	0.01347	0.00827	0.00780	0.06996	0.03101	0.72710	0.02008	0.01745	0.01271	0.00645	0.00524	0.00161	0.00450	0.00522	0.00635	0.00885
35	0.78082	0.01000	0.00834	0.07580	0.01230	0.01167	0.00640	0.01513	0.00900	0.02250	0.00742	0.00893	0.00575	0.00487	0.00339	0.00162	0.00428	0.00298	0.00314	0.00565
36	0.00670	0.00505	0.00565	0.00596	0.00681	0.00460	0.00400	0.00753	0.01006	0.01265	0.03500	0.22049	0.34853	0.27173	0.01282	0.00291	0.00355	0.02769	0.00430	0.00397
37	0.01240	0.01338	0.06936	0.13327	0.48546	0.03163	0.12645	0.01616	0.03066	0.01644	0.01004	0.01315	0.00807	0.00478	0.00529	0.00161	0.00679	0.00481	0.00260	0.00764
38	0.01314	0.01121	0.01181	0.01053	0.01351	0.01290	0.00822	0.06751	0.71348	0.02218	0.02157	0.01988	0.03622	0.00719	0.00532	0.00175	0.00417	0.00596	0.00528	0.00817
39	0.01245	0.01065	0.01206	0.10859	0.01598	0.01231	0.00883	0.05755	0.58902	0.02116	0.07728	0.01992	0.01701	0.00707	0.00535	0.00174	0.00442	0.00595	0.00496	0.00771
40	0.85377	0.01007	0.00765	0.00685	0.01007	0.01168	0.00564	0.01531	0.00886	0.02336	0.00725	0.00846	0.00564	0.00483	0.00322	0.00161	0.00403	0.00282	0.00322	0.00564
41	0.00907	0.00466	0.00705	0.03058	0.00765	0.00473	0.00482	0.00698	0.00689	0.00917	0.00905	0.01577	0.00898	0.01771	0.01990	0.82323	0.00459	0.00453	0.00226	0.00237
42	0.01664	0.07041	0.06539	0.01691	0.15142	0.43009	0.06907	0.07304	0.01415	0.01544	0.00902	0.01084	0.00735	0.00584	0.02103	0.00157	0.00827	0.00393	0.00279	0.00682
43	0.00744	0.00558	0.00837	0.00837	0.00930	0.00651	0.00651	0.00930	0.00837	0.01209	0.01395	0.02046	0.01302	0.03906	0.79635	0.00837	0.01395	0.00558	0.00279	0.00465
44	0.08118	0.01370	0.01450	0.03174	0.06267	0.06268	0.00951	0.48324	0.01941	0.02684	0.01121	0.01206	0.00836	0.00655	0.02622	0.00164	0.00587	0.00428	0.00434	0.11401
45	0.01229	0.01405	0.03073	0.02195	0.02722	0.01317	0.76558	0.01668	0.01229	0.01668	0.01054	0.01405	0.00790	0.00439	0.00615	0.00176	0.00878	0.00615	0.00263	0.00702
46	0.01805	0.03346	0.01546	0.07312	0.01737	0.38022	0.01043	0.28300	0.01721	0.01985	0.00960	0.01098	0.00749	0.00597	0.00595	0.00153	0.07580	0.00401	0.00350	0.00700
47	0.10954	0.00899	0.01163	0.00901	0.01296	0.00807	0.00745	0.02433	0.01428	0.70875	0.01917	0.01676	0.01214	0.00628	0.00503	0.00161	0.00439	0.00499	0.00611	0.00853
48	0.00662	0.00519	0.00599	0.00601	0.00738	0.00456	0.00442	0.00830	0.01265	0.01643	0.31356	0.15183	0.41308	0.01270	0.00622	0.00176	0.00263	0.01095	0.00516	0.00456
49	0.00625	0.00528	0.00540	0.00537	0.00709	0.00444	0.00403	0.00765	0.01209	0.01459	0.10830	0.04926	0.72652	0.01300	0.00615	0.00175	0.00262	0.01087	0.00490	0.00444
50	0.01075	0.00516	0.00540	0.00519	0.00662	0.00507	0.00395	0.01314	0.01122	0.07798	0.01726	0.01929	0.01331	0.00610	0.00376	0.00124	0.00258	0.00488	0.78193	0.00516
51	0.01295	0.01119	0.01178	0.01060	0.01354	0.01295	0.00824	0.02767	0.77509	0.02178	0.02120	0.01943	0.01590	0.00707	0.00530	0.00177	0.00412	0.00589	0.00530	0.00824
52	0.00737	0.00532	0.00696	0.00655	0.00778	0.00491	0.00491	0.00983	0.01474	0.02088	0.78175	0.03890	0.04914	0.01065	0.00614	0.00164	0.00246	0.00942	0.00573	0.00491
53	0.01028	0.02220	0.58475	0.11279	0.05385	0.01152	0.03592	0.01557	0.01128	0.01646	0.06823	0.01363	0.00998	0.00539	0.00511	0.00166	0.00717	0.00446	0.00251	0.00725
54	0.01101	0.01063	0.01452	0.01256	0.01293	0.01436	0.01035	0.01335	0.06726	0.01427	0.10382	0.01541	0.01276	0.00915	0.01484	0.00216	0.64663	0.00526	0.00294	0.00579
55	0.06739	0.10566	0.06111	0.01015	0.02913	0.03808	0.00855	0.09611	0.20703	0.16062	0.05398	0.01742	0.05013	0.00647	0.00485	0.00154	0.00475	0.00511	0.01875	0.05318
56	0.01126	0.00914	0.05031	0.07031	0.02557	0.00872	0.03748	0.08511	0.11773	0.08371	0.30049	0.04848	0.02672	0.01046	0.05506	0.00213	0.00490	0.04123	0.00482	0.00636
57	0.01154	0.04069	0.63148	0.01418	0.02082	0.06034	0.01723	0.01667	0.01114	0.03985	0.00941	0.01107	0.00685	0.00524	0.00563	0.00163	0.05741	0.00386	0.00239	0.03257
58	0.01784	0.02214	0.01500	0.01347	0.01561	0.64010	0.01033	0.01914	0.01340	0.01270	0.00781	0.00979	0.00673	0.00612	0.00717	0.00153	0.16895	0.00359	0.00260	0.00597
59	0.01288	0.12130	0.01624	0.08873	0.01577	0.01314	0.06511	0.13622	0.01221	0.06375	0.03461	0.01602	0.01073	0.09377	0.08275	0.00270	0.19949	0.00506	0.00328	0.00626
60	0.01089	0.00698	0.00718	0.00675	0.00855	0.00755	0.00517	0.03049	0.24668	0.02039	0.01820	0.01930	0.01405	0.00638	0.00418	0.00139	0.00301	0.00517	0.57171	0.00597
61	0.02336	0.00886	0.01209	0.00927	0.01329	0.00765	0.00765	0.02538	0.01491	0.78810	0.02055	0.01773	0.01289	0.00645	0.00524	0.00161	0.00443	0.00524	0.00645	0.00886
62	0.00896	0.00456	0.00672	0.00672	0.00672	0.00456	0.00444	0.00683	0.00683	0.00911	0.00950	0.01695	0.00965	0.06713	0.02073	0.79671	0.00456	0.00471	0.00232	0.00232
63	0.01229	0.01405	0.03073	0.02195	0.02722	0.01317	0.76558	0.01668	0.01229	0.01668	0.01054	0.01405	0.00790	0.00439	0.00615	0.00176	0.00878	0.00615	0.00263	0.00702
64	0.00983	0.00926	0.01562	0.80447	0.03587	0.01157	0.01446	0.01331	0.01041	0.01331	0.00926	0.01388	0.00694	0.00521	0.00521	0.00174	0.00694	0.00463	0.00231	0.00579
65	0.00757	0.00505	0.00568	0.00568	0.00568	0.00505	0.00316	0.00757	0.00757	0.01010	0.01641	0.03408	0.01893	0.81698	0.02651	0.00505	0.00505	0.00757	0.00316	0.00316
66	0.00634	0.00453	0.00604	0.00725	0.00755	0.00423	0.00483	0.00725	0.00997	0.01329	0.02870	0.81358	0.03444	0.01632	0.00665	0.00211	0.00302	0.01480	0.00483	0.00423
67	0.01109	0.00925	0.01083	0.00775	0.01236	0.00696	0.00620	0.01339	0.01089	0.03464	0.00951	0.01096	0.00783	0.00392	0.00389	0.00079	0.00387	0.00313	0.00316	0.82957
68	0.01848	0.01469	0.01380	0.01142	0.01494	0.16680	0.00910	0.29278	0.22489	0.15525	0.01537	0.01467	0.01104	0.00633	0.00514	0.00158	0.00579	0.00485	0.00495	0.00814
69	0.85377	0.01007	0.00765	0.00685	0.01007	0.01168	0.00564	0.01531	0.00886	0.02336	0.00725	0.00846	0.00564	0.00483	0.00322	0.00161	0.00403	0.00282	0.00322	0.00564
70	0.01080	0.00926	0.01080	0.00771	0.01234	0.00694	0.00617	0.01311	0.01080	0.01697	0.00926	0.01080	0.00771	0.00386	0.00386	0.00077	0.00386	0.00309	0.00309	0.84882
71	0.00627	0.00514	0.00543	0.00563	0.00704	0.00441	0.00406	0.00744	0.01129	0.01369	0.04646	0.17807	0.60921	0.06306	0.00749	0.00202	0.00285	0.01143	0.00473	0.00429
72	0.02336	0.00886	0.01209	0.00927	0.01329	0.00765	0.00765	0.02538	0.01491	0.78810	0.02055	0.01773	0.01289	0.00645	0.00524	0.00161	0.00443	0.00524	0.00645	0.00886
73	0.00634	0.00453	0.00604	0.00725	0.00755	0.00423	0.00483	0.00725	0.00997	0.01329	0.02870	0.81358	0.03444	0.01632	0.00665	0.00211	0.00302	0.01480	0.00483	0.00423
74	0.00634	0.00453	0.00604	0.00725	0.00755	0.00423	0.00483	0.00725	0.00997	0.01329	0.02870	0.81358	0.03444	0.01632	0.00665	0.00211	0.00302	0.01480	0.00483	0.00423
75	0.01080	0.00926	0.01080	0.00771	0.01234	0.00694	0.00617	0.01311	0.01080	0.01697	0.00926	0.01080	0.00771	0.00386	0.00386	0.00077	0.00386	0.00309	0.00309	0.84882
