[name]
unknown

[dist]
# distance from previous block
# <min> <max>
144	418

[block]
# block no. 0 follows, 43 sequences, length 10
# corresponding to MSA columns:
# 746-755
name=unknown_A
#
# <colnr> <probs for GDERKNQSTAVLIFYWHMCP>
#	G	D	E	R	K	N	Q	S	T	A	V	L	I	F	Y	W	H	M	C	P
0	0.08694	0.01323	0.01426	0.01127	0.01526	0.01432	0.00917	0.45426	0.10949	0.11306	0.03400	0.01574	0.01185	0.02994	0.00601	0.00177	0.00540	0.00519	0.00538	0.04345
1	0.08130	0.01192	0.01427	0.01088	0.01530	0.01168	0.04315	0.25192	0.05276	0.23304	0.01476	0.01450	0.01036	0.00593	0.00510	0.00150	0.00517	0.00472	0.00508	0.20664
2	0.01552	0.01157	0.01306	0.01037	0.01448	0.01143	0.00840	0.22023	0.17682	0.08563	0.01577	0.01789	0.01241	0.00649	0.00518	0.00146	0.00482	0.05238	0.00482	0.31125
3	0.29978	0.01077	0.01105	0.00917	0.01282	0.01126	0.00737	0.12712	0.11000	0.14238	0.01479	0.07601	0.01187	0.00676	0.00475	0.00164	0.00452	0.00517	0.00468	0.12808
4	0.01065	0.00618	0.00736	0.00681	0.00773	0.00584	0.00433	0.01115	0.00953	0.12390	0.01839	0.07363	0.01942	0.60108	0.02239	0.00441	0.00509	0.00784	0.00396	0.05030
5	0.28923	0.01261	0.01285	0.01025	0.01415	0.01378	0.00840	0.37230	0.01835	0.14252	0.01294	0.01368	0.00939	0.03907	0.00579	0.00184	0.00527	0.00455	0.00496	0.00806
6	0.01013	0.00681	0.00794	0.00759	0.00855	0.00694	0.00519	0.06622	0.06020	0.05020	0.07923	0.08830	0.02349	0.47437	0.01911	0.00396	0.00494	0.06771	0.00431	0.00481
7	0.07611	0.01209	0.01292	0.01033	0.01419	0.04758	0.00830	0.25183	0.08215	0.15799	0.05014	0.06233	0.01384	0.00696	0.00523	0.00156	0.00503	0.00553	0.00507	0.17081
8	0.03420	0.01390	0.07713	0.01580	0.17434	0.07384	0.01096	0.10963	0.13302	0.11497	0.01500	0.04049	0.01213	0.06977	0.00715	0.00193	0.00588	0.00544	0.00422	0.08021
9	0.10588	0.01092	0.01216	0.00971	0.01341	0.01103	0.00779	0.22533	0.07770	0.22294	0.01885	0.01947	0.06828	0.06866	0.00699	0.00190	0.00487	0.00558	0.00521	0.10334

[dist]
# distance from previous block
# <min> <max>
39	210

[block]
# block no. 1 follows, 43 sequences, length 6
# corresponding to MSA columns:
# 1003-1008
name=unknown_B
#
# <colnr> <probs for GDERKNQSTAVLIFYWHMCP>
#	G	D	E	R	K	N	Q	S	T	A	V	L	I	F	Y	W	H	M	C	P
0	0.01852	0.01324	0.01459	0.01143	0.01554	0.01408	0.00931	0.45707	0.12812	0.09790	0.05769	0.01624	0.01317	0.00677	0.00545	0.00161	0.00530	0.00531	0.00545	0.10322
1	0.06963	0.01135	0.01424	0.01331	0.10493	0.01153	0.02957	0.16125	0.14052	0.22680	0.03526	0.01794	0.01320	0.05901	0.00687	0.00191	0.00519	0.00548	0.00508	0.06696
2	0.01574	0.01118	0.01417	0.01065	0.01522	0.01015	0.06348	0.12086	0.10430	0.16462	0.01423	0.01449	0.01048	0.00543	0.00495	0.00131	0.00492	0.00455	0.00452	0.40477
3	0.05452	0.00943	0.01098	0.00963	0.01232	0.00973	0.00748	0.16052	0.13933	0.18386	0.10717	0.22754	0.02351	0.01013	0.00598	0.00188	0.00427	0.00865	0.00569	0.00737
4	0.01017	0.00716	0.00804	0.00743	0.00844	0.00735	0.00497	0.14093	0.01228	0.01641	0.07601	0.09927	0.05885	0.49664	0.01964	0.00400	0.00498	0.00849	0.00419	0.00474
5	0.02064	0.01345	0.01501	0.01181	0.01597	0.01446	0.00966	0.45419	0.15470	0.20540	0.01694	0.01591	0.01175	0.00685	0.00556	0.00171	0.00547	0.00535	0.00586	0.00930

[dist]
# distance from previous block
# <min> <max>
80	178

[block]
# block no. 2 follows, 43 sequences, length 12
# corresponding to MSA columns:
# 1235-1246
name=unknown_C
#
# <colnr> <probs for GDERKNQSTAVLIFYWHMCP>
#	G	D	E	R	K	N	Q	S	T	A	V	L	I	F	Y	W	H	M	C	P
0	0.01956	0.01343	0.01499	0.01183	0.01582	0.01455	0.00966	0.46354	0.12588	0.14655	0.01603	0.03567	0.01173	0.00708	0.00596	0.00171	0.03173	0.00546	0.00555	0.04327
1	0.01881	0.01231	0.01388	0.01119	0.01507	0.01302	0.00903	0.31176	0.22126	0.20445	0.01842	0.05234	0.01363	0.00728	0.00557	0.00171	0.00507	0.00587	0.00574	0.05360
2	0.01100	0.00708	0.00876	0.00840	0.01007	0.00691	0.00622	0.09115	0.05038	0.10840	0.20442	0.37214	0.06707	0.01291	0.00651	0.00197	0.00359	0.01139	0.00564	0.00599
3	0.01436	0.00808	0.01001	0.00867	0.01131	0.00779	0.00678	0.01926	0.16256	0.26411	0.30577	0.05201	0.08678	0.00950	0.00606	0.00178	0.00367	0.00813	0.00615	0.00722
4	0.01061	0.00782	0.01264	0.01030	0.01271	0.00718	0.14856	0.01331	0.01447	0.10284	0.43388	0.05050	0.09041	0.05066	0.00755	0.00197	0.00430	0.00900	0.00532	0.00597
5	0.08979	0.01075	0.01294	0.01018	0.01431	0.01048	0.00834	0.13452	0.10433	0.48736	0.01907	0.01716	0.01262	0.00666	0.00535	0.00169	0.00482	0.00527	0.00611	0.03823
6	0.06285	0.01474	0.01570	0.01223	0.01649	0.01632	0.01006	0.62607	0.08885	0.05935	0.01412	0.01391	0.01005	0.00665	0.00544	0.00169	0.00580	0.00502	0.00549	0.00919
7	0.01820	0.01383	0.01487	0.01191	0.01577	0.01537	0.00966	0.51585	0.20366	0.03101	0.07749	0.01739	0.01475	0.00724	0.00564	0.00172	0.00539	0.00571	0.00561	0.00892
8	0.08002	0.01382	0.01587	0.01241	0.01654	0.01505	0.06406	0.47427	0.11915	0.06600	0.01662	0.01645	0.05043	0.00690	0.00552	0.00172	0.00573	0.00550	0.00524	0.00868
9	0.68159	0.01014	0.00848	0.00761	0.01072	0.01163	0.00620	0.04442	0.01050	0.02407	0.06454	0.01260	0.01019	0.00864	0.06777	0.00230	0.00510	0.00384	0.00367	0.00599
10	0.04672	0.01105	0.01198	0.01029	0.01370	0.01182	0.00807	0.06279	0.46572	0.06338	0.04434	0.05099	0.01638	0.00728	0.00536	0.00168	0.00433	0.00602	0.00519	0.15291
11	0.01654	0.01288	0.01363	0.01146	0.01496	0.03167	0.00912	0.26807	0.41013	0.06646	0.06924	0.01927	0.01640	0.00741	0.00565	0.00178	0.00498	0.00599	0.00564	0.00873

[dist]
# distance from previous block
# <min> <max>
0	10

[block]
# block no. 3 follows, 43 sequences, length 157
# corresponding to MSA columns:
# 1257-1369,1372-1393,1443-1461,1475-1477
name=unknown_D
#
# <colnr> <probs for GDERKNQSTAVLIFYWHMCP>
#	G	D	E	R	K	N	Q	S	T	A	V	L	I	F	Y	W	H	M	C	P
0	0.03800	0.01034	0.01222	0.00984	0.01356	0.01008	0.00789	0.13860	0.14471	0.27481	0.09328	0.05431	0.01737	0.00736	0.00545	0.00161	0.00449	0.00606	0.00561	0.14440
1	0.01779	0.00977	0.01190	0.00971	0.01324	0.00945	0.00777	0.08424	0.17296	0.34655	0.12255	0.04511	0.03498	0.00780	0.00565	0.00169	0.00434	0.00650	0.00598	0.08206
2	0.01394	0.00856	0.01103	0.00922	0.01206	0.00820	0.03306	0.05538	0.12321	0.20955	0.32314	0.04586	0.05487	0.00897	0.00598	0.00171	0.00392	0.00776	0.00585	0.05772
3	0.01953	0.01225	0.01402	0.01102	0.01516	0.01260	0.00897	0.31254	0.15521	0.24772	0.03264	0.01665	0.01279	0.00669	0.00543	0.00163	0.00509	0.00531	0.00571	0.09905
4	0.08855	0.01255	0.01934	0.08770	0.02098	0.01283	0.23766	0.12070	0.09968	0.08816	0.01298	0.01461	0.00961	0.00569	0.00593	0.00169	0.03429	0.00525	0.00394	0.11785
5	0.01907	0.01016	0.01234	0.01017	0.01375	0.01019	0.00816	0.06132	0.27005	0.40205	0.10167	0.02161	0.01872	0.00755	0.00569	0.00177	0.00444	0.00625	0.00629	0.00875
6	0.01186	0.00983	0.01152	0.00825	0.01315	0.00740	0.00661	0.01431	0.01161	0.03927	0.01018	0.01169	0.00836	0.00418	0.00414	0.00085	0.00412	0.00335	0.00338	0.81595
7	0.01389	0.01350	0.02231	0.03349	0.75162	0.03276	0.01684	0.01713	0.01269	0.01798	0.01037	0.01361	0.00873	0.00495	0.00547	0.00164	0.00667	0.00490	0.00274	0.00871
8	0.00729	0.00536	0.00701	0.00787	0.00866	0.00485	0.00544	0.00846	0.01078	0.01461	0.02853	0.69508	0.03375	0.01602	0.00682	0.00213	0.00338	0.04612	0.00496	0.08287
9	0.01148	0.00984	0.01148	0.00820	0.01312	0.00738	0.00656	0.01395	0.01148	0.01805	0.00984	0.01148	0.00820	0.00410	0.00410	0.00082	0.00410	0.00328	0.00328	0.83922
10	0.02105	0.01551	0.01662	0.01274	0.01717	0.01717	0.01053	0.75235	0.02604	0.03490	0.01330	0.01330	0.00942	0.00665	0.00554	0.00166	0.00609	0.00499	0.00554	0.00942
11	0.01111	0.02865	0.77667	0.01579	0.02397	0.01286	0.02046	0.01754	0.01169	0.01754	0.00994	0.01169	0.00702	0.00526	0.00526	0.00175	0.00818	0.00409	0.00234	0.00818
12	0.00655	0.00557	0.00565	0.00571	0.00751	0.00467	0.00425	0.00794	0.01253	0.01492	0.05495	0.08698	0.73563	0.01418	0.00657	0.00189	0.00282	0.01187	0.00514	0.00467
13	0.01338	0.01078	0.01148	0.01022	0.01307	0.03840	0.00793	0.02428	0.49373	0.07426	0.18891	0.02454	0.02402	0.00816	0.00576	0.00179	0.00420	0.00687	0.00566	0.03257
14	0.84448	0.01071	0.00814	0.00728	0.01071	0.01242	0.00600	0.01628	0.00943	0.02485	0.00771	0.00900	0.00600	0.00514	0.00343	0.00171	0.00428	0.00300	0.00343	0.00600
15	0.01349	0.01294	0.02210	0.08369	0.72279	0.01310	0.01689	0.01681	0.01251	0.01784	0.01038	0.01378	0.00868	0.00497	0.00549	0.00166	0.00663	0.00493	0.00272	0.00860
16	0.01536	0.01291	0.01306	0.01132	0.01458	0.05264	0.00891	0.18206	0.51051	0.02504	0.03747	0.01905	0.01552	0.00728	0.00551	0.00178	0.00490	0.00589	0.04771	0.00852
17	0.00864	0.00585	0.00763	0.00708	0.00854	0.00536	0.00535	0.01121	0.01561	0.05903	0.71449	0.04054	0.06719	0.01117	0.00649	0.00174	0.00272	0.00984	0.00611	0.00542
18	0.03583	0.02812	0.75387	0.01553	0.02358	0.01285	0.02003	0.01750	0.01163	0.01776	0.00987	0.01161	0.00699	0.00526	0.00521	0.00175	0.00807	0.00406	0.00237	0.00812
19	0.01121	0.02796	0.73916	0.01617	0.02422	0.01292	0.05727	0.01755	0.01176	0.01755	0.01000	0.01186	0.00709	0.00523	0.00533	0.00176	0.00824	0.00422	0.00236	0.00815
20	0.00655	0.00561	0.00561	0.00561	0.00748	0.00468	0.00421	0.00795	0.01262	0.01496	0.05610	0.05330	0.76857	0.01403	0.00655	0.00187	0.00281	0.01169	0.00514	0.00468
21	0.00659	0.00558	0.00569	0.00574	0.00752	0.00468	0.00427	0.00800	0.01260	0.01509	0.07166	0.08724	0.71827	0.01411	0.00657	0.00188	0.00282	0.01183	0.00517	0.00468
22	0.01310	0.01254	0.02138	0.17620	0.63337	0.01300	0.01669	0.01646	0.01232	0.01735	0.01031	0.01391	0.00851	0.00505	0.00549	0.00168	0.00673	0.00493	0.00269	0.00828
23	0.01230	0.28032	0.53545	0.01375	0.02082	0.01578	0.01692	0.01723	0.01155	0.01608	0.00922	0.01079	0.00705	0.00509	0.00471	0.00157	0.00746	0.00373	0.00235	0.00784
24	0.00962	0.00481	0.00722	0.00722	0.00722	0.00481	0.00481	0.00722	0.00722	0.00962	0.00962	0.01684	0.00962	0.01924	0.02165	0.83886	0.00481	0.00481	0.00241	0.00241
25	0.02004	0.02503	0.01540	0.01399	0.01687	0.71092	0.01052	0.02280	0.08563	0.01446	0.00987	0.01099	0.00805	0.00588	0.00505	0.00147	0.00946	0.00382	0.00311	0.00664
26	0.02013	0.01403	0.01420	0.05104	0.01634	0.15638	0.00958	0.14135	0.13158	0.31050	0.03220	0.01654	0.01247	0.00686	0.00603	0.00171	0.04020	0.00523	0.00528	0.00836
27	0.05348	0.02774	0.73759	0.01535	0.02330	0.01284	0.01973	0.01748	0.01158	0.01791	0.00983	0.01156	0.00696	0.00526	0.00517	0.00175	0.00799	0.00404	0.00239	0.00807
28	0.00675	0.00482	0.00643	0.00771	0.00803	0.00450	0.00514	0.00771	0.01060	0.01414	0.03053	0.80175	0.03663	0.01735	0.00707	0.00225	0.00321	0.01574	0.00514	0.00450
29	0.01303	0.01524	0.04900	0.02318	0.02884	0.01398	0.73468	0.01774	0.01304	0.01774	0.01118	0.01487	0.00837	0.00468	0.00651	0.00186	0.00931	0.00648	0.00279	0.00749
30	0.01187	0.17494	0.61706	0.01449	0.02190	0.01459	0.01811	0.01766	0.03023	0.01683	0.00983	0.01139	0.00728	0.00522	0.00495	0.00165	0.00767	0.00393	0.00243	0.00800
31	0.01046	0.00984	0.01661	0.79205	0.03814	0.01230	0.01538	0.01415	0.01107	0.01415	0.00984	0.01477	0.00738	0.00554	0.00554	0.00185	0.00738	0.00492	0.00246	0.00615
32	0.01378	0.01190	0.01252	0.01127	0.01440	0.01378	0.00877	0.02943	0.76081	0.02317	0.02254	0.02066	0.01691	0.00751	0.00564	0.00188	0.00438	0.00626	0.00564	0.00877
33	0.47388	0.01054	0.01066	0.00919	0.03086	0.01114	0.00730	0.05234	0.03051	0.29476	0.01346	0.01312	0.00925	0.00587	0.00439	0.00171	0.00458	0.00413	0.00479	0.00751
34	0.01330	0.01275	0.02175	0.12795	0.68001	0.01305	0.01680	0.01664	0.01242	0.01760	0.01035	0.01384	0.00860	0.00501	0.00549	0.00167	0.00668	0.00493	0.00271	0.00845
35	0.00805	0.00537	0.00604	0.00604	0.00604	0.00537	0.00336	0.00805	0.00805	0.01074	0.01745	0.03624	0.02013	0.80536	0.02819	0.00537	0.00537	0.00805	0.00336	0.00336
36	0.01072	0.01035	0.01821	0.71535	0.03723	0.01247	0.08875	0.01451	0.01127	0.01451	0.00998	0.01478	0.00748	0.00545	0.00564	0.00185	0.00758	0.00508	0.00249	0.00628
37	0.01403	0.01376	0.02217	0.03309	0.73636	0.04836	0.01671	0.01723	0.01275	0.01789	0.01033	0.01354	0.00870	0.00497	0.00546	0.00163	0.00674	0.00487	0.00275	0.00867
38	0.01287	0.01435	0.02940	0.02151	0.02594	0.01462	0.59658	0.01682	0.01211	0.01682	0.01038	0.01435	0.00817	0.00572	0.00896	0.00198	0.17333	0.00618	0.00272	0.00718
39	0.02485	0.00943	0.01285	0.00985	0.01414	0.00814	0.00814	0.02699	0.01585	0.77465	0.02185	0.01885	0.01371	0.00685	0.00557	0.00171	0.00471	0.00557	0.00685	0.00943
40	0.01646	0.01861	0.08534	0.01261	0.01608	0.29901	0.01047	0.04826	0.31803	0.04564	0.01628	0.01617	0.02943	0.00675	0.00556	0.00168	0.02042	0.00507	0.02045	0.00767
41	0.02266	0.01020	0.04745	0.00998	0.01420	0.00843	0.00854	0.05074	0.01601	0.65082	0.08360	0.02022	0.01649	0.00715	0.00564	0.00172	0.00474	0.00585	0.00654	0.00902
42	0.00670	0.00555	0.00587	0.00599	0.00766	0.00473	0.00445	0.00816	0.01265	0.01541	0.10196	0.12290	0.63716	0.01418	0.00661	0.00191	0.00287	0.02533	0.00521	0.00470
43	0.12169	0.01031	0.01275	0.00990	0.01410	0.00974	0.00817	0.11334	0.01632	0.59628	0.01914	0.01701	0.01228	0.00663	0.00531	0.00171	0.00483	0.00519	0.00629	0.00902
44	0.04095	0.12521	0.65641	0.01470	0.02229	0.01397	0.01858	0.01738	0.01156	0.01724	0.00958	0.01125	0.00699	0.00519	0.00498	0.00168	0.00777	0.00391	0.00238	0.00797
45	0.00962	0.00481	0.00722	0.00722	0.00722	0.00481	0.00481	0.00722	0.00722	0.00962	0.00962	0.01684	0.00962	0.01924	0.02165	0.83886	0.00481	0.00481	0.00241	0.00241
46	0.01481	0.80869	0.02902	0.00948	0.01421	0.02191	0.00948	0.01658	0.01125	0.01303	0.00770	0.00888	0.00711	0.00474	0.00355	0.00118	0.00592	0.00296	0.00237	0.00711
47	0.01178	0.01119	0.01900	0.48394	0.33594	0.01265	0.01604	0.01531	0.01170	0.01575	0.01008	0.01434	0.00795	0.00529	0.00552	0.00176	0.00706	0.00493	0.00257	0.00722
48	0.01048	0.00968	0.01630	0.74135	0.05105	0.01198	0.01493	0.01389	0.01093	0.01402	0.00984	0.01484	0.00751	0.00615	0.00627	0.04011	0.00725	0.00492	0.00246	0.00603
49	0.00655	0.00561	0.00561	0.00561	0.00748	0.00468	0.00421	0.00795	0.01262	0.01496	0.05610	0.05330	0.76857	0.01403	0.00655	0.00187	0.00281	0.01169	0.00514	0.00468
50	0.00678	0.00493	0.00641	0.00758	0.00807	0.00456	0.00515	0.00783	0.01085	0.01428	0.03290	0.71278	0.10521	0.01699	0.00703	0.00222	0.00322	0.03354	0.00514	0.00453
51	0.04949	0.01463	0.02862	0.02090	0.02562	0.02674	0.57946	0.05434	0.01305	0.01831	0.01064	0.01418	0.00819	0.00542	0.00774	0.00191	0.10448	0.00605	0.00292	0.00732
52	0.02069	0.02640	0.01569	0.01427	0.01712	0.78313	0.01070	0.02212	0.01569	0.01355	0.00856	0.00999	0.00713	0.00571	0.00499	0.00143	0.00999	0.00357	0.00285	0.00642
53	0.01046	0.00984	0.01661	0.79205	0.03814	0.01230	0.01538	0.01415	0.01107	0.01415	0.00984	0.01477	0.00738	0.00554	0.00554	0.00185	0.00738	0.00492	0.00246	0.00615
54	0.01683	0.51644	0.02397	0.01119	0.01523	0.28674	0.00989	0.01883	0.03150	0.01347	0.00837	0.00956	0.00736	0.00514	0.00411	0.00129	0.00730	0.00325	0.00262	0.00691
55	0.00794	0.00571	0.00712	0.00679	0.00824	0.00515	0.00508	0.01022	0.01482	0.03904	0.56753	0.07626	0.20146	0.01204	0.00653	0.00179	0.00273	0.01051	0.00587	0.00518
56	0.00675	0.00482	0.00643	0.00771	0.00803	0.00450	0.00514	0.00771	0.01060	0.01414	0.03053	0.80175	0.03663	0.01735	0.00707	0.00225	0.00321	0.01574	0.00514	0.00450
57	0.00666	0.00517	0.00607	0.00679	0.00779	0.00458	0.00473	0.00782	0.01149	0.01450	0.04171	0.47461	0.35656	0.01590	0.00684	0.00208	0.00303	0.01397	0.00514	0.00458
58	0.01136	0.01043	0.01717	0.56785	0.17717	0.01227	0.01489	0.02840	0.03790	0.01540	0.01046	0.01484	0.00813	0.00614	0.00627	0.04007	0.00698	0.00497	0.00268	0.00664
59	0.00680	0.00486	0.00648	0.00767	0.00805	0.00454	0.00515	0.00785	0.01086	0.01455	0.06780	0.76331	0.03742	0.01705	0.00704	0.00222	0.00318	0.01545	0.00519	0.00454
60	0.01111	0.02865	0.77667	0.01579	0.02397	0.01286	0.02046	0.01754	0.01169	0.01754	0.00994	0.01169	0.00702	0.00526	0.00526	0.00175	0.00818	0.00409	0.00234	0.00818
61	0.01634	0.00921	0.01070	0.00880	0.01210	0.00878	0.00707	0.15858	0.05322	0.29557	0.03379	0.03149	0.31144	0.00968	0.00595	0.00177	0.00421	0.00791	0.00587	0.00751
62	0.01130	0.06831	0.73865	0.01546	0.02347	0.01332	0.01990	0.01749	0.01167	0.01731	0.00983	0.01155	0.00702	0.00524	0.00517	0.00172	0.00807	0.00403	0.00234	0.00813
63	0.00789	0.00569	0.00747	0.00712	0.00842	0.00528	0.00539	0.01050	0.01554	0.02195	0.73413	0.04233	0.05132	0.01150	0.00658	0.00178	0.00273	0.04309	0.00605	0.00522
64	0.02485	0.00943	0.01285	0.00985	0.01414	0.00814	0.00814	0.02699	0.01585	0.77465	0.02185	0.01885	0.01371	0.00685	0.00557	0.00171	0.00471	0.00557	0.00685	0.00943
65	0.01407	0.01378	0.02170	0.03200	0.69936	0.05272	0.01632	0.01780	0.04517	0.01808	0.01085	0.01382	0.00904	0.00509	0.00546	0.00164	0.00666	0.00492	0.00287	0.00865
66	0.00784	0.00566	0.00740	0.00697	0.00827	0.00523	0.00523	0.01045	0.01568	0.02221	0.76789	0.04137	0.05226	0.01132	0.00653	0.00174	0.00261	0.01002	0.00610	0.00523
67	0.03733	0.00584	0.00743	0.00698	0.00836	0.00548	0.00525	0.01066	0.01546	0.02230	0.74109	0.04023	0.05063	0.01110	0.00642	0.00174	0.00267	0.00977	0.00600	0.00525
68	0.03079	0.04888	0.73881	0.01542	0.02340	0.01309	0.01983	0.01748	0.01163	0.01759	0.00983	0.01156	0.00699	0.00525	0.00517	0.00174	0.00803	0.00404	0.00236	0.00811
69	0.01466	0.01219	0.01291	0.01138	0.01466	0.01399	0.00892	0.09724	0.67848	0.03775	0.02166	0.01994	0.01615	0.00742	0.00563	0.00186	0.00455	0.00613	0.00565	0.00884
70	0.01307	0.01494	0.03268	0.02334	0.02894	0.01401	0.75070	0.01774	0.01307	0.01774	0.01120	0.01494	0.00840	0.00467	0.00654	0.00187	0.00934	0.00654	0.00280	0.00747
71	0.06860	0.04233	0.01422	0.01125	0.01470	0.03190	0.00915	0.16020	0.27151	0.21580	0.01741	0.01662	0.01253	0.00710	0.00655	0.00180	0.07920	0.00533	0.00530	0.00851
72	0.08953	0.01836	0.03509	0.01341	0.03675	0.24328	0.02494	0.40377	0.02028	0.02604	0.01222	0.01289	0.02619	0.00630	0.00523	0.00161	0.00715	0.00456	0.00435	0.00804
73	0.00678	0.00484	0.00645	0.00769	0.00804	0.00452	0.00514	0.00778	0.01074	0.01435	0.05005	0.78161	0.03704	0.01719	0.00705	0.00224	0.00320	0.01559	0.00517	0.00452
74	0.01096	0.02761	0.74205	0.01539	0.02326	0.01252	0.01978	0.01722	0.01187	0.01775	0.04405	0.01303	0.00905	0.00553	0.00532	0.00175	0.00793	0.00436	0.00251	0.00805
75	0.01069	0.01008	0.01703	0.73820	0.09020	0.01237	0.01550	0.01435	0.01118	0.01443	0.00988	0.01469	0.00748	0.00549	0.00553	0.00183	0.00733	0.00492	0.00248	0.00634
76	0.01304	0.01520	0.04892	0.02344	0.04762	0.01396	0.71593	0.01772	0.01303	0.01774	0.01116	0.01484	0.00838	0.00469	0.00648	0.00186	0.00924	0.00644	0.00279	0.00752
77	0.00675	0.00482	0.00643	0.00771	0.00803	0.00450	0.00514	0.00771	0.01060	0.01414	0.03053	0.80175	0.03663	0.01735	0.00707	0.00225	0.00321	0.01574	0.00514	0.00450
78	0.01119	0.04517	0.76083	0.01565	0.02376	0.01305	0.02023	0.01752	0.01168	0.01744	0.00989	0.01163	0.00702	0.00525	0.00523	0.00174	0.00814	0.00407	0.00234	0.00816
79	0.00675	0.00482	0.00643	0.00771	0.00803	0.00450	0.00514	0.00771	0.01060	0.01414	0.03053	0.80175	0.03663	0.01735	0.00707	0.00225	0.00321	0.01574	0.00514	0.00450
80	0.00657	0.00561	0.00565	0.00564	0.00750	0.00469	0.00423	0.00800	0.01269	0.01511	0.07075	0.05305	0.75383	0.01397	0.00655	0.00187	0.00280	0.01165	0.00516	0.00469
81	0.01119	0.04576	0.76026	0.01565	0.02376	0.01306	0.02022	0.01752	0.01168	0.01744	0.00989	0.01163	0.00702	0.00525	0.00522	0.00174	0.00814	0.00407	0.00234	0.00816
82	0.01378	0.01190	0.01252	0.01127	0.01440	0.01378	0.00877	0.02943	0.76081	0.02317	0.02254	0.02066	0.01691	0.00751	0.00564	0.00188	0.00438	0.00626	0.00564	0.00877
83	0.01212	0.01212	0.01696	0.01454	0.01454	0.01696	0.01212	0.01333	0.00848	0.01333	0.00727	0.01212	0.00727	0.00969	0.01818	0.00242	0.79523	0.00485	0.00242	0.00606
84	0.01307	0.01494	0.03268	0.02334	0.02894	0.01401	0.75070	0.01774	0.01307	0.01774	0.01120	0.01494	0.00840	0.00467	0.00654	0.00187	0.00934	0.00654	0.00280	0.00747
85	0.01287	0.06774	0.09197	0.08840	0.10430	0.01420	0.50331	0.01727	0.01262	0.01714	0.01067	0.01413	0.00815	0.00482	0.00604	0.00179	0.00857	0.00580	0.00270	0.00753
86	0.01111	0.02865	0.77667	0.01579	0.02397	0.01286	0.02046	0.01754	0.01169	0.01754	0.00994	0.01169	0.00702	0.00526	0.00526	0.00175	0.00818	0.00409	0.00234	0.00818
87	0.00784	0.00566	0.00740	0.00697	0.00827	0.00523	0.00523	0.01045	0.01568	0.02221	0.76789	0.04137	0.05226	0.01132	0.00653	0.00174	0.00261	0.01002	0.00610	0.00523
88	0.01446	0.73548	0.09919	0.01007	0.01513	0.02106	0.01051	0.01667	0.01129	0.01345	0.00791	0.00915	0.00710	0.00479	0.00371	0.00124	0.00614	0.00307	0.00237	0.00721
89	0.01381	0.01340	0.02222	0.04727	0.74023	0.03084	0.01682	0.01706	0.01265	0.01792	0.01036	0.01364	0.00871	0.00496	0.00547	0.00164	0.00667	0.00490	0.00274	0.00867
90	0.02447	0.01003	0.01323	0.01014	0.01444	0.00904	0.00838	0.09890	0.01686	0.70132	0.02100	0.01830	0.01328	0.00683	0.00557	0.00171	0.00485	0.00551	0.00672	0.00942
91	0.00677	0.00484	0.00645	0.00770	0.00804	0.00451	0.00514	0.00777	0.01070	0.01430	0.04508	0.78674	0.03694	0.01723	0.00706	0.00224	0.00320	0.01563	0.00516	0.00451
92	0.01224	0.01637	0.15256	0.02084	0.02644	0.01305	0.57091	0.01690	0.01265	0.01742	0.01255	0.07778	0.01045	0.00579	0.00637	0.00188	0.00865	0.00688	0.00291	0.00735
93	0.05657	0.01531	0.01626	0.01251	0.01690	0.01697	0.01033	0.72060	0.02532	0.03447	0.01306	0.01311	0.00927	0.00658	0.00545	0.00166	0.00602	0.00490	0.00545	0.00927
94	0.00841	0.00619	0.00820	0.00913	0.01052	0.00598	0.00780	0.01075	0.01291	0.01663	0.08135	0.05940	0.17189	0.01481	0.00737	0.00237	0.00451	0.55158	0.00517	0.00503
95	0.01111	0.02865	0.77667	0.01579	0.02397	0.01286	0.02046	0.01754	0.01169	0.01754	0.00994	0.01169	0.00702	0.00526	0.00526	0.00175	0.00818	0.00409	0.00234	0.00818
96	0.02626	0.10537	0.60764	0.01619	0.04944	0.01386	0.07170	0.01742	0.01174	0.01725	0.00978	0.01167	0.00717	0.00515	0.00516	0.00170	0.00792	0.00417	0.00241	0.00801
97	0.01120	0.04840	0.75773	0.01563	0.02372	0.01309	0.02018	0.01752	0.01168	0.01743	0.00988	0.01162	0.00702	0.00525	0.00522	0.00174	0.00813	0.00406	0.00234	0.00816
98	0.02485	0.00943	0.01285	0.00985	0.01414	0.00814	0.00814	0.02699	0.01585	0.77465	0.02185	0.01885	0.01371	0.00685	0.00557	0.00171	0.00471	0.00557	0.00685	0.00943
99	0.01125	0.05919	0.74739	0.01554	0.02359	0.01322	0.02003	0.01750	0.01168	0.01736	0.00985	0.01158	0.00702	0.00524	0.00519	0.00173	0.00810	0.00405	0.00234	0.00814
100	0.01068	0.00981	0.01641	0.67068	0.06695	0.01195	0.03133	0.01425	0.01118	0.01486	0.01045	0.01510	0.00796	0.00563	0.00567	0.00181	0.02143	0.00498	0.06267	0.00622
101	0.00683	0.00569	0.00598	0.00604	0.00775	0.00491	0.00448	0.00861	0.03055	0.01559	0.10266	0.12193	0.63181	0.01399	0.00657	0.00190	0.00287	0.01182	0.00522	0.00480
102	0.00805	0.00578	0.00814	0.00814	0.00894	0.00652	0.00605	0.00965	0.00885	0.01278	0.01552	0.02469	0.01516	0.19717	0.59231	0.00783	0.01233	0.00633	0.04114	0.00463
103	0.01381	0.01433	0.02338	0.11792	0.46014	0.08152	0.17332	0.01728	0.01280	0.01716	0.01035	0.01376	0.00839	0.00502	0.00567	0.00170	0.00757	0.00515	0.00273	0.00798
104	0.01443	0.71653	0.10031	0.01062	0.03192	0.02086	0.01069	0.01668	0.01133	0.01357	0.00797	0.00926	0.00714	0.00479	0.00376	0.00125	0.00615	0.00311	0.00237	0.00725
105	0.01111	0.02865	0.77667	0.01579	0.02397	0.01286	0.02046	0.01754	0.01169	0.01754	0.00994	0.01169	0.00702	0.00526	0.00526	0.00175	0.00818	0.00409	0.00234	0.00818
106	0.01068	0.00985	0.01643	0.64112	0.03357	0.01212	0.04732	0.01416	0.01103	0.01478	0.01040	0.01507	0.00797	0.00585	0.00630	0.00184	0.06041	0.00501	0.06997	0.00613
107	0.44090	0.00971	0.01008	0.01001	0.07827	0.01013	0.00712	0.01612	0.01156	0.10899	0.11558	0.05520	0.01525	0.00669	0.00453	0.00165	0.00424	0.00510	0.00420	0.08466
108	0.00930	0.00684	0.00865	0.04806	0.01101	0.00696	0.00651	0.12481	0.01363	0.01832	0.11195	0.55084	0.03270	0.01438	0.00669	0.00208	0.00381	0.01285	0.00518	0.00544
109	0.00673	0.00489	0.00635	0.00752	0.00798	0.00451	0.00506	0.00773	0.01079	0.01421	0.03285	0.73365	0.10323	0.01705	0.00702	0.00221	0.00318	0.01538	0.00514	0.00451
110	0.00747	0.00579	0.00831	0.13623	0.01310	0.00603	0.00696	0.00888	0.01064	0.01412	0.02666	0.65669	0.03124	0.01526	0.00705	0.00219	0.02019	0.01375	0.00465	0.00480
111	0.03226	0.39578	0.38652	0.01258	0.01889	0.03752	0.01469	0.01718	0.01154	0.01548	0.00880	0.01026	0.00704	0.00502	0.00441	0.00148	0.00708	0.00352	0.00239	0.00758
112	0.01481	0.80869	0.02902	0.00948	0.01421	0.02191	0.00948	0.01658	0.01125	0.01303	0.00770	0.00888	0.00711	0.00474	0.00355	0.00118	0.00592	0.00296	0.00237	0.00711
113	0.01180	0.11468	0.67156	0.01504	0.02269	0.03671	0.01896	0.01757	0.01176	0.01692	0.00965	0.01133	0.00703	0.00522	0.00507	0.00168	0.00799	0.00395	0.00236	0.00801
114	0.02468	0.00970	0.01302	0.00998	0.01427	0.00855	0.00825	0.05963	0.01631	0.74136	0.02146	0.01860	0.01352	0.00685	0.00557	0.00171	0.00477	0.00554	0.00680	0.00942
115	0.02401	0.00946	0.01273	0.00986	0.01403	0.00834	0.00811	0.02678	0.04990	0.72550	0.03655	0.01938	0.01461	0.00697	0.00559	0.00172	0.00466	0.00569	0.00678	0.00931
116	0.02086	0.01416	0.01555	0.01200	0.01618	0.01534	0.00983	0.61628	0.02372	0.13170	0.01465	0.01526	0.01056	0.04948	0.00676	0.00187	0.00587	0.00523	0.00560	0.00909
117	0.01591	0.01078	0.01221	0.01069	0.01393	0.01172	0.00846	0.02718	0.51671	0.20075	0.05676	0.02306	0.01844	0.00788	0.00575	0.00186	0.00441	0.03900	0.00592	0.00860
118	0.01046	0.00984	0.01661	0.79205	0.03814	0.01230	0.01538	0.01415	0.01107	0.01415	0.00984	0.01477	0.00738	0.00554	0.00554	0.00185	0.00738	0.00492	0.00246	0.00615
119	0.01481	0.80869	0.02902	0.00948	0.01421	0.02191	0.00948	0.01658	0.01125	0.01303	0.00770	0.00888	0.00711	0.00474	0.00355	0.00118	0.00592	0.00296	0.00237	0.00711
120	0.02051	0.01075	0.01348	0.01166	0.05259	0.01061	0.00899	0.13580	0.15157	0.43427	0.02138	0.02093	0.03535	0.00741	0.00569	0.00177	0.00492	0.03727	0.00610	0.00895
121	0.00892	0.00637	0.00892	0.01020	0.01147	0.00637	0.00892	0.01147	0.01275	0.01657	0.02932	0.06247	0.03187	0.01530	0.00765	0.00255	0.00510	0.73354	0.00510	0.00510
122	0.00793	0.00586	0.00850	0.00850	0.00936	0.00671	0.00643	0.00964	0.00878	0.01256	0.01520	0.02377	0.01472	0.14750	0.67865	0.00841	0.01352	0.00623	0.00302	0.00472
123	0.01151	0.09112	0.67852	0.01566	0.02343	0.01365	0.05648	0.01747	0.01173	0.01718	0.00982	0.01163	0.00709	0.00519	0.00519	0.00171	0.00806	0.00412	0.00236	0.00806
124	0.01302	0.01471	0.03174	0.04663	0.06260	0.01392	0.69587	0.01760	0.01299	0.01765	0.01113	0.01488	0.00839	0.00471	0.00646	0.00186	0.00915	0.00642	0.00279	0.00749
125	0.04695	0.01088	0.01360	0.01046	0.01475	0.01037	0.00864	0.19627	0.01805	0.58068	0.01945	0.01728	0.01249	0.00676	0.00550	0.00170	0.00502	0.00536	0.00645	0.00933
126	0.01111	0.02865	0.77667	0.01579	0.02397	0.01286	0.02046	0.01754	0.01169	0.01754	0.00994	0.01169	0.00702	0.00526	0.00526	0.00175	0.00818	0.00409	0.00234	0.00818
127	0.00848	0.00621	0.00711	0.00717	0.00779	0.01764	0.00469	0.02774	0.04803	0.01405	0.08964	0.20094	0.05617	0.41906	0.05786	0.00408	0.00508	0.00970	0.00420	0.00438
128	0.00728	0.00563	0.00659	0.00635	0.00787	0.00499	0.00474	0.00930	0.01416	0.01878	0.43989	0.04644	0.36313	0.03187	0.00707	0.00189	0.00276	0.01070	0.00561	0.00494
129	0.01091	0.02758	0.74201	0.01542	0.02325	0.01249	0.01977	0.01710	0.01164	0.01739	0.01087	0.04725	0.00835	0.00581	0.00534	0.00178	0.00796	0.00462	0.00246	0.00802
130	0.01168	0.01174	0.01668	0.64627	0.05242	0.09067	0.01474	0.01498	0.01142	0.01413	0.00957	0.01409	0.00738	0.00580	0.00627	0.00183	0.05680	0.00478	0.00251	0.00624
131	0.01111	0.02865	0.77667	0.01579	0.02397	0.01286	0.02046	0.01754	0.01169	0.01754	0.00994	0.01169	0.00702	0.00526	0.00526	0.00175	0.00818	0.00409	0.00234	0.00818
132	0.00749	0.00535	0.00726	0.00846	0.00913	0.00513	0.00634	0.00904	0.01154	0.01531	0.06742	0.52994	0.03592	0.01640	0.00723	0.00232	0.00378	0.24204	0.00518	0.00473
133	0.01162	0.02504	0.58101	0.01777	0.02528	0.01316	0.21250	0.01759	0.01206	0.01759	0.01027	0.01255	0.00738	0.00511	0.00560	0.00178	0.00849	0.00474	0.00246	0.00800
134	0.05042	0.01289	0.02291	0.12699	0.08030	0.01470	0.29384	0.01553	0.01094	0.01601	0.00938	0.01354	0.00777	0.00664	0.01036	0.00204	0.29086	0.00542	0.00264	0.00681
135	0.00866	0.00623	0.00858	0.00973	0.01098	0.00615	0.00836	0.01108	0.01276	0.01661	0.06153	0.09854	0.06665	0.01518	0.00752	0.00247	0.00480	0.63397	0.00515	0.00506
136	0.12278	0.01135	0.01201	0.01053	0.01388	0.01271	0.00831	0.02735	0.54623	0.14198	0.02052	0.01887	0.01499	0.00710	0.00534	0.00183	0.00442	0.00573	0.00554	0.00851
137	0.02620	0.02689	0.70906	0.01533	0.02303	0.01249	0.03385	0.01716	0.01188	0.01791	0.04823	0.01321	0.00931	0.00555	0.00532	0.00175	0.00785	0.00442	0.00256	0.00798
138	0.01313	0.01479	0.03180	0.02426	0.09260	0.01393	0.68775	0.01768	0.01303	0.01777	0.01114	0.01483	0.00844	0.00469	0.00645	0.00185	0.00910	0.00640	0.00280	0.00758
139	0.00686	0.00558	0.00607	0.00603	0.00769	0.00479	0.00449	0.00852	0.01323	0.01661	0.22088	0.08835	0.56444	0.01356	0.00657	0.00186	0.00278	0.01150	0.00537	0.00479
140	0.01342	0.01286	0.02196	0.10122	0.70584	0.01308	0.01685	0.01674	0.01247	0.01774	0.01037	0.01380	0.00865	0.00499	0.00549	0.00166	0.00665	0.00493	0.00272	0.00854
141	0.01980	0.05539	0.04942	0.01225	0.01669	0.01626	0.01049	0.59502	0.05379	0.06535	0.01380	0.01381	0.00987	0.00653	0.00537	0.00164	0.00592	0.00493	0.03459	0.00907
142	0.00737	0.00621	0.00646	0.00630	0.00822	0.00559	0.00475	0.01025	0.08319	0.01656	0.13427	0.04887	0.61619	0.01311	0.00646	0.00186	0.00293	0.01099	0.00530	0.00512
143	0.00655	0.00561	0.00561	0.00561	0.00748	0.00468	0.00421	0.00795	0.01262	0.01496	0.05610	0.05330	0.76857	0.01403	0.00655	0.00187	0.00281	0.01169	0.00514	0.00468
144	0.01364	0.04498	0.08790	0.02148	0.05266	0.08920	0.55626	0.01791	0.01310	0.01710	0.01104	0.02789	0.00864	0.00505	0.00615	0.00179	0.00898	0.00604	0.00279	0.00740
145	0.01643	0.01370	0.01354	0.01170	0.01511	0.08617	0.00920	0.15129	0.51410	0.07676	0.01961	0.01828	0.01449	0.00715	0.00555	0.00179	0.00522	0.00574	0.00544	0.00870
146	0.00731	0.00529	0.00679	0.00741	0.00819	0.00494	0.00527	0.00878	0.01203	0.01616	0.21489	0.41163	0.10740	0.08135	0.00871	0.00238	0.00338	0.07823	0.00523	0.00465
147	0.02069	0.02640	0.01569	0.01427	0.01712	0.78313	0.01070	0.02212	0.01569	0.01355	0.00856	0.00999	0.00713	0.00571	0.00499	0.00143	0.00999	0.00357	0.00285	0.00642
148	0.02333	0.01127	0.01392	0.01074	0.01502	0.01095	0.00885	0.23528	0.04786	0.53298	0.01942	0.01733	0.01260	0.00682	0.00556	0.00171	0.00510	0.00543	0.00643	0.00940
149	0.01845	0.01763	0.01488	0.01343	0.04980	0.28496	0.01006	0.21388	0.21206	0.05506	0.01446	0.01459	0.01091	0.00647	0.00531	0.00162	0.00685	0.00485	0.03673	0.00800
150	0.01307	0.01494	0.03268	0.02334	0.02894	0.01401	0.75070	0.01774	0.01307	0.01774	0.01120	0.01494	0.00840	0.00467	0.00654	0.00187	0.00934	0.00654	0.00280	0.00747
151	0.74058	0.01104	0.00904	0.00784	0.01139	0.01261	0.00646	0.07637	0.01106	0.05972	0.00881	0.00979	0.00663	0.00534	0.00370	0.00171	0.00445	0.00328	0.00375	0.00643
152	0.76704	0.01059	0.00859	0.00753	0.01103	0.01202	0.00620	0.01729	0.01003	0.09569	0.00905	0.00993	0.00673	0.00530	0.00363	0.00171	0.00432	0.00324	0.00375	0.00632
153	0.02793	0.22414	0.53997	0.01390	0.02096	0.01533	0.01698	0.05034	0.01219	0.01732	0.00948	0.01101	0.00713	0.00519	0.00481	0.00161	0.00745	0.00383	0.00251	0.00793
154	0.00697	0.00494	0.00647	0.00748	0.00786	0.00464	0.00497	0.00797	0.01077	0.01448	0.09065	0.66293	0.03631	0.09455	0.00911	0.00251	0.00338	0.01451	0.00504	0.00445
155	0.01322	0.47440	0.34943	0.01218	0.01840	0.01803	0.01418	0.01699	0.01144	0.01496	0.00866	0.01009	0.00707	0.00496	0.00429	0.00143	0.00689	0.00345	0.00236	0.00757
156	0.01750	0.00872	0.01107	0.00933	0.01246	0.00827	0.00747	0.03588	0.13395	0.39853	0.16339	0.06196	0.05589	0.00896	0.00596	0.00181	0.00416	0.04050	0.00626	0.00791

[dist]
# distance from previous block
# <min> <max>
0	7

[block]
# block no. 4 follows, 43 sequences, length 41
# corresponding to MSA columns:
# 1489-1529
name=unknown_E
#
# <colnr> <probs for GDERKNQSTAVLIFYWHMCP>
#	G	D	E	R	K	N	Q	S	T	A	V	L	I	F	Y	W	H	M	C	P
0	0.01172	0.00718	0.01020	0.01130	0.05062	0.00696	0.00912	0.01420	0.01320	0.14035	0.02717	0.07069	0.02784	0.01344	0.00719	0.00236	0.00507	0.56016	0.00527	0.00598
1	0.03765	0.01345	0.01378	0.01165	0.01523	0.05167	0.00926	0.23845	0.44226	0.07699	0.01876	0.01759	0.01377	0.00707	0.00552	0.00178	0.00517	0.00563	0.00550	0.00882
2	0.01148	0.00984	0.01148	0.00820	0.01312	0.00738	0.00656	0.01395	0.01148	0.01805	0.00984	0.01148	0.00820	0.00410	0.00410	0.00082	0.00410	0.00328	0.00328	0.83922
3	0.00700	0.00503	0.00633	0.00720	0.00766	0.00470	0.00476	0.00793	0.01063	0.01406	0.06846	0.56420	0.10445	0.14784	0.01051	0.00271	0.00350	0.01379	0.00489	0.00436
4	0.01481	0.80869	0.02902	0.00948	0.01421	0.02191	0.00948	0.01658	0.01125	0.01303	0.00770	0.00888	0.00711	0.00474	0.00355	0.00118	0.00592	0.00296	0.00237	0.00711
5	0.00931	0.00596	0.00779	0.00740	0.00892	0.00545	0.00562	0.01163	0.01483	0.09176	0.54078	0.12025	0.08826	0.01189	0.00655	0.00184	0.00301	0.04726	0.00596	0.00551
6	0.01191	0.00657	0.00866	0.00762	0.00966	0.00591	0.00589	0.01436	0.01560	0.20414	0.56058	0.03636	0.06975	0.01034	0.00630	0.00174	0.00313	0.00900	0.00624	0.00622
7	0.00784	0.00566	0.00740	0.00697	0.00827	0.00523	0.00523	0.01045	0.01568	0.02221	0.76789	0.04137	0.05226	0.01132	0.00653	0.00174	0.00261	0.01002	0.00610	0.00523
8	0.01088	0.01048	0.01817	0.66858	0.07078	0.01264	0.07378	0.01454	0.01121	0.01459	0.00989	0.01464	0.00752	0.00558	0.00605	0.00186	0.03487	0.00505	0.00250	0.00638
9	0.00660	0.00561	0.00568	0.00567	0.00751	0.00470	0.00425	0.00805	0.01275	0.01526	0.08531	0.05281	0.73918	0.01392	0.00655	0.00186	0.00280	0.01162	0.00518	0.00470
10	0.00675	0.00482	0.00643	0.00771	0.00803	0.00450	0.00514	0.00771	0.01060	0.01414	0.03053	0.80175	0.03663	0.01735	0.00707	0.00225	0.00321	0.01574	0.00514	0.00450
11	0.01950	0.18390	0.01838	0.01330	0.01654	0.62987	0.01045	0.02100	0.01480	0.01345	0.00839	0.00977	0.00713	0.00551	0.00470	0.00138	0.00917	0.00345	0.00276	0.00656
12	0.02069	0.02640	0.01569	0.01427	0.01712	0.78313	0.01070	0.02212	0.01569	0.01355	0.00856	0.00999	0.00713	0.00571	0.00499	0.00143	0.00999	0.00357	0.00285	0.00642
13	0.01307	0.01494	0.03268	0.02334	0.02894	0.01401	0.75070	0.01774	0.01307	0.01774	0.01120	0.01494	0.00840	0.00467	0.00654	0.00187	0.00934	0.00654	0.00280	0.00747
14	0.00675	0.00482	0.00643	0.00771	0.00803	0.00450	0.00514	0.00771	0.01060	0.01414	0.03053	0.80175	0.03663	0.01735	0.00707	0.00225	0.00321	0.01574	0.00514	0.00450
15	0.01773	0.01377	0.01609	0.18825	0.02155	0.01564	0.01139	0.49311	0.11700	0.02872	0.01371	0.01457	0.00992	0.00651	0.00555	0.00173	0.00617	0.00514	0.00486	0.00860
16	0.02062	0.01530	0.01638	0.01266	0.01701	0.01697	0.01042	0.70965	0.06944	0.03421	0.01384	0.01373	0.00986	0.00670	0.00555	0.00167	0.00599	0.00506	0.00555	0.00938
17	0.00675	0.00482	0.00643	0.00771	0.00803	0.00450	0.00514	0.00771	0.01060	0.01414	0.03053	0.80175	0.03663	0.01735	0.00707	0.00225	0.00321	0.01574	0.00514	0.00450
18	0.00862	0.00616	0.00856	0.00972	0.01089	0.00610	0.00827	0.01101	0.01273	0.01671	0.08076	0.13803	0.03379	0.01524	0.00751	0.00246	0.00473	0.60849	0.00517	0.00505
19	0.00962	0.00481	0.00722	0.00722	0.00722	0.00481	0.00481	0.00722	0.00722	0.00962	0.00962	0.01684	0.00962	0.01924	0.02165	0.83886	0.00481	0.00481	0.00241	0.00241
20	0.00660	0.00561	0.00568	0.00566	0.00751	0.00470	0.00425	0.00805	0.01274	0.01524	0.08375	0.05284	0.74075	0.01392	0.00655	0.00187	0.00280	0.01162	0.00518	0.00470
21	0.01481	0.80869	0.02902	0.00948	0.01421	0.02191	0.00948	0.01658	0.01125	0.01303	0.00770	0.00888	0.00711	0.00474	0.00355	0.00118	0.00592	0.00296	0.00237	0.00711
22	0.01121	0.05078	0.75545	0.01561	0.02369	0.01312	0.02015	0.01751	0.01168	0.01741	0.00988	0.01161	0.00702	0.00525	0.00521	0.00174	0.00812	0.00406	0.00234	0.00815
23	0.01357	0.01302	0.02224	0.06510	0.74075	0.01312	0.01693	0.01688	0.01255	0.01793	0.01039	0.01375	0.00872	0.00496	0.00549	0.00165	0.00661	0.00493	0.00273	0.00867
24	0.02324	0.00959	0.01270	0.00987	0.01394	0.00861	0.00810	0.06341	0.04124	0.66522	0.06728	0.02001	0.01596	0.00714	0.00563	0.00172	0.00464	0.00584	0.00670	0.00914
25	0.13873	0.02411	0.36626	0.01419	0.01977	0.24508	0.04221	0.05628	0.01335	0.01832	0.00941	0.01098	0.00707	0.00543	0.00497	0.00165	0.00808	0.00391	0.00284	0.00736
26	0.01121	0.04959	0.75660	0.01562	0.02371	0.01311	0.02017	0.01751	0.01168	0.01742	0.00988	0.01162	0.00702	0.00525	0.00522	0.00174	0.00812	0.00406	0.00234	0.00816
27	0.00792	0.00531	0.00608	0.00621	0.00625	0.00528	0.00354	0.00802	0.00832	0.01109	0.01881	0.11600	0.02185	0.72326	0.02599	0.00504	0.00514	0.00886	0.00354	0.00347
28	0.02104	0.01592	0.01659	0.01280	0.01717	0.04586	0.01053	0.72500	0.02565	0.03410	0.01312	0.01317	0.00933	0.00661	0.00552	0.00165	0.00624	0.00493	0.00544	0.00931
29	0.24240	0.01377	0.01352	0.01093	0.01471	0.04658	0.00893	0.44514	0.03579	0.02943	0.03066	0.01336	0.00989	0.00840	0.05092	0.00210	0.00616	0.00460	0.00472	0.00799
30	0.01079	0.01049	0.01864	0.69499	0.03698	0.01252	0.10822	0.01460	0.01133	0.01460	0.01002	0.01479	0.00751	0.00543	0.00566	0.00185	0.00763	0.00513	0.00250	0.00632
31	0.00668	0.00562	0.00581	0.00593	0.00771	0.00476	0.00449	0.00813	0.01256	0.01502	0.05381	0.07978	0.70432	0.01421	0.00662	0.00192	0.00294	0.04986	0.00514	0.00469
32	0.01294	0.01462	0.03128	0.04551	0.02837	0.01413	0.68537	0.01737	0.01274	0.01737	0.01093	0.01477	0.00831	0.00499	0.00719	0.00190	0.05570	0.00639	0.00277	0.00735
33	0.01380	0.01311	0.02084	0.13887	0.55585	0.03246	0.02901	0.05612	0.05171	0.01856	0.01108	0.01412	0.00898	0.00526	0.00551	0.00168	0.00669	0.00500	0.00300	0.00835
34	0.00687	0.00496	0.00640	0.00742	0.00790	0.00460	0.00498	0.00791	0.01092	0.01450	0.07535	0.65910	0.09282	0.05826	0.00811	0.00235	0.00326	0.01469	0.00510	0.00449
35	0.02155	0.00993	0.02744	0.00977	0.01403	0.00840	0.00812	0.06102	0.01540	0.57526	0.01992	0.05770	0.01376	0.00696	0.00543	0.00161	0.00469	0.00571	0.00610	0.12720
36	0.01931	0.05920	0.01662	0.03028	0.07229	0.24026	0.01070	0.30950	0.05974	0.08203	0.01305	0.02730	0.01011	0.00651	0.00534	0.00161	0.00702	0.01659	0.00441	0.00811
37	0.01427	0.05761	0.07524	0.11232	0.02581	0.12380	0.38681	0.06149	0.03598	0.01753	0.01077	0.01369	0.00823	0.00529	0.00615	0.00176	0.02755	0.00543	0.00295	0.00731
38	0.65966	0.01215	0.03354	0.00914	0.01296	0.01319	0.04542	0.12111	0.01204	0.02569	0.00875	0.01000	0.00664	0.00533	0.00394	0.00172	0.00492	0.00350	0.00366	0.00663
39	0.04553	0.01281	0.01425	0.01116	0.01536	0.03549	0.00912	0.33013	0.09973	0.28978	0.01675	0.01568	0.01147	0.00658	0.00539	0.00164	0.00536	0.00512	0.00572	0.06293
40	0.05918	0.01019	0.01298	0.01036	0.01416	0.00984	0.03380	0.09958	0.11279	0.43344	0.06198	0.06020	0.01633	0.00748	0.00560	0.00174	0.00474	0.00623	0.00602	0.03337

[dist]
# distance from previous block
# <min> <max>
1	4

[block]
# block no. 5 follows, 43 sequences, length 9
# corresponding to MSA columns:
# 1534-1542
name=unknown_F
#
# <colnr> <probs for GDERKNQSTAVLIFYWHMCP>
#	G	D	E	R	K	N	Q	S	T	A	V	L	I	F	Y	W	H	M	C	P
0	0.20377	0.20817	0.31231	0.01156	0.01689	0.06236	0.01268	0.01658	0.01136	0.01783	0.02917	0.05490	0.00960	0.00596	0.00455	0.00162	0.00645	0.00434	0.00288	0.00704
1	0.01081	0.00866	0.01161	0.01043	0.01230	0.00917	0.05667	0.13387	0.04534	0.01878	0.06822	0.27853	0.04726	0.03025	0.08690	0.00277	0.06913	0.05244	0.00457	0.04228
2	0.09120	0.00884	0.01045	0.07224	0.01386	0.00948	0.00819	0.06282	0.17518	0.07250	0.12405	0.05549	0.08510	0.01016	0.00611	0.00198	0.00451	0.17612	0.00513	0.00659
3	0.39597	0.04060	0.01043	0.00841	0.01170	0.01106	0.00690	0.07051	0.05966	0.15257	0.09257	0.01954	0.06124	0.00719	0.00474	0.00174	0.00432	0.02929	0.00470	0.00686
4	0.01451	0.01175	0.01418	0.04079	0.01596	0.01124	0.04589	0.26242	0.04315	0.02347	0.01290	0.06521	0.01079	0.00604	0.00502	0.00133	0.00511	0.00502	0.00419	0.40106
5	0.13547	0.01114	0.01742	0.40911	0.29154	0.01262	0.01456	0.01547	0.01137	0.01712	0.00973	0.01354	0.00767	0.00527	0.00520	0.00176	0.00664	0.00464	0.00270	0.00705
6	0.00886	0.00727	0.00809	0.00828	0.00885	0.05783	0.00585	0.00978	0.01000	0.01295	0.02215	0.23157	0.05582	0.31021	0.08482	0.00397	0.06202	0.08332	0.00394	0.00442
7	0.01010	0.00606	0.00952	0.07302	0.08742	0.00626	0.00690	0.00877	0.00807	0.01085	0.00972	0.01635	0.00935	0.01668	0.01871	0.68638	0.00520	0.00483	0.00244	0.00335
8	0.16122	0.00746	0.00891	0.00992	0.03973	0.00780	0.00754	0.03611	0.04366	0.01824	0.02424	0.28308	0.02643	0.01309	0.00646	0.00221	0.00441	0.28925	0.00475	0.00551

[dist]
# distance from previous block
# <min> <max>
0	2

# created by:
