[name]
unknown

[dist]
# distance from previous block
# <min> <max>
5	127

[block]
# block no. 0 follows, 46 sequences, length 49
# corresponding to MSA columns:
# 135-183
name=unknown_A
#
# <colnr> <probs for GDERKNQSTAVLIFYWHMCP>
#	G	D	E	R	K	N	Q	S	T	A	V	L	I	F	Y	W	H	M	C	P
0	0.01205	0.01078	0.02986	0.17442	0.04206	0.02404	0.00968	0.07655	0.23494	0.01855	0.04597	0.01641	0.02253	0.00688	0.00651	0.04706	0.04444	0.00502	0.00381	0.16843
1	0.01611	0.01089	0.01199	0.04320	0.01408	0.04108	0.00817	0.14607	0.30040	0.19336	0.05161	0.01885	0.01489	0.03076	0.00586	0.00175	0.00467	0.00560	0.07281	0.00784
2	0.02901	0.01403	0.12929	0.07509	0.04563	0.01154	0.28862	0.07697	0.02762	0.09764	0.03384	0.03734	0.01042	0.00551	0.00549	0.00163	0.00678	0.00549	0.00346	0.09458
3	0.01216	0.01154	0.01927	0.02775	0.62631	0.01150	0.03529	0.01547	0.03365	0.01721	0.04616	0.01763	0.07246	0.00651	0.02295	0.00176	0.00602	0.00553	0.00302	0.00780
4	0.00938	0.00510	0.00608	0.00642	0.00745	0.00486	0.00459	0.01109	0.01096	0.07840	0.02308	0.38836	0.02350	0.01104	0.00525	0.00169	0.00291	0.00967	0.38522	0.00496
5	0.01505	0.01227	0.01348	0.07483	0.01639	0.01404	0.00940	0.25472	0.47912	0.02489	0.01781	0.01709	0.01319	0.00676	0.00534	0.00173	0.00492	0.00550	0.00511	0.00836
6	0.00929	0.00726	0.00838	0.00834	0.00988	0.00764	0.00610	0.01544	0.28326	0.03055	0.12274	0.34473	0.07686	0.03578	0.00674	0.00202	0.00345	0.01047	0.00517	0.00590
7	0.72505	0.01000	0.00862	0.07100	0.01244	0.01151	0.00652	0.01587	0.00949	0.06383	0.00842	0.00973	0.00636	0.00505	0.00355	0.00164	0.00432	0.00318	0.01753	0.00590
8	0.00985	0.00493	0.00493	0.00493	0.00616	0.00493	0.00370	0.01232	0.01109	0.01971	0.01725	0.01971	0.01355	0.00616	0.00370	0.00123	0.00246	0.00493	0.84356	0.00493
9	0.01131	0.07648	0.09391	0.03432	0.01501	0.00929	0.03992	0.03502	0.01138	0.01699	0.01008	0.03902	0.00859	0.00466	0.00427	0.00105	0.00479	0.00383	0.00305	0.57703
10	0.00926	0.04321	0.00852	0.00765	0.03066	0.02298	0.00563	0.01182	0.05740	0.07865	0.25041	0.10571	0.32586	0.01120	0.00597	0.00173	0.00327	0.00954	0.00510	0.00544
11	0.00640	0.00476	0.00597	0.00693	0.00755	0.00433	0.00472	0.00741	0.01054	0.01366	0.03438	0.64772	0.19462	0.01588	0.00664	0.00207	0.00298	0.01420	0.00491	0.00433
12	0.01428	0.79624	0.02736	0.00917	0.01364	0.04153	0.00908	0.01597	0.01085	0.01245	0.00737	0.00851	0.00678	0.00455	0.00343	0.00114	0.00576	0.00284	0.00227	0.00677
13	0.08589	0.03262	0.01523	0.43175	0.06711	0.01145	0.02711	0.06218	0.01243	0.17164	0.02533	0.01456	0.00911	0.00560	0.00510	0.00169	0.00608	0.00473	0.00353	0.00685
14	0.00981	0.00550	0.00655	0.00654	0.00751	0.00540	0.00457	0.03304	0.01056	0.07729	0.01996	0.23553	0.02008	0.17746	0.03281	0.04804	0.00389	0.00825	0.28251	0.00470
15	0.00654	0.00468	0.00616	0.00723	0.00761	0.00436	0.00484	0.00753	0.01038	0.01388	0.07455	0.72539	0.05082	0.03981	0.00730	0.00220	0.00309	0.01440	0.00491	0.00431
16	0.20705	0.02557	0.01375	0.28092	0.02132	0.09637	0.01051	0.13718	0.01316	0.07461	0.01006	0.01226	0.00755	0.00619	0.01698	0.00177	0.05060	0.00417	0.00338	0.00659
17	0.85155	0.01022	0.00777	0.00695	0.01022	0.01186	0.00573	0.01554	0.00900	0.02372	0.00736	0.00859	0.00573	0.00491	0.00327	0.00164	0.00409	0.00286	0.00327	0.00573
18	0.83275	0.01020	0.00787	0.00701	0.01030	0.01177	0.00577	0.01577	0.00914	0.04101	0.00767	0.00880	0.00589	0.00494	0.00332	0.00164	0.00410	0.00292	0.00335	0.00580
19	0.00678	0.00522	0.00606	0.00614	0.00737	0.00465	0.00441	0.00831	0.01231	0.01603	0.27560	0.17610	0.36338	0.07418	0.00790	0.00206	0.00287	0.01105	0.00507	0.00450
20	0.01160	0.00961	0.01180	0.10525	0.01564	0.00803	0.00750	0.04477	0.01161	0.04023	0.00987	0.01163	0.00794	0.00426	0.00418	0.00096	0.00439	0.00346	0.00323	0.68403
21	0.01159	0.00634	0.00687	0.00633	0.00817	0.00636	0.00487	0.01566	0.11390	0.10065	0.05465	0.02098	0.03224	0.00667	0.00427	0.00137	0.00294	0.00543	0.56919	0.02151
22	0.18262	0.12481	0.01535	0.14166	0.04132	0.23807	0.00981	0.04028	0.01252	0.11166	0.00983	0.01126	0.00753	0.00543	0.00480	0.00152	0.02790	0.00378	0.00324	0.00660
23	0.01824	0.04792	0.01725	0.01277	0.01674	0.01592	0.07043	0.59417	0.03833	0.02921	0.01266	0.03528	0.00960	0.00658	0.00598	0.00164	0.04897	0.00511	0.00478	0.00843
24	0.00669	0.00525	0.00605	0.00611	0.00748	0.00461	0.00448	0.00834	0.01271	0.01645	0.29045	0.17019	0.41626	0.01305	0.00632	0.00180	0.00268	0.01125	0.00521	0.00461
25	0.01298	0.01121	0.01179	0.01063	0.01359	0.01294	0.00826	0.02759	0.75326	0.02192	0.02229	0.02048	0.03464	0.00732	0.00540	0.00179	0.00415	0.00610	0.00537	0.00827
26	0.01060	0.02735	0.78682	0.01507	0.02288	0.01228	0.01953	0.01674	0.01116	0.01674	0.00949	0.01116	0.00670	0.00502	0.00502	0.00167	0.00781	0.00391	0.00223	0.00781
27	0.00696	0.00559	0.00617	0.00662	0.00759	0.02720	0.00461	0.00812	0.01123	0.01424	0.10925	0.37577	0.30151	0.08025	0.00812	0.00219	0.00323	0.01217	0.00479	0.00439
28	0.01098	0.00649	0.00816	0.00727	0.00915	0.00612	0.00559	0.02899	0.05546	0.15174	0.50010	0.03287	0.05828	0.02065	0.00610	0.00168	0.00303	0.00819	0.07327	0.00589
29	0.44804	0.00992	0.01014	0.00829	0.01196	0.01030	0.00684	0.05797	0.01248	0.35642	0.01352	0.01290	0.00910	0.00569	0.00427	0.00163	0.00436	0.00403	0.00480	0.00732
30	0.01060	0.02735	0.78682	0.01507	0.02288	0.01228	0.01953	0.01674	0.01116	0.01674	0.00949	0.01116	0.00670	0.00502	0.00502	0.00167	0.00781	0.00391	0.00223	0.00781
31	0.02029	0.01449	0.01567	0.01201	0.01624	0.01593	0.00993	0.72386	0.02433	0.07380	0.01313	0.01298	0.00921	0.00636	0.00529	0.00159	0.00575	0.00479	0.00536	0.00899
32	0.60215	0.01036	0.00931	0.00794	0.01139	0.01151	0.00651	0.06159	0.06454	0.15497	0.01098	0.01122	0.00791	0.00543	0.00389	0.00164	0.00427	0.00361	0.00410	0.00666
33	0.01596	0.00977	0.01075	0.00891	0.01186	0.01035	0.00715	0.25156	0.14186	0.15497	0.01715	0.01723	0.01248	0.00645	0.00475	0.00150	0.00414	0.00512	0.30059	0.00746
34	0.78096	0.01012	0.00815	0.00716	0.01050	0.01151	0.00590	0.01641	0.00952	0.08863	0.00851	0.00939	0.00635	0.00505	0.00345	0.00164	0.00412	0.00307	0.00355	0.00600
35	0.01308	0.01256	0.02146	0.03245	0.78123	0.01256	0.01622	0.01622	0.01204	0.01727	0.00994	0.01308	0.00837	0.00471	0.00523	0.00157	0.00628	0.00471	0.00262	0.00837
36	0.01336	0.01150	0.01235	0.01143	0.03593	0.01323	0.00865	0.05035	0.72685	0.02232	0.02091	0.01932	0.01569	0.00708	0.00537	0.00178	0.00429	0.00590	0.00530	0.00839
37	0.01240	0.01404	0.02999	0.02161	0.02652	0.01360	0.70163	0.01660	0.01213	0.01660	0.01039	0.01404	0.00793	0.00484	0.00713	0.00183	0.07295	0.00611	0.00264	0.00702
38	0.00646	0.00475	0.00599	0.00695	0.00749	0.00436	0.00468	0.00741	0.01033	0.01348	0.03266	0.64854	0.15877	0.05207	0.00757	0.00222	0.00309	0.01405	0.00483	0.00427
39	0.01262	0.00690	0.00733	0.00649	0.00844	0.00708	0.00507	0.14068	0.01372	0.07871	0.01674	0.01839	0.01274	0.00622	0.00409	0.00132	0.00318	0.00493	0.63943	0.00592
40	0.00783	0.00495	0.00663	0.00753	0.00814	0.00457	0.00514	0.00884	0.01052	0.07558	0.02847	0.74696	0.03320	0.01576	0.00663	0.00211	0.00318	0.01425	0.00504	0.00467
41	0.01248	0.01426	0.03119	0.02228	0.02763	0.01337	0.76203	0.01693	0.01248	0.01693	0.01070	0.01426	0.00802	0.00446	0.00624	0.00178	0.00891	0.00624	0.00267	0.00713
42	0.00644	0.00460	0.00613	0.00736	0.00767	0.00429	0.00491	0.00736	0.01012	0.01350	0.02914	0.81076	0.03497	0.01656	0.00675	0.00215	0.00307	0.01503	0.00491	0.00429
43	0.01498	0.00876	0.01060	0.00926	0.01179	0.00880	0.00717	0.19225	0.07110	0.23188	0.07192	0.29540	0.02242	0.01033	0.00588	0.00182	0.00415	0.00891	0.00554	0.00704
44	0.00650	0.00463	0.00615	0.00731	0.00763	0.00433	0.00487	0.00744	0.01020	0.01364	0.04992	0.77179	0.03503	0.03418	0.00718	0.00220	0.00310	0.01471	0.00490	0.00429
45	0.01400	0.00984	0.01045	0.00908	0.01141	0.05169	0.00700	0.19848	0.09528	0.09752	0.01751	0.11730	0.01551	0.09617	0.01826	0.00210	0.02619	0.01872	0.15334	0.03016
46	0.02208	0.00904	0.01202	0.00940	0.01323	0.00809	0.00769	0.06199	0.03106	0.67460	0.04460	0.05172	0.01502	0.00710	0.00541	0.00166	0.00444	0.00584	0.00636	0.00866
47	0.01166	0.01264	0.02605	0.01892	0.02366	0.01163	0.58876	0.01548	0.01204	0.01661	0.01247	0.09744	0.01083	0.00566	0.00600	0.00170	0.00768	0.00678	0.00297	0.11103
48	0.00743	0.00567	0.00812	0.03273	0.00993	0.00549	0.04398	0.03979	0.01087	0.01450	0.02690	0.71221	0.03164	0.01517	0.00662	0.00209	0.00360	0.01383	0.00473	0.00468

[dist]
# distance from previous block
# <min> <max>
3	8

[block]
# block no. 1 follows, 46 sequences, length 23
# corresponding to MSA columns:
# 192-214
name=unknown_B
#
# <colnr> <probs for GDERKNQSTAVLIFYWHMCP>
#	G	D	E	R	K	N	Q	S	T	A	V	L	I	F	Y	W	H	M	C	P
0	0.31414	0.01047	0.01133	0.00904	0.01286	0.01075	0.00746	0.15409	0.01471	0.38289	0.01465	0.01374	0.00977	0.00593	0.00459	0.00163	0.00459	0.00435	0.00517	0.00785
1	0.02018	0.01461	0.01532	0.01191	0.01601	0.05343	0.00977	0.62651	0.05146	0.10638	0.01361	0.01333	0.00956	0.00635	0.00527	0.00159	0.00581	0.00479	0.00529	0.00883
2	0.01943	0.01275	0.01414	0.01111	0.01501	0.01373	0.00909	0.48182	0.12576	0.18225	0.01575	0.01503	0.01100	0.00649	0.00524	0.00161	0.00518	0.00505	0.04083	0.00873
3	0.00663	0.00482	0.00625	0.00706	0.00767	0.00444	0.00485	0.00789	0.01123	0.01507	0.17840	0.59765	0.09813	0.01517	0.00661	0.00202	0.00292	0.01364	0.00509	0.00444
4	0.00758	0.00554	0.00786	0.00786	0.00858	0.00626	0.00581	0.00903	0.00831	0.01180	0.01474	0.02400	0.01462	0.22090	0.61393	0.00771	0.01205	0.00614	0.00292	0.00437
5	0.00667	0.00502	0.00608	0.00653	0.00746	0.00453	0.00457	0.00800	0.01159	0.01518	0.19321	0.38062	0.26036	0.05584	0.00754	0.00209	0.00294	0.01234	0.00501	0.00443
6	0.01047	0.00974	0.01351	0.01188	0.01207	0.01315	0.00964	0.01166	0.00821	0.01262	0.00944	0.01573	0.00945	0.10028	0.13797	0.00354	0.57000	0.00513	0.03020	0.00531
7	0.01679	0.01317	0.01400	0.01149	0.01513	0.01485	0.00925	0.41359	0.38026	0.02799	0.01689	0.01604	0.01239	0.00674	0.00533	0.00168	0.00504	0.00534	0.00533	0.00869
8	0.01114	0.14834	0.67056	0.01415	0.02145	0.01360	0.01793	0.01660	0.01110	0.01608	0.00916	0.01075	0.00671	0.00495	0.00477	0.00159	0.00748	0.00374	0.00224	0.00766
9	0.18491	0.00826	0.00804	0.00740	0.00903	0.04767	0.00526	0.06886	0.01048	0.01635	0.03990	0.11725	0.01675	0.32488	0.04483	0.00325	0.00512	0.00674	0.00362	0.07138
10	0.01122	0.00967	0.01226	0.13479	0.01649	0.00894	0.00820	0.05758	0.01140	0.01703	0.00967	0.01210	0.00799	0.00646	0.04536	0.00148	0.05918	0.00371	0.00306	0.56339
11	0.01023	0.00579	0.00705	0.00659	0.00733	0.00568	0.00424	0.01072	0.00895	0.13367	0.01710	0.03070	0.01770	0.61554	0.09291	0.00488	0.00584	0.00713	0.00370	0.00426
12	0.01096	0.00940	0.01096	0.00783	0.01253	0.00705	0.00626	0.01331	0.01096	0.01723	0.00940	0.01096	0.00783	0.00392	0.00392	0.00078	0.00392	0.00313	0.00313	0.84653
13	0.04996	0.00701	0.00732	0.00735	0.00832	0.03931	0.00502	0.03217	0.08703	0.01452	0.04734	0.25326	0.07496	0.31575	0.01390	0.00313	0.00434	0.02052	0.00418	0.00462
14	0.01129	0.09113	0.01686	0.62897	0.03144	0.01270	0.01353	0.01441	0.01071	0.05814	0.00971	0.01360	0.00736	0.00552	0.00581	0.00172	0.05383	0.00454	0.00258	0.00614
15	0.00973	0.00899	0.01497	0.72120	0.03353	0.01106	0.01370	0.01315	0.01101	0.01428	0.08709	0.01666	0.01137	0.00584	0.00538	0.00175	0.00659	0.00519	0.00270	0.00578
16	0.00670	0.00477	0.00636	0.00753	0.00792	0.00451	0.00520	0.00774	0.01023	0.01360	0.02850	0.70254	0.03385	0.04959	0.00764	0.00230	0.00333	0.08854	0.00483	0.00431
17	0.01118	0.04536	0.05141	0.32559	0.06840	0.01355	0.14597	0.01421	0.01044	0.01436	0.02431	0.01354	0.00810	0.00625	0.00865	0.00187	0.22309	0.00494	0.00247	0.00631
18	0.06432	0.01369	0.09984	0.14623	0.02525	0.01228	0.41360	0.01641	0.04023	0.04220	0.01180	0.05530	0.00944	0.00556	0.00592	0.00178	0.02042	0.00593	0.00295	0.00684
19	0.00676	0.00488	0.00647	0.00764	0.00816	0.00459	0.00544	0.00794	0.01055	0.01391	0.03020	0.65253	0.07218	0.01609	0.00681	0.00217	0.00333	0.13106	0.00490	0.00439
20	0.04991	0.01158	0.01299	0.01034	0.01402	0.01218	0.00842	0.37472	0.09560	0.22747	0.03810	0.03662	0.05712	0.00719	0.00532	0.00164	0.00486	0.00570	0.01795	0.00827
21	0.05516	0.01226	0.03324	0.07124	0.04753	0.08039	0.02843	0.14117	0.11810	0.04864	0.05102	0.08101	0.01337	0.00698	0.00593	0.00160	0.05874	0.00558	0.00401	0.13561
22	0.01556	0.01140	0.01460	0.02520	0.17601	0.01214	0.01013	0.22623	0.14055	0.12373	0.05318	0.04663	0.02771	0.00697	0.00596	0.00166	0.04576	0.00572	0.02294	0.02791

[dist]
# distance from previous block
# <min> <max>
2	55

[block]
# block no. 2 follows, 46 sequences, length 13
# corresponding to MSA columns:
# 270-282
name=unknown_C
#
# <colnr> <probs for GDERKNQSTAVLIFYWHMCP>
#	G	D	E	R	K	N	Q	S	T	A	V	L	I	F	Y	W	H	M	C	P
0	0.02597	0.13520	0.07115	0.10318	0.01651	0.03347	0.01009	0.10771	0.03156	0.03593	0.01085	0.04144	0.00939	0.02258	0.07280	0.00221	0.13828	0.00462	0.00315	0.12390
1	0.08124	0.28379	0.04501	0.01052	0.01387	0.32774	0.00892	0.01749	0.02679	0.01427	0.00917	0.01137	0.00799	0.04932	0.00534	0.00151	0.00688	0.00356	0.05328	0.02191
2	0.01178	0.00896	0.01057	0.00799	0.01202	0.00722	0.00634	0.05449	0.01229	0.07819	0.05982	0.06212	0.04572	0.00582	0.00451	0.00107	0.00388	0.00483	0.00386	0.59853
3	0.00824	0.00530	0.00644	0.03729	0.00863	0.00524	0.00514	0.03006	0.01109	0.01637	0.02505	0.40029	0.06612	0.01194	0.00559	0.00179	0.00316	0.04965	0.29786	0.00474
4	0.05537	0.59910	0.13224	0.01018	0.01495	0.08512	0.01045	0.01639	0.01108	0.01364	0.00772	0.00895	0.00672	0.00469	0.00373	0.00125	0.00621	0.00303	0.00235	0.00682
5	0.01216	0.06189	0.01622	0.15078	0.08233	0.12477	0.02750	0.01410	0.01014	0.01324	0.00904	0.01338	0.00814	0.02775	0.11231	0.00280	0.30039	0.00459	0.00249	0.00597
6	0.00692	0.00538	0.00629	0.00606	0.00755	0.00475	0.00455	0.00889	0.01364	0.01806	0.44967	0.04465	0.38061	0.01198	0.00624	0.00172	0.00258	0.01028	0.00541	0.00475
7	0.00800	0.00583	0.00742	0.00745	0.00790	0.00627	0.00511	0.03386	0.00925	0.01269	0.03816	0.22353	0.02162	0.35887	0.17810	0.00470	0.05454	0.00887	0.00364	0.00419
8	0.00955	0.00657	0.00814	0.00752	0.00922	0.00643	0.00571	0.01383	0.13269	0.08060	0.53899	0.08090	0.05829	0.01031	0.00606	0.00171	0.00295	0.00903	0.00573	0.00578
9	0.01244	0.01203	0.08143	0.17950	0.02211	0.01180	0.20526	0.01563	0.01171	0.11340	0.10311	0.01693	0.01316	0.00668	0.00809	0.00184	0.16919	0.00568	0.00337	0.00663
10	0.15199	0.07322	0.01411	0.01206	0.10556	0.09261	0.00865	0.08678	0.01329	0.17259	0.01145	0.01206	0.00853	0.00513	0.00443	0.00135	0.00524	0.00387	0.00387	0.21323
11	0.01019	0.00664	0.00815	0.00754	0.00929	0.00636	0.00569	0.07083	0.04587	0.09676	0.34874	0.19675	0.09428	0.01097	0.00599	0.00174	0.00319	0.00957	0.03782	0.02361
12	0.01115	0.01135	0.01715	0.03303	0.01597	0.04508	0.14761	0.01295	0.00956	0.01363	0.01132	0.13528	0.01159	0.00995	0.03082	0.00228	0.46617	0.00650	0.00281	0.00579

[dist]
# distance from previous block
# <min> <max>
0	2

[block]
# block no. 3 follows, 46 sequences, length 16
# corresponding to MSA columns:
# 285-300
name=unknown_D
#
# <colnr> <probs for GDERKNQSTAVLIFYWHMCP>
#	G	D	E	R	K	N	Q	S	T	A	V	L	I	F	Y	W	H	M	C	P
0	0.01755	0.15625	0.01711	0.01127	0.01531	0.03465	0.00946	0.46327	0.15006	0.02670	0.01305	0.01303	0.00974	0.00607	0.00491	0.00151	0.00553	0.00454	0.00464	0.03536
1	0.01876	0.00901	0.01161	0.00885	0.01286	0.00766	0.00721	0.04870	0.01436	0.48468	0.08255	0.01775	0.01468	0.00620	0.00502	0.00141	0.00422	0.00507	0.00552	0.23389
2	0.01364	0.43299	0.10928	0.02636	0.01612	0.03828	0.05460	0.05872	0.08086	0.01545	0.00947	0.01085	0.00787	0.00533	0.00529	0.00142	0.07285	0.00375	0.00278	0.03407
3	0.06320	0.21028	0.19295	0.01369	0.01792	0.04748	0.12933	0.05733	0.01138	0.01602	0.00870	0.01110	0.00715	0.00631	0.01955	0.00178	0.17223	0.00415	0.00259	0.00686
4	0.00659	0.00469	0.00623	0.00740	0.00773	0.00441	0.00499	0.00754	0.01010	0.01345	0.02851	0.74094	0.03403	0.05320	0.00770	0.00230	0.00324	0.04784	0.00483	0.00427
5	0.00710	0.00511	0.00665	0.05436	0.00890	0.00498	0.00503	0.00791	0.00986	0.01300	0.06107	0.44483	0.10150	0.18453	0.01164	0.04973	0.00376	0.01164	0.00429	0.00409
6	0.07967	0.38421	0.15474	0.01085	0.01543	0.01700	0.01092	0.14191	0.01304	0.05186	0.00919	0.01032	0.00735	0.00540	0.00515	0.00145	0.06760	0.00359	0.00304	0.00727
7	0.00897	0.00588	0.00725	0.00713	0.00850	0.00554	0.00518	0.01127	0.05756	0.09424	0.21500	0.25046	0.17631	0.07972	0.04022	0.00239	0.00369	0.01042	0.00510	0.00515
8	0.00705	0.00508	0.00680	0.00791	0.00857	0.00483	0.00588	0.00847	0.01095	0.01444	0.05468	0.53837	0.06925	0.01567	0.00686	0.00219	0.00354	0.22003	0.00493	0.00449
9	0.04002	0.12109	0.06104	0.01086	0.04852	0.01211	0.00895	0.19604	0.06422	0.09939	0.01361	0.08395	0.01137	0.00633	0.00477	0.00141	0.00495	0.00507	0.00411	0.20217
10	0.06252	0.07241	0.06185	0.24569	0.21744	0.01262	0.05535	0.05746	0.05795	0.03225	0.01124	0.03623	0.00915	0.00693	0.03742	0.00193	0.00660	0.00492	0.00300	0.00705
11	0.00990	0.00627	0.00786	0.04294	0.01020	0.00582	0.00589	0.01218	0.03990	0.13932	0.19712	0.16617	0.26751	0.01174	0.00617	0.00183	0.00338	0.05504	0.00527	0.00550
12	0.01280	0.22269	0.30048	0.01355	0.03377	0.01419	0.09918	0.06088	0.01197	0.05896	0.01088	0.04778	0.00895	0.00712	0.03774	0.00187	0.04244	0.00465	0.00287	0.00724
13	0.05771	0.05575	0.01415	0.08449	0.01584	0.01218	0.04275	0.19441	0.13378	0.11440	0.01415	0.01668	0.01119	0.09752	0.02505	0.00215	0.03669	0.00511	0.00425	0.06175
14	0.00873	0.00607	0.00757	0.02989	0.00875	0.00622	0.00521	0.05298	0.01079	0.03985	0.12026	0.28646	0.02677	0.31742	0.01460	0.00316	0.03661	0.00988	0.00428	0.00451
15	0.00667	0.00490	0.00627	0.00706	0.00777	0.00451	0.00495	0.00797	0.01126	0.01493	0.15101	0.54417	0.14627	0.01510	0.00662	0.00203	0.00300	0.04601	0.00505	0.00445

[dist]
# distance from previous block
# <min> <max>
0	7

[block]
# block no. 4 follows, 46 sequences, length 66
# corresponding to MSA columns:
# 326-347,351-394
name=unknown_E
#
# <colnr> <probs for GDERKNQSTAVLIFYWHMCP>
#	G	D	E	R	K	N	Q	S	T	A	V	L	I	F	Y	W	H	M	C	P
0	0.04677	0.01190	0.01287	0.07716	0.03229	0.06844	0.00894	0.18738	0.19764	0.02138	0.07545	0.03730	0.01429	0.03351	0.00669	0.00174	0.05907	0.00544	0.00427	0.09748
1	0.01095	0.00963	0.01554	0.35283	0.04083	0.01092	0.09983	0.02500	0.04843	0.04387	0.01318	0.06902	0.03021	0.02970	0.00782	0.03205	0.08827	0.00582	0.01759	0.04852
2	0.00955	0.00671	0.00943	0.12559	0.05104	0.00666	0.00724	0.02544	0.01082	0.07622	0.03118	0.38847	0.02305	0.09078	0.00846	0.02496	0.00432	0.02622	0.00419	0.06965
3	0.01126	0.02793	0.01182	0.00826	0.01293	0.02475	0.02106	0.01361	0.01108	0.01702	0.00935	0.01094	0.00779	0.00397	0.00397	0.00082	0.00417	0.00319	0.00309	0.79298
4	0.00695	0.00529	0.00639	0.00631	0.00762	0.00473	0.00466	0.00887	0.01340	0.01797	0.44718	0.13930	0.28736	0.01237	0.00630	0.00176	0.00263	0.01077	0.00541	0.00473
5	0.04436	0.01072	0.01782	0.45655	0.33919	0.01208	0.01496	0.01470	0.01111	0.01544	0.00954	0.01347	0.00754	0.00504	0.00519	0.00168	0.00662	0.00463	0.00249	0.00689
6	0.00653	0.00470	0.00619	0.00723	0.00767	0.00436	0.00488	0.00760	0.01062	0.01420	0.09615	0.71552	0.06288	0.01594	0.00668	0.00209	0.00300	0.01441	0.00499	0.00436
7	0.00638	0.00530	0.00558	0.00564	0.00726	0.00450	0.00418	0.00780	0.01217	0.01488	0.12103	0.11241	0.64786	0.01340	0.00629	0.00180	0.00269	0.01132	0.00500	0.00450
8	0.00730	0.00531	0.00688	0.00667	0.00783	0.00488	0.00493	0.00956	0.01428	0.01999	0.65837	0.12674	0.08428	0.01158	0.00629	0.00172	0.00257	0.01025	0.00567	0.00488
9	0.00657	0.00523	0.00590	0.00603	0.00742	0.00456	0.00441	0.00811	0.01239	0.01577	0.22043	0.18660	0.47120	0.01336	0.00634	0.00182	0.00271	0.01149	0.00512	0.00456
10	0.01413	0.81739	0.02770	0.00905	0.01357	0.02092	0.00905	0.01583	0.01074	0.01244	0.00735	0.00848	0.00678	0.00452	0.00339	0.00113	0.00565	0.00283	0.00226	0.00678
11	0.02010	0.01481	0.01587	0.01216	0.01639	0.01639	0.01005	0.76360	0.02486	0.03332	0.01269	0.01269	0.00899	0.00635	0.00529	0.00159	0.00582	0.00476	0.00529	0.00899
12	0.00795	0.00566	0.00632	0.00599	0.00783	0.00485	0.00455	0.00961	0.01298	0.07799	0.22162	0.04555	0.54566	0.01223	0.00617	0.00174	0.00278	0.01031	0.00526	0.00495
13	0.02256	0.00968	0.01255	0.00975	0.01376	0.00894	0.00801	0.08911	0.07691	0.65910	0.02021	0.01768	0.01298	0.00658	0.00532	0.00164	0.00459	0.00532	0.00634	0.00895
14	0.02286	0.01008	0.01290	0.00992	0.01401	0.00941	0.00819	0.15672	0.03242	0.63585	0.01942	0.01709	0.01242	0.00652	0.00531	0.00163	0.00473	0.00523	0.00630	0.00898
15	0.00719	0.00542	0.00692	0.00738	0.00846	0.00476	0.00511	0.00836	0.01031	0.01414	0.02652	0.65737	0.05052	0.01438	0.00626	0.00191	0.00320	0.01295	0.00461	0.14425
16	0.00769	0.00513	0.00577	0.00577	0.00577	0.00513	0.00320	0.00769	0.00769	0.01025	0.01666	0.03460	0.01922	0.81421	0.02691	0.00513	0.00513	0.00769	0.00320	0.00320
17	0.00998	0.00940	0.01586	0.80150	0.03641	0.01175	0.01468	0.01351	0.01057	0.01351	0.00940	0.01409	0.00705	0.00529	0.00529	0.00176	0.00705	0.00470	0.00235	0.00587
18	0.04721	0.07865	0.08109	0.01107	0.01520	0.01403	0.00975	0.41518	0.05625	0.13119	0.01363	0.01465	0.01013	0.05665	0.02002	0.00191	0.00575	0.00480	0.00472	0.00814
19	0.01311	0.28396	0.38157	0.01252	0.01845	0.01487	0.04048	0.01815	0.07649	0.07768	0.01077	0.01167	0.00810	0.00514	0.00458	0.00151	0.00656	0.00392	0.00287	0.00759
20	0.00875	0.14014	0.00964	0.00654	0.00737	0.00788	0.00446	0.00919	0.00826	0.01079	0.01490	0.02908	0.01664	0.61392	0.08805	0.00475	0.00598	0.00671	0.00302	0.00393
21	0.11788	0.41571	0.21994	0.01084	0.01605	0.01617	0.03790	0.01692	0.01107	0.08123	0.00918	0.01020	0.00721	0.00487	0.00406	0.00140	0.00603	0.00344	0.00276	0.00712
22	0.08661	0.01999	0.01367	0.01204	0.01504	0.51670	0.00924	0.08465	0.04201	0.10291	0.01075	0.01144	0.00821	0.00569	0.00473	0.00144	0.00774	0.00384	0.03659	0.00670
23	0.08283	0.01441	0.01282	0.01127	0.01431	0.16524	0.00881	0.12044	0.44680	0.02167	0.01626	0.01573	0.01232	0.00660	0.00539	0.00168	0.02605	0.00503	0.00460	0.00773
24	0.05586	0.00970	0.01199	0.01052	0.07843	0.00840	0.00763	0.03976	0.04986	0.17379	0.01326	0.03455	0.01045	0.00535	0.00454	0.00121	0.00431	0.01955	0.00405	0.45679
25	0.02972	0.05446	0.07932	0.07331	0.04274	0.01060	0.00943	0.12165	0.08992	0.25434	0.09238	0.04489	0.01581	0.03545	0.00602	0.00176	0.00499	0.00576	0.01991	0.00755
26	0.08469	0.54855	0.15354	0.00985	0.01453	0.01752	0.01035	0.01545	0.01048	0.01412	0.00826	0.00994	0.00720	0.00747	0.06729	0.00186	0.00657	0.00324	0.00239	0.00670
27	0.00816	0.00519	0.00698	0.00774	0.00853	0.00484	0.00556	0.00948	0.01117	0.07657	0.09248	0.59485	0.03396	0.01504	0.00665	0.00210	0.00334	0.09745	0.00511	0.00480
28	0.05461	0.01105	0.01761	0.15602	0.46974	0.01147	0.01349	0.03502	0.01185	0.07861	0.01125	0.01526	0.00934	0.07430	0.00701	0.00192	0.00605	0.00492	0.00304	0.00745
29	0.01091	0.01143	0.08311	0.49420	0.13130	0.01144	0.07359	0.01440	0.01111	0.03546	0.03526	0.01473	0.00892	0.00580	0.00591	0.03163	0.00685	0.00493	0.00263	0.00640
30	0.00998	0.00940	0.01586	0.80150	0.03641	0.01175	0.01468	0.01351	0.01057	0.01351	0.00940	0.01409	0.00705	0.00529	0.00529	0.00176	0.00705	0.00470	0.00235	0.00587
31	0.01879	0.01290	0.01420	0.01119	0.01499	0.01402	0.00910	0.51300	0.12348	0.13206	0.04040	0.01602	0.01222	0.03525	0.00610	0.00175	0.00528	0.00526	0.00541	0.00857
32	0.28050	0.01241	0.03982	0.01091	0.05149	0.01294	0.00863	0.33599	0.01657	0.10330	0.01205	0.02417	0.00922	0.05271	0.00592	0.00182	0.00516	0.00450	0.00441	0.00749
33	0.00726	0.00541	0.00671	0.00746	0.00829	0.00523	0.00530	0.00955	0.07206	0.01486	0.06793	0.52515	0.12313	0.03633	0.00709	0.00214	0.00327	0.06999	0.01815	0.00470
34	0.00741	0.00503	0.00594	0.00620	0.00630	0.00499	0.00368	0.00768	0.00824	0.01102	0.01927	0.20150	0.02242	0.61665	0.04785	0.00459	0.00498	0.00920	0.00356	0.00349
35	0.00906	0.00647	0.00747	0.00697	0.00733	0.00698	0.00446	0.07280	0.00919	0.01242	0.01553	0.03087	0.01735	0.68020	0.02429	0.00460	0.06959	0.00719	0.00331	0.00391
36	0.05694	0.01244	0.02051	0.15734	0.45777	0.03995	0.11463	0.01638	0.01192	0.04698	0.01018	0.01324	0.00810	0.00488	0.00526	0.00163	0.00669	0.00479	0.00277	0.00759
37	0.00664	0.00541	0.00591	0.00596	0.00758	0.00468	0.00456	0.00826	0.01251	0.01555	0.17289	0.06331	0.58286	0.01311	0.00634	0.00182	0.00283	0.07013	0.00506	0.00458
38	0.02069	0.01269	0.01441	0.01117	0.01526	0.01340	0.00919	0.47013	0.08193	0.27099	0.01599	0.01494	0.01087	0.00648	0.00530	0.00162	0.00527	0.00503	0.00569	0.00894
39	0.29398	0.01035	0.01099	0.00909	0.01255	0.01089	0.00751	0.19845	0.01514	0.24283	0.04553	0.01854	0.02949	0.00692	0.00485	0.00169	0.00459	0.06431	0.00496	0.00732
40	0.05545	0.01034	0.01659	0.07420	0.41769	0.01055	0.04939	0.01463	0.05026	0.01680	0.01577	0.14980	0.03167	0.00769	0.00560	0.00177	0.00553	0.05589	0.00336	0.00701
41	0.00642	0.00467	0.00607	0.00719	0.00762	0.00431	0.00483	0.00738	0.01029	0.01356	0.03123	0.74571	0.09866	0.01629	0.00670	0.00212	0.00303	0.01470	0.00491	0.00431
42	0.01338	0.01244	0.02043	0.10606	0.64278	0.01281	0.01554	0.07994	0.01299	0.01828	0.01013	0.01315	0.00830	0.00491	0.00524	0.00159	0.00632	0.00471	0.00282	0.00818
43	0.04283	0.01717	0.33005	0.05596	0.08226	0.01119	0.07011	0.05413	0.01217	0.13316	0.01280	0.06766	0.01025	0.02421	0.00648	0.01566	0.03791	0.00529	0.00335	0.00736
44	0.00775	0.00637	0.01014	0.02268	0.01105	0.00653	0.09313	0.00931	0.00991	0.01350	0.02207	0.45890	0.02494	0.05867	0.16479	0.00352	0.04172	0.02626	0.00399	0.00476
45	0.02372	0.00900	0.01227	0.00941	0.01350	0.00777	0.00777	0.02576	0.01513	0.78489	0.02086	0.01799	0.01309	0.00654	0.00532	0.00164	0.00450	0.00532	0.00654	0.00900
46	0.01322	0.01455	0.11546	0.15296	0.12821	0.08764	0.03293	0.14702	0.01340	0.01789	0.02622	0.02785	0.00935	0.00868	0.05846	0.01798	0.11334	0.00486	0.00308	0.00689
47	0.02808	0.01068	0.04170	0.50448	0.20478	0.02432	0.01416	0.01412	0.01132	0.01530	0.07142	0.01562	0.01076	0.00558	0.00529	0.00170	0.00651	0.00501	0.00271	0.00644
48	0.01000	0.00792	0.04734	0.02607	0.00972	0.00807	0.00645	0.01088	0.00868	0.07754	0.01449	0.02638	0.01512	0.49058	0.06223	0.00422	0.15998	0.00653	0.00323	0.00457
49	0.41557	0.19619	0.04764	0.02342	0.01419	0.11288	0.06460	0.02703	0.01073	0.01874	0.00790	0.00943	0.00641	0.00498	0.00414	0.00151	0.02219	0.00331	0.00288	0.00626
50	0.00840	0.00530	0.00672	0.00711	0.00807	0.00497	0.00504	0.02520	0.01176	0.06616	0.15333	0.49087	0.06625	0.01343	0.00617	0.00190	0.00304	0.01196	0.09944	0.00489
51	0.02130	0.00846	0.01149	0.00900	0.01266	0.00736	0.00736	0.02342	0.01511	0.67131	0.13353	0.02119	0.01856	0.00718	0.00545	0.00164	0.00420	0.00595	0.00644	0.00840
52	0.00764	0.00547	0.00693	0.00653	0.00791	0.00497	0.00491	0.00997	0.01456	0.03602	0.66093	0.04064	0.15157	0.01108	0.00622	0.00168	0.00256	0.00970	0.00571	0.00500
53	0.00738	0.00532	0.00697	0.00672	0.00787	0.00492	0.00498	0.00971	0.01447	0.02041	0.70153	0.11866	0.04835	0.01140	0.00629	0.00171	0.00255	0.01012	0.00573	0.00492
54	0.00723	0.00533	0.00675	0.00652	0.00777	0.00486	0.00484	0.00944	0.01418	0.01963	0.61814	0.10084	0.15159	0.01162	0.00628	0.00172	0.00256	0.01021	0.00562	0.00486
55	0.01239	0.01065	0.01118	0.01009	0.01295	0.01209	0.00784	0.03923	0.65999	0.02132	0.02547	0.02360	0.11413	0.00796	0.00549	0.00179	0.00402	0.00662	0.00532	0.00788
56	0.01975	0.02520	0.01498	0.01362	0.01634	0.79299	0.01021	0.02111	0.01498	0.01294	0.00817	0.00953	0.00681	0.00545	0.00477	0.00136	0.00953	0.00340	0.00272	0.00613
57	0.01233	0.01381	0.02870	0.02089	0.02534	0.01384	0.63733	0.01623	0.01175	0.01623	0.01007	0.01381	0.00784	0.00525	0.00809	0.00187	0.14112	0.00597	0.00261	0.00691
58	0.00748	0.00540	0.00707	0.00665	0.00790	0.00499	0.00499	0.00998	0.01496	0.02120	0.77844	0.03949	0.04988	0.01081	0.00624	0.00166	0.00249	0.00956	0.00582	0.00499
59	0.00922	0.00688	0.00841	0.00769	0.00938	0.00689	0.00593	0.07649	0.09750	0.02212	0.60155	0.03585	0.04197	0.01018	0.00610	0.00170	0.00305	0.03772	0.00569	0.00569
60	0.01413	0.81739	0.02770	0.00905	0.01357	0.02092	0.00905	0.01583	0.01074	0.01244	0.00735	0.00848	0.00678	0.00452	0.00339	0.00113	0.00565	0.00283	0.00226	0.00678
61	0.00998	0.00645	0.00788	0.00734	0.00869	0.00628	0.00532	0.08280	0.01319	0.08343	0.28877	0.14174	0.06096	0.21638	0.01145	0.00263	0.00382	0.03279	0.00497	0.00514
62	0.00747	0.00546	0.00694	0.00695	0.00812	0.00509	0.00530	0.00953	0.01332	0.01818	0.46479	0.07430	0.14014	0.07826	0.00814	0.00211	0.00315	0.13273	0.00529	0.00472
63	0.30234	0.07133	0.25280	0.09694	0.01899	0.06984	0.07242	0.01614	0.01077	0.01832	0.02122	0.01100	0.00723	0.00506	0.00443	0.00162	0.00642	0.00380	0.00274	0.00659
64	0.11038	0.17861	0.08377	0.01016	0.01457	0.02513	0.01906	0.18789	0.03711	0.12041	0.01186	0.03240	0.00916	0.00560	0.00449	0.00141	0.00528	0.00420	0.00393	0.13459
65	0.15331	0.15337	0.13974	0.01116	0.01539	0.12822	0.01045	0.16254	0.04126	0.07975	0.02315	0.01166	0.00857	0.00568	0.00496	0.00154	0.03444	0.00395	0.00358	0.00727

[dist]
# distance from previous block
# <min> <max>
4	17

[block]
# block no. 5 follows, 46 sequences, length 33
# corresponding to MSA columns:
# 441-473
name=unknown_F
#
# <colnr> <probs for GDERKNQSTAVLIFYWHMCP>
#	G	D	E	R	K	N	Q	S	T	A	V	L	I	F	Y	W	H	M	C	P
0	0.06905	0.05766	0.02911	0.00815	0.01052	0.00952	0.00672	0.18795	0.01435	0.02155	0.14664	0.02030	0.01774	0.02668	0.13200	0.00266	0.00562	0.00557	0.22216	0.00606
1	0.00889	0.00531	0.00712	0.00769	0.00856	0.00492	0.00547	0.01005	0.01102	0.10936	0.07001	0.57407	0.03175	0.03857	0.00749	0.02073	0.00344	0.06562	0.00505	0.00488
2	0.00889	0.07408	0.04802	0.03397	0.01034	0.00767	0.00688	0.01001	0.00892	0.01257	0.05068	0.01959	0.01338	0.07325	0.34685	0.19611	0.02130	0.00533	0.04768	0.00448
3	0.01785	0.01369	0.01460	0.01171	0.01554	0.01534	0.00950	0.52526	0.26687	0.02969	0.01555	0.01497	0.01131	0.00661	0.00532	0.00165	0.00529	0.00515	0.00532	0.00879
4	0.02010	0.01481	0.01587	0.01216	0.01639	0.01639	0.01005	0.76360	0.02486	0.03332	0.01269	0.01269	0.00899	0.00635	0.00529	0.00159	0.00582	0.00476	0.00529	0.00899
5	0.75321	0.01191	0.08048	0.00808	0.01182	0.01194	0.02545	0.01569	0.00928	0.02291	0.00764	0.00896	0.00587	0.00491	0.00351	0.00164	0.00455	0.00304	0.00316	0.00595
6	0.00998	0.00940	0.01586	0.80150	0.03641	0.01175	0.01468	0.01351	0.01057	0.01351	0.00940	0.01409	0.00705	0.00529	0.00529	0.00176	0.00705	0.00470	0.00235	0.00587
7	0.01067	0.01012	0.01709	0.59436	0.16404	0.01167	0.04107	0.01409	0.01092	0.01450	0.00954	0.01374	0.00736	0.00508	0.00523	0.00167	0.00680	0.00466	0.00245	0.05494
8	0.00801	0.00553	0.00717	0.00668	0.00806	0.00506	0.00504	0.01043	0.01482	0.04885	0.71199	0.03931	0.08742	0.01079	0.00620	0.00167	0.00258	0.00949	0.00580	0.00511
9	0.06124	0.00832	0.01010	0.00839	0.01089	0.00850	0.05819	0.16590	0.01463	0.09867	0.09400	0.03705	0.01596	0.00676	0.00466	0.00147	0.00390	0.00561	0.37942	0.00634
10	0.01400	0.00945	0.01137	0.00829	0.01284	0.00744	0.00669	0.03505	0.01223	0.18677	0.01200	0.01256	0.00902	0.00456	0.00426	0.00099	0.00409	0.00365	0.00394	0.64080
11	0.02361	0.00918	0.01238	0.00949	0.01359	0.00804	0.00784	0.04880	0.01543	0.76143	0.02060	0.01783	0.01296	0.00654	0.00532	0.00163	0.00454	0.00530	0.00650	0.00900
12	0.00644	0.00460	0.00613	0.00736	0.00767	0.00429	0.00491	0.00736	0.01012	0.01350	0.02914	0.81076	0.03497	0.01656	0.00675	0.00215	0.00307	0.01503	0.00491	0.00429
13	0.80997	0.01016	0.00800	0.00708	0.01039	0.01165	0.00583	0.01605	0.00931	0.06196	0.00804	0.00906	0.00610	0.00499	0.00337	0.00164	0.00411	0.00299	0.00344	0.00589
14	0.00642	0.00470	0.00604	0.00711	0.00760	0.00432	0.00479	0.00739	0.01037	0.01359	0.03223	0.71438	0.12934	0.01616	0.00668	0.00210	0.00302	0.01454	0.00491	0.00432
15	0.06843	0.01121	0.01313	0.01029	0.01415	0.01138	0.00846	0.32582	0.01841	0.38058	0.01687	0.01736	0.01183	0.03298	0.00596	0.00176	0.00505	0.03219	0.00567	0.00847
16	0.00918	0.00459	0.00689	0.00689	0.00689	0.00459	0.00459	0.00689	0.00689	0.00918	0.00918	0.01607	0.00918	0.01837	0.02066	0.84619	0.00459	0.00459	0.00230	0.00230
17	0.07023	0.00956	0.01223	0.00951	0.01351	0.00883	0.00783	0.07289	0.05341	0.65463	0.01959	0.01720	0.01256	0.00647	0.00520	0.00164	0.00454	0.00517	0.00622	0.00878
18	0.01903	0.02287	0.01518	0.01349	0.01612	0.64112	0.01032	0.09750	0.01538	0.01504	0.00853	0.01005	0.00705	0.00589	0.00597	0.00147	0.08198	0.00366	0.00295	0.00639
19	0.00985	0.00493	0.00493	0.00493	0.00616	0.00493	0.00370	0.01232	0.01109	0.01971	0.01725	0.01971	0.01355	0.00616	0.00370	0.00123	0.00246	0.00493	0.84356	0.00493
20	0.00727	0.00540	0.00678	0.00643	0.00777	0.00490	0.00482	0.00957	0.01447	0.02004	0.65668	0.04140	0.17237	0.01124	0.00624	0.00168	0.00252	0.00983	0.00567	0.00490
21	0.01977	0.02468	0.01502	0.01355	0.01635	0.75471	0.01021	0.05771	0.01547	0.01394	0.00839	0.00969	0.00692	0.00549	0.00479	0.00137	0.00935	0.00347	0.00285	0.00627
22	0.01636	0.01270	0.01364	0.01124	0.01473	0.01422	0.00906	0.41263	0.31823	0.02779	0.06027	0.01812	0.01466	0.00713	0.00543	0.00169	0.00496	0.02338	0.00534	0.00842
23	0.00998	0.00940	0.01586	0.80150	0.03641	0.01175	0.01468	0.01351	0.01057	0.01351	0.00940	0.01409	0.00705	0.00529	0.00529	0.00176	0.00705	0.00470	0.00235	0.00587
24	0.00669	0.00481	0.00615	0.00696	0.00745	0.00448	0.00467	0.00773	0.01057	0.01412	0.12024	0.57895	0.08546	0.10485	0.00891	0.00240	0.00320	0.01328	0.00483	0.00427
25	0.00769	0.00513	0.00577	0.00577	0.00577	0.00513	0.00320	0.00769	0.00769	0.01025	0.01666	0.03460	0.01922	0.81421	0.02691	0.00513	0.00513	0.00769	0.00320	0.00320
26	0.00655	0.00478	0.00620	0.00728	0.00782	0.00443	0.00504	0.00762	0.01048	0.01374	0.03191	0.67361	0.12139	0.01607	0.00673	0.00212	0.00314	0.06184	0.00491	0.00435
27	0.01876	0.01355	0.01470	0.01160	0.01547	0.01497	0.00946	0.56792	0.15584	0.07456	0.01463	0.01435	0.01050	0.00686	0.00576	0.02670	0.00541	0.00500	0.00529	0.00868
28	0.01015	0.00947	0.01591	0.69923	0.09385	0.01151	0.01448	0.01359	0.01077	0.01393	0.01042	0.01641	0.00838	0.00573	0.00539	0.00178	0.00687	0.04361	0.00250	0.00602
29	0.03161	0.14350	0.11111	0.01247	0.02690	0.13796	0.04008	0.15220	0.08226	0.01885	0.06772	0.01392	0.01139	0.00687	0.01759	0.00171	0.10870	0.00462	0.00348	0.00707
30	0.08117	0.20338	0.32299	0.01162	0.03296	0.02858	0.01245	0.01621	0.01161	0.08451	0.09323	0.01449	0.01224	0.00740	0.04426	0.00187	0.00646	0.00440	0.00314	0.00703
31	0.12896	0.20049	0.33709	0.01251	0.01812	0.03913	0.06854	0.05935	0.01200	0.04586	0.02677	0.01136	0.00803	0.00513	0.00455	0.00154	0.00659	0.00390	0.00284	0.00723
32	0.15377	0.00939	0.01078	0.13985	0.02853	0.01029	0.00802	0.18424	0.04525	0.02128	0.12554	0.02425	0.16097	0.02907	0.02504	0.00194	0.00480	0.00646	0.00431	0.00622

[dist]
# distance from previous block
# <min> <max>
1	29

[block]
# block no. 6 follows, 46 sequences, length 17
# corresponding to MSA columns:
# 503-519
name=unknown_G
#
# <colnr> <probs for GDERKNQSTAVLIFYWHMCP>
#	G	D	E	R	K	N	Q	S	T	A	V	L	I	F	Y	W	H	M	C	P
0	0.10821	0.04974	0.01532	0.23830	0.04540	0.01109	0.11627	0.06456	0.03405	0.01819	0.13252	0.05930	0.03775	0.00696	0.00551	0.00170	0.01899	0.00613	0.02385	0.00616
1	0.01473	0.01089	0.01213	0.03753	0.06071	0.06856	0.00847	0.05136	0.31617	0.16917	0.16990	0.02170	0.02052	0.00740	0.00548	0.00168	0.00459	0.00620	0.00522	0.00759
2	0.01046	0.00991	0.01686	0.53867	0.09160	0.01166	0.07903	0.01410	0.02977	0.01451	0.01152	0.01841	0.00970	0.00630	0.00613	0.00184	0.04473	0.07593	0.00271	0.00615
3	0.00998	0.00940	0.01586	0.80150	0.03641	0.01175	0.01468	0.01351	0.01057	0.01351	0.00940	0.01409	0.00705	0.00529	0.00529	0.00176	0.00705	0.00470	0.00235	0.00587
4	0.01108	0.01055	0.03863	0.37925	0.14104	0.01190	0.02526	0.04940	0.04700	0.01510	0.01060	0.01548	0.00887	0.06560	0.03012	0.02603	0.10010	0.00500	0.00274	0.00626
5	0.00824	0.00548	0.00721	0.00798	0.00894	0.00519	0.00610	0.00972	0.01113	0.05913	0.02977	0.37330	0.10502	0.07395	0.00830	0.00240	0.00388	0.26470	0.00486	0.00470
6	0.01267	0.10813	0.05529	0.09246	0.10323	0.01473	0.07302	0.10404	0.01182	0.01642	0.00994	0.01461	0.00877	0.00804	0.03309	0.00207	0.28076	0.04134	0.00287	0.00671
7	0.00725	0.00533	0.00680	0.00665	0.00787	0.00488	0.00496	0.00944	0.01404	0.01942	0.59281	0.12025	0.13679	0.01181	0.00632	0.00175	0.00264	0.03055	0.00559	0.00485
8	0.00957	0.00583	0.00765	0.00705	0.00862	0.00530	0.00533	0.01185	0.01451	0.12429	0.59510	0.10002	0.06267	0.01077	0.00615	0.00170	0.00282	0.00947	0.00582	0.00546
9	0.00768	0.00516	0.00593	0.00593	0.00599	0.00522	0.00341	0.00779	0.00774	0.01037	0.01650	0.03375	0.01885	0.76690	0.07372	0.00533	0.00568	0.00756	0.00318	0.00330
10	0.06399	0.01034	0.01284	0.00989	0.01397	0.00987	0.00817	0.18786	0.01697	0.58149	0.01839	0.01636	0.01182	0.00642	0.00521	0.00162	0.00477	0.00507	0.00610	0.00883
11	0.01150	0.00971	0.01125	0.00808	0.01275	0.00759	0.00648	0.05708	0.01177	0.01817	0.00959	0.01106	0.00790	0.00406	0.00400	0.00083	0.00403	0.00323	0.00326	0.79767
12	0.01109	0.01070	0.01496	0.01297	0.01312	0.01476	0.01075	0.01237	0.00826	0.01296	0.00809	0.01283	0.00784	0.01223	0.09593	0.00290	0.69181	0.00474	0.03606	0.00564
13	0.00643	0.00464	0.00609	0.00725	0.00764	0.00430	0.00486	0.00737	0.01023	0.01354	0.03047	0.76919	0.07568	0.01639	0.00672	0.00213	0.00305	0.01482	0.00491	0.00430
14	0.01179	0.00937	0.01135	0.05642	0.01405	0.00738	0.00688	0.01419	0.01123	0.07029	0.01019	0.01164	0.00815	0.00418	0.00410	0.00090	0.00415	0.00338	0.00332	0.73704
15	0.07235	0.14372	0.22867	0.01317	0.07847	0.01291	0.03334	0.07074	0.03119	0.05665	0.02425	0.01280	0.00898	0.00828	0.07220	0.00211	0.04511	0.00420	0.00307	0.07779
16	0.05859	0.01270	0.03392	0.09954	0.01760	0.03494	0.03980	0.31090	0.13834	0.13890	0.01460	0.01507	0.01051	0.02010	0.00555	0.00170	0.00558	0.00499	0.02867	0.00798

[dist]
# distance from previous block
# <min> <max>
0	18

[block]
# block no. 7 follows, 46 sequences, length 14
# corresponding to MSA columns:
# 545-558
name=unknown_H
#
# <colnr> <probs for GDERKNQSTAVLIFYWHMCP>
#	G	D	E	R	K	N	Q	S	T	A	V	L	I	F	Y	W	H	M	C	P
0	0.01700	0.01240	0.01365	0.01098	0.01450	0.01358	0.00889	0.49543	0.11410	0.05599	0.01509	0.05665	0.01184	0.00968	0.07097	0.00218	0.00596	0.00550	0.02841	0.03721
1	0.01101	0.00610	0.00692	0.05851	0.00935	0.00625	0.00516	0.05990	0.01249	0.06064	0.08859	0.02068	0.01624	0.00657	0.00423	0.00135	0.00309	0.00536	0.61208	0.00546
2	0.01171	0.12177	0.57312	0.03708	0.02160	0.06515	0.04237	0.01672	0.01130	0.01576	0.00910	0.01093	0.00678	0.00510	0.00522	0.00161	0.03109	0.00386	0.00229	0.00744
3	0.00764	0.00514	0.00593	0.00597	0.00603	0.00518	0.00345	0.00778	0.00781	0.01047	0.01692	0.05858	0.01939	0.74541	0.06916	0.00522	0.00557	0.00781	0.00324	0.00332
4	0.00857	0.00825	0.09154	0.00901	0.04234	0.00633	0.00735	0.01160	0.02800	0.03957	0.53934	0.08432	0.03986	0.01034	0.00612	0.00174	0.00348	0.05150	0.00520	0.00555
5	0.00646	0.00529	0.00569	0.00574	0.00731	0.00453	0.00425	0.00793	0.01232	0.01527	0.16284	0.12096	0.59649	0.01329	0.00629	0.00180	0.00269	0.01128	0.00505	0.00453
6	0.01289	0.01122	0.01324	0.13653	0.08980	0.04220	0.00984	0.12599	0.32709	0.02056	0.04884	0.06845	0.05533	0.00751	0.00548	0.00174	0.00506	0.00636	0.00449	0.00739
7	0.09087	0.08741	0.05824	0.42797	0.06636	0.01282	0.01251	0.04548	0.08342	0.01651	0.01033	0.01318	0.00792	0.00530	0.00485	0.00163	0.00619	0.00436	0.00287	0.04178
8	0.01125	0.21270	0.48618	0.01337	0.04016	0.01380	0.01533	0.01588	0.02563	0.01545	0.01057	0.06388	0.00896	0.00649	0.02097	0.00173	0.02343	0.00450	0.00250	0.00726
9	0.77009	0.01045	0.00910	0.00943	0.08513	0.01193	0.00675	0.01561	0.00929	0.02309	0.00761	0.00902	0.00598	0.00489	0.00346	0.00163	0.00430	0.00304	0.00321	0.00598
10	0.00711	0.00532	0.00660	0.00643	0.00771	0.00481	0.00476	0.00920	0.01386	0.01893	0.54639	0.11510	0.21048	0.01193	0.00629	0.00174	0.00259	0.01043	0.00553	0.00481
11	0.00892	0.00656	0.00917	0.10398	0.01179	0.00679	0.05555	0.03535	0.01006	0.01395	0.07239	0.07011	0.01917	0.39866	0.01640	0.03262	0.00503	0.03003	0.08909	0.00437
12	0.68070	0.08727	0.04290	0.00837	0.03497	0.01260	0.00702	0.01602	0.00957	0.05027	0.00803	0.00917	0.00622	0.00493	0.00349	0.00159	0.00448	0.00305	0.00323	0.00612
13	0.00875	0.00557	0.00726	0.00697	0.00830	0.00509	0.00515	0.01078	0.01371	0.09128	0.50531	0.19241	0.07779	0.02916	0.00670	0.00184	0.00286	0.01029	0.00560	0.00516

[dist]
# distance from previous block
# <min> <max>
0	97

# created by:
# /st0/software/busco_prod/Augustus/scripts/msa2prfl.pl ./align_prep/173119.fa
