[name]
unknown

[dist]
# distance from previous block
# <min> <max>
0	57

[block]
# block no. 0 follows, 52 sequences, length 15
# corresponding to MSA columns:
# 57-71
name=unknown_A
#
# <colnr> <probs for GDERKNQSTAVLIFYWHMCP>
#	G	D	E	R	K	N	Q	S	T	A	V	L	I	F	Y	W	H	M	C	P
0	0.13756	0.00670	0.00843	0.00848	0.01043	0.00669	0.00729	0.01352	0.01130	0.18162	0.02148	0.03969	0.02119	0.01051	0.00576	0.00197	0.00429	0.49315	0.00457	0.00538
1	0.01885	0.00919	0.01115	0.00871	0.01209	0.00897	0.00714	0.23746	0.01583	0.46319	0.01649	0.01536	0.01099	0.00589	0.00464	0.00143	0.00418	0.00467	0.13608	0.00767
2	0.00903	0.00452	0.00452	0.00452	0.00565	0.00452	0.00339	0.01129	0.01016	0.01807	0.01581	0.01807	0.01242	0.00565	0.00339	0.00113	0.00226	0.00452	0.85659	0.00452
3	0.01063	0.00712	0.00853	0.00818	0.00985	0.00734	0.00613	0.10130	0.17399	0.11316	0.04037	0.42312	0.02348	0.01102	0.00562	0.00178	0.00351	0.03427	0.00483	0.00576
4	0.01060	0.01060	0.01484	0.01272	0.01272	0.01484	0.01060	0.01166	0.00742	0.01166	0.00636	0.01060	0.00636	0.00848	0.01590	0.00212	0.82082	0.00424	0.00212	0.00530
5	0.01302	0.71046	0.02444	0.00932	0.01321	0.05781	0.04668	0.01466	0.01000	0.01164	0.00691	0.00823	0.00628	0.00440	0.00395	0.00113	0.04673	0.00286	0.00212	0.00616
6	0.01060	0.01060	0.01484	0.01272	0.01272	0.01484	0.01060	0.01166	0.00742	0.01166	0.00636	0.01060	0.00636	0.00848	0.01590	0.00212	0.82082	0.00424	0.00212	0.00530
7	0.01601	0.34379	0.04479	0.01013	0.01410	0.08198	0.00908	0.36390	0.01616	0.04317	0.00944	0.00994	0.00730	0.00504	0.00410	0.00127	0.00558	0.00354	0.00348	0.00718
8	0.00903	0.00452	0.00452	0.00452	0.00565	0.00452	0.00339	0.01129	0.01016	0.01807	0.01581	0.01807	0.01242	0.00565	0.00339	0.00113	0.00226	0.00452	0.85659	0.00452
9	0.05638	0.08737	0.61180	0.01240	0.01872	0.01141	0.01527	0.01614	0.01050	0.10272	0.00959	0.01060	0.00675	0.00472	0.00443	0.00149	0.00649	0.00359	0.00254	0.00711
10	0.01365	0.54603	0.17829	0.00944	0.01413	0.01576	0.01003	0.01607	0.01054	0.13303	0.00902	0.00959	0.00709	0.00452	0.00368	0.00121	0.00541	0.00314	0.00267	0.00672
11	0.01172	0.01114	0.04614	0.01246	0.01353	0.01377	0.04048	0.08121	0.00943	0.05634	0.00807	0.01151	0.00715	0.00916	0.05273	0.00227	0.60013	0.00436	0.00261	0.00580
12	0.01437	0.35113	0.14097	0.01076	0.01474	0.27709	0.01014	0.05576	0.05841	0.01366	0.00831	0.00928	0.00683	0.00472	0.00395	0.00124	0.00658	0.00318	0.00252	0.00636
13	0.00903	0.00452	0.00452	0.00452	0.00565	0.00452	0.00339	0.01129	0.01016	0.01807	0.01581	0.01807	0.01242	0.00565	0.00339	0.00113	0.00226	0.00452	0.85659	0.00452
14	0.08342	0.01135	0.01280	0.00989	0.01365	0.01189	0.00817	0.45375	0.01850	0.30588	0.01394	0.01309	0.00936	0.00578	0.00472	0.00147	0.00478	0.00441	0.00512	0.00802

[dist]
# distance from previous block
# <min> <max>
0	1

[block]
# block no. 1 follows, 52 sequences, length 38
# corresponding to MSA columns:
# 73-110
name=unknown_B
#
# <colnr> <probs for GDERKNQSTAVLIFYWHMCP>
#	G	D	E	R	K	N	Q	S	T	A	V	L	I	F	Y	W	H	M	C	P
0	0.01503	0.48299	0.04881	0.00978	0.01363	0.18299	0.02276	0.05197	0.02485	0.09409	0.00874	0.00941	0.00707	0.00465	0.00377	0.00119	0.00593	0.00316	0.00275	0.00646
1	0.00993	0.00486	0.00709	0.00675	0.00733	0.00481	0.00476	0.00885	0.00748	0.11158	0.01055	0.01600	0.00960	0.04361	0.10872	0.62247	0.00523	0.00450	0.00269	0.00318
2	0.01842	0.01357	0.01454	0.01115	0.01503	0.01503	0.00921	0.78330	0.02278	0.03054	0.01163	0.01163	0.00824	0.00582	0.00485	0.00145	0.00533	0.00436	0.00485	0.00824
3	0.00590	0.00422	0.00562	0.00675	0.00703	0.00394	0.00450	0.00675	0.00928	0.01237	0.02671	0.82653	0.03205	0.01518	0.00619	0.00197	0.00281	0.01378	0.00450	0.00394
4	0.00761	0.00615	0.00891	0.00852	0.00916	0.00758	0.00667	0.00909	0.00767	0.01119	0.01193	0.01841	0.01146	0.08907	0.60660	0.00652	0.16139	0.00515	0.00253	0.00441
5	0.01402	0.01196	0.01804	0.04425	0.51825	0.07897	0.06173	0.01688	0.02663	0.14559	0.01086	0.01267	0.00835	0.00470	0.00484	0.00145	0.00588	0.00442	0.00305	0.00746
6	0.01106	0.01139	0.01328	0.01160	0.01196	0.12061	0.00933	0.01203	0.00823	0.01139	0.00783	0.01330	0.00795	0.11499	0.03566	0.00248	0.58513	0.00448	0.00229	0.00501
7	0.00603	0.00492	0.00533	0.00523	0.00673	0.00422	0.00392	0.00754	0.01176	0.01480	0.25021	0.04383	0.59532	0.01164	0.00572	0.00161	0.00241	0.00983	0.00472	0.00422
8	0.01352	0.73696	0.02414	0.00931	0.04910	0.01798	0.00852	0.01516	0.01018	0.06671	0.00771	0.00858	0.00669	0.00428	0.00331	0.00109	0.00514	0.00283	0.00236	0.00643
9	0.00698	0.00536	0.00643	0.00670	0.00772	0.00525	0.00478	0.00996	0.11895	0.01505	0.20051	0.39147	0.14926	0.04036	0.00647	0.00187	0.00285	0.01073	0.00469	0.00459
10	0.01344	0.08490	0.05047	0.00935	0.01359	0.01075	0.03343	0.24056	0.03947	0.05806	0.01025	0.01099	0.00784	0.00457	0.00414	0.00110	0.00460	0.00359	0.00355	0.39534
11	0.14966	0.01105	0.01814	0.10619	0.50247	0.01142	0.10230	0.01459	0.01049	0.01640	0.00876	0.01155	0.00712	0.00437	0.00462	0.00149	0.00578	0.00421	0.00248	0.00691
12	0.00722	0.00504	0.00657	0.00614	0.00736	0.00463	0.00462	0.00947	0.01367	0.03921	0.76396	0.03588	0.05813	0.00985	0.00569	0.00153	0.00234	0.00869	0.00534	0.00466
13	0.01254	0.00967	0.01161	0.15400	0.01557	0.01074	0.00831	0.31856	0.11314	0.02186	0.18140	0.01931	0.03153	0.03221	0.00617	0.03244	0.00458	0.00562	0.00432	0.00641
14	0.01970	0.00794	0.01040	0.00813	0.01149	0.00710	0.00666	0.05718	0.01373	0.65018	0.01828	0.01650	0.01188	0.00594	0.00465	0.00144	0.00390	0.00480	0.13239	0.00769
15	0.00605	0.00428	0.00558	0.00656	0.00680	0.00403	0.00430	0.00679	0.00899	0.01199	0.02523	0.72367	0.03018	0.12059	0.00858	0.00232	0.00306	0.01291	0.00430	0.00381
16	0.01810	0.02310	0.01373	0.01248	0.01498	0.81024	0.00936	0.01935	0.01373	0.01186	0.00749	0.00874	0.00624	0.00499	0.00437	0.00125	0.00874	0.00312	0.00250	0.00562
17	0.01128	0.02289	0.70192	0.01314	0.01986	0.01072	0.01651	0.01642	0.01070	0.11725	0.01005	0.01104	0.00690	0.00478	0.00464	0.00153	0.00677	0.00375	0.00256	0.00730
18	0.01738	0.00892	0.01149	0.00911	0.01229	0.00863	0.03070	0.18762	0.04066	0.42500	0.11793	0.05504	0.01631	0.00713	0.00543	0.02376	0.00421	0.00570	0.00535	0.00734
19	0.01060	0.01033	0.04560	0.00843	0.01059	0.13021	0.00679	0.09493	0.12378	0.01904	0.40746	0.02623	0.07002	0.00814	0.00526	0.00150	0.00405	0.00681	0.00460	0.00565
20	0.01286	0.11769	0.12542	0.02608	0.01358	0.00979	0.00851	0.06331	0.05048	0.15746	0.06586	0.01332	0.01087	0.00505	0.00438	0.00120	0.01532	0.00398	0.00358	0.29127
21	0.71358	0.01213	0.14748	0.00768	0.01141	0.01094	0.00748	0.01444	0.00860	0.02062	0.00709	0.00829	0.00540	0.00452	0.00328	0.00151	0.00435	0.00279	0.00283	0.00558
22	0.01825	0.01474	0.01437	0.01130	0.01497	0.11788	0.00920	0.66927	0.03700	0.02792	0.01126	0.01139	0.00811	0.00573	0.00479	0.00143	0.00574	0.00422	0.00455	0.00789
23	0.01076	0.00590	0.00749	0.00658	0.00837	0.00548	0.00510	0.04035	0.01355	0.18592	0.48747	0.02844	0.03227	0.00830	0.00516	0.00146	0.00278	0.00715	0.13201	0.00548
24	0.12182	0.01090	0.01773	0.13708	0.55403	0.01136	0.04862	0.01447	0.01050	0.01610	0.00877	0.01164	0.00718	0.00440	0.00461	0.00148	0.00571	0.00416	0.00244	0.00699
25	0.01675	0.01298	0.01421	0.11604	0.04308	0.06904	0.00973	0.50658	0.07224	0.07276	0.01188	0.01235	0.00853	0.00565	0.00482	0.00148	0.00555	0.00438	0.00433	0.00763
26	0.00671	0.00495	0.00627	0.00594	0.00715	0.00451	0.00445	0.00885	0.01336	0.01858	0.69648	0.03760	0.14668	0.01022	0.00572	0.00154	0.00231	0.00896	0.00522	0.00451
27	0.00719	0.00463	0.00522	0.00533	0.00551	0.00460	0.00315	0.00757	0.00767	0.01082	0.01648	0.10952	0.01839	0.64150	0.02006	0.00396	0.00419	0.00739	0.11357	0.00324
28	0.12197	0.01096	0.01756	0.10205	0.62401	0.01136	0.01349	0.01455	0.01055	0.01627	0.00876	0.01155	0.00725	0.00439	0.00457	0.00146	0.00556	0.00410	0.00245	0.00714
29	0.01471	0.00883	0.01077	0.00798	0.01204	0.00732	0.00647	0.06512	0.02436	0.29250	0.01266	0.01253	0.00905	0.00462	0.00414	0.00105	0.00389	0.00371	0.00412	0.49414
30	0.00842	0.00421	0.00631	0.00631	0.00631	0.00421	0.00421	0.00631	0.00631	0.00842	0.00842	0.01473	0.00842	0.01684	0.01894	0.85901	0.00421	0.00421	0.00210	0.00210
31	0.01064	0.14596	0.54057	0.01276	0.01824	0.04110	0.01505	0.01481	0.00988	0.01407	0.00801	0.00986	0.00619	0.00512	0.00605	0.00154	0.12788	0.00351	0.00208	0.00669
32	0.01240	0.03734	0.05675	0.09554	0.02054	0.03269	0.34202	0.11498	0.06669	0.05302	0.01158	0.05458	0.00927	0.00554	0.00583	0.00161	0.05321	0.00540	0.01444	0.00656
33	0.00915	0.00861	0.01453	0.81804	0.03338	0.01077	0.01346	0.01238	0.00969	0.01238	0.00861	0.01292	0.00646	0.00484	0.00484	0.00161	0.00646	0.00431	0.00215	0.00538
34	0.00692	0.00535	0.00711	0.00766	0.00803	0.00571	0.00544	0.03270	0.00948	0.01287	0.02358	0.69437	0.02795	0.01401	0.00740	0.00197	0.10875	0.01224	0.00420	0.00425
35	0.01401	0.48464	0.09851	0.01031	0.01420	0.22374	0.02071	0.03438	0.01115	0.01244	0.00728	0.00853	0.00629	0.00459	0.00407	0.00119	0.03256	0.00297	0.00225	0.00618
36	0.01451	0.11766	0.01342	0.00962	0.01263	0.06174	0.00778	0.26815	0.22961	0.07519	0.01523	0.07050	0.02254	0.05255	0.00583	0.00166	0.00478	0.00527	0.00431	0.00701
37	0.04375	0.01211	0.01328	0.01031	0.01394	0.01311	0.00848	0.59760	0.03073	0.12930	0.06723	0.01394	0.01133	0.00610	0.00486	0.00147	0.00490	0.00470	0.00498	0.00789

[dist]
# distance from previous block
# <min> <max>
0	23

[block]
# block no. 2 follows, 52 sequences, length 7
# corresponding to MSA columns:
# 134-140
name=unknown_C
#
# <colnr> <probs for GDERKNQSTAVLIFYWHMCP>
#	G	D	E	R	K	N	Q	S	T	A	V	L	I	F	Y	W	H	M	C	P
0	0.21007	0.03321	0.12536	0.20604	0.01800	0.01091	0.00982	0.01679	0.19488	0.04040	0.01109	0.01230	0.00833	0.00505	0.00425	0.00149	0.00495	0.00394	0.00317	0.07998
1	0.00991	0.01350	0.20507	0.02605	0.01439	0.07878	0.07579	0.02617	0.01004	0.01366	0.05470	0.04479	0.07020	0.10620	0.04080	0.00224	0.16324	0.00544	0.00278	0.03623
2	0.00976	0.00520	0.00699	0.00720	0.00833	0.00471	0.00514	0.01085	0.01040	0.20478	0.02486	0.62935	0.02717	0.01295	0.00587	0.00185	0.00313	0.01161	0.00486	0.00499
3	0.00964	0.08598	0.40483	0.10977	0.01791	0.00987	0.01270	0.01326	0.01009	0.05572	0.01346	0.20939	0.01280	0.00724	0.00491	0.00161	0.00569	0.00614	0.00287	0.00614
4	0.01561	0.01148	0.01258	0.00992	0.01313	0.01248	0.00808	0.59486	0.02058	0.02784	0.20279	0.01761	0.01737	0.00681	0.00506	0.00147	0.00459	0.00543	0.00497	0.00735
5	0.01689	0.02008	0.08268	0.01296	0.01640	0.47961	0.07675	0.20464	0.01544	0.01702	0.00880	0.00995	0.00682	0.00508	0.00462	0.00136	0.00773	0.00369	0.00303	0.00647
6	0.01112	0.36786	0.42292	0.01105	0.01674	0.01433	0.01305	0.01479	0.01006	0.01369	0.00786	0.00917	0.00624	0.00435	0.00390	0.00127	0.00609	0.00311	0.00211	0.06029

[dist]
# distance from previous block
# <min> <max>
0	2

[block]
# block no. 3 follows, 52 sequences, length 10
# corresponding to MSA columns:
# 143-152
name=unknown_D
#
# <colnr> <probs for GDERKNQSTAVLIFYWHMCP>
#	G	D	E	R	K	N	Q	S	T	A	V	L	I	F	Y	W	H	M	C	P
0	0.46420	0.34546	0.06434	0.00762	0.01134	0.01428	0.00728	0.01442	0.00902	0.01713	0.00687	0.00798	0.00570	0.00436	0.00314	0.00131	0.00455	0.00267	0.00256	0.00576
1	0.01248	0.71299	0.14081	0.00911	0.01370	0.01800	0.00972	0.01463	0.00990	0.01199	0.00703	0.00814	0.00621	0.00421	0.00333	0.00111	0.00548	0.00274	0.00207	0.00636
2	0.08642	0.00950	0.01276	0.00928	0.01352	0.00804	0.12085	0.04061	0.01073	0.05579	0.00925	0.01068	0.00731	0.00394	0.00396	0.00099	0.00437	0.00342	0.00304	0.58553
3	0.00972	0.02507	0.80458	0.01381	0.02097	0.01125	0.01790	0.01535	0.01023	0.01535	0.00870	0.01023	0.00614	0.00460	0.00460	0.00153	0.00716	0.00358	0.00205	0.00716
4	0.00605	0.00433	0.00575	0.00665	0.00706	0.00403	0.00451	0.00710	0.00994	0.01342	0.14080	0.70946	0.03408	0.01440	0.00612	0.00190	0.00273	0.01303	0.00462	0.00403
5	0.00595	0.00442	0.00556	0.00632	0.00695	0.00402	0.00434	0.00700	0.01002	0.01314	0.09910	0.60069	0.18652	0.01413	0.00605	0.00186	0.00269	0.01262	0.00457	0.00402
6	0.00640	0.00487	0.00588	0.00577	0.00699	0.00435	0.00427	0.00820	0.01242	0.01668	0.47812	0.11443	0.29163	0.01118	0.00576	0.00160	0.00239	0.00972	0.00498	0.00435
7	0.00787	0.00621	0.00823	0.07866	0.00964	0.00726	0.00574	0.00869	0.00785	0.01091	0.06156	0.02500	0.01568	0.46458	0.10770	0.00409	0.15746	0.00618	0.00283	0.00385
8	0.00609	0.00492	0.00541	0.00529	0.00677	0.00424	0.00396	0.00765	0.01189	0.01510	0.28630	0.04333	0.55903	0.01152	0.00572	0.00160	0.00240	0.00976	0.00476	0.00424
9	0.01005	0.00861	0.01005	0.00718	0.01148	0.00646	0.00574	0.01220	0.01005	0.01579	0.00861	0.01005	0.00718	0.00359	0.00359	0.00072	0.00359	0.00287	0.00287	0.85932

[dist]
# distance from previous block
# <min> <max>
0	9

[block]
# block no. 4 follows, 52 sequences, length 15
# corresponding to MSA columns:
# 162-176
name=unknown_E
#
# <colnr> <probs for GDERKNQSTAVLIFYWHMCP>
#	G	D	E	R	K	N	Q	S	T	A	V	L	I	F	Y	W	H	M	C	P
0	0.00705	0.00470	0.00529	0.00529	0.00529	0.00470	0.00294	0.00705	0.00705	0.00940	0.01527	0.03171	0.01762	0.82969	0.02467	0.00470	0.00470	0.00705	0.00294	0.00294
1	0.01207	0.24471	0.01476	0.00909	0.01219	0.01360	0.00761	0.04924	0.48099	0.01758	0.01792	0.01704	0.07075	0.00628	0.00447	0.00146	0.00417	0.00497	0.00408	0.00701
2	0.25918	0.01107	0.01135	0.00904	0.01253	0.01204	0.00743	0.37863	0.05234	0.12457	0.01159	0.01163	0.00826	0.00541	0.00423	0.00144	0.00449	0.00393	0.03201	0.03881
3	0.01494	0.57604	0.02121	0.00860	0.01257	0.01620	0.00809	0.09908	0.01206	0.15396	0.03039	0.01049	0.00851	0.00481	0.00368	0.00118	0.00493	0.00335	0.00315	0.00675
4	0.00677	0.00495	0.00636	0.00601	0.00719	0.00454	0.00451	0.00898	0.01352	0.01896	0.74087	0.03698	0.10206	0.01008	0.00572	0.00153	0.00230	0.00887	0.00527	0.00454
5	0.01265	0.01173	0.01914	0.02783	0.71887	0.01188	0.01429	0.09382	0.01224	0.01734	0.00937	0.01196	0.00773	0.00447	0.00480	0.00144	0.00571	0.00432	0.00265	0.00773
6	0.00580	0.00462	0.00521	0.00568	0.00675	0.00403	0.00402	0.00687	0.01030	0.01279	0.03970	0.37398	0.47622	0.01349	0.00592	0.00178	0.00260	0.01172	0.00450	0.00403
7	0.01183	0.01126	0.01872	0.07514	0.69528	0.01151	0.01425	0.01553	0.06905	0.01596	0.00988	0.01250	0.00813	0.00452	0.00481	0.00146	0.00566	0.00440	0.00257	0.00754
8	0.20847	0.01151	0.01219	0.00955	0.01320	0.01243	0.00788	0.45091	0.01765	0.19139	0.01212	0.01182	0.00836	0.00556	0.00444	0.00147	0.00472	0.00408	0.00468	0.00757
9	0.00573	0.00491	0.00491	0.00491	0.00655	0.00409	0.00368	0.00695	0.01105	0.01309	0.04909	0.04664	0.79750	0.01227	0.00573	0.00164	0.00245	0.01023	0.00450	0.00409
10	0.01566	0.01044	0.01145	0.00928	0.01232	0.01127	0.00758	0.44512	0.07579	0.10042	0.01467	0.01650	0.01114	0.00631	0.00466	0.00145	0.00440	0.04987	0.18450	0.00719
11	0.00640	0.00494	0.00584	0.00561	0.00696	0.00438	0.00421	0.00825	0.01262	0.01684	0.49104	0.04047	0.35321	0.01087	0.00572	0.00157	0.00236	0.00936	0.00499	0.00438
12	0.00629	0.00493	0.00568	0.00550	0.00689	0.00433	0.00412	0.00804	0.01236	0.01622	0.41831	0.04148	0.42633	0.01110	0.00572	0.00158	0.00237	0.00950	0.00491	0.00433
13	0.77290	0.00925	0.00757	0.00662	0.00970	0.01047	0.00545	0.01526	0.00885	0.10616	0.00808	0.00880	0.00598	0.00466	0.00320	0.00150	0.00379	0.00287	0.00332	0.00557
14	0.68501	0.00917	0.00835	0.09433	0.01227	0.01047	0.00633	0.01501	0.00898	0.10098	0.00822	0.00930	0.00607	0.00469	0.00339	0.00151	0.00408	0.00304	0.00322	0.00557

[dist]
# distance from previous block
# <min> <max>
0	1

[block]
# block no. 5 follows, 52 sequences, length 10
# corresponding to MSA columns:
# 178-187
name=unknown_F
#
# <colnr> <probs for GDERKNQSTAVLIFYWHMCP>
#	G	D	E	R	K	N	Q	S	T	A	V	L	I	F	Y	W	H	M	C	P
0	0.10207	0.00868	0.01045	0.00807	0.01174	0.00782	0.00657	0.06340	0.03836	0.40183	0.05315	0.01463	0.01156	0.00540	0.00438	0.00129	0.00391	0.00429	0.00472	0.23767
1	0.14732	0.54177	0.08049	0.00843	0.01254	0.01601	0.00837	0.03989	0.01002	0.01425	0.00732	0.00853	0.00633	0.00506	0.02349	0.00131	0.00521	0.00281	0.00237	0.05851
2	0.86392	0.00937	0.00712	0.00637	0.00937	0.01087	0.00525	0.01425	0.00825	0.02174	0.00675	0.00787	0.00525	0.00450	0.00300	0.00150	0.00375	0.00262	0.00300	0.00525
3	0.01238	0.01020	0.01206	0.13777	0.03572	0.01181	0.00891	0.06042	0.54252	0.06112	0.01683	0.01646	0.01255	0.00624	0.00527	0.00163	0.03128	0.00514	0.00439	0.00729
4	0.06708	0.01247	0.01359	0.01047	0.01428	0.01351	0.00865	0.61648	0.02051	0.15514	0.01257	0.01221	0.00868	0.00577	0.00475	0.00146	0.00505	0.00435	0.00493	0.00807
5	0.01005	0.00861	0.01005	0.00718	0.01148	0.00646	0.00574	0.01220	0.01005	0.01579	0.00861	0.01005	0.00718	0.00359	0.00359	0.00072	0.00359	0.00287	0.00287	0.85932
6	0.06941	0.01177	0.01329	0.09150	0.01586	0.01292	0.00892	0.51440	0.04052	0.13290	0.01238	0.01254	0.00868	0.00568	0.00470	0.00148	0.00506	0.00436	0.02597	0.00766
7	0.01128	0.01238	0.09777	0.16308	0.58999	0.01136	0.01494	0.01449	0.01072	0.01519	0.00899	0.01198	0.00731	0.00444	0.00479	0.00148	0.00602	0.00424	0.00232	0.00723
8	0.00733	0.00527	0.00724	0.00831	0.00928	0.00518	0.00696	0.00924	0.01077	0.01401	0.02691	0.20950	0.06281	0.01370	0.00655	0.00215	0.00404	0.58193	0.00447	0.00434
9	0.00940	0.00886	0.01498	0.74991	0.09959	0.01083	0.01358	0.01260	0.00981	0.01268	0.00866	0.01284	0.00657	0.00480	0.00484	0.00160	0.00640	0.00431	0.00217	0.00558

[dist]
# distance from previous block
# <min> <max>
0	4

[block]
# block no. 6 follows, 52 sequences, length 26
# corresponding to MSA columns:
# 192-197,200-219
name=unknown_G
#
# <colnr> <probs for GDERKNQSTAVLIFYWHMCP>
#	G	D	E	R	K	N	Q	S	T	A	V	L	I	F	Y	W	H	M	C	P
0	0.01728	0.00726	0.00982	0.00787	0.01083	0.00636	0.00636	0.01928	0.01382	0.56806	0.25220	0.02240	0.02210	0.00717	0.00513	0.00151	0.00357	0.00604	0.00580	0.00715
1	0.00703	0.00478	0.00571	0.00571	0.00586	0.00493	0.00347	0.00732	0.00717	0.00971	0.01488	0.02955	0.01668	0.69457	0.15851	0.00522	0.00611	0.00673	0.00288	0.00317
2	0.00836	0.00566	0.00633	0.00591	0.00778	0.00502	0.00451	0.01053	0.05788	0.11809	0.13868	0.06614	0.52537	0.01091	0.00558	0.00162	0.00275	0.00918	0.00483	0.00491
3	0.01810	0.02310	0.01373	0.01248	0.01498	0.81024	0.00936	0.01935	0.01373	0.01186	0.00749	0.00874	0.00624	0.00499	0.00437	0.00125	0.00874	0.00312	0.00250	0.00562
4	0.00922	0.00874	0.01495	0.79464	0.03314	0.01081	0.03601	0.01247	0.00974	0.01247	0.00865	0.01292	0.00649	0.00482	0.00487	0.00162	0.00651	0.00435	0.00216	0.00542
5	0.01109	0.38466	0.35171	0.11702	0.01878	0.01474	0.01301	0.01458	0.00999	0.01319	0.00781	0.00948	0.00622	0.00443	0.00397	0.00132	0.00618	0.00323	0.00207	0.00651
6	0.47368	0.33604	0.01465	0.00737	0.01079	0.03389	0.00661	0.02825	0.00939	0.01751	0.02228	0.00848	0.00650	0.00450	0.00316	0.00131	0.00444	0.00277	0.00270	0.00568
7	0.00591	0.00480	0.00524	0.00538	0.00672	0.00413	0.00394	0.00721	0.01110	0.01380	0.14355	0.17810	0.56833	0.01246	0.00580	0.00168	0.00249	0.01064	0.00461	0.00413
8	0.01296	0.83261	0.02539	0.00829	0.01244	0.01917	0.00829	0.01451	0.00985	0.01140	0.00674	0.00777	0.00622	0.00415	0.00311	0.00104	0.00518	0.00259	0.00207	0.00622
9	0.00898	0.00516	0.00607	0.00572	0.00622	0.00502	0.00349	0.00922	0.00794	0.11366	0.01577	0.02971	0.01688	0.72145	0.02206	0.00428	0.00462	0.00676	0.00334	0.00363
10	0.11353	0.01194	0.01243	0.00984	0.01321	0.03584	0.00804	0.52891	0.01917	0.07097	0.11457	0.01462	0.01298	0.00619	0.00474	0.00147	0.00478	0.00474	0.00470	0.00734
11	0.01335	0.53515	0.02102	0.00959	0.01318	0.14376	0.03465	0.01641	0.10287	0.01282	0.00948	0.01177	0.00840	0.00505	0.00380	0.00122	0.00566	0.04297	0.00262	0.00621
12	0.01924	0.00769	0.01044	0.00820	0.01151	0.00669	0.00669	0.02118	0.01384	0.67109	0.14990	0.01981	0.01767	0.00666	0.00501	0.00150	0.00381	0.00553	0.00589	0.00763
13	0.01318	0.01520	0.18380	0.04237	0.02184	0.06085	0.41983	0.01700	0.01169	0.14925	0.01098	0.01280	0.00780	0.00460	0.00523	0.00157	0.00725	0.00493	0.00297	0.00686
14	0.06606	0.18476	0.04254	0.11717	0.01732	0.15936	0.05747	0.24505	0.03459	0.01856	0.00917	0.01046	0.00709	0.00499	0.00434	0.00137	0.00617	0.00374	0.00314	0.00663
15	0.00884	0.00625	0.00914	0.01120	0.11331	0.00612	0.00802	0.01085	0.01093	0.06307	0.02329	0.20343	0.02509	0.01210	0.00623	0.00203	0.00428	0.46653	0.00429	0.00501
16	0.01195	0.01165	0.02188	0.01620	0.02037	0.01130	0.49594	0.01779	0.18168	0.06524	0.01303	0.04053	0.01006	0.00508	0.00539	0.00159	0.00654	0.00571	0.00330	0.05477
17	0.01374	0.00853	0.01044	0.00768	0.01174	0.00680	0.00621	0.03108	0.01155	0.25728	0.02725	0.01256	0.00943	0.00449	0.00405	0.00099	0.00376	0.00363	0.00392	0.56488
18	0.00728	0.00563	0.00673	0.00639	0.00780	0.00544	0.00481	0.01081	0.11512	0.01803	0.51917	0.06905	0.18507	0.01014	0.00563	0.00158	0.00254	0.00882	0.00509	0.00486
19	0.01144	0.01307	0.02859	0.02042	0.02533	0.01225	0.78186	0.01552	0.01144	0.01552	0.00980	0.01307	0.00735	0.00408	0.00572	0.00163	0.00817	0.00572	0.00245	0.00654
20	0.00965	0.02290	0.70076	0.11950	0.02260	0.01119	0.01732	0.01496	0.01016	0.01496	0.00869	0.01058	0.00618	0.00464	0.00464	0.00155	0.00707	0.00368	0.00206	0.00693
21	0.00842	0.00421	0.00631	0.00631	0.00631	0.00421	0.00421	0.00631	0.00631	0.00842	0.00842	0.01473	0.00842	0.01684	0.01894	0.85901	0.00421	0.00421	0.00210	0.00210
22	0.01148	0.46391	0.38115	0.01081	0.01634	0.01556	0.01268	0.01489	0.01002	0.01320	0.00763	0.00890	0.00618	0.00436	0.00379	0.00126	0.00609	0.00304	0.00206	0.00665
23	0.00590	0.00422	0.00562	0.00675	0.00703	0.00394	0.00450	0.00675	0.00928	0.01237	0.02671	0.82653	0.03205	0.01518	0.00619	0.00197	0.00281	0.01378	0.00450	0.00394
24	0.01605	0.00786	0.00987	0.00820	0.01100	0.02142	0.00652	0.01967	0.12655	0.45529	0.19333	0.06655	0.02097	0.00745	0.00513	0.00155	0.00368	0.00630	0.00555	0.00705
25	0.00964	0.06376	0.61070	0.11873	0.02131	0.01119	0.01599	0.01453	0.01036	0.01500	0.05740	0.01206	0.00864	0.00494	0.00463	0.00152	0.00666	0.00395	0.00227	0.00672

[dist]
# distance from previous block
# <min> <max>
0	2

[block]
# block no. 7 follows, 52 sequences, length 32
# corresponding to MSA columns:
# 222-253
name=unknown_H
#
# <colnr> <probs for GDERKNQSTAVLIFYWHMCP>
#	G	D	E	R	K	N	Q	S	T	A	V	L	I	F	Y	W	H	M	C	P
0	0.01700	0.19659	0.01623	0.01159	0.01444	0.64070	0.00913	0.01831	0.01290	0.01176	0.00733	0.00853	0.00624	0.00481	0.00410	0.00120	0.00798	0.00301	0.00241	0.00575
1	0.00908	0.10349	0.00929	0.00744	0.00891	0.00712	0.00569	0.01154	0.08482	0.08918	0.06838	0.38839	0.04706	0.03511	0.07195	0.00230	0.00422	0.03673	0.00425	0.00504
2	0.01208	0.01210	0.04924	0.11660	0.02105	0.05893	0.36456	0.07761	0.01197	0.07046	0.01211	0.10901	0.01040	0.00605	0.00589	0.00164	0.04495	0.00602	0.00307	0.00625
3	0.86392	0.00937	0.00712	0.00637	0.00937	0.01087	0.00525	0.01425	0.00825	0.02174	0.00675	0.00787	0.00525	0.00450	0.00300	0.00150	0.00375	0.00262	0.00300	0.00525
4	0.00804	0.00819	0.10261	0.00829	0.01060	0.00615	0.06997	0.01087	0.02473	0.04529	0.46275	0.05256	0.12893	0.00915	0.00559	0.00158	0.00354	0.03144	0.00457	0.00514
5	0.00598	0.00442	0.00560	0.00642	0.00702	0.00404	0.00443	0.00702	0.00994	0.01304	0.08435	0.61566	0.16905	0.01426	0.00608	0.00188	0.00275	0.02945	0.00456	0.00402
6	0.00995	0.08136	0.75027	0.01343	0.02038	0.01181	0.01723	0.01529	0.01020	0.01507	0.00856	0.01006	0.00614	0.00457	0.00450	0.00150	0.00702	0.00351	0.00205	0.00710
7	0.00723	0.00562	0.00831	0.00814	0.00891	0.00675	0.00636	0.00887	0.00774	0.01124	0.01249	0.01862	0.01176	0.05121	0.72839	0.00726	0.07900	0.00515	0.00256	0.00438
8	0.01180	0.01290	0.02117	0.01544	0.01987	0.10497	0.45318	0.01496	0.01129	0.01517	0.00917	0.01163	0.00717	0.00404	0.00491	0.00131	0.00684	0.00454	0.00258	0.26707
9	0.01171	0.01001	0.01070	0.00979	0.01239	0.01152	0.00768	0.02446	0.72683	0.01980	0.02021	0.02108	0.01587	0.00713	0.00508	0.00169	0.00389	0.06787	0.00489	0.00741
10	0.00980	0.01155	0.11059	0.50105	0.05190	0.01143	0.14106	0.01327	0.00990	0.01330	0.00865	0.01241	0.00660	0.00497	0.00587	0.00164	0.07354	0.00445	0.00219	0.00585
11	0.01093	0.00595	0.00838	0.00763	0.00922	0.00608	0.00593	0.01260	0.00993	0.22564	0.09003	0.02111	0.01579	0.09554	0.44647	0.00522	0.00883	0.00561	0.00381	0.00529
12	0.01787	0.01077	0.01253	0.00996	0.01347	0.01115	0.00827	0.42083	0.03018	0.26955	0.01568	0.01830	0.01181	0.00672	0.00504	0.00154	0.00478	0.09478	0.00511	0.03165
13	0.01179	0.01077	0.01732	0.29530	0.44638	0.01168	0.01372	0.10501	0.01197	0.01640	0.00924	0.01227	0.00733	0.00467	0.00482	0.00150	0.00595	0.00432	0.00261	0.00696
14	0.00721	0.00464	0.00541	0.00541	0.00541	0.00464	0.00309	0.00696	0.00696	0.00928	0.01446	0.02970	0.01653	0.73345	0.02399	0.10585	0.00464	0.00671	0.00284	0.00284
15	0.01253	0.01356	0.02472	0.01810	0.02254	0.06809	0.59045	0.07969	0.08727	0.01695	0.01074	0.01313	0.00806	0.00453	0.00548	0.00159	0.00756	0.00540	0.00289	0.00672
16	0.47968	0.01165	0.01046	0.00860	0.01194	0.04360	0.00705	0.33411	0.01450	0.02502	0.00881	0.00947	0.00653	0.00507	0.00382	0.00147	0.00460	0.00337	0.00375	0.00651
17	0.00745	0.00560	0.00697	0.00651	0.00786	0.00545	0.00492	0.01106	0.10565	0.01938	0.68729	0.03430	0.05975	0.00957	0.00562	0.00154	0.00247	0.00841	0.00527	0.00493
18	0.23933	0.01007	0.01154	0.00944	0.01203	0.01148	0.00781	0.16386	0.01243	0.23604	0.01120	0.01187	0.00812	0.00618	0.00707	0.00164	0.20640	0.00402	0.02284	0.00665
19	0.01792	0.01700	0.01402	0.01158	0.01486	0.31711	0.00918	0.44745	0.06544	0.02282	0.01055	0.01092	0.00787	0.00555	0.00467	0.00139	0.00654	0.00396	0.00396	0.00721
20	0.00596	0.00454	0.00549	0.00605	0.00689	0.00406	0.00423	0.00710	0.01040	0.01345	0.12540	0.47164	0.29015	0.01358	0.00598	0.00180	0.00263	0.01199	0.00460	0.00406
21	0.01183	0.15631	0.01316	0.00929	0.01221	0.01284	0.00754	0.02262	0.60503	0.01826	0.01918	0.01796	0.06025	0.00648	0.00465	0.00154	0.00399	0.00525	0.00440	0.00720
22	0.00590	0.00422	0.00562	0.00675	0.00703	0.00394	0.00450	0.00675	0.00928	0.01237	0.02671	0.82653	0.03205	0.01518	0.00619	0.00197	0.00281	0.01378	0.00450	0.00394
23	0.00972	0.00935	0.01312	0.01157	0.01169	0.01276	0.00948	0.01083	0.00764	0.01168	0.00910	0.08986	0.00951	0.01242	0.10905	0.00278	0.64672	0.00527	0.00240	0.00505
24	0.00691	0.00466	0.00531	0.00542	0.00548	0.00461	0.00310	0.00702	0.00734	0.00975	0.01699	0.10822	0.03345	0.73643	0.02254	0.00438	0.00448	0.00775	0.00312	0.00305
25	0.01120	0.00930	0.01067	0.00772	0.01197	0.00764	0.00622	0.11827	0.01180	0.01782	0.00903	0.01027	0.00732	0.00390	0.00376	0.00082	0.00383	0.00308	0.00314	0.74225
26	0.21205	0.28756	0.20014	0.00931	0.01379	0.01336	0.00967	0.03935	0.03242	0.12791	0.00947	0.01001	0.00710	0.00472	0.00379	0.00136	0.00513	0.00329	0.00300	0.00660
27	0.01809	0.01907	0.01345	0.01169	0.01457	0.53443	0.00900	0.15772	0.06954	0.09167	0.01020	0.01066	0.00775	0.00535	0.00454	0.00134	0.00734	0.00368	0.00343	0.00649
28	0.00806	0.00568	0.00647	0.00617	0.00668	0.00587	0.00395	0.08162	0.00898	0.01196	0.01748	0.08525	0.06413	0.60452	0.04093	0.00403	0.02391	0.00733	0.00329	0.00368
29	0.71303	0.01125	0.00835	0.00738	0.01038	0.10577	0.00597	0.06101	0.00977	0.02110	0.00713	0.00820	0.00555	0.00464	0.00327	0.00147	0.00443	0.00279	0.00305	0.00547
30	0.68917	0.00914	0.00798	0.00684	0.00999	0.01009	0.00564	0.01619	0.00941	0.18382	0.00931	0.00966	0.00665	0.00481	0.00339	0.00150	0.00383	0.00309	0.00362	0.00587
31	0.07220	0.46449	0.13014	0.00918	0.01328	0.02634	0.00931	0.02985	0.03244	0.07844	0.01031	0.01371	0.00897	0.00538	0.00390	0.00132	0.00522	0.07634	0.00282	0.00635

[dist]
# distance from previous block
# <min> <max>
0	1

[block]
# block no. 8 follows, 52 sequences, length 21
# corresponding to MSA columns:
# 257-277
name=unknown_I
#
# <colnr> <probs for GDERKNQSTAVLIFYWHMCP>
#	G	D	E	R	K	N	Q	S	T	A	V	L	I	F	Y	W	H	M	C	P
0	0.01288	0.01080	0.07100	0.05815	0.02785	0.01063	0.04305	0.07113	0.38138	0.13370	0.01718	0.01706	0.03315	0.00893	0.07886	0.00216	0.00541	0.00520	0.00433	0.00717
1	0.04247	0.01007	0.01049	0.00936	0.01208	0.01147	0.00732	0.07189	0.64213	0.02032	0.02144	0.01992	0.08585	0.00697	0.00493	0.00163	0.00380	0.00574	0.00482	0.00729
2	0.01082	0.01451	0.18932	0.13637	0.13653	0.01179	0.32346	0.01540	0.05664	0.01522	0.00976	0.01250	0.00741	0.00464	0.00552	0.00160	0.03457	0.00479	0.00245	0.00669
3	0.00599	0.00492	0.00527	0.00518	0.00670	0.00420	0.00389	0.00746	0.01166	0.01454	0.22026	0.04425	0.62542	0.01173	0.00572	0.00161	0.00242	0.00989	0.00469	0.00420
4	0.01090	0.01159	0.04189	0.06253	0.07322	0.09233	0.06037	0.01345	0.05502	0.01286	0.00896	0.01258	0.00792	0.01149	0.13750	0.00277	0.37211	0.00444	0.00244	0.00564
5	0.00696	0.00505	0.00705	0.00705	0.00766	0.00566	0.00514	0.00818	0.00757	0.01070	0.01366	0.02278	0.01374	0.27074	0.57831	0.00688	0.01053	0.00574	0.00270	0.00392
6	0.00600	0.00486	0.00533	0.00535	0.00675	0.00419	0.00396	0.00744	0.01149	0.01447	0.21792	0.11581	0.55547	0.01200	0.00577	0.00164	0.00245	0.01022	0.00469	0.00419
7	0.86392	0.00937	0.00712	0.00637	0.00937	0.01087	0.00525	0.01425	0.00825	0.02174	0.00675	0.00787	0.00525	0.00450	0.00300	0.00150	0.00375	0.00262	0.00300	0.00525
8	0.00623	0.00435	0.00553	0.00633	0.00654	0.00415	0.00406	0.00683	0.00865	0.01153	0.02347	0.60155	0.02797	0.24573	0.01142	0.00274	0.00335	0.01187	0.00406	0.00365
9	0.01107	0.01057	0.01799	0.28697	0.54948	0.01127	0.01441	0.01406	0.01060	0.01471	0.00895	0.01230	0.00728	0.00449	0.00481	0.00150	0.00599	0.00431	0.00232	0.00693
10	0.86392	0.00937	0.00712	0.00637	0.00937	0.01087	0.00525	0.01425	0.00825	0.02174	0.00675	0.00787	0.00525	0.00450	0.00300	0.00150	0.00375	0.00262	0.00300	0.00525
11	0.00988	0.02309	0.70474	0.01322	0.01979	0.01117	0.01654	0.01623	0.08865	0.01594	0.02974	0.01168	0.00801	0.00494	0.00466	0.00155	0.00670	0.00390	0.00242	0.00715
12	0.08077	0.00771	0.00954	0.00768	0.01055	0.00720	0.00609	0.05998	0.01253	0.50490	0.01688	0.01804	0.01218	0.12994	0.00757	0.00194	0.00406	0.00497	0.09062	0.00685
13	0.01242	0.00966	0.01053	0.00937	0.01204	0.01085	0.00731	0.02389	0.64145	0.09199	0.09767	0.01975	0.01764	0.00686	0.00500	0.00162	0.00371	0.00575	0.00507	0.00741
14	0.07537	0.01457	0.14202	0.01795	0.06402	0.01224	0.49021	0.09243	0.01214	0.01748	0.00956	0.01205	0.00712	0.00438	0.00521	0.00158	0.00727	0.00496	0.00267	0.00677
15	0.00798	0.00704	0.00891	0.21110	0.01468	0.06943	0.00755	0.00973	0.01003	0.01282	0.06090	0.38451	0.02246	0.01291	0.06560	0.00226	0.00507	0.07881	0.00365	0.00454
16	0.01213	0.15539	0.02013	0.11890	0.49378	0.05569	0.04733	0.01478	0.01083	0.01442	0.00858	0.01124	0.00718	0.00438	0.00453	0.00139	0.00601	0.00401	0.00232	0.00699
17	0.00915	0.00861	0.01453	0.81804	0.03338	0.01077	0.01346	0.01238	0.00969	0.01238	0.00861	0.01292	0.00646	0.00484	0.00484	0.00161	0.00646	0.00431	0.00215	0.00538
18	0.01235	0.62643	0.02479	0.09139	0.01648	0.01729	0.12536	0.01445	0.01007	0.01212	0.00739	0.00909	0.00641	0.00421	0.00368	0.00118	0.00576	0.00323	0.00214	0.00618
19	0.01296	0.00658	0.00900	0.00832	0.04464	0.00594	0.00625	0.01509	0.01341	0.32572	0.38335	0.02901	0.04596	0.00844	0.00542	0.00157	0.00333	0.06351	0.00538	0.00613
20	0.00727	0.00507	0.00648	0.00606	0.00735	0.00461	0.00457	0.00943	0.01343	0.04688	0.68803	0.03662	0.12589	0.01002	0.00569	0.00154	0.00237	0.00878	0.00527	0.00465

[dist]
# distance from previous block
# <min> <max>
0	1

[block]
# block no. 9 follows, 52 sequences, length 11
# corresponding to MSA columns:
# 279-289
name=unknown_J
#
# <colnr> <probs for GDERKNQSTAVLIFYWHMCP>
#	G	D	E	R	K	N	Q	S	T	A	V	L	I	F	Y	W	H	M	C	P
0	0.01352	0.01744	0.17203	0.01150	0.01505	0.26789	0.01028	0.02160	0.38399	0.01658	0.01357	0.01350	0.01030	0.00567	0.00468	0.00149	0.00608	0.00434	0.00357	0.00691
1	0.01052	0.00633	0.00727	0.00646	0.00871	0.00573	0.00504	0.01330	0.09367	0.21389	0.09600	0.03522	0.45912	0.00991	0.00543	0.00159	0.00301	0.00826	0.00499	0.00555
2	0.00686	0.00495	0.00648	0.00610	0.00724	0.00457	0.00457	0.00914	0.01372	0.01943	0.79691	0.03620	0.04572	0.00991	0.00572	0.00152	0.00229	0.00876	0.00533	0.00457
3	0.00692	0.00519	0.00779	0.00779	0.00865	0.00606	0.00606	0.00865	0.00779	0.01125	0.01298	0.01904	0.01211	0.03634	0.81049	0.00779	0.01298	0.00519	0.00260	0.00433
4	0.00972	0.02507	0.80458	0.01381	0.02097	0.01125	0.01790	0.01535	0.01023	0.01535	0.00870	0.01023	0.00614	0.00460	0.00460	0.00153	0.00716	0.00358	0.00205	0.00716
5	0.00973	0.00613	0.00744	0.00701	0.00867	0.00581	0.00526	0.06383	0.05685	0.13871	0.18820	0.27809	0.18319	0.01094	0.00563	0.00168	0.00307	0.00952	0.00495	0.00528
6	0.00907	0.00767	0.01137	0.22517	0.11502	0.00853	0.00974	0.01311	0.11717	0.01467	0.04685	0.05827	0.01713	0.01136	0.08833	0.00242	0.00580	0.22931	0.00350	0.00552
7	0.01005	0.00861	0.01005	0.00718	0.01148	0.00646	0.00574	0.01220	0.01005	0.01579	0.00861	0.01005	0.00718	0.00359	0.00359	0.00072	0.00359	0.00287	0.00287	0.85932
8	0.01527	0.01849	0.01395	0.01236	0.01482	0.56664	0.08732	0.01701	0.01318	0.01314	0.07050	0.01703	0.01209	0.00633	0.00490	0.00143	0.00765	0.09943	0.00296	0.00549
9	0.00975	0.00829	0.00973	0.00715	0.01116	0.00628	0.00565	0.01180	0.00999	0.01554	0.00993	0.06962	0.00899	0.00443	0.00378	0.00081	0.00353	0.00367	0.00299	0.79691
10	0.08207	0.01308	0.01587	0.01287	0.05857	0.01420	0.09817	0.59405	0.01972	0.02734	0.01091	0.01153	0.00788	0.00543	0.00480	0.00148	0.00556	0.00438	0.00430	0.00778

[dist]
# distance from previous block
# <min> <max>
1	4

[block]
# block no. 10 follows, 52 sequences, length 6
# corresponding to MSA columns:
# 294-299
name=unknown_K
#
# <colnr> <probs for GDERKNQSTAVLIFYWHMCP>
#	G	D	E	R	K	N	Q	S	T	A	V	L	I	F	Y	W	H	M	C	P
0	0.01147	0.01205	0.01471	0.01270	0.01298	0.10705	0.01046	0.01255	0.00815	0.01169	0.00649	0.01039	0.00635	0.00808	0.01457	0.00202	0.72668	0.00411	0.00216	0.00534
1	0.01176	0.01275	0.08393	0.02763	0.66787	0.01156	0.08313	0.01497	0.01101	0.01577	0.00914	0.01195	0.00752	0.00432	0.00486	0.00146	0.00608	0.00438	0.00237	0.00753
2	0.00915	0.00720	0.00799	0.00743	0.00943	0.00746	0.00575	0.01550	0.31212	0.04793	0.21391	0.03235	0.25103	0.00932	0.00543	0.00163	0.00310	0.04258	0.00492	0.00576
3	0.01186	0.00996	0.03148	0.11563	0.11874	0.00920	0.03059	0.11195	0.01182	0.06469	0.01004	0.01250	0.00809	0.04753	0.00562	0.00136	0.02386	0.00391	0.00311	0.36807
4	0.18979	0.10240	0.11269	0.00982	0.01381	0.04426	0.03858	0.11741	0.07854	0.22897	0.01217	0.01205	0.00859	0.00522	0.00428	0.00145	0.00502	0.00395	0.00394	0.00705
5	0.10543	0.13437	0.31270	0.00995	0.01428	0.01030	0.04484	0.01324	0.01009	0.05284	0.01652	0.06654	0.13272	0.04946	0.00559	0.00167	0.00526	0.00533	0.00295	0.00594

[dist]
# distance from previous block
# <min> <max>
7	23

# created by:
# /st0/software/busco_prod/Augustus/scripts/msa2prfl.pl ./align_prep/173477.fa
