[name]
unknown

[dist]
# distance from previous block
# <min> <max>
0	263

[block]
# block no. 0 follows, 52 sequences, length 6
# corresponding to MSA columns:
# 269-274
name=unknown_A
#
# <colnr> <probs for GDERKNQSTAVLIFYWHMCP>
#	G	D	E	R	K	N	Q	S	T	A	V	L	I	F	Y	W	H	M	C	P
0	0.01218	0.63843	0.21275	0.00962	0.01449	0.01727	0.01060	0.01471	0.00994	0.01235	0.00721	0.00836	0.00620	0.00426	0.00347	0.00116	0.00566	0.00283	0.00207	0.00645
1	0.00597	0.00490	0.00514	0.00509	0.00656	0.00420	0.00375	0.00725	0.01114	0.01370	0.14692	0.04426	0.64566	0.06568	0.00697	0.00182	0.00258	0.00982	0.00451	0.00408
2	0.23313	0.00981	0.01100	0.00866	0.01225	0.00997	0.00715	0.20392	0.01460	0.42034	0.01420	0.01315	0.00939	0.00558	0.00439	0.00149	0.00432	0.00418	0.00497	0.00749
3	0.01112	0.00693	0.00852	0.00751	0.00957	0.00689	0.00583	0.01607	0.20058	0.17815	0.45265	0.02785	0.03146	0.00831	0.00536	0.00155	0.00303	0.00719	0.00537	0.00606
4	0.01810	0.02310	0.01373	0.01248	0.01498	0.81024	0.00936	0.01935	0.01373	0.01186	0.00749	0.00874	0.00624	0.00499	0.00437	0.00125	0.00874	0.00312	0.00250	0.00562
5	0.01063	0.00697	0.00812	0.00747	0.00881	0.00713	0.00532	0.19498	0.01215	0.08174	0.01856	0.29260	0.01974	0.28920	0.01204	0.00273	0.00417	0.00848	0.00418	0.00499

[dist]
# distance from previous block
# <min> <max>
0	17

[block]
# block no. 1 follows, 52 sequences, length 11
# corresponding to MSA columns:
# 292-302
name=unknown_B
#
# <colnr> <probs for GDERKNQSTAVLIFYWHMCP>
#	G	D	E	R	K	N	Q	S	T	A	V	L	I	F	Y	W	H	M	C	P
0	0.01296	0.83261	0.02539	0.00829	0.01244	0.01917	0.00829	0.01451	0.00985	0.01140	0.00674	0.00777	0.00622	0.00415	0.00311	0.00104	0.00518	0.00259	0.00207	0.00622
1	0.49503	0.01267	0.12782	0.00851	0.01222	0.05040	0.00792	0.10653	0.01078	0.04249	0.00834	0.00949	0.00633	0.00591	0.03454	0.00169	0.00505	0.00317	0.00311	0.04798
2	0.00781	0.00558	0.00781	0.00892	0.01004	0.00558	0.00781	0.01004	0.01116	0.01450	0.02566	0.05466	0.02789	0.01339	0.00669	0.00223	0.00446	0.76685	0.00446	0.00446
3	0.00703	0.00477	0.00566	0.00566	0.00579	0.00490	0.00340	0.00729	0.00716	0.00967	0.01493	0.02982	0.01680	0.71111	0.14212	0.00516	0.00594	0.00677	0.00289	0.00314
4	0.01178	0.11109	0.01797	0.13404	0.46626	0.01186	0.01251	0.01525	0.07194	0.04375	0.01082	0.05233	0.00924	0.00514	0.00468	0.00146	0.00543	0.00468	0.00276	0.00701
5	0.86392	0.00937	0.00712	0.00637	0.00937	0.01087	0.00525	0.01425	0.00825	0.02174	0.00675	0.00787	0.00525	0.00450	0.00300	0.00150	0.00375	0.00262	0.00300	0.00525
6	0.00751	0.00669	0.02752	0.06490	0.01100	0.00606	0.06652	0.04682	0.01158	0.01478	0.12661	0.09001	0.40351	0.01075	0.00616	0.03300	0.00363	0.05414	0.00414	0.00465
7	0.00692	0.00519	0.00779	0.00779	0.00865	0.00606	0.00606	0.00865	0.00779	0.01125	0.01298	0.01904	0.01211	0.03634	0.81049	0.00779	0.01298	0.00519	0.00260	0.00433
8	0.01520	0.01828	0.01414	0.05406	0.01519	0.50978	0.00998	0.01649	0.01147	0.01182	0.00718	0.00956	0.00629	0.00612	0.00815	0.00155	0.27334	0.00355	0.00236	0.00550
9	0.69975	0.13239	0.01017	0.04178	0.01087	0.01211	0.00606	0.01420	0.00855	0.01979	0.00683	0.00808	0.00545	0.00446	0.00310	0.00144	0.00408	0.00269	0.00282	0.00540
10	0.01171	0.01123	0.01916	0.10765	0.72375	0.01144	0.01473	0.01463	0.01090	0.01549	0.00907	0.01209	0.00756	0.00437	0.00480	0.00146	0.00583	0.00432	0.00237	0.00745

[dist]
# distance from previous block
# <min> <max>
0	1

[block]
# block no. 2 follows, 52 sequences, length 23
# corresponding to MSA columns:
# 304-326
name=unknown_C
#
# <colnr> <probs for GDERKNQSTAVLIFYWHMCP>
#	G	D	E	R	K	N	Q	S	T	A	V	L	I	F	Y	W	H	M	C	P
0	0.04532	0.01230	0.02253	0.08012	0.04301	0.05048	0.50127	0.01566	0.06108	0.01566	0.01014	0.01289	0.00776	0.00451	0.00548	0.00156	0.02727	0.00509	0.02996	0.04792
1	0.00982	0.00575	0.00758	0.03270	0.00899	0.00604	0.02704	0.02739	0.01018	0.09034	0.04565	0.01835	0.01309	0.01490	0.24241	0.00320	0.02069	0.00494	0.40595	0.00499
2	0.01060	0.01060	0.01484	0.01272	0.01272	0.01484	0.01060	0.01166	0.00742	0.01166	0.00636	0.01060	0.00636	0.00848	0.01590	0.00212	0.82082	0.00424	0.00212	0.00530
3	0.02791	0.00965	0.12233	0.00903	0.03662	0.00719	0.00784	0.06117	0.01254	0.13572	0.24930	0.09415	0.02277	0.00777	0.00508	0.00148	0.00395	0.05081	0.00431	0.13037
4	0.14319	0.00942	0.01070	0.00814	0.01201	0.00871	0.00665	0.14051	0.01301	0.26167	0.01206	0.01196	0.00854	0.00483	0.00410	0.00119	0.00406	0.00369	0.00417	0.33137
5	0.01296	0.83261	0.02539	0.00829	0.01244	0.01917	0.00829	0.01451	0.00985	0.01140	0.00674	0.00777	0.00622	0.00415	0.00311	0.00104	0.00518	0.00259	0.00207	0.00622
6	0.00578	0.00470	0.00513	0.00547	0.00669	0.00404	0.00393	0.00689	0.01050	0.01287	0.04222	0.28591	0.56266	0.01317	0.00587	0.00174	0.00256	0.01132	0.00450	0.00404
7	0.01609	0.09535	0.02831	0.00985	0.01370	0.01002	0.07722	0.11139	0.03826	0.32918	0.03959	0.01398	0.01062	0.00536	0.00483	0.00134	0.02487	0.00440	0.00434	0.16127
8	0.01526	0.00892	0.01128	0.10445	0.01452	0.00939	0.00797	0.04432	0.26337	0.33538	0.06819	0.01835	0.03619	0.00655	0.00533	0.00158	0.03136	0.00537	0.00495	0.00727
9	0.00686	0.00495	0.00648	0.00610	0.00724	0.00457	0.00457	0.00914	0.01372	0.01943	0.79691	0.03620	0.04572	0.00991	0.00572	0.00152	0.00229	0.00876	0.00533	0.00457
10	0.00590	0.00422	0.00562	0.00675	0.00703	0.00394	0.00450	0.00675	0.00928	0.01237	0.02671	0.82653	0.03205	0.01518	0.00619	0.00197	0.00281	0.01378	0.00450	0.00394
11	0.05431	0.04028	0.05410	0.12904	0.13001	0.14477	0.06691	0.15001	0.03352	0.13448	0.01081	0.01201	0.00793	0.00507	0.00468	0.00146	0.00612	0.00417	0.00341	0.00692
12	0.00915	0.00861	0.01453	0.81804	0.03338	0.01077	0.01346	0.01238	0.00969	0.01238	0.00861	0.01292	0.00646	0.00484	0.00484	0.00161	0.00646	0.00431	0.00215	0.00538
13	0.02174	0.00825	0.01125	0.00862	0.01237	0.00712	0.00712	0.02362	0.01387	0.80282	0.01912	0.01649	0.01200	0.00600	0.00487	0.00150	0.00412	0.00487	0.00600	0.00825
14	0.00847	0.00455	0.00696	0.06983	0.00843	0.00472	0.00493	0.00679	0.00658	0.00873	0.00843	0.01459	0.00826	0.01590	0.01784	0.79192	0.00438	0.00422	0.00211	0.00236
15	0.01822	0.11533	0.01480	0.02444	0.01419	0.06239	0.00854	0.38455	0.04807	0.24120	0.01311	0.01260	0.00913	0.00562	0.00461	0.00141	0.00515	0.00425	0.00463	0.00775
16	0.02001	0.00864	0.01124	0.00876	0.01230	0.00794	0.00718	0.09487	0.05185	0.64185	0.06836	0.01737	0.01394	0.00626	0.00493	0.00150	0.00411	0.00510	0.00580	0.00798
17	0.86392	0.00937	0.00712	0.00637	0.00937	0.01087	0.00525	0.01425	0.00825	0.02174	0.00675	0.00787	0.00525	0.00450	0.00300	0.00150	0.00375	0.00262	0.00300	0.00525
18	0.00668	0.00484	0.00630	0.00616	0.00719	0.00446	0.00453	0.00871	0.01295	0.01814	0.65446	0.15846	0.06736	0.01080	0.00579	0.00160	0.00237	0.00958	0.00518	0.00446
19	0.01181	0.46804	0.16921	0.07357	0.01631	0.01585	0.04691	0.01556	0.08720	0.01330	0.00867	0.01001	0.00713	0.00467	0.00427	0.00130	0.03394	0.00340	0.00238	0.00646
20	0.01020	0.00933	0.01512	0.66589	0.11844	0.01118	0.01329	0.07299	0.01087	0.01419	0.00891	0.01271	0.00674	0.00486	0.00484	0.00158	0.00629	0.00431	0.00239	0.00587
21	0.00584	0.00486	0.00510	0.00516	0.00664	0.00412	0.00382	0.00712	0.01112	0.01356	0.10895	0.10917	0.67328	0.01231	0.00576	0.00165	0.00247	0.01040	0.00457	0.00412
22	0.00612	0.00499	0.00545	0.00553	0.00704	0.00433	0.00427	0.00761	0.01143	0.01413	0.14956	0.04610	0.60693	0.01207	0.00583	0.00169	0.00266	0.09546	0.00461	0.00420

[dist]
# distance from previous block
# <min> <max>
1	42

[block]
# block no. 3 follows, 52 sequences, length 16
# corresponding to MSA columns:
# 369-384
name=unknown_D
#
# <colnr> <probs for GDERKNQSTAVLIFYWHMCP>
#	G	D	E	R	K	N	Q	S	T	A	V	L	I	F	Y	W	H	M	C	P
0	0.01205	0.01041	0.01096	0.00986	0.01260	0.01205	0.00767	0.02575	0.79071	0.02027	0.01972	0.01808	0.01479	0.00657	0.00493	0.00164	0.00384	0.00548	0.00493	0.00767
1	0.61017	0.00903	0.00836	0.00705	0.01028	0.00974	0.00581	0.01707	0.00994	0.25708	0.01047	0.01047	0.00728	0.00495	0.00356	0.00150	0.00386	0.00330	0.00390	0.00615
2	0.76819	0.00949	0.00755	0.00676	0.00973	0.01100	0.00552	0.01554	0.09618	0.02158	0.00821	0.00902	0.00632	0.00473	0.00322	0.00152	0.00376	0.00294	0.00322	0.00552
3	0.01727	0.01369	0.01385	0.01102	0.01460	0.07059	0.00895	0.59551	0.15789	0.02741	0.01277	0.01257	0.00926	0.00589	0.00483	0.00147	0.00531	0.00447	0.00470	0.00796
4	0.00590	0.00422	0.00562	0.00675	0.00703	0.00394	0.00450	0.00675	0.00928	0.01237	0.02671	0.82653	0.03205	0.01518	0.00619	0.00197	0.00281	0.01378	0.00450	0.00394
5	0.01075	0.01928	0.47869	0.01633	0.16686	0.01109	0.05526	0.05677	0.02749	0.01639	0.00956	0.01185	0.00731	0.00473	0.00468	0.00147	0.00645	0.01945	0.00246	0.07313
6	0.00972	0.02507	0.80458	0.01381	0.02097	0.01125	0.01790	0.01535	0.01023	0.01535	0.00870	0.01023	0.00614	0.00460	0.00460	0.00153	0.00716	0.00358	0.00205	0.00716
7	0.01900	0.01265	0.01397	0.01071	0.01457	0.01366	0.00885	0.65175	0.02124	0.16428	0.01293	0.01248	0.00889	0.00585	0.00485	0.00146	0.00512	0.00445	0.00505	0.00824
8	0.01021	0.00969	0.01644	0.52568	0.31750	0.01104	0.01398	0.01331	0.01019	0.01366	0.00880	0.01258	0.00691	0.00465	0.00483	0.00155	0.00620	0.00431	0.00224	0.00623
9	0.01096	0.03953	0.57656	0.05634	0.01959	0.02692	0.03091	0.01564	0.01090	0.09346	0.06527	0.01280	0.00956	0.00512	0.00471	0.00152	0.00649	0.00413	0.00269	0.00692
10	0.02174	0.00825	0.01125	0.00862	0.01237	0.00712	0.00712	0.02362	0.01387	0.80282	0.01912	0.01649	0.01200	0.00600	0.00487	0.00150	0.00412	0.00487	0.00600	0.00825
11	0.00595	0.00431	0.00562	0.00657	0.00700	0.00398	0.00444	0.00690	0.00967	0.01283	0.07280	0.72071	0.09203	0.01465	0.00612	0.00192	0.00275	0.01321	0.00455	0.00398
12	0.01722	0.07595	0.18158	0.04416	0.03121	0.00970	0.01004	0.05027	0.04719	0.46027	0.01503	0.01413	0.00996	0.00549	0.00468	0.00148	0.00502	0.00439	0.00453	0.00770
13	0.00579	0.00466	0.00517	0.00557	0.00672	0.00404	0.00398	0.00688	0.01041	0.01283	0.04102	0.32772	0.52162	0.01332	0.00589	0.00176	0.00258	0.01151	0.00450	0.00404
14	0.02174	0.00825	0.01125	0.00862	0.01237	0.00712	0.00712	0.02362	0.01387	0.80282	0.01912	0.01649	0.01200	0.00600	0.00487	0.00150	0.00412	0.00487	0.00600	0.00825
15	0.01035	0.13150	0.49995	0.11782	0.09614	0.01233	0.03726	0.01481	0.01022	0.01448	0.00849	0.01049	0.00637	0.00453	0.00448	0.00147	0.00670	0.00367	0.00211	0.00684

[dist]
# distance from previous block
# <min> <max>
0	22

[block]
# block no. 4 follows, 52 sequences, length 20
# corresponding to MSA columns:
# 407-426
name=unknown_E
#
# <colnr> <probs for GDERKNQSTAVLIFYWHMCP>
#	G	D	E	R	K	N	Q	S	T	A	V	L	I	F	Y	W	H	M	C	P
0	0.01293	0.12539	0.01340	0.00980	0.01287	0.01340	0.00794	0.11402	0.59080	0.02025	0.01695	0.01588	0.01282	0.00615	0.00467	0.00154	0.00420	0.00494	0.00452	0.00754
1	0.01235	0.67488	0.13316	0.00900	0.01358	0.01737	0.00949	0.01450	0.00991	0.01219	0.00711	0.00824	0.00626	0.00418	0.00334	0.00109	0.00537	0.00274	0.00211	0.05311
2	0.47579	0.03341	0.03569	0.05173	0.01206	0.00975	0.00665	0.01579	0.00982	0.17691	0.00966	0.01026	0.00700	0.00469	0.00362	0.00138	0.00410	0.00323	0.00348	0.12500
3	0.00915	0.00861	0.01453	0.81804	0.03338	0.01077	0.01346	0.01238	0.00969	0.01238	0.00861	0.01292	0.00646	0.00484	0.00484	0.00161	0.00646	0.00431	0.00215	0.00538
4	0.00604	0.00432	0.00574	0.00666	0.00706	0.00402	0.00451	0.00708	0.00990	0.01336	0.13406	0.71637	0.03396	0.01445	0.00612	0.00191	0.00274	0.01308	0.00461	0.00402
5	0.00703	0.00477	0.00565	0.00565	0.00578	0.00490	0.00339	0.00728	0.00716	0.00967	0.01493	0.02986	0.01681	0.71356	0.13970	0.00515	0.00591	0.00678	0.00289	0.00314
6	0.01133	0.00570	0.00619	0.00563	0.00732	0.00569	0.00436	0.04315	0.05394	0.12805	0.01633	0.01760	0.01233	0.00575	0.00373	0.00122	0.00272	0.00461	0.65897	0.00535
7	0.01205	0.01041	0.01096	0.00986	0.01260	0.01205	0.00767	0.02575	0.79071	0.02027	0.01972	0.01808	0.01479	0.00657	0.00493	0.00164	0.00384	0.00548	0.00493	0.00767
8	0.00779	0.00503	0.00641	0.00598	0.00723	0.00467	0.00451	0.01005	0.01323	0.05229	0.65522	0.03284	0.03966	0.00915	0.00536	0.00147	0.00236	0.00801	0.12402	0.00472
9	0.86392	0.00937	0.00712	0.00637	0.00937	0.01087	0.00525	0.01425	0.00825	0.02174	0.00675	0.00787	0.00525	0.00450	0.00300	0.00150	0.00375	0.00262	0.00300	0.00525
10	0.00772	0.00569	0.00698	0.00652	0.00789	0.00561	0.00493	0.01159	0.12180	0.01947	0.64006	0.03255	0.03934	0.00918	0.00546	0.00152	0.00250	0.00804	0.05815	0.00500
11	0.01060	0.01060	0.01484	0.01272	0.01272	0.01484	0.01060	0.01166	0.00742	0.01166	0.00636	0.01060	0.00636	0.00848	0.01590	0.00212	0.82082	0.00424	0.00212	0.00530
12	0.01005	0.00861	0.01005	0.00718	0.01148	0.00646	0.00574	0.01220	0.01005	0.01579	0.00861	0.01005	0.00718	0.00359	0.00359	0.00072	0.00359	0.00287	0.00287	0.85932
13	0.01205	0.01041	0.01096	0.00986	0.01260	0.01205	0.00767	0.02575	0.79071	0.02027	0.01972	0.01808	0.01479	0.00657	0.00493	0.00164	0.00384	0.00548	0.00493	0.00767
14	0.00915	0.00861	0.01453	0.81804	0.03338	0.01077	0.01346	0.01238	0.00969	0.01238	0.00861	0.01292	0.00646	0.00484	0.00484	0.00161	0.00646	0.00431	0.00215	0.00538
15	0.00903	0.00452	0.00452	0.00452	0.00565	0.00452	0.00339	0.01129	0.01016	0.01807	0.01581	0.01807	0.01242	0.00565	0.00339	0.00113	0.00226	0.00452	0.85659	0.00452
16	0.32926	0.01241	0.04362	0.01669	0.31396	0.08145	0.01022	0.08761	0.03140	0.01916	0.00859	0.01024	0.00683	0.00465	0.00409	0.00146	0.00524	0.00359	0.00291	0.00663
17	0.00972	0.02507	0.80458	0.01381	0.02097	0.01125	0.01790	0.01535	0.01023	0.01535	0.00870	0.01023	0.00614	0.00460	0.00460	0.00153	0.00716	0.00358	0.00205	0.00716
18	0.00701	0.00469	0.00530	0.00530	0.00540	0.00464	0.00303	0.00702	0.00727	0.00959	0.01715	0.03206	0.06620	0.75024	0.02328	0.03414	0.00454	0.00715	0.00301	0.00298
19	0.00951	0.10282	0.61539	0.01228	0.01818	0.01103	0.01508	0.01406	0.01006	0.01454	0.01101	0.12377	0.00976	0.00603	0.00468	0.00155	0.00636	0.00490	0.00239	0.00662

[dist]
# distance from previous block
# <min> <max>
0	2

[block]
# block no. 5 follows, 52 sequences, length 85
# corresponding to MSA columns:
# 429-513
name=unknown_F
#
# <colnr> <probs for GDERKNQSTAVLIFYWHMCP>
#	G	D	E	R	K	N	Q	S	T	A	V	L	I	F	Y	W	H	M	C	P
0	0.01177	0.11180	0.44452	0.01333	0.06334	0.01229	0.01415	0.01557	0.01019	0.10601	0.00932	0.01085	0.00696	0.00535	0.00638	0.00157	0.14340	0.00377	0.00254	0.00690
1	0.04261	0.06164	0.01370	0.00975	0.01368	0.01288	0.00809	0.50476	0.02758	0.02521	0.01059	0.01105	0.00790	0.00514	0.00436	0.00125	0.00479	0.00385	0.01482	0.21636
2	0.76742	0.01065	0.06839	0.00709	0.01041	0.01098	0.00633	0.02456	0.02707	0.02133	0.00727	0.00834	0.00558	0.00457	0.00319	0.00150	0.00403	0.00279	0.00300	0.00549
3	0.27282	0.58121	0.01981	0.00771	0.01150	0.01664	0.00736	0.01443	0.00936	0.01456	0.00674	0.00780	0.00592	0.00425	0.00308	0.00118	0.00474	0.00260	0.00236	0.00592
4	0.04601	0.00879	0.01027	0.00750	0.01166	0.00706	0.00605	0.04385	0.01100	0.12451	0.01010	0.01091	0.00780	0.00404	0.00379	0.00088	0.00374	0.00319	0.00338	0.67546
5	0.01116	0.18726	0.54660	0.01195	0.01794	0.01226	0.01450	0.01550	0.01049	0.07490	0.03257	0.01115	0.00789	0.00537	0.01938	0.00155	0.00649	0.00366	0.00246	0.00692
6	0.13031	0.00987	0.01492	0.05051	0.33284	0.02123	0.07079	0.01543	0.02201	0.13828	0.11369	0.01646	0.01346	0.00559	0.00480	0.00151	0.00498	0.02309	0.00350	0.00673
7	0.00906	0.00833	0.01189	0.01065	0.01102	0.01116	0.00870	0.01040	0.00758	0.01149	0.00914	0.01414	0.00877	0.02016	0.34905	0.00450	0.48212	0.00464	0.00232	0.00489
8	0.00679	0.00461	0.00594	0.00639	0.00666	0.00462	0.00424	0.00726	0.00810	0.01088	0.01903	0.30374	0.02184	0.34185	0.11180	0.06942	0.00500	0.05490	0.00346	0.00348
9	0.01096	0.01382	0.11329	0.06767	0.04311	0.01186	0.59640	0.01499	0.01105	0.01516	0.00998	0.03458	0.00782	0.00458	0.00572	0.00164	0.02291	0.00555	0.00244	0.00647
10	0.02771	0.22125	0.13031	0.00972	0.01409	0.01150	0.02763	0.07167	0.01280	0.40589	0.01357	0.01284	0.00922	0.00525	0.00438	0.00139	0.00501	0.00406	0.00423	0.00749
11	0.00590	0.00422	0.00562	0.00675	0.00703	0.00394	0.00450	0.00675	0.00928	0.01237	0.02671	0.82653	0.03205	0.01518	0.00619	0.00197	0.00281	0.01378	0.00450	0.00394
12	0.00692	0.00547	0.03038	0.06918	0.00974	0.00500	0.00584	0.00829	0.00981	0.02870	0.08671	0.53208	0.02865	0.06968	0.00730	0.00210	0.00349	0.08216	0.00423	0.00426
13	0.08241	0.01223	0.08110	0.01046	0.01442	0.01153	0.03890	0.30866	0.10856	0.26045	0.01416	0.01352	0.00971	0.00569	0.00474	0.00151	0.00494	0.00450	0.00473	0.00779
14	0.00613	0.00444	0.00579	0.00648	0.00705	0.00410	0.00447	0.00735	0.01047	0.01414	0.21665	0.58582	0.08172	0.01371	0.00604	0.00184	0.00266	0.01233	0.00470	0.00410
15	0.01711	0.00732	0.00978	0.00819	0.01099	0.00656	0.00647	0.01936	0.05349	0.55525	0.03390	0.21524	0.01761	0.00834	0.00521	0.00162	0.00376	0.00715	0.00556	0.00710
16	0.01095	0.01173	0.07723	0.19146	0.41281	0.03835	0.04104	0.01446	0.04125	0.01515	0.04176	0.01577	0.01026	0.00533	0.00497	0.00154	0.00591	0.05064	0.00267	0.00672
17	0.00981	0.09055	0.67077	0.03685	0.01990	0.01157	0.01627	0.01482	0.01015	0.01485	0.02312	0.01092	0.00711	0.00591	0.03586	0.00174	0.00711	0.00368	0.00213	0.00687
18	0.86392	0.00937	0.00712	0.00637	0.00937	0.01087	0.00525	0.01425	0.00825	0.02174	0.00675	0.00787	0.00525	0.00450	0.00300	0.00150	0.00375	0.00262	0.00300	0.00525
19	0.00911	0.00777	0.01250	0.01290	0.16182	0.00721	0.13731	0.01139	0.01170	0.06133	0.15735	0.04577	0.29095	0.00872	0.00555	0.00161	0.00422	0.04329	0.00398	0.00553
20	0.01357	0.02844	0.25934	0.12458	0.05206	0.01037	0.17870	0.01729	0.01148	0.23850	0.01187	0.01302	0.00817	0.00490	0.00494	0.00154	0.00633	0.00452	0.00328	0.00710
21	0.01306	0.01145	0.07694	0.07692	0.47566	0.01044	0.01286	0.01658	0.05848	0.14977	0.01206	0.04381	0.00956	0.00521	0.00486	0.00150	0.00541	0.00478	0.00320	0.00744
22	0.86392	0.00937	0.00712	0.00637	0.00937	0.01087	0.00525	0.01425	0.00825	0.02174	0.00675	0.00787	0.00525	0.00450	0.00300	0.00150	0.00375	0.00262	0.00300	0.00525
23	0.01194	0.06109	0.01981	0.05987	0.72129	0.01195	0.01442	0.01475	0.01091	0.01543	0.00895	0.01178	0.00754	0.00433	0.00470	0.00142	0.00575	0.00421	0.00237	0.00750
24	0.00726	0.00537	0.00682	0.00639	0.00765	0.00515	0.00481	0.01042	0.07323	0.01950	0.73738	0.03481	0.04336	0.00965	0.00566	0.00153	0.00240	0.00851	0.00530	0.00481
25	0.00686	0.00495	0.00648	0.00610	0.00724	0.00457	0.00457	0.00914	0.01372	0.01943	0.79691	0.03620	0.04572	0.00991	0.00572	0.00152	0.00229	0.00876	0.00533	0.00457
26	0.02174	0.00825	0.01125	0.00862	0.01237	0.00712	0.00712	0.02362	0.01387	0.80282	0.01912	0.01649	0.01200	0.00600	0.00487	0.00150	0.00412	0.00487	0.00600	0.00825
27	0.00629	0.00493	0.00570	0.00550	0.00689	0.00433	0.00413	0.00805	0.01239	0.01627	0.42419	0.04140	0.42041	0.01109	0.00572	0.00158	0.00237	0.00949	0.00492	0.00433
28	0.86392	0.00937	0.00712	0.00637	0.00937	0.01087	0.00525	0.01425	0.00825	0.02174	0.00675	0.00787	0.00525	0.00450	0.00300	0.00150	0.00375	0.00262	0.00300	0.00525
29	0.00972	0.02507	0.80458	0.01381	0.02097	0.01125	0.01790	0.01535	0.01023	0.01535	0.00870	0.01023	0.00614	0.00460	0.00460	0.00153	0.00716	0.00358	0.00205	0.00716
30	0.00884	0.00450	0.00458	0.00465	0.00573	0.00448	0.00345	0.01102	0.01011	0.01772	0.01647	0.06700	0.01361	0.00622	0.00356	0.00118	0.00229	0.00508	0.80502	0.00448
31	0.86392	0.00937	0.00712	0.00637	0.00937	0.01087	0.00525	0.01425	0.00825	0.02174	0.00675	0.00787	0.00525	0.00450	0.00300	0.00150	0.00375	0.00262	0.00300	0.00525
32	0.00590	0.00422	0.00562	0.00675	0.00703	0.00394	0.00450	0.00675	0.00928	0.01237	0.02671	0.82653	0.03205	0.01518	0.00619	0.00197	0.00281	0.01378	0.00450	0.00394
33	0.12401	0.72517	0.02301	0.00804	0.01204	0.01809	0.00789	0.01448	0.00964	0.01275	0.00674	0.00779	0.00609	0.00419	0.00310	0.00110	0.00500	0.00260	0.00219	0.00609
34	0.07323	0.00619	0.00815	0.00795	0.00922	0.00721	0.00621	0.01131	0.11000	0.01323	0.01338	0.01806	0.01194	0.03002	0.64351	0.00650	0.01108	0.00503	0.00293	0.00483
35	0.12389	0.69468	0.05243	0.00825	0.01236	0.01779	0.00826	0.01451	0.00965	0.01290	0.00681	0.00788	0.00609	0.00421	0.00315	0.00112	0.00507	0.00263	0.00219	0.00613
36	0.00923	0.01076	0.11764	0.71309	0.03176	0.01083	0.01404	0.01277	0.00976	0.01277	0.00862	0.01257	0.00642	0.00481	0.00481	0.00160	0.00655	0.00421	0.00214	0.00562
37	0.11800	0.00503	0.00591	0.00671	0.00743	0.00500	0.00464	0.00811	0.02353	0.01384	0.03405	0.68052	0.04262	0.01351	0.00573	0.00189	0.00294	0.01204	0.00432	0.00419
38	0.01064	0.01204	0.06717	0.12045	0.02011	0.01323	0.26769	0.01326	0.00922	0.01326	0.00794	0.01170	0.00669	0.00631	0.01039	0.00186	0.39528	0.00470	0.00223	0.00583
39	0.00690	0.00464	0.00533	0.00548	0.00551	0.00460	0.00314	0.00701	0.00734	0.00978	0.01676	0.13544	0.01950	0.72339	0.02225	0.00434	0.00445	0.00793	0.00314	0.00307
40	0.00912	0.00720	0.10893	0.00573	0.00765	0.00540	0.00528	0.01182	0.01017	0.01771	0.01488	0.01704	0.01160	0.00551	0.00355	0.00118	0.00290	0.00439	0.74507	0.00486
41	0.01258	0.18573	0.01371	0.00779	0.01197	0.00967	0.00663	0.04959	0.01109	0.11824	0.00972	0.01047	0.00765	0.00413	0.00371	0.00092	0.00408	0.00314	0.00320	0.52599
42	0.12791	0.00928	0.01081	0.00865	0.01204	0.00913	0.00713	0.19778	0.01462	0.34598	0.04180	0.01796	0.03093	0.00640	0.00470	0.00148	0.00424	0.06290	0.00489	0.08136
43	0.01067	0.29267	0.36382	0.11630	0.01856	0.02822	0.01291	0.01428	0.01036	0.01388	0.06838	0.01172	0.00924	0.00489	0.00421	0.00137	0.00606	0.00373	0.00233	0.00639
44	0.00827	0.00674	0.00739	0.00687	0.00874	0.00680	0.00528	0.04356	0.21943	0.01752	0.25197	0.03481	0.33307	0.00985	0.00549	0.00161	0.00292	0.01948	0.00487	0.00535
45	0.01114	0.01249	0.02676	0.12452	0.02638	0.01206	0.68158	0.01511	0.01121	0.01511	0.00965	0.01305	0.00724	0.00418	0.00560	0.00163	0.00795	0.00553	0.00241	0.00639
46	0.01076	0.01028	0.01787	0.16751	0.48462	0.01054	0.08630	0.01374	0.01118	0.01565	0.11190	0.01542	0.01239	0.00512	0.00501	0.00150	0.00566	0.00503	0.00274	0.00675
47	0.01249	0.01019	0.01690	0.17141	0.50739	0.01044	0.01317	0.01526	0.01116	0.11782	0.01133	0.01533	0.00924	0.00518	0.00493	0.00153	0.00560	0.05054	0.00295	0.00713
48	0.00861	0.00614	0.00835	0.00790	0.00901	0.00693	0.00606	0.10938	0.00953	0.01333	0.01241	0.01834	0.01151	0.07810	0.56561	0.10590	0.01046	0.00508	0.00285	0.00449
49	0.00702	0.00473	0.00544	0.00539	0.00554	0.00468	0.00315	0.00732	0.00792	0.01071	0.11728	0.03230	0.02129	0.72271	0.02219	0.00428	0.00438	0.00727	0.00325	0.00315
50	0.00997	0.04532	0.62775	0.01257	0.03690	0.01041	0.01519	0.01483	0.01037	0.03128	0.02441	0.01183	0.00785	0.00485	0.00443	0.00146	0.00628	0.00381	0.11372	0.00677
51	0.01326	0.01063	0.01673	0.07916	0.49784	0.01095	0.01251	0.01737	0.11302	0.13740	0.01193	0.01351	0.00915	0.00503	0.00516	0.00151	0.02949	0.00455	0.00326	0.00753
52	0.01229	0.01295	0.02571	0.01862	0.02302	0.01282	0.62195	0.11543	0.01261	0.01719	0.00978	0.01270	0.00739	0.00465	0.00639	0.00165	0.07004	0.00543	0.00274	0.00666
53	0.00702	0.00473	0.00544	0.00539	0.00554	0.00468	0.00315	0.00732	0.00792	0.01071	0.11728	0.03230	0.02129	0.72271	0.02219	0.00428	0.00438	0.00727	0.00325	0.00315
54	0.03580	0.05391	0.50631	0.20996	0.02278	0.01121	0.01538	0.01505	0.01024	0.06230	0.00917	0.01109	0.00655	0.00472	0.00457	0.00153	0.00662	0.00377	0.00234	0.00670
55	0.00796	0.00480	0.00630	0.00685	0.00769	0.00436	0.00478	0.00897	0.01002	0.11558	0.02748	0.65938	0.08973	0.01375	0.00598	0.00188	0.00295	0.01233	0.00469	0.00451
56	0.01948	0.00876	0.01190	0.11448	0.01531	0.00836	0.00812	0.07626	0.04492	0.61355	0.01724	0.01575	0.01112	0.00586	0.00487	0.00152	0.00450	0.00479	0.00537	0.00785
57	0.01052	0.03845	0.26984	0.05590	0.14794	0.01018	0.02504	0.01379	0.00982	0.07426	0.01045	0.01334	0.00841	0.01243	0.19442	0.00301	0.07485	0.00429	0.01672	0.00634
58	0.01560	0.01238	0.20522	0.06763	0.01554	0.00870	0.01001	0.03761	0.07427	0.40127	0.01799	0.03171	0.06752	0.00624	0.00490	0.00155	0.00490	0.00510	0.00451	0.00735
59	0.01013	0.11540	0.01109	0.00850	0.01066	0.00983	0.00690	0.04534	0.30986	0.01773	0.17999	0.10018	0.02338	0.00874	0.00523	0.00165	0.00375	0.12108	0.00453	0.00604
60	0.17053	0.01086	0.01676	0.02173	0.49003	0.01079	0.07063	0.01446	0.01042	0.01690	0.00866	0.01105	0.00713	0.00424	0.00438	0.00137	0.00528	0.00392	0.00258	0.11828
61	0.00588	0.00431	0.00553	0.00651	0.00697	0.00396	0.00439	0.00677	0.00951	0.01246	0.02963	0.72475	0.13195	0.01480	0.00613	0.00192	0.00276	0.01331	0.00450	0.00396
62	0.00993	0.00861	0.01063	0.11300	0.01434	0.00702	0.00675	0.01223	0.01000	0.01535	0.00861	0.01042	0.00708	0.00375	0.00375	0.00083	0.00396	0.00306	0.00278	0.74787
63	0.11942	0.00599	0.00759	0.00846	0.00977	0.00617	0.00727	0.01039	0.01066	0.01532	0.02325	0.09527	0.02519	0.01234	0.00618	0.00212	0.00427	0.62153	0.00427	0.00453
64	0.00705	0.00470	0.00529	0.00529	0.00529	0.00470	0.00294	0.00705	0.00705	0.00940	0.01527	0.03171	0.01762	0.82969	0.02467	0.00470	0.00470	0.00705	0.00294	0.00294
65	0.00595	0.00424	0.00561	0.00669	0.00696	0.00397	0.00444	0.00676	0.00919	0.01225	0.02626	0.79560	0.03149	0.04687	0.00690	0.00207	0.00288	0.01351	0.00444	0.00390
66	0.01060	0.01060	0.01484	0.01272	0.01272	0.01484	0.01060	0.01166	0.00742	0.01166	0.00636	0.01060	0.00636	0.00848	0.01590	0.00212	0.82082	0.00424	0.00212	0.00530
67	0.00734	0.00524	0.00727	0.00839	0.00930	0.00518	0.00700	0.00923	0.01070	0.01398	0.02592	0.24365	0.02891	0.01383	0.00657	0.00217	0.00406	0.58246	0.00447	0.00433
68	0.00915	0.00861	0.01453	0.81804	0.03338	0.01077	0.01346	0.01238	0.00969	0.01238	0.00861	0.01292	0.00646	0.00484	0.00484	0.00161	0.00646	0.00431	0.00215	0.00538
69	0.02105	0.00924	0.04865	0.00896	0.01288	0.00762	0.00771	0.05279	0.01405	0.73577	0.01834	0.01601	0.01157	0.00593	0.00486	0.00150	0.00431	0.00479	0.00577	0.00820
70	0.02174	0.00825	0.01125	0.00862	0.01237	0.00712	0.00712	0.02362	0.01387	0.80282	0.01912	0.01649	0.01200	0.00600	0.00487	0.00150	0.00412	0.00487	0.00600	0.00825
71	0.08586	0.00816	0.01041	0.00813	0.01162	0.00737	0.00668	0.04005	0.01326	0.64147	0.01749	0.01571	0.01132	0.00580	0.00458	0.00145	0.00396	0.00462	0.07750	0.02457
72	0.05085	0.15209	0.36338	0.01187	0.02602	0.03081	0.07296	0.02989	0.01081	0.08821	0.00936	0.01051	0.00694	0.00451	0.00427	0.00134	0.00602	0.00359	0.00266	0.11391
73	0.01363	0.76947	0.02431	0.00832	0.01243	0.01825	0.00820	0.01521	0.01015	0.07202	0.00769	0.00844	0.00666	0.00429	0.00324	0.00107	0.00510	0.00277	0.00237	0.00637
74	0.00705	0.00470	0.00529	0.00529	0.00529	0.00470	0.00294	0.00705	0.00705	0.00940	0.01527	0.03171	0.01762	0.82969	0.02467	0.00470	0.00470	0.00705	0.00294	0.00294
75	0.00857	0.00515	0.00582	0.01648	0.00732	0.00522	0.00451	0.04166	0.04159	0.01675	0.01939	0.24937	0.01878	0.00885	0.00452	0.00147	0.00279	0.05331	0.48381	0.00464
76	0.01192	0.20684	0.45786	0.01175	0.01731	0.04050	0.01360	0.01671	0.07227	0.07794	0.00987	0.01075	0.00732	0.00485	0.00451	0.00143	0.02136	0.00361	0.00262	0.00699
77	0.00622	0.00531	0.00539	0.00534	0.00702	0.00470	0.00401	0.00839	0.07071	0.01362	0.04624	0.06554	0.71685	0.01192	0.00568	0.00165	0.00257	0.00996	0.00453	0.00436
78	0.00679	0.00494	0.00644	0.00668	0.00758	0.00470	0.00490	0.00899	0.04128	0.01659	0.43678	0.31759	0.03838	0.01191	0.00593	0.00174	0.00269	0.06668	0.00496	0.00446
79	0.05737	0.05674	0.29907	0.17360	0.05067	0.01111	0.03150	0.07596	0.02066	0.16175	0.01080	0.01202	0.00760	0.00497	0.00460	0.00151	0.00597	0.00403	0.00312	0.00695
80	0.02391	0.00967	0.03503	0.64571	0.07843	0.01103	0.09093	0.01294	0.00991	0.01313	0.00870	0.01270	0.00660	0.00477	0.00504	0.00161	0.01760	0.00440	0.00221	0.00568
81	0.01607	0.01982	0.01532	0.02656	0.01587	0.58873	0.08175	0.01758	0.01239	0.01218	0.00754	0.00953	0.00637	0.00549	0.00644	0.00144	0.14529	0.00357	0.00242	0.00565
82	0.00970	0.00897	0.03705	0.11351	0.30312	0.00847	0.04021	0.01220	0.01094	0.03400	0.11676	0.14388	0.05032	0.00725	0.00515	0.00153	0.00470	0.01753	0.00331	0.07140
83	0.05739	0.21269	0.05756	0.01022	0.02161	0.06618	0.01930	0.08561	0.04065	0.17825	0.01080	0.01183	0.00831	0.00770	0.05950	0.00189	0.13663	0.00392	0.00337	0.00658
84	0.12377	0.14762	0.01570	0.51064	0.07483	0.01231	0.01152	0.02592	0.00983	0.01398	0.00813	0.01130	0.00636	0.00466	0.00430	0.00149	0.00582	0.00380	0.00231	0.00570

[dist]
# distance from previous block
# <min> <max>
1	4

[block]
# block no. 6 follows, 52 sequences, length 20
# corresponding to MSA columns:
# 518-537
name=unknown_G
#
# <colnr> <probs for GDERKNQSTAVLIFYWHMCP>
#	G	D	E	R	K	N	Q	S	T	A	V	L	I	F	Y	W	H	M	C	P
0	0.86392	0.00937	0.00712	0.00637	0.00937	0.01087	0.00525	0.01425	0.00825	0.02174	0.00675	0.00787	0.00525	0.00450	0.00300	0.00150	0.00375	0.00262	0.00300	0.00525
1	0.00725	0.00512	0.00642	0.00606	0.00727	0.00484	0.00456	0.00995	0.04327	0.01919	0.67320	0.03396	0.05853	0.00942	0.00546	0.00149	0.00235	0.00825	0.08875	0.00468
2	0.01368	0.00752	0.00936	0.00797	0.01047	0.00737	0.00629	0.01863	0.20520	0.31149	0.31568	0.02439	0.02554	0.00763	0.00521	0.00154	0.00335	0.00651	0.00548	0.00670
3	0.01060	0.01060	0.01484	0.01272	0.01272	0.01484	0.01060	0.01166	0.00742	0.01166	0.00636	0.01060	0.00636	0.00848	0.01590	0.00212	0.82082	0.00424	0.00212	0.00530
4	0.01842	0.01357	0.01454	0.01115	0.01503	0.01503	0.00921	0.78330	0.02278	0.03054	0.01163	0.01163	0.00824	0.00582	0.00485	0.00145	0.00533	0.00436	0.00485	0.00824
5	0.00705	0.00470	0.00529	0.00529	0.00529	0.00470	0.00294	0.00705	0.00705	0.00940	0.01527	0.03171	0.01762	0.82969	0.02467	0.00470	0.00470	0.00705	0.00294	0.00294
6	0.01218	0.12194	0.01292	0.00965	0.01258	0.01302	0.00775	0.02423	0.68479	0.01907	0.01796	0.01668	0.01363	0.00625	0.00468	0.00156	0.00402	0.00509	0.00454	0.00747
7	0.77771	0.09278	0.00897	0.00657	0.00968	0.01171	0.00556	0.01427	0.00841	0.02069	0.00675	0.00786	0.00535	0.00446	0.00301	0.00145	0.00389	0.00262	0.00291	0.00535
8	0.01594	0.01266	0.01312	0.01069	0.01408	0.04038	0.00862	0.46353	0.32082	0.02593	0.01464	0.01404	0.01072	0.00608	0.00486	0.00152	0.00486	0.00476	0.00480	0.00793
9	0.01774	0.00784	0.01036	0.00846	0.01147	0.00715	0.00686	0.08237	0.01353	0.53390	0.04222	0.08511	0.01519	0.00796	0.00592	0.05081	0.00408	0.06069	0.00537	0.02297
10	0.02656	0.19142	0.54412	0.01215	0.01810	0.01254	0.02726	0.02706	0.01039	0.03121	0.00945	0.03934	0.00758	0.00506	0.00438	0.00146	0.00641	0.01636	0.00233	0.00680
11	0.01208	0.55148	0.27297	0.01017	0.01523	0.04029	0.01138	0.01492	0.01009	0.01267	0.00738	0.00858	0.00619	0.00432	0.00362	0.00120	0.00592	0.00292	0.00208	0.00650
12	0.01171	0.00791	0.01166	0.42573	0.02191	0.00892	0.00974	0.07084	0.01142	0.14938	0.01321	0.07844	0.01051	0.00606	0.00472	0.00153	0.00502	0.00519	0.14026	0.00583
13	0.02894	0.50712	0.08317	0.07546	0.01497	0.06472	0.02416	0.01490	0.02443	0.04455	0.00938	0.01060	0.03480	0.00489	0.00424	0.00125	0.04041	0.00339	0.00243	0.00617
14	0.01158	0.01036	0.01760	0.24359	0.49891	0.01085	0.03509	0.01447	0.01079	0.05996	0.01010	0.03708	0.00832	0.00488	0.00488	0.00151	0.00583	0.00467	0.00260	0.00694
15	0.00608	0.00439	0.00577	0.00667	0.00715	0.00408	0.00460	0.00716	0.00995	0.01329	0.11490	0.66516	0.07335	0.01436	0.00613	0.00191	0.00280	0.04361	0.00459	0.00404
16	0.00590	0.00422	0.00562	0.00675	0.00703	0.00394	0.00450	0.00675	0.00928	0.01237	0.02671	0.82653	0.03205	0.01518	0.00619	0.00197	0.00281	0.01378	0.00450	0.00394
17	0.01636	0.01160	0.05408	0.01127	0.05876	0.01144	0.00898	0.40274	0.05468	0.18416	0.01525	0.09297	0.01223	0.00693	0.00504	0.00156	0.00486	0.03478	0.00475	0.00757
18	0.00699	0.00476	0.00556	0.00566	0.00597	0.00472	0.00356	0.00748	0.00806	0.01084	0.05047	0.07472	0.07194	0.59393	0.05361	0.00411	0.00462	0.05115	0.02853	0.00333
19	0.01341	0.24369	0.10500	0.05704	0.04146	0.08984	0.00977	0.17883	0.01303	0.01699	0.00859	0.00989	0.00689	0.00469	0.00434	0.00122	0.02659	0.00338	0.00287	0.16248

[dist]
# distance from previous block
# <min> <max>
5	23

[block]
# block no. 7 follows, 52 sequences, length 8
# corresponding to MSA columns:
# 564-571
name=unknown_H
#
# <colnr> <probs for GDERKNQSTAVLIFYWHMCP>
#	G	D	E	R	K	N	Q	S	T	A	V	L	I	F	Y	W	H	M	C	P
0	0.00630	0.00481	0.00578	0.00578	0.00696	0.00429	0.00424	0.00796	0.01202	0.01599	0.40158	0.17255	0.31090	0.01163	0.00580	0.00164	0.00243	0.01013	0.00490	0.00429
1	0.01810	0.02310	0.01373	0.01248	0.01498	0.81024	0.00936	0.01935	0.01373	0.01186	0.00749	0.00874	0.00624	0.00499	0.00437	0.00125	0.00874	0.00312	0.00250	0.00562
2	0.86392	0.00937	0.00712	0.00637	0.00937	0.01087	0.00525	0.01425	0.00825	0.02174	0.00675	0.00787	0.00525	0.00450	0.00300	0.00150	0.00375	0.00262	0.00300	0.00525
3	0.00903	0.00452	0.00452	0.00452	0.00565	0.00452	0.00339	0.01129	0.01016	0.01807	0.01581	0.01807	0.01242	0.00565	0.00339	0.00113	0.00226	0.00452	0.85659	0.00452
4	0.01842	0.01357	0.01454	0.01115	0.01503	0.01503	0.00921	0.78330	0.02278	0.03054	0.01163	0.01163	0.00824	0.00582	0.00485	0.00145	0.00533	0.00436	0.00485	0.00824
5	0.00607	0.00432	0.00573	0.00679	0.00710	0.00407	0.00460	0.00695	0.00926	0.01232	0.02602	0.73962	0.03102	0.06027	0.00724	0.00213	0.00301	0.05518	0.00441	0.00391
6	0.01176	0.01127	0.01925	0.09485	0.73620	0.01145	0.01476	0.01467	0.01092	0.01555	0.00907	0.01207	0.00758	0.00436	0.00480	0.00145	0.00582	0.00432	0.00238	0.00749
7	0.01156	0.00985	0.01059	0.00975	0.01230	0.01130	0.00769	0.02392	0.70003	0.01960	0.02041	0.02234	0.01632	0.00737	0.00514	0.00171	0.00391	0.09404	0.00488	0.00730

[dist]
# distance from previous block
# <min> <max>
0	6

[block]
# block no. 8 follows, 52 sequences, length 38
# corresponding to MSA columns:
# 578-615
name=unknown_I
#
# <colnr> <probs for GDERKNQSTAVLIFYWHMCP>
#	G	D	E	R	K	N	Q	S	T	A	V	L	I	F	Y	W	H	M	C	P
0	0.01580	0.07683	0.11136	0.01127	0.05130	0.05743	0.04728	0.07293	0.10384	0.30203	0.01509	0.01465	0.03553	0.00567	0.00494	0.00146	0.02318	0.00457	0.00419	0.04065
1	0.01049	0.13387	0.66861	0.01296	0.01959	0.01247	0.01627	0.04494	0.01066	0.01540	0.00855	0.00995	0.00623	0.00459	0.00441	0.00146	0.00682	0.00348	0.00216	0.00708
2	0.01813	0.02240	0.01379	0.01239	0.01498	0.75245	0.00935	0.07486	0.01439	0.01322	0.00779	0.00895	0.00639	0.00505	0.00440	0.00126	0.00849	0.00321	0.00267	0.00581
3	0.00596	0.00429	0.00565	0.00664	0.00702	0.00398	0.00447	0.00690	0.00962	0.01283	0.07500	0.74769	0.06250	0.01474	0.00614	0.00193	0.00277	0.01333	0.00455	0.00398
4	0.04706	0.37811	0.23474	0.00990	0.01470	0.03180	0.01057	0.01686	0.01087	0.18879	0.01004	0.01041	0.00744	0.00472	0.00393	0.00130	0.00551	0.00338	0.00298	0.00688
5	0.00748	0.00510	0.00665	0.00618	0.00745	0.00467	0.00466	0.00973	0.01367	0.05334	0.74667	0.03557	0.06078	0.00979	0.00568	0.00153	0.00237	0.00863	0.00535	0.00472
6	0.00896	0.00555	0.00724	0.00698	0.00839	0.00519	0.00536	0.01134	0.04265	0.12265	0.41839	0.17366	0.05850	0.01064	0.00576	0.00169	0.00293	0.09393	0.00514	0.00505
7	0.06533	0.01026	0.01615	0.26853	0.34371	0.01095	0.03205	0.06641	0.01159	0.11358	0.01024	0.01259	0.00771	0.00479	0.00474	0.00151	0.00568	0.00432	0.00297	0.00689
8	0.52969	0.11716	0.01108	0.06629	0.01231	0.01210	0.00679	0.07553	0.04944	0.06842	0.00868	0.00957	0.00659	0.00478	0.00350	0.00145	0.00428	0.00316	0.00324	0.00593
9	0.00589	0.00478	0.00524	0.00550	0.00680	0.00413	0.00404	0.00711	0.01079	0.01329	0.08017	0.21971	0.56600	0.01284	0.00586	0.00172	0.00259	0.03492	0.00454	0.00409
10	0.01005	0.00861	0.01005	0.00718	0.01148	0.00646	0.00574	0.01220	0.01005	0.01579	0.00861	0.01005	0.00718	0.00359	0.00359	0.00072	0.00359	0.00287	0.00287	0.85932
11	0.00847	0.00659	0.00706	0.00680	0.00828	0.06329	0.00502	0.01032	0.02936	0.06803	0.28498	0.23688	0.18395	0.01074	0.00556	0.00160	0.00314	0.00932	0.00466	0.04594
12	0.01068	0.25254	0.56854	0.01259	0.03471	0.01349	0.01513	0.01510	0.01014	0.01424	0.00815	0.00957	0.00619	0.00447	0.00419	0.00139	0.00657	0.00332	0.00206	0.00691
13	0.00922	0.00869	0.01466	0.79823	0.05263	0.01079	0.01349	0.01244	0.00972	0.01247	0.00863	0.01290	0.00649	0.00483	0.00484	0.00161	0.00644	0.00431	0.00216	0.00544
14	0.00698	0.00519	0.00673	0.00749	0.00862	0.00493	0.00617	0.00878	0.01099	0.01411	0.07037	0.16012	0.21773	0.01319	0.00634	0.00201	0.00363	0.43779	0.00452	0.00430
15	0.00748	0.00535	0.00740	0.00834	0.00936	0.00527	0.00704	0.00957	0.01126	0.01487	0.12065	0.13790	0.03054	0.01316	0.00652	0.00212	0.00401	0.59017	0.00457	0.00442
16	0.00578	0.00481	0.00505	0.00521	0.00663	0.00408	0.00382	0.00697	0.01083	0.01311	0.06023	0.16384	0.66768	0.01266	0.00580	0.00168	0.00251	0.01073	0.00452	0.00408
17	0.00972	0.02507	0.80458	0.01381	0.02097	0.01125	0.01790	0.01535	0.01023	0.01535	0.00870	0.01023	0.00614	0.00460	0.00460	0.00153	0.00716	0.00358	0.00205	0.00716
18	0.01205	0.01041	0.01096	0.00986	0.01260	0.01205	0.00767	0.02575	0.79071	0.02027	0.01972	0.01808	0.01479	0.00657	0.00493	0.00164	0.00384	0.00548	0.00493	0.00767
19	0.01296	0.83261	0.02539	0.00829	0.01244	0.01917	0.00829	0.01451	0.00985	0.01140	0.00674	0.00777	0.00622	0.00415	0.00311	0.00104	0.00518	0.00259	0.00207	0.00622
20	0.01828	0.01167	0.01298	0.01004	0.01365	0.01247	0.00827	0.55804	0.01983	0.18937	0.01355	0.01321	0.00939	0.00584	0.00472	0.00144	0.00481	0.00448	0.08005	0.00791
21	0.01005	0.00861	0.01005	0.00718	0.01148	0.00646	0.00574	0.01220	0.01005	0.01579	0.00861	0.01005	0.00718	0.00359	0.00359	0.00072	0.00359	0.00287	0.00287	0.85932
22	0.00733	0.00492	0.00739	0.00739	0.00802	0.00555	0.00555	0.00802	0.00739	0.01048	0.01174	0.01786	0.01111	0.03103	0.59471	0.23983	0.01059	0.00492	0.00246	0.00372
23	0.00903	0.00452	0.00452	0.00452	0.00565	0.00452	0.00339	0.01129	0.01016	0.01807	0.01581	0.01807	0.01242	0.00565	0.00339	0.00113	0.00226	0.00452	0.85659	0.00452
24	0.18267	0.22436	0.44853	0.01093	0.01650	0.01316	0.01294	0.01492	0.00973	0.01565	0.00781	0.00914	0.00598	0.00447	0.00391	0.00140	0.00598	0.00314	0.00224	0.00654
25	0.00583	0.00493	0.00505	0.00506	0.00666	0.00415	0.00382	0.00713	0.01118	0.01344	0.08535	0.04631	0.74303	0.01218	0.00575	0.00164	0.00249	0.02734	0.00454	0.00412
26	0.01103	0.01053	0.01793	0.29633	0.54039	0.01126	0.01439	0.01403	0.01058	0.01467	0.00895	0.01231	0.00726	0.00450	0.00481	0.00150	0.00599	0.00431	0.00232	0.00690
27	0.01668	0.01728	0.01289	0.01087	0.01405	0.44287	0.00841	0.14388	0.03170	0.07337	0.00951	0.01025	0.00737	0.00496	0.00434	0.00120	0.00671	0.00345	0.00327	0.17697
28	0.01350	0.01100	0.01168	0.01010	0.01308	0.01256	0.00797	0.17700	0.62344	0.03634	0.01810	0.01676	0.01343	0.00641	0.00491	0.00160	0.00414	0.00525	0.00493	0.00779
29	0.01079	0.01067	0.01484	0.01268	0.01278	0.01485	0.01057	0.03056	0.00780	0.01212	0.00649	0.01063	0.00641	0.00842	0.01563	0.00210	0.80086	0.00424	0.00219	0.00537
30	0.02089	0.00827	0.01116	0.00852	0.01231	0.00707	0.00702	0.02279	0.01359	0.74563	0.01835	0.01603	0.01165	0.00582	0.00478	0.00144	0.00408	0.00473	0.00577	0.07009
31	0.74448	0.00964	0.00797	0.00689	0.01001	0.01097	0.00568	0.07630	0.00976	0.07054	0.00790	0.00870	0.00590	0.00470	0.00326	0.00150	0.00390	0.00290	0.00333	0.00567
32	0.00821	0.00716	0.00899	0.09714	0.03114	0.00786	0.00681	0.06394	0.01091	0.01402	0.04249	0.03227	0.41435	0.05031	0.00838	0.00187	0.15441	0.03120	0.00371	0.00480
33	0.12080	0.01179	0.01629	0.03510	0.26555	0.06361	0.10588	0.12926	0.01263	0.05789	0.05794	0.01296	0.00974	0.00537	0.00565	0.00153	0.07355	0.00450	0.00319	0.00677
34	0.00758	0.00574	0.00731	0.00704	0.00721	0.00656	0.00486	0.00811	0.00742	0.01030	0.01420	0.06211	0.01579	0.51710	0.14432	0.00458	0.13944	0.02386	0.00285	0.00362
35	0.00705	0.00519	0.00662	0.00629	0.00748	0.00491	0.00470	0.00981	0.05256	0.01898	0.70191	0.07368	0.06232	0.01005	0.00570	0.00155	0.00239	0.00888	0.00525	0.00469
36	0.07495	0.01161	0.01812	0.03429	0.49935	0.02425	0.08436	0.08353	0.05132	0.05636	0.01022	0.01225	0.00805	0.00466	0.00476	0.00148	0.00568	0.00440	0.00297	0.00741
37	0.01620	0.01211	0.01311	0.01035	0.01399	0.01316	0.00842	0.49560	0.20513	0.05733	0.01357	0.01322	0.00986	0.00579	0.00474	0.00143	0.00475	0.00450	0.00472	0.09202

[dist]
# distance from previous block
# <min> <max>
2	7

[block]
# block no. 9 follows, 52 sequences, length 7
# corresponding to MSA columns:
# 623-629
name=unknown_J
#
# <colnr> <probs for GDERKNQSTAVLIFYWHMCP>
#	G	D	E	R	K	N	Q	S	T	A	V	L	I	F	Y	W	H	M	C	P
0	0.17954	0.00961	0.01204	0.00892	0.01299	0.00861	0.09905	0.06427	0.01084	0.04604	0.00896	0.01032	0.00706	0.00406	0.00386	0.00106	0.00430	0.00333	0.00309	0.50204
1	0.01743	0.01084	0.01246	0.00961	0.01323	0.01110	0.00788	0.43301	0.01835	0.23663	0.09075	0.01523	0.01285	0.00607	0.00483	0.00141	0.00455	0.00480	0.00503	0.08395
2	0.01131	0.01072	0.01765	0.21786	0.54459	0.01138	0.01389	0.01524	0.08040	0.01540	0.00994	0.01276	0.00802	0.00465	0.00482	0.00150	0.00575	0.00442	0.00257	0.00712
