[name]
unknown

[dist]
# distance from previous block
# <min> <max>
0	117

[block]
# block no. 0 follows, 49 sequences, length 70
# corresponding to MSA columns:
# 174-243
name=unknown_A
#
# <colnr> <probs for GDERKNQSTAVLIFYWHMCP>
#	G	D	E	R	K	N	Q	S	T	A	V	L	I	F	Y	W	H	M	C	P
0	0.00988	0.01017	0.05992	0.59098	0.14846	0.01095	0.01391	0.01327	0.01064	0.01414	0.06147	0.01481	0.00967	0.00531	0.00509	0.00165	0.00638	0.00477	0.00250	0.00603
1	0.01870	0.04468	0.01255	0.06280	0.01434	0.00881	0.00783	0.07352	0.03744	0.49814	0.03217	0.01567	0.01165	0.00580	0.00482	0.00143	0.00447	0.00469	0.00519	0.13530
2	0.04521	0.05211	0.00779	0.00707	0.00844	0.00591	0.00540	0.00987	0.01121	0.06727	0.14176	0.32341	0.16360	0.02643	0.00628	0.00190	0.00331	0.10356	0.00468	0.00478
3	0.01065	0.00897	0.01065	0.04269	0.01288	0.00727	0.00646	0.05572	0.01117	0.01696	0.01044	0.06509	0.00927	0.00475	0.00406	0.00092	0.00392	0.00392	0.00319	0.71102
4	0.00729	0.00633	0.00643	0.00647	0.00800	0.05010	0.00495	0.00906	0.02368	0.01506	0.18253	0.09246	0.46244	0.01214	0.00602	0.00175	0.00318	0.09283	0.00474	0.00454
5	0.01096	0.04516	0.01645	0.57673	0.05924	0.01174	0.06405	0.01478	0.05452	0.05820	0.01022	0.01367	0.00766	0.00524	0.00539	0.00166	0.03090	0.00462	0.00267	0.00613
6	0.00689	0.00511	0.00612	0.00615	0.00735	0.00468	0.00450	0.00895	0.03053	0.01693	0.37220	0.19118	0.24936	0.01176	0.00591	0.00169	0.00258	0.01026	0.05327	0.00457
7	0.05559	0.00525	0.00618	0.00641	0.00758	0.00486	0.00460	0.00882	0.01120	0.04913	0.18321	0.35501	0.24013	0.03042	0.00640	0.00188	0.00288	0.01110	0.00481	0.00453
8	0.01281	0.01076	0.01163	0.01026	0.01294	0.01239	0.00806	0.12863	0.55933	0.02140	0.02031	0.05885	0.04859	0.00757	0.00589	0.00173	0.05020	0.00613	0.00492	0.00759
9	0.04436	0.00534	0.00665	0.00626	0.00755	0.00505	0.00472	0.00987	0.01381	0.02020	0.69919	0.03557	0.05483	0.00987	0.00570	0.00157	0.00245	0.00864	0.05358	0.00479
10	0.58877	0.01025	0.00921	0.00776	0.01105	0.01145	0.00638	0.15157	0.01215	0.09985	0.04327	0.01109	0.00857	0.00534	0.00379	0.00156	0.00418	0.00357	0.00389	0.00631
11	0.01267	0.01291	0.06448	0.02924	0.71315	0.01216	0.01544	0.04861	0.01200	0.01716	0.00960	0.01239	0.00794	0.00459	0.00500	0.00151	0.00607	0.00446	0.00259	0.00800
12	0.15582	0.04404	0.06918	0.04396	0.42970	0.04883	0.01248	0.01617	0.03441	0.04901	0.00961	0.01166	0.00770	0.00471	0.00454	0.00148	0.00567	0.00402	0.00282	0.04419
13	0.14050	0.01062	0.01449	0.54035	0.02787	0.06468	0.04512	0.05730	0.01103	0.01566	0.00885	0.01226	0.00669	0.00501	0.00475	0.00162	0.00643	0.00418	0.00259	0.02000
14	0.14556	0.01241	0.01326	0.01037	0.01417	0.01348	0.00854	0.52550	0.01972	0.14824	0.01296	0.03138	0.00932	0.00612	0.00481	0.00154	0.00506	0.00459	0.00495	0.00802
15	0.04656	0.01170	0.06567	0.16351	0.17921	0.01089	0.15610	0.02633	0.05561	0.06217	0.01089	0.02621	0.00853	0.00498	0.00512	0.00150	0.01813	0.00469	0.00299	0.13920
16	0.67910	0.05045	0.00904	0.00707	0.01041	0.01111	0.00590	0.01598	0.00948	0.11605	0.00870	0.00940	0.00647	0.00483	0.00340	0.00151	0.00403	0.00303	0.00346	0.04059
17	0.04464	0.00625	0.00775	0.00717	0.00884	0.00601	0.00547	0.01296	0.06994	0.13423	0.42107	0.09092	0.05618	0.06009	0.00697	0.00187	0.00317	0.04578	0.00525	0.00544
18	0.01184	0.10518	0.10054	0.06722	0.02411	0.01339	0.51666	0.01658	0.06328	0.01583	0.01038	0.01308	0.00788	0.00455	0.00544	0.00162	0.00766	0.00528	0.00263	0.00685
19	0.00776	0.05690	0.00789	0.00765	0.00839	0.07574	0.00536	0.00871	0.01009	0.01275	0.02462	0.68475	0.02916	0.02693	0.00639	0.00197	0.00367	0.01256	0.00433	0.00439
20	0.00840	0.00530	0.00671	0.00688	0.00806	0.00483	0.00505	0.00979	0.01135	0.10166	0.15269	0.32679	0.18267	0.06734	0.00747	0.00207	0.00322	0.08008	0.00490	0.00473
21	0.01146	0.00601	0.00783	0.00686	0.00876	0.00546	0.00533	0.01373	0.01394	0.22189	0.50149	0.03030	0.03465	0.00878	0.00546	0.00154	0.00288	0.00759	0.10027	0.00576
22	0.05415	0.40195	0.21144	0.01279	0.11791	0.01497	0.01149	0.01462	0.01040	0.01416	0.00985	0.08682	0.00920	0.00559	0.00416	0.00138	0.00568	0.00431	0.00249	0.00665
23	0.05865	0.07263	0.70551	0.01363	0.02067	0.01221	0.01734	0.01590	0.01053	0.01615	0.00884	0.01038	0.00636	0.00477	0.00462	0.00157	0.00715	0.00362	0.00219	0.00730
24	0.00732	0.00524	0.00781	0.00789	0.00865	0.00597	0.00600	0.00863	0.00807	0.01150	0.01400	0.07313	0.01363	0.03426	0.66486	0.09826	0.01185	0.00591	0.00279	0.00424
25	0.01148	0.00800	0.01113	0.02325	0.18690	0.00773	0.00841	0.05165	0.03839	0.14078	0.06906	0.08472	0.19929	0.00950	0.00572	0.00174	0.00422	0.12727	0.00449	0.00625
26	0.09550	0.24139	0.31346	0.01306	0.09020	0.01375	0.02677	0.03274	0.03996	0.05478	0.01043	0.01154	0.02609	0.00499	0.00431	0.00145	0.00598	0.00379	0.00273	0.00707
27	0.01213	0.01162	0.01983	0.13265	0.69215	0.01191	0.01533	0.01518	0.01133	0.01605	0.00944	0.01264	0.00784	0.00458	0.00501	0.00153	0.00610	0.00450	0.00247	0.00770
28	0.00638	0.00468	0.00564	0.00629	0.00711	0.00424	0.00438	0.00757	0.01059	0.01399	0.08518	0.48997	0.25572	0.01396	0.00610	0.00187	0.00275	0.01233	0.05703	0.00424
29	0.11579	0.01155	0.01907	0.14443	0.46022	0.01203	0.10657	0.04108	0.01142	0.01722	0.00931	0.01226	0.00749	0.00464	0.00490	0.00156	0.00616	0.00447	0.00264	0.00721
30	0.01020	0.00958	0.01278	0.28040	0.03527	0.06544	0.01017	0.03018	0.00990	0.01341	0.01037	0.04279	0.00922	0.01346	0.18688	0.00312	0.15452	0.00482	0.01404	0.08344
31	0.00722	0.00542	0.00813	0.00813	0.00903	0.00632	0.00632	0.00903	0.00813	0.01174	0.01354	0.01987	0.01264	0.03792	0.80225	0.00813	0.01354	0.00542	0.00271	0.00451
32	0.01190	0.00624	0.00671	0.00606	0.00787	0.00631	0.00471	0.07191	0.05608	0.11095	0.01680	0.01815	0.01272	0.00600	0.00392	0.00128	0.00292	0.00480	0.63900	0.00565
33	0.09057	0.07029	0.01371	0.03827	0.02691	0.01262	0.00838	0.33198	0.04732	0.03973	0.01167	0.05752	0.00956	0.00602	0.00513	0.00142	0.04375	0.00455	0.00399	0.17660
34	0.00715	0.00512	0.00631	0.00622	0.00709	0.00481	0.00438	0.00863	0.01152	0.01579	0.39482	0.08275	0.10409	0.25308	0.01192	0.00265	0.00333	0.05157	0.00461	0.01417
35	0.01177	0.25130	0.45761	0.01305	0.01904	0.01450	0.06577	0.05894	0.01131	0.01565	0.00867	0.01024	0.00665	0.00483	0.00481	0.00147	0.03124	0.00366	0.00234	0.00716
36	0.01317	0.57157	0.17312	0.01068	0.01563	0.01772	0.05424	0.06640	0.01135	0.01427	0.00795	0.00919	0.00668	0.00453	0.00382	0.00125	0.00599	0.00321	0.00238	0.00684
37	0.00821	0.00619	0.00722	0.00678	0.00841	0.00596	0.00512	0.05763	0.07983	0.03193	0.38372	0.10582	0.25215	0.01089	0.00587	0.00167	0.00285	0.00939	0.00519	0.00515
38	0.01083	0.01146	0.02005	0.09605	0.02072	0.06382	0.38622	0.01441	0.04990	0.01518	0.04553	0.17095	0.01448	0.00727	0.00638	0.00177	0.04848	0.00731	0.00318	0.00602
39	0.00729	0.00527	0.00598	0.00585	0.00742	0.00456	0.00437	0.00882	0.01213	0.06330	0.21132	0.13018	0.49095	0.01219	0.00597	0.00171	0.00267	0.01040	0.00499	0.00463
40	0.01084	0.01030	0.01750	0.47117	0.36371	0.01157	0.01469	0.01405	0.01072	0.01449	0.00922	0.01306	0.00729	0.00482	0.00503	0.00161	0.00642	0.00450	0.00236	0.00666
41	0.01622	0.01302	0.01468	0.01119	0.01529	0.04131	0.05578	0.46839	0.06611	0.02579	0.01162	0.01214	0.00862	0.00541	0.00478	0.00135	0.00533	0.00429	0.00432	0.21438
42	0.01889	0.02410	0.01433	0.01303	0.01563	0.80199	0.00977	0.02019	0.01433	0.01238	0.00782	0.00912	0.00651	0.00521	0.00456	0.00130	0.00912	0.00326	0.00261	0.00586
43	0.01049	0.00899	0.01049	0.00749	0.01198	0.00674	0.00599	0.01273	0.01049	0.01648	0.00899	0.01049	0.00749	0.00374	0.00374	0.00075	0.00374	0.00300	0.00300	0.85320
44	0.01178	0.01127	0.01920	0.22347	0.60403	0.01182	0.01515	0.01488	0.01117	0.01563	0.00938	0.01275	0.00770	0.00464	0.00502	0.00155	0.00619	0.00450	0.00244	0.00742
45	0.01739	0.02152	0.01362	0.01246	0.01479	0.67732	0.00936	0.03084	0.02468	0.01285	0.00975	0.07919	0.00900	0.00631	0.00523	0.00141	0.04135	0.00432	0.00284	0.00577
46	0.03217	0.00994	0.01179	0.00959	0.01302	0.01014	0.00774	0.13805	0.24697	0.38464	0.06622	0.01806	0.01486	0.00664	0.00512	0.00160	0.00428	0.00541	0.00565	0.00813
47	0.04053	0.01101	0.01560	0.24192	0.15166	0.01183	0.04790	0.20061	0.03735	0.06377	0.01105	0.02377	0.00845	0.00534	0.00506	0.00151	0.01593	0.00457	0.00345	0.09871
48	0.01423	0.61658	0.08498	0.00990	0.01416	0.16158	0.00965	0.01613	0.01104	0.01231	0.00733	0.00850	0.00649	0.00452	0.00361	0.00116	0.00625	0.00289	0.00224	0.00645
49	0.01009	0.00801	0.00961	0.00853	0.02721	0.05555	0.03325	0.02425	0.05715	0.06071	0.42597	0.03703	0.03031	0.00853	0.00591	0.03197	0.00367	0.01760	0.00466	0.13998
50	0.06166	0.04364	0.01531	0.19077	0.23399	0.04486	0.02766	0.01630	0.02258	0.16071	0.05607	0.01646	0.01156	0.00573	0.00495	0.00155	0.00552	0.03776	0.00350	0.03944
51	0.01562	0.00718	0.00955	0.00797	0.01062	0.00646	0.00632	0.01814	0.04362	0.43430	0.30025	0.07432	0.02674	0.00836	0.00549	0.00161	0.00351	0.00716	0.00587	0.00691
52	0.01255	0.01335	0.02880	0.02061	0.02566	0.01248	0.72870	0.01668	0.01208	0.06062	0.01079	0.01384	0.00795	0.00438	0.00592	0.00170	0.00828	0.00592	0.00277	0.00692
53	0.00723	0.00586	0.00759	0.06160	0.05766	0.00550	0.00586	0.00927	0.01261	0.01664	0.35419	0.03991	0.33847	0.01079	0.00590	0.00168	0.00309	0.04659	0.00476	0.00482
54	0.01165	0.17793	0.47972	0.05858	0.03252	0.01325	0.02676	0.04493	0.01127	0.04750	0.02616	0.01134	0.00773	0.00504	0.00486	0.00151	0.02572	0.00385	0.00252	0.00716
55	0.11726	0.18835	0.02914	0.01048	0.01342	0.04735	0.02444	0.07782	0.10725	0.13615	0.01115	0.01204	0.00863	0.00618	0.00704	0.00161	0.18722	0.00409	0.00355	0.00683
56	0.01014	0.02616	0.79609	0.01441	0.02189	0.01174	0.01868	0.01601	0.01068	0.01601	0.00907	0.01068	0.00641	0.00480	0.00480	0.00160	0.00747	0.00374	0.00214	0.00747
57	0.27974	0.49436	0.09132	0.00855	0.01279	0.01651	0.00857	0.01513	0.00978	0.01568	0.00722	0.00838	0.00616	0.00449	0.00335	0.00128	0.00513	0.00281	0.00247	0.00626
58	0.01075	0.01363	0.27429	0.01036	0.01425	0.00874	0.01077	0.05162	0.07982	0.09065	0.09367	0.02889	0.10977	0.02223	0.00591	0.00182	0.00510	0.15725	0.00408	0.00640
59	0.04125	0.00858	0.01244	0.22103	0.07026	0.00870	0.00947	0.03834	0.01295	0.36568	0.08610	0.03202	0.01484	0.00673	0.00522	0.00164	0.00491	0.04814	0.00465	0.00704
60	0.00789	0.00542	0.00700	0.00683	0.00816	0.00502	0.00533	0.01005	0.01332	0.05280	0.51109	0.04137	0.12775	0.03567	0.00670	0.00183	0.00297	0.14073	0.00526	0.00481
61	0.00773	0.00554	0.00764	0.00872	0.00975	0.00546	0.00734	0.00979	0.01142	0.01494	0.05902	0.18197	0.04852	0.01410	0.00683	0.00224	0.00423	0.58550	0.00470	0.00456
62	0.06990	0.04357	0.01918	0.09629	0.29724	0.18911	0.14756	0.02815	0.01200	0.01559	0.00945	0.03168	0.00791	0.00499	0.00493	0.00151	0.00698	0.00455	0.00264	0.00678
63	0.01044	0.00837	0.01198	0.01038	0.01187	0.01909	0.09677	0.07198	0.02698	0.06761	0.07270	0.27758	0.03305	0.08517	0.00990	0.00218	0.16596	0.00860	0.00398	0.00543
64	0.00613	0.00498	0.00544	0.00569	0.00705	0.00429	0.00416	0.00740	0.01129	0.01393	0.09119	0.21886	0.56281	0.01335	0.00610	0.00179	0.00267	0.02387	0.00475	0.00427
65	0.11668	0.10662	0.01829	0.21685	0.22007	0.01301	0.09850	0.05742	0.07439	0.01702	0.00992	0.01234	0.00780	0.00490	0.00470	0.00155	0.00596	0.00434	0.00284	0.00681
66	0.01504	0.06204	0.01440	0.01021	0.01425	0.01234	0.03129	0.35086	0.05590	0.04383	0.01110	0.01180	0.00843	0.00524	0.00494	0.00126	0.03426	0.00400	0.00401	0.30479
67	0.07993	0.36320	0.11389	0.18683	0.04882	0.05836	0.01118	0.05835	0.01119	0.01482	0.00814	0.01007	0.00663	0.00473	0.00407	0.00137	0.00607	0.00343	0.00246	0.00648
68	0.01323	0.75651	0.09277	0.00915	0.01375	0.01930	0.00952	0.01522	0.01031	0.01225	0.00721	0.00833	0.00648	0.00437	0.00338	0.00113	0.00559	0.00279	0.00216	0.00657
69	0.00824	0.00480	0.00706	0.05259	0.00845	0.00499	0.00506	0.00732	0.00738	0.00990	0.01214	0.11154	0.01278	0.08810	0.09826	0.54457	0.00534	0.00593	0.00262	0.00293

[dist]
# distance from previous block
# <min> <max>
0	2

[block]
# block no. 1 follows, 49 sequences, length 26
# corresponding to MSA columns:
# 246-271
name=unknown_B
#
# <colnr> <probs for GDERKNQSTAVLIFYWHMCP>
#	G	D	E	R	K	N	Q	S	T	A	V	L	I	F	Y	W	H	M	C	P
0	0.00716	0.00517	0.00676	0.00636	0.00755	0.00477	0.00477	0.00954	0.01431	0.02028	0.78808	0.03777	0.04771	0.01034	0.00596	0.00159	0.00239	0.00914	0.00557	0.00477
1	0.00708	0.00517	0.00666	0.00628	0.00751	0.00474	0.00471	0.00940	0.01414	0.01986	0.74203	0.03845	0.09402	0.01049	0.00596	0.00160	0.00240	0.00924	0.00551	0.00474
2	0.00723	0.00524	0.00699	0.00764	0.00863	0.00500	0.00605	0.00915	0.01191	0.01595	0.24545	0.24001	0.08410	0.01332	0.00650	0.00201	0.00345	0.31190	0.00493	0.00453
3	0.00624	0.00446	0.00596	0.00713	0.00746	0.00417	0.00483	0.00717	0.00976	0.01300	0.02783	0.78933	0.03328	0.01577	0.00647	0.00206	0.00300	0.04327	0.00469	0.00413
4	0.01343	0.79502	0.02609	0.00882	0.01299	0.01984	0.00874	0.01503	0.01018	0.01191	0.00702	0.00822	0.00649	0.00449	0.00374	0.00112	0.03547	0.00277	0.00216	0.00645
5	0.01016	0.02543	0.76302	0.01412	0.02147	0.01153	0.01815	0.01588	0.01067	0.01603	0.00907	0.01067	0.00645	0.00476	0.00476	0.00157	0.00732	0.00371	0.00217	0.04307
6	0.01213	0.01309	0.01552	0.36430	0.02374	0.19068	0.04171	0.01441	0.01044	0.01270	0.00820	0.01194	0.00680	0.00669	0.02212	0.00186	0.23139	0.00427	0.00234	0.00568
7	0.85801	0.00978	0.00743	0.00665	0.00978	0.01134	0.00548	0.01486	0.00861	0.02269	0.00704	0.00821	0.00548	0.00469	0.00313	0.00156	0.00391	0.00274	0.00313	0.00548
8	0.01053	0.00993	0.05651	0.13636	0.18465	0.00966	0.04858	0.08511	0.01202	0.03494	0.05012	0.19432	0.08107	0.00849	0.00618	0.00173	0.05263	0.00744	0.00356	0.00617
9	0.01306	0.66301	0.16313	0.00975	0.01463	0.01843	0.01046	0.03414	0.01068	0.01313	0.00752	0.00867	0.00653	0.00445	0.00357	0.00118	0.00578	0.00293	0.00223	0.00672
10	0.00639	0.00498	0.00581	0.00594	0.00717	0.00439	0.00433	0.00794	0.01200	0.01560	0.28030	0.21584	0.38584	0.01269	0.00608	0.00175	0.00259	0.01101	0.00497	0.00439
11	0.35512	0.05189	0.04227	0.05360	0.05361	0.05172	0.00830	0.14096	0.10880	0.02131	0.01231	0.01347	0.04497	0.00573	0.00423	0.00156	0.00488	0.01513	0.00360	0.00652
12	0.01922	0.01416	0.01518	0.01163	0.01568	0.01568	0.00961	0.77388	0.02378	0.03187	0.01214	0.01214	0.00860	0.00607	0.00506	0.00152	0.00556	0.00455	0.00506	0.00860
13	0.00987	0.02441	0.73007	0.01375	0.02072	0.01116	0.01755	0.01540	0.01082	0.01601	0.03036	0.01375	0.03855	0.00543	0.00492	0.00162	0.00710	0.01892	0.00237	0.00723
14	0.01248	0.07138	0.07332	0.03736	0.07310	0.01291	0.55600	0.01638	0.01174	0.05697	0.01032	0.01315	0.00775	0.00451	0.00574	0.00164	0.02019	0.00541	0.00268	0.00696
15	0.00738	0.00532	0.00714	0.00811	0.00904	0.00516	0.00655	0.00914	0.01102	0.01437	0.05422	0.25966	0.09061	0.04805	0.00751	0.00229	0.00396	0.44142	0.00463	0.00442
16	0.02253	0.00885	0.01189	0.00911	0.01303	0.00780	0.00753	0.05789	0.01489	0.76041	0.01960	0.01699	0.01234	0.00625	0.00508	0.00156	0.00436	0.00506	0.00621	0.00861
17	0.01248	0.31902	0.34112	0.04512	0.07629	0.03060	0.01361	0.07905	0.01174	0.01566	0.00858	0.01007	0.00676	0.00473	0.00427	0.00139	0.00644	0.00350	0.00243	0.00714
18	0.00615	0.00444	0.00583	0.00694	0.00731	0.00412	0.00465	0.00705	0.00978	0.01295	0.02915	0.77681	0.07480	0.01568	0.00643	0.00203	0.00291	0.01417	0.00469	0.00412
19	0.00660	0.00498	0.00611	0.00625	0.00736	0.00449	0.00457	0.00830	0.01232	0.01647	0.37463	0.23543	0.25192	0.01248	0.00611	0.00176	0.00262	0.02806	0.00508	0.00446
20	0.55262	0.01015	0.04394	0.03916	0.01218	0.01026	0.00695	0.01758	0.01040	0.23860	0.01083	0.01106	0.00754	0.00515	0.00383	0.00157	0.00429	0.00351	0.00393	0.00645
21	0.04631	0.60799	0.09131	0.01090	0.05675	0.01776	0.04034	0.01551	0.01046	0.03722	0.00786	0.00913	0.00676	0.00453	0.00387	0.00123	0.01990	0.00313	0.00236	0.00668
22	0.02074	0.00838	0.01117	0.00874	0.01238	0.00737	0.00716	0.02319	0.04660	0.68861	0.05181	0.01981	0.05652	0.00680	0.00517	0.00158	0.00412	0.00558	0.00610	0.00819
23	0.75288	0.00978	0.00806	0.02447	0.01063	0.01120	0.00589	0.04545	0.00961	0.05290	0.02655	0.00955	0.00692	0.00495	0.00339	0.00157	0.00402	0.00309	0.00337	0.00571
24	0.01554	0.19459	0.04899	0.02401	0.04358	0.43189	0.00961	0.03507	0.04733	0.01349	0.01086	0.06456	0.02817	0.00596	0.00451	0.00136	0.00721	0.00429	0.00284	0.00614
25	0.06313	0.01245	0.08015	0.01296	0.09047	0.01246	0.04020	0.06961	0.50319	0.02071	0.01687	0.01694	0.01284	0.00629	0.00504	0.00167	0.00478	0.01810	0.00439	0.00774

[dist]
# distance from previous block
# <min> <max>
3	10

[block]
# block no. 2 follows, 49 sequences, length 27
# corresponding to MSA columns:
# 282-308
name=unknown_C
#
# <colnr> <probs for GDERKNQSTAVLIFYWHMCP>
#	G	D	E	R	K	N	Q	S	T	A	V	L	I	F	Y	W	H	M	C	P
0	0.05209	0.00718	0.00814	0.00784	0.00948	0.00731	0.00590	0.18646	0.01356	0.01842	0.06522	0.38212	0.15674	0.01212	0.00588	0.00183	0.00359	0.04607	0.00474	0.00531
1	0.01452	0.01028	0.01156	0.00960	0.01244	0.01100	0.00764	0.37803	0.10695	0.07885	0.18247	0.11667	0.02109	0.00828	0.00543	0.00162	0.00429	0.00690	0.00522	0.00716
2	0.00708	0.00479	0.00560	0.00587	0.00594	0.00472	0.00344	0.00728	0.00790	0.01053	0.01871	0.21623	0.02189	0.63436	0.02124	0.00424	0.00444	0.00899	0.00344	0.00331
3	0.01280	0.00577	0.00661	0.00588	0.00781	0.00542	0.00459	0.01499	0.01168	0.22580	0.01916	0.01991	0.05179	0.00634	0.00407	0.00131	0.00289	0.00511	0.58233	0.00573
4	0.00604	0.00513	0.00521	0.00519	0.00687	0.00430	0.00389	0.00738	0.01167	0.01401	0.09033	0.04809	0.74936	0.01268	0.00598	0.00170	0.00255	0.01059	0.00474	0.00430
5	0.66050	0.00959	0.00814	0.00685	0.01029	0.01027	0.00560	0.01437	0.00904	0.02124	0.00749	0.00874	0.00595	0.00447	0.00327	0.00137	0.00387	0.00280	0.00310	0.20303
6	0.66050	0.00959	0.00814	0.00685	0.01029	0.01027	0.00560	0.01437	0.00904	0.02124	0.00749	0.00874	0.00595	0.00447	0.00327	0.00137	0.00387	0.00280	0.00310	0.20303
7	0.01437	0.00887	0.01088	0.00797	0.01228	0.00696	0.00645	0.01652	0.01175	0.26405	0.01248	0.01263	0.00909	0.00455	0.00417	0.00101	0.00392	0.00366	0.00403	0.58435
8	0.00724	0.00536	0.00786	0.00786	0.00867	0.00618	0.00599	0.00886	0.00805	0.01154	0.01379	0.02122	0.01323	0.11851	0.72247	0.00780	0.01266	0.00562	0.00275	0.00437
9	0.65949	0.00853	0.00707	0.00674	0.00921	0.00966	0.00529	0.01304	0.00886	0.02041	0.01190	0.19716	0.01199	0.00729	0.00390	0.00168	0.00368	0.00545	0.00349	0.00516
10	0.01027	0.00996	0.01449	0.19835	0.01770	0.01343	0.01112	0.01186	0.00843	0.01235	0.00897	0.07316	0.00892	0.02418	0.01332	0.00213	0.54828	0.00525	0.00242	0.00540
11	0.56463	0.00874	0.00777	0.00717	0.00974	0.00974	0.00565	0.06149	0.01011	0.05966	0.01286	0.19785	0.01254	0.00746	0.00412	0.00168	0.00381	0.00568	0.00377	0.00551
12	0.01168	0.03438	0.02548	0.13426	0.24839	0.01025	0.08475	0.05237	0.02234	0.05256	0.03279	0.06340	0.03145	0.00591	0.00502	0.00148	0.00542	0.02219	0.01588	0.14001
13	0.01217	0.01065	0.03994	0.05639	0.09379	0.00982	0.32270	0.01542	0.01259	0.13164	0.19306	0.03522	0.01816	0.00634	0.00583	0.00165	0.01777	0.00644	0.00381	0.00661
14	0.00694	0.00504	0.00656	0.00660	0.00763	0.00466	0.00489	0.00895	0.01306	0.01813	0.55105	0.20103	0.08282	0.01180	0.00612	0.00173	0.00263	0.05046	0.00529	0.00460
15	0.00997	0.00947	0.01512	0.53042	0.07000	0.01200	0.01293	0.01271	0.00982	0.01330	0.04756	0.01405	0.00884	0.00622	0.00794	0.00180	0.20503	0.00471	0.00242	0.00569
16	0.03708	0.01731	0.31823	0.01677	0.15938	0.02426	0.04490	0.04107	0.02370	0.05493	0.00936	0.01164	0.00731	0.00587	0.00776	0.00173	0.20474	0.00423	0.00263	0.00709
17	0.01180	0.01019	0.01517	0.62405	0.03037	0.01227	0.01301	0.19025	0.01330	0.01734	0.00972	0.01317	0.00717	0.00529	0.00506	0.00165	0.00647	0.00451	0.00290	0.00631
18	0.06204	0.00984	0.01574	0.01175	0.01590	0.00888	0.18560	0.02219	0.01359	0.57426	0.01704	0.01593	0.01104	0.00572	0.00519	0.00160	0.00527	0.00517	0.00524	0.00803
19	0.01761	0.22499	0.01761	0.01159	0.01497	0.42043	0.00945	0.19455	0.01550	0.01680	0.00862	0.00957	0.00699	0.00519	0.00434	0.00130	0.00735	0.00342	0.00306	0.00666
20	0.01003	0.04720	0.00970	0.06006	0.07249	0.00664	0.00655	0.01114	0.01118	0.10371	0.23746	0.10140	0.08238	0.01117	0.00886	0.20000	0.00386	0.00720	0.00408	0.00491
21	0.01463	0.01151	0.01249	0.02850	0.01416	0.01295	0.00853	0.28739	0.42324	0.03945	0.04375	0.01856	0.02580	0.00695	0.00521	0.00166	0.00456	0.02770	0.00506	0.00791
22	0.00697	0.00503	0.00529	0.00522	0.00673	0.00445	0.00392	0.00867	0.01175	0.01592	0.15958	0.04000	0.49082	0.01080	0.00541	0.00157	0.00249	0.00904	0.20191	0.00445
23	0.01096	0.01094	0.02013	0.40231	0.25020	0.01182	0.19119	0.01443	0.01094	0.01472	0.00943	0.01324	0.00732	0.00471	0.00525	0.00164	0.00695	0.00484	0.00239	0.00659
24	0.00677	0.00440	0.00604	0.00694	0.00716	0.00417	0.00462	0.00694	0.00896	0.01195	0.02342	0.63171	0.02770	0.01624	0.00956	0.20033	0.00327	0.01205	0.00411	0.00366
25	0.01646	0.01201	0.01292	0.01021	0.01331	0.01317	0.00809	0.59525	0.01995	0.02673	0.01302	0.01702	0.01088	0.19628	0.00988	0.00231	0.00541	0.00521	0.00459	0.00731
26	0.01639	0.01272	0.01433	0.01298	0.09241	0.01409	0.00956	0.46602	0.23129	0.02693	0.01435	0.01426	0.01057	0.00613	0.00503	0.00156	0.00507	0.00487	0.03320	0.00825

[dist]
# distance from previous block
# <min> <max>
0	10

[block]
# block no. 3 follows, 49 sequences, length 23
# corresponding to MSA columns:
# 319-324,333-349
name=unknown_D
#
# <colnr> <probs for GDERKNQSTAVLIFYWHMCP>
#	G	D	E	R	K	N	Q	S	T	A	V	L	I	F	Y	W	H	M	C	P
0	0.00842	0.00721	0.01252	0.01142	0.01324	0.00692	0.18594	0.01075	0.01110	0.01470	0.02324	0.28220	0.02543	0.01228	0.00658	0.00210	0.00503	0.35175	0.00418	0.00499
1	0.00995	0.00727	0.00868	0.00756	0.00944	0.00731	0.00588	0.18836	0.01645	0.02280	0.58567	0.03208	0.05948	0.00941	0.00575	0.00158	0.00313	0.00811	0.00542	0.00565
2	0.00737	0.00600	0.00819	0.00857	0.00882	0.00682	0.00629	0.00835	0.00929	0.01281	0.02287	0.60611	0.02704	0.01415	0.00884	0.00210	0.19258	0.03523	0.00411	0.00446
3	0.01684	0.02458	0.19729	0.01335	0.01710	0.61704	0.01186	0.01921	0.01347	0.01323	0.00811	0.00948	0.00649	0.00512	0.00462	0.00137	0.00873	0.00337	0.00250	0.00624
4	0.01020	0.00962	0.01315	0.01146	0.01146	0.01301	0.00919	0.01104	0.00765	0.01162	0.00881	0.01622	0.00939	0.19922	0.01873	0.00284	0.62390	0.00511	0.00241	0.00495
5	0.20969	0.01456	0.13604	0.01688	0.02187	0.01230	0.48328	0.01586	0.01097	0.01769	0.00932	0.01194	0.00697	0.00444	0.00513	0.00166	0.00729	0.00489	0.00263	0.00660
6	0.00710	0.00504	0.00547	0.00536	0.00680	0.00451	0.00402	0.00893	0.01206	0.01665	0.24088	0.03876	0.40826	0.01053	0.00540	0.00155	0.00247	0.00887	0.20285	0.00451
7	0.01961	0.00870	0.01254	0.19649	0.01804	0.00832	0.00898	0.02190	0.01345	0.61139	0.01738	0.01634	0.01117	0.00598	0.00508	0.00159	0.00487	0.00495	0.00532	0.00791
8	0.00683	0.00512	0.00695	0.06644	0.00945	0.00507	0.00543	0.00830	0.01095	0.01488	0.24321	0.46426	0.05632	0.04935	0.00724	0.00201	0.01761	0.01155	0.00464	0.00439
9	0.00759	0.00636	0.00824	0.00787	0.00869	0.00702	0.00603	0.00909	0.01111	0.01525	0.27111	0.21487	0.19361	0.01179	0.00857	0.00187	0.19227	0.00958	0.00439	0.00469
10	0.00690	0.00497	0.00653	0.00654	0.00750	0.00460	0.00475	0.00890	0.01313	0.01839	0.59316	0.23808	0.04405	0.01175	0.00609	0.00171	0.00253	0.01049	0.00534	0.00460
11	0.00616	0.00440	0.00587	0.00704	0.00733	0.00411	0.00469	0.00704	0.00968	0.01291	0.02787	0.81899	0.03344	0.01584	0.00645	0.00205	0.00293	0.01438	0.00469	0.00411
12	0.00868	0.00744	0.01242	0.01087	0.01294	0.00709	0.18536	0.01150	0.04462	0.02962	0.09436	0.22719	0.11010	0.01125	0.00630	0.00194	0.00467	0.20414	0.00431	0.00521
13	0.01014	0.02616	0.79609	0.01441	0.02189	0.01174	0.01868	0.01601	0.01068	0.01601	0.00907	0.01068	0.00641	0.00480	0.00480	0.00160	0.00747	0.00374	0.00214	0.00747
14	0.01184	0.01233	0.02563	0.20540	0.02781	0.01219	0.56201	0.01579	0.01162	0.04888	0.01036	0.01376	0.00766	0.00453	0.00572	0.00169	0.00793	0.00558	0.00264	0.00662
15	0.00767	0.00599	0.00713	0.00764	0.00866	0.00612	0.00541	0.01176	0.19059	0.01506	0.04545	0.55548	0.08666	0.01338	0.00610	0.00194	0.00314	0.01195	0.00482	0.00505
16	0.00722	0.00542	0.00813	0.00813	0.00903	0.00632	0.00632	0.00903	0.00813	0.01174	0.01354	0.01987	0.01264	0.03792	0.80225	0.00813	0.01354	0.00542	0.00271	0.00451
17	0.00955	0.00899	0.01517	0.81013	0.03483	0.01123	0.01404	0.01292	0.01011	0.01292	0.00899	0.01348	0.00674	0.00506	0.00506	0.00169	0.00674	0.00449	0.00225	0.00562
18	0.04543	0.01363	0.19546	0.01052	0.01504	0.01008	0.01023	0.17804	0.01533	0.36173	0.07988	0.01605	0.01299	0.00617	0.00502	0.00157	0.00514	0.00492	0.00488	0.00791
19	0.00999	0.00741	0.03988	0.19566	0.01483	0.00770	0.00792	0.07314	0.00906	0.01211	0.00903	0.01429	0.00811	0.01281	0.01438	0.51302	0.03992	0.00441	0.00245	0.00388
20	0.01400	0.01421	0.01194	0.01080	0.01354	0.22729	0.00830	0.02416	0.53744	0.01842	0.01850	0.01757	0.04825	0.00668	0.00502	0.00160	0.00533	0.00527	0.00443	0.00725
21	0.04309	0.00698	0.00724	0.00650	0.00879	0.04166	0.00505	0.01229	0.01234	0.19689	0.06856	0.03754	0.51296	0.01052	0.00559	0.00165	0.00331	0.00866	0.00494	0.00542
22	0.00739	0.00606	0.00864	0.23147	0.01520	0.00648	0.00734	0.00960	0.03977	0.01371	0.06609	0.43146	0.11381	0.01183	0.00593	0.00187	0.00397	0.01057	0.00407	0.00473

[dist]
# distance from previous block
# <min> <max>
1	8

[block]
# block no. 4 follows, 49 sequences, length 6
# corresponding to MSA columns:
# 358-363
name=unknown_E
#
# <colnr> <probs for GDERKNQSTAVLIFYWHMCP>
#	G	D	E	R	K	N	Q	S	T	A	V	L	I	F	Y	W	H	M	C	P
0	0.44240	0.00813	0.00834	0.12459	0.01286	0.00929	0.00664	0.01231	0.00919	0.01781	0.01537	0.01742	0.12796	0.01223	0.15369	0.00283	0.00592	0.00472	0.00316	0.00513
1	0.01129	0.01115	0.07052	0.01392	0.01724	0.01022	0.30804	0.12416	0.01207	0.01656	0.04045	0.01560	0.01037	0.01334	0.15737	0.14550	0.00803	0.00536	0.00298	0.00584
2	0.01471	0.01168	0.01425	0.01619	0.25007	0.09500	0.00998	0.15789	0.01415	0.13247	0.01439	0.14774	0.01284	0.00697	0.00511	0.00152	0.00530	0.00599	0.00395	0.07980
3	0.00835	0.00609	0.00891	0.01053	0.12817	0.00640	0.00633	0.00906	0.00813	0.01134	0.01292	0.02240	0.01320	0.29152	0.28847	0.14758	0.00796	0.00575	0.00271	0.00418
4	0.01130	0.01338	0.16007	0.01187	0.01418	0.01294	0.01106	0.12970	0.01140	0.01618	0.01542	0.01746	0.13795	0.00833	0.01082	0.00191	0.40148	0.00536	0.00305	0.00616
5	0.01090	0.00742	0.01001	0.03999	0.01085	0.00856	0.00724	0.01262	0.01082	0.12964	0.16028	0.15366	0.02067	0.00932	0.00875	0.00179	0.25004	0.00712	0.13483	0.00548

[dist]
# distance from previous block
# <min> <max>
0	20

# created by:
# /st0/software/busco_prod/Augustus/scripts/msa2prfl.pl ./align_prep/174202.fa
