[name]
unknown

[dist]
# distance from previous block
# <min> <max>
0	87

[block]
# block no. 0 follows, 43 sequences, length 12
# corresponding to MSA columns:
# 118-129
name=unknown_A
#
# <colnr> <probs for GDERKNQSTAVLIFYWHMCP>
#	G	D	E	R	K	N	Q	S	T	A	V	L	I	F	Y	W	H	M	C	P
0	0.01510	0.01081	0.01454	0.01411	0.10911	0.02490	0.04115	0.15665	0.01502	0.14890	0.06817	0.10017	0.01757	0.04844	0.00873	0.00207	0.11079	0.06159	0.00463	0.02757
1	0.01073	0.01046	0.07369	0.03533	0.01370	0.03492	0.06412	0.07929	0.01230	0.02742	0.03655	0.26239	0.04020	0.09350	0.04230	0.00256	0.06769	0.00888	0.03018	0.05379
2	0.01128	0.03377	0.07960	0.07902	0.12920	0.03411	0.05046	0.01592	0.11261	0.01787	0.09385	0.12821	0.04057	0.00789	0.00561	0.00166	0.00533	0.00700	0.00391	0.14214
3	0.08213	0.01117	0.01373	0.03464	0.01519	0.01123	0.05560	0.18446	0.04853	0.08779	0.01520	0.05674	0.04183	0.00675	0.00589	0.00154	0.05373	0.00539	0.02670	0.24175
4	0.00859	0.00643	0.00727	0.00716	0.00875	0.00615	0.00528	0.02568	0.06609	0.03615	0.06863	0.22764	0.34089	0.03792	0.00731	0.00200	0.02702	0.01086	0.07249	0.02766
5	0.03368	0.04336	0.01318	0.15172	0.01735	0.12938	0.00941	0.09104	0.14068	0.01905	0.07171	0.08123	0.01581	0.02292	0.00650	0.00181	0.04909	0.00617	0.08927	0.00663
6	0.01078	0.00973	0.01593	0.61691	0.09333	0.01184	0.01419	0.01422	0.01114	0.01510	0.01062	0.01517	0.00819	0.00576	0.00590	0.00180	0.04033	0.00494	0.08786	0.00626
7	0.01038	0.01105	0.07318	0.59023	0.03227	0.01217	0.01463	0.01390	0.01069	0.01421	0.01015	0.01504	0.00801	0.00954	0.08620	0.00261	0.07211	0.00496	0.00250	0.00617
8	0.09836	0.10630	0.09463	0.09466	0.01758	0.02905	0.03080	0.03787	0.01083	0.05646	0.00963	0.01267	0.00799	0.00783	0.02604	0.00207	0.30585	0.00447	0.04025	0.00666
9	0.00799	0.00578	0.00724	0.00784	0.00863	0.00558	0.00543	0.06418	0.01227	0.01642	0.10538	0.59415	0.07058	0.05109	0.00782	0.00227	0.00345	0.01381	0.00519	0.00490
10	0.00870	0.00540	0.00699	0.00762	0.00844	0.00496	0.00522	0.00973	0.01109	0.09180	0.03060	0.59567	0.09224	0.08311	0.00867	0.00243	0.00352	0.01372	0.00516	0.00492
11	0.01355	0.00891	0.01125	0.01127	0.07626	0.00895	0.00787	0.05996	0.18360	0.16757	0.15428	0.18637	0.05070	0.00999	0.00606	0.00185	0.00412	0.00870	0.00554	0.02320

[dist]
# distance from previous block
# <min> <max>
9	31

[block]
# block no. 1 follows, 43 sequences, length 52
# corresponding to MSA columns:
# 207-258
name=unknown_B
#
# <colnr> <probs for GDERKNQSTAVLIFYWHMCP>
#	G	D	E	R	K	N	Q	S	T	A	V	L	I	F	Y	W	H	M	C	P
0	0.01207	0.05123	0.12467	0.01010	0.01415	0.00918	0.04242	0.04334	0.05054	0.09097	0.10632	0.09276	0.08337	0.02298	0.00585	0.00161	0.00483	0.00672	0.00429	0.22260
1	0.01497	0.06480	0.08689	0.03039	0.03013	0.01001	0.00912	0.09208	0.01390	0.17474	0.02850	0.07567	0.01232	0.00631	0.00497	0.00138	0.00498	0.00516	0.00426	0.32942
2	0.01373	0.02548	0.01175	0.00934	0.01247	0.04260	0.00744	0.12705	0.06558	0.10436	0.26171	0.02374	0.03949	0.00788	0.00599	0.00153	0.03438	0.00643	0.00506	0.19400
3	0.02394	0.01014	0.01322	0.01017	0.01440	0.00926	0.00839	0.12235	0.01719	0.65912	0.03845	0.01865	0.01406	0.00693	0.00559	0.00171	0.00485	0.00560	0.00666	0.00932
4	0.11142	0.05821	0.09767	0.02933	0.01621	0.11271	0.01076	0.16089	0.04381	0.15127	0.01235	0.01358	0.00926	0.02417	0.00746	0.00184	0.12271	0.00457	0.00409	0.00766
5	0.02485	0.00943	0.01285	0.00985	0.01414	0.00814	0.00814	0.02699	0.01585	0.77465	0.02185	0.01885	0.01371	0.00685	0.00557	0.00171	0.00471	0.00557	0.00685	0.00943
6	0.01178	0.01057	0.01631	0.65496	0.03425	0.01291	0.01440	0.09031	0.06817	0.01693	0.01114	0.01505	0.00830	0.00580	0.00554	0.00183	0.00703	0.00503	0.00301	0.00668
7	0.84448	0.01071	0.00814	0.00728	0.01071	0.01242	0.00600	0.01628	0.00943	0.02485	0.00771	0.00900	0.00600	0.00514	0.00343	0.00171	0.00428	0.00300	0.00343	0.00600
8	0.00675	0.00482	0.00643	0.00771	0.00803	0.00450	0.00514	0.00771	0.01060	0.01414	0.03053	0.80175	0.03663	0.01735	0.00707	0.00225	0.00321	0.01574	0.00514	0.00450
9	0.00778	0.00532	0.00606	0.00622	0.00640	0.00521	0.00364	0.00800	0.00871	0.01148	0.02197	0.13409	0.07770	0.64728	0.02392	0.00472	0.00491	0.00929	0.00371	0.00360
10	0.01184	0.01280	0.02642	0.19193	0.02883	0.01266	0.51165	0.01593	0.01243	0.01660	0.01359	0.07430	0.03159	0.00606	0.00635	0.00189	0.00827	0.00701	0.00296	0.00688
11	0.00876	0.00626	0.00874	0.01002	0.01122	0.00624	0.00864	0.01120	0.01259	0.01639	0.02941	0.11728	0.03223	0.01545	0.00761	0.00253	0.00496	0.68033	0.00510	0.00506
12	0.01148	0.00984	0.01148	0.00820	0.01312	0.00738	0.00656	0.01395	0.01148	0.01805	0.00984	0.01148	0.00820	0.00410	0.00410	0.00082	0.00410	0.00328	0.00328	0.83922
13	0.01148	0.00984	0.01148	0.00820	0.01312	0.00738	0.00656	0.01395	0.01148	0.01805	0.00984	0.01148	0.00820	0.00410	0.00410	0.00082	0.00410	0.00328	0.00328	0.83922
14	0.01299	0.00766	0.01003	0.00835	0.01109	0.00659	0.02284	0.01498	0.01315	0.20878	0.20136	0.12973	0.02548	0.09687	0.00818	0.00199	0.00403	0.00778	0.00512	0.20300
15	0.04699	0.01012	0.01659	0.68296	0.09069	0.01227	0.01492	0.01477	0.01123	0.03345	0.01009	0.01454	0.00758	0.00551	0.00544	0.00182	0.00712	0.00486	0.00263	0.00642
16	0.00675	0.00482	0.00643	0.00771	0.00803	0.00450	0.00514	0.00771	0.01060	0.01414	0.03053	0.80175	0.03663	0.01735	0.00707	0.00225	0.00321	0.01574	0.00514	0.00450
17	0.01824	0.01264	0.01337	0.01107	0.01464	0.06528	0.00884	0.22105	0.25753	0.20599	0.07743	0.01988	0.03380	0.00745	0.00564	0.00174	0.00513	0.00598	0.00574	0.00857
18	0.02069	0.02640	0.01569	0.01427	0.01712	0.78313	0.01070	0.02212	0.01569	0.01355	0.00856	0.00999	0.00713	0.00571	0.00499	0.00143	0.00999	0.00357	0.00285	0.00642
19	0.01051	0.01124	0.07296	0.73451	0.03709	0.01235	0.01576	0.01440	0.01112	0.01440	0.00985	0.01454	0.00736	0.00552	0.00552	0.00184	0.00744	0.00486	0.00245	0.00630
20	0.00792	0.00591	0.00878	0.00878	0.00972	0.00686	0.00677	0.00981	0.00886	0.01277	0.01495	0.02238	0.01412	0.07437	0.75095	0.00875	0.01443	0.00602	0.00298	0.00488
21	0.00802	0.00551	0.00674	0.00674	0.00699	0.00575	0.00423	0.00851	0.00826	0.01126	0.01681	0.03268	0.01859	0.61746	0.21398	0.00624	0.00770	0.00753	0.00326	0.00375
22	0.00675	0.00482	0.00643	0.00771	0.00803	0.00450	0.00514	0.00771	0.01060	0.01414	0.03053	0.80175	0.03663	0.01735	0.00707	0.00225	0.00321	0.01574	0.00514	0.00450
23	0.00784	0.00566	0.00740	0.00697	0.00827	0.00523	0.00523	0.01045	0.01568	0.02221	0.76789	0.04137	0.05226	0.01132	0.00653	0.00174	0.00261	0.01002	0.00610	0.00523
24	0.01046	0.00984	0.01661	0.79205	0.03814	0.01230	0.01538	0.01415	0.01107	0.01415	0.00984	0.01477	0.00738	0.00554	0.00554	0.00185	0.00738	0.00492	0.00246	0.00615
25	0.02454	0.00993	0.01316	0.01009	0.01439	0.00888	0.00834	0.08678	0.01669	0.71368	0.02114	0.01839	0.01336	0.00684	0.00557	0.00171	0.00483	0.00552	0.00675	0.00942
26	0.84448	0.01071	0.00814	0.00728	0.01071	0.01242	0.00600	0.01628	0.00943	0.02485	0.00771	0.00900	0.00600	0.00514	0.00343	0.00171	0.00428	0.00300	0.00343	0.00600
27	0.01111	0.02865	0.77667	0.01579	0.02397	0.01286	0.02046	0.01754	0.01169	0.01754	0.00994	0.01169	0.00702	0.00526	0.00526	0.00175	0.00818	0.00409	0.00234	0.00818
28	0.02105	0.01551	0.01662	0.01274	0.01717	0.01717	0.01053	0.75235	0.02604	0.03490	0.01330	0.01330	0.00942	0.00665	0.00554	0.00166	0.00609	0.00499	0.00554	0.00942
29	0.01147	0.09658	0.50844	0.01368	0.02005	0.01220	0.04572	0.01654	0.01258	0.04679	0.14697	0.01719	0.01550	0.00634	0.00539	0.00170	0.00688	0.00521	0.00321	0.00757
30	0.00799	0.00577	0.00797	0.00799	0.00873	0.00632	0.00585	0.00947	0.00932	0.01310	0.07204	0.02914	0.01928	0.25867	0.47446	0.00708	0.01078	0.03813	0.00340	0.00451
31	0.01122	0.05118	0.75507	0.01560	0.02369	0.01312	0.02015	0.01751	0.01168	0.01741	0.00987	0.01161	0.00702	0.00525	0.00521	0.00174	0.00812	0.00406	0.00234	0.00815
32	0.14974	0.01394	0.01477	0.06136	0.01714	0.01569	0.00990	0.49846	0.11433	0.03052	0.01335	0.01363	0.00968	0.00645	0.00522	0.00171	0.00568	0.00483	0.00502	0.00859
33	0.01058	0.00816	0.01386	0.01315	0.06787	0.00769	0.16025	0.01268	0.01193	0.08345	0.03942	0.33822	0.04122	0.04972	0.00810	0.02185	0.00519	0.09631	0.00451	0.00585
34	0.84448	0.01071	0.00814	0.00728	0.01071	0.01242	0.00600	0.01628	0.00943	0.02485	0.00771	0.00900	0.00600	0.00514	0.00343	0.00171	0.00428	0.00300	0.00343	0.00600
35	0.00704	0.00547	0.00627	0.00637	0.00768	0.00485	0.00458	0.00859	0.01276	0.01647	0.24181	0.17804	0.39248	0.07253	0.00824	0.00216	0.00301	0.01167	0.00527	0.00470
36	0.00677	0.00549	0.00601	0.00615	0.00769	0.00473	0.00451	0.00829	0.01277	0.01593	0.16023	0.17024	0.54356	0.01414	0.00663	0.00191	0.00284	0.01208	0.00529	0.00473
37	0.01694	0.02001	0.01511	0.18631	0.03922	0.50268	0.01147	0.01904	0.01420	0.01433	0.01084	0.01549	0.00937	0.00639	0.00527	0.00160	0.00865	0.05808	0.03875	0.00627
38	0.01378	0.01190	0.01252	0.01127	0.01440	0.01378	0.00877	0.02943	0.76081	0.02317	0.02254	0.02066	0.01691	0.00751	0.00564	0.00188	0.00438	0.00626	0.00564	0.00877
39	0.02069	0.02640	0.01569	0.01427	0.01712	0.78313	0.01070	0.02212	0.01569	0.01355	0.00856	0.00999	0.00713	0.00571	0.00499	0.00143	0.00999	0.00357	0.00285	0.00642
40	0.01148	0.00984	0.01148	0.00820	0.01312	0.00738	0.00656	0.01395	0.01148	0.01805	0.00984	0.01148	0.00820	0.00410	0.00410	0.00082	0.00410	0.00328	0.00328	0.83922
41	0.00784	0.00566	0.00740	0.00697	0.00827	0.00523	0.00523	0.01045	0.01568	0.02221	0.76789	0.04137	0.05226	0.01132	0.00653	0.00174	0.00261	0.01002	0.00610	0.00523
42	0.02274	0.01096	0.04734	0.01047	0.01481	0.00957	0.00892	0.07378	0.09988	0.60850	0.02084	0.01837	0.01349	0.00684	0.00556	0.00173	0.00492	0.00554	0.00643	0.00930
43	0.01371	0.01316	0.02248	0.03399	0.77081	0.01316	0.01700	0.01700	0.01261	0.01809	0.01042	0.01371	0.00877	0.00493	0.00548	0.00164	0.00658	0.00493	0.00274	0.00877
44	0.01378	0.01190	0.01252	0.01127	0.01440	0.01378	0.00877	0.02943	0.76081	0.02317	0.02254	0.02066	0.01691	0.00751	0.00564	0.00188	0.00438	0.00626	0.00564	0.00877
45	0.02116	0.01533	0.01651	0.01266	0.01709	0.01691	0.01046	0.73113	0.02574	0.05654	0.01355	0.01346	0.00954	0.00665	0.00554	0.00166	0.00605	0.00500	0.00558	0.00942
46	0.00799	0.00578	0.00762	0.00749	0.00880	0.00541	0.00583	0.01056	0.01510	0.02105	0.62268	0.04530	0.06757	0.01207	0.00672	0.00188	0.00304	0.13401	0.00590	0.00519
47	0.01481	0.80869	0.02902	0.00948	0.01421	0.02191	0.00948	0.01658	0.01125	0.01303	0.00770	0.00888	0.00711	0.00474	0.00355	0.00118	0.00592	0.00296	0.00237	0.00711
48	0.02096	0.01841	0.01637	0.01315	0.01716	0.22114	0.01057	0.55789	0.02328	0.02922	0.01204	0.01242	0.00881	0.00640	0.00539	0.00160	0.00713	0.00461	0.00482	0.00862
49	0.84448	0.01071	0.00814	0.00728	0.01071	0.01242	0.00600	0.01628	0.00943	0.02485	0.00771	0.00900	0.00600	0.00514	0.00343	0.00171	0.00428	0.00300	0.00343	0.00600
50	0.00675	0.00482	0.00643	0.00771	0.00803	0.00450	0.00514	0.00771	0.01060	0.01414	0.03053	0.80175	0.03663	0.01735	0.00707	0.00225	0.00321	0.01574	0.00514	0.00450
51	0.02120	0.01528	0.01648	0.01263	0.01706	0.01683	0.01044	0.72474	0.02565	0.06306	0.01362	0.01351	0.00958	0.00666	0.00554	0.00166	0.00604	0.00501	0.00559	0.00942

[dist]
# distance from previous block
# <min> <max>
9	10

[block]
# block no. 2 follows, 43 sequences, length 67
# corresponding to MSA columns:
# 270-317,319-337
name=unknown_C
#
# <colnr> <probs for GDERKNQSTAVLIFYWHMCP>
#	G	D	E	R	K	N	Q	S	T	A	V	L	I	F	Y	W	H	M	C	P
0	0.02391	0.00984	0.01298	0.01007	0.01428	0.00890	0.00828	0.05577	0.06923	0.69203	0.02156	0.01876	0.01377	0.00689	0.00557	0.00172	0.00474	0.00560	0.00672	0.00938
1	0.02355	0.00915	0.01234	0.00955	0.01366	0.00789	0.00786	0.02564	0.01562	0.72063	0.02429	0.02130	0.06739	0.00736	0.00564	0.00172	0.00458	0.00600	0.00673	0.00909
2	0.00796	0.00610	0.00879	0.00912	0.03583	0.00587	0.05796	0.00900	0.01007	0.01352	0.04313	0.39049	0.04299	0.29834	0.03241	0.00345	0.00478	0.01149	0.00423	0.00448
3	0.01385	0.21129	0.32112	0.03383	0.05428	0.01506	0.13630	0.04421	0.03082	0.07293	0.01093	0.01251	0.00817	0.00525	0.00512	0.00163	0.00732	0.00447	0.00297	0.00793
4	0.00675	0.00482	0.00643	0.00771	0.00803	0.00450	0.00514	0.00771	0.01060	0.01414	0.03053	0.80175	0.03663	0.01735	0.00707	0.00225	0.00321	0.01574	0.00514	0.00450
5	0.01316	0.01304	0.02354	0.13301	0.53918	0.01320	0.14938	0.01675	0.01249	0.01750	0.01048	0.01407	0.00852	0.00497	0.00568	0.00171	0.00718	0.00522	0.00271	0.00819
6	0.01536	0.07383	0.28943	0.16412	0.06267	0.01240	0.03722	0.04754	0.01325	0.21185	0.01302	0.01419	0.00904	0.00570	0.00533	0.00171	0.00685	0.00470	0.00368	0.00809
7	0.00827	0.00604	0.00806	0.00916	0.01024	0.00595	0.00743	0.01072	0.03910	0.01595	0.03128	0.28848	0.08324	0.01556	0.00732	0.00239	0.00433	0.43633	0.00513	0.00502
8	0.74590	0.01067	0.00918	0.06381	0.02935	0.01232	0.00696	0.01642	0.00978	0.04320	0.00829	0.00976	0.00636	0.00521	0.00368	0.00172	0.00457	0.00324	0.00343	0.00616
9	0.02485	0.00943	0.01285	0.00985	0.01414	0.00814	0.00814	0.02699	0.01585	0.77465	0.02185	0.01885	0.01371	0.00685	0.00557	0.00171	0.00471	0.00557	0.00685	0.00943
10	0.01032	0.00516	0.00516	0.00516	0.00645	0.00516	0.00387	0.01290	0.01161	0.02065	0.01807	0.02065	0.01420	0.00645	0.00387	0.00129	0.00258	0.00516	0.83611	0.00516
11	0.01366	0.37469	0.33359	0.01247	0.01844	0.03805	0.01401	0.05158	0.06553	0.01661	0.00995	0.01110	0.00787	0.00526	0.00453	0.00150	0.00686	0.00377	0.00275	0.00775
12	0.16423	0.24269	0.03309	0.15731	0.09862	0.11758	0.01100	0.01786	0.02618	0.07040	0.00983	0.01163	0.00779	0.00532	0.00451	0.00154	0.00644	0.00389	0.00306	0.00703
13	0.19466	0.11814	0.01598	0.01164	0.01534	0.28510	0.00944	0.23103	0.01680	0.03950	0.00994	0.01080	0.00770	0.00576	0.00465	0.00153	0.00702	0.00383	0.00378	0.00735
14	0.01032	0.00516	0.00516	0.00516	0.00645	0.00516	0.00387	0.01290	0.01161	0.02065	0.01807	0.02065	0.01420	0.00645	0.00387	0.00129	0.00258	0.00516	0.83611	0.00516
15	0.00962	0.00481	0.00722	0.00722	0.00722	0.00481	0.00481	0.00722	0.00722	0.00962	0.00962	0.01684	0.00962	0.01924	0.02165	0.83886	0.00481	0.00481	0.00241	0.00241
16	0.00657	0.00552	0.00571	0.00586	0.00755	0.00465	0.00432	0.00792	0.01239	0.01486	0.05309	0.14153	0.68228	0.01442	0.00661	0.00191	0.00285	0.01217	0.00514	0.00465
17	0.00962	0.00481	0.00722	0.00722	0.00722	0.00481	0.00481	0.00722	0.00722	0.00962	0.00962	0.01684	0.00962	0.01924	0.02165	0.83886	0.00481	0.00481	0.00241	0.00241
18	0.01226	0.01003	0.01171	0.00842	0.01330	0.00776	0.00676	0.04105	0.01215	0.04327	0.01036	0.01179	0.00843	0.00428	0.00420	0.00088	0.00419	0.00342	0.00348	0.78225
19	0.02139	0.01497	0.01628	0.01248	0.01690	0.01637	0.01031	0.68755	0.02513	0.10098	0.01406	0.01379	0.00980	0.00667	0.00554	0.00167	0.00597	0.00504	0.00566	0.00942
20	0.00655	0.00561	0.00561	0.00561	0.00748	0.00468	0.00421	0.00795	0.01262	0.01496	0.05610	0.05330	0.76857	0.01403	0.00655	0.00187	0.00281	0.01169	0.00514	0.00468
21	0.01378	0.01190	0.01252	0.01127	0.01440	0.01378	0.00877	0.02943	0.76081	0.02317	0.02254	0.02066	0.01691	0.00751	0.00564	0.00188	0.00438	0.00626	0.00564	0.00877
22	0.01307	0.01494	0.03268	0.02334	0.02894	0.01401	0.75070	0.01774	0.01307	0.01774	0.01120	0.01494	0.00840	0.00467	0.00654	0.00187	0.00934	0.00654	0.00280	0.00747
23	0.01054	0.01000	0.01710	0.76863	0.03786	0.01236	0.03779	0.01426	0.01114	0.01426	0.00989	0.01477	0.00741	0.00551	0.00557	0.00185	0.00744	0.00497	0.00247	0.00619
24	0.02435	0.01023	0.01335	0.01023	0.01454	0.00933	0.00845	0.12269	0.01720	0.67706	0.02072	0.01812	0.01314	0.00683	0.00557	0.00171	0.00489	0.00549	0.00668	0.00942
25	0.00921	0.00687	0.00979	0.00974	0.01083	0.00766	0.00745	0.01082	0.00972	0.01406	0.01597	0.02327	0.01490	0.04165	0.76872	0.00899	0.01506	0.00631	0.00339	0.00561
26	0.01307	0.01494	0.03268	0.02334	0.02894	0.01401	0.75070	0.01774	0.01307	0.01774	0.01120	0.01494	0.00840	0.00467	0.00654	0.00187	0.00934	0.00654	0.00280	0.00747
27	0.02268	0.00991	0.01279	0.01013	0.01419	0.00924	0.00826	0.02747	0.16172	0.62750	0.02199	0.01921	0.01434	0.00698	0.00558	0.00175	0.00465	0.00570	0.00662	0.00930
28	0.02485	0.00943	0.01285	0.00985	0.01414	0.00814	0.00814	0.02699	0.01585	0.77465	0.02185	0.01885	0.01371	0.00685	0.00557	0.00171	0.00471	0.00557	0.00685	0.00943
29	0.01111	0.02865	0.77667	0.01579	0.02397	0.01286	0.02046	0.01754	0.01169	0.01754	0.00994	0.01169	0.00702	0.00526	0.00526	0.00175	0.00818	0.00409	0.00234	0.00818
30	0.00665	0.00556	0.00579	0.00585	0.00757	0.00470	0.00434	0.00810	0.01268	0.01538	0.10116	0.10574	0.66934	0.01408	0.00658	0.00189	0.00282	0.01187	0.00521	0.00470
31	0.00664	0.00561	0.00574	0.00571	0.00754	0.00471	0.00428	0.00813	0.01284	0.01548	0.10672	0.05245	0.71763	0.01383	0.00654	0.00186	0.00279	0.01157	0.00521	0.00471
32	0.02485	0.00943	0.01285	0.00985	0.01414	0.00814	0.00814	0.02699	0.01585	0.77465	0.02185	0.01885	0.01371	0.00685	0.00557	0.00171	0.00471	0.00557	0.00685	0.00943
33	0.02223	0.01254	0.01472	0.01136	0.01560	0.01291	0.00937	0.41250	0.02103	0.35394	0.01705	0.01600	0.01143	0.00797	0.03307	0.00194	0.00581	0.00527	0.00602	0.00926
34	0.01141	0.00648	0.00836	0.00742	0.00946	0.00579	0.00573	0.01375	0.01530	0.18683	0.50734	0.03803	0.14074	0.01071	0.00632	0.00175	0.00310	0.00926	0.00613	0.00608
35	0.01980	0.02465	0.01503	0.01365	0.01633	0.71016	0.01017	0.03795	0.01539	0.01385	0.00930	0.01193	0.00811	0.06260	0.00666	0.00171	0.00957	0.00392	0.00295	0.00627
36	0.54015	0.01286	0.05158	0.04299	0.05002	0.04031	0.00854	0.08664	0.08320	0.02407	0.01002	0.01116	0.00764	0.00554	0.00418	0.00172	0.00511	0.00375	0.00368	0.00685
37	0.00724	0.00562	0.00659	0.00639	0.00792	0.00496	0.00477	0.00927	0.01419	0.01879	0.43376	0.06726	0.36796	0.01268	0.00655	0.00181	0.00271	0.01091	0.00565	0.00496
38	0.07773	0.11864	0.01667	0.01236	0.01596	0.32114	0.00991	0.22356	0.11451	0.02144	0.01152	0.01208	0.00895	0.00604	0.00494	0.00154	0.00727	0.00419	0.00394	0.00761
39	0.01046	0.00984	0.01661	0.79205	0.03814	0.01230	0.01538	0.01415	0.01107	0.01415	0.00984	0.01477	0.00738	0.00554	0.00554	0.00185	0.00738	0.00492	0.00246	0.00615
40	0.02105	0.01551	0.01662	0.01274	0.01717	0.01717	0.01053	0.75235	0.02604	0.03490	0.01330	0.01330	0.00942	0.00665	0.00554	0.00166	0.00609	0.00499	0.00554	0.00942
41	0.01058	0.00992	0.01364	0.22206	0.05111	0.05967	0.01086	0.01279	0.00994	0.01349	0.01135	0.01725	0.01027	0.05170	0.29326	0.00466	0.18370	0.00532	0.00271	0.00571
42	0.00655	0.00558	0.00564	0.00568	0.00750	0.00467	0.00424	0.00794	0.01256	0.01493	0.05527	0.07765	0.74476	0.01413	0.00656	0.00188	0.00282	0.01182	0.00514	0.00467
43	0.00784	0.00566	0.00740	0.00697	0.00827	0.00523	0.00523	0.01045	0.01568	0.02221	0.76789	0.04137	0.05226	0.01132	0.00653	0.00174	0.00261	0.01002	0.00610	0.00523
44	0.01148	0.00984	0.01148	0.00820	0.01312	0.00738	0.00656	0.01395	0.01148	0.01805	0.00984	0.01148	0.00820	0.00410	0.00410	0.00082	0.00410	0.00328	0.00328	0.83922
45	0.01111	0.02865	0.77667	0.01579	0.02397	0.01286	0.02046	0.01754	0.01169	0.01754	0.00994	0.01169	0.00702	0.00526	0.00526	0.00175	0.00818	0.00409	0.00234	0.00818
46	0.00792	0.00591	0.00880	0.00880	0.00975	0.00687	0.00679	0.00982	0.00887	0.01278	0.01493	0.02228	0.01407	0.06913	0.75613	0.00877	0.01449	0.00601	0.00298	0.00489
47	0.02087	0.01542	0.01652	0.01271	0.01711	0.01709	0.01048	0.73464	0.04403	0.03462	0.01352	0.01348	0.00960	0.00667	0.00554	0.00167	0.00605	0.00502	0.00554	0.00940
48	0.00805	0.00537	0.00604	0.00604	0.00604	0.00537	0.00336	0.00805	0.00805	0.01074	0.01745	0.03624	0.02013	0.80536	0.02819	0.00537	0.00537	0.00805	0.00336	0.00336
49	0.00675	0.00482	0.00643	0.00771	0.00803	0.00450	0.00514	0.00771	0.01060	0.01414	0.03053	0.80175	0.03663	0.01735	0.00707	0.00225	0.00321	0.01574	0.00514	0.00450
50	0.01481	0.80869	0.02902	0.00948	0.01421	0.02191	0.00948	0.01658	0.01125	0.01303	0.00770	0.00888	0.00711	0.00474	0.00355	0.00118	0.00592	0.00296	0.00237	0.00711
51	0.02485	0.00943	0.01285	0.00985	0.01414	0.00814	0.00814	0.02699	0.01585	0.77465	0.02185	0.01885	0.01371	0.00685	0.00557	0.00171	0.00471	0.00557	0.00685	0.00943
52	0.01046	0.00984	0.01661	0.79205	0.03814	0.01230	0.01538	0.01415	0.01107	0.01415	0.00984	0.01477	0.00738	0.00554	0.00554	0.00185	0.00738	0.00492	0.00246	0.00615
53	0.81705	0.01067	0.00830	0.00737	0.01083	0.01228	0.00607	0.01664	0.00964	0.04995	0.00818	0.00933	0.00626	0.00520	0.00350	0.00171	0.00430	0.00308	0.00354	0.00611
54	0.00682	0.00486	0.00644	0.00764	0.00797	0.00455	0.00508	0.00779	0.01065	0.01423	0.04928	0.75633	0.03648	0.04357	0.00776	0.00234	0.00327	0.01534	0.00511	0.00448
55	0.84448	0.01071	0.00814	0.00728	0.01071	0.01242	0.00600	0.01628	0.00943	0.02485	0.00771	0.00900	0.00600	0.00514	0.00343	0.00171	0.00428	0.00300	0.00343	0.00600
56	0.02448	0.01001	0.01322	0.01013	0.01443	0.00901	0.00837	0.09721	0.01684	0.70304	0.02102	0.01831	0.01329	0.00683	0.00557	0.00171	0.00485	0.00551	0.00673	0.00942
57	0.00794	0.00580	0.00825	0.00825	0.00901	0.00657	0.00611	0.00947	0.00871	0.01237	0.01543	0.02507	0.01528	0.21604	0.61087	0.00809	0.01267	0.00642	0.00306	0.00458
58	0.01111	0.02865	0.77667	0.01579	0.02397	0.01286	0.02046	0.01754	0.01169	0.01754	0.00994	0.01169	0.00702	0.00526	0.00526	0.00175	0.00818	0.00409	0.00234	0.00818
59	0.82267	0.01056	0.00812	0.00728	0.01062	0.01223	0.00597	0.01604	0.00937	0.02445	0.00776	0.00920	0.00609	0.00551	0.00390	0.02359	0.00430	0.00305	0.00340	0.00590
60	0.01304	0.01248	0.02128	0.18902	0.62098	0.01298	0.01667	0.01641	0.01230	0.01729	0.01030	0.01392	0.00849	0.00506	0.00549	0.00169	0.00674	0.00493	0.00268	0.00824
61	0.04698	0.01609	0.03362	0.06708	0.27226	0.15022	0.01296	0.25280	0.01738	0.06088	0.01145	0.01303	0.00872	0.00577	0.00535	0.00163	0.00693	0.00465	0.00386	0.00833
62	0.00675	0.00482	0.00643	0.00771	0.00803	0.00450	0.00514	0.00771	0.01060	0.01414	0.03053	0.80175	0.03663	0.01735	0.00707	0.00225	0.00321	0.01574	0.00514	0.00450
63	0.06067	0.27249	0.37943	0.01282	0.01904	0.03391	0.03172	0.01829	0.01200	0.09705	0.01037	0.01145	0.00774	0.00526	0.00467	0.00156	0.00695	0.00387	0.00291	0.00779
64	0.01878	0.01391	0.04288	0.01262	0.01683	0.01428	0.06255	0.40072	0.15469	0.14101	0.03279	0.01669	0.01246	0.02612	0.00619	0.00182	0.00579	0.00557	0.00541	0.00888
65	0.00714	0.00539	0.00660	0.00681	0.00798	0.00485	0.00491	0.00891	0.01327	0.01770	0.34167	0.27560	0.25117	0.01392	0.00670	0.00193	0.00285	0.01223	0.00554	0.00485
66	0.01935	0.01535	0.01696	0.01296	0.01742	0.06822	0.06261	0.53827	0.02231	0.04896	0.01260	0.01310	0.00915	0.00613	0.00539	0.00156	0.00631	0.00480	0.00491	0.11365

[dist]
# distance from previous block
# <min> <max>
4	14

[block]
# block no. 3 follows, 43 sequences, length 86
# corresponding to MSA columns:
# 353-367,372-425,440-456
name=unknown_D
#
# <colnr> <probs for GDERKNQSTAVLIFYWHMCP>
#	G	D	E	R	K	N	Q	S	T	A	V	L	I	F	Y	W	H	M	C	P
0	0.01878	0.01364	0.01479	0.01171	0.01555	0.01486	0.00952	0.61072	0.02335	0.05063	0.01794	0.09728	0.05931	0.00821	0.00576	0.00174	0.00556	0.00653	0.00551	0.00862
1	0.01481	0.80869	0.02902	0.00948	0.01421	0.02191	0.00948	0.01658	0.01125	0.01303	0.00770	0.00888	0.00711	0.00474	0.00355	0.00118	0.00592	0.00296	0.00237	0.00711
2	0.14634	0.01510	0.01436	0.09615	0.01783	0.14252	0.00996	0.31818	0.07864	0.07195	0.01343	0.01401	0.02489	0.00637	0.00515	0.00168	0.00631	0.00471	0.00451	0.00789
3	0.00705	0.00719	0.06229	0.00680	0.00885	0.00531	0.00564	0.00890	0.01261	0.01585	0.12898	0.15433	0.52945	0.01355	0.00652	0.00190	0.00323	0.01152	0.00504	0.00497
4	0.02105	0.01551	0.01662	0.01274	0.01717	0.01717	0.01053	0.75235	0.02604	0.03490	0.01330	0.01330	0.00942	0.00665	0.00554	0.00166	0.00609	0.00499	0.00554	0.00942
5	0.01480	0.01044	0.01275	0.00994	0.01417	0.00938	0.02839	0.10603	0.08725	0.14303	0.01549	0.01915	0.01254	0.00636	0.00510	0.00138	0.00472	0.07959	0.00454	0.41497
6	0.01573	0.13013	0.01772	0.15631	0.11210	0.27808	0.01146	0.06569	0.06797	0.01601	0.01087	0.01406	0.00918	0.06409	0.00672	0.00183	0.00752	0.00451	0.00311	0.00690
7	0.00898	0.00832	0.00786	0.00773	0.00961	0.08210	0.00589	0.01198	0.08985	0.01582	0.06688	0.08982	0.44694	0.01474	0.06319	0.00240	0.00471	0.05302	0.00484	0.00532
8	0.01315	0.01259	0.02148	0.16303	0.64610	0.01301	0.01672	0.01651	0.01235	0.01742	0.01032	0.01389	0.00854	0.00504	0.00549	0.00168	0.00672	0.00493	0.00269	0.00833
9	0.01148	0.00984	0.01148	0.00820	0.01312	0.00738	0.00656	0.01395	0.01148	0.01805	0.00984	0.01148	0.00820	0.00410	0.00410	0.00082	0.00410	0.00328	0.00328	0.83922
10	0.01148	0.00984	0.01148	0.00820	0.01312	0.00738	0.00656	0.01395	0.01148	0.01805	0.00984	0.01148	0.00820	0.00410	0.00410	0.00082	0.00410	0.00328	0.00328	0.83922
11	0.01246	0.00981	0.01158	0.00832	0.01320	0.00744	0.00668	0.01490	0.01180	0.07336	0.01072	0.01202	0.00861	0.00430	0.00421	0.00089	0.00415	0.00345	0.00354	0.77856
12	0.00821	0.00679	0.00710	0.00683	0.00866	0.00655	0.00503	0.01224	0.15648	0.01637	0.08350	0.04405	0.48324	0.11943	0.00929	0.00234	0.00345	0.01006	0.00505	0.00532
13	0.01577	0.40565	0.02149	0.04106	0.01552	0.10268	0.00963	0.16259	0.06130	0.01875	0.06566	0.01354	0.01166	0.00686	0.02467	0.00161	0.00636	0.00430	0.00354	0.00736
14	0.01513	0.76600	0.02829	0.00974	0.01437	0.06346	0.00954	0.01689	0.01150	0.01306	0.00775	0.00894	0.00711	0.00479	0.00363	0.00120	0.00614	0.00299	0.00240	0.00707
15	0.84448	0.01071	0.00814	0.00728	0.01071	0.01242	0.00600	0.01628	0.00943	0.02485	0.00771	0.00900	0.00600	0.00514	0.00343	0.00171	0.00428	0.00300	0.00343	0.00600
16	0.01378	0.01190	0.01252	0.01127	0.01440	0.01378	0.00877	0.02943	0.76081	0.02317	0.02254	0.02066	0.01691	0.00751	0.00564	0.00188	0.00438	0.00626	0.00564	0.00877
17	0.01126	0.00958	0.01123	0.00813	0.01282	0.00725	0.00648	0.01373	0.01174	0.01830	0.05675	0.01333	0.01093	0.00455	0.00425	0.00088	0.00401	0.00370	0.00346	0.78762
18	0.02069	0.02640	0.01569	0.01427	0.01712	0.78313	0.01070	0.02212	0.01569	0.01355	0.00856	0.00999	0.00713	0.00571	0.00499	0.00143	0.00999	0.00357	0.00285	0.00642
19	0.01111	0.02865	0.77667	0.01579	0.02397	0.01286	0.02046	0.01754	0.01169	0.01754	0.00994	0.01169	0.00702	0.00526	0.00526	0.00175	0.00818	0.00409	0.00234	0.00818
20	0.02105	0.01551	0.01662	0.01274	0.01717	0.01717	0.01053	0.75235	0.02604	0.03490	0.01330	0.01330	0.00942	0.00665	0.00554	0.00166	0.00609	0.00499	0.00554	0.00942
21	0.00784	0.00566	0.00740	0.00697	0.00827	0.00523	0.00523	0.01045	0.01568	0.02221	0.76789	0.04137	0.05226	0.01132	0.00653	0.00174	0.00261	0.01002	0.00610	0.00523
22	0.04055	0.01437	0.09372	0.07951	0.01812	0.06824	0.01080	0.22959	0.01762	0.33043	0.01600	0.03119	0.01104	0.00660	0.00546	0.00170	0.00604	0.00519	0.00522	0.00861
23	0.01481	0.80869	0.02902	0.00948	0.01421	0.02191	0.00948	0.01658	0.01125	0.01303	0.00770	0.00888	0.00711	0.00474	0.00355	0.00118	0.00592	0.00296	0.00237	0.00711
24	0.00784	0.00566	0.00740	0.00697	0.00827	0.00523	0.00523	0.01045	0.01568	0.02221	0.76789	0.04137	0.05226	0.01132	0.00653	0.00174	0.00261	0.01002	0.00610	0.00523
25	0.00795	0.00535	0.00618	0.00627	0.00634	0.00537	0.00363	0.00810	0.00827	0.01107	0.01830	0.09164	0.02110	0.71799	0.05608	0.00528	0.00558	0.00853	0.00347	0.00350
26	0.00784	0.00566	0.00740	0.00697	0.00827	0.00523	0.00523	0.01045	0.01568	0.02221	0.76789	0.04137	0.05226	0.01132	0.00653	0.00174	0.00261	0.01002	0.00610	0.00523
27	0.01046	0.00984	0.01661	0.79205	0.03814	0.01230	0.01538	0.01415	0.01107	0.01415	0.00984	0.01477	0.00738	0.00554	0.00554	0.00185	0.00738	0.00492	0.00246	0.00615
28	0.00779	0.00566	0.00733	0.00691	0.00824	0.00520	0.00519	0.01035	0.01556	0.02193	0.74015	0.04183	0.08017	0.01143	0.00653	0.00175	0.00262	0.01008	0.00606	0.00520
29	0.01338	0.01161	0.01267	0.06823	0.01599	0.01347	0.00915	0.02785	0.68977	0.02233	0.02234	0.02094	0.03251	0.00751	0.00565	0.00188	0.00457	0.00628	0.00539	0.00849
30	0.01307	0.01494	0.03268	0.02334	0.02894	0.01401	0.75070	0.01774	0.01307	0.01774	0.01120	0.01494	0.00840	0.00467	0.00654	0.00187	0.00934	0.00654	0.00280	0.00747
31	0.00682	0.00487	0.00649	0.00766	0.00805	0.00454	0.00515	0.00789	0.01093	0.01465	0.07748	0.75333	0.03763	0.01697	0.00703	0.00222	0.00317	0.01538	0.00520	0.00454
32	0.00892	0.00637	0.00892	0.01020	0.01147	0.00637	0.00892	0.01147	0.01275	0.01657	0.02932	0.06247	0.03187	0.01530	0.00765	0.00255	0.00510	0.73354	0.00510	0.00510
33	0.02105	0.01551	0.01662	0.01274	0.01717	0.01717	0.01053	0.75235	0.02604	0.03490	0.01330	0.01330	0.00942	0.00665	0.00554	0.00166	0.00609	0.00499	0.00554	0.00942
34	0.00658	0.00561	0.00565	0.00564	0.00750	0.00469	0.00423	0.00801	0.01270	0.01514	0.07371	0.05300	0.75085	0.01396	0.00655	0.00187	0.00280	0.01165	0.00517	0.00469
35	0.00674	0.00485	0.00640	0.00764	0.00801	0.00450	0.00511	0.00772	0.01067	0.01417	0.03143	0.77537	0.06243	0.01723	0.00705	0.00224	0.00320	0.01560	0.00514	0.00450
36	0.01111	0.02865	0.77667	0.01579	0.02397	0.01286	0.02046	0.01754	0.01169	0.01754	0.00994	0.01169	0.00702	0.00526	0.00526	0.00175	0.00818	0.00409	0.00234	0.00818
37	0.01378	0.01190	0.01252	0.01127	0.01440	0.01378	0.00877	0.02943	0.76081	0.02317	0.02254	0.02066	0.01691	0.00751	0.00564	0.00188	0.00438	0.00626	0.00564	0.00877
38	0.01307	0.01494	0.03268	0.02334	0.02894	0.01401	0.75070	0.01774	0.01307	0.01774	0.01120	0.01494	0.00840	0.00467	0.00654	0.00187	0.00934	0.00654	0.00280	0.00747
39	0.00791	0.00593	0.00890	0.00890	0.00989	0.00692	0.00692	0.00989	0.00890	0.01286	0.01483	0.02176	0.01385	0.04154	0.78341	0.00890	0.01483	0.00593	0.00297	0.00494
40	0.01941	0.01464	0.01693	0.01297	0.01713	0.01598	0.06405	0.63798	0.02363	0.03168	0.01348	0.01529	0.01022	0.07161	0.00746	0.00198	0.00627	0.00535	0.00516	0.00878
41	0.42261	0.01892	0.32097	0.01127	0.01663	0.06012	0.01225	0.01758	0.01099	0.05080	0.00923	0.01054	0.00679	0.00529	0.00435	0.00171	0.00624	0.00358	0.00309	0.00705
42	0.01390	0.61657	0.21317	0.01103	0.01662	0.01968	0.01218	0.01682	0.01136	0.01414	0.00825	0.00958	0.00708	0.00487	0.00397	0.00132	0.00648	0.00324	0.00236	0.00737
43	0.01397	0.01263	0.01411	0.01226	0.01556	0.04091	0.06307	0.02832	0.67988	0.02243	0.02122	0.01987	0.01594	0.00724	0.00568	0.00186	0.00494	0.00619	0.00533	0.00859
44	0.00751	0.00565	0.00694	0.00662	0.00807	0.00508	0.00496	0.00981	0.01489	0.02034	0.58447	0.04444	0.23684	0.01202	0.00654	0.00177	0.00266	0.01045	0.00585	0.00508
45	0.00712	0.00563	0.00640	0.00621	0.00783	0.00492	0.00466	0.00905	0.01397	0.01815	0.36969	0.04804	0.45299	0.01283	0.00654	0.00181	0.00272	0.01095	0.00556	0.00492
46	0.00658	0.00561	0.00565	0.00564	0.00750	0.00469	0.00423	0.00801	0.01270	0.01514	0.07358	0.05301	0.75098	0.01396	0.00655	0.00187	0.00280	0.01165	0.00517	0.00469
47	0.00780	0.00566	0.00735	0.00693	0.00825	0.00521	0.00520	0.01038	0.01559	0.02201	0.74861	0.04169	0.07167	0.01140	0.00653	0.00175	0.00262	0.01006	0.00607	0.00521
48	0.02129	0.01514	0.01639	0.01256	0.01699	0.01662	0.01038	0.70747	0.02541	0.08067	0.01383	0.01364	0.00968	0.00666	0.00554	0.00167	0.00601	0.00502	0.00562	0.00942
49	0.01148	0.00984	0.01148	0.00820	0.01312	0.00738	0.00656	0.01395	0.01148	0.01805	0.00984	0.01148	0.00820	0.00410	0.00410	0.00082	0.00410	0.00328	0.00328	0.83922
50	0.01481	0.80869	0.02902	0.00948	0.01421	0.02191	0.00948	0.01658	0.01125	0.01303	0.00770	0.00888	0.00711	0.00474	0.00355	0.00118	0.00592	0.00296	0.00237	0.00711
51	0.02105	0.01551	0.01662	0.01274	0.01717	0.01717	0.01053	0.75235	0.02604	0.03490	0.01330	0.01330	0.00942	0.00665	0.00554	0.00166	0.00609	0.00499	0.00554	0.00942
52	0.01481	0.80869	0.02902	0.00948	0.01421	0.02191	0.00948	0.01658	0.01125	0.01303	0.00770	0.00888	0.00711	0.00474	0.00355	0.00118	0.00592	0.00296	0.00237	0.00711
53	0.02069	0.02640	0.01569	0.01427	0.01712	0.78313	0.01070	0.02212	0.01569	0.01355	0.00856	0.00999	0.00713	0.00571	0.00499	0.00143	0.00999	0.00357	0.00285	0.00642
54	0.00675	0.00482	0.00643	0.00771	0.00803	0.00450	0.00514	0.00771	0.01060	0.01414	0.03053	0.80175	0.03663	0.01735	0.00707	0.00225	0.00321	0.01574	0.00514	0.00450
55	0.01766	0.01383	0.01471	0.01206	0.01588	0.01559	0.00971	0.41559	0.36832	0.02944	0.01760	0.01673	0.01291	0.00705	0.00558	0.00176	0.00530	0.00558	0.00558	0.00911
56	0.00722	0.00564	0.00654	0.00632	0.00789	0.00496	0.00474	0.00925	0.01421	0.01874	0.42680	0.04709	0.39552	0.01262	0.00654	0.00180	0.00271	0.01082	0.00564	0.00496
57	0.00675	0.00482	0.00643	0.00771	0.00803	0.00450	0.00514	0.00771	0.01060	0.01414	0.03053	0.80175	0.03663	0.01735	0.00707	0.00225	0.00321	0.01574	0.00514	0.00450
58	0.01295	0.01579	0.07871	0.02288	0.02864	0.01393	0.70552	0.01773	0.01299	0.01773	0.01113	0.01474	0.00832	0.00471	0.00646	0.00186	0.00927	0.00638	0.00277	0.00751
59	0.02485	0.00943	0.01285	0.00985	0.01414	0.00814	0.00814	0.02699	0.01585	0.77465	0.02185	0.01885	0.01371	0.00685	0.00557	0.00171	0.00471	0.00557	0.00685	0.00943
60	0.78457	0.01062	0.00848	0.00747	0.01096	0.01211	0.00615	0.01706	0.00990	0.07966	0.00875	0.00972	0.00656	0.00527	0.00358	0.00171	0.00432	0.00319	0.00368	0.00625
61	0.00677	0.00495	0.00637	0.00743	0.00798	0.00455	0.00503	0.00786	0.01106	0.01458	0.06504	0.68110	0.12352	0.01670	0.00698	0.00218	0.00314	0.01502	0.00518	0.00455
62	0.00912	0.00780	0.01045	0.00922	0.01141	0.00766	0.08258	0.01411	0.16729	0.01904	0.25672	0.11251	0.24762	0.01123	0.00640	0.00187	0.00379	0.00993	0.00529	0.00595
63	0.84448	0.01071	0.00814	0.00728	0.01071	0.01242	0.00600	0.01628	0.00943	0.02485	0.00771	0.00900	0.00600	0.00514	0.00343	0.00171	0.00428	0.00300	0.00343	0.00600
64	0.00674	0.00485	0.00639	0.00763	0.00801	0.00451	0.00510	0.00772	0.01068	0.01417	0.03152	0.77258	0.06516	0.01722	0.00705	0.00223	0.00320	0.01559	0.00514	0.00451
65	0.01471	0.78914	0.04777	0.00963	0.01446	0.02169	0.00975	0.01661	0.01126	0.01314	0.00776	0.00895	0.00711	0.00475	0.00360	0.00120	0.00598	0.00299	0.00237	0.00713
66	0.00678	0.00483	0.00642	0.00767	0.00799	0.00452	0.00510	0.00772	0.01054	0.01406	0.03021	0.78346	0.03624	0.03618	0.00757	0.00232	0.00326	0.01556	0.00510	0.00447
67	0.01045	0.00987	0.01683	0.75318	0.03722	0.01218	0.03554	0.01411	0.01112	0.01425	0.01034	0.03238	0.00807	0.00578	0.00560	0.00186	0.00734	0.00521	0.00253	0.00615
68	0.01074	0.01031	0.01794	0.71532	0.05732	0.01245	0.06918	0.01449	0.01126	0.01452	0.00996	0.01475	0.00750	0.00546	0.00561	0.00184	0.00750	0.00504	0.00249	0.00632
69	0.01212	0.01212	0.01696	0.01454	0.01454	0.01696	0.01212	0.01333	0.00848	0.01333	0.00727	0.01212	0.00727	0.00969	0.01818	0.00242	0.79523	0.00485	0.00242	0.00606
70	0.01534	0.03313	0.01667	0.36359	0.04055	0.02990	0.01262	0.32723	0.01734	0.02279	0.01117	0.01390	0.00835	0.00660	0.00638	0.03437	0.02396	0.00487	0.00377	0.00747
71	0.01484	0.37610	0.24524	0.01282	0.01856	0.01785	0.05875	0.16126	0.01439	0.01893	0.00967	0.01094	0.00761	0.00526	0.00463	0.00149	0.00683	0.00391	0.00301	0.00790
72	0.00675	0.00482	0.00643	0.00771	0.00803	0.00450	0.00514	0.00771	0.01060	0.01414	0.03053	0.80175	0.03663	0.01735	0.00707	0.00225	0.00321	0.01574	0.00514	0.00450
73	0.01686	0.01091	0.01260	0.01033	0.01328	0.01163	0.00813	0.36574	0.01809	0.14495	0.01628	0.04913	0.01370	0.15531	0.12410	0.00342	0.00692	0.00617	0.00497	0.00749
74	0.00805	0.00540	0.00622	0.00622	0.00628	0.00547	0.00358	0.00817	0.00811	0.01087	0.01729	0.03535	0.01975	0.75810	0.07492	0.00559	0.00595	0.00792	0.00333	0.00345
75	0.33795	0.01200	0.03122	0.06963	0.07687	0.01249	0.07009	0.10457	0.05971	0.15663	0.01249	0.01331	0.00898	0.00574	0.00480	0.00174	0.00549	0.00450	0.00422	0.00758
76	0.01135	0.00970	0.01134	0.00819	0.01298	0.00730	0.00652	0.01377	0.01146	0.01794	0.01042	0.03340	0.00899	0.00447	0.00418	0.00086	0.00408	0.00363	0.00333	0.81607
77	0.84448	0.01071	0.00814	0.00728	0.01071	0.01242	0.00600	0.01628	0.00943	0.02485	0.00771	0.00900	0.00600	0.00514	0.00343	0.00171	0.00428	0.00300	0.00343	0.00600
78	0.01111	0.02865	0.77667	0.01579	0.02397	0.01286	0.02046	0.01754	0.01169	0.01754	0.00994	0.01169	0.00702	0.00526	0.00526	0.00175	0.00818	0.00409	0.00234	0.00818
79	0.00784	0.00566	0.00740	0.00697	0.00827	0.00523	0.00523	0.01045	0.01568	0.02221	0.76789	0.04137	0.05226	0.01132	0.00653	0.00174	0.00261	0.01002	0.00610	0.00523
80	0.01046	0.00984	0.01661	0.79205	0.03814	0.01230	0.01538	0.01415	0.01107	0.01415	0.00984	0.01477	0.00738	0.00554	0.00554	0.00185	0.00738	0.00492	0.00246	0.00615
81	0.00905	0.00657	0.00862	0.00923	0.06401	0.00636	0.00579	0.01015	0.00959	0.03283	0.01802	0.16432	0.01956	0.35911	0.15173	0.00454	0.00657	0.00819	0.00364	0.10211
82	0.00773	0.00557	0.00727	0.00702	0.00820	0.00515	0.00518	0.01011	0.01498	0.02112	0.67499	0.11972	0.04992	0.02973	0.00707	0.00188	0.00274	0.01056	0.00594	0.00511
83	0.01430	0.74999	0.02744	0.00929	0.01378	0.02069	0.00917	0.01614	0.01158	0.01370	0.06327	0.01126	0.01041	0.00522	0.00377	0.00123	0.00568	0.00348	0.00264	0.00697
84	0.01621	0.00941	0.01150	0.00908	0.01305	0.00820	0.00724	0.02020	0.11524	0.30081	0.01969	0.07517	0.04831	0.00702	0.00519	0.00145	0.00424	0.00584	0.00516	0.31700
85	0.01995	0.09888	0.04703	0.03002	0.03124	0.19281	0.01084	0.37885	0.02000	0.09943	0.01222	0.01261	0.00893	0.00615	0.00520	0.00157	0.00696	0.00447	0.00448	0.00836

[dist]
# distance from previous block
# <min> <max>
3	4

[block]
# block no. 4 follows, 43 sequences, length 13
# corresponding to MSA columns:
# 462-474
name=unknown_E
#
# <colnr> <probs for GDERKNQSTAVLIFYWHMCP>
#	G	D	E	R	K	N	Q	S	T	A	V	L	I	F	Y	W	H	M	C	P
0	0.00891	0.00702	0.00962	0.00871	0.01079	0.00705	0.00682	0.01102	0.00962	0.01430	0.01345	0.01890	0.01227	0.03112	0.56646	0.00665	0.01185	0.00520	0.00305	0.23720
1	0.01292	0.01224	0.02025	0.15350	0.56393	0.01235	0.01552	0.01618	0.01223	0.01745	0.01026	0.01362	0.00848	0.00493	0.00533	0.00158	0.00642	0.00474	0.00276	0.10532
2	0.01265	0.01393	0.02937	0.11322	0.07092	0.01348	0.59682	0.01705	0.01280	0.01730	0.01166	0.01658	0.00916	0.00517	0.00640	0.00188	0.00880	0.03267	0.00284	0.00730
3	0.01364	0.00978	0.01171	0.00847	0.01329	0.00751	0.00682	0.01605	0.01219	0.14033	0.01178	0.01267	0.00909	0.00455	0.00434	0.00096	0.00420	0.00365	0.00386	0.70511
4	0.01880	0.00937	0.01204	0.01008	0.03162	0.00870	0.00786	0.02341	0.14407	0.44169	0.14126	0.02206	0.01991	0.00741	0.00561	0.00167	0.00431	0.00620	0.00612	0.07778
5	0.02105	0.01551	0.01662	0.01274	0.01717	0.01717	0.01053	0.75235	0.02604	0.03490	0.01330	0.01330	0.00942	0.00665	0.00554	0.00166	0.00609	0.00499	0.00554	0.00942
6	0.28992	0.01126	0.01175	0.01000	0.02982	0.05378	0.00790	0.04138	0.08399	0.38238	0.01611	0.01507	0.01092	0.00625	0.00484	0.00171	0.00491	0.00466	0.00528	0.00807
7	0.00842	0.00659	0.00785	0.00774	0.00881	0.04205	0.00570	0.01040	0.01304	0.01787	0.41388	0.11399	0.03765	0.10946	0.13465	0.00340	0.00543	0.04314	0.00498	0.00494
8	0.00794	0.00575	0.00794	0.00787	0.00866	0.00626	0.00575	0.00952	0.00978	0.01383	0.13720	0.02857	0.02164	0.22895	0.46773	0.00685	0.01048	0.00713	0.00357	0.00459
9	0.01365	0.01333	0.02343	0.03300	0.70136	0.01324	0.08568	0.01707	0.01265	0.01806	0.01049	0.01382	0.00874	0.00491	0.00558	0.00167	0.00684	0.00508	0.00275	0.00865
10	0.01016	0.00521	0.00541	0.00541	0.00668	0.00528	0.00407	0.01271	0.01143	0.02013	0.01785	0.02072	0.01417	0.00878	0.05552	0.00179	0.00339	0.00521	0.78091	0.00515
11	0.01148	0.00924	0.01177	0.01294	0.11151	0.01005	0.00860	0.03943	0.24998	0.04512	0.02274	0.25977	0.03774	0.05535	0.00823	0.00220	0.05682	0.03545	0.00477	0.00681
12	0.01844	0.01886	0.01730	0.01654	0.11162	0.40693	0.09702	0.02055	0.01460	0.13767	0.01308	0.07829	0.01100	0.00664	0.00550	0.00162	0.00807	0.00542	0.00367	0.00716

[dist]
# distance from previous block
# <min> <max>
5	120

# created by:
# /st0/software/busco_prod/Augustus/scripts/msa2prfl.pl ./align_prep/174767.fa
