[name]
unknown

[dist]
# distance from previous block
# <min> <max>
0	47

[block]
# block no. 0 follows, 54 sequences, length 10
# corresponding to MSA columns:
# 48-57
name=unknown_A
#
# <colnr> <probs for GDERKNQSTAVLIFYWHMCP>
#	G	D	E	R	K	N	Q	S	T	A	V	L	I	F	Y	W	H	M	C	P
0	0.01038	0.12361	0.51847	0.01171	0.01714	0.02911	0.01385	0.07417	0.01119	0.01566	0.05310	0.01482	0.01006	0.00554	0.00454	0.00148	0.00614	0.06990	0.00259	0.00654
1	0.28205	0.13340	0.05630	0.00830	0.01181	0.07297	0.00731	0.01817	0.05367	0.29612	0.01166	0.01134	0.00819	0.00499	0.00387	0.00138	0.00455	0.00356	0.00383	0.00654
2	0.00909	0.00867	0.06455	0.00982	0.01267	0.00728	0.18914	0.01240	0.08489	0.08260	0.04418	0.09097	0.34658	0.00871	0.00539	0.00160	0.00428	0.00785	0.00393	0.00541
3	0.00645	0.00481	0.00599	0.00570	0.00691	0.00435	0.00427	0.00847	0.01282	0.01766	0.65023	0.03727	0.19743	0.01010	0.00556	0.00150	0.00226	0.00881	0.00503	0.00435
4	0.00638	0.00760	0.14411	0.00775	0.00918	0.00506	0.00662	0.00801	0.00919	0.01254	0.02297	0.68968	0.02684	0.01300	0.00575	0.00184	0.00347	0.01169	0.00397	0.00437
5	0.04177	0.03637	0.14464	0.19869	0.01983	0.27871	0.05947	0.07193	0.02508	0.06682	0.00906	0.01074	0.00679	0.00482	0.00448	0.00141	0.00685	0.00374	0.00271	0.00610
6	0.00646	0.00468	0.00580	0.00594	0.00649	0.00474	0.00403	0.00724	0.00801	0.01064	0.02133	0.13257	0.15288	0.36429	0.23964	0.00456	0.00621	0.00773	0.00322	0.00355
7	0.00644	0.00478	0.00600	0.00577	0.00692	0.00434	0.00430	0.00842	0.01269	0.01752	0.63536	0.07618	0.17326	0.01029	0.00559	0.00152	0.00228	0.00901	0.00501	0.00434
8	0.01493	0.01762	0.01415	0.13000	0.14200	0.50439	0.01038	0.01771	0.07975	0.01293	0.00872	0.01037	0.00704	0.00487	0.00443	0.00133	0.00732	0.00358	0.00257	0.00592
9	0.13869	0.09668	0.41792	0.01194	0.01733	0.01122	0.10395	0.01578	0.01024	0.12023	0.00946	0.01051	0.00674	0.00454	0.00427	0.00145	0.00602	0.00366	0.00268	0.00667

[dist]
# distance from previous block
# <min> <max>
0	15

[block]
# block no. 1 follows, 54 sequences, length 6
# corresponding to MSA columns:
# 73-78
name=unknown_B
#
# <colnr> <probs for GDERKNQSTAVLIFYWHMCP>
#	G	D	E	R	K	N	Q	S	T	A	V	L	I	F	Y	W	H	M	C	P
0	0.01160	0.01321	0.02390	0.01773	0.02160	0.10193	0.58759	0.01489	0.01100	0.01430	0.00978	0.01413	0.00799	0.00494	0.00639	0.00162	0.08373	0.04517	0.00246	0.00604
1	0.01761	0.02247	0.01336	0.01215	0.01458	0.81537	0.00911	0.01883	0.01336	0.01154	0.00729	0.00850	0.00607	0.00486	0.00425	0.00121	0.00850	0.00304	0.00243	0.00547
2	0.00975	0.00924	0.01567	0.58058	0.26826	0.01070	0.01351	0.01279	0.00983	0.01307	0.00853	0.01230	0.00665	0.00456	0.00470	0.00152	0.00608	0.00419	0.00217	0.00592
3	0.00978	0.00838	0.00978	0.00698	0.01117	0.00629	0.00559	0.01187	0.00978	0.01536	0.00838	0.00978	0.00698	0.00349	0.00349	0.00070	0.00349	0.00279	0.00279	0.86312
4	0.00613	0.00437	0.00579	0.00645	0.00683	0.00429	0.00437	0.00706	0.00884	0.01199	0.08429	0.53100	0.02735	0.14041	0.12478	0.00309	0.00439	0.01083	0.00395	0.00379
5	0.17497	0.02000	0.01217	0.01105	0.01357	0.66638	0.00837	0.01791	0.01237	0.01332	0.00715	0.00835	0.00589	0.00477	0.00400	0.00126	0.00760	0.00295	0.00252	0.00540

[dist]
# distance from previous block
# <min> <max>
0	2

[block]
# block no. 2 follows, 54 sequences, length 11
# corresponding to MSA columns:
# 81-91
name=unknown_C
#
# <colnr> <probs for GDERKNQSTAVLIFYWHMCP>
#	G	D	E	R	K	N	Q	S	T	A	V	L	I	F	Y	W	H	M	C	P
0	0.11361	0.01600	0.01434	0.01210	0.01487	0.41223	0.15558	0.03069	0.03581	0.01405	0.01069	0.01355	0.03688	0.00725	0.05567	0.00179	0.00747	0.03914	0.00276	0.00552
1	0.00779	0.00498	0.00648	0.00621	0.00743	0.00453	0.00461	0.00964	0.01237	0.09158	0.53179	0.18483	0.08883	0.01040	0.00557	0.00157	0.00250	0.00919	0.00504	0.00464
2	0.15635	0.00760	0.00941	0.00757	0.01062	0.00705	0.00616	0.01883	0.01258	0.53043	0.16507	0.01831	0.01682	0.00632	0.00460	0.00146	0.00361	0.00510	0.00524	0.00687
3	0.01261	0.83713	0.02471	0.00807	0.01210	0.01866	0.00807	0.01412	0.00958	0.01109	0.00656	0.00756	0.00605	0.00403	0.00303	0.00101	0.00504	0.00252	0.00202	0.00605
4	0.01470	0.00751	0.00979	0.00839	0.01068	0.00746	0.00666	0.08721	0.04083	0.38202	0.01832	0.17223	0.01576	0.04349	0.06203	0.00216	0.05629	0.04331	0.00476	0.00638
5	0.08242	0.00507	0.00636	0.00692	0.00785	0.00488	0.00501	0.00918	0.00957	0.09458	0.02345	0.60258	0.02654	0.01279	0.00566	0.00185	0.00310	0.08338	0.00440	0.00442
6	0.15201	0.01049	0.01854	0.01364	0.01772	0.00995	0.38774	0.01767	0.01146	0.29487	0.01225	0.01308	0.00841	0.00469	0.00485	0.00152	0.00588	0.00479	0.00368	0.00674
7	0.01203	0.01003	0.01501	0.07150	0.35067	0.01048	0.04623	0.01794	0.24712	0.09163	0.06721	0.01558	0.01239	0.00541	0.00482	0.00149	0.00481	0.00495	0.00359	0.00712
8	0.00936	0.00780	0.01067	0.08773	0.10404	0.00898	0.00795	0.06031	0.07769	0.01340	0.01311	0.02227	0.01290	0.23977	0.09005	0.00310	0.13898	0.08388	0.00300	0.00500
9	0.46989	0.01486	0.00998	0.00891	0.01167	0.34366	0.00697	0.05803	0.01100	0.01764	0.00712	0.00821	0.00566	0.00465	0.00357	0.00136	0.00574	0.00285	0.00281	0.00541
10	0.00670	0.00557	0.00589	0.00627	0.00707	0.05519	0.00435	0.00775	0.01009	0.01285	0.13934	0.40245	0.20829	0.09671	0.00758	0.00201	0.00313	0.01059	0.00421	0.00396

[dist]
# distance from previous block
# <min> <max>
0	2

[block]
# block no. 3 follows, 54 sequences, length 24
# corresponding to MSA columns:
# 94-117
name=unknown_D
#
# <colnr> <probs for GDERKNQSTAVLIFYWHMCP>
#	G	D	E	R	K	N	Q	S	T	A	V	L	I	F	Y	W	H	M	C	P
0	0.01211	0.01134	0.01879	0.02768	0.74966	0.01144	0.01409	0.06860	0.01154	0.01640	0.00904	0.01165	0.00751	0.00430	0.00467	0.00140	0.00557	0.00420	0.00250	0.00751
1	0.01167	0.01120	0.01914	0.02894	0.80488	0.01120	0.01447	0.01447	0.01074	0.01540	0.00887	0.01167	0.00747	0.00420	0.00467	0.00140	0.00560	0.00420	0.00233	0.00747
2	0.14967	0.00859	0.00974	0.00817	0.01109	0.00889	0.00655	0.04642	0.24782	0.31959	0.11747	0.01750	0.01555	0.00626	0.00458	0.00150	0.00368	0.00504	0.00494	0.00694
3	0.06417	0.00844	0.01182	0.00938	0.01266	0.00785	0.07758	0.08160	0.01306	0.48577	0.01736	0.07247	0.01320	0.00677	0.00493	0.00154	0.00438	0.07499	0.00497	0.02707
4	0.01160	0.00595	0.00767	0.00660	0.00869	0.00524	0.00517	0.01350	0.01294	0.29700	0.39188	0.03023	0.16683	0.00870	0.00527	0.00149	0.00289	0.00744	0.00528	0.00563
5	0.01112	0.01493	0.18167	0.01772	0.02278	0.01184	0.56421	0.04872	0.04885	0.01592	0.00986	0.01234	0.00730	0.00426	0.00528	0.00156	0.00743	0.00508	0.00252	0.00660
6	0.01142	0.01095	0.01868	0.10141	0.73438	0.01114	0.01434	0.01425	0.01062	0.01510	0.00882	0.01175	0.00736	0.00425	0.00467	0.00142	0.00566	0.00420	0.00231	0.00727
7	0.02830	0.00776	0.01036	0.00834	0.01118	0.00743	0.00682	0.02906	0.02376	0.55638	0.05535	0.01856	0.06995	0.00863	0.05985	0.00193	0.07903	0.00523	0.00507	0.00700
8	0.00591	0.00423	0.00565	0.00661	0.00699	0.00396	0.00453	0.00693	0.00950	0.01276	0.09627	0.72298	0.03220	0.01423	0.00600	0.00189	0.00276	0.04825	0.00445	0.00391
9	0.01204	0.67395	0.09463	0.00856	0.01259	0.01677	0.00870	0.04263	0.01005	0.01221	0.00827	0.06548	0.00787	0.00489	0.00343	0.00113	0.00506	0.00343	0.00228	0.00605
10	0.01740	0.01302	0.01254	0.01024	0.01352	0.15669	0.00820	0.31334	0.17411	0.21060	0.01392	0.01320	0.00982	0.00571	0.00466	0.00143	0.00521	0.00436	0.00459	0.00745
11	0.00578	0.00412	0.00546	0.00652	0.00678	0.00386	0.00432	0.00658	0.00895	0.01193	0.02560	0.80314	0.03069	0.04352	0.00665	0.00201	0.00280	0.01317	0.00432	0.00380
12	0.04797	0.00743	0.00934	0.00762	0.01044	0.00698	0.00614	0.03798	0.08423	0.46394	0.16023	0.01940	0.01759	0.00648	0.00468	0.00144	0.00349	0.00535	0.09241	0.00684
13	0.01385	0.40724	0.23815	0.00963	0.01438	0.01362	0.01037	0.01654	0.01065	0.20963	0.01007	0.01033	0.00742	0.00460	0.00385	0.00125	0.00532	0.00334	0.00296	0.00679
14	0.12944	0.01318	0.04898	0.01425	0.15382	0.09158	0.08068	0.28852	0.04087	0.07825	0.01036	0.01123	0.00765	0.00499	0.00449	0.00143	0.00558	0.00405	0.00358	0.00707
15	0.76781	0.01039	0.00783	0.00733	0.03027	0.08405	0.00571	0.01433	0.00858	0.02013	0.00669	0.00784	0.00526	0.00442	0.00309	0.00144	0.00414	0.00264	0.00286	0.00520
16	0.01125	0.01228	0.09125	0.15126	0.45504	0.01134	0.13153	0.05120	0.01106	0.01547	0.00897	0.01180	0.00712	0.00434	0.00480	0.00147	0.00617	0.00434	0.00239	0.00693
17	0.00568	0.00466	0.00501	0.00517	0.00650	0.00399	0.00378	0.00688	0.01062	0.01304	0.09663	0.18408	0.61305	0.01228	0.00565	0.00164	0.00244	0.01046	0.00443	0.00399
18	0.01485	0.01062	0.01227	0.01088	0.06787	0.01139	0.00813	0.45809	0.07387	0.08564	0.08619	0.10989	0.01475	0.00705	0.00495	0.00150	0.00446	0.00582	0.00465	0.00713
19	0.00896	0.00558	0.00717	0.08056	0.00916	0.00566	0.00484	0.02555	0.00929	0.10786	0.14108	0.02699	0.01939	0.46274	0.06274	0.00354	0.00477	0.00647	0.00354	0.00414
20	0.01147	0.01240	0.09097	0.02753	0.73362	0.01118	0.01474	0.01451	0.01067	0.01536	0.00883	0.01151	0.00733	0.00423	0.00465	0.00141	0.00573	0.00414	0.00230	0.00742
21	0.00935	0.06036	0.70041	0.01251	0.01881	0.01072	0.01581	0.01435	0.01025	0.01511	0.08049	0.01214	0.00948	0.00493	0.00451	0.00147	0.00645	0.00390	0.00228	0.00670
22	0.08571	0.00587	0.00747	0.00718	0.00824	0.00663	0.00542	0.06065	0.00845	0.01276	0.01244	0.01954	0.01201	0.19140	0.52836	0.00601	0.00970	0.00513	0.00277	0.00427
23	0.81096	0.00939	0.00741	0.00651	0.00949	0.01085	0.00536	0.06555	0.00897	0.02173	0.00688	0.00790	0.00530	0.00446	0.00304	0.00146	0.00375	0.00267	0.00304	0.00530

[dist]
# distance from previous block
# <min> <max>
0	3

[block]
# block no. 4 follows, 54 sequences, length 14
# corresponding to MSA columns:
# 121-134
name=unknown_E
#
# <colnr> <probs for GDERKNQSTAVLIFYWHMCP>
#	G	D	E	R	K	N	Q	S	T	A	V	L	I	F	Y	W	H	M	C	P
0	0.01168	0.01109	0.01828	0.02698	0.72472	0.01126	0.01376	0.01554	0.09019	0.01584	0.00991	0.01227	0.00817	0.00442	0.00468	0.00142	0.00541	0.00432	0.00258	0.00747
1	0.01225	0.01241	0.02322	0.01699	0.02129	0.01231	0.55437	0.13435	0.12842	0.01801	0.01123	0.01322	0.00835	0.00459	0.00532	0.00156	0.00691	0.00533	0.00309	0.00677
2	0.01137	0.01121	0.02006	0.09097	0.62448	0.01125	0.13203	0.01437	0.01069	0.01509	0.00893	0.01190	0.00733	0.00421	0.00481	0.00144	0.00601	0.00441	0.00232	0.00712
3	0.00604	0.00470	0.00549	0.00549	0.00671	0.00415	0.00404	0.00760	0.01155	0.01512	0.34877	0.15240	0.38821	0.01141	0.00563	0.00159	0.00237	0.00987	0.00471	0.00415
4	0.00710	0.00481	0.00690	0.00690	0.00754	0.00539	0.00513	0.00806	0.00742	0.01074	0.01236	0.01916	0.01183	0.11663	0.55962	0.13700	0.00983	0.00506	0.05476	0.00375
5	0.00598	0.00453	0.00586	0.00636	0.00713	0.00441	0.00457	0.00716	0.00921	0.01214	0.05148	0.40807	0.21640	0.01914	0.21096	0.00326	0.00514	0.01029	0.00393	0.00398
6	0.01611	0.00862	0.01182	0.01107	0.13241	0.00738	0.00765	0.01817	0.01190	0.43641	0.01388	0.01340	0.00955	0.00484	0.00433	0.00121	0.00409	0.00404	0.00434	0.27879
7	0.00969	0.03964	0.01178	0.34804	0.03179	0.05793	0.00902	0.06468	0.01135	0.01484	0.13326	0.01839	0.09289	0.00605	0.00466	0.00138	0.00487	0.00510	0.00310	0.13157
8	0.01113	0.01272	0.02782	0.01987	0.02464	0.01192	0.78776	0.01510	0.01113	0.01510	0.00954	0.01272	0.00715	0.00397	0.00556	0.00159	0.00795	0.00556	0.00238	0.00636
9	0.01316	0.63412	0.07612	0.00871	0.01283	0.01679	0.00866	0.06256	0.05728	0.05931	0.00843	0.00904	0.00699	0.00441	0.00343	0.00113	0.00505	0.00299	0.00257	0.00643
10	0.28219	0.01086	0.01812	0.01339	0.01737	0.01070	0.40143	0.01412	0.00984	0.01697	0.00834	0.01061	0.00646	0.00414	0.00466	0.00142	0.02632	0.00415	0.00261	0.13630
11	0.00793	0.13342	0.09014	0.05524	0.00972	0.00761	0.00605	0.00907	0.00812	0.01072	0.01438	0.15834	0.01592	0.41986	0.03176	0.00316	0.00485	0.00676	0.00284	0.00409
12	0.14189	0.18654	0.18371	0.01179	0.11201	0.03236	0.03558	0.02481	0.01055	0.06992	0.08885	0.01235	0.01046	0.00490	0.00406	0.00132	0.00505	0.00385	0.00288	0.05712
13	0.00741	0.00532	0.00649	0.00668	0.03711	0.00474	0.00489	0.00912	0.01175	0.06927	0.27504	0.03977	0.40650	0.01063	0.00557	0.00160	0.00277	0.08612	0.00465	0.00457

[dist]
# distance from previous block
# <min> <max>
0	1

[block]
# block no. 5 follows, 54 sequences, length 67
# corresponding to MSA columns:
# 136-202
name=unknown_F
#
# <colnr> <probs for GDERKNQSTAVLIFYWHMCP>
#	G	D	E	R	K	N	Q	S	T	A	V	L	I	F	Y	W	H	M	C	P
0	0.01600	0.09377	0.04299	0.01090	0.01417	0.37744	0.00890	0.23609	0.05711	0.01751	0.00913	0.00986	0.00714	0.00497	0.00425	0.00124	0.00653	0.00345	0.00318	0.07538
1	0.08902	0.07841	0.01390	0.01284	0.15947	0.12114	0.00880	0.17527	0.04769	0.15345	0.01234	0.01268	0.03840	0.00522	0.00433	0.00134	0.00511	0.00406	0.00367	0.05287
2	0.01003	0.11937	0.62524	0.01356	0.01992	0.01198	0.10649	0.01486	0.01005	0.01450	0.00836	0.00999	0.00612	0.00437	0.00443	0.00145	0.00685	0.00361	0.00204	0.00679
3	0.00939	0.06333	0.70610	0.01257	0.01892	0.01081	0.01591	0.01441	0.01021	0.01506	0.07221	0.01187	0.00907	0.00487	0.00449	0.00147	0.00649	0.00384	0.00225	0.00672
4	0.00670	0.00440	0.00587	0.00662	0.00711	0.00415	0.00451	0.00761	0.00918	0.05471	0.04179	0.68716	0.02873	0.05812	0.04724	0.00230	0.00338	0.01207	0.00430	0.00404
5	0.01387	0.21953	0.20019	0.01362	0.14162	0.17676	0.01135	0.03965	0.02337	0.10446	0.00922	0.01020	0.00709	0.00462	0.00415	0.00130	0.00615	0.00346	0.00270	0.00668
6	0.01268	0.01174	0.12558	0.15540	0.03807	0.01004	0.19573	0.09797	0.01216	0.16683	0.01283	0.03952	0.01013	0.00580	0.00514	0.00158	0.01271	0.06617	0.01341	0.00650
7	0.00850	0.00656	0.00951	0.08277	0.09311	0.00680	0.00860	0.04905	0.01113	0.01467	0.02125	0.10535	0.02265	0.01116	0.00604	0.00198	0.00456	0.52747	0.00396	0.00488
8	0.04278	0.01307	0.08212	0.05245	0.58144	0.07536	0.05539	0.01478	0.01076	0.01513	0.00865	0.01122	0.00709	0.00429	0.00461	0.00141	0.00602	0.00406	0.00233	0.00705
9	0.01282	0.02516	0.31856	0.03088	0.22069	0.01032	0.06168	0.01704	0.05217	0.18761	0.01138	0.01231	0.00812	0.00477	0.00466	0.00147	0.00583	0.00417	0.00309	0.00727
10	0.01177	0.14954	0.35275	0.12890	0.09250	0.01164	0.04663	0.01546	0.01043	0.12315	0.00962	0.01106	0.00700	0.00458	0.00438	0.00142	0.00607	0.00376	0.00259	0.00674
11	0.01417	0.01655	0.01200	0.01201	0.07636	0.49292	0.00841	0.01709	0.11414	0.01339	0.05391	0.09676	0.03945	0.00651	0.00465	0.00138	0.00652	0.00502	0.00314	0.00561
12	0.01569	0.07173	0.05182	0.09646	0.18034	0.01033	0.00993	0.11457	0.04217	0.32273	0.02161	0.01380	0.01684	0.00528	0.00460	0.00143	0.00489	0.00440	0.00406	0.00733
13	0.01214	0.03242	0.09927	0.03643	0.29793	0.06992	0.13149	0.02390	0.08162	0.08236	0.01365	0.01495	0.07206	0.00522	0.00481	0.00146	0.00576	0.00482	0.00301	0.00679
14	0.00674	0.00519	0.00704	0.00866	0.07152	0.00509	0.00551	0.00875	0.07205	0.01297	0.02404	0.68181	0.02784	0.01321	0.00582	0.00185	0.00308	0.03015	0.00425	0.00442
15	0.01202	0.01159	0.02424	0.01764	0.02199	0.01082	0.63448	0.01560	0.01138	0.10746	0.01183	0.01634	0.00928	0.00491	0.00554	0.00162	0.00720	0.06673	0.00294	0.00639
16	0.01345	0.02877	0.31896	0.04166	0.08783	0.00972	0.11350	0.01709	0.01138	0.26246	0.04046	0.01333	0.00944	0.00500	0.00474	0.00148	0.00583	0.00440	0.00339	0.00710
17	0.01116	0.09103	0.30802	0.08000	0.04733	0.01179	0.24853	0.04169	0.01082	0.05738	0.00987	0.01182	0.02020	0.00462	0.00500	0.00149	0.02586	0.00433	0.00248	0.00658
18	0.00751	0.00456	0.00576	0.00620	0.00703	0.00423	0.00437	0.00877	0.00999	0.07705	0.08930	0.52286	0.07754	0.01201	0.00543	0.00169	0.00269	0.01068	0.13801	0.00431
19	0.10773	0.04811	0.14579	0.07172	0.01712	0.10019	0.15000	0.01747	0.01141	0.26030	0.01870	0.01225	0.00825	0.00489	0.00453	0.00145	0.00587	0.00416	0.00344	0.00662
20	0.01151	0.12270	0.34346	0.01253	0.09616	0.01074	0.02740	0.05522	0.01151	0.10966	0.11631	0.01476	0.02829	0.00548	0.00466	0.00142	0.01394	0.00447	0.00311	0.00665
21	0.02291	0.01351	0.20821	0.02277	0.05057	0.01006	0.32146	0.04038	0.01112	0.04416	0.07556	0.08081	0.04227	0.00598	0.00546	0.00158	0.02819	0.00587	0.00295	0.00616
22	0.01278	0.01275	0.08823	0.09257	0.39709	0.08223	0.05048	0.01551	0.01086	0.11154	0.00966	0.01179	0.00750	0.00484	0.00553	0.00148	0.07141	0.00416	0.00270	0.00688
23	0.07980	0.07671	0.05876	0.11429	0.39161	0.01109	0.02548	0.04336	0.03783	0.01579	0.04934	0.05534	0.01029	0.00523	0.00453	0.00144	0.00520	0.00466	0.00274	0.00654
24	0.09839	0.01097	0.15602	0.03999	0.01355	0.00826	0.00866	0.02823	0.06289	0.41337	0.02670	0.05140	0.04837	0.00616	0.00462	0.00150	0.00444	0.00498	0.00449	0.00699
25	0.00698	0.00553	0.00588	0.00576	0.00710	0.03459	0.00432	0.00898	0.03346	0.01561	0.31401	0.08579	0.32999	0.01023	0.00531	0.00152	0.00264	0.02584	0.09212	0.00434
26	0.03341	0.01153	0.01461	0.06781	0.15931	0.03363	0.03785	0.35040	0.04770	0.17773	0.01216	0.01255	0.00864	0.00529	0.00470	0.00144	0.00520	0.00436	0.00415	0.00752
27	0.05127	0.03170	0.46815	0.01454	0.08956	0.01063	0.11829	0.01602	0.01060	0.13035	0.01000	0.01122	0.00705	0.00457	0.00458	0.00148	0.00636	0.00395	0.00268	0.00698
28	0.00663	0.00505	0.00670	0.07202	0.00921	0.00499	0.00521	0.00881	0.04909	0.01507	0.32145	0.37485	0.08021	0.01143	0.00565	0.00169	0.00285	0.01020	0.00452	0.00436
29	0.00964	0.04143	0.62051	0.12260	0.08490	0.01110	0.01637	0.01449	0.00994	0.01449	0.00844	0.01038	0.00614	0.00448	0.00449	0.00148	0.00672	0.00361	0.00203	0.00675
30	0.16898	0.01049	0.06206	0.00995	0.05502	0.00985	0.00805	0.13584	0.11576	0.35476	0.01427	0.01342	0.00972	0.00545	0.00440	0.00147	0.00436	0.00424	0.00458	0.00733
31	0.04227	0.02159	0.65284	0.07878	0.02129	0.01098	0.07809	0.01467	0.00993	0.01495	0.00847	0.01030	0.00606	0.00445	0.00453	0.00151	0.00687	0.00367	0.00207	0.00671
32	0.00633	0.00487	0.00577	0.00603	0.00717	0.00443	0.00451	0.02503	0.01107	0.01430	0.18826	0.25181	0.34757	0.01221	0.00577	0.00171	0.00272	0.09173	0.00454	0.00416
33	0.01172	0.00971	0.01617	0.28104	0.30468	0.01028	0.07411	0.05288	0.01122	0.09896	0.01121	0.01583	0.00911	0.00531	0.00491	0.00154	0.00572	0.06620	0.00291	0.00649
34	0.11581	0.01089	0.01437	0.01109	0.01463	0.01138	0.14995	0.30328	0.08748	0.15762	0.04029	0.03042	0.01964	0.00569	0.00474	0.00149	0.00499	0.00487	0.00428	0.00707
35	0.00763	0.00481	0.00638	0.00697	0.00771	0.00457	0.00497	0.00904	0.03960	0.08284	0.05092	0.59846	0.02784	0.01342	0.00649	0.04372	0.00306	0.07281	0.00443	0.00431
36	0.01149	0.01354	0.14632	0.14357	0.08605	0.02747	0.39244	0.01520	0.01082	0.07826	0.00976	0.01232	0.00718	0.00443	0.00526	0.00155	0.02057	0.00477	0.00255	0.00646
37	0.01629	0.01371	0.07780	0.01242	0.07846	0.01384	0.00997	0.60917	0.07691	0.02665	0.01147	0.01170	0.00828	0.00550	0.00470	0.00143	0.00526	0.00426	0.00431	0.00785
38	0.01634	0.01644	0.01352	0.01140	0.01422	0.43539	0.07090	0.12065	0.03196	0.12049	0.09208	0.01318	0.01132	0.00555	0.00463	0.00134	0.00667	0.00425	0.00352	0.00616
39	0.00674	0.00485	0.00619	0.00694	0.00750	0.00471	0.00479	0.06907	0.01010	0.01347	0.02480	0.75552	0.02928	0.01402	0.00592	0.00188	0.00295	0.02269	0.00440	0.00417
40	0.01286	0.01069	0.01130	0.00982	0.01269	0.01225	0.00774	0.16415	0.65543	0.02154	0.01776	0.01645	0.01323	0.00626	0.00478	0.00157	0.00400	0.00513	0.00478	0.00756
41	0.00866	0.03599	0.08960	0.00789	0.00966	0.00622	0.00665	0.01133	0.07343	0.09508	0.08410	0.43553	0.02509	0.01119	0.00554	0.00176	0.00356	0.07939	0.00430	0.00504
42	0.02271	0.07583	0.57949	0.01428	0.10906	0.01111	0.01529	0.01557	0.01033	0.08998	0.00932	0.01054	0.00668	0.00454	0.00441	0.00145	0.00636	0.00361	0.00241	0.00704
43	0.01100	0.10238	0.33559	0.01567	0.02119	0.01205	0.37326	0.01523	0.01060	0.04486	0.00915	0.01122	0.00675	0.00425	0.00484	0.00149	0.00711	0.00440	0.00232	0.00663
44	0.00612	0.00492	0.00555	0.00589	0.00729	0.00435	0.00468	0.00755	0.01069	0.01307	0.04069	0.08564	0.56083	0.01236	0.00584	0.00176	0.00292	0.21140	0.00437	0.00407
45	0.01170	0.01149	0.07692	0.22599	0.08095	0.10258	0.04807	0.05252	0.01781	0.08413	0.01096	0.06533	0.00923	0.02613	0.01582	0.01055	0.09325	0.00480	0.04599	0.00580
46	0.01263	0.09817	0.21449	0.09552	0.11779	0.01079	0.01121	0.12275	0.01227	0.14351	0.01410	0.04256	0.07237	0.00576	0.00459	0.00145	0.00529	0.00472	0.00332	0.00673
47	0.01105	0.01284	0.11057	0.12783	0.44234	0.02476	0.17268	0.01441	0.01060	0.01479	0.00887	0.01175	0.00706	0.00426	0.00483	0.00147	0.00638	0.00438	0.00228	0.00686
48	0.00884	0.08485	0.29874	0.00991	0.01368	0.00921	0.03542	0.01347	0.12055	0.01475	0.05710	0.12514	0.12063	0.00786	0.00497	0.00158	0.00481	0.05933	0.00334	0.00583
49	0.07004	0.01229	0.19144	0.05507	0.13382	0.00925	0.01051	0.05094	0.05527	0.25647	0.07520	0.01552	0.02343	0.00562	0.00465	0.00148	0.00489	0.01332	0.00386	0.00695
50	0.01210	0.07142	0.09735	0.03125	0.41632	0.03038	0.13554	0.01511	0.01091	0.07807	0.01030	0.01373	0.00844	0.00477	0.00476	0.00145	0.00596	0.04253	0.00266	0.00696
51	0.00580	0.00419	0.00549	0.00643	0.00683	0.00388	0.00434	0.00674	0.00942	0.01256	0.08208	0.73373	0.07254	0.01426	0.00596	0.00187	0.00268	0.01288	0.00443	0.00388
52	0.06976	0.01166	0.07822	0.22521	0.14772	0.03898	0.07824	0.07224	0.16394	0.01654	0.01879	0.01336	0.02168	0.00515	0.00483	0.00152	0.01825	0.00446	0.00300	0.00644
53	0.02878	0.08186	0.01443	0.06837	0.19008	0.09634	0.00953	0.15833	0.03420	0.16918	0.01304	0.05982	0.02235	0.00590	0.00463	0.00143	0.00520	0.02603	0.00369	0.00681
54	0.00991	0.02158	0.63547	0.01623	0.13904	0.01106	0.07127	0.01487	0.01016	0.01502	0.00860	0.01041	0.00628	0.00440	0.00458	0.00149	0.00683	0.00374	0.00207	0.00700
55	0.01007	0.00885	0.00812	0.00749	0.00913	0.16427	0.00565	0.05308	0.01308	0.06422	0.38698	0.11012	0.12228	0.00906	0.00526	0.00148	0.00380	0.00766	0.00448	0.00494
56	0.02202	0.06846	0.13783	0.02164	0.17176	0.06482	0.08861	0.06827	0.01211	0.22759	0.01153	0.02321	0.00843	0.00498	0.00474	0.00141	0.01830	0.00425	0.00341	0.03664
57	0.01285	0.01689	0.39293	0.01368	0.08099	0.01927	0.09036	0.06991	0.01195	0.18625	0.05054	0.01301	0.00950	0.00504	0.00473	0.00148	0.00598	0.00432	0.00324	0.00710
58	0.00913	0.09169	0.01175	0.00975	0.01165	0.00804	0.08727	0.07268	0.01149	0.01496	0.02051	0.11033	0.02177	0.01075	0.00587	0.00191	0.00471	0.48683	0.00394	0.00497
59	0.05632	0.05122	0.63714	0.01312	0.01943	0.01109	0.07739	0.01525	0.01010	0.05371	0.00887	0.01026	0.00630	0.00448	0.00444	0.00148	0.00666	0.00363	0.00226	0.00684
60	0.01273	0.09921	0.31715	0.02104	0.09869	0.03757	0.01224	0.13457	0.09180	0.08748	0.03540	0.01218	0.00901	0.00507	0.00447	0.00142	0.00567	0.00403	0.00318	0.00709
61	0.01145	0.01098	0.01875	0.09138	0.74414	0.01115	0.01436	0.01428	0.01063	0.01514	0.00883	0.01174	0.00738	0.00424	0.00467	0.00141	0.00566	0.00420	0.00232	0.00729
62	0.00577	0.00415	0.00548	0.00648	0.00683	0.00386	0.00435	0.00666	0.00925	0.01232	0.05635	0.77365	0.05842	0.01448	0.00599	0.00189	0.00270	0.01310	0.00441	0.00386
63	0.08082	0.05023	0.11998	0.01053	0.08338	0.07469	0.00856	0.06253	0.06707	0.15372	0.14894	0.01893	0.08810	0.00646	0.00465	0.00144	0.00454	0.00524	0.00392	0.00628
64	0.05345	0.00990	0.01487	0.06147	0.36300	0.01668	0.04544	0.01533	0.07921	0.08756	0.02328	0.01458	0.00971	0.00498	0.00456	0.00137	0.00492	0.04249	0.00310	0.14412
65	0.00595	0.00423	0.00562	0.00666	0.00699	0.00400	0.00456	0.00684	0.00906	0.01205	0.02532	0.72674	0.03012	0.05755	0.00700	0.00207	0.00296	0.07416	0.00429	0.00382
66	0.00979	0.00913	0.01513	0.64495	0.13674	0.01087	0.02985	0.05022	0.01023	0.01342	0.00858	0.01236	0.00655	0.00473	0.00489	0.00155	0.01884	0.00422	0.00226	0.00570

[dist]
# distance from previous block
# <min> <max>
1	4

[block]
# block no. 6 follows, 54 sequences, length 50
# corresponding to MSA columns:
# 207-256
name=unknown_G
#
# <colnr> <probs for GDERKNQSTAVLIFYWHMCP>
#	G	D	E	R	K	N	Q	S	T	A	V	L	I	F	Y	W	H	M	C	P
0	0.67578	0.01103	0.00894	0.00916	0.08672	0.11394	0.00653	0.01456	0.00897	0.01936	0.00688	0.00816	0.00546	0.00442	0.00326	0.00142	0.00446	0.00277	0.00280	0.00538
1	0.17162	0.00746	0.00860	0.00784	0.03692	0.00757	0.00591	0.07667	0.06376	0.16733	0.34048	0.02293	0.04952	0.00730	0.00477	0.00148	0.00328	0.00605	0.00470	0.00581
2	0.01026	0.08322	0.01098	0.07055	0.01238	0.01032	0.00710	0.03120	0.44178	0.01789	0.17716	0.02162	0.07180	0.00707	0.00484	0.00152	0.00367	0.00593	0.00439	0.00633
3	0.00701	0.00505	0.00638	0.00692	0.00761	0.00493	0.00483	0.08241	0.01069	0.01436	0.09461	0.68018	0.03015	0.01343	0.00585	0.00183	0.00293	0.01208	0.00448	0.00429
4	0.00646	0.00481	0.00600	0.00571	0.00691	0.00436	0.00428	0.00848	0.01284	0.01770	0.65470	0.03721	0.19294	0.01009	0.00556	0.00150	0.00226	0.00881	0.00503	0.00436
5	0.01305	0.01100	0.01413	0.12286	0.20634	0.01223	0.01031	0.23162	0.28893	0.02042	0.01310	0.01377	0.00989	0.00544	0.00473	0.00150	0.00492	0.00461	0.00382	0.00732
6	0.01359	0.00982	0.08241	0.00812	0.01232	0.00716	0.00716	0.04106	0.01134	0.26746	0.01181	0.01210	0.00854	0.01502	0.00428	0.00108	0.00404	0.00357	0.00375	0.47535
7	0.01206	0.05315	0.56915	0.01236	0.01836	0.01163	0.01467	0.16018	0.01249	0.07813	0.00969	0.01058	0.00679	0.00479	0.00449	0.00146	0.00633	0.00368	0.00279	0.00721
8	0.01072	0.35071	0.49462	0.01128	0.01707	0.01404	0.01367	0.01461	0.00980	0.01339	0.00770	0.00899	0.00600	0.00430	0.00390	0.00130	0.00620	0.00310	0.00200	0.00660
9	0.00922	0.00845	0.01403	0.50478	0.20060	0.00969	0.01221	0.01213	0.01016	0.01352	0.07074	0.01802	0.01148	0.00578	0.00494	0.00158	0.00563	0.07884	0.00260	0.00559
10	0.01189	0.01077	0.05181	0.02937	0.45243	0.02851	0.07959	0.01460	0.01122	0.10533	0.08264	0.05192	0.01262	0.00560	0.00503	0.00148	0.01375	0.02153	0.00311	0.00682
11	0.01483	0.00982	0.04914	0.01592	0.30544	0.02857	0.00986	0.01713	0.01201	0.34305	0.05539	0.03016	0.06770	0.00598	0.00483	0.00146	0.00463	0.01284	0.00411	0.00714
12	0.00843	0.00542	0.00665	0.00624	0.00787	0.00490	0.00487	0.01054	0.03192	0.11989	0.36030	0.03729	0.28361	0.01013	0.00553	0.00158	0.00275	0.08231	0.00492	0.00483
13	0.00961	0.02330	0.73700	0.01404	0.02080	0.01104	0.08920	0.01495	0.01006	0.01495	0.00856	0.01021	0.00608	0.00443	0.00458	0.00150	0.00706	0.00368	0.00203	0.00691
14	0.11510	0.25113	0.16317	0.08467	0.14169	0.02902	0.04697	0.05657	0.01062	0.04847	0.00835	0.00992	0.00656	0.00442	0.00399	0.00134	0.00559	0.00345	0.00251	0.00645
15	0.01250	0.02912	0.08771	0.03784	0.03265	0.01731	0.00848	0.08278	0.16331	0.18455	0.02738	0.06707	0.04655	0.01557	0.00533	0.00168	0.00446	0.16496	0.00435	0.00640
16	0.00659	0.00468	0.00620	0.00641	0.00682	0.00496	0.00440	0.00746	0.00767	0.01058	0.02782	0.18351	0.01816	0.33919	0.33880	0.00521	0.00742	0.00744	0.00306	0.00362
17	0.07821	0.00988	0.04589	0.00871	0.01142	0.02832	0.00719	0.24892	0.11252	0.10197	0.15209	0.11664	0.03052	0.00794	0.01690	0.00161	0.00418	0.00620	0.00453	0.00637
18	0.01092	0.07263	0.38468	0.04642	0.18331	0.02789	0.01387	0.02451	0.06573	0.04618	0.01005	0.03792	0.00798	0.00512	0.00501	0.00148	0.04282	0.00413	0.00254	0.00682
19	0.04240	0.00979	0.01410	0.07278	0.31241	0.03867	0.01874	0.02271	0.05007	0.16806	0.01327	0.08493	0.02268	0.00631	0.00584	0.00156	0.08423	0.02144	0.00339	0.00660
20	0.00703	0.00550	0.00682	0.00700	0.00804	0.00557	0.00536	0.00920	0.06174	0.02294	0.13727	0.26758	0.23227	0.01190	0.00654	0.00180	0.06576	0.12891	0.00435	0.00442
21	0.16216	0.11258	0.19297	0.02071	0.03462	0.21223	0.01027	0.14424	0.03969	0.01732	0.00847	0.00948	0.00653	0.00476	0.00404	0.00135	0.00610	0.00332	0.00282	0.00635
22	0.01100	0.00904	0.01702	0.01320	0.01599	0.00885	0.34966	0.01335	0.01027	0.13572	0.01430	0.18212	0.01318	0.01008	0.07980	0.03312	0.06747	0.00685	0.00330	0.00566
23	0.00819	0.00410	0.00614	0.00614	0.00614	0.00410	0.00410	0.00614	0.00614	0.00819	0.00819	0.01433	0.00819	0.01638	0.01843	0.86282	0.00410	0.00410	0.00205	0.00205
24	0.09260	0.00810	0.01253	0.59021	0.04380	0.00963	0.01110	0.01262	0.00960	0.07381	0.01059	0.08619	0.00886	0.00566	0.00466	0.00158	0.00552	0.00491	0.00267	0.00536
25	0.01154	0.01056	0.01652	0.18196	0.48411	0.01124	0.01275	0.08471	0.08743	0.01638	0.01097	0.01323	0.02791	0.00484	0.00472	0.00146	0.00544	0.00446	0.00279	0.00699
26	0.00901	0.00853	0.01416	0.76105	0.03094	0.01078	0.01288	0.01199	0.00926	0.01199	0.00821	0.01240	0.00628	0.00498	0.00554	0.00161	0.06887	0.00419	0.00209	0.00523
27	0.01063	0.01014	0.01726	0.32810	0.51386	0.01093	0.01395	0.01356	0.01024	0.01414	0.00868	0.01201	0.00702	0.00439	0.00469	0.00146	0.00586	0.00420	0.00224	0.00663
28	0.04397	0.00896	0.01442	0.62320	0.13451	0.01061	0.01259	0.04248	0.01018	0.04211	0.00885	0.01233	0.00666	0.00471	0.00464	0.00153	0.00597	0.00415	0.00239	0.00574
29	0.00972	0.00776	0.00953	0.00920	0.01101	0.08409	0.06661	0.01175	0.01134	0.08534	0.02528	0.04113	0.15062	0.01072	0.00591	0.00187	0.00467	0.44443	0.00415	0.00488
30	0.00683	0.00458	0.00526	0.00528	0.00533	0.00461	0.00303	0.00692	0.00694	0.00929	0.01499	0.04737	0.01720	0.78093	0.05917	0.00465	0.00489	0.00692	0.00287	0.00294
31	0.01201	0.01261	0.01709	0.24066	0.41277	0.16130	0.04783	0.01466	0.01089	0.01376	0.00847	0.01137	0.00687	0.00445	0.00464	0.00142	0.00643	0.00404	0.00229	0.00644
32	0.04734	0.47751	0.14647	0.00955	0.01371	0.14707	0.00953	0.01569	0.01050	0.07306	0.00790	0.00875	0.00643	0.00439	0.00359	0.00117	0.00578	0.00293	0.00241	0.00621
33	0.00744	0.00481	0.00607	0.00620	0.00730	0.00432	0.00448	0.00880	0.01094	0.09091	0.23156	0.38217	0.19325	0.01199	0.00568	0.00169	0.00265	0.01058	0.00473	0.00443
34	0.00783	0.00414	0.00599	0.00609	0.00612	0.00411	0.00401	0.00625	0.00649	0.00865	0.01051	0.09477	0.01122	0.09001	0.01773	0.70220	0.00401	0.00524	0.00235	0.00229
35	0.18777	0.53647	0.09112	0.00841	0.01242	0.04375	0.00837	0.04212	0.00988	0.01418	0.00693	0.00797	0.00592	0.00423	0.00324	0.00117	0.00506	0.00269	0.00231	0.00599
36	0.01450	0.00951	0.01083	0.00924	0.01206	0.05945	0.03414	0.04902	0.29592	0.25964	0.01770	0.01958	0.01351	0.00656	0.00480	0.00153	0.00426	0.08240	0.07015	0.02519
37	0.00582	0.00475	0.00515	0.00512	0.00654	0.00408	0.00381	0.00723	0.01124	0.01407	0.21365	0.07961	0.59939	0.01156	0.00559	0.00158	0.00237	0.00980	0.00456	0.00408
38	0.01188	0.00961	0.01049	0.00945	0.01193	0.01082	0.00749	0.16670	0.48564	0.02027	0.01899	0.09400	0.01620	0.00779	0.00509	0.00166	0.00399	0.09643	0.00469	0.00687
39	0.00976	0.10293	0.73399	0.01292	0.01960	0.01169	0.01652	0.01485	0.00992	0.01456	0.00828	0.00972	0.00598	0.00444	0.00434	0.00145	0.00678	0.00339	0.00199	0.00688
40	0.22347	0.01681	0.01189	0.01031	0.01318	0.42536	0.00804	0.18015	0.01393	0.04378	0.00833	0.00914	0.00643	0.00494	0.00404	0.00132	0.00648	0.00323	0.00314	0.00600
41	0.01228	0.00926	0.01040	0.00917	0.01149	0.01008	0.00732	0.33548	0.16195	0.02127	0.04351	0.16331	0.01776	0.03652	0.00592	0.00176	0.00424	0.12741	0.00457	0.00632
42	0.17039	0.07187	0.10313	0.00787	0.01201	0.00898	0.00720	0.01381	0.07202	0.01643	0.00878	0.00986	0.00704	0.00404	0.00357	0.00103	0.00406	0.00301	0.00283	0.47207
43	0.25112	0.01118	0.05176	0.07003	0.42363	0.01104	0.08663	0.01423	0.00990	0.01676	0.00824	0.01063	0.00664	0.00427	0.00426	0.00145	0.00538	0.00384	0.00247	0.00654
44	0.01307	0.30660	0.01755	0.01305	0.16286	0.21836	0.00916	0.01612	0.09754	0.01368	0.08036	0.01218	0.01071	0.00504	0.00407	0.00124	0.00563	0.00382	0.00277	0.00618
45	0.00913	0.00949	0.07470	0.01397	0.16129	0.00791	0.16384	0.01179	0.02330	0.02698	0.05949	0.24618	0.04291	0.00770	0.00514	0.00151	0.00473	0.00730	0.00328	0.11937
46	0.01246	0.01212	0.07843	0.02488	0.62855	0.02158	0.01368	0.03366	0.03691	0.07734	0.00997	0.01202	0.00790	0.00446	0.00466	0.00142	0.00555	0.00421	0.00272	0.00746
47	0.01143	0.18660	0.42891	0.01495	0.16471	0.01228	0.02570	0.01530	0.01031	0.07483	0.00894	0.01029	0.00672	0.00443	0.00425	0.00138	0.00611	0.00355	0.00236	0.00695
48	0.00630	0.00434	0.00531	0.00585	0.00599	0.00420	0.00361	0.00671	0.00794	0.01059	0.02041	0.43002	0.02415	0.42558	0.01503	0.00325	0.00366	0.01012	0.00361	0.00334
49	0.09314	0.00915	0.01443	0.01985	0.47702	0.00927	0.03720	0.01224	0.00934	0.01411	0.00975	0.01520	0.00913	0.16296	0.00944	0.07972	0.00516	0.00458	0.00247	0.00584

[dist]
# distance from previous block
# <min> <max>
0	28

[block]
# block no. 7 follows, 54 sequences, length 11
# corresponding to MSA columns:
# 285-295
name=unknown_H
#
# <colnr> <probs for GDERKNQSTAVLIFYWHMCP>
#	G	D	E	R	K	N	Q	S	T	A	V	L	I	F	Y	W	H	M	C	P
0	0.00982	0.11690	0.72049	0.01283	0.01946	0.01183	0.01636	0.01484	0.00991	0.01450	0.00824	0.00968	0.00598	0.00443	0.00431	0.00144	0.00675	0.00337	0.00199	0.00686
1	0.00946	0.02439	0.80987	0.01344	0.02041	0.01095	0.01742	0.01493	0.00995	0.01493	0.00846	0.00995	0.00597	0.00448	0.00448	0.00149	0.00697	0.00348	0.00199	0.00697
2	0.00593	0.00436	0.00560	0.00643	0.00703	0.00403	0.00453	0.00701	0.00972	0.01275	0.07760	0.59464	0.15058	0.01387	0.00596	0.00186	0.00279	0.07695	0.00442	0.00393
3	0.82267	0.00906	0.00714	0.00632	0.00927	0.01038	0.00520	0.01434	0.00831	0.06293	0.00720	0.00810	0.00545	0.00445	0.00301	0.00146	0.00367	0.00267	0.00307	0.00526
4	0.00629	0.00463	0.00530	0.00537	0.00639	0.00419	0.00381	0.00762	0.01058	0.01412	0.23273	0.15994	0.32563	0.11880	0.00788	0.00197	0.00267	0.00929	0.06883	0.00396
5	0.00968	0.08313	0.75312	0.01305	0.01981	0.01151	0.01674	0.01487	0.00993	0.01465	0.00832	0.00978	0.00598	0.00445	0.00437	0.00146	0.00683	0.00341	0.00199	0.00690
6	0.01002	0.00849	0.00918	0.00857	0.01011	0.08991	0.00658	0.07895	0.18073	0.01422	0.01321	0.03513	0.01150	0.02081	0.37861	0.10233	0.00844	0.00492	0.00318	0.00511
7	0.01237	0.77595	0.08381	0.00847	0.01273	0.01808	0.00877	0.01418	0.00961	0.01138	0.00670	0.00774	0.00604	0.00407	0.00313	0.00104	0.00519	0.00259	0.00201	0.00612
8	0.00996	0.16616	0.60417	0.08109	0.01997	0.01227	0.01541	0.01454	0.00984	0.01401	0.00812	0.00976	0.00601	0.00442	0.00424	0.00141	0.00657	0.00337	0.00200	0.00666
9	0.01538	0.56780	0.02024	0.00817	0.01208	0.01485	0.00770	0.01700	0.01085	0.27002	0.01047	0.01032	0.00788	0.00462	0.00358	0.00115	0.00471	0.00324	0.00326	0.00669
10	0.00924	0.00594	0.00828	0.00887	0.09850	0.00551	0.00588	0.01136	0.01265	0.12870	0.51631	0.07925	0.05276	0.00876	0.00532	0.00149	0.00290	0.00774	0.02528	0.00524

[dist]
# distance from previous block
# <min> <max>
0	1

[block]
# block no. 8 follows, 54 sequences, length 17
# corresponding to MSA columns:
# 297-313
name=unknown_I
#
# <colnr> <probs for GDERKNQSTAVLIFYWHMCP>
#	G	D	E	R	K	N	Q	S	T	A	V	L	I	F	Y	W	H	M	C	P
0	0.63697	0.08368	0.00948	0.00705	0.01013	0.01160	0.00590	0.07503	0.06933	0.04234	0.00822	0.00892	0.00630	0.00464	0.00326	0.00143	0.00391	0.00295	0.00320	0.00568
1	0.00881	0.00702	0.06863	0.00726	0.00934	0.00552	0.04504	0.01110	0.01217	0.11264	0.40618	0.06871	0.14179	0.00879	0.00525	0.00150	0.00314	0.00769	0.06438	0.00507
2	0.03096	0.30248	0.01804	0.01273	0.13496	0.20896	0.00933	0.17982	0.01332	0.01616	0.00831	0.00946	0.00682	0.00465	0.00394	0.00122	0.00590	0.00332	0.02312	0.00649
3	0.00615	0.00452	0.00558	0.00614	0.00675	0.00430	0.00427	0.00706	0.00899	0.01168	0.02732	0.37758	0.19264	0.18079	0.07229	0.00284	0.00392	0.06954	0.00392	0.00374
4	0.06027	0.07548	0.09585	0.01587	0.07424	0.01162	0.38650	0.06739	0.01180	0.13895	0.01052	0.01214	0.00763	0.00446	0.00488	0.00148	0.00644	0.00466	0.00303	0.00677
5	0.05164	0.13481	0.09800	0.01278	0.12772	0.01336	0.01001	0.31384	0.10788	0.05204	0.01092	0.01141	0.00819	0.00508	0.00434	0.00137	0.00509	0.00395	0.00363	0.02392
6	0.00824	0.00565	0.00751	0.00721	0.00812	0.01482	0.00544	0.00957	0.00840	0.07306	0.02465	0.06494	0.05632	0.15859	0.41391	0.00508	0.06548	0.00595	0.05268	0.00434
7	0.02609	0.01154	0.09654	0.10918	0.07519	0.03202	0.00933	0.28810	0.03019	0.06940	0.01268	0.01378	0.03034	0.00543	0.00440	0.00139	0.00485	0.00433	0.16862	0.00660
8	0.01306	0.26180	0.13582	0.07664	0.13778	0.12916	0.05389	0.06674	0.02214	0.04878	0.00862	0.01011	0.00683	0.00451	0.00415	0.00130	0.00611	0.00354	0.00253	0.00651
9	0.00643	0.00481	0.00616	0.00693	0.00761	0.00474	0.00497	0.00843	0.06909	0.01281	0.02617	0.57788	0.08800	0.01511	0.05957	0.00227	0.00360	0.08696	0.00428	0.00419
10	0.06816	0.00656	0.00823	0.00885	0.06150	0.02852	0.02454	0.01834	0.04998	0.04912	0.09990	0.28516	0.10009	0.01252	0.06819	0.00217	0.00427	0.09500	0.00406	0.00484
11	0.01217	0.13695	0.01653	0.03331	0.01495	0.05181	0.19926	0.01488	0.04025	0.12012	0.05058	0.01398	0.01028	0.05956	0.00568	0.00145	0.00525	0.00440	0.00314	0.20543
12	0.04786	0.07554	0.01585	0.03106	0.18524	0.07859	0.07593	0.09548	0.09078	0.05617	0.01039	0.03421	0.00852	0.00547	0.00590	0.00146	0.11199	0.00432	0.00306	0.06218
13	0.21626	0.00898	0.01019	0.05212	0.14776	0.04727	0.00751	0.10999	0.01134	0.01751	0.05509	0.18611	0.07414	0.00755	0.00460	0.00152	0.00418	0.00630	0.00351	0.02804
14	0.01259	0.01145	0.01670	0.10070	0.51946	0.07250	0.01249	0.04454	0.02317	0.06790	0.00956	0.01175	0.00762	0.00445	0.00457	0.00136	0.00559	0.00407	0.00271	0.06683
15	0.01141	0.01130	0.01751	0.22246	0.56037	0.06711	0.01376	0.01418	0.01060	0.01431	0.00864	0.01167	0.00708	0.00437	0.00465	0.00143	0.00597	0.00412	0.00228	0.00678
16	0.00960	0.00837	0.01372	0.41763	0.09836	0.00923	0.07082	0.01253	0.03160	0.04775	0.01191	0.09885	0.01070	0.02992	0.00559	0.00164	0.01600	0.03677	0.00278	0.06622

[dist]
# distance from previous block
# <min> <max>
0	16

# created by:
# /st0/software/busco_prod/Augustus/scripts/msa2prfl.pl ./align_prep/175792.fa
