[name]
unknown

[dist]
# distance from previous block
# <min> <max>
59	330

[block]
# block no. 0 follows, 43 sequences, length 47
# corresponding to MSA columns:
# 353-399
name=unknown_A
#
# <colnr> <probs for GDERKNQSTAVLIFYWHMCP>
#	G	D	E	R	K	N	Q	S	T	A	V	L	I	F	Y	W	H	M	C	P
0	0.07379	0.08576	0.10521	0.01393	0.06307	0.05081	0.09314	0.16795	0.04019	0.16981	0.01437	0.01527	0.02646	0.02385	0.01689	0.00184	0.00645	0.00502	0.00427	0.02192
1	0.07336	0.07540	0.25611	0.03572	0.07139	0.02759	0.03711	0.05145	0.02876	0.07150	0.01369	0.04655	0.03941	0.01939	0.00544	0.00164	0.00618	0.00499	0.00340	0.13091
2	0.09823	0.05423	0.05643	0.01091	0.05110	0.01073	0.00886	0.07600	0.08204	0.22756	0.03211	0.01492	0.01132	0.00577	0.00485	0.00145	0.00488	0.00455	0.00460	0.23945
3	0.03301	0.17817	0.04076	0.08580	0.20220	0.08717	0.01180	0.06382	0.11874	0.05844	0.01231	0.01432	0.00991	0.03560	0.00584	0.00171	0.00629	0.00464	0.00349	0.02599
4	0.13116	0.13318	0.05272	0.05299	0.04496	0.02373	0.00955	0.14434	0.03592	0.14898	0.01314	0.04434	0.01036	0.02218	0.00557	0.00165	0.02255	0.00478	0.00416	0.09373
5	0.03291	0.12263	0.25801	0.07459	0.10368	0.03262	0.03237	0.08278	0.01359	0.12604	0.01211	0.03152	0.00917	0.00576	0.00513	0.00163	0.00668	0.00466	0.00347	0.04064
6	0.05816	0.08495	0.08107	0.07140	0.07015	0.04783	0.03276	0.04515	0.02988	0.02957	0.05087	0.24726	0.06027	0.01064	0.02838	0.00201	0.00555	0.00832	0.00395	0.03181
7	0.00820	0.00611	0.00746	0.06711	0.01048	0.00567	0.00567	0.01009	0.01309	0.05535	0.22542	0.08357	0.40883	0.02901	0.03734	0.00219	0.00375	0.01035	0.00514	0.00515
8	0.08350	0.01506	0.14143	0.01214	0.03417	0.04217	0.01095	0.20132	0.04160	0.33778	0.01592	0.01514	0.01068	0.00634	0.00532	0.00170	0.00584	0.00491	0.00522	0.00880
9	0.01820	0.01397	0.04641	0.07322	0.05722	0.01420	0.05059	0.42996	0.03663	0.10684	0.01439	0.05066	0.01090	0.00674	0.00559	0.00169	0.00607	0.00554	0.00491	0.04627
10	0.00737	0.00545	0.00697	0.00803	0.00860	0.00532	0.00546	0.00964	0.07715	0.01494	0.02982	0.73246	0.03488	0.01648	0.00694	0.00222	0.00332	0.01490	0.00518	0.00488
11	0.01340	0.01306	0.02294	0.09091	0.64909	0.01317	0.08195	0.01685	0.01253	0.01776	0.01044	0.01390	0.00863	0.00496	0.00558	0.00168	0.00689	0.00508	0.00273	0.00846
12	0.00885	0.00634	0.00841	0.00989	0.07606	0.00606	0.00623	0.01082	0.04781	0.05579	0.06289	0.45180	0.10778	0.10354	0.00908	0.00244	0.00382	0.01222	0.00489	0.00527
13	0.01399	0.05680	0.05735	0.02668	0.52430	0.05844	0.01485	0.07260	0.01352	0.01846	0.01214	0.08300	0.01102	0.00622	0.00548	0.00167	0.00649	0.00567	0.00313	0.00819
14	0.00675	0.00482	0.00643	0.00771	0.00803	0.00450	0.00514	0.00771	0.01060	0.01414	0.03053	0.80175	0.03663	0.01735	0.00707	0.00225	0.00321	0.01574	0.00514	0.00450
15	0.00687	0.00491	0.00653	0.00763	0.00806	0.00458	0.00515	0.00801	0.01116	0.01502	0.11131	0.71845	0.03834	0.01669	0.00701	0.00219	0.00315	0.01512	0.00525	0.00458
16	0.12680	0.01325	0.01427	0.01122	0.01528	0.01435	0.00918	0.45811	0.06764	0.16609	0.01483	0.01492	0.01055	0.03103	0.00597	0.00181	0.00548	0.00501	0.00545	0.00875
17	0.01760	0.00819	0.01066	0.00892	0.01206	0.00738	0.00724	0.03727	0.03630	0.43493	0.15820	0.03121	0.12299	0.00936	0.00606	0.00182	0.00415	0.07175	0.00627	0.00765
18	0.00757	0.00552	0.00712	0.00699	0.00818	0.00507	0.00514	0.00982	0.01462	0.02037	0.59606	0.16769	0.10015	0.01251	0.00662	0.00183	0.00273	0.01108	0.00587	0.00507
19	0.02206	0.01389	0.01562	0.01197	0.01637	0.01477	0.00989	0.55955	0.02333	0.23152	0.01557	0.01477	0.01056	0.00670	0.00555	0.00168	0.00573	0.00514	0.00589	0.00942
20	0.66649	0.01175	0.00997	0.00846	0.01211	0.01345	0.00698	0.17539	0.01302	0.02702	0.00892	0.00993	0.00674	0.00547	0.00388	0.00170	0.00468	0.00343	0.00388	0.00674
21	0.00675	0.00482	0.00643	0.00771	0.00803	0.00450	0.00514	0.00771	0.01060	0.01414	0.03053	0.80175	0.03663	0.01735	0.00707	0.00225	0.00321	0.01574	0.00514	0.00450
22	0.01881	0.27561	0.01994	0.01274	0.01620	0.54063	0.01031	0.02035	0.01428	0.01339	0.00829	0.00964	0.00713	0.00540	0.00453	0.00135	0.00869	0.00337	0.00270	0.00664
23	0.01085	0.01025	0.01732	0.69991	0.12720	0.01241	0.01558	0.01450	0.01126	0.01463	0.00991	0.01464	0.00755	0.00546	0.00553	0.00182	0.00729	0.00492	0.00250	0.00647
24	0.84448	0.01071	0.00814	0.00728	0.01071	0.01242	0.00600	0.01628	0.00943	0.02485	0.00771	0.00900	0.00600	0.00514	0.00343	0.00171	0.00428	0.00300	0.00343	0.00600
25	0.00835	0.00523	0.00700	0.00790	0.00857	0.00482	0.00541	0.00942	0.01107	0.08160	0.02976	0.73230	0.03460	0.01642	0.00694	0.00220	0.00335	0.01484	0.00529	0.00494
26	0.02021	0.00852	0.01143	0.00921	0.01267	0.00755	0.00743	0.02280	0.03840	0.56338	0.17215	0.06162	0.02267	0.00828	0.00584	0.00175	0.00421	0.00698	0.00658	0.00832
27	0.02485	0.00943	0.01285	0.00985	0.01414	0.00814	0.00814	0.02699	0.01585	0.77465	0.02185	0.01885	0.01371	0.00685	0.00557	0.00171	0.00471	0.00557	0.00685	0.00943
28	0.01889	0.06071	0.01637	0.01354	0.04596	0.26319	0.01039	0.31795	0.14286	0.02395	0.01353	0.01383	0.02121	0.00643	0.00529	0.00160	0.00703	0.00473	0.00440	0.00812
29	0.01242	0.02124	0.49203	0.01396	0.02027	0.01107	0.06387	0.01767	0.02400	0.11298	0.12351	0.01817	0.03119	0.00653	0.00560	0.00176	0.00684	0.00550	0.00359	0.00779
30	0.01456	0.41449	0.19416	0.11105	0.01969	0.07818	0.01272	0.01763	0.01199	0.06574	0.00950	0.01103	0.00757	0.00518	0.00444	0.00145	0.00686	0.00369	0.00272	0.00733
31	0.01418	0.63886	0.12464	0.01151	0.01676	0.02006	0.07662	0.01681	0.01147	0.01402	0.00830	0.00978	0.00721	0.00480	0.00404	0.00132	0.00651	0.00342	0.00240	0.00728
32	0.01186	0.00786	0.04656	0.00916	0.01118	0.00664	0.02328	0.05086	0.01284	0.18187	0.02758	0.46718	0.06539	0.01339	0.00656	0.00206	0.00412	0.04015	0.00535	0.00610
33	0.02922	0.05004	0.09948	0.17583	0.13358	0.01260	0.21962	0.01732	0.04871	0.07456	0.01328	0.01668	0.02845	0.04844	0.00690	0.00196	0.00720	0.00561	0.00320	0.00734
34	0.01344	0.05331	0.07685	0.22607	0.35732	0.01234	0.01482	0.01678	0.01240	0.09406	0.01368	0.01677	0.04393	0.00590	0.00548	0.00172	0.00649	0.01769	0.00319	0.00777
35	0.02050	0.00846	0.01146	0.00912	0.01264	0.00740	0.00740	0.02277	0.01581	0.58248	0.21238	0.02460	0.02355	0.00800	0.00582	0.00172	0.00418	0.00671	0.00666	0.00835
36	0.01459	0.65450	0.13589	0.01064	0.01577	0.06143	0.01112	0.01702	0.01155	0.01371	0.00807	0.00935	0.00710	0.00487	0.00388	0.00128	0.00647	0.00316	0.00239	0.00723
37	0.04006	0.05814	0.19129	0.05144	0.01769	0.01162	0.01160	0.13488	0.02672	0.32937	0.05961	0.01666	0.01291	0.00650	0.00538	0.00170	0.00580	0.00516	0.00498	0.00850
38	0.02042	0.00832	0.01126	0.00927	0.01263	0.00726	0.00738	0.02229	0.01463	0.58889	0.02469	0.18905	0.03989	0.00933	0.00592	0.00183	0.00433	0.00794	0.00644	0.00823
39	0.02366	0.00922	0.01234	0.00955	0.01361	0.00810	0.00786	0.04076	0.01574	0.70197	0.02139	0.01887	0.01366	0.00682	0.00544	0.00168	0.00458	0.00553	0.07012	0.00910
40	0.01380	0.01202	0.01948	0.18449	0.48411	0.01257	0.01508	0.07255	0.01338	0.05705	0.01218	0.05642	0.01028	0.00595	0.00559	0.00172	0.00643	0.00555	0.00324	0.00809
41	0.01147	0.03864	0.49462	0.12681	0.11475	0.01294	0.07457	0.01682	0.01179	0.01699	0.01041	0.02683	0.00792	0.00542	0.00542	0.00176	0.00783	0.00468	0.00249	0.00783
42	0.00692	0.00503	0.00656	0.00768	0.00825	0.00467	0.00534	0.00808	0.01106	0.01456	0.04763	0.65806	0.10706	0.01675	0.00705	0.00223	0.00331	0.07002	0.00516	0.00458
43	0.01111	0.02865	0.77667	0.01579	0.02397	0.01286	0.02046	0.01754	0.01169	0.01754	0.00994	0.01169	0.00702	0.00526	0.00526	0.00175	0.00818	0.00409	0.00234	0.00818
44	0.02051	0.02842	0.06582	0.08089	0.03529	0.03052	0.01035	0.14025	0.08177	0.42076	0.01780	0.01674	0.01188	0.00654	0.00549	0.00171	0.00557	0.00526	0.00556	0.00886
45	0.01645	0.00753	0.00993	0.00855	0.01118	0.00680	0.00665	0.01886	0.03725	0.39532	0.17453	0.17032	0.02607	0.02604	0.00641	0.00187	0.00388	0.00842	0.05669	0.00725
46	0.65227	0.01029	0.00910	0.00782	0.01134	0.01134	0.00642	0.01829	0.01071	0.18121	0.01071	0.01125	0.00770	0.00585	0.00433	0.02264	0.00439	0.00358	0.00412	0.00662

[dist]
# distance from previous block
# <min> <max>
5	34

[block]
# block no. 1 follows, 43 sequences, length 34
# corresponding to MSA columns:
# 438-464,466-472
name=unknown_B
#
# <colnr> <probs for GDERKNQSTAVLIFYWHMCP>
#	G	D	E	R	K	N	Q	S	T	A	V	L	I	F	Y	W	H	M	C	P
0	0.06802	0.08276	0.06533	0.09046	0.09439	0.05292	0.01040	0.09806	0.05027	0.13352	0.10106	0.01767	0.02654	0.00652	0.00519	0.00160	0.00553	0.00527	0.02329	0.06121
1	0.06116	0.56083	0.02372	0.00973	0.01388	0.03335	0.00909	0.07021	0.06065	0.01608	0.01215	0.01293	0.05632	0.00587	0.00457	0.00139	0.03395	0.00396	0.00306	0.00711
2	0.00817	0.00684	0.00826	0.00887	0.00980	0.05468	0.03271	0.00958	0.01156	0.01479	0.04557	0.55321	0.08485	0.01551	0.00695	0.00219	0.00408	0.11262	0.00493	0.00484
3	0.01542	0.68225	0.08185	0.00997	0.01492	0.02005	0.01016	0.01756	0.01169	0.07992	0.00910	0.00996	0.00768	0.00496	0.00385	0.00127	0.00598	0.00327	0.00276	0.00739
4	0.01265	0.01239	0.02127	0.08531	0.50352	0.02836	0.11518	0.01583	0.01237	0.01716	0.01297	0.11282	0.01208	0.00652	0.00582	0.00176	0.00666	0.00648	0.00303	0.00781
5	0.00675	0.00482	0.00643	0.00771	0.00803	0.00450	0.00514	0.00771	0.01060	0.01414	0.03053	0.80175	0.03663	0.01735	0.00707	0.00225	0.00321	0.01574	0.00514	0.00450
6	0.07425	0.06549	0.02940	0.02042	0.02573	0.01403	0.60159	0.01815	0.01287	0.06613	0.01140	0.01437	0.00848	0.00485	0.00606	0.00180	0.00846	0.00599	0.00308	0.00746
7	0.84448	0.01071	0.00814	0.00728	0.01071	0.01242	0.00600	0.01628	0.00943	0.02485	0.00771	0.00900	0.00600	0.00514	0.00343	0.00171	0.00428	0.00300	0.00343	0.00600
8	0.01158	0.01093	0.01787	0.52195	0.15232	0.01273	0.05469	0.01688	0.11354	0.01621	0.01174	0.01541	0.00896	0.00566	0.00560	0.00182	0.00695	0.00519	0.00296	0.00700
9	0.00962	0.00481	0.00722	0.00722	0.00722	0.00481	0.00481	0.00722	0.00722	0.00962	0.00962	0.01684	0.00962	0.01924	0.02165	0.83886	0.00481	0.00481	0.00241	0.00241
10	0.01208	0.01150	0.01954	0.41367	0.40385	0.01273	0.01619	0.01557	0.01184	0.01612	0.01013	0.01424	0.00808	0.00524	0.00551	0.00175	0.00698	0.00493	0.00260	0.00746
11	0.00675	0.00482	0.00643	0.00771	0.00803	0.00450	0.00514	0.00771	0.01060	0.01414	0.03053	0.80175	0.03663	0.01735	0.00707	0.00225	0.00321	0.01574	0.00514	0.00450
12	0.00684	0.00546	0.00613	0.00630	0.00775	0.00475	0.00460	0.00840	0.01283	0.01625	0.19358	0.19933	0.47997	0.01414	0.00665	0.00192	0.00285	0.01216	0.00533	0.00475
13	0.00793	0.00586	0.00854	0.00854	0.00940	0.00673	0.00647	0.00966	0.00879	0.01259	0.01517	0.02360	0.01464	0.13862	0.68743	0.00845	0.01363	0.00620	0.00302	0.00474
14	0.02061	0.01529	0.01637	0.01265	0.01701	0.01697	0.01042	0.70822	0.07089	0.03419	0.01386	0.01375	0.00988	0.00670	0.00555	0.00168	0.00599	0.00506	0.00555	0.00938
15	0.02105	0.01551	0.01662	0.01274	0.01717	0.01717	0.01053	0.75235	0.02604	0.03490	0.01330	0.01330	0.00942	0.00665	0.00554	0.00166	0.00609	0.00499	0.00554	0.00942
16	0.29353	0.00985	0.01131	0.00901	0.01301	0.00954	0.00744	0.02348	0.01374	0.52886	0.01721	0.01562	0.01118	0.00629	0.00487	0.00171	0.00457	0.00473	0.00573	0.00830
17	0.00805	0.00537	0.00604	0.00604	0.00604	0.00537	0.00336	0.00805	0.00805	0.01074	0.01745	0.03624	0.02013	0.80536	0.02819	0.00537	0.00537	0.00805	0.00336	0.00336
18	0.07587	0.01591	0.01546	0.01223	0.01636	0.12005	0.00995	0.51320	0.02225	0.12421	0.01336	0.01326	0.00942	0.00645	0.00533	0.00164	0.00633	0.00473	0.00520	0.00879
19	0.04921	0.01492	0.01591	0.01237	0.01666	0.01654	0.01018	0.65283	0.08404	0.04998	0.01403	0.01386	0.00999	0.00667	0.00548	0.00168	0.00586	0.00503	0.00550	0.00925
20	0.28386	0.01013	0.01383	0.53479	0.02915	0.01234	0.01230	0.01485	0.01053	0.01766	0.00914	0.01287	0.00693	0.00541	0.00485	0.00180	0.00637	0.00429	0.00278	0.00610
21	0.01739	0.01341	0.01434	0.01187	0.01562	0.01507	0.00952	0.34866	0.40952	0.05532	0.01843	0.01734	0.01348	0.00711	0.00559	0.00178	0.00515	0.00567	0.00564	0.00908
22	0.00682	0.00489	0.00659	0.00779	0.00816	0.00466	0.00526	0.00786	0.01049	0.01405	0.02949	0.75022	0.03512	0.01895	0.05835	0.00269	0.00398	0.01510	0.00500	0.00453
23	0.84448	0.01071	0.00814	0.00728	0.01071	0.01242	0.00600	0.01628	0.00943	0.02485	0.00771	0.00900	0.00600	0.00514	0.00343	0.00171	0.00428	0.00300	0.00343	0.00600
24	0.84448	0.01071	0.00814	0.00728	0.01071	0.01242	0.00600	0.01628	0.00943	0.02485	0.00771	0.00900	0.00600	0.00514	0.00343	0.00171	0.00428	0.00300	0.00343	0.00600
25	0.01778	0.01540	0.06405	0.17009	0.02257	0.03442	0.06100	0.49298	0.02105	0.02802	0.01214	0.01352	0.00874	0.00619	0.00558	0.00171	0.00679	0.00499	0.00448	0.00849
26	0.01046	0.00984	0.01661	0.79205	0.03814	0.01230	0.01538	0.01415	0.01107	0.01415	0.00984	0.01477	0.00738	0.00554	0.00554	0.00185	0.00738	0.00492	0.00246	0.00615
27	0.01148	0.00984	0.01148	0.00820	0.01312	0.00738	0.00656	0.01395	0.01148	0.01805	0.00984	0.01148	0.00820	0.00410	0.00410	0.00082	0.00410	0.00328	0.00328	0.83922
28	0.84448	0.01071	0.00814	0.00728	0.01071	0.01242	0.00600	0.01628	0.00943	0.02485	0.00771	0.00900	0.00600	0.00514	0.00343	0.00171	0.00428	0.00300	0.00343	0.00600
29	0.01089	0.00921	0.01085	0.00814	0.01249	0.00702	0.00638	0.01316	0.01137	0.01756	0.01244	0.11065	0.01177	0.00576	0.00447	0.00100	0.00399	0.00485	0.00351	0.73447
30	0.01364	0.01112	0.01264	0.00923	0.01404	0.00959	0.00746	0.18065	0.01477	0.02185	0.01062	0.01189	0.00848	0.00468	0.00443	0.00101	0.00455	0.00367	0.00379	0.65188
31	0.01303	0.00938	0.01040	0.00933	0.01199	0.00999	0.00718	0.02198	0.40384	0.12303	0.09056	0.04640	0.14812	0.06055	0.00734	0.00208	0.00405	0.00774	0.00560	0.00742
32	0.67871	0.01045	0.00909	0.00780	0.01140	0.01156	0.00643	0.01845	0.01073	0.17650	0.01057	0.01099	0.00756	0.00549	0.00386	0.00171	0.00437	0.00352	0.00412	0.00669
33	0.01073	0.00957	0.01520	0.63483	0.03255	0.01162	0.01354	0.06093	0.01179	0.01524	0.01193	0.06632	0.01030	0.06439	0.00728	0.00212	0.00689	0.00584	0.00290	0.00605

[dist]
# distance from previous block
# <min> <max>
0	1

[block]
# block no. 2 follows, 43 sequences, length 32
# corresponding to MSA columns:
# 474-505
name=unknown_C
#
# <colnr> <probs for GDERKNQSTAVLIFYWHMCP>
#	G	D	E	R	K	N	Q	S	T	A	V	L	I	F	Y	W	H	M	C	P
0	0.11456	0.00648	0.00730	0.00753	0.00875	0.00650	0.00535	0.05678	0.01202	0.01758	0.11715	0.41556	0.10355	0.08508	0.00829	0.00233	0.00362	0.01165	0.00490	0.00501
1	0.01148	0.00984	0.01148	0.00820	0.01312	0.00738	0.00656	0.01395	0.01148	0.01805	0.00984	0.01148	0.00820	0.00410	0.00410	0.00082	0.00410	0.00328	0.00328	0.83922
2	0.00758	0.00598	0.00667	0.00679	0.00813	0.00561	0.00483	0.01014	0.07940	0.01583	0.12549	0.20859	0.36391	0.11461	0.00933	0.00238	0.00334	0.01142	0.00507	0.00490
3	0.01300	0.01087	0.01161	0.01036	0.01326	0.01220	0.00807	0.08386	0.54352	0.02326	0.11507	0.02551	0.08833	0.00849	0.00582	0.00184	0.00417	0.00710	0.00564	0.00802
4	0.00675	0.00482	0.00643	0.00771	0.00803	0.00450	0.00514	0.00771	0.01060	0.01414	0.03053	0.80175	0.03663	0.01735	0.00707	0.00225	0.00321	0.01574	0.00514	0.00450
5	0.82198	0.01119	0.02889	0.00751	0.01107	0.01244	0.00639	0.01631	0.00949	0.02465	0.00777	0.00907	0.00603	0.00514	0.00348	0.00171	0.00439	0.00303	0.00340	0.00606
6	0.01358	0.01498	0.03165	0.02267	0.02819	0.01421	0.70340	0.06469	0.01390	0.01884	0.01134	0.01483	0.00847	0.00480	0.00647	0.00185	0.00913	0.00644	0.00298	0.00759
7	0.00768	0.00566	0.00719	0.00680	0.00818	0.00516	0.00510	0.01015	0.01531	0.02133	0.68171	0.04281	0.13899	0.01165	0.00653	0.00176	0.00264	0.01022	0.00598	0.00516
8	0.00795	0.00561	0.00734	0.00738	0.00783	0.00605	0.00502	0.00888	0.00851	0.01179	0.01662	0.05027	0.01773	0.43873	0.36919	0.00688	0.00959	0.00730	0.00323	0.00411
9	0.01307	0.01494	0.03268	0.02334	0.02894	0.01401	0.75070	0.01774	0.01307	0.01774	0.01120	0.01494	0.00840	0.00467	0.00654	0.00187	0.00934	0.00654	0.00280	0.00747
10	0.01068	0.11064	0.01604	0.52642	0.02862	0.01203	0.01236	0.01390	0.01170	0.01557	0.10210	0.01777	0.01340	0.00622	0.00525	0.00170	0.00619	0.00531	0.07803	0.00607
11	0.00655	0.00561	0.00561	0.00561	0.00748	0.00468	0.00421	0.00795	0.01262	0.01496	0.05610	0.05330	0.76857	0.01403	0.00655	0.00187	0.00281	0.01169	0.00514	0.00468
12	0.01560	0.70770	0.02744	0.00989	0.01459	0.02131	0.00961	0.11027	0.01314	0.01582	0.00841	0.00945	0.00740	0.00498	0.00381	0.00125	0.00594	0.00322	0.00277	0.00740
13	0.00926	0.00750	0.00868	0.00761	0.01008	0.00689	0.00584	0.01361	0.12986	0.01996	0.34289	0.03434	0.18756	0.00977	0.00588	0.00160	0.00324	0.00836	0.00523	0.18181
14	0.01110	0.10993	0.01547	0.01108	0.01356	0.00926	0.16319	0.01310	0.01190	0.08739	0.09044	0.26302	0.04705	0.11715	0.00913	0.00234	0.00521	0.00951	0.00431	0.00585
15	0.11818	0.01396	0.01488	0.11112	0.01860	0.04077	0.01031	0.42394	0.14487	0.02837	0.01357	0.01409	0.00992	0.00644	0.00528	0.00172	0.00588	0.00490	0.00482	0.00838
16	0.01689	0.01270	0.01882	0.09414	0.41582	0.03324	0.01385	0.11283	0.02721	0.17963	0.01330	0.01485	0.00986	0.00568	0.00550	0.00168	0.00625	0.00506	0.00399	0.00869
17	0.01336	0.46677	0.19322	0.10785	0.08748	0.01795	0.01331	0.01654	0.01145	0.01463	0.00870	0.01066	0.00727	0.00497	0.00435	0.00143	0.00666	0.00363	0.00241	0.00738
18	0.00749	0.00513	0.00621	0.00677	0.00690	0.00499	0.00413	0.00791	0.00916	0.01221	0.02312	0.36819	0.02729	0.46366	0.01903	0.00402	0.00443	0.01139	0.00413	0.00385
19	0.01481	0.80869	0.02902	0.00948	0.01421	0.02191	0.00948	0.01658	0.01125	0.01303	0.00770	0.00888	0.00711	0.00474	0.00355	0.00118	0.00592	0.00296	0.00237	0.00711
20	0.02069	0.02640	0.01569	0.01427	0.01712	0.78313	0.01070	0.02212	0.01569	0.01355	0.00856	0.00999	0.00713	0.00571	0.00499	0.00143	0.00999	0.00357	0.00285	0.00642
21	0.00671	0.00562	0.00584	0.00578	0.00758	0.00475	0.00434	0.00827	0.01301	0.01588	0.14674	0.05178	0.67736	0.01368	0.00654	0.00185	0.00278	0.01148	0.00526	0.00475
22	0.01014	0.00617	0.00814	0.00736	0.00907	0.00562	0.00562	0.01269	0.01570	0.12420	0.66677	0.03832	0.04703	0.01072	0.00640	0.00174	0.00290	0.00941	0.00620	0.00579
23	0.01206	0.22835	0.58526	0.01417	0.02147	0.01518	0.01765	0.01729	0.01158	0.01638	0.00937	0.01097	0.00704	0.00513	0.00482	0.00161	0.00761	0.00380	0.00235	0.00791
24	0.00700	0.00501	0.00643	0.00733	0.00779	0.00468	0.00488	0.00803	0.01089	0.01455	0.10174	0.59600	0.07465	0.11201	0.00955	0.00256	0.00339	0.01404	0.00502	0.00444
25	0.01030	0.01608	0.28897	0.08801	0.02046	0.01043	0.16607	0.01402	0.01092	0.01526	0.01391	0.08997	0.01327	0.20501	0.01141	0.00273	0.00720	0.00671	0.00295	0.00631
26	0.00923	0.00557	0.00721	0.00757	0.00847	0.00515	0.00521	0.01037	0.01141	0.10651	0.09854	0.49161	0.05959	0.13449	0.01001	0.00259	0.00365	0.01266	0.00517	0.00500
27	0.49701	0.01058	0.01059	0.10814	0.01514	0.01189	0.00788	0.09586	0.01227	0.11467	0.01175	0.06205	0.00943	0.00634	0.00442	0.00176	0.00486	0.00458	0.00406	0.00670
28	0.01749	0.00830	0.01108	0.00948	0.01239	0.00797	0.00752	0.02088	0.09176	0.42376	0.03572	0.11490	0.01759	0.01582	0.17493	0.00336	0.00666	0.00704	0.00566	0.00770
29	0.08778	0.01064	0.01184	0.00870	0.01342	0.00908	0.00702	0.10818	0.01315	0.02081	0.01009	0.01149	0.00816	0.00452	0.00422	0.00101	0.00437	0.00347	0.00358	0.65846
30	0.00993	0.00612	0.00814	0.00786	0.00872	0.00609	0.00549	0.01057	0.09928	0.01260	0.01387	0.11676	0.01381	0.01622	0.01627	0.55546	0.00449	0.00624	0.00322	0.07886
31	0.01261	0.00918	0.01105	0.00835	0.01264	0.00713	0.00659	0.01485	0.01193	0.11391	0.01388	0.10811	0.01235	0.00606	0.00465	0.00111	0.00407	0.00508	0.00396	0.63249

[dist]
# distance from previous block
# <min> <max>
1	70

[block]
# block no. 3 follows, 43 sequences, length 16
# corresponding to MSA columns:
# 577-592
name=unknown_D
#
# <colnr> <probs for GDERKNQSTAVLIFYWHMCP>
#	G	D	E	R	K	N	Q	S	T	A	V	L	I	F	Y	W	H	M	C	P
0	0.13223	0.01048	0.03421	0.00851	0.01324	0.00836	0.00710	0.01605	0.01175	0.11567	0.01108	0.01208	0.00856	0.00464	0.00423	0.00109	0.00433	0.00356	0.00373	0.58912
1	0.01506	0.01115	0.01375	0.01034	0.01491	0.01008	0.05031	0.12345	0.10999	0.12440	0.01368	0.01412	0.01025	0.00531	0.00484	0.00126	0.00481	0.00440	0.00437	0.45353
2	0.01014	0.00728	0.00899	0.00771	0.01037	0.00605	0.00586	0.01227	0.01300	0.07497	0.25285	0.18253	0.06762	0.00973	0.00569	0.00152	0.00344	0.00849	0.00489	0.30660
3	0.08885	0.02214	0.50031	0.01359	0.02014	0.01226	0.01590	0.02030	0.10779	0.12712	0.01305	0.01362	0.00914	0.00577	0.00519	0.00176	0.00685	0.00448	0.00350	0.00824
4	0.01597	0.00741	0.00996	0.00842	0.01109	0.00658	0.00663	0.01822	0.01535	0.38527	0.34715	0.09248	0.03235	0.00965	0.00611	0.00177	0.00368	0.00833	0.00639	0.00720
5	0.01260	0.01129	0.01387	0.19381	0.01979	0.01361	0.01062	0.02326	0.47059	0.01960	0.01848	0.01903	0.03262	0.00750	0.00724	0.00194	0.10608	0.00591	0.00447	0.00771
6	0.02062	0.00835	0.01135	0.00935	0.01271	0.00729	0.00744	0.02249	0.01463	0.59712	0.02387	0.20161	0.01906	0.00930	0.00592	0.00184	0.00436	0.00794	0.00645	0.00828
7	0.01509	0.01245	0.01316	0.01138	0.01475	0.01418	0.00898	0.18643	0.57256	0.02542	0.02177	0.02027	0.04326	0.00757	0.00565	0.00183	0.00470	0.00619	0.00560	0.00876
8	0.00675	0.00482	0.00643	0.00771	0.00803	0.00450	0.00514	0.00771	0.01060	0.01414	0.03053	0.80175	0.03663	0.01735	0.00707	0.00225	0.00321	0.01574	0.00514	0.00450
9	0.09557	0.01008	0.01419	0.12449	0.11393	0.00976	0.01011	0.02291	0.01417	0.50143	0.01739	0.01672	0.01148	0.00627	0.00536	0.00172	0.00529	0.00516	0.00539	0.00856
10	0.01212	0.01212	0.01696	0.01454	0.01454	0.01696	0.01212	0.01333	0.00848	0.01333	0.00727	0.01212	0.00727	0.00969	0.01818	0.00242	0.79523	0.00485	0.00242	0.00606
11	0.01477	0.12695	0.02120	0.02447	0.45654	0.01499	0.01389	0.10884	0.12670	0.02019	0.01221	0.01401	0.00984	0.00550	0.00524	0.00162	0.00610	0.00486	0.00347	0.00861
12	0.00803	0.00545	0.00645	0.00645	0.00659	0.00559	0.00387	0.00832	0.00817	0.01104	0.01708	0.03417	0.01924	0.69620	0.13612	0.00587	0.00672	0.00775	0.00330	0.00358
13	0.01246	0.02650	0.65648	0.01595	0.04596	0.01342	0.01909	0.11140	0.01355	0.01977	0.01038	0.01196	0.00738	0.00543	0.00530	0.00174	0.00787	0.00423	0.00276	0.00836
14	0.00719	0.00524	0.00677	0.00723	0.00809	0.00482	0.00510	0.00888	0.01291	0.01760	0.34312	0.42033	0.10309	0.01454	0.00680	0.00200	0.00293	0.01300	0.00554	0.00482
15	0.00781	0.00626	0.00682	0.00705	0.02890	0.00557	0.00505	0.01014	0.05784	0.03989	0.06664	0.10428	0.60737	0.01334	0.00647	0.00188	0.00309	0.01124	0.00518	0.00519

[dist]
# distance from previous block
# <min> <max>
0	68

[block]
# block no. 4 follows, 43 sequences, length 18
# corresponding to MSA columns:
# 661-678
name=unknown_E
#
# <colnr> <probs for GDERKNQSTAVLIFYWHMCP>
#	G	D	E	R	K	N	Q	S	T	A	V	L	I	F	Y	W	H	M	C	P
0	0.63562	0.01130	0.00990	0.00837	0.01204	0.01270	0.00690	0.12822	0.01259	0.10401	0.01002	0.01066	0.00731	0.00555	0.00397	0.00171	0.00460	0.00356	0.00410	0.00687
1	0.08764	0.01225	0.01332	0.01059	0.01466	0.01277	0.00857	0.28196	0.18118	0.09701	0.01494	0.01489	0.01102	0.00707	0.02499	0.00172	0.00522	0.00480	0.00494	0.19046
2	0.02110	0.01437	0.01468	0.01162	0.01560	0.09884	0.00944	0.41980	0.03666	0.22078	0.01548	0.01501	0.01075	0.00660	0.00537	0.00163	0.00590	0.00502	0.06257	0.00878
3	0.07387	0.01305	0.01683	0.05494	0.31709	0.04085	0.01237	0.08614	0.28462	0.02156	0.01478	0.01577	0.01146	0.00609	0.00538	0.00174	0.00573	0.00523	0.00408	0.00843
4	0.00714	0.00563	0.00643	0.00623	0.00785	0.00493	0.00468	0.00910	0.01403	0.01829	0.38324	0.04782	0.43936	0.01278	0.00654	0.00181	0.00272	0.01092	0.00558	0.00493
5	0.01274	0.01355	0.07805	0.21144	0.54158	0.01294	0.01688	0.01637	0.01218	0.01712	0.01025	0.01380	0.00831	0.00510	0.00548	0.00170	0.00689	0.00487	0.00264	0.00811
6	0.00656	0.00554	0.00568	0.00579	0.00753	0.00466	0.00429	0.00793	0.01245	0.01489	0.05392	0.11716	0.70612	0.01431	0.00659	0.00190	0.00284	0.01203	0.00514	0.00466
7	0.01046	0.02795	0.02867	0.00885	0.01124	0.02726	0.00702	0.01794	0.30213	0.02085	0.30884	0.03313	0.15369	0.00987	0.00605	0.00180	0.00371	0.00838	0.00551	0.00664
8	0.00802	0.00549	0.00667	0.00667	0.00688	0.00571	0.00414	0.00846	0.00824	0.01120	0.01688	0.03307	0.01876	0.63821	0.19346	0.00614	0.00744	0.00759	0.00327	0.00370
9	0.01239	0.09325	0.52731	0.01495	0.02171	0.07177	0.06074	0.01861	0.07598	0.01728	0.01186	0.01324	0.02553	0.00561	0.00523	0.00170	0.00775	0.00446	0.00275	0.00788
10	0.01392	0.09963	0.16648	0.02630	0.48566	0.07970	0.01634	0.01749	0.01256	0.01708	0.00989	0.01251	0.00813	0.00504	0.00520	0.00160	0.00711	0.00445	0.00264	0.00829
11	0.01378	0.01190	0.01252	0.01127	0.01440	0.01378	0.00877	0.02943	0.76081	0.02317	0.02254	0.02066	0.01691	0.00751	0.00564	0.00188	0.00438	0.00626	0.00564	0.00877
12	0.01393	0.01190	0.06976	0.01107	0.01434	0.01193	0.00931	0.06281	0.43717	0.09912	0.01948	0.01963	0.01482	0.01405	0.16162	0.00325	0.00689	0.00589	0.00497	0.00806
13	0.10429	0.00624	0.00749	0.00700	0.00855	0.00606	0.00531	0.01112	0.01496	0.02251	0.68026	0.03764	0.04692	0.01061	0.00617	0.00174	0.00281	0.00921	0.00579	0.00531
14	0.01413	0.01632	0.10872	0.02985	0.60667	0.09286	0.01674	0.01759	0.01282	0.01756	0.01017	0.01309	0.00840	0.00505	0.00541	0.00163	0.00712	0.00470	0.00271	0.00846
15	0.01331	0.00982	0.01119	0.00979	0.01289	0.01001	0.00755	0.02181	0.37306	0.11172	0.02137	0.16759	0.01849	0.00861	0.00559	0.00171	0.00414	0.00737	0.00521	0.17880
16	0.02996	0.01041	0.01259	0.05549	0.07671	0.01108	0.00893	0.08479	0.29690	0.14320	0.10905	0.02439	0.09626	0.00808	0.00576	0.00179	0.00456	0.00679	0.00537	0.00790
17	0.84448	0.01071	0.00814	0.00728	0.01071	0.01242	0.00600	0.01628	0.00943	0.02485	0.00771	0.00900	0.00600	0.00514	0.00343	0.00171	0.00428	0.00300	0.00343	0.00600

[dist]
# distance from previous block
# <min> <max>
0	4

[block]
# block no. 5 follows, 43 sequences, length 53
# corresponding to MSA columns:
# 683-694,699-707,713-726,728-745
name=unknown_F
#
# <colnr> <probs for GDERKNQSTAVLIFYWHMCP>
#	G	D	E	R	K	N	Q	S	T	A	V	L	I	F	Y	W	H	M	C	P
0	0.12078	0.01854	0.01306	0.01173	0.01435	0.41752	0.00885	0.11680	0.03179	0.01763	0.01134	0.06027	0.01026	0.05556	0.00760	0.06179	0.00757	0.00484	0.00348	0.00624
1	0.00697	0.00494	0.00647	0.00753	0.00784	0.00471	0.00497	0.00784	0.01019	0.01363	0.02814	0.66776	0.03351	0.12469	0.04042	0.00293	0.00396	0.01432	0.00481	0.00436
2	0.02102	0.07136	0.01728	0.01229	0.01675	0.01601	0.02700	0.56820	0.02307	0.14985	0.01420	0.01390	0.00991	0.00650	0.00543	0.00164	0.00594	0.00497	0.00546	0.00921
3	0.01349	0.01467	0.03056	0.06885	0.02866	0.01413	0.65341	0.07016	0.01388	0.01875	0.01127	0.01481	0.00841	0.00486	0.00640	0.00185	0.00899	0.00633	0.00298	0.00753
4	0.00676	0.00499	0.00629	0.00728	0.00790	0.00457	0.00494	0.00782	0.01103	0.01440	0.05170	0.63406	0.16784	0.03322	0.00741	0.00224	0.00317	0.01472	0.00513	0.00452
5	0.01148	0.00984	0.01148	0.00820	0.01312	0.00738	0.00656	0.01395	0.01148	0.01805	0.00984	0.01148	0.00820	0.00410	0.00410	0.00082	0.00410	0.00328	0.00328	0.83922
6	0.01308	0.01058	0.01446	0.10439	0.01788	0.00930	0.07833	0.06906	0.01295	0.07478	0.01162	0.03231	0.00932	0.00504	0.00479	0.00121	0.00516	0.00439	0.00361	0.51774
7	0.00726	0.00505	0.00626	0.00701	0.00724	0.00484	0.00442	0.00785	0.00965	0.01282	0.02594	0.48585	0.04557	0.32625	0.01534	0.00346	0.00405	0.01264	0.00444	0.00405
8	0.07465	0.18171	0.46878	0.01321	0.01975	0.01443	0.01560	0.01867	0.06536	0.06310	0.01094	0.01200	0.00807	0.00540	0.00483	0.00164	0.00696	0.00403	0.00293	0.00792
9	0.00959	0.00620	0.00764	0.00740	0.00904	0.00569	0.00549	0.01209	0.05121	0.10897	0.27982	0.23639	0.21365	0.01279	0.00651	0.00191	0.00316	0.01117	0.00569	0.00559
10	0.01148	0.00984	0.01148	0.00820	0.01312	0.00738	0.00656	0.01395	0.01148	0.01805	0.00984	0.01148	0.00820	0.00410	0.00410	0.00082	0.00410	0.00328	0.00328	0.83922
11	0.01188	0.01147	0.02021	0.49950	0.06702	0.01277	0.17884	0.05946	0.01251	0.01658	0.01038	0.01450	0.00784	0.00531	0.00569	0.00178	0.00754	0.00520	0.00278	0.04875
12	0.00670	0.00515	0.00609	0.00682	0.00776	0.00459	0.00472	0.00782	0.01137	0.01439	0.04062	0.48007	0.33361	0.03413	0.00734	0.00217	0.00310	0.01392	0.00510	0.00454
13	0.01148	0.00984	0.01148	0.00820	0.01312	0.00738	0.00656	0.01395	0.01148	0.01805	0.00984	0.01148	0.00820	0.00410	0.00410	0.00082	0.00410	0.00328	0.00328	0.83922
14	0.01364	0.53111	0.23894	0.01227	0.01804	0.01879	0.06751	0.01694	0.01151	0.01464	0.00859	0.01012	0.00718	0.00488	0.00425	0.00139	0.00681	0.00354	0.00239	0.00744
15	0.05260	0.01154	0.01491	0.01161	0.01518	0.05919	0.11650	0.13582	0.01508	0.26584	0.02927	0.01959	0.01305	0.15378	0.00969	0.00233	0.00597	0.00578	0.00478	0.05750
16	0.06917	0.00539	0.00646	0.00728	0.00775	0.00529	0.00478	0.00843	0.00990	0.01412	0.02570	0.55948	0.03041	0.20533	0.01186	0.00296	0.00381	0.01296	0.00459	0.00434
17	0.01143	0.01063	0.01776	0.67920	0.03593	0.01279	0.06770	0.06914	0.01233	0.01595	0.01020	0.01467	0.00761	0.00556	0.00561	0.00183	0.00743	0.00504	0.00271	0.00649
18	0.07361	0.01028	0.01240	0.00908	0.01379	0.00843	0.04416	0.04514	0.01200	0.01915	0.01039	0.03016	0.00877	0.00463	0.00430	0.00101	0.00444	0.00379	0.00341	0.68106
19	0.01496	0.01253	0.01357	0.01015	0.01480	0.06741	0.02539	0.19122	0.01546	0.04827	0.01103	0.01215	0.00861	0.00494	0.00462	0.00112	0.00516	0.00387	0.00390	0.53086
20	0.01795	0.02882	0.01671	0.06188	0.11688	0.01537	0.01116	0.50204	0.06314	0.02944	0.06906	0.01585	0.01276	0.00671	0.00557	0.00168	0.00588	0.00538	0.00497	0.00875
21	0.01865	0.09991	0.01656	0.06891	0.01768	0.54965	0.01046	0.07430	0.01524	0.01496	0.00945	0.01205	0.00810	0.05375	0.00633	0.00169	0.00884	0.00398	0.00301	0.00651
22	0.01204	0.01006	0.01257	0.15411	0.04345	0.01073	0.00924	0.06818	0.25990	0.01915	0.01701	0.11978	0.01486	0.00835	0.00646	0.05207	0.00494	0.00648	0.00424	0.16636
23	0.59060	0.01045	0.01072	0.24617	0.01906	0.01239	0.00885	0.01563	0.00993	0.02159	0.00836	0.01075	0.00642	0.00526	0.00407	0.00175	0.00523	0.00358	0.00313	0.00604
24	0.06123	0.01437	0.01500	0.01204	0.01600	0.04756	0.00989	0.52257	0.08755	0.07563	0.01533	0.01757	0.01173	0.00726	0.00558	0.00174	0.00586	0.05899	0.00538	0.00874
25	0.65882	0.01063	0.00934	0.00796	0.01159	0.01177	0.00656	0.04366	0.01123	0.16913	0.01062	0.01104	0.00760	0.00552	0.00391	0.00171	0.00443	0.00356	0.00416	0.00677
26	0.01345	0.21367	0.41065	0.06909	0.02111	0.01501	0.01549	0.05538	0.05756	0.06299	0.01103	0.01228	0.00818	0.00546	0.00492	0.00162	0.00704	0.00414	0.00299	0.00795
27	0.00805	0.00537	0.00604	0.00604	0.00604	0.00537	0.00336	0.00805	0.00805	0.01074	0.01745	0.03624	0.02013	0.80536	0.02819	0.00537	0.00537	0.00805	0.00336	0.00336
28	0.01207	0.23207	0.58170	0.01414	0.02143	0.01522	0.01760	0.01729	0.01158	0.01636	0.00935	0.01096	0.00704	0.00513	0.00482	0.00161	0.00760	0.00380	0.00235	0.00790
29	0.00855	0.00644	0.00800	0.00748	0.00902	0.00628	0.00565	0.01276	0.10841	0.02218	0.66078	0.03903	0.06224	0.01090	0.00642	0.00176	0.00284	0.00958	0.00602	0.00566
30	0.01321	0.01130	0.01203	0.01086	0.01381	0.01296	0.00843	0.02761	0.68946	0.02308	0.09391	0.02265	0.02029	0.00788	0.00572	0.00187	0.00421	0.00662	0.00568	0.00843
31	0.00793	0.00588	0.00862	0.00862	0.00951	0.00677	0.00657	0.00971	0.00882	0.01265	0.01509	0.02318	0.01446	0.11664	0.70916	0.00855	0.01390	0.00614	0.00301	0.00479
32	0.00693	0.00509	0.00652	0.00736	0.00807	0.00467	0.00511	0.00824	0.01170	0.01553	0.14637	0.56606	0.14044	0.01593	0.00693	0.00213	0.00311	0.02988	0.00529	0.00465
33	0.01481	0.80869	0.02902	0.00948	0.01421	0.02191	0.00948	0.01658	0.01125	0.01303	0.00770	0.00888	0.00711	0.00474	0.00355	0.00118	0.00592	0.00296	0.00237	0.00711
34	0.04275	0.08398	0.19820	0.01375	0.06307	0.04208	0.01256	0.26812	0.01753	0.18471	0.01334	0.01351	0.00934	0.00602	0.00523	0.00165	0.00640	0.00461	0.00446	0.00868
35	0.01498	0.58679	0.02605	0.01102	0.01544	0.05968	0.06265	0.06139	0.03904	0.01528	0.01016	0.01328	0.00918	0.00563	0.00428	0.00138	0.00629	0.04742	0.00290	0.00717
36	0.01083	0.00870	0.00985	0.00967	0.01158	0.00953	0.00748	0.01907	0.36895	0.01854	0.02542	0.09467	0.05422	0.13726	0.00986	0.00263	0.00456	0.18561	0.00508	0.00651
37	0.01046	0.00984	0.01661	0.79205	0.03814	0.01230	0.01538	0.01415	0.01107	0.01415	0.00984	0.01477	0.00738	0.00554	0.00554	0.00185	0.00738	0.00492	0.00246	0.00615
38	0.00678	0.00562	0.00593	0.00586	0.00762	0.00477	0.00439	0.00840	0.01318	0.01627	0.18478	0.05114	0.63907	0.01354	0.00654	0.00185	0.00277	0.01139	0.00532	0.00477
39	0.01468	0.01235	0.01303	0.01145	0.01475	0.01420	0.00899	0.11946	0.66930	0.02463	0.02139	0.01975	0.01597	0.00741	0.00562	0.00185	0.00460	0.00610	0.00562	0.00885
40	0.01046	0.00984	0.01661	0.79205	0.03814	0.01230	0.01538	0.01415	0.01107	0.01415	0.00984	0.01477	0.00738	0.00554	0.00554	0.00185	0.00738	0.00492	0.00246	0.00615
41	0.84448	0.01071	0.00814	0.00728	0.01071	0.01242	0.00600	0.01628	0.00943	0.02485	0.00771	0.00900	0.00600	0.00514	0.00343	0.00171	0.00428	0.00300	0.00343	0.00600
42	0.01481	0.80869	0.02902	0.00948	0.01421	0.02191	0.00948	0.01658	0.01125	0.01303	0.00770	0.00888	0.00711	0.00474	0.00355	0.00118	0.00592	0.00296	0.00237	0.00711
43	0.01057	0.00996	0.01681	0.76598	0.06335	0.01233	0.01544	0.01425	0.01113	0.01429	0.00986	0.01473	0.00743	0.00552	0.00554	0.00184	0.00736	0.00492	0.00247	0.00624
44	0.75899	0.04464	0.00937	0.00763	0.01113	0.02937	0.00633	0.01685	0.00989	0.05397	0.00829	0.00941	0.00638	0.00520	0.00355	0.00169	0.00449	0.00311	0.00351	0.00619
45	0.01111	0.02865	0.77667	0.01579	0.02397	0.01286	0.02046	0.01754	0.01169	0.01754	0.00994	0.01169	0.00702	0.00526	0.00526	0.00175	0.00818	0.00409	0.00234	0.00818
46	0.00675	0.00482	0.00643	0.00771	0.00803	0.00450	0.00514	0.00771	0.01060	0.01414	0.03053	0.80175	0.03663	0.01735	0.00707	0.00225	0.00321	0.01574	0.00514	0.00450
47	0.01046	0.00984	0.01661	0.79205	0.03814	0.01230	0.01538	0.01415	0.01107	0.01415	0.00984	0.01477	0.00738	0.00554	0.00554	0.00185	0.00738	0.00492	0.00246	0.00615
48	0.00765	0.00565	0.00715	0.00677	0.00816	0.00515	0.00508	0.01009	0.01524	0.02117	0.66588	0.04308	0.15491	0.01171	0.00653	0.00176	0.00264	0.01026	0.00596	0.00515
49	0.00804	0.00544	0.00638	0.00638	0.00650	0.00556	0.00378	0.00827	0.00816	0.01099	0.01714	0.03450	0.01938	0.71346	0.11906	0.00579	0.00651	0.00780	0.00331	0.00355
50	0.00779	0.00561	0.00739	0.00729	0.00847	0.00522	0.00548	0.01020	0.01486	0.02083	0.62626	0.13437	0.04892	0.01233	0.00668	0.00186	0.00286	0.06254	0.00591	0.00513
51	0.00835	0.00744	0.01008	0.14411	0.12406	0.00725	0.00805	0.01051	0.01258	0.01581	0.09343	0.04008	0.47564	0.01105	0.00622	0.00182	0.00412	0.00943	0.00440	0.00556
52	0.07862	0.10810	0.01554	0.01065	0.01466	0.01406	0.00892	0.34162	0.05430	0.19857	0.07065	0.01630	0.01350	0.00674	0.00520	0.00163	0.00522	0.00517	0.02208	0.00847

[dist]
# distance from previous block
# <min> <max>
0	29

# created by:
# /st0/software/busco_prod/Augustus/scripts/msa2prfl.pl ./align_prep/175963.fa
