[name]
unknown

[dist]
# distance from previous block
# <min> <max>
0	42

[block]
# block no. 0 follows, 52 sequences, length 100
# corresponding to MSA columns:
# 42-141
name=unknown_A
#
# <colnr> <probs for GDERKNQSTAVLIFYWHMCP>
#	G	D	E	R	K	N	Q	S	T	A	V	L	I	F	Y	W	H	M	C	P
0	0.00781	0.00558	0.00781	0.00892	0.01004	0.00558	0.00781	0.01004	0.01116	0.01450	0.02566	0.05466	0.02789	0.01339	0.00669	0.00223	0.00446	0.76685	0.00446	0.00446
1	0.01234	0.01042	0.01102	0.00986	0.01263	0.01200	0.00768	0.03726	0.76379	0.03575	0.01959	0.01795	0.01464	0.00655	0.00493	0.00164	0.00386	0.00545	0.00495	0.00769
2	0.01221	0.01023	0.01077	0.00962	0.01232	0.01177	0.00750	0.06497	0.70464	0.02069	0.01907	0.01774	0.01431	0.00648	0.00484	0.00160	0.00382	0.00536	0.05453	0.00752
3	0.00587	0.00475	0.00522	0.00546	0.00672	0.00410	0.00396	0.00710	0.01086	0.01348	0.10980	0.23304	0.54721	0.01276	0.00584	0.00171	0.00253	0.01095	0.00457	0.00410
4	0.00990	0.00901	0.01454	0.75325	0.03190	0.01111	0.01312	0.07429	0.01074	0.01384	0.00886	0.01282	0.00660	0.00492	0.00485	0.00160	0.00637	0.00431	0.00237	0.00561
5	0.00956	0.00890	0.01438	0.62176	0.10528	0.01021	0.01246	0.01260	0.00987	0.01322	0.00866	0.01241	0.00668	0.00461	0.00466	0.00147	0.00597	0.00410	0.00228	0.13092
6	0.00705	0.00470	0.00529	0.00529	0.00529	0.00470	0.00294	0.00705	0.00705	0.00940	0.01527	0.03171	0.01762	0.82969	0.02467	0.00470	0.00470	0.00705	0.00294	0.00294
7	0.01163	0.00791	0.00825	0.00731	0.00941	0.00866	0.00572	0.15521	0.24485	0.02098	0.01622	0.01691	0.01237	0.00595	0.00411	0.00134	0.00328	0.00478	0.44898	0.00613
8	0.01045	0.00493	0.00526	0.00497	0.00639	0.00481	0.00380	0.01266	0.01057	0.10527	0.01618	0.01789	0.01237	0.00569	0.00355	0.00117	0.00247	0.00456	0.76207	0.00493
9	0.01525	0.25022	0.01713	0.07583	0.01537	0.39634	0.00942	0.01675	0.01161	0.04741	0.00777	0.00936	0.00653	0.00517	0.00535	0.00133	0.09758	0.00327	0.00246	0.00585
10	0.01330	0.77882	0.02462	0.00857	0.01261	0.07174	0.00836	0.01483	0.01010	0.01143	0.00679	0.00784	0.00622	0.00420	0.00319	0.00105	0.00542	0.00263	0.00210	0.00618
11	0.00590	0.00422	0.00562	0.00675	0.00703	0.00394	0.00450	0.00675	0.00928	0.01237	0.02671	0.82653	0.03205	0.01518	0.00619	0.00197	0.00281	0.01378	0.00450	0.00394
12	0.00616	0.00432	0.00555	0.00642	0.00664	0.00411	0.00415	0.00681	0.00878	0.01171	0.02416	0.64945	0.02884	0.19665	0.01030	0.00258	0.00323	0.01228	0.00415	0.00371
13	0.01060	0.00926	0.01504	0.58590	0.07734	0.01087	0.05317	0.02441	0.09079	0.05984	0.01050	0.01359	0.00779	0.00503	0.00490	0.00160	0.00609	0.00454	0.00273	0.00603
14	0.00705	0.00482	0.00585	0.00589	0.00609	0.00499	0.00370	0.00745	0.00732	0.00991	0.01514	0.02993	0.01685	0.64953	0.17790	0.00523	0.00631	0.02986	0.00292	0.00325
15	0.01811	0.01459	0.02987	0.01057	0.01383	0.27062	0.00848	0.13146	0.15192	0.27936	0.01414	0.01341	0.00995	0.00572	0.00471	0.00144	0.00582	0.00431	0.00442	0.00727
16	0.01771	0.06946	0.01472	0.01102	0.01444	0.19335	0.00899	0.44679	0.01819	0.08590	0.01068	0.01103	0.00785	0.00559	0.00507	0.00139	0.04071	0.00396	0.00406	0.02909
17	0.00680	0.00495	0.00640	0.00604	0.00721	0.00455	0.00453	0.00904	0.01359	0.01913	0.76070	0.03670	0.08212	0.01002	0.00572	0.00153	0.00229	0.00883	0.00529	0.00455
18	0.01810	0.02310	0.01373	0.01248	0.01498	0.81024	0.00936	0.01935	0.01373	0.01186	0.00749	0.00874	0.00624	0.00499	0.00437	0.00125	0.00874	0.00312	0.00250	0.00562
19	0.00648	0.00475	0.00599	0.00672	0.00725	0.00460	0.00455	0.00824	0.06142	0.01323	0.08782	0.61607	0.05500	0.08436	0.00764	0.00214	0.00299	0.01213	0.00446	0.00415
20	0.01296	0.83261	0.02539	0.00829	0.01244	0.01917	0.00829	0.01451	0.00985	0.01140	0.00674	0.00777	0.00622	0.00415	0.00311	0.00104	0.00518	0.00259	0.00207	0.00622
21	0.01070	0.00926	0.01300	0.01165	0.03601	0.01207	0.00930	0.01205	0.00864	0.07585	0.06230	0.01508	0.03910	0.01148	0.10192	0.00262	0.55585	0.00492	0.00279	0.00541
22	0.00617	0.00439	0.00574	0.02237	0.00723	0.00421	0.00440	0.00691	0.00889	0.01184	0.02432	0.66946	0.02899	0.15962	0.00944	0.00245	0.00322	0.01240	0.00418	0.00379
23	0.01205	0.01041	0.01096	0.00986	0.01260	0.01205	0.00767	0.02575	0.79071	0.02027	0.01972	0.01808	0.01479	0.00657	0.00493	0.00164	0.00384	0.00548	0.00493	0.00767
24	0.00972	0.02507	0.80458	0.01381	0.02097	0.01125	0.01790	0.01535	0.01023	0.01535	0.00870	0.01023	0.00614	0.00460	0.00460	0.00153	0.00716	0.00358	0.00205	0.00716
25	0.01205	0.01041	0.01096	0.00986	0.01260	0.01205	0.00767	0.02575	0.79071	0.02027	0.01972	0.01808	0.01479	0.00657	0.00493	0.00164	0.00384	0.00548	0.00493	0.00767
26	0.00701	0.00483	0.00593	0.00593	0.00616	0.00505	0.00374	0.00746	0.00724	0.00988	0.01468	0.02843	0.01619	0.62419	0.22822	0.00550	0.00684	0.00657	0.00285	0.00330
27	0.08538	0.02050	0.01319	0.01187	0.01431	0.64527	0.00904	0.04293	0.04170	0.01354	0.00794	0.00921	0.00655	0.00524	0.00497	0.00134	0.05535	0.00327	0.00268	0.00573
28	0.00715	0.00511	0.00705	0.00817	0.00899	0.00501	0.00666	0.00890	0.01050	0.01376	0.02602	0.32281	0.02934	0.01401	0.00652	0.00214	0.00389	0.50522	0.00447	0.00428
29	0.01637	0.01349	0.01429	0.07593	0.01627	0.10830	0.03309	0.47445	0.01816	0.04866	0.01059	0.01139	0.00778	0.00543	0.00502	0.00139	0.03056	0.00410	0.00401	0.10072
30	0.00705	0.00470	0.00529	0.00529	0.00529	0.00470	0.00294	0.00705	0.00705	0.00940	0.01527	0.03171	0.01762	0.82969	0.02467	0.00470	0.00470	0.00705	0.00294	0.00294
31	0.00692	0.00519	0.00779	0.00779	0.00865	0.00606	0.00606	0.00865	0.00779	0.01125	0.01298	0.01904	0.01211	0.03634	0.81049	0.00779	0.01298	0.00519	0.00260	0.00433
32	0.00722	0.00531	0.00766	0.00848	0.00941	0.00518	0.03110	0.00899	0.01047	0.01374	0.02555	0.33937	0.02878	0.01376	0.00647	0.00211	0.00397	0.46367	0.00441	0.00433
33	0.01240	0.01166	0.05462	0.01104	0.01403	0.01254	0.05369	0.09727	0.56634	0.02004	0.01670	0.01615	0.01259	0.00640	0.00583	0.00166	0.07002	0.00518	0.00440	0.00744
34	0.00692	0.00519	0.00779	0.00779	0.00865	0.00606	0.00606	0.00865	0.00779	0.01125	0.01298	0.01904	0.01211	0.03634	0.81049	0.00779	0.01298	0.00519	0.00260	0.00433
35	0.00617	0.00441	0.00593	0.00705	0.00745	0.00416	0.00496	0.00721	0.00954	0.01267	0.02656	0.71913	0.03147	0.01493	0.00626	0.00200	0.00304	0.11856	0.00449	0.00401
36	0.02057	0.00907	0.01160	0.00893	0.01263	0.00841	0.00737	0.15766	0.01535	0.63698	0.01889	0.01674	0.04013	0.00620	0.00490	0.00150	0.00428	0.00498	0.00574	0.00809
37	0.00971	0.00915	0.01514	0.65824	0.10005	0.01098	0.03656	0.01377	0.07258	0.01342	0.00959	0.01326	0.00727	0.00491	0.00487	0.00160	0.00624	0.00444	0.00241	0.00581
38	0.00842	0.00421	0.00631	0.00631	0.00631	0.00421	0.00421	0.00631	0.00631	0.00842	0.00842	0.01473	0.00842	0.01684	0.01894	0.85901	0.00421	0.00421	0.00210	0.00210
39	0.01005	0.00861	0.01005	0.00718	0.01148	0.00646	0.00574	0.01220	0.01005	0.01579	0.00861	0.01005	0.00718	0.00359	0.00359	0.00072	0.00359	0.00287	0.00287	0.85932
40	0.01190	0.56977	0.27901	0.01009	0.01522	0.01660	0.01142	0.01478	0.00997	0.01269	0.00737	0.00857	0.00619	0.00430	0.00360	0.00120	0.00583	0.00291	0.00206	0.00653
41	0.00699	0.00522	0.00779	0.00788	0.00876	0.00602	0.00620	0.00876	0.00806	0.01151	0.01400	0.02190	0.01338	0.03450	0.74594	0.00734	0.01230	0.06636	0.00275	0.00434
42	0.00740	0.00467	0.00515	0.00515	0.00535	0.00467	0.00302	0.00781	0.00761	0.01095	0.01537	0.02926	0.01669	0.68182	0.02085	0.00406	0.00426	0.00659	0.15612	0.00322
43	0.01074	0.01024	0.01482	0.01246	0.01350	0.01298	0.09204	0.06386	0.07201	0.01411	0.01071	0.11422	0.01050	0.00852	0.01197	0.00197	0.51113	0.00571	0.00286	0.00565
44	0.00856	0.00531	0.00679	0.00640	0.00778	0.00498	0.00496	0.01098	0.02542	0.08342	0.54308	0.03343	0.03624	0.00925	0.00540	0.00153	0.00265	0.07567	0.12324	0.00491
45	0.07079	0.00831	0.01101	0.00849	0.01220	0.00734	0.00701	0.02307	0.01354	0.75733	0.01840	0.01599	0.01160	0.00591	0.00476	0.00150	0.00410	0.00474	0.00582	0.00807
46	0.00966	0.01867	0.50225	0.07738	0.04014	0.01043	0.02514	0.01556	0.10801	0.01629	0.11658	0.01502	0.01265	0.00557	0.00484	0.00155	0.00601	0.00463	0.00287	0.00674
47	0.34275	0.07608	0.01117	0.00813	0.01156	0.05569	0.00677	0.07102	0.01200	0.34273	0.01222	0.01172	0.00837	0.00521	0.00398	0.00144	0.00441	0.00370	0.00426	0.00679
48	0.00998	0.00861	0.01041	0.07229	0.01324	0.00681	0.00636	0.01222	0.01002	0.01552	0.00861	0.01028	0.00712	0.00369	0.00369	0.00079	0.00382	0.00299	0.00281	0.79074
49	0.58653	0.06629	0.07318	0.00776	0.01107	0.07258	0.00692	0.04279	0.00983	0.03019	0.04909	0.00987	0.00780	0.00488	0.00348	0.00145	0.00449	0.00315	0.00305	0.00561
50	0.32878	0.06376	0.05873	0.01202	0.10921	0.26833	0.00890	0.03598	0.01110	0.04114	0.00789	0.00919	0.00627	0.00475	0.00403	0.00139	0.01656	0.00318	0.00278	0.00600
51	0.01156	0.07571	0.01728	0.34118	0.05626	0.01131	0.15586	0.03857	0.01102	0.09559	0.05578	0.01412	0.00968	0.00534	0.00567	0.00157	0.06306	0.00475	0.01960	0.00608
52	0.00770	0.00577	0.00661	0.00611	0.00792	0.00513	0.00468	0.04969	0.01227	0.04481	0.23436	0.09067	0.39342	0.01062	0.00554	0.00156	0.00280	0.03242	0.00466	0.07327
53	0.00904	0.00611	0.00898	0.00922	0.01073	0.00598	0.05249	0.01136	0.01127	0.06723	0.02351	0.04677	0.02439	0.01173	0.00625	0.00206	0.00448	0.61067	0.07288	0.00484
54	0.86392	0.00937	0.00712	0.00637	0.00937	0.01087	0.00525	0.01425	0.00825	0.02174	0.00675	0.00787	0.00525	0.00450	0.00300	0.00150	0.00375	0.00262	0.00300	0.00525
55	0.00692	0.00519	0.00779	0.00779	0.00865	0.00606	0.00606	0.00865	0.00779	0.01125	0.01298	0.01904	0.01211	0.03634	0.81049	0.00779	0.01298	0.00519	0.00260	0.00433
56	0.00590	0.00489	0.00517	0.00515	0.00667	0.00416	0.00384	0.00727	0.01137	0.01400	0.15801	0.07370	0.65911	0.01203	0.00574	0.00163	0.00244	0.01014	0.00462	0.00416
57	0.00740	0.00527	0.00725	0.00831	0.00921	0.00521	0.00691	0.00925	0.01058	0.01382	0.02531	0.20242	0.02815	0.05690	0.00755	0.00231	0.00416	0.58132	0.00439	0.00428
58	0.86392	0.00937	0.00712	0.00637	0.00937	0.01087	0.00525	0.01425	0.00825	0.02174	0.00675	0.00787	0.00525	0.00450	0.00300	0.00150	0.00375	0.00262	0.00300	0.00525
59	0.01199	0.01151	0.01967	0.02974	0.79946	0.01151	0.01487	0.01487	0.01103	0.01583	0.00912	0.01199	0.00768	0.00432	0.00480	0.00144	0.00576	0.00432	0.00240	0.00768
60	0.00839	0.00529	0.00697	0.00636	0.00777	0.00484	0.00484	0.01064	0.01373	0.10019	0.71672	0.03417	0.04225	0.00950	0.00563	0.00152	0.00248	0.00836	0.00540	0.00495
61	0.00972	0.02507	0.80458	0.01381	0.02097	0.01125	0.01790	0.01535	0.01023	0.01535	0.00870	0.01023	0.00614	0.00460	0.00460	0.00153	0.00716	0.00358	0.00205	0.00716
62	0.86392	0.00937	0.00712	0.00637	0.00937	0.01087	0.00525	0.01425	0.00825	0.02174	0.00675	0.00787	0.00525	0.00450	0.00300	0.00150	0.00375	0.00262	0.00300	0.00525
63	0.01166	0.09056	0.05994	0.10024	0.06387	0.01273	0.44315	0.07633	0.01180	0.01583	0.01054	0.01320	0.03125	0.00473	0.00553	0.00156	0.03288	0.00509	0.00261	0.00650
64	0.80593	0.03999	0.00800	0.00664	0.00966	0.03650	0.00549	0.01442	0.00848	0.02105	0.00677	0.00790	0.00532	0.00450	0.00305	0.00147	0.00396	0.00264	0.00295	0.00530
65	0.06645	0.04733	0.65187	0.01243	0.01886	0.01093	0.01554	0.01476	0.01011	0.01559	0.00998	0.01132	0.03516	0.00480	0.00443	0.00147	0.00649	0.00369	0.00225	0.05652
66	0.01574	0.01284	0.01343	0.01170	0.05519	0.09122	0.00891	0.50790	0.01838	0.02414	0.01302	0.13184	0.01143	0.00720	0.00564	0.00155	0.05281	0.00562	0.00428	0.00715
67	0.00842	0.00421	0.00631	0.00631	0.00631	0.00421	0.00421	0.00631	0.00631	0.00842	0.00842	0.01473	0.00842	0.01684	0.01894	0.85901	0.00421	0.00421	0.00210	0.00210
68	0.01060	0.01060	0.01484	0.01272	0.01272	0.01484	0.01060	0.01166	0.00742	0.01166	0.00636	0.01060	0.00636	0.00848	0.01590	0.00212	0.82082	0.00424	0.00212	0.00530
69	0.86392	0.00937	0.00712	0.00637	0.00937	0.01087	0.00525	0.01425	0.00825	0.02174	0.00675	0.00787	0.00525	0.00450	0.00300	0.00150	0.00375	0.00262	0.00300	0.00525
70	0.01060	0.01060	0.01484	0.01272	0.01272	0.01484	0.01060	0.01166	0.00742	0.01166	0.00636	0.01060	0.00636	0.00848	0.01590	0.00212	0.82082	0.00424	0.00212	0.00530
71	0.00686	0.00495	0.00648	0.00610	0.00724	0.00457	0.00457	0.00914	0.01372	0.01943	0.79691	0.03620	0.04572	0.00991	0.00572	0.00152	0.00229	0.00876	0.00533	0.00457
72	0.01248	0.01062	0.01120	0.00995	0.01276	0.01225	0.00777	0.07609	0.73968	0.02095	0.01919	0.01765	0.01436	0.00652	0.00493	0.00163	0.00393	0.00540	0.00493	0.00771
73	0.02174	0.00825	0.01125	0.00862	0.01237	0.00712	0.00712	0.02362	0.01387	0.80282	0.01912	0.01649	0.01200	0.00600	0.00487	0.00150	0.00412	0.00487	0.00600	0.00825
74	0.00686	0.00495	0.00648	0.00610	0.00724	0.00457	0.00457	0.00914	0.01372	0.01943	0.79691	0.03620	0.04572	0.00991	0.00572	0.00152	0.00229	0.00876	0.00533	0.00457
75	0.01276	0.01076	0.01135	0.01000	0.01287	0.01238	0.00784	0.10951	0.70580	0.02141	0.01883	0.01737	0.01407	0.00649	0.00492	0.00162	0.00400	0.00536	0.00492	0.00773
76	0.00684	0.00495	0.00645	0.00608	0.00723	0.00456	0.00456	0.00911	0.01367	0.01932	0.78385	0.03638	0.05885	0.00995	0.00572	0.00153	0.00229	0.00879	0.00532	0.00456
77	0.02115	0.03891	0.01203	0.00882	0.01259	0.00821	0.00734	0.08553	0.01445	0.71053	0.01805	0.01578	0.01148	0.00592	0.00481	0.00148	0.00426	0.00475	0.00576	0.00817
78	0.01157	0.00942	0.01078	0.00789	0.01207	0.00794	0.00635	0.13041	0.03487	0.03064	0.00957	0.01063	0.00764	0.00405	0.00384	0.00087	0.00387	0.00321	0.00328	0.69111
79	0.01133	0.05059	0.54688	0.01235	0.01815	0.03599	0.01454	0.06738	0.07423	0.05838	0.05613	0.01266	0.00959	0.00522	0.00466	0.00151	0.00630	0.00411	0.00288	0.00710
80	0.00724	0.00553	0.00784	0.00767	0.00829	0.00648	0.00578	0.00857	0.00761	0.01090	0.01292	0.02096	0.01278	0.19658	0.58575	0.00670	0.07616	0.00550	0.00263	0.00412
81	0.00915	0.00861	0.01453	0.81804	0.03338	0.01077	0.01346	0.01238	0.00969	0.01238	0.00861	0.01292	0.00646	0.00484	0.00484	0.00161	0.00646	0.00431	0.00215	0.00538
82	0.00915	0.00861	0.01453	0.81804	0.03338	0.01077	0.01346	0.01238	0.00969	0.01238	0.00861	0.01292	0.00646	0.00484	0.00484	0.00161	0.00646	0.00431	0.00215	0.00538
83	0.01090	0.01211	0.02600	0.01894	0.02334	0.01137	0.68932	0.01469	0.01130	0.01529	0.01175	0.05886	0.01002	0.00529	0.00581	0.00169	0.00764	0.05672	0.00269	0.00626
84	0.13672	0.01232	0.02241	0.07575	0.15338	0.04106	0.45653	0.01515	0.01086	0.01613	0.00907	0.01196	0.00699	0.00427	0.00505	0.00157	0.00702	0.00483	0.00250	0.00642
85	0.00593	0.00423	0.00564	0.00673	0.00703	0.00395	0.00450	0.00680	0.00938	0.01253	0.04359	0.80920	0.03235	0.01507	0.00618	0.00196	0.00280	0.01367	0.00452	0.00395
86	0.02174	0.00825	0.01125	0.00862	0.01237	0.00712	0.00712	0.02362	0.01387	0.80282	0.01912	0.01649	0.01200	0.00600	0.00487	0.00150	0.00412	0.00487	0.00600	0.00825
87	0.01170	0.01268	0.10587	0.08864	0.53267	0.01138	0.04242	0.06556	0.01168	0.01649	0.02384	0.01362	0.00873	0.00486	0.00489	0.00150	0.00593	0.02763	0.00262	0.00728
88	0.01196	0.01304	0.08266	0.03917	0.62692	0.04082	0.05934	0.01541	0.03490	0.01571	0.00938	0.01200	0.00768	0.00443	0.00482	0.00146	0.00607	0.00433	0.00245	0.00746
89	0.00590	0.00422	0.00562	0.00675	0.00703	0.00394	0.00450	0.00675	0.00928	0.01237	0.02671	0.82653	0.03205	0.01518	0.00619	0.00197	0.00281	0.01378	0.00450	0.00394
90	0.00781	0.00558	0.00781	0.00892	0.01004	0.00558	0.00781	0.01004	0.01116	0.01450	0.02566	0.05466	0.02789	0.01339	0.00669	0.00223	0.00446	0.76685	0.00446	0.00446
91	0.12842	0.07184	0.01475	0.01184	0.01434	0.44830	0.07811	0.01656	0.01149	0.01337	0.00773	0.01003	0.00666	0.03119	0.01766	0.00161	0.10451	0.00354	0.00250	0.00555
92	0.00756	0.00614	0.05922	0.00720	0.00850	0.00483	0.00568	0.00900	0.01026	0.07655	0.05648	0.51136	0.14601	0.01299	0.00592	0.00185	0.00323	0.05815	0.00448	0.00458
93	0.00590	0.00422	0.00562	0.00675	0.00703	0.00394	0.00450	0.00675	0.00928	0.01237	0.02671	0.82653	0.03205	0.01518	0.00619	0.00197	0.00281	0.01378	0.00450	0.00394
94	0.00972	0.02507	0.80458	0.01381	0.02097	0.01125	0.01790	0.01535	0.01023	0.01535	0.00870	0.01023	0.00614	0.00460	0.00460	0.00153	0.00716	0.00358	0.00205	0.00716
95	0.06813	0.37783	0.27473	0.07527	0.01671	0.04160	0.01170	0.01455	0.00986	0.01347	0.00765	0.00933	0.00626	0.00514	0.01870	0.00144	0.03599	0.00318	0.00216	0.00631
96	0.00794	0.00590	0.00633	0.00594	0.00768	0.02259	0.00450	0.01015	0.05724	0.07823	0.21127	0.03900	0.48287	0.03135	0.00606	0.00167	0.00283	0.00896	0.00475	0.00475
97	0.01640	0.01257	0.01341	0.01074	0.01426	0.01408	0.00872	0.54311	0.26627	0.02728	0.01420	0.01368	0.01032	0.00606	0.00487	0.00151	0.00486	0.00472	0.00487	0.00806
98	0.01137	0.48114	0.27431	0.01011	0.01486	0.01552	0.01124	0.01419	0.00991	0.01278	0.00981	0.01098	0.05229	0.00500	0.00442	0.00129	0.04880	0.00344	0.00221	0.00635
99	0.01211	0.07767	0.01923	0.07856	0.60252	0.04272	0.02473	0.01543	0.05219	0.01533	0.00940	0.01193	0.00780	0.00448	0.00467	0.00142	0.00581	0.00421	0.00249	0.00731

[dist]
# distance from previous block
# <min> <max>
0	1

[block]
# block no. 1 follows, 52 sequences, length 22
# corresponding to MSA columns:
# 143-164
name=unknown_B
#
# <colnr> <probs for GDERKNQSTAVLIFYWHMCP>
#	G	D	E	R	K	N	Q	S	T	A	V	L	I	F	Y	W	H	M	C	P
0	0.01204	0.52336	0.02057	0.00939	0.01220	0.05724	0.00859	0.01349	0.00930	0.01146	0.00740	0.00969	0.00691	0.00873	0.09673	0.00204	0.17965	0.00326	0.00216	0.00578
1	0.01358	0.13355	0.01915	0.02282	0.52099	0.13899	0.01265	0.01596	0.01143	0.05334	0.00900	0.01108	0.00745	0.00448	0.00449	0.00135	0.00606	0.00390	0.00254	0.00716
2	0.22717	0.00830	0.00984	0.00783	0.01124	0.00789	0.00645	0.02060	0.01228	0.56574	0.01590	0.01448	0.01037	0.00561	0.00433	0.00148	0.00392	0.00430	0.05497	0.00729
3	0.00694	0.00514	0.00752	0.00752	0.00829	0.00591	0.00572	0.00848	0.00771	0.01105	0.01322	0.02039	0.01270	0.12106	0.72658	0.00746	0.01210	0.00539	0.00263	0.00418
4	0.00705	0.00470	0.00529	0.00529	0.00529	0.00470	0.00294	0.00705	0.00705	0.00940	0.01527	0.03171	0.01762	0.82969	0.02467	0.00470	0.00470	0.00705	0.00294	0.00294
5	0.00686	0.00495	0.00648	0.00610	0.00724	0.00457	0.00457	0.00914	0.01372	0.01943	0.79691	0.03620	0.04572	0.00991	0.00572	0.00152	0.00229	0.00876	0.00533	0.00457
6	0.01296	0.83261	0.02539	0.00829	0.01244	0.01917	0.00829	0.01451	0.00985	0.01140	0.00674	0.00777	0.00622	0.00415	0.00311	0.00104	0.00518	0.00259	0.00207	0.00622
7	0.00590	0.00422	0.00562	0.00675	0.00703	0.00394	0.00450	0.00675	0.00928	0.01237	0.02671	0.82653	0.03205	0.01518	0.00619	0.00197	0.00281	0.01378	0.00450	0.00394
8	0.00705	0.00470	0.00529	0.00529	0.00529	0.00470	0.00294	0.00705	0.00705	0.00940	0.01527	0.03171	0.01762	0.82969	0.02467	0.00470	0.00470	0.00705	0.00294	0.00294
9	0.00686	0.00495	0.00648	0.00610	0.00724	0.00457	0.00457	0.00914	0.01372	0.01943	0.79691	0.03620	0.04572	0.00991	0.00572	0.00152	0.00229	0.00876	0.00533	0.00457
10	0.00915	0.00861	0.01453	0.81804	0.03338	0.01077	0.01346	0.01238	0.00969	0.01238	0.00861	0.01292	0.00646	0.00484	0.00484	0.00161	0.00646	0.00431	0.00215	0.00538
11	0.01880	0.00933	0.06886	0.00998	0.05848	0.00742	0.00810	0.02105	0.01342	0.62098	0.09589	0.01776	0.01471	0.00619	0.00493	0.00150	0.00426	0.00514	0.00543	0.00777
12	0.01842	0.01357	0.01454	0.01115	0.01503	0.01503	0.00921	0.78330	0.02278	0.03054	0.01163	0.01163	0.00824	0.00582	0.00485	0.00145	0.00533	0.00436	0.00485	0.00824
13	0.01810	0.02310	0.01373	0.01248	0.01498	0.81024	0.00936	0.01935	0.01373	0.01186	0.00749	0.00874	0.00624	0.00499	0.00437	0.00125	0.00874	0.00312	0.00250	0.00562
14	0.01307	0.00906	0.01071	0.01019	0.05207	0.00963	0.00775	0.07799	0.35843	0.16119	0.02184	0.02542	0.07928	0.00790	0.00527	0.00169	0.00409	0.13256	0.00488	0.00699
15	0.01019	0.00830	0.00940	0.00731	0.01072	0.03589	0.00572	0.01245	0.02733	0.05504	0.12373	0.07851	0.01503	0.00564	0.00422	0.00101	0.00356	0.00474	0.00354	0.57766
16	0.02174	0.00825	0.01125	0.00862	0.01237	0.00712	0.00712	0.02362	0.01387	0.80282	0.01912	0.01649	0.01200	0.00600	0.00487	0.00150	0.00412	0.00487	0.00600	0.00825
17	0.00573	0.00491	0.00491	0.00491	0.00655	0.00409	0.00368	0.00695	0.01105	0.01309	0.04909	0.04664	0.79750	0.01227	0.00573	0.00164	0.00245	0.01023	0.00450	0.00409
18	0.05568	0.04048	0.01747	0.12694	0.48887	0.05065	0.03525	0.01517	0.03721	0.04449	0.01008	0.03828	0.00845	0.00491	0.00471	0.00147	0.00572	0.00452	0.00268	0.00697
19	0.00781	0.00558	0.00781	0.00892	0.01004	0.00558	0.00781	0.01004	0.01116	0.01450	0.02566	0.05466	0.02789	0.01339	0.00669	0.00223	0.00446	0.76685	0.00446	0.00446
20	0.00692	0.00519	0.00779	0.00779	0.00865	0.00606	0.00606	0.00865	0.00779	0.01125	0.01298	0.01904	0.01211	0.03634	0.81049	0.00779	0.01298	0.00519	0.00260	0.00433
21	0.01014	0.05564	0.61116	0.06162	0.07026	0.01164	0.04236	0.01563	0.04874	0.01529	0.00922	0.01088	0.00673	0.00466	0.00462	0.00152	0.00682	0.00379	0.00223	0.00706

[dist]
# distance from previous block
# <min> <max>
0	5

[block]
# block no. 2 follows, 52 sequences, length 17
# corresponding to MSA columns:
# 170-186
name=unknown_C
#
# <colnr> <probs for GDERKNQSTAVLIFYWHMCP>
#	G	D	E	R	K	N	Q	S	T	A	V	L	I	F	Y	W	H	M	C	P
0	0.01166	0.01140	0.02011	0.10540	0.64324	0.01152	0.09573	0.01470	0.01095	0.01546	0.00914	0.01220	0.00752	0.00434	0.00490	0.00148	0.00608	0.00446	0.00238	0.00733
1	0.00624	0.00436	0.00552	0.00632	0.00652	0.00416	0.00404	0.00684	0.00863	0.01150	0.02337	0.59445	0.02784	0.25301	0.01158	0.00277	0.00336	0.01181	0.00404	0.00364
2	0.76104	0.07450	0.04240	0.00684	0.01010	0.01154	0.00602	0.01431	0.00846	0.02066	0.00683	0.00796	0.00536	0.00448	0.00308	0.00146	0.00401	0.00266	0.00289	0.00541
3	0.00692	0.00519	0.00779	0.00779	0.00865	0.00606	0.00606	0.00865	0.00779	0.01125	0.01298	0.01904	0.01211	0.03634	0.81049	0.00779	0.01298	0.00519	0.00260	0.00433
4	0.00833	0.00640	0.00741	0.00674	0.00844	0.00632	0.00517	0.08984	0.09608	0.01918	0.45961	0.03420	0.21417	0.00969	0.00555	0.00156	0.00280	0.00831	0.00505	0.00516
5	0.00629	0.00491	0.00546	0.00532	0.00676	0.00429	0.00399	0.00795	0.01198	0.01562	0.31966	0.04155	0.48867	0.01111	0.00562	0.00157	0.00238	0.00944	0.04314	0.00429
6	0.00692	0.00519	0.00779	0.00779	0.00865	0.00606	0.00606	0.00865	0.00779	0.01125	0.01298	0.01904	0.01211	0.03634	0.81049	0.00779	0.01298	0.00519	0.00260	0.00433
7	0.00915	0.00861	0.01453	0.81804	0.03338	0.01077	0.01346	0.01238	0.00969	0.01238	0.00861	0.01292	0.00646	0.00484	0.00484	0.00161	0.00646	0.00431	0.00215	0.00538
8	0.00957	0.00888	0.01401	0.70026	0.03035	0.01095	0.01261	0.01433	0.12352	0.01353	0.01023	0.01367	0.00767	0.00510	0.00486	0.00162	0.00608	0.00448	0.00256	0.00572
9	0.00686	0.00495	0.00648	0.00610	0.00724	0.00457	0.00457	0.00914	0.01372	0.01943	0.79691	0.03620	0.04572	0.00991	0.00572	0.00152	0.00229	0.00876	0.00533	0.00457
10	0.00599	0.00434	0.00566	0.00655	0.00702	0.00401	0.00445	0.00700	0.00985	0.01313	0.10592	0.69156	0.08772	0.01444	0.00611	0.00190	0.00273	0.01302	0.00458	0.00401
11	0.14070	0.04820	0.09766	0.48971	0.08118	0.03793	0.01240	0.01348	0.00976	0.01431	0.00825	0.01143	0.00631	0.00470	0.00444	0.00154	0.00609	0.00386	0.00230	0.00576
12	0.00692	0.00519	0.00779	0.00779	0.00865	0.00606	0.00606	0.00865	0.00779	0.01125	0.01298	0.01904	0.01211	0.03634	0.81049	0.00779	0.01298	0.00519	0.00260	0.00433
13	0.00692	0.00519	0.00779	0.00779	0.00865	0.00606	0.00606	0.00865	0.00779	0.01125	0.01298	0.01904	0.01211	0.03634	0.81049	0.00779	0.01298	0.00519	0.00260	0.00433
14	0.01778	0.01325	0.01418	0.01102	0.01478	0.01473	0.00906	0.70696	0.10018	0.02951	0.01245	0.01228	0.00890	0.00589	0.00486	0.00147	0.00518	0.00448	0.00486	0.00818
15	0.77460	0.01082	0.00782	0.00702	0.00996	0.09529	0.00568	0.01478	0.00883	0.02070	0.00683	0.00796	0.00535	0.00455	0.00314	0.00147	0.00428	0.00268	0.00295	0.00529
16	0.01095	0.10539	0.60102	0.01277	0.01898	0.09618	0.01540	0.01552	0.01055	0.01460	0.00837	0.00982	0.00621	0.00455	0.00438	0.00141	0.00694	0.00340	0.00214	0.05143

[dist]
# distance from previous block
# <min> <max>
0	2

[block]
# block no. 3 follows, 52 sequences, length 34
# corresponding to MSA columns:
# 189-222
name=unknown_D
#
# <colnr> <probs for GDERKNQSTAVLIFYWHMCP>
#	G	D	E	R	K	N	Q	S	T	A	V	L	I	F	Y	W	H	M	C	P
0	0.00972	0.02507	0.80458	0.01381	0.02097	0.01125	0.01790	0.01535	0.01023	0.01535	0.00870	0.01023	0.00614	0.00460	0.00460	0.00153	0.00716	0.00358	0.00205	0.00716
1	0.01359	0.73321	0.02396	0.00881	0.01275	0.11631	0.00842	0.01511	0.01032	0.01146	0.00683	0.00789	0.00622	0.00425	0.00326	0.00106	0.00562	0.00266	0.00213	0.00615
2	0.47388	0.00885	0.00903	0.00741	0.01076	0.00914	0.00612	0.01859	0.01085	0.38348	0.01248	0.01187	0.00837	0.00519	0.00387	0.00150	0.00392	0.00367	0.00439	0.00664
3	0.00636	0.00438	0.00567	0.00641	0.00664	0.00423	0.00417	0.00688	0.00851	0.01139	0.02236	0.55419	0.02642	0.21603	0.04740	0.04637	0.00380	0.01126	0.00391	0.00362
4	0.01296	0.83261	0.02539	0.00829	0.01244	0.01917	0.00829	0.01451	0.00985	0.01140	0.00674	0.00777	0.00622	0.00415	0.00311	0.00104	0.00518	0.00259	0.00207	0.00622
5	0.00781	0.00558	0.00781	0.00892	0.01004	0.00558	0.00781	0.01004	0.01116	0.01450	0.02566	0.05466	0.02789	0.01339	0.00669	0.00223	0.00446	0.76685	0.00446	0.00446
6	0.00915	0.00861	0.01453	0.81804	0.03338	0.01077	0.01346	0.01238	0.00969	0.01238	0.00861	0.01292	0.00646	0.00484	0.00484	0.00161	0.00646	0.00431	0.00215	0.00538
7	0.01199	0.01151	0.01967	0.02974	0.79946	0.01151	0.01487	0.01487	0.01103	0.01583	0.00912	0.01199	0.00768	0.00432	0.00480	0.00144	0.00576	0.00432	0.00240	0.00768
8	0.01967	0.00831	0.01103	0.00837	0.01221	0.00700	0.00688	0.02159	0.01319	0.66304	0.01725	0.01535	0.01114	0.00557	0.00465	0.00136	0.00403	0.00452	0.00544	0.15940
9	0.00651	0.00465	0.00632	0.00744	0.00799	0.00446	0.00555	0.00779	0.00987	0.01305	0.02638	0.58119	0.03073	0.01461	0.00635	0.00205	0.00334	0.25314	0.00449	0.00410
10	0.01419	0.01125	0.01376	0.21395	0.04123	0.01210	0.00973	0.40910	0.01654	0.02252	0.01018	0.01164	0.00756	0.00507	0.00459	0.00134	0.00527	0.00404	0.00369	0.18224
11	0.00939	0.00907	0.01598	0.73629	0.03255	0.01092	0.09222	0.01270	0.00987	0.01270	0.00874	0.01294	0.00655	0.00477	0.00493	0.00162	0.00664	0.00445	0.00218	0.00550
12	0.01296	0.83261	0.02539	0.00829	0.01244	0.01917	0.00829	0.01451	0.00985	0.01140	0.00674	0.00777	0.00622	0.00415	0.00311	0.00104	0.00518	0.00259	0.00207	0.00622
13	0.00811	0.00615	0.00784	0.00785	0.04828	0.00606	0.00557	0.01207	0.12813	0.03341	0.60033	0.03233	0.06654	0.00915	0.00554	0.00154	0.00273	0.00804	0.00511	0.00524
14	0.01150	0.10465	0.52795	0.01308	0.01882	0.04495	0.05890	0.01581	0.01048	0.07611	0.00915	0.01060	0.00669	0.00494	0.00535	0.00152	0.06643	0.00373	0.00241	0.00691
15	0.01144	0.01095	0.01868	0.18201	0.65149	0.01137	0.01460	0.01439	0.01077	0.01517	0.00902	0.01217	0.00744	0.00442	0.00481	0.00147	0.00589	0.00432	0.00235	0.00723
16	0.01112	0.01058	0.01797	0.20054	0.59994	0.01104	0.01414	0.01400	0.01067	0.01494	0.00973	0.04572	0.00841	0.00488	0.00486	0.00150	0.00579	0.00470	0.00243	0.00702
17	0.01842	0.01357	0.01454	0.01115	0.01503	0.01503	0.00921	0.78330	0.02278	0.03054	0.01163	0.01163	0.00824	0.00582	0.00485	0.00145	0.00533	0.00436	0.00485	0.00824
18	0.00645	0.00502	0.00591	0.00591	0.00729	0.00448	0.00459	0.00822	0.01210	0.01575	0.33749	0.04365	0.40057	0.01150	0.00585	0.00167	0.00266	0.11173	0.00482	0.00433
19	0.00642	0.00739	0.10338	0.00621	0.00844	0.00506	0.00559	0.00838	0.01142	0.01450	0.17738	0.04031	0.56637	0.01091	0.00559	0.00160	0.00300	0.00915	0.00435	0.00455
20	0.11536	0.00898	0.00994	0.00730	0.01142	0.00747	0.00587	0.05472	0.01053	0.01733	0.00855	0.00987	0.00700	0.00382	0.00359	0.00085	0.00370	0.00292	0.00300	0.70780
21	0.00757	0.00577	0.00770	0.10675	0.01116	0.00583	0.00608	0.06852	0.01043	0.01397	0.02210	0.58888	0.02535	0.02655	0.00610	0.00187	0.00357	0.02637	0.00412	0.05133
22	0.11647	0.05396	0.07979	0.02454	0.60167	0.01180	0.01359	0.01481	0.01057	0.01630	0.00867	0.01114	0.00718	0.00435	0.00448	0.00143	0.00559	0.00396	0.00243	0.00726
23	0.00980	0.00946	0.01597	0.57885	0.12427	0.01144	0.05540	0.01277	0.00967	0.01289	0.00846	0.01253	0.00665	0.00519	0.00624	0.00166	0.10646	0.00438	0.00220	0.00572
24	0.01300	0.07325	0.03401	0.00790	0.01197	0.00770	0.00674	0.01514	0.01103	0.20777	0.01197	0.01390	0.00939	0.00479	0.00406	0.00104	0.00399	0.04523	0.00364	0.51347
25	0.00637	0.00487	0.00562	0.00547	0.00679	0.00428	0.00406	0.00774	0.01169	0.01514	0.33029	0.04017	0.44992	0.01173	0.00676	0.06863	0.00253	0.00920	0.00463	0.00412
26	0.01128	0.01017	0.01266	0.15803	0.05164	0.01227	0.00954	0.02044	0.48071	0.01718	0.01496	0.01560	0.01153	0.00648	0.00678	0.00171	0.14334	0.00500	0.00384	0.00685
27	0.01005	0.00861	0.01005	0.00718	0.01148	0.00646	0.00574	0.01220	0.01005	0.01579	0.00861	0.01005	0.00718	0.00359	0.00359	0.00072	0.00359	0.00287	0.00287	0.85932
28	0.01137	0.42188	0.22595	0.01031	0.01424	0.01522	0.01087	0.01362	0.00927	0.01224	0.00732	0.00942	0.00639	0.00597	0.00684	0.06842	0.13935	0.00325	0.00208	0.00599
29	0.01007	0.05941	0.67474	0.01438	0.02113	0.01173	0.11129	0.01533	0.01036	0.01519	0.00875	0.01047	0.00629	0.00452	0.00467	0.00152	0.00720	0.00380	0.00210	0.00704
30	0.00590	0.00422	0.00562	0.00675	0.00703	0.00394	0.00450	0.00675	0.00928	0.01237	0.02671	0.82653	0.03205	0.01518	0.00619	0.00197	0.00281	0.01378	0.00450	0.00394
31	0.11461	0.02314	0.70666	0.01290	0.01955	0.01121	0.01635	0.01521	0.00999	0.01613	0.00846	0.00994	0.00603	0.00459	0.00441	0.00153	0.00674	0.00346	0.00216	0.00693
32	0.00769	0.00572	0.00803	0.00757	0.00863	0.00621	0.00575	0.00882	0.00780	0.01132	0.01174	0.01806	0.01123	0.09635	0.50656	0.11105	0.05101	0.00490	0.00257	0.10897
33	0.01274	0.73215	0.05917	0.00866	0.01283	0.01826	0.00867	0.01543	0.07091	0.01227	0.00784	0.00869	0.00689	0.00436	0.00332	0.00111	0.00517	0.00286	0.00230	0.00637

[dist]
# distance from previous block
# <min> <max>
0	4

# created by:
# /st0/software/busco_prod/Augustus/scripts/msa2prfl.pl ./align_prep/176016.fa
