[name]
unknown

[dist]
# distance from previous block
# <min> <max>
0	56

[block]
# block no. 0 follows, 50 sequences, length 39
# corresponding to MSA columns:
# 64-102
name=unknown_A
#
# <colnr> <probs for GDERKNQSTAVLIFYWHMCP>
#	G	D	E	R	K	N	Q	S	T	A	V	L	I	F	Y	W	H	M	C	P
0	0.00803	0.00574	0.00803	0.00918	0.01033	0.00574	0.00803	0.01033	0.01147	0.01492	0.02639	0.05622	0.02869	0.01377	0.00688	0.00229	0.00459	0.76018	0.00459	0.00459
1	0.01193	0.01143	0.01951	0.13813	0.68934	0.01174	0.01510	0.01495	0.01116	0.01580	0.00930	0.01247	0.00772	0.00452	0.00494	0.00151	0.00602	0.00444	0.00243	0.00757
2	0.00831	0.00491	0.00658	0.00721	0.00798	0.00450	0.00500	0.00933	0.01019	0.12057	0.02640	0.71096	0.03013	0.01432	0.00618	0.00196	0.00308	0.01291	0.00484	0.00466
3	0.01193	0.01143	0.01951	0.13813	0.68934	0.01174	0.01510	0.01495	0.01116	0.01580	0.00930	0.01247	0.00772	0.00452	0.00494	0.00151	0.00602	0.00444	0.00243	0.00757
4	0.01110	0.01407	0.12225	0.12885	0.04715	0.01211	0.52660	0.01522	0.01124	0.01537	0.01006	0.02992	0.00781	0.00470	0.00578	0.00168	0.02152	0.00552	0.00246	0.00659
5	0.00607	0.00434	0.00578	0.00694	0.00723	0.00405	0.00463	0.00694	0.00954	0.01272	0.02747	0.82157	0.03297	0.01562	0.00636	0.00202	0.00289	0.01417	0.00463	0.00405
6	0.01014	0.04615	0.73097	0.01399	0.02083	0.01202	0.01770	0.01553	0.01034	0.01545	0.00875	0.01048	0.00633	0.00497	0.00540	0.00160	0.05634	0.00370	0.00211	0.00722
7	0.39227	0.01144	0.01106	0.00895	0.01245	0.01274	0.00737	0.36085	0.02956	0.07322	0.01128	0.01154	0.02633	0.00557	0.00417	0.00153	0.00459	0.00389	0.00421	0.00700
8	0.00649	0.00538	0.02927	0.00736	0.00795	0.00493	0.00533	0.00758	0.00954	0.01283	0.03754	0.65405	0.07302	0.02745	0.04570	0.00232	0.04209	0.01259	0.00433	0.00423
9	0.00626	0.00447	0.00600	0.00715	0.00752	0.00421	0.00495	0.00726	0.00973	0.01293	0.02737	0.74871	0.03256	0.01544	0.00641	0.00205	0.00305	0.08519	0.00462	0.00410
10	0.66365	0.01060	0.01048	0.00861	0.01200	0.01191	0.07929	0.11960	0.01085	0.02300	0.00793	0.00914	0.00603	0.00477	0.00361	0.00155	0.00451	0.00325	0.00329	0.00595
11	0.14789	0.38031	0.06190	0.00952	0.01329	0.06873	0.00883	0.14198	0.02501	0.02826	0.00848	0.00953	0.00693	0.00503	0.00444	0.00134	0.05034	0.00328	0.01833	0.00657
12	0.00622	0.00458	0.00583	0.00653	0.00719	0.00419	0.00451	0.00741	0.01063	0.01413	0.16735	0.56442	0.15029	0.01419	0.00620	0.00189	0.00274	0.01270	0.00478	0.00419
13	0.01401	0.07156	0.14850	0.01498	0.05010	0.01143	0.28371	0.01870	0.09412	0.19805	0.03557	0.01459	0.01035	0.00521	0.00518	0.00158	0.00630	0.00510	0.00363	0.00733
14	0.01143	0.01238	0.02497	0.01784	0.02274	0.01122	0.59653	0.01517	0.01143	0.01603	0.00980	0.01272	0.00752	0.00408	0.00537	0.00146	0.00731	0.00520	0.00262	0.20416
15	0.00725	0.00483	0.00544	0.00544	0.00544	0.00483	0.00302	0.00725	0.00725	0.00966	0.01571	0.03262	0.01812	0.82483	0.02537	0.00483	0.00483	0.00725	0.00302	0.00302
16	0.01506	0.02687	0.15969	0.01154	0.01613	0.01278	0.04508	0.38795	0.07641	0.04767	0.01170	0.01226	0.00855	0.00589	0.01756	0.00153	0.00568	0.00427	0.00401	0.12937
17	0.01772	0.07994	0.01518	0.02813	0.03581	0.39338	0.02909	0.09449	0.04917	0.15344	0.01082	0.01144	0.00815	0.00554	0.00520	0.00142	0.04696	0.00391	0.00349	0.00673
18	0.01034	0.00886	0.01034	0.00738	0.01181	0.00664	0.00591	0.01255	0.01034	0.01624	0.00886	0.01034	0.00738	0.00369	0.00369	0.00074	0.00369	0.00295	0.00295	0.85530
19	0.01234	0.01184	0.02023	0.03059	0.79373	0.01184	0.01530	0.01530	0.01135	0.01628	0.00938	0.01234	0.00790	0.00444	0.00493	0.00148	0.00592	0.00444	0.00247	0.00790
20	0.00768	0.00637	0.00962	0.00841	0.02249	0.00580	0.11064	0.00996	0.01290	0.02909	0.44253	0.05205	0.24294	0.00999	0.00586	0.00162	0.00333	0.00896	0.00479	0.00494
21	0.01195	0.07491	0.62586	0.01324	0.01988	0.01154	0.03104	0.01690	0.01104	0.12295	0.01031	0.01130	0.00717	0.00489	0.00470	0.00154	0.00683	0.00384	0.00267	0.00744
22	0.00610	0.00435	0.00578	0.00690	0.00719	0.00407	0.00459	0.00695	0.00949	0.01265	0.02719	0.80275	0.03261	0.03492	0.00682	0.00209	0.00294	0.01400	0.00459	0.00402
23	0.01000	0.02578	0.79900	0.01421	0.02157	0.01158	0.01842	0.01579	0.01052	0.01579	0.00895	0.01052	0.00631	0.00474	0.00474	0.00158	0.00737	0.00368	0.00210	0.00737
24	0.01176	0.01345	0.02941	0.02101	0.02605	0.01261	0.77563	0.01597	0.01176	0.01597	0.01008	0.01345	0.00756	0.00420	0.00588	0.00168	0.00840	0.00588	0.00252	0.00672
25	0.00712	0.00534	0.00801	0.00801	0.00890	0.00623	0.00623	0.00890	0.00801	0.01157	0.01335	0.01958	0.01246	0.03738	0.80507	0.00801	0.01335	0.00534	0.00267	0.00445
26	0.01111	0.00884	0.01041	0.00748	0.01187	0.00669	0.00600	0.01330	0.01059	0.06620	0.00955	0.01076	0.00770	0.00385	0.00378	0.00079	0.00373	0.00308	0.00316	0.80112
27	0.01240	0.01071	0.01127	0.01014	0.01296	0.01240	0.00789	0.02649	0.78473	0.02085	0.02029	0.01860	0.01522	0.00676	0.00507	0.00169	0.00394	0.00564	0.00507	0.00789
28	0.72732	0.01156	0.00841	0.02357	0.01093	0.12028	0.00615	0.01534	0.00929	0.02077	0.00708	0.00832	0.00556	0.00470	0.00332	0.00151	0.00462	0.00280	0.00300	0.00545
29	0.01259	0.00919	0.01100	0.00808	0.01221	0.00763	0.00654	0.05772	0.01153	0.12964	0.01049	0.01141	0.00812	0.00440	0.00452	0.00096	0.03988	0.00340	0.00350	0.64720
30	0.01078	0.01295	0.12301	0.01324	0.01425	0.01476	0.01194	0.01252	0.00803	0.01252	0.00687	0.01085	0.00651	0.00818	0.01476	0.00210	0.70458	0.00427	0.00217	0.00572
31	0.00596	0.00491	0.00524	0.00546	0.00685	0.00419	0.00398	0.00717	0.01108	0.01350	0.06632	0.20094	0.62089	0.01315	0.00598	0.00175	0.00259	0.01120	0.00465	0.00419
32	0.02236	0.00848	0.01157	0.00887	0.01272	0.00733	0.00733	0.02429	0.01427	0.79719	0.01966	0.01697	0.01234	0.00617	0.00501	0.00154	0.00424	0.00501	0.00617	0.00848
33	0.01960	0.01291	0.01431	0.01097	0.01493	0.01390	0.00906	0.63281	0.02168	0.17820	0.01344	0.01293	0.00922	0.00602	0.00499	0.00150	0.00525	0.00459	0.00521	0.00848
34	0.14321	0.00926	0.01463	0.63813	0.02995	0.01118	0.05872	0.01323	0.00984	0.01444	0.00863	0.01248	0.00650	0.00488	0.00474	0.00164	0.00631	0.00425	0.00237	0.00559
35	0.00742	0.00531	0.00730	0.00821	0.00916	0.00518	0.00673	0.00939	0.01143	0.01518	0.14351	0.23227	0.03249	0.01365	0.00661	0.00212	0.00385	0.47096	0.00474	0.00448
36	0.00625	0.00453	0.00592	0.00679	0.00732	0.00420	0.00468	0.00739	0.01034	0.01383	0.13391	0.64157	0.08383	0.01462	0.00628	0.00195	0.00284	0.03483	0.00474	0.00416
37	0.00768	0.00597	0.00832	0.00802	0.00855	0.00710	0.00601	0.00888	0.00775	0.01112	0.01305	0.02188	0.01316	0.24447	0.48769	0.00636	0.12137	0.00572	0.00270	0.00420
38	0.01257	0.01019	0.01163	0.01042	0.01277	0.01189	0.00834	0.04965	0.52150	0.06647	0.01871	0.02121	0.01504	0.00771	0.00681	0.00181	0.11568	0.08567	0.00469	0.00726

[dist]
# distance from previous block
# <min> <max>
0	2

[block]
# block no. 1 follows, 50 sequences, length 31
# corresponding to MSA columns:
# 105-135
name=unknown_B
#
# <colnr> <probs for GDERKNQSTAVLIFYWHMCP>
#	G	D	E	R	K	N	Q	S	T	A	V	L	I	F	Y	W	H	M	C	P
0	0.01243	0.10612	0.55481	0.01268	0.01883	0.01188	0.01523	0.01694	0.01098	0.14459	0.01041	0.01134	0.00733	0.00509	0.00511	0.00154	0.04070	0.00383	0.00278	0.00737
1	0.01787	0.02097	0.01432	0.08191	0.01706	0.61568	0.00997	0.13477	0.01519	0.01518	0.00845	0.00982	0.00675	0.00525	0.00461	0.00135	0.00825	0.00351	0.00291	0.00617
2	0.01881	0.01380	0.01439	0.01123	0.01506	0.05649	0.00920	0.62390	0.07062	0.09604	0.01294	0.01266	0.00913	0.00600	0.00497	0.00150	0.00547	0.00454	0.00497	0.00830
3	0.00740	0.00533	0.00703	0.07613	0.00898	0.00579	0.00492	0.00822	0.00771	0.01050	0.01441	0.02703	0.01543	0.51747	0.25764	0.00551	0.00755	0.00643	0.00285	0.00367
4	0.48809	0.27824	0.08696	0.00804	0.01189	0.03008	0.00771	0.01495	0.00932	0.01808	0.00714	0.00831	0.00583	0.00453	0.00330	0.00139	0.00477	0.00279	0.00267	0.00591
5	0.03252	0.67703	0.15262	0.00942	0.01416	0.01819	0.01008	0.01506	0.01015	0.01264	0.00726	0.00841	0.00636	0.00435	0.00345	0.00116	0.00563	0.00283	0.00215	0.00653
6	0.00649	0.00496	0.00582	0.00581	0.00698	0.00443	0.00420	0.00803	0.01190	0.01567	0.33993	0.14103	0.33721	0.07619	0.00748	0.00193	0.00268	0.01013	0.00484	0.00429
7	0.04036	0.01529	0.17578	0.01104	0.01515	0.07486	0.01031	0.26588	0.17433	0.08862	0.01351	0.01356	0.00978	0.00578	0.00476	0.00152	0.00547	0.00446	0.06199	0.00756
8	0.43610	0.26319	0.01448	0.00829	0.01173	0.11653	0.00717	0.06537	0.01070	0.01838	0.00737	0.00843	0.00604	0.00467	0.00343	0.00136	0.00508	0.00287	0.00285	0.00596
9	0.01275	0.01204	0.02031	0.05745	0.63836	0.01218	0.07480	0.08020	0.01236	0.01742	0.00963	0.01243	0.00787	0.00457	0.00502	0.00150	0.00611	0.00456	0.00268	0.00776
10	0.00856	0.00649	0.00786	0.00718	0.00878	0.00654	0.00548	0.05299	0.14117	0.02074	0.62312	0.03283	0.03976	0.00940	0.00570	0.00158	0.00278	0.00822	0.00539	0.00543
11	0.00699	0.00509	0.00658	0.00621	0.00741	0.00468	0.00465	0.00929	0.01396	0.01964	0.75176	0.03780	0.08659	0.01032	0.00588	0.00157	0.00236	0.00909	0.00544	0.00468
12	0.01775	0.00745	0.00997	0.00804	0.01111	0.00649	0.00648	0.01965	0.01381	0.56867	0.15500	0.05680	0.08073	0.00777	0.00529	0.00158	0.00372	0.00652	0.00587	0.00731
13	0.01333	0.82783	0.02612	0.00853	0.01279	0.01972	0.00853	0.01493	0.01013	0.01173	0.00693	0.00800	0.00640	0.00426	0.00320	0.00107	0.00533	0.00267	0.00213	0.00640
14	0.00681	0.00465	0.00557	0.00600	0.00611	0.00454	0.00362	0.00713	0.00811	0.01081	0.02012	0.32862	0.02369	0.52123	0.01824	0.00378	0.00410	0.00985	0.00362	0.00341
15	0.86003	0.00964	0.00733	0.00655	0.00964	0.01118	0.00540	0.01465	0.00848	0.02236	0.00694	0.00810	0.00540	0.00463	0.00308	0.00154	0.00386	0.00270	0.00308	0.00540
16	0.00929	0.00465	0.00465	0.00465	0.00581	0.00465	0.00348	0.01161	0.01045	0.01858	0.01626	0.01858	0.01278	0.00581	0.00348	0.00116	0.00232	0.00465	0.85250	0.00465
17	0.86003	0.00964	0.00733	0.00655	0.00964	0.01118	0.00540	0.01465	0.00848	0.02236	0.00694	0.00810	0.00540	0.00463	0.00308	0.00154	0.00386	0.00270	0.00308	0.00540
18	0.01007	0.00617	0.00631	0.00602	0.00760	0.00659	0.00459	0.01534	0.20467	0.01915	0.01727	0.01859	0.01339	0.00605	0.00388	0.00129	0.00273	0.00489	0.63993	0.00546
19	0.68733	0.00940	0.00820	0.00703	0.01028	0.01039	0.00580	0.01664	0.00968	0.18211	0.00956	0.00993	0.00683	0.00494	0.00348	0.00154	0.00394	0.00318	0.00372	0.00603
20	0.01130	0.00946	0.01046	0.00990	0.01230	0.01073	0.00793	0.02243	0.59077	0.01936	0.02182	0.02804	0.01859	0.00852	0.00553	0.00184	0.00411	0.19490	0.00495	0.00706
21	0.00607	0.00434	0.00578	0.00694	0.00723	0.00405	0.00463	0.00694	0.00954	0.01272	0.02747	0.82157	0.03297	0.01562	0.00636	0.00202	0.00289	0.01417	0.00463	0.00405
22	0.50765	0.01048	0.00993	0.00816	0.01160	0.01154	0.00673	0.20138	0.01314	0.16172	0.01041	0.01061	0.00737	0.00523	0.00389	0.00153	0.00432	0.00354	0.00409	0.00669
23	0.00882	0.00552	0.00657	0.00620	0.00792	0.00480	0.00468	0.01040	0.01225	0.13985	0.22030	0.14036	0.39083	0.01140	0.00581	0.00168	0.00280	0.00975	0.00508	0.00499
24	0.21060	0.00874	0.01061	0.00835	0.01203	0.00819	0.00689	0.02213	0.01297	0.62308	0.01681	0.01497	0.01078	0.00582	0.00458	0.00154	0.00415	0.00449	0.00548	0.00779
25	0.03915	0.00972	0.01223	0.00939	0.01326	0.00920	0.00776	0.19050	0.01617	0.61168	0.01770	0.01567	0.01134	0.00610	0.00497	0.00153	0.00451	0.00485	0.00584	0.00842
26	0.08769	0.00900	0.01106	0.00870	0.01229	0.00849	0.00714	0.11273	0.03727	0.55194	0.02040	0.01838	0.07889	0.00660	0.00493	0.00155	0.00420	0.00526	0.00561	0.00785
27	0.00630	0.00456	0.00599	0.00695	0.00746	0.00425	0.00485	0.00743	0.01020	0.01357	0.09487	0.64789	0.07828	0.01482	0.00633	0.00199	0.00296	0.07243	0.00470	0.00416
28	0.00640	0.00440	0.00575	0.00680	0.00719	0.00415	0.00462	0.00744	0.00967	0.01329	0.02647	0.73122	0.03110	0.01472	0.00613	0.00196	0.00289	0.03363	0.07805	0.00412
29	0.45982	0.30046	0.06146	0.00803	0.01181	0.03086	0.00753	0.04461	0.00989	0.01835	0.00727	0.00837	0.00595	0.00457	0.00333	0.00137	0.00476	0.00283	0.00275	0.00600
30	0.02207	0.00895	0.01186	0.00909	0.01296	0.00802	0.00751	0.08847	0.01505	0.73190	0.01901	0.01654	0.01201	0.00615	0.00501	0.00154	0.00435	0.00497	0.00607	0.00848

[dist]
# distance from previous block
# <min> <max>
0	44

[block]
# block no. 2 follows, 50 sequences, length 23
# corresponding to MSA columns:
# 180-202
name=unknown_C
#
# <colnr> <probs for GDERKNQSTAVLIFYWHMCP>
#	G	D	E	R	K	N	Q	S	T	A	V	L	I	F	Y	W	H	M	C	P
0	0.09577	0.05266	0.44700	0.04255	0.01865	0.04915	0.04291	0.05088	0.01142	0.09310	0.01061	0.04507	0.00810	0.00537	0.00466	0.00156	0.00645	0.00424	0.00288	0.00698
1	0.04545	0.01107	0.01570	0.02461	0.01463	0.03058	0.10841	0.10123	0.01034	0.01537	0.00864	0.01228	0.00759	0.00999	0.08279	0.00247	0.45669	0.00458	0.03171	0.00586
2	0.00701	0.00509	0.00661	0.00623	0.00742	0.00469	0.00467	0.00933	0.01401	0.01976	0.76541	0.03761	0.07286	0.01027	0.00588	0.00157	0.00236	0.00907	0.00546	0.00469
3	0.00647	0.00529	0.00573	0.00575	0.00725	0.00473	0.00427	0.00852	0.05268	0.01464	0.14711	0.12135	0.54816	0.02550	0.00623	0.00176	0.00268	0.02268	0.00474	0.00444
4	0.77933	0.00980	0.00790	0.00691	0.01007	0.01122	0.00569	0.05317	0.00950	0.05862	0.00778	0.00870	0.00587	0.00477	0.00327	0.00154	0.00395	0.00290	0.00332	0.00569
5	0.00637	0.00493	0.00552	0.00559	0.00671	0.00439	0.00393	0.00757	0.01095	0.01396	0.18312	0.13971	0.42085	0.15318	0.00932	0.00225	0.00294	0.01012	0.00451	0.00408
6	0.01333	0.82783	0.02612	0.00853	0.01279	0.01972	0.00853	0.01493	0.01013	0.01173	0.00693	0.00800	0.00640	0.00426	0.00320	0.00107	0.00533	0.00267	0.00213	0.00640
7	0.00647	0.00542	0.00662	0.00622	0.00786	0.00472	0.03928	0.00812	0.01193	0.01506	0.21644	0.07846	0.53805	0.01184	0.00593	0.00168	0.00281	0.02392	0.00473	0.00444
8	0.01333	0.82783	0.02612	0.00853	0.01279	0.01972	0.00853	0.01493	0.01013	0.01173	0.00693	0.00800	0.00640	0.00426	0.00320	0.00107	0.00533	0.00267	0.00213	0.00640
9	0.04939	0.02380	0.06515	0.00894	0.01264	0.00905	0.00766	0.16558	0.02881	0.16580	0.02930	0.09428	0.01211	0.00772	0.04278	0.00165	0.00479	0.00509	0.00414	0.26131
10	0.01231	0.15368	0.31921	0.01525	0.02094	0.01293	0.29113	0.01647	0.01125	0.08548	0.00999	0.01174	0.00732	0.00459	0.00492	0.00153	0.00712	0.00443	0.00263	0.00707
11	0.01974	0.01207	0.01367	0.01051	0.01439	0.01272	0.00867	0.52992	0.02033	0.26303	0.01441	0.01365	0.00975	0.00604	0.00496	0.00150	0.00503	0.00465	0.02657	0.00838
12	0.00607	0.00436	0.00576	0.00688	0.00721	0.00405	0.00460	0.00695	0.00961	0.01275	0.02826	0.79518	0.05886	0.01551	0.00635	0.00201	0.00288	0.01405	0.00463	0.00405
13	0.01138	0.11303	0.61383	0.04666	0.02039	0.01211	0.01619	0.01628	0.01077	0.08079	0.00962	0.01090	0.00684	0.00481	0.00460	0.00152	0.00685	0.00371	0.00245	0.00728
14	0.00735	0.00589	0.00671	0.00684	0.00824	0.00575	0.00507	0.01096	0.14810	0.01548	0.13426	0.26109	0.30545	0.01217	0.00593	0.00180	0.00296	0.04623	0.00482	0.00490
15	0.02236	0.00848	0.01157	0.00887	0.01272	0.00733	0.00733	0.02429	0.01427	0.79719	0.01966	0.01697	0.01234	0.00617	0.00501	0.00154	0.00424	0.00501	0.00617	0.00848
16	0.04566	0.01153	0.01712	0.08060	0.01840	0.01227	0.21680	0.29987	0.05754	0.03628	0.01244	0.04858	0.00992	0.00947	0.09808	0.00235	0.00701	0.00538	0.00376	0.00695
17	0.01181	0.04962	0.22892	0.01128	0.02577	0.00976	0.06731	0.12063	0.02936	0.10504	0.03273	0.21078	0.04170	0.00826	0.00533	0.00168	0.00524	0.02434	0.00388	0.00655
18	0.01862	0.02376	0.01413	0.01284	0.01541	0.80482	0.00963	0.01990	0.01413	0.01220	0.00770	0.00899	0.00642	0.00514	0.00449	0.00128	0.00899	0.00321	0.00257	0.00578
19	0.01980	0.00811	0.01056	0.00833	0.01173	0.00732	0.00681	0.03804	0.05060	0.62442	0.01901	0.01719	0.01246	0.00614	0.00478	0.00149	0.00396	0.00497	0.13641	0.00786
20	0.01349	0.13324	0.43787	0.04848	0.01862	0.01201	0.01388	0.05380	0.02707	0.17860	0.01126	0.01186	0.00787	0.00508	0.00461	0.00150	0.00624	0.00393	0.00316	0.00744
21	0.01163	0.32399	0.39736	0.04390	0.01842	0.05156	0.04241	0.01540	0.01052	0.01390	0.00826	0.00991	0.00653	0.00522	0.02030	0.00151	0.00681	0.00343	0.00217	0.00677
22	0.00635	0.00452	0.00601	0.00696	0.00730	0.00437	0.00472	0.00726	0.00926	0.01240	0.02510	0.64757	0.02965	0.09996	0.07195	0.00280	0.00399	0.04153	0.00431	0.00400

[dist]
# distance from previous block
# <min> <max>
0	16

[block]
# block no. 3 follows, 50 sequences, length 17
# corresponding to MSA columns:
# 219-235
name=unknown_D
#
# <colnr> <probs for GDERKNQSTAVLIFYWHMCP>
#	G	D	E	R	K	N	Q	S	T	A	V	L	I	F	Y	W	H	M	C	P
0	0.01102	0.02259	0.64874	0.01354	0.03731	0.01080	0.01635	0.01613	0.01081	0.07547	0.00976	0.01104	0.00691	0.00474	0.00466	0.00150	0.00676	0.00373	0.00250	0.08563
1	0.00642	0.00463	0.00604	0.00661	0.00724	0.00429	0.00459	0.00778	0.01108	0.01511	0.28383	0.51339	0.06400	0.03240	0.00662	0.00192	0.00274	0.01215	0.00488	0.00425
2	0.03255	0.43781	0.28320	0.01042	0.01566	0.04056	0.01156	0.01515	0.01037	0.01378	0.00781	0.00909	0.00644	0.00441	0.00380	0.00123	0.00594	0.00305	0.00224	0.08494
3	0.00698	0.00551	0.00652	0.00674	0.00835	0.00489	0.00542	0.00865	0.01127	0.01430	0.06053	0.10292	0.40653	0.01245	0.00608	0.00183	0.00331	0.25391	0.00451	0.06929
4	0.04094	0.58987	0.13886	0.00980	0.01429	0.10838	0.01002	0.01562	0.01059	0.01273	0.00732	0.00849	0.00635	0.00445	0.00357	0.00118	0.00600	0.00288	0.00221	0.00644
5	0.00679	0.00467	0.00569	0.00614	0.00629	0.00460	0.00379	0.00721	0.00817	0.01093	0.02013	0.33631	0.02358	0.47581	0.05457	0.00390	0.00448	0.00983	0.00362	0.00348
6	0.00662	0.00506	0.00608	0.00601	0.00731	0.00453	0.00452	0.00847	0.01270	0.01692	0.43804	0.09163	0.31587	0.01158	0.00596	0.00167	0.00255	0.04492	0.00508	0.00448
7	0.00987	0.00994	0.01978	0.10377	0.02040	0.00987	0.41374	0.01257	0.01041	0.01406	0.01354	0.18835	0.01313	0.00883	0.02812	0.06908	0.03876	0.00732	0.00290	0.00555
8	0.03971	0.03215	0.00852	0.00685	0.00914	0.00758	0.00548	0.13670	0.01314	0.18220	0.01549	0.01645	0.01146	0.00616	0.00449	0.02617	0.00342	0.00457	0.46427	0.00606
9	0.01401	0.61498	0.08843	0.00979	0.01400	0.16152	0.00955	0.01590	0.01089	0.01215	0.00724	0.00839	0.00639	0.00446	0.00356	0.00115	0.00616	0.00285	0.00221	0.00637
10	0.00638	0.00500	0.00578	0.00572	0.00707	0.00440	0.00424	0.00805	0.01232	0.01606	0.35052	0.11472	0.41814	0.01191	0.00593	0.00167	0.00249	0.01024	0.00498	0.00440
11	0.10514	0.01085	0.01497	0.13151	0.28157	0.03199	0.03428	0.13453	0.05544	0.01906	0.07078	0.05017	0.01235	0.00602	0.00494	0.00157	0.00535	0.01925	0.00341	0.00681
12	0.08576	0.09356	0.04192	0.07491	0.07156	0.39629	0.08078	0.07101	0.01310	0.01514	0.00833	0.01005	0.00670	0.00491	0.00450	0.00139	0.00748	0.00365	0.00269	0.00626
13	0.00725	0.06774	0.00810	0.04819	0.00923	0.00599	0.00549	0.03039	0.01014	0.01342	0.05751	0.63695	0.02906	0.03780	0.00656	0.00198	0.00338	0.01208	0.00431	0.00443
14	0.21296	0.04251	0.12515	0.03812	0.08334	0.13174	0.00939	0.04458	0.01160	0.07514	0.04356	0.01432	0.06845	0.00563	0.00436	0.00143	0.00539	0.00424	0.00325	0.07484
15	0.07333	0.00548	0.00708	0.04591	0.00872	0.00568	0.00516	0.04702	0.00881	0.01271	0.01526	0.27538	0.01661	0.04263	0.01227	0.37362	0.00396	0.00751	0.02927	0.00361
16	0.01087	0.01028	0.01743	0.51422	0.14836	0.01171	0.10835	0.06300	0.03849	0.01517	0.00969	0.01326	0.00737	0.00493	0.00509	0.00163	0.00658	0.00466	0.00257	0.00632

[dist]
# distance from previous block
# <min> <max>
2	21

[block]
# block no. 4 follows, 50 sequences, length 64
# corresponding to MSA columns:
# 259-287,291-319,322-327
name=unknown_E
#
# <colnr> <probs for GDERKNQSTAVLIFYWHMCP>
#	G	D	E	R	K	N	Q	S	T	A	V	L	I	F	Y	W	H	M	C	P
0	0.00824	0.00697	0.00876	0.13904	0.03001	0.01963	0.00683	0.06666	0.01203	0.01555	0.14765	0.15898	0.29959	0.01049	0.00622	0.00172	0.04361	0.00887	0.00419	0.00496
1	0.06135	0.00581	0.00717	0.00650	0.00819	0.00539	0.00499	0.01143	0.01349	0.12101	0.56318	0.03394	0.11929	0.00958	0.00560	0.00158	0.00271	0.00826	0.00534	0.00519
2	0.01330	0.74780	0.07546	0.00905	0.01345	0.04691	0.00920	0.01516	0.01029	0.01201	0.00709	0.00819	0.00639	0.00433	0.00334	0.00111	0.00559	0.00275	0.00215	0.00644
3	0.01209	0.01039	0.01101	0.00992	0.01265	0.01196	0.00771	0.02551	0.74064	0.02080	0.06439	0.01966	0.01704	0.00696	0.00512	0.00168	0.00385	0.00583	0.00510	0.00771
4	0.00703	0.00509	0.00662	0.00624	0.00743	0.00469	0.00468	0.00935	0.01404	0.01983	0.77348	0.03749	0.06475	0.01025	0.00588	0.00157	0.00236	0.00905	0.00547	0.00469
5	0.00686	0.00504	0.00642	0.00617	0.00735	0.00460	0.00459	0.00899	0.01350	0.01877	0.65644	0.08670	0.13439	0.01081	0.00591	0.00161	0.00241	0.00951	0.00533	0.00460
6	0.00803	0.00574	0.00803	0.00918	0.01033	0.00574	0.00803	0.01033	0.01147	0.01492	0.02639	0.05622	0.02869	0.01377	0.00688	0.00229	0.00459	0.76018	0.00459	0.00459
7	0.01862	0.02376	0.01413	0.01284	0.01541	0.80482	0.00963	0.01990	0.01413	0.01220	0.00770	0.00899	0.00642	0.00514	0.00449	0.00128	0.00899	0.00321	0.00257	0.00578
8	0.01034	0.00886	0.01034	0.00738	0.01181	0.00664	0.00591	0.01255	0.01034	0.01624	0.00886	0.01034	0.00738	0.00369	0.00369	0.00074	0.00369	0.00295	0.00295	0.85530
9	0.01034	0.00886	0.01034	0.00738	0.01181	0.00664	0.00591	0.01255	0.01034	0.01624	0.00886	0.01034	0.00738	0.00369	0.00369	0.00074	0.00369	0.00295	0.00295	0.85530
10	0.00725	0.00483	0.00544	0.00544	0.00544	0.00483	0.00302	0.00725	0.00725	0.00966	0.01571	0.03262	0.01812	0.82483	0.02537	0.00483	0.00483	0.00725	0.00302	0.00302
11	0.86003	0.00964	0.00733	0.00655	0.00964	0.01118	0.00540	0.01465	0.00848	0.02236	0.00694	0.00810	0.00540	0.00463	0.00308	0.00154	0.00386	0.00270	0.00308	0.00540
12	0.01240	0.01071	0.01127	0.01014	0.01296	0.01240	0.00789	0.02649	0.78473	0.02085	0.02029	0.01860	0.01522	0.00676	0.00507	0.00169	0.00394	0.00564	0.00507	0.00789
13	0.01009	0.00936	0.01546	0.70419	0.10629	0.01133	0.01380	0.04513	0.01067	0.01386	0.00904	0.01314	0.00684	0.00497	0.00498	0.00164	0.00653	0.00443	0.00236	0.00589
14	0.01154	0.01166	0.01802	0.37629	0.33340	0.07990	0.06912	0.01460	0.01100	0.01433	0.00905	0.01255	0.00719	0.00472	0.00499	0.00156	0.00669	0.00443	0.00237	0.00658
15	0.01302	0.01239	0.04328	0.02755	0.67492	0.04248	0.01446	0.01592	0.01167	0.06417	0.02625	0.01295	0.00888	0.00470	0.00494	0.00148	0.00591	0.00450	0.00275	0.00777
16	0.86003	0.00964	0.00733	0.00655	0.00964	0.01118	0.00540	0.01465	0.00848	0.02236	0.00694	0.00810	0.00540	0.00463	0.00308	0.00154	0.00386	0.00270	0.00308	0.00540
17	0.01975	0.00856	0.01114	0.00871	0.01221	0.00776	0.00713	0.09938	0.01506	0.60621	0.09653	0.01986	0.05065	0.00684	0.00514	0.00155	0.00410	0.00560	0.00591	0.00791
18	0.01333	0.82783	0.02612	0.00853	0.01279	0.01972	0.00853	0.01493	0.01013	0.01173	0.00693	0.00800	0.00640	0.00426	0.00320	0.00107	0.00533	0.00267	0.00213	0.00640
19	0.00835	0.00564	0.00779	0.00866	0.00983	0.00552	0.00733	0.01044	0.01153	0.04988	0.07359	0.14384	0.04154	0.01341	0.00666	0.00217	0.00420	0.58018	0.00472	0.00470
20	0.01242	0.23530	0.47245	0.01188	0.01782	0.02737	0.01406	0.01648	0.01094	0.10733	0.01043	0.01129	0.02159	0.00493	0.00438	0.00144	0.00640	0.00369	0.00265	0.00716
21	0.00725	0.00483	0.00544	0.00544	0.00544	0.00483	0.00302	0.00725	0.00725	0.00966	0.01571	0.03262	0.01812	0.82483	0.02537	0.00483	0.00483	0.00725	0.00302	0.00302
22	0.00607	0.00437	0.00575	0.00686	0.00721	0.00406	0.00459	0.00695	0.00962	0.01276	0.02844	0.78903	0.06488	0.01549	0.00634	0.00201	0.00288	0.01402	0.00463	0.00406
23	0.01613	0.01161	0.01425	0.12949	0.08893	0.01274	0.00990	0.43961	0.01781	0.09880	0.01226	0.01413	0.00921	0.05745	0.00644	0.00174	0.02045	0.00470	0.02683	0.00749
24	0.01323	0.00776	0.00984	0.00897	0.03076	0.00763	0.00700	0.09853	0.08693	0.23016	0.25660	0.04396	0.04117	0.00889	0.00562	0.00169	0.00381	0.12565	0.00533	0.00648
25	0.14732	0.00875	0.01099	0.00857	0.01231	0.00804	0.00707	0.03557	0.01356	0.66861	0.01764	0.01556	0.01124	0.00594	0.00472	0.00154	0.00420	0.00466	0.00569	0.00802
26	0.00662	0.00468	0.00607	0.00698	0.00739	0.00448	0.00486	0.00756	0.00946	0.01251	0.02552	0.52723	0.04538	0.17073	0.01009	0.00260	0.00354	0.13604	0.00431	0.00394
27	0.01229	0.01176	0.02025	0.05118	0.66567	0.01200	0.06393	0.01522	0.01117	0.02791	0.00940	0.01242	0.00783	0.00471	0.00565	0.00154	0.05241	0.00454	0.00250	0.00762
28	0.00717	0.00512	0.00640	0.00612	0.00740	0.00467	0.00459	0.00923	0.01315	0.03428	0.56223	0.07294	0.18419	0.01134	0.02483	0.00175	0.00271	0.00924	0.02800	0.00465
29	0.02212	0.00887	0.01181	0.00905	0.01292	0.00791	0.00748	0.07815	0.01492	0.74240	0.01911	0.01661	0.01206	0.00616	0.00501	0.00154	0.00433	0.00497	0.00608	0.00848
30	0.04223	0.01296	0.01452	0.08502	0.03769	0.01445	0.00975	0.59176	0.08110	0.04191	0.01226	0.01259	0.00880	0.00588	0.00494	0.00153	0.00541	0.00453	0.00464	0.00806
31	0.10528	0.02527	0.04657	0.09829	0.04939	0.04751	0.37698	0.01712	0.13212	0.01696	0.02833	0.01375	0.00920	0.00493	0.00518	0.00162	0.00675	0.00512	0.00300	0.00661
32	0.02185	0.00931	0.01208	0.00926	0.01314	0.00856	0.00765	0.13853	0.01566	0.68099	0.01850	0.01621	0.01175	0.00614	0.00501	0.00154	0.00443	0.00493	0.00599	0.00848
33	0.00685	0.00509	0.00638	0.00606	0.00732	0.00462	0.00454	0.00902	0.01363	0.01886	0.66251	0.03910	0.17633	0.01061	0.00588	0.00159	0.00238	0.00928	0.00534	0.00462
34	0.00712	0.00534	0.00801	0.00801	0.00890	0.00623	0.00623	0.00890	0.00801	0.01157	0.01335	0.01958	0.01246	0.03738	0.80507	0.00801	0.01335	0.00534	0.00267	0.00445
35	0.01895	0.01396	0.01496	0.01147	0.01546	0.01546	0.00947	0.77711	0.02344	0.03141	0.01197	0.01197	0.00848	0.00598	0.00499	0.00150	0.00548	0.00449	0.00499	0.00848
36	0.00615	0.00437	0.00576	0.00685	0.00712	0.00410	0.00453	0.00696	0.00940	0.01254	0.02675	0.77309	0.03205	0.06534	0.00753	0.00220	0.00301	0.01374	0.00453	0.00399
37	0.01091	0.01091	0.01527	0.01309	0.01309	0.01527	0.01091	0.01200	0.00763	0.01200	0.00654	0.01091	0.00654	0.00872	0.01636	0.00218	0.81570	0.00436	0.00218	0.00545
38	0.01234	0.01184	0.02023	0.03059	0.79373	0.01184	0.01530	0.01530	0.01135	0.01628	0.00938	0.01234	0.00790	0.00444	0.00493	0.00148	0.00592	0.00444	0.00247	0.00790
39	0.01384	0.01142	0.01208	0.01044	0.01351	0.01307	0.00824	0.19192	0.61695	0.02318	0.01845	0.01714	0.01373	0.00659	0.00505	0.00165	0.00428	0.00538	0.00505	0.00802
40	0.01758	0.01315	0.01409	0.01113	0.01486	0.01464	0.00909	0.59882	0.18966	0.04357	0.01393	0.01351	0.01002	0.00616	0.00501	0.00154	0.00512	0.00475	0.00503	0.00835
41	0.01240	0.01071	0.01127	0.01014	0.01296	0.01240	0.00789	0.02649	0.78473	0.02085	0.02029	0.01860	0.01522	0.00676	0.00507	0.00169	0.00394	0.00564	0.00507	0.00789
42	0.00941	0.00886	0.01495	0.81285	0.03433	0.01107	0.01384	0.01274	0.00997	0.01274	0.00886	0.01329	0.00664	0.00498	0.00498	0.00166	0.00664	0.00443	0.00221	0.00554
43	0.01179	0.29489	0.44672	0.01218	0.01810	0.01461	0.03403	0.06260	0.03403	0.01553	0.00881	0.01007	0.00677	0.00470	0.00427	0.00141	0.00649	0.00350	0.00239	0.00711
44	0.01014	0.00974	0.01368	0.02605	0.01243	0.01332	0.00985	0.01130	0.00771	0.01182	0.00807	0.01341	0.00804	0.05939	0.12780	0.00314	0.64198	0.00467	0.00230	0.00517
45	0.00634	0.00507	0.00568	0.00553	0.00701	0.00440	0.00414	0.00803	0.01243	0.01601	0.33913	0.04379	0.50149	0.01168	0.00589	0.00164	0.00246	0.00993	0.00496	0.00440
46	0.01256	0.01246	0.06797	0.07206	0.60207	0.01158	0.07082	0.01575	0.01142	0.06071	0.00996	0.01263	0.00796	0.00457	0.00500	0.00151	0.00614	0.00453	0.00265	0.00768
47	0.01013	0.00959	0.01625	0.61999	0.22155	0.01126	0.01420	0.01337	0.01031	0.01361	0.00899	0.01305	0.00695	0.00485	0.00497	0.00162	0.00647	0.00443	0.00228	0.00612
48	0.03793	0.00826	0.01007	0.00857	0.01135	0.00820	0.00680	0.03163	0.22317	0.34228	0.18106	0.05799	0.02135	0.00769	0.00525	0.00162	0.00372	0.02032	0.00553	0.00718
49	0.02184	0.00837	0.01142	0.00881	0.01257	0.00726	0.00726	0.02377	0.01416	0.77030	0.03330	0.01737	0.01296	0.00676	0.01831	0.00165	0.00436	0.00509	0.00610	0.00835
50	0.00675	0.00587	0.04216	0.00863	0.05304	0.00496	0.00602	0.00811	0.01005	0.01346	0.04934	0.62523	0.07334	0.01405	0.00620	0.00196	0.00333	0.05863	0.00441	0.00448
51	0.02643	0.00903	0.01534	0.68015	0.05378	0.01086	0.05642	0.01288	0.01017	0.01335	0.00998	0.01581	0.00806	0.00546	0.00511	0.00169	0.00654	0.05092	0.00240	0.00561
52	0.02879	0.52301	0.14178	0.05951	0.01591	0.09203	0.02203	0.03049	0.01078	0.01311	0.00757	0.00901	0.00644	0.00457	0.00393	0.00124	0.01800	0.00309	0.00226	0.00645
53	0.00731	0.00477	0.00577	0.00601	0.00639	0.00485	0.00391	0.00813	0.00836	0.01203	0.01793	0.19526	0.01956	0.40501	0.13412	0.00412	0.00529	0.00801	0.13945	0.00371
54	0.24662	0.01813	0.01246	0.04723	0.03550	0.48233	0.00879	0.03305	0.01238	0.03290	0.00792	0.00931	0.00637	0.00509	0.00442	0.00141	0.02422	0.00325	0.00281	0.00583
55	0.02189	0.00838	0.01142	0.00879	0.01256	0.00724	0.00724	0.02383	0.01426	0.77313	0.04354	0.01759	0.01341	0.00629	0.00504	0.00154	0.00418	0.00514	0.00615	0.00837
56	0.06135	0.01110	0.05072	0.21535	0.22442	0.01126	0.01156	0.17644	0.01356	0.06737	0.02458	0.03218	0.06672	0.00595	0.00496	0.00157	0.00549	0.00506	0.00344	0.00690
57	0.01732	0.01418	0.06293	0.02989	0.04009	0.01470	0.01014	0.61367	0.09916	0.02850	0.01248	0.01259	0.00897	0.00592	0.00498	0.00152	0.00548	0.00455	0.00468	0.00827
58	0.02236	0.00848	0.01157	0.00887	0.01272	0.00733	0.00733	0.02429	0.01427	0.79719	0.01966	0.01697	0.01234	0.00617	0.00501	0.00154	0.00424	0.00501	0.00617	0.00848
59	0.01018	0.06988	0.75650	0.01389	0.02109	0.01202	0.01787	0.01574	0.01050	0.01556	0.00883	0.01038	0.00632	0.00471	0.00465	0.00155	0.00725	0.00363	0.00211	0.00731
60	0.00734	0.00516	0.00672	0.00629	0.00754	0.00475	0.00473	0.00966	0.01404	0.03605	0.75609	0.03708	0.06531	0.01017	0.00586	0.00157	0.00240	0.00897	0.00548	0.00477
61	0.00616	0.00462	0.00572	0.00647	0.00721	0.00419	0.00452	0.00728	0.01040	0.01351	0.08919	0.54165	0.23009	0.01439	0.00622	0.00191	0.00281	0.03483	0.00469	0.00415
62	0.01137	0.00528	0.00580	0.00536	0.00693	0.00509	0.00410	0.01357	0.01099	0.14552	0.01680	0.01869	0.01284	0.02729	0.00431	0.00132	0.00270	0.00477	0.69205	0.00523
63	0.01029	0.02377	0.67331	0.01532	0.02230	0.01174	0.14209	0.01581	0.01073	0.01581	0.00913	0.01100	0.00652	0.00465	0.00492	0.00160	0.00754	0.00404	0.00217	0.00726

[dist]
# distance from previous block
# <min> <max>
0	8

[block]
# block no. 5 follows, 50 sequences, length 28
# corresponding to MSA columns:
# 336-363
name=unknown_F
#
# <colnr> <probs for GDERKNQSTAVLIFYWHMCP>
#	G	D	E	R	K	N	Q	S	T	A	V	L	I	F	Y	W	H	M	C	P
0	0.00630	0.00451	0.00604	0.00711	0.00752	0.00424	0.00494	0.00738	0.00996	0.01330	0.06688	0.71091	0.03330	0.01517	0.00638	0.00203	0.00302	0.08222	0.00467	0.00413
1	0.00968	0.00913	0.01543	0.74121	0.10387	0.01114	0.01398	0.01297	0.01009	0.01306	0.00891	0.01320	0.00676	0.00493	0.00498	0.00164	0.00658	0.00443	0.00224	0.00575
2	0.00716	0.00519	0.00722	0.00722	0.00784	0.00580	0.00525	0.00840	0.00778	0.01099	0.01407	0.02356	0.01419	0.27780	0.56702	0.00704	0.01075	0.00592	0.00278	0.00401
3	0.03318	0.73351	0.02456	0.00889	0.01297	0.09335	0.00856	0.01539	0.01047	0.01201	0.00700	0.00809	0.00638	0.00435	0.00332	0.00110	0.00564	0.00272	0.00219	0.00632
4	0.00649	0.00466	0.00616	0.00666	0.00732	0.00433	0.00466	0.00799	0.01148	0.01581	0.35222	0.48802	0.03895	0.01331	0.00616	0.00183	0.00266	0.01198	0.00499	0.00433
5	0.01050	0.00924	0.01181	0.00917	0.04802	0.00720	0.04762	0.01286	0.01046	0.01623	0.00895	0.01059	0.00742	0.00375	0.00387	0.00082	0.00405	0.00318	0.00291	0.77136
6	0.01469	0.01146	0.02109	0.09169	0.14822	0.01115	0.33562	0.05215	0.01264	0.21820	0.01236	0.01405	0.00879	0.00498	0.00555	0.00161	0.01970	0.00520	0.00353	0.00732
7	0.00960	0.00751	0.00862	0.00850	0.01007	0.00804	0.00632	0.10170	0.25275	0.01752	0.02409	0.42397	0.04687	0.01159	0.00581	0.00186	0.00358	0.04104	0.00481	0.00578
8	0.00716	0.00536	0.00801	0.00807	0.00897	0.00621	0.00632	0.00897	0.00818	0.01173	0.01397	0.02133	0.01323	0.03626	0.76709	0.00774	0.01293	0.04126	0.00276	0.00446
9	0.01301	0.01170	0.03445	0.04601	0.63681	0.01132	0.05374	0.01597	0.01159	0.08764	0.01100	0.01339	0.02100	0.00474	0.00500	0.00151	0.00589	0.00465	0.00283	0.00776
10	0.00758	0.00539	0.00634	0.00614	0.00614	0.00579	0.00374	0.00768	0.00728	0.00988	0.01487	0.03063	0.01706	0.75009	0.02454	0.00459	0.07909	0.00698	0.00294	0.00324
11	0.01091	0.01091	0.01527	0.01309	0.01309	0.01527	0.01091	0.01200	0.00763	0.01200	0.00654	0.01091	0.00654	0.00872	0.01636	0.00218	0.81570	0.00436	0.00218	0.00545
12	0.01189	0.01138	0.01942	0.15124	0.67661	0.01172	0.01507	0.01490	0.01114	0.01574	0.00930	0.01248	0.00770	0.00452	0.00494	0.00151	0.00603	0.00444	0.00243	0.00753
13	0.01174	0.01318	0.09296	0.09791	0.49625	0.01191	0.17199	0.01525	0.01123	0.01585	0.00944	0.01249	0.00757	0.00447	0.00512	0.00155	0.00663	0.00467	0.00242	0.00739
14	0.01224	0.01203	0.01991	0.10677	0.65694	0.03932	0.04943	0.01523	0.01133	0.01578	0.00930	0.01236	0.00771	0.00451	0.00497	0.00150	0.00621	0.00446	0.00245	0.00754
15	0.01184	0.02274	0.60795	0.01347	0.01996	0.01236	0.01616	0.16228	0.05305	0.01904	0.01011	0.01122	0.00719	0.00508	0.00480	0.00157	0.00683	0.00394	0.00281	0.00761
16	0.00726	0.00542	0.00739	0.03426	0.03779	0.00514	0.00540	0.00957	0.01355	0.01910	0.68280	0.08973	0.04324	0.01018	0.00585	0.00160	0.00267	0.00905	0.00520	0.00481
17	0.01318	0.73061	0.09654	0.00918	0.01367	0.04218	0.00947	0.01515	0.01028	0.01211	0.00714	0.00826	0.00639	0.00433	0.00338	0.00112	0.00563	0.00277	0.00214	0.00647
18	0.00598	0.00502	0.00520	0.00523	0.00681	0.00424	0.00390	0.00730	0.01146	0.01389	0.10240	0.08722	0.69907	0.01260	0.00591	0.00169	0.00253	0.01060	0.00469	0.00424
19	0.02098	0.01041	0.09946	0.00946	0.01371	0.00780	0.00856	0.02334	0.01385	0.70997	0.01847	0.01625	0.01167	0.00601	0.00498	0.00155	0.00459	0.00486	0.00572	0.00836
20	0.00705	0.00510	0.00666	0.00627	0.00745	0.00470	0.00470	0.00941	0.01411	0.01999	0.79110	0.03723	0.04703	0.01019	0.00588	0.00157	0.00235	0.00901	0.00549	0.00470
21	0.01333	0.82783	0.02612	0.00853	0.01279	0.01972	0.00853	0.01493	0.01013	0.01173	0.00693	0.00800	0.00640	0.00426	0.00320	0.00107	0.00533	0.00267	0.00213	0.00640
22	0.00615	0.00437	0.00576	0.00684	0.00712	0.00410	0.00452	0.00696	0.00940	0.01253	0.02673	0.77147	0.03202	0.06701	0.00757	0.00220	0.00302	0.01373	0.00452	0.00398
23	0.00866	0.00433	0.00649	0.00649	0.00649	0.00433	0.00433	0.00649	0.00649	0.00866	0.00866	0.01515	0.00866	0.01732	0.01948	0.85498	0.00433	0.00433	0.00216	0.00216
24	0.00941	0.00886	0.01495	0.81285	0.03433	0.01107	0.01384	0.01274	0.00997	0.01274	0.00886	0.01329	0.00664	0.00498	0.00498	0.00166	0.00664	0.00443	0.00221	0.00554
25	0.00722	0.00482	0.00545	0.00548	0.00549	0.00481	0.00307	0.00724	0.00731	0.00975	0.01603	0.05468	0.01854	0.80220	0.02484	0.00475	0.00478	0.00744	0.00307	0.00305
26	0.00832	0.02994	0.10118	0.00835	0.01067	0.00705	0.04341	0.01232	0.09093	0.01918	0.56472	0.03035	0.03614	0.00877	0.00559	0.00157	0.00346	0.00774	0.00482	0.00547
27	0.00986	0.00833	0.00996	0.00792	0.03149	0.00664	0.00601	0.01252	0.03990	0.01685	0.12262	0.03934	0.01419	0.00513	0.00417	0.00095	0.00354	0.00431	0.00344	0.65285

[dist]
# distance from previous block
# <min> <max>
0	61

# created by:
# /st0/software/busco_prod/Augustus/scripts/msa2prfl.pl ./align_prep/177296.fa
