[name]
unknown

[dist]
# distance from previous block
# <min> <max>
0	32

[block]
# block no. 0 follows, 44 sequences, length 6
# corresponding to MSA columns:
# 32-37
name=unknown_A
#
# <colnr> <probs for GDERKNQSTAVLIFYWHMCP>
#	G	D	E	R	K	N	Q	S	T	A	V	L	I	F	Y	W	H	M	C	P
0	0.00794	0.00601	0.00785	0.00756	0.00876	0.00592	0.00583	0.01026	0.01427	0.01990	0.56730	0.07392	0.10229	0.01186	0.00730	0.00186	0.05433	0.07617	0.00557	0.00511
1	0.01188	0.01062	0.01583	0.37720	0.02525	0.01298	0.04033	0.12033	0.01286	0.01745	0.07052	0.05410	0.01244	0.00751	0.00844	0.00193	0.18485	0.00581	0.00327	0.00640
2	0.01126	0.01104	0.01711	0.01428	0.01525	0.01408	0.12135	0.01304	0.00936	0.01410	0.01070	0.08545	0.01062	0.01128	0.06174	0.00263	0.52868	0.00607	0.03601	0.00593
3	0.13183	0.14920	0.07357	0.06191	0.03099	0.17824	0.04612	0.06204	0.01258	0.03894	0.03175	0.01345	0.00941	0.05783	0.00735	0.00185	0.07890	0.00435	0.00310	0.00659
4	0.16227	0.35260	0.01885	0.00949	0.01369	0.12663	0.00833	0.04726	0.01204	0.01691	0.00838	0.00965	0.00713	0.00482	0.00388	0.00124	0.00574	0.00316	0.00291	0.18503
5	0.05295	0.03640	0.01569	0.01178	0.01596	0.01414	0.03906	0.45570	0.04729	0.20652	0.01545	0.03888	0.01111	0.00676	0.00541	0.00167	0.00558	0.00534	0.00547	0.00883

[dist]
# distance from previous block
# <min> <max>
0	13

[block]
# block no. 1 follows, 44 sequences, length 6
# corresponding to MSA columns:
# 51-56
name=unknown_B
#
# <colnr> <probs for GDERKNQSTAVLIFYWHMCP>
#	G	D	E	R	K	N	Q	S	T	A	V	L	I	F	Y	W	H	M	C	P
0	0.01424	0.17122	0.12635	0.01237	0.01683	0.04911	0.10005	0.14969	0.12324	0.04498	0.01864	0.01886	0.11743	0.00686	0.00528	0.00163	0.00607	0.00565	0.00395	0.00754
1	0.00923	0.10275	0.01027	0.00765	0.00829	0.00883	0.00542	0.00975	0.00842	0.01133	0.01453	0.02826	0.01616	0.54876	0.08295	0.00469	0.10869	0.00676	0.00304	0.00421
2	0.04383	0.33291	0.13570	0.09791	0.01792	0.01569	0.01119	0.06889	0.04798	0.06660	0.03200	0.01246	0.00935	0.00550	0.00479	0.00146	0.02481	0.00402	0.00320	0.06378
3	0.00733	0.00536	0.00667	0.00671	0.00773	0.00493	0.00477	0.00910	0.01311	0.01789	0.42621	0.20136	0.15206	0.10145	0.00891	0.00223	0.00303	0.01107	0.00537	0.00471
4	0.01386	0.34007	0.20968	0.01079	0.01556	0.04766	0.01128	0.01674	0.01212	0.10614	0.04236	0.01677	0.09445	0.00650	0.00516	0.00152	0.03410	0.00479	0.00331	0.00714
5	0.00884	0.00639	0.00844	0.00829	0.00950	0.00726	0.00634	0.01236	0.09960	0.01487	0.01617	0.02212	0.01448	0.08551	0.52310	0.00657	0.01092	0.00591	0.12809	0.00524

[dist]
# distance from previous block
# <min> <max>
0	4

[block]
# block no. 2 follows, 44 sequences, length 18
# corresponding to MSA columns:
# 61-78
name=unknown_C
#
# <colnr> <probs for GDERKNQSTAVLIFYWHMCP>
#	G	D	E	R	K	N	Q	S	T	A	V	L	I	F	Y	W	H	M	C	P
0	0.01440	0.60720	0.07795	0.01018	0.01454	0.10763	0.00991	0.01637	0.01156	0.01328	0.00948	0.06767	0.00913	0.00572	0.00403	0.00131	0.00625	0.00399	0.00259	0.00680
1	0.18927	0.01115	0.01122	0.00990	0.01309	0.01262	0.00782	0.07541	0.46643	0.05591	0.02089	0.01971	0.06935	0.00729	0.00515	0.00179	0.00431	0.00576	0.00510	0.00783
2	0.21579	0.29722	0.22988	0.01066	0.01561	0.04276	0.01133	0.01641	0.01083	0.03120	0.00900	0.01069	0.00732	0.00764	0.06168	0.00203	0.00682	0.00352	0.00272	0.00689
3	0.01371	0.36549	0.07782	0.01340	0.01766	0.01724	0.16694	0.07089	0.04459	0.01611	0.00989	0.01231	0.00834	0.02067	0.03736	0.00191	0.09128	0.00442	0.00283	0.00713
4	0.75532	0.00996	0.00776	0.00700	0.01006	0.01146	0.00564	0.01531	0.00926	0.02329	0.00866	0.01124	0.00722	0.06424	0.00518	0.00194	0.00424	0.00339	0.03315	0.00568
5	0.00863	0.00870	0.06574	0.01081	0.01278	0.00724	0.16323	0.01055	0.01063	0.01434	0.05162	0.30760	0.05941	0.22889	0.01234	0.00290	0.00531	0.01031	0.00394	0.00503
6	0.01160	0.15773	0.42196	0.17914	0.02533	0.01418	0.08438	0.01642	0.01143	0.01582	0.00950	0.01196	0.00712	0.00509	0.00506	0.00166	0.00761	0.00423	0.00237	0.00739
7	0.00879	0.00686	0.00813	0.00759	0.00932	0.00685	0.00576	0.01392	0.17261	0.02120	0.52716	0.03786	0.13143	0.01068	0.00625	0.00176	0.00296	0.00928	0.00579	0.00581
8	0.00776	0.00977	0.16900	0.00898	0.01088	0.00630	0.00794	0.00968	0.01024	0.01406	0.02361	0.50801	0.02718	0.14831	0.01010	0.00263	0.00455	0.01181	0.00418	0.00500
9	0.01230	0.01221	0.02109	0.21238	0.32435	0.01366	0.12586	0.01540	0.01126	0.01583	0.00958	0.01360	0.00794	0.00595	0.00819	0.00186	0.17363	0.00507	0.00257	0.00726
10	0.00848	0.00601	0.00757	0.00778	0.00864	0.00621	0.00574	0.02332	0.04024	0.01463	0.07409	0.08823	0.04781	0.28440	0.15981	0.00442	0.00642	0.16151	0.04007	0.00459
11	0.01260	0.01428	0.03106	0.02232	0.02761	0.01339	0.72244	0.01704	0.01276	0.01731	0.01185	0.04860	0.00946	0.00513	0.00646	0.00185	0.00893	0.00682	0.00286	0.00723
12	0.18329	0.00622	0.00642	0.00682	0.00828	0.00613	0.00494	0.00944	0.01085	0.01640	0.03358	0.39075	0.27108	0.01348	0.00604	0.00198	0.00325	0.01155	0.00471	0.00480
13	0.00760	0.00538	0.00610	0.00610	0.00657	0.00527	0.00378	0.00806	0.00895	0.01162	0.02496	0.03798	0.17751	0.57506	0.08877	0.00486	0.00556	0.00850	0.00364	0.00371
14	0.01887	0.01457	0.01643	0.01292	0.01636	0.01686	0.01069	0.59994	0.02200	0.02989	0.01184	0.01284	0.00883	0.00717	0.00807	0.00179	0.17265	0.00488	0.00481	0.00858
15	0.00699	0.00501	0.00664	0.00735	0.00798	0.00466	0.00509	0.00847	0.01206	0.01649	0.27058	0.55696	0.04105	0.01515	0.00679	0.00205	0.00297	0.01367	0.00537	0.00466
16	0.01507	0.01246	0.01318	0.01140	0.01475	0.01426	0.00899	0.18191	0.60915	0.02524	0.02028	0.01882	0.01509	0.00722	0.00553	0.00180	0.00467	0.00590	0.00553	0.00876
17	0.01621	0.01197	0.01207	0.01010	0.01298	0.07583	0.00798	0.37684	0.01856	0.05577	0.01605	0.10182	0.01364	0.03218	0.03674	0.00199	0.00555	0.00613	0.18031	0.00727

[dist]
# distance from previous block
# <min> <max>
6	18

[block]
# block no. 3 follows, 44 sequences, length 10
# corresponding to MSA columns:
# 97-106
name=unknown_D
#
# <colnr> <probs for GDERKNQSTAVLIFYWHMCP>
#	G	D	E	R	K	N	Q	S	T	A	V	L	I	F	Y	W	H	M	C	P
0	0.00838	0.00672	0.00936	0.01105	0.13401	0.00629	0.00687	0.01075	0.01409	0.01945	0.47524	0.08854	0.16644	0.01096	0.00630	0.00175	0.00329	0.00969	0.00524	0.00558
1	0.03277	0.10698	0.01629	0.14080	0.04994	0.03040	0.01036	0.31388	0.08656	0.05121	0.04456	0.03121	0.04792	0.00683	0.00529	0.00165	0.00571	0.00543	0.00443	0.00779
2	0.11940	0.36760	0.13208	0.01067	0.01536	0.05748	0.01051	0.13852	0.03946	0.01892	0.01108	0.01192	0.03527	0.00557	0.00430	0.00145	0.00603	0.00386	0.00321	0.00732
3	0.23660	0.28483	0.18251	0.01021	0.01477	0.03452	0.01041	0.05551	0.01152	0.01818	0.01060	0.08843	0.00968	0.00624	0.00431	0.00156	0.00573	0.00453	0.00305	0.00678
4	0.01740	0.01380	0.01653	0.01264	0.01702	0.01455	0.08314	0.45959	0.12504	0.02835	0.01360	0.01397	0.01000	0.00606	0.00533	0.00155	0.00576	0.00496	0.00483	0.14590
5	0.01388	0.60015	0.02370	0.00936	0.01328	0.01829	0.00873	0.08812	0.01241	0.01514	0.01182	0.14010	0.01200	0.00689	0.00426	0.00138	0.00541	0.00518	0.00309	0.00680
6	0.00699	0.00500	0.00673	0.00799	0.00846	0.00473	0.00567	0.00820	0.01079	0.01431	0.02985	0.68260	0.03529	0.01675	0.00705	0.00226	0.00347	0.13427	0.00505	0.00453
7	0.01459	0.03516	0.14626	0.01096	0.01456	0.17419	0.00987	0.01895	0.11613	0.14873	0.07792	0.09462	0.09836	0.00834	0.00558	0.00171	0.00583	0.00676	0.00446	0.00702
8	0.01826	0.01225	0.03569	0.01102	0.01471	0.01245	0.00908	0.36171	0.11540	0.19845	0.04457	0.10942	0.01573	0.00806	0.00568	0.00175	0.00508	0.00659	0.00564	0.00844
9	0.00790	0.03945	0.00760	0.00656	0.00839	0.00609	0.00502	0.04804	0.01378	0.01763	0.25128	0.09385	0.44985	0.01251	0.00630	0.00179	0.00303	0.01060	0.00523	0.00509

[dist]
# distance from previous block
# <min> <max>
0	4

[block]
# block no. 4 follows, 44 sequences, length 13
# corresponding to MSA columns:
# 111,114-125
name=unknown_E
#
# <colnr> <probs for GDERKNQSTAVLIFYWHMCP>
#	G	D	E	R	K	N	Q	S	T	A	V	L	I	F	Y	W	H	M	C	P
0	0.01705	0.09543	0.10799	0.01233	0.04063	0.01482	0.01081	0.41674	0.04596	0.05031	0.04603	0.01426	0.01108	0.00622	0.00513	0.00155	0.00575	0.00478	0.03322	0.05991
1	0.11133	0.24363	0.33330	0.01174	0.01701	0.06563	0.01296	0.01599	0.01126	0.01621	0.01124	0.10542	0.01032	0.00648	0.00469	0.00160	0.00651	0.00493	0.00280	0.00695
2	0.07008	0.01268	0.07560	0.08788	0.38627	0.01236	0.01372	0.04219	0.01187	0.01743	0.01422	0.01690	0.08488	0.00683	0.00726	0.02320	0.10102	0.00532	0.00299	0.00732
3	0.00721	0.00539	0.00749	0.10187	0.01126	0.00544	0.00609	0.00838	0.01024	0.01358	0.02631	0.63272	0.03097	0.09529	0.00887	0.00248	0.00387	0.01346	0.00457	0.00451
4	0.01082	0.00968	0.01527	0.55721	0.10101	0.01154	0.01341	0.01543	0.08689	0.01573	0.01222	0.03635	0.00967	0.00597	0.00536	0.00177	0.00639	0.00528	0.07358	0.00643
5	0.00672	0.00494	0.00631	0.00721	0.00785	0.00453	0.00493	0.00790	0.01124	0.01484	0.10907	0.61641	0.14605	0.01600	0.00683	0.00211	0.00304	0.01434	0.00516	0.00453
6	0.00822	0.00626	0.00850	0.00947	0.08500	0.00591	0.00613	0.01039	0.01370	0.01908	0.49871	0.07664	0.08890	0.10668	0.00894	0.00219	0.00341	0.03147	0.00521	0.00520
7	0.01905	0.01321	0.01463	0.01145	0.01525	0.01428	0.00930	0.55566	0.04936	0.08778	0.01351	0.01413	0.00985	0.00798	0.00731	0.10230	0.00561	0.00492	0.00510	0.03934
8	0.00704	0.00561	0.00614	0.00632	0.00770	0.00504	0.00457	0.00875	0.03550	0.01481	0.08237	0.15808	0.48118	0.10926	0.00909	0.00233	0.00326	0.04343	0.00491	0.00460
9	0.20911	0.14619	0.06443	0.01224	0.04559	0.07463	0.04226	0.20636	0.06437	0.04301	0.01076	0.01172	0.00825	0.00575	0.00507	0.00161	0.03320	0.00412	0.00377	0.00755
10	0.15494	0.12438	0.49820	0.01302	0.01958	0.01377	0.01557	0.04790	0.01178	0.04063	0.00960	0.01097	0.00704	0.00520	0.00468	0.00164	0.00693	0.00378	0.00275	0.00764
11	0.10612	0.11797	0.29660	0.04230	0.09427	0.03730	0.01336	0.04052	0.02837	0.01816	0.03093	0.01270	0.01932	0.00532	0.00471	0.00151	0.00631	0.00410	0.00292	0.11720
12	0.18521	0.12273	0.21858	0.09068	0.03872	0.02697	0.03532	0.07699	0.01260	0.03283	0.06005	0.01529	0.05047	0.00607	0.00482	0.00164	0.00605	0.00469	0.00329	0.00699

[dist]
# distance from previous block
# <min> <max>
2	68

[block]
# block no. 5 follows, 44 sequences, length 17
# corresponding to MSA columns:
# 204-220
name=unknown_F
#
# <colnr> <probs for GDERKNQSTAVLIFYWHMCP>
#	G	D	E	R	K	N	Q	S	T	A	V	L	I	F	Y	W	H	M	C	P
0	0.05059	0.04479	0.02825	0.00982	0.04338	0.07744	0.00758	0.09665	0.02741	0.15299	0.07105	0.04792	0.06435	0.00939	0.04740	0.00197	0.00519	0.01937	0.18775	0.00672
1	0.04175	0.04257	0.09607	0.08993	0.01618	0.02759	0.02993	0.12343	0.02526	0.13965	0.01719	0.20445	0.01596	0.02788	0.00686	0.04058	0.00539	0.00733	0.00432	0.03769
2	0.02833	0.10755	0.18327	0.01150	0.01627	0.10135	0.03125	0.07192	0.05530	0.07150	0.02582	0.04344	0.02483	0.00608	0.00492	0.00145	0.00608	0.01502	0.00358	0.19055
3	0.00930	0.00733	0.01115	0.01017	0.01181	0.00707	0.11610	0.06273	0.01216	0.03295	0.03820	0.39390	0.08087	0.09639	0.00892	0.00242	0.00465	0.08400	0.00461	0.00527
4	0.01328	0.01338	0.18533	0.03243	0.01527	0.01005	0.01051	0.17751	0.03250	0.10931	0.13718	0.16973	0.02197	0.00931	0.00592	0.00183	0.00519	0.03734	0.00480	0.00715
5	0.01151	0.01167	0.05345	0.20555	0.30007	0.01147	0.09078	0.01562	0.05515	0.01692	0.03928	0.02210	0.05370	0.00687	0.00583	0.00181	0.00642	0.08137	0.00326	0.00716
6	0.01915	0.01449	0.01548	0.01223	0.01631	0.01617	0.00998	0.59662	0.18779	0.03182	0.01509	0.01468	0.01089	0.00673	0.00547	0.00168	0.00563	0.00518	0.00547	0.00913
7	0.01399	0.63617	0.02596	0.01042	0.01406	0.02050	0.00990	0.01562	0.01048	0.01289	0.00749	0.00944	0.00703	0.00573	0.00666	0.00143	0.17977	0.00332	0.00234	0.00677
8	0.01146	0.02463	0.58588	0.01788	0.05451	0.01292	0.18119	0.01729	0.01184	0.01733	0.01008	0.01229	0.00727	0.00504	0.00546	0.00175	0.00824	0.00459	0.00242	0.00793
9	0.01206	0.24464	0.53690	0.01464	0.05556	0.01514	0.01699	0.01698	0.01143	0.01606	0.00919	0.01084	0.00701	0.00502	0.00472	0.00157	0.00737	0.00376	0.00233	0.00779
10	0.00852	0.18189	0.01117	0.00780	0.00904	0.00828	0.00582	0.00954	0.01032	0.01333	0.02380	0.55131	0.02802	0.09545	0.00833	0.00230	0.00397	0.01196	0.00428	0.00488
11	0.02132	0.00836	0.01099	0.00869	0.01226	0.00737	0.00709	0.02353	0.01469	0.61186	0.02069	0.01894	0.01360	0.00666	0.00512	0.00160	0.00418	0.00539	0.18932	0.00836
12	0.01030	0.00969	0.01635	0.79530	0.03755	0.01211	0.01514	0.01393	0.01090	0.01393	0.00969	0.01453	0.00727	0.00545	0.00545	0.00182	0.00727	0.00484	0.00242	0.00606
13	0.00868	0.00640	0.00865	0.06111	0.03764	0.00622	0.00762	0.01075	0.01225	0.04376	0.04892	0.16692	0.21766	0.01368	0.00686	0.00217	0.00429	0.32638	0.00487	0.00518
14	0.00713	0.00515	0.00680	0.00795	0.00857	0.00487	0.00577	0.00843	0.01097	0.01441	0.03111	0.57278	0.08284	0.03663	0.00758	0.00233	0.00360	0.17354	0.00501	0.00454
15	0.01244	0.01767	0.19632	0.02135	0.02742	0.01354	0.59341	0.01742	0.01257	0.01742	0.01076	0.01400	0.00797	0.00472	0.00616	0.00181	0.00894	0.00591	0.00266	0.00751
16	0.04723	0.18689	0.07611	0.01000	0.01458	0.01149	0.00918	0.02326	0.01409	0.52680	0.01709	0.01554	0.01131	0.00611	0.00496	0.00158	0.00515	0.00473	0.00532	0.00858

[dist]
# distance from previous block
# <min> <max>
5	18

[block]
# block no. 6 follows, 44 sequences, length 46
# corresponding to MSA columns:
# 254-299
name=unknown_G
#
# <colnr> <probs for GDERKNQSTAVLIFYWHMCP>
#	G	D	E	R	K	N	Q	S	T	A	V	L	I	F	Y	W	H	M	C	P
0	0.23914	0.21737	0.04463	0.01055	0.01427	0.21152	0.03071	0.08157	0.01306	0.01879	0.00920	0.01054	0.00745	0.00532	0.00417	0.00145	0.00637	0.00355	0.06370	0.00664
1	0.24570	0.01328	0.01378	0.09440	0.14668	0.11738	0.01011	0.12578	0.05639	0.02109	0.01172	0.06949	0.01004	0.00633	0.00486	0.00166	0.00586	0.00494	0.00363	0.03689
2	0.20767	0.03400	0.21312	0.07561	0.10221	0.01234	0.02681	0.02849	0.06630	0.11435	0.01203	0.01404	0.00905	0.00590	0.00544	0.00175	0.03892	0.02098	0.00351	0.00748
3	0.03380	0.01664	0.28594	0.01457	0.03491	0.01100	0.18050	0.01604	0.05451	0.03297	0.13634	0.02049	0.07062	0.00686	0.00606	0.00175	0.02944	0.00618	0.00354	0.03785
4	0.00800	0.00557	0.00649	0.00656	0.00697	0.00553	0.00415	0.00911	0.03698	0.01303	0.10838	0.09802	0.05284	0.55551	0.02103	0.00424	0.00466	0.04501	0.00399	0.00393
5	0.01086	0.06330	0.53326	0.12723	0.06634	0.01246	0.01758	0.01601	0.01137	0.01635	0.01115	0.06948	0.00918	0.00604	0.00527	0.00174	0.00739	0.00497	0.00254	0.00749
6	0.10394	0.01608	0.14749	0.05572	0.08800	0.02937	0.30645	0.10781	0.01389	0.06251	0.01111	0.01336	0.00816	0.00518	0.00556	0.00174	0.00751	0.00515	0.00328	0.00768
7	0.01117	0.01056	0.01760	0.58311	0.17747	0.01240	0.03280	0.01546	0.05671	0.01530	0.01058	0.01469	0.00812	0.00543	0.00547	0.00178	0.00698	0.00497	0.00267	0.00674
8	0.00708	0.00542	0.00649	0.00648	0.00782	0.00483	0.00476	0.00896	0.01354	0.01799	0.39182	0.16549	0.31346	0.01306	0.00652	0.00184	0.00273	0.01135	0.00551	0.00483
9	0.02839	0.01374	0.14042	0.43856	0.03131	0.01258	0.18166	0.01513	0.01124	0.01535	0.00987	0.01393	0.00745	0.00563	0.00634	0.01930	0.03499	0.00503	0.00250	0.00658
10	0.04304	0.01047	0.01187	0.00864	0.01337	0.00875	0.00697	0.11383	0.01316	0.02024	0.01007	0.01146	0.00816	0.00441	0.00420	0.00095	0.00431	0.00345	0.00353	0.69912
11	0.00903	0.00687	0.00970	0.00928	0.01045	0.00809	0.00731	0.06417	0.01002	0.01443	0.01413	0.02023	0.01294	0.03576	0.66690	0.00770	0.06002	0.00569	0.02204	0.00526
12	0.00744	0.00560	0.00703	0.00714	0.00846	0.00519	0.00549	0.00950	0.01339	0.01793	0.36472	0.11730	0.23498	0.01462	0.05023	0.00230	0.00370	0.11474	0.00535	0.00490
13	0.01657	0.11197	0.07741	0.07625	0.01950	0.14414	0.09722	0.19865	0.06048	0.06727	0.01150	0.01289	0.00871	0.00604	0.00618	0.00166	0.06757	0.00464	0.00370	0.00764
14	0.04443	0.01405	0.02922	0.07180	0.10602	0.01354	0.60310	0.01711	0.01256	0.01754	0.01073	0.01435	0.00816	0.00469	0.00615	0.00181	0.00860	0.00604	0.00275	0.00735
15	0.00783	0.00553	0.00704	0.00666	0.00798	0.00511	0.00500	0.01034	0.01500	0.02140	0.68204	0.03981	0.08373	0.01093	0.00624	0.00169	0.00258	0.00959	0.06637	0.00511
16	0.00779	0.00606	0.00906	0.05999	0.01169	0.00596	0.05225	0.02250	0.01116	0.01481	0.02711	0.59552	0.03141	0.01511	0.00688	0.00219	0.00409	0.10680	0.00475	0.00488
17	0.03326	0.00696	0.01033	0.01141	0.04704	0.00691	0.05019	0.01149	0.01216	0.01634	0.02656	0.16222	0.02897	0.01400	0.00717	0.00236	0.00503	0.53759	0.00474	0.00526
18	0.00779	0.00584	0.00876	0.00876	0.00974	0.00681	0.00681	0.00974	0.00876	0.01266	0.01460	0.02142	0.01363	0.04089	0.78680	0.00876	0.01460	0.00584	0.00292	0.00487
19	0.01093	0.02820	0.78016	0.01554	0.02360	0.01266	0.02014	0.01727	0.01151	0.01727	0.00978	0.01151	0.00691	0.00518	0.00518	0.00173	0.00806	0.00403	0.00230	0.00806
20	0.01458	0.81168	0.02857	0.00933	0.01399	0.02157	0.00933	0.01632	0.01108	0.01283	0.00758	0.00875	0.00700	0.00466	0.00350	0.00117	0.00583	0.00292	0.00233	0.00700
21	0.01148	0.00982	0.03087	0.00835	0.01288	0.00735	0.00681	0.01415	0.02696	0.04643	0.01196	0.07258	0.01057	0.00524	0.00438	0.00099	0.00410	0.00434	0.00353	0.70723
22	0.01126	0.06701	0.01283	0.04969	0.04814	0.02632	0.02378	0.01461	0.07860	0.07232	0.27136	0.05013	0.08242	0.00947	0.00777	0.00184	0.12698	0.03467	0.00459	0.00622
23	0.03106	0.00948	0.01540	0.66725	0.03339	0.01141	0.01382	0.01502	0.01132	0.09182	0.01161	0.04481	0.00896	0.00601	0.00546	0.00182	0.00677	0.00527	0.00298	0.00632
24	0.01287	0.01471	0.03217	0.02298	0.02849	0.01379	0.75460	0.01746	0.01287	0.01746	0.01103	0.01471	0.00827	0.00460	0.00643	0.00184	0.00919	0.00643	0.00276	0.00735
25	0.01179	0.09967	0.66877	0.01489	0.02234	0.05670	0.01862	0.01743	0.01169	0.01664	0.00951	0.01116	0.00692	0.00516	0.00501	0.00166	0.00795	0.00390	0.00233	0.00786
26	0.02147	0.00949	0.04111	0.00979	0.01370	0.00786	0.00839	0.02381	0.01514	0.63233	0.06411	0.02373	0.01713	0.00775	0.00572	0.00177	0.00469	0.07705	0.00637	0.00858
27	0.02446	0.00928	0.01265	0.00970	0.01392	0.00801	0.00801	0.02657	0.01560	0.77817	0.02151	0.01856	0.01350	0.00675	0.00548	0.00169	0.00464	0.00548	0.00675	0.00928
28	0.01030	0.00966	0.01627	0.74672	0.06212	0.01192	0.01491	0.01385	0.01094	0.01406	0.01029	0.03688	0.00813	0.00576	0.00549	0.00182	0.00712	0.00515	0.00251	0.00610
29	0.01366	0.01285	0.02139	0.08757	0.67862	0.01311	0.01626	0.05783	0.01304	0.01845	0.01037	0.01355	0.00857	0.00499	0.00540	0.00163	0.00651	0.00486	0.00283	0.00848
30	0.01511	0.01248	0.01320	0.01141	0.01477	0.01428	0.00900	0.18635	0.60464	0.02531	0.02022	0.01877	0.01505	0.00721	0.00553	0.00180	0.00468	0.00589	0.00553	0.00877
31	0.00772	0.00557	0.00729	0.00686	0.00814	0.00514	0.00514	0.01029	0.01543	0.02186	0.77152	0.04072	0.05144	0.01115	0.00643	0.00171	0.00257	0.00986	0.00600	0.00514
32	0.01281	0.01137	0.01206	0.00891	0.01356	0.06468	0.00711	0.08102	0.01289	0.01893	0.00990	0.01136	0.00811	0.00438	0.00423	0.00093	0.00463	0.00340	0.00340	0.70632
33	0.00788	0.00632	0.00840	0.06554	0.06101	0.00600	0.00641	0.01015	0.01373	0.01845	0.40754	0.07964	0.25250	0.01146	0.00634	0.00179	0.00330	0.02310	0.00519	0.00525
34	0.01362	0.52825	0.21120	0.01092	0.01606	0.01804	0.01183	0.01649	0.01121	0.03792	0.00924	0.02649	0.00794	0.00534	0.00460	0.00139	0.03665	0.00365	0.02198	0.00719
35	0.01270	0.02315	0.52546	0.04440	0.12602	0.03865	0.03206	0.01834	0.03969	0.07251	0.01113	0.01273	0.00802	0.00534	0.00527	0.00171	0.00751	0.00438	0.00283	0.00810
36	0.00666	0.00480	0.00631	0.00747	0.00788	0.00445	0.00501	0.00766	0.01065	0.01414	0.04781	0.74889	0.07455	0.01678	0.00692	0.00218	0.00313	0.01517	0.00508	0.00445
37	0.01134	0.08322	0.63680	0.01592	0.04418	0.01324	0.06917	0.01705	0.01168	0.01707	0.02570	0.01220	0.00799	0.00522	0.00518	0.00169	0.00781	0.00426	0.00242	0.00789
38	0.01093	0.02820	0.78016	0.01554	0.02360	0.01266	0.02014	0.01727	0.01151	0.01727	0.00978	0.01151	0.00691	0.00518	0.00518	0.00173	0.00806	0.00403	0.00230	0.00806
39	0.01349	0.01295	0.02213	0.03346	0.77440	0.01295	0.01673	0.01673	0.01241	0.01781	0.01025	0.01349	0.00864	0.00486	0.00540	0.00162	0.00648	0.00486	0.00270	0.00864
40	0.02422	0.00967	0.01290	0.00989	0.01411	0.00860	0.00817	0.07442	0.01626	0.72939	0.02096	0.01820	0.01322	0.00673	0.00548	0.00168	0.00473	0.00544	0.00666	0.00928
41	0.00734	0.00494	0.00661	0.00772	0.00819	0.00460	0.00524	0.00836	0.01067	0.04199	0.02971	0.76172	0.03514	0.01666	0.00692	0.00220	0.00325	0.02901	0.00512	0.00462
42	0.00770	0.00560	0.00689	0.00660	0.00805	0.00503	0.00494	0.00986	0.01438	0.03673	0.52444	0.08171	0.24385	0.01206	0.00644	0.00177	0.00270	0.01049	0.00572	0.00506
43	0.02128	0.01437	0.01581	0.01212	0.01646	0.01558	0.01001	0.64703	0.02413	0.14566	0.01435	0.01391	0.00990	0.00657	0.00546	0.00164	0.00580	0.00499	0.00565	0.00927
44	0.00663	0.00477	0.00630	0.00752	0.00789	0.00443	0.00503	0.00760	0.01051	0.01395	0.03097	0.77741	0.06290	0.01696	0.00694	0.00220	0.00315	0.01535	0.00506	0.00443
45	0.10464	0.00940	0.01220	0.00945	0.01359	0.00842	0.00781	0.02554	0.01499	0.70470	0.02015	0.01761	0.01276	0.00658	0.00528	0.00169	0.00460	0.00524	0.00642	0.00895

[dist]
# distance from previous block
# <min> <max>
0	1

[block]
# block no. 7 follows, 44 sequences, length 209
# corresponding to MSA columns:
# 301-303,316-339,341-346,348-360,364-386,389-407,410-420,432-462,468-518,520-527,534-553
name=unknown_H
#
# <colnr> <probs for GDERKNQSTAVLIFYWHMCP>
#	G	D	E	R	K	N	Q	S	T	A	V	L	I	F	Y	W	H	M	C	P
0	0.01305	0.01250	0.02132	0.14005	0.67131	0.01284	0.01651	0.01634	0.01220	0.01727	0.01018	0.01364	0.00844	0.00494	0.00540	0.00165	0.00659	0.00486	0.00266	0.00827
1	0.01084	0.04800	0.71417	0.01486	0.02242	0.01246	0.01896	0.01683	0.01173	0.01742	0.05477	0.01316	0.00954	0.00552	0.00521	0.00171	0.00767	0.00434	0.00252	0.00786
2	0.82962	0.01091	0.02398	0.00734	0.01081	0.01224	0.00620	0.01605	0.00932	0.02431	0.00764	0.00891	0.00592	0.00506	0.00341	0.00169	0.00430	0.00297	0.00335	0.00595
3	0.01862	0.02310	0.01545	0.01551	0.09751	0.64676	0.01074	0.02022	0.01490	0.01392	0.01202	0.01332	0.06267	0.00613	0.00508	0.00146	0.00896	0.00424	0.00296	0.00644
4	0.00878	0.00603	0.00693	0.00676	0.00718	0.00618	0.00420	0.06505	0.00956	0.01281	0.01792	0.10471	0.02018	0.63022	0.06707	0.00492	0.00567	0.00828	0.00361	0.00395
5	0.01354	0.01443	0.09846	0.05811	0.34105	0.04390	0.02740	0.10204	0.11086	0.01949	0.01551	0.01715	0.07126	0.00637	0.00595	0.00171	0.03581	0.00545	0.00351	0.00798
6	0.01111	0.00947	0.01109	0.00801	0.01266	0.00715	0.00639	0.01354	0.01153	0.01798	0.05042	0.01288	0.01039	0.00442	0.00417	0.00086	0.00396	0.00358	0.00338	0.79700
7	0.01971	0.01456	0.01564	0.01224	0.01641	0.01616	0.01003	0.62441	0.13992	0.05200	0.01472	0.01436	0.01052	0.00668	0.00547	0.00167	0.00570	0.00512	0.00550	0.00917
8	0.01369	0.05593	0.02233	0.03177	0.71790	0.02959	0.01621	0.01682	0.01241	0.01745	0.01007	0.01316	0.00851	0.00486	0.00529	0.00159	0.00651	0.00473	0.00268	0.00850
9	0.01398	0.20203	0.04739	0.01092	0.04595	0.08031	0.00898	0.13237	0.06327	0.05512	0.14367	0.02261	0.10648	0.00780	0.00550	0.00159	0.02069	0.02009	0.00428	0.00697
10	0.01108	0.05013	0.74082	0.01554	0.02344	0.01294	0.03750	0.01724	0.01153	0.01714	0.00975	0.01151	0.00694	0.00515	0.00516	0.00171	0.00802	0.00405	0.00231	0.00801
11	0.01160	0.01523	0.15912	0.06288	0.09212	0.01211	0.38588	0.01613	0.03253	0.01691	0.01531	0.03830	0.06775	0.02707	0.00663	0.00191	0.00768	0.02071	0.00302	0.00712
12	0.01471	0.70539	0.06818	0.01042	0.03058	0.05263	0.01014	0.03025	0.01158	0.01359	0.00789	0.00912	0.00707	0.00477	0.00372	0.00122	0.00613	0.00308	0.00242	0.00710
13	0.01199	0.02783	0.01548	0.01315	0.01382	0.08780	0.02522	0.01335	0.00942	0.01321	0.01091	0.01533	0.04899	0.02652	0.09860	0.00297	0.55180	0.00518	0.00265	0.00581
14	0.04158	0.00943	0.01263	0.00971	0.01391	0.00829	0.00802	0.04211	0.01569	0.74634	0.02104	0.01824	0.01325	0.00671	0.00544	0.00169	0.00466	0.00542	0.00665	0.00921
15	0.00785	0.00530	0.00592	0.00592	0.00602	0.00525	0.00335	0.00792	0.00817	0.01079	0.01921	0.03657	0.06005	0.76592	0.02661	0.00510	0.00515	0.00812	0.00340	0.00337
16	0.00669	0.00478	0.00638	0.00764	0.00798	0.00447	0.00514	0.00767	0.01048	0.01397	0.03002	0.78975	0.03596	0.01704	0.00697	0.00222	0.00320	0.03016	0.00506	0.00444
17	0.00695	0.00515	0.00717	0.00793	0.00852	0.00487	0.02532	0.00813	0.01069	0.01433	0.06886	0.66197	0.05722	0.03340	0.04935	0.00258	0.00394	0.01416	0.00490	0.00455
18	0.01282	0.01506	0.05183	0.02278	0.02836	0.01376	0.73529	0.01746	0.01283	0.01746	0.01100	0.01462	0.00824	0.00461	0.00640	0.00184	0.00916	0.00637	0.00275	0.00737
19	0.00664	0.00474	0.00633	0.00759	0.00791	0.00443	0.00506	0.00759	0.01044	0.01392	0.03005	0.80485	0.03606	0.01708	0.00696	0.00221	0.00316	0.01550	0.00506	0.00443
20	0.00664	0.00474	0.00633	0.00759	0.00791	0.00443	0.00506	0.00759	0.01044	0.01392	0.03005	0.80485	0.03606	0.01708	0.00696	0.00221	0.00316	0.01550	0.00506	0.00443
21	0.00793	0.00544	0.00626	0.00635	0.00660	0.00541	0.00382	0.02234	0.00886	0.01174	0.02069	0.13489	0.06130	0.62531	0.04684	0.00474	0.00518	0.00897	0.00365	0.00368
22	0.00947	0.00473	0.00710	0.00710	0.00710	0.00473	0.00473	0.00710	0.00710	0.00947	0.00947	0.01657	0.00947	0.01894	0.02131	0.84138	0.00473	0.00473	0.00237	0.00237
23	0.00793	0.00529	0.00595	0.00595	0.00595	0.00529	0.00330	0.00793	0.00793	0.01057	0.01718	0.03568	0.01982	0.80840	0.02775	0.00529	0.00529	0.00793	0.00330	0.00330
24	0.01349	0.01295	0.02213	0.03346	0.77440	0.01295	0.01673	0.01673	0.01241	0.01781	0.01025	0.01349	0.00864	0.00486	0.00540	0.00162	0.00648	0.00486	0.00270	0.00864
25	0.01256	0.01401	0.05588	0.14028	0.19288	0.01330	0.43251	0.01709	0.03378	0.01715	0.01093	0.01445	0.00839	0.00488	0.00599	0.00178	0.00813	0.00575	0.00276	0.00750
26	0.01993	0.01478	0.01583	0.01228	0.01644	0.01638	0.01006	0.69008	0.07214	0.03299	0.01378	0.01415	0.01002	0.02792	0.00605	0.00175	0.00587	0.00507	0.00540	0.00907
27	0.00793	0.00529	0.00595	0.00595	0.00595	0.00529	0.00330	0.00793	0.00793	0.01057	0.01718	0.03568	0.01982	0.80840	0.02775	0.00529	0.00529	0.00793	0.00330	0.00330
28	0.01225	0.01086	0.01681	0.60732	0.09203	0.01296	0.01448	0.13568	0.01343	0.01758	0.01029	0.01422	0.00770	0.00558	0.00545	0.00177	0.00700	0.00486	0.00294	0.00679
29	0.00947	0.00473	0.00710	0.00710	0.00710	0.00473	0.00473	0.00710	0.00710	0.00947	0.00947	0.01657	0.00947	0.01894	0.02131	0.84138	0.00473	0.00473	0.00237	0.00237
30	0.00772	0.00557	0.00729	0.00686	0.00814	0.00514	0.00514	0.01029	0.01543	0.02186	0.77152	0.04072	0.05144	0.01115	0.00643	0.00171	0.00257	0.00986	0.00600	0.00514
31	0.01988	0.06115	0.01608	0.01384	0.01666	0.73169	0.01052	0.02130	0.01507	0.01331	0.00836	0.00984	0.00702	0.00568	0.00519	0.00142	0.03038	0.00352	0.00278	0.00634
32	0.02007	0.01312	0.09181	0.01258	0.01726	0.01120	0.10777	0.19494	0.01718	0.39880	0.04641	0.01694	0.01265	0.00643	0.00561	0.00170	0.00581	0.00550	0.00545	0.00874
33	0.01258	0.00965	0.01144	0.00823	0.01302	0.00734	0.00661	0.01498	0.01172	0.09165	0.01084	0.01201	0.00860	0.00430	0.00418	0.00089	0.00410	0.00345	0.00357	0.76084
34	0.01321	0.07714	0.05492	0.00925	0.01417	0.01012	0.00802	0.12005	0.01344	0.03788	0.01029	0.01153	0.00822	0.00457	0.00429	0.00103	0.00469	0.00354	0.00351	0.59012
35	0.01016	0.00508	0.00508	0.00508	0.00635	0.00508	0.00381	0.01270	0.01143	0.02033	0.01778	0.02033	0.01397	0.00635	0.00381	0.00127	0.00254	0.00508	0.83867	0.00508
36	0.01464	0.63607	0.06825	0.02520	0.01521	0.03565	0.01013	0.05694	0.05221	0.01481	0.00883	0.00995	0.00764	0.00507	0.00414	0.00130	0.02072	0.00334	0.00268	0.00721
37	0.20289	0.10237	0.01415	0.01068	0.03392	0.10489	0.00843	0.24090	0.02969	0.04364	0.03390	0.01509	0.02855	0.05420	0.05250	0.00221	0.00627	0.00465	0.00402	0.00705
38	0.01016	0.00508	0.00508	0.00508	0.00635	0.00508	0.00381	0.01270	0.01143	0.02033	0.01778	0.02033	0.01397	0.00635	0.00381	0.00127	0.00254	0.00508	0.83867	0.00508
39	0.76786	0.03017	0.00898	0.00757	0.01100	0.03266	0.00625	0.03051	0.00996	0.04412	0.00809	0.00922	0.00623	0.00514	0.00351	0.00167	0.00445	0.00307	0.00346	0.00609
40	0.07969	0.01809	0.01603	0.16035	0.08856	0.34727	0.02934	0.14739	0.01551	0.01859	0.00981	0.01184	0.00768	0.00563	0.00505	0.00157	0.00781	0.00418	0.01864	0.00697
41	0.04966	0.09337	0.40884	0.01765	0.15389	0.04303	0.06333	0.01723	0.01185	0.03360	0.00984	0.01177	0.00747	0.00502	0.00500	0.00160	0.00726	0.00415	0.00262	0.05282
42	0.01394	0.01190	0.01254	0.01117	0.01432	0.01374	0.00872	0.06785	0.72504	0.02342	0.02170	0.01995	0.01625	0.00735	0.00554	0.00184	0.00440	0.00610	0.00554	0.00866
43	0.01130	0.00903	0.01000	0.08294	0.01305	0.04311	0.00717	0.13929	0.07471	0.03990	0.17677	0.07424	0.20495	0.07979	0.00790	0.00208	0.00443	0.00839	0.00490	0.00604
44	0.23471	0.01525	0.01201	0.01059	0.01357	0.24659	0.00833	0.15278	0.04474	0.04954	0.03154	0.01791	0.03149	0.04723	0.00608	0.00185	0.00630	0.05882	0.00402	0.00663
45	0.01086	0.01108	0.02006	0.03173	0.01924	0.02548	0.36775	0.01479	0.05327	0.01743	0.12379	0.04385	0.14149	0.00849	0.02154	0.00197	0.04710	0.00772	0.02599	0.00637
46	0.82411	0.01097	0.00822	0.00736	0.01072	0.03360	0.00603	0.01618	0.00945	0.02415	0.00761	0.00888	0.00594	0.00508	0.00342	0.00168	0.00437	0.00297	0.00336	0.00592
47	0.05431	0.00716	0.00949	0.07362	0.01349	0.02209	0.00918	0.01197	0.01230	0.01650	0.02577	0.05386	0.02758	0.01356	0.00709	0.00239	0.00525	0.62455	0.00468	0.00518
48	0.71485	0.02991	0.00910	0.00772	0.01111	0.01251	0.00634	0.01772	0.09404	0.04116	0.00954	0.01036	0.00731	0.00535	0.00367	0.00169	0.00428	0.00337	0.00367	0.00631
49	0.01560	0.09411	0.01380	0.03448	0.01403	0.19718	0.00844	0.07547	0.12124	0.12189	0.22293	0.02130	0.02168	0.00752	0.00541	0.00160	0.00558	0.00599	0.00475	0.00701
50	0.01660	0.00999	0.01217	0.00899	0.01358	0.00829	0.00731	0.07748	0.01393	0.28177	0.01404	0.01395	0.01004	0.00517	0.00465	0.00118	0.00440	0.00414	0.00462	0.48766
51	0.01064	0.05439	0.01004	0.00930	0.01063	0.16262	0.00674	0.03277	0.05212	0.01468	0.02294	0.50265	0.02596	0.02890	0.02737	0.00219	0.00513	0.01121	0.00441	0.00530
52	0.01433	0.01056	0.01241	0.00944	0.01368	0.00960	0.00761	0.09216	0.10345	0.12243	0.01299	0.01358	0.00991	0.00535	0.00529	0.00122	0.04654	0.00414	0.00416	0.50117
53	0.01877	0.01583	0.09760	0.01240	0.01695	0.01538	0.01094	0.58730	0.04380	0.05040	0.01358	0.03033	0.01010	0.02391	0.00591	0.00172	0.00601	0.00511	0.00504	0.02891
54	0.01093	0.02820	0.78016	0.01554	0.02360	0.01266	0.02014	0.01727	0.01151	0.01727	0.00978	0.01151	0.00691	0.00518	0.00518	0.00173	0.00806	0.00403	0.00230	0.00806
55	0.00988	0.00774	0.00873	0.00866	0.02437	0.00786	0.00630	0.08675	0.17052	0.03251	0.03445	0.28598	0.26986	0.01251	0.00629	0.00194	0.00364	0.01080	0.00519	0.00601
56	0.01220	0.01281	0.13588	0.13406	0.09211	0.01047	0.17175	0.01554	0.01196	0.11030	0.01617	0.19826	0.01502	0.00815	0.00632	0.00188	0.02893	0.00762	0.00365	0.00691
57	0.00806	0.00599	0.00825	0.00812	0.00871	0.00684	0.00591	0.00931	0.00846	0.01198	0.01506	0.02569	0.01535	0.29705	0.48964	0.00724	0.05441	0.00648	0.00302	0.00440
58	0.78368	0.01069	0.02473	0.00750	0.01087	0.01192	0.00637	0.01580	0.00950	0.02387	0.00879	0.01175	0.00730	0.00560	0.00364	0.00173	0.00434	0.04258	0.00344	0.00590
59	0.17894	0.00929	0.01137	0.00897	0.01287	0.00865	0.00739	0.02383	0.01418	0.59504	0.01868	0.01682	0.01209	0.00641	0.00499	0.00166	0.00445	0.00498	0.05096	0.00841
60	0.01900	0.05914	0.01626	0.01240	0.01621	0.13337	0.01010	0.48315	0.11228	0.02764	0.01306	0.01336	0.00972	0.00710	0.01958	0.00175	0.02790	0.00475	0.00477	0.00845
61	0.01075	0.01032	0.01664	0.73267	0.07670	0.03353	0.01510	0.01430	0.01111	0.01412	0.00969	0.01435	0.00733	0.00542	0.00543	0.00179	0.00730	0.00481	0.00245	0.00620
62	0.00772	0.00557	0.00729	0.00686	0.00814	0.00514	0.00514	0.01029	0.01543	0.02186	0.77152	0.04072	0.05144	0.01115	0.00643	0.00171	0.00257	0.00986	0.00600	0.00514
63	0.01093	0.02820	0.78016	0.01554	0.02360	0.01266	0.02014	0.01727	0.01151	0.01727	0.00978	0.01151	0.00691	0.00518	0.00518	0.00173	0.00806	0.00403	0.00230	0.00806
64	0.00659	0.00494	0.00612	0.00706	0.00777	0.00447	0.00483	0.00765	0.01095	0.01412	0.03648	0.61276	0.22399	0.01624	0.00683	0.00212	0.00306	0.01448	0.00506	0.00447
65	0.00789	0.00586	0.00842	0.00838	0.00917	0.00674	0.00630	0.00949	0.00861	0.01230	0.01491	0.02371	0.01458	0.17323	0.64078	0.00804	0.02782	0.00618	0.00298	0.00462
66	0.05123	0.00948	0.01491	0.64476	0.03224	0.01166	0.01343	0.03382	0.01114	0.01538	0.01025	0.01465	0.00781	0.00587	0.00577	0.01771	0.02221	0.00477	0.06692	0.00599
67	0.01016	0.00508	0.00508	0.00508	0.00635	0.00508	0.00381	0.01270	0.01143	0.02033	0.01778	0.02033	0.01397	0.00635	0.00381	0.00127	0.00254	0.00508	0.83867	0.00508
68	0.01669	0.01803	0.01475	0.03391	0.08504	0.35688	0.01032	0.08057	0.20967	0.01824	0.01405	0.01558	0.02428	0.00641	0.00523	0.00158	0.00715	0.02545	0.00384	0.05232
69	0.05893	0.01126	0.01255	0.03463	0.01369	0.02869	0.00859	0.30154	0.05723	0.02289	0.04412	0.02175	0.03440	0.12467	0.03976	0.00259	0.10175	0.04769	0.02642	0.00683
70	0.01016	0.00508	0.00508	0.00508	0.00635	0.00508	0.00381	0.01270	0.01143	0.02033	0.01778	0.02033	0.01397	0.00635	0.00381	0.00127	0.00254	0.00508	0.83867	0.00508
71	0.01787	0.01370	0.01586	0.01207	0.01640	0.01442	0.04924	0.53962	0.02140	0.02923	0.01243	0.01330	0.00923	0.00783	0.04737	0.00188	0.00627	0.00473	0.00476	0.16237
72	0.01400	0.01302	0.01570	0.32704	0.10885	0.10709	0.01239	0.15104	0.10654	0.01925	0.01384	0.01602	0.04136	0.00621	0.00540	0.00171	0.00661	0.00514	0.02160	0.00719
73	0.02701	0.05072	0.04908	0.00706	0.00932	0.00685	0.00587	0.01092	0.06714	0.01676	0.16923	0.08626	0.45036	0.01192	0.00611	0.00180	0.00335	0.01001	0.00493	0.00532
74	0.01334	0.01146	0.01206	0.01083	0.01387	0.01316	0.00843	0.04440	0.70751	0.02264	0.02375	0.02189	0.05687	0.00772	0.00559	0.00184	0.00427	0.00642	0.00552	0.00843
75	0.01030	0.00969	0.01635	0.79530	0.03755	0.01211	0.01514	0.01393	0.01090	0.01393	0.00969	0.01453	0.00727	0.00545	0.00545	0.00182	0.00727	0.00484	0.00242	0.00606
76	0.00793	0.00529	0.00595	0.00595	0.00595	0.00529	0.00330	0.00793	0.00793	0.01057	0.01718	0.03568	0.01982	0.80840	0.02775	0.00529	0.00529	0.00793	0.00330	0.00330
77	0.01130	0.00969	0.01130	0.00807	0.01292	0.00727	0.00646	0.01373	0.01130	0.01776	0.00969	0.01130	0.00807	0.00404	0.00404	0.00081	0.00404	0.00323	0.00323	0.84173
78	0.01030	0.00969	0.01635	0.79530	0.03755	0.01211	0.01514	0.01393	0.01090	0.01393	0.00969	0.01453	0.00727	0.00545	0.00545	0.00182	0.00727	0.00484	0.00242	0.00606
79	0.00779	0.00584	0.00876	0.00876	0.00974	0.00681	0.00681	0.00974	0.00876	0.01266	0.01460	0.02142	0.01363	0.04089	0.78680	0.00876	0.01460	0.00584	0.00292	0.00487
80	0.02014	0.04002	0.01588	0.01426	0.03193	0.71544	0.01063	0.06084	0.01585	0.01455	0.00870	0.01006	0.00717	0.00563	0.00493	0.00142	0.00948	0.00360	0.00294	0.00654
81	0.01458	0.81168	0.02857	0.00933	0.01399	0.02157	0.00933	0.01632	0.01108	0.01283	0.00758	0.00875	0.00700	0.00466	0.00350	0.00117	0.00583	0.00292	0.00233	0.00700
82	0.01251	0.00982	0.01154	0.00832	0.01310	0.00759	0.00668	0.03574	0.01202	0.07249	0.01063	0.01187	0.00850	0.00430	0.00418	0.00089	0.00414	0.00344	0.00354	0.75869
83	0.00807	0.00634	0.00885	0.08946	0.02664	0.00671	0.00728	0.02482	0.01114	0.01488	0.04924	0.47140	0.06722	0.01520	0.03388	0.00238	0.05344	0.09350	0.00454	0.00498
84	0.01349	0.01295	0.02213	0.03346	0.77440	0.01295	0.01673	0.01673	0.01241	0.01781	0.01025	0.01349	0.00864	0.00486	0.00540	0.00162	0.00648	0.00486	0.00270	0.00864
85	0.00664	0.00474	0.00633	0.00759	0.00791	0.00443	0.00506	0.00759	0.01044	0.01392	0.03005	0.80485	0.03606	0.01708	0.00696	0.00221	0.00316	0.01550	0.00506	0.00443
86	0.00707	0.00515	0.00665	0.00711	0.00796	0.00474	0.00501	0.00872	0.01267	0.01726	0.33784	0.42316	0.10775	0.01434	0.00669	0.00198	0.00288	0.01282	0.00545	0.00474
87	0.01119	0.02644	0.68261	0.01651	0.02423	0.01281	0.11592	0.01729	0.01169	0.01729	0.00995	0.01193	0.00708	0.00510	0.00534	0.00174	0.00820	0.00434	0.00236	0.00797
88	0.01356	0.01171	0.01233	0.01109	0.01418	0.01356	0.00863	0.02897	0.76455	0.02281	0.02219	0.02034	0.01664	0.00740	0.00555	0.00185	0.00431	0.00616	0.00555	0.00863
89	0.01075	0.01016	0.01718	0.68638	0.14290	0.01223	0.01537	0.01433	0.01112	0.01448	0.00977	0.01439	0.00746	0.00537	0.00544	0.00179	0.00715	0.00485	0.00246	0.00642
90	0.01274	0.01267	0.06302	0.36021	0.33025	0.01300	0.01556	0.09495	0.01313	0.01787	0.01029	0.01379	0.00801	0.00531	0.00541	0.00171	0.00686	0.00481	0.00285	0.00755
91	0.84691	0.01054	0.00801	0.00717	0.01054	0.01223	0.00590	0.01603	0.00928	0.02446	0.00759	0.00886	0.00590	0.00506	0.00337	0.00169	0.00422	0.00295	0.00337	0.00590
92	0.01030	0.00969	0.01635	0.79530	0.03755	0.01211	0.01514	0.01393	0.01090	0.01393	0.00969	0.01453	0.00727	0.00545	0.00545	0.00182	0.00727	0.00484	0.00242	0.00606
93	0.01016	0.00508	0.00508	0.00508	0.00635	0.00508	0.00381	0.01270	0.01143	0.02033	0.01778	0.02033	0.01397	0.00635	0.00381	0.00127	0.00254	0.00508	0.83867	0.00508
94	0.84691	0.01054	0.00801	0.00717	0.01054	0.01223	0.00590	0.01603	0.00928	0.02446	0.00759	0.00886	0.00590	0.00506	0.00337	0.00169	0.00422	0.00295	0.00337	0.00590
95	0.01093	0.02820	0.78016	0.01554	0.02360	0.01266	0.02014	0.01727	0.01151	0.01727	0.00978	0.01151	0.00691	0.00518	0.00518	0.00173	0.00806	0.00403	0.00230	0.00806
96	0.00947	0.00473	0.00710	0.00710	0.00710	0.00473	0.00473	0.00710	0.00710	0.00947	0.00947	0.01657	0.00947	0.01894	0.02131	0.84138	0.00473	0.00473	0.00237	0.00237
97	0.02446	0.00928	0.01265	0.00970	0.01392	0.00801	0.00801	0.02657	0.01560	0.77817	0.02151	0.01856	0.01350	0.00675	0.00548	0.00169	0.00464	0.00548	0.00675	0.00928
98	0.02037	0.02598	0.01545	0.01404	0.01685	0.78652	0.01053	0.02177	0.01545	0.01334	0.00843	0.00983	0.00702	0.00562	0.00492	0.00140	0.00983	0.00351	0.00281	0.00632
99	0.01016	0.00508	0.00508	0.00508	0.00635	0.00508	0.00381	0.01270	0.01143	0.02033	0.01778	0.02033	0.01397	0.00635	0.00381	0.00127	0.00254	0.00508	0.83867	0.00508
100	0.00793	0.00529	0.00595	0.00595	0.00595	0.00529	0.00330	0.00793	0.00793	0.01057	0.01718	0.03568	0.01982	0.80840	0.02775	0.00529	0.00529	0.00793	0.00330	0.00330
101	0.01374	0.01180	0.01243	0.01113	0.01424	0.01364	0.00867	0.04719	0.74603	0.02310	0.02196	0.02016	0.01646	0.00738	0.00554	0.00184	0.00436	0.00613	0.00554	0.00865
102	0.00684	0.00483	0.00627	0.00733	0.00760	0.00456	0.00479	0.00764	0.01005	0.01340	0.02804	0.68492	0.03353	0.14046	0.01020	0.00269	0.00349	0.01432	0.00479	0.00425
103	0.00779	0.00584	0.00876	0.00876	0.00974	0.00681	0.00681	0.00974	0.00876	0.01266	0.01460	0.02142	0.01363	0.04089	0.78680	0.00876	0.01460	0.00584	0.00292	0.00487
104	0.01044	0.00535	0.00538	0.00528	0.00663	0.00540	0.00399	0.03247	0.01181	0.02070	0.01766	0.02013	0.01385	0.00636	0.00385	0.00128	0.00263	0.00508	0.81651	0.00519
105	0.01036	0.00982	0.01677	0.77490	0.03731	0.01216	0.03468	0.01402	0.01095	0.01402	0.00973	0.01454	0.00729	0.00543	0.00548	0.00182	0.00732	0.00489	0.00243	0.00609
106	0.02272	0.01009	0.01293	0.01008	0.01415	0.00944	0.00827	0.11181	0.07874	0.61049	0.03852	0.01859	0.01417	0.00688	0.00551	0.00170	0.00472	0.00558	0.00648	0.00912
107	0.00789	0.00528	0.00603	0.00606	0.00610	0.00530	0.00344	0.00796	0.00803	0.01072	0.01751	0.05897	0.02017	0.76573	0.04527	0.00527	0.00544	0.00811	0.00335	0.00338
108	0.84691	0.01054	0.00801	0.00717	0.01054	0.01223	0.00590	0.01603	0.00928	0.02446	0.00759	0.00886	0.00590	0.00506	0.00337	0.00169	0.00422	0.00295	0.00337	0.00590
109	0.00780	0.00581	0.00862	0.00862	0.00954	0.00674	0.00663	0.00964	0.00872	0.01255	0.01474	0.02215	0.01395	0.08052	0.74760	0.00858	0.01412	0.00595	0.00294	0.00479
110	0.01237	0.26797	0.44649	0.01548	0.08209	0.01549	0.05580	0.01694	0.01152	0.01595	0.00921	0.01099	0.00715	0.00496	0.00475	0.00155	0.00730	0.00388	0.00237	0.00774
111	0.02136	0.01340	0.01510	0.01167	0.01592	0.01425	0.00961	0.51262	0.06406	0.24068	0.01594	0.01501	0.01086	0.00665	0.00547	0.00166	0.00553	0.00514	0.00582	0.00924
112	0.01030	0.00969	0.01635	0.79530	0.03755	0.01211	0.01514	0.01393	0.01090	0.01393	0.00969	0.01453	0.00727	0.00545	0.00545	0.00182	0.00727	0.00484	0.00242	0.00606
113	0.00672	0.00474	0.00635	0.00758	0.00789	0.00444	0.00505	0.00758	0.01035	0.01380	0.02950	0.78402	0.03536	0.01713	0.00734	0.02439	0.00320	0.01521	0.00499	0.00437
114	0.00670	0.00553	0.00588	0.00579	0.00752	0.00471	0.00435	0.00832	0.01304	0.01618	0.20077	0.05008	0.62574	0.01327	0.00644	0.00182	0.00272	0.01117	0.00525	0.00471
115	0.00683	0.00488	0.00653	0.00773	0.00814	0.00458	0.00531	0.00794	0.01077	0.01438	0.05846	0.72626	0.03634	0.01672	0.00698	0.00221	0.00326	0.06310	0.00509	0.00449
