[name]
unknown

[dist]
# distance from previous block
# <min> <max>
0	45

[block]
# block no. 0 follows, 43 sequences, length 13
# corresponding to MSA columns:
# 48-60
name=unknown_A
#
# <colnr> <probs for GDERKNQSTAVLIFYWHMCP>
#	G	D	E	R	K	N	Q	S	T	A	V	L	I	F	Y	W	H	M	C	P
0	0.01075	0.00756	0.00994	0.01024	0.01220	0.00745	0.00884	0.07620	0.01390	0.04529	0.02605	0.05241	0.02731	0.01332	0.00710	0.00230	0.00509	0.58373	0.00505	0.07527
1	0.02233	0.00936	0.01237	0.00975	0.01367	0.00845	0.00796	0.02585	0.08941	0.63761	0.08421	0.02091	0.01724	0.00729	0.00566	0.00173	0.00450	0.00601	0.00667	0.00901
2	0.00930	0.00702	0.00888	0.07597	0.01196	0.00717	0.00668	0.09802	0.03512	0.01696	0.04091	0.49473	0.04168	0.07575	0.00823	0.00230	0.00414	0.01195	0.00478	0.03848
3	0.04877	0.01191	0.01332	0.05719	0.01586	0.06701	0.00884	0.13805	0.10416	0.32311	0.04217	0.01680	0.01290	0.00649	0.00530	0.00160	0.00528	0.00515	0.00536	0.11072
4	0.01884	0.01300	0.01450	0.01151	0.01535	0.01407	0.00935	0.46491	0.10927	0.12385	0.01563	0.01630	0.01154	0.03668	0.07123	0.00240	0.00636	0.00534	0.00536	0.03450
5	0.01147	0.00740	0.00877	0.00824	0.01032	0.00715	0.00616	0.01575	0.15949	0.14795	0.08942	0.24903	0.18445	0.03585	0.00693	0.00202	0.00366	0.01023	0.00550	0.03021
6	0.01824	0.01286	0.01437	0.01148	0.01481	0.01417	0.00921	0.49102	0.03985	0.09296	0.01529	0.05818	0.01259	0.10590	0.00926	0.00221	0.05825	0.00600	0.00516	0.00817
7	0.01322	0.00995	0.01159	0.00902	0.01298	0.00875	0.00713	0.13653	0.03508	0.07115	0.05944	0.11109	0.01513	0.00686	0.00499	0.00128	0.00428	0.00573	0.00435	0.47146
8	0.05853	0.00702	0.00995	0.06131	0.01227	0.00707	0.07032	0.04872	0.01140	0.01587	0.02468	0.49340	0.04951	0.09277	0.00872	0.00243	0.00444	0.01201	0.00450	0.00510
9	0.01784	0.01134	0.01319	0.01052	0.01425	0.01140	0.00845	0.34050	0.01864	0.19411	0.01738	0.13514	0.01451	0.00911	0.03155	0.00188	0.00534	0.00654	0.00535	0.13296
10	0.01138	0.00773	0.01048	0.00918	0.01163	0.00724	0.07033	0.01497	0.09807	0.14747	0.13300	0.13457	0.26329	0.01138	0.00639	0.00191	0.00401	0.04529	0.00542	0.00627
11	0.01667	0.01327	0.04174	0.01803	0.24319	0.08083	0.01153	0.09336	0.08802	0.18321	0.05971	0.01782	0.01362	0.04856	0.00733	0.00191	0.04315	0.00552	0.00441	0.00812
12	0.08772	0.01209	0.01293	0.01100	0.03905	0.05227	0.00849	0.27525	0.04616	0.08392	0.04474	0.01706	0.03755	0.02412	0.08465	0.00235	0.00626	0.00516	0.01684	0.13239

[dist]
# distance from previous block
# <min> <max>
7	31

[block]
# block no. 1 follows, 43 sequences, length 8
# corresponding to MSA columns:
# 93-100
name=unknown_B
#
# <colnr> <probs for GDERKNQSTAVLIFYWHMCP>
#	G	D	E	R	K	N	Q	S	T	A	V	L	I	F	Y	W	H	M	C	P
0	0.04376	0.01132	0.02632	0.07982	0.07673	0.03862	0.02698	0.13126	0.05286	0.07651	0.03086	0.10908	0.01409	0.05618	0.00758	0.00189	0.05430	0.00625	0.00411	0.15150
1	0.04359	0.01075	0.01336	0.14594	0.07687	0.02847	0.00967	0.20122	0.01557	0.04084	0.08269	0.14374	0.01704	0.00801	0.00556	0.00166	0.00525	0.00681	0.00431	0.13866
2	0.01167	0.01020	0.01568	0.27143	0.25045	0.01080	0.01232	0.05255	0.01259	0.01763	0.08231	0.01842	0.01348	0.06612	0.00710	0.00190	0.00591	0.00549	0.04147	0.09249
3	0.05203	0.00977	0.01179	0.11648	0.01605	0.00923	0.00806	0.12174	0.01372	0.06338	0.01732	0.10035	0.08008	0.00719	0.00510	0.00143	0.00468	0.00596	0.00408	0.35157
4	0.01242	0.04688	0.01223	0.04160	0.04007	0.00946	0.03417	0.11809	0.05229	0.06243	0.03776	0.12593	0.03968	0.14908	0.00942	0.00225	0.00487	0.00710	0.05488	0.13938
5	0.07085	0.01132	0.01638	0.12129	0.03934	0.01184	0.12625	0.15708	0.02709	0.13486	0.05009	0.01800	0.04236	0.03085	0.00737	0.02582	0.04708	0.00569	0.00424	0.05222
6	0.00915	0.00679	0.00897	0.05093	0.07877	0.00650	0.00676	0.01168	0.03601	0.05270	0.26401	0.12948	0.22158	0.03028	0.00679	0.00192	0.00361	0.02394	0.04450	0.00562
7	0.01210	0.00918	0.01037	0.00905	0.01116	0.02652	0.00701	0.19670	0.03865	0.04362	0.25080	0.08042	0.13773	0.06716	0.02715	0.00224	0.05018	0.00845	0.00521	0.00631

[dist]
# distance from previous block
# <min> <max>
5	29

[block]
# block no. 2 follows, 43 sequences, length 15
# corresponding to MSA columns:
# 130-144
name=unknown_C
#
# <colnr> <probs for GDERKNQSTAVLIFYWHMCP>
#	G	D	E	R	K	N	Q	S	T	A	V	L	I	F	Y	W	H	M	C	P
0	0.01694	0.03886	0.03358	0.03326	0.02942	0.07314	0.07912	0.12133	0.07143	0.21935	0.06394	0.01942	0.04606	0.04302	0.00715	0.00186	0.04127	0.00582	0.00477	0.05024
1	0.04642	0.04791	0.01768	0.02719	0.06620	0.12971	0.12895	0.14046	0.02576	0.07521	0.02752	0.04819	0.03258	0.02008	0.02256	0.00187	0.05529	0.00557	0.00386	0.07702
2	0.14583	0.01360	0.10367	0.03452	0.01696	0.01211	0.08390	0.16146	0.08999	0.14454	0.03649	0.01635	0.02612	0.02733	0.00584	0.00178	0.00571	0.00519	0.00449	0.06412
3	0.07039	0.03661	0.38875	0.05916	0.13393	0.01276	0.08003	0.03195	0.02600	0.07889	0.01116	0.01296	0.00813	0.00533	0.00528	0.00172	0.00723	0.00454	0.00302	0.02218
4	0.01428	0.01154	0.01418	0.05083	0.01593	0.01154	0.05241	0.26445	0.04652	0.02304	0.03323	0.05095	0.02684	0.05460	0.00699	0.00169	0.02949	0.00548	0.00424	0.28176
5	0.05697	0.01283	0.01974	0.08539	0.42021	0.04330	0.07572	0.03179	0.01288	0.07878	0.01113	0.01365	0.00877	0.00509	0.00530	0.00159	0.00646	0.00478	0.00321	0.10242
6	0.19113	0.01294	0.01593	0.12797	0.26868	0.08693	0.02941	0.04814	0.07378	0.01967	0.01227	0.01444	0.02926	0.00572	0.00500	0.00168	0.00612	0.00473	0.03887	0.00732
7	0.00904	0.00492	0.00715	0.00724	0.00745	0.00483	0.00490	0.00771	0.00875	0.01184	0.11330	0.11379	0.01853	0.01796	0.01789	0.62731	0.00433	0.00681	0.00322	0.00303
8	0.15028	0.01154	0.01855	0.31838	0.23330	0.01266	0.10675	0.03013	0.01181	0.01790	0.01117	0.01457	0.02875	0.00545	0.00533	0.00177	0.00674	0.00500	0.00288	0.00704
9	0.01588	0.01132	0.01524	0.14248	0.11467	0.05826	0.04823	0.06459	0.04045	0.21336	0.11478	0.01870	0.01575	0.00652	0.00554	0.00163	0.00568	0.00564	0.00454	0.09674
10	0.05619	0.00657	0.00799	0.00750	0.00938	0.00600	0.00556	0.01319	0.01243	0.20117	0.09787	0.23156	0.20280	0.07133	0.00851	0.03715	0.00371	0.01007	0.00531	0.00572
11	0.07499	0.00600	0.00736	0.00742	0.00871	0.00576	0.00553	0.01056	0.01332	0.03894	0.39236	0.23274	0.07103	0.03538	0.00710	0.00204	0.00323	0.06692	0.00547	0.00513
12	0.02143	0.01423	0.01574	0.01214	0.01649	0.01535	0.01001	0.58580	0.05733	0.17093	0.01529	0.01465	0.01055	0.00673	0.00555	0.00168	0.00576	0.00515	0.00579	0.00939
13	0.10354	0.01052	0.01199	0.01011	0.01365	0.01101	0.00808	0.02629	0.35289	0.32461	0.05257	0.01962	0.01601	0.00717	0.00542	0.00179	0.00443	0.00581	0.00592	0.00859
14	0.02101	0.00974	0.01232	0.00986	0.01354	0.00927	0.00791	0.06768	0.13562	0.52791	0.04256	0.02086	0.01560	0.07098	0.00742	0.00203	0.00473	0.00597	0.00628	0.00871

[dist]
# distance from previous block
# <min> <max>
0	1

[block]
# block no. 3 follows, 43 sequences, length 6
# corresponding to MSA columns:
# 146-151
name=unknown_D
#
# <colnr> <probs for GDERKNQSTAVLIFYWHMCP>
#	G	D	E	R	K	N	Q	S	T	A	V	L	I	F	Y	W	H	M	C	P
0	0.00958	0.00567	0.00754	0.00807	0.00915	0.00520	0.00580	0.01091	0.01181	0.12606	0.06112	0.57391	0.06440	0.01528	0.00684	0.00215	0.00352	0.06225	0.00543	0.00530
1	0.02220	0.00875	0.01191	0.00954	0.01324	0.00761	0.00770	0.02417	0.01508	0.66326	0.02312	0.13352	0.01707	0.00839	0.00579	0.00179	0.00449	0.00706	0.00660	0.00870
2	0.02278	0.00940	0.01248	0.00980	0.01379	0.00845	0.00801	0.02615	0.08189	0.66002	0.06950	0.02045	0.01645	0.00720	0.00564	0.00173	0.00455	0.00591	0.00670	0.00910
3	0.02450	0.00998	0.01319	0.01012	0.01441	0.00896	0.00836	0.09285	0.01678	0.70748	0.02107	0.01835	0.01332	0.00684	0.00557	0.00171	0.00484	0.00552	0.00674	0.00942
4	0.01236	0.00668	0.00873	0.00779	0.00992	0.00598	0.00607	0.01465	0.01508	0.22660	0.43039	0.06896	0.11262	0.01079	0.00634	0.00180	0.00334	0.03948	0.00613	0.00628
5	0.00802	0.00569	0.00678	0.00669	0.00821	0.00503	0.00494	0.00981	0.01353	0.05806	0.30222	0.17803	0.34621	0.01326	0.00658	0.00188	0.00291	0.01148	0.00557	0.00509

[dist]
# distance from previous block
# <min> <max>
1	7

[block]
# block no. 4 follows, 43 sequences, length 178
# corresponding to MSA columns:
# 159-195,199-203,205-324,326-341
name=unknown_E
#
# <colnr> <probs for GDERKNQSTAVLIFYWHMCP>
#	G	D	E	R	K	N	Q	S	T	A	V	L	I	F	Y	W	H	M	C	P
0	0.26709	0.09539	0.01381	0.00988	0.01376	0.10873	0.00816	0.11932	0.02751	0.21210	0.02536	0.01305	0.00974	0.00590	0.00459	0.00157	0.00548	0.00417	0.00447	0.04991
1	0.02924	0.00840	0.01281	0.01150	0.01370	0.00836	0.12924	0.05838	0.04158	0.03092	0.08881	0.10831	0.05229	0.06651	0.02582	0.00254	0.00558	0.29552	0.00469	0.00581
2	0.01338	0.04102	0.01304	0.00920	0.01379	0.00986	0.00748	0.13383	0.03908	0.03318	0.02804	0.01279	0.00972	0.00496	0.00469	0.00107	0.01840	0.00386	0.00380	0.59882
3	0.02462	0.00980	0.01308	0.01003	0.01432	0.00869	0.00829	0.07110	0.01647	0.72967	0.02133	0.01851	0.01345	0.00684	0.00557	0.00171	0.00480	0.00553	0.00677	0.00942
4	0.01098	0.00836	0.01017	0.00967	0.01148	0.02223	0.02168	0.14923	0.03989	0.03283	0.06885	0.26401	0.09345	0.01520	0.07094	0.00264	0.02280	0.13462	0.00499	0.00597
5	0.02485	0.00943	0.01285	0.00985	0.01414	0.00814	0.00814	0.02699	0.01585	0.77465	0.02185	0.01885	0.01371	0.00685	0.00557	0.00171	0.00471	0.00557	0.00685	0.00943
6	0.01339	0.52349	0.28677	0.01161	0.01747	0.01846	0.01319	0.01679	0.01149	0.01477	0.02347	0.01050	0.00797	0.00505	0.00420	0.00139	0.00664	0.00349	0.00243	0.00744
7	0.00675	0.00482	0.00643	0.00771	0.00803	0.00450	0.00514	0.00771	0.01060	0.01414	0.03053	0.80175	0.03663	0.01735	0.00707	0.00225	0.00321	0.01574	0.00514	0.00450
8	0.02069	0.02640	0.01569	0.01427	0.01712	0.78313	0.01070	0.02212	0.01569	0.01355	0.00856	0.00999	0.00713	0.00571	0.00499	0.00143	0.00999	0.00357	0.00285	0.00642
9	0.01377	0.01303	0.02187	0.08361	0.69354	0.01325	0.01664	0.04465	0.01302	0.01847	0.01049	0.01376	0.00870	0.00504	0.00549	0.00166	0.00661	0.00494	0.00283	0.00862
10	0.00795	0.00555	0.00707	0.00712	0.00748	0.00589	0.00469	0.00869	0.00845	0.01162	0.01702	0.06009	0.01853	0.50453	0.29533	0.00650	0.00865	0.00759	0.00329	0.00396
11	0.01111	0.02865	0.77667	0.01579	0.02397	0.01286	0.02046	0.01754	0.01169	0.01754	0.00994	0.01169	0.00702	0.00526	0.00526	0.00175	0.00818	0.00409	0.00234	0.00818
12	0.02210	0.00876	0.01174	0.00923	0.01281	0.00769	0.00736	0.02389	0.01457	0.64947	0.02113	0.02170	0.01476	0.13770	0.00928	0.00231	0.00482	0.00598	0.00628	0.00843
13	0.14932	0.25746	0.38465	0.01243	0.01850	0.05985	0.01426	0.01731	0.01142	0.01717	0.00883	0.01032	0.00688	0.00511	0.00444	0.00156	0.00698	0.00355	0.00256	0.00740
14	0.01123	0.00972	0.01288	0.01119	0.01387	0.01031	0.09823	0.02001	0.35905	0.02104	0.21089	0.04478	0.06857	0.00937	0.00623	0.00191	0.00450	0.07382	0.00532	0.00708
15	0.01104	0.01018	0.01575	0.63445	0.03331	0.01236	0.01396	0.01665	0.13394	0.01578	0.01192	0.01561	0.00897	0.00581	0.00550	0.00181	0.00677	0.00508	0.00301	0.03810
16	0.84448	0.01071	0.00814	0.00728	0.01071	0.01242	0.00600	0.01628	0.00943	0.02485	0.00771	0.00900	0.00600	0.00514	0.00343	0.00171	0.00428	0.00300	0.00343	0.00600
17	0.01111	0.02865	0.77667	0.01579	0.02397	0.01286	0.02046	0.01754	0.01169	0.01754	0.00994	0.01169	0.00702	0.00526	0.00526	0.00175	0.00818	0.00409	0.00234	0.00818
18	0.00805	0.00537	0.00604	0.00604	0.00604	0.00537	0.00336	0.00805	0.00805	0.01074	0.01745	0.03624	0.02013	0.80536	0.02819	0.00537	0.00537	0.00805	0.00336	0.00336
19	0.70949	0.01328	0.00938	0.00843	0.01176	0.13871	0.00677	0.01724	0.01045	0.02300	0.00785	0.00916	0.00618	0.00523	0.00368	0.00167	0.00522	0.00309	0.00333	0.00607
20	0.00676	0.00562	0.00590	0.00583	0.00761	0.00477	0.00437	0.00836	0.01312	0.01615	0.17274	0.05134	0.65119	0.01358	0.00654	0.00185	0.00277	0.01141	0.00530	0.00477
21	0.84448	0.01071	0.00814	0.00728	0.01071	0.01242	0.00600	0.01628	0.00943	0.02485	0.00771	0.00900	0.00600	0.00514	0.00343	0.00171	0.00428	0.00300	0.00343	0.00600
22	0.01986	0.01492	0.01595	0.01250	0.01672	0.01662	0.01024	0.63389	0.14644	0.03298	0.01481	0.01450	0.01065	0.00679	0.00556	0.00170	0.00581	0.00520	0.00556	0.00931
23	0.02485	0.00943	0.01285	0.00985	0.01414	0.00814	0.00814	0.02699	0.01585	0.77465	0.02185	0.01885	0.01371	0.00685	0.00557	0.00171	0.00471	0.00557	0.00685	0.00943
24	0.02080	0.00912	0.01293	0.13774	0.01749	0.00853	0.00904	0.02324	0.01505	0.57518	0.09410	0.02042	0.01651	0.00708	0.00566	0.00174	0.00494	0.00591	0.00606	0.00847
25	0.01307	0.01494	0.03268	0.02334	0.02894	0.01401	0.75070	0.01774	0.01307	0.01774	0.01120	0.01494	0.00840	0.00467	0.00654	0.00187	0.00934	0.00654	0.00280	0.00747
26	0.00801	0.00554	0.00690	0.00690	0.00720	0.00584	0.00443	0.00861	0.00831	0.01138	0.01666	0.03188	0.01824	0.57553	0.25544	0.00643	0.00822	0.00742	0.00324	0.00383
27	0.84448	0.01071	0.00814	0.00728	0.01071	0.01242	0.00600	0.01628	0.00943	0.02485	0.00771	0.00900	0.00600	0.00514	0.00343	0.00171	0.00428	0.00300	0.00343	0.00600
28	0.01941	0.01810	0.14113	0.01330	0.01829	0.04715	0.01216	0.60269	0.02327	0.03120	0.01256	0.01290	0.00893	0.00638	0.00547	0.00167	0.00659	0.00478	0.00491	0.00910
29	0.02485	0.00943	0.01285	0.00985	0.01414	0.00814	0.00814	0.02699	0.01585	0.77465	0.02185	0.01885	0.01371	0.00685	0.00557	0.00171	0.00471	0.00557	0.00685	0.00943
30	0.01481	0.80869	0.02902	0.00948	0.01421	0.02191	0.00948	0.01658	0.01125	0.01303	0.00770	0.00888	0.00711	0.00474	0.00355	0.00118	0.00592	0.00296	0.00237	0.00711
31	0.00693	0.00496	0.00659	0.00759	0.00807	0.00462	0.00515	0.00816	0.01143	0.01546	0.15135	0.67715	0.03919	0.01636	0.00698	0.00217	0.00311	0.01481	0.00530	0.00462
32	0.01327	0.01221	0.01989	0.24137	0.47784	0.01303	0.01572	0.07864	0.01333	0.01838	0.01115	0.01562	0.00923	0.00560	0.00558	0.00173	0.00671	0.02972	0.00298	0.00798
33	0.14964	0.01261	0.01914	0.02763	0.58269	0.02970	0.01443	0.01655	0.01193	0.01878	0.01021	0.01335	0.00859	0.00724	0.05306	0.00210	0.00679	0.00465	0.00287	0.00803
34	0.01888	0.01141	0.01611	0.01266	0.01676	0.01140	0.13012	0.05101	0.27907	0.35983	0.02006	0.01866	0.01382	0.00672	0.00575	0.00180	0.00540	0.00595	0.00571	0.00887
35	0.00950	0.13806	0.01277	0.00962	0.05698	0.00876	0.03484	0.01205	0.01456	0.02003	0.54328	0.03376	0.06540	0.00969	0.00598	0.00165	0.00366	0.00847	0.00512	0.00582
36	0.01145	0.01101	0.01517	0.01315	0.01315	0.01506	0.01068	0.01246	0.00841	0.01290	0.00894	0.01607	0.00938	0.14007	0.01982	0.00291	0.66580	0.00537	0.00258	0.00562
37	0.01385	0.00945	0.01165	0.00972	0.01248	0.00962	0.03261	0.19909	0.08520	0.11440	0.36874	0.02960	0.04839	0.00919	0.00611	0.00175	0.00417	0.02096	0.00585	0.00715
38	0.02039	0.02587	0.01585	0.01465	0.03134	0.75368	0.01085	0.02185	0.01550	0.01364	0.00857	0.01010	0.00717	0.00577	0.00526	0.00145	0.02516	0.00362	0.00284	0.00646
39	0.01143	0.02640	0.65475	0.01702	0.02479	0.01305	0.14012	0.01757	0.01192	0.01757	0.01015	0.01222	0.00724	0.00516	0.00547	0.00177	0.00837	0.00449	0.00241	0.00807
40	0.01972	0.15459	0.01788	0.01348	0.01665	0.65839	0.01050	0.02121	0.01497	0.01347	0.00842	0.00981	0.00713	0.00555	0.00476	0.00139	0.00932	0.00347	0.00277	0.00653
41	0.00784	0.00529	0.00617	0.00638	0.00645	0.00526	0.00373	0.00804	0.00849	0.01134	0.01953	0.16135	0.02270	0.65897	0.04180	0.00494	0.00523	0.00927	0.00364	0.00358
42	0.01089	0.01068	0.01924	0.66609	0.03664	0.01258	0.13587	0.01474	0.01140	0.01474	0.01007	0.01479	0.00755	0.00539	0.00570	0.00185	0.00770	0.00519	0.00252	0.00637
43	0.01046	0.00984	0.01661	0.79205	0.03814	0.01230	0.01538	0.01415	0.01107	0.01415	0.00984	0.01477	0.00738	0.00554	0.00554	0.00185	0.00738	0.00492	0.00246	0.00615
44	0.10576	0.01055	0.01300	0.01007	0.01429	0.01005	0.00832	0.14478	0.01688	0.57884	0.01904	0.01696	0.01224	0.00665	0.00535	0.00171	0.00490	0.00522	0.00630	0.00908
45	0.02069	0.02640	0.01569	0.01427	0.01712	0.78313	0.01070	0.02212	0.01569	0.01355	0.00856	0.00999	0.00713	0.00571	0.00499	0.00143	0.00999	0.00357	0.00285	0.00642
46	0.00805	0.00537	0.00604	0.00604	0.00604	0.00537	0.00336	0.00805	0.00805	0.01074	0.01745	0.03624	0.02013	0.80536	0.02819	0.00537	0.00537	0.00805	0.00336	0.00336
47	0.01378	0.01190	0.01252	0.01127	0.01440	0.01378	0.00877	0.02943	0.76081	0.02317	0.02254	0.02066	0.01691	0.00751	0.00564	0.00188	0.00438	0.00626	0.00564	0.00877
48	0.02216	0.01374	0.01552	0.01190	0.01629	0.01454	0.00983	0.54103	0.02307	0.25041	0.01579	0.01491	0.01067	0.00671	0.00555	0.00168	0.00569	0.00516	0.00592	0.00942
49	0.02485	0.00943	0.01285	0.00985	0.01414	0.00814	0.00814	0.02699	0.01585	0.77465	0.02185	0.01885	0.01371	0.00685	0.00557	0.00171	0.00471	0.00557	0.00685	0.00943
50	0.01501	0.78209	0.02857	0.00964	0.01431	0.04781	0.00952	0.01677	0.01140	0.01305	0.00773	0.00892	0.00711	0.00477	0.00360	0.00119	0.00606	0.00298	0.00239	0.00708
51	0.00915	0.00618	0.00831	0.00937	0.01065	0.00618	0.00810	0.01171	0.01256	0.01724	0.02748	0.05562	0.02898	0.01385	0.00703	0.00234	0.00469	0.61418	0.14127	0.00511
52	0.01058	0.00997	0.01683	0.76334	0.06589	0.01234	0.01544	0.01426	0.01113	0.01430	0.00987	0.01473	0.00744	0.00551	0.00554	0.00184	0.00735	0.00492	0.00247	0.00625
53	0.01152	0.15507	0.60685	0.01433	0.02150	0.01398	0.01783	0.01691	0.01145	0.01651	0.00987	0.01185	0.00745	0.00741	0.05292	0.00210	0.00822	0.00402	0.00238	0.00781
54	0.02205	0.01391	0.01563	0.01198	0.01638	0.01480	0.00990	0.56133	0.02336	0.22971	0.01555	0.01476	0.01055	0.00670	0.00555	0.00168	0.00573	0.00514	0.00589	0.00942
55	0.01633	0.60547	0.02556	0.01072	0.01497	0.21966	0.00979	0.01802	0.01241	0.01317	0.00792	0.00917	0.00711	0.00499	0.00393	0.00125	0.00698	0.00312	0.00249	0.00693
56	0.00805	0.00537	0.00604	0.00604	0.00604	0.00537	0.00336	0.00805	0.00805	0.01074	0.01745	0.03624	0.02013	0.80536	0.02819	0.00537	0.00537	0.00805	0.00336	0.00336
57	0.01975	0.01542	0.01925	0.01448	0.01910	0.01666	0.13181	0.63197	0.02391	0.03209	0.01295	0.01357	0.00925	0.00632	0.00570	0.00170	0.00663	0.00524	0.00509	0.00910
58	0.64992	0.01369	0.00956	0.00862	0.01186	0.16765	0.00687	0.01734	0.01076	0.02243	0.00824	0.00959	0.00651	0.00530	0.00376	0.00164	0.00538	0.00319	0.03163	0.00605
59	0.02081	0.01528	0.01636	0.01257	0.01693	0.01690	0.01037	0.73539	0.02571	0.03458	0.01341	0.01347	0.00953	0.00664	0.00550	0.00165	0.00601	0.00499	0.02459	0.00932
60	0.01394	0.01281	0.01430	0.01542	0.15261	0.06075	0.01023	0.02598	0.55268	0.02137	0.02061	0.01984	0.04038	0.00715	0.00560	0.00181	0.00508	0.00604	0.00492	0.00848
61	0.00784	0.00528	0.00610	0.00631	0.00637	0.00523	0.00365	0.00800	0.00847	0.01130	0.01959	0.16168	0.02284	0.67624	0.02473	0.00486	0.00502	0.00931	0.00365	0.00354
62	0.01841	0.02275	0.01786	0.01520	0.01842	0.58300	0.13156	0.02093	0.04061	0.01510	0.05625	0.01310	0.01045	0.00594	0.00536	0.00153	0.00924	0.00454	0.00314	0.00660
63	0.71018	0.01050	0.00891	0.00770	0.01127	0.01172	0.00635	0.01804	0.01048	0.14771	0.01003	0.01061	0.00726	0.00542	0.00378	0.00171	0.00435	0.00342	0.00399	0.00656
64	0.02485	0.00943	0.01285	0.00985	0.01414	0.00814	0.00814	0.02699	0.01585	0.77465	0.02185	0.01885	0.01371	0.00685	0.00557	0.00171	0.00471	0.00557	0.00685	0.00943
65	0.00791	0.00593	0.00890	0.00890	0.00989	0.00692	0.00692	0.00989	0.00890	0.01286	0.01483	0.02176	0.01385	0.04154	0.78341	0.00890	0.01483	0.00593	0.00297	0.00494
66	0.00724	0.00511	0.00668	0.00775	0.00814	0.00488	0.00533	0.00825	0.01046	0.01389	0.02823	0.58241	0.03332	0.14622	0.01060	0.00280	0.00381	0.10566	0.00484	0.00439
67	0.01075	0.02500	0.65086	0.01487	0.02192	0.01180	0.01857	0.01655	0.01187	0.01738	0.01312	0.02001	0.01109	0.00691	0.00565	0.00188	0.00768	0.12362	0.00279	0.00768
68	0.01371	0.01316	0.02248	0.03399	0.77081	0.01316	0.01700	0.01700	0.01261	0.01809	0.01042	0.01371	0.00877	0.00493	0.00548	0.00164	0.00658	0.00493	0.00274	0.00877
69	0.02423	0.01042	0.01347	0.01033	0.01464	0.00962	0.00853	0.14585	0.01752	0.65343	0.02045	0.01794	0.01301	0.00682	0.00556	0.00171	0.00494	0.00547	0.00664	0.00942
70	0.00784	0.00566	0.00740	0.00697	0.00827	0.00523	0.00523	0.01045	0.01568	0.02221	0.76789	0.04137	0.05226	0.01132	0.00653	0.00174	0.00261	0.01002	0.00610	0.00523
71	0.02188	0.00867	0.01180	0.00950	0.01314	0.00754	0.00765	0.02383	0.01499	0.65003	0.02327	0.14714	0.01747	0.00857	0.00582	0.00180	0.00447	0.00724	0.00657	0.00862
72	0.01173	0.00671	0.00973	0.00905	0.01076	0.00716	0.00712	0.01370	0.01045	0.18457	0.01647	0.02142	0.01395	0.05063	0.59131	0.00720	0.01234	0.00590	0.00385	0.00592
73	0.06381	0.01190	0.01963	0.28578	0.47904	0.01283	0.01578	0.01600	0.01190	0.01719	0.01006	0.01377	0.00814	0.00515	0.00537	0.00172	0.00671	0.00481	0.00269	0.00773
74	0.02281	0.00988	0.01279	0.01011	0.01419	0.00917	0.00825	0.02744	0.15266	0.63664	0.02198	0.01918	0.01430	0.00698	0.00558	0.00174	0.00465	0.00570	0.00663	0.00930
75	0.02069	0.02640	0.01569	0.01427	0.01712	0.78313	0.01070	0.02212	0.01569	0.01355	0.00856	0.00999	0.00713	0.00571	0.00499	0.00143	0.00999	0.00357	0.00285	0.00642
76	0.00784	0.00528	0.00610	0.00631	0.00637	0.00523	0.00365	0.00800	0.00847	0.01130	0.01959	0.16168	0.02284	0.67624	0.02473	0.00486	0.00502	0.00931	0.00365	0.00354
77	0.01553	0.01654	0.18592	0.01263	0.01729	0.01426	0.01185	0.21948	0.36773	0.05346	0.01721	0.01661	0.01256	0.00675	0.00552	0.00179	0.00571	0.00541	0.00491	0.00883
78	0.70949	0.01328	0.00938	0.00843	0.01176	0.13871	0.00677	0.01724	0.01045	0.02300	0.00785	0.00916	0.00618	0.00523	0.00368	0.00167	0.00522	0.00309	0.00333	0.00607
79	0.02485	0.00943	0.01285	0.00985	0.01414	0.00814	0.00814	0.02699	0.01585	0.77465	0.02185	0.01885	0.01371	0.00685	0.00557	0.00171	0.00471	0.00557	0.00685	0.00943
80	0.01481	0.80869	0.02902	0.00948	0.01421	0.02191	0.00948	0.01658	0.01125	0.01303	0.00770	0.00888	0.00711	0.00474	0.00355	0.00118	0.00592	0.00296	0.00237	0.00711
81	0.00679	0.00484	0.00641	0.00765	0.00796	0.00453	0.00508	0.00772	0.01051	0.01402	0.03005	0.77413	0.03603	0.04578	0.00783	0.00236	0.00329	0.01547	0.00508	0.00446
82	0.02060	0.01529	0.01637	0.01265	0.01700	0.01697	0.01042	0.70781	0.07131	0.03418	0.01387	0.01375	0.00988	0.00670	0.00555	0.00168	0.00599	0.00506	0.00555	0.00938
83	0.01481	0.80869	0.02902	0.00948	0.01421	0.02191	0.00948	0.01658	0.01125	0.01303	0.00770	0.00888	0.00711	0.00474	0.00355	0.00118	0.00592	0.00296	0.00237	0.00711
84	0.01559	0.01149	0.01258	0.01104	0.01436	0.01285	0.00866	0.02903	0.63874	0.14631	0.02243	0.02037	0.01638	0.00741	0.00562	0.00185	0.00444	0.00615	0.00584	0.00887
85	0.00675	0.00482	0.00643	0.00771	0.00803	0.00450	0.00514	0.00771	0.01060	0.01414	0.03053	0.80175	0.03663	0.01735	0.00707	0.00225	0.00321	0.01574	0.00514	0.00450
86	0.00892	0.00637	0.00892	0.01020	0.01147	0.00637	0.00892	0.01147	0.01275	0.01657	0.02932	0.06247	0.03187	0.01530	0.00765	0.00255	0.00510	0.73354	0.00510	0.00510
87	0.01481	0.80869	0.02902	0.00948	0.01421	0.02191	0.00948	0.01658	0.01125	0.01303	0.00770	0.00888	0.00711	0.00474	0.00355	0.00118	0.00592	0.00296	0.00237	0.00711
88	0.01046	0.00984	0.01661	0.79205	0.03814	0.01230	0.01538	0.01415	0.01107	0.01415	0.00984	0.01477	0.00738	0.00554	0.00554	0.00185	0.00738	0.00492	0.00246	0.00615
89	0.01153	0.00687	0.00957	0.01014	0.01191	0.00666	0.00880	0.01402	0.01326	0.14079	0.02810	0.05532	0.02890	0.01392	0.00731	0.00241	0.00504	0.61425	0.00539	0.00581
90	0.00784	0.00566	0.00740	0.00697	0.00827	0.00523	0.00523	0.01045	0.01568	0.02221	0.76789	0.04137	0.05226	0.01132	0.00653	0.00174	0.00261	0.01002	0.00610	0.00523
91	0.00671	0.00495	0.00629	0.00737	0.00794	0.00453	0.00499	0.00775	0.01093	0.01427	0.03472	0.67910	0.15657	0.01681	0.00698	0.00219	0.00315	0.01508	0.00514	0.00453
92	0.01858	0.02300	0.01434	0.01307	0.01567	0.65566	0.00980	0.02020	0.01569	0.01497	0.13299	0.01513	0.01453	0.00663	0.00525	0.00148	0.00878	0.00462	0.00338	0.00622
93	0.01185	0.18577	0.62607	0.01451	0.02201	0.01469	0.01825	0.01735	0.01160	0.01663	0.00949	0.01113	0.00703	0.00516	0.00492	0.00164	0.00773	0.00386	0.00234	0.00797
94	0.02485	0.00943	0.01285	0.00985	0.01414	0.00814	0.00814	0.02699	0.01585	0.77465	0.02185	0.01885	0.01371	0.00685	0.00557	0.00171	0.00471	0.00557	0.00685	0.00943
95	0.02069	0.02640	0.01569	0.01427	0.01712	0.78313	0.01070	0.02212	0.01569	0.01355	0.00856	0.00999	0.00713	0.00571	0.00499	0.00143	0.00999	0.00357	0.00285	0.00642
96	0.00685	0.00486	0.00640	0.00758	0.00788	0.00456	0.00501	0.00774	0.01041	0.01388	0.02953	0.74355	0.03538	0.07726	0.00867	0.00249	0.00338	0.01516	0.00501	0.00441
97	0.01350	0.01182	0.01434	0.14153	0.09362	0.01360	0.01074	0.05306	0.53572	0.02163	0.01891	0.01873	0.01425	0.00690	0.00560	0.00184	0.00516	0.00586	0.00482	0.00836
98	0.15509	0.10163	0.01578	0.01265	0.01578	0.58114	0.00981	0.02061	0.01423	0.01535	0.00834	0.00972	0.00695	0.00552	0.00459	0.00145	0.00865	0.00341	0.00290	0.00642
99	0.02485	0.00943	0.01285	0.00985	0.01414	0.00814	0.00814	0.02699	0.01585	0.77465	0.02185	0.01885	0.01371	0.00685	0.00557	0.00171	0.00471	0.00557	0.00685	0.00943
100	0.00755	0.00557	0.00706	0.00685	0.00814	0.00508	0.00508	0.00983	0.01475	0.02041	0.59665	0.11865	0.14921	0.01229	0.00659	0.00181	0.00270	0.01082	0.00587	0.00508
101	0.00675	0.00482	0.00643	0.00771	0.00803	0.00450	0.00514	0.00771	0.01060	0.01414	0.03053	0.80175	0.03663	0.01735	0.00707	0.00225	0.00321	0.01574	0.00514	0.00450
102	0.01071	0.00776	0.01226	0.01008	0.01245	0.00720	0.12778	0.02967	0.01527	0.10018	0.51136	0.06024	0.05212	0.00991	0.00643	0.00178	0.00404	0.00909	0.00557	0.00609
103	0.01046	0.00984	0.01661	0.79205	0.03814	0.01230	0.01538	0.01415	0.01107	0.01415	0.00984	0.01477	0.00738	0.00554	0.00554	0.00185	0.00738	0.00492	0.00246	0.00615
104	0.02045	0.01293	0.01459	0.01157	0.01566	0.01380	0.00944	0.37705	0.19376	0.24371	0.01789	0.01660	0.01238	0.00691	0.00557	0.00173	0.00530	0.00545	0.00594	0.00927
105	0.00758	0.00565	0.00705	0.00670	0.00812	0.00512	0.00502	0.00996	0.01507	0.02077	0.62705	0.04373	0.19400	0.01186	0.00653	0.00177	0.00265	0.01035	0.00591	0.00512
106	0.00675	0.00482	0.00643	0.00771	0.00803	0.00450	0.00514	0.00771	0.01060	0.01414	0.03053	0.80175	0.03663	0.01735	0.00707	0.00225	0.00321	0.01574	0.00514	0.00450
107	0.01378	0.01190	0.01252	0.01127	0.01440	0.01378	0.00877	0.02943	0.76081	0.02317	0.02254	0.02066	0.01691	0.00751	0.00564	0.00188	0.00438	0.00626	0.00564	0.00877
108	0.01046	0.00984	0.01661	0.79205	0.03814	0.01230	0.01538	0.01415	0.01107	0.01415	0.00984	0.01477	0.00738	0.00554	0.00554	0.00185	0.00738	0.00492	0.00246	0.00615
109	0.02105	0.01551	0.01662	0.01274	0.01717	0.01717	0.01053	0.75235	0.02604	0.03490	0.01330	0.01330	0.00942	0.00665	0.00554	0.00166	0.00609	0.00499	0.00554	0.00942
110	0.01481	0.80869	0.02902	0.00948	0.01421	0.02191	0.00948	0.01658	0.01125	0.01303	0.00770	0.00888	0.00711	0.00474	0.00355	0.00118	0.00592	0.00296	0.00237	0.00711
111	0.00683	0.00485	0.00640	0.00761	0.00791	0.00455	0.00503	0.00773	0.01045	0.01393	0.02972	0.75458	0.03561	0.06590	0.00837	0.00244	0.00335	0.01527	0.00503	0.00443
112	0.66103	0.14140	0.01183	0.00779	0.01148	0.01373	0.00669	0.01695	0.01010	0.06636	0.00853	0.00955	0.00663	0.00517	0.00357	0.00163	0.00458	0.00314	0.00345	0.00638
113	0.56329	0.01137	0.01145	0.15226	0.07670	0.03009	0.00893	0.05644	0.01103	0.02267	0.00864	0.01068	0.00668	0.00529	0.00412	0.00172	0.00526	0.00362	0.00330	0.00644
114	0.02423	0.01042	0.01347	0.01033	0.01464	0.00962	0.00853	0.14585	0.01752	0.65343	0.02045	0.01794	0.01301	0.00682	0.00556	0.00171	0.00494	0.00547	0.00664	0.00942
115	0.00962	0.13873	0.01266	0.01117	0.12128	0.00949	0.00747	0.01252	0.07256	0.01605	0.07296	0.12053	0.35275	0.01088	0.00588	0.00176	0.00403	0.00920	0.00443	0.00601
116	0.00659	0.00561	0.00568	0.00566	0.00751	0.00470	0.00425	0.00804	0.01274	0.01523	0.08246	0.05286	0.74204	0.01393	0.00655	0.00187	0.00280	0.01163	0.00518	0.00470
117	0.01058	0.03760	0.58892	0.01459	0.03773	0.01175	0.01734	0.01597	0.01141	0.01689	0.04174	0.01455	0.01003	0.01144	0.13280	0.00291	0.00897	0.00464	0.00261	0.00753
118	0.84448	0.01071	0.00814	0.00728	0.01071	0.01242	0.00600	0.01628	0.00943	0.02485	0.00771	0.00900	0.00600	0.00514	0.00343	0.00171	0.00428	0.00300	0.00343	0.00600
119	0.02485	0.00943	0.01285	0.00985	0.01414	0.00814	0.00814	0.02699	0.01585	0.77465	0.02185	0.01885	0.01371	0.00685	0.00557	0.00171	0.00471	0.00557	0.00685	0.00943
120	0.01481	0.80869	0.02902	0.00948	0.01421	0.02191	0.00948	0.01658	0.01125	0.01303	0.00770	0.00888	0.00711	0.00474	0.00355	0.00118	0.00592	0.00296	0.00237	0.00711
121	0.00805	0.00537	0.00604	0.00604	0.00604	0.00537	0.00336	0.00805	0.00805	0.01074	0.01745	0.03624	0.02013	0.80536	0.02819	0.00537	0.00537	0.00805	0.00336	0.00336
122	0.01986	0.01492	0.01595	0.01250	0.01672	0.01662	0.01024	0.63389	0.14644	0.03298	0.01481	0.01450	0.01065	0.00679	0.00556	0.00170	0.00581	0.00520	0.00556	0.00931
123	0.01577	0.68050	0.02684	0.01026	0.01469	0.14665	0.00968	0.01749	0.01198	0.01312	0.00784	0.00906	0.00711	0.00490	0.00379	0.00122	0.00659	0.00306	0.00245	0.00699
124	0.02461	0.00980	0.01308	0.01003	0.01433	0.00870	0.00829	0.07168	0.01648	0.72907	0.02132	0.01851	0.01345	0.00684	0.00557	0.00171	0.00480	0.00553	0.00677	0.00942
125	0.00766	0.00552	0.00724	0.00709	0.00823	0.00511	0.00521	0.01000	0.01485	0.02089	0.64707	0.16597	0.04970	0.01231	0.00662	0.00183	0.00271	0.01095	0.00594	0.00511
126	0.00684	0.00528	0.00625	0.00673	0.00785	0.00469	0.00477	0.00826	0.01226	0.01580	0.16177	0.37228	0.33733	0.01501	0.00677	0.00201	0.00295	0.01315	0.00530	0.00469
127	0.01481	0.80869	0.02902	0.00948	0.01421	0.02191	0.00948	0.01658	0.01125	0.01303	0.00770	0.00888	0.00711	0.00474	0.00355	0.00118	0.00592	0.00296	0.00237	0.00711
128	0.00789	0.00619	0.00906	0.01202	0.13302	0.00592	0.00708	0.00923	0.01093	0.01479	0.02723	0.67262	0.03207	0.01532	0.00681	0.00215	0.00376	0.01397	0.00475	0.00520
129	0.01231	0.01030	0.01294	0.01050	0.01413	0.00983	0.06639	0.06930	0.21510	0.03422	0.01752	0.15462	0.01580	0.00765	0.00536	0.00152	0.00459	0.00672	0.00444	0.32677
130	0.01307	0.01494	0.03268	0.02334	0.02894	0.01401	0.75070	0.01774	0.01307	0.01774	0.01120	0.01494	0.00840	0.00467	0.00654	0.00187	0.00934	0.00654	0.00280	0.00747
131	0.01360	0.01345	0.02415	0.03225	0.64925	0.01330	0.13722	0.01712	0.01269	0.01804	0.01055	0.01391	0.00871	0.00489	0.00566	0.00168	0.00703	0.00520	0.00275	0.00856
132	0.01203	0.01295	0.02727	0.02029	0.02488	0.01221	0.58618	0.01614	0.01288	0.01734	0.01529	0.06808	0.01388	0.00714	0.00675	0.00200	0.00829	0.12620	0.00331	0.00691
133	0.02400	0.01061	0.05991	0.01022	0.01474	0.00843	0.00890	0.02641	0.01560	0.72800	0.02112	0.01841	0.01330	0.00676	0.00555	0.00172	0.00493	0.00548	0.00658	0.00935
134	0.00675	0.00482	0.00643	0.00771	0.00803	0.00450	0.00514	0.00771	0.01060	0.01414	0.03053	0.80175	0.03663	0.01735	0.00707	0.00225	0.00321	0.01574	0.00514	0.00450
135	0.01032	0.00516	0.00516	0.00516	0.00645	0.00516	0.00387	0.01290	0.01161	0.02065	0.01807	0.02065	0.01420	0.00645	0.00387	0.00129	0.00258	0.00516	0.83611	0.00516
136	0.01371	0.01316	0.02248	0.03399	0.77081	0.01316	0.01700	0.01700	0.01261	0.01809	0.01042	0.01371	0.00877	0.00493	0.00548	0.00164	0.00658	0.00493	0.00274	0.00877
137	0.00791	0.00593	0.00890	0.00890	0.00989	0.00692	0.00692	0.00989	0.00890	0.01286	0.01483	0.02176	0.01385	0.04154	0.78341	0.00890	0.01483	0.00593	0.00297	0.00494
138	0.02485	0.00943	0.01285	0.00985	0.01414	0.00814	0.00814	0.02699	0.01585	0.77465	0.02185	0.01885	0.01371	0.00685	0.00557	0.00171	0.00471	0.00557	0.00685	0.00943
139	0.01943	0.14754	0.01816	0.01243	0.01648	0.18005	0.01027	0.42555	0.07373	0.02596	0.01203	0.01240	0.00909	0.00620	0.00511	0.00155	0.00677	0.00444	0.00446	0.00836
140	0.84448	0.01071	0.00814	0.00728	0.01071	0.01242	0.00600	0.01628	0.00943	0.02485	0.00771	0.00900	0.00600	0.00514	0.00343	0.00171	0.00428	0.00300	0.00343	0.00600
141	0.01266	0.01080	0.01190	0.01124	0.03950	0.01218	0.00838	0.02547	0.59824	0.02268	0.14491	0.02445	0.03700	0.00817	0.00579	0.00185	0.00414	0.00694	0.00560	0.00811
142	0.02069	0.02640	0.01569	0.01427	0.01712	0.78313	0.01070	0.02212	0.01569	0.01355	0.00856	0.00999	0.00713	0.00571	0.00499	0.00143	0.00999	0.00357	0.00285	0.00642
143	0.01181	0.01004	0.01166	0.00836	0.01326	0.00772	0.00670	0.03933	0.01198	0.01863	0.00996	0.01155	0.00824	0.00419	0.00415	0.00085	0.00417	0.00334	0.00336	0.81069
144	0.00828	0.00621	0.00751	0.00759	0.00915	0.00587	0.00590	0.01127	0.06721	0.03268	0.26679	0.12471	0.26512	0.01316	0.00672	0.00199	0.00337	0.14568	0.00550	0.00529
145	0.01402	0.01202	0.01266	0.01132	0.01450	0.01389	0.00883	0.05402	0.73582	0.02357	0.02223	0.02041	0.01665	0.00748	0.00563	0.00187	0.00444	0.00622	0.00563	0.00879
146	0.84448	0.01071	0.00814	0.00728	0.01071	0.01242	0.00600	0.01628	0.00943	0.02485	0.00771	0.00900	0.00600	0.00514	0.00343	0.00171	0.00428	0.00300	0.00343	0.00600
147	0.00795	0.00573	0.00755	0.00729	0.00859	0.00534	0.00559	0.01055	0.01539	0.02165	0.69442	0.04347	0.05023	0.01172	0.00664	0.00182	0.00286	0.08199	0.00600	0.00521
148	0.01966	0.07261	0.09017	0.01280	0.01762	0.01710	0.01140	0.63029	0.02363	0.03170	0.01258	0.01283	0.00903	0.00638	0.00537	0.00164	0.00628	0.00476	0.00501	0.00914
149	0.01378	0.01190	0.01252	0.01127	0.01440	0.01378	0.00877	0.02943	0.76081	0.02317	0.02254	0.02066	0.01691	0.00751	0.00564	0.00188	0.00438	0.00626	0.00564	0.00877
150	0.01046	0.00984	0.01661	0.79205	0.03814	0.01230	0.01538	0.01415	0.01107	0.01415	0.00984	0.01477	0.00738	0.00554	0.00554	0.00185	0.00738	0.00492	0.00246	0.00615
151	0.01436	0.01162	0.01851	0.02568	0.51913	0.01153	0.01370	0.01830	0.06923	0.11671	0.08510	0.01882	0.03992	0.00628	0.00564	0.00169	0.00567	0.00582	0.00389	0.00839
152	0.02105	0.01551	0.01662	0.01274	0.01717	0.01717	0.01053	0.75235	0.02604	0.03490	0.01330	0.01330	0.00942	0.00665	0.00554	0.00166	0.00609	0.00499	0.00554	0.00942
153	0.00675	0.00482	0.00643	0.00771	0.00803	0.00450	0.00514	0.00771	0.01060	0.01414	0.03053	0.80175	0.03663	0.01735	0.00707	0.00225	0.00321	0.01574	0.00514	0.00450
154	0.70949	0.01328	0.00938	0.00843	0.01176	0.13871	0.00677	0.01724	0.01045	0.02300	0.00785	0.00916	0.00618	0.00523	0.00368	0.00167	0.00522	0.00309	0.00333	0.00607
155	0.01032	0.00516	0.00516	0.00516	0.00645	0.00516	0.00387	0.01290	0.01161	0.02065	0.01807	0.02065	0.01420	0.00645	0.00387	0.00129	0.00258	0.00516	0.83611	0.00516
156	0.79398	0.01063	0.00843	0.00744	0.01092	0.01216	0.00613	0.01694	0.00982	0.07104	0.00858	0.00960	0.00647	0.00525	0.00356	0.00171	0.00431	0.00316	0.00364	0.00621
157	0.02076	0.02437	0.01587	0.01398	0.01713	0.64036	0.01067	0.15823	0.01762	0.01753	0.00944	0.01060	0.00756	0.00588	0.00510	0.00147	0.00926	0.00383	0.00335	0.00698
158	0.01987	0.01478	0.01709	0.01540	0.11887	0.01604	0.01120	0.59625	0.04020	0.06009	0.01338	0.01370	0.00964	0.00640	0.00551	0.00165	0.00603	0.00500	0.00517	0.02372
159	0.01053	0.00992	0.01674	0.77497	0.05466	0.01232	0.01542	0.01421	0.01111	0.01424	0.00986	0.01474	0.00741	0.00552	0.00554	0.00184	0.00736	0.00492	0.00247	0.00621
160	0.01066	0.01005	0.01697	0.74535	0.08328	0.01236	0.01548	0.01433	0.01117	0.01439	0.00988	0.01470	0.00747	0.00550	0.00553	0.00183	0.00733	0.00492	0.00248	0.00631
161	0.01808	0.02118	0.01392	0.01244	0.01506	0.55479	0.00923	0.06993	0.01490	0.01485	0.01042	0.01461	0.00949	0.13671	0.00878	0.00205	0.00860	0.00438	0.00315	0.05744
162	0.02302	0.01004	0.01443	0.01381	0.13813	0.00896	0.00959	0.02535	0.01532	0.65068	0.01998	0.01801	0.01290	0.00654	0.00556	0.00170	0.00502	0.00547	0.00618	0.00932
163	0.01069	0.00651	0.00955	0.00906	0.01059	0.00712	0.00712	0.01269	0.01004	0.13769	0.01598	0.02128	0.01382	0.03585	0.65595	0.00772	0.01318	0.00587	0.00360	0.00568
164	0.70955	0.01150	0.00953	0.00818	0.01177	0.01320	0.00674	0.13689	0.01215	0.02650	0.00863	0.00970	0.00656	0.00539	0.00377	0.00171	0.00458	0.00332	0.00377	0.00656
165	0.01962	0.01480	0.01581	0.01245	0.01663	0.01650	0.01018	0.60968	0.17104	0.03259	0.01512	0.01475	0.01090	0.00682	0.00556	0.00170	0.00576	0.00524	0.00556	0.00929
166	0.01148	0.00984	0.01148	0.00820	0.01312	0.00738	0.00656	0.01395	0.01148	0.01805	0.00984	0.01148	0.00820	0.00410	0.00410	0.00082	0.00410	0.00328	0.00328	0.83922
167	0.02105	0.01551	0.01662	0.01274	0.01717	0.01717	0.01053	0.75235	0.02604	0.03490	0.01330	0.01330	0.00942	0.00665	0.00554	0.00166	0.00609	0.00499	0.00554	0.00942
168	0.02123	0.01692	0.01624	0.01281	0.01698	0.14213	0.01041	0.58800	0.02372	0.07698	0.01305	0.01310	0.00931	0.00651	0.00545	0.00163	0.00665	0.00479	0.00518	0.00893
169	0.01148	0.00984	0.01148	0.00820	0.01312	0.00738	0.00656	0.01395	0.01148	0.01805	0.00984	0.01148	0.00820	0.00410	0.00410	0.00082	0.00410	0.00328	0.00328	0.83922
170	0.00850	0.13892	0.08675	0.00880	0.01063	0.00818	0.00738	0.01014	0.01082	0.01429	0.02474	0.59323	0.02885	0.01408	0.00631	0.00203	0.00415	0.01249	0.00441	0.00529
171	0.14402	0.00580	0.00669	0.00760	0.00846	0.00580	0.00526	0.00912	0.01045	0.01591	0.02724	0.65862	0.04455	0.01529	0.00646	0.00215	0.00338	0.01358	0.00486	0.00475
172	0.01949	0.01458	0.01578	0.01200	0.01651	0.01557	0.00988	0.63135	0.02365	0.03214	0.01273	0.01300	0.00922	0.00623	0.00530	0.00152	0.00577	0.00471	0.00517	0.14539
173	0.07335	0.01052	0.01588	0.01196	0.01641	0.00953	0.12973	0.03822	0.01519	0.59075	0.01908	0.01750	0.01229	0.00639	0.00560	0.00174	0.00547	0.00556	0.00596	0.00889
174	0.01089	0.00916	0.01082	0.00800	0.01233	0.00703	0.00634	0.01337	0.01217	0.01873	0.13406	0.01638	0.01542	0.00528	0.00450	0.00097	0.00386	0.00438	0.00374	0.70256
175	0.01207	0.01019	0.01180	0.00848	0.01337	0.00799	0.00681	0.05944	0.01238	0.01909	0.01006	0.01160	0.00828	0.00426	0.00419	0.00087	0.00422	0.00339	0.00342	0.78809
176	0.01293	0.01695	0.14962	0.01874	0.02447	0.05998	0.44759	0.01727	0.01271	0.01751	0.01058	0.01346	0.00806	0.00472	0.00578	0.00163	0.00822	0.00535	0.00282	0.16162
177	0.01475	0.01187	0.01990	0.10708	0.48456	0.01181	0.05621	0.01786	0.01301	0.14145	0.01489	0.01699	0.05284	0.00582	0.00562	0.00170	0.00630	0.00551	0.00353	0.00830

[dist]
# distance from previous block
# <min> <max>
0	2

[block]
# block no. 5 follows, 43 sequences, length 8
# corresponding to MSA columns:
# 344-351
name=unknown_F
#
# <colnr> <probs for GDERKNQSTAVLIFYWHMCP>
#	G	D	E	R	K	N	Q	S	T	A	V	L	I	F	Y	W	H	M	C	P
0	0.07028	0.42045	0.22664	0.01169	0.01698	0.11392	0.01233	0.01794	0.03687	0.01544	0.00891	0.01018	0.00734	0.00512	0.00425	0.00143	0.00688	0.00345	0.00260	0.00729
1	0.01165	0.01106	0.01876	0.51484	0.30607	0.01262	0.01597	0.01519	0.01164	0.01559	0.01005	0.01438	0.00789	0.00532	0.00552	0.00177	0.00709	0.00493	0.00256	0.00711
2	0.01438	0.52322	0.22898	0.01164	0.01712	0.09295	0.01255	0.01737	0.01180	0.01429	0.00839	0.00975	0.00709	0.00497	0.00415	0.00136	0.00692	0.00332	0.00241	0.00733
3	0.62386	0.01036	0.00941	0.00798	0.01163	0.01127	0.00657	0.01916	0.01116	0.22667	0.01152	0.01165	0.00807	0.00560	0.00400	0.00171	0.00440	0.00369	0.00435	0.00692
4	0.00795	0.00542	0.00619	0.00619	0.00637	0.00542	0.00363	0.00816	0.00840	0.01114	0.01975	0.03644	0.06740	0.70793	0.07333	0.00536	0.00579	0.00815	0.00345	0.00354
5	0.01311	0.01088	0.00800	0.00761	0.00932	0.21457	0.00571	0.01538	0.01271	0.01874	0.01551	0.01778	0.01229	0.00625	0.00417	0.00133	0.00457	0.00473	0.61182	0.00550
6	0.01483	0.55162	0.02653	0.01634	0.21803	0.06134	0.01157	0.01700	0.01186	0.01442	0.00848	0.01024	0.00756	0.00484	0.00415	0.00132	0.00632	0.00353	0.00250	0.00752
7	0.01576	0.04030	0.23287	0.01636	0.08294	0.08855	0.10236	0.25030	0.01684	0.02264	0.01099	0.01250	0.00819	0.00554	0.00536	0.00161	0.00733	0.00460	0.00356	0.07137

[dist]
# distance from previous block
# <min> <max>
0	1

[block]
# block no. 6 follows, 43 sequences, length 6
# corresponding to MSA columns:
# 353-358
name=unknown_G
#
# <colnr> <probs for GDERKNQSTAVLIFYWHMCP>
#	G	D	E	R	K	N	Q	S	T	A	V	L	I	F	Y	W	H	M	C	P
0	0.01363	0.01090	0.01194	0.01037	0.01326	0.01209	0.00814	0.17528	0.39813	0.02535	0.22970	0.02493	0.02526	0.00840	0.00587	0.00179	0.00424	0.00705	0.00574	0.00791
1	0.61081	0.01047	0.00908	0.00754	0.01139	0.01101	0.00616	0.01563	0.01000	0.02294	0.00831	0.00969	0.00662	0.00485	0.00362	0.00146	0.00423	0.00308	0.00339	0.23974
2	0.00814	0.00670	0.01077	0.01159	0.06563	0.00636	0.09121	0.00983	0.01120	0.01503	0.02678	0.59578	0.03103	0.01485	0.00694	0.00219	0.00431	0.07179	0.00470	0.00519
3	0.00965	0.00538	0.00621	0.00621	0.00742	0.00566	0.00473	0.01206	0.01085	0.01846	0.01716	0.02096	0.01410	0.01629	0.22255	0.00343	0.00602	0.00538	0.60239	0.00510
4	0.01300	0.37851	0.10468	0.23304	0.10874	0.01693	0.04332	0.01610	0.01148	0.01459	0.00899	0.01163	0.00742	0.00504	0.00463	0.00151	0.00679	0.00400	0.00245	0.00716
5	0.01706	0.01071	0.01800	0.06998	0.01946	0.01022	0.21698	0.04363	0.04532	0.32011	0.06510	0.02373	0.01623	0.00741	0.00614	0.00187	0.00615	0.08899	0.00506	0.00786

