[name]
unknown

[dist]
# distance from previous block
# <min> <max>
26	83

[block]
# block no. 0 follows, 49 sequences, length 10
# corresponding to MSA columns:
# 112-121
name=unknown_A
#
# <colnr> <probs for GDERKNQSTAVLIFYWHMCP>
#	G	D	E	R	K	N	Q	S	T	A	V	L	I	F	Y	W	H	M	C	P
0	0.02846	0.01095	0.01233	0.01024	0.01297	0.12425	0.09537	0.07126	0.07575	0.07775	0.03800	0.12489	0.02855	0.00714	0.00534	0.00149	0.03447	0.00603	0.11600	0.11876
1	0.01307	0.00772	0.00849	0.00728	0.00975	0.04874	0.00561	0.03532	0.01197	0.21549	0.01914	0.12603	0.06135	0.03065	0.00524	0.00148	0.00370	0.00617	0.23300	0.14981
2	0.05798	0.01184	0.01623	0.05911	0.34969	0.08414	0.03689	0.01718	0.02702	0.16191	0.01250	0.01399	0.03234	0.00540	0.00546	0.00152	0.04607	0.00458	0.00337	0.05276
3	0.05153	0.00604	0.00779	0.00751	0.00903	0.00557	0.03071	0.01059	0.01047	0.11145	0.02567	0.36270	0.12198	0.10181	0.00804	0.00217	0.00368	0.06110	0.00445	0.05772
4	0.09762	0.06834	0.01421	0.05031	0.01500	0.06277	0.00876	0.43012	0.01810	0.12173	0.01206	0.01313	0.00895	0.04955	0.00583	0.00167	0.00548	0.00439	0.00443	0.00754
5	0.01119	0.00894	0.01474	0.70983	0.03208	0.01076	0.01322	0.01439	0.01066	0.11074	0.01036	0.01395	0.00746	0.00521	0.00506	0.00167	0.00644	0.00457	0.00275	0.00599
6	0.00955	0.00899	0.01517	0.81013	0.03483	0.01123	0.01404	0.01292	0.01011	0.01292	0.00899	0.01348	0.00674	0.00506	0.00506	0.00169	0.00674	0.00449	0.00225	0.00562
7	0.17650	0.15923	0.20848	0.01008	0.01408	0.10019	0.01005	0.01567	0.01103	0.08982	0.05926	0.07811	0.01163	0.00625	0.00475	0.00152	0.02914	0.00466	0.00320	0.00634
8	0.00909	0.00562	0.00714	0.00703	0.00842	0.00499	0.00501	0.01040	0.01062	0.11181	0.07552	0.45148	0.04221	0.06886	0.00711	0.00195	0.00327	0.01036	0.04814	0.11098
9	0.03208	0.00786	0.00920	0.00809	0.01053	0.00786	0.00630	0.06881	0.17643	0.22165	0.12036	0.12707	0.12127	0.00892	0.00538	0.00166	0.00357	0.00755	0.04882	0.00658

[dist]
# distance from previous block
# <min> <max>
15	142

[block]
# block no. 1 follows, 49 sequences, length 30
# corresponding to MSA columns:
# 267-296
name=unknown_B
#
# <colnr> <probs for GDERKNQSTAVLIFYWHMCP>
#	G	D	E	R	K	N	Q	S	T	A	V	L	I	F	Y	W	H	M	C	P
0	0.02650	0.03140	0.09676	0.03467	0.02443	0.04413	0.04879	0.12860	0.15587	0.07352	0.10588	0.02902	0.04557	0.00643	0.00498	0.00148	0.00492	0.00536	0.00414	0.12755
1	0.03065	0.07590	0.04503	0.01054	0.04256	0.03405	0.06121	0.07576	0.08690	0.13942	0.06604	0.05011	0.01310	0.02509	0.00520	0.00143	0.00477	0.00500	0.00397	0.22329
2	0.05045	0.05524	0.05308	0.02877	0.01328	0.15850	0.00828	0.17430	0.03098	0.13137	0.02359	0.03301	0.01062	0.00848	0.06737	0.00196	0.00610	0.00458	0.13339	0.00663
3	0.01033	0.00848	0.09713	0.00688	0.00926	0.00683	0.00616	0.10002	0.01215	0.01934	0.01748	0.05341	0.06137	0.00656	0.00415	0.00132	0.00342	0.00530	0.52576	0.04466
4	0.07468	0.02682	0.11113	0.01059	0.01447	0.02889	0.00948	0.27661	0.16921	0.13114	0.06456	0.01632	0.01295	0.00642	0.00498	0.00159	0.00505	0.02278	0.00466	0.00769
5	0.05002	0.19002	0.14199	0.01139	0.03008	0.19061	0.01038	0.16167	0.01441	0.09499	0.05071	0.01206	0.00963	0.00546	0.00449	0.00140	0.00629	0.00396	0.00344	0.00702
6	0.05704	0.01024	0.02924	0.14279	0.16015	0.02089	0.14197	0.01584	0.03143	0.15334	0.01400	0.12374	0.01201	0.00645	0.00521	0.00161	0.00561	0.00602	0.00356	0.05883
7	0.06537	0.02939	0.01215	0.08520	0.06952	0.10453	0.00837	0.11065	0.12906	0.02851	0.12149	0.03097	0.05323	0.00652	0.00486	0.00145	0.00489	0.00530	0.00392	0.12462
8	0.01027	0.00799	0.00914	0.00768	0.01042	0.00751	0.00599	0.08238	0.13471	0.04317	0.22991	0.04961	0.13779	0.00804	0.00514	0.00141	0.00340	0.00679	0.00463	0.23403
9	0.11487	0.01071	0.01124	0.01028	0.03207	0.01221	0.00785	0.07112	0.57763	0.03755	0.04685	0.01768	0.01477	0.00661	0.00492	0.00167	0.00408	0.00537	0.00487	0.00763
10	0.04556	0.01170	0.01920	0.09361	0.44468	0.01188	0.10332	0.09107	0.01286	0.10086	0.01083	0.01304	0.00830	0.00487	0.00507	0.00155	0.00607	0.00468	0.00316	0.00768
11	0.01141	0.01186	0.05505	0.26241	0.27829	0.01198	0.14632	0.01653	0.12361	0.01602	0.01107	0.01385	0.00858	0.00499	0.00520	0.00163	0.00644	0.00490	0.00280	0.00705
12	0.01583	0.00738	0.00975	0.00798	0.01073	0.00667	0.00638	0.05277	0.01483	0.42509	0.35098	0.02585	0.02752	0.00801	0.00546	0.00157	0.00353	0.00681	0.00590	0.00695
13	0.00734	0.00496	0.00579	0.00579	0.00589	0.00505	0.00341	0.00753	0.00744	0.01001	0.01568	0.03169	0.01778	0.73947	0.10773	0.00524	0.00581	0.00715	0.00303	0.00322
14	0.00665	0.00475	0.00601	0.00679	0.00723	0.00448	0.00458	0.00750	0.00943	0.01250	0.02598	0.53007	0.06811	0.19484	0.01071	0.00267	0.00350	0.07007	0.00430	0.01985
15	0.01315	0.73833	0.11028	0.00928	0.01395	0.01911	0.00974	0.01524	0.01032	0.01235	0.00725	0.00839	0.00648	0.00438	0.00341	0.00114	0.00563	0.00282	0.00216	0.00660
16	0.00658	0.00511	0.00599	0.00585	0.00722	0.00452	0.00436	0.00840	0.01284	0.01698	0.42367	0.08345	0.37341	0.01171	0.00600	0.00167	0.00249	0.01009	0.00514	0.00452
17	0.01828	0.01320	0.01484	0.01260	0.06801	0.01442	0.00966	0.57736	0.10922	0.08969	0.01355	0.01334	0.00965	0.00607	0.00507	0.00154	0.00532	0.00473	0.00499	0.00849
18	0.00621	0.00508	0.00549	0.00549	0.00700	0.00435	0.00408	0.00768	0.01193	0.01487	0.18997	0.09911	0.59608	0.01254	0.00601	0.00171	0.00255	0.01063	0.00486	0.00435
19	0.11378	0.49346	0.12967	0.00967	0.01413	0.08161	0.00974	0.03500	0.01100	0.05046	0.00811	0.00909	0.00669	0.00464	0.00369	0.00126	0.00578	0.00305	0.00257	0.00661
20	0.73069	0.00974	0.00873	0.10707	0.03316	0.01135	0.00680	0.01464	0.00887	0.02131	0.00735	0.00898	0.00570	0.00473	0.00342	0.00158	0.00432	0.00300	0.00300	0.00556
21	0.01105	0.03411	0.49596	0.01746	0.15139	0.01185	0.10420	0.01643	0.04675	0.02894	0.02830	0.01241	0.00831	0.00493	0.00499	0.00159	0.00698	0.00435	0.00253	0.00745
22	0.01069	0.00917	0.01114	0.00917	0.06502	0.00722	0.00668	0.02972	0.01083	0.01672	0.00966	0.03501	0.00833	0.00421	0.00394	0.00086	0.00392	0.00348	0.00306	0.75118
23	0.01269	0.00638	0.00820	0.00725	0.00947	0.00561	0.00565	0.01447	0.01309	0.31174	0.21607	0.13490	0.19570	0.01014	0.00572	0.00168	0.00328	0.02643	0.00550	0.00603
24	0.85801	0.00978	0.00743	0.00665	0.00978	0.01134	0.00548	0.01486	0.00861	0.02269	0.00704	0.00821	0.00548	0.00469	0.00313	0.00156	0.00391	0.00274	0.00313	0.00548
25	0.00969	0.00913	0.01542	0.77308	0.07078	0.01127	0.01411	0.01304	0.01018	0.01309	0.00901	0.01344	0.00680	0.00503	0.00505	0.00168	0.00671	0.00449	0.00226	0.00573
26	0.00607	0.00513	0.00525	0.00522	0.00689	0.00431	0.00391	0.00743	0.01174	0.01417	0.10760	0.04783	0.73200	0.01262	0.00598	0.00170	0.00255	0.01056	0.00476	0.00431
27	0.00870	0.00707	0.00794	0.00748	0.00930	0.00731	0.00567	0.01484	0.27775	0.01862	0.30941	0.08226	0.20365	0.01004	0.00572	0.00169	0.00302	0.00864	0.00517	0.00573
28	0.00657	0.00538	0.00589	0.00560	0.00734	0.00456	0.00422	0.00820	0.01220	0.01559	0.24389	0.04339	0.54348	0.01159	0.00583	0.00162	0.00259	0.00979	0.00482	0.05745
29	0.66443	0.01274	0.13972	0.00885	0.01283	0.01150	0.05559	0.01514	0.00916	0.02117	0.00758	0.00896	0.00577	0.00469	0.00358	0.00158	0.00479	0.00311	0.00293	0.00589

[dist]
# distance from previous block
# <min> <max>
3	9

[block]
# block no. 2 follows, 49 sequences, length 12
# corresponding to MSA columns:
# 306-317
name=unknown_C
#
# <colnr> <probs for GDERKNQSTAVLIFYWHMCP>
#	G	D	E	R	K	N	Q	S	T	A	V	L	I	F	Y	W	H	M	C	P
0	0.01149	0.00903	0.01062	0.00771	0.01210	0.00701	0.00618	0.01417	0.03996	0.07569	0.01026	0.01131	0.00817	0.00405	0.00390	0.00085	0.00380	0.00326	0.00332	0.75712
1	0.03402	0.00775	0.00911	0.00772	0.01023	0.02611	0.00602	0.04732	0.06443	0.31191	0.18399	0.02776	0.15344	0.07867	0.00715	0.00188	0.00379	0.00701	0.00529	0.00640
2	0.76658	0.00979	0.00788	0.00698	0.01013	0.01123	0.00572	0.01606	0.05512	0.06035	0.00848	0.00929	0.00642	0.00490	0.00335	0.00157	0.00394	0.00303	0.00340	0.00578
3	0.08184	0.00910	0.01096	0.00892	0.01222	0.00900	0.00721	0.08259	0.15790	0.42656	0.12121	0.01918	0.01692	0.00678	0.00506	0.00159	0.00406	0.00553	0.00562	0.00774
4	0.05707	0.04707	0.04875	0.01182	0.01598	0.03241	0.13117	0.17928	0.06343	0.33835	0.01486	0.01438	0.01010	0.00569	0.00503	0.00156	0.00552	0.00484	0.00475	0.00792
5	0.00964	0.00885	0.01461	0.73957	0.03262	0.01098	0.01335	0.01321	0.04230	0.01307	0.00946	0.01379	0.00720	0.00571	0.00574	0.04091	0.00652	0.00454	0.00237	0.00556
6	0.00735	0.00490	0.00552	0.00552	0.00552	0.00490	0.00306	0.00735	0.00735	0.00980	0.01593	0.03309	0.01838	0.82229	0.02574	0.00490	0.00490	0.00735	0.00306	0.00306
7	0.07612	0.01089	0.01237	0.03060	0.01381	0.01152	0.00816	0.40595	0.01798	0.20599	0.01600	0.13963	0.01315	0.00752	0.00515	0.00162	0.00477	0.00609	0.00507	0.00760
8	0.03047	0.20280	0.06513	0.01545	0.19175	0.11019	0.01108	0.22248	0.03219	0.05735	0.01014	0.01117	0.00788	0.00513	0.00452	0.00140	0.00605	0.00393	0.00336	0.00751
9	0.00625	0.00462	0.00578	0.00655	0.00719	0.00423	0.00447	0.00731	0.01034	0.01356	0.09606	0.57372	0.18033	0.04577	0.00706	0.00206	0.00289	0.01295	0.00471	0.00415
10	0.01126	0.00640	0.00819	0.00713	0.00914	0.00588	0.00555	0.04989	0.01457	0.20088	0.50809	0.03267	0.10112	0.00939	0.00572	0.00159	0.00300	0.00811	0.00563	0.00581
11	0.01692	0.01376	0.05318	0.01205	0.01607	0.01422	0.06748	0.52499	0.13095	0.04762	0.04130	0.01421	0.01092	0.00614	0.00516	0.00157	0.00551	0.00497	0.00479	0.00819

[dist]
# distance from previous block
# <min> <max>
0	3

[block]
# block no. 3 follows, 49 sequences, length 30
# corresponding to MSA columns:
# 321-333,340-356
name=unknown_D
#
# <colnr> <probs for GDERKNQSTAVLIFYWHMCP>
#	G	D	E	R	K	N	Q	S	T	A	V	L	I	F	Y	W	H	M	C	P
0	0.85801	0.00978	0.00743	0.00665	0.00978	0.01134	0.00548	0.01486	0.00861	0.02269	0.00704	0.00821	0.00548	0.00469	0.00313	0.00156	0.00391	0.00274	0.00313	0.00548
1	0.00712	0.00527	0.00634	0.00611	0.00750	0.00475	0.00457	0.00924	0.02550	0.03401	0.47079	0.08553	0.29203	0.01133	0.00596	0.00166	0.00254	0.00981	0.00523	0.00470
2	0.25752	0.08010	0.01332	0.00958	0.01331	0.01364	0.00801	0.36660	0.05159	0.12250	0.01162	0.01163	0.00833	0.00559	0.00436	0.00151	0.00485	0.00400	0.00442	0.00751
3	0.00725	0.00532	0.00761	0.00761	0.00834	0.00604	0.00568	0.00870	0.00797	0.01136	0.01401	0.02247	0.01377	0.19238	0.64934	0.00749	0.01184	0.00580	0.00278	0.00423
4	0.00975	0.00919	0.01553	0.75736	0.08603	0.01129	0.01414	0.01310	0.01021	0.01316	0.00902	0.01342	0.00683	0.00502	0.00505	0.00167	0.00669	0.00449	0.00226	0.00578
5	0.00932	0.00855	0.01419	0.57012	0.12454	0.01007	0.01257	0.01220	0.01021	0.01337	0.01240	0.15631	0.01164	0.00690	0.00530	0.00173	0.00597	0.00625	0.00271	0.00565
6	0.01404	0.01173	0.01812	0.02475	0.55563	0.01196	0.01333	0.08140	0.10919	0.09118	0.01209	0.01372	0.00941	0.00510	0.00504	0.00154	0.00556	0.00472	0.00340	0.00811
7	0.01091	0.09983	0.48556	0.09180	0.18292	0.01256	0.01661	0.01554	0.01076	0.01543	0.00896	0.01107	0.00678	0.00472	0.00472	0.00154	0.00690	0.00387	0.00223	0.00732
8	0.00735	0.00490	0.00552	0.00552	0.00552	0.00490	0.00306	0.00735	0.00735	0.00980	0.01593	0.03309	0.01838	0.82229	0.02574	0.00490	0.00490	0.00735	0.00306	0.00306
9	0.01045	0.08695	0.10870	0.00855	0.01129	0.07483	0.00769	0.06413	0.02418	0.04545	0.40978	0.02728	0.08407	0.00835	0.00534	0.00152	0.00419	0.00698	0.00449	0.00576
10	0.08209	0.01032	0.01661	0.16818	0.48925	0.01083	0.01305	0.01393	0.01078	0.01593	0.01151	0.11325	0.01075	0.00604	0.00504	0.00161	0.00558	0.00559	0.00278	0.00687
11	0.00625	0.00504	0.00557	0.00563	0.00705	0.00436	0.00415	0.00772	0.01190	0.01499	0.20739	0.14271	0.53421	0.01265	0.00603	0.00173	0.00257	0.01081	0.00488	0.00436
12	0.00901	0.00925	0.10698	0.00934	0.01160	0.00773	0.00838	0.01440	0.18936	0.01744	0.17743	0.11915	0.02734	0.01065	0.00602	0.00192	0.00422	0.25941	0.00464	0.00575
13	0.01119	0.11314	0.08711	0.01019	0.06610	0.00953	0.02052	0.03075	0.01087	0.01621	0.00888	0.01043	0.00733	0.00403	0.00393	0.00095	0.00457	0.00321	0.00282	0.57823
14	0.27646	0.01570	0.01161	0.01021	0.01323	0.31974	0.00797	0.07087	0.12164	0.09128	0.01081	0.01118	0.00816	0.00544	0.00429	0.00148	0.00610	0.00370	0.00363	0.00649
15	0.00726	0.00528	0.00741	0.00741	0.00806	0.00593	0.00542	0.00857	0.00791	0.01120	0.01420	0.02352	0.01423	0.25454	0.58780	0.00724	0.01116	0.00595	0.00281	0.00411
16	0.00667	0.00515	0.00608	0.00585	0.00725	0.00456	0.00438	0.00859	0.01315	0.01753	0.48179	0.04230	0.35571	0.01136	0.00597	0.00164	0.00246	0.00978	0.00520	0.00456
17	0.01151	0.01281	0.02723	0.16130	0.02792	0.01251	0.63780	0.01562	0.01161	0.01562	0.01001	0.01361	0.00751	0.00440	0.00581	0.00170	0.00821	0.00571	0.00250	0.00661
18	0.01296	0.01397	0.01358	0.01204	0.01295	0.24809	0.00961	0.01423	0.01008	0.01290	0.00913	0.05762	0.00873	0.00789	0.01121	0.00184	0.45117	0.00468	0.08185	0.00547
19	0.40615	0.09727	0.08496	0.00866	0.01243	0.01223	0.00791	0.14781	0.01257	0.09634	0.06226	0.01198	0.00975	0.00544	0.00401	0.00151	0.00462	0.00380	0.00374	0.00657
20	0.85801	0.00978	0.00743	0.00665	0.00978	0.01134	0.00548	0.01486	0.00861	0.02269	0.00704	0.00821	0.00548	0.00469	0.00313	0.00156	0.00391	0.00274	0.00313	0.00548
21	0.00676	0.00496	0.00634	0.00646	0.00747	0.00455	0.00471	0.00859	0.01263	0.01732	0.47181	0.25678	0.13315	0.01224	0.00612	0.00175	0.00261	0.02604	0.00520	0.00452
22	0.01029	0.00970	0.01660	0.43006	0.25972	0.01076	0.05691	0.01348	0.01116	0.01510	0.10519	0.01619	0.01223	0.00549	0.00520	0.00162	0.00608	0.00515	0.00275	0.00631
23	0.01966	0.01347	0.01475	0.01130	0.01533	0.01465	0.00934	0.68013	0.02261	0.12727	0.01312	0.01278	0.00909	0.00609	0.00506	0.00152	0.00541	0.00462	0.00521	0.00860
24	0.00689	0.00501	0.00691	0.00726	0.00784	0.00535	0.00519	0.00809	0.00855	0.01180	0.01925	0.26473	0.03959	0.16836	0.40491	0.00556	0.00854	0.00860	0.00342	0.00413
25	0.44298	0.01131	0.01068	0.00860	0.01224	0.01238	0.00707	0.29569	0.01446	0.02532	0.00917	0.00995	0.00688	0.00509	0.00392	0.00145	0.00450	0.00344	0.00383	0.11106
26	0.00916	0.00566	0.00770	0.00723	0.00868	0.00553	0.00554	0.01115	0.01199	0.12249	0.35501	0.08309	0.07389	0.01864	0.24683	0.00360	0.00607	0.00790	0.00469	0.00514
27	0.01282	0.42333	0.02099	0.01037	0.01421	0.01565	0.10365	0.08717	0.12893	0.01615	0.04036	0.01544	0.07946	0.00583	0.00438	0.00137	0.00524	0.00467	0.00328	0.00670
28	0.07716	0.00903	0.02616	0.00874	0.01261	0.00778	0.00728	0.02224	0.03285	0.60890	0.01765	0.01618	0.01161	0.02428	0.00528	0.00156	0.00428	0.00475	0.00553	0.09612
29	0.07133	0.15998	0.36446	0.01186	0.01729	0.07947	0.01300	0.11187	0.01281	0.09842	0.00999	0.01080	0.00728	0.00506	0.00446	0.00147	0.00644	0.00369	0.00304	0.00729

[dist]
# distance from previous block
# <min> <max>
0	16

[block]
# block no. 4 follows, 49 sequences, length 8
# corresponding to MSA columns:
# 376-383
name=unknown_E
#
# <colnr> <probs for GDERKNQSTAVLIFYWHMCP>
#	G	D	E	R	K	N	Q	S	T	A	V	L	I	F	Y	W	H	M	C	P
0	0.00642	0.00443	0.00578	0.00686	0.00722	0.00415	0.00460	0.00741	0.00975	0.01338	0.02697	0.75598	0.03183	0.01506	0.00622	0.00198	0.00289	0.01361	0.07128	0.00415
1	0.01013	0.00783	0.07224	0.03361	0.02919	0.00631	0.00701	0.01287	0.03712	0.14476	0.34934	0.12189	0.10171	0.00980	0.00574	0.00168	0.00355	0.03454	0.00500	0.00570
2	0.01478	0.22689	0.26906	0.01138	0.01648	0.01309	0.04329	0.08291	0.03660	0.19867	0.01224	0.03286	0.00908	0.00546	0.00459	0.00147	0.00585	0.00428	0.00354	0.00748
3	0.01014	0.02616	0.79609	0.01441	0.02189	0.01174	0.01868	0.01601	0.01068	0.01601	0.00907	0.01068	0.00641	0.00480	0.00480	0.00160	0.00747	0.00374	0.00214	0.00747
4	0.00947	0.00522	0.00772	0.06609	0.00970	0.00528	0.00586	0.00888	0.00838	0.06471	0.01383	0.09537	0.01399	0.01521	0.01466	0.53481	0.00446	0.10988	0.00305	0.00341
5	0.05152	0.10279	0.45388	0.01484	0.10657	0.03552	0.04115	0.01635	0.01121	0.07454	0.03912	0.01208	0.00862	0.00503	0.00469	0.00153	0.00658	0.00404	0.00269	0.00725
6	0.01406	0.01007	0.01541	0.30601	0.20558	0.01096	0.01215	0.08662	0.01263	0.18816	0.01244	0.01562	0.00940	0.00582	0.00565	0.00165	0.04192	0.03524	0.00355	0.00708
7	0.05943	0.01218	0.12180	0.01182	0.01523	0.06869	0.16849	0.04043	0.01218	0.08669	0.10316	0.16456	0.03279	0.00804	0.00548	0.00168	0.00551	0.04041	0.00383	0.03761

[dist]
# distance from previous block
# <min> <max>
2	14

[block]
# block no. 5 follows, 49 sequences, length 39
# corresponding to MSA columns:
# 398-410,412-414,417-439
name=unknown_F
#
# <colnr> <probs for GDERKNQSTAVLIFYWHMCP>
#	G	D	E	R	K	N	Q	S	T	A	V	L	I	F	Y	W	H	M	C	P
0	0.01092	0.00961	0.01110	0.07679	0.08859	0.05533	0.00810	0.01743	0.28835	0.03419	0.13048	0.08186	0.08400	0.00781	0.00526	0.00160	0.00427	0.00669	0.00435	0.07327
1	0.01124	0.01186	0.06894	0.11766	0.36532	0.01247	0.01363	0.01388	0.01027	0.01483	0.03344	0.01451	0.00936	0.00641	0.00852	0.00177	0.24430	0.03233	0.00254	0.00673
2	0.11666	0.13180	0.01492	0.01114	0.01401	0.43619	0.00887	0.07472	0.01339	0.04407	0.02699	0.01080	0.02040	0.00557	0.00498	0.00139	0.05132	0.00360	0.00301	0.00614
3	0.01284	0.00802	0.01175	0.05804	0.09658	0.00778	0.05179	0.02808	0.07070	0.23065	0.20605	0.14091	0.03798	0.00846	0.00556	0.00167	0.00417	0.00755	0.00487	0.00654
4	0.01983	0.00865	0.01180	0.07785	0.01460	0.00776	0.00782	0.02224	0.03239	0.61844	0.03507	0.01676	0.01240	0.00603	0.00498	0.00150	0.00441	0.00495	0.00557	0.08696
5	0.74539	0.00990	0.00842	0.05109	0.02407	0.01144	0.00630	0.03473	0.02751	0.03245	0.00781	0.00904	0.00600	0.00482	0.00339	0.00157	0.00415	0.00301	0.00321	0.00571
6	0.01511	0.01063	0.01187	0.01002	0.01292	0.01151	0.00791	0.36203	0.18077	0.10061	0.01838	0.20222	0.01624	0.00854	0.00541	0.00169	0.00449	0.00714	0.00511	0.00743
7	0.00710	0.00514	0.00670	0.00637	0.00753	0.00474	0.00475	0.00941	0.01408	0.01988	0.74569	0.06843	0.05996	0.01060	0.00598	0.00161	0.00241	0.00938	0.00552	0.00474
8	0.37781	0.01229	0.01187	0.00950	0.01316	0.01383	0.00784	0.44939	0.01729	0.02794	0.00996	0.01046	0.00726	0.00548	0.00423	0.00154	0.00486	0.00378	0.00423	0.00726
9	0.00612	0.00503	0.00523	0.00535	0.00676	0.00431	0.00385	0.00724	0.01096	0.01323	0.04564	0.12307	0.64253	0.08854	0.00786	0.00204	0.00282	0.01073	0.00454	0.00414
10	0.00656	0.00507	0.00599	0.00592	0.00723	0.00449	0.00438	0.00833	0.01267	0.01675	0.40195	0.12505	0.35351	0.01194	0.00602	0.00169	0.00252	0.01033	0.00511	0.00449
11	0.00792	0.00535	0.00692	0.00642	0.00780	0.00488	0.00485	0.01021	0.01413	0.06222	0.69414	0.03741	0.09793	0.01029	0.00592	0.00160	0.00250	0.00903	0.00554	0.00495
12	0.07951	0.00913	0.01461	0.61479	0.11395	0.01094	0.01299	0.01304	0.01012	0.01412	0.00992	0.05707	0.00824	0.00556	0.00497	0.00168	0.00622	0.00489	0.00248	0.00578
13	0.01305	0.54399	0.06633	0.00924	0.01324	0.10637	0.00879	0.01488	0.01073	0.01270	0.00914	0.07533	0.00880	0.00535	0.00380	0.00119	0.00559	0.00381	0.00250	0.08518
14	0.01049	0.01058	0.07615	0.08422	0.05987	0.00788	0.00834	0.01318	0.01053	0.01611	0.00903	0.01090	0.00736	0.00400	0.00403	0.00095	0.00446	0.00328	0.00283	0.65584
15	0.01434	0.01132	0.05745	0.01162	0.07706	0.01103	0.00888	0.31830	0.09643	0.09541	0.01966	0.15323	0.08641	0.00825	0.00537	0.00165	0.00470	0.00691	0.00471	0.00726
16	0.01060	0.01384	0.19857	0.08254	0.39994	0.01054	0.03102	0.01399	0.01104	0.01555	0.01433	0.09471	0.06867	0.00636	0.00520	0.00161	0.00590	0.00580	0.00278	0.00701
17	0.01062	0.00912	0.01142	0.12026	0.01530	0.00795	0.02423	0.06948	0.01156	0.01687	0.01319	0.01466	0.08027	0.00496	0.00428	0.00105	0.00430	0.00410	0.00319	0.57319
18	0.01125	0.01001	0.07490	0.00809	0.01247	0.00703	0.00705	0.01378	0.01122	0.08678	0.08258	0.01365	0.01160	0.00467	0.00416	0.00097	0.00398	0.00382	0.00346	0.62854
19	0.01083	0.00894	0.01040	0.00772	0.01171	0.00730	0.00616	0.08322	0.01226	0.01844	0.11835	0.01446	0.01322	0.00488	0.00418	0.00094	0.00372	0.00400	0.00355	0.65571
20	0.01321	0.01211	0.04344	0.02715	0.64423	0.01171	0.01439	0.01715	0.07508	0.07529	0.01119	0.01333	0.00891	0.00484	0.00502	0.00153	0.00576	0.00462	0.00299	0.00804
21	0.00998	0.08614	0.12080	0.00939	0.01231	0.00900	0.01715	0.05494	0.09738	0.02739	0.05450	0.19461	0.03899	0.01859	0.00569	0.00174	0.00453	0.14316	0.00401	0.08972
22	0.01212	0.01161	0.01981	0.13450	0.69036	0.01191	0.01532	0.01517	0.01133	0.01604	0.00944	0.01264	0.00784	0.00458	0.00501	0.00153	0.00610	0.00450	0.00247	0.00769
23	0.00615	0.00445	0.00581	0.00690	0.00730	0.00412	0.00463	0.00706	0.00982	0.01296	0.02962	0.76114	0.09016	0.01561	0.00642	0.00203	0.00291	0.01410	0.00469	0.00412
24	0.00711	0.00517	0.00669	0.00631	0.00752	0.00475	0.00473	0.00944	0.01419	0.01999	0.75640	0.03824	0.07957	0.01044	0.00596	0.00160	0.00239	0.00921	0.00553	0.00475
25	0.02269	0.00861	0.01174	0.00900	0.01291	0.00743	0.00743	0.02464	0.01447	0.79425	0.01995	0.01721	0.01252	0.00626	0.00509	0.00156	0.00430	0.00509	0.00626	0.00861
26	0.01052	0.00950	0.01479	0.57349	0.10550	0.01118	0.01280	0.08395	0.02940	0.01529	0.01308	0.01628	0.07159	0.00577	0.00513	0.00165	0.00615	0.00504	0.00280	0.00608
27	0.15413	0.10541	0.02710	0.08375	0.28885	0.17070	0.05291	0.01596	0.01131	0.01580	0.00885	0.02721	0.00749	0.00492	0.00449	0.00146	0.00637	0.00403	0.00261	0.00664
28	0.85801	0.00978	0.00743	0.00665	0.00978	0.01134	0.00548	0.01486	0.00861	0.02269	0.00704	0.00821	0.00548	0.00469	0.00313	0.00156	0.00391	0.00274	0.00313	0.00548
29	0.01223	0.01166	0.01950	0.10587	0.67443	0.01197	0.01496	0.01589	0.05357	0.01642	0.01007	0.01296	0.00829	0.00469	0.00502	0.00153	0.00597	0.00457	0.00262	0.00778
30	0.00618	0.00447	0.00580	0.00686	0.00725	0.00414	0.00459	0.00707	0.00976	0.01288	0.02930	0.73986	0.08975	0.03745	0.00694	0.00210	0.00296	0.01391	0.00465	0.00409
31	0.00887	0.01776	0.47474	0.01150	0.03350	0.00899	0.01312	0.01317	0.01167	0.01667	0.19763	0.02279	0.13415	0.00730	0.00526	0.00161	0.00551	0.00607	0.00333	0.00637
32	0.00798	0.00652	0.00722	0.00693	0.00872	0.00645	0.00533	0.01263	0.19175	0.01711	0.22600	0.03936	0.36007	0.02215	0.00612	0.00177	0.00303	0.06061	0.00499	0.00528
33	0.01060	0.36385	0.12294	0.00971	0.03707	0.01281	0.03740	0.01315	0.01174	0.01544	0.25071	0.02017	0.06213	0.00671	0.00460	0.00138	0.00473	0.00544	0.00337	0.00603
34	0.01079	0.01899	0.40379	0.01621	0.03317	0.01174	0.27463	0.01656	0.08290	0.01638	0.01163	0.05912	0.00926	0.00544	0.00533	0.00167	0.00723	0.00531	0.00271	0.00711
35	0.01086	0.02599	0.73175	0.01430	0.02137	0.07678	0.01795	0.01636	0.01098	0.01571	0.00897	0.01055	0.00641	0.00484	0.00478	0.00158	0.00761	0.00370	0.00217	0.00734
36	0.01043	0.03058	0.41799	0.01446	0.02001	0.01121	0.19532	0.01615	0.08332	0.01708	0.11984	0.01592	0.01335	0.00564	0.00525	0.00163	0.00666	0.00520	0.00300	0.00697
37	0.01041	0.00785	0.06682	0.00745	0.00959	0.02732	0.00621	0.01254	0.01289	0.16022	0.36631	0.05458	0.13039	0.08523	0.00755	0.00193	0.00361	0.01868	0.00497	0.00546
38	0.68655	0.00958	0.00867	0.09217	0.01274	0.01095	0.00658	0.01561	0.00934	0.09683	0.00851	0.00965	0.00630	0.00488	0.00352	0.00158	0.00425	0.00315	0.00334	0.00580

[dist]
# distance from previous block
# <min> <max>
0	1

[block]
# block no. 6 follows, 49 sequences, length 33
# corresponding to MSA columns:
# 441-454,464-482
name=unknown_G
#
# <colnr> <probs for GDERKNQSTAVLIFYWHMCP>
#	G	D	E	R	K	N	Q	S	T	A	V	L	I	F	Y	W	H	M	C	P
0	0.03928	0.01063	0.12249	0.03640	0.14675	0.00862	0.00938	0.01442	0.12167	0.03131	0.27173	0.02468	0.09336	0.00759	0.00529	0.00157	0.00425	0.00655	0.00413	0.03990
1	0.16031	0.26562	0.10416	0.00880	0.01282	0.03994	0.00841	0.02719	0.01142	0.15106	0.05802	0.01436	0.05582	0.00565	0.00414	0.00137	0.00488	0.00415	0.00349	0.05839
2	0.01036	0.00880	0.01024	0.00760	0.01169	0.00701	0.00604	0.01351	0.06798	0.01715	0.07587	0.01342	0.01149	0.00453	0.00404	0.00089	0.00365	0.00372	0.00337	0.71864
3	0.01889	0.02410	0.01433	0.01303	0.01563	0.80199	0.00977	0.02019	0.01433	0.01238	0.00782	0.00912	0.00651	0.00521	0.00456	0.00130	0.00912	0.00326	0.00261	0.00586
4	0.85801	0.00978	0.00743	0.00665	0.00978	0.01134	0.00548	0.01486	0.00861	0.02269	0.00704	0.00821	0.00548	0.00469	0.00313	0.00156	0.00391	0.00274	0.00313	0.00548
5	0.01319	0.01117	0.01178	0.01041	0.01338	0.01286	0.00815	0.09579	0.71169	0.02214	0.01980	0.01825	0.01481	0.00679	0.00514	0.00170	0.00415	0.00561	0.00514	0.00806
6	0.01112	0.02353	0.65812	0.01424	0.02105	0.01168	0.05513	0.06066	0.01167	0.04299	0.01029	0.01274	0.00759	0.00522	0.00496	0.00163	0.00721	0.03018	0.00255	0.00745
7	0.00734	0.00489	0.00555	0.00555	0.00568	0.00483	0.00320	0.00730	0.00762	0.01003	0.01813	0.03320	0.07493	0.71498	0.02392	0.05450	0.00470	0.00743	0.00313	0.00310
8	0.00995	0.00667	0.00831	0.00774	0.00951	0.00663	0.00605	0.01448	0.15810	0.10388	0.45240	0.05597	0.03530	0.00981	0.00584	0.00171	0.00317	0.09328	0.00543	0.00576
9	0.00606	0.00514	0.00524	0.00525	0.00693	0.00432	0.00396	0.00739	0.01161	0.01388	0.07200	0.04853	0.75054	0.01276	0.00600	0.00172	0.00260	0.02706	0.00472	0.00429
10	0.01741	0.01004	0.01176	0.00969	0.01306	0.01042	0.00778	0.11997	0.32523	0.34600	0.04580	0.01797	0.01443	0.00661	0.00511	0.00161	0.00424	0.00541	0.01927	0.00817
11	0.01252	0.00951	0.01044	0.00937	0.01199	0.01048	0.00727	0.04726	0.52269	0.09685	0.05981	0.09170	0.07168	0.00814	0.00535	0.00172	0.00381	0.00688	0.00520	0.00733
12	0.11016	0.01200	0.08421	0.12761	0.37304	0.02520	0.01270	0.03308	0.01167	0.07044	0.06908	0.01490	0.01106	0.00540	0.00488	0.00156	0.00563	0.01724	0.00310	0.00706
13	0.01415	0.59713	0.08040	0.00902	0.01355	0.01674	0.00902	0.01618	0.01084	0.10909	0.00894	0.00962	0.00731	0.00455	0.00363	0.00115	0.00529	0.00310	0.00274	0.07757
14	0.01893	0.01240	0.01385	0.01075	0.01455	0.01328	0.00883	0.55089	0.05175	0.18150	0.05962	0.01492	0.01195	0.00639	0.00512	0.00154	0.00507	0.00497	0.00533	0.00835
15	0.01049	0.00899	0.01049	0.00749	0.01198	0.00674	0.00599	0.01273	0.01049	0.01648	0.00899	0.01049	0.00749	0.00374	0.00374	0.00075	0.00374	0.00300	0.00300	0.85320
16	0.01048	0.10617	0.71904	0.01384	0.02099	0.01257	0.01768	0.01593	0.01064	0.01560	0.00887	0.01042	0.00641	0.00476	0.00465	0.00155	0.00727	0.00363	0.00214	0.00737
17	0.00631	0.00451	0.00604	0.00721	0.00757	0.00423	0.00495	0.00730	0.00983	0.01307	0.02779	0.76250	0.03312	0.01570	0.00649	0.00207	0.00306	0.06941	0.00469	0.00415
18	0.01318	0.74611	0.10278	0.00922	0.01386	0.01919	0.00965	0.01523	0.01031	0.01231	0.00723	0.00837	0.00648	0.00437	0.00340	0.00113	0.00561	0.00281	0.00216	0.00659
19	0.06001	0.15805	0.12157	0.01017	0.01458	0.01116	0.03950	0.03408	0.06222	0.41572	0.01503	0.01412	0.01018	0.00559	0.00466	0.00150	0.00508	0.00442	0.00457	0.00781
20	0.01714	0.01294	0.01429	0.07049	0.01649	0.01450	0.00954	0.53936	0.18688	0.04456	0.01391	0.01381	0.01003	0.00617	0.00508	0.00157	0.00529	0.00481	0.00489	0.00825
21	0.01791	0.01184	0.01217	0.01008	0.01311	0.14029	0.00805	0.10834	0.11254	0.34388	0.10476	0.01751	0.01515	0.00676	0.00578	0.00158	0.05251	0.00523	0.00506	0.00745
22	0.00655	0.00476	0.00621	0.00708	0.00760	0.00454	0.00484	0.00817	0.04094	0.01426	0.13304	0.67888	0.03471	0.01472	0.00633	0.00198	0.00290	0.01331	0.00483	0.00435
23	0.00740	0.00551	0.00694	0.00666	0.00791	0.00526	0.00496	0.01046	0.07060	0.01928	0.61871	0.11459	0.08099	0.01075	0.00595	0.00165	0.00257	0.00949	0.00540	0.00492
24	0.00669	0.00515	0.00611	0.00587	0.00727	0.00457	0.00440	0.00863	0.01320	0.01764	0.49381	0.04212	0.34363	0.01132	0.00597	0.00164	0.00246	0.00975	0.00522	0.00457
25	0.85801	0.00978	0.00743	0.00665	0.00978	0.01134	0.00548	0.01486	0.00861	0.02269	0.00704	0.00821	0.00548	0.00469	0.00313	0.00156	0.00391	0.00274	0.00313	0.00548
26	0.01028	0.01064	0.06174	0.56546	0.11724	0.01136	0.05672	0.03550	0.02476	0.01453	0.02392	0.01432	0.02154	0.00522	0.00512	0.00166	0.00657	0.00475	0.00252	0.00615
27	0.00719	0.00519	0.00680	0.00645	0.00764	0.00480	0.00487	0.00957	0.01423	0.02012	0.76526	0.03835	0.04716	0.01045	0.00599	0.00161	0.00245	0.03155	0.00554	0.00477
28	0.00648	0.00473	0.00610	0.00664	0.00736	0.00435	0.00464	0.00791	0.01142	0.01547	0.28726	0.48401	0.10752	0.01370	0.00624	0.00187	0.00271	0.01227	0.00499	0.00435
29	0.12049	0.18477	0.40108	0.01292	0.01872	0.01358	0.10923	0.04235	0.01101	0.02957	0.00883	0.01037	0.00664	0.00469	0.00443	0.00150	0.00661	0.00373	0.00249	0.00699
30	0.85801	0.00978	0.00743	0.00665	0.00978	0.01134	0.00548	0.01486	0.00861	0.02269	0.00704	0.00821	0.00548	0.00469	0.00313	0.00156	0.00391	0.00274	0.00313	0.00548
31	0.05089	0.00623	0.00857	0.00998	0.04261	0.00630	0.00819	0.01077	0.01131	0.01535	0.02444	0.05130	0.02634	0.01324	0.00715	0.03189	0.00467	0.66162	0.00441	0.00475
32	0.07588	0.38342	0.37745	0.01153	0.03033	0.01543	0.01313	0.01553	0.01035	0.01468	0.00801	0.00937	0.00640	0.00458	0.00398	0.00136	0.00625	0.00321	0.00223	0.00689

[dist]
# distance from previous block
# <min> <max>
0	1

[block]
# block no. 7 follows, 49 sequences, length 15
# corresponding to MSA columns:
# 484-498
name=unknown_H
#
# <colnr> <probs for GDERKNQSTAVLIFYWHMCP>
#	G	D	E	R	K	N	Q	S	T	A	V	L	I	F	Y	W	H	M	C	P
0	0.00703	0.00507	0.00664	0.00645	0.00753	0.00468	0.00476	0.00921	0.01370	0.01930	0.68746	0.14117	0.04582	0.01107	0.00603	0.00165	0.00246	0.00984	0.00545	0.00468
1	0.00762	0.00518	0.00682	0.00657	0.00773	0.00477	0.00486	0.00975	0.01359	0.04980	0.63860	0.15928	0.04408	0.01104	0.00601	0.00166	0.00255	0.00980	0.00546	0.00482
2	0.06454	0.09672	0.44851	0.06051	0.05266	0.01188	0.04246	0.01697	0.01113	0.13335	0.01045	0.01162	0.00741	0.00495	0.00466	0.00155	0.00651	0.00394	0.00286	0.00732
3	0.01262	0.00978	0.01596	0.34639	0.30066	0.01048	0.01294	0.01551	0.01143	0.14363	0.01305	0.01624	0.03813	0.00559	0.00513	0.00162	0.00586	0.02493	0.00316	0.00689
4	0.00625	0.00508	0.00558	0.00582	0.00725	0.00440	0.00438	0.00763	0.01144	0.01407	0.08937	0.15830	0.57443	0.01319	0.00613	0.00180	0.00278	0.07306	0.00474	0.00431
5	0.22175	0.00972	0.01158	0.07718	0.01438	0.01007	0.00795	0.11322	0.01354	0.41304	0.01435	0.01383	0.00958	0.00587	0.00512	0.00160	0.04054	0.00437	0.00484	0.00746
6	0.05169	0.01299	0.05681	0.03093	0.17936	0.04666	0.24953	0.09839	0.01347	0.17748	0.01225	0.02671	0.00904	0.00521	0.00524	0.00159	0.00648	0.00508	0.00361	0.00749
7	0.00686	0.00494	0.00649	0.00656	0.00749	0.00457	0.00475	0.00880	0.01293	0.01808	0.56162	0.27049	0.04346	0.01198	0.00611	0.00173	0.00255	0.01070	0.00531	0.00457
8	0.01210	0.01141	0.04563	0.01896	0.35304	0.00995	0.05101	0.04743	0.01169	0.03545	0.00968	0.01177	0.00785	0.00430	0.00454	0.00121	0.00521	0.00395	0.00289	0.35190
9	0.01139	0.00953	0.01163	0.14286	0.04935	0.01081	0.00874	0.02095	0.46441	0.04012	0.15388	0.02100	0.01931	0.00706	0.00527	0.00167	0.00426	0.00605	0.00466	0.00705
10	0.01036	0.00804	0.00829	0.00752	0.00919	0.11057	0.00572	0.01256	0.01433	0.10166	0.60300	0.03179	0.03851	0.00922	0.00568	0.00155	0.00348	0.00793	0.00525	0.00532
11	0.01173	0.01227	0.02139	0.28318	0.24979	0.05932	0.25810	0.01516	0.01136	0.01498	0.00947	0.01299	0.00739	0.00465	0.00530	0.00162	0.00724	0.00490	0.00244	0.00671
12	0.01145	0.31137	0.32984	0.01067	0.01630	0.01354	0.01202	0.01491	0.01049	0.01463	0.00831	0.00970	0.00669	0.00438	0.00399	0.00121	0.00583	0.00319	0.00235	0.20912
13	0.01666	0.02049	0.01453	0.20342	0.02022	0.61311	0.01079	0.01846	0.01332	0.01251	0.00810	0.01016	0.00657	0.00517	0.00468	0.00139	0.00855	0.00355	0.00252	0.00580
14	0.01475	0.09923	0.01357	0.01039	0.01351	0.11742	0.00830	0.04757	0.49656	0.09790	0.01712	0.01606	0.01279	0.00629	0.00486	0.00157	0.00491	0.00497	0.00460	0.00764

[dist]
# distance from previous block
# <min> <max>
0	3

[block]
# block no. 8 follows, 49 sequences, length 9
# corresponding to MSA columns:
# 502-510
name=unknown_I
#
# <colnr> <probs for GDERKNQSTAVLIFYWHMCP>
#	G	D	E	R	K	N	Q	S	T	A	V	L	I	F	Y	W	H	M	C	P
0	0.26181	0.17455	0.01447	0.00941	0.01297	0.08770	0.00792	0.20372	0.09809	0.06925	0.01064	0.01096	0.00806	0.00534	0.00410	0.00145	0.00513	0.00370	0.00378	0.00695
1	0.01837	0.01465	0.01577	0.01413	0.11118	0.07483	0.01035	0.62331	0.02155	0.02850	0.01149	0.01196	0.00837	0.00581	0.00501	0.00150	0.00589	0.00445	0.00456	0.00832
2	0.01133	0.00896	0.01057	0.00759	0.01205	0.00679	0.00609	0.01356	0.01076	0.07057	0.00975	0.01095	0.00784	0.00392	0.00384	0.00081	0.00378	0.00314	0.00322	0.79445
3	0.00725	0.00531	0.00756	0.00756	0.00827	0.00601	0.00562	0.00867	0.00796	0.01132	0.01406	0.02273	0.01388	0.20766	0.63421	0.00743	0.01167	0.00584	0.00279	0.00420
4	0.00735	0.00490	0.00552	0.00552	0.00552	0.00490	0.00306	0.00735	0.00735	0.00980	0.01593	0.03309	0.01838	0.82229	0.02574	0.00490	0.00490	0.00735	0.00306	0.00306
5	0.01048	0.01243	0.11504	0.45326	0.12868	0.01171	0.16737	0.01429	0.01073	0.01442	0.00932	0.01304	0.00705	0.00479	0.00520	0.00166	0.00710	0.00470	0.00233	0.00640
6	0.01128	0.00611	0.00822	0.00732	0.00905	0.00577	0.00562	0.01334	0.03811	0.20453	0.41005	0.02778	0.03013	0.01270	0.08161	0.10657	0.00419	0.00712	0.00504	0.00546
7	0.26630	0.01085	0.01080	0.00881	0.01233	0.10599	0.00715	0.02124	0.01274	0.47294	0.01469	0.01359	0.00972	0.00567	0.00445	0.00153	0.00478	0.00418	0.00490	0.00735
8	0.01198	0.01126	0.01901	0.02837	0.69508	0.01126	0.01462	0.01490	0.01153	0.01635	0.01163	0.01797	0.01060	0.00567	0.00525	0.00160	0.00584	0.09673	0.00277	0.00760

[dist]
# distance from previous block
# <min> <max>
0	4

[block]
# block no. 9 follows, 49 sequences, length 25
# corresponding to MSA columns:
# 515-539
name=unknown_J
#
# <colnr> <probs for GDERKNQSTAVLIFYWHMCP>
#	G	D	E	R	K	N	Q	S	T	A	V	L	I	F	Y	W	H	M	C	P
0	0.01214	0.01144	0.01914	0.20069	0.59423	0.01199	0.01496	0.04543	0.01170	0.01635	0.00950	0.01271	0.00776	0.00469	0.00502	0.00154	0.00615	0.00450	0.00255	0.00751
1	0.01159	0.01229	0.01498	0.63577	0.03063	0.18421	0.01311	0.01451	0.01103	0.01280	0.00873	0.01253	0.00669	0.00509	0.00495	0.00160	0.00726	0.00422	0.00233	0.00567
2	0.01965	0.00768	0.01061	0.00847	0.01153	0.00677	0.00677	0.02069	0.01275	0.62243	0.01751	0.01681	0.01170	0.00873	0.00830	0.18779	0.00432	0.00493	0.00537	0.00720
3	0.00804	0.09310	0.00890	0.00667	0.00845	0.00695	0.00526	0.01111	0.07818	0.01801	0.47867	0.03539	0.20268	0.00994	0.00561	0.00157	0.00288	0.00850	0.00498	0.00512
4	0.01012	0.00748	0.00888	0.00775	0.00967	0.00763	0.00602	0.17779	0.06258	0.02287	0.57213	0.03103	0.03721	0.00919	0.00572	0.00158	0.00318	0.00793	0.00543	0.00580
5	0.02048	0.00910	0.01167	0.00928	0.01296	0.00856	0.00756	0.02513	0.18228	0.62513	0.02009	0.01757	0.01316	0.00639	0.00510	0.00160	0.00424	0.00522	0.00602	0.00847
6	0.01033	0.02482	0.71438	0.01515	0.02237	0.01186	0.09906	0.01603	0.01081	0.01603	0.00920	0.01099	0.00654	0.00475	0.00493	0.00161	0.00759	0.00397	0.00218	0.00740
7	0.01075	0.18790	0.01825	0.54700	0.11525	0.01324	0.01303	0.01370	0.01031	0.01310	0.00862	0.01220	0.00683	0.00483	0.00465	0.00153	0.00637	0.00410	0.00226	0.00608
8	0.51644	0.01281	0.00983	0.00855	0.01171	0.18374	0.00683	0.03452	0.01117	0.14937	0.00948	0.01000	0.00695	0.00510	0.00381	0.00151	0.00515	0.00328	0.00358	0.00615
9	0.00731	0.00496	0.00579	0.00570	0.00596	0.00487	0.00344	0.00783	0.00888	0.01210	0.18484	0.03412	0.02480	0.64467	0.02141	0.00418	0.00435	0.00775	0.00361	0.00344
10	0.01546	0.01838	0.01480	0.18902	0.10209	0.49686	0.01111	0.01743	0.01273	0.01290	0.00860	0.01108	0.00709	0.00707	0.05275	0.00182	0.00853	0.00379	0.00252	0.00596
11	0.00987	0.00931	0.01574	0.72705	0.11544	0.01132	0.01420	0.01320	0.01026	0.01330	0.00904	0.01338	0.00688	0.00500	0.00505	0.00167	0.00666	0.00450	0.00227	0.00587
12	0.01084	0.00794	0.00961	0.00755	0.01107	0.00624	0.00586	0.01276	0.01073	0.09864	0.01429	0.18806	0.01370	0.00666	0.00448	0.00112	0.00363	0.00571	0.00372	0.57740
13	0.00737	0.00535	0.00753	0.00787	0.00864	0.00581	0.00606	0.00892	0.00888	0.01224	0.01788	0.08816	0.01871	0.16195	0.44101	0.00588	0.00939	0.17074	0.00334	0.00427
14	0.01801	0.01364	0.04637	0.01302	0.07173	0.09636	0.05557	0.27221	0.11005	0.22895	0.01435	0.01404	0.01006	0.00585	0.00506	0.00154	0.00570	0.00475	0.00467	0.00804
15	0.01230	0.01180	0.02014	0.08754	0.73592	0.01196	0.01541	0.01533	0.01141	0.01626	0.00947	0.01259	0.00792	0.00455	0.00501	0.00152	0.00606	0.00450	0.00248	0.00784
16	0.00845	0.00668	0.04653	0.05243	0.01035	0.00591	0.00634	0.01054	0.01177	0.07234	0.32688	0.03050	0.15308	0.01622	0.18056	0.03894	0.00558	0.00756	0.00435	0.00498
17	0.01022	0.05612	0.01095	0.00946	0.03213	0.18056	0.05298	0.01208	0.01280	0.01567	0.28068	0.13025	0.14787	0.00949	0.00556	0.00159	0.00463	0.01759	0.00420	0.00515
18	0.01040	0.01081	0.00991	0.05382	0.01191	0.21907	0.03882	0.01242	0.01343	0.01626	0.35633	0.02986	0.17939	0.00890	0.00554	0.00155	0.00473	0.00747	0.00429	0.00510
19	0.05448	0.09679	0.01243	0.05421	0.01285	0.02925	0.00752	0.10327	0.26712	0.06448	0.01494	0.01860	0.01263	0.18468	0.00980	0.00232	0.03892	0.00526	0.00399	0.00645
20	0.06549	0.19466	0.09942	0.02113	0.05291	0.26942	0.00991	0.07864	0.05622	0.01585	0.04771	0.01245	0.00972	0.03978	0.00528	0.00152	0.00655	0.00394	0.00299	0.00642
21	0.01086	0.00607	0.00685	0.04553	0.00878	0.00632	0.00504	0.05842	0.01159	0.07500	0.01765	0.01942	0.05580	0.00640	0.00450	0.00133	0.03711	0.00504	0.61302	0.00528
22	0.58411	0.01101	0.00997	0.00869	0.01117	0.05148	0.00714	0.05730	0.00955	0.02040	0.00728	0.00910	0.00596	0.00571	0.00625	0.00169	0.18126	0.00324	0.00301	0.00568
23	0.01063	0.05636	0.04121	0.00864	0.01044	0.18041	0.00680	0.01218	0.01142	0.05196	0.09897	0.22154	0.10090	0.05672	0.09153	0.00252	0.00585	0.02298	0.00386	0.00507
24	0.00813	0.00548	0.00710	0.00781	0.04071	0.00516	0.00532	0.00940	0.01063	0.06506	0.11953	0.26400	0.12897	0.18983	0.01047	0.00255	0.00369	0.10720	0.00445	0.00451

[dist]
# distance from previous block
# <min> <max>
0	186

# created by:
# /st0/software/busco_prod/Augustus/scripts/msa2prfl.pl ./align_prep/182493.fa
