[name]
unknown

[dist]
# distance from previous block
# <min> <max>
48	132

[block]
# block no. 0 follows, 48 sequences, length 43
# corresponding to MSA columns:
# 190-232
name=unknown_A
#
# <colnr> <probs for GDERKNQSTAVLIFYWHMCP>
#	G	D	E	R	K	N	Q	S	T	A	V	L	I	F	Y	W	H	M	C	P
0	0.04480	0.02650	0.01108	0.02036	0.01199	0.00939	0.00722	0.19123	0.03706	0.22667	0.11886	0.12460	0.07204	0.02088	0.00618	0.00172	0.03734	0.00704	0.00510	0.01995
1	0.01399	0.08552	0.02564	0.00993	0.01308	0.02436	0.06032	0.24755	0.04520	0.08707	0.12903	0.03688	0.03011	0.09620	0.00741	0.00187	0.00493	0.00584	0.01903	0.05603
2	0.09137	0.03760	0.01421	0.03200	0.08986	0.01142	0.06828	0.26135	0.02852	0.09511	0.08533	0.10312	0.01544	0.03606	0.00595	0.00174	0.00504	0.00618	0.00438	0.00703
3	0.19321	0.08576	0.01544	0.10808	0.17004	0.01235	0.03844	0.11149	0.03988	0.09087	0.01142	0.04165	0.00923	0.00569	0.00479	0.00157	0.01694	0.01446	0.00351	0.02517
4	0.05028	0.02500	0.01189	0.08315	0.01456	0.06501	0.00813	0.14279	0.15248	0.18175	0.13136	0.05074	0.03033	0.00721	0.00519	0.00160	0.00471	0.00591	0.00485	0.02305
5	0.06772	0.00866	0.01218	0.30059	0.06029	0.00963	0.00971	0.06930	0.06457	0.09660	0.13709	0.03161	0.01555	0.00765	0.00659	0.08188	0.00507	0.00552	0.00376	0.00602
6	0.08536	0.19032	0.06068	0.01343	0.09654	0.04932	0.08960	0.13261	0.08579	0.08139	0.01152	0.02726	0.00902	0.00537	0.00460	0.00146	0.00572	0.00438	0.00353	0.04210
7	0.01264	0.00847	0.06327	0.00819	0.01090	0.00699	0.00688	0.03048	0.08534	0.24445	0.15707	0.11309	0.15629	0.03343	0.00623	0.00178	0.00381	0.02074	0.00516	0.02477
8	0.10396	0.00860	0.00987	0.00819	0.01105	0.00836	0.00647	0.15401	0.01431	0.15190	0.18129	0.08690	0.03214	0.03936	0.00590	0.00164	0.00394	0.02241	0.00477	0.14492
9	0.08112	0.24022	0.12916	0.08576	0.01646	0.03807	0.04555	0.13302	0.01243	0.02980	0.01064	0.04603	0.00935	0.08124	0.01915	0.00190	0.00605	0.00454	0.00304	0.00648
10	0.01291	0.00934	0.00993	0.00898	0.01101	0.08097	0.00688	0.18734	0.01490	0.11338	0.14431	0.25067	0.02422	0.03690	0.00668	0.01544	0.00444	0.05079	0.00489	0.00602
11	0.09243	0.00680	0.00814	0.00734	0.00935	0.00649	0.00554	0.02572	0.03820	0.22653	0.18719	0.16342	0.09643	0.09401	0.00767	0.00205	0.00358	0.00823	0.00508	0.00579
12	0.06992	0.01014	0.01471	0.47545	0.08371	0.03724	0.01232	0.03714	0.01110	0.10075	0.01022	0.01334	0.00763	0.00558	0.00598	0.00170	0.07657	0.00446	0.01576	0.00628
13	0.01093	0.01232	0.08946	0.10258	0.07060	0.01420	0.02719	0.01299	0.00877	0.01317	0.00780	0.01198	0.00709	0.00898	0.04561	0.00231	0.54126	0.00451	0.00229	0.00597
14	0.00804	0.00588	0.00825	0.00822	0.00921	0.00657	0.00626	0.06159	0.00958	0.01343	0.01616	0.16821	0.01633	0.03120	0.56391	0.04133	0.01079	0.00709	0.00327	0.00470
15	0.51058	0.00863	0.00787	0.00714	0.00984	0.00937	0.00566	0.04423	0.01047	0.10785	0.01644	0.14581	0.08321	0.00761	0.00430	0.00168	0.00379	0.00580	0.00402	0.00570
16	0.04115	0.01175	0.01528	0.57369	0.02961	0.10967	0.02605	0.10358	0.01241	0.01571	0.00930	0.01279	0.00701	0.00524	0.00502	0.00164	0.00693	0.00438	0.00270	0.00610
17	0.00973	0.08040	0.00702	0.00531	0.00680	0.00622	0.00419	0.01206	0.01109	0.01861	0.08844	0.01994	0.01588	0.00626	0.00379	0.00123	0.00268	0.00502	0.69040	0.00495
18	0.00881	0.00580	0.00859	0.00833	0.00953	0.00652	0.00652	0.01066	0.00885	0.08554	0.01436	0.01990	0.01282	0.03545	0.72430	0.00762	0.01286	0.00547	0.00309	0.00497
19	0.00955	0.00578	0.00855	0.00938	0.07969	0.00594	0.00601	0.02217	0.00828	0.04362	0.01155	0.03206	0.01110	0.08550	0.17770	0.45337	0.00652	0.00514	0.01431	0.00378
20	0.09036	0.02380	0.64839	0.01453	0.02147	0.01198	0.08699	0.01616	0.01075	0.01691	0.00912	0.01087	0.00653	0.00481	0.00482	0.00163	0.00734	0.00390	0.00230	0.00733
21	0.00624	0.00452	0.00590	0.00701	0.00741	0.00418	0.00470	0.00716	0.00995	0.01315	0.02993	0.76303	0.08617	0.01586	0.00652	0.00206	0.00295	0.01433	0.00476	0.00418
22	0.01951	0.01437	0.01540	0.01181	0.01591	0.01591	0.00975	0.77056	0.02412	0.03234	0.01232	0.01232	0.00873	0.00616	0.00513	0.00154	0.00565	0.00462	0.00513	0.00873
23	0.01270	0.01219	0.02083	0.03149	0.78767	0.01219	0.01575	0.01575	0.01168	0.01676	0.00965	0.01270	0.00813	0.00457	0.00508	0.00152	0.00610	0.00457	0.00254	0.00813
24	0.01796	0.00753	0.00994	0.00804	0.01080	0.00670	0.00622	0.01946	0.01282	0.53830	0.07143	0.02302	0.01667	0.21514	0.01059	0.00246	0.00439	0.00603	0.00547	0.00702
25	0.01007	0.00951	0.01607	0.70998	0.12975	0.01150	0.01444	0.01344	0.01044	0.01357	0.00919	0.01356	0.00700	0.00506	0.00512	0.00169	0.00675	0.00456	0.00231	0.00600
26	0.00625	0.00447	0.00595	0.00714	0.00744	0.00417	0.00476	0.00714	0.00982	0.01310	0.02828	0.81633	0.03394	0.01608	0.00655	0.00208	0.00298	0.01459	0.00476	0.00417
27	0.01951	0.01437	0.01540	0.01181	0.01591	0.01591	0.00975	0.77056	0.02412	0.03234	0.01232	0.01232	0.00873	0.00616	0.00513	0.00154	0.00565	0.00462	0.00513	0.00873
28	0.01353	0.00819	0.01037	0.00976	0.01211	0.00829	0.00823	0.13691	0.06763	0.18703	0.02287	0.06170	0.02170	0.01074	0.00621	0.00201	0.00470	0.39638	0.00518	0.00646
29	0.00645	0.00455	0.00590	0.00689	0.00714	0.00430	0.00449	0.00720	0.00944	0.01259	0.02631	0.68891	0.03145	0.14689	0.00973	0.00255	0.00330	0.01343	0.00449	0.00400
30	0.00726	0.00524	0.00686	0.00646	0.00767	0.00484	0.00484	0.00968	0.01452	0.02058	0.78496	0.03833	0.04841	0.01049	0.00605	0.00161	0.00242	0.00928	0.00565	0.00484
31	0.00778	0.00579	0.00731	0.00683	0.00820	0.00559	0.00515	0.01134	0.08670	0.02066	0.71277	0.03652	0.04532	0.01016	0.00597	0.00163	0.00258	0.00895	0.00561	0.00515
32	0.01928	0.00874	0.01126	0.00915	0.01247	0.00815	0.00734	0.09274	0.06787	0.54099	0.02083	0.14546	0.01594	0.00794	0.00538	0.00167	0.00424	0.00667	0.00590	0.00796
33	0.01322	0.01125	0.01186	0.01054	0.01352	0.01298	0.00823	0.07803	0.72688	0.02221	0.02030	0.01868	0.01519	0.00691	0.00522	0.00173	0.00417	0.00572	0.00522	0.00816
34	0.02009	0.01247	0.01410	0.01092	0.01490	0.01321	0.00898	0.49796	0.07283	0.25740	0.01526	0.01432	0.01038	0.00627	0.00515	0.00157	0.00516	0.00486	0.00550	0.00869
35	0.60876	0.01009	0.00916	0.00770	0.01112	0.01111	0.00635	0.08690	0.01137	0.18057	0.01029	0.01057	0.00731	0.00522	0.00376	0.00158	0.00421	0.00343	0.00400	0.00650
36	0.04953	0.00883	0.01017	0.00885	0.01163	0.00920	0.00695	0.02202	0.33218	0.25895	0.07243	0.07489	0.01760	0.00746	0.00511	0.00165	0.00381	0.00623	0.08513	0.00739
37	0.85592	0.00992	0.00754	0.00675	0.00992	0.01151	0.00556	0.01508	0.00873	0.02302	0.00714	0.00834	0.00556	0.00476	0.00318	0.00159	0.00397	0.00278	0.00318	0.00556
38	0.00739	0.00527	0.00707	0.00707	0.00759	0.00578	0.00495	0.00841	0.00790	0.01104	0.01482	0.02609	0.01540	0.38386	0.45749	0.00680	0.00987	0.00637	0.00291	0.00393
39	0.00748	0.00526	0.00663	0.00628	0.00757	0.00477	0.00469	0.00936	0.01344	0.03524	0.57122	0.03849	0.18986	0.01139	0.00699	0.05963	0.00264	0.00916	0.00526	0.00465
40	0.00813	0.00510	0.00686	0.00758	0.00839	0.00475	0.00548	0.00942	0.01085	0.08580	0.07998	0.59109	0.03242	0.01454	0.00646	0.00204	0.00329	0.10816	0.00497	0.00471
41	0.77897	0.00981	0.00794	0.00697	0.01022	0.01114	0.00574	0.01600	0.00928	0.09399	0.00835	0.00918	0.00622	0.00491	0.00336	0.00159	0.00401	0.00300	0.00347	0.00585
42	0.01896	0.01410	0.01509	0.01170	0.01570	0.01566	0.00962	0.71045	0.08512	0.03146	0.01301	0.01287	0.00929	0.00622	0.00514	0.00156	0.00552	0.00472	0.00514	0.00868

[dist]
# distance from previous block
# <min> <max>
0	2

[block]
# block no. 1 follows, 48 sequences, length 123
# corresponding to MSA columns:
# 235,236,238-263,266-360
name=unknown_B
#
# <colnr> <probs for GDERKNQSTAVLIFYWHMCP>
#	G	D	E	R	K	N	Q	S	T	A	V	L	I	F	Y	W	H	M	C	P
0	0.76526	0.02815	0.00856	0.00736	0.01051	0.08049	0.00600	0.01556	0.00927	0.02188	0.00721	0.00841	0.00567	0.00480	0.00330	0.00155	0.00446	0.00282	0.00311	0.00561
1	0.05261	0.13402	0.04720	0.01152	0.01525	0.19007	0.02552	0.31985	0.01705	0.07520	0.01137	0.01194	0.02411	0.00582	0.00514	0.00147	0.03648	0.00414	0.00387	0.00737
2	0.03168	0.00798	0.01004	0.00836	0.01134	0.00748	0.00670	0.02002	0.12117	0.42332	0.15483	0.02529	0.10538	0.00864	0.02196	0.00178	0.00399	0.01702	0.00574	0.00729
3	0.00666	0.00522	0.00604	0.00589	0.00735	0.00459	0.00443	0.00850	0.01298	0.01700	0.39184	0.05689	0.41751	0.01190	0.00608	0.00169	0.00256	0.02313	0.00517	0.00457
4	0.01412	0.76660	0.02609	0.00899	0.01336	0.02000	0.00885	0.06783	0.01138	0.01348	0.00749	0.00851	0.00673	0.00451	0.00342	0.00113	0.00550	0.00287	0.00240	0.00673
5	0.00750	0.00534	0.00672	0.00660	0.00753	0.00512	0.00459	0.00824	0.00921	0.01251	0.07558	0.14327	0.12554	0.22873	0.15550	0.10464	0.00559	0.00800	0.00358	0.07621
6	0.02852	0.00986	0.07536	0.00910	0.01265	0.00802	0.00800	0.07350	0.04395	0.33390	0.08011	0.03644	0.08219	0.00775	0.00532	0.00160	0.00436	0.07893	0.00510	0.09533
7	0.75045	0.01014	0.00877	0.00860	0.06185	0.01152	0.00640	0.03348	0.00951	0.05005	0.00790	0.00904	0.00606	0.00484	0.00342	0.00158	0.00416	0.00303	0.00329	0.00592
8	0.00633	0.00451	0.00598	0.00712	0.00742	0.00423	0.00475	0.00721	0.00976	0.01301	0.02778	0.77266	0.03325	0.04818	0.00734	0.00220	0.00309	0.02634	0.00470	0.00413
9	0.07981	0.00684	0.00736	0.00643	0.00857	0.00688	0.00506	0.08480	0.01254	0.16870	0.01624	0.01755	0.01214	0.01856	0.00435	0.00139	0.00324	0.00472	0.52889	0.00594
10	0.00900	0.00684	0.07392	0.00737	0.00859	0.00577	0.00604	0.02454	0.00890	0.01334	0.01296	0.04929	0.01191	0.01715	0.15289	0.35111	0.00585	0.02291	0.20762	0.00399
11	0.01229	0.01053	0.01120	0.01010	0.01286	0.01209	0.00784	0.02576	0.71309	0.02139	0.08621	0.02078	0.01846	0.00726	0.00529	0.00173	0.00392	0.00610	0.00526	0.00784
12	0.01160	0.00674	0.00695	0.00622	0.00801	0.00706	0.00485	0.16700	0.01349	0.02183	0.01584	0.01774	0.01225	0.00602	0.00390	0.00127	0.00306	0.00475	0.67586	0.00559
13	0.03233	0.00765	0.00984	0.00831	0.01098	0.00708	0.00643	0.01930	0.07638	0.45620	0.06534	0.13804	0.01876	0.10956	0.00800	0.00210	0.00409	0.00708	0.00552	0.00702
14	0.85592	0.00992	0.00754	0.00675	0.00992	0.01151	0.00556	0.01508	0.00873	0.02302	0.00714	0.00834	0.00556	0.00476	0.00318	0.00159	0.00397	0.00278	0.00318	0.00556
15	0.01276	0.01102	0.01160	0.01044	0.01334	0.01276	0.00812	0.02727	0.77840	0.02146	0.02088	0.01914	0.01566	0.00696	0.00522	0.00174	0.00406	0.00580	0.00522	0.00812
16	0.00818	0.00583	0.00809	0.00915	0.01024	0.00586	0.00785	0.01036	0.01138	0.01486	0.02591	0.05477	0.02815	0.06865	0.03971	0.00277	0.00510	0.67400	0.00454	0.00461
17	0.06430	0.00597	0.00789	0.00894	0.01013	0.00603	0.00759	0.01043	0.01132	0.01554	0.02600	0.16258	0.02856	0.01382	0.00675	0.00227	0.00443	0.59812	0.00463	0.00470
18	0.00973	0.00569	0.00717	0.00651	0.00817	0.00518	0.00498	0.01197	0.01379	0.13222	0.50202	0.03402	0.11463	0.00958	0.00562	0.00157	0.00272	0.00828	0.11082	0.00535
19	0.02272	0.00921	0.01221	0.00936	0.01334	0.00826	0.00773	0.08875	0.01549	0.72634	0.01957	0.01702	0.01236	0.00633	0.00516	0.00158	0.00448	0.00511	0.00625	0.00873
20	0.02248	0.00857	0.01162	0.00896	0.01281	0.00743	0.00738	0.02448	0.01453	0.76035	0.02010	0.01753	0.01272	0.00634	0.00510	0.00157	0.00429	0.00514	0.04001	0.00857
21	0.01903	0.01343	0.01450	0.01119	0.01510	0.01472	0.00922	0.67988	0.02273	0.07246	0.01304	0.01305	0.00923	0.00616	0.00503	0.00152	0.00536	0.00466	0.06121	0.00846
22	0.02302	0.00873	0.01191	0.00913	0.01310	0.00754	0.00754	0.02501	0.01469	0.79122	0.02024	0.01746	0.01270	0.00635	0.00516	0.00159	0.00437	0.00516	0.00635	0.00873
23	0.01919	0.02371	0.01460	0.01311	0.01587	0.74131	0.00990	0.07581	0.01525	0.01402	0.00825	0.00948	0.00677	0.00535	0.00466	0.00134	0.00899	0.00340	0.00283	0.00615
24	0.01700	0.01254	0.01355	0.01103	0.01463	0.01394	0.00890	0.40411	0.33503	0.08823	0.01649	0.01555	0.01191	0.00651	0.00517	0.00163	0.00489	0.00515	0.00527	0.00848
25	0.00638	0.00459	0.00585	0.00679	0.00718	0.00428	0.00449	0.00720	0.00970	0.01279	0.02887	0.65769	0.09639	0.11135	0.00883	0.00240	0.00318	0.01342	0.00457	0.00406
26	0.01917	0.02445	0.01454	0.01322	0.01586	0.79907	0.00991	0.02049	0.01454	0.01256	0.00793	0.00925	0.00661	0.00529	0.00463	0.00132	0.00925	0.00330	0.00264	0.00595
27	0.01211	0.01384	0.03028	0.02163	0.02682	0.01298	0.76903	0.01644	0.01211	0.01644	0.01038	0.01384	0.00779	0.00433	0.00606	0.00173	0.00865	0.00606	0.00260	0.00692
28	0.00693	0.00519	0.00643	0.00621	0.00749	0.00469	0.00462	0.00901	0.01361	0.01862	0.57492	0.08471	0.21594	0.01138	0.00608	0.00167	0.00249	0.00993	0.00540	0.00469
29	0.00737	0.00506	0.00599	0.00605	0.00634	0.00504	0.00378	0.00788	0.00855	0.01148	0.08407	0.06546	0.05220	0.60286	0.07345	0.00456	0.00516	0.03772	0.00350	0.00351
30	0.01029	0.02654	0.79309	0.01462	0.02221	0.01192	0.01896	0.01625	0.01083	0.01625	0.00921	0.01083	0.00650	0.00487	0.00487	0.00162	0.00758	0.00379	0.00217	0.00758
31	0.00738	0.00614	0.00720	0.02403	0.04738	0.00573	0.00533	0.01025	0.07800	0.01650	0.24945	0.04115	0.46028	0.01120	0.00592	0.00169	0.00294	0.00953	0.00489	0.00502
32	0.01499	0.01426	0.04680	0.01722	0.22642	0.15466	0.05446	0.16726	0.03109	0.07093	0.10813	0.01575	0.01345	0.00655	0.01803	0.00165	0.02222	0.00507	0.00376	0.00728
33	0.01844	0.02314	0.01421	0.01274	0.01555	0.73134	0.00959	0.01984	0.01421	0.01291	0.00803	0.00937	0.00669	0.00516	0.00456	0.00127	0.00879	0.00328	0.00268	0.07820
34	0.01372	0.82276	0.02689	0.00878	0.01317	0.02030	0.00878	0.01536	0.01043	0.01207	0.00713	0.00823	0.00658	0.00439	0.00329	0.00110	0.00549	0.00274	0.00219	0.00658
35	0.05412	0.00984	0.01253	0.06252	0.01486	0.00955	0.00826	0.16953	0.01587	0.54590	0.01736	0.01614	0.01136	0.02134	0.00546	0.00165	0.00478	0.00496	0.00566	0.00830
36	0.01103	0.01019	0.01694	0.11828	0.51897	0.01040	0.01332	0.01376	0.01130	0.01570	0.01434	0.11460	0.03145	0.00705	0.00546	0.00169	0.00561	0.06993	0.00302	0.00698
37	0.00827	0.00591	0.00827	0.00945	0.01063	0.00591	0.00827	0.01063	0.01181	0.01536	0.02717	0.05788	0.02953	0.01417	0.00709	0.00236	0.00472	0.75313	0.00472	0.00472
38	0.01352	0.01344	0.01886	0.14340	0.52642	0.11217	0.01439	0.06610	0.01266	0.01672	0.00953	0.01238	0.00778	0.00485	0.00503	0.00153	0.00658	0.00441	0.00269	0.00753
39	0.00969	0.00912	0.01539	0.80734	0.03534	0.01140	0.01425	0.01311	0.01026	0.01311	0.00912	0.01368	0.00684	0.00513	0.00513	0.00171	0.00684	0.00456	0.00228	0.00570
40	0.01276	0.01102	0.01160	0.01044	0.01334	0.01276	0.00812	0.02727	0.77840	0.02146	0.02088	0.01914	0.01566	0.00696	0.00522	0.00174	0.00406	0.00580	0.00522	0.00812
41	0.01126	0.00818	0.01235	0.21626	0.11904	0.00870	0.01067	0.04458	0.01219	0.09824	0.01873	0.03380	0.01799	0.00930	0.00598	0.00195	0.00540	0.33992	0.01948	0.00601
42	0.08309	0.01107	0.01771	0.33404	0.07958	0.06333	0.20497	0.01409	0.01093	0.01503	0.01154	0.10968	0.01031	0.00618	0.00533	0.00171	0.00670	0.00592	0.00278	0.00600
43	0.00969	0.00912	0.01539	0.80734	0.03534	0.01140	0.01425	0.01311	0.01026	0.01311	0.00912	0.01368	0.00684	0.00513	0.00513	0.00171	0.00684	0.00456	0.00228	0.00570
44	0.01170	0.00909	0.01075	0.00773	0.01224	0.00690	0.00620	0.01395	0.01099	0.08294	0.01007	0.01122	0.00804	0.00402	0.00392	0.00083	0.00385	0.00322	0.00332	0.77902
45	0.00625	0.00447	0.00595	0.00714	0.00744	0.00417	0.00476	0.00714	0.00982	0.01310	0.02828	0.81633	0.03394	0.01608	0.00655	0.00208	0.00298	0.01459	0.00476	0.00417
46	0.01064	0.00912	0.01064	0.00760	0.01216	0.00684	0.00608	0.01292	0.01064	0.01672	0.00912	0.01064	0.00760	0.00380	0.00380	0.00076	0.00380	0.00304	0.00304	0.85104
47	0.01995	0.01366	0.01496	0.01147	0.01556	0.01485	0.00947	0.67616	0.02293	0.12842	0.01332	0.01297	0.00923	0.00618	0.00514	0.00155	0.00548	0.00469	0.00529	0.00873
48	0.83641	0.00980	0.00748	0.00670	0.00983	0.01136	0.00551	0.01501	0.00878	0.02293	0.00737	0.00858	0.00573	0.00479	0.00318	0.00158	0.00393	0.00282	0.02265	0.00554
49	0.00969	0.00912	0.01539	0.80734	0.03534	0.01140	0.01425	0.01311	0.01026	0.01311	0.00912	0.01368	0.00684	0.00513	0.00513	0.00171	0.00684	0.00456	0.00228	0.00570
50	0.00662	0.00507	0.00563	0.00601	0.00732	0.00449	0.00449	0.00803	0.01121	0.01429	0.04127	0.21844	0.47845	0.01320	0.00606	0.00183	0.00287	0.08349	0.07687	0.00437
51	0.19705	0.01246	0.01268	0.01033	0.01392	0.01402	0.00840	0.40453	0.21594	0.03945	0.01355	0.01331	0.00991	0.00607	0.00474	0.00160	0.00486	0.00454	0.00476	0.00789
52	0.00835	0.00701	0.00955	0.10699	0.10569	0.00674	0.00724	0.02624	0.01247	0.01679	0.26355	0.07573	0.24496	0.00950	0.00565	0.00160	0.00367	0.00826	0.00433	0.07568
53	0.10200	0.00894	0.01031	0.02146	0.01216	0.00761	0.00639	0.04223	0.01142	0.10773	0.02370	0.06593	0.01069	0.00538	0.00423	0.00111	0.00394	0.01499	0.00368	0.53609
54	0.01090	0.01069	0.01485	0.01280	0.01280	0.01480	0.01053	0.01193	0.00782	0.01214	0.00754	0.01314	0.00775	0.07829	0.01763	0.00248	0.74143	0.00474	0.00232	0.00540
55	0.02302	0.00873	0.01191	0.00913	0.01310	0.00754	0.00754	0.02501	0.01469	0.79122	0.02024	0.01746	0.01270	0.00635	0.00516	0.00159	0.00437	0.00516	0.00635	0.00873
56	0.01046	0.00576	0.00766	0.00708	0.00861	0.00524	0.00529	0.01206	0.01288	0.17757	0.39495	0.16174	0.06083	0.02541	0.00750	0.07435	0.00314	0.00892	0.00528	0.00526
57	0.06585	0.00916	0.01076	0.00927	0.01233	0.00936	0.00752	0.06686	0.24160	0.30870	0.02233	0.03911	0.06803	0.00801	0.00538	0.00174	0.00423	0.09685	0.00542	0.00749
58	0.00852	0.00460	0.00639	0.00639	0.00639	0.00460	0.00409	0.00689	0.00689	0.00919	0.01088	0.02047	0.01155	0.23498	0.02170	0.62167	0.00460	0.00527	0.00247	0.00247
59	0.02302	0.00873	0.01191	0.00913	0.01310	0.00754	0.00754	0.02501	0.01469	0.79122	0.02024	0.01746	0.01270	0.00635	0.00516	0.00159	0.00437	0.00516	0.00635	0.00873
60	0.01562	0.01120	0.01232	0.01015	0.01333	0.01217	0.00813	0.37615	0.20331	0.08904	0.07902	0.07145	0.04637	0.00764	0.00534	0.00164	0.00455	0.00623	0.01864	0.00773
61	0.01748	0.01177	0.01301	0.01042	0.01403	0.01263	0.00846	0.39811	0.18994	0.17036	0.01918	0.01805	0.07888	0.00697	0.00524	0.00161	0.00479	0.00553	0.00535	0.00821
62	0.01096	0.00631	0.00785	0.00719	0.00905	0.00596	0.00566	0.03459	0.04002	0.15789	0.33088	0.04821	0.09212	0.00951	0.00558	0.00164	0.00317	0.08416	0.13357	0.00569
63	0.78471	0.00982	0.00791	0.00695	0.01019	0.01117	0.00573	0.01593	0.00924	0.08870	0.00826	0.00912	0.00617	0.00490	0.00335	0.00159	0.00400	0.00298	0.00345	0.00583
64	0.00924	0.00601	0.00721	0.00688	0.00851	0.00560	0.00513	0.01186	0.07486	0.11561	0.22171	0.17187	0.25087	0.05842	0.00714	0.00195	0.00314	0.02360	0.00513	0.00524
65	0.08553	0.00980	0.01176	0.00933	0.01288	0.00967	0.00761	0.19780	0.04258	0.43570	0.08043	0.04477	0.01497	0.00688	0.00512	0.00160	0.00442	0.00553	0.00566	0.00798
66	0.85592	0.00992	0.00754	0.00675	0.00992	0.01151	0.00556	0.01508	0.00873	0.02302	0.00714	0.00834	0.00556	0.00476	0.00318	0.00159	0.00397	0.00278	0.00318	0.00556
67	0.01279	0.00965	0.01070	0.00961	0.01225	0.01068	0.00745	0.02359	0.55388	0.10410	0.11214	0.07420	0.02045	0.00792	0.00540	0.00173	0.00383	0.00673	0.00536	0.00754
68	0.12108	0.00890	0.01057	0.00863	0.01187	0.00879	0.00696	0.06679	0.11666	0.42826	0.01719	0.01629	0.01178	0.00696	0.00578	0.05798	0.00419	0.00484	0.07900	0.00748
69	0.00663	0.00493	0.00622	0.00705	0.00774	0.00464	0.00491	0.00828	0.04120	0.01412	0.08143	0.60065	0.13613	0.01485	0.00642	0.00200	0.00300	0.04054	0.00484	0.00441
70	0.00625	0.00447	0.00595	0.00714	0.00744	0.00417	0.00476	0.00714	0.00982	0.01310	0.02828	0.81633	0.03394	0.01608	0.00655	0.00208	0.00298	0.01459	0.00476	0.00417
71	0.02198	0.00852	0.01166	0.00907	0.01284	0.00747	0.00747	0.02395	0.01426	0.73945	0.01981	0.01764	0.01271	0.00849	0.05792	0.00203	0.00499	0.00518	0.00611	0.00846
72	0.02779	0.06308	0.01145	0.00879	0.01129	0.01042	0.00704	0.24516	0.08682	0.08657	0.01369	0.01552	0.01070	0.01123	0.08612	0.14346	0.00541	0.00471	0.14441	0.00633
73	0.01275	0.01259	0.02132	0.02784	0.59184	0.02876	0.12738	0.01693	0.07736	0.01703	0.01068	0.01335	0.00869	0.00475	0.00523	0.00157	0.00637	0.00487	0.00278	0.00790
74	0.01796	0.00957	0.01151	0.00954	0.01296	0.00965	0.00765	0.02528	0.34165	0.43099	0.02177	0.01944	0.04436	0.00687	0.00522	0.00166	0.00417	0.00566	0.00580	0.00830
75	0.01917	0.02426	0.01456	0.01319	0.01586	0.78394	0.00991	0.03498	0.01473	0.01294	0.00802	0.00931	0.00665	0.00530	0.00464	0.00133	0.00918	0.00333	0.00269	0.00600
76	0.06789	0.02111	0.07604	0.00916	0.01162	0.00762	0.00822	0.01398	0.07058	0.09848	0.05230	0.04793	0.06355	0.02335	0.05165	0.00234	0.00509	0.32550	0.00441	0.03918
77	0.00731	0.00551	0.00690	0.00773	0.00845	0.00554	0.00540	0.01033	0.12667	0.01445	0.02712	0.66788	0.03100	0.01462	0.00637	0.00204	0.00320	0.03986	0.00483	0.00479
78	0.01986	0.00944	0.01181	0.00953	0.01317	0.00915	0.00772	0.02570	0.24967	0.55438	0.02044	0.01798	0.01361	0.00654	0.00518	0.00163	0.00427	0.00536	0.00600	0.00854
79	0.02296	0.00884	0.01197	0.00918	0.01315	0.00769	0.00758	0.03863	0.01486	0.77735	0.02010	0.01737	0.01263	0.00635	0.00516	0.00159	0.00439	0.00515	0.00633	0.00873
80	0.62891	0.01122	0.07140	0.00832	0.01205	0.01100	0.03714	0.01674	0.00994	0.13894	0.00943	0.01014	0.00681	0.00500	0.00373	0.00160	0.00450	0.00335	0.00355	0.00625
81	0.00630	0.00448	0.00594	0.00709	0.00737	0.00420	0.00470	0.00716	0.00974	0.01298	0.02783	0.78717	0.03337	0.04601	0.00728	0.00219	0.00305	0.01432	0.00470	0.00413
82	0.38013	0.00924	0.01004	0.00811	0.01174	0.00924	0.00669	0.02075	0.01213	0.46186	0.01463	0.01355	0.00964	0.00567	0.00431	0.00159	0.00420	0.00414	0.00499	0.00737
83	0.02235	0.00914	0.01210	0.00930	0.01322	0.00821	0.00767	0.08978	0.01551	0.70717	0.03717	0.01750	0.01318	0.00643	0.00518	0.00158	0.00443	0.00521	0.00623	0.00864
84	0.12476	0.01232	0.01340	0.01042	0.01432	0.01320	0.00860	0.48813	0.01975	0.20782	0.01360	0.01315	0.00934	0.00603	0.00487	0.00155	0.00508	0.00452	0.02090	0.00826
85	0.01917	0.02445	0.01454	0.01322	0.01586	0.79907	0.00991	0.02049	0.01454	0.01256	0.00793	0.00925	0.00661	0.00529	0.00463	0.00132	0.00925	0.00330	0.00264	0.00595
86	0.00621	0.00463	0.00578	0.00670	0.00732	0.00421	0.00456	0.00720	0.01026	0.01327	0.03375	0.63929	0.20744	0.01536	0.00644	0.00200	0.00289	0.01372	0.00476	0.00421
87	0.04295	0.00585	0.00712	0.00666	0.00831	0.00533	0.00498	0.01133	0.01264	0.13961	0.32158	0.14715	0.20021	0.05462	0.00695	0.00188	0.00305	0.00937	0.00520	0.00518
88	0.00625	0.00447	0.00595	0.00714	0.00744	0.00417	0.00476	0.00714	0.00982	0.01310	0.02828	0.81633	0.03394	0.01608	0.00655	0.00208	0.00298	0.01459	0.00476	0.00417
89	0.00733	0.00550	0.00825	0.00825	0.00916	0.00641	0.00641	0.00916	0.00825	0.01191	0.01374	0.02016	0.01283	0.03848	0.79934	0.00825	0.01374	0.00550	0.00275	0.00458
90	0.02253	0.00896	0.01198	0.00925	0.01318	0.00795	0.00762	0.04287	0.04545	0.74235	0.02008	0.01741	0.01273	0.00637	0.00516	0.00159	0.00438	0.00517	0.00628	0.00871
91	0.08089	0.00559	0.00622	0.00611	0.00668	0.00561	0.00381	0.00924	0.00833	0.06335	0.01711	0.12341	0.01896	0.60043	0.02044	0.00412	0.00461	0.00776	0.00353	0.00382
92	0.00908	0.00565	0.00729	0.00668	0.00826	0.00511	0.00508	0.01128	0.01411	0.11605	0.59076	0.06180	0.11818	0.01041	0.00596	0.00164	0.00270	0.00909	0.00562	0.00525
93	0.00733	0.00550	0.00825	0.00825	0.00916	0.00641	0.00641	0.00916	0.00825	0.01191	0.01374	0.02016	0.01283	0.03848	0.79934	0.00825	0.01374	0.00550	0.00275	0.00458
94	0.01276	0.01102	0.01160	0.01044	0.01334	0.01276	0.00812	0.02727	0.77840	0.02146	0.02088	0.01914	0.01566	0.00696	0.00522	0.00174	0.00406	0.00580	0.00522	0.00812
95	0.01170	0.00909	0.01075	0.00773	0.01224	0.00690	0.00620	0.01395	0.01099	0.08294	0.01007	0.01122	0.00804	0.00402	0.00392	0.00083	0.00385	0.00322	0.00332	0.77902
96	0.00629	0.00450	0.00600	0.00719	0.00751	0.00420	0.00484	0.00722	0.00987	0.01315	0.02826	0.80043	0.03384	0.01604	0.00656	0.00209	0.00301	0.03006	0.00476	0.00418
97	0.01270	0.01219	0.02083	0.03149	0.78767	0.01219	0.01575	0.01575	0.01168	0.01676	0.00965	0.01270	0.00813	0.00457	0.00508	0.00152	0.00610	0.00457	0.00254	0.00813
98	0.01190	0.01344	0.02900	0.08880	0.02755	0.01284	0.70450	0.01615	0.01195	0.01615	0.01027	0.01383	0.00770	0.00439	0.00598	0.00173	0.00850	0.00593	0.00257	0.00682
99	0.00764	0.00538	0.00604	0.00597	0.00760	0.00462	0.00443	0.00903	0.01187	0.08075	0.10548	0.17496	0.53231	0.01274	0.00607	0.00177	0.00280	0.01085	0.00497	0.00472
100	0.01133	0.01121	0.01544	0.01327	0.01346	0.01552	0.01102	0.01334	0.05905	0.01295	0.00768	0.01175	0.00733	0.00885	0.01607	0.00221	0.75672	0.00458	0.00244	0.00578
101	0.01001	0.00819	0.00976	0.00745	0.01091	0.00662	0.00580	0.01153	0.00999	0.01513	0.01213	0.01476	0.05986	0.03843	0.00733	0.10770	0.03242	0.00396	0.00303	0.62498
102	0.00873	0.00603	0.00715	0.00661	0.00839	0.00559	0.00504	0.01176	0.07888	0.08731	0.40051	0.03860	0.29454	0.01067	0.00591	0.00166	0.00280	0.00914	0.00537	0.00530
103	0.01917	0.02445	0.01454	0.01322	0.01586	0.79907	0.00991	0.02049	0.01454	0.01256	0.00793	0.00925	0.00661	0.00529	0.00463	0.00132	0.00925	0.00330	0.00264	0.00595
104	0.01276	0.01102	0.01160	0.01044	0.01334	0.01276	0.00812	0.02727	0.77840	0.02146	0.02088	0.01914	0.01566	0.00696	0.00522	0.00174	0.00406	0.00580	0.00522	0.00812
105	0.00891	0.00446	0.00668	0.00668	0.00668	0.00446	0.00446	0.00668	0.00668	0.00891	0.00891	0.01560	0.00891	0.01783	0.02005	0.85071	0.00446	0.00446	0.00223	0.00223
106	0.00724	0.00524	0.00683	0.00643	0.00765	0.00483	0.00482	0.00964	0.01447	0.02044	0.77037	0.03855	0.06309	0.01054	0.00605	0.00162	0.00242	0.00931	0.00563	0.00483
107	0.85592	0.00992	0.00754	0.00675	0.00992	0.01151	0.00556	0.01508	0.00873	0.02302	0.00714	0.00834	0.00556	0.00476	0.00318	0.00159	0.00397	0.00278	0.00318	0.00556
108	0.02302	0.00873	0.01191	0.00913	0.01310	0.00754	0.00754	0.02501	0.01469	0.79122	0.02024	0.01746	0.01270	0.00635	0.00516	0.00159	0.00437	0.00516	0.00635	0.00873
109	0.00702	0.00524	0.00652	0.00620	0.00751	0.00474	0.00465	0.00921	0.01394	0.01919	0.63414	0.04060	0.20009	0.01101	0.00605	0.00164	0.00246	0.00960	0.00547	0.00474
110	0.00726	0.00524	0.00686	0.00646	0.00767	0.00484	0.00484	0.00968	0.01452	0.02058	0.78496	0.03833	0.04841	0.01049	0.00605	0.00161	0.00242	0.00928	0.00565	0.00484
111	0.85592	0.00992	0.00754	0.00675	0.00992	0.01151	0.00556	0.01508	0.00873	0.02302	0.00714	0.00834	0.00556	0.00476	0.00318	0.00159	0.00397	0.00278	0.00318	0.00556
112	0.03952	0.00876	0.01182	0.00908	0.01304	0.00762	0.00750	0.02481	0.01457	0.77601	0.01998	0.01728	0.01256	0.00632	0.00512	0.00159	0.00436	0.00511	0.00629	0.00867
113	0.00606	0.00520	0.00520	0.00520	0.00693	0.00433	0.00390	0.00736	0.01170	0.01386	0.05198	0.04938	0.78558	0.01299	0.00606	0.00173	0.00260	0.01083	0.00476	0.00433
114	0.01064	0.00912	0.01064	0.00760	0.01216	0.00684	0.00608	0.01292	0.01064	0.01672	0.00912	0.01064	0.00760	0.00380	0.00380	0.00076	0.00380	0.00304	0.00304	0.85104
115	0.01064	0.00912	0.01064	0.00760	0.01216	0.00684	0.00608	0.01292	0.01064	0.01672	0.00912	0.01064	0.00760	0.00380	0.00380	0.00076	0.00380	0.00304	0.00304	0.85104
116	0.00625	0.00447	0.00595	0.00714	0.00744	0.00417	0.00476	0.00714	0.00982	0.01310	0.02828	0.81633	0.03394	0.01608	0.00655	0.00208	0.00298	0.01459	0.00476	0.00417
117	0.00680	0.00486	0.00658	0.00777	0.00831	0.00464	0.00571	0.00809	0.01036	0.01371	0.02798	0.61092	0.03274	0.01556	0.00669	0.00216	0.00345	0.21460	0.00475	0.00432
118	0.85592	0.00992	0.00754	0.00675	0.00992	0.01151	0.00556	0.01508	0.00873	0.02302	0.00714	0.00834	0.00556	0.00476	0.00318	0.00159	0.00397	0.00278	0.00318	0.00556
119	0.00891	0.00446	0.00668	0.00668	0.00668	0.00446	0.00446	0.00668	0.00668	0.00891	0.00891	0.01560	0.00891	0.01783	0.02005	0.85071	0.00446	0.00446	0.00223	0.00223
120	0.02182	0.00862	0.01162	0.00903	0.01281	0.00757	0.00741	0.02425	0.04034	0.72357	0.06172	0.01865	0.01474	0.00660	0.00521	0.00159	0.00425	0.00540	0.00627	0.00850
121	0.05553	0.00915	0.01197	0.00921	0.01316	0.00825	0.00761	0.07415	0.01508	0.71060	0.01920	0.01676	0.01216	0.00628	0.00508	0.00158	0.00444	0.00503	0.00614	0.00861
122	0.02296	0.00883	0.01197	0.00918	0.01315	0.00769	0.00758	0.03820	0.01485	0.77779	0.02010	0.01737	0.01263	0.00635	0.00516	0.00159	0.00439	0.00515	0.00633	0.00873

[dist]
# distance from previous block
# <min> <max>
0	2

[block]
# block no. 2 follows, 48 sequences, length 43
# corresponding to MSA columns:
# 363-405
name=unknown_C
#
# <colnr> <probs for GDERKNQSTAVLIFYWHMCP>
#	G	D	E	R	K	N	Q	S	T	A	V	L	I	F	Y	W	H	M	C	P
0	0.01922	0.06227	0.01469	0.01065	0.01457	0.01356	0.00885	0.47985	0.05418	0.21186	0.03109	0.01431	0.01081	0.00622	0.00502	0.00153	0.00512	0.00479	0.02302	0.00840
1	0.71314	0.01075	0.00856	0.00753	0.01074	0.04095	0.00614	0.05872	0.05289	0.03930	0.00851	0.00939	0.00649	0.00502	0.00350	0.00158	0.00427	0.00312	0.00345	0.00596
2	0.02769	0.07418	0.22477	0.05949	0.02348	0.01289	0.38982	0.02960	0.01177	0.06393	0.01028	0.01269	0.00757	0.00478	0.00561	0.00165	0.02499	0.00498	0.00272	0.00709
3	0.00649	0.00499	0.00594	0.00617	0.00731	0.00444	0.00445	0.00802	0.01201	0.01571	0.27187	0.27459	0.33326	0.01314	0.00620	0.00180	0.00266	0.01147	0.00504	0.00444
4	0.01747	0.21969	0.01801	0.01085	0.01499	0.01662	0.00932	0.52350	0.05250	0.02624	0.01127	0.01152	0.00844	0.00567	0.00463	0.00141	0.00548	0.00414	0.00433	0.03392
5	0.01081	0.00597	0.00789	0.00766	0.00923	0.00538	0.00561	0.01212	0.01096	0.20266	0.02406	0.45388	0.03968	0.05107	0.04648	0.00231	0.00404	0.02772	0.00484	0.06763
6	0.20024	0.02031	0.01327	0.01229	0.03819	0.55617	0.00914	0.06538	0.01379	0.01617	0.00808	0.00935	0.00656	0.00521	0.00436	0.00140	0.00779	0.00331	0.00291	0.00610
7	0.32721	0.01036	0.01105	0.00882	0.01253	0.01076	0.00728	0.17868	0.01450	0.34985	0.01378	0.01304	0.00925	0.00573	0.00443	0.00158	0.00449	0.00417	0.00493	0.00757
8	0.00942	0.00580	0.00812	0.00867	0.00987	0.00570	0.00715	0.01102	0.01113	0.08779	0.04690	0.13248	0.02563	0.01545	0.05710	0.09972	0.00495	0.44384	0.00450	0.00475
9	0.00636	0.00511	0.00568	0.00574	0.00717	0.00443	0.00423	0.00787	0.01210	0.01531	0.21764	0.14722	0.51747	0.01282	0.00612	0.00175	0.00261	0.01096	0.00497	0.00443
10	0.00625	0.00447	0.00595	0.00714	0.00744	0.00417	0.00476	0.00714	0.00982	0.01310	0.02828	0.81633	0.03394	0.01608	0.00655	0.00208	0.00298	0.01459	0.00476	0.00417
11	0.07763	0.00911	0.01063	0.00781	0.01216	0.00732	0.00630	0.01523	0.01121	0.15484	0.01095	0.01168	0.00835	0.00433	0.00399	0.00097	0.00391	0.00340	0.00364	0.63655
12	0.02283	0.00903	0.01209	0.00927	0.01325	0.00799	0.00766	0.06484	0.01519	0.75067	0.01982	0.01719	0.01249	0.00634	0.00516	0.00159	0.00443	0.00513	0.00629	0.00873
13	0.06753	0.00880	0.01167	0.00900	0.01293	0.00775	0.00744	0.02448	0.01437	0.75017	0.01954	0.01698	0.01232	0.00627	0.00505	0.00159	0.00434	0.00503	0.00618	0.00856
14	0.00625	0.00447	0.00595	0.00714	0.00744	0.00417	0.00476	0.00714	0.00982	0.01310	0.02828	0.81633	0.03394	0.01608	0.00655	0.00208	0.00298	0.01459	0.00476	0.00417
15	0.00734	0.00546	0.00808	0.00808	0.00894	0.00632	0.00621	0.00906	0.00820	0.01179	0.01390	0.02100	0.01319	0.08745	0.75088	0.00804	0.01319	0.00562	0.00277	0.00449
16	0.00745	0.00503	0.00590	0.00590	0.00601	0.00514	0.00349	0.00766	0.00755	0.01017	0.01589	0.03204	0.01799	0.73006	0.11482	0.00535	0.00598	0.00724	0.00307	0.00328
17	0.00891	0.00446	0.00668	0.00668	0.00668	0.00446	0.00446	0.00668	0.00668	0.00891	0.00891	0.01560	0.00891	0.01783	0.02005	0.85071	0.00446	0.00446	0.00223	0.00223
18	0.01211	0.01384	0.03028	0.02163	0.02682	0.01298	0.76903	0.01644	0.01211	0.01644	0.01038	0.01384	0.00779	0.00433	0.00606	0.00173	0.00865	0.00606	0.00260	0.00692
19	0.00643	0.00524	0.00574	0.00603	0.00755	0.00456	0.00466	0.00786	0.01155	0.01403	0.04602	0.11806	0.60139	0.01345	0.00627	0.00186	0.00296	0.12719	0.00476	0.00438
20	0.01064	0.00912	0.01064	0.00760	0.01216	0.00684	0.00608	0.01292	0.01064	0.01672	0.00912	0.01064	0.00760	0.00380	0.00380	0.00076	0.00380	0.00304	0.00304	0.85104
21	0.01123	0.01123	0.01572	0.01347	0.01347	0.01572	0.01123	0.01235	0.00786	0.01235	0.00674	0.01123	0.00674	0.00898	0.01684	0.00225	0.81028	0.00449	0.00225	0.00561
22	0.00746	0.00497	0.00560	0.00560	0.00560	0.00497	0.00311	0.00746	0.00746	0.00995	0.01617	0.03358	0.01865	0.81967	0.02612	0.00497	0.00497	0.00746	0.00311	0.00311
23	0.00814	0.00582	0.00812	0.00931	0.01043	0.00580	0.00805	0.01041	0.01169	0.01521	0.02724	0.10542	0.02981	0.01429	0.00705	0.00234	0.00462	0.70684	0.00473	0.00469
24	0.02302	0.00873	0.01191	0.00913	0.01310	0.00754	0.00754	0.02501	0.01469	0.79122	0.02024	0.01746	0.01270	0.00635	0.00516	0.00159	0.00437	0.00516	0.00635	0.00873
25	0.00625	0.00447	0.00595	0.00714	0.00744	0.00417	0.00476	0.00714	0.00982	0.01310	0.02828	0.81633	0.03394	0.01608	0.00655	0.00208	0.00298	0.01459	0.00476	0.00417
26	0.02302	0.00873	0.01191	0.00913	0.01310	0.00754	0.00754	0.02501	0.01469	0.79122	0.02024	0.01746	0.01270	0.00635	0.00516	0.00159	0.00437	0.00516	0.00635	0.00873
27	0.00774	0.00586	0.00861	0.00844	0.00919	0.00695	0.00652	0.00918	0.00808	0.01167	0.01300	0.01977	0.01237	0.06973	0.65481	0.06044	0.07506	0.00544	0.00269	0.00445
28	0.00671	0.00476	0.00634	0.00744	0.00787	0.00454	0.00527	0.00780	0.01000	0.01326	0.02714	0.61902	0.03196	0.07784	0.00816	0.00236	0.00345	0.14725	0.00463	0.00419
29	0.06170	0.00510	0.00495	0.00490	0.00622	0.00520	0.00371	0.01215	0.01064	0.01937	0.01615	0.01846	0.01268	0.00590	0.00356	0.00122	0.00249	0.00466	0.79611	0.00483
30	0.01006	0.00950	0.01607	0.71092	0.12884	0.01150	0.01444	0.01344	0.01044	0.01356	0.00919	0.01356	0.00700	0.00506	0.00512	0.00169	0.00675	0.00456	0.00231	0.00600
31	0.01653	0.15351	0.07929	0.01442	0.09889	0.30644	0.04475	0.07614	0.01354	0.09220	0.00969	0.01094	0.00759	0.00535	0.00528	0.00144	0.05017	0.00386	0.00306	0.00693
32	0.01372	0.82276	0.02689	0.00878	0.01317	0.02030	0.00878	0.01536	0.01043	0.01207	0.00713	0.00823	0.00658	0.00439	0.00329	0.00110	0.00549	0.00274	0.00219	0.00658
33	0.00733	0.00550	0.00825	0.00825	0.00916	0.00641	0.00641	0.00916	0.00825	0.01191	0.01374	0.02016	0.01283	0.03848	0.79934	0.00825	0.01374	0.00550	0.00275	0.00458
34	0.01692	0.00782	0.02379	0.00906	0.02946	0.00671	0.00715	0.01883	0.01337	0.49035	0.07085	0.16140	0.05681	0.00904	0.00561	0.00173	0.00404	0.05417	0.00569	0.00720
35	0.02108	0.09712	0.01355	0.00932	0.01315	0.05777	0.00777	0.02340	0.03868	0.61653	0.03634	0.01652	0.01262	0.00619	0.00495	0.00152	0.00473	0.00490	0.00562	0.00822
36	0.85592	0.00992	0.00754	0.00675	0.00992	0.01151	0.00556	0.01508	0.00873	0.02302	0.00714	0.00834	0.00556	0.00476	0.00318	0.00159	0.00397	0.00278	0.00318	0.00556
37	0.81817	0.00989	0.00789	0.04246	0.01106	0.01151	0.00594	0.01499	0.00880	0.02258	0.00723	0.00857	0.00561	0.00478	0.00326	0.00159	0.00410	0.00286	0.00314	0.00556
38	0.00740	0.00522	0.00686	0.00686	0.00730	0.00566	0.00469	0.00827	0.00784	0.01089	0.01501	0.02717	0.01587	0.44674	0.39524	0.00654	0.00916	0.00652	0.00294	0.00381
39	0.01097	0.01047	0.01794	0.47464	0.34011	0.01176	0.03234	0.01426	0.01088	0.01467	0.00936	0.01329	0.00738	0.00489	0.00513	0.00164	0.00658	0.00460	0.00239	0.00671
40	0.00827	0.00591	0.00827	0.00945	0.01063	0.00591	0.00827	0.01063	0.01181	0.01536	0.02717	0.05788	0.02953	0.01417	0.00709	0.00236	0.00472	0.75313	0.00472	0.00472
41	0.00685	0.00481	0.00595	0.00647	0.00677	0.00471	0.00415	0.00746	0.00879	0.01170	0.02326	0.37096	0.06909	0.35996	0.08232	0.00382	0.00472	0.01056	0.00389	0.00376
42	0.01951	0.01437	0.01540	0.01181	0.01591	0.01591	0.00975	0.77056	0.02412	0.03234	0.01232	0.01232	0.00873	0.00616	0.00513	0.00154	0.00565	0.00462	0.00513	0.00873

[dist]
# distance from previous block
# <min> <max>
0	2

[block]
# block no. 3 follows, 48 sequences, length 94
# corresponding to MSA columns:
# 408-501
name=unknown_D
#
# <colnr> <probs for GDERKNQSTAVLIFYWHMCP>
#	G	D	E	R	K	N	Q	S	T	A	V	L	I	F	Y	W	H	M	C	P
0	0.00677	0.00477	0.00620	0.00716	0.00752	0.00457	0.00492	0.00769	0.00963	0.01278	0.02571	0.55474	0.03027	0.17621	0.01053	0.00270	0.00362	0.11575	0.00443	0.00403
1	0.08602	0.00814	0.01040	0.00911	0.03702	0.00778	0.00692	0.04152	0.04470	0.41727	0.10276	0.05510	0.01729	0.06919	0.06127	0.00232	0.00483	0.00602	0.00525	0.00710
2	0.01372	0.82276	0.02689	0.00878	0.01317	0.02030	0.00878	0.01536	0.01043	0.01207	0.00713	0.00823	0.00658	0.00439	0.00329	0.00110	0.00549	0.00274	0.00219	0.00658
3	0.01629	0.00865	0.01172	0.01079	0.09653	0.00742	0.00763	0.01841	0.01294	0.39283	0.06587	0.06562	0.03264	0.00651	0.00496	0.00140	0.00416	0.00551	0.00490	0.22521
4	0.01729	0.01320	0.01411	0.01132	0.01499	0.01476	0.00918	0.54187	0.23900	0.02882	0.01511	0.03179	0.01125	0.00660	0.00519	0.00161	0.00514	0.00517	0.00515	0.00845
5	0.85592	0.00992	0.00754	0.00675	0.00992	0.01151	0.00556	0.01508	0.00873	0.02302	0.00714	0.00834	0.00556	0.00476	0.00318	0.00159	0.00397	0.00278	0.00318	0.00556
6	0.01080	0.01107	0.04020	0.36104	0.18803	0.01158	0.19278	0.01414	0.01077	0.01455	0.00971	0.01377	0.00768	0.00688	0.04459	0.02752	0.02117	0.00494	0.00243	0.00639
7	0.01008	0.00952	0.01609	0.70732	0.13233	0.01150	0.01444	0.01345	0.01044	0.01358	0.00919	0.01355	0.00701	0.00506	0.00512	0.00169	0.00674	0.00456	0.00231	0.00601
8	0.01167	0.00996	0.01061	0.00962	0.01225	0.01128	0.00745	0.02388	0.63857	0.02081	0.10654	0.02346	0.07596	0.00779	0.00537	0.00173	0.00377	0.00655	0.00523	0.00748
9	0.02285	0.00901	0.01208	0.00926	0.01323	0.00795	0.00765	0.06114	0.01514	0.75444	0.01986	0.01722	0.01251	0.00634	0.00516	0.00159	0.00443	0.00513	0.00629	0.00873
10	0.07004	0.00714	0.00892	0.05630	0.01117	0.00723	0.00641	0.09703	0.01195	0.16264	0.02924	0.27196	0.01921	0.06784	0.00854	0.09200	0.00417	0.03289	0.02982	0.00549
11	0.00870	0.00584	0.00741	0.00682	0.00832	0.00556	0.00518	0.01194	0.06798	0.06723	0.65142	0.03488	0.04241	0.00979	0.00583	0.00160	0.00265	0.00859	0.04252	0.00530
12	0.02209	0.01022	0.01283	0.00984	0.01384	0.00975	0.00812	0.22161	0.01718	0.59110	0.01815	0.01611	0.01165	0.00630	0.00515	0.00158	0.00470	0.00502	0.00603	0.00873
13	0.00645	0.00458	0.00604	0.00703	0.00739	0.00431	0.00472	0.00741	0.01002	0.01343	0.07938	0.69159	0.03374	0.07359	0.00794	0.00227	0.00312	0.02816	0.00470	0.00415
14	0.00969	0.00912	0.01539	0.80734	0.03534	0.01140	0.01425	0.01311	0.01026	0.01311	0.00912	0.01368	0.00684	0.00513	0.00513	0.00171	0.00684	0.00456	0.00228	0.00570
15	0.01861	0.02353	0.01462	0.01324	0.01569	0.74409	0.01001	0.01992	0.01407	0.01254	0.00785	0.00939	0.00662	0.00555	0.00548	0.00139	0.06547	0.00339	0.00262	0.00592
16	0.01185	0.00699	0.00723	0.00640	0.00826	0.00734	0.00501	0.18656	0.01384	0.02217	0.01572	0.01756	0.01213	0.00602	0.00394	0.00127	0.00314	0.00474	0.65412	0.00569
17	0.00658	0.00467	0.00594	0.00681	0.00733	0.00431	0.00458	0.00750	0.01004	0.02446	0.04358	0.63803	0.12607	0.07466	0.00790	0.00224	0.00309	0.01336	0.00468	0.00419
18	0.00841	0.00572	0.00850	0.00831	0.00943	0.00649	0.00649	0.01025	0.00869	0.06546	0.01419	0.01997	0.01282	0.03627	0.74477	0.00779	0.01310	0.00547	0.00300	0.00487
19	0.00673	0.00487	0.00646	0.00757	0.00818	0.00460	0.00555	0.00800	0.01044	0.01370	0.02967	0.57907	0.08563	0.01540	0.00665	0.00213	0.00337	0.19294	0.00475	0.00431
20	0.00862	0.00531	0.00675	0.00688	0.00809	0.00478	0.00495	0.00999	0.01163	0.11628	0.17032	0.40940	0.17607	0.02791	0.00654	0.00192	0.00302	0.01154	0.00510	0.00490
21	0.01064	0.00912	0.01064	0.00760	0.01216	0.00684	0.00608	0.01292	0.01064	0.01672	0.00912	0.01064	0.00760	0.00380	0.00380	0.00076	0.00380	0.00304	0.00304	0.85104
22	0.00641	0.00459	0.00611	0.00711	0.00753	0.00428	0.00484	0.00752	0.01043	0.01404	0.11938	0.70762	0.03559	0.01537	0.00650	0.00203	0.00294	0.02857	0.00487	0.00426
23	0.85592	0.00992	0.00754	0.00675	0.00992	0.01151	0.00556	0.01508	0.00873	0.02302	0.00714	0.00834	0.00556	0.00476	0.00318	0.00159	0.00397	0.00278	0.00318	0.00556
24	0.00717	0.00501	0.00638	0.00659	0.00695	0.00514	0.00434	0.00795	0.00861	0.01178	0.07087	0.18856	0.02241	0.41817	0.20279	0.00493	0.00646	0.00856	0.00353	0.00379
25	0.00725	0.00490	0.00621	0.00673	0.00743	0.00452	0.00459	0.00833	0.01059	0.04784	0.13032	0.49416	0.11849	0.11313	0.00877	0.00231	0.00317	0.01216	0.00475	0.00435
26	0.02302	0.00873	0.01191	0.00913	0.01310	0.00754	0.00754	0.02501	0.01469	0.79122	0.02024	0.01746	0.01270	0.00635	0.00516	0.00159	0.00437	0.00516	0.00635	0.00873
27	0.00801	0.00636	0.01025	0.00933	0.01069	0.00696	0.08567	0.01013	0.00932	0.01354	0.06819	0.05270	0.01556	0.02928	0.55989	0.00626	0.02579	0.00612	0.06110	0.00486
28	0.01469	0.52084	0.02366	0.01097	0.01481	0.11773	0.08031	0.01653	0.01119	0.06611	0.00841	0.00977	0.00713	0.00502	0.00499	0.00132	0.07390	0.00344	0.00258	0.00660
