[name]
unknown

[dist]
# distance from previous block
# <min> <max>
2	164

[block]
# block no. 0 follows, 44 sequences, length 7
# corresponding to MSA columns:
# 333-339
name=unknown_A
#
# <colnr> <probs for GDERKNQSTAVLIFYWHMCP>
#	G	D	E	R	K	N	Q	S	T	A	V	L	I	F	Y	W	H	M	C	P
0	0.07263	0.01010	0.01193	0.00966	0.01291	0.03418	0.00782	0.08775	0.04018	0.33868	0.12919	0.02061	0.04683	0.00754	0.00645	0.00168	0.07313	0.00585	0.00539	0.07746
1	0.00944	0.00690	0.01006	0.05763	0.01182	0.00683	0.07060	0.03731	0.01174	0.05056	0.15259	0.21355	0.02751	0.24503	0.01273	0.00294	0.00475	0.05855	0.00444	0.00501
2	0.48436	0.04487	0.01182	0.16596	0.01699	0.01306	0.00856	0.13011	0.01245	0.02329	0.03767	0.01185	0.00846	0.00558	0.00423	0.00168	0.00511	0.00389	0.00356	0.00647
3	0.02020	0.01019	0.01252	0.00972	0.01361	0.00966	0.00795	0.19736	0.01735	0.42729	0.07837	0.01851	0.01509	0.00679	0.00532	0.00158	0.00462	0.00548	0.05770	0.08070
4	0.00823	0.00584	0.00699	0.00690	0.00817	0.00545	0.00496	0.02886	0.03244	0.03898	0.25365	0.19630	0.23731	0.09200	0.00926	0.04069	0.00331	0.01068	0.00511	0.00486
5	0.00698	0.00522	0.00669	0.00748	0.00800	0.00506	0.00513	0.00801	0.01069	0.01418	0.06882	0.59052	0.12662	0.06568	0.00863	0.00234	0.03681	0.01379	0.00489	0.00448
6	0.10397	0.01017	0.01509	0.10625	0.01719	0.03472	0.13932	0.01343	0.01044	0.01603	0.03050	0.09851	0.01270	0.01235	0.11283	0.00285	0.18471	0.00625	0.06686	0.00583

[dist]
# distance from previous block
# <min> <max>
26	54

[block]
# block no. 1 follows, 44 sequences, length 12
# corresponding to MSA columns:
# 436-447
name=unknown_B
#
# <colnr> <probs for GDERKNQSTAVLIFYWHMCP>
#	G	D	E	R	K	N	Q	S	T	A	V	L	I	F	Y	W	H	M	C	P
0	0.06846	0.03553	0.01156	0.02968	0.09767	0.05304	0.00799	0.10071	0.01306	0.03919	0.09237	0.11407	0.01916	0.10854	0.05541	0.00260	0.02801	0.04099	0.07594	0.00603
1	0.14036	0.02711	0.05736	0.08741	0.07151	0.01220	0.12609	0.11404	0.03559	0.01934	0.01332	0.01688	0.04519	0.06469	0.02595	0.03132	0.06455	0.00533	0.03518	0.00659
2	0.06271	0.04380	0.02846	0.11389	0.01723	0.10925	0.05807	0.12495	0.02790	0.01850	0.01388	0.04636	0.04193	0.00888	0.04319	0.01747	0.08775	0.02009	0.07590	0.03979
3	0.07556	0.01354	0.05635	0.01293	0.06234	0.13126	0.04396	0.09616	0.03389	0.06264	0.06068	0.09164	0.01425	0.01034	0.06897	0.00230	0.10013	0.00596	0.01576	0.04135
4	0.06652	0.02873	0.01255	0.07722	0.01464	0.09821	0.05481	0.06295	0.03435	0.07212	0.11168	0.14417	0.03908	0.03189	0.03287	0.00212	0.05953	0.00733	0.04312	0.00612
5	0.05860	0.01334	0.05015	0.11612	0.05623	0.06572	0.19739	0.10961	0.03475	0.08413	0.06972	0.04393	0.01289	0.00640	0.00597	0.00173	0.02888	0.00582	0.00381	0.03483
6	0.01166	0.03112	0.03612	0.10754	0.04280	0.00866	0.00828	0.06139	0.07073	0.10694	0.33142	0.08616	0.02983	0.03515	0.00664	0.00186	0.00429	0.00793	0.00507	0.00642
7	0.01030	0.00969	0.01635	0.79530	0.03755	0.01211	0.01514	0.01393	0.01090	0.01393	0.00969	0.01453	0.00727	0.00545	0.00545	0.00182	0.00727	0.00484	0.00242	0.00606
8	0.01330	0.01276	0.01913	0.22533	0.30558	0.04930	0.07386	0.05918	0.12895	0.01812	0.01200	0.01468	0.00940	0.00565	0.00585	0.00174	0.02913	0.00512	0.00322	0.00771
9	0.00657	0.00547	0.00565	0.00571	0.00736	0.00464	0.00419	0.00790	0.01220	0.01474	0.07733	0.09665	0.66681	0.05129	0.00748	0.00202	0.00290	0.01152	0.00501	0.00455
10	0.01205	0.00770	0.01067	0.06318	0.01210	0.00818	0.03525	0.16748	0.01153	0.01538	0.01032	0.01562	0.00923	0.01482	0.01627	0.57270	0.00535	0.00484	0.00304	0.00428
11	0.01290	0.01056	0.01131	0.01020	0.01302	0.01184	0.00792	0.04332	0.57868	0.04632	0.05877	0.02537	0.08774	0.03273	0.00639	0.00195	0.00419	0.02339	0.00548	0.00790

[dist]
# distance from previous block
# <min> <max>
0	1

[block]
# block no. 2 follows, 44 sequences, length 89
# corresponding to MSA columns:
# 449-489,491-538
name=unknown_C
#
# <colnr> <probs for GDERKNQSTAVLIFYWHMCP>
#	G	D	E	R	K	N	Q	S	T	A	V	L	I	F	Y	W	H	M	C	P
0	0.05297	0.01276	0.01626	0.03045	0.01722	0.01322	0.11232	0.27417	0.15799	0.05296	0.01370	0.01434	0.01020	0.00589	0.00546	0.00156	0.02038	0.00494	0.00447	0.17875
1	0.01130	0.00969	0.01130	0.00807	0.01292	0.00727	0.00646	0.01373	0.01130	0.01776	0.00969	0.01130	0.00807	0.00404	0.00404	0.00081	0.00404	0.00323	0.00323	0.84173
2	0.00821	0.00532	0.00707	0.00751	0.00840	0.00490	0.00529	0.00976	0.01238	0.06928	0.26409	0.50868	0.03937	0.01449	0.00669	0.00202	0.00308	0.01302	0.00548	0.00499
3	0.01093	0.00696	0.00957	0.03183	0.01072	0.00698	0.10554	0.04497	0.01213	0.02011	0.01641	0.01946	0.01294	0.02550	0.00486	0.00148	0.00379	0.00532	0.64495	0.00555
4	0.00879	0.00628	0.00879	0.01004	0.01130	0.00628	0.00879	0.01130	0.01255	0.01632	0.02887	0.06150	0.03138	0.01506	0.00753	0.00251	0.00502	0.73770	0.00502	0.00502
5	0.84691	0.01054	0.00801	0.00717	0.01054	0.01223	0.00590	0.01603	0.00928	0.02446	0.00759	0.00886	0.00590	0.00506	0.00337	0.00169	0.00422	0.00295	0.00337	0.00590
6	0.01030	0.00969	0.01635	0.79530	0.03755	0.01211	0.01514	0.01393	0.01090	0.01393	0.00969	0.01453	0.00727	0.00545	0.00545	0.00182	0.00727	0.00484	0.00242	0.00606
7	0.01030	0.00969	0.01635	0.79530	0.03755	0.01211	0.01514	0.01393	0.01090	0.01393	0.00969	0.01453	0.00727	0.00545	0.00545	0.00182	0.00727	0.00484	0.00242	0.00606
8	0.02089	0.01501	0.01620	0.01242	0.01678	0.01652	0.01026	0.72434	0.02519	0.06685	0.01346	0.01333	0.00946	0.00655	0.00546	0.00164	0.00594	0.00493	0.00551	0.00927
9	0.01608	0.00974	0.01056	0.00866	0.01153	0.01028	0.00697	0.32086	0.01774	0.10889	0.01625	0.01715	0.01198	0.00647	0.00467	0.00147	0.00420	0.00505	0.40416	0.00727
10	0.01349	0.01295	0.02213	0.03346	0.77440	0.01295	0.01673	0.01673	0.01241	0.01781	0.01025	0.01349	0.00864	0.00486	0.00540	0.00162	0.00648	0.00486	0.00270	0.00864
11	0.00644	0.00552	0.00552	0.00552	0.00736	0.00460	0.00414	0.00782	0.01243	0.01473	0.05523	0.05247	0.77218	0.01381	0.00644	0.00184	0.00276	0.01151	0.00506	0.00460
12	0.02446	0.00928	0.01265	0.00970	0.01392	0.00801	0.00801	0.02657	0.01560	0.77817	0.02151	0.01856	0.01350	0.00675	0.00548	0.00169	0.00464	0.00548	0.00675	0.00928
13	0.66143	0.01143	0.00911	0.00817	0.01147	0.04629	0.00659	0.01860	0.14493	0.02368	0.01024	0.01096	0.00788	0.00550	0.00383	0.00170	0.00448	0.00355	0.00374	0.00641
14	0.01052	0.00992	0.01675	0.74262	0.08850	0.01217	0.01525	0.01412	0.01101	0.01420	0.00973	0.01446	0.00736	0.00541	0.00545	0.00180	0.00721	0.00485	0.00244	0.00623
15	0.01349	0.01295	0.02213	0.03346	0.77440	0.01295	0.01673	0.01673	0.01241	0.01781	0.01025	0.01349	0.00864	0.00486	0.00540	0.00162	0.00648	0.00486	0.00270	0.00864
16	0.52343	0.17625	0.05716	0.00859	0.01246	0.01434	0.00777	0.01778	0.10447	0.02145	0.00954	0.01043	0.00753	0.00528	0.00378	0.00160	0.00478	0.00341	0.00337	0.00659
17	0.02420	0.00934	0.01264	0.00973	0.01392	0.00814	0.00803	0.02663	0.03341	0.76021	0.02152	0.01860	0.01357	0.00676	0.00548	0.00169	0.00463	0.00550	0.00672	0.00926
18	0.01305	0.01498	0.03176	0.02276	0.02821	0.03249	0.73659	0.01757	0.01293	0.01736	0.01097	0.01459	0.00824	0.00462	0.00640	0.00183	0.00921	0.00636	0.00276	0.00733
19	0.01664	0.53154	0.02389	0.01101	0.01501	0.29431	0.00976	0.01827	0.01264	0.01301	0.00788	0.00913	0.00701	0.00500	0.00400	0.00125	0.00726	0.00313	0.00250	0.00676
20	0.01584	0.00840	0.01156	0.06235	0.06614	0.00807	0.00828	0.07864	0.01403	0.32674	0.02243	0.29026	0.02073	0.01033	0.00604	0.00189	0.00455	0.03104	0.00544	0.00722
21	0.01349	0.01295	0.02213	0.03346	0.77440	0.01295	0.01673	0.01673	0.01241	0.01781	0.01025	0.01349	0.00864	0.00486	0.00540	0.00162	0.00648	0.00486	0.00270	0.00864
22	0.01349	0.01295	0.02213	0.03346	0.77440	0.01295	0.01673	0.01673	0.01241	0.01781	0.01025	0.01349	0.00864	0.00486	0.00540	0.00162	0.00648	0.00486	0.00270	0.00864
23	0.01901	0.00866	0.01154	0.00988	0.01315	0.00803	0.00825	0.03814	0.06374	0.48750	0.03987	0.03080	0.01934	0.00916	0.00607	0.00192	0.00471	0.20610	0.00615	0.00798
24	0.01349	0.01295	0.02213	0.03346	0.77440	0.01295	0.01673	0.01673	0.01241	0.01781	0.01025	0.01349	0.00864	0.00486	0.00540	0.00162	0.00648	0.00486	0.00270	0.00864
25	0.00774	0.00624	0.00935	0.24512	0.01685	0.00675	0.00810	0.00950	0.01058	0.01392	0.02391	0.56653	0.02738	0.01357	0.00650	0.00209	0.00440	0.01229	0.00427	0.00492
26	0.01117	0.01125	0.01056	0.01018	0.01165	0.21635	0.00781	0.01297	0.01056	0.01284	0.01294	0.01830	0.01185	0.03141	0.57668	0.00678	0.01332	0.00522	0.00289	0.00526
27	0.21539	0.01250	0.01295	0.01027	0.01412	0.01362	0.00845	0.42106	0.01924	0.13145	0.01332	0.01343	0.00944	0.00621	0.00483	0.00162	0.00511	0.00454	0.07434	0.00813
28	0.01238	0.01182	0.02012	0.29778	0.51875	0.01266	0.01618	0.01576	0.01189	0.01646	0.01006	0.01385	0.00816	0.00506	0.00542	0.00169	0.00675	0.00485	0.00260	0.00774
29	0.00671	0.00558	0.00585	0.00595	0.00768	0.00478	0.00454	0.00818	0.01237	0.01489	0.06643	0.05254	0.67203	0.03624	0.00714	0.00199	0.00302	0.07441	0.00503	0.00461
30	0.84691	0.01054	0.00801	0.00717	0.01054	0.01223	0.00590	0.01603	0.00928	0.02446	0.00759	0.00886	0.00590	0.00506	0.00337	0.00169	0.00422	0.00295	0.00337	0.00590
31	0.01349	0.01295	0.02213	0.03346	0.77440	0.01295	0.01673	0.01673	0.01241	0.01781	0.01025	0.01349	0.00864	0.00486	0.00540	0.00162	0.00648	0.00486	0.00270	0.00864
32	0.01119	0.02638	0.67941	0.01654	0.02426	0.01281	0.11906	0.01729	0.01169	0.01729	0.00995	0.01194	0.00709	0.00510	0.00535	0.00174	0.00821	0.00435	0.00236	0.00796
33	0.00706	0.00553	0.00639	0.00622	0.00775	0.00486	0.00465	0.00900	0.01381	0.01813	0.39792	0.06712	0.40684	0.01262	0.00645	0.00179	0.00268	0.01082	0.00551	0.00486
34	0.00873	0.00581	0.00752	0.00696	0.00847	0.00530	0.00527	0.01120	0.01525	0.07097	0.67606	0.04003	0.09555	0.01103	0.00637	0.00172	0.00272	0.00968	0.00599	0.00538
35	0.02108	0.01374	0.01591	0.01334	0.06860	0.01460	0.01026	0.53790	0.02242	0.20364	0.01482	0.01437	0.01020	0.00647	0.00546	0.00165	0.00572	0.00504	0.00556	0.00923
36	0.02220	0.00878	0.01193	0.00932	0.01314	0.00763	0.00763	0.02438	0.01558	0.67631	0.12252	0.02154	0.01861	0.00734	0.00561	0.00169	0.00436	0.00607	0.00665	0.00872
37	0.00780	0.00563	0.00699	0.00664	0.00810	0.00507	0.00498	0.01004	0.01462	0.03802	0.57136	0.06345	0.21347	0.01180	0.00642	0.00176	0.00268	0.01028	0.00578	0.00510
38	0.01351	0.01318	0.02193	0.06704	0.70496	0.03248	0.03343	0.01675	0.01243	0.01752	0.01020	0.01348	0.00852	0.00490	0.00541	0.00163	0.00666	0.00486	0.00269	0.00843
39	0.01358	0.01319	0.07024	0.15039	0.55679	0.01246	0.01610	0.01701	0.01234	0.06974	0.01091	0.01388	0.00864	0.00510	0.00540	0.00166	0.00658	0.00484	0.00291	0.00824
40	0.79997	0.02600	0.00865	0.00736	0.01079	0.01241	0.00609	0.02906	0.00972	0.03965	0.00797	0.00912	0.00614	0.00511	0.00345	0.00168	0.00429	0.00304	0.00346	0.00605
41	0.84691	0.01054	0.00801	0.00717	0.01054	0.01223	0.00590	0.01603	0.00928	0.02446	0.00759	0.00886	0.00590	0.00506	0.00337	0.00169	0.00422	0.00295	0.00337	0.00590
42	0.01159	0.00988	0.01145	0.00827	0.01305	0.00767	0.00661	0.03103	0.03403	0.01829	0.01014	0.01161	0.00836	0.00419	0.00411	0.00086	0.00409	0.00336	0.00335	0.79807
43	0.02048	0.02269	0.01573	0.01358	0.01687	0.54971	0.01048	0.24775	0.01858	0.01981	0.00986	0.01083	0.00771	0.00590	0.00508	0.00148	0.00865	0.00394	0.00362	0.00723
44	0.01096	0.00933	0.01104	0.02527	0.01305	0.00727	0.00657	0.01359	0.02546	0.01777	0.04278	0.04950	0.01133	0.00503	0.00433	0.00095	0.00401	0.00417	0.00346	0.73414
45	0.01265	0.04448	0.01140	0.00982	0.04162	0.02759	0.00743	0.14684	0.13221	0.07410	0.21607	0.03097	0.18768	0.00945	0.00588	0.00173	0.00415	0.02382	0.00530	0.00683
46	0.07494	0.01445	0.01545	0.01196	0.01621	0.01589	0.00986	0.63765	0.04378	0.08483	0.01356	0.01339	0.00954	0.00648	0.00532	0.00165	0.00574	0.00485	0.00541	0.00903
47	0.02037	0.02598	0.01545	0.01404	0.01685	0.78652	0.01053	0.02177	0.01545	0.01334	0.00843	0.00983	0.00702	0.00562	0.00492	0.00140	0.00983	0.00351	0.00281	0.00632
48	0.01550	0.01123	0.01261	0.01131	0.03257	0.01231	0.00869	0.04185	0.56319	0.15766	0.02134	0.02011	0.01573	0.00723	0.00552	0.00179	0.00446	0.01782	0.00561	0.03347
49	0.01816	0.00893	0.01115	0.00920	0.01240	0.02253	0.00735	0.03686	0.10759	0.44090	0.19827	0.04774	0.03784	0.00828	0.00576	0.00173	0.00416	0.00696	0.00624	0.00794
50	0.00664	0.00474	0.00633	0.00759	0.00791	0.00443	0.00506	0.00759	0.01044	0.01392	0.03005	0.80485	0.03606	0.01708	0.00696	0.00221	0.00316	0.01550	0.00506	0.00443
51	0.02376	0.00927	0.01252	0.00968	0.01380	0.00811	0.00797	0.02628	0.03787	0.73894	0.03815	0.01910	0.01443	0.00686	0.00551	0.00169	0.00458	0.00560	0.00670	0.00917
52	0.01976	0.02937	0.01384	0.01057	0.01443	0.00962	0.05951	0.05639	0.12624	0.47961	0.07080	0.02101	0.04889	0.00723	0.00561	0.00171	0.00478	0.00611	0.00601	0.00852
53	0.00695	0.00525	0.00642	0.00674	0.00783	0.00472	0.00482	0.00857	0.01271	0.01685	0.28869	0.32500	0.25741	0.01411	0.00663	0.00194	0.00284	0.01242	0.00538	0.00472
54	0.00664	0.00492	0.00615	0.00712	0.00774	0.00449	0.00482	0.00765	0.01078	0.01399	0.03486	0.62853	0.18692	0.03869	0.00744	0.00222	0.00314	0.01446	0.00501	0.00443
55	0.02529	0.09415	0.58368	0.01576	0.02299	0.01360	0.11762	0.01745	0.02870	0.01715	0.01000	0.01186	0.00730	0.00510	0.00518	0.00169	0.00787	0.00429	0.00246	0.00785
56	0.01345	0.01299	0.02218	0.03127	0.67300	0.01305	0.06722	0.01758	0.06174	0.01811	0.01109	0.01403	0.00914	0.00501	0.00548	0.00165	0.00652	0.00505	0.00289	0.00855
57	0.01988	0.00825	0.01111	0.00887	0.01222	0.00723	0.00713	0.02198	0.01515	0.57028	0.18630	0.02436	0.02219	0.05103	0.00689	0.00189	0.00422	0.00658	0.00640	0.00805
58	0.01279	0.01224	0.02086	0.20067	0.61267	0.01277	0.01638	0.01612	0.01208	0.01696	0.01013	0.01372	0.00834	0.00499	0.00541	0.00166	0.00665	0.00485	0.00264	0.00807
59	0.01153	0.10908	0.61946	0.01570	0.02312	0.01372	0.09923	0.01719	0.01161	0.01682	0.00969	0.01157	0.00706	0.00506	0.00514	0.00168	0.00795	0.00417	0.00235	0.00787
60	0.00720	0.00530	0.00690	0.00791	0.00846	0.00522	0.00542	0.00921	0.06247	0.01445	0.02849	0.69925	0.03325	0.01797	0.05797	0.00262	0.00399	0.01422	0.00495	0.00475
61	0.01450	0.79499	0.04458	0.00946	0.01420	0.02138	0.00956	0.01634	0.01109	0.01292	0.00763	0.00880	0.00699	0.00468	0.00353	0.00118	0.00588	0.00294	0.00233	0.00702
62	0.00740	0.00556	0.00685	0.00653	0.00795	0.00501	0.00490	0.00968	0.01470	0.02011	0.59587	0.04360	0.22818	0.01180	0.00643	0.00175	0.00262	0.01026	0.00577	0.00501
63	0.01130	0.00969	0.01130	0.00807	0.01292	0.00727	0.00646	0.01373	0.01130	0.01776	0.00969	0.01130	0.00807	0.00404	0.00404	0.00081	0.00404	0.00323	0.00323	0.84173
64	0.01355	0.01313	0.02183	0.05451	0.73791	0.02899	0.01656	0.01676	0.01243	0.01761	0.01020	0.01345	0.00856	0.00489	0.00539	0.00162	0.00657	0.00483	0.00269	0.00851
65	0.01222	0.30477	0.51485	0.01335	0.02021	0.01581	0.01633	0.01693	0.01136	0.01570	0.00901	0.01053	0.00694	0.00500	0.00459	0.00153	0.00727	0.00364	0.00231	0.00768
66	0.00650	0.00553	0.00560	0.00558	0.00740	0.00463	0.00419	0.00793	0.01256	0.01505	0.08749	0.05194	0.73972	0.01369	0.00644	0.00184	0.00275	0.01143	0.00510	0.00463
67	0.00725	0.00536	0.00669	0.00688	0.00794	0.00491	0.00498	0.00903	0.01303	0.01759	0.37039	0.24398	0.18168	0.05644	0.00777	0.00209	0.00301	0.04085	0.00539	0.00475
68	0.01216	0.29277	0.52636	0.01344	0.02035	0.01567	0.01649	0.01695	0.01136	0.01577	0.00904	0.01058	0.00694	0.00501	0.00461	0.00154	0.00731	0.00365	0.00231	0.00770
69	0.01030	0.00969	0.01635	0.79530	0.03755	0.01211	0.01514	0.01393	0.01090	0.01393	0.00969	0.01453	0.00727	0.00545	0.00545	0.00182	0.00727	0.00484	0.00242	0.00606
70	0.02037	0.02598	0.01545	0.01404	0.01685	0.78652	0.01053	0.02177	0.01545	0.01334	0.00843	0.00983	0.00702	0.00562	0.00492	0.00140	0.00983	0.00351	0.00281	0.00632
71	0.00658	0.00551	0.00574	0.00580	0.00753	0.00467	0.00436	0.00804	0.01252	0.01515	0.09498	0.08488	0.67953	0.01383	0.00649	0.00187	0.00283	0.02994	0.00512	0.00464
72	0.01379	0.01352	0.02184	0.03261	0.74130	0.04675	0.01646	0.01695	0.01255	0.01762	0.01017	0.01333	0.00857	0.00489	0.00538	0.00161	0.00662	0.00480	0.00270	0.00853
73	0.01142	0.01084	0.01839	0.52702	0.29703	0.01241	0.01570	0.01492	0.01143	0.01530	0.00989	0.01417	0.00775	0.00524	0.00543	0.00175	0.00699	0.00485	0.00252	0.00696
74	0.02446	0.00928	0.01265	0.00970	0.01392	0.00801	0.00801	0.02657	0.01560	0.77817	0.02151	0.01856	0.01350	0.00675	0.00548	0.00169	0.00464	0.00548	0.00675	0.00928
75	0.01899	0.01426	0.01529	0.01210	0.01609	0.01584	0.00986	0.61030	0.14000	0.03167	0.01525	0.04881	0.01159	0.00714	0.00553	0.00169	0.00561	0.00557	0.00545	0.00896
76	0.01156	0.16209	0.65171	0.01448	0.02195	0.01418	0.01829	0.01710	0.01144	0.01651	0.00941	0.01104	0.00692	0.00509	0.00489	0.00163	0.00768	0.00384	0.00231	0.00788
77	0.01349	0.01295	0.02213	0.03346	0.77440	0.01295	0.01673	0.01673	0.01241	0.01781	0.01025	0.01349	0.00864	0.00486	0.00540	0.00162	0.00648	0.00486	0.00270	0.00864
78	0.69656	0.10346	0.01094	0.00777	0.01136	0.01362	0.00659	0.06457	0.01056	0.02376	0.00795	0.00912	0.00625	0.00511	0.00352	0.00162	0.00452	0.00308	0.00339	0.00625
79	0.01287	0.01471	0.03217	0.02298	0.02849	0.01379	0.75460	0.01746	0.01287	0.01746	0.01103	0.01471	0.00827	0.00460	0.00643	0.00184	0.00919	0.00643	0.00276	0.00735
80	0.01250	0.14389	0.56507	0.01474	0.02186	0.01377	0.06851	0.01775	0.01181	0.06648	0.01031	0.01178	0.00745	0.00516	0.00503	0.00165	0.00758	0.00412	0.00263	0.00793
81	0.02066	0.17109	0.01588	0.00991	0.01404	0.01182	0.00843	0.04093	0.13394	0.48793	0.01863	0.01675	0.01260	0.00643	0.00509	0.00161	0.00486	0.00506	0.00564	0.00872
82	0.00784	0.00563	0.00770	0.00770	0.00831	0.00624	0.00549	0.00905	0.00845	0.01187	0.01557	0.02679	0.01596	0.32994	0.50093	0.00745	0.01109	0.00663	0.00306	0.00428
83	0.00749	0.00627	0.00661	0.00640	0.00830	0.00576	0.00483	0.01074	0.10319	0.01679	0.16055	0.04682	0.57150	0.01263	0.00633	0.00182	0.00292	0.01061	0.00526	0.00517
84	0.01120	0.07905	0.70772	0.01509	0.02268	0.01337	0.01918	0.01708	0.01139	0.01685	0.00956	0.01134	0.00692	0.00528	0.00546	0.00171	0.03191	0.00398	0.00231	0.00792
85	0.01271	0.01195	0.02016	0.03014	0.67138	0.01193	0.01540	0.01574	0.01229	0.01744	0.01284	0.07136	0.01202	0.00637	0.00564	0.00172	0.00615	0.05362	0.00301	0.00811
86	0.00865	0.00681	0.00753	0.00709	0.00875	0.00671	0.00521	0.03473	0.13657	0.01794	0.24136	0.03990	0.29796	0.14525	0.00984	0.00238	0.00349	0.00937	0.00512	0.00534
87	0.00779	0.00582	0.00868	0.00868	0.00962	0.00677	0.00671	0.00968	0.00874	0.01259	0.01468	0.02185	0.01382	0.06419	0.76375	0.00866	0.01432	0.00590	0.00293	0.00482
88	0.01093	0.02820	0.78016	0.01554	0.02360	0.01266	0.02014	0.01727	0.01151	0.01727	0.00978	0.01151	0.00691	0.00518	0.00518	0.00173	0.00806	0.00403	0.00230	0.00806

[dist]
# distance from previous block
# <min> <max>
0	10

[block]
# block no. 3 follows, 44 sequences, length 84
# corresponding to MSA columns:
# 549-632
name=unknown_D
#
# <colnr> <probs for GDERKNQSTAVLIFYWHMCP>
#	G	D	E	R	K	N	Q	S	T	A	V	L	I	F	Y	W	H	M	C	P
0	0.00767	0.00557	0.00723	0.00681	0.00812	0.00513	0.00511	0.01021	0.01533	0.02163	0.74773	0.04111	0.07538	0.01123	0.00643	0.00172	0.00258	0.00991	0.00597	0.00513
1	0.00779	0.00584	0.00876	0.00876	0.00974	0.00681	0.00681	0.00974	0.00876	0.01266	0.01460	0.02142	0.01363	0.04089	0.78680	0.00876	0.01460	0.00584	0.00292	0.00487
2	0.84691	0.01054	0.00801	0.00717	0.01054	0.01223	0.00590	0.01603	0.00928	0.02446	0.00759	0.00886	0.00590	0.00506	0.00337	0.00169	0.00422	0.00295	0.00337	0.00590
3	0.00776	0.00556	0.00758	0.00766	0.00824	0.00610	0.00542	0.00893	0.00858	0.01199	0.01660	0.08060	0.01742	0.31688	0.45845	0.00705	0.01044	0.00726	0.00321	0.00427
4	0.82529	0.01051	0.00813	0.00724	0.01063	0.01212	0.00596	0.01630	0.00944	0.04428	0.00796	0.00911	0.00610	0.00511	0.00343	0.00169	0.00423	0.00302	0.00346	0.00599
5	0.84691	0.01054	0.00801	0.00717	0.01054	0.01223	0.00590	0.01603	0.00928	0.02446	0.00759	0.00886	0.00590	0.00506	0.00337	0.00169	0.00422	0.00295	0.00337	0.00590
6	0.00984	0.00604	0.00797	0.00722	0.00888	0.00551	0.00551	0.01235	0.01545	0.11759	0.67659	0.03792	0.04664	0.01059	0.00631	0.00171	0.00283	0.00931	0.00610	0.00567
7	0.49591	0.01226	0.01124	0.00924	0.01294	0.01388	0.00761	0.30906	0.01582	0.02826	0.01006	0.01086	0.00747	0.00569	0.00421	0.00165	0.00488	0.00379	0.02798	0.00721
8	0.00791	0.00586	0.00760	0.00852	0.00976	0.00560	0.00703	0.00988	0.01211	0.01546	0.03501	0.16029	0.20816	0.03547	0.00771	0.00238	0.00424	0.44723	0.00499	0.00480
9	0.00750	0.00556	0.00699	0.00664	0.00801	0.00505	0.00498	0.00988	0.01493	0.02067	0.65161	0.04269	0.17210	0.01159	0.00643	0.00174	0.00260	0.01014	0.00584	0.00505
10	0.00744	0.00545	0.00698	0.00683	0.00803	0.00499	0.00503	0.00967	0.01445	0.02006	0.59860	0.14634	0.12135	0.01222	0.00650	0.00180	0.00267	0.01079	0.00578	0.00499
11	0.01113	0.05795	0.72804	0.01553	0.02338	0.01304	0.04248	0.01724	0.01154	0.01710	0.00974	0.01150	0.00695	0.00514	0.00515	0.00171	0.00801	0.00406	0.00232	0.00799
12	0.00772	0.00557	0.00729	0.00686	0.00814	0.00514	0.00514	0.01029	0.01543	0.02186	0.77152	0.04072	0.05144	0.01115	0.00643	0.00171	0.00257	0.00986	0.00600	0.00514
13	0.00971	0.00711	0.00855	0.00871	0.00994	0.00726	0.00625	0.15739	0.04250	0.01833	0.02637	0.61708	0.02998	0.01461	0.00660	0.00209	0.00377	0.01303	0.00516	0.00555
14	0.01356	0.01171	0.01233	0.01109	0.01418	0.01356	0.00863	0.02897	0.76455	0.02281	0.02219	0.02034	0.01664	0.00740	0.00555	0.00185	0.00431	0.00616	0.00555	0.00863
15	0.01458	0.81168	0.02857	0.00933	0.01399	0.02157	0.00933	0.01632	0.01108	0.01283	0.00758	0.00875	0.00700	0.00466	0.00350	0.00117	0.00583	0.00292	0.00233	0.00700
16	0.01443	0.01473	0.02122	0.03081	0.67085	0.11869	0.01588	0.01742	0.01283	0.01720	0.01000	0.01299	0.00842	0.00496	0.00533	0.00159	0.00694	0.00467	0.00271	0.00832
17	0.00810	0.00738	0.00741	0.00705	0.00869	0.05948	0.00536	0.00977	0.01312	0.01634	0.23075	0.04380	0.48447	0.01228	0.00711	0.00182	0.05709	0.01008	0.00496	0.00495
18	0.01775	0.02059	0.01436	0.01300	0.01584	0.49415	0.00989	0.02415	0.28226	0.01671	0.01330	0.01362	0.01045	0.00634	0.00543	0.00158	0.02517	0.00448	0.00378	0.00714
19	0.01030	0.00969	0.01635	0.79530	0.03755	0.01211	0.01514	0.01393	0.01090	0.01393	0.00969	0.01453	0.00727	0.00545	0.00545	0.00182	0.00727	0.00484	0.00242	0.00606
20	0.02123	0.01445	0.01585	0.01215	0.01650	0.01569	0.01004	0.65648	0.02426	0.13603	0.01424	0.01384	0.00985	0.00657	0.00546	0.00164	0.00581	0.00499	0.00563	0.00927
21	0.00994	0.00606	0.00787	0.00714	0.00885	0.00548	0.00545	0.01225	0.01504	0.12440	0.59457	0.03817	0.10478	0.01092	0.00660	0.01871	0.00291	0.00929	0.00595	0.00561
22	0.02364	0.01009	0.01378	0.01050	0.01478	0.00913	0.03700	0.09987	0.01651	0.67380	0.02025	0.01786	0.01287	0.00664	0.00552	0.00169	0.00495	0.00546	0.00646	0.00920
23	0.02017	0.12991	0.01546	0.03530	0.04551	0.08001	0.00891	0.02314	0.06526	0.45356	0.03902	0.03286	0.01332	0.00660	0.00519	0.00161	0.00532	0.00526	0.00531	0.00829
24	0.00717	0.00555	0.00653	0.00629	0.00781	0.00491	0.00472	0.00924	0.01415	0.01881	0.46545	0.04574	0.35941	0.01228	0.00644	0.00177	0.00265	0.01056	0.00560	0.00491
25	0.01030	0.00969	0.01635	0.79530	0.03755	0.01211	0.01514	0.01393	0.01090	0.01393	0.00969	0.01453	0.00727	0.00545	0.00545	0.00182	0.00727	0.00484	0.00242	0.00606
26	0.08182	0.13150	0.40622	0.01373	0.01975	0.10859	0.04346	0.08012	0.03443	0.01837	0.00982	0.01122	0.00738	0.00531	0.00485	0.00161	0.00742	0.00395	0.00283	0.00762
27	0.00772	0.00557	0.00729	0.00686	0.00814	0.00514	0.00514	0.01029	0.01543	0.02186	0.77152	0.04072	0.05144	0.01115	0.00643	0.00171	0.00257	0.00986	0.00600	0.00514
28	0.00787	0.00560	0.00724	0.00693	0.00825	0.00514	0.00520	0.01027	0.01491	0.03298	0.65781	0.08498	0.09309	0.01166	0.00647	0.00177	0.00270	0.02611	0.00588	0.00513
29	0.01312	0.01257	0.02146	0.12223	0.68854	0.01286	0.01655	0.01640	0.01224	0.01736	0.01019	0.01361	0.00848	0.00493	0.00540	0.00164	0.00657	0.00486	0.00267	0.00834
30	0.01439	0.65827	0.05640	0.01295	0.11835	0.03374	0.01078	0.01651	0.01135	0.01369	0.00805	0.00952	0.00722	0.00473	0.00385	0.00125	0.00608	0.00323	0.00239	0.00725
31	0.06931	0.00902	0.00875	0.00814	0.00995	0.09216	0.00632	0.09012	0.01235	0.01888	0.01457	0.01799	0.01207	0.01715	0.25218	0.00373	0.00763	0.00499	0.33907	0.00564
32	0.82330	0.01051	0.00815	0.00724	0.01064	0.01211	0.00596	0.01633	0.00946	0.04610	0.00799	0.00913	0.00612	0.00511	0.00343	0.00169	0.00423	0.00302	0.00347	0.00600
33	0.59213	0.01015	0.00945	0.00795	0.01159	0.01092	0.00656	0.01929	0.01124	0.25795	0.01190	0.01186	0.00826	0.00558	0.00403	0.00169	0.00435	0.00374	0.00442	0.00695
34	0.01349	0.01295	0.02213	0.03346	0.77440	0.01295	0.01673	0.01673	0.01241	0.01781	0.01025	0.01349	0.00864	0.00486	0.00540	0.00162	0.00648	0.00486	0.00270	0.00864
35	0.00827	0.00592	0.00812	0.00931	0.01035	0.00583	0.00775	0.01036	0.01196	0.01560	0.02925	0.21176	0.04693	0.04179	0.00806	0.00253	0.00461	0.55177	0.00497	0.00483
36	0.02446	0.00928	0.01265	0.00970	0.01392	0.00801	0.00801	0.02657	0.01560	0.77817	0.02151	0.01856	0.01350	0.00675	0.00548	0.00169	0.00464	0.00548	0.00675	0.00928
37	0.04222	0.78508	0.02789	0.00926	0.01388	0.02126	0.00921	0.01631	0.01102	0.01321	0.00758	0.00875	0.00696	0.00468	0.00349	0.00118	0.00578	0.00292	0.00237	0.00696
38	0.01480	0.01176	0.01318	0.00973	0.01440	0.01085	0.00791	0.28955	0.01663	0.02393	0.01095	0.01197	0.00852	0.00497	0.00456	0.00112	0.00477	0.00385	0.00406	0.53249
39	0.84691	0.01054	0.00801	0.00717	0.01054	0.01223	0.00590	0.01603	0.00928	0.02446	0.00759	0.00886	0.00590	0.00506	0.00337	0.00169	0.00422	0.00295	0.00337	0.00590
40	0.02072	0.01527	0.01636	0.01254	0.01691	0.01691	0.01036	0.75622	0.02563	0.03436	0.01309	0.01309	0.00927	0.00654	0.00545	0.00164	0.00600	0.00491	0.00545	0.00927
41	0.00811	0.00571	0.00704	0.00668	0.00823	0.00515	0.00508	0.01035	0.01449	0.04893	0.51839	0.04317	0.23617	0.01170	0.00638	0.00176	0.00278	0.03257	0.02216	0.00516
42	0.00890	0.00665	0.00863	0.00949	0.01077	0.00683	0.00773	0.01287	0.12025	0.01678	0.04733	0.24344	0.03096	0.01437	0.00707	0.00232	0.00438	0.43070	0.00513	0.00539
43	0.00793	0.00529	0.00595	0.00595	0.00595	0.00529	0.00330	0.00793	0.00793	0.01057	0.01718	0.03568	0.01982	0.80840	0.02775	0.00529	0.00529	0.00793	0.00330	0.00330
44	0.01396	0.01425	0.02036	0.14328	0.56206	0.11857	0.01565	0.01701	0.01261	0.01663	0.00992	0.01315	0.00821	0.00505	0.00534	0.00162	0.00705	0.00467	0.00267	0.00794
45	0.00793	0.00529	0.00595	0.00595	0.00595	0.00529	0.00330	0.00793	0.00793	0.01057	0.01718	0.03568	0.01982	0.80840	0.02775	0.00529	0.00529	0.00793	0.00330	0.00330
46	0.01117	0.01068	0.01838	0.58081	0.21415	0.01238	0.04570	0.01475	0.01134	0.01501	0.00988	0.01429	0.00764	0.00527	0.00548	0.00177	0.00716	0.00491	0.00250	0.00673
47	0.01132	0.01068	0.01828	0.64815	0.03505	0.01264	0.10495	0.06464	0.01214	0.01574	0.01008	0.01446	0.00753	0.00542	0.00557	0.00181	0.00742	0.00504	0.00267	0.00643
48	0.01905	0.00841	0.01114	0.00901	0.01233	0.00760	0.00726	0.02220	0.06720	0.51567	0.23022	0.02485	0.02427	0.00802	0.00575	0.00171	0.00404	0.00675	0.00646	0.00808
49	0.12465	0.00981	0.01521	0.68757	0.03386	0.01213	0.01388	0.01422	0.01068	0.01537	0.00940	0.01376	0.00708	0.00540	0.00517	0.00180	0.00685	0.00459	0.00255	0.00604
50	0.00772	0.00557	0.00729	0.00686	0.00814	0.00514	0.00514	0.01029	0.01543	0.02186	0.77152	0.04072	0.05144	0.01115	0.00643	0.00171	0.00257	0.00986	0.00600	0.00514
51	0.00992	0.00606	0.00788	0.00719	0.00889	0.00548	0.00547	0.01230	0.01510	0.12628	0.59577	0.06211	0.09451	0.01090	0.00632	0.00173	0.00289	0.00954	0.00601	0.00566
52	0.01865	0.02323	0.01454	0.01332	0.01588	0.67994	0.01003	0.02012	0.01454	0.01325	0.00927	0.01142	0.00793	0.01044	0.11179	0.00241	0.01048	0.00383	0.00282	0.00612
53	0.00700	0.00554	0.00629	0.00611	0.00770	0.00484	0.00458	0.00890	0.01374	0.01784	0.36774	0.04734	0.45773	0.01265	0.00644	0.00179	0.00268	0.01079	0.00547	0.00484
54	0.01342	0.01288	0.02200	0.05078	0.75765	0.01293	0.01670	0.01667	0.01238	0.01772	0.01024	0.01352	0.00860	0.00487	0.00540	0.00162	0.00649	0.00486	0.00269	0.00858
55	0.01241	0.00711	0.00909	0.00804	0.01014	0.00672	0.00619	0.03830	0.06695	0.20051	0.45219	0.08793	0.03709	0.02440	0.00653	0.00181	0.00338	0.00879	0.00601	0.00641
56	0.07289	0.06742	0.01432	0.01220	0.05354	0.08499	0.00922	0.09597	0.44982	0.05540	0.01741	0.01667	0.01310	0.00665	0.00518	0.00171	0.00520	0.00526	0.00483	0.00821
57	0.01482	0.59617	0.10240	0.01200	0.06670	0.08463	0.01099	0.01711	0.01167	0.02886	0.00833	0.00963	0.00723	0.00485	0.00396	0.00128	0.00641	0.00326	0.00248	0.00720
58	0.01756	0.00823	0.01046	0.00858	0.01163	0.02741	0.00686	0.01975	0.01532	0.45450	0.27220	0.02801	0.07823	0.00866	0.00585	0.00170	0.00396	0.00730	0.00628	0.00751
59	0.03247	0.65218	0.11111	0.01020	0.01519	0.02006	0.01053	0.06745	0.01209	0.01506	0.00821	0.00936	0.00712	0.00486	0.00382	0.00127	0.00606	0.00318	0.00257	0.00725
60	0.01440	0.01252	0.02048	0.11102	0.59268	0.01280	0.01553	0.06810	0.01338	0.07004	0.01115	0.01392	0.00886	0.00516	0.00541	0.00165	0.00640	0.00490	0.00313	0.00845
61	0.01458	0.81168	0.02857	0.00933	0.01399	0.02157	0.00933	0.01632	0.01108	0.01283	0.00758	0.00875	0.00700	0.00466	0.00350	0.00117	0.00583	0.00292	0.00233	0.00700
62	0.01292	0.12347	0.05108	0.03676	0.05417	0.01454	0.53970	0.01705	0.02646	0.01656	0.01056	0.01386	0.00822	0.00519	0.00654	0.02564	0.02165	0.00571	0.00271	0.00721
63	0.00667	0.00477	0.00635	0.00757	0.00791	0.00445	0.00506	0.00766	0.01057	0.01413	0.04965	0.78464	0.03646	0.01692	0.00694	0.00220	0.00315	0.01535	0.00509	0.00445
64	0.00669	0.00477	0.00631	0.00753	0.00783	0.00446	0.00499	0.00760	0.01034	0.01378	0.02953	0.77410	0.03541	0.04871	0.00779	0.00234	0.00325	0.01520	0.00499	0.00438
65	0.06774	0.04346	0.01229	0.00987	0.01303	0.05137	0.00786	0.17226	0.14017	0.19711	0.03517	0.12709	0.08189	0.00867	0.00555	0.00175	0.00476	0.00708	0.00530	0.00757
66	0.00916	0.00605	0.00685	0.00636	0.00842	0.00518	0.00487	0.01088	0.01346	0.12051	0.19381	0.04548	0.52439	0.01231	0.00631	0.00179	0.00298	0.01035	0.00548	0.00535
67	0.02437	0.00942	0.01274	0.00977	0.01399	0.00822	0.00807	0.04383	0.01584	0.76058	0.02131	0.01843	0.01340	0.00674	0.00548	0.00169	0.00467	0.00547	0.00672	0.00928
68	0.00694	0.00495	0.00666	0.00793	0.00837	0.00468	0.00557	0.00810	0.01073	0.01424	0.02989	0.70324	0.03542	0.01680	0.00704	0.00225	0.00342	0.11422	0.00506	0.00451
69	0.01458	0.81168	0.02857	0.00933	0.01399	0.02157	0.00933	0.01632	0.01108	0.01283	0.00758	0.00875	0.00700	0.00466	0.00350	0.00117	0.00583	0.00292	0.00233	0.00700
70	0.02383	0.00997	0.01304	0.01003	0.01424	0.00908	0.00828	0.10394	0.03303	0.68285	0.02063	0.01802	0.01312	0.00674	0.00548	0.00169	0.00478	0.00544	0.00658	0.00926
71	0.84691	0.01054	0.00801	0.00717	0.01054	0.01223	0.00590	0.01603	0.00928	0.02446	0.00759	0.00886	0.00590	0.00506	0.00337	0.00169	0.00422	0.00295	0.00337	0.00590
72	0.02398	0.00917	0.01250	0.00962	0.01375	0.00793	0.00793	0.02611	0.01560	0.75664	0.04286	0.01919	0.01458	0.00687	0.00551	0.00169	0.00458	0.00561	0.00673	0.00916
73	0.01163	0.17880	0.63569	0.01434	0.02175	0.01437	0.01806	0.01708	0.01143	0.01641	0.00936	0.01098	0.00692	0.00508	0.00486	0.00162	0.00763	0.00381	0.00231	0.00785
74	0.01458	0.81168	0.02857	0.00933	0.01399	0.02157	0.00933	0.01632	0.01108	0.01283	0.00758	0.00875	0.00700	0.00466	0.00350	0.00117	0.00583	0.00292	0.00233	0.00700
75	0.00758	0.00557	0.00710	0.00672	0.00806	0.00509	0.00504	0.01003	0.01511	0.02111	0.69573	0.04197	0.12770	0.01143	0.00643	0.00173	0.00259	0.01003	0.00590	0.00509
76	0.00655	0.00544	0.00573	0.00584	0.00748	0.00462	0.00431	0.00797	0.01241	0.01512	0.10101	0.13327	0.64353	0.01398	0.00650	0.00187	0.00279	0.01183	0.00513	0.00462
77	0.01108	0.05867	0.75092	0.01530	0.02322	0.01301	0.01972	0.01723	0.01149	0.01709	0.00970	0.01140	0.00691	0.00516	0.00511	0.00170	0.00797	0.00399	0.00230	0.00802
78	0.01130	0.00969	0.01130	0.00807	0.01292	0.00727	0.00646	0.01373	0.01130	0.01776	0.00969	0.01130	0.00807	0.00404	0.00404	0.00081	0.00404	0.00323	0.00323	0.84173
79	0.01513	0.01471	0.06609	0.01071	0.01513	0.12585	0.00903	0.18516	0.07085	0.03619	0.01158	0.01278	0.00907	0.02039	0.00516	0.00133	0.00568	0.00406	0.00385	0.37727
80	0.01129	0.02946	0.04314	0.00865	0.01098	0.00852	0.00707	0.10209	0.10409	0.06972	0.15790	0.04786	0.15823	0.12867	0.00930	0.00235	0.00435	0.08522	0.00499	0.00611
81	0.02948	0.40835	0.01912	0.00933	0.01228	0.02872	0.00833	0.03042	0.01042	0.01351	0.01062	0.01420	0.00978	0.01986	0.32830	0.00437	0.02991	0.00423	0.00268	0.00610
82	0.01175	0.22261	0.57090	0.01380	0.02081	0.01471	0.01707	0.01681	0.01132	0.01603	0.00937	0.01111	0.00712	0.00608	0.02720	0.00179	0.00769	0.00380	0.00233	0.00770
83	0.01334	0.58002	0.12561	0.01020	0.01478	0.03854	0.01047	0.01572	0.01094	0.01341	0.00883	0.01082	0.00786	0.00956	0.10752	0.00225	0.00739	0.00347	0.00242	0.00684

[dist]
# distance from previous block
# <min> <max>
3	15

[block]
# block no. 4 follows, 44 sequences, length 32
# corresponding to MSA columns:
# 648-679
name=unknown_E
#
# <colnr> <probs for GDERKNQSTAVLIFYWHMCP>
#	G	D	E	R	K	N	Q	S	T	A	V	L	I	F	Y	W	H	M	C	P
0	0.01616	0.12310	0.16944	0.01223	0.01700	0.01458	0.03919	0.32840	0.03905	0.06986	0.01374	0.03625	0.02410	0.03712	0.01760	0.00185	0.00630	0.00510	0.00421	0.02473
1	0.03973	0.06764	0.58081	0.01423	0.02121	0.01343	0.01720	0.07309	0.07250	0.03418	0.01106	0.01223	0.00796	0.00546	0.00508	0.00170	0.00729	0.00420	0.00292	0.00809
2	0.01423	0.01196	0.01696	0.44549	0.10780	0.01385	0.01366	0.27009	0.01614	0.02138	0.01092	0.01393	0.00810	0.00577	0.00545	0.00173	0.00675	0.00487	0.00350	0.00744
3	0.00854	0.00601	0.00855	0.00837	0.00942	0.00672	0.00638	0.02238	0.00960	0.03579	0.06036	0.02384	0.01648	0.11817	0.60965	0.00751	0.01224	0.00626	0.01881	0.00492
4	0.00780	0.00578	0.00847	0.00847	0.00934	0.00665	0.00645	0.00955	0.00867	0.01244	0.01487	0.02291	0.01428	0.12148	0.70710	0.00840	0.01362	0.00606	0.00296	0.00470
5	0.01349	0.01295	0.02213	0.03346	0.77440	0.01295	0.01673	0.01673	0.01241	0.01781	0.01025	0.01349	0.00864	0.00486	0.00540	0.00162	0.00648	0.00486	0.00270	0.00864
6	0.00693	0.00554	0.00620	0.00604	0.00767	0.00481	0.00453	0.00878	0.01359	0.01748	0.33173	0.04793	0.49397	0.01278	0.00644	0.00179	0.00269	0.01087	0.00542	0.00481
7	0.00747	0.00542	0.00704	0.00694	0.00807	0.00499	0.00509	0.00970	0.01440	0.02013	0.60781	0.18224	0.07559	0.01234	0.00653	0.00181	0.00269	0.01096	0.00579	0.00499
8	0.04525	0.01251	0.01321	0.01106	0.01450	0.01410	0.00884	0.31488	0.37955	0.02727	0.04371	0.01777	0.01441	0.00705	0.00537	0.00172	0.00482	0.00562	0.04987	0.00848
9	0.01760	0.02599	0.02978	0.01134	0.01570	0.01417	0.00942	0.45631	0.12114	0.04911	0.01368	0.01374	0.01004	0.00608	0.00513	0.00149	0.00536	0.00469	0.00492	0.18431
10	0.03900	0.01130	0.01254	0.01016	0.01360	0.04464	0.00821	0.26392	0.05752	0.21645	0.17775	0.02181	0.02013	0.00766	0.00559	0.00165	0.00483	0.02712	0.00561	0.05051
11	0.01166	0.18532	0.62943	0.01429	0.02167	0.01445	0.01797	0.01708	0.01142	0.01638	0.00934	0.01096	0.00692	0.00508	0.00484	0.00161	0.00761	0.00381	0.00231	0.00784
12	0.01846	0.05339	0.04408	0.01557	0.01912	0.58986	0.14817	0.02062	0.01468	0.01421	0.00892	0.01075	0.00725	0.00538	0.00515	0.00149	0.00951	0.00405	0.00276	0.00659
13	0.00781	0.00574	0.00824	0.00824	0.00904	0.00653	0.00617	0.00940	0.00861	0.01227	0.01508	0.02405	0.01477	0.18259	0.64666	0.00812	0.01288	0.00623	0.00299	0.00458
14	0.01682	0.01120	0.01280	0.01016	0.01388	0.01122	0.00814	0.28926	0.08649	0.16066	0.01619	0.04862	0.01301	0.07064	0.00706	0.00183	0.00499	0.02737	0.00503	0.18465
15	0.04662	0.09859	0.07224	0.00982	0.01325	0.01132	0.00857	0.04636	0.24915	0.14660	0.17844	0.02339	0.04598	0.00782	0.00544	0.00171	0.00447	0.01760	0.00513	0.00750
16	0.00683	0.00552	0.00608	0.00598	0.00761	0.00476	0.00447	0.00856	0.01328	0.01686	0.27047	0.06835	0.53594	0.01309	0.00645	0.00181	0.00271	0.01111	0.00535	0.00476
17	0.00834	0.00630	0.00835	0.09080	0.01191	0.00649	0.00664	0.06847	0.03320	0.01580	0.02634	0.63646	0.03035	0.01474	0.00664	0.00212	0.00385	0.01327	0.00483	0.00510
18	0.01977	0.01453	0.02941	0.01301	0.01741	0.01539	0.06940	0.55204	0.08090	0.10994	0.01446	0.01433	0.01017	0.00645	0.00554	0.00168	0.00601	0.00517	0.00533	0.00905
19	0.10086	0.01275	0.02128	0.05185	0.61354	0.01292	0.07430	0.01663	0.01208	0.01837	0.01002	0.01313	0.00828	0.00488	0.00527	0.00165	0.00648	0.00478	0.00277	0.00817
20	0.00663	0.00477	0.00630	0.00751	0.00789	0.00443	0.00503	0.00760	0.01051	0.01395	0.03100	0.77646	0.06383	0.01696	0.00694	0.00220	0.00315	0.01535	0.00506	0.00443
21	0.01145	0.01159	0.02171	0.46490	0.11426	0.01280	0.23620	0.01527	0.01160	0.01539	0.01010	0.01442	0.00771	0.00522	0.00601	0.00181	0.02496	0.00532	0.00255	0.00672
22	0.01193	0.24215	0.57491	0.01384	0.02097	0.01509	0.01719	0.01701	0.01139	0.01605	0.00918	0.01076	0.00693	0.00504	0.00472	0.00157	0.00745	0.00372	0.00231	0.00777
23	0.05583	0.05941	0.49979	0.01326	0.01989	0.01181	0.01566	0.01967	0.01248	0.22239	0.01273	0.01315	0.00864	0.00557	0.00509	0.00169	0.00684	0.00431	0.00355	0.00823
24	0.78615	0.01110	0.00846	0.00753	0.01091	0.04241	0.00616	0.01661	0.00974	0.05004	0.00810	0.00923	0.00621	0.00514	0.00351	0.00168	0.00445	0.00306	0.00347	0.00604
25	0.00680	0.00548	0.00607	0.00613	0.00769	0.00475	0.00458	0.00844	0.01290	0.01626	0.20876	0.12078	0.52510	0.01357	0.00652	0.00187	0.00282	0.03150	0.00527	0.00472
26	0.01618	0.07990	0.03964	0.01824	0.26439	0.15178	0.01157	0.01952	0.06233	0.14308	0.01293	0.01396	0.02077	0.00549	0.00501	0.00147	0.00625	0.00450	0.00364	0.11934
27	0.00780	0.00535	0.00612	0.00612	0.00634	0.00535	0.00363	0.00805	0.00835	0.01106	0.02002	0.03595	0.07926	0.68786	0.08269	0.00527	0.00578	0.00806	0.00341	0.00352
28	0.01164	0.17107	0.56619	0.01515	0.06685	0.01404	0.01737	0.01680	0.01163	0.01665	0.03815	0.01222	0.00871	0.00529	0.00493	0.00162	0.00734	0.00409	0.00247	0.00779
29	0.01382	0.01074	0.01273	0.01008	0.01418	0.01025	0.03557	0.03643	0.30713	0.09991	0.01595	0.01577	0.01203	0.00571	0.00490	0.00136	0.00444	0.00477	0.00453	0.37969
30	0.01458	0.81168	0.02857	0.00933	0.01399	0.02157	0.00933	0.01632	0.01108	0.01283	0.00758	0.00875	0.00700	0.00466	0.00350	0.00117	0.00583	0.00292	0.00233	0.00700
31	0.05277	0.02425	0.01525	0.01362	0.01661	0.67538	0.01033	0.09866	0.01628	0.01598	0.00888	0.01014	0.00721	0.00569	0.00491	0.00144	0.00921	0.00364	0.00311	0.00661

[dist]
# distance from previous block
# <min> <max>
0	1

[block]
# block no. 5 follows, 44 sequences, length 11
# corresponding to MSA columns:
# 681-691
name=unknown_F
#
# <colnr> <probs for GDERKNQSTAVLIFYWHMCP>
#	G	D	E	R	K	N	Q	S	T	A	V	L	I	F	Y	W	H	M	C	P
0	0.84691	0.01054	0.00801	0.00717	0.01054	0.01223	0.00590	0.01603	0.00928	0.02446	0.00759	0.00886	0.00590	0.00506	0.00337	0.00169	0.00422	0.00295	0.00337	0.00590
1	0.01343	0.00977	0.01115	0.00964	0.01182	0.01062	0.00735	0.34313	0.01639	0.02211	0.01694	0.14484	0.01660	0.19193	0.14533	0.00377	0.00688	0.00741	0.00448	0.00642
2	0.01093	0.02820	0.78016	0.01554	0.02360	0.01266	0.02014	0.01727	0.01151	0.01727	0.00978	0.01151	0.00691	0.00518	0.00518	0.00173	0.00806	0.00403	0.00230	0.00806
3	0.00677	0.00484	0.00648	0.00774	0.00811	0.00454	0.00529	0.00782	0.01057	0.01406	0.02998	0.75936	0.03577	0.01696	0.00699	0.00223	0.00328	0.05969	0.00506	0.00446
4	0.00676	0.00489	0.00627	0.00726	0.00773	0.00453	0.00486	0.00775	0.01065	0.01409	0.06197	0.65316	0.10189	0.07051	0.00831	0.00237	0.00325	0.01439	0.00498	0.00440
5	0.01130	0.00969	0.01130	0.00807	0.01292	0.00727	0.00646	0.01373	0.01130	0.01776	0.00969	0.01130	0.00807	0.00404	0.00404	0.00081	0.00404	0.00323	0.00323	0.84173
6	0.00797	0.00668	0.00737	0.00759	0.00881	0.03934	0.00555	0.01020	0.05371	0.01608	0.16779	0.32517	0.25238	0.01374	0.00689	0.00197	0.02731	0.03140	0.00508	0.00498
7	0.01576	0.01385	0.01275	0.01123	0.01428	0.15793	0.00873	0.07471	0.43678	0.08975	0.08849	0.01961	0.01728	0.00729	0.00550	0.00172	0.00533	0.00586	0.00518	0.00797
8	0.01335	0.01288	0.08159	0.01055	0.01489	0.01155	0.00907	0.10977	0.32927	0.02183	0.01535	0.01533	0.01171	0.00585	0.00494	0.00143	0.00475	0.00474	0.00439	0.31674
9	0.00682	0.00554	0.00604	0.00592	0.00759	0.00476	0.00444	0.00855	0.01331	0.01682	0.26560	0.04902	0.56050	0.01303	0.00644	0.00180	0.00271	0.01102	0.00534	0.00476
10	0.01093	0.02820	0.78016	0.01554	0.02360	0.01266	0.02014	0.01727	0.01151	0.01727	0.00978	0.01151	0.00691	0.00518	0.00518	0.00173	0.00806	0.00403	0.00230	0.00806

[dist]
# distance from previous block
# <min> <max>
0	7

[block]
# block no. 6 follows, 44 sequences, length 13
# corresponding to MSA columns:
# 699-711
name=unknown_G
#
