[name]
unknown

[dist]
# distance from previous block
# <min> <max>
0	122

[block]
# block no. 0 follows, 47 sequences, length 33
# corresponding to MSA columns:
# 131-163
name=unknown_A
#
# <colnr> <probs for GDERKNQSTAVLIFYWHMCP>
#	G	D	E	R	K	N	Q	S	T	A	V	L	I	F	Y	W	H	M	C	P
0	0.01248	0.01227	0.01830	0.08516	0.33045	0.07633	0.11500	0.06440	0.01269	0.01674	0.01519	0.02013	0.08002	0.00667	0.00612	0.00170	0.04577	0.07049	0.00313	0.00696
1	0.04114	0.00838	0.01021	0.00884	0.01142	0.00823	0.00687	0.14841	0.05291	0.27229	0.09484	0.25927	0.02206	0.00974	0.00567	0.00175	0.00400	0.00836	0.00546	0.02015
2	0.02570	0.01150	0.01851	0.16293	0.52320	0.01205	0.01430	0.08305	0.01258	0.01766	0.01110	0.06344	0.00969	0.00562	0.00523	0.00162	0.00604	0.00525	0.00292	0.00758
3	0.01211	0.01330	0.06248	0.03343	0.03890	0.07991	0.31854	0.03405	0.01205	0.02952	0.05950	0.02767	0.01158	0.00809	0.05878	0.00210	0.08019	0.02404	0.00304	0.09070
4	0.07380	0.00843	0.01078	0.00856	0.01203	0.00768	0.00698	0.03680	0.02631	0.57797	0.08324	0.01899	0.01548	0.00667	0.00504	0.00158	0.00408	0.00540	0.08224	0.00795
5	0.04264	0.00801	0.00994	0.00850	0.01109	0.00773	0.00670	0.11218	0.03453	0.30696	0.18052	0.14299	0.02377	0.02898	0.00612	0.00179	0.00392	0.03002	0.02677	0.00685
6	0.01004	0.00729	0.01085	0.03038	0.06033	0.00700	0.07375	0.05064	0.01284	0.08690	0.17186	0.25144	0.09393	0.01123	0.00620	0.00187	0.00417	0.09889	0.00477	0.00564
7	0.00763	0.00567	0.00778	0.00830	0.00912	0.00550	0.03285	0.05802	0.01119	0.01491	0.02688	0.66357	0.03140	0.01505	0.00658	0.00209	0.00357	0.08043	0.00478	0.00469
8	0.00879	0.00469	0.00703	0.00703	0.00718	0.00483	0.00483	0.00718	0.00703	0.00952	0.00981	0.01655	0.00967	0.02137	0.14188	0.71692	0.00600	0.00469	0.00234	0.00264
9	0.00915	0.00526	0.00690	0.00711	0.00794	0.00491	0.00490	0.00997	0.01047	0.11376	0.09948	0.42802	0.02811	0.13513	0.01054	0.07649	0.00357	0.01082	0.02289	0.00458
10	0.01439	0.11378	0.22132	0.01291	0.09454	0.02593	0.01156	0.01747	0.01221	0.23690	0.01638	0.07106	0.03213	0.00782	0.02235	0.00180	0.00582	0.07038	0.00395	0.00730
11	0.85377	0.01007	0.00765	0.00685	0.01007	0.01168	0.00564	0.01531	0.00886	0.02336	0.00725	0.00846	0.00564	0.00483	0.00322	0.00161	0.00403	0.00282	0.00322	0.00564
12	0.00889	0.00541	0.00652	0.00626	0.00687	0.00521	0.00399	0.00958	0.00971	0.08282	0.15865	0.08160	0.02491	0.54541	0.01960	0.00393	0.00439	0.00815	0.00403	0.00406
13	0.03112	0.00875	0.01437	0.33617	0.15378	0.00955	0.05864	0.01267	0.01097	0.03410	0.08336	0.09599	0.04365	0.02141	0.00683	0.05763	0.00565	0.00641	0.00317	0.00580
14	0.01221	0.11123	0.54844	0.01450	0.02123	0.01275	0.10255	0.01722	0.01145	0.08600	0.01027	0.01166	0.00733	0.00497	0.00493	0.00160	0.00729	0.00412	0.00264	0.00761
15	0.02336	0.00886	0.01209	0.00927	0.01329	0.00765	0.00765	0.02538	0.01491	0.78810	0.02055	0.01773	0.01289	0.00645	0.00524	0.00161	0.00443	0.00524	0.00645	0.00886
16	0.01050	0.00542	0.00613	0.00606	0.00740	0.00526	0.00449	0.03089	0.01142	0.09509	0.02009	0.21295	0.01834	0.00861	0.00457	0.00148	0.00285	0.00732	0.53593	0.00520
17	0.01300	0.00781	0.00911	0.08702	0.01216	0.00828	0.00673	0.17577	0.01421	0.08870	0.01626	0.01982	0.01280	0.00660	0.00451	0.00145	0.00392	0.05393	0.45175	0.00616
18	0.00668	0.00481	0.00626	0.00718	0.00772	0.00451	0.00501	0.00783	0.01056	0.01403	0.09537	0.58169	0.08375	0.06199	0.00777	0.00225	0.00323	0.08026	0.00481	0.00429
19	0.01190	0.01224	0.01588	0.01366	0.01383	0.06513	0.01131	0.01305	0.00840	0.01255	0.00691	0.01127	0.00683	0.00888	0.01631	0.00222	0.75714	0.00448	0.00230	0.00572
20	0.00983	0.00926	0.01562	0.80447	0.03587	0.01157	0.01446	0.01331	0.01041	0.01331	0.00926	0.01388	0.00694	0.00521	0.00521	0.00174	0.00694	0.00463	0.00231	0.00579
21	0.00929	0.00595	0.00748	0.00690	0.00847	0.00565	0.00524	0.01244	0.06434	0.08809	0.55648	0.05983	0.05643	0.00988	0.00580	0.00163	0.00276	0.00863	0.07924	0.00544
22	0.00862	0.00556	0.00710	0.00672	0.00804	0.00516	0.00495	0.01047	0.01285	0.08729	0.43379	0.09961	0.12537	0.10081	0.05814	0.00249	0.00371	0.00922	0.00515	0.00495
23	0.06427	0.00677	0.00777	0.07890	0.01086	0.00672	0.00579	0.07471	0.01270	0.03622	0.14505	0.10459	0.35454	0.05975	0.00705	0.00194	0.00358	0.00908	0.00460	0.00509
24	0.00715	0.00497	0.00623	0.00666	0.00713	0.00498	0.00446	0.00806	0.00907	0.01245	0.02274	0.30772	0.07332	0.28392	0.16056	0.00417	0.00567	0.00982	0.05692	0.00400
25	0.01098	0.00577	0.00638	0.00609	0.00756	0.00571	0.00456	0.05879	0.01186	0.08868	0.01881	0.14119	0.01645	0.03442	0.00510	0.00154	0.00299	0.00650	0.56132	0.00531
26	0.01193	0.00812	0.01124	0.17443	0.01593	0.00898	0.00857	0.08144	0.01237	0.14366	0.09540	0.17798	0.03172	0.04959	0.03297	0.00221	0.09717	0.02609	0.00426	0.00595
27	0.01083	0.00959	0.01498	0.61176	0.05842	0.01150	0.01313	0.10294	0.01211	0.01577	0.01137	0.08367	0.00963	0.00628	0.00533	0.00174	0.00643	0.00553	0.00289	0.00611
28	0.01928	0.08508	0.01665	0.01171	0.01591	0.01654	0.00981	0.70136	0.02327	0.03102	0.01204	0.01214	0.00867	0.00609	0.00505	0.00152	0.00572	0.00452	0.00495	0.00867
29	0.01125	0.01233	0.08514	0.42237	0.28328	0.03178	0.01508	0.01492	0.02573	0.01495	0.00958	0.01323	0.00751	0.00513	0.00545	0.00167	0.02674	0.00455	0.00246	0.00683
30	0.01371	0.02934	0.02744	0.13842	0.19463	0.03863	0.09153	0.11395	0.04912	0.07927	0.01250	0.03522	0.01014	0.00576	0.00519	0.00155	0.00598	0.03356	0.00351	0.11055
31	0.00705	0.00532	0.00748	0.00932	0.07557	0.00503	0.00582	0.00835	0.01075	0.01460	0.12418	0.64359	0.03405	0.01456	0.00645	0.00200	0.00323	0.01322	0.00475	0.00467
32	0.01196	0.00730	0.00953	0.08061	0.01252	0.00734	0.00706	0.11893	0.01319	0.16494	0.04760	0.40500	0.02418	0.02936	0.00648	0.00197	0.00412	0.03701	0.00496	0.00593

[dist]
# distance from previous block
# <min> <max>
0	2

[block]
# block no. 1 follows, 47 sequences, length 38
# corresponding to MSA columns:
# 166-175,180,181,185-210
name=unknown_B
#
# <colnr> <probs for GDERKNQSTAVLIFYWHMCP>
#	G	D	E	R	K	N	Q	S	T	A	V	L	I	F	Y	W	H	M	C	P
0	0.00906	0.00711	0.00903	0.01051	0.12835	0.00671	0.00668	0.01206	0.08634	0.06311	0.09694	0.11095	0.40094	0.01097	0.00592	0.00175	0.00349	0.01972	0.00470	0.00567
1	0.01115	0.00906	0.01488	0.57121	0.10455	0.01054	0.01299	0.01419	0.01096	0.09129	0.01233	0.09195	0.01034	0.00636	0.00534	0.00174	0.00623	0.00568	0.00300	0.00618
2	0.01285	0.00984	0.01074	0.00955	0.01234	0.01083	0.00745	0.03784	0.53384	0.09566	0.10033	0.02417	0.09584	0.00796	0.00546	0.00173	0.00387	0.00667	0.00541	0.00759
3	0.55948	0.00952	0.00880	0.00764	0.01079	0.01038	0.00619	0.05721	0.01101	0.17411	0.01231	0.09117	0.01013	0.00638	0.00407	0.00166	0.00410	0.00460	0.00413	0.00631
4	0.01199	0.01324	0.02736	0.09767	0.06010	0.01326	0.58391	0.01591	0.01166	0.01595	0.01001	0.01371	0.00772	0.00495	0.00711	0.00180	0.08850	0.00577	0.00256	0.00682
5	0.00971	0.00485	0.00485	0.00485	0.00607	0.00485	0.00364	0.01213	0.01092	0.01942	0.01699	0.01942	0.01335	0.00607	0.00364	0.00121	0.00243	0.00485	0.84589	0.00485
6	0.00876	0.00602	0.00678	0.00639	0.00692	0.00613	0.00399	0.08264	0.00994	0.01339	0.09046	0.03242	0.02088	0.65866	0.02243	0.00437	0.00486	0.00747	0.00361	0.00389
7	0.00730	0.00488	0.00651	0.00729	0.00792	0.00453	0.00506	0.00853	0.01097	0.04869	0.14468	0.64077	0.03566	0.01496	0.00652	0.00203	0.00304	0.03107	0.00504	0.00455
8	0.00650	0.00463	0.00612	0.00711	0.00749	0.00433	0.00477	0.00752	0.01033	0.01389	0.10140	0.70363	0.03518	0.05131	0.00748	0.00220	0.00306	0.01396	0.00485	0.00425
9	0.01945	0.02482	0.01476	0.01342	0.01610	0.79608	0.01006	0.02079	0.01476	0.01275	0.00805	0.00939	0.00671	0.00537	0.00470	0.00134	0.00939	0.00335	0.00268	0.00604
10	0.85377	0.01007	0.00765	0.00685	0.01007	0.01168	0.00564	0.01531	0.00886	0.02336	0.00725	0.00846	0.00564	0.00483	0.00322	0.00161	0.00403	0.00282	0.00322	0.00564
11	0.00872	0.00533	0.00652	0.00653	0.00724	0.00504	0.00428	0.00948	0.00990	0.09019	0.09662	0.24861	0.06703	0.39301	0.01582	0.00339	0.00405	0.00970	0.00429	0.00426
12	0.00729	0.00545	0.00584	0.00567	0.00738	0.00466	0.00422	0.00868	0.01205	0.05657	0.11957	0.05804	0.61650	0.05615	0.00721	0.00192	0.00285	0.01040	0.00492	0.00462
13	0.00745	0.00501	0.00579	0.00591	0.00596	0.00500	0.00341	0.00759	0.00783	0.01047	0.01758	0.11182	0.02033	0.71661	0.04447	0.00484	0.00508	0.00825	0.00331	0.00330
14	0.00634	0.00453	0.00604	0.00725	0.00755	0.00423	0.00483	0.00725	0.00997	0.01329	0.02870	0.81358	0.03444	0.01632	0.00665	0.00211	0.00302	0.01480	0.00483	0.00423
15	0.85377	0.01007	0.00765	0.00685	0.01007	0.01168	0.00564	0.01531	0.00886	0.02336	0.00725	0.00846	0.00564	0.00483	0.00322	0.00161	0.00403	0.00282	0.00322	0.00564
16	0.01980	0.01459	0.01563	0.01198	0.01615	0.01615	0.00990	0.76713	0.02448	0.03282	0.01250	0.01250	0.00886	0.00625	0.00521	0.00156	0.00573	0.00469	0.00521	0.00886
17	0.00636	0.00497	0.00579	0.00634	0.00741	0.00440	0.00452	0.00758	0.01116	0.01408	0.07374	0.38607	0.39704	0.01449	0.00640	0.00193	0.00287	0.03562	0.00487	0.00436
18	0.07520	0.00607	0.00705	0.00693	0.00799	0.00599	0.00476	0.04352	0.01027	0.08922	0.03469	0.27351	0.07471	0.28426	0.01345	0.04029	0.00407	0.00924	0.00422	0.00457
19	0.00938	0.00637	0.00769	0.00730	0.00900	0.00611	0.00553	0.01295	0.11465	0.09512	0.31737	0.13909	0.18390	0.02555	0.00641	0.00183	0.00312	0.03773	0.00537	0.00552
20	0.00681	0.00464	0.00614	0.00700	0.00730	0.00439	0.00464	0.00741	0.00972	0.01304	0.07485	0.60351	0.03128	0.09763	0.01001	0.08718	0.00334	0.01269	0.00446	0.00397
21	0.01400	0.17389	0.02048	0.11401	0.39704	0.16467	0.01327	0.01652	0.01200	0.01482	0.00889	0.01144	0.00749	0.00481	0.00471	0.00144	0.00677	0.00402	0.00250	0.00723
22	0.06109	0.01178	0.01369	0.01198	0.05554	0.01328	0.00916	0.44327	0.01771	0.02468	0.01211	0.04882	0.01002	0.01102	0.08676	0.06837	0.08425	0.00510	0.00418	0.00720
23	0.09421	0.00611	0.00728	0.00685	0.00831	0.00587	0.00498	0.01159	0.01189	0.12439	0.29657	0.15988	0.06245	0.16532	0.00972	0.00237	0.00349	0.00877	0.00490	0.00506
24	0.00677	0.00508	0.00628	0.00645	0.00753	0.00459	0.00466	0.00850	0.01263	0.01699	0.38247	0.27092	0.22220	0.01294	0.00629	0.00181	0.00267	0.01139	0.00525	0.00459
25	0.00914	0.10103	0.01160	0.00828	0.01075	0.02173	0.08153	0.05203	0.04632	0.01613	0.12771	0.03550	0.40168	0.04589	0.00662	0.00180	0.00402	0.00852	0.00436	0.00537
26	0.01080	0.00926	0.01080	0.00771	0.01234	0.00694	0.00617	0.01311	0.01080	0.01697	0.00926	0.01080	0.00771	0.00386	0.00386	0.00077	0.00386	0.00309	0.00309	0.84882
27	0.01498	0.00872	0.01042	0.00911	0.01176	0.00884	0.00719	0.08430	0.20362	0.26576	0.02282	0.06949	0.06563	0.09947	0.00800	0.00216	0.00439	0.09100	0.00531	0.00707
28	0.00642	0.00472	0.00602	0.00689	0.00750	0.00432	0.00471	0.00754	0.01073	0.01417	0.10770	0.62328	0.14631	0.01529	0.00652	0.00201	0.00291	0.01370	0.00492	0.00432
29	0.17689	0.01170	0.09774	0.10804	0.03034	0.03064	0.15985	0.03718	0.01083	0.01680	0.01355	0.18181	0.01321	0.00814	0.00630	0.03758	0.03040	0.01990	0.00322	0.00585
30	0.00894	0.00469	0.00701	0.02396	0.00755	0.00478	0.00483	0.00716	0.00707	0.00955	0.00978	0.02949	0.00972	0.01871	0.06153	0.75612	0.00502	0.00476	0.01677	0.00254
31	0.00632	0.00509	0.00563	0.00590	0.00724	0.00440	0.00427	0.00765	0.01167	0.01453	0.11757	0.24224	0.52178	0.01373	0.00628	0.00184	0.00272	0.01180	0.00492	0.00440
32	0.00634	0.00453	0.00604	0.00725	0.00755	0.00423	0.00483	0.00725	0.00997	0.01329	0.02870	0.81358	0.03444	0.01632	0.00665	0.00211	0.00302	0.01480	0.00483	0.00423
33	0.01140	0.05422	0.01289	0.08849	0.01509	0.05191	0.00787	0.01363	0.01069	0.01569	0.00885	0.01096	0.00744	0.00462	0.00530	0.00106	0.08272	0.00338	0.00286	0.59095
34	0.08783	0.35032	0.08637	0.08646	0.01507	0.01411	0.00931	0.03269	0.01131	0.06927	0.08768	0.05726	0.01316	0.02148	0.01560	0.00162	0.02611	0.00476	0.00321	0.00637
35	0.02600	0.02594	0.10434	0.03885	0.01805	0.02354	0.26099	0.01327	0.01051	0.01480	0.01259	0.13724	0.01206	0.00833	0.00838	0.08411	0.09815	0.01790	0.00292	0.08202
36	0.00972	0.00625	0.00748	0.05947	0.00977	0.00662	0.01624	0.02340	0.09497	0.01845	0.10745	0.06431	0.01824	0.02138	0.01544	0.03895	0.01635	0.00608	0.45420	0.00522
37	0.03669	0.03550	0.05007	0.03147	0.01582	0.05793	0.06268	0.21433	0.01527	0.19623	0.01307	0.04289	0.00990	0.00636	0.00633	0.00158	0.09261	0.00488	0.00425	0.10215

[dist]
# distance from previous block
# <min> <max>
3	16

[block]
# block no. 2 follows, 47 sequences, length 55
# corresponding to MSA columns:
# 227-281
name=unknown_C
#
# <colnr> <probs for GDERKNQSTAVLIFYWHMCP>
#	G	D	E	R	K	N	Q	S	T	A	V	L	I	F	Y	W	H	M	C	P
0	0.06350	0.00577	0.00674	0.00696	0.00779	0.00582	0.00477	0.03278	0.03882	0.01497	0.11835	0.34070	0.05495	0.22943	0.04251	0.00301	0.00410	0.01025	0.00434	0.00444
1	0.01129	0.00675	0.00949	0.00877	0.01043	0.00727	0.00691	0.04965	0.01058	0.17062	0.01603	0.07172	0.01407	0.02866	0.52751	0.00612	0.02860	0.00605	0.00377	0.00571
2	0.14122	0.01161	0.01308	0.06072	0.01531	0.01244	0.00871	0.37570	0.01794	0.22736	0.01379	0.01417	0.00971	0.03026	0.02320	0.00185	0.00538	0.00466	0.00495	0.00793
3	0.09238	0.00722	0.00785	0.00711	0.00845	0.00746	0.00492	0.12485	0.01130	0.06694	0.03969	0.08361	0.04760	0.44961	0.01681	0.00352	0.00470	0.00722	0.00395	0.00482
4	0.00971	0.00620	0.00786	0.00811	0.00928	0.00605	0.00586	0.08355	0.03268	0.09755	0.02602	0.60057	0.02900	0.01397	0.00634	0.00201	0.00353	0.04136	0.00505	0.00530
5	0.01180	0.01002	0.01547	0.61782	0.03092	0.01222	0.01338	0.10460	0.01217	0.05359	0.01004	0.01374	0.00746	0.00565	0.00599	0.00174	0.05957	0.00466	0.00286	0.00630
6	0.09565	0.01077	0.01119	0.02506	0.02855	0.07961	0.00765	0.24887	0.01462	0.02027	0.06585	0.14776	0.01575	0.05642	0.00886	0.09412	0.05248	0.00652	0.00404	0.00595
7	0.36084	0.00832	0.00816	0.00748	0.00977	0.00893	0.00576	0.09253	0.01173	0.07177	0.08507	0.19126	0.05052	0.05896	0.00615	0.00194	0.00388	0.00703	0.00429	0.00562
8	0.00648	0.00465	0.00597	0.00694	0.00733	0.00434	0.00460	0.00735	0.00993	0.01315	0.04322	0.66701	0.08143	0.10079	0.00871	0.00239	0.00320	0.01369	0.00467	0.00414
9	0.08873	0.00561	0.00614	0.00618	0.00764	0.00522	0.00456	0.00886	0.01202	0.01675	0.25085	0.19288	0.35168	0.01227	0.00596	0.00178	0.00280	0.01050	0.00493	0.00463
10	0.05294	0.01339	0.11176	0.03894	0.02087	0.01156	0.38504	0.04547	0.08594	0.01749	0.06211	0.01570	0.01127	0.00670	0.00722	0.09138	0.00693	0.00563	0.00313	0.00655
11	0.00946	0.00633	0.00764	0.00763	0.00901	0.00618	0.00551	0.04864	0.09263	0.09072	0.07873	0.41519	0.13204	0.05598	0.00726	0.00208	0.00343	0.01117	0.00503	0.00534
12	0.00916	0.00550	0.00653	0.00624	0.00688	0.00537	0.00397	0.00968	0.00889	0.09325	0.03602	0.04257	0.06259	0.59360	0.07292	0.00455	0.00531	0.00749	0.01547	0.00401
13	0.00925	0.00853	0.01188	0.09444	0.01447	0.07925	0.08128	0.01148	0.00955	0.01272	0.01259	0.01814	0.01131	0.02906	0.56420	0.00639	0.01229	0.00533	0.00271	0.00513
14	0.03080	0.00613	0.00779	0.00722	0.00907	0.00557	0.00558	0.01266	0.01340	0.18305	0.33926	0.13273	0.15554	0.01097	0.00601	0.00176	0.00317	0.05818	0.00551	0.00560
15	0.00903	0.00548	0.00667	0.00672	0.00734	0.00532	0.00433	0.01000	0.03382	0.09388	0.02093	0.28119	0.02316	0.44899	0.01722	0.00364	0.00431	0.00958	0.00411	0.00427
16	0.00905	0.00452	0.00678	0.00678	0.00678	0.00452	0.00452	0.00678	0.00678	0.00905	0.00905	0.01583	0.00905	0.01809	0.02035	0.84848	0.00452	0.00452	0.00226	0.00226
17	0.00716	0.00487	0.00580	0.00621	0.00631	0.00477	0.00372	0.00746	0.00838	0.01118	0.02057	0.29770	0.02418	0.54620	0.01979	0.00406	0.00436	0.01002	0.00372	0.00352
18	0.00898	0.00590	0.00873	0.00846	0.00969	0.00662	0.00662	0.01086	0.00900	0.08734	0.01459	0.02019	0.01301	0.03589	0.71963	0.00771	0.01303	0.00555	0.00314	0.00506
19	0.01080	0.00926	0.01080	0.00771	0.01234	0.00694	0.00617	0.01311	0.01080	0.01697	0.00926	0.01080	0.00771	0.00386	0.00386	0.00077	0.00386	0.00309	0.00309	0.84882
20	0.00723	0.00543	0.00680	0.00752	0.00833	0.00532	0.00532	0.00985	0.09167	0.01509	0.10247	0.56771	0.08311	0.01449	0.00645	0.00202	0.00314	0.04832	0.00497	0.00476
21	0.00744	0.00558	0.00837	0.00837	0.00930	0.00651	0.00651	0.00930	0.00837	0.01209	0.01395	0.02046	0.01302	0.03906	0.79635	0.00837	0.01395	0.00558	0.00279	0.00465
22	0.02984	0.00532	0.00631	0.00643	0.00757	0.00492	0.00470	0.00870	0.01203	0.01626	0.29717	0.17254	0.24770	0.09779	0.00838	0.00216	0.00308	0.05970	0.00493	0.00448
23	0.01035	0.00601	0.00731	0.00677	0.00779	0.00579	0.00456	0.04043	0.01077	0.13358	0.14286	0.10602	0.02401	0.45162	0.01716	0.00354	0.00436	0.00809	0.00433	0.00465
24	0.01913	0.01426	0.01526	0.01185	0.01590	0.01584	0.00974	0.69543	0.09727	0.03175	0.01335	0.01317	0.00954	0.00633	0.00522	0.00158	0.00557	0.00480	0.00522	0.00880
25	0.00792	0.00580	0.00670	0.00680	0.00754	0.00587	0.00463	0.01009	0.09022	0.01297	0.03992	0.10981	0.11676	0.43015	0.04771	0.00382	0.00473	0.08040	0.00395	0.00421
26	0.00659	0.00522	0.00593	0.00590	0.00734	0.00456	0.00437	0.00826	0.01267	0.01632	0.29923	0.12032	0.45960	0.01262	0.00620	0.00175	0.00261	0.01082	0.00514	0.00456
27	0.00664	0.00497	0.00659	0.00712	0.00790	0.00456	0.01884	0.00798	0.01123	0.01500	0.18431	0.54066	0.13582	0.01453	0.00647	0.00196	0.00296	0.01305	0.00498	0.00444
28	0.01972	0.01685	0.01544	0.01230	0.01614	0.18851	0.00993	0.60220	0.02234	0.02838	0.01152	0.01182	0.00838	0.00606	0.00510	0.00151	0.00654	0.00439	0.00465	0.00823
29	0.01543	0.01451	0.01177	0.01033	0.01303	0.25182	0.00800	0.17633	0.19267	0.02052	0.01569	0.01610	0.04110	0.00640	0.00478	0.00148	0.00566	0.00484	0.18273	0.00683
30	0.12205	0.00585	0.00621	0.00650	0.00791	0.00564	0.00487	0.00895	0.01064	0.01496	0.03455	0.19669	0.34595	0.09795	0.00815	0.00224	0.00345	0.10857	0.00443	0.00445
31	0.00918	0.00530	0.00717	0.00704	0.00752	0.00540	0.00486	0.00906	0.08863	0.01088	0.01457	0.01954	0.08476	0.01645	0.01738	0.67672	0.00430	0.00529	0.00283	0.00310
32	0.00939	0.00631	0.00926	0.00881	0.01001	0.00725	0.00695	0.01122	0.00904	0.09429	0.01418	0.01957	0.01260	0.03363	0.66108	0.00725	0.06537	0.00548	0.00314	0.00516
33	0.12948	0.02124	0.01469	0.01288	0.01584	0.58709	0.05926	0.04141	0.03275	0.01524	0.00919	0.01049	0.01789	0.00541	0.00465	0.00143	0.00831	0.00368	0.00292	0.00616
34	0.01340	0.64636	0.17334	0.01017	0.01520	0.03995	0.01092	0.01591	0.01077	0.01308	0.00767	0.00889	0.00667	0.00457	0.00369	0.00122	0.00608	0.00300	0.00223	0.00686
35	0.00657	0.00536	0.00585	0.00592	0.00754	0.00464	0.00457	0.00817	0.01230	0.01522	0.15635	0.04940	0.59583	0.01294	0.00626	0.00181	0.00284	0.08896	0.00496	0.00451
36	0.02328	0.00900	0.01217	0.00933	0.01336	0.00786	0.00771	0.04314	0.01513	0.77002	0.02035	0.01760	0.01279	0.00644	0.00524	0.00161	0.00446	0.00522	0.00642	0.00886
37	0.01267	0.01285	0.05716	0.13196	0.55316	0.01250	0.06285	0.05267	0.02230	0.01731	0.01003	0.01307	0.00810	0.00483	0.00522	0.00159	0.00647	0.00471	0.00269	0.00785
38	0.00968	0.00870	0.01155	0.06268	0.01262	0.02975	0.00856	0.04041	0.00950	0.01327	0.01527	0.03010	0.09211	0.06427	0.27200	0.00430	0.30124	0.00586	0.00293	0.00519
39	0.41160	0.01003	0.01039	0.00842	0.01209	0.01044	0.00695	0.09921	0.01309	0.35025	0.01347	0.01284	0.00907	0.00567	0.00429	0.00161	0.00438	0.00405	0.00481	0.00735
40	0.00767	0.00510	0.00627	0.00641	0.00682	0.00529	0.00422	0.00853	0.00845	0.01209	0.01723	0.11479	0.01850	0.43817	0.20922	0.00506	0.00667	0.00755	0.10812	0.00385
41	0.01523	0.12167	0.09998	0.01167	0.01557	0.01109	0.13228	0.03615	0.04079	0.26480	0.06405	0.01765	0.01321	0.07644	0.02345	0.00204	0.03725	0.00537	0.00416	0.00716
42	0.01588	0.00740	0.00965	0.00814	0.01088	0.00664	0.00643	0.01843	0.05132	0.42546	0.19122	0.10986	0.09787	0.00909	0.00568	0.00169	0.00366	0.00776	0.00591	0.00704
43	0.01008	0.00690	0.00925	0.01037	0.08482	0.00663	0.00735	0.04018	0.03086	0.09808	0.09410	0.18488	0.16121	0.01195	0.00629	0.00195	0.00399	0.22060	0.00488	0.00563
44	0.27380	0.01389	0.16272	0.01459	0.15056	0.01157	0.06089	0.01826	0.10727	0.10108	0.01198	0.01369	0.00909	0.00548	0.00466	0.00166	0.00550	0.02256	0.00352	0.00723
45	0.11230	0.01405	0.13782	0.30426	0.11383	0.06201	0.02316	0.09345	0.03061	0.01771	0.01113	0.01359	0.03343	0.00548	0.00494	0.00164	0.00647	0.00448	0.00292	0.00672
46	0.01389	0.20316	0.03217	0.01489	0.11370	0.06295	0.13193	0.15613	0.01375	0.01804	0.04016	0.01336	0.00980	0.02021	0.05614	0.00196	0.04581	0.00458	0.00315	0.04421
47	0.29241	0.12647	0.07844	0.08622	0.08311	0.01313	0.08312	0.05029	0.01114	0.05646	0.02472	0.01148	0.00789	0.00518	0.00481	0.00158	0.03693	0.00396	0.00306	0.01959
48	0.01386	0.03118	0.01328	0.01191	0.08761	0.01001	0.03634	0.18161	0.01426	0.12964	0.01702	0.18074	0.03881	0.01826	0.00618	0.00163	0.04661	0.00682	0.00433	0.14989
49	0.13811	0.08881	0.01379	0.04265	0.04418	0.07817	0.00862	0.12911	0.11317	0.13469	0.02379	0.06618	0.01150	0.00662	0.00541	0.00160	0.04796	0.00502	0.00415	0.03649
50	0.09541	0.08488	0.01346	0.12869	0.04323	0.02963	0.02024	0.09375	0.07271	0.14558	0.10187	0.04991	0.04445	0.00683	0.00499	0.00157	0.00485	0.00560	0.00425	0.04809
51	0.01779	0.05316	0.03578	0.01087	0.05947	0.02176	0.00844	0.07810	0.10810	0.39524	0.06397	0.07260	0.01559	0.00710	0.00524	0.00161	0.00460	0.00590	0.00533	0.02932
52	0.09373	0.03926	0.17392	0.06538	0.14368	0.02088	0.07255	0.01566	0.02977	0.10549	0.04760	0.14157	0.01415	0.00713	0.00524	0.00169	0.00565	0.00627	0.00355	0.00683
53	0.10761	0.00894	0.03952	0.00851	0.01159	0.00790	0.00695	0.06016	0.03624	0.25507	0.05693	0.16618	0.01741	0.04249	0.00605	0.00174	0.00416	0.02255	0.00479	0.13521
54	0.06838	0.01033	0.01231	0.09559	0.08940	0.03317	0.00876	0.21275	0.04532	0.03052	0.06311	0.15702	0.01591	0.03184	0.00586	0.00170	0.00489	0.00657	0.00413	0.10243

[dist]
# distance from previous block
# <min> <max>
2	14

[block]
# block no. 3 follows, 47 sequences, length 9
# corresponding to MSA columns:
# 296-304
name=unknown_D
#
# <colnr> <probs for GDERKNQSTAVLIFYWHMCP>
#	G	D	E	R	K	N	Q	S	T	A	V	L	I	F	Y	W	H	M	C	P
0	0.04493	0.07354	0.08613	0.01507	0.03162	0.12344	0.28090	0.04602	0.03320	0.05267	0.03296	0.06839	0.03132	0.02131	0.00620	0.00172	0.03489	0.00582	0.00323	0.00665
1	0.01559	0.13372	0.01547	0.03908	0.04348	0.21306	0.00911	0.16580	0.11691	0.04355	0.03586	0.01516	0.05699	0.00615	0.00480	0.00143	0.00602	0.00464	0.00381	0.06935
2	0.04554	0.01010	0.01253	0.03289	0.07032	0.01062	0.02827	0.10845	0.22520	0.12895	0.04238	0.05905	0.03624	0.03409	0.00639	0.00178	0.03256	0.03305	0.00462	0.07696
3	0.05362	0.04248	0.11625	0.03641	0.01448	0.05372	0.00937	0.07218	0.10345	0.16408	0.09560	0.04295	0.01567	0.00798	0.02858	0.00181	0.02795	0.03832	0.00432	0.07079
4	0.08877	0.04137	0.04950	0.03455	0.01587	0.09378	0.09075	0.11528	0.03078	0.05383	0.01042	0.03103	0.00866	0.00847	0.05520	0.00211	0.20325	0.00465	0.00324	0.05849
5	0.06240	0.01067	0.05340	0.06596	0.06205	0.01030	0.03722	0.15672	0.09709	0.14012	0.11358	0.06180	0.04498	0.00779	0.00547	0.00171	0.00487	0.05209	0.00469	0.00709
6	0.12443	0.22036	0.30571	0.01330	0.09672	0.01396	0.01281	0.05893	0.01146	0.04573	0.00950	0.01156	0.00758	0.04115	0.00532	0.00164	0.00616	0.00379	0.00275	0.00713
7	0.06729	0.01176	0.01867	0.31203	0.29911	0.04635	0.10385	0.01577	0.04537	0.01605	0.00995	0.01324	0.00783	0.00497	0.00515	0.00165	0.00668	0.00470	0.00266	0.00693
8	0.08291	0.00965	0.01125	0.03190	0.03965	0.00879	0.00715	0.10009	0.01209	0.01889	0.01102	0.06856	0.00972	0.00543	0.00471	0.00115	0.03282	0.00429	0.02909	0.51084

[dist]
# distance from previous block
# <min> <max>
0	1

[block]
# block no. 4 follows, 47 sequences, length 27
# corresponding to MSA columns:
# 306-332
name=unknown_E
#
# <colnr> <probs for GDERKNQSTAVLIFYWHMCP>
#	G	D	E	R	K	N	Q	S	T	A	V	L	I	F	Y	W	H	M	C	P
0	0.16855	0.04752	0.08343	0.01006	0.01405	0.01239	0.00890	0.24245	0.11864	0.14516	0.04130	0.01512	0.03223	0.00621	0.00478	0.00158	0.00491	0.00473	0.00460	0.03340
1	0.55235	0.15478	0.01244	0.00802	0.01163	0.01369	0.00689	0.11784	0.01157	0.05840	0.00858	0.00942	0.00660	0.00503	0.00361	0.00152	0.00455	0.00318	0.00347	0.00641
2	0.06992	0.00580	0.00740	0.11489	0.01122	0.00599	0.00583	0.00894	0.01003	0.01410	0.08047	0.38460	0.08787	0.15776	0.00970	0.00249	0.00392	0.01052	0.00414	0.00442
3	0.36611	0.11320	0.26321	0.11789	0.01799	0.01288	0.01161	0.01545	0.00997	0.01844	0.00820	0.01000	0.00625	0.00488	0.00406	0.00158	0.00579	0.00339	0.00265	0.00645
4	0.58920	0.01046	0.02224	0.11109	0.01418	0.01185	0.00745	0.06455	0.06729	0.02203	0.00898	0.01050	0.00690	0.00553	0.00429	0.02606	0.00460	0.00347	0.00334	0.00600
5	0.18520	0.00648	0.00703	0.00677	0.00842	0.00653	0.00510	0.01121	0.03872	0.03418	0.35349	0.13926	0.12015	0.03789	0.00626	0.00184	0.00310	0.01846	0.00488	0.00504
6	0.00908	0.00582	0.00770	0.00784	0.00926	0.00548	0.00633	0.01123	0.01296	0.08752	0.29120	0.10225	0.09485	0.02520	0.00677	0.00201	0.00361	0.28523	0.02055	0.00511
7	0.00942	0.00769	0.06515	0.00742	0.00972	0.00612	0.00619	0.01215	0.06878	0.11972	0.04663	0.17264	0.38946	0.01283	0.04003	0.00208	0.00392	0.00971	0.00482	0.00552
8	0.56799	0.08078	0.04061	0.00819	0.01160	0.02834	0.00717	0.09218	0.01115	0.02227	0.02334	0.01329	0.00872	0.00578	0.00388	0.00162	0.00462	0.05895	0.00345	0.00607
9	0.00760	0.00542	0.00597	0.00591	0.00749	0.00468	0.00432	0.00885	0.01159	0.07124	0.06653	0.14971	0.54196	0.07569	0.00774	0.00205	0.00301	0.01077	0.00485	0.00462
10	0.57287	0.00966	0.00915	0.00767	0.01116	0.01032	0.00632	0.01871	0.01091	0.28205	0.01175	0.01159	0.00809	0.00538	0.00390	0.00161	0.00416	0.00364	0.00431	0.00673
11	0.01062	0.02569	0.71663	0.01553	0.02299	0.01220	0.09136	0.01651	0.01112	0.01651	0.00946	0.01129	0.00672	0.00489	0.00506	0.00166	0.00780	0.00407	0.00224	0.00763
12	0.01343	0.01510	0.14067	0.04642	0.02493	0.01221	0.52551	0.01772	0.01239	0.12120	0.01167	0.01409	0.00835	0.00478	0.00581	0.00172	0.00796	0.00563	0.00308	0.00733
13	0.02358	0.00541	0.00682	0.00667	0.00794	0.00497	0.00492	0.00984	0.01334	0.05302	0.49717	0.19521	0.12800	0.01179	0.00615	0.00175	0.00271	0.01038	0.00543	0.00491
14	0.00744	0.00558	0.00837	0.00837	0.00930	0.00651	0.00651	0.00930	0.00837	0.01209	0.01395	0.02046	0.01302	0.03906	0.79635	0.00837	0.01395	0.00558	0.00279	0.00465
15	0.01717	0.01336	0.01567	0.13016	0.01875	0.01544	0.01078	0.55256	0.02015	0.02716	0.01125	0.01256	0.00830	0.00648	0.00682	0.00169	0.11469	0.00466	0.00438	0.00797
16	0.00723	0.00527	0.00651	0.00644	0.00766	0.00478	0.00475	0.00911	0.01307	0.02891	0.44878	0.14107	0.21578	0.04678	0.00711	0.00190	0.00278	0.03211	0.00528	0.00468
17	0.00649	0.00468	0.00614	0.00705	0.00756	0.00434	0.00480	0.00765	0.01077	0.01446	0.14190	0.66261	0.07158	0.01533	0.00655	0.00203	0.00292	0.01382	0.00497	0.00434
18	0.00666	0.00487	0.00633	0.00737	0.00802	0.00454	0.00530	0.00786	0.01056	0.01378	0.03178	0.58579	0.13519	0.01557	0.00667	0.00211	0.00326	0.13517	0.00483	0.00435
19	0.00666	0.00474	0.00609	0.00687	0.00729	0.00445	0.00457	0.00765	0.01031	0.01387	0.12971	0.57144	0.05472	0.13462	0.00952	0.00248	0.00324	0.01289	0.00471	0.00417
20	0.03555	0.01415	0.01275	0.01085	0.01398	0.17424	0.00853	0.23028	0.26241	0.07985	0.01529	0.01536	0.01146	0.02317	0.00542	0.00163	0.00557	0.00487	0.06704	0.00759
21	0.00918	0.00671	0.00747	0.00681	0.00826	0.00663	0.00491	0.13213	0.01318	0.01754	0.19343	0.05454	0.22496	0.25557	0.01213	0.00269	0.00384	0.00851	0.02667	0.00487
22	0.00741	0.00498	0.00573	0.00589	0.00593	0.00494	0.00338	0.00753	0.00790	0.01053	0.01808	0.13984	0.02104	0.70835	0.02381	0.00465	0.00477	0.00855	0.00338	0.00330
23	0.00752	0.00508	0.00590	0.00590	0.00603	0.00508	0.00347	0.00781	0.00820	0.01106	0.07375	0.05127	0.02128	0.70531	0.05773	0.00487	0.00519	0.00779	0.00337	0.00338
24	0.01088	0.00613	0.00777	0.00738	0.00918	0.00553	0.00563	0.01280	0.02746	0.20140	0.17339	0.22612	0.19717	0.02327	0.00640	0.00188	0.00335	0.06328	0.00537	0.00561
25	0.01106	0.02265	0.53768	0.01720	0.02409	0.01245	0.26727	0.01655	0.01143	0.01655	0.00974	0.01201	0.00703	0.00476	0.00535	0.00168	0.00806	0.00461	0.00234	0.00747
26	0.00721	0.00532	0.00673	0.00638	0.00768	0.00484	0.00478	0.00951	0.01435	0.01996	0.68284	0.04042	0.14862	0.01099	0.00614	0.00165	0.00248	0.00963	0.00561	0.00484

[dist]
# distance from previous block
# <min> <max>
0	37

[block]
# block no. 5 follows, 47 sequences, length 6
# corresponding to MSA columns:
# 370-375
name=unknown_F
#
# <colnr> <probs for GDERKNQSTAVLIFYWHMCP>
#	G	D	E	R	K	N	Q	S	T	A	V	L	I	F	Y	W	H	M	C	P
0	0.01125	0.00880	0.00999	0.00901	0.01092	0.03842	0.00697	0.17804	0.10246	0.01881	0.08838	0.05030	0.03709	0.07807	0.29508	0.00433	0.00803	0.00629	0.03182	0.00595
1	0.01518	0.00696	0.00937	0.00801	0.01049	0.00617	0.00627	0.01718	0.01410	0.40161	0.28819	0.14633	0.02886	0.00942	0.00577	0.00170	0.00353	0.00816	0.00595	0.00678
2	0.01120	0.00753	0.00880	0.00808	0.01022	0.00759	0.00618	0.01689	0.24363	0.13814	0.20535	0.14125	0.15355	0.01014	0.00582	0.00176	0.00338	0.00872	0.00544	0.00635
3	0.64223	0.01026	0.00876	0.00770	0.01079	0.01169	0.00624	0.13332	0.01143	0.02391	0.01010	0.08491	0.00886	0.00614	0.00386	0.00165	0.00420	0.00424	0.00369	0.00602
4	0.00763	0.00553	0.00727	0.00809	0.05327	0.00557	0.00513	0.00876	0.00951	0.01315	0.09725	0.16930	0.06600	0.31295	0.17113	0.00430	0.00603	0.00856	0.03632	0.00426
5	0.00647	0.00513	0.00582	0.00598	0.00731	0.00448	0.00436	0.00796	0.01212	0.01546	0.21356	0.20871	0.45767	0.01327	0.00626	0.00181	0.00268	0.01144	0.00504	0.00448

[dist]
# distance from previous block
# <min> <max>
0	2

[block]
# block no. 6 follows, 47 sequences, length 57
# corresponding to MSA columns:
# 378-434
name=unknown_G
#
# <colnr> <probs for GDERKNQSTAVLIFYWHMCP>
#	G	D	E	R	K	N	Q	S	T	A	V	L	I	F	Y	W	H	M	C	P
0	0.11269	0.00935	0.01042	0.00761	0.01207	0.00752	0.00611	0.01338	0.01056	0.01774	0.00901	0.01052	0.00746	0.00397	0.00378	0.00087	0.00388	0.00305	0.00310	0.74690
1	0.00789	0.00595	0.00846	0.00809	0.00942	0.00637	0.00625	0.00963	0.00886	0.01289	0.04331	0.03238	0.01409	0.04761	0.61529	0.03679	0.01161	0.00557	0.00296	0.10658
2	0.00764	0.00546	0.00615	0.00596	0.00749	0.00479	0.00439	0.00908	0.01206	0.06142	0.18823	0.06964	0.46487	0.10530	0.00849	0.00213	0.00304	0.02431	0.00491	0.00462
3	0.85377	0.01007	0.00765	0.00685	0.01007	0.01168	0.00564	0.01531	0.00886	0.02336	0.00725	0.00846	0.00564	0.00483	0.00322	0.00161	0.00403	0.00282	0.00322	0.00564
4	0.01246	0.01181	0.01933	0.02576	0.53955	0.01197	0.06959	0.01726	0.12432	0.01741	0.01175	0.01430	0.00961	0.00694	0.05101	0.00196	0.00643	0.00493	0.00302	0.04061
5	0.05168	0.00746	0.00928	0.00803	0.01042	0.00708	0.00615	0.01731	0.09616	0.32274	0.07210	0.09159	0.08018	0.07173	0.00885	0.10430	0.00403	0.00684	0.00505	0.01904
6	0.00691	0.00503	0.00656	0.00739	0.00816	0.00472	0.00545	0.00836	0.01122	0.01485	0.13645	0.45394	0.11729	0.02861	0.00698	0.00212	0.00330	0.16332	0.00492	0.00444
7	0.01860	0.02149	0.01457	0.01354	0.04552	0.59888	0.00996	0.05690	0.10702	0.04961	0.01048	0.01126	0.00826	0.00563	0.00483	0.00142	0.00824	0.00386	0.00328	0.00665
8	0.00789	0.00557	0.00693	0.10226	0.00946	0.00582	0.00464	0.00852	0.00842	0.01136	0.05987	0.03152	0.01908	0.65048	0.02214	0.00435	0.00506	0.00725	0.02574	0.00362
9	0.00876	0.00533	0.00700	0.00740	0.00837	0.00493	0.00531	0.01004	0.01117	0.10777	0.10997	0.47987	0.06749	0.07168	0.00787	0.00222	0.00340	0.07158	0.00500	0.00484
10	0.00739	0.00481	0.00638	0.00730	0.00780	0.00446	0.00492	0.00832	0.01015	0.05801	0.02768	0.73266	0.03250	0.05153	0.00745	0.00222	0.00319	0.01393	0.00485	0.00445
11	0.00808	0.00719	0.00974	0.00956	0.01067	0.06195	0.09730	0.00950	0.01067	0.01375	0.02499	0.63016	0.02908	0.01402	0.00647	0.00203	0.00424	0.04148	0.00441	0.00472
12	0.01898	0.01385	0.01493	0.01167	0.01565	0.01532	0.00956	0.62956	0.13089	0.06417	0.01409	0.01372	0.01003	0.00638	0.00522	0.00159	0.00544	0.00488	0.00528	0.00877
13	0.00870	0.00452	0.00669	0.00684	0.00688	0.00449	0.00456	0.00684	0.00719	0.00958	0.01154	0.11688	0.01226	0.01787	0.01862	0.74128	0.00433	0.00583	0.00259	0.00251
14	0.00767	0.00550	0.00754	0.00870	0.00964	0.00538	0.00711	0.00955	0.01134	0.01481	0.02875	0.29918	0.05577	0.01496	0.00699	0.00229	0.00416	0.49125	0.00481	0.00460
15	0.00744	0.00558	0.00837	0.00837	0.00930	0.00651	0.00651	0.00930	0.00837	0.01209	0.01395	0.02046	0.01302	0.03906	0.79635	0.00837	0.01395	0.00558	0.00279	0.00465
16	0.02324	0.00907	0.01221	0.00936	0.01340	0.00795	0.00773	0.05165	0.01524	0.76135	0.02026	0.01754	0.01275	0.00644	0.00524	0.00161	0.00448	0.00522	0.00640	0.00886
17	0.00744	0.00558	0.00837	0.00837	0.00930	0.00651	0.00651	0.00930	0.00837	0.01209	0.01395	0.02046	0.01302	0.03906	0.79635	0.00837	0.01395	0.00558	0.00279	0.00465
18	0.00744	0.00558	0.00837	0.00837	0.00930	0.00651	0.00651	0.00930	0.00837	0.01209	0.01395	0.02046	0.01302	0.03906	0.79635	0.00837	0.01395	0.00558	0.00279	0.00465
19	0.01016	0.00529	0.00534	0.00517	0.00652	0.00536	0.00392	0.04588	0.01153	0.02001	0.01679	0.01911	0.01315	0.00608	0.00371	0.00123	0.00257	0.00485	0.80831	0.00503
20	0.00802	0.00588	0.00725	0.00697	0.00708	0.00654	0.00456	0.00838	0.00772	0.01063	0.01495	0.02969	0.01676	0.62534	0.11838	0.00512	0.10311	0.00697	0.00301	0.00364
21	0.01134	0.23038	0.59437	0.01332	0.02019	0.01428	0.01659	0.01626	0.01089	0.01540	0.00881	0.01032	0.00662	0.00482	0.00454	0.00151	0.00715	0.00358	0.00221	0.00744
22	0.00744	0.00558	0.00837	0.00837	0.00930	0.00651	0.00651	0.00930	0.00837	0.01209	0.01395	0.02046	0.01302	0.03906	0.79635	0.00837	0.01395	0.00558	0.00279	0.00465
23	0.01210	0.01143	0.01931	0.02898	0.69058	0.01139	0.01463	0.01493	0.01163	0.01656	0.01208	0.10967	0.01142	0.00605	0.00534	0.00162	0.00580	0.00587	0.00285	0.00776
24	0.00905	0.00452	0.00678	0.00678	0.00678	0.00452	0.00452	0.00678	0.00678	0.00905	0.00905	0.01583	0.00905	0.01809	0.02035	0.84848	0.00452	0.00452	0.00226	0.00226
25	0.10024	0.02143	0.01424	0.01251	0.01553	0.57056	0.00960	0.16344	0.01605	0.01762	0.00883	0.00990	0.00702	0.00548	0.00465	0.00141	0.00817	0.00356	0.00322	0.00654
26	0.00957	0.00583	0.00728	0.00720	0.00800	0.00575	0.00488	0.03930	0.01003	0.10632	0.02092	0.31197	0.02291	0.34436	0.05581	0.00356	0.01790	0.00964	0.00421	0.00457
27	0.01573	0.04834	0.01503	0.10713	0.01717	0.04988	0.05297	0.36903	0.04339	0.06559	0.01342	0.04865	0.01108	0.09682	0.02070	0.00210	0.00604	0.00544	0.00425	0.00723
28	0.35829	0.04168	0.27727	0.04173	0.04127	0.01146	0.01128	0.01661	0.01067	0.10480	0.03447	0.01169	0.00834	0.00523	0.00427	0.00161	0.00551	0.00378	0.00322	0.00680
29	0.00810	0.00629	0.00924	0.02521	0.10260	0.00598	0.03070	0.00981	0.01220	0.01678	0.35220	0.18410	0.10527	0.01174	0.00758	0.08981	0.00354	0.00934	0.00457	0.00494
30	0.13900	0.01214	0.01316	0.06706	0.01566	0.02634	0.00868	0.36857	0.02813	0.09950	0.01172	0.01224	0.00849	0.00554	0.00466	0.00144	0.00514	0.00416	0.00439	0.16398
31	0.00688	0.00510	0.00662	0.00731	0.00813	0.00456	0.00500	0.00796	0.01007	0.01374	0.02635	0.71655	0.03121	0.01481	0.00631	0.00195	0.00312	0.01339	0.00462	0.10632
32	0.11561	0.41171	0.10515	0.01094	0.04215	0.13270	0.01000	0.01698	0.05539	0.01504	0.02394	0.01027	0.00799	0.00505	0.00416	0.00135	0.01882	0.00340	0.00267	0.00667
33	0.01149	0.01326	0.13862	0.17939	0.38323	0.02443	0.01455	0.01438	0.01074	0.01501	0.00940	0.01304	0.00775	0.00659	0.00736	0.10399	0.03304	0.00448	0.00242	0.00683
34	0.00983	0.00926	0.01562	0.80447	0.03587	0.01157	0.01446	0.01331	0.01041	0.01331	0.00926	0.01388	0.00694	0.00521	0.00521	0.00174	0.00694	0.00463	0.00231	0.00579
35	0.00646	0.00465	0.00613	0.00710	0.00756	0.00432	0.00481	0.00757	0.01061	0.01424	0.12058	0.69290	0.06271	0.01552	0.00657	0.00204	0.00294	0.01402	0.00494	0.00432
36	0.01519	0.45642	0.10543	0.01063	0.04156	0.04089	0.00993	0.04639	0.01205	0.15244	0.01113	0.04218	0.00912	0.00607	0.01886	0.00147	0.00580	0.00402	0.00323	0.00717
37	0.00793	0.00589	0.00728	0.00703	0.00724	0.00653	0.00468	0.00840	0.00796	0.01090	0.01672	0.04227	0.05101	0.56240	0.13158	0.00498	0.10314	0.00720	0.00310	0.00374
38	0.00757	0.00505	0.00568	0.00568	0.00568	0.00505	0.00316	0.00757	0.00757	0.01010	0.01641	0.03408	0.01893	0.81698	0.02651	0.00505	0.00505	0.00757	0.00316	0.00316
39	0.01051	0.02645	0.76133	0.01511	0.02272	0.01213	0.04742	0.01650	0.01104	0.01650	0.00939	0.01111	0.00665	0.00493	0.00499	0.00165	0.00774	0.00393	0.00222	0.00767
40	0.11917	0.01350	0.01417	0.05710	0.01623	0.02966	0.00945	0.52684	0.11467	0.02880	0.01267	0.01289	0.00919	0.00610	0.00497	0.00160	0.00546	0.00458	0.00477	0.00816
41	0.01744	0.05279	0.01509	0.05883	0.01661	0.61816	0.01022	0.01893	0.01348	0.01271	0.00826	0.01030	0.00703	0.00722	0.04298	0.00176	0.07600	0.00361	0.00262	0.00595
42	0.00905	0.00452	0.00678	0.00678	0.00678	0.00452	0.00452	0.00678	0.00678	0.00905	0.00905	0.01583	0.00905	0.01809	0.02035	0.84848	0.00452	0.00452	0.00226	0.00226
43	0.02026	0.00842	0.01106	0.00855	0.01231	0.00723	0.00700	0.02236	0.01395	0.60613	0.01881	0.01713	0.01235	0.00610	0.00488	0.00147	0.00412	0.00494	0.10753	0.10538
44	0.00756	0.00511	0.00600	0.00600	0.00612	0.00523	0.00356	0.00778	0.00767	0.01034	0.01611	0.03243	0.01822	0.72295	0.11956	0.00545	0.00612	0.00733	0.00311	0.00334
45	0.00757	0.00505	0.00568	0.00568	0.00568	0.00505	0.00316	0.00757	0.00757	0.01010	0.01641	0.03408	0.01893	0.81698	0.02651	0.00505	0.00505	0.00757	0.00316	0.00316
46	0.02296	0.00906	0.01215	0.00937	0.01336	0.00800	0.00772	0.04136	0.03911	0.74772	0.02039	0.01767	0.01290	0.00646	0.00524	0.00162	0.00445	0.00525	0.00638	0.00884
47	0.85377	0.01007	0.00765	0.00685	0.01007	0.01168	0.00564	0.01531	0.00886	0.02336	0.00725	0.00846	0.00564	0.00483	0.00322	0.00161	0.00403	0.00282	0.00322	0.00564
48	0.00757	0.00505	0.00568	0.00568	0.00568	0.00505	0.00316	0.00757	0.00757	0.01010	0.01641	0.03408	0.01893	0.81698	0.02651	0.00505	0.00505	0.00757	0.00316	0.00316
49	0.85377	0.01007	0.00765	0.00685	0.01007	0.01168	0.00564	0.01531	0.00886	0.02336	0.00725	0.00846	0.00564	0.00483	0.00322	0.00161	0.00403	0.00282	0.00322	0.00564
50	0.03324	0.01461	0.01453	0.01155	0.01529	0.10487	0.00935	0.55885	0.02141	0.09577	0.01355	0.05892	0.01039	0.00673	0.00520	0.00157	0.00585	0.00514	0.00497	0.00821
51	0.01080	0.00926	0.01080	0.00771	0.01234	0.00694	0.00617	0.01311	0.01080	0.01697	0.00926	0.01080	0.00771	0.00386	0.00386	0.00077	0.00386	0.00309	0.00309	0.84882
52	0.02605	0.00507	0.00517	0.00522	0.00654	0.00500	0.00399	0.01156	0.01106	0.01863	0.02173	0.02518	0.10711	0.00739	0.00414	0.00136	0.00262	0.04867	0.67871	0.00481
53	0.00897	0.00587	0.00753	0.00690	0.00847	0.00545	0.00525	0.01182	0.04417	0.08967	0.65110	0.03674	0.07736	0.01024	0.00603	0.00165	0.00271	0.00897	0.00574	0.00538
54	0.00639	0.00460	0.00604	0.00712	0.00751	0.00427	0.00477	0.00735	0.01015	0.01351	0.05358	0.74460	0.06369	0.03085	0.00698	0.00214	0.00303	0.01435	0.00483	0.00424
55	0.01836	0.00872	0.01108	0.00858	0.01236	0.00754	0.00699	0.06351	0.01437	0.49063	0.04642	0.02080	0.10592	0.00693	0.00513	0.00148	0.00413	0.00566	0.00557	0.15584
56	0.00963	0.00770	0.00813	0.00741	0.00964	0.00777	0.00575	0.11906	0.15801	0.01867	0.06774	0.04733	0.42956	0.01114	0.01941	0.00183	0.00357	0.01928	0.04257	0.00580

[dist]
# distance from previous block
# <min> <max>
0	1

[block]
# block no. 7 follows, 47 sequences, length 33
# corresponding to MSA columns:
# 436-468
name=unknown_H
#
# <colnr> <probs for GDERKNQSTAVLIFYWHMCP>
#	G	D	E	R	K	N	Q	S	T	A	V	L	I	F	Y	W	H	M	C	P
0	0.00758	0.00518	0.00633	0.00648	0.00686	0.00520	0.00427	0.00835	0.00906	0.01236	0.09983	0.08786	0.02361	0.51290	0.09035	0.00445	0.00536	0.07939	0.02082	0.00374
1	0.00838	0.00683	0.00663	0.00679	0.00717	0.08094	0.00424	0.00877	0.00896	0.01123	0.01962	0.21791	0.04427	0.52411	0.01907	0.00389	0.00491	0.00899	0.00356	0.00373
2	0.00709	0.00485	0.00582	0.00629	0.00641	0.00473	0.00381	0.00745	0.00851	0.01135	0.02121	0.33864	0.02499	0.50416	0.01875	0.00390	0.00426	0.01040	0.00381	0.00358
3	0.01812	0.01359	0.01473	0.01119	0.01544	0.01444	0.00920	0.62685	0.02194	0.02987	0.01190	0.01219	0.00864	0.00581	0.00496	0.00142	0.00538	0.00439	0.00481	0.16513
4	0.01069	0.00904	0.01100	0.02454	0.01248	0.00780	0.03566	0.02587	0.09858	0.01654	0.01193	0.01591	0.01054	0.14044	0.00795	0.00167	0.00437	0.00434	0.00335	0.54729
5	0.00665	0.00472	0.00623	0.00712	0.00745	0.00460	0.00475	0.00752	0.00942	0.01266	0.02520	0.60663	0.02972	0.14432	0.09409	0.00324	0.00451	0.01269	0.00435	0.00411
6	0.00961	0.00704	0.02809	0.00757	0.00967	0.00627	0.00603	0.01290	0.06724	0.08739	0.47360	0.03034	0.04585	0.01192	0.08175	0.00220	0.00414	0.00764	0.00510	0.09565
7	0.20477	0.01294	0.01346	0.01054	0.01448	0.01420	0.00870	0.51683	0.01994	0.11617	0.01225	0.01220	0.00860	0.00596	0.00477	0.00158	0.00521	0.00434	0.00491	0.00815
