[name]
unknown

[dist]
# distance from previous block
# <min> <max>
0	101

[block]
# block no. 0 follows, 51 sequences, length 20
# corresponding to MSA columns:
# 101-120
name=unknown_A
#
# <colnr> <probs for GDERKNQSTAVLIFYWHMCP>
#	G	D	E	R	K	N	Q	S	T	A	V	L	I	F	Y	W	H	M	C	P
0	0.01355	0.00827	0.01070	0.01071	0.10185	0.00797	0.00753	0.11145	0.05294	0.23773	0.05675	0.07738	0.12792	0.03256	0.00591	0.00171	0.00413	0.08533	0.00473	0.04087
1	0.12689	0.00789	0.01099	0.06171	0.01334	0.00809	0.08759	0.03654	0.05554	0.10805	0.11286	0.04647	0.03374	0.00891	0.00554	0.00181	0.00456	0.25954	0.00429	0.00565
2	0.05978	0.10401	0.01254	0.00857	0.01203	0.00965	0.00720	0.13322	0.01422	0.44142	0.03145	0.01826	0.06236	0.01901	0.00504	0.00153	0.00431	0.02737	0.02065	0.00737
3	0.03390	0.04912	0.01199	0.07901	0.01402	0.00887	0.00786	0.09013	0.04852	0.45640	0.08139	0.01958	0.01490	0.00668	0.00500	0.00156	0.00440	0.05412	0.00518	0.00737
4	0.09281	0.00795	0.01026	0.09349	0.04507	0.00826	0.00813	0.11342	0.01277	0.15667	0.04427	0.11831	0.01863	0.00921	0.00550	0.00181	0.00451	0.23855	0.00442	0.00595
5	0.13295	0.06408	0.13332	0.01248	0.10486	0.06718	0.01015	0.28906	0.01506	0.02133	0.01372	0.01435	0.08912	0.00587	0.00456	0.00147	0.00544	0.00448	0.00356	0.00695
6	0.05457	0.22091	0.19930	0.01100	0.04933	0.02343	0.01049	0.14387	0.02695	0.01757	0.00888	0.01005	0.00701	0.00465	0.00427	0.00125	0.02061	0.00339	0.00286	0.17961
7	0.08761	0.67382	0.02299	0.00854	0.01262	0.01827	0.00824	0.09437	0.01121	0.01449	0.00735	0.00830	0.00643	0.00441	0.00333	0.00114	0.00514	0.00282	0.00248	0.00643
8	0.10970	0.00930	0.01026	0.00759	0.01173	0.00794	0.00611	0.07974	0.02720	0.01811	0.00902	0.01024	0.00731	0.00401	0.00371	0.00090	0.00382	0.00307	0.00314	0.66709
9	0.00982	0.00574	0.00701	0.00627	0.00821	0.00501	0.00485	0.01163	0.01288	0.18884	0.33102	0.03647	0.33303	0.01012	0.00561	0.00158	0.00280	0.00860	0.00522	0.00526
10	0.01292	0.00874	0.01376	0.46176	0.04732	0.00970	0.03440	0.03449	0.03138	0.22239	0.01317	0.06661	0.01004	0.00593	0.00504	0.00162	0.00562	0.00522	0.00353	0.00637
11	0.01224	0.21181	0.42738	0.01275	0.03502	0.01307	0.05708	0.01615	0.01066	0.10538	0.00953	0.01074	0.00705	0.00488	0.00498	0.00147	0.04648	0.00372	0.00258	0.00705
12	0.00854	0.00427	0.00640	0.00640	0.00640	0.00427	0.00427	0.00640	0.00640	0.00854	0.00854	0.01494	0.00854	0.01707	0.01921	0.85702	0.00427	0.00427	0.00213	0.00213
13	0.00589	0.00501	0.00510	0.00514	0.00678	0.00421	0.00390	0.00718	0.01121	0.01333	0.04882	0.04762	0.76361	0.01249	0.00585	0.00168	0.00257	0.04087	0.00456	0.00416
14	0.00782	0.00970	0.16876	0.01013	0.06166	0.00685	0.00834	0.01115	0.09074	0.01422	0.02149	0.52255	0.02375	0.01160	0.00572	0.00184	0.00405	0.01038	0.00397	0.00529
15	0.13185	0.09792	0.10476	0.08017	0.01560	0.01319	0.00952	0.16803	0.29084	0.02059	0.01291	0.01315	0.00969	0.00558	0.00447	0.00153	0.00494	0.00430	0.00382	0.00713
16	0.01301	0.13350	0.40975	0.01322	0.01848	0.25701	0.05814	0.01670	0.01148	0.01394	0.00824	0.00974	0.00634	0.00470	0.00446	0.00140	0.00754	0.00348	0.00224	0.00662
17	0.59940	0.00806	0.00701	0.00684	0.00913	0.00906	0.00548	0.01250	0.00890	0.01938	0.01293	0.16947	0.01318	0.00768	0.00409	0.00170	0.00370	0.09301	0.00350	0.00498
18	0.21961	0.08266	0.01591	0.01894	0.40519	0.05258	0.01076	0.01481	0.01042	0.01691	0.00830	0.01037	0.00692	0.00436	0.00411	0.00134	0.00519	0.00357	0.00261	0.10541
19	0.01964	0.18927	0.01455	0.00873	0.01257	0.01014	0.00751	0.02202	0.04829	0.59120	0.01665	0.01485	0.01100	0.00570	0.00455	0.00142	0.00440	0.00446	0.00516	0.00788

[dist]
# distance from previous block
# <min> <max>
0	1

[block]
# block no. 1 follows, 51 sequences, length 25
# corresponding to MSA columns:
# 122-146
name=unknown_B
#
# <colnr> <probs for GDERKNQSTAVLIFYWHMCP>
#	G	D	E	R	K	N	Q	S	T	A	V	L	I	F	Y	W	H	M	C	P
0	0.26596	0.01080	0.01026	0.00912	0.01201	0.03948	0.00725	0.08726	0.43672	0.02141	0.01514	0.01559	0.01168	0.00615	0.00445	0.00161	0.00419	0.02968	0.00431	0.00692
1	0.01263	0.01166	0.04541	0.04162	0.28185	0.02136	0.27582	0.01576	0.01127	0.11581	0.01107	0.01373	0.00855	0.00785	0.08495	0.00219	0.02360	0.00499	0.00292	0.00697
2	0.00611	0.00499	0.00539	0.00529	0.00682	0.00428	0.00397	0.00763	0.01191	0.01495	0.24369	0.04454	0.59969	0.01182	0.00580	0.00163	0.00244	0.00998	0.00478	0.00428
3	0.01101	0.00927	0.01064	0.03091	0.06382	0.01033	0.00765	0.02100	0.53303	0.03127	0.09782	0.07398	0.06262	0.00770	0.00520	0.00166	0.00379	0.00659	0.00476	0.00696
4	0.26275	0.11538	0.01543	0.28413	0.15527	0.03026	0.04377	0.01413	0.00982	0.01597	0.00805	0.01067	0.00640	0.00460	0.00415	0.00149	0.00558	0.00368	0.00249	0.00599
5	0.00780	0.00815	0.08544	0.00705	0.00943	0.00655	0.00612	0.03614	0.13101	0.01629	0.16680	0.03625	0.44411	0.01017	0.00554	0.00162	0.00324	0.00852	0.00454	0.00523
6	0.03930	0.01214	0.01477	0.09311	0.14887	0.01331	0.01027	0.46203	0.06044	0.05020	0.01176	0.01262	0.00863	0.00555	0.00481	0.00149	0.00532	0.00445	0.03320	0.00773
7	0.01156	0.00925	0.01103	0.11158	0.01428	0.00886	0.00718	0.19300	0.01268	0.01801	0.01060	0.01467	0.00924	0.14401	0.00773	0.00171	0.00462	0.00417	0.00330	0.40253
8	0.11723	0.00574	0.00638	0.00607	0.00773	0.00541	0.00460	0.01000	0.01187	0.07219	0.31626	0.11311	0.28485	0.01039	0.00543	0.00162	0.00275	0.00880	0.00479	0.00476
9	0.82567	0.00945	0.00740	0.00656	0.00964	0.01086	0.00540	0.01486	0.00861	0.05570	0.00739	0.00836	0.00562	0.00463	0.00312	0.00152	0.00382	0.00276	0.00317	0.00545
10	0.75383	0.01005	0.00819	0.00708	0.01024	0.01157	0.00584	0.11268	0.01025	0.02319	0.00748	0.00847	0.00571	0.00473	0.00328	0.00151	0.00401	0.00289	0.00328	0.00571
11	0.61082	0.01077	0.00946	0.00791	0.01121	0.01228	0.00652	0.24254	0.01275	0.02471	0.00832	0.00912	0.00623	0.00496	0.00360	0.00151	0.00428	0.00319	0.00360	0.00623
12	0.20372	0.00635	0.00590	0.00548	0.00726	0.00680	0.00428	0.06634	0.01077	0.02006	0.01364	0.01551	0.01064	0.00547	0.00345	0.00125	0.00285	0.00413	0.60108	0.00502
13	0.00662	0.00477	0.00540	0.00540	0.00657	0.00418	0.00389	0.00686	0.00977	0.01186	0.03750	0.03766	0.56050	0.01382	0.00980	0.25643	0.00302	0.00855	0.00384	0.00355
14	0.01890	0.01954	0.01377	0.01188	0.01486	0.54498	0.00917	0.17370	0.01580	0.11694	0.00996	0.01046	0.00749	0.00536	0.00459	0.00134	0.00756	0.00365	0.00347	0.00658
15	0.01190	0.01178	0.11317	0.10744	0.01568	0.03465	0.01883	0.22201	0.03862	0.03708	0.04029	0.19409	0.01479	0.02909	0.00683	0.00178	0.08531	0.00667	0.00377	0.00622
16	0.01916	0.00812	0.01060	0.00843	0.01165	0.00740	0.00673	0.02201	0.08982	0.62142	0.01895	0.01887	0.01318	0.11148	0.00752	0.00195	0.00423	0.00529	0.00558	0.00761
17	0.01392	0.01226	0.01381	0.01138	0.01427	0.11376	0.08854	0.29343	0.12419	0.02033	0.01258	0.01447	0.00997	0.01388	0.21678	0.00319	0.00798	0.00479	0.00377	0.00671
18	0.00942	0.00869	0.02651	0.40229	0.05846	0.00989	0.02195	0.01361	0.11002	0.01477	0.07001	0.01893	0.08898	0.00651	0.00574	0.00163	0.06024	0.00545	0.06125	0.00566
19	0.00702	0.00527	0.00790	0.00790	0.00878	0.00614	0.00614	0.00878	0.00790	0.01141	0.01316	0.01931	0.01229	0.03686	0.80782	0.00790	0.01316	0.00527	0.00263	0.00439
20	0.02923	0.37944	0.05125	0.05736	0.03582	0.01535	0.03549	0.01795	0.25030	0.01508	0.01184	0.01250	0.01985	0.00536	0.00467	0.00140	0.04332	0.00402	0.00308	0.00671
21	0.01222	0.01056	0.01111	0.01000	0.01278	0.01222	0.00778	0.02611	0.78776	0.02056	0.02000	0.01833	0.01500	0.00667	0.00500	0.00167	0.00389	0.00556	0.00500	0.00778
22	0.01216	0.59053	0.25691	0.01008	0.01519	0.01705	0.01131	0.01497	0.01010	0.01275	0.00742	0.00863	0.00628	0.00434	0.00360	0.00120	0.00585	0.00293	0.00209	0.00659
23	0.02006	0.01000	0.01207	0.00936	0.01303	0.02425	0.00769	0.24079	0.01656	0.51646	0.03797	0.01673	0.03897	0.00633	0.00498	0.00151	0.00452	0.00505	0.00561	0.00807
24	0.77381	0.03802	0.00825	0.00676	0.00990	0.01127	0.00562	0.03561	0.00906	0.05520	0.00751	0.00846	0.00573	0.00465	0.00318	0.00150	0.00391	0.00281	0.00319	0.00557

[dist]
# distance from previous block
# <min> <max>
0	1

[block]
# block no. 2 follows, 51 sequences, length 9
# corresponding to MSA columns:
# 148-156
name=unknown_C
#
# <colnr> <probs for GDERKNQSTAVLIFYWHMCP>
#	G	D	E	R	K	N	Q	S	T	A	V	L	I	F	Y	W	H	M	C	P
0	0.01514	0.01376	0.08973	0.04977	0.01743	0.01302	0.10773	0.44642	0.03958	0.02434	0.01094	0.01187	0.00799	0.00522	0.00483	0.00141	0.00571	0.00434	0.00393	0.12683
1	0.00699	0.00475	0.00564	0.00579	0.00591	0.00480	0.00348	0.00726	0.00750	0.01009	0.01674	0.13171	0.01920	0.64977	0.09613	0.00471	0.00531	0.00784	0.00315	0.00324
2	0.00715	0.00476	0.00536	0.00536	0.00536	0.00476	0.00298	0.00715	0.00715	0.00953	0.01548	0.03216	0.01787	0.82729	0.02501	0.00476	0.00476	0.00715	0.00298	0.00298
3	0.00696	0.00502	0.00657	0.00618	0.00734	0.00464	0.00464	0.00927	0.01391	0.01971	0.79405	0.03671	0.04637	0.01005	0.00580	0.00155	0.00232	0.00889	0.00541	0.00464
4	0.01216	0.01168	0.01995	0.03016	0.79664	0.01168	0.01508	0.01508	0.01119	0.01605	0.00924	0.01216	0.00778	0.00438	0.00487	0.00146	0.00584	0.00438	0.00243	0.00778
5	0.01244	0.01069	0.01176	0.04090	0.04296	0.01231	0.00835	0.06334	0.69103	0.02062	0.01876	0.01758	0.01408	0.00648	0.00499	0.00165	0.00414	0.00541	0.00480	0.00772
6	0.01887	0.02015	0.01372	0.01197	0.01486	0.59428	0.00918	0.12717	0.01524	0.11495	0.00969	0.01028	0.00736	0.00531	0.00456	0.00133	0.00778	0.00357	0.00332	0.00641
7	0.13255	0.00849	0.01211	0.49012	0.02408	0.01010	0.01049	0.07637	0.01052	0.01528	0.01104	0.11552	0.00992	0.00685	0.00549	0.04205	0.00548	0.00534	0.00284	0.00534
8	0.21556	0.05035	0.01353	0.16744	0.04263	0.03347	0.00931	0.34624	0.01552	0.04689	0.00984	0.01105	0.00724	0.00525	0.00438	0.00149	0.00531	0.00389	0.00370	0.00689

[dist]
# distance from previous block
# <min> <max>
1	3

[block]
# block no. 3 follows, 51 sequences, length 32
# corresponding to MSA columns:
# 160-191
name=unknown_D
#
# <colnr> <probs for GDERKNQSTAVLIFYWHMCP>
#	G	D	E	R	K	N	Q	S	T	A	V	L	I	F	Y	W	H	M	C	P
0	0.01141	0.01046	0.07853	0.00825	0.01275	0.00764	0.00722	0.05336	0.03657	0.06641	0.00994	0.01097	0.00781	0.00410	0.00392	0.00092	0.00408	0.00327	0.00321	0.65919
1	0.06560	0.01283	0.06477	0.01048	0.01456	0.01256	0.00908	0.48237	0.01891	0.21824	0.01312	0.01266	0.00896	0.00573	0.00477	0.00148	0.00509	0.00436	0.00486	0.02955
2	0.00792	0.00566	0.00792	0.00905	0.01018	0.00566	0.00792	0.01018	0.01131	0.01471	0.02602	0.05543	0.02828	0.01358	0.00679	0.00226	0.00453	0.76356	0.00453	0.00453
3	0.00715	0.00476	0.00536	0.00536	0.00536	0.00476	0.00298	0.00715	0.00715	0.00953	0.01548	0.03216	0.01787	0.82729	0.02501	0.00476	0.00476	0.00715	0.00298	0.00298
4	0.00978	0.02228	0.64681	0.01462	0.06350	0.01092	0.06489	0.01488	0.01056	0.01542	0.01214	0.01356	0.06847	0.00523	0.00484	0.00157	0.00687	0.00434	0.00232	0.00701
5	0.66911	0.00924	0.00818	0.00699	0.01020	0.01015	0.00576	0.01663	0.00967	0.20071	0.00972	0.00999	0.00689	0.00491	0.00348	0.00152	0.00389	0.00318	0.00374	0.00602
6	0.00986	0.02542	0.80183	0.01401	0.02127	0.01141	0.01816	0.01556	0.01038	0.01556	0.00882	0.01038	0.00623	0.00467	0.00467	0.00156	0.00726	0.00363	0.00208	0.00726
7	0.08777	0.00872	0.01119	0.00870	0.01241	0.00797	0.00717	0.05145	0.03708	0.68682	0.01814	0.01590	0.01157	0.00597	0.00479	0.00152	0.00419	0.00476	0.00577	0.00811
8	0.00890	0.00636	0.05686	0.00743	0.00888	0.00502	0.00578	0.01027	0.01042	0.14434	0.02688	0.56139	0.10246	0.01287	0.00590	0.00186	0.00332	0.01146	0.00466	0.00494
9	0.84007	0.00961	0.00742	0.00659	0.00965	0.01113	0.00543	0.03436	0.00875	0.02228	0.00697	0.00808	0.00540	0.00460	0.00309	0.00152	0.00384	0.00271	0.00309	0.00540
10	0.00599	0.00428	0.00570	0.00684	0.00713	0.00399	0.00456	0.00684	0.00941	0.01254	0.02709	0.82409	0.03250	0.01540	0.00627	0.00200	0.00285	0.01397	0.00456	0.00399
11	0.18309	0.06369	0.13365	0.11761	0.12858	0.18884	0.01123	0.08965	0.01201	0.01701	0.00837	0.01016	0.00654	0.00482	0.00429	0.00144	0.00634	0.00355	0.00271	0.00642
12	0.02127	0.00856	0.01167	0.00949	0.03826	0.00756	0.00749	0.04805	0.01417	0.73233	0.01897	0.03364	0.01233	0.00622	0.00497	0.00153	0.00425	0.00510	0.00589	0.00825
13	0.00792	0.00566	0.00792	0.00905	0.01018	0.00566	0.00792	0.01018	0.01131	0.01471	0.02602	0.05543	0.02828	0.01358	0.00679	0.00226	0.00453	0.76356	0.00453	0.00453
14	0.00764	0.00595	0.00845	0.00813	0.00870	0.00715	0.00620	0.00886	0.00766	0.01104	0.01244	0.02019	0.01230	0.17293	0.52566	0.03436	0.13010	0.00543	0.00261	0.00421
15	0.01290	0.14594	0.47322	0.03884	0.01854	0.02570	0.01414	0.06176	0.01168	0.13745	0.01030	0.01112	0.00730	0.00490	0.00450	0.00147	0.00637	0.00374	0.00288	0.00726
16	0.01222	0.01056	0.01111	0.01000	0.01278	0.01222	0.00778	0.02611	0.78776	0.02056	0.02000	0.01833	0.01500	0.00667	0.00500	0.00167	0.00389	0.00556	0.00500	0.00778
17	0.20555	0.01461	0.01451	0.13963	0.19503	0.26494	0.03958	0.04364	0.01166	0.01611	0.00822	0.01034	0.00658	0.00477	0.00436	0.00145	0.00653	0.00366	0.00265	0.00618
18	0.01502	0.01179	0.01257	0.01049	0.01376	0.01332	0.00839	0.32736	0.46521	0.04190	0.01671	0.01569	0.01228	0.00635	0.00497	0.00159	0.00450	0.00509	0.00499	0.00802
19	0.00592	0.00493	0.00518	0.00523	0.00674	0.00418	0.00388	0.00723	0.01130	0.01379	0.11416	0.10752	0.66811	0.01246	0.00584	0.00168	0.00250	0.01052	0.00464	0.00418
20	0.01039	0.00866	0.01400	0.64962	0.02916	0.01064	0.01241	0.01334	0.01001	0.07479	0.00976	0.01346	0.00728	0.00533	0.00571	0.00164	0.06921	0.00442	0.04453	0.00564
21	0.00678	0.00502	0.00633	0.00600	0.00724	0.00456	0.00450	0.00894	0.01350	0.01874	0.68259	0.03829	0.15843	0.01041	0.00580	0.00156	0.00234	0.00911	0.00528	0.00456
22	0.01019	0.00873	0.01019	0.00728	0.01165	0.00655	0.00582	0.01237	0.01019	0.01601	0.00873	0.01019	0.00728	0.00364	0.00364	0.00073	0.00364	0.00291	0.00291	0.85734
23	0.01077	0.05678	0.06702	0.21261	0.37369	0.02678	0.04905	0.01368	0.01064	0.01446	0.01111	0.09340	0.01017	0.00582	0.00499	0.00156	0.00592	0.02237	0.00259	0.00657
24	0.00986	0.00799	0.00951	0.00710	0.01082	0.00619	0.00563	0.01206	0.01103	0.03727	0.16410	0.01560	0.01513	0.00497	0.00410	0.00091	0.00339	0.00414	0.00349	0.66671
25	0.00750	0.00577	0.00779	0.00759	0.00798	0.00670	0.00551	0.00845	0.00771	0.01089	0.01429	0.09377	0.01526	0.31465	0.34544	0.00545	0.12184	0.00657	0.00286	0.00398
26	0.01159	0.01106	0.01842	0.02636	0.64153	0.01164	0.01386	0.01420	0.01050	0.01519	0.00922	0.01256	0.00798	0.00744	0.06943	0.00205	0.10289	0.00444	0.00241	0.00723
27	0.00897	0.00545	0.00713	0.00652	0.00786	0.00509	0.00486	0.01090	0.01267	0.12073	0.54149	0.03238	0.03601	0.11736	0.05883	0.00236	0.00357	0.00791	0.00501	0.00490
28	0.86201	0.00950	0.00722	0.00646	0.00950	0.01102	0.00532	0.01445	0.00836	0.02205	0.00684	0.00798	0.00532	0.00456	0.00304	0.00152	0.00380	0.00266	0.00304	0.00532
29	0.01460	0.01096	0.07180	0.00928	0.01323	0.00941	0.00801	0.18772	0.06668	0.19230	0.01352	0.05781	0.01043	0.00571	0.00475	0.00129	0.01861	0.00457	0.00422	0.29511
30	0.00651	0.00478	0.00612	0.00706	0.00753	0.00466	0.00478	0.00837	0.07065	0.01310	0.02625	0.74178	0.03078	0.03404	0.00662	0.00204	0.00298	0.01315	0.00456	0.00427
31	0.01123	0.00915	0.01081	0.04190	0.01292	0.00750	0.00650	0.07823	0.01139	0.04057	0.00931	0.01065	0.00749	0.00396	0.00384	0.00085	0.00393	0.00316	0.00315	0.72346

[dist]
# distance from previous block
# <min> <max>
1	10

[block]
# block no. 4 follows, 51 sequences, length 12
# corresponding to MSA columns:
# 202-213
name=unknown_E
#
# <colnr> <probs for GDERKNQSTAVLIFYWHMCP>
#	G	D	E	R	K	N	Q	S	T	A	V	L	I	F	Y	W	H	M	C	P
0	0.63232	0.00967	0.00916	0.13879	0.01401	0.01122	0.00705	0.07384	0.00992	0.04458	0.00791	0.00938	0.00596	0.00477	0.00355	0.00154	0.00439	0.00314	0.00314	0.00567
1	0.73189	0.01165	0.00826	0.00742	0.01038	0.13387	0.00597	0.01524	0.00922	0.02050	0.00696	0.00812	0.00548	0.00464	0.00326	0.00148	0.00458	0.00274	0.00296	0.00538
2	0.01906	0.01316	0.01437	0.01102	0.01494	0.01434	0.00910	0.69490	0.02209	0.11777	0.01266	0.01235	0.00879	0.00592	0.00492	0.00148	0.00527	0.00448	0.00505	0.00836
3	0.00710	0.00496	0.00638	0.00638	0.00673	0.00532	0.00424	0.00780	0.00745	0.01028	0.01456	0.02701	0.01563	0.51093	0.33832	0.00602	0.00813	0.00639	0.00284	0.00354
4	0.00587	0.00498	0.00506	0.00504	0.00667	0.00417	0.00378	0.00716	0.01134	0.01360	0.08682	0.04677	0.75740	0.01233	0.00581	0.00165	0.00248	0.01030	0.00461	0.00417
5	0.00618	0.00499	0.00550	0.00537	0.00687	0.00431	0.00403	0.00778	0.01208	0.01537	0.29224	0.04385	0.55088	0.01166	0.00580	0.00162	0.00243	0.00989	0.00484	0.00431
6	0.00782	0.00559	0.00781	0.00894	0.01003	0.00557	0.00775	0.01002	0.01122	0.01460	0.02607	0.09369	0.02849	0.01367	0.00676	0.00225	0.00444	0.72625	0.00453	0.00450
7	0.01036	0.14955	0.68214	0.01314	0.01993	0.01265	0.01665	0.01543	0.01032	0.01495	0.00851	0.00999	0.00624	0.00460	0.00444	0.00148	0.00695	0.00348	0.00208	0.00712
8	0.00767	0.00582	0.00754	0.00721	0.00745	0.00673	0.00504	0.00831	0.00741	0.01039	0.01346	0.02537	0.01459	0.48644	0.23616	0.00521	0.13251	0.00620	0.00276	0.00373
9	0.00610	0.00495	0.00573	0.00639	0.03056	0.00434	0.00438	0.00731	0.01072	0.01337	0.06984	0.29889	0.49389	0.01307	0.00593	0.00176	0.00270	0.01131	0.00453	0.00423
10	0.01154	0.10797	0.46764	0.10402	0.02107	0.13505	0.05612	0.01577	0.01089	0.01426	0.00847	0.01034	0.00635	0.00468	0.00456	0.00147	0.00727	0.00365	0.00218	0.00668
11	0.00699	0.00473	0.00555	0.00580	0.00590	0.00468	0.00350	0.00725	0.00774	0.01031	0.01800	0.16918	0.02090	0.64720	0.02088	0.00416	0.00442	0.04626	0.00333	0.00323

[dist]
# distance from previous block
# <min> <max>
6	20

[block]
# block no. 5 follows, 51 sequences, length 14
# corresponding to MSA columns:
# 235-248
name=unknown_F
#
# <colnr> <probs for GDERKNQSTAVLIFYWHMCP>
#	G	D	E	R	K	N	Q	S	T	A	V	L	I	F	Y	W	H	M	C	P
0	0.01884	0.01131	0.01334	0.05920	0.01524	0.01172	0.00868	0.42927	0.01847	0.29771	0.01410	0.01352	0.00952	0.00579	0.00486	0.00146	0.00496	0.00452	0.00505	0.05244
1	0.01058	0.07388	0.31164	0.00972	0.01375	0.00864	0.01042	0.01401	0.01207	0.12660	0.28953	0.06161	0.02263	0.00728	0.00508	0.00153	0.00471	0.00613	0.00395	0.00625
2	0.00610	0.00432	0.00567	0.00670	0.00696	0.00406	0.00441	0.00687	0.00920	0.01226	0.02600	0.75032	0.03114	0.09102	0.00802	0.00225	0.00303	0.01333	0.00441	0.00390
3	0.86201	0.00950	0.00722	0.00646	0.00950	0.01102	0.00532	0.01445	0.00836	0.02205	0.00684	0.00798	0.00532	0.00456	0.00304	0.00152	0.00380	0.00266	0.00304	0.00532
4	0.00971	0.00917	0.01551	0.69878	0.14720	0.01103	0.01386	0.01293	0.01003	0.01308	0.00881	0.01296	0.00673	0.00483	0.00491	0.00161	0.00645	0.00437	0.00222	0.00580
5	0.01206	0.01132	0.02043	0.07361	0.50261	0.01122	0.17673	0.01517	0.01133	0.05138	0.01085	0.01530	0.00909	0.00500	0.00519	0.00156	0.00625	0.05096	0.00272	0.00722
6	0.00622	0.00444	0.00596	0.00710	0.00749	0.00419	0.00496	0.00724	0.00963	0.01280	0.02696	0.73302	0.03200	0.01518	0.00633	0.00203	0.00305	0.10278	0.00456	0.00405
7	0.13585	0.00870	0.01095	0.00852	0.01222	0.00801	0.00704	0.04793	0.01359	0.66883	0.01743	0.01538	0.01111	0.00587	0.00468	0.00152	0.00417	0.00462	0.00563	0.00795
8	0.00965	0.04408	0.56089	0.06120	0.06744	0.01077	0.04314	0.01428	0.01031	0.01494	0.01104	0.10950	0.00958	0.00594	0.00489	0.00160	0.00658	0.00502	0.00242	0.00674
9	0.00792	0.00566	0.00792	0.00905	0.01018	0.00566	0.00792	0.01018	0.01131	0.01471	0.02602	0.05543	0.02828	0.01358	0.00679	0.00226	0.00453	0.76356	0.00453	0.00453
10	0.01075	0.01075	0.01505	0.01290	0.01290	0.01505	0.01075	0.01183	0.00753	0.01183	0.00645	0.01075	0.00645	0.00860	0.01613	0.00215	0.81830	0.00430	0.00215	0.00538
11	0.01202	0.01064	0.01798	0.02582	0.63352	0.01051	0.03442	0.01467	0.01117	0.06394	0.01200	0.10867	0.01097	0.00578	0.00506	0.00153	0.00545	0.00559	0.00291	0.00734
12	0.02119	0.00892	0.01165	0.00902	0.01277	0.00816	0.00742	0.08402	0.06175	0.69178	0.01882	0.01643	0.01204	0.00610	0.00494	0.00153	0.00426	0.00494	0.00592	0.00833
13	0.48085	0.01070	0.05663	0.00816	0.01164	0.01079	0.00707	0.07766	0.10447	0.17223	0.01135	0.01136	0.00810	0.00522	0.00389	0.00154	0.00422	0.00365	0.00395	0.00656

[dist]
# distance from previous block
# <min> <max>
0	5

[block]
# block no. 6 follows, 51 sequences, length 43
# corresponding to MSA columns:
# 257-299
name=unknown_G
#
# <colnr> <probs for GDERKNQSTAVLIFYWHMCP>
#	G	D	E	R	K	N	Q	S	T	A	V	L	I	F	Y	W	H	M	C	P
0	0.01310	0.07315	0.01894	0.02402	0.55940	0.01154	0.04468	0.03776	0.01176	0.09795	0.01234	0.01418	0.04918	0.00500	0.00483	0.00145	0.00554	0.00468	0.00297	0.00751
1	0.01712	0.01309	0.01494	0.06048	0.05097	0.01476	0.00994	0.62968	0.03295	0.02758	0.01123	0.01192	0.00819	0.00599	0.00576	0.00154	0.06708	0.00443	0.00443	0.00792
2	0.04291	0.23484	0.21910	0.01075	0.02844	0.02399	0.02230	0.10541	0.03237	0.16722	0.02628	0.01177	0.00870	0.00506	0.00429	0.00137	0.00548	0.00383	0.00341	0.04248
3	0.16549	0.01165	0.01680	0.07619	0.53179	0.05235	0.01276	0.01490	0.01058	0.01652	0.00858	0.01124	0.00713	0.00466	0.00498	0.00150	0.03938	0.00400	0.00252	0.00698
4	0.68755	0.00932	0.00854	0.00909	0.09176	0.01053	0.00649	0.01412	0.00893	0.02077	0.00877	0.01227	0.00750	0.00525	0.00353	0.00156	0.00403	0.06056	0.02393	0.00550
5	0.00713	0.00484	0.00576	0.00576	0.00589	0.00498	0.00347	0.00740	0.00726	0.00982	0.01512	0.03016	0.01700	0.70416	0.14696	0.00525	0.00607	0.00685	0.00292	0.00320
6	0.86201	0.00950	0.00722	0.00646	0.00950	0.01102	0.00532	0.01445	0.00836	0.02205	0.00684	0.00798	0.00532	0.00456	0.00304	0.00152	0.00380	0.00266	0.00304	0.00532
7	0.00715	0.00476	0.00536	0.00536	0.00536	0.00476	0.00298	0.00715	0.00715	0.00953	0.01548	0.03216	0.01787	0.82729	0.02501	0.00476	0.00476	0.00715	0.00298	0.00298
8	0.01187	0.26721	0.13311	0.03197	0.01396	0.01350	0.00973	0.01569	0.11528	0.06591	0.01057	0.01267	0.00878	0.04155	0.05531	0.00199	0.13727	0.00401	0.00287	0.04677
9	0.00717	0.00504	0.00649	0.00626	0.00742	0.00470	0.00478	0.00946	0.01338	0.01908	0.66038	0.03698	0.05793	0.01004	0.00569	0.00157	0.00249	0.06682	0.06968	0.00461
10	0.01362	0.66160	0.06605	0.00954	0.01371	0.12384	0.02589	0.01544	0.01057	0.01193	0.00711	0.00827	0.00633	0.00434	0.00346	0.00112	0.00591	0.00282	0.00217	0.00628
11	0.01836	0.02342	0.01393	0.01266	0.01519	0.80756	0.00950	0.01962	0.01393	0.01203	0.00760	0.00886	0.00633	0.00506	0.00443	0.00127	0.00886	0.00317	0.00253	0.00570
12	0.01222	0.01056	0.01111	0.01000	0.01278	0.01222	0.00778	0.02611	0.78776	0.02056	0.02000	0.01833	0.01500	0.00667	0.00500	0.00167	0.00389	0.00556	0.00500	0.00778
13	0.00605	0.00496	0.00501	0.00499	0.00661	0.00419	0.00375	0.00739	0.01124	0.01379	0.07230	0.04521	0.72306	0.01196	0.00567	0.00162	0.00247	0.00998	0.05557	0.00419
14	0.86201	0.00950	0.00722	0.00646	0.00950	0.01102	0.00532	0.01445	0.00836	0.02205	0.00684	0.00798	0.00532	0.00456	0.00304	0.00152	0.00380	0.00266	0.00304	0.00532
15	0.08242	0.06217	0.01469	0.01065	0.01453	0.01482	0.00889	0.64258	0.02080	0.06341	0.01146	0.01149	0.00817	0.00570	0.00467	0.00145	0.00522	0.00421	0.00466	0.00800
16	0.01271	0.01080	0.01139	0.01010	0.01297	0.01245	0.00790	0.08327	0.72980	0.02135	0.01938	0.01784	0.01450	0.00661	0.00499	0.00165	0.00400	0.00547	0.00499	0.00782
17	0.01044	0.00896	0.01052	0.00762	0.01180	0.00714	0.00612	0.03326	0.01043	0.01625	0.00872	0.01026	0.00727	0.00391	0.00419	0.00081	0.03748	0.00301	0.00293	0.79887
18	0.01160	0.01326	0.02900	0.02071	0.02568	0.01243	0.77879	0.01574	0.01160	0.01574	0.00994	0.01326	0.00746	0.00414	0.00580	0.00166	0.00829	0.00580	0.00249	0.00663
19	0.00742	0.00632	0.00703	0.00655	0.03110	0.00523	0.00485	0.02236	0.01115	0.01442	0.03654	0.03638	0.52837	0.00987	0.00524	0.00143	0.00301	0.03460	0.00408	0.22404
20	0.01836	0.02342	0.01393	0.01266	0.01519	0.80756	0.00950	0.01962	0.01393	0.01203	0.00760	0.00886	0.00633	0.00506	0.00443	0.00127	0.00886	0.00317	0.00253	0.00570
21	0.06293	0.01100	0.04633	0.01021	0.03593	0.01136	0.00807	0.03833	0.55844	0.01987	0.01664	0.01590	0.01259	0.00594	0.00467	0.00151	0.00409	0.00487	0.00438	0.12694
22	0.00854	0.00427	0.00640	0.00640	0.00640	0.00427	0.00427	0.00640	0.00640	0.00854	0.00854	0.01494	0.00854	0.01707	0.01921	0.85702	0.00427	0.00427	0.00213	0.00213
23	0.01303	0.01147	0.07120	0.01022	0.01331	0.01153	0.00879	0.23869	0.33941	0.02210	0.01755	0.02187	0.01445	0.00736	0.00515	0.00167	0.00459	0.12807	0.05231	0.00720
24	0.01773	0.12260	0.01558	0.01082	0.02553	0.07449	0.00890	0.47449	0.03981	0.11442	0.01177	0.01175	0.00850	0.00555	0.00460	0.00139	0.00541	0.00412	0.00439	0.03815
25	0.02840	0.72821	0.08385	0.00894	0.01330	0.04429	0.00913	0.01493	0.01011	0.01207	0.00701	0.00811	0.00628	0.00427	0.00331	0.00110	0.00550	0.00272	0.00213	0.00634
26	0.00854	0.00427	0.00640	0.00640	0.00640	0.00427	0.00427	0.00640	0.00640	0.00854	0.00854	0.01494	0.00854	0.01707	0.01921	0.85702	0.00427	0.00427	0.00213	0.00213
27	0.00626	0.00500	0.00560	0.00545	0.00691	0.00434	0.00409	0.00792	0.01226	0.01579	0.34043	0.04316	0.50243	0.01151	0.00580	0.00161	0.00242	0.00979	0.00489	0.00434
28	0.01080	0.05294	0.43003	0.07598	0.03279	0.01217	0.19663	0.03678	0.06118	0.01590	0.00977	0.01175	0.00720	0.00477	0.00512	0.00158	0.02086	0.00433	0.00245	0.00697
29	0.00715	0.00476	0.00536	0.00536	0.00536	0.00476	0.00298	0.00715	0.00715	0.00953	0.01548	0.03216	0.01787	0.82729	0.02501	0.00476	0.00476	0.00715	0.00298	0.00298
30	0.00703	0.00509	0.00705	0.00708	0.00767	0.00566	0.00512	0.00822	0.00770	0.01085	0.01423	0.04300	0.01452	0.28219	0.54472	0.00678	0.01030	0.00606	0.00279	0.00394
31	0.22281	0.00949	0.01138	0.19127	0.01675	0.01032	0.00843	0.16565	0.01320	0.22206	0.02449	0.06153	0.01021	0.00603	0.00456	0.00157	0.00476	0.00475	0.00413	0.00664
32	0.01028	0.07489	0.61814	0.01556	0.12520	0.01173	0.01664	0.01522	0.01058	0.01551	0.03605	0.01137	0.00784	0.00479	0.00464	0.00151	0.00677	0.00385	0.00224	0.00718
33	0.01068	0.01116	0.04321	0.09819	0.07052	0.01421	0.02482	0.01233	0.00819	0.01240	0.00703	0.01113	0.00656	0.00771	0.01359	0.00202	0.63412	0.00432	0.00218	0.00564
34	0.00928	0.00873	0.01474	0.81548	0.03385	0.01092	0.01365	0.01256	0.00983	0.01256	0.00873	0.01310	0.00655	0.00491	0.00491	0.00164	0.00655	0.00437	0.00218	0.00546
35	0.00597	0.00434	0.00563	0.00666	0.00708	0.00401	0.00448	0.00686	0.00958	0.01261	0.02926	0.74978	0.10541	0.01511	0.00623	0.00196	0.00282	0.01363	0.00456	0.00401
36	0.69051	0.00934	0.00867	0.15241	0.01396	0.01093	0.00686	0.01431	0.00875	0.03674	0.00745	0.00909	0.00569	0.00466	0.00342	0.00154	0.00431	0.00302	0.00295	0.00541
37	0.00785	0.00637	0.00905	0.00858	0.00913	0.00785	0.00664	0.00918	0.00770	0.01120	0.01208	0.01947	0.01190	0.15461	0.51413	0.00617	0.18577	0.00535	0.00258	0.00438
38	0.01160	0.01326	0.02900	0.02071	0.02568	0.01243	0.77879	0.01574	0.01160	0.01574	0.00994	0.01326	0.00746	0.00414	0.00580	0.00166	0.00829	0.00580	0.00249	0.00663
39	0.00602	0.00430	0.00573	0.00682	0.00714	0.00401	0.00456	0.00693	0.00957	0.01280	0.05400	0.79646	0.03299	0.01521	0.00626	0.00198	0.00283	0.01379	0.00459	0.00401
40	0.01171	0.08429	0.14379	0.09757	0.39435	0.02970	0.06596	0.01601	0.08005	0.01555	0.00989	0.01215	0.00788	0.00466	0.00476	0.00148	0.00614	0.00428	0.00256	0.00723
41	0.00606	0.00433	0.00578	0.00692	0.00724	0.00405	0.00468	0.00696	0.00948	0.01262	0.02705	0.79675	0.03235	0.01533	0.00629	0.00201	0.00291	0.04063	0.00456	0.00401
42	0.01810	0.00744	0.00996	0.00808	0.01117	0.00646	0.00649	0.01983	0.01323	0.60579	0.05006	0.11943	0.08568	0.00793	0.00521	0.00159	0.00380	0.00667	0.00574	0.00732

[dist]
# distance from previous block
# <min> <max>
0	4

[block]
# block no. 7 follows, 51 sequences, length 14
# corresponding to MSA columns:
# 304-317
name=unknown_H
#
# <colnr> <probs for GDERKNQSTAVLIFYWHMCP>
#	G	D	E	R	K	N	Q	S	T	A	V	L	I	F	Y	W	H	M	C	P
0	0.66137	0.00999	0.00878	0.06858	0.01211	0.02794	0.00647	0.07362	0.01008	0.07132	0.00818	0.00924	0.00610	0.00480	0.00348	0.00152	0.00426	0.00308	0.00330	0.00577
1	0.01334	0.71579	0.07423	0.00910	0.01337	0.08069	0.00911	0.01515	0.01032	0.01185	0.00702	0.00812	0.00630	0.00430	0.00335	0.00110	0.00567	0.00273	0.00213	0.00632
2	0.01713	0.01327	0.01432	0.08636	0.01665	0.10578	0.04010	0.44255	0.01835	0.11796	0.01301	0.01335	0.03452	0.00579	0.00488	0.00146	0.00572	0.00453	0.00434	0.03994
3	0.01386	0.04051	0.03951	0.16006	0.01742	0.01112	0.04012	0.09089	0.29234	0.17389	0.01662	0.02730	0.02929	0.00625	0.00498	0.00160	0.00489	0.01777	0.00436	0.00721
4	0.00612	0.00487	0.00553	0.00593	0.00717	0.00429	0.00442	0.00741	0.01085	0.01345	0.06576	0.24571	0.49353	0.01324	0.00603	0.00181	0.00280	0.09234	0.00459	0.00417
5	0.00931	0.00846	0.01015	0.01098	0.09458	0.09681	0.00757	0.01198	0.06815	0.01261	0.01260	0.01761	0.01144	0.05575	0.52806	0.00577	0.02525	0.00501	0.00278	0.00512
6	0.01178	0.05824	0.48606	0.01409	0.02011	0.01121	0.16368	0.01638	0.01119	0.11441	0.03912	0.01259	0.00869	0.00492	0.00489	0.00155	0.00680	0.00436	0.00278	0.00714
7	0.01024	0.00943	0.01567	0.10612	0.51005	0.00958	0.01218	0.01266	0.01058	0.01477	0.01387	0.22501	0.01413	0.00732	0.00524	0.00162	0.00513	0.00689	0.00296	0.00655
8	0.70574	0.00929	0.00800	0.00689	0.01007	0.01032	0.00568	0.01621	0.00942	0.16679	0.00918	0.00961	0.00660	0.00484	0.00339	0.00152	0.00387	0.00309	0.00361	0.00589
9	0.01100	0.01483	0.16879	0.01887	0.06690	0.01199	0.50989	0.01503	0.01096	0.01530	0.01002	0.03481	0.00798	0.00555	0.02366	0.00180	0.05812	0.00544	0.00245	0.00661
10	0.01021	0.00987	0.03187	0.37203	0.18485	0.01017	0.04577	0.01387	0.05724	0.01464	0.01107	0.01387	0.03614	0.00491	0.00474	0.00143	0.00565	0.00444	0.00264	0.16461
11	0.00617	0.00441	0.00586	0.00672	0.00717	0.00411	0.00458	0.00729	0.01024	0.01386	0.16795	0.67947	0.03505	0.01441	0.00618	0.00191	0.00275	0.01304	0.00472	0.00411
12	0.00846	0.00533	0.00661	0.00669	0.00801	0.00493	0.00504	0.01037	0.03261	0.09959	0.16112	0.27520	0.19102	0.01169	0.00575	0.00175	0.00299	0.08857	0.06947	0.00481
13	0.01213	0.10191	0.15710	0.13597	0.34057	0.02493	0.07651	0.01545	0.01098	0.06479	0.00951	0.01185	0.00740	0.00459	0.00473	0.00148	0.00627	0.00419	0.00254	0.00711

[dist]
# distance from previous block
# <min> <max>
0	2

[block]
# block no. 8 follows, 51 sequences, length 9
# corresponding to MSA columns:
# 320-328
name=unknown_I
#
# <colnr> <probs for GDERKNQSTAVLIFYWHMCP>
#	G	D	E	R	K	N	Q	S	T	A	V	L	I	F	Y	W	H	M	C	P
0	0.01589	0.01637	0.01505	0.16503	0.15323	0.36408	0.01105	0.11556	0.01388	0.07020	0.00945	0.01115	0.00729	0.00510	0.00469	0.00141	0.00714	0.00388	0.00300	0.00654
1	0.00840	0.00529	0.00693	0.00746	0.00863	0.00491	0.00579	0.00987	0.01082	0.10317	0.02945	0.36875	0.14880	0.01330	0.00621	0.00197	0.00347	0.24739	0.00472	0.00468
2	0.23771	0.01029	0.06590	0.04674	0.03252	0.00916	0.02714	0.01513	0.02404	0.13285	0.01027	0.02620	0.00795	0.00494	0.00463	0.00131	0.04784	0.00370	0.00333	0.28835
3	0.01006	0.00906	0.05642	0.04986	0.01245	0.00781	0.00711	0.05496	0.12111	0.03334	0.01439	0.14457	0.01346	0.05560	0.06211	0.00195	0.00475	0.00572	0.00355	0.33171
4	0.00654	0.00432	0.00579	0.00662	0.00683	0.00411	0.00436	0.00680	0.00867	0.01157	0.02278	0.60853	0.02698	0.09471	0.01031	0.14860	0.00328	0.01165	0.00399	0.00357
5	0.00705	0.00477	0.00559	0.00582	0.00594	0.00473	0.00354	0.00733	0.00774	0.01029	0.01775	0.13617	0.02051	0.66338	0.02127	0.00423	0.00450	0.06288	0.00329	0.00322
6	0.06161	0.15189	0.39402	0.07052	0.11972	0.01258	0.01405	0.01603	0.05477	0.04717	0.00949	0.01096	0.00715	0.00474	0.00440	0.00147	0.00618	0.00372	0.00252	0.00701
7	0.31750	0.22498	0.01416	0.00873	0.01209	0.22822	0.00730	0.01568	0.01050	0.01594	0.00726	0.00845	0.00607	0.00450	0.00351	0.00124	0.00553	0.00282	0.00265	0.10287
8	0.00905	0.00530	0.00664	0.00634	0.00777	0.00480	0.00473	0.01084	0.01217	0.13199	0.31854	0.20046	0.14491	0.01046	0.00550	0.00161	0.00273	0.00911	0.10207	0.00497

[dist]
# distance from previous block
# <min> <max>
0	2

[block]
# block no. 9 follows, 51 sequences, length 18
# corresponding to MSA columns:
# 331-348
name=unknown_J
#
# <colnr> <probs for GDERKNQSTAVLIFYWHMCP>
#	G	D	E	R	K	N	Q	S	T	A	V	L	I	F	Y	W	H	M	C	P
0	0.01090	0.05055	0.09663	0.00857	0.02517	0.04491	0.00736	0.05301	0.02780	0.12367	0.42487	0.04505	0.04516	0.00819	0.00530	0.00152	0.00384	0.00697	0.00471	0.00584
1	0.00632	0.00516	0.00577	0.02335	0.00763	0.00460	0.00438	0.00810	0.02866	0.01473	0.19962	0.09733	0.53667	0.01189	0.00582	0.00167	0.00264	0.02661	0.00469	0.00436
2	0.01058	0.02154	0.60533	0.10477	0.06434	0.01120	0.04318	0.01562	0.01058	0.05421	0.00940	0.01119	0.00668	0.00473	0.00476	0.00156	0.00699	0.00389	0.00232	0.00712
3	0.01058	0.00896	0.01040	0.00746	0.01181	0.00695	0.00598	0.04741	0.01078	0.01670	0.00887	0.01026	0.00733	0.00374	0.00370	0.00076	0.00372	0.00298	0.00300	0.81860
4	0.01078	0.00627	0.00653	0.00588	0.00753	0.00652	0.00457	0.15100	0.01281	0.02069	0.05389	0.01805	0.01350	0.00597	0.00382	0.00122	0.00286	0.00477	0.65807	0.00527
5	0.00602	0.00437	0.00568	0.00664	0.00709	0.00404	0.00449	0.00697	0.00978	0.01294	0.06413	0.71793	0.10204	0.01489	0.00621	0.00194	0.00279	0.01341	0.00460	0.00404
6	0.00599	0.00428	0.00570	0.00684	0.00713	0.00399	0.00456	0.00684	0.00941	0.01254	0.02709	0.82409	0.03250	0.01540	0.00627	0.00200	0.00285	0.01397	0.00456	0.00399
7	0.01075	0.01075	0.01505	0.01290	0.01290	0.01505	0.01075	0.01183	0.00753	0.01183	0.00645	0.01075	0.00645	0.00860	0.01613	0.00215	0.81830	0.00430	0.00215	0.00538
8	0.86201	0.00950	0.00722	0.00646	0.00950	0.01102	0.00532	0.01445	0.00836	0.02205	0.00684	0.00798	0.00532	0.00456	0.00304	0.00152	0.00380	0.00266	0.00304	0.00532
9	0.01314	0.83025	0.02575	0.00841	0.01261	0.01945	0.00841	0.01472	0.00999	0.01156	0.00683	0.00788	0.00631	0.00420	0.00315	0.00105	0.00526	0.00263	0.00210	0.00631
10	0.00599	0.00428	0.00570	0.00684	0.00713	0.00399	0.00456	0.00684	0.00941	0.01254	0.02709	0.82409	0.03250	0.01540	0.00627	0.00200	0.00285	0.01397	0.00456	0.00399
11	0.00854	0.00427	0.00640	0.00640	0.00640	0.00427	0.00427	0.00640	0.00640	0.00854	0.00854	0.01494	0.00854	0.01707	0.01921	0.85702	0.00427	0.00427	0.00213	0.00213
12	0.01868	0.01376	0.01475	0.01131	0.01524	0.01524	0.00934	0.78025	0.02311	0.03097	0.01180	0.01180	0.00836	0.00590	0.00492	0.00147	0.00541	0.00442	0.00492	0.00836
13	0.86201	0.00950	0.00722	0.00646	0.00950	0.01102	0.00532	0.01445	0.00836	0.02205	0.00684	0.00798	0.00532	0.00456	0.00304	0.00152	0.00380	0.00266	0.00304	0.00532
14	0.01836	0.02342	0.01393	0.01266	0.01519	0.80756	0.00950	0.01962	0.01393	0.01203	0.00760	0.00886	0.00633	0.00506	0.00443	0.00127	0.00886	0.00317	0.00253	0.00570
15	0.00612	0.00504	0.00541	0.00545	0.00700	0.00433	0.00417	0.00759	0.01158	0.01425	0.14841	0.04648	0.63626	0.01221	0.00588	0.00169	0.00262	0.06662	0.00467	0.00424
16	0.06404	0.01156	0.01280	0.01008	0.01372	0.01239	0.00826	0.43502	0.12077	0.21794	0.01458	0.01382	0.01011	0.00597	0.00480	0.00151	0.00474	0.00461	0.02525	0.00803
17	0.01538	0.01076	0.01220	0.00994	0.01295	0.01184	0.00807	0.44954	0.08290	0.08689	0.01359	0.01471	0.01029	0.01293	0.18535	0.00292	0.00679	0.00476	0.04096	0.00725

[dist]
# distance from previous block
# <min> <max>
0	1

[block]
# block no. 10 follows, 51 sequences, length 39
# corresponding to MSA columns:
# 350-376,380-391
name=unknown_K
#
# <colnr> <probs for GDERKNQSTAVLIFYWHMCP>
#	G	D	E	R	K	N	Q	S	T	A	V	L	I	F	Y	W	H	M	C	P
0	0.01251	0.01104	0.03594	0.06227	0.49632	0.01091	0.01257	0.07438	0.06287	0.06524	0.09508	0.01545	0.01261	0.00539	0.00498	0.00150	0.00527	0.00496	0.00331	0.00740
1	0.06788	0.16019	0.01588	0.01253	0.06104	0.54681	0.00936	0.03278	0.02712	0.01331	0.00783	0.00907	0.00655	0.00489	0.00417	0.00127	0.00760	0.00318	0.00257	0.00599
2	0.79439	0.01023	0.00779	0.00690	0.00996	0.04277	0.00565	0.04568	0.00918	0.02201	0.00707	0.00817	0.00549	0.00464	0.00317	0.00151	0.00407	0.00275	0.00310	0.00546
3	0.01068	0.12964	0.45128	0.13076	0.10169	0.01248	0.02828	0.03625	0.01066	0.01499	0.00877	0.01088	0.00664	0.00527	0.02042	0.00161	0.00682	0.00377	0.00223	0.00689
4	0.01019	0.00873	0.01019	0.00728	0.01165	0.00655	0.00582	0.01237	0.01019	0.01601	0.00873	0.01019	0.00728	0.00364	0.00364	0.00073	0.00364	0.00291	0.00291	0.85734
5	0.00763	0.00543	0.00683	0.00637	0.00765	0.00516	0.00480	0.05013	0.01395	0.01979	0.66225	0.06946	0.05594	0.00987	0.00564	0.00154	0.00251	0.00867	0.05157	0.00479
6	0.00590	0.00498	0.00511	0.00508	0.00669	0.00419	0.00381	0.00723	0.01142	0.01380	0.11010	0.04644	0.73400	0.01225	0.00581	0.00165	0.00248	0.01025	0.00463	0.00419
7	0.00618	0.00436	0.00564	0.00659	0.00683	0.00412	0.00430	0.00689	0.00903	0.01204	0.02514	0.69119	0.03005	0.15165	0.00942	0.00246	0.00317	0.01283	0.00430	0.00382
8	0.01314	0.83025	0.02575	0.00841	0.01261	0.01945	0.00841	0.01472	0.00999	0.01156	0.00683	0.00788	0.00631	0.00420	0.00315	0.00105	0.00526	0.00263	0.00210	0.00631
9	0.01019	0.00873	0.01019	0.00728	0.01165	0.00655	0.00582	0.01237	0.01019	0.01601	0.00873	0.01019	0.00728	0.00364	0.00364	0.00073	0.00364	0.00291	0.00291	0.85734
10	0.02205	0.00836	0.01140	0.00874	0.01254	0.00722	0.00722	0.02395	0.01407	0.80004	0.01939	0.01673	0.01216	0.00608	0.00494	0.00152	0.00418	0.00494	0.00608	0.00836
11	0.00940	0.00529	0.00544	0.00529	0.00662	0.00546	0.00400	0.01302	0.09973	0.01865	0.05775	0.01930	0.01466	0.00606	0.00374	0.00123	0.00248	0.00492	0.71202	0.00495
12	0.00702	0.00527	0.00790	0.00790	0.00878	0.00614	0.00614	0.00878	0.00790	0.01141	0.01316	0.01931	0.01229	0.03686	0.80782	0.00790	0.01316	0.00527	0.00263	0.00439
13	0.00702	0.00527	0.00790	0.00790	0.00878	0.00614	0.00614	0.00878	0.00790	0.01141	0.01316	0.01931	0.01229	0.03686	0.80782	0.00790	0.01316	0.00527	0.00263	0.00439
14	0.86201	0.00950	0.00722	0.00646	0.00950	0.01102	0.00532	0.01445	0.00836	0.02205	0.00684	0.00798	0.00532	0.00456	0.00304	0.00152	0.00380	0.00266	0.00304	0.00532
15	0.01075	0.01075	0.01505	0.01290	0.01290	0.01505	0.01075	0.01183	0.00753	0.01183	0.00645	0.01075	0.00645	0.00860	0.01613	0.00215	0.81830	0.00430	0.00215	0.00538
16	0.01807	0.01969	0.01392	0.01207	0.01485	0.54908	0.00933	0.16465	0.01527	0.06325	0.00907	0.01003	0.00709	0.00545	0.00518	0.00136	0.05190	0.00357	0.00319	0.02299
17	0.00986	0.02542	0.80183	0.01401	0.02127	0.01141	0.01816	0.01556	0.01038	0.01556	0.00882	0.01038	0.00623	0.00467	0.00467	0.00156	0.00726	0.00363	0.00208	0.00726
18	0.02205	0.00836	0.01140	0.00874	0.01254	0.00722	0.00722	0.02395	0.01407	0.80004	0.01939	0.01673	0.01216	0.00608	0.00494	0.00152	0.00418	0.00494	0.00608	0.00836
19	0.01011	0.08666	0.74278	0.01358	0.02061	0.01202	0.01742	0.01550	0.01035	0.01526	0.00867	0.01019	0.00623	0.00463	0.00455	0.00152	0.00711	0.00355	0.00208	0.00719
20	0.00731	0.00471	0.00548	0.00548	0.00548	0.00471	0.00313	0.00706	0.00706	0.00941	0.01469	0.03018	0.01680	0.73430	0.02435	0.10259	0.00471	0.00682	0.00288	0.00288
21	0.86201	0.00950	0.00722	0.00646	0.00950	0.01102	0.00532	0.01445	0.00836	0.02205	0.00684	0.00798	0.00532	0.00456	0.00304	0.00152	0.00380	0.00266	0.00304	0.00532
22	0.00787	0.00562	0.00786	0.00899	0.01010	0.00561	0.00783	0.01009	0.01126	0.01465	0.02605	0.07539	0.02839	0.01362	0.00677	0.00226	0.00448	0.74410	0.00453	0.00451
23	0.01868	0.01376	0.01475	0.01131	0.01524	0.01524	0.00934	0.78025	0.02311	0.03097	0.01180	0.01180	0.00836	0.00590	0.00492	0.00147	0.00541	0.00442	0.00492	0.00836
24	0.00854	0.00427	0.00640	0.00640	0.00640	0.00427	0.00427	0.00640	0.00640	0.00854	0.00854	0.01494	0.00854	0.01707	0.01921	0.85702	0.00427	0.00427	0.00213	0.00213
25	0.00916	0.00458	0.00458	0.00458	0.00573	0.00458	0.00344	0.01145	0.01031	0.01832	0.01603	0.01832	0.01260	0.00573	0.00344	0.00115	0.00229	0.00458	0.85457	0.00458
26	0.02205	0.00836	0.01140	0.00874	0.01254	0.00722	0.00722	0.02395	0.01407	0.80004	0.01939	0.01673	0.01216	0.00608	0.00494	0.00152	0.00418	0.00494	0.00608	0.00836
27	0.83283	0.00965	0.00748	0.00663	0.00970	0.01117	0.00546	0.04094	0.00887	0.02236	0.00701	0.00812	0.00543	0.00461	0.00311	0.00152	0.00386	0.00272	0.00311	0.00543
28	0.00715	0.00476	0.00536	0.00536	0.00536	0.00476	0.00298	0.00715	0.00715	0.00953	0.01548	0.03216	0.01787	0.82729	0.02501	0.00476	0.00476	0.00715	0.00298	0.00298
29	0.69754	0.01096	0.00864	0.00749	0.01062	0.06291	0.00612	0.11476	0.01065	0.02257	0.00754	0.00854	0.00578	0.00477	0.00338	0.00150	0.00434	0.00292	0.00325	0.00574
30	0.60838	0.01177	0.09891	0.00851	0.01223	0.01125	0.04814	0.06419	0.02891	0.02126	0.00795	0.00913	0.00606	0.00465	0.00357	0.00150	0.00453	0.00313	0.00307	0.04287
31	0.01767	0.13614	0.05547	0.01154	0.05610	0.01403	0.00956	0.44812	0.01821	0.16686	0.01215	0.01206	0.00861	0.00554	0.00464	0.00142	0.00528	0.00421	0.00443	0.00796
