[name]
unknown

[dist]
# distance from previous block
# <min> <max>
0	17

[block]
# block no. 0 follows, 36 sequences, length 6
# corresponding to MSA columns:
# 36-41
name=unknown_A
#
# <colnr> <probs for GDERKNQSTAVLIFYWHMCP>
#	G	D	E	R	K	N	Q	S	T	A	V	L	I	F	Y	W	H	M	C	P
0	0.01119	0.00719	0.00998	0.01100	0.01256	0.00701	0.00929	0.01373	0.01426	0.08040	0.03248	0.17730	0.03495	0.01676	0.00830	0.00274	0.00537	0.53353	0.00591	0.00605
1	0.02559	0.01068	0.01422	0.01079	0.01573	0.00902	0.00888	0.02805	0.01706	0.63220	0.02246	0.01990	0.01445	0.00722	0.00601	0.00177	0.00519	0.00586	0.00708	0.13784
2	0.01273	0.00859	0.00995	0.00946	0.01128	0.00876	0.00695	0.12936	0.06753	0.06584	0.02820	0.27656	0.07732	0.15387	0.01152	0.00290	0.00481	0.04440	0.06344	0.00653
3	0.04989	0.01201	0.01820	0.53054	0.08630	0.01425	0.01576	0.11267	0.01492	0.02014	0.01290	0.01934	0.01037	0.00701	0.00627	0.00207	0.00773	0.04856	0.00350	0.00755
4	0.20190	0.01108	0.01098	0.00985	0.01277	0.07323	0.00763	0.03943	0.04971	0.18068	0.15559	0.15541	0.04643	0.01042	0.00619	0.00202	0.00493	0.00856	0.00578	0.00739
5	0.02321	0.00981	0.01289	0.01029	0.01435	0.00875	0.00836	0.02647	0.05540	0.55166	0.11013	0.02639	0.05822	0.00874	0.00636	0.00193	0.00478	0.00723	0.04553	0.00951

[dist]
# distance from previous block
# <min> <max>
35	51

[block]
# block no. 1 follows, 36 sequences, length 8
# corresponding to MSA columns:
# 139-146
name=unknown_B
#
# <colnr> <probs for GDERKNQSTAVLIFYWHMCP>
#	G	D	E	R	K	N	Q	S	T	A	V	L	I	F	Y	W	H	M	C	P
0	0.01169	0.05156	0.01045	0.02679	0.01082	0.02615	0.00688	0.03673	0.01223	0.01878	0.01797	0.06354	0.01642	0.11185	0.15202	0.00384	0.07162	0.00679	0.33798	0.00589
1	0.03410	0.01420	0.02511	0.04745	0.02435	0.01421	0.35791	0.13274	0.01629	0.04662	0.03317	0.03369	0.01257	0.02968	0.04620	0.00251	0.03799	0.00689	0.04071	0.04360
2	0.00915	0.00659	0.00759	0.00720	0.00921	0.00573	0.00545	0.01132	0.01578	0.06297	0.32880	0.05236	0.42708	0.01410	0.00729	0.00204	0.00320	0.01200	0.00632	0.00582
3	0.01384	0.01221	0.02015	0.44758	0.03311	0.01494	0.08199	0.01725	0.01238	0.07597	0.01160	0.01626	0.00897	0.00742	0.00988	0.00223	0.19792	0.00575	0.00320	0.00734
4	0.08996	0.01268	0.01486	0.01174	0.01624	0.01283	0.00961	0.22194	0.08773	0.38493	0.05716	0.02004	0.01592	0.00782	0.00612	0.00193	0.00554	0.00617	0.00681	0.00997
5	0.01059	0.18979	0.06991	0.00870	0.01198	0.03651	0.00782	0.01270	0.01378	0.01666	0.07188	0.06631	0.41043	0.03805	0.00725	0.00204	0.00482	0.00983	0.00471	0.00624
6	0.01864	0.07729	0.02143	0.01524	0.01958	0.03738	0.17151	0.20129	0.01914	0.14925	0.13980	0.02130	0.01904	0.00791	0.00731	0.00195	0.05105	0.00685	0.00530	0.00875
7	0.24696	0.01950	0.18416	0.02183	0.27027	0.08465	0.01548	0.05131	0.01394	0.02276	0.01068	0.01298	0.00839	0.00587	0.00540	0.00188	0.00741	0.00457	0.00336	0.00861

[dist]
# distance from previous block
# <min> <max>
10	19

[block]
# block no. 2 follows, 36 sequences, length 133
# corresponding to MSA columns:
# 173-207,209-233,266-338
name=unknown_C
#
# <colnr> <probs for GDERKNQSTAVLIFYWHMCP>
#	G	D	E	R	K	N	Q	S	T	A	V	L	I	F	Y	W	H	M	C	P
0	0.04969	0.08677	0.07887	0.01692	0.08723	0.08747	0.14201	0.09369	0.03555	0.02187	0.01237	0.01451	0.00975	0.00580	0.00558	0.00162	0.00731	0.00503	0.05625	0.18172
1	0.02008	0.01572	0.01880	0.01816	0.15511	0.01686	0.01256	0.45396	0.07582	0.03223	0.01487	0.01587	0.01117	0.00852	0.03596	0.00213	0.00703	0.00559	0.00533	0.07422
2	0.01717	0.04439	0.01655	0.01176	0.01700	0.01340	0.02981	0.28735	0.01920	0.02723	0.01264	0.01396	0.00986	0.00671	0.02227	0.00154	0.00600	0.00459	0.00460	0.43396
3	0.03504	0.01859	0.15089	0.02378	0.16640	0.04153	0.28908	0.04136	0.03295	0.02057	0.01270	0.01683	0.01013	0.00616	0.00706	0.00198	0.03904	0.02587	0.00334	0.05672
4	0.04320	0.14088	0.01955	0.01489	0.04330	0.39833	0.01146	0.11139	0.08044	0.01994	0.01166	0.01278	0.00940	0.00642	0.00542	0.00162	0.00875	0.00439	0.00382	0.05236
5	0.01082	0.00541	0.00812	0.00812	0.00812	0.00541	0.00541	0.00812	0.00812	0.01082	0.01082	0.01894	0.01082	0.02165	0.02435	0.81872	0.00541	0.00541	0.00271	0.00271
6	0.01459	0.01455	0.04611	0.18526	0.55828	0.01462	0.01863	0.01886	0.03274	0.01958	0.01193	0.01580	0.00973	0.00578	0.00618	0.00191	0.00758	0.00556	0.00309	0.00925
7	0.00746	0.00632	0.00644	0.00641	0.00847	0.00530	0.00481	0.00913	0.01443	0.01737	0.10770	0.05908	0.69472	0.01558	0.00736	0.00209	0.00314	0.01303	0.00586	0.00530
8	0.01542	0.01480	0.02529	0.03824	0.74217	0.01480	0.01912	0.01912	0.01419	0.02036	0.01172	0.01542	0.00987	0.00555	0.00617	0.00185	0.00740	0.00555	0.00308	0.00987
9	0.00994	0.00714	0.00991	0.01129	0.01275	0.00710	0.00985	0.01277	0.01434	0.01858	0.03407	0.06991	0.06122	0.01716	0.00856	0.00284	0.00564	0.67547	0.00574	0.00572
10	0.00759	0.00542	0.00723	0.00868	0.00904	0.00506	0.00578	0.00868	0.01193	0.01591	0.03434	0.77697	0.04121	0.01952	0.00795	0.00253	0.00361	0.01771	0.00578	0.00506
11	0.00891	0.00666	0.00992	0.00992	0.01099	0.00773	0.00767	0.01106	0.00998	0.01439	0.01678	0.02497	0.01579	0.06913	0.73424	0.00989	0.01636	0.00675	0.00335	0.00551
12	0.01666	0.78478	0.03265	0.01066	0.01599	0.02465	0.01066	0.01866	0.01266	0.01466	0.00866	0.00999	0.00800	0.00533	0.00400	0.00133	0.00666	0.00333	0.00267	0.00800
13	0.82504	0.01205	0.00916	0.00819	0.01205	0.01398	0.00675	0.01832	0.01060	0.02795	0.00868	0.01012	0.00675	0.00578	0.00386	0.00193	0.00482	0.00337	0.00386	0.00675
14	0.01585	0.63783	0.17248	0.01205	0.01813	0.02266	0.01307	0.01887	0.01276	0.01565	0.00915	0.01061	0.00798	0.00545	0.00437	0.00146	0.00716	0.00358	0.00266	0.00823
15	0.01161	0.00581	0.00581	0.00581	0.00726	0.00581	0.00436	0.01452	0.01307	0.02323	0.02033	0.02323	0.01597	0.00726	0.00436	0.00145	0.00290	0.00581	0.81562	0.00581
16	0.01292	0.01107	0.01292	0.00923	0.01477	0.00831	0.00738	0.01569	0.01292	0.02030	0.01107	0.01292	0.00923	0.00461	0.00461	0.00092	0.00461	0.00369	0.00369	0.81912
17	0.00759	0.00542	0.00723	0.00868	0.00904	0.00506	0.00578	0.00868	0.01193	0.01591	0.03434	0.77697	0.04121	0.01952	0.00795	0.00253	0.00361	0.01771	0.00578	0.00506
18	0.01161	0.00581	0.00581	0.00581	0.00726	0.00581	0.00436	0.01452	0.01307	0.02323	0.02033	0.02323	0.01597	0.00726	0.00436	0.00145	0.00290	0.00581	0.81562	0.00581
19	0.01004	0.00717	0.01004	0.01147	0.01291	0.00717	0.01004	0.01291	0.01434	0.01865	0.03299	0.07028	0.03586	0.01721	0.00861	0.00287	0.00574	0.70023	0.00574	0.00574
20	0.01177	0.01107	0.01869	0.76606	0.04291	0.01384	0.01730	0.01592	0.01246	0.01592	0.01107	0.01661	0.00831	0.00623	0.00623	0.00208	0.00831	0.00554	0.00277	0.00692
21	0.01250	0.03223	0.74875	0.01776	0.02697	0.01447	0.02302	0.01973	0.01315	0.01973	0.01118	0.01315	0.00789	0.00592	0.00592	0.00197	0.00921	0.00460	0.00263	0.00921
22	0.00882	0.00637	0.00833	0.00784	0.00931	0.00588	0.00588	0.01176	0.01764	0.02499	0.73888	0.04654	0.05879	0.01274	0.00735	0.00196	0.00294	0.01127	0.00686	0.00588
23	0.02211	0.16264	0.02030	0.01510	0.01869	0.62725	0.01180	0.02378	0.01678	0.01514	0.00946	0.01102	0.00802	0.00623	0.00533	0.00156	0.01043	0.00389	0.00311	0.00736
24	0.00983	0.00708	0.00969	0.01098	0.01240	0.00701	0.00948	0.01252	0.01414	0.01829	0.03443	0.06856	0.08018	0.04464	0.00936	0.00293	0.00558	0.63159	0.00567	0.00564
25	0.00759	0.00542	0.00723	0.00868	0.00904	0.00506	0.00578	0.00868	0.01193	0.01591	0.03434	0.77697	0.04121	0.01952	0.00795	0.00253	0.00361	0.01771	0.00578	0.00506
26	0.01234	0.01160	0.01974	0.54801	0.17105	0.01351	0.03877	0.01630	0.01293	0.01701	0.01298	0.03941	0.01092	0.00699	0.00642	0.00209	0.00795	0.04150	0.00307	0.00741
27	0.01273	0.07517	0.70789	0.01735	0.02634	0.01505	0.02232	0.01967	0.01313	0.01944	0.01104	0.01297	0.00790	0.00589	0.00581	0.00194	0.00906	0.00453	0.00263	0.00914
28	0.01191	0.01122	0.01895	0.73708	0.07075	0.01388	0.01738	0.01605	0.01253	0.01610	0.01110	0.01656	0.00837	0.00620	0.00623	0.00207	0.00827	0.00554	0.00278	0.00704
29	0.02327	0.02970	0.01766	0.01605	0.01926	0.75602	0.01204	0.02488	0.01766	0.01525	0.00963	0.01124	0.00803	0.00642	0.00562	0.00161	0.01124	0.00401	0.00321	0.00722
30	0.01472	0.01806	0.16565	0.06049	0.57798	0.01470	0.01981	0.01912	0.01392	0.02007	0.01159	0.01502	0.00943	0.00565	0.00612	0.00188	0.00779	0.00537	0.00298	0.00963
31	0.01807	0.01680	0.07210	0.03722	0.12181	0.04168	0.11338	0.33117	0.04118	0.02804	0.01616	0.10333	0.01377	0.00814	0.00654	0.00199	0.00737	0.00716	0.00486	0.00922
32	0.00929	0.00724	0.01075	0.01053	0.01155	0.00871	0.00827	0.01144	0.00997	0.01451	0.01599	0.02359	0.01497	0.04380	0.69621	0.00942	0.07821	0.00658	0.00329	0.00567
33	0.70829	0.03269	0.01132	0.03094	0.01402	0.04010	0.02953	0.01883	0.01126	0.04403	0.00929	0.01082	0.00716	0.00584	0.00416	0.00191	0.00538	0.00365	0.00384	0.00695
34	0.01950	0.01267	0.01434	0.01225	0.01621	0.01371	0.00971	0.05365	0.49470	0.24311	0.02480	0.02238	0.01768	0.00820	0.00631	0.00205	0.00510	0.00677	0.00675	0.01011
35	0.00736	0.00631	0.00631	0.00631	0.00842	0.00526	0.00473	0.00894	0.01420	0.01683	0.06312	0.05996	0.73964	0.01578	0.00736	0.00210	0.00316	0.01315	0.00579	0.00526
36	0.01634	0.01712	0.04374	0.03380	0.60044	0.10905	0.01794	0.02045	0.04439	0.01993	0.01201	0.01515	0.00996	0.00579	0.00610	0.00183	0.00784	0.00539	0.00322	0.00951
37	0.00906	0.00604	0.00680	0.00680	0.00680	0.00604	0.00378	0.00906	0.00906	0.01208	0.01963	0.04077	0.02265	0.78103	0.03171	0.00604	0.00604	0.00906	0.00378	0.00378
38	0.00867	0.00630	0.00817	0.00784	0.00925	0.00580	0.00583	0.01143	0.01710	0.02402	0.66228	0.09860	0.08465	0.01334	0.00739	0.00201	0.00300	0.01180	0.00674	0.00580
39	0.01666	0.78478	0.03265	0.01066	0.01599	0.02465	0.01066	0.01866	0.01266	0.01466	0.00866	0.00999	0.00800	0.00533	0.00400	0.00133	0.00666	0.00333	0.00267	0.00800
40	0.00736	0.00631	0.00631	0.00631	0.00842	0.00526	0.00473	0.00894	0.01420	0.01683	0.06312	0.05996	0.73964	0.01578	0.00736	0.00210	0.00316	0.01315	0.00579	0.00526
41	0.13093	0.01673	0.01742	0.01351	0.01835	0.01861	0.01116	0.62730	0.02679	0.03775	0.01412	0.01431	0.01008	0.00725	0.00591	0.00188	0.00658	0.00531	0.00591	0.01008
42	0.02381	0.01725	0.01858	0.01424	0.01922	0.01903	0.01176	0.70143	0.02896	0.05969	0.01524	0.01514	0.01074	0.00749	0.00623	0.00187	0.00681	0.00563	0.00628	0.01060
43	0.01691	0.34858	0.09380	0.02128	0.26339	0.10211	0.01478	0.01993	0.01393	0.03728	0.01048	0.01257	0.00883	0.00565	0.00515	0.00161	0.00762	0.00436	0.00300	0.00873
44	0.01589	0.56863	0.20913	0.01263	0.01884	0.05125	0.01377	0.01917	0.01298	0.01594	0.00932	0.01083	0.00797	0.00552	0.00454	0.00150	0.00747	0.00367	0.00268	0.00826
45	0.00890	0.00668	0.01001	0.01001	0.01113	0.00779	0.00779	0.01113	0.01001	0.01446	0.01669	0.02448	0.01558	0.04673	0.75634	0.01001	0.01669	0.00668	0.00334	0.00556
46	0.02183	0.01639	0.01806	0.06709	0.02048	0.01828	0.01192	0.60396	0.07659	0.03606	0.01594	0.03665	0.01187	0.00779	0.00629	0.00192	0.00673	0.00604	0.00598	0.01013
47	0.01480	0.01102	0.01311	0.00946	0.01491	0.00841	0.00761	0.01753	0.01354	0.11134	0.01277	0.01396	0.01001	0.00500	0.00482	0.00105	0.00470	0.00401	0.00420	0.71776
48	0.01366	0.16373	0.49835	0.01862	0.06583	0.01645	0.10083	0.01953	0.01330	0.01889	0.01093	0.01314	0.00820	0.00572	0.00576	0.00187	0.00880	0.00475	0.00272	0.00894
49	0.01436	0.32124	0.45589	0.01499	0.02256	0.03643	0.01801	0.01944	0.01307	0.01767	0.01018	0.01189	0.00794	0.00571	0.00517	0.00172	0.00828	0.00410	0.00266	0.00869
50	0.02300	0.02924	0.01770	0.01606	0.01918	0.73500	0.01208	0.02460	0.01743	0.01524	0.00959	0.01130	0.00803	0.00655	0.00604	0.00164	0.03287	0.00405	0.00320	0.00721
51	0.01425	0.01830	0.12075	0.02455	0.03088	0.01545	0.59949	0.01953	0.01431	0.01970	0.01281	0.03394	0.00997	0.00582	0.00757	0.00211	0.03185	0.00721	0.00314	0.00838
52	0.69756	0.03561	0.01096	0.00924	0.01310	0.09019	0.00754	0.03920	0.01192	0.02661	0.00895	0.01037	0.00702	0.00588	0.00411	0.00188	0.00558	0.00350	0.00382	0.00694
53	0.00758	0.00545	0.00720	0.00861	0.00902	0.00507	0.00575	0.00868	0.01199	0.01593	0.03516	0.75646	0.06118	0.01941	0.00794	0.00252	0.00360	0.01758	0.00578	0.00507
54	0.01676	0.74352	0.04945	0.01100	0.01636	0.04680	0.01100	0.01887	0.01282	0.01480	0.00875	0.01011	0.00799	0.00538	0.00409	0.00136	0.00686	0.00338	0.00268	0.00800
55	0.00890	0.00668	0.01001	0.01001	0.01113	0.00779	0.00779	0.01113	0.01001	0.01446	0.01669	0.02448	0.01558	0.04673	0.75634	0.01001	0.01669	0.00668	0.00334	0.00556
56	0.03243	0.02185	0.32128	0.02714	0.36448	0.01472	0.03982	0.02030	0.06072	0.02063	0.01235	0.01492	0.00958	0.00589	0.00606	0.00193	0.00801	0.00526	0.00313	0.00949
57	0.01550	0.01338	0.01409	0.01268	0.01620	0.01550	0.00986	0.03311	0.73091	0.02606	0.02536	0.02325	0.01902	0.00845	0.00634	0.00211	0.00493	0.00704	0.00634	0.00986
58	0.01542	0.00783	0.01044	0.00896	0.01158	0.00701	0.00701	0.01818	0.01770	0.27384	0.49251	0.03780	0.04383	0.01100	0.00698	0.00195	0.00375	0.00954	0.00715	0.00751
59	0.01004	0.00717	0.01004	0.01147	0.01291	0.00717	0.01004	0.01291	0.01434	0.01865	0.03299	0.07028	0.03586	0.01721	0.00861	0.00287	0.00574	0.70023	0.00574	0.00574
60	0.82504	0.01205	0.00916	0.00819	0.01205	0.01398	0.00675	0.01832	0.01060	0.02795	0.00868	0.01012	0.00675	0.00578	0.00386	0.00193	0.00482	0.00337	0.00386	0.00675
61	0.01296	0.01298	0.02165	0.57541	0.09268	0.04727	0.11481	0.01712	0.01313	0.01678	0.01127	0.01631	0.00857	0.00605	0.00635	0.00204	0.00867	0.00572	0.00287	0.00736
62	0.00736	0.00631	0.00631	0.00631	0.00842	0.00526	0.00473	0.00894	0.01420	0.01683	0.06312	0.05996	0.73964	0.01578	0.00736	0.00210	0.00316	0.01315	0.00579	0.00526
63	0.01363	0.01363	0.01908	0.01636	0.01636	0.01908	0.01363	0.01499	0.00954	0.01499	0.00818	0.01363	0.00818	0.01091	0.02045	0.00273	0.76963	0.00545	0.00273	0.00682
64	0.05271	0.01065	0.01429	0.01100	0.01579	0.00931	0.00908	0.02999	0.01761	0.72417	0.02409	0.02086	0.01515	0.00765	0.00619	0.00193	0.00529	0.00618	0.00759	0.01048
65	0.00741	0.00631	0.00637	0.00636	0.00844	0.00528	0.00477	0.00902	0.01430	0.01707	0.08264	0.05957	0.71997	0.01569	0.00736	0.00210	0.00315	0.01310	0.00582	0.00528
66	0.00928	0.00803	0.01390	0.01265	0.01439	0.00752	0.16418	0.01139	0.01276	0.01710	0.04518	0.56747	0.03437	0.01612	0.00783	0.00243	0.00520	0.03911	0.00522	0.00584
67	0.02354	0.04969	0.01885	0.01388	0.01871	0.01843	0.01155	0.59342	0.02671	0.11495	0.01553	0.01539	0.01094	0.00752	0.00658	0.00188	0.03036	0.00558	0.00613	0.01037
68	0.01666	0.78478	0.03265	0.01066	0.01599	0.02465	0.01066	0.01866	0.01266	0.01466	0.00866	0.00999	0.00800	0.00533	0.00400	0.00133	0.00666	0.00333	0.00267	0.00800
69	0.82504	0.01205	0.00916	0.00819	0.01205	0.01398	0.00675	0.01832	0.01060	0.02795	0.00868	0.01012	0.00675	0.00578	0.00386	0.00193	0.00482	0.00337	0.00386	0.00675
70	0.01637	0.01525	0.01479	0.01374	0.03590	0.09867	0.01035	0.03181	0.63168	0.02470	0.02323	0.02169	0.01754	0.00815	0.00625	0.00205	0.00571	0.00666	0.00590	0.00957
71	0.00843	0.00635	0.00779	0.00743	0.00907	0.00571	0.00557	0.01101	0.01672	0.02281	0.55835	0.05013	0.24067	0.01355	0.00735	0.00200	0.00300	0.01177	0.00657	0.00571
72	0.00872	0.00629	0.00824	0.00790	0.00929	0.00581	0.00587	0.01151	0.01718	0.02427	0.68310	0.10437	0.05740	0.01327	0.00740	0.00200	0.00299	0.01178	0.00677	0.00581
73	0.01483	0.01310	0.01589	0.14825	0.08499	0.01514	0.01200	0.02883	0.54053	0.02376	0.02163	0.02138	0.01632	0.00780	0.00631	0.00208	0.00575	0.00665	0.00542	0.00934
74	0.12951	0.62095	0.02826	0.01072	0.01569	0.07782	0.01022	0.01907	0.01275	0.01655	0.00874	0.01011	0.00782	0.00547	0.00410	0.00144	0.00675	0.00339	0.00287	0.00776
75	0.00876	0.00637	0.00824	0.00777	0.00927	0.00585	0.00583	0.01164	0.01749	0.02463	0.70973	0.04712	0.08816	0.01287	0.00735	0.00197	0.00295	0.01135	0.00681	0.00585
76	0.01326	0.04958	0.69968	0.01730	0.02622	0.01449	0.02212	0.02016	0.01334	0.05096	0.01170	0.01343	0.00822	0.00598	0.00589	0.00196	0.00898	0.00464	0.00285	0.00924
77	0.02665	0.01032	0.01404	0.01086	0.01546	0.00893	0.00893	0.02910	0.01782	0.69743	0.07314	0.02293	0.01837	0.00805	0.00634	0.00193	0.00514	0.00661	0.00765	0.01028
78	0.00906	0.00604	0.00680	0.00680	0.00680	0.00604	0.00378	0.00906	0.00906	0.01208	0.01963	0.04077	0.02265	0.78103	0.03171	0.00604	0.00604	0.00906	0.00378	0.00378
79	0.01177	0.01107	0.01869	0.76606	0.04291	0.01384	0.01730	0.01592	0.01246	0.01592	0.01107	0.01661	0.00831	0.00623	0.00623	0.00208	0.00831	0.00554	0.00277	0.00692
80	0.04809	0.01239	0.02052	0.48575	0.27948	0.01418	0.01747	0.01711	0.01297	0.01795	0.01119	0.01593	0.00877	0.00598	0.00611	0.00199	0.00785	0.00545	0.00292	0.00792
81	0.00759	0.00542	0.00723	0.00868	0.00904	0.00506	0.00578	0.00868	0.01193	0.01591	0.03434	0.77697	0.04121	0.01952	0.00795	0.00253	0.00361	0.01771	0.00578	0.00506
82	0.00890	0.00668	0.01001	0.01001	0.01113	0.00779	0.00779	0.01113	0.01001	0.01446	0.01669	0.02448	0.01558	0.04673	0.75634	0.01001	0.01669	0.00668	0.00334	0.00556
83	0.01250	0.03223	0.74875	0.01776	0.02697	0.01447	0.02302	0.01973	0.01315	0.01973	0.01118	0.01315	0.00789	0.00592	0.00592	0.00197	0.00921	0.00460	0.00263	0.00921
84	0.01555	0.02210	0.36368	0.01799	0.02473	0.01353	0.18789	0.02083	0.01427	0.14773	0.03704	0.03991	0.01221	0.00696	0.00718	0.00205	0.04733	0.00622	0.00389	0.00891
85	0.00878	0.00637	0.00827	0.00780	0.00928	0.00586	0.00585	0.01168	0.01754	0.02476	0.72030	0.04691	0.07750	0.01282	0.00735	0.00196	0.00295	0.01132	0.00683	0.00586
86	0.79681	0.03903	0.00998	0.00828	0.01219	0.01435	0.00688	0.01833	0.01068	0.02749	0.00868	0.01012	0.00679	0.00577	0.00386	0.00191	0.00488	0.00337	0.00381	0.00679
87	0.00759	0.00542	0.00723	0.00868	0.00904	0.00506	0.00578	0.00868	0.01193	0.01591	0.03434	0.77697	0.04121	0.01952	0.00795	0.00253	0.00361	0.01771	0.00578	0.00506
88	0.82504	0.01205	0.00916	0.00819	0.01205	0.01398	0.00675	0.01832	0.01060	0.02795	0.00868	0.01012	0.00675	0.00578	0.00386	0.00193	0.00482	0.00337	0.00386	0.00675
89	0.01082	0.00541	0.00812	0.00812	0.00812	0.00541	0.00541	0.00812	0.00812	0.01082	0.01082	0.01894	0.01082	0.02165	0.02435	0.81872	0.00541	0.00541	0.00271	0.00271
90	0.00874	0.00637	0.00822	0.00776	0.00926	0.00585	0.00582	0.01161	0.01746	0.02456	0.70338	0.04725	0.09456	0.01290	0.00735	0.00197	0.00295	0.01137	0.00680	0.00585
91	0.00890	0.00668	0.01001	0.01001	0.01113	0.00779	0.00779	0.01113	0.01001	0.01446	0.01669	0.02448	0.01558	0.04673	0.75634	0.01001	0.01669	0.00668	0.00334	0.00556
92	0.02613	0.01119	0.01454	0.01140	0.01605	0.01033	0.00934	0.05190	0.11506	0.62695	0.02439	0.02129	0.01576	0.00781	0.00627	0.00195	0.00530	0.00635	0.00748	0.01050
93	0.00783	0.00634	0.00698	0.00697	0.00884	0.00548	0.00527	0.00978	0.01496	0.01884	0.22285	0.07906	0.52485	0.01523	0.00743	0.00212	0.00323	0.04248	0.00604	0.00542
94	0.01550	0.01338	0.01409	0.01268	0.01620	0.01550	0.00986	0.03311	0.73091	0.02606	0.02536	0.02325	0.01902	0.00845	0.00634	0.00211	0.00493	0.00704	0.00634	0.00986
95	0.01542	0.01480	0.02529	0.03824	0.74217	0.01480	0.01912	0.01912	0.01419	0.02036	0.01172	0.01542	0.00987	0.00555	0.00617	0.00185	0.00740	0.00555	0.00308	0.00987
96	0.00892	0.00659	0.00957	0.00957	0.01052	0.00755	0.00723	0.01084	0.00988	0.01413	0.01710	0.02674	0.01656	0.14879	0.65563	0.00946	0.01521	0.00701	0.00340	0.00531
97	0.01263	0.03141	0.71497	0.01871	0.06036	0.01449	0.02284	0.01970	0.01320	0.01976	0.01121	0.01326	0.00798	0.00590	0.00593	0.00197	0.00912	0.00465	0.00265	0.00924
98	0.01292	0.01107	0.01292	0.00923	0.01477	0.00831	0.00738	0.01569	0.01292	0.02030	0.01107	0.01292	0.00923	0.00461	0.00461	0.00092	0.00461	0.00369	0.00369	0.81912
99	0.00808	0.00637	0.00731	0.00715	0.00896	0.00559	0.00541	0.01029	0.01567	0.02037	0.35027	0.05461	0.42387	0.01453	0.00740	0.00207	0.00316	0.03711	0.00624	0.00554
100	0.21084	0.01113	0.01336	0.01051	0.01512	0.01055	0.00868	0.04710	0.01650	0.56156	0.02066	0.01849	0.01330	0.00726	0.00571	0.00193	0.00523	0.00558	0.00678	0.00972
101	0.01602	0.01405	0.01792	0.05155	0.22812	0.01556	0.01303	0.08735	0.43304	0.02512	0.01992	0.01999	0.01520	0.00744	0.00628	0.00201	0.00595	0.00643	0.00524	0.00980
102	0.00779	0.00627	0.00698	0.00718	0.00893	0.00546	0.00540	0.00960	0.01444	0.01804	0.15654	0.14435	0.50740	0.01588	0.00752	0.00219	0.00336	0.06137	0.00594	0.00536
103	0.02716	0.01043	0.01420	0.01095	0.01563	0.00902	0.00902	0.02959	0.01782	0.71649	0.05427	0.02226	0.01723	0.00792	0.00631	0.00193	0.00520	0.00647	0.00768	0.01041
104	0.08902	0.50339	0.05545	0.01204	0.01688	0.20118	0.01114	0.02018	0.01371	0.01617	0.00900	0.01043	0.00789	0.00566	0.00446	0.00148	0.00771	0.00355	0.00290	0.00775
105	0.02425	0.01081	0.01392	0.01100	0.01524	0.01005	0.00890	0.08482	0.07106	0.54221	0.07860	0.02379	0.01900	0.04744	0.00765	0.00215	0.00526	0.00680	0.00722	0.00984
106	0.00932	0.00653	0.00817	0.00766	0.00940	0.00589	0.00578	0.01196	0.01695	0.05332	0.57181	0.04822	0.19540	0.01315	0.00731	0.00199	0.00308	0.01144	0.00668	0.00595
107	0.00890	0.00668	0.01001	0.01001	0.01113	0.00779	0.00779	0.01113	0.01001	0.01446	0.01669	0.02448	0.01558	0.04673	0.75634	0.01001	0.01669	0.00668	0.00334	0.00556
108	0.52442	0.15375	0.01544	0.01048	0.03407	0.01682	0.00863	0.13342	0.01413	0.02717	0.00978	0.01104	0.00769	0.00597	0.00433	0.00181	0.00556	0.00379	0.00401	0.00769
109	0.00870	0.00631	0.00808	0.00773	0.00910	0.00582	0.00569	0.01131	0.01672	0.02341	0.62983	0.07736	0.09559	0.05645	0.00875	0.00222	0.00315	0.01152	0.00658	0.00569
110	0.01082	0.00541	0.00812	0.00812	0.00812	0.00541	0.00541	0.00812	0.00812	0.01082	0.01082	0.01894	0.01082	0.02165	0.02435	0.81872	0.00541	0.00541	0.00271	0.00271
111	0.02795	0.01060	0.01446	0.01109	0.01591	0.00916	0.00916	0.03036	0.01783	0.74648	0.02458	0.02121	0.01542	0.00771	0.00627	0.00193	0.00530	0.00627	0.00771	0.01060
112	0.01527	0.01465	0.02502	0.06849	0.71310	0.01476	0.01905	0.01899	0.01412	0.02017	0.01169	0.01547	0.00980	0.00558	0.00617	0.00186	0.00744	0.00555	0.00307	0.00975
113	0.00890	0.00668	0.01001	0.01001	0.01113	0.00779	0.00779	0.01113	0.01001	0.01446	0.01669	0.02448	0.01558	0.04673	0.75634	0.01001	0.01669	0.00668	0.00334	0.00556
114	0.01177	0.01107	0.01869	0.76606	0.04291	0.01384	0.01730	0.01592	0.01246	0.01592	0.01107	0.01661	0.00831	0.00623	0.00623	0.00208	0.00831	0.00554	0.00277	0.00692
115	0.00804	0.00574	0.00774	0.00918	0.00974	0.00544	0.00656	0.00945	0.01237	0.01640	0.03409	0.64835	0.04023	0.01910	0.00807	0.00259	0.00400	0.14193	0.00578	0.00518
116	0.01454	0.01754	0.07618	0.02537	0.03182	0.01551	0.66331	0.01984	0.01458	0.01995	0.01249	0.01651	0.00936	0.00527	0.00721	0.00207	0.01029	0.00711	0.00314	0.02792
117	0.00804	0.00630	0.00728	0.00711	0.00885	0.00554	0.00530	0.01023	0.01569	0.02055	0.37308	0.08358	0.39711	0.01453	0.00738	0.00206	0.00308	0.01247	0.00628	0.00554
118	0.01603	0.01326	0.01410	0.01261	0.01619	0.01522	0.00983	0.03299	0.70015	0.05714	0.02533	0.02316	0.01886	0.00842	0.00634	0.00211	0.00495	0.00701	0.00640	0.00989
119	0.82504	0.01205	0.00916	0.00819	0.01205	0.01398	0.00675	0.01832	0.01060	0.02795	0.00868	0.01012	0.00675	0.00578	0.00386	0.00193	0.00482	0.00337	0.00386	0.00675
120	0.01177	0.01107	0.01869	0.76606	0.04291	0.01384	0.01730	0.01592	0.01246	0.01592	0.01107	0.01661	0.00831	0.00623	0.00623	0.00208	0.00831	0.00554	0.00277	0.00692
121	0.01297	0.01124	0.01360	0.00972	0.01527	0.00852	0.02775	0.01581	0.01297	0.02029	0.01112	0.01303	0.00923	0.00463	0.00469	0.00096	0.00478	0.00380	0.00368	0.79594
122	0.01557	0.01265	0.01434	0.01049	0.01589	0.01102	0.00848	0.18953	0.01695	0.02497	0.01203	0.01342	0.00957	0.00532	0.00501	0.00116	0.00517	0.00416	0.00432	0.61995
123	0.00765	0.00564	0.00719	0.00839	0.00909	0.00518	0.00578	0.00889	0.01240	0.01617	0.03909	0.62916	0.15756	0.01880	0.00788	0.00247	0.00362	0.04412	0.00578	0.00512
124	0.01260	0.05180	0.73013	0.01757	0.02668	0.01473	0.02270	0.01970	0.01314	0.01960	0.01112	0.01307	0.00790	0.00590	0.00587	0.00196	0.00914	0.00457	0.00263	0.00918
125	0.01529	0.10789	0.51399	0.01615	0.02399	0.01490	0.04354	0.02168	0.04477	0.12048	0.01344	0.01450	0.00948	0.00619	0.00583	0.00191	0.00826	0.00490	0.00352	0.00927
126	0.00783	0.00633	0.00697	0.00681	0.00870	0.00546	0.00510	0.00985	0.01531	0.01947	0.28202	0.05561	0.51909	0.01479	0.00736	0.00206	0.00309	0.01254	0.00613	0.00546
127	0.00799	0.00569	0.00757	0.00894	0.00942	0.00539	0.00623	0.00925	0.01208	0.01605	0.03334	0.64317	0.03947	0.06199	0.00937	0.00277	0.00403	0.10651	0.00566	0.00508
128	0.01513	0.02708	0.57118	0.01739	0.05971	0.01337	0.02006	0.02128	0.01410	0.14165	0.03223	0.01548	0.01056	0.00638	0.00603	0.00196	0.00830	0.00510	0.00361	0.00939
129	0.02305	0.01077	0.01375	0.01112	0.01512	0.01014	0.00894	0.13076	0.04085	0.47668	0.06035	0.12967	0.02067	0.00964	0.00656	0.00201	0.00517	0.00808	0.00713	0.00955
130	0.01177	0.01107	0.01869	0.76606	0.04291	0.01384	0.01730	0.01592	0.01246	0.01592	0.01107	0.01661	0.00831	0.00623	0.00623	0.00208	0.00831	0.00554	0.00277	0.00692
131	0.01398	0.01329	0.02257	0.28029	0.48774	0.01420	0.01813	0.01775	0.01355	0.01875	0.01215	0.03770	0.01025	0.00618	0.00624	0.00195	0.00759	0.00590	0.00306	0.00875
132	0.01552	0.01466	0.05504	0.05292	0.55400	0.01379	0.05702	0.01921	0.01423	0.07057	0.01409	0.06518	0.01214	0.00663	0.00635	0.00193	0.00729	0.00645	0.00356	0.00942

[dist]
# distance from previous block
# <min> <max>
1	4

[block]
# block no. 3 follows, 36 sequences, length 10
# corresponding to MSA columns:
# 343,344,356-363
name=unknown_D
#
# <colnr> <probs for GDERKNQSTAVLIFYWHMCP>
#	G	D	E	R	K	N	Q	S	T	A	V	L	I	F	Y	W	H	M	C	P
0	0.03747	0.01177	0.11127	0.01063	0.01386	0.00943	0.00953	0.01808	0.15706	0.07298	0.20524	0.10076	0.12576	0.01180	0.00694	0.00215	0.00478	0.07739	0.00580	0.00732
1	0.01161	0.00581	0.00581	0.00581	0.00726	0.00581	0.00436	0.01452	0.01307	0.02323	0.02033	0.02323	0.01597	0.00726	0.00436	0.00145	0.00290	0.00581	0.81562	0.00581
2	0.17252	0.02078	0.03886	0.03976	0.16667	0.30880	0.01282	0.09310	0.05298	0.02184	0.01131	0.01308	0.00899	0.00631	0.00552	0.00179	0.00833	0.00458	0.00374	0.00820
3	0.05444	0.59098	0.13147	0.01191	0.01758	0.07257	0.01231	0.01922	0.01297	0.01604	0.00908	0.01053	0.00792	0.00551	0.00437	0.00147	0.00725	0.00356	0.00275	0.00806
4	0.08474	0.27022	0.02240	0.04945	0.04047	0.08375	0.01144	0.28275	0.05591	0.02581	0.01216	0.01313	0.00951	0.00647	0.00526	0.00170	0.00699	0.00461	0.00435	0.00890
5	0.01727	0.05898	0.02290	0.02919	0.46915	0.15616	0.01615	0.04579	0.08628	0.02030	0.01262	0.01509	0.01035	0.00606	0.00597	0.00180	0.00783	0.00529	0.00352	0.00929
6	0.01974	0.07939	0.01612	0.01296	0.05441	0.08930	0.00986	0.10289	0.11841	0.24281	0.16411	0.02360	0.02243	0.00835	0.00622	0.00187	0.00579	0.00679	0.00603	0.00893
7	0.01161	0.00581	0.00581	0.00581	0.00726	0.00581	0.00436	0.01452	0.01307	0.02323	0.02033	0.02323	0.01597	0.00726	0.00436	0.00145	0.00290	0.00581	0.81562	0.00581
8	0.01605	0.01446	0.02483	0.06725	0.63156	0.01444	0.05081	0.01976	0.01438	0.06778	0.01258	0.01592	0.01015	0.00571	0.00623	0.00188	0.00745	0.00568	0.00338	0.00972
9	0.01031	0.00792	0.01069	0.08000	0.01527	0.00827	0.00988	0.01449	0.08529	0.01874	0.03262	0.12738	0.08521	0.01545	0.00801	0.00263	0.00549	0.45067	0.00553	0.00616

[dist]
# distance from previous block
# <min> <max>
0	5

# created by:
# /st0/software/busco_prod/Augustus/scripts/msa2prfl.pl ./align_prep/183396.fa
