[name]
unknown

[dist]
# distance from previous block
# <min> <max>
0	94

[block]
# block no. 0 follows, 48 sequences, length 23
# corresponding to MSA columns:
# 106-128
name=unknown_A
#
# <colnr> <probs for GDERKNQSTAVLIFYWHMCP>
#	G	D	E	R	K	N	Q	S	T	A	V	L	I	F	Y	W	H	M	C	P
0	0.05363	0.01206	0.04638	0.07579	0.10940	0.05395	0.00994	0.21521	0.02900	0.11689	0.05075	0.05507	0.01225	0.00654	0.00550	0.00156	0.03677	0.02140	0.00409	0.08384
1	0.09877	0.01067	0.07657	0.00989	0.01267	0.04002	0.05113	0.04966	0.01213	0.14068	0.13623	0.07478	0.06774	0.03259	0.00733	0.00177	0.10937	0.00627	0.00410	0.05761
2	0.01593	0.01144	0.01395	0.01176	0.05281	0.02840	0.05813	0.25383	0.15733	0.15632	0.06679	0.01739	0.04087	0.00643	0.00517	0.00153	0.00494	0.00537	0.00484	0.08678
3	0.01332	0.00768	0.02358	0.00848	0.03406	0.00674	0.00655	0.05589	0.01430	0.26132	0.33427	0.04413	0.06187	0.00827	0.00544	0.00154	0.00353	0.00707	0.03213	0.06984
4	0.01521	0.04371	0.02819	0.01529	0.20054	0.10391	0.02461	0.11953	0.02891	0.15617	0.11323	0.01782	0.01485	0.00628	0.00511	0.00150	0.00543	0.03155	0.00413	0.06402
5	0.01233	0.00997	0.01207	0.00875	0.01326	0.00829	0.03643	0.11205	0.01261	0.04849	0.01001	0.01125	0.00795	0.00423	0.00411	0.00093	0.00425	0.00344	0.00342	0.67616
6	0.03612	0.00753	0.03591	0.00771	0.00966	0.00706	0.00614	0.04298	0.13996	0.05020	0.44259	0.09793	0.07631	0.00981	0.00575	0.00168	0.00318	0.00850	0.00526	0.00572
7	0.00804	0.00622	0.00868	0.00853	0.00971	0.00724	0.00664	0.01152	0.10841	0.01315	0.01467	0.02003	0.01320	0.03438	0.69606	0.00740	0.01248	0.00554	0.00307	0.00504
8	0.01437	0.01009	0.05589	0.03560	0.05137	0.00940	0.00838	0.13972	0.12630	0.21036	0.22889	0.02301	0.04893	0.00757	0.00542	0.00162	0.00428	0.00637	0.00518	0.00723
9	0.01290	0.01025	0.01183	0.00871	0.01300	0.00902	0.00706	0.16691	0.01342	0.04719	0.01008	0.01124	0.00798	0.00455	0.00458	0.00100	0.03279	0.00349	0.00355	0.62045
10	0.01268	0.01139	0.01403	0.01190	0.01509	0.01279	0.10708	0.02586	0.67874	0.02081	0.01952	0.01845	0.01464	0.00662	0.00533	0.00174	0.00466	0.00583	0.00488	0.00797
11	0.01174	0.00927	0.01076	0.00814	0.01227	0.00773	0.00646	0.03029	0.11099	0.06854	0.01218	0.04317	0.01002	0.00490	0.00421	0.00101	0.00388	0.00401	0.00365	0.63679
12	0.03280	0.01039	0.01330	0.13532	0.01722	0.01026	0.04085	0.19917	0.03475	0.13285	0.03587	0.03147	0.01050	0.00555	0.00478	0.00136	0.00497	0.00461	0.00407	0.26991
13	0.01652	0.25955	0.01836	0.01193	0.01475	0.46618	0.00975	0.01791	0.01245	0.01239	0.00754	0.00921	0.00662	0.00550	0.00582	0.00138	0.11231	0.00329	0.00246	0.00609
14	0.01009	0.00937	0.01490	0.70370	0.03248	0.01158	0.01345	0.01495	0.11016	0.01420	0.01065	0.01439	0.00799	0.00537	0.00514	0.00171	0.00648	0.00472	0.00266	0.00601
15	0.01378	0.12427	0.28481	0.01176	0.01719	0.05050	0.06661	0.01729	0.01174	0.16081	0.01100	0.01183	0.00800	0.00484	0.00456	0.00136	0.00606	0.00389	0.00319	0.18650
16	0.00748	0.00546	0.00670	0.00733	0.00822	0.00529	0.00512	0.02516	0.07971	0.03273	0.03018	0.60932	0.12902	0.01442	0.00630	0.00198	0.00311	0.01288	0.00485	0.00475
17	0.00969	0.00912	0.01539	0.80734	0.03534	0.01140	0.01425	0.01311	0.01026	0.01311	0.00912	0.01368	0.00684	0.00513	0.00513	0.00171	0.00684	0.00456	0.00228	0.00570
18	0.01276	0.01102	0.01160	0.01044	0.01334	0.01276	0.00812	0.02727	0.77840	0.02146	0.02088	0.01914	0.01566	0.00696	0.00522	0.00174	0.00406	0.00580	0.00522	0.00812
19	0.01064	0.00912	0.01064	0.00760	0.01216	0.00684	0.00608	0.01292	0.01064	0.01672	0.00912	0.01064	0.00760	0.00380	0.00380	0.00076	0.00380	0.00304	0.00304	0.85104
20	0.01123	0.01123	0.01572	0.01347	0.01347	0.01572	0.01123	0.01235	0.00786	0.01235	0.00674	0.01123	0.00674	0.00898	0.01684	0.00225	0.81028	0.00449	0.00225	0.00561
21	0.01951	0.01437	0.01540	0.01181	0.01591	0.01591	0.00975	0.77056	0.02412	0.03234	0.01232	0.01232	0.00873	0.00616	0.00513	0.00154	0.00565	0.00462	0.00513	0.00873
22	0.85592	0.00992	0.00754	0.00675	0.00992	0.01151	0.00556	0.01508	0.00873	0.02302	0.00714	0.00834	0.00556	0.00476	0.00318	0.00159	0.00397	0.00278	0.00318	0.00556

[dist]
# distance from previous block
# <min> <max>
0	1

[block]
# block no. 1 follows, 48 sequences, length 41
# corresponding to MSA columns:
# 130-170
name=unknown_B
#
# <colnr> <probs for GDERKNQSTAVLIFYWHMCP>
#	G	D	E	R	K	N	Q	S	T	A	V	L	I	F	Y	W	H	M	C	P
0	0.00733	0.00550	0.00825	0.00825	0.00916	0.00641	0.00641	0.00916	0.00825	0.01191	0.01374	0.02016	0.01283	0.03848	0.79934	0.00825	0.01374	0.00550	0.00275	0.00458
1	0.01123	0.01123	0.01572	0.01347	0.01347	0.01572	0.01123	0.01235	0.00786	0.01235	0.00674	0.01123	0.00674	0.00898	0.01684	0.00225	0.81028	0.00449	0.00225	0.00561
2	0.00745	0.00503	0.00586	0.00586	0.00595	0.00512	0.00343	0.00763	0.00754	0.01014	0.01593	0.03227	0.01808	0.74326	0.10175	0.00529	0.00583	0.00727	0.00307	0.00325
3	0.01372	0.82276	0.02689	0.00878	0.01317	0.02030	0.00878	0.01536	0.01043	0.01207	0.00713	0.00823	0.00658	0.00439	0.00329	0.00110	0.00549	0.00274	0.00219	0.00658
4	0.83151	0.00990	0.00777	0.02984	0.01066	0.01151	0.00581	0.01503	0.00878	0.02274	0.00720	0.00849	0.00559	0.00477	0.00323	0.00159	0.00405	0.00283	0.00315	0.00556
5	0.01527	0.01227	0.01302	0.01095	0.01430	0.01393	0.00873	0.30391	0.49767	0.02551	0.01770	0.01660	0.01308	0.00666	0.00519	0.00167	0.00465	0.00536	0.00519	0.00835
6	0.01839	0.01070	0.01242	0.00987	0.01361	0.02349	0.00800	0.18817	0.18391	0.35009	0.03319	0.01632	0.01261	0.00626	0.00504	0.00153	0.00457	0.00503	0.00543	0.09136
7	0.00969	0.00912	0.01539	0.80734	0.03534	0.01140	0.01425	0.01311	0.01026	0.01311	0.00912	0.01368	0.00684	0.00513	0.00513	0.00171	0.00684	0.00456	0.00228	0.00570
8	0.01219	0.01080	0.01803	0.21201	0.36999	0.01103	0.07252	0.01517	0.01132	0.06681	0.01058	0.03151	0.00859	0.00508	0.00533	0.00153	0.02481	0.00477	0.00284	0.10507
9	0.00746	0.00497	0.00560	0.00560	0.00560	0.00497	0.00311	0.00746	0.00746	0.00995	0.01617	0.03358	0.01865	0.81967	0.02612	0.00497	0.00497	0.00746	0.00311	0.00311
10	0.00751	0.00503	0.00575	0.00582	0.00589	0.00503	0.00341	0.00765	0.00771	0.01026	0.01680	0.03499	0.01928	0.77301	0.02501	0.00482	0.00496	0.05066	0.00320	0.00320
11	0.01029	0.02654	0.79309	0.01462	0.02221	0.01192	0.01896	0.01625	0.01083	0.01625	0.00921	0.01083	0.00650	0.00487	0.00487	0.00162	0.00758	0.00379	0.00217	0.00758
12	0.85592	0.00992	0.00754	0.00675	0.00992	0.01151	0.00556	0.01508	0.00873	0.02302	0.00714	0.00834	0.00556	0.00476	0.00318	0.00159	0.00397	0.00278	0.00318	0.00556
13	0.00891	0.00446	0.00668	0.00668	0.00668	0.00446	0.00446	0.00668	0.00668	0.00891	0.00891	0.01560	0.00891	0.01783	0.02005	0.85071	0.00446	0.00446	0.00223	0.00223
14	0.00734	0.00544	0.00797	0.00797	0.00879	0.00626	0.00607	0.00898	0.00816	0.01170	0.01400	0.02157	0.01344	0.12079	0.71787	0.00790	0.01282	0.00570	0.00279	0.00443
15	0.00746	0.00497	0.00560	0.00560	0.00560	0.00497	0.00311	0.00746	0.00746	0.00995	0.01617	0.03358	0.01865	0.81967	0.02612	0.00497	0.00497	0.00746	0.00311	0.00311
16	0.01224	0.01172	0.01999	0.15105	0.67173	0.01207	0.01552	0.01534	0.01146	0.01620	0.00957	0.01285	0.00793	0.00466	0.00509	0.00155	0.00621	0.00457	0.00250	0.00775
17	0.00726	0.00524	0.00686	0.00646	0.00767	0.00484	0.00484	0.00968	0.01452	0.02058	0.78496	0.03833	0.04841	0.01049	0.00605	0.00161	0.00242	0.00928	0.00565	0.00484
18	0.02002	0.01415	0.01481	0.01149	0.01548	0.06420	0.00943	0.60961	0.02208	0.14659	0.01325	0.01291	0.00920	0.00613	0.00511	0.00153	0.00568	0.00462	0.00516	0.00855
19	0.00608	0.00516	0.00524	0.00531	0.00696	0.00432	0.00395	0.00735	0.01159	0.01382	0.05061	0.09381	0.74204	0.01317	0.00609	0.00175	0.00262	0.01105	0.00476	0.00432
20	0.01064	0.00912	0.01064	0.00760	0.01216	0.00684	0.00608	0.01292	0.01064	0.01672	0.00912	0.01064	0.00760	0.00380	0.00380	0.00076	0.00380	0.00304	0.00304	0.85104
21	0.01066	0.08740	0.67967	0.01439	0.02139	0.01273	0.04585	0.01606	0.01075	0.01580	0.00901	0.01076	0.00656	0.00495	0.00519	0.00161	0.03379	0.00382	0.00219	0.00742
22	0.01013	0.02795	0.05751	0.23329	0.09809	0.00893	0.04999	0.03474	0.01164	0.01715	0.10404	0.01874	0.03338	0.00612	0.00477	0.00150	0.00483	0.00534	0.26607	0.00581
23	0.03151	0.01012	0.01693	0.53953	0.27527	0.01166	0.01451	0.01400	0.01068	0.01452	0.00924	0.01323	0.00722	0.00494	0.00507	0.00165	0.00653	0.00452	0.00239	0.00647
24	0.01203	0.06633	0.10812	0.02010	0.02548	0.01333	0.64417	0.01635	0.01187	0.01614	0.01006	0.01318	0.00758	0.00439	0.00576	0.00168	0.00834	0.00561	0.00253	0.00697
25	0.07242	0.01461	0.01486	0.01156	0.01553	0.05609	0.00950	0.68401	0.02266	0.03073	0.01176	0.01191	0.00842	0.00603	0.00498	0.00153	0.00573	0.00444	0.00488	0.00838
26	0.00746	0.00497	0.00560	0.00560	0.00560	0.00497	0.00311	0.00746	0.00746	0.00995	0.01617	0.03358	0.01865	0.81967	0.02612	0.00497	0.00497	0.00746	0.00311	0.00311
27	0.03284	0.00553	0.00597	0.00551	0.00720	0.00538	0.00426	0.01409	0.01133	0.14059	0.01705	0.01860	0.01289	0.00601	0.00382	0.00127	0.00274	0.00479	0.69471	0.00542
28	0.00761	0.00492	0.00581	0.00581	0.00592	0.00489	0.00344	0.00737	0.00760	0.01005	0.01700	0.03134	0.06046	0.62998	0.04178	0.13781	0.00496	0.00714	0.00306	0.00307
29	0.00814	0.00587	0.00809	0.00921	0.01042	0.00582	0.00802	0.01045	0.01181	0.01527	0.02857	0.05740	0.07238	0.01411	0.00703	0.00233	0.00460	0.71106	0.00473	0.00470
30	0.00733	0.00550	0.00825	0.00825	0.00916	0.00641	0.00641	0.00916	0.00825	0.01191	0.01374	0.02016	0.01283	0.03848	0.79934	0.00825	0.01374	0.00550	0.00275	0.00458
31	0.01954	0.01387	0.01503	0.01157	0.01563	0.01522	0.00955	0.69474	0.04725	0.08530	0.01315	0.01290	0.00922	0.00620	0.00514	0.00155	0.00551	0.00469	0.00522	0.00871
32	0.00718	0.00526	0.00675	0.00644	0.00769	0.00483	0.00487	0.00950	0.01417	0.01978	0.69201	0.04000	0.11628	0.01084	0.00609	0.00165	0.00251	0.03382	0.00554	0.00479
33	0.01043	0.04587	0.75333	0.01467	0.02211	0.01215	0.03918	0.01623	0.01086	0.01615	0.00919	0.01085	0.00654	0.00485	0.00487	0.00161	0.00756	0.00383	0.00218	0.00754
34	0.01824	0.16473	0.01683	0.01226	0.01539	0.56677	0.00969	0.10988	0.01497	0.01485	0.00832	0.00944	0.00686	0.00523	0.00445	0.00131	0.00815	0.00336	0.00286	0.00640
35	0.01064	0.00912	0.01064	0.00760	0.01216	0.00684	0.00608	0.01292	0.01064	0.01672	0.00912	0.01064	0.00760	0.00380	0.00380	0.00076	0.00380	0.00304	0.00304	0.85104
36	0.07171	0.00884	0.01094	0.00888	0.01208	0.00844	0.00711	0.13671	0.01489	0.45961	0.05587	0.11949	0.01627	0.03750	0.00602	0.00177	0.00429	0.00641	0.00561	0.00755
37	0.00822	0.00558	0.00626	0.00602	0.00632	0.00566	0.00359	0.05583	0.00877	0.01175	0.04358	0.03240	0.01910	0.73908	0.02407	0.00464	0.00493	0.00735	0.00333	0.00353
38	0.04160	0.00977	0.01392	0.36956	0.05716	0.01072	0.03538	0.09793	0.06916	0.01723	0.01173	0.06412	0.00974	0.00581	0.00493	0.00154	0.00557	0.00503	0.02291	0.14619
39	0.03065	0.11876	0.06524	0.06739	0.38332	0.12349	0.06507	0.05720	0.01244	0.01628	0.00918	0.01156	0.00751	0.00477	0.00481	0.00147	0.00670	0.00418	0.00263	0.00735
40	0.18600	0.01197	0.01617	0.06079	0.33195	0.04029	0.05376	0.08619	0.06071	0.01942	0.01000	0.01199	0.00795	0.00489	0.00464	0.00150	0.00559	0.00419	0.00312	0.07888

[dist]
# distance from previous block
# <min> <max>
0	4

[block]
# block no. 2 follows, 48 sequences, length 150
# corresponding to MSA columns:
# 175-207,209-229,233,234,260-299,306-329,334-363
name=unknown_C
#
# <colnr> <probs for GDERKNQSTAVLIFYWHMCP>
#	G	D	E	R	K	N	Q	S	T	A	V	L	I	F	Y	W	H	M	C	P
0	0.00766	0.00558	0.00730	0.00801	0.00899	0.00533	0.00603	0.04151	0.01105	0.01478	0.02609	0.52074	0.02998	0.01435	0.00647	0.00206	0.00363	0.21847	0.00466	0.05732
1	0.18459	0.01236	0.01226	0.01023	0.01358	0.03691	0.00822	0.34275	0.24438	0.02582	0.01439	0.04825	0.01118	0.00652	0.00481	0.00163	0.00483	0.00499	0.00468	0.00763
2	0.15299	0.06155	0.03377	0.00949	0.03482	0.01027	0.02115	0.08867	0.08774	0.12294	0.04259	0.02839	0.01087	0.00543	0.00436	0.00132	0.00440	0.00426	0.00395	0.27104
3	0.00698	0.00477	0.00600	0.00670	0.00717	0.00446	0.00442	0.00778	0.00972	0.03404	0.04464	0.54893	0.09178	0.18502	0.01059	0.00264	0.00339	0.01240	0.00448	0.00410
4	0.04782	0.20714	0.53560	0.01400	0.06733	0.01384	0.01585	0.01597	0.01070	0.01562	0.00867	0.01025	0.00658	0.00474	0.00445	0.00150	0.00685	0.00356	0.00224	0.00730
5	0.00997	0.05590	0.28910	0.10016	0.05583	0.02510	0.05871	0.01446	0.05933	0.01650	0.15610	0.06157	0.04960	0.00708	0.00531	0.00165	0.00575	0.01808	0.00335	0.00645
6	0.03022	0.00695	0.00906	0.00809	0.01044	0.00629	0.00624	0.01673	0.03952	0.38682	0.04960	0.29289	0.07841	0.01044	0.00573	0.00179	0.00369	0.02497	0.00554	0.00657
7	0.00978	0.00944	0.01792	0.01416	0.03170	0.00885	0.36296	0.01283	0.02573	0.03104	0.12925	0.15396	0.10275	0.04361	0.00697	0.00192	0.00574	0.02182	0.00380	0.00577
8	0.00969	0.00886	0.01285	0.01228	0.06028	0.02368	0.04182	0.01209	0.04736	0.01305	0.01117	0.01609	0.01024	0.02251	0.39061	0.00502	0.28917	0.00509	0.00268	0.00546
9	0.85592	0.00992	0.00754	0.00675	0.00992	0.01151	0.00556	0.01508	0.00873	0.02302	0.00714	0.00834	0.00556	0.00476	0.00318	0.00159	0.00397	0.00278	0.00318	0.00556
10	0.01100	0.00958	0.01231	0.03984	0.01409	0.00809	0.05272	0.04645	0.01125	0.01702	0.01002	0.01309	0.00855	0.00464	0.00470	0.00102	0.03612	0.03587	0.00312	0.66052
11	0.01027	0.00950	0.01566	0.73386	0.07237	0.01164	0.01413	0.04602	0.01093	0.01413	0.00929	0.01357	0.00699	0.00515	0.00513	0.00169	0.00675	0.00456	0.00242	0.00595
12	0.00859	0.00623	0.00679	0.00654	0.00699	0.02992	0.00412	0.04817	0.02607	0.01161	0.01538	0.02962	0.01687	0.63742	0.09617	0.02979	0.00592	0.00688	0.00319	0.00371
13	0.01243	0.01073	0.01145	0.01000	0.01316	0.01184	0.00780	0.02503	0.65866	0.02072	0.01905	0.01782	0.01441	0.00647	0.00500	0.00159	0.00402	0.00537	0.00488	0.13958
14	0.85592	0.00992	0.00754	0.00675	0.00992	0.01151	0.00556	0.01508	0.00873	0.02302	0.00714	0.00834	0.00556	0.00476	0.00318	0.00159	0.00397	0.00278	0.00318	0.00556
15	0.00734	0.00530	0.00697	0.00669	0.00790	0.00493	0.00511	0.00976	0.01431	0.02016	0.72516	0.03987	0.04692	0.01078	0.00613	0.00167	0.00260	0.06798	0.00558	0.00483
16	0.81503	0.00981	0.00768	0.00687	0.01003	0.01129	0.00567	0.01529	0.00897	0.04547	0.00792	0.00956	0.00623	0.00499	0.00331	0.00160	0.00400	0.01736	0.00330	0.00563
17	0.02225	0.00856	0.01166	0.00900	0.01283	0.00741	0.00741	0.02426	0.01468	0.75348	0.05769	0.01849	0.01445	0.00655	0.00520	0.00159	0.00427	0.00536	0.00632	0.00854
18	0.01211	0.01384	0.03028	0.02163	0.02682	0.01298	0.76903	0.01644	0.01211	0.01644	0.01038	0.01384	0.00779	0.00433	0.00606	0.00173	0.00865	0.00606	0.00260	0.00692
19	0.00620	0.00520	0.00539	0.00534	0.00701	0.00439	0.00400	0.00763	0.01201	0.01462	0.13457	0.04814	0.70252	0.01271	0.00606	0.00172	0.00258	0.01065	0.00486	0.00439
20	0.00644	0.00460	0.00617	0.00736	0.00774	0.00433	0.00509	0.00747	0.01001	0.01331	0.02818	0.74532	0.03352	0.01590	0.00660	0.00211	0.00314	0.08372	0.00476	0.00422
21	0.85592	0.00992	0.00754	0.00675	0.00992	0.01151	0.00556	0.01508	0.00873	0.02302	0.00714	0.00834	0.00556	0.00476	0.00318	0.00159	0.00397	0.00278	0.00318	0.00556
22	0.02041	0.00861	0.01147	0.00877	0.01269	0.00730	0.00719	0.02246	0.01408	0.63845	0.05710	0.01751	0.01375	0.00618	0.00500	0.00147	0.00418	0.00506	0.00583	0.13249
23	0.03488	0.52380	0.02192	0.01075	0.05220	0.15653	0.00911	0.01565	0.01091	0.01266	0.00798	0.00979	0.00720	0.00775	0.07528	0.00184	0.02981	0.00323	0.00237	0.00632
24	0.01362	0.80008	0.04871	0.00895	0.01343	0.02006	0.00907	0.01539	0.01044	0.01219	0.00719	0.00831	0.00658	0.00440	0.00334	0.00111	0.00555	0.00277	0.00219	0.00661
25	0.01246	0.01350	0.09180	0.02858	0.65509	0.01222	0.03850	0.01639	0.05021	0.01694	0.01020	0.01289	0.00835	0.00471	0.00510	0.00155	0.00621	0.00461	0.00264	0.00804
26	0.00730	0.00547	0.00818	0.00821	0.00911	0.00635	0.00637	0.00910	0.00829	0.01195	0.01417	0.04358	0.01345	0.03782	0.77602	0.00807	0.01343	0.00576	0.00281	0.00457
27	0.00635	0.00524	0.00562	0.00585	0.00731	0.00459	0.00430	0.00799	0.03456	0.01397	0.04559	0.20775	0.59005	0.01348	0.00616	0.00182	0.00277	0.02742	0.00478	0.00442
28	0.00902	0.00478	0.00502	0.00512	0.00613	0.00474	0.00370	0.01108	0.01052	0.01788	0.04037	0.09546	0.01657	0.07121	0.00571	0.00159	0.00265	0.00604	0.67780	0.00459
29	0.01206	0.01371	0.02952	0.02120	0.02612	0.01312	0.72975	0.01622	0.01189	0.01622	0.01019	0.01371	0.00773	0.00457	0.00661	0.00176	0.05020	0.00597	0.00258	0.00685
30	0.00791	0.00578	0.00803	0.00769	0.00849	0.00632	0.02621	0.03120	0.00858	0.01207	0.01455	0.02460	0.01469	0.31895	0.45870	0.00655	0.00997	0.00618	0.01929	0.00424
31	0.01649	0.08955	0.02967	0.01184	0.01574	0.03464	0.05672	0.41730	0.22864	0.02570	0.01390	0.01380	0.01028	0.00606	0.00503	0.00156	0.00551	0.00481	0.00461	0.00816
32	0.01117	0.08610	0.48410	0.01580	0.07406	0.03398	0.12746	0.01592	0.01106	0.01577	0.00934	0.01143	0.00705	0.00571	0.02897	0.00174	0.00753	0.00410	0.00233	0.04637
33	0.03262	0.12977	0.44522	0.01550	0.12461	0.04702	0.02988	0.01679	0.05888	0.01617	0.00984	0.01141	0.00750	0.00493	0.00465	0.00152	0.00674	0.00391	0.02570	0.00735
34	0.01794	0.01331	0.01436	0.01122	0.01498	0.01468	0.00919	0.65299	0.07025	0.03056	0.08518	0.01518	0.01287	0.00661	0.00522	0.00156	0.00525	0.00513	0.00519	0.00832
35	0.01362	0.01492	0.07890	0.08574	0.10802	0.12869	0.16707	0.10176	0.05870	0.02934	0.01034	0.01278	0.00814	0.00664	0.03081	0.00186	0.11179	0.00470	0.00301	0.02316
36	0.01706	0.02067	0.01431	0.01439	0.09642	0.60169	0.00992	0.01916	0.05205	0.01327	0.00945	0.01193	0.00815	0.05446	0.03394	0.00182	0.00856	0.00389	0.00279	0.00607
37	0.00746	0.00497	0.00560	0.00560	0.00560	0.00497	0.00311	0.00746	0.00746	0.00995	0.01617	0.03358	0.01865	0.81967	0.02612	0.00497	0.00497	0.00746	0.00311	0.00311
38	0.00891	0.00446	0.00668	0.00668	0.00668	0.00446	0.00446	0.00668	0.00668	0.00891	0.00891	0.01560	0.00891	0.01783	0.02005	0.85071	0.00446	0.00446	0.00223	0.00223
39	0.78333	0.00982	0.00792	0.00696	0.01020	0.01116	0.00573	0.01595	0.00925	0.08997	0.00829	0.00913	0.00618	0.00490	0.00335	0.00159	0.00400	0.00299	0.00345	0.00583
40	0.01867	0.10665	0.01650	0.01140	0.01543	0.04760	0.00955	0.64198	0.02196	0.02902	0.01163	0.01184	0.00847	0.00592	0.00488	0.00148	0.00572	0.00436	0.01864	0.00831
41	0.00975	0.00912	0.01509	0.75748	0.03389	0.01112	0.01374	0.01310	0.01028	0.01333	0.00912	0.01349	0.00689	0.00505	0.00505	0.00165	0.00665	0.00447	0.00233	0.05841
42	0.01154	0.04492	0.01590	0.01308	0.01349	0.02751	0.01091	0.01353	0.05611	0.01291	0.00765	0.01157	0.00728	0.00861	0.01537	0.00215	0.71473	0.00448	0.00243	0.00581
43	0.01029	0.02654	0.79309	0.01462	0.02221	0.01192	0.01896	0.01625	0.01083	0.01625	0.00921	0.01083	0.00650	0.00487	0.00487	0.00162	0.00758	0.00379	0.00217	0.00758
44	0.00625	0.00447	0.00595	0.00714	0.00744	0.00417	0.00476	0.00714	0.00982	0.01310	0.02828	0.81633	0.03394	0.01608	0.00655	0.00208	0.00298	0.01459	0.00476	0.00417
45	0.01134	0.00712	0.00956	0.00952	0.03398	0.00694	0.02107	0.03157	0.07048	0.15087	0.14277	0.04018	0.07723	0.01077	0.00617	0.00194	0.00418	0.33015	0.02826	0.00590
46	0.00627	0.00448	0.00597	0.00713	0.00745	0.00418	0.00476	0.00720	0.00992	0.01326	0.04454	0.79961	0.03425	0.01596	0.00654	0.00207	0.00296	0.01447	0.00478	0.00418
47	0.85592	0.00992	0.00754	0.00675	0.00992	0.01151	0.00556	0.01508	0.00873	0.02302	0.00714	0.00834	0.00556	0.00476	0.00318	0.00159	0.00397	0.00278	0.00318	0.00556
48	0.07031	0.02127	0.01396	0.01254	0.01505	0.61891	0.00957	0.06161	0.01400	0.01429	0.00830	0.00997	0.00694	0.00699	0.03977	0.00171	0.06249	0.00352	0.00280	0.00600
49	0.01312	0.01120	0.01180	0.01051	0.01348	0.01293	0.00821	0.06631	0.73878	0.02204	0.02043	0.01879	0.01530	0.00692	0.00522	0.00173	0.00414	0.00574	0.00522	0.00815
50	0.00746	0.00497	0.00560	0.00560	0.00560	0.00497	0.00311	0.00746	0.00746	0.00995	0.01617	0.03358	0.01865	0.81967	0.02612	0.00497	0.00497	0.00746	0.00311	0.00311
51	0.01069	0.00736	0.00904	0.02576	0.03926	0.00730	0.00644	0.07805	0.10559	0.10768	0.24541	0.13681	0.16780	0.01015	0.00580	0.00172	0.00349	0.02053	0.00515	0.00597
52	0.05250	0.00914	0.01129	0.00871	0.01257	0.00811	0.00707	0.08110	0.03134	0.41859	0.04554	0.03946	0.01277	0.00604	0.00479	0.00138	0.00418	0.00490	0.00513	0.23540
53	0.11174	0.03244	0.12312	0.07623	0.19808	0.12641	0.10381	0.04789	0.01234	0.01738	0.07805	0.01463	0.01119	0.00552	0.00497	0.00157	0.00649	0.01841	0.00298	0.00675
54	0.08571	0.03800	0.05342	0.03679	0.33295	0.14283	0.05840	0.01684	0.03091	0.05538	0.01061	0.01251	0.02179	0.00495	0.00476	0.00145	0.00627	0.00425	0.00292	0.07926
55	0.36564	0.13355	0.02643	0.04435	0.01423	0.16208	0.03794	0.08663	0.01189	0.04109	0.00838	0.00969	0.00660	0.00510	0.00430	0.00149	0.02787	0.00338	0.00310	0.00626
56	0.01642	0.01074	0.01293	0.01173	0.07520	0.01120	0.00870	0.36073	0.03690	0.17289	0.07174	0.09680	0.01627	0.02630	0.00592	0.00173	0.00484	0.04629	0.00509	0.00760
57	0.01364	0.01149	0.01656	0.15524	0.22959	0.02454	0.06936	0.13502	0.14479	0.07037	0.02783	0.01583	0.03461	0.00579	0.00522	0.00161	0.00572	0.00517	0.00375	0.02389
58	0.01211	0.00964	0.01118	0.00810	0.01258	0.00779	0.00652	0.09049	0.01220	0.05365	0.00995	0.01112	0.00795	0.00416	0.00400	0.00088	0.00401	0.00330	0.00340	0.72698
59	0.01064	0.00912	0.01064	0.00760	0.01216	0.00684	0.00608	0.01292	0.01064	0.01672	0.00912	0.01064	0.00760	0.00380	0.00380	0.00076	0.00380	0.00304	0.00304	0.85104
60	0.01577	0.06504	0.05276	0.06444	0.10949	0.39871	0.03602	0.06717	0.06142	0.01528	0.01039	0.01349	0.00876	0.02096	0.00528	0.00154	0.00758	0.03639	0.00298	0.00655
61	0.17473	0.01206	0.03113	0.06216	0.45899	0.03540	0.01246	0.07850	0.01195	0.01861	0.00964	0.01279	0.00807	0.04583	0.00576	0.00172	0.00575	0.00432	0.00289	0.00723
62	0.01004	0.02516	0.74401	0.01416	0.02129	0.01143	0.01807	0.01568	0.01077	0.01605	0.01040	0.06105	0.00821	0.00557	0.00498	0.00165	0.00730	0.00446	0.00233	0.00737
63	0.00734	0.00544	0.00689	0.00665	0.00787	0.00512	0.00494	0.01012	0.05112	0.01938	0.61847	0.12499	0.09009	0.01109	0.00607	0.00168	0.00257	0.00980	0.00547	0.00490
64	0.01180	0.02889	0.01223	0.02072	0.01332	0.04281	0.02134	0.06859	0.02306	0.01736	0.00933	0.01091	0.00768	0.00439	0.00466	0.00097	0.04494	0.00335	0.00313	0.65050
65	0.01146	0.00961	0.01108	0.00799	0.01251	0.00768	0.00642	0.08313	0.01189	0.01817	0.00942	0.01080	0.00770	0.00402	0.00392	0.00083	0.00397	0.00319	0.00323	0.77298
66	0.01183	0.01601	0.16769	0.02117	0.08827	0.01272	0.57148	0.01635	0.01184	0.01643	0.01011	0.01320	0.00758	0.00445	0.00576	0.00169	0.00825	0.00552	0.00251	0.00714
67	0.01046	0.08618	0.71167	0.01394	0.02109	0.01234	0.01777	0.01599	0.01091	0.01606	0.03216	0.01146	0.00775	0.00501	0.00479	0.00158	0.00727	0.00388	0.00227	0.00743
68	0.00746	0.00497	0.00560	0.00560	0.00560	0.00497	0.00311	0.00746	0.00746	0.00995	0.01617	0.03358	0.01865	0.81967	0.02612	0.00497	0.00497	0.00746	0.00311	0.00311
69	0.01596	0.09450	0.01591	0.08630	0.05690	0.41894	0.03166	0.09546	0.01417	0.01531	0.04321	0.05211	0.01015	0.00605	0.00506	0.00145	0.02305	0.00450	0.00305	0.00627
70	0.02876	0.11838	0.06239	0.24492	0.18178	0.09040	0.06645	0.02801	0.07411	0.01526	0.01023	0.02660	0.00830	0.00527	0.00505	0.00156	0.01855	0.00451	0.00272	0.00675
71	0.01020	0.00930	0.01518	0.69223	0.07589	0.01132	0.01364	0.03600	0.02326	0.01428	0.00976	0.01391	0.00738	0.00520	0.00506	0.00167	0.00653	0.00459	0.03868	0.00593
72	0.00726	0.00524	0.00686	0.00646	0.00767	0.00484	0.00484	0.00968	0.01452	0.02058	0.78496	0.03833	0.04841	0.01049	0.00605	0.00161	0.00242	0.00928	0.00565	0.00484
73	0.01077	0.01083	0.13149	0.00960	0.01230	0.00883	0.00851	0.18322	0.06893	0.03163	0.08362	0.32138	0.04723	0.01065	0.00582	0.00182	0.00441	0.03823	0.00457	0.00617
74	0.01029	0.02654	0.79309	0.01462	0.02221	0.01192	0.01896	0.01625	0.01083	0.01625	0.00921	0.01083	0.00650	0.00487	0.00487	0.00162	0.00758	0.00379	0.00217	0.00758
75	0.85592	0.00992	0.00754	0.00675	0.00992	0.01151	0.00556	0.01508	0.00873	0.02302	0.00714	0.00834	0.00556	0.00476	0.00318	0.00159	0.00397	0.00278	0.00318	0.00556
76	0.00746	0.00500	0.00570	0.00570	0.00574	0.00503	0.00324	0.00753	0.00749	0.01003	0.01607	0.03303	0.01842	0.78787	0.05760	0.00511	0.00533	0.00738	0.00309	0.00317
77	0.01211	0.01384	0.03028	0.02163	0.02682	0.01298	0.76903	0.01644	0.01211	0.01644	0.01038	0.01384	0.00779	0.00433	0.00606	0.00173	0.00865	0.00606	0.00260	0.00692
78	0.00838	0.00549	0.00722	0.00664	0.00805	0.00503	0.00503	0.01077	0.01454	0.07522	0.73074	0.03685	0.04588	0.01020	0.00599	0.00161	0.00256	0.00899	0.00570	0.00512
79	0.01361	0.06203	0.01300	0.01050	0.01363	0.01360	0.00835	0.11381	0.64194	0.02216	0.01902	0.01766	0.01428	0.00671	0.00509	0.00168	0.00434	0.00547	0.00502	0.00810
80	0.01141	0.00910	0.01072	0.00770	0.01222	0.00688	0.00617	0.01367	0.01089	0.06501	0.00981	0.01107	0.00792	0.00396	0.00388	0.00081	0.00384	0.00317	0.00325	0.79852
81	0.00716	0.00540	0.00640	0.00692	0.00768	0.00529	0.00470	0.00947	0.09492	0.01357	0.02900	0.46433	0.14794	0.16074	0.00988	0.00252	0.00340	0.01172	0.00451	0.00444
82	0.00891	0.00446	0.00668	0.00668	0.00668	0.00446	0.00446	0.00668	0.00668	0.00891	0.00891	0.01560	0.00891	0.01783	0.02005	0.85071	0.00446	0.00446	0.00223	0.00223
83	0.01217	0.01280	0.01558	0.01344	0.01376	0.10921	0.01107	0.01332	0.00866	0.01237	0.00688	0.01099	0.00672	0.00854	0.01538	0.00213	0.71468	0.00435	0.00229	0.00565
84	0.01211	0.01384	0.03028	0.02163	0.02682	0.01298	0.76903	0.01644	0.01211	0.01644	0.01038	0.01384	0.00779	0.00433	0.00606	0.00173	0.00865	0.00606	0.00260	0.00692
85	0.85592	0.00992	0.00754	0.00675	0.00992	0.01151	0.00556	0.01508	0.00873	0.02302	0.00714	0.00834	0.00556	0.00476	0.00318	0.00159	0.00397	0.00278	0.00318	0.00556
86	0.01052	0.00735	0.00838	0.00745	0.00840	0.00801	0.00519	0.15420	0.01106	0.02890	0.01474	0.02619	0.01520	0.51674	0.01917	0.00373	0.07363	0.00641	0.07008	0.00463
87	0.00609	0.00508	0.00532	0.00550	0.00701	0.00431	0.00403	0.00733	0.01140	0.01374	0.04828	0.16899	0.66836	0.01348	0.00614	0.00179	0.00266	0.01142	0.00476	0.00431
88	0.01030	0.00885	0.01418	0.49768	0.06495	0.01047	0.04919	0.03541	0.01082	0.01526	0.01079	0.01463	0.00833	0.00546	0.00542	0.00161	0.04526	0.00468	0.18094	0.00577
89	0.01398	0.78439	0.02629	0.00899	0.01330	0.05774	0.00883	0.01561	0.01062	0.01210	0.00717	0.00828	0.00659	0.00443	0.00336	0.00111	0.00567	0.00277	0.00222	0.00655
90	0.01476	0.67065	0.02454	0.00963	0.01368	0.16869	0.00900	0.01634	0.01121	0.01216	0.00729	0.00843	0.00659	0.00456	0.00355	0.00114	0.00620	0.00285	0.00228	0.00646
91	0.83073	0.01042	0.03094	0.00698	0.01029	0.01152	0.00596	0.01512	0.00879	0.02282	0.00721	0.00841	0.00558	0.00477	0.00323	0.00159	0.00408	0.00281	0.00315	0.00562
92	0.00991	0.00934	0.01579	0.75066	0.09031	0.01146	0.01436	0.01330	0.01036	0.01338	0.00916	0.01361	0.00693	0.00509	0.00513	0.00170	0.00679	0.00456	0.00230	0.00588
93	0.01683	0.01366	0.01385	0.01135	0.01490	0.06146	0.00912	0.43311	0.32052	0.02687	0.01543	0.01482	0.01133	0.00642	0.00514	0.00161	0.00524	0.00501	0.00502	0.00832
94	0.01461	0.27680	0.03987	0.01285	0.10655	0.22667	0.00974	0.04424	0.05328	0.01490	0.00897	0.01025	0.00751	0.00477	0.00417	0.00122	0.00628	0.00342	0.00277	0.15115
95	0.00768	0.00587	0.00882	0.00948	0.05741	0.00666	0.00673	0.00943	0.00840	0.01205	0.01369	0.02078	0.01301	0.09984	0.68700	0.00756	0.01255	0.00560	0.00277	0.00468
96	0.01247	0.00686	0.00881	0.00775	0.00989	0.00646	0.00600	0.01597	0.09883	0.24909	0.40861	0.09620	0.03294	0.00934	0.00574	0.00166	0.00323	0.00812	0.00573	0.00630
97	0.01171	0.04615	0.38939	0.03079	0.09421	0.07366	0.16309	0.01614	0.01141	0.01590	0.00930	0.01142	0.00704	0.00465	0.00495	0.00151	0.00731	0.00417	0.00242	0.09478
98	0.01221	0.01133	0.01076	0.00979	0.01243	0.09275	0.00755	0.02292	0.55612	0.01932	0.04691	0.02344	0.13678	0.00784	0.00532	0.00169	0.00432	0.00644	0.00489	0.00720
99	0.00774	0.00535	0.00701	0.00654	0.00783	0.00492	0.00492	0.01015	0.01453	0.04395	0.76177	0.03770	0.04733	0.01036	0.00602	0.00161	0.00248	0.00915	0.00567	0.00496
100	0.01256	0.10342	0.02158	0.04366	0.54306	0.01286	0.09232	0.01577	0.02637	0.01621	0.00962	0.01234	0.00800	0.00454	0.00491	0.00146	0.00613	0.00445	0.00258	0.05815
101	0.01393	0.01149	0.01214	0.01051	0.01362	0.01308	0.00829	0.18680	0.58245	0.02348	0.02038	0.01898	0.04749	0.00705	0.00524	0.00170	0.00434	0.00576	0.00518	0.00809
102	0.02071	0.00823	0.01110	0.00868	0.01228	0.00713	0.00711	0.02270	0.01452	0.68067	0.09271	0.02100	0.05491	0.00707	0.00529	0.00160	0.00410	0.00583	0.00621	0.00815
103	0.01120	0.00993	0.01539	0.68491	0.03235	0.01209	0.01356	0.12967	0.01239	0.01607	0.00961	0.01347	0.00713	0.00529	0.00513	0.00168	0.00666	0.00457	0.00272	0.00617
104	0.00891	0.00446	0.00668	0.00668	0.00668	0.00446	0.00446	0.00668	0.00668	0.00891	0.00891	0.01560	0.00891	0.01783	0.02005	0.85071	0.00446	0.00446	0.00223	0.00223
105	0.01061	0.02610	0.77371	0.01449	0.02198	0.01181	0.01867	0.01647	0.01093	0.03547	0.00948	0.01100	0.00665	0.00491	0.00488	0.00162	0.00750	0.00383	0.00227	0.00761
106	0.00733	0.00550	0.00825	0.00825	0.00916	0.00641	0.00641	0.00916	0.00825	0.01191	0.01374	0.02016	0.01283	0.03848	0.79934	0.00825	0.01374	0.00550	0.00275	0.00458
107	0.01951	0.01437	0.01540	0.01181	0.01591	0.01591	0.00975	0.77056	0.02412	0.03234	0.01232	0.01232	0.00873	0.00616	0.00513	0.00154	0.00565	0.00462	0.00513	0.00873
108	0.01304	0.01136	0.01175	0.01053	0.01345	0.02796	0.00819	0.04404	0.74655	0.02154	0.02044	0.01880	0.01533	0.00691	0.00521	0.00173	0.00420	0.00573	0.00517	0.00809
109	0.00958	0.00897	0.01507	0.72778	0.03300	0.01105	0.02686	0.01289	0.01046	0.01353	0.04847	0.02790	0.00939	0.00562	0.00540	0.00172	0.01918	0.00499	0.00249	0.00565
110	0.01064	0.00912	0.01064	0.00760	0.01216	0.00684	0.00608	0.01292	0.01064	0.01672	0.00912	0.01064	0.00760	0.00380	0.00380	0.00076	0.00380	0.00304	0.00304	0.85104
111	0.00694	0.00529	0.00639	0.00619	0.00753	0.00479	0.00461	0.00915	0.02709	0.01812	0.50489	0.08980	0.26736	0.01152	0.00607	0.00168	0.00254	0.01001	0.00532	0.00471
112	0.00739	0.00547	0.00811	0.00811	0.00901	0.00634	0.00627	0.00919	0.00829	0.01204	0.01387	0.02044	0.01297	0.05543	0.76316	0.00801	0.01328	0.00553	0.02257	0.00455
113	0.85592	0.00992	0.00754	0.00675	0.00992	0.01151	0.00556	0.01508	0.00873	0.02302	0.00714	0.00834	0.00556	0.00476	0.00318	0.00159	0.00397	0.00278	0.00318	0.00556
114	0.00891	0.00446	0.00668	0.00668	0.00668	0.00446	0.00446	0.00668	0.00668	0.00891	0.00891	0.01560	0.00891	0.01783	0.02005	0.85071	0.00446	0.00446	0.00223	0.00223
115	0.85592	0.00992	0.00754	0.00675	0.00992	0.01151	0.00556	0.01508	0.00873	0.02302	0.00714	0.00834	0.00556	0.00476	0.00318	0.00159	0.00397	0.00278	0.00318	0.00556
116	0.01517	0.61070	0.02361	0.00996	0.01388	0.22717	0.00908	0.01673	0.01152	0.01220	0.00735	0.00850	0.00659	0.00463	0.00365	0.00116	0.00649	0.00289	0.00231	0.00642
117	0.00880	0.00650	0.00795	0.00719	0.00880	0.00640	0.00550	0.09087	0.05391	0.02168	0.64475	0.03492	0.06282	0.00992	0.00591	0.00162	0.00285	0.00865	0.00555	0.00540
118	0.57244	0.01262	0.02525	0.01008	0.06960	0.11843	0.00751	0.04494	0.06473	0.02124	0.00864	0.00975	0.00674	0.00503	0.00376	0.00156	0.00498	0.00329	0.00325	0.00614
119	0.01954	0.01310	0.01448	0.01121	0.01516	0.01415	0.00922	0.61401	0.03606	0.15340	0.01423	0.03765	0.01026	0.00651	0.00518	0.00157	0.00533	0.00503	0.00532	0.00858
120	0.06515	0.01358	0.09127	0.04709	0.54220	0.03458	0.02648	0.01688	0.08135	0.01731	0.01043	0.01279	0.00842	0.00486	0.00496	0.00156	0.00607	0.00449	0.00279	0.00777
121	0.01211	0.01384	0.03028	0.02163	0.02682	0.01298	0.76903	0.01644	0.01211	0.01644	0.01038	0.01384	0.00779	0.00433	0.00606	0.00173	0.00865	0.00606	0.00260	0.00692
122	0.01256	0.01225	0.01982	0.02911	0.69650	0.04391	0.02708	0.01543	0.01169	0.01636	0.01072	0.06122	0.00962	0.00529	0.00517	0.00155	0.00608	0.00515	0.00268	0.00778
123	0.01987	0.01335	0.01473	0.01128	0.01538	0.01437	0.00932	0.63396	0.02231	0.15354	0.01352	0.01311	0.00934	0.00614	0.00511	0.00153	0.00540	0.00467	0.00528	0.02782
124	0.01276	0.01102	0.01160	0.01044	0.01334	0.01276	0.00812	0.02727	0.77840	0.02146	0.02088	0.01914	0.01566	0.00696	0.00522	0.00174	0.00406	0.00580	0.00522	0.00812
125	0.02302	0.00873	0.01191	0.00913	0.01310	0.00754	0.00754	0.02501	0.01469	0.79122	0.02024	0.01746	0.01270	0.00635	0.00516	0.00159	0.00437	0.00516	0.00635	0.00873
126	0.83209	0.01005	0.00777	0.00689	0.01009	0.01164	0.00568	0.03660	0.00917	0.02329	0.00729	0.00845	0.00565	0.00480	0.00323	0.00159	0.00402	0.00283	0.00323	0.00565
127	0.00891	0.00446	0.00668	0.00668	0.00668	0.00446	0.00446	0.00668	0.00668	0.00891	0.00891	0.01560	0.00891	0.01783	0.02005	0.85071	0.00446	0.00446	0.00223	0.00223
128	0.00709	0.00536	0.00685	0.00723	0.00834	0.00468	0.00501	0.00825	0.00998	0.01379	0.02462	0.66226	0.02890	0.01373	0.00602	0.00183	0.00313	0.01238	0.00443	0.16611
129	0.02302	0.00873	0.01191	0.00913	0.01310	0.00754	0.00754	0.02501	0.01469	0.79122	0.02024	0.01746	0.01270	0.00635	0.00516	0.00159	0.00437	0.00516	0.00635	0.00873
130	0.02272	0.00866	0.01181	0.00908	0.01299	0.00749	0.00749	0.02471	0.01468	0.77626	0.03509	0.01787	0.01339	0.00643	0.00518	0.00159	0.00433	0.00524	0.00634	0.00866
131	0.00733	0.00492	0.00563	0.00576	0.00579	0.00489	0.00329	0.00743	0.00772	0.01029	0.01747	0.11751	0.02029	0.73350	0.02402	0.00466	0.00476	0.00823	0.00329	0.00322
132	0.01064	0.00912	0.01064	0.00760	0.01216	0.00684	0.00608	0.01292	0.01064	0.01672	0.00912	0.01064	0.00760	0.00380	0.00380	0.00076	0.00380	0.00304	0.00304	0.85104
133	0.00719	0.00520	0.00664	0.00633	0.00745	0.00481	0.00465	0.00932	0.01369	0.01917	0.66479	0.05680	0.08664	0.07571	0.00767	0.00190	0.00265	0.00934	0.00537	0.00466
134	0.00746	0.00497	0.00560	0.00560	0.00560	0.00497	0.00311	0.00746	0.00746	0.00995	0.01617	0.03358	0.01865	0.81967	0.02612	0.00497	0.00497	0.00746	0.00311	0.00311
135	0.01029	0.02654	0.79309	0.01462	0.02221	0.01192	0.01896	0.01625	0.01083	0.01625	0.00921	0.01083	0.00650	0.00487	0.00487	0.00162	0.00758	0.00379	0.00217	0.00758
136	0.01064	0.00912	0.01064	0.00760	0.01216	0.00684	0.00608	0.01292	0.01064	0.01672	0.00912	0.01064	0.00760	0.00380	0.00380	0.00076	0.00380	0.00304	0.00304	0.85104
137	0.01123	0.01123	0.01572	0.01347	0.01347	0.01572	0.01123	0.01235	0.00786	0.01235	0.00674	0.01123	0.00674	0.00898	0.01684	0.00225	0.81028	0.00449	0.00225	0.00561
138	0.00891	0.00446	0.00668	0.00668	0.00668	0.00446	0.00446	0.00668	0.00668	0.00891	0.00891	0.01560	0.00891	0.01783	0.02005	0.85071	0.00446	0.00446	0.00223	0.00223
139	0.01211	0.01384	0.03028	0.02163	0.02682	0.01298	0.76903	0.01644	0.01211	0.01644	0.01038	0.01384	0.00779	0.00433	0.00606	0.00173	0.00865	0.00606	0.00260	0.00692
140	0.00641	0.00521	0.00567	0.00556	0.00714	0.00448	0.00417	0.00803	0.01251	0.01579	0.26236	0.04621	0.57400	0.01228	0.00606	0.00170	0.00255	0.01038	0.00502	0.00448
141	0.00945	0.00481	0.00489	0.00487	0.00606	0.00479	0.00365	0.01184	0.01095	0.01920	0.05541	0.02010	0.01493	0.00621	0.00371	0.00122	0.00239	0.00501	0.80575	0.00479
142	0.00822	0.00587	0.00822	0.00940	0.01056	0.00587	0.00819	0.01055	0.01177	0.01530	0.02719	0.07507	0.02963	0.01422	0.00707	0.00236	0.00469	0.73639	0.00473	0.00471
143	0.02302	0.00873	0.01191	0.00913	0.01310	0.00754	0.00754	0.02501	0.01469	0.79122	0.02024	0.01746	0.01270	0.00635	0.00516	0.00159	0.00437	0.00516	0.00635	0.00873
144	0.59867	0.02740	0.00956	0.00783	0.01102	0.01136	0.00650	0.04239	0.01037	0.16830	0.00978	0.01038	0.00712	0.00537	0.00447	0.00162	0.05441	0.00340	0.00377	0.00629
145	0.85592	0.00992	0.00754	0.00675	0.00992	0.01151	0.00556	0.01508	0.00873	0.02302	0.00714	0.00834	0.00556	0.00476	0.00318	0.00159	0.00397	0.00278	0.00318	0.00556
146	0.00628	0.00448	0.00598	0.00713	0.00745	0.00418	0.00476	0.00720	0.00993	0.01327	0.04602	0.79809	0.03428	0.01594	0.00654	0.00207	0.00296	0.01446	0.00478	0.00418
147	0.01951	0.01437	0.01540	0.01181	0.01591	0.01591	0.00975	0.77056	0.02412	0.03234	0.01232	0.01232	0.00873	0.00616	0.00513	0.00154	0.00565	0.00462	0.00513	0.00873
148	0.01276	0.01102	0.01160	0.01044	0.01334	0.01276	0.00812	0.02727	0.77840	0.02146	0.02088	0.01914	0.01566	0.00696	0.00522	0.00174	0.00406	0.00580	0.00522	0.00812
149	0.85592	0.00992	0.00754	0.00675	0.00992	0.01151	0.00556	0.01508	0.00873	0.02302	0.00714	0.00834	0.00556	0.00476	0.00318	0.00159	0.00397	0.00278	0.00318	0.00556

[dist]
# distance from previous block
# <min> <max>
0	2

[block]
# block no. 3 follows, 48 sequences, length 56
# corresponding to MSA columns:
# 366-389,391-422
name=unknown_D
#
# <colnr> <probs for GDERKNQSTAVLIFYWHMCP>
#	G	D	E	R	K	N	Q	S	T	A	V	L	I	F	Y	W	H	M	C	P
0	0.00891	0.00446	0.00668	0.00668	0.00668	0.00446	0.00446	0.00668	0.00668	0.00891	0.00891	0.01560	0.00891	0.01783	0.02005	0.85071	0.00446	0.00446	0.00223	0.00223
1	0.00606	0.00520	0.00520	0.00520	0.00693	0.00433	0.00390	0.00736	0.01170	0.01386	0.05198	0.04938	0.78558	0.01299	0.00606	0.00173	0.00260	0.01083	0.00476	0.00433
2	0.01040	0.02579	0.74789	0.01504	0.02248	0.01198	0.06340	0.01626	0.01091	0.01626	0.00928	0.01101	0.00658	0.00484	0.00494	0.00163	0.00765	0.00393	0.00219	0.00754
3	0.00893	0.00447	0.00663	0.00663	0.00666	0.00447	0.00443	0.00685	0.00681	0.00923	0.00915	0.01571	0.00904	0.01746	0.01955	0.82454	0.00439	0.00447	0.02829	0.00231
4	0.20737	0.60301	0.05392	0.00855	0.01279	0.01794	0.00846	0.01534	0.01005	0.01476	0.00722	0.00836	0.00634	0.00450	0.00333	0.00123	0.00522	0.00279	0.00242	0.00639
5	0.68524	0.08760	0.07898	0.00774	0.01144	0.01246	0.00713	0.03060	0.00939	0.02159	0.00743	0.00863	0.00580	0.00477	0.00338	0.00154	0.00447	0.00290	0.00303	0.00590
6	0.01081	0.02316	0.60009	0.01749	0.10840	0.01210	0.12350	0.01622	0.01111	0.01633	0.00942	0.01146	0.00686	0.00476	0.00506	0.00163	0.00757	0.00420	0.00227	0.00755
7	0.00966	0.00911	0.01551	0.76511	0.03435	0.01124	0.03346	0.01303	0.01030	0.01320	0.00968	0.03571	0.00761	0.00541	0.00519	0.00172	0.00678	0.00487	0.00236	0.00569
8	0.00733	0.00511	0.00617	0.00617	0.00650	0.00525	0.00392	0.00784	0.00796	0.01069	0.01832	0.03174	0.07522	0.58219	0.19940	0.00547	0.00678	0.00727	0.00315	0.00353
9	0.01029	0.02654	0.79309	0.01462	0.02221	0.01192	0.01896	0.01625	0.01083	0.01625	0.00921	0.01083	0.00650	0.00487	0.00487	0.00162	0.00758	0.00379	0.00217	0.00758
10	0.00746	0.00497	0.00560	0.00560	0.00560	0.00497	0.00311	0.00746	0.00746	0.00995	0.01617	0.03358	0.01865	0.81967	0.02612	0.00497	0.00497	0.00746	0.00311	0.00311
11	0.01094	0.03629	0.41722	0.08076	0.06534	0.01223	0.25222	0.01586	0.01131	0.01610	0.02742	0.01268	0.00798	0.00483	0.00527	0.00165	0.00762	0.00471	0.00241	0.00717
12	0.01711	0.32550	0.01920	0.01154	0.01485	0.50540	0.00949	0.01856	0.01299	0.01237	0.00763	0.00887	0.00660	0.00495	0.00412	0.00124	0.00783	0.00309	0.00247	0.00619
13	0.02209	0.00853	0.01161	0.00897	0.01278	0.00738	0.00738	0.02410	0.01468	0.74556	0.06555	0.01870	0.01482	0.00660	0.00521	0.00159	0.00425	0.00540	0.00631	0.00850
14	0.01064	0.00912	0.01064	0.00760	0.01216	0.00684	0.00608	0.01292	0.01064	0.01672	0.00912	0.01064	0.00760	0.00380	0.00380	0.00076	0.00380	0.00304	0.00304	0.85104
15	0.01951	0.01437	0.01540	0.01181	0.01591	0.01591	0.00975	0.77056	0.02412	0.03234	0.01232	0.01232	0.00873	0.00616	0.00513	0.00154	0.00565	0.00462	0.00513	0.00873
16	0.00733	0.00550	0.00825	0.00825	0.00916	0.00641	0.00641	0.00916	0.00825	0.01191	0.01374	0.02016	0.01283	0.03848	0.79934	0.00825	0.01374	0.00550	0.00275	0.00458
17	0.01851	0.01357	0.01460	0.01130	0.01515	0.01495	0.00929	0.70486	0.02319	0.03128	0.05822	0.01405	0.01120	0.00641	0.00515	0.00153	0.00537	0.00490	0.02808	0.00839
18	0.01029	0.02654	0.79309	0.01462	0.02221	0.01192	0.01896	0.01625	0.01083	0.01625	0.00921	0.01083	0.00650	0.00487	0.00487	0.00162	0.00758	0.00379	0.00217	0.00758
19	0.01270	0.01219	0.02083	0.03149	0.78767	0.01219	0.01575	0.01575	0.01168	0.01676	0.00965	0.01270	0.00813	0.00457	0.00508	0.00152	0.00610	0.00457	0.00254	0.00813
20	0.01917	0.02445	0.01454	0.01322	0.01586	0.79907	0.00991	0.02049	0.01454	0.01256	0.00793	0.00925	0.00661	0.00529	0.00463	0.00132	0.00925	0.00330	0.00264	0.00595
21	0.00891	0.00446	0.00668	0.00668	0.00668	0.00446	0.00446	0.00668	0.00668	0.00891	0.00891	0.01560	0.00891	0.01783	0.02005	0.85071	0.00446	0.00446	0.00223	0.00223
22	0.85592	0.00992	0.00754	0.00675	0.00992	0.01151	0.00556	0.01508	0.00873	0.02302	0.00714	0.00834	0.00556	0.00476	0.00318	0.00159	0.00397	0.00278	0.00318	0.00556
23	0.79494	0.00984	0.00786	0.00692	0.01016	0.01122	0.00570	0.01581	0.00917	0.07927	0.00810	0.00900	0.00608	0.00488	0.00332	0.00159	0.00400	0.00295	0.00341	0.00579
