[name]
unknown

[dist]
# distance from previous block
# <min> <max>
0	94

[block]
# block no. 0 follows, 52 sequences, length 52
# corresponding to MSA columns:
# 98-106,109-116,118-152
name=unknown_A
#
# <colnr> <probs for GDERKNQSTAVLIFYWHMCP>
#	G	D	E	R	K	N	Q	S	T	A	V	L	I	F	Y	W	H	M	C	P
0	0.04713	0.05830	0.38024	0.01162	0.01638	0.02195	0.03798	0.07036	0.08694	0.05607	0.01222	0.01598	0.00989	0.00851	0.07624	0.00213	0.00664	0.07169	0.00305	0.00668
1	0.03083	0.01594	0.25191	0.02094	0.05036	0.10726	0.02841	0.03677	0.14264	0.16354	0.01241	0.01268	0.00893	0.00515	0.00459	0.00143	0.00571	0.00410	0.00352	0.09289
2	0.09310	0.08404	0.01315	0.01056	0.05542	0.09671	0.02761	0.08690	0.16614	0.21935	0.02161	0.05739	0.01137	0.00601	0.00456	0.00146	0.00482	0.00480	0.00423	0.03077
3	0.00892	0.00799	0.07803	0.00748	0.00984	0.00647	0.01646	0.01258	0.13258	0.09026	0.05210	0.13683	0.34238	0.02830	0.00588	0.00172	0.00350	0.02971	0.00442	0.02457
4	0.02590	0.01053	0.01043	0.02940	0.01193	0.11392	0.00647	0.12456	0.01193	0.03366	0.01054	0.03012	0.00945	0.13786	0.00738	0.00162	0.00478	0.00409	0.00320	0.41222
5	0.00727	0.00544	0.00679	0.00794	0.09102	0.00527	0.00445	0.00785	0.00833	0.01094	0.02135	0.08394	0.15583	0.54296	0.01797	0.00363	0.00429	0.00776	0.00326	0.00372
6	0.10503	0.05550	0.01753	0.03351	0.50631	0.01178	0.02762	0.08368	0.01195	0.08730	0.00985	0.01172	0.00775	0.00461	0.00454	0.00144	0.00539	0.00412	0.00298	0.00738
7	0.06128	0.05019	0.15379	0.01180	0.01527	0.43187	0.01040	0.05445	0.10582	0.02848	0.00947	0.01035	0.00739	0.00519	0.00465	0.00139	0.02550	0.00355	0.00288	0.00630
8	0.00891	0.00488	0.00664	0.00695	0.00776	0.00450	0.00486	0.00940	0.00952	0.13935	0.02253	0.54157	0.03455	0.01395	0.00823	0.15392	0.00327	0.01060	0.00432	0.00431
9	0.02447	0.00926	0.01341	0.10052	0.15324	0.01118	0.01763	0.02693	0.03740	0.01436	0.09167	0.03295	0.05462	0.02598	0.01691	0.00188	0.32756	0.00534	0.02148	0.01321
10	0.01512	0.01192	0.01341	0.08230	0.01553	0.02226	0.00913	0.47261	0.13463	0.02445	0.02744	0.01475	0.04861	0.00646	0.00589	0.00156	0.07737	0.00487	0.00434	0.00734
11	0.00946	0.00878	0.01467	0.57755	0.17944	0.01025	0.01278	0.01252	0.01038	0.01381	0.09347	0.01524	0.01092	0.00529	0.00493	0.00157	0.00587	0.00479	0.00254	0.00574
12	0.01056	0.04197	0.71723	0.01345	0.02026	0.01176	0.01692	0.08343	0.01134	0.01661	0.00891	0.01030	0.00633	0.00470	0.00459	0.00152	0.00696	0.00363	0.00230	0.00724
13	0.00667	0.00491	0.00683	0.00702	0.00775	0.00526	0.00517	0.00807	0.00871	0.01210	0.08738	0.18182	0.06198	0.11028	0.45688	0.00544	0.00861	0.00766	0.00335	0.00412
14	0.01087	0.01012	0.01872	0.24397	0.02300	0.01051	0.32118	0.04668	0.01894	0.05715	0.01125	0.05734	0.00927	0.01987	0.06741	0.00213	0.02823	0.00549	0.00282	0.03507
15	0.67361	0.00938	0.00821	0.00700	0.01018	0.01041	0.00577	0.05313	0.00995	0.16073	0.00918	0.00958	0.00659	0.00483	0.00342	0.00150	0.00389	0.00311	0.00362	0.00593
16	0.01060	0.01060	0.01484	0.01272	0.01272	0.01484	0.01060	0.01166	0.00742	0.01166	0.00636	0.01060	0.00636	0.00848	0.01590	0.00212	0.82082	0.00424	0.00212	0.00530
17	0.01121	0.03196	0.01836	0.25379	0.56080	0.01150	0.01430	0.01415	0.01062	0.01473	0.00891	0.01215	0.00729	0.00446	0.00477	0.00148	0.00594	0.00427	0.00232	0.00699
18	0.01142	0.01092	0.01863	0.19001	0.64371	0.01136	0.01458	0.01437	0.01076	0.01513	0.00901	0.01218	0.00743	0.00442	0.00481	0.00147	0.00590	0.00432	0.00235	0.00721
19	0.01193	0.01168	0.02063	0.02874	0.71622	0.01159	0.09734	0.01494	0.01108	0.01580	0.00919	0.01211	0.00764	0.00429	0.00490	0.00146	0.00602	0.00447	0.00240	0.00755
20	0.00709	0.00491	0.00627	0.00593	0.00707	0.00457	0.00445	0.00938	0.01334	0.01929	0.71292	0.03425	0.04214	0.00945	0.00547	0.00148	0.00228	0.00831	0.09687	0.00457
21	0.01006	0.00982	0.01463	0.01223	0.01276	0.01277	0.09217	0.01126	0.00779	0.01168	0.00831	0.01461	0.00846	0.15369	0.01636	0.00253	0.58867	0.00490	0.00230	0.00501
22	0.10743	0.01155	0.01200	0.00958	0.01287	0.01282	0.00782	0.52326	0.08752	0.02690	0.01242	0.01272	0.00910	0.00572	0.00445	0.00143	0.00459	0.00430	0.12621	0.00734
23	0.00677	0.00489	0.00640	0.00615	0.00722	0.00452	0.00457	0.00893	0.01332	0.01881	0.72861	0.10628	0.04451	0.01037	0.00576	0.00156	0.00233	0.00921	0.00526	0.00452
24	0.17114	0.00845	0.01051	0.00822	0.01184	0.00779	0.00679	0.02195	0.01287	0.66426	0.01692	0.01496	0.01080	0.00573	0.00454	0.00150	0.00406	0.00447	0.00547	0.00772
25	0.00842	0.00421	0.00631	0.00631	0.00631	0.00421	0.00421	0.00631	0.00631	0.00842	0.00842	0.01473	0.00842	0.01684	0.01894	0.85901	0.00421	0.00421	0.00210	0.00210
26	0.01814	0.02207	0.01382	0.01234	0.01499	0.72473	0.00935	0.10150	0.01471	0.01387	0.00794	0.00905	0.00646	0.00508	0.00442	0.00127	0.00837	0.00325	0.00275	0.00590
27	0.10917	0.01341	0.08261	0.01169	0.01443	0.01154	0.00905	0.12090	0.01599	0.02559	0.02043	0.06800	0.01769	0.02043	0.00718	0.00265	0.00593	0.00696	0.42736	0.00900
28	0.01906	0.17769	0.08888	0.01423	0.01790	0.05267	0.02861	0.12175	0.16765	0.04749	0.03365	0.10412	0.07349	0.01139	0.00767	0.00275	0.00714	0.00778	0.00604	0.01003
29	0.77816	0.01418	0.01225	0.01129	0.01465	0.01453	0.00838	0.01893	0.01286	0.02744	0.01394	0.01776	0.01206	0.00915	0.00616	0.00277	0.00619	0.00505	0.00535	0.00889
30	0.01238	0.00973	0.01309	0.21487	0.13446	0.01087	0.01012	0.02009	0.36310	0.11281	0.01546	0.01672	0.01168	0.00593	0.00493	0.00161	0.00483	0.02626	0.00398	0.00708
31	0.01068	0.01005	0.01700	0.23845	0.50844	0.01072	0.01354	0.01353	0.01032	0.01441	0.00940	0.01301	0.00783	0.00794	0.09231	0.00218	0.00673	0.00441	0.00235	0.00670
32	0.00611	0.00437	0.00586	0.00698	0.00736	0.00411	0.00486	0.00711	0.00948	0.01260	0.02660	0.74270	0.03160	0.01499	0.00624	0.00200	0.00299	0.09556	0.00449	0.00399
33	0.02062	0.00877	0.01313	0.00990	0.01378	0.00768	0.09126	0.02274	0.01361	0.71732	0.01811	0.01612	0.01149	0.00579	0.00497	0.00151	0.00456	0.00497	0.00561	0.00806
34	0.01786	0.01329	0.01423	0.01104	0.01481	0.01476	0.00907	0.71610	0.09091	0.02963	0.01235	0.01221	0.00882	0.00588	0.00486	0.00147	0.00520	0.00446	0.00486	0.00819
35	0.68047	0.01097	0.00825	0.00741	0.01033	0.09781	0.00596	0.01604	0.09298	0.02051	0.00822	0.00906	0.00638	0.00478	0.00336	0.00149	0.00430	0.00299	0.00315	0.00555
36	0.01839	0.01461	0.01446	0.01129	0.01502	0.10139	0.00923	0.70034	0.02180	0.02851	0.01118	0.01132	0.00802	0.00573	0.00480	0.00143	0.00570	0.00423	0.00459	0.00796
37	0.00718	0.00554	0.00734	0.00704	0.00811	0.00570	0.00552	0.00918	0.01195	0.01664	0.47762	0.03522	0.11822	0.01326	0.09326	0.00234	0.07631	0.09047	0.00457	0.00455
38	0.01296	0.83261	0.02539	0.00829	0.01244	0.01917	0.00829	0.01451	0.00985	0.01140	0.00674	0.00777	0.00622	0.00415	0.00311	0.00104	0.00518	0.00259	0.00207	0.00622
39	0.01197	0.01350	0.09177	0.01644	0.02040	0.01287	0.42101	0.09936	0.09570	0.01702	0.01041	0.01280	0.00798	0.00530	0.00710	0.00169	0.13999	0.00511	0.00289	0.00670
40	0.01239	0.01073	0.01232	0.01261	0.11857	0.01214	0.00872	0.06519	0.64437	0.02023	0.01786	0.01691	0.01348	0.00623	0.00491	0.00161	0.00417	0.00526	0.00459	0.00770
41	0.01597	0.00701	0.00949	0.00788	0.01060	0.00621	0.00641	0.01800	0.01358	0.49410	0.25677	0.02589	0.02369	0.00784	0.00529	0.00157	0.00359	0.07366	0.00566	0.00679
42	0.00946	0.00893	0.01509	0.73243	0.11657	0.01085	0.01361	0.01265	0.00984	0.01276	0.00867	0.01282	0.00659	0.00479	0.00484	0.00160	0.00638	0.00431	0.00218	0.00563
43	0.00650	0.00485	0.00572	0.00556	0.00681	0.00431	0.00411	0.00781	0.01166	0.01526	0.35998	0.03877	0.39482	0.01177	0.00716	0.09470	0.00257	0.00896	0.00459	0.00408
44	0.00859	0.00487	0.00686	0.00676	0.00711	0.00511	0.00470	0.00837	0.07609	0.00993	0.01004	0.01555	0.00945	0.01786	0.10341	0.67657	0.00510	0.00443	0.01632	0.00288
45	0.01270	0.05806	0.10153	0.08395	0.01667	0.08242	0.05281	0.16919	0.01988	0.01626	0.00871	0.02650	0.00734	0.00654	0.00893	0.00171	0.31349	0.00429	0.00279	0.00625
46	0.00659	0.00521	0.00625	0.09357	0.00954	0.00491	0.00495	0.00826	0.01106	0.01439	0.15890	0.12263	0.43944	0.01081	0.00547	0.00161	0.00288	0.00923	0.07997	0.00433
47	0.01177	0.29892	0.45335	0.01164	0.01742	0.01436	0.01369	0.09846	0.01146	0.01565	0.00835	0.00955	0.00639	0.00458	0.00412	0.00136	0.00629	0.00333	0.00236	0.00696
48	0.01106	0.08340	0.08255	0.00885	0.01264	0.00943	0.01583	0.10214	0.01120	0.02962	0.00976	0.02956	0.00826	0.00812	0.09218	0.00180	0.04943	0.00372	0.00297	0.42749
49	0.14891	0.00950	0.01228	0.01068	0.01153	0.01233	0.00877	0.01261	0.00833	0.08356	0.00977	0.09929	0.00947	0.00835	0.01179	0.00195	0.52756	0.00507	0.00286	0.00541
50	0.55801	0.00896	0.00766	0.00675	0.00952	0.01008	0.00547	0.09651	0.05253	0.02134	0.01338	0.01394	0.09276	0.00570	0.00363	0.00148	0.00365	0.00396	0.07916	0.00551
51	0.01026	0.00983	0.01186	0.01052	0.01128	0.08170	0.02831	0.02869	0.00927	0.01274	0.01402	0.02118	0.08048	0.09702	0.01273	0.00221	0.41620	0.08785	0.04891	0.00493

[dist]
# distance from previous block
# <min> <max>
0	2

[block]
# block no. 1 follows, 52 sequences, length 32
# corresponding to MSA columns:
# 157-179,182-190
name=unknown_B
#
# <colnr> <probs for GDERKNQSTAVLIFYWHMCP>
#	G	D	E	R	K	N	Q	S	T	A	V	L	I	F	Y	W	H	M	C	P
0	0.00987	0.00876	0.01406	0.02034	0.48691	0.00871	0.01041	0.01174	0.00981	0.01376	0.01330	0.14231	0.01382	0.20384	0.00977	0.00230	0.00505	0.00643	0.00285	0.00596
1	0.06415	0.00826	0.01172	0.01446	0.27105	0.02201	0.00850	0.01374	0.02518	0.12386	0.34440	0.02311	0.03531	0.00708	0.00509	0.00149	0.00392	0.00625	0.00424	0.00620
2	0.01151	0.01145	0.02079	0.13124	0.54374	0.01156	0.16852	0.01468	0.01094	0.01532	0.00919	0.01233	0.00745	0.00434	0.00499	0.00150	0.00633	0.00460	0.00238	0.00715
3	0.02806	0.49025	0.23716	0.01032	0.01506	0.12058	0.01101	0.01537	0.01043	0.01273	0.00737	0.00858	0.00618	0.00439	0.00368	0.00121	0.00617	0.00293	0.00214	0.00638
4	0.00819	0.00687	0.00968	0.00853	0.01051	0.00654	0.10706	0.08046	0.02551	0.01600	0.12575	0.14550	0.30862	0.01077	0.00582	0.00173	0.00379	0.10939	0.00437	0.00494
5	0.00972	0.02507	0.80458	0.01381	0.02097	0.01125	0.01790	0.01535	0.01023	0.01535	0.00870	0.01023	0.00614	0.00460	0.00460	0.00153	0.00716	0.00358	0.00205	0.00716
6	0.00614	0.00438	0.00585	0.00695	0.00731	0.00413	0.00482	0.00711	0.00943	0.01253	0.02631	0.72259	0.03123	0.03561	0.00671	0.00207	0.00304	0.09538	0.00445	0.00397
7	0.01070	0.01002	0.01682	0.19890	0.52819	0.01044	0.01321	0.01358	0.01109	0.01555	0.11230	0.01537	0.01240	0.00517	0.00493	0.00149	0.00546	0.00490	0.00273	0.00677
8	0.86392	0.00937	0.00712	0.00637	0.00937	0.01087	0.00525	0.01425	0.00825	0.02174	0.00675	0.00787	0.00525	0.00450	0.00300	0.00150	0.00375	0.00262	0.00300	0.00525
9	0.01060	0.01060	0.01484	0.01272	0.01272	0.01484	0.01060	0.01166	0.00742	0.01166	0.00636	0.01060	0.00636	0.00848	0.01590	0.00212	0.82082	0.00424	0.00212	0.00530
10	0.01353	0.01238	0.01474	0.01400	0.11768	0.08572	0.09303	0.12035	0.41935	0.03377	0.01508	0.01502	0.01137	0.00575	0.00494	0.00155	0.00521	0.00498	0.00411	0.00744
11	0.01253	0.72672	0.12756	0.00902	0.01356	0.01814	0.00955	0.01462	0.00990	0.01192	0.00699	0.00810	0.00621	0.00421	0.00331	0.00110	0.00544	0.00272	0.00207	0.00634
12	0.09680	0.01173	0.01287	0.00997	0.01368	0.01254	0.00823	0.51511	0.01906	0.21460	0.01306	0.01258	0.00895	0.00574	0.00465	0.00146	0.00484	0.00433	0.02189	0.00789
13	0.00837	0.00608	0.00754	0.00676	0.00826	0.00594	0.00518	0.11065	0.01491	0.02089	0.69394	0.03298	0.04081	0.00937	0.00560	0.00152	0.00269	0.00819	0.00527	0.00505
14	0.01252	0.55952	0.02020	0.00830	0.01196	0.01609	0.00773	0.09804	0.08323	0.01452	0.01402	0.01424	0.11098	0.00562	0.00381	0.00122	0.00472	0.00405	0.00296	0.00629
15	0.01077	0.01186	0.02515	0.10587	0.02467	0.01152	0.62706	0.01455	0.01091	0.01479	0.00997	0.01360	0.00769	0.00713	0.07965	0.00220	0.00843	0.00552	0.00243	0.00621
16	0.00609	0.00436	0.00579	0.00662	0.00707	0.00406	0.00451	0.00721	0.01014	0.01374	0.17561	0.67374	0.03469	0.01416	0.00609	0.00188	0.00271	0.01281	0.00466	0.00406
17	0.01235	0.00605	0.00752	0.00782	0.08027	0.00578	0.00534	0.01458	0.01113	0.20597	0.01599	0.01713	0.01188	0.00561	0.00387	0.00125	0.00303	0.00458	0.57413	0.00570
18	0.00842	0.00421	0.00631	0.00631	0.00631	0.00421	0.00421	0.00631	0.00631	0.00842	0.00842	0.01473	0.00842	0.01684	0.01894	0.85901	0.00421	0.00421	0.00210	0.00210
19	0.01248	0.66774	0.02328	0.00918	0.01249	0.01831	0.00876	0.01394	0.00936	0.01145	0.00666	0.00834	0.00625	0.00502	0.00568	0.00125	0.16877	0.00292	0.00208	0.00603
20	0.01005	0.00861	0.01005	0.00718	0.01148	0.00646	0.00574	0.01220	0.01005	0.01579	0.00861	0.01005	0.00718	0.00359	0.00359	0.00072	0.00359	0.00287	0.00287	0.85932
21	0.01214	0.01144	0.01571	0.06167	0.41567	0.04680	0.01172	0.01923	0.31819	0.01723	0.01320	0.01430	0.01035	0.00526	0.00483	0.00152	0.00517	0.00472	0.00339	0.00747
22	0.01109	0.01079	0.01482	0.01262	0.01287	0.01485	0.01052	0.05966	0.00838	0.01284	0.00669	0.01067	0.00648	0.00832	0.01522	0.00208	0.77010	0.00425	0.00229	0.00548
23	0.08945	0.00925	0.01119	0.00870	0.01206	0.00899	0.00712	0.07487	0.03672	0.27912	0.01224	0.01245	0.00883	0.00538	0.00572	0.00132	0.11108	0.00389	0.00404	0.29759
24	0.01271	0.77229	0.08359	0.00870	0.01308	0.01858	0.00901	0.01457	0.00988	0.01170	0.00688	0.00796	0.00621	0.00418	0.00322	0.00107	0.00533	0.00267	0.00207	0.00629
25	0.00881	0.00761	0.01142	0.06511	0.27210	0.00776	0.00882	0.01190	0.09294	0.01464	0.04895	0.37562	0.03491	0.00977	0.00548	0.00171	0.00410	0.00891	0.00373	0.00569
26	0.00618	0.00467	0.00572	0.00600	0.00697	0.00420	0.00429	0.00763	0.01131	0.01501	0.29834	0.33411	0.25285	0.01254	0.00589	0.00172	0.00253	0.01105	0.00479	0.00420
27	0.02174	0.00825	0.01125	0.00862	0.01237	0.00712	0.00712	0.02362	0.01387	0.80282	0.01912	0.01649	0.01200	0.00600	0.00487	0.00150	0.00412	0.00487	0.00600	0.00825
28	0.01417	0.01146	0.01215	0.01029	0.01341	0.01304	0.00818	0.27702	0.53600	0.02368	0.01704	0.01594	0.01262	0.00632	0.00490	0.00158	0.00433	0.00511	0.00490	0.00786
29	0.01552	0.00686	0.00893	0.00743	0.01017	0.00594	0.00591	0.01717	0.01273	0.49207	0.07501	0.11240	0.19152	0.00864	0.00526	0.00158	0.00349	0.00728	0.00546	0.00662
30	0.22198	0.01115	0.01189	0.00933	0.01297	0.01193	0.00771	0.39700	0.01693	0.23373	0.01245	0.01202	0.00852	0.00555	0.00441	0.00148	0.00463	0.00408	0.00471	0.00753
31	0.57164	0.00951	0.01043	0.00843	0.01182	0.01013	0.09002	0.01661	0.00993	0.20629	0.01001	0.01048	0.00708	0.00481	0.00374	0.00151	0.00432	0.00349	0.00365	0.00610

[dist]
# distance from previous block
# <min> <max>
0	2

[block]
# block no. 2 follows, 52 sequences, length 12
# corresponding to MSA columns:
# 194-205
name=unknown_C
#
# <colnr> <probs for GDERKNQSTAVLIFYWHMCP>
#	G	D	E	R	K	N	Q	S	T	A	V	L	I	F	Y	W	H	M	C	P
0	0.01243	0.70049	0.15287	0.00920	0.01383	0.01788	0.00986	0.01465	0.00991	0.01205	0.00706	0.00818	0.00621	0.00422	0.00335	0.00112	0.00551	0.00275	0.00207	0.00637
1	0.09272	0.01143	0.01915	0.02683	0.66651	0.01151	0.07148	0.01486	0.01080	0.01637	0.00894	0.01168	0.00742	0.00432	0.00470	0.00146	0.00575	0.00426	0.00246	0.00736
2	0.01419	0.01122	0.01213	0.01020	0.01323	0.01271	0.00815	0.33590	0.40044	0.02364	0.01576	0.01552	0.01184	0.00909	0.08127	0.00215	0.00532	0.00499	0.00468	0.00759
3	0.00666	0.00489	0.00624	0.00601	0.00715	0.00447	0.00447	0.00872	0.01309	0.01821	0.65694	0.09540	0.12857	0.01056	0.00575	0.00157	0.00234	0.00930	0.00518	0.00447
4	0.00915	0.00861	0.01453	0.81804	0.03338	0.01077	0.01346	0.01238	0.00969	0.01238	0.00861	0.01292	0.00646	0.00484	0.00484	0.00161	0.00646	0.00431	0.00215	0.00538
5	0.00737	0.00467	0.00606	0.00656	0.00712	0.00437	0.00441	0.00827	0.00963	0.07054	0.09709	0.54777	0.02925	0.16194	0.00940	0.00239	0.00320	0.01143	0.00440	0.00413
6	0.00842	0.00421	0.00631	0.00631	0.00631	0.00421	0.00421	0.00631	0.00631	0.00842	0.00842	0.01473	0.00842	0.01684	0.01894	0.85901	0.00421	0.00421	0.00210	0.00210
7	0.01296	0.83261	0.02539	0.00829	0.01244	0.01917	0.00829	0.01451	0.00985	0.01140	0.00674	0.00777	0.00622	0.00415	0.00311	0.00104	0.00518	0.00259	0.00207	0.00622
8	0.01778	0.00848	0.01070	0.00869	0.01193	0.00815	0.00701	0.02275	0.21460	0.52364	0.09569	0.01884	0.01603	0.00653	0.00497	0.00154	0.00387	0.00541	0.00566	0.00774
9	0.00915	0.00861	0.01453	0.81804	0.03338	0.01077	0.01346	0.01238	0.00969	0.01238	0.00861	0.01292	0.00646	0.00484	0.00484	0.00161	0.00646	0.00431	0.00215	0.00538
10	0.01810	0.01361	0.01417	0.01104	0.01478	0.04873	0.00905	0.67700	0.07206	0.05370	0.01222	0.01208	0.00870	0.00584	0.00483	0.00146	0.00534	0.00440	0.00479	0.00809
11	0.78900	0.00974	0.00778	0.00680	0.00987	0.01124	0.00560	0.08240	0.00954	0.02252	0.00718	0.00821	0.00551	0.00462	0.00316	0.00150	0.00389	0.00278	0.00316	0.00551

[dist]
# distance from previous block
# <min> <max>
3	5

[block]
# block no. 3 follows, 52 sequences, length 25
# corresponding to MSA columns:
# 211-235
name=unknown_D
#
# <colnr> <probs for GDERKNQSTAVLIFYWHMCP>
#	G	D	E	R	K	N	Q	S	T	A	V	L	I	F	Y	W	H	M	C	P
0	0.01226	0.10512	0.01799	0.01270	0.01612	0.03693	0.26373	0.01816	0.23183	0.08743	0.09780	0.04015	0.01452	0.00600	0.00523	0.00155	0.01639	0.00567	0.00379	0.00664
1	0.01008	0.00562	0.00726	0.00680	0.00841	0.00508	0.00510	0.01195	0.02615	0.20234	0.29555	0.24950	0.12554	0.01066	0.00563	0.00166	0.00291	0.00934	0.00515	0.00526
2	0.01243	0.02078	0.42978	0.01219	0.01758	0.17454	0.01327	0.09912	0.01228	0.01635	0.00876	0.01005	0.00655	0.00465	0.00442	0.00134	0.00672	0.00346	0.00257	0.14314
3	0.00811	0.00644	0.00754	0.00786	0.00903	0.00685	0.00564	0.01356	0.28943	0.01520	0.02421	0.53669	0.02586	0.01210	0.00574	0.00185	0.00318	0.01080	0.00465	0.00527
4	0.11322	0.01176	0.01248	0.00954	0.01343	0.01225	0.00782	0.48800	0.01770	0.02557	0.01026	0.01078	0.00761	0.00507	0.00430	0.00126	0.00468	0.00376	0.00410	0.23639
5	0.76683	0.01095	0.00788	0.00707	0.01002	0.10263	0.00572	0.01483	0.00888	0.02061	0.00683	0.00797	0.00536	0.00456	0.00316	0.00147	0.00432	0.00268	0.00294	0.00529
6	0.10808	0.01879	0.49940	0.01125	0.01669	0.01048	0.01323	0.09734	0.01150	0.01737	0.01525	0.01593	0.13273	0.00595	0.00463	0.00154	0.00582	0.00462	0.00285	0.00657
7	0.01706	0.02096	0.01267	0.01157	0.01391	0.71775	0.00868	0.01843	0.01332	0.01257	0.00845	0.00981	0.00695	0.00507	0.00426	0.00123	0.00800	0.00328	0.10053	0.00549
8	0.00577	0.00472	0.00510	0.00540	0.00668	0.00405	0.00390	0.00690	0.01057	0.01290	0.04308	0.25602	0.59199	0.01305	0.00585	0.00173	0.00255	0.01118	0.00450	0.00405
9	0.01694	0.01963	0.01322	0.01176	0.01430	0.59577	0.00898	0.14027	0.01453	0.01478	0.00875	0.01032	0.00720	0.00853	0.09205	0.00199	0.00866	0.00354	0.00288	0.00590
10	0.00602	0.00473	0.00548	0.00602	0.00710	0.00420	0.00443	0.00721	0.01041	0.01298	0.03838	0.33187	0.43476	0.01345	0.00600	0.00182	0.00280	0.09375	0.00450	0.00407
11	0.01439	0.00883	0.01034	0.00886	0.01167	0.00925	0.00700	0.02240	0.41304	0.27550	0.14372	0.02046	0.01882	0.00692	0.00504	0.00158	0.00368	0.00581	0.00534	0.00736
12	0.00746	0.00482	0.00718	0.00718	0.00771	0.00535	0.00530	0.00777	0.00724	0.01018	0.01141	0.01788	0.01096	0.05370	0.50259	0.31286	0.00958	0.00490	0.00243	0.00349
13	0.01312	0.01151	0.01701	0.15341	0.39151	0.01263	0.01273	0.22048	0.01364	0.01884	0.00946	0.01193	0.00751	0.00518	0.00582	0.00153	0.07914	0.00432	0.00299	0.00724
14	0.01012	0.00888	0.01069	0.00792	0.01165	0.00758	0.00639	0.01213	0.00970	0.01524	0.00831	0.01012	0.00707	0.00424	0.00523	0.00090	0.11266	0.00305	0.00277	0.74534
15	0.05001	0.79677	0.02460	0.00821	0.01230	0.01881	0.00816	0.01450	0.00978	0.01185	0.00674	0.00778	0.00618	0.00416	0.00310	0.00106	0.00512	0.00259	0.00211	0.00618
16	0.63745	0.00965	0.00859	0.00725	0.01047	0.01072	0.00598	0.09932	0.01073	0.14752	0.00926	0.00966	0.00665	0.00488	0.00350	0.00149	0.00398	0.00317	0.00368	0.00605
17	0.01166	0.01039	0.01390	0.01154	0.01422	0.01167	0.13149	0.05354	0.45388	0.02954	0.08640	0.01843	0.01538	0.00676	0.00635	0.00168	0.09325	0.01873	0.00427	0.00693
18	0.01036	0.01015	0.01429	0.01220	0.01298	0.02961	0.06297	0.01288	0.07841	0.01264	0.00888	0.01276	0.00811	0.01239	0.14095	0.00293	0.54498	0.00458	0.00248	0.00545
19	0.00634	0.00493	0.00582	0.00608	0.00733	0.00441	0.00466	0.00790	0.01140	0.01462	0.20791	0.15762	0.39791	0.01234	0.00594	0.00175	0.00279	0.13132	0.00468	0.00423
20	0.02174	0.00825	0.01125	0.00862	0.01237	0.00712	0.00712	0.02362	0.01387	0.80282	0.01912	0.01649	0.01200	0.00600	0.00487	0.00150	0.00412	0.00487	0.00600	0.00825
21	0.00676	0.00495	0.00634	0.00599	0.00718	0.00453	0.00449	0.00895	0.01348	0.01886	0.72958	0.03714	0.11341	0.01012	0.00572	0.00153	0.00230	0.00890	0.00526	0.00453
22	0.72876	0.01156	0.00818	0.00735	0.01027	0.13861	0.00591	0.01506	0.00912	0.02016	0.00687	0.00801	0.00541	0.00458	0.00322	0.00146	0.00455	0.00270	0.00292	0.00531
23	0.01705	0.18890	0.01612	0.01163	0.01446	0.64822	0.00914	0.01836	0.01294	0.01177	0.00734	0.00854	0.00624	0.00482	0.00411	0.00121	0.00801	0.00301	0.00241	0.00574
24	0.01023	0.00902	0.01407	0.44856	0.17012	0.01030	0.01180	0.10044	0.01138	0.01511	0.01195	0.14262	0.01098	0.00651	0.00505	0.00162	0.00562	0.00583	0.00288	0.00591

[dist]
# distance from previous block
# <min> <max>
0	7

[block]
# block no. 4 follows, 52 sequences, length 13
# corresponding to MSA columns:
# 243-255
name=unknown_E
#
# <colnr> <probs for GDERKNQSTAVLIFYWHMCP>
#	G	D	E	R	K	N	Q	S	T	A	V	L	I	F	Y	W	H	M	C	P
0	0.01158	0.42352	0.32848	0.01291	0.10614	0.01521	0.01279	0.01488	0.01013	0.01345	0.00777	0.00922	0.00635	0.00434	0.00389	0.00128	0.00602	0.00318	0.00210	0.00675
1	0.01296	0.83261	0.02539	0.00829	0.01244	0.01917	0.00829	0.01451	0.00985	0.01140	0.00674	0.00777	0.00622	0.00415	0.00311	0.00104	0.00518	0.00259	0.00207	0.00622
2	0.00890	0.04848	0.49586	0.01120	0.01603	0.00954	0.01309	0.01304	0.01083	0.01575	0.19054	0.08456	0.01739	0.00683	0.00536	0.00157	0.03621	0.00561	0.00301	0.00619
3	0.00607	0.00444	0.00571	0.00641	0.00702	0.00408	0.00442	0.00725	0.01036	0.01385	0.18180	0.58046	0.12265	0.01380	0.00604	0.00184	0.00267	0.01238	0.00466	0.00408
4	0.01405	0.01140	0.01208	0.01026	0.01336	0.01298	0.00815	0.26276	0.55045	0.02348	0.01719	0.01606	0.01274	0.00634	0.00490	0.00158	0.00430	0.00513	0.00490	0.00785
5	0.00599	0.00487	0.00498	0.00498	0.00630	0.00421	0.00353	0.00697	0.01025	0.01236	0.04237	0.04367	0.64254	0.17469	0.00949	0.00224	0.00290	0.00960	0.00419	0.00386
6	0.00609	0.00449	0.00570	0.00630	0.00700	0.00410	0.00438	0.00731	0.01055	0.01405	0.20048	0.52471	0.15996	0.01354	0.00601	0.00182	0.00264	0.01209	0.00468	0.00410
7	0.01296	0.83261	0.02539	0.00829	0.01244	0.01917	0.00829	0.01451	0.00985	0.01140	0.00674	0.00777	0.00622	0.00415	0.00311	0.00104	0.00518	0.00259	0.00207	0.00622
8	0.00818	0.00634	0.00762	0.00706	0.00861	0.00648	0.00536	0.01338	0.21168	0.01965	0.59889	0.03158	0.03784	0.00906	0.00552	0.00155	0.00268	0.00793	0.00523	0.00536
9	0.00915	0.00861	0.01453	0.81804	0.03338	0.01077	0.01346	0.01238	0.00969	0.01238	0.00861	0.01292	0.00646	0.00484	0.00484	0.00161	0.00646	0.00431	0.00215	0.00538
10	0.01204	0.01135	0.01868	0.07374	0.68256	0.01162	0.01418	0.04005	0.05813	0.01637	0.00980	0.01240	0.00805	0.00453	0.00481	0.00146	0.00567	0.00439	0.00262	0.00756
11	0.00696	0.00482	0.00586	0.00616	0.00650	0.00471	0.00401	0.00752	0.00813	0.01090	0.01879	0.21361	0.02160	0.50589	0.03858	0.00376	0.00443	0.09514	0.00345	0.02917
12	0.01167	0.01150	0.01806	0.22140	0.56499	0.05939	0.01420	0.01453	0.01087	0.01475	0.00889	0.01202	0.00729	0.00449	0.00478	0.00147	0.00611	0.00424	0.00234	0.00699

[dist]
# distance from previous block
# <min> <max>
0	1

[block]
# block no. 5 follows, 52 sequences, length 10
# corresponding to MSA columns:
# 257-266
name=unknown_F
#
# <colnr> <probs for GDERKNQSTAVLIFYWHMCP>
#	G	D	E	R	K	N	Q	S	T	A	V	L	I	F	Y	W	H	M	C	P
0	0.01062	0.00770	0.00918	0.00742	0.01034	0.00688	0.00584	0.04403	0.10944	0.09371	0.29091	0.02101	0.02231	0.00652	0.00468	0.00122	0.00328	0.00554	0.00438	0.33499
1	0.00879	0.00540	0.00666	0.00628	0.00790	0.00477	0.00478	0.01047	0.01220	0.14294	0.29810	0.13869	0.28902	0.01085	0.00567	0.00164	0.00278	0.03311	0.00503	0.00492
2	0.01148	0.01259	0.11305	0.01384	0.09365	0.03238	0.04048	0.12102	0.01063	0.01519	0.00904	0.02574	0.00819	0.06565	0.04264	0.00224	0.36889	0.00460	0.00266	0.00602
3	0.01184	0.01061	0.01681	0.13617	0.49810	0.01108	0.01295	0.10959	0.01245	0.01727	0.05043	0.01629	0.01092	0.00550	0.00499	0.00153	0.00554	0.05794	0.00296	0.00704
4	0.00922	0.00867	0.01384	0.44054	0.02332	0.01099	0.03898	0.01157	0.00884	0.01207	0.00919	0.03162	0.00806	0.03888	0.09918	0.00256	0.22027	0.00475	0.00228	0.00517
5	0.01210	0.01338	0.07412	0.02337	0.48903	0.08313	0.10908	0.01509	0.01116	0.01540	0.00897	0.01149	0.00734	0.00429	0.00472	0.00137	0.00618	0.00417	0.00244	0.10316
6	0.00853	0.00531	0.00646	0.00616	0.00664	0.00542	0.00397	0.04617	0.00817	0.05200	0.01418	0.02639	0.01510	0.55560	0.11039	0.11112	0.00557	0.00624	0.00305	0.00353
7	0.04542	0.01488	0.01599	0.01764	0.27180	0.25684	0.06462	0.08206	0.06190	0.03557	0.00966	0.01121	0.00768	0.00476	0.00457	0.00135	0.00638	0.00395	0.00295	0.08075
8	0.00878	0.00687	0.01010	0.00894	0.01040	0.00751	0.07598	0.10549	0.00986	0.01374	0.01290	0.01965	0.01210	0.15911	0.50924	0.00594	0.01024	0.00544	0.00292	0.00479
9	0.01007	0.02263	0.64719	0.01515	0.02186	0.01146	0.17286	0.01538	0.01048	0.01538	0.00892	0.01081	0.00639	0.00450	0.00483	0.00155	0.00737	0.00401	0.00213	0.00703

[dist]
# distance from previous block
# <min> <max>
0	10

[block]
# block no. 6 follows, 52 sequences, length 19
# corresponding to MSA columns:
# 277-295
name=unknown_G
#
# <colnr> <probs for GDERKNQSTAVLIFYWHMCP>
#	G	D	E	R	K	N	Q	S	T	A	V	L	I	F	Y	W	H	M	C	P
0	0.00846	0.00536	0.00678	0.00624	0.00779	0.00481	0.00479	0.01049	0.01314	0.11302	0.53514	0.03634	0.19027	0.00999	0.00564	0.00156	0.00260	0.02745	0.00523	0.00492
1	0.01657	0.02054	0.01256	0.01149	0.01364	0.69844	0.00847	0.01764	0.01280	0.01152	0.00857	0.01193	0.00782	0.11945	0.00719	0.00173	0.00818	0.00367	0.00256	0.00525
2	0.00972	0.02507	0.80458	0.01381	0.02097	0.01125	0.01790	0.01535	0.01023	0.01535	0.00870	0.01023	0.00614	0.00460	0.00460	0.00153	0.00716	0.00358	0.00205	0.00716
3	0.00631	0.00502	0.00555	0.00577	0.00711	0.00447	0.00443	0.00759	0.01058	0.01293	0.04021	0.04646	0.54605	0.11159	0.00822	0.00213	0.00314	0.16410	0.00430	0.00403
4	0.01895	0.00796	0.01112	0.07929	0.01392	0.00725	0.00776	0.02099	0.01318	0.63828	0.01899	0.02081	0.01344	0.00679	0.00509	0.00160	0.00437	0.09719	0.00548	0.00754
5	0.00805	0.00439	0.00634	0.00634	0.00644	0.00449	0.00425	0.00669	0.00659	0.00888	0.00990	0.01759	0.01013	0.13193	0.11204	0.64117	0.00530	0.00472	0.00228	0.00248
6	0.01677	0.13107	0.01523	0.01126	0.01436	0.40546	0.00898	0.21384	0.10611	0.01753	0.00987	0.01043	0.00774	0.00527	0.00438	0.00132	0.00681	0.00364	0.00332	0.00661
7	0.01012	0.00885	0.01307	0.20650	0.21131	0.00943	0.01066	0.02601	0.12641	0.01550	0.01495	0.03780	0.01382	0.00716	0.00522	0.00165	0.00507	0.19254	0.00334	0.08059
8	0.04648	0.29218	0.01603	0.00914	0.01257	0.01422	0.00782	0.08117	0.36214	0.06569	0.01377	0.01331	0.01058	0.00548	0.00418	0.00138	0.00442	0.00418	0.00388	0.03136
9	0.69801	0.01006	0.00849	0.00725	0.01041	0.01148	0.00597	0.14556	0.01087	0.04347	0.00790	0.00874	0.00593	0.00476	0.00336	0.00149	0.00403	0.00298	0.00339	0.00584
10	0.01206	0.46016	0.18095	0.01488	0.21517	0.01562	0.01191	0.01477	0.01023	0.01333	0.00774	0.00935	0.00657	0.00428	0.00384	0.00124	0.00573	0.00323	0.00215	0.00678
11	0.00778	0.00674	0.01030	0.00990	0.03252	0.00702	0.09676	0.00941	0.00993	0.01325	0.03520	0.28365	0.13743	0.04472	0.00821	0.00204	0.11739	0.15930	0.00381	0.00463
12	0.00681	0.00460	0.00535	0.00558	0.00564	0.00454	0.00325	0.00699	0.00750	0.01000	0.01760	0.19376	0.02056	0.66363	0.02090	0.00414	0.00431	0.00842	0.00325	0.00314
13	0.00685	0.00460	0.00581	0.00610	0.00630	0.00465	0.00389	0.00713	0.00767	0.01034	0.01733	0.23556	0.01981	0.43644	0.12841	0.07896	0.00531	0.00830	0.00322	0.00332
14	0.00631	0.00460	0.00598	0.00667	0.00737	0.00428	0.00481	0.00765	0.01061	0.01417	0.18959	0.48716	0.11744	0.01356	0.00610	0.00187	0.00286	0.10017	0.00467	0.00415
15	0.01242	0.00876	0.00970	0.00861	0.01111	0.00958	0.00672	0.02176	0.49768	0.12852	0.11339	0.02005	0.01788	0.00679	0.00484	0.00155	0.00350	0.00568	0.10445	0.00701
16	0.01279	0.01195	0.01129	0.01018	0.01289	0.10881	0.00788	0.02497	0.69652	0.01925	0.01824	0.01695	0.01376	0.00638	0.00486	0.00160	0.00443	0.00519	0.00464	0.00742
17	0.74582	0.12363	0.00966	0.00664	0.00980	0.01202	0.00567	0.01428	0.00847	0.02031	0.00675	0.00786	0.00538	0.00445	0.00301	0.00144	0.00395	0.00262	0.00287	0.00538
18	0.01405	0.01365	0.01289	0.01118	0.01361	0.31290	0.09783	0.01679	0.07987	0.12280	0.01410	0.13986	0.01265	0.01055	0.10265	0.00227	0.00719	0.00578	0.00351	0.00585

[dist]
# distance from previous block
# <min> <max>
0	1

[block]
# block no. 7 follows, 52 sequences, length 10
# corresponding to MSA columns:
# 297-306
name=unknown_H
#
# <colnr> <probs for GDERKNQSTAVLIFYWHMCP>
#	G	D	E	R	K	N	Q	S	T	A	V	L	I	F	Y	W	H	M	C	P
0	0.86392	0.00937	0.00712	0.00637	0.00937	0.01087	0.00525	0.01425	0.00825	0.02174	0.00675	0.00787	0.00525	0.00450	0.00300	0.00150	0.00375	0.00262	0.00300	0.00525
1	0.01241	0.08441	0.04428	0.01039	0.01290	0.06190	0.00861	0.08024	0.41072	0.01758	0.01427	0.01521	0.01137	0.04823	0.00757	0.00178	0.14271	0.00479	0.00383	0.00680
2	0.00668	0.00492	0.00625	0.00598	0.00715	0.00449	0.00446	0.00878	0.01321	0.01836	0.67333	0.06959	0.13794	0.01041	0.00574	0.00156	0.00233	0.00915	0.00520	0.00449
3	0.00997	0.08861	0.74327	0.01338	0.02030	0.01188	0.01715	0.01528	0.01020	0.01504	0.00854	0.01004	0.00615	0.00457	0.00449	0.00150	0.00701	0.00350	0.00205	0.00709
4	0.00676	0.00495	0.00634	0.00599	0.00718	0.00453	0.00449	0.00895	0.01348	0.01887	0.73083	0.03712	0.11215	0.01012	0.00572	0.00153	0.00230	0.00889	0.00526	0.00453
5	0.00654	0.00481	0.00629	0.00674	0.00715	0.00480	0.00464	0.00760	0.00984	0.01347	0.19330	0.49514	0.03158	0.12765	0.00922	0.00226	0.04944	0.01119	0.00433	0.00401
6	0.07983	0.02766	0.02947	0.01297	0.14624	0.03580	0.00919	0.22651	0.03658	0.32611	0.01370	0.01329	0.00942	0.00548	0.00466	0.00146	0.00492	0.00437	0.00456	0.00777
7	0.00841	0.19571	0.01144	0.00750	0.00896	0.00880	0.00607	0.00966	0.00808	0.01089	0.01157	0.01782	0.01125	0.12913	0.47914	0.05421	0.00963	0.00477	0.00249	0.00446
8	0.00935	0.00787	0.00930	0.00710	0.01073	0.00603	0.00553	0.01128	0.00992	0.01521	0.01167	0.14813	0.01138	0.00555	0.00403	0.00093	0.00346	0.00472	0.00315	0.71466
9	0.01560	0.13058	0.14917	0.01094	0.01525	0.01431	0.01029	0.47122	0.04893	0.04298	0.01144	0.03741	0.00872	0.00571	0.00461	0.00143	0.00545	0.00434	0.00400	0.00761

[dist]
# distance from previous block
# <min> <max>
2	8

[block]
# block no. 8 follows, 52 sequences, length 22
# corresponding to MSA columns:
# 315-336
name=unknown_I
#
# <colnr> <probs for GDERKNQSTAVLIFYWHMCP>
#	G	D	E	R	K	N	Q	S	T	A	V	L	I	F	Y	W	H	M	C	P
0	0.01130	0.00925	0.01366	0.01398	0.20185	0.00830	0.07833	0.01439	0.05590	0.08543	0.07431	0.04185	0.02453	0.00537	0.00460	0.00124	0.00445	0.01723	0.00341	0.33063
1	0.00791	0.00922	0.13001	0.04374	0.01309	0.00682	0.10984	0.01056	0.01117	0.01550	0.23386	0.22969	0.05372	0.00952	0.00561	0.00167	0.00431	0.05871	0.00392	0.04114
2	0.04212	0.27347	0.03613	0.23818	0.01823	0.04442	0.03631	0.01305	0.00963	0.01285	0.00933	0.06482	0.00843	0.00579	0.00565	0.00147	0.11120	0.00431	0.05903	0.00557
3	0.01388	0.01073	0.01219	0.01189	0.09385	0.02935	0.00848	0.07441	0.53954	0.12367	0.01774	0.01661	0.01307	0.00618	0.00489	0.00158	0.00428	0.00515	0.00475	0.00774
4	0.00644	0.00461	0.00621	0.00714	0.00771	0.00437	0.00523	0.00777	0.01025	0.01373	0.12478	0.55816	0.03289	0.01412	0.00624	0.00197	0.00310	0.17656	0.00460	0.00413
5	0.01142	0.01113	0.01317	0.01651	0.28645	0.13627	0.01006	0.01553	0.13694	0.01585	0.08366	0.02470	0.04640	0.00745	0.00526	0.00162	0.00523	0.16250	0.00358	0.00628
6	0.27851	0.00859	0.00999	0.00794	0.01146	0.00827	0.00655	0.02076	0.01216	0.56468	0.01535	0.01387	0.00994	0.00554	0.00430	0.00150	0.00401	0.00419	0.00508	0.00733
7	0.01060	0.01060	0.01484	0.01272	0.01272	0.01484	0.01060	0.01166	0.00742	0.01166	0.00636	0.01060	0.00636	0.00848	0.01590	0.00212	0.82082	0.00424	0.00212	0.00530
8	0.01127	0.00959	0.01028	0.00929	0.01179	0.01093	0.00720	0.02325	0.67358	0.02015	0.13688	0.02081	0.01946	0.00708	0.00505	0.00163	0.00360	0.00597	0.00499	0.00720
9	0.09752	0.00915	0.01137	0.00880	0.01250	0.00865	0.00727	0.13728	0.01470	0.61566	0.01687	0.01498	0.01082	0.00583	0.00470	0.00149	0.00427	0.00459	0.00555	0.00797
10	0.54571	0.00954	0.00930	0.12926	0.01378	0.01065	0.00691	0.08335	0.01002	0.02034	0.00772	0.00926	0.00596	0.00455	0.00352	0.00141	0.00428	0.00307	0.00302	0.11835
11	0.00812	0.00468	0.00511	0.00500	0.00618	0.00449	0.00375	0.01029	0.01125	0.01800	0.23974	0.02578	0.09294	0.00745	0.00426	0.00129	0.00228	0.00624	0.53866	0.00449
12	0.00877	0.00651	0.00881	0.00845	0.00980	0.00735	0.00676	0.12561	0.01049	0.01459	0.01445	0.02263	0.01361	0.02871	0.58288	0.00610	0.01070	0.10567	0.00318	0.00493
13	0.01227	0.00630	0.00690	0.00604	0.00794	0.00631	0.00474	0.11520	0.01241	0.14279	0.01578	0.01697	0.01180	0.00572	0.00381	0.00123	0.00296	0.00455	0.61068	0.00559
14	0.00619	0.00502	0.00555	0.00567	0.00716	0.00438	0.00442	0.00771	0.01142	0.01414	0.14433	0.04647	0.58219	0.01213	0.00587	0.00171	0.00273	0.12409	0.00460	0.00421
15	0.17899	0.06309	0.01141	0.00818	0.01181	0.00862	0.00685	0.02126	0.01255	0.60399	0.01598	0.01430	0.01035	0.00559	0.00441	0.00147	0.00412	0.00430	0.00518	0.00755
16	0.08401	0.00528	0.00573	0.00592	0.00716	0.00499	0.00440	0.00813	0.01015	0.01382	0.08382	0.14420	0.36079	0.13516	0.00852	0.00220	0.00320	0.10427	0.00418	0.00408
17	0.01296	0.83261	0.02539	0.00829	0.01244	0.01917	0.00829	0.01451	0.00985	0.01140	0.00674	0.00777	0.00622	0.00415	0.00311	0.00104	0.00518	0.00259	0.00207	0.00622
18	0.01011	0.00888	0.01151	0.11632	0.08574	0.00749	0.00759	0.01247	0.01009	0.01534	0.00866	0.01060	0.00713	0.00382	0.00386	0.00090	0.00416	0.00319	0.00273	0.66939
19	0.13892	0.00805	0.01128	0.01075	0.07197	0.00812	0.10880	0.03125	0.08884	0.08789	0.06978	0.23696	0.05851	0.00871	0.00519	0.00168	0.00415	0.02969	0.01377	0.00570
20	0.51805	0.09485	0.01315	0.02549	0.01278	0.01251	0.10911	0.01401	0.00874	0.01815	0.00713	0.00906	0.00582	0.00501	0.00535	0.00157	0.12770	0.00331	0.00268	0.00553
21	0.03053	0.00905	0.01393	0.64450	0.04695	0.01105	0.01235	0.02781	0.12764	0.01419	0.01031	0.01353	0.00775	0.00510	0.00481	0.00161	0.00596	0.00444	0.00264	0.00583

[dist]
# distance from previous block
# <min> <max>
0	8

[block]
# block no. 9 follows, 52 sequences, length 49
# corresponding to MSA columns:
# 345-393
name=unknown_J
#
# <colnr> <probs for GDERKNQSTAVLIFYWHMCP>
#	G	D	E	R	K	N	Q	S	T	A	V	L	I	F	Y	W	H	M	C	P
0	0.00806	0.00668	0.01002	0.08815	0.08679	0.00784	0.00768	0.00972	0.00813	0.01157	0.01176	0.01866	0.01129	0.14300	0.44972	0.00548	0.10305	0.00519	0.00253	0.00466
1	0.00689	0.00484	0.00576	0.00610	0.00657	0.00470	0.00415	0.00758	0.00862	0.01120	0.02304	0.12502	0.12496	0.47340	0.01664	0.00351	0.00415	0.15575	0.00361	0.00350
2	0.02174	0.00825	0.01125	0.00862	0.01237	0.00712	0.00712	0.02362	0.01387	0.80282	0.01912	0.01649	0.01200	0.00600	0.00487	0.00150	0.00412	0.00487	0.00600	0.00825
3	0.00854	0.00651	0.00768	0.00695	0.00863	0.00652	0.00533	0.08570	0.11768	0.01991	0.53475	0.03258	0.12153	0.00933	0.00553	0.00155	0.00280	0.00807	0.00514	0.00528
4	0.86392	0.00937	0.00712	0.00637	0.00937	0.01087	0.00525	0.01425	0.00825	0.02174	0.00675	0.00787	0.00525	0.00450	0.00300	0.00150	0.00375	0.00262	0.00300	0.00525
5	0.37613	0.01180	0.01140	0.00913	0.01264	0.01327	0.00753	0.45793	0.01663	0.02682	0.00957	0.01004	0.00697	0.00526	0.00407	0.00147	0.00466	0.00363	0.00407	0.00697
6	0.01875	0.00973	0.01112	0.00919	0.01243	0.08622	0.00748	0.02218	0.11696	0.54535	0.01869	0.01962	0.01334	0.00669	0.00501	0.00156	0.00457	0.07819	0.00537	0.00755
7	0.01296	0.83261	0.02539	0.00829	0.01244	0.01917	0.00829	0.01451	0.00985	0.01140	0.00674	0.00777	0.00622	0.00415	0.00311	0.00104	0.00518	0.00259	0.00207	0.00622
8	0.10059	0.01149	0.01247	0.00993	0.01348	0.01247	0.00811	0.41092	0.16716	0.18177	0.01420	0.01347	0.00996	0.00587	0.00469	0.00150	0.00465	0.00451	0.00491	0.00784
9	0.00612	0.00439	0.00582	0.00660	0.00708	0.00408	0.00452	0.00730	0.01030	0.01399	0.20339	0.64523	0.03519	0.01397	0.00608	0.00187	0.00269	0.01263	0.00469	0.00408
10	0.00934	0.00592	0.00754	0.00680	0.00844	0.00563	0.00521	0.01267	0.08859	0.12375	0.61854	0.03183	0.03826	0.00907	0.00553	0.00153	0.00268	0.00793	0.00538	0.00536
11	0.01717	0.01237	0.01321	0.01027	0.01378	0.01363	0.00844	0.68059	0.02111	0.02888	0.01219	0.01249	0.00880	0.00579	0.00465	0.00141	0.00492	0.00438	0.11818	0.00775
12	0.00607	0.00442	0.00576	0.00678	0.00727	0.00411	0.00474	0.00708	0.00963	0.01265	0.02880	0.67625	0.10655	0.01473	0.00619	0.00196	0.00293	0.08559	0.00450	0.00400
13	0.00842	0.00421	0.00631	0.00631	0.00631	0.00421	0.00421	0.00631	0.00631	0.00842	0.00842	0.01473	0.00842	0.01684	0.01894	0.85901	0.00421	0.00421	0.00210	0.00210
14	0.01354	0.68797	0.03776	0.00891	0.01287	0.10693	0.00855	0.03898	0.01076	0.01226	0.02027	0.00852	0.00695	0.00440	0.00338	0.00109	0.00557	0.00283	0.00226	0.00620
15	0.00778	0.00610	0.00690	0.00680	0.00834	0.00605	0.00507	0.01198	0.18960	0.03263	0.16062	0.21419	0.29048	0.01112	0.00564	0.00170	0.00289	0.02227	0.00477	0.00505
16	0.01442	0.01532	0.16911	0.01646	0.16925	0.02276	0.11473	0.36625	0.01632	0.02233	0.01047	0.02141	0.00787	0.00517	0.00492	0.00149	0.00615	0.00448	0.00348	0.00761
17	0.01061	0.21025	0.60324	0.01262	0.01898	0.02508	0.02600	0.01522	0.01021	0.01439	0.00824	0.00968	0.00618	0.00450	0.00427	0.00142	0.00674	0.00338	0.00206	0.00691
18	0.08989	0.00573	0.00751	0.00817	0.00935	0.00603	0.00682	0.00980	0.00994	0.01425	0.02135	0.10877	0.03318	0.01793	0.19025	0.00340	0.00617	0.44309	0.00390	0.00446
19	0.00644	0.00504	0.00590	0.00644	0.00740	0.00476	0.00454	0.00864	0.08474	0.01336	0.03336	0.49384	0.28089	0.01341	0.00592	0.00183	0.00279	0.01182	0.00454	0.00434
20	0.00903	0.00452	0.00452	0.00452	0.00565	0.00452	0.00339	0.01129	0.01016	0.01807	0.01581	0.01807	0.01242	0.00565	0.00339	0.00113	0.00226	0.00452	0.85659	0.00452
21	0.00781	0.00639	0.00948	0.00847	0.01011	0.00611	0.10821	0.01085	0.08657	0.03042	0.27175	0.27841	0.12465	0.01067	0.00577	0.00170	0.00344	0.00971	0.00456	0.00494
22	0.00936	0.00895	0.01573	0.60442	0.07885	0.01052	0.09556	0.01252	0.00978	0.01283	0.00919	0.01346	0.00718	0.00775	0.08214	0.00220	0.00722	0.00454	0.00224	0.00555
23	0.01205	0.01041	0.01096	0.00986	0.01260	0.01205	0.00767	0.02575	0.79071	0.02027	0.01972	0.01808	0.01479	0.00657	0.00493	0.00164	0.00384	0.00548	0.00493	0.00767
24	0.00688	0.00481	0.00570	0.00566	0.00604	0.00481	0.00358	0.00745	0.00818	0.01097	0.09318	0.03192	0.09589	0.56559	0.12555	0.00451	0.00535	0.00728	0.00327	0.00339
25	0.01168	0.00895	0.00988	0.00886	0.01137	0.00990	0.00692	0.03274	0.51599	0.09358	0.03221	0.02194	0.11868	0.01017	0.08265	0.00222	0.00456	0.00605	0.00475	0.00690
26	0.01286	0.09120	0.09536	0.10735	0.46106	0.01156	0.01335	0.01578	0.01108	0.11970	0.01012	0.01211	0.00783	0.00461	0.00463	0.00144	0.00570	0.00415	0.00279	0.00732
27	0.00782	0.00592	0.00767	0.00804	0.00875	0.00628	0.00599	0.08208	0.01064	0.01433	0.02313	0.56590	0.02670	0.01339	0.00708	0.00197	0.08332	0.11214	0.00429	0.00455
28	0.09237	0.22235	0.53635	0.01174	0.01776	0.01317	0.01433	0.01504	0.00995	0.01499	0.00803	0.00940	0.00607	0.00448	0.00408	0.00141	0.00635	0.00325	0.00214	0.00675
29	0.00923	0.00648	0.01051	0.01051	0.08515	0.00668	0.08084	0.04942	0.00847	0.01163	0.00984	0.01514	0.00909	0.01833	0.19834	0.45258	0.00682	0.00460	0.00242	0.00390
30	0.01196	0.01000	0.01052	0.00784	0.01191	0.08518	0.00623	0.01400	0.01078	0.09123	0.00952	0.01054	0.00755	0.00396	0.00379	0.00085	0.00414	0.00309	0.00314	0.69379
31	0.00649	0.00494	0.00596	0.00571	0.00701	0.00441	0.00428	0.00843	0.01284	0.01736	0.55218	0.03961	0.29174	0.01068	0.00572	0.00156	0.00234	0.00924	0.00506	0.00441
32	0.00915	0.00861	0.01453	0.81804	0.03338	0.01077	0.01346	0.01238	0.00969	0.01238	0.00861	0.01292	0.00646	0.00484	0.00484	0.00161	0.00646	0.00431	0.00215	0.00538
33	0.09385	0.00931	0.00965	0.00858	0.01109	0.01051	0.00672	0.09526	0.46187	0.02104	0.09164	0.01820	0.01588	0.00650	0.00461	0.00153	0.00362	0.00528	0.11809	0.00678
34	0.00609	0.00483	0.00548	0.00551	0.00682	0.00422	0.00406	0.00759	0.01162	0.01492	0.27262	0.14724	0.46795	0.01194	0.00578	0.00165	0.00245	0.01026	0.00475	0.00422
