[name]
unknown

[dist]
# distance from previous block
# <min> <max>
7	107

[block]
# block no. 0 follows, 51 sequences, length 9
# corresponding to MSA columns:
# 147-155
name=unknown_A
#
# <colnr> <probs for GDERKNQSTAVLIFYWHMCP>
#	G	D	E	R	K	N	Q	S	T	A	V	L	I	F	Y	W	H	M	C	P
0	0.00952	0.00653	0.00809	0.00707	0.00933	0.00547	0.00526	0.01106	0.01038	0.09794	0.07879	0.26713	0.02037	0.09223	0.00703	0.00172	0.00349	0.03048	0.00401	0.32409
1	0.04238	0.00808	0.00933	0.00723	0.01042	0.00690	0.00554	0.06569	0.01087	0.07805	0.04021	0.03611	0.01174	0.16133	0.00802	0.00170	0.00396	0.00447	0.00345	0.48452
2	0.00910	0.16367	0.01408	0.00914	0.01157	0.00903	0.13262	0.01204	0.04338	0.01754	0.48483	0.02664	0.03111	0.00783	0.00526	0.00147	0.00392	0.00706	0.00428	0.00541
3	0.01221	0.53982	0.02456	0.14330	0.01859	0.01671	0.15590	0.01456	0.01027	0.01252	0.00774	0.00976	0.00657	0.00431	0.00395	0.00126	0.00604	0.00352	0.00219	0.00623
4	0.01406	0.00861	0.01135	0.14051	0.01560	0.00750	0.00758	0.01633	0.01144	0.28133	0.01235	0.01289	0.00882	0.00468	0.00429	0.00115	0.00430	0.00384	0.00387	0.42951
5	0.14871	0.00513	0.00654	0.00641	0.00691	0.00538	0.00444	0.00772	0.00672	0.01076	0.00826	0.01380	0.00801	0.01502	0.01655	0.71652	0.00419	0.00400	0.00228	0.00266
6	0.09392	0.00979	0.01186	0.00918	0.01294	0.00952	0.00758	0.20910	0.01579	0.54360	0.01644	0.01476	0.01064	0.00591	0.00477	0.00151	0.00445	0.00462	0.00553	0.00810
7	0.00971	0.00818	0.00965	0.00712	0.01101	0.00627	0.00565	0.01191	0.01074	0.01656	0.12558	0.01414	0.01309	0.00459	0.00396	0.00085	0.00344	0.00380	0.00328	0.73046
8	0.06811	0.06100	0.01255	0.01002	0.01312	0.10285	0.00800	0.11870	0.42929	0.10001	0.01589	0.01500	0.01176	0.00605	0.00469	0.00154	0.00475	0.00472	0.00452	0.00743

[dist]
# distance from previous block
# <min> <max>
3	11

[block]
# block no. 1 follows, 51 sequences, length 26
# corresponding to MSA columns:
# 167-192
name=unknown_B
#
# <colnr> <probs for GDERKNQSTAVLIFYWHMCP>
#	G	D	E	R	K	N	Q	S	T	A	V	L	I	F	Y	W	H	M	C	P
0	0.03002	0.08421	0.03677	0.01682	0.02141	0.01193	0.52857	0.01692	0.01173	0.15512	0.01135	0.01339	0.00825	0.00527	0.02402	0.00172	0.00730	0.00526	0.00310	0.00684
1	0.21926	0.01247	0.01263	0.01004	0.01366	0.01397	0.00824	0.53123	0.08688	0.02793	0.01134	0.01146	0.00822	0.00565	0.00448	0.00150	0.00489	0.00410	0.00448	0.00758
2	0.00765	0.00594	0.00662	0.00631	0.00791	0.00558	0.00474	0.10152	0.01293	0.01668	0.20010	0.16747	0.41517	0.01162	0.00577	0.00167	0.00287	0.00992	0.00479	0.00474
3	0.01827	0.01223	0.18882	0.00980	0.01443	0.00810	0.00956	0.02105	0.01290	0.55486	0.01608	0.01472	0.01040	0.00555	0.00477	0.00146	0.00483	0.00447	0.00490	0.08282
4	0.01584	0.01256	0.01477	0.01151	0.01529	0.01360	0.07641	0.47119	0.20775	0.02596	0.01341	0.01340	0.00982	0.00576	0.00492	0.00148	0.00516	0.00471	0.00457	0.07188
5	0.01254	0.01400	0.04473	0.01915	0.10208	0.08237	0.49012	0.04529	0.10654	0.01659	0.01093	0.01324	0.00831	0.00463	0.00542	0.00159	0.00742	0.00528	0.00287	0.00689
6	0.00598	0.00430	0.00568	0.00679	0.00711	0.00400	0.00454	0.00685	0.00946	0.01257	0.02773	0.80206	0.05412	0.01531	0.00626	0.00199	0.00284	0.01387	0.00456	0.00400
7	0.00715	0.00476	0.00536	0.00536	0.00536	0.00476	0.00298	0.00715	0.00715	0.00953	0.01548	0.03216	0.01787	0.82729	0.02501	0.00476	0.00476	0.00715	0.00298	0.00298
8	0.01970	0.00946	0.01536	0.01143	0.01550	0.00839	0.18051	0.02211	0.01351	0.62389	0.01727	0.01595	0.01111	0.00565	0.00513	0.00155	0.00510	0.00513	0.00527	0.00797
9	0.02743	0.00567	0.00714	0.00660	0.00791	0.00533	0.00483	0.01134	0.01144	0.15552	0.31785	0.04498	0.04230	0.26013	0.01156	0.00259	0.00361	0.06435	0.00464	0.00478
10	0.20809	0.01281	0.01306	0.01022	0.01395	0.01429	0.00844	0.60826	0.01979	0.02897	0.01069	0.01094	0.00768	0.00560	0.00449	0.00149	0.00505	0.00403	0.00449	0.00768
11	0.00598	0.00430	0.00568	0.00679	0.00711	0.00400	0.00454	0.00685	0.00946	0.01257	0.02777	0.80056	0.05558	0.01531	0.00626	0.00199	0.00284	0.01386	0.00456	0.00400
12	0.00884	0.00515	0.00613	0.00592	0.00642	0.00498	0.00366	0.00916	0.00822	0.10598	0.01715	0.11184	0.01868	0.64381	0.02064	0.00408	0.00450	0.00758	0.00352	0.00374
13	0.01019	0.00873	0.01019	0.00728	0.01165	0.00655	0.00582	0.01237	0.01019	0.01601	0.00873	0.01019	0.00728	0.00364	0.00364	0.00073	0.00364	0.00291	0.00291	0.85734
14	0.00702	0.00527	0.00790	0.00790	0.00878	0.00614	0.00614	0.00878	0.00790	0.01141	0.01316	0.01931	0.01229	0.03686	0.80782	0.00790	0.01316	0.00527	0.00263	0.00439
15	0.00604	0.00456	0.00559	0.00630	0.00706	0.00411	0.00439	0.00713	0.01027	0.01327	0.08428	0.52903	0.25683	0.01414	0.00612	0.00187	0.00274	0.02755	0.00462	0.00409
16	0.58968	0.00885	0.00806	0.00689	0.00997	0.00960	0.00565	0.01658	0.00992	0.21462	0.01064	0.01093	0.00757	0.00503	0.00354	0.00149	0.00378	0.00337	0.06780	0.00602
17	0.00712	0.00488	0.00593	0.00593	0.00613	0.00507	0.00369	0.00751	0.00732	0.00995	0.01496	0.02927	0.01661	0.64977	0.20083	0.00547	0.00665	0.00672	0.00290	0.00329
18	0.00599	0.00428	0.00570	0.00684	0.00713	0.00399	0.00456	0.00684	0.00941	0.01254	0.02709	0.82409	0.03250	0.01540	0.00627	0.00200	0.00285	0.01397	0.00456	0.00399
19	0.00721	0.00511	0.00753	0.00753	0.00823	0.00581	0.00568	0.00836	0.00766	0.01092	0.01277	0.01974	0.01225	0.09387	0.65307	0.11093	0.01145	0.00529	0.00260	0.00401
20	0.00755	0.00554	0.00679	0.00655	0.00664	0.00614	0.00426	0.00786	0.00732	0.01005	0.01447	0.04961	0.01636	0.63690	0.08937	0.00463	0.10683	0.00682	0.00289	0.00342
21	0.00609	0.00468	0.00562	0.00630	0.00721	0.00420	0.00454	0.00723	0.01029	0.01303	0.03596	0.44784	0.33340	0.01407	0.00614	0.00189	0.00286	0.08001	0.00456	0.00410
22	0.20295	0.01034	0.01059	0.00946	0.01205	0.01220	0.00749	0.02224	0.54405	0.02012	0.01585	0.01534	0.01207	0.00636	0.00554	0.00168	0.07554	0.00480	0.00431	0.00702
23	0.01145	0.01060	0.01779	0.14955	0.60889	0.01093	0.01383	0.01437	0.01090	0.01571	0.00976	0.01285	0.00802	0.00458	0.00475	0.00146	0.00564	0.00439	0.07738	0.00714
24	0.01732	0.09746	0.01544	0.01085	0.01467	0.01531	0.00905	0.60970	0.11475	0.02771	0.01228	0.01219	0.00895	0.00582	0.00474	0.00145	0.00521	0.00438	0.00464	0.00808
25	0.09584	0.01364	0.09801	0.12001	0.47228	0.08711	0.01373	0.01519	0.01092	0.01579	0.00875	0.01137	0.00709	0.00456	0.00463	0.00148	0.00616	0.00402	0.00243	0.00701

[dist]
# distance from previous block
# <min> <max>
0	1

[block]
# block no. 2 follows, 51 sequences, length 21
# corresponding to MSA columns:
# 194-214
name=unknown_C
#
# <colnr> <probs for GDERKNQSTAVLIFYWHMCP>
#	G	D	E	R	K	N	Q	S	T	A	V	L	I	F	Y	W	H	M	C	P
0	0.01348	0.01143	0.01418	0.09410	0.05669	0.01283	0.06685	0.21092	0.42056	0.02174	0.01551	0.01548	0.01155	0.00599	0.00502	0.00160	0.00497	0.00511	0.00437	0.00760
1	0.01863	0.00965	0.01169	0.00942	0.01292	0.00967	0.00763	0.10956	0.25456	0.47240	0.01873	0.01667	0.01262	0.00624	0.00496	0.00156	0.00423	0.00507	0.00562	0.00818
2	0.01019	0.00873	0.01019	0.00728	0.01165	0.00655	0.00582	0.01237	0.01019	0.01601	0.00873	0.01019	0.00728	0.00364	0.00364	0.00073	0.00364	0.00291	0.00291	0.85734
3	0.09757	0.01165	0.01559	0.15645	0.36070	0.08796	0.01179	0.03980	0.01155	0.09588	0.00984	0.01192	0.00762	0.00473	0.00459	0.00144	0.00574	0.00406	0.00294	0.05820
4	0.00867	0.00573	0.00721	0.00758	0.00865	0.00567	0.00543	0.01174	0.13187	0.09413	0.04202	0.57746	0.02788	0.01291	0.00594	0.00189	0.00318	0.03217	0.00480	0.00506
5	0.01340	0.01102	0.01171	0.01012	0.01308	0.01256	0.00798	0.18847	0.58990	0.02277	0.05075	0.01769	0.01488	0.00664	0.00502	0.00162	0.00415	0.00545	0.00500	0.00777
6	0.00769	0.00865	0.09770	0.00825	0.00957	0.08659	0.00662	0.00914	0.00998	0.01284	0.02301	0.64798	0.02683	0.01312	0.00590	0.00187	0.00397	0.01169	0.00407	0.00454
7	0.00701	0.00471	0.00540	0.00553	0.00556	0.00468	0.00316	0.00711	0.00741	0.00987	0.01681	0.12284	0.01954	0.73433	0.02287	0.00445	0.00455	0.00793	0.00316	0.00309
8	0.86201	0.00950	0.00722	0.00646	0.00950	0.01102	0.00532	0.01445	0.00836	0.02205	0.00684	0.00798	0.00532	0.00456	0.00304	0.00152	0.00380	0.00266	0.00304	0.00532
9	0.01037	0.00554	0.00667	0.00609	0.00691	0.00530	0.00390	0.01078	0.00864	0.18046	0.01633	0.02882	0.01663	0.64972	0.02067	0.00406	0.00464	0.00667	0.00365	0.00414
10	0.00751	0.00602	0.00938	0.18252	0.01420	0.00718	0.00777	0.00959	0.00831	0.01166	0.01221	0.01796	0.01105	0.02995	0.63421	0.00654	0.01173	0.00507	0.00254	0.00462
11	0.00715	0.00476	0.00536	0.00536	0.00536	0.00476	0.00298	0.00715	0.00715	0.00953	0.01548	0.03216	0.01787	0.82729	0.02501	0.00476	0.00476	0.00715	0.00298	0.00298
12	0.00599	0.00428	0.00570	0.00684	0.00713	0.00399	0.00456	0.00684	0.00941	0.01254	0.02709	0.82409	0.03250	0.01540	0.00627	0.00200	0.00285	0.01397	0.00456	0.00399
13	0.00599	0.00428	0.00570	0.00684	0.00713	0.00399	0.00456	0.00684	0.00941	0.01254	0.02709	0.82409	0.03250	0.01540	0.00627	0.00200	0.00285	0.01397	0.00456	0.00399
14	0.01733	0.00720	0.00977	0.00812	0.01094	0.00631	0.00643	0.01904	0.01305	0.56531	0.08504	0.19295	0.01939	0.00842	0.00530	0.00163	0.00374	0.00722	0.00570	0.00711
15	0.00715	0.00476	0.00536	0.00536	0.00536	0.00476	0.00298	0.00715	0.00715	0.00953	0.01548	0.03216	0.01787	0.82729	0.02501	0.00476	0.00476	0.00715	0.00298	0.00298
16	0.00696	0.00502	0.00657	0.00618	0.00734	0.00464	0.00464	0.00927	0.01391	0.01971	0.79405	0.03671	0.04637	0.01005	0.00580	0.00155	0.00232	0.00889	0.00541	0.00464
17	0.65080	0.00874	0.00745	0.00658	0.00929	0.00975	0.00522	0.01455	0.00885	0.10945	0.00944	0.01224	0.00779	0.11544	0.00622	0.00196	0.00397	0.00353	0.00338	0.00535
18	0.02205	0.00836	0.01140	0.00874	0.01254	0.00722	0.00722	0.02395	0.01407	0.80004	0.01939	0.01673	0.01216	0.00608	0.00494	0.00152	0.00418	0.00494	0.00608	0.00836
19	0.01222	0.01056	0.01111	0.01000	0.01278	0.01222	0.00778	0.02611	0.78776	0.02056	0.02000	0.01833	0.01500	0.00667	0.00500	0.00167	0.00389	0.00556	0.00500	0.00778
20	0.00613	0.00523	0.00530	0.00524	0.00693	0.00452	0.00394	0.00796	0.04557	0.01379	0.07048	0.04570	0.73809	0.01212	0.00577	0.00166	0.00255	0.01011	0.00461	0.00432

[dist]
# distance from previous block
# <min> <max>
1	64

[block]
# block no. 3 follows, 51 sequences, length 43
# corresponding to MSA columns:
# 279-321
name=unknown_D
#
# <colnr> <probs for GDERKNQSTAVLIFYWHMCP>
#	G	D	E	R	K	N	Q	S	T	A	V	L	I	F	Y	W	H	M	C	P
0	0.00975	0.00707	0.00808	0.00734	0.00906	0.04119	0.00560	0.03099	0.12040	0.08925	0.53085	0.05409	0.04839	0.00911	0.00554	0.00156	0.00308	0.00790	0.00524	0.00551
1	0.01131	0.01097	0.01546	0.08373	0.13613	0.04631	0.02434	0.01290	0.00878	0.03309	0.00792	0.01223	0.00733	0.04310	0.01286	0.00205	0.51894	0.00444	0.00236	0.00576
2	0.00702	0.00527	0.00790	0.00790	0.00878	0.00614	0.00614	0.00878	0.00790	0.01141	0.01316	0.01931	0.01229	0.03686	0.80782	0.00790	0.01316	0.00527	0.00263	0.00439
3	0.83865	0.00962	0.00743	0.00660	0.00966	0.01114	0.00543	0.03565	0.00877	0.02230	0.00698	0.00809	0.00541	0.00460	0.00309	0.00152	0.00385	0.00271	0.00309	0.00541
4	0.01228	0.15447	0.04820	0.00990	0.01312	0.01345	0.00834	0.02366	0.61787	0.01877	0.01721	0.01616	0.01310	0.00615	0.00466	0.00155	0.00428	0.00496	0.00437	0.00750
5	0.01606	0.01201	0.01284	0.01002	0.01358	0.01292	0.00821	0.61158	0.02046	0.02723	0.01830	0.01793	0.14574	0.00694	0.00502	0.00147	0.00482	0.00540	0.00477	0.04470
6	0.00599	0.00428	0.00570	0.00684	0.00713	0.00399	0.00456	0.00684	0.00941	0.01254	0.02709	0.82409	0.03250	0.01540	0.00627	0.00200	0.00285	0.01397	0.00456	0.00399
7	0.01990	0.01180	0.01353	0.01038	0.01426	0.01233	0.00857	0.50567	0.01982	0.31019	0.01455	0.01359	0.00974	0.00597	0.00493	0.00149	0.00496	0.00461	0.00534	0.00836
8	0.01836	0.02342	0.01393	0.01266	0.01519	0.80756	0.00950	0.01962	0.01393	0.01203	0.00760	0.00886	0.00633	0.00506	0.00443	0.00127	0.00886	0.00317	0.00253	0.00570
9	0.00692	0.00502	0.00651	0.00614	0.00732	0.00462	0.00461	0.00920	0.01382	0.01948	0.76837	0.03707	0.07218	0.01013	0.00580	0.00155	0.00232	0.00894	0.00538	0.00462
10	0.01314	0.83025	0.02575	0.00841	0.01261	0.01945	0.00841	0.01472	0.00999	0.01156	0.00683	0.00788	0.00631	0.00420	0.00315	0.00105	0.00526	0.00263	0.00210	0.00631
11	0.00808	0.00433	0.00633	0.00644	0.00657	0.00427	0.00434	0.00670	0.00742	0.00999	0.07785	0.11734	0.01474	0.01626	0.01646	0.67780	0.00393	0.00587	0.00272	0.00258
12	0.00599	0.00428	0.00570	0.00684	0.00713	0.00399	0.00456	0.00684	0.00941	0.01254	0.02709	0.82409	0.03250	0.01540	0.00627	0.00200	0.00285	0.01397	0.00456	0.00399
13	0.01075	0.01075	0.01505	0.01290	0.01290	0.01505	0.01075	0.01183	0.00753	0.01183	0.00645	0.01075	0.00645	0.00860	0.01613	0.00215	0.81830	0.00430	0.00215	0.00538
14	0.86201	0.00950	0.00722	0.00646	0.00950	0.01102	0.00532	0.01445	0.00836	0.02205	0.00684	0.00798	0.00532	0.00456	0.00304	0.00152	0.00380	0.00266	0.00304	0.00532
15	0.56119	0.01096	0.03080	0.00809	0.01149	0.01192	0.00683	0.20337	0.03943	0.06222	0.00919	0.00977	0.00676	0.00504	0.00371	0.00152	0.00431	0.00333	0.00369	0.00635
16	0.02146	0.00931	0.01199	0.00919	0.01302	0.00862	0.00759	0.15614	0.01565	0.66562	0.01806	0.01587	0.01150	0.00605	0.00494	0.00151	0.00440	0.00485	0.00588	0.00836
17	0.00986	0.02542	0.80183	0.01401	0.02127	0.01141	0.01816	0.01556	0.01038	0.01556	0.00882	0.01038	0.00623	0.00467	0.00467	0.00156	0.00726	0.00363	0.00208	0.00726
18	0.01827	0.01323	0.01425	0.01098	0.01474	0.01457	0.00901	0.72613	0.02217	0.05074	0.01216	0.01282	0.00888	0.04178	0.00579	0.00162	0.00535	0.00456	0.00486	0.00812
19	0.00599	0.00428	0.00570	0.00684	0.00713	0.00399	0.00456	0.00684	0.00941	0.01254	0.02709	0.82409	0.03250	0.01540	0.00627	0.00200	0.00285	0.01397	0.00456	0.00399
20	0.00599	0.00428	0.00570	0.00684	0.00713	0.00399	0.00456	0.00684	0.00941	0.01254	0.02709	0.82409	0.03250	0.01540	0.00627	0.00200	0.00285	0.01397	0.00456	0.00399
21	0.01293	0.01040	0.01113	0.00991	0.01276	0.01186	0.00774	0.02596	0.73214	0.07659	0.01996	0.01822	0.01480	0.00663	0.00500	0.00166	0.00391	0.00551	0.00508	0.00782
22	0.00610	0.00448	0.00573	0.00649	0.00709	0.00411	0.00446	0.00723	0.01031	0.01369	0.14214	0.60152	0.14018	0.01421	0.00614	0.00188	0.00272	0.01273	0.00469	0.00411
23	0.01335	0.01112	0.01175	0.01023	0.01321	0.01275	0.00805	0.15792	0.65411	0.02238	0.01857	0.01719	0.01384	0.00653	0.00499	0.00163	0.00415	0.00536	0.00499	0.00788
24	0.01836	0.02342	0.01393	0.01266	0.01519	0.80756	0.00950	0.01962	0.01393	0.01203	0.00760	0.00886	0.00633	0.00506	0.00443	0.00127	0.00886	0.00317	0.00253	0.00570
25	0.00751	0.00475	0.00612	0.00672	0.00742	0.00436	0.00459	0.00842	0.00979	0.08281	0.02740	0.61594	0.09650	0.08357	0.00771	0.00216	0.00310	0.01226	0.00456	0.00431
26	0.00691	0.00467	0.00543	0.00566	0.00572	0.00461	0.00330	0.00709	0.00760	0.01013	0.01782	0.19128	0.02081	0.66416	0.02125	0.00421	0.00438	0.00852	0.00330	0.00318
27	0.00609	0.00492	0.00513	0.00514	0.00646	0.00427	0.00366	0.00715	0.01055	0.01286	0.07297	0.06453	0.60901	0.15485	0.00918	0.00221	0.00289	0.00984	0.00432	0.00396
28	0.00959	0.00561	0.00741	0.00663	0.00825	0.00509	0.00509	0.01184	0.01394	0.15609	0.65865	0.03322	0.04039	0.00935	0.00565	0.00154	0.00264	0.00820	0.00553	0.00529
29	0.00628	0.00449	0.00590	0.00676	0.00713	0.00434	0.00458	0.00716	0.00909	0.01214	0.02498	0.60397	0.05085	0.12150	0.08040	0.00288	0.00406	0.03538	0.00418	0.00392
30	0.86201	0.00950	0.00722	0.00646	0.00950	0.01102	0.00532	0.01445	0.00836	0.02205	0.00684	0.00798	0.00532	0.00456	0.00304	0.00152	0.00380	0.00266	0.00304	0.00532
31	0.00619	0.00436	0.00564	0.00658	0.00682	0.00413	0.00428	0.00690	0.00901	0.01202	0.02506	0.68567	0.02994	0.15730	0.00955	0.00248	0.00319	0.01278	0.00428	0.00381
32	0.08655	0.00858	0.01337	0.63057	0.02851	0.01029	0.01198	0.01350	0.01010	0.08066	0.01043	0.03034	0.00818	0.00549	0.00484	0.00165	0.00596	0.03064	0.00272	0.00563
33	0.13386	0.07941	0.19875	0.04939	0.03983	0.03400	0.21258	0.14914	0.01276	0.03157	0.00935	0.01107	0.00695	0.00473	0.00467	0.00152	0.00648	0.00418	0.00291	0.00685
34	0.13923	0.00852	0.01082	0.00843	0.01212	0.00775	0.00696	0.02262	0.01327	0.69150	0.01764	0.01551	0.01121	0.00587	0.00468	0.00152	0.00413	0.00462	0.00566	0.00794
35	0.00739	0.00478	0.00607	0.00666	0.00752	0.00431	0.00464	0.00841	0.01017	0.08314	0.03075	0.60290	0.17683	0.01400	0.00606	0.00189	0.00290	0.01247	0.00470	0.00441
36	0.01166	0.00888	0.01469	0.63051	0.05210	0.01033	0.03290	0.01471	0.01065	0.15038	0.01064	0.01371	0.00759	0.00508	0.00494	0.00161	0.00616	0.00451	0.00288	0.00607
37	0.01233	0.08442	0.12141	0.05831	0.43005	0.09602	0.08243	0.01543	0.01119	0.01492	0.00892	0.01148	0.00730	0.00505	0.01892	0.00156	0.00667	0.00415	0.00237	0.00710
38	0.01575	0.08215	0.01177	0.00897	0.03427	0.03489	0.00706	0.08384	0.04176	0.35588	0.02078	0.08628	0.10756	0.00779	0.01544	0.00158	0.00432	0.01713	0.02152	0.04124
39	0.07864	0.04229	0.28908	0.02700	0.17627	0.02309	0.02456	0.03773	0.05970	0.15378	0.01131	0.01217	0.00817	0.00496	0.00460	0.00149	0.00577	0.00406	0.00322	0.03211
40	0.13141	0.17039	0.10214	0.03718	0.04936	0.15994	0.00938	0.04401	0.01211	0.19756	0.03535	0.01182	0.00894	0.00517	0.00424	0.00139	0.00568	0.00378	0.00345	0.00670
41	0.02900	0.15864	0.05888	0.01078	0.04736	0.12211	0.00892	0.13048	0.03647	0.23202	0.02431	0.03398	0.00988	0.00569	0.00482	0.00139	0.02902	0.00428	0.00394	0.04804
42	0.08476	0.13898	0.24240	0.02863	0.22841	0.10455	0.02430	0.01589	0.03635	0.01538	0.00871	0.01045	0.00694	0.00459	0.00433	0.00140	0.00625	0.00363	0.00244	0.03163

[dist]
# distance from previous block
# <min> <max>
0	360

# created by:
# /st0/software/busco_prod/Augustus/scripts/msa2prfl.pl ./align_prep/184066.fa
