[name]
unknown

[dist]
# distance from previous block
# <min> <max>
0	22

[block]
# block no. 0 follows, 47 sequences, length 43
# corresponding to MSA columns:
# 22-47,49-65
name=unknown_A
#
# <colnr> <probs for GDERKNQSTAVLIFYWHMCP>
#	G	D	E	R	K	N	Q	S	T	A	V	L	I	F	Y	W	H	M	C	P
0	0.03365	0.03575	0.01034	0.00990	0.05982	0.00873	0.00702	0.13892	0.02782	0.04955	0.01777	0.08441	0.01824	0.28473	0.03405	0.00313	0.01939	0.14731	0.00402	0.00545
1	0.10020	0.04670	0.02743	0.07242	0.18694	0.09891	0.03236	0.02984	0.01273	0.24792	0.01242	0.01319	0.00897	0.00526	0.00477	0.00148	0.00571	0.00430	0.00386	0.08459
2	0.04312	0.11288	0.51879	0.01515	0.04306	0.01300	0.12733	0.01611	0.01111	0.01625	0.01039	0.01217	0.02784	0.00502	0.00492	0.00160	0.00730	0.00424	0.00239	0.00733
3	0.00745	0.00554	0.00816	0.00816	0.00902	0.00639	0.00625	0.00916	0.00831	0.01193	0.01414	0.02153	0.01348	0.10013	0.73590	0.00811	0.01325	0.00574	0.00282	0.00453
4	0.01210	0.01215	0.02096	0.22068	0.23352	0.02772	0.22152	0.02957	0.07991	0.01629	0.01069	0.01387	0.00839	0.00529	0.00630	0.00172	0.06432	0.00514	0.00280	0.00707
5	0.00634	0.00453	0.00604	0.00725	0.00755	0.00423	0.00483	0.00725	0.00997	0.01329	0.02870	0.81358	0.03444	0.01632	0.00665	0.00211	0.00302	0.01480	0.00483	0.00423
6	0.06736	0.01124	0.01495	0.49267	0.02763	0.03525	0.01234	0.21437	0.04038	0.01941	0.01036	0.01323	0.00767	0.00553	0.00507	0.00167	0.00641	0.00453	0.00325	0.00668
7	0.01113	0.00613	0.00619	0.00582	0.00736	0.02864	0.00443	0.04535	0.01201	0.06917	0.05004	0.03654	0.01493	0.00650	0.00401	0.00130	0.00291	0.00524	0.67699	0.00531
8	0.01112	0.02058	0.43475	0.01749	0.02383	0.01236	0.32857	0.01628	0.01161	0.01665	0.03626	0.01323	0.00860	0.00498	0.00569	0.00170	0.02150	0.00501	0.00250	0.00729
9	0.00634	0.00456	0.00602	0.00719	0.00754	0.00424	0.00481	0.00726	0.01003	0.01332	0.02946	0.78959	0.05795	0.01622	0.00663	0.00210	0.00301	0.01468	0.00483	0.00424
10	0.01037	0.00949	0.01475	0.50527	0.02716	0.01171	0.03233	0.01414	0.07307	0.02783	0.01242	0.01663	0.04383	0.04441	0.00815	0.00198	0.13259	0.00520	0.00279	0.00588
11	0.76441	0.00994	0.00813	0.00711	0.01042	0.01125	0.00586	0.01639	0.00951	0.10566	0.00868	0.00946	0.00642	0.00501	0.00344	0.00161	0.00407	0.00308	0.00357	0.00599
12	0.01139	0.01139	0.01595	0.01367	0.01367	0.01595	0.01139	0.01253	0.00798	0.01253	0.00684	0.01139	0.00684	0.00911	0.01709	0.00228	0.80745	0.00456	0.00228	0.00570
13	0.01156	0.14539	0.57608	0.01312	0.01964	0.01263	0.01605	0.01637	0.01112	0.06548	0.01092	0.05951	0.00870	0.00566	0.00482	0.00159	0.00688	0.00444	0.00264	0.00741
14	0.03736	0.66381	0.14112	0.00997	0.01489	0.01894	0.02376	0.01574	0.01062	0.01328	0.00761	0.00885	0.00666	0.00454	0.00363	0.00122	0.00590	0.00300	0.00226	0.00681
15	0.01392	0.82012	0.02729	0.00891	0.01337	0.02061	0.00891	0.01559	0.01058	0.01225	0.00724	0.00835	0.00668	0.00446	0.00334	0.00111	0.00557	0.00278	0.00223	0.00668
16	0.00894	0.00567	0.00746	0.00682	0.00832	0.00518	0.00518	0.01135	0.01476	0.09596	0.70726	0.03683	0.04559	0.01024	0.00605	0.00164	0.00265	0.00901	0.00580	0.00530
17	0.00983	0.00926	0.01562	0.80447	0.03587	0.01157	0.01446	0.01331	0.01041	0.01331	0.00926	0.01388	0.00694	0.00521	0.00521	0.00174	0.00694	0.00463	0.00231	0.00579
18	0.74980	0.01029	0.00864	0.05781	0.01208	0.01195	0.00646	0.06060	0.00990	0.02330	0.00770	0.00905	0.00592	0.00494	0.00347	0.00162	0.00432	0.00305	0.00329	0.00584
19	0.00634	0.00519	0.00559	0.00568	0.00719	0.00444	0.00419	0.00775	0.01202	0.01486	0.14474	0.14007	0.59741	0.01323	0.00621	0.00179	0.00266	0.01124	0.00495	0.00444
20	0.01027	0.00548	0.00554	0.00534	0.00674	0.00560	0.00406	0.04795	0.03169	0.02011	0.01689	0.01909	0.01320	0.00610	0.00376	0.00124	0.00263	0.00487	0.78432	0.00513
21	0.00687	0.00530	0.00626	0.00602	0.00747	0.00470	0.00452	0.00885	0.01355	0.01806	0.47997	0.04354	0.35268	0.01170	0.00615	0.00169	0.00253	0.01007	0.00536	0.00470
22	0.01012	0.00573	0.00589	0.00563	0.00711	0.00586	0.00428	0.04817	0.05794	0.02003	0.05353	0.02129	0.04769	0.00665	0.00404	0.00131	0.00269	0.00538	0.68143	0.00523
23	0.52532	0.11648	0.02439	0.00828	0.01172	0.02590	0.00710	0.07062	0.04740	0.02135	0.00845	0.00961	0.00672	0.00515	0.00422	0.00153	0.04217	0.00322	0.00326	0.05712
24	0.03736	0.42265	0.13644	0.01172	0.04121	0.19352	0.01092	0.06492	0.01247	0.01476	0.00816	0.00940	0.00684	0.00487	0.00406	0.00130	0.00674	0.00326	0.00255	0.00685
25	0.16243	0.03677	0.13698	0.02449	0.01396	0.01034	0.00913	0.12461	0.03481	0.21016	0.14557	0.03878	0.01660	0.00681	0.00497	0.00162	0.00477	0.00541	0.00462	0.00717
26	0.52048	0.03335	0.00998	0.00846	0.01149	0.12022	0.00680	0.03750	0.07842	0.04818	0.05998	0.01203	0.00993	0.00564	0.00416	0.00159	0.01829	0.00376	0.00362	0.00611
27	0.00646	0.00526	0.00555	0.00549	0.00700	0.00453	0.00401	0.00781	0.01184	0.01462	0.15014	0.04697	0.60517	0.09248	0.00817	0.00207	0.00285	0.01043	0.00479	0.00435
28	0.04486	0.00863	0.01160	0.00908	0.01286	0.00756	0.00743	0.02401	0.01444	0.72056	0.02068	0.06555	0.01400	0.00700	0.00527	0.00164	0.00434	0.00575	0.00626	0.00850
29	0.01335	0.01139	0.01200	0.01068	0.01369	0.01314	0.00834	0.07095	0.73116	0.02243	0.02069	0.01902	0.01548	0.00702	0.00529	0.00175	0.00422	0.00582	0.00529	0.00828
30	0.14497	0.01365	0.01427	0.01109	0.01511	0.01509	0.00916	0.62051	0.02170	0.06595	0.01208	0.01214	0.00856	0.00605	0.00491	0.00157	0.00542	0.00443	0.00497	0.00837
31	0.01980	0.01459	0.01563	0.01198	0.01615	0.01615	0.00990	0.76713	0.02448	0.03282	0.01250	0.01250	0.00886	0.00625	0.00521	0.00156	0.00573	0.00469	0.00521	0.00886
32	0.00981	0.00913	0.01538	0.78325	0.03509	0.01138	0.01420	0.01313	0.01032	0.01319	0.00925	0.01394	0.00700	0.00555	0.00561	0.02425	0.00688	0.00463	0.00231	0.00569
33	0.01392	0.82012	0.02729	0.00891	0.01337	0.02061	0.00891	0.01559	0.01058	0.01225	0.00724	0.00835	0.00668	0.00446	0.00334	0.00111	0.00557	0.00278	0.00223	0.00668
34	0.06951	0.01037	0.01694	0.48610	0.28890	0.01185	0.01437	0.01436	0.01080	0.01527	0.00930	0.01317	0.00730	0.00499	0.00505	0.00166	0.00648	0.00451	0.00247	0.00661
35	0.01379	0.01144	0.01213	0.01069	0.01377	0.01312	0.00838	0.09380	0.69139	0.03943	0.02040	0.01877	0.01520	0.00698	0.00529	0.00174	0.00427	0.00577	0.00532	0.00831
36	0.00704	0.00531	0.00651	0.00621	0.00758	0.00477	0.00466	0.00919	0.01397	0.01904	0.58508	0.04193	0.24696	0.01133	0.00615	0.00167	0.00251	0.00984	0.00549	0.00477
37	0.01026	0.00969	0.01640	0.69591	0.14107	0.01168	0.01468	0.01368	0.01062	0.01383	0.00933	0.01374	0.00713	0.00513	0.00520	0.00171	0.00684	0.00463	0.00235	0.00613
38	0.00727	0.00500	0.00605	0.00621	0.00656	0.00484	0.00391	0.00802	0.00973	0.01325	0.19508	0.19981	0.02916	0.46238	0.01763	0.00364	0.00402	0.00952	0.00410	0.00379
39	0.00905	0.00452	0.00678	0.00678	0.00678	0.00452	0.00452	0.00678	0.00678	0.00905	0.00905	0.01583	0.00905	0.01809	0.02035	0.84848	0.00452	0.00452	0.00226	0.00226
40	0.01822	0.01388	0.01392	0.01122	0.01489	0.09982	0.00904	0.40303	0.16393	0.12281	0.04094	0.01499	0.01181	0.00641	0.00517	0.00156	0.00550	0.00495	0.00506	0.03285
41	0.01017	0.00937	0.04792	0.08270	0.01522	0.00837	0.09798	0.10275	0.01248	0.01732	0.05118	0.30873	0.01944	0.00927	0.00560	0.00165	0.00476	0.00842	0.00394	0.18275
42	0.05072	0.52223	0.02277	0.01107	0.04912	0.13469	0.00949	0.06844	0.01199	0.01447	0.00782	0.00920	0.00687	0.00504	0.00464	0.00129	0.05769	0.00320	0.00256	0.00670

[dist]
# distance from previous block
# <min> <max>
5	9

[block]
# block no. 1 follows, 47 sequences, length 22
# corresponding to MSA columns:
# 75-96
name=unknown_B
#
# <colnr> <probs for GDERKNQSTAVLIFYWHMCP>
#	G	D	E	R	K	N	Q	S	T	A	V	L	I	F	Y	W	H	M	C	P
0	0.01079	0.01102	0.13960	0.00964	0.01246	0.00866	0.00858	0.16024	0.05701	0.03397	0.04749	0.35331	0.02168	0.01051	0.00573	0.00179	0.00446	0.02154	0.03224	0.04931
1	0.01802	0.04778	0.02711	0.01193	0.05488	0.03419	0.00939	0.46433	0.01995	0.13269	0.08199	0.01536	0.01279	0.00665	0.00547	0.01807	0.00534	0.00502	0.00495	0.02408
2	0.01179	0.01112	0.01870	0.07793	0.56425	0.01125	0.04409	0.01519	0.04179	0.01681	0.05228	0.08649	0.01294	0.00612	0.00539	0.00163	0.00578	0.00591	0.00304	0.00750
3	0.00917	0.00773	0.00827	0.00784	0.01000	0.00802	0.00608	0.01609	0.32135	0.01786	0.09836	0.03736	0.35836	0.01058	0.00588	0.00180	0.00338	0.06077	0.00509	0.00603
4	0.00740	0.00488	0.00655	0.00755	0.00812	0.00455	0.00527	0.00848	0.01039	0.05397	0.02818	0.71092	0.03295	0.01564	0.00662	0.00211	0.00324	0.07374	0.00492	0.00452
5	0.05304	0.00676	0.04444	0.03894	0.01017	0.00585	0.00625	0.01103	0.01199	0.09618	0.26212	0.37629	0.03295	0.01194	0.00603	0.00185	0.00342	0.01058	0.00498	0.00522
6	0.81406	0.01018	0.00829	0.00803	0.04664	0.01172	0.00613	0.01534	0.00900	0.02307	0.00737	0.00867	0.00576	0.00482	0.00331	0.00161	0.00413	0.00291	0.00319	0.00576
7	0.01139	0.01139	0.01595	0.01367	0.01367	0.01595	0.01139	0.01253	0.00798	0.01253	0.00684	0.01139	0.00684	0.00911	0.01709	0.00228	0.80745	0.00456	0.00228	0.00570
8	0.01523	0.01236	0.01339	0.01183	0.04225	0.01399	0.00907	0.27303	0.49804	0.02528	0.01789	0.01689	0.01328	0.00671	0.00526	0.00169	0.00473	0.00544	0.00517	0.00845
9	0.01902	0.11967	0.01711	0.01164	0.01579	0.05039	0.00978	0.63729	0.02226	0.02928	0.01163	0.01183	0.00848	0.00598	0.00494	0.00149	0.00587	0.00438	0.00471	0.00845
10	0.00757	0.00505	0.00568	0.00568	0.00568	0.00505	0.00316	0.00757	0.00757	0.01010	0.01641	0.03408	0.01893	0.81698	0.02651	0.00505	0.00505	0.00757	0.00316	0.00316
11	0.00793	0.00545	0.00714	0.00665	0.00797	0.00501	0.00501	0.01037	0.01475	0.04751	0.75533	0.03817	0.04788	0.01050	0.00611	0.00164	0.00253	0.00927	0.00576	0.00505
12	0.75684	0.01035	0.00835	0.00730	0.01056	0.01191	0.00600	0.08265	0.01042	0.02415	0.02792	0.00962	0.00706	0.00511	0.00348	0.00161	0.00414	0.00316	0.00347	0.00591
13	0.01198	0.00913	0.01072	0.00786	0.01223	0.00718	0.00629	0.01480	0.04416	0.08649	0.01109	0.01213	0.00875	0.00431	0.00403	0.00091	0.00386	0.00347	0.03664	0.70395
14	0.00656	0.00472	0.00624	0.00717	0.00768	0.00439	0.00494	0.00776	0.01080	0.01453	0.14266	0.65263	0.05635	0.01532	0.00658	0.00204	0.00298	0.03734	0.00497	0.00436
15	0.02088	0.00881	0.01179	0.00927	0.01283	0.00807	0.00760	0.03875	0.03991	0.63987	0.09541	0.01952	0.01626	0.00699	0.00580	0.00164	0.03649	0.00563	0.00614	0.00832
16	0.00890	0.00462	0.00693	0.00693	0.00701	0.00470	0.00470	0.00701	0.00693	0.00932	0.00949	0.01625	0.00940	0.01997	0.09000	0.77308	0.00537	0.00462	0.00231	0.00248
17	0.00699	0.00527	0.00589	0.00593	0.00737	0.00458	0.00432	0.00838	0.01191	0.03952	0.15882	0.16648	0.49107	0.05103	0.00716	0.00195	0.00284	0.01100	0.00495	0.00453
18	0.01468	0.01057	0.03357	0.00895	0.01344	0.00883	0.00746	0.13699	0.02988	0.16668	0.01218	0.01258	0.00903	0.00483	0.00440	0.00110	0.00438	0.00383	0.00409	0.51252
19	0.01076	0.00910	0.01059	0.00761	0.01212	0.00687	0.00608	0.01308	0.01080	0.01705	0.00952	0.01110	0.00791	0.00393	0.00385	0.00079	0.00381	0.00315	0.03229	0.81957
20	0.16232	0.07059	0.01444	0.01136	0.01474	0.31765	0.00906	0.25206	0.06491	0.02136	0.01008	0.01077	0.00778	0.00560	0.00455	0.00147	0.00674	0.00380	0.00370	0.00703
21	0.02687	0.23778	0.41415	0.01175	0.01753	0.01344	0.01365	0.03388	0.01170	0.05689	0.07873	0.01312	0.01084	0.00540	0.00457	0.00147	0.00624	0.00411	0.00287	0.03500

[dist]
# distance from previous block
# <min> <max>
0	2

[block]
# block no. 2 follows, 47 sequences, length 25
# corresponding to MSA columns:
# 99-123
name=unknown_C
#
# <colnr> <probs for GDERKNQSTAVLIFYWHMCP>
#	G	D	E	R	K	N	Q	S	T	A	V	L	I	F	Y	W	H	M	C	P
0	0.05857	0.10664	0.35103	0.16595	0.03728	0.01288	0.11415	0.03312	0.01109	0.01598	0.00949	0.01247	0.00735	0.03584	0.00571	0.00174	0.00708	0.00430	0.00245	0.00688
1	0.00759	0.00524	0.00659	0.00680	0.00718	0.00547	0.00459	0.00842	0.00854	0.01187	0.01820	0.14687	0.02007	0.42664	0.18632	0.00491	0.02005	0.04995	0.05083	0.00387
2	0.01179	0.00937	0.01100	0.00792	0.01250	0.00722	0.00635	0.03288	0.01139	0.06420	0.01002	0.01126	0.00806	0.00407	0.00397	0.00084	0.00394	0.00326	0.00334	0.77661
3	0.04464	0.04598	0.48686	0.06558	0.02094	0.05570	0.05304	0.01720	0.01156	0.10659	0.01114	0.03860	0.00832	0.00550	0.00499	0.00164	0.00705	0.00444	0.00288	0.00736
4	0.85377	0.01007	0.00765	0.00685	0.01007	0.01168	0.00564	0.01531	0.00886	0.02336	0.00725	0.00846	0.00564	0.00483	0.00322	0.00161	0.00403	0.00282	0.00322	0.00564
5	0.54057	0.00971	0.01009	0.18261	0.01624	0.01104	0.00789	0.01642	0.01013	0.13869	0.00974	0.01108	0.00704	0.00516	0.00397	0.00164	0.00473	0.00359	0.00352	0.00617
6	0.00639	0.00499	0.00580	0.00623	0.00734	0.00440	0.00443	0.00770	0.01149	0.01466	0.13926	0.35213	0.38844	0.01410	0.00635	0.00188	0.00277	0.01230	0.00495	0.00440
7	0.00842	0.00556	0.00726	0.00670	0.00813	0.00508	0.00507	0.01081	0.01468	0.07237	0.71152	0.03777	0.06577	0.01043	0.00608	0.00164	0.00259	0.00918	0.00576	0.00517
8	0.01980	0.01459	0.01563	0.01198	0.01615	0.01615	0.00990	0.76713	0.02448	0.03282	0.01250	0.01250	0.00886	0.00625	0.00521	0.00156	0.00573	0.00469	0.00521	0.00886
9	0.79923	0.00999	0.00795	0.00701	0.01028	0.01142	0.00577	0.01597	0.00926	0.07359	0.00812	0.00907	0.00612	0.00494	0.00336	0.00161	0.00405	0.00298	0.00343	0.00585
10	0.68146	0.01100	0.00930	0.00791	0.01133	0.01261	0.00652	0.17065	0.01209	0.02532	0.00834	0.00930	0.00630	0.00513	0.00363	0.00160	0.00438	0.00321	0.00363	0.00630
11	0.00850	0.00633	0.00917	0.10253	0.01363	0.00659	0.00900	0.01098	0.01174	0.01525	0.02546	0.07565	0.02741	0.01337	0.00694	0.00231	0.00499	0.64073	0.00451	0.00489
12	0.01392	0.82012	0.02729	0.00891	0.01337	0.02061	0.00891	0.01559	0.01058	0.01225	0.00724	0.00835	0.00668	0.00446	0.00334	0.00111	0.00557	0.00278	0.00223	0.00668
13	0.01295	0.01123	0.01211	0.01135	0.04071	0.01293	0.00852	0.02726	0.74819	0.02162	0.02079	0.01920	0.01563	0.00698	0.00529	0.00176	0.00419	0.00584	0.00520	0.00824
14	0.00894	0.00755	0.00898	0.08723	0.01215	0.06115	0.02179	0.03840	0.05395	0.01444	0.02255	0.42266	0.02516	0.09763	0.00839	0.00232	0.00454	0.09301	0.00425	0.00491
15	0.00801	0.00588	0.00733	0.00676	0.00822	0.00555	0.00513	0.05560	0.01506	0.02097	0.66627	0.03835	0.11585	0.01062	0.00609	0.00164	0.00267	0.00928	0.00562	0.00510
16	0.00714	0.00538	0.00750	0.00767	0.00840	0.00509	0.04742	0.00826	0.01013	0.01344	0.07600	0.43412	0.08528	0.20009	0.01118	0.00273	0.00386	0.05770	0.00438	0.00423
17	0.00828	0.00583	0.00744	0.00718	0.00844	0.00557	0.00534	0.05929	0.01422	0.03501	0.52706	0.21729	0.04200	0.01166	0.00620	0.00176	0.00289	0.02395	0.00549	0.00509
18	0.00949	0.00494	0.00715	0.00700	0.00717	0.00500	0.00474	0.03794	0.00751	0.01002	0.00919	0.01569	0.00904	0.01761	0.01973	0.81378	0.00457	0.00453	0.00238	0.00253
19	0.01528	0.57127	0.02376	0.01133	0.05766	0.20128	0.00960	0.03298	0.01193	0.01308	0.00769	0.00894	0.00682	0.00472	0.00380	0.00120	0.00650	0.00306	0.00242	0.00667
20	0.00656	0.00472	0.00625	0.00730	0.00779	0.00441	0.00507	0.00769	0.01051	0.01399	0.07900	0.67759	0.06386	0.01568	0.00664	0.00209	0.00310	0.06855	0.00489	0.00432
21	0.01419	0.05686	0.01658	0.14893	0.18767	0.04304	0.04997	0.09874	0.01340	0.13555	0.05542	0.01751	0.05155	0.00649	0.00616	0.00166	0.06624	0.01923	0.00371	0.00712
22	0.01459	0.01409	0.01429	0.02738	0.08766	0.15349	0.03841	0.08505	0.46344	0.02028	0.01644	0.01615	0.01250	0.00633	0.00520	0.00165	0.00562	0.00521	0.00441	0.00781
23	0.59361	0.00982	0.00902	0.00768	0.01109	0.01072	0.00630	0.01859	0.05373	0.21909	0.01144	0.01145	0.00808	0.00537	0.00386	0.00162	0.00414	0.00361	0.00417	0.00661
24	0.01205	0.07847	0.52074	0.01437	0.02081	0.01262	0.09618	0.04608	0.05823	0.06052	0.01114	0.02653	0.00825	0.00532	0.00504	0.00163	0.00710	0.00445	0.00284	0.00763

[dist]
# distance from previous block
# <min> <max>
0	1

[block]
# block no. 3 follows, 47 sequences, length 17
# corresponding to MSA columns:
# 125-141
name=unknown_D
#
# <colnr> <probs for GDERKNQSTAVLIFYWHMCP>
#	G	D	E	R	K	N	Q	S	T	A	V	L	I	F	Y	W	H	M	C	P
0	0.00966	0.00601	0.00756	0.00693	0.00867	0.00550	0.00528	0.01224	0.04355	0.13155	0.47149	0.08333	0.16663	0.01067	0.00601	0.00169	0.00288	0.00926	0.00561	0.00549
1	0.04917	0.01530	0.15174	0.03171	0.07426	0.03386	0.33728	0.05321	0.01213	0.06526	0.01051	0.01317	0.00797	0.00636	0.03164	0.00195	0.08937	0.00510	0.00291	0.00711
2	0.01234	0.06707	0.06167	0.08448	0.03523	0.01240	0.00941	0.04608	0.46475	0.03379	0.07166	0.03244	0.03216	0.00702	0.00523	0.00169	0.00465	0.00585	0.00458	0.00752
3	0.00712	0.00508	0.00693	0.00813	0.00877	0.00490	0.00618	0.00859	0.01073	0.01416	0.02828	0.52887	0.03276	0.01559	0.00685	0.00222	0.00369	0.29189	0.00482	0.00444
4	0.01289	0.01251	0.06577	0.15537	0.52149	0.01197	0.03093	0.01663	0.04144	0.06477	0.01081	0.01352	0.00852	0.00495	0.00518	0.00160	0.00627	0.00471	0.00286	0.00782
5	0.85377	0.01007	0.00765	0.00685	0.01007	0.01168	0.00564	0.01531	0.00886	0.02336	0.00725	0.00846	0.00564	0.00483	0.00322	0.00161	0.00403	0.00282	0.00322	0.00564
6	0.01139	0.01139	0.01595	0.01367	0.01367	0.01595	0.01139	0.01253	0.00798	0.01253	0.00684	0.01139	0.00684	0.00911	0.01709	0.00228	0.80745	0.00456	0.00228	0.00570
7	0.01365	0.05323	0.04016	0.04757	0.21930	0.04980	0.35544	0.03613	0.05109	0.06515	0.01121	0.01365	0.00856	0.00485	0.00551	0.00163	0.00732	0.00526	0.00302	0.00747
8	0.00923	0.00667	0.00913	0.00891	0.01020	0.00673	0.04375	0.10176	0.01191	0.04022	0.02307	0.43685	0.02553	0.06068	0.09832	0.00292	0.00524	0.08925	0.00449	0.00513
9	0.01229	0.01405	0.03073	0.02195	0.02722	0.01317	0.76558	0.01668	0.01229	0.01668	0.01054	0.01405	0.00790	0.00439	0.00615	0.00176	0.00878	0.00615	0.00263	0.00702
10	0.00732	0.00532	0.00689	0.00650	0.00775	0.00489	0.00487	0.00973	0.01462	0.02059	0.75077	0.03938	0.08030	0.01075	0.00614	0.00164	0.00246	0.00948	0.00569	0.00489
11	0.01342	0.01142	0.01204	0.01069	0.01372	0.01317	0.00836	0.07852	0.72348	0.02254	0.02060	0.01895	0.01541	0.00701	0.00529	0.00175	0.00423	0.00581	0.00529	0.00828
12	0.62715	0.01166	0.00955	0.00818	0.01155	0.06601	0.00667	0.12382	0.01187	0.07001	0.00886	0.00966	0.00661	0.00517	0.00373	0.00159	0.00466	0.00327	0.00366	0.00632
13	0.00664	0.00501	0.00615	0.00647	0.00749	0.00451	0.00462	0.00819	0.01212	0.01610	0.29280	0.33840	0.24551	0.01352	0.00634	0.00185	0.00272	0.01191	0.00514	0.00451
14	0.01817	0.00950	0.01110	0.00925	0.01237	0.05729	0.00732	0.02222	0.14403	0.45888	0.09328	0.07694	0.01820	0.02948	0.00598	0.00175	0.00442	0.00638	0.00574	0.00772
15	0.00681	0.00500	0.00624	0.00653	0.00739	0.00459	0.00458	0.00829	0.01187	0.01601	0.31707	0.33002	0.15741	0.08403	0.00812	0.00214	0.00292	0.01152	0.00503	0.00442
16	0.05481	0.67268	0.05103	0.00918	0.01354	0.01911	0.00904	0.01681	0.08659	0.01389	0.00870	0.00955	0.00755	0.00475	0.00359	0.00122	0.00542	0.00313	0.00258	0.00682

[dist]
# distance from previous block
# <min> <max>
0	1

[block]
# block no. 4 follows, 47 sequences, length 40
# corresponding to MSA columns:
# 143-168,173-186
name=unknown_E
#
# <colnr> <probs for GDERKNQSTAVLIFYWHMCP>
#	G	D	E	R	K	N	Q	S	T	A	V	L	I	F	Y	W	H	M	C	P
0	0.22156	0.15619	0.03843	0.01099	0.03549	0.36511	0.00877	0.01729	0.01218	0.01560	0.01114	0.01217	0.06434	0.00563	0.00423	0.00141	0.00677	0.00375	0.00288	0.00604
1	0.58922	0.01305	0.11587	0.00879	0.01279	0.01233	0.00821	0.13226	0.01172	0.04237	0.00867	0.00966	0.00644	0.00511	0.00382	0.00161	0.00480	0.00331	0.00347	0.00650
2	0.01369	0.76785	0.07755	0.00930	0.01397	0.02005	0.00959	0.01565	0.01061	0.01253	0.00738	0.00853	0.00668	0.00449	0.00345	0.00115	0.00571	0.00285	0.00223	0.00675
3	0.00632	0.00527	0.00552	0.00549	0.00715	0.00446	0.00411	0.00779	0.01222	0.01498	0.15172	0.06500	0.66625	0.01291	0.00616	0.00175	0.00262	0.01086	0.00496	0.00446
4	0.00695	0.00522	0.00632	0.00619	0.00741	0.00472	0.00452	0.00878	0.01304	0.01757	0.45795	0.10866	0.25546	0.06499	0.00753	0.00194	0.00273	0.01021	0.00523	0.00459
5	0.01958	0.01448	0.01551	0.01194	0.01607	0.01605	0.00985	0.74347	0.04851	0.03247	0.01278	0.01272	0.00908	0.00628	0.00521	0.00157	0.00568	0.00473	0.00521	0.00884
6	0.08117	0.01232	0.01346	0.01070	0.01448	0.01334	0.00873	0.41730	0.15657	0.17538	0.03302	0.01507	0.01159	0.00643	0.00510	0.00161	0.00499	0.00498	0.00533	0.00842
7	0.02011	0.01408	0.01532	0.01174	0.01590	0.01540	0.00970	0.70196	0.02364	0.09918	0.01321	0.01296	0.00921	0.00627	0.00521	0.00157	0.00562	0.00474	0.00532	0.00886
8	0.00719	0.00530	0.00679	0.00696	0.00812	0.00491	0.00532	0.00923	0.01312	0.01780	0.43088	0.16303	0.15642	0.01252	0.00639	0.00185	0.00295	0.13120	0.00530	0.00471
9	0.01392	0.82012	0.02729	0.00891	0.01337	0.02061	0.00891	0.01559	0.01058	0.01225	0.00724	0.00835	0.00668	0.00446	0.00334	0.00111	0.00557	0.00278	0.00223	0.00668
10	0.01221	0.00852	0.01088	0.01110	0.11562	0.02215	0.05941	0.14149	0.01352	0.02106	0.01464	0.01680	0.01139	0.00578	0.00431	0.00136	0.00406	0.00486	0.51467	0.00617
11	0.01369	0.01155	0.01219	0.01075	0.01382	0.01330	0.00842	0.10684	0.69472	0.02297	0.02027	0.01869	0.01514	0.00698	0.00529	0.00174	0.00429	0.00576	0.00529	0.00831
12	0.00773	0.00514	0.00647	0.00686	0.00790	0.00463	0.00487	0.00906	0.01150	0.07245	0.15184	0.46644	0.19762	0.01401	0.00636	0.00192	0.00295	0.01241	0.00510	0.00472
13	0.01014	0.00956	0.01598	0.63505	0.15753	0.01132	0.01416	0.01344	0.01073	0.01396	0.01165	0.01564	0.04820	0.00554	0.00525	0.00171	0.00659	0.00497	0.00249	0.00612
14	0.00956	0.00876	0.01462	0.65973	0.03123	0.01057	0.03250	0.01290	0.01106	0.01455	0.11483	0.01741	0.01285	0.00594	0.00533	0.00171	0.00629	0.00533	0.01916	0.00568
15	0.00905	0.00452	0.00678	0.00678	0.00678	0.00452	0.00452	0.00678	0.00678	0.00905	0.00905	0.01583	0.00905	0.01809	0.02035	0.84848	0.00452	0.00452	0.00226	0.00226
16	0.01033	0.00980	0.01633	0.64965	0.12708	0.01200	0.01442	0.01358	0.01041	0.01371	0.00914	0.01357	0.00710	0.00543	0.00609	0.00175	0.06656	0.00462	0.00234	0.00608
17	0.19367	0.06639	0.01605	0.01756	0.25666	0.31787	0.01092	0.03474	0.01256	0.01676	0.00848	0.01030	0.00701	0.00499	0.00446	0.00145	0.00693	0.00364	0.00279	0.00675
18	0.74154	0.03272	0.03382	0.00734	0.01080	0.01164	0.00632	0.01611	0.00943	0.07988	0.00831	0.00923	0.00624	0.00495	0.00343	0.00160	0.00422	0.00303	0.00340	0.00598
19	0.06877	0.01410	0.03508	0.05802	0.07383	0.07333	0.40208	0.09409	0.01309	0.01811	0.02778	0.01339	0.00859	0.00527	0.00648	0.00172	0.07108	0.00530	0.00296	0.00692
20	0.05073	0.01010	0.09953	0.00988	0.01317	0.00800	0.08298	0.03843	0.02417	0.22925	0.07275	0.14718	0.01732	0.00777	0.00521	0.00163	0.00454	0.00679	0.13753	0.03304
21	0.00816	0.00603	0.00744	0.00693	0.00840	0.00577	0.00523	0.05981	0.03446	0.02059	0.59677	0.08437	0.11446	0.01085	0.00609	0.00168	0.00277	0.00949	0.00555	0.00517
22	0.01163	0.05018	0.66062	0.01468	0.02185	0.01210	0.06419	0.01714	0.01135	0.07392	0.01019	0.01160	0.00715	0.00501	0.00499	0.00164	0.00745	0.00406	0.00254	0.00771
23	0.01135	0.00858	0.00987	0.00864	0.01061	0.00919	0.00661	0.19898	0.12973	0.02191	0.31480	0.06454	0.02809	0.10974	0.02157	0.00221	0.02484	0.00756	0.00504	0.00615
24	0.00816	0.00453	0.00654	0.00694	0.00704	0.00443	0.00463	0.00694	0.00783	0.01045	0.01552	0.27867	0.01741	0.01751	0.01584	0.56962	0.00403	0.00791	0.00311	0.00291
25	0.02767	0.05570	0.66662	0.01584	0.07231	0.01247	0.04561	0.01641	0.01104	0.01651	0.00930	0.01108	0.00674	0.00489	0.00491	0.00162	0.00748	0.00392	0.00226	0.00763
26	0.23531	0.00918	0.01092	0.00861	0.01245	0.00867	0.00710	0.02252	0.01327	0.57477	0.01689	0.01520	0.01092	0.00597	0.00469	0.00159	0.00432	0.00457	0.00554	0.02751
27	0.01139	0.01139	0.01595	0.01367	0.01367	0.01595	0.01139	0.01253	0.00798	0.01253	0.00684	0.01139	0.00684	0.00911	0.01709	0.00228	0.80745	0.00456	0.00228	0.00570
28	0.01297	0.04478	0.12617	0.07700	0.46213	0.07150	0.08291	0.03116	0.01210	0.01649	0.00959	0.01236	0.00775	0.00478	0.00512	0.00156	0.00688	0.00450	0.00256	0.00769
29	0.11149	0.01004	0.03245	0.00925	0.01280	0.00955	0.00772	0.15781	0.04817	0.38202	0.14515	0.01918	0.01739	0.00692	0.00515	0.00161	0.00437	0.00556	0.00558	0.00778
30	0.01768	0.00904	0.01150	0.00856	0.01286	0.00733	0.00698	0.01983	0.01305	0.43955	0.01544	0.01459	0.01055	0.00528	0.00461	0.00123	0.00417	0.00426	0.00493	0.38852
31	0.00683	0.00530	0.00622	0.00599	0.00745	0.00468	0.00449	0.00879	0.01347	0.01787	0.45944	0.04386	0.37333	0.01177	0.00615	0.00169	0.00254	0.01011	0.00534	0.00468
32	0.01148	0.01275	0.02736	0.01994	0.02453	0.01195	0.66180	0.01539	0.01197	0.01622	0.01301	0.12312	0.01152	0.00602	0.00621	0.00180	0.00799	0.00733	0.00293	0.00664
33	0.04054	0.00936	0.01166	0.00931	0.01296	0.00897	0.00758	0.06354	0.15088	0.54561	0.01970	0.01764	0.01307	0.00648	0.00510	0.00161	0.00431	0.00524	0.05800	0.00843
34	0.00818	0.00550	0.00699	0.00659	0.00802	0.00498	0.00495	0.01035	0.01403	0.06996	0.57776	0.08706	0.15374	0.01109	0.00612	0.00168	0.00265	0.00971	0.00559	0.00506
35	0.00660	0.00520	0.00623	0.03214	0.00841	0.00472	0.00492	0.00806	0.01159	0.01478	0.14092	0.29826	0.37829	0.01367	0.00633	0.00189	0.00298	0.04566	0.00487	0.00447
36	0.01289	0.01145	0.01850	0.09623	0.48039	0.02640	0.05994	0.01621	0.03668	0.07402	0.01402	0.01665	0.06000	0.00559	0.00527	0.00158	0.00594	0.01676	0.00314	0.03833
37	0.00637	0.00456	0.00602	0.00717	0.00750	0.00425	0.00478	0.00726	0.00996	0.01324	0.02899	0.77908	0.05131	0.03365	0.00707	0.00217	0.00306	0.01456	0.00480	0.00421
38	0.01143	0.00968	0.01127	0.00817	0.01264	0.00782	0.00657	0.06469	0.01166	0.01793	0.00941	0.01093	0.00777	0.00416	0.00431	0.00087	0.02600	0.00324	0.00321	0.76824
39	0.08088	0.06798	0.01532	0.01139	0.01524	0.09248	0.00936	0.51185	0.09888	0.02765	0.01222	0.01234	0.00899	0.00602	0.00490	0.00154	0.00579	0.00442	0.00463	0.00813

[dist]
# distance from previous block
# <min> <max>
4	8

[block]
# block no. 5 follows, 47 sequences, length 72
# corresponding to MSA columns:
# 196-212,215-235,237-253,255-271
name=unknown_F
#
# <colnr> <probs for GDERKNQSTAVLIFYWHMCP>
#	G	D	E	R	K	N	Q	S	T	A	V	L	I	F	Y	W	H	M	C	P
0	0.01494	0.01177	0.01260	0.01082	0.01407	0.01334	0.00856	0.18165	0.57805	0.06503	0.01935	0.01789	0.01427	0.00686	0.00528	0.00172	0.00447	0.00560	0.00534	0.00840
1	0.85377	0.01007	0.00765	0.00685	0.01007	0.01168	0.00564	0.01531	0.00886	0.02336	0.00725	0.00846	0.00564	0.00483	0.00322	0.00161	0.00403	0.00282	0.00322	0.00564
2	0.01980	0.01459	0.01563	0.01198	0.01615	0.01615	0.00990	0.76713	0.02448	0.03282	0.01250	0.01250	0.00886	0.00625	0.00521	0.00156	0.00573	0.00469	0.00521	0.00886
3	0.12156	0.01360	0.01416	0.01117	0.01507	0.01519	0.00916	0.58089	0.11770	0.03026	0.01296	0.01288	0.00935	0.00618	0.00498	0.00159	0.00532	0.00461	0.00498	0.00838
4	0.01392	0.82012	0.02729	0.00891	0.01337	0.02061	0.00891	0.01559	0.01058	0.01225	0.00724	0.00835	0.00668	0.00446	0.00334	0.00111	0.00557	0.00278	0.00223	0.00668
5	0.01503	0.01131	0.01253	0.01118	0.03984	0.01255	0.00862	0.22597	0.40471	0.07430	0.01847	0.01931	0.01411	0.00705	0.00526	0.00169	0.00457	0.04502	0.06045	0.00804
6	0.01353	0.01130	0.01222	0.01080	0.01367	0.01312	0.00849	0.06421	0.66974	0.04531	0.01991	0.01857	0.01493	0.00712	0.00597	0.00178	0.05029	0.00573	0.00516	0.00815
7	0.00678	0.00500	0.00610	0.00679	0.00774	0.00450	0.00487	0.00800	0.01098	0.02805	0.05670	0.46265	0.28583	0.01478	0.00648	0.00200	0.00304	0.07040	0.00489	0.00443
8	0.01271	0.01219	0.02082	0.07628	0.74155	0.01233	0.01590	0.01583	0.01177	0.01680	0.00976	0.01295	0.00817	0.00467	0.00516	0.00156	0.00623	0.00464	0.00256	0.00811
9	0.00661	0.00480	0.00630	0.00721	0.00771	0.00457	0.00493	0.00792	0.02270	0.01397	0.09173	0.65282	0.05982	0.03115	0.04911	0.00244	0.00360	0.01345	0.00478	0.00436
10	0.00905	0.00452	0.00678	0.00678	0.00678	0.00452	0.00452	0.00678	0.00678	0.00905	0.00905	0.01583	0.00905	0.01809	0.02035	0.84848	0.00452	0.00452	0.00226	0.00226
11	0.01291	0.01212	0.01870	0.26080	0.45496	0.04121	0.01470	0.09068	0.01280	0.01733	0.00984	0.01302	0.00786	0.00500	0.00516	0.00160	0.00648	0.00459	0.00277	0.00749
12	0.83198	0.03109	0.00816	0.00690	0.01016	0.01191	0.00572	0.01532	0.00891	0.02308	0.00725	0.00846	0.00567	0.00482	0.00323	0.00160	0.00407	0.00282	0.00320	0.00567
13	0.11709	0.01150	0.01675	0.22849	0.32080	0.02474	0.02497	0.10061	0.02418	0.06674	0.01047	0.01293	0.00802	0.00515	0.00495	0.00161	0.00602	0.00448	0.00317	0.00733
14	0.01436	0.01193	0.01385	0.01460	0.15333	0.04605	0.00987	0.10316	0.43596	0.06923	0.01794	0.01907	0.01393	0.00682	0.00533	0.00171	0.00495	0.04511	0.00473	0.00807
15	0.01006	0.00551	0.00575	0.00552	0.00685	0.00559	0.00415	0.05844	0.01182	0.01977	0.06073	0.02155	0.01570	0.04981	0.00516	0.00148	0.00281	0.01783	0.68646	0.00501
16	0.00882	0.00669	0.00829	0.00805	0.00960	0.00669	0.02594	0.01329	0.18023	0.04767	0.18386	0.32352	0.13280	0.01198	0.00611	0.00186	0.00331	0.01061	0.00513	0.00554
17	0.01166	0.01165	0.01816	0.05364	0.07284	0.01480	0.11802	0.03396	0.00945	0.01402	0.00806	0.01230	0.00734	0.00878	0.03768	0.00229	0.55194	0.00483	0.00245	0.00613
18	0.01332	0.01137	0.01198	0.01067	0.01368	0.01312	0.00833	0.06718	0.73498	0.02237	0.02073	0.01906	0.01552	0.00702	0.00529	0.00176	0.00421	0.00582	0.00529	0.00828
19	0.00727	0.00503	0.00585	0.00601	0.00627	0.00496	0.00365	0.00762	0.00834	0.01102	0.02132	0.14064	0.09175	0.58884	0.06608	0.00453	0.00506	0.00876	0.00352	0.00350
20	0.01421	0.05398	0.04928	0.03216	0.04011	0.01098	0.00863	0.26441	0.05779	0.10363	0.25174	0.03792	0.02273	0.00779	0.00546	0.00161	0.00456	0.02085	0.00502	0.00716
21	0.75485	0.00993	0.00818	0.00714	0.01046	0.01120	0.00588	0.01651	0.00958	0.11446	0.00883	0.00956	0.00650	0.00503	0.00346	0.00161	0.00408	0.00311	0.00361	0.00602
22	0.01139	0.01139	0.01595	0.01367	0.01367	0.01595	0.01139	0.01253	0.00798	0.01253	0.00684	0.01139	0.00684	0.00911	0.01709	0.00228	0.80745	0.00456	0.00228	0.00570
23	0.01643	0.01161	0.01290	0.01136	0.04066	0.02742	0.00872	0.15767	0.44488	0.18093	0.01888	0.01743	0.01359	0.00668	0.00525	0.00168	0.00464	0.00545	0.00537	0.00844
24	0.01392	0.82012	0.02729	0.00891	0.01337	0.02061	0.00891	0.01559	0.01058	0.01225	0.00724	0.00835	0.00668	0.00446	0.00334	0.00111	0.00557	0.00278	0.00223	0.00668
25	0.01340	0.01141	0.01203	0.01069	0.01371	0.01316	0.00835	0.07625	0.72578	0.02251	0.02062	0.01897	0.01543	0.00701	0.00529	0.00175	0.00423	0.00581	0.00529	0.00828
26	0.00737	0.00532	0.00696	0.00655	0.00778	0.00491	0.00491	0.00983	0.01474	0.02088	0.78175	0.03890	0.04914	0.01065	0.00614	0.00164	0.00246	0.00942	0.00573	0.00491
27	0.00983	0.00926	0.01562	0.80447	0.03587	0.01157	0.01446	0.01331	0.01041	0.01331	0.00926	0.01388	0.00694	0.00521	0.00521	0.00174	0.00694	0.00463	0.00231	0.00579
28	0.64426	0.05943	0.00907	0.00709	0.01021	0.01172	0.00589	0.06640	0.01028	0.02286	0.00877	0.01004	0.00685	0.00506	0.00342	0.00153	0.00405	0.00319	0.10406	0.00583
29	0.00637	0.00455	0.00606	0.00724	0.00756	0.00425	0.00484	0.00731	0.01008	0.01347	0.04573	0.79607	0.03478	0.01619	0.00664	0.00210	0.00301	0.01468	0.00485	0.00425
30	0.04627	0.00931	0.01222	0.00939	0.01341	0.00838	0.00776	0.07828	0.01542	0.71262	0.01960	0.01709	0.01240	0.00639	0.00518	0.00161	0.00451	0.00513	0.00627	0.00877
31	0.00892	0.00802	0.07904	0.00876	0.01082	0.00631	0.05174	0.02643	0.01311	0.06434	0.37257	0.22629	0.04951	0.01103	0.00613	0.00180	0.00373	0.04105	0.00498	0.00542
32	0.00803	0.00572	0.00786	0.00891	0.00993	0.00566	0.00746	0.01009	0.01160	0.01522	0.06320	0.15585	0.03084	0.06050	0.00818	0.00248	0.00446	0.57464	0.00475	0.00463
33	0.01226	0.01016	0.01218	0.00892	0.01329	0.00870	0.02626	0.11218	0.01258	0.03232	0.00981	0.01125	0.00792	0.00445	0.00468	0.00098	0.03833	0.00347	0.00338	0.66689
34	0.53017	0.19836	0.01352	0.00896	0.03834	0.09495	0.00728	0.02929	0.01025	0.01965	0.00751	0.00876	0.00614	0.00482	0.00350	0.00147	0.00504	0.00296	0.00295	0.00607
35	0.00662	0.00475	0.00633	0.00721	0.00773	0.00445	0.00499	0.00789	0.01092	0.01480	0.17266	0.62840	0.03675	0.01556	0.02008	0.00214	0.00315	0.03622	0.00497	0.00439
36	0.85377	0.01007	0.00765	0.00685	0.01007	0.01168	0.00564	0.01531	0.00886	0.02336	0.00725	0.00846	0.00564	0.00483	0.00322	0.00161	0.00403	0.00282	0.00322	0.00564
37	0.00670	0.00524	0.00571	0.00562	0.00691	0.00464	0.00399	0.00798	0.01157	0.01464	0.19506	0.04448	0.47304	0.17966	0.01038	0.00242	0.00310	0.00996	0.00467	0.00424
38	0.00646	0.00466	0.00612	0.00709	0.00756	0.00432	0.00481	0.00758	0.01063	0.01426	0.12234	0.68737	0.06651	0.01549	0.00656	0.00204	0.00294	0.01399	0.00494	0.00432
39	0.01980	0.01459	0.01563	0.01198	0.01615	0.01615	0.00990	0.76713	0.02448	0.03282	0.01250	0.01250	0.00886	0.00625	0.00521	0.00156	0.00573	0.00469	0.00521	0.00886
40	0.02336	0.00886	0.01209	0.00927	0.01329	0.00765	0.00765	0.02538	0.01491	0.78810	0.02055	0.01773	0.01289	0.00645	0.00524	0.00161	0.00443	0.00524	0.00645	0.00886
41	0.01980	0.01459	0.01563	0.01198	0.01615	0.01615	0.00990	0.76713	0.02448	0.03282	0.01250	0.01250	0.00886	0.00625	0.00521	0.00156	0.00573	0.00469	0.00521	0.00886
42	0.01139	0.01139	0.01595	0.01367	0.01367	0.01595	0.01139	0.01253	0.00798	0.01253	0.00684	0.01139	0.00684	0.00911	0.01709	0.00228	0.80745	0.00456	0.00228	0.00570
43	0.01392	0.82012	0.02729	0.00891	0.01337	0.02061	0.00891	0.01559	0.01058	0.01225	0.00724	0.00835	0.00668	0.00446	0.00334	0.00111	0.00557	0.00278	0.00223	0.00668
44	0.59189	0.01000	0.00953	0.00804	0.01119	0.01120	0.05568	0.08807	0.01091	0.02326	0.00943	0.01085	0.00725	0.00513	0.00367	0.00156	0.00427	0.00352	0.12863	0.00593
45	0.01681	0.01302	0.01389	0.01133	0.01492	0.01461	0.00913	0.46167	0.31452	0.02805	0.01628	0.03559	0.01223	0.00682	0.00528	0.00166	0.00504	0.00541	0.00523	0.00850
46	0.00738	0.00539	0.00606	0.00600	0.00759	0.00465	0.00446	0.00887	0.01227	0.05953	0.17294	0.15329	0.50732	0.01280	0.00617	0.00178	0.00276	0.01092	0.00508	0.00472
47	0.01070	0.01009	0.01705	0.55430	0.25612	0.01165	0.01474	0.01403	0.01088	0.01446	0.00993	0.01484	0.00797	0.00530	0.00525	0.00170	0.00666	0.02540	0.00246	0.00648
48	0.00653	0.00467	0.00622	0.00720	0.00765	0.00436	0.00491	0.00768	0.01068	0.01441	0.13485	0.69038	0.03643	0.01548	0.00659	0.00205	0.00297	0.02766	0.00496	0.00434
49	0.00905	0.00452	0.00678	0.00678	0.00678	0.00452	0.00452	0.00678	0.00678	0.00905	0.00905	0.01583	0.00905	0.01809	0.02035	0.84848	0.00452	0.00452	0.00226	0.00226
50	0.02056	0.03184	0.06131	0.01002	0.01415	0.00972	0.00868	0.08726	0.12122	0.54957	0.01891	0.01686	0.01242	0.00637	0.00518	0.00162	0.00473	0.00513	0.00581	0.00865
51	0.00692	0.00518	0.00730	0.00764	0.00832	0.00491	0.03720	0.00817	0.01049	0.01418	0.13483	0.53117	0.05184	0.09327	0.05065	0.00264	0.00396	0.01237	0.00460	0.00437
52	0.01721	0.01290	0.01387	0.01127	0.01494	0.01440	0.00911	0.42706	0.32894	0.06869	0.01646	0.01560	0.01193	0.00659	0.00525	0.00165	0.00501	0.00521	0.00531	0.00861
53	0.85377	0.01007	0.00765	0.00685	0.01007	0.01168	0.00564	0.01531	0.00886	0.02336	0.00725	0.00846	0.00564	0.00483	0.00322	0.00161	0.00403	0.00282	0.00322	0.00564
54	0.01122	0.04658	0.49114	0.01724	0.02396	0.01275	0.28971	0.01653	0.01145	0.01643	0.00971	0.01202	0.00707	0.00473	0.00533	0.00167	0.00802	0.00465	0.00236	0.00742
55	0.03814	0.00724	0.00973	0.00825	0.01044	0.00689	0.06682	0.01243	0.06893	0.01935	0.39611	0.05237	0.05870	0.00857	0.00571	0.00153	0.02156	0.00751	0.07697	0.12275
56	0.00633	0.00458	0.00599	0.00712	0.00752	0.00424	0.00478	0.00727	0.01010	0.01334	0.03028	0.76343	0.08358	0.01611	0.00661	0.00209	0.00300	0.01455	0.00483	0.00424
57	0.00842	0.00550	0.00754	0.00848	0.00944	0.00528	0.00668	0.01010	0.01124	0.06526	0.02764	0.40857	0.03094	0.01477	0.00681	0.00221	0.00394	0.35747	0.00492	0.00480
58	0.01048	0.04147	0.70834	0.01442	0.02143	0.01229	0.01818	0.01606	0.01092	0.01630	0.03070	0.01174	0.00780	0.00534	0.00565	0.00167	0.05338	0.00402	0.00230	0.00748
59	0.00812	0.00579	0.00803	0.00920	0.01025	0.00575	0.00781	0.01027	0.01162	0.01515	0.02741	0.15096	0.03022	0.03659	0.00765	0.00244	0.00458	0.63874	0.00476	0.00468
60	0.00726	0.00542	0.00677	0.00649	0.00782	0.00499	0.00488	0.00972	0.02890	0.01943	0.60698	0.06155	0.17329	0.01124	0.00616	0.00169	0.00258	0.02444	0.00553	0.00487
61	0.83685	0.02639	0.00805	0.00689	0.01014	0.01186	0.00571	0.01531	0.00890	0.02314	0.00725	0.00846	0.00566	0.00483	0.00323	0.00160	0.00406	0.00282	0.00320	0.00566
62	0.01139	0.01139	0.01595	0.01367	0.01367	0.01595	0.01139	0.01253	0.00798	0.01253	0.00684	0.01139	0.00684	0.00911	0.01709	0.00228	0.80745	0.00456	0.00228	0.00570
63	0.01376	0.01159	0.01223	0.01076	0.01385	0.01333	0.00844	0.11474	0.68671	0.02308	0.02017	0.01861	0.01507	0.00697	0.00529	0.00174	0.00431	0.00575	0.00529	0.00832
64	0.02065	0.01321	0.01478	0.01133	0.01546	0.01411	0.00936	0.58892	0.02218	0.21428	0.01444	0.01376	0.00983	0.00630	0.00522	0.00157	0.00542	0.00482	0.00551	0.00886
65	0.00623	0.00497	0.00560	0.00610	0.00725	0.00433	0.00432	0.00738	0.01108	0.01374	0.04271	0.36882	0.47016	0.01449	0.00636	0.00191	0.00280	0.01258	0.00484	0.00433
66	0.00733	0.00532	0.00690	0.00651	0.00775	0.00490	0.00488	0.00975	0.01464	0.02065	0.75654	0.03929	0.07449	0.01073	0.00614	0.00164	0.00246	0.00947	0.00570	0.00490
67	0.00744	0.00558	0.00837	0.00837	0.00930	0.00651	0.00651	0.00930	0.00837	0.01209	0.01395	0.02046	0.01302	0.03906	0.79635	0.00837	0.01395	0.00558	0.00279	0.00465
68	0.01836	0.01327	0.01456	0.05673	0.01629	0.01468	0.00954	0.63985	0.02224	0.04497	0.01289	0.01332	0.00924	0.00618	0.00506	0.00154	0.00547	0.00471	0.08278	0.00831
69	0.00775	0.05885	0.00823	0.00666	0.00812	0.00592	0.00514	0.01011	0.01436	0.02005	0.70243	0.03733	0.07496	0.01034	0.00596	0.00161	0.00267	0.00904	0.00547	0.00501
70	0.01640	0.57253	0.02281	0.00924	0.01343	0.03695	0.00868	0.01814	0.01172	0.20961	0.01063	0.01084	0.00827	0.00511	0.00421	0.00128	0.02618	0.00347	0.00331	0.00720
71	0.06566	0.01012	0.01233	0.00960	0.01341	0.00983	0.00789	0.21333	0.01695	0.49674	0.06138	0.01714	0.01356	0.00654	0.00515	0.00159	0.00459	0.00520	0.02058	0.00839

[dist]
# distance from previous block
# <min> <max>
0	1

[block]
# block no. 6 follows, 47 sequences, length 20
# corresponding to MSA columns:
# 273-292
name=unknown_G
#
# <colnr> <probs for GDERKNQSTAVLIFYWHMCP>
#	G	D	E	R	K	N	Q	S	T	A	V	L	I	F	Y	W	H	M	C	P
0	0.01149	0.01117	0.01506	0.01281	0.01353	0.01481	0.01059	0.01407	0.08310	0.01386	0.00847	0.01212	0.00780	0.00842	0.01469	0.00209	0.65299	0.00455	0.00265	0.08575
1	0.02973	0.00957	0.01153	0.00977	0.04151	0.00911	0.00746	0.20385	0.01568	0.21522	0.09865	0.08612	0.06299	0.00749	0.00520	0.00149	0.00427	0.00622	0.00498	0.16918
2	0.01876	0.09285	0.01649	0.01155	0.01562	0.01622	0.00967	0.66511	0.02252	0.03003	0.01204	0.01240	0.00880	0.00732	0.03497	0.00178	0.00603	0.00454	0.00483	0.00848
3	0.85377	0.01007	0.00765	0.00685	0.01007	0.01168	0.00564	0.01531	0.00886	0.02336	0.00725	0.00846	0.00564	0.00483	0.00322	0.00161	0.00403	0.00282	0.00322	0.00564
4	0.00734	0.08269	0.00854	0.00763	0.00839	0.00637	0.00551	0.00840	0.01018	0.01348	0.05617	0.64849	0.05112	0.01454	0.00678	0.00200	0.04046	0.01287	0.00450	0.00456
5	0.00654	0.00529	0.00581	0.00568	0.00727	0.00456	0.00426	0.00822	0.01278	0.01622	0.28331	0.04657	0.55048	0.01238	0.00615	0.00172	0.00258	0.01049	0.00512	0.00456
6	0.01548	0.00712	0.00956	0.00793	0.01058	0.00630	0.00630	0.01772	0.01482	0.41003	0.39565	0.02816	0.03075	0.00852	0.00568	0.00162	0.00346	0.00730	0.00609	0.00692
7	0.01915	0.01426	0.01526	0.01185	0.01590	0.01585	0.00974	0.69714	0.09553	0.03178	0.01333	0.01316	0.00952	0.00633	0.00522	0.00158	0.00558	0.00480	0.00522	0.00880
8	0.70364	0.01008	0.00859	0.00739	0.01076	0.01129	0.00609	0.04610	0.01033	0.13199	0.00934	0.00993	0.00679	0.00512	0.00359	0.00161	0.00415	0.00324	0.00376	0.00622
9	0.01980	0.01459	0.01563	0.01198	0.01615	0.01615	0.00990	0.76713	0.02448	0.03282	0.01250	0.01250	0.00886	0.00625	0.00521	0.00156	0.00573	0.00469	0.00521	0.00886
10	0.01068	0.08108	0.73793	0.01444	0.02191	0.01268	0.01854	0.01643	0.01097	0.01620	0.00920	0.01081	0.00660	0.00491	0.00484	0.00161	0.00755	0.00378	0.00220	0.00763
11	0.01392	0.82012	0.02729	0.00891	0.01337	0.02061	0.00891	0.01559	0.01058	0.01225	0.00724	0.00835	0.00668	0.00446	0.00334	0.00111	0.00557	0.00278	0.00223	0.00668
12	0.12446	0.01050	0.01215	0.26627	0.01939	0.08687	0.04404	0.10340	0.01253	0.01877	0.01149	0.01412	0.00882	0.00550	0.00450	0.00151	0.00547	0.00440	0.23986	0.00595
13	0.01191	0.00909	0.01031	0.00910	0.01086	0.01016	0.00681	0.21004	0.15981	0.01884	0.01646	0.08175	0.01564	0.26947	0.08817	0.00345	0.05132	0.00668	0.00415	0.00599
14	0.01860	0.00793	0.01047	0.00861	0.01169	0.00713	0.00687	0.04237	0.02931	0.53583	0.06195	0.14382	0.01818	0.00820	0.00540	0.00167	0.00400	0.00693	0.06340	0.00764
