[name]
unknown

[dist]
# distance from previous block
# <min> <max>
15	382

[block]
# block no. 0 follows, 53 sequences, length 8
# corresponding to MSA columns:
# 451-458
name=unknown_A
#
# <colnr> <probs for GDERKNQSTAVLIFYWHMCP>
#	G	D	E	R	K	N	Q	S	T	A	V	L	I	F	Y	W	H	M	C	P
0	0.03501	0.14919	0.10000	0.00989	0.01397	0.01088	0.07892	0.14097	0.01266	0.12011	0.04834	0.04793	0.01044	0.00527	0.00432	0.00126	0.00485	0.00435	0.00348	0.19814
1	0.11148	0.00948	0.01157	0.13269	0.04498	0.01016	0.00824	0.23531	0.04772	0.18027	0.14397	0.01655	0.01471	0.00613	0.00472	0.00149	0.00446	0.00497	0.00439	0.00672
2	0.14147	0.00961	0.01379	0.01298	0.14520	0.00907	0.12562	0.03206	0.04645	0.09136	0.01126	0.06803	0.00941	0.00507	0.00436	0.00130	0.00465	0.00454	0.00325	0.26052
3	0.52368	0.01326	0.17830	0.00944	0.01351	0.01137	0.06902	0.10082	0.01040	0.02061	0.00784	0.00907	0.00585	0.00457	0.00371	0.00149	0.00492	0.00322	0.00292	0.00600
4	0.01082	0.00916	0.14136	0.00830	0.01088	0.00651	0.00745	0.05794	0.01161	0.19646	0.07983	0.33134	0.08861	0.00998	0.00539	0.00167	0.00387	0.00868	0.00445	0.00570
5	0.20812	0.00616	0.00732	0.00714	0.00863	0.00676	0.00551	0.00976	0.00819	0.01401	0.01333	0.15101	0.01331	0.02276	0.43236	0.00479	0.00835	0.00578	0.00299	0.06372
6	0.08704	0.14997	0.03719	0.00982	0.01371	0.01396	0.00853	0.46540	0.01748	0.11182	0.01093	0.01098	0.00788	0.00528	0.00431	0.00136	0.00498	0.00386	0.00417	0.03135
7	0.01771	0.01089	0.07735	0.00932	0.01341	0.00922	0.00819	0.21287	0.01497	0.41305	0.01442	0.01349	0.00963	0.00536	0.00457	0.00134	0.00453	0.00424	0.00479	0.15065

[dist]
# distance from previous block
# <min> <max>
1	3

[block]
# block no. 1 follows, 53 sequences, length 70
# corresponding to MSA columns:
# 462-531
name=unknown_B
#
# <colnr> <probs for GDERKNQSTAVLIFYWHMCP>
#	G	D	E	R	K	N	Q	S	T	A	V	L	I	F	Y	W	H	M	C	P
0	0.07045	0.01041	0.02887	0.01378	0.11637	0.01044	0.17544	0.07335	0.21908	0.06791	0.03581	0.08070	0.03245	0.00621	0.00496	0.00155	0.00496	0.00573	0.00379	0.03775
1	0.00831	0.00542	0.00698	0.04611	0.00836	0.00565	0.00478	0.00972	0.04141	0.07495	0.05346	0.08479	0.01750	0.42038	0.18747	0.00441	0.00613	0.00676	0.00334	0.00408
2	0.01056	0.14323	0.58843	0.01234	0.01837	0.01188	0.02930	0.01508	0.01032	0.05282	0.04210	0.01117	0.00802	0.00483	0.00462	0.00145	0.02258	0.00372	0.00236	0.00682
3	0.00600	0.00428	0.00571	0.00678	0.00711	0.00403	0.00465	0.00692	0.00923	0.01228	0.02593	0.74442	0.03087	0.03911	0.00668	0.00204	0.00296	0.07273	0.00439	0.00389
4	0.01265	0.01096	0.01122	0.00993	0.01272	0.03831	0.00776	0.09437	0.69799	0.02064	0.01833	0.01695	0.01373	0.00637	0.00484	0.00159	0.00407	0.00523	0.00478	0.00755
5	0.01212	0.00716	0.00913	0.00779	0.03038	0.00628	0.00597	0.03144	0.03506	0.23370	0.28595	0.02279	0.03658	0.00693	0.00482	0.00132	0.00332	0.02510	0.02276	0.21143
6	0.02617	0.04469	0.46468	0.02673	0.08346	0.01164	0.15253	0.07434	0.01126	0.01633	0.00893	0.01075	0.00658	0.00447	0.00466	0.00147	0.00673	0.00396	0.00238	0.03822
7	0.01835	0.02023	0.01327	0.01172	0.01444	0.65486	0.00893	0.06821	0.01413	0.11873	0.00918	0.00982	0.00704	0.00511	0.00441	0.00128	0.00780	0.00339	0.00307	0.00605
8	0.00676	0.00489	0.00639	0.00601	0.00714	0.00451	0.00451	0.00902	0.01353	0.01917	0.79969	0.03570	0.04510	0.00977	0.00564	0.00150	0.00225	0.00864	0.00526	0.00451
9	0.01298	0.70475	0.02379	0.00909	0.01304	0.06735	0.04572	0.01520	0.04826	0.01190	0.00746	0.00847	0.00660	0.00425	0.00336	0.00109	0.00541	0.00288	0.00223	0.00618
10	0.01054	0.00657	0.00937	0.14679	0.05408	0.00662	0.00736	0.02346	0.03376	0.18278	0.04748	0.32841	0.03994	0.02242	0.00576	0.00177	0.00399	0.05920	0.00427	0.00544
11	0.01021	0.00565	0.00749	0.00660	0.00833	0.00510	0.00510	0.01237	0.01356	0.20388	0.61627	0.03114	0.03728	0.00887	0.00544	0.00150	0.00268	0.00774	0.00542	0.00536
12	0.00582	0.00416	0.00555	0.00666	0.00693	0.00388	0.00444	0.00666	0.00915	0.01220	0.02634	0.82891	0.03161	0.01497	0.00610	0.00194	0.00277	0.01359	0.00444	0.00388
13	0.01164	0.31697	0.42483	0.01166	0.01711	0.09815	0.02956	0.01526	0.01034	0.01337	0.00778	0.00912	0.00612	0.00441	0.00401	0.00131	0.00654	0.00318	0.00208	0.00655
14	0.04784	0.51293	0.26374	0.01039	0.03477	0.03349	0.01115	0.01467	0.00988	0.01299	0.00731	0.00854	0.00611	0.00427	0.00358	0.00121	0.00574	0.00291	0.00209	0.00640
15	0.00676	0.00489	0.00639	0.00601	0.00714	0.00451	0.00451	0.00902	0.01353	0.01917	0.79969	0.03570	0.04510	0.00977	0.00564	0.00150	0.00225	0.00864	0.00526	0.00451
16	0.00903	0.00850	0.01434	0.82054	0.03292	0.01062	0.01327	0.01221	0.00956	0.01221	0.00850	0.01274	0.00637	0.00478	0.00478	0.00159	0.00637	0.00425	0.00212	0.00531
17	0.00991	0.00850	0.00991	0.00708	0.01133	0.00637	0.00566	0.01203	0.00991	0.01557	0.00850	0.00991	0.00708	0.00354	0.00354	0.00071	0.00354	0.00283	0.00283	0.86124
18	0.00685	0.00505	0.00731	0.00731	0.00803	0.00577	0.00551	0.00830	0.00757	0.01082	0.01314	0.02067	0.01277	0.15639	0.69366	0.00722	0.01157	0.00540	0.00261	0.00406
19	0.00582	0.00416	0.00555	0.00666	0.00693	0.00388	0.00444	0.00666	0.00915	0.01220	0.02634	0.82891	0.03161	0.01497	0.00610	0.00194	0.00277	0.01359	0.00444	0.00388
20	0.00726	0.00611	0.04469	0.00581	0.00781	0.00471	0.00482	0.00882	0.01120	0.07706	0.07475	0.04180	0.62891	0.01119	0.00557	0.00162	0.00287	0.04598	0.00447	0.00455
21	0.02023	0.00975	0.01205	0.00927	0.01298	0.00946	0.00765	0.24952	0.03602	0.55579	0.01668	0.01489	0.01080	0.00588	0.00480	0.00147	0.00441	0.00467	0.00555	0.00812
22	0.01278	0.83490	0.02505	0.00818	0.01227	0.01891	0.00818	0.01431	0.00971	0.01125	0.00664	0.00767	0.00613	0.00409	0.00307	0.00102	0.00511	0.00256	0.00204	0.00613
23	0.86579	0.00924	0.00702	0.00629	0.00924	0.01072	0.00518	0.01405	0.00813	0.02144	0.00666	0.00776	0.00518	0.00444	0.00296	0.00148	0.00370	0.00259	0.00296	0.00518
24	0.86579	0.00924	0.00702	0.00629	0.00924	0.01072	0.00518	0.01405	0.00813	0.02144	0.00666	0.00776	0.00518	0.00444	0.00296	0.00148	0.00370	0.00259	0.00296	0.00518
25	0.01663	0.21939	0.01633	0.01131	0.01417	0.62063	0.00898	0.01793	0.01262	0.01159	0.00721	0.00839	0.00615	0.00472	0.00401	0.00118	0.00777	0.00295	0.00236	0.00568
26	0.00674	0.00488	0.00635	0.00598	0.00712	0.00450	0.00449	0.00897	0.01347	0.01901	0.78140	0.03595	0.06348	0.00983	0.00564	0.00151	0.00226	0.00868	0.00524	0.00450
27	0.03005	0.46049	0.26090	0.01007	0.01491	0.01522	0.02117	0.02976	0.05498	0.03830	0.01963	0.00979	0.00735	0.00454	0.00377	0.00125	0.00557	0.00324	0.00244	0.00656
28	0.00676	0.00489	0.00639	0.00601	0.00714	0.00451	0.00451	0.00902	0.01353	0.01917	0.79969	0.03570	0.04510	0.00977	0.00564	0.00150	0.00225	0.00864	0.00526	0.00451
29	0.00724	0.00498	0.00653	0.00611	0.00731	0.00458	0.00459	0.00946	0.01346	0.04550	0.76092	0.04788	0.04376	0.00973	0.00562	0.00151	0.00232	0.00859	0.00527	0.00462
30	0.12134	0.02980	0.09036	0.01042	0.01445	0.01342	0.00926	0.54089	0.01856	0.08888	0.01109	0.01119	0.00782	0.00544	0.00450	0.00144	0.00515	0.00402	0.00433	0.00762
31	0.00665	0.00486	0.00624	0.00593	0.00708	0.00446	0.00444	0.00879	0.01321	0.01849	0.72024	0.05608	0.10547	0.01009	0.00565	0.00152	0.00228	0.00888	0.00517	0.00446
32	0.01023	0.02201	0.65982	0.01461	0.08099	0.01089	0.03870	0.01552	0.02969	0.04320	0.02491	0.01122	0.00739	0.00470	0.00463	0.00151	0.00670	0.00384	0.00233	0.00709
33	0.01328	0.75480	0.02391	0.00859	0.01251	0.09722	0.00828	0.01478	0.01009	0.01129	0.00672	0.00776	0.00614	0.00417	0.00319	0.00104	0.00546	0.00261	0.00209	0.00608
34	0.86579	0.00924	0.00702	0.00629	0.00924	0.01072	0.00518	0.01405	0.00813	0.02144	0.00666	0.00776	0.00518	0.00444	0.00296	0.00148	0.00370	0.00259	0.00296	0.00518
35	0.00666	0.00509	0.00638	0.03536	0.00800	0.00474	0.00467	0.00888	0.02525	0.01742	0.57740	0.03706	0.22522	0.01010	0.00560	0.00154	0.00247	0.00878	0.00494	0.00447
36	0.00644	0.00487	0.00593	0.00567	0.00694	0.00437	0.00425	0.00838	0.01275	0.01732	0.57844	0.03873	0.26750	0.01046	0.00564	0.00154	0.00230	0.00907	0.00502	0.00437
37	0.01696	0.01157	0.01291	0.01014	0.01350	0.01259	0.00828	0.57650	0.03208	0.12236	0.01277	0.01359	0.00939	0.03869	0.08395	0.00217	0.00580	0.00456	0.00464	0.00756
38	0.00592	0.00424	0.00563	0.00659	0.00695	0.00395	0.00444	0.00690	0.00961	0.01293	0.10733	0.74584	0.03302	0.01443	0.00605	0.00190	0.00272	0.01307	0.00452	0.00395
39	0.01070	0.01086	0.03563	0.30895	0.39139	0.01120	0.13385	0.01390	0.01046	0.01435	0.00891	0.01228	0.00706	0.00441	0.00489	0.00151	0.00632	0.00445	0.00228	0.00658
40	0.00597	0.00427	0.00572	0.00683	0.00717	0.00401	0.00470	0.00692	0.00930	0.01237	0.02626	0.76661	0.03128	0.01483	0.00614	0.00196	0.00290	0.07439	0.00443	0.00392
41	0.01064	0.01360	0.12555	0.01786	0.02252	0.01123	0.60995	0.01450	0.01082	0.01487	0.02411	0.01442	0.00859	0.07075	0.00700	0.00184	0.00755	0.00553	0.00246	0.00621
42	0.86579	0.00924	0.00702	0.00629	0.00924	0.01072	0.00518	0.01405	0.00813	0.02144	0.00666	0.00776	0.00518	0.00444	0.00296	0.00148	0.00370	0.00259	0.00296	0.00518
43	0.02144	0.00813	0.01109	0.00850	0.01220	0.00702	0.00702	0.02329	0.01368	0.80552	0.01886	0.01627	0.01183	0.00592	0.00481	0.00148	0.00407	0.00481	0.00592	0.00813
44	0.00891	0.00445	0.00445	0.00445	0.00557	0.00445	0.00334	0.01114	0.01002	0.01782	0.01559	0.01782	0.01225	0.00557	0.00334	0.00111	0.00223	0.00445	0.85856	0.00445
45	0.55148	0.01284	0.15606	0.00846	0.01225	0.02404	0.00812	0.10197	0.05353	0.02102	0.00827	0.00918	0.00621	0.00472	0.00358	0.00148	0.00458	0.00312	0.00309	0.00600
46	0.01656	0.01274	0.01343	0.01069	0.01421	0.02654	0.00870	0.57954	0.21970	0.02724	0.01345	0.01306	0.00975	0.00592	0.00480	0.00148	0.00493	0.00457	0.00477	0.00794
47	0.00891	0.00445	0.00445	0.00445	0.00557	0.00445	0.00334	0.01114	0.01002	0.01782	0.01559	0.01782	0.01225	0.00557	0.00334	0.00111	0.00223	0.00445	0.85856	0.00445
48	0.01057	0.00889	0.01027	0.00739	0.01161	0.00705	0.00594	0.07427	0.01092	0.01674	0.00873	0.01004	0.00716	0.00372	0.00364	0.00077	0.00368	0.00295	0.00299	0.79267
49	0.01817	0.01339	0.01434	0.01100	0.01482	0.01482	0.00908	0.78627	0.02247	0.03012	0.01148	0.01148	0.00813	0.00574	0.00478	0.00143	0.00526	0.00430	0.00478	0.00813
50	0.01760	0.01318	0.01559	0.01181	0.01573	0.01432	0.08432	0.68841	0.02112	0.05209	0.01152	0.01176	0.00816	0.00558	0.00487	0.00145	0.00550	0.00445	0.00459	0.00797
51	0.01294	0.01079	0.01140	0.00994	0.01283	0.01238	0.00782	0.15329	0.66396	0.02170	0.01811	0.01676	0.01350	0.00636	0.00485	0.00159	0.00403	0.00522	0.00485	0.00766
52	0.01452	0.00981	0.01099	0.00945	0.01244	0.01073	0.00747	0.04746	0.57110	0.22130	0.01906	0.01724	0.01369	0.00632	0.00485	0.00158	0.00390	0.00522	0.00513	0.00773
53	0.01189	0.01027	0.01081	0.00973	0.01243	0.01189	0.00757	0.02540	0.79357	0.01999	0.01945	0.01783	0.01459	0.00648	0.00486	0.00162	0.00378	0.00540	0.00486	0.00757
54	0.00755	0.00539	0.00753	0.00863	0.00966	0.00537	0.00744	0.00964	0.01085	0.01413	0.02539	0.11621	0.02784	0.01335	0.00656	0.00218	0.00427	0.70924	0.00440	0.00436
55	0.01231	0.01203	0.01851	0.02531	0.61031	0.05775	0.05632	0.03489	0.09467	0.01619	0.01011	0.01233	0.00823	0.00456	0.00477	0.00144	0.00577	0.00439	0.00270	0.00740
56	0.15987	0.00610	0.00748	0.00825	0.00964	0.00635	0.00710	0.01048	0.01041	0.01547	0.02205	0.08243	0.02374	0.01173	0.00593	0.00206	0.00420	0.59803	0.00415	0.00451
57	0.86579	0.00924	0.00702	0.00629	0.00924	0.01072	0.00518	0.01405	0.00813	0.02144	0.00666	0.00776	0.00518	0.00444	0.00296	0.00148	0.00370	0.00259	0.00296	0.00518
58	0.00565	0.00484	0.00484	0.00484	0.00646	0.00403	0.00363	0.00686	0.01089	0.01291	0.04842	0.04600	0.80027	0.01210	0.00565	0.00161	0.00242	0.01009	0.00444	0.00403
59	0.00959	0.02472	0.80726	0.01362	0.02069	0.01110	0.01766	0.01514	0.01009	0.01514	0.00858	0.01009	0.00605	0.00454	0.00454	0.00151	0.00706	0.00353	0.00202	0.00706
60	0.01066	0.00856	0.01413	0.69075	0.05984	0.01021	0.01256	0.01366	0.01011	0.10954	0.00978	0.01314	0.00709	0.00490	0.00478	0.00157	0.00606	0.00432	0.00260	0.00574
61	0.00893	0.00592	0.00746	0.00672	0.00830	0.00571	0.00515	0.03985	0.07657	0.09113	0.63737	0.03162	0.03828	0.00901	0.00547	0.00151	0.00265	0.00788	0.00527	0.00522
62	0.00581	0.00423	0.00548	0.00648	0.00689	0.00390	0.00436	0.00668	0.00932	0.01227	0.02849	0.75291	0.10622	0.01470	0.00606	0.00191	0.00274	0.01325	0.00444	0.00390
63	0.01128	0.01082	0.01719	0.10290	0.60840	0.04267	0.01316	0.01385	0.01055	0.01458	0.00985	0.01460	0.00878	0.07114	0.00635	0.00171	0.00574	0.02718	0.00245	0.00680
64	0.01118	0.02168	0.60515	0.01474	0.08276	0.04995	0.05322	0.01594	0.01066	0.07702	0.00941	0.01078	0.00669	0.00462	0.00462	0.00149	0.00684	0.00377	0.00239	0.00708
65	0.01219	0.01047	0.01703	0.02404	0.59968	0.01060	0.01268	0.01533	0.04898	0.08314	0.07378	0.01436	0.01123	0.00512	0.00528	0.00147	0.03963	0.00471	0.00301	0.00727
66	0.00695	0.00463	0.00521	0.00521	0.00521	0.00463	0.00290	0.00695	0.00695	0.00927	0.01506	0.03128	0.01738	0.83203	0.02433	0.00463	0.00463	0.00695	0.00290	0.00290
67	0.86579	0.00924	0.00702	0.00629	0.00924	0.01072	0.00518	0.01405	0.00813	0.02144	0.00666	0.00776	0.00518	0.00444	0.00296	0.00148	0.00370	0.00259	0.00296	0.00518
68	0.01251	0.53822	0.14916	0.07531	0.04406	0.05017	0.01035	0.01487	0.01013	0.04560	0.00774	0.00902	0.00643	0.00434	0.00363	0.00119	0.00565	0.00303	0.00224	0.00633
69	0.01843	0.01044	0.07750	0.01060	0.01465	0.00859	0.11171	0.08370	0.01379	0.54968	0.03940	0.01551	0.01144	0.00565	0.00492	0.00150	0.00488	0.00489	0.00502	0.00771

[dist]
# distance from previous block
# <min> <max>
0	1

[block]
# block no. 2 follows, 53 sequences, length 10
# corresponding to MSA columns:
# 533-542
name=unknown_C
#
# <colnr> <probs for GDERKNQSTAVLIFYWHMCP>
#	G	D	E	R	K	N	Q	S	T	A	V	L	I	F	Y	W	H	M	C	P
0	0.00617	0.00467	0.00561	0.00576	0.00677	0.00420	0.00412	0.00759	0.01120	0.01481	0.31377	0.24661	0.28534	0.05322	0.00670	0.00181	0.00256	0.01032	0.00466	0.00411
1	0.01075	0.01026	0.01753	0.10600	0.56385	0.01036	0.06030	0.01356	0.01093	0.01526	0.05634	0.01645	0.05633	0.00531	0.00495	0.00149	0.00548	0.02538	0.00268	0.00681
2	0.04984	0.47949	0.24305	0.01033	0.01509	0.01530	0.05817	0.01431	0.00974	0.01304	0.00767	0.00922	0.00642	0.00578	0.04330	0.00154	0.00615	0.00315	0.00213	0.00628
3	0.00599	0.00486	0.00532	0.00520	0.00667	0.00418	0.00390	0.00752	0.01170	0.01483	0.27833	0.04285	0.56916	0.01139	0.00565	0.00158	0.00237	0.00965	0.00469	0.00418
4	0.00786	0.00633	0.00970	0.31792	0.01726	0.00698	0.03240	0.01016	0.01047	0.01454	0.21255	0.16184	0.02175	0.04838	0.00605	0.00173	0.00422	0.00718	0.09799	0.00468
5	0.01188	0.01380	0.02686	0.01943	0.02405	0.08528	0.71396	0.01566	0.01149	0.01498	0.00946	0.01250	0.00715	0.00411	0.00552	0.00158	0.00811	0.00541	0.00242	0.00636
6	0.00657	0.00473	0.00621	0.00615	0.00710	0.00438	0.00449	0.00853	0.01262	0.01771	0.63826	0.20128	0.04228	0.01086	0.00573	0.00159	0.00236	0.00968	0.00509	0.00438
7	0.05837	0.24406	0.11677	0.00825	0.01100	0.03120	0.00763	0.06186	0.00961	0.01313	0.01111	0.01645	0.02493	0.19531	0.16806	0.00327	0.00674	0.00444	0.00262	0.00519
8	0.08623	0.40718	0.05472	0.01202	0.08389	0.03469	0.11475	0.06004	0.01093	0.06119	0.00852	0.00989	0.00693	0.00517	0.02414	0.00142	0.00575	0.00348	0.00261	0.00643
9	0.14927	0.13016	0.26280	0.01336	0.06359	0.03112	0.17926	0.01472	0.01019	0.02943	0.00957	0.01120	0.02964	0.00455	0.00432	0.00142	0.00608	0.00392	0.00247	0.04295

[dist]
# distance from previous block
# <min> <max>
0	6

[block]
# block no. 3 follows, 53 sequences, length 31
# corresponding to MSA columns:
# 549-579
name=unknown_D
#
# <colnr> <probs for GDERKNQSTAVLIFYWHMCP>
#	G	D	E	R	K	N	Q	S	T	A	V	L	I	F	Y	W	H	M	C	P
0	0.01078	0.16048	0.07608	0.02294	0.01301	0.02701	0.06796	0.04115	0.03433	0.04713	0.16531	0.01609	0.03034	0.00546	0.00432	0.00118	0.00443	0.00458	0.00333	0.26409
1	0.05906	0.01021	0.03059	0.09071	0.10781	0.11089	0.00837	0.03655	0.02709	0.10966	0.06746	0.02216	0.12060	0.00696	0.00484	0.00147	0.00479	0.08295	0.00365	0.09418
2	0.15898	0.03555	0.38577	0.06818	0.03144	0.01126	0.04923	0.09337	0.01117	0.06004	0.00978	0.01117	0.01973	0.00529	0.01518	0.00159	0.01911	0.00380	0.00275	0.00662
3	0.01335	0.00877	0.00989	0.00871	0.01133	0.02112	0.00678	0.02103	0.41440	0.22751	0.02159	0.11815	0.06535	0.00765	0.00502	0.00160	0.00372	0.00646	0.00499	0.02259
4	0.01315	0.01128	0.01150	0.01004	0.01291	0.04463	0.00788	0.14935	0.63628	0.02131	0.01767	0.01642	0.01320	0.00630	0.00483	0.00157	0.00422	0.00513	0.00475	0.00758
5	0.01092	0.00614	0.00800	0.00682	0.00896	0.00536	0.00530	0.01298	0.01291	0.22269	0.46182	0.06645	0.03113	0.00826	0.00519	0.00142	0.00291	0.00718	0.00509	0.11047
6	0.03582	0.02282	0.70432	0.01366	0.02025	0.01095	0.07141	0.01487	0.01009	0.01526	0.00911	0.03379	0.00685	0.00480	0.00462	0.00153	0.00691	0.00394	0.00214	0.00687
7	0.10342	0.00850	0.01154	0.06342	0.09343	0.00806	0.00792	0.03201	0.01270	0.54006	0.05792	0.01571	0.01211	0.00573	0.00466	0.00148	0.00427	0.00469	0.00496	0.00740
8	0.00683	0.00495	0.00648	0.00627	0.00740	0.00460	0.00481	0.00905	0.01320	0.01851	0.70109	0.03783	0.06320	0.01018	0.00574	0.00158	0.00248	0.08617	0.00515	0.00449
9	0.01585	0.20976	0.09697	0.01150	0.01480	0.54865	0.00985	0.01759	0.01231	0.01194	0.00734	0.00855	0.00614	0.00469	0.00405	0.00121	0.00765	0.00300	0.00232	0.00583
10	0.12834	0.01268	0.11591	0.19029	0.01816	0.10236	0.02472	0.09389	0.02465	0.16895	0.01180	0.01476	0.00899	0.00563	0.00460	0.00153	0.00566	0.05724	0.00347	0.00637
11	0.01121	0.01040	0.01492	0.01257	0.01300	0.01405	0.03955	0.01242	0.00789	0.06359	0.00723	0.01093	0.00667	0.00804	0.01459	0.00203	0.73883	0.00428	0.00235	0.00546
12	0.00582	0.00416	0.00555	0.00666	0.00693	0.00388	0.00444	0.00666	0.00915	0.01220	0.02634	0.82891	0.03161	0.01497	0.00610	0.00194	0.00277	0.01359	0.00444	0.00388
13	0.01302	0.55376	0.10758	0.01148	0.09391	0.12448	0.01001	0.01508	0.01039	0.01217	0.00719	0.00848	0.00627	0.00427	0.00356	0.00114	0.00585	0.00291	0.00213	0.00630
14	0.00678	0.00566	0.00703	0.00829	0.08826	0.00513	0.00572	0.00842	0.01099	0.01368	0.05928	0.04408	0.51976	0.01150	0.00578	0.00173	0.00321	0.18597	0.00424	0.00449
15	0.00582	0.00416	0.00555	0.00666	0.00693	0.00388	0.00444	0.00666	0.00915	0.01220	0.02634	0.82891	0.03161	0.01497	0.00610	0.00194	0.00277	0.01359	0.00444	0.00388
16	0.00908	0.01015	0.09503	0.73841	0.03167	0.01067	0.01372	0.01251	0.00961	0.01251	0.00850	0.01247	0.00634	0.00475	0.00475	0.00158	0.00644	0.00417	0.00211	0.00549
17	0.24496	0.00870	0.00912	0.00686	0.01075	0.00757	0.00553	0.01259	0.00942	0.01719	0.00799	0.00932	0.00656	0.00379	0.00338	0.00092	0.00358	0.00276	0.00287	0.62614
18	0.02144	0.00813	0.01109	0.00850	0.01220	0.00702	0.00702	0.02329	0.01368	0.80552	0.01886	0.01627	0.01183	0.00592	0.00481	0.00148	0.00407	0.00481	0.00592	0.00813
19	0.00573	0.00484	0.00495	0.00492	0.00650	0.00407	0.00369	0.00701	0.01108	0.01335	0.10070	0.04528	0.74772	0.01194	0.00565	0.00161	0.00241	0.00999	0.00450	0.00407
20	0.07266	0.01085	0.02822	0.05282	0.36239	0.01122	0.04766	0.09501	0.02632	0.12009	0.01150	0.01317	0.03220	0.00536	0.00581	0.00153	0.08852	0.00446	0.00319	0.00703
21	0.01810	0.02176	0.01337	0.01205	0.01460	0.75676	0.00908	0.01938	0.01355	0.06694	0.00819	0.00915	0.00655	0.00499	0.00434	0.00125	0.00830	0.00320	0.00270	0.00572
22	0.00674	0.00494	0.00705	0.00716	0.00781	0.00553	0.00530	0.00807	0.00771	0.01090	0.01458	0.10454	0.01489	0.16769	0.59700	0.00658	0.01039	0.00630	0.00281	0.00400
23	0.86579	0.00924	0.00702	0.00629	0.00924	0.01072	0.00518	0.01405	0.00813	0.02144	0.00666	0.00776	0.00518	0.00444	0.00296	0.00148	0.00370	0.00259	0.00296	0.00518
24	0.84099	0.00936	0.00724	0.00642	0.00941	0.01084	0.00529	0.03665	0.00855	0.02170	0.00680	0.00787	0.00526	0.00447	0.00301	0.00148	0.00374	0.00264	0.00301	0.00526
25	0.01776	0.01372	0.03112	0.01104	0.01486	0.03111	0.00922	0.72785	0.04852	0.02907	0.01160	0.01161	0.00827	0.00572	0.00477	0.00144	0.00532	0.00430	0.00468	0.00803
26	0.00773	0.00510	0.00670	0.00618	0.00747	0.00467	0.00467	0.00995	0.01354	0.07060	0.74861	0.03443	0.04292	0.00952	0.00558	0.00150	0.00237	0.00839	0.00530	0.00475
27	0.01017	0.10490	0.63291	0.01480	0.09946	0.01193	0.03138	0.01501	0.01016	0.01480	0.00845	0.01008	0.00624	0.00446	0.00443	0.00146	0.00675	0.00355	0.00206	0.00701
28	0.00676	0.00489	0.00639	0.00601	0.00714	0.00451	0.00451	0.00902	0.01353	0.01917	0.79969	0.03570	0.04510	0.00977	0.00564	0.00150	0.00225	0.00864	0.00526	0.00451
29	0.00620	0.00453	0.00583	0.00621	0.00697	0.00416	0.00439	0.00767	0.01116	0.01520	0.35337	0.41980	0.11178	0.01251	0.00586	0.00173	0.00252	0.01117	0.00478	0.00416
30	0.13227	0.01311	0.09352	0.01022	0.01423	0.01260	0.00909	0.47730	0.01782	0.15573	0.01175	0.01163	0.00813	0.00547	0.00451	0.00146	0.00503	0.00408	0.00444	0.00762

[dist]
# distance from previous block
# <min> <max>
0	2

[block]
# block no. 4 follows, 53 sequences, length 37
# corresponding to MSA columns:
# 582,583,585-619
name=unknown_E
#
# <colnr> <probs for GDERKNQSTAVLIFYWHMCP>
#	G	D	E	R	K	N	Q	S	T	A	V	L	I	F	Y	W	H	M	C	P
0	0.00710	0.00543	0.00662	0.00616	0.00760	0.00508	0.00465	0.01006	0.07376	0.01810	0.58948	0.03499	0.16180	0.00965	0.00550	0.00150	0.00245	0.00840	0.00501	0.03664
1	0.00995	0.08937	0.58172	0.01257	0.04345	0.03231	0.01467	0.01443	0.01033	0.02392	0.04514	0.05012	0.00937	0.00529	0.00450	0.00147	0.00626	0.00422	0.03431	0.00661
2	0.34041	0.05187	0.07537	0.04114	0.07535	0.01142	0.05959	0.14120	0.01198	0.13522	0.00982	0.01063	0.00711	0.00483	0.00404	0.00146	0.00488	0.00366	0.00346	0.00656
3	0.72022	0.01137	0.11612	0.00777	0.02644	0.01073	0.00709	0.01435	0.00854	0.03196	0.00714	0.00829	0.00544	0.00447	0.00324	0.00148	0.00420	0.00278	0.00286	0.00552
4	0.01128	0.30028	0.13349	0.00886	0.01222	0.09756	0.00852	0.04986	0.01211	0.02991	0.26831	0.01769	0.01914	0.00623	0.00438	0.00130	0.00483	0.00488	0.00334	0.00581
5	0.01032	0.00503	0.00567	0.00526	0.00673	0.00482	0.00403	0.01250	0.01107	0.12718	0.13685	0.02036	0.01725	0.00626	0.00390	0.00122	0.00249	0.00515	0.60893	0.00497
6	0.01026	0.04815	0.01106	0.01789	0.02131	0.06003	0.03089	0.03714	0.28164	0.01664	0.15751	0.15219	0.03457	0.00840	0.00622	0.00164	0.08747	0.00696	0.00415	0.00588
7	0.00645	0.00468	0.00607	0.00612	0.00705	0.00431	0.00444	0.00825	0.01219	0.01691	0.54654	0.25354	0.08294	0.01132	0.00576	0.00163	0.00241	0.01008	0.00499	0.00431
8	0.01258	0.01090	0.03769	0.16297	0.47342	0.02000	0.01310	0.02758	0.01097	0.11519	0.00999	0.01237	0.00777	0.00487	0.00546	0.00150	0.05949	0.00429	0.00279	0.00707
9	0.00685	0.00504	0.00728	0.00728	0.00799	0.00575	0.00547	0.00828	0.00756	0.01080	0.01317	0.02083	0.01284	0.16644	0.68371	0.00718	0.01146	0.00542	0.00262	0.00404
10	0.02521	0.04431	0.05569	0.05822	0.20353	0.01006	0.00946	0.12543	0.08375	0.02705	0.20459	0.02019	0.05233	0.01720	0.00552	0.00154	0.02955	0.01629	0.00377	0.00633
11	0.86579	0.00924	0.00702	0.00629	0.00924	0.01072	0.00518	0.01405	0.00813	0.02144	0.00666	0.00776	0.00518	0.00444	0.00296	0.00148	0.00370	0.00259	0.00296	0.00518
12	0.00991	0.00850	0.00991	0.00708	0.01133	0.00637	0.00566	0.01203	0.00991	0.01557	0.00850	0.00991	0.00708	0.00354	0.00354	0.00071	0.00354	0.00283	0.00283	0.86124
13	0.01118	0.13087	0.39742	0.01254	0.08778	0.01064	0.01264	0.01476	0.01040	0.10541	0.01160	0.10622	0.00991	0.00577	0.00451	0.00144	0.00563	0.00475	0.00283	0.05371
14	0.01704	0.01103	0.01254	0.00955	0.01340	0.01113	0.00784	0.42015	0.04304	0.21102	0.01287	0.01250	0.00900	0.00535	0.00453	0.00130	0.00457	0.00415	0.00465	0.18433
15	0.00577	0.00477	0.00507	0.00516	0.00657	0.00406	0.00381	0.00703	0.01093	0.01340	0.11444	0.13647	0.64157	0.01223	0.00570	0.00164	0.00245	0.01036	0.00451	0.00406
16	0.73417	0.00907	0.00766	0.00663	0.00970	0.01015	0.00546	0.01549	0.00900	0.14367	0.00856	0.00909	0.00621	0.00467	0.00325	0.00148	0.00375	0.00293	0.00342	0.00564
17	0.01370	0.01105	0.01502	0.01411	0.12988	0.01175	0.09998	0.37312	0.04665	0.02199	0.01360	0.01949	0.01168	0.00858	0.05840	0.00200	0.00594	0.13215	0.00395	0.00695
18	0.76682	0.00973	0.00788	0.00684	0.00989	0.01120	0.00563	0.10421	0.00981	0.02246	0.00722	0.00820	0.00552	0.00459	0.00317	0.00147	0.00388	0.00279	0.00317	0.00552
19	0.00597	0.00481	0.00532	0.00529	0.00668	0.00416	0.00393	0.00745	0.01151	0.01461	0.25654	0.09468	0.53900	0.01164	0.00568	0.00160	0.00240	0.00992	0.00467	0.00416
20	0.01246	0.01104	0.02020	0.12245	0.40331	0.01096	0.22302	0.01555	0.01115	0.10734	0.01027	0.01275	0.00783	0.00445	0.00499	0.00150	0.00622	0.00470	0.00276	0.00705
21	0.06717	0.01015	0.01147	0.00902	0.01258	0.08172	0.00737	0.11148	0.01439	0.59938	0.01628	0.01454	0.01051	0.00572	0.00466	0.00145	0.00460	0.00447	0.00531	0.00773
22	0.01981	0.00851	0.01116	0.00882	0.01230	0.00780	0.00733	0.11115	0.01446	0.64274	0.01858	0.01915	0.01283	0.00656	0.00497	0.00154	0.00424	0.07462	0.00564	0.00779
23	0.00582	0.00485	0.00509	0.00503	0.00656	0.00411	0.00377	0.00720	0.01131	0.01389	0.16648	0.04438	0.68159	0.01174	0.00565	0.00160	0.00239	0.00986	0.00457	0.00411
24	0.01134	0.01086	0.01852	0.16672	0.66863	0.01123	0.01443	0.01424	0.01065	0.01502	0.00890	0.01199	0.00736	0.00435	0.00474	0.00145	0.00580	0.00426	0.00232	0.00718
25	0.11060	0.28817	0.45773	0.01098	0.01659	0.01361	0.01310	0.01474	0.00974	0.01460	0.00772	0.00903	0.00598	0.00438	0.00387	0.00135	0.00603	0.00310	0.00214	0.00654
26	0.01164	0.01110	0.01858	0.08194	0.70658	0.01134	0.01418	0.01509	0.05384	0.01562	0.00953	0.01222	0.00788	0.00442	0.00474	0.00144	0.00562	0.00432	0.00249	0.00742
27	0.00695	0.00463	0.00521	0.00521	0.00521	0.00463	0.00290	0.00695	0.00695	0.00927	0.01506	0.03128	0.01738	0.83203	0.02433	0.00463	0.00463	0.00695	0.00290	0.00290
28	0.01063	0.00926	0.01197	0.01164	0.16783	0.00770	0.00758	0.04420	0.01062	0.01618	0.00871	0.01035	0.00722	0.00377	0.00383	0.00088	0.00403	0.00317	0.00282	0.65760
29	0.01192	0.62801	0.03350	0.01008	0.08390	0.01613	0.00849	0.01355	0.00978	0.02257	0.00935	0.10412	0.00932	0.00547	0.00379	0.00119	0.01633	0.00407	0.00241	0.00603
30	0.00634	0.00554	0.00725	0.00653	0.00828	0.00483	0.07515	0.00794	0.01121	0.01402	0.15537	0.09299	0.56472	0.01121	0.00568	0.00162	0.00293	0.00970	0.00438	0.00432
31	0.00999	0.00886	0.02627	0.05779	0.18234	0.01946	0.04293	0.08118	0.12668	0.01757	0.20560	0.13925	0.03208	0.00792	0.00526	0.00158	0.00425	0.02099	0.00400	0.00602
32	0.01408	0.04460	0.20251	0.08681	0.05466	0.43285	0.01162	0.01710	0.04123	0.01327	0.03257	0.01064	0.00773	0.00497	0.00445	0.00136	0.00743	0.00359	0.00248	0.00604
33	0.00724	0.00665	0.07924	0.00649	0.00817	0.00509	0.00555	0.00975	0.01272	0.01844	0.61136	0.03161	0.06237	0.00888	0.00527	0.00146	0.00270	0.00774	0.10457	0.00472
34	0.00888	0.00945	0.09366	0.05511	0.10382	0.04548	0.00813	0.01290	0.11731	0.01681	0.34051	0.07792	0.06301	0.01929	0.00549	0.00158	0.00397	0.00702	0.00410	0.00556
35	0.00674	0.00458	0.00535	0.00570	0.00613	0.00442	0.00373	0.00744	0.00851	0.01154	0.02252	0.23414	0.11257	0.40114	0.01447	0.00312	0.00367	0.05901	0.08169	0.00352
36	0.01152	0.00917	0.01020	0.00931	0.02444	0.01013	0.00720	0.12195	0.43905	0.04036	0.12185	0.03894	0.05849	0.00804	0.01582	0.00170	0.00389	0.05639	0.00480	0.00675

[dist]
# distance from previous block
# <min> <max>
0	12

# created by:
# /st0/software/busco_prod/Augustus/scripts/msa2prfl.pl ./align_prep/184776.fa
