[name]
unknown

[dist]
# distance from previous block
# <min> <max>
0	169

[block]
# block no. 0 follows, 52 sequences, length 13
# corresponding to MSA columns:
# 194-206
name=unknown_A
#
# <colnr> <probs for GDERKNQSTAVLIFYWHMCP>
#	G	D	E	R	K	N	Q	S	T	A	V	L	I	F	Y	W	H	M	C	P
0	0.06004	0.07369	0.04591	0.01067	0.06889	0.00977	0.00857	0.15937	0.04186	0.11420	0.03223	0.02802	0.01636	0.03993	0.00602	0.00183	0.00476	0.26748	0.00418	0.00623
1	0.10072	0.00966	0.04552	0.00820	0.01125	0.05343	0.02175	0.07270	0.05155	0.21156	0.06339	0.02008	0.11840	0.06610	0.00607	0.00164	0.00425	0.00535	0.01729	0.11107
2	0.04663	0.16791	0.21641	0.01044	0.02628	0.03159	0.01034	0.18114	0.02537	0.08067	0.01006	0.01080	0.00753	0.00481	0.00416	0.00129	0.00534	0.00359	0.02810	0.12756
3	0.14010	0.12659	0.27394	0.05012	0.03470	0.03250	0.01097	0.01558	0.01036	0.11669	0.00940	0.01046	0.00697	0.00464	0.00426	0.00135	0.01933	0.00342	0.00284	0.12576
4	0.03367	0.14070	0.33518	0.01239	0.05374	0.02903	0.06794	0.04819	0.01136	0.10739	0.03103	0.01173	0.00835	0.00480	0.00439	0.00138	0.00589	0.00389	0.02464	0.06429
5	0.03632	0.05332	0.12288	0.14268	0.20249	0.12967	0.10652	0.01486	0.01068	0.01422	0.00839	0.01103	0.00676	0.00481	0.00555	0.00148	0.07376	0.00400	0.00234	0.04824
6	0.01224	0.34698	0.01603	0.00863	0.01135	0.14426	0.00729	0.01524	0.14196	0.01294	0.04259	0.01444	0.06277	0.00740	0.00631	0.13185	0.00510	0.00416	0.00292	0.00553
7	0.00815	0.00535	0.00723	0.06152	0.00932	0.00541	0.00540	0.00923	0.00962	0.08874	0.08034	0.46113	0.02577	0.14852	0.00949	0.00233	0.04358	0.01031	0.00417	0.00440
8	0.00786	0.00522	0.00636	0.00596	0.00749	0.00462	0.00451	0.00968	0.01260	0.09260	0.42802	0.07526	0.30050	0.01059	0.00566	0.00158	0.00255	0.00913	0.00507	0.00473
9	0.01030	0.02177	0.58835	0.14578	0.02274	0.06905	0.04560	0.01516	0.01044	0.01462	0.00864	0.01067	0.00625	0.00465	0.00467	0.00153	0.00720	0.00375	0.00211	0.00673
10	0.00600	0.00492	0.00529	0.00519	0.00671	0.00421	0.00390	0.00748	0.01169	0.01461	0.22862	0.04413	0.61702	0.01170	0.00572	0.00161	0.00241	0.00988	0.00470	0.00421
11	0.00836	0.00637	0.00754	0.00743	0.00876	0.00652	0.00546	0.08553	0.14190	0.01720	0.21307	0.37866	0.07125	0.01140	0.00571	0.00174	0.00308	0.01007	0.00481	0.00514
12	0.09436	0.08594	0.40805	0.01167	0.01710	0.01183	0.04203	0.09418	0.06405	0.06479	0.01005	0.01094	0.00731	0.00482	0.00437	0.00145	0.00592	0.00373	0.00292	0.05449

[dist]
# distance from previous block
# <min> <max>
0	3

[block]
# block no. 1 follows, 52 sequences, length 34
# corresponding to MSA columns:
# 210-243
name=unknown_B
#
# <colnr> <probs for GDERKNQSTAVLIFYWHMCP>
#	G	D	E	R	K	N	Q	S	T	A	V	L	I	F	Y	W	H	M	C	P
0	0.09358	0.01616	0.16401	0.01183	0.03478	0.20409	0.02434	0.09940	0.05779	0.04606	0.01073	0.01205	0.03169	0.00586	0.00627	0.00154	0.13629	0.00403	0.03317	0.00631
1	0.01127	0.03764	0.02429	0.12302	0.08382	0.00848	0.03893	0.02334	0.03867	0.08690	0.04924	0.02332	0.01003	0.00469	0.00427	0.00113	0.00447	0.00403	0.00320	0.41927
2	0.00594	0.00465	0.00538	0.00577	0.00682	0.00409	0.00411	0.00715	0.01070	0.01361	0.13452	0.34746	0.40636	0.01310	0.00590	0.00175	0.00257	0.01142	0.00460	0.00409
3	0.01278	0.67506	0.07927	0.00879	0.01295	0.02959	0.00885	0.05604	0.01084	0.01315	0.04844	0.00966	0.00839	0.00458	0.00347	0.00112	0.00523	0.00309	0.00240	0.00630
4	0.00806	0.00711	0.06395	0.00756	0.00916	0.00611	0.00622	0.01063	0.06983	0.05808	0.11761	0.25675	0.19423	0.04349	0.00703	0.00190	0.04610	0.07696	0.00435	0.00488
5	0.02945	0.09748	0.01277	0.07993	0.03666	0.09137	0.00792	0.03073	0.08151	0.34936	0.06602	0.03066	0.02356	0.00607	0.00464	0.00144	0.00472	0.00487	0.03396	0.00690
6	0.01181	0.05471	0.07498	0.18302	0.46522	0.01155	0.05581	0.01490	0.01082	0.05752	0.00944	0.01213	0.00746	0.00451	0.00476	0.00147	0.00601	0.00428	0.00251	0.00707
7	0.00864	0.00584	0.00804	0.00769	0.00893	0.00645	0.00599	0.06484	0.00975	0.05651	0.05514	0.06402	0.01472	0.02779	0.56537	0.00587	0.01007	0.00573	0.06378	0.00482
8	0.00712	0.00564	0.00662	0.00661	0.00810	0.00544	0.00520	0.01016	0.09514	0.01559	0.22578	0.04091	0.34692	0.01258	0.04943	0.00205	0.00349	0.14391	0.00464	0.00467
9	0.05669	0.23619	0.14544	0.03725	0.12136	0.23502	0.03912	0.01648	0.04480	0.01385	0.00831	0.00980	0.00678	0.00462	0.00415	0.00132	0.00658	0.00342	0.00242	0.00640
10	0.00905	0.00647	0.00889	0.05034	0.01015	0.00743	0.00645	0.03732	0.00899	0.07347	0.03677	0.09296	0.01478	0.18972	0.30528	0.00460	0.12329	0.00622	0.00317	0.00465
11	0.00686	0.00495	0.00648	0.00610	0.00724	0.00457	0.00457	0.00914	0.01372	0.01943	0.79691	0.03620	0.04572	0.00991	0.00572	0.00152	0.00229	0.00876	0.00533	0.00457
12	0.01336	0.01113	0.04345	0.31658	0.02208	0.01222	0.04979	0.23353	0.07061	0.08696	0.01105	0.01294	0.00808	0.00563	0.00590	0.00161	0.08040	0.00450	0.00346	0.00673
13	0.01718	0.31966	0.01760	0.00940	0.01327	0.04578	0.00826	0.23878	0.02843	0.23868	0.01187	0.01154	0.00857	0.00522	0.00419	0.00131	0.00505	0.00381	0.00404	0.00737
14	0.01094	0.07550	0.01117	0.00757	0.01140	0.00787	0.00613	0.03567	0.05287	0.05951	0.01125	0.07916	0.00990	0.00497	0.00395	0.00096	0.00375	0.00406	0.00329	0.60010
15	0.21055	0.01110	0.03795	0.01364	0.06979	0.01088	0.25118	0.10890	0.01216	0.13579	0.01178	0.07005	0.00940	0.00557	0.00497	0.00158	0.01948	0.00511	0.00352	0.00659
16	0.01969	0.00799	0.01043	0.00815	0.01152	0.00717	0.00669	0.06310	0.01381	0.64516	0.01822	0.01646	0.01185	0.00594	0.00465	0.00144	0.00391	0.00479	0.13132	0.00770
17	0.86392	0.00937	0.00712	0.00637	0.00937	0.01087	0.00525	0.01425	0.00825	0.02174	0.00675	0.00787	0.00525	0.00450	0.00300	0.00150	0.00375	0.00262	0.00300	0.00525
18	0.02174	0.00825	0.01125	0.00862	0.01237	0.00712	0.00712	0.02362	0.01387	0.80282	0.01912	0.01649	0.01200	0.00600	0.00487	0.00150	0.00412	0.00487	0.00600	0.00825
19	0.00583	0.00491	0.00505	0.00502	0.00661	0.00413	0.00376	0.00715	0.01129	0.01366	0.11637	0.04570	0.72986	0.01206	0.00573	0.00163	0.00244	0.01010	0.00458	0.00413
20	0.01955	0.00931	0.01163	0.00909	0.01265	0.00895	0.00745	0.17471	0.07597	0.54692	0.05831	0.01668	0.01323	0.00621	0.00492	0.00150	0.00425	0.00502	0.00565	0.00801
21	0.01199	0.01022	0.01084	0.00970	0.01239	0.01174	0.00755	0.05160	0.72044	0.02059	0.06258	0.01886	0.01628	0.00673	0.00497	0.00163	0.00380	0.00562	0.00495	0.00752
22	0.00705	0.00470	0.00529	0.00529	0.00529	0.00470	0.00294	0.00705	0.00705	0.00940	0.01527	0.03171	0.01762	0.82969	0.02467	0.00470	0.00470	0.00705	0.00294	0.00294
23	0.04394	0.01306	0.14839	0.00986	0.01356	0.03832	0.00912	0.33245	0.01604	0.09110	0.06104	0.04198	0.12695	0.00769	0.02310	0.00166	0.00511	0.00557	0.00423	0.00683
24	0.86392	0.00937	0.00712	0.00637	0.00937	0.01087	0.00525	0.01425	0.00825	0.02174	0.00675	0.00787	0.00525	0.00450	0.00300	0.00150	0.00375	0.00262	0.00300	0.00525
25	0.01148	0.01001	0.01037	0.00939	0.01195	0.02908	0.00727	0.02341	0.67580	0.01963	0.07618	0.02070	0.05922	0.00708	0.00502	0.00163	0.00376	0.00592	0.00488	0.00721
26	0.01274	0.01026	0.01098	0.00977	0.01258	0.01170	0.00763	0.02560	0.73528	0.07610	0.01968	0.01797	0.01459	0.00653	0.00493	0.00163	0.00386	0.00544	0.00501	0.00771
27	0.00915	0.00861	0.01453	0.81804	0.03338	0.01077	0.01346	0.01238	0.00969	0.01238	0.00861	0.01292	0.00646	0.00484	0.00484	0.00161	0.00646	0.00431	0.00215	0.00538
28	0.01364	0.70062	0.02352	0.00898	0.01281	0.13166	0.00849	0.01514	0.01035	0.01147	0.00684	0.00797	0.00623	0.00436	0.00355	0.00109	0.02235	0.00270	0.00213	0.00611
29	0.01274	0.01158	0.01174	0.03894	0.01362	0.09378	0.00842	0.09610	0.48988	0.01905	0.01683	0.01876	0.01345	0.00697	0.00578	0.00167	0.06247	0.06690	0.00434	0.00701
30	0.00704	0.00473	0.00546	0.00546	0.00553	0.00480	0.00316	0.00716	0.00710	0.00953	0.01511	0.03081	0.01723	0.77309	0.08073	0.00492	0.00529	0.00691	0.00291	0.00304
31	0.01172	0.20208	0.35635	0.01384	0.04688	0.03054	0.13975	0.01545	0.01045	0.05756	0.00883	0.01055	0.00675	0.00477	0.00527	0.00147	0.06475	0.00384	0.00236	0.00676
32	0.75957	0.03341	0.00792	0.00669	0.00961	0.02954	0.00551	0.01425	0.00850	0.03455	0.00731	0.00863	0.00578	0.00619	0.04526	0.00181	0.00440	0.00281	0.00299	0.00529
33	0.01182	0.01062	0.01729	0.15710	0.55640	0.02690	0.01336	0.01463	0.01122	0.05912	0.06576	0.01406	0.01040	0.00491	0.00487	0.00147	0.00560	0.00464	0.00277	0.00706

[dist]
# distance from previous block
# <min> <max>
0	4

[block]
# block no. 2 follows, 52 sequences, length 19
# corresponding to MSA columns:
# 248-266
name=unknown_C
#
# <colnr> <probs for GDERKNQSTAVLIFYWHMCP>
#	G	D	E	R	K	N	Q	S	T	A	V	L	I	F	Y	W	H	M	C	P
0	0.01181	0.05078	0.10254	0.19255	0.04192	0.07236	0.03325	0.01854	0.28334	0.06022	0.02838	0.01567	0.04016	0.00587	0.00502	0.00156	0.02104	0.00484	0.00351	0.00664
1	0.00686	0.00495	0.00648	0.00610	0.00724	0.00457	0.00457	0.00914	0.01372	0.01943	0.79691	0.03620	0.04572	0.00991	0.00572	0.00152	0.00229	0.00876	0.00533	0.00457
2	0.00665	0.00620	0.06709	0.00698	0.00824	0.00482	0.00561	0.00854	0.01140	0.01574	0.35898	0.36436	0.07268	0.01191	0.00585	0.00173	0.00294	0.03112	0.00467	0.00448
3	0.01003	0.02208	0.64106	0.06326	0.13803	0.01126	0.01719	0.01510	0.01032	0.01525	0.00875	0.01065	0.00639	0.00458	0.00465	0.00153	0.00691	0.00373	0.00211	0.00713
4	0.00590	0.00422	0.00562	0.00675	0.00703	0.00394	0.00450	0.00675	0.00928	0.01237	0.02671	0.82653	0.03205	0.01518	0.00619	0.00197	0.00281	0.01378	0.00450	0.00394
5	0.01015	0.03848	0.15445	0.48913	0.05699	0.01086	0.07479	0.01368	0.01027	0.05037	0.02416	0.01348	0.02248	0.00499	0.00485	0.00157	0.00639	0.00446	0.00245	0.00600
6	0.00692	0.00519	0.00779	0.00779	0.00865	0.00606	0.00606	0.00865	0.00779	0.01125	0.01298	0.01904	0.01211	0.03634	0.81049	0.00779	0.01298	0.00519	0.00260	0.00433
7	0.00972	0.02507	0.80458	0.01381	0.02097	0.01125	0.01790	0.01535	0.01023	0.01535	0.00870	0.01023	0.00614	0.00460	0.00460	0.00153	0.00716	0.00358	0.00205	0.00716
8	0.01953	0.00784	0.01027	0.00804	0.01137	0.00699	0.00659	0.05020	0.01360	0.64515	0.01829	0.01657	0.01192	0.00593	0.00463	0.00144	0.00386	0.00480	0.14533	0.00764
9	0.00693	0.00515	0.00760	0.00760	0.00840	0.00595	0.00582	0.00853	0.00773	0.01111	0.01316	0.02001	0.01254	0.09699	0.75042	0.00755	0.01235	0.00533	0.00262	0.00422
10	0.03826	0.00732	0.04525	0.00787	0.03053	0.00663	0.00619	0.01296	0.10377	0.09634	0.43478	0.04327	0.10776	0.00883	0.00566	0.00157	0.02516	0.00753	0.00486	0.00549
11	0.01199	0.04238	0.01108	0.00767	0.01185	0.00767	0.00624	0.05765	0.02981	0.10431	0.01014	0.01096	0.00792	0.00408	0.00382	0.00088	0.00382	0.00323	0.00335	0.66114
12	0.00781	0.00558	0.00781	0.00892	0.01004	0.00558	0.00781	0.01004	0.01116	0.01450	0.02566	0.05466	0.02789	0.01339	0.00669	0.00223	0.00446	0.76685	0.00446	0.00446
13	0.02174	0.00825	0.01125	0.00862	0.01237	0.00712	0.00712	0.02362	0.01387	0.80282	0.01912	0.01649	0.01200	0.00600	0.00487	0.00150	0.00412	0.00487	0.00600	0.00825
14	0.00755	0.00598	0.00728	0.09059	0.01055	0.00599	0.00570	0.03286	0.09103	0.02851	0.07729	0.26945	0.31258	0.01136	0.00567	0.00173	0.00326	0.02346	0.00439	0.00478
15	0.03551	0.01014	0.07256	0.52305	0.10658	0.01044	0.01265	0.03678	0.01065	0.09778	0.01031	0.03476	0.00786	0.00519	0.00481	0.00158	0.00598	0.00452	0.00275	0.00610
16	0.01031	0.00923	0.04531	0.13475	0.17834	0.02997	0.08638	0.03382	0.01087	0.01626	0.04832	0.01546	0.01088	0.00615	0.02662	0.00157	0.02707	0.00469	0.29823	0.00576
17	0.00607	0.00451	0.00571	0.00659	0.00725	0.00415	0.00468	0.00715	0.00985	0.01275	0.03134	0.57805	0.19397	0.01437	0.00614	0.00193	0.00291	0.09405	0.00449	0.00403
18	0.04055	0.05067	0.05553	0.17207	0.34203	0.06748	0.04723	0.06411	0.01181	0.08836	0.00981	0.01197	0.00754	0.00472	0.00468	0.00146	0.00601	0.00418	0.00284	0.00696

[dist]
# distance from previous block
# <min> <max>
0	4

[block]
# block no. 3 follows, 52 sequences, length 6
# corresponding to MSA columns:
# 271-276
name=unknown_D
#
# <colnr> <probs for GDERKNQSTAVLIFYWHMCP>
#	G	D	E	R	K	N	Q	S	T	A	V	L	I	F	Y	W	H	M	C	P
0	0.07000	0.12514	0.19942	0.05867	0.05485	0.01242	0.01097	0.20384	0.03551	0.14416	0.01147	0.01276	0.00847	0.00535	0.00449	0.00146	0.00547	0.02477	0.00359	0.00721
1	0.00767	0.00553	0.00631	0.00621	0.00774	0.00510	0.00461	0.01019	0.08581	0.07137	0.13662	0.21170	0.39990	0.01161	0.00569	0.00169	0.00276	0.00998	0.00476	0.00476
2	0.00996	0.00486	0.00534	0.00520	0.00650	0.00471	0.00390	0.01201	0.01044	0.09766	0.01746	0.11512	0.01474	0.00683	0.00388	0.00127	0.00252	0.00567	0.66711	0.00483
3	0.01453	0.01128	0.06616	0.09434	0.06214	0.01123	0.05247	0.18567	0.10729	0.18836	0.01385	0.06289	0.01069	0.00642	0.00610	0.00162	0.08858	0.00518	0.00407	0.00712
4	0.03396	0.05079	0.30166	0.08832	0.01757	0.01141	0.01193	0.19054	0.05874	0.09041	0.05756	0.04330	0.01093	0.00582	0.00475	0.00152	0.00559	0.00467	0.00353	0.00701
5	0.01647	0.00705	0.00943	0.00770	0.01051	0.00631	0.00622	0.01838	0.01285	0.51986	0.12729	0.02137	0.06386	0.00979	0.08202	0.00209	0.00449	0.00574	0.06169	0.00687

[dist]
# distance from previous block
# <min> <max>
0	13

[block]
# block no. 4 follows, 52 sequences, length 62
# corresponding to MSA columns:
# 290,291,293-352
name=unknown_E
#
# <colnr> <probs for GDERKNQSTAVLIFYWHMCP>
#	G	D	E	R	K	N	Q	S	T	A	V	L	I	F	Y	W	H	M	C	P
0	0.04053	0.00844	0.01378	0.74892	0.03115	0.01047	0.01267	0.01240	0.00966	0.01300	0.00889	0.01298	0.00670	0.00487	0.00471	0.00159	0.00616	0.00426	0.04349	0.00534
1	0.14404	0.02499	0.05729	0.06956	0.03484	0.03552	0.04641	0.33125	0.01580	0.15436	0.01182	0.03284	0.00864	0.00558	0.00459	0.00149	0.00525	0.00438	0.00412	0.00721
2	0.11609	0.01072	0.01342	0.14234	0.11270	0.02367	0.03218	0.23438	0.09317	0.10562	0.01320	0.04103	0.02866	0.00583	0.00472	0.00153	0.00507	0.00479	0.00390	0.00696
3	0.00864	0.00525	0.00766	0.00750	0.00764	0.00583	0.00551	0.00749	0.00704	0.00959	0.01020	0.01894	0.01047	0.01528	0.01706	0.63927	0.11594	0.09548	0.00239	0.00282
4	0.14792	0.19623	0.04135	0.03006	0.04250	0.19146	0.00858	0.08677	0.01226	0.13338	0.00948	0.01017	0.00722	0.00491	0.00420	0.00131	0.02046	0.00340	0.00320	0.04511
5	0.00614	0.00458	0.00572	0.00616	0.00699	0.00415	0.00434	0.00749	0.01095	0.01458	0.25505	0.42955	0.20052	0.01303	0.00595	0.00177	0.00258	0.01156	0.00474	0.00415
6	0.01042	0.03519	0.01118	0.08506	0.03049	0.05003	0.00792	0.06418	0.03213	0.03956	0.12255	0.04280	0.11335	0.00804	0.00791	0.00165	0.22580	0.01483	0.09152	0.00538
7	0.06795	0.01079	0.01432	0.22612	0.15064	0.01184	0.01067	0.29318	0.01506	0.11471	0.01137	0.03232	0.00852	0.00548	0.00476	0.00151	0.00540	0.00452	0.00374	0.00710
8	0.00617	0.00489	0.00559	0.00584	0.00714	0.00432	0.00443	0.00761	0.01118	0.01407	0.15082	0.16256	0.48263	0.01250	0.00591	0.00174	0.00272	0.10109	0.00462	0.00418
9	0.02069	0.10690	0.01294	0.00858	0.01238	0.00856	0.00726	0.02253	0.01339	0.70811	0.01764	0.01545	0.01130	0.00578	0.00466	0.00144	0.00425	0.00460	0.00553	0.00800
10	0.00666	0.00495	0.00621	0.00598	0.00719	0.00450	0.00450	0.00871	0.01304	0.01794	0.61666	0.05682	0.18453	0.01057	0.00576	0.00158	0.00240	0.03241	0.00513	0.00447
11	0.02050	0.00807	0.01088	0.00843	0.01193	0.00707	0.00689	0.03616	0.01376	0.72573	0.05059	0.01781	0.01353	0.03843	0.00568	0.00163	0.00409	0.00511	0.00583	0.00789
12	0.01060	0.01060	0.01484	0.01272	0.01272	0.01484	0.01060	0.01166	0.00742	0.01166	0.00636	0.01060	0.00636	0.00848	0.01590	0.00212	0.82082	0.00424	0.00212	0.00530
13	0.00914	0.00823	0.01360	0.74217	0.03079	0.01018	0.01252	0.01228	0.00973	0.01291	0.00928	0.01340	0.00702	0.00492	0.00471	0.00157	0.00607	0.00433	0.08184	0.00530
14	0.00674	0.00513	0.00662	0.00752	0.03651	0.00492	0.00505	0.00888	0.06500	0.01455	0.18459	0.51154	0.09890	0.01285	0.00591	0.00181	0.00285	0.01152	0.00462	0.00448
15	0.86392	0.00937	0.00712	0.00637	0.00937	0.01087	0.00525	0.01425	0.00825	0.02174	0.00675	0.00787	0.00525	0.00450	0.00300	0.00150	0.00375	0.00262	0.00300	0.00525
16	0.01062	0.00940	0.04808	0.00840	0.01150	0.00869	0.00691	0.03836	0.31810	0.04281	0.15781	0.01997	0.05587	0.00651	0.00473	0.00136	0.00363	0.00546	0.00432	0.23747
17	0.00686	0.00495	0.00648	0.00610	0.00724	0.00457	0.00457	0.00914	0.01372	0.01943	0.79691	0.03620	0.04572	0.00991	0.00572	0.00152	0.00229	0.00876	0.00533	0.00457
18	0.17550	0.04144	0.03850	0.00744	0.01120	0.00811	0.00623	0.04084	0.01007	0.04065	0.00927	0.04000	0.00789	0.00504	0.00441	0.04250	0.00389	0.00342	0.00302	0.50057
19	0.00814	0.00524	0.00685	0.00629	0.00767	0.00478	0.00477	0.01036	0.01365	0.08853	0.70611	0.03476	0.06486	0.00963	0.00564	0.00153	0.00245	0.00846	0.00537	0.00488
20	0.73126	0.00932	0.00749	0.00672	0.00962	0.01078	0.00547	0.01552	0.10195	0.02143	0.00863	0.00946	0.00665	0.00479	0.00324	0.00150	0.00371	0.00303	0.03391	0.00551
21	0.03057	0.02388	0.73482	0.01421	0.03370	0.01130	0.05448	0.01532	0.01025	0.01552	0.00871	0.01034	0.00620	0.00457	0.00462	0.00154	0.00710	0.00367	0.00209	0.00709
22	0.01341	0.02981	0.08220	0.00948	0.01301	0.01030	0.00817	0.04501	0.40463	0.16650	0.03603	0.01655	0.02566	0.00601	0.00471	0.00147	0.00417	0.00493	0.00455	0.11340
23	0.01842	0.01357	0.01454	0.01115	0.01503	0.01503	0.00921	0.78330	0.02278	0.03054	0.01163	0.01163	0.00824	0.00582	0.00485	0.00145	0.00533	0.00436	0.00485	0.00824
24	0.00681	0.00495	0.00642	0.00605	0.00721	0.00455	0.00454	0.00906	0.01361	0.01918	0.76754	0.03661	0.07524	0.01000	0.00572	0.00153	0.00229	0.00882	0.00530	0.00455
25	0.00671	0.00471	0.00541	0.00549	0.00589	0.00451	0.00341	0.00725	0.00866	0.01145	0.11489	0.12164	0.13372	0.52566	0.01767	0.00358	0.00388	0.00844	0.00362	0.00341
26	0.00627	0.00493	0.00566	0.00548	0.00688	0.00432	0.00411	0.00800	0.01232	0.01612	0.40639	0.04165	0.43831	0.01114	0.00572	0.00158	0.00237	0.00953	0.00490	0.00432
27	0.02134	0.00888	0.01164	0.00892	0.01269	0.00807	0.00737	0.11453	0.01494	0.71040	0.01822	0.01591	0.01155	0.00598	0.00487	0.00149	0.00427	0.00481	0.00586	0.00825
28	0.01067	0.00596	0.00737	0.00653	0.00843	0.00550	0.00506	0.01335	0.05648	0.19816	0.37706	0.02995	0.13721	0.00864	0.00520	0.00149	0.00281	0.00738	0.10722	0.00552
29	0.01882	0.01294	0.01415	0.01085	0.01471	0.01408	0.00896	0.69239	0.02172	0.12296	0.01253	0.01222	0.00869	0.00584	0.00485	0.00146	0.00519	0.00442	0.00499	0.00824
30	0.01977	0.01141	0.01320	0.01012	0.01395	0.01181	0.00836	0.47400	0.01916	0.34497	0.01468	0.01361	0.00977	0.00589	0.00486	0.00147	0.00484	0.00457	0.00532	0.00824
31	0.01072	0.00693	0.00848	0.00730	0.00937	0.00672	0.00570	0.10493	0.06611	0.12879	0.49071	0.02874	0.05810	0.00851	0.00537	0.00150	0.00306	0.00732	0.00523	0.03643
32	0.01060	0.01060	0.01484	0.01272	0.01272	0.01484	0.01060	0.01166	0.00742	0.01166	0.00636	0.01060	0.00636	0.00848	0.01590	0.00212	0.82082	0.00424	0.00212	0.00530
33	0.00915	0.00861	0.01453	0.81804	0.03338	0.01077	0.01346	0.01238	0.00969	0.01238	0.00861	0.01292	0.00646	0.00484	0.00484	0.00161	0.00646	0.00431	0.00215	0.00538
34	0.02862	0.02894	0.02601	0.06807	0.20613	0.00863	0.00926	0.02850	0.02300	0.38250	0.04998	0.05608	0.04984	0.00633	0.00492	0.00151	0.00454	0.00544	0.00445	0.00723
35	0.01245	0.61606	0.17382	0.00942	0.01414	0.01704	0.01008	0.04472	0.01043	0.01307	0.00737	0.00848	0.00632	0.00428	0.00348	0.00114	0.00551	0.00286	0.00221	0.03714
36	0.10582	0.00916	0.01132	0.00877	0.01247	0.00868	0.00725	0.13624	0.01464	0.60893	0.01676	0.01490	0.01076	0.00582	0.00468	0.00149	0.00427	0.00457	0.00552	0.00795
37	0.00654	0.00448	0.00577	0.00670	0.00727	0.00425	0.00479	0.00777	0.00973	0.01339	0.02634	0.58293	0.06611	0.01365	0.00590	0.00189	0.00296	0.11899	0.10647	0.00409
38	0.01212	0.44781	0.29192	0.01100	0.01605	0.03374	0.04903	0.01518	0.01021	0.03925	0.00798	0.00926	0.00644	0.00450	0.00418	0.00129	0.02801	0.00321	0.00222	0.00659
39	0.02134	0.00831	0.01118	0.00860	0.01229	0.00729	0.00709	0.04567	0.01404	0.76105	0.01882	0.01639	0.01190	0.00598	0.00484	0.00149	0.00411	0.00485	0.02661	0.00816
40	0.00911	0.00475	0.00516	0.00498	0.00622	0.00463	0.00376	0.01136	0.01099	0.04908	0.16616	0.02149	0.01881	0.00648	0.00389	0.00122	0.00234	0.00535	0.65954	0.00467
41	0.01213	0.01077	0.03877	0.23210	0.31464	0.01124	0.08936	0.01497	0.01062	0.10858	0.00992	0.01268	0.00765	0.00512	0.00618	0.00159	0.09972	0.00449	0.00273	0.00674
42	0.00755	0.00715	0.10155	0.00692	0.00793	0.00566	0.00549	0.00822	0.00745	0.01030	0.01302	0.02425	0.01384	0.46251	0.16517	0.13446	0.00643	0.00586	0.00264	0.00357
43	0.04362	0.00566	0.00729	0.00699	0.00852	0.00522	0.00524	0.01183	0.01164	0.20177	0.23313	0.31359	0.06253	0.02258	0.00589	0.00175	0.00309	0.03946	0.00500	0.00519
44	0.00598	0.00499	0.00526	0.00539	0.00696	0.00427	0.00418	0.00732	0.01106	0.01326	0.04629	0.04760	0.70540	0.01241	0.00584	0.00171	0.00269	0.10077	0.00450	0.00414
45	0.01257	0.73597	0.11864	0.00895	0.01346	0.01823	0.00944	0.01461	0.00989	0.01187	0.00697	0.00807	0.00621	0.00420	0.00329	0.00110	0.00542	0.00271	0.00207	0.00633
46	0.00984	0.02176	0.67062	0.01272	0.01889	0.01018	0.01578	0.01472	0.01029	0.05306	0.01136	0.10822	0.00952	0.00594	0.00481	0.00158	0.00649	0.00486	0.00253	0.00683
47	0.00594	0.00445	0.00552	0.00624	0.00693	0.00403	0.00430	0.00700	0.01008	0.01313	0.09530	0.56864	0.22279	0.01403	0.00603	0.00185	0.00268	0.01249	0.00457	0.00403
48	0.01199	0.01151	0.01967	0.02974	0.79946	0.01151	0.01487	0.01487	0.01103	0.01583	0.00912	0.01199	0.00768	0.00432	0.00480	0.00144	0.00576	0.00432	0.00240	0.00768
49	0.02174	0.00825	0.01125	0.00862	0.01237	0.00712	0.00712	0.02362	0.01387	0.80282	0.01912	0.01649	0.01200	0.00600	0.00487	0.00150	0.00412	0.00487	0.00600	0.00825
50	0.01488	0.01157	0.01351	0.14987	0.03788	0.01304	0.00951	0.44979	0.15493	0.02451	0.04141	0.01406	0.01055	0.00589	0.00486	0.00151	0.00509	0.00471	0.02502	0.00741
51	0.00864	0.00535	0.00705	0.00640	0.00785	0.00488	0.00488	0.01088	0.01374	0.11318	0.70383	0.03384	0.04169	0.00944	0.00561	0.00152	0.00251	0.00830	0.00541	0.00501
52	0.01044	0.00860	0.01009	0.00723	0.01151	0.00648	0.00579	0.01258	0.01018	0.04192	0.00896	0.01026	0.00734	0.00367	0.00363	0.00074	0.00361	0.00294	0.00297	0.83106
53	0.00575	0.00491	0.00494	0.00494	0.00656	0.00410	0.00370	0.00700	0.01111	0.01323	0.06593	0.04640	0.78057	0.01222	0.00573	0.00163	0.00245	0.01019	0.00452	0.00410
54	0.00842	0.00421	0.00631	0.00631	0.00631	0.00421	0.00421	0.00631	0.00631	0.00842	0.00842	0.01473	0.00842	0.01684	0.01894	0.85901	0.00421	0.00421	0.00210	0.00210
55	0.01199	0.01151	0.01967	0.02974	0.79946	0.01151	0.01487	0.01487	0.01103	0.01583	0.00912	0.01199	0.00768	0.00432	0.00480	0.00144	0.00576	0.00432	0.00240	0.00768
56	0.01199	0.01151	0.01967	0.02974	0.79946	0.01151	0.01487	0.01487	0.01103	0.01583	0.00912	0.01199	0.00768	0.00432	0.00480	0.00144	0.00576	0.00432	0.00240	0.00768
57	0.00972	0.02507	0.80458	0.01381	0.02097	0.01125	0.01790	0.01535	0.01023	0.01535	0.00870	0.01023	0.00614	0.00460	0.00460	0.00153	0.00716	0.00358	0.00205	0.00716
58	0.00668	0.00488	0.00602	0.00582	0.00683	0.00449	0.00419	0.00840	0.01212	0.01666	0.53385	0.06809	0.15585	0.13482	0.00861	0.00204	0.00270	0.00892	0.00481	0.00423
59	0.00682	0.00500	0.00715	0.00728	0.00795	0.00560	0.00540	0.00818	0.00785	0.01110	0.01497	0.11759	0.01534	0.15414	0.59505	0.00662	0.01051	0.00650	0.00288	0.00407
60	0.01419	0.20567	0.21829	0.01065	0.01521	0.01358	0.01071	0.18586	0.15086	0.11055	0.01204	0.01208	0.00883	0.00527	0.00440	0.00142	0.00536	0.00401	0.00363	0.00740
61	0.04114	0.24388	0.01589	0.01019	0.01312	0.38527	0.00831	0.07749	0.03412	0.01465	0.10239	0.01221	0.01132	0.00544	0.00419	0.00126	0.00642	0.00380	0.00299	0.00591

[dist]
# distance from previous block
# <min> <max>
0	8

[block]
# block no. 5 follows, 52 sequences, length 17
# corresponding to MSA columns:
# 361-377
name=unknown_F
#
# <colnr> <probs for GDERKNQSTAVLIFYWHMCP>
#	G	D	E	R	K	N	Q	S	T	A	V	L	I	F	Y	W	H	M	C	P
0	0.74930	0.00878	0.00704	0.00634	0.00909	0.01003	0.00516	0.01356	0.00898	0.02143	0.11242	0.01166	0.01066	0.00522	0.00336	0.00150	0.00355	0.00345	0.00331	0.00516
1	0.12533	0.10942	0.52071	0.01191	0.01780	0.01251	0.01415	0.10503	0.01139	0.01755	0.00857	0.00981	0.00627	0.00468	0.00426	0.00147	0.00628	0.00344	0.00250	0.00693
2	0.00804	0.00522	0.00666	0.00620	0.00761	0.00471	0.00468	0.01007	0.01314	0.09105	0.58262	0.07621	0.14500	0.01014	0.00566	0.00156	0.00251	0.00886	0.00524	0.00482
3	0.00842	0.00421	0.00631	0.00631	0.00631	0.00421	0.00421	0.00631	0.00631	0.00842	0.00842	0.01473	0.00842	0.01684	0.01894	0.85901	0.00421	0.00421	0.00210	0.00210
4	0.01199	0.01151	0.01967	0.02974	0.79946	0.01151	0.01487	0.01487	0.01103	0.01583	0.00912	0.01199	0.00768	0.00432	0.00480	0.00144	0.00576	0.00432	0.00240	0.00768
5	0.01143	0.02213	0.65380	0.01350	0.02007	0.01076	0.06046	0.01646	0.01079	0.12067	0.01015	0.01123	0.00699	0.00476	0.00470	0.00154	0.00681	0.00388	0.00260	0.00727
6	0.01810	0.02310	0.01373	0.01248	0.01498	0.81024	0.00936	0.01935	0.01373	0.01186	0.00749	0.00874	0.00624	0.00499	0.00437	0.00125	0.00874	0.00312	0.00250	0.00562
7	0.12892	0.01150	0.06760	0.10895	0.08415	0.01127	0.00967	0.26613	0.03060	0.15863	0.01273	0.02546	0.01929	0.00576	0.00465	0.00152	0.00506	0.02606	0.00403	0.01803
8	0.00921	0.02228	0.69773	0.01287	0.01911	0.01028	0.01611	0.01420	0.01010	0.01495	0.01111	0.11940	0.00960	0.00602	0.00482	0.00159	0.00658	0.00494	0.00237	0.00673
9	0.12270	0.00626	0.00704	0.00639	0.00730	0.00652	0.03399	0.06234	0.00862	0.01317	0.01369	0.02576	0.01467	0.59075	0.01864	0.00376	0.00463	0.00610	0.04385	0.00383
10	0.00772	0.00928	0.14372	0.09755	0.05386	0.00697	0.04560	0.01020	0.02135	0.01348	0.02161	0.35885	0.09211	0.02997	0.00610	0.00186	0.00450	0.06663	0.00359	0.00504
11	0.01095	0.11440	0.28187	0.09915	0.01802	0.02492	0.04491	0.08504	0.01087	0.01513	0.00966	0.06887	0.00837	0.00600	0.00639	0.00156	0.13685	0.00449	0.00258	0.04995
12	0.00950	0.00874	0.04342	0.41604	0.12254	0.00930	0.01090	0.02727	0.03750	0.03433	0.01242	0.11073	0.01157	0.11641	0.00764	0.00204	0.00556	0.00581	0.00281	0.00546
13	0.16568	0.00955	0.01169	0.27663	0.07136	0.05601	0.00940	0.01452	0.08637	0.05569	0.01343	0.04469	0.05704	0.00621	0.00512	0.00158	0.04293	0.03002	0.00314	0.03894
14	0.03640	0.04127	0.02317	0.17747	0.01634	0.05802	0.03049	0.14330	0.02708	0.09467	0.02420	0.17300	0.01404	0.02699	0.00546	0.00163	0.00499	0.03601	0.00374	0.06175
15	0.08353	0.22720	0.20334	0.01047	0.03656	0.01294	0.01019	0.13937	0.05308	0.08951	0.03421	0.05843	0.01011	0.00566	0.00429	0.00141	0.00519	0.00435	0.00334	0.00681
16	0.19272	0.03495	0.02096	0.00720	0.00928	0.03025	0.00559	0.04859	0.03150	0.06281	0.08783	0.25685	0.03624	0.04350	0.00555	0.00168	0.00363	0.00726	0.03416	0.07947

[dist]
# distance from previous block
# <min> <max>
0	82

# created by:
# /st0/software/busco_prod/Augustus/scripts/msa2prfl.pl ./align_prep/185172.fa
