[name]
unknown

[dist]
# distance from previous block
# <min> <max>
0	97

[block]
# block no. 0 follows, 48 sequences, length 40
# corresponding to MSA columns:
# 112-151
name=unknown_A
#
# <colnr> <probs for GDERKNQSTAVLIFYWHMCP>
#	G	D	E	R	K	N	Q	S	T	A	V	L	I	F	Y	W	H	M	C	P
0	0.01559	0.02750	0.07497	0.01032	0.01374	0.05057	0.00894	0.08018	0.19710	0.24413	0.05738	0.01982	0.01474	0.00708	0.00581	0.00165	0.04677	0.06269	0.00481	0.05622
1	0.01362	0.05561	0.01702	0.08836	0.02882	0.01058	0.19332	0.10240	0.04020	0.14681	0.10676	0.05697	0.01504	0.00633	0.00530	0.00155	0.00550	0.00589	0.00407	0.09586
2	0.01484	0.19499	0.05545	0.00957	0.02848	0.01158	0.00824	0.11033	0.06809	0.20025	0.09945	0.04621	0.04111	0.00661	0.00477	0.00143	0.00458	0.00530	0.00439	0.08433
3	0.01386	0.03822	0.01306	0.11290	0.01592	0.05542	0.03076	0.16957	0.11732	0.10881	0.11727	0.03157	0.01567	0.00923	0.07011	0.00209	0.00579	0.00550	0.00433	0.06261
4	0.06401	0.11111	0.27905	0.01172	0.01682	0.01246	0.05401	0.11698	0.08441	0.07299	0.04777	0.01326	0.01018	0.00542	0.00470	0.00149	0.00580	0.00432	0.00346	0.08003
5	0.01258	0.05892	0.07161	0.12363	0.01493	0.04666	0.00841	0.04961	0.02567	0.16357	0.07954	0.08699	0.01612	0.13643	0.04709	0.00243	0.00557	0.00616	0.00393	0.04017
6	0.03243	0.19325	0.31493	0.01268	0.01805	0.03599	0.09317	0.10115	0.01293	0.07542	0.05486	0.01274	0.00978	0.00530	0.00473	0.00150	0.00645	0.00428	0.00310	0.00726
7	0.00739	0.00568	0.00731	0.05553	0.00981	0.00571	0.00569	0.01030	0.09629	0.01569	0.19252	0.47642	0.06593	0.01305	0.00619	0.00191	0.00319	0.01169	0.00486	0.00485
8	0.07601	0.02230	0.57585	0.06184	0.02140	0.01231	0.04227	0.05786	0.01127	0.01728	0.00913	0.01102	0.00663	0.00515	0.00544	0.00166	0.04897	0.00392	0.00244	0.00725
9	0.02982	0.01409	0.03734	0.13730	0.10357	0.17937	0.03647	0.12445	0.09993	0.06088	0.01459	0.01581	0.06857	0.00663	0.01465	0.00167	0.03947	0.00496	0.00357	0.00686
10	0.01475	0.07391	0.03021	0.21515	0.27899	0.03488	0.03029	0.06438	0.01272	0.17785	0.01166	0.01346	0.00860	0.00519	0.00498	0.00155	0.00602	0.00454	0.00340	0.00747
11	0.01270	0.01219	0.02083	0.03149	0.78767	0.01219	0.01575	0.01575	0.01168	0.01676	0.00965	0.01270	0.00813	0.00457	0.00508	0.00152	0.00610	0.00457	0.00254	0.00813
12	0.01244	0.00947	0.01295	0.05560	0.01351	0.02924	0.00944	0.01400	0.00965	0.15085	0.01211	0.02986	0.01075	0.03650	0.14051	0.00313	0.39689	0.04396	0.00326	0.00587
13	0.01279	0.26217	0.24549	0.09135	0.01789	0.07555	0.01206	0.05487	0.01159	0.05798	0.01016	0.03282	0.00833	0.00826	0.07597	0.00205	0.00716	0.00407	0.00273	0.00673
14	0.00628	0.00449	0.00598	0.00712	0.00745	0.00419	0.00477	0.00722	0.00997	0.01332	0.05118	0.79278	0.03437	0.01591	0.00653	0.00207	0.00296	0.01443	0.00479	0.00419
15	0.00637	0.00457	0.00614	0.00716	0.00755	0.00433	0.00486	0.00741	0.01002	0.01348	0.07310	0.72499	0.03363	0.01699	0.05075	0.00240	0.00354	0.01376	0.00470	0.00423
16	0.02260	0.10531	0.01747	0.36145	0.13804	0.05253	0.05494	0.03663	0.10197	0.01550	0.02822	0.02354	0.00939	0.00542	0.00496	0.00159	0.00625	0.00473	0.00289	0.00657
17	0.01972	0.00868	0.01163	0.07041	0.01430	0.00802	0.00781	0.05680	0.03532	0.59097	0.02166	0.04655	0.07008	0.00709	0.00527	0.00163	0.00443	0.00585	0.00578	0.00800
18	0.00766	0.00544	0.00647	0.00615	0.00764	0.00494	0.00463	0.00996	0.03138	0.04445	0.44391	0.05502	0.28090	0.01091	0.00587	0.00164	0.00259	0.00939	0.05616	0.00487
19	0.01238	0.01396	0.09852	0.01763	0.02237	0.03823	0.50578	0.01623	0.01232	0.07603	0.05975	0.01692	0.05092	0.00544	0.00593	0.00168	0.01758	0.00605	0.00314	0.01912
20	0.13404	0.40362	0.20730	0.01019	0.01499	0.03066	0.01078	0.07355	0.01133	0.01622	0.00832	0.00969	0.00683	0.00609	0.03599	0.00162	0.00619	0.00327	0.00259	0.00675
21	0.01226	0.01052	0.01117	0.01019	0.01289	0.01210	0.00786	0.02572	0.71920	0.02082	0.02145	0.08055	0.01707	0.00766	0.00532	0.00177	0.00398	0.00648	0.00519	0.00782
22	0.08556	0.01328	0.09419	0.07922	0.06677	0.01197	0.40229	0.05441	0.01170	0.01706	0.01034	0.01365	0.00805	0.00855	0.09761	0.00244	0.00829	0.00522	0.00273	0.00666
23	0.00969	0.00912	0.01539	0.80734	0.03534	0.01140	0.01425	0.01311	0.01026	0.01311	0.00912	0.01368	0.00684	0.00513	0.00513	0.00171	0.00684	0.00456	0.00228	0.00570
24	0.85592	0.00992	0.00754	0.00675	0.00992	0.01151	0.00556	0.01508	0.00873	0.02302	0.00714	0.00834	0.00556	0.00476	0.00318	0.00159	0.00397	0.00278	0.00318	0.00556
25	0.01159	0.00668	0.00878	0.00818	0.00986	0.00631	0.02661	0.07911	0.01219	0.19638	0.02474	0.43050	0.06462	0.07970	0.00770	0.00213	0.00384	0.01047	0.00497	0.00563
26	0.08691	0.00932	0.01009	0.05048	0.02452	0.06217	0.00715	0.11024	0.09420	0.10775	0.22442	0.13036	0.04405	0.00870	0.00540	0.00166	0.00419	0.00732	0.00483	0.00625
27	0.01858	0.01001	0.01183	0.00977	0.01326	0.02511	0.00783	0.02588	0.33951	0.44872	0.02028	0.01802	0.01384	0.00659	0.00518	0.00165	0.00433	0.00540	0.00580	0.00842
28	0.06173	0.01235	0.01262	0.01073	0.01401	0.03521	0.00853	0.25390	0.48396	0.02463	0.01715	0.01618	0.01273	0.00655	0.00506	0.00166	0.00468	0.00520	0.00501	0.00810
29	0.01754	0.03769	0.01404	0.01004	0.01433	0.00901	0.07773	0.08677	0.01389	0.38487	0.01472	0.01424	0.01010	0.00529	0.00475	0.00132	0.00474	0.00445	0.00473	0.26974
30	0.01360	0.63022	0.04950	0.07085	0.01531	0.04400	0.00959	0.05730	0.01126	0.01346	0.00809	0.02535	0.00728	0.00492	0.00397	0.00124	0.02174	0.00331	0.00243	0.00658
31	0.01199	0.12526	0.07139	0.01889	0.02390	0.01357	0.59190	0.01590	0.01172	0.01569	0.01059	0.04533	0.00861	0.00484	0.00563	0.00165	0.00793	0.00582	0.00260	0.00680
32	0.00969	0.00912	0.01539	0.80734	0.03534	0.01140	0.01425	0.01311	0.01026	0.01311	0.00912	0.01368	0.00684	0.00513	0.00513	0.00171	0.00684	0.00456	0.00228	0.00570
33	0.06834	0.01162	0.01331	0.07163	0.01561	0.01244	0.00883	0.42930	0.01875	0.21302	0.01400	0.01437	0.00985	0.02980	0.00556	0.00165	0.00516	0.00473	0.04407	0.00796
34	0.01404	0.04426	0.11237	0.00963	0.01306	0.03322	0.03002	0.14444	0.03415	0.19365	0.05470	0.08204	0.12868	0.04857	0.00633	0.00178	0.00482	0.00662	0.03085	0.00677
35	0.00630	0.00517	0.00555	0.00554	0.00710	0.00442	0.00412	0.00779	0.01213	0.01509	0.18948	0.08721	0.60694	0.01268	0.00609	0.00173	0.00258	0.01073	0.00493	0.00442
36	0.01132	0.08680	0.68697	0.01384	0.02096	0.01230	0.01749	0.01671	0.01103	0.06266	0.00971	0.01103	0.00688	0.00493	0.00477	0.00158	0.00723	0.00379	0.00242	0.00758
37	0.01075	0.04985	0.72913	0.01452	0.02185	0.01210	0.04029	0.01644	0.01095	0.03447	0.00944	0.01100	0.00669	0.00488	0.00487	0.00161	0.00747	0.00386	0.00228	0.00756
38	0.02198	0.00896	0.01186	0.00915	0.01301	0.00798	0.00754	0.07646	0.01526	0.70065	0.03570	0.01843	0.03516	0.00661	0.00520	0.00159	0.00437	0.00537	0.00621	0.00853
39	0.00797	0.00696	0.01200	0.01077	0.01246	0.00654	0.18376	0.00999	0.01096	0.01456	0.05341	0.43591	0.06792	0.01265	0.00648	0.00201	0.00454	0.13189	0.00428	0.00493

[dist]
# distance from previous block
# <min> <max>
0	1

[block]
# block no. 1 follows, 48 sequences, length 7
# corresponding to MSA columns:
# 153-159
name=unknown_B
#
# <colnr> <probs for GDERKNQSTAVLIFYWHMCP>
#	G	D	E	R	K	N	Q	S	T	A	V	L	I	F	Y	W	H	M	C	P
0	0.08760	0.15613	0.01061	0.00691	0.00889	0.00831	0.00563	0.01123	0.01323	0.01924	0.56927	0.02999	0.03672	0.00883	0.00528	0.00152	0.00313	0.00747	0.00478	0.00523
1	0.05750	0.01059	0.03485	0.02533	0.01205	0.10219	0.00735	0.12547	0.05860	0.15920	0.06115	0.19481	0.01771	0.00844	0.00517	0.00163	0.00460	0.00702	0.09991	0.00642
2	0.00755	0.00898	0.15130	0.00822	0.01038	0.00599	0.00752	0.01017	0.01238	0.01733	0.38307	0.24217	0.06264	0.01119	0.00601	0.00178	0.00362	0.03987	0.00470	0.00514
3	0.01199	0.02430	0.64997	0.01411	0.02105	0.01265	0.01726	0.15506	0.01328	0.01921	0.00978	0.01111	0.00691	0.00511	0.00492	0.00161	0.00723	0.00394	0.00271	0.00779
4	0.26183	0.01187	0.12837	0.08416	0.05043	0.01052	0.00911	0.10684	0.03533	0.05437	0.01147	0.01298	0.00860	0.00538	0.00418	0.00152	0.00476	0.00404	0.18783	0.00643
5	0.00813	0.00646	0.00914	0.18700	0.01422	0.00731	0.00733	0.02873	0.00961	0.01300	0.01872	0.14720	0.08746	0.14897	0.22089	0.00404	0.03873	0.00744	0.03098	0.00466
6	0.21018	0.17509	0.03349	0.00929	0.01243	0.16720	0.03067	0.04552	0.01245	0.06161	0.15186	0.01529	0.01474	0.00602	0.00435	0.00143	0.00530	0.00447	0.03253	0.00608

[dist]
# distance from previous block
# <min> <max>
0	3

[block]
# block no. 2 follows, 48 sequences, length 29
# corresponding to MSA columns:
# 163-191
name=unknown_C
#
# <colnr> <probs for GDERKNQSTAVLIFYWHMCP>
#	G	D	E	R	K	N	Q	S	T	A	V	L	I	F	Y	W	H	M	C	P
0	0.62854	0.01027	0.00898	0.00764	0.01101	0.02890	0.00627	0.05883	0.01087	0.17288	0.01000	0.01035	0.00715	0.00516	0.00370	0.00158	0.00426	0.00336	0.00389	0.00636
1	0.01485	0.07746	0.16506	0.01299	0.10150	0.01166	0.01090	0.17975	0.05791	0.15469	0.03842	0.06352	0.01189	0.00625	0.00496	0.00152	0.00534	0.00511	0.00409	0.07213
2	0.06491	0.05915	0.12749	0.00917	0.01381	0.00951	0.00852	0.01672	0.11190	0.09080	0.01150	0.01215	0.00879	0.00471	0.00421	0.00117	0.00456	0.00368	0.00347	0.43378
3	0.00627	0.00494	0.00566	0.00605	0.00720	0.00433	0.00432	0.00755	0.01135	0.01437	0.12867	0.32444	0.42903	0.01381	0.00624	0.00185	0.00271	0.01200	0.00487	0.00433
4	0.01402	0.70864	0.02618	0.00997	0.01428	0.07845	0.05964	0.01582	0.01085	0.01240	0.00741	0.00868	0.00667	0.00445	0.00358	0.00116	0.00598	0.00301	0.00226	0.00656
5	0.00653	0.00469	0.00623	0.00721	0.00763	0.00446	0.00491	0.00750	0.00967	0.01299	0.02632	0.68515	0.03116	0.06154	0.05701	0.00261	0.00383	0.03636	0.00451	0.01970
6	0.02854	0.14840	0.07724	0.00979	0.01319	0.03321	0.00880	0.13214	0.01431	0.20382	0.16331	0.01878	0.01715	0.00699	0.00587	0.00156	0.06628	0.02551	0.00442	0.02069
7	0.01287	0.04307	0.04930	0.04786	0.33519	0.03207	0.08172	0.01586	0.03133	0.12048	0.04228	0.13735	0.01411	0.00687	0.00536	0.00163	0.00559	0.00639	0.00355	0.00714
8	0.00625	0.00447	0.00595	0.00714	0.00744	0.00417	0.00476	0.00714	0.00982	0.01310	0.02828	0.81633	0.03394	0.01608	0.00655	0.00208	0.00298	0.01459	0.00476	0.00417
9	0.01446	0.63829	0.07270	0.00970	0.01419	0.04480	0.00958	0.11703	0.01243	0.01507	0.00799	0.00898	0.00687	0.00469	0.00368	0.00120	0.00576	0.00308	0.00260	0.00691
10	0.85592	0.00992	0.00754	0.00675	0.00992	0.01151	0.00556	0.01508	0.00873	0.02302	0.00714	0.00834	0.00556	0.00476	0.00318	0.00159	0.00397	0.00278	0.00318	0.00556
11	0.01316	0.01171	0.01403	0.01581	0.20844	0.03837	0.01009	0.02410	0.54476	0.03553	0.01762	0.01716	0.01341	0.00629	0.00516	0.00167	0.00475	0.00540	0.00448	0.00806
12	0.00891	0.00446	0.00668	0.00668	0.00668	0.00446	0.00446	0.00668	0.00668	0.00891	0.00891	0.01560	0.00891	0.01783	0.02005	0.85071	0.00446	0.00446	0.00223	0.00223
13	0.00945	0.00880	0.01474	0.75254	0.03343	0.01090	0.01360	0.01270	0.01023	0.01311	0.01043	0.06865	0.00870	0.00588	0.00523	0.00174	0.00658	0.00525	0.00245	0.00560
14	0.00641	0.00458	0.00613	0.00732	0.00769	0.00430	0.00503	0.00741	0.00998	0.01327	0.02820	0.75843	0.03360	0.01593	0.00659	0.00211	0.00311	0.07097	0.00476	0.00421
15	0.03351	0.01195	0.02055	0.01552	0.01919	0.08181	0.42729	0.01536	0.01240	0.05947	0.10569	0.07811	0.01521	0.00631	0.00564	0.00165	0.00667	0.00661	0.07079	0.00627
16	0.00733	0.00548	0.00815	0.00815	0.00904	0.00636	0.00630	0.00910	0.00822	0.01184	0.01383	0.02063	0.01303	0.06623	0.77187	0.00813	0.01343	0.00557	0.00276	0.00453
17	0.01276	0.01102	0.01160	0.01044	0.01334	0.01276	0.00812	0.02727	0.77840	0.02146	0.02088	0.01914	0.01566	0.00696	0.00522	0.00174	0.00406	0.00580	0.00522	0.00812
18	0.01790	0.01414	0.01446	0.01156	0.01530	0.05839	0.00938	0.55379	0.20156	0.02868	0.01410	0.01376	0.01025	0.00630	0.00513	0.00158	0.00547	0.00483	0.00502	0.00843
19	0.02302	0.00873	0.01191	0.00913	0.01310	0.00754	0.00754	0.02501	0.01469	0.79122	0.02024	0.01746	0.01270	0.00635	0.00516	0.00159	0.00437	0.00516	0.00635	0.00873
20	0.01554	0.01064	0.01274	0.08313	0.01558	0.01023	0.00825	0.25691	0.01563	0.16164	0.01253	0.02831	0.00932	0.00538	0.00465	0.00127	0.00476	0.00429	0.00427	0.33493
21	0.01372	0.82276	0.02689	0.00878	0.01317	0.02030	0.00878	0.01536	0.01043	0.01207	0.00713	0.00823	0.00658	0.00439	0.00329	0.00110	0.00549	0.00274	0.00219	0.00658
22	0.00726	0.00524	0.00686	0.00646	0.00767	0.00484	0.00484	0.00968	0.01452	0.02058	0.78496	0.03833	0.04841	0.01049	0.00605	0.00161	0.00242	0.00928	0.00565	0.00484
23	0.00655	0.00480	0.00631	0.02377	0.00805	0.00449	0.00492	0.00789	0.01109	0.01493	0.20865	0.55678	0.09417	0.01429	0.00636	0.00194	0.00290	0.01283	0.00492	0.00437
24	0.08869	0.00702	0.00780	0.00685	0.00909	0.00660	0.00533	0.07642	0.01351	0.01950	0.33730	0.03254	0.22127	0.00934	0.00541	0.00153	0.00313	0.02144	0.00477	0.12246
25	0.00629	0.00461	0.00591	0.00685	0.00739	0.00423	0.00465	0.00732	0.01034	0.01363	0.07526	0.67088	0.13310	0.01535	0.00646	0.00201	0.00290	0.01379	0.00481	0.00423
26	0.00693	0.00480	0.00592	0.00636	0.00665	0.00462	0.00403	0.00764	0.00942	0.01273	0.12779	0.35854	0.02911	0.37452	0.01523	0.00331	0.00379	0.01067	0.00415	0.00379
27	0.06316	0.07044	0.44417	0.12091	0.04002	0.01206	0.10033	0.01522	0.01081	0.01589	0.01144	0.01340	0.04967	0.00525	0.00491	0.00162	0.00694	0.00443	0.00245	0.00690
28	0.01951	0.00950	0.01179	0.00937	0.01287	0.00909	0.00760	0.20625	0.01636	0.48172	0.02092	0.09719	0.05865	0.00765	0.00534	0.00163	0.00444	0.00629	0.00580	0.00802

[dist]
# distance from previous block
# <min> <max>
4	12

[block]
# block no. 3 follows, 48 sequences, length 14
# corresponding to MSA columns:
# 208-221
name=unknown_D
#
# <colnr> <probs for GDERKNQSTAVLIFYWHMCP>
#	G	D	E	R	K	N	Q	S	T	A	V	L	I	F	Y	W	H	M	C	P
0	0.00812	0.00611	0.00711	0.00635	0.00786	0.00536	0.00429	0.00911	0.00939	0.01321	0.07564	0.10940	0.06834	0.39704	0.01509	0.00304	0.00410	0.00732	0.00356	0.23956
1	0.00727	0.00512	0.00621	0.00630	0.00686	0.00483	0.00405	0.00807	0.00953	0.01306	0.15094	0.25569	0.02745	0.40477	0.01581	0.00333	0.00390	0.00954	0.00401	0.05326
2	0.01120	0.01436	0.13921	0.09008	0.07934	0.01184	0.46316	0.01541	0.01196	0.01653	0.08438	0.01565	0.01143	0.00509	0.00573	0.00169	0.00755	0.00579	0.00279	0.00680
3	0.00785	0.00539	0.00697	0.00649	0.00785	0.00492	0.00490	0.01018	0.01436	0.05219	0.70993	0.03811	0.09044	0.01047	0.00602	0.00162	0.00251	0.00920	0.00563	0.00497
4	0.85592	0.00992	0.00754	0.00675	0.00992	0.01151	0.00556	0.01508	0.00873	0.02302	0.00714	0.00834	0.00556	0.00476	0.00318	0.00159	0.00397	0.00278	0.00318	0.00556
5	0.01235	0.19931	0.02774	0.01742	0.02237	0.01411	0.52612	0.01588	0.01159	0.01546	0.00952	0.01227	0.00749	0.00429	0.00522	0.00150	0.00749	0.00502	0.00254	0.08231
6	0.00626	0.00521	0.00547	0.00541	0.00705	0.00442	0.00406	0.00775	0.01217	0.01498	0.17383	0.04754	0.66303	0.01258	0.00606	0.00171	0.00257	0.01057	0.00491	0.00442
7	0.00744	0.00507	0.00605	0.00605	0.00621	0.00522	0.00368	0.00776	0.00760	0.01029	0.01575	0.03126	0.01765	0.68449	0.15992	0.00554	0.00649	0.00712	0.00305	0.00336
8	0.01211	0.01384	0.03028	0.02163	0.02682	0.01298	0.76903	0.01644	0.01211	0.01644	0.01038	0.01384	0.00779	0.00433	0.00606	0.00173	0.00865	0.00606	0.00260	0.00692
9	0.01324	0.01352	0.08851	0.10142	0.52825	0.01266	0.01497	0.13171	0.01339	0.01876	0.00997	0.01257	0.00795	0.00490	0.00507	0.00155	0.00623	0.00451	0.00288	0.00794
10	0.00746	0.00497	0.00560	0.00560	0.00560	0.00497	0.00311	0.00746	0.00746	0.00995	0.01617	0.03358	0.01865	0.81967	0.02612	0.00497	0.00497	0.00746	0.00311	0.00311
11	0.01254	0.11413	0.50493	0.01317	0.01936	0.03568	0.01531	0.13358	0.07080	0.01855	0.01030	0.01135	0.00755	0.00519	0.00475	0.00155	0.00683	0.00394	0.00287	0.00764
12	0.01191	0.07930	0.00873	0.03769	0.00927	0.00771	0.00536	0.08610	0.01229	0.07773	0.01542	0.01716	0.01186	0.00585	0.00389	0.00127	0.00330	0.00460	0.59490	0.00566
13	0.01112	0.07147	0.01808	0.28751	0.24206	0.01176	0.08927	0.04354	0.01176	0.01587	0.08466	0.05134	0.01256	0.00595	0.00544	0.00162	0.02103	0.00548	0.00293	0.00655

[dist]
# distance from previous block
# <min> <max>
0	7

[block]
# block no. 4 follows, 48 sequences, length 14
# corresponding to MSA columns:
# 229-242
name=unknown_E
#
# <colnr> <probs for GDERKNQSTAVLIFYWHMCP>
#	G	D	E	R	K	N	Q	S	T	A	V	L	I	F	Y	W	H	M	C	P
0	0.77755	0.01146	0.08034	0.00748	0.01106	0.01155	0.00680	0.01519	0.00893	0.02239	0.00734	0.00857	0.00564	0.00477	0.00333	0.00159	0.00430	0.00287	0.00308	0.00574
1	0.18578	0.00739	0.00875	0.10754	0.01255	0.00774	0.02597	0.03621	0.02474	0.04472	0.12787	0.10060	0.22820	0.01039	0.03382	0.00195	0.00421	0.02212	0.00419	0.00526
2	0.00684	0.00523	0.00628	0.00601	0.00741	0.00466	0.00451	0.00887	0.01353	0.01822	0.52793	0.04220	0.30692	0.01137	0.00606	0.00166	0.00248	0.00982	0.00534	0.00466
3	0.01030	0.07335	0.05222	0.54057	0.05311	0.01175	0.01272	0.01462	0.08162	0.01447	0.03040	0.01457	0.00910	0.00607	0.02132	0.00177	0.00635	0.00465	0.03498	0.00608
4	0.01917	0.02445	0.01454	0.01322	0.01586	0.79907	0.00991	0.02049	0.01454	0.01256	0.00793	0.00925	0.00661	0.00529	0.00463	0.00132	0.00925	0.00330	0.00264	0.00595
5	0.00749	0.00822	0.11674	0.00739	0.00958	0.00575	0.00666	0.01022	0.01354	0.01886	0.55530	0.03630	0.16421	0.01012	0.00589	0.00163	0.00317	0.00877	0.00501	0.00514
6	0.00680	0.00523	0.00622	0.00597	0.00738	0.00465	0.00448	0.00879	0.01344	0.01800	0.50376	0.04257	0.33122	0.01145	0.00606	0.00166	0.00249	0.00987	0.00531	0.00465
7	0.01045	0.01344	0.16904	0.46829	0.11632	0.01179	0.10919	0.01443	0.01076	0.01454	0.00935	0.01304	0.00704	0.00492	0.00519	0.00168	0.00713	0.00460	0.00233	0.00649
8	0.01007	0.00500	0.00711	0.00695	0.00745	0.00482	0.00475	0.00894	0.00812	0.10064	0.01351	0.12940	0.01362	0.07879	0.01690	0.56701	0.00428	0.00619	0.00313	0.00333
9	0.08368	0.01544	0.10531	0.01174	0.01618	0.01510	0.01050	0.62382	0.02138	0.02974	0.01155	0.01184	0.00822	0.00590	0.00495	0.00155	0.00574	0.00438	0.00463	0.00835
10	0.00839	0.00545	0.00659	0.00645	0.00796	0.00480	0.00477	0.00996	0.01232	0.10590	0.23186	0.22689	0.32487	0.01231	0.00607	0.00177	0.00285	0.01067	0.00518	0.00494
11	0.01100	0.01011	0.05978	0.00875	0.01299	0.00758	0.03391	0.05479	0.01147	0.03902	0.01189	0.10484	0.01081	0.00552	0.00438	0.00107	0.00423	0.00468	0.00338	0.59980
12	0.06460	0.01166	0.01134	0.09353	0.03188	0.14965	0.00791	0.11203	0.07403	0.03519	0.01363	0.10867	0.01276	0.12063	0.00784	0.00197	0.00549	0.00570	0.00362	0.12784
13	0.00678	0.00513	0.00644	0.00692	0.00794	0.00453	0.00481	0.00795	0.01035	0.01393	0.06071	0.59387	0.12565	0.01403	0.00615	0.00187	0.00300	0.01255	0.00460	0.10280

[dist]
# distance from previous block
# <min> <max>
2	29

[block]
# block no. 5 follows, 48 sequences, length 27
# corresponding to MSA columns:
# 272-298
name=unknown_F
#
# <colnr> <probs for GDERKNQSTAVLIFYWHMCP>
#	G	D	E	R	K	N	Q	S	T	A	V	L	I	F	Y	W	H	M	C	P
0	0.06912	0.09247	0.48153	0.11578	0.05391	0.01264	0.01560	0.01646	0.06614	0.01634	0.00973	0.01147	0.00722	0.00499	0.00468	0.00159	0.00673	0.00391	0.00249	0.00717
1	0.17966	0.08931	0.05829	0.01399	0.01821	0.11421	0.27935	0.06811	0.01215	0.01781	0.00935	0.02459	0.00749	0.00494	0.00496	0.00152	0.02069	0.00443	0.00290	0.06805
2	0.19221	0.09661	0.42421	0.01192	0.01752	0.02855	0.02504	0.01742	0.10902	0.01790	0.01006	0.01113	0.00750	0.00507	0.00442	0.00158	0.00621	0.00376	0.00279	0.00708
3	0.74724	0.00982	0.00855	0.10957	0.01319	0.01150	0.00667	0.01483	0.00893	0.02175	0.00740	0.00902	0.00572	0.00481	0.00343	0.00160	0.00434	0.00301	0.00306	0.00558
4	0.01718	0.00737	0.00996	0.00825	0.01110	0.00648	0.00655	0.01912	0.01402	0.51081	0.20036	0.12495	0.02379	0.00857	0.00555	0.00166	0.00373	0.00734	0.00598	0.00723
5	0.07490	0.01078	0.01133	0.01008	0.01308	0.01229	0.00789	0.02621	0.66711	0.07726	0.01984	0.01824	0.01471	0.00676	0.00507	0.00172	0.00408	0.00553	0.00515	0.00798
6	0.00649	0.00457	0.00588	0.00684	0.00708	0.00433	0.00444	0.00721	0.00936	0.01248	0.02589	0.66181	0.03092	0.17470	0.01041	0.00265	0.00337	0.01318	0.00444	0.00396
7	0.00852	0.00734	0.01147	0.06905	0.06894	0.00728	0.10474	0.01152	0.06437	0.01587	0.16688	0.24878	0.09205	0.04245	0.00685	0.00196	0.00434	0.05796	0.00427	0.00533
8	0.00726	0.00524	0.00686	0.00646	0.00767	0.00484	0.00484	0.00968	0.01452	0.02058	0.78496	0.03833	0.04841	0.01049	0.00605	0.00161	0.00242	0.00928	0.00565	0.00484
9	0.07352	0.09711	0.11622	0.01195	0.01631	0.01469	0.06550	0.34035	0.17083	0.02422	0.01262	0.01292	0.00933	0.00575	0.00486	0.00156	0.00566	0.00454	0.00415	0.00789
10	0.02302	0.00873	0.01191	0.00913	0.01310	0.00754	0.00754	0.02501	0.01469	0.79122	0.02024	0.01746	0.01270	0.00635	0.00516	0.00159	0.00437	0.00516	0.00635	0.00873
11	0.04665	0.07084	0.01852	0.18428	0.39207	0.03612	0.01334	0.14445	0.01340	0.01846	0.00967	0.01224	0.00771	0.00497	0.00488	0.00153	0.00614	0.00434	0.00293	0.00746
12	0.00742	0.00515	0.00650	0.00650	0.00682	0.00547	0.00424	0.00804	0.00773	0.01062	0.01534	0.02898	0.01666	0.55208	0.29098	0.00610	0.00798	0.00679	0.00299	0.00361
13	0.01589	0.13905	0.12851	0.01256	0.01714	0.03342	0.10799	0.29435	0.06941	0.09192	0.03217	0.01322	0.00978	0.00564	0.00495	0.00152	0.00606	0.00462	0.00401	0.00779
14	0.00919	0.06646	0.01147	0.11321	0.12657	0.00815	0.00797	0.02363	0.02490	0.01806	0.39300	0.05954	0.04963	0.00838	0.00543	0.00157	0.00385	0.00736	0.05598	0.00563
15	0.00774	0.00586	0.00807	0.16440	0.01291	0.00601	0.00653	0.01003	0.01233	0.01718	0.36494	0.13819	0.10752	0.01004	0.00571	0.00168	0.00342	0.02214	0.09043	0.00486
16	0.24793	0.01287	0.01293	0.01024	0.01400	0.01439	0.00843	0.52643	0.04256	0.02920	0.01125	0.01157	0.00816	0.00580	0.00457	0.00155	0.00508	0.00416	0.02112	0.00776
17	0.01400	0.00946	0.01305	0.09959	0.14824	0.00905	0.00916	0.08078	0.03564	0.19446	0.10765	0.03884	0.01481	0.00611	0.00498	0.00142	0.00463	0.00525	0.00423	0.19866
18	0.00969	0.00912	0.01539	0.80734	0.03534	0.01140	0.01425	0.01311	0.01026	0.01311	0.00912	0.01368	0.00684	0.00513	0.00513	0.00171	0.00684	0.00456	0.00228	0.00570
19	0.01717	0.01902	0.01448	0.12525	0.01835	0.46248	0.01030	0.15153	0.10090	0.01709	0.01031	0.01152	0.00802	0.00560	0.00485	0.00146	0.00770	0.00399	0.00332	0.00664
20	0.00614	0.00500	0.00544	0.00576	0.00709	0.00430	0.00416	0.00736	0.01125	0.01380	0.06207	0.25895	0.56328	0.01378	0.00620	0.00183	0.00270	0.01182	0.00478	0.00430
21	0.11898	0.00812	0.01059	0.06715	0.01266	0.00918	0.03713	0.11846	0.01094	0.03915	0.01248	0.01795	0.01114	0.10981	0.36486	0.00498	0.03258	0.00515	0.00323	0.00546
22	0.00629	0.00448	0.00594	0.00710	0.00739	0.00419	0.00471	0.00715	0.00975	0.01300	0.02792	0.79307	0.03348	0.03995	0.00713	0.00217	0.00304	0.01438	0.00471	0.00414
23	0.01156	0.01267	0.06493	0.16588	0.07486	0.01226	0.35008	0.01780	0.17567	0.01680	0.01282	0.03908	0.01004	0.00544	0.00559	0.00172	0.00693	0.00576	0.00314	0.00698
24	0.00746	0.00497	0.00560	0.00560	0.00560	0.00497	0.00311	0.00746	0.00746	0.00995	0.01617	0.03358	0.01865	0.81967	0.02612	0.00497	0.00497	0.00746	0.00311	0.00311
25	0.01015	0.04360	0.44560	0.01482	0.04997	0.01093	0.15201	0.01477	0.01149	0.01652	0.11032	0.07046	0.01408	0.00624	0.00532	0.00165	0.00667	0.00565	0.00289	0.00687
26	0.01193	0.02425	0.69276	0.01392	0.02104	0.01135	0.01749	0.01737	0.01133	0.11578	0.01063	0.01168	0.00730	0.00506	0.00491	0.00162	0.00717	0.00397	0.00270	0.00773

[dist]
# distance from previous block
# <min> <max>
0	1

[block]
# block no. 6 follows, 48 sequences, length 46
# corresponding to MSA columns:
# 300-313,323-332,336-357
name=unknown_G
#
# <colnr> <probs for GDERKNQSTAVLIFYWHMCP>
#	G	D	E	R	K	N	Q	S	T	A	V	L	I	F	Y	W	H	M	C	P
0	0.01213	0.00641	0.00790	0.00685	0.00921	0.00555	0.00537	0.01394	0.01343	0.27953	0.22707	0.03574	0.33621	0.01010	0.00575	0.00165	0.00315	0.00851	0.00553	0.00596
1	0.16826	0.01145	0.01432	0.07816	0.09874	0.02661	0.06243	0.17810	0.11602	0.16431	0.02364	0.01401	0.01002	0.00571	0.00486	0.00161	0.00528	0.00467	0.00429	0.00753
2	0.00697	0.00510	0.00651	0.00643	0.00751	0.00468	0.00470	0.00896	0.01326	0.01836	0.56256	0.17655	0.11772	0.02943	0.00658	0.00178	0.00259	0.01033	0.00535	0.00463
3	0.13079	0.05090	0.16012	0.07025	0.03926	0.01230	0.26958	0.05573	0.04608	0.01800	0.00991	0.01207	0.00751	0.00471	0.00491	0.00155	0.00661	0.00450	0.00285	0.09237
4	0.01527	0.20378	0.12232	0.06796	0.01723	0.36843	0.01131	0.02998	0.01229	0.01329	0.00796	0.00979	0.00665	0.00541	0.00564	0.00144	0.08903	0.00347	0.00245	0.00631
5	0.00627	0.00513	0.00553	0.00559	0.00709	0.00439	0.00413	0.00769	0.01194	0.01480	0.16093	0.12534	0.59752	0.01293	0.00611	0.00175	0.00261	0.01097	0.00490	0.00439
6	0.01338	0.01634	0.09424	0.14747	0.23093	0.27500	0.01256	0.01600	0.01212	0.01434	0.02442	0.06919	0.00997	0.00708	0.03368	0.00178	0.00742	0.00489	0.00272	0.00648
7	0.00771	0.00584	0.00622	0.00572	0.00789	0.00481	0.00437	0.00916	0.01180	0.06853	0.04542	0.04323	0.65276	0.01160	0.00577	0.00162	0.00284	0.00964	0.00470	0.09035
8	0.03519	0.01516	0.01518	0.01183	0.01580	0.08377	0.00969	0.69129	0.02300	0.03045	0.01184	0.01198	0.00848	0.00606	0.00505	0.00152	0.00593	0.00447	0.00488	0.00843
9	0.03053	0.10177	0.50603	0.01284	0.03674	0.01169	0.01483	0.01660	0.01113	0.09449	0.01007	0.01121	0.00729	0.00483	0.00458	0.00146	0.00647	0.00373	0.00273	0.11096
10	0.04046	0.07702	0.31481	0.01407	0.01911	0.01189	0.19511	0.09102	0.01221	0.01732	0.01277	0.14634	0.01160	0.00671	0.00529	0.00168	0.00659	0.00612	0.00304	0.00682
11	0.00803	0.00499	0.00666	0.00724	0.00802	0.00459	0.00504	0.00924	0.01095	0.09003	0.13268	0.63027	0.03388	0.01435	0.00634	0.00197	0.00304	0.01293	0.00504	0.00471
12	0.01156	0.01549	0.15653	0.09999	0.02691	0.01264	0.56700	0.01607	0.01171	0.01607	0.01006	0.01332	0.00747	0.00450	0.00576	0.00171	0.00829	0.00552	0.00249	0.00691
13	0.06312	0.00916	0.01173	0.00921	0.01303	0.00850	0.00755	0.04046	0.09959	0.65147	0.01950	0.01709	0.01259	0.00634	0.00507	0.00160	0.00434	0.00510	0.00604	0.00851
14	0.00653	0.00465	0.00596	0.00675	0.00716	0.00437	0.00448	0.00746	0.01001	0.01340	0.10321	0.58368	0.06672	0.13899	0.00949	0.00247	0.00321	0.01279	0.00460	0.00408
15	0.00612	0.00498	0.00542	0.00578	0.00708	0.00428	0.00416	0.00730	0.01113	0.01363	0.04487	0.27960	0.55995	0.01392	0.00621	0.00184	0.00271	0.01196	0.00476	0.00428
16	0.02302	0.00873	0.01191	0.00913	0.01310	0.00754	0.00754	0.02501	0.01469	0.79122	0.02024	0.01746	0.01270	0.00635	0.00516	0.00159	0.00437	0.00516	0.00635	0.00873
17	0.01064	0.00912	0.01064	0.00760	0.01216	0.00684	0.00608	0.01292	0.01064	0.01672	0.00912	0.01064	0.00760	0.00380	0.00380	0.00076	0.00380	0.00304	0.00304	0.85104
18	0.02302	0.00873	0.01191	0.00913	0.01310	0.00754	0.00754	0.02501	0.01469	0.79122	0.02024	0.01746	0.01270	0.00635	0.00516	0.00159	0.00437	0.00516	0.00635	0.00873
19	0.00637	0.00494	0.00575	0.00611	0.00719	0.00438	0.00433	0.00766	0.01134	0.01454	0.16006	0.32015	0.37441	0.04019	0.00689	0.00195	0.00278	0.01181	0.00485	0.00431
20	0.00798	0.00491	0.00655	0.00731	0.00797	0.00453	0.00501	0.00896	0.01026	0.09179	0.02718	0.71719	0.03143	0.03385	0.00687	0.00210	0.00316	0.01347	0.00489	0.00461
21	0.01064	0.00912	0.01064	0.00760	0.01216	0.00684	0.00608	0.01292	0.01064	0.01672	0.00912	0.01064	0.00760	0.00380	0.00380	0.00076	0.00380	0.00304	0.00304	0.85104
22	0.00969	0.00912	0.01539	0.80734	0.03534	0.01140	0.01425	0.01311	0.01026	0.01311	0.00912	0.01368	0.00684	0.00513	0.00513	0.00171	0.00684	0.00456	0.00228	0.00570
23	0.24297	0.01254	0.01256	0.01019	0.01381	0.01413	0.00831	0.42525	0.16440	0.02775	0.01257	0.01256	0.00920	0.00594	0.00462	0.00159	0.00489	0.00435	0.00462	0.00776
24	0.00888	0.00584	0.00690	0.00655	0.00701	0.00604	0.00419	0.08186	0.00900	0.01208	0.01440	0.02759	0.01565	0.55411	0.07150	0.14962	0.00550	0.00655	0.00313	0.00360
25	0.00687	0.00461	0.00595	0.00664	0.00698	0.00435	0.00438	0.00714	0.00912	0.01198	0.02550	0.48547	0.10212	0.13671	0.01175	0.14775	0.00349	0.01141	0.00408	0.00369
26	0.01795	0.01621	0.01428	0.01182	0.01523	0.22293	0.00938	0.43365	0.13475	0.02480	0.01298	0.03972	0.01006	0.00638	0.00506	0.00153	0.00627	0.00479	0.00447	0.00774
27	0.00769	0.00648	0.00958	0.00936	0.00994	0.00711	0.05946	0.00884	0.00952	0.01308	0.02235	0.57445	0.02620	0.04024	0.00920	0.00219	0.16389	0.01175	0.00406	0.00461
28	0.01156	0.01402	0.08698	0.15558	0.02792	0.01262	0.58157	0.01585	0.01169	0.01585	0.01007	0.01358	0.00752	0.00451	0.00581	0.00172	0.00826	0.00562	0.00251	0.00676
29	0.00738	0.00536	0.00591	0.00583	0.00749	0.00458	0.00434	0.00877	0.01191	0.06872	0.10939	0.14411	0.57254	0.01271	0.00606	0.00176	0.00276	0.01078	0.00495	0.00466
30	0.00625	0.00447	0.00595	0.00714	0.00744	0.00417	0.00476	0.00714	0.00982	0.01310	0.02828	0.81633	0.03394	0.01608	0.00655	0.00208	0.00298	0.01459	0.00476	0.00417
31	0.01064	0.01140	0.02386	0.01786	0.02178	0.01070	0.56385	0.01412	0.01160	0.01566	0.01513	0.18956	0.01458	0.00738	0.00622	0.00184	0.00722	0.04722	0.00318	0.00621
32	0.01165	0.00601	0.00740	0.00665	0.00775	0.00572	0.00443	0.01226	0.00944	0.22076	0.01718	0.02874	0.01683	0.57147	0.04899	0.00418	0.00513	0.00677	0.00397	0.00468
33	0.00787	0.00531	0.00613	0.00624	0.00770	0.00461	0.00453	0.00908	0.01132	0.09223	0.04045	0.29528	0.44984	0.02708	0.00647	0.00189	0.00294	0.01142	0.00490	0.00470
34	0.01106	0.01102	0.01859	0.49497	0.20657	0.04097	0.11477	0.01443	0.01099	0.01437	0.00937	0.01331	0.00725	0.00490	0.00522	0.00166	0.00700	0.00471	0.00240	0.00643
35	0.01441	0.01467	0.14521	0.01251	0.01673	0.02757	0.08728	0.17187	0.35868	0.07185	0.01588	0.01557	0.01159	0.00611	0.00521	0.00166	0.00555	0.00517	0.00445	0.00803
36	0.00877	0.00526	0.00630	0.00626	0.00675	0.00506	0.00390	0.00917	0.00873	0.08972	0.01954	0.18944	0.03249	0.56393	0.01977	0.00400	0.00448	0.00871	0.00379	0.00391
37	0.01261	0.04428	0.11267	0.18066	0.32495	0.08413	0.02855	0.01568	0.01123	0.04114	0.00932	0.01222	0.00748	0.00528	0.00617	0.00162	0.08809	0.00433	0.00254	0.00706
38	0.01628	0.00740	0.00987	0.04391	0.01201	0.00665	0.00674	0.01828	0.02529	0.46581	0.06817	0.15660	0.12240	0.00906	0.00556	0.00170	0.00389	0.00772	0.00563	0.00701
39	0.02731	0.01271	0.05147	0.25657	0.06893	0.01240	0.46313	0.01537	0.01143	0.01558	0.00986	0.01352	0.00743	0.00461	0.00563	0.00171	0.00785	0.00539	0.00249	0.00662
40	0.00691	0.00515	0.00614	0.00601	0.00710	0.00473	0.00428	0.00848	0.01205	0.01615	0.38085	0.07294	0.25349	0.16243	0.02892	0.00245	0.00324	0.00952	0.00482	0.00434
41	0.01067	0.00921	0.01087	0.00786	0.01222	0.00724	0.00631	0.01289	0.01052	0.01652	0.00901	0.01067	0.00756	0.00403	0.00438	0.00083	0.03994	0.00310	0.00300	0.81315
42	0.00686	0.00492	0.00639	0.00665	0.00742	0.00458	0.00467	0.00849	0.01214	0.01679	0.42260	0.34353	0.05229	0.06933	0.00765	0.00204	0.00282	0.01126	0.00511	0.00445
43	0.04029	0.01122	0.03214	0.30960	0.05609	0.06720	0.01080	0.10331	0.15383	0.03299	0.11650	0.01732	0.01439	0.00630	0.00516	0.00164	0.00561	0.00528	0.00374	0.00660
44	0.21387	0.09860	0.01389	0.03679	0.01428	0.12464	0.00831	0.24927	0.02785	0.06749	0.01012	0.01081	0.00763	0.00527	0.00428	0.00141	0.00550	0.00369	0.00378	0.09252
45	0.01343	0.00986	0.01279	0.03903	0.01456	0.00867	0.06298	0.05083	0.10134	0.14753	0.01259	0.01319	0.00943	0.00479	0.00447	0.00115	0.00448	0.00406	0.00388	0.48092

[dist]
# distance from previous block
# <min> <max>
1	28

[block]
# block no. 7 follows, 48 sequences, length 22
# corresponding to MSA columns:
# 386-407
name=unknown_H
#
# <colnr> <probs for GDERKNQSTAVLIFYWHMCP>
#	G	D	E	R	K	N	Q	S	T	A	V	L	I	F	Y	W	H	M	C	P
0	0.10894	0.01038	0.03879	0.50576	0.02803	0.01162	0.08396	0.06738	0.01145	0.01642	0.04982	0.01415	0.00908	0.00541	0.00521	0.00169	0.01839	0.00472	0.00279	0.00602
1	0.03243	0.01005	0.01190	0.00951	0.01254	0.01030	0.00757	0.33183	0.01629	0.22032	0.01323	0.01431	0.00968	0.00902	0.00882	0.21703	0.00489	0.00460	0.00456	0.05112
2	0.22510	0.00784	0.00957	0.00799	0.01066	0.00759	0.05972	0.01347	0.01222	0.10956	0.30282	0.04478	0.06437	0.00769	0.00499	0.00154	0.00365	0.00648	0.00454	0.09542
3	0.48190	0.00853	0.00926	0.00815	0.01067	0.00955	0.05994	0.01305	0.00952	0.01945	0.09950	0.01521	0.01254	0.01396	0.20578	0.00329	0.00660	0.00446	0.00331	0.00532
4	0.53953	0.00914	0.00872	0.00749	0.01068	0.00974	0.00609	0.01743	0.01060	0.25228	0.01273	0.07475	0.00993	0.00613	0.00404	0.00163	0.00401	0.00442	0.00425	0.00640
5	0.04851	0.00909	0.06584	0.05155	0.01243	0.00928	0.00841	0.05845	0.01052	0.05666	0.01806	0.38262	0.01965	0.01125	0.00865	0.00199	0.20869	0.00906	0.00385	0.00545
6	0.00773	0.00523	0.00785	0.00785	0.00853	0.00592	0.00592	0.00853	0.00785	0.01115	0.01252	0.01900	0.01183	0.03324	0.60156	0.22207	0.01139	0.00523	0.00262	0.00398
7	0.00877	0.00708	0.00917	0.00894	0.01020	0.00822	0.00687	0.01361	0.20396	0.01457	0.01760	0.15511	0.01677	0.02482	0.41371	0.00517	0.05922	0.00706	0.00369	0.00547
8	0.00709	0.00455	0.00566	0.00655	0.00707	0.00432	0.00446	0.00837	0.01006	0.01463	0.02535	0.61400	0.02866	0.01351	0.00580	0.00186	0.00283	0.01210	0.21882	0.00432
9	0.01572	0.01131	0.01199	0.00977	0.01291	0.01250	0.00788	0.43906	0.16175	0.02695	0.01504	0.01532	0.01115	0.00626	0.00476	0.00149	0.00452	0.00488	0.21911	0.00761
10	0.00773	0.00523	0.00785	0.00785	0.00853	0.00592	0.00592	0.00853	0.00785	0.01115	0.01252	0.01900	0.01183	0.03324	0.60156	0.22207	0.01139	0.00523	0.00262	0.00398
11	0.00720	0.00571	0.00842	0.21018	0.01454	0.00606	0.00718	0.00886	0.01030	0.01369	0.08289	0.55146	0.02820	0.01286	0.00615	0.00195	0.00391	0.01162	0.00420	0.00461
12	0.01250	0.61507	0.02176	0.00825	0.01152	0.01628	0.00768	0.01316	0.00948	0.01127	0.00759	0.01010	0.00718	0.00780	0.00755	0.21673	0.00523	0.00318	0.00220	0.00548
13	0.04321	0.10342	0.10694	0.35776	0.04990	0.14219	0.02159	0.04999	0.01175	0.03406	0.00904	0.01177	0.00697	0.00518	0.00504	0.00156	0.02663	0.00403	0.00259	0.00636
14	0.01662	0.25636	0.03711	0.01124	0.01492	0.25253	0.00954	0.21008	0.11104	0.01864	0.01046	0.01100	0.00827	0.00544	0.00444	0.00137	0.00653	0.00380	0.00345	0.00715
15	0.00781	0.00592	0.00747	0.00804	0.00947	0.00574	0.00672	0.01055	0.05332	0.01585	0.11541	0.05141	0.23288	0.01307	0.00660	0.00208	0.00387	0.43410	0.00486	0.00482
16	0.00709	0.00456	0.00564	0.00650	0.00706	0.00433	0.00444	0.00837	0.01011	0.01465	0.02592	0.59572	0.04658	0.01344	0.00579	0.00185	0.00282	0.01201	0.21882	0.00433
17	0.00637	0.00472	0.00595	0.00668	0.00738	0.00430	0.00462	0.00757	0.01088	0.01437	0.14675	0.55794	0.17436	0.01467	0.00638	0.00195	0.00282	0.01310	0.00490	0.00430
18	0.64153	0.01025	0.00962	0.00845	0.01082	0.01258	0.00700	0.01439	0.00851	0.02031	0.00704	0.00907	0.00586	0.00583	0.00664	0.00175	0.20861	0.00321	0.00294	0.00557
19	0.01030	0.01032	0.01917	0.60793	0.03318	0.01180	0.20581	0.01395	0.01073	0.01395	0.00944	0.01372	0.00708	0.00493	0.00536	0.00172	0.00730	0.00494	0.00236	0.00601
20	0.02093	0.01109	0.01324	0.01026	0.01421	0.01117	0.00844	0.31504	0.07262	0.44147	0.01721	0.01558	0.01137	0.00632	0.00515	0.00158	0.00484	0.00500	0.00580	0.00869
21	0.02427	0.00954	0.01296	0.01154	0.06776	0.00972	0.08977	0.24493	0.01650	0.03421	0.30126	0.07456	0.06410	0.00840	0.00568	0.00163	0.00444	0.00742	0.00481	0.00650

[dist]
# distance from previous block
# <min> <max>
0	3

[block]
# block no. 8 follows, 48 sequences, length 10
# corresponding to MSA columns:
# 411-420
name=unknown_I
#
# <colnr> <probs for GDERKNQSTAVLIFYWHMCP>
#	G	D	E	R	K	N	Q	S	T	A	V	L	I	F	Y	W	H	M	C	P
0	0.55995	0.00912	0.00794	0.00744	0.01005	0.01039	0.00585	0.01570	0.13857	0.02096	0.01329	0.15655	0.01240	0.00718	0.00413	0.00170	0.00380	0.00543	0.00381	0.00574
1	0.00921	0.00712	0.00823	0.00715	0.00947	0.00662	0.00553	0.05583	0.09734	0.03656	0.33446	0.03222	0.21017	0.00923	0.00551	0.00151	0.00311	0.00785	0.00494	0.14793
2	0.01007	0.00560	0.00693	0.00663	0.00745	0.00538	0.00436	0.01067	0.00921	0.15213	0.01882	0.16183	0.01986	0.49745	0.05813	0.00404	0.00497	0.00815	0.00396	0.00438
3	0.00698	0.00518	0.00620	0.00597	0.00710	0.00473	0.00428	0.00867	0.01250	0.01689	0.45380	0.04036	0.23598	0.15776	0.00969	0.00225	0.00293	0.00936	0.00496	0.00439
4	0.00760	0.00513	0.00605	0.00625	0.00644	0.00513	0.00398	0.00800	0.00819	0.01086	0.01802	0.03767	0.02049	0.68399	0.02291	0.00453	0.00493	0.13306	0.00338	0.00338
5	0.17164	0.01044	0.05218	0.00926	0.01201	0.01075	0.00757	0.08728	0.33900	0.02090	0.06227	0.16157	0.01782	0.00821	0.00509	0.00174	0.00409	0.00680	0.00460	0.00676
6	0.01025	0.00935	0.01535	0.41484	0.26969	0.01049	0.01271	0.01293	0.01021	0.01370	0.01057	0.01697	0.00939	0.15253	0.00892	0.00224	0.00626	0.00509	0.00251	0.00600
7	0.01578	0.00902	0.05351	0.00905	0.01183	0.00796	0.00744	0.10171	0.06775	0.33589	0.01834	0.16107	0.01533	0.00999	0.00791	0.14471	0.00443	0.00666	0.00492	0.00670
8	0.01145	0.01190	0.05878	0.01732	0.14780	0.01084	0.29095	0.05486	0.01139	0.01601	0.01102	0.01646	0.00973	0.15237	0.00963	0.00217	0.04419	0.00541	0.00284	0.11490
9	0.05822	0.05554	0.05678	0.03763	0.01337	0.02270	0.00796	0.18843	0.03956	0.05082	0.01510	0.20572	0.01442	0.00773	0.00494	0.00148	0.00458	0.00644	0.00402	0.20458

[dist]
# distance from previous block
# <min> <max>
0	475

# created by:
# /st0/software/busco_prod/Augustus/scripts/msa2prfl.pl ./align_prep/185214.fa
