[name]
unknown

[dist]
# distance from previous block
# <min> <max>
0	1

[block]
# block no. 0 follows, 47 sequences, length 30
# corresponding to MSA columns:
# 3-32
name=unknown_A
#
# <colnr> <probs for GDERKNQSTAVLIFYWHMCP>
#	G	D	E	R	K	N	Q	S	T	A	V	L	I	F	Y	W	H	M	C	P
0	0.00901	0.00646	0.00878	0.00972	0.01108	0.00654	0.00847	0.05151	0.01266	0.01651	0.02676	0.05625	0.02883	0.01395	0.00709	0.00235	0.00485	0.70935	0.00482	0.00501
1	0.02049	0.01348	0.01494	0.01146	0.01560	0.01451	0.00946	0.62377	0.02263	0.17879	0.01406	0.01351	0.00964	0.00629	0.00521	0.00157	0.00548	0.00479	0.00545	0.00886
2	0.20041	0.00934	0.01096	0.00874	0.01232	0.00911	0.00716	0.09826	0.01458	0.46472	0.09659	0.01741	0.01471	0.00652	0.00489	0.00161	0.00427	0.00510	0.00555	0.00775
3	0.01220	0.01189	0.01922	0.26660	0.52797	0.04118	0.01530	0.01535	0.01153	0.01573	0.00957	0.01306	0.00779	0.00484	0.00515	0.00160	0.00654	0.00459	0.00250	0.00742
4	0.00888	0.00458	0.00666	0.00666	0.00666	0.00458	0.00437	0.00687	0.00687	0.00916	0.00987	0.01786	0.01015	0.10705	0.02104	0.75457	0.00458	0.00486	0.00236	0.00236
5	0.00988	0.00914	0.01523	0.63469	0.11117	0.01091	0.01356	0.01320	0.01105	0.01454	0.09533	0.01657	0.01178	0.00575	0.00531	0.00170	0.00636	0.00516	0.00272	0.00595
6	0.02046	0.01004	0.01455	0.09925	0.01738	0.00958	0.07576	0.11056	0.01530	0.54467	0.01746	0.01636	0.01131	0.00610	0.00531	0.00163	0.00525	0.00519	0.00550	0.00836
7	0.09728	0.00660	0.00944	0.00889	0.01048	0.00632	0.08982	0.01076	0.01068	0.08335	0.02531	0.51900	0.07630	0.01270	0.00607	0.00195	0.00387	0.01148	0.00456	0.00511
8	0.01229	0.01405	0.03073	0.02195	0.02722	0.01317	0.76558	0.01668	0.01229	0.01668	0.01054	0.01405	0.00790	0.00439	0.00615	0.00176	0.00878	0.00615	0.00263	0.00702
9	0.01092	0.01074	0.01585	0.25456	0.02043	0.01462	0.01233	0.01277	0.00872	0.01277	0.00757	0.01215	0.00687	0.00792	0.01347	0.00211	0.56360	0.00458	0.00229	0.00572
10	0.00998	0.00941	0.01589	0.76724	0.07195	0.01161	0.01454	0.01343	0.01048	0.01348	0.00928	0.01384	0.00701	0.00518	0.00520	0.00173	0.00691	0.00463	0.00233	0.00590
11	0.01185	0.01169	0.01753	0.01924	0.24848	0.01486	0.01279	0.01358	0.00916	0.01390	0.00774	0.01185	0.00727	0.00775	0.01345	0.00206	0.56337	0.00458	0.00237	0.00647
12	0.01004	0.00950	0.01620	0.71507	0.08652	0.01152	0.03388	0.01346	0.01055	0.01365	0.00972	0.02987	0.00761	0.00537	0.00526	0.00173	0.00686	0.00487	0.00239	0.00596
13	0.00799	0.00522	0.00783	0.00783	0.00844	0.00583	0.00583	0.00844	0.00783	0.01105	0.01228	0.01888	0.01167	0.03192	0.53225	0.29429	0.01074	0.00522	0.00261	0.00384
14	0.01411	0.01093	0.01181	0.01045	0.01351	0.01236	0.00818	0.02742	0.69044	0.10711	0.02112	0.01924	0.01556	0.00700	0.00529	0.00175	0.00416	0.00582	0.00543	0.00831
15	0.00905	0.17061	0.09404	0.00916	0.01150	0.00991	0.00832	0.01131	0.00909	0.01258	0.01213	0.01705	0.01108	0.02857	0.55495	0.00622	0.01162	0.00484	0.00262	0.00538
16	0.04591	0.01414	0.01568	0.01272	0.01607	0.09796	0.08856	0.28832	0.25043	0.02347	0.01380	0.01421	0.01039	0.00641	0.00626	0.00169	0.07684	0.00499	0.00437	0.00778
17	0.11387	0.01026	0.01223	0.00963	0.01342	0.01022	0.00792	0.19689	0.04248	0.46252	0.01689	0.01566	0.01125	0.00781	0.04313	0.00193	0.00514	0.00488	0.00558	0.00828
18	0.00861	0.00588	0.00704	0.00656	0.00828	0.00535	0.00498	0.01119	0.05030	0.08630	0.40812	0.05769	0.29785	0.01111	0.00604	0.00169	0.00279	0.00955	0.00544	0.00523
19	0.02178	0.00655	0.00788	0.00727	0.00895	0.00634	0.00551	0.08973	0.03141	0.05723	0.43717	0.14123	0.13689	0.01093	0.00601	0.00171	0.00306	0.00949	0.00542	0.00544
20	0.00734	0.00495	0.00575	0.00598	0.00604	0.00489	0.00348	0.00751	0.00804	0.01072	0.01878	0.18473	0.02193	0.66224	0.02267	0.00448	0.00466	0.00897	0.00348	0.00336
21	0.01077	0.00922	0.01122	0.09120	0.01465	0.00755	0.00701	0.02875	0.01093	0.01667	0.00958	0.01199	0.00806	0.03309	0.00484	0.00104	0.00426	0.00344	0.00305	0.71268
22	0.01537	0.01227	0.05423	0.01700	0.21470	0.02085	0.09590	0.10083	0.04684	0.18311	0.01278	0.01374	0.00938	0.00521	0.00518	0.00146	0.01561	0.00465	0.00389	0.16699
23	0.01858	0.01234	0.01442	0.01132	0.01478	0.03797	0.02637	0.37592	0.01809	0.22525	0.01377	0.01434	0.00990	0.02537	0.03184	0.00192	0.09785	0.00484	0.00485	0.04028
24	0.00987	0.00704	0.00843	0.00775	0.00885	0.00763	0.00552	0.15490	0.01113	0.01516	0.01513	0.04040	0.01547	0.40713	0.25764	0.00534	0.00787	0.00654	0.00347	0.00473
25	0.00956	0.00728	0.00861	0.00839	0.02214	0.00745	0.00621	0.10288	0.11704	0.02879	0.20142	0.24256	0.14298	0.02424	0.00654	0.00188	0.01504	0.03625	0.00507	0.00566
26	0.01540	0.13326	0.26959	0.08219	0.01897	0.06935	0.03623	0.04583	0.02312	0.22353	0.02606	0.01332	0.00935	0.00549	0.00487	0.00155	0.00639	0.00433	0.00362	0.00755
27	0.01795	0.01277	0.04862	0.18318	0.03979	0.05220	0.01080	0.29262	0.02840	0.24032	0.01377	0.01417	0.00947	0.00595	0.00518	0.00161	0.00589	0.00474	0.00461	0.00797
28	0.00827	0.00506	0.00667	0.00734	0.00811	0.00464	0.00506	0.00929	0.01052	0.09950	0.02841	0.66786	0.06298	0.04078	0.00711	0.00214	0.00323	0.01335	0.00496	0.00472
29	0.01633	0.06674	0.10165	0.01347	0.02723	0.11567	0.13091	0.12180	0.04356	0.18257	0.01242	0.01337	0.00907	0.00669	0.02671	0.00179	0.07728	0.00467	0.00382	0.02422

[dist]
# distance from previous block
# <min> <max>
2	17

[block]
# block no. 1 follows, 47 sequences, length 37
# corresponding to MSA columns:
# 52-88
name=unknown_B
#
# <colnr> <probs for GDERKNQSTAVLIFYWHMCP>
#	G	D	E	R	K	N	Q	S	T	A	V	L	I	F	Y	W	H	M	C	P
0	0.05030	0.02870	0.01087	0.00878	0.01149	0.01063	0.00695	0.27736	0.09588	0.05333	0.03783	0.03289	0.12051	0.09271	0.01802	0.00203	0.01724	0.00613	0.09131	0.02704
1	0.01408	0.01026	0.01212	0.06888	0.03028	0.01066	0.00823	0.26480	0.10766	0.08464	0.07662	0.10953	0.03180	0.02492	0.00575	0.00164	0.00463	0.00638	0.00471	0.12240
2	0.05426	0.09544	0.01603	0.01501	0.18687	0.10253	0.01004	0.08019	0.04220	0.09794	0.02206	0.01255	0.00908	0.00595	0.01722	0.00153	0.07064	0.00414	0.00343	0.15288
3	0.00744	0.00502	0.00569	0.00578	0.00586	0.00497	0.00330	0.00755	0.00788	0.01046	0.01845	0.09225	0.04383	0.73274	0.02440	0.00473	0.00482	0.00821	0.00333	0.00327
4	0.01101	0.00669	0.00877	0.00793	0.00912	0.00711	0.00589	0.01215	0.00982	0.16643	0.04219	0.02647	0.07517	0.29655	0.19514	0.00444	0.09957	0.00663	0.00384	0.00508
5	0.01539	0.02300	0.01415	0.03124	0.05995	0.06128	0.05362	0.23423	0.06134	0.13071	0.07268	0.08978	0.02459	0.00722	0.00558	0.00158	0.02323	0.00604	0.00456	0.07983
6	0.01265	0.05825	0.21850	0.03213	0.06548	0.06970	0.31350	0.05041	0.01239	0.03481	0.01114	0.05956	0.00912	0.00557	0.00571	0.00167	0.02404	0.00546	0.00283	0.00709
7	0.00636	0.00461	0.00597	0.00705	0.00747	0.00426	0.00472	0.00728	0.01007	0.01328	0.03039	0.73217	0.09574	0.03503	0.00708	0.00216	0.00304	0.01432	0.00479	0.00422
8	0.02848	0.01443	0.05367	0.13751	0.18717	0.17436	0.10449	0.07658	0.01324	0.03010	0.04749	0.08488	0.01193	0.00635	0.00533	0.00162	0.00680	0.00563	0.00319	0.00674
9	0.01460	0.03235	0.20191	0.04313	0.01877	0.13381	0.10417	0.07795	0.01256	0.10735	0.01025	0.01219	0.00777	0.00619	0.00790	0.00174	0.19276	0.00446	0.00310	0.00704
10	0.00688	0.00481	0.00584	0.00643	0.00669	0.00461	0.00403	0.00741	0.00901	0.01191	0.02462	0.42017	0.07152	0.37408	0.01550	0.00341	0.00391	0.01135	0.00408	0.00376
11	0.05942	0.00830	0.05429	0.00756	0.01006	0.00728	0.00632	0.04627	0.10959	0.08102	0.23186	0.03424	0.30390	0.00991	0.00568	0.00169	0.00344	0.00828	0.00503	0.00584
12	0.01887	0.01298	0.01459	0.05795	0.01646	0.01418	0.00957	0.53966	0.08569	0.13625	0.01426	0.01437	0.01012	0.02363	0.00568	0.00167	0.00547	0.00493	0.00518	0.00850
13	0.00679	0.00516	0.00761	0.00823	0.00886	0.00484	0.05017	0.00797	0.01020	0.01360	0.02757	0.73313	0.03267	0.01552	0.00664	0.00211	0.00344	0.04638	0.00470	0.00442
14	0.01613	0.06484	0.01441	0.01194	0.03336	0.35923	0.00910	0.08240	0.19859	0.01730	0.01177	0.01231	0.00929	0.00555	0.00469	0.00137	0.00668	0.00403	0.00356	0.13345
15	0.01939	0.01439	0.01540	0.01190	0.01600	0.01596	0.00980	0.72362	0.06866	0.03217	0.01301	0.01291	0.00927	0.00630	0.00521	0.00157	0.00564	0.00476	0.00521	0.00882
16	0.01083	0.00928	0.00977	0.00895	0.01148	0.01022	0.00691	0.02129	0.52893	0.01968	0.07315	0.02869	0.22126	0.00890	0.00557	0.00176	0.00363	0.00744	0.00520	0.00703
17	0.00740	0.00550	0.00811	0.00816	0.00901	0.00632	0.00624	0.00910	0.00840	0.01203	0.01476	0.05727	0.01434	0.08377	0.71522	0.00789	0.01293	0.00612	0.00290	0.00454
18	0.02108	0.07699	0.01483	0.01040	0.01452	0.01233	0.00871	0.34134	0.01865	0.40276	0.01603	0.01474	0.01067	0.00620	0.00507	0.00155	0.00508	0.00480	0.00558	0.00868
19	0.01214	0.01509	0.09220	0.02137	0.02684	0.01308	0.70516	0.01667	0.01219	0.01667	0.01044	0.01380	0.00780	0.00443	0.00605	0.00175	0.00869	0.00596	0.00260	0.00708
20	0.00691	0.00509	0.00647	0.00658	0.00762	0.00465	0.00476	0.00877	0.01299	0.01780	0.46859	0.26361	0.14163	0.01262	0.00629	0.00179	0.00264	0.01118	0.00536	0.00465
21	0.01701	0.06764	0.04161	0.01044	0.01371	0.24666	0.00856	0.10356	0.06728	0.19818	0.06499	0.01842	0.08792	0.00687	0.00505	0.00151	0.00590	0.00526	0.02242	0.00701
22	0.01434	0.01144	0.03143	0.07688	0.01660	0.02880	0.07288	0.10196	0.01219	0.15992	0.03605	0.03219	0.01041	0.00836	0.02943	0.00208	0.33951	0.00521	0.00361	0.00673
23	0.01479	0.00753	0.00959	0.00818	0.01071	0.00704	0.00646	0.04160	0.07004	0.33643	0.23899	0.02930	0.06881	0.07415	0.00739	0.00196	0.00386	0.05077	0.00566	0.00674
24	0.01282	0.01222	0.02038	0.04922	0.71466	0.01239	0.01543	0.01670	0.06303	0.01724	0.01055	0.01335	0.00873	0.00482	0.00517	0.00157	0.00607	0.00472	0.00275	0.00819
25	0.09495	0.13437	0.01834	0.04355	0.29823	0.15126	0.03486	0.01738	0.03492	0.06152	0.00981	0.01160	0.00791	0.00490	0.00458	0.00143	0.00625	0.00399	0.00294	0.05722
26	0.00658	0.00477	0.00608	0.00683	0.00740	0.00441	0.00464	0.00770	0.01073	0.01432	0.14801	0.55993	0.10923	0.07395	0.00798	0.00222	0.00304	0.01305	0.00485	0.00427
27	0.07077	0.00960	0.01199	0.00935	0.01313	0.00909	0.00768	0.14792	0.01614	0.55274	0.08116	0.01804	0.01477	0.00666	0.00519	0.00161	0.00446	0.00535	0.00599	0.00834
28	0.01912	0.06006	0.01472	0.01087	0.01461	0.05924	0.02427	0.38642	0.01880	0.24185	0.01534	0.06840	0.01166	0.02330	0.00563	0.00165	0.00544	0.00543	0.00511	0.00810
29	0.01831	0.01033	0.01223	0.00981	0.01314	0.01049	0.00787	0.30043	0.05217	0.31623	0.06274	0.08248	0.01575	0.05515	0.00665	0.00184	0.00471	0.00622	0.00556	0.00789
30	0.00732	0.00498	0.00594	0.00618	0.00631	0.00499	0.00373	0.00763	0.00811	0.01087	0.01868	0.18837	0.02161	0.60296	0.07655	0.00470	0.00527	0.00887	0.00346	0.00347
31	0.16925	0.00875	0.00891	0.00816	0.01036	0.03886	0.00626	0.12312	0.06870	0.07607	0.09750	0.22881	0.06666	0.00953	0.00526	0.00173	0.00392	0.00795	0.05424	0.00598
32	0.01244	0.08922	0.32346	0.10685	0.09521	0.07369	0.11227	0.06032	0.01209	0.01633	0.00932	0.01165	0.00712	0.00513	0.00556	0.00162	0.04374	0.00426	0.00252	0.00721
33	0.00801	0.00512	0.00651	0.00692	0.00771	0.00472	0.00473	0.00907	0.01070	0.07644	0.11112	0.47459	0.10077	0.13703	0.00947	0.00244	0.00335	0.01198	0.00481	0.00453
34	0.00808	0.00536	0.00711	0.00764	0.00833	0.00525	0.00538	0.00916	0.01049	0.07628	0.06043	0.61940	0.06357	0.03101	0.00751	0.00211	0.05048	0.01288	0.00482	0.00471
35	0.03426	0.01453	0.06173	0.01500	0.13456	0.10145	0.04495	0.30852	0.02861	0.12728	0.04255	0.03885	0.01127	0.00623	0.00522	0.00158	0.00603	0.00510	0.00436	0.00792
36	0.02961	0.08252	0.07874	0.06114	0.10973	0.19050	0.01106	0.20162	0.05674	0.07889	0.01286	0.01364	0.03854	0.00585	0.00492	0.00151	0.00650	0.00448	0.00371	0.00743

[dist]
# distance from previous block
# <min> <max>
1	12

[block]
# block no. 2 follows, 47 sequences, length 34
# corresponding to MSA columns:
# 120-153
name=unknown_C
#
# <colnr> <probs for GDERKNQSTAVLIFYWHMCP>
#	G	D	E	R	K	N	Q	S	T	A	V	L	I	F	Y	W	H	M	C	P
0	0.06315	0.14851	0.23092	0.03162	0.04386	0.01266	0.06623	0.02926	0.03113	0.08819	0.02750	0.01295	0.00906	0.00785	0.06211	0.00204	0.06858	0.00428	0.00302	0.05707
1	0.05612	0.15107	0.05626	0.01060	0.03151	0.03385	0.02452	0.15628	0.05528	0.19319	0.05371	0.02894	0.02405	0.00655	0.00552	0.02186	0.02879	0.00484	0.00429	0.05277
2	0.01400	0.06795	0.05381	0.00931	0.01232	0.01020	0.00780	0.20989	0.05778	0.14046	0.08746	0.13709	0.04519	0.07111	0.00703	0.00190	0.00459	0.01898	0.00477	0.03836
3	0.00907	0.00561	0.00711	0.00685	0.00833	0.00502	0.00508	0.01087	0.01305	0.12262	0.35348	0.22656	0.18250	0.01194	0.00614	0.00177	0.00290	0.01046	0.00544	0.00519
4	0.01521	0.04041	0.01588	0.06508	0.09421	0.04230	0.06815	0.35836	0.04408	0.03869	0.03921	0.11301	0.01341	0.02087	0.00576	0.00170	0.00569	0.00618	0.00432	0.00746
5	0.01215	0.01281	0.17480	0.01215	0.07329	0.00991	0.03704	0.03628	0.21145	0.10754	0.10149	0.05125	0.07427	0.03556	0.00614	0.00180	0.00493	0.00640	0.02363	0.00712
6	0.04117	0.00904	0.01193	0.00923	0.01310	0.00811	0.00760	0.06845	0.01533	0.68546	0.05980	0.01832	0.01439	0.00662	0.00524	0.00161	0.00440	0.00537	0.00626	0.00858
7	0.01398	0.00903	0.01032	0.00877	0.01146	0.00930	0.00693	0.20382	0.13265	0.15193	0.15164	0.08543	0.10464	0.00868	0.00549	0.00165	0.00392	0.00725	0.06614	0.00696
8	0.02875	0.06872	0.07215	0.36252	0.16436	0.01146	0.02493	0.02819	0.01105	0.03564	0.01120	0.07505	0.00972	0.02120	0.00546	0.00168	0.00613	0.00520	0.00279	0.05379
9	0.00691	0.00480	0.00598	0.00657	0.00683	0.00461	0.00418	0.00759	0.00943	0.01267	0.08675	0.44211	0.02957	0.33095	0.01442	0.00323	0.00377	0.01151	0.00425	0.00386
10	0.00745	0.00554	0.00818	0.00818	0.00904	0.00641	0.00627	0.00918	0.00831	0.01195	0.01412	0.02143	0.01344	0.09459	0.74139	0.00813	0.01331	0.00572	0.00282	0.00454
11	0.00652	0.00465	0.00617	0.00721	0.00760	0.00436	0.00488	0.00756	0.01032	0.01384	0.08644	0.70757	0.03495	0.04202	0.00727	0.00218	0.00309	0.03427	0.00485	0.00426
12	0.01069	0.02448	0.66196	0.01559	0.04857	0.01251	0.04554	0.01611	0.01079	0.01614	0.00917	0.01121	0.00672	0.00531	0.00615	0.00171	0.08359	0.00403	0.00224	0.00750
13	0.00640	0.00504	0.00579	0.00612	0.00732	0.00442	0.00439	0.00776	0.01169	0.01486	0.15675	0.29831	0.42502	0.01382	0.00631	0.00186	0.00274	0.01200	0.00497	0.00442
14	0.00649	0.00465	0.00610	0.00722	0.00759	0.00435	0.00489	0.00743	0.01002	0.01328	0.02893	0.71774	0.05952	0.05260	0.00756	0.00225	0.00318	0.04724	0.00476	0.00421
15	0.00752	0.00503	0.00570	0.00575	0.00576	0.00501	0.00323	0.00756	0.00768	0.01024	0.01696	0.06920	0.01963	0.78091	0.02561	0.00492	0.00496	0.00790	0.00323	0.00320
16	0.00678	0.00478	0.00623	0.00713	0.00751	0.00455	0.00484	0.00774	0.01001	0.01339	0.07133	0.57533	0.03235	0.15049	0.01000	0.00260	0.00347	0.07271	0.00460	0.00414
17	0.01071	0.08821	0.73108	0.01438	0.02183	0.01275	0.01844	0.01642	0.01096	0.01616	0.00918	0.01079	0.00660	0.00491	0.00482	0.00161	0.00753	0.00377	0.00220	0.00762
18	0.01945	0.02482	0.01476	0.01342	0.01610	0.79608	0.01006	0.02079	0.01476	0.01275	0.00805	0.00939	0.00671	0.00537	0.00470	0.00134	0.00939	0.00335	0.00268	0.00604
19	0.01980	0.01459	0.01563	0.01198	0.01615	0.01615	0.00990	0.76713	0.02448	0.03282	0.01250	0.01250	0.00886	0.00625	0.00521	0.00156	0.00573	0.00469	0.00521	0.00886
20	0.00942	0.00845	0.01280	0.17600	0.01743	0.03766	0.12083	0.05200	0.02742	0.01523	0.03199	0.39169	0.02199	0.01091	0.00611	0.00192	0.00517	0.04362	0.00394	0.00541
21	0.01084	0.00939	0.01134	0.00810	0.01275	0.00711	0.02698	0.01321	0.01084	0.01696	0.00929	0.01089	0.00772	0.00387	0.00392	0.00080	0.00399	0.00317	0.00307	0.82575
22	0.00633	0.00459	0.00598	0.00710	0.00751	0.00424	0.00477	0.00727	0.01012	0.01335	0.03056	0.75460	0.09222	0.01607	0.00661	0.00209	0.00299	0.01451	0.00483	0.00424
23	0.01139	0.01139	0.01595	0.01367	0.01367	0.01595	0.01139	0.01253	0.00798	0.01253	0.00684	0.01139	0.00684	0.00911	0.01709	0.00228	0.80745	0.00456	0.00228	0.00570
24	0.01116	0.01027	0.01674	0.59144	0.18608	0.01206	0.01444	0.06766	0.01171	0.01545	0.00960	0.01358	0.00734	0.00517	0.00520	0.00168	0.00670	0.00463	0.00257	0.00650
25	0.12781	0.01072	0.01132	0.01017	0.01288	0.01249	0.00805	0.02397	0.55845	0.03951	0.03059	0.01900	0.01480	0.00721	0.00594	0.00180	0.06146	0.03147	0.00482	0.00755
26	0.00643	0.00459	0.00605	0.00713	0.00748	0.00429	0.00476	0.00736	0.01009	0.01347	0.05638	0.74283	0.04718	0.04604	0.00736	0.00220	0.00307	0.01427	0.00480	0.00422
27	0.00697	0.00500	0.00626	0.00668	0.00763	0.00453	0.00473	0.00841	0.01178	0.03324	0.23678	0.42172	0.19931	0.01389	0.00637	0.00190	0.00282	0.01231	0.00511	0.00456
28	0.04134	0.01320	0.01416	0.01109	0.01496	0.01444	0.00910	0.59108	0.08057	0.07529	0.01638	0.01592	0.06477	0.00678	0.00523	0.00160	0.00526	0.00521	0.00521	0.00840
29	0.01359	0.00831	0.01013	0.00829	0.01124	0.00776	0.00657	0.09151	0.08212	0.20975	0.30365	0.02479	0.04175	0.00776	0.00536	0.00149	0.00366	0.00656	0.00535	0.15038
30	0.00758	0.00489	0.00647	0.00731	0.00795	0.00450	0.00501	0.00862	0.01052	0.06883	0.04911	0.70929	0.05951	0.01535	0.00652	0.00205	0.00309	0.01384	0.00497	0.00458
31	0.08795	0.00883	0.01033	0.00840	0.01161	0.00854	0.00678	0.12753	0.04366	0.33384	0.10182	0.02247	0.11366	0.00750	0.00514	0.00158	0.00400	0.00606	0.05549	0.03482
32	0.01235	0.01185	0.02001	0.14570	0.62738	0.01247	0.01548	0.01538	0.01141	0.01620	0.00954	0.01295	0.00797	0.00499	0.00587	0.00162	0.05396	0.00463	0.00252	0.00773
33	0.03270	0.00884	0.02798	0.00839	0.01080	0.02490	0.00666	0.09570	0.16669	0.10678	0.11262	0.13796	0.02019	0.00827	0.00512	0.00160	0.00379	0.00696	0.17830	0.03576

[dist]
# distance from previous block
# <min> <max>
2	27

[block]
# block no. 3 follows, 47 sequences, length 17
# corresponding to MSA columns:
# 181-188,195-203
name=unknown_D
#
# <colnr> <probs for GDERKNQSTAVLIFYWHMCP>
#	G	D	E	R	K	N	Q	S	T	A	V	L	I	F	Y	W	H	M	C	P
0	0.00816	0.00587	0.00759	0.06209	0.00897	0.00650	0.00515	0.00858	0.00798	0.01095	0.01475	0.05696	0.01619	0.50749	0.09562	0.07088	0.07490	0.00690	0.02077	0.00370
1	0.01197	0.01113	0.01854	0.09255	0.07909	0.01238	0.21877	0.09351	0.01176	0.02975	0.01176	0.07544	0.01071	0.06372	0.02376	0.00221	0.20481	0.00604	0.01576	0.00634
2	0.03890	0.05077	0.08999	0.01070	0.01484	0.02794	0.00947	0.34502	0.06303	0.11494	0.07324	0.01506	0.01242	0.00674	0.01897	0.00161	0.00540	0.00481	0.00461	0.09153
3	0.00815	0.00588	0.00786	0.00877	0.06891	0.00537	0.00578	0.00960	0.01169	0.04484	0.21634	0.28564	0.16664	0.01257	0.00709	0.06045	0.00329	0.02266	0.00468	0.04379
4	0.00634	0.00503	0.00571	0.00607	0.00728	0.00439	0.00435	0.00764	0.01154	0.01452	0.12069	0.30303	0.45709	0.01396	0.00632	0.00186	0.00275	0.01210	0.00493	0.00439
5	0.19057	0.05545	0.05918	0.02662	0.01465	0.01166	0.05774	0.19544	0.01492	0.23482	0.02532	0.01380	0.00989	0.00575	0.00466	0.00156	0.00508	0.00448	0.06091	0.00750
6	0.18810	0.11795	0.11287	0.04554	0.03878	0.08100	0.01008	0.13588	0.15763	0.04718	0.01166	0.01224	0.00881	0.00556	0.00450	0.00155	0.00564	0.00408	0.00368	0.00726
7	0.01291	0.00718	0.00816	0.06190	0.01058	0.00745	0.00585	0.13430	0.01351	0.11030	0.01615	0.01773	0.01213	0.00608	0.00418	0.00135	0.00350	0.00486	0.55584	0.00602
8	0.00730	0.00501	0.00578	0.00595	0.00614	0.00493	0.00354	0.00757	0.00823	0.01088	0.02058	0.14378	0.07383	0.62761	0.04385	0.00450	0.00485	0.00877	0.00350	0.00343
9	0.05513	0.01084	0.01383	0.35863	0.04269	0.10835	0.03913	0.01596	0.03072	0.12889	0.07430	0.07306	0.01336	0.00662	0.00526	0.00168	0.00607	0.00567	0.00356	0.00625
10	0.01351	0.06352	0.18061	0.09420	0.06804	0.01123	0.03202	0.09150	0.09860	0.14093	0.03410	0.08820	0.02212	0.00708	0.00530	0.00169	0.00560	0.03042	0.00401	0.00731
11	0.00665	0.00462	0.00596	0.00695	0.00742	0.00432	0.00471	0.00776	0.01034	0.01415	0.06290	0.68352	0.06548	0.01512	0.00637	0.00201	0.00293	0.01362	0.07086	0.00432
12	0.00923	0.00489	0.00520	0.00534	0.00647	0.00484	0.00399	0.01151	0.01104	0.01874	0.05314	0.09878	0.01764	0.00758	0.00418	0.00136	0.00257	0.03401	0.69470	0.00479
13	0.02882	0.11870	0.39467	0.04435	0.06483	0.03432	0.06687	0.01523	0.01075	0.01530	0.01039	0.07401	0.00900	0.00614	0.00612	0.00168	0.08454	0.00485	0.00251	0.00693
14	0.02713	0.14009	0.55529	0.01450	0.05554	0.08934	0.01647	0.01673	0.01130	0.01567	0.00890	0.01050	0.00668	0.00490	0.00467	0.00154	0.00742	0.00366	0.00229	0.00738
15	0.00928	0.00848	0.00972	0.00939	0.01049	0.10989	0.00731	0.01102	0.00917	0.01221	0.01269	0.01839	0.01177	0.03260	0.63948	0.00703	0.06821	0.00522	0.00274	0.00490
16	0.49033	0.01094	0.01107	0.04712	0.01327	0.01265	0.02722	0.16417	0.01234	0.04417	0.02195	0.01094	0.00760	0.00570	0.00524	0.00167	0.08248	0.00375	0.02099	0.00639

[dist]
# distance from previous block
# <min> <max>
2	10

[block]
# block no. 4 follows, 47 sequences, length 44
# corresponding to MSA columns:
# 216,240-266,269-284
name=unknown_E
#
# <colnr> <probs for GDERKNQSTAVLIFYWHMCP>
#	G	D	E	R	K	N	Q	S	T	A	V	L	I	F	Y	W	H	M	C	P
0	0.01187	0.01164	0.01795	0.36927	0.38097	0.05903	0.01460	0.01499	0.01136	0.01513	0.00943	0.01304	0.00756	0.00490	0.00510	0.00159	0.00663	0.00450	0.00249	0.03796
1	0.01039	0.00950	0.01581	0.64368	0.08983	0.01136	0.03288	0.04043	0.01092	0.01417	0.01012	0.01443	0.01944	0.00597	0.00602	0.04520	0.00670	0.00476	0.00248	0.00591
2	0.00754	0.00503	0.00569	0.00572	0.00573	0.00503	0.00320	0.00756	0.00764	0.01019	0.01675	0.05595	0.01937	0.79451	0.02595	0.00497	0.00499	0.00778	0.00320	0.00319
3	0.01416	0.00750	0.00895	0.00793	0.01017	0.00737	0.00615	0.12746	0.03328	0.22944	0.02046	0.21519	0.01809	0.00888	0.00515	0.00163	0.00369	0.01850	0.24951	0.00647
4	0.00776	0.00567	0.00716	0.00702	0.00826	0.00537	0.00525	0.04789	0.01393	0.01918	0.49685	0.19147	0.10267	0.01193	0.00625	0.00178	0.00287	0.04836	0.00541	0.00493
5	0.01624	0.01156	0.01279	0.01017	0.01344	0.01244	0.00825	0.51162	0.02104	0.05510	0.21521	0.01991	0.01977	0.00741	0.00539	0.00157	0.00469	0.00596	0.03980	0.00766
6	0.23171	0.00947	0.01353	0.59476	0.02909	0.01160	0.01214	0.01383	0.01001	0.01595	0.00873	0.01246	0.00660	0.00511	0.00468	0.00170	0.00618	0.00415	0.00255	0.00575
7	0.01322	0.00688	0.00907	0.00782	0.01009	0.00630	0.00619	0.04334	0.01502	0.27697	0.46039	0.03187	0.03456	0.00927	0.00586	0.00167	0.00336	0.04585	0.00590	0.00637
8	0.03302	0.00858	0.01115	0.00891	0.01240	0.00784	0.00724	0.02300	0.09521	0.57640	0.11717	0.02133	0.03925	0.00720	0.00535	0.00164	0.00409	0.00596	0.00614	0.00812
9	0.01015	0.00674	0.00829	0.00829	0.00960	0.00672	0.00600	0.15071	0.01306	0.07577	0.02505	0.60337	0.02802	0.01368	0.00627	0.00197	0.00363	0.01219	0.00503	0.00545
10	0.01907	0.01423	0.01522	0.01184	0.01587	0.01581	0.00972	0.68883	0.10397	0.03165	0.01342	0.01324	0.00960	0.00634	0.00522	0.00158	0.00556	0.00482	0.00522	0.00879
11	0.00686	0.00506	0.00648	0.00709	0.00798	0.00468	0.00522	0.00843	0.01176	0.01564	0.22106	0.38920	0.15851	0.01412	0.00652	0.00198	0.00307	0.11678	0.00505	0.00451
12	0.00959	0.00656	0.00809	0.00822	0.00997	0.00630	0.00678	0.07190	0.01302	0.07497	0.03379	0.11118	0.26278	0.01291	0.00651	0.00205	0.00402	0.34113	0.00497	0.00526
13	0.59552	0.01137	0.00979	0.00835	0.01174	0.02655	0.00682	0.17450	0.07438	0.02504	0.00950	0.01022	0.00717	0.00532	0.00383	0.00161	0.00449	0.00347	0.00380	0.00653
14	0.01087	0.00683	0.00893	0.00878	0.01044	0.00706	0.00699	0.04775	0.08156	0.12422	0.02176	0.17978	0.02132	0.01811	0.19533	0.00351	0.00647	0.18953	0.04506	0.00573
15	0.01143	0.00989	0.01306	0.00936	0.01403	0.00785	0.08672	0.03295	0.01139	0.03245	0.00970	0.01132	0.00786	0.00402	0.00416	0.00091	0.00444	0.00349	0.00316	0.72181
16	0.01223	0.01186	0.02101	0.02761	0.58312	0.01172	0.13232	0.01520	0.01147	0.01623	0.01061	0.01531	0.00933	0.09063	0.00757	0.00195	0.00647	0.00519	0.00265	0.00752
17	0.00767	0.00628	0.00940	0.00888	0.01039	0.00560	0.08561	0.00917	0.01035	0.01423	0.02373	0.60287	0.02744	0.01310	0.00616	0.00187	0.00376	0.01205	0.00433	0.13714
18	0.67769	0.03948	0.00858	0.00693	0.01024	0.01104	0.00572	0.01460	0.00937	0.02177	0.02113	0.01129	0.04642	0.00523	0.00349	0.00151	0.00397	0.00336	0.00329	0.09490
19	0.00726	0.00522	0.00674	0.00684	0.00744	0.00542	0.00473	0.00832	0.00900	0.01229	0.07789	0.11342	0.08266	0.32752	0.29659	0.00540	0.00763	0.00804	0.00353	0.00404
20	0.00645	0.00461	0.00616	0.00737	0.00772	0.00432	0.00502	0.00743	0.01007	0.01341	0.02864	0.77482	0.03421	0.01622	0.00667	0.00213	0.00311	0.05253	0.00483	0.00426
21	0.01448	0.06892	0.01377	0.01364	0.15973	0.17735	0.00903	0.01668	0.01385	0.16055	0.25051	0.02208	0.02194	0.00725	0.00531	0.00154	0.00531	0.02708	0.00434	0.00665
22	0.12238	0.29485	0.25391	0.01100	0.01617	0.02752	0.03887	0.01598	0.01073	0.04421	0.00871	0.01007	0.00691	0.00479	0.00441	0.00138	0.02599	0.00341	0.00262	0.09609
23	0.00972	0.00656	0.00788	0.00715	0.00905	0.00625	0.00549	0.02517	0.10678	0.10278	0.43733	0.03624	0.19876	0.01023	0.00593	0.00168	0.00296	0.00880	0.00556	0.00570
24	0.00890	0.00612	0.00754	0.00717	0.00874	0.00584	0.00541	0.01226	0.09420	0.07721	0.43096	0.13973	0.13837	0.01111	0.00607	0.00174	0.00293	0.02480	0.00548	0.00540
25	0.01110	0.08822	0.53266	0.07707	0.13714	0.01282	0.03782	0.01611	0.01108	0.01599	0.00927	0.01136	0.00691	0.00487	0.00490	0.00160	0.00727	0.00400	0.00228	0.00753
26	0.01085	0.15333	0.19044	0.11811	0.16269	0.03874	0.02561	0.01392	0.01115	0.01477	0.03442	0.10060	0.07418	0.02277	0.00549	0.00166	0.00593	0.00589	0.00292	0.00651
27	0.02704	0.00713	0.00737	0.00652	0.00846	0.00747	0.00511	0.17568	0.01389	0.03737	0.01592	0.01769	0.01223	0.00609	0.00400	0.00130	0.00321	0.00479	0.63290	0.00581
28	0.03512	0.00921	0.01162	0.00927	0.01271	0.00872	0.00751	0.15744	0.01612	0.49315	0.09895	0.08334	0.01755	0.00762	0.00540	0.00165	0.00434	0.00630	0.00595	0.00801
29	0.00956	0.01034	0.09223	0.00841	0.01075	0.10284	0.00713	0.01209	0.02466	0.02876	0.31513	0.14819	0.10293	0.00973	0.00564	0.00161	0.00413	0.00832	0.02813	0.06938
30	0.00691	0.00505	0.00640	0.00695	0.00773	0.00470	0.00485	0.02548	0.01166	0.01566	0.21676	0.51017	0.11824	0.02554	0.00671	0.00199	0.00293	0.01273	0.00504	0.00451
31	0.00800	0.00599	0.00709	0.00687	0.00837	0.00571	0.00523	0.01109	0.08560	0.03329	0.34352	0.04151	0.25155	0.07672	0.00781	0.00204	0.00316	0.08629	0.00514	0.00501
32	0.12202	0.00959	0.01153	0.00915	0.01290	0.02145	0.00749	0.05596	0.07612	0.56860	0.01836	0.01643	0.01200	0.00627	0.00495	0.00161	0.00444	0.00493	0.02792	0.00827
33	0.03056	0.00703	0.01058	0.12918	0.01434	0.00740	0.06488	0.04957	0.01085	0.02977	0.02003	0.36922	0.02184	0.01283	0.01764	0.08912	0.02302	0.08325	0.00395	0.00494
34	0.01516	0.55037	0.10503	0.01015	0.01476	0.07573	0.01007	0.07776	0.01239	0.07331	0.00896	0.00976	0.00732	0.00487	0.00391	0.00126	0.00600	0.00328	0.00282	0.00708
35	0.01172	0.00635	0.00813	0.00726	0.00931	0.00569	0.00559	0.01393	0.02805	0.23739	0.35068	0.11640	0.15771	0.01040	0.00592	0.00170	0.00314	0.00899	0.00568	0.00594
36	0.00958	0.00568	0.00694	0.00639	0.00790	0.00538	0.00487	0.03060	0.01386	0.07871	0.47767	0.03085	0.03475	0.00886	0.00531	0.00151	0.00268	0.00763	0.25555	0.00529
37	0.10183	0.08218	0.01274	0.10554	0.01457	0.04024	0.00830	0.15779	0.02562	0.05913	0.04251	0.14237	0.01461	0.06594	0.03767	0.00220	0.07044	0.00632	0.00384	0.00614
38	0.53829	0.13729	0.01171	0.00791	0.01119	0.01304	0.00673	0.09944	0.01084	0.02149	0.00855	0.01017	0.00695	0.00856	0.08746	0.00224	0.00551	0.00332	0.00324	0.00606
39	0.00651	0.00477	0.00611	0.00686	0.00753	0.00438	0.00473	0.00775	0.01109	0.01478	0.16881	0.57161	0.13617	0.01487	0.00649	0.00198	0.00287	0.01332	0.00500	0.00438
40	0.07127	0.14498	0.03069	0.01371	0.08028	0.21167	0.06730	0.14745	0.02917	0.11176	0.01072	0.01164	0.00815	0.00549	0.00513	0.00149	0.03420	0.00410	0.00355	0.00726
41	0.30184	0.01023	0.03152	0.02205	0.01223	0.01073	0.00741	0.19574	0.01353	0.11750	0.05096	0.01431	0.01074	0.01077	0.09867	0.07107	0.00576	0.00443	0.00406	0.00644
42	0.00916	0.00587	0.00755	0.00693	0.00852	0.00543	0.00526	0.01188	0.04060	0.10156	0.61251	0.06075	0.08292	0.01039	0.00603	0.00166	0.00275	0.00911	0.00572	0.00540
43	0.00802	0.00617	0.00739	0.00742	0.00877	0.00610	0.00551	0.02881	0.12232	0.01770	0.27856	0.26799	0.15274	0.01230	0.00620	0.00185	0.00309	0.04865	0.00520	0.00519

[dist]
# distance from previous block
# <min> <max>
0	7

[block]
# block no. 5 follows, 47 sequences, length 31
# corresponding to MSA columns:
# 321-351
name=unknown_F
#
# <colnr> <probs for GDERKNQSTAVLIFYWHMCP>
#	G	D	E	R	K	N	Q	S	T	A	V	L	I	F	Y	W	H	M	C	P
0	0.14472	0.04299	0.03668	0.15302	0.01788	0.01243	0.00960	0.27604	0.01605	0.19236	0.01275	0.01332	0.00892	0.00578	0.00478	0.00158	0.00534	0.00442	0.03378	0.00756
1	0.01012	0.00964	0.01568	0.66208	0.03187	0.01236	0.01391	0.01317	0.00997	0.01317	0.00882	0.01344	0.00692	0.00591	0.00735	0.00183	0.15108	0.00462	0.00231	0.00577
2	0.01003	0.00838	0.00994	0.00749	0.01135	0.00648	0.00590	0.01232	0.01148	0.01755	0.14903	0.04376	0.01610	0.00551	0.00437	0.00097	0.00358	0.00463	0.00362	0.66751
3	0.01595	0.01202	0.01335	0.01082	0.01444	0.01273	0.00896	0.47035	0.06727	0.02662	0.01527	0.02101	0.01293	0.00740	0.00537	0.00161	0.00518	0.13862	0.00482	0.13529
4	0.01242	0.01022	0.01167	0.00848	0.01303	0.00860	0.00684	0.14888	0.01326	0.01982	0.00984	0.01111	0.00792	0.00429	0.00410	0.00091	0.00419	0.00337	0.00347	0.69757
5	0.01222	0.00887	0.00910	0.00816	0.01053	0.07745	0.00637	0.04176	0.12151	0.15647	0.17839	0.03322	0.26088	0.00973	0.00575	0.00170	0.00395	0.04261	0.00519	0.00617
6	0.00814	0.00602	0.00743	0.00696	0.00845	0.00581	0.00525	0.01185	0.09972	0.03254	0.61348	0.05142	0.10195	0.01048	0.00604	0.00167	0.00270	0.00918	0.00561	0.00530
7	0.00826	0.00592	0.00822	0.00940	0.01057	0.00588	0.00814	0.01057	0.01190	0.01545	0.02816	0.09128	0.04620	0.01444	0.00715	0.00237	0.00467	0.70186	0.00480	0.00476
8	0.01107	0.16976	0.65267	0.01377	0.02089	0.01363	0.01738	0.01633	0.01092	0.01573	0.00897	0.01052	0.00661	0.00486	0.00466	0.00155	0.00731	0.00366	0.00220	0.00751
9	0.01191	0.08889	0.21372	0.03691	0.04103	0.01361	0.45710	0.01630	0.01162	0.01603	0.00978	0.01268	0.00742	0.00472	0.00594	0.00169	0.03589	0.00517	0.00247	0.00711
10	0.01078	0.00532	0.00554	0.00529	0.00674	0.00528	0.00403	0.02943	0.01147	0.06795	0.01711	0.01916	0.01322	0.00609	0.00377	0.00125	0.00262	0.00487	0.77488	0.00519
11	0.01257	0.01446	0.03012	0.02162	0.02679	0.04310	0.73670	0.01684	0.01239	0.01653	0.01044	0.01387	0.00786	0.00443	0.00609	0.00174	0.00880	0.00604	0.00264	0.00699
12	0.01170	0.18452	0.58969	0.01357	0.02031	0.06299	0.01661	0.01658	0.01115	0.01541	0.00885	0.01037	0.00662	0.00488	0.00461	0.00152	0.00738	0.00361	0.00224	0.00739
13	0.05125	0.00902	0.01201	0.00924	0.01324	0.00796	0.00763	0.03965	0.01489	0.74748	0.01994	0.01731	0.01257	0.00639	0.00517	0.00161	0.00444	0.00514	0.00631	0.00875
14	0.00689	0.00493	0.00665	0.00771	0.00830	0.00469	0.00564	0.00827	0.01085	0.01448	0.09567	0.57535	0.03475	0.01538	0.00672	0.00214	0.00337	0.17888	0.00491	0.00442
15	0.09424	0.01418	0.01492	0.01152	0.01561	0.01575	0.00952	0.70002	0.02309	0.03198	0.01203	0.01214	0.00857	0.00612	0.00503	0.00157	0.00558	0.00452	0.00503	0.00857
16	0.01370	0.00706	0.00779	0.00673	0.00890	0.00708	0.00531	0.12930	0.01370	0.15986	0.01695	0.01806	0.01258	0.00616	0.00417	0.00134	0.00329	0.00490	0.56693	0.00618
17	0.00810	0.00590	0.00742	0.00803	0.00903	0.00580	0.00599	0.08441	0.01200	0.01579	0.02889	0.51487	0.09461	0.01465	0.00657	0.00209	0.00362	0.16253	0.00486	0.00482
18	0.00746	0.00548	0.00789	0.00789	0.00865	0.00625	0.00591	0.00899	0.00823	0.01173	0.01439	0.02291	0.01408	0.17913	0.65773	0.00777	0.01235	0.00594	0.00286	0.00438
19	0.00746	0.00548	0.00789	0.00789	0.00865	0.00625	0.00591	0.00899	0.00823	0.01173	0.01439	0.02291	0.01408	0.17913	0.65773	0.00777	0.01235	0.00594	0.00286	0.00438
20	0.00644	0.00460	0.00612	0.00719	0.00757	0.00429	0.00484	0.00748	0.01040	0.01397	0.09593	0.74443	0.03575	0.01581	0.00660	0.00207	0.00297	0.01432	0.00491	0.00429
21	0.00757	0.00631	0.01044	0.00970	0.01086	0.00594	0.14160	0.00899	0.01009	0.01350	0.02388	0.57109	0.02770	0.11538	0.00907	0.00242	0.00431	0.01233	0.00423	0.00460
22	0.01176	0.01379	0.06357	0.16252	0.02856	0.01283	0.59538	0.01606	0.01189	0.01606	0.01025	0.01388	0.00767	0.00456	0.00592	0.00175	0.00840	0.00576	0.00256	0.00683
23	0.01094	0.01365	0.15730	0.36510	0.20294	0.01234	0.06254	0.01464	0.01075	0.01487	0.00926	0.01292	0.00723	0.00533	0.00627	0.00173	0.07848	0.00458	0.00237	0.00677
24	0.00762	0.00524	0.00667	0.00667	0.00708	0.00560	0.00446	0.00844	0.00803	0.01127	0.01550	0.02822	0.01643	0.48370	0.31947	0.00615	0.00833	0.00669	0.04065	0.00380
25	0.16275	0.00929	0.01015	0.00758	0.01185	0.00775	0.00608	0.01363	0.01052	0.03414	0.00956	0.02844	0.00804	0.00436	0.00383	0.00097	0.00388	0.00334	0.00322	0.66061
26	0.02933	0.06159	0.21764	0.01182	0.01572	0.01305	0.01150	0.24563	0.04049	0.04859	0.01333	0.12073	0.01178	0.01828	0.00709	0.00179	0.11484	0.00577	0.00378	0.00722
27	0.01203	0.01220	0.03958	0.12392	0.42976	0.01209	0.14959	0.01643	0.07986	0.01676	0.01288	0.01550	0.04492	0.00529	0.00539	0.00164	0.00644	0.00530	0.00289	0.00752
28	0.00766	0.00519	0.00619	0.00646	0.00669	0.00518	0.00418	0.00814	0.00848	0.01124	0.01899	0.07503	0.02165	0.63497	0.02210	0.00443	0.00491	0.14149	0.00353	0.00350
29	0.04228	0.00957	0.02850	0.09349	0.12806	0.02658	0.02070	0.10065	0.09862	0.02661	0.08533	0.18409	0.08709	0.01008	0.03309	0.00198	0.00500	0.00780	0.00417	0.00632
30	0.31372	0.14550	0.09535	0.01004	0.03217	0.17331	0.00877	0.03322	0.01152	0.03590	0.04492	0.01134	0.00889	0.00530	0.00402	0.00146	0.00570	0.00359	0.04903	0.00624

[dist]
# distance from previous block
# <min> <max>
2	80

[block]
# block no. 6 follows, 47 sequences, length 41
# corresponding to MSA columns:
# 432-440,442-473
name=unknown_G
#
# <colnr> <probs for GDERKNQSTAVLIFYWHMCP>
#	G	D	E	R	K	N	Q	S	T	A	V	L	I	F	Y	W	H	M	C	P
0	0.08227	0.04781	0.02961	0.01222	0.08547	0.17160	0.00898	0.18740	0.07660	0.03486	0.11267	0.01572	0.01404	0.00621	0.00484	0.00147	0.00557	0.00481	0.04315	0.05471
1	0.00734	0.00542	0.00666	0.00643	0.00759	0.00507	0.00466	0.00963	0.03692	0.01819	0.51757	0.08324	0.14965	0.10853	0.00860	0.00210	0.00288	0.00962	0.00523	0.00469
2	0.00796	0.00563	0.00730	0.00780	0.00851	0.00575	0.00580	0.03798	0.01020	0.01361	0.02216	0.23170	0.02473	0.24971	0.12163	0.00389	0.00573	0.22152	0.00407	0.00432
3	0.13637	0.05625	0.44470	0.10738	0.11125	0.02668	0.01565	0.01592	0.01076	0.01695	0.00896	0.01103	0.00669	0.00491	0.00467	0.00161	0.00682	0.00382	0.00242	0.00716
4	0.08705	0.00988	0.01210	0.17170	0.03519	0.03412	0.00936	0.13779	0.03546	0.13443	0.01938	0.02465	0.10296	0.00807	0.00598	0.00179	0.04203	0.11726	0.00426	0.00655
5	0.00954	0.00647	0.00737	0.00664	0.00870	0.00589	0.00513	0.07368	0.01407	0.10329	0.25019	0.04024	0.42685	0.01115	0.00597	0.00169	0.00304	0.00939	0.00530	0.00541
6	0.00703	0.00510	0.00652	0.00670	0.00761	0.00473	0.00481	0.00877	0.01250	0.01714	0.42005	0.26103	0.10320	0.07275	0.00785	0.00207	0.00292	0.03952	0.00517	0.00454
7	0.10304	0.04137	0.01296	0.16697	0.05340	0.01162	0.00923	0.14233	0.14795	0.08358	0.06585	0.03224	0.05711	0.02643	0.00584	0.00175	0.02167	0.00557	0.00420	0.00689
8	0.01203	0.00900	0.01001	0.00893	0.01131	0.02348	0.00691	0.07807	0.31874	0.08570	0.26299	0.07115	0.06191	0.00886	0.00566	0.00171	0.00371	0.00755	0.00543	0.00684
9	0.00748	0.00596	0.00818	0.00749	0.00917	0.00532	0.06727	0.00933	0.01249	0.03490	0.26197	0.18296	0.34367	0.01211	0.00622	0.00178	0.00320	0.01068	0.00496	0.00485
10	0.00648	0.00478	0.00609	0.00698	0.00763	0.00439	0.00485	0.00763	0.01072	0.01408	0.08806	0.59807	0.15783	0.01530	0.00655	0.00203	0.00300	0.04630	0.00490	0.00433
11	0.11059	0.13397	0.01622	0.01092	0.01491	0.04046	0.00919	0.50473	0.06541	0.02743	0.01152	0.01176	0.00853	0.00585	0.00470	0.00151	0.00554	0.00423	0.00447	0.00805
12	0.00679	0.00522	0.00620	0.00612	0.00746	0.00464	0.00453	0.00864	0.01313	0.01743	0.41837	0.12114	0.33708	0.01222	0.00620	0.00173	0.00258	0.01058	0.00529	0.00464
13	0.00645	0.00461	0.00617	0.00737	0.00772	0.00432	0.00502	0.00744	0.01008	0.01341	0.02864	0.77390	0.03421	0.01621	0.00668	0.00213	0.00311	0.05342	0.00483	0.00426
14	0.05714	0.01258	0.02197	0.04694	0.55114	0.01260	0.16129	0.04212	0.01219	0.01774	0.00989	0.01289	0.00803	0.00467	0.00525	0.00160	0.00658	0.00484	0.00271	0.00783
15	0.01882	0.01403	0.01504	0.01174	0.01571	0.01558	0.00962	0.67632	0.10029	0.03129	0.01372	0.02991	0.01010	0.00654	0.00525	0.00160	0.00551	0.00502	0.00521	0.00870
16	0.09353	0.05590	0.10966	0.01071	0.01474	0.01266	0.02317	0.32561	0.05542	0.05523	0.05589	0.06419	0.02390	0.00684	0.00502	0.00158	0.00521	0.01833	0.00437	0.05807
17	0.04496	0.00985	0.01216	0.00961	0.01335	0.00955	0.00785	0.13599	0.11030	0.51377	0.06217	0.01808	0.01450	0.00668	0.00523	0.00162	0.00446	0.00540	0.00598	0.00847
18	0.00733	0.00495	0.00575	0.00599	0.00604	0.00489	0.00348	0.00751	0.00804	0.01072	0.01880	0.18600	0.02196	0.66093	0.02264	0.00448	0.00465	0.00898	0.00348	0.00336
19	0.01903	0.01420	0.01520	0.01183	0.01586	0.01579	0.00971	0.68398	0.10889	0.03158	0.01348	0.01328	0.00965	0.00634	0.00522	0.00159	0.00555	0.00482	0.00522	0.00879
20	0.00983	0.00926	0.01562	0.80447	0.03587	0.01157	0.01446	0.01331	0.01041	0.01331	0.00926	0.01388	0.00694	0.00521	0.00521	0.00174	0.00694	0.00463	0.00231	0.00579
21	0.01360	0.74595	0.09861	0.00947	0.01422	0.01981	0.00988	0.01568	0.01062	0.01265	0.00744	0.00860	0.00667	0.00450	0.00349	0.00116	0.00577	0.00288	0.00222	0.00678
22	0.01010	0.00523	0.00527	0.00513	0.00646	0.00529	0.00388	0.04128	0.01144	0.01993	0.01682	0.01915	0.01317	0.00607	0.00370	0.00123	0.00255	0.00485	0.81343	0.00501
23	0.00768	0.08113	0.00831	0.00707	0.00792	0.00632	0.00506	0.00883	0.00986	0.01342	0.09818	0.36797	0.02657	0.17619	0.11446	0.00335	0.00502	0.01008	0.03818	0.00440
24	0.00737	0.00532	0.00696	0.00655	0.00778	0.00491	0.00491	0.00983	0.01474	0.02088	0.78175	0.03890	0.04914	0.01065	0.00614	0.00164	0.00246	0.00942	0.00573	0.00491
25	0.02336	0.00886	0.01209	0.00927	0.01329	0.00765	0.00765	0.02538	0.01491	0.78810	0.02055	0.01773	0.01289	0.00645	0.00524	0.00161	0.00443	0.00524	0.00645	0.00886
26	0.02293	0.00956	0.01252	0.00960	0.01364	0.00869	0.00793	0.11583	0.01607	0.69601	0.01956	0.01709	0.01240	0.00642	0.00523	0.00161	0.00459	0.00517	0.00629	0.00886
27	0.77579	0.01049	0.00840	0.00733	0.01064	0.01210	0.00604	0.08561	0.01032	0.02425	0.00774	0.00884	0.00594	0.00497	0.00341	0.00161	0.00419	0.00299	0.00341	0.00594
28	0.00737	0.00532	0.00696	0.00655	0.00778	0.00491	0.00491	0.00983	0.01474	0.02088	0.78175	0.03890	0.04914	0.01065	0.00614	0.00164	0.00246	0.00942	0.00573	0.00491
29	0.11855	0.01279	0.01372	0.01071	0.01462	0.01389	0.00882	0.52279	0.03890	0.14772	0.01347	0.01321	0.00941	0.00613	0.00493	0.00157	0.00519	0.00459	0.03067	0.00834
30	0.00715	0.00487	0.00581	0.00623	0.00633	0.00476	0.00374	0.00746	0.00841	0.01121	0.02068	0.30466	0.02432	0.53906	0.01961	0.00403	0.00434	0.01008	0.00374	0.00353
31	0.01039	0.00508	0.00535	0.00519	0.00649	0.00501	0.00388	0.01257	0.01091	0.06235	0.01693	0.01971	0.01338	0.03407	0.00502	0.02707	0.00269	0.00496	0.74402	0.00494
32	0.10017	0.00879	0.01140	0.00890	0.01270	0.00789	0.00732	0.02362	0.01433	0.67622	0.05936	0.01797	0.01412	0.00652	0.00510	0.00161	0.00429	0.00523	0.00611	0.00835
33	0.02289	0.00891	0.01204	0.00926	0.01322	0.00778	0.00764	0.04207	0.01512	0.75191	0.03903	0.01812	0.01369	0.00654	0.00526	0.00161	0.00441	0.00533	0.00640	0.00877
34	0.00831	0.00529	0.00665	0.00691	0.00798	0.00480	0.00490	0.00957	0.01129	0.09277	0.12915	0.40781	0.17434	0.08004	0.00800	0.00218	0.00322	0.02707	0.00498	0.00474
35	0.01174	0.01316	0.02842	0.02057	0.02538	0.01233	0.69445	0.01580	0.01207	0.01636	0.01223	0.08881	0.01038	0.00550	0.00619	0.00179	0.00824	0.00696	0.00284	0.00676
36	0.00844	0.00554	0.00720	0.00692	0.00816	0.00516	0.00509	0.01073	0.02995	0.07334	0.53502	0.18302	0.04173	0.04740	0.00707	0.00188	0.00286	0.00998	0.00549	0.00506
37	0.08890	0.00677	0.00842	0.06130	0.04466	0.00707	0.04839	0.03173	0.01071	0.01819	0.01468	0.01924	0.01230	0.11582	0.00706	0.00186	0.00385	0.00508	0.48885	0.00514
38	0.00863	0.00675	0.00773	0.00810	0.00919	0.04113	0.00601	0.07973	0.01238	0.01615	0.09911	0.43913	0.08107	0.03441	0.00694	0.00208	0.00381	0.12798	0.00481	0.00488
39	0.04234	0.10733	0.05429	0.03710	0.05728	0.06780	0.01020	0.37076	0.10378	0.06792	0.01253	0.01286	0.00924	0.00586	0.00487	0.00153	0.00577	0.00445	0.01609	0.00801
40	0.01528	0.08656	0.03218	0.01024	0.04035	0.04562	0.00824	0.13223	0.02750	0.16811	0.01246	0.03671	0.00968	0.00547	0.00484	0.00126	0.02547	0.00425	0.00400	0.32954

[dist]
# distance from previous block
# <min> <max>
1	4

[block]
