[name]
unknown

[dist]
# distance from previous block
# <min> <max>
0	143

[block]
# block no. 0 follows, 45 sequences, length 21
# corresponding to MSA columns:
# 143-163
name=unknown_A
#
# <colnr> <probs for GDERKNQSTAVLIFYWHMCP>
#	G	D	E	R	K	N	Q	S	T	A	V	L	I	F	Y	W	H	M	C	P
0	0.01038	0.00748	0.00975	0.01025	0.01194	0.00772	0.00888	0.12149	0.01426	0.01868	0.02613	0.05352	0.02769	0.01359	0.00711	0.00234	0.00508	0.63312	0.00501	0.00556
1	0.01836	0.01351	0.01465	0.01163	0.01534	0.01484	0.00943	0.64906	0.02303	0.03086	0.01535	0.13006	0.01302	0.00797	0.00559	0.00169	0.00550	0.00637	0.00531	0.00843
2	0.19768	0.00962	0.01104	0.00889	0.01249	0.03088	0.00725	0.04504	0.01432	0.48382	0.10790	0.01844	0.01586	0.00677	0.00505	0.00165	0.00442	0.00531	0.00570	0.00786
3	0.01060	0.01001	0.01694	0.68562	0.14617	0.01205	0.01514	0.01412	0.01095	0.01428	0.00962	0.01416	0.00735	0.00528	0.00536	0.00176	0.00704	0.00477	0.00243	0.00634
4	0.00808	0.00525	0.00680	0.00749	0.00840	0.00482	0.00531	0.00927	0.01104	0.07696	0.03210	0.57544	0.14198	0.01601	0.02684	0.00226	0.00355	0.04850	0.00506	0.00482
5	0.00743	0.00529	0.00708	0.00800	0.00871	0.00508	0.00600	0.00900	0.01144	0.01530	0.13389	0.41304	0.03508	0.07219	0.00842	0.00242	0.00375	0.23833	0.00498	0.00456
6	0.01199	0.01158	0.01896	0.39031	0.41201	0.03228	0.01559	0.01531	0.01160	0.01564	0.00979	0.01367	0.00783	0.00507	0.00533	0.00168	0.00683	0.00474	0.00253	0.00726
7	0.01233	0.01213	0.02169	0.24102	0.46449	0.01265	0.12539	0.01582	0.01188	0.01644	0.01006	0.01374	0.00808	0.00490	0.00548	0.00168	0.00698	0.00501	0.00259	0.00762
8	0.01015	0.00704	0.00848	0.00759	0.00948	0.00681	0.00583	0.12103	0.01597	0.06370	0.47460	0.08111	0.14558	0.01078	0.00617	0.00172	0.00320	0.00931	0.00568	0.00577
9	0.00676	0.00484	0.00642	0.00733	0.00783	0.00451	0.00500	0.00802	0.01129	0.01531	0.18302	0.64982	0.03862	0.01561	0.00674	0.00208	0.00299	0.01412	0.00517	0.00451
10	0.01428	0.01705	0.17235	0.02392	0.36868	0.09456	0.13219	0.01800	0.01269	0.07893	0.01083	0.01311	0.00833	0.00504	0.00539	0.00163	0.00731	0.00477	0.00292	0.00800
11	0.01098	0.02638	0.70881	0.01645	0.05432	0.01254	0.06256	0.01699	0.01145	0.01703	0.00972	0.01160	0.00695	0.00505	0.00518	0.00170	0.00793	0.00414	0.00231	0.00792
12	0.01186	0.01569	0.15771	0.14827	0.04942	0.01333	0.42369	0.01621	0.01173	0.01624	0.01009	0.01364	0.00767	0.00518	0.00689	0.00183	0.07545	0.00548	0.00255	0.00707
13	0.01152	0.03998	0.51806	0.01875	0.13456	0.01302	0.12254	0.01676	0.01152	0.01685	0.00972	0.01202	0.00725	0.00514	0.00578	0.00171	0.04020	0.00443	0.00239	0.00781
14	0.01276	0.04009	0.27495	0.01488	0.03688	0.01179	0.16875	0.03474	0.03359	0.09895	0.02793	0.07822	0.01143	0.00656	0.00648	0.00174	0.07158	0.00572	0.00336	0.05960
15	0.01633	0.01185	0.03636	0.01597	0.10182	0.02526	0.22544	0.08206	0.01410	0.25625	0.01565	0.07434	0.01229	0.03922	0.00657	0.00183	0.00624	0.00620	0.00436	0.04785
16	0.01356	0.05622	0.06604	0.10361	0.15035	0.04355	0.11416	0.01862	0.13373	0.08379	0.01286	0.02674	0.01003	0.00572	0.00578	0.00161	0.04192	0.00503	0.00348	0.10321
17	0.06199	0.01176	0.05525	0.04507	0.04641	0.04712	0.16805	0.05423	0.03920	0.12985	0.01716	0.15085	0.04295	0.03074	0.00697	0.00190	0.04985	0.00710	0.00400	0.02954
18	0.14707	0.08236	0.05519	0.03635	0.03902	0.01312	0.23073	0.04626	0.01153	0.03939	0.01077	0.06016	0.00925	0.00617	0.00680	0.00171	0.11595	0.00524	0.00309	0.07982
19	0.03140	0.03202	0.09810	0.05539	0.03700	0.04794	0.09631	0.07304	0.03794	0.03574	0.07156	0.09718	0.01439	0.00721	0.01567	0.00161	0.02453	0.00586	0.00363	0.21347
20	0.01303	0.08084	0.08758	0.03040	0.01620	0.03931	0.10379	0.10369	0.12476	0.05516	0.03952	0.07580	0.09011	0.00784	0.00675	0.00175	0.08676	0.00643	0.00399	0.02630

[dist]
# distance from previous block
# <min> <max>
7	29

[block]
# block no. 1 follows, 45 sequences, length 22
# corresponding to MSA columns:
# 193-214
name=unknown_B
#
# <colnr> <probs for GDERKNQSTAVLIFYWHMCP>
#	G	D	E	R	K	N	Q	S	T	A	V	L	I	F	Y	W	H	M	C	P
0	0.03267	0.11201	0.09239	0.01072	0.01546	0.03739	0.02855	0.18085	0.01532	0.19639	0.01266	0.01286	0.00912	0.00540	0.00473	0.00137	0.00547	0.00418	0.00423	0.21823
1	0.06166	0.11239	0.07586	0.01168	0.01606	0.12270	0.04621	0.23378	0.07713	0.02176	0.01104	0.01190	0.00851	0.00542	0.00472	0.00141	0.00613	0.00410	0.00375	0.16378
2	0.01373	0.13019	0.04585	0.00969	0.01340	0.01173	0.00833	0.18880	0.01459	0.06696	0.04477	0.09041	0.04362	0.00799	0.02673	0.00163	0.04459	0.00557	0.00404	0.22739
3	0.08684	0.01432	0.01305	0.03703	0.01505	0.18135	0.00861	0.19883	0.07048	0.09346	0.01361	0.03503	0.02957	0.00613	0.00488	0.00145	0.00583	0.00463	0.00420	0.17567
4	0.11775	0.01344	0.07102	0.11140	0.01723	0.10534	0.00978	0.08834	0.08884	0.13812	0.02821	0.03976	0.01087	0.00623	0.00527	0.00159	0.02718	0.00480	0.00404	0.11078
5	0.15474	0.03765	0.01352	0.13379	0.09088	0.01059	0.00931	0.07778	0.01326	0.21324	0.05102	0.01476	0.01109	0.00569	0.00479	0.00151	0.00503	0.00455	0.00419	0.14260
6	0.01653	0.01145	0.01343	0.02570	0.01474	0.02419	0.02862	0.28284	0.05618	0.15562	0.10613	0.01708	0.01487	0.00640	0.00519	0.00145	0.00490	0.00521	0.00497	0.20448
7	0.01881	0.01151	0.01370	0.01168	0.05786	0.01182	0.00883	0.35296	0.03829	0.25061	0.04365	0.03328	0.01342	0.07711	0.00732	0.00194	0.00520	0.00563	0.00536	0.03102
8	0.01126	0.00883	0.01381	0.27810	0.13616	0.00918	0.04683	0.01399	0.01233	0.10828	0.07513	0.02679	0.20700	0.00805	0.00576	0.00176	0.00533	0.02114	0.00391	0.00635
9	0.02009	0.02431	0.01532	0.01365	0.01660	0.69612	0.01035	0.11092	0.01643	0.01564	0.00885	0.01007	0.00718	0.00564	0.00490	0.00141	0.00922	0.00362	0.00308	0.00658
10	0.01039	0.01101	0.10397	0.00877	0.01324	0.00737	0.00778	0.01302	0.01103	0.01685	0.01261	0.13269	0.01201	0.00607	0.00455	0.00112	0.00432	0.00512	0.00334	0.61474
11	0.00821	0.00573	0.00649	0.00611	0.00669	0.00544	0.00363	0.00850	0.00821	0.01127	0.01602	0.03222	0.01811	0.71353	0.02449	0.00467	0.00506	0.00725	0.00324	0.10514
12	0.11562	0.61823	0.02455	0.00974	0.01388	0.05699	0.02804	0.01617	0.01081	0.01417	0.00757	0.00898	0.00680	0.00492	0.00428	0.00130	0.04572	0.00308	0.00246	0.00668
13	0.00653	0.00473	0.00617	0.00733	0.00775	0.00437	0.00492	0.00749	0.01041	0.01376	0.03133	0.75466	0.08756	0.01659	0.00682	0.00215	0.00309	0.01498	0.00498	0.00437
14	0.00749	0.10280	0.00888	0.00768	0.00851	0.00641	0.00549	0.00852	0.01035	0.01357	0.02691	0.71101	0.03204	0.01534	0.00644	0.00205	0.00343	0.01376	0.00466	0.00467
15	0.11593	0.38086	0.05927	0.01059	0.01442	0.25903	0.00950	0.01745	0.01205	0.01462	0.00903	0.01030	0.02233	0.00526	0.00425	0.00135	0.01970	0.00337	0.02421	0.00649
16	0.04368	0.62905	0.11432	0.01013	0.01499	0.04595	0.01040	0.05245	0.01174	0.01459	0.00801	0.00918	0.00695	0.00479	0.00377	0.00126	0.00608	0.00311	0.00249	0.00706
17	0.17654	0.33510	0.21512	0.01220	0.01740	0.01610	0.11085	0.01633	0.01084	0.01659	0.00846	0.01017	0.00683	0.00489	0.00452	0.00150	0.02338	0.00365	0.00255	0.00697
18	0.03190	0.53906	0.14192	0.01127	0.01633	0.03661	0.06449	0.04108	0.01183	0.04936	0.00885	0.01005	0.00731	0.00485	0.00409	0.00133	0.00633	0.00348	0.00265	0.00721
19	0.03343	0.40670	0.15604	0.01098	0.01564	0.04309	0.03511	0.09376	0.01271	0.01648	0.03174	0.01311	0.04578	0.00643	0.02221	0.00157	0.02658	0.00411	0.00293	0.02159
20	0.01354	0.37612	0.29184	0.01168	0.01726	0.02913	0.02680	0.01752	0.04310	0.06942	0.02986	0.01174	0.00889	0.00519	0.00442	0.00143	0.00637	0.00383	0.00286	0.02898
21	0.07171	0.12552	0.27408	0.01171	0.01708	0.02676	0.06221	0.03044	0.01164	0.03551	0.02768	0.05371	0.00982	0.00552	0.00468	0.00142	0.00599	0.00447	0.00301	0.21705

[dist]
# distance from previous block
# <min> <max>
44	86

[block]
# block no. 2 follows, 45 sequences, length 12
# corresponding to MSA columns:
# 331-342
name=unknown_C
#
# <colnr> <probs for GDERKNQSTAVLIFYWHMCP>
#	G	D	E	R	K	N	Q	S	T	A	V	L	I	F	Y	W	H	M	C	P
0	0.10084	0.12296	0.07172	0.03110	0.09191	0.12561	0.00995	0.07314	0.02976	0.10671	0.10772	0.03592	0.01434	0.00651	0.00526	0.00156	0.02760	0.00503	0.00386	0.02851
1	0.04957	0.10432	0.36012	0.01455	0.10307	0.01208	0.04338	0.04213	0.01229	0.04352	0.05523	0.01812	0.10636	0.00646	0.00515	0.00164	0.00627	0.00529	0.00317	0.00727
2	0.01352	0.05036	0.18879	0.02017	0.28359	0.08362	0.05237	0.08126	0.07013	0.01819	0.01282	0.01518	0.03744	0.00613	0.00574	0.02575	0.00672	0.01739	0.00313	0.00770
3	0.01590	0.04294	0.09201	0.01177	0.01614	0.01359	0.04437	0.40399	0.06240	0.02563	0.01327	0.05359	0.01071	0.03507	0.00597	0.00166	0.00569	0.00520	0.00440	0.13572
4	0.06312	0.00609	0.00755	0.00752	0.00880	0.00584	0.00540	0.03362	0.01167	0.11218	0.12629	0.37926	0.07115	0.05449	0.00856	0.07423	0.00359	0.01065	0.00491	0.00507
5	0.01525	0.56891	0.09986	0.01058	0.01531	0.08564	0.01046	0.11025	0.01312	0.01577	0.00843	0.00951	0.00716	0.00496	0.00397	0.00128	0.00631	0.00328	0.00272	0.00722
6	0.04502	0.01609	0.31325	0.01264	0.05443	0.01031	0.01251	0.10021	0.01307	0.07594	0.07681	0.09975	0.01544	0.01164	0.10422	0.00261	0.00703	0.01824	0.00372	0.00705
7	0.01151	0.06064	0.01164	0.01120	0.10706	0.02748	0.00764	0.07808	0.10309	0.06955	0.07720	0.07333	0.26586	0.04147	0.00663	0.00187	0.00429	0.03042	0.00466	0.00638
8	0.00687	0.00491	0.00659	0.00773	0.00822	0.00463	0.00545	0.00810	0.01085	0.01450	0.07677	0.66504	0.03588	0.01620	0.00689	0.00219	0.00331	0.10634	0.00504	0.00448
9	0.01239	0.08376	0.54484	0.05114	0.07211	0.01365	0.01737	0.11026	0.01308	0.01867	0.00991	0.01159	0.00723	0.00522	0.00504	0.00164	0.00737	0.00408	0.00269	0.00795
10	0.03867	0.11777	0.08089	0.03577	0.05198	0.20193	0.07477	0.09786	0.10061	0.12978	0.01252	0.01313	0.00930	0.00570	0.00502	0.00156	0.00686	0.00448	0.00381	0.00761
11	0.00695	0.00497	0.00652	0.00754	0.00804	0.00470	0.00528	0.00810	0.01065	0.01416	0.06677	0.58713	0.05965	0.08016	0.00853	0.00242	0.00347	0.10568	0.00489	0.00439

[dist]
# distance from previous block
# <min> <max>
1	6

[block]
# block no. 3 follows, 45 sequences, length 8
# corresponding to MSA columns:
# 349-356
name=unknown_D
#
# <colnr> <probs for GDERKNQSTAVLIFYWHMCP>
#	G	D	E	R	K	N	Q	S	T	A	V	L	I	F	Y	W	H	M	C	P
0	0.06700	0.06540	0.01370	0.05080	0.09332	0.08983	0.00882	0.09224	0.03018	0.17760	0.14004	0.01969	0.05501	0.00690	0.00517	0.00155	0.00512	0.00559	0.00452	0.06751
1	0.01512	0.10147	0.11572	0.04284	0.19053	0.17827	0.01271	0.10860	0.08309	0.01811	0.01062	0.01224	0.00845	0.00559	0.00553	0.00155	0.04368	0.00426	0.00317	0.03843
2	0.06829	0.01411	0.08366	0.01098	0.01521	0.05260	0.00957	0.28453	0.05349	0.10406	0.01245	0.01331	0.00928	0.02395	0.00591	0.00156	0.03952	0.00439	0.00431	0.18880
3	0.01494	0.01279	0.05461	0.05061	0.12231	0.01265	0.01085	0.34276	0.01774	0.02432	0.04850	0.01985	0.03216	0.00716	0.00586	0.00165	0.03087	0.08153	0.00431	0.10453
4	0.05646	0.05332	0.06455	0.06753	0.06019	0.09438	0.15676	0.10368	0.04265	0.08372	0.01357	0.03018	0.04202	0.02290	0.00699	0.00180	0.08330	0.00535	0.00355	0.00712
5	0.02908	0.07583	0.10268	0.01324	0.04105	0.09127	0.10193	0.10105	0.04695	0.10575	0.01434	0.06804	0.02821	0.00807	0.03283	0.00193	0.08043	0.00559	0.04460	0.00712
6	0.04205	0.06501	0.12976	0.07974	0.07200	0.03876	0.22504	0.11240	0.04757	0.05263	0.01240	0.01438	0.03062	0.00572	0.00606	0.00171	0.04823	0.00516	0.00330	0.00745
7	0.08595	0.01078	0.01155	0.06271	0.01398	0.06354	0.00825	0.16072	0.09660	0.02069	0.10541	0.07846	0.04238	0.02736	0.02651	0.00199	0.05721	0.05202	0.00435	0.06953

[dist]
# distance from previous block
# <min> <max>
5	23

[block]
# block no. 4 follows, 45 sequences, length 37
# corresponding to MSA columns:
# 381-405,407-412,414-419
name=unknown_E
#
# <colnr> <probs for GDERKNQSTAVLIFYWHMCP>
#	G	D	E	R	K	N	Q	S	T	A	V	L	I	F	Y	W	H	M	C	P
0	0.07946	0.03903	0.01375	0.06279	0.17976	0.02876	0.02449	0.06342	0.07629	0.04591	0.18231	0.02236	0.05624	0.02084	0.02034	0.00181	0.00503	0.01772	0.00414	0.05555
1	0.04807	0.05961	0.03379	0.04099	0.50621	0.03362	0.01385	0.03259	0.09218	0.01816	0.01103	0.01328	0.00901	0.00506	0.00504	0.00154	0.00599	0.00458	0.00304	0.06236
2	0.03160	0.01259	0.06100	0.04836	0.05743	0.02984	0.25171	0.03454	0.01281	0.16102	0.06828	0.03202	0.01248	0.00631	0.00701	0.00174	0.09664	0.00574	0.00376	0.06514
3	0.13717	0.05687	0.01315	0.03095	0.01333	0.01174	0.06256	0.19829	0.01420	0.02194	0.05165	0.04841	0.01265	0.00917	0.06031	0.00211	0.07187	0.00531	0.17187	0.00648
4	0.04294	0.03189	0.03497	0.03013	0.04332	0.04457	0.00924	0.18995	0.22923	0.12268	0.04127	0.01837	0.02297	0.00681	0.00526	0.00163	0.00511	0.03473	0.00486	0.08008
5	0.01392	0.01114	0.01358	0.14968	0.01801	0.01180	0.02426	0.27286	0.10247	0.02271	0.05301	0.04265	0.01299	0.05327	0.00650	0.00174	0.00531	0.00543	0.00425	0.17442
6	0.01695	0.01396	0.05897	0.01147	0.01513	0.03010	0.00969	0.50922	0.02003	0.02716	0.01277	0.01525	0.01010	0.08055	0.05553	0.00235	0.03951	0.00500	0.02253	0.04371
7	0.00713	0.00554	0.00650	0.00634	0.00781	0.00497	0.00472	0.00934	0.02853	0.01819	0.41927	0.09030	0.34728	0.01233	0.00635	0.00177	0.00268	0.01063	0.00546	0.00487
8	0.00657	0.00470	0.00630	0.00751	0.00784	0.00443	0.00503	0.00753	0.01023	0.01367	0.02916	0.78592	0.03489	0.01747	0.02868	0.00236	0.00343	0.01499	0.00492	0.00437
9	0.09666	0.01536	0.17261	0.02697	0.05588	0.01249	0.25942	0.06311	0.09802	0.06306	0.01384	0.03048	0.02806	0.00598	0.00573	0.00177	0.01969	0.01991	0.00351	0.00746
10	0.00780	0.00559	0.00689	0.00650	0.00800	0.00502	0.00490	0.01001	0.01442	0.04429	0.56098	0.04243	0.24023	0.01152	0.00630	0.00172	0.00265	0.00999	0.00569	0.00506
11	0.01420	0.66297	0.11027	0.01051	0.01540	0.05951	0.03379	0.01649	0.01123	0.01328	0.00785	0.00915	0.00692	0.00469	0.00379	0.00124	0.00629	0.00313	0.00233	0.00698
12	0.01187	0.01001	0.01199	0.00871	0.01331	0.00811	0.02746	0.08132	0.01262	0.01914	0.04174	0.01259	0.00984	0.00451	0.00427	0.00093	0.00423	0.00369	0.00348	0.71020
13	0.01291	0.01234	0.02088	0.12354	0.67117	0.01267	0.01609	0.01644	0.03035	0.01720	0.01032	0.01357	0.00853	0.00491	0.00532	0.00162	0.00642	0.00481	0.00269	0.00820
14	0.00880	0.00710	0.00983	0.00933	0.00985	0.00869	0.00720	0.01015	0.00864	0.01258	0.01417	0.04518	0.01443	0.18731	0.36201	0.00569	0.20777	0.03665	0.02988	0.00475
15	0.00654	0.00467	0.00623	0.00747	0.00779	0.00436	0.00498	0.00747	0.01028	0.01370	0.02959	0.80785	0.03550	0.01682	0.00685	0.00218	0.00311	0.01526	0.00498	0.00436
16	0.01686	0.01892	0.01730	0.12049	0.23820	0.39939	0.01270	0.08252	0.01464	0.01626	0.00937	0.01159	0.00759	0.00537	0.00509	0.00152	0.00808	0.00413	0.00291	0.00710
17	0.07320	0.00843	0.01094	0.00885	0.01231	0.00748	0.00711	0.02127	0.01400	0.53797	0.06291	0.12517	0.01756	0.00799	0.00542	0.00168	0.00419	0.00667	0.00594	0.06091
18	0.04462	0.07192	0.70936	0.01462	0.02218	0.01295	0.01866	0.01690	0.01122	0.01703	0.00942	0.01107	0.00677	0.00507	0.00493	0.00167	0.00766	0.00386	0.00231	0.00779
19	0.01847	0.10222	0.01599	0.01291	0.01581	0.60707	0.01000	0.04442	0.04600	0.01420	0.00969	0.01191	0.00826	0.00700	0.03199	0.00167	0.00897	0.02405	0.00298	0.00639
20	0.01077	0.02777	0.78354	0.01530	0.02323	0.01247	0.01983	0.01700	0.01133	0.01700	0.00963	0.01133	0.00680	0.00510	0.00510	0.00170	0.00793	0.00397	0.00227	0.00793
21	0.00688	0.00492	0.00662	0.00787	0.00833	0.00466	0.00558	0.00807	0.01062	0.01409	0.02940	0.68610	0.03475	0.01649	0.00694	0.00223	0.00341	0.13362	0.00498	0.00445
22	0.01025	0.00965	0.01620	0.73033	0.08351	0.01180	0.01474	0.01374	0.01086	0.01398	0.01067	0.01515	0.02593	0.00553	0.00539	0.00178	0.00700	0.00493	0.00247	0.00609
23	0.01052	0.00993	0.01679	0.70547	0.12696	0.01203	0.01510	0.01405	0.01091	0.01418	0.00961	0.01419	0.00732	0.00530	0.00536	0.00177	0.00706	0.00477	0.00242	0.00627
24	0.00677	0.00569	0.00594	0.00597	0.00776	0.00495	0.00457	0.00870	0.03703	0.01511	0.07630	0.05084	0.67520	0.01338	0.00639	0.00185	0.00291	0.06091	0.00503	0.00471
25	0.00779	0.00528	0.00623	0.00623	0.00636	0.00541	0.00372	0.00805	0.00792	0.01069	0.01657	0.03323	0.01869	0.70710	0.13044	0.00567	0.00644	0.00753	0.00320	0.00346
26	0.84927	0.01038	0.00789	0.00706	0.01038	0.01204	0.00581	0.01578	0.00914	0.02408	0.00747	0.00872	0.00581	0.00498	0.00332	0.00166	0.00415	0.00291	0.00332	0.00581
27	0.02055	0.01480	0.01596	0.01224	0.01653	0.01630	0.01011	0.73052	0.02484	0.06383	0.01322	0.01310	0.00930	0.00645	0.00537	0.00161	0.00585	0.00486	0.00542	0.00913
28	0.01312	0.03757	0.02163	0.07968	0.70808	0.01297	0.01615	0.01629	0.01209	0.01715	0.00998	0.01320	0.00837	0.00481	0.00526	0.00159	0.00641	0.00472	0.00263	0.00829
29	0.00911	0.00582	0.00766	0.00701	0.00854	0.00532	0.00532	0.01160	0.01521	0.09105	0.70607	0.03810	0.04723	0.01058	0.00625	0.00169	0.00272	0.00931	0.00598	0.00544
30	0.00752	0.00551	0.00709	0.00691	0.00819	0.00508	0.00526	0.00988	0.01450	0.02010	0.61576	0.06931	0.12089	0.01175	0.00644	0.00178	0.00277	0.07057	0.00571	0.00498
31	0.01567	0.11544	0.01898	0.16436	0.23285	0.19694	0.01274	0.14705	0.01476	0.01803	0.00973	0.01198	0.00779	0.00533	0.00499	0.00153	0.00714	0.00424	0.00306	0.00740
32	0.02062	0.01469	0.01590	0.01219	0.01648	0.01614	0.01007	0.71724	0.02466	0.07737	0.01337	0.01320	0.00937	0.00646	0.00537	0.00161	0.00583	0.00487	0.00544	0.00913
33	0.00855	0.00539	0.00646	0.00644	0.00684	0.00527	0.00399	0.00903	0.00913	0.05661	0.07063	0.14629	0.02343	0.57304	0.04292	0.00441	0.00494	0.00882	0.00387	0.00392
34	0.04552	0.02705	0.75139	0.01496	0.02270	0.01245	0.01925	0.01695	0.01124	0.01729	0.00954	0.01122	0.00676	0.00510	0.00503	0.00170	0.00778	0.00392	0.00231	0.00785
35	0.01712	0.01687	0.01697	0.14570	0.19605	0.27150	0.01238	0.19020	0.01612	0.05102	0.01052	0.01237	0.00810	0.00559	0.00518	0.00156	0.00742	0.00438	0.00344	0.00750
36	0.12475	0.01588	0.06104	0.03456	0.01812	0.11768	0.12135	0.30302	0.01687	0.03954	0.01059	0.01211	0.00795	0.00604	0.00639	0.00170	0.08644	0.00457	0.00383	0.00756

[dist]
# distance from previous block
# <min> <max>
17	27

[block]
# block no. 5 follows, 45 sequences, length 114
# corresponding to MSA columns:
# 468-475,486-494,501-510,512,516-530,544-614
name=unknown_F
#
# <colnr> <probs for GDERKNQSTAVLIFYWHMCP>
#	G	D	E	R	K	N	Q	S	T	A	V	L	I	F	Y	W	H	M	C	P
0	0.01051	0.00892	0.01115	0.06152	0.01320	0.00929	0.00776	0.06462	0.03807	0.02591	0.02027	0.16449	0.12839	0.00926	0.00781	0.00168	0.16109	0.00727	0.00384	0.24495
1	0.01104	0.01034	0.01680	0.57841	0.17491	0.01222	0.01459	0.01565	0.08339	0.01527	0.01082	0.01466	0.00829	0.00544	0.00537	0.00176	0.00673	0.00490	0.00273	0.00669
2	0.06820	0.01198	0.01968	0.07812	0.63174	0.01224	0.01517	0.01592	0.01193	0.01764	0.01105	0.01604	0.00965	0.00547	0.00532	0.00167	0.00619	0.05125	0.00283	0.00794
3	0.06907	0.01144	0.01189	0.01056	0.01362	0.01314	0.00827	0.08051	0.63041	0.02333	0.03817	0.01923	0.01592	0.00714	0.00530	0.00178	0.00429	0.00583	0.02189	0.00821
4	0.00693	0.00528	0.00640	0.00672	0.00783	0.00484	0.00489	0.00844	0.01188	0.01551	0.19333	0.25830	0.29491	0.05585	0.05357	0.00249	0.00372	0.04958	0.00497	0.00457
5	0.00656	0.00475	0.00620	0.00735	0.00779	0.00440	0.00497	0.00755	0.01046	0.01380	0.03148	0.73864	0.09248	0.01654	0.00682	0.00216	0.00311	0.02559	0.00498	0.00438
6	0.00785	0.00560	0.00692	0.00652	0.00802	0.00503	0.00491	0.01007	0.01444	0.04630	0.56463	0.04229	0.23451	0.01149	0.00630	0.00172	0.00265	0.00997	0.00570	0.00507
7	0.01734	0.01324	0.01409	0.01144	0.01513	0.01484	0.00925	0.46004	0.28751	0.02905	0.01631	0.01581	0.01195	0.00673	0.00531	0.00167	0.00513	0.00528	0.05120	0.00868
8	0.01143	0.00968	0.01125	0.00812	0.01279	0.00749	0.00649	0.04386	0.01169	0.01809	0.01003	0.02531	0.00849	0.00430	0.00408	0.00085	0.00404	0.00346	0.00330	0.79523
9	0.01505	0.01131	0.01331	0.01188	0.05462	0.01210	0.00897	0.38454	0.01799	0.04269	0.01679	0.19889	0.01598	0.00908	0.00645	0.00175	0.05534	0.03799	0.00477	0.08047
10	0.07915	0.30547	0.25134	0.01188	0.01728	0.03497	0.02652	0.16772	0.01402	0.03216	0.00953	0.01061	0.00737	0.00521	0.00445	0.00147	0.00645	0.00372	0.00308	0.00760
11	0.01190	0.02944	0.01420	0.01231	0.01305	0.12079	0.00992	0.01353	0.02755	0.01301	0.01011	0.04209	0.00992	0.04784	0.15591	0.00343	0.45145	0.00521	0.00271	0.00565
12	0.00932	0.00466	0.00699	0.00699	0.00699	0.00466	0.00466	0.00699	0.00699	0.00932	0.00932	0.01632	0.00932	0.01865	0.02098	0.84382	0.00466	0.00466	0.00233	0.00233
13	0.01203	0.00959	0.01121	0.00830	0.01271	0.00767	0.00660	0.06620	0.01225	0.05114	0.01161	0.06470	0.01010	0.00512	0.00433	0.00098	0.00408	0.00420	0.00360	0.69358
14	0.01067	0.00965	0.01555	0.64573	0.06037	0.01122	0.01365	0.01404	0.01094	0.03010	0.00980	0.01392	0.00744	0.00518	0.00517	0.00164	0.00664	0.00457	0.00259	0.12112
15	0.00926	0.00474	0.00687	0.00685	0.00701	0.00471	0.00463	0.00756	0.00780	0.01081	0.05828	0.01807	0.01223	0.01734	0.01890	0.73439	0.00438	0.00500	0.05850	0.00268
16	0.01412	0.76484	0.07588	0.00957	0.01438	0.02069	0.00986	0.01613	0.01093	0.01291	0.00760	0.00878	0.00688	0.00462	0.00355	0.00118	0.00588	0.00294	0.00229	0.00695
17	0.45418	0.06500	0.01299	0.08706	0.11663	0.03998	0.00892	0.07522	0.01157	0.05761	0.00916	0.01080	0.00709	0.00540	0.00439	0.01516	0.00520	0.00365	0.00336	0.00664
18	0.12761	0.01413	0.01480	0.01153	0.01565	0.01567	0.00951	0.61612	0.04835	0.05498	0.01275	0.01276	0.00908	0.00629	0.00511	0.00163	0.00558	0.00464	0.00515	0.00868
19	0.00703	0.00508	0.00644	0.00733	0.00793	0.00479	0.00516	0.00811	0.01048	0.01367	0.03074	0.47704	0.12977	0.13693	0.00998	0.00264	0.00366	0.12422	0.00471	0.00430
20	0.01943	0.01422	0.01509	0.01187	0.01580	0.03881	0.00967	0.62140	0.04937	0.07284	0.01463	0.06603	0.01129	0.00714	0.00546	0.00165	0.00570	0.00556	0.00534	0.00870
21	0.00865	0.00618	0.00865	0.00989	0.01112	0.00618	0.00865	0.01112	0.01236	0.01606	0.02842	0.06055	0.03089	0.01483	0.00741	0.00247	0.00494	0.74174	0.00494	0.00494
22	0.01148	0.19588	0.58038	0.01389	0.02085	0.01415	0.03394	0.01660	0.01139	0.01620	0.03253	0.01170	0.00819	0.00516	0.00481	0.00158	0.00732	0.00396	0.00239	0.00761
23	0.00820	0.00565	0.00678	0.00705	0.00765	0.00563	0.00468	0.05794	0.01053	0.01441	0.04164	0.36201	0.04015	0.30242	0.04522	0.00341	0.00444	0.01064	0.05719	0.00436
24	0.00685	0.00500	0.00648	0.00729	0.00799	0.00463	0.00515	0.00822	0.01150	0.01535	0.16616	0.54106	0.11544	0.01530	0.00674	0.00207	0.00309	0.06200	0.00515	0.00454
25	0.06662	0.07547	0.64184	0.01430	0.02128	0.01321	0.01778	0.01663	0.01099	0.01697	0.00921	0.01101	0.00675	0.00530	0.00557	0.00170	0.05155	0.00387	0.00234	0.00761
26	0.01450	0.01175	0.01236	0.01079	0.01387	0.03270	0.00855	0.18862	0.45383	0.04279	0.04029	0.04018	0.05114	0.00803	0.00562	0.00180	0.00466	0.04511	0.00535	0.00805
27	0.01292	0.01223	0.02047	0.14691	0.62401	0.01256	0.01577	0.03453	0.01229	0.01737	0.01007	0.01336	0.00830	0.00489	0.00528	0.00160	0.00641	0.00473	0.00270	0.03362
28	0.06149	0.55032	0.04268	0.01027	0.01454	0.15108	0.00955	0.07851	0.01274	0.01521	0.00811	0.00922	0.00702	0.00494	0.00388	0.00127	0.00639	0.00316	0.00269	0.00693
29	0.76437	0.03298	0.00905	0.00760	0.01085	0.02796	0.00629	0.03105	0.00960	0.02337	0.00759	0.00892	0.00597	0.00516	0.00388	0.00166	0.03145	0.00302	0.00329	0.00592
30	0.00879	0.00748	0.00941	0.00896	0.01033	0.06363	0.06311	0.01056	0.01078	0.01444	0.04925	0.22356	0.10126	0.05708	0.22981	0.00393	0.00729	0.03451	0.08090	0.00491
31	0.01600	0.01827	0.01729	0.01458	0.01690	0.36705	0.10735	0.05857	0.03249	0.01507	0.00921	0.01186	0.00779	0.00768	0.03268	0.00196	0.23725	0.00443	0.01716	0.00641
32	0.00842	0.06040	0.00990	0.00846	0.00941	0.00803	0.00651	0.00988	0.00858	0.01208	0.01394	0.02250	0.01380	0.19369	0.52909	0.00700	0.06484	0.00591	0.00288	0.00469
33	0.00777	0.00521	0.00595	0.00598	0.00602	0.00523	0.00340	0.00785	0.00789	0.01055	0.01715	0.05400	0.01973	0.76799	0.05007	0.00523	0.00543	0.00793	0.00328	0.00333
34	0.01052	0.00993	0.01679	0.70506	0.12736	0.01203	0.01510	0.01405	0.01092	0.01418	0.00961	0.01419	0.00732	0.00530	0.00536	0.00177	0.00706	0.00477	0.00242	0.00627
35	0.00767	0.00574	0.00858	0.00858	0.00952	0.00668	0.00665	0.00955	0.00861	0.01243	0.01442	0.02133	0.01352	0.05358	0.77691	0.00857	0.01422	0.00579	0.00288	0.00477
36	0.01031	0.00772	0.00908	0.00843	0.01043	0.00802	0.00651	0.01699	0.26891	0.05734	0.39288	0.05063	0.06957	0.00999	0.00607	0.00179	0.00337	0.04992	0.00568	0.00637
37	0.01044	0.00972	0.01381	0.01198	0.01245	0.01267	0.03477	0.01170	0.00845	0.01270	0.01006	0.01714	0.01018	0.14273	0.14864	0.00381	0.49390	0.00539	0.00262	0.02685
38	0.01779	0.12084	0.01653	0.01137	0.01530	0.01599	0.00948	0.52479	0.10301	0.02827	0.01483	0.05873	0.02498	0.00700	0.00522	0.00161	0.00549	0.00541	0.00494	0.00841
39	0.01593	0.02510	0.01470	0.06302	0.01663	0.01240	0.03463	0.35961	0.03423	0.05644	0.01235	0.03262	0.00953	0.00574	0.00495	0.00137	0.00529	0.00461	0.00435	0.28650
40	0.01952	0.06741	0.01637	0.01182	0.01606	0.01612	0.00983	0.61262	0.07180	0.06630	0.01343	0.01328	0.00962	0.00633	0.00522	0.00158	0.00568	0.00477	0.00518	0.02705
41	0.00823	0.00578	0.00840	0.00827	0.00936	0.00648	0.00642	0.01025	0.00964	0.03499	0.09552	0.02298	0.01739	0.03451	0.64559	0.00733	0.01225	0.00612	0.04555	0.00495
42	0.06429	0.09466	0.09089	0.05751	0.05721	0.02784	0.05851	0.28394	0.01748	0.05074	0.03428	0.07010	0.02621	0.00795	0.00593	0.00194	0.00642	0.03122	0.00460	0.00829
43	0.01257	0.01277	0.04128	0.06965	0.02233	0.01346	0.37774	0.01575	0.01116	0.06376	0.01087	0.03443	0.00893	0.00771	0.03643	0.00220	0.24350	0.00584	0.00289	0.00673
44	0.03336	0.00891	0.01137	0.00917	0.01255	0.00836	0.00741	0.07142	0.08082	0.47733	0.19481	0.02295	0.02179	0.00766	0.00558	0.00168	0.00415	0.00637	0.00623	0.00808
45	0.01267	0.01448	0.03167	0.02262	0.02805	0.01357	0.75837	0.01719	0.01267	0.01719	0.01086	0.01448	0.00814	0.00452	0.00633	0.00181	0.00905	0.00633	0.00271	0.00724
46	0.01178	0.04701	0.19824	0.33080	0.15435	0.01309	0.01537	0.06949	0.01205	0.01652	0.01038	0.01354	0.01994	0.00565	0.00605	0.00173	0.05964	0.00461	0.00266	0.00710
47	0.03522	0.01051	0.08256	0.05995	0.01550	0.00849	0.02825	0.04199	0.01404	0.48812	0.02046	0.12329	0.03140	0.00784	0.00557	0.00175	0.00495	0.00663	0.00551	0.00797
48	0.00780	0.00524	0.00603	0.00603	0.00609	0.00530	0.00347	0.00792	0.00786	0.01054	0.01675	0.03424	0.01913	0.76260	0.07554	0.00542	0.00578	0.00768	0.00323	0.00335
49	0.01127	0.02589	0.69017	0.03024	0.02360	0.01242	0.07628	0.01721	0.01154	0.03802	0.01004	0.01182	0.00709	0.00510	0.00521	0.00171	0.00791	0.00420	0.00242	0.00788
50	0.05551	0.01113	0.06135	0.01013	0.01437	0.00960	0.00880	0.14074	0.01641	0.54851	0.05364	0.01760	0.01365	0.00665	0.00533	0.00166	0.00488	0.00532	0.00600	0.00873
51	0.02188	0.00863	0.01180	0.00935	0.01305	0.00758	0.00762	0.02387	0.01460	0.68207	0.02130	0.07078	0.01477	0.00944	0.05510	0.00214	0.00509	0.00607	0.00630	0.00854
52	0.01427	0.01287	0.02232	0.04652	0.53705	0.01279	0.13865	0.06417	0.01329	0.06906	0.01112	0.01381	0.00877	0.00498	0.00549	0.00164	0.00669	0.00508	0.00310	0.00831
53	0.02321	0.01078	0.01329	0.01024	0.01439	0.02940	0.00844	0.17936	0.01742	0.60601	0.01912	0.01693	0.01226	0.00657	0.00538	0.00164	0.00498	0.00523	0.00628	0.00906
54	0.01266	0.00790	0.00911	0.00804	0.01064	0.00758	0.00636	0.08166	0.10826	0.18976	0.08898	0.05547	0.33181	0.01057	0.00600	0.00180	0.00372	0.04763	0.00551	0.00652
55	0.01433	0.01605	0.01606	0.01401	0.01487	0.25688	0.01132	0.01557	0.01039	0.01299	0.00744	0.01110	0.00701	0.00819	0.01364	0.00205	0.55534	0.00431	0.00248	0.00598
56	0.01455	0.78700	0.02768	0.00935	0.01388	0.04811	0.00923	0.01626	0.01106	0.01265	0.00749	0.00865	0.00689	0.00463	0.00349	0.00116	0.00588	0.00289	0.00231	0.00687
57	0.00723	0.00548	0.00670	0.00705	0.00815	0.00483	0.00485	0.00833	0.01046	0.01400	0.02975	0.50815	0.14950	0.09158	0.00838	0.00223	0.00336	0.01234	0.00458	0.11303
58	0.02005	0.02558	0.01521	0.01383	0.01659	0.78980	0.01037	0.02143	0.01521	0.01314	0.00830	0.00968	0.00691	0.00553	0.00484	0.00138	0.00968	0.00346	0.00277	0.00622
59	0.41391	0.01014	0.01051	0.00858	0.01232	0.01052	0.00706	0.06562	0.03235	0.35862	0.01421	0.01347	0.00958	0.00586	0.00442	0.00166	0.00444	0.00420	0.00497	0.00755
60	0.00659	0.00545	0.00578	0.00569	0.00740	0.00464	0.00427	0.00818	0.01281	0.01587	0.19477	0.04941	0.63445	0.01308	0.00634	0.00179	0.00268	0.01101	0.00516	0.00464
61	0.05175	0.00892	0.01192	0.00926	0.01318	0.00783	0.00761	0.02465	0.01513	0.70048	0.07487	0.01951	0.01571	0.00690	0.00539	0.00166	0.00441	0.00562	0.00647	0.00873
62	0.03730	0.04257	0.01531	0.01189	0.01549	0.10658	0.00979	0.43520	0.01994	0.12794	0.01374	0.01592	0.01051	0.00699	0.00614	0.00168	0.05880	0.05121	0.00485	0.00815
63	0.00667	0.00540	0.00592	0.00590	0.00748	0.00465	0.00438	0.00829	0.01284	0.01618	0.23092	0.09892	0.54736	0.01316	0.00637	0.00181	0.00270	0.01119	0.00521	0.00465
64	0.00670	0.00479	0.00637	0.00737	0.00782	0.00446	0.00499	0.00787	0.01100	0.01485	0.13933	0.69482	0.03773	0.01596	0.00677	0.00211	0.00303	0.01444	0.00512	0.00446
65	0.10348	0.00896	0.02405	0.00942	0.01186	0.05662	0.05680	0.01488	0.01233	0.19806	0.03984	0.25770	0.10598	0.01074	0.00591	0.00189	0.00455	0.06595	0.00487	0.00610
66	0.01149	0.01148	0.01697	0.01624	0.11701	0.06002	0.10764	0.01358	0.00987	0.01398	0.00998	0.01467	0.00908	0.01615	0.21992	0.00380	0.33426	0.00513	0.00260	0.00613
67	0.01113	0.01095	0.01496	0.06537	0.01502	0.04793	0.02572	0.01270	0.00887	0.01297	0.00895	0.01392	0.00846	0.01561	0.18505	0.00363	0.52566	0.00491	0.00249	0.00568
68	0.01113	0.00954	0.01113	0.00795	0.01272	0.00716	0.00636	0.01352	0.01113	0.01749	0.00954	0.01113	0.00795	0.00398	0.00398	0.00080	0.00398	0.00318	0.00318	0.84417
69	0.00767	0.00575	0.00863	0.00863	0.00959	0.00671	0.00671	0.00959	0.00863	0.01246	0.01438	0.02109	0.01342	0.04026	0.79008	0.00863	0.01438	0.00575	0.00288	0.00479
70	0.01174	0.01174	0.01644	0.01409	0.01409	0.01644	0.01174	0.01292	0.00822	0.01292	0.00705	0.01174	0.00705	0.00940	0.01762	0.00235	0.80153	0.00470	0.00235	0.00587
71	0.00764	0.00591	0.00685	0.00656	0.00838	0.00501	0.00485	0.00927	0.01226	0.03263	0.17396	0.21178	0.35903	0.01240	0.00612	0.00173	0.00298	0.01069	0.00495	0.11700
72	0.01316	0.55316	0.27911	0.01122	0.01692	0.01832	0.01272	0.01638	0.01105	0.01408	0.00818	0.00952	0.00686	0.00476	0.00399	0.00133	0.00647	0.00323	0.00229	0.00724
73	0.07560	0.01432	0.01531	0.01181	0.01603	0.01573	0.00975	0.65981	0.02349	0.08498	0.01310	0.01298	0.00920	0.00636	0.00524	0.00162	0.00570	0.00474	0.00532	0.00891
74	0.00654	0.00467	0.00623	0.00747	0.00779	0.00436	0.00498	0.00747	0.01028	0.01370	0.02959	0.80785	0.03550	0.01682	0.00685	0.00218	0.00311	0.01526	0.00498	0.00436
75	0.00663	0.00517	0.00604	0.00670	0.00772	0.00466	0.00469	0.00811	0.03058	0.01427	0.03994	0.46574	0.35007	0.01520	0.00660	0.00201	0.00298	0.01335	0.00500	0.00454
76	0.01311	0.01132	0.01191	0.01074	0.01373	0.01305	0.00834	0.02781	0.74223	0.02218	0.02296	0.02111	0.04244	0.00750	0.00549	0.00182	0.00420	0.00625	0.00545	0.00836
77	0.00762	0.00542	0.00694	0.00771	0.00842	0.00525	0.00575	0.00893	0.01065	0.01394	0.04658	0.26351	0.09190	0.22111	0.01229	0.00302	0.00425	0.26786	0.00454	0.00431
78	0.02400	0.00927	0.01254	0.00961	0.01377	0.00809	0.00794	0.04271	0.01559	0.76472	0.02099	0.01815	0.01319	0.00664	0.00540	0.00166	0.00460	0.00539	0.00662	0.00914
79	0.01239	0.38319	0.44230	0.01254	0.01896	0.01643	0.01502	0.01658	0.01114	0.01503	0.00865	0.01010	0.00684	0.00487	0.00435	0.00145	0.00694	0.00347	0.00228	0.00746
80	0.00740	0.00547	0.00776	0.00791	0.00883	0.00582	0.00594	0.00925	0.01051	0.01480	0.18988	0.18566	0.03982	0.02842	0.44025	0.00563	0.00921	0.00867	0.00403	0.00476
81	0.00769	0.00529	0.00651	0.00660	0.00683	0.00549	0.00416	0.00819	0.00817	0.01110	0.01723	0.08613	0.01926	0.58113	0.19851	0.00577	0.00713	0.00786	0.00329	0.00368
82	0.01324	0.01239	0.02091	0.09555	0.68366	0.01260	0.01599	0.01671	0.02940	0.03259	0.01054	0.01362	0.00867	0.00493	0.00532	0.00162	0.00636	0.00482	0.00278	0.00830
83	0.00828	0.00636	0.00888	0.00813	0.00882	0.00673	0.05471	0.00926	0.00897	0.01234	0.06711	0.04480	0.03801	0.46267	0.17748	0.00512	0.05738	0.00745	0.00334	0.00417
84	0.01467	0.01037	0.01193	0.01011	0.01294	0.01098	0.00822	0.36349	0.03809	0.06333	0.22006	0.06160	0.02492	0.00936	0.00599	0.00179	0.00464	0.11480	0.00550	0.00721
85	0.83066	0.01035	0.00799	0.00712	0.01046	0.01195	0.00586	0.01601	0.00928	0.04116	0.00778	0.00894	0.00598	0.00502	0.00337	0.00166	0.00416	0.00296	0.00340	0.00589
86	0.01094	0.06621	0.74663	0.01500	0.02277	0.01290	0.01931	0.01695	0.01131	0.01679	0.00953	0.01120	0.00680	0.00508	0.00502	0.00167	0.00783	0.00391	0.00227	0.00788
87	0.01169	0.01161	0.01684	0.01454	0.02932	0.02919	0.08761	0.01421	0.05729	0.01429	0.01086	0.05062	0.01060	0.00929	0.01408	0.00223	0.55249	0.05424	0.00288	0.00611
88	0.01260	0.05770	0.06238	0.02082	0.02619	0.01371	0.64200	0.01690	0.01238	0.01688	0.01050	0.01384	0.00799	0.00461	0.00622	0.00174	0.02193	0.00589	0.00269	0.04303
89	0.01259	0.00932	0.01125	0.01096	0.02518	0.00997	0.00903	0.19429	0.13976	0.03666	0.02319	0.05702	0.02266	0.01129	0.00652	0.00212	0.00504	0.40135	0.00513	0.00666
90	0.02014	0.01347	0.01494	0.01154	0.01561	0.01450	0.00950	0.59452	0.02302	0.15096	0.06471	0.01554	0.01254	0.00678	0.00544	0.00162	0.00547	0.00525	0.00561	0.00886
91	0.02312	0.00965	0.01267	0.00976	0.01383	0.00874	0.00804	0.10478	0.01642	0.67483	0.04615	0.01844	0.01412	0.00677	0.00543	0.00166	0.00464	0.00549	0.00648	0.00899
92	0.01390	0.71529	0.12346	0.00996	0.01497	0.02013	0.01053	0.01619	0.01096	0.01318	0.00774	0.00895	0.00688	0.00466	0.00365	0.00122	0.00602	0.00301	0.00229	0.00702
93	0.01907	0.00824	0.01084	0.00899	0.01216	0.00747	0.00721	0.04886	0.03255	0.51894	0.03852	0.14214	0.01810	0.00858	0.00560	0.00174	0.00421	0.03272	0.06620	0.00785
94	0.00776	0.00634	0.00698	0.00689	0.00858	0.00606	0.00512	0.01155	0.13764	0.01696	0.17497	0.15866	0.40754	0.01256	0.00627	0.00185	0.00300	0.01076	0.00523	0.00526
95	0.19316	0.01575	0.24194	0.01112	0.01625	0.01131	0.01133	0.12068	0.01419	0.29293	0.01373	0.01346	0.00922	0.00581	0.00487	0.00167	0.00567	0.00437	0.00447	0.00808
96	0.01244	0.01189	0.02026	0.23814	0.57927	0.01253	0.01605	0.01573	0.01182	0.01651	0.00995	0.01356	0.00814	0.00494	0.00533	0.00165	0.00659	0.00478	0.00258	0.00782
97	0.01104	0.00600	0.00611	0.00573	0.00729	0.00616	0.00439	0.08689	0.01265	0.02139	0.01705	0.01930	0.01330	0.00627	0.00391	0.00129	0.00284	0.00499	0.75798	0.00541
98	0.00654	0.00467	0.00623	0.00747	0.00779	0.00436	0.00498	0.00747	0.01028	0.01370	0.02959	0.80785	0.03550	0.01682	0.00685	0.00218	0.00311	0.01526	0.00498	0.00436
99	0.00770	0.00562	0.00795	0.00795	0.00868	0.00634	0.00587	0.00915	0.00843	0.01196	0.01500	0.02451	0.01490	0.22807	0.60430	0.00779	0.01214	0.00625	0.00297	0.00442
100	0.10293	0.00925	0.01202	0.00931	0.01339	0.00829	0.00769	0.02517	0.01477	0.70920	0.01987	0.01736	0.01257	0.00649	0.00520	0.00166	0.00453	0.00516	0.00633	0.00882
101	0.00670	0.00476	0.00629	0.00745	0.00777	0.00448	0.00499	0.00762	0.01019	0.01357	0.02871	0.73081	0.03428	0.06941	0.00823	0.00239	0.00332	0.03987	0.00487	0.00431
102	0.01077	0.02777	0.78354	0.01530	0.02323	0.01247	0.01983	0.01700	0.01133	0.01700	0.00963	0.01133	0.00680	0.00510	0.00510	0.00170	0.00793	0.00397	0.00227	0.00793
103	0.00987	0.00548	0.00629	0.08105	0.00940	0.00577	0.00501	0.01244	0.01104	0.01893	0.01655	0.01954	0.01311	0.00832	0.05362	0.00177	0.00370	0.00503	0.70801	0.00508
104	0.04682	0.00917	0.01233	0.00948	0.01361	0.00800	0.00783	0.02587	0.01519	0.76072	0.02080	0.01801	0.01308	0.00660	0.00534	0.00166	0.00456	0.00533	0.00655	0.00904
105	0.00932	0.00466	0.00699	0.00699	0.00699	0.00466	0.00466	0.00699	0.00699	0.00932	0.00932	0.01632	0.00932	0.01865	0.02098	0.84382	0.00466	0.00466	0.00233	0.00233
106	0.01267	0.01329	0.01630	0.01406	0.01437	0.10276	0.01159	0.01387	0.00900	0.01294	0.00719	0.01151	0.00703	0.00896	0.01619	0.00224	0.71314	0.00456	0.00240	0.00591
107	0.01113	0.00954	0.01113	0.00795	0.01272	0.00716	0.00636	0.01352	0.01113	0.01749	0.00954	0.01113	0.00795	0.00398	0.00398	0.00080	0.00398	0.00318	0.00318	0.84417
108	0.00878	0.00622	0.00837	0.02612	0.01064	0.00627	0.00737	0.05929	0.01212	0.01595	0.02618	0.31135	0.02916	0.01500	0.00790	0.05549	0.00441	0.37976	0.00476	0.00488
109	0.00781	0.00520	0.00585	0.00585	0.00585	0.00520	0.00325	0.00781	0.00781	0.01041	0.01691	0.03513	0.01952	0.81135	0.02732	0.00520	0.00520	0.00781	0.00325	0.00325
110	0.01647	0.01613	0.01360	0.01181	0.01502	0.24234	0.00919	0.17518	0.34928	0.02164	0.01683	0.01638	0.03795	0.00673	0.00525	0.00162	0.00613	0.00515	0.00458	0.02870
111	0.01075	0.00910	0.01047	0.00775	0.01204	0.00709	0.00617	0.03830	0.01185	0.01776	0.03360	0.01713	0.10842	0.00547	0.00439	0.00098	0.00384	0.00445	0.00355	0.68690
112	0.00850	0.00613	0.00747	0.00786	0.00866	0.00618	0.00543	0.07309	0.05911	0.01552	0.04063	0.50721	0.02890	0.14993	0.01046	0.02364	0.00384	0.02790	0.00471	0.00482
113	0.01219	0.04060	0.02560	0.01914	0.04604	0.03225	0.51158	0.01664	0.06012	0.01688	0.02765	0.06974	0.02507	0.00638	0.00661	0.00184	0.03781	0.03376	0.00319	0.00691

[dist]
# distance from previous block
# <min> <max>
0	1

[block]
# block no. 6 follows, 45 sequences, length 46
# corresponding to MSA columns:
# 618-625,644-681
name=unknown_G
#
# <colnr> <probs for GDERKNQSTAVLIFYWHMCP>
#	G	D	E	R	K	N	Q	S	T	A	V	L	I	F	Y	W	H	M	C	P
0	0.01786	0.07522	0.01614	0.05451	0.06270	0.52730	0.01063	0.04021	0.11587	0.01518	0.01035	0.01153	0.00835	0.00567	0.00490	0.00147	0.00826	0.00395	0.00314	0.00677
1	0.01040	0.00577	0.00608	0.00582	0.00727	0.00592	0.00445	0.06325	0.01203	0.02014	0.01821	0.02071	0.03972	0.00933	0.06888	0.00190	0.00372	0.00527	0.68587	0.00525
2	0.01209	0.01314	0.02699	0.20578	0.08111	0.01319	0.51592	0.01623	0.01208	0.01630	0.01041	0.01430	0.00791	0.00485	0.00629	0.00180	0.02615	0.00582	0.00263	0.00700
3	0.00667	0.00477	0.00634	0.00739	0.00781	0.00445	0.00499	0.00780	0.01087	0.01465	0.11987	0.71486	0.03734	0.01611	0.00679	0.00212	0.00304	0.01459	0.00510	0.00445
4	0.01296	0.05498	0.08285	0.02812	0.59126	0.01282	0.04971	0.01633	0.01203	0.01722	0.00992	0.01280	0.00823	0.00473	0.00516	0.00153	0.00643	0.00458	0.00265	0.06569
5	0.00763	0.00550	0.00723	0.00723	0.00786	0.00592	0.00507	0.00870	0.00856	0.01176	0.01843	0.02923	0.07310	0.35959	0.41347	0.00669	0.00968	0.00703	0.00319	0.00413
6	0.01689	0.01568	0.06861	0.08138	0.09412	0.09911	0.01161	0.39425	0.06705	0.02503	0.01360	0.01450	0.03828	0.00641	0.00568	0.00165	0.02888	0.00494	0.00425	0.00809
7	0.01097	0.01184	0.09039	0.01259	0.01355	0.01356	0.01104	0.01262	0.00878	0.01367	0.00926	0.03006	0.00874	0.01169	0.07371	0.04587	0.54336	0.00495	0.06763	0.00571
8	0.01244	0.38209	0.42563	0.01295	0.03620	0.01643	0.01496	0.01657	0.01116	0.01504	0.00867	0.01015	0.00688	0.00486	0.00436	0.00145	0.00691	0.00349	0.00229	0.00748
9	0.01247	0.01128	0.04773	0.01022	0.01352	0.01141	0.00835	0.03734	0.51373	0.03591	0.03690	0.03731	0.06967	0.00762	0.00541	0.00170	0.00428	0.02188	0.00501	0.10827
10	0.02005	0.02558	0.01521	0.01383	0.01659	0.78980	0.01037	0.02143	0.01521	0.01314	0.00830	0.00968	0.00691	0.00553	0.00484	0.00138	0.00968	0.00346	0.00277	0.00622
11	0.01267	0.01224	0.02119	0.17437	0.60613	0.01264	0.05022	0.01600	0.01197	0.01681	0.01003	0.01353	0.00824	0.00488	0.00537	0.00164	0.00664	0.00485	0.00261	0.00797
12	0.01188	0.00923	0.01169	0.00872	0.01301	0.00723	0.04086	0.01419	0.01149	0.08473	0.01268	0.09322	0.01124	0.00555	0.00450	0.00106	0.00417	0.00475	0.00365	0.64615
13	0.00701	0.00500	0.00609	0.00676	0.00719	0.00472	0.00442	0.00774	0.00978	0.01279	0.02851	0.43037	0.12433	0.27947	0.01359	0.00314	0.00382	0.03684	0.00441	0.00403
14	0.00780	0.00524	0.00604	0.00604	0.00611	0.00531	0.00349	0.00793	0.00786	0.01055	0.01674	0.03416	0.01910	0.75841	0.07969	0.00544	0.00583	0.00767	0.00323	0.00336
15	0.01490	0.01232	0.01563	0.01503	0.12798	0.01343	0.06138	0.22117	0.30140	0.04311	0.03965	0.01862	0.05229	0.00698	0.00592	0.00174	0.02960	0.00588	0.00476	0.00822
16	0.01918	0.00957	0.01191	0.00966	0.01317	0.00931	0.00779	0.07990	0.17585	0.45576	0.12795	0.02134	0.01895	0.00738	0.00554	0.00169	0.00431	0.00611	0.00619	0.00842
17	0.00653	0.00469	0.00620	0.00741	0.00777	0.00437	0.00496	0.00748	0.01034	0.01373	0.03034	0.78472	0.05814	0.01672	0.00684	0.00217	0.00310	0.01514	0.00498	0.00437
18	0.00781	0.00520	0.00585	0.00585	0.00585	0.00520	0.00325	0.00781	0.00781	0.01041	0.01691	0.03513	0.01952	0.81135	0.02732	0.00520	0.00520	0.00781	0.00325	0.00325
19	0.01576	0.01249	0.01403	0.06637	0.05531	0.03550	0.00975	0.25571	0.31867	0.06830	0.03380	0.01797	0.03933	0.00702	0.00573	0.00173	0.02368	0.00564	0.00499	0.00822
