[name]
unknown

[dist]
# distance from previous block
# <min> <max>
9	176

[block]
# block no. 0 follows, 51 sequences, length 10
# corresponding to MSA columns:
# 204-213
name=unknown_A
#
# <colnr> <probs for GDERKNQSTAVLIFYWHMCP>
#	G	D	E	R	K	N	Q	S	T	A	V	L	I	F	Y	W	H	M	C	P
0	0.03551	0.04352	0.01254	0.08722	0.11571	0.02932	0.00858	0.13647	0.12055	0.14674	0.07587	0.04085	0.04884	0.02667	0.00536	0.00159	0.00458	0.00546	0.04784	0.00678
1	0.07284	0.01122	0.04171	0.06083	0.28384	0.01111	0.07414	0.12446	0.07968	0.08340	0.04613	0.01396	0.01027	0.00568	0.00539	0.03406	0.00535	0.00467	0.00346	0.02779
2	0.10339	0.08243	0.06756	0.11988	0.01500	0.00955	0.02188	0.04665	0.04440	0.22102	0.07357	0.05703	0.05030	0.00643	0.00466	0.00149	0.00454	0.00526	0.02229	0.04267
3	0.04634	0.00838	0.07656	0.05580	0.01073	0.00743	0.00644	0.06515	0.03234	0.07320	0.04765	0.04847	0.01487	0.32827	0.01291	0.00277	0.02804	0.00587	0.08589	0.04289
4	0.05099	0.01018	0.07108	0.04054	0.03992	0.00872	0.05053	0.07601	0.05195	0.36318	0.05503	0.06962	0.01340	0.00636	0.00492	0.00151	0.00462	0.00540	0.00468	0.07136
5	0.00780	0.00528	0.00675	0.00643	0.00770	0.00481	0.00476	0.00965	0.01239	0.06006	0.48746	0.13481	0.07847	0.07636	0.00730	0.00186	0.00284	0.03728	0.00495	0.04303
6	0.16113	0.00906	0.00981	0.00776	0.01131	0.00841	0.00617	0.08860	0.07167	0.05134	0.01178	0.08865	0.01026	0.00548	0.00407	0.00117	0.00381	0.00436	0.00358	0.44159
7	0.00928	0.00873	0.01474	0.81548	0.03385	0.01092	0.01365	0.01256	0.00983	0.01256	0.00873	0.01310	0.00655	0.00491	0.00491	0.00164	0.00655	0.00437	0.00218	0.00546
8	0.00928	0.00873	0.01474	0.81548	0.03385	0.01092	0.01365	0.01256	0.00983	0.01256	0.00873	0.01310	0.00655	0.00491	0.00491	0.00164	0.00655	0.00437	0.00218	0.00546
9	0.01627	0.09392	0.03047	0.05958	0.12355	0.36245	0.02558	0.05808	0.01298	0.11273	0.00952	0.01082	0.00741	0.00522	0.00516	0.00140	0.05154	0.00376	0.00300	0.00653

[dist]
# distance from previous block
# <min> <max>
18	30

[block]
# block no. 1 follows, 51 sequences, length 78
# corresponding to MSA columns:
# 246-323
name=unknown_B
#
# <colnr> <probs for GDERKNQSTAVLIFYWHMCP>
#	G	D	E	R	K	N	Q	S	T	A	V	L	I	F	Y	W	H	M	C	P
0	0.01142	0.01080	0.04078	0.01148	0.01547	0.00968	0.19275	0.10508	0.11480	0.01837	0.05755	0.04737	0.01176	0.00532	0.00476	0.00129	0.00501	0.00496	0.00351	0.32786
1	0.10312	0.01057	0.01144	0.00887	0.01264	0.01055	0.00721	0.29089	0.07936	0.08223	0.01334	0.01348	0.04594	0.00541	0.00435	0.00126	0.00430	0.00416	0.00414	0.28673
2	0.13412	0.02684	0.07310	0.03555	0.05746	0.00824	0.00737	0.03487	0.05553	0.02921	0.22762	0.01977	0.05023	0.01795	0.00485	0.00140	0.00389	0.00529	0.00377	0.20295
3	0.42239	0.01052	0.09720	0.01877	0.01156	0.00963	0.00732	0.03442	0.05717	0.10245	0.11200	0.01613	0.02397	0.00606	0.00417	0.00155	0.00413	0.03457	0.00379	0.02222
4	0.00700	0.00479	0.00580	0.00592	0.00609	0.00490	0.00365	0.00737	0.00751	0.01015	0.01634	0.11405	0.01852	0.61477	0.14826	0.00497	0.00591	0.00757	0.00309	0.00331
5	0.00962	0.00906	0.01530	0.69455	0.13795	0.01091	0.01369	0.01281	0.01001	0.01304	0.00911	0.02631	0.00715	0.00501	0.00493	0.00162	0.00639	0.00453	0.00226	0.00575
6	0.00970	0.01998	0.54689	0.12484	0.04691	0.01061	0.03481	0.01441	0.01029	0.01503	0.00989	0.05756	0.00793	0.00522	0.00476	0.00153	0.00664	0.00435	0.00231	0.06634
7	0.00706	0.00533	0.00775	0.00780	0.00851	0.00615	0.00592	0.00856	0.00801	0.01142	0.01467	0.11310	0.01479	0.08858	0.62853	0.00677	0.04355	0.00637	0.00286	0.00428
8	0.00784	0.00721	0.00678	0.00653	0.00823	0.08130	0.00496	0.01037	0.07420	0.01517	0.20086	0.03940	0.46744	0.01082	0.00565	0.00162	0.00325	0.03908	0.00458	0.00471
9	0.01314	0.83025	0.02575	0.00841	0.01261	0.01945	0.00841	0.01472	0.00999	0.01156	0.00683	0.00788	0.00631	0.00420	0.00315	0.00105	0.00526	0.00263	0.00210	0.00631
10	0.01250	0.01061	0.01260	0.12304	0.10633	0.03787	0.00931	0.05685	0.45060	0.05741	0.01731	0.01743	0.03869	0.02099	0.00533	0.00166	0.00470	0.00528	0.00423	0.00724
11	0.00679	0.00467	0.00541	0.00567	0.00585	0.00454	0.00339	0.00707	0.00795	0.01048	0.02054	0.21417	0.07559	0.58474	0.01939	0.00391	0.00417	0.00893	0.00345	0.00329
12	0.01314	0.83025	0.02575	0.00841	0.01261	0.01945	0.00841	0.01472	0.00999	0.01156	0.00683	0.00788	0.00631	0.00420	0.00315	0.00105	0.00526	0.00263	0.00210	0.00631
13	0.86201	0.00950	0.00722	0.00646	0.00950	0.01102	0.00532	0.01445	0.00836	0.02205	0.00684	0.00798	0.00532	0.00456	0.00304	0.00152	0.00380	0.00266	0.00304	0.00532
14	0.00703	0.00523	0.00769	0.00769	0.00850	0.00603	0.00589	0.00865	0.00784	0.01126	0.01335	0.02033	0.01273	0.10013	0.74516	0.00765	0.01249	0.00542	0.00266	0.00427
15	0.01645	0.01345	0.06026	0.01243	0.06969	0.01387	0.00986	0.49808	0.18269	0.05190	0.01342	0.01328	0.00972	0.00589	0.00492	0.00152	0.00519	0.00463	0.00463	0.00813
16	0.00691	0.00467	0.00543	0.00566	0.00572	0.00461	0.00330	0.00709	0.00760	0.01013	0.01782	0.19128	0.02081	0.66416	0.02125	0.00421	0.00438	0.00852	0.00330	0.00318
17	0.00934	0.02239	0.01186	0.04887	0.23758	0.03559	0.03191	0.03578	0.01048	0.01389	0.01880	0.22759	0.07653	0.14699	0.00878	0.00221	0.00476	0.04791	0.00341	0.00534
18	0.00730	0.00545	0.00808	0.06411	0.01024	0.00627	0.00639	0.00923	0.00865	0.01255	0.07552	0.02021	0.01463	0.03069	0.64126	0.00656	0.01121	0.00545	0.05170	0.00449
19	0.01019	0.00873	0.01019	0.00728	0.01165	0.00655	0.00582	0.01237	0.01019	0.01601	0.00873	0.01019	0.00728	0.00364	0.00364	0.00073	0.00364	0.00291	0.00291	0.85734
20	0.02658	0.08018	0.18622	0.09747	0.22459	0.01247	0.20357	0.06508	0.01156	0.01617	0.00928	0.01185	0.00722	0.00514	0.02024	0.00164	0.00684	0.00442	0.00250	0.00697
21	0.09835	0.07469	0.01318	0.01084	0.01343	0.46273	0.00841	0.10055	0.02728	0.01518	0.00974	0.05770	0.00862	0.00822	0.06869	0.00188	0.00764	0.00406	0.00298	0.00583
22	0.00854	0.00427	0.00640	0.00640	0.00640	0.00427	0.00427	0.00640	0.00640	0.00854	0.00854	0.01494	0.00854	0.01707	0.01921	0.85702	0.00427	0.00427	0.00213	0.00213
23	0.00671	0.00550	0.00576	0.00551	0.00723	0.00486	0.00418	0.05256	0.01225	0.01516	0.14582	0.04382	0.64988	0.01175	0.00575	0.00163	0.00264	0.00983	0.00470	0.00446
24	0.01195	0.01348	0.08072	0.03396	0.02396	0.01169	0.62145	0.01594	0.01154	0.06068	0.01031	0.01307	0.00761	0.00428	0.00553	0.00159	0.00767	0.00540	0.00268	0.05649
25	0.00696	0.00502	0.00657	0.00618	0.00734	0.00464	0.00464	0.00927	0.01391	0.01971	0.79405	0.03671	0.04637	0.01005	0.00580	0.00155	0.00232	0.00889	0.00541	0.00464
26	0.01007	0.00940	0.01513	0.59960	0.15046	0.01119	0.01319	0.01452	0.10016	0.01403	0.01012	0.01356	0.00772	0.00503	0.00492	0.00161	0.00613	0.00451	0.00255	0.00609
27	0.76393	0.00981	0.00788	0.00695	0.01002	0.01134	0.00570	0.05907	0.05478	0.02247	0.00790	0.00881	0.00606	0.00476	0.00326	0.00153	0.00390	0.00293	0.00326	0.00564
28	0.02089	0.01022	0.01256	0.00963	0.01347	0.00998	0.00795	0.28444	0.01718	0.53515	0.01677	0.01503	0.01085	0.00602	0.00493	0.00150	0.00460	0.00476	0.00568	0.00836
29	0.82982	0.01003	0.00748	0.00670	0.00972	0.04141	0.00548	0.01464	0.00858	0.02167	0.00687	0.00802	0.00536	0.00458	0.00309	0.00151	0.00399	0.00268	0.00302	0.00534
30	0.02136	0.01116	0.01187	0.00947	0.01304	0.15597	0.00765	0.02315	0.01404	0.65358	0.01720	0.01526	0.01108	0.00589	0.00485	0.00147	0.00505	0.00461	0.00542	0.00787
31	0.01288	0.76583	0.08787	0.00886	0.01331	0.01880	0.00919	0.01478	0.01002	0.01188	0.00699	0.00808	0.00630	0.00424	0.00327	0.00109	0.00542	0.00271	0.00210	0.00638
32	0.00611	0.00499	0.00540	0.00530	0.00683	0.00428	0.00397	0.00764	0.01192	0.01499	0.24785	0.04448	0.59551	0.01181	0.00580	0.00163	0.00244	0.00998	0.00479	0.00428
33	0.00750	0.00544	0.00725	0.00659	0.00699	0.00538	0.06508	0.00783	0.00750	0.01003	0.01504	0.03065	0.01703	0.76140	0.02347	0.00452	0.00505	0.00704	0.00294	0.00327
34	0.00701	0.00472	0.00545	0.00558	0.00563	0.00470	0.00322	0.00714	0.00742	0.00991	0.01679	0.12367	0.01946	0.71885	0.03709	0.00450	0.00470	0.00790	0.00315	0.00312
35	0.00928	0.00873	0.01474	0.81548	0.03385	0.01092	0.01365	0.01256	0.00983	0.01256	0.00873	0.01310	0.00655	0.00491	0.00491	0.00164	0.00655	0.00437	0.00218	0.00546
36	0.01463	0.60228	0.02249	0.00950	0.01334	0.17795	0.00870	0.07698	0.01183	0.01321	0.00738	0.00839	0.00648	0.00451	0.00355	0.00113	0.00599	0.00288	0.00241	0.00635
37	0.01053	0.00894	0.01037	0.00744	0.01179	0.00690	0.00596	0.04306	0.01071	0.01661	0.00886	0.01025	0.00732	0.00373	0.00369	0.00076	0.00371	0.00297	0.00299	0.82341
38	0.00826	0.00643	0.00923	0.05430	0.01056	0.00670	0.06725	0.06293	0.01017	0.01389	0.12525	0.08289	0.03965	0.27622	0.20059	0.00411	0.00663	0.00706	0.00344	0.00446
39	0.00983	0.00921	0.00835	0.00769	0.00934	0.16276	0.00580	0.06490	0.01404	0.01789	0.46039	0.06208	0.13004	0.00930	0.00549	0.00152	0.00386	0.00784	0.00467	0.00502
40	0.07462	0.00483	0.00589	0.00662	0.00732	0.00465	0.00458	0.00777	0.01000	0.01426	0.12449	0.61304	0.07666	0.01367	0.00593	0.00188	0.00284	0.01221	0.00455	0.00419
41	0.01253	0.68067	0.16999	0.00945	0.01422	0.01795	0.01022	0.01487	0.01006	0.01231	0.00720	0.00835	0.00629	0.00429	0.00343	0.00114	0.00563	0.00281	0.00210	0.00648
42	0.00974	0.02461	0.77028	0.01370	0.02072	0.01114	0.01762	0.01531	0.01052	0.01573	0.03997	0.01142	0.00782	0.00488	0.00471	0.00156	0.00707	0.00384	0.00221	0.00716
43	0.01836	0.02342	0.01393	0.01266	0.01519	0.80756	0.00950	0.01962	0.01393	0.01203	0.00760	0.00886	0.00633	0.00506	0.00443	0.00127	0.00886	0.00317	0.00253	0.00570
44	0.00641	0.00463	0.00613	0.00706	0.00765	0.00435	0.00511	0.00767	0.01027	0.01364	0.10103	0.56952	0.07792	0.01440	0.00629	0.00198	0.00307	0.14408	0.00464	0.00416
45	0.01480	0.01052	0.01152	0.00933	0.01197	0.01139	0.00728	0.49219	0.01768	0.04775	0.03334	0.04530	0.01312	0.22488	0.01036	0.00238	0.00502	0.02010	0.00443	0.00662
46	0.00690	0.00499	0.00651	0.00624	0.00736	0.00461	0.00467	0.00912	0.01358	0.01912	0.72622	0.07770	0.06128	0.01043	0.00584	0.00158	0.00239	0.02155	0.00533	0.00459
47	0.01245	0.19590	0.48982	0.01215	0.01808	0.04043	0.01427	0.06973	0.01160	0.07846	0.00941	0.01040	0.00687	0.00478	0.00437	0.00143	0.00651	0.00356	0.00262	0.00717
48	0.00634	0.00490	0.00560	0.00582	0.00695	0.00439	0.00424	0.00760	0.01082	0.01373	0.14578	0.16596	0.41104	0.11292	0.00832	0.00213	0.00297	0.07193	0.00449	0.00408
49	0.01831	0.01358	0.01454	0.01123	0.01510	0.01507	0.00925	0.73698	0.06698	0.03037	0.01227	0.01217	0.00874	0.00594	0.00492	0.00149	0.00532	0.00449	0.00492	0.00832
50	0.01868	0.01376	0.01475	0.01131	0.01524	0.01524	0.00934	0.78025	0.02311	0.03097	0.01180	0.01180	0.00836	0.00590	0.00492	0.00147	0.00541	0.00442	0.00492	0.00836
51	0.01019	0.00873	0.01019	0.00728	0.01165	0.00655	0.00582	0.01237	0.01019	0.01601	0.00873	0.01019	0.00728	0.00364	0.00364	0.00073	0.00364	0.00291	0.00291	0.85734
52	0.01868	0.01376	0.01475	0.01131	0.01524	0.01524	0.00934	0.78025	0.02311	0.03097	0.01180	0.01180	0.00836	0.00590	0.00492	0.00147	0.00541	0.00442	0.00492	0.00836
53	0.01868	0.01376	0.01475	0.01131	0.01524	0.01524	0.00934	0.78025	0.02311	0.03097	0.01180	0.01180	0.00836	0.00590	0.00492	0.00147	0.00541	0.00442	0.00492	0.00836
54	0.01823	0.01354	0.01449	0.01122	0.01507	0.01503	0.00923	0.72746	0.07664	0.03024	0.01237	0.01226	0.00882	0.00595	0.00492	0.00149	0.00530	0.00450	0.00492	0.00832
55	0.01210	0.04451	0.01696	0.24886	0.32931	0.10220	0.03601	0.03429	0.03784	0.02748	0.00971	0.01288	0.00791	0.02307	0.03500	0.00179	0.00658	0.00435	0.00259	0.00658
56	0.00704	0.00517	0.00740	0.00740	0.00811	0.00587	0.00553	0.00846	0.00775	0.01104	0.01361	0.02180	0.01337	0.19053	0.65563	0.00729	0.01153	0.00563	0.00270	0.00411
57	0.01282	0.01101	0.01669	0.04272	0.47406	0.02415	0.02840	0.06142	0.11468	0.07228	0.04045	0.01633	0.02119	0.00558	0.00503	0.00154	0.00534	0.03549	0.00339	0.00745
58	0.08548	0.01307	0.01375	0.01078	0.01451	0.01457	0.00885	0.63668	0.10534	0.02912	0.01230	0.01221	0.00884	0.00588	0.00478	0.00150	0.00511	0.00441	0.00478	0.00805
59	0.00709	0.00523	0.00673	0.00628	0.00761	0.00472	0.00470	0.00928	0.01328	0.01882	0.67022	0.08985	0.05824	0.01002	0.00568	0.00152	0.00245	0.00885	0.00516	0.06428
60	0.05893	0.01928	0.48860	0.07204	0.13165	0.01103	0.06938	0.01472	0.01037	0.01563	0.00991	0.05847	0.00804	0.00523	0.00479	0.00158	0.00662	0.00449	0.00236	0.00686
61	0.01314	0.83025	0.02575	0.00841	0.01261	0.01945	0.00841	0.01472	0.00999	0.01156	0.00683	0.00788	0.00631	0.00420	0.00315	0.00105	0.00526	0.00263	0.00210	0.00631
62	0.00599	0.00428	0.00570	0.00684	0.00713	0.00399	0.00456	0.00684	0.00941	0.01254	0.02709	0.82409	0.03250	0.01540	0.00627	0.00200	0.00285	0.01397	0.00456	0.00399
63	0.86201	0.00950	0.00722	0.00646	0.00950	0.01102	0.00532	0.01445	0.00836	0.02205	0.00684	0.00798	0.00532	0.00456	0.00304	0.00152	0.00380	0.00266	0.00304	0.00532
64	0.01241	0.01006	0.01141	0.00892	0.01266	0.00964	0.01719	0.17000	0.19828	0.03198	0.01295	0.04512	0.01042	0.00533	0.00437	0.00118	0.00409	0.00436	0.00392	0.42570
65	0.01019	0.00873	0.01019	0.00728	0.01165	0.00655	0.00582	0.01237	0.01019	0.01601	0.00873	0.01019	0.00728	0.00364	0.00364	0.00073	0.00364	0.00291	0.00291	0.85734
66	0.01071	0.12506	0.52536	0.01538	0.06601	0.01262	0.14680	0.01546	0.01058	0.01511	0.00878	0.01065	0.00654	0.00450	0.00468	0.00150	0.00710	0.00392	0.00217	0.00706
67	0.01125	0.01945	0.50516	0.01558	0.13942	0.01062	0.03449	0.03192	0.01127	0.08331	0.03982	0.02496	0.00977	0.00546	0.00490	0.00157	0.00641	0.03463	0.00280	0.00720
68	0.02134	0.00870	0.01153	0.00887	0.01261	0.00779	0.00732	0.08406	0.01478	0.71589	0.04121	0.01691	0.01285	0.00618	0.00496	0.00152	0.00423	0.00501	0.00597	0.00825
69	0.51742	0.00904	0.00894	0.00740	0.01075	0.00946	0.00610	0.01834	0.01070	0.34121	0.01199	0.01157	0.00813	0.00519	0.00382	0.00152	0.00396	0.00360	0.00429	0.00657
70	0.01188	0.03207	0.18937	0.03903	0.50795	0.02252	0.07824	0.01544	0.01110	0.03239	0.00934	0.01185	0.00744	0.00447	0.00486	0.00149	0.00635	0.00429	0.00243	0.00749
71	0.08856	0.01067	0.01563	0.16540	0.39453	0.04168	0.02425	0.01525	0.06653	0.04573	0.01055	0.01407	0.00877	0.07062	0.00633	0.00177	0.00565	0.00453	0.00282	0.00668
72	0.00703	0.00536	0.00706	0.00744	0.05338	0.00494	0.00511	0.00914	0.01309	0.01812	0.59247	0.08204	0.15560	0.01038	0.00577	0.00158	0.00258	0.00914	0.00506	0.00471
73	0.00674	0.00525	0.00780	0.00924	0.07107	0.00496	0.03634	0.00793	0.00978	0.01317	0.04823	0.70282	0.02994	0.01390	0.00613	0.00193	0.00329	0.01272	0.00433	0.00442
74	0.01259	0.10623	0.01923	0.18267	0.39547	0.04309	0.06896	0.01559	0.02595	0.06962	0.00976	0.01225	0.00773	0.00464	0.00474	0.00146	0.00606	0.00429	0.00266	0.00702
75	0.01160	0.01326	0.02900	0.02071	0.02568	0.01243	0.77879	0.01574	0.01160	0.01574	0.00994	0.01326	0.00746	0.00414	0.00580	0.00166	0.00829	0.00580	0.00249	0.00663
76	0.00766	0.00624	0.00877	0.00845	0.00953	0.03834	0.03141	0.00948	0.00830	0.01170	0.01289	0.01867	0.01190	0.03397	0.73545	0.00731	0.01264	0.00519	0.01758	0.00452
77	0.00606	0.00434	0.00577	0.00679	0.00714	0.00404	0.00457	0.00704	0.00977	0.01312	0.08848	0.76106	0.03361	0.01497	0.00623	0.00196	0.00281	0.01356	0.00463	0.00404

[dist]
# distance from previous block
# <min> <max>
0	1

[block]
# block no. 2 follows, 51 sequences, length 26
# corresponding to MSA columns:
# 325-350
name=unknown_C
#
# <colnr> <probs for GDERKNQSTAVLIFYWHMCP>
#	G	D	E	R	K	N	Q	S	T	A	V	L	I	F	Y	W	H	M	C	P
0	0.01347	0.01137	0.01217	0.01211	0.09467	0.07345	0.00855	0.02391	0.56191	0.09023	0.01840	0.01733	0.02752	0.00636	0.00495	0.00160	0.00448	0.00528	0.00463	0.00760
1	0.00986	0.02542	0.80183	0.01401	0.02127	0.01141	0.01816	0.01556	0.01038	0.01556	0.00882	0.01038	0.00623	0.00467	0.00467	0.00156	0.00726	0.00363	0.00208	0.00726
2	0.00713	0.00481	0.00559	0.00559	0.00567	0.00489	0.00327	0.00729	0.00721	0.00970	0.01527	0.03099	0.01736	0.75536	0.09625	0.00505	0.00553	0.00698	0.00295	0.00311
3	0.00792	0.00566	0.00792	0.00905	0.01018	0.00566	0.00792	0.01018	0.01131	0.01471	0.02602	0.05543	0.02828	0.01358	0.00679	0.00226	0.00453	0.76356	0.00453	0.00453
4	0.01868	0.01376	0.01475	0.01131	0.01524	0.01524	0.00934	0.78025	0.02311	0.03097	0.01180	0.01180	0.00836	0.00590	0.00492	0.00147	0.00541	0.00442	0.00492	0.00836
5	0.01273	0.01081	0.01139	0.01010	0.01297	0.01246	0.00790	0.08479	0.72826	0.02137	0.01936	0.01783	0.01448	0.00661	0.00499	0.00165	0.00401	0.00547	0.00499	0.00782
6	0.00928	0.00873	0.01474	0.81548	0.03385	0.01092	0.01365	0.01256	0.00983	0.01256	0.00873	0.01310	0.00655	0.00491	0.00491	0.00164	0.00655	0.00437	0.00218	0.00546
7	0.00596	0.00440	0.00557	0.00651	0.00704	0.00402	0.00442	0.00688	0.00972	0.01267	0.03108	0.68744	0.16658	0.01488	0.00619	0.00194	0.00279	0.01334	0.00456	0.00402
8	0.86201	0.00950	0.00722	0.00646	0.00950	0.01102	0.00532	0.01445	0.00836	0.02205	0.00684	0.00798	0.00532	0.00456	0.00304	0.00152	0.00380	0.00266	0.00304	0.00532
9	0.00684	0.00502	0.00640	0.00606	0.00727	0.00459	0.00454	0.00904	0.01363	0.01904	0.71634	0.03781	0.12449	0.01030	0.00580	0.00156	0.00234	0.00904	0.00532	0.00459
10	0.01029	0.00953	0.01569	0.63043	0.17243	0.01128	0.01369	0.05253	0.01076	0.01414	0.00899	0.01286	0.00687	0.00487	0.00490	0.00160	0.00636	0.00437	0.00237	0.00603
11	0.00928	0.00873	0.01474	0.81548	0.03385	0.01092	0.01365	0.01256	0.00983	0.01256	0.00873	0.01310	0.00655	0.00491	0.00491	0.00164	0.00655	0.00437	0.00218	0.00546
12	0.00992	0.02097	0.58993	0.01306	0.01902	0.01092	0.04640	0.01619	0.10642	0.01619	0.05203	0.01333	0.00979	0.00684	0.04615	0.00190	0.00693	0.00432	0.00266	0.00701
13	0.12659	0.01199	0.01303	0.01011	0.01390	0.01287	0.00835	0.51023	0.01917	0.20548	0.01290	0.01244	0.00884	0.00577	0.00468	0.00149	0.00492	0.00432	0.00494	0.00797
14	0.01627	0.05622	0.16870	0.01270	0.03391	0.36636	0.01118	0.22434	0.03357	0.01811	0.00927	0.01020	0.00709	0.00520	0.00458	0.00138	0.00727	0.00366	0.00312	0.00685
15	0.00625	0.00500	0.00559	0.00544	0.00691	0.00434	0.00408	0.00791	0.01225	0.01576	0.33761	0.04320	0.50527	0.01152	0.00580	0.00162	0.00242	0.00980	0.00489	0.00434
16	0.00664	0.00486	0.00617	0.00669	0.00743	0.00463	0.00469	0.00863	0.05193	0.01511	0.24100	0.50650	0.07541	0.01311	0.00600	0.00182	0.00273	0.01175	0.02054	0.00439
17	0.01850	0.01330	0.01437	0.01110	0.01496	0.01465	0.00914	0.69802	0.06546	0.07105	0.01266	0.01243	0.00893	0.00595	0.00492	0.00149	0.00526	0.00452	0.00498	0.00833
18	0.01636	0.00963	0.01124	0.00947	0.01268	0.01012	0.00754	0.02520	0.46188	0.34888	0.01974	0.01766	0.01381	0.00642	0.00498	0.00161	0.00401	0.00530	0.00546	0.00802
19	0.01647	0.05586	0.01488	0.11601	0.01714	0.01437	0.00962	0.58497	0.04472	0.02662	0.02703	0.02838	0.00944	0.00597	0.00487	0.00149	0.00539	0.00463	0.00442	0.00769
20	0.01799	0.01467	0.07599	0.01152	0.01571	0.01494	0.01003	0.72075	0.02211	0.02977	0.01157	0.01169	0.00819	0.00580	0.00490	0.00148	0.00555	0.00436	0.00470	0.00827
21	0.00974	0.00918	0.01535	0.68954	0.13625	0.01105	0.01370	0.01323	0.02930	0.01323	0.00908	0.01310	0.00693	0.00488	0.00491	0.00161	0.00639	0.00440	0.00229	0.00583
22	0.00739	0.00848	0.14074	0.00748	0.00970	0.00577	0.00692	0.01020	0.01308	0.01847	0.59533	0.03336	0.09023	0.00937	0.00563	0.00157	0.00321	0.02326	0.00477	0.00504
23	0.15735	0.00824	0.01028	0.00814	0.01158	0.00761	0.00668	0.02107	0.01312	0.60243	0.08785	0.01712	0.01416	0.00620	0.00471	0.00152	0.00395	0.00493	0.00553	0.00753
24	0.05768	0.60461	0.11886	0.00919	0.01359	0.01735	0.00942	0.03391	0.07078	0.01377	0.00822	0.00910	0.00697	0.00451	0.00352	0.00120	0.00532	0.00302	0.00244	0.00654
25	0.01284	0.75700	0.09638	0.00892	0.01340	0.01871	0.00930	0.01479	0.01002	0.01193	0.00701	0.00811	0.00630	0.00425	0.00329	0.00110	0.00544	0.00272	0.00210	0.00639

[dist]
# distance from previous block
# <min> <max>
0	4

[block]
# block no. 3 follows, 51 sequences, length 25
# corresponding to MSA columns:
# 355-379
name=unknown_D
#
# <colnr> <probs for GDERKNQSTAVLIFYWHMCP>
#	G	D	E	R	K	N	Q	S	T	A	V	L	I	F	Y	W	H	M	C	P
0	0.73919	0.00939	0.00765	0.00658	0.00981	0.01038	0.00539	0.01415	0.00863	0.02118	0.00712	0.00830	0.00560	0.00443	0.00313	0.00141	0.00378	0.00270	0.00302	0.12816
1	0.01083	0.01030	0.01798	0.20717	0.42476	0.01071	0.09556	0.01386	0.01094	0.01502	0.01162	0.01874	0.01042	0.00580	0.00525	0.00164	0.00608	0.11399	0.00268	0.00665
2	0.00791	0.00621	0.00744	0.00766	0.00894	0.00625	0.00555	0.01211	0.19673	0.01509	0.05240	0.49752	0.04026	0.01210	0.00576	0.00181	0.00320	0.03953	0.00457	0.06895
3	0.00704	0.00519	0.00753	0.00753	0.00828	0.00594	0.00569	0.00854	0.00779	0.01114	0.01350	0.02116	0.01309	0.15082	0.69496	0.00745	0.01195	0.00554	0.00268	0.00418
4	0.00702	0.00527	0.00790	0.00790	0.00878	0.00614	0.00614	0.00878	0.00790	0.01141	0.01316	0.01931	0.01229	0.03686	0.80782	0.00790	0.01316	0.00527	0.00263	0.00439
5	0.01177	0.34839	0.14148	0.01415	0.01898	0.01483	0.32163	0.01500	0.01075	0.01401	0.02270	0.02780	0.00801	0.00458	0.00456	0.00140	0.00668	0.00441	0.00236	0.00650
6	0.00657	0.00501	0.00603	0.00577	0.00710	0.00447	0.00433	0.00852	0.01299	0.01753	0.54205	0.04029	0.29972	0.01086	0.00580	0.00158	0.00238	0.00939	0.00512	0.00447
7	0.01089	0.02166	0.64164	0.01270	0.01901	0.01032	0.01570	0.01586	0.01111	0.10002	0.08448	0.01356	0.01067	0.00533	0.00481	0.00155	0.00646	0.00427	0.00282	0.00713
8	0.00707	0.00504	0.00632	0.00627	0.00749	0.00458	0.00471	0.00892	0.01251	0.03998	0.44944	0.15313	0.20672	0.01145	0.00590	0.00168	0.00262	0.05658	0.00507	0.00454
9	0.01469	0.01685	0.01390	0.29025	0.02128	0.44402	0.01069	0.06379	0.01307	0.01375	0.04608	0.01185	0.00846	0.00530	0.00469	0.00142	0.00753	0.00393	0.00270	0.00573
10	0.00711	0.00528	0.00602	0.00609	0.00770	0.00464	0.00483	0.00869	0.01159	0.05196	0.10761	0.04656	0.53770	0.01216	0.00596	0.00176	0.00297	0.16219	0.00470	0.00447
11	0.01342	0.01134	0.01794	0.02506	0.60063	0.01148	0.01328	0.05391	0.09525	0.09167	0.01148	0.01324	0.00900	0.00486	0.00489	0.00149	0.00545	0.00456	0.00317	0.00787
12	0.01868	0.01376	0.01475	0.01131	0.01524	0.01524	0.00934	0.78025	0.02311	0.03097	0.01180	0.01180	0.00836	0.00590	0.00492	0.00147	0.00541	0.00442	0.00492	0.00836
13	0.00721	0.00647	0.05684	0.00805	0.00924	0.00634	0.00660	0.00905	0.00798	0.01149	0.01310	0.01992	0.01242	0.10666	0.68697	0.00722	0.01203	0.00533	0.00263	0.00444
14	0.19179	0.00859	0.01056	0.00828	0.01193	0.00799	0.00684	0.02203	0.01291	0.64282	0.01685	0.01496	0.01078	0.00578	0.00456	0.00152	0.00410	0.00448	0.00547	0.00775
15	0.01902	0.01745	0.01389	0.01156	0.01483	0.38035	0.00911	0.31959	0.01756	0.13310	0.01095	0.01115	0.00797	0.00554	0.00470	0.00138	0.00683	0.00392	0.00398	0.00713
16	0.01529	0.01724	0.01486	0.17715	0.13149	0.42257	0.01103	0.07771	0.05914	0.01471	0.00913	0.01099	0.00726	0.00510	0.00466	0.00141	0.00739	0.00382	0.00278	0.00628
17	0.01836	0.02342	0.01393	0.01266	0.01519	0.80756	0.00950	0.01962	0.01393	0.01203	0.00760	0.00886	0.00633	0.00506	0.00443	0.00127	0.00886	0.00317	0.00253	0.00570
18	0.01281	0.01859	0.42695	0.01481	0.02074	0.01085	0.22770	0.01731	0.01146	0.17414	0.01127	0.01246	0.00777	0.00481	0.00504	0.00158	0.00692	0.00450	0.00300	0.00731
19	0.00641	0.00466	0.00653	0.00728	0.00780	0.00479	0.00522	0.00762	0.00895	0.01222	0.02223	0.52033	0.02536	0.02277	0.28383	0.00405	0.00648	0.03542	0.00389	0.00415
20	0.14315	0.00853	0.01080	0.00841	0.01211	0.00777	0.00695	0.02258	0.01324	0.68787	0.01758	0.01547	0.01118	0.00586	0.00467	0.00152	0.00413	0.00461	0.00564	0.00792
21	0.00893	0.00580	0.00739	0.00691	0.00838	0.00554	0.00520	0.01209	0.08673	0.10238	0.52698	0.14635	0.03773	0.01007	0.00570	0.00162	0.00274	0.00888	0.00532	0.00524
22	0.00968	0.00766	0.00922	0.00944	0.01124	0.00834	0.00786	0.01668	0.32826	0.01709	0.02356	0.04029	0.02286	0.01076	0.00606	0.00202	0.00427	0.45414	0.00472	0.00585
23	0.01018	0.01157	0.12660	0.09613	0.01675	0.00828	0.08181	0.01317	0.01031	0.01555	0.00886	0.01082	0.00707	0.00397	0.00413	0.00103	0.00491	0.00345	0.00267	0.56274
24	0.05496	0.01320	0.11776	0.01660	0.06853	0.01088	0.39369	0.01786	0.02512	0.21325	0.01216	0.01354	0.00853	0.00477	0.00524	0.00159	0.00669	0.00507	0.00341	0.00717

[dist]
# distance from previous block
# <min> <max>
0	2

[block]
# block no. 4 follows, 51 sequences, length 38
# corresponding to MSA columns:
# 382-419
name=unknown_E
#
# <colnr> <probs for GDERKNQSTAVLIFYWHMCP>
#	G	D	E	R	K	N	Q	S	T	A	V	L	I	F	Y	W	H	M	C	P
0	0.01196	0.57359	0.12809	0.00925	0.01331	0.04067	0.00948	0.01409	0.01023	0.01245	0.01004	0.06538	0.00983	0.00580	0.00390	0.00129	0.00542	0.06662	0.00247	0.00612
1	0.01003	0.00995	0.01467	0.74890	0.03230	0.07698	0.01330	0.01314	0.01017	0.01251	0.00864	0.01275	0.00653	0.00493	0.00487	0.00161	0.00674	0.00427	0.00221	0.00548
2	0.00789	0.05977	0.00981	0.00750	0.00948	0.00635	0.06909	0.01020	0.01290	0.01793	0.54320	0.03180	0.10980	0.00890	0.00545	0.00147	0.00313	0.00789	0.00467	0.07276
3	0.01243	0.00833	0.01327	0.01037	0.01344	0.00770	0.16403	0.01542	0.04603	0.21651	0.18161	0.01989	0.01804	0.01079	0.12403	0.00240	0.00586	0.00577	0.00422	0.11984
4	0.08162	0.00955	0.01339	0.41799	0.06878	0.02170	0.02951	0.14160	0.01173	0.01628	0.01012	0.01513	0.00850	0.12518	0.00771	0.00204	0.00590	0.00466	0.00286	0.00574
5	0.00631	0.00458	0.00623	0.00748	0.02736	0.00431	0.00498	0.00739	0.00989	0.01329	0.08710	0.70747	0.03278	0.01461	0.00622	0.00196	0.00296	0.04632	0.00457	0.00416
6	0.00986	0.02542	0.80183	0.01401	0.02127	0.01141	0.01816	0.01556	0.01038	0.01556	0.00882	0.01038	0.00623	0.00467	0.00467	0.00156	0.00726	0.00363	0.00208	0.00726
7	0.00854	0.00427	0.00640	0.00640	0.00640	0.00427	0.00427	0.00640	0.00640	0.00854	0.00854	0.01494	0.00854	0.01707	0.01921	0.85702	0.00427	0.00427	0.00213	0.00213
8	0.01414	0.57402	0.08422	0.00978	0.01391	0.16008	0.00943	0.06053	0.01149	0.01310	0.00742	0.00849	0.00642	0.00449	0.00361	0.00115	0.00607	0.00291	0.00234	0.00639
9	0.00928	0.00873	0.01474	0.81548	0.03385	0.01092	0.01365	0.01256	0.00983	0.01256	0.00873	0.01310	0.00655	0.00491	0.00491	0.00164	0.00655	0.00437	0.00218	0.00546
10	0.00971	0.00902	0.01427	0.68968	0.03056	0.01119	0.01280	0.01433	0.11276	0.01360	0.01017	0.01374	0.00767	0.00523	0.00519	0.00165	0.02559	0.00452	0.00256	0.00576
11	0.00680	0.00505	0.00743	0.00767	0.00842	0.00568	0.00580	0.00836	0.00822	0.01165	0.01616	0.19259	0.01664	0.03224	0.63524	0.00663	0.01094	0.00714	0.00305	0.00430
12	0.00817	0.00611	0.00729	0.00755	0.00863	0.00618	0.00540	0.11084	0.07591	0.01571	0.02627	0.58844	0.08799	0.01318	0.00595	0.00187	0.00325	0.01172	0.00465	0.00490
13	0.01726	0.01229	0.01338	0.01067	0.01427	0.01354	0.00868	0.48970	0.23398	0.11108	0.01489	0.01414	0.01061	0.00613	0.00494	0.00153	0.00485	0.00479	0.00507	0.00820
14	0.00775	0.00585	0.00725	0.00676	0.00816	0.00578	0.00511	0.01180	0.13011	0.01983	0.67782	0.03395	0.04166	0.00954	0.00568	0.00156	0.00255	0.00839	0.00535	0.00511
15	0.00643	0.00500	0.00752	0.00789	0.00858	0.00466	0.06563	0.00755	0.00963	0.01282	0.02634	0.73918	0.05106	0.01443	0.00622	0.00196	0.00327	0.01323	0.00440	0.00420
16	0.79573	0.00941	0.00755	0.00664	0.00974	0.01072	0.00547	0.01520	0.00881	0.08344	0.00783	0.00867	0.00586	0.00468	0.00319	0.00152	0.00383	0.00284	0.00328	0.00556
17	0.00696	0.00502	0.00657	0.00618	0.00734	0.00464	0.00464	0.00927	0.01391	0.01971	0.79405	0.03671	0.04637	0.01005	0.00580	0.00155	0.00232	0.00889	0.00541	0.00464
18	0.03343	0.02136	0.61211	0.01269	0.01910	0.01050	0.01549	0.01734	0.01112	0.18463	0.01105	0.01168	0.00748	0.00497	0.00469	0.00155	0.00651	0.00389	0.00296	0.00745
19	0.01836	0.02342	0.01393	0.01266	0.01519	0.80756	0.00950	0.01962	0.01393	0.01203	0.00760	0.00886	0.00633	0.00506	0.00443	0.00127	0.00886	0.00317	0.00253	0.00570
20	0.03112	0.03920	0.01529	0.01565	0.16222	0.56240	0.01044	0.07949	0.01396	0.01446	0.00821	0.00968	0.00675	0.00497	0.00450	0.00132	0.00785	0.00347	0.00270	0.00631
21	0.00972	0.00943	0.01705	0.62844	0.03108	0.01094	0.16013	0.01312	0.01019	0.01341	0.00928	0.01335	0.00698	0.00480	0.00502	0.00162	0.00670	0.00465	0.03844	0.00565
22	0.00599	0.00428	0.00570	0.00684	0.00713	0.00399	0.00456	0.00684	0.00941	0.01254	0.02709	0.82409	0.03250	0.01540	0.00627	0.00200	0.00285	0.01397	0.00456	0.00399
23	0.00702	0.00527	0.00790	0.00790	0.00878	0.00614	0.00614	0.00878	0.00790	0.01141	0.01316	0.01931	0.01229	0.03686	0.80782	0.00790	0.01316	0.00527	0.00263	0.00439
24	0.01131	0.02179	0.60419	0.01329	0.01960	0.01143	0.03999	0.07781	0.06236	0.05650	0.02911	0.01205	0.00826	0.00508	0.00479	0.00156	0.00665	0.00408	0.00279	0.00736
25	0.00598	0.00431	0.00567	0.00676	0.00711	0.00400	0.00453	0.00685	0.00948	0.01258	0.02805	0.79103	0.06493	0.01527	0.00625	0.00198	0.00284	0.01382	0.00456	0.00400
26	0.00928	0.00873	0.01474	0.81548	0.03385	0.01092	0.01365	0.01256	0.00983	0.01256	0.00873	0.01310	0.00655	0.00491	0.00491	0.00164	0.00655	0.00437	0.00218	0.00546
27	0.00612	0.00443	0.00568	0.00652	0.00698	0.00411	0.00438	0.00707	0.00978	0.01298	0.08894	0.63631	0.10366	0.06928	0.00745	0.00212	0.00290	0.01278	0.00452	0.00399
28	0.01160	0.01326	0.02900	0.02071	0.02568	0.01243	0.77879	0.01574	0.01160	0.01574	0.00994	0.01326	0.00746	0.00414	0.00580	0.00166	0.00829	0.00580	0.00249	0.00663
29	0.01210	0.00982	0.01056	0.00920	0.01186	0.01090	0.00722	0.17306	0.44229	0.02180	0.13697	0.02262	0.09503	0.00759	0.00518	0.00161	0.00382	0.00630	0.00500	0.00707
30	0.01252	0.00902	0.01068	0.00777	0.01202	0.00723	0.00627	0.06571	0.01163	0.13313	0.01052	0.01127	0.00807	0.00415	0.00392	0.00090	0.00384	0.00331	0.00352	0.67454
31	0.01294	0.02120	0.56977	0.01284	0.01910	0.01137	0.01525	0.13003	0.01280	0.13248	0.01080	0.01151	0.00741	0.00506	0.00475	0.00154	0.00654	0.00394	0.00308	0.00759
32	0.01361	0.11204	0.08195	0.06428	0.15525	0.26913	0.05848	0.04866	0.01214	0.01435	0.00968	0.06501	0.00857	0.00538	0.00459	0.00137	0.00670	0.00436	0.00267	0.06180
33	0.07892	0.11492	0.00930	0.00665	0.00848	0.00747	0.00534	0.02313	0.03381	0.01830	0.50470	0.04587	0.09467	0.00901	0.00521	0.00151	0.00298	0.02007	0.00466	0.00501
34	0.00748	0.00493	0.00607	0.00605	0.00642	0.00499	0.00386	0.00805	0.00814	0.03581	0.06858	0.09861	0.01998	0.55030	0.14590	0.00470	0.00575	0.00749	0.00332	0.00357
35	0.07862	0.14436	0.09937	0.04046	0.03215	0.00984	0.02786	0.05257	0.02441	0.12017	0.10493	0.18338	0.01815	0.00802	0.00493	0.00158	0.00448	0.03483	0.00389	0.00601
36	0.01027	0.12917	0.46088	0.14478	0.02218	0.01229	0.09686	0.01470	0.01033	0.01446	0.00924	0.03656	0.00725	0.00493	0.00468	0.00153	0.00685	0.00418	0.00222	0.00667
37	0.01173	0.02257	0.61241	0.01477	0.08437	0.06292	0.01632	0.01656	0.01102	0.08806	0.00975	0.01101	0.00691	0.00480	0.00469	0.00153	0.00696	0.00378	0.00251	0.00731

[dist]
# distance from previous block
# <min> <max>
0	2

[block]
# block no. 5 follows, 51 sequences, length 16
# corresponding to MSA columns:
# 422-437
name=unknown_F
#
# <colnr> <probs for GDERKNQSTAVLIFYWHMCP>
#	G	D	E	R	K	N	Q	S	T	A	V	L	I	F	Y	W	H	M	C	P
0	0.14451	0.01835	0.44117	0.15613	0.07397	0.01134	0.05786	0.01483	0.01008	0.01610	0.00858	0.01076	0.00631	0.00465	0.00453	0.00156	0.00655	0.00378	0.00229	0.00664
1	0.04843	0.02504	0.04313	0.02379	0.11207	0.13775	0.05254	0.10889	0.08298	0.22999	0.01289	0.01312	0.00927	0.00569	0.01442	0.00151	0.00570	0.00432	0.00400	0.06447
2	0.01152	0.48085	0.07248	0.09353	0.01464	0.03519	0.00899	0.01438	0.06265	0.01335	0.07991	0.07056	0.01238	0.00582	0.00406	0.00131	0.00509	0.00446	0.00279	0.00605
3	0.00616	0.00454	0.00591	0.00664	0.00725	0.00430	0.00462	0.00729	0.00990	0.01317	0.09734	0.56118	0.13750	0.01676	0.09042	0.00253	0.00384	0.01210	0.00444	0.00411
4	0.10108	0.00908	0.01445	0.54701	0.02737	0.01046	0.06675	0.01477	0.01046	0.13708	0.01029	0.01314	0.00737	0.00500	0.00478	0.00161	0.00602	0.00438	0.00291	0.00598
5	0.01205	0.02354	0.03818	0.17016	0.07733	0.01014	0.20310	0.04469	0.06793	0.12063	0.09549	0.01999	0.01441	0.00629	0.00537	0.00164	0.00576	0.07319	0.00365	0.00648
6	0.00666	0.00505	0.00617	0.00600	0.00732	0.00455	0.00458	0.00864	0.01289	0.01736	0.50946	0.04129	0.27841	0.01104	0.00587	0.00163	0.00252	0.06099	0.00509	0.00448
7	0.00848	0.00684	0.01082	0.01204	0.09390	0.00672	0.07722	0.01084	0.01116	0.01472	0.02337	0.11387	0.03957	0.01190	0.00643	0.00209	0.00481	0.53607	0.00413	0.00500
8	0.01308	0.51098	0.13460	0.01068	0.01518	0.06316	0.07866	0.01631	0.06378	0.03981	0.00876	0.00979	0.00719	0.00455	0.00387	0.00125	0.00590	0.00336	0.00249	0.00661
9	0.01868	0.01376	0.01475	0.01131	0.01524	0.01524	0.00934	0.78025	0.02311	0.03097	0.01180	0.01180	0.00836	0.00590	0.00492	0.00147	0.00541	0.00442	0.00492	0.00836
10	0.00715	0.00476	0.00536	0.00536	0.00536	0.00476	0.00298	0.00715	0.00715	0.00953	0.01548	0.03216	0.01787	0.82729	0.02501	0.00476	0.00476	0.00715	0.00298	0.00298
11	0.00991	0.00950	0.01644	0.63454	0.16577	0.01113	0.05688	0.01317	0.01016	0.01334	0.00889	0.01295	0.00682	0.00478	0.00495	0.00161	0.00652	0.00445	0.00224	0.00593
12	0.00868	0.00593	0.00738	0.00667	0.00838	0.00549	0.00506	0.01169	0.06859	0.06658	0.50369	0.08402	0.03469	0.00896	0.00533	0.00147	0.00272	0.00784	0.06214	0.09468
13	0.01130	0.01246	0.04500	0.06494	0.08236	0.25481	0.00793	0.02372	0.01138	0.01334	0.10752	0.09511	0.05538	0.18290	0.00933	0.00219	0.00579	0.00629	0.00324	0.00503
14	0.01181	0.09980	0.14191	0.02289	0.50336	0.02958	0.01393	0.01493	0.01093	0.01539	0.00919	0.01208	0.00773	0.00455	0.00460	0.00139	0.00588	0.01915	0.00242	0.06849
15	0.00810	0.00563	0.00691	0.00662	0.00805	0.00534	0.00494	0.01106	0.08548	0.06924	0.42186	0.16469	0.16171	0.01074	0.00574	0.00165	0.00270	0.00939	0.00514	0.00499

[dist]
# distance from previous block
# <min> <max>
0	18

# created by:
# /st0/software/busco_prod/Augustus/scripts/msa2prfl.pl ./align_prep/186340.fa
