[name]
unknown

[dist]
# distance from previous block
# <min> <max>
0	0

[block]
# block no. 0 follows, 46 sequences, length 159
# corresponding to MSA columns:
# 225-238,254-274,277-281,284,285,287-307,330-339,352,353,393-397,401-456,468-490
name=unknown_A
#
# <colnr> <probs for GDERKNQSTAVLIFYWHMCP>
#	G	D	E	R	K	N	Q	S	T	A	V	L	I	F	Y	W	H	M	C	P
0	0.00852	0.00608	0.00852	0.00974	0.01095	0.00608	0.00852	0.01095	0.01217	0.01582	0.02799	0.05963	0.03042	0.01460	0.00730	0.00243	0.00487	0.74565	0.00487	0.00487
1	0.02010	0.01481	0.01587	0.01216	0.01639	0.01639	0.01005	0.76360	0.02486	0.03332	0.01269	0.01269	0.00899	0.00635	0.00529	0.00159	0.00582	0.00476	0.00529	0.00899
2	0.01778	0.01394	0.01440	0.01168	0.01542	0.04879	0.00943	0.46217	0.28055	0.04565	0.01571	0.01509	0.01144	0.00660	0.00530	0.00165	0.00539	0.00513	0.00524	0.00865
3	0.00717	0.00539	0.00663	0.00632	0.00771	0.00486	0.00474	0.00937	0.01423	0.01945	0.59485	0.04237	0.23457	0.01146	0.00624	0.00169	0.00254	0.00997	0.00559	0.00486
4	0.00755	0.00566	0.00850	0.00850	0.00944	0.00661	0.00661	0.00944	0.00850	0.01227	0.01416	0.02077	0.01322	0.03965	0.79326	0.00850	0.01416	0.00566	0.00283	0.00472
5	0.00744	0.00540	0.00701	0.00660	0.00787	0.00497	0.00495	0.00989	0.01486	0.02095	0.75259	0.03990	0.07589	0.01090	0.00624	0.00167	0.00250	0.00962	0.00579	0.00497
6	0.00745	0.00536	0.00687	0.00761	0.00827	0.00517	0.00526	0.05808	0.01158	0.01557	0.10135	0.68205	0.03469	0.01532	0.00660	0.00206	0.00319	0.01381	0.00502	0.00468
7	0.01060	0.02735	0.78682	0.01507	0.02288	0.01228	0.01953	0.01674	0.01116	0.01674	0.00949	0.01116	0.00670	0.00502	0.00502	0.00167	0.00781	0.00391	0.00223	0.00781
8	0.01096	0.00940	0.01096	0.00783	0.01253	0.00705	0.00626	0.01331	0.01096	0.01723	0.00940	0.01096	0.00783	0.00392	0.00392	0.00078	0.00392	0.00313	0.00313	0.84653
9	0.01114	0.00917	0.01078	0.00786	0.01234	0.00694	0.00625	0.01342	0.01105	0.04029	0.01064	0.04734	0.00922	0.00457	0.00409	0.00087	0.00389	0.00374	0.00332	0.78309
10	0.01315	0.01136	0.01195	0.01076	0.01375	0.01315	0.00837	0.02809	0.77168	0.02211	0.02152	0.01972	0.01614	0.00717	0.00538	0.00179	0.00418	0.00598	0.00538	0.00837
11	0.01283	0.01230	0.02101	0.09464	0.72101	0.01249	0.01610	0.01600	0.01192	0.01697	0.00990	0.01317	0.00827	0.00476	0.00524	0.00159	0.00634	0.00471	0.00260	0.00817
12	0.85155	0.01022	0.00777	0.00695	0.01022	0.01186	0.00573	0.01554	0.00900	0.02372	0.00736	0.00859	0.00573	0.00491	0.00327	0.00164	0.00409	0.00286	0.00327	0.00573
13	0.01308	0.01256	0.02146	0.03245	0.78123	0.01256	0.01622	0.01622	0.01204	0.01727	0.00994	0.01308	0.00837	0.00471	0.00523	0.00157	0.00628	0.00471	0.00262	0.00837
14	0.00746	0.00539	0.00705	0.00667	0.00789	0.00497	0.00499	0.00992	0.01486	0.02103	0.76155	0.05688	0.04955	0.01094	0.00625	0.00167	0.00251	0.00968	0.00580	0.00497
15	0.00746	0.00559	0.00685	0.00650	0.00792	0.00511	0.00488	0.02712	0.01437	0.01965	0.56943	0.06512	0.21746	0.01148	0.00623	0.00170	0.00263	0.00998	0.00557	0.00494
16	0.00695	0.00505	0.00649	0.00693	0.00774	0.00467	0.00491	0.00851	0.01209	0.01642	0.31356	0.39172	0.10579	0.04865	0.00740	0.00207	0.00297	0.03836	0.00518	0.00454
17	0.01659	0.01977	0.03379	0.01626	0.06249	0.42340	0.16768	0.04852	0.07702	0.01563	0.01003	0.01186	0.00802	0.00562	0.00602	0.00158	0.06154	0.00443	0.00299	0.00677
18	0.01315	0.01136	0.01195	0.01076	0.01375	0.01315	0.00837	0.02809	0.77168	0.02211	0.02152	0.01972	0.01614	0.00717	0.00538	0.00179	0.00418	0.00598	0.00538	0.00837
19	0.01437	0.01247	0.01261	0.01108	0.01422	0.05120	0.00867	0.12312	0.63834	0.02312	0.01973	0.01832	0.01476	0.00698	0.00534	0.00175	0.00465	0.00569	0.00524	0.00834
20	0.01220	0.00833	0.01172	0.07401	0.01370	0.00973	0.00885	0.04766	0.01097	0.14934	0.01520	0.04554	0.01355	0.01841	0.25106	0.00401	0.19327	0.08394	0.02251	0.00601
21	0.85155	0.01022	0.00777	0.00695	0.01022	0.01186	0.00573	0.01554	0.00900	0.02372	0.00736	0.00859	0.00573	0.00491	0.00327	0.00164	0.00409	0.00286	0.00327	0.00573
22	0.01168	0.04444	0.01175	0.00795	0.01262	0.00768	0.00645	0.01399	0.01114	0.05191	0.00983	0.01117	0.00802	0.00406	0.00396	0.00084	0.00402	0.00322	0.00325	0.77202
23	0.00640	0.00490	0.00587	0.00660	0.00748	0.00438	0.00458	0.00751	0.01096	0.01399	0.05811	0.50859	0.31119	0.01523	0.00655	0.00200	0.00291	0.01345	0.00493	0.00438
24	0.01413	0.81739	0.02770	0.00905	0.01357	0.02092	0.00905	0.01583	0.01074	0.01244	0.00735	0.00848	0.00678	0.00452	0.00339	0.00113	0.00565	0.00283	0.00226	0.00678
25	0.00641	0.00535	0.00553	0.00549	0.00717	0.00453	0.00408	0.00781	0.01219	0.01481	0.12046	0.04931	0.68737	0.03768	0.00688	0.00188	0.00274	0.01090	0.00494	0.00447
26	0.01060	0.02735	0.78682	0.01507	0.02288	0.01228	0.01953	0.01674	0.01116	0.01674	0.00949	0.01116	0.00670	0.00502	0.00502	0.00167	0.00781	0.00391	0.00223	0.00781
27	0.00644	0.00460	0.00613	0.00736	0.00767	0.00429	0.00491	0.00736	0.01012	0.01350	0.02914	0.81076	0.03497	0.01656	0.00675	0.00215	0.00307	0.01503	0.00491	0.00429
28	0.00918	0.00459	0.00689	0.00689	0.00689	0.00459	0.00459	0.00689	0.00689	0.00918	0.00918	0.01607	0.00918	0.01837	0.02066	0.84619	0.00459	0.00459	0.00230	0.00230
29	0.01258	0.00935	0.01113	0.00803	0.01265	0.00714	0.00646	0.01489	0.01149	0.11485	0.01085	0.01186	0.00850	0.00425	0.00409	0.00089	0.00399	0.00341	0.00357	0.74002
30	0.01288	0.01235	0.02109	0.08342	0.73187	0.01251	0.01612	0.01604	0.01194	0.01702	0.00991	0.01315	0.00829	0.00475	0.00524	0.00158	0.00633	0.00471	0.00260	0.00821
31	0.01060	0.02735	0.78682	0.01507	0.02288	0.01228	0.01953	0.01674	0.01116	0.01674	0.00949	0.01116	0.00670	0.00502	0.00502	0.00167	0.00781	0.00391	0.00223	0.00781
32	0.02372	0.00900	0.01227	0.00941	0.01350	0.00777	0.00777	0.02576	0.01513	0.78489	0.02086	0.01799	0.01309	0.00654	0.00532	0.00164	0.00450	0.00532	0.00654	0.00900
33	0.01096	0.00940	0.01096	0.00783	0.01253	0.00705	0.00626	0.01331	0.01096	0.01723	0.00940	0.01096	0.00783	0.00392	0.00392	0.00078	0.00392	0.00313	0.00313	0.84653
34	0.01306	0.01264	0.02190	0.03199	0.74715	0.01260	0.04995	0.01626	0.01206	0.01726	0.00998	0.01314	0.00836	0.00470	0.00528	0.00158	0.00640	0.00478	0.00262	0.00832
35	0.02292	0.00965	0.01259	0.00972	0.01378	0.00881	0.00801	0.09517	0.04888	0.68120	0.02012	0.01757	0.01283	0.00655	0.00532	0.00164	0.00461	0.00529	0.00637	0.00897
36	0.00953	0.00636	0.00805	0.00734	0.00902	0.00611	0.00560	0.01333	0.09666	0.08878	0.62979	0.03546	0.04299	0.01004	0.00606	0.00167	0.00285	0.00880	0.00584	0.00571
37	0.00998	0.00940	0.01586	0.80150	0.03641	0.01175	0.01468	0.01351	0.01057	0.01351	0.00940	0.01409	0.00705	0.00529	0.00529	0.00176	0.00705	0.00470	0.00235	0.00587
38	0.01975	0.02520	0.01498	0.01362	0.01634	0.79299	0.01021	0.02111	0.01498	0.01294	0.00817	0.00953	0.00681	0.00545	0.00477	0.00136	0.00953	0.00340	0.00272	0.00613
39	0.00769	0.00513	0.00577	0.00577	0.00577	0.00513	0.00320	0.00769	0.00769	0.01025	0.01666	0.03460	0.01922	0.81421	0.02691	0.00513	0.00513	0.00769	0.00320	0.00320
40	0.00742	0.00540	0.00699	0.00659	0.00786	0.00496	0.00494	0.00987	0.01483	0.02088	0.74473	0.04002	0.08380	0.01093	0.00624	0.00167	0.00250	0.00963	0.00578	0.00496
41	0.01248	0.01426	0.03119	0.02228	0.02763	0.01337	0.76203	0.01693	0.01248	0.01693	0.01070	0.01426	0.00802	0.00446	0.00624	0.00178	0.00891	0.00624	0.00267	0.00713
42	0.00644	0.00460	0.00613	0.00736	0.00767	0.00429	0.00491	0.00736	0.01012	0.01350	0.02914	0.81076	0.03497	0.01656	0.00675	0.00215	0.00307	0.01503	0.00491	0.00429
43	0.01022	0.00528	0.00532	0.00519	0.00652	0.00534	0.00392	0.03911	0.01158	0.02019	0.01708	0.01946	0.01339	0.00617	0.00375	0.00124	0.00258	0.00492	0.81366	0.00507
44	0.00659	0.00471	0.00630	0.00743	0.00783	0.00441	0.00508	0.00767	0.01049	0.01404	0.07197	0.73265	0.03561	0.01614	0.00674	0.00213	0.00312	0.04776	0.00496	0.00436
45	0.01089	0.09166	0.72502	0.01458	0.02212	0.01298	0.01868	0.01667	0.01113	0.01639	0.00931	0.01094	0.00670	0.00498	0.00489	0.00163	0.00764	0.00382	0.00223	0.00773
46	0.79737	0.01120	0.00824	0.00739	0.01062	0.06274	0.00602	0.01590	0.00939	0.02302	0.00741	0.00865	0.00580	0.00494	0.00337	0.00162	0.00444	0.00290	0.00324	0.00575
47	0.00755	0.00566	0.00850	0.00850	0.00944	0.00661	0.00661	0.00944	0.00850	0.01227	0.01416	0.02077	0.01322	0.03965	0.79326	0.00850	0.01416	0.00566	0.00283	0.00472
48	0.00757	0.00558	0.00808	0.00808	0.00888	0.00638	0.00609	0.00917	0.00837	0.01197	0.01454	0.02287	0.01413	0.15712	0.67704	0.00798	0.01279	0.00597	0.00289	0.00449
49	0.01483	0.67359	0.05292	0.00993	0.01431	0.13329	0.00959	0.01663	0.01138	0.01266	0.00755	0.00873	0.00678	0.00468	0.00365	0.00118	0.00630	0.00295	0.00233	0.00673
50	0.22483	0.10016	0.01458	0.06251	0.01580	0.43914	0.00929	0.03529	0.01288	0.01606	0.00805	0.00959	0.00660	0.00530	0.00452	0.00145	0.02160	0.00335	0.00284	0.00614
51	0.01335	0.01178	0.01205	0.01085	0.01383	0.03675	0.00842	0.02788	0.74878	0.02184	0.02111	0.01942	0.01586	0.00712	0.00536	0.00178	0.00435	0.00590	0.00530	0.00830
52	0.00758	0.00596	0.00627	0.00624	0.00790	0.02142	0.00462	0.00929	0.02933	0.04834	0.10799	0.16132	0.53878	0.01304	0.00623	0.00181	0.00298	0.01107	0.00502	0.00480
53	0.00769	0.00513	0.00577	0.00577	0.00577	0.00513	0.00320	0.00769	0.00769	0.01025	0.01666	0.03460	0.01922	0.81421	0.02691	0.00513	0.00513	0.00769	0.00320	0.00320
54	0.01157	0.01157	0.01619	0.01388	0.01388	0.01619	0.01157	0.01272	0.00810	0.01272	0.00694	0.01157	0.00694	0.00925	0.01735	0.00231	0.80453	0.00463	0.00231	0.00578
55	0.00998	0.00940	0.01586	0.80150	0.03641	0.01175	0.01468	0.01351	0.01057	0.01351	0.00940	0.01409	0.00705	0.00529	0.00529	0.00176	0.00705	0.00470	0.00235	0.00587
56	0.00683	0.00535	0.00618	0.00603	0.00751	0.00470	0.00450	0.00869	0.01335	0.01748	0.39089	0.07076	0.41426	0.01229	0.00626	0.00174	0.00260	0.01054	0.00533	0.00470
57	0.00628	0.00534	0.00541	0.00542	0.00717	0.00447	0.00405	0.00763	0.01207	0.01440	0.06721	0.06668	0.74914	0.01341	0.00626	0.00179	0.00268	0.01121	0.00493	0.00447
58	0.01279	0.01212	0.02000	0.02902	0.67426	0.01179	0.01484	0.01582	0.01189	0.01726	0.00987	0.01279	0.00830	0.00460	0.00505	0.00146	0.00595	0.00449	0.00269	0.12501
59	0.26469	0.15874	0.01579	0.01032	0.01422	0.04096	0.03124	0.31289	0.06454	0.02482	0.01050	0.01111	0.00798	0.00556	0.00437	0.00153	0.00539	0.00393	0.00399	0.00743
60	0.00769	0.00513	0.00577	0.00577	0.00577	0.00513	0.00320	0.00769	0.00769	0.01025	0.01666	0.03460	0.01922	0.81421	0.02691	0.00513	0.00513	0.00769	0.00320	0.00320
61	0.00683	0.00492	0.00656	0.00773	0.00827	0.00464	0.00556	0.00805	0.01059	0.01397	0.02994	0.63581	0.06529	0.01606	0.00683	0.00219	0.00339	0.15406	0.00490	0.00441
62	0.00804	0.00558	0.00696	0.00651	0.00802	0.00502	0.00492	0.01027	0.01434	0.05872	0.58284	0.04086	0.20583	0.01115	0.00619	0.00169	0.00264	0.00969	0.00566	0.00508
63	0.01248	0.01426	0.03119	0.02228	0.02763	0.01337	0.76203	0.01693	0.01248	0.01693	0.01070	0.01426	0.00802	0.00446	0.00624	0.00178	0.00891	0.00624	0.00267	0.00713
64	0.72270	0.00998	0.00814	0.00721	0.01043	0.01138	0.00590	0.01667	0.04847	0.06996	0.00933	0.01020	0.00704	0.00518	0.00352	0.00163	0.00405	0.00326	0.03892	0.00603
65	0.85155	0.01022	0.00777	0.00695	0.01022	0.01186	0.00573	0.01554	0.00900	0.02372	0.00736	0.00859	0.00573	0.00491	0.00327	0.00164	0.00409	0.00286	0.00327	0.00573
66	0.01413	0.81739	0.02770	0.00905	0.01357	0.02092	0.00905	0.01583	0.01074	0.01244	0.00735	0.00848	0.00678	0.00452	0.00339	0.00113	0.00565	0.00283	0.00226	0.00678
67	0.01096	0.00940	0.01096	0.00783	0.01253	0.00705	0.00626	0.01331	0.01096	0.01723	0.00940	0.01096	0.00783	0.00392	0.00392	0.00078	0.00392	0.00313	0.00313	0.84653
68	0.01353	0.01127	0.01197	0.01071	0.01374	0.01296	0.00835	0.02801	0.74470	0.04932	0.02149	0.01966	0.01603	0.00715	0.00538	0.00179	0.00420	0.00595	0.00542	0.00839
69	0.79906	0.01027	0.00813	0.00717	0.01049	0.01178	0.00590	0.03196	0.00959	0.05585	0.00804	0.00907	0.00610	0.00501	0.00340	0.00163	0.00414	0.00301	0.00345	0.00593
70	0.01630	0.01292	0.01373	0.01140	0.01495	0.01462	0.00913	0.36217	0.43247	0.02720	0.01751	0.01653	0.01289	0.00680	0.00534	0.00170	0.00493	0.00542	0.00534	0.00865
71	0.85155	0.01022	0.00777	0.00695	0.01022	0.01186	0.00573	0.01554	0.00900	0.02372	0.00736	0.00859	0.00573	0.00491	0.00327	0.00164	0.00409	0.00286	0.00327	0.00573
72	0.01294	0.01277	0.07990	0.01257	0.06728	0.01292	0.00984	0.04028	0.62255	0.02151	0.03569	0.01881	0.01536	0.00688	0.00535	0.00176	0.00464	0.00576	0.00492	0.00826
73	0.83416	0.01021	0.00794	0.02337	0.01076	0.01186	0.00591	0.01550	0.00903	0.02351	0.00740	0.00870	0.00575	0.00492	0.00331	0.00164	0.00415	0.00290	0.00325	0.00573
74	0.85155	0.01022	0.00777	0.00695	0.01022	0.01186	0.00573	0.01554	0.00900	0.02372	0.00736	0.00859	0.00573	0.00491	0.00327	0.00164	0.00409	0.00286	0.00327	0.00573
75	0.02698	0.12234	0.65181	0.01445	0.02169	0.01336	0.04575	0.01662	0.01112	0.01636	0.00923	0.01090	0.00674	0.00494	0.00484	0.00161	0.00752	0.00384	0.00227	0.00762
76	0.01965	0.01459	0.01562	0.01207	0.01623	0.01619	0.00994	0.71669	0.07249	0.03260	0.01326	0.01314	0.00945	0.00640	0.00529	0.00160	0.00571	0.00484	0.00529	0.00895
77	0.00625	0.00536	0.00536	0.00536	0.00714	0.00446	0.00402	0.00759	0.01205	0.01428	0.05355	0.05088	0.77909	0.01339	0.00625	0.00179	0.00268	0.01116	0.00491	0.00446
78	0.00755	0.00566	0.00850	0.00850	0.00944	0.00661	0.00661	0.00944	0.00850	0.01227	0.01416	0.02077	0.01322	0.03965	0.79326	0.00850	0.01416	0.00566	0.00283	0.00472
79	0.85155	0.01022	0.00777	0.00695	0.01022	0.01186	0.00573	0.01554	0.00900	0.02372	0.00736	0.00859	0.00573	0.00491	0.00327	0.00164	0.00409	0.00286	0.00327	0.00573
80	0.44046	0.09580	0.07070	0.00882	0.01284	0.01239	0.00798	0.09032	0.01221	0.18802	0.01096	0.01121	0.00782	0.00537	0.00406	0.00158	0.00479	0.00365	0.00399	0.00702
81	0.01138	0.00803	0.00991	0.00886	0.03818	0.01983	0.00661	0.01492	0.08451	0.11648	0.32791	0.02588	0.02723	0.00921	0.03957	0.00175	0.00407	0.02211	0.00488	0.21868
82	0.00769	0.00513	0.00577	0.00577	0.00577	0.00513	0.00320	0.00769	0.00769	0.01025	0.01666	0.03460	0.01922	0.81421	0.02691	0.00513	0.00513	0.00769	0.00320	0.00320
83	0.03870	0.01036	0.01262	0.00956	0.01381	0.00953	0.00785	0.17956	0.01607	0.42469	0.01608	0.01498	0.01079	0.00584	0.00493	0.00142	0.00463	0.00462	0.00539	0.20858
84	0.01413	0.81739	0.02770	0.00905	0.01357	0.02092	0.00905	0.01583	0.01074	0.01244	0.00735	0.00848	0.00678	0.00452	0.00339	0.00113	0.00565	0.00283	0.00226	0.00678
85	0.01060	0.02735	0.78682	0.01507	0.02288	0.01228	0.01953	0.01674	0.01116	0.01674	0.00949	0.01116	0.00670	0.00502	0.00502	0.00167	0.00781	0.00391	0.00223	0.00781
86	0.00757	0.00516	0.00580	0.00580	0.00596	0.00511	0.00335	0.00772	0.00805	0.01062	0.01949	0.03554	0.07863	0.73272	0.04382	0.00494	0.00515	0.00791	0.00333	0.00334
87	0.01157	0.01157	0.01619	0.01388	0.01388	0.01619	0.01157	0.01272	0.00810	0.01272	0.00694	0.01157	0.00694	0.00925	0.01735	0.00231	0.80453	0.00463	0.00231	0.00578
88	0.01966	0.01459	0.01562	0.01208	0.01623	0.01619	0.00994	0.71793	0.07123	0.03262	0.01324	0.01313	0.00943	0.00640	0.00529	0.00160	0.00572	0.00484	0.00529	0.00895
89	0.00998	0.00940	0.01586	0.80150	0.03641	0.01175	0.01468	0.01351	0.01057	0.01351	0.00940	0.01409	0.00705	0.00529	0.00529	0.00176	0.00705	0.00470	0.00235	0.00587
90	0.00643	0.00463	0.00610	0.00728	0.00765	0.00430	0.00487	0.00737	0.01020	0.01353	0.03016	0.77880	0.06627	0.01643	0.00673	0.00213	0.00305	0.01487	0.00491	0.00430
91	0.01037	0.00979	0.01656	0.70473	0.13014	0.01185	0.01488	0.01385	0.01076	0.01398	0.00947	0.01397	0.00721	0.00521	0.00528	0.00174	0.00695	0.00470	0.00238	0.00619
92	0.00769	0.00513	0.00577	0.00577	0.00577	0.00513	0.00320	0.00769	0.00769	0.01025	0.01666	0.03460	0.01922	0.81421	0.02691	0.00513	0.00513	0.00769	0.00320	0.00320
93	0.01675	0.01908	0.01705	0.05529	0.27151	0.42235	0.01231	0.05134	0.05542	0.01578	0.00974	0.01161	0.00794	0.00533	0.00500	0.00148	0.00789	0.00410	0.00293	0.00711
94	0.01157	0.01157	0.01619	0.01388	0.01388	0.01619	0.01157	0.01272	0.00810	0.01272	0.00694	0.01157	0.00694	0.00925	0.01735	0.00231	0.80453	0.00463	0.00231	0.00578
95	0.00998	0.00940	0.01586	0.80150	0.03641	0.01175	0.01468	0.01351	0.01057	0.01351	0.00940	0.01409	0.00705	0.00529	0.00529	0.00176	0.00705	0.00470	0.00235	0.00587
96	0.85155	0.01022	0.00777	0.00695	0.01022	0.01186	0.00573	0.01554	0.00900	0.02372	0.00736	0.00859	0.00573	0.00491	0.00327	0.00164	0.00409	0.00286	0.00327	0.00573
97	0.00649	0.00482	0.00598	0.00682	0.00747	0.00439	0.00464	0.00751	0.01060	0.01378	0.05881	0.58239	0.19897	0.05174	0.00753	0.00219	0.00306	0.01366	0.00486	0.00430
98	0.00742	0.00536	0.00701	0.00669	0.00788	0.00495	0.00498	0.00982	0.01468	0.02074	0.73409	0.08515	0.04900	0.01115	0.00627	0.00169	0.00253	0.00988	0.00577	0.00495
99	0.02372	0.00900	0.01227	0.00941	0.01350	0.00777	0.00777	0.02576	0.01513	0.78489	0.02086	0.01799	0.01309	0.00654	0.00532	0.00164	0.00450	0.00532	0.00654	0.00900
100	0.01007	0.00556	0.00603	0.00608	0.00744	0.00563	0.00481	0.04468	0.01187	0.01962	0.01892	0.02637	0.01630	0.00764	0.00439	0.00146	0.00303	0.13421	0.66079	0.00509
101	0.02372	0.00900	0.01227	0.00941	0.01350	0.00777	0.00777	0.02576	0.01513	0.78489	0.02086	0.01799	0.01309	0.00654	0.00532	0.00164	0.00450	0.00532	0.00654	0.00900
102	0.08982	0.02350	0.01441	0.01300	0.01583	0.69494	0.00983	0.05148	0.01489	0.01469	0.00829	0.00959	0.00681	0.00544	0.00466	0.00139	0.00892	0.00342	0.00288	0.00621
103	0.02201	0.01114	0.08522	0.01014	0.01456	0.00886	0.00903	0.07065	0.03357	0.64787	0.01930	0.01707	0.01231	0.00640	0.00529	0.00164	0.00488	0.00517	0.00603	0.00887
104	0.72928	0.01145	0.00891	0.00780	0.01113	0.05377	0.00637	0.08610	0.01080	0.02405	0.00790	0.00902	0.00609	0.00507	0.00354	0.00162	0.00454	0.00307	0.00343	0.00605
105	0.01692	0.01345	0.01471	0.07179	0.03452	0.03120	0.01000	0.43710	0.26416	0.02741	0.01513	0.01501	0.01109	0.00648	0.00531	0.00166	0.00547	0.00512	0.00498	0.00848
106	0.01168	0.00958	0.01118	0.00803	0.01270	0.00740	0.00645	0.04045	0.01159	0.04132	0.00986	0.01124	0.00803	0.00408	0.00401	0.00084	0.00400	0.00326	0.00331	0.79100
107	0.01559	0.05305	0.01611	0.01355	0.01504	0.38773	0.01081	0.01687	0.01150	0.01281	0.00755	0.01046	0.00687	0.00723	0.01073	0.00181	0.38983	0.00396	0.00251	0.00599
108	0.01897	0.01425	0.01523	0.01194	0.01596	0.01587	0.00978	0.64420	0.14610	0.03150	0.01412	0.01383	0.01015	0.00648	0.00530	0.00162	0.00555	0.00496	0.00530	0.00889
109	0.01975	0.02520	0.01498	0.01362	0.01634	0.79299	0.01021	0.02111	0.01498	0.01294	0.00817	0.00953	0.00681	0.00545	0.00477	0.00136	0.00953	0.00340	0.00272	0.00613
110	0.69268	0.01173	0.00892	0.00787	0.01116	0.09524	0.00638	0.01700	0.01015	0.08667	0.00858	0.00948	0.00646	0.00510	0.00360	0.00161	0.00471	0.00313	0.00349	0.00604
111	0.02010	0.01481	0.01587	0.01216	0.01639	0.01639	0.01005	0.76360	0.02486	0.03332	0.01269	0.01269	0.00899	0.00635	0.00529	0.00159	0.00582	0.00476	0.00529	0.00899
112	0.01248	0.01426	0.03119	0.02228	0.02763	0.01337	0.76203	0.01693	0.01248	0.01693	0.01070	0.01426	0.00802	0.00446	0.00624	0.00178	0.00891	0.00624	0.00267	0.00713
113	0.00769	0.00513	0.00577	0.00577	0.00577	0.00513	0.00320	0.00769	0.00769	0.01025	0.01666	0.03460	0.01922	0.81421	0.02691	0.00513	0.00513	0.00769	0.00320	0.00320
114	0.00769	0.00513	0.00577	0.00577	0.00577	0.00513	0.00320	0.00769	0.00769	0.01025	0.01666	0.03460	0.01922	0.81421	0.02691	0.00513	0.00513	0.00769	0.00320	0.00320
115	0.00704	0.00553	0.00631	0.00662	0.00806	0.00498	0.00518	0.00860	0.01180	0.01461	0.07474	0.05118	0.47680	0.08882	0.00847	0.00227	0.00348	0.20626	0.00478	0.00448
116	0.01487	0.01266	0.01289	0.01117	0.01440	0.04717	0.00879	0.17976	0.58502	0.02404	0.01912	0.01784	0.01426	0.00693	0.00533	0.00173	0.00475	0.00562	0.00525	0.00840
117	0.00648	0.00462	0.00612	0.00731	0.00760	0.00432	0.00485	0.00737	0.01004	0.01339	0.02872	0.78503	0.03444	0.04301	0.00742	0.00225	0.00314	0.01479	0.00485	0.00426
118	0.01416	0.77524	0.05069	0.00930	0.01392	0.02055	0.00939	0.03258	0.01107	0.01304	0.00753	0.00866	0.00683	0.00458	0.00348	0.00116	0.00572	0.00290	0.00233	0.00687
119	0.01085	0.01014	0.01688	0.63754	0.17147	0.01203	0.01482	0.03671	0.01127	0.01479	0.00960	0.01387	0.00735	0.00521	0.00528	0.00172	0.00687	0.00470	0.00249	0.00642
120	0.01069	0.00574	0.00582	0.00552	0.00700	0.00587	0.00422	0.07381	0.01221	0.02082	0.01687	0.01913	0.01318	0.00617	0.00383	0.00126	0.00274	0.00491	0.77495	0.00526
121	0.01386	0.75551	0.08716	0.00952	0.01430	0.02024	0.00987	0.01590	0.01077	0.01277	0.00752	0.00869	0.00678	0.00456	0.00352	0.00117	0.00582	0.00291	0.00226	0.00686
122	0.00917	0.02281	0.00726	0.00684	0.00694	0.00500	0.00457	0.00715	0.00704	0.00935	0.00977	0.01746	0.00997	0.08508	0.02080	0.75646	0.00466	0.00481	0.00237	0.00247
123	0.00643	0.00463	0.00610	0.00727	0.00764	0.00430	0.00487	0.00737	0.01021	0.01353	0.03024	0.77640	0.06862	0.01642	0.00673	0.00213	0.00305	0.01485	0.00491	0.00430
124	0.01469	0.71314	0.04185	0.00968	0.01407	0.10656	0.00939	0.01644	0.01122	0.01258	0.00748	0.00865	0.00679	0.00464	0.00358	0.00117	0.00613	0.00291	0.00231	0.00673
125	0.05038	0.01204	0.01899	0.23317	0.50205	0.04024	0.01500	0.01556	0.01151	0.01629	0.00954	0.01298	0.00781	0.00502	0.00546	0.00164	0.02772	0.00457	0.00257	0.00744
126	0.01308	0.01256	0.02146	0.03245	0.78123	0.01256	0.01622	0.01622	0.01204	0.01727	0.00994	0.01308	0.00837	0.00471	0.00523	0.00157	0.00628	0.00471	0.00262	0.00837
127	0.01612	0.01891	0.01554	0.01370	0.01525	0.43047	0.01081	0.03425	0.01215	0.01331	0.00773	0.01051	0.00692	0.00716	0.01036	0.00179	0.36242	0.00398	0.00260	0.00604
128	0.01315	0.01136	0.01195	0.01076	0.01375	0.01315	0.00837	0.02809	0.77168	0.02211	0.02152	0.01972	0.01614	0.00717	0.00538	0.00179	0.00418	0.00598	0.00538	0.00837
129	0.00625	0.00536	0.00536	0.00536	0.00714	0.00446	0.00402	0.00759	0.01205	0.01428	0.05355	0.05088	0.77909	0.01339	0.00625	0.00179	0.00268	0.01116	0.00491	0.00446
130	0.00768	0.00514	0.00584	0.00584	0.00586	0.00516	0.00329	0.00773	0.00771	0.01030	0.01659	0.03423	0.01906	0.79362	0.04728	0.00521	0.00537	0.00763	0.00319	0.00324
131	0.85155	0.01022	0.00777	0.00695	0.01022	0.01186	0.00573	0.01554	0.00900	0.02372	0.00736	0.00859	0.00573	0.00491	0.00327	0.00164	0.00409	0.00286	0.00327	0.00573
132	0.01308	0.01256	0.02146	0.03245	0.78123	0.01256	0.01622	0.01622	0.01204	0.01727	0.00994	0.01308	0.00837	0.00471	0.00523	0.00157	0.00628	0.00471	0.00262	0.00837
133	0.00742	0.00540	0.00698	0.00658	0.00786	0.00496	0.00494	0.00985	0.01481	0.02084	0.74069	0.04008	0.08785	0.01094	0.00624	0.00167	0.00250	0.00964	0.00577	0.00496
134	0.01339	0.01148	0.01209	0.01081	0.01384	0.01326	0.00843	0.05374	0.74564	0.02251	0.02121	0.01948	0.01589	0.00714	0.00538	0.00179	0.00424	0.00593	0.00538	0.00839
135	0.85155	0.01022	0.00777	0.00695	0.01022	0.01186	0.00573	0.01554	0.00900	0.02372	0.00736	0.00859	0.00573	0.00491	0.00327	0.00164	0.00409	0.00286	0.00327	0.00573
136	0.01387	0.75890	0.08390	0.00949	0.01426	0.02028	0.00982	0.01590	0.01077	0.01276	0.00751	0.00868	0.00678	0.00456	0.00351	0.00117	0.00581	0.00291	0.00226	0.00686
137	0.01848	0.01400	0.01495	0.01184	0.01578	0.01564	0.00966	0.59221	0.19888	0.03071	0.01475	0.01433	0.01066	0.00654	0.00531	0.00163	0.00544	0.00504	0.00531	0.00885
138	0.00651	0.00538	0.00574	0.00586	0.00751	0.00461	0.00447	0.00798	0.01213	0.01474	0.08935	0.08338	0.64787	0.01348	0.00635	0.00185	0.00286	0.07045	0.00495	0.00452
139	0.00759	0.00550	0.00765	0.00765	0.00830	0.00615	0.00555	0.00890	0.00824	0.01164	0.01494	0.02507	0.01508	0.28036	0.55510	0.00745	0.01135	0.00629	0.00295	0.00425
140	0.01975	0.02520	0.01498	0.01362	0.01634	0.79299	0.01021	0.02111	0.01498	0.01294	0.00817	0.00953	0.00681	0.00545	0.00477	0.00136	0.00953	0.00340	0.00272	0.00613
141	0.00654	0.00467	0.00619	0.00727	0.00763	0.00436	0.00487	0.00755	0.01038	0.01393	0.07944	0.73801	0.03555	0.03738	0.00725	0.00219	0.00308	0.01446	0.00492	0.00431
142	0.00716	0.00534	0.00668	0.00742	0.00824	0.00506	0.00520	0.02291	0.04292	0.01480	0.06294	0.60201	0.11912	0.01506	0.00655	0.00204	0.00317	0.03777	0.00494	0.02067
143	0.02950	0.01097	0.01605	0.36556	0.16158	0.03030	0.02815	0.06198	0.10917	0.11547	0.01266	0.01484	0.00932	0.00563	0.00526	0.00169	0.00619	0.00491	0.00353	0.00725
144	0.00645	0.00481	0.00593	0.00680	0.00745	0.00437	0.00461	0.00743	0.01047	0.01353	0.03439	0.59185	0.21235	0.05382	0.00759	0.00220	0.00307	0.01375	0.00483	0.00428
145	0.64872	0.01072	0.03658	0.00782	0.01143	0.01122	0.00670	0.03512	0.01058	0.16458	0.01006	0.01052	0.00720	0.00525	0.00376	0.00164	0.00434	0.00340	0.00389	0.00648
146	0.04827	0.28982	0.50010	0.01271	0.01923	0.01514	0.01544	0.01639	0.01093	0.01561	0.00868	0.01016	0.00668	0.00485	0.00440	0.00149	0.00693	0.00350	0.00229	0.00738
147	0.02220	0.00546	0.00669	0.00644	0.00775	0.00503	0.00476	0.00983	0.01354	0.03502	0.50818	0.09827	0.16116	0.04614	0.00699	0.00185	0.00275	0.00974	0.04335	0.00487
148	0.01136	0.19686	0.62394	0.01378	0.02088	0.01413	0.01728	0.01655	0.01107	0.01582	0.00903	0.01059	0.00672	0.00492	0.00467	0.00156	0.00735	0.00367	0.00224	0.00759
149	0.01267	0.01089	0.01157	0.01034	0.01331	0.01235	0.00804	0.02625	0.68996	0.02170	0.05443	0.02078	0.03177	0.00730	0.00537	0.00174	0.00407	0.00610	0.00529	0.04605
150	0.16651	0.62308	0.02336	0.00889	0.01313	0.03674	0.00851	0.04355	0.01104	0.01527	0.00757	0.00868	0.00667	0.00468	0.00347	0.00124	0.00546	0.00292	0.00257	0.00666
151	0.01372	0.01382	0.08273	0.02802	0.59766	0.02895	0.04646	0.01740	0.03525	0.06869	0.01098	0.01343	0.00874	0.00494	0.00526	0.00159	0.00640	0.00476	0.00294	0.00827
152	0.01579	0.52082	0.06203	0.01074	0.01494	0.22372	0.00994	0.06181	0.01272	0.01403	0.00799	0.00914	0.00692	0.00490	0.00395	0.00125	0.00680	0.00315	0.00256	0.00679
153	0.01413	0.81739	0.02770	0.00905	0.01357	0.02092	0.00905	0.01583	0.01074	0.01244	0.00735	0.00848	0.00678	0.00452	0.00339	0.00113	0.00565	0.00283	0.00226	0.00678
154	0.01001	0.00938	0.01595	0.76813	0.03557	0.01161	0.02915	0.01342	0.01052	0.01348	0.00942	0.01414	0.00711	0.00557	0.00565	0.02094	0.00703	0.00473	0.00235	0.00582
155	0.01096	0.00940	0.01096	0.00783	0.01253	0.00705	0.00626	0.01331	0.01096	0.01723	0.00940	0.01096	0.00783	0.00392	0.00392	0.00078	0.00392	0.00313	0.00313	0.84653
156	0.00706	0.00521	0.00664	0.00715	0.00798	0.00493	0.00503	0.00914	0.04622	0.01637	0.26684	0.47855	0.09089	0.01410	0.00649	0.00195	0.00291	0.01262	0.00522	0.00471
157	0.01281	0.60390	0.05695	0.00957	0.01338	0.01807	0.00932	0.01469	0.01023	0.01262	0.00843	0.01065	0.00775	0.01013	0.12232	0.00234	0.06461	0.00343	0.00235	0.00645
158	0.01142	0.01032	0.03517	0.00861	0.01339	0.00780	0.02512	0.04927	0.01167	0.01797	0.00959	0.01113	0.00786	0.00408	0.00407	0.00087	0.00424	0.00331	0.00320	0.76093

[dist]
# distance from previous block
# <min> <max>
0	1

[block]
# block no. 1 follows, 46 sequences, length 22
# corresponding to MSA columns:
# 492-513
name=unknown_B
#
# <colnr> <probs for GDERKNQSTAVLIFYWHMCP>
#	G	D	E	R	K	N	Q	S	T	A	V	L	I	F	Y	W	H	M	C	P
0	0.01119	0.01013	0.01374	0.00999	0.01440	0.00850	0.09513	0.01369	0.01092	0.01684	0.00936	0.01140	0.00778	0.00439	0.00523	0.00102	0.06678	0.00361	0.00301	0.68288
1	0.01306	0.01210	0.01984	0.12113	0.60573	0.01249	0.01516	0.07382	0.01297	0.01821	0.03762	0.01412	0.00975	0.00512	0.00528	0.00160	0.00620	0.00489	0.00291	0.00800
2	0.00636	0.00531	0.00554	0.00560	0.00724	0.00449	0.00415	0.00776	0.01214	0.01476	0.10822	0.10350	0.66996	0.01341	0.00628	0.00180	0.00269	0.01131	0.00498	0.00449
3	0.00802	0.00686	0.00800	0.00954	0.06963	0.05126	0.00612	0.00985	0.04587	0.01429	0.03010	0.53851	0.15386	0.01402	0.00637	0.00198	0.00368	0.01248	0.00462	0.00494
4	0.02010	0.01481	0.01587	0.01216	0.01639	0.01639	0.01005	0.76360	0.02486	0.03332	0.01269	0.01269	0.00899	0.00635	0.00529	0.00159	0.00582	0.00476	0.00529	0.00899
5	0.00797	0.00602	0.00744	0.00704	0.00848	0.00582	0.00529	0.01169	0.09845	0.02043	0.60610	0.07359	0.09973	0.01086	0.00616	0.00171	0.00272	0.00953	0.00566	0.00529
6	0.01060	0.02735	0.78682	0.01507	0.02288	0.01228	0.01953	0.01674	0.01116	0.01674	0.00949	0.01116	0.00670	0.00502	0.00502	0.00167	0.00781	0.00391	0.00223	0.00781
7	0.00748	0.00540	0.00707	0.00665	0.00790	0.00499	0.00499	0.00998	0.01496	0.02120	0.77844	0.03949	0.04988	0.01081	0.00624	0.00166	0.00249	0.00956	0.00582	0.00499
8	0.00650	0.00475	0.00611	0.00707	0.00762	0.00437	0.00481	0.00759	0.01073	0.01419	0.09030	0.66118	0.12385	0.01574	0.00665	0.00207	0.00298	0.01415	0.00498	0.00437
9	0.00918	0.00459	0.00689	0.00689	0.00689	0.00459	0.00459	0.00689	0.00689	0.00918	0.00918	0.01607	0.00918	0.01837	0.02066	0.84619	0.00459	0.00459	0.00230	0.00230
10	0.01944	0.07078	0.01575	0.01330	0.01618	0.71785	0.01014	0.04979	0.01512	0.01370	0.00830	0.00960	0.00689	0.00543	0.00471	0.00136	0.00916	0.00342	0.00280	0.00628
11	0.01096	0.00940	0.01096	0.00783	0.01253	0.00705	0.00626	0.01331	0.01096	0.01723	0.00940	0.01096	0.00783	0.00392	0.00392	0.00078	0.00392	0.00313	0.00313	0.84653
12	0.00769	0.00513	0.00577	0.00577	0.00577	0.00513	0.00320	0.00769	0.00769	0.01025	0.01666	0.03460	0.01922	0.81421	0.02691	0.00513	0.00513	0.00769	0.00320	0.00320
13	0.01267	0.49087	0.34144	0.01153	0.01742	0.01735	0.01338	0.01621	0.01092	0.01422	0.00823	0.00959	0.00675	0.00473	0.00407	0.00136	0.00655	0.00327	0.00225	0.00721
14	0.01413	0.81739	0.02770	0.00905	0.01357	0.02092	0.00905	0.01583	0.01074	0.01244	0.00735	0.00848	0.00678	0.00452	0.00339	0.00113	0.00565	0.00283	0.00226	0.00678
15	0.00645	0.00534	0.00566	0.00572	0.00735	0.00455	0.00429	0.00791	0.01224	0.01499	0.12638	0.09316	0.64186	0.01333	0.00630	0.00181	0.00274	0.03041	0.00500	0.00452
16	0.00743	0.00538	0.00688	0.00652	0.00771	0.00497	0.00481	0.00969	0.01431	0.02008	0.68689	0.03979	0.08821	0.06516	0.00763	0.00190	0.00268	0.00952	0.00559	0.00484
17	0.01077	0.00924	0.01074	0.00773	0.01231	0.00694	0.00617	0.01308	0.01101	0.01711	0.01115	0.01255	0.03851	0.00429	0.00401	0.00082	0.00387	0.00345	0.00320	0.81303
18	0.01014	0.00955	0.01613	0.76336	0.07335	0.01179	0.01476	0.01364	0.01064	0.01369	0.00942	0.01404	0.00711	0.00526	0.00528	0.00175	0.00701	0.00470	0.00236	0.00600
19	0.03126	0.01181	0.05257	0.03811	0.13372	0.04120	0.16956	0.01872	0.05595	0.22542	0.10680	0.01867	0.03159	0.00625	0.00551	0.00164	0.00581	0.00582	0.00429	0.03531
20	0.01108	0.00854	0.03611	0.02610	0.08683	0.00771	0.00783	0.07595	0.04507	0.08813	0.06298	0.33949	0.02276	0.01046	0.00579	0.00175	0.00416	0.03005	0.00455	0.12467
21	0.01318	0.01130	0.04387	0.07887	0.13220	0.01071	0.11083	0.08803	0.01277	0.09732	0.02656	0.04621	0.02378	0.04319	0.00715	0.00172	0.06783	0.00536	0.00355	0.17558

[dist]
# distance from previous block
# <min> <max>
11	16

[block]
# block no. 2 follows, 46 sequences, length 25
# corresponding to MSA columns:
# 534-558
name=unknown_C
#
# <colnr> <probs for GDERKNQSTAVLIFYWHMCP>
#	G	D	E	R	K	N	Q	S	T	A	V	L	I	F	Y	W	H	M	C	P
0	0.01296	0.01110	0.04579	0.01422	0.12922	0.00978	0.10608	0.05732	0.08898	0.09687	0.05009	0.06644	0.02428	0.00614	0.00514	0.00144	0.00512	0.00557	0.00392	0.25955
1	0.04704	0.01201	0.03538	0.09808	0.51421	0.01160	0.03801	0.01601	0.01177	0.04834	0.01018	0.01293	0.00822	0.00475	0.00503	0.00150	0.00601	0.00450	0.00284	0.11162
2	0.01204	0.01154	0.01983	0.10235	0.52501	0.01182	0.07824	0.01535	0.02549	0.01694	0.06283	0.04755	0.01220	0.00581	0.00581	0.00166	0.02943	0.00561	0.00295	0.00756
3	0.01308	0.01256	0.02146	0.03245	0.78123	0.01256	0.01622	0.01622	0.01204	0.01727	0.00994	0.01308	0.00837	0.00471	0.00523	0.00157	0.00628	0.00471	0.00262	0.00837
4	0.07757	0.01127	0.08472	0.01037	0.01474	0.00904	0.05944	0.05047	0.02805	0.40632	0.06063	0.01649	0.01291	0.00602	0.00506	0.00153	0.00492	0.00499	0.00504	0.13043
5	0.00997	0.00803	0.01124	0.01341	0.19571	0.00794	0.00816	0.02792	0.09559	0.03715	0.43351	0.03072	0.08132	0.00893	0.00586	0.00166	0.00371	0.00792	0.00495	0.00630
6	0.01296	0.01244	0.02124	0.06291	0.75173	0.01253	0.01616	0.01612	0.01198	0.01712	0.00992	0.01312	0.00832	0.00473	0.00524	0.00158	0.00631	0.00471	0.00261	0.00827
7	0.01357	0.01501	0.05325	0.07919	0.44843	0.11978	0.16047	0.01687	0.01239	0.01633	0.00979	0.01282	0.00793	0.00481	0.00536	0.00160	0.00735	0.00479	0.00261	0.00763
8	0.00644	0.00460	0.00613	0.00736	0.00767	0.00429	0.00491	0.00736	0.01012	0.01350	0.02914	0.81076	0.03497	0.01656	0.00675	0.00215	0.00307	0.01503	0.00491	0.00429
9	0.02013	0.02328	0.01477	0.01317	0.01608	0.68902	0.00998	0.05129	0.01539	0.08537	0.00953	0.01044	0.00748	0.00559	0.00484	0.00140	0.00892	0.00364	0.00318	0.00651
10	0.00671	0.00480	0.00639	0.00730	0.00782	0.00448	0.00504	0.00798	0.01112	0.01505	0.17290	0.63918	0.03769	0.01540	0.00667	0.00206	0.00301	0.03690	0.00508	0.00445
11	0.00644	0.00460	0.00613	0.00736	0.00767	0.00429	0.00491	0.00736	0.01012	0.01350	0.02914	0.81076	0.03497	0.01656	0.00675	0.00215	0.00307	0.01503	0.00491	0.00429
12	0.02010	0.01481	0.01587	0.01216	0.01639	0.01639	0.01005	0.76360	0.02486	0.03332	0.01269	0.01269	0.00899	0.00635	0.00529	0.00159	0.00582	0.00476	0.00529	0.00899
13	0.00769	0.00513	0.00577	0.00577	0.00577	0.00513	0.00320	0.00769	0.00769	0.01025	0.01666	0.03460	0.01922	0.81421	0.02691	0.00513	0.00513	0.00769	0.00320	0.00320
14	0.85155	0.01022	0.00777	0.00695	0.01022	0.01186	0.00573	0.01554	0.00900	0.02372	0.00736	0.00859	0.00573	0.00491	0.00327	0.00164	0.00409	0.00286	0.00327	0.00573
15	0.01160	0.14702	0.64391	0.01395	0.02113	0.01343	0.01752	0.01692	0.01124	0.04315	0.00956	0.01099	0.00694	0.00500	0.00478	0.00159	0.00737	0.00379	0.00239	0.00770
16	0.01093	0.10064	0.71640	0.01451	0.02202	0.01308	0.01856	0.01666	0.01112	0.01634	0.00929	0.01091	0.00670	0.00498	0.00487	0.00162	0.00761	0.00381	0.00223	0.00772
17	0.01896	0.00815	0.01088	0.00874	0.01203	0.00728	0.00706	0.02170	0.04875	0.54941	0.22081	0.02374	0.02293	0.00770	0.00556	0.00165	0.00396	0.00647	0.00630	0.00791
18	0.01158	0.02382	0.64573	0.01418	0.02108	0.01134	0.03361	0.01695	0.01149	0.08779	0.01190	0.06594	0.00923	0.00593	0.00519	0.00170	0.00721	0.00484	0.00282	0.00767
19	0.01136	0.02512	0.67358	0.01602	0.05321	0.01218	0.06914	0.01710	0.01145	0.04798	0.01005	0.01173	0.00711	0.00503	0.00513	0.00168	0.00769	0.00415	0.00245	0.00784
20	0.01119	0.15760	0.66167	0.01407	0.02135	0.01370	0.01780	0.01659	0.01109	0.01603	0.00913	0.01072	0.00671	0.00494	0.00475	0.00158	0.00746	0.00373	0.00224	0.00764
21	0.01117	0.15407	0.66506	0.01410	0.02139	0.01366	0.01785	0.01660	0.01109	0.01605	0.00914	0.01073	0.00671	0.00494	0.00476	0.00159	0.00747	0.00373	0.00224	0.00765
22	0.01468	0.01509	0.07141	0.03710	0.42466	0.13951	0.07497	0.01772	0.01276	0.08758	0.01151	0.01507	0.00940	0.00546	0.00533	0.00161	0.00691	0.03844	0.00308	0.00772
23	0.01066	0.02308	0.60512	0.01394	0.02047	0.02923	0.04712	0.01599	0.01196	0.03168	0.12665	0.01569	0.01344	0.00592	0.00526	0.00167	0.00703	0.00488	0.00289	0.00734
24	0.01206	0.00675	0.00870	0.00821	0.01013	0.00614	0.00606	0.03998	0.03396	0.21698	0.02434	0.47787	0.02526	0.01213	0.00602	0.00186	0.00365	0.01076	0.00520	0.08394

[dist]
# distance from previous block
# <min> <max>
2	3

[block]
# block no. 3 follows, 46 sequences, length 22
# corresponding to MSA columns:
# 567-578,582-591
name=unknown_D
#
# <colnr> <probs for GDERKNQSTAVLIFYWHMCP>
#	G	D	E	R	K	N	Q	S	T	A	V	L	I	F	Y	W	H	M	C	P
0	0.02984	0.00596	0.00782	0.00813	0.05534	0.00559	0.00561	0.01029	0.01437	0.02041	0.64669	0.03807	0.11096	0.01051	0.00610	0.00167	0.00278	0.00923	0.00548	0.00517
1	0.01356	0.01408	0.06701	0.04396	0.50142	0.05667	0.05411	0.07548	0.01306	0.01815	0.01001	0.01262	0.00813	0.00483	0.00513	0.00151	0.00646	0.00452	0.00286	0.08644
2	0.01316	0.17629	0.07094	0.01550	0.12344	0.01307	0.17109	0.04825	0.09237	0.07310	0.11857	0.03336	0.01534	0.00618	0.00525	0.00159	0.00586	0.00566	0.00370	0.00726
3	0.01270	0.01217	0.02076	0.12824	0.68846	0.01246	0.01603	0.01589	0.01185	0.01680	0.00988	0.01321	0.00821	0.00478	0.00524	0.00159	0.00638	0.00471	0.00258	0.00806
4	0.00625	0.00536	0.00536	0.00536	0.00714	0.00446	0.00402	0.00759	0.01205	0.01428	0.05355	0.05088	0.77909	0.01339	0.00625	0.00179	0.00268	0.01116	0.00491	0.00446
5	0.01193	0.01131	0.01916	0.24858	0.53251	0.01196	0.01523	0.01515	0.01177	0.01640	0.04772	0.01467	0.01005	0.00517	0.00530	0.00163	0.00631	0.00495	0.00270	0.00750
6	0.02010	0.01481	0.01587	0.01216	0.01639	0.01639	0.01005	0.76360	0.02486	0.03332	0.01269	0.01269	0.00899	0.00635	0.00529	0.00159	0.00582	0.00476	0.00529	0.00899
7	0.01658	0.01163	0.01260	0.01001	0.01355	0.01227	0.00816	0.48426	0.02038	0.09823	0.02483	0.02382	0.22371	0.00832	0.00556	0.00165	0.00482	0.00659	0.00530	0.00773
8	0.01157	0.01157	0.01619	0.01388	0.01388	0.01619	0.01157	0.01272	0.00810	0.01272	0.00694	0.01157	0.00694	0.00925	0.01735	0.00231	0.80453	0.00463	0.00231	0.00578
9	0.01413	0.81739	0.02770	0.00905	0.01357	0.02092	0.00905	0.01583	0.01074	0.01244	0.00735	0.00848	0.00678	0.00452	0.00339	0.00113	0.00565	0.00283	0.00226	0.00678
10	0.00753	0.00657	0.04849	0.00698	0.00863	0.00533	0.00567	0.01011	0.01449	0.02032	0.66971	0.03904	0.11570	0.01074	0.00617	0.00167	0.00279	0.00941	0.00554	0.00509
11	0.00644	0.00460	0.00613	0.00736	0.00767	0.00429	0.00491	0.00736	0.01012	0.01350	0.02914	0.81076	0.03497	0.01656	0.00675	0.00215	0.00307	0.01503	0.00491	0.00429
12	0.01544	0.57078	0.02478	0.01095	0.01512	0.19032	0.05553	0.03841	0.01218	0.01342	0.00789	0.00919	0.00693	0.00477	0.00392	0.00123	0.00671	0.00322	0.00247	0.00672
13	0.01380	0.74359	0.09862	0.00961	0.01444	0.02011	0.01003	0.01592	0.01078	0.01284	0.00755	0.00873	0.00678	0.00457	0.00354	0.00118	0.00586	0.00293	0.00226	0.00688
14	0.01148	0.00988	0.01211	0.01028	0.08448	0.00789	0.00733	0.03986	0.01155	0.01779	0.00956	0.01122	0.00792	0.00407	0.00409	0.00088	0.00420	0.00334	0.00316	0.73890
15	0.00998	0.00921	0.01540	0.76822	0.03515	0.01146	0.01422	0.01346	0.01059	0.01377	0.00972	0.01433	0.00732	0.00532	0.00522	0.00174	0.00686	0.00471	0.03749	0.00583
16	0.00679	0.00475	0.00603	0.00692	0.00714	0.00453	0.00443	0.00745	0.00944	0.01259	0.02566	0.59474	0.03058	0.23856	0.01236	0.00298	0.00364	0.01299	0.00443	0.00399
17	0.00668	0.00486	0.00639	0.00739	0.00793	0.00444	0.00498	0.00768	0.01017	0.01369	0.02808	0.76810	0.03352	0.01589	0.00660	0.00207	0.00311	0.01439	0.00481	0.04921
18	0.01262	0.01209	0.02063	0.14676	0.67053	0.01244	0.01600	0.01582	0.01182	0.01671	0.00986	0.01323	0.00818	0.00480	0.00524	0.00160	0.00639	0.00471	0.00258	0.00800
19	0.13896	0.09752	0.37255	0.01265	0.03224	0.01233	0.05018	0.04765	0.01214	0.11696	0.05075	0.01312	0.00982	0.00547	0.00478	0.00161	0.00628	0.00428	0.00328	0.00743
20	0.13515	0.09625	0.48395	0.01345	0.03352	0.03402	0.03410	0.01695	0.01108	0.05771	0.00950	0.01098	0.00698	0.00516	0.00503	0.00163	0.03072	0.00381	0.00265	0.00736
21	0.02880	0.01065	0.01269	0.01259	0.11891	0.08035	0.02985	0.05934	0.03411	0.13168	0.07256	0.10028	0.06359	0.00761	0.00547	0.00153	0.01688	0.02871	0.00423	0.18017

[dist]
# distance from previous block
# <min> <max>
8	16

[block]
# block no. 4 follows, 46 sequences, length 18
# corresponding to MSA columns:
# 621-638
name=unknown_E
#
# <colnr> <probs for GDERKNQSTAVLIFYWHMCP>
#	G	D	E	R	K	N	Q	S	T	A	V	L	I	F	Y	W	H	M	C	P
0	0.12048	0.37567	0.12694	0.07782	0.07047	0.03130	0.02861	0.01627	0.01101	0.05899	0.00959	0.01108	0.01950	0.00506	0.00435	0.00143	0.01813	0.00366	0.00272	0.00690
1	0.00915	0.02810	0.10933	0.00853	0.01089	0.00715	0.00750	0.01288	0.09318	0.05789	0.23845	0.21531	0.12517	0.01114	0.00604	0.00183	0.00381	0.04304	0.00489	0.00573
2	0.01090	0.01131	0.02259	0.04859	0.06473	0.01097	0.44681	0.01445	0.01247	0.01719	0.16525	0.06695	0.01808	0.00757	0.02655	0.00196	0.03658	0.00721	0.00341	0.00644
3	0.00999	0.00808	0.05113	0.00975	0.02687	0.00708	0.04948	0.09823	0.01260	0.07176	0.04023	0.51299	0.05457	0.01287	0.00629	0.00196	0.00411	0.01158	0.00477	0.00563
4	0.01943	0.01324	0.01462	0.01151	0.01547	0.01437	0.00947	0.54415	0.10608	0.14291	0.01546	0.01602	0.01119	0.00678	0.00538	0.00165	0.00540	0.03266	0.00547	0.00877
5	0.00733	0.00540	0.00686	0.00649	0.00781	0.00492	0.00487	0.00968	0.01461	0.02036	0.68998	0.04088	0.13888	0.01112	0.00624	0.00168	0.00252	0.00976	0.00571	0.00492
6	0.00998	0.00940	0.01586	0.80150	0.03641	0.01175	0.01468	0.01351	0.01057	0.01351	0.00940	0.01409	0.00705	0.00529	0.00529	0.00176	0.00705	0.00470	0.00235	0.00587
7	0.06038	0.10199	0.50001	0.01558	0.02226	0.01335	0.18076	0.01662	0.01128	0.01676	0.00942	0.01143	0.00694	0.00484	0.00503	0.00164	0.00762	0.00425	0.00239	0.00744
