[name]
unknown

[dist]
# distance from previous block
# <min> <max>
0	97

[block]
# block no. 0 follows, 46 sequences, length 10
# corresponding to MSA columns:
# 100-109
name=unknown_A
#
# <colnr> <probs for GDERKNQSTAVLIFYWHMCP>
#	G	D	E	R	K	N	Q	S	T	A	V	L	I	F	Y	W	H	M	C	P
0	0.08244	0.03894	0.06681	0.02775	0.01421	0.02572	0.03130	0.08850	0.06821	0.15704	0.06621	0.01685	0.01295	0.04418	0.00656	0.00167	0.04849	0.01731	0.00417	0.18070
1	0.04375	0.05846	0.13299	0.05540	0.05239	0.03003	0.02543	0.08606	0.04011	0.08308	0.01141	0.03648	0.00911	0.00560	0.00547	0.00142	0.05570	0.00435	0.00344	0.25931
2	0.09596	0.08323	0.09303	0.06610	0.03944	0.03061	0.03389	0.12546	0.05763	0.12134	0.03982	0.02754	0.01079	0.00587	0.00505	0.00151	0.02361	0.00462	0.02170	0.11280
3	0.01311	0.01256	0.08744	0.11131	0.06860	0.05075	0.05883	0.05646	0.05392	0.10038	0.01529	0.01653	0.07649	0.00609	0.00575	0.00150	0.05141	0.00499	0.00358	0.20500
4	0.04729	0.04445	0.07476	0.07947	0.09667	0.01121	0.06478	0.07336	0.06290	0.09319	0.01292	0.06493	0.01064	0.00621	0.00581	0.00156	0.06022	0.00514	0.02918	0.15531
5	0.15043	0.00944	0.01332	0.38294	0.07286	0.01084	0.01117	0.01457	0.03791	0.05112	0.01200	0.06275	0.01033	0.00649	0.00554	0.00173	0.03906	0.03983	0.00314	0.06454
6	0.01090	0.00958	0.01575	0.66634	0.08204	0.01133	0.01395	0.01426	0.01091	0.05115	0.00998	0.01403	0.00747	0.00523	0.00520	0.00169	0.00669	0.00464	0.00262	0.05625
7	0.01422	0.01272	0.09792	0.17378	0.11186	0.01142	0.08407	0.09795	0.08189	0.14016	0.03421	0.01506	0.01051	0.00562	0.00525	0.00160	0.00600	0.00497	0.00382	0.08697
8	0.00936	0.05956	0.00943	0.08934	0.01196	0.02865	0.00641	0.01239	0.08463	0.06141	0.11918	0.08281	0.38380	0.01066	0.00581	0.00173	0.00376	0.00895	0.00466	0.00549
9	0.00998	0.00541	0.00575	0.00558	0.00672	0.00575	0.00427	0.01235	0.01087	0.01920	0.01649	0.01911	0.01307	0.00639	0.00469	0.00131	0.06116	0.00491	0.78200	0.00499

[dist]
# distance from previous block
# <min> <max>
1	6

[block]
# block no. 1 follows, 46 sequences, length 13
# corresponding to MSA columns:
# 116-128
name=unknown_B
#
# <colnr> <probs for GDERKNQSTAVLIFYWHMCP>
#	G	D	E	R	K	N	Q	S	T	A	V	L	I	F	Y	W	H	M	C	P
0	0.16015	0.00954	0.01040	0.00767	0.01212	0.00790	0.00617	0.01371	0.01061	0.01838	0.00904	0.01054	0.00746	0.00409	0.00380	0.00093	0.00395	0.00308	0.00316	0.69730
1	0.18763	0.04318	0.02715	0.01084	0.04817	0.06787	0.04079	0.09919	0.09615	0.09793	0.06114	0.11186	0.05599	0.00775	0.00531	0.00170	0.02006	0.00628	0.00431	0.00672
2	0.01388	0.01259	0.01748	0.12372	0.10551	0.07290	0.14372	0.12811	0.03610	0.05206	0.04132	0.01406	0.01003	0.00535	0.00538	0.00148	0.02097	0.00480	0.00348	0.18706
3	0.00822	0.00581	0.00714	0.00672	0.00797	0.00554	0.00488	0.01092	0.05895	0.04037	0.51941	0.03772	0.09859	0.15326	0.00983	0.00229	0.00313	0.00902	0.00528	0.00495
4	0.01232	0.00565	0.00623	0.00572	0.00746	0.00543	0.00442	0.01470	0.01180	0.15551	0.01789	0.01940	0.01347	0.00623	0.00398	0.00130	0.00282	0.00500	0.69501	0.00565
5	0.00649	0.00472	0.00612	0.00713	0.00763	0.00436	0.00483	0.00755	0.01062	0.01408	0.08095	0.69017	0.10407	0.01589	0.00667	0.00208	0.00299	0.01431	0.00497	0.00436
6	0.00921	0.00500	0.00500	0.00500	0.00633	0.00484	0.00375	0.01148	0.01126	0.01875	0.02369	0.02524	0.14942	0.00744	0.00415	0.00133	0.00250	0.00603	0.69472	0.00484
7	0.04316	0.11275	0.03496	0.02549	0.01474	0.02767	0.03163	0.10287	0.01271	0.18519	0.01142	0.01277	0.00872	0.00697	0.02138	0.00174	0.21356	0.00433	0.00375	0.12421
8	0.01178	0.00896	0.02367	0.05186	0.04101	0.00956	0.00798	0.06313	0.14757	0.09583	0.18479	0.02519	0.07782	0.06567	0.04684	0.00233	0.09846	0.00677	0.02441	0.00638
9	0.00664	0.00496	0.00619	0.00685	0.00769	0.00451	0.00483	0.00799	0.01149	0.01511	0.16771	0.47625	0.20868	0.01475	0.00656	0.00199	0.00293	0.03535	0.00507	0.00447
10	0.01074	0.00917	0.01073	0.00781	0.01229	0.00691	0.00620	0.01303	0.01092	0.01705	0.01035	0.04941	0.00913	0.00452	0.00405	0.00085	0.00387	0.00370	0.00322	0.80604
11	0.01656	0.03226	0.01379	0.05844	0.04572	0.14980	0.00908	0.13574	0.11134	0.16442	0.02677	0.02784	0.01117	0.01953	0.00560	0.00154	0.02192	0.00477	0.00430	0.13942
12	0.01294	0.07402	0.17521	0.03394	0.01979	0.01330	0.21414	0.12572	0.10039	0.01936	0.02657	0.02727	0.01003	0.00575	0.00587	0.00164	0.04569	0.00515	0.02429	0.05891

[dist]
# distance from previous block
# <min> <max>
0	9

[block]
# block no. 2 follows, 46 sequences, length 19
# corresponding to MSA columns:
# 138,139,141-157
name=unknown_C
#
# <colnr> <probs for GDERKNQSTAVLIFYWHMCP>
#	G	D	E	R	K	N	Q	S	T	A	V	L	I	F	Y	W	H	M	C	P
0	0.01125	0.00975	0.01214	0.04063	0.03496	0.00826	0.02089	0.04078	0.01133	0.01731	0.00999	0.03443	0.00860	0.00475	0.00492	0.00101	0.04817	0.00378	0.00316	0.67388
1	0.00675	0.00562	0.00712	0.00696	0.00843	0.00495	0.04591	0.00818	0.01159	0.01453	0.08745	0.27004	0.45712	0.03214	0.00687	0.00196	0.00318	0.01184	0.00480	0.00456
2	0.03614	0.01283	0.10002	0.02653	0.06186	0.01110	0.08072	0.14577	0.05380	0.04795	0.04164	0.05282	0.01142	0.00610	0.00578	0.00148	0.05543	0.00506	0.00371	0.23985
3	0.01260	0.01103	0.01255	0.01108	0.01404	0.01250	0.04944	0.02593	0.67283	0.02120	0.02213	0.05925	0.03632	0.00765	0.00552	0.00181	0.00435	0.00657	0.00520	0.00800
4	0.01588	0.01220	0.01519	0.08997	0.08843	0.08328	0.07620	0.18816	0.06230	0.16139	0.03700	0.04984	0.08212	0.00709	0.00550	0.00166	0.00577	0.00604	0.00449	0.00747
5	0.10695	0.01190	0.01177	0.01043	0.01354	0.05549	0.00817	0.04273	0.57564	0.07600	0.01898	0.01765	0.01410	0.00676	0.00511	0.00174	0.00453	0.00542	0.00508	0.00801
6	0.01293	0.01249	0.06009	0.19384	0.20671	0.01239	0.17268	0.01825	0.12886	0.07767	0.01249	0.01481	0.00943	0.00550	0.00596	0.00173	0.03819	0.00523	0.00327	0.00747
7	0.00675	0.00530	0.00612	0.00615	0.00756	0.00466	0.00457	0.00846	0.01282	0.01661	0.30028	0.14058	0.41827	0.01292	0.00633	0.00180	0.00271	0.02826	0.00522	0.00463
8	0.00692	0.00523	0.00631	0.00634	0.00753	0.00471	0.00460	0.00866	0.01286	0.01719	0.38527	0.18412	0.26985	0.04761	0.00723	0.00194	0.00277	0.01097	0.00526	0.00462
9	0.00658	0.00537	0.00582	0.00570	0.00734	0.00460	0.00428	0.00823	0.01284	0.01615	0.24907	0.04781	0.58241	0.01269	0.00624	0.00175	0.00263	0.01073	0.00515	0.00460
10	0.00649	0.00476	0.00610	0.00704	0.00761	0.00437	0.00480	0.00758	0.01072	0.01415	0.08587	0.65492	0.13472	0.01573	0.00664	0.00206	0.00297	0.01413	0.00497	0.00437
11	0.01196	0.01254	0.02190	0.04905	0.02027	0.01470	0.31076	0.01537	0.05655	0.01501	0.00943	0.01324	0.00794	0.00705	0.01170	0.00205	0.40601	0.00535	0.00265	0.00648
12	0.01157	0.01157	0.01619	0.01388	0.01388	0.01619	0.01157	0.01272	0.00810	0.01272	0.00694	0.01157	0.00694	0.00925	0.01735	0.00231	0.80453	0.00463	0.00231	0.00578
13	0.01096	0.00940	0.01096	0.00783	0.01253	0.00705	0.00626	0.01331	0.01096	0.01723	0.00940	0.01096	0.00783	0.00392	0.00392	0.00078	0.00392	0.00313	0.00313	0.84653
14	0.01166	0.01181	0.01591	0.01360	0.01417	0.06215	0.05511	0.01305	0.00893	0.01297	0.00879	0.01493	0.00874	0.04977	0.04447	0.00259	0.60971	0.03344	0.00252	0.00568
15	0.01240	0.02456	0.65823	0.01426	0.02143	0.01196	0.01767	0.04443	0.03027	0.09952	0.01110	0.01215	0.00769	0.00528	0.00507	0.00167	0.00730	0.00414	0.00288	0.00799
16	0.01497	0.01043	0.01474	0.05169	0.01600	0.01070	0.12415	0.21700	0.05884	0.16329	0.04746	0.17159	0.01690	0.03690	0.00671	0.00189	0.01730	0.00745	0.00480	0.00719
17	0.01153	0.02961	0.01810	0.52112	0.13239	0.02814	0.08001	0.01481	0.01107	0.04401	0.00982	0.01376	0.00753	0.00539	0.00598	0.00174	0.05117	0.00479	0.00258	0.00646
18	0.01144	0.01131	0.01726	0.18960	0.08704	0.01467	0.05200	0.01381	0.02849	0.01375	0.00831	0.01260	0.00738	0.00767	0.01274	0.00209	0.49645	0.00477	0.00244	0.00617

[dist]
# distance from previous block
# <min> <max>
0	1

[block]
# block no. 3 follows, 46 sequences, length 28
# corresponding to MSA columns:
# 159-171,174-188
name=unknown_D
#
# <colnr> <probs for GDERKNQSTAVLIFYWHMCP>
#	G	D	E	R	K	N	Q	S	T	A	V	L	I	F	Y	W	H	M	C	P
0	0.01317	0.01134	0.01820	0.11700	0.49577	0.01110	0.01360	0.01613	0.01191	0.07697	0.01064	0.01321	0.00849	0.00478	0.00501	0.00146	0.00581	0.00447	0.00298	0.15794
1	0.00644	0.00460	0.00613	0.00736	0.00767	0.00429	0.00491	0.00736	0.01012	0.01350	0.02914	0.81076	0.03497	0.01656	0.00675	0.00215	0.00307	0.01503	0.00491	0.00429
2	0.02113	0.01640	0.01443	0.01177	0.01546	0.27024	0.00938	0.28410	0.01851	0.26514	0.01379	0.01333	0.00957	0.00611	0.00512	0.00153	0.00663	0.00449	0.00484	0.00805
3	0.01315	0.01136	0.01195	0.01076	0.01375	0.01315	0.00837	0.02809	0.77168	0.02211	0.02152	0.01972	0.01614	0.00717	0.00538	0.00179	0.00418	0.00598	0.00538	0.00837
4	0.07570	0.00748	0.00851	0.00810	0.00994	0.00784	0.00610	0.01569	0.23153	0.05317	0.28380	0.20031	0.05004	0.01044	0.00583	0.00181	0.00332	0.00906	0.00530	0.00603
5	0.01118	0.00926	0.01107	0.04263	0.01330	0.00747	0.00667	0.04571	0.01124	0.01714	0.00952	0.01158	0.00795	0.00521	0.00535	0.06710	0.00419	0.00339	0.00313	0.70692
6	0.00722	0.00522	0.00651	0.00679	0.00788	0.00468	0.00485	0.00875	0.01208	0.03399	0.25344	0.38763	0.19319	0.01366	0.00639	0.00188	0.00287	0.01209	0.00517	0.02570
7	0.00702	0.00477	0.00632	0.00737	0.00785	0.00442	0.00498	0.00799	0.01035	0.03948	0.02959	0.76129	0.05655	0.01613	0.00668	0.00212	0.00310	0.01459	0.00496	0.00446
8	0.01665	0.01272	0.02762	0.03005	0.01572	0.05248	0.04888	0.24422	0.22925	0.14278	0.04753	0.01639	0.01299	0.00641	0.00527	0.00160	0.00529	0.00525	0.00497	0.07394
9	0.01266	0.01149	0.01944	0.25339	0.53261	0.01212	0.01541	0.01586	0.01175	0.04984	0.01026	0.01359	0.00820	0.00496	0.00525	0.00163	0.00642	0.00473	0.00271	0.00768
10	0.01437	0.00956	0.01012	0.00843	0.01105	0.01031	0.00674	0.34001	0.05364	0.02581	0.04840	0.01751	0.01326	0.00649	0.00458	0.00143	0.00401	0.00511	0.40231	0.00686
11	0.00670	0.00479	0.00641	0.00748	0.00795	0.00450	0.00520	0.00790	0.01075	0.01442	0.10153	0.67730	0.03605	0.01585	0.00674	0.00212	0.00315	0.07175	0.00499	0.00441
12	0.01192	0.04245	0.01230	0.20866	0.03559	0.00979	0.00908	0.13582	0.02942	0.09033	0.01964	0.29278	0.04591	0.00987	0.00598	0.00184	0.01957	0.00855	0.00428	0.00623
13	0.06067	0.04594	0.01651	0.15402	0.04143	0.43903	0.05879	0.03476	0.01319	0.01441	0.00854	0.01088	0.00697	0.00559	0.00581	0.00155	0.06905	0.00393	0.00269	0.00625
14	0.01202	0.00685	0.00806	0.00738	0.00929	0.00673	0.00563	0.08027	0.05646	0.14409	0.13708	0.17863	0.05476	0.00935	0.00529	0.00163	0.00332	0.00798	0.25918	0.00601
15	0.01231	0.06167	0.20761	0.04794	0.01816	0.01338	0.08329	0.07366	0.24911	0.01879	0.03109	0.01605	0.03049	0.00714	0.02102	0.00188	0.09010	0.00522	0.00365	0.00745
16	0.01077	0.00830	0.00970	0.05626	0.01224	0.00875	0.00699	0.09071	0.22368	0.04750	0.16779	0.16490	0.13247	0.01009	0.00585	0.00178	0.00380	0.00868	0.00511	0.02461
17	0.00693	0.00546	0.00649	0.00655	0.00770	0.00511	0.00478	0.00843	0.01207	0.01579	0.24585	0.21339	0.34533	0.04784	0.00773	0.00200	0.03786	0.01113	0.00497	0.00457
18	0.00994	0.00820	0.01028	0.11234	0.01396	0.00817	0.00733	0.06425	0.07115	0.01778	0.15212	0.12490	0.09212	0.03018	0.00650	0.00165	0.03914	0.00728	0.00419	0.21853
19	0.52317	0.01149	0.01049	0.00876	0.01225	0.02611	0.00719	0.19040	0.03653	0.09895	0.01034	0.01086	0.00755	0.00556	0.00429	0.00164	0.01977	0.00368	0.00409	0.00689
20	0.00998	0.00940	0.01586	0.80150	0.03641	0.01175	0.01468	0.01351	0.01057	0.01351	0.00940	0.01409	0.00705	0.00529	0.00529	0.00176	0.00705	0.00470	0.00235	0.00587
21	0.01068	0.00969	0.01573	0.54798	0.14305	0.01141	0.01361	0.05322	0.01158	0.01536	0.04374	0.01551	0.00971	0.00819	0.06706	0.00225	0.00723	0.00499	0.00273	0.00628
22	0.00695	0.00509	0.00659	0.00728	0.00798	0.00470	0.00495	0.00797	0.00996	0.01349	0.02645	0.62735	0.04922	0.07807	0.04977	0.00260	0.00387	0.01294	0.00453	0.07023
23	0.00958	0.00859	0.01332	0.45509	0.06067	0.00990	0.01142	0.01279	0.04117	0.01446	0.03112	0.18444	0.01444	0.00790	0.00597	0.00178	0.03566	0.00694	0.00317	0.07160
24	0.01043	0.00940	0.01401	0.18916	0.03685	0.00943	0.07948	0.02951	0.01103	0.01587	0.04445	0.06962	0.01179	0.00893	0.07183	0.00203	0.06861	0.00528	0.00310	0.30917
25	0.43445	0.01164	0.01153	0.06920	0.01422	0.04441	0.00830	0.13304	0.03245	0.06272	0.00941	0.01092	0.00723	0.00597	0.00604	0.00173	0.12285	0.00379	0.00358	0.00652
26	0.03156	0.06727	0.01354	0.01075	0.01264	0.01276	0.00866	0.24748	0.02628	0.02001	0.03598	0.23986	0.01681	0.01000	0.00876	0.00191	0.21750	0.00761	0.00415	0.00646
27	0.01466	0.04606	0.01416	0.01080	0.01413	0.01214	0.06702	0.34049	0.06931	0.04659	0.01946	0.10691	0.09788	0.00802	0.00565	0.00164	0.02096	0.00667	0.04564	0.05183

[dist]
# distance from previous block
# <min> <max>
3	19

[block]
# block no. 4 follows, 46 sequences, length 13
# corresponding to MSA columns:
# 211-223
name=unknown_E
#
# <colnr> <probs for GDERKNQSTAVLIFYWHMCP>
#	G	D	E	R	K	N	Q	S	T	A	V	L	I	F	Y	W	H	M	C	P
0	0.10832	0.05206	0.01294	0.07812	0.03557	0.02590	0.00822	0.19689	0.04353	0.04585	0.01191	0.04021	0.00976	0.03156	0.00525	0.00148	0.00491	0.00447	0.03737	0.24570
1	0.03467	0.01106	0.01250	0.06896	0.04049	0.07913	0.00852	0.09772	0.05237	0.12323	0.05208	0.04706	0.01256	0.02299	0.04487	0.00188	0.06565	0.00507	0.00398	0.21520
2	0.10706	0.01026	0.01313	0.11738	0.09414	0.01020	0.00914	0.04845	0.02803	0.06996	0.01019	0.01213	0.00805	0.00513	0.00556	0.00134	0.07678	0.00389	0.00329	0.36589
3	0.01608	0.00849	0.01064	0.00907	0.01196	0.00828	0.00724	0.03737	0.18302	0.35291	0.18911	0.06398	0.02377	0.00852	0.00570	0.00174	0.00396	0.04470	0.00593	0.00753
4	0.00775	0.00772	0.09422	0.00761	0.00947	0.00561	0.00640	0.00958	0.01127	0.04541	0.10162	0.30591	0.25911	0.05390	0.04748	0.00239	0.00415	0.01085	0.00457	0.00496
5	0.00738	0.00529	0.00717	0.00738	0.00794	0.00565	0.00520	0.00855	0.00888	0.01234	0.05516	0.17441	0.02089	0.26451	0.37858	0.00596	0.00881	0.00822	0.00348	0.00420
6	0.00651	0.00463	0.00612	0.00728	0.00757	0.00434	0.00482	0.00738	0.00999	0.01333	0.02849	0.77034	0.03415	0.05810	0.00780	0.00230	0.00317	0.01465	0.00482	0.00424
7	0.00907	0.00628	0.00721	0.00679	0.00738	0.00656	0.00436	0.09299	0.00971	0.01308	0.01593	0.03057	0.01739	0.63609	0.11071	0.00511	0.00622	0.00713	0.00340	0.00403
8	0.01240	0.00935	0.01111	0.00801	0.01264	0.00713	0.00643	0.01471	0.01143	0.10366	0.01069	0.01175	0.00842	0.00421	0.00407	0.00088	0.00398	0.00338	0.00352	0.75223
9	0.22562	0.01235	0.05059	0.00956	0.01377	0.01194	0.00815	0.24837	0.07902	0.02425	0.01094	0.01165	0.00831	0.00525	0.00436	0.00138	0.00477	0.00385	0.00398	0.26190
10	0.01479	0.01097	0.01312	0.01141	0.05197	0.01154	0.00866	0.15826	0.19966	0.11959	0.01504	0.04203	0.01187	0.02582	0.00693	0.00165	0.09467	0.00517	0.00447	0.19240
11	0.18123	0.19601	0.04777	0.02443	0.03673	0.02978	0.00890	0.12942	0.09888	0.07190	0.01110	0.01176	0.00855	0.00542	0.00460	0.00145	0.02508	0.00387	0.00367	0.09944
12	0.01633	0.00971	0.01171	0.00973	0.01286	0.00979	0.00773	0.17776	0.11680	0.26508	0.01898	0.15401	0.01582	0.00981	0.04514	0.00202	0.02264	0.00678	0.00525	0.08204

[dist]
# distance from previous block
# <min> <max>
7	119

[block]
# block no. 5 follows, 46 sequences, length 32
# corresponding to MSA columns:
# 347-376,379,380
name=unknown_F
#
# <colnr> <probs for GDERKNQSTAVLIFYWHMCP>
#	G	D	E	R	K	N	Q	S	T	A	V	L	I	F	Y	W	H	M	C	P
0	0.04546	0.09538	0.12411	0.09447	0.07580	0.05331	0.02551	0.05441	0.01299	0.21673	0.02650	0.01459	0.02380	0.00573	0.00506	0.00152	0.01898	0.00455	0.03489	0.06621
1	0.15567	0.06170	0.02944	0.17589	0.03611	0.07336	0.00980	0.10706	0.07733	0.01889	0.01372	0.01748	0.04761	0.00657	0.00529	0.00164	0.03293	0.05832	0.00352	0.06767
2	0.03189	0.05523	0.04514	0.05738	0.01532	0.05989	0.00881	0.13954	0.07271	0.24520	0.01566	0.05390	0.02319	0.00637	0.00498	0.00149	0.00515	0.00509	0.00462	0.14844
3	0.08361	0.08315	0.09278	0.02796	0.04590	0.15280	0.03872	0.06214	0.01290	0.10644	0.01167	0.06102	0.00964	0.00575	0.00468	0.00140	0.00597	0.00452	0.00349	0.18546
4	0.00870	0.00677	0.00912	0.03981	0.04848	0.00656	0.00662	0.01101	0.04321	0.02714	0.06820	0.27752	0.02159	0.05200	0.18677	0.00337	0.00620	0.00850	0.00392	0.16452
5	0.00867	0.00685	0.00860	0.07319	0.01134	0.00707	0.00639	0.01353	0.16205	0.01992	0.48443	0.07687	0.08013	0.01010	0.00602	0.00173	0.00324	0.00885	0.00534	0.00565
6	0.00692	0.00474	0.00619	0.00726	0.00773	0.00448	0.00502	0.00812	0.01045	0.01441	0.04503	0.67061	0.03297	0.01531	0.00648	0.00207	0.00311	0.05916	0.08554	0.00441
7	0.00654	0.00519	0.00588	0.00607	0.00741	0.00453	0.00441	0.00801	0.01219	0.01548	0.19270	0.22225	0.46345	0.01360	0.00636	0.00184	0.00273	0.01172	0.00509	0.00453
8	0.01195	0.00623	0.00804	0.00724	0.00915	0.00562	0.00552	0.01399	0.01369	0.22846	0.34198	0.13335	0.07694	0.02573	0.00621	0.00175	0.00318	0.00873	0.08632	0.00592
9	0.00721	0.00514	0.00575	0.00584	0.00636	0.00488	0.00363	0.00772	0.00926	0.01195	0.05636	0.10891	0.20779	0.51498	0.01923	0.00390	0.00424	0.00927	0.00388	0.00368
10	0.01413	0.81739	0.02770	0.00905	0.01357	0.02092	0.00905	0.01583	0.01074	0.01244	0.00735	0.00848	0.00678	0.00452	0.00339	0.00113	0.00565	0.00283	0.00226	0.00678
11	0.45569	0.01020	0.01026	0.00839	0.01207	0.01073	0.00692	0.09135	0.01286	0.31514	0.01302	0.01257	0.00885	0.00567	0.00425	0.00163	0.00441	0.00398	0.00471	0.00729
12	0.01315	0.01136	0.01195	0.01076	0.01375	0.01315	0.00837	0.02809	0.77168	0.02211	0.02152	0.01972	0.01614	0.00717	0.00538	0.00179	0.00418	0.00598	0.00538	0.00837
13	0.00918	0.00459	0.00689	0.00689	0.00689	0.00459	0.00459	0.00689	0.00689	0.00918	0.00918	0.01607	0.00918	0.01837	0.02066	0.84619	0.00459	0.00459	0.00230	0.00230
14	0.09372	0.01251	0.02014	0.12390	0.47830	0.04061	0.10302	0.01631	0.01179	0.03570	0.00991	0.01291	0.00797	0.00484	0.00516	0.00162	0.00655	0.00468	0.00275	0.00759
15	0.01168	0.01252	0.03681	0.01631	0.01817	0.01489	0.24416	0.01399	0.00953	0.01410	0.00842	0.01272	0.00750	0.00877	0.04165	0.00236	0.51261	0.00515	0.00244	0.00620
16	0.02372	0.00900	0.01227	0.00941	0.01350	0.00777	0.00777	0.02576	0.01513	0.78489	0.02086	0.01799	0.01309	0.00654	0.00532	0.00164	0.00450	0.00532	0.00654	0.00900
17	0.01201	0.01147	0.01952	0.29833	0.52373	0.01228	0.01569	0.01528	0.01153	0.01597	0.00975	0.01343	0.00792	0.00491	0.00525	0.00164	0.00655	0.00471	0.00252	0.00751
18	0.01060	0.02735	0.78682	0.01507	0.02288	0.01228	0.01953	0.01674	0.01116	0.01674	0.00949	0.01116	0.00670	0.00502	0.00502	0.00167	0.00781	0.00391	0.00223	0.00781
19	0.00852	0.00608	0.00852	0.00974	0.01095	0.00608	0.00852	0.01095	0.01217	0.01582	0.02799	0.05963	0.03042	0.01460	0.00730	0.00243	0.00487	0.74565	0.00487	0.00487
20	0.01009	0.00667	0.00887	0.00814	0.00943	0.00689	0.00635	0.01208	0.01300	0.11012	0.42326	0.03496	0.03447	0.09979	0.00996	0.00221	0.10582	0.08750	0.00507	0.00536
21	0.03074	0.02958	0.01556	0.15285	0.22604	0.02394	0.02404	0.10170	0.01399	0.15161	0.11375	0.01760	0.01459	0.00685	0.01926	0.00174	0.01777	0.00540	0.02566	0.00733
22	0.02215	0.00958	0.01248	0.00951	0.01367	0.00850	0.00784	0.09336	0.01564	0.64102	0.01899	0.01682	0.01220	0.00627	0.00518	0.00155	0.00457	0.00505	0.00610	0.08951
23	0.01798	0.01339	0.01447	0.01145	0.01518	0.01478	0.00932	0.60902	0.09531	0.03051	0.06175	0.05432	0.01349	0.00720	0.00543	0.00164	0.00532	0.00568	0.00531	0.00845
24	0.00909	0.01338	0.29711	0.01024	0.01363	0.00751	0.01045	0.01202	0.01083	0.06279	0.02186	0.41620	0.04952	0.03208	0.00652	0.00200	0.00496	0.00995	0.00397	0.00588
25	0.13235	0.03084	0.18580	0.01018	0.02868	0.02331	0.00972	0.06766	0.01187	0.01909	0.02374	0.01129	0.00812	0.00466	0.00424	0.00121	0.00510	0.00353	0.00312	0.41551
26	0.00828	0.00621	0.00822	0.00917	0.08144	0.00642	0.00551	0.00923	0.00949	0.01313	0.13668	0.07919	0.02296	0.46294	0.07654	0.00416	0.04472	0.00785	0.00360	0.00429
27	0.00671	0.00479	0.00642	0.00755	0.00800	0.00451	0.00526	0.00787	0.01062	0.01420	0.07541	0.69081	0.03545	0.01602	0.00677	0.00214	0.00320	0.08492	0.00496	0.00439
28	0.01542	0.01353	0.07813	0.07769	0.05662	0.01301	0.01050	0.40339	0.04650	0.02511	0.01320	0.07764	0.01082	0.00657	0.00519	0.00154	0.00555	0.00533	0.00431	0.12994
29	0.11920	0.04508	0.11938	0.09460	0.20705	0.01276	0.05895	0.12751	0.04255	0.09375	0.01162	0.01363	0.00878	0.00547	0.00501	0.00164	0.00608	0.01574	0.00352	0.00768
30	0.00973	0.00650	0.00805	0.08308	0.01039	0.00654	0.00533	0.04715	0.01000	0.06447	0.04383	0.08529	0.01858	0.49256	0.01831	0.00372	0.00494	0.00737	0.01764	0.05650
31	0.18777	0.00917	0.01071	0.00874	0.01216	0.00903	0.00710	0.04829	0.08694	0.42114	0.12629	0.01914	0.01701	0.00688	0.00504	0.00165	0.00415	0.00547	0.00562	0.00770

[dist]
# distance from previous block
# <min> <max>
0	3

[block]
# block no. 6 follows, 46 sequences, length 6
# corresponding to MSA columns:
# 384-389
name=unknown_G
#
# <colnr> <probs for GDERKNQSTAVLIFYWHMCP>
#	G	D	E	R	K	N	Q	S	T	A	V	L	I	F	Y	W	H	M	C	P
0	0.01017	0.00958	0.05524	0.10466	0.01442	0.00939	0.00818	0.05149	0.27007	0.01911	0.16475	0.05736	0.18583	0.00913	0.00574	0.00176	0.00414	0.00775	0.00479	0.00645
1	0.01097	0.01063	0.01845	0.28591	0.02475	0.03649	0.25678	0.01405	0.01120	0.01525	0.01155	0.06150	0.00971	0.00631	0.00622	0.04679	0.00669	0.00562	0.06764	0.09348
2	0.00843	0.00565	0.00715	0.00663	0.00817	0.00510	0.00502	0.01070	0.01449	0.07407	0.60470	0.03986	0.16815	0.01093	0.00617	0.00168	0.00267	0.00953	0.00572	0.00518
3	0.01323	0.01041	0.05747	0.03266	0.01398	0.01009	0.10531	0.15914	0.05461	0.06224	0.01467	0.01644	0.01111	0.00614	0.00543	0.00153	0.05136	0.00506	0.36250	0.00664
4	0.00671	0.00475	0.00618	0.00707	0.00743	0.00448	0.00468	0.00767	0.01028	0.01383	0.10308	0.62775	0.03434	0.12405	0.00943	0.00250	0.00329	0.01348	0.00477	0.00422
5	0.24544	0.25154	0.05205	0.00868	0.01294	0.06536	0.00783	0.01536	0.01063	0.01729	0.00815	0.00948	0.00681	0.00453	0.00369	0.00120	0.00504	0.00302	0.00284	0.26810

[dist]
# distance from previous block
# <min> <max>
3	41

[block]
# block no. 7 follows, 46 sequences, length 6
# corresponding to MSA columns:
# 454-459
name=unknown_H
#
# <colnr> <probs for GDERKNQSTAVLIFYWHMCP>
#	G	D	E	R	K	N	Q	S	T	A	V	L	I	F	Y	W	H	M	C	P
0	0.19518	0.11678	0.04823	0.05264	0.04530	0.06930	0.00966	0.28019	0.01615	0.10281	0.01099	0.01163	0.00806	0.00559	0.00457	0.00154	0.00572	0.00403	0.00404	0.00758
1	0.09921	0.01052	0.04455	0.07801	0.03939	0.05673	0.00825	0.15810	0.01523	0.04556	0.28286	0.06982	0.05373	0.00838	0.00549	0.00167	0.00458	0.00698	0.00464	0.00629
2	0.06275	0.23310	0.30046	0.01182	0.01721	0.01525	0.01273	0.17527	0.06194	0.02000	0.03549	0.01209	0.00916	0.00549	0.00460	0.00152	0.00619	0.00405	0.00327	0.00761
3	0.66523	0.01000	0.00862	0.00731	0.01084	0.01086	0.00600	0.01633	0.00987	0.10194	0.00900	0.00985	0.00674	0.00496	0.00356	0.00153	0.00411	0.00315	0.00359	0.10649
4	0.34523	0.09119	0.05660	0.00841	0.01174	0.01083	0.00729	0.06167	0.01126	0.13004	0.01259	0.10679	0.01099	0.00745	0.00544	0.05897	0.00453	0.00498	0.00383	0.05018
5	0.07378	0.01273	0.01399	0.06015	0.01626	0.01420	0.00967	0.49281	0.10639	0.02808	0.01496	0.01891	0.01202	0.00726	0.00540	0.00173	0.00548	0.09326	0.00493	0.00801

[dist]
# distance from previous block
# <min> <max>
0	11

[block]
# block no. 8 follows, 46 sequences, length 33
# corresponding to MSA columns:
# 471-503
name=unknown_I
#
# <colnr> <probs for GDERKNQSTAVLIFYWHMCP>
#	G	D	E	R	K	N	Q	S	T	A	V	L	I	F	Y	W	H	M	C	P
0	0.11848	0.00702	0.00804	0.00858	0.05820	0.00672	0.00627	0.01181	0.02918	0.07959	0.05721	0.04086	0.39161	0.01118	0.00589	0.00186	0.00367	0.14369	0.00471	0.00543
1	0.04225	0.11124	0.01022	0.00758	0.00903	0.00820	0.00583	0.01120	0.00914	0.06132	0.01420	0.02205	0.01363	0.23524	0.34162	0.02142	0.00873	0.00564	0.05660	0.00486
2	0.12260	0.35605	0.18167	0.01105	0.03194	0.09281	0.01093	0.03784	0.03083	0.01610	0.00858	0.00983	0.00703	0.00485	0.00403	0.00135	0.00616	0.00331	0.00266	0.06038
3	0.26886	0.03367	0.01344	0.01045	0.01426	0.02822	0.00867	0.47829	0.01908	0.02888	0.01147	0.01311	0.00875	0.00617	0.00470	0.00162	0.00532	0.03274	0.00455	0.00775
4	0.11677	0.15703	0.41112	0.01184	0.01785	0.01279	0.01367	0.01739	0.01133	0.11664	0.01033	0.01126	0.00749	0.00505	0.00450	0.00152	0.00631	0.00373	0.00298	0.06041
5	0.11670	0.00573	0.00672	0.00749	0.00834	0.00574	0.00521	0.03764	0.01054	0.01559	0.02567	0.67577	0.03016	0.01465	0.00624	0.00206	0.00331	0.01305	0.00471	0.00466
6	0.00879	0.00663	0.00771	0.00723	0.00886	0.00644	0.00542	0.10720	0.03378	0.01948	0.33329	0.16090	0.22624	0.03556	0.00679	0.00187	0.00318	0.01007	0.00528	0.00530
7	0.00667	0.00483	0.00634	0.00731	0.00787	0.00449	0.00509	0.00788	0.01089	0.01452	0.11114	0.63216	0.08319	0.01562	0.00670	0.00209	0.00310	0.06070	0.00500	0.00442
8	0.00978	0.00903	0.01505	0.63549	0.09359	0.01084	0.01354	0.01293	0.01063	0.01381	0.01200	0.11745	0.01078	0.00670	0.00547	0.00180	0.00647	0.00604	0.00270	0.00587
9	0.01260	0.01176	0.01893	0.02733	0.60996	0.01197	0.01427	0.01721	0.11086	0.01810	0.06043	0.01699	0.01265	0.00571	0.00538	0.00163	0.00573	0.02717	0.00324	0.00806
10	0.02944	0.02463	0.66867	0.01395	0.02125	0.01159	0.01750	0.01627	0.01109	0.01696	0.00943	0.01108	0.00682	0.00488	0.00484	0.00156	0.00722	0.00378	0.00237	0.11667
11	0.01096	0.00940	0.01096	0.00783	0.01253	0.00705	0.00626	0.01331	0.01096	0.01723	0.00940	0.01096	0.00783	0.00392	0.00392	0.00078	0.00392	0.00313	0.00313	0.84653
12	0.01080	0.00708	0.00949	0.02168	0.05832	0.00760	0.00655	0.01187	0.00969	0.11280	0.03843	0.02759	0.01673	0.36576	0.07070	0.02285	0.10809	0.05302	0.03599	0.00496
13	0.24960	0.01201	0.06243	0.02913	0.21285	0.01133	0.01030	0.08692	0.01246	0.11534	0.01095	0.02364	0.00844	0.00532	0.00474	0.00153	0.01883	0.00417	0.00360	0.11641
14	0.85155	0.01022	0.00777	0.00695	0.01022	0.01186	0.00573	0.01554	0.00900	0.02372	0.00736	0.00859	0.00573	0.00491	0.00327	0.00164	0.00409	0.00286	0.00327	0.00573
15	0.01152	0.00547	0.00593	0.00556	0.00709	0.00531	0.00419	0.01377	0.01140	0.11846	0.01768	0.02043	0.01385	0.05764	0.00538	0.00153	0.00290	0.00515	0.68139	0.00535
16	0.00774	0.00554	0.00743	0.00780	0.00888	0.00530	0.00617	0.00994	0.01315	0.01800	0.39737	0.13438	0.04011	0.04273	0.00744	0.00212	0.00350	0.27232	0.00528	0.00480
17	0.01751	0.01308	0.01415	0.01138	0.01495	0.01444	0.00918	0.57961	0.11006	0.02944	0.01586	0.11714	0.01320	0.00777	0.00549	0.00168	0.00527	0.00624	0.00525	0.00831
18	0.01315	0.01136	0.01195	0.01076	0.01375	0.01315	0.00837	0.02809	0.77168	0.02211	0.02152	0.01972	0.01614	0.00717	0.00538	0.00179	0.00418	0.00598	0.00538	0.00837
19	0.01254	0.00704	0.00926	0.00912	0.01109	0.00680	0.00759	0.06184	0.01334	0.19408	0.02540	0.13718	0.04104	0.01190	0.00640	0.00207	0.00442	0.37473	0.05816	0.00601
20	0.01060	0.02735	0.78682	0.01507	0.02288	0.01228	0.01953	0.01674	0.01116	0.01674	0.00949	0.01116	0.00670	0.00502	0.00502	0.00167	0.00781	0.00391	0.00223	0.00781
21	0.02372	0.00900	0.01227	0.00941	0.01350	0.00777	0.00777	0.02576	0.01513	0.78489	0.02086	0.01799	0.01309	0.00654	0.00532	0.00164	0.00450	0.00532	0.00654	0.00900
22	0.01082	0.00616	0.00805	0.00715	0.00903	0.00554	0.00551	0.01315	0.01481	0.18154	0.57249	0.03569	0.08886	0.01008	0.00604	0.00166	0.00293	0.00877	0.00591	0.00580
23	0.02372	0.00900	0.01227	0.00941	0.01350	0.00777	0.00777	0.02576	0.01513	0.78489	0.02086	0.01799	0.01309	0.00654	0.00532	0.00164	0.00450	0.00532	0.00654	0.00900
24	0.01021	0.00966	0.01609	0.71884	0.06259	0.01208	0.01453	0.01355	0.01046	0.01359	0.00925	0.01388	0.00709	0.00554	0.00611	0.00179	0.06173	0.00469	0.00236	0.00596
25	0.01811	0.00790	0.01007	0.00819	0.01118	0.00728	0.00658	0.05966	0.02718	0.45520	0.08360	0.01989	0.01600	0.00731	0.00566	0.03712	0.00392	0.00554	0.20221	0.00741
26	0.00658	0.00470	0.00626	0.00727	0.00770	0.00438	0.00492	0.00770	0.01075	0.01450	0.12643	0.71061	0.03690	0.01582	0.00668	0.00208	0.00299	0.01432	0.00503	0.00438
27	0.27164	0.00945	0.01246	0.37400	0.05113	0.01087	0.01035	0.01546	0.01055	0.11675	0.01074	0.01417	0.00825	0.05679	0.00604	0.00191	0.00565	0.00440	0.00324	0.00616
28	0.01023	0.00594	0.00755	0.00732	0.00886	0.00548	0.00561	0.01203	0.01256	0.14463	0.21547	0.13872	0.13011	0.09240	0.00824	0.00218	0.00357	0.12571	0.05810	0.00529
29	0.00688	0.00494	0.00618	0.00700	0.00770	0.00462	0.00485	0.00837	0.02646	0.01474	0.08216	0.57613	0.13502	0.01485	0.00643	0.00200	0.00299	0.02584	0.05835	0.00450
30	0.01060	0.02735	0.78682	0.01507	0.02288	0.01228	0.01953	0.01674	0.01116	0.01674	0.00949	0.01116	0.00670	0.00502	0.00502	0.00167	0.00781	0.00391	0.00223	0.00781
31	0.01218	0.03119	0.04544	0.03262	0.05898	0.00909	0.00813	0.11091	0.01297	0.03257	0.03394	0.05693	0.01077	0.00534	0.00450	0.00113	0.00452	0.00440	0.00354	0.52087
32	0.01469	0.23527	0.15505	0.07571	0.03732	0.22990	0.01169	0.01900	0.11090	0.02991	0.01033	0.01151	0.00820	0.00530	0.00457	0.00144	0.00698	0.00384	0.00291	0.02548

[dist]
# distance from previous block
# <min> <max>
0	15

[block]
# block no. 9 follows, 46 sequences, length 23
# corresponding to MSA columns:
# 553-575
name=unknown_J
#
# <colnr> <probs for GDERKNQSTAVLIFYWHMCP>
#	G	D	E	R	K	N	Q	S	T	A	V	L	I	F	Y	W	H	M	C	P
0	0.85155	0.01022	0.00777	0.00695	0.01022	0.01186	0.00573	0.01554	0.00900	0.02372	0.00736	0.00859	0.00573	0.00491	0.00327	0.00164	0.00409	0.00286	0.00327	0.00573
1	0.09104	0.03761	0.10599	0.01017	0.04576	0.02731	0.00871	0.01787	0.02459	0.28313	0.09271	0.04364	0.07395	0.00720	0.00512	0.00158	0.00467	0.02213	0.00468	0.09214
2	0.02890	0.13692	0.37421	0.04039	0.01830	0.01282	0.01355	0.08920	0.04528	0.09722	0.03798	0.01350	0.00986	0.00560	0.00480	0.00156	0.00622	0.00432	0.05183	0.00755
3	0.00679	0.00543	0.00625	0.02385	0.00810	0.00481	0.00465	0.00858	0.01299	0.01676	0.31623	0.08009	0.46187	0.01241	0.00624	0.00176	0.00273	0.01060	0.00518	0.00468
4	0.01059	0.02410	0.63908	0.13205	0.02510	0.01225	0.05160	0.01627	0.01113	0.01627	0.00953	0.01173	0.00681	0.00504	0.00512	0.00169	0.00775	0.00413	0.00227	0.00749
5	0.06254	0.08965	0.25732	0.14485	0.03404	0.03042	0.03958	0.12590	0.04084	0.10875	0.01141	0.01270	0.00821	0.00545	0.00494	0.00162	0.00652	0.00433	0.00341	0.00755
6	0.01534	0.01023	0.01444	0.13257	0.19969	0.02449	0.01062	0.07152	0.08934	0.22266	0.07449	0.01742	0.01355	0.00720	0.00655	0.06746	0.00531	0.00535	0.00432	0.00743
7	0.00693	0.00492	0.00622	0.00716	0.00787	0.00459	0.00512	0.00822	0.01073	0.01438	0.03169	0.54482	0.14313	0.01504	0.00650	0.00206	0.00318	0.10273	0.07026	0.00444
8	0.00659	0.00506	0.00604	0.00645	0.00752	0.00451	0.00459	0.00800	0.01188	0.01543	0.19757	0.36012	0.31894	0.01414	0.00645	0.00191	0.00280	0.01241	0.00510	0.00451
9	0.30912	0.01377	0.13027	0.14050	0.05263	0.02496	0.01080	0.14786	0.02705	0.08144	0.01039	0.01175	0.00756	0.00541	0.00453	0.00165	0.00566	0.00399	0.00357	0.00707
10	0.00984	0.00641	0.00807	0.00704	0.00918	0.00556	0.00541	0.01209	0.01396	0.11356	0.47468	0.05072	0.11946	0.00967	0.00579	0.00155	0.00298	0.00838	0.00539	0.13025
11	0.00652	0.00466	0.00621	0.00731	0.00769	0.00435	0.00491	0.00756	0.01050	0.01410	0.08753	0.75065	0.03613	0.01611	0.00671	0.00211	0.00302	0.01460	0.00498	0.00435
12	0.01280	0.01072	0.01759	0.46369	0.18629	0.01201	0.05765	0.07384	0.01251	0.08592	0.01088	0.01414	0.00808	0.00531	0.00533	0.00170	0.00667	0.00485	0.00303	0.00699
13	0.01697	0.06180	0.24009	0.01383	0.06210	0.01163	0.08032	0.08962	0.04520	0.30354	0.01451	0.01443	0.00989	0.00570	0.00520	0.00163	0.00614	0.00479	0.00431	0.00830
14	0.00898	0.00607	0.00846	0.00951	0.01076	0.00599	0.00816	0.01126	0.01211	0.04836	0.02779	0.12592	0.03010	0.01444	0.00717	0.00237	0.00469	0.64792	0.00494	0.00499
15	0.01095	0.00617	0.00818	0.00724	0.00909	0.00558	0.00558	0.01335	0.01500	0.18428	0.61667	0.03490	0.04202	0.00990	0.00604	0.00166	0.00292	0.00865	0.00597	0.00584
16	0.16231	0.01140	0.04730	0.27581	0.14539	0.03917	0.01170	0.03165	0.01205	0.19632	0.01182	0.01356	0.00845	0.00543	0.00490	0.00166	0.00591	0.00444	0.00360	0.00713
17	0.00756	0.00526	0.00635	0.00662	0.00695	0.00526	0.00420	0.02559	0.00902	0.01206	0.02121	0.26081	0.04803	0.46489	0.08925	0.00436	0.00528	0.00970	0.00377	0.00384
18	0.01248	0.01426	0.03119	0.02228	0.02763	0.01337	0.76203	0.01693	0.01248	0.01693	0.01070	0.01426	0.00802	0.00446	0.00624	0.00178	0.00891	0.00624	0.00267	0.00713
19	0.02251	0.00948	0.01244	0.00970	0.01367	0.00865	0.00801	0.08770	0.04503	0.66670	0.02043	0.01898	0.01343	0.00682	0.00538	0.00166	0.00461	0.02963	0.00634	0.00884
20	0.13461	0.01298	0.09728	0.17653	0.06966	0.01239	0.04275	0.22449	0.01496	0.08177	0.01163	0.01329	0.00847	0.00559	0.00488	0.00162	0.00583	0.00450	0.06945	0.00731
21	0.08615	0.00908	0.01067	0.05519	0.01166	0.05903	0.00762	0.01138	0.00870	0.01293	0.01155	0.02015	0.01180	0.26254	0.16341	0.00419	0.24081	0.00553	0.00280	0.00481
22	0.08456	0.06976	0.00860	0.00784	0.00895	0.05195	0.00571	0.00982	0.01053	0.01457	0.05070	0.53985	0.02826	0.04231	0.00679	0.00208	0.00387	0.04472	0.00440	0.00474

[dist]
# distance from previous block
# <min> <max>
1	8

[block]
# block no. 10 follows, 46 sequences, length 11
# corresponding to MSA columns:
# 585-595
name=unknown_K
#
# <colnr> <probs for GDERKNQSTAVLIFYWHMCP>
#	G	D	E	R	K	N	Q	S	T	A	V	L	I	F	Y	W	H	M	C	P
0	0.01075	0.00675	0.00893	0.00863	0.01066	0.00621	0.00709	0.01324	0.02812	0.13002	0.17664	0.11121	0.02918	0.01137	0.00629	0.00192	0.00404	0.31536	0.00511	0.10851
1	0.01454	0.01239	0.03484	0.03861	0.44600	0.04315	0.01340	0.10808	0.01400	0.09497	0.01368	0.01958	0.01174	0.00646	0.00550	0.00169	0.00604	0.10379	0.00362	0.00789
2	0.01318	0.00972	0.01151	0.00906	0.01294	0.00869	0.00739	0.11480	0.05135	0.09546	0.01419	0.03416	0.01221	0.00634	0.00507	0.00129	0.02146	0.09484	0.00410	0.47225
3	0.08439	0.00989	0.01556	0.52155	0.14254	0.01139	0.01330	0.01559	0.01121	0.10934	0.01071	0.01395	0.00787	0.00532	0.00511	0.00171	0.00637	0.00462	0.00298	0.00662
4	0.08453	0.00967	0.01270	0.00966	0.01347	0.02075	0.09431	0.01524	0.02861	0.11174	0.09563	0.01649	0.01365	0.04586	0.00600	0.00145	0.01908	0.00476	0.00383	0.39255
5	0.01445	0.01129	0.01867	0.17732	0.49467	0.01152	0.01436	0.01746	0.01233	0.15864	0.01186	0.01419	0.00899	0.00516	0.00526	0.00162	0.00610	0.00482	0.00329	0.00800
6	0.00711	0.00522	0.00718	0.05327	0.00978	0.00508	0.00593	0.00868	0.01136	0.01532	0.17674	0.51840	0.03576	0.01453	0.00663	0.00206	0.00341	0.10402	0.00494	0.00459
7	0.01157	0.00797	0.01140	0.07298	0.13012	0.00778	0.02642	0.03643	0.03433	0.13089	0.02077	0.25439	0.05802	0.08945	0.00781	0.00209	0.00455	0.00847	0.03003	0.05452
8	0.01378	0.01322	0.09564	0.11754	0.52521	0.01185	0.01534	0.01713	0.01216	0.11071	0.01117	0.01361	0.00863	0.00503	0.00523	0.00161	0.00630	0.00470	0.00303	0.00810
9	0.21260	0.01149	0.01540	0.02028	0.39486	0.04269	0.01141	0.01707	0.02852	0.11246	0.01378	0.01587	0.05334	0.00579	0.00487	0.00162	0.00539	0.02164	0.00350	0.00743
10	0.32406	0.05890	0.01416	0.06279	0.13728	0.06950	0.02390	0.15734	0.03584	0.02171	0.00983	0.01198	0.00789	0.03790	0.00528	0.00172	0.00557	0.00402	0.00344	0.00687

[dist]
# distance from previous block
# <min> <max>
0	27

# created by:
# /st0/software/busco_prod/Augustus/scripts/msa2prfl.pl ./align_prep/187866.fa
