[name]
unknown

[dist]
# distance from previous block
# <min> <max>
0	133

[block]
# block no. 0 follows, 45 sequences, length 29
# corresponding to MSA columns:
# 159-187
name=unknown_A
#
# <colnr> <probs for GDERKNQSTAVLIFYWHMCP>
#	G	D	E	R	K	N	Q	S	T	A	V	L	I	F	Y	W	H	M	C	P
0	0.05977	0.01039	0.01284	0.09319	0.01595	0.02156	0.03840	0.20547	0.05726	0.20043	0.03587	0.04030	0.04369	0.02327	0.00586	0.00179	0.00513	0.05696	0.06449	0.00738
1	0.15886	0.01088	0.04557	0.06256	0.01453	0.01100	0.00844	0.12317	0.18809	0.12693	0.04044	0.08965	0.04313	0.00823	0.02073	0.00187	0.00485	0.00614	0.00473	0.03021
2	0.11069	0.03363	0.06096	0.02581	0.01372	0.04440	0.01866	0.18183	0.04278	0.08622	0.03323	0.15965	0.01542	0.02574	0.05008	0.00219	0.03277	0.01778	0.00432	0.04009
3	0.16380	0.04778	0.07622	0.08906	0.01714	0.02816	0.03948	0.20850	0.07940	0.08198	0.04711	0.01508	0.02959	0.00613	0.00493	0.00162	0.00550	0.00480	0.00418	0.04952
4	0.12967	0.04493	0.50288	0.01343	0.01976	0.01265	0.04507	0.04806	0.06903	0.01890	0.01206	0.01325	0.03650	0.00559	0.00494	0.00169	0.00682	0.00435	0.00291	0.00754
5	0.16284	0.37424	0.18928	0.01022	0.01502	0.04800	0.01068	0.03669	0.01147	0.03136	0.02980	0.01087	0.00832	0.00514	0.00403	0.00141	0.00588	0.00351	0.03435	0.00688
6	0.15480	0.09176	0.03564	0.03265	0.01420	0.01065	0.04084	0.07599	0.01242	0.07320	0.04067	0.03532	0.01037	0.00534	0.00438	0.00128	0.00473	0.00420	0.00363	0.34793
7	0.04918	0.10650	0.49810	0.01468	0.04691	0.01361	0.04466	0.05830	0.01192	0.01761	0.00988	0.01244	0.00764	0.00552	0.00559	0.00167	0.04758	0.02218	0.00261	0.02344
8	0.00802	0.07269	0.04329	0.00844	0.00975	0.00678	0.00671	0.01013	0.03953	0.01491	0.06842	0.51411	0.03127	0.01429	0.00650	0.00208	0.00385	0.12951	0.00471	0.00502
9	0.26391	0.05339	0.06564	0.06754	0.20186	0.03721	0.03883	0.04472	0.02445	0.01934	0.04499	0.05872	0.01145	0.00704	0.02415	0.00184	0.00580	0.01907	0.00328	0.00676
10	0.15062	0.30155	0.32541	0.01154	0.01704	0.03006	0.02642	0.01614	0.01087	0.01641	0.00939	0.04542	0.00797	0.00542	0.00432	0.00152	0.00637	0.00394	0.00259	0.00701
11	0.07652	0.00553	0.00629	0.00657	0.00704	0.00556	0.00420	0.00861	0.00914	0.01322	0.06263	0.24002	0.02478	0.46206	0.01806	0.00382	0.00440	0.03370	0.00392	0.00392
12	0.00909	0.00806	0.05188	0.00882	0.01046	0.02582	0.00718	0.07448	0.03364	0.01739	0.13332	0.31534	0.07866	0.02953	0.02125	0.00222	0.00432	0.15832	0.00487	0.00534
13	0.12251	0.22355	0.34461	0.04747	0.01911	0.05949	0.03751	0.04641	0.01179	0.02938	0.00907	0.01061	0.00696	0.00505	0.00450	0.00154	0.00685	0.00369	0.00265	0.00725
14	0.00819	0.00583	0.00821	0.00810	0.00890	0.00655	0.00602	0.03050	0.00882	0.01244	0.01438	0.02299	0.01406	0.17656	0.56701	0.07633	0.01168	0.00601	0.00297	0.00444
15	0.00728	0.00526	0.00704	0.00820	0.00893	0.00502	0.00622	0.00878	0.01114	0.01459	0.03078	0.49380	0.08182	0.01590	0.00702	0.00226	0.00374	0.27268	0.00497	0.00458
16	0.01423	0.36025	0.32937	0.01210	0.01783	0.08668	0.01347	0.01776	0.01184	0.07752	0.00954	0.01060	0.00738	0.00505	0.00440	0.00143	0.00688	0.00357	0.00268	0.00743
17	0.08522	0.01483	0.01619	0.13574	0.12083	0.13188	0.02979	0.32080	0.03824	0.02358	0.01135	0.01346	0.00872	0.00593	0.00518	0.00163	0.00660	0.01839	0.00392	0.00770
18	0.00675	0.00490	0.00660	0.03884	0.00884	0.00471	0.00528	0.00774	0.01016	0.01352	0.02807	0.73273	0.03347	0.06115	0.00795	0.00233	0.00339	0.01442	0.00478	0.00436
19	0.01303	0.01294	0.01920	0.13210	0.54302	0.08539	0.01475	0.01605	0.01255	0.01693	0.07261	0.01528	0.01163	0.00544	0.00536	0.00161	0.00648	0.00506	0.00290	0.00766
20	0.02005	0.02558	0.01521	0.01383	0.01659	0.78980	0.01037	0.02143	0.01521	0.01314	0.00830	0.00968	0.00691	0.00553	0.00484	0.00138	0.00968	0.00346	0.00277	0.00622
21	0.00814	0.00626	0.00878	0.00853	0.00916	0.00738	0.00640	0.00951	0.00838	0.01201	0.01421	0.02351	0.01422	0.22451	0.52234	0.00713	0.09593	0.00614	0.00291	0.00453
22	0.01077	0.02777	0.78354	0.01530	0.02323	0.01247	0.01983	0.01700	0.01133	0.01700	0.00963	0.01133	0.00680	0.00510	0.00510	0.00170	0.00793	0.00397	0.00227	0.00793
23	0.01327	0.01154	0.01940	0.24985	0.50339	0.01212	0.01532	0.01648	0.01205	0.07913	0.01085	0.01399	0.00851	0.00510	0.00534	0.00166	0.00645	0.00483	0.00291	0.00783
24	0.01691	0.05853	0.04882	0.01110	0.01489	0.01413	0.00941	0.50633	0.04130	0.04175	0.03422	0.09328	0.05359	0.00780	0.00544	0.00166	0.00533	0.00621	0.02126	0.00805
25	0.84927	0.01038	0.00789	0.00706	0.01038	0.01204	0.00581	0.01578	0.00914	0.02408	0.00747	0.00872	0.00581	0.00498	0.00332	0.00166	0.00415	0.00291	0.00332	0.00581
26	0.00766	0.00551	0.00723	0.00700	0.00820	0.00514	0.00530	0.01008	0.01462	0.02055	0.67260	0.06087	0.04772	0.03519	0.00706	0.00187	0.00282	0.06985	0.00573	0.00498
27	0.01113	0.00954	0.01113	0.00795	0.01272	0.00716	0.00636	0.01352	0.01113	0.01749	0.00954	0.01113	0.00795	0.00398	0.00398	0.00080	0.00398	0.00318	0.00318	0.84417
28	0.01205	0.01188	0.04650	0.18465	0.41077	0.01205	0.01405	0.01730	0.13764	0.01743	0.02887	0.03456	0.03669	0.00602	0.00543	0.00170	0.00597	0.00552	0.00325	0.00766

[dist]
# distance from previous block
# <min> <max>
0	26

[block]
# block no. 1 follows, 45 sequences, length 76
# corresponding to MSA columns:
# 214-243,289-334
name=unknown_B
#
# <colnr> <probs for GDERKNQSTAVLIFYWHMCP>
#	G	D	E	R	K	N	Q	S	T	A	V	L	I	F	Y	W	H	M	C	P
0	0.69785	0.13278	0.01118	0.00758	0.01108	0.03671	0.00646	0.01599	0.00959	0.02202	0.00750	0.00873	0.00601	0.00494	0.00339	0.00157	0.00456	0.00292	0.00315	0.00599
1	0.02400	0.00927	0.01254	0.00961	0.01377	0.00808	0.00794	0.04247	0.01558	0.76497	0.02099	0.01815	0.01320	0.00664	0.00540	0.00166	0.00460	0.00539	0.00662	0.00914
2	0.77058	0.01026	0.00833	0.00730	0.01070	0.01165	0.00601	0.01677	0.00973	0.09632	0.00878	0.00963	0.00653	0.00514	0.00352	0.00166	0.00419	0.00314	0.00364	0.00613
3	0.01416	0.01191	0.04647	0.01097	0.01428	0.01263	0.00895	0.02740	0.64600	0.09446	0.02138	0.02037	0.01598	0.00729	0.00548	0.00181	0.00446	0.02212	0.00542	0.00845
4	0.05063	0.66300	0.04796	0.00925	0.01387	0.03485	0.00911	0.01595	0.01095	0.01374	0.00774	0.00896	0.00694	0.00458	0.00357	0.00116	0.00565	0.00295	0.00243	0.08670
5	0.01918	0.01434	0.01545	0.01186	0.01614	0.01558	0.00976	0.65393	0.05929	0.03173	0.01300	0.01306	0.00936	0.00625	0.00524	0.00154	0.00564	0.00473	0.00517	0.08873
6	0.07272	0.46331	0.16979	0.08577	0.01776	0.01763	0.01165	0.06468	0.01174	0.01578	0.00843	0.01002	0.00697	0.00500	0.00431	0.00140	0.01999	0.00343	0.00257	0.00705
7	0.09328	0.50008	0.14353	0.01066	0.02760	0.01786	0.01071	0.04896	0.01127	0.01544	0.00835	0.00995	0.00717	0.00642	0.03598	0.00166	0.03822	0.00335	0.00256	0.00695
8	0.76925	0.01030	0.00867	0.08252	0.01292	0.01203	0.00668	0.01558	0.00929	0.02310	0.00767	0.00925	0.00594	0.00502	0.00352	0.00167	0.00444	0.00308	0.00323	0.00583
9	0.00781	0.00520	0.00585	0.00585	0.00585	0.00520	0.00325	0.00781	0.00781	0.01041	0.01691	0.03513	0.01952	0.81135	0.02732	0.00520	0.00520	0.00781	0.00325	0.00325
10	0.01435	0.81458	0.02813	0.00918	0.01378	0.02124	0.00918	0.01607	0.01091	0.01263	0.00746	0.00861	0.00689	0.00459	0.00344	0.00115	0.00574	0.00287	0.00230	0.00689
11	0.00654	0.00469	0.00621	0.00743	0.00777	0.00436	0.00496	0.00748	0.01032	0.01372	0.03014	0.79099	0.05201	0.01675	0.00684	0.00217	0.00311	0.01517	0.00498	0.00436
12	0.71074	0.01116	0.04311	0.00781	0.01144	0.01179	0.00676	0.03700	0.01026	0.09627	0.00902	0.00986	0.00666	0.00519	0.00365	0.00166	0.00441	0.00324	0.00365	0.00631
13	0.09016	0.00962	0.01532	0.72298	0.03444	0.01194	0.01404	0.01391	0.01058	0.01470	0.00934	0.01378	0.00703	0.00533	0.00517	0.00178	0.00687	0.00459	0.00247	0.00595
14	0.00865	0.00618	0.00865	0.00989	0.01112	0.00618	0.00865	0.01112	0.01236	0.01606	0.02842	0.06055	0.03089	0.01483	0.00741	0.00247	0.00494	0.74174	0.00494	0.00494
15	0.01240	0.01193	0.01715	0.48398	0.19974	0.07226	0.01435	0.06352	0.04264	0.01617	0.01028	0.01386	0.00794	0.00539	0.00532	0.00170	0.00698	0.00473	0.00279	0.00686
16	0.01171	0.00963	0.01575	0.70500	0.03428	0.01165	0.01413	0.03220	0.01151	0.08740	0.01073	0.01466	0.00779	0.00551	0.00537	0.00177	0.00688	0.00483	0.00286	0.00634
17	0.00654	0.00467	0.00623	0.00747	0.00779	0.00436	0.00498	0.00747	0.01028	0.01370	0.02959	0.80785	0.03550	0.01682	0.00685	0.00218	0.00311	0.01526	0.00498	0.00436
18	0.00771	0.00551	0.00756	0.00877	0.00960	0.00536	0.00698	0.00951	0.01151	0.01515	0.04425	0.38593	0.03331	0.01562	0.00715	0.00233	0.00410	0.40999	0.00498	0.00469
19	0.08923	0.13669	0.12707	0.12130	0.03447	0.01303	0.07942	0.08185	0.02993	0.09052	0.01300	0.10153	0.01120	0.00680	0.00564	0.00170	0.04050	0.00560	0.00350	0.00700
20	0.01146	0.00923	0.01381	0.52044	0.02780	0.02883	0.01199	0.02625	0.04457	0.08764	0.01420	0.12153	0.01236	0.02583	0.00604	0.00189	0.00616	0.00633	0.01750	0.00614
21	0.00663	0.00476	0.00622	0.00735	0.00773	0.00444	0.00492	0.00756	0.01028	0.01362	0.03003	0.72383	0.06706	0.05560	0.00784	0.00232	0.00323	0.02736	0.00490	0.00432
22	0.75570	0.01075	0.00881	0.03932	0.01177	0.02948	0.00657	0.01568	0.00929	0.02287	0.00755	0.00912	0.00595	0.00523	0.00415	0.00169	0.04393	0.00308	0.00322	0.00583
23	0.01836	0.25997	0.01907	0.01242	0.01576	0.54455	0.01002	0.03581	0.01415	0.01343	0.00815	0.00943	0.00695	0.00527	0.00444	0.00132	0.00843	0.00331	0.00268	0.00648
24	0.01113	0.00954	0.01113	0.00795	0.01272	0.00716	0.00636	0.01352	0.01113	0.01749	0.00954	0.01113	0.00795	0.00398	0.00398	0.00080	0.00398	0.00318	0.00318	0.84417
25	0.01154	0.03677	0.03885	0.01614	0.01847	0.01415	0.27332	0.01402	0.01025	0.01463	0.01206	0.06818	0.04302	0.00812	0.01171	0.00207	0.39146	0.00620	0.00277	0.00627
26	0.01638	0.01415	0.08715	0.01189	0.02883	0.02932	0.01003	0.39971	0.14670	0.05462	0.01561	0.06662	0.01265	0.05696	0.02279	0.00205	0.00580	0.00582	0.00483	0.00808
27	0.03326	0.01354	0.01817	0.17307	0.33148	0.13191	0.04142	0.01650	0.01206	0.04976	0.01071	0.03111	0.00908	0.00601	0.00650	0.00172	0.08242	0.02127	0.00289	0.00716
28	0.00765	0.00530	0.00662	0.00673	0.00702	0.00552	0.00432	0.00824	0.00826	0.01126	0.01746	0.10514	0.01944	0.53374	0.22503	0.00581	0.00741	0.00798	0.00332	0.00376
29	0.01294	0.08874	0.02128	0.02599	0.53097	0.01269	0.06390	0.01595	0.01198	0.01701	0.01023	0.01367	0.00875	0.00486	0.00506	0.00147	0.00613	0.02086	0.00275	0.12479
30	0.01749	0.00850	0.01087	0.00889	0.01202	0.00795	0.00713	0.06296	0.08450	0.42199	0.24459	0.02557	0.04719	0.00818	0.00571	0.00169	0.00396	0.00688	0.00620	0.00774
31	0.00745	0.00546	0.00698	0.00665	0.00794	0.00499	0.00497	0.00982	0.01476	0.02062	0.68343	0.06458	0.11951	0.01140	0.00635	0.00172	0.00257	0.01003	0.00579	0.00499
32	0.01174	0.01174	0.01644	0.01409	0.01409	0.01644	0.01174	0.01292	0.00822	0.01292	0.00705	0.01174	0.00705	0.00940	0.01762	0.00235	0.80153	0.00470	0.00235	0.00587
33	0.00668	0.00545	0.00590	0.00579	0.00746	0.00467	0.00434	0.00836	0.01303	0.01639	0.24811	0.04855	0.58078	0.01289	0.00634	0.00178	0.00267	0.01089	0.00523	0.00467
34	0.02400	0.00928	0.01254	0.00962	0.01377	0.00810	0.00794	0.04355	0.01560	0.76386	0.02098	0.01814	0.01319	0.00664	0.00540	0.00166	0.00460	0.00538	0.00661	0.00914
35	0.84927	0.01038	0.00789	0.00706	0.01038	0.01204	0.00581	0.01578	0.00914	0.02408	0.00747	0.00872	0.00581	0.00498	0.00332	0.00166	0.00415	0.00291	0.00332	0.00581
36	0.01335	0.01153	0.01214	0.01092	0.01396	0.01335	0.00850	0.02852	0.76817	0.02245	0.02185	0.02003	0.01639	0.00728	0.00546	0.00182	0.00425	0.00607	0.00546	0.00850
37	0.01329	0.01275	0.02179	0.03295	0.77787	0.01275	0.01647	0.01647	0.01222	0.01754	0.01010	0.01329	0.00850	0.00478	0.00531	0.00159	0.00638	0.00478	0.00266	0.00850
38	0.84927	0.01038	0.00789	0.00706	0.01038	0.01204	0.00581	0.01578	0.00914	0.02408	0.00747	0.00872	0.00581	0.00498	0.00332	0.00166	0.00415	0.00291	0.00332	0.00581
39	0.01329	0.01275	0.02179	0.03295	0.77787	0.01275	0.01647	0.01647	0.01222	0.01754	0.01010	0.01329	0.00850	0.00478	0.00531	0.00159	0.00638	0.00478	0.00266	0.00850
40	0.84927	0.01038	0.00789	0.00706	0.01038	0.01204	0.00581	0.01578	0.00914	0.02408	0.00747	0.00872	0.00581	0.00498	0.00332	0.00166	0.00415	0.00291	0.00332	0.00581
41	0.02041	0.01504	0.01611	0.01235	0.01665	0.01665	0.01020	0.75997	0.02524	0.03383	0.01289	0.01289	0.00913	0.00644	0.00537	0.00161	0.00591	0.00483	0.00537	0.00913
42	0.01282	0.01091	0.01162	0.01045	0.01332	0.01246	0.00812	0.04211	0.66540	0.02245	0.09412	0.02241	0.03454	0.00774	0.00556	0.00180	0.00409	0.00649	0.00549	0.00810
43	0.02175	0.00951	0.01234	0.00963	0.01347	0.00874	0.00789	0.12278	0.01656	0.59718	0.08687	0.03688	0.01652	0.00722	0.00551	0.00167	0.00454	0.00592	0.00637	0.00867
44	0.02371	0.00945	0.01261	0.00970	0.01384	0.00839	0.00800	0.05891	0.03055	0.73339	0.02082	0.01807	0.01316	0.00665	0.00540	0.00166	0.00462	0.00539	0.00656	0.00912
45	0.00788	0.00532	0.00623	0.00635	0.00651	0.00536	0.00391	0.00819	0.00827	0.01103	0.01791	0.03699	0.02035	0.70432	0.05616	0.00508	0.00555	0.07771	0.00340	0.00348
46	0.00653	0.00484	0.00610	0.00707	0.00769	0.00441	0.00481	0.00759	0.01078	0.01407	0.05452	0.64315	0.17675	0.01605	0.00674	0.00210	0.00302	0.01436	0.00501	0.00441
47	0.02023	0.01383	0.01516	0.01169	0.01581	0.01500	0.00963	0.63390	0.02346	0.12188	0.03718	0.01451	0.01099	0.00660	0.00537	0.00161	0.00557	0.00505	0.02361	0.00892
48	0.09895	0.05636	0.01528	0.01265	0.01589	0.51088	0.00985	0.18408	0.01666	0.01874	0.00920	0.01025	0.00730	0.00564	0.00475	0.00145	0.00815	0.00368	0.00337	0.00686
49	0.00669	0.00552	0.00591	0.00602	0.00773	0.00475	0.00465	0.00825	0.01245	0.01515	0.09979	0.05188	0.64399	0.01356	0.00646	0.00188	0.00295	0.09271	0.00504	0.00461
50	0.00671	0.00479	0.00642	0.00767	0.00805	0.00451	0.00528	0.00777	0.01044	0.01389	0.02949	0.74796	0.03513	0.01666	0.00690	0.00220	0.00326	0.07347	0.00498	0.00441
51	0.01044	0.01003	0.01607	0.77456	0.03635	0.03561	0.01477	0.01395	0.01087	0.01370	0.00950	0.01417	0.00715	0.00537	0.00535	0.00178	0.00723	0.00473	0.00240	0.00597
52	0.02005	0.01321	0.16095	0.01178	0.04617	0.00965	0.01063	0.04114	0.08212	0.51899	0.01839	0.01677	0.01203	0.00633	0.00534	0.00168	0.00529	0.00515	0.00551	0.00882
53	0.12538	0.01981	0.41322	0.01436	0.02057	0.01175	0.13873	0.01855	0.01200	0.15845	0.01167	0.01278	0.00808	0.00527	0.00512	0.00171	0.00700	0.00448	0.00329	0.00776
54	0.84927	0.01038	0.00789	0.00706	0.01038	0.01204	0.00581	0.01578	0.00914	0.02408	0.00747	0.00872	0.00581	0.00498	0.00332	0.00166	0.00415	0.00291	0.00332	0.00581
55	0.00759	0.00567	0.00824	0.00837	0.00916	0.00645	0.00632	0.00923	0.00880	0.01250	0.01655	0.13196	0.01681	0.08849	0.61544	0.00738	0.02599	0.00720	0.00319	0.00465
56	0.01774	0.01413	0.01560	0.18056	0.03691	0.08808	0.01105	0.44854	0.01985	0.06670	0.01271	0.04107	0.00963	0.00647	0.00537	0.00165	0.00637	0.00508	0.00448	0.00800
57	0.00760	0.00549	0.00718	0.00675	0.00802	0.00506	0.00506	0.01013	0.01519	0.02153	0.77503	0.04010	0.05065	0.01097	0.00633	0.00169	0.00253	0.00971	0.00591	0.00506
58	0.84927	0.01038	0.00789	0.00706	0.01038	0.01204	0.00581	0.01578	0.00914	0.02408	0.00747	0.00872	0.00581	0.00498	0.00332	0.00166	0.00415	0.00291	0.00332	0.00581
59	0.01038	0.00578	0.00601	0.00576	0.00722	0.00589	0.00437	0.04574	0.04597	0.02087	0.08974	0.02162	0.01719	0.00676	0.00415	0.00133	0.00273	0.00549	0.68765	0.00535
60	0.00767	0.00575	0.00863	0.00863	0.00959	0.00671	0.00671	0.00959	0.00863	0.01246	0.01438	0.02109	0.01342	0.04026	0.79008	0.00863	0.01438	0.00575	0.00288	0.00479
61	0.01491	0.01230	0.01301	0.01124	0.01455	0.01408	0.00887	0.18989	0.60427	0.02496	0.01987	0.01845	0.01478	0.00710	0.00544	0.00177	0.00461	0.00580	0.00544	0.00864
62	0.02041	0.01504	0.01611	0.01235	0.01665	0.01665	0.01020	0.75997	0.02524	0.03383	0.01289	0.01289	0.00913	0.00644	0.00537	0.00161	0.00591	0.00483	0.00537	0.00913
63	0.01113	0.00954	0.01113	0.00795	0.01272	0.00716	0.00636	0.01352	0.01113	0.01749	0.00954	0.01113	0.00795	0.00398	0.00398	0.00080	0.00398	0.00318	0.00318	0.84417
64	0.01174	0.01174	0.01644	0.01409	0.01409	0.01644	0.01174	0.01292	0.00822	0.01292	0.00705	0.01174	0.00705	0.00940	0.01762	0.00235	0.80153	0.00470	0.00235	0.00587
65	0.00675	0.00534	0.00613	0.00656	0.00789	0.00472	0.00491	0.00822	0.01197	0.01497	0.09407	0.23911	0.45507	0.01436	0.00660	0.00197	0.00307	0.09868	0.00504	0.00457
66	0.00926	0.00844	0.02810	0.12382	0.04070	0.00888	0.09412	0.01175	0.04424	0.01460	0.03136	0.33543	0.02120	0.01176	0.00853	0.04936	0.09944	0.04980	0.00380	0.00541
67	0.01581	0.01275	0.01352	0.01142	0.01490	0.01450	0.00909	0.28338	0.50931	0.02642	0.01873	0.01754	0.01386	0.00699	0.00543	0.00175	0.00483	0.00564	0.00543	0.00872
68	0.00636	0.00537	0.00550	0.00561	0.00730	0.00452	0.00415	0.00768	0.01207	0.01443	0.05231	0.11462	0.71406	0.01386	0.00639	0.00184	0.00275	0.01166	0.00498	0.00452
69	0.01049	0.00990	0.01674	0.71282	0.11985	0.01202	0.01508	0.01402	0.01090	0.01414	0.00960	0.01420	0.00731	0.00530	0.00536	0.00177	0.00707	0.00477	0.00242	0.00625
70	0.01077	0.02777	0.78354	0.01530	0.02323	0.01247	0.01983	0.01700	0.01133	0.01700	0.00963	0.01133	0.00680	0.00510	0.00510	0.00170	0.00793	0.00397	0.00227	0.00793
71	0.01014	0.00954	0.01610	0.79845	0.03697	0.01193	0.01491	0.01371	0.01073	0.01371	0.00954	0.01431	0.00716	0.00537	0.00537	0.00179	0.00716	0.00477	0.00239	0.00596
72	0.00661	0.00550	0.00582	0.00599	0.00770	0.00471	0.00461	0.00808	0.01219	0.01465	0.05075	0.07527	0.67070	0.01383	0.00648	0.00190	0.00298	0.09269	0.00498	0.00457
73	0.01650	0.01312	0.01552	0.01238	0.01602	0.02723	0.08052	0.43992	0.15540	0.02737	0.04922	0.09200	0.01466	0.00759	0.00565	0.00172	0.00556	0.00639	0.00508	0.00815
74	0.00941	0.00635	0.00771	0.00759	0.00895	0.00630	0.00560	0.04480	0.08504	0.05269	0.25451	0.26992	0.04485	0.04498	0.00695	0.00197	0.00331	0.03475	0.09886	0.00544
75	0.67659	0.01200	0.00902	0.00790	0.01130	0.09858	0.00638	0.01620	0.01001	0.02223	0.00776	0.00906	0.00614	0.00495	0.00355	0.00155	0.00475	0.00299	0.00325	0.08580

[dist]
# distance from previous block
# <min> <max>
0	2

[block]
# block no. 2 follows, 45 sequences, length 18
# corresponding to MSA columns:
# 344-361
name=unknown_C
#
# <colnr> <probs for GDERKNQSTAVLIFYWHMCP>
#	G	D	E	R	K	N	Q	S	T	A	V	L	I	F	Y	W	H	M	C	P
0	0.59394	0.07734	0.05767	0.00861	0.01239	0.05465	0.00761	0.07981	0.01128	0.04365	0.00848	0.00954	0.00650	0.00516	0.00375	0.00160	0.00497	0.00323	0.00341	0.00642
1	0.14554	0.15090	0.29547	0.02852	0.07783	0.01435	0.06829	0.09050	0.01247	0.03626	0.00958	0.01123	0.00728	0.00521	0.00499	0.00161	0.02559	0.00400	0.00291	0.00748
2	0.01077	0.00913	0.01080	0.00803	0.01239	0.00703	0.00641	0.01309	0.01103	0.01711	0.01088	0.03546	0.00965	0.00632	0.04027	0.00124	0.00446	0.02543	0.00327	0.75721
3	0.00776	0.00588	0.00730	0.00667	0.00837	0.00519	0.00504	0.01010	0.01434	0.02006	0.58966	0.03897	0.15639	0.01068	0.00610	0.00162	0.00270	0.00931	0.00550	0.08836
4	0.01886	0.01406	0.01518	0.01160	0.01584	0.01510	0.00952	0.64269	0.02293	0.03107	0.01256	0.01327	0.00926	0.02803	0.00579	0.00160	0.00564	0.00470	0.00503	0.11726
5	0.05799	0.00945	0.01212	0.00948	0.01344	0.00864	0.00777	0.04973	0.07053	0.61494	0.04745	0.01836	0.01424	0.00668	0.00530	0.00164	0.00448	0.00540	0.00623	0.03611
6	0.09075	0.04406	0.15659	0.04261	0.23476	0.07433	0.01286	0.06896	0.04760	0.05613	0.01126	0.01374	0.00894	0.00546	0.00493	0.00155	0.00623	0.02513	0.00326	0.09083
7	0.01505	0.03699	0.01209	0.01056	0.05472	0.00933	0.00787	0.09907	0.11509	0.22886	0.09946	0.14151	0.02022	0.00858	0.00558	0.00168	0.00433	0.03317	0.00524	0.09059
8	0.00840	0.00518	0.00685	0.00754	0.00824	0.00479	0.00515	0.00943	0.01073	0.08997	0.04781	0.65210	0.03253	0.07396	0.00820	0.00234	0.00340	0.01358	0.00505	0.00477
9	0.01653	0.01848	0.01596	0.16690	0.12108	0.40290	0.01182	0.08678	0.04923	0.01613	0.01003	0.01222	0.00804	0.00680	0.03293	0.00179	0.00833	0.00421	0.00304	0.00679
10	0.02732	0.16962	0.01750	0.01285	0.07641	0.11052	0.06412	0.13412	0.01420	0.09451	0.01245	0.03858	0.01005	0.00620	0.00563	0.00153	0.06202	0.00476	0.13052	0.00709
11	0.00917	0.00625	0.00832	0.00849	0.00932	0.00651	0.00619	0.01069	0.02784	0.09065	0.07733	0.53229	0.05514	0.01414	0.00800	0.00210	0.10531	0.01221	0.00489	0.00517
12	0.09135	0.00577	0.00646	0.00655	0.00705	0.00599	0.00423	0.00890	0.00847	0.01253	0.01751	0.09521	0.01968	0.56249	0.07807	0.00469	0.00559	0.05218	0.00347	0.00381
13	0.12144	0.06563	0.01561	0.09383	0.05244	0.10098	0.06503	0.04014	0.01093	0.01589	0.01073	0.07397	0.00997	0.01008	0.07423	0.00240	0.20498	0.00525	0.02039	0.00609
14	0.03189	0.22789	0.06322	0.17514	0.08906	0.02688	0.11835	0.08224	0.05239	0.01682	0.01036	0.02555	0.00845	0.00568	0.00557	0.01474	0.03116	0.00462	0.00292	0.00706
15	0.09401	0.00782	0.00845	0.06314	0.01136	0.04165	0.00621	0.03620	0.01272	0.12041	0.10488	0.13688	0.29597	0.02885	0.00629	0.00186	0.00393	0.00896	0.00483	0.00561
16	0.01350	0.01170	0.01978	0.20174	0.43296	0.01240	0.05981	0.01660	0.01193	0.09223	0.01089	0.01397	0.00854	0.00542	0.00630	0.00171	0.06489	0.00493	0.00297	0.00772
17	0.19456	0.03773	0.21411	0.02990	0.12356	0.05084	0.05821	0.01655	0.01146	0.06444	0.01100	0.03446	0.00897	0.00561	0.00479	0.00159	0.00613	0.02775	0.00313	0.09522

[dist]
# distance from previous block
# <min> <max>
0	26

[block]
# block no. 3 follows, 45 sequences, length 10
# corresponding to MSA columns:
# 388-397
name=unknown_D
#
# <colnr> <probs for GDERKNQSTAVLIFYWHMCP>
#	G	D	E	R	K	N	Q	S	T	A	V	L	I	F	Y	W	H	M	C	P
0	0.01068	0.00849	0.02694	0.12446	0.04981	0.03158	0.00792	0.04584	0.04622	0.09039	0.13274	0.09019	0.24496	0.03651	0.00667	0.00190	0.00440	0.02977	0.00464	0.00590
1	0.00828	0.00540	0.00662	0.00694	0.00813	0.00482	0.00492	0.00950	0.01152	0.08873	0.07250	0.42760	0.26333	0.04654	0.00735	0.00211	0.00319	0.01251	0.00512	0.00487
2	0.04342	0.51708	0.11758	0.01047	0.01516	0.11147	0.01040	0.01781	0.01185	0.08825	0.00916	0.01002	0.00747	0.00498	0.00400	0.00131	0.00632	0.00332	0.00281	0.00712
3	0.01255	0.01534	0.19208	0.08923	0.04304	0.01162	0.34412	0.01678	0.01231	0.09079	0.01363	0.05469	0.01123	0.00628	0.00596	0.00183	0.00754	0.06055	0.00324	0.00719
4	0.02198	0.01141	0.01373	0.01065	0.01477	0.01140	0.00875	0.28656	0.07476	0.46006	0.01829	0.01649	0.01204	0.00662	0.00539	0.00166	0.00502	0.00525	0.00610	0.00909
5	0.00894	0.00607	0.00725	0.00701	0.00878	0.00551	0.00542	0.01133	0.04300	0.09138	0.25116	0.09466	0.34131	0.01226	0.00636	0.00185	0.00316	0.08381	0.00542	0.00532
6	0.01293	0.01880	0.39446	0.04230	0.11304	0.01099	0.07537	0.01741	0.01240	0.14087	0.04592	0.01697	0.06226	0.00609	0.00542	0.00170	0.00669	0.00525	0.00340	0.00773
7	0.00997	0.01027	0.11347	0.03034	0.03542	0.00848	0.02804	0.11143	0.01308	0.01780	0.06047	0.34568	0.02505	0.01205	0.00674	0.00203	0.03107	0.12827	0.00444	0.00589
8	0.01077	0.02777	0.78354	0.01530	0.02323	0.01247	0.01983	0.01700	0.01133	0.01700	0.00963	0.01133	0.00680	0.00510	0.00510	0.00170	0.00793	0.00397	0.00227	0.00793
9	0.05093	0.09230	0.07407	0.01389	0.04865	0.36672	0.04588	0.10521	0.01494	0.09114	0.01021	0.01133	0.00786	0.00568	0.00539	0.00152	0.03977	0.00401	0.00336	0.00714

[dist]
# distance from previous block
# <min> <max>
0	4

[block]
# block no. 4 follows, 45 sequences, length 83
# corresponding to MSA columns:
# 402-484
name=unknown_E
#
# <colnr> <probs for GDERKNQSTAVLIFYWHMCP>
#	G	D	E	R	K	N	Q	S	T	A	V	L	I	F	Y	W	H	M	C	P
0	0.73767	0.01031	0.00881	0.02423	0.02987	0.01168	0.00645	0.01668	0.00980	0.09164	0.00881	0.00980	0.00658	0.00513	0.00360	0.00166	0.00431	0.00321	0.00358	0.00618
1	0.01487	0.00898	0.01170	0.10003	0.01485	0.00911	0.03323	0.13249	0.01411	0.19732	0.01612	0.06369	0.01264	0.02195	0.02084	0.00174	0.02814	0.00559	0.21059	0.08199
2	0.00696	0.00529	0.00657	0.00717	0.00819	0.00468	0.00501	0.00814	0.01077	0.01425	0.03255	0.57492	0.17591	0.01500	0.00651	0.00199	0.00315	0.02841	0.00482	0.07971
3	0.01702	0.01335	0.01420	0.01167	0.01536	0.01506	0.00938	0.40889	0.38183	0.02837	0.01719	0.01631	0.01261	0.00685	0.00541	0.00171	0.00511	0.00543	0.00541	0.00883
4	0.01178	0.01184	0.01696	0.01438	0.01457	0.01634	0.03711	0.01306	0.00837	0.01306	0.00718	0.01184	0.00708	0.00923	0.01723	0.00233	0.77461	0.00475	0.00236	0.00592
5	0.00781	0.00520	0.00585	0.00585	0.00585	0.00520	0.00325	0.00781	0.00781	0.01041	0.01691	0.03513	0.01952	0.81135	0.02732	0.00520	0.00520	0.00781	0.00325	0.00325
6	0.01077	0.02777	0.78354	0.01530	0.02323	0.01247	0.01983	0.01700	0.01133	0.01700	0.00963	0.01133	0.00680	0.00510	0.00510	0.00170	0.00793	0.00397	0.00227	0.00793
7	0.00883	0.00580	0.00731	0.00675	0.00838	0.00521	0.00513	0.01110	0.01463	0.08831	0.56737	0.04039	0.18821	0.01110	0.00625	0.00171	0.00275	0.00964	0.00580	0.00533
8	0.00713	0.00495	0.00617	0.00678	0.00705	0.00475	0.00432	0.00784	0.00976	0.01312	0.09150	0.43822	0.03064	0.32557	0.01477	0.00331	0.00388	0.01186	0.00439	0.00399
9	0.01335	0.01153	0.01214	0.01092	0.01396	0.01335	0.00850	0.02852	0.76817	0.02245	0.02185	0.02003	0.01639	0.00728	0.00546	0.00182	0.00425	0.00607	0.00546	0.00850
10	0.09449	0.00931	0.01206	0.00937	0.01343	0.00839	0.00773	0.02533	0.03484	0.69650	0.02002	0.01750	0.01273	0.00652	0.00522	0.00167	0.00452	0.00520	0.00633	0.00883
11	0.00722	0.00536	0.00681	0.00752	0.00854	0.00499	0.00572	0.00885	0.01188	0.01548	0.13395	0.31944	0.20403	0.03160	0.00725	0.00217	0.00348	0.20602	0.00506	0.00462
12	0.02364	0.00985	0.01290	0.00989	0.01406	0.00895	0.00817	0.11499	0.01656	0.69106	0.02017	0.01762	0.01278	0.00662	0.00539	0.00165	0.00473	0.00533	0.00649	0.00913
13	0.00768	0.00521	0.00615	0.00626	0.00638	0.00527	0.00373	0.00794	0.00811	0.01090	0.01781	0.10310	0.02037	0.66749	0.09731	0.00526	0.00588	0.00828	0.00337	0.00350
14	0.01463	0.01079	0.01265	0.09731	0.04585	0.03401	0.00902	0.20687	0.17497	0.11014	0.03247	0.14802	0.04624	0.02454	0.00611	0.00185	0.00501	0.00722	0.00492	0.00739
15	0.00741	0.00592	0.00835	0.00878	0.00924	0.00624	0.02922	0.00850	0.01011	0.01372	0.02647	0.66518	0.04380	0.01540	0.00824	0.00218	0.10849	0.01352	0.00457	0.00465
16	0.00781	0.00520	0.00585	0.00585	0.00585	0.00520	0.00325	0.00781	0.00781	0.01041	0.01691	0.03513	0.01952	0.81135	0.02732	0.00520	0.00520	0.00781	0.00325	0.00325
17	0.02083	0.01148	0.06534	0.01036	0.01454	0.01002	0.00900	0.19812	0.01742	0.48406	0.08602	0.01848	0.01521	0.00688	0.00545	0.00165	0.00493	0.00555	0.00598	0.00869
18	0.01204	0.09549	0.23088	0.12686	0.10476	0.01371	0.30657	0.01648	0.01182	0.01625	0.00994	0.01291	0.00756	0.00483	0.00548	0.00169	0.00789	0.00498	0.00250	0.00735
19	0.01252	0.02512	0.64940	0.01494	0.02223	0.03036	0.04923	0.01812	0.01192	0.10072	0.01092	0.01219	0.00757	0.00526	0.00518	0.00169	0.00765	0.00421	0.00278	0.00800
20	0.09216	0.03975	0.01648	0.04308	0.19549	0.47503	0.01155	0.01918	0.01355	0.01515	0.00864	0.01061	0.00720	0.00537	0.00510	0.00149	0.02692	0.00378	0.00276	0.00672
21	0.00946	0.00627	0.00795	0.00726	0.00894	0.00592	0.00553	0.01285	0.07221	0.08943	0.61752	0.03714	0.07766	0.01042	0.00618	0.00170	0.00285	0.00912	0.00590	0.00567
22	0.03124	0.67190	0.10587	0.01004	0.01476	0.03624	0.01034	0.01617	0.01091	0.01334	0.00769	0.00903	0.00686	0.00484	0.00413	0.00126	0.03305	0.00306	0.00233	0.00693
23	0.00717	0.00553	0.00603	0.00590	0.00752	0.00480	0.00438	0.00868	0.01252	0.03437	0.18332	0.04761	0.55020	0.07423	0.00795	0.00206	0.00296	0.02505	0.00506	0.00465
24	0.02361	0.00903	0.01231	0.00947	0.01354	0.00781	0.00781	0.02570	0.01536	0.75994	0.04265	0.01889	0.01435	0.00677	0.00542	0.00166	0.00451	0.00552	0.00662	0.00902
25	0.00729	0.00547	0.00675	0.00643	0.00783	0.00493	0.00482	0.00953	0.01447	0.01980	0.59801	0.04294	0.22875	0.01162	0.00633	0.00172	0.00258	0.01011	0.00568	0.00493
26	0.00681	0.00546	0.00608	0.00593	0.00754	0.00473	0.00445	0.00861	0.01334	0.01711	0.32227	0.04736	0.50616	0.01262	0.00634	0.00177	0.00265	0.01073	0.00533	0.00473
27	0.01077	0.02777	0.78354	0.01530	0.02323	0.01247	0.01983	0.01700	0.01133	0.01700	0.00963	0.01133	0.00680	0.00510	0.00510	0.00170	0.00793	0.00397	0.00227	0.00793
28	0.02330	0.00931	0.01243	0.00965	0.01372	0.00829	0.00793	0.02633	0.07039	0.72609	0.02123	0.01840	0.01351	0.00669	0.00540	0.00167	0.00454	0.00545	0.00656	0.00909
29	0.84927	0.01038	0.00789	0.00706	0.01038	0.01204	0.00581	0.01578	0.00914	0.02408	0.00747	0.00872	0.00581	0.00498	0.00332	0.00166	0.00415	0.00291	0.00332	0.00581
30	0.00673	0.00481	0.00645	0.00769	0.00808	0.00452	0.00531	0.00780	0.01046	0.01391	0.02948	0.74084	0.03509	0.01664	0.00690	0.00221	0.00328	0.08040	0.00498	0.00441
31	0.84927	0.01038	0.00789	0.00706	0.01038	0.01204	0.00581	0.01578	0.00914	0.02408	0.00747	0.00872	0.00581	0.00498	0.00332	0.00166	0.00415	0.00291	0.00332	0.00581
32	0.84927	0.01038	0.00789	0.00706	0.01038	0.01204	0.00581	0.01578	0.00914	0.02408	0.00747	0.00872	0.00581	0.00498	0.00332	0.00166	0.00415	0.00291	0.00332	0.00581
33	0.02408	0.00914	0.01246	0.00955	0.01370	0.00789	0.00789	0.02616	0.01536	0.78158	0.02118	0.01827	0.01329	0.00664	0.00540	0.00166	0.00457	0.00540	0.00664	0.00914
34	0.01043	0.00972	0.01574	0.72783	0.03491	0.01205	0.01433	0.01504	0.07865	0.01450	0.01064	0.01482	0.00798	0.00554	0.00538	0.00179	0.00689	0.00489	0.00266	0.00619
35	0.01435	0.81458	0.02813	0.00918	0.01378	0.02124	0.00918	0.01607	0.01091	0.01263	0.00746	0.00861	0.00689	0.00459	0.00344	0.00115	0.00574	0.00287	0.00230	0.00689
36	0.02408	0.00914	0.01246	0.00955	0.01370	0.00789	0.00789	0.02616	0.01536	0.78158	0.02118	0.01827	0.01329	0.00664	0.00540	0.00166	0.00457	0.00540	0.00664	0.00914
37	0.01335	0.01153	0.01214	0.01092	0.01396	0.01335	0.00850	0.02852	0.76817	0.02245	0.02185	0.02003	0.01639	0.00728	0.00546	0.00182	0.00425	0.00607	0.00546	0.00850
38	0.02005	0.02558	0.01521	0.01383	0.01659	0.78980	0.01037	0.02143	0.01521	0.01314	0.00830	0.00968	0.00691	0.00553	0.00484	0.00138	0.00968	0.00346	0.00277	0.00622
39	0.00725	0.00547	0.00667	0.00637	0.00776	0.00492	0.00476	0.00941	0.01423	0.01936	0.56026	0.04320	0.25102	0.02754	0.00675	0.00179	0.00264	0.01012	0.00560	0.00488
40	0.00799	0.00567	0.00618	0.00608	0.00787	0.00482	0.00452	0.00933	0.01218	0.08311	0.04753	0.14644	0.59802	0.02744	0.00669	0.00191	0.00298	0.01124	0.00510	0.00490
41	0.01440	0.01267	0.07970	0.08113	0.01698	0.01189	0.05360	0.29041	0.06379	0.02396	0.02805	0.01496	0.01061	0.00588	0.00495	0.00148	0.00534	0.00481	0.15127	0.12410
42	0.09288	0.01442	0.01465	0.02773	0.01598	0.08574	0.00951	0.47906	0.02083	0.16603	0.01343	0.01323	0.00935	0.00625	0.00515	0.00161	0.00588	0.00464	0.00512	0.00851
43	0.09230	0.01437	0.04646	0.01145	0.01549	0.03682	0.00961	0.45478	0.16635	0.02842	0.01460	0.01448	0.02584	0.00645	0.00514	0.00163	0.00548	0.00489	0.00491	0.04052
44	0.24126	0.12934	0.24864	0.01381	0.09866	0.08029	0.02613	0.04036	0.03002	0.03293	0.00931	0.01076	0.00719	0.00511	0.00443	0.00158	0.00639	0.00372	0.00291	0.00719
45	0.00657	0.00470	0.00626	0.00745	0.00779	0.00438	0.00499	0.00755	0.01042	0.01393	0.05144	0.78534	0.03595	0.01665	0.00684	0.00217	0.00310	0.01510	0.00501	0.00438
46	0.02163	0.02279	0.01418	0.01071	0.01476	0.00877	0.07512	0.03894	0.03643	0.62491	0.02031	0.05780	0.01385	0.00695	0.00553	0.00170	0.00493	0.00595	0.00608	0.00867
47	0.01974	0.00865	0.01128	0.00911	0.01260	0.00785	0.00735	0.02310	0.09196	0.55881	0.09099	0.05615	0.06183	0.00793	0.00560	0.00171	0.00418	0.00662	0.00629	0.00824
48	0.02160	0.01312	0.01492	0.01144	0.01569	0.01381	0.00945	0.52196	0.02204	0.27636	0.01558	0.01463	0.01048	0.00651	0.00538	0.00163	0.00547	0.00502	0.00578	0.00913
49	0.00726	0.00547	0.00670	0.00640	0.00781	0.00492	0.00480	0.00947	0.01439	0.01962	0.57956	0.04323	0.24731	0.01168	0.00633	0.00172	0.00258	0.01015	0.00566	0.00492
50	0.00635	0.00542	0.00546	0.00549	0.00726	0.00453	0.00410	0.00770	0.01218	0.01448	0.05371	0.07198	0.75580	0.01368	0.00636	0.00182	0.00273	0.01143	0.00498	0.00453
51	0.01293	0.01109	0.01178	0.01062	0.01352	0.01275	0.00825	0.02718	0.71313	0.02239	0.07691	0.02149	0.01889	0.00755	0.00553	0.00181	0.00412	0.00633	0.00549	0.00825
52	0.07576	0.01295	0.01431	0.01205	0.01549	0.05418	0.07589	0.13164	0.49864	0.02326	0.01781	0.01714	0.01333	0.00666	0.00534	0.00176	0.00519	0.00555	0.00491	0.00816
53	0.00668	0.00545	0.00590	0.00579	0.00745	0.00467	0.00434	0.00835	0.01302	0.01637	0.24561	0.04859	0.58329	0.01290	0.00634	0.00178	0.00267	0.01090	0.00523	0.00467
54	0.83016	0.02879	0.00835	0.00711	0.01046	0.01225	0.00589	0.01579	0.00918	0.02382	0.00747	0.00872	0.00584	0.00497	0.00332	0.00165	0.00419	0.00291	0.00330	0.00584
55	0.01075	0.02140	0.52558	0.08332	0.08462	0.01153	0.01683	0.01585	0.03656	0.01607	0.01025	0.01291	0.00780	0.00787	0.03961	0.07751	0.00759	0.00431	0.00245	0.00719
56	0.01121	0.12505	0.69014	0.01454	0.02206	0.01355	0.01852	0.01689	0.01128	0.01646	0.00936	0.01100	0.00681	0.00504	0.00490	0.00163	0.00766	0.00383	0.00227	0.00780
57	0.01174	0.01174	0.01644	0.01409	0.01409	0.01644	0.01174	0.01292	0.00822	0.01292	0.00705	0.01174	0.00705	0.00940	0.01762	0.00235	0.80153	0.00470	0.00235	0.00587
58	0.00718	0.00518	0.00688	0.00787	0.00852	0.00496	0.00569	0.00890	0.02910	0.01523	0.11790	0.57315	0.03608	0.01556	0.00685	0.00216	0.00338	0.13566	0.00510	0.00464
59	0.02045	0.10119	0.12128	0.01039	0.01501	0.01016	0.00978	0.04121	0.01443	0.54132	0.01813	0.01777	0.01227	0.00652	0.00522	0.00164	0.00521	0.03402	0.00545	0.00855
60	0.02408	0.00914	0.01246	0.00955	0.01370	0.00789	0.00789	0.02616	0.01536	0.78158	0.02118	0.01827	0.01329	0.00664	0.00540	0.00166	0.00457	0.00540	0.00664	0.00914
61	0.00654	0.00467	0.00623	0.00747	0.00779	0.00436	0.00498	0.00747	0.01028	0.01370	0.02959	0.80785	0.03550	0.01682	0.00685	0.00218	0.00311	0.01526	0.00498	0.00436
62	0.84927	0.01038	0.00789	0.00706	0.01038	0.01204	0.00581	0.01578	0.00914	0.02408	0.00747	0.00872	0.00581	0.00498	0.00332	0.00166	0.00415	0.00291	0.00332	0.00581
63	0.84927	0.01038	0.00789	0.00706	0.01038	0.01204	0.00581	0.01578	0.00914	0.02408	0.00747	0.00872	0.00581	0.00498	0.00332	0.00166	0.00415	0.00291	0.00332	0.00581
64	0.02011	0.01489	0.01594	0.01229	0.01653	0.01651	0.01013	0.72918	0.05651	0.03335	0.01326	0.01319	0.00943	0.00648	0.00537	0.00162	0.00584	0.00488	0.00537	0.00910
65	0.00654	0.00467	0.00623	0.00747	0.00779	0.00436	0.00498	0.00747	0.01028	0.01370	0.02959	0.80785	0.03550	0.01682	0.00685	0.00218	0.00311	0.01526	0.00498	0.00436
66	0.01100	0.02616	0.69252	0.01619	0.02382	0.01260	0.10924	0.01702	0.01149	0.01702	0.00978	0.01171	0.00696	0.00503	0.00525	0.00171	0.00807	0.00425	0.00232	0.00785
67	0.01951	0.01482	0.01559	0.01220	0.01631	0.03264	0.00999	0.65239	0.11837	0.03196	0.01392	0.01372	0.00999	0.00653	0.00537	0.00163	0.00578	0.00496	0.00533	0.00899
68	0.00638	0.00544	0.00548	0.00547	0.00727	0.00455	0.00410	0.00777	0.01231	0.01469	0.07375	0.05135	0.75620	0.01352	0.00634	0.00181	0.00271	0.01129	0.00501	0.00455
69	0.02344	0.00973	0.01278	0.00984	0.01397	0.00883	0.00811	0.09203	0.03831	0.69228	0.02045	0.01784	0.01301	0.00664	0.00540	0.00166	0.00468	0.00537	0.00649	0.00912
70	0.00861	0.00992	0.14402	0.00965	0.01207	0.00721	0.00917	0.01178	0.02820	0.01730	0.20808	0.08812	0.10280	0.01186	0.00688	0.00205	0.02925	0.28285	0.00464	0.00552
71	0.02408	0.00914	0.01246	0.00955	0.01370	0.00789	0.00789	0.02616	0.01536	0.78158	0.02118	0.01827	0.01329	0.00664	0.00540	0.00166	0.00457	0.00540	0.00664	0.00914
72	0.01329	0.01275	0.02179	0.03295	0.77787	0.01275	0.01647	0.01647	0.01222	0.01754	0.01010	0.01329	0.00850	0.00478	0.00531	0.00159	0.00638	0.00478	0.00266	0.00850
73	0.02139	0.01346	0.01514	0.01160	0.01586	0.01431	0.00959	0.56438	0.02261	0.23313	0.01510	0.01432	0.01024	0.00650	0.00538	0.00162	0.00555	0.00498	0.00571	0.00913
74	0.84927	0.01038	0.00789	0.00706	0.01038	0.01204	0.00581	0.01578	0.00914	0.02408	0.00747	0.00872	0.00581	0.00498	0.00332	0.00166	0.00415	0.00291	0.00332	0.00581
75	0.00634	0.00544	0.00544	0.00544	0.00725	0.00453	0.00408	0.00770	0.01224	0.01450	0.05438	0.05166	0.77569	0.01359	0.00634	0.00181	0.00272	0.01133	0.00498	0.00453
76	0.00820	0.00589	0.00638	0.00609	0.00808	0.00506	0.00466	0.00998	0.02606	0.08402	0.10839	0.04734	0.62171	0.01267	0.00626	0.00180	0.00294	0.02416	0.00522	0.00506
77	0.01300	0.01247	0.02128	0.10159	0.71143	0.01268	0.01633	0.01623	0.01209	0.01719	0.01005	0.01338	0.00838	0.00484	0.00532	0.00161	0.00645	0.00478	0.00263	0.00827
78	0.01209	0.01510	0.13567	0.04464	0.01930	0.05823	0.17702	0.01537	0.02898	0.01527	0.00927	0.01261	0.00773	0.00735	0.02841	0.00201	0.30124	0.00476	0.00263	0.10232
79	0.69410	0.03518	0.03911	0.00851	0.01210	0.06409	0.03239	0.03096	0.01011	0.02272	0.00783	0.00916	0.00610	0.00503	0.00364	0.00163	0.00491	0.00314	0.00324	0.00606
80	0.01018	0.00870	0.01413	0.60754	0.03014	0.01048	0.03228	0.01355	0.01090	0.01516	0.01129	0.01554	0.00860	0.00553	0.00505	0.00167	0.00621	0.00486	0.18240	0.00579
81	0.01120	0.00975	0.01200	0.00857	0.01337	0.00743	0.03801	0.01367	0.01120	0.01748	0.00960	0.01127	0.00796	0.00400	0.00407	0.00084	0.00419	0.00331	0.00316	0.80894
82	0.00720	0.00530	0.00676	0.00698	0.00798	0.00491	0.00501	0.00928	0.02751	0.01801	0.41961	0.32542	0.10939	0.01330	0.00651	0.00188	0.00280	0.01184	0.00547	0.00482

[dist]
# distance from previous block
# <min> <max>
0	13

[block]
# block no. 5 follows, 45 sequences, length 24
# corresponding to MSA columns:
# 498-521
name=unknown_F
#
# <colnr> <probs for GDERKNQSTAVLIFYWHMCP>
#	G	D	E	R	K	N	Q	S	T	A	V	L	I	F	Y	W	H	M	C	P
0	0.00696	0.00546	0.00629	0.00608	0.00763	0.00479	0.00456	0.00889	0.01368	0.01794	0.40737	0.04600	0.42055	0.01231	0.00634	0.00175	0.00263	0.01053	0.00544	0.00479
1	0.00661	0.00496	0.00613	0.00687	0.00767	0.00448	0.00476	0.00783	0.01132	0.01477	0.11833	0.52880	0.22728	0.01534	0.00666	0.00203	0.00295	0.01364	0.00509	0.00448
2	0.74452	0.01022	0.00847	0.00738	0.01080	0.01151	0.00608	0.01710	0.00993	0.12024	0.00921	0.00993	0.00676	0.00519	0.00359	0.00166	0.00421	0.00322	0.00374	0.00624
3	0.59885	0.01008	0.00935	0.05750	0.01274	0.01097	0.00671	0.01672	0.01025	0.11886	0.00957	0.01055	0.00708	0.00511	0.00379	0.00157	0.00438	0.00337	0.00367	0.09889
4	0.01186	0.01119	0.01745	0.01249	0.01745	0.00936	0.23258	0.03629	0.01200	0.01788	0.01003	0.01219	0.00804	0.00421	0.00473	0.00112	0.00556	0.00418	0.00310	0.56829
5	0.00954	0.00720	0.00907	0.00975	0.09301	0.00701	0.00581	0.05709	0.01003	0.01389	0.01576	0.08223	0.01705	0.48081	0.05069	0.00395	0.00545	0.00714	0.00342	0.11109
6	0.00989	0.01089	0.12893	0.01075	0.02174	0.01926	0.03080	0.06636	0.01182	0.03003	0.08101	0.28425	0.04452	0.01430	0.09421	0.00269	0.10693	0.00890	0.00398	0.01875
7	0.01505	0.01211	0.04080	0.00972	0.01416	0.05880	0.00809	0.12800	0.04917	0.13043	0.01218	0.01277	0.00917	0.00512	0.00479	0.00119	0.01856	0.00395	0.00404	0.46190
8	0.01371	0.09752	0.03367	0.03690	0.04425	0.01428	0.10375	0.04597	0.01139	0.11266	0.05852	0.01471	0.01097	0.00809	0.02480	0.00205	0.35157	0.00513	0.00330	0.00677
9	0.00989	0.00615	0.00702	0.00640	0.00858	0.00524	0.00494	0.01155	0.01324	0.16135	0.14860	0.04370	0.52956	0.01191	0.00616	0.00177	0.00304	0.00997	0.00543	0.00548
10	0.01228	0.05841	0.56599	0.01356	0.02009	0.01164	0.01639	0.01730	0.01153	0.11336	0.01153	0.01317	0.00836	0.00916	0.09181	0.00244	0.00812	0.00430	0.00289	0.00769
11	0.04528	0.11648	0.01742	0.20358	0.02028	0.01286	0.09759	0.05232	0.01177	0.11312	0.01184	0.03133	0.00942	0.00787	0.04221	0.00204	0.12816	0.00499	0.06483	0.00662
12	0.00873	0.00591	0.00652	0.00611	0.00815	0.00502	0.00467	0.01031	0.01296	0.11265	0.12980	0.04614	0.59879	0.01242	0.00622	0.00178	0.00293	0.01040	0.00530	0.00517
13	0.00658	0.00491	0.00608	0.00699	0.00768	0.00447	0.00480	0.00763	0.01074	0.01387	0.03531	0.58012	0.21751	0.03881	0.00733	0.00218	0.00312	0.03254	0.00493	0.00439
14	0.01022	0.01153	0.10083	0.66109	0.06179	0.01180	0.01522	0.01400	0.01084	0.01422	0.01015	0.03675	0.00798	0.00564	0.00538	0.00178	0.00710	0.00498	0.00246	0.00623
15	0.03086	0.35315	0.09544	0.03587	0.10049	0.05657	0.03285	0.07147	0.01295	0.12831	0.01056	0.01158	0.00819	0.00529	0.00479	0.00145	0.02543	0.00393	0.00325	0.00756
16	0.01312	0.01088	0.03507	0.14459	0.41366	0.01066	0.01324	0.01618	0.01288	0.11461	0.14430	0.01869	0.01618	0.00619	0.00550	0.00165	0.00564	0.00570	0.00368	0.00758
17	0.02408	0.00914	0.01246	0.00955	0.01370	0.00789	0.00789	0.02616	0.01536	0.78158	0.02118	0.01827	0.01329	0.00664	0.00540	0.00166	0.00457	0.00540	0.00664	0.00914
18	0.01828	0.00989	0.01188	0.00962	0.01274	0.00986	0.00758	0.25622	0.01687	0.33024	0.03565	0.10313	0.01606	0.12614	0.00879	0.00222	0.00489	0.00671	0.00554	0.00767
19	0.01562	0.01063	0.01283	0.11034	0.01632	0.01143	0.00901	0.33958	0.03872	0.12516	0.05617	0.19493	0.01769	0.00893	0.00576	0.00178	0.00504	0.00754	0.00510	0.00743
