[name]
unknown

[dist]
# distance from previous block
# <min> <max>
0	31

[block]
# block no. 0 follows, 43 sequences, length 20
# corresponding to MSA columns:
# 37-56
name=unknown_A
#
# <colnr> <probs for GDERKNQSTAVLIFYWHMCP>
#	G	D	E	R	K	N	Q	S	T	A	V	L	I	F	Y	W	H	M	C	P
0	0.10299	0.03450	0.15505	0.03986	0.01605	0.01107	0.01047	0.10219	0.08532	0.16361	0.03134	0.04083	0.04455	0.00732	0.00535	0.00172	0.00539	0.05661	0.00453	0.08125
1	0.06424	0.11257	0.30139	0.03627	0.05030	0.01343	0.07925	0.10272	0.01374	0.05444	0.03570	0.01797	0.01154	0.00652	0.00539	0.00176	0.00682	0.07487	0.00343	0.00764
2	0.04606	0.08751	0.33813	0.01344	0.04875	0.01166	0.04651	0.03652	0.01248	0.10430	0.03347	0.10698	0.01274	0.00689	0.00531	0.00168	0.00631	0.00576	0.00353	0.07196
3	0.03762	0.17530	0.24754	0.02783	0.01821	0.03674	0.05551	0.06097	0.08520	0.09773	0.01449	0.03541	0.04146	0.00645	0.00561	0.00168	0.03588	0.00505	0.00359	0.00771
4	0.03838	0.06481	0.06480	0.10814	0.23623	0.07131	0.08271	0.01817	0.07592	0.06975	0.04370	0.03279	0.01155	0.00622	0.00617	0.00174	0.05126	0.00535	0.00340	0.00760
5	0.01286	0.04471	0.04026	0.18080	0.12277	0.04626	0.10796	0.07767	0.04098	0.03371	0.03116	0.10875	0.01294	0.00718	0.00635	0.00176	0.04971	0.00634	0.00348	0.06433
6	0.00777	0.00580	0.00737	0.00780	0.00891	0.00523	0.00544	0.02729	0.01146	0.01567	0.07267	0.61531	0.05226	0.01493	0.00660	0.00201	0.00335	0.01343	0.00497	0.11171
7	0.01393	0.04266	0.07956	0.01088	0.02623	0.01006	0.00946	0.07959	0.15062	0.15254	0.05109	0.06011	0.06255	0.00975	0.00611	0.00194	0.00500	0.19319	0.00514	0.02960
8	0.08128	0.01428	0.17629	0.19091	0.02378	0.01156	0.18809	0.01521	0.01186	0.03512	0.07155	0.09674	0.01409	0.00710	0.00627	0.00187	0.03753	0.00649	0.00326	0.00671
9	0.01250	0.03620	0.10860	0.02503	0.44799	0.01246	0.05322	0.01657	0.04995	0.01800	0.06144	0.04767	0.01368	0.00657	0.00615	0.00176	0.03570	0.03532	0.00323	0.00794
10	0.00724	0.00573	0.00612	0.00602	0.00786	0.00488	0.00456	0.00886	0.01313	0.03497	0.15260	0.05103	0.63253	0.01351	0.00655	0.00187	0.00288	0.02946	0.00532	0.00488
11	0.05724	0.00968	0.01257	0.00960	0.01394	0.00844	0.00791	0.04243	0.01527	0.62843	0.01951	0.01736	0.01258	0.00643	0.00529	0.00160	0.00465	0.00515	0.00622	0.11569
12	0.06287	0.01217	0.04177	0.32684	0.31985	0.03049	0.04227	0.01595	0.01202	0.03575	0.02731	0.01517	0.02276	0.00555	0.00544	0.00174	0.00679	0.00506	0.00288	0.00732
13	0.00714	0.00563	0.00644	0.00624	0.00785	0.00493	0.00468	0.00910	0.01403	0.01831	0.38494	0.04779	0.43764	0.01278	0.00654	0.00181	0.00272	0.01092	0.00558	0.00493
14	0.00693	0.00491	0.00641	0.00750	0.00782	0.00462	0.00494	0.00784	0.01048	0.01401	0.05276	0.69102	0.03527	0.10598	0.00943	0.00258	0.00344	0.01469	0.00497	0.00439
15	0.01640	0.51649	0.07364	0.01129	0.01575	0.21734	0.01056	0.05493	0.01317	0.01455	0.00835	0.00957	0.00722	0.00512	0.00414	0.00131	0.00713	0.00329	0.00265	0.00712
16	0.01180	0.17423	0.63713	0.01461	0.02215	0.01455	0.01841	0.01736	0.01161	0.01670	0.00952	0.01117	0.00703	0.00516	0.00494	0.00165	0.00776	0.00388	0.00234	0.00798
17	0.01567	0.00817	0.00955	0.00816	0.01084	0.00813	0.00646	0.06684	0.12626	0.25006	0.09612	0.02175	0.01803	0.00724	0.00503	0.00158	0.00372	0.00593	0.32318	0.00727
18	0.05485	0.01155	0.02035	0.46463	0.14201	0.01289	0.16662	0.03151	0.01195	0.01648	0.01017	0.01432	0.00777	0.00527	0.00563	0.00181	0.00748	0.00516	0.00269	0.00687
19	0.01708	0.01210	0.04479	0.05117	0.04399	0.03075	0.00992	0.12717	0.19462	0.23299	0.03897	0.06144	0.01467	0.00763	0.00661	0.00181	0.06692	0.00608	0.00518	0.02611

[dist]
# distance from previous block
# <min> <max>
0	2

[block]
# block no. 1 follows, 43 sequences, length 18
# corresponding to MSA columns:
# 59-76
name=unknown_B
#
# <colnr> <probs for GDERKNQSTAVLIFYWHMCP>
#	G	D	E	R	K	N	Q	S	T	A	V	L	I	F	Y	W	H	M	C	P
0	0.01946	0.01472	0.01573	0.01242	0.01657	0.01643	0.01014	0.59433	0.18665	0.03234	0.01532	0.01491	0.01106	0.00684	0.00556	0.00171	0.00572	0.00527	0.00556	0.00928
1	0.01429	0.01590	0.01730	0.03466	0.01775	0.26878	0.16615	0.01797	0.09296	0.01530	0.01292	0.05871	0.01148	0.03959	0.11515	0.00289	0.08271	0.00579	0.00325	0.00644
2	0.02383	0.00965	0.01282	0.00998	0.01416	0.00866	0.00820	0.02722	0.08452	0.70538	0.02191	0.01902	0.01400	0.00692	0.00558	0.00173	0.00468	0.00563	0.00674	0.00936
3	0.01159	0.00918	0.01028	0.00913	0.01183	0.00955	0.00711	0.03863	0.34207	0.04798	0.22148	0.02996	0.11633	0.00913	0.00588	0.00175	0.00377	0.02501	0.00551	0.08384
4	0.01248	0.01266	0.01714	0.01531	0.04507	0.04353	0.01226	0.01378	0.00890	0.01353	0.00744	0.01211	0.00733	0.00936	0.01720	0.00236	0.73610	0.00481	0.00245	0.00618
5	0.01339	0.01346	0.01355	0.01339	0.09494	0.21093	0.05195	0.01577	0.03889	0.05233	0.02152	0.14794	0.13789	0.00892	0.00622	0.00168	0.03881	0.00741	0.00391	0.10709
6	0.01046	0.00984	0.01661	0.79205	0.03814	0.01230	0.01538	0.01415	0.01107	0.01415	0.00984	0.01477	0.00738	0.00554	0.00554	0.00185	0.00738	0.00492	0.00246	0.00615
7	0.06410	0.01315	0.02008	0.02802	0.57469	0.01360	0.01489	0.09715	0.08283	0.02077	0.01168	0.01402	0.00943	0.00537	0.00538	0.00167	0.00619	0.00495	0.00335	0.00868
8	0.00700	0.00509	0.00645	0.00732	0.00803	0.00468	0.00509	0.00830	0.01155	0.01539	0.11329	0.56158	0.14869	0.01583	0.00686	0.00212	0.00313	0.03606	0.02891	0.00464
9	0.10274	0.01261	0.02044	0.09586	0.62653	0.01301	0.01568	0.01668	0.01214	0.01848	0.01008	0.01329	0.00836	0.00501	0.00527	0.00167	0.00640	0.00473	0.00279	0.00825
10	0.01123	0.10026	0.54638	0.01570	0.06610	0.01290	0.04693	0.01637	0.01164	0.01678	0.01201	0.09660	0.01037	0.00647	0.00535	0.00175	0.00738	0.00538	0.00269	0.00769
11	0.00674	0.00486	0.00638	0.00760	0.00800	0.00451	0.00509	0.00772	0.01071	0.01418	0.03186	0.76276	0.07476	0.01718	0.00704	0.00223	0.00319	0.01553	0.00514	0.00451
12	0.01624	0.01140	0.01488	0.02612	0.01568	0.01182	0.08831	0.33225	0.01902	0.12001	0.13134	0.07738	0.03341	0.00931	0.02812	0.00198	0.00565	0.02909	0.02024	0.00774
13	0.01915	0.01189	0.06112	0.01397	0.08579	0.02161	0.08946	0.03562	0.10398	0.41746	0.01995	0.04504	0.03478	0.00697	0.00572	0.00176	0.00555	0.00609	0.00544	0.00866
14	0.00776	0.00516	0.00605	0.00655	0.00754	0.00479	0.00464	0.00941	0.01184	0.01690	0.11557	0.36583	0.17680	0.01319	0.00608	0.00187	0.00290	0.01155	0.22079	0.00479
15	0.01067	0.01014	0.01738	0.73798	0.06411	0.01239	0.04114	0.01438	0.01120	0.01442	0.00991	0.01473	0.00747	0.00549	0.00557	0.00184	0.00742	0.00498	0.00248	0.00629
16	0.02034	0.01318	0.01551	0.10800	0.01881	0.01422	0.01041	0.47674	0.02143	0.20326	0.01495	0.01527	0.01040	0.02425	0.00605	0.00178	0.00592	0.00518	0.00542	0.00888
17	0.01625	0.11192	0.08863	0.01782	0.21740	0.04206	0.01261	0.22146	0.04254	0.07718	0.03127	0.01685	0.01157	0.00652	0.00558	0.00168	0.01801	0.04829	0.00406	0.00831

[dist]
# distance from previous block
# <min> <max>
0	20

[block]
# block no. 2 follows, 43 sequences, length 16
# corresponding to MSA columns:
# 97-112
name=unknown_C
#
# <colnr> <probs for GDERKNQSTAVLIFYWHMCP>
#	G	D	E	R	K	N	Q	S	T	A	V	L	I	F	Y	W	H	M	C	P
0	0.12566	0.09165	0.11288	0.07650	0.01696	0.01228	0.03688	0.08911	0.03271	0.14820	0.01437	0.09894	0.01213	0.02277	0.00631	0.00181	0.04892	0.00573	0.00405	0.04212
1	0.08037	0.03987	0.03719	0.14111	0.07263	0.03911	0.14580	0.01652	0.05601	0.07641	0.04520	0.10078	0.02577	0.00730	0.00612	0.00179	0.03962	0.00649	0.03327	0.02863
2	0.00805	0.00537	0.00604	0.00604	0.00604	0.00537	0.00336	0.00805	0.00805	0.01074	0.01745	0.03624	0.02013	0.80536	0.02819	0.00537	0.00537	0.00805	0.00336	0.00336
3	0.03671	0.00698	0.00775	0.00723	0.00829	0.00718	0.00488	0.11294	0.01182	0.03326	0.05814	0.11057	0.02088	0.44311	0.01785	0.00371	0.00476	0.00802	0.09110	0.00482
4	0.03016	0.09498	0.07072	0.03548	0.07810	0.09710	0.01088	0.25578	0.04332	0.10810	0.02635	0.01360	0.01001	0.00593	0.00510	0.00152	0.00620	0.00455	0.00428	0.09786
5	0.01804	0.01088	0.07132	0.00984	0.01375	0.00902	0.00855	0.13023	0.01637	0.37244	0.12689	0.04773	0.07977	0.00809	0.00572	0.00169	0.00466	0.00669	0.00581	0.05247
6	0.00806	0.00531	0.00632	0.00644	0.00652	0.00533	0.00382	0.00805	0.00826	0.01106	0.01783	0.10177	0.02041	0.63080	0.06608	0.07306	0.00564	0.00836	0.00342	0.00346
7	0.01273	0.00832	0.00921	0.00804	0.01016	0.00860	0.00615	0.19336	0.05219	0.05617	0.10850	0.04136	0.09951	0.09346	0.00863	0.04669	0.00408	0.00695	0.21973	0.00618
8	0.03512	0.04326	0.02054	0.23999	0.37770	0.05824	0.07478	0.01658	0.02635	0.01690	0.03165	0.01449	0.00950	0.00535	0.00546	0.00170	0.00699	0.00502	0.00283	0.00756
9	0.01709	0.01076	0.01153	0.00984	0.01303	0.05221	0.00778	0.06701	0.29317	0.25351	0.02192	0.02065	0.05051	0.00731	0.00534	0.00170	0.00453	0.00591	0.13809	0.00811
10	0.00699	0.00507	0.00664	0.00770	0.00829	0.00472	0.00538	0.00823	0.01130	0.01498	0.08575	0.62830	0.09442	0.01649	0.00704	0.00221	0.00329	0.07339	0.00521	0.00461
11	0.01291	0.01233	0.07465	0.11272	0.03008	0.02801	0.01028	0.02324	0.44070	0.05598	0.02151	0.07265	0.04954	0.00807	0.00575	0.00188	0.00512	0.02192	0.00484	0.00782
12	0.01123	0.00957	0.01121	0.00818	0.01285	0.00723	0.00649	0.01361	0.01144	0.01783	0.01097	0.05439	0.00975	0.00482	0.00426	0.00090	0.00405	0.00396	0.00338	0.79390
13	0.00819	0.00535	0.00682	0.00748	0.00839	0.00486	0.00519	0.00936	0.01146	0.07375	0.06016	0.57783	0.15122	0.03303	0.00731	0.00220	0.00329	0.01393	0.00527	0.00491
14	0.00788	0.00529	0.00609	0.00627	0.00631	0.00525	0.00360	0.00801	0.00840	0.01120	0.01924	0.14079	0.02239	0.69774	0.02530	0.00494	0.00507	0.00910	0.00360	0.00351
15	0.01351	0.20866	0.03251	0.01080	0.01392	0.07232	0.07018	0.05433	0.07600	0.08762	0.04599	0.22940	0.04378	0.00932	0.00558	0.00174	0.00538	0.00797	0.00428	0.00673

[dist]
# distance from previous block
# <min> <max>
0	1

[block]
# block no. 3 follows, 43 sequences, length 20
# corresponding to MSA columns:
# 114-133
name=unknown_D
#
# <colnr> <probs for GDERKNQSTAVLIFYWHMCP>
#	G	D	E	R	K	N	Q	S	T	A	V	L	I	F	Y	W	H	M	C	P
0	0.01095	0.00659	0.00782	0.00720	0.00861	0.00627	0.00503	0.03724	0.03439	0.13381	0.13511	0.08467	0.13753	0.34285	0.01540	0.00331	0.00433	0.00884	0.00483	0.00522
1	0.01359	0.01263	0.02336	0.05206	0.02259	0.01257	0.40042	0.09247	0.01365	0.06680	0.01329	0.07010	0.01105	0.00870	0.05875	0.00231	0.06115	0.00655	0.00350	0.05444
2	0.01149	0.01214	0.06658	0.50567	0.23354	0.01264	0.04883	0.01529	0.01161	0.01558	0.01006	0.01430	0.00778	0.00532	0.00555	0.00179	0.00730	0.00495	0.00254	0.00704
3	0.01084	0.01039	0.01805	0.69330	0.08349	0.01247	0.06446	0.01457	0.01130	0.01464	0.00997	0.01471	0.00754	0.00544	0.00560	0.00183	0.00746	0.00503	0.00250	0.00640
4	0.01312	0.01488	0.15401	0.01139	0.01511	0.06997	0.01032	0.10078	0.29145	0.03240	0.07119	0.09347	0.08097	0.00856	0.00577	0.00182	0.00535	0.00708	0.00476	0.00759
5	0.01794	0.00938	0.01183	0.00924	0.01317	0.00812	0.00742	0.07816	0.01483	0.37896	0.05445	0.09785	0.01596	0.00732	0.00534	0.00150	0.00439	0.00611	0.00549	0.25255
6	0.11376	0.01300	0.01419	0.01115	0.01517	0.01398	0.00915	0.45872	0.03908	0.17298	0.05745	0.01579	0.01254	0.00741	0.01884	0.00181	0.00554	0.00521	0.00554	0.00870
7	0.01722	0.00954	0.01167	0.00957	0.01275	0.00943	0.00766	0.15183	0.10223	0.30496	0.26993	0.02559	0.02620	0.00839	0.00589	0.00173	0.00422	0.00703	0.00623	0.00794
8	0.01215	0.11874	0.61389	0.01456	0.02188	0.01384	0.01801	0.01851	0.06167	0.04106	0.01089	0.01218	0.00789	0.00540	0.00510	0.00169	0.00756	0.00415	0.00270	0.00814
9	0.01046	0.00984	0.01661	0.79205	0.03814	0.01230	0.01538	0.01415	0.01107	0.01415	0.00984	0.01477	0.00738	0.00554	0.00554	0.00185	0.00738	0.00492	0.00246	0.00615
10	0.00913	0.00655	0.00779	0.00749	0.00926	0.00622	0.00571	0.01270	0.10004	0.06484	0.31376	0.11555	0.25435	0.01222	0.00649	0.00189	0.00320	0.05150	0.00566	0.00565
11	0.00910	0.00595	0.00750	0.00701	0.00865	0.00535	0.00529	0.01133	0.01481	0.08991	0.51740	0.08486	0.18827	0.01178	0.00648	0.00179	0.00288	0.01026	0.00593	0.00546
12	0.01269	0.01220	0.01821	0.50436	0.18220	0.06425	0.03703	0.07258	0.01291	0.01662	0.01018	0.01413	0.00783	0.00549	0.00552	0.00176	0.00735	0.00489	0.00279	0.00699
13	0.00803	0.00542	0.00631	0.00628	0.00643	0.00546	0.00370	0.00833	0.00861	0.01163	0.06714	0.03567	0.02187	0.70470	0.07412	0.00535	0.00578	0.00805	0.00351	0.00358
14	0.00976	0.00609	0.00771	0.00714	0.00888	0.00546	0.00541	0.01197	0.01478	0.11925	0.48553	0.09119	0.18227	0.01165	0.00644	0.00180	0.00297	0.01013	0.00595	0.00563
15	0.02269	0.01231	0.01457	0.01123	0.01554	0.01250	0.00926	0.35978	0.04881	0.40682	0.01795	0.01637	0.01186	0.00679	0.00556	0.00170	0.00533	0.00533	0.00621	0.00940
16	0.07257	0.01063	0.05765	0.00970	0.01334	0.00948	0.00826	0.10230	0.08941	0.33397	0.12760	0.04658	0.07791	0.00819	0.00567	0.00176	0.00452	0.00672	0.00579	0.00794
17	0.00799	0.00534	0.00606	0.00613	0.00614	0.00532	0.00345	0.00804	0.00819	0.01092	0.01813	0.07627	0.02100	0.76416	0.02708	0.00521	0.00526	0.00846	0.00345	0.00342
18	0.03902	0.01030	0.01299	0.01018	0.01424	0.00977	0.00834	0.12335	0.07823	0.56552	0.05365	0.01906	0.01496	0.00705	0.00557	0.00172	0.00477	0.00569	0.00648	0.00912
19	0.07139	0.01112	0.01264	0.01009	0.01384	0.01146	0.00823	0.26264	0.08937	0.30098	0.01877	0.01781	0.03425	0.00690	0.00526	0.00167	0.00480	0.00541	0.10487	0.00850

[dist]
# distance from previous block
# <min> <max>
1	12

[block]
# block no. 4 follows, 43 sequences, length 22
# corresponding to MSA columns:
# 146-167
name=unknown_E
#
# <colnr> <probs for GDERKNQSTAVLIFYWHMCP>
#	G	D	E	R	K	N	Q	S	T	A	V	L	I	F	Y	W	H	M	C	P
0	0.10273	0.32517	0.05438	0.00997	0.01404	0.03104	0.02631	0.07494	0.03614	0.13504	0.04084	0.01466	0.03149	0.00609	0.00477	0.00150	0.02212	0.00445	0.05697	0.00734
1	0.13428	0.06065	0.01075	0.00833	0.01101	0.02690	0.00675	0.16401	0.08194	0.03952	0.01497	0.01627	0.01152	0.00636	0.00469	0.00151	0.02350	0.00474	0.36556	0.00673
2	0.07856	0.54906	0.06979	0.00998	0.01465	0.06376	0.00970	0.01759	0.04401	0.03364	0.00901	0.01005	0.00767	0.00499	0.00391	0.00129	0.00596	0.00330	0.00279	0.06030
3	0.09469	0.10856	0.25634	0.01196	0.01682	0.01224	0.03234	0.04039	0.01263	0.20738	0.01454	0.09433	0.01178	0.00713	0.00598	0.00177	0.05391	0.00556	0.00398	0.00767
4	0.00805	0.00537	0.00604	0.00604	0.00604	0.00537	0.00336	0.00805	0.00805	0.01074	0.01745	0.03624	0.02013	0.80536	0.02819	0.00537	0.00537	0.00805	0.00336	0.00336
5	0.00703	0.00501	0.00660	0.00748	0.00797	0.00469	0.00506	0.00826	0.01146	0.01553	0.17372	0.61244	0.03880	0.05830	0.00809	0.00232	0.00321	0.01422	0.00523	0.00458
6	0.04509	0.12324	0.56810	0.01477	0.02189	0.01373	0.06445	0.01735	0.01183	0.03152	0.03254	0.01246	0.00855	0.00536	0.00510	0.00169	0.00759	0.00427	0.00261	0.00785
7	0.06872	0.07781	0.41781	0.08198	0.08613	0.02590	0.06345	0.01722	0.01171	0.04229	0.01015	0.01232	0.00757	0.00541	0.00559	0.00173	0.03604	0.00432	0.01618	0.00768
8	0.00792	0.00535	0.00625	0.00637	0.00646	0.00538	0.00374	0.00813	0.00835	0.01119	0.01853	0.10782	0.02131	0.68441	0.07204	0.00529	0.00574	0.00865	0.00350	0.00356
9	0.00693	0.00497	0.00655	0.00760	0.00807	0.00464	0.00517	0.00808	0.01111	0.01486	0.09812	0.67053	0.05813	0.03888	0.00762	0.00229	0.00326	0.03346	0.00518	0.00455
10	0.12773	0.01228	0.05482	0.37974	0.25507	0.02761	0.01465	0.01561	0.01137	0.01697	0.00964	0.01333	0.00759	0.00539	0.00552	0.00177	0.02662	0.00459	0.00268	0.00703
11	0.00792	0.00536	0.00628	0.00646	0.00658	0.00536	0.00386	0.00819	0.00851	0.01138	0.01919	0.12384	0.02211	0.66266	0.05466	0.00507	0.00548	0.02991	0.00360	0.00360
12	0.00675	0.00482	0.00643	0.00771	0.00803	0.00450	0.00514	0.00771	0.01060	0.01414	0.03053	0.80175	0.03663	0.01735	0.00707	0.00225	0.00321	0.01574	0.00514	0.00450
13	0.00696	0.00505	0.00660	0.00765	0.00824	0.00470	0.00533	0.00819	0.01129	0.01496	0.08608	0.63357	0.09819	0.01650	0.00703	0.00220	0.00327	0.06439	0.00521	0.00461
14	0.06680	0.05955	0.01210	0.01034	0.05774	0.04576	0.00765	0.06267	0.09142	0.13938	0.27860	0.02629	0.07041	0.00837	0.00561	0.00166	0.00431	0.00696	0.00521	0.03916
15	0.17811	0.00937	0.01128	0.00917	0.01270	0.00900	0.00741	0.06734	0.01438	0.46984	0.03600	0.07031	0.01419	0.00809	0.00626	0.05257	0.00457	0.00579	0.00572	0.00791
16	0.01997	0.01177	0.01369	0.01094	0.01482	0.01223	0.00888	0.27565	0.17724	0.30691	0.07278	0.01895	0.01569	0.00725	0.00564	0.00173	0.00497	0.00584	0.00609	0.00898
17	0.02807	0.09001	0.03629	0.01180	0.05330	0.01117	0.05498	0.05306	0.17187	0.18227	0.14011	0.04665	0.03016	0.00797	0.00567	0.00175	0.00487	0.03963	0.02275	0.00763
18	0.02439	0.01016	0.01331	0.01020	0.01450	0.00923	0.00843	0.11425	0.01708	0.68566	0.02082	0.01818	0.01319	0.00683	0.00557	0.00171	0.00488	0.00550	0.00670	0.00942
19	0.02240	0.01112	0.01402	0.05950	0.01642	0.01099	0.00923	0.20982	0.05796	0.49985	0.01897	0.01729	0.01240	0.00676	0.00556	0.00172	0.00521	0.00542	0.00618	0.00918
20	0.01816	0.09067	0.01787	0.01448	0.03245	0.46752	0.03482	0.07762	0.01459	0.01539	0.00874	0.01080	0.00741	0.00641	0.00751	0.00163	0.16026	0.00400	0.00294	0.00673
21	0.01295	0.01277	0.01987	0.31422	0.45064	0.06200	0.01599	0.01627	0.01224	0.01634	0.01009	0.01386	0.00815	0.00521	0.00547	0.00171	0.00710	0.00484	0.00264	0.00765

[dist]
# distance from previous block
# <min> <max>
0	3

[block]
# block no. 5 follows, 43 sequences, length 10
# corresponding to MSA columns:
# 171-180
name=unknown_F
#
# <colnr> <probs for GDERKNQSTAVLIFYWHMCP>
#	G	D	E	R	K	N	Q	S	T	A	V	L	I	F	Y	W	H	M	C	P
0	0.01386	0.01071	0.01124	0.01014	0.01289	0.06528	0.00773	0.04154	0.32712	0.11539	0.02199	0.21833	0.01978	0.00946	0.00579	0.00181	0.00455	0.00808	0.00523	0.08908
1	0.01644	0.00805	0.01090	0.00928	0.01202	0.00770	0.00739	0.04241	0.01352	0.37560	0.07016	0.09384	0.03520	0.01713	0.20499	0.00359	0.02577	0.00693	0.00535	0.03373
2	0.00984	0.00870	0.01391	0.59102	0.02993	0.01053	0.01231	0.01259	0.01030	0.01328	0.01179	0.02026	0.01064	0.21010	0.01133	0.00275	0.00687	0.00572	0.00269	0.00544
3	0.00788	0.00541	0.00629	0.00635	0.00659	0.00543	0.00383	0.00820	0.00856	0.01138	0.02048	0.07046	0.07226	0.64426	0.09572	0.00531	0.00597	0.00846	0.00352	0.00365
4	0.00979	0.00877	0.01426	0.59126	0.03050	0.01049	0.01278	0.01320	0.01225	0.01621	0.20372	0.02157	0.01886	0.00702	0.00579	0.00182	0.00616	0.00622	0.00339	0.00592
5	0.23349	0.01133	0.01262	0.00994	0.01405	0.01158	0.00821	0.21208	0.01685	0.39133	0.01602	0.01489	0.01063	0.00636	0.00501	0.00170	0.00496	0.00476	0.00564	0.00855
6	0.01147	0.00749	0.00802	0.00688	0.00942	0.00712	0.00534	0.05087	0.08171	0.02091	0.01615	0.01795	0.01268	0.00596	0.00418	0.00124	0.00331	0.00477	0.50553	0.21902
7	0.01251	0.01827	0.22200	0.02087	0.02679	0.01389	0.51867	0.01742	0.01244	0.01742	0.01064	0.01394	0.00798	0.00513	0.00692	0.00187	0.05721	0.00581	0.00266	0.00757
8	0.00670	0.00552	0.00592	0.00619	0.00778	0.00474	0.00461	0.00810	0.01231	0.01491	0.05059	0.17371	0.61232	0.01463	0.00669	0.00197	0.00299	0.05053	0.00514	0.00467
9	0.00687	0.00542	0.00620	0.00644	0.00779	0.00475	0.00466	0.00842	0.01276	0.01630	0.20180	0.24217	0.42816	0.01430	0.00668	0.00194	0.00287	0.01237	0.00535	0.00475

[dist]
# distance from previous block
# <min> <max>
0	7

[block]
# block no. 6 follows, 43 sequences, length 50
# corresponding to MSA columns:
# 188-237
name=unknown_G
#
# <colnr> <probs for GDERKNQSTAVLIFYWHMCP>
#	G	D	E	R	K	N	Q	S	T	A	V	L	I	F	Y	W	H	M	C	P
0	0.02009	0.01339	0.01492	0.01174	0.01570	0.01437	0.00957	0.55724	0.02276	0.14900	0.01652	0.09995	0.01305	0.00785	0.00571	0.00173	0.00556	0.00625	0.00570	0.00888
1	0.01171	0.02589	0.63390	0.01795	0.09099	0.01307	0.07782	0.03334	0.01219	0.01798	0.01015	0.01216	0.00733	0.00522	0.00539	0.00175	0.00809	0.00438	0.00248	0.00821
2	0.00674	0.00562	0.00587	0.00581	0.00760	0.00476	0.00436	0.00832	0.01307	0.01603	0.16085	0.05154	0.66316	0.01363	0.00654	0.00185	0.00278	0.01144	0.00528	0.00476
3	0.00673	0.00566	0.00587	0.00595	0.00777	0.00480	0.00455	0.00824	0.01269	0.01521	0.06802	0.05369	0.70473	0.01406	0.00662	0.00191	0.00296	0.06067	0.00516	0.00471
4	0.00865	0.00822	0.07685	0.00969	0.01146	0.00678	0.00846	0.01192	0.06292	0.01652	0.05672	0.27233	0.06606	0.01427	0.00703	0.00228	0.00457	0.34490	0.00494	0.00543
5	0.01071	0.01027	0.01796	0.55956	0.09199	0.01196	0.09626	0.01418	0.01132	0.01484	0.01183	0.08500	0.01022	0.00654	0.00605	0.00188	0.02423	0.00607	0.00276	0.00636
6	0.00675	0.00482	0.00643	0.00771	0.00803	0.00450	0.00514	0.00771	0.01060	0.01414	0.03053	0.80175	0.03663	0.01735	0.00707	0.00225	0.00321	0.01574	0.00514	0.00450
7	0.01239	0.00982	0.01158	0.00832	0.01319	0.00743	0.00667	0.01483	0.01178	0.06942	0.01066	0.01198	0.00858	0.00429	0.00420	0.00088	0.00414	0.00344	0.00352	0.78288
8	0.01418	0.67713	0.15512	0.01054	0.01586	0.02039	0.01133	0.01674	0.01133	0.01379	0.00808	0.00936	0.00709	0.00483	0.00384	0.00128	0.00630	0.00315	0.00236	0.00729
9	0.01450	0.74367	0.09135	0.01000	0.01503	0.02116	0.01039	0.01666	0.01129	0.01341	0.00789	0.00912	0.00710	0.00478	0.00370	0.00123	0.00611	0.00306	0.00237	0.00720
10	0.01880	0.00919	0.01153	0.00943	0.01288	0.00871	0.00758	0.04947	0.14297	0.44589	0.13722	0.02510	0.07976	0.00820	0.00580	0.00176	0.00424	0.00682	0.00635	0.00830
11	0.08578	0.05529	0.61881	0.01418	0.02155	0.01273	0.01765	0.01711	0.01146	0.01806	0.00965	0.01133	0.00702	0.00514	0.00494	0.00165	0.00743	0.00389	0.00251	0.07381
12	0.00772	0.00566	0.00724	0.00685	0.00820	0.00518	0.00513	0.01023	0.01540	0.02156	0.70426	0.04244	0.11629	0.01156	0.00653	0.00175	0.00263	0.01017	0.00601	0.00518
13	0.03549	0.03755	0.01585	0.01190	0.01607	0.01569	0.00984	0.61126	0.02381	0.08088	0.07339	0.01567	0.01296	0.00695	0.00552	0.00166	0.00569	0.00533	0.00554	0.00895
14	0.01692	0.53330	0.02450	0.01092	0.01524	0.16977	0.00988	0.13148	0.01441	0.01652	0.00873	0.00978	0.00747	0.00522	0.00414	0.00131	0.00674	0.00339	0.00295	0.00733
15	0.05798	0.15692	0.57168	0.03068	0.02205	0.01437	0.03917	0.01725	0.01152	0.01713	0.00948	0.01123	0.00702	0.00516	0.00492	0.00166	0.00761	0.00393	0.00242	0.00782
16	0.00704	0.00511	0.00660	0.00731	0.00800	0.00472	0.00504	0.00843	0.01200	0.01617	0.21896	0.52890	0.10214	0.03318	0.00736	0.00216	0.00308	0.01378	0.00534	0.00467
17	0.00962	0.00481	0.00722	0.00722	0.00722	0.00481	0.00481	0.00722	0.00722	0.00962	0.00962	0.01684	0.00962	0.01924	0.02165	0.83886	0.00481	0.00481	0.00241	0.00241
18	0.01423	0.68600	0.14662	0.01047	0.01575	0.02049	0.01120	0.01673	0.01132	0.01374	0.00805	0.00933	0.00709	0.00482	0.00382	0.00127	0.00628	0.00314	0.00236	0.00728
19	0.08698	0.13743	0.50684	0.01438	0.03735	0.07526	0.01656	0.01755	0.01169	0.01715	0.00926	0.01097	0.00699	0.00530	0.00513	0.00166	0.02550	0.00383	0.00249	0.00766
20	0.00757	0.00558	0.00708	0.00686	0.00815	0.00509	0.00508	0.00987	0.01481	0.02052	0.60720	0.11184	0.14532	0.01223	0.00658	0.00180	0.00269	0.01076	0.00588	0.00509
21	0.00690	0.00552	0.00562	0.00570	0.00742	0.00471	0.00423	0.00838	0.01241	0.01542	0.05115	0.09589	0.65662	0.01355	0.00634	0.00184	0.00281	0.01135	0.07943	0.00471
22	0.06982	0.30844	0.39391	0.01269	0.01900	0.01645	0.01472	0.07535	0.01252	0.01778	0.00924	0.01062	0.00717	0.00517	0.00454	0.00154	0.00694	0.00368	0.00268	0.00774
23	0.09638	0.01049	0.01087	0.00939	0.01161	0.04982	0.00747	0.21137	0.01492	0.03618	0.01442	0.05999	0.01201	0.00834	0.02086	0.02420	0.10413	0.00539	0.28564	0.00652
24	0.00880	0.00631	0.00869	0.00987	0.01112	0.00627	0.00854	0.01122	0.01257	0.01629	0.02985	0.06114	0.05832	0.04516	0.00839	0.00263	0.00503	0.67972	0.00504	0.00502
25	0.01211	0.01178	0.02117	0.04060	0.39409	0.01153	0.18814	0.01546	0.01271	0.01742	0.01754	0.02517	0.07810	0.00731	0.00617	0.00186	0.00669	0.12133	0.00333	0.00747
26	0.01047	0.00803	0.02660	0.07142	0.01342	0.00783	0.04838	0.02748	0.08441	0.08556	0.20405	0.26054	0.06879	0.02519	0.00712	0.00201	0.02755	0.01007	0.00507	0.00602
27	0.01055	0.00994	0.01677	0.77104	0.05845	0.01233	0.01543	0.01423	0.01112	0.01426	0.00986	0.01474	0.00742	0.00552	0.00554	0.00184	0.00736	0.00492	0.00247	0.00622
28	0.00917	0.00598	0.00791	0.00781	0.00924	0.00555	0.00606	0.01149	0.01445	0.07809	0.46351	0.13429	0.07089	0.01251	0.00672	0.00195	0.00330	0.13983	0.00583	0.00542
29	0.20747	0.01250	0.06971	0.24323	0.04683	0.01222	0.20633	0.01650	0.01176	0.06282	0.03782	0.01452	0.00944	0.00548	0.00529	0.00179	0.00679	0.00507	0.01761	0.00682
30	0.01481	0.80869	0.02902	0.00948	0.01421	0.02191	0.00948	0.01658	0.01125	0.01303	0.00770	0.00888	0.00711	0.00474	0.00355	0.00118	0.00592	0.00296	0.00237	0.00711
31	0.01358	0.01303	0.02226	0.06289	0.74288	0.01313	0.01694	0.01689	0.01255	0.01794	0.01040	0.01375	0.00872	0.00496	0.00548	0.00165	0.00661	0.00493	0.00273	0.00867
32	0.00844	0.00652	0.00936	0.00829	0.01011	0.00592	0.07173	0.01084	0.01439	0.04173	0.46776	0.10116	0.19906	0.01165	0.00655	0.00182	0.00336	0.01039	0.00554	0.00537
33	0.01339	0.01012	0.01186	0.00875	0.01345	0.00824	0.00702	0.03706	0.07176	0.10161	0.01226	0.01307	0.00953	0.00474	0.00442	0.00103	0.00425	0.00381	0.00392	0.65971
34	0.01446	0.00820	0.01029	0.00891	0.01146	0.00792	0.00705	0.10787	0.05121	0.23291	0.31625	0.09184	0.04577	0.01007	0.00621	0.00182	0.00391	0.05076	0.00607	0.00701
35	0.00710	0.00563	0.00637	0.00619	0.00782	0.00491	0.00464	0.00902	0.01393	0.01805	0.35950	0.04821	0.46325	0.01287	0.00654	0.00182	0.00272	0.01098	0.00555	0.00491
36	0.01046	0.00984	0.01661	0.79205	0.03814	0.01230	0.01538	0.01415	0.01107	0.01415	0.00984	0.01477	0.00738	0.00554	0.00554	0.00185	0.00738	0.00492	0.00246	0.00615
37	0.03949	0.01001	0.01123	0.00985	0.01281	0.02327	0.00780	0.05083	0.32752	0.18799	0.14663	0.02698	0.06688	0.00865	0.00585	0.00183	0.00426	0.04450	0.00581	0.00780
38	0.00966	0.00776	0.00877	0.00968	0.07610	0.05926	0.00586	0.02629	0.00997	0.01323	0.03072	0.07288	0.03110	0.46071	0.11952	0.00469	0.00672	0.00755	0.03496	0.00457
39	0.02388	0.00980	0.01297	0.00999	0.01418	0.00880	0.00823	0.08823	0.01671	0.68307	0.04936	0.01923	0.01480	0.00701	0.00560	0.00171	0.00475	0.00569	0.00671	0.00927
40	0.01170	0.00655	0.00847	0.00748	0.00956	0.00585	0.00579	0.01405	0.01534	0.19930	0.50254	0.03753	0.13257	0.01060	0.00631	0.00175	0.00313	0.00917	0.00616	0.00615
41	0.01072	0.01021	0.01772	0.68405	0.03590	0.01234	0.08071	0.01442	0.01122	0.01465	0.01016	0.01490	0.00767	0.00557	0.00584	0.00184	0.02367	0.00507	0.02711	0.00624
42	0.02443	0.01010	0.01327	0.01017	0.01448	0.00914	0.00841	0.10756	0.01698	0.69248	0.02090	0.01823	0.01323	0.00683	0.00557	0.00171	0.00487	0.00550	0.00671	0.00942
43	0.00675	0.00482	0.00643	0.00771	0.00803	0.00450	0.00514	0.00771	0.01060	0.01414	0.03053	0.80175	0.03663	0.01735	0.00707	0.00225	0.00321	0.01574	0.00514	0.00450
44	0.02201	0.01398	0.01567	0.01201	0.01641	0.01490	0.00993	0.56956	0.02347	0.22132	0.01545	0.01470	0.01050	0.00670	0.00555	0.00168	0.00575	0.00513	0.00587	0.00942
45	0.01046	0.00984	0.01661	0.79205	0.03814	0.01230	0.01538	0.01415	0.01107	0.01415	0.00984	0.01477	0.00738	0.00554	0.00554	0.00185	0.00738	0.00492	0.00246	0.00615
46	0.00774	0.00524	0.00613	0.00644	0.00651	0.00516	0.00378	0.00797	0.00866	0.01154	0.02054	0.21733	0.02404	0.61896	0.02319	0.00463	0.00486	0.00987	0.00378	0.00363
47	0.03135	0.00740	0.00979	0.00823	0.01087	0.00663	0.00651	0.01776	0.01563	0.34943	0.42886	0.03095	0.03460	0.00926	0.00605	0.00173	0.00356	0.00795	0.00637	0.00707
48	0.03548	0.01994	0.08161	0.01226	0.01557	0.40601	0.01013	0.12043	0.03101	0.01778	0.03993	0.01861	0.12209	0.00859	0.03502	0.00186	0.00794	0.00534	0.00369	0.00668
49	0.07068	0.60305	0.04093	0.00949	0.01411	0.01913	0.00916	0.01737	0.07057	0.01518	0.00912	0.01012	0.00790	0.00494	0.00380	0.00126	0.00558	0.00328	0.00278	0.08158

[dist]
# distance from previous block
# <min> <max>
1	7

[block]
# block no. 7 follows, 43 sequences, length 66
# corresponding to MSA columns:
# 245-262,293-302,319-356
name=unknown_H
#
# <colnr> <probs for GDERKNQSTAVLIFYWHMCP>
#	G	D	E	R	K	N	Q	S	T	A	V	L	I	F	Y	W	H	M	C	P
0	0.01903	0.21746	0.03777	0.01305	0.01658	0.53868	0.01063	0.05789	0.01504	0.01461	0.00863	0.00993	0.00724	0.00551	0.00468	0.00139	0.00875	0.00350	0.00286	0.00679
1	0.13581	0.20129	0.05070	0.01087	0.01506	0.05721	0.00957	0.27469	0.06906	0.06878	0.04749	0.01356	0.01095	0.00617	0.00479	0.00157	0.00573	0.00447	0.00432	0.00793
2	0.10486	0.47558	0.02236	0.06139	0.01570	0.06269	0.00940	0.06936	0.01234	0.01648	0.00850	0.00997	0.00728	0.00505	0.00420	0.00132	0.01962	0.00334	0.00284	0.08771
3	0.00772	0.00649	0.00681	0.00658	0.00854	0.00601	0.00497	0.01125	0.11630	0.01707	0.14779	0.04718	0.56789	0.01276	0.00642	0.00185	0.00300	0.01071	0.00534	0.00531
4	0.00796	0.00601	0.00745	0.00775	0.00885	0.00587	0.00555	0.01129	0.10190	0.01814	0.29424	0.39458	0.08162	0.01384	0.00668	0.00200	0.00311	0.01234	0.00554	0.00528
5	0.01585	0.46029	0.13702	0.01116	0.01614	0.06166	0.01115	0.08997	0.06283	0.07135	0.01063	0.01129	0.00844	0.00539	0.00437	0.00141	0.00632	0.00377	0.00324	0.00773
6	0.01124	0.00617	0.00813	0.00826	0.00966	0.00567	0.00594	0.01300	0.03608	0.19332	0.04436	0.55807	0.04920	0.01436	0.00665	0.00209	0.00358	0.01283	0.00558	0.00581
7	0.00787	0.00550	0.00703	0.00717	0.00753	0.00579	0.00473	0.00863	0.00861	0.01181	0.01798	0.11312	0.01980	0.46737	0.27698	0.00621	0.00829	0.00817	0.00342	0.00401
8	0.00785	0.00621	0.00911	0.09644	0.08529	0.00621	0.00740	0.00938	0.01099	0.01469	0.04095	0.61007	0.04485	0.01467	0.00673	0.00213	0.00398	0.01332	0.00463	0.00511
9	0.04412	0.05763	0.34916	0.01706	0.04092	0.01295	0.25602	0.01721	0.03781	0.01833	0.08408	0.01574	0.01220	0.00569	0.00567	0.00176	0.00759	0.00546	0.00302	0.00756
10	0.01420	0.00970	0.01122	0.01033	0.03108	0.02840	0.00786	0.08653	0.23275	0.15718	0.17147	0.10268	0.05050	0.00961	0.00606	0.00186	0.00431	0.05115	0.00570	0.00741
11	0.00674	0.00485	0.00639	0.00763	0.00801	0.00451	0.00510	0.00772	0.01069	0.01417	0.03156	0.77138	0.06633	0.01722	0.00705	0.00223	0.00320	0.01558	0.00514	0.00451
12	0.01352	0.12123	0.08870	0.01055	0.03888	0.01127	0.00912	0.06305	0.08532	0.06522	0.01222	0.02358	0.00973	0.00522	0.00455	0.00123	0.00497	0.00412	0.02213	0.40539
13	0.04794	0.01149	0.03803	0.02682	0.05649	0.12326	0.06812	0.04141	0.06619	0.01649	0.03593	0.30394	0.03315	0.08287	0.00812	0.00224	0.00560	0.02187	0.00416	0.00590
14	0.01198	0.21193	0.60099	0.01430	0.02168	0.01499	0.01788	0.01731	0.01159	0.01648	0.00941	0.01103	0.00704	0.00514	0.00486	0.00162	0.00765	0.00383	0.00235	0.00793
15	0.01306	0.01407	0.02830	0.07834	0.09965	0.01398	0.52779	0.03829	0.01285	0.01766	0.01074	0.01445	0.00830	0.00521	0.00722	0.00186	0.07259	0.00601	0.00283	0.02681
16	0.02042	0.02409	0.01564	0.01384	0.01694	0.63538	0.01054	0.13980	0.02905	0.01717	0.01028	0.01136	0.01946	0.00602	0.00512	0.00148	0.00916	0.00396	0.00337	0.00691
17	0.04102	0.01000	0.01261	0.00977	0.01382	0.00919	0.00799	0.10246	0.03257	0.48296	0.07428	0.01857	0.01511	0.00680	0.00561	0.00160	0.01879	0.00546	0.00596	0.12542
18	0.01262	0.34797	0.47060	0.01320	0.01998	0.01657	0.01597	0.01715	0.01151	0.01569	0.00902	0.01054	0.00705	0.00505	0.00456	0.00152	0.00726	0.00363	0.00235	0.00774
19	0.00784	0.00566	0.00740	0.00697	0.00827	0.00523	0.00523	0.01045	0.01568	0.02221	0.76789	0.04137	0.05226	0.01132	0.00653	0.00174	0.00261	0.01002	0.00610	0.00523
20	0.01046	0.00984	0.01661	0.79205	0.03814	0.01230	0.01538	0.01415	0.01107	0.01415	0.00984	0.01477	0.00738	0.00554	0.00554	0.00185	0.00738	0.00492	0.00246	0.00615
21	0.01342	0.01286	0.02196	0.10141	0.70565	0.01308	0.01685	0.01674	0.01247	0.01774	0.01037	0.01380	0.00865	0.00499	0.00549	0.00166	0.00665	0.00493	0.00272	0.00854
22	0.01356	0.00975	0.01127	0.01052	0.01321	0.01057	0.00849	0.02318	0.42165	0.11941	0.05031	0.03300	0.04018	0.00978	0.00621	0.00203	0.00452	0.19903	0.00566	0.00766
23	0.00689	0.00557	0.00613	0.00610	0.00772	0.00481	0.00453	0.00858	0.01328	0.01679	0.23918	0.10049	0.53341	0.01355	0.00658	0.00186	0.00278	0.01153	0.00539	0.00481
24	0.00756	0.00559	0.00706	0.00681	0.00813	0.00509	0.00506	0.00987	0.01484	0.02050	0.60440	0.09898	0.16121	0.01218	0.00657	0.00180	0.00269	0.01069	0.00588	0.00509
25	0.00869	0.00539	0.00720	0.00803	0.00878	0.00500	0.00562	0.00984	0.01117	0.08792	0.02916	0.65119	0.03354	0.04280	0.00767	0.00232	0.00356	0.06190	0.00524	0.00498
26	0.02041	0.01472	0.01580	0.01219	0.01641	0.01622	0.01004	0.69040	0.02490	0.04735	0.01377	0.01388	0.00981	0.00664	0.00543	0.00164	0.00584	0.00501	0.06040	0.00914
27	0.00712	0.00517	0.00687	0.00790	0.00849	0.00498	0.00561	0.00836	0.01075	0.01424	0.03033	0.56875	0.08611	0.04211	0.08297	0.00299	0.00458	0.09319	0.00487	0.00459
28	0.01148	0.00984	0.01148	0.00820	0.01312	0.00738	0.00656	0.01395	0.01148	0.01805	0.00984	0.01148	0.00820	0.00410	0.00410	0.00082	0.00410	0.00328	0.00328	0.83922
29	0.01353	0.00944	0.01147	0.00868	0.01314	0.00742	0.00706	0.01595	0.01236	0.14794	0.01380	0.01769	0.01144	0.00566	0.00470	0.00114	0.00430	0.07447	0.00407	0.61574
30	0.01879	0.01287	0.01426	0.01138	0.01513	0.01390	0.00935	0.51130	0.04745	0.10325	0.07010	0.01979	0.01494	0.00759	0.00566	0.00172	0.00538	0.05357	0.05500	0.00856
31	0.01823	0.02232	0.08969	0.01480	0.05035	0.45740	0.01182	0.12609	0.03478	0.01748	0.01085	0.01231	0.02629	0.00637	0.00635	0.00161	0.07862	0.00426	0.00327	0.00711
32	0.01879	0.03735	0.03469	0.00977	0.01354	0.03497	0.00815	0.07374	0.02732	0.41187	0.10637	0.06820	0.01857	0.00777	0.00558	0.00165	0.00474	0.02240	0.00574	0.08876
33	0.01374	0.01153	0.01230	0.01106	0.01403	0.01318	0.00857	0.09162	0.62273	0.02334	0.02249	0.09573	0.01815	0.00839	0.00577	0.00190	0.00442	0.00707	0.00558	0.00841
34	0.01486	0.00988	0.01137	0.00985	0.01256	0.01025	0.00767	0.27254	0.07888	0.12664	0.07320	0.25094	0.07609	0.01073	0.00614	0.00188	0.00445	0.00914	0.00562	0.00730
35	0.01328	0.01307	0.14218	0.01358	0.01794	0.00982	0.18981	0.01739	0.04824	0.15113	0.08754	0.08120	0.01772	0.00854	0.02488	0.00196	0.00630	0.06318	0.00429	0.08795
36	0.01805	0.17491	0.01553	0.00961	0.01345	0.01164	0.00811	0.09417	0.05526	0.32741	0.09040	0.06659	0.01686	0.00732	0.00523	0.00158	0.00474	0.00591	0.00529	0.06793
37	0.00698	0.00567	0.00622	0.00621	0.00792	0.00491	0.00474	0.00872	0.01329	0.01664	0.20842	0.05132	0.56485	0.01352	0.00662	0.00189	0.00292	0.05899	0.00535	0.00482
38	0.00693	0.00559	0.00604	0.00598	0.00756	0.00484	0.00438	0.00848	0.01290	0.01617	0.20324	0.06620	0.54697	0.07049	0.00811	0.00210	0.00296	0.01116	0.00522	0.00469
39	0.08448	0.32269	0.38514	0.01255	0.01876	0.04410	0.01451	0.03135	0.01175	0.01665	0.00891	0.01037	0.00701	0.00510	0.00445	0.00152	0.00702	0.00357	0.00252	0.00755
40	0.01261	0.00899	0.01157	0.26789	0.01934	0.01026	0.00924	0.16499	0.01432	0.02125	0.01412	0.01700	0.01080	0.00626	0.00508	0.00158	0.02253	0.00504	0.37074	0.00638
41	0.01361	0.01171	0.01240	0.01123	0.01430	0.01353	0.00877	0.02882	0.73556	0.02295	0.02277	0.02207	0.01741	0.00778	0.00570	0.00190	0.00441	0.03081	0.00562	0.00864
42	0.00873	0.00607	0.00864	0.12703	0.01334	0.00612	0.00725	0.01038	0.01135	0.06472	0.03659	0.52864	0.04866	0.01450	0.00678	0.00217	0.00412	0.08492	0.00486	0.00515
43	0.01481	0.80869	0.02902	0.00948	0.01421	0.02191	0.00948	0.01658	0.01125	0.01303	0.00770	0.00888	0.00711	0.00474	0.00355	0.00118	0.00592	0.00296	0.00237	0.00711
44	0.00794	0.00601	0.00737	0.00697	0.00848	0.00561	0.00524	0.01108	0.05764	0.02096	0.59713	0.04234	0.17929	0.01159	0.00648	0.00177	0.00275	0.01010	0.00590	0.00533
45	0.02076	0.01653	0.01654	0.01295	0.01709	0.09549	0.01059	0.65623	0.02447	0.03209	0.01264	0.01292	0.00912	0.00664	0.00585	0.00166	0.02940	0.00484	0.00518	0.00901
46	0.01198	0.21284	0.60013	0.01430	0.02167	0.01500	0.01787	0.01731	0.01159	0.01647	0.00941	0.01103	0.00704	0.00514	0.00486	0.00162	0.00765	0.00383	0.00235	0.00793
47	0.01985	0.01332	0.01486	0.01155	0.01561	0.01418	0.00946	0.53849	0.02280	0.14398	0.08145	0.03311	0.01438	0.00724	0.00562	0.00166	0.00545	0.00569	0.00571	0.03559
48	0.00784	0.00566	0.00740	0.00697	0.00827	0.00523	0.00523	0.01045	0.01568	0.02221	0.76789	0.04137	0.05226	0.01132	0.00653	0.00174	0.00261	0.01002	0.00610	0.00523
49	0.01046	0.00984	0.01661	0.79205	0.03814	0.01230	0.01538	0.01415	0.01107	0.01415	0.00984	0.01477	0.00738	0.00554	0.00554	0.00185	0.00738	0.00492	0.00246	0.00615
50	0.01316	0.01287	0.02065	0.23141	0.54608	0.04674	0.01630	0.01648	0.01234	0.01686	0.01019	0.01382	0.00834	0.00513	0.00548	0.00169	0.00694	0.00487	0.00267	0.00798
51	0.02236	0.00946	0.01247	0.00976	0.01368	0.00856	0.00798	0.06952	0.04168	0.62079	0.10390	0.02106	0.01782	0.00736	0.00568	0.00172	0.00455	0.00605	0.00665	0.00894
52	0.02231	0.00978	0.01267	0.00997	0.01393	0.00904	0.00814	0.07166	0.08870	0.60110	0.07508	0.02030	0.01652	0.00723	0.00564	0.00173	0.00462	0.00592	0.00660	0.00906
53	0.00791	0.00593	0.00890	0.00890	0.00989	0.00692	0.00692	0.00989	0.00890	0.01286	0.01483	0.02176	0.01385	0.04154	0.78341	0.00890	0.01483	0.00593	0.00297	0.00494
54	0.01200	0.00827	0.00914	0.00813	0.00999	0.00886	0.00626	0.19549	0.01468	0.02127	0.02257	0.09779	0.12143	0.07915	0.02537	0.00215	0.05640	0.00728	0.28779	0.00599
55	0.00996	0.00612	0.00789	0.00718	0.00881	0.00557	0.00540	0.01224	0.01495	0.11765	0.57094	0.03889	0.09229	0.06809	0.00797	0.00201	0.00309	0.00941	0.00593	0.00559
56	0.00681	0.00498	0.00628	0.00727	0.00781	0.00459	0.00487	0.00777	0.01072	0.01402	0.03344	0.63389	0.14571	0.07358	0.00851	0.00242	0.00331	0.01458	0.00501	0.00444
57	0.09643	0.01041	0.01321	0.08583	0.01647	0.01024	0.00894	0.12764	0.02752	0.50073	0.03394	0.01728	0.01265	0.00665	0.00539	0.00172	0.00508	0.00530	0.00590	0.00870
58	0.04987	0.01720	0.01506	0.01342	0.04916	0.23742	0.01014	0.26184	0.21916	0.04942	0.01436	0.01436	0.01076	0.00648	0.00533	0.00166	0.00667	0.00486	0.00463	0.00822
59	0.01391	0.01363	0.02199	0.05747	0.71420	0.04694	0.01667	0.01713	0.01270	0.01777	0.01032	0.01358	0.00866	0.00499	0.00546	0.00164	0.00675	0.00487	0.00274	0.00859
60	0.00782	0.00530	0.00619	0.00638	0.00652	0.00521	0.00378	0.00815	0.00898	0.01206	0.06851	0.16590	0.02501	0.62055	0.02321	0.00461	0.00483	0.00948	0.00384	0.00367
61	0.01107	0.00946	0.01157	0.06003	0.01446	0.00766	0.00718	0.01357	0.01121	0.01729	0.01033	0.01270	0.00870	0.00783	0.07975	0.00167	0.00536	0.00365	0.00320	0.70333
62	0.00684	0.00495	0.00647	0.00750	0.00802	0.00458	0.00509	0.00799	0.01123	0.01497	0.10370	0.67861	0.08648	0.01655	0.00698	0.00217	0.00313	0.01492	0.00523	0.00458
63	0.01436	0.01571	0.02930	0.02133	0.02640	0.06979	0.59754	0.08911	0.01434	0.01894	0.01107	0.01432	0.00837	0.00513	0.00677	0.00184	0.03900	0.00611	0.00306	0.00753
64	0.01888	0.01417	0.01591	0.08806	0.01869	0.01580	0.01082	0.60045	0.05108	0.03113	0.01446	0.01725	0.01112	0.00720	0.00570	0.00175	0.00608	0.05747	0.00521	0.00877
65	0.00680	0.00484	0.00641	0.00764	0.00795	0.00453	0.00507	0.00773	0.01050	0.01400	0.02998	0.76974	0.03594	0.05030	0.00795	0.00238	0.00330	0.01542	0.00507	0.00445

[dist]
# distance from previous block
# <min> <max>
0	30

[block]
# block no. 8 follows, 43 sequences, length 52
# corresponding to MSA columns:
# 387-438
name=unknown_I
#
# <colnr> <probs for GDERKNQSTAVLIFYWHMCP>
#	G	D	E	R	K	N	Q	S	T	A	V	L	I	F	Y	W	H	M	C	P
0	0.02085	0.01541	0.01650	0.01270	0.01710	0.01708	0.01048	0.73167	0.04706	0.03457	0.01356	0.01351	0.00963	0.00667	0.00554	0.00167	0.00605	0.00502	0.00554	0.00940
1	0.00702	0.00602	0.00618	0.00586	0.00803	0.00494	0.00443	0.00853	0.01251	0.01526	0.05164	0.04927	0.69522	0.01307	0.00631	0.00177	0.00293	0.01088	0.00496	0.08518
2	0.01318	0.01268	0.02216	0.03067	0.62597	0.01259	0.08699	0.01654	0.01267	0.01791	0.01232	0.01853	0.01097	0.00591	0.00579	0.00175	0.00670	0.07540	0.00297	0.00829
3	0.01005	0.00980	0.01753	0.01439	0.01645	0.01034	0.25965	0.01233	0.01103	0.01526	0.03111	0.34250	0.02088	0.02739	0.00961	0.00221	0.16977	0.01010	0.00376	0.00582
4	0.01046	0.00984	0.01661	0.79205	0.03814	0.01230	0.01538	0.01415	0.01107	0.01415	0.00984	0.01477	0.00738	0.00554	0.00554	0.00185	0.00738	0.00492	0.00246	0.00615
5	0.01491	0.01119	0.01206	0.01064	0.01372	0.03289	0.00831	0.02664	0.54264	0.13433	0.10940	0.02253	0.02031	0.00781	0.00571	0.00183	0.00438	0.00653	0.00579	0.00839
6	0.01078	0.01020	0.08339	0.01020	0.04274	0.02411	0.00816	0.01620	0.19177	0.07245	0.06616	0.19519	0.20799	0.01117	0.00619	0.00192	0.00427	0.02558	0.00501	0.00654
7	0.00672	0.00547	0.00595	0.00614	0.00767	0.00470	0.00449	0.00817	0.01258	0.01558	0.12710	0.18846	0.55901	0.01434	0.00664	0.00193	0.00286	0.01225	0.00524	0.00470
8	0.00675	0.00482	0.00643	0.00771	0.00803	0.00450	0.00514	0.00771	0.01060	0.01414	0.03053	0.80175	0.03663	0.01735	0.00707	0.00225	0.00321	0.01574	0.00514	0.00450
