[name]
unknown

[dist]
# distance from previous block
# <min> <max>
6	70

[block]
# block no. 0 follows, 46 sequences, length 11
# corresponding to MSA columns:
# 75-85
name=unknown_A
#
# <colnr> <probs for GDERKNQSTAVLIFYWHMCP>
#	G	D	E	R	K	N	Q	S	T	A	V	L	I	F	Y	W	H	M	C	P
0	0.00961	0.02990	0.04237	0.00743	0.00889	0.00652	0.00553	0.05337	0.01056	0.06717	0.02172	0.23314	0.08222	0.30339	0.01415	0.04023	0.00443	0.00889	0.00403	0.04644
1	0.07240	0.00588	0.00766	0.00738	0.00800	0.00611	0.00516	0.07180	0.00882	0.01264	0.01089	0.07678	0.01091	0.01621	0.01699	0.64646	0.00454	0.00529	0.00282	0.00327
2	0.45663	0.00890	0.00887	0.00876	0.05781	0.00971	0.00619	0.05004	0.00951	0.01913	0.00897	0.01274	0.00791	0.06418	0.00918	0.19644	0.00449	0.00382	0.00309	0.05363
3	0.00975	0.00709	0.00964	0.18147	0.01461	0.03778	0.00765	0.03901	0.00961	0.01240	0.01382	0.06383	0.03379	0.04305	0.06764	0.36835	0.00594	0.06755	0.00294	0.00407
4	0.13464	0.04031	0.01312	0.02968	0.08095	0.26052	0.02307	0.04584	0.02758	0.05426	0.01147	0.04726	0.01036	0.11653	0.00769	0.00196	0.00641	0.00475	0.00330	0.08030
5	0.12607	0.00826	0.01025	0.00861	0.01113	0.00794	0.05811	0.04883	0.03700	0.05006	0.01488	0.13681	0.01473	0.16788	0.04454	0.03372	0.00500	0.00643	0.00369	0.20605
6	0.05971	0.00947	0.04979	0.09615	0.01402	0.00860	0.00760	0.11762	0.01225	0.04746	0.01597	0.14126	0.03892	0.15146	0.00895	0.00215	0.00481	0.00656	0.00379	0.20345
7	0.13004	0.05180	0.03455	0.02630	0.04321	0.05178	0.04100	0.07812	0.01163	0.01756	0.01308	0.11924	0.01276	0.04326	0.00741	0.01595	0.08895	0.04232	0.02582	0.14523
8	0.12658	0.05827	0.01552	0.19725	0.05790	0.04272	0.07600	0.11510	0.04424	0.05200	0.01356	0.07199	0.03968	0.00663	0.00558	0.00169	0.03922	0.00547	0.00353	0.02709
9	0.13802	0.03963	0.01444	0.17800	0.10378	0.04448	0.07250	0.08105	0.01174	0.01710	0.01358	0.09725	0.03476	0.10294	0.00801	0.00212	0.02526	0.00604	0.00326	0.00604
10	0.03432	0.06804	0.06844	0.27639	0.05263	0.04369	0.06784	0.07752	0.05857	0.01695	0.01250	0.06077	0.02785	0.00602	0.00508	0.00158	0.00614	0.00519	0.00314	0.10735

[dist]
# distance from previous block
# <min> <max>
7	32

[block]
# block no. 1 follows, 46 sequences, length 41
# corresponding to MSA columns:
# 118-158
name=unknown_B
#
# <colnr> <probs for GDERKNQSTAVLIFYWHMCP>
#	G	D	E	R	K	N	Q	S	T	A	V	L	I	F	Y	W	H	M	C	P
0	0.13575	0.15468	0.01625	0.01131	0.04824	0.01520	0.00915	0.40578	0.01811	0.04236	0.01280	0.01446	0.03208	0.00623	0.00474	0.00153	0.00536	0.03363	0.00430	0.02804
1	0.09360	0.09458	0.11042	0.05226	0.03743	0.11935	0.05131	0.24238	0.01586	0.03812	0.02917	0.01455	0.05573	0.00608	0.00492	0.00156	0.00630	0.00469	0.01446	0.00725
2	0.10046	0.04984	0.01388	0.01098	0.04413	0.01286	0.00862	0.36153	0.02866	0.08091	0.07895	0.03857	0.01307	0.00656	0.00529	0.00152	0.02674	0.00506	0.00463	0.10774
3	0.07361	0.09221	0.02916	0.03253	0.01265	0.01057	0.00754	0.19372	0.01531	0.10910	0.16484	0.06959	0.07640	0.03203	0.00585	0.00168	0.00442	0.00649	0.00468	0.05761
4	0.25036	0.11534	0.18949	0.02214	0.01444	0.04276	0.01001	0.07962	0.01192	0.01940	0.08573	0.01403	0.01163	0.00925	0.08707	0.00228	0.00644	0.00427	0.00325	0.02057
5	0.03047	0.01139	0.06164	0.03516	0.01591	0.01045	0.10598	0.17061	0.06359	0.23466	0.06675	0.05749	0.01447	0.02516	0.00679	0.04755	0.00539	0.00596	0.00476	0.02583
6	0.10952	0.01416	0.07753	0.12807	0.04238	0.06517	0.07675	0.19639	0.16409	0.05469	0.01288	0.01386	0.00949	0.00582	0.00511	0.00167	0.00612	0.00477	0.00398	0.00758
7	0.33774	0.07499	0.01296	0.06952	0.09441	0.01239	0.00850	0.07576	0.10583	0.03723	0.03104	0.01243	0.00929	0.00537	0.00424	0.00153	0.00476	0.00398	0.00360	0.09445
8	0.44703	0.01037	0.05316	0.04162	0.03790	0.01042	0.00743	0.06162	0.01125	0.08705	0.09043	0.01484	0.01210	0.03665	0.00607	0.05334	0.00454	0.00438	0.00376	0.00604
9	0.14527	0.01027	0.04052	0.06854	0.05313	0.00985	0.00846	0.11745	0.03353	0.22727	0.01319	0.01471	0.00977	0.03246	0.00751	0.11079	0.00498	0.00453	0.00421	0.08356
10	0.46348	0.01016	0.03830	0.00834	0.01167	0.01011	0.03185	0.05108	0.01075	0.06533	0.01225	0.13496	0.01125	0.00675	0.00428	0.00161	0.00432	0.00518	0.00374	0.11461
11	0.04515	0.00581	0.00776	0.02484	0.00891	0.00626	0.00568	0.00927	0.00883	0.03633	0.01780	0.15502	0.05265	0.15494	0.23532	0.15760	0.03899	0.02126	0.00338	0.00419
12	0.06561	0.13984	0.16109	0.37618	0.02654	0.01349	0.06897	0.01472	0.01058	0.01475	0.00895	0.01225	0.00696	0.00541	0.00564	0.01496	0.04102	0.00425	0.00240	0.00640
13	0.10597	0.00590	0.00636	0.00616	0.00677	0.00601	0.00381	0.00956	0.00834	0.05395	0.01630	0.06131	0.01795	0.64547	0.02221	0.00442	0.00489	0.00729	0.00346	0.00385
14	0.01056	0.00896	0.01053	0.00779	0.01209	0.00680	0.00614	0.01278	0.01089	0.01689	0.01117	0.08297	0.01027	0.00505	0.00417	0.00091	0.00384	0.00420	0.00329	0.77069
15	0.00678	0.00484	0.00618	0.00697	0.00743	0.00454	0.00467	0.00777	0.01041	0.01391	0.11035	0.55316	0.07232	0.14017	0.00982	0.00255	0.00334	0.02585	0.00474	0.00422
16	0.01274	0.01334	0.07073	0.07380	0.64557	0.01254	0.03398	0.01653	0.03789	0.01718	0.01030	0.01327	0.00845	0.00484	0.00525	0.00160	0.00641	0.00474	0.00267	0.00817
17	0.01515	0.01280	0.02585	0.01862	0.02364	0.01177	0.55083	0.01894	0.01307	0.20341	0.01311	0.01504	0.00924	0.00494	0.00593	0.00171	0.00766	0.00590	0.00363	0.03875
18	0.15161	0.00909	0.01146	0.00900	0.01287	0.00837	0.00742	0.02370	0.01398	0.64405	0.01857	0.01662	0.01195	0.00727	0.02826	0.00184	0.00472	0.00495	0.00593	0.00836
19	0.01020	0.00627	0.00812	0.00781	0.00939	0.00592	0.00598	0.03565	0.03640	0.12808	0.34761	0.22058	0.05432	0.01179	0.00629	0.00186	0.00333	0.08925	0.00555	0.00560
20	0.01306	0.01050	0.01124	0.01007	0.01297	0.01179	0.00784	0.02559	0.63320	0.07089	0.04468	0.02298	0.08624	0.00779	0.00548	0.00178	0.00402	0.00650	0.00542	0.00796
21	0.02274	0.01057	0.01324	0.01015	0.01428	0.01010	0.00839	0.22541	0.01776	0.58153	0.01865	0.01656	0.01198	0.00649	0.00531	0.00162	0.00486	0.00517	0.00620	0.00900
22	0.37966	0.01031	0.01082	0.00872	0.01248	0.01069	0.00720	0.12053	0.01380	0.35615	0.01395	0.01323	0.00937	0.00581	0.00443	0.00163	0.00450	0.00419	0.00497	0.00759
23	0.10548	0.01215	0.01299	0.01033	0.01397	0.01321	0.00844	0.44783	0.07730	0.11781	0.03984	0.01497	0.01147	0.00641	0.00497	0.00158	0.00493	0.00490	0.08331	0.00809
24	0.00644	0.00460	0.00613	0.00736	0.00767	0.00429	0.00491	0.00736	0.01012	0.01350	0.02914	0.81076	0.03497	0.01656	0.00675	0.00215	0.00307	0.01503	0.00491	0.00429
25	0.01865	0.01026	0.01228	0.00997	0.01350	0.01041	0.00804	0.15006	0.22064	0.37624	0.09458	0.01969	0.01685	0.00710	0.00542	0.00167	0.00444	0.00582	0.00594	0.00843
26	0.05362	0.00546	0.00668	0.00726	0.00798	0.00534	0.00491	0.00954	0.03551	0.05296	0.04149	0.54744	0.02920	0.15508	0.00997	0.00259	0.00358	0.01217	0.00464	0.00457
27	0.01332	0.00990	0.01102	0.00989	0.01258	0.01089	0.00765	0.05487	0.49603	0.10725	0.09022	0.11526	0.02078	0.00851	0.00561	0.00180	0.00400	0.00725	0.00549	0.00767
28	0.85155	0.01022	0.00777	0.00695	0.01022	0.01186	0.00573	0.01554	0.00900	0.02372	0.00736	0.00859	0.00573	0.00491	0.00327	0.00164	0.00409	0.00286	0.00327	0.00573
29	0.01413	0.81739	0.02770	0.00905	0.01357	0.02092	0.00905	0.01583	0.01074	0.01244	0.00735	0.00848	0.00678	0.00452	0.00339	0.00113	0.00565	0.00283	0.00226	0.00678
30	0.03504	0.01003	0.01087	0.01000	0.01261	0.01128	0.00767	0.02410	0.57569	0.06744	0.02239	0.15358	0.01887	0.00867	0.00555	0.00184	0.00401	0.00739	0.00531	0.00764
31	0.00711	0.00534	0.00599	0.00618	0.00766	0.00462	0.00454	0.00848	0.01189	0.04505	0.09008	0.22964	0.50951	0.01374	0.00635	0.00187	0.00288	0.02938	0.00503	0.00464
32	0.02372	0.00900	0.01227	0.00941	0.01350	0.00777	0.00777	0.02576	0.01513	0.78489	0.02086	0.01799	0.01309	0.00654	0.00532	0.00164	0.00450	0.00532	0.00654	0.00900
33	0.01336	0.01482	0.03153	0.02270	0.02806	0.01382	0.75161	0.01751	0.01303	0.01775	0.01159	0.01547	0.00888	0.00507	0.00661	0.00195	0.00916	0.00651	0.00299	0.00758
34	0.05425	0.00596	0.00751	0.00748	0.00841	0.00602	0.00537	0.01019	0.01132	0.06801	0.23824	0.33463	0.03217	0.12286	0.00978	0.00237	0.05536	0.01046	0.00479	0.00484
35	0.01129	0.00940	0.01314	0.34635	0.02215	0.01101	0.01061	0.16629	0.01349	0.01800	0.07027	0.15181	0.02681	0.03215	0.00725	0.00193	0.07129	0.00700	0.00370	0.00608
36	0.09091	0.20492	0.09443	0.05655	0.01662	0.04012	0.08849	0.06568	0.09163	0.07290	0.01437	0.05760	0.04900	0.00645	0.00518	0.00160	0.02789	0.00519	0.00353	0.00694
37	0.01173	0.01036	0.01586	0.65195	0.03257	0.01262	0.01383	0.14080	0.01295	0.01685	0.00991	0.01381	0.00737	0.00554	0.00552	0.00174	0.02261	0.00471	0.00285	0.00640
38	0.00865	0.00621	0.00949	0.00845	0.00973	0.00591	0.08415	0.00887	0.00906	0.01211	0.01915	0.08342	0.13477	0.08470	0.10638	0.33469	0.00575	0.00689	0.00314	0.05846
39	0.03412	0.00867	0.01157	0.13318	0.11868	0.02949	0.00878	0.03060	0.07454	0.11819	0.15092	0.14461	0.07235	0.03299	0.00632	0.00185	0.00459	0.00775	0.00447	0.00633
40	0.09445	0.11676	0.01830	0.09351	0.29963	0.09229	0.03197	0.03968	0.01261	0.11069	0.03448	0.01324	0.00951	0.00529	0.00484	0.00153	0.00612	0.00442	0.00328	0.00741

[dist]
# distance from previous block
# <min> <max>
1	108

[block]
# block no. 2 follows, 46 sequences, length 52
# corresponding to MSA columns:
# 273-316,324-331
name=unknown_C
#
# <colnr> <probs for GDERKNQSTAVLIFYWHMCP>
#	G	D	E	R	K	N	Q	S	T	A	V	L	I	F	Y	W	H	M	C	P
0	0.02433	0.07724	0.09965	0.09013	0.01415	0.00863	0.00852	0.01309	0.04916	0.06049	0.08261	0.15283	0.13089	0.02485	0.00595	0.00177	0.00454	0.06066	0.00407	0.08644
1	0.03868	0.02261	0.10734	0.00943	0.03898	0.04085	0.00782	0.01132	0.02462	0.03218	0.09891	0.23550	0.16016	0.02525	0.00700	0.03787	0.00436	0.08753	0.00428	0.00529
2	0.18873	0.05981	0.04693	0.01057	0.01413	0.01133	0.10111	0.12434	0.06852	0.03848	0.01117	0.01400	0.00910	0.02555	0.00733	0.11850	0.00529	0.01885	0.00350	0.12274
3	0.01595	0.10909	0.01526	0.05545	0.05753	0.07359	0.00936	0.17564	0.07269	0.15258	0.05428	0.01751	0.04045	0.02546	0.00694	0.01993	0.06965	0.01707	0.00429	0.00728
4	0.00913	0.00858	0.04292	0.00913	0.01128	0.03468	0.06694	0.02747	0.04439	0.02822	0.05410	0.29128	0.17806	0.04919	0.00732	0.00195	0.02956	0.00977	0.00428	0.09172
5	0.00779	0.00501	0.00638	0.00700	0.00754	0.00470	0.00465	0.00858	0.01002	0.05598	0.04175	0.52682	0.06283	0.17824	0.01104	0.02338	0.00357	0.01229	0.01811	0.00432
6	0.01353	0.03927	0.01244	0.01027	0.02436	0.01111	0.00804	0.30282	0.01556	0.02128	0.01511	0.15758	0.01456	0.00997	0.00825	0.10404	0.06903	0.04756	0.02245	0.09277
7	0.01659	0.22376	0.18641	0.01228	0.01698	0.18344	0.04408	0.06622	0.01347	0.15646	0.01094	0.01161	0.00812	0.00541	0.00492	0.00147	0.02313	0.00395	0.00335	0.00740
8	0.01073	0.01046	0.01453	0.01264	0.01288	0.01426	0.01045	0.01197	0.00845	0.01280	0.01143	0.01567	0.06962	0.01271	0.09621	0.00291	0.65887	0.00526	0.00258	0.00557
9	0.01440	0.77937	0.02709	0.00927	0.01370	0.05798	0.00910	0.01608	0.01095	0.01246	0.00739	0.00853	0.00679	0.00457	0.00346	0.00114	0.00584	0.00285	0.00228	0.00675
10	0.01069	0.00608	0.00827	0.00789	0.00850	0.00566	0.00536	0.00857	0.00820	0.01133	0.01050	0.01723	0.01024	0.01747	0.01917	0.74237	0.00496	0.00485	0.00284	0.08982
11	0.00722	0.00554	0.00753	0.00770	0.00879	0.00500	0.03175	0.00865	0.01109	0.01505	0.13465	0.52279	0.08631	0.03040	0.00682	0.00200	0.00331	0.02845	0.00478	0.07216
12	0.00998	0.00940	0.01586	0.80150	0.03641	0.01175	0.01468	0.01351	0.01057	0.01351	0.00940	0.01409	0.00705	0.00529	0.00529	0.00176	0.00705	0.00470	0.00235	0.00587
13	0.06969	0.01069	0.01283	0.01006	0.01402	0.01060	0.00825	0.20024	0.09485	0.48435	0.01821	0.01637	0.01200	0.00647	0.00520	0.00164	0.00475	0.00511	0.00594	0.00874
14	0.00874	0.00531	0.00695	0.00737	0.00836	0.00484	0.00518	0.00999	0.01139	0.11135	0.11364	0.55701	0.08638	0.02850	0.00683	0.00206	0.00319	0.01279	0.00519	0.00496
15	0.00998	0.00940	0.01586	0.80150	0.03641	0.01175	0.01468	0.01351	0.01057	0.01351	0.00940	0.01409	0.00705	0.00529	0.00529	0.00176	0.00705	0.00470	0.00235	0.00587
16	0.00825	0.00600	0.00814	0.00921	0.01049	0.00589	0.00798	0.01055	0.01216	0.01564	0.03107	0.05858	0.12070	0.01446	0.00717	0.00236	0.00460	0.65708	0.00487	0.00482
17	0.05549	0.00957	0.01165	0.00942	0.01290	0.00938	0.00757	0.08374	0.16105	0.46102	0.04746	0.01971	0.02671	0.05182	0.00649	0.00186	0.00446	0.00567	0.00584	0.00819
18	0.10543	0.01427	0.01496	0.01160	0.01571	0.01586	0.00957	0.67217	0.03799	0.03211	0.01232	0.01241	0.00880	0.00621	0.00508	0.00160	0.00561	0.00459	0.00508	0.00864
19	0.00756	0.00562	0.00828	0.00828	0.00914	0.00649	0.00633	0.00930	0.00843	0.01211	0.01436	0.02188	0.01370	0.10188	0.73169	0.00823	0.01343	0.00583	0.00286	0.00460
20	0.85155	0.01022	0.00777	0.00695	0.01022	0.01186	0.00573	0.01554	0.00900	0.02372	0.00736	0.00859	0.00573	0.00491	0.00327	0.00164	0.00409	0.00286	0.00327	0.00573
21	0.00762	0.00510	0.00579	0.00585	0.00587	0.00508	0.00330	0.00767	0.00782	0.01043	0.01734	0.07695	0.02008	0.77068	0.02581	0.00496	0.00501	0.00809	0.00330	0.00326
22	0.00748	0.00549	0.00689	0.00770	0.00836	0.00538	0.00528	0.04415	0.05320	0.01484	0.02810	0.69551	0.04658	0.03506	0.00709	0.00217	0.00330	0.01379	0.00491	0.00472
23	0.00704	0.00470	0.00610	0.00696	0.00729	0.00445	0.00460	0.00756	0.00959	0.01293	0.02579	0.57220	0.05558	0.10250	0.01042	0.10172	0.00343	0.01243	0.04074	0.00397
24	0.00755	0.00566	0.00850	0.00850	0.00944	0.00661	0.00661	0.00944	0.00850	0.01227	0.01416	0.02077	0.01322	0.03965	0.79326	0.00850	0.01416	0.00566	0.00283	0.00472
25	0.85155	0.01022	0.00777	0.00695	0.01022	0.01186	0.00573	0.01554	0.00900	0.02372	0.00736	0.00859	0.00573	0.00491	0.00327	0.00164	0.00409	0.00286	0.00327	0.00573
26	0.01096	0.00940	0.01096	0.00783	0.01253	0.00705	0.00626	0.01331	0.01096	0.01723	0.00940	0.01096	0.00783	0.00392	0.00392	0.00078	0.00392	0.00313	0.00313	0.84653
27	0.63077	0.00887	0.00741	0.00690	0.00954	0.01013	0.00552	0.01408	0.00926	0.02158	0.01064	0.07378	0.00943	0.00874	0.06706	0.00219	0.00465	0.00426	0.08974	0.00545
28	0.01799	0.01436	0.01827	0.01387	0.01818	0.01551	0.14759	0.55181	0.09880	0.02917	0.01323	0.01370	0.00954	0.00608	0.00547	0.00164	0.00622	0.00515	0.00482	0.00859
29	0.00825	0.00676	0.01071	0.00983	0.01099	0.00779	0.06563	0.01018	0.00873	0.01256	0.01347	0.02033	0.01266	0.07829	0.62865	0.00730	0.07441	0.00574	0.00280	0.00490
30	0.01791	0.00790	0.01072	0.00885	0.01179	0.00726	0.00714	0.04653	0.01399	0.47979	0.12125	0.02263	0.01834	0.01181	0.08775	0.07023	0.00529	0.03791	0.00560	0.00730
31	0.00918	0.00459	0.00689	0.00689	0.00689	0.00459	0.00459	0.00689	0.00689	0.00918	0.00918	0.01607	0.00918	0.01837	0.02066	0.84619	0.00459	0.00459	0.00230	0.00230
32	0.00755	0.00566	0.00850	0.00850	0.00944	0.00661	0.00661	0.00944	0.00850	0.01227	0.01416	0.02077	0.01322	0.03965	0.79326	0.00850	0.01416	0.00566	0.00283	0.00472
33	0.08149	0.01650	0.08396	0.01891	0.06433	0.12652	0.42900	0.08161	0.01350	0.01831	0.01010	0.01268	0.00766	0.00486	0.00556	0.00167	0.00812	0.00516	0.00292	0.00715
34	0.00901	0.00582	0.00766	0.00757	0.00852	0.00609	0.00544	0.01085	0.04246	0.07500	0.04533	0.15975	0.01994	0.23441	0.30598	0.00521	0.00788	0.00790	0.03042	0.00476
35	0.00644	0.00460	0.00613	0.00736	0.00767	0.00429	0.00491	0.00736	0.01012	0.01350	0.02914	0.81076	0.03497	0.01656	0.00675	0.00215	0.00307	0.01503	0.00491	0.00429
36	0.01481	0.73157	0.04652	0.00923	0.01381	0.01963	0.00922	0.01665	0.01111	0.07461	0.00849	0.00932	0.00729	0.00470	0.00359	0.00119	0.00562	0.00306	0.00260	0.00699
37	0.01077	0.01015	0.01668	0.24380	0.08445	0.01225	0.10357	0.01284	0.00956	0.01337	0.00936	0.01477	0.00833	0.05387	0.04014	0.07807	0.26479	0.00506	0.00246	0.00569
38	0.01250	0.00771	0.00857	0.00759	0.00956	0.00804	0.00584	0.19296	0.02998	0.06697	0.05256	0.10119	0.01672	0.06308	0.03980	0.00204	0.00417	0.00640	0.35830	0.00603
39	0.00771	0.00546	0.00737	0.00844	0.00919	0.00536	0.00663	0.00933	0.01092	0.01434	0.02699	0.31299	0.03060	0.11354	0.00952	0.00267	0.00428	0.40552	0.00468	0.00447
40	0.01142	0.00938	0.01101	0.00789	0.01256	0.00707	0.00632	0.01376	0.01111	0.04504	0.00981	0.01122	0.00802	0.00401	0.00397	0.00081	0.00394	0.00321	0.00326	0.81619
41	0.02750	0.01078	0.01699	0.02244	0.44596	0.01092	0.02932	0.01683	0.07370	0.09187	0.15120	0.01877	0.01687	0.00636	0.00589	0.00165	0.03576	0.00575	0.00380	0.00765
42	0.01219	0.01237	0.02264	0.08424	0.22139	0.01184	0.32709	0.01640	0.05238	0.01708	0.01073	0.01362	0.00843	0.00463	0.00542	0.00154	0.00690	0.00513	0.00286	0.16312
43	0.01576	0.01445	0.01331	0.01155	0.01476	0.14657	0.00904	0.18452	0.48285	0.02295	0.01735	0.01648	0.01302	0.00670	0.00526	0.00168	0.00544	0.00528	0.00491	0.00812
44	0.01138	0.00687	0.00857	0.00796	0.00972	0.00668	0.00595	0.01497	0.12348	0.16561	0.23062	0.18289	0.02937	0.11479	0.00872	0.00224	0.00371	0.04026	0.00529	0.02093
45	0.04073	0.01262	0.13040	0.06477	0.05763	0.01037	0.12492	0.01796	0.14677	0.10322	0.08787	0.03289	0.03396	0.00675	0.00546	0.00168	0.00557	0.03780	0.00403	0.07462
46	0.01844	0.02251	0.01480	0.01333	0.01589	0.63671	0.01014	0.03689	0.08973	0.01426	0.00949	0.01078	0.00779	0.00594	0.00585	0.00149	0.07279	0.00379	0.00301	0.00638
47	0.00681	0.00490	0.00601	0.00662	0.00714	0.00458	0.00436	0.00769	0.01018	0.01343	0.09060	0.44655	0.13794	0.21438	0.01166	0.00280	0.00348	0.01220	0.00456	0.00410
48	0.01088	0.00796	0.00947	0.00905	0.01084	0.00821	0.00708	0.22565	0.01537	0.02049	0.10169	0.30982	0.06758	0.01247	0.00636	0.00198	0.00414	0.16002	0.00510	0.00584
49	0.05745	0.00762	0.00879	0.00846	0.01034	0.00780	0.00651	0.10846	0.10284	0.06890	0.07683	0.28609	0.12118	0.01184	0.00608	0.00193	0.00382	0.09410	0.00508	0.00589
50	0.01308	0.01256	0.02146	0.03245	0.78123	0.01256	0.01622	0.01622	0.01204	0.01727	0.00994	0.01308	0.00837	0.00471	0.00523	0.00157	0.00628	0.00471	0.00262	0.00837
51	0.00743	0.00540	0.00699	0.00660	0.00787	0.00497	0.00495	0.00987	0.01484	0.02091	0.74759	0.03997	0.08092	0.01092	0.00624	0.00167	0.00250	0.00963	0.00578	0.00497

[dist]
# distance from previous block
# <min> <max>
0	1

[block]
# block no. 3 follows, 46 sequences, length 58
# corresponding to MSA columns:
# 333-390
name=unknown_D
#
# <colnr> <probs for GDERKNQSTAVLIFYWHMCP>
#	G	D	E	R	K	N	Q	S	T	A	V	L	I	F	Y	W	H	M	C	P
0	0.01076	0.00620	0.00779	0.00751	0.00918	0.00569	0.00554	0.01297	0.05385	0.18534	0.13472	0.33352	0.16279	0.03038	0.00665	0.00195	0.00334	0.01078	0.00538	0.00566
1	0.01103	0.00579	0.00775	0.00786	0.00921	0.00522	0.00565	0.01226	0.01149	0.21874	0.02743	0.58444	0.04423	0.01383	0.00636	0.00200	0.00344	0.01237	0.00534	0.00555
2	0.01975	0.02520	0.01498	0.01362	0.01634	0.79299	0.01021	0.02111	0.01498	0.01294	0.00817	0.00953	0.00681	0.00545	0.00477	0.00136	0.00953	0.00340	0.00272	0.00613
3	0.01248	0.01426	0.03119	0.02228	0.02763	0.01337	0.76203	0.01693	0.01248	0.01693	0.01070	0.01426	0.00802	0.00446	0.00624	0.00178	0.00891	0.00624	0.00267	0.00713
4	0.00645	0.00517	0.00577	0.00603	0.00737	0.00448	0.00437	0.00782	0.01191	0.01493	0.13676	0.24451	0.49808	0.01388	0.00637	0.00186	0.00276	0.01195	0.00502	0.00448
5	0.00738	0.00546	0.00656	0.00625	0.00774	0.00486	0.00470	0.00945	0.01393	0.03455	0.50446	0.04310	0.30895	0.01164	0.00622	0.00171	0.00260	0.01004	0.00551	0.00488
6	0.00644	0.00460	0.00613	0.00736	0.00767	0.00429	0.00491	0.00736	0.01012	0.01350	0.02914	0.81076	0.03497	0.01656	0.00675	0.00215	0.00307	0.01503	0.00491	0.00429
7	0.69393	0.00986	0.00843	0.00732	0.01064	0.01098	0.00601	0.01689	0.01015	0.13983	0.03796	0.01117	0.00848	0.00538	0.00369	0.00164	0.00409	0.00349	0.00387	0.00620
8	0.01096	0.00940	0.01096	0.00783	0.01253	0.00705	0.00626	0.01331	0.01096	0.01723	0.00940	0.01096	0.00783	0.00392	0.00392	0.00078	0.00392	0.00313	0.00313	0.84653
9	0.01198	0.00768	0.00817	0.00715	0.00946	0.00771	0.00562	0.16581	0.04944	0.07853	0.02843	0.02815	0.25826	0.00859	0.00504	0.00154	0.00345	0.00697	0.30196	0.00607
10	0.00835	0.00631	0.00781	0.00728	0.00879	0.00623	0.00550	0.01274	0.13049	0.02134	0.66289	0.03647	0.04473	0.01025	0.00610	0.00168	0.00275	0.00901	0.00575	0.00550
11	0.00639	0.00524	0.00563	0.00578	0.00729	0.00449	0.00424	0.00778	0.01203	0.01481	0.11783	0.16581	0.59708	0.01363	0.00632	0.00183	0.00272	0.01160	0.00499	0.00449
12	0.10575	0.01018	0.01212	0.00969	0.01344	0.01009	0.00789	0.14212	0.10718	0.46740	0.01855	0.04492	0.01284	0.00678	0.00516	0.00167	0.00458	0.00541	0.00581	0.00842
13	0.00977	0.00677	0.00821	0.00744	0.00927	0.00657	0.00569	0.06880	0.07366	0.07292	0.48624	0.07089	0.13201	0.01048	0.00606	0.00170	0.00306	0.00908	0.00564	0.00573
14	0.00708	0.00538	0.00639	0.00614	0.00758	0.00479	0.00460	0.00915	0.01381	0.01862	0.49498	0.04323	0.31691	0.01165	0.00618	0.00170	0.00256	0.01004	0.02441	0.00479
15	0.00769	0.00513	0.00577	0.00577	0.00577	0.00513	0.00320	0.00769	0.00769	0.01025	0.01666	0.03460	0.01922	0.81421	0.02691	0.00513	0.00513	0.00769	0.00320	0.00320
16	0.08580	0.00954	0.01221	0.00943	0.01347	0.00875	0.00779	0.08205	0.01542	0.66943	0.01921	0.01688	0.01222	0.00640	0.00516	0.00163	0.00457	0.00509	0.00620	0.00875
17	0.00894	0.00471	0.00693	0.00693	0.00700	0.00479	0.00464	0.00714	0.00707	0.00950	0.01013	0.01783	0.01025	0.07996	0.08088	0.71805	0.00537	0.00491	0.00241	0.00255
18	0.01975	0.02520	0.01498	0.01362	0.01634	0.79299	0.01021	0.02111	0.01498	0.01294	0.00817	0.00953	0.00681	0.00545	0.00477	0.00136	0.00953	0.00340	0.00272	0.00613
19	0.01675	0.01861	0.01322	0.01278	0.04897	0.49722	0.00917	0.05956	0.01433	0.05663	0.01383	0.18715	0.01356	0.00798	0.00528	0.00157	0.00748	0.00621	0.00355	0.00614
20	0.06661	0.00576	0.00717	0.00744	0.00870	0.00539	0.00533	0.01089	0.01124	0.13244	0.06945	0.52897	0.09312	0.01366	0.00622	0.00198	0.00329	0.01209	0.00510	0.00516
21	0.00860	0.00461	0.00665	0.00692	0.00703	0.00454	0.00463	0.00719	0.00776	0.01052	0.01388	0.19158	0.01503	0.01752	0.01696	0.62864	0.00418	0.00691	0.03401	0.00283
22	0.01042	0.01046	0.05151	0.01363	0.01664	0.00966	0.26460	0.05273	0.11096	0.01715	0.02054	0.28547	0.03578	0.00995	0.00628	0.00194	0.00569	0.06625	0.00410	0.00624
23	0.72185	0.01159	0.00923	0.04583	0.01234	0.08121	0.02065	0.01596	0.00967	0.02215	0.00759	0.00904	0.00593	0.00497	0.00356	0.00162	0.00480	0.00306	0.00317	0.00579
24	0.01315	0.01316	0.02147	0.08939	0.58602	0.05529	0.09317	0.01662	0.02929	0.01682	0.01014	0.01324	0.00832	0.00482	0.00532	0.00160	0.00674	0.00483	0.00267	0.00793
25	0.00977	0.00549	0.00728	0.00761	0.00868	0.00500	0.00536	0.01091	0.01113	0.15908	0.04468	0.59106	0.05131	0.04684	0.00727	0.00215	0.00340	0.01267	0.00517	0.00516
26	0.01752	0.07618	0.11187	0.04106	0.01805	0.01538	0.05227	0.50107	0.03140	0.05278	0.01232	0.02442	0.00905	0.00607	0.00519	0.00159	0.00615	0.00478	0.00447	0.00839
27	0.05841	0.04930	0.40732	0.01461	0.02040	0.06492	0.15157	0.01697	0.01176	0.07590	0.01178	0.07214	0.00952	0.00591	0.00523	0.00168	0.00724	0.00515	0.00294	0.00725
28	0.00641	0.00472	0.00602	0.00705	0.00759	0.00432	0.00477	0.00740	0.01042	0.01362	0.03287	0.69476	0.14856	0.01608	0.00667	0.00209	0.00301	0.01444	0.00491	0.00432
29	0.12125	0.00963	0.01065	0.00781	0.01231	0.00789	0.00628	0.03044	0.01102	0.01844	0.00920	0.01069	0.00758	0.00410	0.00386	0.00091	0.00398	0.00313	0.00320	0.71762
30	0.04299	0.10266	0.09912	0.02448	0.01653	0.30516	0.01071	0.21899	0.05082	0.05242	0.01121	0.01188	0.01873	0.00576	0.00483	0.00148	0.00719	0.00407	0.00363	0.00733
31	0.01249	0.01193	0.02057	0.02949	0.66191	0.01187	0.05609	0.01557	0.01198	0.01700	0.01186	0.05193	0.01079	0.00579	0.00547	0.00166	0.00620	0.04662	0.00285	0.00793
32	0.00728	0.00554	0.00786	0.00794	0.00897	0.00612	0.00610	0.00902	0.00915	0.01266	0.02119	0.07910	0.13161	0.03407	0.61961	0.00704	0.01165	0.00714	0.00329	0.00465
33	0.01220	0.01242	0.02367	0.29095	0.09426	0.01294	0.37517	0.06669	0.02677	0.01699	0.01052	0.01410	0.00793	0.00494	0.00574	0.00174	0.00774	0.00547	0.00279	0.00695
34	0.01474	0.07820	0.01811	0.09028	0.31706	0.26770	0.01262	0.01766	0.04697	0.01502	0.00983	0.01236	0.00822	0.00708	0.04825	0.00189	0.01998	0.00425	0.00273	0.00706
35	0.01349	0.70731	0.02576	0.04574	0.04190	0.01929	0.00933	0.01528	0.01075	0.01272	0.00873	0.05280	0.00840	0.00522	0.00373	0.00123	0.00560	0.00365	0.00242	0.00666
36	0.01999	0.00806	0.01089	0.00885	0.01208	0.00706	0.00702	0.02172	0.01386	0.61444	0.02183	0.14015	0.01684	0.06301	0.00700	0.00195	0.00432	0.00696	0.00607	0.00788
37	0.00810	0.00496	0.00661	0.00726	0.00782	0.00463	0.00492	0.00857	0.00991	0.06516	0.02584	0.56068	0.05942	0.06065	0.00988	0.13112	0.00350	0.01220	0.00452	0.00425
38	0.01120	0.00980	0.01219	0.02085	0.02624	0.00791	0.04098	0.01453	0.06279	0.01749	0.01029	0.01179	0.00840	0.00419	0.00416	0.00092	0.00425	0.00352	0.00324	0.72525
39	0.01373	0.01123	0.01197	0.01068	0.01373	0.01285	0.00833	0.02796	0.72982	0.06432	0.02148	0.01963	0.01597	0.00714	0.00538	0.00178	0.00420	0.00594	0.00544	0.00840
40	0.00688	0.00490	0.00655	0.00762	0.00811	0.00465	0.00540	0.00810	0.01067	0.01425	0.07947	0.61489	0.03470	0.04540	0.00754	0.00227	0.00338	0.12592	0.00490	0.00439
41	0.00793	0.00650	0.01036	0.00965	0.01099	0.00615	0.12069	0.02436	0.01141	0.01535	0.11780	0.48045	0.05034	0.05232	0.00757	0.00217	0.00413	0.05233	0.00460	0.00489
42	0.01164	0.14463	0.01278	0.00934	0.01122	0.18254	0.00732	0.01366	0.04234	0.01271	0.01245	0.01823	0.01175	0.13889	0.32608	0.00478	0.00974	0.00499	0.01960	0.00531
43	0.85155	0.01022	0.00777	0.00695	0.01022	0.01186	0.00573	0.01554	0.00900	0.02372	0.00736	0.00859	0.00573	0.00491	0.00327	0.00164	0.00409	0.00286	0.00327	0.00573
44	0.00818	0.00495	0.00632	0.00632	0.00642	0.00495	0.00392	0.00757	0.00789	0.01061	0.05749	0.04335	0.01754	0.44878	0.04287	0.30500	0.00498	0.00678	0.00305	0.00304
45	0.01134	0.01078	0.01830	0.46541	0.36191	0.01210	0.01536	0.01469	0.01121	0.01515	0.00964	0.01365	0.00763	0.00503	0.00526	0.00168	0.00671	0.00470	0.00247	0.00697
46	0.00769	0.00513	0.00577	0.00577	0.00577	0.00513	0.00320	0.00769	0.00769	0.01025	0.01666	0.03460	0.01922	0.81421	0.02691	0.00513	0.00513	0.00769	0.00320	0.00320
47	0.00918	0.00459	0.00689	0.00689	0.00689	0.00459	0.00459	0.00689	0.00689	0.00918	0.00918	0.01607	0.00918	0.01837	0.02066	0.84619	0.00459	0.00459	0.00230	0.00230
48	0.00705	0.00591	0.00620	0.00603	0.00785	0.00533	0.00455	0.00980	0.08213	0.01596	0.15099	0.04644	0.60813	0.01246	0.00617	0.00177	0.00279	0.01046	0.00508	0.00489
49	0.01096	0.00940	0.01096	0.00783	0.01253	0.00705	0.00626	0.01331	0.01096	0.01723	0.00940	0.01096	0.00783	0.00392	0.00392	0.00078	0.00392	0.00313	0.00313	0.84653
50	0.01264	0.00654	0.00872	0.00753	0.00968	0.00587	0.00587	0.01499	0.01502	0.26368	0.53791	0.03266	0.03820	0.00945	0.00594	0.00165	0.00313	0.00821	0.00605	0.00626
51	0.02029	0.01322	0.01473	0.01143	0.01552	0.01421	0.00940	0.53655	0.08793	0.19820	0.01526	0.01448	0.01052	0.00646	0.00530	0.00162	0.00538	0.00499	0.00557	0.00894
52	0.01233	0.00797	0.00919	0.00794	0.01032	0.00776	0.00620	0.17772	0.01558	0.13644	0.17840	0.07327	0.25485	0.05429	0.00707	0.00191	0.00381	0.02344	0.00533	0.00618
53	0.00662	0.00486	0.00622	0.00701	0.00769	0.00446	0.00486	0.00788	0.01121	0.01489	0.15337	0.56461	0.14293	0.01515	0.00660	0.00202	0.00295	0.02716	0.00505	0.00444
54	0.01975	0.02520	0.01498	0.01362	0.01634	0.79299	0.01021	0.02111	0.01498	0.01294	0.00817	0.00953	0.00681	0.00545	0.00477	0.00136	0.00953	0.00340	0.00272	0.00613
55	0.00769	0.00513	0.00577	0.00577	0.00577	0.00513	0.00320	0.00769	0.00769	0.01025	0.01666	0.03460	0.01922	0.81421	0.02691	0.00513	0.00513	0.00769	0.00320	0.00320
56	0.18234	0.00643	0.00765	0.00733	0.00835	0.00700	0.00530	0.03670	0.02132	0.01380	0.01041	0.01645	0.00988	0.07236	0.13465	0.44280	0.00602	0.00464	0.00280	0.00378
57	0.01102	0.00615	0.00794	0.00732	0.00917	0.00560	0.00573	0.01323	0.01392	0.18015	0.38321	0.07435	0.10240	0.01045	0.00598	0.00174	0.00319	0.08218	0.07054	0.00573

[dist]
# distance from previous block
# <min> <max>
0	1

[block]
# block no. 4 follows, 46 sequences, length 26
# corresponding to MSA columns:
# 392-413,418-421
name=unknown_E
#
# <colnr> <probs for GDERKNQSTAVLIFYWHMCP>
#	G	D	E	R	K	N	Q	S	T	A	V	L	I	F	Y	W	H	M	C	P
0	0.01096	0.00940	0.01096	0.00783	0.01253	0.00705	0.00626	0.01331	0.01096	0.01723	0.00940	0.01096	0.00783	0.00392	0.00392	0.00078	0.00392	0.00313	0.00313	0.84653
1	0.00644	0.00460	0.00613	0.00736	0.00767	0.00429	0.00491	0.00736	0.01012	0.01350	0.02914	0.81076	0.03497	0.01656	0.00675	0.00215	0.00307	0.01503	0.00491	0.00429
2	0.01294	0.04558	0.04945	0.02020	0.12712	0.01333	0.42643	0.07279	0.01281	0.01779	0.01020	0.01316	0.00796	0.00492	0.00640	0.00165	0.06078	0.00530	0.00285	0.08836
3	0.03690	0.00893	0.01207	0.00977	0.01292	0.00882	0.00800	0.02198	0.04237	0.54990	0.01817	0.01755	0.01240	0.01137	0.11472	0.00266	0.09276	0.00526	0.00546	0.00797
4	0.01060	0.01059	0.01963	0.60987	0.03425	0.01214	0.19848	0.01435	0.01104	0.01435	0.00972	0.01414	0.00729	0.00508	0.00552	0.00177	0.00751	0.00508	0.00243	0.00618
5	0.00748	0.00540	0.00707	0.00665	0.00790	0.00499	0.00499	0.00998	0.01496	0.02120	0.77844	0.03949	0.04988	0.01081	0.00624	0.00166	0.00249	0.00956	0.00582	0.00499
6	0.06971	0.00799	0.01057	0.00870	0.01178	0.00719	0.00691	0.02057	0.01318	0.54879	0.01991	0.12602	0.01522	0.00910	0.00706	0.09350	0.00429	0.00642	0.00566	0.00743
7	0.00765	0.00526	0.00644	0.00644	0.00667	0.00549	0.00404	0.00812	0.00789	0.01075	0.01604	0.03119	0.01774	0.62372	0.21538	0.00595	0.00735	0.00719	0.00311	0.00358
8	0.00852	0.00608	0.00852	0.00974	0.01095	0.00608	0.00852	0.01095	0.01217	0.01582	0.02799	0.05963	0.03042	0.01460	0.00730	0.00243	0.00487	0.74565	0.00487	0.00487
9	0.01944	0.01426	0.01530	0.01184	0.01588	0.01575	0.00974	0.72243	0.02408	0.03239	0.01329	0.03604	0.00986	0.00664	0.00529	0.00159	0.00565	0.00506	0.02672	0.00875
10	0.01317	0.00843	0.01028	0.00941	0.01180	0.00866	0.00773	0.12453	0.13029	0.14288	0.16613	0.03475	0.02544	0.00994	0.00606	0.00189	0.00430	0.23903	0.03860	0.00668
11	0.28522	0.00768	0.00706	0.00638	0.00867	0.02255	0.00505	0.03137	0.01121	0.10206	0.01415	0.01557	0.01073	0.00578	0.00378	0.00142	0.00341	0.00427	0.44793	0.00573
12	0.22501	0.01298	0.01344	0.01055	0.01453	0.01424	0.00871	0.49104	0.01979	0.12120	0.01236	0.01232	0.00868	0.00602	0.00480	0.00160	0.00523	0.00436	0.00494	0.00819
13	0.00657	0.00529	0.00586	0.00589	0.00738	0.00457	0.00435	0.00815	0.01256	0.01589	0.22883	0.13067	0.51922	0.01310	0.00630	0.00179	0.00267	0.01119	0.00513	0.00457
14	0.00738	0.00500	0.00586	0.00616	0.00623	0.00492	0.00362	0.00761	0.00829	0.01105	0.01973	0.22548	0.02309	0.61804	0.02195	0.00439	0.00462	0.00949	0.00362	0.00347
15	0.00918	0.00459	0.00689	0.00689	0.00689	0.00459	0.00459	0.00689	0.00689	0.00918	0.00918	0.01607	0.00918	0.01837	0.02066	0.84619	0.00459	0.00459	0.00230	0.00230
16	0.01751	0.02115	0.01371	0.01247	0.01507	0.60031	0.00939	0.02086	0.11883	0.01510	0.09372	0.01419	0.01277	0.00627	0.00501	0.00145	0.00803	0.00443	0.00342	0.00631
17	0.01089	0.00665	0.00766	0.00702	0.00804	0.00673	0.00461	0.03708	0.09231	0.11861	0.01763	0.02999	0.01771	0.58926	0.02090	0.00417	0.00496	0.00708	0.00397	0.00475
18	0.00803	0.00545	0.00765	0.00765	0.00853	0.00613	0.00580	0.00968	0.00880	0.01323	0.01457	0.02120	0.01343	0.08071	0.57327	0.05068	0.01114	0.00561	0.14390	0.00454
19	0.00644	0.00460	0.00613	0.00736	0.00767	0.00429	0.00491	0.00736	0.01012	0.01350	0.02914	0.81076	0.03497	0.01656	0.00675	0.00215	0.00307	0.01503	0.00491	0.00429
20	0.02010	0.01481	0.01587	0.01216	0.01639	0.01639	0.01005	0.76360	0.02486	0.03332	0.01269	0.01269	0.00899	0.00635	0.00529	0.00159	0.00582	0.00476	0.00529	0.00899
21	0.01539	0.01146	0.01245	0.01058	0.01347	0.05780	0.00842	0.29092	0.15300	0.09734	0.01602	0.05728	0.01292	0.01518	0.19914	0.00334	0.00752	0.00570	0.00465	0.00742
22	0.01572	0.01143	0.01251	0.01073	0.01405	0.01272	0.00849	0.12371	0.55479	0.14398	0.02026	0.01853	0.01472	0.00697	0.00536	0.00174	0.00445	0.00571	0.00555	0.00855
23	0.01166	0.00753	0.00981	0.00986	0.01177	0.00759	0.00842	0.11571	0.01425	0.10191	0.04883	0.07292	0.02636	0.01254	0.00676	0.00220	0.00482	0.51607	0.00514	0.00587
24	0.05122	0.01597	0.01429	0.01177	0.01529	0.18713	0.00937	0.41993	0.14079	0.02574	0.01382	0.01422	0.02562	0.02407	0.00560	0.00165	0.00623	0.00478	0.00460	0.00791
25	0.01237	0.01140	0.01888	0.05785	0.53240	0.01195	0.02841	0.01521	0.01164	0.03180	0.01230	0.01947	0.01128	0.00662	0.00686	0.00178	0.09289	0.10643	0.00296	0.00750

[dist]
# distance from previous block
# <min> <max>
0	284

# created by:
# /st0/software/busco_prod/Augustus/scripts/msa2prfl.pl ./align_prep/188436.fa
