[name]
unknown

[dist]
# distance from previous block
# <min> <max>
19	700

[block]
# block no. 0 follows, 50 sequences, length 12
# corresponding to MSA columns:
# 730-741
name=unknown_A
#
# <colnr> <probs for GDERKNQSTAVLIFYWHMCP>
#	G	D	E	R	K	N	Q	S	T	A	V	L	I	F	Y	W	H	M	C	P
0	0.06796	0.07060	0.01164	0.03052	0.04680	0.00909	0.02857	0.07685	0.03076	0.06216	0.11025	0.06834	0.04830	0.07759	0.00766	0.03167	0.04740	0.02088	0.00371	0.14923
1	0.03719	0.03101	0.04053	0.09356	0.03314	0.02999	0.00787	0.10378	0.04775	0.06289	0.03464	0.13192	0.06030	0.03987	0.00607	0.00160	0.03377	0.00606	0.02124	0.17681
2	0.06993	0.01069	0.07532	0.10414	0.01519	0.04297	0.03350	0.09980	0.07386	0.12200	0.07192	0.12445	0.05052	0.00737	0.00504	0.00157	0.00477	0.00621	0.00408	0.07668
3	0.03032	0.00951	0.03230	0.03462	0.05584	0.02422	0.00786	0.12560	0.09793	0.10947	0.06539	0.14026	0.01592	0.02150	0.02939	0.00181	0.05503	0.00628	0.04433	0.09243
4	0.01228	0.02692	0.01159	0.18350	0.03023	0.06577	0.00846	0.08703	0.05345	0.12153	0.03386	0.18293	0.02895	0.02569	0.00590	0.00167	0.02885	0.00665	0.02006	0.06467
5	0.07518	0.00909	0.01185	0.03516	0.12883	0.02607	0.04570	0.08815	0.05859	0.03587	0.04492	0.18222	0.03185	0.03742	0.00609	0.00170	0.02461	0.02665	0.02422	0.10584
6	0.06822	0.01163	0.03619	0.10171	0.18831	0.06861	0.01005	0.11603	0.04766	0.03794	0.01092	0.04570	0.00923	0.03500	0.00569	0.00153	0.02930	0.00450	0.00322	0.16856
7	0.04251	0.00933	0.01274	0.21044	0.06815	0.03713	0.05497	0.05562	0.03221	0.03609	0.03188	0.11359	0.04755	0.00680	0.00547	0.00152	0.04481	0.00579	0.03647	0.14693
8	0.08625	0.01016	0.05577	0.19846	0.08319	0.02504	0.02639	0.06916	0.01093	0.05998	0.01208	0.04493	0.02903	0.04251	0.05009	0.00208	0.09130	0.00491	0.05654	0.04120
9	0.06552	0.01051	0.04168	0.17057	0.03893	0.07149	0.04579	0.03779	0.02506	0.03941	0.04410	0.08489	0.06150	0.00649	0.00527	0.00145	0.04060	0.00538	0.00324	0.20034
10	0.03051	0.00916	0.01226	0.12225	0.12379	0.03156	0.02892	0.12048	0.03089	0.07505	0.03307	0.23941	0.03881	0.00845	0.00554	0.00165	0.02134	0.00737	0.00389	0.05559
11	0.04857	0.00915	0.01359	0.27830	0.20516	0.00968	0.01066	0.05363	0.01121	0.06049	0.03485	0.05299	0.03801	0.05758	0.00617	0.00172	0.00529	0.00521	0.00310	0.09465

[dist]
# distance from previous block
# <min> <max>
15	51

[block]
# block no. 1 follows, 50 sequences, length 91
# corresponding to MSA columns:
# 793-883
name=unknown_B
#
# <colnr> <probs for GDERKNQSTAVLIFYWHMCP>
#	G	D	E	R	K	N	Q	S	T	A	V	L	I	F	Y	W	H	M	C	P
0	0.01386	0.02566	0.23371	0.01088	0.01529	0.01108	0.01070	0.10033	0.27025	0.15870	0.05267	0.01576	0.01259	0.00601	0.00492	0.00156	0.00506	0.00487	0.00432	0.04179
1	0.00802	0.00573	0.00696	0.00673	0.00821	0.00555	0.00507	0.01072	0.07948	0.06473	0.21088	0.12993	0.27148	0.02726	0.13348	0.00274	0.00452	0.00896	0.00463	0.00492
2	0.00839	0.04507	0.00775	0.00640	0.00801	0.00556	0.00496	0.01051	0.01352	0.07994	0.58071	0.03584	0.15461	0.00995	0.00568	0.00156	0.00267	0.00862	0.00525	0.00501
3	0.01223	0.05210	0.06940	0.01048	0.07444	0.00929	0.00822	0.08216	0.08866	0.07953	0.02209	0.06284	0.01066	0.00538	0.00439	0.00119	0.00438	0.00445	0.00359	0.39455
4	0.01372	0.72421	0.02495	0.00983	0.05070	0.01901	0.00893	0.07509	0.01124	0.01350	0.00745	0.00852	0.00663	0.00441	0.00342	0.00112	0.00537	0.00289	0.00237	0.00663
5	0.01409	0.32080	0.21466	0.01150	0.02578	0.17243	0.01137	0.09967	0.05823	0.01557	0.00895	0.00994	0.00715	0.00489	0.00417	0.00133	0.00651	0.00342	0.00270	0.00685
6	0.13399	0.16214	0.45830	0.01212	0.01797	0.01287	0.05025	0.03196	0.01067	0.05408	0.00894	0.01021	0.00659	0.00471	0.00430	0.00149	0.00636	0.00355	0.00253	0.00696
7	0.07430	0.00520	0.00562	0.00557	0.00588	0.00529	0.00331	0.00783	0.00757	0.01093	0.02575	0.04488	0.03816	0.69693	0.02239	0.02235	0.00462	0.00706	0.00311	0.00326
8	0.01662	0.07790	0.01480	0.06097	0.01576	0.09381	0.00925	0.39661	0.18420	0.05995	0.01310	0.01310	0.00962	0.00588	0.00482	0.00150	0.00551	0.00448	0.00442	0.00773
9	0.00620	0.00461	0.00574	0.00641	0.00712	0.00419	0.00443	0.00735	0.01055	0.01387	0.14165	0.52675	0.19914	0.02936	0.00655	0.00194	0.00277	0.01251	0.00472	0.00416
10	0.01957	0.01160	0.06182	0.01019	0.01422	0.01077	0.00879	0.27735	0.08480	0.42248	0.01646	0.01502	0.01092	0.00607	0.00499	0.00154	0.00483	0.00481	0.00542	0.00836
11	0.01216	0.01151	0.01876	0.07681	0.64704	0.01187	0.01426	0.01656	0.10963	0.01664	0.01073	0.01319	0.00875	0.00477	0.00496	0.00152	0.00572	0.00459	0.00278	0.00775
12	0.00784	0.00614	0.00722	0.00682	0.00837	0.00607	0.00515	0.01220	0.16203	0.01871	0.48007	0.06294	0.17696	0.01016	0.00574	0.00163	0.00271	0.00882	0.00522	0.00520
13	0.01895	0.01396	0.01496	0.01147	0.01546	0.01546	0.00947	0.77711	0.02344	0.03141	0.01197	0.01197	0.00848	0.00598	0.00499	0.00150	0.00548	0.00449	0.00499	0.00848
14	0.00725	0.00483	0.00544	0.00544	0.00544	0.00483	0.00302	0.00725	0.00725	0.00966	0.01571	0.03262	0.01812	0.82483	0.02537	0.00483	0.00483	0.00725	0.00302	0.00302
15	0.86003	0.00964	0.00733	0.00655	0.00964	0.01118	0.00540	0.01465	0.00848	0.02236	0.00694	0.00810	0.00540	0.00463	0.00308	0.00154	0.00386	0.00270	0.00308	0.00540
16	0.01079	0.02121	0.00972	0.00831	0.01046	0.00894	0.00649	0.16570	0.20461	0.02211	0.41224	0.05103	0.03053	0.00859	0.00548	0.00159	0.00343	0.00735	0.00521	0.00624
17	0.00602	0.00505	0.00523	0.00519	0.00681	0.00426	0.00389	0.00741	0.01167	0.01420	0.13424	0.04676	0.70751	0.01235	0.00589	0.00167	0.00251	0.01035	0.00473	0.00426
18	0.72393	0.00879	0.00708	0.00662	0.00926	0.01004	0.00528	0.01342	0.00865	0.02083	0.01021	0.13775	0.00979	0.00638	0.00361	0.00162	0.00370	0.00453	0.00333	0.00518
19	0.00832	0.00578	0.00719	0.00762	0.00858	0.00574	0.00538	0.05780	0.08591	0.05387	0.03854	0.63962	0.02893	0.01359	0.00608	0.00193	0.00321	0.01219	0.00478	0.00493
20	0.46098	0.00918	0.00871	0.00726	0.01036	0.00969	0.00583	0.08525	0.01082	0.08387	0.04780	0.01290	0.00963	0.06375	0.01949	0.00176	0.00418	0.00377	0.00360	0.14118
21	0.05130	0.00534	0.00646	0.00651	0.00760	0.00511	0.00471	0.03191	0.01212	0.01711	0.37851	0.29072	0.11486	0.03690	0.00647	0.00183	0.00279	0.01032	0.00490	0.00454
22	0.86003	0.00964	0.00733	0.00655	0.00964	0.01118	0.00540	0.01465	0.00848	0.02236	0.00694	0.00810	0.00540	0.00463	0.00308	0.00154	0.00386	0.00270	0.00308	0.00540
23	0.09258	0.00544	0.00623	0.00638	0.00757	0.00525	0.00464	0.02493	0.01146	0.01663	0.25966	0.32020	0.16634	0.01178	0.00567	0.00173	0.00279	0.01026	0.03592	0.00453
24	0.22603	0.01148	0.01180	0.00939	0.01307	0.01236	0.00767	0.34966	0.10881	0.07776	0.01184	0.01193	0.00864	0.00546	0.00436	0.00144	0.00458	0.00402	0.00435	0.11535
25	0.00607	0.00434	0.00578	0.00694	0.00723	0.00405	0.00463	0.00694	0.00954	0.01272	0.02747	0.82157	0.03297	0.01562	0.00636	0.00202	0.00289	0.01417	0.00463	0.00405
26	0.00620	0.00443	0.00592	0.00708	0.00742	0.00415	0.00484	0.00715	0.00966	0.01286	0.02741	0.77382	0.03270	0.01550	0.00639	0.00204	0.00300	0.06072	0.00462	0.00408
27	0.04626	0.01097	0.01199	0.00979	0.01284	0.01188	0.00795	0.46869	0.05719	0.04936	0.10371	0.02135	0.05303	0.04530	0.00616	0.00174	0.00471	0.06506	0.00487	0.00714
28	0.00821	0.00590	0.00828	0.00801	0.00901	0.00670	0.00614	0.06921	0.00904	0.01276	0.01290	0.01920	0.01206	0.07218	0.62691	0.08948	0.01143	0.00527	0.00282	0.00448
29	0.86003	0.00964	0.00733	0.00655	0.00964	0.01118	0.00540	0.01465	0.00848	0.02236	0.00694	0.00810	0.00540	0.00463	0.00308	0.00154	0.00386	0.00270	0.00308	0.00540
30	0.00725	0.00483	0.00544	0.00544	0.00544	0.00483	0.00302	0.00725	0.00725	0.00966	0.01571	0.03262	0.01812	0.82483	0.02537	0.00483	0.00483	0.00725	0.00302	0.00302
31	0.72614	0.00883	0.00699	0.00644	0.00915	0.01011	0.00519	0.01381	0.00872	0.02131	0.00929	0.07311	0.00815	0.00559	0.00337	0.00155	0.00366	0.00376	0.06961	0.00523
32	0.08820	0.00900	0.01150	0.00889	0.01269	0.00826	0.00734	0.08222	0.01452	0.67635	0.01806	0.01588	0.01149	0.00603	0.00486	0.00154	0.00431	0.00479	0.00583	0.00824
33	0.00712	0.00534	0.00801	0.00801	0.00890	0.00623	0.00623	0.00890	0.00801	0.01157	0.01335	0.01958	0.01246	0.03738	0.80507	0.00801	0.01335	0.00534	0.00267	0.00445
34	0.00751	0.00513	0.00573	0.00567	0.00582	0.00522	0.00327	0.00822	0.04665	0.01023	0.01594	0.03191	0.01797	0.78337	0.02434	0.00467	0.00479	0.00717	0.00312	0.00327
35	0.01670	0.01847	0.01416	0.01228	0.01515	0.45984	0.04723	0.14894	0.14594	0.01714	0.01159	0.04897	0.00955	0.00599	0.00483	0.00144	0.00723	0.00448	0.00350	0.00656
36	0.00623	0.00482	0.00551	0.00580	0.00684	0.00429	0.00407	0.00739	0.01076	0.01369	0.13479	0.27294	0.39406	0.09610	0.00802	0.00209	0.00285	0.01107	0.00457	0.00410
37	0.00644	0.00474	0.00598	0.00686	0.00737	0.00452	0.00463	0.00795	0.04816	0.01301	0.02825	0.67499	0.09110	0.06166	0.00736	0.00214	0.00303	0.01306	0.00456	0.00419
38	0.01034	0.00886	0.01034	0.00738	0.01181	0.00664	0.00591	0.01255	0.01034	0.01624	0.00886	0.01034	0.00738	0.00369	0.00369	0.00074	0.00369	0.00295	0.00295	0.85530
39	0.79315	0.00972	0.00764	0.00684	0.00990	0.01128	0.00559	0.01559	0.06974	0.02224	0.00799	0.00893	0.00617	0.00480	0.00324	0.00155	0.00386	0.00293	0.00324	0.00559
40	0.17993	0.01256	0.01312	0.01026	0.01404	0.01381	0.00846	0.54704	0.03119	0.10379	0.01188	0.01181	0.00836	0.00575	0.00463	0.00151	0.00503	0.00421	0.00474	0.00788
41	0.01156	0.23135	0.53814	0.01253	0.01883	0.01398	0.01516	0.07564	0.01144	0.01597	0.00866	0.00999	0.00651	0.00471	0.00436	0.00144	0.00669	0.00348	0.00234	0.00720
42	0.00790	0.00452	0.00628	0.00634	0.00666	0.00437	0.00430	0.00703	0.00826	0.01104	0.12158	0.09985	0.07855	0.05602	0.01556	0.54539	0.00380	0.00656	0.00310	0.00290
43	0.01895	0.01396	0.01496	0.01147	0.01546	0.01546	0.00947	0.77711	0.02344	0.03141	0.01197	0.01197	0.00848	0.00598	0.00499	0.00150	0.00548	0.00449	0.00499	0.00848
44	0.02148	0.00990	0.01245	0.00954	0.01343	0.00944	0.00788	0.21958	0.01664	0.59854	0.01767	0.01567	0.01134	0.00612	0.00501	0.00153	0.00456	0.00488	0.00586	0.00848
45	0.00603	0.00452	0.00559	0.00645	0.00710	0.00409	0.00441	0.00700	0.01001	0.01292	0.03341	0.62190	0.22881	0.01484	0.00624	0.00194	0.00280	0.01323	0.00463	0.00409
46	0.00753	0.00534	0.00729	0.00833	0.00917	0.00528	0.00680	0.00929	0.01064	0.01393	0.02559	0.22175	0.02860	0.09284	0.00856	0.00248	0.00424	0.52358	0.00445	0.00432
47	0.00607	0.00434	0.00578	0.00694	0.00723	0.00405	0.00463	0.00694	0.00954	0.01272	0.02747	0.82157	0.03297	0.01562	0.00636	0.00202	0.00289	0.01417	0.00463	0.00405
48	0.01053	0.00909	0.00949	0.00868	0.01118	0.01005	0.00671	0.02095	0.56310	0.01873	0.02894	0.02701	0.23774	0.00844	0.00531	0.00169	0.00354	0.00704	0.00494	0.00683
49	0.00712	0.00534	0.00801	0.00801	0.00890	0.00623	0.00623	0.00890	0.00801	0.01157	0.01335	0.01958	0.01246	0.03738	0.80507	0.00801	0.01335	0.00534	0.00267	0.00445
50	0.86003	0.00964	0.00733	0.00655	0.00964	0.01118	0.00540	0.01465	0.00848	0.02236	0.00694	0.00810	0.00540	0.00463	0.00308	0.00154	0.00386	0.00270	0.00308	0.00540
51	0.00725	0.00483	0.00544	0.00544	0.00544	0.00483	0.00302	0.00725	0.00725	0.00966	0.01571	0.03262	0.01812	0.82483	0.02537	0.00483	0.00483	0.00725	0.00302	0.00302
52	0.00999	0.00856	0.00992	0.00720	0.01141	0.00645	0.00574	0.01212	0.01042	0.01602	0.01214	0.01331	0.06928	0.00440	0.00386	0.00081	0.00360	0.00355	0.00309	0.78814
53	0.00606	0.00452	0.00565	0.00650	0.00712	0.00410	0.00444	0.00706	0.01009	0.01311	0.05584	0.62432	0.20348	0.01478	0.00624	0.00193	0.00279	0.01320	0.00465	0.00410
54	0.03352	0.01020	0.01209	0.00958	0.01311	0.01032	0.00777	0.23404	0.13514	0.41094	0.01719	0.01645	0.01187	0.04696	0.00600	0.00172	0.00457	0.00503	0.00546	0.00806
55	0.00606	0.00480	0.00545	0.00583	0.00697	0.00419	0.00416	0.00727	0.01095	0.01376	0.10571	0.32178	0.45852	0.01348	0.00606	0.00179	0.00264	0.01169	0.00470	0.00419
56	0.00592	0.00494	0.00517	0.00535	0.00681	0.00418	0.00392	0.00712	0.01107	0.01335	0.04683	0.17127	0.67078	0.01310	0.00597	0.00174	0.00258	0.01110	0.00463	0.00418
57	0.86003	0.00964	0.00733	0.00655	0.00964	0.01118	0.00540	0.01465	0.00848	0.02236	0.00694	0.00810	0.00540	0.00463	0.00308	0.00154	0.00386	0.00270	0.00308	0.00540
58	0.00785	0.00540	0.00705	0.00778	0.00857	0.00540	0.00624	0.00943	0.01010	0.01345	0.02254	0.04696	0.02458	0.26741	0.01251	0.00303	0.00455	0.48672	0.04633	0.00410
59	0.02236	0.00848	0.01157	0.00887	0.01272	0.00733	0.00733	0.02429	0.01427	0.79719	0.01966	0.01697	0.01234	0.00617	0.00501	0.00154	0.00424	0.00501	0.00617	0.00848
60	0.00611	0.00435	0.00577	0.00689	0.00717	0.00408	0.00457	0.00695	0.00946	0.01262	0.02707	0.79461	0.03246	0.04327	0.00701	0.00212	0.00296	0.01393	0.00457	0.00401
61	0.01333	0.01236	0.02039	0.02650	0.58578	0.01250	0.09747	0.13679	0.01332	0.01866	0.00987	0.01240	0.00795	0.00466	0.00505	0.00150	0.00612	0.00461	0.00287	0.00786
62	0.00712	0.00534	0.00801	0.00801	0.00890	0.00623	0.00623	0.00890	0.00801	0.01157	0.01335	0.01958	0.01246	0.03738	0.80507	0.00801	0.01335	0.00534	0.00267	0.00445
63	0.02236	0.00848	0.01157	0.00887	0.01272	0.00733	0.00733	0.02429	0.01427	0.79719	0.01966	0.01697	0.01234	0.00617	0.00501	0.00154	0.00424	0.00501	0.00617	0.00848
64	0.01046	0.02272	0.61489	0.01658	0.08322	0.01176	0.13886	0.01578	0.01079	0.01585	0.00916	0.01113	0.00664	0.00463	0.00493	0.00159	0.00742	0.00409	0.00220	0.00731
65	0.00607	0.00434	0.00578	0.00694	0.00723	0.00405	0.00463	0.00694	0.00954	0.01272	0.02747	0.82157	0.03297	0.01562	0.00636	0.00202	0.00289	0.01417	0.00463	0.00405
66	0.01177	0.01328	0.11839	0.06671	0.60825	0.01145	0.01503	0.01506	0.01111	0.01604	0.00926	0.01203	0.00760	0.00446	0.00483	0.00146	0.00600	0.00425	0.00244	0.06059
67	0.01034	0.00886	0.01034	0.00738	0.01181	0.00664	0.00591	0.01255	0.01034	0.01624	0.00886	0.01034	0.00738	0.00369	0.00369	0.00074	0.00369	0.00295	0.00295	0.85530
68	0.00693	0.00500	0.00655	0.00636	0.00742	0.00462	0.00469	0.00909	0.01353	0.01906	0.69398	0.13699	0.04524	0.01088	0.00594	0.00163	0.00242	0.00967	0.00538	0.00462
69	0.01077	0.01048	0.07282	0.00818	0.01278	0.00759	0.00711	0.05002	0.02819	0.01704	0.00927	0.01061	0.00753	0.00395	0.00387	0.00086	0.00407	0.00314	0.00303	0.72868
70	0.00913	0.00463	0.00470	0.00476	0.00588	0.00462	0.00354	0.01138	0.01041	0.01829	0.01682	0.05858	0.01378	0.00630	0.00363	0.00120	0.00235	0.00512	0.81027	0.00462
71	0.00738	0.00606	0.00803	0.05905	0.08543	0.00589	0.00620	0.00976	0.05559	0.01511	0.17420	0.28069	0.24477	0.01150	0.00584	0.00175	0.00328	0.01013	0.00445	0.00490
72	0.01352	0.01117	0.01185	0.01029	0.01328	0.01276	0.00810	0.17279	0.61240	0.02289	0.04208	0.01787	0.01486	0.00671	0.00508	0.00165	0.00420	0.00551	0.00507	0.00791
73	0.00763	0.00585	0.00824	0.00811	0.00920	0.00673	0.00630	0.01064	0.08372	0.01300	0.06255	0.02059	0.01489	0.03272	0.67762	0.00700	0.01175	0.00560	0.00308	0.00480
74	0.01638	0.01356	0.13456	0.01266	0.09061	0.01160	0.01046	0.32768	0.02663	0.18896	0.03059	0.03808	0.01053	0.00594	0.00493	0.00149	0.00527	0.00479	0.00443	0.06086
75	0.01434	0.61631	0.07441	0.00948	0.01376	0.08687	0.00928	0.06341	0.01152	0.04963	0.00803	0.00891	0.00680	0.00457	0.00361	0.00117	0.00574	0.00300	0.00253	0.00663
76	0.02230	0.00859	0.01163	0.00892	0.01278	0.00748	0.00737	0.03842	0.01444	0.78282	0.01952	0.01687	0.01227	0.00617	0.00501	0.00154	0.00426	0.00500	0.00615	0.00848
77	0.01012	0.00994	0.08065	0.01239	0.01533	0.00835	0.27978	0.01275	0.01083	0.07629	0.11298	0.10100	0.01772	0.16669	0.06010	0.00269	0.00630	0.00708	0.00347	0.00553
78	0.01572	0.00901	0.01268	0.05169	0.15001	0.02601	0.02351	0.05240	0.02687	0.35463	0.04376	0.08580	0.02545	0.00759	0.00536	0.00166	0.00473	0.09118	0.00476	0.00716
79	0.00713	0.00465	0.00617	0.00699	0.00757	0.00429	0.00478	0.00815	0.01009	0.06204	0.06426	0.71975	0.04585	0.01471	0.00625	0.00197	0.00294	0.01328	0.00476	0.00436
80	0.00952	0.00907	0.01560	0.77732	0.03396	0.01114	0.04802	0.01288	0.01005	0.01288	0.00891	0.01330	0.00669	0.00495	0.00502	0.00166	0.00672	0.00449	0.00223	0.00559
81	0.01090	0.13578	0.65338	0.01329	0.02006	0.01289	0.01661	0.05359	0.01111	0.01600	0.00882	0.01025	0.00643	0.00473	0.00454	0.00150	0.00699	0.00358	0.00225	0.00729
82	0.01553	0.01321	0.05326	0.02893	0.22103	0.03478	0.01108	0.31652	0.16706	0.06795	0.01304	0.01352	0.00967	0.00564	0.00497	0.00153	0.00543	0.00465	0.00416	0.00804
83	0.02706	0.00893	0.01542	0.01176	0.01474	0.00870	0.31436	0.06237	0.01183	0.03095	0.01338	0.01587	0.01026	0.00516	0.00456	0.00140	0.00503	0.00510	0.42729	0.00580
84	0.01944	0.00869	0.01127	0.00915	0.01260	0.00813	0.00753	0.04348	0.12600	0.58814	0.02020	0.02088	0.01424	0.00699	0.00520	0.00164	0.00427	0.07833	0.00583	0.00802
85	0.01240	0.01071	0.01127	0.01014	0.01296	0.01240	0.00789	0.02649	0.78473	0.02085	0.02029	0.01860	0.01522	0.00676	0.00507	0.00169	0.00394	0.00564	0.00507	0.00789
86	0.01175	0.13981	0.03396	0.00786	0.01230	0.00891	0.00677	0.01394	0.01062	0.07714	0.00941	0.01049	0.00759	0.00401	0.00374	0.00088	0.00409	0.00309	0.00305	0.63058
87	0.00597	0.00505	0.00516	0.00513	0.00678	0.00424	0.00385	0.00731	0.01155	0.01392	0.10157	0.04723	0.74036	0.01246	0.00589	0.00168	0.00251	0.01042	0.00469	0.00424
88	0.00698	0.00579	0.00955	0.00918	0.01023	0.00541	0.12751	0.00838	0.00990	0.01324	0.02470	0.69277	0.02892	0.01380	0.00629	0.00197	0.00377	0.01285	0.00429	0.00447
89	0.01206	0.01213	0.05615	0.02352	0.52231	0.02276	0.01311	0.01774	0.19581	0.01734	0.03354	0.01503	0.02546	0.00533	0.00499	0.00154	0.00541	0.00491	0.00319	0.00768
90	0.01176	0.01345	0.02941	0.02101	0.02605	0.01261	0.77563	0.01597	0.01176	0.01597	0.01008	0.01345	0.00756	0.00420	0.00588	0.00168	0.00840	0.00588	0.00252	0.00672

[dist]
# distance from previous block
# <min> <max>
0	25

[block]
# block no. 2 follows, 50 sequences, length 48
# corresponding to MSA columns:
# 909-956
name=unknown_C
#
# <colnr> <probs for GDERKNQSTAVLIFYWHMCP>
#	G	D	E	R	K	N	Q	S	T	A	V	L	I	F	Y	W	H	M	C	P
0	0.00689	0.00504	0.00647	0.00620	0.00737	0.00462	0.00462	0.00906	0.01359	0.01897	0.67916	0.08605	0.11187	0.01074	0.00591	0.00161	0.00240	0.00946	0.00536	0.00462
1	0.00964	0.00909	0.01536	0.75238	0.09303	0.01113	0.01396	0.01293	0.01007	0.01301	0.00890	0.01322	0.00674	0.00494	0.00498	0.00165	0.00659	0.00443	0.00223	0.00572
2	0.01684	0.08014	0.14968	0.01240	0.01629	0.40419	0.01101	0.21789	0.01566	0.01783	0.00898	0.00996	0.00694	0.00523	0.00457	0.00137	0.00752	0.00359	0.00309	0.00680
3	0.01333	0.82783	0.02612	0.00853	0.01279	0.01972	0.00853	0.01493	0.01013	0.01173	0.00693	0.00800	0.00640	0.00426	0.00320	0.00107	0.00533	0.00267	0.00213	0.00640
4	0.00705	0.00510	0.00666	0.00627	0.00745	0.00470	0.00470	0.00941	0.01411	0.01999	0.79110	0.03723	0.04703	0.01019	0.00588	0.00157	0.00235	0.00901	0.00549	0.00470
5	0.01045	0.00902	0.00941	0.00862	0.01110	0.00995	0.00666	0.02071	0.55349	0.01864	0.02932	0.02738	0.24738	0.00851	0.00532	0.00169	0.00352	0.00710	0.00494	0.00679
6	0.00941	0.00886	0.01495	0.81285	0.03433	0.01107	0.01384	0.01274	0.00997	0.01274	0.00886	0.01329	0.00664	0.00498	0.00498	0.00166	0.00664	0.00443	0.00221	0.00554
7	0.00716	0.00518	0.00720	0.00720	0.00781	0.00579	0.00522	0.00838	0.00777	0.01097	0.01409	0.02369	0.01424	0.28547	0.55943	0.00701	0.01067	0.00594	0.00278	0.00400
8	0.00941	0.00872	0.01462	0.78707	0.03342	0.01087	0.01351	0.01270	0.00998	0.01292	0.00910	0.01346	0.00684	0.00501	0.00494	0.00165	0.00651	0.00444	0.02933	0.00551
9	0.00712	0.00534	0.00801	0.00801	0.00890	0.00623	0.00623	0.00890	0.00801	0.01157	0.01335	0.01958	0.01246	0.03738	0.80507	0.00801	0.01335	0.00534	0.00267	0.00445
10	0.86003	0.00964	0.00733	0.00655	0.00964	0.01118	0.00540	0.01465	0.00848	0.02236	0.00694	0.00810	0.00540	0.00463	0.00308	0.00154	0.00386	0.00270	0.00308	0.00540
11	0.01333	0.82783	0.02612	0.00853	0.01279	0.01972	0.00853	0.01493	0.01013	0.01173	0.00693	0.00800	0.00640	0.00426	0.00320	0.00107	0.00533	0.00267	0.00213	0.00640
12	0.01000	0.02578	0.79900	0.01421	0.02157	0.01158	0.01842	0.01579	0.01052	0.01579	0.00895	0.01052	0.00631	0.00474	0.00474	0.00158	0.00737	0.00368	0.00210	0.00737
13	0.01176	0.01345	0.02941	0.02101	0.02605	0.01261	0.77563	0.01597	0.01176	0.01597	0.01008	0.01345	0.00756	0.00420	0.00588	0.00168	0.00840	0.00588	0.00252	0.00672
14	0.01091	0.01091	0.01527	0.01309	0.01309	0.01527	0.01091	0.01200	0.00763	0.01200	0.00654	0.01091	0.00654	0.00872	0.01636	0.00218	0.81570	0.00436	0.00218	0.00545
15	0.00607	0.00434	0.00578	0.00694	0.00723	0.00405	0.00463	0.00694	0.00954	0.01272	0.02747	0.82157	0.03297	0.01562	0.00636	0.00202	0.00289	0.01417	0.00463	0.00405
16	0.01158	0.40648	0.43215	0.01151	0.01741	0.01544	0.01372	0.01538	0.01034	0.01386	0.00799	0.00932	0.00635	0.00451	0.00401	0.00134	0.00640	0.00320	0.00212	0.00691
17	0.01000	0.02578	0.79900	0.01421	0.02157	0.01158	0.01842	0.01579	0.01052	0.01579	0.00895	0.01052	0.00631	0.00474	0.00474	0.00158	0.00737	0.00368	0.00210	0.00737
18	0.02236	0.00848	0.01157	0.00887	0.01272	0.00733	0.00733	0.02429	0.01427	0.79719	0.01966	0.01697	0.01234	0.00617	0.00501	0.00154	0.00424	0.00501	0.00617	0.00848
19	0.00607	0.00434	0.00578	0.00694	0.00723	0.00405	0.00463	0.00694	0.00954	0.01272	0.02747	0.82157	0.03297	0.01562	0.00636	0.00202	0.00289	0.01417	0.00463	0.00405
20	0.01266	0.08332	0.01981	0.02577	0.61256	0.01191	0.03839	0.01545	0.01157	0.05923	0.05365	0.01364	0.01020	0.00484	0.00487	0.00146	0.00566	0.00462	0.00281	0.00758
21	0.00901	0.00837	0.01384	0.71902	0.03115	0.01027	0.01272	0.01207	0.01002	0.01277	0.01230	0.06454	0.05163	0.00605	0.00512	0.00168	0.00619	0.00536	0.00250	0.00537
22	0.00589	0.00505	0.00505	0.00505	0.00673	0.00421	0.00379	0.00715	0.01136	0.01347	0.05049	0.04797	0.79171	0.01262	0.00589	0.00168	0.00252	0.01052	0.00463	0.00421
23	0.00725	0.00483	0.00544	0.00544	0.00544	0.00483	0.00302	0.00725	0.00725	0.00966	0.01571	0.03262	0.01812	0.82483	0.02537	0.00483	0.00483	0.00725	0.00302	0.00302
24	0.01136	0.01227	0.02512	0.18481	0.13859	0.01218	0.50960	0.01521	0.01134	0.01535	0.00973	0.01325	0.00742	0.00440	0.00556	0.00165	0.00768	0.00538	0.00245	0.00665
25	0.00735	0.00556	0.00770	0.00743	0.00856	0.00596	0.00562	0.00890	0.00830	0.01183	0.01536	0.02215	0.05656	0.14135	0.58223	0.00658	0.01072	0.00568	0.00285	0.07930
26	0.68764	0.01187	0.00857	0.00771	0.01070	0.13377	0.00618	0.01606	0.04826	0.02072	0.00773	0.00876	0.00605	0.00481	0.00340	0.00151	0.00465	0.00293	0.00310	0.00558
27	0.00904	0.00889	0.01704	0.17736	0.02027	0.00890	0.31145	0.01176	0.01055	0.01405	0.01677	0.32198	0.01746	0.00889	0.00590	0.00182	0.00587	0.02327	0.00330	0.00542
28	0.61919	0.00941	0.00821	0.00682	0.01028	0.00991	0.00558	0.01433	0.00910	0.03866	0.00773	0.00889	0.00608	0.00442	0.00329	0.00133	0.00382	0.00282	0.00312	0.22701
29	0.81226	0.00960	0.00775	0.05184	0.01103	0.01118	0.00587	0.01454	0.00857	0.02182	0.00705	0.00839	0.00547	0.00465	0.00319	0.00155	0.00401	0.00280	0.00304	0.00541
30	0.86003	0.00964	0.00733	0.00655	0.00964	0.01118	0.00540	0.01465	0.00848	0.02236	0.00694	0.00810	0.00540	0.00463	0.00308	0.00154	0.00386	0.00270	0.00308	0.00540
31	0.00600	0.00493	0.00529	0.00546	0.00687	0.00421	0.00400	0.00727	0.01124	0.01379	0.09757	0.18064	0.60954	0.01297	0.00597	0.00173	0.00258	0.01105	0.00469	0.00421
32	0.01326	0.00945	0.01267	0.10255	0.01576	0.00839	0.05899	0.08069	0.01229	0.16585	0.01220	0.01313	0.02583	0.00474	0.00440	0.00115	0.00458	0.00401	0.00366	0.44640
33	0.00992	0.00901	0.01515	0.74797	0.07571	0.01102	0.01375	0.01319	0.01016	0.03406	0.00918	0.01334	0.00687	0.00499	0.00498	0.00165	0.00654	0.00445	0.00234	0.00575
34	0.01074	0.01085	0.01532	0.65080	0.09912	0.10345	0.01348	0.01379	0.01057	0.01299	0.00877	0.01270	0.00673	0.00495	0.00492	0.00160	0.00685	0.00429	0.00228	0.00577
35	0.01588	0.03181	0.01528	0.01188	0.01520	0.11588	0.09772	0.44495	0.01811	0.02339	0.01276	0.08918	0.01094	0.04828	0.02397	0.00184	0.00617	0.00551	0.00414	0.00710
36	0.06964	0.00831	0.01079	0.00863	0.01207	0.00755	0.00701	0.02232	0.05678	0.63880	0.01964	0.08752	0.01391	0.00695	0.00502	0.00159	0.00408	0.00572	0.00579	0.00788
37	0.01034	0.00886	0.01034	0.00738	0.01181	0.00664	0.00591	0.01255	0.01034	0.01624	0.00886	0.01034	0.00738	0.00369	0.00369	0.00074	0.00369	0.00295	0.00295	0.85530
38	0.00854	0.00833	0.05715	0.01039	0.11478	0.00738	0.00733	0.01299	0.15768	0.01676	0.18754	0.03344	0.31437	0.00948	0.00557	0.00165	0.00358	0.03291	0.00444	0.00570
39	0.00607	0.00434	0.00578	0.00694	0.00723	0.00405	0.00463	0.00694	0.00954	0.01272	0.02747	0.82157	0.03297	0.01562	0.00636	0.00202	0.00289	0.01417	0.00463	0.00405
40	0.01093	0.01184	0.05207	0.04299	0.10518	0.01106	0.40133	0.01606	0.12100	0.01692	0.10421	0.01843	0.05249	0.00575	0.00559	0.00164	0.00641	0.00615	0.00330	0.00664
41	0.23291	0.00974	0.01066	0.02479	0.10890	0.05881	0.00830	0.10338	0.03514	0.03624	0.01582	0.09303	0.01550	0.00841	0.00511	0.00177	0.00480	0.21693	0.00387	0.00590
42	0.00597	0.00501	0.00518	0.00523	0.00680	0.00423	0.00389	0.00727	0.01140	0.01379	0.09068	0.09458	0.70358	0.01267	0.00592	0.00170	0.00254	0.01066	0.00468	0.00423
43	0.01098	0.00959	0.01602	0.63564	0.05452	0.01127	0.07099	0.06035	0.01120	0.05757	0.00975	0.01339	0.00718	0.00503	0.00505	0.00164	0.00655	0.00458	0.00263	0.00604
44	0.01000	0.02578	0.79900	0.01421	0.02157	0.01158	0.01842	0.01579	0.01052	0.01579	0.00895	0.01052	0.00631	0.00474	0.00474	0.00158	0.00737	0.00368	0.00210	0.00737
45	0.01012	0.02373	0.68588	0.01476	0.02167	0.01149	0.10606	0.01562	0.01077	0.01593	0.03240	0.01166	0.00767	0.00484	0.00490	0.00159	0.00734	0.00410	0.00225	0.00721
46	0.00756	0.00534	0.00691	0.00645	0.00773	0.00499	0.00486	0.01026	0.03709	0.03781	0.75046	0.03621	0.04529	0.01000	0.00583	0.00157	0.00244	0.00882	0.00549	0.00488
47	0.03853	0.03377	0.01118	0.07220	0.01358	0.01064	0.02467	0.08157	0.39048	0.04245	0.02316	0.07731	0.14360	0.00793	0.00518	0.00167	0.00412	0.00665	0.00456	0.00674

[dist]
# distance from previous block
# <min> <max>
0	2

[block]
# block no. 3 follows, 50 sequences, length 13
# corresponding to MSA columns:
# 959-971
name=unknown_D
#
# <colnr> <probs for GDERKNQSTAVLIFYWHMCP>
#	G	D	E	R	K	N	Q	S	T	A	V	L	I	F	Y	W	H	M	C	P
0	0.01309	0.46439	0.14240	0.01076	0.01507	0.14002	0.06141	0.01551	0.01121	0.01330	0.06370	0.01100	0.00937	0.00489	0.00401	0.00126	0.00621	0.00358	0.00246	0.00635
1	0.64447	0.12389	0.01071	0.00757	0.01075	0.10578	0.00633	0.01531	0.00937	0.01970	0.00703	0.00819	0.00566	0.00464	0.00327	0.00145	0.00466	0.00275	0.00289	0.00558
2	0.01313	0.01038	0.01643	0.28281	0.36738	0.03022	0.01295	0.01590	0.01135	0.15019	0.01113	0.01394	0.00850	0.02794	0.00553	0.00164	0.00591	0.00458	0.00304	0.00703
3	0.00712	0.00534	0.00801	0.00801	0.00890	0.00623	0.00623	0.00890	0.00801	0.01157	0.01335	0.01958	0.01246	0.03738	0.80507	0.00801	0.01335	0.00534	0.00267	0.00445
4	0.01363	0.00771	0.00857	0.00742	0.00978	0.00800	0.00585	0.09387	0.18460	0.18028	0.01743	0.01759	0.01280	0.00611	0.00430	0.00139	0.00339	0.00493	0.40582	0.00654
5	0.00613	0.00438	0.00584	0.00690	0.00724	0.00409	0.00463	0.00709	0.00982	0.01316	0.07327	0.77454	0.03381	0.01529	0.00633	0.00200	0.00286	0.01386	0.00468	0.00409
6	0.00873	0.00559	0.00714	0.00655	0.00802	0.00525	0.00498	0.01153	0.04617	0.08610	0.64197	0.03350	0.04048	0.00941	0.00561	0.00154	0.00258	0.00824	0.06146	0.00515
7	0.00607	0.00434	0.00578	0.00694	0.00723	0.00405	0.00463	0.00694	0.00954	0.01272	0.02747	0.82157	0.03297	0.01562	0.00636	0.00202	0.00289	0.01417	0.00463	0.00405
8	0.00817	0.01109	0.21836	0.01012	0.06751	0.00704	0.00913	0.01140	0.01272	0.01807	0.46109	0.02950	0.08019	0.00857	0.00553	0.00159	0.00401	0.02601	0.00429	0.00561
9	0.00725	0.00483	0.00544	0.00544	0.00544	0.00483	0.00302	0.00725	0.00725	0.00966	0.01571	0.03262	0.01812	0.82483	0.02537	0.00483	0.00483	0.00725	0.00302	0.00302
10	0.01207	0.07355	0.56885	0.01419	0.06448	0.01238	0.01595	0.11008	0.01233	0.05651	0.00975	0.01097	0.00698	0.00491	0.00469	0.00153	0.00677	0.00383	0.00269	0.00753
11	0.02126	0.01026	0.01267	0.00971	0.01361	0.00996	0.00802	0.26855	0.01724	0.54872	0.01717	0.01534	0.01109	0.00611	0.00500	0.00153	0.00464	0.00484	0.00579	0.00848
12	0.01235	0.01135	0.01755	0.02398	0.55717	0.01115	0.01279	0.05794	0.06426	0.01743	0.01017	0.01238	0.00833	0.00455	0.00472	0.00136	0.00536	0.00426	0.00287	0.16004

[dist]
# distance from previous block
# <min> <max>
0	2

[block]
# block no. 4 follows, 50 sequences, length 14
# corresponding to MSA columns:
# 974-987
name=unknown_E
#
# <colnr> <probs for GDERKNQSTAVLIFYWHMCP>
#	G	D	E	R	K	N	Q	S	T	A	V	L	I	F	Y	W	H	M	C	P
0	0.00643	0.00459	0.00619	0.00735	0.00779	0.00436	0.00525	0.00756	0.00990	0.01312	0.02728	0.68199	0.03219	0.01528	0.00646	0.00207	0.00320	0.15023	0.00462	0.00415
1	0.01189	0.14619	0.34620	0.01580	0.07886	0.01345	0.19469	0.07393	0.04220	0.01662	0.00961	0.01138	0.00726	0.00469	0.00481	0.00151	0.00691	0.00424	0.00257	0.00721
2	0.00767	0.00735	0.06711	0.05290	0.06979	0.00636	0.00704	0.01019	0.07321	0.01355	0.02215	0.48627	0.03722	0.10544	0.00812	0.00222	0.00396	0.01056	0.00400	0.00487
3	0.07237	0.08092	0.09741	0.01075	0.01499	0.01387	0.00968	0.47506	0.01850	0.10441	0.01186	0.02528	0.00865	0.00574	0.00468	0.00147	0.00535	0.00431	0.00438	0.03032
4	0.01303	0.46945	0.14429	0.01384	0.13772	0.01601	0.06935	0.01570	0.01073	0.05585	0.00855	0.00997	0.00703	0.00446	0.00401	0.00128	0.00591	0.00347	0.00243	0.00692
5	0.00780	0.00461	0.00589	0.00592	0.00593	0.00460	0.00361	0.00693	0.00700	0.00934	0.01313	0.04883	0.01463	0.46539	0.02236	0.35783	0.00457	0.00624	0.00271	0.00270
6	0.01096	0.02234	0.57559	0.01422	0.05951	0.07081	0.01584	0.01718	0.11016	0.01610	0.01088	0.03540	0.00833	0.00533	0.00482	0.00158	0.00684	0.00425	0.00261	0.00724
7	0.01133	0.13240	0.17959	0.05994	0.27901	0.01234	0.09667	0.01538	0.05441	0.01586	0.07379	0.01387	0.01087	0.00507	0.00481	0.00148	0.00600	0.00461	0.00274	0.01983
8	0.00930	0.00845	0.01386	0.62668	0.08751	0.01015	0.01225	0.01207	0.00965	0.01252	0.00997	0.01625	0.00854	0.13361	0.00818	0.00215	0.00631	0.00487	0.00236	0.00532
9	0.01103	0.01288	0.06564	0.13648	0.02587	0.01183	0.57558	0.01507	0.01158	0.01573	0.05906	0.01477	0.00985	0.00472	0.00569	0.00167	0.00771	0.00575	0.00264	0.00645
10	0.03539	0.01230	0.11682	0.00965	0.01394	0.08173	0.00874	0.02051	0.01295	0.46852	0.01499	0.01403	0.00998	0.00542	0.00466	0.00138	0.00500	0.00426	0.00467	0.15507
11	0.01295	0.01204	0.01974	0.02882	0.72164	0.01218	0.01476	0.08587	0.01247	0.01769	0.00962	0.01230	0.00795	0.00458	0.00494	0.00148	0.00588	0.00445	0.00270	0.00795
12	0.00715	0.00527	0.00578	0.00551	0.00640	0.00482	0.00351	0.00771	0.00871	0.01136	0.02500	0.03493	0.23781	0.51707	0.01781	0.00355	0.00407	0.00778	0.00347	0.08231
13	0.01390	0.01124	0.03281	0.01300	0.01693	0.01093	0.23931	0.02138	0.31474	0.16935	0.01580	0.01580	0.01144	0.00555	0.00517	0.00157	0.00539	0.00530	0.00426	0.08614

[dist]
# distance from previous block
# <min> <max>
0	1

[block]
# block no. 5 follows, 50 sequences, length 14
# corresponding to MSA columns:
# 989-1002
name=unknown_F
#
# <colnr> <probs for GDERKNQSTAVLIFYWHMCP>
#	G	D	E	R	K	N	Q	S	T	A	V	L	I	F	Y	W	H	M	C	P
0	0.00725	0.00483	0.00544	0.00544	0.00544	0.00483	0.00302	0.00725	0.00725	0.00966	0.01571	0.03262	0.01812	0.82483	0.02537	0.00483	0.00483	0.00725	0.00302	0.00302
1	0.00956	0.00663	0.00731	0.00663	0.00741	0.00693	0.00429	0.15908	0.01044	0.01395	0.01497	0.02855	0.01622	0.66334	0.02135	0.00417	0.00496	0.00670	0.00341	0.00410
2	0.69182	0.00874	0.00720	0.00650	0.00921	0.00990	0.00526	0.01362	0.00959	0.02190	0.16159	0.01384	0.01361	0.00572	0.00364	0.00155	0.00356	0.00394	0.00356	0.00526
3	0.00950	0.00797	0.00944	0.00730	0.01091	0.00613	0.00565	0.01144	0.01018	0.01555	0.01253	0.17032	0.01243	0.00604	0.00422	0.00099	0.00353	0.00517	0.00328	0.68742
4	0.57516	0.03435	0.16472	0.02987	0.01323	0.08112	0.00864	0.01529	0.00946	0.01966	0.00745	0.00879	0.00573	0.00469	0.00359	0.00152	0.00511	0.00298	0.00280	0.00585
5	0.00625	0.00492	0.00565	0.00577	0.00703	0.00432	0.00421	0.00774	0.01178	0.01515	0.25424	0.19752	0.43264	0.01253	0.00598	0.00172	0.00255	0.01082	0.00487	0.00432
6	0.01204	0.00969	0.01200	0.16880	0.05256	0.01090	0.00899	0.09777	0.35322	0.05681	0.12643	0.01984	0.03558	0.00682	0.00517	0.00163	0.00448	0.00579	0.00448	0.00698
7	0.01831	0.00791	0.01037	0.00850	0.01154	0.00718	0.00678	0.07739	0.01386	0.54953	0.02047	0.17534	0.01613	0.00800	0.00521	0.00162	0.00398	0.00676	0.04369	0.00744
8	0.04994	0.04902	0.40712	0.01666	0.20136	0.04366	0.01470	0.01630	0.02991	0.07525	0.01068	0.04472	0.00842	0.00527	0.00474	0.00154	0.00635	0.00434	0.00274	0.00726
9	0.00711	0.00506	0.00599	0.00605	0.00736	0.00446	0.00443	0.00858	0.01173	0.05690	0.22831	0.24530	0.36565	0.01245	0.00596	0.00174	0.00267	0.01080	0.00493	0.00452
10	0.29598	0.01303	0.19739	0.00991	0.03691	0.01028	0.00931	0.04599	0.10612	0.08291	0.10222	0.04467	0.01344	0.00614	0.00446	0.00159	0.00465	0.00477	0.00374	0.00649
11	0.01185	0.01384	0.13358	0.05699	0.52265	0.03491	0.03436	0.01561	0.04137	0.01608	0.01012	0.01338	0.00838	0.00483	0.00493	0.00150	0.00611	0.02455	0.00259	0.04238
12	0.37605	0.03056	0.00913	0.00811	0.03392	0.00958	0.00628	0.05488	0.07946	0.04991	0.19982	0.01940	0.01819	0.00673	0.00439	0.00155	0.00374	0.04531	0.00409	0.03891
13	0.15018	0.03225	0.36688	0.01035	0.01480	0.05212	0.01137	0.01413	0.01120	0.03762	0.19837	0.01752	0.01666	0.03953	0.00555	0.00168	0.00544	0.00495	0.00325	0.00615

[dist]
# distance from previous block
# <min> <max>
0	4

[block]
# block no. 6 follows, 50 sequences, length 12
# corresponding to MSA columns:
# 1009-1020
name=unknown_G
#
# <colnr> <probs for GDERKNQSTAVLIFYWHMCP>
#	G	D	E	R	K	N	Q	S	T	A	V	L	I	F	Y	W	H	M	C	P
0	0.05216	0.15334	0.06154	0.01309	0.10087	0.17970	0.01009	0.13866	0.09836	0.07557	0.01067	0.01149	0.00827	0.00549	0.00524	0.00145	0.05966	0.00394	0.00338	0.00703
1	0.11372	0.00619	0.00760	0.02037	0.06059	0.00617	0.00606	0.01002	0.02859	0.01619	0.17129	0.24034	0.15291	0.01134	0.00572	0.00182	0.00340	0.12846	0.00442	0.00482
2	0.00804	0.00632	0.00947	0.01117	0.13287	0.00671	0.00726	0.00992	0.00956	0.01349	0.11386	0.02570	0.01837	0.11974	0.40806	0.00523	0.00893	0.07721	0.00322	0.00487
3	0.01141	0.13948	0.40535	0.01529	0.14092	0.08226	0.01455	0.01535	0.01102	0.01485	0.01052	0.01532	0.00904	0.00565	0.00476	0.00154	0.00668	0.08668	0.00248	0.00686
4	0.00972	0.00757	0.00966	0.00976	0.09538	0.00732	0.00665	0.13186	0.01473	0.02053	0.45248	0.02899	0.09360	0.00852	0.00544	0.00148	0.00337	0.00738	0.00478	0.08076
5	0.01254	0.00924	0.03704	0.26853	0.06638	0.00908	0.00961	0.08203	0.01231	0.14330	0.05694	0.01517	0.01097	0.00542	0.00465	0.00140	0.00490	0.00456	0.10489	0.14104
6	0.00671	0.00514	0.00733	0.13464	0.01155	0.00523	0.00610	0.00813	0.01011	0.01352	0.10837	0.60730	0.03034	0.01333	0.00609	0.00192	0.00343	0.01206	0.00434	0.00436
7	0.00716	0.00599	0.00790	0.00970	0.13174	0.00548	0.00595	0.00882	0.01151	0.01497	0.17618	0.19363	0.37957	0.01147	0.00583	0.00170	0.00310	0.01000	0.00444	0.00485
8	0.01544	0.01059	0.01179	0.00967	0.01263	0.01137	0.00773	0.44236	0.06941	0.09467	0.06091	0.14311	0.01566	0.00781	0.00516	0.00158	0.00447	0.00642	0.06193	0.00726
9	0.01358	0.21035	0.04377	0.10298	0.14116	0.20197	0.09485	0.01674	0.06278	0.02643	0.00984	0.03604	0.00829	0.00513	0.00457	0.00141	0.00666	0.00424	0.00268	0.00652
10	0.22626	0.03579	0.02068	0.09752	0.03610	0.08075	0.00789	0.06308	0.17287	0.02864	0.14816	0.03395	0.01593	0.00645	0.00461	0.00156	0.00460	0.00509	0.00390	0.00617
11	0.06248	0.04620	0.18985	0.08173	0.01709	0.03179	0.02038	0.17719	0.15855	0.01993	0.01203	0.01282	0.01898	0.00534	0.00459	0.00144	0.00545	0.00419	0.00351	0.12648

[dist]
# distance from previous block
# <min> <max>
0	153

# created by:
# /st0/software/busco_prod/Augustus/scripts/msa2prfl.pl ./align_prep/188938.fa
