[name]
unknown

[dist]
# distance from previous block
# <min> <max>
40	85

[block]
# block no. 0 follows, 43 sequences, length 18
# corresponding to MSA columns:
# 115-132
name=unknown_A
#
# <colnr> <probs for GDERKNQSTAVLIFYWHMCP>
#	G	D	E	R	K	N	Q	S	T	A	V	L	I	F	Y	W	H	M	C	P
0	0.03327	0.03899	0.03743	0.02636	0.07077	0.07814	0.05109	0.14025	0.04125	0.09229	0.03306	0.04210	0.11983	0.00752	0.00600	0.00163	0.04213	0.00608	0.03330	0.09849
1	0.10527	0.01460	0.15509	0.04356	0.04101	0.04011	0.06383	0.12686	0.05277	0.04268	0.08131	0.03112	0.05519	0.00675	0.00528	0.00164	0.00574	0.00557	0.03401	0.08759
2	0.15129	0.07349	0.12797	0.06727	0.01710	0.03569	0.03704	0.14689	0.06669	0.05350	0.03332	0.03118	0.04821	0.00646	0.00500	0.00164	0.00572	0.00506	0.02395	0.06254
3	0.01274	0.05635	0.01549	0.31871	0.02356	0.03929	0.04298	0.06278	0.03925	0.07294	0.04359	0.03845	0.06953	0.00683	0.00583	0.00167	0.03123	0.00572	0.00363	0.10943
4	0.01299	0.01115	0.01515	0.40296	0.07356	0.06107	0.01237	0.07449	0.03218	0.07160	0.06956	0.01841	0.04989	0.00670	0.00603	0.00176	0.03486	0.00558	0.00358	0.03613
5	0.27035	0.01180	0.04646	0.05439	0.01431	0.03876	0.00838	0.12214	0.12493	0.07646	0.10686	0.04388	0.03165	0.00724	0.00504	0.00175	0.00485	0.00562	0.01805	0.00707
6	0.17557	0.02089	0.05731	0.01240	0.01563	0.46038	0.00994	0.09083	0.01491	0.01805	0.01056	0.06878	0.00932	0.00653	0.00492	0.00158	0.00792	0.00453	0.00336	0.00659
7	0.01088	0.01115	0.06767	0.02935	0.01282	0.09044	0.00888	0.05458	0.01071	0.01436	0.01332	0.03854	0.01279	0.13979	0.34512	0.00543	0.11971	0.00587	0.00308	0.00553
8	0.27512	0.01156	0.04041	0.00978	0.01390	0.01127	0.00832	0.12569	0.06333	0.36303	0.01590	0.01489	0.01069	0.00628	0.00490	0.00172	0.00488	0.00469	0.00537	0.00828
9	0.84448	0.01071	0.00814	0.00728	0.01071	0.01242	0.00600	0.01628	0.00943	0.02485	0.00771	0.00900	0.00600	0.00514	0.00343	0.00171	0.00428	0.00300	0.00343	0.00600
10	0.00880	0.00649	0.00819	0.00808	0.00937	0.00651	0.00603	0.01233	0.09914	0.03867	0.37619	0.25194	0.06632	0.01265	0.00701	0.00196	0.03109	0.03810	0.00559	0.00554
11	0.01238	0.07027	0.02078	0.40328	0.19024	0.01310	0.12728	0.01590	0.01191	0.04219	0.01068	0.01445	0.00824	0.00529	0.00548	0.00174	0.00717	0.00506	0.02751	0.00707
12	0.00696	0.00499	0.00628	0.00722	0.00763	0.00467	0.00474	0.00779	0.01033	0.01361	0.03052	0.59787	0.10006	0.15707	0.01077	0.00277	0.00356	0.01401	0.00482	0.00431
13	0.01147	0.05404	0.65346	0.03688	0.07938	0.01322	0.04110	0.01739	0.01177	0.01734	0.00993	0.01192	0.00720	0.00521	0.00526	0.00173	0.00800	0.00421	0.00239	0.00812
14	0.12123	0.07084	0.59722	0.01416	0.02135	0.01353	0.01747	0.05139	0.01203	0.01904	0.00967	0.01125	0.00700	0.00528	0.00493	0.00171	0.00744	0.00392	0.00263	0.00789
15	0.01578	0.01151	0.01293	0.04489	0.04318	0.03658	0.00901	0.10012	0.38022	0.15596	0.06484	0.02193	0.06289	0.00769	0.00569	0.00179	0.00481	0.00636	0.00550	0.00831
16	0.00784	0.00566	0.00740	0.00697	0.00827	0.00523	0.00523	0.01045	0.01568	0.02221	0.76789	0.04137	0.05226	0.01132	0.00653	0.00174	0.00261	0.01002	0.00610	0.00523
17	0.04092	0.21385	0.20955	0.01221	0.01768	0.04076	0.07055	0.06390	0.01304	0.07962	0.02430	0.01229	0.00887	0.00520	0.00471	0.00142	0.00635	0.00408	0.00326	0.16744

[dist]
# distance from previous block
# <min> <max>
0	7

[block]
# block no. 1 follows, 43 sequences, length 16
# corresponding to MSA columns:
# 140-155
name=unknown_B
#
# <colnr> <probs for GDERKNQSTAVLIFYWHMCP>
#	G	D	E	R	K	N	Q	S	T	A	V	L	I	F	Y	W	H	M	C	P
0	0.31340	0.04550	0.06243	0.01440	0.15930	0.05876	0.01015	0.09675	0.03879	0.08087	0.03279	0.04238	0.01049	0.00613	0.00473	0.00169	0.00553	0.00467	0.00386	0.00739
1	0.07102	0.01419	0.12842	0.01375	0.09227	0.01227	0.03386	0.20205	0.10874	0.09428	0.04464	0.04039	0.05995	0.00707	0.00545	0.00171	0.00554	0.00583	0.02049	0.03807
2	0.52457	0.01191	0.06361	0.00964	0.04041	0.01188	0.00799	0.06703	0.03736	0.10810	0.03932	0.01260	0.00949	0.00615	0.00473	0.02560	0.00477	0.00400	0.00400	0.00683
3	0.01301	0.01245	0.02122	0.19626	0.61399	0.01298	0.01665	0.01639	0.01228	0.01725	0.01029	0.01393	0.00848	0.00506	0.00549	0.00169	0.00675	0.00493	0.00268	0.00821
4	0.01293	0.01062	0.03925	0.01005	0.01274	0.01071	0.00804	0.25765	0.15090	0.02325	0.06526	0.25538	0.09800	0.01095	0.00616	0.00190	0.00448	0.00934	0.00531	0.00708
5	0.01046	0.00984	0.01661	0.79205	0.03814	0.01230	0.01538	0.01415	0.01107	0.01415	0.00984	0.01477	0.00738	0.00554	0.00554	0.00185	0.00738	0.00492	0.00246	0.00615
6	0.00680	0.00506	0.00634	0.00720	0.00794	0.00460	0.00495	0.00801	0.01149	0.01505	0.10296	0.57381	0.19339	0.01610	0.00691	0.00212	0.00307	0.01436	0.00523	0.00460
7	0.01481	0.80869	0.02902	0.00948	0.01421	0.02191	0.00948	0.01658	0.01125	0.01303	0.00770	0.00888	0.00711	0.00474	0.00355	0.00118	0.00592	0.00296	0.00237	0.00711
8	0.02092	0.01280	0.01575	0.01214	0.01640	0.01325	0.05913	0.37208	0.08449	0.28671	0.01702	0.01614	0.01159	0.00666	0.00558	0.00170	0.00560	0.00541	0.02752	0.00912
9	0.00962	0.00481	0.00722	0.00722	0.00722	0.00481	0.00481	0.00722	0.00722	0.00962	0.00962	0.01684	0.00962	0.01924	0.02165	0.83886	0.00481	0.00481	0.00241	0.00241
10	0.00669	0.00545	0.00592	0.00615	0.00766	0.00468	0.00448	0.00810	0.01245	0.01537	0.10745	0.20482	0.56255	0.01449	0.00665	0.00194	0.00287	0.01238	0.00522	0.00468
11	0.02143	0.01491	0.01625	0.01245	0.01687	0.01627	0.01029	0.68008	0.02502	0.10860	0.01415	0.01385	0.00985	0.00667	0.00554	0.00167	0.00596	0.00504	0.00567	0.00942
12	0.07245	0.01390	0.01570	0.01329	0.06681	0.01497	0.01021	0.50870	0.04916	0.15696	0.01453	0.01426	0.01015	0.00651	0.00541	0.00168	0.00572	0.00500	0.00544	0.00914
13	0.01092	0.01063	0.01892	0.66366	0.06462	0.01256	0.11087	0.01472	0.01139	0.01477	0.01004	0.01475	0.00757	0.00540	0.00566	0.00184	0.00761	0.00513	0.00252	0.00642
14	0.00673	0.00539	0.00601	0.00633	0.00771	0.00468	0.00457	0.00812	0.01235	0.01543	0.11766	0.26140	0.49478	0.01469	0.00669	0.00196	0.00290	0.01266	0.00523	0.00468
15	0.18122	0.12836	0.03292	0.05623	0.01630	0.19847	0.04403	0.04430	0.01250	0.01766	0.00978	0.01156	0.02256	0.00553	0.00522	0.00147	0.05112	0.00383	0.00306	0.15387

[dist]
# distance from previous block
# <min> <max>
0	2

[block]
# block no. 2 follows, 43 sequences, length 21
# corresponding to MSA columns:
# 158-178
name=unknown_C
#
# <colnr> <probs for GDERKNQSTAVLIFYWHMCP>
#	G	D	E	R	K	N	Q	S	T	A	V	L	I	F	Y	W	H	M	C	P
0	0.65581	0.05592	0.00979	0.05163	0.01232	0.01232	0.00673	0.01580	0.03018	0.02261	0.01019	0.07745	0.00906	0.00625	0.00392	0.00174	0.00446	0.00428	0.00352	0.00602
1	0.00731	0.00564	0.00667	0.00641	0.00795	0.00500	0.00481	0.00943	0.01443	0.01926	0.47806	0.04623	0.34393	0.01242	0.00654	0.00179	0.00269	0.01070	0.00571	0.00500
2	0.02105	0.01551	0.01662	0.01274	0.01717	0.01717	0.01053	0.75235	0.02604	0.03490	0.01330	0.01330	0.00942	0.00665	0.00554	0.00166	0.00609	0.00499	0.00554	0.00942
3	0.01046	0.00984	0.01661	0.79205	0.03814	0.01230	0.01538	0.01415	0.01107	0.01415	0.00984	0.01477	0.00738	0.00554	0.00554	0.00185	0.00738	0.00492	0.00246	0.00615
4	0.02419	0.00928	0.01264	0.00974	0.01391	0.00803	0.00803	0.02635	0.01584	0.74550	0.05075	0.01972	0.01520	0.00703	0.00561	0.00171	0.00463	0.00574	0.00683	0.00926
5	0.01046	0.00984	0.01661	0.79205	0.03814	0.01230	0.01538	0.01415	0.01107	0.01415	0.00984	0.01477	0.00738	0.00554	0.00554	0.00185	0.00738	0.00492	0.00246	0.00615
6	0.00758	0.00565	0.00705	0.00670	0.00812	0.00512	0.00503	0.00996	0.01508	0.02079	0.62804	0.04371	0.19300	0.01185	0.00653	0.00177	0.00265	0.01034	0.00591	0.00512
7	0.01307	0.01494	0.03268	0.02334	0.02894	0.01401	0.75070	0.01774	0.01307	0.01774	0.01120	0.01494	0.00840	0.00467	0.00654	0.00187	0.00934	0.00654	0.00280	0.00747
8	0.02157	0.01468	0.01611	0.01235	0.01676	0.01594	0.01020	0.65325	0.02465	0.13597	0.01447	0.01406	0.01000	0.00668	0.00554	0.00167	0.00591	0.00507	0.00572	0.00942
9	0.02078	0.01632	0.01641	0.01282	0.01708	0.08259	0.01048	0.66609	0.04933	0.03269	0.01320	0.01326	0.00947	0.00660	0.00550	0.00165	0.00637	0.00491	0.00531	0.00914
10	0.00655	0.00561	0.00561	0.00561	0.00748	0.00468	0.00421	0.00795	0.01262	0.01496	0.05610	0.05330	0.76857	0.01403	0.00655	0.00187	0.00281	0.01169	0.00514	0.00468
11	0.01105	0.01044	0.01767	0.65470	0.17090	0.01246	0.01567	0.01467	0.01135	0.01486	0.00995	0.01457	0.00763	0.00543	0.00553	0.00181	0.00724	0.00492	0.00251	0.00663
12	0.01911	0.01312	0.01774	0.01360	0.01766	0.01373	0.13176	0.37501	0.01956	0.19650	0.01572	0.06863	0.01196	0.00727	0.00653	0.00179	0.05044	0.00610	0.00518	0.00857
13	0.84448	0.01071	0.00814	0.00728	0.01071	0.01242	0.00600	0.01628	0.00943	0.02485	0.00771	0.00900	0.00600	0.00514	0.00343	0.00171	0.00428	0.00300	0.00343	0.00600
14	0.00805	0.00577	0.00728	0.00805	0.00870	0.00563	0.00550	0.07143	0.01178	0.01572	0.02830	0.69043	0.03336	0.06160	0.00815	0.00238	0.00358	0.01438	0.00507	0.00485
15	0.00868	0.00587	0.00756	0.00701	0.00854	0.00534	0.00530	0.01117	0.01543	0.06385	0.66511	0.04113	0.11137	0.01130	0.00648	0.00175	0.00275	0.00991	0.00606	0.00541
16	0.01701	0.01163	0.01401	0.01284	0.07270	0.01251	0.00947	0.27109	0.14762	0.16047	0.03878	0.12803	0.01634	0.00852	0.00652	0.00184	0.05004	0.00696	0.00536	0.00825
17	0.00776	0.00566	0.00730	0.00689	0.00823	0.00519	0.00516	0.01030	0.01549	0.02177	0.72509	0.04209	0.09533	0.01148	0.00653	0.00175	0.00262	0.01012	0.00604	0.00519
18	0.02069	0.02640	0.01569	0.01427	0.01712	0.78313	0.01070	0.02212	0.01569	0.01355	0.00856	0.00999	0.00713	0.00571	0.00499	0.00143	0.00999	0.00357	0.00285	0.00642
19	0.79378	0.03510	0.00905	0.00757	0.01093	0.01285	0.00629	0.01620	0.00945	0.02414	0.00770	0.00909	0.00607	0.00527	0.00388	0.00172	0.02846	0.00305	0.00336	0.00603
20	0.01082	0.01038	0.01794	0.58304	0.09731	0.01227	0.07878	0.01430	0.01124	0.01477	0.01109	0.05968	0.00926	0.00626	0.00623	0.00188	0.04000	0.00568	0.00267	0.00639

[dist]
# distance from previous block
# <min> <max>
0	15

[block]
# block no. 3 follows, 43 sequences, length 82
# corresponding to MSA columns:
# 194-209,211-220,222-277
name=unknown_D
#
# <colnr> <probs for GDERKNQSTAVLIFYWHMCP>
#	G	D	E	R	K	N	Q	S	T	A	V	L	I	F	Y	W	H	M	C	P
0	0.05865	0.00648	0.00809	0.00737	0.00913	0.00615	0.00564	0.01285	0.03546	0.09279	0.63336	0.03680	0.04498	0.01044	0.00624	0.00174	0.00296	0.00909	0.00600	0.00576
1	0.02105	0.01551	0.01662	0.01274	0.01717	0.01717	0.01053	0.75235	0.02604	0.03490	0.01330	0.01330	0.00942	0.00665	0.00554	0.00166	0.00609	0.00499	0.00554	0.00942
2	0.01118	0.01066	0.01502	0.01302	0.01323	0.01435	0.02561	0.01237	0.00856	0.01302	0.00947	0.01638	0.00967	0.12018	0.09417	0.00344	0.59601	0.00542	0.00261	0.00561
3	0.02978	0.01407	0.01261	0.01278	0.07581	0.23963	0.00926	0.07628	0.06859	0.04832	0.12790	0.02944	0.07693	0.00915	0.00596	0.00181	0.00614	0.14449	0.00450	0.00658
4	0.00741	0.00549	0.00691	0.00688	0.00809	0.00499	0.00503	0.00950	0.01419	0.01942	0.50498	0.18837	0.17240	0.01294	0.00664	0.00186	0.00276	0.01140	0.00575	0.00499
5	0.01274	0.01218	0.02074	0.25862	0.55371	0.01291	0.01652	0.01615	0.01216	0.01693	0.01025	0.01402	0.00836	0.00511	0.00550	0.00170	0.00682	0.00493	0.00266	0.00800
6	0.33358	0.02809	0.01107	0.00895	0.01233	0.01073	0.00734	0.05636	0.03134	0.24608	0.03417	0.04180	0.01245	0.02357	0.00582	0.00181	0.04041	0.03339	0.00472	0.05599
7	0.84448	0.01071	0.00814	0.00728	0.01071	0.01242	0.00600	0.01628	0.00943	0.02485	0.00771	0.00900	0.00600	0.00514	0.00343	0.00171	0.00428	0.00300	0.00343	0.00600
8	0.01481	0.80869	0.02902	0.00948	0.01421	0.02191	0.00948	0.01658	0.01125	0.01303	0.00770	0.00888	0.00711	0.00474	0.00355	0.00118	0.00592	0.00296	0.00237	0.00711
9	0.01196	0.01378	0.13294	0.02000	0.28369	0.03584	0.05336	0.03287	0.07114	0.01846	0.07816	0.06524	0.03242	0.00815	0.00602	0.00187	0.00611	0.11682	0.00378	0.00740
10	0.00764	0.00565	0.00713	0.00676	0.00815	0.00514	0.00507	0.01007	0.01522	0.02111	0.66023	0.04317	0.16060	0.01173	0.00653	0.00176	0.00264	0.01027	0.00595	0.00514
11	0.01793	0.10256	0.12639	0.01510	0.07650	0.31261	0.01241	0.20112	0.03237	0.01990	0.01025	0.01150	0.00801	0.00584	0.00536	0.00156	0.02532	0.00412	0.00343	0.00771
12	0.01032	0.00516	0.00516	0.00516	0.00645	0.00516	0.00387	0.01290	0.01161	0.02065	0.01807	0.02065	0.01420	0.00645	0.00387	0.00129	0.00258	0.00516	0.83611	0.00516
13	0.01303	0.01233	0.05742	0.01248	0.05758	0.01283	0.00966	0.02608	0.59678	0.02228	0.07649	0.02252	0.01892	0.00775	0.00573	0.00187	0.00462	0.02797	0.00530	0.00836
14	0.00686	0.00553	0.00610	0.00616	0.00772	0.00478	0.00454	0.00848	0.01307	0.01648	0.21199	0.13723	0.52403	0.01381	0.00660	0.00189	0.00281	0.01178	0.00536	0.00478
15	0.01994	0.01290	0.01465	0.01188	0.03326	0.01364	0.00946	0.45657	0.06523	0.19920	0.03377	0.03323	0.05552	0.00743	0.00566	0.00171	0.00538	0.00589	0.00576	0.00891
16	0.10827	0.12598	0.50233	0.01561	0.08894	0.01412	0.01683	0.01711	0.01137	0.01774	0.00936	0.01121	0.00708	0.00526	0.00518	0.00168	0.02770	0.00392	0.00251	0.00779
17	0.00719	0.00511	0.00676	0.00771	0.00828	0.00468	0.00520	0.00804	0.01045	0.01410	0.02812	0.71063	0.03342	0.01671	0.00775	0.05123	0.00336	0.01439	0.00487	0.05200
18	0.01361	0.01449	0.05768	0.02223	0.10535	0.01323	0.53595	0.01856	0.05572	0.06236	0.01292	0.03864	0.01002	0.00539	0.00628	0.00184	0.00826	0.00647	0.00325	0.00774
19	0.01166	0.01010	0.01234	0.01022	0.07224	0.00783	0.00738	0.01418	0.01157	0.01805	0.00989	0.01166	0.00825	0.00417	0.00421	0.00088	0.00429	0.00341	0.00324	0.77443
20	0.00763	0.00548	0.00707	0.00796	0.00857	0.00526	0.00545	0.05036	0.01178	0.01580	0.07278	0.71217	0.03599	0.01639	0.00695	0.00219	0.00334	0.01479	0.00522	0.00482
21	0.01211	0.05888	0.06215	0.47399	0.21552	0.01337	0.01547	0.05396	0.01228	0.01634	0.01005	0.01391	0.00780	0.00538	0.00539	0.00174	0.00708	0.00477	0.00268	0.00714
22	0.02485	0.00943	0.01285	0.00985	0.01414	0.00814	0.00814	0.02699	0.01585	0.77465	0.02185	0.01885	0.01371	0.00685	0.00557	0.00171	0.00471	0.00557	0.00685	0.00943
23	0.01147	0.05576	0.58142	0.01459	0.02138	0.05747	0.04175	0.01689	0.01246	0.01772	0.10502	0.01532	0.01276	0.00601	0.00538	0.00171	0.00754	0.00484	0.00286	0.00764
24	0.01495	0.00990	0.01195	0.00872	0.01348	0.00783	0.00705	0.03703	0.01292	0.19983	0.01281	0.01330	0.00956	0.00483	0.00449	0.00106	0.00430	0.00388	0.00420	0.61793
25	0.01117	0.02819	0.75200	0.01604	0.02414	0.01290	0.04467	0.01755	0.01174	0.01755	0.00998	0.01180	0.00706	0.00524	0.00530	0.00176	0.00822	0.00417	0.00235	0.00816
26	0.01525	0.69935	0.05700	0.01021	0.01489	0.09819	0.01003	0.01718	0.01172	0.01326	0.00787	0.00911	0.00711	0.00486	0.00377	0.00123	0.00642	0.00307	0.00242	0.00708
27	0.00675	0.00567	0.00590	0.00599	0.00780	0.00482	0.00459	0.00827	0.01269	0.01523	0.06812	0.05377	0.69803	0.01407	0.00663	0.00192	0.00298	0.06690	0.00516	0.00472
28	0.01263	0.02856	0.01214	0.00847	0.01334	0.00808	0.00685	0.03857	0.01220	0.06164	0.01059	0.01190	0.00853	0.00436	0.00422	0.00091	0.00424	0.00346	0.00354	0.74578
29	0.00676	0.00488	0.00640	0.00758	0.00801	0.00452	0.00509	0.00778	0.01082	0.01435	0.04673	0.74539	0.07714	0.01705	0.00703	0.00222	0.00318	0.01541	0.00516	0.00452
30	0.01492	0.76822	0.04320	0.00975	0.01450	0.04629	0.00973	0.01678	0.01141	0.01314	0.00777	0.00897	0.00711	0.00478	0.00363	0.00120	0.00610	0.00300	0.00238	0.00711
31	0.00655	0.00561	0.00561	0.00561	0.00748	0.00468	0.00421	0.00795	0.01262	0.01496	0.05610	0.05330	0.76857	0.01403	0.00655	0.00187	0.00281	0.01169	0.00514	0.00468
32	0.00928	0.00616	0.00793	0.00734	0.00893	0.00574	0.00555	0.01228	0.04466	0.07840	0.63964	0.06438	0.06602	0.01111	0.00644	0.00177	0.00287	0.00977	0.00608	0.00564
33	0.00793	0.00586	0.00855	0.00855	0.00942	0.00673	0.00649	0.00966	0.00880	0.01260	0.01516	0.02353	0.01462	0.13527	0.69074	0.00847	0.01367	0.00619	0.00301	0.00475
34	0.01111	0.02865	0.77667	0.01579	0.02397	0.01286	0.02046	0.01754	0.01169	0.01754	0.00994	0.01169	0.00702	0.00526	0.00526	0.00175	0.00818	0.00409	0.00234	0.00818
35	0.01481	0.80869	0.02902	0.00948	0.01421	0.02191	0.00948	0.01658	0.01125	0.01303	0.00770	0.00888	0.00711	0.00474	0.00355	0.00118	0.00592	0.00296	0.00237	0.00711
36	0.01306	0.29379	0.37943	0.01611	0.11532	0.01596	0.04522	0.01734	0.01179	0.03090	0.00951	0.01125	0.00746	0.00505	0.00476	0.00155	0.00718	0.00394	0.00251	0.00788
37	0.01251	0.01250	0.01693	0.01449	0.01466	0.03308	0.01205	0.03101	0.00905	0.01384	0.00744	0.01210	0.00732	0.00954	0.01760	0.00238	0.76003	0.00482	0.00251	0.00615
38	0.00761	0.00548	0.00720	0.00713	0.00822	0.00507	0.00521	0.00987	0.01460	0.02050	0.61166	0.20248	0.04895	0.01260	0.00665	0.00185	0.00274	0.01123	0.00589	0.00507
39	0.00672	0.00493	0.00631	0.00741	0.00795	0.00452	0.00501	0.00775	0.01090	0.01426	0.03425	0.69289	0.14308	0.01687	0.00699	0.00219	0.00315	0.01515	0.00514	0.00452
40	0.00784	0.00566	0.00740	0.00697	0.00827	0.00523	0.00523	0.01045	0.01568	0.02221	0.76789	0.04137	0.05226	0.01132	0.00653	0.00174	0.00261	0.01002	0.00610	0.00523
41	0.00756	0.00565	0.00702	0.00668	0.00810	0.00511	0.00501	0.00992	0.01502	0.02066	0.61559	0.04392	0.20553	0.01190	0.00653	0.00177	0.00265	0.01037	0.00589	0.00511
42	0.02069	0.02640	0.01569	0.01427	0.01712	0.78313	0.01070	0.02212	0.01569	0.01355	0.00856	0.00999	0.00713	0.00571	0.00499	0.00143	0.00999	0.00357	0.00285	0.00642
43	0.01371	0.01316	0.02248	0.03399	0.77081	0.01316	0.01700	0.01700	0.01261	0.01809	0.01042	0.01371	0.00877	0.00493	0.00548	0.00164	0.00658	0.00493	0.00274	0.00877
44	0.01148	0.00984	0.01148	0.00820	0.01312	0.00738	0.00656	0.01395	0.01148	0.01805	0.00984	0.01148	0.00820	0.00410	0.00410	0.00082	0.00410	0.00328	0.00328	0.83922
45	0.02228	0.00965	0.01269	0.00962	0.01402	0.00821	0.00790	0.04155	0.01528	0.61699	0.01942	0.01735	0.01259	0.00634	0.00530	0.00155	0.00463	0.00513	0.00616	0.16335
46	0.01212	0.01212	0.01696	0.01454	0.01454	0.01696	0.01212	0.01333	0.00848	0.01333	0.00727	0.01212	0.00727	0.00969	0.01818	0.00242	0.79523	0.00485	0.00242	0.00606
47	0.00892	0.00637	0.00892	0.01020	0.01147	0.00637	0.00892	0.01147	0.01275	0.01657	0.02932	0.06247	0.03187	0.01530	0.00765	0.00255	0.00510	0.73354	0.00510	0.00510
48	0.00784	0.00566	0.00740	0.00697	0.00827	0.00523	0.00523	0.01045	0.01568	0.02221	0.76789	0.04137	0.05226	0.01132	0.00653	0.00174	0.00261	0.01002	0.00610	0.00523
49	0.00784	0.00566	0.00740	0.00697	0.00827	0.00523	0.00523	0.01045	0.01568	0.02221	0.76789	0.04137	0.05226	0.01132	0.00653	0.00174	0.00261	0.01002	0.00610	0.00523
50	0.01212	0.01212	0.01696	0.01454	0.01454	0.01696	0.01212	0.01333	0.00848	0.01333	0.00727	0.01212	0.00727	0.00969	0.01818	0.00242	0.79523	0.00485	0.00242	0.00606
51	0.01148	0.00984	0.01148	0.00820	0.01312	0.00738	0.00656	0.01395	0.01148	0.01805	0.00984	0.01148	0.00820	0.00410	0.00410	0.00082	0.00410	0.00328	0.00328	0.83922
52	0.02485	0.00943	0.01285	0.00985	0.01414	0.00814	0.00814	0.02699	0.01585	0.77465	0.02185	0.01885	0.01371	0.00685	0.00557	0.00171	0.00471	0.00557	0.00685	0.00943
53	0.01148	0.00984	0.01148	0.00820	0.01312	0.00738	0.00656	0.01395	0.01148	0.01805	0.00984	0.01148	0.00820	0.00410	0.00410	0.00082	0.00410	0.00328	0.00328	0.83922
54	0.84448	0.01071	0.00814	0.00728	0.01071	0.01242	0.00600	0.01628	0.00943	0.02485	0.00771	0.00900	0.00600	0.00514	0.00343	0.00171	0.00428	0.00300	0.00343	0.00600
55	0.01970	0.02474	0.01584	0.01430	0.01682	0.69449	0.01086	0.02110	0.01486	0.01353	0.00841	0.01023	0.00715	0.00617	0.00652	0.00154	0.10084	0.00372	0.00280	0.00638
56	0.02080	0.01047	0.01300	0.01003	0.01433	0.00964	0.00819	0.10878	0.09448	0.47154	0.01873	0.01705	0.01254	0.00640	0.00530	0.00156	0.00473	0.00516	0.00592	0.16134
57	0.01686	0.01861	0.05970	0.04472	0.06037	0.29668	0.01109	0.10788	0.28652	0.02001	0.01441	0.01474	0.01104	0.00639	0.00535	0.00167	0.00710	0.00487	0.00412	0.00784
58	0.84448	0.01071	0.00814	0.00728	0.01071	0.01242	0.00600	0.01628	0.00943	0.02485	0.00771	0.00900	0.00600	0.00514	0.00343	0.00171	0.00428	0.00300	0.00343	0.00600
59	0.01378	0.01190	0.01252	0.01127	0.01440	0.01378	0.00877	0.02943	0.76081	0.02317	0.02254	0.02066	0.01691	0.00751	0.00564	0.00188	0.00438	0.00626	0.00564	0.00877
60	0.00675	0.00482	0.00643	0.00771	0.00803	0.00450	0.00514	0.00771	0.01060	0.01414	0.03053	0.80175	0.03663	0.01735	0.00707	0.00225	0.00321	0.01574	0.00514	0.00450
61	0.00784	0.00566	0.00740	0.00697	0.00827	0.00523	0.00523	0.01045	0.01568	0.02221	0.76789	0.04137	0.05226	0.01132	0.00653	0.00174	0.00261	0.01002	0.00610	0.00523
62	0.02073	0.02524	0.01579	0.01411	0.01713	0.70164	0.01068	0.09980	0.01680	0.01583	0.00906	0.01034	0.00738	0.00581	0.00505	0.00145	0.00957	0.00372	0.00314	0.00674
63	0.46882	0.01012	0.01030	0.00846	0.01228	0.01046	0.00698	0.02119	0.01237	0.36851	0.01419	0.01351	0.00953	0.00593	0.00441	0.00171	0.00448	0.00418	0.00500	0.00757
64	0.00661	0.00550	0.00577	0.00594	0.00758	0.00466	0.00436	0.00798	0.01242	0.01503	0.07031	0.15656	0.64943	0.01442	0.00662	0.00192	0.00286	0.01221	0.00517	0.00466
65	0.00675	0.00482	0.00643	0.00771	0.00803	0.00450	0.00514	0.00771	0.01060	0.01414	0.03053	0.80175	0.03663	0.01735	0.00707	0.00225	0.00321	0.01574	0.00514	0.00450
66	0.01285	0.01333	0.01686	0.01452	0.01476	0.08217	0.01200	0.01408	0.00910	0.01335	0.00738	0.01194	0.00726	0.00935	0.01705	0.00234	0.72840	0.00474	0.00246	0.00609
67	0.01212	0.01212	0.01696	0.01454	0.01454	0.01696	0.01212	0.01333	0.00848	0.01333	0.00727	0.01212	0.00727	0.00969	0.01818	0.00242	0.79523	0.00485	0.00242	0.00606
68	0.01026	0.00517	0.00519	0.00519	0.00644	0.00517	0.00386	0.01276	0.01151	0.02035	0.01805	0.02111	0.01437	0.03031	0.00460	0.00141	0.00266	0.00525	0.81124	0.00511
69	0.06452	0.01579	0.06065	0.13678	0.08991	0.10813	0.01197	0.35124	0.03797	0.02513	0.01179	0.01326	0.00878	0.00605	0.00528	0.00166	0.00667	0.00467	0.03170	0.00806
70	0.00684	0.00505	0.00645	0.00746	0.00809	0.00459	0.00506	0.00790	0.01088	0.01434	0.03327	0.68652	0.12934	0.01660	0.00693	0.00217	0.00318	0.01492	0.00509	0.02534
71	0.01292	0.01070	0.01226	0.00889	0.01373	0.00885	0.00716	0.12491	0.01367	0.02058	0.01036	0.01176	0.00839	0.00448	0.00432	0.00095	0.00440	0.00354	0.00362	0.71452
72	0.01459	0.01103	0.01138	0.01024	0.01304	0.07076	0.00806	0.03594	0.37671	0.12798	0.08978	0.02584	0.04219	0.00839	0.00572	0.00182	0.00462	0.06812	0.06615	0.00767
73	0.00859	0.00603	0.00764	0.03049	0.00938	0.00566	0.00564	0.01061	0.01335	0.04324	0.37784	0.05787	0.13405	0.13360	0.00983	0.00239	0.00361	0.09320	0.01946	0.02754
74	0.03998	0.02741	0.07515	0.05805	0.01804	0.01238	0.07631	0.17400	0.14195	0.27424	0.01691	0.01647	0.01169	0.00643	0.00550	0.00174	0.00575	0.00538	0.02402	0.00862
75	0.00911	0.00616	0.00720	0.00723	0.00812	0.00639	0.00500	0.04362	0.05916	0.01569	0.02112	0.20121	0.03679	0.27059	0.11149	0.00385	0.00545	0.00876	0.16823	0.00482
76	0.01497	0.01157	0.01365	0.03621	0.01506	0.02919	0.03737	0.32037	0.03566	0.04695	0.08691	0.14401	0.01790	0.00923	0.02325	0.00185	0.02673	0.00707	0.00486	0.11716
77	0.10582	0.11502	0.06324	0.01309	0.07430	0.17126	0.01032	0.13833	0.07530	0.11679	0.01378	0.01413	0.03439	0.00612	0.00495	0.00158	0.00638	0.00453	0.00407	0.02661
78	0.19398	0.07183	0.13667	0.12628	0.06617	0.07026	0.07715	0.04742	0.02744	0.03164	0.04027	0.01484	0.01014	0.00586	0.00500	0.00169	0.00652	0.02861	0.00324	0.03497
79	0.04689	0.05451	0.42906	0.01472	0.03830	0.08547	0.03204	0.17219	0.01506	0.02087	0.01175	0.01301	0.03022	0.00581	0.00523	0.00168	0.00750	0.00444	0.00321	0.00805
80	0.03326	0.05038	0.04314	0.01048	0.02768	0.01064	0.03018	0.17218	0.08748	0.05563	0.18221	0.12319	0.06510	0.00978	0.00678	0.03461	0.02294	0.00780	0.00494	0.02160
81	0.05750	0.08024	0.02382	0.00870	0.01103	0.00877	0.02381	0.05472	0.07013	0.01734	0.04450	0.31155	0.10280	0.04410	0.00677	0.00196	0.00417	0.02251	0.00449	0.10109

[dist]
# distance from previous block
# <min> <max>
10	34

[block]
# block no. 4 follows, 43 sequences, length 27
# corresponding to MSA columns:
# 367-393
name=unknown_E
#
# <colnr> <probs for GDERKNQSTAVLIFYWHMCP>
#	G	D	E	R	K	N	Q	S	T	A	V	L	I	F	Y	W	H	M	C	P
0	0.07728	0.01597	0.19281	0.08360	0.01820	0.04982	0.01173	0.21987	0.05577	0.04231	0.10411	0.03749	0.03384	0.02584	0.00601	0.00182	0.00604	0.00574	0.00425	0.00750
1	0.05775	0.03588	0.03018	0.04623	0.01385	0.04185	0.02841	0.12170	0.07606	0.03952	0.16335	0.10264	0.05917	0.00977	0.00598	0.00184	0.00485	0.11084	0.00484	0.04530
2	0.03446	0.03598	0.01254	0.13916	0.01654	0.03084	0.00877	0.20581	0.04871	0.04124	0.01428	0.03380	0.01135	0.00981	0.08130	0.00226	0.00609	0.00514	0.19257	0.06936
3	0.11007	0.05350	0.35170	0.03348	0.01850	0.04432	0.01360	0.03888	0.01278	0.14999	0.01478	0.01695	0.04506	0.00643	0.00517	0.00172	0.00650	0.03967	0.00366	0.03323
4	0.06686	0.01106	0.03239	0.01007	0.01428	0.01020	0.00843	0.15531	0.05664	0.41105	0.03702	0.01699	0.01287	0.00650	0.00525	0.00160	0.00483	0.00516	0.02910	0.10440
5	0.01668	0.01266	0.01352	0.01111	0.01446	0.03489	0.00891	0.49412	0.02120	0.02814	0.04249	0.14801	0.06672	0.00924	0.00591	0.00178	0.00532	0.03072	0.00532	0.02883
6	0.00736	0.00564	0.00674	0.00646	0.00798	0.00502	0.00485	0.00952	0.01454	0.01952	0.50397	0.04579	0.31786	0.01232	0.00654	0.00179	0.00268	0.01064	0.00574	0.00502
7	0.01046	0.00984	0.01661	0.79205	0.03814	0.01230	0.01538	0.01415	0.01107	0.01415	0.00984	0.01477	0.00738	0.00554	0.00554	0.00185	0.00738	0.00492	0.00246	0.00615
8	0.01148	0.00984	0.01148	0.00820	0.01312	0.00738	0.00656	0.01395	0.01148	0.01805	0.00984	0.01148	0.00820	0.00410	0.00410	0.00082	0.00410	0.00328	0.00328	0.83922
9	0.84448	0.01071	0.00814	0.00728	0.01071	0.01242	0.00600	0.01628	0.00943	0.02485	0.00771	0.00900	0.00600	0.00514	0.00343	0.00171	0.00428	0.00300	0.00343	0.00600
10	0.00655	0.00561	0.00561	0.00561	0.00748	0.00468	0.00421	0.00795	0.01262	0.01496	0.05610	0.05330	0.76857	0.01403	0.00655	0.00187	0.00281	0.01169	0.00514	0.00468
11	0.00784	0.00566	0.00740	0.00697	0.00827	0.00523	0.00523	0.01045	0.01568	0.02221	0.76789	0.04137	0.05226	0.01132	0.00653	0.00174	0.00261	0.01002	0.00610	0.00523
12	0.01212	0.01212	0.01696	0.01454	0.01454	0.01696	0.01212	0.01333	0.00848	0.01333	0.00727	0.01212	0.00727	0.00969	0.01818	0.00242	0.79523	0.00485	0.00242	0.00606
13	0.01046	0.00984	0.01661	0.79205	0.03814	0.01230	0.01538	0.01415	0.01107	0.01415	0.00984	0.01477	0.00738	0.00554	0.00554	0.00185	0.00738	0.00492	0.00246	0.00615
14	0.00675	0.00482	0.00643	0.00771	0.00803	0.00450	0.00514	0.00771	0.01060	0.01414	0.03053	0.80175	0.03663	0.01735	0.00707	0.00225	0.00321	0.01574	0.00514	0.00450
15	0.01481	0.80869	0.02902	0.00948	0.01421	0.02191	0.00948	0.01658	0.01125	0.01303	0.00770	0.00888	0.00711	0.00474	0.00355	0.00118	0.00592	0.00296	0.00237	0.00711
16	0.01371	0.01316	0.02248	0.03399	0.77081	0.01316	0.01700	0.01700	0.01261	0.01809	0.01042	0.01371	0.00877	0.00493	0.00548	0.00164	0.00658	0.00493	0.00274	0.00877
17	0.84448	0.01071	0.00814	0.00728	0.01071	0.01242	0.00600	0.01628	0.00943	0.02485	0.00771	0.00900	0.00600	0.00514	0.00343	0.00171	0.00428	0.00300	0.00343	0.00600
18	0.01378	0.01190	0.01252	0.01127	0.01440	0.01378	0.00877	0.02943	0.76081	0.02317	0.02254	0.02066	0.01691	0.00751	0.00564	0.00188	0.00438	0.00626	0.00564	0.00877
19	0.02049	0.01523	0.01630	0.01263	0.01696	0.01691	0.01039	0.69659	0.08271	0.03400	0.01401	0.01386	0.01000	0.00672	0.00555	0.00168	0.00596	0.00508	0.00555	0.00937
20	0.84448	0.01071	0.00814	0.00728	0.01071	0.01242	0.00600	0.01628	0.00943	0.02485	0.00771	0.00900	0.00600	0.00514	0.00343	0.00171	0.00428	0.00300	0.00343	0.00600
21	0.00675	0.00482	0.00643	0.00771	0.00803	0.00450	0.00514	0.00771	0.01060	0.01414	0.03053	0.80175	0.03663	0.01735	0.00707	0.00225	0.00321	0.01574	0.00514	0.00450
22	0.00675	0.00482	0.00643	0.00771	0.00803	0.00450	0.00514	0.00771	0.01060	0.01414	0.03053	0.80175	0.03663	0.01735	0.00707	0.00225	0.00321	0.01574	0.00514	0.00450
23	0.00784	0.00566	0.00740	0.00697	0.00827	0.00523	0.00523	0.01045	0.01568	0.02221	0.76789	0.04137	0.05226	0.01132	0.00653	0.00174	0.00261	0.01002	0.00610	0.00523
24	0.00784	0.00566	0.00740	0.00697	0.00827	0.00523	0.00523	0.01045	0.01568	0.02221	0.76789	0.04137	0.05226	0.01132	0.00653	0.00174	0.00261	0.01002	0.00610	0.00523
25	0.02485	0.00943	0.01285	0.00985	0.01414	0.00814	0.00814	0.02699	0.01585	0.77465	0.02185	0.01885	0.01371	0.00685	0.00557	0.00171	0.00471	0.00557	0.00685	0.00943
26	0.01371	0.01316	0.02248	0.03399	0.77081	0.01316	0.01700	0.01700	0.01261	0.01809	0.01042	0.01371	0.00877	0.00493	0.00548	0.00164	0.00658	0.00493	0.00274	0.00877

[dist]
# distance from previous block
# <min> <max>
0	21

[block]
# block no. 5 follows, 43 sequences, length 52
# corresponding to MSA columns:
# 415-466
name=unknown_F
#
# <colnr> <probs for GDERKNQSTAVLIFYWHMCP>
#	G	D	E	R	K	N	Q	S	T	A	V	L	I	F	Y	W	H	M	C	P
0	0.01565	0.65446	0.02626	0.01028	0.01466	0.13625	0.00963	0.01800	0.04612	0.01357	0.00851	0.00959	0.00756	0.00501	0.00387	0.00125	0.00647	0.00320	0.00259	0.00708
1	0.01141	0.09269	0.71529	0.01527	0.02317	0.01361	0.01956	0.01746	0.01166	0.01717	0.00976	0.01146	0.00702	0.00522	0.00512	0.00171	0.00800	0.00400	0.00234	0.00810
2	0.01167	0.01157	0.01640	0.03698	0.01524	0.03357	0.04508	0.01324	0.00901	0.01349	0.00872	0.01375	0.00833	0.01413	0.13431	0.00335	0.59759	0.00506	0.00254	0.00596
3	0.02046	0.01481	0.01598	0.01243	0.01672	0.01634	0.01021	0.63674	0.10520	0.07158	0.01474	0.01438	0.01045	0.00675	0.00555	0.00169	0.00584	0.00515	0.00562	0.00935
4	0.01140	0.01114	0.01556	0.01363	0.01367	0.01530	0.01118	0.01258	0.00877	0.01344	0.01038	0.11761	0.01119	0.01072	0.01669	0.00240	0.68941	0.00630	0.00279	0.00585
5	0.02242	0.01044	0.05593	0.01026	0.01449	0.00856	0.00892	0.05215	0.01577	0.63341	0.03846	0.02182	0.01533	0.00745	0.00572	0.00177	0.00494	0.05680	0.00641	0.00895
6	0.01339	0.04787	0.01952	0.01649	0.06974	0.06729	0.11143	0.04798	0.01088	0.01545	0.00873	0.01265	0.00782	0.00796	0.01319	0.00210	0.48735	0.00493	0.02858	0.00663
7	0.00675	0.00482	0.00643	0.00771	0.00803	0.00450	0.00514	0.00771	0.01060	0.01414	0.03053	0.80175	0.03663	0.01735	0.00707	0.00225	0.00321	0.01574	0.00514	0.00450
8	0.02173	0.01144	0.01355	0.01052	0.01454	0.01149	0.00865	0.32018	0.01953	0.39232	0.01796	0.01679	0.01202	0.00673	0.00537	0.00165	0.00504	0.00529	0.09625	0.00896
9	0.01227	0.06791	0.65092	0.01546	0.02298	0.05694	0.04242	0.01800	0.01205	0.03697	0.01010	0.01174	0.00725	0.00528	0.00521	0.00171	0.00812	0.00412	0.00250	0.00804
10	0.01307	0.01494	0.03268	0.02334	0.02894	0.01401	0.75070	0.01774	0.01307	0.01774	0.01120	0.01494	0.00840	0.00467	0.00654	0.00187	0.00934	0.00654	0.00280	0.00747
11	0.00805	0.00537	0.00604	0.00604	0.00604	0.00537	0.00336	0.00805	0.00805	0.01074	0.01745	0.03624	0.02013	0.80536	0.02819	0.00537	0.00537	0.00805	0.00336	0.00336
12	0.01371	0.01316	0.02248	0.03399	0.77081	0.01316	0.01700	0.01700	0.01261	0.01809	0.01042	0.01371	0.00877	0.00493	0.00548	0.00164	0.00658	0.00493	0.00274	0.00877
13	0.01228	0.01011	0.04098	0.01655	0.14911	0.00909	0.18138	0.01494	0.01239	0.12215	0.02023	0.30127	0.02023	0.00999	0.00632	0.00194	0.00564	0.03075	0.02788	0.00679
14	0.01177	0.01165	0.01689	0.17494	0.01941	0.01600	0.01279	0.01350	0.00902	0.01350	0.00780	0.01266	0.00729	0.00884	0.01557	0.00230	0.63270	0.00486	0.00243	0.00608
15	0.01470	0.01236	0.01304	0.01146	0.01475	0.01421	0.00899	0.12102	0.66772	0.02465	0.02137	0.01973	0.01596	0.00740	0.00562	0.00185	0.00460	0.00610	0.00562	0.00885
16	0.00681	0.00562	0.00598	0.00589	0.00764	0.00479	0.00442	0.00846	0.01325	0.01645	0.20236	0.05085	0.62139	0.01347	0.00654	0.00184	0.00277	0.01134	0.00534	0.00479
17	0.01294	0.01507	0.11387	0.21437	0.19195	0.04613	0.13913	0.05604	0.01246	0.01703	0.00998	0.01353	0.00790	0.00588	0.00743	0.00185	0.11930	0.00503	0.00274	0.00738
18	0.01046	0.00984	0.01661	0.79205	0.03814	0.01230	0.01538	0.01415	0.01107	0.01415	0.00984	0.01477	0.00738	0.00554	0.00554	0.00185	0.00738	0.00492	0.00246	0.00615
19	0.00933	0.00702	0.00909	0.00806	0.00986	0.00676	0.03051	0.09091	0.01639	0.02275	0.59417	0.05436	0.09731	0.01092	0.00644	0.00176	0.00324	0.00960	0.00584	0.00570
20	0.00791	0.00593	0.00890	0.00890	0.00989	0.00692	0.00692	0.00989	0.00890	0.01286	0.01483	0.02176	0.01385	0.04154	0.78341	0.00890	0.01483	0.00593	0.00297	0.00494
21	0.00764	0.00567	0.00666	0.00658	0.00813	0.00500	0.00492	0.00950	0.01363	0.03979	0.31544	0.12883	0.38344	0.01321	0.00660	0.00188	0.00289	0.02964	0.00555	0.00501
22	0.02105	0.01551	0.01662	0.01274	0.01717	0.01717	0.01053	0.75235	0.02604	0.03490	0.01330	0.01330	0.00942	0.00665	0.00554	0.00166	0.00609	0.00499	0.00554	0.00942
23	0.00675	0.00495	0.00635	0.00741	0.00797	0.00454	0.00502	0.00783	0.01103	0.01450	0.05686	0.67812	0.13491	0.01672	0.00698	0.00218	0.00314	0.01502	0.00517	0.00454
24	0.01378	0.01190	0.01252	0.01127	0.01440	0.01378	0.00877	0.02943	0.76081	0.02317	0.02254	0.02066	0.01691	0.00751	0.00564	0.00188	0.00438	0.00626	0.00564	0.00877
25	0.01465	0.00869	0.00906	0.00786	0.01028	0.03126	0.00618	0.14311	0.07845	0.12098	0.01784	0.01884	0.01334	0.00661	0.00456	0.00146	0.00383	0.00523	0.49099	0.00679
26	0.84448	0.01071	0.00814	0.00728	0.01071	0.01242	0.00600	0.01628	0.00943	0.02485	0.00771	0.00900	0.00600	0.00514	0.00343	0.00171	0.00428	0.00300	0.00343	0.00600
27	0.00914	0.00635	0.00806	0.00735	0.00896	0.00599	0.00559	0.05303	0.01617	0.04882	0.67637	0.03938	0.07145	0.01099	0.00644	0.00174	0.00289	0.00963	0.00606	0.00559
28	0.01148	0.00984	0.01148	0.00820	0.01312	0.00738	0.00656	0.01395	0.01148	0.01805	0.00984	0.01148	0.00820	0.00410	0.00410	0.00082	0.00410	0.00328	0.00328	0.83922
29	0.01764	0.01469	0.01453	0.03209	0.01597	0.11773	0.00955	0.33526	0.15623	0.05846	0.01438	0.01566	0.01108	0.05411	0.00720	0.00186	0.03654	0.00509	0.00474	0.07719
30	0.01435	0.01066	0.01265	0.00954	0.01395	0.00937	0.02115	0.15616	0.03019	0.09473	0.01344	0.06950	0.01119	0.00589	0.00481	0.00121	0.00458	0.00485	0.00423	0.50755
31	0.06142	0.01206	0.01219	0.01179	0.07332	0.12920	0.00841	0.12021	0.05700	0.07748	0.16368	0.09319	0.04063	0.00917	0.02269	0.00183	0.00541	0.02218	0.00470	0.07345
32	0.01854	0.01339	0.01585	0.03513	0.01693	0.03932	0.06722	0.43379	0.03699	0.12783	0.01728	0.03905	0.05417	0.03072	0.02608	0.00200	0.00623	0.00595	0.00516	0.00837
33	0.79132	0.01063	0.00845	0.00745	0.01093	0.01215	0.00614	0.01697	0.00984	0.07348	0.00863	0.00964	0.00650	0.00525	0.00357	0.00171	0.00431	0.00317	0.00365	0.00622
34	0.01045	0.00969	0.01623	0.76589	0.03709	0.01207	0.01500	0.01411	0.01109	0.01437	0.01012	0.01496	0.00761	0.00557	0.00548	0.00183	0.00722	0.00493	0.03018	0.00612
35	0.00719	0.00564	0.00650	0.00628	0.00787	0.00495	0.00471	0.00919	0.01414	0.01855	0.40863	0.04739	0.41380	0.01269	0.00654	0.00181	0.00271	0.01086	0.00562	0.00495
36	0.01279	0.32724	0.46952	0.01333	0.02005	0.03748	0.01599	0.01730	0.01163	0.01570	0.00904	0.01057	0.00705	0.00507	0.00460	0.00153	0.00737	0.00364	0.00236	0.00772
37	0.00809	0.00585	0.00672	0.00638	0.00817	0.00509	0.00483	0.01001	0.01400	0.06115	0.33114	0.04669	0.44672	0.01256	0.00648	0.00181	0.00284	0.01069	0.00561	0.00516
38	0.01252	0.01046	0.01204	0.00869	0.01356	0.00844	0.00699	0.09360	0.01305	0.01987	0.01022	0.01168	0.00833	0.00438	0.00426	0.00091	0.00432	0.00347	0.00352	0.74970
39	0.00666	0.00562	0.00577	0.00573	0.00755	0.00472	0.00430	0.00817	0.01290	0.01561	0.12009	0.05223	0.70417	0.01378	0.00654	0.00186	0.00279	0.01154	0.00523	0.00472
40	0.54708	0.01057	0.00982	0.00826	0.01185	0.01152	0.00679	0.08375	0.01254	0.18896	0.03311	0.01275	0.00951	0.00586	0.00418	0.00170	0.00445	0.00399	0.02631	0.00700
41	0.01046	0.00984	0.01661	0.79205	0.03814	0.01230	0.01538	0.01415	0.01107	0.01415	0.00984	0.01477	0.00738	0.00554	0.00554	0.00185	0.00738	0.00492	0.00246	0.00615
42	0.01481	0.80869	0.02902	0.00948	0.01421	0.02191	0.00948	0.01658	0.01125	0.01303	0.00770	0.00888	0.00711	0.00474	0.00355	0.00118	0.00592	0.00296	0.00237	0.00711
43	0.01353	0.01052	0.01197	0.00972	0.01326	0.01016	0.00769	0.24883	0.05383	0.02314	0.05484	0.15803	0.01719	0.00821	0.00541	0.00150	0.00455	0.03084	0.00466	0.31210
44	0.01918	0.02302	0.01595	0.09897	0.04068	0.60100	0.01131	0.07096	0.03969	0.01551	0.00952	0.01118	0.00768	0.00579	0.00512	0.00151	0.00916	0.00394	0.00308	0.00674
45	0.02005	0.11123	0.01714	0.01375	0.01681	0.70058	0.01057	0.02152	0.01521	0.01350	0.00847	0.00987	0.00713	0.00560	0.00484	0.00140	0.00955	0.00350	0.00280	0.00650
46	0.01046	0.00984	0.01661	0.79205	0.03814	0.01230	0.01538	0.01415	0.01107	0.01415	0.00984	0.01477	0.00738	0.00554	0.00554	0.00185	0.00738	0.00492	0.00246	0.00615
47	0.00758	0.00652	0.00777	0.00905	0.09051	0.00583	0.00583	0.00957	0.02998	0.01588	0.09296	0.10019	0.57260	0.01296	0.00645	0.00186	0.00327	0.01101	0.00495	0.00524
48	0.01063	0.01002	0.01691	0.75285	0.07603	0.01235	0.01546	0.01430	0.01115	0.01435	0.00987	0.01471	0.00745	0.00551	0.00553	0.00184	0.00734	0.00492	0.00248	0.00629
49	0.00892	0.00637	0.00892	0.01020	0.01147	0.00637	0.00892	0.01147	0.01275	0.01657	0.02932	0.06247	0.03187	0.01530	0.00765	0.00255	0.00510	0.73354	0.00510	0.00510
50	0.01708	0.00914	0.01112	0.00926	0.01249	0.00885	0.00739	0.06471	0.16602	0.35140	0.15260	0.02728	0.12085	0.00869	0.00587	0.00177	0.00412	0.00724	0.00618	0.00795
51	0.02485	0.00943	0.01285	0.00985	0.01414	0.00814	0.00814	0.02699	0.01585	0.77465	0.02185	0.01885	0.01371	0.00685	0.00557	0.00171	0.00471	0.00557	0.00685	0.00943

[dist]
# distance from previous block
# <min> <max>
7	12

[block]
# block no. 6 follows, 43 sequences, length 6
# corresponding to MSA columns:
# 480-485
name=unknown_G
#
# <colnr> <probs for GDERKNQSTAVLIFYWHMCP>
#	G	D	E	R	K	N	Q	S	T	A	V	L	I	F	Y	W	H	M	C	P
0	0.01290	0.01286	0.01983	0.14479	0.27719	0.07081	0.11939	0.04008	0.01214	0.01638	0.01064	0.01468	0.00892	0.01064	0.11318	0.00277	0.09762	0.00519	0.00280	0.00719
1	0.02233	0.01037	0.01309	0.01027	0.01430	0.00987	0.00840	0.13395	0.08876	0.55314	0.06005	0.01939	0.01542	0.00712	0.00562	0.00172	0.00478	0.00578	0.00650	0.00914
2	0.01081	0.01020	0.01724	0.71061	0.11685	0.01240	0.01555	0.01446	0.01124	0.01457	0.00991	0.01465	0.00753	0.00547	0.00553	0.00182	0.00730	0.00492	0.00249	0.00643
3	0.01183	0.01174	0.01558	0.01341	0.01437	0.05889	0.05036	0.01395	0.04077	0.01424	0.01111	0.08327	0.01100	0.01260	0.08876	0.00285	0.49062	0.00592	0.00294	0.04581
4	0.02485	0.00943	0.01285	0.00985	0.01414	0.00814	0.00814	0.02699	0.01585	0.77465	0.02185	0.01885	0.01371	0.00685	0.00557	0.00171	0.00471	0.00557	0.00685	0.00943
5	0.02116	0.00904	0.01196	0.00952	0.01323	0.00817	0.00773	0.02457	0.08174	0.58831	0.14073	0.02260	0.02013	0.00762	0.00573	0.00173	0.00435	0.00634	0.00663	0.00870

[dist]
# distance from previous block
# <min> <max>
0	29

[block]
# block no. 7 follows, 43 sequences, length 94
# corresponding to MSA columns:
# 515-574,578-611
name=unknown_H
#
# <colnr> <probs for GDERKNQSTAVLIFYWHMCP>
#	G	D	E	R	K	N	Q	S	T	A	V	L	I	F	Y	W	H	M	C	P
0	0.02089	0.01546	0.01675	0.01322	0.03421	0.01708	0.01067	0.73573	0.02574	0.03452	0.01323	0.01331	0.00940	0.00661	0.00554	0.00166	0.00611	0.00499	0.00548	0.00940
1	0.01067	0.01006	0.01699	0.74288	0.08567	0.01236	0.01549	0.01434	0.01117	0.01441	0.00988	0.01470	0.00747	0.00550	0.00553	0.00183	0.00733	0.00492	0.00248	0.00632
2	0.00792	0.00588	0.00865	0.00865	0.00955	0.00678	0.00660	0.00973	0.00883	0.01267	0.01507	0.02305	0.01441	0.10973	0.71599	0.00859	0.01399	0.00612	0.00300	0.00480
3	0.01321	0.01327	0.03944	0.16390	0.58415	0.03272	0.01650	0.01654	0.01228	0.01714	0.01017	0.01370	0.00840	0.00521	0.00585	0.00170	0.03012	0.00487	0.00268	0.00816
4	0.00784	0.00566	0.00740	0.00697	0.00827	0.00523	0.00523	0.01045	0.01568	0.02221	0.76789	0.04137	0.05226	0.01132	0.00653	0.00174	0.00261	0.01002	0.00610	0.00523
5	0.00742	0.00609	0.00762	0.10656	0.01189	0.00582	0.00628	0.00927	0.01245	0.01567	0.12368	0.17152	0.40993	0.01330	0.00659	0.00197	0.00362	0.07049	0.00490	0.00493
6	0.01111	0.02865	0.77667	0.01579	0.02397	0.01286	0.02046	0.01754	0.01169	0.01754	0.00994	0.01169	0.00702	0.00526	0.00526	0.00175	0.00818	0.00409	0.00234	0.00818
7	0.00891	0.03094	0.02262	0.00974	0.07719	0.00735	0.00678	0.01272	0.09755	0.01947	0.37419	0.05511	0.23450	0.01089	0.00624	0.00178	0.00342	0.00941	0.00529	0.00588
8	0.00700	0.00493	0.00635	0.00739	0.00765	0.00467	0.00480	0.00778	0.01011	0.01349	0.02802	0.65485	0.03346	0.16856	0.01112	0.00285	0.00363	0.01427	0.00480	0.00428
9	0.04156	0.00912	0.01222	0.00956	0.01356	0.00801	0.00789	0.02542	0.01544	0.69100	0.03533	0.02040	0.01480	0.00713	0.00553	0.00172	0.00459	0.02693	0.04083	0.00897
