[name]
unknown

[dist]
# distance from previous block
# <min> <max>
0	53

[block]
# block no. 0 follows, 49 sequences, length 18
# corresponding to MSA columns:
# 56-73
name=unknown_A
#
# <colnr> <probs for GDERKNQSTAVLIFYWHMCP>
#	G	D	E	R	K	N	Q	S	T	A	V	L	I	F	Y	W	H	M	C	P
0	0.07292	0.12203	0.17542	0.01142	0.03526	0.13166	0.04007	0.04012	0.01208	0.09720	0.05127	0.04925	0.03462	0.00674	0.00514	0.00157	0.02663	0.06346	0.01673	0.00643
1	0.05033	0.22199	0.14105	0.05296	0.05136	0.02328	0.02848	0.06643	0.14231	0.06123	0.04113	0.03299	0.03157	0.00588	0.00454	0.00148	0.00528	0.00467	0.02612	0.00692
2	0.11538	0.06929	0.11182	0.06373	0.11645	0.04451	0.01026	0.04050	0.10887	0.13979	0.01302	0.01375	0.02682	0.00556	0.00493	0.00151	0.03051	0.00433	0.02605	0.05292
3	0.25776	0.03440	0.13875	0.11746	0.09606	0.03421	0.05271	0.06510	0.03301	0.06140	0.02211	0.01170	0.00785	0.00512	0.00468	0.00156	0.02293	0.00397	0.00309	0.02615
4	0.01103	0.00871	0.01063	0.04748	0.01264	0.00780	0.02291	0.10249	0.03465	0.03303	0.17107	0.01736	0.01652	0.00571	0.00452	0.00115	0.00387	0.00480	0.05285	0.43081
5	0.00815	0.00511	0.00753	0.04758	0.00888	0.00507	0.02052	0.00814	0.00956	0.01304	0.23806	0.07022	0.03978	0.01466	0.02831	0.44040	0.00406	0.02400	0.00346	0.00347
6	0.09336	0.00970	0.01568	0.57740	0.16343	0.01142	0.03137	0.01364	0.01025	0.01458	0.00892	0.01280	0.00686	0.00491	0.00488	0.00164	0.00638	0.00436	0.00239	0.00605
7	0.00704	0.00521	0.00661	0.00649	0.00774	0.00478	0.00497	0.00920	0.01345	0.01845	0.56680	0.06274	0.16712	0.01127	0.00609	0.00170	0.00267	0.08772	0.00530	0.00466
8	0.00789	0.00489	0.00654	0.00716	0.00790	0.00450	0.00497	0.00903	0.01064	0.09033	0.10660	0.65863	0.03288	0.01433	0.00627	0.00196	0.00301	0.01292	0.00494	0.00462
9	0.01044	0.09660	0.72825	0.01390	0.02110	0.01247	0.01780	0.01594	0.01064	0.01565	0.00889	0.01045	0.00641	0.00476	0.00467	0.00156	0.00729	0.00365	0.00214	0.00739
10	0.00733	0.00495	0.00580	0.00602	0.00616	0.00492	0.00371	0.00763	0.00798	0.01060	0.01805	0.10471	0.02076	0.67190	0.02220	0.00440	0.00470	0.08149	0.00336	0.00331
11	0.00722	0.00542	0.00813	0.00813	0.00903	0.00632	0.00632	0.00903	0.00813	0.01174	0.01354	0.01987	0.01264	0.03792	0.80225	0.00813	0.01354	0.00542	0.00271	0.00451
12	0.01862	0.01266	0.01379	0.01068	0.01443	0.01374	0.00879	0.62076	0.02151	0.11033	0.01338	0.01333	0.00944	0.00607	0.00491	0.00149	0.00512	0.00462	0.08811	0.00822
13	0.85801	0.00978	0.00743	0.00665	0.00978	0.01134	0.00548	0.01486	0.00861	0.02269	0.00704	0.00821	0.00548	0.00469	0.00313	0.00156	0.00391	0.00274	0.00313	0.00548
14	0.00634	0.00520	0.00563	0.00571	0.00730	0.00449	0.00440	0.00786	0.01187	0.01460	0.13565	0.04826	0.62178	0.01264	0.00608	0.00176	0.00276	0.08852	0.00479	0.00437
15	0.85801	0.00978	0.00743	0.00665	0.00978	0.01134	0.00548	0.01486	0.00861	0.02269	0.00704	0.00821	0.00548	0.00469	0.00313	0.00156	0.00391	0.00274	0.00313	0.00548
16	0.61132	0.00899	0.00755	0.00683	0.00957	0.01024	0.00550	0.01533	0.09019	0.02195	0.08591	0.01317	0.01132	0.00558	0.00365	0.00155	0.00363	0.00385	0.07826	0.00560
17	0.00770	0.00550	0.00764	0.00880	0.00977	0.00543	0.00737	0.00970	0.01120	0.01463	0.02702	0.22853	0.03008	0.01439	0.00687	0.00227	0.00427	0.58964	0.00466	0.00453

[dist]
# distance from previous block
# <min> <max>
0	26

[block]
# block no. 1 follows, 49 sequences, length 9
# corresponding to MSA columns:
# 100-108
name=unknown_B
#
# <colnr> <probs for GDERKNQSTAVLIFYWHMCP>
#	G	D	E	R	K	N	Q	S	T	A	V	L	I	F	Y	W	H	M	C	P
0	0.01151	0.01019	0.01521	0.56799	0.02873	0.01256	0.01287	0.15257	0.01234	0.01631	0.00929	0.01295	0.00707	0.00570	0.00644	0.00172	0.10316	0.00450	0.00276	0.00615
1	0.00899	0.00554	0.00804	0.00792	0.00901	0.00591	0.00602	0.01036	0.00906	0.10553	0.01661	0.16598	0.01617	0.02863	0.50518	0.06601	0.00984	0.00695	0.00346	0.00477
2	0.02045	0.01220	0.01396	0.01070	0.01470	0.01277	0.00884	0.50955	0.02049	0.30084	0.01490	0.01393	0.00998	0.00614	0.00507	0.00153	0.00512	0.00474	0.00548	0.00860
3	0.00721	0.00501	0.00660	0.00753	0.00823	0.00477	0.00547	0.00879	0.03243	0.03759	0.02816	0.60031	0.06202	0.01482	0.00645	0.00207	0.00331	0.15002	0.00475	0.00446
4	0.11123	0.00962	0.08523	0.15772	0.04717	0.00871	0.06450	0.01295	0.02930	0.04774	0.01891	0.11937	0.06681	0.00894	0.00556	0.00185	0.00518	0.18993	0.00364	0.00564
5	0.01188	0.02824	0.03250	0.26812	0.19027	0.00978	0.04202	0.03691	0.01075	0.10189	0.01134	0.05353	0.00944	0.00788	0.00781	0.15794	0.00571	0.00503	0.00296	0.00598
6	0.05028	0.00930	0.01127	0.00883	0.01231	0.00884	0.00718	0.18627	0.01580	0.35958	0.15746	0.01870	0.01723	0.00660	0.00500	0.00146	0.00415	0.00537	0.00535	0.10901
7	0.49160	0.02980	0.02934	0.15603	0.04696	0.01087	0.03082	0.01464	0.00962	0.06543	0.00989	0.06749	0.00832	0.00562	0.00404	0.00161	0.00473	0.00422	0.00318	0.00581
8	0.00825	0.00742	0.06415	0.15460	0.01372	0.00646	0.00748	0.01082	0.01264	0.04912	0.42798	0.10170	0.09696	0.00951	0.00572	0.00166	0.00369	0.00834	0.00459	0.00517

[dist]
# distance from previous block
# <min> <max>
0	6

[block]
# block no. 2 follows, 49 sequences, length 38
# corresponding to MSA columns:
# 115-152
name=unknown_C
#
# <colnr> <probs for GDERKNQSTAVLIFYWHMCP>
#	G	D	E	R	K	N	Q	S	T	A	V	L	I	F	Y	W	H	M	C	P
0	0.01435	0.03282	0.05402	0.15591	0.03475	0.22685	0.09504	0.15738	0.01419	0.01744	0.04482	0.01258	0.00905	0.00547	0.00540	0.00148	0.04117	0.00435	0.00311	0.06983
1	0.05485	0.00798	0.02456	0.00820	0.01124	0.00700	0.00671	0.03007	0.01382	0.48961	0.21426	0.02254	0.02123	0.04079	0.02233	0.00184	0.00409	0.00608	0.00565	0.00716
2	0.01091	0.01342	0.15732	0.11579	0.10868	0.01947	0.14380	0.01727	0.20089	0.01699	0.06517	0.01790	0.06082	0.00616	0.00553	0.00166	0.02237	0.00559	0.00339	0.00689
3	0.01011	0.00632	0.00798	0.00725	0.00903	0.00604	0.00561	0.01358	0.09518	0.13801	0.50283	0.03395	0.07063	0.02676	0.00621	0.00171	0.00302	0.04463	0.00549	0.00564
4	0.00870	0.00545	0.00713	0.00676	0.00814	0.00496	0.00508	0.01075	0.01344	0.10491	0.53596	0.15591	0.07618	0.01092	0.00596	0.00168	0.00274	0.02482	0.00545	0.00507
5	0.01314	0.03057	0.46975	0.01239	0.01814	0.01007	0.04562	0.01752	0.01207	0.21448	0.09435	0.01529	0.01239	0.00573	0.00502	0.00159	0.00614	0.00473	0.00357	0.00743
6	0.02216	0.00946	0.01226	0.00940	0.01333	0.00869	0.00777	0.13927	0.01590	0.67761	0.01875	0.01644	0.01192	0.00623	0.00508	0.00156	0.00450	0.00500	0.00608	0.00860
7	0.00711	0.00502	0.00586	0.00582	0.00630	0.00494	0.00370	0.00774	0.00878	0.01166	0.09947	0.03455	0.13860	0.53296	0.10293	0.00442	0.00520	0.00784	0.00353	0.00358
8	0.01308	0.72233	0.12569	0.00939	0.01413	0.01894	0.00995	0.01525	0.01033	0.01243	0.00729	0.00844	0.00648	0.00439	0.00345	0.00115	0.00567	0.00284	0.00216	0.00662
9	0.00800	0.00795	0.00665	0.00657	0.00825	0.12631	0.00486	0.00927	0.01183	0.01355	0.06008	0.12392	0.57098	0.01191	0.00581	0.00168	0.00360	0.00989	0.00440	0.00451
10	0.01894	0.02258	0.01446	0.01281	0.01564	0.68169	0.00975	0.13550	0.01577	0.01536	0.00848	0.00958	0.00683	0.00534	0.00464	0.00134	0.00858	0.00346	0.00298	0.00628
11	0.01279	0.42275	0.18749	0.01027	0.01501	0.07653	0.01054	0.01665	0.08900	0.01424	0.00911	0.01008	0.00749	0.00469	0.00393	0.00124	0.00582	0.00331	0.00258	0.09646
12	0.01120	0.00894	0.01016	0.03483	0.09145	0.09116	0.00730	0.04172	0.05438	0.09684	0.34021	0.08135	0.08031	0.00887	0.00557	0.00161	0.00409	0.01940	0.00473	0.00587
13	0.04924	0.00864	0.01160	0.00892	0.01281	0.00756	0.00737	0.02433	0.01429	0.76972	0.01954	0.01693	0.01229	0.00621	0.00502	0.00156	0.00429	0.00501	0.00616	0.00851
14	0.01789	0.02205	0.01331	0.01215	0.01460	0.71756	0.00911	0.01930	0.01394	0.01306	0.00874	0.01015	0.00720	0.00528	0.00445	0.00129	0.00840	0.00341	0.09237	0.00574
15	0.01585	0.61747	0.02274	0.00874	0.01296	0.01681	0.00834	0.01756	0.01134	0.21101	0.01032	0.01043	0.00802	0.00482	0.00371	0.00120	0.00513	0.00331	0.00321	0.00703
16	0.00912	0.00560	0.00739	0.00669	0.00823	0.00511	0.00511	0.01145	0.01433	0.11803	0.69107	0.03518	0.04327	0.00982	0.00585	0.00159	0.00263	0.00863	0.00565	0.00526
17	0.00722	0.00542	0.00813	0.00813	0.00903	0.00632	0.00632	0.00903	0.00813	0.01174	0.01354	0.01987	0.01264	0.03792	0.80225	0.00813	0.01354	0.00542	0.00271	0.00451
18	0.01270	0.01439	0.22970	0.01441	0.01908	0.00990	0.27323	0.01636	0.01177	0.17699	0.01503	0.13785	0.01280	0.00683	0.00557	0.00172	0.00641	0.02477	0.00359	0.00690
19	0.01198	0.00944	0.01340	0.09590	0.01456	0.01200	0.00979	0.01359	0.00979	0.13275	0.08937	0.05162	0.01306	0.00917	0.02963	0.00212	0.46722	0.00548	0.00330	0.00585
20	0.01800	0.02431	0.09369	0.01317	0.01627	0.72176	0.01068	0.01977	0.01396	0.01275	0.00794	0.00928	0.00650	0.00517	0.00458	0.00133	0.00895	0.00331	0.00256	0.00603
21	0.00810	0.00626	0.00798	0.00752	0.00766	0.00732	0.00522	0.00861	0.00755	0.01059	0.01364	0.02650	0.01507	0.53357	0.14264	0.00484	0.17384	0.00645	0.00283	0.00380
22	0.64534	0.00977	0.00881	0.03149	0.03980	0.01067	0.00628	0.02730	0.00939	0.03322	0.00777	0.00908	0.00608	0.00460	0.00341	0.00144	0.00408	0.00296	0.00314	0.13537
23	0.01197	0.15038	0.01652	0.01183	0.01325	0.01566	0.00999	0.03179	0.16902	0.01440	0.00971	0.01220	0.00848	0.00761	0.01169	0.00190	0.49005	0.00440	0.00287	0.00627
24	0.00970	0.01336	0.21392	0.60761	0.03153	0.01136	0.01522	0.01371	0.01025	0.01371	0.00901	0.01277	0.00666	0.00499	0.00499	0.00166	0.00693	0.00430	0.00222	0.00609
25	0.01177	0.01130	0.01107	0.00834	0.01254	0.12841	0.00657	0.01387	0.01107	0.01585	0.00881	0.01028	0.00734	0.00397	0.00387	0.00083	0.00457	0.00304	0.00294	0.72357
26	0.01141	0.00763	0.00972	0.08969	0.01234	0.03298	0.00709	0.07339	0.01094	0.13354	0.01544	0.10379	0.01421	0.12979	0.22543	0.00388	0.04958	0.00626	0.05745	0.00544
27	0.01521	0.01318	0.05478	0.01700	0.02180	0.01208	0.46659	0.13386	0.01422	0.17996	0.01249	0.01403	0.00877	0.00498	0.00560	0.00164	0.00715	0.00548	0.00369	0.00749
28	0.66398	0.00945	0.00882	0.02634	0.09276	0.01068	0.00664	0.01410	0.00905	0.02083	0.00946	0.09109	0.00861	0.00581	0.00371	0.00161	0.00409	0.00414	0.00320	0.00561
29	0.01655	0.10254	0.01441	0.01156	0.01413	0.60063	0.00889	0.01805	0.01392	0.01354	0.12711	0.01340	0.01281	0.00591	0.00464	0.00132	0.00771	0.00410	0.00301	0.00576
30	0.00609	0.00486	0.00546	0.00586	0.00704	0.00423	0.00419	0.00727	0.01097	0.01366	0.07256	0.32585	0.48658	0.01380	0.00615	0.00183	0.00269	0.01195	0.00473	0.00423
31	0.01282	0.01188	0.03599	0.01654	0.02069	0.01123	0.45244	0.04789	0.09075	0.09955	0.01490	0.02107	0.01227	0.00631	0.00589	0.00178	0.00689	0.12061	0.00363	0.00688
32	0.12992	0.01125	0.01277	0.26274	0.01984	0.05113	0.00977	0.23381	0.11597	0.02112	0.01239	0.01389	0.02447	0.00575	0.00471	0.00158	0.00543	0.00451	0.05224	0.00670
33	0.00697	0.00532	0.00756	0.12979	0.01167	0.00540	0.00622	0.00864	0.01094	0.01479	0.21333	0.48515	0.03280	0.01279	0.00613	0.00189	0.00342	0.02815	0.00453	0.00452
34	0.01558	0.01492	0.01296	0.01127	0.01431	0.21363	0.00879	0.18255	0.42717	0.02118	0.01556	0.01497	0.01173	0.00628	0.00498	0.00157	0.00563	0.00485	0.00448	0.00759
35	0.03107	0.01791	0.02649	0.00858	0.01170	0.00725	0.00719	0.04457	0.01415	0.46402	0.18621	0.02519	0.02136	0.00782	0.00539	0.00163	0.00403	0.08540	0.00565	0.02441
36	0.04074	0.01334	0.21481	0.05153	0.04062	0.00934	0.01077	0.06783	0.02845	0.36562	0.06134	0.04701	0.01301	0.00633	0.00506	0.00160	0.00520	0.00520	0.00458	0.00764
37	0.01336	0.36926	0.13892	0.01221	0.01643	0.01563	0.12842	0.01599	0.01065	0.09606	0.00914	0.01076	0.00732	0.00528	0.00614	0.00148	0.12964	0.00388	0.00266	0.00677

[dist]
# distance from previous block
# <min> <max>
0	8

[block]
# block no. 3 follows, 49 sequences, length 21
# corresponding to MSA columns:
# 161-181
name=unknown_D
#
# <colnr> <probs for GDERKNQSTAVLIFYWHMCP>
#	G	D	E	R	K	N	Q	S	T	A	V	L	I	F	Y	W	H	M	C	P
0	0.00764	0.00481	0.00636	0.00713	0.00781	0.00441	0.00490	0.00864	0.01020	0.08338	0.02820	0.71220	0.06540	0.01484	0.00631	0.00199	0.00304	0.01337	0.00484	0.00452
1	0.07547	0.69156	0.02407	0.08076	0.01471	0.01858	0.00890	0.01492	0.01014	0.01279	0.00721	0.00860	0.00644	0.00442	0.00340	0.00117	0.00542	0.00287	0.00224	0.00634
2	0.07991	0.01059	0.01481	0.12675	0.28518	0.02499	0.01095	0.11988	0.01297	0.15392	0.01229	0.01569	0.00980	0.07902	0.00679	0.00186	0.00552	0.01833	0.00361	0.00712
3	0.08374	0.00569	0.00758	0.00761	0.00870	0.00640	0.00584	0.00921	0.00853	0.01291	0.01700	0.08778	0.07115	0.05258	0.58412	0.00647	0.01075	0.00636	0.00307	0.00451
4	0.24397	0.01316	0.05845	0.07769	0.18595	0.12974	0.04117	0.04798	0.01161	0.06082	0.00981	0.01162	0.00757	0.00499	0.00434	0.00149	0.00573	0.00390	0.07350	0.00651
5	0.02254	0.00884	0.01188	0.00911	0.01303	0.00778	0.00752	0.05615	0.01486	0.76218	0.01962	0.01700	0.01235	0.00625	0.00508	0.00156	0.00436	0.00506	0.00621	0.00861
6	0.01291	0.47130	0.07988	0.01112	0.01450	0.06734	0.04559	0.01482	0.01000	0.01250	0.00728	0.00937	0.00658	0.00556	0.00696	0.00145	0.21092	0.00340	0.00222	0.00629
7	0.01659	0.00748	0.00996	0.00823	0.01109	0.00674	0.00664	0.01926	0.04893	0.47564	0.26586	0.02571	0.02467	0.00795	0.00546	0.00162	0.00369	0.04140	0.00591	0.00717
8	0.00878	0.00439	0.00659	0.00659	0.00659	0.00439	0.00439	0.00659	0.00659	0.00878	0.00878	0.01537	0.00878	0.01757	0.01976	0.85288	0.00439	0.00439	0.00220	0.00220
9	0.00673	0.00502	0.00634	0.00725	0.00784	0.00488	0.00495	0.00884	0.07935	0.01369	0.02827	0.71207	0.06593	0.01490	0.00631	0.00201	0.00301	0.01343	0.00473	0.00447
10	0.00658	0.00470	0.00635	0.00752	0.00800	0.00447	0.00542	0.00777	0.01010	0.01338	0.02764	0.65807	0.03253	0.01545	0.00657	0.00211	0.00330	0.17115	0.00469	0.00422
11	0.01883	0.01363	0.01470	0.01140	0.01534	0.01504	0.00938	0.67687	0.08639	0.06646	0.01321	0.01294	0.00935	0.00614	0.00507	0.00154	0.00538	0.00467	0.00512	0.00855
12	0.01049	0.00899	0.01049	0.00749	0.01198	0.00674	0.00599	0.01273	0.01049	0.01648	0.00899	0.01049	0.00749	0.00374	0.00374	0.00075	0.00374	0.00300	0.00300	0.85320
13	0.01049	0.00899	0.01049	0.00749	0.01198	0.00674	0.00599	0.01273	0.01049	0.01648	0.00899	0.01049	0.00749	0.00374	0.00374	0.00075	0.00374	0.00300	0.00300	0.85320
14	0.00943	0.00471	0.00471	0.00471	0.00589	0.00471	0.00353	0.01178	0.01060	0.01885	0.01650	0.01885	0.01296	0.00589	0.00353	0.00118	0.00236	0.00471	0.85036	0.00471
15	0.01194	0.01364	0.02984	0.02131	0.02643	0.01279	0.77238	0.01620	0.01194	0.01620	0.01023	0.01364	0.00767	0.00426	0.00597	0.00171	0.00853	0.00597	0.00256	0.00682
16	0.01049	0.00899	0.01049	0.00749	0.01198	0.00674	0.00599	0.01273	0.01049	0.01648	0.00899	0.01049	0.00749	0.00374	0.00374	0.00075	0.00374	0.00300	0.00300	0.85320
17	0.00723	0.00538	0.00793	0.00793	0.00877	0.00622	0.00608	0.00891	0.00807	0.01160	0.01372	0.02084	0.01307	0.09580	0.74495	0.00789	0.01291	0.00556	0.00274	0.00441
18	0.01258	0.01086	0.01143	0.01029	0.01315	0.01258	0.00800	0.02687	0.78161	0.02115	0.02058	0.01887	0.01544	0.00686	0.00515	0.00172	0.00400	0.00572	0.00515	0.00800
19	0.00980	0.00914	0.01486	0.74359	0.03302	0.01135	0.01354	0.01408	0.07429	0.01360	0.00995	0.01393	0.00746	0.00521	0.00506	0.00169	0.00651	0.00460	0.00249	0.00582
20	0.01204	0.01326	0.02747	0.02127	0.09422	0.01270	0.64056	0.01702	0.07593	0.01664	0.01103	0.01397	0.00835	0.00450	0.00581	0.00169	0.00792	0.00581	0.00277	0.00703

[dist]
# distance from previous block
# <min> <max>
0	2

[block]
# block no. 4 follows, 49 sequences, length 24
# corresponding to MSA columns:
# 184-201,204-209
name=unknown_E
#
# <colnr> <probs for GDERKNQSTAVLIFYWHMCP>
#	G	D	E	R	K	N	Q	S	T	A	V	L	I	F	Y	W	H	M	C	P
0	0.75869	0.00964	0.00794	0.00693	0.01015	0.01088	0.00571	0.01603	0.00930	0.11442	0.00858	0.00928	0.00631	0.00488	0.00336	0.00156	0.00396	0.00302	0.00350	0.00585
1	0.00757	0.00616	0.00930	0.10634	0.13514	0.00621	0.00753	0.00909	0.01002	0.01348	0.02271	0.59502	0.02623	0.01276	0.00606	0.00192	0.00387	0.01163	0.00405	0.00491
2	0.01125	0.01215	0.02491	0.25902	0.07180	0.01228	0.50195	0.01517	0.01136	0.01523	0.00982	0.01353	0.00741	0.00451	0.00564	0.00169	0.00785	0.00544	0.00246	0.00653
3	0.01151	0.01080	0.01820	0.02722	0.66621	0.01076	0.01380	0.01417	0.01122	0.01595	0.01243	0.14072	0.01205	0.00631	0.00524	0.00159	0.00552	0.00607	0.00285	0.00739
4	0.09847	0.41615	0.02158	0.01111	0.01409	0.01704	0.08553	0.01432	0.00951	0.01351	0.00723	0.00956	0.00655	0.00572	0.00752	0.00153	0.24857	0.00355	0.00232	0.00613
5	0.07265	0.01167	0.01273	0.01020	0.01369	0.01267	0.00829	0.41311	0.15777	0.13448	0.08664	0.01619	0.01382	0.00655	0.00504	0.00157	0.00470	0.00515	0.00516	0.00793
6	0.31224	0.07189	0.13639	0.00935	0.01358	0.02477	0.00889	0.09742	0.01248	0.25048	0.01174	0.01169	0.00813	0.00530	0.00421	0.00153	0.00496	0.00379	0.00402	0.00713
7	0.01352	0.82533	0.02650	0.00865	0.01298	0.02001	0.00865	0.01514	0.01027	0.01190	0.00703	0.00811	0.00649	0.00433	0.00324	0.00108	0.00541	0.00270	0.00216	0.00649
8	0.14501	0.00885	0.01086	0.00837	0.01227	0.00789	0.00687	0.02098	0.01286	0.53546	0.01600	0.01463	0.01054	0.00556	0.00455	0.00141	0.00414	0.00435	0.00519	0.16421
9	0.00955	0.00899	0.01517	0.81013	0.03483	0.01123	0.01404	0.01292	0.01011	0.01292	0.00899	0.01348	0.00674	0.00506	0.00506	0.00169	0.00674	0.00449	0.00225	0.00562
10	0.02257	0.00880	0.01185	0.00909	0.01300	0.00772	0.00751	0.05062	0.01480	0.76782	0.01968	0.01704	0.01238	0.00625	0.00508	0.00156	0.00435	0.00507	0.00622	0.00861
11	0.06855	0.08437	0.01081	0.00800	0.01019	0.00981	0.00611	0.16911	0.07187	0.10976	0.01594	0.05228	0.03435	0.30204	0.02329	0.00284	0.00486	0.00598	0.00403	0.00581
12	0.01922	0.01416	0.01518	0.01163	0.01568	0.01568	0.00961	0.77388	0.02378	0.03187	0.01214	0.01214	0.00860	0.00607	0.00506	0.00152	0.00556	0.00455	0.00506	0.00860
13	0.00721	0.00484	0.00556	0.00570	0.00573	0.00481	0.00326	0.00732	0.00763	0.01017	0.01735	0.12653	0.02017	0.72640	0.02344	0.00456	0.00467	0.00819	0.00326	0.00319
14	0.00876	0.00520	0.00667	0.00702	0.00813	0.00466	0.00498	0.00988	0.01077	0.13725	0.03070	0.55674	0.16227	0.01379	0.00615	0.00192	0.00309	0.01225	0.00494	0.00485
15	0.01256	0.01257	0.04523	0.20071	0.31608	0.06980	0.09809	0.01548	0.01114	0.05844	0.00958	0.01264	0.00761	0.00528	0.00647	0.00164	0.10259	0.00457	0.00262	0.00690
16	0.00624	0.00504	0.00560	0.00597	0.00732	0.00440	0.00448	0.00755	0.01115	0.01366	0.04370	0.21283	0.54864	0.01357	0.00618	0.00185	0.00286	0.09000	0.00469	0.00428
17	0.00821	0.00500	0.00662	0.00713	0.00800	0.00457	0.00499	0.00938	0.01076	0.10653	0.09871	0.61717	0.06540	0.01406	0.00622	0.00194	0.00303	0.01262	0.00496	0.00471
18	0.01241	0.04777	0.52984	0.01472	0.04669	0.09388	0.05853	0.10652	0.01270	0.01743	0.00933	0.01084	0.00681	0.00494	0.00483	0.00155	0.00736	0.00390	0.00257	0.00739
19	0.00849	0.00786	0.08152	0.05349	0.01159	0.02247	0.03313	0.01042	0.01096	0.06578	0.11422	0.45915	0.03983	0.01217	0.00604	0.00188	0.00399	0.04755	0.00441	0.00504
20	0.00706	0.00557	0.00650	0.00691	0.00821	0.00528	0.00524	0.00966	0.08281	0.01466	0.06725	0.26482	0.34466	0.01321	0.00620	0.00191	0.00315	0.13750	0.00477	0.00466
21	0.01112	0.00974	0.01248	0.00977	0.03883	0.00828	0.06569	0.04188	0.09483	0.01744	0.01087	0.02862	0.00896	0.00448	0.00421	0.00101	0.00426	0.00386	0.00329	0.62038
22	0.01242	0.02594	0.03938	0.03905	0.14010	0.08059	0.18104	0.10425	0.01210	0.01617	0.01138	0.08944	0.01056	0.05737	0.00870	0.00193	0.15442	0.00577	0.00299	0.00639
23	0.00912	0.00642	0.00813	0.00860	0.00991	0.00655	0.00675	0.02870	0.13823	0.05839	0.02550	0.34974	0.02723	0.01295	0.00633	0.00206	0.00387	0.28138	0.00485	0.00529

[dist]
# distance from previous block
# <min> <max>
0	2

[block]
# block no. 5 follows, 49 sequences, length 63
# corresponding to MSA columns:
# 212-274
name=unknown_F
#
# <colnr> <probs for GDERKNQSTAVLIFYWHMCP>
#	G	D	E	R	K	N	Q	S	T	A	V	L	I	F	Y	W	H	M	C	P
0	0.01240	0.01132	0.06904	0.18157	0.07231	0.02284	0.03194	0.25397	0.02680	0.02006	0.03815	0.14938	0.01464	0.00782	0.00540	0.00170	0.00546	0.05104	0.01758	0.00659
1	0.01212	0.01035	0.01743	0.15477	0.20059	0.01098	0.15601	0.04966	0.02202	0.08448	0.01191	0.03119	0.01015	0.08849	0.02985	0.00219	0.07908	0.01913	0.00307	0.00650
2	0.01061	0.00889	0.01076	0.06459	0.01354	0.00703	0.00657	0.01290	0.01053	0.03338	0.00958	0.02593	0.00803	0.00412	0.00392	0.00086	0.00396	0.00336	0.00305	0.75839
3	0.01049	0.00899	0.01049	0.00749	0.01198	0.00674	0.00599	0.01273	0.01049	0.01648	0.00899	0.01049	0.00749	0.00374	0.00374	0.00075	0.00374	0.00300	0.00300	0.85320
4	0.01224	0.02735	0.08468	0.08036	0.03408	0.05815	0.13382	0.19117	0.03585	0.01883	0.06477	0.09588	0.06952	0.02565	0.02077	0.00184	0.02848	0.00639	0.00370	0.00645
5	0.00804	0.00620	0.00916	0.14324	0.01399	0.00675	0.00844	0.01036	0.01055	0.01396	0.03627	0.05244	0.04628	0.01817	0.19844	0.00358	0.00701	0.39855	0.00380	0.00476
6	0.00622	0.00458	0.00583	0.00669	0.00728	0.00419	0.00457	0.00729	0.01036	0.01367	0.09788	0.63498	0.14810	0.01490	0.00634	0.00196	0.00283	0.01336	0.00477	0.00419
7	0.00699	0.00475	0.00562	0.00599	0.00608	0.00466	0.00357	0.00726	0.00807	0.01076	0.01962	0.27558	0.02303	0.57346	0.01979	0.00402	0.00429	0.00952	0.00357	0.00339
8	0.00710	0.00512	0.00672	0.00647	0.00760	0.00474	0.00483	0.00936	0.01389	0.01959	0.71282	0.09984	0.04621	0.01085	0.00602	0.00164	0.00247	0.02452	0.00548	0.00472
9	0.01014	0.02616	0.79609	0.01441	0.02189	0.01174	0.01868	0.01601	0.01068	0.01601	0.00907	0.01068	0.00641	0.00480	0.00480	0.00160	0.00747	0.00374	0.00214	0.00747
10	0.01889	0.02410	0.01433	0.01303	0.01563	0.80199	0.00977	0.02019	0.01433	0.01238	0.00782	0.00912	0.00651	0.00521	0.00456	0.00130	0.00912	0.00326	0.00261	0.00586
11	0.00716	0.00517	0.00676	0.00636	0.00755	0.00477	0.00477	0.00954	0.01431	0.02028	0.78808	0.03777	0.04771	0.01034	0.00596	0.00159	0.00239	0.00914	0.00557	0.00477
12	0.00742	0.00547	0.00705	0.00645	0.00790	0.00493	0.00487	0.00979	0.01401	0.01998	0.72656	0.03562	0.04454	0.00982	0.00579	0.00152	0.00249	0.00866	0.00536	0.07176
13	0.85801	0.00978	0.00743	0.00665	0.00978	0.01134	0.00548	0.01486	0.00861	0.02269	0.00704	0.00821	0.00548	0.00469	0.00313	0.00156	0.00391	0.00274	0.00313	0.00548
14	0.00735	0.00490	0.00552	0.00552	0.00552	0.00490	0.00306	0.00735	0.00735	0.00980	0.01593	0.03309	0.01838	0.82229	0.02574	0.00490	0.00490	0.00735	0.00306	0.00306
15	0.01113	0.02477	0.73416	0.01399	0.02118	0.01140	0.01779	0.01670	0.01098	0.07746	0.00993	0.01119	0.00689	0.00492	0.00483	0.00160	0.00722	0.00384	0.00246	0.00756
16	0.07935	0.03757	0.01153	0.00997	0.02691	0.03094	0.00770	0.08924	0.49332	0.02135	0.10119	0.01949	0.03589	0.00697	0.00501	0.00164	0.00413	0.00569	0.00480	0.00732
17	0.01922	0.01416	0.01518	0.01163	0.01568	0.01568	0.00961	0.77388	0.02378	0.03187	0.01214	0.01214	0.00860	0.00607	0.00506	0.00152	0.00556	0.00455	0.00506	0.00860
18	0.01259	0.49330	0.09083	0.02860	0.06924	0.06668	0.01002	0.01467	0.01063	0.01298	0.02895	0.01226	0.05550	0.00547	0.00492	0.00132	0.06942	0.00378	0.00246	0.00637
19	0.01279	0.01076	0.01150	0.01033	0.01316	0.01234	0.00814	0.08468	0.66702	0.02157	0.02036	0.02105	0.01587	0.00730	0.00527	0.00174	0.00417	0.05903	0.00510	0.00781
20	0.01056	0.01038	0.01538	0.27738	0.02042	0.01408	0.01205	0.01242	0.00853	0.01242	0.00742	0.01186	0.00667	0.00759	0.01277	0.00204	0.54580	0.00445	0.00222	0.00556
21	0.04151	0.13389	0.13327	0.14653	0.07931	0.02964	0.02536	0.05916	0.09162	0.13568	0.01297	0.01599	0.01016	0.00589	0.00483	0.00158	0.00572	0.05636	0.00352	0.00704
22	0.01150	0.01161	0.09241	0.05150	0.23313	0.02180	0.12168	0.01434	0.01147	0.08475	0.07649	0.07518	0.07917	0.00708	0.00651	0.00168	0.08349	0.00626	0.00336	0.00661
23	0.00696	0.00497	0.00679	0.00796	0.00860	0.00480	0.00609	0.00843	0.01047	0.01381	0.02743	0.51167	0.03169	0.01509	0.00667	0.00216	0.00363	0.31378	0.00468	0.00433
24	0.00782	0.00534	0.00646	0.00643	0.00789	0.00475	0.00488	0.00947	0.01220	0.07706	0.24028	0.17566	0.33702	0.01224	0.00607	0.00178	0.00289	0.07196	0.00505	0.00475
25	0.02662	0.16808	0.41510	0.03522	0.04495	0.01237	0.02792	0.01754	0.01140	0.17849	0.01098	0.01173	0.00778	0.00501	0.00459	0.00150	0.00632	0.00390	0.00304	0.00745
26	0.01040	0.00692	0.00860	0.00878	0.06475	0.00652	0.00627	0.01369	0.10004	0.14713	0.17691	0.03605	0.31295	0.01007	0.00574	0.00170	0.00340	0.06927	0.00501	0.00581
27	0.00623	0.00443	0.00585	0.00695	0.00723	0.00415	0.00460	0.00706	0.00955	0.01273	0.02718	0.77369	0.03258	0.06233	0.00757	0.00222	0.00305	0.01397	0.00460	0.00405
28	0.04009	0.08617	0.18154	0.09106	0.06286	0.01176	0.01133	0.13080	0.06700	0.23264	0.02738	0.01384	0.00990	0.00560	0.00481	0.00154	0.00554	0.00446	0.00404	0.00764
29	0.09391	0.10547	0.20162	0.04476	0.24408	0.06668	0.02409	0.07304	0.05243	0.01741	0.01037	0.01201	0.02275	0.00504	0.00460	0.00150	0.00615	0.00408	0.00281	0.00720
30	0.01400	0.01061	0.01031	0.00934	0.01167	0.12917	0.00724	0.11035	0.15557	0.14336	0.01950	0.17636	0.03020	0.00869	0.00528	0.00166	0.00468	0.06019	0.08537	0.00647
31	0.33524	0.11580	0.12687	0.02536	0.01424	0.20395	0.02331	0.02967	0.01088	0.01735	0.00793	0.00939	0.00633	0.00497	0.00427	0.00146	0.03014	0.00323	0.02356	0.00605
32	0.00729	0.00504	0.00627	0.00630	0.00656	0.00530	0.00403	0.00783	0.00762	0.01042	0.01546	0.04363	0.01700	0.58132	0.24936	0.00578	0.00736	0.00692	0.00299	0.00350
33	0.07686	0.02107	0.00897	0.00803	0.00971	0.09283	0.00622	0.02780	0.05714	0.03977	0.35912	0.05695	0.09677	0.02706	0.00670	0.00172	0.06130	0.03215	0.00456	0.00529
34	0.01116	0.00890	0.00988	0.00914	0.01130	0.00994	0.00695	0.02093	0.52613	0.03593	0.10800	0.10583	0.02039	0.00915	0.00668	0.07742	0.00374	0.00690	0.00491	0.00672
35	0.01172	0.01323	0.02853	0.09146	0.02717	0.01265	0.70494	0.01591	0.01177	0.01591	0.01012	0.01363	0.00759	0.00433	0.00589	0.00170	0.00837	0.00584	0.00253	0.00671
36	0.01014	0.02616	0.79609	0.01441	0.02189	0.01174	0.01868	0.01601	0.01068	0.01601	0.00907	0.01068	0.00641	0.00480	0.00480	0.00160	0.00747	0.00374	0.00214	0.00747
37	0.00733	0.00499	0.00596	0.00596	0.00612	0.00514	0.00362	0.00764	0.00749	0.01013	0.01553	0.03083	0.01740	0.68842	0.15827	0.00545	0.00638	0.00702	0.00300	0.00331
38	0.00644	0.00559	0.00610	0.00600	0.00744	0.00525	0.00455	0.00768	0.01104	0.01347	0.04542	0.10614	0.65952	0.01269	0.00696	0.00178	0.07466	0.01041	0.00447	0.00437
39	0.00771	0.00484	0.00646	0.00716	0.00785	0.00446	0.00494	0.00880	0.01047	0.08297	0.08719	0.68601	0.03271	0.01456	0.00629	0.00197	0.00301	0.01314	0.00490	0.00456
40	0.01829	0.01370	0.01465	0.01145	0.01532	0.01524	0.00938	0.66851	0.13067	0.03036	0.01333	0.01309	0.00956	0.00618	0.00507	0.00155	0.00534	0.00472	0.00507	0.00852
41	0.01049	0.00899	0.01049	0.00749	0.01198	0.00674	0.00599	0.01273	0.01049	0.01648	0.00899	0.01049	0.00749	0.00374	0.00374	0.00075	0.00374	0.00300	0.00300	0.85320
42	0.00740	0.00571	0.00732	0.00777	0.00845	0.00594	0.00558	0.02379	0.06529	0.01468	0.11020	0.55918	0.05266	0.01373	0.00708	0.00198	0.06698	0.02696	0.00463	0.00467
43	0.01181	0.08526	0.02800	0.01933	0.02410	0.01293	0.65012	0.01570	0.01177	0.01574	0.01112	0.01623	0.00909	0.00496	0.00580	0.00169	0.00797	0.05906	0.00267	0.00664
44	0.00710	0.00487	0.00552	0.00565	0.00584	0.00476	0.00332	0.00731	0.00799	0.01050	0.02041	0.12249	0.08857	0.65999	0.02182	0.00430	0.00447	0.00844	0.00339	0.00329
45	0.80434	0.00972	0.00785	0.04020	0.01089	0.01125	0.00588	0.01500	0.00880	0.03918	0.00740	0.00863	0.00568	0.00474	0.00325	0.00157	0.00404	0.00286	0.00316	0.00555
46	0.00692	0.00524	0.00672	0.00639	0.00769	0.00475	0.01698	0.00899	0.01337	0.01830	0.56709	0.09333	0.20317	0.01114	0.00600	0.00165	0.00256	0.00978	0.00527	0.00465
47	0.01049	0.00899	0.01049	0.00749	0.01198	0.00674	0.00599	0.01273	0.01049	0.01648	0.00899	0.01049	0.00749	0.00374	0.00374	0.00075	0.00374	0.00300	0.00300	0.85320
48	0.00742	0.00536	0.00782	0.00782	0.00875	0.00618	0.00607	0.00927	0.00835	0.01237	0.01381	0.01978	0.01267	0.03508	0.73122	0.00751	0.01255	0.00536	0.07809	0.00453
49	0.01863	0.01387	0.01484	0.01152	0.01546	0.01541	0.00947	0.70745	0.09117	0.03092	0.01289	0.01274	0.00921	0.00614	0.00507	0.00154	0.00543	0.00466	0.00507	0.00855
50	0.00955	0.00899	0.01517	0.81013	0.03483	0.01123	0.01404	0.01292	0.01011	0.01292	0.00899	0.01348	0.00674	0.00506	0.00506	0.00169	0.00674	0.00449	0.00225	0.00562
51	0.01067	0.00915	0.01057	0.00774	0.01209	0.00726	0.00617	0.01399	0.07906	0.01689	0.01002	0.01123	0.00820	0.00402	0.00387	0.00083	0.00377	0.00324	0.00319	0.77804
52	0.00955	0.00899	0.01517	0.81013	0.03483	0.01123	0.01404	0.01292	0.01011	0.01292	0.00899	0.01348	0.00674	0.00506	0.00506	0.00169	0.00674	0.00449	0.00225	0.00562
53	0.00722	0.00542	0.00813	0.00813	0.00903	0.00632	0.00632	0.00903	0.00813	0.01174	0.01354	0.01987	0.01264	0.03792	0.80225	0.00813	0.01354	0.00542	0.00271	0.00451
54	0.00733	0.00499	0.00597	0.00597	0.00613	0.00515	0.00363	0.00764	0.00749	0.01014	0.01552	0.03079	0.01739	0.68600	0.16066	0.00546	0.00640	0.00702	0.00300	0.00332
55	0.01142	0.00534	0.00597	0.00560	0.00717	0.00513	0.00427	0.01360	0.01119	0.14860	0.01788	0.07547	0.01434	0.00666	0.00400	0.00131	0.00272	0.00546	0.64852	0.00532
56	0.00651	0.00451	0.00592	0.00701	0.00742	0.00425	0.00482	0.00758	0.00986	0.01346	0.02700	0.71712	0.03173	0.01502	0.00628	0.00201	0.00299	0.05750	0.06483	0.00418
57	0.02269	0.00861	0.01174	0.00900	0.01291	0.00743	0.00743	0.02464	0.01447	0.79425	0.01995	0.01721	0.01252	0.00626	0.00509	0.00156	0.00430	0.00509	0.00626	0.00861
58	0.01188	0.01126	0.01906	0.08449	0.67515	0.01139	0.01457	0.01486	0.01164	0.01656	0.07094	0.01458	0.01105	0.00501	0.00509	0.00152	0.00577	0.00487	0.00273	0.00758
59	0.01026	0.00960	0.01583	0.66473	0.05729	0.01156	0.05225	0.03562	0.06550	0.01433	0.00998	0.01380	0.00750	0.00515	0.00511	0.00168	0.00658	0.00466	0.00256	0.00601
60	0.01220	0.01393	0.11738	0.09991	0.53586	0.04373	0.01502	0.01633	0.06615	0.01628	0.01013	0.01269	0.00816	0.00479	0.00498	0.00154	0.00624	0.00444	0.00262	0.00763
61	0.01101	0.00952	0.01122	0.00841	0.01233	0.00834	0.00677	0.04204	0.06368	0.01695	0.00967	0.01118	0.00799	0.00455	0.00517	0.00099	0.08419	0.00338	0.00314	0.67946
62	0.01013	0.00688	0.00869	0.00901	0.03543	0.00689	0.00646	0.14916	0.01291	0.07238	0.03602	0.50542	0.02641	0.01274	0.00609	0.00192	0.00376	0.07942	0.00481	0.00544

[dist]
# distance from previous block
# <min> <max>
0	1

[block]
# block no. 6 follows, 49 sequences, length 8
# corresponding to MSA columns:
# 276-283
name=unknown_G
#
# <colnr> <probs for GDERKNQSTAVLIFYWHMCP>
#	G	D	E	R	K	N	Q	S	T	A	V	L	I	F	Y	W	H	M	C	P
0	0.00721	0.00487	0.00568	0.00582	0.00589	0.00488	0.00341	0.00740	0.00765	0.01025	0.01715	0.12058	0.01979	0.69319	0.06183	0.00474	0.00511	0.00805	0.00323	0.00325
1	0.01048	0.01161	0.09417	0.09157	0.08687	0.00978	0.22400	0.03236	0.02988	0.01670	0.11122	0.05892	0.01430	0.00655	0.02247	0.00164	0.00599	0.00573	0.00319	0.16257
2	0.01424	0.16123	0.01593	0.10094	0.03601	0.25712	0.02897	0.11468	0.01349	0.01589	0.08065	0.01400	0.01136	0.02855	0.03544	0.00176	0.03502	0.00437	0.02422	0.00612
3	0.01227	0.01104	0.06509	0.10219	0.06546	0.00960	0.14295	0.04917	0.05672	0.09079	0.01203	0.01446	0.00930	0.00502	0.00477	0.00136	0.00538	0.02448	0.05491	0.26299
4	0.01289	0.01098	0.10036	0.01064	0.03347	0.01004	0.02200	0.19476	0.03819	0.10735	0.05812	0.10493	0.01465	0.01212	0.12338	0.00261	0.07048	0.00605	0.06039	0.00659
5	0.02397	0.13970	0.05812	0.00756	0.00932	0.02611	0.00617	0.02952	0.00996	0.02842	0.06614	0.14265	0.07699	0.25974	0.05748	0.00298	0.02590	0.00728	0.01723	0.00477
6	0.01761	0.08693	0.01410	0.01150	0.01416	0.60193	0.00884	0.01909	0.01359	0.05864	0.00943	0.01060	0.00758	0.00528	0.00437	0.00129	0.00777	0.00348	0.09786	0.00594
7	0.11069	0.06670	0.01434	0.04591	0.05887	0.33812	0.00939	0.13073	0.01395	0.06429	0.01054	0.01176	0.03044	0.00629	0.02018	0.00159	0.05260	0.00392	0.00325	0.00645

[dist]
# distance from previous block
# <min> <max>
0	2

[block]
# block no. 7 follows, 49 sequences, length 11
# corresponding to MSA columns:
# 286-296
name=unknown_H
#
# <colnr> <probs for GDERKNQSTAVLIFYWHMCP>
#	G	D	E	R	K	N	Q	S	T	A	V	L	I	F	Y	W	H	M	C	P
0	0.00713	0.00513	0.00659	0.04806	0.00890	0.00482	0.00508	0.00861	0.01051	0.01474	0.11011	0.48622	0.07911	0.01242	0.00575	0.00176	0.00303	0.01107	0.10608	0.06486
1	0.01021	0.00757	0.01215	0.27653	0.01862	0.00843	0.06904	0.02287	0.00999	0.06574	0.06668	0.04515	0.01246	0.03502	0.04286	0.19031	0.04832	0.00544	0.04770	0.00491
2	0.01517	0.05912	0.05424	0.01006	0.01371	0.01202	0.00853	0.18777	0.31452	0.14314	0.03746	0.01599	0.01274	0.00619	0.00487	0.00152	0.00456	0.00496	0.02526	0.06818
3	0.01126	0.00895	0.01071	0.00821	0.01185	0.00771	0.00653	0.06386	0.01130	0.05715	0.01171	0.10138	0.01067	0.00575	0.00512	0.00109	0.06148	0.00458	0.00344	0.59725
4	0.19350	0.02765	0.01181	0.09983	0.04848	0.01058	0.00827	0.13538	0.07667	0.09235	0.03079	0.01620	0.01090	0.00595	0.00456	0.00149	0.00465	0.06233	0.00390	0.15470
5	0.01033	0.00803	0.00944	0.00725	0.01060	0.00664	0.00564	0.01229	0.01019	0.03918	0.01133	0.03832	0.01005	0.07948	0.00639	0.00131	0.03776	0.00407	0.10549	0.58621
6	0.00692	0.00517	0.00691	0.06103	0.00928	0.00530	0.00545	0.00807	0.00975	0.01325	0.05036	0.56145	0.06914	0.06764	0.00799	0.00215	0.04604	0.01185	0.04798	0.00428
7	0.00886	0.00771	0.04904	0.00870	0.03263	0.00715	0.00650	0.06927	0.05186	0.01525	0.08360	0.25782	0.02217	0.18418	0.05884	0.00281	0.03875	0.02892	0.00394	0.06199
8	0.25617	0.02109	0.08185	0.07201	0.01471	0.01017	0.08540	0.01427	0.07717	0.01763	0.04931	0.09920	0.01296	0.03092	0.00590	0.00174	0.04678	0.02569	0.00334	0.07369
9	0.01260	0.01328	0.07596	0.09373	0.01661	0.12058	0.05971	0.11543	0.09518	0.01713	0.04178	0.01467	0.01052	0.03421	0.05790	0.00211	0.11836	0.00472	0.02883	0.06671
10	0.02464	0.13193	0.10090	0.06691	0.03663	0.07026	0.07968	0.03671	0.05196	0.03518	0.05355	0.04090	0.08272	0.04259	0.04794	0.00208	0.05594	0.03021	0.00323	0.00603

[dist]
# distance from previous block
# <min> <max>
6	219

[block]
# block no. 8 follows, 49 sequences, length 45
# corresponding to MSA columns:
# 557-601
name=unknown_I
#
# <colnr> <probs for GDERKNQSTAVLIFYWHMCP>
#	G	D	E	R	K	N	Q	S	T	A	V	L	I	F	Y	W	H	M	C	P
0	0.05630	0.08291	0.09368	0.01004	0.02914	0.01129	0.00876	0.22767	0.03173	0.09805	0.02480	0.04807	0.03178	0.02419	0.03845	0.00176	0.01690	0.00479	0.01833	0.14137
1	0.06860	0.31223	0.10014	0.00950	0.02145	0.03817	0.00885	0.11732	0.07243	0.01794	0.12750	0.01614	0.04716	0.00614	0.00438	0.00139	0.00495	0.00466	0.01449	0.00655
2	0.02098	0.04324	0.09832	0.01200	0.07562	0.01109	0.03960	0.16044	0.05175	0.05065	0.04287	0.04458	0.10521	0.00704	0.00635	0.00156	0.10032	0.00554	0.01517	0.10766
3	0.02136	0.10400	0.01015	0.00783	0.00923	0.06667	0.00591	0.07379	0.01054	0.02228	0.03846	0.16260	0.04538	0.10221	0.01150	0.23488	0.00463	0.04932	0.00340	0.01586
4	0.02412	0.19174	0.13835	0.08052	0.02831	0.09013	0.06353	0.02703	0.02290	0.10690	0.09137	0.01419	0.01179	0.00590	0.00579	0.00152	0.08163	0.00451	0.00318	0.00657
5	0.01254	0.17892	0.09733	0.01413	0.08074	0.01311	0.17646	0.13078	0.04361	0.02813	0.05924	0.06605	0.02797	0.00624	0.00523	0.00154	0.01960	0.01596	0.00335	0.01907
6	0.00854	0.00742	0.00877	0.00855	0.00935	0.07534	0.00646	0.00996	0.00905	0.01227	0.05152	0.11469	0.01626	0.11344	0.42402	0.00545	0.09397	0.00657	0.01384	0.00455
7	0.03003	0.00752	0.01008	0.07928	0.05280	0.00743	0.00721	0.03870	0.03851	0.27462	0.06678	0.11836	0.07879	0.09315	0.04080	0.00228	0.01400	0.01696	0.01647	0.00623
8	0.00702	0.00506	0.00664	0.00646	0.00752	0.00468	0.00476	0.00920	0.01367	0.01926	0.68302	0.14573	0.04574	0.01110	0.00603	0.00165	0.00246	0.00987	0.00545	0.00468
9	0.01065	0.01114	0.10416	0.07789	0.01543	0.00805	0.02190	0.01342	0.01052	0.03173	0.00919	0.01097	0.00738	0.00417	0.00436	0.00100	0.02394	0.00334	0.00287	0.62790
10	0.02650	0.01003	0.04988	0.01022	0.01332	0.00925	0.07347	0.17816	0.04470	0.19241	0.05029	0.20558	0.01714	0.02436	0.00596	0.00172	0.01587	0.00725	0.00467	0.05921
11	0.12880	0.08389	0.01419	0.01034	0.01397	0.13361	0.00851	0.35890	0.01740	0.14203	0.01169	0.01178	0.00841	0.00563	0.00454	0.00145	0.00559	0.00404	0.02772	0.00749
12	0.00764	0.07601	0.00835	0.00741	0.00850	0.00655	0.00539	0.01032	0.10142	0.01451	0.09594	0.54608	0.06657	0.01314	0.00596	0.00187	0.00321	0.01169	0.00461	0.00484
13	0.00632	0.00501	0.00569	0.00579	0.00711	0.00437	0.00424	0.00783	0.01195	0.01529	0.24350	0.18010	0.45954	0.01268	0.00606	0.00174	0.00258	0.01091	0.00493	0.00437
14	0.10000	0.12456	0.53286	0.01298	0.01925	0.02854	0.04522	0.05227	0.01116	0.01689	0.00877	0.01025	0.00648	0.00478	0.00448	0.00153	0.00682	0.00362	0.00241	0.00714
15	0.00955	0.00899	0.01517	0.81013	0.03483	0.01123	0.01404	0.01292	0.01011	0.01292	0.00899	0.01348	0.00674	0.00506	0.00506	0.00169	0.00674	0.00449	0.00225	0.00562
16	0.00965	0.00493	0.00710	0.00686	0.00731	0.00494	0.00474	0.00851	0.00753	0.07693	0.01106	0.01792	0.01057	0.10323	0.11154	0.59098	0.00552	0.00488	0.00270	0.00311
17	0.56226	0.00859	0.00828	0.00868	0.07625	0.00957	0.00604	0.01278	0.00852	0.01870	0.00939	0.01178	0.03740	0.00787	0.00711	0.19122	0.00415	0.00357	0.00293	0.00492
18	0.08851	0.12724	0.01597	0.18888	0.01905	0.12366	0.01013	0.32880	0.01623	0.02137	0.00969	0.01112	0.00733	0.00536	0.00457	0.00147	0.00615	0.00395	0.00352	0.00699
19	0.01739	0.00717	0.00957	0.00781	0.01056	0.00638	0.00622	0.01896	0.01299	0.50340	0.10839	0.01964	0.01627	0.00802	0.00671	0.10206	0.00382	0.00543	0.12235	0.00686
20	0.00737	0.00531	0.00707	0.00798	0.00885	0.00520	0.00637	0.00900	0.01059	0.01380	0.02754	0.23569	0.09388	0.09614	0.04009	0.00270	0.00444	0.40922	0.00443	0.00433
21	0.01352	0.82533	0.02650	0.00865	0.01298	0.02001	0.00865	0.01514	0.01027	0.01190	0.00703	0.00811	0.00649	0.00433	0.00324	0.00108	0.00541	0.00270	0.00216	0.00649
22	0.00647	0.00517	0.00580	0.00574	0.00725	0.00451	0.00436	0.00815	0.01242	0.01585	0.28504	0.04563	0.51277	0.01208	0.00602	0.00170	0.00261	0.04899	0.00497	0.00445
23	0.00712	0.00517	0.00671	0.00633	0.00753	0.00476	0.00475	0.00948	0.01424	0.02010	0.76772	0.03807	0.06818	0.01041	0.00596	0.00159	0.00239	0.00919	0.00554	0.00476
24	0.01102	0.00849	0.01015	0.00915	0.01112	0.00964	0.00715	0.16957	0.20025	0.01813	0.01518	0.01890	0.01288	0.07486	0.38152	0.00489	0.00885	0.00543	0.01672	0.00611
25	0.01134	0.00959	0.01141	0.00907	0.05281	0.00779	0.00680	0.07847	0.01168	0.01781	0.00929	0.01073	0.00761	0.00398	0.00392	0.00085	0.00402	0.00321	0.00315	0.73645
26	0.01382	0.34681	0.11713	0.01052	0.01451	0.01606	0.01006	0.19634	0.09406	0.01820	0.01089	0.04968	0.00922	0.00596	0.00522	0.00145	0.06542	0.00428	0.00329	0.00709
27	0.01794	0.08237	0.01456	0.01028	0.01400	0.01390	0.00858	0.54006	0.02008	0.10841	0.01303	0.01312	0.00934	0.00592	0.00473	0.00144	0.00504	0.00447	0.10477	0.00796
28	0.01163	0.01072	0.01588	0.11785	0.40013	0.02267	0.01211	0.01740	0.20436	0.01762	0.10415	0.01716	0.01438	0.00586	0.00515	0.00159	0.00521	0.00534	0.00350	0.00730
29	0.00957	0.00878	0.01411	0.65726	0.03026	0.01084	0.01271	0.01371	0.07639	0.01351	0.01046	0.01461	0.00811	0.00865	0.08851	0.00236	0.00722	0.00470	0.00255	0.00571
30	0.01039	0.00571	0.00582	0.00544	0.00693	0.00585	0.00418	0.09148	0.01200	0.02013	0.01663	0.01866	0.02569	0.00603	0.00374	0.00122	0.00270	0.00480	0.74750	0.00511
31	0.01239	0.00953	0.00778	0.00712	0.00891	0.15817	0.00544	0.10340	0.01287	0.01915	0.01432	0.01620	0.01122	0.00578	0.00391	0.00124	0.00403	0.00442	0.58873	0.00539
32	0.00980	0.00544	0.00551	0.00537	0.00675	0.00564	0.00406	0.01356	0.10167	0.01912	0.01698	0.01885	0.01325	0.00601	0.00373	0.00124	0.00255	0.00483	0.75053	0.00510
33	0.00735	0.00490	0.00552	0.00552	0.00552	0.00490	0.00306	0.00735	0.00735	0.00980	0.01593	0.03309	0.01838	0.82229	0.02574	0.00490	0.00490	0.00735	0.00306	0.00306
34	0.01258	0.01086	0.01143	0.01029	0.01315	0.01258	0.00800	0.02687	0.78161	0.02115	0.02058	0.01887	0.01544	0.00686	0.00515	0.00172	0.00400	0.00572	0.00515	0.00800
35	0.01331	0.01227	0.01989	0.02875	0.69920	0.01245	0.01482	0.10509	0.01296	0.01833	0.00982	0.01247	0.00808	0.00469	0.00501	0.00150	0.00596	0.00451	0.00280	0.00808
36	0.11744	0.01332	0.01429	0.01122	0.01473	0.01515	0.00927	0.60450	0.02031	0.02872	0.01096	0.01156	0.00803	0.00620	0.00604	0.00160	0.08989	0.00433	0.00453	0.00791
37	0.00722	0.00542	0.00813	0.00813	0.00903	0.00632	0.00632	0.00903	0.00813	0.01174	0.01354	0.01987	0.01264	0.03792	0.80225	0.00813	0.01354	0.00542	0.00271	0.00451
38	0.15386	0.00670	0.00821	0.00770	0.00926	0.00740	0.00593	0.01221	0.03965	0.09605	0.05080	0.02001	0.01386	0.12649	0.40360	0.00527	0.01913	0.00535	0.00342	0.00508
