[name]
unknown

[dist]
# distance from previous block
# <min> <max>
13	76

[block]
# block no. 0 follows, 55 sequences, length 15
# corresponding to MSA columns:
# 96-110
name=unknown_A
#
# <colnr> <probs for GDERKNQSTAVLIFYWHMCP>
#	G	D	E	R	K	N	Q	S	T	A	V	L	I	F	Y	W	H	M	C	P
0	0.01136	0.10685	0.02127	0.06818	0.05858	0.04063	0.35406	0.04562	0.03592	0.01405	0.00853	0.01133	0.00691	0.00510	0.00718	0.00158	0.18988	0.00453	0.00239	0.00603
1	0.49469	0.00931	0.01003	0.05065	0.11771	0.01011	0.00726	0.06832	0.01031	0.16849	0.00942	0.01013	0.00682	0.00467	0.00366	0.00143	0.00416	0.00334	0.00342	0.00609
2	0.01000	0.00519	0.00696	0.00700	0.00826	0.00469	0.00509	0.01114	0.01024	0.23740	0.02410	0.56244	0.04472	0.01197	0.00558	0.00176	0.00309	0.03068	0.00472	0.00496
3	0.01949	0.00796	0.01116	0.10208	0.01419	0.00724	0.00754	0.02143	0.01285	0.71900	0.01720	0.01544	0.01091	0.00563	0.00468	0.00145	0.00422	0.00462	0.00533	0.00760
4	0.02021	0.00860	0.01117	0.00861	0.01219	0.00789	0.00710	0.11560	0.03766	0.69291	0.01750	0.01532	0.01116	0.00575	0.00468	0.00144	0.00409	0.00464	0.00559	0.00790
5	0.01195	0.00644	0.00809	0.00723	0.00907	0.00610	0.00546	0.10199	0.01219	0.26107	0.12301	0.27587	0.05707	0.08376	0.00691	0.00186	0.00345	0.00819	0.00477	0.00553
6	0.17278	0.00826	0.01018	0.00796	0.01143	0.00770	0.00657	0.04362	0.01260	0.64630	0.01602	0.01421	0.01025	0.00550	0.00436	0.00144	0.00393	0.00428	0.00521	0.00740
7	0.00879	0.00496	0.00614	0.00615	0.00744	0.00446	0.00449	0.01007	0.01033	0.15938	0.05357	0.38827	0.19766	0.01112	0.00529	0.00163	0.00278	0.00972	0.10311	0.00465
8	0.11592	0.01124	0.01225	0.00956	0.01310	0.01207	0.00787	0.48849	0.05390	0.20967	0.01266	0.01212	0.00871	0.00551	0.00446	0.00142	0.00461	0.00416	0.00471	0.00756
9	0.05422	0.00585	0.00761	0.00712	0.00888	0.00533	0.00533	0.01329	0.01075	0.32788	0.04377	0.43182	0.03814	0.01039	0.00527	0.00167	0.00322	0.00912	0.00484	0.00549
10	0.01723	0.00719	0.00969	0.00802	0.01088	0.00640	0.00646	0.01928	0.04061	0.60361	0.01995	0.15892	0.01572	0.00766	0.00499	0.00156	0.00375	0.04568	0.00540	0.00700
11	0.00574	0.00423	0.00540	0.00624	0.00678	0.00388	0.00430	0.00672	0.00943	0.01237	0.06515	0.64697	0.15315	0.01384	0.00586	0.00183	0.00267	0.03724	0.00435	0.00385
12	0.01650	0.01508	0.01424	0.01163	0.01481	0.30483	0.09698	0.19647	0.12078	0.14448	0.01171	0.01189	0.00854	0.00523	0.00460	0.00138	0.00624	0.00412	0.00376	0.00674
13	0.00706	0.00460	0.00557	0.00571	0.00616	0.00441	0.00368	0.00769	0.00859	0.04695	0.11008	0.23057	0.06223	0.44358	0.01510	0.00318	0.00366	0.02393	0.00369	0.00355
14	0.10076	0.00889	0.00976	0.00807	0.01072	0.00955	0.00649	0.22092	0.13274	0.18793	0.01418	0.01462	0.01041	0.03304	0.00516	0.00149	0.03008	0.00440	0.18426	0.00653

[dist]
# distance from previous block
# <min> <max>
3	9

[block]
# block no. 1 follows, 55 sequences, length 14
# corresponding to MSA columns:
# 120-133
name=unknown_B
#
# <colnr> <probs for GDERKNQSTAVLIFYWHMCP>
#	G	D	E	R	K	N	Q	S	T	A	V	L	I	F	Y	W	H	M	C	P
0	0.00851	0.00796	0.02116	0.08847	0.01113	0.12406	0.02020	0.01008	0.02426	0.03368	0.07142	0.38063	0.10470	0.02859	0.00599	0.01534	0.00413	0.03151	0.00377	0.00444
1	0.02087	0.00792	0.01080	0.00828	0.01188	0.00684	0.00684	0.02267	0.01332	0.81071	0.01835	0.01583	0.01152	0.00576	0.00468	0.00144	0.00396	0.00468	0.00576	0.00792
2	0.14971	0.01371	0.01275	0.01018	0.01358	0.12863	0.00827	0.56075	0.01847	0.02545	0.00987	0.01021	0.00719	0.00528	0.00431	0.00137	0.00535	0.00376	0.00406	0.00711
3	0.00954	0.07936	0.75895	0.01290	0.01958	0.01132	0.01656	0.01468	0.00980	0.01448	0.00822	0.00966	0.00590	0.00439	0.00432	0.00144	0.00675	0.00337	0.00197	0.00681
4	0.00736	0.00501	0.00568	0.00557	0.00584	0.00507	0.00335	0.05714	0.00795	0.01061	0.01552	0.10858	0.01771	0.70192	0.02070	0.00405	0.00437	0.00724	0.00308	0.00324
5	0.01273	0.59904	0.09996	0.00905	0.01308	0.08469	0.00896	0.05021	0.06106	0.01273	0.00773	0.00858	0.00658	0.00431	0.00342	0.00112	0.00538	0.00288	0.00232	0.00619
6	0.00623	0.00470	0.00575	0.00557	0.00675	0.00422	0.00414	0.00805	0.01220	0.01655	0.54667	0.08249	0.25878	0.01044	0.00552	0.00152	0.00227	0.00908	0.00485	0.00422
7	0.00568	0.00415	0.00535	0.00626	0.00670	0.00382	0.00423	0.00658	0.00924	0.01218	0.05393	0.72012	0.11647	0.01410	0.00587	0.00184	0.00264	0.01269	0.00435	0.00382
8	0.04505	0.01616	0.01391	0.06685	0.01578	0.42868	0.08591	0.07532	0.02610	0.14585	0.00993	0.01088	0.00741	0.00568	0.02497	0.00149	0.00708	0.00376	0.00315	0.00606
9	0.08539	0.19748	0.40349	0.01053	0.01536	0.04852	0.01186	0.01512	0.08755	0.01439	0.00918	0.01111	0.00737	0.05794	0.00523	0.00156	0.00578	0.00352	0.00240	0.00624
10	0.64198	0.00880	0.00758	0.00632	0.00953	0.00932	0.00516	0.01316	0.00837	0.01936	0.00695	0.00811	0.00553	0.00409	0.00303	0.00124	0.00356	0.00258	0.00285	0.23247
11	0.01213	0.00841	0.00998	0.00748	0.01132	0.00698	0.00600	0.01548	0.10545	0.17501	0.01157	0.01181	0.00870	0.00425	0.00385	0.00095	0.00358	0.00344	0.00360	0.59003
12	0.00965	0.00827	0.00965	0.00689	0.01102	0.00620	0.00551	0.01171	0.00965	0.01516	0.00827	0.00965	0.00689	0.00345	0.00345	0.00069	0.00345	0.00276	0.00276	0.86494
13	0.01232	0.01113	0.03789	0.01710	0.31412	0.03141	0.03634	0.08576	0.29320	0.05261	0.04978	0.01474	0.01163	0.00538	0.00471	0.00146	0.00480	0.00476	0.00365	0.00720

[dist]
# distance from previous block
# <min> <max>
0	1

[block]
# block no. 2 follows, 55 sequences, length 61
# corresponding to MSA columns:
# 137-197
name=unknown_C
#
# <colnr> <probs for GDERKNQSTAVLIFYWHMCP>
#	G	D	E	R	K	N	Q	S	T	A	V	L	I	F	Y	W	H	M	C	P
0	0.10652	0.03157	0.02517	0.01124	0.07086	0.09944	0.00855	0.34409	0.17002	0.06867	0.01186	0.01189	0.00873	0.00536	0.00439	0.00141	0.00501	0.00407	0.00403	0.00713
1	0.00705	0.00556	0.00819	0.00795	0.00867	0.00674	0.00623	0.00860	0.00742	0.01080	0.01179	0.01767	0.01114	0.05273	0.70581	0.00678	0.10526	0.00493	0.00245	0.00423
2	0.00647	0.00470	0.00605	0.00588	0.00681	0.00447	0.00428	0.00820	0.01141	0.01589	0.53027	0.08522	0.09263	0.10681	0.08803	0.00244	0.00352	0.00830	0.00449	0.00411
3	0.00637	0.00468	0.00594	0.00577	0.00681	0.00428	0.00425	0.00826	0.01231	0.01707	0.62284	0.11532	0.13087	0.02726	0.00591	0.00158	0.00231	0.00902	0.00490	0.00424
4	0.01244	0.83930	0.02438	0.00796	0.01194	0.01841	0.00796	0.01393	0.00945	0.01095	0.00647	0.00746	0.00597	0.00398	0.00299	0.00100	0.00498	0.00249	0.00199	0.00597
5	0.01244	0.83930	0.02438	0.00796	0.01194	0.01841	0.00796	0.01393	0.00945	0.01095	0.00647	0.00746	0.00597	0.00398	0.00299	0.00100	0.00498	0.00249	0.00199	0.00597
6	0.02087	0.00792	0.01080	0.00828	0.01188	0.00684	0.00684	0.02267	0.01332	0.81071	0.01835	0.01583	0.01152	0.00576	0.00468	0.00144	0.00396	0.00468	0.00576	0.00792
7	0.57792	0.01038	0.00858	0.00736	0.01036	0.09742	0.00597	0.04817	0.01011	0.17270	0.00904	0.00940	0.00651	0.00470	0.00344	0.00141	0.00425	0.00306	0.00346	0.00575
8	0.00650	0.00475	0.00611	0.00577	0.00690	0.00436	0.00433	0.00862	0.01298	0.01821	0.74945	0.03549	0.09976	0.00968	0.00549	0.00147	0.00221	0.00852	0.00506	0.00436
9	0.00583	0.00417	0.00557	0.00659	0.00696	0.00391	0.00454	0.00678	0.00919	0.01223	0.04822	0.74176	0.04218	0.01426	0.00595	0.00189	0.00280	0.06899	0.00434	0.00384
10	0.01764	0.01446	0.01384	0.01090	0.01442	0.14036	0.00887	0.67074	0.02051	0.02651	0.01055	0.01073	0.00761	0.00546	0.00458	0.00137	0.00563	0.00400	0.00430	0.00752
11	0.00974	0.00924	0.01568	0.54666	0.30325	0.01059	0.01339	0.01272	0.00975	0.01304	0.00844	0.01209	0.00661	0.00447	0.00464	0.00149	0.00597	0.00414	0.00215	0.00594
12	0.00955	0.00654	0.00786	0.00694	0.00873	0.00649	0.00537	0.11442	0.08222	0.08433	0.49494	0.04753	0.08893	0.00869	0.00526	0.00148	0.00288	0.00749	0.00500	0.00535
13	0.01263	0.01079	0.01110	0.00972	0.01250	0.03510	0.00763	0.13652	0.66312	0.02067	0.01746	0.01620	0.01305	0.00616	0.00471	0.00154	0.00403	0.00504	0.00466	0.00739
14	0.01111	0.01079	0.01884	0.13573	0.64510	0.01101	0.07103	0.01400	0.01045	0.01473	0.00873	0.01171	0.00719	0.00420	0.00468	0.00142	0.00579	0.00424	0.00227	0.00699
15	0.07789	0.01213	0.01507	0.01277	0.08371	0.01308	0.09856	0.49871	0.07379	0.05092	0.01121	0.01169	0.00813	0.00523	0.00462	0.00143	0.00522	0.00431	0.00410	0.00743
16	0.01224	0.57289	0.15182	0.00916	0.01348	0.01627	0.00949	0.07206	0.07892	0.01365	0.00820	0.00898	0.00681	0.00437	0.00349	0.00115	0.00519	0.00301	0.00242	0.00638
17	0.00594	0.00435	0.00558	0.00608	0.00676	0.00399	0.00426	0.00723	0.01045	0.01411	0.27668	0.49221	0.11984	0.01265	0.00575	0.00172	0.00250	0.01132	0.00457	0.00399
18	0.14961	0.01215	0.01545	0.03761	0.49463	0.12425	0.01153	0.01549	0.06776	0.01581	0.00890	0.01088	0.00727	0.00443	0.00428	0.00138	0.00550	0.00380	0.00258	0.00667
19	0.01182	0.08198	0.01673	0.31986	0.23194	0.04437	0.07495	0.02640	0.01056	0.10351	0.00957	0.01209	0.00730	0.00523	0.02310	0.00156	0.00601	0.00414	0.00263	0.00625
20	0.00729	0.00730	0.06750	0.12324	0.01319	0.00650	0.07487	0.00998	0.06733	0.01314	0.04614	0.48760	0.03580	0.01070	0.00550	0.00174	0.00399	0.00977	0.00372	0.00470
21	0.00658	0.00433	0.00576	0.00660	0.00710	0.00402	0.00454	0.00750	0.00925	0.05471	0.03490	0.72651	0.03896	0.02786	0.00618	0.00191	0.00285	0.04204	0.00438	0.00401
22	0.01414	0.01089	0.01443	0.14690	0.19477	0.01186	0.01984	0.29628	0.13330	0.09219	0.01195	0.01282	0.00877	0.00521	0.00467	0.00145	0.00510	0.00439	0.00379	0.00724
23	0.01174	0.49224	0.11515	0.00926	0.01309	0.01396	0.06529	0.01381	0.00987	0.08119	0.01063	0.12481	0.01000	0.00567	0.00390	0.00126	0.00500	0.00452	0.00267	0.00596
24	0.00582	0.00414	0.00544	0.00633	0.00664	0.00388	0.00422	0.00667	0.00908	0.01219	0.08445	0.71408	0.03077	0.07387	0.00719	0.00205	0.00279	0.01239	0.00427	0.00376
25	0.00933	0.02406	0.81240	0.01326	0.02014	0.01080	0.01719	0.01473	0.00982	0.01473	0.00835	0.00982	0.00589	0.00442	0.00442	0.00147	0.00688	0.00344	0.00196	0.00688
26	0.01260	0.12016	0.06681	0.07185	0.12669	0.01154	0.02080	0.21887	0.06944	0.07040	0.01390	0.01504	0.07365	0.01784	0.06837	0.00190	0.00555	0.00459	0.00343	0.00657
27	0.01037	0.00996	0.07256	0.53581	0.04549	0.01031	0.07584	0.01451	0.08221	0.08240	0.01023	0.01296	0.00747	0.00481	0.00471	0.00154	0.00594	0.00435	0.00265	0.00587
28	0.01121	0.03764	0.01572	0.02061	0.48420	0.01107	0.01138	0.01697	0.24725	0.01602	0.01200	0.01363	0.00969	0.00702	0.06366	0.00187	0.00546	0.00449	0.00304	0.00709
29	0.47767	0.03246	0.01045	0.01012	0.08086	0.27544	0.00726	0.01557	0.02616	0.01701	0.00717	0.00838	0.00576	0.00449	0.00350	0.00135	0.00537	0.00287	0.00269	0.00543
30	0.00644	0.00469	0.00616	0.00627	0.00687	0.00491	0.00443	0.00748	0.00805	0.01099	0.05965	0.12277	0.09863	0.26932	0.35699	0.00500	0.00734	0.00718	0.00313	0.00370
31	0.00974	0.00954	0.01432	0.29943	0.04913	0.01275	0.01130	0.01156	0.00802	0.01159	0.00697	0.01101	0.00619	0.00676	0.01112	0.00184	0.50737	0.00410	0.00206	0.00520
32	0.00578	0.00461	0.00518	0.00528	0.00652	0.00401	0.00387	0.00713	0.01091	0.01385	0.21828	0.17735	0.49738	0.01174	0.00557	0.00160	0.00238	0.01008	0.00450	0.00401
33	0.01490	0.15030	0.14949	0.01142	0.01483	0.50883	0.01011	0.01756	0.05808	0.01235	0.00796	0.00901	0.00645	0.00469	0.00407	0.00124	0.00732	0.00312	0.00240	0.00585
34	0.00749	0.00483	0.00588	0.00566	0.00636	0.00460	0.00381	0.00849	0.00972	0.05974	0.29530	0.04415	0.05787	0.42439	0.01460	0.00302	0.00354	0.03284	0.00393	0.00378
35	0.00722	0.00501	0.00577	0.00542	0.00700	0.00434	0.00412	0.00881	0.01174	0.08395	0.31218	0.03872	0.46782	0.01046	0.00542	0.00152	0.00244	0.00888	0.00473	0.00444
36	0.01157	0.00999	0.01052	0.00947	0.01210	0.01157	0.00736	0.02472	0.79908	0.01946	0.01893	0.01736	0.01420	0.00631	0.00473	0.00158	0.00368	0.00526	0.00473	0.00736
37	0.00683	0.00505	0.00643	0.00619	0.00730	0.00483	0.00460	0.00965	0.06970	0.01786	0.64947	0.13441	0.04008	0.00992	0.00549	0.00153	0.00237	0.00879	0.00499	0.00453
38	0.00879	0.00827	0.01395	0.82532	0.03204	0.01034	0.01292	0.01189	0.00930	0.01189	0.00827	0.01240	0.00620	0.00465	0.00465	0.00155	0.00620	0.00413	0.00207	0.00517
39	0.01105	0.01058	0.01805	0.16284	0.67679	0.01093	0.01405	0.01387	0.01038	0.01464	0.00867	0.01166	0.00717	0.00423	0.00461	0.00141	0.00564	0.00414	0.00226	0.00700
40	0.00567	0.00405	0.00540	0.00648	0.00675	0.00378	0.00432	0.00648	0.00891	0.01188	0.02564	0.83347	0.03077	0.01457	0.00594	0.00189	0.00270	0.01323	0.00432	0.00378
41	0.01065	0.01299	0.19357	0.01080	0.01443	0.01088	0.06625	0.02057	0.50494	0.01800	0.07349	0.01657	0.01397	0.00594	0.00477	0.00155	0.00460	0.00509	0.00396	0.00696
42	0.01440	0.01047	0.01129	0.00901	0.01162	0.01145	0.00703	0.55603	0.01733	0.02322	0.01222	0.01696	0.01062	0.25526	0.01037	0.00233	0.00494	0.00496	0.00410	0.00638
43	0.01066	0.01476	0.25696	0.08181	0.51460	0.01093	0.01505	0.01424	0.01027	0.01482	0.00859	0.01107	0.00684	0.00426	0.00455	0.00142	0.00598	0.00393	0.00218	0.00706
44	0.08019	0.00968	0.01066	0.00870	0.01193	0.07846	0.00701	0.02210	0.18086	0.51490	0.01665	0.01491	0.01114	0.00569	0.00452	0.00145	0.00426	0.00450	0.00504	0.00737
45	0.01244	0.83930	0.02438	0.00796	0.01194	0.01841	0.00796	0.01393	0.00945	0.01095	0.00647	0.00746	0.00597	0.00398	0.00299	0.00100	0.00498	0.00249	0.00199	0.00597
46	0.01812	0.00803	0.01044	0.00817	0.01154	0.00722	0.00666	0.04108	0.08142	0.60586	0.07460	0.01676	0.01367	0.00590	0.00465	0.00140	0.00380	0.00485	0.00537	0.07046
47	0.00676	0.00454	0.00521	0.00521	0.00526	0.00459	0.00299	0.00686	0.00681	0.00912	0.01453	0.02973	0.01660	0.78953	0.07023	0.00468	0.00498	0.00666	0.00280	0.00290
48	0.01280	0.01921	0.57154	0.01176	0.01765	0.00961	0.01408	0.01712	0.01087	0.25391	0.01135	0.01163	0.00758	0.00482	0.00450	0.00146	0.00600	0.00381	0.00310	0.00719
49	0.00670	0.00479	0.00648	0.00648	0.00697	0.00527	0.00457	0.00767	0.00718	0.01006	0.01337	0.02332	0.01382	0.36739	0.48856	0.00625	0.00916	0.00572	0.00263	0.00360
50	0.15670	0.00809	0.01016	0.00793	0.01141	0.00741	0.00655	0.02123	0.01245	0.68427	0.01645	0.01451	0.01048	0.00553	0.00439	0.00144	0.00390	0.00433	0.00530	0.00746
51	0.01244	0.83930	0.02438	0.00796	0.01194	0.01841	0.00796	0.01393	0.00945	0.01095	0.00647	0.00746	0.00597	0.00398	0.00299	0.00100	0.00498	0.00249	0.00199	0.00597
52	0.01220	0.01247	0.02247	0.02084	0.25790	0.06979	0.43623	0.01567	0.02932	0.06185	0.00980	0.01224	0.00750	0.00422	0.00506	0.00148	0.00686	0.00485	0.00260	0.00666
53	0.00719	0.00481	0.00625	0.00605	0.00717	0.00439	0.00448	0.00905	0.01224	0.06348	0.57311	0.18433	0.07901	0.01036	0.00552	0.00155	0.00240	0.00917	0.00497	0.00446
54	0.00575	0.00411	0.00547	0.00642	0.00677	0.00383	0.00432	0.00668	0.00928	0.01246	0.09325	0.76419	0.03191	0.01414	0.00590	0.00185	0.00266	0.01281	0.00439	0.00383
55	0.01006	0.02311	0.74314	0.01304	0.01964	0.01112	0.01646	0.08215	0.01087	0.01600	0.00859	0.00994	0.00607	0.00452	0.00444	0.00147	0.00672	0.00350	0.00220	0.00697
56	0.01184	0.01203	0.01657	0.17018	0.49634	0.12423	0.01278	0.01521	0.06855	0.01437	0.00919	0.01167	0.00746	0.00449	0.00457	0.00140	0.00592	0.00406	0.00245	0.00669
57	0.00808	0.00404	0.00606	0.00606	0.00606	0.00404	0.00404	0.00606	0.00606	0.00808	0.00808	0.01414	0.00808	0.01616	0.01818	0.86465	0.00404	0.00404	0.00202	0.00202
58	0.00665	0.00498	0.00748	0.00748	0.00831	0.00582	0.00582	0.00831	0.00748	0.01080	0.01246	0.01828	0.01163	0.03489	0.81807	0.00748	0.01246	0.00498	0.00249	0.00415
59	0.06003	0.00831	0.00948	0.00685	0.01091	0.00645	0.00548	0.01183	0.00955	0.01549	0.00816	0.00952	0.00678	0.00350	0.00341	0.00073	0.00345	0.00274	0.00276	0.81455
60	0.08799	0.04439	0.01187	0.00952	0.01257	0.01267	0.00766	0.27100	0.44767	0.02242	0.01484	0.01411	0.01104	0.00581	0.00448	0.00148	0.00419	0.00456	0.00444	0.00728

[dist]
# distance from previous block
# <min> <max>
0	2

[block]
# block no. 3 follows, 55 sequences, length 109
# corresponding to MSA columns:
# 200-308
name=unknown_D
#
# <colnr> <probs for GDERKNQSTAVLIFYWHMCP>
#	G	D	E	R	K	N	Q	S	T	A	V	L	I	F	Y	W	H	M	C	P
0	0.01134	0.04409	0.50213	0.01177	0.01725	0.00969	0.06756	0.01544	0.01068	0.16291	0.03192	0.01434	0.06956	0.00531	0.00461	0.00147	0.00588	0.00439	0.00296	0.00671
1	0.74180	0.00923	0.00808	0.00820	0.07554	0.01056	0.00596	0.01445	0.06006	0.02031	0.00748	0.00853	0.00583	0.00443	0.00314	0.00144	0.00376	0.00283	0.00295	0.00538
2	0.02566	0.18939	0.01601	0.01261	0.09568	0.48162	0.00921	0.07179	0.01270	0.03379	0.00776	0.00890	0.00640	0.00463	0.00402	0.00120	0.00698	0.00313	0.00255	0.00596
3	0.01497	0.20292	0.01701	0.01471	0.19079	0.41693	0.00993	0.05621	0.01221	0.01306	0.00758	0.00902	0.00639	0.00451	0.00404	0.00120	0.00682	0.00320	0.00240	0.00609
4	0.01229	0.01079	0.01821	0.02687	0.74139	0.01070	0.01366	0.01497	0.01082	0.08129	0.00955	0.01187	0.00771	0.00428	0.00461	0.00139	0.00540	0.00419	0.00259	0.00741
5	0.86937	0.00900	0.00684	0.00612	0.00900	0.01044	0.00504	0.01368	0.00792	0.02087	0.00648	0.00756	0.00504	0.00432	0.00288	0.00144	0.00360	0.00252	0.00288	0.00504
6	0.00673	0.00601	0.00584	0.00574	0.00713	0.06678	0.00426	0.00815	0.01136	0.01408	0.24915	0.10802	0.46836	0.01087	0.00543	0.00154	0.00281	0.00921	0.00439	0.00415
7	0.00630	0.00457	0.00594	0.00597	0.00687	0.00421	0.00433	0.00808	0.01193	0.01660	0.56674	0.24562	0.07355	0.01094	0.00561	0.00158	0.00233	0.00974	0.00487	0.00421
8	0.00619	0.00453	0.00581	0.00594	0.00682	0.00415	0.00428	0.00784	0.01156	0.01590	0.48311	0.28996	0.11393	0.01134	0.00563	0.00161	0.00237	0.01008	0.00479	0.00415
9	0.00596	0.00427	0.00569	0.00650	0.00698	0.00400	0.00454	0.00711	0.00982	0.01327	0.17084	0.63334	0.03295	0.01352	0.00589	0.00183	0.00271	0.06240	0.00447	0.00393
10	0.00640	0.00475	0.00597	0.00566	0.00684	0.00431	0.00425	0.00843	0.01274	0.01763	0.67785	0.03643	0.17172	0.00989	0.00549	0.00148	0.00222	0.00865	0.00499	0.00431
11	0.01207	0.01033	0.01145	0.01104	0.07360	0.01177	0.00802	0.08766	0.67373	0.01995	0.01750	0.01639	0.01315	0.00608	0.00472	0.00155	0.00394	0.00508	0.00454	0.00741
12	0.01708	0.01148	0.01269	0.01001	0.01349	0.01245	0.00818	0.49776	0.17307	0.17302	0.01403	0.01326	0.00982	0.00576	0.00467	0.00144	0.00462	0.00449	0.00488	0.00780
13	0.13982	0.01166	0.02092	0.01538	0.01950	0.01160	0.49647	0.09611	0.07251	0.05435	0.01030	0.01219	0.00760	0.00442	0.00492	0.00153	0.00643	0.00486	0.00301	0.00642
14	0.01151	0.01105	0.01888	0.02855	0.80748	0.01105	0.01428	0.01428	0.01059	0.01520	0.00875	0.01151	0.00737	0.00415	0.00461	0.00138	0.00553	0.00415	0.00230	0.00737
15	0.00983	0.15464	0.68619	0.01241	0.01882	0.01202	0.01571	0.01460	0.00976	0.01413	0.00805	0.00944	0.00591	0.00435	0.00419	0.00140	0.00657	0.00329	0.00197	0.00673
16	0.86937	0.00900	0.00684	0.00612	0.00900	0.01044	0.00504	0.01368	0.00792	0.02087	0.00648	0.00756	0.00504	0.00432	0.00288	0.00144	0.00360	0.00252	0.00288	0.00504
17	0.02087	0.00792	0.01080	0.00828	0.01188	0.00684	0.00684	0.02267	0.01332	0.81071	0.01835	0.01583	0.01152	0.00576	0.00468	0.00144	0.00396	0.00468	0.00576	0.00792
18	0.00618	0.00468	0.00569	0.00556	0.00673	0.00420	0.00412	0.00795	0.01203	0.01623	0.50887	0.10417	0.27537	0.01062	0.00553	0.00153	0.00229	0.00924	0.00481	0.00420
19	0.01172	0.00955	0.01026	0.00916	0.01173	0.01085	0.00714	0.03706	0.68840	0.05608	0.07937	0.01852	0.01625	0.00652	0.00479	0.00156	0.00361	0.00546	0.00481	0.00717
20	0.86937	0.00900	0.00684	0.00612	0.00900	0.01044	0.00504	0.01368	0.00792	0.02087	0.00648	0.00756	0.00504	0.00432	0.00288	0.00144	0.00360	0.00252	0.00288	0.00504
21	0.86937	0.00900	0.00684	0.00612	0.00900	0.01044	0.00504	0.01368	0.00792	0.02087	0.00648	0.00756	0.00504	0.00432	0.00288	0.00144	0.00360	0.00252	0.00288	0.00504
22	0.01120	0.07727	0.01101	0.00714	0.01120	0.00729	0.00587	0.01319	0.01006	0.10843	0.00931	0.01019	0.00736	0.00376	0.00355	0.00080	0.00363	0.00296	0.00305	0.69273
23	0.08218	0.06634	0.08123	0.01103	0.10372	0.00931	0.00867	0.07996	0.01270	0.47645	0.01413	0.01327	0.00941	0.00522	0.00440	0.00140	0.00452	0.00416	0.00448	0.00742
24	0.00677	0.00451	0.00507	0.00507	0.00507	0.00451	0.00282	0.00677	0.00677	0.00902	0.01466	0.03044	0.01691	0.83650	0.02368	0.00451	0.00451	0.00677	0.00282	0.00282
25	0.00745	0.00626	0.00673	0.00667	0.00806	0.04284	0.00505	0.01071	0.12737	0.01529	0.25446	0.15859	0.24816	0.01052	0.00547	0.00162	0.00300	0.07262	0.00452	0.00464
26	0.05672	0.06752	0.12825	0.01901	0.28323	0.01176	0.23177	0.07946	0.01145	0.05295	0.00926	0.01127	0.00710	0.00431	0.00464	0.00143	0.00612	0.00426	0.00264	0.00685
27	0.02041	0.00804	0.01081	0.00832	0.01186	0.00708	0.00686	0.05245	0.01365	0.76154	0.03654	0.01610	0.01214	0.00584	0.00470	0.00144	0.00396	0.00475	0.00570	0.00783
28	0.00648	0.00470	0.00611	0.00588	0.00692	0.00433	0.00436	0.00854	0.01275	0.01794	0.72191	0.10135	0.06126	0.00999	0.00552	0.00150	0.00224	0.00885	0.00504	0.00433
29	0.84728	0.00910	0.00702	0.00624	0.00914	0.01054	0.00514	0.03386	0.00828	0.02109	0.00660	0.00765	0.00511	0.00435	0.00293	0.00144	0.00364	0.00256	0.00293	0.00511
30	0.01121	0.51714	0.33579	0.01005	0.01518	0.01540	0.01161	0.01425	0.00960	0.01244	0.00721	0.00840	0.00594	0.00415	0.00355	0.00118	0.00573	0.00286	0.00198	0.00633
31	0.01262	0.18977	0.13586	0.01243	0.07536	0.09546	0.08528	0.06320	0.22543	0.04260	0.01134	0.01189	0.00871	0.00492	0.00432	0.00137	0.00555	0.00402	0.00311	0.00674
32	0.00613	0.00455	0.00552	0.00572	0.00674	0.00407	0.00412	0.00754	0.01093	0.02581	0.29049	0.30060	0.28710	0.01186	0.00563	0.00164	0.00244	0.01040	0.00461	0.00409
33	0.00562	0.00422	0.00522	0.00601	0.00663	0.00382	0.00411	0.00653	0.00935	0.01206	0.03130	0.62567	0.23491	0.01384	0.00582	0.00181	0.00261	0.01233	0.00432	0.00382
34	0.01207	0.74276	0.11770	0.00859	0.01291	0.01751	0.00905	0.01403	0.00950	0.01139	0.00669	0.00774	0.00596	0.00403	0.00315	0.00105	0.00520	0.00260	0.00199	0.00608
35	0.03103	0.01007	0.01207	0.00926	0.01291	0.01007	0.00765	0.34493	0.01683	0.47257	0.01518	0.01377	0.00992	0.00567	0.00464	0.00142	0.00444	0.00444	0.00526	0.00788
36	0.00939	0.00740	0.00813	0.00742	0.00948	0.00782	0.00572	0.01655	0.38786	0.05563	0.20845	0.02796	0.21246	0.00835	0.00509	0.00154	0.00303	0.00707	0.00477	0.00587
37	0.00822	0.00530	0.00669	0.00620	0.00765	0.00491	0.00469	0.01067	0.05089	0.10593	0.52249	0.09463	0.13446	0.00961	0.00540	0.00151	0.00252	0.00839	0.00501	0.00482
38	0.08738	0.01203	0.01267	0.01004	0.01349	0.01341	0.00821	0.56953	0.16436	0.04284	0.01236	0.01211	0.00891	0.00562	0.00452	0.00143	0.00470	0.00426	0.00454	0.00757
39	0.01027	0.03185	0.64409	0.01272	0.01884	0.01128	0.02918	0.07567	0.09230	0.01630	0.00965	0.01072	0.00693	0.00469	0.00447	0.00147	0.00640	0.00371	0.00247	0.00698
40	0.01739	0.02175	0.01322	0.01193	0.01438	0.78076	0.00898	0.05426	0.01358	0.01221	0.00737	0.00852	0.00608	0.00483	0.00422	0.00121	0.00824	0.00305	0.00250	0.00551
41	0.00570	0.00429	0.00539	0.00611	0.00675	0.00397	0.00424	0.00667	0.00922	0.01197	0.03004	0.57187	0.22456	0.01544	0.06843	0.00224	0.00337	0.01173	0.00418	0.00385
42	0.07592	0.00832	0.00943	0.00683	0.01087	0.00653	0.00548	0.01187	0.00951	0.01560	0.00813	0.00949	0.00675	0.00351	0.00340	0.00075	0.00346	0.00274	0.00277	0.79866
43	0.00625	0.00474	0.00575	0.00550	0.00674	0.00425	0.00412	0.00813	0.01237	0.01677	0.57038	0.03785	0.27973	0.01021	0.00549	0.00150	0.00224	0.00885	0.00487	0.00425
44	0.00676	0.00552	0.00594	0.00667	0.00705	0.06665	0.00443	0.00746	0.00887	0.01136	0.02236	0.63421	0.02652	0.15267	0.00880	0.00228	0.00344	0.01135	0.00392	0.00374
45	0.01797	0.00801	0.01033	0.00836	0.01152	0.00748	0.00674	0.02181	0.15943	0.60165	0.01902	0.07915	0.01350	0.00654	0.00479	0.00150	0.00381	0.00545	0.00546	0.00750
46	0.08199	0.01306	0.20724	0.00991	0.01351	0.01086	0.00941	0.02039	0.49216	0.01837	0.06232	0.01573	0.01317	0.00587	0.00455	0.00153	0.00437	0.00477	0.00392	0.00687
47	0.01093	0.41028	0.37772	0.01123	0.01657	0.01449	0.07242	0.01436	0.00974	0.01295	0.00754	0.00891	0.00602	0.00417	0.00382	0.00125	0.00605	0.00314	0.00201	0.00640
48	0.00933	0.02406	0.81240	0.01326	0.02014	0.01080	0.01719	0.01473	0.00982	0.01473	0.00835	0.00982	0.00589	0.00442	0.00442	0.00147	0.00688	0.00344	0.00196	0.00688
49	0.01140	0.01094	0.01868	0.06085	0.77605	0.01102	0.01422	0.01418	0.01054	0.01506	0.00873	0.01155	0.00732	0.00417	0.00461	0.00139	0.00555	0.00414	0.00229	0.00728
50	0.00665	0.00495	0.00732	0.00732	0.00810	0.00573	0.00562	0.00821	0.00743	0.01068	0.01261	0.01907	0.01198	0.08750	0.76593	0.00728	0.01194	0.00510	0.00251	0.00407
51	0.01738	0.02217	0.01318	0.01199	0.01438	0.81783	0.00899	0.01858	0.01318	0.01139	0.00719	0.00839	0.00599	0.00479	0.00419	0.00120	0.00839	0.00300	0.00240	0.00539
52	0.01026	0.02181	0.67870	0.01359	0.02002	0.01064	0.09641	0.01527	0.01017	0.06699	0.00912	0.01050	0.00638	0.00446	0.00455	0.00148	0.00678	0.00373	0.00225	0.00688
53	0.01905	0.00845	0.01083	0.00857	0.01199	0.00793	0.00699	0.04480	0.16001	0.64114	0.01826	0.01599	0.01191	0.00586	0.00469	0.00146	0.00394	0.00477	0.00554	0.00781
54	0.00640	0.00490	0.00586	0.00580	0.00698	0.00453	0.00430	0.00855	0.04786	0.01558	0.39647	0.13868	0.27088	0.03416	0.00605	0.00166	0.00250	0.02990	0.00467	0.00426
55	0.00753	0.00575	0.00723	0.00703	0.00813	0.00621	0.00523	0.03248	0.12671	0.01378	0.13687	0.10324	0.06999	0.12857	0.31527	0.00421	0.00675	0.00687	0.00362	0.00455
56	0.01748	0.01293	0.01385	0.01066	0.01435	0.01433	0.00879	0.76663	0.04754	0.02899	0.01143	0.01137	0.00812	0.00561	0.00466	0.00140	0.00507	0.00422	0.00466	0.00789
57	0.01579	0.01153	0.01248	0.01006	0.01339	0.01278	0.00815	0.45580	0.29655	0.09115	0.01452	0.01375	0.01044	0.00586	0.00468	0.00146	0.00451	0.00461	0.00477	0.00772
58	0.01497	0.00664	0.00887	0.00734	0.00987	0.00592	0.00584	0.01707	0.02904	0.47818	0.26233	0.07542	0.02287	0.00750	0.00498	0.00147	0.00328	0.00640	0.02555	0.00646
59	0.01191	0.05546	0.11153	0.05746	0.52842	0.04071	0.01344	0.07921	0.02910	0.01591	0.00894	0.01114	0.00722	0.00438	0.00449	0.00138	0.00571	0.00396	0.00249	0.00712
60	0.00879	0.00827	0.01395	0.82532	0.03204	0.01034	0.01292	0.01189	0.00930	0.01189	0.00827	0.01240	0.00620	0.00465	0.00465	0.00155	0.00620	0.00413	0.00207	0.00517
61	0.00581	0.00423	0.00548	0.00621	0.00674	0.00390	0.00426	0.00690	0.00980	0.01312	0.16365	0.62417	0.10165	0.01344	0.00582	0.00179	0.00258	0.01208	0.00446	0.00390
62	0.00964	0.06208	0.09145	0.00723	0.00956	0.00641	0.00646	0.01200	0.01236	0.15062	0.46259	0.02853	0.07065	0.00826	0.00512	0.00147	0.00326	0.04238	0.00462	0.00532
63	0.02081	0.00802	0.01086	0.00833	0.01193	0.00700	0.00688	0.03863	0.01349	0.79450	0.01820	0.01574	0.01144	0.00575	0.00468	0.00144	0.00398	0.00467	0.00574	0.00792
64	0.01715	0.00829	0.01211	0.07942	0.14761	0.00774	0.00843	0.02779	0.01261	0.54026	0.07646	0.01623	0.01283	0.00568	0.00473	0.00144	0.00429	0.00483	0.00481	0.00732
65	0.00558	0.00450	0.00497	0.00532	0.00645	0.00389	0.00381	0.00665	0.01010	0.01247	0.05578	0.30412	0.53480	0.01265	0.00564	0.00167	0.00247	0.01091	0.00434	0.00389
66	0.01184	0.49751	0.09043	0.03339	0.05047	0.06797	0.04915	0.01482	0.07543	0.01249	0.00902	0.05213	0.00807	0.00484	0.00374	0.00121	0.00535	0.00367	0.00240	0.00607
67	0.82978	0.00909	0.00739	0.00715	0.04584	0.01046	0.00546	0.01370	0.00804	0.02061	0.00658	0.00774	0.00515	0.00431	0.00296	0.00144	0.00369	0.00259	0.00285	0.00515
68	0.00848	0.00933	0.07030	0.00992	0.07580	0.14254	0.01599	0.00990	0.00986	0.01232	0.01960	0.55284	0.02245	0.01115	0.00541	0.00169	0.00428	0.00990	0.00362	0.00462
69	0.01061	0.00999	0.09297	0.00783	0.01210	0.00708	0.00695	0.01373	0.06176	0.07672	0.00975	0.01065	0.00762	0.00391	0.00373	0.00089	0.00386	0.00314	0.00304	0.65369
70	0.01145	0.69832	0.02131	0.00760	0.01110	0.01604	0.00736	0.01306	0.01008	0.01225	0.14137	0.01207	0.01238	0.00491	0.00341	0.00107	0.00451	0.00349	0.00252	0.00570
71	0.00957	0.00807	0.00933	0.00686	0.01073	0.00628	0.00546	0.01206	0.04449	0.02594	0.01178	0.01269	0.06697	0.00423	0.00367	0.00080	0.00338	0.00342	0.00300	0.75126
72	0.69977	0.01152	0.14301	0.00735	0.01094	0.01038	0.00710	0.01380	0.00829	0.01967	0.00684	0.00800	0.00524	0.00431	0.00316	0.00142	0.00415	0.00268	0.00272	0.02966
73	0.54918	0.00865	0.00814	0.00671	0.00994	0.00898	0.00550	0.01530	0.00936	0.18983	0.00932	0.00967	0.00673	0.00449	0.00336	0.00132	0.00365	0.00302	0.00348	0.14338
74	0.00965	0.00827	0.00965	0.00689	0.01102	0.00620	0.00551	0.01171	0.00965	0.01516	0.00827	0.00965	0.00689	0.00345	0.00345	0.00069	0.00345	0.00276	0.00276	0.86494
75	0.01159	0.01057	0.04626	0.01660	0.23590	0.01007	0.19260	0.10163	0.07626	0.06380	0.09349	0.02523	0.01292	0.07435	0.00652	0.00172	0.00537	0.00532	0.00332	0.00646
76	0.00846	0.00650	0.00934	0.17331	0.11452	0.00684	0.00708	0.02055	0.03015	0.04387	0.16006	0.08332	0.03009	0.27349	0.01102	0.00248	0.00435	0.00657	0.00335	0.00463
77	0.01272	0.01351	0.04021	0.02043	0.38284	0.18867	0.14005	0.01527	0.01109	0.05066	0.00923	0.01167	0.00749	0.00670	0.06736	0.00185	0.00704	0.00418	0.00250	0.00652
78	0.01091	0.43949	0.41084	0.01056	0.01596	0.01468	0.01249	0.01432	0.00963	0.01280	0.00739	0.00862	0.00593	0.00420	0.00369	0.00123	0.00591	0.00295	0.00198	0.00641
79	0.08078	0.03741	0.01231	0.01030	0.01279	0.38953	0.04825	0.08907	0.04892	0.06696	0.05057	0.01320	0.00994	0.07526	0.03354	0.00178	0.00658	0.00406	0.00314	0.00561
80	0.01087	0.01045	0.01598	0.08956	0.54681	0.05183	0.01206	0.01346	0.01085	0.01513	0.10167	0.01400	0.01143	0.00479	0.00460	0.00134	0.00518	0.00448	0.00265	0.07284
81	0.00903	0.00852	0.01440	0.75284	0.10258	0.01040	0.01304	0.01210	0.00942	0.01219	0.00831	0.01232	0.00631	0.00461	0.00465	0.00154	0.00614	0.00414	0.00209	0.00537
82	0.07561	0.02126	0.66159	0.01278	0.01894	0.01054	0.06642	0.01439	0.00991	0.01540	0.04503	0.01098	0.00766	0.00461	0.00442	0.00148	0.00647	0.00373	0.00221	0.00658
83	0.01544	0.01183	0.01396	0.21600	0.01887	0.01340	0.00987	0.59538	0.01871	0.02493	0.01044	0.01148	0.00748	0.00535	0.00465	0.00144	0.00539	0.00417	0.00400	0.00722
84	0.01547	0.01816	0.01231	0.01116	0.01363	0.55249	0.00845	0.02060	0.27182	0.01404	0.01106	0.01134	0.00869	0.00529	0.00437	0.00132	0.00684	0.00374	0.00317	0.00604
85	0.00673	0.00466	0.00581	0.00581	0.00606	0.00491	0.00373	0.00724	0.00698	0.00956	0.01399	0.02673	0.01530	0.59171	0.26626	0.00542	0.00694	0.00622	0.00272	0.00323
86	0.01119	0.01073	0.01830	0.12251	0.71605	0.01097	0.01412	0.01400	0.01044	0.01481	0.00869	0.01162	0.00723	0.00420	0.00461	0.00140	0.00561	0.00414	0.00228	0.00711
87	0.01336	0.01088	0.01153	0.00983	0.01278	0.01241	0.00780	0.24897	0.57193	0.02234	0.01667	0.01555	0.01236	0.00610	0.00471	0.00152	0.00410	0.00495	0.00471	0.00752
88	0.01076	0.01028	0.01752	0.24903	0.59291	0.01085	0.01390	0.01362	0.01024	0.01428	0.00862	0.01176	0.00705	0.00429	0.00462	0.00143	0.00571	0.00414	0.00224	0.00676
89	0.03344	0.02068	0.63445	0.01285	0.03720	0.01023	0.03421	0.01588	0.01034	0.13328	0.00982	0.01076	0.00677	0.00460	0.00445	0.00147	0.00635	0.00367	0.00257	0.00698
90	0.00933	0.02406	0.81240	0.01326	0.02014	0.01080	0.01719	0.01473	0.00982	0.01473	0.00835	0.00982	0.00589	0.00442	0.00442	0.00147	0.00688	0.00344	0.00196	0.00688
91	0.01157	0.00999	0.01052	0.00947	0.01210	0.01157	0.00736	0.02472	0.79908	0.01946	0.01893	0.01736	0.01420	0.00631	0.00473	0.00158	0.00368	0.00526	0.00473	0.00736
92	0.01168	0.15068	0.52417	0.01190	0.01753	0.09508	0.01392	0.05131	0.01086	0.05926	0.00863	0.00970	0.00633	0.00452	0.00420	0.00136	0.00649	0.00335	0.00235	0.00669
93	0.01102	0.06923	0.54805	0.01506	0.15185	0.01105	0.01511	0.03123	0.01047	0.08101	0.00919	0.01049	0.00666	0.00448	0.00439	0.00142	0.00626	0.00362	0.00239	0.00701
94	0.01256	0.01139	0.01805	0.02554	0.67351	0.01162	0.01336	0.14566	0.01250	0.01758	0.00916	0.01146	0.00746	0.00439	0.00461	0.00138	0.00546	0.00415	0.00270	0.00746
95	0.00933	0.00883	0.01494	0.66600	0.18710	0.01048	0.01319	0.01236	0.00956	0.01255	0.00837	0.01223	0.00644	0.00455	0.00464	0.00152	0.00607	0.00414	0.00211	0.00561
96	0.57231	0.08915	0.00963	0.00718	0.01020	0.09432	0.00592	0.01477	0.06067	0.01838	0.00752	0.00845	0.00598	0.00439	0.00319	0.00132	0.00422	0.00276	0.00286	0.07676
97	0.00953	0.00998	0.02046	0.01508	0.01860	0.00934	0.53185	0.01289	0.01170	0.01614	0.27125	0.01986	0.01918	0.00576	0.00549	0.00153	0.00598	0.00645	0.00326	0.00565
98	0.00798	0.00589	0.00645	0.00618	0.00684	0.00629	0.00396	0.01129	0.20644	0.01165	0.01574	0.02715	0.01623	0.62728	0.01890	0.00377	0.00430	0.00639	0.00330	0.00396
99	0.01613	0.01111	0.01224	0.00986	0.01319	0.01215	0.00799	0.39684	0.28723	0.15974	0.01507	0.01409	0.01069	0.00586	0.00469	0.00147	0.00443	0.00464	0.00487	0.00772
100	0.00909	0.00752	0.00786	0.00792	0.00924	0.06917	0.00574	0.01393	0.26353	0.04605	0.02162	0.46394	0.02258	0.02195	0.00561	0.00175	0.00353	0.00945	0.00434	0.00521
101	0.00649	0.00475	0.00609	0.00576	0.00689	0.00435	0.00432	0.00860	0.01296	0.01815	0.74206	0.03558	0.10718	0.00970	0.00549	0.00147	0.00221	0.00853	0.00505	0.00435
102	0.00658	0.00476	0.00622	0.00585	0.00695	0.00439	0.00439	0.00878	0.01317	0.01866	0.80503	0.03475	0.04390	0.00951	0.00549	0.00146	0.00219	0.00841	0.00512	0.00439
103	0.60502	0.00765	0.00648	0.00599	0.00831	0.00851	0.00477	0.01186	0.00905	0.01928	0.14144	0.06908	0.07479	0.00642	0.00371	0.00148	0.00321	0.00475	0.00345	0.00476
104	0.65319	0.00925	0.00777	0.00696	0.00978	0.01072	0.00562	0.01646	0.20730	0.02052	0.00962	0.01003	0.00735	0.00482	0.00335	0.00147	0.00362	0.00321	0.00335	0.00562
105	0.00567	0.00405	0.00540	0.00648	0.00675	0.00378	0.00432	0.00648	0.00891	0.01188	0.02564	0.83347	0.03077	0.01457	0.00594	0.00189	0.00270	0.01323	0.00432	0.00378
106	0.00567	0.00405	0.00540	0.00648	0.00675	0.00378	0.00432	0.00648	0.00891	0.01188	0.02564	0.83347	0.03077	0.01457	0.00594	0.00189	0.00270	0.01323	0.00432	0.00378
107	0.00669	0.00474	0.00615	0.00591	0.00699	0.00435	0.00439	0.00869	0.01261	0.03178	0.67554	0.11739	0.07711	0.01007	0.00552	0.00151	0.00229	0.00891	0.00501	0.00437
108	0.00554	0.00471	0.00477	0.00476	0.00631	0.00395	0.00357	0.00676	0.01071	0.01282	0.07810	0.04436	0.77447	0.01169	0.00550	0.00157	0.00235	0.00976	0.00435	0.00395

[dist]
# distance from previous block
# <min> <max>
0	16

[block]
# block no. 4 follows, 55 sequences, length 15
# corresponding to MSA columns:
# 325-339
name=unknown_E
#
# <colnr> <probs for GDERKNQSTAVLIFYWHMCP>
#	G	D	E	R	K	N	Q	S	T	A	V	L	I	F	Y	W	H	M	C	P
0	0.01965	0.00844	0.01134	0.07031	0.01365	0.00784	0.00749	0.09698	0.01385	0.67399	0.01689	0.01512	0.01076	0.00566	0.00467	0.00144	0.00424	0.00459	0.00537	0.00771
1	0.00675	0.00448	0.00515	0.00520	0.00535	0.00444	0.00306	0.00707	0.00751	0.01029	0.07139	0.09091	0.01965	0.67914	0.02015	0.00395	0.00411	0.00726	0.04108	0.00307
2	0.00658	0.00476	0.00622	0.00585	0.00695	0.00439	0.00439	0.00878	0.01317	0.01866	0.80503	0.03475	0.04390	0.00951	0.00549	0.00146	0.00219	0.00841	0.00512	0.00439
3	0.00658	0.00476	0.00622	0.00585	0.00695	0.00439	0.00439	0.00878	0.01317	0.01866	0.80503	0.03475	0.04390	0.00951	0.00549	0.00146	0.00219	0.00841	0.00512	0.00439
4	0.00965	0.00827	0.00965	0.00689	0.01102	0.00620	0.00551	0.01171	0.00965	0.01516	0.00827	0.00965	0.00689	0.00345	0.00345	0.00069	0.00345	0.00276	0.00276	0.86494
5	0.00750	0.00535	0.00750	0.00857	0.00964	0.00535	0.00750	0.00964	0.01071	0.01392	0.02463	0.05248	0.02677	0.01285	0.00643	0.00214	0.00428	0.77617	0.00428	0.00428
6	0.01488	0.00641	0.00869	0.00753	0.00985	0.00565	0.00584	0.01635	0.01177	0.49368	0.05828	0.30271	0.01979	0.00902	0.00516	0.00160	0.00343	0.00785	0.00522	0.00630
7	0.01098	0.01255	0.02745	0.01961	0.02431	0.01176	0.79059	0.01490	0.01098	0.01490	0.00941	0.01255	0.00706	0.00392	0.00549	0.00157	0.00784	0.00549	0.00235	0.00627
8	0.00665	0.00498	0.00748	0.00748	0.00831	0.00582	0.00582	0.00831	0.00748	0.01080	0.01246	0.01828	0.01163	0.03489	0.81807	0.00748	0.01246	0.00498	0.00249	0.00415
9	0.00806	0.00519	0.00739	0.00715	0.00811	0.00569	0.00540	0.00945	0.00793	0.08861	0.01341	0.02011	0.01252	0.16855	0.60337	0.00638	0.01028	0.00526	0.00287	0.00429
10	0.30570	0.00828	0.00947	0.00755	0.01091	0.00805	0.00623	0.01965	0.01150	0.54557	0.01437	0.01306	0.00934	0.00527	0.00407	0.00144	0.00384	0.00395	0.00479	0.00695
11	0.00665	0.00498	0.00748	0.00748	0.00831	0.00582	0.00582	0.00831	0.00748	0.01080	0.01246	0.01828	0.01163	0.03489	0.81807	0.00748	0.01246	0.00498	0.00249	0.00415
12	0.00742	0.00575	0.00688	0.00642	0.00786	0.00571	0.00487	0.01160	0.16264	0.01817	0.57622	0.03248	0.11767	0.00914	0.00534	0.00150	0.00249	0.00796	0.00496	0.00491
13	0.01644	0.01179	0.01266	0.06756	0.01455	0.07276	0.00840	0.48392	0.01817	0.14546	0.08929	0.01406	0.01171	0.00587	0.00470	0.00141	0.00498	0.00458	0.00452	0.00718
14	0.09461	0.01017	0.01649	0.22242	0.53871	0.01082	0.01304	0.01363	0.01001	0.01494	0.00841	0.01135	0.00685	0.00429	0.00445	0.00143	0.00550	0.00398	0.00230	0.00660

[dist]
# distance from previous block
# <min> <max>
0	6

# created by:
# /st0/software/busco_prod/Augustus/scripts/msa2prfl.pl ./align_prep/191581.fa
