[name]
unknown

[dist]
# distance from previous block
# <min> <max>
17	202

[block]
# block no. 0 follows, 48 sequences, length 10
# corresponding to MSA columns:
# 313-322
name=unknown_A
#
# <colnr> <probs for GDERKNQSTAVLIFYWHMCP>
#	G	D	E	R	K	N	Q	S	T	A	V	L	I	F	Y	W	H	M	C	P
0	0.01519	0.01163	0.01410	0.01452	0.15948	0.01268	0.00980	0.16742	0.40435	0.10847	0.01706	0.01644	0.01258	0.00629	0.00517	0.00164	0.00478	0.00527	0.00483	0.00831
1	0.03329	0.01172	0.01551	0.07215	0.31061	0.05705	0.01150	0.16155	0.01400	0.01920	0.01308	0.01889	0.02603	0.00632	0.00515	0.00155	0.00566	0.10435	0.00344	0.10892
2	0.00872	0.00724	0.00704	0.00697	0.00759	0.09349	0.00465	0.00954	0.01002	0.01280	0.16131	0.07451	0.02450	0.47622	0.01754	0.00359	0.00485	0.06175	0.00374	0.00392
3	0.01097	0.04555	0.39235	0.01579	0.10482	0.01201	0.08843	0.01664	0.10332	0.01634	0.01202	0.01619	0.00988	0.03195	0.00648	0.00181	0.05011	0.05536	0.00283	0.00717
4	0.01165	0.04379	0.33605	0.01337	0.05955	0.09849	0.02630	0.08732	0.01261	0.01677	0.01439	0.11511	0.01367	0.00777	0.00539	0.00173	0.00646	0.11969	0.00324	0.00665
5	0.13989	0.00827	0.00910	0.00829	0.01017	0.00921	0.00631	0.15187	0.10410	0.01845	0.01517	0.09253	0.01427	0.15693	0.20949	0.00391	0.00681	0.00612	0.02348	0.00563
6	0.00926	0.00613	0.00856	0.01006	0.09537	0.00572	0.00658	0.01085	0.01144	0.10825	0.09788	0.40624	0.10592	0.01260	0.00617	0.00191	0.00357	0.08340	0.00479	0.00529
7	0.01166	0.06027	0.44442	0.03063	0.04603	0.01262	0.10477	0.07847	0.09775	0.01806	0.03889	0.01322	0.00944	0.00532	0.00505	0.00162	0.00680	0.00454	0.00294	0.00749
8	0.00982	0.16165	0.01442	0.02473	0.01315	0.02945	0.09962	0.01218	0.01173	0.01498	0.07635	0.07395	0.04859	0.01053	0.00601	0.00192	0.00518	0.37641	0.00396	0.00536
9	0.05189	0.20123	0.30998	0.10839	0.07437	0.01269	0.01302	0.01457	0.01119	0.01595	0.12721	0.01480	0.01304	0.00563	0.00466	0.00150	0.00594	0.00449	0.00280	0.00665

[dist]
# distance from previous block
# <min> <max>
1	7

[block]
# block no. 1 follows, 48 sequences, length 21
# corresponding to MSA columns:
# 330-350
name=unknown_B
#
# <colnr> <probs for GDERKNQSTAVLIFYWHMCP>
#	G	D	E	R	K	N	Q	S	T	A	V	L	I	F	Y	W	H	M	C	P
0	0.05685	0.01118	0.13304	0.00903	0.01219	0.02503	0.00832	0.12685	0.04474	0.04775	0.13997	0.06448	0.18611	0.00906	0.00549	0.00168	0.00440	0.06885	0.00442	0.04056
1	0.05128	0.01114	0.01255	0.03808	0.01423	0.02824	0.00815	0.33439	0.01712	0.19519	0.01424	0.05805	0.01082	0.00687	0.01945	0.00158	0.00503	0.00497	0.03363	0.13498
2	0.11103	0.00807	0.03420	0.04709	0.01217	0.00741	0.00715	0.01681	0.01172	0.35347	0.02936	0.14010	0.01635	0.07058	0.07399	0.00252	0.00516	0.04153	0.00479	0.00649
3	0.01093	0.12432	0.31300	0.01375	0.08205	0.01103	0.07356	0.01455	0.01118	0.05756	0.03041	0.13766	0.01425	0.00749	0.00527	0.00169	0.00602	0.07545	0.00317	0.00667
4	0.01091	0.04697	0.49585	0.08206	0.05505	0.01151	0.09301	0.01574	0.01132	0.04874	0.05192	0.01411	0.02931	0.00538	0.00508	0.00162	0.00696	0.00462	0.00266	0.00717
5	0.01434	0.64222	0.08159	0.00967	0.01425	0.01902	0.00968	0.12931	0.01252	0.01544	0.00807	0.00904	0.00690	0.00469	0.00369	0.00120	0.00567	0.00310	0.00264	0.00698
6	0.00946	0.00813	0.07429	0.00846	0.01027	0.00682	0.00685	0.12404	0.01257	0.05471	0.04034	0.50026	0.08439	0.01278	0.00609	0.00191	0.00383	0.02471	0.00469	0.00540
7	0.03443	0.01817	0.38436	0.14827	0.16046	0.02906	0.01548	0.01648	0.01142	0.09853	0.02908	0.01291	0.00850	0.00516	0.00496	0.00161	0.00667	0.00430	0.00282	0.00733
8	0.00757	0.00718	0.07351	0.00827	0.00968	0.00584	0.00679	0.01037	0.06624	0.01563	0.15719	0.43174	0.03209	0.01319	0.00631	0.00198	0.00363	0.13309	0.00472	0.00495
9	0.01058	0.02453	0.67235	0.01573	0.02294	0.01208	0.13768	0.01628	0.01104	0.01628	0.00939	0.01131	0.00670	0.00479	0.00506	0.00164	0.00775	0.00415	0.00223	0.00748
10	0.01284	0.00919	0.01489	0.58828	0.06904	0.01057	0.01282	0.01592	0.01133	0.18794	0.01164	0.01448	0.00822	0.00538	0.00513	0.00167	0.00625	0.00470	0.00321	0.00651
11	0.01103	0.01049	0.01782	0.46071	0.37146	0.01175	0.01492	0.01429	0.01090	0.01474	0.00936	0.01324	0.00742	0.00488	0.00511	0.00163	0.00651	0.00457	0.00240	0.00678
12	0.00825	0.00596	0.00738	0.00785	0.00872	0.00594	0.00552	0.12226	0.01198	0.01600	0.02587	0.69509	0.03014	0.01458	0.00634	0.00200	0.00338	0.01308	0.00482	0.00486
13	0.01853	0.00858	0.02500	0.00915	0.01238	0.00762	0.00754	0.06649	0.03437	0.52761	0.02138	0.14096	0.01705	0.00846	0.00553	0.00173	0.00432	0.06984	0.00579	0.00767
14	0.01270	0.01219	0.02083	0.03149	0.78767	0.01219	0.01575	0.01575	0.01168	0.01676	0.00965	0.01270	0.00813	0.00457	0.00508	0.00152	0.00610	0.00457	0.00254	0.00813
15	0.01214	0.01162	0.01982	0.17503	0.64848	0.01204	0.01547	0.01526	0.01142	0.01609	0.00955	0.01288	0.00789	0.00468	0.00509	0.00156	0.00623	0.00457	0.00249	0.00768
16	0.00738	0.00584	0.00850	0.01102	0.12529	0.00574	0.00662	0.00861	0.01004	0.01363	0.02479	0.66985	0.02919	0.01412	0.00665	0.00200	0.02881	0.01276	0.00435	0.00481
17	0.07499	0.13442	0.02039	0.05736	0.56437	0.03231	0.01374	0.01565	0.01129	0.01627	0.00902	0.01166	0.00762	0.00460	0.00466	0.00147	0.00595	0.00413	0.00253	0.00755
18	0.08020	0.00696	0.00854	0.00894	0.06612	0.00707	0.00617	0.01297	0.12856	0.01985	0.46573	0.09309	0.05686	0.00955	0.00565	0.00166	0.00312	0.00832	0.00505	0.00557
19	0.01360	0.01251	0.01942	0.09381	0.59163	0.02899	0.01460	0.12944	0.01350	0.01872	0.00997	0.01265	0.00808	0.00487	0.00508	0.00154	0.00616	0.00455	0.00291	0.00797
20	0.11007	0.13050	0.07926	0.01959	0.34542	0.12097	0.01241	0.08084	0.01260	0.02967	0.00913	0.01099	0.00740	0.00485	0.00454	0.00145	0.00625	0.00389	0.00283	0.00734

[dist]
# distance from previous block
# <min> <max>
3	8

[block]
# block no. 2 follows, 48 sequences, length 14
# corresponding to MSA columns:
# 359-372
name=unknown_C
#
# <colnr> <probs for GDERKNQSTAVLIFYWHMCP>
#	G	D	E	R	K	N	Q	S	T	A	V	L	I	F	Y	W	H	M	C	P
0	0.03355	0.61568	0.05061	0.01025	0.01425	0.06447	0.04648	0.01546	0.01048	0.01274	0.00737	0.00893	0.00663	0.00489	0.00481	0.00128	0.08023	0.00314	0.00227	0.00648
1	0.09141	0.63452	0.02323	0.00979	0.05741	0.01784	0.00860	0.01527	0.01038	0.03792	0.00840	0.02655	0.00769	0.02791	0.00416	0.00131	0.00528	0.00331	0.00252	0.00650
2	0.53725	0.11657	0.04347	0.00887	0.01238	0.01235	0.07710	0.03854	0.01005	0.02037	0.02888	0.05665	0.00878	0.00553	0.00386	0.00157	0.00470	0.00403	0.00317	0.00590
3	0.00714	0.00523	0.00675	0.00758	0.00850	0.00497	0.00589	0.00868	0.01094	0.01416	0.05590	0.29733	0.16681	0.06947	0.00800	0.00231	0.00372	0.30758	0.00466	0.00437
4	0.10866	0.25449	0.01728	0.01102	0.01432	0.43551	0.00901	0.03532	0.01293	0.04718	0.00824	0.00927	0.00679	0.00503	0.00411	0.00130	0.00729	0.00319	0.00278	0.00627
5	0.00955	0.09887	0.14203	0.00900	0.01158	0.00836	0.00848	0.03471	0.01146	0.04290	0.10555	0.11111	0.05825	0.12433	0.00864	0.00227	0.00481	0.19876	0.00397	0.00539
6	0.00642	0.00465	0.00609	0.00701	0.00744	0.00444	0.00474	0.00737	0.00964	0.01282	0.02766	0.63638	0.08104	0.07466	0.08113	0.00283	0.00409	0.01299	0.00446	0.00414
7	0.00773	0.00550	0.00645	0.00667	0.00732	0.00540	0.00451	0.05188	0.01000	0.01309	0.02479	0.24446	0.12202	0.38076	0.01536	0.00335	0.00415	0.07850	0.00403	0.00402
8	0.09211	0.16069	0.40074	0.01234	0.04376	0.02779	0.01345	0.01701	0.01120	0.12964	0.01094	0.03991	0.00837	0.00539	0.00454	0.00153	0.00622	0.00412	0.00299	0.00725
9	0.65968	0.13793	0.03131	0.00753	0.01105	0.01312	0.00662	0.05345	0.00983	0.02160	0.00746	0.00859	0.00590	0.00478	0.00334	0.00151	0.00439	0.00289	0.00309	0.00593
10	0.00812	0.00626	0.00720	0.00728	0.00865	0.00615	0.00540	0.06724	0.08274	0.01594	0.07180	0.28017	0.26088	0.06885	0.00755	0.00211	0.00344	0.08052	0.00476	0.00494
11	0.14741	0.13942	0.01376	0.00939	0.05025	0.01117	0.00737	0.11791	0.01219	0.01905	0.00944	0.03055	0.00796	0.00472	0.00393	0.00112	0.00444	0.00353	0.00323	0.40316
12	0.05822	0.07862	0.04678	0.00995	0.01351	0.04098	0.00840	0.40509	0.01754	0.04563	0.01547	0.01726	0.08105	0.08923	0.00701	0.00183	0.00528	0.00509	0.00427	0.04880
13	0.11151	0.00811	0.07772	0.00767	0.00977	0.00682	0.00665	0.03429	0.01230	0.02880	0.30900	0.04339	0.11041	0.05881	0.04558	0.00223	0.00421	0.09835	0.01922	0.00515

[dist]
# distance from previous block
# <min> <max>
58	253

[block]
# block no. 3 follows, 48 sequences, length 19
# corresponding to MSA columns:
# 676-694
name=unknown_D
#
# <colnr> <probs for GDERKNQSTAVLIFYWHMCP>
#	G	D	E	R	K	N	Q	S	T	A	V	L	I	F	Y	W	H	M	C	P
0	0.13530	0.04880	0.23718	0.03319	0.09109	0.01114	0.04105	0.06406	0.03816	0.16000	0.05400	0.01442	0.02309	0.00563	0.00478	0.00157	0.00560	0.00455	0.00367	0.02272
1	0.01255	0.01068	0.02657	0.06285	0.07677	0.03377	0.04933	0.16673	0.07497	0.04272	0.03119	0.15032	0.01400	0.00758	0.01534	0.00158	0.01525	0.00620	0.00393	0.19765
2	0.05400	0.01173	0.07050	0.03792	0.15679	0.04037	0.03933	0.07777	0.01327	0.21837	0.04641	0.02683	0.03649	0.00579	0.00491	0.00145	0.00518	0.00489	0.00405	0.14395
3	0.04443	0.01022	0.04197	0.01155	0.09079	0.02849	0.03771	0.05425	0.09857	0.12875	0.10228	0.06638	0.02876	0.00686	0.00505	0.00147	0.00452	0.03277	0.00424	0.20094
4	0.05080	0.16143	0.20274	0.02930	0.12392	0.02233	0.06400	0.03060	0.05378	0.10500	0.09553	0.01499	0.01262	0.00563	0.00481	0.00152	0.00576	0.00471	0.00338	0.00717
5	0.15977	0.03327	0.06587	0.03409	0.05548	0.01159	0.03848	0.23112	0.03180	0.12809	0.08966	0.01490	0.01246	0.00591	0.00477	0.00152	0.00499	0.00471	0.00427	0.06724
6	0.03844	0.02987	0.01562	0.01499	0.14812	0.16026	0.03959	0.27691	0.01656	0.06785	0.04135	0.03431	0.01099	0.00622	0.00531	0.00153	0.02328	0.02728	0.00395	0.03756
7	0.19745	0.00939	0.04335	0.01035	0.04215	0.00879	0.08520	0.05005	0.01287	0.15624	0.20656	0.02454	0.04202	0.00766	0.00524	0.00169	0.00448	0.08117	0.00452	0.00629
8	0.01352	0.01306	0.01936	0.04263	0.64645	0.09108	0.01452	0.01632	0.01206	0.04581	0.01095	0.01348	0.02782	0.00494	0.00506	0.00151	0.00627	0.00462	0.00275	0.00779
9	0.00856	0.00639	0.00897	0.00860	0.00984	0.00737	0.00675	0.08588	0.00985	0.01397	0.01360	0.01937	0.01241	0.03523	0.71932	0.00757	0.01293	0.00541	0.00299	0.00500
10	0.00769	0.00585	0.00716	0.00679	0.00825	0.00561	0.00517	0.01116	0.09098	0.01952	0.57562	0.03870	0.14842	0.01063	0.00601	0.00167	0.00270	0.03753	0.00545	0.00510
11	0.01843	0.00888	0.01144	0.00856	0.01275	0.00728	0.00700	0.02052	0.01319	0.50402	0.01612	0.01493	0.01081	0.00540	0.00466	0.00128	0.00416	0.00437	0.00512	0.32108
12	0.01070	0.00933	0.01115	0.00819	0.01229	0.00773	0.00660	0.01286	0.01036	0.01628	0.00888	0.01070	0.00751	0.00432	0.00511	0.00091	0.08506	0.00319	0.00296	0.76586
13	0.02656	0.01190	0.01607	0.07251	0.01616	0.04738	0.05598	0.09034	0.01071	0.07066	0.00872	0.01199	0.00741	0.00772	0.01258	0.00201	0.51759	0.00457	0.00289	0.00625
14	0.00733	0.00543	0.00736	0.00784	0.00856	0.00523	0.03011	0.05457	0.01089	0.01459	0.05525	0.68907	0.03165	0.03716	0.00697	0.00210	0.00336	0.01329	0.00470	0.00454
15	0.00973	0.00912	0.01519	0.77349	0.03436	0.01121	0.01390	0.01310	0.01028	0.01326	0.00912	0.01355	0.00687	0.00507	0.00507	0.00167	0.00671	0.00450	0.00231	0.04148
16	0.09572	0.05515	0.01323	0.00978	0.01339	0.02443	0.00805	0.28762	0.01665	0.31022	0.01506	0.04783	0.01106	0.03093	0.00576	0.00166	0.02090	0.00500	0.00504	0.02253
17	0.09693	0.00960	0.01521	0.23926	0.04100	0.01032	0.16444	0.03995	0.03262	0.08184	0.01332	0.01634	0.03076	0.00575	0.00523	0.00162	0.02570	0.02096	0.14294	0.00621
18	0.08381	0.00946	0.01129	0.01011	0.04462	0.00962	0.00766	0.17143	0.10166	0.27824	0.03329	0.15466	0.03078	0.00820	0.00531	0.00170	0.00433	0.02126	0.00521	0.00736

[dist]
# distance from previous block
# <min> <max>
2	17

[block]
# block no. 4 follows, 48 sequences, length 35
# corresponding to MSA columns:
# 717-730,735-755
name=unknown_E
#
# <colnr> <probs for GDERKNQSTAVLIFYWHMCP>
#	G	D	E	R	K	N	Q	S	T	A	V	L	I	F	Y	W	H	M	C	P
0	0.04891	0.06729	0.01373	0.00995	0.01354	0.01273	0.00812	0.43354	0.01813	0.09561	0.01351	0.06942	0.01112	0.06119	0.00630	0.00170	0.00502	0.00518	0.00458	0.10045
1	0.03129	0.07498	0.48379	0.01293	0.01886	0.03173	0.03076	0.04641	0.01191	0.14544	0.01135	0.03120	0.00830	0.00554	0.00525	0.00161	0.03378	0.00428	0.00309	0.00750
2	0.01250	0.10360	0.58041	0.01349	0.02016	0.01217	0.04082	0.01741	0.01138	0.12573	0.01060	0.01161	0.00743	0.00502	0.00479	0.00157	0.00695	0.00395	0.00278	0.00762
3	0.00889	0.00863	0.04168	0.06516	0.01320	0.00952	0.05421	0.01091	0.02673	0.01333	0.03198	0.17871	0.07868	0.05699	0.11553	0.00300	0.24402	0.03040	0.00329	0.00513
4	0.01409	0.01072	0.06823	0.00982	0.01292	0.01009	0.00829	0.15950	0.20412	0.16406	0.09527	0.11861	0.03582	0.00823	0.00567	0.00169	0.02160	0.01764	0.00504	0.02858
5	0.01178	0.07300	0.07810	0.07007	0.08734	0.01315	0.48744	0.01561	0.01153	0.01573	0.02434	0.02425	0.00863	0.00496	0.00623	0.00169	0.05123	0.00553	0.00258	0.00682
6	0.00815	0.00589	0.00660	0.00657	0.00805	0.02397	0.00494	0.00963	0.01189	0.07149	0.15334	0.14117	0.37114	0.07069	0.00757	0.00204	0.00329	0.08405	0.00484	0.00470
7	0.01011	0.01074	0.06931	0.64060	0.03204	0.01169	0.05418	0.01453	0.06654	0.01410	0.01002	0.01385	0.00751	0.00526	0.00535	0.00172	0.01920	0.00468	0.00250	0.00607
8	0.01009	0.00943	0.01534	0.70379	0.07034	0.01155	0.01382	0.01440	0.07356	0.01398	0.01011	0.01408	0.00763	0.00525	0.00513	0.00170	0.00657	0.00466	0.00253	0.00602
9	0.01007	0.00983	0.01744	0.67392	0.03346	0.01176	0.11741	0.01354	0.01043	0.01354	0.00921	0.01362	0.00697	0.00515	0.00564	0.00173	0.03333	0.00476	0.00232	0.00586
10	0.00694	0.00517	0.00647	0.00639	0.00760	0.00470	0.00477	0.00896	0.01330	0.01815	0.51944	0.13020	0.19682	0.01178	0.00615	0.00172	0.00261	0.03882	0.00533	0.00466
11	0.01041	0.00979	0.01596	0.60599	0.14555	0.01178	0.01394	0.01445	0.06312	0.01420	0.00992	0.01381	0.00763	0.00532	0.00558	0.00170	0.03745	0.00464	0.00252	0.00623
12	0.79896	0.00987	0.00807	0.06064	0.01163	0.01150	0.00614	0.01495	0.00884	0.02235	0.00728	0.00870	0.00564	0.00479	0.00331	0.00160	0.00416	0.00290	0.00312	0.00557
13	0.00625	0.00447	0.00595	0.00714	0.00744	0.00417	0.00476	0.00714	0.00982	0.01310	0.02828	0.81633	0.03394	0.01608	0.00655	0.00208	0.00298	0.01459	0.00476	0.00417
14	0.00639	0.00462	0.00607	0.00718	0.00764	0.00431	0.00496	0.00741	0.01010	0.01332	0.02983	0.70819	0.08523	0.01572	0.00656	0.00208	0.00308	0.06835	0.00476	0.00422
15	0.01917	0.02445	0.01454	0.01322	0.01586	0.79907	0.00991	0.02049	0.01454	0.01256	0.00793	0.00925	0.00661	0.00529	0.00463	0.00132	0.00925	0.00330	0.00264	0.00595
16	0.01035	0.00994	0.01728	0.62756	0.15781	0.01164	0.06530	0.01377	0.01062	0.01393	0.00929	0.01353	0.00711	0.00498	0.00518	0.00168	0.00684	0.00466	0.00234	0.00618
17	0.00670	0.00481	0.00644	0.00759	0.00814	0.00456	0.00552	0.00793	0.01033	0.01363	0.02888	0.61953	0.05978	0.01554	0.00665	0.00213	0.00335	0.17943	0.00475	0.00430
18	0.08098	0.01377	0.01412	0.01109	0.01497	0.06694	0.00907	0.52951	0.04401	0.14457	0.01310	0.01281	0.00916	0.00605	0.00496	0.00154	0.00552	0.00451	0.00501	0.00829
19	0.01052	0.08013	0.74152	0.01423	0.02160	0.01248	0.01827	0.01619	0.01081	0.01597	0.00907	0.01066	0.00651	0.00484	0.00477	0.00159	0.00744	0.00372	0.00217	0.00752
20	0.01993	0.01283	0.01434	0.01108	0.01506	0.01371	0.00912	0.56800	0.04031	0.20628	0.01462	0.02712	0.01023	0.00639	0.00517	0.00156	0.00527	0.00494	0.00541	0.00864
21	0.01917	0.02445	0.01454	0.01322	0.01586	0.79907	0.00991	0.02049	0.01454	0.01256	0.00793	0.00925	0.00661	0.00529	0.00463	0.00132	0.00925	0.00330	0.00264	0.00595
22	0.00711	0.00516	0.00670	0.00649	0.00762	0.00475	0.00480	0.00932	0.01390	0.01952	0.67608	0.12604	0.07085	0.01120	0.00611	0.00167	0.00249	0.00993	0.00552	0.00475
23	0.01135	0.02437	0.68358	0.01470	0.02186	0.01167	0.06963	0.01690	0.01120	0.07294	0.01010	0.01152	0.00704	0.00495	0.00498	0.00163	0.00742	0.00405	0.00250	0.00762
24	0.03929	0.01411	0.01471	0.01218	0.04498	0.07190	0.00955	0.53712	0.08377	0.10044	0.01322	0.01306	0.00942	0.00608	0.00506	0.00155	0.00564	0.00462	0.00493	0.00837
25	0.00624	0.00520	0.00539	0.00535	0.00696	0.00441	0.00397	0.00762	0.01186	0.01445	0.12936	0.04766	0.68068	0.03993	0.00674	0.00183	0.00266	0.01055	0.00480	0.00435
26	0.01497	0.01081	0.01189	0.01025	0.01340	0.01199	0.00810	0.09540	0.56235	0.15115	0.03839	0.01869	0.01531	0.00687	0.00522	0.00169	0.00422	0.00567	0.00541	0.00820
27	0.32422	0.01183	0.06310	0.12501	0.06959	0.01183	0.09106	0.11906	0.01236	0.09139	0.01046	0.01272	0.00788	0.00533	0.00454	0.00163	0.00553	0.02225	0.00348	0.00673
28	0.01085	0.14127	0.65655	0.01402	0.02106	0.01317	0.04278	0.01613	0.01082	0.01565	0.00895	0.01056	0.00656	0.00479	0.00469	0.00155	0.00732	0.00372	0.00219	0.00742
29	0.00738	0.00543	0.00663	0.00682	0.00819	0.00497	0.00529	0.00936	0.02372	0.03564	0.24443	0.14760	0.30268	0.01269	0.00629	0.00187	0.00309	0.15817	0.00505	0.00470
30	0.02000	0.01099	0.01298	0.01009	0.01381	0.01115	0.00823	0.35431	0.03465	0.37632	0.03994	0.01665	0.01239	0.04653	0.00621	0.00174	0.00490	0.00517	0.00561	0.00832
31	0.07519	0.01174	0.06503	0.03618	0.01407	0.02616	0.00867	0.14500	0.35151	0.07169	0.03648	0.08992	0.03122	0.00744	0.00517	0.00170	0.00460	0.00611	0.00474	0.00740
32	0.00616	0.00498	0.00548	0.00583	0.00711	0.00430	0.00419	0.00737	0.01122	0.01385	0.06873	0.28103	0.53414	0.01384	0.00621	0.00184	0.00271	0.01192	0.00479	0.00430
33	0.00847	0.00538	0.00696	0.00690	0.00752	0.00554	0.00471	0.00931	0.00855	0.06811	0.01713	0.10259	0.01815	0.42846	0.25682	0.00539	0.00740	0.02508	0.00343	0.00410
34	0.01051	0.01038	0.01865	0.49497	0.02977	0.01192	0.19901	0.03386	0.01088	0.01438	0.01019	0.04938	0.00833	0.00575	0.00634	0.00177	0.06999	0.00537	0.00254	0.00601

[dist]
# distance from previous block
# <min> <max>
1	24

[block]
# block no. 5 follows, 48 sequences, length 18
# corresponding to MSA columns:
# 780-797
name=unknown_F
#
# <colnr> <probs for GDERKNQSTAVLIFYWHMCP>
#	G	D	E	R	K	N	Q	S	T	A	V	L	I	F	Y	W	H	M	C	P
0	0.00802	0.00649	0.00929	0.00827	0.00968	0.00651	0.06275	0.01010	0.01267	0.03077	0.43227	0.12258	0.15217	0.01081	0.00725	0.00176	0.08949	0.00929	0.00483	0.00499
1	0.27514	0.02789	0.01104	0.00850	0.01222	0.01048	0.00697	0.14944	0.04465	0.19110	0.04290	0.01312	0.01022	0.00548	0.00428	0.00141	0.00429	0.00405	0.00435	0.17248
2	0.00969	0.00912	0.01539	0.80734	0.03534	0.01140	0.01425	0.01311	0.01026	0.01311	0.00912	0.01368	0.00684	0.00513	0.00513	0.00171	0.00684	0.00456	0.00228	0.00570
3	0.13993	0.01257	0.01356	0.17012	0.01831	0.07479	0.00989	0.29780	0.07840	0.04678	0.01162	0.01375	0.00890	0.00615	0.00556	0.00165	0.05305	0.02615	0.00394	0.00709
4	0.01100	0.09225	0.01032	0.00777	0.00989	0.00817	0.00618	0.05814	0.08713	0.11285	0.29441	0.08926	0.09395	0.05195	0.00666	0.00182	0.00363	0.04379	0.00498	0.00585
5	0.37234	0.00912	0.00909	0.00771	0.01059	0.00977	0.00623	0.13305	0.01343	0.12836	0.19806	0.01789	0.01769	0.00663	0.00446	0.00157	0.00385	0.00504	0.03885	0.00628
6	0.06578	0.01095	0.01167	0.00958	0.01265	0.01201	0.00782	0.43385	0.06622	0.03971	0.01458	0.01699	0.01135	0.00730	0.02297	0.00168	0.00483	0.04868	0.19411	0.00728
7	0.01206	0.07965	0.19116	0.01890	0.02446	0.03623	0.52897	0.01643	0.01178	0.01594	0.00981	0.01263	0.00739	0.00447	0.00555	0.00165	0.00820	0.00524	0.00247	0.00701
8	0.00927	0.00618	0.00692	0.00644	0.00846	0.00550	0.00496	0.05482	0.01284	0.11988	0.07951	0.09778	0.52412	0.01183	0.00595	0.00174	0.00309	0.03045	0.00504	0.00521
9	0.00673	0.00516	0.00563	0.00566	0.00699	0.00458	0.00413	0.00814	0.01149	0.01477	0.15862	0.07104	0.47143	0.11349	0.00849	0.00213	0.00295	0.03938	0.05492	0.00430
10	0.22599	0.01107	0.01195	0.01072	0.05825	0.02963	0.03555	0.21055	0.13952	0.08117	0.01482	0.01508	0.04338	0.00605	0.00457	0.00157	0.00465	0.00470	0.08368	0.00711
11	0.01293	0.17258	0.41843	0.01292	0.01865	0.01282	0.06565	0.01704	0.01135	0.13151	0.01119	0.01346	0.00848	0.00549	0.00523	0.00158	0.03600	0.03443	0.00294	0.00733
12	0.01129	0.02438	0.68269	0.01478	0.02193	0.01170	0.07445	0.01686	0.01119	0.06901	0.01005	0.01151	0.00702	0.00493	0.00498	0.00163	0.00744	0.00405	0.00248	0.00761
13	0.00698	0.00533	0.00630	0.00612	0.00742	0.00486	0.00449	0.00911	0.03313	0.01730	0.43363	0.07727	0.28988	0.06657	0.00742	0.00191	0.00272	0.00982	0.00513	0.00461
14	0.00632	0.00458	0.00598	0.00696	0.00743	0.00423	0.00471	0.00737	0.01033	0.01377	0.09246	0.70234	0.08372	0.01541	0.00648	0.00202	0.00291	0.01390	0.00484	0.00423
15	0.17198	0.01097	0.06503	0.01071	0.05949	0.00991	0.00865	0.07420	0.08500	0.42787	0.01598	0.01487	0.01071	0.00590	0.00478	0.00160	0.00468	0.00462	0.00507	0.00798
16	0.01923	0.01254	0.01397	0.01089	0.01470	0.01346	0.00889	0.52410	0.08152	0.19022	0.01482	0.01479	0.01051	0.03872	0.00598	0.00170	0.00522	0.00494	0.00532	0.00846
17	0.01051	0.00578	0.00656	0.00624	0.00766	0.00581	0.00469	0.06352	0.01166	0.07635	0.04589	0.11427	0.01676	0.04243	0.06850	0.00208	0.00384	0.00629	0.49597	0.00519

[dist]
# distance from previous block
# <min> <max>
0	4

[block]
# block no. 6 follows, 48 sequences, length 7
# corresponding to MSA columns:
# 802-808
name=unknown_G
#
# <colnr> <probs for GDERKNQSTAVLIFYWHMCP>
#	G	D	E	R	K	N	Q	S	T	A	V	L	I	F	Y	W	H	M	C	P
0	0.01025	0.00946	0.01471	0.66327	0.03136	0.01165	0.01314	0.01567	0.14913	0.01462	0.01125	0.01467	0.00844	0.00546	0.00515	0.00172	0.00634	0.00478	0.00281	0.00614
1	0.49538	0.01085	0.01394	0.01379	0.15349	0.01151	0.12855	0.01630	0.01033	0.08946	0.00928	0.01081	0.00701	0.00480	0.00415	0.00160	0.00513	0.00383	0.00325	0.00652
2	0.01819	0.02114	0.01418	0.01261	0.01547	0.58233	0.00961	0.10982	0.13670	0.01630	0.01050	0.01118	0.00829	0.00566	0.00478	0.00141	0.00801	0.00385	0.00335	0.00662
3	0.01068	0.08716	0.68344	0.01464	0.02182	0.01263	0.06783	0.01619	0.01089	0.01594	0.00913	0.01083	0.00659	0.00480	0.00483	0.00159	0.00749	0.00386	0.00220	0.00746
4	0.01332	0.01368	0.02678	0.06221	0.02530	0.01342	0.59107	0.15259	0.01418	0.01913	0.01066	0.01356	0.00790	0.00470	0.00584	0.00169	0.00801	0.00572	0.00304	0.00718
5	0.00956	0.00884	0.00916	0.00877	0.00964	0.13240	0.00649	0.01077	0.00900	0.01153	0.01288	0.02124	0.01288	0.23702	0.40467	0.00579	0.07649	0.00559	0.00279	0.00449
6	0.05492	0.00946	0.01168	0.00919	0.01272	0.00910	0.00751	0.18439	0.01646	0.47156	0.13914	0.01927	0.01719	0.00690	0.00521	0.00158	0.00432	0.00559	0.00584	0.00798

[dist]
# distance from previous block
# <min> <max>
0	1

[block]
# block no. 7 follows, 48 sequences, length 14
# corresponding to MSA columns:
# 810-823
name=unknown_H
#
# <colnr> <probs for GDERKNQSTAVLIFYWHMCP>
#	G	D	E	R	K	N	Q	S	T	A	V	L	I	F	Y	W	H	M	C	P
0	0.02738	0.00596	0.00754	0.00686	0.00850	0.00558	0.00524	0.01206	0.04639	0.10205	0.62346	0.03514	0.07411	0.00989	0.00586	0.00162	0.00274	0.00862	0.00561	0.00539
1	0.00947	0.00561	0.00677	0.00645	0.00698	0.00558	0.00409	0.00984	0.00861	0.11035	0.01748	0.10176	0.01889	0.61627	0.02136	0.00419	0.03093	0.00772	0.00365	0.00401
2	0.06133	0.00909	0.01189	0.00916	0.01310	0.00817	0.00757	0.06458	0.01492	0.71497	0.01921	0.01677	0.01216	0.00627	0.00507	0.00159	0.00442	0.00502	0.00614	0.00859
3	0.02213	0.00966	0.01242	0.00958	0.01353	0.00898	0.00789	0.13722	0.04296	0.65002	0.01907	0.01675	0.01221	0.00634	0.00516	0.00159	0.00455	0.00510	0.00613	0.00871
4	0.00739	0.00498	0.00580	0.00586	0.00594	0.00503	0.00342	0.00756	0.00764	0.01025	0.01666	0.07542	0.01909	0.72284	0.07744	0.00504	0.00546	0.00772	0.00317	0.00327
5	0.00709	0.00524	0.00662	0.00628	0.00756	0.00477	0.00471	0.00935	0.01412	0.01962	0.68068	0.03990	0.15329	0.01085	0.00605	0.00163	0.00245	0.00950	0.00552	0.00477
6	0.02287	0.00897	0.01206	0.00924	0.01322	0.00790	0.00764	0.05673	0.01509	0.75893	0.01991	0.01725	0.01253	0.00634	0.00516	0.00159	0.00442	0.00514	0.00630	0.00873
7	0.74927	0.00977	0.00810	0.00705	0.01033	0.01100	0.00581	0.01635	0.00949	0.12139	0.00882	0.00950	0.00647	0.00497	0.00343	0.00159	0.00402	0.00308	0.00358	0.00596
8	0.00787	0.00585	0.00761	0.00835	0.00963	0.00574	0.00695	0.01053	0.04927	0.01569	0.09953	0.12285	0.14839	0.01348	0.00669	0.00214	0.00399	0.46581	0.00484	0.00479
9	0.04405	0.00966	0.01225	0.00951	0.01341	0.00908	0.00782	0.12653	0.05896	0.62389	0.01885	0.01662	0.01214	0.00632	0.00511	0.00159	0.00451	0.00506	0.00604	0.00861
10	0.08930	0.00693	0.00731	0.00647	0.00858	0.00711	0.00509	0.07712	0.04972	0.13679	0.01624	0.01734	0.01216	0.00599	0.00399	0.00134	0.00318	0.00469	0.53471	0.00593
11	0.00965	0.00945	0.08253	0.01091	0.01324	0.00809	0.11719	0.11878	0.01253	0.01689	0.02127	0.39470	0.02309	0.01212	0.02134	0.00207	0.00504	0.11128	0.00422	0.00561
12	0.00823	0.00600	0.00744	0.00704	0.00848	0.00584	0.00528	0.01200	0.11179	0.03978	0.56711	0.10635	0.07365	0.01054	0.00597	0.00168	0.00274	0.00927	0.00549	0.00528
13	0.74764	0.01205	0.10813	0.00776	0.01150	0.01156	0.00727	0.01523	0.00900	0.02215	0.00741	0.00866	0.00568	0.00478	0.00339	0.00159	0.00443	0.00291	0.00305	0.00582

[dist]
# distance from previous block
# <min> <max>
0	1

[block]
# block no. 8 follows, 48 sequences, length 102
# corresponding to MSA columns:
# 825-841,843-898,903-931
name=unknown_I
#
# <colnr> <probs for GDERKNQSTAVLIFYWHMCP>
#	G	D	E	R	K	N	Q	S	T	A	V	L	I	F	Y	W	H	M	C	P
0	0.00805	0.00687	0.00910	0.00827	0.01043	0.01631	0.06922	0.01029	0.02167	0.01563	0.11979	0.04213	0.33105	0.01109	0.00605	0.00177	0.00388	0.20403	0.00446	0.09992
1	0.01321	0.65796	0.16739	0.00996	0.01489	0.03680	0.01068	0.01565	0.01060	0.01285	0.00753	0.00873	0.00657	0.00450	0.00361	0.00120	0.00596	0.00295	0.00220	0.00675
2	0.00711	0.00489	0.00564	0.00589	0.00607	0.00476	0.00351	0.00739	0.00825	0.01088	0.02122	0.19626	0.07655	0.59623	0.02065	0.00415	0.00439	0.00917	0.00357	0.00341
3	0.29402	0.01181	0.01214	0.00963	0.01340	0.01283	0.00795	0.37739	0.01724	0.17773	0.01218	0.01202	0.00847	0.00574	0.00450	0.00156	0.00485	0.00412	0.00473	0.00769
4	0.02302	0.00873	0.01191	0.00913	0.01310	0.00754	0.00754	0.02501	0.01469	0.79122	0.02024	0.01746	0.01270	0.00635	0.00516	0.00159	0.00437	0.00516	0.00635	0.00873
5	0.08289	0.01245	0.01867	0.14462	0.53730	0.06820	0.03145	0.01565	0.01144	0.01643	0.00926	0.01226	0.00760	0.00472	0.00492	0.00155	0.00631	0.00436	0.00256	0.00737
6	0.00665	0.00474	0.00573	0.00635	0.00674	0.00447	0.00408	0.00728	0.00925	0.01211	0.02716	0.44505	0.12643	0.29440	0.01327	0.00304	0.00362	0.01163	0.00419	0.00382
7	0.10203	0.00546	0.00638	0.00712	0.00816	0.00531	0.00528	0.00866	0.01038	0.01473	0.03012	0.45611	0.16955	0.01391	0.00617	0.00201	0.00331	0.13626	0.00458	0.00445
8	0.08054	0.00951	0.02706	0.09891	0.01570	0.00880	0.00849	0.06396	0.01421	0.59229	0.01741	0.01598	0.01120	0.00606	0.00501	0.00160	0.00475	0.00487	0.00552	0.00814
9	0.01796	0.01412	0.10163	0.02656	0.01600	0.01332	0.01021	0.50636	0.01998	0.14625	0.01417	0.06535	0.01070	0.00667	0.00520	0.00160	0.00551	0.00526	0.00491	0.00824
10	0.00710	0.00532	0.00659	0.00735	0.00804	0.00524	0.00507	0.00957	0.09631	0.01413	0.04562	0.60596	0.07390	0.05953	0.00746	0.00218	0.00321	0.02807	0.00474	0.00459
11	0.02001	0.00800	0.01088	0.00872	0.01207	0.00697	0.00704	0.02191	0.01413	0.64877	0.07573	0.10872	0.01764	0.00774	0.00538	0.00165	0.00407	0.00651	0.00612	0.00794
12	0.01160	0.01225	0.08262	0.08336	0.49149	0.02246	0.04587	0.01472	0.01173	0.02951	0.06746	0.05292	0.03953	0.00592	0.00527	0.00159	0.00587	0.00558	0.00296	0.00728
13	0.01610	0.01038	0.01203	0.08490	0.01478	0.01117	0.00826	0.32747	0.08784	0.15467	0.01593	0.03870	0.02072	0.00650	0.00490	0.00153	0.00466	0.00521	0.16680	0.00745
14	0.00724	0.00490	0.00573	0.00599	0.00607	0.00484	0.00355	0.00747	0.00802	0.01069	0.01879	0.18726	0.02190	0.64382	0.02185	0.00435	0.00458	0.02613	0.00347	0.00335
15	0.01068	0.11601	0.70699	0.01397	0.02119	0.01286	0.01781	0.01615	0.01079	0.01578	0.00897	0.01054	0.00651	0.00482	0.00470	0.00157	0.00735	0.00367	0.00217	0.00747
16	0.08260	0.52485	0.13586	0.00919	0.01360	0.03664	0.00950	0.01471	0.01059	0.01381	0.01250	0.01327	0.09402	0.00548	0.00386	0.00129	0.00544	0.00382	0.00257	0.00638
17	0.01314	0.02147	0.54866	0.01423	0.02080	0.01112	0.09667	0.01810	0.01177	0.17795	0.01164	0.01254	0.00793	0.00512	0.00506	0.00163	0.00703	0.00432	0.00309	0.00775
18	0.00779	0.00620	0.00961	0.16452	0.01423	0.00737	0.00790	0.00991	0.00863	0.01212	0.01287	0.01908	0.01174	0.04288	0.63317	0.00692	0.01227	0.00534	0.00266	0.00478
19	0.08259	0.01185	0.04395	0.01433	0.07111	0.03436	0.18600	0.15403	0.04267	0.01894	0.01474	0.15407	0.02882	0.00783	0.00669	0.00179	0.08916	0.02688	0.00364	0.00654
20	0.01461	0.01253	0.01859	0.08159	0.53466	0.06088	0.01386	0.07973	0.01313	0.10456	0.01092	0.01306	0.00851	0.00499	0.00507	0.00153	0.00611	0.00456	0.00317	0.00794
21	0.17655	0.11465	0.41878	0.07840	0.03115	0.01278	0.01404	0.01580	0.01036	0.04224	0.00883	0.01054	0.00659	0.00501	0.00481	0.00158	0.03486	0.00362	0.00252	0.00689
22	0.01456	0.69925	0.02498	0.00947	0.01359	0.14079	0.00896	0.01616	0.01106	0.01215	0.00726	0.00839	0.00659	0.00453	0.00350	0.00113	0.00607	0.00283	0.00226	0.00649
23	0.11715	0.03253	0.01342	0.01094	0.01428	0.26487	0.00871	0.27576	0.05215	0.10870	0.01167	0.01197	0.00859	0.00573	0.00464	0.00147	0.00625	0.00407	0.03989	0.00723
24	0.00705	0.00543	0.00769	0.00988	0.09523	0.00515	0.00610	0.00827	0.01021	0.01364	0.02732	0.65577	0.06822	0.01455	0.00638	0.00202	0.00338	0.04455	0.00451	0.00464
25	0.02006	0.01227	0.01393	0.01073	0.01462	0.01292	0.00880	0.51279	0.02056	0.26087	0.01488	0.01478	0.01035	0.04067	0.00603	0.00170	0.00523	0.00490	0.00542	0.00849
26	0.00894	0.00581	0.00864	0.00835	0.00960	0.00538	0.06862	0.01047	0.01101	0.10185	0.08652	0.53967	0.02907	0.01283	0.00610	0.00190	0.00352	0.01169	0.06504	0.00501
27	0.01287	0.01117	0.01526	0.54792	0.06143	0.08178	0.01286	0.09998	0.01263	0.08015	0.01032	0.01341	0.00757	0.00534	0.00509	0.00164	0.00668	0.00451	0.00298	0.00642
28	0.09369	0.02316	0.01392	0.01264	0.01533	0.72893	0.00953	0.02001	0.01402	0.01349	0.00786	0.00917	0.00652	0.00524	0.00450	0.00135	0.00878	0.00326	0.00269	0.00591
29	0.00630	0.00465	0.00596	0.00686	0.00744	0.00431	0.00470	0.00734	0.01020	0.01340	0.05480	0.63500	0.15466	0.01636	0.04003	0.00227	0.00335	0.01343	0.00471	0.00423
30	0.01427	0.00967	0.01078	0.00930	0.01214	0.01044	0.00736	0.11792	0.37534	0.14904	0.08361	0.02098	0.03356	0.00721	0.00514	0.00163	0.00397	0.02002	0.10013	0.00751
31	0.00895	0.00582	0.00772	0.00867	0.04161	0.00560	0.00582	0.01119	0.07443	0.10139	0.02597	0.62617	0.02894	0.01374	0.00622	0.00198	0.00336	0.01237	0.00489	0.00518
32	0.00643	0.00464	0.00609	0.00694	0.00746	0.00430	0.00474	0.00762	0.01077	0.01450	0.16833	0.64089	0.06843	0.01492	0.00644	0.00198	0.00286	0.01345	0.00493	0.00430
33	0.00654	0.00459	0.00587	0.00677	0.00700	0.00436	0.00436	0.00722	0.00926	0.01234	0.02536	0.62792	0.03026	0.20950	0.01126	0.00278	0.00346	0.01287	0.00436	0.00391
34	0.01924	0.01120	0.01278	0.00995	0.01361	0.01164	0.00817	0.42322	0.01920	0.27535	0.01550	0.01494	0.01063	0.00620	0.00492	0.00151	0.00478	0.00482	0.12418	0.00817
35	0.00885	0.04205	0.01154	0.09920	0.01351	0.03678	0.03409	0.01082	0.00887	0.01225	0.01194	0.01760	0.01096	0.03875	0.53044	0.00608	0.09352	0.00514	0.00262	0.00501
36	0.00663	0.00459	0.00597	0.00703	0.00748	0.00432	0.00484	0.00774	0.01005	0.01374	0.02777	0.69229	0.04813	0.01507	0.00632	0.00202	0.00301	0.05379	0.07497	0.00425
37	0.00887	0.00579	0.00738	0.00713	0.00808	0.00665	0.00556	0.01090	0.00944	0.01552	0.01443	0.01865	0.01230	0.01914	0.31916	0.00410	0.09766	0.00503	0.41942	0.00480
38	0.01010	0.00886	0.00857	0.00784	0.01009	0.06423	0.00606	0.10316	0.17183	0.01795	0.08068	0.05288	0.40255	0.01033	0.00571	0.00170	0.00378	0.02310	0.00480	0.00579
39	0.00886	0.00521	0.00607	0.00597	0.00647	0.00508	0.00371	0.00939	0.00869	0.07636	0.01790	0.11645	0.01922	0.57242	0.01969	0.00395	0.00441	0.00775	0.09852	0.00388
40	0.69977	0.07470	0.01093	0.00820	0.01159	0.04019	0.06046	0.01539	0.00931	0.02132	0.00740	0.00875	0.00583	0.00472	0.00344	0.00155	0.00461	0.00303	0.00304	0.00575
41	0.00716	0.00506	0.00660	0.00665	0.00765	0.00466	0.00482	0.00906	0.01299	0.03018	0.51388	0.27372	0.07386	0.01222	0.00619	0.00176	0.00263	0.01088	0.00536	0.00468
42	0.00834	0.00494	0.00552	0.00557	0.00669	0.00488	0.00411	0.01032	0.01071	0.01694	0.08579	0.08232	0.11937	0.04490	0.09467	0.00231	0.00384	0.00684	0.47734	0.00459
43	0.01935	0.01243	0.01403	0.01069	0.01481	0.01288	0.00881	0.50634	0.02034	0.21286	0.01386	0.01337	0.00955	0.00594	0.00499	0.00146	0.00513	0.00457	0.00519	0.10338
44	0.11222	0.01292	0.01355	0.01051	0.01439	0.01406	0.00864	0.58155	0.02055	0.02928	0.01171	0.01210	0.00852	0.00580	0.00472	0.00146	0.00513	0.00429	0.05036	0.07827
45	0.09449	0.47815	0.13420	0.09908	0.01659	0.01626	0.01037	0.01504	0.01032	0.01419	0.00780	0.00940	0.00657	0.00454	0.00375	0.00127	0.00568	0.00312	0.00236	0.06681
46	0.00645	0.00459	0.00603	0.00696	0.00734	0.00430	0.00465	0.00745	0.01018	0.01371	0.11244	0.67303	0.03447	0.07281	0.00789	0.00224	0.00306	0.01348	0.00474	0.00417
47	0.00672	0.00512	0.00572	0.00576	0.00717	0.00451	0.00429	0.00837	0.01214	0.01593	0.22928	0.12028	0.44638	0.01212	0.00592	0.00171	0.00262	0.02628	0.07519	0.00449
48	0.00734	0.00548	0.00814	0.00814	0.00902	0.00636	0.00629	0.00910	0.00822	0.01184	0.01384	0.02068	0.01305	0.06867	0.76946	0.00812	0.01340	0.00557	0.00276	0.00452
49	0.10859	0.60729	0.07845	0.00922	0.01368	0.01835	0.00923	0.07826	0.01140	0.01529	0.00771	0.00877	0.00664	0.00461	0.00355	0.00123	0.00548	0.00298	0.00255	0.00672
50	0.00693	0.00475	0.00575	0.00628	0.00641	0.00462	0.00384	0.00732	0.00850	0.01133	0.02149	0.37750	0.02537	0.46659	0.01752	0.00370	0.00410	0.01059	0.00384	0.00357
51	0.00628	0.00450	0.00598	0.00714	0.00748	0.00420	0.00480	0.00721	0.00990	0.01315	0.02877	0.78734	0.05003	0.01598	0.00655	0.00208	0.00300	0.02667	0.00476	0.00418
52	0.04251	0.02458	0.01061	0.00900	0.01144	0.02076	0.00729	0.17047	0.10064	0.10096	0.10363	0.04067	0.18151	0.00927	0.00639	0.00175	0.06164	0.08563	0.00483	0.00642
53	0.00904	0.00765	0.02195	0.09852	0.01319	0.00813	0.00803	0.01359	0.14911	0.01734	0.23470	0.03587	0.08236	0.01024	0.00683	0.00190	0.06160	0.20982	0.00458	0.00555
54	0.00632	0.00456	0.00615	0.02337	0.00801	0.00431	0.00496	0.00727	0.00983	0.01310	0.02789	0.80005	0.03339	0.01585	0.00652	0.00208	0.00306	0.01438	0.00471	0.00420
55	0.10078	0.01169	0.01291	0.01170	0.07757	0.02732	0.00863	0.42439	0.02758	0.04375	0.09989	0.07264	0.01491	0.00707	0.00507	0.00158	0.00487	0.00567	0.03458	0.00739
56	0.01318	0.01534	0.18569	0.02554	0.53778	0.02982	0.01562	0.02905	0.01199	0.07210	0.01032	0.01255	0.00808	0.00481	0.00503	0.00155	0.00636	0.00442	0.00278	0.00801
57	0.01016	0.00958	0.01573	0.67724	0.03243	0.01163	0.05252	0.01487	0.09667	0.01422	0.01051	0.01430	0.00788	0.00529	0.00519	0.00171	0.00662	0.00478	0.00263	0.00604
58	0.00648	0.00456	0.00589	0.00685	0.00709	0.00432	0.00445	0.00720	0.00937	0.01250	0.02598	0.66758	0.03103	0.16878	0.01027	0.00263	0.00336	0.01323	0.00445	0.00397
59	0.01236	0.10278	0.04274	0.01171	0.02374	0.01344	0.07217	0.02258	0.50073	0.01876	0.01723	0.03375	0.01368	0.00687	0.00597	0.00172	0.06230	0.02570	0.00429	0.00748
60	0.01042	0.02580	0.75304	0.01550	0.06190	0.01193	0.01879	0.01622	0.01088	0.01628	0.00923	0.01093	0.00658	0.00486	0.00489	0.00162	0.00751	0.00383	0.00219	0.00761
61	0.00814	0.00541	0.00679	0.00698	0.00820	0.00497	0.00512	0.01003	0.03398	0.08014	0.21029	0.35617	0.18121	0.01299	0.00621	0.00187	0.00301	0.04851	0.00512	0.00488
62	0.01370	0.80605	0.02657	0.00881	0.01317	0.02015	0.00877	0.01561	0.02624	0.01227	0.00742	0.00846	0.00677	0.00444	0.00333	0.00111	0.00546	0.00281	0.00226	0.00662
63	0.01044	0.00595	0.00788	0.00699	0.00876	0.00539	0.00539	0.01277	0.01456	0.17581	0.63092	0.03413	0.04122	0.00966	0.00587	0.00161	0.00281	0.00845	0.00579	0.00563
64	0.01992	0.01184	0.01353	0.01046	0.01428	0.01237	0.00857	0.47008	0.01996	0.28323	0.01524	0.01497	0.01053	0.03241	0.00576	0.00165	0.00508	0.00490	0.03684	0.00840
65	0.01208	0.00935	0.01024	0.00934	0.01187	0.01030	0.00720	0.02237	0.53047	0.08391	0.05668	0.11199	0.08477	0.00860	0.00547	0.00176	0.00377	0.00731	0.00524	0.00726
66	0.00663	0.00534	0.00599	0.00617	0.00774	0.00470	0.00486	0.00827	0.01204	0.01493	0.13156	0.04977	0.55277	0.01294	0.00626	0.00184	0.00299	0.15585	0.00486	0.00447
67	0.00821	0.03985	0.00766	0.00745	0.00842	0.00561	0.00531	0.01009	0.05057	0.06985	0.10946	0.59837	0.03190	0.01380	0.00619	0.00194	0.00318	0.01237	0.00489	0.00487
68	0.01403	0.01119	0.01226	0.01063	0.01352	0.01285	0.00842	0.12173	0.55927	0.07151	0.01943	0.01828	0.03151	0.00710	0.00605	0.00174	0.06180	0.00563	0.00506	0.00797
69	0.00682	0.00524	0.00628	0.00649	0.00763	0.00483	0.00468	0.00895	0.04737	0.01611	0.27740	0.29850	0.26502	0.01293	0.00618	0.00181	0.00273	0.01135	0.00507	0.00462
70	0.00625	0.00447	0.00595	0.00714	0.00744	0.00417	0.00476	0.00714	0.00982	0.01310	0.02828	0.81633	0.03394	0.01608	0.00655	0.00208	0.00298	0.01459	0.00476	0.00417
71	0.01277	0.12063	0.02637	0.10762	0.04252	0.09212	0.49117	0.01631	0.01191	0.01511	0.00955	0.01260	0.00741	0.00453	0.00542	0.00160	0.00803	0.00514	0.00251	0.00667
72	0.01318	0.00643	0.00732	0.00643	0.00845	0.00634	0.00506	0.07515	0.01257	0.18730	0.01702	0.01827	0.01269	0.00745	0.03775	0.00161	0.00356	0.00488	0.56260	0.00594
73	0.01089	0.00526	0.00576	0.00541	0.00692	0.00510	0.00414	0.01323	0.01151	0.10601	0.08108	0.02054	0.01604	0.00640	0.00397	0.00127	0.00262	0.00520	0.68343	0.00523
74	0.85592	0.00992	0.00754	0.00675	0.00992	0.01151	0.00556	0.01508	0.00873	0.02302	0.00714	0.00834	0.00556	0.00476	0.00318	0.00159	0.00397	0.00278	0.00318	0.00556
75	0.00818	0.00603	0.00812	0.00880	0.01024	0.00571	0.00740	0.01029	0.01137	0.01513	0.02578	0.16968	0.04215	0.01328	0.00662	0.00213	0.00431	0.54051	0.00454	0.09973
76	0.04285	0.01161	0.01981	0.12816	0.54458	0.01180	0.07731	0.01610	0.01165	0.07177	0.01031	0.01311	0.00817	0.00476	0.00511	0.00157	0.00621	0.00467	0.00281	0.00767
77	0.00620	0.00468	0.00573	0.00657	0.00729	0.00422	0.00451	0.00721	0.01038	0.01332	0.03527	0.59012	0.25563	0.01517	0.00641	0.00198	0.00287	0.01348	0.00476	0.00422
78	0.00969	0.00912	0.01539	0.80734	0.03534	0.01140	0.01425	0.01311	0.01026	0.01311	0.00912	0.01368	0.00684	0.00513	0.00513	0.00171	0.00684	0.00456	0.00228	0.00570
79	0.28452	0.01230	0.01172	0.02570	0.01338	0.07777	0.00786	0.30759	0.01632	0.10666	0.07814	0.01363	0.01137	0.00602	0.00455	0.00155	0.00502	0.00439	0.00442	0.00709
80	0.01437	0.62032	0.12698	0.00960	0.01436	0.01767	0.00999	0.01663	0.01099	0.10507	0.00896	0.00967	0.00730	0.00469	0.00372	0.00123	0.00563	0.00317	0.00268	0.00697
81	0.01372	0.82276	0.02689	0.00878	0.01317	0.02030	0.00878	0.01536	0.01043	0.01207	0.00713	0.00823	0.00658	0.00439	0.00329	0.00110	0.00549	0.00274	0.00219	0.00658
82	0.01064	0.00912	0.01064	0.00760	0.01216	0.00684	0.00608	0.01292	0.01064	0.01672	0.00912	0.01064	0.00760	0.00380	0.00380	0.00076	0.00380	0.00304	0.00304	0.85104
83	0.16875	0.00847	0.00979	0.00824	0.01115	0.00842	0.00658	0.08386	0.05580	0.31586	0.15384	0.09120	0.04090	0.00786	0.00511	0.00164	0.00387	0.00644	0.00530	0.00691
84	0.18123	0.00921	0.01110	0.06576	0.01385	0.00923	0.00762	0.08375	0.04583	0.42565	0.01694	0.08156	0.01246	0.00678	0.00489	0.00164	0.00445	0.00542	0.00516	0.00749
85	0.00817	0.00587	0.00813	0.00925	0.01046	0.00583	0.00807	0.01048	0.01181	0.01529	0.02831	0.05749	0.06443	0.01412	0.00704	0.00233	0.00463	0.71887	0.00473	0.00471
86	0.01212	0.01151	0.01951	0.11748	0.66703	0.01177	0.01500	0.01507	0.01133	0.01604	0.00989	0.01377	0.00847	0.04226	0.00606	0.00170	0.00613	0.00470	0.00254	0.00762
87	0.01405	0.42080	0.11371	0.01192	0.04650	0.14593	0.04547	0.03735	0.07688	0.01437	0.00919	0.01041	0.00764	0.00551	0.01923	0.00145	0.00657	0.00355	0.00264	0.00683
88	0.00756	0.00497	0.00556	0.00556	0.00561	0.00497	0.00313	0.00767	0.00761	0.01037	0.01619	0.03291	0.01840	0.78212	0.02508	0.00480	0.00486	0.00734	0.04211	0.00319
89	0.00649	0.00518	0.00580	0.00572	0.00721	0.00450	0.00426	0.00815	0.01258	0.01614	0.30309	0.08098	0.49724	0.01228	0.00608	0.00171	0.00256	0.01047	0.00507	0.00450
90	0.00955	0.00624	0.00841	0.00798	0.00944	0.00592	0.03844	0.03567	0.04735	0.11162	0.17037	0.38012	0.08026	0.05503	0.00716	0.00201	0.00351	0.01069	0.00498	0.00526
91	0.15011	0.02639	0.01292	0.01014	0.01369	0.05864	0.00828	0.42088	0.04377	0.10890	0.04816	0.01374	0.01076	0.00610	0.00474	0.00153	0.00510	0.00454	0.04396	0.00765
92	0.00744	0.00530	0.00639	0.00620	0.00763	0.00471	0.00462	0.00927	0.01298	0.05288	0.39936	0.12879	0.31192	0.01183	0.00607	0.00171	0.00264	0.01025	0.00526	0.00476
