[name]
unknown

[dist]
# distance from previous block
# <min> <max>
0	557

[block]
# block no. 0 follows, 54 sequences, length 24
# corresponding to MSA columns:
# 574-597
name=unknown_A
#
# <colnr> <probs for GDERKNQSTAVLIFYWHMCP>
#	G	D	E	R	K	N	Q	S	T	A	V	L	I	F	Y	W	H	M	C	P
0	0.14565	0.14080	0.05878	0.01002	0.04584	0.07201	0.02180	0.13756	0.09257	0.11811	0.02347	0.01472	0.02707	0.00568	0.00427	0.00141	0.00486	0.05016	0.00364	0.02158
1	0.13921	0.06346	0.09893	0.01045	0.05287	0.01099	0.03213	0.20072	0.07508	0.16089	0.04328	0.03599	0.01040	0.00554	0.00438	0.00142	0.00467	0.00439	0.00394	0.04125
2	0.08952	0.04270	0.17659	0.03730	0.04963	0.03839	0.00972	0.09160	0.13725	0.19083	0.02510	0.02429	0.00977	0.00535	0.00441	0.00143	0.00492	0.00423	0.00378	0.05317
3	0.12495	0.09896	0.09455	0.03435	0.03496	0.02349	0.06723	0.17891	0.02461	0.14362	0.06947	0.03547	0.01102	0.00551	0.00440	0.00141	0.00491	0.00446	0.00371	0.03402
4	0.09971	0.03458	0.17339	0.02358	0.12484	0.03235	0.05629	0.04945	0.01148	0.19303	0.03501	0.01495	0.01008	0.00538	0.00453	0.00144	0.00519	0.05290	0.00345	0.06835
5	0.06739	0.01174	0.09125	0.04908	0.08948	0.08404	0.03026	0.11182	0.02646	0.17393	0.08466	0.01558	0.04828	0.00608	0.01556	0.00147	0.00504	0.00464	0.00376	0.07949
6	0.06808	0.10602	0.18482	0.01127	0.07116	0.03271	0.02145	0.13125	0.05456	0.16101	0.04228	0.02734	0.00986	0.00526	0.00436	0.00137	0.00507	0.00417	0.00356	0.05441
7	0.02632	0.10363	0.05464	0.01075	0.05028	0.15498	0.06078	0.07451	0.08296	0.09364	0.07183	0.01421	0.03927	0.00535	0.00438	0.00127	0.00521	0.00431	0.00342	0.13826
8	0.05593	0.10841	0.24134	0.01107	0.02865	0.01154	0.05736	0.13507	0.10863	0.09765	0.03928	0.03576	0.01005	0.00538	0.00445	0.00142	0.00525	0.00437	0.00343	0.03496
9	0.01324	0.69942	0.04470	0.00873	0.01268	0.09460	0.00846	0.04971	0.01052	0.01209	0.00689	0.00789	0.00614	0.00420	0.00326	0.00106	0.00543	0.00268	0.00218	0.00611
10	0.00853	0.00662	0.00790	0.00679	0.00886	0.00614	0.00520	0.05775	0.08051	0.01788	0.40839	0.03902	0.04242	0.05757	0.00608	0.00151	0.00303	0.02042	0.00437	0.21102
11	0.00608	0.00446	0.00566	0.00610	0.00683	0.00410	0.00429	0.00739	0.01058	0.01422	0.27131	0.42872	0.14392	0.04199	0.00646	0.00183	0.00262	0.02484	0.00458	0.00402
12	0.00658	0.00477	0.00589	0.00565	0.00682	0.00435	0.00422	0.00858	0.01257	0.01755	0.60073	0.05482	0.17890	0.00993	0.00544	0.00149	0.00226	0.00865	0.05645	0.00435
13	0.01113	0.01272	0.02782	0.01987	0.02464	0.01192	0.78776	0.01510	0.01113	0.01510	0.00954	0.01272	0.00715	0.00397	0.00556	0.00159	0.00795	0.00556	0.00238	0.00636
14	0.00679	0.00499	0.00738	0.00738	0.00815	0.00575	0.00565	0.00825	0.00749	0.01074	0.01261	0.01912	0.01199	0.08275	0.74089	0.03649	0.01185	0.00513	0.00253	0.00405
15	0.00640	0.00478	0.00595	0.00572	0.00690	0.00432	0.00427	0.00835	0.01262	0.01732	0.61164	0.07339	0.20025	0.01035	0.00558	0.00153	0.00228	0.00904	0.00499	0.00432
16	0.00660	0.00482	0.00621	0.00586	0.00700	0.00442	0.00439	0.00876	0.01318	0.01852	0.75444	0.03587	0.09269	0.00979	0.00556	0.00149	0.00223	0.00862	0.00514	0.00442
17	0.00576	0.00429	0.00537	0.00613	0.00675	0.00390	0.00421	0.00675	0.00967	0.01260	0.07760	0.61054	0.20157	0.01384	0.00589	0.00182	0.00263	0.01235	0.00443	0.00390
18	0.00890	0.00838	0.01414	0.82296	0.03247	0.01048	0.01309	0.01205	0.00943	0.01205	0.00838	0.01257	0.00629	0.00471	0.00471	0.00157	0.00629	0.00419	0.00210	0.00524
19	0.00970	0.01018	0.06609	0.55188	0.24537	0.01071	0.01375	0.01290	0.00982	0.01316	0.00852	0.01216	0.00659	0.00456	0.00469	0.00152	0.00614	0.00415	0.00215	0.00596
20	0.01261	0.83713	0.02471	0.00807	0.01210	0.01866	0.00807	0.01412	0.00958	0.01109	0.00656	0.00756	0.00605	0.00403	0.00303	0.00101	0.00504	0.00252	0.00202	0.00605
21	0.00574	0.00410	0.00547	0.00657	0.00684	0.00383	0.00438	0.00657	0.00903	0.01204	0.02599	0.83122	0.03119	0.01477	0.00602	0.00191	0.00274	0.01340	0.00438	0.00383
22	0.08981	0.00532	0.00583	0.00553	0.00708	0.00490	0.00416	0.00875	0.01029	0.06894	0.13439	0.03349	0.44667	0.01119	0.00729	0.13752	0.00287	0.00777	0.00408	0.00413
23	0.05667	0.49762	0.11221	0.05935	0.06482	0.01520	0.03739	0.01454	0.03207	0.03829	0.00837	0.02965	0.00718	0.00454	0.00366	0.00122	0.00528	0.00337	0.00236	0.00621

[dist]
# distance from previous block
# <min> <max>
0	2

[block]
# block no. 1 follows, 54 sequences, length 34
# corresponding to MSA columns:
# 600-633
name=unknown_B
#
# <colnr> <probs for GDERKNQSTAVLIFYWHMCP>
#	G	D	E	R	K	N	Q	S	T	A	V	L	I	F	Y	W	H	M	C	P
0	0.19301	0.01102	0.04028	0.05873	0.13482	0.03230	0.00893	0.13878	0.19485	0.12263	0.01235	0.01263	0.00906	0.00525	0.00433	0.00148	0.00465	0.00414	0.00383	0.00693
1	0.00819	0.00410	0.00614	0.00614	0.00614	0.00410	0.00410	0.00614	0.00614	0.00819	0.00819	0.01433	0.00819	0.01638	0.01843	0.86282	0.00410	0.00410	0.00205	0.00205
2	0.01022	0.00864	0.01001	0.00719	0.01136	0.00674	0.00577	0.05392	0.01045	0.01614	0.00854	0.00986	0.00704	0.00361	0.00356	0.00074	0.00358	0.00287	0.00290	0.81687
3	0.00699	0.00504	0.00640	0.00740	0.00784	0.00467	0.00500	0.00781	0.02470	0.01322	0.02657	0.78007	0.03132	0.01507	0.00642	0.00209	0.00317	0.03704	0.00470	0.00446
4	0.86760	0.00912	0.00693	0.00620	0.00912	0.01058	0.00511	0.01386	0.00802	0.02115	0.00657	0.00766	0.00511	0.00438	0.00292	0.00146	0.00365	0.00255	0.00292	0.00511
5	0.01766	0.01235	0.01352	0.01033	0.01412	0.01327	0.00852	0.65844	0.02043	0.10536	0.01183	0.01168	0.00830	0.00552	0.00463	0.00137	0.00495	0.00419	0.00469	0.06881
6	0.00665	0.00493	0.00623	0.00601	0.00714	0.00460	0.00446	0.00903	0.04034	0.01766	0.62479	0.11398	0.11594	0.01025	0.00558	0.00154	0.00234	0.00903	0.00502	0.00445
7	0.00718	0.00529	0.00646	0.00614	0.00745	0.00497	0.00469	0.05326	0.01298	0.01782	0.52519	0.06897	0.17861	0.01012	0.00553	0.00154	0.00256	0.05000	0.02671	0.00454
8	0.01617	0.00932	0.01093	0.00911	0.01226	0.00972	0.00729	0.05609	0.41628	0.37031	0.01860	0.01664	0.01292	0.00612	0.00477	0.00153	0.00392	0.00502	0.00526	0.00774
9	0.01113	0.01272	0.02782	0.01987	0.02464	0.01192	0.78776	0.01510	0.01113	0.01510	0.00954	0.01272	0.00715	0.00397	0.00556	0.00159	0.00795	0.00556	0.00238	0.00636
10	0.65197	0.00866	0.00768	0.00661	0.00957	0.00951	0.00543	0.01537	0.00940	0.17560	0.05457	0.01089	0.00865	0.00497	0.00343	0.00146	0.00364	0.00333	0.00362	0.00564
11	0.01019	0.00506	0.00534	0.00499	0.00641	0.00503	0.00383	0.04399	0.01069	0.08354	0.01548	0.01719	0.01188	0.00553	0.00347	0.00114	0.00247	0.00442	0.75450	0.00484
12	0.01032	0.01032	0.01444	0.01238	0.01238	0.01444	0.01032	0.01135	0.00722	0.01135	0.00619	0.01032	0.00619	0.00825	0.01547	0.00206	0.82567	0.00413	0.00206	0.00516
13	0.02115	0.00802	0.01094	0.00839	0.01204	0.00693	0.00693	0.02298	0.01350	0.80815	0.01860	0.01605	0.01167	0.00584	0.00474	0.00146	0.00401	0.00474	0.00584	0.00802
14	0.01920	0.01117	0.01289	0.00988	0.01360	0.01159	0.00816	0.48731	0.01875	0.33639	0.01419	0.01318	0.00946	0.00573	0.00473	0.00143	0.00472	0.00444	0.00516	0.00802
15	0.00836	0.00554	0.00709	0.00640	0.00784	0.00522	0.00489	0.05572	0.01388	0.07565	0.70022	0.03245	0.04001	0.00914	0.00545	0.00148	0.00253	0.00801	0.00521	0.00491
16	0.01991	0.00880	0.01120	0.00864	0.01218	0.00824	0.00712	0.16550	0.01493	0.62168	0.01707	0.01524	0.01101	0.00579	0.00466	0.00143	0.00414	0.00463	0.04998	0.00783
17	0.02066	0.00800	0.01084	0.00836	0.01194	0.00698	0.00689	0.02273	0.02957	0.77563	0.03483	0.01648	0.01241	0.00593	0.00476	0.00146	0.00397	0.00483	0.00580	0.00794
18	0.00628	0.00494	0.00572	0.00572	0.00703	0.00446	0.00431	0.00824	0.03572	0.01514	0.30910	0.10962	0.39932	0.01127	0.00564	0.00162	0.00252	0.05443	0.00467	0.00426
19	0.00802	0.00410	0.00609	0.00617	0.00619	0.00408	0.00412	0.00617	0.00635	0.00846	0.00946	0.07241	0.00982	0.01627	0.01755	0.80161	0.00400	0.00476	0.00221	0.00217
20	0.01364	0.01169	0.08743	0.01094	0.05830	0.06390	0.02032	0.26044	0.07387	0.11500	0.02776	0.15485	0.01411	0.00744	0.00498	0.00155	0.00483	0.04340	0.01892	0.00664
21	0.01089	0.01087	0.01237	0.01088	0.01158	0.12792	0.00874	0.05365	0.00895	0.01214	0.00841	0.01306	0.00807	0.07212	0.15762	0.00308	0.45791	0.00434	0.00240	0.00502
22	0.01001	0.00940	0.01584	0.32901	0.42945	0.01017	0.01292	0.01274	0.01006	0.01378	0.01043	0.09552	0.00943	0.00547	0.00482	0.00152	0.00557	0.00513	0.00245	0.00625
23	0.07571	0.57265	0.16497	0.00919	0.01340	0.01637	0.00969	0.01406	0.00937	0.01256	0.00688	0.00819	0.00598	0.00442	0.00411	0.00120	0.06026	0.00281	0.00208	0.00609
24	0.01255	0.49260	0.06652	0.00942	0.01255	0.06186	0.00892	0.01422	0.00954	0.05474	0.00759	0.00916	0.00659	0.00515	0.00593	0.00130	0.17968	0.00313	0.03260	0.00593
25	0.01203	0.08773	0.04563	0.00893	0.05476	0.02213	0.00713	0.04202	0.01095	0.12454	0.03419	0.01136	0.00870	0.00424	0.00385	0.00096	0.00408	0.00337	0.00322	0.51019
26	0.01187	0.21778	0.08961	0.01011	0.01318	0.01219	0.07694	0.12006	0.01197	0.07277	0.11990	0.05045	0.03173	0.00645	0.00601	0.00146	0.11845	0.00500	0.01802	0.00606
27	0.01157	0.00996	0.01052	0.00948	0.01210	0.01150	0.00737	0.02454	0.77158	0.01970	0.04398	0.01815	0.01535	0.00650	0.00482	0.00160	0.00368	0.00543	0.00481	0.00737
28	0.01030	0.00756	0.05287	0.06627	0.01219	0.00649	0.07221	0.04180	0.01130	0.17826	0.07329	0.26413	0.16468	0.00955	0.00538	0.00164	0.00392	0.00846	0.00428	0.00541
29	0.01493	0.09667	0.14656	0.04715	0.01687	0.01028	0.17247	0.02886	0.02194	0.33553	0.01312	0.03204	0.00928	0.00527	0.00501	0.00148	0.02714	0.00464	0.00377	0.00700
30	0.00674	0.00505	0.00758	0.00758	0.00842	0.00589	0.00589	0.00842	0.00758	0.01095	0.01263	0.01852	0.01179	0.03536	0.81561	0.00758	0.01263	0.00505	0.00253	0.00421
31	0.00835	0.00440	0.00463	0.00471	0.00573	0.00435	0.00348	0.01042	0.01005	0.01715	0.07233	0.09537	0.01619	0.00666	0.00371	0.00120	0.00225	0.00554	0.71913	0.00435
32	0.03910	0.05738	0.05916	0.03134	0.01430	0.01219	0.00877	0.44376	0.01755	0.23552	0.01272	0.01235	0.00872	0.00549	0.00455	0.00141	0.00491	0.00420	0.01894	0.00764
33	0.06465	0.08266	0.02302	0.00749	0.01145	0.00835	0.00625	0.07514	0.01081	0.05562	0.00939	0.03519	0.00783	0.00425	0.00367	0.00092	0.00383	0.00330	0.00307	0.58311

[dist]
# distance from previous block
# <min> <max>
0	3

[block]
# block no. 2 follows, 54 sequences, length 6
# corresponding to MSA columns:
# 637-642
name=unknown_C
#
# <colnr> <probs for GDERKNQSTAVLIFYWHMCP>
#	G	D	E	R	K	N	Q	S	T	A	V	L	I	F	Y	W	H	M	C	P
0	0.00753	0.00499	0.00572	0.00570	0.00719	0.00430	0.00421	0.00870	0.01062	0.10994	0.03830	0.25433	0.49734	0.01196	0.00559	0.00166	0.00268	0.01025	0.00456	0.00443
1	0.05778	0.65133	0.02153	0.00822	0.01207	0.05768	0.00783	0.01543	0.01017	0.10923	0.00807	0.00866	0.00669	0.00431	0.00329	0.00110	0.00502	0.00282	0.00255	0.00621
2	0.04438	0.01348	0.01339	0.07452	0.01520	0.14196	0.00906	0.44589	0.04326	0.02219	0.01013	0.01161	0.00780	0.03358	0.00635	0.00158	0.09095	0.00410	0.00375	0.00680
3	0.00760	0.00543	0.00760	0.00868	0.00977	0.00543	0.00760	0.00977	0.01085	0.01411	0.02496	0.05319	0.02714	0.01303	0.00651	0.00217	0.00434	0.77315	0.00434	0.00434
4	0.01048	0.01069	0.01431	0.18785	0.01687	0.06553	0.01084	0.01198	0.00810	0.01151	0.00674	0.01069	0.00620	0.00727	0.01242	0.00190	0.59528	0.00407	0.00209	0.00520
5	0.01167	0.01120	0.01914	0.02894	0.80488	0.01120	0.01447	0.01447	0.01074	0.01540	0.00887	0.01167	0.00747	0.00420	0.00467	0.00140	0.00560	0.00420	0.00233	0.00747

[dist]
# distance from previous block
# <min> <max>
0	76

[block]
# block no. 3 follows, 54 sequences, length 60
# corresponding to MSA columns:
# 719-721,731-787
name=unknown_D
#
# <colnr> <probs for GDERKNQSTAVLIFYWHMCP>
#	G	D	E	R	K	N	Q	S	T	A	V	L	I	F	Y	W	H	M	C	P
0	0.00667	0.00482	0.00630	0.00593	0.00704	0.00445	0.00445	0.00890	0.01335	0.01891	0.80239	0.03522	0.04449	0.00964	0.00556	0.00148	0.00222	0.00853	0.00519	0.00445
1	0.00995	0.00826	0.00913	0.00831	0.01043	0.00917	0.00640	0.01938	0.52113	0.01944	0.29449	0.02379	0.02497	0.00754	0.00507	0.00156	0.00320	0.00645	0.00494	0.00640
2	0.00580	0.00415	0.00554	0.00663	0.00693	0.00388	0.00448	0.00667	0.00909	0.01210	0.02595	0.80593	0.03105	0.01472	0.00603	0.00192	0.00279	0.03810	0.00438	0.00385
3	0.00959	0.02345	0.74667	0.01396	0.02075	0.01103	0.07967	0.01495	0.01005	0.01495	0.00855	0.01018	0.00607	0.00444	0.00457	0.00150	0.00705	0.00365	0.00202	0.00692
4	0.00694	0.00512	0.00653	0.00623	0.00738	0.00489	0.00465	0.00980	0.06592	0.01842	0.68797	0.09708	0.04140	0.00983	0.00555	0.00153	0.00237	0.00870	0.00510	0.00460
5	0.01152	0.01097	0.01838	0.02717	0.74074	0.01081	0.01375	0.01426	0.01066	0.01540	0.00883	0.01152	0.00743	0.00414	0.00457	0.00134	0.00543	0.00409	0.00237	0.07662
6	0.64941	0.06827	0.00935	0.00745	0.01035	0.16234	0.00606	0.01481	0.00913	0.01866	0.00670	0.00781	0.00535	0.00444	0.00318	0.00138	0.00466	0.00264	0.00276	0.00524
7	0.00950	0.02411	0.79144	0.01359	0.02051	0.01097	0.03557	0.01494	0.00998	0.01494	0.00849	0.01002	0.00600	0.00447	0.00451	0.00150	0.00699	0.00353	0.00200	0.00695
8	0.01420	0.00970	0.01071	0.00899	0.01194	0.06341	0.02318	0.03112	0.33837	0.25017	0.08479	0.01811	0.03877	0.00630	0.00475	0.00145	0.00406	0.00522	0.00476	0.06999
9	0.01153	0.01253	0.02715	0.01942	0.02414	0.01173	0.75675	0.01542	0.01122	0.04660	0.00990	0.01285	0.00733	0.00405	0.00553	0.00158	0.00779	0.00553	0.00252	0.00643
10	0.00592	0.00445	0.00553	0.00631	0.00706	0.00406	0.00454	0.00700	0.00973	0.01248	0.03204	0.51545	0.24957	0.01376	0.00595	0.00185	0.00283	0.10315	0.00437	0.00393
11	0.00792	0.00708	0.02466	0.29971	0.12733	0.00747	0.00924	0.01006	0.00976	0.01306	0.06771	0.31154	0.01907	0.02154	0.00561	0.00174	0.00454	0.04375	0.00327	0.00494
12	0.01675	0.01943	0.01367	0.07854	0.06992	0.62720	0.00965	0.03123	0.01302	0.06598	0.00832	0.00961	0.00660	0.00488	0.00436	0.00128	0.00777	0.00335	0.00266	0.00580
13	0.00629	0.00462	0.00587	0.00673	0.00719	0.00451	0.00454	0.00808	0.07254	0.01250	0.02484	0.72242	0.02907	0.05817	0.00689	0.00203	0.00291	0.01240	0.00433	0.00407
14	0.10960	0.01089	0.01217	0.00944	0.01304	0.01143	0.00779	0.43598	0.01760	0.28941	0.02708	0.01293	0.00957	0.00565	0.00455	0.00144	0.00458	0.00431	0.00491	0.00765
15	0.01007	0.05602	0.59383	0.01459	0.08257	0.01143	0.06976	0.01569	0.07364	0.01521	0.00936	0.01080	0.00686	0.00456	0.00453	0.00148	0.00658	0.00380	0.00227	0.00697
16	0.01139	0.01076	0.01845	0.02532	0.63369	0.01074	0.08773	0.01467	0.04191	0.01572	0.00987	0.01248	0.00809	0.00437	0.00465	0.00140	0.00548	0.00439	0.07178	0.00711
17	0.00574	0.00410	0.00547	0.00657	0.00684	0.00383	0.00438	0.00657	0.00903	0.01204	0.02599	0.83122	0.03119	0.01477	0.00602	0.00191	0.00274	0.01340	0.00438	0.00383
18	0.03191	0.01480	0.23237	0.05587	0.18263	0.05510	0.05521	0.04795	0.17408	0.05926	0.02684	0.02294	0.00954	0.00517	0.00467	0.00149	0.00566	0.00444	0.00312	0.00694
19	0.03578	0.01027	0.06677	0.00913	0.01277	0.02039	0.00789	0.16014	0.06962	0.48262	0.01712	0.04425	0.02885	0.00616	0.00474	0.00148	0.00439	0.00496	0.00510	0.00757
20	0.32044	0.00956	0.03597	0.00875	0.04273	0.02683	0.00704	0.04355	0.01160	0.42924	0.01313	0.01238	0.00875	0.00518	0.00407	0.00145	0.00418	0.00385	0.00443	0.00688
21	0.77978	0.05007	0.02694	0.00660	0.00970	0.01110	0.00566	0.03744	0.00858	0.02078	0.00675	0.00782	0.00526	0.00440	0.00301	0.00144	0.00384	0.00262	0.00291	0.00528
22	0.00595	0.00479	0.00530	0.00518	0.00660	0.00414	0.00388	0.00750	0.01164	0.01487	0.30806	0.04187	0.54135	0.01115	0.00557	0.00155	0.00233	0.00946	0.00466	0.00414
23	0.08261	0.05843	0.12175	0.08081	0.04572	0.00932	0.00901	0.08240	0.02104	0.33169	0.03096	0.05124	0.04255	0.00598	0.00456	0.00147	0.00465	0.00484	0.00415	0.00684
24	0.01012	0.01002	0.01406	0.01211	0.01216	0.01397	0.01007	0.01119	0.00724	0.01133	0.00655	0.01077	0.00650	0.00975	0.05969	0.00237	0.78073	0.00418	0.00209	0.00511
25	0.01148	0.01071	0.01787	0.02665	0.72510	0.01076	0.01349	0.01458	0.03621	0.01569	0.00964	0.01226	0.00801	0.00436	0.00458	0.00139	0.00531	0.00425	0.06040	0.00726
26	0.00593	0.00425	0.00564	0.00644	0.00688	0.00395	0.00439	0.00703	0.00989	0.01340	0.18054	0.67276	0.03383	0.01375	0.00593	0.00183	0.00263	0.01243	0.00454	0.00395
27	0.00819	0.00410	0.00614	0.00614	0.00614	0.00410	0.00410	0.00614	0.00614	0.00819	0.00819	0.01433	0.00819	0.01638	0.01843	0.86282	0.00410	0.00410	0.00205	0.00205
28	0.00616	0.00492	0.00564	0.00582	0.00722	0.00440	0.00459	0.00769	0.01095	0.01367	0.12972	0.04473	0.52559	0.01281	0.03758	0.00193	0.00317	0.16490	0.00439	0.00412
29	0.00946	0.02439	0.80987	0.01344	0.02041	0.01095	0.01742	0.01493	0.00995	0.01493	0.00846	0.00995	0.00597	0.00448	0.00448	0.00149	0.00697	0.00348	0.00199	0.00697
30	0.01113	0.01272	0.02782	0.01987	0.02464	0.01192	0.78776	0.01510	0.01113	0.01510	0.00954	0.01272	0.00715	0.00397	0.00556	0.00159	0.00795	0.00556	0.00238	0.00636
31	0.00978	0.00838	0.00978	0.00698	0.01117	0.00629	0.00559	0.01187	0.00978	0.01536	0.00838	0.00978	0.00698	0.00349	0.00349	0.00070	0.00349	0.00279	0.00279	0.86312
32	0.00946	0.02439	0.80987	0.01344	0.02041	0.01095	0.01742	0.01493	0.00995	0.01493	0.00846	0.00995	0.00597	0.00448	0.00448	0.00149	0.00697	0.00348	0.00199	0.00697
33	0.01699	0.16953	0.01523	0.01110	0.01392	0.60507	0.00874	0.01831	0.01268	0.07583	0.00807	0.00894	0.00652	0.00479	0.00407	0.00120	0.00751	0.00308	0.00263	0.00578
34	0.00612	0.00488	0.00545	0.00543	0.00665	0.00450	0.00395	0.00756	0.02753	0.01266	0.09938	0.06250	0.49473	0.12791	0.10724	0.00274	0.00397	0.00881	0.00402	0.00397
35	0.01092	0.00834	0.00989	0.00712	0.01126	0.00635	0.00572	0.01298	0.01015	0.09467	0.00940	0.01040	0.00745	0.00373	0.00362	0.00077	0.00354	0.00299	0.00310	0.77758
36	0.01185	0.01019	0.01073	0.00962	0.01231	0.01178	0.00749	0.03973	0.78150	0.01992	0.01904	0.01747	0.01427	0.00638	0.00480	0.00160	0.00376	0.00531	0.00480	0.00747
37	0.00962	0.00464	0.00484	0.00466	0.00594	0.00457	0.00354	0.01180	0.01013	0.07100	0.01560	0.01748	0.01206	0.00552	0.00339	0.00112	0.00232	0.00442	0.80272	0.00464
38	0.00572	0.00427	0.00533	0.00614	0.00674	0.00388	0.00420	0.00666	0.00951	0.01234	0.04715	0.63456	0.20831	0.01402	0.00591	0.00183	0.00265	0.01251	0.00439	0.00388
39	0.02115	0.00802	0.01094	0.00839	0.01204	0.00693	0.00693	0.02298	0.01350	0.80815	0.01860	0.01605	0.01167	0.00584	0.00474	0.00146	0.00401	0.00474	0.00584	0.00802
40	0.01157	0.00992	0.01044	0.00941	0.01202	0.01145	0.00731	0.02447	0.76733	0.01957	0.01952	0.01800	0.02585	0.00646	0.00478	0.00159	0.00368	0.00538	0.02390	0.00734
41	0.01170	0.01002	0.01629	0.25604	0.44738	0.01066	0.01285	0.01537	0.07409	0.08403	0.01041	0.01279	0.00805	0.00467	0.00470	0.00147	0.00551	0.00434	0.00277	0.00687
42	0.01015	0.00837	0.00982	0.00703	0.01120	0.00631	0.00563	0.01223	0.00990	0.04110	0.00871	0.00998	0.00714	0.00357	0.00353	0.00072	0.00351	0.00286	0.00289	0.83536
43	0.00737	0.00558	0.00879	0.00814	0.00934	0.00618	0.06873	0.00931	0.00818	0.01217	0.01275	0.01793	0.01145	0.02881	0.64084	0.00622	0.01085	0.00500	0.11796	0.00441
44	0.00976	0.06433	0.01204	0.08972	0.04473	0.00840	0.03251	0.02195	0.03219	0.01426	0.01019	0.08859	0.00939	0.00557	0.00521	0.02728	0.05672	0.00428	0.00280	0.46006
45	0.01152	0.01105	0.01886	0.07335	0.76168	0.01116	0.01439	0.01433	0.01066	0.01522	0.00884	0.01172	0.00740	0.00423	0.00467	0.00141	0.00564	0.00420	0.00232	0.00734
46	0.01714	0.04633	0.06833	0.01091	0.01491	0.01453	0.00950	0.70640	0.02085	0.02799	0.01094	0.01108	0.00780	0.00552	0.00463	0.00140	0.00530	0.00413	0.00443	0.00787
47	0.00973	0.09885	0.10896	0.03586	0.01513	0.00928	0.22531	0.02293	0.02193	0.05765	0.10479	0.07466	0.14372	0.03395	0.00571	0.00162	0.00512	0.01585	0.00335	0.00559
48	0.00701	0.00492	0.00621	0.00584	0.00711	0.00445	0.00440	0.00902	0.01284	0.04681	0.63366	0.05221	0.16789	0.00998	0.00554	0.00151	0.00233	0.00872	0.00506	0.00449
49	0.16464	0.01113	0.01203	0.00940	0.01297	0.01192	0.00776	0.44678	0.03313	0.22490	0.01250	0.01201	0.00857	0.00550	0.00442	0.00144	0.00460	0.00410	0.00469	0.00751
50	0.01525	0.04419	0.01451	0.01082	0.01418	0.01273	0.07063	0.48215	0.02796	0.06325	0.02042	0.06658	0.00989	0.00616	0.00546	0.00145	0.06046	0.00488	0.00415	0.06489
51	0.00827	0.00616	0.03865	0.00692	0.00767	0.00600	0.00509	0.00912	0.00799	0.07487	0.02599	0.11063	0.01632	0.43354	0.14821	0.00415	0.07657	0.00674	0.00314	0.00398
52	0.00677	0.00453	0.00517	0.00526	0.00528	0.00451	0.00298	0.00683	0.00703	0.00938	0.01576	0.09553	0.01828	0.76807	0.02255	0.00436	0.00442	0.00739	0.00298	0.00294
53	0.01119	0.01070	0.01813	0.09788	0.70535	0.01085	0.01392	0.01395	0.01062	0.01500	0.01036	0.01308	0.03879	0.00455	0.00471	0.00142	0.00553	0.00443	0.00239	0.00713
54	0.01150	0.01093	0.01846	0.11851	0.69981	0.01120	0.01419	0.03140	0.01084	0.01534	0.00887	0.01176	0.00735	0.00429	0.00467	0.00142	0.00567	0.00420	0.00236	0.00723
55	0.00628	0.00418	0.00529	0.00613	0.00650	0.00397	0.00410	0.00724	0.00898	0.01261	0.02353	0.64728	0.02725	0.07983	0.00708	0.00201	0.00281	0.01155	0.12954	0.00383
56	0.01210	0.01232	0.01856	0.02454	0.58461	0.09680	0.08423	0.01478	0.01098	0.01496	0.00872	0.01127	0.00725	0.00419	0.00461	0.00134	0.00596	0.00409	0.00239	0.07630
57	0.00574	0.00410	0.00547	0.00657	0.00684	0.00383	0.00438	0.00657	0.00903	0.01204	0.02599	0.83122	0.03119	0.01477	0.00602	0.00191	0.00274	0.01340	0.00438	0.00383
58	0.01074	0.00539	0.00576	0.00526	0.00682	0.00537	0.00407	0.06550	0.01111	0.10288	0.01545	0.01699	0.01176	0.00554	0.00355	0.00116	0.00260	0.00442	0.71061	0.00503
59	0.01169	0.01109	0.01868	0.07739	0.73322	0.01126	0.01422	0.03785	0.01100	0.01563	0.00891	0.01171	0.00741	0.00428	0.00467	0.00141	0.00563	0.00420	0.00239	0.00735

[dist]
# distance from previous block
# <min> <max>
0	54

# created by:
# /st0/software/busco_prod/Augustus/scripts/msa2prfl.pl ./align_prep/192376.fa
