[name]
unknown

[dist]
# distance from previous block
# <min> <max>
6	353

[block]
# block no. 0 follows, 50 sequences, length 6
# corresponding to MSA columns:
# 375-380
name=unknown_A
#
# <colnr> <probs for GDERKNQSTAVLIFYWHMCP>
#	G	D	E	R	K	N	Q	S	T	A	V	L	I	F	Y	W	H	M	C	P
0	0.09875	0.01143	0.06900	0.05689	0.03182	0.06463	0.00854	0.06475	0.21531	0.18612	0.06662	0.04499	0.04632	0.00672	0.00491	0.00159	0.00470	0.00544	0.00448	0.00699
1	0.11045	0.08366	0.12610	0.00865	0.01167	0.00893	0.03659	0.01412	0.06722	0.09373	0.26161	0.02301	0.04796	0.07753	0.00668	0.00182	0.00428	0.00607	0.00409	0.00584
2	0.01404	0.28376	0.10781	0.01020	0.03199	0.09100	0.00928	0.10742	0.06306	0.07676	0.01087	0.01177	0.00851	0.00617	0.03162	0.00152	0.00572	0.00375	0.07627	0.04850
3	0.06553	0.00742	0.05943	0.03615	0.01015	0.00662	0.00643	0.02990	0.06300	0.08123	0.08300	0.08551	0.06056	0.01212	0.01088	0.33853	0.00419	0.03130	0.00355	0.00450
4	0.01168	0.00792	0.01099	0.01235	0.17534	0.00767	0.00779	0.09322	0.01393	0.14274	0.30262	0.09658	0.07919	0.00854	0.00549	0.00159	0.00380	0.00750	0.00477	0.00628
5	0.01443	0.10100	0.15523	0.13092	0.13680	0.01144	0.03154	0.08253	0.01255	0.20357	0.01163	0.01266	0.00834	0.00505	0.00469	0.00145	0.00570	0.00419	0.00347	0.06280

[dist]
# distance from previous block
# <min> <max>
8	16

[block]
# block no. 1 follows, 50 sequences, length 29
# corresponding to MSA columns:
# 397-425
name=unknown_B
#
# <colnr> <probs for GDERKNQSTAVLIFYWHMCP>
#	G	D	E	R	K	N	Q	S	T	A	V	L	I	F	Y	W	H	M	C	P
0	0.01398	0.65712	0.07803	0.00927	0.01371	0.01834	0.00929	0.10294	0.01180	0.03483	0.00798	0.00886	0.00679	0.00454	0.00356	0.00116	0.00546	0.00301	0.00256	0.00676
1	0.11180	0.02680	0.01442	0.09055	0.15124	0.05582	0.03330	0.19518	0.17039	0.05383	0.01263	0.01409	0.00968	0.00566	0.00476	0.00155	0.00534	0.02033	0.01538	0.00725
2	0.00903	0.00834	0.01390	0.72011	0.03121	0.01027	0.01278	0.01207	0.00992	0.01273	0.01100	0.10630	0.00967	0.00621	0.00514	0.00170	0.00621	0.00555	0.00249	0.00537
3	0.06875	0.00839	0.00960	0.00727	0.01113	0.00666	0.00572	0.01205	0.01012	0.01626	0.01087	0.10353	0.01019	0.00513	0.00396	0.00094	0.00361	0.00423	0.00315	0.69842
4	0.00743	0.00720	0.00619	0.00602	0.00777	0.09637	0.00452	0.00876	0.01185	0.01371	0.09046	0.04283	0.65620	0.01161	0.00573	0.00163	0.00326	0.00959	0.00444	0.00442
5	0.00729	0.00538	0.00705	0.00783	0.00899	0.00514	0.00649	0.00922	0.01147	0.01483	0.10069	0.14092	0.18384	0.01343	0.00653	0.00208	0.00378	0.45590	0.00468	0.00446
6	0.00619	0.00445	0.00604	0.00706	0.00742	0.00430	0.00481	0.00717	0.00937	0.01259	0.02585	0.72928	0.03061	0.01812	0.09827	0.00271	0.00410	0.01315	0.00440	0.00409
7	0.00710	0.00482	0.00570	0.00583	0.00594	0.00486	0.00348	0.00736	0.00758	0.01018	0.01686	0.12228	0.01934	0.66372	0.09051	0.00478	0.00534	0.00788	0.00317	0.00326
8	0.01437	0.73354	0.02444	0.00857	0.01279	0.01830	0.00839	0.01600	0.01060	0.10211	0.00840	0.00903	0.00708	0.00448	0.00341	0.00112	0.00521	0.00294	0.00260	0.00664
9	0.86003	0.00964	0.00733	0.00655	0.00964	0.01118	0.00540	0.01465	0.00848	0.02236	0.00694	0.00810	0.00540	0.00463	0.00308	0.00154	0.00386	0.00270	0.00308	0.00540
10	0.00699	0.00509	0.00657	0.00620	0.00741	0.00468	0.00465	0.00928	0.01396	0.01963	0.75050	0.03782	0.08785	0.01032	0.00588	0.00157	0.00236	0.00910	0.00544	0.00468
11	0.00929	0.00465	0.00465	0.00465	0.00581	0.00465	0.00348	0.01161	0.01045	0.01858	0.01626	0.01858	0.01278	0.00581	0.00348	0.00116	0.00232	0.00465	0.85250	0.00465
12	0.01862	0.02376	0.01413	0.01284	0.01541	0.80482	0.00963	0.01990	0.01413	0.01220	0.00770	0.00899	0.00642	0.00514	0.00449	0.00128	0.00899	0.00321	0.00257	0.00578
13	0.00631	0.00449	0.00597	0.00706	0.00742	0.00424	0.00485	0.00726	0.00960	0.01276	0.02675	0.71031	0.03179	0.05823	0.00741	0.00220	0.00315	0.08159	0.00454	0.00404
14	0.00929	0.00465	0.00465	0.00465	0.00581	0.00465	0.00348	0.01161	0.01045	0.01858	0.01626	0.01858	0.01278	0.00581	0.00348	0.00116	0.00232	0.00465	0.85250	0.00465
15	0.01863	0.02346	0.01415	0.01280	0.01541	0.78076	0.00963	0.04298	0.01441	0.01278	0.00783	0.00908	0.00648	0.00516	0.00451	0.00129	0.00888	0.00325	0.00264	0.00586
16	0.78340	0.01048	0.05088	0.00706	0.01040	0.01107	0.00618	0.01506	0.00880	0.04979	0.00751	0.00855	0.00570	0.00469	0.00324	0.00154	0.00406	0.00284	0.00314	0.00562
17	0.77177	0.00952	0.00777	0.00680	0.00996	0.01078	0.00560	0.01567	0.00909	0.10401	0.00828	0.00903	0.00613	0.00479	0.00329	0.00154	0.00390	0.00294	0.00341	0.00572
18	0.00705	0.00510	0.00666	0.00627	0.00745	0.00470	0.00470	0.00941	0.01411	0.01999	0.79110	0.03723	0.04703	0.01019	0.00588	0.00157	0.00235	0.00901	0.00549	0.00470
19	0.01305	0.01427	0.01614	0.35241	0.23579	0.25625	0.01294	0.01565	0.01163	0.01354	0.00864	0.01170	0.00692	0.00488	0.00482	0.00150	0.00717	0.00406	0.00239	0.00626
20	0.00725	0.00483	0.00544	0.00544	0.00544	0.00483	0.00302	0.00725	0.00725	0.00966	0.01571	0.03262	0.01812	0.82483	0.02537	0.00483	0.00483	0.00725	0.00302	0.00302
21	0.00827	0.00543	0.00722	0.00690	0.00826	0.00505	0.00540	0.01058	0.01371	0.07308	0.61838	0.03879	0.04177	0.01047	0.00598	0.00168	0.00283	0.12587	0.00539	0.00495
22	0.00884	0.00784	0.01244	0.50596	0.03708	0.00913	0.02330	0.03594	0.01055	0.01362	0.01643	0.17273	0.06745	0.00806	0.00543	0.00176	0.00550	0.04960	0.00308	0.00526
23	0.02680	0.43501	0.21136	0.01075	0.01553	0.07544	0.03738	0.01643	0.01093	0.09162	0.00885	0.00982	0.00700	0.00472	0.00417	0.00130	0.02020	0.00333	0.00259	0.00677
24	0.01621	0.01968	0.01368	0.03639	0.01487	0.58881	0.00950	0.01741	0.01256	0.01222	0.02912	0.01090	0.00788	0.02347	0.00739	0.03100	0.13709	0.00371	0.00257	0.00551
25	0.01333	0.82783	0.02612	0.00853	0.01279	0.01972	0.00853	0.01493	0.01013	0.01173	0.00693	0.00800	0.00640	0.00426	0.00320	0.00107	0.00533	0.00267	0.00213	0.00640
26	0.07032	0.00997	0.01338	0.34899	0.05777	0.03216	0.02085	0.06878	0.03800	0.04441	0.00971	0.01217	0.00745	0.00481	0.00467	0.00138	0.01700	0.00397	0.00294	0.23127
27	0.02936	0.01945	0.07181	0.05309	0.08129	0.45186	0.05494	0.10083	0.03515	0.04261	0.00933	0.01069	0.00726	0.00515	0.00472	0.00141	0.00771	0.00382	0.00297	0.00655
28	0.23546	0.00938	0.01316	0.47244	0.08786	0.01102	0.01125	0.02843	0.01020	0.06347	0.00911	0.01204	0.00680	0.00494	0.00448	0.00160	0.00568	0.00401	0.00276	0.00593

[dist]
# distance from previous block
# <min> <max>
0	4

[block]
# block no. 2 follows, 50 sequences, length 34
# corresponding to MSA columns:
# 430-463
name=unknown_C
#
# <colnr> <probs for GDERKNQSTAVLIFYWHMCP>
#	G	D	E	R	K	N	Q	S	T	A	V	L	I	F	Y	W	H	M	C	P
0	0.02670	0.01158	0.04246	0.34674	0.14313	0.04422	0.01209	0.18126	0.06683	0.01854	0.04992	0.01407	0.00983	0.00550	0.00497	0.00157	0.00595	0.00465	0.00325	0.00674
1	0.00631	0.00501	0.00566	0.00579	0.00710	0.00445	0.00430	0.00771	0.01125	0.01418	0.15468	0.13214	0.48647	0.05463	0.03504	0.00212	0.00315	0.05117	0.00461	0.00423
2	0.00941	0.00886	0.01495	0.81285	0.03433	0.01107	0.01384	0.01274	0.00997	0.01274	0.00886	0.01329	0.00664	0.00498	0.00498	0.00166	0.00664	0.00443	0.00221	0.00554
3	0.00717	0.00505	0.00661	0.00676	0.00720	0.00538	0.00468	0.00806	0.00796	0.01094	0.01627	0.08168	0.01761	0.41650	0.32262	0.00571	0.00796	0.05500	0.00309	0.00374
4	0.01403	0.01700	0.40550	0.01177	0.01718	0.00940	0.04808	0.01799	0.01214	0.28818	0.06259	0.01619	0.04551	0.00589	0.00501	0.00157	0.00580	0.00488	0.00386	0.00742
5	0.02036	0.00866	0.01144	0.00869	0.01264	0.00739	0.00714	0.03856	0.01383	0.65546	0.01777	0.01579	0.01146	0.00577	0.00480	0.00141	0.00418	0.00467	0.00563	0.14435
6	0.00607	0.00434	0.00578	0.00694	0.00723	0.00405	0.00463	0.00694	0.00954	0.01272	0.02747	0.82157	0.03297	0.01562	0.00636	0.00202	0.00289	0.01417	0.00463	0.00405
7	0.01176	0.01345	0.02941	0.02101	0.02605	0.01261	0.77563	0.01597	0.01176	0.01597	0.01008	0.01345	0.00756	0.00420	0.00588	0.00168	0.00840	0.00588	0.00252	0.00672
8	0.01895	0.01396	0.01496	0.01147	0.01546	0.01546	0.00947	0.77711	0.02344	0.03141	0.01197	0.01197	0.00848	0.00598	0.00499	0.00150	0.00548	0.00449	0.00499	0.00848
9	0.01103	0.07171	0.64501	0.01333	0.01997	0.06642	0.01639	0.01601	0.01081	0.02965	0.00893	0.01038	0.00649	0.00471	0.00458	0.00148	0.00712	0.00358	0.00226	0.05014
10	0.04033	0.01009	0.02614	0.00953	0.01340	0.00948	0.00796	0.18175	0.05962	0.56092	0.01760	0.01569	0.01142	0.00610	0.00496	0.00154	0.00453	0.00486	0.00572	0.00836
11	0.86003	0.00964	0.00733	0.00655	0.00964	0.01118	0.00540	0.01465	0.00848	0.02236	0.00694	0.00810	0.00540	0.00463	0.00308	0.00154	0.00386	0.00270	0.00308	0.00540
12	0.01070	0.01003	0.01681	0.47125	0.32846	0.01131	0.01416	0.02848	0.01081	0.01454	0.00960	0.01407	0.00777	0.00503	0.00502	0.00161	0.00628	0.02515	0.00243	0.00648
13	0.01357	0.01179	0.01678	0.12503	0.38762	0.08699	0.03924	0.01717	0.07273	0.11510	0.01231	0.01575	0.00990	0.00550	0.00506	0.00156	0.00595	0.04744	0.00324	0.00723
14	0.00607	0.00434	0.00578	0.00694	0.00723	0.00405	0.00463	0.00694	0.00954	0.01272	0.02747	0.82157	0.03297	0.01562	0.00636	0.00202	0.00289	0.01417	0.00463	0.00405
15	0.00607	0.00434	0.00578	0.00694	0.00723	0.00405	0.00463	0.00694	0.00954	0.01272	0.02747	0.82157	0.03297	0.01562	0.00636	0.00202	0.00289	0.01417	0.00463	0.00405
16	0.00965	0.00951	0.04263	0.32153	0.03685	0.00953	0.20280	0.01267	0.01076	0.03720	0.01650	0.12269	0.07393	0.00744	0.00559	0.00175	0.00607	0.06416	0.00309	0.00566
17	0.01024	0.00992	0.01508	0.72343	0.05854	0.05615	0.01356	0.03005	0.01055	0.01324	0.00888	0.01298	0.00671	0.00500	0.00495	0.00163	0.00673	0.00436	0.00230	0.00570
18	0.01865	0.01262	0.01379	0.01065	0.01442	0.01368	0.00877	0.63011	0.02138	0.12268	0.01321	0.01306	0.00926	0.00599	0.00488	0.00148	0.00510	0.00456	0.06752	0.00820
19	0.86003	0.00964	0.00733	0.00655	0.00964	0.01118	0.00540	0.01465	0.00848	0.02236	0.00694	0.00810	0.00540	0.00463	0.00308	0.00154	0.00386	0.00270	0.00308	0.00540
20	0.00915	0.00850	0.01423	0.74938	0.03220	0.01052	0.01312	0.01228	0.00993	0.01273	0.01033	0.07694	0.00872	0.00582	0.00509	0.00169	0.00635	0.00520	0.00240	0.00542
21	0.01762	0.07036	0.01498	0.07381	0.01597	0.01108	0.07421	0.22619	0.02946	0.33798	0.01547	0.06570	0.01136	0.00633	0.00503	0.00155	0.00512	0.00532	0.00481	0.00765
22	0.01136	0.00897	0.01074	0.04674	0.01297	0.00736	0.00654	0.06183	0.01157	0.06146	0.04926	0.01232	0.00970	0.00437	0.00402	0.00092	0.00391	0.00355	0.00336	0.66906
23	0.01306	0.76363	0.08798	0.00898	0.01350	0.01907	0.00932	0.01499	0.01016	0.01205	0.00709	0.00820	0.00639	0.00430	0.00332	0.00111	0.00549	0.00275	0.00213	0.00647
24	0.01333	0.82783	0.02612	0.00853	0.01279	0.01972	0.00853	0.01493	0.01013	0.01173	0.00693	0.00800	0.00640	0.00426	0.00320	0.00107	0.00533	0.00267	0.00213	0.00640
25	0.00631	0.00543	0.00594	0.00590	0.00729	0.00506	0.00444	0.00751	0.01086	0.01326	0.04440	0.13355	0.64308	0.01266	0.00677	0.00176	0.06661	0.01045	0.00444	0.00429
26	0.01895	0.01396	0.01496	0.01147	0.01546	0.01546	0.00947	0.77711	0.02344	0.03141	0.01197	0.01197	0.00848	0.00598	0.00499	0.00150	0.00548	0.00449	0.00499	0.00848
27	0.01895	0.01396	0.01496	0.01147	0.01546	0.01546	0.00947	0.77711	0.02344	0.03141	0.01197	0.01197	0.00848	0.00598	0.00499	0.00150	0.00548	0.00449	0.00499	0.00848
28	0.00686	0.00509	0.00643	0.00633	0.00753	0.00466	0.00480	0.00892	0.01313	0.01798	0.55168	0.09065	0.17590	0.01125	0.00599	0.00167	0.00259	0.06877	0.00521	0.00457
29	0.00705	0.00510	0.00666	0.00627	0.00745	0.00470	0.00470	0.00941	0.01411	0.01999	0.79110	0.03723	0.04703	0.01019	0.00588	0.00157	0.00235	0.00901	0.00549	0.00470
30	0.00635	0.00451	0.00596	0.00698	0.00734	0.00426	0.00477	0.00730	0.00964	0.01285	0.04738	0.67697	0.03183	0.07977	0.00790	0.00226	0.00317	0.07223	0.00452	0.00403
31	0.00698	0.00509	0.00656	0.00619	0.00740	0.00467	0.00464	0.00926	0.01393	0.01957	0.74387	0.03792	0.09453	0.01035	0.00588	0.00158	0.00236	0.00911	0.00543	0.00467
32	0.00987	0.04796	0.71378	0.01355	0.02031	0.01140	0.01716	0.01522	0.01031	0.01533	0.00923	0.01116	0.00680	0.00729	0.06772	0.00207	0.00778	0.00378	0.00215	0.00711
33	0.01360	0.01276	0.03223	0.05322	0.53931	0.05754	0.07833	0.07604	0.01260	0.06131	0.01010	0.01247	0.00801	0.00470	0.00500	0.00150	0.00623	0.00452	0.00287	0.00766

[dist]
# distance from previous block
# <min> <max>
0	3

[block]
# block no. 3 follows, 50 sequences, length 10
# corresponding to MSA columns:
# 467-476
name=unknown_D
#
# <colnr> <probs for GDERKNQSTAVLIFYWHMCP>
#	G	D	E	R	K	N	Q	S	T	A	V	L	I	F	Y	W	H	M	C	P
0	0.08899	0.31296	0.10331	0.01014	0.01360	0.18059	0.02525	0.01491	0.01046	0.01329	0.00854	0.01078	0.00744	0.01066	0.15009	0.00251	0.02467	0.00349	0.00241	0.00592
1	0.10291	0.00912	0.01400	0.66497	0.03013	0.01111	0.01252	0.04244	0.01048	0.04336	0.00917	0.01281	0.00679	0.00503	0.00478	0.00164	0.00621	0.00426	0.00256	0.00574
2	0.01861	0.01304	0.01459	0.01131	0.01492	0.01449	0.00935	0.61856	0.02091	0.11941	0.01237	0.01246	0.00875	0.00626	0.00603	0.00156	0.07978	0.00454	0.00487	0.00820
3	0.00957	0.00704	0.00909	0.00837	0.00978	0.00793	0.00646	0.16632	0.01107	0.01538	0.01339	0.01979	0.01241	0.13788	0.53500	0.00624	0.01058	0.00542	0.00319	0.00508
4	0.00763	0.00645	0.00677	0.00645	0.00835	0.00629	0.00490	0.01218	0.20273	0.01603	0.12686	0.03950	0.51560	0.01090	0.00569	0.00167	0.00286	0.00914	0.00484	0.00517
5	0.01171	0.01134	0.01852	0.09814	0.53111	0.01262	0.01408	0.01425	0.01030	0.01490	0.00863	0.01207	0.00745	0.00555	0.00776	0.00167	0.20604	0.00442	0.00237	0.00708
6	0.01691	0.01172	0.01298	0.01041	0.01371	0.01265	0.00840	0.56908	0.02008	0.09686	0.01548	0.15995	0.01329	0.00776	0.00524	0.00160	0.00490	0.00630	0.00503	0.00767
7	0.01085	0.13756	0.47066	0.01123	0.01679	0.01104	0.01331	0.01485	0.01095	0.08503	0.01719	0.01756	0.14999	0.00623	0.00475	0.00152	0.00591	0.00490	0.00293	0.00675
8	0.20101	0.00873	0.01066	0.00837	0.01207	0.00815	0.00691	0.02224	0.01303	0.63195	0.01695	0.01507	0.01086	0.00584	0.00460	0.00154	0.00416	0.00452	0.00551	0.00782
9	0.00900	0.00670	0.00787	0.00699	0.00877	0.00657	0.00540	0.14888	0.01529	0.02083	0.50837	0.03467	0.18153	0.00989	0.00572	0.00158	0.00296	0.00848	0.00523	0.00530

[dist]
# distance from previous block
# <min> <max>
0	6

[block]
# block no. 4 follows, 50 sequences, length 12
# corresponding to MSA columns:
# 483-490,493-496
name=unknown_E
#
# <colnr> <probs for GDERKNQSTAVLIFYWHMCP>
#	G	D	E	R	K	N	Q	S	T	A	V	L	I	F	Y	W	H	M	C	P
0	0.00707	0.00532	0.00665	0.00737	0.00809	0.00532	0.00511	0.00997	0.12409	0.01436	0.07296	0.65540	0.03121	0.01398	0.00614	0.00195	0.00301	0.01260	0.00474	0.00465
1	0.01065	0.01043	0.01512	0.31901	0.25020	0.07184	0.01228	0.01311	0.01039	0.01366	0.01143	0.13157	0.01086	0.00679	0.00632	0.00169	0.09019	0.00577	0.00267	0.00602
2	0.00717	0.00602	0.00635	0.00610	0.00790	0.00568	0.00462	0.01078	0.14371	0.01569	0.15451	0.04138	0.54946	0.01126	0.00575	0.00167	0.00274	0.00946	0.00483	0.00491
3	0.06123	0.00717	0.00926	0.00850	0.01102	0.00655	0.00709	0.01499	0.01186	0.25927	0.02068	0.09343	0.01945	0.00954	0.00557	0.00177	0.00418	0.31249	0.00476	0.13121
4	0.02635	0.04095	0.26578	0.08012	0.18692	0.02408	0.19078	0.01582	0.01104	0.05998	0.00968	0.01204	0.00731	0.00482	0.00552	0.00159	0.04314	0.00446	0.00255	0.00708
5	0.00852	0.00590	0.00862	0.06381	0.01072	0.00681	0.00672	0.01044	0.00874	0.05716	0.01344	0.01856	0.01186	0.02897	0.59033	0.00627	0.04197	0.00515	0.09119	0.00481
6	0.00619	0.00463	0.00579	0.00667	0.00737	0.00423	0.00471	0.00727	0.01015	0.01309	0.03297	0.56996	0.21679	0.01474	0.00629	0.00196	0.00294	0.07550	0.00462	0.00413
7	0.09222	0.38922	0.04878	0.11294	0.01819	0.09788	0.14822	0.01536	0.01068	0.01381	0.00790	0.00985	0.00655	0.00448	0.00409	0.00134	0.00636	0.00357	0.00235	0.00622
8	0.01094	0.00941	0.04421	0.00873	0.01058	0.08205	0.00675	0.09281	0.12602	0.07040	0.03965	0.35579	0.03679	0.07333	0.00713	0.00200	0.00431	0.00904	0.00443	0.00563
9	0.00994	0.00844	0.00991	0.00734	0.01138	0.00640	0.00579	0.01203	0.01026	0.01591	0.01060	0.08626	0.00978	0.00481	0.00394	0.00086	0.00362	0.00400	0.00311	0.77563
10	0.00872	0.00613	0.00715	0.00682	0.00763	0.00630	0.00460	0.12097	0.01083	0.01463	0.09797	0.18308	0.02234	0.42662	0.05153	0.00360	0.00467	0.00829	0.00386	0.00426
11	0.00937	0.00783	0.00942	0.00738	0.01083	0.00622	0.00575	0.01134	0.00998	0.01524	0.01207	0.13088	0.01168	0.00895	0.08742	0.00168	0.00458	0.00485	0.00317	0.64134

[dist]
# distance from previous block
# <min> <max>
1	2

[block]
# block no. 5 follows, 50 sequences, length 10
# corresponding to MSA columns:
# 499-508
name=unknown_F
#
# <colnr> <probs for GDERKNQSTAVLIFYWHMCP>
#	G	D	E	R	K	N	Q	S	T	A	V	L	I	F	Y	W	H	M	C	P
0	0.00691	0.00555	0.00856	0.00837	0.00943	0.00517	0.08990	0.00844	0.01064	0.01427	0.13791	0.53924	0.08000	0.01330	0.00623	0.00191	0.00347	0.04171	0.00452	0.00447
1	0.11627	0.00922	0.01146	0.00890	0.01268	0.00866	0.00735	0.10638	0.01463	0.62537	0.01738	0.01542	0.01113	0.00598	0.00479	0.00154	0.00434	0.00469	0.00569	0.00813
2	0.01154	0.00723	0.00852	0.00740	0.00940	0.00692	0.00549	0.09849	0.04700	0.14874	0.06183	0.07815	0.08496	0.26394	0.01153	0.00256	0.00417	0.03853	0.00431	0.09927
3	0.01007	0.00554	0.00687	0.00656	0.00760	0.00518	0.00449	0.01088	0.00980	0.17314	0.05408	0.18565	0.06598	0.39190	0.01495	0.00321	0.00409	0.03127	0.00423	0.00453
4	0.19269	0.00629	0.00712	0.00706	0.00867	0.00621	0.00519	0.01178	0.01022	0.15760	0.02267	0.43331	0.06741	0.03333	0.00590	0.00189	0.00338	0.00963	0.00453	0.00513
5	0.10533	0.05446	0.01802	0.01492	0.09664	0.03696	0.26563	0.08965	0.01194	0.01718	0.04464	0.12872	0.01303	0.04331	0.00652	0.00178	0.03559	0.00630	0.00324	0.00615
6	0.00729	0.00504	0.00590	0.00592	0.00656	0.00479	0.00390	0.00813	0.00919	0.01263	0.10620	0.12765	0.08549	0.43936	0.01600	0.00333	0.00392	0.05005	0.05686	0.04182
7	0.00889	0.00767	0.09440	0.00744	0.00932	0.00576	0.00636	0.01096	0.01175	0.09402	0.32096	0.07885	0.08446	0.16502	0.00949	0.00228	0.00379	0.06908	0.00453	0.00497
8	0.01034	0.00886	0.01034	0.00738	0.01181	0.00664	0.00591	0.01255	0.01034	0.01624	0.00886	0.01034	0.00738	0.00369	0.00369	0.00074	0.00369	0.00295	0.00295	0.85530
9	0.00739	0.00719	0.05897	0.05560	0.01209	0.00612	0.10124	0.00916	0.00993	0.01330	0.02290	0.52078	0.04193	0.05580	0.00715	0.00209	0.00426	0.05545	0.00398	0.00465

[dist]
# distance from previous block
# <min> <max>
0	6

[block]
# block no. 6 follows, 50 sequences, length 22
# corresponding to MSA columns:
# 515-536
name=unknown_G
#
# <colnr> <probs for GDERKNQSTAVLIFYWHMCP>
#	G	D	E	R	K	N	Q	S	T	A	V	L	I	F	Y	W	H	M	C	P
0	0.00867	0.00532	0.00603	0.00567	0.00648	0.00506	0.00363	0.00944	0.00857	0.05302	0.01574	0.04778	0.01624	0.53010	0.01766	0.00352	0.00416	0.00643	0.16962	0.07687
1	0.17521	0.00611	0.00675	0.00655	0.00813	0.00602	0.00488	0.01078	0.01100	0.08965	0.20628	0.21574	0.13756	0.06945	0.00680	0.00194	0.00320	0.02454	0.00456	0.00484
2	0.05437	0.00963	0.01584	0.58038	0.21801	0.01127	0.01376	0.01346	0.01023	0.01410	0.00889	0.01279	0.00688	0.00483	0.00487	0.00161	0.00632	0.00434	0.00232	0.00610
3	0.01271	0.64525	0.02360	0.16620	0.01708	0.03965	0.00960	0.01463	0.01021	0.01194	0.00733	0.00906	0.00645	0.00443	0.00358	0.00119	0.00569	0.00303	0.00216	0.00621
4	0.01002	0.00595	0.00740	0.00710	0.00836	0.00568	0.00521	0.01162	0.03971	0.14005	0.06012	0.08703	0.05119	0.34647	0.01390	0.00306	0.00427	0.15485	0.00421	0.03380
5	0.01157	0.00615	0.00792	0.00710	0.00880	0.00570	0.00530	0.01359	0.03871	0.23886	0.29512	0.09867	0.03936	0.16911	0.00949	0.00227	0.00354	0.02818	0.00507	0.00549
6	0.00712	0.00534	0.00801	0.00801	0.00890	0.00623	0.00623	0.00890	0.00801	0.01157	0.01335	0.01958	0.01246	0.03738	0.80507	0.00801	0.01335	0.00534	0.00267	0.00445
7	0.05363	0.48324	0.09219	0.01165	0.01625	0.01681	0.15960	0.08649	0.01165	0.01526	0.00819	0.00966	0.00676	0.00447	0.00402	0.00129	0.00605	0.00356	0.00252	0.00669
8	0.01364	0.01519	0.01210	0.01101	0.01303	0.41537	0.06390	0.01514	0.01266	0.04336	0.08720	0.24154	0.01802	0.00854	0.00527	0.00156	0.00642	0.00711	0.00356	0.00536
9	0.00650	0.00505	0.00591	0.00574	0.00712	0.00446	0.00429	0.00832	0.01274	0.01684	0.43582	0.06327	0.38315	0.01144	0.00590	0.00163	0.00244	0.00983	0.00508	0.00446
10	0.01968	0.00767	0.01057	0.00840	0.01150	0.00674	0.00674	0.02081	0.01274	0.64272	0.01751	0.01661	0.01162	0.00835	0.00785	0.16872	0.00426	0.00488	0.00538	0.00725
11	0.01642	0.15309	0.16958	0.01204	0.01594	0.44754	0.01096	0.01870	0.01278	0.08626	0.00894	0.00987	0.00695	0.00501	0.00438	0.00133	0.00763	0.00338	0.00274	0.00644
12	0.01712	0.02101	0.01437	0.01286	0.01496	0.63205	0.00988	0.03572	0.01307	0.01260	0.00757	0.00943	0.00649	0.00586	0.00683	0.00146	0.16693	0.00347	0.00255	0.00578
13	0.01018	0.16929	0.01714	0.65529	0.03011	0.01277	0.01280	0.01316	0.01000	0.01254	0.00848	0.01225	0.00660	0.00484	0.00463	0.00154	0.00639	0.00408	0.00220	0.00571
14	0.01046	0.00648	0.00939	0.00865	0.01004	0.00729	0.00688	0.01221	0.00920	0.16550	0.01395	0.01826	0.01188	0.02859	0.57457	0.00620	0.08663	0.00518	0.00331	0.00533
15	0.01362	0.00943	0.01100	0.01066	0.08446	0.02995	0.00756	0.15622	0.15085	0.16561	0.03297	0.06214	0.16634	0.05058	0.00635	0.00179	0.00431	0.02466	0.00473	0.00678
16	0.00674	0.00483	0.00588	0.00633	0.00710	0.00446	0.00441	0.00781	0.01024	0.02584	0.11314	0.35274	0.20737	0.16035	0.00965	0.00241	0.00323	0.05895	0.00445	0.00408
17	0.00700	0.00478	0.00577	0.00620	0.00638	0.00470	0.00393	0.00745	0.00827	0.01099	0.01991	0.24995	0.02316	0.52831	0.01846	0.00383	0.00428	0.07957	0.00361	0.00345
18	0.69594	0.00941	0.00816	0.00701	0.01024	0.01043	0.00578	0.01654	0.00962	0.17414	0.00943	0.00983	0.00676	0.00493	0.00346	0.00154	0.00393	0.00315	0.00369	0.00600
19	0.00896	0.00813	0.01370	0.47366	0.06501	0.00952	0.05352	0.01188	0.01009	0.01352	0.08313	0.01689	0.01183	0.01262	0.18346	0.00306	0.00780	0.00514	0.00265	0.00540
20	0.01627	0.01257	0.01436	0.14775	0.01827	0.01422	0.00996	0.52621	0.14356	0.02653	0.01278	0.01326	0.00925	0.00594	0.00500	0.00156	0.00543	0.00466	0.00453	0.00788
21	0.04383	0.32666	0.23338	0.00968	0.01372	0.07816	0.01003	0.01386	0.00997	0.01293	0.01039	0.01463	0.02884	0.16543	0.00814	0.00200	0.00597	0.00409	0.00243	0.00586

[dist]
# distance from previous block
# <min> <max>
3	20

# created by:
# /st0/software/busco_prod/Augustus/scripts/msa2prfl.pl ./align_prep/193351.fa
