[name]
unknown

[dist]
# distance from previous block
# <min> <max>
0	69

[block]
# block no. 0 follows, 45 sequences, length 45
# corresponding to MSA columns:
# 69-86,92-118
name=unknown_A
#
# <colnr> <probs for GDERKNQSTAVLIFYWHMCP>
#	G	D	E	R	K	N	Q	S	T	A	V	L	I	F	Y	W	H	M	C	P
0	0.00885	0.00658	0.00977	0.01051	0.01195	0.00654	0.04512	0.01142	0.01237	0.01612	0.02757	0.05831	0.02979	0.01433	0.00736	0.00244	0.00514	0.70596	0.00483	0.00505
1	0.00804	0.00624	0.00947	0.00995	0.04707	0.00725	0.00731	0.01000	0.00879	0.01272	0.01398	0.02047	0.01302	0.03775	0.73233	0.00813	0.03393	0.00568	0.00285	0.00500
2	0.01215	0.01242	0.01638	0.01408	0.01421	0.05406	0.01168	0.01333	0.00856	0.01293	0.00711	0.01164	0.00704	0.00921	0.01699	0.00230	0.76301	0.00464	0.00237	0.00589
3	0.01113	0.00954	0.01113	0.00795	0.01272	0.00716	0.00636	0.01352	0.01113	0.01749	0.00954	0.01113	0.00795	0.00398	0.00398	0.00080	0.00398	0.00318	0.00318	0.84417
4	0.01524	0.01247	0.01320	0.01131	0.01468	0.01423	0.00895	0.22462	0.56899	0.02550	0.01945	0.01811	0.01444	0.00706	0.00544	0.00176	0.00469	0.00574	0.00544	0.00867
5	0.01014	0.00954	0.01610	0.79845	0.03697	0.01193	0.01491	0.01371	0.01073	0.01371	0.00954	0.01431	0.00716	0.00537	0.00537	0.00179	0.00716	0.00477	0.00239	0.00596
6	0.82466	0.01036	0.00798	0.00709	0.01045	0.01190	0.00583	0.01571	0.00919	0.02389	0.00753	0.00879	0.00588	0.00495	0.00334	0.00164	0.00415	0.00291	0.00332	0.03043
7	0.84927	0.01038	0.00789	0.00706	0.01038	0.01204	0.00581	0.01578	0.00914	0.02408	0.00747	0.00872	0.00581	0.00498	0.00332	0.00166	0.00415	0.00291	0.00332	0.00581
8	0.00760	0.00549	0.00718	0.00675	0.00802	0.00506	0.00506	0.01013	0.01519	0.02153	0.77503	0.04010	0.05065	0.01097	0.00633	0.00169	0.00253	0.00971	0.00591	0.00506
9	0.01014	0.00954	0.01610	0.79845	0.03697	0.01193	0.01491	0.01371	0.01073	0.01371	0.00954	0.01431	0.00716	0.00537	0.00537	0.00179	0.00716	0.00477	0.00239	0.00596
10	0.84927	0.01038	0.00789	0.00706	0.01038	0.01204	0.00581	0.01578	0.00914	0.02408	0.00747	0.00872	0.00581	0.00498	0.00332	0.00166	0.00415	0.00291	0.00332	0.00581
11	0.84927	0.01038	0.00789	0.00706	0.01038	0.01204	0.00581	0.01578	0.00914	0.02408	0.00747	0.00872	0.00581	0.00498	0.00332	0.00166	0.00415	0.00291	0.00332	0.00581
12	0.01014	0.00954	0.01610	0.79845	0.03697	0.01193	0.01491	0.01371	0.01073	0.01371	0.00954	0.01431	0.00716	0.00537	0.00537	0.00179	0.00716	0.00477	0.00239	0.00596
13	0.01435	0.81458	0.02813	0.00918	0.01378	0.02124	0.00918	0.01607	0.01091	0.01263	0.00746	0.00861	0.00689	0.00459	0.00344	0.00115	0.00574	0.00287	0.00230	0.00689
14	0.01267	0.01448	0.03167	0.02262	0.02805	0.01357	0.75837	0.01719	0.01267	0.01719	0.01086	0.01448	0.00814	0.00452	0.00633	0.00181	0.00905	0.00633	0.00271	0.00724
15	0.00781	0.00520	0.00585	0.00585	0.00585	0.00520	0.00325	0.00781	0.00781	0.01041	0.01691	0.03513	0.01952	0.81135	0.02732	0.00520	0.00520	0.00781	0.00325	0.00325
16	0.01733	0.01498	0.01759	0.01935	0.27441	0.09047	0.01219	0.37093	0.08585	0.02528	0.01229	0.01334	0.00935	0.00587	0.00531	0.00160	0.00629	0.00479	0.00420	0.00858
17	0.00932	0.00466	0.00699	0.00699	0.00699	0.00466	0.00466	0.00699	0.00699	0.00932	0.00932	0.01632	0.00932	0.01865	0.02098	0.84382	0.00466	0.00466	0.00233	0.00233
18	0.01388	0.71097	0.12761	0.00999	0.01502	0.02008	0.01059	0.01620	0.01096	0.01320	0.00775	0.00897	0.00688	0.00466	0.00366	0.00122	0.00603	0.00301	0.00229	0.00703
19	0.01395	0.72757	0.11167	0.00986	0.01482	0.02027	0.01036	0.01618	0.01095	0.01311	0.00770	0.00891	0.00688	0.00465	0.00363	0.00121	0.00598	0.00299	0.00229	0.00700
20	0.00760	0.00549	0.00718	0.00675	0.00802	0.00506	0.00506	0.01013	0.01519	0.02153	0.77503	0.04010	0.05065	0.01097	0.00633	0.00169	0.00253	0.00971	0.00591	0.00506
21	0.01329	0.01275	0.02179	0.03295	0.77787	0.01275	0.01647	0.01647	0.01222	0.01754	0.01010	0.01329	0.00850	0.00478	0.00531	0.00159	0.00638	0.00478	0.00266	0.00850
22	0.01158	0.00637	0.00845	0.00743	0.00939	0.00575	0.00575	0.01401	0.01524	0.20535	0.59271	0.03482	0.04161	0.00993	0.00611	0.00168	0.00302	0.00867	0.00609	0.00605
23	0.01435	0.81458	0.02813	0.00918	0.01378	0.02124	0.00918	0.01607	0.01091	0.01263	0.00746	0.00861	0.00689	0.00459	0.00344	0.00115	0.00574	0.00287	0.00230	0.00689
24	0.01329	0.01275	0.02179	0.03295	0.77787	0.01275	0.01647	0.01647	0.01222	0.01754	0.01010	0.01329	0.00850	0.00478	0.00531	0.00159	0.00638	0.00478	0.00266	0.00850
25	0.01120	0.01095	0.01540	0.01337	0.01349	0.01515	0.01108	0.01248	0.00827	0.01286	0.00802	0.01298	0.00789	0.01349	0.12019	0.00318	0.69701	0.00484	0.00242	0.00573
26	0.01014	0.00954	0.01610	0.79845	0.03697	0.01193	0.01491	0.01371	0.01073	0.01371	0.00954	0.01431	0.00716	0.00537	0.00537	0.00179	0.00716	0.00477	0.00239	0.00596
27	0.01077	0.02777	0.78354	0.01530	0.02323	0.01247	0.01983	0.01700	0.01133	0.01700	0.00963	0.01133	0.00680	0.00510	0.00510	0.00170	0.00793	0.00397	0.00227	0.00793
28	0.02005	0.02558	0.01521	0.01383	0.01659	0.78980	0.01037	0.02143	0.01521	0.01314	0.00830	0.00968	0.00691	0.00553	0.00484	0.00138	0.00968	0.00346	0.00277	0.00622
29	0.00767	0.00573	0.00854	0.00854	0.00947	0.00666	0.00660	0.00953	0.00860	0.01240	0.01446	0.02152	0.01361	0.06400	0.76659	0.00852	0.01410	0.00581	0.00289	0.00475
30	0.00655	0.00488	0.00610	0.00699	0.00768	0.00443	0.00479	0.00765	0.01095	0.01426	0.07112	0.60449	0.19891	0.01583	0.00671	0.00208	0.00300	0.01413	0.00503	0.00443
31	0.84927	0.01038	0.00789	0.00706	0.01038	0.01204	0.00581	0.01578	0.00914	0.02408	0.00747	0.00872	0.00581	0.00498	0.00332	0.00166	0.00415	0.00291	0.00332	0.00581
32	0.01174	0.01174	0.01644	0.01409	0.01409	0.01644	0.01174	0.01292	0.00822	0.01292	0.00705	0.01174	0.00705	0.00940	0.01762	0.00235	0.80153	0.00470	0.00235	0.00587
33	0.02041	0.01504	0.01611	0.01235	0.01665	0.01665	0.01020	0.75997	0.02524	0.03383	0.01289	0.01289	0.00913	0.00644	0.00537	0.00161	0.00591	0.00483	0.00537	0.00913
34	0.00659	0.00536	0.00584	0.00590	0.00745	0.00461	0.00436	0.00812	0.01257	0.01570	0.18355	0.13081	0.56350	0.01346	0.00640	0.00183	0.00273	0.01145	0.00515	0.00461
35	0.01285	0.01214	0.02056	0.03079	0.70625	0.01214	0.01574	0.01597	0.01224	0.01740	0.01181	0.01770	0.01059	0.00572	0.00551	0.00168	0.00624	0.07362	0.00287	0.00817
36	0.02408	0.00914	0.01246	0.00955	0.01370	0.00789	0.00789	0.02616	0.01536	0.78158	0.02118	0.01827	0.01329	0.00664	0.00540	0.00166	0.00457	0.00540	0.00664	0.00914
37	0.01175	0.00952	0.01119	0.00803	0.01277	0.00719	0.00643	0.01412	0.01133	0.05386	0.01009	0.01147	0.00820	0.00410	0.00404	0.00084	0.00400	0.00329	0.00335	0.80442
38	0.00756	0.00549	0.00712	0.00671	0.00800	0.00505	0.00503	0.01006	0.01510	0.02131	0.75285	0.04045	0.07297	0.01105	0.00633	0.00169	0.00254	0.00976	0.00588	0.00505
39	0.84927	0.01038	0.00789	0.00706	0.01038	0.01204	0.00581	0.01578	0.00914	0.02408	0.00747	0.00872	0.00581	0.00498	0.00332	0.00166	0.00415	0.00291	0.00332	0.00581
40	0.01014	0.00954	0.01610	0.79845	0.03697	0.01193	0.01491	0.01371	0.01073	0.01371	0.00954	0.01431	0.00716	0.00537	0.00537	0.00179	0.00716	0.00477	0.00239	0.00596
41	0.00932	0.00466	0.00699	0.00699	0.00699	0.00466	0.00466	0.00699	0.00699	0.00932	0.00932	0.01632	0.00932	0.01865	0.02098	0.84382	0.00466	0.00466	0.00233	0.00233
42	0.01267	0.01448	0.03167	0.02262	0.02805	0.01357	0.75837	0.01719	0.01267	0.01719	0.01086	0.01448	0.00814	0.00452	0.00633	0.00181	0.00905	0.00633	0.00271	0.00724
43	0.01319	0.01265	0.02161	0.05704	0.75455	0.01273	0.01642	0.01639	0.01218	0.01742	0.01008	0.01332	0.00846	0.00480	0.00532	0.00160	0.00640	0.00478	0.00265	0.00842
44	0.82288	0.01093	0.03230	0.00732	0.01079	0.01206	0.00625	0.01582	0.00920	0.02386	0.00754	0.00880	0.00584	0.00499	0.00338	0.00166	0.00427	0.00294	0.00329	0.00588

[dist]
# distance from previous block
# <min> <max>
0	17

[block]
# block no. 1 follows, 45 sequences, length 13
# corresponding to MSA columns:
# 136-148
name=unknown_B
#
# <colnr> <probs for GDERKNQSTAVLIFYWHMCP>
#	G	D	E	R	K	N	Q	S	T	A	V	L	I	F	Y	W	H	M	C	P
0	0.01329	0.01275	0.02179	0.03295	0.77787	0.01275	0.01647	0.01647	0.01222	0.01754	0.01010	0.01329	0.00850	0.00478	0.00531	0.00159	0.00638	0.00478	0.00266	0.00850
1	0.01435	0.81458	0.02813	0.00918	0.01378	0.02124	0.00918	0.01607	0.01091	0.01263	0.00746	0.00861	0.00689	0.00459	0.00344	0.00115	0.00574	0.00287	0.00230	0.00689
2	0.00654	0.00467	0.00623	0.00747	0.00779	0.00436	0.00498	0.00747	0.01028	0.01370	0.02959	0.80785	0.03550	0.01682	0.00685	0.00218	0.00311	0.01526	0.00498	0.00436
3	0.01116	0.01067	0.01341	0.01194	0.01237	0.05268	0.00955	0.01312	0.05752	0.01332	0.01186	0.06037	0.01224	0.13397	0.03542	0.00285	0.49204	0.03703	0.00297	0.00551
4	0.00932	0.00466	0.00699	0.00699	0.00699	0.00466	0.00466	0.00699	0.00699	0.00932	0.00932	0.01632	0.00932	0.01865	0.02098	0.84382	0.00466	0.00466	0.00233	0.00233
5	0.00767	0.00575	0.00863	0.00863	0.00959	0.00671	0.00671	0.00959	0.00863	0.01246	0.01438	0.02109	0.01342	0.04026	0.79008	0.00863	0.01438	0.00575	0.00288	0.00479
6	0.01940	0.01155	0.01297	0.01064	0.01433	0.04417	0.00854	0.12982	0.29683	0.36176	0.01972	0.01781	0.01359	0.00681	0.00539	0.00170	0.00485	0.00549	0.00586	0.00877
7	0.01080	0.01022	0.01730	0.63637	0.19385	0.01210	0.01524	0.01430	0.01105	0.01452	0.00966	0.01409	0.00744	0.00524	0.00536	0.00175	0.00699	0.00477	0.00244	0.00650
8	0.10521	0.68004	0.07087	0.00932	0.01397	0.01971	0.00945	0.01610	0.01074	0.01414	0.00759	0.00878	0.00677	0.00467	0.00353	0.00124	0.00570	0.00294	0.00241	0.00683
9	0.10271	0.01321	0.01946	0.02802	0.61505	0.05895	0.01460	0.01726	0.04749	0.01820	0.01026	0.01290	0.00849	0.00497	0.00508	0.00160	0.00624	0.00456	0.00287	0.00808
10	0.06949	0.01615	0.02038	0.04939	0.50558	0.17752	0.04008	0.01830	0.01345	0.01812	0.01090	0.01413	0.00922	0.00587	0.00570	0.00182	0.00747	0.00487	0.00319	0.00838
11	0.07423	0.01374	0.01641	0.01260	0.01684	0.01478	0.08404	0.49957	0.07371	0.11857	0.01393	0.01390	0.00981	0.00624	0.00534	0.00165	0.00583	0.00501	0.00513	0.00868
12	0.07527	0.11968	0.10891	0.01624	0.13889	0.02940	0.15345	0.04987	0.04438	0.07999	0.01292	0.07353	0.01103	0.00679	0.00591	0.03723	0.00629	0.01965	0.00340	0.00717

[dist]
# distance from previous block
# <min> <max>
4	8

[block]
# block no. 2 follows, 45 sequences, length 69
# corresponding to MSA columns:
# 164-211,216-220,235-250
name=unknown_C
#
# <colnr> <probs for GDERKNQSTAVLIFYWHMCP>
#	G	D	E	R	K	N	Q	S	T	A	V	L	I	F	Y	W	H	M	C	P
0	0.01295	0.01241	0.02124	0.13811	0.63723	0.01273	0.04109	0.02879	0.01225	0.01727	0.01009	0.01346	0.00832	0.00488	0.00536	0.00163	0.00657	0.00483	0.00267	0.00812
1	0.01323	0.05833	0.60425	0.01397	0.02102	0.01209	0.01711	0.01875	0.02749	0.14661	0.01175	0.01257	0.00810	0.00538	0.00509	0.00167	0.00719	0.00420	0.00308	0.00810
2	0.01077	0.02777	0.78354	0.01530	0.02323	0.01247	0.01983	0.01700	0.01133	0.01700	0.00963	0.01133	0.00680	0.00510	0.00510	0.00170	0.00793	0.00397	0.00227	0.00793
3	0.00638	0.00544	0.00549	0.00548	0.00727	0.00455	0.00411	0.00778	0.01232	0.01471	0.07607	0.05131	0.75387	0.01352	0.00634	0.00181	0.00271	0.01128	0.00501	0.00455
4	0.01149	0.01430	0.14651	0.33270	0.20294	0.01255	0.17092	0.01561	0.01158	0.01586	0.00996	0.01362	0.00761	0.00501	0.00551	0.00173	0.00750	0.00497	0.00250	0.00714
5	0.01014	0.00951	0.01601	0.74609	0.06354	0.01173	0.01466	0.01363	0.01077	0.01386	0.01017	0.03835	0.00807	0.00569	0.00541	0.00179	0.00700	0.00509	0.00247	0.00601
6	0.00664	0.00545	0.00585	0.00575	0.00743	0.00466	0.00431	0.00828	0.01294	0.01617	0.22558	0.04891	0.60344	0.01297	0.00634	0.00178	0.00267	0.01094	0.00520	0.00466
7	0.01329	0.01275	0.02179	0.03295	0.77787	0.01275	0.01647	0.01647	0.01222	0.01754	0.01010	0.01329	0.00850	0.00478	0.00531	0.00159	0.00638	0.00478	0.00266	0.00850
8	0.01197	0.03982	0.64480	0.01544	0.02281	0.01240	0.08641	0.01766	0.01174	0.07230	0.01054	0.01207	0.00739	0.00515	0.00520	0.00170	0.00775	0.00427	0.00263	0.00794
9	0.01114	0.02514	0.63498	0.01675	0.02419	0.01269	0.16575	0.01704	0.01160	0.01704	0.00988	0.01195	0.00707	0.00499	0.00534	0.00172	0.00815	0.00443	0.00236	0.00780
10	0.01077	0.02777	0.78354	0.01530	0.02323	0.01247	0.01983	0.01700	0.01133	0.01700	0.00963	0.01133	0.00680	0.00510	0.00510	0.00170	0.00793	0.00397	0.00227	0.00793
11	0.01109	0.09910	0.71505	0.01475	0.02238	0.01326	0.01887	0.01692	0.01129	0.01660	0.00944	0.01109	0.00681	0.00505	0.00495	0.00165	0.00773	0.00387	0.00227	0.00784
12	0.01250	0.01570	0.10053	0.02195	0.02761	0.01347	0.69073	0.01718	0.01255	0.01718	0.01075	0.01419	0.00802	0.00458	0.00622	0.00180	0.00895	0.00612	0.00267	0.00730
13	0.02318	0.00951	0.01258	0.00973	0.01377	0.00855	0.00800	0.09094	0.01608	0.68982	0.02071	0.04363	0.01364	0.00696	0.00544	0.00167	0.00464	0.00567	0.00648	0.00898
14	0.00865	0.00618	0.00865	0.00989	0.01112	0.00618	0.00865	0.01112	0.01236	0.01606	0.02842	0.06055	0.03089	0.01483	0.00741	0.00247	0.00494	0.74174	0.00494	0.00494
15	0.01024	0.00974	0.01674	0.76644	0.03660	0.01199	0.04558	0.01386	0.01081	0.01386	0.00960	0.01432	0.00720	0.00533	0.00541	0.00179	0.00723	0.00483	0.00240	0.00602
16	0.01048	0.02573	0.71244	0.01452	0.02184	0.01179	0.01848	0.01637	0.01169	0.01741	0.07973	0.01397	0.01082	0.00564	0.00521	0.00170	0.00744	0.00449	0.00260	0.00767
17	0.02408	0.00914	0.01246	0.00955	0.01370	0.00789	0.00789	0.02616	0.01536	0.78158	0.02118	0.01827	0.01329	0.00664	0.00540	0.00166	0.00457	0.00540	0.00664	0.00914
18	0.00654	0.00467	0.00623	0.00747	0.00779	0.00436	0.00498	0.00747	0.01028	0.01370	0.02959	0.80785	0.03550	0.01682	0.00685	0.00218	0.00311	0.01526	0.00498	0.00436
19	0.84927	0.01038	0.00789	0.00706	0.01038	0.01204	0.00581	0.01578	0.00914	0.02408	0.00747	0.00872	0.00581	0.00498	0.00332	0.00166	0.00415	0.00291	0.00332	0.00581
20	0.00654	0.00467	0.00623	0.00747	0.00779	0.00436	0.00498	0.00747	0.01028	0.01370	0.02959	0.80785	0.03550	0.01682	0.00685	0.00218	0.00311	0.01526	0.00498	0.00436
21	0.02372	0.00905	0.01234	0.00949	0.01358	0.00783	0.00783	0.02581	0.01536	0.76483	0.03779	0.01875	0.01411	0.00674	0.00542	0.00166	0.00452	0.00549	0.00663	0.00905
22	0.01113	0.00954	0.01113	0.00795	0.01272	0.00716	0.00636	0.01352	0.01113	0.01749	0.00954	0.01113	0.00795	0.00398	0.00398	0.00080	0.00398	0.00318	0.00318	0.84417
23	0.01300	0.01237	0.02057	0.10146	0.65469	0.01272	0.01575	0.01709	0.06683	0.01754	0.01090	0.01387	0.00895	0.00502	0.00533	0.00163	0.00629	0.00487	0.00284	0.00827
24	0.01123	0.01008	0.01581	0.67476	0.03348	0.01237	0.01404	0.08436	0.03505	0.01596	0.01032	0.01440	0.00773	0.00561	0.00554	0.00177	0.01992	0.00482	0.01644	0.00632
25	0.02049	0.14436	0.01667	0.01087	0.01508	0.03957	0.00919	0.33900	0.03917	0.28929	0.01497	0.01414	0.01033	0.00620	0.00505	0.00155	0.00549	0.00470	0.00523	0.00865
26	0.04216	0.01577	0.01497	0.01357	0.07070	0.20035	0.03129	0.25697	0.18639	0.02318	0.05540	0.01511	0.01231	0.00637	0.00524	0.00159	0.00627	0.00498	0.00439	0.03299
27	0.01094	0.01049	0.01798	0.58641	0.15821	0.01228	0.06476	0.01479	0.03150	0.01481	0.01002	0.01427	0.00769	0.00533	0.00561	0.00177	0.01916	0.00491	0.00253	0.00654
28	0.02981	0.01221	0.01248	0.00946	0.01386	0.08697	0.00757	0.15515	0.03002	0.04562	0.01065	0.01169	0.00838	0.00477	0.00439	0.00107	0.00493	0.00365	0.00371	0.54361
29	0.01245	0.01383	0.02913	0.09411	0.07839	0.01346	0.61822	0.01670	0.01233	0.01677	0.01057	0.01430	0.00804	0.00477	0.00652	0.00181	0.03274	0.00604	0.00267	0.00717
30	0.77315	0.01005	0.00791	0.00711	0.01027	0.01156	0.00581	0.01560	0.02335	0.02387	0.06332	0.01120	0.00925	0.00546	0.00358	0.00167	0.00404	0.00346	0.00355	0.00581
31	0.01938	0.02368	0.01493	0.01347	0.01633	0.67645	0.01017	0.05422	0.09302	0.01499	0.00989	0.01088	0.00798	0.00575	0.00493	0.00144	0.00896	0.00379	0.00316	0.00658
32	0.01023	0.00963	0.01626	0.77645	0.05827	0.01195	0.01495	0.01379	0.01078	0.01382	0.00956	0.01428	0.00719	0.00535	0.00537	0.00178	0.00713	0.00477	0.00239	0.00604
33	0.00653	0.00470	0.00620	0.00741	0.00777	0.00437	0.00495	0.00748	0.01034	0.01373	0.03040	0.78310	0.05973	0.01671	0.00683	0.00217	0.00310	0.01513	0.00498	0.00437
34	0.01435	0.81458	0.02813	0.00918	0.01378	0.02124	0.00918	0.01607	0.01091	0.01263	0.00746	0.00861	0.00689	0.00459	0.00344	0.00115	0.00574	0.00287	0.00230	0.00689
35	0.01329	0.01275	0.02179	0.03295	0.77787	0.01275	0.01647	0.01647	0.01222	0.01754	0.01010	0.01329	0.00850	0.00478	0.00531	0.00159	0.00638	0.00478	0.00266	0.00850
36	0.01162	0.01170	0.01772	0.08664	0.01743	0.01560	0.08221	0.01334	0.00888	0.01339	0.00775	0.01239	0.00726	0.00907	0.02800	0.00235	0.64140	0.00488	0.00240	0.00599
37	0.01085	0.04699	0.76508	0.01515	0.02300	0.01268	0.01957	0.01698	0.01132	0.01689	0.00958	0.01127	0.00680	0.00509	0.00506	0.00169	0.00788	0.00394	0.00227	0.00791
38	0.00796	0.00610	0.00907	0.00848	0.00931	0.00622	0.07372	0.00910	0.00897	0.01225	0.01816	0.18224	0.01994	0.36520	0.23404	0.00525	0.00770	0.00857	0.00344	0.00427
39	0.01775	0.01483	0.14113	0.01277	0.03738	0.01277	0.04481	0.30700	0.08915	0.19850	0.05705	0.01612	0.01261	0.00647	0.00544	0.00167	0.00575	0.00527	0.00500	0.00855
40	0.01096	0.07126	0.74178	0.01496	0.02271	0.01295	0.01924	0.01695	0.01131	0.01676	0.00951	0.01118	0.00680	0.00507	0.00501	0.00167	0.00781	0.00391	0.00227	0.00788
41	0.00654	0.00467	0.00623	0.00747	0.00779	0.00436	0.00498	0.00747	0.01028	0.01370	0.02959	0.80785	0.03550	0.01682	0.00685	0.00218	0.00311	0.01526	0.00498	0.00436
42	0.00716	0.00534	0.00665	0.00659	0.00782	0.00484	0.00484	0.00918	0.01376	0.01876	0.50016	0.16846	0.20171	0.01249	0.00642	0.00180	0.00267	0.01096	0.00556	0.00484
43	0.01329	0.01275	0.02179	0.03295	0.77787	0.01275	0.01647	0.01647	0.01222	0.01754	0.01010	0.01329	0.00850	0.00478	0.00531	0.00159	0.00638	0.00478	0.00266	0.00850
44	0.01023	0.00954	0.01561	0.72070	0.03459	0.01146	0.01407	0.01370	0.01077	0.01409	0.00954	0.01400	0.00723	0.00523	0.00523	0.00169	0.00684	0.00461	0.00246	0.08840
45	0.70724	0.01128	0.03106	0.00786	0.01137	0.01241	0.00667	0.10207	0.01112	0.02491	0.00842	0.00957	0.00643	0.00519	0.00362	0.00165	0.00442	0.00321	0.02526	0.00624
46	0.01885	0.01447	0.01682	0.01565	0.14134	0.01583	0.01114	0.59760	0.06418	0.03053	0.01293	0.01335	0.00943	0.00622	0.00537	0.00162	0.00589	0.00489	0.00493	0.00899
47	0.01528	0.01110	0.01220	0.01068	0.01391	0.01237	0.00839	0.02810	0.63297	0.15879	0.02173	0.01971	0.01583	0.00717	0.00545	0.00179	0.00431	0.00595	0.00567	0.00861
48	0.09875	0.00905	0.01175	0.00917	0.01308	0.00811	0.00754	0.02432	0.01478	0.67019	0.06160	0.01860	0.01467	0.00673	0.00526	0.00166	0.00442	0.00541	0.00630	0.00861
49	0.01077	0.02777	0.78354	0.01530	0.02323	0.01247	0.01983	0.01700	0.01133	0.01700	0.00963	0.01133	0.00680	0.00510	0.00510	0.00170	0.00793	0.00397	0.00227	0.00793
50	0.01408	0.64192	0.15130	0.01044	0.01548	0.06229	0.01100	0.01652	0.01121	0.01337	0.00786	0.00912	0.00688	0.00473	0.00379	0.00125	0.00632	0.00308	0.00232	0.00702
51	0.00680	0.00486	0.00649	0.00754	0.00802	0.00456	0.00522	0.00802	0.01100	0.01480	0.12022	0.66824	0.03706	0.01598	0.00682	0.00214	0.00316	0.05949	0.00509	0.00448
52	0.61426	0.01292	0.10358	0.00876	0.01279	0.01235	0.00810	0.09475	0.01144	0.06612	0.00906	0.01000	0.00670	0.00524	0.00387	0.00166	0.00482	0.00338	0.00359	0.00660
53	0.08236	0.01343	0.17191	0.01260	0.08535	0.00955	0.01090	0.02190	0.01354	0.45411	0.01610	0.01526	0.01065	0.00588	0.00509	0.00162	0.00536	0.00473	0.00493	0.05474
54	0.66615	0.01064	0.00895	0.00771	0.01120	0.01194	0.00630	0.05764	0.06517	0.02390	0.00900	0.00999	0.00696	0.00514	0.00365	0.00159	0.00424	0.00327	0.00358	0.08297
55	0.01148	0.01144	0.01476	0.01331	0.03086	0.06920	0.01065	0.01287	0.00890	0.01294	0.00881	0.01368	0.00847	0.01578	0.18581	0.00364	0.55433	0.00484	0.00250	0.00572
56	0.02281	0.01010	0.01292	0.01003	0.01412	0.00946	0.00824	0.12473	0.07120	0.62634	0.02011	0.01768	0.01295	0.00666	0.00540	0.00167	0.00472	0.00537	0.00639	0.00909
57	0.01233	0.11847	0.56930	0.01483	0.02186	0.01328	0.08534	0.01757	0.01170	0.07187	0.01032	0.01180	0.00740	0.00510	0.00504	0.00164	0.00753	0.00416	0.00263	0.00783
58	0.09966	0.00925	0.01204	0.00932	0.01340	0.00827	0.00770	0.02521	0.01479	0.71221	0.01992	0.01740	0.01260	0.00649	0.00521	0.00166	0.00453	0.00517	0.00634	0.00883
59	0.01953	0.05631	0.13919	0.01016	0.01464	0.00906	0.00961	0.02231	0.01444	0.52901	0.10251	0.01903	0.01603	0.00676	0.00535	0.00164	0.00496	0.00550	0.00560	0.00836
60	0.01086	0.01038	0.01904	0.41827	0.04462	0.01170	0.20560	0.01370	0.01058	0.01404	0.00969	0.01442	0.00773	0.00723	0.00861	0.11620	0.06387	0.00516	0.00247	0.00585
61	0.00747	0.00546	0.00702	0.00668	0.00796	0.00501	0.00499	0.00987	0.01483	0.02078	0.70041	0.06404	0.10270	0.01134	0.00635	0.00171	0.00256	0.00999	0.00581	0.00501
62	0.01261	0.12249	0.04893	0.01843	0.02243	0.01531	0.44590	0.01595	0.01126	0.01548	0.00940	0.01290	0.00766	0.00579	0.00878	0.00185	0.21004	0.00538	0.00255	0.00686
63	0.84927	0.01038	0.00789	0.00706	0.01038	0.01204	0.00581	0.01578	0.00914	0.02408	0.00747	0.00872	0.00581	0.00498	0.00332	0.00166	0.00415	0.00291	0.00332	0.00581
64	0.00659	0.00473	0.00618	0.00732	0.00768	0.00440	0.00487	0.00750	0.01025	0.01359	0.03004	0.74397	0.06464	0.05104	0.00772	0.00230	0.00319	0.01478	0.00491	0.00432
65	0.84927	0.01038	0.00789	0.00706	0.01038	0.01204	0.00581	0.01578	0.00914	0.02408	0.00747	0.00872	0.00581	0.00498	0.00332	0.00166	0.00415	0.00291	0.00332	0.00581
66	0.00754	0.00516	0.00625	0.00650	0.00667	0.00521	0.00400	0.00794	0.00840	0.01130	0.01916	0.18849	0.02202	0.56366	0.11061	0.00499	0.00584	0.00907	0.00356	0.00365
67	0.07831	0.01054	0.01245	0.01015	0.01347	0.01109	0.00825	0.29490	0.01695	0.25451	0.01585	0.04015	0.01190	0.01419	0.17872	0.00320	0.00716	0.00538	0.00504	0.00779
68	0.03343	0.01096	0.01755	0.31425	0.35560	0.01151	0.01395	0.01494	0.01141	0.01627	0.00973	0.01320	0.00784	0.00487	0.00506	0.00154	0.00622	0.00447	0.00266	0.14453

[dist]
# distance from previous block
# <min> <max>
7	16

[block]
# block no. 3 follows, 45 sequences, length 10
# corresponding to MSA columns:
# 267-275,280
name=unknown_D
#
# <colnr> <probs for GDERKNQSTAVLIFYWHMCP>
#	G	D	E	R	K	N	Q	S	T	A	V	L	I	F	Y	W	H	M	C	P
0	0.06500	0.05531	0.01438	0.10039	0.01694	0.04679	0.00907	0.29958	0.03445	0.02318	0.01101	0.01265	0.00858	0.02598	0.00527	0.00145	0.00547	0.00416	0.00393	0.25640
1	0.08023	0.01418	0.06123	0.03134	0.01692	0.01443	0.06926	0.46355	0.07602	0.02765	0.01503	0.01594	0.05005	0.03245	0.00604	0.00178	0.00586	0.00528	0.00466	0.00810
2	0.01733	0.01337	0.01523	0.01197	0.01579	0.01460	0.05376	0.52051	0.13273	0.02877	0.01753	0.01792	0.07136	0.03625	0.00632	0.00180	0.00557	0.00573	0.00512	0.00834
3	0.00826	0.00640	0.00842	0.00808	0.00960	0.00582	0.03374	0.04460	0.01181	0.01621	0.11901	0.45776	0.06965	0.04591	0.00710	0.00198	0.00359	0.01148	0.00470	0.12587
4	0.02906	0.01261	0.05728	0.01419	0.09148	0.05492	0.13675	0.06811	0.01318	0.10061	0.01287	0.04187	0.01067	0.00578	0.00513	0.00143	0.00584	0.04376	0.00366	0.29078
5	0.13137	0.04321	0.14118	0.01119	0.05490	0.01067	0.00970	0.10680	0.04605	0.08558	0.01405	0.12192	0.01235	0.00773	0.02458	0.00173	0.00530	0.00559	0.00389	0.16222
6	0.10585	0.07930	0.07459	0.03853	0.04214	0.07890	0.00924	0.14145	0.05955	0.01961	0.04123	0.01773	0.05664	0.06338	0.00691	0.00180	0.03555	0.01963	0.00369	0.10429
7	0.01166	0.01136	0.07544	0.01171	0.01528	0.00985	0.13452	0.09374	0.07156	0.03443	0.10255	0.12447	0.01779	0.03581	0.00679	0.00173	0.03780	0.00683	0.00403	0.19263
8	0.10952	0.05097	0.06870	0.09799	0.21139	0.03475	0.03574	0.08486	0.07558	0.05288	0.01120	0.01290	0.00865	0.00522	0.00485	0.00153	0.00584	0.00436	0.00339	0.11969
9	0.04619	0.20849	0.29408	0.01176	0.01699	0.07727	0.01257	0.05641	0.01258	0.05853	0.05088	0.01350	0.01022	0.00568	0.00491	0.00149	0.02172	0.01994	0.00309	0.07370

[dist]
# distance from previous block
# <min> <max>
8	30

[block]
# block no. 4 follows, 45 sequences, length 18
# corresponding to MSA columns:
# 320-337
name=unknown_E
#
# <colnr> <probs for GDERKNQSTAVLIFYWHMCP>
#	G	D	E	R	K	N	Q	S	T	A	V	L	I	F	Y	W	H	M	C	P
0	0.19804	0.19295	0.23783	0.05561	0.04438	0.01400	0.04244	0.03425	0.01131	0.03966	0.03486	0.01172	0.00849	0.00529	0.00474	0.00156	0.02552	0.00391	0.00290	0.03052
1	0.01378	0.09630	0.29575	0.01516	0.09742	0.01363	0.05454	0.19725	0.01493	0.02092	0.03164	0.01260	0.00897	0.00535	0.00500	0.00152	0.00654	0.00436	0.00329	0.10104
2	0.01384	0.10386	0.17437	0.08243	0.05083	0.01258	0.01162	0.19768	0.01513	0.07724	0.07617	0.10265	0.01509	0.00751	0.00563	0.00169	0.02252	0.01779	0.00403	0.00733
3	0.06372	0.32652	0.19577	0.01142	0.01655	0.01703	0.01167	0.22308	0.05216	0.02066	0.01017	0.01099	0.00789	0.00538	0.00445	0.00147	0.00612	0.00382	0.00336	0.00777
4	0.03704	0.42338	0.15511	0.01050	0.01510	0.04688	0.01062	0.07268	0.05404	0.02796	0.07427	0.01313	0.01145	0.00628	0.01966	0.00154	0.00605	0.00408	0.00312	0.00711
5	0.03530	0.11413	0.47353	0.09131	0.09800	0.01363	0.03782	0.01634	0.01117	0.01628	0.00929	0.01153	0.00703	0.00518	0.00543	0.00166	0.03841	0.00406	0.00237	0.00752
6	0.01370	0.10465	0.15186	0.19926	0.14727	0.02831	0.04285	0.16001	0.01425	0.03762	0.01221	0.01425	0.03918	0.00568	0.00517	0.00163	0.00664	0.00475	0.00321	0.00751
7	0.12983	0.12149	0.07440	0.05660	0.08532	0.05233	0.01078	0.31300	0.01674	0.03513	0.01115	0.03443	0.00882	0.00657	0.01949	0.00171	0.00615	0.00449	0.00387	0.00770
8	0.06552	0.01157	0.01927	0.31017	0.17102	0.02588	0.17350	0.01626	0.06854	0.01669	0.01147	0.01595	0.00922	0.00555	0.00548	0.00175	0.00688	0.03507	0.00293	0.02728
9	0.01349	0.01325	0.04572	0.16578	0.52874	0.03369	0.01555	0.08635	0.01324	0.01826	0.01020	0.01327	0.00822	0.00507	0.00531	0.00163	0.00661	0.00472	0.00285	0.00803
10	0.01205	0.01282	0.07728	0.28585	0.47496	0.01246	0.01621	0.01560	0.01166	0.01623	0.00988	0.01348	0.00793	0.00500	0.00532	0.00167	0.00675	0.00472	0.00254	0.00762
11	0.01081	0.09926	0.01781	0.66041	0.08306	0.01302	0.01437	0.01416	0.01085	0.01385	0.00935	0.01361	0.00721	0.00524	0.00515	0.00170	0.00695	0.00456	0.00239	0.00623
12	0.05385	0.01253	0.10898	0.47100	0.18220	0.01239	0.01519	0.01473	0.01090	0.01537	0.00944	0.01333	0.00731	0.00540	0.00582	0.00176	0.04605	0.00458	0.00247	0.00670
13	0.03177	0.01132	0.06965	0.44125	0.05781	0.01283	0.01365	0.01383	0.01016	0.01449	0.00928	0.01354	0.00747	0.00643	0.00847	0.00189	0.21827	0.00466	0.04708	0.00613
14	0.01132	0.12626	0.57612	0.07020	0.02335	0.01364	0.07376	0.01666	0.01134	0.01622	0.00944	0.01143	0.00694	0.00501	0.00500	0.00164	0.00768	0.00406	0.00231	0.00761
15	0.01115	0.02512	0.67252	0.10179	0.02443	0.01225	0.01888	0.01695	0.01140	0.04248	0.01001	0.01190	0.00706	0.00518	0.00514	0.00171	0.00773	0.00410	0.00243	0.00776
16	0.07057	0.01188	0.05560	0.36540	0.33081	0.01248	0.01501	0.01510	0.01115	0.01611	0.00952	0.01326	0.00758	0.00525	0.00568	0.00172	0.03868	0.00460	0.00255	0.00706
17	0.03918	0.06954	0.04958	0.28814	0.32187	0.07160	0.01437	0.01647	0.04893	0.01599	0.01006	0.01314	0.00804	0.00517	0.00510	0.00163	0.00673	0.00452	0.00269	0.00724

[dist]
# distance from previous block
# <min> <max>
25	281

# created by:
# /st0/software/busco_prod/Augustus/scripts/msa2prfl.pl ./align_prep/193683.fa
