[name]
unknown

[dist]
# distance from previous block
# <min> <max>
0	46

[block]
# block no. 0 follows, 44 sequences, length 16
# corresponding to MSA columns:
# 52-67
name=unknown_A
#
# <colnr> <probs for GDERKNQSTAVLIFYWHMCP>
#	G	D	E	R	K	N	Q	S	T	A	V	L	I	F	Y	W	H	M	C	P
0	0.01097	0.01033	0.07779	0.01257	0.08124	0.00942	0.01000	0.03113	0.21391	0.03328	0.03975	0.08071	0.05062	0.01090	0.00643	0.00210	0.00500	0.30237	0.00478	0.00669
1	0.00842	0.00573	0.00751	0.00698	0.00839	0.00527	0.00527	0.01098	0.01544	0.05381	0.73983	0.03979	0.04984	0.01096	0.00639	0.00171	0.00266	0.00967	0.00603	0.00532
2	0.01154	0.05938	0.50199	0.09919	0.02287	0.05260	0.03196	0.01654	0.01172	0.01665	0.02548	0.01228	0.00805	0.00519	0.00504	0.00159	0.00741	0.00412	0.00254	0.10387
3	0.00681	0.00545	0.00609	0.00612	0.00764	0.00473	0.00452	0.00846	0.01300	0.01655	0.24451	0.13618	0.49381	0.01347	0.00650	0.00185	0.00276	0.01153	0.00531	0.00473
4	0.08308	0.01171	0.09938	0.01101	0.04928	0.01080	0.00891	0.02004	0.35658	0.02024	0.11437	0.06310	0.04812	0.07079	0.00727	0.00208	0.00458	0.00686	0.00469	0.00711
5	0.00698	0.00519	0.00682	0.00759	0.00818	0.00503	0.00529	0.00823	0.01110	0.01491	0.12496	0.58084	0.09931	0.01695	0.04465	0.00244	0.02830	0.01364	0.00499	0.00460
6	0.01236	0.01192	0.02066	0.29561	0.48143	0.01271	0.05465	0.01580	0.01192	0.01645	0.01010	0.01392	0.00814	0.00505	0.00547	0.00170	0.00689	0.00494	0.00261	0.00768
7	0.01297	0.00965	0.01077	0.00976	0.01249	0.01045	0.00768	0.02291	0.45606	0.10567	0.11273	0.02908	0.10371	0.00903	0.00589	0.00186	0.00403	0.06201	0.00564	0.00759
8	0.01037	0.00629	0.00738	0.00668	0.00887	0.00542	0.00516	0.01218	0.01378	0.17018	0.21829	0.04285	0.44847	0.01175	0.00625	0.00178	0.00309	0.00990	0.00562	0.00567
9	0.84691	0.01054	0.00801	0.00717	0.01054	0.01223	0.00590	0.01603	0.00928	0.02446	0.00759	0.00886	0.00590	0.00506	0.00337	0.00169	0.00422	0.00295	0.00337	0.00590
10	0.01172	0.00966	0.01112	0.00821	0.01246	0.00787	0.00643	0.07687	0.01215	0.01836	0.01085	0.01427	0.00953	0.09712	0.00690	0.00140	0.00435	0.00392	0.00343	0.67338
11	0.01940	0.01198	0.01374	0.01089	0.01469	0.01257	0.00887	0.36922	0.11391	0.24554	0.10421	0.01876	0.01628	0.00724	0.00559	0.00169	0.00500	0.00580	0.00590	0.00872
12	0.01060	0.00969	0.01484	0.55992	0.03018	0.01066	0.01254	0.01387	0.01102	0.01508	0.00969	0.01357	0.00751	0.00503	0.00503	0.00152	0.00630	0.00436	0.00266	0.25593
13	0.01137	0.00988	0.01276	0.20782	0.01930	0.00883	0.00879	0.03919	0.01169	0.01736	0.00981	0.01218	0.00791	0.00448	0.00444	0.00109	0.00492	0.00370	0.00310	0.60137
14	0.01544	0.01198	0.01396	0.16892	0.01905	0.01363	0.01006	0.33014	0.20747	0.02531	0.01527	0.01653	0.01148	0.02842	0.00593	0.00179	0.00547	0.00531	0.08597	0.00789
15	0.01148	0.01044	0.01563	0.51031	0.04571	0.03170	0.04843	0.05580	0.07599	0.03251	0.01614	0.01899	0.09089	0.00655	0.00560	0.00180	0.00655	0.00573	0.00326	0.00649

[dist]
# distance from previous block
# <min> <max>
0	1

[block]
# block no. 1 follows, 44 sequences, length 18
# corresponding to MSA columns:
# 69-83,87-89
name=unknown_B
#
# <colnr> <probs for GDERKNQSTAVLIFYWHMCP>
#	G	D	E	R	K	N	Q	S	T	A	V	L	I	F	Y	W	H	M	C	P
0	0.00684	0.00518	0.00626	0.00686	0.00781	0.00468	0.00484	0.00814	0.01165	0.01507	0.12447	0.40893	0.27731	0.04794	0.00761	0.00217	0.00312	0.04148	0.00510	0.00455
1	0.01239	0.12428	0.01875	0.30442	0.06670	0.07830	0.08284	0.03140	0.04035	0.01501	0.01131	0.06910	0.00999	0.01795	0.00674	0.00179	0.07808	0.00542	0.00288	0.02228
2	0.00746	0.00546	0.00703	0.00715	0.00819	0.00511	0.00516	0.00979	0.03316	0.01898	0.47841	0.28975	0.07768	0.01310	0.00658	0.00189	0.00282	0.01167	0.00564	0.00498
3	0.01316	0.01227	0.10351	0.00964	0.01458	0.00892	0.00869	0.05930	0.01249	0.09489	0.01099	0.01219	0.00852	0.00481	0.00494	0.00112	0.03578	0.00371	0.00357	0.57693
4	0.01867	0.01312	0.01453	0.01104	0.01541	0.01349	0.00906	0.49339	0.02098	0.10551	0.01330	0.01344	0.00956	0.00599	0.00509	0.00144	0.00532	0.00459	0.02810	0.19798
5	0.01273	0.01211	0.08982	0.02570	0.01442	0.01085	0.00919	0.19960	0.06343	0.02074	0.01564	0.17989	0.01493	0.03050	0.00703	0.00174	0.06932	0.00679	0.00415	0.21142
6	0.00823	0.00640	0.00673	0.00646	0.00834	0.00589	0.00488	0.08403	0.01361	0.01732	0.07309	0.11992	0.53824	0.01274	0.00620	0.00181	0.00311	0.01069	0.06721	0.00511
7	0.01418	0.01741	0.19976	0.07428	0.36070	0.05831	0.01581	0.12995	0.04201	0.01987	0.01087	0.01307	0.00843	0.00537	0.00534	0.00166	0.00695	0.00464	0.00312	0.00829
8	0.00759	0.00557	0.00711	0.00672	0.00807	0.00509	0.00504	0.01004	0.01513	0.02114	0.69860	0.04192	0.12481	0.01142	0.00643	0.00173	0.00259	0.01003	0.00591	0.00509
9	0.15958	0.00971	0.01318	0.22767	0.04812	0.01126	0.02579	0.03438	0.01153	0.11650	0.04607	0.04282	0.01156	0.00693	0.00701	0.00181	0.13059	0.00524	0.08380	0.00645
10	0.01273	0.49362	0.19397	0.01032	0.01502	0.01664	0.01099	0.01515	0.01110	0.01416	0.06515	0.01254	0.01054	0.00671	0.00590	0.08640	0.00598	0.00387	0.00260	0.00663
11	0.00675	0.00483	0.00642	0.00752	0.00793	0.00450	0.00507	0.00786	0.01094	0.01472	0.10512	0.72748	0.03762	0.01648	0.00690	0.00216	0.00310	0.01493	0.00516	0.00450
12	0.01030	0.00969	0.01635	0.79530	0.03755	0.01211	0.01514	0.01393	0.01090	0.01393	0.00969	0.01453	0.00727	0.00545	0.00545	0.00182	0.00727	0.00484	0.00242	0.00606
13	0.03543	0.01334	0.01956	0.25108	0.31583	0.09987	0.08931	0.03262	0.01261	0.04631	0.01048	0.01374	0.00825	0.00594	0.02131	0.00183	0.00739	0.00486	0.00288	0.00738
14	0.01144	0.00680	0.00926	0.06458	0.01206	0.00673	0.00709	0.04282	0.01247	0.16943	0.05854	0.43944	0.02787	0.01310	0.00682	0.00206	0.02603	0.07242	0.00519	0.00584
15	0.00686	0.00551	0.00612	0.00603	0.00763	0.00477	0.00450	0.00861	0.01332	0.01698	0.28383	0.07622	0.51432	0.01307	0.00646	0.00181	0.00272	0.01112	0.00536	0.00477
16	0.05546	0.00992	0.01285	0.00989	0.01409	0.00906	0.00817	0.09901	0.01636	0.67516	0.02014	0.01764	0.01278	0.00666	0.00540	0.00168	0.00476	0.00533	0.00649	0.00915
17	0.21109	0.04403	0.18045	0.06844	0.03409	0.01291	0.06706	0.03870	0.02772	0.11284	0.01116	0.03008	0.00862	0.00629	0.00677	0.00181	0.12280	0.00460	0.00339	0.00714

[dist]
# distance from previous block
# <min> <max>
0	2

[block]
# block no. 2 follows, 44 sequences, length 6
# corresponding to MSA columns:
# 94-99
name=unknown_C
#
# <colnr> <probs for GDERKNQSTAVLIFYWHMCP>
#	G	D	E	R	K	N	Q	S	T	A	V	L	I	F	Y	W	H	M	C	P
0	0.01421	0.13570	0.13380	0.01699	0.19884	0.17806	0.01236	0.04022	0.03295	0.03593	0.03727	0.09376	0.01247	0.00758	0.02520	0.00178	0.00696	0.00548	0.00323	0.00721
1	0.30942	0.03218	0.01221	0.22759	0.03802	0.04970	0.00929	0.05551	0.01127	0.03838	0.03570	0.01502	0.00988	0.07431	0.04206	0.00233	0.02325	0.00454	0.00328	0.00605
2	0.08468	0.01114	0.01465	0.23072	0.07313	0.07515	0.04456	0.01415	0.01071	0.01565	0.01174	0.09407	0.01082	0.00761	0.00826	0.00188	0.19671	0.00573	0.08262	0.00602
3	0.00869	0.00600	0.00807	0.00842	0.00913	0.00618	0.00615	0.01000	0.01103	0.06404	0.10144	0.46763	0.03124	0.06577	0.03627	0.00259	0.07975	0.06781	0.00482	0.00495
4	0.01300	0.01266	0.11410	0.00960	0.01478	0.00895	0.00875	0.08587	0.01298	0.06838	0.01079	0.01197	0.00838	0.00460	0.00442	0.00107	0.00480	0.00364	0.00355	0.59771
5	0.08489	0.08973	0.03526	0.00838	0.01067	0.00868	0.02531	0.01249	0.01228	0.08778	0.17334	0.15886	0.19880	0.01068	0.00656	0.00181	0.05523	0.00885	0.00466	0.00574

[dist]
# distance from previous block
# <min> <max>
0	3

[block]
# block no. 3 follows, 44 sequences, length 13
# corresponding to MSA columns:
# 103-109,111-116
name=unknown_D
#
# <colnr> <probs for GDERKNQSTAVLIFYWHMCP>
#	G	D	E	R	K	N	Q	S	T	A	V	L	I	F	Y	W	H	M	C	P
0	0.08977	0.12856	0.42550	0.01310	0.01928	0.03846	0.03013	0.07155	0.01289	0.08834	0.02751	0.01232	0.00862	0.00548	0.00488	0.00163	0.00690	0.00414	0.00315	0.00778
1	0.01619	0.03866	0.01647	0.21032	0.07709	0.39973	0.01213	0.03559	0.04931	0.01471	0.00951	0.01199	0.00772	0.00592	0.00616	0.00162	0.07325	0.00419	0.00285	0.00659
2	0.00679	0.00485	0.00648	0.00765	0.00806	0.00454	0.00521	0.00788	0.01079	0.01444	0.06996	0.73406	0.03670	0.01668	0.00695	0.00220	0.00321	0.04396	0.00511	0.00449
3	0.01234	0.01135	0.01846	0.45158	0.30462	0.01282	0.01532	0.07734	0.01269	0.01706	0.01018	0.01403	0.00793	0.00533	0.00543	0.00173	0.00687	0.00485	0.00278	0.00727
4	0.00689	0.00496	0.00656	0.00765	0.00818	0.00464	0.00533	0.00810	0.01106	0.01474	0.08648	0.65626	0.06758	0.01634	0.00694	0.00219	0.00325	0.07319	0.00513	0.00454
5	0.00692	0.00554	0.00618	0.00602	0.00765	0.00480	0.00452	0.00874	0.01355	0.01739	0.32224	0.04809	0.50351	0.01281	0.00644	0.00179	0.00269	0.01089	0.00541	0.00480
6	0.00759	0.00540	0.00686	0.00764	0.00817	0.00522	0.00519	0.04293	0.01108	0.01482	0.05849	0.60591	0.03305	0.12580	0.00976	0.00260	0.00362	0.03644	0.00487	0.00455
7	0.08046	0.00987	0.01598	0.62635	0.03262	0.01198	0.05516	0.01422	0.01084	0.01531	0.00993	0.01430	0.00755	0.00552	0.00557	0.00179	0.02700	0.00479	0.04471	0.00606
8	0.84691	0.01054	0.00801	0.00717	0.01054	0.01223	0.00590	0.01603	0.00928	0.02446	0.00759	0.00886	0.00590	0.00506	0.00337	0.00169	0.00422	0.00295	0.00337	0.00590
9	0.01461	0.01606	0.04701	0.10985	0.34804	0.21730	0.01366	0.01815	0.05763	0.01646	0.01074	0.01332	0.00873	0.00553	0.00558	0.00161	0.03252	0.00456	0.05123	0.00742
10	0.01387	0.00862	0.01017	0.00869	0.01143	0.02887	0.00680	0.01875	0.16156	0.22135	0.32860	0.02814	0.04998	0.00864	0.00579	0.00166	0.00377	0.00735	0.00579	0.07019
11	0.00664	0.00474	0.00633	0.00759	0.00791	0.00443	0.00506	0.00759	0.01044	0.01392	0.03005	0.80485	0.03606	0.01708	0.00696	0.00221	0.00316	0.01550	0.00506	0.00443
12	0.03864	0.06690	0.05004	0.02945	0.01662	0.01352	0.14129	0.01424	0.01021	0.01551	0.00969	0.02890	0.00858	0.00805	0.03430	0.00204	0.32767	0.00488	0.04715	0.13232

[dist]
# distance from previous block
# <min> <max>
1	8

[block]
# block no. 4 follows, 44 sequences, length 11
# corresponding to MSA columns:
# 127-137
name=unknown_E
#
# <colnr> <probs for GDERKNQSTAVLIFYWHMCP>
#	G	D	E	R	K	N	Q	S	T	A	V	L	I	F	Y	W	H	M	C	P
0	0.47336	0.14452	0.04696	0.02661	0.01379	0.03715	0.05980	0.01679	0.06011	0.02056	0.01140	0.01251	0.04632	0.00560	0.00408	0.00163	0.00517	0.00394	0.00330	0.00641
1	0.01417	0.52572	0.14084	0.01288	0.06632	0.07047	0.03860	0.01677	0.01148	0.01404	0.00825	0.00990	0.00715	0.00502	0.00467	0.00137	0.03931	0.00346	0.00240	0.00719
2	0.01345	0.60837	0.04478	0.00969	0.01380	0.01867	0.00936	0.01534	0.01070	0.01327	0.00841	0.01040	0.00770	0.00838	0.07835	0.00195	0.05975	0.00337	0.00245	0.06180
3	0.01219	0.00840	0.03462	0.00916	0.02469	0.00772	0.00726	0.10698	0.04370	0.13665	0.29894	0.12780	0.08318	0.01066	0.00622	0.00183	0.00390	0.06406	0.00560	0.00645
4	0.01159	0.00938	0.01169	0.04608	0.01313	0.03810	0.02981	0.07033	0.13273	0.04440	0.11989	0.02196	0.01797	0.06530	0.20371	0.00376	0.10191	0.00622	0.04583	0.00622
5	0.00727	0.00544	0.00677	0.00679	0.00803	0.00493	0.00502	0.00929	0.01378	0.01868	0.45600	0.17929	0.21019	0.01292	0.00656	0.00186	0.00280	0.03392	0.00559	0.00489
6	0.01348	0.09002	0.04884	0.13690	0.14901	0.09704	0.24295	0.01780	0.07135	0.01626	0.01070	0.01356	0.00847	0.00542	0.00625	0.00172	0.05503	0.00509	0.00284	0.00727
7	0.00680	0.00489	0.00620	0.00717	0.00758	0.00456	0.00473	0.00766	0.01027	0.01352	0.03061	0.62590	0.10314	0.12794	0.00983	0.00261	0.00342	0.01406	0.00481	0.00429
8	0.01579	0.06190	0.06366	0.16288	0.13761	0.22442	0.01219	0.08172	0.01411	0.07930	0.01241	0.01425	0.03425	0.00594	0.00538	0.00159	0.02256	0.00461	0.03825	0.00716
9	0.04753	0.50581	0.02304	0.01050	0.01443	0.16868	0.00947	0.01815	0.01213	0.08549	0.00903	0.01007	0.00758	0.00535	0.00481	0.00135	0.05333	0.00338	0.00288	0.00698
10	0.71742	0.01170	0.04609	0.03077	0.01296	0.01248	0.04130	0.04130	0.01015	0.02384	0.00810	0.00955	0.00621	0.00511	0.00373	0.00170	0.00477	0.00328	0.00334	0.00619

[dist]
# distance from previous block
# <min> <max>
0	56

[block]
# block no. 5 follows, 44 sequences, length 17
# corresponding to MSA columns:
# 194-210
name=unknown_F
#
# <colnr> <probs for GDERKNQSTAVLIFYWHMCP>
#	G	D	E	R	K	N	Q	S	T	A	V	L	I	F	Y	W	H	M	C	P
0	0.01458	0.81168	0.02857	0.00933	0.01399	0.02157	0.00933	0.01632	0.01108	0.01283	0.00758	0.00875	0.00700	0.00466	0.00350	0.00117	0.00583	0.00292	0.00233	0.00700
1	0.01907	0.01410	0.01505	0.01183	0.01581	0.01564	0.00968	0.61133	0.11826	0.03190	0.01458	0.01452	0.01054	0.00664	0.00535	0.00164	0.00554	0.00508	0.06456	0.00889
2	0.00683	0.00489	0.00640	0.00748	0.00790	0.00457	0.00505	0.00786	0.01065	0.01420	0.06514	0.67946	0.05630	0.06270	0.00815	0.00237	0.00331	0.03733	0.00500	0.00442
3	0.00702	0.00583	0.00621	0.00627	0.00799	0.00518	0.00472	0.00926	0.05360	0.01560	0.09307	0.11375	0.59444	0.01363	0.00648	0.00189	0.00296	0.04210	0.00514	0.00486
4	0.01080	0.00626	0.00828	0.00738	0.00921	0.00567	0.00567	0.01329	0.01546	0.16123	0.63331	0.03664	0.04445	0.01034	0.00626	0.00171	0.00295	0.00905	0.00614	0.00591
5	0.02224	0.00874	0.01189	0.00940	0.01316	0.00759	0.00764	0.02427	0.01516	0.68149	0.05427	0.08572	0.01702	0.00781	0.00565	0.00173	0.00443	0.00651	0.00657	0.00869
6	0.00752	0.00549	0.00702	0.00678	0.00800	0.00504	0.00501	0.00979	0.01457	0.02030	0.62906	0.10594	0.11054	0.03216	0.00702	0.00186	0.00271	0.01042	0.00577	0.00499
7	0.01252	0.01014	0.01575	0.03920	0.39542	0.00973	0.01183	0.01525	0.01284	0.08907	0.07964	0.02527	0.10328	0.00753	0.00571	0.00168	0.00523	0.07834	0.00389	0.07769
8	0.01130	0.00969	0.01130	0.00807	0.01292	0.00727	0.00646	0.01373	0.01130	0.01776	0.00969	0.01130	0.00807	0.00404	0.00404	0.00081	0.00404	0.00323	0.00323	0.84173
9	0.01372	0.01355	0.02138	0.07790	0.68450	0.05966	0.01626	0.01687	0.01251	0.01731	0.01011	0.01333	0.00846	0.00494	0.00537	0.00162	0.00673	0.00478	0.00269	0.00834
10	0.01502	0.01008	0.01232	0.05132	0.01482	0.00853	0.00762	0.08098	0.01349	0.18964	0.01264	0.01326	0.00935	0.00494	0.00456	0.00113	0.00452	0.00397	0.00417	0.53765
11	0.01130	0.00969	0.01130	0.00807	0.01292	0.00727	0.00646	0.01373	0.01130	0.01776	0.00969	0.01130	0.00807	0.00404	0.00404	0.00081	0.00404	0.00323	0.00323	0.84173
12	0.01672	0.00919	0.01143	0.00891	0.01262	0.00814	0.00719	0.10215	0.01555	0.32237	0.17964	0.02159	0.03583	0.00713	0.00534	0.00147	0.00416	0.00592	0.00551	0.21915
13	0.17896	0.01231	0.03602	0.11636	0.42301	0.03996	0.01327	0.01591	0.01195	0.01884	0.07369	0.01481	0.01143	0.00553	0.00506	0.00166	0.00595	0.00483	0.00307	0.00739
14	0.01211	0.06017	0.01626	0.05883	0.01512	0.01466	0.02676	0.01373	0.00994	0.05528	0.08679	0.03837	0.01288	0.00913	0.01387	0.00215	0.53918	0.00557	0.00307	0.00611
15	0.05564	0.05903	0.14749	0.00941	0.01228	0.03293	0.00856	0.09486	0.01274	0.01748	0.05674	0.26245	0.11920	0.07743	0.00765	0.00213	0.00488	0.00906	0.00418	0.00587
16	0.01143	0.03514	0.01671	0.28491	0.03773	0.01241	0.10474	0.07036	0.07374	0.01659	0.01606	0.06659	0.07531	0.00890	0.03764	0.00216	0.11342	0.00635	0.00335	0.00647

[dist]
# distance from previous block
# <min> <max>
7	28

[block]
# block no. 6 follows, 44 sequences, length 84
# corresponding to MSA columns:
# 250-319,321-334
name=unknown_G
#
# <colnr> <probs for GDERKNQSTAVLIFYWHMCP>
#	G	D	E	R	K	N	Q	S	T	A	V	L	I	F	Y	W	H	M	C	P
0	0.01268	0.01212	0.02065	0.22803	0.58621	0.01274	0.01633	0.01602	0.01203	0.01682	0.01011	0.01376	0.00829	0.00501	0.00541	0.00167	0.00668	0.00485	0.00263	0.00798
1	0.00787	0.00529	0.00593	0.00593	0.00600	0.00526	0.00333	0.00792	0.00809	0.01072	0.01854	0.03628	0.04679	0.77992	0.02698	0.00516	0.00519	0.00806	0.00337	0.00335
2	0.01275	0.01405	0.05338	0.07818	0.27308	0.01359	0.37666	0.01663	0.01218	0.01699	0.01033	0.01396	0.00819	0.00515	0.00688	0.00180	0.07033	0.00559	0.00267	0.00760
3	0.00661	0.00497	0.00610	0.00700	0.00772	0.00449	0.00478	0.00766	0.01093	0.01407	0.03664	0.58483	0.23606	0.03190	0.00723	0.00217	0.00310	0.01426	0.00503	0.00445
4	0.01161	0.00990	0.01146	0.00829	0.01306	0.00773	0.00663	0.03234	0.03865	0.01835	0.01022	0.01167	0.00841	0.00422	0.00413	0.00086	0.00410	0.00338	0.00337	0.79161
5	0.01276	0.01629	0.21696	0.03266	0.02152	0.01189	0.25587	0.01678	0.01189	0.07446	0.01079	0.01315	0.00814	0.00530	0.00664	0.00163	0.08615	0.00484	0.00300	0.18928
6	0.01852	0.01387	0.01494	0.01187	0.01586	0.01530	0.00965	0.52885	0.19334	0.04877	0.01563	0.03264	0.01162	0.00689	0.00546	0.00167	0.00545	0.00539	0.00542	0.03885
7	0.01746	0.01276	0.04097	0.01128	0.01504	0.03031	0.00928	0.16673	0.40951	0.19591	0.01954	0.01800	0.01395	0.00697	0.00549	0.00176	0.00497	0.00563	0.00562	0.00883
8	0.01919	0.01515	0.01581	0.01313	0.04379	0.05831	0.01030	0.56206	0.15388	0.03059	0.01432	0.01419	0.01041	0.00658	0.00544	0.00166	0.00593	0.00505	0.00523	0.00897
9	0.02947	0.00878	0.01372	0.36934	0.09142	0.00954	0.02325	0.01278	0.01045	0.03073	0.01150	0.07539	0.01025	0.00860	0.00827	0.15667	0.00589	0.00543	0.00287	0.11563
10	0.02336	0.00484	0.00698	0.00719	0.00731	0.00481	0.00481	0.00735	0.00775	0.01054	0.01320	0.16038	0.01426	0.01836	0.01838	0.67370	0.00444	0.00667	0.00288	0.00280
11	0.01340	0.01321	0.02361	0.03191	0.66416	0.01308	0.12577	0.01684	0.01248	0.01776	0.01037	0.01367	0.00858	0.00482	0.00555	0.00165	0.00688	0.00509	0.00271	0.00845
12	0.01090	0.01020	0.01725	0.62584	0.18131	0.01209	0.01519	0.01431	0.01110	0.01458	0.00980	0.01438	0.00759	0.00568	0.00584	0.02310	0.00705	0.00484	0.00248	0.00647
13	0.01199	0.01141	0.01961	0.33456	0.39315	0.01235	0.05695	0.01553	0.02412	0.01612	0.01070	0.01529	0.00876	0.00565	0.00585	0.01876	0.00684	0.02235	0.00269	0.00732
14	0.00677	0.00500	0.00623	0.00709	0.00776	0.00458	0.00485	0.00786	0.01098	0.01432	0.06960	0.55720	0.18629	0.06083	0.00801	0.00229	0.00321	0.02769	0.00501	0.00445
15	0.05489	0.00574	0.00707	0.00706	0.00767	0.00609	0.00479	0.00910	0.00899	0.01306	0.07364	0.07780	0.02050	0.41461	0.26022	0.00571	0.00779	0.00761	0.00350	0.00415
16	0.01325	0.01117	0.01282	0.01103	0.01349	0.08535	0.06430	0.18937	0.06546	0.03271	0.01811	0.05196	0.06030	0.07223	0.17355	0.00351	0.02487	0.05246	0.03758	0.00646
17	0.00764	0.00529	0.00593	0.00600	0.00630	0.00513	0.00356	0.00793	0.00884	0.01155	0.03633	0.08537	0.12637	0.63509	0.02313	0.00455	0.00476	0.00893	0.00370	0.00359
18	0.00664	0.00474	0.00633	0.00759	0.00791	0.00443	0.00506	0.00759	0.01044	0.01392	0.03005	0.80485	0.03606	0.01708	0.00696	0.00221	0.00316	0.01550	0.00506	0.00443
19	0.01119	0.01089	0.01729	0.38836	0.08321	0.01387	0.04050	0.01382	0.01008	0.01403	0.00922	0.02998	0.00797	0.00722	0.01037	0.00203	0.31616	0.00510	0.00250	0.00623
20	0.06128	0.47045	0.10676	0.03956	0.01641	0.12088	0.02637	0.01683	0.01143	0.01419	0.00805	0.00977	0.00698	0.00527	0.00508	0.00142	0.06654	0.00340	0.00247	0.00686
21	0.01421	0.01447	0.02091	0.07556	0.63165	0.11458	0.01582	0.01723	0.01272	0.01700	0.00998	0.01307	0.00834	0.00499	0.00534	0.00160	0.00696	0.00468	0.00270	0.00818
22	0.00680	0.00486	0.00649	0.00771	0.00811	0.00455	0.00528	0.00788	0.01069	0.01427	0.04961	0.74139	0.03619	0.01681	0.00698	0.00222	0.00326	0.05734	0.00508	0.00448
23	0.01281	0.01226	0.02090	0.19555	0.61763	0.01277	0.01639	0.01614	0.01209	0.01699	0.01013	0.01371	0.00834	0.00498	0.00541	0.00166	0.00664	0.00485	0.00264	0.00809
24	0.00698	0.00495	0.00626	0.00709	0.00746	0.00466	0.00464	0.00783	0.01026	0.01367	0.07004	0.55765	0.06823	0.19011	0.01146	0.00284	0.00358	0.01333	0.00473	0.00423
25	0.01154	0.00983	0.01143	0.00819	0.01302	0.00751	0.00656	0.03218	0.01166	0.01818	0.00977	0.01135	0.00810	0.00410	0.00407	0.00083	0.00409	0.00327	0.00329	0.82104
26	0.01419	0.74929	0.04360	0.00932	0.01386	0.02050	0.00933	0.01606	0.01104	0.01314	0.00812	0.00949	0.00738	0.00568	0.02428	0.00138	0.00601	0.00308	0.02735	0.00691
27	0.00706	0.00564	0.00623	0.00644	0.00797	0.00499	0.00495	0.00856	0.01213	0.01490	0.07548	0.05201	0.53532	0.09111	0.00871	0.00229	0.00341	0.14329	0.00492	0.00457
28	0.00688	0.00506	0.00634	0.00701	0.00775	0.00464	0.00482	0.00815	0.01156	0.01534	0.17108	0.49067	0.16458	0.05984	0.00794	0.00223	0.00310	0.01334	0.00514	0.00453
29	0.00667	0.00477	0.00635	0.00757	0.00791	0.00445	0.00506	0.00766	0.01057	0.01412	0.04924	0.78507	0.03646	0.01693	0.00694	0.00220	0.00315	0.01535	0.00509	0.00445
30	0.00852	0.00625	0.00835	0.00934	0.01068	0.00617	0.00798	0.01118	0.03245	0.01638	0.05430	0.08495	0.12164	0.01466	0.00729	0.00238	0.00459	0.58278	0.00507	0.00505
31	0.09541	0.00791	0.00989	0.00819	0.01122	0.00721	0.00657	0.01882	0.01463	0.40435	0.24684	0.02768	0.10105	0.00861	0.00566	0.00171	0.00379	0.00716	0.00604	0.00725
32	0.00660	0.00529	0.00591	0.00633	0.00765	0.00460	0.00457	0.00791	0.01189	0.01472	0.06818	0.29134	0.49905	0.01480	0.00663	0.00197	0.00294	0.02995	0.00509	0.00457
33	0.00817	0.00550	0.00625	0.00620	0.00632	0.00556	0.00358	0.02410	0.00839	0.01121	0.01731	0.05204	0.01980	0.75391	0.04608	0.00523	0.00549	0.00798	0.00338	0.00350
34	0.02001	0.01484	0.01591	0.01235	0.01656	0.01644	0.01015	0.69910	0.06657	0.03326	0.01397	0.03094	0.01027	0.00682	0.00549	0.00166	0.00584	0.00521	0.00545	0.00913
35	0.00679	0.00510	0.00617	0.00689	0.00771	0.00463	0.00477	0.00790	0.01110	0.01428	0.06511	0.47025	0.25525	0.07561	0.00837	0.00232	0.00324	0.03511	0.00496	0.00444
36	0.13019	0.01443	0.01501	0.01174	0.01590	0.01608	0.00967	0.61415	0.06777	0.03235	0.01290	0.01296	0.00927	0.00640	0.00518	0.00166	0.00566	0.00472	0.00518	0.00878
37	0.00795	0.00619	0.00813	0.00804	0.00954	0.00548	0.02786	0.00942	0.01095	0.01489	0.03937	0.42831	0.09775	0.07361	0.00800	0.00217	0.00379	0.08225	0.00455	0.15176
38	0.01307	0.01252	0.02137	0.13380	0.67735	0.01284	0.01652	0.01636	0.01221	0.01730	0.01018	0.01363	0.00846	0.00494	0.00540	0.00165	0.00658	0.00486	0.00266	0.00830
39	0.04150	0.00815	0.01089	0.06840	0.01388	0.00773	0.00795	0.01925	0.04345	0.38117	0.14522	0.03037	0.06552	0.00906	0.00595	0.00185	0.00443	0.12218	0.00578	0.00729
40	0.00947	0.00473	0.00710	0.00710	0.00710	0.00473	0.00473	0.00710	0.00710	0.00947	0.00947	0.01657	0.00947	0.01894	0.02131	0.84138	0.00473	0.00473	0.00237	0.00237
41	0.01346	0.00687	0.00887	0.00791	0.01027	0.00608	0.00623	0.01545	0.01416	0.29159	0.22271	0.10884	0.18840	0.01098	0.00622	0.00184	0.00360	0.06417	0.00591	0.00644
42	0.07673	0.00663	0.00740	0.00724	0.00896	0.00637	0.00547	0.05226	0.01250	0.06708	0.07734	0.17562	0.28718	0.09039	0.00831	0.00226	0.00371	0.08078	0.01855	0.00520
43	0.00660	0.00553	0.00573	0.00568	0.00746	0.00467	0.00426	0.00812	0.01279	0.01559	0.14134	0.05106	0.68554	0.01349	0.00644	0.00183	0.00274	0.01131	0.00518	0.00467
44	0.01034	0.00686	0.00806	0.00764	0.00968	0.00647	0.00590	0.01393	0.11334	0.12457	0.15966	0.12168	0.31145	0.01196	0.00632	0.00189	0.00342	0.06542	0.00552	0.00590
45	0.00797	0.00602	0.00754	0.00839	0.00934	0.00603	0.00616	0.01121	0.11525	0.01561	0.03017	0.52329	0.07387	0.01520	0.00683	0.00219	0.00363	0.14105	0.00512	0.00512
46	0.00947	0.00473	0.00710	0.00710	0.00710	0.00473	0.00473	0.00710	0.00710	0.00947	0.00947	0.01657	0.00947	0.01894	0.02131	0.84138	0.00473	0.00473	0.00237	0.00237
47	0.00783	0.00524	0.00597	0.00607	0.00609	0.00522	0.00344	0.00790	0.00812	0.01082	0.01815	0.09380	0.02105	0.74860	0.02618	0.00505	0.00513	0.00850	0.00344	0.00339
48	0.02866	0.00630	0.00678	0.00664	0.00840	0.00581	0.00499	0.06533	0.01329	0.01700	0.11436	0.15223	0.49054	0.02729	0.00677	0.00194	0.00319	0.03035	0.00511	0.00501
49	0.00694	0.00493	0.00649	0.00752	0.00793	0.00465	0.00510	0.00801	0.01071	0.01435	0.08492	0.64418	0.03560	0.08420	0.00872	0.00245	0.00339	0.05052	0.00498	0.00442
50	0.02346	0.00902	0.01230	0.00958	0.01358	0.00781	0.00785	0.02550	0.01531	0.73527	0.02199	0.06270	0.01476	0.00733	0.00557	0.00172	0.00456	0.00604	0.00665	0.00901
51	0.07565	0.01057	0.01199	0.00891	0.01331	0.00937	0.00721	0.10570	0.01276	0.02006	0.00981	0.01138	0.00801	0.00474	0.00495	0.00107	0.04960	0.00350	0.00347	0.62794
52	0.00726	0.00568	0.00670	0.00651	0.00804	0.00519	0.00490	0.00949	0.02913	0.01788	0.36766	0.05754	0.36750	0.01460	0.06540	0.00231	0.00361	0.01031	0.00533	0.00494
53	0.02376	0.00930	0.01255	0.00967	0.01378	0.00814	0.00797	0.04451	0.01585	0.73196	0.04838	0.01922	0.01476	0.00690	0.00552	0.00169	0.00460	0.00563	0.00669	0.00913
54	0.01100	0.01093	0.01628	0.18085	0.01972	0.04073	0.08964	0.01320	0.00999	0.01382	0.01280	0.01707	0.06599	0.01262	0.11792	0.00300	0.35026	0.00557	0.00272	0.00589
55	0.01189	0.01076	0.01709	0.56202	0.14824	0.01272	0.01468	0.09274	0.01268	0.01672	0.01050	0.01518	0.00821	0.00576	0.00574	0.00179	0.02298	0.02068	0.00284	0.00677
56	0.00892	0.00502	0.00744	0.00748	0.00772	0.00525	0.00520	0.00778	0.00763	0.01041	0.01161	0.04200	0.01164	0.05250	0.20674	0.58442	0.00710	0.00544	0.00262	0.00307
57	0.05224	0.59866	0.16510	0.01053	0.01572	0.03537	0.01120	0.03158	0.01146	0.01462	0.00811	0.00937	0.00698	0.00483	0.00387	0.00131	0.00625	0.00317	0.00245	0.00717
58	0.00697	0.00506	0.00657	0.00721	0.00794	0.00467	0.00502	0.00846	0.01216	0.01648	0.26554	0.50900	0.09478	0.01497	0.00675	0.00203	0.00295	0.01343	0.00536	0.00467
59	0.74519	0.01039	0.00859	0.00748	0.01096	0.01171	0.00616	0.01733	0.01006	0.11768	0.00931	0.01006	0.00684	0.00527	0.00363	0.00169	0.00427	0.00327	0.00379	0.00632
60	0.01135	0.00986	0.01171	0.00855	0.01303	0.00798	0.00687	0.01368	0.01108	0.01741	0.00950	0.01135	0.00801	0.00445	0.00508	0.00093	0.06407	0.00335	0.00317	0.77857
61	0.00667	0.00491	0.00626	0.00724	0.00784	0.00449	0.00493	0.00778	0.01101	0.01448	0.07539	0.65096	0.14552	0.01626	0.00685	0.00213	0.00307	0.01459	0.00511	0.00449
62	0.00782	0.00570	0.00804	0.00804	0.00877	0.00642	0.00592	0.00927	0.00855	0.01212	0.01526	0.02506	0.01521	0.23700	0.59285	0.00787	0.01222	0.00637	0.00302	0.00447
63	0.00653	0.00542	0.00573	0.00595	0.00755	0.00462	0.00440	0.00787	0.01212	0.01464	0.05069	0.16876	0.64021	0.01434	0.00655	0.00192	0.00288	0.03017	0.00506	0.00459
64	0.00660	0.00489	0.00617	0.00720	0.00780	0.00446	0.00489	0.00764	0.01082	0.01407	0.03486	0.66093	0.17686	0.01645	0.00686	0.00214	0.00309	0.01473	0.00506	0.00446
65	0.49911	0.00972	0.00942	0.00791	0.01146	0.01019	0.00649	0.01902	0.01170	0.28321	0.01605	0.01555	0.06745	0.00631	0.00434	0.00170	0.00425	0.00448	0.00467	0.00697
66	0.01372	0.01179	0.01242	0.01113	0.01424	0.01364	0.00867	0.04524	0.74801	0.02306	0.02199	0.02018	0.01648	0.00738	0.00555	0.00184	0.00435	0.00614	0.00555	0.00864
67	0.71849	0.00986	0.00788	0.00708	0.01024	0.01116	0.00577	0.01531	0.01000	0.03988	0.05438	0.01415	0.06653	0.00610	0.00382	0.00170	0.00402	0.00404	0.00372	0.00584
68	0.00793	0.00529	0.00595	0.00595	0.00595	0.00529	0.00330	0.00793	0.00793	0.01057	0.01718	0.03568	0.01982	0.80840	0.02775	0.00529	0.00529	0.00793	0.00330	0.00330
69	0.14532	0.00853	0.00934	0.00829	0.01075	0.00882	0.00649	0.15617	0.01445	0.14354	0.05185	0.18759	0.01846	0.00894	0.00519	0.00172	0.00398	0.02113	0.18291	0.00654
70	0.00743	0.00559	0.00632	0.00646	0.00797	0.00493	0.00472	0.00915	0.02809	0.04303	0.12414	0.24125	0.46345	0.01397	0.00652	0.00192	0.00294	0.01202	0.00523	0.00487
71	0.00648	0.00552	0.00558	0.00556	0.00739	0.00462	0.00417	0.00790	0.01252	0.01494	0.07664	0.05212	0.75064	0.01373	0.00644	0.00184	0.00276	0.01146	0.00509	0.00462
72	0.00729	0.00509	0.00622	0.00674	0.00707	0.00487	0.00428	0.00800	0.00993	0.01329	0.09705	0.37300	0.05973	0.35423	0.01576	0.00346	0.00400	0.01156	0.00440	0.00402
73	0.00740	0.00512	0.00691	0.00764	0.00815	0.00511	0.00536	0.00835	0.00989	0.01344	0.03550	0.44162	0.04372	0.09589	0.15416	0.06711	0.00567	0.05233	0.02231	0.00431
74	0.02037	0.02598	0.01545	0.01404	0.01685	0.78652	0.01053	0.02177	0.01545	0.01334	0.00843	0.00983	0.00702	0.00562	0.00492	0.00140	0.00983	0.00351	0.00281	0.00632
75	0.00664	0.00474	0.00633	0.00759	0.00791	0.00443	0.00506	0.00759	0.01044	0.01392	0.03005	0.80485	0.03606	0.01708	0.00696	0.00221	0.00316	0.01550	0.00506	0.00443
76	0.84691	0.01054	0.00801	0.00717	0.01054	0.01223	0.00590	0.01603	0.00928	0.02446	0.00759	0.00886	0.00590	0.00506	0.00337	0.00169	0.00422	0.00295	0.00337	0.00590
77	0.01232	0.01215	0.02049	0.19362	0.33965	0.01383	0.09074	0.01526	0.01107	0.01571	0.00941	0.01344	0.00792	0.00618	0.00876	0.00188	0.21278	0.00499	0.00256	0.00725
78	0.01030	0.00969	0.01635	0.79530	0.03755	0.01211	0.01514	0.01393	0.01090	0.01393	0.00969	0.01453	0.00727	0.00545	0.00545	0.00182	0.00727	0.00484	0.00242	0.00606
79	0.01283	0.01465	0.04999	0.04761	0.14045	0.01358	0.60228	0.01724	0.01270	0.01740	0.01084	0.01443	0.00826	0.00468	0.00622	0.00180	0.00870	0.00609	0.00273	0.00752
80	0.01360	0.03432	0.07716	0.01438	0.01886	0.01188	0.23393	0.05309	0.03172	0.08937	0.02491	0.01388	0.00946	0.00560	0.00688	0.00156	0.10691	0.00493	0.00343	0.24412
81	0.84691	0.01054	0.00801	0.00717	0.01054	0.01223	0.00590	0.01603	0.00928	0.02446	0.00759	0.00886	0.00590	0.00506	0.00337	0.00169	0.00422	0.00295	0.00337	0.00590
82	0.01326	0.52778	0.30092	0.01158	0.01747	0.01834	0.01325	0.01667	0.01123	0.01443	0.00838	0.00975	0.00696	0.00485	0.00411	0.00137	0.00664	0.00332	0.00232	0.00738
83	0.00891	0.00580	0.00742	0.00756	0.00889	0.00534	0.00564	0.01092	0.02628	0.08731	0.25497	0.30662	0.14690	0.01350	0.00662	0.00198	0.00326	0.08133	0.00550	0.00525

[dist]
# distance from previous block
# <min> <max>
0	11

[block]
# block no. 7 follows, 44 sequences, length 20
# corresponding to MSA columns:
# 346-365
name=unknown_H
#
# <colnr> <probs for GDERKNQSTAVLIFYWHMCP>
#	G	D	E	R	K	N	Q	S	T	A	V	L	I	F	Y	W	H	M	C	P
0	0.02072	0.01527	0.01636	0.01254	0.01691	0.01691	0.01036	0.75622	0.02563	0.03436	0.01309	0.01309	0.00927	0.00654	0.00545	0.00164	0.00600	0.00491	0.00545	0.00927
1	0.01809	0.00766	0.01039	0.00895	0.01177	0.00673	0.00696	0.01979	0.01376	0.50506	0.02456	0.29955	0.02156	0.01044	0.00601	0.00188	0.00411	0.00906	0.00614	0.00754
2	0.00776	0.00575	0.00823	0.00808	0.00917	0.00622	0.00622	0.00993	0.01115	0.01595	0.28510	0.02832	0.02714	0.03026	0.50793	0.00624	0.01030	0.00728	0.00402	0.00497
3	0.01700	0.01328	0.01636	0.29227	0.02428	0.01519	0.01207	0.49095	0.02037	0.02706	0.01187	0.01361	0.00856	0.00615	0.00545	0.00170	0.00645	0.00489	0.00437	0.00812
4	0.00854	0.00782	0.00971	0.00881	0.00993	0.00898	0.00703	0.00998	0.01129	0.01492	0.11513	0.03672	0.42123	0.01200	0.01053	0.00202	0.28708	0.00892	0.00421	0.00515
5	0.01250	0.00885	0.00967	0.00830	0.00986	0.00944	0.00583	0.27534	0.01426	0.01907	0.01572	0.02760	0.01605	0.52185	0.01978	0.00398	0.00554	0.00685	0.00407	0.00544
6	0.02037	0.02598	0.01545	0.01404	0.01685	0.78652	0.01053	0.02177	0.01545	0.01334	0.00843	0.00983	0.00702	0.00562	0.00492	0.00140	0.00983	0.00351	0.00281	0.00632
7	0.01472	0.08476	0.44852	0.01398	0.02046	0.01487	0.01580	0.28126	0.01652	0.02303	0.01079	0.01186	0.00776	0.00563	0.00515	0.00165	0.00715	0.00426	0.00343	0.00841
8	0.05697	0.74885	0.04855	0.00939	0.01409	0.02085	0.00946	0.01634	0.01100	0.01354	0.00764	0.00883	0.00694	0.00470	0.00354	0.00121	0.00581	0.00295	0.00238	0.00697
9	0.00747	0.00509	0.00608	0.00653	0.00665	0.00498	0.00393	0.00781	0.00882	0.01177	0.02178	0.31055	0.02562	0.52562	0.02032	0.00419	0.00453	0.01063	0.00393	0.00371
10	0.00983	0.00857	0.01366	0.48005	0.02714	0.01023	0.01273	0.01295	0.01138	0.01475	0.01643	0.03120	0.01588	0.00907	0.00675	0.00209	0.04155	0.26674	0.00335	0.00568
11	0.00978	0.02011	0.50396	0.01244	0.01807	0.00997	0.01478	0.01477	0.01291	0.01891	0.28200	0.02195	0.02282	0.00731	0.00563	0.00172	0.00610	0.00611	0.00362	0.00702
12	0.00816	0.01318	0.28281	0.01029	0.01348	0.00738	0.01039	0.01106	0.01095	0.01517	0.02450	0.47072	0.07516	0.01261	0.00629	0.00201	0.00488	0.01113	0.00408	0.00574
13	0.01209	0.01086	0.01517	0.01715	0.28504	0.00930	0.01013	0.01480	0.01170	0.01778	0.00989	0.01209	0.00828	0.00433	0.00452	0.00110	0.00491	0.00381	0.00304	0.54402
14	0.55300	0.01009	0.00967	0.00807	0.01175	0.01072	0.00666	0.01979	0.01154	0.29381	0.01256	0.01232	0.00862	0.00566	0.00413	0.00169	0.00437	0.00386	0.00458	0.00711
15	0.01612	0.01298	0.01377	0.01161	0.01515	0.01476	0.00925	0.28886	0.50049	0.02693	0.01894	0.01775	0.01401	0.00709	0.00551	0.00177	0.00492	0.00572	0.00551	0.00886
16	0.00690	0.00491	0.00652	0.00752	0.00787	0.00476	0.00504	0.00784	0.00999	0.01342	0.02710	0.64249	0.03206	0.10791	0.08526	0.00320	0.00451	0.01371	0.00466	0.00435
17	0.01623	0.01894	0.01307	0.01261	0.01487	0.50769	0.00991	0.01803	0.01441	0.01440	0.01573	0.02829	0.01573	0.00899	0.00585	0.00180	0.00811	0.26588	0.00360	0.00586
18	0.02032	0.01122	0.01963	0.01444	0.01913	0.01008	0.27481	0.02331	0.01463	0.50632	0.01776	0.01718	0.01163	0.00598	0.00582	0.00174	0.00627	0.00582	0.00532	0.00859
19	0.01104	0.31931	0.19634	0.01029	0.01414	0.03329	0.01037	0.01357	0.01106	0.01427	0.01615	0.29392	0.01736	0.00925	0.00517	0.00168	0.00550	0.00769	0.00331	0.00631

[dist]
# distance from previous block
# <min> <max>
0	5

[block]
# block no. 8 follows, 44 sequences, length 11
# corresponding to MSA columns:
# 371-381
name=unknown_I
#
# <colnr> <probs for GDERKNQSTAVLIFYWHMCP>
#	G	D	E	R	K	N	Q	S	T	A	V	L	I	F	Y	W	H	M	C	P
0	0.01257	0.01063	0.01745	0.47305	0.21592	0.01227	0.01461	0.01578	0.01154	0.08815	0.01077	0.01447	0.00820	0.00573	0.00637	0.00180	0.06590	0.00490	0.00290	0.00700
1	0.00754	0.00512	0.00580	0.00625	0.00730	0.00470	0.00442	0.00905	0.01142	0.01597	0.06486	0.32351	0.25673	0.03856	0.00667	0.00194	0.00293	0.01122	0.21137	0.00464
2	0.22059	0.61340	0.02348	0.00879	0.01314	0.01926	0.00848	0.01625	0.01063	0.01571	0.00758	0.00877	0.00673	0.00476	0.00347	0.00129	0.00543	0.00292	0.00259	0.00673
3	0.07406	0.00994	0.01631	0.70634	0.03515	0.01218	0.04218	0.01422	0.01085	0.01486	0.00958	0.01411	0.00720	0.00539	0.00533	0.00181	0.00711	0.00476	0.00251	0.00609
4	0.01684	0.55890	0.02382	0.00976	0.01400	0.01789	0.00918	0.01864	0.01201	0.20227	0.01100	0.01139	0.00862	0.00551	0.00496	0.00138	0.05923	0.00368	0.00343	0.00749
5	0.00688	0.00538	0.00578	0.00591	0.00710	0.00477	0.00408	0.00792	0.01121	0.01388	0.07069	0.13127	0.47652	0.21074	0.01177	0.00273	0.00342	0.01100	0.00466	0.00428
6	0.01380	0.00959	0.01544	0.60086	0.03170	0.01110	0.01338	0.01706	0.01207	0.20308	0.01262	0.01553	0.00881	0.00577	0.00546	0.00178	0.00662	0.00500	0.00349	0.00685
7	0.01755	0.00980	0.01324	0.20440	0.01957	0.01024	0.00981	0.04158	0.17405	0.36684	0.01898	0.06115	0.01376	0.00713	0.00557	0.00178	0.00517	0.00601	0.00530	0.00807
8	0.57592	0.01063	0.06555	0.00739	0.01074	0.01037	0.00654	0.01409	0.01023	0.02151	0.01955	0.01985	0.19564	0.00723	0.00427	0.00173	0.00415	0.00515	0.00371	0.00574
9	0.07439	0.01618	0.21094	0.08305	0.02419	0.01234	0.35014	0.01601	0.01185	0.01729	0.01241	0.05571	0.01059	0.00628	0.00616	0.00187	0.02528	0.05539	0.00292	0.00698
10	0.00921	0.00608	0.00800	0.00745	0.00829	0.00592	0.04143	0.00996	0.00943	0.06956	0.02106	0.09660	0.07428	0.51832	0.07280	0.00452	0.00570	0.02329	0.00381	0.00428

[dist]
# distance from previous block
# <min> <max>
0	25

# created by:
# /st0/software/busco_prod/Augustus/scripts/msa2prfl.pl ./align_prep/193982.fa
