[name]
unknown

[dist]
# distance from previous block
# <min> <max>
11	119

[block]
# block no. 0 follows, 52 sequences, length 58
# corresponding to MSA columns:
# 244-301
name=unknown_A
#
# <colnr> <probs for GDERKNQSTAVLIFYWHMCP>
#	G	D	E	R	K	N	Q	S	T	A	V	L	I	F	Y	W	H	M	C	P
0	0.04223	0.05029	0.04115	0.01022	0.01386	0.09998	0.00859	0.39631	0.04723	0.16541	0.01445	0.01406	0.05302	0.00597	0.00470	0.00143	0.00526	0.00452	0.00448	0.01684
1	0.13506	0.01318	0.09778	0.02401	0.04588	0.08386	0.00906	0.21755	0.05495	0.09847	0.03703	0.01277	0.00943	0.00544	0.00466	0.00141	0.02213	0.01510	0.00376	0.10847
2	0.07910	0.01228	0.01238	0.05773	0.01454	0.14746	0.02894	0.15231	0.10670	0.18558	0.01240	0.01252	0.00895	0.00524	0.00446	0.00135	0.00523	0.00405	0.00402	0.14477
3	0.18074	0.02592	0.05180	0.03594	0.02848	0.00889	0.00728	0.09746	0.01185	0.17358	0.02748	0.06677	0.01030	0.00554	0.00419	0.00131	0.00417	0.00437	0.01803	0.23591
4	0.38868	0.02434	0.01091	0.06320	0.01331	0.06388	0.02388	0.19518	0.04242	0.06832	0.01049	0.03864	0.00837	0.00559	0.00409	0.00151	0.00476	0.02255	0.00365	0.00623
5	0.10997	0.01030	0.04195	0.00881	0.01262	0.03689	0.00746	0.13069	0.01384	0.42543	0.01511	0.01412	0.02642	0.00553	0.00448	0.00138	0.00443	0.00429	0.00478	0.12149
6	0.00728	0.00526	0.00676	0.00670	0.00725	0.00575	0.00464	0.00887	0.05284	0.01088	0.01448	0.02511	0.01493	0.41815	0.38388	0.00594	0.00845	0.00611	0.00290	0.00385
7	0.01106	0.00935	0.01081	0.01100	0.08092	0.01048	0.00777	0.02119	0.56474	0.01855	0.06247	0.06656	0.01703	0.00784	0.00583	0.04635	0.00390	0.03272	0.00454	0.00688
8	0.01245	0.01018	0.01118	0.05666	0.01379	0.01169	0.00797	0.02485	0.69976	0.06580	0.01904	0.01769	0.01415	0.00644	0.00492	0.00163	0.00400	0.00538	0.00483	0.00757
9	0.00614	0.00477	0.00568	0.00612	0.00716	0.00417	0.00430	0.00722	0.01001	0.01296	0.04450	0.48765	0.29796	0.01331	0.00584	0.00176	0.00273	0.01173	0.00440	0.06158
10	0.05999	0.01022	0.02413	0.11871	0.30949	0.02708	0.08115	0.04061	0.03439	0.10171	0.08454	0.06203	0.01295	0.00584	0.00495	0.00153	0.00529	0.00537	0.00334	0.00668
11	0.09041	0.03954	0.47709	0.05974	0.01972	0.01207	0.07374	0.12380	0.01182	0.01776	0.00891	0.01053	0.00647	0.00481	0.00479	0.00153	0.02395	0.00380	0.00257	0.00692
12	0.00901	0.00964	0.08886	0.39408	0.02231	0.00944	0.02722	0.01335	0.10394	0.01429	0.07506	0.01771	0.05889	0.00922	0.09217	0.00224	0.00627	0.00516	0.00295	0.03819
13	0.02165	0.00608	0.00750	0.00675	0.00822	0.00604	0.00519	0.07644	0.01378	0.04867	0.57307	0.03174	0.07959	0.02254	0.00618	0.00158	0.03454	0.00786	0.03756	0.00501
14	0.01212	0.01000	0.01164	0.11515	0.01505	0.01147	0.00850	0.19383	0.34051	0.02004	0.02955	0.06102	0.06016	0.00738	0.00571	0.00166	0.05028	0.03482	0.00433	0.00679
15	0.00897	0.00555	0.00674	0.00638	0.00728	0.00587	0.00461	0.03579	0.00958	0.05988	0.07282	0.05711	0.01670	0.25594	0.13486	0.00336	0.05085	0.00608	0.24725	0.00438
16	0.01017	0.04242	0.64299	0.01514	0.07644	0.01157	0.07230	0.01570	0.04016	0.01549	0.00918	0.01080	0.00667	0.00461	0.00467	0.00153	0.00696	0.00384	0.00221	0.00715
17	0.01071	0.00952	0.01450	0.25251	0.25486	0.01044	0.03215	0.05502	0.13641	0.01638	0.05661	0.04756	0.01249	0.00603	0.00499	0.00158	0.00522	0.03484	0.03171	0.00645
18	0.00962	0.04740	0.72800	0.01313	0.01980	0.01104	0.01673	0.01490	0.01045	0.01551	0.06169	0.01191	0.00881	0.00495	0.00464	0.00152	0.00678	0.00390	0.00227	0.00696
19	0.00711	0.00515	0.00576	0.00548	0.00713	0.00443	0.00416	0.00867	0.01197	0.06798	0.25140	0.04176	0.53922	0.01120	0.00567	0.00160	0.00252	0.00947	0.00483	0.00450
20	0.01199	0.01151	0.01967	0.02974	0.79946	0.01151	0.01487	0.01487	0.01103	0.01583	0.00912	0.01199	0.00768	0.00432	0.00480	0.00144	0.00576	0.00432	0.00240	0.00768
21	0.01128	0.01078	0.01837	0.22898	0.60584	0.01133	0.01451	0.01424	0.01069	0.01496	0.00899	0.01223	0.00737	0.00445	0.00481	0.00148	0.00593	0.00431	0.00234	0.00710
22	0.01842	0.01357	0.01454	0.01115	0.01503	0.01503	0.00921	0.78330	0.02278	0.03054	0.01163	0.01163	0.00824	0.00582	0.00485	0.00145	0.00533	0.00436	0.00485	0.00824
23	0.01150	0.01101	0.01877	0.16770	0.66540	0.01138	0.01462	0.01444	0.01080	0.01523	0.00903	0.01216	0.00746	0.00441	0.00481	0.00147	0.00588	0.00432	0.00236	0.00727
24	0.00705	0.00470	0.00529	0.00529	0.00529	0.00470	0.00294	0.00705	0.00705	0.00940	0.01527	0.03171	0.01762	0.82969	0.02467	0.00470	0.00470	0.00705	0.00294	0.00294
25	0.00612	0.00506	0.00538	0.00530	0.00685	0.00440	0.00397	0.00788	0.03266	0.01449	0.19171	0.05439	0.62147	0.01170	0.00571	0.00162	0.00246	0.00987	0.00467	0.00428
26	0.01981	0.00796	0.01072	0.00839	0.01182	0.00701	0.00686	0.02212	0.03979	0.69185	0.10337	0.01868	0.01574	0.00644	0.00497	0.00151	0.00391	0.00531	0.00589	0.00783
27	0.00852	0.00625	0.00757	0.05362	0.00963	0.00626	0.00558	0.01028	0.03688	0.09666	0.08335	0.04533	0.47161	0.01063	0.00713	0.03178	0.09159	0.00826	0.00425	0.00481
28	0.05024	0.00819	0.01086	0.00843	0.01198	0.00727	0.00693	0.04046	0.01388	0.70421	0.07086	0.01740	0.01394	0.00620	0.00486	0.00150	0.00402	0.00504	0.00582	0.00789
29	0.36144	0.00884	0.00933	0.00774	0.01075	0.00924	0.00626	0.08773	0.04124	0.29903	0.01227	0.01242	0.00863	0.00657	0.00564	0.09437	0.00408	0.00386	0.00421	0.00634
30	0.01108	0.00945	0.01118	0.00838	0.01206	0.00859	0.00679	0.09748	0.02489	0.01696	0.00885	0.01044	0.00732	0.00452	0.00535	0.00100	0.10994	0.00326	0.00303	0.63942
31	0.00651	0.00488	0.00567	0.00553	0.00684	0.00435	0.00413	0.00830	0.01221	0.01648	0.40900	0.07000	0.34992	0.01079	0.00558	0.00156	0.00237	0.00927	0.06226	0.00435
32	0.04439	0.03866	0.04252	0.00952	0.01305	0.01145	0.00798	0.30389	0.14335	0.09020	0.02348	0.01378	0.01013	0.03822	0.02227	0.00162	0.01916	0.00436	0.00419	0.15779
33	0.01530	0.42573	0.01987	0.01025	0.02999	0.13018	0.00884	0.24887	0.03899	0.01765	0.00879	0.00950	0.00714	0.00485	0.00391	0.00122	0.00570	0.00333	0.00307	0.00682
34	0.01002	0.07756	0.52792	0.01191	0.01801	0.01060	0.03483	0.01444	0.01026	0.01525	0.02338	0.01058	0.00716	0.00442	0.00431	0.00131	0.00612	0.00350	0.00231	0.20610
35	0.04190	0.06678	0.06426	0.17208	0.06313	0.01145	0.22973	0.08861	0.01218	0.13426	0.02774	0.02550	0.00894	0.00509	0.00507	0.00153	0.01659	0.00481	0.00321	0.01715
36	0.04444	0.01560	0.22599	0.01128	0.01592	0.01260	0.01106	0.43078	0.01735	0.12678	0.01170	0.01197	0.00817	0.00630	0.02655	0.00165	0.00582	0.00418	0.00412	0.00775
37	0.02145	0.00818	0.01115	0.00857	0.01227	0.00707	0.00707	0.02333	0.01387	0.78740	0.03443	0.01688	0.01266	0.00607	0.00489	0.00150	0.00409	0.00495	0.00598	0.00817
38	0.00879	0.00810	0.01218	0.01090	0.01229	0.04624	0.15019	0.01058	0.00992	0.01314	0.01846	0.25532	0.02022	0.07367	0.00902	0.00217	0.12720	0.20331	0.00354	0.00476
39	0.01686	0.10191	0.01419	0.00996	0.01349	0.01310	0.00832	0.45490	0.07570	0.14557	0.01392	0.04264	0.01064	0.00628	0.00474	0.00146	0.00483	0.02835	0.02553	0.00762
40	0.00692	0.00465	0.00532	0.00544	0.00547	0.00462	0.00311	0.00701	0.00729	0.00972	0.01651	0.11779	0.01918	0.74148	0.02266	0.00440	0.00449	0.00778	0.00311	0.00304
41	0.00603	0.00439	0.00565	0.00644	0.00697	0.00405	0.00439	0.00708	0.00998	0.01328	0.12542	0.62739	0.11638	0.03023	0.00644	0.00193	0.00274	0.01263	0.00457	0.00401
42	0.01580	0.08994	0.01554	0.11297	0.05762	0.05742	0.00989	0.44442	0.03034	0.04701	0.01068	0.02100	0.00809	0.00569	0.00529	0.00147	0.05138	0.00426	0.00387	0.00730
43	0.05614	0.01769	0.35341	0.01569	0.02133	0.01162	0.33040	0.05898	0.01154	0.06228	0.00982	0.01172	0.00705	0.00453	0.00501	0.00157	0.00712	0.00453	0.00265	0.00693
44	0.00821	0.00589	0.00799	0.10819	0.01108	0.00590	0.00599	0.01124	0.05687	0.05943	0.61393	0.03124	0.03731	0.00888	0.00552	0.00154	0.00299	0.00782	0.00495	0.00504
45	0.06953	0.01062	0.01576	0.37505	0.18837	0.01198	0.04753	0.19072	0.01297	0.01806	0.00934	0.01210	0.00709	0.00490	0.00475	0.00153	0.00595	0.00427	0.00290	0.00657
46	0.01290	0.80071	0.02552	0.00876	0.01294	0.01891	0.03840	0.01455	0.00991	0.01156	0.00686	0.00798	0.00626	0.00414	0.00321	0.00106	0.00530	0.00271	0.00209	0.00623
47	0.01157	0.00922	0.01078	0.00804	0.01206	0.02408	0.02321	0.04233	0.07109	0.08006	0.01077	0.02663	0.00864	0.00435	0.00395	0.00093	0.00391	0.00356	0.00337	0.64144
48	0.06933	0.00977	0.01425	0.50771	0.08769	0.01140	0.01188	0.15335	0.01232	0.06243	0.00969	0.01248	0.00712	0.00502	0.00472	0.00156	0.00588	0.00424	0.00294	0.00624
49	0.02174	0.00825	0.01125	0.00862	0.01237	0.00712	0.00712	0.02362	0.01387	0.80282	0.01912	0.01649	0.01200	0.00600	0.00487	0.00150	0.00412	0.00487	0.00600	0.00825
50	0.01468	0.01172	0.01244	0.01039	0.01360	0.01328	0.00831	0.33829	0.47389	0.02451	0.01639	0.01542	0.01209	0.00626	0.00490	0.00157	0.00445	0.00502	0.00490	0.00791
51	0.01060	0.01060	0.01484	0.01272	0.01272	0.01484	0.01060	0.01166	0.00742	0.01166	0.00636	0.01060	0.00636	0.00848	0.01590	0.00212	0.82082	0.00424	0.00212	0.00530
52	0.01810	0.02310	0.01373	0.01248	0.01498	0.81024	0.00936	0.01935	0.01373	0.01186	0.00749	0.00874	0.00624	0.00499	0.00437	0.00125	0.00874	0.00312	0.00250	0.00562
53	0.00909	0.00463	0.00464	0.00462	0.00578	0.00466	0.00347	0.01157	0.02522	0.01811	0.01588	0.01807	0.01247	0.00566	0.00342	0.00114	0.00229	0.00454	0.84017	0.00458
54	0.00819	0.00429	0.00614	0.00614	0.00614	0.00429	0.00400	0.00644	0.00644	0.00858	0.00956	0.01755	0.00995	0.15201	0.01989	0.71694	0.00429	0.00468	0.00224	0.00224
55	0.02174	0.00825	0.01125	0.00862	0.01237	0.00712	0.00712	0.02362	0.01387	0.80282	0.01912	0.01649	0.01200	0.00600	0.00487	0.00150	0.00412	0.00487	0.00600	0.00825
56	0.00694	0.00512	0.00744	0.00744	0.00818	0.00587	0.00562	0.00843	0.00768	0.01099	0.01330	0.02082	0.01289	0.14789	0.70000	0.00735	0.01182	0.00545	0.00264	0.00413
57	0.01132	0.01086	0.01862	0.21374	0.60771	0.01135	0.02721	0.01430	0.01073	0.01502	0.00901	0.01223	0.00739	0.00444	0.00482	0.00148	0.00596	0.00434	0.00234	0.00712

[dist]
# distance from previous block
# <min> <max>
4	12

[block]
# block no. 1 follows, 52 sequences, length 69
# corresponding to MSA columns:
# 315-348,352-386
name=unknown_B
#
# <colnr> <probs for GDERKNQSTAVLIFYWHMCP>
#	G	D	E	R	K	N	Q	S	T	A	V	L	I	F	Y	W	H	M	C	P
0	0.00744	0.00567	0.00777	0.00758	0.00826	0.00657	0.00564	0.00925	0.04464	0.01124	0.01345	0.02163	0.01325	0.23258	0.52330	0.00635	0.06282	0.00561	0.00276	0.00420
1	0.00915	0.00861	0.01453	0.81804	0.03338	0.01077	0.01346	0.01238	0.00969	0.01238	0.00861	0.01292	0.00646	0.00484	0.00484	0.00161	0.00646	0.00431	0.00215	0.00538
2	0.01342	0.00969	0.01068	0.00883	0.01115	0.01069	0.00689	0.41071	0.04839	0.02191	0.01322	0.01770	0.01135	0.19241	0.08447	0.00276	0.02348	0.00510	0.09091	0.00623
3	0.01804	0.01887	0.01397	0.01187	0.01493	0.46592	0.00925	0.32617	0.04185	0.01962	0.00954	0.01020	0.00731	0.00537	0.00458	0.00134	0.00722	0.00369	0.00352	0.00674
4	0.01296	0.83261	0.02539	0.00829	0.01244	0.01917	0.00829	0.01451	0.00985	0.01140	0.00674	0.00777	0.00622	0.00415	0.00311	0.00104	0.00518	0.00259	0.00207	0.00622
5	0.01296	0.83261	0.02539	0.00829	0.01244	0.01917	0.00829	0.01451	0.00985	0.01140	0.00674	0.00777	0.00622	0.00415	0.00311	0.00104	0.00518	0.00259	0.00207	0.00622
6	0.86392	0.00937	0.00712	0.00637	0.00937	0.01087	0.00525	0.01425	0.00825	0.02174	0.00675	0.00787	0.00525	0.00450	0.00300	0.00150	0.00375	0.00262	0.00300	0.00525
7	0.00972	0.02507	0.80458	0.01381	0.02097	0.01125	0.01790	0.01535	0.01023	0.01535	0.00870	0.01023	0.00614	0.00460	0.00460	0.00153	0.00716	0.00358	0.00205	0.00716
8	0.00993	0.00847	0.00991	0.00714	0.01132	0.00639	0.00570	0.01208	0.01019	0.01593	0.03913	0.01106	0.00867	0.00383	0.00367	0.00075	0.00354	0.00310	0.00297	0.82623
9	0.27860	0.01209	0.01208	0.00952	0.01315	0.01342	0.00786	0.51650	0.01781	0.02726	0.01001	0.01041	0.00728	0.00532	0.00423	0.00144	0.00478	0.00377	0.00420	0.04027
10	0.77368	0.00982	0.00791	0.00688	0.00998	0.01131	0.00567	0.09633	0.00980	0.02268	0.00727	0.00827	0.00557	0.00464	0.00320	0.00149	0.00392	0.00281	0.00320	0.00557
11	0.01205	0.01041	0.01096	0.00986	0.01260	0.01205	0.00767	0.02575	0.79071	0.02027	0.01972	0.01808	0.01479	0.00657	0.00493	0.00164	0.00384	0.00548	0.00493	0.00767
12	0.02174	0.00825	0.01125	0.00862	0.01237	0.00712	0.00712	0.02362	0.01387	0.80282	0.01912	0.01649	0.01200	0.00600	0.00487	0.00150	0.00412	0.00487	0.00600	0.00825
13	0.86392	0.00937	0.00712	0.00637	0.00937	0.01087	0.00525	0.01425	0.00825	0.02174	0.00675	0.00787	0.00525	0.00450	0.00300	0.00150	0.00375	0.00262	0.00300	0.00525
14	0.01132	0.01096	0.01907	0.20681	0.57860	0.01139	0.06233	0.01435	0.01076	0.01504	0.00905	0.01227	0.00738	0.00442	0.00487	0.00149	0.00607	0.00440	0.00235	0.00709
15	0.01005	0.00861	0.01005	0.00718	0.01148	0.00646	0.00574	0.01220	0.01005	0.01579	0.00861	0.01005	0.00718	0.00359	0.00359	0.00072	0.00359	0.00287	0.00287	0.85932
16	0.00612	0.00504	0.00546	0.00567	0.00721	0.00437	0.00446	0.00754	0.01107	0.01336	0.04466	0.04815	0.65206	0.01248	0.00591	0.00175	0.00283	0.15321	0.00449	0.00416
17	0.00836	0.00767	0.01317	0.01122	0.01272	0.00854	0.17680	0.01034	0.00879	0.01246	0.01358	0.15885	0.01361	0.02080	0.35690	0.00445	0.14737	0.00666	0.00282	0.00491
18	0.01821	0.01225	0.01352	0.01055	0.01426	0.01327	0.00865	0.55590	0.11711	0.16428	0.01395	0.01329	0.00972	0.00594	0.00486	0.00149	0.00493	0.00459	0.00506	0.00817
19	0.02117	0.00812	0.01106	0.00852	0.01217	0.00702	0.00702	0.02306	0.01386	0.77249	0.04923	0.01726	0.01330	0.00615	0.00491	0.00150	0.00405	0.00502	0.00597	0.00810
20	0.00574	0.00487	0.00495	0.00502	0.00658	0.00408	0.00373	0.00694	0.01093	0.01305	0.04768	0.09568	0.74936	0.01246	0.00576	0.00166	0.00248	0.01045	0.00450	0.00408
21	0.01115	0.14474	0.19487	0.00953	0.01324	0.00962	0.05705	0.02462	0.03772	0.12680	0.16108	0.05646	0.08986	0.00699	0.00482	0.00147	0.00463	0.00588	0.03332	0.00615
22	0.13986	0.01376	0.01329	0.01052	0.01413	0.09406	0.00859	0.57224	0.01951	0.05174	0.01075	0.01096	0.00773	0.00555	0.00454	0.00144	0.00541	0.00400	0.00438	0.00755
23	0.01776	0.01401	0.04648	0.01168	0.01573	0.01475	0.04475	0.71791	0.02177	0.02925	0.01143	0.01164	0.00812	0.00569	0.00488	0.00147	0.00553	0.00439	0.00463	0.00812
24	0.86392	0.00937	0.00712	0.00637	0.00937	0.01087	0.00525	0.01425	0.00825	0.02174	0.00675	0.00787	0.00525	0.00450	0.00300	0.00150	0.00375	0.00262	0.00300	0.00525
25	0.00596	0.00451	0.00540	0.00601	0.00677	0.00406	0.00413	0.00694	0.00993	0.01274	0.06813	0.47764	0.29030	0.06518	0.00717	0.00201	0.00279	0.01193	0.00444	0.00395
26	0.01296	0.83261	0.02539	0.00829	0.01244	0.01917	0.00829	0.01451	0.00985	0.01140	0.00674	0.00777	0.00622	0.00415	0.00311	0.00104	0.00518	0.00259	0.00207	0.00622
27	0.08321	0.00830	0.01262	0.48772	0.03686	0.00999	0.01124	0.01255	0.00985	0.04602	0.01189	0.02021	0.01059	0.00673	0.00590	0.00175	0.07009	0.14630	0.00282	0.00535
28	0.00672	0.00493	0.00629	0.00598	0.00716	0.00451	0.00447	0.00886	0.01334	0.01861	0.70078	0.05247	0.12727	0.01027	0.00573	0.00154	0.00231	0.00902	0.00523	0.00451
29	0.00901	0.00570	0.00781	0.00845	0.00979	0.00558	0.00727	0.01122	0.01148	0.08217	0.07252	0.04796	0.02667	0.01205	0.00627	0.00206	0.00416	0.60679	0.05823	0.00479
30	0.00686	0.00495	0.00648	0.00610	0.00724	0.00457	0.00457	0.00914	0.01372	0.01943	0.79691	0.03620	0.04572	0.00991	0.00572	0.00152	0.00229	0.00876	0.00533	0.00457
31	0.00666	0.00480	0.00630	0.00623	0.00720	0.00444	0.00456	0.00864	0.01278	0.01795	0.63490	0.20244	0.04285	0.01102	0.00581	0.00162	0.00240	0.00982	0.00516	0.00444
32	0.00686	0.00495	0.00648	0.00610	0.00724	0.00457	0.00457	0.00914	0.01372	0.01943	0.79691	0.03620	0.04572	0.00991	0.00572	0.00152	0.00229	0.00876	0.00533	0.00457
33	0.00776	0.00668	0.00685	0.00650	0.00849	0.00665	0.00496	0.01300	0.26185	0.01540	0.03964	0.03745	0.54571	0.01044	0.00547	0.00164	0.00290	0.00870	0.00464	0.00524
34	0.00915	0.00861	0.01453	0.81804	0.03338	0.01077	0.01346	0.01238	0.00969	0.01238	0.00861	0.01292	0.00646	0.00484	0.00484	0.00161	0.00646	0.00431	0.00215	0.00538
35	0.00772	0.00629	0.00901	0.00856	0.00914	0.00778	0.00667	0.00911	0.00763	0.01113	0.01183	0.01868	0.01151	0.12091	0.55081	0.00622	0.18488	0.00520	0.00253	0.00438
36	0.00703	0.00478	0.00570	0.00570	0.00584	0.00492	0.00345	0.00731	0.00717	0.00970	0.01489	0.02964	0.01672	0.69967	0.15345	0.00520	0.00606	0.00674	0.00288	0.00316
37	0.86392	0.00937	0.00712	0.00637	0.00937	0.01087	0.00525	0.01425	0.00825	0.02174	0.00675	0.00787	0.00525	0.00450	0.00300	0.00150	0.00375	0.00262	0.00300	0.00525
38	0.86392	0.00937	0.00712	0.00637	0.00937	0.01087	0.00525	0.01425	0.00825	0.02174	0.00675	0.00787	0.00525	0.00450	0.00300	0.00150	0.00375	0.00262	0.00300	0.00525
39	0.00718	0.00614	0.00632	0.00606	0.00792	0.00589	0.00461	0.01123	0.18497	0.01494	0.07217	0.03986	0.59322	0.01091	0.00555	0.00163	0.00276	0.00911	0.00463	0.00491
40	0.01176	0.01270	0.07831	0.02741	0.64551	0.01159	0.11110	0.01499	0.01103	0.01576	0.00917	0.01200	0.00752	0.00431	0.00490	0.00147	0.00616	0.00444	0.00238	0.00750
41	0.00590	0.00422	0.00562	0.00675	0.00703	0.00394	0.00450	0.00675	0.00928	0.01237	0.02671	0.82653	0.03205	0.01518	0.00619	0.00197	0.00281	0.01378	0.00450	0.00394
42	0.86392	0.00937	0.00712	0.00637	0.00937	0.01087	0.00525	0.01425	0.00825	0.02174	0.00675	0.00787	0.00525	0.00450	0.00300	0.00150	0.00375	0.00262	0.00300	0.00525
43	0.01322	0.01024	0.01109	0.00967	0.01263	0.01142	0.00759	0.05600	0.64401	0.10070	0.01882	0.01729	0.01389	0.00635	0.00486	0.00158	0.00391	0.00525	0.00494	0.04655
44	0.84763	0.00967	0.02233	0.00651	0.00959	0.01088	0.00549	0.01427	0.00828	0.02162	0.00678	0.00792	0.00527	0.00450	0.00303	0.00150	0.00381	0.00264	0.00298	0.00528
45	0.86392	0.00937	0.00712	0.00637	0.00937	0.01087	0.00525	0.01425	0.00825	0.02174	0.00675	0.00787	0.00525	0.00450	0.00300	0.00150	0.00375	0.00262	0.00300	0.00525
46	0.00590	0.00422	0.00562	0.00675	0.00703	0.00394	0.00450	0.00675	0.00928	0.01237	0.02671	0.82653	0.03205	0.01518	0.00619	0.00197	0.00281	0.01378	0.00450	0.00394
47	0.00711	0.00502	0.00648	0.00608	0.00731	0.00460	0.00457	0.00932	0.01355	0.03599	0.73350	0.03642	0.09182	0.00997	0.00570	0.00153	0.00234	0.00877	0.00530	0.00462
48	0.00915	0.00861	0.01453	0.81804	0.03338	0.01077	0.01346	0.01238	0.00969	0.01238	0.00861	0.01292	0.00646	0.00484	0.00484	0.00161	0.00646	0.00431	0.00215	0.00538
49	0.02174	0.00825	0.01125	0.00862	0.01237	0.00712	0.00712	0.02362	0.01387	0.80282	0.01912	0.01649	0.01200	0.00600	0.00487	0.00150	0.00412	0.00487	0.00600	0.00825
50	0.00692	0.00519	0.00779	0.00779	0.00865	0.00606	0.00606	0.00865	0.00779	0.01125	0.01298	0.01904	0.01211	0.03634	0.81049	0.00779	0.01298	0.00519	0.00260	0.00433
51	0.82868	0.00962	0.00734	0.00654	0.00955	0.02658	0.00537	0.01455	0.00848	0.03874	0.00703	0.00808	0.00542	0.00454	0.00307	0.00149	0.00386	0.00268	0.00306	0.00532
52	0.80848	0.00942	0.00778	0.03274	0.03657	0.01089	0.00583	0.01421	0.00839	0.02125	0.00689	0.00817	0.00537	0.00450	0.00312	0.00150	0.00390	0.00273	0.00295	0.00533
53	0.01067	0.00595	0.00769	0.00675	0.00864	0.00541	0.00524	0.01313	0.03803	0.21587	0.51622	0.03152	0.09726	0.00901	0.00548	0.00153	0.00281	0.00780	0.00542	0.00555
54	0.01965	0.00844	0.01101	0.00871	0.01220	0.00777	0.00710	0.02335	0.13276	0.65090	0.05113	0.01755	0.01381	0.00625	0.00492	0.00152	0.00400	0.00513	0.00581	0.00801
55	0.01707	0.01216	0.01521	0.01236	0.05103	0.01291	0.08766	0.47339	0.08814	0.14103	0.01349	0.03072	0.00978	0.00587	0.00497	0.00151	0.00527	0.00488	0.00466	0.00790
56	0.01156	0.13260	0.56638	0.01227	0.01839	0.01196	0.01483	0.01674	0.05917	0.09695	0.01020	0.01104	0.00730	0.00481	0.00445	0.00147	0.00637	0.00370	0.00264	0.00718
57	0.00969	0.00478	0.00506	0.00487	0.00617	0.00468	0.00369	0.01192	0.01062	0.06704	0.06513	0.01911	0.01449	0.00594	0.00363	0.00118	0.00238	0.00481	0.75008	0.00475
58	0.00590	0.00422	0.00562	0.00675	0.00703	0.00394	0.00450	0.00675	0.00928	0.01237	0.02671	0.82653	0.03205	0.01518	0.00619	0.00197	0.00281	0.01378	0.00450	0.00394
59	0.01083	0.06289	0.06696	0.32808	0.40927	0.01169	0.01411	0.01393	0.01040	0.01421	0.00875	0.01197	0.00702	0.00453	0.00470	0.00149	0.00608	0.00416	0.00226	0.00668
60	0.07722	0.22548	0.04234	0.01052	0.01359	0.31842	0.04362	0.03717	0.06225	0.02567	0.01042	0.09281	0.00953	0.00586	0.00426	0.00135	0.00630	0.00438	0.00289	0.00591
61	0.07438	0.00832	0.01099	0.00848	0.01218	0.00736	0.00701	0.02303	0.01352	0.75400	0.01835	0.01596	0.01157	0.00590	0.00476	0.00150	0.00410	0.00473	0.00581	0.00806
62	0.01084	0.00963	0.05216	0.00839	0.01222	0.00782	0.01822	0.05814	0.11054	0.04499	0.01251	0.06483	0.01084	0.00542	0.00427	0.00111	0.00398	0.03893	0.00348	0.52167
63	0.01222	0.01026	0.01146	0.09218	0.01467	0.01186	0.00825	0.09796	0.59992	0.01994	0.01728	0.01677	0.01301	0.00679	0.00555	0.04068	0.00427	0.00519	0.00451	0.00724
64	0.00926	0.05782	0.00756	0.05122	0.00868	0.01854	0.00503	0.01204	0.05883	0.01651	0.04851	0.02021	0.08556	0.01981	0.00483	0.00135	0.04314	0.00515	0.52108	0.00486
65	0.00772	0.05761	0.03998	0.00684	0.00802	0.00557	0.00518	0.00893	0.00992	0.06202	0.09860	0.44478	0.09220	0.11982	0.00819	0.00215	0.00339	0.01043	0.00421	0.00442
66	0.00873	0.00579	0.00759	0.00747	0.04397	0.00540	0.00532	0.01132	0.04335	0.09890	0.57639	0.03313	0.09933	0.02464	0.00591	0.00159	0.00275	0.00812	0.00514	0.00514
67	0.01147	0.01093	0.01833	0.05955	0.66920	0.01126	0.01390	0.01421	0.01092	0.01565	0.05799	0.01345	0.00991	0.00495	0.00556	0.00149	0.05683	0.00459	0.00255	0.00724
68	0.01593	0.01106	0.01238	0.00963	0.01327	0.01141	0.00784	0.40690	0.10418	0.13213	0.06193	0.01426	0.01163	0.00578	0.00469	0.00135	0.00449	0.00456	0.00469	0.16190

[dist]
# distance from previous block
# <min> <max>
5	11

[block]
# block no. 2 follows, 52 sequences, length 28
# corresponding to MSA columns:
# 400-422,424-428
name=unknown_C
#
# <colnr> <probs for GDERKNQSTAVLIFYWHMCP>
#	G	D	E	R	K	N	Q	S	T	A	V	L	I	F	Y	W	H	M	C	P
0	0.00675	0.00483	0.00593	0.00608	0.00717	0.00444	0.00456	0.00854	0.01176	0.01621	0.35072	0.18387	0.19557	0.01129	0.00567	0.00166	0.00262	0.08100	0.08700	0.00434
1	0.01017	0.02050	0.53659	0.05572	0.05687	0.08731	0.01482	0.01458	0.01088	0.01515	0.08582	0.04828	0.01120	0.00561	0.00478	0.00152	0.00655	0.00456	0.00254	0.00655
2	0.00884	0.00571	0.00736	0.00667	0.00836	0.00512	0.00516	0.01091	0.01272	0.10255	0.49829	0.03346	0.06124	0.04905	0.00643	0.00167	0.00294	0.08083	0.00494	0.08776
3	0.05340	0.16887	0.01360	0.00814	0.01217	0.01081	0.00686	0.12592	0.07209	0.01772	0.00946	0.01035	0.00764	0.00430	0.00375	0.00100	0.00418	0.00322	0.00317	0.46335
4	0.01018	0.00577	0.00737	0.00676	0.00783	0.00582	0.00475	0.03275	0.00901	0.16394	0.01530	0.02484	0.01480	0.43661	0.22864	0.00481	0.00680	0.00606	0.00349	0.00448
5	0.01408	0.49542	0.15239	0.00971	0.01424	0.03938	0.00993	0.10881	0.01198	0.09070	0.00887	0.00952	0.00701	0.00463	0.00378	0.00122	0.00553	0.00321	0.00280	0.00680
6	0.00776	0.08745	0.10062	0.00854	0.00999	0.00787	0.00729	0.00932	0.00941	0.01289	0.06029	0.49360	0.02357	0.01165	0.00710	0.00183	0.12252	0.00988	0.00368	0.00476
7	0.00607	0.00442	0.00573	0.00647	0.00703	0.00407	0.00445	0.00723	0.01028	0.01379	0.17746	0.61129	0.09593	0.01393	0.00606	0.00186	0.00268	0.01252	0.00466	0.00407
8	0.78139	0.08921	0.00889	0.00656	0.00967	0.01168	0.00554	0.01427	0.00840	0.02074	0.00675	0.00786	0.00534	0.00446	0.00301	0.00145	0.00389	0.00262	0.00291	0.00534
9	0.01033	0.00689	0.00882	0.10314	0.01203	0.00694	0.00647	0.03635	0.11575	0.13956	0.33234	0.05334	0.12138	0.00852	0.00534	0.00156	0.00341	0.00734	0.00484	0.01563
10	0.00631	0.00461	0.00594	0.00629	0.00708	0.00423	0.00446	0.00784	0.01142	0.01559	0.37285	0.40304	0.10723	0.01256	0.00593	0.00174	0.00254	0.01122	0.00487	0.00423
11	0.00710	0.00539	0.00787	0.00777	0.00851	0.00632	0.00596	0.00863	0.00770	0.01109	0.01290	0.01988	0.01239	0.11158	0.69883	0.00723	0.04867	0.00533	0.00261	0.00424
12	0.06317	0.01172	0.01372	0.08956	0.01503	0.07754	0.00970	0.16324	0.01147	0.01645	0.00795	0.01066	0.00674	0.00660	0.00973	0.00169	0.38598	0.00395	0.00281	0.09227
13	0.01098	0.00950	0.02945	0.01354	0.01680	0.00872	0.40160	0.01394	0.01102	0.09144	0.01477	0.14987	0.01297	0.00646	0.00520	0.00157	0.00562	0.00669	0.18400	0.00585
14	0.00597	0.00428	0.00567	0.00666	0.00703	0.00398	0.00449	0.00692	0.00962	0.01287	0.07979	0.75500	0.05023	0.01476	0.00614	0.00193	0.00277	0.01335	0.00456	0.00398
15	0.01267	0.18640	0.07658	0.01669	0.05471	0.01312	0.46007	0.01605	0.01124	0.09101	0.00996	0.01205	0.00750	0.00433	0.00497	0.00148	0.00698	0.00478	0.00269	0.00673
16	0.01390	0.01151	0.08882	0.08884	0.01558	0.01115	0.00976	0.29382	0.01491	0.11480	0.01387	0.06745	0.01186	0.00760	0.01449	0.00172	0.09071	0.09239	0.00402	0.03280
17	0.00785	0.00593	0.00741	0.00701	0.00715	0.00686	0.00483	0.00835	0.00742	0.01059	0.01362	0.04892	0.01501	0.52957	0.08004	0.00411	0.17382	0.00638	0.05148	0.00365
18	0.14205	0.13539	0.03869	0.01409	0.03535	0.04686	0.30694	0.08951	0.01171	0.06050	0.00918	0.01109	0.00707	0.00481	0.00543	0.00151	0.06618	0.00431	0.00287	0.00646
19	0.01527	0.00671	0.00887	0.00730	0.00987	0.00596	0.00583	0.01733	0.01339	0.44879	0.28081	0.02331	0.02341	0.00727	0.00499	0.00147	0.00329	0.00614	0.10340	0.00658
20	0.00987	0.08941	0.49695	0.05533	0.06471	0.01075	0.01434	0.01421	0.01074	0.02927	0.10245	0.01590	0.01222	0.00570	0.00475	0.00153	0.00609	0.04652	0.00267	0.00658
21	0.01271	0.37505	0.05129	0.10814	0.24327	0.10762	0.01129	0.01497	0.01064	0.01300	0.00780	0.00979	0.00667	0.00439	0.00400	0.00126	0.00599	0.00339	0.00222	0.00651
22	0.00642	0.00683	0.08294	0.00635	0.00826	0.00492	0.00548	0.00826	0.01124	0.01439	0.17150	0.12591	0.47516	0.01148	0.00571	0.00167	0.00301	0.04161	0.00441	0.00447
23	0.01343	0.21330	0.03488	0.03846	0.38731	0.02338	0.01164	0.05609	0.01168	0.10563	0.01065	0.01367	0.00884	0.00506	0.00449	0.00139	0.00542	0.04456	0.00296	0.00715
24	0.01050	0.01964	0.45340	0.01680	0.02294	0.01171	0.36364	0.01543	0.01078	0.01543	0.00920	0.01152	0.00669	0.00437	0.00511	0.00158	0.00762	0.00455	0.00223	0.00688
25	0.01205	0.49379	0.25440	0.01003	0.01487	0.03186	0.01101	0.05186	0.01087	0.01393	0.04915	0.01020	0.00837	0.00468	0.00380	0.00123	0.00570	0.00331	0.00238	0.00650
26	0.00694	0.00514	0.00753	0.00753	0.00831	0.00592	0.00574	0.00849	0.00771	0.01106	0.01322	0.02034	0.01268	0.11787	0.72974	0.00747	0.01213	0.00538	0.00263	0.00418
27	0.14818	0.43173	0.12871	0.00931	0.01364	0.01596	0.00932	0.16327	0.01215	0.01729	0.00796	0.00888	0.00645	0.00459	0.00364	0.00126	0.00526	0.00308	0.00275	0.00659

[dist]
# distance from previous block
# <min> <max>
4	7

[block]
# block no. 3 follows, 52 sequences, length 31
# corresponding to MSA columns:
# 436-466
name=unknown_D
#
# <colnr> <probs for GDERKNQSTAVLIFYWHMCP>
#	G	D	E	R	K	N	Q	S	T	A	V	L	I	F	Y	W	H	M	C	P
0	0.00996	0.00751	0.00871	0.00783	0.00980	0.00793	0.00604	0.05035	0.30265	0.05487	0.43903	0.02751	0.03108	0.00832	0.00535	0.00156	0.00308	0.00718	0.00519	0.00605
1	0.00919	0.00889	0.08458	0.01072	0.05810	0.00812	0.00898	0.05576	0.07761	0.01581	0.05863	0.05919	0.04152	0.01182	0.05270	0.00228	0.06511	0.36162	0.00394	0.00543
2	0.00674	0.00502	0.00633	0.00628	0.00750	0.00460	0.00485	0.00877	0.01270	0.01726	0.51506	0.05851	0.19721	0.01101	0.00587	0.00166	0.00265	0.11851	0.00502	0.00444
3	0.01247	0.08096	0.06021	0.09232	0.01670	0.01176	0.10517	0.11592	0.26056	0.06475	0.01534	0.01940	0.01249	0.00652	0.00506	0.00162	0.00523	0.10274	0.00393	0.00684
4	0.00822	0.00495	0.00606	0.00605	0.00658	0.00474	0.00387	0.00879	0.00878	0.09049	0.07603	0.23082	0.02276	0.48149	0.01663	0.00346	0.00399	0.00865	0.00381	0.00384
5	0.01025	0.00947	0.02652	0.17206	0.36389	0.00965	0.02788	0.05143	0.01125	0.01526	0.01561	0.08436	0.07006	0.00710	0.00525	0.00164	0.00530	0.10368	0.00306	0.00626
6	0.00698	0.00497	0.00638	0.00613	0.00730	0.00454	0.00458	0.00905	0.01308	0.03350	0.63787	0.09849	0.11573	0.01052	0.00575	0.00158	0.00241	0.02140	0.00519	0.00455
7	0.02649	0.44648	0.28274	0.01061	0.01551	0.08349	0.01160	0.03224	0.01052	0.01335	0.00755	0.00882	0.00623	0.00450	0.00401	0.00126	0.02289	0.00304	0.00218	0.00649
8	0.01119	0.00792	0.06733	0.05422	0.01116	0.00705	0.00683	0.01275	0.00938	0.19806	0.01397	0.02053	0.01249	0.27893	0.16650	0.00374	0.05341	0.00536	0.00343	0.05574
9	0.10642	0.46903	0.18225	0.00959	0.01420	0.01609	0.01006	0.11518	0.01144	0.01585	0.00778	0.00879	0.00636	0.00450	0.00363	0.00124	0.00545	0.00303	0.00253	0.00657
10	0.01113	0.01127	0.01771	0.23022	0.31630	0.07868	0.13134	0.01402	0.01106	0.01468	0.06727	0.03038	0.01050	0.00520	0.00520	0.00153	0.02128	0.00495	0.01094	0.00635
11	0.01098	0.00612	0.00775	0.00707	0.00894	0.00563	0.00542	0.02174	0.05700	0.22927	0.25850	0.18596	0.13882	0.01006	0.00555	0.00164	0.00308	0.02568	0.00518	0.00559
12	0.01095	0.18638	0.47102	0.08167	0.03110	0.05813	0.06683	0.01516	0.01040	0.01412	0.00830	0.01009	0.00629	0.00451	0.00439	0.00143	0.00684	0.00357	0.00212	0.00670
13	0.07683	0.07367	0.10034	0.03661	0.20817	0.11894	0.01080	0.14785	0.01311	0.06965	0.01017	0.01139	0.01967	0.00489	0.00439	0.00135	0.00572	0.00384	0.00312	0.07949
14	0.00605	0.00429	0.00565	0.00668	0.00696	0.00404	0.00445	0.00686	0.00914	0.01217	0.02571	0.73830	0.03071	0.08439	0.00777	0.00221	0.00302	0.03334	0.00436	0.00387
15	0.14306	0.01918	0.49656	0.07317	0.09769	0.01123	0.01470	0.01553	0.05617	0.01646	0.00908	0.01070	0.00669	0.00469	0.00441	0.00153	0.00624	0.00367	0.00241	0.00681
16	0.01404	0.20768	0.19468	0.07960	0.01698	0.10285	0.01109	0.17648	0.07525	0.06193	0.01017	0.01099	0.00765	0.00505	0.00434	0.00138	0.00600	0.00375	0.00315	0.00694
17	0.01859	0.12762	0.01367	0.06834	0.01408	0.00993	0.00791	0.06007	0.07688	0.52756	0.01623	0.01486	0.01079	0.00568	0.00462	0.00145	0.00449	0.00453	0.00500	0.00770
18	0.00614	0.00470	0.00563	0.00587	0.00692	0.00419	0.00422	0.00757	0.01131	0.01484	0.27514	0.29244	0.31862	0.01246	0.00587	0.00171	0.00252	0.01090	0.00476	0.00419
19	0.01377	0.01328	0.08258	0.03677	0.37369	0.13337	0.01190	0.01688	0.05110	0.13906	0.01222	0.07229	0.01013	0.00564	0.00484	0.00148	0.00578	0.00491	0.00323	0.00708
20	0.01704	0.20204	0.01564	0.00988	0.01344	0.11924	0.00830	0.21557	0.12252	0.20960	0.01289	0.01243	0.00933	0.00547	0.00440	0.00137	0.00525	0.00407	0.00419	0.00735
21	0.06488	0.01494	0.01196	0.01067	0.02916	0.35080	0.00809	0.08738	0.06375	0.18733	0.04726	0.05977	0.02087	0.00627	0.00480	0.00143	0.01560	0.00472	0.00391	0.00641
22	0.03624	0.00706	0.00722	0.00665	0.00851	0.00771	0.00514	0.06166	0.25760	0.01961	0.01653	0.01738	0.01271	0.00592	0.00395	0.00132	0.00298	0.00475	0.51128	0.00576
23	0.07771	0.01242	0.01506	0.13475	0.09151	0.04934	0.05418	0.41515	0.01706	0.06979	0.01074	0.01183	0.00778	0.00531	0.00474	0.00148	0.00567	0.00427	0.00390	0.00732
24	0.37324	0.00896	0.01150	0.44006	0.02247	0.01073	0.02641	0.01322	0.00912	0.01654	0.00798	0.01087	0.00607	0.00470	0.00405	0.00156	0.00526	0.00362	0.01831	0.00533
25	0.05457	0.19690	0.09156	0.18006	0.23007	0.03090	0.12148	0.01449	0.01040	0.01426	0.00838	0.01095	0.00676	0.00440	0.00444	0.00142	0.00620	0.00395	0.00228	0.00651
26	0.00886	0.00568	0.00732	0.08774	0.01044	0.00531	0.00560	0.01048	0.01137	0.13906	0.14445	0.20706	0.30083	0.01084	0.00562	0.00168	0.00322	0.02490	0.00462	0.00492
27	0.01069	0.08941	0.13443	0.06942	0.04176	0.00964	0.01824	0.07953	0.09626	0.06290	0.27246	0.04837	0.02171	0.00707	0.00498	0.00149	0.00438	0.00600	0.00403	0.01724
28	0.00762	0.00491	0.00586	0.00576	0.00634	0.00468	0.00371	0.00834	0.00924	0.05682	0.16622	0.12142	0.08324	0.47630	0.01649	0.00338	0.00383	0.00824	0.00385	0.00374
29	0.00910	0.00842	0.04691	0.05765	0.07114	0.00822	0.11591	0.07624	0.01054	0.01465	0.07801	0.06323	0.01459	0.09042	0.30817	0.00418	0.00832	0.00594	0.00307	0.00528
30	0.00999	0.07865	0.01493	0.12711	0.33123	0.00957	0.02234	0.01205	0.01023	0.01407	0.05686	0.14165	0.01372	0.00741	0.00595	0.06457	0.00492	0.01764	0.00287	0.05422

[dist]
# distance from previous block
# <min> <max>
0	15

# created by:
# /st0/software/busco_prod/Augustus/scripts/msa2prfl.pl ./align_prep/194002.fa
