[name]
unknown

[dist]
# distance from previous block
# <min> <max>
27	184

[block]
# block no. 0 follows, 50 sequences, length 13
# corresponding to MSA columns:
# 190-202
name=unknown_A
#
# <colnr> <probs for GDERKNQSTAVLIFYWHMCP>
#	G	D	E	R	K	N	Q	S	T	A	V	L	I	F	Y	W	H	M	C	P
0	0.01071	0.01036	0.08787	0.26582	0.01951	0.00975	0.01007	0.12737	0.05259	0.02900	0.05114	0.08681	0.01267	0.03459	0.06798	0.00214	0.00593	0.00551	0.00336	0.10679
1	0.17402	0.00971	0.01321	0.28167	0.11062	0.03168	0.04789	0.04774	0.01073	0.03767	0.02945	0.01533	0.00946	0.06824	0.00620	0.00179	0.00553	0.02816	0.00294	0.06795
2	0.06097	0.00760	0.00980	0.03345	0.09443	0.00756	0.00687	0.08313	0.01128	0.07611	0.06886	0.15906	0.01750	0.13949	0.08590	0.00268	0.00514	0.01939	0.00380	0.10698
3	0.05283	0.00713	0.00883	0.09677	0.01188	0.00732	0.00636	0.11219	0.01159	0.10895	0.01935	0.28582	0.04492	0.16577	0.00924	0.00232	0.00424	0.00835	0.00415	0.03199
4	0.01137	0.01018	0.01470	0.46210	0.12130	0.02970	0.01211	0.11967	0.05251	0.01662	0.03921	0.01447	0.02208	0.00540	0.00495	0.00156	0.00594	0.00467	0.00298	0.04849
5	0.09120	0.00631	0.00694	0.00636	0.00837	0.00596	0.00491	0.01191	0.06551	0.11036	0.25472	0.03528	0.35372	0.00997	0.00545	0.00162	0.00291	0.00833	0.00494	0.00523
6	0.09219	0.01027	0.03766	0.54172	0.08358	0.01138	0.12588	0.01366	0.01020	0.01447	0.00889	0.01267	0.00674	0.00479	0.00492	0.00164	0.00660	0.00446	0.00236	0.00591
7	0.02082	0.00853	0.01197	0.10493	0.01531	0.00777	0.00810	0.02291	0.01375	0.70346	0.01837	0.01653	0.01166	0.00603	0.00501	0.00156	0.00453	0.00494	0.00570	0.00813
8	0.01046	0.00651	0.00816	0.00745	0.00924	0.00634	0.00567	0.01448	0.14111	0.15353	0.42990	0.13361	0.03392	0.00964	0.00566	0.00164	0.00301	0.00844	0.00542	0.00580
9	0.01022	0.01092	0.02231	0.01693	0.04155	0.01022	0.53482	0.01342	0.01118	0.01493	0.01696	0.09696	0.10444	0.06286	0.00725	0.00193	0.00685	0.00729	0.00301	0.00594
10	0.14165	0.24738	0.26611	0.01004	0.01456	0.03400	0.01072	0.01575	0.08545	0.01654	0.10258	0.01336	0.01192	0.00544	0.00421	0.00143	0.00536	0.00406	0.00297	0.00648
11	0.01580	0.05274	0.01361	0.06657	0.01560	0.36823	0.00913	0.04811	0.28255	0.05856	0.01293	0.01313	0.00989	0.00574	0.00472	0.00146	0.00653	0.00426	0.00368	0.00677
12	0.27885	0.13348	0.20966	0.10563	0.01660	0.01186	0.02804	0.01545	0.01033	0.09263	0.04789	0.01174	0.00871	0.00506	0.00413	0.00150	0.00535	0.00376	0.00300	0.00635

[dist]
# distance from previous block
# <min> <max>
2	4

[block]
# block no. 1 follows, 50 sequences, length 21
# corresponding to MSA columns:
# 207-227
name=unknown_B
#
# <colnr> <probs for GDERKNQSTAVLIFYWHMCP>
#	G	D	E	R	K	N	Q	S	T	A	V	L	I	F	Y	W	H	M	C	P
0	0.01073	0.01041	0.01453	0.57425	0.02848	0.06798	0.03198	0.01609	0.16584	0.01441	0.01110	0.01405	0.00837	0.00533	0.00499	0.00164	0.00632	0.00462	0.00282	0.00606
1	0.00941	0.00886	0.01495	0.81285	0.03433	0.01107	0.01384	0.01274	0.00997	0.01274	0.00886	0.01329	0.00664	0.00498	0.00498	0.00166	0.00664	0.00443	0.00221	0.00554
2	0.00607	0.00434	0.00578	0.00694	0.00723	0.00405	0.00463	0.00694	0.00954	0.01272	0.02747	0.82157	0.03297	0.01562	0.00636	0.00202	0.00289	0.01417	0.00463	0.00405
3	0.00673	0.00508	0.00621	0.00593	0.00725	0.00457	0.00445	0.00878	0.01335	0.01817	0.58519	0.04022	0.25407	0.01087	0.00588	0.00160	0.00240	0.00943	0.00525	0.00457
4	0.01404	0.72444	0.02470	0.00890	0.01313	0.01918	0.00865	0.11174	0.01182	0.01423	0.00757	0.00850	0.00666	0.00448	0.00343	0.00112	0.00535	0.00290	0.00249	0.00666
5	0.00626	0.00504	0.00546	0.00536	0.00680	0.00437	0.00394	0.00769	0.01170	0.01471	0.22117	0.04433	0.56049	0.07193	0.00732	0.00189	0.00265	0.00993	0.00471	0.00424
6	0.00604	0.00490	0.00536	0.00558	0.00691	0.00422	0.00406	0.00731	0.01120	0.01388	0.11169	0.21876	0.55658	0.01307	0.00599	0.00175	0.00259	0.01120	0.00471	0.00422
7	0.00979	0.00909	0.01448	0.71088	0.03162	0.01124	0.01309	0.01448	0.10838	0.01377	0.01031	0.01396	0.00773	0.00521	0.00499	0.00166	0.00630	0.00458	0.00258	0.00584
8	0.01056	0.00842	0.00946	0.09748	0.01277	0.03331	0.00694	0.14052	0.13136	0.04535	0.05410	0.15710	0.22802	0.03429	0.00610	0.00178	0.00408	0.00811	0.00446	0.00579
9	0.00647	0.00493	0.00595	0.00600	0.00717	0.00441	0.00438	0.00817	0.01229	0.01638	0.39363	0.19636	0.29162	0.01207	0.00598	0.00170	0.00252	0.01054	0.00503	0.00441
10	0.01034	0.00886	0.01034	0.00738	0.01181	0.00664	0.00591	0.01255	0.01034	0.01624	0.00886	0.01034	0.00738	0.00369	0.00369	0.00074	0.00369	0.00295	0.00295	0.85530
11	0.01098	0.22146	0.37501	0.19981	0.02237	0.03385	0.04184	0.01497	0.01043	0.01397	0.00843	0.01061	0.00646	0.00467	0.00444	0.00147	0.00677	0.00367	0.00216	0.00663
12	0.00713	0.00567	0.00750	0.16794	0.01251	0.00566	0.00614	0.00869	0.01053	0.02960	0.07183	0.26795	0.31327	0.05456	0.00686	0.00194	0.00361	0.01001	0.00414	0.00448
13	0.01720	0.01208	0.01329	0.01057	0.01397	0.01313	0.00856	0.59375	0.03615	0.08294	0.01458	0.11537	0.01200	0.00748	0.00548	0.01992	0.00501	0.00577	0.00497	0.00777
14	0.01078	0.01273	0.11455	0.54996	0.07059	0.09003	0.01376	0.03684	0.01096	0.01384	0.00969	0.01310	0.02204	0.00512	0.00492	0.00160	0.00681	0.00434	0.00238	0.00598
15	0.01598	0.03568	0.07087	0.01177	0.01450	0.54440	0.00942	0.01848	0.06816	0.04107	0.01161	0.11327	0.01062	0.00657	0.00478	0.00143	0.00749	0.00486	0.00309	0.00593
16	0.00712	0.00534	0.00801	0.00801	0.00890	0.00623	0.00623	0.00890	0.00801	0.01157	0.01335	0.01958	0.01246	0.03738	0.80507	0.00801	0.01335	0.00534	0.00267	0.00445
17	0.00725	0.00483	0.00544	0.00544	0.00544	0.00483	0.00302	0.00725	0.00725	0.00966	0.01571	0.03262	0.01812	0.82483	0.02537	0.00483	0.00483	0.00725	0.00302	0.00302
18	0.01241	0.01029	0.01744	0.34114	0.35424	0.01100	0.04906	0.01544	0.01118	0.11404	0.01051	0.01336	0.00794	0.00487	0.00501	0.00157	0.00611	0.00458	0.00284	0.00697
19	0.01531	0.07039	0.01581	0.14642	0.10162	0.01385	0.01042	0.42278	0.05296	0.02367	0.01097	0.01213	0.00819	0.00540	0.00476	0.00144	0.00551	0.00428	0.00390	0.07018
20	0.03899	0.00855	0.01119	0.23296	0.01771	0.00785	0.00802	0.01226	0.01011	0.01521	0.01017	0.07089	0.00899	0.00496	0.00423	0.00112	0.00447	0.00418	0.00287	0.52526

[dist]
# distance from previous block
# <min> <max>
0	1

[block]
# block no. 2 follows, 50 sequences, length 83
# corresponding to MSA columns:
# 229-311
name=unknown_C
#
# <colnr> <probs for GDERKNQSTAVLIFYWHMCP>
#	G	D	E	R	K	N	Q	S	T	A	V	L	I	F	Y	W	H	M	C	P
0	0.01462	0.01052	0.01199	0.00977	0.01251	0.01149	0.00780	0.47233	0.01716	0.02324	0.01171	0.01436	0.00946	0.03765	0.15107	0.12917	0.00663	0.00464	0.00401	0.03985
1	0.00941	0.00886	0.01495	0.81285	0.03433	0.01107	0.01384	0.01274	0.00997	0.01274	0.00886	0.01329	0.00664	0.00498	0.00498	0.00166	0.00664	0.00443	0.00221	0.00554
2	0.00899	0.00818	0.01347	0.66830	0.02951	0.00993	0.01220	0.01214	0.01071	0.01404	0.14904	0.01758	0.01388	0.00592	0.00514	0.00164	0.00588	0.00525	0.00280	0.00539
3	0.10323	0.00929	0.01105	0.00904	0.01249	0.00930	0.00731	0.02401	0.25481	0.47654	0.01858	0.01659	0.01254	0.00620	0.00484	0.00159	0.00411	0.00498	0.00552	0.00799
4	0.00605	0.00441	0.00571	0.00675	0.00718	0.00406	0.00454	0.00696	0.00973	0.01280	0.02978	0.74401	0.10904	0.01532	0.00631	0.00199	0.00286	0.01380	0.00463	0.00406
5	0.00764	0.00471	0.00581	0.00581	0.00584	0.00473	0.00348	0.00709	0.00706	0.00944	0.01367	0.02735	0.01531	0.57564	0.04701	0.24252	0.00495	0.00638	0.00277	0.00282
6	0.70760	0.00950	0.00869	0.15105	0.01406	0.01116	0.00691	0.01431	0.00875	0.02064	0.00728	0.00903	0.00562	0.00469	0.00342	0.00156	0.00436	0.00301	0.00293	0.00542
7	0.70992	0.00943	0.00809	0.00697	0.01019	0.01049	0.00574	0.01638	0.00952	0.16121	0.00922	0.00969	0.00664	0.00490	0.00343	0.00154	0.00392	0.00311	0.00364	0.00595
8	0.00601	0.00505	0.00521	0.00517	0.00680	0.00426	0.00388	0.00738	0.01164	0.01412	0.12475	0.04689	0.71705	0.01238	0.00589	0.00167	0.00251	0.01037	0.00471	0.00426
9	0.01932	0.01336	0.01459	0.01118	0.01516	0.01457	0.00924	0.69496	0.02243	0.11498	0.01281	0.01251	0.00890	0.00600	0.00499	0.00150	0.00535	0.00454	0.00512	0.00848
10	0.00624	0.00451	0.00591	0.00673	0.00724	0.00417	0.00460	0.00739	0.01045	0.01406	0.16542	0.64398	0.07182	0.01450	0.00625	0.00193	0.00278	0.01307	0.00478	0.00417
11	0.00640	0.00448	0.00569	0.00652	0.00673	0.00427	0.00418	0.00703	0.00890	0.01187	0.02418	0.60108	0.02882	0.24176	0.01167	0.00281	0.00343	0.01224	0.00418	0.00376
12	0.67984	0.00892	0.00724	0.00651	0.00908	0.01018	0.00510	0.03814	0.00875	0.02038	0.00867	0.01262	0.00778	0.15165	0.00714	0.00213	0.00408	0.00357	0.00313	0.00507
13	0.86003	0.00964	0.00733	0.00655	0.00964	0.01118	0.00540	0.01465	0.00848	0.02236	0.00694	0.00810	0.00540	0.00463	0.00308	0.00154	0.00386	0.00270	0.00308	0.00540
14	0.00816	0.00550	0.00610	0.00607	0.00615	0.00537	0.00344	0.00793	0.00784	0.01055	0.01649	0.03352	0.01880	0.81422	0.02546	0.00495	0.00512	0.00749	0.00332	0.00351
15	0.00712	0.00534	0.00801	0.00801	0.00890	0.00623	0.00623	0.00890	0.00801	0.01157	0.01335	0.01958	0.01246	0.03738	0.80507	0.00801	0.01335	0.00534	0.00267	0.00445
16	0.00676	0.00495	0.00634	0.00627	0.00734	0.00454	0.00460	0.00874	0.01302	0.01803	0.58000	0.17887	0.11918	0.01141	0.00597	0.00166	0.00247	0.01009	0.00525	0.00454
17	0.02236	0.00848	0.01157	0.00887	0.01272	0.00733	0.00733	0.02429	0.01427	0.79719	0.01966	0.01697	0.01234	0.00617	0.00501	0.00154	0.00424	0.00501	0.00617	0.00848
18	0.01368	0.01633	0.02514	0.01873	0.02308	0.23400	0.56156	0.01707	0.01242	0.01491	0.00942	0.01220	0.00724	0.00446	0.00549	0.00157	0.00857	0.00514	0.00253	0.00646
19	0.01133	0.00961	0.01034	0.00937	0.01187	0.01089	0.00725	0.02311	0.63405	0.02058	0.15891	0.02241	0.03355	0.00747	0.00523	0.00167	0.00364	0.00632	0.00514	0.00726
20	0.00627	0.00517	0.00558	0.00579	0.00738	0.00448	0.00455	0.00772	0.01138	0.01373	0.04618	0.04945	0.65497	0.01283	0.00607	0.00179	0.00289	0.14486	0.00462	0.00428
21	0.01777	0.01338	0.01430	0.01123	0.01501	0.01491	0.00919	0.64260	0.15986	0.02952	0.01346	0.01316	0.00968	0.00612	0.00500	0.00153	0.00521	0.00469	0.00500	0.00837
22	0.00607	0.00434	0.00578	0.00694	0.00723	0.00405	0.00463	0.00694	0.00954	0.01272	0.02747	0.82157	0.03297	0.01562	0.00636	0.00202	0.00289	0.01417	0.00463	0.00405
23	0.01895	0.01396	0.01496	0.01147	0.01546	0.01546	0.00947	0.77711	0.02344	0.03141	0.01197	0.01197	0.00848	0.00598	0.00499	0.00150	0.00548	0.00449	0.00499	0.00848
24	0.00713	0.00478	0.00547	0.00559	0.00562	0.00475	0.00318	0.00722	0.00748	0.00997	0.01689	0.11172	0.01961	0.74369	0.02346	0.00455	0.00464	0.00794	0.00318	0.00312
25	0.86003	0.00964	0.00733	0.00655	0.00964	0.01118	0.00540	0.01465	0.00848	0.02236	0.00694	0.00810	0.00540	0.00463	0.00308	0.00154	0.00386	0.00270	0.00308	0.00540
26	0.02206	0.00842	0.01147	0.00882	0.01262	0.00727	0.00727	0.02399	0.01426	0.78166	0.03508	0.01737	0.01303	0.00625	0.00503	0.00154	0.00420	0.00509	0.00616	0.00841
27	0.00733	0.00628	0.00662	0.00753	0.00805	0.08434	0.00513	0.00824	0.01000	0.01267	0.02549	0.74010	0.03031	0.01457	0.00617	0.00195	0.00350	0.01307	0.00442	0.00422
28	0.74599	0.01003	0.00824	0.00713	0.01033	0.01147	0.00588	0.09144	0.01019	0.05076	0.00790	0.00880	0.00595	0.00482	0.00334	0.00154	0.00403	0.00296	0.00338	0.00582
29	0.00685	0.00509	0.00637	0.00605	0.00732	0.00461	0.00454	0.00900	0.01362	0.01882	0.65838	0.03916	0.18048	0.01063	0.00588	0.00159	0.00238	0.00928	0.00533	0.00461
30	0.01862	0.02376	0.01413	0.01284	0.01541	0.80482	0.00963	0.01990	0.01413	0.01220	0.00770	0.00899	0.00642	0.00514	0.00449	0.00128	0.00899	0.00321	0.00257	0.00578
31	0.01333	0.82783	0.02612	0.00853	0.01279	0.01972	0.00853	0.01493	0.01013	0.01173	0.00693	0.00800	0.00640	0.00426	0.00320	0.00107	0.00533	0.00267	0.00213	0.00640
32	0.00705	0.00510	0.00666	0.00627	0.00745	0.00470	0.00470	0.00941	0.01411	0.01999	0.79110	0.03723	0.04703	0.01019	0.00588	0.00157	0.00235	0.00901	0.00549	0.00470
33	0.00610	0.00505	0.00535	0.00530	0.00687	0.00429	0.00397	0.00755	0.01182	0.01462	0.18282	0.05946	0.64510	0.01224	0.00590	0.00167	0.00250	0.01031	0.00478	0.00429
34	0.02236	0.00848	0.01157	0.00887	0.01272	0.00733	0.00733	0.02429	0.01427	0.79719	0.01966	0.01697	0.01234	0.00617	0.00501	0.00154	0.00424	0.00501	0.00617	0.00848
35	0.17232	0.00894	0.01096	0.00857	0.01230	0.00839	0.00708	0.05719	0.01365	0.62311	0.01703	0.01515	0.01092	0.00588	0.00467	0.00154	0.00423	0.00457	0.00556	0.00793
36	0.01252	0.00631	0.00841	0.00720	0.00933	0.00564	0.00564	0.01472	0.01417	0.29761	0.51554	0.02999	0.03464	0.00875	0.00557	0.00156	0.00303	0.00758	0.00573	0.00605
37	0.00664	0.00482	0.00629	0.00670	0.00753	0.00447	0.00487	0.00829	0.01179	0.01609	0.35941	0.37058	0.08978	0.01292	0.00616	0.00182	0.00277	0.06969	0.00500	0.00438
38	0.01102	0.00632	0.00649	0.00587	0.00754	0.00658	0.00456	0.14879	0.01278	0.02088	0.01549	0.01740	0.01201	0.00584	0.00375	0.00122	0.00289	0.00462	0.70062	0.00533
39	0.00759	0.00566	0.00712	0.00666	0.00800	0.00547	0.00502	0.01112	0.09138	0.02007	0.71382	0.03536	0.04384	0.00985	0.00580	0.00158	0.00251	0.00868	0.00545	0.00502
40	0.00925	0.00508	0.00689	0.00724	0.00814	0.00466	0.00508	0.01001	0.01008	0.15290	0.02419	0.59653	0.02683	0.01409	0.00744	0.08746	0.00328	0.01154	0.00466	0.00465
41	0.00649	0.00459	0.00560	0.00622	0.00655	0.00435	0.00398	0.00711	0.00896	0.01181	0.03686	0.45634	0.09814	0.30432	0.01310	0.00299	0.00354	0.01128	0.00407	0.00371
42	0.01189	0.00965	0.01070	0.00971	0.01222	0.01107	0.00757	0.02324	0.61148	0.05350	0.01902	0.01870	0.01459	0.01222	0.14843	0.00282	0.00564	0.00556	0.00469	0.00730
43	0.01000	0.02578	0.79900	0.01421	0.02157	0.01158	0.01842	0.01579	0.01052	0.01579	0.00895	0.01052	0.00631	0.00474	0.00474	0.00158	0.00737	0.00368	0.00210	0.00737
44	0.00690	0.00529	0.00748	0.00748	0.00851	0.00587	0.00579	0.00859	0.00861	0.01191	0.02001	0.02467	0.15211	0.03295	0.66186	0.00688	0.01141	0.00627	0.00302	0.00441
45	0.00793	0.00530	0.00688	0.00637	0.00773	0.00484	0.00482	0.01020	0.01399	0.06696	0.70871	0.03651	0.08058	0.01006	0.00583	0.00157	0.00247	0.00884	0.00549	0.00491
46	0.01240	0.01071	0.01127	0.01014	0.01296	0.01240	0.00789	0.02649	0.78473	0.02085	0.02029	0.01860	0.01522	0.00676	0.00507	0.00169	0.00394	0.00564	0.00507	0.00789
47	0.01042	0.00989	0.01677	0.54345	0.29586	0.01134	0.01434	0.01362	0.01044	0.01396	0.00904	0.01296	0.00708	0.00480	0.00497	0.00160	0.00640	0.00443	0.00230	0.00635
48	0.00699	0.00494	0.00574	0.00574	0.00617	0.00492	0.00362	0.00747	0.00810	0.01062	0.02160	0.03350	0.15594	0.56615	0.13389	0.00472	0.00564	0.00756	0.00326	0.00344
49	0.00737	0.00560	0.00817	0.00811	0.00910	0.00653	0.00631	0.00974	0.04520	0.01202	0.01368	0.01953	0.01259	0.03592	0.76677	0.00771	0.01290	0.00535	0.00279	0.00462
50	0.00723	0.00551	0.00834	0.04655	0.01012	0.00646	0.00660	0.00908	0.00810	0.01163	0.01314	0.01928	0.01218	0.03583	0.76676	0.00771	0.01303	0.00530	0.00265	0.00450
51	0.01817	0.01358	0.01452	0.01131	0.01516	0.01510	0.00929	0.68839	0.11342	0.03017	0.01295	0.01275	0.00927	0.00608	0.00500	0.00152	0.00530	0.00462	0.00500	0.00841
52	0.01006	0.00941	0.01497	0.63182	0.03011	0.01138	0.04855	0.01535	0.14889	0.01434	0.01096	0.01425	0.00822	0.00527	0.00504	0.00167	0.00624	0.00471	0.00274	0.00601
53	0.01032	0.01085	0.11298	0.00975	0.05001	0.00802	0.00812	0.06237	0.06218	0.01684	0.01318	0.15648	0.01244	0.00635	0.00454	0.00123	0.00427	0.00541	0.00339	0.44129
54	0.01194	0.01178	0.02090	0.10581	0.51619	0.01195	0.16314	0.01591	0.06229	0.01617	0.01018	0.01306	0.00819	0.00460	0.00513	0.00155	0.00635	0.00480	0.00262	0.00743
55	0.00936	0.00693	0.01113	0.00910	0.01127	0.00635	0.14306	0.01194	0.01354	0.09679	0.52804	0.03160	0.08249	0.00886	0.00579	0.00159	0.00364	0.00814	0.00497	0.00541
56	0.01402	0.01330	0.01207	0.01073	0.01359	0.15464	0.00832	0.08366	0.58745	0.02012	0.01739	0.01636	0.01312	0.00641	0.00496	0.00160	0.00497	0.00511	0.00462	0.00756
57	0.00816	0.00609	0.00809	0.00994	0.14670	0.00609	0.00522	0.00869	0.00798	0.01085	0.01457	0.02898	0.01629	0.67781	0.02171	0.00423	0.00503	0.00675	0.00292	0.00389
58	0.01029	0.00781	0.00938	0.00751	0.01058	0.00658	0.00575	0.02465	0.07011	0.03996	0.01197	0.09342	0.01096	0.00768	0.00696	0.15406	0.00379	0.00462	0.00328	0.51065
59	0.00703	0.08730	0.00784	0.00638	0.00766	0.00585	0.00477	0.00844	0.01120	0.01461	0.22709	0.30907	0.23845	0.03371	0.00630	0.00179	0.00295	0.01053	0.00456	0.00447
60	0.02015	0.01158	0.15268	0.00982	0.01431	0.00809	0.00931	0.02277	0.01360	0.65716	0.01774	0.01581	0.01126	0.00591	0.00496	0.00155	0.00480	0.00477	0.00544	0.00828
61	0.00628	0.00443	0.00572	0.00667	0.00691	0.00419	0.00434	0.00700	0.00913	0.01218	0.02536	0.68019	0.03031	0.16063	0.00977	0.00253	0.00324	0.01293	0.00434	0.00386
62	0.00630	0.00451	0.00598	0.00679	0.00728	0.00420	0.00464	0.00750	0.01058	0.01437	0.20088	0.64346	0.03616	0.01438	0.00625	0.00192	0.00277	0.01300	0.00482	0.00420
63	0.01862	0.02376	0.01413	0.01284	0.01541	0.80482	0.00963	0.01990	0.01413	0.01220	0.00770	0.00899	0.00642	0.00514	0.00449	0.00128	0.00899	0.00321	0.00257	0.00578
64	0.01721	0.01874	0.01250	0.01131	0.01354	0.58140	0.00845	0.01794	0.01277	0.09027	0.00907	0.01089	0.00741	0.00742	0.00723	0.15430	0.00768	0.00359	0.00286	0.00540
65	0.00725	0.00483	0.00544	0.00544	0.00544	0.00483	0.00302	0.00725	0.00725	0.00966	0.01571	0.03262	0.01812	0.82483	0.02537	0.00483	0.00483	0.00725	0.00302	0.00302
66	0.01234	0.01184	0.02023	0.03059	0.79373	0.01184	0.01530	0.01530	0.01135	0.01628	0.00938	0.01234	0.00790	0.00444	0.00493	0.00148	0.00592	0.00444	0.00247	0.00790
67	0.00764	0.00555	0.00749	0.00824	0.00945	0.00540	0.00701	0.00984	0.01194	0.01568	0.16585	0.05199	0.10848	0.01301	0.00660	0.00210	0.00398	0.55041	0.00475	0.00457
68	0.86003	0.00964	0.00733	0.00655	0.00964	0.01118	0.00540	0.01465	0.00848	0.02236	0.00694	0.00810	0.00540	0.00463	0.00308	0.00154	0.00386	0.00270	0.00308	0.00540
69	0.00711	0.00487	0.00593	0.00605	0.00624	0.00500	0.00376	0.00751	0.00762	0.01031	0.01646	0.10939	0.01860	0.60258	0.16319	0.00512	0.00616	0.00760	0.00312	0.00338
70	0.01178	0.00990	0.01190	0.01025	0.01299	0.01103	0.08408	0.02277	0.56847	0.01995	0.01854	0.01808	0.01401	0.00633	0.00487	0.00159	0.00410	0.00548	0.15668	0.00719
71	0.00712	0.00534	0.00801	0.00801	0.00890	0.00623	0.00623	0.00890	0.00801	0.01157	0.01335	0.01958	0.01246	0.03738	0.80507	0.00801	0.01335	0.00534	0.00267	0.00445
72	0.70931	0.01041	0.00869	0.00744	0.01068	0.01195	0.00613	0.15129	0.01116	0.02399	0.00784	0.00879	0.00595	0.00487	0.00343	0.00153	0.00415	0.00302	0.00343	0.00595
73	0.00618	0.00448	0.00607	0.03210	0.00808	0.00427	0.00491	0.00712	0.00956	0.01272	0.02689	0.79634	0.03215	0.01528	0.00632	0.00201	0.00301	0.01387	0.00455	0.00410
74	0.00697	0.00486	0.00538	0.00541	0.00572	0.00470	0.00321	0.00722	0.00806	0.01044	0.02231	0.06000	0.15722	0.65401	0.02129	0.00418	0.00436	0.00805	0.00336	0.00327
75	0.00918	0.00562	0.00618	0.00569	0.00771	0.00481	0.00439	0.01067	0.01179	0.15442	0.04154	0.03947	0.57394	0.01078	0.00549	0.00161	0.00281	0.00894	0.08992	0.00502
76	0.01333	0.82783	0.02612	0.00853	0.01279	0.01972	0.00853	0.01493	0.01013	0.01173	0.00693	0.00800	0.00640	0.00426	0.00320	0.00107	0.00533	0.00267	0.00213	0.00640
77	0.02236	0.00848	0.01157	0.00887	0.01272	0.00733	0.00733	0.02429	0.01427	0.79719	0.01966	0.01697	0.01234	0.00617	0.00501	0.00154	0.00424	0.00501	0.00617	0.00848
78	0.00724	0.00485	0.00552	0.00552	0.00554	0.00488	0.00312	0.00730	0.00727	0.00972	0.01563	0.03221	0.01794	0.80024	0.04971	0.00493	0.00510	0.00719	0.00301	0.00306
79	0.01234	0.01184	0.02023	0.03059	0.79373	0.01184	0.01530	0.01530	0.01135	0.01628	0.00938	0.01234	0.00790	0.00444	0.00493	0.00148	0.00592	0.00444	0.00247	0.00790
80	0.00607	0.00434	0.00578	0.00694	0.00723	0.00405	0.00463	0.00694	0.00954	0.01272	0.02747	0.82157	0.03297	0.01562	0.00636	0.00202	0.00289	0.01417	0.00463	0.00405
81	0.17248	0.00869	0.01081	0.00845	0.01217	0.00802	0.00698	0.02256	0.01323	0.65833	0.01738	0.01538	0.01109	0.00589	0.00467	0.00154	0.00417	0.00460	0.00562	0.00793
82	0.01895	0.01396	0.01496	0.01147	0.01546	0.01546	0.00947	0.77711	0.02344	0.03141	0.01197	0.01197	0.00848	0.00598	0.00499	0.00150	0.00548	0.00449	0.00499	0.00848

[dist]
# distance from previous block
# <min> <max>
0	104

# created by:
# /st0/software/busco_prod/Augustus/scripts/msa2prfl.pl ./align_prep/194372.fa
