[name]
unknown

[dist]
# distance from previous block
# <min> <max>
0	110

[block]
# block no. 0 follows, 52 sequences, length 10
# corresponding to MSA columns:
# 186-195
name=unknown_A
#
# <colnr> <probs for GDERKNQSTAVLIFYWHMCP>
#	G	D	E	R	K	N	Q	S	T	A	V	L	I	F	Y	W	H	M	C	P
0	0.01130	0.00677	0.00845	0.00786	0.00969	0.00654	0.00600	0.11020	0.04058	0.17786	0.09139	0.36227	0.04176	0.01078	0.00560	0.00173	0.00352	0.06029	0.00489	0.03253
1	0.01392	0.04097	0.01161	0.02354	0.04129	0.00919	0.00735	0.13706	0.12321	0.19524	0.03763	0.08891	0.01337	0.00646	0.00469	0.00137	0.00412	0.02513	0.00437	0.21058
2	0.01518	0.05286	0.04104	0.00821	0.01106	0.00733	0.00677	0.05587	0.01243	0.40870	0.03385	0.22764	0.03189	0.02589	0.00551	0.00164	0.00395	0.00714	0.00496	0.03807
3	0.11282	0.00911	0.01074	0.00982	0.05456	0.00944	0.00733	0.07004	0.24657	0.29613	0.03630	0.08798	0.01418	0.00681	0.00481	0.00158	0.00400	0.00562	0.00491	0.00723
4	0.03423	0.00755	0.00976	0.00810	0.01098	0.00696	0.00660	0.04176	0.05283	0.48301	0.12376	0.04054	0.04086	0.00751	0.00510	0.00157	0.00378	0.07121	0.03689	0.00699
5	0.00982	0.00591	0.00729	0.00696	0.00848	0.00557	0.00518	0.03683	0.05190	0.15763	0.13195	0.25515	0.15492	0.09171	0.00754	0.00202	0.00332	0.04796	0.00476	0.00509
6	0.01396	0.00864	0.01017	0.00849	0.01123	0.00864	0.00668	0.18464	0.12639	0.21603	0.10430	0.12630	0.04161	0.03471	0.00571	0.00162	0.00390	0.00653	0.00492	0.07552
7	0.06111	0.00699	0.00795	0.00757	0.00921	0.03616	0.00561	0.07556	0.01132	0.14046	0.03750	0.39527	0.03329	0.06696	0.00675	0.00192	0.00373	0.03944	0.00443	0.04879
8	0.01029	0.00763	0.00921	0.00740	0.01061	0.00619	0.00577	0.03680	0.01065	0.08189	0.01435	0.19608	0.01404	0.00686	0.00445	0.00115	0.00355	0.03608	0.00363	0.53336
9	0.00906	0.00592	0.02837	0.00686	0.00790	0.00536	0.00488	0.01070	0.05561	0.12466	0.04949	0.33363	0.02293	0.29780	0.01233	0.00281	0.00382	0.00920	0.00416	0.00453

[dist]
# distance from previous block
# <min> <max>
3	7

[block]
# block no. 1 follows, 52 sequences, length 63
# corresponding to MSA columns:
# 203-265
name=unknown_B
#
# <colnr> <probs for GDERKNQSTAVLIFYWHMCP>
#	G	D	E	R	K	N	Q	S	T	A	V	L	I	F	Y	W	H	M	C	P
0	0.02092	0.00826	0.01111	0.00863	0.01223	0.00726	0.00708	0.05005	0.01398	0.73995	0.01919	0.05243	0.01276	0.00640	0.00493	0.00152	0.00411	0.00525	0.00589	0.00805
1	0.00807	0.00715	0.06864	0.00824	0.02333	0.01970	0.00637	0.00943	0.00954	0.05834	0.05358	0.43933	0.02422	0.12084	0.02637	0.00238	0.06265	0.04333	0.00394	0.00456
2	0.02063	0.00828	0.01113	0.00848	0.01229	0.00706	0.00699	0.02253	0.01351	0.72782	0.01812	0.01588	0.01154	0.00577	0.00475	0.00142	0.00407	0.00468	0.00570	0.08935
3	0.01288	0.00949	0.12074	0.00978	0.06564	0.00704	0.00810	0.01577	0.03387	0.29123	0.29845	0.05111	0.03986	0.00756	0.00520	0.00153	0.00391	0.00649	0.00485	0.00648
4	0.52513	0.12166	0.04829	0.00855	0.01209	0.04907	0.06638	0.01556	0.00959	0.09355	0.00828	0.00923	0.00627	0.00459	0.00354	0.00144	0.00471	0.00314	0.00305	0.00587
5	0.68130	0.00913	0.00802	0.00686	0.01002	0.01006	0.00565	0.01628	0.00947	0.19111	0.00943	0.00974	0.00671	0.00482	0.00341	0.00150	0.00383	0.00311	0.00365	0.00590
6	0.01122	0.01958	0.53110	0.01285	0.03201	0.01086	0.02365	0.04956	0.01118	0.09382	0.07032	0.01301	0.00992	0.00556	0.00582	0.00158	0.08393	0.00424	0.00283	0.00694
7	0.00926	0.00554	0.00686	0.00633	0.00732	0.00532	0.00426	0.00997	0.00846	0.12129	0.01558	0.06842	0.01602	0.49528	0.13050	0.00424	0.00560	0.00652	0.00339	0.06984
8	0.67915	0.12573	0.07106	0.00721	0.01069	0.01206	0.00665	0.01437	0.00862	0.01980	0.00690	0.00804	0.00545	0.00446	0.00314	0.00144	0.00421	0.00269	0.00280	0.00553
9	0.00576	0.00478	0.00504	0.00525	0.00664	0.00406	0.00383	0.00692	0.01072	0.01296	0.04492	0.19217	0.65466	0.01282	0.00581	0.00170	0.00252	0.01089	0.00450	0.00406
10	0.00615	0.00434	0.00553	0.00639	0.00664	0.00410	0.00414	0.00682	0.00884	0.01175	0.02479	0.63773	0.04703	0.18972	0.01014	0.00255	0.00321	0.01225	0.00416	0.00373
11	0.01022	0.02202	0.63355	0.01537	0.11480	0.01136	0.01656	0.01628	0.08471	0.01588	0.00980	0.01119	0.00715	0.00476	0.00466	0.00153	0.00667	0.00385	0.00236	0.00727
12	0.86392	0.00937	0.00712	0.00637	0.00937	0.01087	0.00525	0.01425	0.00825	0.02174	0.00675	0.00787	0.00525	0.00450	0.00300	0.00150	0.00375	0.00262	0.00300	0.00525
13	0.00920	0.00867	0.01463	0.80383	0.04719	0.01078	0.01348	0.01243	0.00971	0.01244	0.00862	0.01290	0.00648	0.00484	0.00484	0.00161	0.00645	0.00431	0.00216	0.00542
14	0.01246	0.01010	0.01065	0.00915	0.01196	0.01116	0.00723	0.23278	0.40765	0.02158	0.02384	0.02248	0.18269	0.00760	0.00508	0.00159	0.00395	0.00620	0.00481	0.00705
15	0.00929	0.00531	0.00662	0.00630	0.00727	0.00498	0.00434	0.01027	0.01002	0.14441	0.16904	0.13942	0.04829	0.37306	0.01406	0.00301	0.00381	0.03194	0.00422	0.00436
16	0.02091	0.00958	0.01207	0.00925	0.01303	0.00909	0.00764	0.21304	0.01609	0.61026	0.01725	0.01528	0.01106	0.00595	0.00487	0.00149	0.00443	0.00475	0.00571	0.00825
17	0.00590	0.00422	0.00562	0.00675	0.00703	0.00394	0.00450	0.00675	0.00928	0.01237	0.02671	0.82653	0.03205	0.01518	0.00619	0.00197	0.00281	0.01378	0.00450	0.00394
18	0.03843	0.00552	0.00619	0.00600	0.00765	0.00502	0.00450	0.00991	0.04604	0.08972	0.14161	0.16825	0.43079	0.01130	0.00559	0.00166	0.00276	0.00962	0.00472	0.00473
19	0.01060	0.01060	0.01484	0.01272	0.01272	0.01484	0.01060	0.01166	0.00742	0.01166	0.00636	0.01060	0.00636	0.00848	0.01590	0.00212	0.82082	0.00424	0.00212	0.00530
20	0.01005	0.00861	0.01005	0.00718	0.01148	0.00646	0.00574	0.01220	0.01005	0.01579	0.00861	0.01005	0.00718	0.00359	0.00359	0.00072	0.00359	0.00287	0.00287	0.85932
21	0.07555	0.00602	0.00699	0.00645	0.00837	0.00556	0.00493	0.01194	0.03557	0.17950	0.17585	0.15277	0.29161	0.01019	0.00538	0.00163	0.00297	0.00864	0.00487	0.00522
22	0.04683	0.00548	0.00696	0.00654	0.00795	0.00515	0.00502	0.01062	0.01286	0.09309	0.55809	0.06286	0.05569	0.03560	0.00620	0.00169	0.00279	0.06663	0.00510	0.00486
23	0.00761	0.00544	0.00758	0.00870	0.00973	0.00541	0.00747	0.00970	0.01096	0.01428	0.02577	0.13438	0.02832	0.01357	0.00664	0.00220	0.00429	0.68906	0.00447	0.00441
24	0.47399	0.00829	0.00763	0.00687	0.00936	0.00904	0.00541	0.07392	0.02447	0.08571	0.01554	0.12509	0.08592	0.04374	0.00500	0.00172	0.00370	0.00544	0.00378	0.00539
25	0.45080	0.00834	0.00790	0.00692	0.00941	0.00902	0.00540	0.07808	0.01033	0.13367	0.02542	0.06579	0.03207	0.12989	0.00700	0.00201	0.00396	0.00477	0.00375	0.00546
26	0.00597	0.00427	0.00558	0.00659	0.00690	0.00399	0.00437	0.00677	0.00920	0.01221	0.02678	0.74765	0.05852	0.06731	0.00735	0.00213	0.00292	0.01322	0.00440	0.00388
27	0.00700	0.00467	0.00546	0.00554	0.00560	0.00469	0.00323	0.00707	0.00722	0.00967	0.01580	0.08983	0.01816	0.70775	0.05844	0.03152	0.00491	0.00738	0.00301	0.00305
28	0.25982	0.00674	0.00716	0.00642	0.00826	0.00687	0.00479	0.01255	0.01027	0.15596	0.19399	0.04830	0.03278	0.21539	0.00959	0.00233	0.00367	0.00603	0.00412	0.00498
29	0.13021	0.00710	0.00865	0.00798	0.00972	0.00799	0.00630	0.08528	0.06590	0.05748	0.04806	0.01754	0.01257	0.03763	0.46965	0.00519	0.00920	0.00495	0.00334	0.00526
30	0.01328	0.01102	0.01165	0.01011	0.01307	0.01263	0.00797	0.17172	0.64274	0.02225	0.01817	0.01684	0.01353	0.00643	0.00491	0.00161	0.00412	0.00526	0.00491	0.00778
31	0.02459	0.00451	0.00587	0.00658	0.00713	0.00424	0.00453	0.00751	0.01036	0.01433	0.21812	0.61207	0.03488	0.01364	0.00600	0.00185	0.00270	0.01229	0.00467	0.00412
32	0.00768	0.00477	0.00718	0.01983	0.00792	0.00524	0.00528	0.00758	0.00711	0.00990	0.01071	0.01687	0.01024	0.02645	0.41651	0.41773	0.00865	0.00470	0.00235	0.00327
33	0.01982	0.00868	0.01119	0.00887	0.01242	0.00810	0.00723	0.02404	0.16794	0.64761	0.01924	0.01681	0.01255	0.00611	0.00488	0.00153	0.00407	0.00499	0.00579	0.00813
34	0.78367	0.00926	0.00752	0.00659	0.00966	0.01051	0.00543	0.01514	0.00878	0.09618	0.00793	0.00869	0.00589	0.00464	0.00318	0.00150	0.00378	0.00284	0.00328	0.00553
35	0.00699	0.00511	0.00750	0.00747	0.00829	0.00578	0.00572	0.00854	0.00826	0.01183	0.08757	0.02095	0.01536	0.06263	0.66881	0.04535	0.01126	0.00556	0.00285	0.00420
36	0.00590	0.00422	0.00562	0.00675	0.00703	0.00394	0.00450	0.00675	0.00928	0.01237	0.02671	0.82653	0.03205	0.01518	0.00619	0.00197	0.00281	0.01378	0.00450	0.00394
37	0.86392	0.00937	0.00712	0.00637	0.00937	0.01087	0.00525	0.01425	0.00825	0.02174	0.00675	0.00787	0.00525	0.00450	0.00300	0.00150	0.00375	0.00262	0.00300	0.00525
38	0.00787	0.00433	0.00612	0.00624	0.00630	0.00433	0.00409	0.00657	0.00680	0.00910	0.01166	0.10178	0.01259	0.15742	0.04822	0.59135	0.00448	0.00572	0.00251	0.00252
39	0.01144	0.01307	0.02859	0.02042	0.02533	0.01225	0.78186	0.01552	0.01144	0.01552	0.00980	0.01307	0.00735	0.00408	0.00572	0.00163	0.00817	0.00572	0.00245	0.00654
40	0.00828	0.00430	0.00645	0.00645	0.00654	0.00438	0.00438	0.00654	0.00645	0.00869	0.00885	0.01514	0.00877	0.01869	0.09437	0.77789	0.00504	0.00430	0.00215	0.00232
41	0.00933	0.00880	0.01486	0.76738	0.08262	0.01081	0.01355	0.01254	0.00978	0.01260	0.00865	0.01286	0.00654	0.00481	0.00484	0.00160	0.00641	0.00431	0.00217	0.00553
42	0.00948	0.00899	0.01495	0.69581	0.09034	0.01114	0.01335	0.01252	0.00962	0.01259	0.00848	0.01267	0.00655	0.00508	0.00569	0.00164	0.06909	0.00430	0.00217	0.00555
43	0.00916	0.00600	0.00752	0.00681	0.00846	0.00576	0.00521	0.01276	0.10856	0.10893	0.58812	0.03208	0.06310	0.00913	0.00552	0.00154	0.00269	0.00797	0.00533	0.00536
44	0.00915	0.00861	0.01453	0.81804	0.03338	0.01077	0.01346	0.01238	0.00969	0.01238	0.00861	0.01292	0.00646	0.00484	0.00484	0.00161	0.00646	0.00431	0.00215	0.00538
45	0.01181	0.09083	0.12443	0.01027	0.01377	0.01262	0.00918	0.02321	0.60606	0.01873	0.01693	0.01599	0.01275	0.00606	0.00471	0.00157	0.00443	0.00494	0.00425	0.00746
46	0.00631	0.00510	0.00566	0.00583	0.00714	0.00463	0.00425	0.00838	0.06214	0.01408	0.12412	0.24022	0.47004	0.01237	0.00579	0.00171	0.00262	0.01065	0.00462	0.00434
47	0.15503	0.01137	0.02164	0.01584	0.02002	0.01094	0.51796	0.01559	0.01131	0.09189	0.07076	0.01431	0.01040	0.00478	0.00518	0.00159	0.00659	0.00535	0.00310	0.00633
48	0.08085	0.27328	0.09622	0.01029	0.01401	0.27082	0.00928	0.05490	0.04576	0.08948	0.00916	0.00980	0.00716	0.00485	0.00399	0.00128	0.00626	0.00329	0.00291	0.00640
49	0.00994	0.15401	0.61712	0.01223	0.01848	0.01198	0.01526	0.01457	0.01023	0.01454	0.01149	0.01264	0.06706	0.00512	0.00445	0.00146	0.00648	0.00393	0.00224	0.00677
50	0.00576	0.00490	0.00497	0.00497	0.00657	0.00410	0.00372	0.00702	0.01110	0.01326	0.07048	0.05847	0.76374	0.01225	0.00573	0.00164	0.00246	0.01024	0.00452	0.00410
51	0.02993	0.01711	0.01498	0.06723	0.17235	0.38228	0.01058	0.19641	0.03330	0.01740	0.00913	0.01054	0.00719	0.00507	0.00459	0.00137	0.00701	0.00377	0.00307	0.00667
52	0.03404	0.17071	0.56070	0.01236	0.01850	0.01255	0.03058	0.01591	0.03822	0.05038	0.00917	0.01034	0.00673	0.00464	0.00433	0.00145	0.00647	0.00354	0.00237	0.00699
53	0.00637	0.00478	0.00670	0.00852	0.06802	0.00452	0.00530	0.00737	0.00941	0.01264	0.02536	0.76384	0.03018	0.01435	0.00608	0.00193	0.00304	0.01305	0.00434	0.00422
54	0.01199	0.01151	0.01967	0.02974	0.79946	0.01151	0.01487	0.01487	0.01103	0.01583	0.00912	0.01199	0.00768	0.00432	0.00480	0.00144	0.00576	0.00432	0.00240	0.00768
55	0.01401	0.01107	0.01808	0.02468	0.59325	0.02207	0.03946	0.01686	0.02316	0.17265	0.01127	0.01297	0.00861	0.00469	0.00484	0.00146	0.00553	0.00448	0.00316	0.00772
56	0.01283	0.01335	0.08753	0.01765	0.02246	0.01165	0.56363	0.04567	0.04709	0.11094	0.01135	0.01343	0.00818	0.00453	0.00546	0.00160	0.00730	0.00538	0.00305	0.00691
57	0.00854	0.00593	0.02437	0.00796	0.03685	0.00522	0.02148	0.01040	0.01186	0.10387	0.33395	0.28678	0.06767	0.01099	0.00576	0.00170	0.00311	0.04376	0.00483	0.00496
58	0.01102	0.00991	0.01471	0.04579	0.38641	0.00898	0.01034	0.01355	0.01063	0.02517	0.02510	0.01168	0.00824	0.00414	0.00426	0.00112	0.00470	0.00375	0.00271	0.39780
59	0.01271	0.00890	0.01080	0.00884	0.04910	0.00758	0.00667	0.04320	0.08571	0.16673	0.01326	0.01350	0.03717	0.00476	0.00414	0.00105	0.00384	0.00389	0.00377	0.51440
60	0.01548	0.04606	0.03983	0.00949	0.04697	0.00858	0.00754	0.04458	0.13740	0.36450	0.14614	0.01856	0.01690	0.00635	0.00483	0.00144	0.00400	0.00528	0.00497	0.07110
61	0.07383	0.07171	0.01096	0.00763	0.01114	0.00813	0.00624	0.05757	0.02155	0.19190	0.11482	0.03662	0.01391	0.00553	0.00423	0.00116	0.00375	0.00446	0.00402	0.35084
62	0.01125	0.04618	0.08506	0.01042	0.08651	0.00779	0.03300	0.01440	0.05004	0.15443	0.31386	0.02253	0.02344	0.00694	0.00500	0.00142	0.00397	0.01842	0.00432	0.10100

[dist]
# distance from previous block
# <min> <max>
2	23

[block]
# block no. 2 follows, 52 sequences, length 68
# corresponding to MSA columns:
# 292-345,349-362
name=unknown_C
#
# <colnr> <probs for GDERKNQSTAVLIFYWHMCP>
#	G	D	E	R	K	N	Q	S	T	A	V	L	I	F	Y	W	H	M	C	P
0	0.01328	0.00964	0.04159	0.00984	0.06687	0.00798	0.01950	0.07766	0.03975	0.19056	0.05648	0.01404	0.02155	0.00498	0.00433	0.00114	0.00412	0.00413	0.00388	0.40870
1	0.04403	0.00913	0.01171	0.00996	0.07649	0.00788	0.03616	0.07179	0.01181	0.12678	0.05279	0.01329	0.01026	0.00468	0.00418	0.00107	0.00409	0.01462	0.00356	0.48573
2	0.01780	0.01316	0.01414	0.01092	0.01467	0.01455	0.00899	0.73253	0.04432	0.02983	0.04148	0.01274	0.00984	0.00599	0.00488	0.00146	0.00518	0.00456	0.00487	0.00809
3	0.01110	0.00940	0.04023	0.00773	0.01203	0.00712	0.00646	0.03071	0.04536	0.06962	0.00989	0.01088	0.00783	0.00397	0.00380	0.00086	0.00381	0.00318	0.00319	0.71283
4	0.00940	0.00798	0.05261	0.00770	0.00966	0.03702	0.00622	0.01371	0.16248	0.07937	0.34264	0.14211	0.09081	0.00941	0.00545	0.00161	0.00334	0.00815	0.00483	0.00552
5	0.01162	0.15466	0.48081	0.01340	0.04814	0.01243	0.07263	0.02882	0.04445	0.07460	0.00978	0.01094	0.00715	0.00469	0.00449	0.00146	0.00646	0.00380	0.00256	0.00710
6	0.03104	0.00879	0.04063	0.02774	0.07042	0.00821	0.00751	0.15688	0.03711	0.21035	0.04779	0.19888	0.11654	0.00872	0.00524	0.00162	0.00406	0.00743	0.00464	0.00641
7	0.01089	0.01284	0.11991	0.09396	0.38981	0.01104	0.19470	0.01434	0.01101	0.01542	0.04059	0.01435	0.03901	0.00486	0.00506	0.00152	0.00631	0.00495	0.00254	0.00688
8	0.00589	0.00495	0.00514	0.00519	0.00678	0.00420	0.00396	0.00722	0.01115	0.01342	0.07635	0.04671	0.72314	0.01225	0.00578	0.00167	0.00257	0.05497	0.00453	0.00413
9	0.01335	0.10673	0.04260	0.03882	0.10378	0.02364	0.35640	0.04955	0.02876	0.13705	0.01168	0.04525	0.00909	0.00503	0.00508	0.00152	0.00644	0.00520	0.00317	0.00685
10	0.01166	0.01494	0.22875	0.07689	0.06178	0.01104	0.34266	0.04456	0.01164	0.08119	0.04075	0.03132	0.00941	0.00498	0.00522	0.00158	0.00687	0.00515	0.00286	0.00675
11	0.00637	0.00477	0.00669	0.00850	0.06745	0.00451	0.00529	0.00737	0.00941	0.01263	0.02537	0.76442	0.03019	0.01435	0.00608	0.00193	0.00304	0.01306	0.00434	0.00422
12	0.01187	0.01370	0.18091	0.01077	0.01451	0.01203	0.00994	0.06094	0.58582	0.01973	0.01697	0.01608	0.01262	0.00612	0.00486	0.00161	0.00462	0.00502	0.00431	0.00759
13	0.02672	0.02065	0.55122	0.01373	0.04913	0.04091	0.05834	0.01689	0.01105	0.15055	0.01049	0.01144	0.00726	0.00482	0.00468	0.00152	0.00665	0.00392	0.00279	0.00724
14	0.00995	0.02363	0.72683	0.01343	0.02015	0.01133	0.01690	0.01637	0.08669	0.01583	0.00978	0.01100	0.00699	0.00480	0.00464	0.00155	0.00684	0.00377	0.00233	0.00721
15	0.00915	0.00861	0.01453	0.81804	0.03338	0.01077	0.01346	0.01238	0.00969	0.01238	0.00861	0.01292	0.00646	0.00484	0.00484	0.00161	0.00646	0.00431	0.00215	0.00538
16	0.01199	0.01151	0.01967	0.02974	0.79946	0.01151	0.01487	0.01487	0.01103	0.01583	0.00912	0.01199	0.00768	0.00432	0.00480	0.00144	0.00576	0.00432	0.00240	0.00768
17	0.01086	0.06744	0.60224	0.01464	0.08698	0.01137	0.03934	0.01567	0.01056	0.06471	0.00968	0.01170	0.00716	0.00482	0.00463	0.00151	0.00671	0.02043	0.00239	0.00714
18	0.00590	0.00422	0.00562	0.00675	0.00703	0.00394	0.00450	0.00675	0.00928	0.01237	0.02671	0.82653	0.03205	0.01518	0.00619	0.00197	0.00281	0.01378	0.00450	0.00394
19	0.00600	0.00468	0.00545	0.00577	0.00684	0.00413	0.00413	0.00729	0.01093	0.01402	0.18080	0.31632	0.39066	0.01284	0.00588	0.00173	0.00255	0.01119	0.00466	0.00413
20	0.04970	0.01089	0.01789	0.07066	0.63324	0.01095	0.01350	0.01569	0.01116	0.10495	0.01012	0.01238	0.00799	0.00455	0.00473	0.00146	0.00553	0.00431	0.00282	0.00751
21	0.77927	0.00958	0.00837	0.00870	0.08788	0.01094	0.00620	0.01431	0.00852	0.02116	0.00698	0.00828	0.00549	0.00448	0.00318	0.00149	0.00395	0.00279	0.00294	0.00549
22	0.15577	0.01417	0.07448	0.01338	0.12183	0.07222	0.02505	0.42202	0.01694	0.02426	0.00992	0.01077	0.00735	0.00521	0.00450	0.00145	0.00558	0.00395	0.00378	0.00736
23	0.00687	0.00492	0.00669	0.00680	0.00730	0.00537	0.00480	0.00790	0.00767	0.01071	0.01515	0.10376	0.01604	0.31479	0.45268	0.00612	0.00904	0.00670	0.00291	0.00380
24	0.01092	0.01095	0.01605	0.49389	0.26878	0.09044	0.01349	0.01385	0.01051	0.01340	0.00866	0.01222	0.00681	0.00470	0.00478	0.00152	0.00647	0.00419	0.00226	0.00612
25	0.01219	0.64170	0.20959	0.00960	0.01446	0.01730	0.01056	0.01471	0.00994	0.01233	0.00720	0.00835	0.00620	0.00425	0.00346	0.00115	0.00565	0.00283	0.00207	0.00644
26	0.01048	0.01007	0.01737	0.44131	0.36570	0.01116	0.04723	0.01360	0.01035	0.01402	0.00888	0.01252	0.00703	0.00458	0.00486	0.00154	0.00623	0.00437	0.00227	0.00643
27	0.01060	0.01060	0.01484	0.01272	0.01272	0.01484	0.01060	0.01166	0.00742	0.01166	0.00636	0.01060	0.00636	0.00848	0.01590	0.00212	0.82082	0.00424	0.00212	0.00530
28	0.00899	0.00707	0.00703	0.00678	0.00737	0.10098	0.00450	0.00935	0.00817	0.03941	0.01357	0.02492	0.01440	0.50144	0.15717	0.06985	0.00656	0.00596	0.00288	0.00363
29	0.01678	0.08119	0.01379	0.01140	0.01390	0.61372	0.00871	0.01852	0.05656	0.04233	0.00864	0.00995	0.00711	0.00596	0.00544	0.06667	0.00767	0.00336	0.00271	0.00561
30	0.01795	0.00729	0.00997	0.00804	0.01080	0.00651	0.00638	0.03560	0.01229	0.56858	0.04737	0.01676	0.01242	0.00869	0.00820	0.20249	0.00410	0.00486	0.00503	0.00666
31	0.83030	0.00954	0.00742	0.00656	0.00960	0.01104	0.00541	0.04482	0.00883	0.02209	0.00694	0.00802	0.00537	0.00455	0.00307	0.00150	0.00381	0.00269	0.00307	0.00537
32	0.01798	0.01363	0.01426	0.01108	0.01479	0.04515	0.00910	0.72527	0.02188	0.02911	0.01153	0.01180	0.00831	0.00692	0.03476	0.00168	0.00575	0.00435	0.00467	0.00800
33	0.00599	0.00473	0.00540	0.00564	0.00681	0.00414	0.00407	0.00730	0.01105	0.01406	0.18121	0.26066	0.44649	0.01264	0.00585	0.00171	0.00252	0.01094	0.00465	0.00414
34	0.00590	0.00422	0.00562	0.00675	0.00703	0.00394	0.00450	0.00675	0.00928	0.01237	0.02671	0.82653	0.03205	0.01518	0.00619	0.00197	0.00281	0.01378	0.00450	0.00394
35	0.00590	0.00422	0.00562	0.00675	0.00703	0.00394	0.00450	0.00675	0.00928	0.01237	0.02671	0.82653	0.03205	0.01518	0.00619	0.00197	0.00281	0.01378	0.00450	0.00394
36	0.56544	0.00917	0.00862	0.00723	0.01042	0.00991	0.00595	0.05979	0.01073	0.23000	0.03509	0.01127	0.00848	0.00514	0.00369	0.00150	0.00389	0.00351	0.00397	0.00619
37	0.07837	0.00568	0.00634	0.00628	0.00692	0.00586	0.00414	0.06686	0.00892	0.01278	0.01673	0.18667	0.01883	0.47969	0.01684	0.03169	0.00427	0.03595	0.00343	0.00376
38	0.86392	0.00937	0.00712	0.00637	0.00937	0.01087	0.00525	0.01425	0.00825	0.02174	0.00675	0.00787	0.00525	0.00450	0.00300	0.00150	0.00375	0.00262	0.00300	0.00525
39	0.00716	0.00537	0.00668	0.00628	0.00759	0.00511	0.00473	0.01023	0.07383	0.01890	0.66583	0.03578	0.11439	0.00987	0.00566	0.00154	0.00242	0.00865	0.00522	0.00477
40	0.07412	0.00651	0.00731	0.00719	0.00840	0.00685	0.00506	0.03347	0.17343	0.05621	0.01973	0.30854	0.02066	0.23787	0.01070	0.00258	0.00376	0.00859	0.00413	0.00489
41	0.00854	0.01763	0.50799	0.01080	0.01564	0.00883	0.01269	0.01263	0.02676	0.01418	0.01742	0.07976	0.13441	0.10321	0.00725	0.00196	0.00573	0.00584	0.00278	0.00595
42	0.02014	0.01082	0.01284	0.00984	0.01365	0.01094	0.00813	0.39069	0.01818	0.42966	0.01550	0.01415	0.01018	0.00591	0.00486	0.00148	0.00471	0.00463	0.00544	0.00824
43	0.00640	0.00494	0.00584	0.00561	0.00696	0.00438	0.00421	0.00826	0.01263	0.01686	0.49341	0.04044	0.35083	0.01087	0.00572	0.00157	0.00235	0.00936	0.00500	0.00438
44	0.40358	0.01169	0.15868	0.00809	0.01150	0.00975	0.00768	0.07531	0.01018	0.07578	0.01199	0.01480	0.05243	0.12204	0.00681	0.00196	0.00461	0.00416	0.00326	0.00568
45	0.86392	0.00937	0.00712	0.00637	0.00937	0.01087	0.00525	0.01425	0.00825	0.02174	0.00675	0.00787	0.00525	0.00450	0.00300	0.00150	0.00375	0.00262	0.00300	0.00525
46	0.41294	0.00792	0.00764	0.00650	0.00932	0.00822	0.00526	0.01550	0.01009	0.19521	0.01178	0.01236	0.00858	0.00504	0.00355	0.00136	0.00347	0.00359	0.20460	0.06707
47	0.00654	0.00471	0.00620	0.00645	0.00723	0.00444	0.00464	0.00817	0.01146	0.01585	0.41402	0.32040	0.04957	0.04840	0.03874	0.00210	0.00309	0.03896	0.00478	0.00425
48	0.01810	0.02310	0.01373	0.01248	0.01498	0.81024	0.00936	0.01935	0.01373	0.01186	0.00749	0.00874	0.00624	0.00499	0.00437	0.00125	0.00874	0.00312	0.00250	0.00562
49	0.01205	0.01041	0.01096	0.00986	0.01260	0.01205	0.00767	0.02575	0.79071	0.02027	0.01972	0.01808	0.01479	0.00657	0.00493	0.00164	0.00384	0.00548	0.00493	0.00767
50	0.00774	0.00460	0.00665	0.00665	0.00694	0.00488	0.00464	0.00718	0.00689	0.00947	0.01084	0.01844	0.01087	0.13374	0.27784	0.46524	0.00714	0.00492	0.00238	0.00294
51	0.00687	0.00469	0.00599	0.00665	0.00714	0.00449	0.00463	0.00777	0.00923	0.02913	0.03804	0.42394	0.06085	0.23368	0.01118	0.00271	0.00359	0.13145	0.00412	0.00386
52	0.00915	0.00861	0.01453	0.81804	0.03338	0.01077	0.01346	0.01238	0.00969	0.01238	0.00861	0.01292	0.00646	0.00484	0.00484	0.00161	0.00646	0.00431	0.00215	0.00538
53	0.01224	0.01037	0.01096	0.00984	0.01260	0.01196	0.00766	0.02571	0.77593	0.03516	0.01971	0.01805	0.01474	0.00656	0.00493	0.00164	0.00384	0.00547	0.00495	0.00768
54	0.86392	0.00937	0.00712	0.00637	0.00937	0.01087	0.00525	0.01425	0.00825	0.02174	0.00675	0.00787	0.00525	0.00450	0.00300	0.00150	0.00375	0.00262	0.00300	0.00525
55	0.01187	0.01145	0.01973	0.05969	0.74805	0.01151	0.03667	0.01480	0.01099	0.01569	0.00912	0.01206	0.00762	0.00433	0.00483	0.00145	0.00585	0.00436	0.00239	0.00756
56	0.00590	0.00422	0.00562	0.00675	0.00703	0.00394	0.00450	0.00675	0.00928	0.01237	0.02671	0.82653	0.03205	0.01518	0.00619	0.00197	0.00281	0.01378	0.00450	0.00394
57	0.00705	0.00470	0.00529	0.00529	0.00529	0.00470	0.00294	0.00705	0.00705	0.00940	0.01527	0.03171	0.01762	0.82969	0.02467	0.00470	0.00470	0.00705	0.00294	0.00294
58	0.01005	0.00861	0.01005	0.00718	0.01148	0.00646	0.00574	0.01220	0.01005	0.01579	0.00861	0.01005	0.00718	0.00359	0.00359	0.00072	0.00359	0.00287	0.00287	0.85932
59	0.86392	0.00937	0.00712	0.00637	0.00937	0.01087	0.00525	0.01425	0.00825	0.02174	0.00675	0.00787	0.00525	0.00450	0.00300	0.00150	0.00375	0.00262	0.00300	0.00525
60	0.01005	0.00861	0.01005	0.00718	0.01148	0.00646	0.00574	0.01220	0.01005	0.01579	0.00861	0.01005	0.00718	0.00359	0.00359	0.00072	0.00359	0.00287	0.00287	0.85932
61	0.01060	0.01060	0.01484	0.01272	0.01272	0.01484	0.01060	0.01166	0.00742	0.01166	0.00636	0.01060	0.00636	0.00848	0.01590	0.00212	0.82082	0.00424	0.00212	0.00530
62	0.00590	0.00422	0.00562	0.00675	0.00703	0.00394	0.00450	0.00675	0.00928	0.01237	0.02671	0.82653	0.03205	0.01518	0.00619	0.00197	0.00281	0.01378	0.00450	0.00394
63	0.00700	0.00489	0.00625	0.00625	0.00658	0.00522	0.00414	0.00766	0.00733	0.01011	0.01439	0.02684	0.01550	0.52477	0.32669	0.00589	0.00788	0.00633	0.00281	0.00347
64	0.04486	0.00816	0.01085	0.00841	0.01193	0.00722	0.00687	0.03428	0.01347	0.72391	0.01843	0.01703	0.01206	0.05225	0.00593	0.00168	0.00416	0.00492	0.00572	0.00786
65	0.86392	0.00937	0.00712	0.00637	0.00937	0.01087	0.00525	0.01425	0.00825	0.02174	0.00675	0.00787	0.00525	0.00450	0.00300	0.00150	0.00375	0.00262	0.00300	0.00525
66	0.02079	0.00810	0.01096	0.00856	0.01214	0.00709	0.00708	0.02287	0.02603	0.74350	0.01930	0.01799	0.01265	0.00628	0.00491	0.00152	0.00409	0.03361	0.02453	0.00801
67	0.43326	0.00844	0.00872	0.00731	0.01040	0.00868	0.00595	0.01750	0.01085	0.34420	0.04440	0.05858	0.01116	0.00593	0.00406	0.00153	0.00379	0.00443	0.00442	0.00639

[dist]
# distance from previous block
# <min> <max>
0	2

[block]
# block no. 3 follows, 52 sequences, length 45
# corresponding to MSA columns:
# 365-409
name=unknown_D
#
# <colnr> <probs for GDERKNQSTAVLIFYWHMCP>
#	G	D	E	R	K	N	Q	S	T	A	V	L	I	F	Y	W	H	M	C	P
0	0.00573	0.00491	0.00491	0.00491	0.00655	0.00409	0.00368	0.00695	0.01105	0.01309	0.04909	0.04664	0.79750	0.01227	0.00573	0.00164	0.00245	0.01023	0.00450	0.00409
1	0.01148	0.00981	0.01046	0.00944	0.01201	0.01122	0.00733	0.02391	0.70459	0.02018	0.10586	0.02009	0.01822	0.00694	0.00502	0.00163	0.00366	0.00584	0.00498	0.00733
2	0.05609	0.00541	0.00657	0.00612	0.00754	0.00513	0.00465	0.01019	0.02873	0.04734	0.61755	0.03371	0.10249	0.00943	0.00543	0.00152	0.00248	0.00817	0.03670	0.00476
3	0.00590	0.00422	0.00562	0.00675	0.00703	0.00394	0.00450	0.00675	0.00928	0.01237	0.02671	0.82653	0.03205	0.01518	0.00619	0.00197	0.00281	0.01378	0.00450	0.00394
4	0.00842	0.00421	0.00631	0.00631	0.00631	0.00421	0.00421	0.00631	0.00631	0.00842	0.00842	0.01473	0.00842	0.01684	0.01894	0.85901	0.00421	0.00421	0.00210	0.00210
5	0.02174	0.00825	0.01125	0.00862	0.01237	0.00712	0.00712	0.02362	0.01387	0.80282	0.01912	0.01649	0.01200	0.00600	0.00487	0.00150	0.00412	0.00487	0.00600	0.00825
6	0.03996	0.00652	0.00868	0.00784	0.01002	0.00590	0.00614	0.01568	0.01189	0.40060	0.05764	0.29234	0.02163	0.00994	0.00547	0.00173	0.00362	0.08302	0.00522	0.00617
7	0.02174	0.00825	0.01125	0.00862	0.01237	0.00712	0.00712	0.02362	0.01387	0.80282	0.01912	0.01649	0.01200	0.00600	0.00487	0.00150	0.00412	0.00487	0.00600	0.00825
8	0.02174	0.00825	0.01125	0.00862	0.01237	0.00712	0.00712	0.02362	0.01387	0.80282	0.01912	0.01649	0.01200	0.00600	0.00487	0.00150	0.00412	0.00487	0.00600	0.00825
9	0.08605	0.00926	0.01150	0.00889	0.01260	0.00879	0.00734	0.15520	0.01499	0.60815	0.01686	0.01498	0.01082	0.00585	0.00472	0.00149	0.00431	0.00461	0.00557	0.00802
10	0.00590	0.00422	0.00562	0.00675	0.00703	0.00394	0.00450	0.00675	0.00928	0.01237	0.02671	0.82653	0.03205	0.01518	0.00619	0.00197	0.00281	0.01378	0.00450	0.00394
11	0.00812	0.00589	0.00736	0.00665	0.00809	0.00571	0.00508	0.09363	0.01471	0.02065	0.71121	0.03352	0.04163	0.00946	0.00562	0.00152	0.00262	0.00828	0.00528	0.00497
12	0.01005	0.00861	0.01005	0.00718	0.01148	0.00646	0.00574	0.01220	0.01005	0.01579	0.00861	0.01005	0.00718	0.00359	0.00359	0.00072	0.00359	0.00287	0.00287	0.85932
13	0.01922	0.00992	0.07274	0.00922	0.01332	0.00783	0.02352	0.05561	0.01354	0.60840	0.01668	0.01504	0.01077	0.00559	0.00473	0.00142	0.00444	0.00456	0.00524	0.09822
14	0.00781	0.00558	0.00781	0.00892	0.01004	0.00558	0.00781	0.01004	0.01116	0.01450	0.02566	0.05466	0.02789	0.01339	0.00669	0.00223	0.00446	0.76685	0.00446	0.00446
15	0.01137	0.01355	0.05962	0.02016	0.02515	0.01221	0.75132	0.01552	0.01139	0.01552	0.00976	0.01296	0.00730	0.00411	0.00567	0.00163	0.00813	0.00563	0.00243	0.00656
16	0.01177	0.01128	0.01926	0.09319	0.73781	0.01145	0.01476	0.01467	0.01093	0.01555	0.00907	0.01207	0.00758	0.00436	0.00480	0.00145	0.00581	0.00432	0.00238	0.00749
17	0.86392	0.00937	0.00712	0.00637	0.00937	0.01087	0.00525	0.01425	0.00825	0.02174	0.00675	0.00787	0.00525	0.00450	0.00300	0.00150	0.00375	0.00262	0.00300	0.00525
18	0.01757	0.11249	0.01516	0.01181	0.01470	0.60225	0.00922	0.13336	0.01465	0.01461	0.00803	0.00906	0.00654	0.00502	0.00430	0.00126	0.00783	0.00325	0.00280	0.00608
19	0.01024	0.09577	0.63102	0.01420	0.02079	0.01210	0.11922	0.01530	0.01036	0.01502	0.00867	0.01039	0.00631	0.00449	0.00462	0.00150	0.00712	0.00378	0.00210	0.00699
20	0.01290	0.01138	0.01196	0.03225	0.07394	0.07667	0.00849	0.02395	0.61249	0.05426	0.01760	0.01665	0.01321	0.00620	0.00487	0.00159	0.00446	0.00514	0.00451	0.00747
21	0.02174	0.00825	0.01125	0.00862	0.01237	0.00712	0.00712	0.02362	0.01387	0.80282	0.01912	0.01649	0.01200	0.00600	0.00487	0.00150	0.00412	0.00487	0.00600	0.00825
22	0.00915	0.00861	0.01453	0.81804	0.03338	0.01077	0.01346	0.01238	0.00969	0.01238	0.00861	0.01292	0.00646	0.00484	0.00484	0.00161	0.00646	0.00431	0.00215	0.00538
23	0.01647	0.08020	0.01395	0.01087	0.01388	0.38716	0.00861	0.28101	0.01626	0.01840	0.01340	0.01380	0.09328	0.00601	0.00459	0.00135	0.00660	0.00428	0.00349	0.00640
24	0.00819	0.00533	0.00678	0.00722	0.00817	0.00516	0.00509	0.01059	0.09518	0.09264	0.04836	0.61811	0.04400	0.01311	0.00589	0.00187	0.00303	0.01176	0.00472	0.00480
25	0.01060	0.01060	0.01484	0.01272	0.01272	0.01484	0.01060	0.01166	0.00742	0.01166	0.00636	0.01060	0.00636	0.00848	0.01590	0.00212	0.82082	0.00424	0.00212	0.00530
26	0.00573	0.00491	0.00491	0.00491	0.00655	0.00409	0.00368	0.00695	0.01105	0.01309	0.04909	0.04664	0.79750	0.01227	0.00573	0.00164	0.00245	0.01023	0.00450	0.00409
27	0.06690	0.00859	0.01098	0.00866	0.01224	0.00797	0.00709	0.02338	0.11500	0.65758	0.01852	0.01623	0.01199	0.00599	0.00478	0.00152	0.00407	0.00483	0.00569	0.00801
28	0.00596	0.00425	0.00564	0.00669	0.00699	0.00397	0.00446	0.00682	0.00934	0.01248	0.04706	0.78362	0.03202	0.03728	0.00668	0.00203	0.00285	0.01346	0.00448	0.00393
29	0.01810	0.02310	0.01373	0.01248	0.01498	0.81024	0.00936	0.01935	0.01373	0.01186	0.00749	0.00874	0.00624	0.00499	0.00437	0.00125	0.00874	0.00312	0.00250	0.00562
30	0.05027	0.00765	0.00926	0.00772	0.01045	0.00742	0.00615	0.03981	0.12979	0.39212	0.07903	0.03736	0.01534	0.02143	0.00498	0.00152	0.00359	0.00535	0.16390	0.00686
31	0.00710	0.00474	0.00613	0.00646	0.00731	0.00434	0.00456	0.00846	0.01099	0.05934	0.26231	0.45247	0.10250	0.03190	0.00636	0.00184	0.00274	0.01127	0.00480	0.00436
32	0.01850	0.02148	0.01346	0.01206	0.01470	0.72260	0.00912	0.01982	0.01375	0.09818	0.00876	0.00959	0.00687	0.00510	0.00442	0.00128	0.00824	0.00331	0.00288	0.00590
33	0.00656	0.00477	0.00618	0.00620	0.00715	0.00439	0.00451	0.00843	0.01246	0.01732	0.56387	0.23434	0.08302	0.01135	0.00583	0.00164	0.00243	0.01010	0.00508	0.00439
34	0.05749	0.00532	0.00644	0.00660	0.00771	0.00502	0.00467	0.00987	0.02348	0.11624	0.05981	0.43771	0.12562	0.10150	0.00775	0.00211	0.00319	0.01042	0.00448	0.00458
35	0.00603	0.00427	0.00559	0.00659	0.00684	0.00402	0.00433	0.00678	0.00903	0.01205	0.02546	0.73979	0.03048	0.10407	0.00820	0.00227	0.00302	0.01304	0.00433	0.00383
36	0.00705	0.00470	0.00529	0.00529	0.00529	0.00470	0.00294	0.00705	0.00705	0.00940	0.01527	0.03171	0.01762	0.82969	0.02467	0.00470	0.00470	0.00705	0.00294	0.00294
37	0.01019	0.00604	0.00724	0.00660	0.00856	0.00549	0.00506	0.01270	0.07211	0.19872	0.18736	0.12101	0.31943	0.01022	0.00552	0.00162	0.00296	0.00871	0.00505	0.00541
38	0.01021	0.00597	0.00784	0.00723	0.00796	0.00626	0.00515	0.13871	0.03053	0.01250	0.00927	0.01430	0.00856	0.01468	0.01617	0.69006	0.00439	0.00427	0.00265	0.00330
39	0.01144	0.01307	0.02859	0.02042	0.02533	0.01225	0.78186	0.01552	0.01144	0.01552	0.00980	0.01307	0.00735	0.00408	0.00572	0.00163	0.00817	0.00572	0.00245	0.00654
40	0.09948	0.00536	0.00532	0.00527	0.00694	0.00486	0.00397	0.00792	0.01087	0.01452	0.10537	0.08319	0.60774	0.01138	0.00545	0.00163	0.00260	0.00947	0.00441	0.00425
41	0.01096	0.00915	0.01054	0.00761	0.01187	0.00739	0.00612	0.09635	0.01144	0.01740	0.00894	0.01022	0.00729	0.00383	0.00373	0.00080	0.00378	0.00303	0.00309	0.76644
42	0.01311	0.01017	0.01099	0.00973	0.01258	0.01152	0.00761	0.02552	0.70593	0.10567	0.01966	0.01791	0.01449	0.00651	0.00492	0.00163	0.00387	0.00541	0.00505	0.00773
43	0.77071	0.01108	0.09415	0.00718	0.01064	0.01091	0.00663	0.01437	0.00846	0.02104	0.00696	0.00813	0.00535	0.00451	0.00317	0.00150	0.00412	0.00273	0.00289	0.00546
44	0.00675	0.00531	0.00690	0.00843	0.09308	0.00493	0.00513	0.00773	0.00965	0.01244	0.03003	0.34034	0.28137	0.12580	0.00887	0.03145	0.00332	0.01030	0.00397	0.00419

[dist]
# distance from previous block
# <min> <max>
0	2

[block]
# block no. 4 follows, 52 sequences, length 13
# corresponding to MSA columns:
# 412-424
name=unknown_E
#
# <colnr> <probs for GDERKNQSTAVLIFYWHMCP>
#	G	D	E	R	K	N	Q	S	T	A	V	L	I	F	Y	W	H	M	C	P
0	0.01113	0.37732	0.46470	0.01140	0.01725	0.01471	0.01371	0.01498	0.01006	0.01363	0.00784	0.00916	0.00617	0.00440	0.00395	0.00132	0.00630	0.00315	0.00206	0.00675
1	0.00690	0.00591	0.00630	0.00552	0.00789	0.00473	0.00424	0.00838	0.01078	0.01382	0.03811	0.03671	0.58313	0.00992	0.00515	0.00139	0.00276	0.00823	0.00406	0.23606
2	0.04122	0.00493	0.00627	0.00628	0.00727	0.00465	0.00458	0.00870	0.01229	0.01761	0.55608	0.24942	0.04038	0.01112	0.00573	0.00164	0.00249	0.00988	0.00501	0.00443
3	0.13754	0.00632	0.03627	0.00629	0.00762	0.00577	0.01989	0.00856	0.00884	0.01307	0.02414	0.14836	0.22826	0.26121	0.02837	0.04011	0.00398	0.00792	0.00352	0.00398
4	0.01122	0.01073	0.01828	0.24356	0.59167	0.01131	0.01449	0.01420	0.01067	0.01490	0.00898	0.01225	0.00735	0.00446	0.00481	0.00149	0.00595	0.00431	0.00233	0.00705
5	0.00660	0.00475	0.00625	0.00627	0.00718	0.00440	0.00455	0.00849	0.01251	0.01752	0.58800	0.25057	0.04202	0.01134	0.00584	0.00164	0.00243	0.01012	0.00511	0.00440
6	0.00745	0.00569	0.00784	0.22595	0.01316	0.00623	0.00602	0.00845	0.00809	0.01064	0.01513	0.14238	0.01669	0.48733	0.01660	0.00346	0.00490	0.00728	0.00295	0.00375
7	0.00997	0.02330	0.69039	0.01479	0.02161	0.01140	0.13033	0.01537	0.01041	0.01537	0.00886	0.01065	0.00632	0.00453	0.00477	0.00155	0.00731	0.00390	0.00211	0.00707
8	0.00705	0.00470	0.00529	0.00529	0.00529	0.00470	0.00294	0.00705	0.00705	0.00940	0.01527	0.03171	0.01762	0.82969	0.02467	0.00470	0.00470	0.00705	0.00294	0.00294
9	0.01104	0.00878	0.00943	0.00858	0.01061	0.00988	0.00637	0.02060	0.55032	0.04535	0.01849	0.02172	0.01546	0.22982	0.01028	0.00247	0.00408	0.00588	0.00443	0.00641
10	0.01428	0.01417	0.01662	0.02094	0.42215	0.18209	0.01201	0.13456	0.10303	0.01775	0.01037	0.01195	0.00828	0.00495	0.00473	0.00142	0.00611	0.00420	0.00309	0.00732
11	0.00849	0.00545	0.00845	0.22639	0.01356	0.00603	0.00660	0.00803	0.00730	0.00958	0.00909	0.01578	0.00872	0.08736	0.01564	0.54891	0.00486	0.00449	0.00219	0.00307
12	0.01043	0.00982	0.01508	0.01077	0.01524	0.00803	0.21626	0.01310	0.01043	0.01572	0.00894	0.01087	0.00723	0.00372	0.00417	0.00097	0.00483	0.00364	0.00276	0.62801

[dist]
# distance from previous block
# <min> <max>
0	90

# created by:
# /st0/software/busco_prod/Augustus/scripts/msa2prfl.pl ./align_prep/194467.fa
