[name]
unknown

[dist]
# distance from previous block
# <min> <max>
4	75

[block]
# block no. 0 follows, 56 sequences, length 15
# corresponding to MSA columns:
# 99-113
name=unknown_A
#
# <colnr> <probs for GDERKNQSTAVLIFYWHMCP>
#	G	D	E	R	K	N	Q	S	T	A	V	L	I	F	Y	W	H	M	C	P
0	0.01801	0.00826	0.01054	0.00829	0.01152	0.00777	0.00677	0.12296	0.06568	0.56887	0.10558	0.01721	0.01464	0.00611	0.00471	0.00143	0.00385	0.00500	0.00540	0.00739
1	0.01322	0.00971	0.01216	0.00987	0.01309	0.01012	0.08330	0.06985	0.43615	0.16630	0.01594	0.01511	0.01160	0.00552	0.00458	0.00142	0.00414	0.00475	0.00440	0.10877
2	0.00559	0.00429	0.00512	0.00569	0.00650	0.00382	0.00397	0.00661	0.00970	0.01241	0.08394	0.48103	0.32884	0.01301	0.00567	0.00172	0.00250	0.01146	0.00431	0.00382
3	0.01063	0.11757	0.03793	0.00762	0.01163	0.00886	0.00652	0.07497	0.06699	0.01582	0.00891	0.00991	0.00724	0.00387	0.00356	0.00086	0.00385	0.00300	0.00288	0.59738
4	0.00765	0.00531	0.00697	0.00733	0.05907	0.00491	0.00506	0.00939	0.01130	0.08302	0.34765	0.10514	0.23506	0.01198	0.07736	0.00203	0.00351	0.00821	0.00442	0.00462
5	0.00675	0.00536	0.00769	0.06748	0.11140	0.00526	0.00598	0.00814	0.00964	0.01300	0.13990	0.43708	0.08388	0.06853	0.00671	0.00187	0.00329	0.00986	0.00386	0.00432
6	0.07704	0.06094	0.01317	0.01043	0.04487	0.05677	0.00820	0.41788	0.15321	0.09337	0.01206	0.01188	0.00876	0.00537	0.00436	0.00138	0.00478	0.00408	0.00421	0.00724
7	0.00790	0.00467	0.00561	0.00548	0.00582	0.00455	0.00335	0.00799	0.00739	0.08017	0.01532	0.10149	0.01685	0.63075	0.01972	0.06546	0.00421	0.00689	0.00312	0.00326
8	0.01298	0.44347	0.11126	0.00931	0.01330	0.03108	0.00903	0.17851	0.12108	0.01619	0.00927	0.00976	0.00740	0.00464	0.00371	0.00120	0.00505	0.00330	0.00289	0.00657
9	0.87108	0.00888	0.00675	0.00604	0.00888	0.01030	0.00497	0.01350	0.00781	0.02060	0.00639	0.00746	0.00497	0.00426	0.00284	0.00142	0.00355	0.00249	0.00284	0.00497
10	0.04455	0.05345	0.33119	0.01165	0.05142	0.01102	0.02322	0.17242	0.06611	0.17361	0.01131	0.01155	0.00790	0.00493	0.00438	0.00141	0.00542	0.00389	0.00344	0.00713
11	0.01204	0.04671	0.17431	0.04524	0.38574	0.03448	0.01261	0.11722	0.01179	0.04517	0.00919	0.01097	0.00715	0.00441	0.00436	0.00133	0.00552	0.00382	0.02228	0.04563
12	0.00994	0.00717	0.01015	0.00964	0.08065	0.00691	0.07308	0.06808	0.06469	0.11555	0.31415	0.06278	0.14190	0.00806	0.00515	0.00148	0.00350	0.00715	0.00444	0.00553
13	0.79864	0.00879	0.00708	0.00622	0.00912	0.01000	0.00512	0.01425	0.00827	0.08811	0.00739	0.00815	0.00552	0.00438	0.00299	0.00142	0.00358	0.00267	0.00308	0.00521
14	0.08484	0.06516	0.34393	0.01134	0.03845	0.04736	0.01157	0.12172	0.19817	0.01774	0.01077	0.01129	0.00800	0.00493	0.00425	0.00142	0.00545	0.00379	0.00305	0.00678

[dist]
# distance from previous block
# <min> <max>
1	2

[block]
# block no. 1 follows, 56 sequences, length 7
# corresponding to MSA columns:
# 116-122
name=unknown_B
#
# <colnr> <probs for GDERKNQSTAVLIFYWHMCP>
#	G	D	E	R	K	N	Q	S	T	A	V	L	I	F	Y	W	H	M	C	P
0	0.01140	0.01053	0.06977	0.00981	0.01240	0.06909	0.07020	0.07061	0.24683	0.08328	0.01405	0.04105	0.01161	0.08433	0.13496	0.00267	0.02561	0.00504	0.00356	0.02319
1	0.00571	0.00415	0.00542	0.00638	0.00682	0.00386	0.00442	0.00664	0.00907	0.01193	0.02720	0.70500	0.10234	0.01400	0.00585	0.00185	0.00275	0.06857	0.00426	0.00378
2	0.01393	0.53486	0.06048	0.00899	0.01283	0.10685	0.00850	0.13278	0.01183	0.05975	0.00793	0.00861	0.00649	0.00438	0.00350	0.00111	0.00535	0.00294	0.00262	0.00627
3	0.00563	0.00409	0.00532	0.00623	0.00664	0.00378	0.00421	0.00654	0.00917	0.01217	0.07333	0.72867	0.08953	0.01388	0.00580	0.00182	0.00261	0.01252	0.00431	0.00378
4	0.01071	0.01047	0.01650	0.19951	0.55641	0.04886	0.01293	0.01334	0.01030	0.01396	0.01067	0.01332	0.05361	0.00467	0.00459	0.00140	0.00555	0.00436	0.00234	0.00651
5	0.01413	0.00972	0.01093	0.00891	0.01175	0.01042	0.00716	0.35645	0.17796	0.12738	0.19548	0.01819	0.01765	0.00657	0.00480	0.00144	0.00395	0.00537	0.00486	0.00690
6	0.02060	0.00781	0.01065	0.00817	0.01172	0.00675	0.00675	0.02237	0.01314	0.81320	0.01811	0.01563	0.01136	0.00568	0.00462	0.00142	0.00391	0.00462	0.00568	0.00781

[dist]
# distance from previous block
# <min> <max>
0	1

[block]
# block no. 2 follows, 56 sequences, length 38
# corresponding to MSA columns:
# 124-161
name=unknown_C
#
# <colnr> <probs for GDERKNQSTAVLIFYWHMCP>
#	G	D	E	R	K	N	Q	S	T	A	V	L	I	F	Y	W	H	M	C	P
0	0.01018	0.01024	0.13878	0.00804	0.01194	0.00693	0.00738	0.03803	0.02342	0.08418	0.01167	0.12436	0.01045	0.00539	0.00406	0.00107	0.00394	0.00451	0.00316	0.49227
1	0.01189	0.38689	0.31304	0.01032	0.01515	0.01467	0.01140	0.13633	0.01132	0.01502	0.00778	0.00887	0.00617	0.00445	0.00407	0.00125	0.02939	0.00311	0.00237	0.00650
2	0.01140	0.00965	0.01026	0.00914	0.01169	0.01105	0.00713	0.06806	0.69665	0.01971	0.07790	0.01807	0.01587	0.00643	0.00472	0.00154	0.00360	0.00536	0.00470	0.00708
3	0.02038	0.00816	0.01087	0.00833	0.01189	0.00726	0.00688	0.07489	0.01371	0.75987	0.01763	0.01531	0.01112	0.00567	0.00462	0.00142	0.00398	0.00458	0.00561	0.00781
4	0.02758	0.00916	0.01453	0.62993	0.17995	0.03716	0.01272	0.01244	0.00952	0.01253	0.00818	0.01184	0.00631	0.00449	0.00453	0.00148	0.00601	0.00401	0.00211	0.00552
5	0.21547	0.00829	0.00990	0.00779	0.01118	0.00790	0.00643	0.05561	0.01230	0.59564	0.01510	0.01354	0.00974	0.00535	0.00421	0.00142	0.00388	0.00411	0.00498	0.00716
6	0.00629	0.00453	0.00595	0.00592	0.00681	0.00419	0.00432	0.00814	0.01203	0.01688	0.62821	0.21805	0.04035	0.01053	0.00552	0.00154	0.00228	0.00939	0.00487	0.00419
7	0.00650	0.00469	0.00614	0.00578	0.00686	0.00433	0.00433	0.00866	0.01300	0.01841	0.80760	0.03429	0.04332	0.00939	0.00541	0.00144	0.00217	0.00830	0.00505	0.00433
8	0.01004	0.01004	0.01406	0.01205	0.01205	0.01406	0.01004	0.01105	0.00703	0.01105	0.00603	0.01004	0.00603	0.00804	0.01507	0.00201	0.83025	0.00402	0.00201	0.00502
9	0.00887	0.00837	0.01414	0.76717	0.09048	0.01025	0.01285	0.01191	0.00928	0.01198	0.00820	0.01217	0.00621	0.00455	0.00459	0.00152	0.00607	0.00408	0.00206	0.00526
10	0.34119	0.00764	0.00851	0.00720	0.00993	0.00790	0.00587	0.01616	0.00996	0.35088	0.01249	0.01300	0.00896	0.01091	0.16753	0.00262	0.00545	0.00387	0.00396	0.00599
11	0.00568	0.00438	0.00519	0.00558	0.00651	0.00389	0.00396	0.00685	0.01018	0.01312	0.16515	0.37969	0.34852	0.01243	0.00561	0.00167	0.00244	0.01089	0.00440	0.00389
12	0.00659	0.00532	0.00594	0.00567	0.00718	0.00500	0.00429	0.00962	0.11100	0.01556	0.33488	0.03699	0.41492	0.01009	0.00533	0.00151	0.00243	0.00859	0.00462	0.00448
13	0.01097	0.00905	0.00989	0.00913	0.01131	0.02329	0.00723	0.02067	0.57161	0.04603	0.01876	0.04798	0.01556	0.00738	0.00538	0.00164	0.04277	0.10926	0.02555	0.00655
14	0.01062	0.53546	0.13747	0.00830	0.01200	0.01420	0.00854	0.01279	0.01007	0.01289	0.16730	0.01316	0.01339	0.00517	0.00390	0.00117	0.02151	0.00380	0.00258	0.00569
15	0.00758	0.00689	0.01218	0.21116	0.01667	0.00710	0.17548	0.00967	0.00943	0.01248	0.01760	0.41101	0.01916	0.00963	0.00548	0.00173	0.00469	0.05414	0.00330	0.00462
16	0.01073	0.01195	0.02400	0.14098	0.02438	0.03707	0.62062	0.01474	0.04059	0.01432	0.00940	0.01241	0.00707	0.00410	0.00522	0.00153	0.00736	0.00513	0.00237	0.00604
17	0.01715	0.02188	0.01301	0.01183	0.01419	0.82022	0.00887	0.01833	0.01301	0.01124	0.00710	0.00828	0.00591	0.00473	0.00414	0.00118	0.00828	0.00296	0.00237	0.00532
18	0.01318	0.00971	0.01673	0.14297	0.32973	0.00962	0.13387	0.01586	0.01103	0.22569	0.01170	0.01414	0.00877	0.00484	0.00477	0.00146	0.00546	0.03043	0.00321	0.00681
19	0.00867	0.00816	0.01377	0.82762	0.03162	0.01020	0.01275	0.01173	0.00918	0.01173	0.00816	0.01224	0.00612	0.00459	0.00459	0.00153	0.00612	0.00408	0.00204	0.00510
20	0.00935	0.00862	0.01521	0.67958	0.02946	0.01015	0.11346	0.01245	0.00954	0.03910	0.00877	0.01247	0.00651	0.00455	0.00467	0.00152	0.00618	0.00428	0.01882	0.00532
21	0.87108	0.00888	0.00675	0.00604	0.00888	0.01030	0.00497	0.01350	0.00781	0.02060	0.00639	0.00746	0.00497	0.00426	0.00284	0.00142	0.00355	0.00249	0.00284	0.00497
22	0.01183	0.01072	0.01057	0.00952	0.01210	0.06908	0.00738	0.02396	0.74550	0.01864	0.01786	0.01650	0.01344	0.00612	0.00463	0.00153	0.00396	0.00503	0.00451	0.00713
23	0.02060	0.00781	0.01065	0.00817	0.01172	0.00675	0.00675	0.02237	0.01314	0.81320	0.01811	0.01563	0.01136	0.00568	0.00462	0.00142	0.00391	0.00462	0.00568	0.00781
24	0.01717	0.01275	0.01379	0.01062	0.01415	0.01423	0.00878	0.76479	0.02103	0.02825	0.01083	0.01098	0.00774	0.00561	0.00499	0.00140	0.03655	0.00413	0.00449	0.00770
25	0.01142	0.00986	0.01038	0.00934	0.01194	0.01142	0.00727	0.02440	0.80172	0.01920	0.01869	0.01713	0.01401	0.00623	0.00467	0.00156	0.00363	0.00519	0.00467	0.00727
26	0.00617	0.00468	0.00665	0.00856	0.08669	0.00444	0.00524	0.00716	0.00896	0.01205	0.02364	0.75355	0.02806	0.01336	0.00573	0.00181	0.00294	0.01216	0.00406	0.00408
27	0.01142	0.00986	0.01038	0.00934	0.01194	0.01142	0.00727	0.02440	0.80172	0.01920	0.01869	0.01713	0.01401	0.00623	0.00467	0.00156	0.00363	0.00519	0.00467	0.00727
28	0.00887	0.00837	0.01414	0.76717	0.09048	0.01025	0.01285	0.01191	0.00928	0.01198	0.00820	0.01217	0.00621	0.00455	0.00459	0.00152	0.00607	0.00408	0.00206	0.00526
29	0.36319	0.00985	0.01007	0.00807	0.01137	0.01057	0.00666	0.26509	0.01368	0.24288	0.01112	0.01086	0.00765	0.00505	0.00389	0.00141	0.00413	0.00360	0.00419	0.00666
30	0.00928	0.02327	0.78168	0.01335	0.02004	0.01070	0.04967	0.01455	0.00974	0.01455	0.00828	0.00981	0.00586	0.00434	0.00441	0.00146	0.00683	0.00348	0.00195	0.00676
31	0.00650	0.00469	0.00614	0.00578	0.00686	0.00433	0.00433	0.00866	0.01300	0.01841	0.80760	0.03429	0.04332	0.00939	0.00541	0.00144	0.00217	0.00830	0.00505	0.00433
32	0.00924	0.00847	0.01377	0.77421	0.03048	0.01046	0.01249	0.06291	0.00999	0.01285	0.00835	0.01216	0.00623	0.00465	0.00459	0.00152	0.00605	0.00408	0.00221	0.00528
33	0.87108	0.00888	0.00675	0.00604	0.00888	0.01030	0.00497	0.01350	0.00781	0.02060	0.00639	0.00746	0.00497	0.00426	0.00284	0.00142	0.00355	0.00249	0.00284	0.00497
34	0.87108	0.00888	0.00675	0.00604	0.00888	0.01030	0.00497	0.01350	0.00781	0.02060	0.00639	0.00746	0.00497	0.00426	0.00284	0.00142	0.00355	0.00249	0.00284	0.00497
35	0.87108	0.00888	0.00675	0.00604	0.00888	0.01030	0.00497	0.01350	0.00781	0.02060	0.00639	0.00746	0.00497	0.00426	0.00284	0.00142	0.00355	0.00249	0.00284	0.00497
36	0.00918	0.00838	0.01363	0.42498	0.26413	0.00926	0.01145	0.01180	0.00992	0.02849	0.02926	0.01741	0.13183	0.00564	0.00472	0.00148	0.00521	0.00504	0.00258	0.00561
37	0.01136	0.01091	0.01863	0.02818	0.81002	0.01091	0.01409	0.01409	0.01045	0.01500	0.00864	0.01136	0.00727	0.00409	0.00455	0.00136	0.00545	0.00409	0.00227	0.00727

[dist]
# distance from previous block
# <min> <max>
0	4

[block]
# block no. 3 follows, 56 sequences, length 55
# corresponding to MSA columns:
# 166-220
name=unknown_D
#
# <colnr> <probs for GDERKNQSTAVLIFYWHMCP>
#	G	D	E	R	K	N	Q	S	T	A	V	L	I	F	Y	W	H	M	C	P
0	0.00952	0.00816	0.00952	0.00680	0.01088	0.00612	0.00544	0.01156	0.00952	0.01496	0.00816	0.00952	0.00680	0.00340	0.00340	0.00068	0.00340	0.00272	0.00272	0.86672
1	0.00657	0.00486	0.00707	0.00707	0.00779	0.00557	0.00536	0.00800	0.00729	0.01043	0.01258	0.01959	0.01215	0.13830	0.71751	0.00700	0.01128	0.00515	0.00250	0.00393
2	0.07357	0.00938	0.01348	0.01339	0.20470	0.00843	0.08307	0.03836	0.01060	0.12096	0.00966	0.01094	0.00743	0.00404	0.00403	0.00110	0.00444	0.00359	0.00303	0.37581
3	0.01084	0.01238	0.02709	0.01935	0.02399	0.01161	0.79334	0.01471	0.01084	0.01471	0.00929	0.01238	0.00697	0.00387	0.00542	0.00155	0.00774	0.00542	0.00232	0.00619
4	0.01136	0.01091	0.01863	0.02818	0.81002	0.01091	0.01409	0.01409	0.01045	0.01500	0.00864	0.01136	0.00727	0.00409	0.00455	0.00136	0.00545	0.00409	0.00227	0.00727
5	0.26772	0.01030	0.01509	0.02158	0.57113	0.01073	0.01137	0.01391	0.00967	0.01667	0.00797	0.01020	0.00659	0.00414	0.00404	0.00138	0.00489	0.00361	0.00244	0.00659
6	0.01145	0.00977	0.01034	0.00929	0.01184	0.01126	0.00722	0.05336	0.74428	0.01932	0.01862	0.04526	0.01434	0.00648	0.00471	0.00156	0.00365	0.00542	0.00465	0.00716
7	0.87108	0.00888	0.00675	0.00604	0.00888	0.01030	0.00497	0.01350	0.00781	0.02060	0.00639	0.00746	0.00497	0.00426	0.00284	0.00142	0.00355	0.00249	0.00284	0.00497
8	0.03756	0.01239	0.01427	0.43013	0.10882	0.22864	0.03347	0.01386	0.01024	0.01227	0.00779	0.01082	0.00617	0.00473	0.00500	0.00144	0.05104	0.00376	0.00218	0.00542
9	0.02060	0.00781	0.01065	0.00817	0.01172	0.00675	0.00675	0.02237	0.01314	0.81320	0.01811	0.01563	0.01136	0.00568	0.00462	0.00142	0.00391	0.00462	0.00568	0.00781
10	0.00867	0.00816	0.01377	0.82762	0.03162	0.01020	0.01275	0.01173	0.00918	0.01173	0.00816	0.01224	0.00612	0.00459	0.00459	0.00153	0.00612	0.00408	0.00204	0.00510
11	0.00945	0.00852	0.01489	0.68713	0.02940	0.01007	0.09522	0.01249	0.00955	0.05215	0.00906	0.02610	0.00687	0.00473	0.00470	0.00153	0.00612	0.00440	0.00229	0.00533
12	0.87108	0.00888	0.00675	0.00604	0.00888	0.01030	0.00497	0.01350	0.00781	0.02060	0.00639	0.00746	0.00497	0.00426	0.00284	0.00142	0.00355	0.00249	0.00284	0.00497
13	0.01745	0.01286	0.01378	0.01056	0.01424	0.01424	0.00873	0.79471	0.02159	0.02893	0.01102	0.01102	0.00781	0.00551	0.00459	0.00138	0.00505	0.00413	0.00459	0.00781
14	0.01198	0.01229	0.01704	0.05728	0.03030	0.13489	0.29385	0.09332	0.17530	0.01624	0.02582	0.03074	0.03640	0.00559	0.00497	0.00150	0.00608	0.03700	0.00324	0.00617
15	0.00860	0.00800	0.01326	0.76318	0.02978	0.00989	0.01215	0.01182	0.02620	0.01227	0.05420	0.01361	0.00842	0.00490	0.00464	0.00153	0.00584	0.00435	0.00227	0.00510
16	0.01278	0.01054	0.01115	0.00962	0.01246	0.01206	0.00760	0.19868	0.62522	0.02141	0.01695	0.01575	0.01261	0.00607	0.00465	0.00152	0.00395	0.00495	0.00465	0.00739
17	0.00952	0.00816	0.00952	0.00680	0.01088	0.00612	0.00544	0.01156	0.00952	0.01496	0.00816	0.00952	0.00680	0.00340	0.00340	0.00068	0.00340	0.00272	0.00272	0.86672
18	0.00559	0.00400	0.00533	0.00639	0.00666	0.00373	0.00426	0.00639	0.00879	0.01172	0.02530	0.83566	0.03036	0.01438	0.00586	0.00186	0.00266	0.01305	0.00426	0.00373
19	0.00833	0.00760	0.01232	0.61753	0.06545	0.00905	0.01111	0.01098	0.00930	0.01192	0.01287	0.01848	0.07691	0.05349	0.00585	0.00173	0.00554	0.05421	0.00242	0.00491
20	0.00926	0.00786	0.00923	0.00671	0.01053	0.00597	0.00534	0.01131	0.00982	0.01526	0.07677	0.01165	0.00993	0.00391	0.00357	0.00075	0.00329	0.00320	0.00292	0.79271
21	0.87108	0.00888	0.00675	0.00604	0.00888	0.01030	0.00497	0.01350	0.00781	0.02060	0.00639	0.00746	0.00497	0.00426	0.00284	0.00142	0.00355	0.00249	0.00284	0.00497
22	0.87108	0.00888	0.00675	0.00604	0.00888	0.01030	0.00497	0.01350	0.00781	0.02060	0.00639	0.00746	0.00497	0.00426	0.00284	0.00142	0.00355	0.00249	0.00284	0.00497
23	0.87108	0.00888	0.00675	0.00604	0.00888	0.01030	0.00497	0.01350	0.00781	0.02060	0.00639	0.00746	0.00497	0.00426	0.00284	0.00142	0.00355	0.00249	0.00284	0.00497
24	0.00671	0.00475	0.00614	0.00576	0.00692	0.00435	0.00433	0.00881	0.01285	0.03370	0.74762	0.03450	0.08734	0.00944	0.00540	0.00145	0.00221	0.00831	0.00502	0.00437
25	0.00878	0.00585	0.00699	0.00627	0.00800	0.00552	0.00484	0.06086	0.05812	0.10604	0.43067	0.03225	0.22966	0.00911	0.00523	0.00147	0.00267	0.00780	0.00487	0.00499
26	0.00668	0.00445	0.00501	0.00501	0.00501	0.00445	0.00278	0.00668	0.00668	0.00890	0.01447	0.03004	0.01669	0.83866	0.02337	0.00445	0.00445	0.00668	0.00278	0.00278
27	0.87108	0.00888	0.00675	0.00604	0.00888	0.01030	0.00497	0.01350	0.00781	0.02060	0.00639	0.00746	0.00497	0.00426	0.00284	0.00142	0.00355	0.00249	0.00284	0.00497
28	0.00952	0.00816	0.00952	0.00680	0.01088	0.00612	0.00544	0.01156	0.00952	0.01496	0.00816	0.00952	0.00680	0.00340	0.00340	0.00068	0.00340	0.00272	0.00272	0.86672
29	0.01100	0.01054	0.01799	0.13454	0.70646	0.01081	0.01391	0.01378	0.01028	0.01456	0.00857	0.01148	0.00712	0.00416	0.00455	0.00139	0.00554	0.00409	0.00224	0.00698
30	0.00994	0.00841	0.00975	0.00700	0.01106	0.00655	0.00561	0.05305	0.01016	0.01570	0.00831	0.00960	0.00685	0.00351	0.00346	0.00072	0.00349	0.00279	0.00282	0.82122
31	0.00972	0.00920	0.01556	0.47482	0.35188	0.01033	0.01307	0.01262	0.00981	0.01327	0.03089	0.01250	0.00764	0.00452	0.00459	0.00146	0.00573	0.00420	0.00222	0.00597
32	0.01255	0.79753	0.02351	0.00800	0.01191	0.01796	0.00790	0.05512	0.00998	0.01176	0.00663	0.00756	0.00599	0.00401	0.00303	0.00100	0.00492	0.00254	0.00210	0.00599
33	0.00797	0.00399	0.00598	0.00598	0.00598	0.00399	0.00399	0.00598	0.00598	0.00797	0.00797	0.01396	0.00797	0.01595	0.01794	0.86643	0.00399	0.00399	0.00199	0.00199
34	0.03321	0.01214	0.01356	0.07722	0.03891	0.01355	0.00904	0.64174	0.07138	0.02632	0.01113	0.01146	0.00801	0.00542	0.00456	0.00140	0.00503	0.00416	0.00429	0.00748
35	0.00562	0.00466	0.00491	0.00485	0.00632	0.00396	0.00364	0.00696	0.01091	0.01346	0.18114	0.04243	0.67286	0.01123	0.00542	0.00153	0.00230	0.00944	0.00440	0.00396
36	0.04019	0.01103	0.01778	0.02577	0.70753	0.01121	0.01328	0.08879	0.01143	0.01652	0.00879	0.01120	0.00725	0.00423	0.00449	0.00137	0.00535	0.00404	0.00251	0.00725
37	0.00595	0.00482	0.00538	0.00566	0.00708	0.00425	0.00452	0.00736	0.01049	0.01276	0.04063	0.04619	0.60135	0.01191	0.00567	0.00170	0.00283	0.21324	0.00425	0.00397
38	0.01715	0.02188	0.01301	0.01183	0.01419	0.82022	0.00887	0.01833	0.01301	0.01124	0.00710	0.00828	0.00591	0.00473	0.00414	0.00118	0.00828	0.00296	0.00237	0.00532
39	0.01015	0.00967	0.01645	0.38743	0.46022	0.01059	0.01349	0.01303	0.00988	0.01353	0.00842	0.01176	0.00675	0.00431	0.00457	0.00144	0.00575	0.00409	0.00217	0.00630
40	0.01136	0.01091	0.01863	0.02818	0.81002	0.01091	0.01409	0.01409	0.01045	0.01500	0.00864	0.01136	0.00727	0.00409	0.00455	0.00136	0.00545	0.00409	0.00227	0.00727
41	0.00921	0.02375	0.81487	0.01309	0.01987	0.01066	0.01696	0.01454	0.00969	0.01454	0.00824	0.00969	0.00582	0.00436	0.00436	0.00145	0.00678	0.00339	0.00194	0.00678
42	0.01092	0.01046	0.01784	0.15878	0.68286	0.01079	0.01387	0.01370	0.01025	0.01446	0.00856	0.01151	0.00708	0.00417	0.00455	0.00139	0.00556	0.00409	0.00223	0.00692
43	0.00912	0.00871	0.01502	0.68727	0.13122	0.01036	0.04932	0.01217	0.00942	0.01229	0.00827	0.01213	0.00631	0.00449	0.00462	0.00151	0.00611	0.00414	0.00208	0.00543
44	0.00559	0.00400	0.00533	0.00639	0.00666	0.00373	0.00426	0.00639	0.00879	0.01172	0.02530	0.83566	0.03036	0.01438	0.00586	0.00186	0.00266	0.01305	0.00426	0.00373
45	0.02043	0.00808	0.01082	0.00830	0.01185	0.00714	0.00685	0.06329	0.01359	0.77165	0.01774	0.01538	0.01118	0.00567	0.00462	0.00142	0.00397	0.00459	0.00562	0.00781
46	0.00572	0.00456	0.00495	0.00522	0.00649	0.00397	0.00389	0.00692	0.01014	0.01256	0.03994	0.18462	0.58338	0.01195	0.00548	0.00163	0.00251	0.06489	0.03729	0.00389
47	0.01801	0.01196	0.01322	0.01014	0.01379	0.01290	0.00837	0.65676	0.02008	0.16901	0.01229	0.01184	0.00844	0.00554	0.00460	0.00139	0.00485	0.00422	0.00479	0.00781
48	0.01142	0.00986	0.01038	0.00934	0.01194	0.01142	0.00727	0.02440	0.80172	0.01920	0.01869	0.01713	0.01401	0.00623	0.00467	0.00156	0.00363	0.00519	0.00467	0.00727
49	0.02060	0.00781	0.01065	0.00817	0.01172	0.00675	0.00675	0.02237	0.01314	0.81320	0.01811	0.01563	0.01136	0.00568	0.00462	0.00142	0.00391	0.00462	0.00568	0.00781
50	0.00572	0.00426	0.00535	0.00608	0.00673	0.00389	0.00427	0.00677	0.00955	0.01245	0.08467	0.56173	0.20251	0.01333	0.00576	0.00178	0.00264	0.05436	0.00432	0.00383
51	0.01624	0.01060	0.01631	0.01214	0.01595	0.01040	0.24180	0.25714	0.01491	0.30571	0.01338	0.02835	0.00932	0.00524	0.00485	0.00145	0.00535	0.00486	0.01881	0.00719
52	0.01730	0.01278	0.01369	0.01053	0.01418	0.01417	0.00869	0.77511	0.04144	0.02869	0.01122	0.01118	0.00797	0.00553	0.00459	0.00138	0.00502	0.00416	0.00459	0.00779
53	0.02025	0.00774	0.01054	0.00811	0.01160	0.00669	0.00669	0.02204	0.01314	0.79363	0.03755	0.01609	0.01215	0.00577	0.00464	0.00142	0.00386	0.00471	0.00567	0.00773
54	0.01811	0.00801	0.01037	0.00823	0.01142	0.00745	0.00669	0.07272	0.09070	0.60548	0.05637	0.04279	0.01351	0.00635	0.00491	0.01524	0.00383	0.00508	0.00538	0.00736

[dist]
# distance from previous block
# <min> <max>
1	4

[block]
# block no. 4 follows, 56 sequences, length 6
# corresponding to MSA columns:
# 225-230
name=unknown_E
#
# <colnr> <probs for GDERKNQSTAVLIFYWHMCP>
#	G	D	E	R	K	N	Q	S	T	A	V	L	I	F	Y	W	H	M	C	P
0	0.06514	0.32698	0.01668	0.00927	0.01267	0.20268	0.00797	0.17628	0.01310	0.11615	0.00898	0.00937	0.00693	0.00468	0.00377	0.00119	0.00552	0.00319	0.00312	0.00634
1	0.07705	0.00765	0.00911	0.00826	0.01052	0.00787	0.00674	0.12438	0.12024	0.19899	0.06916	0.10304	0.01854	0.00852	0.00511	0.00166	0.00386	0.20869	0.00462	0.00597
2	0.00629	0.00486	0.00555	0.00556	0.00664	0.00453	0.00396	0.00824	0.06095	0.01375	0.22941	0.16151	0.32900	0.12957	0.00801	0.00199	0.00273	0.00914	0.00428	0.00403
3	0.00763	0.00487	0.00629	0.00582	0.00707	0.00449	0.00440	0.00977	0.01273	0.07255	0.68868	0.03161	0.03855	0.00880	0.00518	0.00141	0.00228	0.00772	0.07558	0.00457
4	0.00682	0.00647	0.08265	0.00631	0.00796	0.00490	0.00541	0.00923	0.01233	0.01761	0.63883	0.03148	0.08220	0.00879	0.00518	0.00143	0.00261	0.00767	0.05758	0.00453
5	0.05463	0.20576	0.53890	0.01200	0.01778	0.01240	0.07004	0.01432	0.00960	0.01403	0.00780	0.00925	0.00587	0.00422	0.00404	0.00135	0.00627	0.00328	0.00202	0.00645

[dist]
# distance from previous block
# <min> <max>
5	10

[block]
# block no. 5 follows, 56 sequences, length 18
# corresponding to MSA columns:
# 242-259
name=unknown_F
#
# <colnr> <probs for GDERKNQSTAVLIFYWHMCP>
#	G	D	E	R	K	N	Q	S	T	A	V	L	I	F	Y	W	H	M	C	P
0	0.09767	0.05737	0.15556	0.03691	0.31510	0.01027	0.01139	0.02820	0.02612	0.20207	0.01066	0.01159	0.00778	0.00459	0.00428	0.00139	0.00508	0.00387	0.00313	0.00697
1	0.00949	0.00780	0.00912	0.00692	0.01040	0.00638	0.00548	0.01260	0.08639	0.03292	0.12816	0.01406	0.01302	0.00461	0.00385	0.00089	0.00325	0.00383	0.00332	0.63751
2	0.07904	0.01087	0.01688	0.06079	0.61249	0.01124	0.01265	0.11151	0.01158	0.01703	0.00874	0.01106	0.00711	0.00430	0.00442	0.00138	0.00529	0.00397	0.00260	0.00706
3	0.01142	0.00986	0.01038	0.00934	0.01194	0.01142	0.00727	0.02440	0.80172	0.01920	0.01869	0.01713	0.01401	0.00623	0.00467	0.00156	0.00363	0.00519	0.00467	0.00727
4	0.01168	0.01149	0.01734	0.11298	0.62368	0.07404	0.01324	0.03446	0.02978	0.01481	0.00877	0.01135	0.00722	0.00428	0.00452	0.00137	0.00569	0.00403	0.00237	0.00690
5	0.08317	0.20997	0.31575	0.01092	0.04884	0.06568	0.01116	0.05769	0.01069	0.11082	0.00909	0.01024	0.00688	0.02521	0.00441	0.00139	0.00562	0.00337	0.00268	0.00643
6	0.00665	0.00453	0.00549	0.00584	0.00607	0.00449	0.00384	0.00715	0.00770	0.01020	0.01786	0.15368	0.02049	0.56623	0.01767	0.00364	0.00414	0.14787	0.00326	0.00318
7	0.00773	0.00616	0.00633	0.00606	0.00750	0.06789	0.00455	0.00929	0.01163	0.06407	0.32290	0.10455	0.33134	0.01014	0.00532	0.00151	0.00289	0.02125	0.00450	0.00440
8	0.05532	0.05998	0.12067	0.01046	0.07509	0.00905	0.00882	0.06246	0.04597	0.48313	0.01445	0.01345	0.00960	0.00523	0.00440	0.00140	0.00451	0.00418	0.00446	0.00737
9	0.01613	0.00801	0.01054	0.00950	0.06401	0.00759	0.00706	0.14206	0.01351	0.45236	0.04474	0.15700	0.01521	0.00732	0.00489	0.00150	0.00393	0.02279	0.00498	0.00688
10	0.00619	0.00445	0.00600	0.00703	0.00760	0.00426	0.00529	0.00745	0.00944	0.01242	0.02569	0.54526	0.05566	0.01372	0.00601	0.00194	0.00318	0.27026	0.00425	0.00390
11	0.01105	0.01267	0.16613	0.12520	0.27098	0.04272	0.11090	0.01422	0.01050	0.07974	0.01110	0.02996	0.00934	0.00535	0.00481	0.00150	0.00590	0.07887	0.00269	0.00637
12	0.01221	0.00912	0.01380	0.48537	0.11059	0.01034	0.01132	0.13241	0.01183	0.14309	0.01024	0.01250	0.00734	0.00485	0.00459	0.00147	0.00553	0.00418	0.00304	0.00618
13	0.00740	0.00414	0.00591	0.00616	0.00639	0.00405	0.00428	0.00637	0.00708	0.00931	0.01449	0.14328	0.06597	0.01516	0.01433	0.60729	0.00370	0.06947	0.00267	0.00256
14	0.87108	0.00888	0.00675	0.00604	0.00888	0.01030	0.00497	0.01350	0.00781	0.02060	0.00639	0.00746	0.00497	0.00426	0.00284	0.00142	0.00355	0.00249	0.00284	0.00497
15	0.00740	0.00470	0.00613	0.00618	0.00719	0.00428	0.00447	0.00889	0.01108	0.09172	0.35068	0.36525	0.09194	0.01127	0.00552	0.00162	0.00255	0.01002	0.00473	0.00438
16	0.07995	0.46520	0.02935	0.00934	0.02706	0.07902	0.07212	0.03827	0.01018	0.08089	0.00842	0.01028	0.00718	0.05961	0.00483	0.00137	0.00523	0.00330	0.00255	0.00585
17	0.01122	0.00981	0.10993	0.00776	0.01188	0.00668	0.00703	0.01363	0.01041	0.15496	0.06325	0.01226	0.00991	0.00432	0.00387	0.00096	0.00383	0.00351	0.00330	0.55149

[dist]
# distance from previous block
# <min> <max>
0	1

[block]
# block no. 6 follows, 56 sequences, length 8
# corresponding to MSA columns:
# 261-268
name=unknown_G
#
# <colnr> <probs for GDERKNQSTAVLIFYWHMCP>
#	G	D	E	R	K	N	Q	S	T	A	V	L	I	F	Y	W	H	M	C	P
0	0.10823	0.05403	0.11484	0.03789	0.38305	0.04132	0.01164	0.09459	0.01138	0.07093	0.00917	0.01079	0.00711	0.00445	0.00422	0.00136	0.00529	0.00374	0.01918	0.00680
1	0.00971	0.04496	0.53267	0.07846	0.08532	0.01104	0.14508	0.01429	0.00989	0.01427	0.00838	0.01040	0.00615	0.00426	0.00453	0.00145	0.00673	0.00381	0.00204	0.00657
2	0.01138	0.01241	0.07256	0.02326	0.58039	0.08919	0.01300	0.01397	0.01026	0.01409	0.00857	0.01133	0.00726	0.00645	0.06060	0.00180	0.05054	0.00398	0.00226	0.00671
3	0.01504	0.00930	0.01075	0.00869	0.01136	0.03103	0.00704	0.27497	0.04528	0.24946	0.15736	0.01704	0.01558	0.00643	0.00538	0.00143	0.06154	0.00504	0.06059	0.00667
4	0.00746	0.00532	0.00700	0.00745	0.00848	0.00538	0.00586	0.01022	0.08898	0.03855	0.13073	0.27798	0.02696	0.01374	0.07552	0.00232	0.00409	0.27518	0.00429	0.00449
5	0.00621	0.00441	0.00515	0.00536	0.00579	0.00418	0.00341	0.00683	0.00848	0.01119	0.11319	0.21771	0.14737	0.42399	0.01446	0.00306	0.00344	0.00880	0.00362	0.00335
6	0.00603	0.00433	0.00520	0.00566	0.00611	0.00407	0.00372	0.00671	0.00859	0.01123	0.05944	0.36815	0.15812	0.29478	0.01175	0.00268	0.00324	0.03292	0.00379	0.00347
7	0.01003	0.00673	0.00817	0.00788	0.00959	0.00698	0.00633	0.06599	0.18075	0.09808	0.10785	0.12248	0.02216	0.02599	0.00567	0.00175	0.00358	0.24413	0.06043	0.00541

[dist]
# distance from previous block
# <min> <max>
0	2

[block]
# block no. 7 follows, 56 sequences, length 55
# corresponding to MSA columns:
# 271-325
name=unknown_H
#
# <colnr> <probs for GDERKNQSTAVLIFYWHMCP>
#	G	D	E	R	K	N	Q	S	T	A	V	L	I	F	Y	W	H	M	C	P
0	0.01187	0.00939	0.01156	0.02379	0.17786	0.04612	0.00853	0.01830	0.32658	0.11668	0.01758	0.04304	0.04276	0.00681	0.00486	0.00155	0.00429	0.10288	0.00404	0.02152
1	0.01060	0.25899	0.47636	0.01121	0.01671	0.05926	0.02583	0.01434	0.00979	0.01330	0.00765	0.00897	0.00592	0.00419	0.00390	0.00125	0.00613	0.00309	0.00203	0.06049
2	0.00960	0.00666	0.05293	0.00667	0.00878	0.00528	0.00548	0.01160	0.01177	0.17328	0.39278	0.06812	0.08651	0.05160	0.00597	0.00155	0.00304	0.00703	0.00456	0.08678
3	0.01375	0.08407	0.04373	0.10114	0.01512	0.10635	0.00850	0.23650	0.08539	0.07441	0.01035	0.01104	0.00776	0.00479	0.00416	0.00122	0.00506	0.00366	0.00342	0.17957
4	0.01058	0.33918	0.33601	0.06185	0.03343	0.02618	0.01167	0.01377	0.00957	0.01291	0.00749	0.00894	0.00601	0.00410	0.00372	0.00118	0.00563	0.00300	0.00206	0.10272
5	0.05857	0.10891	0.04410	0.01150	0.07378	0.38017	0.00873	0.08500	0.02460	0.11472	0.00977	0.01077	0.01803	0.02653	0.00460	0.00134	0.00631	0.00351	0.00300	0.00605
6	0.00630	0.00454	0.00596	0.00591	0.00681	0.00420	0.00432	0.00816	0.01207	0.01694	0.63571	0.21037	0.04047	0.01048	0.00551	0.00154	0.00228	0.00935	0.00488	0.00420
7	0.02766	0.00976	0.08861	0.20997	0.03963	0.03116	0.01985	0.01531	0.09487	0.19739	0.04714	0.04166	0.05991	0.00745	0.04234	0.00178	0.05093	0.00504	0.00353	0.00600
8	0.00695	0.00560	0.00841	0.01141	0.19025	0.00540	0.00657	0.00821	0.00920	0.01251	0.02148	0.63217	0.02501	0.01200	0.00557	0.00175	0.00333	0.02583	0.00381	0.00455
9	0.01792	0.01211	0.01332	0.01021	0.01387	0.01313	0.00843	0.68066	0.02034	0.14475	0.01207	0.01170	0.00833	0.00554	0.00460	0.00138	0.00488	0.00420	0.00475	0.00781
10	0.27532	0.01002	0.01014	0.00821	0.01133	0.01093	0.00672	0.34240	0.05426	0.12293	0.01328	0.01315	0.05817	0.00557	0.00407	0.00140	0.00410	0.00410	0.03736	0.00654
11	0.00922	0.00846	0.01377	0.77626	0.03053	0.01045	0.01250	0.06095	0.00996	0.01281	0.00834	0.01216	0.00623	0.00465	0.00459	0.00152	0.00605	0.00408	0.00220	0.00527
12	0.01715	0.02188	0.01301	0.01183	0.01419	0.82022	0.00887	0.01833	0.01301	0.01124	0.00710	0.00828	0.00591	0.00473	0.00414	0.00118	0.00828	0.00296	0.00237	0.00532
13	0.00564	0.00464	0.00498	0.00508	0.00646	0.00398	0.00382	0.00692	0.01058	0.01299	0.11590	0.10537	0.63581	0.01168	0.00550	0.00159	0.00243	0.04835	0.00434	0.00393
14	0.40566	0.01066	0.06054	0.05239	0.06141	0.06053	0.00752	0.05437	0.01036	0.18409	0.00954	0.01012	0.00684	0.00462	0.00370	0.00137	0.00445	0.00329	0.00335	0.04517
15	0.01234	0.01156	0.01231	0.10387	0.10410	0.11336	0.00898	0.08706	0.45770	0.01772	0.01426	0.01429	0.01082	0.00555	0.00457	0.00147	0.00482	0.00457	0.00381	0.00683
16	0.00678	0.00438	0.00574	0.00628	0.00696	0.00404	0.00437	0.00792	0.00984	0.06342	0.15631	0.60080	0.05335	0.01263	0.00561	0.00173	0.00263	0.01135	0.03174	0.00411
17	0.01155	0.00995	0.01529	0.09720	0.46958	0.01034	0.01150	0.07743	0.10030	0.05289	0.08721	0.01446	0.01162	0.00507	0.00465	0.00141	0.00489	0.00465	0.00313	0.00685
18	0.00722	0.00568	0.00854	0.00839	0.00973	0.00545	0.08170	0.00918	0.01054	0.01385	0.12357	0.10245	0.11435	0.05725	0.00694	0.00202	0.00399	0.42079	0.00407	0.00427
19	0.00900	0.00875	0.00786	0.00815	0.00919	0.18502	0.00596	0.01121	0.08616	0.01259	0.02003	0.47242	0.02228	0.01106	0.00556	0.00170	0.02048	0.08220	0.01588	0.00450
20	0.01133	0.08977	0.01191	0.06085	0.01317	0.01199	0.00767	0.02257	0.67546	0.01792	0.01684	0.01588	0.01273	0.00590	0.00450	0.00150	0.00391	0.00486	0.00424	0.00700
21	0.01162	0.00775	0.00937	0.00695	0.01065	0.00606	0.00558	0.01356	0.01053	0.19115	0.04916	0.01375	0.04962	0.00459	0.00386	0.00092	0.00340	0.00375	0.00356	0.59417
22	0.06455	0.01056	0.06395	0.51808	0.06478	0.04760	0.01171	0.10080	0.04732	0.01488	0.00884	0.01164	0.00663	0.00472	0.00445	0.00148	0.00583	0.00394	0.00252	0.00572
23	0.01431	0.00987	0.01132	0.00952	0.01225	0.01104	0.00764	0.14152	0.42502	0.20101	0.01615	0.01516	0.01168	0.00617	0.00565	0.00154	0.08345	0.00478	0.00463	0.00726
24	0.00574	0.00415	0.00543	0.00619	0.00667	0.00384	0.00423	0.00679	0.00961	0.01291	0.16062	0.65345	0.07663	0.01337	0.00576	0.00177	0.00256	0.01205	0.00440	0.00384
25	0.01634	0.02007	0.01374	0.06359	0.01574	0.68670	0.04477	0.06171	0.01316	0.01243	0.00749	0.00887	0.00608	0.00473	0.00425	0.00123	0.00794	0.00321	0.00247	0.00549
26	0.00581	0.00421	0.00549	0.00613	0.00668	0.00389	0.00423	0.00698	0.00996	0.01346	0.22518	0.58233	0.08274	0.01294	0.00572	0.00174	0.00252	0.01163	0.00446	0.00389
27	0.00655	0.00465	0.00618	0.00625	0.00666	0.00503	0.00431	0.00739	0.00716	0.00994	0.01414	0.07799	0.01508	0.39389	0.40850	0.00570	0.00813	0.00625	0.00272	0.00348
28	0.01227	0.84142	0.02406	0.00786	0.01178	0.01817	0.00786	0.01375	0.00933	0.01080	0.00638	0.00736	0.00589	0.00393	0.00295	0.00098	0.00491	0.00245	0.00196	0.00589
29	0.00577	0.00462	0.00515	0.00511	0.00643	0.00401	0.00380	0.00722	0.01114	0.01422	0.28075	0.09108	0.52232	0.01111	0.00545	0.00154	0.00230	0.00947	0.00451	0.00401
30	0.00559	0.00400	0.00533	0.00639	0.00666	0.00373	0.00426	0.00639	0.00879	0.01172	0.02530	0.83566	0.03036	0.01438	0.00586	0.00186	0.00266	0.01305	0.00426	0.00373
31	0.03100	0.22650	0.01585	0.12669	0.01584	0.44147	0.00915	0.01573	0.01110	0.01137	0.00699	0.00869	0.00593	0.00468	0.00448	0.00123	0.05263	0.00304	0.00221	0.00541
32	0.01959	0.00880	0.01115	0.00857	0.01208	0.00828	0.00707	0.18733	0.01485	0.62340	0.01651	0.01468	0.01061	0.00564	0.00457	0.00140	0.00410	0.00450	0.02914	0.00771
33	0.01159	0.61396	0.14339	0.07752	0.02588	0.01604	0.00975	0.01380	0.00942	0.02314	0.00701	0.00833	0.00600	0.00412	0.00348	0.00112	0.01462	0.00281	0.00203	0.00600
34	0.01114	0.01094	0.01717	0.12298	0.58023	0.04675	0.01315	0.01378	0.02029	0.01405	0.00835	0.01126	0.00702	0.00465	0.00571	0.00145	0.09810	0.00405	0.00225	0.00667
35	0.00577	0.00444	0.00549	0.00602	0.00672	0.00415	0.00423	0.00681	0.00961	0.01254	0.10596	0.50934	0.25037	0.01293	0.00598	0.00174	0.02841	0.01136	0.00427	0.00387
36	0.00624	0.00463	0.00568	0.00550	0.00655	0.00422	0.00402	0.00794	0.01172	0.01601	0.54068	0.07420	0.20466	0.07943	0.00694	0.00174	0.00241	0.00869	0.00466	0.00408
37	0.00611	0.00438	0.00537	0.00563	0.00619	0.00411	0.00377	0.00709	0.00949	0.01275	0.22839	0.30519	0.12282	0.24533	0.01063	0.00245	0.00300	0.00961	0.00405	0.00364
38	0.01072	0.01426	0.26533	0.01053	0.01445	0.01118	0.01034	0.02127	0.55072	0.01773	0.01538	0.01477	0.01142	0.00564	0.00457	0.00152	0.00463	0.00462	0.00381	0.00711
39	0.01111	0.10397	0.05656	0.04410	0.25298	0.01055	0.09476	0.08274	0.01098	0.01553	0.00882	0.02652	0.00733	0.00421	0.00415	0.00117	0.00505	0.00380	0.00259	0.25309
40	0.05486	0.06767	0.16395	0.06166	0.01541	0.01170	0.00983	0.33842	0.01518	0.18522	0.01121	0.01137	0.00779	0.00507	0.00434	0.00137	0.00510	0.00388	0.00387	0.02209
41	0.05944	0.00793	0.01026	0.00817	0.01146	0.00727	0.00675	0.04402	0.05669	0.64710	0.01815	0.01784	0.02272	0.00616	0.00465	0.00147	0.00391	0.05329	0.00535	0.00737
42	0.00600	0.00437	0.00565	0.00596	0.00671	0.00402	0.00423	0.00747	0.01088	0.01489	0.39112	0.39833	0.09964	0.01183	0.00562	0.00164	0.00240	0.01057	0.00463	0.00402
43	0.01336	0.40319	0.16968	0.01030	0.01473	0.03467	0.09808	0.01588	0.01044	0.17541	0.00947	0.01007	0.00711	0.00438	0.00386	0.00123	0.00546	0.00342	0.00277	0.00647
44	0.00739	0.00606	0.00895	0.00825	0.00892	0.00719	0.04220	0.00867	0.00733	0.01054	0.01152	0.01893	0.01142	0.19918	0.47267	0.00555	0.15354	0.00516	0.00244	0.00408
45	0.00562	0.00413	0.00527	0.00609	0.00660	0.00379	0.00415	0.00655	0.00928	0.01220	0.07282	0.67021	0.14909	0.01368	0.00577	0.00179	0.00258	0.01227	0.00431	0.00379
46	0.01590	0.02044	0.04065	0.01306	0.01592	0.66660	0.13327	0.01764	0.01256	0.01189	0.00748	0.00897	0.00608	0.00458	0.00435	0.00125	0.00815	0.00336	0.00235	0.00551
47	0.09606	0.08980	0.15415	0.04522	0.01530	0.06002	0.07013	0.16086	0.02478	0.22331	0.01112	0.01139	0.00777	0.00489	0.00428	0.00138	0.00533	0.00386	0.00358	0.00679
48	0.00913	0.00777	0.01228	0.39039	0.02065	0.00879	0.08347	0.03247	0.08201	0.03033	0.03283	0.01911	0.01130	0.13346	0.00831	0.04134	0.00537	0.06326	0.00281	0.00495
49	0.00652	0.00482	0.00701	0.00707	0.00777	0.00549	0.00534	0.00793	0.00738	0.01053	0.01325	0.06470	0.01309	0.12064	0.68872	0.00675	0.01091	0.00556	0.00259	0.00394
50	0.80336	0.00882	0.00698	0.00612	0.00905	0.00998	0.00503	0.01352	0.00801	0.03289	0.00669	0.00772	0.00519	0.00423	0.00290	0.00137	0.00355	0.00253	0.00288	0.05919
51	0.05901	0.06451	0.15184	0.00818	0.01132	0.02970	0.00767	0.01412	0.04334	0.19261	0.16547	0.10142	0.04557	0.00754	0.02236	0.00153	0.00421	0.00575	0.00392	0.05995
52	0.02604	0.26662	0.14088	0.01178	0.08504	0.05381	0.03631	0.20481	0.05673	0.06235	0.00947	0.01019	0.00725	0.00466	0.00404	0.00128	0.00540	0.00355	0.00303	0.00677
53	0.17393	0.07445	0.04567	0.00821	0.01094	0.02456	0.04228	0.06759	0.01086	0.21343	0.06499	0.08627	0.01284	0.03012	0.11179	0.00228	0.00527	0.00503	0.00374	0.00577
54	0.06634	0.05688	0.19845	0.01069	0.05765	0.02793	0.05747	0.07081	0.01094	0.16184	0.02652	0.04494	0.02261	0.06885	0.03972	0.00185	0.00536	0.00454	0.00325	0.06337

[dist]
# distance from previous block
# <min> <max>
0	46

# created by:
# /st0/software/busco_prod/Augustus/scripts/msa2prfl.pl ./align_prep/195185.fa
