[name]
unknown

[dist]
# distance from previous block
# <min> <max>
0	161

[block]
# block no. 0 follows, 50 sequences, length 25
# corresponding to MSA columns:
# 834-858
name=unknown_A
#
# <colnr> <probs for GDERKNQSTAVLIFYWHMCP>
#	G	D	E	R	K	N	Q	S	T	A	V	L	I	F	Y	W	H	M	C	P
0	0.00930	0.00807	0.09255	0.00889	0.01084	0.00642	0.00795	0.04207	0.01187	0.07646	0.11450	0.17701	0.02671	0.04535	0.00699	0.00210	0.00434	0.33887	0.00451	0.00520
1	0.02386	0.32473	0.16840	0.01052	0.03428	0.05965	0.03474	0.01321	0.01016	0.01306	0.01221	0.19225	0.01252	0.00762	0.00542	0.03624	0.02678	0.00575	0.00275	0.00586
2	0.00803	0.00488	0.00598	0.00592	0.00618	0.00482	0.00365	0.00783	0.00766	0.04188	0.01611	0.06733	0.04103	0.54517	0.04718	0.16822	0.00482	0.00698	0.00310	0.00321
3	0.06873	0.01373	0.16328	0.11301	0.13620	0.04355	0.05187	0.09825	0.01305	0.19802	0.04353	0.01380	0.00989	0.00539	0.00488	0.00155	0.00583	0.00453	0.00366	0.00726
4	0.01419	0.00986	0.01010	0.00839	0.01100	0.03143	0.00671	0.36414	0.07180	0.02446	0.01435	0.01529	0.01081	0.00594	0.00431	0.00136	0.00407	0.00461	0.38052	0.00667
5	0.18436	0.04967	0.03886	0.04796	0.02854	0.04623	0.00880	0.38261	0.08129	0.02435	0.01146	0.03243	0.00895	0.02702	0.00507	0.00160	0.00521	0.00438	0.00406	0.00717
6	0.01468	0.57050	0.07533	0.00937	0.01365	0.05924	0.00914	0.05119	0.03592	0.10640	0.00927	0.00980	0.00747	0.00473	0.00373	0.00121	0.00550	0.00322	0.00285	0.00682
7	0.02472	0.00704	0.00875	0.02761	0.01043	0.00623	0.00583	0.04637	0.01240	0.15307	0.20483	0.16640	0.07860	0.00861	0.00516	0.00145	0.00340	0.00742	0.00462	0.21705
8	0.16107	0.07952	0.07441	0.03652	0.03743	0.06890	0.00888	0.17300	0.04797	0.15920	0.01138	0.01172	0.00825	0.00520	0.00433	0.00140	0.00516	0.00385	0.00386	0.09796
9	0.01188	0.13405	0.06041	0.03333	0.07200	0.00985	0.10032	0.04696	0.01214	0.13018	0.11873	0.13620	0.06347	0.00759	0.00513	0.00153	0.00476	0.00671	0.00391	0.04085
10	0.00866	0.00433	0.00649	0.00649	0.00649	0.00433	0.00433	0.00649	0.00649	0.00866	0.00866	0.01515	0.00866	0.01732	0.01948	0.85498	0.00433	0.00433	0.00216	0.00216
11	0.01278	0.01119	0.04301	0.27104	0.37141	0.01135	0.04439	0.05965	0.01192	0.09957	0.01048	0.01309	0.00795	0.00489	0.00499	0.00156	0.00609	0.00453	0.00292	0.00719
12	0.01460	0.01753	0.39454	0.03527	0.05977	0.01037	0.05275	0.04278	0.03079	0.27312	0.01291	0.01320	0.00873	0.00526	0.00492	0.00157	0.00616	0.00437	0.00365	0.00773
13	0.01978	0.00852	0.01117	0.00876	0.01224	0.00775	0.00716	0.08169	0.03494	0.61235	0.12265	0.01933	0.01677	0.00671	0.00513	0.00155	0.00408	0.00552	0.00596	0.00796
14	0.00643	0.00484	0.00675	0.09311	0.01012	0.00480	0.00559	0.00757	0.00964	0.01274	0.02609	0.71473	0.05013	0.01440	0.00620	0.00198	0.00328	0.01303	0.00437	0.00421
15	0.03172	0.15645	0.01573	0.04280	0.01480	0.03278	0.00879	0.37235	0.04934	0.19325	0.01286	0.01266	0.00913	0.00567	0.00461	0.00143	0.00517	0.00427	0.01841	0.00779
16	0.05216	0.02490	0.05123	0.00986	0.01362	0.01161	0.00845	0.38575	0.03021	0.24906	0.01435	0.01393	0.00989	0.00589	0.00472	0.00148	0.00479	0.00453	0.09574	0.00785
17	0.00875	0.00568	0.00839	0.00810	0.00931	0.00635	0.00635	0.01055	0.00868	0.09562	0.01403	0.01930	0.01245	0.03404	0.71948	0.00732	0.01238	0.00531	0.00304	0.00488
18	0.03796	0.14052	0.12417	0.01311	0.08964	0.02234	0.08235	0.08919	0.01181	0.09620	0.01081	0.01239	0.02643	0.00587	0.00638	0.03585	0.09228	0.00417	0.00307	0.09545
19	0.04080	0.03892	0.09840	0.10524	0.01747	0.01135	0.07524	0.21306	0.06507	0.16969	0.03501	0.01591	0.05497	0.00599	0.00497	0.00154	0.00538	0.00499	0.00416	0.03185
20	0.01021	0.00885	0.01394	0.50147	0.04878	0.01031	0.04426	0.05280	0.02208	0.04583	0.01494	0.05056	0.09235	0.00649	0.00565	0.00168	0.04113	0.00559	0.01736	0.00574
21	0.00640	0.00502	0.00612	0.04246	0.00831	0.00459	0.00473	0.00790	0.01143	0.01483	0.22579	0.27908	0.34018	0.01258	0.00599	0.00176	0.00278	0.01098	0.00473	0.00434
22	0.01152	0.05462	0.38999	0.12571	0.02213	0.01126	0.14860	0.01588	0.01109	0.09128	0.02981	0.01260	0.00824	0.00489	0.00491	0.00155	0.00677	0.00436	0.00271	0.04207
23	0.11332	0.01315	0.09679	0.01046	0.01450	0.01240	0.00929	0.38833	0.06683	0.17916	0.01361	0.03763	0.00984	0.00608	0.00480	0.00155	0.00508	0.00467	0.00469	0.00784
24	0.00661	0.00511	0.00678	0.00746	0.00783	0.00528	0.00525	0.00758	0.00961	0.01294	0.05300	0.66075	0.07673	0.01451	0.00739	0.00200	0.08981	0.01272	0.00440	0.00423

[dist]
# distance from previous block
# <min> <max>
0	8

[block]
# block no. 1 follows, 50 sequences, length 25
# corresponding to MSA columns:
# 867-891
name=unknown_B
#
# <colnr> <probs for GDERKNQSTAVLIFYWHMCP>
#	G	D	E	R	K	N	Q	S	T	A	V	L	I	F	Y	W	H	M	C	P
0	0.16361	0.08659	0.01501	0.10390	0.12363	0.29562	0.02473	0.03593	0.02050	0.04856	0.00874	0.01050	0.00699	0.00549	0.01719	0.00153	0.01883	0.00362	0.00280	0.00623
1	0.09436	0.04624	0.01890	0.02615	0.63201	0.01234	0.01376	0.01500	0.01077	0.01639	0.00885	0.01165	0.00750	0.00474	0.00545	0.00152	0.06028	0.00419	0.00249	0.00743
2	0.01097	0.01271	0.18156	0.02971	0.03181	0.00827	0.00919	0.02801	0.03036	0.04728	0.00966	0.01099	0.00756	0.00418	0.00409	0.00103	0.00467	0.00336	0.00296	0.56163
3	0.01431	0.21560	0.13239	0.09314	0.11085	0.19317	0.06437	0.01699	0.01174	0.08941	0.00933	0.01087	0.00725	0.00480	0.00446	0.00139	0.00676	0.00377	0.00269	0.00672
4	0.00607	0.00437	0.00575	0.00687	0.00721	0.00405	0.00459	0.00695	0.00961	0.01275	0.02838	0.79103	0.06292	0.01550	0.00634	0.00201	0.00288	0.01403	0.00463	0.00405
5	0.00927	0.00663	0.00782	0.00720	0.00900	0.00652	0.00548	0.04818	0.14010	0.07199	0.35554	0.11459	0.16578	0.01005	0.00567	0.00164	0.00299	0.00869	0.00517	0.01770
6	0.01402	0.12773	0.18204	0.14273	0.01900	0.01328	0.01151	0.27593	0.01495	0.05523	0.01016	0.01139	0.00750	0.00510	0.00456	0.00141	0.00582	0.00393	0.00338	0.09033
7	0.00670	0.00453	0.00605	0.00696	0.00743	0.00421	0.00473	0.00771	0.01004	0.04016	0.08255	0.73712	0.03328	0.01490	0.00628	0.00197	0.00290	0.01348	0.00474	0.00425
8	0.01369	0.68361	0.07777	0.00940	0.01369	0.10629	0.00933	0.01554	0.01060	0.01206	0.00715	0.00828	0.00639	0.00439	0.00345	0.00113	0.00588	0.00280	0.00218	0.00639
9	0.01410	0.23406	0.17355	0.04845	0.01693	0.01375	0.06858	0.14698	0.04597	0.10753	0.01068	0.01152	0.00796	0.00503	0.00460	0.00139	0.01723	0.00394	0.00330	0.06444
10	0.00799	0.00543	0.00713	0.00813	0.08205	0.00546	0.00453	0.00793	0.00753	0.01017	0.01375	0.02712	0.01526	0.57721	0.04311	0.15955	0.00507	0.00639	0.00280	0.00337
11	0.00806	0.00547	0.00768	0.00749	0.00856	0.00595	0.00570	0.00960	0.00868	0.06539	0.01765	0.02363	0.08855	0.12239	0.58418	0.00659	0.01071	0.00604	0.00314	0.00454
12	0.00965	0.00855	0.01408	0.47997	0.02517	0.01005	0.08490	0.01281	0.04845	0.01344	0.01052	0.01534	0.00860	0.06134	0.00784	0.06035	0.04350	0.00483	0.07532	0.00529
13	0.03391	0.12449	0.05119	0.03567	0.08647	0.18914	0.02623	0.01637	0.11311	0.02779	0.11728	0.01643	0.04530	0.00648	0.00592	0.00152	0.08829	0.00490	0.00330	0.00621
14	0.01172	0.13322	0.30249	0.07978	0.05369	0.03032	0.18418	0.01683	0.08589	0.03976	0.01033	0.01207	0.00775	0.00481	0.00484	0.00153	0.00680	0.00434	0.00265	0.00701
15	0.00607	0.00434	0.00578	0.00694	0.00723	0.00405	0.00463	0.00694	0.00954	0.01272	0.02747	0.82157	0.03297	0.01562	0.00636	0.00202	0.00289	0.01417	0.00463	0.00405
16	0.01024	0.00879	0.01052	0.06273	0.01321	0.00723	0.00652	0.01334	0.06270	0.01651	0.05051	0.01250	0.00993	0.00433	0.00399	0.00091	0.00384	0.00355	0.00318	0.69548
17	0.08722	0.02170	0.01130	0.08756	0.05434	0.01933	0.00789	0.15392	0.05330	0.15956	0.09496	0.12941	0.01646	0.00746	0.00513	0.00158	0.01452	0.00621	0.03224	0.03591
18	0.01041	0.09972	0.02954	0.00769	0.00953	0.00712	0.00606	0.01251	0.05148	0.15867	0.08736	0.41709	0.06071	0.01125	0.00558	0.00174	0.00352	0.00986	0.00466	0.00548
19	0.00621	0.00464	0.00577	0.00638	0.00715	0.00420	0.00444	0.00743	0.01078	0.01419	0.16911	0.50097	0.21266	0.01395	0.00617	0.00186	0.00271	0.01240	0.00478	0.00420
20	0.01095	0.01183	0.09287	0.31898	0.08397	0.01241	0.10014	0.01387	0.00984	0.04679	0.00884	0.01243	0.00703	0.00596	0.00835	0.00179	0.24087	0.00453	0.00242	0.00613
21	0.08853	0.05798	0.09292	0.11455	0.05241	0.01214	0.22990	0.13499	0.01316	0.12454	0.01104	0.01267	0.00797	0.00497	0.00493	0.00156	0.00629	0.00462	0.01779	0.00703
22	0.03589	0.00888	0.01471	0.78774	0.03356	0.01108	0.01358	0.01279	0.00992	0.01304	0.00880	0.01313	0.00661	0.00497	0.00492	0.00166	0.00656	0.00438	0.00224	0.00553
23	0.07899	0.18045	0.11909	0.12535	0.10337	0.23738	0.04683	0.01609	0.01136	0.01406	0.00839	0.02174	0.00695	0.00488	0.00436	0.00140	0.00687	0.00371	0.00243	0.00630
24	0.01193	0.00960	0.01065	0.00781	0.01209	0.04843	0.00624	0.01407	0.01091	0.09165	0.00985	0.01091	0.00781	0.00401	0.00386	0.00084	0.00402	0.00317	0.00324	0.72890

[dist]
# distance from previous block
# <min> <max>
1	9

[block]
# block no. 2 follows, 50 sequences, length 21
# corresponding to MSA columns:
# 915-935
name=unknown_C
#
# <colnr> <probs for GDERKNQSTAVLIFYWHMCP>
#	G	D	E	R	K	N	Q	S	T	A	V	L	I	F	Y	W	H	M	C	P
0	0.00795	0.00598	0.00802	0.00768	0.00817	0.00705	0.00569	0.00911	0.00794	0.01168	0.01330	0.02226	0.01336	0.27891	0.36125	0.00546	0.13488	0.00573	0.08139	0.00417
1	0.00622	0.00484	0.00569	0.00621	0.00729	0.00431	0.00455	0.00748	0.01082	0.01365	0.07739	0.34264	0.39416	0.01374	0.00616	0.00186	0.00285	0.08125	0.00467	0.00421
2	0.01431	0.01117	0.01175	0.01022	0.01326	0.03538	0.00804	0.10090	0.60333	0.10519	0.01902	0.01748	0.01398	0.00657	0.00504	0.00164	0.00428	0.00538	0.00511	0.00795
3	0.01311	0.01123	0.01616	0.06035	0.30535	0.02985	0.06942	0.02008	0.29394	0.08990	0.01508	0.01578	0.02565	0.00563	0.00507	0.00159	0.00528	0.00513	0.00379	0.00762
4	0.01422	0.06370	0.15297	0.01038	0.01502	0.01188	0.00976	0.28653	0.06944	0.05752	0.01116	0.01169	0.00830	0.00506	0.00446	0.00128	0.00512	0.00389	0.00377	0.25385
5	0.01000	0.02578	0.79900	0.01421	0.02157	0.01158	0.01842	0.01579	0.01052	0.01579	0.00895	0.01052	0.00631	0.00474	0.00474	0.00158	0.00737	0.00368	0.00210	0.00737
6	0.00616	0.00444	0.00595	0.00698	0.00736	0.00424	0.00474	0.00711	0.00946	0.01265	0.02693	0.73150	0.05287	0.01738	0.07408	0.00252	0.00377	0.01332	0.00446	0.00409
7	0.01335	0.00953	0.01135	0.05536	0.02562	0.01024	0.00776	0.31839	0.04639	0.07485	0.26503	0.06236	0.02260	0.00788	0.00567	0.00158	0.02872	0.00652	0.02014	0.00667
8	0.01262	0.08602	0.02005	0.20578	0.28069	0.09759	0.14472	0.04958	0.02713	0.01532	0.00931	0.01211	0.00743	0.00470	0.00491	0.00150	0.00674	0.00442	0.00256	0.00681
9	0.00635	0.00459	0.00605	0.00697	0.00751	0.00429	0.00490	0.00754	0.01033	0.01377	0.11280	0.62092	0.07666	0.01468	0.00633	0.00198	0.00297	0.08247	0.00472	0.00418
10	0.00748	0.00536	0.00731	0.00795	0.00900	0.00520	0.00652	0.00962	0.01213	0.01635	0.28164	0.13917	0.03531	0.01279	0.00649	0.00202	0.00365	0.42256	0.00489	0.00456
11	0.01226	0.15519	0.02550	0.10562	0.09964	0.01378	0.43834	0.06023	0.01193	0.01581	0.00944	0.01228	0.00735	0.00443	0.00517	0.00154	0.00726	0.00494	0.00256	0.00676
12	0.00866	0.00433	0.00649	0.00649	0.00649	0.00433	0.00433	0.00649	0.00649	0.00866	0.00866	0.01515	0.00866	0.01732	0.01948	0.85498	0.00433	0.00433	0.00216	0.00216
13	0.01234	0.01184	0.02023	0.03059	0.79373	0.01184	0.01530	0.01530	0.01135	0.01628	0.00938	0.01234	0.00790	0.00444	0.00493	0.00148	0.00592	0.00444	0.00247	0.00790
14	0.00625	0.00447	0.00599	0.00715	0.00752	0.00420	0.00494	0.00725	0.00972	0.01293	0.02737	0.75071	0.03257	0.01544	0.00641	0.00205	0.00305	0.08325	0.00462	0.00410
15	0.06564	0.01198	0.01267	0.01046	0.01385	0.01346	0.00842	0.35532	0.37323	0.05726	0.01582	0.01500	0.01156	0.00627	0.00491	0.00159	0.00463	0.00493	0.00496	0.00802
16	0.00941	0.00886	0.01495	0.81285	0.03433	0.01107	0.01384	0.01274	0.00997	0.01274	0.00886	0.01329	0.00664	0.00498	0.00498	0.00166	0.00664	0.00443	0.00221	0.00554
17	0.86003	0.00964	0.00733	0.00655	0.00964	0.01118	0.00540	0.01465	0.00848	0.02236	0.00694	0.00810	0.00540	0.00463	0.00308	0.00154	0.00386	0.00270	0.00308	0.00540
18	0.01231	0.01193	0.02070	0.03010	0.75440	0.01188	0.05425	0.01533	0.01137	0.01627	0.00941	0.01239	0.00788	0.00443	0.00498	0.00149	0.00605	0.00451	0.00247	0.00784
19	0.00890	0.00504	0.00696	0.00680	0.00718	0.00514	0.00468	0.02814	0.05360	0.01114	0.08252	0.03628	0.01343	0.04012	0.01687	0.65812	0.00414	0.00516	0.00280	0.00297
20	0.00941	0.00886	0.01495	0.81285	0.03433	0.01107	0.01384	0.01274	0.00997	0.01274	0.00886	0.01329	0.00664	0.00498	0.00498	0.00166	0.00664	0.00443	0.00221	0.00554

[dist]
# distance from previous block
# <min> <max>
1	15

[block]
# block no. 3 follows, 50 sequences, length 24
# corresponding to MSA columns:
# 951-974
name=unknown_D
#
# <colnr> <probs for GDERKNQSTAVLIFYWHMCP>
#	G	D	E	R	K	N	Q	S	T	A	V	L	I	F	Y	W	H	M	C	P
0	0.00607	0.00434	0.00578	0.00694	0.00723	0.00405	0.00463	0.00694	0.00954	0.01272	0.02747	0.82157	0.03297	0.01562	0.00636	0.00202	0.00289	0.01417	0.00463	0.00405
1	0.00678	0.00508	0.00738	0.00810	0.00880	0.00483	0.04090	0.00813	0.01009	0.01337	0.02643	0.61000	0.03082	0.01467	0.00646	0.00207	0.00353	0.18375	0.00452	0.00430
2	0.12041	0.38955	0.05079	0.06552	0.01475	0.13283	0.00900	0.06613	0.01176	0.07389	0.01961	0.00998	0.00745	0.00485	0.00386	0.00129	0.00575	0.00330	0.00286	0.00643
3	0.00721	0.00497	0.00612	0.00612	0.00636	0.00520	0.00387	0.00769	0.00745	0.01017	0.01508	0.02916	0.01662	0.61588	0.23226	0.00568	0.00709	0.00674	0.00293	0.00340
4	0.01246	0.00630	0.00836	0.00716	0.00930	0.00562	0.00561	0.01463	0.01408	0.29619	0.49343	0.03036	0.05814	0.00884	0.00557	0.00156	0.00303	0.00764	0.00570	0.00603
5	0.01541	0.01406	0.10648	0.01793	0.27614	0.01309	0.01220	0.36650	0.03266	0.05849	0.01165	0.03210	0.00894	0.00558	0.00498	0.00152	0.00570	0.00466	0.00386	0.00803
6	0.10025	0.06302	0.05830	0.01029	0.01436	0.01297	0.00897	0.41683	0.01805	0.22840	0.01301	0.01257	0.00894	0.00572	0.00468	0.00149	0.00510	0.00429	0.00477	0.00799
7	0.00838	0.00534	0.00721	0.00765	0.00834	0.00532	0.00544	0.00939	0.00995	0.10539	0.02490	0.66274	0.02845	0.01396	0.00699	0.00198	0.06695	0.01232	0.00462	0.00468
8	0.05358	0.42137	0.06581	0.01099	0.06825	0.03276	0.00949	0.15836	0.01322	0.10928	0.00968	0.01027	0.00754	0.00488	0.00398	0.00129	0.00540	0.00348	0.00322	0.00713
9	0.01128	0.27085	0.44167	0.01156	0.01748	0.03312	0.01357	0.01521	0.01047	0.01450	0.00828	0.00968	0.00648	0.00447	0.00412	0.00131	0.00631	0.00327	0.00223	0.11413
10	0.01702	0.05299	0.14329	0.01150	0.02679	0.03777	0.06339	0.13305	0.09913	0.32617	0.02862	0.01469	0.01082	0.00575	0.00494	0.00154	0.00540	0.00473	0.00457	0.00784
11	0.01112	0.06029	0.08510	0.00980	0.01265	0.00910	0.07568	0.10308	0.09052	0.08159	0.21225	0.16360	0.03547	0.00868	0.00545	0.00164	0.00435	0.01897	0.00448	0.00617
12	0.00690	0.00509	0.00645	0.00611	0.00735	0.00464	0.00458	0.00911	0.01375	0.01913	0.69366	0.03865	0.14501	0.01051	0.00588	0.00158	0.00237	0.00921	0.00537	0.00464
13	0.01064	0.03220	0.26436	0.12829	0.30271	0.01125	0.07773	0.01447	0.01091	0.01529	0.01259	0.01486	0.07224	0.00526	0.00500	0.00156	0.00639	0.00479	0.00250	0.00697
14	0.01652	0.13472	0.09808	0.01059	0.01465	0.02915	0.00959	0.38883	0.04371	0.12356	0.01271	0.03745	0.00957	0.00652	0.01975	0.00158	0.00551	0.00453	0.02531	0.00767
15	0.02098	0.00889	0.01161	0.00905	0.01276	0.00813	0.00743	0.06746	0.07596	0.67118	0.03937	0.01734	0.01325	0.00631	0.00504	0.00155	0.00424	0.00514	0.00600	0.00834
16	0.01798	0.01348	0.01441	0.01127	0.01509	0.01500	0.00924	0.66568	0.13646	0.02985	0.01320	0.01295	0.00948	0.00610	0.00500	0.00152	0.00526	0.00466	0.00500	0.00839
17	0.02864	0.01324	0.15641	0.23411	0.10014	0.01115	0.18999	0.01656	0.06493	0.10435	0.01132	0.01352	0.00825	0.00497	0.00509	0.00161	0.00652	0.00476	0.01760	0.00685
18	0.01358	0.07479	0.01807	0.13602	0.46541	0.01139	0.01296	0.01629	0.01156	0.14933	0.01141	0.01431	0.00902	0.00509	0.00488	0.00151	0.00565	0.02820	0.00311	0.00744
19	0.02236	0.00848	0.01157	0.00887	0.01272	0.00733	0.00733	0.02429	0.01427	0.79719	0.01966	0.01697	0.01234	0.00617	0.00501	0.00154	0.00424	0.00501	0.00617	0.00848
20	0.00714	0.00485	0.00541	0.00541	0.00554	0.00478	0.00308	0.00724	0.00757	0.00996	0.01844	0.03383	0.07893	0.76098	0.02384	0.00458	0.00465	0.00751	0.00315	0.00311
21	0.07005	0.05683	0.04510	0.02616	0.13818	0.01014	0.16945	0.01877	0.01228	0.34425	0.01433	0.04956	0.01048	0.00563	0.00501	0.00156	0.00550	0.00517	0.00413	0.00743
22	0.01688	0.01060	0.01325	0.07337	0.01536	0.01106	0.04199	0.34836	0.03349	0.23459	0.06930	0.06127	0.01366	0.00673	0.00514	0.00156	0.00489	0.00558	0.02538	0.00755
23	0.00678	0.00455	0.00600	0.00694	0.00745	0.00420	0.00471	0.00771	0.00983	0.04709	0.02817	0.75138	0.06637	0.01507	0.00628	0.00199	0.00293	0.01360	0.00469	0.00425

[dist]
# distance from previous block
# <min> <max>
1	24

[block]
# block no. 4 follows, 50 sequences, length 28
# corresponding to MSA columns:
# 1004-1031
name=unknown_E
#
# <colnr> <probs for GDERKNQSTAVLIFYWHMCP>
#	G	D	E	R	K	N	Q	S	T	A	V	L	I	F	Y	W	H	M	C	P
0	0.01473	0.60323	0.02303	0.01085	0.08918	0.03850	0.00904	0.01650	0.01098	0.13003	0.00910	0.00979	0.00744	0.00459	0.00368	0.00118	0.00532	0.00321	0.00278	0.00684
1	0.00796	0.00517	0.00633	0.00639	0.00770	0.00458	0.00465	0.00936	0.01155	0.09885	0.18430	0.32284	0.28660	0.01254	0.00596	0.00177	0.00281	0.01095	0.00496	0.00471
2	0.09833	0.01240	0.01625	0.05011	0.08149	0.01309	0.12431	0.38670	0.03925	0.04738	0.01106	0.01211	0.00813	0.00526	0.00483	0.00148	0.00563	0.00444	0.00397	0.07376
3	0.10364	0.09303	0.10679	0.06844	0.45665	0.02478	0.01350	0.04744	0.01130	0.01681	0.00888	0.01124	0.00723	0.00458	0.00454	0.00147	0.00588	0.00398	0.00255	0.00728
4	0.02236	0.00848	0.01157	0.00887	0.01272	0.00733	0.00733	0.02429	0.01427	0.79719	0.01966	0.01697	0.01234	0.00617	0.00501	0.00154	0.00424	0.00501	0.00617	0.00848
5	0.00654	0.00498	0.00605	0.00628	0.00743	0.00449	0.00470	0.00819	0.01192	0.01567	0.29600	0.21159	0.29965	0.01255	0.00609	0.00178	0.00275	0.08406	0.00492	0.00438
6	0.01779	0.01254	0.06494	0.01262	0.09600	0.03189	0.00973	0.29749	0.10661	0.26155	0.01479	0.01425	0.01026	0.00586	0.00494	0.00153	0.00513	0.00469	0.01924	0.00814
7	0.01243	0.01817	0.44748	0.01192	0.01776	0.00965	0.04463	0.01660	0.01133	0.17237	0.01289	0.01349	0.04101	0.00517	0.00472	0.00144	0.00598	0.00421	0.00318	0.14556
8	0.00614	0.00439	0.00584	0.00690	0.00724	0.00409	0.00463	0.00710	0.00984	0.01320	0.07724	0.77045	0.03388	0.01526	0.00633	0.00199	0.00286	0.01383	0.00468	0.00409
9	0.01213	0.01015	0.01077	0.00954	0.01227	0.01143	0.00745	0.10582	0.57542	0.02123	0.07256	0.02195	0.09244	0.00747	0.00520	0.00166	0.00387	0.00621	0.00505	0.00739
10	0.01127	0.00815	0.04304	0.00958	0.07203	0.00732	0.00711	0.09539	0.03544	0.13357	0.44152	0.04115	0.04345	0.00840	0.00549	0.00155	0.00354	0.00728	0.00507	0.01965
11	0.00607	0.00434	0.00578	0.00694	0.00723	0.00405	0.00463	0.00694	0.00954	0.01272	0.02747	0.82157	0.03297	0.01562	0.00636	0.00202	0.00289	0.01417	0.00463	0.00405
12	0.01184	0.01123	0.01865	0.10455	0.63534	0.01121	0.01414	0.01475	0.01111	0.01593	0.00927	0.01221	0.00772	0.00441	0.00481	0.00142	0.00575	0.00428	0.00249	0.09890
13	0.86003	0.00964	0.00733	0.00655	0.00964	0.01118	0.00540	0.01465	0.00848	0.02236	0.00694	0.00810	0.00540	0.00463	0.00308	0.00154	0.00386	0.00270	0.00308	0.00540
14	0.00702	0.00503	0.00613	0.00588	0.00714	0.00459	0.00440	0.00913	0.01312	0.01842	0.55368	0.05254	0.19132	0.01035	0.00566	0.00156	0.00239	0.00898	0.08808	0.00459
15	0.86003	0.00964	0.00733	0.00655	0.00964	0.01118	0.00540	0.01465	0.00848	0.02236	0.00694	0.00810	0.00540	0.00463	0.00308	0.00154	0.00386	0.00270	0.00308	0.00540
16	0.01068	0.00885	0.01037	0.00743	0.01184	0.00666	0.00595	0.01289	0.01045	0.03865	0.00917	0.01053	0.00752	0.00376	0.00373	0.00076	0.00371	0.00301	0.00305	0.83100
17	0.02236	0.00848	0.01157	0.00887	0.01272	0.00733	0.00733	0.02429	0.01427	0.79719	0.01966	0.01697	0.01234	0.00617	0.00501	0.00154	0.00424	0.00501	0.00617	0.00848
18	0.01240	0.01071	0.01127	0.01014	0.01296	0.01240	0.00789	0.02649	0.78473	0.02085	0.02029	0.01860	0.01522	0.00676	0.00507	0.00169	0.00394	0.00564	0.00507	0.00789
19	0.02236	0.00848	0.01157	0.00887	0.01272	0.00733	0.00733	0.02429	0.01427	0.79719	0.01966	0.01697	0.01234	0.00617	0.00501	0.00154	0.00424	0.00501	0.00617	0.00848
20	0.01932	0.01337	0.01459	0.01119	0.01516	0.01458	0.00924	0.69606	0.02245	0.11386	0.01280	0.01251	0.00889	0.00600	0.00499	0.00150	0.00535	0.00454	0.00511	0.00848
21	0.02082	0.00819	0.01119	0.00890	0.01247	0.00715	0.00740	0.02279	0.01397	0.71297	0.02039	0.02119	0.01410	0.00699	0.00521	0.00162	0.00428	0.08631	0.00600	0.00806
22	0.00691	0.00507	0.00647	0.00616	0.00737	0.00464	0.00460	0.00911	0.01372	0.01914	0.69581	0.05565	0.12562	0.01057	0.00589	0.00159	0.00238	0.00929	0.00538	0.00464
23	0.00626	0.00447	0.00600	0.00716	0.00753	0.00421	0.00496	0.00727	0.00973	0.01294	0.02737	0.74678	0.03255	0.01544	0.00641	0.00205	0.00306	0.08708	0.00462	0.00410
24	0.02009	0.00877	0.04431	0.00889	0.01251	0.00715	0.00751	0.02206	0.01360	0.67962	0.02005	0.10332	0.01430	0.00713	0.00515	0.00160	0.00423	0.00594	0.00583	0.00796
25	0.01807	0.00753	0.01002	0.00827	0.01122	0.00670	0.00658	0.04028	0.01330	0.56459	0.02084	0.18219	0.01650	0.00808	0.00519	0.00162	0.00387	0.00686	0.06098	0.00732
26	0.01140	0.00636	0.00902	0.00822	0.00978	0.00675	0.00642	0.01302	0.00965	0.22401	0.01524	0.03482	0.01305	0.09509	0.47296	0.00563	0.04394	0.00554	0.00366	0.00545
27	0.01914	0.23130	0.04912	0.00919	0.01332	0.01146	0.00828	0.07694	0.01366	0.49506	0.01520	0.01390	0.01019	0.00558	0.00451	0.00141	0.00476	0.00428	0.00482	0.00787

[dist]
# distance from previous block
# <min> <max>
2	3

[block]
# block no. 5 follows, 50 sequences, length 15
# corresponding to MSA columns:
# 1035-1049
name=unknown_F
#
# <colnr> <probs for GDERKNQSTAVLIFYWHMCP>
#	G	D	E	R	K	N	Q	S	T	A	V	L	I	F	Y	W	H	M	C	P
0	0.01644	0.00725	0.00934	0.00765	0.01045	0.00651	0.00609	0.01876	0.04237	0.47839	0.12639	0.02340	0.08253	0.05326	0.00620	0.00171	0.00368	0.00613	0.08654	0.00692
1	0.01034	0.00886	0.01034	0.00738	0.01181	0.00664	0.00591	0.01255	0.01034	0.01624	0.00886	0.01034	0.00738	0.00369	0.00369	0.00074	0.00369	0.00295	0.00295	0.85530
2	0.00869	0.00518	0.00602	0.00576	0.00613	0.00507	0.00343	0.00888	0.00792	0.08486	0.01608	0.03112	0.01757	0.74666	0.02343	0.00452	0.00478	0.00704	0.00332	0.00354
3	0.00890	0.00637	0.00846	0.00916	0.01048	0.00650	0.00787	0.07411	0.01223	0.01600	0.02459	0.05121	0.02641	0.05872	0.00777	0.00237	0.00468	0.65482	0.00453	0.00483
4	0.01764	0.01270	0.01356	0.01054	0.01415	0.01399	0.00866	0.67324	0.02167	0.02967	0.01255	0.01286	0.00906	0.00596	0.00478	0.00145	0.00506	0.00451	0.11999	0.00796
5	0.01333	0.82783	0.02612	0.00853	0.01279	0.01972	0.00853	0.01493	0.01013	0.01173	0.00693	0.00800	0.00640	0.00426	0.00320	0.00107	0.00533	0.00267	0.00213	0.00640
6	0.01060	0.13358	0.62994	0.01400	0.02076	0.01277	0.08023	0.01568	0.01057	0.01525	0.00877	0.01042	0.00643	0.00463	0.00462	0.00152	0.00718	0.00373	0.00214	0.00718
7	0.02015	0.00792	0.01078	0.00861	0.01198	0.00688	0.00696	0.02194	0.01363	0.69074	0.02072	0.12614	0.01514	0.00745	0.00520	0.00161	0.00406	0.00626	0.00596	0.00788
8	0.00735	0.00537	0.00718	0.00818	0.00923	0.00520	0.00678	0.00923	0.01108	0.01429	0.02988	0.20663	0.13307	0.01398	0.00665	0.00216	0.00397	0.51077	0.00460	0.00443
9	0.02949	0.01021	0.17549	0.00895	0.01187	0.00687	0.00860	0.01346	0.01236	0.15902	0.26801	0.11432	0.02684	0.00931	0.00562	0.00173	0.00419	0.12316	0.00461	0.00588
10	0.01798	0.00765	0.01025	0.00822	0.01133	0.00678	0.00664	0.02039	0.03767	0.56658	0.22513	0.02241	0.02167	0.00726	0.00525	0.00155	0.00373	0.00610	0.00595	0.00746
11	0.03985	0.00799	0.01049	0.00838	0.01164	0.00722	0.00680	0.02129	0.06120	0.57924	0.16925	0.02078	0.01908	0.00695	0.00514	0.00156	0.00385	0.00577	0.00589	0.00763
12	0.00682	0.00501	0.00618	0.00690	0.00758	0.01994	0.00482	0.00798	0.01053	0.02972	0.12272	0.59085	0.10869	0.01420	0.00621	0.00192	0.00299	0.03792	0.00472	0.00429
13	0.66925	0.07809	0.00987	0.00817	0.04651	0.01204	0.00636	0.01583	0.08287	0.02105	0.00833	0.00929	0.00653	0.00479	0.00337	0.00151	0.00408	0.00306	0.00317	0.00583
14	0.05731	0.04075	0.01423	0.01221	0.03175	0.47483	0.00934	0.15327	0.01503	0.09108	0.00952	0.01038	0.00734	0.00550	0.00513	0.00140	0.04740	0.00365	0.00333	0.00654

[dist]
# distance from previous block
# <min> <max>
0	5

[block]
# block no. 6 follows, 50 sequences, length 19
# corresponding to MSA columns:
# 1055-1073
name=unknown_G
#
# <colnr> <probs for GDERKNQSTAVLIFYWHMCP>
#	G	D	E	R	K	N	Q	S	T	A	V	L	I	F	Y	W	H	M	C	P
0	0.01138	0.01218	0.08591	0.02351	0.53617	0.02953	0.01322	0.01441	0.01165	0.01666	0.11934	0.01545	0.01319	0.00524	0.00494	0.00144	0.00545	0.00487	0.00290	0.07255
1	0.01188	0.46313	0.13349	0.19505	0.07906	0.01597	0.01168	0.01458	0.01024	0.01289	0.00785	0.00990	0.00656	0.00451	0.00396	0.00131	0.00597	0.00335	0.00217	0.00645
2	0.00712	0.00534	0.00801	0.00801	0.00890	0.00623	0.00623	0.00890	0.00801	0.01157	0.01335	0.01958	0.01246	0.03738	0.80507	0.00801	0.01335	0.00534	0.00267	0.00445
3	0.01571	0.01271	0.01311	0.01086	0.01423	0.04180	0.00870	0.38088	0.39787	0.02554	0.01591	0.01513	0.01172	0.00634	0.00501	0.00158	0.00485	0.00501	0.00494	0.00809
4	0.00719	0.00794	0.11808	0.00797	0.00980	0.00546	0.00672	0.00901	0.01008	0.01406	0.07409	0.55969	0.02717	0.01232	0.00579	0.00178	0.00358	0.01103	0.00413	0.10411
5	0.01377	0.01165	0.01804	0.02440	0.56279	0.01159	0.01311	0.12294	0.01316	0.07097	0.01039	0.01242	0.00823	0.00471	0.00484	0.00142	0.00555	0.00436	0.00311	0.08255
6	0.01251	0.01364	0.08306	0.11879	0.13054	0.01272	0.38491	0.13355	0.01312	0.01792	0.00997	0.01277	0.00752	0.00473	0.00560	0.00162	0.02206	0.00509	0.00282	0.00704
7	0.00713	0.00525	0.00756	0.00753	0.00832	0.00593	0.00568	0.00870	0.00831	0.01187	0.06603	0.02261	0.01559	0.14644	0.64148	0.00713	0.01141	0.00586	0.00291	0.00427
8	0.00760	0.00530	0.00743	0.00888	0.07657	0.00499	0.00562	0.00869	0.01038	0.04516	0.13274	0.50927	0.06578	0.01348	0.00710	0.06751	0.00323	0.01129	0.00443	0.00452
9	0.01106	0.01278	0.20875	0.02382	0.06177	0.00901	0.13649	0.05855	0.01210	0.10060	0.11077	0.17842	0.01804	0.02748	0.00595	0.00175	0.00542	0.00714	0.00375	0.00635
10	0.00674	0.00462	0.00559	0.00609	0.00621	0.00449	0.00372	0.00712	0.00824	0.01099	0.02080	0.37413	0.02455	0.47454	0.01714	0.00362	0.00399	0.01024	0.00372	0.00347
11	0.01340	0.00715	0.00938	0.06980	0.01204	0.00701	0.00695	0.04301	0.05689	0.27158	0.18112	0.02718	0.02181	0.00808	0.00527	0.00163	0.00384	0.12302	0.12456	0.00628
12	0.01416	0.41159	0.20725	0.01041	0.01523	0.04056	0.02558	0.01752	0.05213	0.14693	0.01037	0.01083	0.00788	0.00486	0.00407	0.00132	0.00574	0.00355	0.00299	0.00705
13	0.01413	0.00977	0.01550	0.02048	0.44652	0.00938	0.01129	0.01667	0.01253	0.22929	0.12351	0.01818	0.03840	0.00597	0.00512	0.00152	0.00486	0.00543	0.00397	0.00749
14	0.00836	0.00495	0.00657	0.00714	0.00798	0.00452	0.00497	0.00939	0.01028	0.12323	0.02729	0.67752	0.06021	0.01417	0.00615	0.00194	0.00307	0.01274	0.00484	0.00468
15	0.01079	0.02774	0.02299	0.20461	0.02539	0.01160	0.47580	0.01492	0.04237	0.01556	0.07059	0.03187	0.01119	0.00518	0.00559	0.00166	0.00717	0.00588	0.00281	0.00627
16	0.01463	0.05450	0.09481	0.21152	0.07549	0.02059	0.01081	0.06143	0.07522	0.25762	0.01525	0.01645	0.03995	0.00595	0.00495	0.00158	0.00539	0.02273	0.00398	0.00714
17	0.01208	0.01158	0.01977	0.09939	0.72694	0.01178	0.01517	0.01507	0.01123	0.01597	0.00933	0.01242	0.00779	0.00449	0.00494	0.00150	0.00599	0.00444	0.00245	0.00769
18	0.13944	0.01007	0.01185	0.00922	0.01300	0.00998	0.00761	0.21879	0.01584	0.48884	0.01587	0.01442	0.01036	0.00590	0.00473	0.00153	0.00451	0.00455	0.00543	0.00805

[dist]
# distance from previous block
# <min> <max>
2	20

[block]
# block no. 7 follows, 50 sequences, length 22
# corresponding to MSA columns:
# 1099-1120
name=unknown_H
#
# <colnr> <probs for GDERKNQSTAVLIFYWHMCP>
#	G	D	E	R	K	N	Q	S	T	A	V	L	I	F	Y	W	H	M	C	P
0	0.01140	0.26195	0.32010	0.07324	0.01772	0.05491	0.02828	0.01488	0.01093	0.02819	0.07065	0.01262	0.01931	0.00512	0.00436	0.00137	0.00610	0.00394	0.00257	0.05236
1	0.05583	0.01080	0.05455	0.01015	0.01319	0.02776	0.07838	0.19890	0.13435	0.03679	0.06358	0.05065	0.04736	0.00837	0.02643	0.07404	0.00500	0.00553	0.04605	0.05230
2	0.02952	0.05358	0.00702	0.00609	0.00647	0.00570	0.00393	0.00772	0.00756	0.01028	0.01476	0.11783	0.01668	0.47471	0.03205	0.18827	0.00464	0.00700	0.00296	0.00324
3	0.08425	0.01064	0.01114	0.01031	0.03057	0.01228	0.00785	0.02523	0.70121	0.02087	0.01891	0.01756	0.01422	0.00653	0.00490	0.00167	0.00398	0.00536	0.00484	0.00768
4	0.01320	0.00906	0.01079	0.00799	0.01212	0.00746	0.00644	0.07409	0.02387	0.16696	0.02933	0.02434	0.00981	0.00471	0.00415	0.00100	0.00390	0.00381	0.00384	0.58312
5	0.01665	0.01243	0.01386	0.07289	0.01587	0.01377	0.00918	0.60998	0.03760	0.02817	0.08991	0.01514	0.01252	0.02221	0.00547	0.00158	0.00522	0.00501	0.00479	0.00775
6	0.01228	0.60015	0.20179	0.00986	0.01467	0.01711	0.01076	0.01487	0.01029	0.01283	0.00844	0.01118	0.00758	0.00489	0.00375	0.00125	0.00576	0.04378	0.00226	0.00652
7	0.00838	0.00533	0.00693	0.00654	0.00790	0.00485	0.00489	0.01042	0.01334	0.09632	0.56337	0.13902	0.09220	0.01067	0.00586	0.00163	0.00262	0.00939	0.00538	0.00496
8	0.01000	0.02578	0.79900	0.01421	0.02157	0.01158	0.01842	0.01579	0.01052	0.01579	0.00895	0.01052	0.00631	0.00474	0.00474	0.00158	0.00737	0.00368	0.00210	0.00737
9	0.00935	0.00861	0.01422	0.71970	0.03161	0.01061	0.01317	0.01283	0.02820	0.01313	0.01075	0.01739	0.00889	0.00584	0.00516	0.00172	0.00639	0.07443	0.00250	0.00550
10	0.02106	0.00810	0.01088	0.00845	0.01203	0.00706	0.00694	0.02302	0.01389	0.71931	0.01932	0.01713	0.01238	0.00613	0.00486	0.00150	0.00405	0.00498	0.09082	0.00810
11	0.00605	0.00442	0.00570	0.00673	0.00717	0.00407	0.00453	0.00696	0.00974	0.01281	0.03003	0.73567	0.11722	0.01528	0.00631	0.00199	0.00285	0.01376	0.00463	0.00407
12	0.00833	0.00448	0.00645	0.00645	0.00652	0.00455	0.00428	0.00679	0.00673	0.00904	0.01009	0.01813	0.01038	0.14087	0.08123	0.66092	0.00510	0.00485	0.00233	0.00247
13	0.01784	0.01224	0.01349	0.01061	0.01416	0.01325	0.00865	0.60625	0.02083	0.10989	0.01441	0.09359	0.01141	0.00696	0.00510	0.00155	0.00503	0.00551	0.02123	0.00796
14	0.02537	0.04275	0.05458	0.02116	0.01317	0.01097	0.00818	0.30708	0.05475	0.20057	0.02677	0.01532	0.01104	0.02596	0.04279	0.00184	0.00509	0.00473	0.12056	0.00734
15	0.01789	0.12311	0.03519	0.00911	0.01269	0.01014	0.00782	0.03452	0.13538	0.45979	0.04803	0.01641	0.01299	0.00617	0.00505	0.00151	0.02502	0.00487	0.02658	0.00774
16	0.00866	0.00551	0.00693	0.00675	0.02321	0.00496	0.00493	0.01057	0.01279	0.10702	0.39809	0.11441	0.21303	0.01050	0.00569	0.00161	0.00273	0.00911	0.04847	0.00502
17	0.30423	0.01019	0.03937	0.08636	0.12216	0.01049	0.00870	0.10807	0.03127	0.10828	0.01212	0.09660	0.01028	0.00647	0.00479	0.02092	0.00468	0.00494	0.00366	0.00640
18	0.04999	0.05247	0.02449	0.01028	0.03541	0.02436	0.01788	0.26207	0.06966	0.26785	0.04791	0.05402	0.03690	0.00709	0.01531	0.00162	0.00481	0.00539	0.00492	0.00756
19	0.01369	0.01208	0.01685	0.07006	0.47307	0.09027	0.01257	0.06654	0.01267	0.09236	0.02286	0.01569	0.05140	0.00553	0.00501	0.00151	0.00582	0.02149	0.00319	0.00733
20	0.09766	0.00925	0.01142	0.01063	0.07143	0.00937	0.03724	0.21811	0.01404	0.09725	0.02725	0.21849	0.04931	0.00892	0.02192	0.00172	0.00453	0.00706	0.00430	0.08009
21	0.12541	0.01864	0.03039	0.03827	0.14292	0.02259	0.09913	0.11004	0.02357	0.03202	0.02274	0.14212	0.01218	0.00650	0.00481	0.00148	0.00498	0.00574	0.01313	0.14334

[dist]
# distance from previous block
# <min> <max>
6	80

# created by:
# /st0/software/busco_prod/Augustus/scripts/msa2prfl.pl ./align_prep/195354.fa
