[name]
unknown

[dist]
# distance from previous block
# <min> <max>
0	65

[block]
# block no. 0 follows, 47 sequences, length 42
# corresponding to MSA columns:
# 66-107
name=unknown_A
#
# <colnr> <probs for GDERKNQSTAVLIFYWHMCP>
#	G	D	E	R	K	N	Q	S	T	A	V	L	I	F	Y	W	H	M	C	P
0	0.00875	0.04855	0.00892	0.02221	0.04301	0.00633	0.00620	0.03142	0.01094	0.05752	0.03525	0.55982	0.02798	0.02657	0.00648	0.00198	0.00366	0.04653	0.00456	0.04331
1	0.01198	0.05140	0.12245	0.16244	0.05576	0.01249	0.27707	0.05716	0.01214	0.04099	0.03598	0.03392	0.02233	0.00574	0.00627	0.00171	0.06062	0.00547	0.00293	0.02115
2	0.01837	0.07485	0.04015	0.01127	0.01530	0.03157	0.03688	0.39115	0.08020	0.18522	0.01522	0.01485	0.03085	0.00652	0.00542	0.01862	0.00547	0.00492	0.00493	0.00822
3	0.01039	0.06024	0.24160	0.01560	0.04379	0.01117	0.27191	0.01411	0.01106	0.01539	0.01407	0.19493	0.01358	0.00815	0.02241	0.00192	0.03305	0.00716	0.00298	0.00651
4	0.00696	0.00621	0.05006	0.00720	0.00848	0.00498	0.00563	0.00881	0.01205	0.01633	0.29711	0.36157	0.14890	0.01316	0.00632	0.00188	0.00307	0.03157	0.00500	0.00470
5	0.01426	0.08927	0.12421	0.05396	0.09904	0.04004	0.04983	0.09480	0.02930	0.16109	0.08448	0.08209	0.01471	0.00693	0.00562	0.00163	0.03174	0.00581	0.00400	0.00721
6	0.01586	0.01155	0.05487	0.01013	0.01337	0.01141	0.00842	0.33104	0.10215	0.14312	0.05800	0.03677	0.01451	0.11871	0.04411	0.00240	0.00550	0.00578	0.00488	0.00744
7	0.00677	0.00485	0.00635	0.00740	0.00783	0.00461	0.00499	0.03131	0.01043	0.01391	0.02819	0.78822	0.03363	0.01600	0.00660	0.00210	0.00311	0.01448	0.00485	0.00438
8	0.01134	0.01324	0.13726	0.37711	0.04257	0.01213	0.16273	0.01637	0.08793	0.04368	0.01106	0.01406	0.00822	0.00536	0.00578	0.00174	0.03491	0.00495	0.00281	0.00673
9	0.06095	0.04362	0.05631	0.02499	0.06985	0.16327	0.00971	0.07958	0.10213	0.10107	0.04211	0.06028	0.01329	0.00730	0.00621	0.00168	0.07888	0.04994	0.02202	0.00681
10	0.01037	0.00989	0.01687	0.65932	0.10851	0.01178	0.05573	0.01422	0.03560	0.01413	0.00977	0.01398	0.00742	0.00517	0.00526	0.00172	0.00688	0.00475	0.00245	0.00618
11	0.00768	0.00636	0.00692	0.00670	0.00810	0.04829	0.00503	0.00968	0.01364	0.01805	0.48257	0.08185	0.24350	0.01144	0.00612	0.00170	0.00298	0.02933	0.00525	0.00480
12	0.01225	0.03785	0.13558	0.02489	0.44686	0.03774	0.14181	0.01576	0.01174	0.01637	0.01094	0.06402	0.00953	0.00541	0.00532	0.00161	0.00673	0.00533	0.00267	0.00759
13	0.01001	0.02296	0.63110	0.01344	0.01983	0.02763	0.01658	0.01515	0.01118	0.01612	0.02579	0.06096	0.05278	0.00665	0.00525	0.00172	0.00695	0.04611	0.00270	0.00708
14	0.00634	0.00453	0.00604	0.00725	0.00755	0.00423	0.00483	0.00725	0.00997	0.01329	0.02870	0.81358	0.03444	0.01632	0.00665	0.00211	0.00302	0.01480	0.00483	0.00423
15	0.01067	0.06975	0.67709	0.05821	0.02293	0.01258	0.04569	0.01627	0.01099	0.01609	0.00927	0.01112	0.00667	0.00491	0.00492	0.00163	0.00758	0.00392	0.00222	0.00751
16	0.01431	0.00959	0.03777	0.18080	0.12031	0.00937	0.01014	0.05388	0.06369	0.24656	0.05022	0.11457	0.03885	0.00798	0.01688	0.00180	0.00517	0.00652	0.00445	0.00712
17	0.01091	0.04150	0.71053	0.01464	0.02193	0.01201	0.04274	0.01659	0.01113	0.04078	0.01006	0.02632	0.00736	0.00518	0.00500	0.00165	0.00750	0.00415	0.00240	0.00763
18	0.01927	0.02447	0.01494	0.01394	0.03778	0.77396	0.01023	0.02066	0.01468	0.01287	0.00810	0.00949	0.00675	0.00535	0.00471	0.00135	0.00930	0.00339	0.00268	0.00610
19	0.10249	0.04091	0.07239	0.01187	0.04866	0.00995	0.09824	0.04974	0.01355	0.41213	0.03226	0.01520	0.01104	0.00572	0.00499	0.00156	0.00524	0.00484	0.00479	0.05443
20	0.01126	0.01245	0.08130	0.24811	0.32618	0.06929	0.01359	0.01426	0.01140	0.01505	0.01374	0.09538	0.05284	0.00653	0.00532	0.00166	0.00626	0.00585	0.00283	0.00671
21	0.00642	0.00456	0.00602	0.00716	0.00744	0.00428	0.00473	0.00727	0.00982	0.01310	0.02795	0.76608	0.03350	0.06511	0.00786	0.00229	0.00314	0.01436	0.00473	0.00416
22	0.07671	0.01021	0.01207	0.03357	0.05627	0.01071	0.00824	0.28468	0.04417	0.17472	0.01749	0.18989	0.01536	0.00830	0.00534	0.00170	0.00465	0.00693	0.03164	0.00734
23	0.01821	0.01343	0.04978	0.07111	0.11025	0.01356	0.03911	0.42938	0.01920	0.16352	0.01318	0.01358	0.00924	0.00589	0.00523	0.00159	0.00584	0.00479	0.00468	0.00845
24	0.01063	0.01069	0.05993	0.24035	0.03785	0.01021	0.20299	0.05493	0.02645	0.02914	0.02812	0.07283	0.11096	0.00765	0.00650	0.04983	0.00618	0.00655	0.00324	0.02498
25	0.04471	0.00538	0.00675	0.00720	0.00826	0.00502	0.00518	0.00963	0.01120	0.08087	0.11530	0.49916	0.12049	0.01388	0.00629	0.00197	0.00316	0.04576	0.00500	0.00481
26	0.01884	0.01442	0.10083	0.01243	0.04927	0.01348	0.01055	0.47755	0.01999	0.18438	0.01379	0.01404	0.00969	0.02930	0.00579	0.00168	0.00568	0.00479	0.00496	0.00854
27	0.07849	0.05623	0.05691	0.09127	0.08207	0.14133	0.01016	0.17870	0.03982	0.05463	0.06905	0.07477	0.01307	0.00678	0.00530	0.00160	0.02376	0.00535	0.00381	0.00688
28	0.01007	0.00573	0.00638	0.00680	0.04957	0.00577	0.00464	0.04469	0.01159	0.01943	0.05903	0.02065	0.01518	0.05086	0.00519	0.00148	0.00292	0.00524	0.66965	0.00512
29	0.01268	0.05597	0.05828	0.22734	0.02077	0.01211	0.08373	0.13678	0.06290	0.05185	0.03384	0.01581	0.03444	0.00616	0.00597	0.00164	0.06659	0.00506	0.08091	0.02718
30	0.01128	0.00755	0.00790	0.00801	0.05141	0.05053	0.00570	0.07825	0.01212	0.01945	0.01511	0.01758	0.01200	0.00753	0.03888	0.00163	0.04035	0.00476	0.60448	0.00549
31	0.11343	0.01238	0.03150	0.07161	0.07104	0.03585	0.10334	0.18604	0.07219	0.02057	0.02642	0.01351	0.00932	0.00675	0.01865	0.00183	0.15213	0.00477	0.04174	0.00693
32	0.01171	0.01374	0.15508	0.01863	0.26711	0.02878	0.08635	0.10095	0.01278	0.01755	0.01566	0.13903	0.05526	0.04603	0.00652	0.00185	0.00599	0.00668	0.00332	0.00697
33	0.01144	0.03891	0.03556	0.03186	0.16301	0.00986	0.05104	0.07358	0.09996	0.05528	0.14442	0.04636	0.11878	0.00846	0.00588	0.00173	0.01827	0.07466	0.00431	0.00663
34	0.02660	0.07480	0.34536	0.04152	0.15705	0.01192	0.01418	0.05781	0.05397	0.06018	0.01324	0.06669	0.03085	0.01694	0.00533	0.00167	0.00621	0.00513	0.00312	0.00741
35	0.02388	0.18503	0.23954	0.05766	0.09639	0.05681	0.03063	0.02791	0.05407	0.01628	0.09673	0.01715	0.04779	0.00619	0.00490	0.00154	0.00602	0.02158	0.00309	0.00682
36	0.03738	0.02807	0.07207	0.01569	0.20415	0.16435	0.01063	0.04243	0.04767	0.11696	0.04835	0.01687	0.04128	0.02242	0.00543	0.00156	0.00593	0.02518	0.00365	0.08995
37	0.07989	0.02525	0.03943	0.02243	0.04512	0.05984	0.02005	0.05417	0.04983	0.05784	0.13313	0.09394	0.05667	0.10431	0.00895	0.00208	0.08482	0.00670	0.00396	0.05159
38	0.08498	0.15028	0.04935	0.06874	0.04644	0.09843	0.05135	0.05782	0.05418	0.04198	0.04406	0.01625	0.06725	0.02977	0.02242	0.00176	0.05525	0.00484	0.00330	0.05155
39	0.12104	0.05985	0.10919	0.07332	0.01570	0.02979	0.00951	0.18492	0.07805	0.06422	0.03605	0.04955	0.01113	0.00612	0.00470	0.00151	0.00516	0.00478	0.04359	0.09182
40	0.13810	0.02390	0.01163	0.03511	0.02932	0.02973	0.00769	0.21005	0.01481	0.09274	0.12861	0.03440	0.03595	0.04448	0.02470	0.00188	0.04680	0.00548	0.00434	0.08029
41	0.03133	0.06032	0.04956	0.00857	0.01082	0.03087	0.00705	0.10920	0.04024	0.05438	0.13251	0.21767	0.10685	0.01074	0.02411	0.00187	0.03360	0.00838	0.04272	0.01921

[dist]
# distance from previous block
# <min> <max>
6	84

[block]
# block no. 1 follows, 47 sequences, length 8
# corresponding to MSA columns:
# 208-215
name=unknown_B
#
# <colnr> <probs for GDERKNQSTAVLIFYWHMCP>
#	G	D	E	R	K	N	Q	S	T	A	V	L	I	F	Y	W	H	M	C	P
0	0.07620	0.04653	0.04139	0.10832	0.24045	0.11363	0.04822	0.09998	0.06441	0.01823	0.01134	0.01338	0.02404	0.00553	0.00533	0.00158	0.03489	0.00453	0.03489	0.00712
1	0.04340	0.01188	0.07019	0.07853	0.17177	0.05885	0.01040	0.12614	0.05443	0.05433	0.06934	0.09360	0.04926	0.00744	0.00529	0.00164	0.00527	0.02778	0.03816	0.02231
2	0.04605	0.01146	0.06095	0.17124	0.28835	0.01116	0.04413	0.05312	0.04890	0.03694	0.03341	0.04329	0.03851	0.00631	0.00550	0.00166	0.02090	0.03611	0.00324	0.03878
3	0.03932	0.01493	0.21119	0.07403	0.16697	0.03517	0.03780	0.06833	0.05967	0.04756	0.04572	0.06525	0.01251	0.00658	0.00554	0.00167	0.02592	0.03648	0.00337	0.04199
4	0.05372	0.06106	0.07445	0.21017	0.30468	0.06086	0.01356	0.01641	0.03641	0.06390	0.01014	0.01273	0.00797	0.00526	0.00554	0.00161	0.04716	0.00438	0.00282	0.00717
5	0.05260	0.08237	0.08364	0.09302	0.18635	0.08032	0.01072	0.02940	0.06056	0.03460	0.05792	0.04680	0.05758	0.01971	0.03843	0.00190	0.00592	0.00542	0.04620	0.00656
6	0.07086	0.01083	0.02874	0.10281	0.11813	0.01080	0.00958	0.12837	0.12926	0.10954	0.01448	0.04810	0.02606	0.00605	0.00490	0.00150	0.00493	0.00503	0.00407	0.16595
7	0.46557	0.11408	0.04040	0.03256	0.04963	0.03658	0.00774	0.07116	0.01122	0.05551	0.03286	0.01105	0.00823	0.00522	0.00384	0.00152	0.00474	0.00354	0.03823	0.00632

[dist]
# distance from previous block
# <min> <max>
3	5

[block]
# block no. 2 follows, 47 sequences, length 26
# corresponding to MSA columns:
# 221-246
name=unknown_C
#
# <colnr> <probs for GDERKNQSTAVLIFYWHMCP>
#	G	D	E	R	K	N	Q	S	T	A	V	L	I	F	Y	W	H	M	C	P
0	0.00907	0.00672	0.00833	0.00856	0.01003	0.00677	0.00686	0.09615	0.04882	0.01774	0.11418	0.22502	0.11012	0.01302	0.00652	0.00205	0.00396	0.29585	0.00499	0.00526
1	0.01518	0.02771	0.03952	0.03384	0.06780	0.16843	0.02926	0.19930	0.03324	0.03518	0.01070	0.01442	0.00910	0.03285	0.00913	0.00187	0.22747	0.03475	0.00340	0.00683
2	0.01163	0.01285	0.05270	0.04497	0.01609	0.07835	0.09177	0.01343	0.00939	0.01327	0.00935	0.07805	0.00922	0.00855	0.01301	0.00208	0.52144	0.00545	0.00256	0.00584
3	0.00992	0.00779	0.01127	0.03936	0.01180	0.00896	0.07095	0.01180	0.01002	0.04343	0.04740	0.05757	0.07268	0.07106	0.10741	0.00283	0.21474	0.00629	0.18947	0.00523
4	0.01563	0.01130	0.01318	0.01017	0.01391	0.02796	0.04787	0.31573	0.03399	0.09748	0.01317	0.02641	0.01011	0.02810	0.00562	0.01548	0.00494	0.00466	0.08345	0.22083
5	0.03338	0.01188	0.01906	0.15847	0.52411	0.01252	0.02807	0.06471	0.06412	0.01788	0.01060	0.01339	0.00852	0.00500	0.00515	0.00160	0.00614	0.00471	0.00290	0.00779
6	0.00983	0.00926	0.01562	0.80447	0.03587	0.01157	0.01446	0.01331	0.01041	0.01331	0.00926	0.01388	0.00694	0.00521	0.00521	0.00174	0.00694	0.00463	0.00231	0.00579
7	0.00789	0.00616	0.00878	0.00863	0.00929	0.00731	0.00660	0.00939	0.00851	0.01230	0.01513	0.11979	0.01539	0.09612	0.51288	0.00635	0.11651	0.00675	0.02162	0.00462
8	0.00713	0.00531	0.00662	0.00629	0.00763	0.00481	0.00472	0.00935	0.01416	0.01951	0.63471	0.04116	0.19704	0.01116	0.00614	0.00166	0.00249	0.00974	0.00555	0.00481
9	0.02336	0.00886	0.01209	0.00927	0.01329	0.00765	0.00765	0.02538	0.01491	0.78810	0.02055	0.01773	0.01289	0.00645	0.00524	0.00161	0.00443	0.00524	0.00645	0.00886
10	0.00642	0.00459	0.00613	0.00734	0.00767	0.00430	0.00497	0.00738	0.01005	0.01338	0.02866	0.78561	0.03428	0.01624	0.00667	0.00213	0.00309	0.04203	0.00483	0.00425
11	0.01261	0.01209	0.02064	0.10131	0.71729	0.01230	0.01585	0.01574	0.01173	0.01668	0.00975	0.01298	0.00813	0.00469	0.00516	0.00156	0.00625	0.00464	0.00255	0.00803
12	0.00667	0.00525	0.00602	0.00592	0.00737	0.00460	0.00441	0.00845	0.01297	0.01688	0.35645	0.08728	0.43459	0.01230	0.00618	0.00173	0.00258	0.01054	0.00521	0.00460
13	0.00829	0.00596	0.00825	0.00939	0.01061	0.00592	0.00818	0.01063	0.01198	0.01551	0.02875	0.05834	0.06506	0.01433	0.00714	0.00237	0.00469	0.71501	0.00480	0.00478
14	0.00744	0.00558	0.00837	0.00837	0.00930	0.00651	0.00651	0.00930	0.00837	0.01209	0.01395	0.02046	0.01302	0.03906	0.79635	0.00837	0.01395	0.00558	0.00279	0.00465
15	0.00761	0.00502	0.00595	0.00612	0.00622	0.00500	0.00370	0.00768	0.00799	0.01063	0.01764	0.10217	0.02026	0.64574	0.02322	0.06183	0.00482	0.05176	0.00334	0.00329
16	0.82117	0.01025	0.00797	0.00705	0.01031	0.01186	0.00581	0.04469	0.00947	0.02373	0.00746	0.00862	0.00577	0.00489	0.00330	0.00161	0.00409	0.00289	0.00330	0.00577
17	0.01326	0.01268	0.02376	0.04397	0.13541	0.01229	0.42588	0.06813	0.06215	0.06348	0.01224	0.03645	0.00953	0.00518	0.00569	0.00166	0.00716	0.00579	0.00327	0.05202
18	0.06420	0.00931	0.01511	0.75308	0.03421	0.01158	0.01389	0.01343	0.01031	0.01395	0.00913	0.01353	0.00686	0.00518	0.00508	0.00173	0.00675	0.00451	0.00237	0.00578
19	0.00755	0.00515	0.00619	0.00619	0.00637	0.00533	0.00380	0.00790	0.00773	0.01048	0.01594	0.03147	0.01780	0.66822	0.17372	0.00568	0.00675	0.00719	0.00309	0.00344
20	0.00832	0.00703	0.01171	0.01041	0.01184	0.00791	0.10709	0.01042	0.00884	0.01267	0.01314	0.01942	0.01213	0.05221	0.62659	0.00705	0.05985	0.00564	0.00275	0.00499
21	0.85377	0.01007	0.00765	0.00685	0.01007	0.01168	0.00564	0.01531	0.00886	0.02336	0.00725	0.00846	0.00564	0.00483	0.00322	0.00161	0.00403	0.00282	0.00322	0.00564
22	0.00757	0.00505	0.00568	0.00568	0.00568	0.00505	0.00316	0.00757	0.00757	0.01010	0.01641	0.03408	0.01893	0.81698	0.02651	0.00505	0.00505	0.00757	0.00316	0.00316
23	0.04922	0.00995	0.01259	0.00969	0.01371	0.00934	0.00800	0.16071	0.01646	0.62557	0.01865	0.01647	0.01192	0.00636	0.00517	0.00160	0.00466	0.00506	0.00612	0.00876
24	0.01937	0.01329	0.01455	0.01125	0.01512	0.01443	0.00919	0.63156	0.02225	0.11688	0.01368	0.01456	0.01000	0.06125	0.00666	0.00180	0.00554	0.00495	0.00521	0.00847
25	0.01105	0.04512	0.56037	0.01663	0.02357	0.01262	0.22415	0.01652	0.01134	0.01643	0.00962	0.01176	0.00696	0.00478	0.00523	0.00166	0.00794	0.00445	0.00232	0.00748

[dist]
# distance from previous block
# <min> <max>
2	5

[block]
# block no. 3 follows, 47 sequences, length 21
# corresponding to MSA columns:
# 253-258,273-287
name=unknown_D
#
# <colnr> <probs for GDERKNQSTAVLIFYWHMCP>
#	G	D	E	R	K	N	Q	S	T	A	V	L	I	F	Y	W	H	M	C	P
0	0.01216	0.32239	0.28607	0.05775	0.01937	0.03132	0.10101	0.01579	0.01102	0.01469	0.00865	0.01047	0.00690	0.00463	0.00440	0.00138	0.00668	0.00368	0.00235	0.07928
1	0.01122	0.01019	0.01080	0.00828	0.01235	0.07451	0.00660	0.01346	0.01140	0.01669	0.04642	0.01527	0.01108	0.00502	0.00426	0.00097	0.00433	0.05444	0.00329	0.67943
2	0.01353	0.01147	0.01210	0.01071	0.01376	0.01322	0.00838	0.08986	0.71197	0.02271	0.02046	0.01885	0.01530	0.00700	0.00529	0.00175	0.00426	0.00579	0.00529	0.00829
3	0.00704	0.00531	0.00650	0.00620	0.00758	0.00477	0.00465	0.00918	0.01395	0.01901	0.58176	0.04198	0.25030	0.01134	0.00615	0.00167	0.00251	0.00985	0.00549	0.00477
4	0.01045	0.02694	0.79000	0.01484	0.02254	0.01209	0.01924	0.01649	0.01099	0.01649	0.00935	0.01099	0.00660	0.00495	0.00495	0.00165	0.00770	0.00385	0.00220	0.00770
5	0.08905	0.01366	0.01436	0.01126	0.01513	0.01520	0.00922	0.62010	0.08714	0.03047	0.01291	0.01333	0.00946	0.02788	0.00562	0.00168	0.00543	0.00471	0.00500	0.00838
6	0.01061	0.02594	0.73743	0.01601	0.07464	0.01211	0.01902	0.01646	0.01105	0.01653	0.00938	0.01112	0.00671	0.00493	0.00496	0.00164	0.00759	0.00390	0.00222	0.00773
7	0.00636	0.00501	0.00566	0.00606	0.00719	0.00440	0.00428	0.00753	0.01117	0.01399	0.08338	0.31558	0.44442	0.05161	0.00727	0.00203	0.00287	0.01208	0.00481	0.00431
8	0.00757	0.00505	0.00568	0.00568	0.00568	0.00505	0.00316	0.00757	0.00757	0.01010	0.01641	0.03408	0.01893	0.81698	0.02651	0.00505	0.00505	0.00757	0.00316	0.00316
9	0.01507	0.01162	0.01877	0.04261	0.53379	0.01154	0.03184	0.03513	0.05619	0.17240	0.01267	0.01427	0.00959	0.00518	0.00521	0.00158	0.00579	0.00487	0.00356	0.00830
10	0.02281	0.00874	0.01191	0.00917	0.01310	0.00756	0.00756	0.02484	0.01490	0.76150	0.04694	0.01846	0.01415	0.00659	0.00527	0.00161	0.00436	0.00538	0.00642	0.00873
11	0.00645	0.00460	0.00599	0.00705	0.00737	0.00431	0.00466	0.00729	0.00980	0.01302	0.02823	0.72191	0.05313	0.08932	0.00845	0.00237	0.00320	0.01404	0.00468	0.00414
12	0.01046	0.02377	0.64501	0.05183	0.04338	0.01220	0.01787	0.01574	0.01071	0.01593	0.00965	0.03260	0.00742	0.00561	0.00605	0.00172	0.07613	0.00426	0.00229	0.00736
13	0.01100	0.01135	0.05712	0.47307	0.27768	0.01193	0.03613	0.01476	0.02858	0.01496	0.00975	0.01355	0.00758	0.00503	0.00521	0.00167	0.00672	0.00466	0.00247	0.00677
14	0.01451	0.01043	0.01156	0.01013	0.01317	0.01154	0.00795	0.02624	0.59471	0.15992	0.06438	0.02023	0.01725	0.00716	0.00534	0.00173	0.00408	0.00597	0.00553	0.00817
15	0.03414	0.01002	0.01671	0.53815	0.24762	0.01159	0.01435	0.01393	0.01067	0.01451	0.00935	0.01351	0.00734	0.00542	0.00559	0.02715	0.00657	0.00458	0.00241	0.00638
16	0.00652	0.00466	0.00624	0.00745	0.00783	0.00438	0.00514	0.00755	0.01014	0.01349	0.02861	0.74880	0.03406	0.01615	0.00669	0.00214	0.00317	0.07786	0.00483	0.00428
17	0.00704	0.00495	0.00632	0.00701	0.00782	0.00453	0.00495	0.00831	0.01110	0.03773	0.12043	0.53263	0.16242	0.01473	0.00649	0.00200	0.00302	0.04904	0.00499	0.00450
18	0.00841	0.00644	0.00760	0.00694	0.00864	0.00613	0.00519	0.04305	0.07898	0.01904	0.43314	0.05007	0.16005	0.07713	0.00758	0.00190	0.00309	0.00869	0.00511	0.06283
19	0.70408	0.01013	0.00841	0.00724	0.01060	0.01134	0.00595	0.05824	0.01013	0.04875	0.00832	0.00938	0.00636	0.00493	0.00345	0.00154	0.00409	0.00307	0.02042	0.06357
20	0.09073	0.45911	0.02132	0.01127	0.07355	0.04306	0.00926	0.11782	0.09843	0.01747	0.00974	0.01055	0.00804	0.00507	0.00399	0.00133	0.00546	0.00355	0.00310	0.00716

[dist]
# distance from previous block
# <min> <max>
0	1

[block]
# block no. 4 follows, 47 sequences, length 7
# corresponding to MSA columns:
# 292-298
name=unknown_E
#
# <colnr> <probs for GDERKNQSTAVLIFYWHMCP>
#	G	D	E	R	K	N	Q	S	T	A	V	L	I	F	Y	W	H	M	C	P
0	0.01271	0.01061	0.01749	0.19102	0.46473	0.01092	0.01361	0.01567	0.01206	0.09674	0.06276	0.01672	0.04073	0.00567	0.00528	0.00161	0.00579	0.00525	0.00322	0.00742
1	0.01437	0.01444	0.11175	0.05128	0.40321	0.06511	0.01377	0.06669	0.05354	0.09817	0.01148	0.01318	0.00880	0.00513	0.00506	0.00153	0.00618	0.00451	0.00327	0.04851
2	0.01229	0.19712	0.43847	0.01378	0.03906	0.05180	0.05488	0.05673	0.03639	0.01657	0.03060	0.01167	0.00832	0.00512	0.00471	0.00152	0.00697	0.00400	0.00262	0.00738
3	0.01699	0.01056	0.01218	0.00993	0.01306	0.01097	0.00793	0.39089	0.01825	0.19529	0.01901	0.15346	0.05493	0.00902	0.00632	0.04688	0.00475	0.00687	0.00524	0.00748
4	0.01268	0.01344	0.01966	0.08627	0.12361	0.14636	0.27273	0.01560	0.01189	0.01557	0.01204	0.03489	0.03130	0.00582	0.00632	0.00164	0.07462	0.00540	0.10376	0.00639
5	0.00744	0.00558	0.00837	0.00837	0.00930	0.00651	0.00651	0.00930	0.00837	0.01209	0.01395	0.02046	0.01302	0.03906	0.79635	0.00837	0.01395	0.00558	0.00279	0.00465
6	0.01862	0.01400	0.01497	0.01174	0.01570	0.01560	0.00961	0.63979	0.15375	0.03092	0.01400	0.01370	0.01007	0.00639	0.00522	0.00160	0.00545	0.00490	0.00522	0.00875

[dist]
# distance from previous block
# <min> <max>
0	2

[block]
# block no. 5 follows, 47 sequences, length 15
# corresponding to MSA columns:
# 301-315
name=unknown_F
#
# <colnr> <probs for GDERKNQSTAVLIFYWHMCP>
#	G	D	E	R	K	N	Q	S	T	A	V	L	I	F	Y	W	H	M	C	P
0	0.01338	0.01115	0.01562	0.52226	0.02885	0.01320	0.01284	0.28175	0.01542	0.02025	0.01041	0.01339	0.00762	0.00558	0.00521	0.00167	0.00651	0.00465	0.00335	0.00688
1	0.00971	0.00485	0.00485	0.00485	0.00607	0.00485	0.00364	0.01213	0.01092	0.01942	0.01699	0.01942	0.01335	0.00607	0.00364	0.00121	0.00243	0.00485	0.84589	0.00485
2	0.55432	0.01089	0.01246	0.01579	0.28585	0.01193	0.00932	0.01555	0.00993	0.02110	0.00816	0.01004	0.00657	0.00477	0.00391	0.00159	0.00480	0.00347	0.00299	0.00657
3	0.01018	0.00926	0.01390	0.52074	0.02749	0.00992	0.01151	0.01324	0.01055	0.01461	0.00926	0.01279	0.00722	0.00473	0.00473	0.00139	0.00584	0.00408	0.00259	0.30600
4	0.01539	0.01240	0.01315	0.01109	0.01447	0.01409	0.00883	0.29100	0.50779	0.02571	0.01810	0.01696	0.01339	0.00678	0.00527	0.00169	0.00469	0.00546	0.00527	0.00846
5	0.01159	0.52996	0.02005	0.00807	0.01138	0.01502	0.00749	0.01354	0.01206	0.01533	0.28305	0.01923	0.02180	0.00666	0.00434	0.00130	0.00446	0.00515	0.00348	0.00605
6	0.01225	0.01192	0.01910	0.05192	0.48435	0.01362	0.01430	0.01466	0.01043	0.01529	0.00872	0.01239	0.00770	0.00625	0.00941	0.00181	0.29155	0.00461	0.00246	0.00726
7	0.55345	0.01608	0.28625	0.00970	0.01451	0.01183	0.01048	0.01573	0.00962	0.02092	0.00800	0.00936	0.00598	0.00487	0.00384	0.00162	0.00533	0.00319	0.00286	0.00637
8	0.30878	0.00701	0.00721	0.00666	0.00860	0.00732	0.00517	0.01178	0.01265	0.02177	0.50595	0.02806	0.03365	0.00858	0.00510	0.00163	0.00302	0.00707	0.00484	0.00517
9	0.31678	0.01298	0.01279	0.01015	0.01399	0.01456	0.00838	0.49940	0.01892	0.02945	0.01063	0.01106	0.00771	0.00575	0.00450	0.00158	0.00512	0.00402	0.00450	0.00771
10	0.01576	0.00996	0.01113	0.00897	0.01225	0.01001	0.00727	0.32621	0.01779	0.19965	0.02868	0.02710	0.28524	0.00877	0.00555	0.00164	0.00433	0.00706	0.00536	0.00727
11	0.31082	0.00892	0.00864	0.00781	0.01024	0.02471	0.00611	0.04054	0.16565	0.03708	0.25333	0.03795	0.03745	0.02335	0.00526	0.00172	0.00370	0.00610	0.00460	0.00601
12	0.85377	0.01007	0.00765	0.00685	0.01007	0.01168	0.00564	0.01531	0.00886	0.02336	0.00725	0.00846	0.00564	0.00483	0.00322	0.00161	0.00403	0.00282	0.00322	0.00564
13	0.01496	0.01424	0.02535	0.01840	0.02328	0.01423	0.49648	0.28392	0.01663	0.02243	0.01124	0.01350	0.00824	0.00505	0.00581	0.00169	0.00769	0.00563	0.00355	0.00768
14	0.00737	0.00532	0.00696	0.00655	0.00778	0.00491	0.00491	0.00983	0.01474	0.02088	0.78175	0.03890	0.04914	0.01065	0.00614	0.00164	0.00246	0.00942	0.00573	0.00491

[dist]
# distance from previous block
# <min> <max>
0	3

[block]
# block no. 6 follows, 47 sequences, length 11
# corresponding to MSA columns:
# 319-329
name=unknown_G
#
# <colnr> <probs for GDERKNQSTAVLIFYWHMCP>
#	G	D	E	R	K	N	Q	S	T	A	V	L	I	F	Y	W	H	M	C	P
0	0.00857	0.00605	0.00778	0.00758	0.00837	0.00654	0.00539	0.07686	0.00964	0.01325	0.01595	0.10712	0.01670	0.29808	0.33971	0.04909	0.00854	0.00709	0.00332	0.00435
1	0.00719	0.00536	0.00678	0.00759	0.00827	0.00530	0.00524	0.00982	0.09956	0.01483	0.08178	0.66545	0.03333	0.01483	0.00645	0.00204	0.00311	0.01338	0.00495	0.00475
2	0.00922	0.00847	0.01384	0.63937	0.03016	0.01033	0.01259	0.01231	0.01031	0.01323	0.01374	0.01793	0.07774	0.00988	0.09758	0.00251	0.00737	0.00531	0.00260	0.00553
3	0.01844	0.01589	0.10581	0.01226	0.01679	0.01555	0.01092	0.65062	0.05230	0.03048	0.01248	0.01260	0.00887	0.00613	0.00518	0.00158	0.00590	0.00464	0.00486	0.00870
4	0.01500	0.03356	0.01501	0.16620	0.12642	0.38897	0.01105	0.03549	0.01290	0.01422	0.00961	0.01231	0.00793	0.00832	0.07634	0.00208	0.00836	0.00408	0.04595	0.00620
5	0.02474	0.00586	0.00729	0.04810	0.00954	0.00599	0.00566	0.03698	0.01096	0.01494	0.04735	0.42094	0.19030	0.01383	0.02828	0.00209	0.04650	0.01119	0.06477	0.00470
6	0.04629	0.01265	0.01830	0.12075	0.41914	0.06822	0.04214	0.08498	0.01329	0.10785	0.01104	0.01317	0.00846	0.00512	0.00511	0.00157	0.00628	0.00461	0.00327	0.00777
7	0.02578	0.31488	0.19056	0.01078	0.02787	0.03089	0.01075	0.10048	0.03269	0.04583	0.03193	0.03229	0.02230	0.00549	0.00435	0.00135	0.00566	0.00411	0.00312	0.09887
8	0.11139	0.01089	0.02803	0.04023	0.04917	0.06557	0.00777	0.08045	0.08063	0.09706	0.06816	0.01766	0.07659	0.00624	0.00471	0.00139	0.00460	0.00496	0.02161	0.22290
9	0.16855	0.16573	0.03828	0.11234	0.02944	0.04433	0.00907	0.04848	0.03993	0.10651	0.01078	0.01225	0.00831	0.00561	0.00536	0.00152	0.07766	0.00394	0.07345	0.03845
10	0.18478	0.01297	0.14306	0.01019	0.01409	0.02286	0.03806	0.15419	0.04470	0.12370	0.06994	0.04151	0.07320	0.00702	0.00499	0.00165	0.00502	0.02103	0.02010	0.00695

[dist]
# distance from previous block
# <min> <max>
0	157

[block]
# block no. 7 follows, 47 sequences, length 96
# corresponding to MSA columns:
# 490-514,516-537,610-658
name=unknown_H
#
# <colnr> <probs for GDERKNQSTAVLIFYWHMCP>
#	G	D	E	R	K	N	Q	S	T	A	V	L	I	F	Y	W	H	M	C	P
0	0.05433	0.08655	0.36503	0.17043	0.06449	0.04180	0.01432	0.01526	0.01086	0.01593	0.00991	0.01251	0.00762	0.01880	0.00501	0.00161	0.00658	0.00405	0.08819	0.00673
1	0.37633	0.05802	0.14138	0.02358	0.05607	0.01213	0.00940	0.11427	0.01200	0.05172	0.00947	0.01066	0.00715	0.00505	0.00405	0.00151	0.00506	0.00355	0.03399	0.06459
2	0.01045	0.02694	0.79000	0.01484	0.02254	0.01209	0.01924	0.01649	0.01099	0.01649	0.00935	0.01099	0.00660	0.00495	0.00495	0.00165	0.00770	0.00385	0.00220	0.00770
3	0.00648	0.00532	0.00592	0.00607	0.00760	0.00476	0.00462	0.00791	0.01133	0.01388	0.04478	0.09360	0.59075	0.01667	0.10437	0.00264	0.00421	0.06007	0.00458	0.00444
4	0.01428	0.76910	0.02649	0.00920	0.01354	0.07035	0.00898	0.01593	0.01085	0.01228	0.00729	0.00842	0.00668	0.00451	0.00343	0.00113	0.00581	0.00282	0.00226	0.00664
5	0.00744	0.00558	0.00837	0.00837	0.00930	0.00651	0.00651	0.00930	0.00837	0.01209	0.01395	0.02046	0.01302	0.03906	0.79635	0.00837	0.01395	0.00558	0.00279	0.00465
6	0.00739	0.00534	0.00699	0.00661	0.00784	0.00493	0.00498	0.00985	0.01469	0.02078	0.76712	0.03929	0.04877	0.01072	0.00616	0.00165	0.00250	0.02377	0.00571	0.00491
7	0.09506	0.01011	0.01565	0.43090	0.20110	0.01159	0.01312	0.03204	0.01116	0.06343	0.01046	0.01468	0.00826	0.00556	0.00545	0.00171	0.03190	0.02838	0.00286	0.00656
8	0.00825	0.00554	0.00714	0.00671	0.00814	0.00505	0.00510	0.01054	0.01430	0.06724	0.62610	0.05427	0.11637	0.01086	0.00613	0.00168	0.00268	0.03315	0.00564	0.00509
9	0.00634	0.00455	0.00602	0.00720	0.00754	0.00423	0.00481	0.00726	0.01001	0.01331	0.02927	0.79569	0.05197	0.01624	0.00664	0.00211	0.00301	0.01472	0.00483	0.00423
10	0.01945	0.02482	0.01476	0.01342	0.01610	0.79608	0.01006	0.02079	0.01476	0.01275	0.00805	0.00939	0.00671	0.00537	0.00470	0.00134	0.00939	0.00335	0.00268	0.00604
11	0.05985	0.00995	0.01656	0.61298	0.14480	0.01176	0.04337	0.01395	0.01061	0.01458	0.00927	0.01343	0.00710	0.00507	0.00512	0.00170	0.00673	0.00458	0.00242	0.00619
12	0.01233	0.00683	0.00854	0.00746	0.00960	0.02384	0.00583	0.01452	0.01448	0.24885	0.45757	0.03328	0.10287	0.00957	0.00586	0.00165	0.00326	0.02180	0.00578	0.00607
13	0.00634	0.00453	0.00604	0.00725	0.00755	0.00423	0.00483	0.00725	0.00997	0.01329	0.02870	0.81358	0.03444	0.01632	0.00665	0.00211	0.00302	0.01480	0.00483	0.00423
14	0.01080	0.00926	0.01080	0.00771	0.01234	0.00694	0.00617	0.01311	0.01080	0.01697	0.00926	0.01080	0.00771	0.00386	0.00386	0.00077	0.00386	0.00309	0.00309	0.84882
15	0.03307	0.16514	0.09701	0.07569	0.22635	0.19248	0.02599	0.05146	0.01240	0.01546	0.00876	0.01096	0.00723	0.00517	0.00535	0.00149	0.05246	0.00391	0.00260	0.00702
16	0.01392	0.82012	0.02729	0.00891	0.01337	0.02061	0.00891	0.01559	0.01058	0.01225	0.00724	0.00835	0.00668	0.00446	0.00334	0.00111	0.00557	0.00278	0.00223	0.00668
17	0.00615	0.00528	0.00528	0.00528	0.00703	0.00440	0.00396	0.00747	0.01187	0.01407	0.05276	0.05012	0.78238	0.01319	0.00615	0.00176	0.00264	0.01099	0.00484	0.00440
18	0.00983	0.00926	0.01562	0.80447	0.03587	0.01157	0.01446	0.01331	0.01041	0.01331	0.00926	0.01388	0.00694	0.00521	0.00521	0.00174	0.00694	0.00463	0.00231	0.00579
19	0.00706	0.00531	0.00653	0.00623	0.00759	0.00478	0.00467	0.00923	0.01401	0.01915	0.59616	0.04176	0.23581	0.01129	0.00615	0.00167	0.00250	0.00982	0.00550	0.00478
20	0.00745	0.00578	0.00689	0.00740	0.00863	0.00557	0.00562	0.01018	0.08672	0.01492	0.04879	0.28523	0.27041	0.04039	0.00712	0.00212	0.00345	0.17371	0.00483	0.00478
21	0.82904	0.01021	0.00789	0.00700	0.01025	0.01181	0.00577	0.03760	0.00933	0.02365	0.00741	0.00858	0.00574	0.00488	0.00328	0.00161	0.00408	0.00288	0.00328	0.00574
22	0.00905	0.00452	0.00678	0.00678	0.00678	0.00452	0.00452	0.00678	0.00678	0.00905	0.00905	0.01583	0.00905	0.01809	0.02035	0.84848	0.00452	0.00452	0.00226	0.00226
23	0.01370	0.00841	0.00888	0.00750	0.00985	0.00892	0.00597	0.27818	0.01582	0.04879	0.01552	0.01693	0.01175	0.00614	0.00424	0.00135	0.00365	0.00481	0.52320	0.00639
24	0.01108	0.00942	0.01095	0.00785	0.01246	0.00723	0.00629	0.03638	0.01122	0.01746	0.00936	0.01085	0.00775	0.00393	0.00390	0.00080	0.00391	0.00313	0.00315	0.82290
25	0.01012	0.00596	0.00766	0.00686	0.00868	0.00534	0.00528	0.01234	0.01435	0.16045	0.53661	0.03665	0.14880	0.01025	0.00598	0.00165	0.00284	0.00888	0.00573	0.00556
26	0.01288	0.00966	0.01179	0.08102	0.01492	0.00822	0.00741	0.07767	0.01237	0.10468	0.01080	0.01200	0.00832	0.00447	0.00425	0.00102	0.00436	0.00360	0.00357	0.60700
27	0.02861	0.03205	0.00988	0.02819	0.01126	0.05953	0.00653	0.03257	0.07075	0.13089	0.20681	0.09352	0.11974	0.00889	0.00544	0.00157	0.00397	0.02826	0.00479	0.11674
28	0.22221	0.52756	0.04585	0.00897	0.01307	0.08302	0.00853	0.01599	0.01052	0.01518	0.00738	0.00855	0.00642	0.00464	0.00348	0.00127	0.00558	0.00288	0.00251	0.00640
29	0.00757	0.00505	0.00568	0.00568	0.00568	0.00505	0.00316	0.00757	0.00757	0.01010	0.01641	0.03408	0.01893	0.81698	0.02651	0.00505	0.00505	0.00757	0.00316	0.00316
30	0.01484	0.06289	0.01563	0.01221	0.01425	0.07277	0.01005	0.29210	0.01491	0.02010	0.01083	0.07693	0.00982	0.00808	0.01008	0.00186	0.33698	0.00524	0.00360	0.00683
31	0.02309	0.00931	0.01236	0.00948	0.01352	0.00832	0.00783	0.08353	0.01566	0.72890	0.01991	0.01732	0.01257	0.00643	0.00523	0.00161	0.00453	0.00519	0.00635	0.00886
32	0.00983	0.00926	0.01562	0.80447	0.03587	0.01157	0.01446	0.01331	0.01041	0.01331	0.00926	0.01388	0.00694	0.00521	0.00521	0.00174	0.00694	0.00463	0.00231	0.00579
33	0.00757	0.00505	0.00568	0.00568	0.00568	0.00505	0.00316	0.00757	0.00757	0.01010	0.01641	0.03408	0.01893	0.81698	0.02651	0.00505	0.00505	0.00757	0.00316	0.00316
34	0.05819	0.01421	0.01507	0.01167	0.01574	0.01578	0.00962	0.69556	0.06097	0.03183	0.01269	0.01266	0.00906	0.00623	0.00512	0.00158	0.00557	0.00466	0.00512	0.00868
35	0.00971	0.00485	0.00485	0.00485	0.00607	0.00485	0.00364	0.01213	0.01092	0.01942	0.01699	0.01942	0.01335	0.00607	0.00364	0.00121	0.00243	0.00485	0.84589	0.00485
36	0.00769	0.00583	0.00796	0.03469	0.05705	0.00576	0.00632	0.04684	0.01097	0.01463	0.02636	0.59932	0.05593	0.01529	0.03376	0.00226	0.00395	0.05600	0.00456	0.00482
37	0.13912	0.01198	0.01296	0.05239	0.01489	0.02658	0.00863	0.42141	0.01809	0.11713	0.01278	0.01440	0.00962	0.05811	0.05692	0.00223	0.00594	0.00469	0.00459	0.00756
38	0.00983	0.00926	0.01562	0.80447	0.03587	0.01157	0.01446	0.01331	0.01041	0.01331	0.00926	0.01388	0.00694	0.00521	0.00521	0.00174	0.00694	0.00463	0.00231	0.00579
39	0.01034	0.02395	0.66437	0.01452	0.03891	0.01151	0.03213	0.01622	0.03403	0.01706	0.07849	0.01383	0.01072	0.00550	0.00509	0.00165	0.00711	0.00447	0.00262	0.00746
40	0.00744	0.00558	0.00837	0.00837	0.00930	0.00651	0.00651	0.00930	0.00837	0.01209	0.01395	0.02046	0.01302	0.03906	0.79635	0.00837	0.01395	0.00558	0.00279	0.00465
41	0.01197	0.01161	0.03368	0.09628	0.60552	0.01156	0.01468	0.01525	0.02550	0.01663	0.03615	0.01599	0.02596	0.00648	0.03146	0.00182	0.00628	0.02274	0.00280	0.00764
42	0.00744	0.00558	0.00837	0.00837	0.00930	0.00651	0.00651	0.00930	0.00837	0.01209	0.01395	0.02046	0.01302	0.03906	0.79635	0.00837	0.01395	0.00558	0.00279	0.00465
43	0.00729	0.00502	0.00598	0.00629	0.00637	0.00502	0.00380	0.00757	0.00828	0.01107	0.01980	0.25996	0.02321	0.56938	0.02056	0.00415	0.01951	0.00962	0.00363	0.00352
44	0.00757	0.00505	0.00568	0.00568	0.00568	0.00505	0.00316	0.00757	0.00757	0.01010	0.01641	0.03408	0.01893	0.81698	0.02651	0.00505	0.00505	0.00757	0.00316	0.00316
45	0.00880	0.00471	0.00690	0.02127	0.00741	0.00468	0.00472	0.00719	0.00774	0.01035	0.07792	0.01913	0.04252	0.01702	0.01829	0.72653	0.00431	0.00520	0.00266	0.00264
46	0.09592	0.04213	0.01713	0.33274	0.25688	0.01239	0.03766	0.05356	0.01147	0.01663	0.02376	0.02710	0.00858	0.00544	0.00546	0.00166	0.03733	0.00469	0.00275	0.00671
47	0.43802	0.09111	0.16359	0.04302	0.01565	0.03123	0.07402	0.01629	0.01027	0.06218	0.00878	0.01018	0.00660	0.00490	0.00405	0.00158	0.00556	0.00352	0.00301	0.00645
48	0.06553	0.09219	0.01665	0.01377	0.05394	0.47469	0.05648	0.06151	0.05138	0.03310	0.00932	0.01061	0.00751	0.00541	0.00499	0.00144	0.02812	0.00378	0.00301	0.00656
49	0.00645	0.00459	0.00611	0.00728	0.00760	0.00431	0.00490	0.00737	0.00997	0.01328	0.02832	0.76740	0.03386	0.03882	0.00722	0.00221	0.00314	0.03817	0.00479	0.00422
50	0.01695	0.38525	0.02044	0.01137	0.01486	0.44463	0.00954	0.01844	0.01286	0.01252	0.00768	0.00892	0.00670	0.00495	0.00408	0.00124	0.00766	0.00310	0.00248	0.00633
51	0.00660	0.00524	0.00590	0.00618	0.00743	0.00470	0.00443	0.00830	0.03593	0.01466	0.11860	0.27680	0.43225	0.04014	0.00694	0.00196	0.00286	0.01170	0.00489	0.00448
52	0.01307	0.04325	0.09901	0.02596	0.01394	0.01099	0.00898	0.26858	0.08348	0.04103	0.04180	0.23570	0.01752	0.00886	0.00545	0.00168	0.00481	0.00749	0.00451	0.06392
53	0.01892	0.02630	0.12726	0.01172	0.07586	0.00889	0.00986	0.04047	0.01423	0.51054	0.08628	0.01796	0.01465	0.00642	0.00523	0.00160	0.00493	0.00530	0.00534	0.00825
54	0.00839	0.00599	0.00839	0.00959	0.01079	0.00599	0.00839	0.01079	0.01199	0.01558	0.02757	0.05874	0.02997	0.01439	0.00719	0.00240	0.00480	0.74945	0.00480	0.00480
55	0.03169	0.11425	0.37905	0.04176	0.08644	0.01339	0.22834	0.01627	0.01132	0.01616	0.00942	0.01173	0.00710	0.00471	0.00508	0.00161	0.00752	0.00444	0.00238	0.00733
56	0.01350	0.01246	0.05563	0.04818	0.19297	0.03822	0.02747	0.21773	0.13171	0.02086	0.01755	0.03953	0.08655	0.05254	0.00656	0.00184	0.00551	0.01980	0.00403	0.00735
57	0.02326	0.00903	0.01219	0.00934	0.01338	0.00790	0.00772	0.04686	0.01518	0.76623	0.02031	0.01757	0.01277	0.00644	0.00524	0.00161	0.00447	0.00522	0.00641	0.00886
58	0.39585	0.00922	0.00954	0.00786	0.01127	0.00948	0.00645	0.04342	0.01213	0.34914	0.01398	0.01354	0.00954	0.00568	0.00418	0.00157	0.00411	0.00410	0.08190	0.00704
59	0.01430	0.01297	0.06036	0.04678	0.34786	0.06950	0.05168	0.08674	0.02616	0.10845	0.01341	0.05681	0.01142	0.02484	0.00585	0.00172	0.00613	0.04395	0.00355	0.00754
60	0.01259	0.01216	0.02101	0.10159	0.68724	0.01233	0.04495	0.01577	0.01174	0.01666	0.00978	0.01302	0.00812	0.00468	0.00520	0.00157	0.00636	0.00470	0.00256	0.00798
61	0.00742	0.00499	0.00572	0.00587	0.00591	0.00495	0.00336	0.00753	0.00787	0.01049	0.01792	0.12996	0.02084	0.71850	0.02406	0.00469	0.00480	0.00846	0.00336	0.00329
62	0.00674	0.00599	0.03643	0.00643	0.00797	0.00483	0.00502	0.00853	0.01239	0.01618	0.27847	0.19101	0.37590	0.01266	0.00620	0.00178	0.00285	0.01094	0.00502	0.00466
63	0.85377	0.01007	0.00765	0.00685	0.01007	0.01168	0.00564	0.01531	0.00886	0.02336	0.00725	0.00846	0.00564	0.00483	0.00322	0.00161	0.00403	0.00282	0.00322	0.00564
64	0.01081	0.06499	0.69139	0.01422	0.02138	0.01258	0.01787	0.01732	0.07070	0.01670	0.01017	0.01152	0.00733	0.00509	0.00490	0.00163	0.00731	0.00395	0.00244	0.00769
65	0.01094	0.01073	0.01508	0.01306	0.01317	0.01487	0.01083	0.01216	0.00802	0.01248	0.00765	0.01243	0.00755	0.01255	0.10657	0.00298	0.71633	0.00467	0.00234	0.00558
66	0.01392	0.82012	0.02729	0.00891	0.01337	0.02061	0.00891	0.01559	0.01058	0.01225	0.00724	0.00835	0.00668	0.00446	0.00334	0.00111	0.00557	0.00278	0.00223	0.00668
67	0.00757	0.00507	0.00579	0.00579	0.00583	0.00511	0.00329	0.00764	0.00761	0.01018	0.01631	0.03353	0.01869	0.78566	0.05750	0.00518	0.00541	0.00749	0.00314	0.00322
68	0.00996	0.00933	0.01547	0.77364	0.03500	0.01162	0.01422	0.01386	0.04010	0.01363	0.00972	0.01410	0.00729	0.00528	0.00521	0.00174	0.00683	0.00468	0.00243	0.00588
69	0.01945	0.02482	0.01476	0.01342	0.01610	0.79608	0.01006	0.02079	0.01476	0.01275	0.00805	0.00939	0.00671	0.00537	0.00470	0.00134	0.00939	0.00335	0.00268	0.00604
70	0.00747	0.00501	0.00571	0.00581	0.00583	0.00498	0.00329	0.00755	0.00777	0.01036	0.01741	0.09738	0.02019	0.75196	0.02489	0.00481	0.00488	0.00816	0.00329	0.00324
71	0.00971	0.00485	0.00485	0.00485	0.00607	0.00485	0.00364	0.01213	0.01092	0.01942	0.01699	0.01942	0.01335	0.00607	0.00364	0.00121	0.00243	0.00485	0.84589	0.00485
72	0.01270	0.01218	0.02080	0.07961	0.73832	0.01232	0.01589	0.01582	0.01177	0.01678	0.00976	0.01295	0.00817	0.00467	0.00516	0.00156	0.00623	0.00464	0.00256	0.00810
73	0.00839	0.00599	0.00839	0.00959	0.01079	0.00599	0.00839	0.01079	0.01199	0.01558	0.02757	0.05874	0.02997	0.01439	0.00719	0.00240	0.00480	0.74945	0.00480	0.00480
74	0.01392	0.82012	0.02729	0.00891	0.01337	0.02061	0.00891	0.01559	0.01058	0.01225	0.00724	0.00835	0.00668	0.00446	0.00334	0.00111	0.00557	0.00278	0.00223	0.00668
75	0.02136	0.00870	0.01163	0.00912	0.01284	0.00775	0.00746	0.02419	0.06178	0.67536	0.08555	0.01964	0.01617	0.00684	0.00532	0.00162	0.00424	0.00563	0.00631	0.00849
76	0.06506	0.03495	0.02650	0.05775	0.01342	0.00798	0.00762	0.01980	0.01348	0.48072	0.10658	0.07998	0.01801	0.02366	0.00572	0.00173	0.00435	0.01979	0.00549	0.00741
77	0.01945	0.02482	0.01476	0.01342	0.01610	0.79608	0.01006	0.02079	0.01476	0.01275	0.00805	0.00939	0.00671	0.00537	0.00470	0.00134	0.00939	0.00335	0.00268	0.00604
78	0.00737	0.00532	0.00696	0.00655	0.00778	0.00491	0.00491	0.00983	0.01474	0.02088	0.78175	0.03890	0.04914	0.01065	0.00614	0.00164	0.00246	0.00942	0.00573	0.00491
79	0.01337	0.01260	0.01633	0.01507	0.08649	0.04719	0.01150	0.14923	0.01159	0.01662	0.00818	0.01165	0.00733	0.00803	0.01333	0.00204	0.55552	0.00454	0.00285	0.00652
80	0.01864	0.02248	0.01397	0.01260	0.01525	0.68045	0.00950	0.06609	0.01503	0.01455	0.00909	0.01044	0.00741	0.00548	0.00464	0.00134	0.00857	0.00356	0.07480	0.00611
81	0.00745	0.00553	0.00812	0.00812	0.00896	0.00637	0.00620	0.00914	0.00829	0.01190	0.01418	0.02174	0.01357	0.11199	0.72417	0.00806	0.01311	0.00577	0.00282	0.00451
82	0.01086	0.01133	0.06355	0.49048	0.15607	0.03575	0.01401	0.01527	0.07617	0.01495	0.01135	0.01637	0.00918	0.00577	0.00528	0.00173	0.00658	0.04607	0.00276	0.00648
83	0.00983	0.00926	0.01562	0.80447	0.03587	0.01157	0.01446	0.01331	0.01041	0.01331	0.00926	0.01388	0.00694	0.00521	0.00521	0.00174	0.00694	0.00463	0.00231	0.00579
84	0.01132	0.01072	0.01510	0.25960	0.08370	0.03997	0.02962	0.01524	0.10608	0.01489	0.01065	0.01407	0.00875	0.00750	0.02716	0.00200	0.27005	0.00479	0.06257	0.00621
85	0.00637	0.00528	0.00558	0.00551	0.00717	0.00449	0.00413	0.00790	0.01239	0.01530	0.18434	0.04809	0.65004	0.01273	0.00615	0.00174	0.00261	0.01071	0.00500	0.00449
86	0.01172	0.00996	0.01072	0.00993	0.01254	0.01125	0.00781	0.02362	0.60593	0.02038	0.03974	0.02699	0.08611	0.00851	0.00561	0.00183	0.00403	0.09066	0.00521	0.00745
87	0.01380	0.12904	0.11618	0.01071	0.01417	0.02733	0.02121	0.30079	0.01560	0.02075	0.01449	0.11846	0.02688	0.09470	0.00790	0.00200	0.03671	0.01853	0.00391	0.00683
88	0.00799	0.00528	0.00593	0.00588	0.00608	0.00531	0.00345	0.02925	0.00836	0.01146	0.01688	0.06746	0.01900	0.70827	0.02361	0.00458	0.00482	0.00765	0.05527	0.00347
89	0.01319	0.26203	0.34749	0.06136	0.03182	0.07823	0.01374	0.01750	0.04928	0.06529	0.00993	0.01114	0.00755	0.00505	0.00450	0.00147	0.00673	0.00374	0.00269	0.00725
90	0.00632	0.00527	0.00546	0.00542	0.00707	0.00447	0.00403	0.00772	0.01204	0.01467	0.12837	0.04846	0.68260	0.03676	0.00676	0.00184	0.00269	0.01072	0.00488	0.00441
91	0.01576	0.01250	0.06052	0.01043	0.01390	0.01250	0.00884	0.47810	0.04106	0.04174	0.06578	0.07554	0.04406	0.02314	0.00569	0.00167	0.00498	0.00604	0.07017	0.00758
92	0.01321	0.01004	0.01210	0.08150	0.01508	0.00926	0.00780	0.12664	0.04901	0.09219	0.01264	0.01363	0.03257	0.00517	0.00483	0.00118	0.02772	0.00409	0.00378	0.47755
93	0.01161	0.00691	0.00758	0.00686	0.00855	0.00721	0.00517	0.11513	0.06377	0.06687	0.01688	0.03829	0.01415	0.12701	0.05399	0.00232	0.00418	0.00559	0.43234	0.00560
94	0.05830	0.24088	0.03345	0.01236	0.01596	0.34610	0.07412	0.10320	0.01391	0.01581	0.00860	0.01006	0.00710	0.00572	0.01764	0.00149	0.02222	0.00363	0.00285	0.00660
95	0.03711	0.01675	0.23074	0.04511	0.09746	0.11730	0.07812	0.08433	0.01350	0.03980	0.10530	0.01903	0.02679	0.00659	0.00536	0.00165	0.00653	0.05821	0.00343	0.00688

[dist]
# distance from previous block
# <min> <max>
0	7

[block]
# block no. 8 follows, 47 sequences, length 46
# corresponding to MSA columns:
# 668-713
name=unknown_I
#
# <colnr> <probs for GDERKNQSTAVLIFYWHMCP>
#	G	D	E	R	K	N	Q	S	T	A	V	L	I	F	Y	W	H	M	C	P
0	0.44387	0.14446	0.02474	0.00933	0.03853	0.06007	0.00762	0.07915	0.01138	0.06638	0.02302	0.01058	0.00774	0.00629	0.02897	0.00174	0.02294	0.00347	0.00336	0.00638
1	0.02968	0.39930	0.02035	0.01174	0.06801	0.23661	0.00937	0.03642	0.05047	0.04041	0.00939	0.01046	0.00782	0.00505	0.00407	0.00128	0.00641	0.00346	0.04298	0.00671
2	0.01167	0.01864	0.32315	0.01854	0.04839	0.01250	0.39218	0.04654	0.01218	0.01714	0.01084	0.04391	0.00848	0.00515	0.00563	0.00171	0.00793	0.00549	0.00265	0.00729
3	0.00642	0.00466	0.00607	0.00704	0.00753	0.00430	0.00478	0.00750	0.01054	0.01404	0.09850	0.68626	0.09199	0.01557	0.00656	0.00205	0.00294	0.01403	0.00492	0.00430
4	0.02138	0.00504	0.00692	0.03061	0.00812	0.00523	0.00514	0.00877	0.00840	0.01241	0.01313	0.04089	0.01257	0.03017	0.09791	0.45224	0.00516	0.05934	0.17312	0.00345
