[name]
unknown

[dist]
# distance from previous block
# <min> <max>
0	46

[block]
# block no. 0 follows, 54 sequences, length 74
# corresponding to MSA columns:
# 46-119
name=unknown_A
#
# <colnr> <probs for GDERKNQSTAVLIFYWHMCP>
#	G	D	E	R	K	N	Q	S	T	A	V	L	I	F	Y	W	H	M	C	P
0	0.00626	0.00448	0.00605	0.00705	0.00758	0.00427	0.00518	0.00751	0.00975	0.01298	0.07426	0.58793	0.03101	0.01402	0.00611	0.00195	0.00310	0.20209	0.00442	0.00400
1	0.01792	0.01321	0.01415	0.01085	0.01462	0.01462	0.00896	0.78916	0.02217	0.02972	0.01132	0.01132	0.00802	0.00566	0.00472	0.00142	0.00519	0.00425	0.00472	0.00802
2	0.01054	0.00532	0.00717	0.00713	0.00846	0.00479	0.00517	0.01167	0.01042	0.25982	0.02369	0.57750	0.02511	0.01199	0.00562	0.00177	0.00313	0.01071	0.00483	0.00514
3	0.01054	0.11428	0.67210	0.01252	0.01895	0.01156	0.01572	0.01534	0.01013	0.06408	0.00888	0.01007	0.00634	0.00451	0.00433	0.00144	0.00657	0.00346	0.00223	0.00693
4	0.01036	0.25782	0.58436	0.01190	0.01802	0.01316	0.01473	0.01470	0.00985	0.01383	0.00791	0.00927	0.00600	0.00435	0.00406	0.00135	0.00642	0.00321	0.00200	0.00670
5	0.01167	0.01120	0.01914	0.02894	0.80488	0.01120	0.01447	0.01447	0.01074	0.01540	0.00887	0.01167	0.00747	0.00420	0.00467	0.00140	0.00560	0.00420	0.00233	0.00747
6	0.00890	0.00838	0.01414	0.82296	0.03247	0.01048	0.01309	0.01205	0.00943	0.01205	0.00838	0.01257	0.00629	0.00471	0.00471	0.00157	0.00629	0.00419	0.00210	0.00524
7	0.02300	0.13691	0.49057	0.01527	0.11500	0.01220	0.11349	0.01477	0.01012	0.01456	0.00835	0.01014	0.00630	0.00432	0.00441	0.00142	0.00660	0.00368	0.00210	0.00679
8	0.01181	0.01196	0.01846	0.08174	0.39024	0.07385	0.16045	0.01652	0.14530	0.01548	0.01057	0.01269	0.00838	0.00468	0.00498	0.00148	0.01721	0.00456	0.00275	0.00690
9	0.00687	0.00501	0.00664	0.00721	0.00824	0.00478	0.00585	0.00876	0.01127	0.01498	0.23981	0.15492	0.11815	0.01222	0.00608	0.00188	0.00333	0.37516	0.00458	0.00426
10	0.00574	0.00410	0.00547	0.00657	0.00684	0.00383	0.00438	0.00657	0.00903	0.01204	0.02599	0.83122	0.03119	0.01477	0.00602	0.00191	0.00274	0.01340	0.00438	0.00383
11	0.01198	0.01452	0.19736	0.01645	0.02122	0.01125	0.46235	0.01580	0.01089	0.11619	0.01022	0.01236	0.00740	0.00463	0.00593	0.00159	0.06562	0.00490	0.00272	0.00662
12	0.00576	0.00474	0.00507	0.00509	0.00651	0.00404	0.00378	0.00709	0.01103	0.01366	0.16519	0.09989	0.62828	0.01178	0.00560	0.00160	0.00239	0.00997	0.00451	0.00404
13	0.00686	0.00457	0.00514	0.00514	0.00514	0.00457	0.00286	0.00686	0.00686	0.00914	0.01486	0.03086	0.01714	0.83430	0.02400	0.00457	0.00457	0.00686	0.00286	0.00286
14	0.00807	0.00701	0.01014	0.00937	0.00989	0.00908	0.00754	0.00951	0.00744	0.01110	0.01023	0.01546	0.00970	0.02526	0.51745	0.00552	0.31560	0.00471	0.00235	0.00456
15	0.01028	0.23615	0.60530	0.01204	0.01824	0.01296	0.01498	0.01472	0.00986	0.01393	0.00796	0.00933	0.00599	0.00436	0.00410	0.00137	0.00647	0.00323	0.00200	0.00673
16	0.01781	0.01287	0.01377	0.01065	0.01434	0.02556	0.00876	0.69264	0.06038	0.07674	0.01210	0.01188	0.00853	0.00570	0.00472	0.00142	0.00509	0.00431	0.00476	0.00795
17	0.06542	0.01205	0.02237	0.01775	0.09901	0.01183	0.48692	0.12395	0.01256	0.07412	0.01014	0.01231	0.00749	0.00445	0.00527	0.00154	0.01814	0.00498	0.00298	0.00673
18	0.05188	0.65009	0.08409	0.01000	0.06930	0.02827	0.00915	0.02870	0.00991	0.01252	0.00697	0.00813	0.00614	0.00414	0.00330	0.00111	0.00522	0.00276	0.00214	0.00621
19	0.00725	0.00519	0.00609	0.00559	0.00647	0.00480	0.00362	0.00806	0.00874	0.01225	0.18999	0.02869	0.02174	0.52608	0.01682	0.00330	0.00389	0.00662	0.00337	0.13143
20	0.00703	0.00459	0.00573	0.00573	0.00588	0.00474	0.00358	0.00703	0.00688	0.00932	0.01346	0.02619	0.01485	0.56944	0.16481	0.13302	0.00594	0.00612	0.00268	0.00298
21	0.00645	0.00510	0.00789	0.00782	0.00869	0.00476	0.08455	0.00781	0.00994	0.01346	0.14939	0.61922	0.03087	0.01284	0.00590	0.00181	0.00319	0.01182	0.00430	0.00419
22	0.05961	0.00442	0.00556	0.00654	0.00698	0.00425	0.00442	0.00702	0.00896	0.01261	0.02477	0.77975	0.02956	0.01412	0.00582	0.00189	0.00279	0.01273	0.00429	0.00391
23	0.01152	0.01105	0.01886	0.07260	0.76241	0.01116	0.01439	0.01434	0.01066	0.01522	0.00884	0.01172	0.00740	0.00423	0.00467	0.00141	0.00564	0.00420	0.00232	0.00735
24	0.01054	0.29528	0.48485	0.01114	0.01691	0.01317	0.01337	0.01442	0.00982	0.01368	0.00782	0.00914	0.00608	0.00425	0.00392	0.00127	0.00605	0.00311	0.00206	0.07313
25	0.00590	0.00431	0.00555	0.00625	0.00682	0.00396	0.00430	0.00701	0.01001	0.01337	0.17051	0.59753	0.12006	0.01352	0.00588	0.00180	0.00260	0.01212	0.00453	0.00396
26	0.00946	0.02439	0.80987	0.01344	0.02041	0.01095	0.01742	0.01493	0.00995	0.01493	0.00846	0.00995	0.00597	0.00448	0.00448	0.00149	0.00697	0.00348	0.00199	0.00697
27	0.01167	0.01120	0.01914	0.02894	0.80488	0.01120	0.01447	0.01447	0.01074	0.01540	0.00887	0.01167	0.00747	0.00420	0.00467	0.00140	0.00560	0.00420	0.00233	0.00747
28	0.00840	0.00698	0.06932	0.00778	0.00939	0.00575	0.00648	0.06774	0.01097	0.07093	0.02522	0.40264	0.11141	0.01198	0.00576	0.00183	0.00363	0.16467	0.00431	0.00481
29	0.63658	0.00882	0.00803	0.00680	0.00991	0.00958	0.00560	0.01635	0.00952	0.23595	0.00985	0.00995	0.00690	0.00478	0.00342	0.00146	0.00375	0.00315	0.00371	0.00590
30	0.01323	0.00870	0.01039	0.00773	0.01167	0.00730	0.00625	0.06318	0.06062	0.21372	0.01178	0.01192	0.00868	0.00439	0.00396	0.00099	0.00374	0.00353	0.00379	0.54444
31	0.01119	0.01071	0.01827	0.16662	0.67095	0.01108	0.01423	0.01405	0.01051	0.01482	0.00878	0.01183	0.00726	0.00429	0.00468	0.00143	0.00572	0.00420	0.00229	0.00708
32	0.01083	0.01035	0.01763	0.26878	0.57157	0.01098	0.01405	0.01374	0.01034	0.01439	0.00872	0.01194	0.00711	0.00436	0.00468	0.00145	0.00581	0.00420	0.00226	0.00679
33	0.86760	0.00912	0.00693	0.00620	0.00912	0.01058	0.00511	0.01386	0.00802	0.02115	0.00657	0.00766	0.00511	0.00438	0.00292	0.00146	0.00365	0.00255	0.00292	0.00511
34	0.00667	0.00482	0.00630	0.00593	0.00704	0.00445	0.00445	0.00890	0.01335	0.01891	0.80239	0.03522	0.04449	0.00964	0.00556	0.00148	0.00222	0.00853	0.00519	0.00445
35	0.00609	0.00507	0.00586	0.06857	0.00855	0.00459	0.00452	0.00767	0.01125	0.01412	0.22016	0.04047	0.56477	0.01084	0.00550	0.00157	0.00265	0.00917	0.00439	0.00419
36	0.01487	0.01036	0.01148	0.00941	0.01223	0.01119	0.00746	0.46437	0.09242	0.09512	0.01535	0.14584	0.01335	0.06638	0.00631	0.00174	0.00450	0.00606	0.00464	0.00692
37	0.01124	0.07672	0.02758	0.01896	0.02367	0.01245	0.72722	0.01503	0.01101	0.01479	0.00931	0.01232	0.00707	0.00398	0.00537	0.00154	0.00772	0.00533	0.00236	0.00634
38	0.01755	0.01175	0.01304	0.01009	0.01363	0.01264	0.00830	0.60988	0.02014	0.14948	0.07387	0.01391	0.01142	0.00600	0.00479	0.00143	0.00478	0.00465	0.00493	0.00774
39	0.00662	0.00482	0.00623	0.00587	0.00701	0.00443	0.00441	0.00879	0.01322	0.01860	0.76450	0.03573	0.08257	0.00975	0.00556	0.00149	0.00223	0.00860	0.00515	0.00443
40	0.01167	0.01120	0.01914	0.02894	0.80488	0.01120	0.01447	0.01447	0.01074	0.01540	0.00887	0.01167	0.00747	0.00420	0.00467	0.00140	0.00560	0.00420	0.00233	0.00747
41	0.01226	0.74700	0.11178	0.00866	0.01302	0.01780	0.00910	0.01421	0.00962	0.01152	0.00677	0.00783	0.00604	0.00408	0.00319	0.00106	0.00526	0.00263	0.00201	0.00615
42	0.00667	0.00482	0.00630	0.00593	0.00704	0.00445	0.00445	0.00890	0.01335	0.01891	0.80239	0.03522	0.04449	0.00964	0.00556	0.00148	0.00222	0.00853	0.00519	0.00445
43	0.00615	0.00457	0.00574	0.00593	0.00685	0.00415	0.00426	0.00771	0.01140	0.01543	0.39838	0.30751	0.18095	0.01181	0.00572	0.00165	0.00243	0.01045	0.00476	0.00415
44	0.01113	0.01272	0.02782	0.01987	0.02464	0.01192	0.78776	0.01510	0.01113	0.01510	0.00954	0.01272	0.00715	0.00397	0.00556	0.00159	0.00795	0.00556	0.00238	0.00636
45	0.01744	0.01297	0.01388	0.01075	0.01444	0.01440	0.00885	0.72986	0.08226	0.02894	0.01193	0.01181	0.00851	0.00572	0.00472	0.00143	0.00508	0.00433	0.00472	0.00798
46	0.00574	0.00410	0.00547	0.00657	0.00684	0.00383	0.00438	0.00657	0.00903	0.01204	0.02599	0.83122	0.03119	0.01477	0.00602	0.00191	0.00274	0.01340	0.00438	0.00383
47	0.00659	0.00482	0.00619	0.00585	0.00700	0.00442	0.00439	0.00875	0.01316	0.01847	0.74851	0.03595	0.09865	0.00980	0.00556	0.00149	0.00224	0.00863	0.00513	0.00442
48	0.01261	0.83713	0.02471	0.00807	0.01210	0.01866	0.00807	0.01412	0.00958	0.01109	0.00656	0.00756	0.00605	0.00403	0.00303	0.00101	0.00504	0.00252	0.00202	0.00605
49	0.01261	0.83713	0.02471	0.00807	0.01210	0.01866	0.00807	0.01412	0.00958	0.01109	0.00656	0.00756	0.00605	0.00403	0.00303	0.00101	0.00504	0.00252	0.00202	0.00605
50	0.01319	0.68646	0.02274	0.00873	0.01245	0.06795	0.00831	0.06961	0.01060	0.01246	0.00692	0.00803	0.00620	0.00441	0.00384	0.00110	0.04589	0.00276	0.00224	0.00611
51	0.00574	0.00410	0.00547	0.00657	0.00684	0.00383	0.00438	0.00657	0.00903	0.01204	0.02599	0.83122	0.03119	0.01477	0.00602	0.00191	0.00274	0.01340	0.00438	0.00383
52	0.00667	0.00482	0.00630	0.00593	0.00704	0.00445	0.00445	0.00890	0.01335	0.01891	0.80239	0.03522	0.04449	0.00964	0.00556	0.00148	0.00222	0.00853	0.00519	0.00445
53	0.01090	0.00828	0.01070	0.07231	0.01194	0.00978	0.00754	0.14986	0.01082	0.07533	0.01354	0.16881	0.01365	0.16081	0.01169	0.00230	0.24665	0.00644	0.00341	0.00522
54	0.05273	0.00952	0.01573	0.04168	0.48948	0.00954	0.05918	0.01306	0.01100	0.01596	0.12886	0.01975	0.01504	0.00601	0.00498	0.00152	0.00502	0.09152	0.00301	0.00642
55	0.01181	0.63081	0.22402	0.00943	0.01421	0.01670	0.01044	0.01433	0.00968	0.01207	0.00704	0.00817	0.00603	0.00415	0.00339	0.00113	0.00553	0.00277	0.00201	0.00628
56	0.01150	0.01103	0.01883	0.07769	0.75746	0.01116	0.01439	0.01432	0.01066	0.01520	0.00884	0.01173	0.00740	0.00423	0.00467	0.00141	0.00564	0.00420	0.00232	0.00733
57	0.00559	0.00478	0.00481	0.00480	0.00638	0.00399	0.00360	0.00681	0.01080	0.01286	0.06216	0.04518	0.78850	0.01190	0.00557	0.00159	0.00239	0.00992	0.00439	0.00399
58	0.86760	0.00912	0.00693	0.00620	0.00912	0.01058	0.00511	0.01386	0.00802	0.02115	0.00657	0.00766	0.00511	0.00438	0.00292	0.00146	0.00365	0.00255	0.00292	0.00511
59	0.01196	0.00943	0.01006	0.00883	0.01150	0.01042	0.00693	0.11117	0.52068	0.06808	0.02322	0.02161	0.15101	0.00724	0.00492	0.00157	0.00369	0.00597	0.00478	0.00696
60	0.01712	0.01260	0.01364	0.01068	0.01425	0.01391	0.00886	0.72865	0.02129	0.02850	0.01238	0.01457	0.00950	0.00623	0.00486	0.00147	0.00512	0.06394	0.00469	0.00773
61	0.01066	0.01139	0.00881	0.00815	0.00979	0.30659	0.00611	0.01242	0.01314	0.01565	0.44305	0.02611	0.09355	0.00805	0.00507	0.00139	0.00458	0.00660	0.00409	0.00479
62	0.00695	0.00491	0.00736	0.00736	0.00808	0.00563	0.00563	0.00808	0.00736	0.01053	0.01197	0.01790	0.01125	0.03253	0.69680	0.13504	0.01136	0.00491	0.00245	0.00389
63	0.00683	0.00467	0.00566	0.00566	0.00584	0.00485	0.00350	0.00719	0.00701	0.00952	0.01439	0.02825	0.01601	0.66529	0.19145	0.00521	0.00628	0.00647	0.00279	0.00314
64	0.00819	0.00410	0.00614	0.00614	0.00614	0.00410	0.00410	0.00614	0.00614	0.00819	0.00819	0.01433	0.00819	0.01638	0.01843	0.86282	0.00410	0.00410	0.00205	0.00205
65	0.01829	0.01263	0.01379	0.01057	0.01433	0.01376	0.00873	0.70335	0.02120	0.11690	0.01214	0.01185	0.00843	0.00568	0.00472	0.00142	0.00506	0.00430	0.00484	0.00802
66	0.00616	0.00428	0.00535	0.00604	0.00621	0.00411	0.00381	0.00667	0.00822	0.01096	0.02184	0.53297	0.02595	0.32016	0.01272	0.00290	0.00342	0.01096	0.00381	0.00347
67	0.00995	0.00848	0.00987	0.00707	0.01125	0.00646	0.00566	0.02835	0.01004	0.01567	0.00844	0.00981	0.00701	0.00354	0.00352	0.00071	0.00353	0.00282	0.00283	0.84499
68	0.14476	0.01228	0.01288	0.01000	0.01364	0.01355	0.00826	0.62657	0.01953	0.07623	0.01106	0.01106	0.00781	0.00548	0.00445	0.00142	0.00489	0.00402	0.00452	0.00758
69	0.00936	0.01247	0.30556	0.05789	0.01311	0.00766	0.00941	0.03288	0.03098	0.01662	0.01237	0.01427	0.00941	0.00510	0.00390	0.00130	0.00434	0.00406	0.44374	0.00558
70	0.02115	0.00802	0.01094	0.00839	0.01204	0.00693	0.00693	0.02298	0.01350	0.80815	0.01860	0.01605	0.01167	0.00584	0.00474	0.00146	0.00401	0.00474	0.00584	0.00802
71	0.55130	0.01013	0.00930	0.00769	0.01091	0.01132	0.00634	0.22637	0.01243	0.10196	0.00906	0.00950	0.00656	0.00487	0.00359	0.00145	0.00410	0.00323	0.00370	0.00619
72	0.01558	0.01756	0.01190	0.01072	0.01298	0.55992	0.00812	0.01774	0.06131	0.07011	0.13778	0.01397	0.01322	0.00587	0.00477	0.00132	0.02406	0.00421	0.00326	0.00560
73	0.01069	0.01133	0.02278	0.02057	0.22588	0.01080	0.48568	0.01405	0.01096	0.01495	0.01249	0.03012	0.04827	0.00517	0.00540	0.00158	0.00675	0.05353	0.00263	0.00636

[dist]
# distance from previous block
# <min> <max>
0	21

[block]
# block no. 1 follows, 54 sequences, length 35
# corresponding to MSA columns:
# 141-175
name=unknown_B
#
# <colnr> <probs for GDERKNQSTAVLIFYWHMCP>
#	G	D	E	R	K	N	Q	S	T	A	V	L	I	F	Y	W	H	M	C	P
0	0.00713	0.00452	0.00603	0.00663	0.00729	0.00416	0.00460	0.00821	0.00996	0.07809	0.12687	0.66045	0.03133	0.01337	0.00585	0.00182	0.00277	0.01206	0.00460	0.00425
1	0.00941	0.06679	0.05975	0.53760	0.02629	0.01082	0.06595	0.01340	0.07429	0.01350	0.06832	0.01418	0.00982	0.00511	0.00471	0.00153	0.00584	0.00455	0.00256	0.00559
2	0.07317	0.01508	0.01342	0.01152	0.01398	0.34851	0.08916	0.09528	0.07088	0.01575	0.06562	0.01551	0.01135	0.00620	0.00555	0.00148	0.07154	0.06706	0.00319	0.00576
3	0.01052	0.11795	0.13103	0.00888	0.01199	0.00870	0.06159	0.01406	0.07547	0.12459	0.32596	0.02262	0.05311	0.00705	0.00490	0.00144	0.00407	0.00606	0.00413	0.00588
4	0.00786	0.00661	0.00934	0.14829	0.01296	0.01528	0.02430	0.03402	0.02685	0.01397	0.17762	0.14856	0.07505	0.01489	0.18372	0.00296	0.08239	0.00715	0.00349	0.00470
5	0.08949	0.01221	0.08002	0.15900	0.08722	0.08655	0.12779	0.06319	0.06641	0.12712	0.01134	0.01364	0.00855	0.00514	0.00467	0.00150	0.00583	0.02948	0.01443	0.00643
6	0.01318	0.01200	0.01725	0.08478	0.55361	0.08746	0.01290	0.07682	0.01198	0.07075	0.00955	0.01171	0.00758	0.00453	0.00464	0.00140	0.00579	0.00413	0.00276	0.00719
7	0.00913	0.00548	0.00711	0.00733	0.00844	0.00523	0.00536	0.06754	0.01083	0.13374	0.02370	0.58530	0.02619	0.01261	0.00577	0.00183	0.00324	0.07175	0.00462	0.00482
8	0.01007	0.14015	0.63823	0.01382	0.07760	0.01208	0.01586	0.01478	0.00996	0.01442	0.00822	0.00974	0.00610	0.00439	0.00428	0.00142	0.00659	0.00340	0.00202	0.00687
9	0.01665	0.01165	0.07146	0.00990	0.01356	0.01121	0.00853	0.32885	0.17627	0.25442	0.01535	0.01461	0.02013	0.01902	0.00504	0.00152	0.00463	0.00467	0.00483	0.00770
10	0.01198	0.47508	0.07281	0.01052	0.01455	0.01559	0.12488	0.01678	0.18721	0.01389	0.00997	0.01075	0.00809	0.00459	0.00390	0.00126	0.00531	0.00367	0.00270	0.00647
11	0.00629	0.00483	0.00670	0.01705	0.07244	0.00459	0.00527	0.00739	0.00936	0.01246	0.03900	0.64360	0.10044	0.01409	0.03099	0.00201	0.00327	0.01189	0.00414	0.00418
12	0.01388	0.01237	0.13315	0.08176	0.01841	0.01042	0.21232	0.11757	0.07123	0.21419	0.02902	0.03450	0.01004	0.00540	0.00507	0.00153	0.01347	0.00499	0.00375	0.00695
13	0.06391	0.06994	0.06863	0.07636	0.01496	0.11875	0.00888	0.23068	0.05679	0.19139	0.01327	0.01327	0.04140	0.00555	0.00446	0.00141	0.00530	0.00422	0.00395	0.00688
14	0.02372	0.01013	0.01149	0.07263	0.06803	0.04940	0.00807	0.30586	0.09753	0.04670	0.07315	0.14634	0.01513	0.00727	0.00489	0.00151	0.00451	0.00609	0.04108	0.00645
15	0.02887	0.01371	0.16469	0.20873	0.34127	0.05662	0.01364	0.06856	0.03110	0.01554	0.00897	0.01142	0.00700	0.00457	0.00459	0.00145	0.00606	0.00400	0.00246	0.00673
16	0.01345	0.01147	0.01871	0.03636	0.49050	0.04518	0.13014	0.04690	0.01175	0.13350	0.01044	0.01235	0.00799	0.00450	0.00480	0.00143	0.00584	0.00444	0.00296	0.00728
17	0.00926	0.01337	0.25335	0.48803	0.04918	0.01071	0.03377	0.01301	0.00959	0.01317	0.00850	0.01178	0.00636	0.00477	0.00506	0.00155	0.03913	0.00402	0.01956	0.00583
18	0.00948	0.00798	0.03622	0.20565	0.08045	0.00861	0.03446	0.01153	0.00918	0.06810	0.01270	0.11071	0.01191	0.07445	0.09827	0.00253	0.12381	0.01785	0.07096	0.00515
19	0.01700	0.02529	0.02022	0.01018	0.08102	0.00793	0.00759	0.06369	0.05971	0.49917	0.06208	0.05090	0.03051	0.00664	0.00488	0.00150	0.00408	0.03521	0.00510	0.00730
20	0.01211	0.04648	0.51847	0.01305	0.01895	0.01096	0.10304	0.07018	0.01146	0.13565	0.01025	0.01121	0.00711	0.00469	0.00461	0.00148	0.00645	0.00393	0.00281	0.00710
21	0.00694	0.00444	0.00593	0.00667	0.00724	0.00410	0.00457	0.00792	0.00960	0.07167	0.06914	0.72574	0.03048	0.01382	0.00590	0.00186	0.00280	0.01248	0.00453	0.00418
22	0.07005	0.09775	0.17908	0.00953	0.01301	0.00899	0.08783	0.01362	0.04021	0.09849	0.25351	0.03020	0.05738	0.00672	0.00479	0.00146	0.00447	0.01333	0.00374	0.00584
23	0.03941	0.13405	0.33508	0.01427	0.16670	0.01131	0.01271	0.01664	0.03651	0.17387	0.01059	0.01134	0.00766	0.00469	0.00432	0.00140	0.00563	0.00377	0.00295	0.00710
24	0.01177	0.01230	0.08603	0.09275	0.12838	0.01110	0.39001	0.05851	0.01149	0.07453	0.01062	0.01416	0.00825	0.00522	0.01646	0.00165	0.02192	0.03555	0.00278	0.00654
25	0.00865	0.00562	0.00779	0.16360	0.04357	0.00583	0.00630	0.01060	0.01007	0.06945	0.07595	0.27667	0.01925	0.00858	0.00476	0.00151	0.00342	0.00755	0.26607	0.00475
26	0.01212	0.15857	0.42813	0.01264	0.05521	0.11227	0.03136	0.02302	0.01087	0.07905	0.02903	0.01067	0.00756	0.00468	0.00429	0.00137	0.00641	0.00359	0.00250	0.00667
27	0.08971	0.03542	0.06770	0.01419	0.14252	0.07400	0.11586	0.18718	0.02350	0.15912	0.01150	0.03866	0.00870	0.00524	0.00462	0.00145	0.00556	0.00448	0.00361	0.00698
28	0.01107	0.00701	0.00924	0.00934	0.06493	0.00708	0.00654	0.12032	0.01207	0.16388	0.08379	0.39559	0.02232	0.01030	0.00600	0.00170	0.04980	0.00894	0.00449	0.00558
29	0.01211	0.01063	0.01793	0.11622	0.65542	0.01078	0.01372	0.01487	0.01081	0.07799	0.00959	0.01212	0.00767	0.00439	0.00468	0.00142	0.00555	0.00424	0.00259	0.00726
30	0.01365	0.01002	0.04007	0.09299	0.43346	0.00946	0.01163	0.01625	0.01155	0.23675	0.06691	0.01456	0.01107	0.00509	0.00475	0.00144	0.00503	0.00463	0.00348	0.00720
31	0.68170	0.01056	0.07264	0.00802	0.01145	0.01051	0.07024	0.01456	0.00874	0.06447	0.00764	0.00873	0.00571	0.00443	0.00336	0.00147	0.00428	0.00300	0.00296	0.00552
32	0.01095	0.01141	0.01398	0.47540	0.13750	0.17747	0.01165	0.01339	0.01023	0.01219	0.00874	0.01305	0.00727	0.07056	0.00614	0.00171	0.00651	0.00416	0.00226	0.00542
33	0.00990	0.07613	0.52571	0.01139	0.01726	0.01052	0.01350	0.01492	0.06478	0.01509	0.00906	0.01028	0.00679	0.00437	0.00419	0.00129	0.00585	0.00340	0.00236	0.19320
34	0.01134	0.38493	0.35774	0.01158	0.01686	0.04657	0.08281	0.01474	0.01003	0.01310	0.00766	0.00908	0.00612	0.00425	0.00392	0.00128	0.00626	0.00323	0.00206	0.00644

[dist]
# distance from previous block
# <min> <max>
0	2

[block]
# block no. 2 follows, 54 sequences, length 69
# corresponding to MSA columns:
# 178-207,223-240,244-250,255-268
name=unknown_C
#
# <colnr> <probs for GDERKNQSTAVLIFYWHMCP>
#	G	D	E	R	K	N	Q	S	T	A	V	L	I	F	Y	W	H	M	C	P
0	0.01496	0.01168	0.01343	0.01075	0.01404	0.01288	0.05635	0.48167	0.22391	0.02486	0.01438	0.07475	0.01138	0.00644	0.00489	0.00151	0.00479	0.00530	0.00457	0.00745
1	0.14092	0.34842	0.30817	0.01003	0.01489	0.05029	0.01112	0.04280	0.01011	0.01471	0.00746	0.00863	0.00595	0.00434	0.00366	0.00128	0.00570	0.00296	0.00226	0.00629
2	0.01132	0.11238	0.59747	0.01229	0.01843	0.01194	0.01494	0.09241	0.01133	0.06181	0.00912	0.01018	0.00651	0.00463	0.00436	0.00143	0.00641	0.00353	0.00249	0.00703
3	0.00890	0.00838	0.01414	0.82296	0.03247	0.01048	0.01309	0.01205	0.00943	0.01205	0.00838	0.01257	0.00629	0.00471	0.00471	0.00157	0.00629	0.00419	0.00210	0.00524
4	0.01284	0.07565	0.36018	0.01236	0.01750	0.01092	0.12400	0.06478	0.05899	0.17443	0.03498	0.01269	0.00907	0.00499	0.00465	0.00147	0.00593	0.00427	0.00325	0.00705
5	0.01229	0.04157	0.29151	0.01232	0.03489	0.00988	0.13179	0.05856	0.04439	0.15896	0.02530	0.01645	0.01050	0.00565	0.00480	0.00152	0.00566	0.07093	0.05633	0.00670
6	0.01722	0.00702	0.00955	0.00792	0.01071	0.00614	0.00628	0.01879	0.01236	0.60508	0.02049	0.22398	0.01665	0.00812	0.00507	0.00158	0.00369	0.00695	0.00546	0.00695
7	0.00706	0.00591	0.06012	0.00708	0.00824	0.00467	0.00558	0.00851	0.01001	0.05722	0.09588	0.53227	0.09654	0.01274	0.00580	0.00181	0.00314	0.06869	0.00437	0.00438
8	0.03184	0.03134	0.10926	0.06062	0.02277	0.06372	0.06749	0.07378	0.04289	0.32546	0.07964	0.01576	0.02880	0.00580	0.00492	0.00147	0.01855	0.00480	0.00420	0.00687
9	0.01896	0.08120	0.44315	0.06417	0.07718	0.01999	0.09435	0.01454	0.01028	0.04335	0.01832	0.01371	0.00827	0.00512	0.00478	0.00151	0.01649	0.05564	0.00241	0.00654
10	0.00581	0.00416	0.00553	0.00652	0.00685	0.00388	0.00438	0.00674	0.00935	0.01255	0.08441	0.77132	0.03219	0.01439	0.00598	0.00188	0.00270	0.01304	0.00444	0.00388
11	0.01376	0.01286	0.01717	0.04049	0.43820	0.15686	0.07372	0.01691	0.06069	0.10782	0.01041	0.01208	0.00809	0.00464	0.00468	0.00141	0.00603	0.00423	0.00291	0.00703
12	0.01515	0.06626	0.17671	0.07330	0.10327	0.01028	0.01071	0.10391	0.04582	0.30770	0.01326	0.01393	0.00935	0.00535	0.00461	0.00146	0.00516	0.02254	0.00393	0.00730
13	0.00811	0.00504	0.00627	0.00622	0.00755	0.00448	0.00460	0.00952	0.01113	0.12591	0.19815	0.29740	0.25590	0.01154	0.00562	0.00167	0.00274	0.02879	0.00476	0.00461
14	0.01048	0.06930	0.43088	0.01658	0.14736	0.01170	0.16189	0.01552	0.06324	0.01513	0.00934	0.01112	0.00701	0.00444	0.00465	0.00147	0.00660	0.00406	0.00231	0.00691
15	0.01178	0.01126	0.13399	0.01505	0.18316	0.01928	0.13839	0.02396	0.01098	0.16779	0.01548	0.19347	0.03228	0.00710	0.00522	0.00158	0.01277	0.00657	0.00349	0.00639
16	0.01024	0.01233	0.13365	0.11788	0.34211	0.03494	0.09470	0.01322	0.01029	0.01417	0.01237	0.07526	0.05853	0.00577	0.00538	0.00153	0.04350	0.00525	0.00253	0.00635
17	0.01111	0.00992	0.01149	0.01025	0.01112	0.11477	0.00817	0.01234	0.00929	0.09121	0.05532	0.13582	0.01314	0.01127	0.08912	0.00238	0.38933	0.00577	0.00305	0.00515
18	0.01380	0.06944	0.06635	0.01753	0.29003	0.17308	0.06949	0.02377	0.08983	0.10773	0.01139	0.01250	0.02415	0.00490	0.00457	0.00139	0.00597	0.00420	0.00303	0.00685
19	0.01185	0.02594	0.34307	0.11967	0.11195	0.01814	0.08155	0.01564	0.01079	0.15584	0.01177	0.01385	0.02692	0.00509	0.00474	0.00151	0.00609	0.02595	0.00289	0.00676
20	0.00732	0.00591	0.00902	0.00847	0.00970	0.00565	0.10708	0.05633	0.01064	0.01427	0.10103	0.55331	0.05597	0.01216	0.00582	0.00179	0.00353	0.02329	0.00422	0.00449
21	0.01330	0.01134	0.01767	0.06796	0.53621	0.02258	0.04029	0.14008	0.01277	0.07711	0.00997	0.01199	0.00778	0.00459	0.00471	0.00142	0.00558	0.00428	0.00297	0.00741
22	0.01281	0.14147	0.30472	0.01149	0.06789	0.07135	0.01116	0.02526	0.01085	0.17218	0.03297	0.01362	0.00944	0.08749	0.00628	0.00169	0.00571	0.00409	0.00303	0.00649
23	0.00991	0.08423	0.67204	0.01458	0.09791	0.01156	0.01642	0.01482	0.01000	0.01469	0.00836	0.00995	0.00613	0.00442	0.00439	0.00145	0.00669	0.00348	0.00203	0.00695
24	0.00611	0.00441	0.00586	0.00686	0.00737	0.00416	0.00495	0.00725	0.00958	0.01267	0.05090	0.62425	0.06618	0.01415	0.00608	0.00193	0.00301	0.15592	0.00440	0.00395
25	0.09126	0.05157	0.18626	0.06060	0.01562	0.02693	0.06827	0.09209	0.02570	0.22902	0.06573	0.02402	0.01118	0.00556	0.00457	0.00147	0.00516	0.01683	0.01147	0.00669
26	0.01400	0.01087	0.07014	0.03356	0.07246	0.00949	0.27971	0.06867	0.01223	0.25816	0.01382	0.07865	0.01062	0.00564	0.00505	0.00152	0.00565	0.00553	0.03743	0.00679
27	0.00677	0.00491	0.00686	0.00686	0.00745	0.00550	0.00500	0.00796	0.00736	0.01041	0.01329	0.02217	0.01337	0.27149	0.58165	0.00669	0.01025	0.00559	0.00262	0.00381
28	0.01879	0.00853	0.01166	0.12953	0.01525	0.00817	0.00801	0.09616	0.01374	0.60137	0.02865	0.01537	0.01103	0.00571	0.00475	0.00147	0.00444	0.00467	0.00516	0.00755
29	0.06115	0.59264	0.03155	0.00884	0.01282	0.01662	0.03645	0.11539	0.01143	0.06352	0.00805	0.00880	0.00664	0.00438	0.00346	0.00114	0.00505	0.00301	0.00267	0.00640
30	0.07494	0.01909	0.01314	0.01140	0.01422	0.54680	0.00880	0.22472	0.01536	0.01705	0.00832	0.00920	0.00653	0.00504	0.00429	0.00128	0.00729	0.00333	0.00307	0.00613
31	0.01292	0.78616	0.02400	0.00832	0.01226	0.06851	0.00813	0.01441	0.00982	0.01112	0.00660	0.00762	0.00605	0.00409	0.00310	0.00102	0.00526	0.00255	0.00204	0.00601
32	0.01054	0.00836	0.00986	0.00708	0.01123	0.00633	0.00568	0.01262	0.01003	0.06875	0.00907	0.01020	0.00730	0.00365	0.00358	0.00075	0.00353	0.00292	0.00300	0.80554
33	0.01711	0.05902	0.25082	0.00994	0.01460	0.00895	0.01018	0.03704	0.01241	0.50938	0.01474	0.01365	0.00957	0.00533	0.00457	0.00144	0.00498	0.00423	0.00445	0.00760
34	0.01311	0.00784	0.00996	0.10370	0.01322	0.00813	0.00717	0.01855	0.25263	0.27599	0.11687	0.10057	0.03679	0.00739	0.00501	0.00157	0.00380	0.00632	0.00482	0.00656
35	0.00648	0.00460	0.00597	0.00616	0.00678	0.00454	0.00430	0.00774	0.00966	0.01342	0.24790	0.24972	0.05249	0.18355	0.15095	0.00329	0.00467	0.00886	0.02501	0.00390
36	0.01068	0.06707	0.62832	0.01340	0.01974	0.01117	0.09283	0.01551	0.01032	0.07442	0.00923	0.01056	0.00652	0.00451	0.00453	0.00147	0.00674	0.00373	0.00232	0.00694
37	0.01884	0.00973	0.04887	0.00986	0.01364	0.02783	0.07849	0.02197	0.07858	0.61446	0.01709	0.01541	0.01109	0.00563	0.00480	0.00148	0.00459	0.00477	0.00518	0.00772
38	0.00730	0.00535	0.00739	0.00861	0.02946	0.00525	0.00703	0.00923	0.01060	0.01376	0.02651	0.15353	0.08932	0.01294	0.00633	0.00207	0.00401	0.59269	0.00430	0.00433
39	0.01099	0.01055	0.01702	0.27570	0.42094	0.02654	0.03177	0.04169	0.01045	0.01439	0.00852	0.01177	0.00696	0.00483	0.00577	0.00152	0.08758	0.00420	0.00232	0.00649
40	0.07070	0.10651	0.16897	0.01372	0.11874	0.21301	0.05886	0.05320	0.08474	0.02510	0.02196	0.01165	0.00818	0.00495	0.00435	0.00138	0.00625	0.01856	0.00277	0.00641
41	0.15083	0.00814	0.00977	0.00778	0.01103	0.00769	0.00637	0.07708	0.01302	0.51890	0.04761	0.01800	0.09037	0.00634	0.00457	0.00147	0.00382	0.00502	0.00513	0.00704
42	0.01107	0.00739	0.00871	0.00852	0.06300	0.00724	0.00611	0.01586	0.22797	0.18794	0.03092	0.02906	0.35975	0.00856	0.00512	0.00155	0.00333	0.00716	0.00467	0.00606
43	0.01977	0.06427	0.49078	0.01526	0.13624	0.01117	0.07308	0.03323	0.01050	0.03740	0.00882	0.01045	0.00655	0.00438	0.00444	0.00141	0.00636	0.00370	0.00230	0.05989
44	0.00845	0.01657	0.00762	0.00690	0.00832	0.06015	0.00521	0.08698	0.01357	0.01835	0.54004	0.12506	0.06540	0.00955	0.00541	0.00151	0.00304	0.00829	0.00479	0.00480
45	0.03512	0.00789	0.01005	0.00789	0.01111	0.00724	0.00646	0.08702	0.01354	0.59374	0.01720	0.01573	0.01130	0.00574	0.00446	0.00140	0.00380	0.00460	0.14835	0.00736
46	0.01021	0.00980	0.01447	0.01542	0.19987	0.01230	0.02097	0.01179	0.00848	0.01279	0.01005	0.01337	0.05616	0.00775	0.02452	0.00191	0.51009	0.00455	0.04989	0.00559
47	0.02640	0.10952	0.15409	0.01194	0.04412	0.01120	0.12429	0.15260	0.04546	0.17010	0.01303	0.09363	0.01052	0.00592	0.00471	0.00147	0.00535	0.00513	0.00365	0.00686
48	0.08401	0.00944	0.01147	0.00886	0.01248	0.00919	0.00732	0.21978	0.01532	0.54828	0.01582	0.01420	0.01024	0.00568	0.00460	0.00145	0.00429	0.00445	0.00533	0.00780
49	0.01894	0.00763	0.01030	0.00806	0.01133	0.00668	0.00659	0.03307	0.01361	0.67784	0.13559	0.01884	0.01652	0.00640	0.00486	0.00146	0.00376	0.00530	0.00572	0.00749
50	0.01761	0.02247	0.01336	0.01215	0.01458	0.81537	0.00911	0.01883	0.01336	0.01154	0.00729	0.00850	0.00607	0.00486	0.00425	0.00121	0.00850	0.00304	0.00243	0.00547
51	0.00871	0.00811	0.01360	0.77188	0.03087	0.01006	0.01255	0.01170	0.00940	0.01205	0.00948	0.06379	0.00784	0.00534	0.00480	0.00159	0.00606	0.00477	0.00224	0.00515
52	0.00819	0.00410	0.00614	0.00614	0.00614	0.00410	0.00410	0.00614	0.00614	0.00819	0.00819	0.01433	0.00819	0.01638	0.01843	0.86282	0.00410	0.00410	0.00205	0.00205
53	0.01002	0.00845	0.00915	0.00856	0.01066	0.00946	0.00652	0.01980	0.56673	0.01790	0.06558	0.16254	0.06773	0.00838	0.00510	0.00165	0.00339	0.00721	0.00472	0.00645
54	0.01334	0.72498	0.05192	0.00830	0.01240	0.01721	0.00829	0.01503	0.00998	0.09061	0.00782	0.00850	0.00661	0.00423	0.00325	0.00107	0.00501	0.00278	0.00240	0.00628
55	0.01703	0.02124	0.01309	0.01189	0.01435	0.73533	0.00895	0.01945	0.09134	0.01235	0.00847	0.00941	0.00690	0.00501	0.00431	0.00125	0.00803	0.00327	0.00267	0.00567
56	0.00671	0.00552	0.00609	0.00572	0.00748	0.00490	0.00431	0.00913	0.07258	0.01477	0.19517	0.08613	0.45857	0.01037	0.00533	0.00150	0.00259	0.00880	0.00442	0.08990
57	0.00787	0.05169	0.00754	0.00638	0.00693	0.00677	0.00429	0.00947	0.08571	0.01058	0.01412	0.02605	0.01517	0.59463	0.07996	0.00415	0.05586	0.00616	0.00293	0.00374
58	0.01318	0.00899	0.01074	0.09016	0.01385	0.00983	0.00780	0.06770	0.40140	0.18712	0.01833	0.07340	0.01454	0.00704	0.00496	0.00161	0.00411	0.05361	0.00469	0.00696
59	0.00633	0.00434	0.00568	0.00662	0.00711	0.00412	0.00472	0.00752	0.00950	0.01308	0.04831	0.61885	0.02913	0.01345	0.00580	0.00186	0.00289	0.11707	0.08965	0.00398
60	0.01019	0.01001	0.01852	0.29055	0.16113	0.01071	0.26479	0.01332	0.01012	0.01414	0.00941	0.01282	0.00735	0.00468	0.00551	0.00153	0.05694	0.00466	0.08771	0.00590
61	0.06012	0.06324	0.02075	0.01493	0.03530	0.03209	0.38953	0.17337	0.01287	0.01797	0.00923	0.01131	0.00707	0.00451	0.00526	0.00143	0.04174	0.00451	0.00290	0.09189
62	0.09378	0.00460	0.00622	0.00615	0.00644	0.00474	0.00420	0.00691	0.00633	0.00948	0.00803	0.01367	0.00788	0.01518	0.01688	0.77703	0.00405	0.00394	0.00213	0.00235
63	0.00916	0.00476	0.00550	0.00541	0.00661	0.00455	0.00402	0.01106	0.01053	0.09542	0.11999	0.17635	0.01993	0.00785	0.00426	0.00134	0.00249	0.00670	0.49944	0.00465
64	0.01460	0.01353	0.11812	0.14457	0.12151	0.01290	0.01141	0.44943	0.01689	0.03575	0.01027	0.01147	0.00746	0.00517	0.00468	0.00145	0.00563	0.00414	0.00365	0.00736
65	0.01517	0.01580	0.01493	0.01666	0.25293	0.32185	0.01050	0.16655	0.10835	0.01719	0.00997	0.01109	0.00787	0.00500	0.00453	0.00136	0.00642	0.00390	0.00313	0.00680
66	0.09952	0.01581	0.01439	0.01702	0.28525	0.36384	0.01036	0.01757	0.10462	0.01479	0.00917	0.01058	0.00744	0.00477	0.00433	0.00135	0.00646	0.00366	0.00273	0.00635
67	0.00692	0.00457	0.00528	0.00546	0.00562	0.00454	0.00333	0.00729	0.00753	0.01031	0.01663	0.11107	0.01883	0.64548	0.01972	0.00392	0.00421	0.05529	0.06085	0.00315
68	0.12136	0.05595	0.07217	0.08961	0.01474	0.00870	0.06326	0.01273	0.00961	0.01550	0.00813	0.00988	0.00655	0.00387	0.00374	0.00102	0.00446	0.00314	0.00261	0.49296

[dist]
# distance from previous block
# <min> <max>
0	1

[block]
# block no. 3 follows, 54 sequences, length 17
# corresponding to MSA columns:
# 270-286
name=unknown_D
#
# <colnr> <probs for GDERKNQSTAVLIFYWHMCP>
#	G	D	E	R	K	N	Q	S	T	A	V	L	I	F	Y	W	H	M	C	P
0	0.01536	0.12772	0.01247	0.06303	0.01303	0.07315	0.00785	0.01727	0.01198	0.37384	0.01691	0.02348	0.01401	0.00726	0.00491	0.00156	0.00476	0.20062	0.00438	0.00641
1	0.06845	0.10931	0.08068	0.21410	0.35188	0.01209	0.01260	0.06963	0.01086	0.01546	0.00847	0.01097	0.00678	0.00444	0.00436	0.00141	0.00565	0.00384	0.00242	0.00660
2	0.14104	0.05541	0.39375	0.12239	0.01843	0.01102	0.01264	0.01607	0.10286	0.06875	0.01002	0.01116	0.00726	0.00479	0.00426	0.00149	0.00570	0.00370	0.00274	0.00653
3	0.01259	0.01325	0.09968	0.06401	0.04763	0.01169	0.47332	0.12174	0.01261	0.08037	0.01031	0.01248	0.00748	0.00445	0.00520	0.00154	0.00699	0.00499	0.00292	0.00675
4	0.00743	0.00462	0.00613	0.00635	0.00714	0.00427	0.00449	0.00833	0.01023	0.07051	0.23437	0.39306	0.08168	0.01278	0.00748	0.11989	0.00285	0.00996	0.00438	0.00406
5	0.01119	0.12036	0.29824	0.07717	0.07414	0.01111	0.04085	0.01593	0.10325	0.07177	0.01027	0.01140	0.00770	0.00459	0.00429	0.00134	0.00553	0.00376	0.00276	0.12435
6	0.01405	0.01457	0.04189	0.01403	0.07224	0.19287	0.12063	0.19907	0.07617	0.01735	0.00943	0.01116	0.00747	0.00571	0.00702	0.00155	0.18107	0.00420	0.00305	0.00648
7	0.00841	0.00579	0.00718	0.00735	0.00834	0.00581	0.00542	0.11514	0.01109	0.04039	0.04187	0.42444	0.02501	0.13061	0.00846	0.00225	0.00364	0.14006	0.00427	0.00450
8	0.00733	0.10324	0.00861	0.00679	0.00769	0.00674	0.00506	0.00839	0.00780	0.01059	0.01439	0.13234	0.01533	0.26085	0.37846	0.00515	0.00803	0.00642	0.00282	0.00398
9	0.01231	0.01374	0.08830	0.15799	0.39650	0.14840	0.03334	0.01548	0.03605	0.03996	0.00914	0.01149	0.00724	0.00454	0.00462	0.00142	0.00629	0.00402	0.00247	0.00669
10	0.00994	0.04395	0.52414	0.12332	0.01970	0.01058	0.01435	0.06923	0.01030	0.01469	0.00857	0.01086	0.00643	0.00599	0.00613	0.10340	0.00635	0.00368	0.00221	0.00620
11	0.00992	0.00963	0.06715	0.00874	0.01091	0.06196	0.00740	0.01372	0.13043	0.04965	0.25120	0.02256	0.04780	0.01620	0.00675	0.00155	0.12852	0.04504	0.00389	0.10698
12	0.61239	0.01093	0.10341	0.00796	0.01153	0.01018	0.04109	0.01529	0.00914	0.12815	0.00857	0.00930	0.00620	0.00457	0.00347	0.00147	0.00428	0.00310	0.00319	0.00578
13	0.00640	0.00474	0.00565	0.00582	0.00696	0.00426	0.00441	0.00742	0.01041	0.01320	0.15211	0.09345	0.41610	0.01255	0.00750	0.11987	0.00290	0.11826	0.00418	0.00383
14	0.02809	0.01230	0.01212	0.01176	0.09123	0.15538	0.00838	0.06367	0.40614	0.11155	0.01500	0.01445	0.01117	0.00567	0.00461	0.00145	0.00488	0.00455	0.00415	0.03344
15	0.01016	0.18789	0.29296	0.12296	0.01850	0.01181	0.10366	0.04711	0.01019	0.01377	0.01002	0.07085	0.00888	0.06467	0.00586	0.00166	0.00603	0.00461	0.00241	0.00599
16	0.01194	0.46488	0.01861	0.12029	0.01457	0.13616	0.00847	0.01374	0.01063	0.01235	0.10189	0.01366	0.01156	0.00531	0.00390	0.00122	0.00537	0.03729	0.00257	0.00559

[dist]
# distance from previous block
# <min> <max>
5	334

# created by:
# /st0/software/busco_prod/Augustus/scripts/msa2prfl.pl ./align_prep/195843.fa
