[name]
unknown

[dist]
# distance from previous block
# <min> <max>
3	112

[block]
# block no. 0 follows, 53 sequences, length 13
# corresponding to MSA columns:
# 146-158
name=unknown_A
#
# <colnr> <probs for GDERKNQSTAVLIFYWHMCP>
#	G	D	E	R	K	N	Q	S	T	A	V	L	I	F	Y	W	H	M	C	P
0	0.16594	0.00953	0.01134	0.13161	0.01492	0.01040	0.00805	0.12308	0.06717	0.11421	0.01115	0.02318	0.01914	0.00556	0.00560	0.00144	0.10457	0.00404	0.00349	0.16559
1	0.16619	0.00921	0.01083	0.09160	0.04616	0.03738	0.02911	0.11872	0.01981	0.18912	0.03002	0.02995	0.07878	0.03020	0.00536	0.00158	0.02817	0.00491	0.05594	0.01697
2	0.26795	0.00818	0.03120	0.10392	0.03317	0.00809	0.00707	0.01502	0.01072	0.24663	0.08332	0.11499	0.03721	0.00688	0.00450	0.00155	0.00399	0.00559	0.00410	0.00592
3	0.01209	0.11124	0.03892	0.11214	0.30362	0.03294	0.01080	0.06375	0.01135	0.08394	0.01176	0.11430	0.01057	0.00587	0.00463	0.00142	0.00515	0.00513	0.00304	0.05732
4	0.06508	0.00706	0.00930	0.07887	0.01144	0.00797	0.00683	0.10193	0.01023	0.06936	0.05652	0.06480	0.01292	0.04495	0.26276	0.10875	0.06778	0.00534	0.00322	0.00489
5	0.08463	0.00728	0.00798	0.00702	0.00915	0.00735	0.00549	0.15179	0.05778	0.07002	0.25312	0.06387	0.23789	0.00901	0.00517	0.00154	0.00320	0.00751	0.00473	0.00547
6	0.01057	0.00845	0.03225	0.36002	0.08038	0.00904	0.00987	0.02892	0.07890	0.09627	0.01617	0.01790	0.10230	0.00604	0.00488	0.00152	0.01775	0.00510	0.10786	0.00581
7	0.06630	0.07556	0.22112	0.05788	0.01496	0.05529	0.02293	0.06172	0.07948	0.07064	0.01598	0.06239	0.10600	0.00632	0.00457	0.00145	0.00511	0.00508	0.00329	0.06394
8	0.01455	0.41110	0.01791	0.05494	0.01302	0.01372	0.00795	0.06177	0.01133	0.21006	0.01082	0.01137	0.00822	0.00507	0.00449	0.00127	0.05445	0.00358	0.07787	0.00650
9	0.24383	0.00683	0.00809	0.00758	0.00922	0.00770	0.00598	0.01173	0.00866	0.10677	0.01306	0.11403	0.01212	0.01943	0.34691	0.00420	0.06026	0.00537	0.00326	0.00498
10	0.00973	0.00689	0.00973	0.01193	0.17159	0.00681	0.00725	0.01269	0.10872	0.11092	0.02100	0.45969	0.02211	0.01060	0.00551	0.00174	0.00365	0.00957	0.00425	0.00562
11	0.00724	0.00586	0.00895	0.00766	0.00928	0.00540	0.09990	0.00964	0.01307	0.01826	0.65094	0.03363	0.09285	0.00923	0.00564	0.00152	0.00298	0.00838	0.00486	0.00471
12	0.01113	0.01465	0.19494	0.09183	0.38973	0.03051	0.16808	0.01479	0.01074	0.01506	0.00895	0.01166	0.00703	0.00434	0.00486	0.00149	0.00659	0.00434	0.00228	0.00699

[dist]
# distance from previous block
# <min> <max>
0	1

[block]
# block no. 1 follows, 53 sequences, length 11
# corresponding to MSA columns:
# 160-170
name=unknown_B
#
# <colnr> <probs for GDERKNQSTAVLIFYWHMCP>
#	G	D	E	R	K	N	Q	S	T	A	V	L	I	F	Y	W	H	M	C	P
0	0.01183	0.01136	0.01940	0.02934	0.80221	0.01136	0.01467	0.01467	0.01088	0.01562	0.00899	0.01183	0.00757	0.00426	0.00473	0.00142	0.00568	0.00426	0.00237	0.00757
1	0.00683	0.00511	0.00682	0.00739	0.03962	0.00483	0.00529	0.00867	0.01164	0.01592	0.39535	0.17702	0.11464	0.03148	0.03755	0.00200	0.00327	0.11754	0.00463	0.00441
2	0.01666	0.01365	0.01343	0.01084	0.01426	0.09837	0.00874	0.52658	0.20264	0.02580	0.01292	0.01267	0.00944	0.00583	0.00475	0.00146	0.00527	0.00443	0.00456	0.00772
3	0.09661	0.00848	0.01120	0.00971	0.06595	0.00778	0.00734	0.04320	0.01323	0.62765	0.04712	0.01581	0.01212	0.00581	0.00467	0.00147	0.00411	0.00470	0.00535	0.00769
4	0.01180	0.01462	0.19148	0.08558	0.31428	0.02853	0.16403	0.06807	0.02689	0.03460	0.00956	0.01186	0.00733	0.00452	0.00487	0.00149	0.00646	0.00438	0.00258	0.00707
5	0.00995	0.08338	0.69075	0.01372	0.02039	0.01175	0.07507	0.01509	0.01015	0.01486	0.00852	0.01013	0.00615	0.00447	0.00452	0.00148	0.00700	0.00362	0.00205	0.00695
6	0.00603	0.00452	0.00559	0.00603	0.00687	0.00409	0.00425	0.00733	0.01074	0.01422	0.23624	0.42340	0.22750	0.01288	0.00587	0.00174	0.00255	0.01141	0.00466	0.00409
7	0.01057	0.09461	0.34502	0.01563	0.02095	0.01230	0.33726	0.01477	0.01034	0.01455	0.00884	0.01128	0.00673	0.00529	0.02632	0.00170	0.05068	0.00440	0.00221	0.00655
8	0.00972	0.15243	0.52391	0.01225	0.05324	0.01136	0.01396	0.01393	0.01043	0.01476	0.08232	0.01424	0.05694	0.00538	0.00448	0.00143	0.00597	0.00426	0.00248	0.00652
9	0.00828	0.00492	0.00645	0.00680	0.00780	0.00447	0.00487	0.00945	0.01036	0.13190	0.08025	0.55100	0.10162	0.01292	0.00585	0.00182	0.00296	0.03897	0.00471	0.00460
10	0.00653	0.00486	0.00612	0.00621	0.00732	0.00446	0.00472	0.00838	0.01209	0.01634	0.44353	0.14157	0.20011	0.01137	0.00582	0.00167	0.00263	0.10707	0.00487	0.00432

[dist]
# distance from previous block
# <min> <max>
2	6

[block]
# block no. 2 follows, 53 sequences, length 67
# corresponding to MSA columns:
# 178-244
name=unknown_C
#
# <colnr> <probs for GDERKNQSTAVLIFYWHMCP>
#	G	D	E	R	K	N	Q	S	T	A	V	L	I	F	Y	W	H	M	C	P
0	0.00891	0.00829	0.01375	0.75602	0.03098	0.01026	0.01264	0.01219	0.02691	0.01238	0.00976	0.05953	0.00800	0.00540	0.00486	0.00161	0.00611	0.00481	0.00232	0.00528
1	0.01392	0.15950	0.10317	0.02910	0.15316	0.20692	0.01071	0.10929	0.13849	0.01622	0.01012	0.01108	0.00799	0.00496	0.00435	0.00135	0.00610	0.00379	0.00298	0.00680
2	0.00904	0.00709	0.00866	0.00853	0.05098	0.00735	0.00610	0.07047	0.19873	0.01959	0.47048	0.07378	0.03238	0.00870	0.00537	0.00155	0.00305	0.00761	0.00493	0.00563
3	0.01018	0.00873	0.01003	0.00743	0.01147	0.00711	0.00592	0.01382	0.11477	0.01617	0.00996	0.01097	0.00808	0.00393	0.00372	0.00083	0.00357	0.00318	0.00310	0.74701
4	0.00694	0.00466	0.00605	0.00679	0.00755	0.00429	0.00489	0.00808	0.00993	0.05802	0.03912	0.57170	0.13052	0.01379	0.00602	0.00190	0.00300	0.10800	0.00453	0.00422
5	0.00605	0.00486	0.00540	0.00526	0.00670	0.00421	0.00395	0.00763	0.01184	0.01515	0.31778	0.04231	0.52951	0.01127	0.00564	0.00157	0.00236	0.00957	0.00473	0.00421
6	0.00621	0.00485	0.00563	0.00546	0.00681	0.00427	0.00409	0.00794	0.01219	0.01604	0.42556	0.05510	0.40675	0.01098	0.00565	0.00156	0.00234	0.00943	0.00485	0.00427
7	0.01271	0.81796	0.04140	0.00829	0.01244	0.01875	0.00838	0.01433	0.00972	0.01133	0.00669	0.00772	0.00613	0.00410	0.00310	0.00103	0.00515	0.00258	0.00204	0.00615
8	0.00695	0.00463	0.00521	0.00521	0.00521	0.00463	0.00290	0.00695	0.00695	0.00927	0.01506	0.03128	0.01738	0.83203	0.02433	0.00463	0.00463	0.00695	0.00290	0.00290
9	0.00685	0.00504	0.00727	0.00727	0.00798	0.00575	0.00546	0.00827	0.00756	0.01079	0.01318	0.02085	0.01285	0.16799	0.68217	0.00718	0.01145	0.00542	0.00262	0.00404
10	0.02144	0.00813	0.01109	0.00850	0.01220	0.00702	0.00702	0.02329	0.01368	0.80552	0.01886	0.01627	0.01183	0.00592	0.00481	0.00148	0.00407	0.00481	0.00592	0.00813
11	0.01189	0.01027	0.01081	0.00973	0.01243	0.01189	0.00757	0.02540	0.79357	0.01999	0.01945	0.01783	0.01459	0.00648	0.00486	0.00162	0.00378	0.00540	0.00486	0.00757
12	0.00830	0.00415	0.00623	0.00623	0.00623	0.00415	0.00415	0.00623	0.00623	0.00830	0.00830	0.01453	0.00830	0.01660	0.01868	0.86094	0.00415	0.00415	0.00208	0.00208
13	0.00891	0.00445	0.00445	0.00445	0.00557	0.00445	0.00334	0.01114	0.01002	0.01782	0.01559	0.01782	0.01225	0.00557	0.00334	0.00111	0.00223	0.00445	0.85856	0.00445
14	0.86579	0.00924	0.00702	0.00629	0.00924	0.01072	0.00518	0.01405	0.00813	0.02144	0.00666	0.00776	0.00518	0.00444	0.00296	0.00148	0.00370	0.00259	0.00296	0.00518
15	0.00991	0.00850	0.00991	0.00708	0.01133	0.00637	0.00566	0.01203	0.00991	0.01557	0.00850	0.00991	0.00708	0.00354	0.00354	0.00071	0.00354	0.00283	0.00283	0.86124
16	0.00891	0.00445	0.00445	0.00445	0.00557	0.00445	0.00334	0.01114	0.01002	0.01782	0.01559	0.01782	0.01225	0.00557	0.00334	0.00111	0.00223	0.00445	0.85856	0.00445
17	0.00656	0.00489	0.00553	0.00549	0.00691	0.00424	0.00407	0.00798	0.01135	0.04664	0.20929	0.14728	0.49926	0.01172	0.00567	0.00163	0.00250	0.01002	0.00468	0.00429
18	0.00648	0.00498	0.00714	0.00747	0.00831	0.00457	0.04643	0.00768	0.00958	0.01291	0.05017	0.65926	0.04098	0.01343	0.00593	0.00185	0.00316	0.05232	0.00426	0.05310
19	0.00709	0.00511	0.00697	0.00799	0.00890	0.00499	0.00658	0.00888	0.01056	0.01378	0.04148	0.25506	0.06828	0.01354	0.00640	0.00209	0.00384	0.51977	0.00443	0.00425
20	0.02127	0.00841	0.01126	0.00863	0.01234	0.00743	0.00713	0.06321	0.01414	0.76495	0.01847	0.01602	0.01164	0.00591	0.00481	0.00148	0.00413	0.00478	0.00586	0.00813
21	0.01186	0.01208	0.02475	0.12617	0.02486	0.01177	0.60139	0.05459	0.01175	0.05699	0.01009	0.01298	0.00742	0.00432	0.00544	0.00159	0.00748	0.00534	0.00268	0.00647
22	0.01088	0.14080	0.57819	0.01312	0.01936	0.01209	0.08415	0.01550	0.01035	0.05979	0.00898	0.01034	0.00650	0.00451	0.00444	0.00145	0.00670	0.00365	0.00228	0.00693
23	0.00580	0.00424	0.00546	0.00644	0.00688	0.00390	0.00434	0.00668	0.00936	0.01229	0.02897	0.73594	0.12289	0.01463	0.00605	0.00190	0.00273	0.01317	0.00444	0.00390
24	0.00971	0.02402	0.76562	0.01445	0.06200	0.01111	0.01750	0.01511	0.01013	0.01516	0.00860	0.01018	0.00613	0.00453	0.00455	0.00151	0.00699	0.00357	0.00204	0.00709
25	0.00931	0.00854	0.01543	0.01448	0.09647	0.00832	0.25521	0.01242	0.03237	0.01484	0.01853	0.06312	0.01881	0.00924	0.00604	0.00191	0.00562	0.40032	0.00357	0.00545
26	0.00605	0.00433	0.00575	0.00650	0.00698	0.00403	0.00445	0.00722	0.01019	0.01385	0.20968	0.64086	0.03481	0.01374	0.00599	0.00184	0.00265	0.01242	0.00463	0.00403
27	0.02025	0.00882	0.01258	0.01031	0.05326	0.00792	0.04822	0.06277	0.01388	0.68295	0.01748	0.01561	0.01118	0.00572	0.00485	0.00148	0.00442	0.00480	0.00549	0.00802
28	0.00885	0.00894	0.15599	0.00780	0.01030	0.00604	0.00735	0.01168	0.01280	0.09985	0.53969	0.02966	0.03366	0.00854	0.00539	0.00153	0.00343	0.03846	0.00469	0.00536
29	0.00967	0.02311	0.71543	0.05626	0.02160	0.01114	0.06701	0.01499	0.01014	0.01499	0.00864	0.01041	0.00615	0.00452	0.00462	0.00152	0.00709	0.00371	0.00205	0.00693
30	0.00667	0.00491	0.00707	0.00739	0.00809	0.00540	0.00558	0.00812	0.00819	0.01146	0.01679	0.20076	0.01768	0.07521	0.53404	0.00586	0.00954	0.06001	0.00312	0.00411
31	0.20726	0.09198	0.50888	0.01131	0.01698	0.01192	0.01346	0.05892	0.01032	0.01710	0.00813	0.00942	0.00598	0.00455	0.00406	0.00146	0.00601	0.00327	0.00239	0.00661
32	0.13963	0.28415	0.02675	0.01156	0.09700	0.14840	0.00890	0.18290	0.03039	0.01762	0.00838	0.00936	0.00677	0.00471	0.00387	0.00128	0.00558	0.00328	0.00294	0.00652
33	0.05885	0.04360	0.01483	0.10420	0.18262	0.40601	0.01046	0.05568	0.01260	0.05552	0.00859	0.01022	0.00682	0.00481	0.00439	0.00134	0.00698	0.00357	0.00271	0.00621
34	0.01425	0.00654	0.00879	0.00728	0.00972	0.00579	0.00579	0.01630	0.01361	0.42007	0.40160	0.02579	0.02814	0.00781	0.00521	0.00149	0.00318	0.00669	0.00560	0.00636
35	0.00828	0.00722	0.01157	0.19862	0.14646	0.00756	0.05330	0.01068	0.02492	0.01369	0.04749	0.26076	0.05967	0.00947	0.00555	0.00175	0.00461	0.11976	0.00348	0.00515
36	0.00652	0.00474	0.00518	0.00513	0.00598	0.00437	0.00342	0.00741	0.00954	0.01247	0.13320	0.03695	0.32870	0.35632	0.01338	0.00284	0.00332	0.00828	0.04859	0.00364
37	0.00651	0.00475	0.00612	0.00605	0.00705	0.00436	0.00443	0.00843	0.01253	0.01743	0.60243	0.18233	0.09794	0.01090	0.00572	0.00159	0.00236	0.00966	0.00505	0.00436
38	0.01183	0.01136	0.01940	0.02934	0.80221	0.01136	0.01467	0.01467	0.01088	0.01562	0.00899	0.01183	0.00757	0.00426	0.00473	0.00142	0.00568	0.00426	0.00237	0.00757
39	0.00664	0.00488	0.00622	0.00588	0.00707	0.00446	0.00441	0.00878	0.01324	0.01848	0.71696	0.03684	0.12826	0.01003	0.00564	0.00152	0.00227	0.00880	0.00517	0.00446
40	0.01278	0.83490	0.02505	0.00818	0.01227	0.01891	0.00818	0.01431	0.00971	0.01125	0.00664	0.00767	0.00613	0.00409	0.00307	0.00102	0.00511	0.00256	0.00204	0.00613
41	0.01120	0.00955	0.01022	0.00923	0.01172	0.01090	0.00716	0.02321	0.68920	0.01988	0.12386	0.02022	0.01867	0.00692	0.00497	0.00161	0.00358	0.00584	0.00492	0.00716
42	0.01278	0.83490	0.02505	0.00818	0.01227	0.01891	0.00818	0.01431	0.00971	0.01125	0.00664	0.00767	0.00613	0.00409	0.00307	0.00102	0.00511	0.00256	0.00204	0.00613
43	0.01127	0.41963	0.41357	0.01095	0.01649	0.02741	0.01291	0.01480	0.00996	0.01319	0.00762	0.00889	0.00609	0.00433	0.00382	0.00127	0.00614	0.00305	0.00204	0.00659
44	0.01069	0.02446	0.70105	0.01345	0.01990	0.11838	0.01653	0.01567	0.01055	0.01468	0.00842	0.00989	0.00607	0.00459	0.00451	0.00148	0.00727	0.00347	0.00208	0.00686
45	0.00849	0.04900	0.00999	0.00840	0.00997	0.00830	0.00673	0.01141	0.09070	0.01268	0.01186	0.01597	0.01063	0.02367	0.48717	0.00513	0.10303	0.00461	0.00276	0.11949
46	0.00980	0.09477	0.68177	0.01301	0.01946	0.01151	0.03049	0.01479	0.01013	0.01475	0.00931	0.01225	0.00722	0.00495	0.00454	0.00151	0.00677	0.04400	0.00215	0.00683
47	0.00644	0.00442	0.00536	0.00586	0.00599	0.00429	0.00359	0.00682	0.00795	0.01059	0.02016	0.39179	0.02381	0.46274	0.01609	0.00342	0.00379	0.00995	0.00359	0.00334
48	0.02068	0.00936	0.01185	0.00909	0.01281	0.00884	0.00751	0.20125	0.01573	0.62466	0.01713	0.01515	0.01097	0.00587	0.00480	0.00147	0.00435	0.00469	0.00565	0.00813
49	0.01163	0.04528	0.01511	0.36729	0.06469	0.11920	0.04612	0.05613	0.11748	0.01436	0.00978	0.01234	0.00764	0.00535	0.00578	0.00156	0.08734	0.00424	0.00270	0.00599
50	0.01189	0.44293	0.02282	0.01172	0.01550	0.04468	0.23096	0.01413	0.01043	0.02647	0.01032	0.06562	0.00968	0.00547	0.00432	0.00135	0.00587	0.05731	0.00255	0.00597
51	0.00705	0.00504	0.00695	0.00806	0.00887	0.00494	0.00657	0.00878	0.01036	0.01357	0.02567	0.32293	0.02893	0.01382	0.00643	0.00211	0.00384	0.50746	0.00441	0.00422
52	0.01136	0.01261	0.05052	0.11812	0.10733	0.01194	0.54461	0.05414	0.01156	0.01571	0.00951	0.01260	0.00718	0.00425	0.00536	0.00158	0.00743	0.00519	0.00248	0.00653
53	0.00630	0.00483	0.00578	0.00562	0.00688	0.00430	0.00419	0.00810	0.01232	0.01649	0.48216	0.08481	0.31905	0.01092	0.00567	0.00157	0.00234	0.00945	0.00491	0.00430
54	0.00968	0.00977	0.01836	0.58848	0.03062	0.01104	0.23698	0.01311	0.01006	0.01311	0.00884	0.01279	0.00663	0.00456	0.00503	0.00160	0.00686	0.00465	0.00221	0.00564
55	0.86579	0.00924	0.00702	0.00629	0.00924	0.01072	0.00518	0.01405	0.00813	0.02144	0.00666	0.00776	0.00518	0.00444	0.00296	0.00148	0.00370	0.00259	0.00296	0.00518
56	0.00582	0.00416	0.00555	0.00666	0.00693	0.00388	0.00444	0.00666	0.00915	0.01220	0.02634	0.82891	0.03161	0.01497	0.00610	0.00194	0.00277	0.01359	0.00444	0.00388
57	0.00991	0.00850	0.00991	0.00708	0.01133	0.00637	0.00566	0.01203	0.00991	0.01557	0.00850	0.00991	0.00708	0.00354	0.00354	0.00071	0.00354	0.00283	0.00283	0.86124
58	0.01189	0.01027	0.01081	0.00973	0.01243	0.01189	0.00757	0.02540	0.79357	0.01999	0.01945	0.01783	0.01459	0.00648	0.00486	0.00162	0.00378	0.00540	0.00486	0.00757
59	0.00610	0.00442	0.00582	0.00676	0.00729	0.00413	0.00480	0.00722	0.00976	0.01292	0.07253	0.63060	0.08505	0.01425	0.00611	0.00193	0.00292	0.10891	0.00448	0.00399
60	0.00669	0.00483	0.00651	0.00652	0.00726	0.00494	0.00472	0.00819	0.00988	0.01387	0.30124	0.13471	0.02754	0.15771	0.27923	0.00416	0.00626	0.00784	0.00385	0.00407
61	0.00678	0.00466	0.00516	0.00516	0.00538	0.00455	0.00299	0.00694	0.00748	0.00976	0.01952	0.03325	0.12213	0.72231	0.02183	0.00423	0.00434	0.00737	0.00310	0.00305
62	0.00617	0.00483	0.00539	0.00526	0.00652	0.00426	0.00382	0.00756	0.01124	0.01445	0.28517	0.04082	0.45820	0.11590	0.00803	0.00196	0.00265	0.00922	0.00451	0.00404
63	0.05989	0.01234	0.01318	0.01016	0.01393	0.01331	0.00834	0.59982	0.06416	0.02715	0.01129	0.01144	0.00821	0.00542	0.00453	0.00135	0.00487	0.00408	0.00443	0.12210
64	0.01086	0.05316	0.01346	0.01219	0.16316	0.00878	0.03962	0.03896	0.05048	0.01605	0.00920	0.01074	0.00755	0.00395	0.00394	0.00097	0.00429	0.00338	0.00285	0.54643
65	0.01296	0.72083	0.07472	0.00884	0.01300	0.07874	0.00887	0.01473	0.01003	0.01153	0.00683	0.00790	0.00613	0.00418	0.00326	0.00107	0.00550	0.00266	0.00207	0.00615
66	0.01187	0.01040	0.01365	0.01121	0.05559	0.06057	0.12961	0.04505	0.10891	0.07085	0.01185	0.05873	0.00978	0.00501	0.00443	0.00119	0.00478	0.00450	0.00335	0.37867

[dist]
# distance from previous block
# <min> <max>
0	1

[block]
# block no. 3 follows, 53 sequences, length 23
# corresponding to MSA columns:
# 246-268
name=unknown_D
#
# <colnr> <probs for GDERKNQSTAVLIFYWHMCP>
#	G	D	E	R	K	N	Q	S	T	A	V	L	I	F	Y	W	H	M	C	P
0	0.13278	0.03554	0.07088	0.08462	0.03951	0.24527	0.00960	0.21859	0.08597	0.01903	0.00968	0.01065	0.00737	0.00513	0.00434	0.00141	0.00613	0.00371	0.00328	0.00652
1	0.01192	0.08596	0.01991	0.02742	0.73065	0.01204	0.01408	0.01464	0.01078	0.01522	0.00878	0.01145	0.00744	0.00424	0.00458	0.00138	0.00563	0.00410	0.00234	0.00744
2	0.01153	0.38703	0.08078	0.00849	0.01246	0.07679	0.00797	0.01349	0.01007	0.01301	0.00887	0.06839	0.00828	0.00481	0.00365	0.00105	0.00489	0.00356	0.00250	0.27238
3	0.02011	0.00784	0.01067	0.00828	0.01174	0.00680	0.00680	0.02200	0.01367	0.73429	0.08959	0.01803	0.01484	0.00626	0.00488	0.00148	0.00390	0.00515	0.00586	0.00781
4	0.00582	0.00469	0.00518	0.00540	0.00665	0.00405	0.00392	0.00706	0.01078	0.01345	0.12804	0.22860	0.53460	0.01251	0.00575	0.00168	0.00248	0.01075	0.00453	0.00405
5	0.00903	0.00850	0.01434	0.82054	0.03292	0.01062	0.01327	0.01221	0.00956	0.01221	0.00850	0.01274	0.00637	0.00478	0.00478	0.00159	0.00637	0.00425	0.00212	0.00531
6	0.01245	0.01014	0.01082	0.00966	0.01242	0.01160	0.00753	0.02527	0.74800	0.06590	0.01942	0.01774	0.01443	0.00645	0.00486	0.00161	0.00380	0.00537	0.00492	0.00760
7	0.00959	0.02472	0.80726	0.01362	0.02069	0.01110	0.01766	0.01514	0.01009	0.01514	0.00858	0.01009	0.00605	0.00454	0.00454	0.00151	0.00706	0.00353	0.00202	0.00706
8	0.86579	0.00924	0.00702	0.00629	0.00924	0.01072	0.00518	0.01405	0.00813	0.02144	0.00666	0.00776	0.00518	0.00444	0.00296	0.00148	0.00370	0.00259	0.00296	0.00518
9	0.00612	0.00435	0.00577	0.00677	0.00713	0.00412	0.00468	0.00707	0.00929	0.01237	0.04199	0.67660	0.03051	0.06989	0.00738	0.00214	0.00306	0.09256	0.00435	0.00388
10	0.00580	0.00455	0.00525	0.00570	0.00671	0.00400	0.00404	0.00691	0.01031	0.01301	0.08702	0.38383	0.41954	0.01320	0.00584	0.00175	0.00256	0.01151	0.00449	0.00400
11	0.01058	0.00889	0.01027	0.00740	0.01161	0.00705	0.00594	0.07455	0.01093	0.01675	0.00874	0.01004	0.00716	0.00372	0.00364	0.00077	0.00368	0.00295	0.00299	0.79236
12	0.01102	0.00683	0.00805	0.02154	0.00971	0.00639	0.00562	0.08836	0.05112	0.19011	0.03020	0.15272	0.31810	0.00978	0.00532	0.00159	0.00336	0.03000	0.00470	0.04549
13	0.01193	0.06212	0.31960	0.01611	0.05816	0.01147	0.32575	0.01608	0.01100	0.10654	0.01012	0.01189	0.00728	0.00445	0.00494	0.00152	0.00694	0.00451	0.00265	0.00691
14	0.00878	0.04645	0.01175	0.01030	0.01225	0.00762	0.12319	0.01228	0.08380	0.01528	0.09169	0.04061	0.02387	0.01047	0.00604	0.00194	0.00473	0.47975	0.00411	0.00509
15	0.00663	0.00505	0.00625	0.00675	0.00797	0.00467	0.00545	0.00834	0.01112	0.01420	0.13287	0.11879	0.32394	0.01251	0.00607	0.00187	0.00323	0.31554	0.00453	0.00423
16	0.00912	0.00841	0.01371	0.52200	0.14517	0.00984	0.01209	0.01193	0.00994	0.01300	0.01314	0.01954	0.06265	0.00630	0.00543	0.00166	0.03473	0.09332	0.00258	0.00546
17	0.01359	0.44263	0.15697	0.01021	0.01442	0.17873	0.01007	0.06801	0.04085	0.01362	0.00794	0.00892	0.00658	0.00454	0.00376	0.00120	0.00612	0.00306	0.00242	0.00636
18	0.00572	0.00484	0.00495	0.00492	0.00650	0.00407	0.00369	0.00701	0.01107	0.01333	0.09919	0.04530	0.74923	0.01195	0.00565	0.00161	0.00241	0.00999	0.00449	0.00407
19	0.00579	0.00480	0.00507	0.00510	0.00657	0.00408	0.00379	0.00710	0.01108	0.01359	0.13393	0.09741	0.66117	0.01203	0.00568	0.00162	0.00243	0.01016	0.00453	0.00408
20	0.07059	0.42138	0.24588	0.00992	0.01464	0.06866	0.01066	0.01562	0.01031	0.08121	0.00830	0.00917	0.00654	0.00446	0.00371	0.00125	0.00572	0.00307	0.00246	0.00647
21	0.01490	0.01816	0.03838	0.01788	0.19829	0.44241	0.17078	0.01719	0.01238	0.01343	0.00826	0.01028	0.00671	0.00458	0.00469	0.00136	0.00779	0.00389	0.00242	0.00623
22	0.00954	0.14019	0.56349	0.01185	0.01756	0.01125	0.02984	0.01383	0.01004	0.01420	0.01232	0.07282	0.06165	0.00575	0.00454	0.00148	0.00617	0.00462	0.00237	0.00648

[dist]
# distance from previous block
# <min> <max>
0	17

# created by:
# /st0/software/busco_prod/Augustus/scripts/msa2prfl.pl ./align_prep/196198.fa
