[name]
unknown

[dist]
# distance from previous block
# <min> <max>
12	125

[block]
# block no. 0 follows, 44 sequences, length 7
# corresponding to MSA columns:
# 146-152
name=unknown_A
#
# <colnr> <probs for GDERKNQSTAVLIFYWHMCP>
#	G	D	E	R	K	N	Q	S	T	A	V	L	I	F	Y	W	H	M	C	P
0	0.01461	0.44582	0.09166	0.04946	0.01563	0.06960	0.01012	0.10639	0.01323	0.01691	0.00992	0.01137	0.00817	0.00526	0.00413	0.00134	0.00598	0.00367	0.10970	0.00703
1	0.01126	0.04747	0.05021	0.02572	0.01178	0.07062	0.00747	0.10489	0.05118	0.03194	0.10606	0.21934	0.08828	0.11632	0.00918	0.00229	0.02683	0.00889	0.00446	0.00581
2	0.04663	0.01033	0.03069	0.02883	0.01384	0.01017	0.04643	0.22719	0.04123	0.13670	0.19861	0.08920	0.07894	0.00889	0.00586	0.00175	0.00463	0.00756	0.00535	0.00719
3	0.05715	0.01034	0.01134	0.03966	0.01318	0.03945	0.00782	0.14845	0.16853	0.10583	0.05574	0.11056	0.07213	0.08446	0.00839	0.00215	0.04574	0.00726	0.00489	0.00692
4	0.01603	0.01034	0.01204	0.00984	0.01325	0.01054	0.00791	0.20592	0.14054	0.18861	0.04814	0.02020	0.06593	0.01110	0.09603	0.00242	0.00575	0.00581	0.02687	0.10272
5	0.01773	0.06675	0.01429	0.01093	0.03155	0.03547	0.00870	0.22538	0.15614	0.21241	0.05746	0.01870	0.05192	0.00700	0.00533	0.00161	0.00499	0.00558	0.00530	0.06277
6	0.01570	0.01184	0.01318	0.03895	0.06678	0.08437	0.00877	0.14186	0.03284	0.14870	0.01467	0.05358	0.01221	0.03527	0.00595	0.00158	0.00537	0.04171	0.00433	0.26235

[dist]
# distance from previous block
# <min> <max>
19	36

[block]
# block no. 1 follows, 44 sequences, length 9
# corresponding to MSA columns:
# 193-201
name=unknown_B
#
# <colnr> <probs for GDERKNQSTAVLIFYWHMCP>
#	G	D	E	R	K	N	Q	S	T	A	V	L	I	F	Y	W	H	M	C	P
0	0.01545	0.01122	0.01291	0.06162	0.01539	0.01194	0.00878	0.27980	0.15960	0.08905	0.03479	0.01978	0.05225	0.02210	0.05098	0.00210	0.00557	0.02508	0.02261	0.09898
1	0.01242	0.01020	0.01281	0.10864	0.02872	0.01104	0.02514	0.18174	0.08768	0.02095	0.10412	0.07108	0.08800	0.02131	0.00711	0.00178	0.07879	0.00675	0.01803	0.10368
2	0.01352	0.04180	0.01910	0.13707	0.37028	0.10874	0.04555	0.03744	0.03849	0.01732	0.07774	0.01565	0.01219	0.00588	0.00588	0.00166	0.03594	0.00517	0.00312	0.00747
3	0.01535	0.01275	0.03902	0.08004	0.38404	0.03822	0.01373	0.06918	0.01324	0.14339	0.01200	0.01431	0.00929	0.00717	0.03448	0.00198	0.09531	0.00492	0.00350	0.00807
4	0.00958	0.00597	0.00913	0.11353	0.01191	0.00670	0.00680	0.00866	0.00785	0.01061	0.00983	0.01645	0.00941	0.01858	0.09108	0.59543	0.05784	0.00486	0.00243	0.00333
5	0.04109	0.01151	0.04871	0.11277	0.19362	0.03272	0.01097	0.07000	0.11892	0.10084	0.07480	0.02237	0.12368	0.00740	0.00557	0.00172	0.00531	0.00630	0.00428	0.00741
6	0.01100	0.00730	0.00871	0.00807	0.01026	0.00688	0.00607	0.01496	0.13894	0.13133	0.11763	0.24945	0.16656	0.01136	0.00607	0.00181	0.00352	0.00986	0.00533	0.08487
7	0.03501	0.01042	0.01246	0.14570	0.01637	0.07815	0.02612	0.06620	0.06084	0.01624	0.03539	0.17620	0.01640	0.07530	0.03754	0.00246	0.14563	0.00737	0.03036	0.00583
8	0.01805	0.01209	0.01330	0.01051	0.01405	0.01298	0.00857	0.49245	0.02140	0.10093	0.09644	0.01770	0.01494	0.00703	0.00531	0.00159	0.00497	0.00552	0.13398	0.00818

[dist]
# distance from previous block
# <min> <max>
2	20

[block]
# block no. 2 follows, 44 sequences, length 13
# corresponding to MSA columns:
# 222-234
name=unknown_C
#
# <colnr> <probs for GDERKNQSTAVLIFYWHMCP>
#	G	D	E	R	K	N	Q	S	T	A	V	L	I	F	Y	W	H	M	C	P
0	0.01226	0.30933	0.33321	0.01360	0.01948	0.01542	0.12013	0.01635	0.01188	0.01607	0.07460	0.01347	0.01096	0.00542	0.00486	0.00154	0.00694	0.00447	0.00270	0.00732
1	0.03896	0.01107	0.01558	0.17813	0.19607	0.03082	0.03289	0.11619	0.04927	0.06568	0.01521	0.09685	0.01364	0.00752	0.00566	0.00178	0.00589	0.06886	0.00388	0.04606
2	0.01377	0.08479	0.14392	0.02585	0.46113	0.04502	0.07434	0.05484	0.01299	0.01793	0.01008	0.01270	0.00816	0.00499	0.00526	0.00161	0.00700	0.00463	0.00275	0.00824
3	0.01244	0.01073	0.01481	0.01316	0.04899	0.01134	0.12845	0.06297	0.33651	0.03591	0.08692	0.02811	0.07272	0.00855	0.00608	0.00190	0.00513	0.10295	0.00493	0.00742
4	0.00980	0.07406	0.00892	0.00731	0.00773	0.00617	0.00514	0.00791	0.00758	0.00994	0.01013	0.04728	0.01032	0.01764	0.01921	0.73579	0.00477	0.00501	0.00247	0.00285
5	0.01284	0.05642	0.45160	0.01499	0.03449	0.12838	0.08193	0.01751	0.01274	0.04140	0.08578	0.01460	0.01172	0.00581	0.00532	0.00166	0.00765	0.00476	0.00294	0.00745
6	0.03327	0.07637	0.38681	0.01274	0.01872	0.01220	0.01418	0.07610	0.04605	0.22856	0.01411	0.01504	0.00996	0.00604	0.00520	0.00169	0.00648	0.02415	0.00400	0.00831
7	0.01437	0.00776	0.00847	0.00727	0.00959	0.00791	0.00575	0.16629	0.01493	0.13231	0.01736	0.01860	0.01295	0.00645	0.00439	0.00140	0.00355	0.00510	0.54900	0.00654
8	0.01250	0.01242	0.06220	0.31126	0.28388	0.01259	0.04224	0.08930	0.03591	0.01837	0.05738	0.01565	0.01094	0.00572	0.00552	0.00172	0.00661	0.00521	0.00314	0.00744
9	0.03913	0.07293	0.27782	0.02013	0.09953	0.01381	0.36345	0.01720	0.01214	0.01734	0.01020	0.01294	0.00769	0.00483	0.00562	0.00173	0.00816	0.00513	0.00259	0.00764
10	0.01672	0.00796	0.01038	0.00877	0.01170	0.00732	0.00703	0.04657	0.03054	0.40756	0.10137	0.07223	0.12421	0.01243	0.08360	0.00247	0.00513	0.03082	0.00583	0.00735
11	0.00662	0.00482	0.00625	0.00739	0.00786	0.00444	0.00497	0.00761	0.01063	0.01399	0.03244	0.73350	0.10586	0.01677	0.00691	0.00218	0.00312	0.01512	0.00506	0.00444
12	0.01788	0.06466	0.09227	0.01234	0.01682	0.01607	0.01091	0.48570	0.17738	0.02893	0.01432	0.01418	0.01043	0.00647	0.00533	0.00166	0.00584	0.00496	0.00497	0.00888

[dist]
# distance from previous block
# <min> <max>
0	1

[block]
# block no. 3 follows, 44 sequences, length 20
# corresponding to MSA columns:
# 236-255
name=unknown_D
#
# <colnr> <probs for GDERKNQSTAVLIFYWHMCP>
#	G	D	E	R	K	N	Q	S	T	A	V	L	I	F	Y	W	H	M	C	P
0	0.07163	0.01050	0.01246	0.02435	0.01395	0.01078	0.02591	0.17851	0.14523	0.22891	0.12976	0.01993	0.01782	0.00714	0.00538	0.00166	0.00458	0.00585	0.03851	0.04714
1	0.00735	0.00501	0.00628	0.00691	0.00710	0.00489	0.00436	0.00779	0.00917	0.01226	0.02315	0.41644	0.02723	0.35535	0.04317	0.03954	0.00453	0.01148	0.00412	0.00388
2	0.17399	0.12135	0.05724	0.01507	0.12810	0.27049	0.02511	0.11529	0.01435	0.01908	0.00916	0.01066	0.00736	0.00536	0.00463	0.00151	0.00715	0.00379	0.00316	0.00717
3	0.00779	0.00529	0.00603	0.00609	0.00622	0.00526	0.00353	0.00796	0.00830	0.01100	0.01961	0.07220	0.05800	0.70852	0.04847	0.00507	0.00534	0.00840	0.00346	0.00347
4	0.10186	0.04878	0.01555	0.01173	0.01582	0.05233	0.00966	0.53114	0.08406	0.05601	0.01314	0.01312	0.00949	0.00635	0.00515	0.00163	0.00581	0.00469	0.00504	0.00865
5	0.01325	0.09504	0.01170	0.00842	0.01134	0.02969	0.00679	0.06497	0.07030	0.16362	0.16682	0.07520	0.17681	0.00922	0.00561	0.00163	0.00406	0.00766	0.00512	0.07276
6	0.01166	0.14591	0.60905	0.01568	0.05949	0.01406	0.03752	0.01710	0.01152	0.01662	0.00951	0.01127	0.00704	0.00507	0.00497	0.00164	0.00767	0.00396	0.00234	0.00791
7	0.01123	0.12074	0.65760	0.01443	0.02179	0.01341	0.01821	0.01686	0.01163	0.01693	0.04190	0.01242	0.00881	0.00537	0.00503	0.00166	0.00756	0.00414	0.00246	0.00781
8	0.05670	0.01468	0.20252	0.01519	0.14178	0.01077	0.04878	0.06355	0.04575	0.19071	0.06152	0.01662	0.01273	0.00611	0.00523	0.00166	0.00572	0.00517	0.08690	0.00791
9	0.01527	0.62913	0.08035	0.01038	0.01514	0.06677	0.01028	0.09005	0.01282	0.01531	0.00833	0.00944	0.00722	0.00495	0.00390	0.00127	0.00625	0.00323	0.00267	0.00726
10	0.01263	0.01183	0.01857	0.12084	0.50246	0.02973	0.01430	0.03073	0.05831	0.01810	0.07991	0.03383	0.01390	0.00621	0.00558	0.00170	0.00606	0.02424	0.00330	0.00779
11	0.00699	0.00561	0.00633	0.00674	0.00830	0.00496	0.00527	0.00858	0.01226	0.01500	0.04683	0.12906	0.53343	0.01441	0.00674	0.00203	0.00331	0.17442	0.00505	0.00468
12	0.00664	0.00474	0.00633	0.00759	0.00791	0.00443	0.00506	0.00759	0.01044	0.01392	0.03005	0.80485	0.03606	0.01708	0.00696	0.00221	0.00316	0.01550	0.00506	0.00443
13	0.48851	0.01120	0.01297	0.06084	0.15289	0.01222	0.04068	0.05189	0.01150	0.09748	0.00999	0.01145	0.00750	0.00526	0.00431	0.00169	0.00515	0.00390	0.00360	0.00697
14	0.01318	0.01263	0.02156	0.10897	0.70136	0.01287	0.01657	0.01645	0.01226	0.01743	0.01020	0.01360	0.00850	0.00492	0.00540	0.00164	0.00656	0.00486	0.00267	0.00838
15	0.02446	0.00928	0.01265	0.00970	0.01392	0.00801	0.00801	0.02657	0.01560	0.77817	0.02151	0.01856	0.01350	0.00675	0.00548	0.00169	0.00464	0.00548	0.00675	0.00928
16	0.00793	0.00529	0.00595	0.00595	0.00595	0.00529	0.00330	0.00793	0.00793	0.01057	0.01718	0.03568	0.01982	0.80840	0.02775	0.00529	0.00529	0.00793	0.00330	0.00330
17	0.84691	0.01054	0.00801	0.00717	0.01054	0.01223	0.00590	0.01603	0.00928	0.02446	0.00759	0.00886	0.00590	0.00506	0.00337	0.00169	0.00422	0.00295	0.00337	0.00590
18	0.01004	0.00780	0.01212	0.01064	0.01125	0.00898	0.08425	0.00996	0.00847	0.01186	0.01190	0.09640	0.01251	0.10050	0.01809	0.34965	0.22228	0.00635	0.00279	0.00418
19	0.00833	0.00684	0.00813	0.00858	0.05506	0.00658	0.00594	0.01222	0.12311	0.01831	0.27367	0.08994	0.33937	0.01169	0.00628	0.00181	0.00318	0.01006	0.00529	0.00560

[dist]
# distance from previous block
# <min> <max>
1	1

[block]
# block no. 4 follows, 44 sequences, length 25
# corresponding to MSA columns:
# 258-282
name=unknown_E
#
# <colnr> <probs for GDERKNQSTAVLIFYWHMCP>
#	G	D	E	R	K	N	Q	S	T	A	V	L	I	F	Y	W	H	M	C	P
0	0.01983	0.01521	0.01816	0.01373	0.01822	0.01655	0.09496	0.67224	0.02418	0.03244	0.01285	0.01327	0.00916	0.00632	0.00557	0.00166	0.00636	0.00508	0.00515	0.00905
1	0.01350	0.00982	0.01167	0.00846	0.01320	0.00771	0.00682	0.04121	0.01241	0.12624	0.01148	0.01240	0.00889	0.00451	0.00429	0.00096	0.00419	0.00361	0.00381	0.69483
2	0.00780	0.00578	0.00844	0.00844	0.00930	0.00664	0.00642	0.00953	0.00867	0.01242	0.01490	0.02304	0.01433	0.12813	0.70052	0.00837	0.01354	0.00608	0.00296	0.00469
3	0.00947	0.00473	0.00710	0.00710	0.00710	0.00473	0.00473	0.00710	0.00710	0.00947	0.00947	0.01657	0.00947	0.01894	0.02131	0.84138	0.00473	0.00473	0.00237	0.00237
4	0.41620	0.01087	0.01089	0.09830	0.01501	0.01259	0.00808	0.11100	0.16018	0.02317	0.01185	0.01320	0.00913	0.00817	0.05117	0.01984	0.00543	0.00426	0.00391	0.00675
5	0.01097	0.04966	0.67073	0.10399	0.02489	0.01287	0.01925	0.01686	0.01143	0.01675	0.00971	0.01177	0.00695	0.00519	0.00516	0.00172	0.00790	0.00409	0.00232	0.00780
6	0.01116	0.10408	0.68356	0.01463	0.02217	0.01329	0.01861	0.01689	0.01150	0.01676	0.01093	0.01246	0.02978	0.00539	0.00505	0.00168	0.00768	0.00414	0.00239	0.00785
7	0.01071	0.00997	0.01674	0.61004	0.15757	0.01181	0.01493	0.01419	0.01128	0.01475	0.01123	0.01790	0.00931	0.00608	0.00560	0.00184	0.00697	0.06003	0.00266	0.00641
8	0.01165	0.01131	0.04851	0.04849	0.38358	0.02562	0.01223	0.03607	0.06519	0.01883	0.17430	0.08043	0.04519	0.00767	0.00576	0.00172	0.00528	0.00696	0.00390	0.00731
9	0.01323	0.01476	0.10798	0.08968	0.47349	0.03474	0.09569	0.01734	0.03897	0.03329	0.01112	0.01444	0.00897	0.00522	0.00551	0.00169	0.00697	0.01593	0.00286	0.00812
10	0.01132	0.02467	0.61694	0.01591	0.05742	0.01261	0.04213	0.01833	0.09311	0.01802	0.03144	0.01344	0.00927	0.00554	0.00530	0.00174	0.00747	0.00453	0.00278	0.00805
11	0.00929	0.00791	0.02093	0.00807	0.00970	0.06501	0.00625	0.01234	0.06178	0.03514	0.42971	0.12568	0.10943	0.01152	0.00636	0.00183	0.00364	0.06456	0.00542	0.00545
12	0.01130	0.00969	0.01130	0.00807	0.01292	0.00727	0.00646	0.01373	0.01130	0.01776	0.00969	0.01130	0.00807	0.00404	0.00404	0.00081	0.00404	0.00323	0.00323	0.84173
13	0.01476	0.05874	0.11358	0.08799	0.29881	0.08974	0.05106	0.13581	0.06170	0.01964	0.01107	0.01315	0.00865	0.00543	0.00530	0.00163	0.00696	0.00469	0.00324	0.00807
14	0.01102	0.00775	0.00943	0.00876	0.03505	0.00747	0.00626	0.11537	0.01377	0.06769	0.17995	0.11330	0.09575	0.15127	0.05612	0.00271	0.00475	0.00816	0.00470	0.10073
15	0.01188	0.18914	0.50214	0.01587	0.09338	0.01432	0.03770	0.01678	0.01168	0.01656	0.03617	0.01224	0.00869	0.00523	0.00493	0.00160	0.00728	0.00415	0.00249	0.00777
16	0.01133	0.00931	0.01288	0.01119	0.03473	0.00938	0.11175	0.06673	0.19180	0.05398	0.19637	0.05586	0.17881	0.00947	0.00613	0.00181	0.00445	0.02224	0.00510	0.00670
17	0.00743	0.00550	0.00692	0.00669	0.00800	0.00500	0.00497	0.00968	0.01456	0.02009	0.59764	0.10055	0.16871	0.01203	0.00647	0.00177	0.00265	0.01056	0.00578	0.00500
18	0.01831	0.01930	0.01450	0.01360	0.06454	0.42794	0.00988	0.18314	0.04282	0.01961	0.01138	0.01265	0.00895	0.00594	0.00493	0.00147	0.00754	0.00422	0.12225	0.00703
19	0.18171	0.04765	0.42043	0.01306	0.01890	0.01264	0.05333	0.01792	0.06782	0.05510	0.01100	0.01285	0.00826	0.03182	0.00590	0.00184	0.02502	0.00427	0.00304	0.00744
20	0.01014	0.00703	0.00876	0.00912	0.06491	0.00648	0.00648	0.03653	0.02993	0.10436	0.20991	0.04194	0.35067	0.01148	0.00631	0.00184	0.00356	0.07941	0.00532	0.00583
21	0.00689	0.00496	0.00659	0.00775	0.00825	0.00465	0.00542	0.00807	0.01089	0.01445	0.05507	0.67830	0.05992	0.01657	0.00698	0.00222	0.00332	0.09009	0.00509	0.00452
22	0.03943	0.44301	0.15653	0.01108	0.01600	0.11907	0.01116	0.03069	0.01244	0.10136	0.00975	0.01057	0.00773	0.00516	0.00424	0.00138	0.00657	0.00352	0.00297	0.00736
23	0.00781	0.00577	0.00820	0.00825	0.00897	0.00654	0.00612	0.00930	0.00872	0.01236	0.01611	0.08292	0.01636	0.18387	0.56910	0.00748	0.02746	0.00694	0.00314	0.00456
24	0.00802	0.00521	0.00676	0.00749	0.00831	0.00475	0.00519	0.00918	0.01129	0.07194	0.06868	0.62672	0.11461	0.01566	0.00677	0.00211	0.00320	0.01404	0.00523	0.00485

[dist]
# distance from previous block
# <min> <max>
0	1

[block]
# block no. 5 follows, 44 sequences, length 24
# corresponding to MSA columns:
# 284-307
name=unknown_F
#
# <colnr> <probs for GDERKNQSTAVLIFYWHMCP>
#	G	D	E	R	K	N	Q	S	T	A	V	L	I	F	Y	W	H	M	C	P
0	0.01321	0.01069	0.01747	0.46864	0.23421	0.01198	0.01456	0.03826	0.01233	0.10945	0.01140	0.01470	0.00846	0.00548	0.00544	0.00174	0.00669	0.00493	0.00312	0.00725
1	0.15582	0.13170	0.01646	0.01110	0.01516	0.03184	0.00936	0.44029	0.06392	0.04214	0.01187	0.01220	0.00881	0.00611	0.00503	0.00160	0.01944	0.00435	0.00457	0.00823
2	0.00731	0.00542	0.00690	0.00793	0.00851	0.00531	0.00541	0.00965	0.08319	0.01477	0.02929	0.72916	0.03418	0.01615	0.00682	0.00218	0.00327	0.01460	0.00511	0.00483
3	0.55803	0.01367	0.01081	0.00925	0.01276	0.11971	0.00749	0.17379	0.01360	0.02503	0.00887	0.00989	0.00677	0.00545	0.00403	0.00164	0.00537	0.00344	0.00374	0.00668
4	0.00690	0.00496	0.00660	0.00782	0.00831	0.00466	0.00549	0.00805	0.01076	0.01424	0.03072	0.68910	0.05940	0.01673	0.00701	0.00224	0.00338	0.10407	0.00506	0.00451
5	0.01861	0.03403	0.01546	0.01203	0.01595	0.03682	0.00980	0.54507	0.17178	0.03019	0.01528	0.04391	0.01162	0.00704	0.00547	0.00168	0.00566	0.00547	0.00531	0.00883
6	0.01468	0.68289	0.02606	0.00973	0.01413	0.05032	0.00929	0.01809	0.10379	0.01407	0.00941	0.01021	0.00818	0.00504	0.00380	0.00126	0.00580	0.00334	0.00275	0.00717
7	0.01390	0.59163	0.21948	0.01092	0.01644	0.01896	0.01205	0.01683	0.01130	0.03362	0.00850	0.00970	0.00714	0.00485	0.00398	0.00132	0.00637	0.00326	0.00244	0.00732
8	0.01389	0.62226	0.13686	0.01154	0.01677	0.01954	0.08278	0.01657	0.01131	0.01391	0.00823	0.00972	0.00711	0.00473	0.00402	0.00131	0.00647	0.00341	0.00237	0.00718
9	0.00747	0.00618	0.00963	0.02771	0.01106	0.00578	0.09724	0.00898	0.01100	0.01446	0.03046	0.59275	0.12637	0.01485	0.00679	0.00211	0.00395	0.01362	0.00472	0.00485
10	0.05171	0.01030	0.01236	0.04631	0.01376	0.03413	0.00871	0.14070	0.06702	0.11186	0.10738	0.01946	0.02825	0.01312	0.13079	0.00292	0.15212	0.00578	0.03653	0.00679
11	0.01455	0.01260	0.02121	0.03117	0.70103	0.01248	0.01589	0.01768	0.01272	0.09117	0.01134	0.01398	0.00910	0.00504	0.00541	0.00163	0.00630	0.00492	0.00309	0.00870
12	0.00772	0.00583	0.00723	0.00774	0.00870	0.00572	0.00546	0.01083	0.10427	0.01681	0.19424	0.49668	0.07924	0.01439	0.00664	0.00204	0.00315	0.01288	0.00533	0.00511
13	0.00706	0.00506	0.00673	0.00751	0.00815	0.00473	0.00528	0.00855	0.01196	0.01629	0.23966	0.54953	0.04016	0.01530	0.00684	0.00209	0.00309	0.05203	0.00532	0.00466
14	0.01327	0.01263	0.02126	0.03176	0.72187	0.01266	0.01604	0.01684	0.03472	0.01812	0.04051	0.01476	0.01055	0.00518	0.00544	0.00163	0.00626	0.00509	0.00291	0.00850
15	0.01484	0.01250	0.02096	0.03054	0.68099	0.01235	0.01566	0.01794	0.01281	0.11120	0.01164	0.01411	0.00923	0.00509	0.00541	0.00163	0.00625	0.00493	0.00320	0.00871
16	0.00793	0.00529	0.00595	0.00595	0.00595	0.00529	0.00330	0.00793	0.00793	0.01057	0.01718	0.03568	0.01982	0.80840	0.02775	0.00529	0.00529	0.00793	0.00330	0.00330
17	0.01130	0.00969	0.01130	0.00807	0.01292	0.00727	0.00646	0.01373	0.01130	0.01776	0.00969	0.01130	0.00807	0.00404	0.00404	0.00081	0.00404	0.00323	0.00323	0.84173
18	0.01093	0.02820	0.78016	0.01554	0.02360	0.01266	0.02014	0.01727	0.01151	0.01727	0.00978	0.01151	0.00691	0.00518	0.00518	0.00173	0.00806	0.00403	0.00230	0.00806
19	0.00739	0.00536	0.00696	0.00698	0.00805	0.00494	0.00507	0.00949	0.01404	0.01953	0.55137	0.23186	0.08306	0.01276	0.00656	0.00185	0.00273	0.01135	0.00572	0.00494
20	0.00667	0.00481	0.00633	0.00748	0.00789	0.00446	0.00503	0.00770	0.01070	0.01425	0.05873	0.74675	0.06555	0.01673	0.00692	0.00218	0.00313	0.01513	0.00510	0.00446
21	0.66616	0.01188	0.00930	0.00814	0.01157	0.08641	0.00661	0.01787	0.01065	0.11596	0.00938	0.01014	0.00694	0.00532	0.00378	0.00166	0.00481	0.00332	0.00373	0.00636
22	0.01016	0.00508	0.00508	0.00508	0.00635	0.00508	0.00381	0.01270	0.01143	0.02033	0.01778	0.02033	0.01397	0.00635	0.00381	0.00127	0.00254	0.00508	0.83867	0.00508
23	0.04390	0.26461	0.01841	0.01065	0.01454	0.11429	0.00912	0.31276	0.01755	0.02231	0.01480	0.01519	0.08191	0.00648	0.00475	0.00147	0.00596	0.00469	0.02910	0.00750

[dist]
# distance from previous block
# <min> <max>
0	2

[block]
# block no. 6 follows, 44 sequences, length 53
# corresponding to MSA columns:
# 310-328,331-351,355-367
name=unknown_G
#
# <colnr> <probs for GDERKNQSTAVLIFYWHMCP>
#	G	D	E	R	K	N	Q	S	T	A	V	L	I	F	Y	W	H	M	C	P
0	0.01443	0.23279	0.19351	0.01314	0.02985	0.09632	0.03139	0.09150	0.11807	0.01765	0.01084	0.01215	0.00863	0.00603	0.00632	0.00163	0.10083	0.00422	0.00316	0.00753
1	0.01107	0.04074	0.64541	0.09922	0.02445	0.01282	0.01883	0.01746	0.04842	0.01709	0.01034	0.01222	0.00742	0.00531	0.00519	0.00173	0.00774	0.00420	0.00247	0.00785
2	0.00725	0.00526	0.00692	0.00773	0.00853	0.00493	0.00569	0.00887	0.01205	0.01615	0.19441	0.45024	0.09024	0.01518	0.00691	0.00213	0.00334	0.14419	0.00526	0.00470
3	0.01271	0.01311	0.05856	0.18405	0.56493	0.01280	0.04205	0.01622	0.01208	0.01700	0.01015	0.01365	0.00827	0.00498	0.00543	0.00167	0.00681	0.00487	0.00263	0.00805
4	0.06964	0.01289	0.01208	0.01100	0.03459	0.15893	0.00825	0.04475	0.23300	0.13327	0.07024	0.09503	0.01690	0.00768	0.00536	0.00167	0.00527	0.00623	0.00479	0.06843
5	0.02037	0.02598	0.01545	0.01404	0.01685	0.78652	0.01053	0.02177	0.01545	0.01334	0.00843	0.00983	0.00702	0.00562	0.00492	0.00140	0.00983	0.00351	0.00281	0.00632
6	0.00823	0.00637	0.00759	0.00714	0.00878	0.00614	0.00540	0.01225	0.11360	0.02053	0.52609	0.04044	0.19438	0.01120	0.00632	0.00176	0.00284	0.00971	0.00575	0.00549
7	0.20379	0.04223	0.13724	0.03206	0.10166	0.01262	0.20284	0.04811	0.01264	0.13922	0.01156	0.01309	0.00836	0.00526	0.00512	0.00171	0.00659	0.00474	0.00354	0.00761
8	0.00893	0.00791	0.01111	0.01107	0.08622	0.00742	0.08701	0.03525	0.05468	0.01734	0.13263	0.05956	0.41228	0.01113	0.00631	0.00183	0.00407	0.03475	0.00474	0.00575
9	0.00664	0.00474	0.00633	0.00759	0.00791	0.00443	0.00506	0.00759	0.01044	0.01392	0.03005	0.80485	0.03606	0.01708	0.00696	0.00221	0.00316	0.01550	0.00506	0.00443
10	0.03090	0.15938	0.43759	0.01478	0.03906	0.01373	0.09549	0.01827	0.01208	0.11327	0.01099	0.01226	0.00793	0.00522	0.00503	0.00163	0.00724	0.00428	0.00295	0.00792
11	0.01434	0.01604	0.10347	0.07718	0.50069	0.09908	0.01581	0.07536	0.01359	0.01830	0.01019	0.01291	0.00823	0.00515	0.00533	0.00162	0.00704	0.00462	0.00287	0.00820
12	0.01276	0.19521	0.22062	0.01782	0.04045	0.01529	0.34982	0.01725	0.02663	0.01637	0.01004	0.01257	0.00778	0.00496	0.00574	0.00167	0.03003	0.00495	0.00259	0.00747
13	0.00947	0.00473	0.00710	0.00710	0.00710	0.00473	0.00473	0.00710	0.00710	0.00947	0.00947	0.01657	0.00947	0.01894	0.02131	0.84138	0.00473	0.00473	0.00237	0.00237
14	0.72200	0.01065	0.00926	0.09232	0.01372	0.01241	0.00709	0.04694	0.01014	0.02374	0.00805	0.00965	0.00619	0.00517	0.00369	0.00170	0.00462	0.00324	0.00336	0.00606
15	0.00670	0.00560	0.00587	0.00601	0.00779	0.00478	0.00464	0.00820	0.01244	0.01490	0.05239	0.05344	0.69236	0.01394	0.00656	0.00191	0.00300	0.08976	0.00506	0.00465
16	0.01403	0.07239	0.15246	0.02296	0.33268	0.10742	0.11372	0.03358	0.06592	0.01748	0.01077	0.01302	0.00856	0.00517	0.00532	0.00163	0.00731	0.00472	0.00288	0.00798
17	0.84691	0.01054	0.00801	0.00717	0.01054	0.01223	0.00590	0.01603	0.00928	0.02446	0.00759	0.00886	0.00590	0.00506	0.00337	0.00169	0.00422	0.00295	0.00337	0.00590
18	0.01530	0.01385	0.02082	0.02870	0.59509	0.08557	0.04067	0.01829	0.01306	0.09931	0.01132	0.01373	0.00899	0.00512	0.00540	0.00161	0.00669	0.00485	0.00315	0.00844
19	0.01615	0.01254	0.01450	0.01185	0.01549	0.01377	0.05050	0.28463	0.35335	0.06584	0.04250	0.01849	0.02893	0.00778	0.02179	0.00188	0.00532	0.00586	0.00533	0.02349
20	0.00664	0.00474	0.00633	0.00759	0.00791	0.00443	0.00506	0.00759	0.01044	0.01392	0.03005	0.80485	0.03606	0.01708	0.00696	0.00221	0.00316	0.01550	0.00506	0.00443
21	0.01125	0.01047	0.01661	0.56621	0.14352	0.01245	0.01441	0.01657	0.12256	0.01582	0.01162	0.01524	0.00886	0.00565	0.00546	0.00179	0.00671	0.00504	0.00293	0.00682
22	0.01877	0.02119	0.01692	0.04251	0.16394	0.48645	0.01185	0.14061	0.01638	0.01766	0.00958	0.01122	0.00771	0.00562	0.00511	0.00150	0.00847	0.00404	0.00321	0.00724
23	0.00870	0.00534	0.00713	0.00773	0.00858	0.00490	0.00539	0.00998	0.01163	0.09728	0.12288	0.62350	0.03557	0.01522	0.00673	0.00209	0.00325	0.01371	0.00536	0.00504
24	0.00675	0.00487	0.00639	0.00741	0.00791	0.00451	0.00502	0.00789	0.01107	0.01481	0.11118	0.68555	0.07387	0.01628	0.00688	0.00214	0.00308	0.01469	0.00516	0.00451
25	0.00663	0.00481	0.00626	0.00742	0.00786	0.00444	0.00498	0.00761	0.01060	0.01398	0.03215	0.74192	0.09762	0.01681	0.00692	0.00218	0.00313	0.01516	0.00506	0.00444
26	0.01030	0.00969	0.01635	0.79530	0.03755	0.01211	0.01514	0.01393	0.01090	0.01393	0.00969	0.01453	0.00727	0.00545	0.00545	0.00182	0.00727	0.00484	0.00242	0.00606
27	0.01922	0.02413	0.01758	0.01596	0.05532	0.66525	0.09102	0.02106	0.01502	0.01401	0.00880	0.01054	0.00724	0.00547	0.00510	0.00146	0.00960	0.00389	0.00280	0.00655
28	0.01130	0.00969	0.01130	0.00807	0.01292	0.00727	0.00646	0.01373	0.01130	0.01776	0.00969	0.01130	0.00807	0.00404	0.00404	0.00081	0.00404	0.00323	0.00323	0.84173
29	0.01322	0.01305	0.02339	0.07287	0.61768	0.01304	0.13240	0.01670	0.01240	0.01755	0.01035	0.01374	0.00850	0.00485	0.00556	0.00166	0.00695	0.00510	0.00269	0.00830
30	0.00772	0.00557	0.00729	0.00686	0.00814	0.00514	0.00514	0.01029	0.01543	0.02186	0.77152	0.04072	0.05144	0.01115	0.00643	0.00171	0.00257	0.00986	0.00600	0.00514
31	0.00664	0.00474	0.00633	0.00759	0.00791	0.00443	0.00506	0.00759	0.01044	0.01392	0.03005	0.80485	0.03606	0.01708	0.00696	0.00221	0.00316	0.01550	0.00506	0.00443
32	0.84691	0.01054	0.00801	0.00717	0.01054	0.01223	0.00590	0.01603	0.00928	0.02446	0.00759	0.00886	0.00590	0.00506	0.00337	0.00169	0.00422	0.00295	0.00337	0.00590
33	0.00780	0.00578	0.00847	0.00847	0.00934	0.00666	0.00645	0.00955	0.00868	0.01244	0.01487	0.02290	0.01427	0.12048	0.70809	0.00840	0.01364	0.00606	0.00296	0.00471
34	0.01969	0.02373	0.01510	0.01351	0.01641	0.66153	0.01024	0.10021	0.01629	0.01563	0.01041	0.01169	0.02909	0.00685	0.02499	0.00163	0.00934	0.00395	0.00316	0.00655
35	0.00760	0.00557	0.00713	0.00674	0.00808	0.00510	0.00506	0.01007	0.01517	0.02123	0.70795	0.04177	0.11541	0.01138	0.00643	0.00173	0.00259	0.01001	0.00592	0.00510
36	0.01458	0.81168	0.02857	0.00933	0.01399	0.02157	0.00933	0.01632	0.01108	0.01283	0.00758	0.00875	0.00700	0.00466	0.00350	0.00117	0.00583	0.00292	0.00233	0.00700
37	0.01016	0.00508	0.00508	0.00508	0.00635	0.00508	0.00381	0.01270	0.01143	0.02033	0.01778	0.02033	0.01397	0.00635	0.00381	0.00127	0.00254	0.00508	0.83867	0.00508
38	0.01377	0.01319	0.04189	0.13350	0.57239	0.01326	0.01593	0.09605	0.01361	0.01906	0.01047	0.01353	0.00847	0.00513	0.00540	0.00165	0.00658	0.00484	0.00295	0.00834
39	0.84691	0.01054	0.00801	0.00717	0.01054	0.01223	0.00590	0.01603	0.00928	0.02446	0.00759	0.00886	0.00590	0.00506	0.00337	0.00169	0.00422	0.00295	0.00337	0.00590
40	0.01458	0.81168	0.02857	0.00933	0.01399	0.02157	0.00933	0.01632	0.01108	0.01283	0.00758	0.00875	0.00700	0.00466	0.00350	0.00117	0.00583	0.00292	0.00233	0.00700
41	0.01016	0.00508	0.00508	0.00508	0.00635	0.00508	0.00381	0.01270	0.01143	0.02033	0.01778	0.02033	0.01397	0.00635	0.00381	0.00127	0.00254	0.00508	0.83867	0.00508
42	0.00888	0.00705	0.03714	0.00910	0.02738	0.00614	0.00755	0.01122	0.01296	0.04744	0.16149	0.05044	0.19291	0.03852	0.00753	0.00223	0.00425	0.35745	0.00506	0.00526
43	0.11309	0.00941	0.01215	0.00943	0.01355	0.00847	0.00779	0.02543	0.01492	0.69695	0.02001	0.01751	0.01268	0.00657	0.00526	0.00169	0.00459	0.00521	0.00638	0.00891
44	0.01265	0.01540	0.10929	0.02462	0.23188	0.01317	0.45194	0.01696	0.01253	0.01744	0.01122	0.03640	0.00901	0.00508	0.00603	0.00178	0.00815	0.00600	0.00276	0.00770
45	0.01016	0.00508	0.00508	0.00508	0.00635	0.00508	0.00381	0.01270	0.01143	0.02033	0.01778	0.02033	0.01397	0.00635	0.00381	0.00127	0.00254	0.00508	0.83867	0.00508
46	0.01429	0.01325	0.01266	0.01141	0.01447	0.09685	0.00883	0.02819	0.68382	0.02179	0.02071	0.01921	0.01561	0.00720	0.00548	0.00180	0.00491	0.00588	0.00525	0.00838
47	0.01030	0.00969	0.01635	0.79530	0.03755	0.01211	0.01514	0.01393	0.01090	0.01393	0.00969	0.01453	0.00727	0.00545	0.00545	0.00182	0.00727	0.00484	0.00242	0.00606
48	0.01016	0.00508	0.00508	0.00508	0.00635	0.00508	0.00381	0.01270	0.01143	0.02033	0.01778	0.02033	0.01397	0.00635	0.00381	0.00127	0.00254	0.00508	0.83867	0.00508
49	0.00947	0.00473	0.00710	0.00710	0.00710	0.00473	0.00473	0.00710	0.00710	0.00947	0.00947	0.01657	0.00947	0.01894	0.02131	0.84138	0.00473	0.00473	0.00237	0.00237
50	0.01074	0.00624	0.00826	0.00737	0.00919	0.00566	0.00566	0.01323	0.01546	0.15835	0.63617	0.03672	0.04459	0.01035	0.00626	0.00171	0.00295	0.00907	0.00614	0.00589
51	0.01030	0.00969	0.01635	0.79530	0.03755	0.01211	0.01514	0.01393	0.01090	0.01393	0.00969	0.01453	0.00727	0.00545	0.00545	0.00182	0.00727	0.00484	0.00242	0.00606
52	0.00793	0.00529	0.00595	0.00595	0.00595	0.00529	0.00330	0.00793	0.00793	0.01057	0.01718	0.03568	0.01982	0.80840	0.02775	0.00529	0.00529	0.00793	0.00330	0.00330

[dist]
# distance from previous block
# <min> <max>
0	0

# created by:
# /st0/software/busco_prod/Augustus/scripts/msa2prfl.pl ./align_prep/196248.fa
