[name]
unknown

[dist]
# distance from previous block
# <min> <max>
0	34

[block]
# block no. 0 follows, 52 sequences, length 19
# corresponding to MSA columns:
# 34-52
name=unknown_A
#
# <colnr> <probs for GDERKNQSTAVLIFYWHMCP>
#	G	D	E	R	K	N	Q	S	T	A	V	L	I	F	Y	W	H	M	C	P
0	0.00901	0.00611	0.00863	0.01006	0.06807	0.00601	0.00790	0.01123	0.01127	0.06699	0.02451	0.04690	0.05665	0.01181	0.00623	0.00205	0.00435	0.59209	0.04518	0.00494
1	0.01512	0.01229	0.01388	0.01349	0.13016	0.07489	0.00948	0.32076	0.14538	0.07080	0.01330	0.06595	0.01072	0.00650	0.00583	0.00156	0.07333	0.00508	0.00414	0.00733
2	0.00604	0.00441	0.00557	0.00633	0.00686	0.00406	0.00428	0.00701	0.00978	0.01290	0.09611	0.59135	0.14486	0.06747	0.00728	0.00206	0.00284	0.01238	0.00447	0.00395
3	0.00743	0.00512	0.00626	0.00593	0.00735	0.00456	0.00446	0.00928	0.01266	0.06824	0.47386	0.08020	0.27531	0.01066	0.00569	0.00158	0.00249	0.00923	0.00508	0.00463
4	0.02050	0.00797	0.01085	0.00841	0.01194	0.00691	0.00691	0.02241	0.01386	0.73734	0.08412	0.01814	0.01481	0.00632	0.00494	0.00150	0.00397	0.00520	0.00594	0.00794
5	0.86392	0.00937	0.00712	0.00637	0.00937	0.01087	0.00525	0.01425	0.00825	0.02174	0.00675	0.00787	0.00525	0.00450	0.00300	0.00150	0.00375	0.00262	0.00300	0.00525
6	0.01680	0.01253	0.01338	0.01057	0.01410	0.01394	0.00863	0.60853	0.15764	0.02806	0.01328	0.01311	0.00962	0.00594	0.00478	0.00147	0.00490	0.00457	0.05019	0.00794
7	0.00692	0.00519	0.00779	0.00779	0.00865	0.00606	0.00606	0.00865	0.00779	0.01125	0.01298	0.01904	0.01211	0.03634	0.81049	0.00779	0.01298	0.00519	0.00260	0.00433
8	0.00972	0.02507	0.80458	0.01381	0.02097	0.01125	0.01790	0.01535	0.01023	0.01535	0.00870	0.01023	0.00614	0.00460	0.00460	0.00153	0.00716	0.00358	0.00205	0.00716
9	0.01009	0.00980	0.01639	0.58558	0.19948	0.02853	0.05512	0.01325	0.01017	0.01329	0.00876	0.01263	0.00677	0.00469	0.00487	0.00157	0.00645	0.00436	0.00223	0.00595
10	0.00703	0.00472	0.00542	0.00539	0.00548	0.00473	0.00311	0.00720	0.00743	0.00999	0.05737	0.03162	0.01899	0.76471	0.04421	0.00461	0.00478	0.00709	0.00306	0.00306
11	0.00602	0.00473	0.00544	0.00567	0.00683	0.00415	0.00410	0.00737	0.01113	0.01425	0.20331	0.26022	0.42442	0.01257	0.00585	0.00170	0.00252	0.01090	0.00468	0.00415
12	0.00789	0.00432	0.00602	0.00611	0.00613	0.00430	0.00394	0.00652	0.00673	0.00897	0.01153	0.08651	0.01252	0.20501	0.01920	0.58946	0.00421	0.00567	0.00250	0.00245
13	0.80180	0.00929	0.00743	0.00654	0.00959	0.01059	0.00539	0.01494	0.00866	0.07936	0.00766	0.00851	0.00575	0.00461	0.00314	0.00150	0.00378	0.00279	0.00322	0.00547
14	0.00711	0.00480	0.00624	0.00627	0.00657	0.00508	0.00416	0.00750	0.00729	0.01001	0.01419	0.05217	0.01532	0.45523	0.28540	0.09281	0.00735	0.00636	0.00279	0.00335
15	0.05431	0.08936	0.06945	0.05040	0.28534	0.03150	0.09210	0.08789	0.05163	0.10418	0.01057	0.01209	0.00806	0.00489	0.00494	0.00147	0.02722	0.00427	0.00312	0.00718
16	0.00744	0.00466	0.00623	0.00670	0.00737	0.00432	0.00464	0.00840	0.01016	0.07160	0.16305	0.55002	0.03109	0.03594	0.00734	0.05788	0.00296	0.01141	0.00456	0.00422
17	0.01195	0.15816	0.06039	0.12033	0.32709	0.04568	0.03384	0.01478	0.02540	0.03504	0.00885	0.01117	0.00726	0.00462	0.00494	0.00137	0.04474	0.00387	0.00247	0.07806
18	0.13093	0.07790	0.01245	0.00897	0.01230	0.00961	0.07558	0.07430	0.09789	0.06388	0.01307	0.13182	0.01173	0.00617	0.00436	0.00133	0.00423	0.00520	0.00359	0.25469

[dist]
# distance from previous block
# <min> <max>
1	17

[block]
# block no. 1 follows, 52 sequences, length 24
# corresponding to MSA columns:
# 70-93
name=unknown_B
#
# <colnr> <probs for GDERKNQSTAVLIFYWHMCP>
#	G	D	E	R	K	N	Q	S	T	A	V	L	I	F	Y	W	H	M	C	P
0	0.04781	0.01174	0.05215	0.01288	0.11655	0.04781	0.04105	0.07839	0.32912	0.10982	0.01461	0.01474	0.01094	0.01712	0.00527	0.00156	0.02398	0.00471	0.00407	0.05569
1	0.04250	0.00734	0.01093	0.03425	0.03812	0.00711	0.10369	0.05990	0.01079	0.07908	0.01872	0.35228	0.03855	0.01217	0.08029	0.00223	0.00501	0.00851	0.00386	0.08468
2	0.04225	0.01267	0.16246	0.04211	0.04118	0.01065	0.04077	0.06647	0.28881	0.11656	0.01577	0.01627	0.03887	0.03994	0.00577	0.00168	0.01604	0.00494	0.00396	0.03284
3	0.00597	0.00427	0.00568	0.00670	0.00704	0.00398	0.00450	0.00692	0.00959	0.01287	0.08079	0.77103	0.03301	0.01481	0.00615	0.00194	0.00277	0.01342	0.00456	0.00398
4	0.01419	0.01148	0.04395	0.01226	0.07400	0.03180	0.06487	0.16241	0.29179	0.13016	0.06998	0.01631	0.01343	0.00619	0.00536	0.00157	0.03322	0.00517	0.00445	0.00740
5	0.01060	0.00905	0.01289	0.12822	0.08946	0.00815	0.06698	0.03255	0.02236	0.03910	0.00991	0.03863	0.00830	0.00496	0.00483	0.03470	0.00462	0.00399	0.00289	0.46781
6	0.01018	0.00681	0.00875	0.00867	0.04030	0.00671	0.02594	0.14019	0.01226	0.09782	0.02325	0.43605	0.08322	0.03583	0.00617	0.00183	0.00363	0.00985	0.03723	0.00533
7	0.00705	0.00470	0.00529	0.00529	0.00529	0.00470	0.00294	0.00705	0.00705	0.00940	0.01527	0.03171	0.01762	0.82969	0.02467	0.00470	0.00470	0.00705	0.00294	0.00294
8	0.01674	0.01233	0.01325	0.01054	0.01406	0.01369	0.00858	0.54909	0.20550	0.05795	0.01399	0.01356	0.01008	0.00600	0.00482	0.00149	0.00483	0.00465	0.03083	0.00799
9	0.00804	0.00609	0.00879	0.03940	0.00989	0.00724	0.00662	0.00951	0.00808	0.04163	0.01329	0.07543	0.01301	0.10442	0.50453	0.00580	0.12514	0.00579	0.00281	0.00450
10	0.01196	0.09826	0.01255	0.00809	0.01208	0.00853	0.02337	0.01399	0.01041	0.11828	0.00968	0.01074	0.00766	0.00425	0.00445	0.00095	0.05051	0.00324	0.00314	0.58784
11	0.01994	0.01114	0.01303	0.00999	0.01381	0.01141	0.00826	0.43574	0.01871	0.38386	0.01506	0.01386	0.00996	0.00590	0.00486	0.00147	0.00478	0.00460	0.00537	0.00824
12	0.01060	0.01060	0.01484	0.01272	0.01272	0.01484	0.01060	0.01166	0.00742	0.01166	0.00636	0.01060	0.00636	0.00848	0.01590	0.00212	0.82082	0.00424	0.00212	0.00530
13	0.00819	0.00644	0.00875	0.00919	0.05653	0.01878	0.05500	0.01074	0.08638	0.05368	0.02677	0.46872	0.14785	0.01189	0.00578	0.00180	0.00353	0.01070	0.00433	0.00496
14	0.32085	0.01154	0.01152	0.00919	0.01272	0.01279	0.00758	0.42531	0.03429	0.09405	0.01072	0.01086	0.00765	0.00538	0.00419	0.00148	0.00463	0.00381	0.00429	0.00716
15	0.01249	0.00929	0.01075	0.00812	0.01196	0.00821	0.00651	0.15614	0.04952	0.09033	0.03877	0.04183	0.01042	0.00500	0.00417	0.00104	0.00390	0.00405	0.00376	0.52372
16	0.00619	0.00487	0.00521	0.00516	0.00663	0.00421	0.00386	0.00768	0.01146	0.01466	0.19256	0.06278	0.57540	0.01142	0.00557	0.00159	0.00242	0.00963	0.06450	0.00421
17	0.01173	0.01090	0.01713	0.15565	0.51031	0.01159	0.01320	0.03976	0.14887	0.01649	0.01098	0.01321	0.00875	0.00485	0.00483	0.00150	0.00552	0.00452	0.00288	0.00731
18	0.01306	0.00863	0.00920	0.00786	0.01028	0.00936	0.00623	0.22568	0.20318	0.06746	0.01581	0.01623	0.01183	0.00594	0.00425	0.00136	0.00359	0.00473	0.36882	0.00651
19	0.00802	0.00547	0.00687	0.00647	0.00786	0.00514	0.00486	0.01080	0.06473	0.07202	0.54404	0.11138	0.11335	0.01016	0.00565	0.00158	0.00258	0.00891	0.00519	0.00492
20	0.02100	0.04165	0.01194	0.00875	0.01249	0.00806	0.00727	0.05472	0.03466	0.71835	0.01833	0.01598	0.01168	0.00593	0.00480	0.00148	0.00421	0.00478	0.00576	0.00815
21	0.04838	0.00746	0.00944	0.00772	0.01047	0.00697	0.00620	0.06575	0.03653	0.41609	0.25807	0.02207	0.02202	0.00713	0.00498	0.00149	0.00351	0.00595	0.05300	0.00677
22	0.01853	0.01023	0.01314	0.01008	0.01367	0.01021	0.06199	0.30876	0.01657	0.38053	0.01504	0.01444	0.01014	0.00619	0.00538	0.03449	0.00476	0.00469	0.05348	0.00768
23	0.73827	0.00956	0.00769	0.00667	0.00980	0.02781	0.00546	0.01462	0.00877	0.05690	0.00748	0.00846	0.00573	0.00451	0.00316	0.00143	0.00386	0.00276	0.00312	0.07392

[dist]
# distance from previous block
# <min> <max>
0	2

[block]
# block no. 2 follows, 52 sequences, length 19
# corresponding to MSA columns:
# 96-114
name=unknown_C
#
# <colnr> <probs for GDERKNQSTAVLIFYWHMCP>
#	G	D	E	R	K	N	Q	S	T	A	V	L	I	F	Y	W	H	M	C	P
0	0.18948	0.00998	0.01122	0.00870	0.01233	0.00989	0.03644	0.18130	0.05439	0.07894	0.04130	0.01200	0.00928	0.00496	0.00431	0.00124	0.02011	0.00380	0.00373	0.30659
1	0.00947	0.03197	0.00757	0.00654	0.00795	0.00551	0.00487	0.01084	0.01107	0.14773	0.26656	0.08854	0.11583	0.14611	0.08286	0.03556	0.00420	0.00767	0.00442	0.00476
2	0.04873	0.00706	0.00923	0.00766	0.01041	0.00628	0.00610	0.01782	0.01291	0.50033	0.14932	0.11537	0.07138	0.00806	0.00515	0.00157	0.00354	0.00681	0.00550	0.00675
3	0.01801	0.00742	0.01005	0.00799	0.01109	0.00648	0.00648	0.01999	0.01383	0.60653	0.21401	0.02143	0.02045	0.00698	0.00508	0.00151	0.00366	0.00585	0.00583	0.00733
4	0.01708	0.01263	0.01349	0.01058	0.01416	0.01402	0.00867	0.64524	0.11323	0.02854	0.01286	0.01280	0.00928	0.00590	0.00477	0.00146	0.00496	0.00451	0.05789	0.00794
5	0.78789	0.00975	0.00779	0.00680	0.00988	0.01125	0.00560	0.08341	0.00955	0.02253	0.00719	0.00821	0.00552	0.00462	0.00317	0.00150	0.00389	0.00278	0.00317	0.00552
6	0.74890	0.00963	0.00794	0.00687	0.00999	0.01097	0.00566	0.07405	0.00970	0.06869	0.00786	0.00867	0.00588	0.00469	0.00325	0.00150	0.00389	0.00289	0.00332	0.00566
7	0.09331	0.02616	0.01287	0.00989	0.01355	0.04553	0.00813	0.40088	0.04815	0.27192	0.01362	0.01290	0.00930	0.00572	0.00465	0.00146	0.00489	0.00433	0.00490	0.00781
8	0.01275	0.78233	0.07391	0.00864	0.01297	0.01868	0.00889	0.01456	0.00987	0.01165	0.00686	0.00793	0.00621	0.00417	0.00320	0.00107	0.00531	0.00265	0.00207	0.00628
9	0.01266	0.74513	0.08710	0.00908	0.01348	0.01835	0.03135	0.01461	0.00992	0.01183	0.00698	0.00812	0.00625	0.00418	0.00330	0.00109	0.00543	0.00276	0.00208	0.00630
10	0.01152	0.00936	0.01083	0.00956	0.01206	0.01034	0.04603	0.08029	0.49131	0.04068	0.02056	0.13100	0.04833	0.00776	0.00509	0.00164	0.00390	0.00669	0.04617	0.00685
11	0.00592	0.00488	0.00521	0.00520	0.00669	0.00416	0.00387	0.00731	0.01140	0.01411	0.17248	0.08426	0.63370	0.01203	0.00575	0.00163	0.00244	0.01016	0.00464	0.00416
12	0.01054	0.01030	0.01624	0.25139	0.21345	0.01278	0.02915	0.01275	0.00906	0.01299	0.00777	0.01167	0.00674	0.00630	0.00972	0.00179	0.36488	0.00431	0.00221	0.00594
13	0.00604	0.00461	0.00555	0.00597	0.00690	0.00412	0.00423	0.00732	0.01081	0.01408	0.19377	0.39158	0.30136	0.01308	0.00593	0.00176	0.00258	0.01150	0.00467	0.00412
14	0.00703	0.00507	0.00742	0.00742	0.00814	0.00579	0.00560	0.00833	0.00761	0.01087	0.01292	0.02010	0.01246	0.11949	0.67468	0.06357	0.01152	0.00532	0.00260	0.00403
15	0.01332	0.65607	0.02301	0.00919	0.01276	0.08878	0.00864	0.03518	0.01029	0.01198	0.00690	0.00825	0.00629	0.00470	0.00456	0.00118	0.08774	0.00285	0.00219	0.00613
16	0.00644	0.00482	0.00625	0.00684	0.00738	0.00479	0.00484	0.00756	0.00987	0.01339	0.10971	0.56871	0.10816	0.01352	0.00664	0.00187	0.05665	0.02425	0.03417	0.00414
17	0.03612	0.04134	0.01398	0.07294	0.10187	0.12364	0.00921	0.27994	0.02647	0.08258	0.03292	0.01208	0.00892	0.00518	0.00451	0.00132	0.00543	0.00404	0.00372	0.13378
18	0.01538	0.01032	0.01268	0.05090	0.01455	0.01084	0.04709	0.17975	0.28972	0.21861	0.01624	0.03156	0.01178	0.00604	0.00487	0.00151	0.00453	0.00504	0.00477	0.06382

[dist]
# distance from previous block
# <min> <max>
0	3

[block]
# block no. 3 follows, 52 sequences, length 10
# corresponding to MSA columns:
# 118-127
name=unknown_D
#
# <colnr> <probs for GDERKNQSTAVLIFYWHMCP>
#	G	D	E	R	K	N	Q	S	T	A	V	L	I	F	Y	W	H	M	C	P
0	0.04840	0.04093	0.01277	0.04263	0.01372	0.09030	0.05637	0.20864	0.02746	0.23255	0.04164	0.04181	0.01147	0.00598	0.00464	0.00144	0.00493	0.00484	0.10264	0.00685
1	0.01711	0.01125	0.01440	0.09920	0.14059	0.01189	0.00998	0.36220	0.03788	0.22620	0.01307	0.01326	0.00911	0.00554	0.00485	0.00149	0.00517	0.00451	0.00447	0.00783
2	0.01299	0.34383	0.28110	0.01079	0.01577	0.01515	0.01163	0.19737	0.01299	0.01726	0.00875	0.00986	0.00686	0.00570	0.02921	0.00151	0.00612	0.00342	0.00274	0.00695
3	0.00616	0.00462	0.00575	0.00637	0.00720	0.00421	0.00459	0.00743	0.01053	0.01374	0.13979	0.44218	0.23461	0.01352	0.00605	0.00184	0.00279	0.07988	0.00461	0.00411
4	0.86392	0.00937	0.00712	0.00637	0.00937	0.01087	0.00525	0.01425	0.00825	0.02174	0.00675	0.00787	0.00525	0.00450	0.00300	0.00150	0.00375	0.00262	0.00300	0.00525
5	0.01498	0.01066	0.01181	0.00935	0.01249	0.01126	0.00747	0.44025	0.07181	0.07827	0.09432	0.01696	0.01374	0.09393	0.00694	0.00175	0.00459	0.00507	0.00459	0.08977
6	0.00702	0.00457	0.00600	0.00673	0.00737	0.00419	0.00463	0.00803	0.00991	0.06674	0.06456	0.68527	0.07842	0.01412	0.00604	0.00189	0.00285	0.01271	0.00464	0.00427
7	0.00900	0.00907	0.06380	0.00932	0.01074	0.04532	0.00780	0.03700	0.04523	0.01384	0.04600	0.19403	0.07921	0.03109	0.07395	0.00239	0.19706	0.08827	0.00349	0.03339
8	0.12972	0.26297	0.06143	0.01092	0.03988	0.06261	0.05595	0.04290	0.04768	0.04004	0.00944	0.05682	0.00838	0.00589	0.00604	0.00149	0.14485	0.00413	0.00277	0.00609
9	0.01146	0.04422	0.03317	0.01108	0.01302	0.01272	0.02994	0.10086	0.06189	0.01531	0.00874	0.01173	0.00767	0.03319	0.01070	0.00175	0.41156	0.00411	0.00280	0.17407

[dist]
# distance from previous block
# <min> <max>
0	3

[block]
# block no. 4 follows, 52 sequences, length 9
# corresponding to MSA columns:
# 131-139
name=unknown_E
#
# <colnr> <probs for GDERKNQSTAVLIFYWHMCP>
#	G	D	E	R	K	N	Q	S	T	A	V	L	I	F	Y	W	H	M	C	P
0	0.35111	0.00968	0.01024	0.00821	0.01169	0.01006	0.00678	0.16081	0.01332	0.35358	0.01288	0.01221	0.00866	0.00538	0.00413	0.00149	0.00420	0.00390	0.00461	0.00707
1	0.01720	0.05523	0.01286	0.00967	0.01317	0.06353	0.00789	0.23019	0.16040	0.28115	0.01493	0.01413	0.01049	0.00647	0.02425	0.00158	0.00494	0.00449	0.00476	0.06268
2	0.00749	0.00524	0.00652	0.00614	0.00751	0.00481	0.00462	0.00984	0.03673	0.05619	0.56188	0.06988	0.18430	0.01028	0.00567	0.00157	0.00248	0.00896	0.00516	0.00473
3	0.01316	0.01090	0.01187	0.05332	0.01418	0.01231	0.00820	0.18830	0.53807	0.02182	0.01674	0.01595	0.01249	0.00615	0.00483	0.00155	0.00429	0.00503	0.00465	0.05619
4	0.01786	0.00920	0.01087	0.00856	0.01178	0.00918	0.00700	0.27349	0.01602	0.37428	0.01591	0.01522	0.01084	0.00586	0.00454	0.00140	0.00412	0.00463	0.19181	0.00743
5	0.00687	0.00455	0.00604	0.00693	0.00750	0.00422	0.00483	0.00788	0.00971	0.05499	0.02702	0.70502	0.05751	0.01447	0.00613	0.00195	0.00298	0.06263	0.00458	0.00421
6	0.01730	0.05284	0.03428	0.01104	0.01490	0.01111	0.11713	0.28462	0.01624	0.30385	0.05602	0.01482	0.01142	0.00574	0.00490	0.00147	0.00510	0.00487	0.02477	0.00759
7	0.00685	0.00466	0.00530	0.00541	0.00554	0.00458	0.00314	0.00701	0.00753	0.00993	0.01860	0.11242	0.06939	0.69523	0.02159	0.00423	0.00436	0.00793	0.00319	0.00311
8	0.00793	0.00660	0.00923	0.00866	0.00913	0.00816	0.00671	0.00919	0.00803	0.01167	0.06162	0.06785	0.01460	0.14526	0.36470	0.00495	0.24260	0.00594	0.00280	0.00439

[dist]
# distance from previous block
# <min> <max>
3	9

[block]
# block no. 5 follows, 52 sequences, length 20
# corresponding to MSA columns:
# 149-168
name=unknown_F
#
# <colnr> <probs for GDERKNQSTAVLIFYWHMCP>
#	G	D	E	R	K	N	Q	S	T	A	V	L	I	F	Y	W	H	M	C	P
0	0.09085	0.01219	0.01264	0.08642	0.01526	0.08136	0.00848	0.39353	0.01649	0.05648	0.01055	0.01175	0.00793	0.02013	0.03245	0.00162	0.00555	0.00398	0.00388	0.12846
1	0.00914	0.00779	0.05186	0.02685	0.05098	0.03422	0.00600	0.04359	0.03842	0.04469	0.12916	0.05920	0.01945	0.40670	0.03217	0.00322	0.02185	0.00669	0.00349	0.00454
2	0.01067	0.00859	0.01011	0.00725	0.01153	0.00650	0.00582	0.01281	0.01025	0.05771	0.00917	0.01039	0.00743	0.00372	0.00366	0.00076	0.00362	0.00298	0.00304	0.81399
3	0.01051	0.00921	0.01307	0.49119	0.02480	0.01099	0.01103	0.08935	0.19247	0.01627	0.04610	0.04157	0.01110	0.00590	0.00495	0.00161	0.00544	0.00509	0.00327	0.00611
4	0.01518	0.01806	0.01413	0.08886	0.01610	0.49700	0.01009	0.03317	0.01180	0.01226	0.00737	0.00971	0.00634	0.00596	0.00762	0.00153	0.23326	0.00357	0.00241	0.00557
5	0.00590	0.00422	0.00562	0.00675	0.00703	0.00394	0.00450	0.00675	0.00928	0.01237	0.02671	0.82653	0.03205	0.01518	0.00619	0.00197	0.00281	0.01378	0.00450	0.00394
6	0.00622	0.00460	0.00551	0.00589	0.00661	0.00422	0.00400	0.00723	0.01002	0.01310	0.15021	0.35059	0.23251	0.16550	0.00944	0.00232	0.00299	0.01081	0.00434	0.00389
7	0.01870	0.01206	0.01348	0.01045	0.01420	0.01292	0.00859	0.54290	0.08190	0.21271	0.01405	0.01330	0.00965	0.00592	0.00486	0.00148	0.00493	0.00457	0.00513	0.00820
8	0.36485	0.00888	0.00962	0.00779	0.01121	0.00896	0.00642	0.03566	0.03383	0.44600	0.01393	0.01292	0.00925	0.00540	0.00411	0.00150	0.00399	0.00396	0.00472	0.00701
9	0.05106	0.07825	0.01368	0.00976	0.01331	0.01287	0.00812	0.47051	0.03947	0.16189	0.01286	0.01298	0.00923	0.01905	0.02103	0.00160	0.00499	0.00434	0.04742	0.00760
10	0.01579	0.25506	0.17597	0.00951	0.01393	0.01161	0.00957	0.04091	0.01220	0.34362	0.05597	0.01359	0.01085	0.00538	0.00434	0.00137	0.00499	0.00414	0.00397	0.00723
11	0.03153	0.71458	0.03892	0.00900	0.01319	0.01815	0.04181	0.04690	0.01051	0.02769	0.00735	0.00838	0.00644	0.00426	0.00335	0.00111	0.00530	0.00286	0.00230	0.00635
12	0.86392	0.00937	0.00712	0.00637	0.00937	0.01087	0.00525	0.01425	0.00825	0.02174	0.00675	0.00787	0.00525	0.00450	0.00300	0.00150	0.00375	0.00262	0.00300	0.00525
13	0.05278	0.01261	0.01254	0.01029	0.01344	0.09293	0.00823	0.40183	0.16341	0.08616	0.01383	0.05023	0.01076	0.02970	0.00553	0.00160	0.01734	0.00491	0.00453	0.00735
14	0.00646	0.00488	0.00590	0.00594	0.00701	0.00446	0.00429	0.00826	0.02641	0.01574	0.37920	0.20409	0.24316	0.05388	0.00678	0.00181	0.00260	0.01006	0.00480	0.00428
15	0.01434	0.00980	0.03259	0.04098	0.01245	0.01019	0.00761	0.31530	0.01541	0.13233	0.01570	0.04883	0.05389	0.00668	0.00547	0.00148	0.06749	0.00514	0.19769	0.00662
16	0.00592	0.00484	0.00523	0.00530	0.00671	0.00415	0.00391	0.00726	0.01124	0.01396	0.15870	0.13516	0.59629	0.01225	0.00578	0.00166	0.00247	0.01042	0.00463	0.00415
17	0.00745	0.00472	0.00654	0.00654	0.00686	0.00504	0.00450	0.00739	0.00708	0.00975	0.01218	0.02149	0.01258	0.27214	0.31061	0.28641	0.00757	0.00544	0.00254	0.00317
18	0.04405	0.66748	0.04922	0.04377	0.01409	0.01779	0.03532	0.05682	0.01056	0.01315	0.00726	0.00847	0.00634	0.00429	0.00341	0.00114	0.00536	0.00290	0.00228	0.00630
19	0.01780	0.00811	0.01046	0.00845	0.01162	0.00757	0.00682	0.02176	0.14658	0.54868	0.13879	0.01979	0.01766	0.00670	0.00501	0.00153	0.00379	0.00557	0.00571	0.00758

[dist]
# distance from previous block
# <min> <max>
0	1

[block]
# block no. 6 follows, 52 sequences, length 13
# corresponding to MSA columns:
# 170-182
name=unknown_G
#
# <colnr> <probs for GDERKNQSTAVLIFYWHMCP>
#	G	D	E	R	K	N	Q	S	T	A	V	L	I	F	Y	W	H	M	C	P
0	0.19439	0.48844	0.09484	0.00837	0.01228	0.04039	0.00831	0.01427	0.00997	0.01464	0.06865	0.01028	0.00909	0.00474	0.00347	0.00123	0.00495	0.00319	0.00254	0.00595
1	0.17700	0.07582	0.07032	0.00898	0.01306	0.05981	0.04033	0.08623	0.01149	0.08402	0.00926	0.01020	0.00711	0.00440	0.00388	0.00116	0.00473	0.00330	0.00318	0.32573
2	0.00748	0.00450	0.00566	0.00571	0.00572	0.00449	0.00345	0.00678	0.00688	0.00918	0.01334	0.05957	0.01498	0.50802	0.02186	0.30620	0.00445	0.00633	0.00271	0.00269
3	0.00991	0.04357	0.05365	0.00843	0.01086	0.05689	0.06676	0.01276	0.04640	0.09034	0.40357	0.02783	0.11003	0.00818	0.00529	0.00149	0.00383	0.00712	0.00450	0.02858
4	0.00912	0.00742	0.01006	0.00940	0.00979	0.00920	0.00738	0.01022	0.00864	0.04588	0.01549	0.25839	0.01687	0.07461	0.01181	0.00219	0.37270	0.05483	0.06128	0.00473
5	0.00611	0.00434	0.00573	0.00678	0.00709	0.00409	0.00459	0.00697	0.00923	0.01228	0.02580	0.71994	0.03073	0.07505	0.00758	0.00219	0.00305	0.06018	0.00438	0.00390
6	0.01277	0.01124	0.01775	0.02528	0.62701	0.02715	0.01322	0.04473	0.05219	0.06952	0.01114	0.04651	0.00935	0.00507	0.00486	0.00147	0.00547	0.00479	0.00296	0.00754
7	0.01317	0.01100	0.01194	0.07327	0.01469	0.03006	0.00851	0.19424	0.49769	0.02147	0.01708	0.01798	0.01318	0.00660	0.00499	0.00162	0.00452	0.04597	0.00462	0.00740
8	0.00682	0.00492	0.00635	0.00691	0.00772	0.00469	0.00524	0.00830	0.01058	0.01404	0.17426	0.24287	0.11022	0.12739	0.00880	0.00231	0.00345	0.24659	0.00443	0.00410
9	0.07813	0.01023	0.01552	0.27883	0.28865	0.01116	0.03617	0.08389	0.05688	0.02956	0.01002	0.02388	0.00796	0.00509	0.00489	0.01310	0.00560	0.00439	0.00284	0.03322
10	0.19030	0.00804	0.00946	0.04486	0.01157	0.00787	0.00642	0.05203	0.02709	0.31648	0.18076	0.01875	0.03439	0.00644	0.00459	0.00146	0.00374	0.00518	0.00474	0.06584
11	0.07289	0.00958	0.01294	0.01177	0.04414	0.01272	0.00919	0.01132	0.00788	0.01266	0.04399	0.01418	0.00950	0.10682	0.01507	0.00233	0.59083	0.00467	0.00244	0.00508
12	0.01126	0.01102	0.01587	0.27114	0.33664	0.06966	0.01242	0.01442	0.04423	0.01445	0.00911	0.01201	0.00738	0.00473	0.00515	0.00143	0.04340	0.00410	0.00248	0.10910

[dist]
# distance from previous block
# <min> <max>
1	4

[block]
# block no. 7 follows, 52 sequences, length 49
# corresponding to MSA columns:
# 188-236
name=unknown_H
#
# <colnr> <probs for GDERKNQSTAVLIFYWHMCP>
#	G	D	E	R	K	N	Q	S	T	A	V	L	I	F	Y	W	H	M	C	P
0	0.38896	0.03390	0.03835	0.00780	0.01135	0.00954	0.00670	0.05035	0.01133	0.33370	0.01218	0.01180	0.00832	0.00513	0.00392	0.00145	0.00410	0.00367	0.01696	0.04051
1	0.00783	0.00522	0.00650	0.00602	0.00750	0.00467	0.00457	0.00982	0.01309	0.08314	0.55217	0.03707	0.22384	0.01015	0.00565	0.00155	0.00248	0.00879	0.00519	0.00476
2	0.01541	0.06249	0.04646	0.01155	0.01412	0.46682	0.03584	0.01754	0.04851	0.07217	0.02214	0.08856	0.01015	0.00633	0.00539	0.00143	0.06161	0.00462	0.00304	0.00584
3	0.08112	0.45427	0.01908	0.00870	0.01256	0.01531	0.00796	0.15387	0.01272	0.15804	0.00999	0.01031	0.00769	0.00557	0.02277	0.00139	0.00509	0.00338	0.00336	0.00683
4	0.00614	0.00454	0.00577	0.00651	0.00713	0.00423	0.00448	0.00752	0.02848	0.01352	0.12433	0.61279	0.12872	0.01397	0.00604	0.00186	0.00273	0.01252	0.00461	0.00412
5	0.01894	0.01017	0.01204	0.00943	0.01298	0.01030	0.00772	0.29850	0.08867	0.40735	0.01628	0.01497	0.01092	0.00597	0.00479	0.00148	0.00443	0.00472	0.05236	0.00799
6	0.00730	0.00506	0.00620	0.00595	0.00731	0.00451	0.00444	0.00910	0.01248	0.06280	0.44934	0.11495	0.27074	0.01091	0.00572	0.00160	0.00250	0.00947	0.00504	0.00458
7	0.01060	0.01060	0.01484	0.01272	0.01272	0.01484	0.01060	0.01166	0.00742	0.01166	0.00636	0.01060	0.00636	0.00848	0.01590	0.00212	0.82082	0.00424	0.00212	0.00530
8	0.01017	0.00876	0.01125	0.16614	0.03343	0.00788	0.00765	0.05094	0.01071	0.01587	0.03648	0.02526	0.00885	0.00446	0.00424	0.00102	0.01767	0.00367	0.00292	0.57264
9	0.01773	0.01323	0.01415	0.01101	0.01477	0.01471	0.00904	0.70121	0.10600	0.02943	0.01251	0.01233	0.00895	0.00590	0.00486	0.00147	0.00517	0.00448	0.00486	0.00818
10	0.86392	0.00937	0.00712	0.00637	0.00937	0.01087	0.00525	0.01425	0.00825	0.02174	0.00675	0.00787	0.00525	0.00450	0.00300	0.00150	0.00375	0.00262	0.00300	0.00525
11	0.00977	0.00979	0.05218	0.34928	0.30590	0.01002	0.01265	0.01284	0.02768	0.01395	0.01188	0.13987	0.01108	0.00630	0.00503	0.00160	0.00561	0.00578	0.00267	0.00612
12	0.00680	0.00481	0.00652	0.04489	0.00854	0.00459	0.00509	0.00831	0.01097	0.03337	0.28906	0.47948	0.03495	0.01263	0.00594	0.00180	0.00288	0.03033	0.00471	0.00434
13	0.05536	0.00829	0.01108	0.00853	0.01225	0.00727	0.00705	0.02324	0.01365	0.77164	0.01862	0.01615	0.01173	0.00594	0.00480	0.00150	0.00411	0.00478	0.00588	0.00813
14	0.00603	0.00433	0.00574	0.00683	0.00721	0.00405	0.00469	0.00698	0.00947	0.01254	0.02746	0.74611	0.05997	0.01495	0.00620	0.00197	0.00291	0.06408	0.00450	0.00398
15	0.01650	0.01156	0.01268	0.01028	0.01370	0.01270	0.00831	0.38027	0.31328	0.14367	0.01584	0.01482	0.01130	0.00613	0.00488	0.00153	0.00458	0.00486	0.00505	0.00803
16	0.00841	0.00568	0.00710	0.00643	0.00796	0.00530	0.00492	0.05531	0.01396	0.07184	0.61599	0.03459	0.12445	0.00967	0.00561	0.00153	0.00261	0.00841	0.00526	0.00498
17	0.53220	0.01122	0.08972	0.00809	0.01159	0.01088	0.00731	0.12308	0.01099	0.09437	0.00913	0.01006	0.00677	0.00660	0.04843	0.00185	0.00487	0.00332	0.00342	0.00609
18	0.01105	0.00893	0.01449	0.59581	0.08031	0.01070	0.01252	0.01390	0.01011	0.11188	0.00978	0.01311	0.00723	0.00526	0.00578	0.00163	0.07461	0.00437	0.00265	0.00589
19	0.01382	0.69512	0.02332	0.00869	0.01259	0.04557	0.00835	0.03257	0.01048	0.07002	0.00777	0.00864	0.00670	0.00451	0.00379	0.00113	0.03528	0.00288	0.00244	0.00636
20	0.25111	0.04053	0.16321	0.04693	0.01460	0.06577	0.00958	0.19700	0.03340	0.03864	0.01003	0.04298	0.00796	0.00555	0.00460	0.00150	0.03366	0.00400	0.02248	0.00645
21	0.11022	0.00819	0.01004	0.02650	0.01066	0.03655	0.07248	0.02599	0.03786	0.04893	0.01224	0.01537	0.01003	0.05951	0.00741	0.00168	0.15271	0.00451	0.34392	0.00520
22	0.00635	0.00454	0.00581	0.00657	0.00705	0.00429	0.00455	0.00733	0.00955	0.01267	0.08154	0.50526	0.08149	0.14763	0.00920	0.00239	0.00323	0.09235	0.00430	0.00388
23	0.05704	0.00868	0.01213	0.13028	0.08701	0.00842	0.00860	0.04179	0.02311	0.51434	0.01574	0.01510	0.01042	0.00559	0.00472	0.00150	0.00456	0.00461	0.03887	0.00748
24	0.00759	0.00548	0.00752	0.00850	0.00963	0.00540	0.00733	0.00973	0.01123	0.01460	0.06348	0.07140	0.07553	0.01320	0.00658	0.00216	0.00420	0.66753	0.00451	0.00443
25	0.00768	0.00500	0.00652	0.00650	0.00724	0.00487	0.00461	0.03017	0.04119	0.01383	0.24048	0.18347	0.09091	0.01343	0.01058	0.31469	0.00325	0.00796	0.00389	0.00373
26	0.01675	0.23629	0.01680	0.01138	0.01431	0.60190	0.00908	0.01808	0.01271	0.01174	0.00729	0.00848	0.00624	0.00477	0.00404	0.00119	0.00780	0.00298	0.00239	0.00578
27	0.00614	0.00439	0.00590	0.00702	0.00741	0.00414	0.00491	0.00716	0.00951	0.01264	0.02658	0.72954	0.03153	0.01496	0.00625	0.00200	0.00302	0.10841	0.00449	0.00400
28	0.00719	0.00593	0.02732	0.00821	0.06084	0.00532	0.00576	0.00958	0.03914	0.01682	0.43427	0.23091	0.07889	0.01086	0.00575	0.00167	0.00292	0.03909	0.00475	0.00476
29	0.01027	0.00987	0.01617	0.54599	0.27993	0.02880	0.01382	0.01334	0.01021	0.01348	0.00875	0.01253	0.00685	0.00468	0.00482	0.00155	0.00628	0.00428	0.00224	0.00613
30	0.86392	0.00937	0.00712	0.00637	0.00937	0.01087	0.00525	0.01425	0.00825	0.02174	0.00675	0.00787	0.00525	0.00450	0.00300	0.00150	0.00375	0.00262	0.00300	0.00525
31	0.00944	0.00891	0.01505	0.73868	0.11050	0.01084	0.01360	0.01263	0.00983	0.01273	0.00866	0.01283	0.00658	0.00479	0.00484	0.00160	0.00639	0.00431	0.00218	0.00561
32	0.00917	0.00750	0.01148	0.52146	0.02379	0.00887	0.01014	0.03944	0.01076	0.01508	0.10924	0.01685	0.01267	0.00568	0.00466	0.00150	0.00504	0.00491	0.17655	0.00521
33	0.01778	0.01284	0.01350	0.01068	0.01429	0.05105	0.00870	0.52782	0.14692	0.12502	0.01370	0.01316	0.00969	0.00593	0.00484	0.00148	0.00510	0.00455	0.00490	0.00802
34	0.00736	0.00518	0.00635	0.00621	0.00643	0.00562	0.00405	0.00785	0.00736	0.01030	0.01427	0.02730	0.01560	0.58859	0.16892	0.00493	0.06077	0.00640	0.04308	0.00343
35	0.04547	0.00810	0.01042	0.01133	0.13795	0.00874	0.00750	0.06145	0.13942	0.08942	0.01441	0.03549	0.01178	0.03930	0.13449	0.00259	0.04316	0.00499	0.18790	0.00609
36	0.01040	0.00669	0.00760	0.00691	0.00859	0.00710	0.02449	0.04210	0.19097	0.05407	0.03999	0.05699	0.01479	0.05483	0.00558	0.00157	0.01660	0.00549	0.43975	0.00549
37	0.04947	0.00976	0.01605	0.48474	0.30925	0.01110	0.01354	0.02373	0.01029	0.01430	0.00875	0.01234	0.00687	0.00465	0.00474	0.00154	0.00607	0.00423	0.00232	0.00625
38	0.00662	0.00507	0.00677	0.00732	0.00804	0.00491	0.02814	0.00873	0.07607	0.01343	0.05491	0.67172	0.06217	0.01380	0.00603	0.00190	0.00303	0.01250	0.00450	0.00436
39	0.26456	0.18593	0.13261	0.01048	0.06601	0.01217	0.03979	0.05016	0.01044	0.06563	0.00854	0.00967	0.00663	0.00445	0.00377	0.00131	0.00495	0.00325	0.00285	0.11680
40	0.03440	0.01168	0.07598	0.14228	0.33939	0.01139	0.05130	0.06507	0.06364	0.05251	0.03363	0.02283	0.00933	0.00531	0.00558	0.00156	0.05962	0.00463	0.00294	0.00693
41	0.01037	0.02057	0.57228	0.06150	0.07277	0.01067	0.04403	0.01514	0.01041	0.04354	0.00913	0.01082	0.00662	0.00453	0.00458	0.00146	0.00661	0.00373	0.00231	0.08893
42	0.05858	0.00829	0.01080	0.00835	0.01195	0.00734	0.00686	0.04444	0.01362	0.64510	0.06327	0.01668	0.01323	0.00599	0.00475	0.00145	0.00400	0.00485	0.00558	0.06489
43	0.04191	0.01491	0.19166	0.01105	0.01525	0.01281	0.01047	0.41278	0.13651	0.02426	0.04843	0.03482	0.01102	0.00605	0.00482	0.00152	0.00526	0.00475	0.00418	0.00753
44	0.03398	0.04330	0.00778	0.05432	0.00955	0.00575	0.00547	0.01004	0.01031	0.11713	0.04441	0.39289	0.18065	0.01184	0.00599	0.02756	0.00333	0.02662	0.00435	0.00474
45	0.00650	0.00483	0.00605	0.00597	0.00708	0.00438	0.00439	0.00837	0.01254	0.01716	0.53813	0.15736	0.18707	0.01115	0.00579	0.00161	0.00240	0.00980	0.00505	0.00438
46	0.02268	0.02250	0.06607	0.11473	0.27894	0.06251	0.05919	0.05719	0.09620	0.15385	0.01193	0.01318	0.00883	0.00504	0.00481	0.00150	0.00573	0.00446	0.00339	0.00725
47	0.00696	0.00482	0.00604	0.00609	0.00636	0.00506	0.00393	0.00751	0.00737	0.01008	0.01512	0.06441	0.01666	0.55919	0.25479	0.00548	0.00705	0.00681	0.00291	0.00339
48	0.14322	0.24319	0.02568	0.00847	0.01166	0.05028	0.00728	0.11378	0.10996	0.10334	0.02543	0.04263	0.01039	0.03428	0.00474	0.00148	0.00459	0.00425	0.04897	0.00640

[dist]
# distance from previous block
# <min> <max>
1	6

[block]
# block no. 8 follows, 52 sequences, length 20
# corresponding to MSA columns:
# 243-262
name=unknown_I
#
# <colnr> <probs for GDERKNQSTAVLIFYWHMCP>
#	G	D	E	R	K	N	Q	S	T	A	V	L	I	F	Y	W	H	M	C	P
0	0.77726	0.01035	0.05218	0.00786	0.04620	0.01092	0.00639	0.01434	0.00849	0.02111	0.00696	0.00819	0.00541	0.00450	0.00317	0.00150	0.00403	0.00276	0.00292	0.00547
1	0.05370	0.32518	0.24426	0.01224	0.08282	0.09402	0.01158	0.01574	0.01054	0.06562	0.00838	0.00962	0.00666	0.00468	0.00440	0.00133	0.03689	0.00329	0.00244	0.00661
2	0.01230	0.01119	0.05525	0.23851	0.15443	0.01175	0.01141	0.22266	0.08305	0.01922	0.05549	0.01587	0.01106	0.00597	0.00537	0.00158	0.03514	0.03956	0.00345	0.00676
3	0.00699	0.00492	0.00642	0.00642	0.00681	0.00531	0.00435	0.00778	0.00738	0.01024	0.01423	0.02596	0.01512	0.46974	0.38121	0.00610	0.00846	0.00621	0.00278	0.00357
4	0.01198	0.00624	0.00775	0.00678	0.00832	0.00601	0.00490	0.05309	0.01081	0.24127	0.10164	0.02503	0.01787	0.35248	0.07035	0.00326	0.00474	0.00618	0.05618	0.00512
5	0.00855	0.00626	0.00803	0.00848	0.00977	0.00640	0.00695	0.08048	0.05954	0.01629	0.09118	0.21032	0.02774	0.01236	0.00623	0.00201	0.00396	0.42596	0.00461	0.00490
6	0.05020	0.00610	0.00781	0.00706	0.00887	0.00568	0.00539	0.03268	0.01278	0.22897	0.36476	0.19991	0.03088	0.00964	0.00544	0.00161	0.00304	0.00841	0.00521	0.00555
7	0.01224	0.00727	0.00910	0.00879	0.05107	0.00726	0.00650	0.06436	0.11942	0.19080	0.16862	0.06282	0.02124	0.02909	0.00557	0.00164	0.00359	0.08594	0.13856	0.00611
8	0.32639	0.12397	0.28458	0.01082	0.05040	0.04214	0.01088	0.07140	0.01054	0.01820	0.00791	0.00917	0.00605	0.00460	0.00383	0.00144	0.00550	0.00317	0.00264	0.00638
9	0.01305	0.09611	0.28166	0.08453	0.05894	0.08652	0.05589	0.06639	0.07912	0.10259	0.01087	0.01192	0.00796	0.00499	0.00459	0.00146	0.00622	0.00404	0.01619	0.00695
10	0.01190	0.06005	0.01636	0.16690	0.39994	0.01089	0.01196	0.01562	0.08323	0.08259	0.08208	0.01504	0.01184	0.00526	0.00481	0.00148	0.00522	0.00477	0.00314	0.00693
11	0.00628	0.00468	0.00585	0.00608	0.00702	0.00425	0.00436	0.00784	0.01159	0.01561	0.36808	0.31888	0.19716	0.01227	0.00588	0.00171	0.00251	0.01085	0.00486	0.00425
12	0.12639	0.02523	0.12021	0.00980	0.01338	0.01181	0.00886	0.27010	0.19354	0.03194	0.01508	0.01560	0.05770	0.00751	0.04150	0.00181	0.00511	0.01466	0.02280	0.00697
13	0.00704	0.00525	0.00649	0.00633	0.00762	0.00488	0.00485	0.03524	0.01290	0.01748	0.48033	0.09251	0.20539	0.01097	0.00582	0.00164	0.00267	0.08305	0.00500	0.00454
14	0.01047	0.01021	0.01411	0.05020	0.01347	0.01394	0.01023	0.01282	0.07871	0.01246	0.00803	0.01183	0.00743	0.00960	0.05600	0.00235	0.66586	0.00441	0.00240	0.00547
15	0.05974	0.25362	0.15437	0.01195	0.01628	0.13777	0.13168	0.08911	0.01212	0.05823	0.00926	0.02837	0.00742	0.00487	0.00430	0.00136	0.00637	0.00388	0.00278	0.00654
16	0.01710	0.00938	0.01130	0.00896	0.01216	0.00937	0.00729	0.27149	0.04504	0.35142	0.18334	0.01917	0.01809	0.00680	0.00505	0.00150	0.00412	0.00556	0.00544	0.00744
17	0.05691	0.02107	0.59463	0.01359	0.01983	0.01085	0.10390	0.01549	0.01050	0.05988	0.01052	0.01243	0.02449	0.00495	0.00472	0.00156	0.00677	0.01851	0.00247	0.00693
18	0.10578	0.49123	0.06737	0.00867	0.01264	0.01550	0.00834	0.01707	0.11839	0.09942	0.00999	0.01030	0.00792	0.00475	0.00363	0.00125	0.00485	0.00330	0.00299	0.00659
19	0.26350	0.05493	0.09851	0.00853	0.01246	0.00931	0.00784	0.01950	0.01162	0.44717	0.01372	0.01284	0.00909	0.00531	0.00421	0.00148	0.00441	0.00396	0.00448	0.00715

[dist]
# distance from previous block
# <min> <max>
0	1

[block]
# block no. 9 follows, 52 sequences, length 9
# corresponding to MSA columns:
# 264-272
name=unknown_J
#
# <colnr> <probs for GDERKNQSTAVLIFYWHMCP>
#	G	D	E	R	K	N	Q	S	T	A	V	L	I	F	Y	W	H	M	C	P
0	0.07694	0.01077	0.01575	0.25393	0.32967	0.01187	0.01228	0.14256	0.06735	0.01803	0.00996	0.01232	0.00773	0.00489	0.00469	0.00151	0.00560	0.00428	0.00296	0.00691
1	0.00756	0.00685	0.05901	0.00725	0.00888	0.00579	0.00585	0.01085	0.11453	0.03404	0.16232	0.30338	0.19787	0.01149	0.00572	0.00175	0.00317	0.04422	0.00457	0.00492
2	0.00877	0.00603	0.00769	0.00816	0.05996	0.00569	0.00553	0.06407	0.01201	0.08390	0.19864	0.28203	0.18647	0.04045	0.00635	0.00179	0.00317	0.00964	0.00464	0.00500
3	0.09410	0.00713	0.00980	0.04657	0.01102	0.00801	0.06053	0.01089	0.02902	0.04229	0.01634	0.28850	0.01720	0.05401	0.02239	0.01821	0.15297	0.02663	0.07960	0.00480
4	0.06722	0.01701	0.40244	0.06714	0.01794	0.01061	0.03311	0.03347	0.14192	0.08517	0.06697	0.01406	0.01093	0.00545	0.00471	0.00155	0.00571	0.00444	0.00324	0.00692
5	0.00714	0.00513	0.00634	0.00695	0.00763	0.00512	0.00498	0.00926	0.07693	0.01315	0.02408	0.39419	0.05668	0.17246	0.00963	0.00247	0.00353	0.14736	0.04278	0.00419
6	0.06761	0.32897	0.21487	0.03588	0.01530	0.01342	0.05875	0.04506	0.01072	0.05143	0.03644	0.08127	0.01012	0.00560	0.00420	0.00138	0.00546	0.00444	0.00277	0.00631
7	0.10912	0.01298	0.01136	0.00973	0.01220	0.21384	0.00771	0.16075	0.07264	0.10274	0.01154	0.01239	0.00875	0.00580	0.00551	0.00145	0.09405	0.00401	0.13715	0.00630
8	0.08581	0.10566	0.09328	0.05090	0.08934	0.01182	0.06532	0.11107	0.03013	0.04025	0.00914	0.01079	0.00721	0.00484	0.00520	0.00134	0.07579	0.00373	0.00293	0.19547

[dist]
# distance from previous block
# <min> <max>
0	2

[block]
# block no. 10 follows, 52 sequences, length 8
# corresponding to MSA columns:
# 275-282
name=unknown_K
#
# <colnr> <probs for GDERKNQSTAVLIFYWHMCP>
#	G	D	E	R	K	N	Q	S	T	A	V	L	I	F	Y	W	H	M	C	P
0	0.06815	0.01051	0.01605	0.06465	0.48453	0.01076	0.01193	0.09586	0.01251	0.07375	0.09310	0.01461	0.01184	0.00523	0.00479	0.00147	0.00514	0.00472	0.00325	0.00717
1	0.01023	0.00966	0.01614	0.48661	0.30943	0.01079	0.01353	0.01327	0.01020	0.01382	0.00879	0.01242	0.00694	0.00458	0.00476	0.00150	0.00604	0.00423	0.00228	0.05475
2	0.00840	0.00556	0.00692	0.00637	0.00776	0.00525	0.00474	0.01106	0.06339	0.08529	0.53108	0.03377	0.10392	0.09613	0.00759	0.00187	0.00281	0.00816	0.00504	0.00488
3	0.00734	0.00571	0.00672	0.00738	0.00810	0.02686	0.00515	0.03174	0.09229	0.01369	0.02461	0.64583	0.02824	0.04060	0.00659	0.00200	0.00326	0.03497	0.00445	0.00448
4	0.01093	0.00598	0.00639	0.00583	0.00751	0.00612	0.00451	0.06819	0.07865	0.08320	0.04055	0.01805	0.01334	0.00590	0.00382	0.00124	0.00276	0.00475	0.62691	0.00536
5	0.01059	0.00595	0.00779	0.00735	0.00875	0.00574	0.00566	0.01176	0.01064	0.19815	0.08732	0.12898	0.12100	0.12559	0.00988	0.06296	0.04765	0.13493	0.00440	0.00491
6	0.13209	0.01068	0.09386	0.00914	0.01302	0.00906	0.00816	0.05502	0.11655	0.47755	0.01612	0.01468	0.01068	0.00572	0.00460	0.00152	0.00441	0.00449	0.00499	0.00765
7	0.01160	0.00882	0.01295	0.09493	0.01530	0.00795	0.11857	0.03618	0.02623	0.11540	0.01087	0.01347	0.00867	0.05016	0.02267	0.05733	0.00497	0.00414	0.00318	0.37660

[dist]
# distance from previous block
# <min> <max>
0	3

[block]
# block no. 11 follows, 52 sequences, length 23
# corresponding to MSA columns:
# 286-308
name=unknown_L
#
# <colnr> <probs for GDERKNQSTAVLIFYWHMCP>
#	G	D	E	R	K	N	Q	S	T	A	V	L	I	F	Y	W	H	M	C	P
0	0.08372	0.16138	0.21900	0.09186	0.06686	0.03091	0.07085	0.02310	0.04432	0.02682	0.00973	0.01297	0.00802	0.00516	0.00482	0.00146	0.03688	0.04434	0.00260	0.05519
1	0.12738	0.21113	0.13194	0.01105	0.02773	0.25211	0.00998	0.09461	0.01204	0.01554	0.00777	0.00909	0.00633	0.00497	0.00474	0.00136	0.06019	0.00322	0.00261	0.00622
2	0.43604	0.14449	0.04226	0.10812	0.01405	0.07765	0.00781	0.01563	0.08520	0.01772	0.00837	0.00963	0.00660	0.00473	0.00361	0.00143	0.00486	0.00318	0.00285	0.00576
3	0.00679	0.00524	0.00665	0.05285	0.00890	0.00510	0.00511	0.00916	0.06304	0.01535	0.28359	0.33536	0.16108	0.01179	0.00579	0.00172	0.00286	0.01044	0.00467	0.00450
4	0.00850	0.00501	0.00654	0.00690	0.00795	0.00454	0.00496	0.00965	0.01041	0.13843	0.04781	0.55474	0.11897	0.01317	0.00593	0.00185	0.00303	0.04216	0.00476	0.00468
5	0.00706	0.00474	0.00600	0.00615	0.00670	0.00486	0.00423	0.00822	0.00885	0.01276	0.11215	0.16598	0.02152	0.28268	0.20792	0.00411	0.00577	0.00764	0.11882	0.00386
6	0.03325	0.00932	0.01007	0.00909	0.01150	0.01047	0.00703	0.08020	0.52878	0.03081	0.11548	0.09806	0.01950	0.00770	0.00509	0.00164	0.00366	0.00652	0.00490	0.00691
7	0.83039	0.00933	0.00729	0.00646	0.00949	0.01072	0.00532	0.01462	0.00847	0.05284	0.00724	0.00822	0.00552	0.00456	0.00307	0.00150	0.00376	0.00271	0.00312	0.00537
8	0.51899	0.00791	0.00766	0.00682	0.00922	0.00873	0.05262	0.01287	0.00901	0.01955	0.01109	0.09020	0.00973	0.00579	0.00357	0.00146	0.00357	0.00436	0.21181	0.00502
9	0.01008	0.11613	0.71672	0.01319	0.02001	0.01215	0.01682	0.01525	0.01019	0.01490	0.00848	0.00995	0.00615	0.00455	0.00444	0.00148	0.00694	0.00347	0.00205	0.00706
10	0.14816	0.61519	0.08512	0.00851	0.01271	0.01711	0.00861	0.03453	0.00996	0.01386	0.00702	0.00809	0.00611	0.00428	0.00326	0.00116	0.00512	0.00272	0.00229	0.00619
11	0.35438	0.00893	0.01101	0.34675	0.06555	0.01048	0.00923	0.04145	0.00971	0.01750	0.00860	0.01121	0.00661	0.00478	0.00398	0.00151	0.00493	0.00365	0.07426	0.00550
12	0.07211	0.14344	0.01407	0.00967	0.01278	0.14661	0.00799	0.26338	0.06298	0.07200	0.01314	0.01346	0.05646	0.00588	0.00479	0.00139	0.03811	0.00422	0.05084	0.00667
13	0.00615	0.00471	0.00564	0.00587	0.00692	0.00420	0.00423	0.00760	0.01137	0.01493	0.28582	0.28497	0.31529	0.01240	0.00587	0.00170	0.00251	0.01085	0.00477	0.00420
14	0.01137	0.00937	0.01222	0.12387	0.06686	0.01057	0.03966	0.04701	0.31952	0.06501	0.01739	0.01927	0.07158	0.08656	0.00785	0.00195	0.07407	0.00558	0.00387	0.00643
15	0.12013	0.00739	0.00928	0.00769	0.01054	0.00681	0.00615	0.01837	0.01249	0.49562	0.10720	0.11406	0.01743	0.00734	0.00484	0.00154	0.00364	0.00609	0.03656	0.00681
16	0.00818	0.00437	0.00655	0.00655	0.00669	0.00450	0.00450	0.00669	0.00655	0.00887	0.00914	0.01542	0.00901	0.01994	0.14482	0.72364	0.00560	0.00437	0.00218	0.00246
17	0.01342	0.76292	0.02447	0.00854	0.01266	0.01882	0.00837	0.07992	0.01095	0.01303	0.00715	0.00810	0.00639	0.00429	0.00326	0.00107	0.00520	0.00274	0.00231	0.00639
18	0.01135	0.00862	0.00943	0.00841	0.01079	0.00922	0.00648	0.10381	0.36660	0.07408	0.04567	0.10646	0.15159	0.03968	0.00593	0.00174	0.00366	0.00708	0.00477	0.02465
19	0.01243	0.01164	0.01423	0.27066	0.08356	0.12638	0.05447	0.09626	0.09097	0.04290	0.05121	0.01460	0.01033	0.00543	0.00481	0.00146	0.00587	0.02071	0.00321	0.07889
20	0.01714	0.08275	0.06324	0.01052	0.01446	0.01356	0.00915	0.45898	0.11512	0.14589	0.01320	0.01277	0.00933	0.00572	0.00470	0.00145	0.00506	0.00438	0.00463	0.00793
21	0.65543	0.01160	0.12462	0.00754	0.01128	0.01050	0.00716	0.01421	0.00871	0.02022	0.00722	0.00843	0.00557	0.00443	0.00329	0.00143	0.00423	0.00279	0.00285	0.08848
22	0.06492	0.06135	0.01727	0.02119	0.47649	0.01072	0.04809	0.01500	0.01111	0.08307	0.05473	0.01311	0.00992	0.00470	0.00457	0.00137	0.00516	0.00433	0.00294	0.08997

[dist]
# distance from previous block
# <min> <max>
2	11

[block]
# block no. 12 follows, 52 sequences, length 18
# corresponding to MSA columns:
# 320-337
name=unknown_M
#
# <colnr> <probs for GDERKNQSTAVLIFYWHMCP>
#	G	D	E	R	K	N	Q	S	T	A	V	L	I	F	Y	W	H	M	C	P
0	0.05550	0.00662	0.00831	0.00785	0.00902	0.00742	0.00596	0.11639	0.01008	0.01446	0.01549	0.13685	0.04241	0.10978	0.35365	0.03659	0.04919	0.00648	0.00327	0.00467
1	0.01222	0.00954	0.01231	0.17058	0.01643	0.01077	0.06028	0.21198	0.14816	0.02003	0.01313	0.01470	0.00994	0.00572	0.00508	0.00148	0.04395	0.00467	0.22267	0.00636
