[name]
unknown

[dist]
# distance from previous block
# <min> <max>
11	53

[block]
# block no. 0 follows, 46 sequences, length 13
# corresponding to MSA columns:
# 90-102
name=unknown_A
#
# <colnr> <probs for GDERKNQSTAVLIFYWHMCP>
#	G	D	E	R	K	N	Q	S	T	A	V	L	I	F	Y	W	H	M	C	P
0	0.07386	0.00968	0.01105	0.00934	0.01205	0.01010	0.00736	0.26929	0.04209	0.16256	0.08260	0.11466	0.01828	0.08406	0.00799	0.02764	0.00464	0.04077	0.00508	0.00691
1	0.01693	0.00879	0.01083	0.00899	0.01203	0.00852	0.00712	0.08203	0.14080	0.37747	0.12459	0.06124	0.06256	0.04525	0.00656	0.00185	0.00414	0.00685	0.00583	0.00760
2	0.01888	0.01074	0.01295	0.05460	0.01506	0.01107	0.00857	0.24231	0.12619	0.33895	0.04795	0.01817	0.01376	0.04824	0.00646	0.00183	0.00494	0.00550	0.00557	0.00827
3	0.01802	0.00870	0.01073	0.00877	0.01198	0.00829	0.00701	0.06288	0.12472	0.43939	0.05018	0.02235	0.07805	0.04449	0.00629	0.00179	0.00416	0.00609	0.07835	0.00777
4	0.01633	0.00915	0.05382	0.00889	0.01203	0.00778	0.00741	0.04945	0.07461	0.38995	0.10605	0.08107	0.08264	0.06744	0.00717	0.00196	0.00428	0.00709	0.00558	0.00730
5	0.00726	0.00552	0.00642	0.00656	0.00772	0.00513	0.00467	0.03960	0.01185	0.01534	0.14415	0.26893	0.31477	0.10174	0.03376	0.00244	0.00353	0.01125	0.00480	0.00455
6	0.10934	0.01234	0.01320	0.01057	0.01430	0.01337	0.00858	0.42015	0.12323	0.07456	0.01426	0.04576	0.01094	0.00751	0.02823	0.00178	0.00530	0.00506	0.00489	0.07660
7	0.09197	0.00699	0.00831	0.00752	0.00953	0.00677	0.00574	0.05857	0.01337	0.16996	0.24749	0.15584	0.09877	0.04998	0.02680	0.00207	0.00378	0.00855	0.02215	0.00583
8	0.04932	0.00818	0.04660	0.00967	0.01142	0.00810	0.06743	0.06440	0.01037	0.01503	0.03818	0.09844	0.01579	0.13745	0.37119	0.00536	0.02782	0.00673	0.00332	0.00519
9	0.00845	0.00672	0.03848	0.04431	0.00983	0.00607	0.00592	0.03173	0.01085	0.04543	0.08724	0.16628	0.16371	0.22972	0.08787	0.00339	0.00516	0.03997	0.00417	0.00470
10	0.00871	0.00534	0.00738	0.02882	0.00856	0.00558	0.00539	0.02902	0.00911	0.01283	0.04387	0.12801	0.01644	0.06560	0.16784	0.34041	0.00612	0.02368	0.08349	0.00379
11	0.02814	0.01081	0.01587	0.41788	0.19492	0.04631	0.01315	0.04484	0.06093	0.04043	0.01172	0.05503	0.00964	0.00618	0.00558	0.01728	0.00637	0.00524	0.00302	0.00667
12	0.01091	0.01019	0.01717	0.47038	0.22861	0.01151	0.04731	0.03434	0.01164	0.01558	0.05006	0.04718	0.01082	0.00586	0.00542	0.00172	0.00650	0.00544	0.00280	0.00656

[dist]
# distance from previous block
# <min> <max>
0	14

[block]
# block no. 1 follows, 46 sequences, length 29
# corresponding to MSA columns:
# 117-145
name=unknown_B
#
# <colnr> <probs for GDERKNQSTAVLIFYWHMCP>
#	G	D	E	R	K	N	Q	S	T	A	V	L	I	F	Y	W	H	M	C	P
0	0.00668	0.00523	0.00601	0.00616	0.00747	0.00461	0.00450	0.00822	0.01231	0.01582	0.23221	0.19335	0.41690	0.03435	0.00690	0.00192	0.00281	0.02491	0.00510	0.00454
1	0.02611	0.01232	0.08131	0.31239	0.15470	0.02855	0.14072	0.01553	0.01181	0.06576	0.06673	0.01556	0.01091	0.00562	0.00579	0.00172	0.02945	0.00523	0.00299	0.00681
2	0.01106	0.09990	0.63782	0.03567	0.02273	0.01316	0.07509	0.01659	0.01121	0.01627	0.00938	0.01122	0.00682	0.00494	0.00497	0.00163	0.00767	0.00400	0.00227	0.00761
3	0.00806	0.00595	0.00736	0.00795	0.00879	0.00597	0.00554	0.06465	0.07592	0.01580	0.04524	0.64984	0.03149	0.03182	0.00694	0.00213	0.00339	0.01322	0.00496	0.00498
4	0.01116	0.08319	0.61026	0.01578	0.02296	0.01309	0.13756	0.01671	0.01134	0.01646	0.00952	0.01146	0.00692	0.00490	0.00510	0.00165	0.00783	0.00420	0.00231	0.00763
5	0.01553	0.10511	0.06597	0.03593	0.20743	0.01115	0.01062	0.06320	0.04238	0.24337	0.03479	0.01948	0.10877	0.00669	0.00519	0.00159	0.00516	0.00559	0.00432	0.00774
6	0.01984	0.01408	0.01640	0.01250	0.01676	0.01522	0.05858	0.62144	0.03887	0.11156	0.01361	0.01350	0.00951	0.00626	0.00536	0.00161	0.00584	0.00494	0.00525	0.00886
7	0.00644	0.00460	0.00613	0.00736	0.00767	0.00429	0.00491	0.00736	0.01012	0.01350	0.02914	0.81076	0.03497	0.01656	0.00675	0.00215	0.00307	0.01503	0.00491	0.00429
8	0.09044	0.01444	0.09655	0.05245	0.24781	0.10783	0.06726	0.01870	0.01271	0.18996	0.03057	0.01390	0.00973	0.00549	0.00530	0.00161	0.01936	0.00467	0.00360	0.00762
9	0.01844	0.02596	0.02611	0.01077	0.01425	0.05129	0.00891	0.27054	0.07926	0.26896	0.03281	0.01793	0.06779	0.00723	0.00635	0.00168	0.07298	0.00547	0.00520	0.00806
10	0.01885	0.01241	0.07858	0.01059	0.01462	0.01138	0.00922	0.28049	0.08857	0.30997	0.03327	0.01681	0.01242	0.03220	0.00592	0.00173	0.00509	0.00521	0.04429	0.00838
11	0.01125	0.00848	0.01182	0.07739	0.01414	0.00900	0.06301	0.14646	0.02501	0.06331	0.06925	0.34679	0.02332	0.01122	0.00690	0.00194	0.05650	0.04365	0.00459	0.00598
12	0.01147	0.07753	0.34712	0.01866	0.16858	0.01267	0.16173	0.01592	0.01179	0.01683	0.07486	0.01436	0.01096	0.00543	0.00563	0.00165	0.02975	0.00494	0.00270	0.00742
13	0.01340	0.01425	0.04628	0.02810	0.55850	0.08177	0.11868	0.01662	0.01227	0.01672	0.01016	0.01371	0.00852	0.00501	0.00556	0.00161	0.01980	0.01850	0.00266	0.00788
14	0.02517	0.00763	0.00975	0.20141	0.01567	0.00825	0.00764	0.07728	0.03599	0.10906	0.05810	0.01849	0.01352	0.00628	0.00459	0.00149	0.00418	0.00516	0.38425	0.00609
15	0.10506	0.00980	0.01320	0.01219	0.10287	0.00944	0.00884	0.03547	0.01386	0.55552	0.01718	0.01596	0.01132	0.00634	0.00588	0.00167	0.05662	0.00494	0.00546	0.00839
16	0.02170	0.01204	0.07012	0.01063	0.01503	0.01063	0.00930	0.24115	0.01769	0.50850	0.01763	0.01594	0.01142	0.00637	0.00529	0.00162	0.00513	0.00505	0.00586	0.00891
17	0.01090	0.09441	0.72238	0.01456	0.02209	0.01301	0.01864	0.01666	0.01113	0.01638	0.00931	0.01093	0.00670	0.00498	0.00488	0.00163	0.00763	0.00381	0.00223	0.00773
18	0.00998	0.00940	0.01586	0.80150	0.03641	0.01175	0.01468	0.01351	0.01057	0.01351	0.00940	0.01409	0.00705	0.00529	0.00529	0.00176	0.00705	0.00470	0.00235	0.00587
19	0.01120	0.01126	0.02113	0.23767	0.09258	0.01164	0.31942	0.01575	0.06777	0.01668	0.07736	0.01960	0.01338	0.00611	0.00589	0.00179	0.00701	0.05393	0.00319	0.00665
20	0.85155	0.01022	0.00777	0.00695	0.01022	0.01186	0.00573	0.01554	0.00900	0.02372	0.00736	0.00859	0.00573	0.00491	0.00327	0.00164	0.00409	0.00286	0.00327	0.00573
21	0.00998	0.00940	0.01586	0.80150	0.03641	0.01175	0.01468	0.01351	0.01057	0.01351	0.00940	0.01409	0.00705	0.00529	0.00529	0.00176	0.00705	0.00470	0.00235	0.00587
22	0.00678	0.00555	0.00601	0.00586	0.00754	0.00487	0.00440	0.00884	0.03614	0.01633	0.24194	0.04695	0.56515	0.01252	0.00622	0.00175	0.00268	0.01058	0.00516	0.00472
23	0.02949	0.00984	0.01642	0.68064	0.13542	0.01186	0.01468	0.01392	0.01073	0.01424	0.00942	0.01383	0.00719	0.00520	0.00523	0.00173	0.00688	0.00466	0.00241	0.00620
24	0.07718	0.00914	0.01197	0.00928	0.01329	0.00818	0.00765	0.02516	0.03439	0.71567	0.02000	0.01743	0.01269	0.00645	0.00519	0.00164	0.00446	0.00517	0.00630	0.00877
25	0.01232	0.01537	0.09534	0.02167	0.02723	0.01328	0.69900	0.01692	0.01237	0.01692	0.01059	0.01400	0.00791	0.00450	0.00614	0.00177	0.00882	0.00604	0.00264	0.00719
26	0.01203	0.01336	0.02836	0.12996	0.04676	0.01295	0.62615	0.01626	0.01216	0.01640	0.01085	0.02941	0.00841	0.00481	0.00609	0.00178	0.00848	0.00616	0.00267	0.00693
27	0.03593	0.12710	0.13052	0.01036	0.01490	0.01139	0.00980	0.12365	0.01490	0.39679	0.01700	0.03815	0.03303	0.00645	0.00502	0.00158	0.00524	0.00507	0.00496	0.00817
28	0.00725	0.00500	0.00656	0.00755	0.00806	0.00472	0.00512	0.02941	0.01066	0.03259	0.02847	0.76891	0.03370	0.01603	0.00667	0.00212	0.00318	0.01450	0.00496	0.00454

[dist]
# distance from previous block
# <min> <max>
6	116

[block]
# block no. 2 follows, 46 sequences, length 19
# corresponding to MSA columns:
# 277-295
name=unknown_C
#
# <colnr> <probs for GDERKNQSTAVLIFYWHMCP>
#	G	D	E	R	K	N	Q	S	T	A	V	L	I	F	Y	W	H	M	C	P
0	0.01358	0.05481	0.05040	0.01148	0.04792	0.06873	0.03245	0.20355	0.09221	0.05541	0.07779	0.20005	0.01927	0.02770	0.00612	0.00181	0.00514	0.02018	0.00455	0.00685
1	0.04161	0.03220	0.20347	0.01378	0.07408	0.05904	0.03098	0.18201	0.01458	0.09145	0.03435	0.04389	0.01040	0.00637	0.00625	0.00163	0.08170	0.00487	0.00369	0.06363
2	0.01334	0.01150	0.04159	0.02922	0.04574	0.10165	0.02059	0.08007	0.10748	0.08967	0.03405	0.08691	0.03058	0.03953	0.00648	0.01878	0.00519	0.07311	0.04169	0.12283
3	0.01530	0.01224	0.01268	0.01169	0.06243	0.09049	0.00859	0.11149	0.33754	0.11073	0.01760	0.01734	0.02741	0.01935	0.00544	0.00163	0.00496	0.00525	0.05091	0.07692
4	0.01767	0.01151	0.01277	0.01011	0.01358	0.01218	0.00820	0.45770	0.01976	0.15303	0.01872	0.01918	0.08846	0.04703	0.02528	0.00193	0.00521	0.00567	0.06413	0.00787
5	0.00758	0.00556	0.00797	0.00797	0.00873	0.00632	0.00595	0.00910	0.00834	0.01188	0.01464	0.02344	0.01437	0.18912	0.64537	0.00785	0.01242	0.00605	0.00290	0.00443
6	0.01096	0.00940	0.01096	0.00783	0.01253	0.00705	0.00626	0.01331	0.01096	0.01723	0.00940	0.01096	0.00783	0.00392	0.00392	0.00078	0.00392	0.00313	0.00313	0.84653
7	0.00814	0.00580	0.00786	0.00890	0.00989	0.00574	0.00739	0.01010	0.01143	0.01488	0.02753	0.13350	0.05169	0.10867	0.00952	0.00270	0.00465	0.56233	0.00468	0.00460
8	0.01613	0.00942	0.02566	0.13951	0.01667	0.00937	0.00890	0.03620	0.17746	0.33712	0.06259	0.03940	0.05673	0.00755	0.00552	0.00174	0.00471	0.03242	0.00528	0.00761
9	0.01163	0.00982	0.01131	0.00822	0.01282	0.00788	0.00659	0.06170	0.04125	0.01844	0.01007	0.01141	0.00823	0.00420	0.00406	0.00087	0.00405	0.00335	0.00336	0.76076
10	0.00625	0.00536	0.00536	0.00536	0.00714	0.00446	0.00402	0.00759	0.01205	0.01428	0.05355	0.05088	0.77909	0.01339	0.00625	0.00179	0.00268	0.01116	0.00491	0.00446
11	0.62216	0.00988	0.00902	0.00763	0.01113	0.01073	0.00629	0.01837	0.01070	0.23464	0.01110	0.01119	0.00776	0.00536	0.00384	0.00164	0.00420	0.00354	0.00418	0.00663
12	0.00938	0.00779	0.00893	0.00832	0.01010	0.00846	0.00636	0.01559	0.27224	0.01806	0.19623	0.05766	0.19425	0.05081	0.06022	0.00241	0.05413	0.00821	0.00489	0.00595
13	0.00763	0.00591	0.00704	0.00689	0.00838	0.00559	0.00523	0.01078	0.08069	0.01842	0.40241	0.09058	0.25795	0.01185	0.00627	0.00179	0.00289	0.05922	0.00539	0.00508
14	0.01178	0.05710	0.04095	0.23621	0.04484	0.01351	0.42469	0.01558	0.01148	0.01542	0.00982	0.01360	0.00758	0.00508	0.00663	0.00177	0.06931	0.00542	0.00252	0.00670
15	0.02010	0.01481	0.01587	0.01216	0.01639	0.01639	0.01005	0.76360	0.02486	0.03332	0.01269	0.01269	0.00899	0.00635	0.00529	0.00159	0.00582	0.00476	0.00529	0.00899
16	0.01016	0.00540	0.00555	0.00536	0.00672	0.00544	0.00406	0.04572	0.01194	0.02041	0.06458	0.02063	0.01562	0.00646	0.00393	0.00127	0.00262	0.00521	0.75381	0.00511
17	0.00768	0.00516	0.00595	0.00595	0.00601	0.00522	0.00343	0.00780	0.00774	0.01039	0.01649	0.03367	0.01882	0.76247	0.07809	0.00535	0.00573	0.00755	0.00318	0.00330
18	0.01961	0.05853	0.01619	0.01181	0.01600	0.01613	0.00982	0.65793	0.05701	0.06398	0.01314	0.01300	0.00936	0.00629	0.00519	0.00157	0.00568	0.00473	0.00518	0.00884

[dist]
# distance from previous block
# <min> <max>
1	8

[block]
# block no. 3 follows, 46 sequences, length 21
# corresponding to MSA columns:
# 305-325
name=unknown_D
#
# <colnr> <probs for GDERKNQSTAVLIFYWHMCP>
#	G	D	E	R	K	N	Q	S	T	A	V	L	I	F	Y	W	H	M	C	P
0	0.00998	0.00940	0.01586	0.80150	0.03641	0.01175	0.01468	0.01351	0.01057	0.01351	0.00940	0.01409	0.00705	0.00529	0.00529	0.00176	0.00705	0.00470	0.00235	0.00587
1	0.01932	0.02451	0.01475	0.01344	0.01610	0.76545	0.01009	0.02070	0.01475	0.01292	0.00838	0.00993	0.00703	0.00665	0.03238	0.00161	0.00970	0.00348	0.00273	0.00608
2	0.85155	0.01022	0.00777	0.00695	0.01022	0.01186	0.00573	0.01554	0.00900	0.02372	0.00736	0.00859	0.00573	0.00491	0.00327	0.00164	0.00409	0.00286	0.00327	0.00573
3	0.01353	0.01127	0.01197	0.01071	0.01374	0.01296	0.00835	0.02801	0.74463	0.04939	0.02149	0.01966	0.01603	0.00715	0.00538	0.00179	0.00420	0.00595	0.00542	0.00839
4	0.01096	0.00940	0.01096	0.00783	0.01253	0.00705	0.00626	0.01331	0.01096	0.01723	0.00940	0.01096	0.00783	0.00392	0.00392	0.00078	0.00392	0.00313	0.00313	0.84653
5	0.01039	0.00962	0.01586	0.76945	0.03560	0.01193	0.01449	0.04396	0.01115	0.01431	0.00953	0.01404	0.00713	0.00533	0.00529	0.00175	0.00700	0.00470	0.00247	0.00600
6	0.01248	0.01426	0.03119	0.02228	0.02763	0.01337	0.76203	0.01693	0.01248	0.01693	0.01070	0.01426	0.00802	0.00446	0.00624	0.00178	0.00891	0.00624	0.00267	0.00713
7	0.01133	0.00962	0.01116	0.00801	0.01268	0.00743	0.00642	0.04368	0.01152	0.01788	0.00953	0.01103	0.00788	0.00401	0.00397	0.00082	0.00399	0.00320	0.00322	0.81263
8	0.00685	0.00514	0.00743	0.00814	0.00875	0.00482	0.03994	0.00806	0.01049	0.01402	0.05284	0.71287	0.03400	0.01572	0.00673	0.00213	0.00340	0.04936	0.00483	0.00447
9	0.00662	0.00484	0.00622	0.00700	0.00765	0.00444	0.00482	0.00788	0.01125	0.01504	0.17374	0.58012	0.12063	0.01512	0.00659	0.00202	0.00292	0.01356	0.00508	0.00444
10	0.00744	0.00540	0.00701	0.00660	0.00787	0.00497	0.00495	0.00989	0.01486	0.02095	0.75254	0.03990	0.07594	0.01090	0.00624	0.00167	0.00250	0.00962	0.00579	0.00497
11	0.01237	0.01033	0.01169	0.00877	0.01317	0.00905	0.00702	0.10467	0.12369	0.01985	0.01156	0.01245	0.00918	0.00468	0.00429	0.00103	0.00418	0.00374	0.00372	0.62458
12	0.00691	0.00512	0.00670	0.00771	0.00814	0.00506	0.00527	0.00851	0.04646	0.01388	0.02813	0.74984	0.03325	0.01590	0.00699	0.00213	0.02630	0.01430	0.00485	0.00453
13	0.02342	0.00947	0.01256	0.00963	0.01373	0.00848	0.00796	0.08618	0.01593	0.72336	0.02019	0.01756	0.01275	0.00653	0.00531	0.00163	0.00461	0.00527	0.00644	0.00900
14	0.01022	0.00964	0.01628	0.74280	0.09327	0.01181	0.01480	0.01371	0.01068	0.01379	0.00944	0.01402	0.00715	0.00524	0.00528	0.00175	0.00699	0.00470	0.00237	0.00606
15	0.04813	0.00951	0.01243	0.00956	0.01363	0.00860	0.00789	0.08570	0.01574	0.70082	0.01979	0.01728	0.01253	0.00648	0.00525	0.00163	0.00459	0.00520	0.00634	0.00890
16	0.01149	0.00777	0.00883	0.10418	0.01247	0.00856	0.00666	0.09440	0.16216	0.02067	0.01700	0.04175	0.01342	0.00658	0.00448	0.00147	0.00373	0.00539	0.46285	0.00613
17	0.00660	0.00472	0.00627	0.00726	0.00770	0.00440	0.00492	0.00775	0.01084	0.01464	0.14050	0.69613	0.03718	0.01571	0.00667	0.00208	0.00298	0.01422	0.00504	0.00440
18	0.00951	0.00638	0.00778	0.00721	0.00887	0.02208	0.00552	0.01214	0.03691	0.10065	0.54129	0.05768	0.11613	0.01068	0.00613	0.00171	0.00302	0.03519	0.00567	0.00546
19	0.00732	0.00497	0.00584	0.00622	0.00640	0.00485	0.00376	0.00771	0.00865	0.01161	0.02159	0.27113	0.04678	0.52607	0.01954	0.00402	0.00436	0.00996	0.02563	0.00362
20	0.01653	0.51091	0.02283	0.01038	0.01451	0.16181	0.00936	0.13220	0.01389	0.05130	0.00894	0.00976	0.00742	0.00507	0.00403	0.00127	0.00634	0.00334	0.00301	0.00710

[dist]
# distance from previous block
# <min> <max>
2	3

[block]
# block no. 4 follows, 46 sequences, length 18
# corresponding to MSA columns:
# 329-346
name=unknown_E
#
# <colnr> <probs for GDERKNQSTAVLIFYWHMCP>
#	G	D	E	R	K	N	Q	S	T	A	V	L	I	F	Y	W	H	M	C	P
0	0.00771	0.00548	0.00690	0.00650	0.00787	0.00498	0.00486	0.00994	0.01433	0.03905	0.62727	0.04058	0.16094	0.03219	0.00676	0.00177	0.00264	0.00965	0.00563	0.00496
1	0.01227	0.00936	0.01110	0.00799	0.01263	0.00712	0.00642	0.01459	0.01139	0.09586	0.01057	0.01168	0.00837	0.00418	0.00406	0.00087	0.00397	0.00336	0.00348	0.76074
2	0.01407	0.00906	0.01163	0.00909	0.03027	0.00729	0.02528	0.01634	0.01227	0.22240	0.04664	0.05546	0.01246	0.00560	0.00462	0.00116	0.00414	0.00472	0.00423	0.50326
3	0.02020	0.01258	0.14794	0.01075	0.01523	0.00945	0.01010	0.04011	0.05174	0.55623	0.01800	0.01643	0.01171	0.00644	0.00589	0.00168	0.04636	0.00505	0.00549	0.00859
4	0.02031	0.01202	0.01378	0.01075	0.01469	0.01257	0.00882	0.40526	0.08766	0.29676	0.01656	0.01549	0.01127	0.00648	0.00524	0.00161	0.00506	0.00507	0.04183	0.00876
5	0.00643	0.00464	0.00610	0.00726	0.00764	0.00430	0.00486	0.00737	0.01022	0.01353	0.03034	0.77335	0.07160	0.01641	0.00672	0.00213	0.00305	0.01484	0.00491	0.00430
6	0.01106	0.13043	0.68777	0.01428	0.02167	0.01340	0.01816	0.01662	0.01111	0.01618	0.00921	0.01081	0.00671	0.00496	0.00481	0.00160	0.00753	0.00377	0.00224	0.00768
7	0.85155	0.01022	0.00777	0.00695	0.01022	0.01186	0.00573	0.01554	0.00900	0.02372	0.00736	0.00859	0.00573	0.00491	0.00327	0.00164	0.00409	0.00286	0.00327	0.00573
8	0.00643	0.00465	0.00609	0.00724	0.00764	0.00430	0.00485	0.00737	0.01024	0.01354	0.03060	0.76520	0.07958	0.01637	0.00672	0.00213	0.00304	0.01480	0.00491	0.00430
9	0.15832	0.01701	0.33078	0.01135	0.01657	0.01093	0.01224	0.09355	0.01331	0.18925	0.06881	0.03114	0.01193	0.00614	0.00494	0.00166	0.00575	0.00477	0.00399	0.00755
10	0.12662	0.10590	0.40835	0.01405	0.02012	0.01362	0.12565	0.06963	0.03634	0.01861	0.00976	0.01137	0.00723	0.00503	0.00482	0.00162	0.00698	0.00412	0.00276	0.00742
11	0.00756	0.00562	0.00825	0.00825	0.00911	0.00648	0.00630	0.00928	0.00842	0.01209	0.01438	0.02201	0.01375	0.10895	0.72469	0.00819	0.01335	0.00585	0.00287	0.00458
12	0.01979	0.01466	0.01569	0.01210	0.01628	0.01625	0.00997	0.73125	0.05771	0.03282	0.01308	0.01300	0.00930	0.00638	0.00529	0.00160	0.00575	0.00481	0.00529	0.00896
13	0.01157	0.01157	0.01619	0.01388	0.01388	0.01619	0.01157	0.01272	0.00810	0.01272	0.00694	0.01157	0.00694	0.00925	0.01735	0.00231	0.80453	0.00463	0.00231	0.00578
14	0.00968	0.00495	0.00495	0.00495	0.00621	0.00490	0.00371	0.01208	0.01113	0.01944	0.01904	0.02125	0.05144	0.00652	0.00382	0.00126	0.00247	0.00524	0.80205	0.00490
15	0.00918	0.00459	0.00689	0.00689	0.00689	0.00459	0.00459	0.00689	0.00689	0.00918	0.00918	0.01607	0.00918	0.01837	0.02066	0.84619	0.00459	0.00459	0.00230	0.00230
16	0.00649	0.00528	0.00574	0.00580	0.00733	0.00454	0.00428	0.00799	0.01236	0.01542	0.17916	0.12887	0.57180	0.01327	0.00630	0.00180	0.00269	0.01128	0.00507	0.00454
17	0.00639	0.00500	0.00580	0.00635	0.00742	0.00441	0.00448	0.00759	0.01127	0.01422	0.07412	0.40658	0.39807	0.01476	0.00648	0.00195	0.00285	0.01290	0.00495	0.00441

[dist]
# distance from previous block
# <min> <max>
0	1

[block]
# block no. 5 follows, 46 sequences, length 16
# corresponding to MSA columns:
# 348-363
name=unknown_F
#
# <colnr> <probs for GDERKNQSTAVLIFYWHMCP>
#	G	D	E	R	K	N	Q	S	T	A	V	L	I	F	Y	W	H	M	C	P
0	0.00742	0.00540	0.00698	0.00658	0.00786	0.00496	0.00494	0.00985	0.01482	0.02085	0.74156	0.04007	0.08699	0.01094	0.00624	0.00167	0.00250	0.00964	0.00577	0.00496
1	0.00769	0.00513	0.00577	0.00577	0.00577	0.00513	0.00320	0.00769	0.00769	0.01025	0.01666	0.03460	0.01922	0.81421	0.02691	0.00513	0.00513	0.00769	0.00320	0.00320
2	0.01157	0.01157	0.01619	0.01388	0.01388	0.01619	0.01157	0.01272	0.00810	0.01272	0.00694	0.01157	0.00694	0.00925	0.01735	0.00231	0.80453	0.00463	0.00231	0.00578
3	0.00908	0.00833	0.10700	0.00913	0.01099	0.00603	0.03563	0.01092	0.01089	0.09789	0.02504	0.59289	0.02798	0.01355	0.00635	0.00202	0.00405	0.01223	0.00466	0.00536
4	0.01975	0.02520	0.01498	0.01362	0.01634	0.79299	0.01021	0.02111	0.01498	0.01294	0.00817	0.00953	0.00681	0.00545	0.00477	0.00136	0.00953	0.00340	0.00272	0.00613
5	0.01315	0.01136	0.01195	0.01076	0.01375	0.01315	0.00837	0.02809	0.77168	0.02211	0.02152	0.01972	0.01614	0.00717	0.00538	0.00179	0.00418	0.00598	0.00538	0.00837
6	0.01500	0.69488	0.02574	0.00975	0.01400	0.14032	0.00923	0.01665	0.01140	0.01252	0.00748	0.00864	0.00679	0.00467	0.00360	0.00117	0.00625	0.00292	0.00233	0.00668
7	0.00641	0.00470	0.00603	0.00709	0.00760	0.00432	0.00479	0.00739	0.01039	0.01360	0.03248	0.70668	0.13689	0.01613	0.00668	0.00210	0.00301	0.01450	0.00491	0.00432
8	0.01334	0.29702	0.34128	0.01188	0.01741	0.01477	0.01331	0.01693	0.01122	0.09849	0.00979	0.01099	0.00750	0.00526	0.00532	0.00148	0.06380	0.00369	0.00277	0.05373
9	0.05972	0.01322	0.02002	0.06003	0.65426	0.06863	0.01515	0.01643	0.01202	0.01717	0.00965	0.01262	0.00806	0.00480	0.00509	0.00157	0.00642	0.00451	0.00265	0.00797
10	0.00678	0.00488	0.00663	0.00767	0.00816	0.00473	0.00542	0.00800	0.01029	0.01383	0.05251	0.63202	0.03270	0.01870	0.09228	0.00285	0.00441	0.07902	0.00471	0.00441
11	0.00892	0.00480	0.00720	0.04189	0.00827	0.00487	0.00507	0.00723	0.00740	0.00984	0.01136	0.10237	0.01189	0.01759	0.01847	0.71730	0.00453	0.00573	0.00258	0.00267
12	0.03397	0.01387	0.07380	0.10652	0.45915	0.06148	0.01442	0.09706	0.01323	0.01828	0.01095	0.05327	0.00937	0.00563	0.00523	0.00162	0.00641	0.00505	0.00299	0.00772
13	0.01287	0.18045	0.12333	0.04951	0.09484	0.04498	0.09803	0.09624	0.01239	0.01658	0.01081	0.06931	0.00964	0.00758	0.03588	0.00189	0.09969	0.00507	0.00293	0.02797
14	0.01262	0.01157	0.01197	0.03855	0.01416	0.09355	0.00735	0.06866	0.03925	0.01795	0.00993	0.01136	0.00807	0.00442	0.00421	0.00098	0.00479	0.00344	0.00329	0.63388
15	0.04946	0.01239	0.01422	0.09684	0.01726	0.01338	0.00956	0.43377	0.06655	0.14533	0.01388	0.01403	0.00979	0.00612	0.00511	0.00157	0.00539	0.00476	0.02598	0.05462

[dist]
# distance from previous block
# <min> <max>
6	19

[block]
# block no. 6 follows, 46 sequences, length 50
# corresponding to MSA columns:
# 393-415,419-422,425-447
name=unknown_G
#
# <colnr> <probs for GDERKNQSTAVLIFYWHMCP>
#	G	D	E	R	K	N	Q	S	T	A	V	L	I	F	Y	W	H	M	C	P
0	0.00736	0.00540	0.00690	0.00652	0.00782	0.00494	0.00489	0.00974	0.01468	0.02053	0.70791	0.04060	0.12084	0.01106	0.00624	0.00167	0.00251	0.00972	0.00573	0.00494
1	0.01022	0.00960	0.01581	0.68783	0.05352	0.01206	0.01419	0.01348	0.01038	0.01366	0.00933	0.01394	0.00721	0.00567	0.00643	0.00180	0.08453	0.00470	0.01973	0.00591
2	0.00748	0.00540	0.00707	0.00665	0.00790	0.00499	0.00499	0.00998	0.01496	0.02120	0.77844	0.03949	0.04988	0.01081	0.00624	0.00166	0.00249	0.00956	0.00582	0.00499
3	0.01096	0.00940	0.01096	0.00783	0.01253	0.00705	0.00626	0.01331	0.01096	0.01723	0.00940	0.01096	0.00783	0.00392	0.00392	0.00078	0.00392	0.00313	0.00313	0.84653
4	0.01016	0.00954	0.01589	0.75690	0.05582	0.01181	0.01453	0.01402	0.03357	0.01387	0.00978	0.01424	0.00736	0.00533	0.00529	0.00176	0.00694	0.00474	0.00245	0.00602
5	0.00644	0.00460	0.00613	0.00736	0.00767	0.00429	0.00491	0.00736	0.01012	0.01350	0.02914	0.81076	0.03497	0.01656	0.00675	0.00215	0.00307	0.01503	0.00491	0.00429
6	0.01459	0.03852	0.07919	0.02577	0.51069	0.20790	0.01478	0.01748	0.01267	0.01602	0.00940	0.01192	0.00781	0.00491	0.00505	0.00151	0.00720	0.00427	0.00260	0.00773
7	0.85155	0.01022	0.00777	0.00695	0.01022	0.01186	0.00573	0.01554	0.00900	0.02372	0.00736	0.00859	0.00573	0.00491	0.00327	0.00164	0.00409	0.00286	0.00327	0.00573
8	0.46561	0.01658	0.29511	0.02439	0.03068	0.01191	0.02628	0.01635	0.01017	0.04794	0.00878	0.01016	0.00646	0.00500	0.00412	0.00165	0.00566	0.00347	0.00297	0.00669
9	0.01139	0.01083	0.01840	0.45227	0.37464	0.01212	0.01538	0.01474	0.01124	0.01522	0.00965	0.01364	0.00765	0.00502	0.00526	0.00167	0.00670	0.00470	0.00247	0.00701
10	0.00921	0.00729	0.01093	0.01407	0.17605	0.00721	0.00950	0.01168	0.01226	0.01646	0.09749	0.10095	0.04137	0.01222	0.00670	0.00214	0.00477	0.44961	0.00448	0.00559
11	0.85155	0.01022	0.00777	0.00695	0.01022	0.01186	0.00573	0.01554	0.00900	0.02372	0.00736	0.00859	0.00573	0.00491	0.00327	0.00164	0.00409	0.00286	0.00327	0.00573
12	0.00742	0.00535	0.00701	0.00670	0.00788	0.00494	0.00498	0.00981	0.01466	0.02071	0.73075	0.08858	0.04893	0.01117	0.00627	0.00169	0.00253	0.00991	0.00576	0.00494
13	0.00729	0.00496	0.00588	0.00627	0.00637	0.00486	0.00374	0.00758	0.00845	0.01127	0.02059	0.27917	0.02418	0.56286	0.02055	0.00419	0.00448	0.01000	0.00374	0.00355
14	0.04578	0.00917	0.01223	0.00940	0.01348	0.00808	0.00777	0.04270	0.01519	0.74700	0.02030	0.01762	0.01279	0.00649	0.00526	0.00163	0.00452	0.00524	0.00643	0.00891
15	0.01315	0.01136	0.01195	0.01076	0.01375	0.01315	0.00837	0.02809	0.77168	0.02211	0.02152	0.01972	0.01614	0.00717	0.00538	0.00179	0.00418	0.00598	0.00538	0.00837
16	0.00998	0.00940	0.01586	0.80150	0.03641	0.01175	0.01468	0.01351	0.01057	0.01351	0.00940	0.01409	0.00705	0.00529	0.00529	0.00176	0.00705	0.00470	0.00235	0.00587
17	0.01940	0.01428	0.01534	0.01194	0.01603	0.01582	0.00980	0.66313	0.10905	0.04970	0.01388	0.01361	0.00989	0.00644	0.00530	0.00161	0.00560	0.00491	0.00533	0.00892
18	0.01096	0.00940	0.01096	0.00783	0.01253	0.00705	0.00626	0.01331	0.01096	0.01723	0.00940	0.01096	0.00783	0.00392	0.00392	0.00078	0.00392	0.00313	0.00313	0.84653
19	0.01157	0.01157	0.01619	0.01388	0.01388	0.01619	0.01157	0.01272	0.00810	0.01272	0.00694	0.01157	0.00694	0.00925	0.01735	0.00231	0.80453	0.00463	0.00231	0.00578
20	0.00998	0.00940	0.01586	0.80150	0.03641	0.01175	0.01468	0.01351	0.01057	0.01351	0.00940	0.01409	0.00705	0.00529	0.00529	0.00176	0.00705	0.00470	0.00235	0.00587
21	0.01138	0.00938	0.01100	0.00788	0.01256	0.00707	0.00631	0.01372	0.01110	0.04220	0.00977	0.01119	0.00800	0.00400	0.00396	0.00081	0.00393	0.00320	0.00324	0.81929
22	0.01262	0.00918	0.00781	0.00714	0.00897	0.12296	0.00547	0.10939	0.01342	0.02044	0.01532	0.01731	0.01197	0.00608	0.00406	0.00130	0.00394	0.00468	0.61232	0.00562
23	0.01096	0.00940	0.01096	0.00783	0.01253	0.00705	0.00626	0.01331	0.01096	0.01723	0.00940	0.01096	0.00783	0.00392	0.00392	0.00078	0.00392	0.00313	0.00313	0.84653
24	0.00637	0.00536	0.00552	0.00548	0.00721	0.00451	0.00411	0.00782	0.01233	0.01495	0.12409	0.04977	0.70813	0.01314	0.00625	0.00177	0.00266	0.01100	0.00500	0.00451
25	0.85155	0.01022	0.00777	0.00695	0.01022	0.01186	0.00573	0.01554	0.00900	0.02372	0.00736	0.00859	0.00573	0.00491	0.00327	0.00164	0.00409	0.00286	0.00327	0.00573
26	0.00644	0.00460	0.00613	0.00736	0.00767	0.00429	0.00491	0.00736	0.01012	0.01350	0.02914	0.81076	0.03497	0.01656	0.00675	0.00215	0.00307	0.01503	0.00491	0.00429
27	0.01527	0.01241	0.01315	0.01119	0.01455	0.01414	0.00888	0.25258	0.54374	0.02553	0.01882	0.01758	0.01396	0.00692	0.00535	0.00173	0.00468	0.00561	0.00535	0.00856
28	0.00810	0.00597	0.00748	0.00700	0.00842	0.00578	0.00528	0.01180	0.08849	0.02125	0.68425	0.03703	0.04562	0.01033	0.00608	0.00166	0.00266	0.00909	0.02838	0.00532
29	0.02372	0.00900	0.01227	0.00941	0.01350	0.00777	0.00777	0.02576	0.01513	0.78489	0.02086	0.01799	0.01309	0.00654	0.00532	0.00164	0.00450	0.00532	0.00654	0.00900
30	0.01284	0.01400	0.09593	0.03076	0.70744	0.01253	0.01655	0.01627	0.01195	0.01722	0.00990	0.01290	0.00821	0.00474	0.00521	0.00158	0.00643	0.00463	0.00258	0.00832
31	0.00742	0.00540	0.00698	0.00658	0.00786	0.00496	0.00494	0.00985	0.01481	0.02083	0.74018	0.04009	0.08838	0.01094	0.00624	0.00167	0.00250	0.00964	0.00577	0.00496
32	0.01050	0.09766	0.64116	0.01357	0.02050	0.01231	0.01706	0.01577	0.01121	0.01611	0.01358	0.01478	0.08186	0.00579	0.00499	0.00164	0.00712	0.00451	0.00250	0.00739
33	0.06293	0.01062	0.08240	0.11496	0.01674	0.00892	0.00942	0.04584	0.01404	0.47200	0.06409	0.01871	0.04219	0.00666	0.00527	0.00166	0.00497	0.00543	0.00527	0.00789
34	0.00717	0.00531	0.00669	0.00651	0.00775	0.00483	0.00482	0.00931	0.01399	0.01927	0.58181	0.12035	0.16898	0.01182	0.00629	0.00173	0.00258	0.01038	0.00558	0.00483
35	0.01277	0.22757	0.16128	0.01720	0.06343	0.01522	0.32040	0.01643	0.01149	0.03056	0.00948	0.01200	0.00750	0.00499	0.00604	0.00162	0.06762	0.00471	0.00253	0.00716
36	0.62199	0.01094	0.03565	0.10341	0.08079	0.01208	0.00835	0.01530	0.00948	0.02133	0.00788	0.00982	0.00619	0.00509	0.00424	0.00167	0.03337	0.00334	0.00304	0.00604
37	0.04609	0.08789	0.01588	0.03835	0.01546	0.39948	0.01026	0.01760	0.01211	0.03418	0.00832	0.01066	0.00716	0.00652	0.00834	0.00165	0.24537	0.00383	0.02472	0.00611
38	0.01358	0.00988	0.02777	0.01401	0.14991	0.00986	0.00982	0.06925	0.18586	0.14436	0.02207	0.03086	0.05765	0.00902	0.00594	0.00190	0.00491	0.22124	0.00484	0.00728
39	0.00694	0.00516	0.00646	0.00662	0.00768	0.00468	0.00478	0.00874	0.01296	0.01758	0.41655	0.27168	0.18469	0.01302	0.00639	0.00183	0.00270	0.01150	0.00537	0.00468
40	0.00745	0.00557	0.00756	0.02328	0.00903	0.00554	0.02095	0.02809	0.01082	0.01460	0.09895	0.55897	0.03212	0.08811	0.00883	0.00236	0.02960	0.03896	0.00467	0.00454
41	0.00642	0.00467	0.00606	0.00718	0.00762	0.00431	0.00483	0.00738	0.01030	0.01357	0.03138	0.74108	0.10320	0.01627	0.00670	0.00211	0.00303	0.01467	0.00491	0.00431
42	0.10100	0.01436	0.01508	0.01166	0.01579	0.01595	0.00963	0.69081	0.02331	0.03238	0.01217	0.01229	0.00867	0.00621	0.00509	0.00159	0.00565	0.00458	0.00509	0.00867
43	0.85155	0.01022	0.00777	0.00695	0.01022	0.01186	0.00573	0.01554	0.00900	0.02372	0.00736	0.00859	0.00573	0.00491	0.00327	0.00164	0.00409	0.00286	0.00327	0.00573
44	0.00931	0.00628	0.00789	0.00722	0.00889	0.00599	0.00550	0.01292	0.08847	0.08375	0.60839	0.03634	0.07790	0.01022	0.00608	0.00168	0.00283	0.00894	0.00579	0.00562
45	0.01413	0.81739	0.02770	0.00905	0.01357	0.02092	0.00905	0.01583	0.01074	0.01244	0.00735	0.00848	0.00678	0.00452	0.00339	0.00113	0.00565	0.00283	0.00226	0.00678
46	0.00642	0.00467	0.00606	0.00717	0.00762	0.00431	0.00482	0.00738	0.01031	0.01357	0.03151	0.73682	0.10737	0.01625	0.00670	0.00211	0.00303	0.01465	0.00491	0.00431
47	0.00748	0.00540	0.00707	0.00665	0.00790	0.00499	0.00499	0.00998	0.01496	0.02120	0.77844	0.03949	0.04988	0.01081	0.00624	0.00166	0.00249	0.00956	0.00582	0.00499
48	0.01432	0.79087	0.02728	0.00920	0.01366	0.04676	0.00908	0.01601	0.01088	0.01245	0.00738	0.00852	0.00679	0.00455	0.00344	0.00114	0.00578	0.00285	0.00228	0.00676
49	0.85155	0.01022	0.00777	0.00695	0.01022	0.01186	0.00573	0.01554	0.00900	0.02372	0.00736	0.00859	0.00573	0.00491	0.00327	0.00164	0.00409	0.00286	0.00327	0.00573

[dist]
# distance from previous block
# <min> <max>
1	7

[block]
# block no. 7 follows, 46 sequences, length 10
# corresponding to MSA columns:
# 490-499
name=unknown_H
#
# <colnr> <probs for GDERKNQSTAVLIFYWHMCP>
#	G	D	E	R	K	N	Q	S	T	A	V	L	I	F	Y	W	H	M	C	P
0	0.01096	0.00940	0.01096	0.00783	0.01253	0.00705	0.00626	0.01331	0.01096	0.01723	0.00940	0.01096	0.00783	0.00392	0.00392	0.00078	0.00392	0.00313	0.00313	0.84653
1	0.00738	0.00540	0.00693	0.00655	0.00784	0.00495	0.00491	0.00979	0.01473	0.02065	0.72110	0.04039	0.10756	0.01101	0.00624	0.00167	0.00251	0.00969	0.00575	0.00495
2	0.00648	0.00468	0.00614	0.00723	0.00765	0.00434	0.00487	0.00750	0.01046	0.01392	0.06824	0.73504	0.07163	0.01612	0.00670	0.00211	0.00302	0.01457	0.00495	0.00434
3	0.01413	0.81739	0.02770	0.00905	0.01357	0.02092	0.00905	0.01583	0.01074	0.01244	0.00735	0.00848	0.00678	0.00452	0.00339	0.00113	0.00565	0.00283	0.00226	0.00678
4	0.00655	0.00531	0.00581	0.00580	0.00736	0.00457	0.00431	0.00813	0.01259	0.01584	0.22106	0.10371	0.55444	0.01302	0.00628	0.00178	0.00266	0.01107	0.00512	0.00457
5	0.01308	0.01256	0.02146	0.03245	0.78123	0.01256	0.01622	0.01622	0.01204	0.01727	0.00994	0.01308	0.00837	0.00471	0.00523	0.00157	0.00628	0.00471	0.00262	0.00837
6	0.01096	0.00940	0.01096	0.00783	0.01253	0.00705	0.00626	0.01331	0.01096	0.01723	0.00940	0.01096	0.00783	0.00392	0.00392	0.00078	0.00392	0.00313	0.00313	0.84653
7	0.00755	0.00566	0.00850	0.00850	0.00944	0.00661	0.00661	0.00944	0.00850	0.01227	0.01416	0.02077	0.01322	0.03965	0.79326	0.00850	0.01416	0.00566	0.00283	0.00472
8	0.00650	0.00474	0.00613	0.00711	0.00763	0.00436	0.00483	0.00759	0.01069	0.01417	0.08991	0.67599	0.10927	0.01580	0.00666	0.00207	0.00298	0.01422	0.00498	0.00436
9	0.01155	0.00975	0.01128	0.00811	0.01278	0.00765	0.00651	0.06176	0.01186	0.01827	0.00961	0.01107	0.00791	0.00407	0.00400	0.00083	0.00404	0.00324	0.00327	0.79244

[dist]
# distance from previous block
# <min> <max>
0	1

[block]
# block no. 8 follows, 46 sequences, length 16
# corresponding to MSA columns:
# 501-505,508,511-520
name=unknown_I
#
# <colnr> <probs for GDERKNQSTAVLIFYWHMCP>
#	G	D	E	R	K	N	Q	S	T	A	V	L	I	F	Y	W	H	M	C	P
0	0.01305	0.00801	0.00834	0.00719	0.00935	0.00851	0.00568	0.24677	0.01538	0.02396	0.01582	0.01752	0.01213	0.00622	0.00419	0.00134	0.00351	0.00487	0.58197	0.00620
1	0.01398	0.78372	0.06006	0.00930	0.01397	0.02055	0.00949	0.01587	0.01076	0.01262	0.00744	0.00859	0.00678	0.00454	0.00346	0.00115	0.00575	0.00287	0.00226	0.00683
2	0.06167	0.01390	0.01423	0.01117	0.01498	0.04887	0.00914	0.59981	0.02200	0.04883	0.01287	0.01317	0.00928	0.00622	0.00500	0.00154	0.00552	0.00463	0.08884	0.00829
3	0.00673	0.00534	0.00606	0.00606	0.00755	0.00467	0.00454	0.00845	0.01285	0.01649	0.28224	0.10009	0.46924	0.01283	0.00631	0.00179	0.00272	0.03619	0.00520	0.00463
4	0.01171	0.03396	0.10688	0.07885	0.14260	0.01156	0.30043	0.01545	0.01173	0.01658	0.01124	0.01394	0.03051	0.00477	0.00530	0.00150	0.00689	0.00501	0.00275	0.18834
5	0.55587	0.04018	0.15456	0.01060	0.05565	0.01238	0.03406	0.01644	0.04493	0.02140	0.00866	0.01001	0.00664	0.00499	0.00390	0.00163	0.00511	0.00341	0.00309	0.00646
6	0.02352	0.00932	0.01247	0.00956	0.01365	0.00824	0.00789	0.06618	0.01566	0.74372	0.02041	0.01770	0.01286	0.00653	0.00531	0.00163	0.00457	0.00529	0.00647	0.00900
7	0.02955	0.01033	0.02928	0.08380	0.09300	0.01066	0.00957	0.08885	0.23947	0.14121	0.06613	0.02432	0.05684	0.00783	0.00559	0.00178	0.00482	0.08466	0.00484	0.00745
8	0.00936	0.00594	0.00756	0.00697	0.00861	0.00543	0.00529	0.01190	0.03443	0.11071	0.53968	0.07926	0.13275	0.01083	0.00613	0.00170	0.00283	0.00945	0.00573	0.00545
9	0.01096	0.00940	0.01096	0.00783	0.01253	0.00705	0.00626	0.01331	0.01096	0.01723	0.00940	0.01096	0.00783	0.00392	0.00392	0.00078	0.00392	0.00313	0.00313	0.84653
10	0.03463	0.12007	0.10982	0.01707	0.19387	0.26790	0.01232	0.09387	0.07035	0.01731	0.01006	0.01147	0.00804	0.00532	0.00480	0.00148	0.00719	0.00401	0.00305	0.00738
11	0.00918	0.00459	0.00689	0.00689	0.00689	0.00459	0.00459	0.00689	0.00689	0.00918	0.00918	0.01607	0.00918	0.01837	0.02066	0.84619	0.00459	0.00459	0.00230	0.00230
12	0.00708	0.00510	0.00671	0.00692	0.00781	0.00472	0.00496	0.00897	0.01311	0.01825	0.49145	0.33489	0.04417	0.01301	0.00643	0.00185	0.00271	0.01165	0.00547	0.00472
13	0.01211	0.01479	0.17404	0.02060	0.30361	0.04342	0.08082	0.01667	0.07464	0.03338	0.01447	0.04670	0.01298	0.00695	0.00565	0.00177	0.00642	0.12030	0.00328	0.00739
14	0.06335	0.04858	0.22742	0.00981	0.01366	0.00888	0.00992	0.01556	0.03905	0.14576	0.26175	0.06294	0.03974	0.00813	0.00545	0.00168	0.00470	0.02247	0.00452	0.00664
15	0.07440	0.62655	0.15326	0.00990	0.01488	0.01881	0.01056	0.01596	0.01069	0.01398	0.00771	0.00894	0.00669	0.00463	0.00366	0.00126	0.00590	0.00301	0.00233	0.00688

[dist]
# distance from previous block
# <min> <max>
0	3

[block]
# block no. 9 follows, 46 sequences, length 25
# corresponding to MSA columns:
# 527-532,539-557
name=unknown_J
#
# <colnr> <probs for GDERKNQSTAVLIFYWHMCP>
#	G	D	E	R	K	N	Q	S	T	A	V	L	I	F	Y	W	H	M	C	P
0	0.11088	0.15293	0.09008	0.01284	0.07273	0.28046	0.01037	0.11892	0.01407	0.01801	0.00946	0.01082	0.00756	0.00531	0.00442	0.00142	0.00685	0.00368	0.06236	0.00683
1	0.01253	0.00797	0.01002	0.00933	0.03024	0.00744	0.00721	0.09763	0.02416	0.15802	0.04122	0.19636	0.07443	0.01040	0.00588	0.00178	0.00419	0.15638	0.00493	0.13988
2	0.00646	0.00469	0.00605	0.00713	0.00756	0.00434	0.00477	0.00739	0.01022	0.01346	0.03096	0.71700	0.10205	0.04170	0.00734	0.00221	0.00310	0.01444	0.00485	0.00427
3	0.03467	0.01089	0.03026	0.01225	0.08763	0.01022	0.00922	0.14645	0.07364	0.50047	0.01805	0.01648	0.01193	0.00632	0.00527	0.00163	0.00493	0.00515	0.00573	0.00881
4	0.00744	0.00544	0.00701	0.00672	0.00801	0.00501	0.00511	0.00984	0.01458	0.02035	0.67856	0.04153	0.10670	0.01123	0.00630	0.00172	0.00264	0.05118	0.00569	0.00494
5	0.06772	0.01124	0.08138	0.01004	0.01437	0.00929	0.00890	0.07572	0.05657	0.58009	0.01856	0.01659	0.01199	0.00634	0.00518	0.00164	0.00485	0.00505	0.00583	0.00867
6	0.01889	0.01586	0.08949	0.01238	0.01690	0.01586	0.01088	0.66014	0.05601	0.03124	0.01277	0.01285	0.00908	0.00626	0.00527	0.00160	0.00594	0.00473	0.00500	0.00885
7	0.00721	0.00539	0.00669	0.00637	0.00773	0.00487	0.00478	0.00945	0.01433	0.01969	0.61982	0.04198	0.20944	0.01137	0.00624	0.00169	0.00253	0.00991	0.00562	0.00487
8	0.03317	0.07567	0.05849	0.01163	0.01480	0.14895	0.00986	0.27039	0.08379	0.02199	0.08467	0.01487	0.01264	0.00682	0.00660	0.00163	0.10810	0.00485	0.02385	0.00725
9	0.00764	0.00514	0.00590	0.00589	0.00602	0.00509	0.00342	0.00790	0.00845	0.01138	0.08990	0.05510	0.02256	0.71672	0.02441	0.00472	0.00482	0.00806	0.00350	0.00340
10	0.09927	0.01355	0.01441	0.01130	0.01530	0.01494	0.00928	0.55827	0.09857	0.09122	0.01373	0.01344	0.00973	0.00631	0.00511	0.00162	0.00538	0.00475	0.00520	0.00862
11	0.02562	0.18768	0.42098	0.01282	0.01866	0.03008	0.02640	0.02982	0.01132	0.05212	0.00939	0.01094	0.00717	0.00526	0.00556	0.00154	0.06839	0.00377	0.00260	0.06989
12	0.17318	0.28125	0.07938	0.01014	0.01403	0.03347	0.02474	0.05017	0.05483	0.12575	0.03184	0.01214	0.00932	0.00574	0.00531	0.00153	0.07270	0.00396	0.00348	0.00702
13	0.00983	0.00593	0.00683	0.00639	0.00700	0.00589	0.00396	0.04384	0.00925	0.08565	0.01689	0.03170	0.01805	0.68307	0.02337	0.00455	0.00504	0.00727	0.02145	0.00406
14	0.01267	0.01004	0.01131	0.08536	0.02775	0.03063	0.00794	0.22682	0.10557	0.02067	0.01981	0.08273	0.10030	0.09071	0.00774	0.00200	0.01706	0.01749	0.06376	0.05965
15	0.01930	0.01362	0.04768	0.01128	0.01531	0.04841	0.00949	0.43645	0.04607	0.20813	0.01544	0.05893	0.01145	0.00684	0.00531	0.00161	0.00550	0.00538	0.00527	0.02853
16	0.05680	0.05758	0.01434	0.01066	0.01453	0.01347	0.00879	0.37180	0.13589	0.20753	0.01656	0.02691	0.02769	0.00665	0.00515	0.00162	0.00506	0.00517	0.00532	0.00846
17	0.00647	0.00467	0.00607	0.00717	0.00757	0.00433	0.00479	0.00739	0.01018	0.01344	0.03045	0.73173	0.08698	0.04242	0.00737	0.00222	0.00311	0.01452	0.00485	0.00427
18	0.01748	0.09235	0.05338	0.01073	0.01456	0.05130	0.00916	0.17769	0.19194	0.23181	0.01641	0.04198	0.01213	0.00663	0.00535	0.00161	0.02166	0.00519	0.00493	0.03371
19	0.02686	0.18608	0.06230	0.11372	0.07867	0.11953	0.03483	0.07333	0.03447	0.01571	0.01309	0.06106	0.05685	0.00679	0.00626	0.00162	0.09404	0.00514	0.00304	0.00658
20	0.01144	0.00566	0.00610	0.00571	0.00730	0.00563	0.00439	0.03808	0.01184	0.09316	0.01734	0.01935	0.01335	0.00726	0.02891	0.00151	0.00314	0.00498	0.70940	0.00544
21	0.00918	0.00459	0.00689	0.00689	0.00689	0.00459	0.00459	0.00689	0.00689	0.00918	0.00918	0.01607	0.00918	0.01837	0.02066	0.84619	0.00459	0.00459	0.00230	0.00230
22	0.03360	0.05746	0.08727	0.01318	0.09452	0.04578	0.08152	0.07356	0.05031	0.09796	0.11220	0.05563	0.07148	0.00758	0.00546	0.00164	0.00534	0.04807	0.00415	0.05330
23	0.01215	0.01019	0.01297	0.09068	0.09803	0.03765	0.02170	0.10255	0.12969	0.05235	0.04244	0.12182	0.09898	0.00907	0.00708	0.00185	0.09539	0.04458	0.00422	0.00662
24	0.01326	0.00809	0.01070	0.08582	0.05562	0.02780	0.00822	0.01615	0.04958	0.23388	0.15044	0.05945	0.09382	0.00962	0.00598	0.00184	0.00447	0.15366	0.00511	0.00649

[dist]
# distance from previous block
# <min> <max>
0	7

[block]
# block no. 10 follows, 46 sequences, length 37
# corresponding to MSA columns:
# 566-602
name=unknown_K
#
# <colnr> <probs for GDERKNQSTAVLIFYWHMCP>
#	G	D	E	R	K	N	Q	S	T	A	V	L	I	F	Y	W	H	M	C	P
0	0.15109	0.01789	0.33175	0.01591	0.12912	0.02674	0.08359	0.01700	0.04354	0.05509	0.03761	0.01501	0.01011	0.00569	0.00504	0.00169	0.00649	0.03622	0.00309	0.00731
1	0.03401	0.01435	0.11570	0.07814	0.52214	0.04333	0.01532	0.01710	0.01214	0.08203	0.01064	0.01308	0.00835	0.00498	0.00515	0.00159	0.00645	0.00456	0.00290	0.00804
2	0.01283	0.01305	0.01892	0.03853	0.26499	0.10169	0.15553	0.05545	0.01237	0.01624	0.01405	0.04016	0.06739	0.04264	0.00804	0.00189	0.10864	0.01774	0.00304	0.00682
3	0.01986	0.01432	0.01547	0.01193	0.01605	0.01575	0.00983	0.71641	0.02411	0.06013	0.01343	0.03435	0.00984	0.00663	0.00533	0.00160	0.00570	0.00506	0.00532	0.00886
4	0.00671	0.00478	0.00639	0.00758	0.00798	0.00452	0.00526	0.00777	0.01028	0.01366	0.02865	0.70378	0.03400	0.03957	0.00740	0.00227	0.00333	0.09688	0.00485	0.00433
5	0.00755	0.00566	0.00850	0.00850	0.00944	0.00661	0.00661	0.00944	0.00850	0.01227	0.01416	0.02077	0.01322	0.03965	0.79326	0.00850	0.01416	0.00566	0.00283	0.00472
6	0.15377	0.01169	0.04661	0.01082	0.04051	0.01129	0.00883	0.19563	0.08515	0.35790	0.01597	0.01494	0.01079	0.00616	0.00497	0.00164	0.00492	0.00477	0.00530	0.00834
7	0.01966	0.01438	0.01540	0.01185	0.01596	0.01590	0.00978	0.73139	0.02427	0.03273	0.01289	0.01299	0.00919	0.00634	0.00522	0.00157	0.00567	0.00477	0.04124	0.00882
8	0.01500	0.01042	0.03178	0.01043	0.01484	0.00867	0.09535	0.06334	0.02358	0.22171	0.01339	0.01474	0.00998	0.00556	0.00525	0.02552	0.00491	0.02174	0.00414	0.39966
9	0.07693	0.38265	0.19432	0.04602	0.01660	0.04489	0.01142	0.04781	0.08089	0.01617	0.01006	0.01205	0.00832	0.00534	0.00426	0.00145	0.00608	0.02487	0.00284	0.00705
10	0.01080	0.02597	0.70728	0.01583	0.02338	0.01239	0.09768	0.01676	0.01130	0.01676	0.00961	0.01149	0.00684	0.00496	0.00515	0.00169	0.00793	0.00415	0.00228	0.00774
