[name]
unknown

[dist]
# distance from previous block
# <min> <max>
0	66

[block]
# block no. 0 follows, 53 sequences, length 14
# corresponding to MSA columns:
# 74-87
name=unknown_A
#
# <colnr> <probs for GDERKNQSTAVLIFYWHMCP>
#	G	D	E	R	K	N	Q	S	T	A	V	L	I	F	Y	W	H	M	C	P
0	0.09044	0.00802	0.06658	0.06500	0.01096	0.00710	0.00647	0.07137	0.01058	0.08368	0.04269	0.07973	0.12818	0.21404	0.00980	0.00235	0.00428	0.05914	0.00369	0.03594
1	0.09921	0.23526	0.11577	0.01081	0.07060	0.01337	0.00939	0.21275	0.02557	0.05883	0.03898	0.01106	0.00859	0.00492	0.00405	0.00129	0.00500	0.00366	0.00327	0.06760
2	0.07201	0.15791	0.15181	0.02496	0.01403	0.01131	0.00914	0.15055	0.01280	0.18252	0.02295	0.02940	0.00887	0.00512	0.00418	0.00130	0.00487	0.00391	0.00360	0.12875
3	0.13423	0.05315	0.01292	0.01036	0.05438	0.04214	0.00806	0.38655	0.01654	0.14271	0.02468	0.01289	0.03272	0.00559	0.00441	0.00140	0.00477	0.00421	0.01864	0.02964
4	0.08959	0.03402	0.52793	0.03370	0.01777	0.05289	0.01389	0.04605	0.01074	0.05615	0.00944	0.01075	0.00680	0.00474	0.00430	0.00146	0.00622	0.00358	0.06331	0.00666
5	0.00575	0.00485	0.00498	0.00495	0.00652	0.00408	0.00371	0.00705	0.01113	0.01347	0.11539	0.04508	0.73296	0.01190	0.00565	0.00160	0.00241	0.00996	0.00451	0.00408
6	0.01223	0.08691	0.35100	0.08646	0.05123	0.01156	0.09902	0.05624	0.06525	0.11849	0.01078	0.01191	0.00773	0.00483	0.00464	0.00148	0.00618	0.00411	0.00293	0.00701
7	0.00685	0.00504	0.00729	0.00729	0.00801	0.00576	0.00549	0.00829	0.00757	0.01081	0.01316	0.02074	0.01280	0.16057	0.68952	0.00720	0.01152	0.00541	0.00261	0.00405
8	0.00805	0.00712	0.04865	0.07932	0.01112	0.00681	0.00678	0.01139	0.08266	0.03010	0.48409	0.07302	0.03237	0.00900	0.00619	0.00161	0.06147	0.03070	0.00450	0.00506
9	0.01612	0.01367	0.01704	0.07031	0.01813	0.07579	0.16403	0.51831	0.01863	0.02447	0.01059	0.01163	0.00768	0.00527	0.00492	0.00147	0.00616	0.00447	0.00394	0.00739
10	0.00683	0.00512	0.00768	0.00768	0.00853	0.00597	0.00597	0.00853	0.00768	0.01110	0.01280	0.01878	0.01195	0.03585	0.81308	0.00768	0.01280	0.00512	0.00256	0.00427
11	0.41115	0.03730	0.06301	0.12742	0.07605	0.01063	0.03711	0.02883	0.04087	0.06875	0.00975	0.05295	0.00794	0.00520	0.00396	0.00151	0.00467	0.00399	0.00306	0.00586
12	0.64048	0.16996	0.01098	0.00708	0.01022	0.06931	0.00605	0.01446	0.00882	0.01878	0.00671	0.00781	0.00543	0.00440	0.00308	0.00137	0.00432	0.00262	0.00275	0.00539
13	0.00959	0.02472	0.80726	0.01362	0.02069	0.01110	0.01766	0.01514	0.01009	0.01514	0.00858	0.01009	0.00605	0.00454	0.00454	0.00151	0.00706	0.00353	0.00202	0.00706

[dist]
# distance from previous block
# <min> <max>
0	31

[block]
# block no. 1 follows, 53 sequences, length 39
# corresponding to MSA columns:
# 119-157
name=unknown_B
#
# <colnr> <probs for GDERKNQSTAVLIFYWHMCP>
#	G	D	E	R	K	N	Q	S	T	A	V	L	I	F	Y	W	H	M	C	P
0	0.01143	0.02496	0.07780	0.04218	0.01505	0.05761	0.06844	0.05854	0.10471	0.01441	0.00887	0.01148	0.00748	0.00673	0.01028	0.00176	0.42278	0.00424	0.00266	0.04860
1	0.01085	0.13498	0.01726	0.01229	0.01367	0.01448	0.08759	0.01234	0.00825	0.01212	0.00682	0.01024	0.00640	0.00696	0.01197	0.00179	0.56350	0.00399	0.00217	0.06231
2	0.00608	0.00434	0.00584	0.00694	0.00733	0.00410	0.00488	0.00709	0.00940	0.01248	0.02620	0.72460	0.03106	0.01474	0.00617	0.00198	0.00299	0.11540	0.00443	0.00395
3	0.01140	0.00871	0.01024	0.00741	0.01158	0.00685	0.00596	0.05166	0.01089	0.09032	0.00961	0.01058	0.00758	0.00387	0.00372	0.00082	0.00367	0.00309	0.00322	0.73880
4	0.00762	0.03585	0.00803	0.00752	0.00867	0.00543	0.04372	0.00925	0.03972	0.05810	0.02467	0.60713	0.06940	0.01261	0.00573	0.00179	0.00324	0.01138	0.00429	0.03585
5	0.00616	0.00486	0.00556	0.00538	0.00677	0.00425	0.00404	0.00786	0.01211	0.01580	0.39498	0.04125	0.45191	0.01103	0.00564	0.00156	0.00234	0.00942	0.00482	0.00425
6	0.00859	0.00617	0.00827	0.00899	0.01032	0.00629	0.00782	0.07572	0.01198	0.01564	0.02413	0.05032	0.02586	0.01257	0.00645	0.00214	0.00447	0.70513	0.00443	0.00472
7	0.17623	0.10574	0.01353	0.03270	0.01355	0.15436	0.00809	0.26367	0.01477	0.14495	0.01030	0.01062	0.00751	0.00521	0.00435	0.00138	0.01886	0.00364	0.00378	0.00677
8	0.00582	0.00416	0.00555	0.00666	0.00693	0.00388	0.00444	0.00666	0.00915	0.01220	0.02634	0.82891	0.03161	0.01497	0.00610	0.00194	0.00277	0.01359	0.00444	0.00388
9	0.00680	0.00484	0.00602	0.00573	0.00692	0.00444	0.00430	0.00892	0.01289	0.01824	0.63515	0.03553	0.14089	0.00972	0.00544	0.00148	0.00227	0.00848	0.07749	0.00444
10	0.01278	0.83490	0.02505	0.00818	0.01227	0.01891	0.00818	0.01431	0.00971	0.01125	0.00664	0.00767	0.00613	0.00409	0.00307	0.00102	0.00511	0.00256	0.00204	0.00613
11	0.01353	0.03808	0.16759	0.02862	0.11224	0.05669	0.25580	0.03801	0.04179	0.17003	0.01162	0.02480	0.00852	0.00489	0.00495	0.00151	0.00641	0.00473	0.00320	0.00700
12	0.00977	0.07101	0.76257	0.01331	0.02021	0.01155	0.01712	0.01509	0.01007	0.01491	0.00847	0.00995	0.00606	0.00452	0.00446	0.00149	0.00695	0.00348	0.00202	0.00701
13	0.00582	0.00416	0.00555	0.00666	0.00693	0.00388	0.00444	0.00666	0.00915	0.01220	0.02634	0.82891	0.03161	0.01497	0.00610	0.00194	0.00277	0.01359	0.00444	0.00388
14	0.01817	0.01339	0.01434	0.01100	0.01482	0.01482	0.00908	0.78627	0.02247	0.03012	0.01148	0.01148	0.00813	0.00574	0.00478	0.00143	0.00526	0.00430	0.00478	0.00813
15	0.00959	0.02472	0.80726	0.01362	0.02069	0.01110	0.01766	0.01514	0.01009	0.01514	0.00858	0.01009	0.00605	0.00454	0.00454	0.00151	0.00706	0.00353	0.00202	0.00706
16	0.00991	0.00850	0.00991	0.00708	0.01133	0.00637	0.00566	0.01203	0.00991	0.01557	0.00850	0.00991	0.00708	0.00354	0.00354	0.00071	0.00354	0.00283	0.00283	0.86124
17	0.00683	0.00512	0.00768	0.00768	0.00853	0.00597	0.00597	0.00853	0.00768	0.01110	0.01280	0.01878	0.01195	0.03585	0.81308	0.00768	0.01280	0.00512	0.00256	0.00427
18	0.01817	0.01339	0.01434	0.01100	0.01482	0.01482	0.00908	0.78627	0.02247	0.03012	0.01148	0.01148	0.00813	0.00574	0.00478	0.00143	0.00526	0.00430	0.00478	0.00813
19	0.00565	0.00484	0.00484	0.00484	0.00646	0.00403	0.00363	0.00686	0.01089	0.01291	0.04842	0.04600	0.80027	0.01210	0.00565	0.00161	0.00242	0.01009	0.00444	0.00403
20	0.00695	0.00463	0.00521	0.00521	0.00521	0.00463	0.00290	0.00695	0.00695	0.00927	0.01506	0.03128	0.01738	0.83203	0.02433	0.00463	0.00463	0.00695	0.00290	0.00290
21	0.01145	0.00981	0.01043	0.00941	0.01198	0.01126	0.00731	0.02401	0.72745	0.01992	0.08559	0.01935	0.01718	0.00676	0.00493	0.00161	0.00365	0.00568	0.00490	0.00731
22	0.00674	0.00504	0.00750	0.00759	0.00840	0.00580	0.00584	0.00838	0.00781	0.01119	0.01395	0.08745	0.01362	0.03408	0.74468	0.00719	0.01195	0.00584	0.00272	0.00423
23	0.00903	0.00850	0.01434	0.82054	0.03292	0.01062	0.01327	0.01221	0.00956	0.01221	0.00850	0.01274	0.00637	0.00478	0.00478	0.00159	0.00637	0.00425	0.00212	0.00531
24	0.00683	0.00512	0.00768	0.00768	0.00853	0.00597	0.00597	0.00853	0.00768	0.01110	0.01280	0.01878	0.01195	0.03585	0.81308	0.00768	0.01280	0.00512	0.00256	0.00427
25	0.00695	0.00463	0.00521	0.00521	0.00521	0.00463	0.00290	0.00695	0.00695	0.00927	0.01506	0.03128	0.01738	0.83203	0.02433	0.00463	0.00463	0.00695	0.00290	0.00290
26	0.00646	0.00474	0.00606	0.00602	0.00703	0.00434	0.00441	0.00833	0.01239	0.01714	0.56899	0.19595	0.11825	0.01105	0.00573	0.00160	0.00238	0.00978	0.00501	0.00434
27	0.00984	0.00845	0.00963	0.04927	0.01134	0.10666	0.00721	0.01272	0.08777	0.05753	0.01257	0.01653	0.01090	0.02431	0.50168	0.00531	0.05550	0.00478	0.00292	0.00508
28	0.00867	0.00756	0.00927	0.00882	0.01012	0.07440	0.07850	0.09191	0.01119	0.01438	0.02206	0.57842	0.04136	0.01205	0.00575	0.00179	0.00402	0.01088	0.00412	0.00472
29	0.00830	0.00415	0.00623	0.00623	0.00623	0.00415	0.00415	0.00623	0.00623	0.00830	0.00830	0.01453	0.00830	0.01660	0.01868	0.86094	0.00415	0.00415	0.00208	0.00208
30	0.00991	0.00850	0.00991	0.00708	0.01133	0.00637	0.00566	0.01203	0.00991	0.01557	0.00850	0.00991	0.00708	0.00354	0.00354	0.00071	0.00354	0.00283	0.00283	0.86124
31	0.01194	0.04508	0.08976	0.01676	0.02058	0.12150	0.45011	0.01510	0.01074	0.01399	0.00856	0.01146	0.00679	0.00496	0.00703	0.00161	0.15082	0.00474	0.00232	0.00615
32	0.00582	0.00416	0.00555	0.00666	0.00693	0.00388	0.00444	0.00666	0.00915	0.01220	0.02634	0.82891	0.03161	0.01497	0.00610	0.00194	0.00277	0.01359	0.00444	0.00388
33	0.01246	0.00837	0.00878	0.00749	0.00976	0.00911	0.00594	0.26913	0.14482	0.02224	0.01488	0.01573	0.01128	0.00578	0.00407	0.00130	0.00349	0.00456	0.43462	0.00619
34	0.00690	0.00464	0.00534	0.00538	0.00543	0.00466	0.00309	0.00701	0.00707	0.00947	0.01541	0.06267	0.01771	0.76412	0.05845	0.00466	0.00492	0.00714	0.00294	0.00300
35	0.00617	0.00445	0.00591	0.00696	0.00746	0.00419	0.00500	0.00728	0.00959	0.01263	0.02737	0.64015	0.07346	0.01448	0.00617	0.00197	0.00306	0.15526	0.00443	0.00399
36	0.02126	0.00843	0.01127	0.00864	0.01235	0.00746	0.00714	0.06560	0.01417	0.76252	0.01845	0.01600	0.01163	0.00591	0.00481	0.00148	0.00413	0.00478	0.00585	0.00813
37	0.00768	0.00558	0.00699	0.04705	0.00814	0.00605	0.00482	0.03637	0.00816	0.01101	0.01517	0.05856	0.01673	0.53937	0.09393	0.00420	0.05219	0.07132	0.00303	0.00363
38	0.01128	0.32292	0.01820	0.01058	0.01217	0.01587	0.00932	0.01255	0.00833	0.01165	0.00677	0.00968	0.00645	0.00664	0.01043	0.00165	0.48150	0.00358	0.03489	0.00554

[dist]
# distance from previous block
# <min> <max>
1	3

[block]
# block no. 2 follows, 53 sequences, length 16
# corresponding to MSA columns:
# 161-176
name=unknown_C
#
# <colnr> <probs for GDERKNQSTAVLIFYWHMCP>
#	G	D	E	R	K	N	Q	S	T	A	V	L	I	F	Y	W	H	M	C	P
0	0.60213	0.15970	0.03131	0.02480	0.01105	0.01255	0.00653	0.07672	0.00966	0.01994	0.00713	0.00821	0.00564	0.00449	0.00321	0.00140	0.00422	0.00278	0.00290	0.00564
1	0.01138	0.01189	0.04159	0.13335	0.46036	0.02712	0.19836	0.01480	0.02615	0.01508	0.00925	0.01222	0.00740	0.00434	0.00494	0.00149	0.00640	0.00457	0.00239	0.00694
2	0.00903	0.00495	0.00512	0.00477	0.00627	0.00469	0.00362	0.01125	0.01001	0.01755	0.01473	0.01686	0.01162	0.00532	0.00337	0.00106	0.00239	0.00426	0.75441	0.10873
3	0.00668	0.00475	0.00576	0.00565	0.00662	0.00439	0.00404	0.00831	0.01152	0.01601	0.44310	0.09988	0.16284	0.13232	0.00830	0.00200	0.00268	0.00875	0.06227	0.00414
4	0.78946	0.00914	0.00739	0.00649	0.00951	0.01039	0.00534	0.01489	0.00864	0.09232	0.00776	0.00853	0.00578	0.00457	0.00312	0.00148	0.00373	0.00279	0.00323	0.00544
5	0.01203	0.00927	0.01018	0.00906	0.01162	0.01033	0.00706	0.02277	0.60426	0.09383	0.13531	0.02034	0.01886	0.00692	0.00497	0.00159	0.00358	0.00583	0.00502	0.00716
6	0.00636	0.00487	0.00583	0.00559	0.00689	0.00434	0.00419	0.00824	0.01257	0.01690	0.52744	0.03943	0.31876	0.01062	0.00564	0.00154	0.00232	0.00917	0.00496	0.00434
7	0.00676	0.00489	0.00639	0.00601	0.00714	0.00451	0.00451	0.00902	0.01353	0.01917	0.79969	0.03570	0.04510	0.00977	0.00564	0.00150	0.00225	0.00864	0.00526	0.00451
8	0.01037	0.00507	0.00538	0.00504	0.00648	0.00501	0.00386	0.03594	0.01075	0.09236	0.01577	0.01748	0.01209	0.00561	0.00352	0.00116	0.00249	0.00448	0.75222	0.00491
9	0.01183	0.01136	0.01940	0.02934	0.80221	0.01136	0.01467	0.01467	0.01088	0.01562	0.00899	0.01183	0.00757	0.00426	0.00473	0.00142	0.00568	0.00426	0.00237	0.00757
10	0.00737	0.00527	0.00732	0.00843	0.00938	0.00522	0.00713	0.00933	0.01068	0.01394	0.02549	0.18974	0.02823	0.01351	0.00651	0.00216	0.00412	0.63746	0.00441	0.00431
11	0.51698	0.11416	0.23820	0.00862	0.01289	0.01183	0.00911	0.01439	0.00889	0.01840	0.00720	0.00842	0.00554	0.00442	0.00342	0.00143	0.00483	0.00285	0.00258	0.00583
12	0.00995	0.14188	0.37067	0.08949	0.08217	0.01165	0.05889	0.01367	0.01018	0.01427	0.06260	0.05644	0.01032	0.00553	0.00507	0.00149	0.04240	0.00455	0.00244	0.00633
13	0.01046	0.01046	0.01464	0.01255	0.01255	0.01464	0.01046	0.01150	0.00732	0.01150	0.00627	0.01046	0.00627	0.00837	0.01569	0.00209	0.82328	0.00418	0.00209	0.00523
14	0.00911	0.00850	0.01394	0.74700	0.03097	0.01024	0.01259	0.01220	0.00959	0.01252	0.00850	0.01249	0.00644	0.00467	0.00467	0.00151	0.00612	0.00412	0.00219	0.08269
15	0.19648	0.11458	0.12251	0.01267	0.08582	0.23059	0.05879	0.06381	0.01137	0.01592	0.00780	0.00934	0.00626	0.00475	0.00454	0.00139	0.04133	0.00336	0.00258	0.00613

[dist]
# distance from previous block
# <min> <max>
0	2

[block]
# block no. 3 follows, 53 sequences, length 90
# corresponding to MSA columns:
# 179-268
name=unknown_D
#
# <colnr> <probs for GDERKNQSTAVLIFYWHMCP>
#	G	D	E	R	K	N	Q	S	T	A	V	L	I	F	Y	W	H	M	C	P
0	0.01183	0.00931	0.01140	0.05358	0.01361	0.01024	0.05157	0.06242	0.45146	0.08087	0.01963	0.06652	0.03639	0.00754	0.00518	0.00168	0.00424	0.09117	0.00457	0.00681
1	0.00725	0.00501	0.00614	0.00627	0.00665	0.00515	0.00421	0.02820	0.00814	0.01093	0.01675	0.08814	0.01867	0.53611	0.13107	0.00448	0.00564	0.10449	0.00320	0.00349
2	0.00903	0.00850	0.01434	0.82054	0.03292	0.01062	0.01327	0.01221	0.00956	0.01221	0.00850	0.01274	0.00637	0.00478	0.00478	0.00159	0.00637	0.00425	0.00212	0.00531
3	0.86579	0.00924	0.00702	0.00629	0.00924	0.01072	0.00518	0.01405	0.00813	0.02144	0.00666	0.00776	0.00518	0.00444	0.00296	0.00148	0.00370	0.00259	0.00296	0.00518
4	0.00683	0.00512	0.00768	0.00768	0.00853	0.00597	0.00597	0.00853	0.00768	0.01110	0.01280	0.01878	0.01195	0.03585	0.81308	0.00768	0.01280	0.00512	0.00256	0.00427
5	0.00580	0.00481	0.00508	0.00509	0.00657	0.00409	0.00379	0.00712	0.01113	0.01367	0.14307	0.08892	0.66045	0.01197	0.00567	0.00162	0.00242	0.01010	0.00454	0.00409
6	0.04384	0.00816	0.01098	0.00845	0.01212	0.00712	0.00698	0.02305	0.01353	0.78472	0.01853	0.01604	0.01165	0.00588	0.00476	0.00148	0.00406	0.00475	0.00584	0.00806
7	0.00770	0.00550	0.00770	0.00880	0.00990	0.00550	0.00770	0.00990	0.01100	0.01430	0.02531	0.05391	0.02751	0.01320	0.00660	0.00220	0.00440	0.77004	0.00440	0.00440
8	0.00582	0.00416	0.00555	0.00666	0.00693	0.00388	0.00444	0.00666	0.00915	0.01220	0.02634	0.82891	0.03161	0.01497	0.00610	0.00194	0.00277	0.01359	0.00444	0.00388
9	0.00676	0.00489	0.00639	0.00601	0.00714	0.00451	0.00451	0.00902	0.01353	0.01917	0.79969	0.03570	0.04510	0.00977	0.00564	0.00150	0.00225	0.00864	0.00526	0.00451
10	0.00676	0.00489	0.00639	0.00601	0.00714	0.00451	0.00451	0.00902	0.01353	0.01917	0.79969	0.03570	0.04510	0.00977	0.00564	0.00150	0.00225	0.00864	0.00526	0.00451
11	0.00728	0.15866	0.05325	0.00638	0.00845	0.00716	0.00546	0.00878	0.01043	0.01296	0.07911	0.19618	0.40776	0.01066	0.00520	0.00156	0.00324	0.00897	0.00391	0.00459
12	0.01188	0.02865	0.04004	0.02757	0.72705	0.02327	0.01430	0.01510	0.03739	0.01560	0.00926	0.01185	0.00772	0.00435	0.00469	0.00142	0.00568	0.00423	0.00244	0.00750
13	0.01149	0.00901	0.01185	0.05547	0.07162	0.00755	0.03788	0.03903	0.01081	0.09535	0.00972	0.01102	0.00760	0.00399	0.00395	0.00095	0.00415	0.00338	0.00312	0.60209
14	0.00806	0.00550	0.00794	0.00767	0.00861	0.00625	0.00590	0.00957	0.00803	0.06951	0.01323	0.01960	0.01230	0.11779	0.63744	0.00668	0.04339	0.00526	0.00283	0.00444
15	0.00903	0.00850	0.01434	0.82054	0.03292	0.01062	0.01327	0.01221	0.00956	0.01221	0.00850	0.01274	0.00637	0.00478	0.00478	0.00159	0.00637	0.00425	0.00212	0.00531
16	0.73039	0.00924	0.00812	0.00813	0.06774	0.01054	0.00597	0.02549	0.00884	0.02088	0.05083	0.00971	0.00762	0.00479	0.00344	0.00148	0.01526	0.00310	0.00306	0.00536
17	0.01087	0.00953	0.02722	0.34375	0.33743	0.01015	0.01270	0.01365	0.01040	0.07220	0.01105	0.05934	0.00945	0.00558	0.00505	0.00156	0.01721	0.03379	0.00271	0.00634
18	0.75643	0.00915	0.00796	0.11022	0.01227	0.01071	0.00621	0.01382	0.00832	0.02027	0.00689	0.00840	0.00533	0.00448	0.00319	0.00149	0.00404	0.00280	0.00285	0.00519
19	0.00595	0.00482	0.00530	0.00541	0.00680	0.00417	0.00407	0.00733	0.01113	0.01385	0.15689	0.11907	0.57135	0.01209	0.00574	0.00166	0.00254	0.05314	0.00456	0.00411
20	0.25567	0.00844	0.00996	0.00789	0.01138	0.00805	0.00651	0.02073	0.01214	0.58801	0.01547	0.01391	0.00999	0.00551	0.00429	0.00148	0.00396	0.00419	0.00510	0.00731
21	0.01399	0.01131	0.01199	0.01015	0.01323	0.01287	0.00807	0.27941	0.53615	0.02338	0.01679	0.01571	0.01243	0.00624	0.00484	0.00156	0.00428	0.00504	0.00484	0.00775
22	0.02349	0.02193	0.64951	0.01366	0.02011	0.01098	0.08588	0.01599	0.04004	0.06009	0.00964	0.01095	0.00680	0.00464	0.00464	0.00152	0.00681	0.00385	0.00240	0.00706
23	0.00582	0.00416	0.00555	0.00666	0.00693	0.00388	0.00444	0.00666	0.00915	0.01220	0.02634	0.82891	0.03161	0.01497	0.00610	0.00194	0.00277	0.01359	0.00444	0.00388
24	0.00797	0.00547	0.00698	0.00643	0.00782	0.00520	0.00488	0.01103	0.07107	0.06366	0.69802	0.03329	0.04097	0.00931	0.00553	0.00151	0.00247	0.00819	0.00527	0.00494
25	0.01155	0.01021	0.01262	0.13398	0.12818	0.01167	0.00946	0.03377	0.55248	0.01836	0.01620	0.01611	0.01226	0.00590	0.00483	0.00159	0.00446	0.00505	0.00410	0.00724
26	0.00898	0.00805	0.01325	0.65576	0.05799	0.00974	0.01216	0.01199	0.00979	0.01288	0.01076	0.01753	0.00908	0.00573	0.00490	0.00163	0.00590	0.08880	0.04983	0.00525
27	0.01749	0.01080	0.01219	0.00951	0.01290	0.01138	0.00780	0.48457	0.01867	0.21871	0.05733	0.01458	0.01147	0.00599	0.00470	0.00142	0.00452	0.00468	0.08368	0.00759
28	0.00575	0.00476	0.00505	0.00516	0.00657	0.00405	0.00380	0.00699	0.01086	0.01328	0.10076	0.14716	0.64471	0.01231	0.00571	0.00165	0.00245	0.01044	0.00450	0.00405
29	0.01247	0.01158	0.04881	0.17432	0.33748	0.01138	0.16090	0.09475	0.01208	0.07465	0.01000	0.01243	0.00760	0.00460	0.00492	0.00150	0.00616	0.00454	0.00283	0.00700
30	0.00977	0.00684	0.05066	0.00717	0.00915	0.00575	0.00595	0.01275	0.05648	0.15435	0.54765	0.03073	0.03485	0.00878	0.00543	0.00153	0.00300	0.03858	0.00514	0.00544
31	0.00760	0.00543	0.00758	0.00868	0.00974	0.00541	0.00752	0.00972	0.01090	0.01419	0.02536	0.09685	0.02773	0.01330	0.00657	0.00219	0.00431	0.72813	0.00440	0.00437
32	0.00825	0.00690	0.01109	0.09602	0.01405	0.00712	0.10837	0.01069	0.01087	0.01428	0.06379	0.04111	0.06642	0.01069	0.00654	0.00199	0.03730	0.47589	0.00386	0.00478
33	0.05868	0.12162	0.53733	0.01314	0.07179	0.01168	0.01459	0.01571	0.01033	0.08931	0.00923	0.01036	0.00666	0.00459	0.00431	0.00144	0.00626	0.00353	0.00246	0.00698
34	0.11066	0.01201	0.01328	0.01153	0.07177	0.01315	0.00882	0.55990	0.01883	0.05764	0.01187	0.01391	0.00911	0.01754	0.00495	0.00153	0.00501	0.04659	0.00440	0.00748
35	0.84852	0.00929	0.00728	0.00675	0.02527	0.01074	0.00537	0.01406	0.00819	0.02133	0.00670	0.00785	0.00522	0.00443	0.00299	0.00148	0.00374	0.00262	0.00295	0.00522
36	0.01054	0.00493	0.00532	0.00498	0.00643	0.00479	0.00382	0.01272	0.01050	0.12042	0.01602	0.01762	0.01220	0.00561	0.00353	0.00116	0.00247	0.00450	0.74750	0.00493
37	0.01045	0.21518	0.57248	0.01276	0.01898	0.01301	0.06482	0.01495	0.01008	0.01423	0.00819	0.00970	0.00615	0.00440	0.00426	0.00140	0.00667	0.00344	0.00205	0.00680
38	0.00959	0.02472	0.80726	0.01362	0.02069	0.01110	0.01766	0.01514	0.01009	0.01514	0.00858	0.01009	0.00605	0.00454	0.00454	0.00151	0.00706	0.00353	0.00202	0.00706
39	0.00692	0.00485	0.00625	0.00590	0.00702	0.00451	0.00442	0.00918	0.01327	0.01907	0.74186	0.03438	0.04268	0.00946	0.00547	0.00147	0.00225	0.00833	0.06820	0.00451
40	0.01244	0.00910	0.01013	0.00904	0.01164	0.00999	0.00712	0.02235	0.55054	0.13387	0.07832	0.02193	0.04688	0.00722	0.00504	0.00162	0.00369	0.04694	0.00501	0.00712
41	0.00590	0.00421	0.00563	0.00674	0.00705	0.00395	0.00457	0.00678	0.00922	0.01228	0.02630	0.79820	0.03145	0.01490	0.00612	0.00195	0.00284	0.04356	0.00444	0.00390
42	0.00959	0.02472	0.80726	0.01362	0.02069	0.01110	0.01766	0.01514	0.01009	0.01514	0.00858	0.01009	0.00605	0.00454	0.00454	0.00151	0.00706	0.00353	0.00202	0.00706
43	0.02144	0.00813	0.01109	0.00850	0.01220	0.00702	0.00702	0.02329	0.01368	0.80552	0.01886	0.01627	0.01183	0.00592	0.00481	0.00148	0.00407	0.00481	0.00592	0.00813
44	0.00959	0.02472	0.80726	0.01362	0.02069	0.01110	0.01766	0.01514	0.01009	0.01514	0.00858	0.01009	0.00605	0.00454	0.00454	0.00151	0.00706	0.00353	0.00202	0.00706
45	0.00714	0.00528	0.00671	0.00629	0.00753	0.00505	0.00474	0.01023	0.07106	0.01923	0.74214	0.03438	0.04285	0.00953	0.00558	0.00151	0.00237	0.00840	0.00523	0.00474
46	0.01243	0.01038	0.01103	0.00969	0.01246	0.01187	0.00760	0.12361	0.65111	0.02127	0.06046	0.01797	0.01539	0.00656	0.00489	0.00159	0.00389	0.00544	0.00487	0.00747
47	0.01785	0.02278	0.01354	0.01231	0.01478	0.81284	0.00924	0.01909	0.01354	0.01170	0.00739	0.00862	0.00616	0.00493	0.00431	0.00123	0.00862	0.00308	0.00246	0.00554
48	0.01122	0.01144	0.07466	0.02234	0.52508	0.01062	0.01258	0.04428	0.09783	0.01679	0.08149	0.04685	0.01256	0.00550	0.00487	0.00148	0.00513	0.00509	0.00305	0.00713
49	0.86579	0.00924	0.00702	0.00629	0.00924	0.01072	0.00518	0.01405	0.00813	0.02144	0.00666	0.00776	0.00518	0.00444	0.00296	0.00148	0.00370	0.00259	0.00296	0.00518
50	0.02144	0.00813	0.01109	0.00850	0.01220	0.00702	0.00702	0.02329	0.01368	0.80552	0.01886	0.01627	0.01183	0.00592	0.00481	0.00148	0.00407	0.00481	0.00592	0.00813
51	0.00582	0.00416	0.00555	0.00666	0.00693	0.00388	0.00444	0.00666	0.00915	0.01220	0.02634	0.82891	0.03161	0.01497	0.00610	0.00194	0.00277	0.01359	0.00444	0.00388
52	0.01879	0.00828	0.01167	0.15719	0.01600	0.00788	0.00819	0.02135	0.04382	0.62919	0.01698	0.01568	0.01094	0.00573	0.00480	0.00151	0.00448	0.00473	0.00518	0.00759
53	0.00582	0.00416	0.00555	0.00666	0.00693	0.00388	0.00444	0.00666	0.00915	0.01220	0.02634	0.82891	0.03161	0.01497	0.00610	0.00194	0.00277	0.01359	0.00444	0.00388
54	0.00683	0.00512	0.00768	0.00768	0.00853	0.00597	0.00597	0.00853	0.00768	0.01110	0.01280	0.01878	0.01195	0.03585	0.81308	0.00768	0.01280	0.00512	0.00256	0.00427
55	0.64817	0.01059	0.05459	0.05454	0.01331	0.01097	0.10590	0.02574	0.00894	0.01992	0.00732	0.00888	0.00560	0.00443	0.00352	0.00150	0.00461	0.00315	0.00282	0.00549
56	0.05772	0.01073	0.01366	0.56607	0.02678	0.11496	0.01165	0.07092	0.01118	0.05879	0.00906	0.01204	0.00672	0.00491	0.00462	0.00152	0.00631	0.00404	0.00262	0.00570
57	0.00582	0.00416	0.00555	0.00666	0.00693	0.00388	0.00444	0.00666	0.00915	0.01220	0.02634	0.82891	0.03161	0.01497	0.00610	0.00194	0.00277	0.01359	0.00444	0.00388
58	0.86579	0.00924	0.00702	0.00629	0.00924	0.01072	0.00518	0.01405	0.00813	0.02144	0.00666	0.00776	0.00518	0.00444	0.00296	0.00148	0.00370	0.00259	0.00296	0.00518
59	0.00695	0.00463	0.00521	0.00521	0.00521	0.00463	0.00290	0.00695	0.00695	0.00927	0.01506	0.03128	0.01738	0.83203	0.02433	0.00463	0.00463	0.00695	0.00290	0.00290
60	0.00580	0.00482	0.00506	0.00505	0.00656	0.00409	0.00377	0.00713	0.01117	0.01369	0.14372	0.07121	0.67768	0.01190	0.00566	0.00161	0.00241	0.01002	0.00454	0.00409
61	0.00908	0.00856	0.01444	0.80395	0.04905	0.01063	0.01330	0.01226	0.00958	0.01228	0.00851	0.01272	0.00640	0.00477	0.00478	0.00159	0.00636	0.00425	0.00213	0.00536
62	0.01928	0.20633	0.01452	0.00849	0.01229	0.01009	0.00736	0.04196	0.01297	0.59410	0.01573	0.01408	0.01037	0.00547	0.00439	0.00137	0.00435	0.00425	0.00496	0.00765
63	0.01183	0.01136	0.01940	0.02934	0.80221	0.01136	0.01467	0.01467	0.01088	0.01562	0.00899	0.01183	0.00757	0.00426	0.00473	0.00142	0.00568	0.00426	0.00237	0.00757
64	0.00903	0.00850	0.01434	0.82054	0.03292	0.01062	0.01327	0.01221	0.00956	0.01221	0.00850	0.01274	0.00637	0.00478	0.00478	0.00159	0.00637	0.00425	0.00212	0.00531
65	0.00582	0.00416	0.00555	0.00666	0.00693	0.00388	0.00444	0.00666	0.00915	0.01220	0.02634	0.82891	0.03161	0.01497	0.00610	0.00194	0.00277	0.01359	0.00444	0.00388
66	0.00907	0.03525	0.00997	0.00920	0.05256	0.00885	0.00645	0.06643	0.00860	0.01203	0.01173	0.02111	0.01231	0.38336	0.13336	0.00393	0.20311	0.00553	0.00273	0.00441
67	0.00973	0.00914	0.01456	0.61435	0.05455	0.01154	0.01264	0.04147	0.00968	0.01287	0.00822	0.01224	0.00646	0.00546	0.00678	0.00167	0.15668	0.00424	0.00223	0.00548
68	0.00683	0.00512	0.00768	0.00768	0.00853	0.00597	0.00597	0.00853	0.00768	0.01110	0.01280	0.01878	0.01195	0.03585	0.81308	0.00768	0.01280	0.00512	0.00256	0.00427
69	0.00683	0.00512	0.00768	0.00768	0.00853	0.00597	0.00597	0.00853	0.00768	0.01110	0.01280	0.01878	0.01195	0.03585	0.81308	0.00768	0.01280	0.00512	0.00256	0.00427
70	0.00582	0.00416	0.00555	0.00666	0.00693	0.00388	0.00444	0.00666	0.00915	0.01220	0.02634	0.82891	0.03161	0.01497	0.00610	0.00194	0.00277	0.01359	0.00444	0.00388
71	0.01790	0.02156	0.01365	0.01214	0.01478	0.70889	0.00922	0.11902	0.01471	0.01410	0.00792	0.00899	0.00641	0.00503	0.00437	0.00126	0.00818	0.00324	0.00276	0.00588
72	0.86579	0.00924	0.00702	0.00629	0.00924	0.01072	0.00518	0.01405	0.00813	0.02144	0.00666	0.00776	0.00518	0.00444	0.00296	0.00148	0.00370	0.00259	0.00296	0.00518
73	0.00898	0.00692	0.00782	0.00722	0.00877	0.05146	0.00558	0.05442	0.07137	0.04621	0.56792	0.03222	0.03611	0.00916	0.00550	0.00154	0.00312	0.06554	0.00500	0.00511
74	0.01278	0.83490	0.02505	0.00818	0.01227	0.01891	0.00818	0.01431	0.00971	0.01125	0.00664	0.00767	0.00613	0.00409	0.00307	0.00102	0.00511	0.00256	0.00204	0.00613
75	0.02144	0.00813	0.01109	0.00850	0.01220	0.00702	0.00702	0.02329	0.01368	0.80552	0.01886	0.01627	0.01183	0.00592	0.00481	0.00148	0.00407	0.00481	0.00592	0.00813
76	0.00693	0.00472	0.00567	0.00567	0.00583	0.00488	0.00347	0.00725	0.00709	0.00961	0.01464	0.02896	0.01637	0.68408	0.17090	0.00520	0.00615	0.00661	0.00283	0.00315
77	0.00903	0.00850	0.01434	0.82054	0.03292	0.01062	0.01327	0.01221	0.00956	0.01221	0.00850	0.01274	0.00637	0.00478	0.00478	0.00159	0.00637	0.00425	0.00212	0.00531
78	0.00582	0.00416	0.00555	0.00666	0.00693	0.00388	0.00444	0.00666	0.00915	0.01220	0.02634	0.82891	0.03161	0.01497	0.00610	0.00194	0.00277	0.01359	0.00444	0.00388
79	0.01183	0.01136	0.01940	0.02934	0.80221	0.01136	0.01467	0.01467	0.01088	0.01562	0.00899	0.01183	0.00757	0.00426	0.00473	0.00142	0.00568	0.00426	0.00237	0.00757
80	0.00582	0.00416	0.00555	0.00666	0.00693	0.00388	0.00444	0.00666	0.00915	0.01220	0.02634	0.82891	0.03161	0.01497	0.00610	0.00194	0.00277	0.01359	0.00444	0.00388
81	0.00624	0.00480	0.00712	0.03499	0.00883	0.00457	0.04883	0.00733	0.00929	0.01238	0.02480	0.75515	0.02938	0.01401	0.00603	0.00191	0.00319	0.01282	0.00424	0.00408
82	0.00674	0.00454	0.00528	0.00549	0.00554	0.00449	0.00319	0.00689	0.00737	0.00983	0.01721	0.18341	0.02009	0.67619	0.02085	0.00412	0.00428	0.00822	0.00319	0.00308
83	0.01001	0.00865	0.01042	0.00828	0.05395	0.00664	0.00615	0.01218	0.00996	0.01558	0.00852	0.01001	0.00711	0.00358	0.00360	0.00075	0.00365	0.00291	0.00281	0.81524
84	0.00901	0.00815	0.01334	0.39210	0.08593	0.00920	0.07030	0.03285	0.00998	0.01344	0.01307	0.20810	0.01281	0.00731	0.00561	0.00165	0.04481	0.00656	0.02620	0.02958
85	0.01170	0.00867	0.01046	0.04178	0.01241	0.00764	0.01656	0.08358	0.06642	0.10063	0.02187	0.03363	0.01962	0.01707	0.00442	0.00111	0.00389	0.01542	0.02625	0.49688
86	0.01171	0.14582	0.29898	0.06690	0.01729	0.04468	0.03608	0.11417	0.02761	0.02620	0.00906	0.01066	0.00699	0.00590	0.03526	0.00159	0.03351	0.00363	0.00264	0.10131
87	0.00998	0.06869	0.05551	0.00890	0.01173	0.00797	0.07466	0.07650	0.02724	0.05822	0.06617	0.23665	0.05694	0.00832	0.00499	0.00146	0.00411	0.03605	0.00379	0.18215
88	0.08976	0.05602	0.05239	0.05354	0.01383	0.04090	0.06626	0.05090	0.06450	0.11209	0.08028	0.02724	0.01224	0.01864	0.00627	0.00153	0.11182	0.02489	0.01645	0.10044
89	0.01046	0.10029	0.01197	0.00856	0.01119	0.03982	0.07484	0.04701	0.01053	0.06870	0.01471	0.22073	0.01486	0.07808	0.01817	0.00171	0.00445	0.01622	0.02089	0.22683

[dist]
# distance from previous block
# <min> <max>
0	100

# created by:
# /st0/software/busco_prod/Augustus/scripts/msa2prfl.pl ./align_prep/196873.fa
