[name]
unknown

[dist]
# distance from previous block
# <min> <max>
31	113

[block]
# block no. 0 follows, 43 sequences, length 142
# corresponding to MSA columns:
# 147-212,220-295
name=unknown_A
#
# <colnr> <probs for GDERKNQSTAVLIFYWHMCP>
#	G	D	E	R	K	N	Q	S	T	A	V	L	I	F	Y	W	H	M	C	P
0	0.14851	0.01092	0.01243	0.22060	0.01937	0.07185	0.02211	0.08797	0.02610	0.03519	0.01608	0.14773	0.05132	0.00791	0.00532	0.00173	0.00558	0.00656	0.00379	0.09894
1	0.01360	0.01055	0.01434	0.31698	0.06272	0.03605	0.01141	0.14403	0.02760	0.09452	0.03103	0.16431	0.01505	0.00832	0.00611	0.00186	0.02338	0.00713	0.00410	0.00691
2	0.02663	0.00971	0.01263	0.19259	0.06099	0.01076	0.00978	0.09134	0.18819	0.05069	0.10950	0.07264	0.04134	0.05515	0.00720	0.00207	0.00515	0.04217	0.00459	0.00690
3	0.00764	0.00572	0.00673	0.00643	0.00805	0.00505	0.00484	0.00971	0.01434	0.03541	0.43853	0.04613	0.36651	0.01241	0.00652	0.00180	0.00274	0.01065	0.00569	0.00508
4	0.01147	0.01017	0.01572	0.35665	0.17814	0.01139	0.02458	0.01660	0.12324	0.03403	0.11603	0.02057	0.04437	0.00683	0.00573	0.00179	0.00593	0.00611	0.00368	0.00698
5	0.01148	0.00606	0.00622	0.00586	0.00746	0.00617	0.00448	0.07097	0.01283	0.03819	0.01778	0.02003	0.01381	0.00648	0.00404	0.00133	0.00290	0.00516	0.75317	0.00559
6	0.00892	0.00637	0.00892	0.01020	0.01147	0.00637	0.00892	0.01147	0.01275	0.01657	0.02932	0.06247	0.03187	0.01530	0.00765	0.00255	0.00510	0.73354	0.00510	0.00510
7	0.02485	0.00943	0.01285	0.00985	0.01414	0.00814	0.00814	0.02699	0.01585	0.77465	0.02185	0.01885	0.01371	0.00685	0.00557	0.00171	0.00471	0.00557	0.00685	0.00943
8	0.01813	0.02193	0.01692	0.09110	0.13766	0.54544	0.01222	0.02006	0.01436	0.01431	0.00890	0.01115	0.00742	0.00580	0.00587	0.00156	0.05367	0.00398	0.00277	0.00675
9	0.01187	0.01524	0.20086	0.01214	0.01793	0.00985	0.10650	0.03589	0.01215	0.01835	0.01014	0.01203	0.00797	0.00453	0.00474	0.00121	0.00583	0.00395	0.00305	0.50577
10	0.01055	0.00994	0.01678	0.77011	0.05935	0.01233	0.01543	0.01423	0.01112	0.01426	0.00986	0.01473	0.00742	0.00552	0.00554	0.00184	0.00736	0.00492	0.00247	0.00623
11	0.01046	0.00984	0.01661	0.79205	0.03814	0.01230	0.01538	0.01415	0.01107	0.01415	0.00984	0.01477	0.00738	0.00554	0.00554	0.00185	0.00738	0.00492	0.00246	0.00615
12	0.00774	0.00566	0.00726	0.00686	0.00821	0.00518	0.00515	0.01026	0.01544	0.02164	0.71229	0.04230	0.10821	0.01153	0.00653	0.00175	0.00263	0.01015	0.00602	0.00518
13	0.01512	0.01222	0.02062	0.12165	0.52530	0.01226	0.04675	0.01833	0.01298	0.14233	0.01227	0.01474	0.00940	0.00531	0.00555	0.00169	0.00649	0.00511	0.00339	0.00851
14	0.00946	0.00713	0.01043	0.01285	0.09595	0.00713	0.00982	0.01209	0.01273	0.01674	0.02722	0.05705	0.02930	0.01415	0.00741	0.00245	0.00526	0.65248	0.00484	0.00551
15	0.00784	0.00566	0.00740	0.00697	0.00827	0.00523	0.00523	0.01045	0.01568	0.02221	0.76789	0.04137	0.05226	0.01132	0.00653	0.00174	0.00261	0.01002	0.00610	0.00523
16	0.02244	0.01105	0.01661	0.01245	0.01697	0.01015	0.13307	0.10814	0.01655	0.56324	0.01909	0.01756	0.01233	0.00646	0.00573	0.00173	0.00565	0.00567	0.00602	0.00910
17	0.01355	0.01360	0.02499	0.03137	0.58832	0.01337	0.19748	0.01718	0.01272	0.01801	0.01061	0.01401	0.00868	0.00487	0.00574	0.00170	0.00726	0.00533	0.00276	0.00845
18	0.01307	0.01494	0.03268	0.02334	0.02894	0.01401	0.75070	0.01774	0.01307	0.01774	0.01120	0.01494	0.00840	0.00467	0.00654	0.00187	0.00934	0.00654	0.00280	0.00747
19	0.00681	0.00570	0.00598	0.00612	0.00792	0.00486	0.00473	0.00834	0.01264	0.01514	0.05313	0.05432	0.68661	0.01417	0.00667	0.00195	0.00306	0.09199	0.00514	0.00472
20	0.01168	0.01184	0.02234	0.33638	0.10273	0.01279	0.27810	0.01545	0.01193	0.01597	0.01180	0.01839	0.00984	0.00618	0.00677	0.00192	0.05244	0.06383	0.00282	0.00679
21	0.01046	0.00984	0.01661	0.79205	0.03814	0.01230	0.01538	0.01415	0.01107	0.01415	0.00984	0.01477	0.00738	0.00554	0.00554	0.00185	0.00738	0.00492	0.00246	0.00615
22	0.01111	0.02865	0.77667	0.01579	0.02397	0.01286	0.02046	0.01754	0.01169	0.01754	0.00994	0.01169	0.00702	0.00526	0.00526	0.00175	0.00818	0.00409	0.00234	0.00818
23	0.00670	0.00501	0.00623	0.00721	0.00790	0.00454	0.00492	0.00777	0.01109	0.01434	0.03667	0.62184	0.21257	0.01655	0.00694	0.00216	0.00312	0.01477	0.00514	0.00454
24	0.02184	0.01425	0.01584	0.01214	0.01655	0.01530	0.01003	0.60216	0.02393	0.18807	0.01507	0.01445	0.01031	0.00669	0.00555	0.00167	0.00581	0.00511	0.00581	0.00942
25	0.01543	0.64041	0.08553	0.01051	0.01530	0.10554	0.01044	0.01754	0.01190	0.03281	0.00833	0.00948	0.00727	0.00494	0.00390	0.00127	0.00652	0.00318	0.00253	0.00717
26	0.00892	0.00637	0.00892	0.01020	0.01147	0.00637	0.00892	0.01147	0.01275	0.01657	0.02932	0.06247	0.03187	0.01530	0.00765	0.00255	0.00510	0.73354	0.00510	0.00510
27	0.00699	0.00499	0.00670	0.00799	0.00842	0.00471	0.00556	0.00813	0.01084	0.01441	0.03039	0.71950	0.03610	0.01712	0.00713	0.00228	0.00342	0.09560	0.00514	0.00457
28	0.00828	0.00689	0.01000	0.00966	0.01108	0.00670	0.08843	0.01149	0.10222	0.01572	0.03008	0.54101	0.10768	0.01440	0.00678	0.00212	0.00399	0.01314	0.00494	0.00537
29	0.01301	0.01129	0.01309	0.10616	0.01701	0.01333	0.00966	0.04352	0.54971	0.02101	0.01930	0.01936	0.01477	0.01003	0.06708	0.00245	0.05039	0.00596	0.00486	0.00801
30	0.01492	0.79362	0.02876	0.00957	0.01427	0.03659	0.00950	0.01669	0.01134	0.01304	0.00772	0.00891	0.00711	0.00476	0.00358	0.00119	0.00600	0.00297	0.00238	0.00709
31	0.01414	0.01392	0.01913	0.02519	0.47316	0.08975	0.02755	0.01906	0.12772	0.01841	0.01204	0.01416	0.00978	0.00530	0.00531	0.00156	0.00633	0.00483	0.00326	0.10939
32	0.00870	0.00688	0.00919	0.01008	0.09325	0.02060	0.00661	0.01133	0.01526	0.02141	0.65137	0.03801	0.06479	0.01058	0.00639	0.00173	0.00320	0.00937	0.00564	0.00563
33	0.00685	0.00489	0.00654	0.00783	0.00819	0.00459	0.00532	0.00789	0.01070	0.01425	0.03047	0.76709	0.03641	0.01725	0.00710	0.00226	0.00330	0.04940	0.00514	0.00453
34	0.01247	0.01383	0.02931	0.15200	0.02996	0.01348	0.60830	0.01688	0.01267	0.01705	0.01147	0.03491	0.00895	0.00514	0.00638	0.00187	0.00885	0.00650	0.00280	0.00717
35	0.02943	0.09700	0.01384	0.10489	0.01491	0.01038	0.05020	0.01302	0.01003	0.07273	0.01349	0.02043	0.01243	0.16305	0.28236	0.00491	0.07237	0.00572	0.00317	0.00565
36	0.02308	0.00909	0.01242	0.00989	0.01384	0.00794	0.00823	0.02526	0.01551	0.69032	0.02268	0.02370	0.01573	0.00779	0.00580	0.00181	0.00476	0.08655	0.00666	0.00894
37	0.00737	0.00564	0.00676	0.00648	0.00799	0.00503	0.00486	0.00955	0.01458	0.01961	0.51226	0.04565	0.30951	0.01229	0.00654	0.00179	0.00268	0.01062	0.00575	0.00503
38	0.00694	0.00499	0.00676	0.00780	0.00825	0.00481	0.00534	0.00811	0.01070	0.01445	0.07054	0.67191	0.03498	0.01970	0.09341	0.00296	0.00447	0.01433	0.00495	0.00459
39	0.01148	0.00984	0.01148	0.00820	0.01312	0.00738	0.00656	0.01395	0.01148	0.01805	0.00984	0.01148	0.00820	0.00410	0.00410	0.00082	0.00410	0.00328	0.00328	0.83922
40	0.01111	0.02865	0.77667	0.01579	0.02397	0.01286	0.02046	0.01754	0.01169	0.01754	0.00994	0.01169	0.00702	0.00526	0.00526	0.00175	0.00818	0.00409	0.00234	0.00818
41	0.02143	0.01251	0.09818	0.01094	0.01550	0.01030	0.00981	0.13533	0.06526	0.50336	0.04537	0.01812	0.01387	0.00685	0.00557	0.00172	0.00521	0.00552	0.00605	0.00910
42	0.06883	0.01088	0.01383	0.09736	0.01728	0.01082	0.00935	0.18375	0.01719	0.48564	0.01784	0.01662	0.01163	0.00657	0.00544	0.00172	0.00529	0.00522	0.00588	0.00887
43	0.00699	0.00499	0.00670	0.00799	0.00842	0.00471	0.00556	0.00813	0.01084	0.01441	0.03039	0.71950	0.03610	0.01712	0.00713	0.00228	0.00342	0.09560	0.00514	0.00457
44	0.84448	0.01071	0.00814	0.00728	0.01071	0.01242	0.00600	0.01628	0.00943	0.02485	0.00771	0.00900	0.00600	0.00514	0.00343	0.00171	0.00428	0.00300	0.00343	0.00600
45	0.02296	0.00901	0.01225	0.00953	0.01349	0.00782	0.00782	0.02515	0.01583	0.69094	0.10485	0.02136	0.01800	0.00735	0.00568	0.00172	0.00448	0.00606	0.00677	0.00896
46	0.01481	0.80869	0.02902	0.00948	0.01421	0.02191	0.00948	0.01658	0.01125	0.01303	0.00770	0.00888	0.00711	0.00474	0.00355	0.00118	0.00592	0.00296	0.00237	0.00711
47	0.01210	0.01167	0.01581	0.49087	0.06192	0.09743	0.02754	0.05691	0.01276	0.01584	0.01303	0.03790	0.01150	0.00715	0.00581	0.00188	0.00720	0.10322	0.00311	0.00633
48	0.00790	0.00590	0.00873	0.00869	0.00971	0.00673	0.00673	0.00995	0.00965	0.01390	0.09861	0.02394	0.01812	0.03818	0.69699	0.00810	0.01347	0.00639	0.00332	0.00498
49	0.00699	0.00499	0.00670	0.00799	0.00842	0.00471	0.00556	0.00813	0.01084	0.01441	0.03039	0.71950	0.03610	0.01712	0.00713	0.00228	0.00342	0.09560	0.00514	0.00457
50	0.02048	0.01523	0.01630	0.01263	0.01696	0.01691	0.01039	0.69588	0.08343	0.03399	0.01402	0.01387	0.01000	0.00672	0.00555	0.00168	0.00596	0.00509	0.00555	0.00937
51	0.01988	0.01362	0.01476	0.01148	0.01547	0.01483	0.00943	0.59463	0.02327	0.09074	0.01462	0.01474	0.01041	0.00664	0.00531	0.00162	0.00551	0.00506	0.11916	0.00884
52	0.00730	0.00523	0.00701	0.00800	0.00865	0.00494	0.00579	0.00882	0.01184	0.01594	0.15802	0.54596	0.03854	0.01596	0.00707	0.00221	0.00343	0.13526	0.00530	0.00473
53	0.01461	0.01087	0.01200	0.01060	0.01368	0.01206	0.00829	0.02699	0.57754	0.12432	0.10537	0.02272	0.02041	0.00785	0.00573	0.00184	0.00423	0.00659	0.00585	0.00846
54	0.01391	0.01196	0.01260	0.01130	0.01445	0.01384	0.00880	0.04268	0.74734	0.02338	0.02237	0.02053	0.01677	0.00750	0.00563	0.00187	0.00441	0.00624	0.00563	0.00878
55	0.00669	0.00562	0.00581	0.00576	0.00757	0.00474	0.00432	0.00823	0.01296	0.01577	0.13529	0.05197	0.68888	0.01373	0.00654	0.00186	0.00278	0.01150	0.00525	0.00474
56	0.02059	0.01343	0.01499	0.01180	0.01596	0.01445	0.00965	0.45019	0.15920	0.20490	0.01699	0.01595	0.01180	0.00686	0.00556	0.00171	0.00546	0.00536	0.00586	0.00930
57	0.02966	0.71591	0.10354	0.01007	0.01513	0.02083	0.01051	0.01667	0.01126	0.01370	0.00792	0.00917	0.00708	0.00480	0.00372	0.00125	0.00612	0.00308	0.00239	0.00719
58	0.00784	0.00566	0.00740	0.00697	0.00827	0.00523	0.00523	0.01045	0.01568	0.02221	0.76789	0.04137	0.05226	0.01132	0.00653	0.00174	0.00261	0.01002	0.00610	0.00523
59	0.01125	0.02767	0.72384	0.01632	0.02432	0.01294	0.07232	0.01755	0.01179	0.01755	0.01003	0.01192	0.00711	0.00522	0.00535	0.00176	0.00827	0.00427	0.00237	0.00813
60	0.00764	0.00561	0.00720	0.00716	0.00840	0.00516	0.00539	0.00991	0.01448	0.01996	0.53964	0.13675	0.13027	0.01267	0.00669	0.00188	0.00290	0.06742	0.00579	0.00506
61	0.02064	0.01531	0.01639	0.01266	0.01702	0.01698	0.01043	0.71104	0.06803	0.03423	0.01383	0.01372	0.00985	0.00670	0.00555	0.00167	0.00600	0.00506	0.00555	0.00938
62	0.21541	0.01545	0.01343	0.01277	0.07348	0.21156	0.00928	0.08372	0.17165	0.10301	0.01331	0.01356	0.00998	0.00606	0.00488	0.00164	0.00615	0.00444	0.00424	0.02595
63	0.01481	0.80869	0.02902	0.00948	0.01421	0.02191	0.00948	0.01658	0.01125	0.01303	0.00770	0.00888	0.00711	0.00474	0.00355	0.00118	0.00592	0.00296	0.00237	0.00711
64	0.00675	0.00482	0.00643	0.00771	0.00803	0.00450	0.00514	0.00771	0.01060	0.01414	0.03053	0.80175	0.03663	0.01735	0.00707	0.00225	0.00321	0.01574	0.00514	0.00450
65	0.01370	0.01498	0.03143	0.02251	0.02803	0.01425	0.69288	0.07512	0.01408	0.01908	0.01137	0.01481	0.00848	0.00482	0.00646	0.00185	0.00908	0.00641	0.00302	0.00762
66	0.02194	0.00572	0.00736	0.00697	0.00829	0.00532	0.00522	0.01043	0.01537	0.02190	0.72148	0.06304	0.06331	0.01144	0.00650	0.00176	0.00266	0.01009	0.00601	0.00521
67	0.01136	0.00631	0.00816	0.00729	0.00916	0.00577	0.00561	0.01388	0.01522	0.16432	0.53572	0.03459	0.04034	0.00989	0.00603	0.00168	0.00301	0.00859	0.10707	0.00601
68	0.01362	0.01307	0.02231	0.05537	0.75015	0.01313	0.01695	0.01692	0.01257	0.01798	0.01040	0.01374	0.00873	0.00495	0.00548	0.00165	0.00660	0.00493	0.00273	0.00870
69	0.00784	0.00566	0.00740	0.00697	0.00827	0.00523	0.00523	0.01045	0.01568	0.02221	0.76789	0.04137	0.05226	0.01132	0.00653	0.00174	0.00261	0.01002	0.00610	0.00523
70	0.00795	0.00579	0.00819	0.00819	0.00894	0.00654	0.00604	0.00944	0.00869	0.01233	0.01548	0.02534	0.01540	0.23019	0.59688	0.00803	0.01250	0.00646	0.00306	0.00455
71	0.00774	0.00566	0.00726	0.00686	0.00821	0.00518	0.00515	0.01026	0.01544	0.02164	0.71229	0.04230	0.10821	0.01153	0.00653	0.00175	0.00263	0.01015	0.00602	0.00518
72	0.02105	0.01551	0.01662	0.01274	0.01717	0.01717	0.01053	0.75235	0.02604	0.03490	0.01330	0.01330	0.00942	0.00665	0.00554	0.00166	0.00609	0.00499	0.00554	0.00942
73	0.00751	0.00560	0.00697	0.00673	0.00810	0.00507	0.00501	0.00978	0.01475	0.02024	0.57808	0.08691	0.20037	0.01223	0.00657	0.00180	0.00269	0.01069	0.00584	0.00507
74	0.00789	0.00538	0.00647	0.00661	0.00678	0.00548	0.00404	0.00826	0.00845	0.01140	0.01855	0.11945	0.02112	0.61478	0.12760	0.00550	0.00640	0.00862	0.00350	0.00370
75	0.84448	0.01071	0.00814	0.00728	0.01071	0.01242	0.00600	0.01628	0.00943	0.02485	0.00771	0.00900	0.00600	0.00514	0.00343	0.00171	0.00428	0.00300	0.00343	0.00600
76	0.01481	0.80869	0.02902	0.00948	0.01421	0.02191	0.00948	0.01658	0.01125	0.01303	0.00770	0.00888	0.00711	0.00474	0.00355	0.00118	0.00592	0.00296	0.00237	0.00711
77	0.01204	0.14185	0.64611	0.01470	0.02227	0.01405	0.01851	0.01767	0.01175	0.03823	0.00995	0.01149	0.00722	0.00523	0.00502	0.00167	0.00776	0.00397	0.00247	0.00806
78	0.01055	0.00994	0.01677	0.77092	0.05856	0.01233	0.01543	0.01423	0.01112	0.01426	0.00986	0.01474	0.00742	0.00552	0.00554	0.00184	0.00736	0.00492	0.00247	0.00623
79	0.79729	0.01173	0.05166	0.00776	0.01146	0.01245	0.00682	0.01635	0.00955	0.02443	0.00784	0.00915	0.00606	0.00515	0.00353	0.00172	0.00451	0.00306	0.00337	0.00612
80	0.01318	0.01295	0.02305	0.13620	0.57068	0.01316	0.11564	0.01671	0.01246	0.01751	0.01045	0.01402	0.00853	0.00498	0.00563	0.00170	0.00706	0.00515	0.00271	0.00824
81	0.01256	0.20344	0.43016	0.01858	0.19555	0.01500	0.01714	0.01719	0.01181	0.01664	0.00954	0.01152	0.00745	0.00507	0.00492	0.00160	0.00729	0.00403	0.00244	0.00808
82	0.00965	0.00844	0.00863	0.00817	0.00978	0.09241	0.00616	0.01301	0.07342	0.02043	0.53418	0.06965	0.08194	0.01092	0.00635	0.00177	0.00368	0.03028	0.00558	0.00557
83	0.02485	0.00943	0.01285	0.00985	0.01414	0.00814	0.00814	0.02699	0.01585	0.77465	0.02185	0.01885	0.01371	0.00685	0.00557	0.00171	0.00471	0.00557	0.00685	0.00943
84	0.00691	0.00542	0.00632	0.00694	0.00817	0.00482	0.00513	0.00830	0.01190	0.01486	0.04349	0.32702	0.41127	0.01539	0.00687	0.00209	0.00324	0.10206	0.00514	0.00466
85	0.02074	0.01588	0.15901	0.01192	0.01675	0.09670	0.01111	0.11903	0.05221	0.41359	0.01703	0.01587	0.01130	0.00643	0.00545	0.00169	0.00612	0.00502	0.00532	0.00882
86	0.84448	0.01071	0.00814	0.00728	0.01071	0.01242	0.00600	0.01628	0.00943	0.02485	0.00771	0.00900	0.00600	0.00514	0.00343	0.00171	0.00428	0.00300	0.00343	0.00600
87	0.00675	0.00482	0.00643	0.00771	0.00803	0.00450	0.00514	0.00771	0.01060	0.01414	0.03053	0.80175	0.03663	0.01735	0.00707	0.00225	0.00321	0.01574	0.00514	0.00450
88	0.01371	0.01316	0.02248	0.03399	0.77081	0.01316	0.01700	0.01700	0.01261	0.01809	0.01042	0.01371	0.00877	0.00493	0.00548	0.00164	0.00658	0.00493	0.00274	0.00877
89	0.02037	0.05256	0.01733	0.01473	0.10051	0.07570	0.01093	0.49269	0.02183	0.11837	0.01336	0.01354	0.00957	0.00632	0.00540	0.00163	0.00628	0.00484	0.00503	0.00900
90	0.01318	0.01240	0.02097	0.03135	0.68634	0.01240	0.01610	0.01638	0.01263	0.01792	0.01252	0.01913	0.01134	0.00609	0.00572	0.00175	0.00641	0.08599	0.00300	0.00836
91	0.02184	0.01208	0.09792	0.01079	0.01537	0.00968	0.00967	0.05241	0.10625	0.57244	0.02030	0.01807	0.01320	0.00675	0.00554	0.00174	0.00511	0.00547	0.00616	0.00921
92	0.17102	0.01270	0.01976	0.02894	0.62688	0.01302	0.01491	0.01686	0.01201	0.01937	0.00991	0.01282	0.00825	0.00497	0.00509	0.00166	0.00614	0.00457	0.00287	0.00825
93	0.00791	0.00593	0.00890	0.00890	0.00989	0.00692	0.00692	0.00989	0.00890	0.01286	0.01483	0.02176	0.01385	0.04154	0.78341	0.00890	0.01483	0.00593	0.00297	0.00494
94	0.00784	0.00566	0.00740	0.00697	0.00827	0.00523	0.00523	0.01045	0.01568	0.02221	0.76789	0.04137	0.05226	0.01132	0.00653	0.00174	0.00261	0.01002	0.00610	0.00523
95	0.01046	0.00984	0.01661	0.79205	0.03814	0.01230	0.01538	0.01415	0.01107	0.01415	0.00984	0.01477	0.00738	0.00554	0.00554	0.00185	0.00738	0.00492	0.00246	0.00615
96	0.09175	0.01348	0.01567	0.10043	0.07726	0.01509	0.01102	0.44930	0.06065	0.02823	0.01346	0.01627	0.01047	0.00686	0.00575	0.00176	0.02338	0.04612	0.00470	0.00834
97	0.12498	0.02167	0.38375	0.01545	0.02145	0.09825	0.16471	0.01776	0.01239	0.03364	0.04762	0.01342	0.00956	0.00551	0.00531	0.00173	0.00775	0.00471	0.00291	0.00743
98	0.00670	0.00500	0.00624	0.00722	0.00790	0.00454	0.00492	0.00777	0.01107	0.01433	0.03648	0.62756	0.20697	0.01658	0.00695	0.00216	0.00312	0.01480	0.00514	0.00454
99	0.78046	0.01061	0.00851	0.00748	0.01098	0.01209	0.00617	0.01712	0.00993	0.08342	0.00882	0.00977	0.00660	0.00527	0.00359	0.00171	0.00432	0.00320	0.00370	0.00627
100	0.01256	0.01218	0.02129	0.28930	0.46531	0.01294	0.07376	0.01609	0.01213	0.01673	0.01029	0.01416	0.00827	0.00512	0.00558	0.00173	0.00707	0.00506	0.00265	0.00779
101	0.01046	0.00984	0.01661	0.79205	0.03814	0.01230	0.01538	0.01415	0.01107	0.01415	0.00984	0.01477	0.00738	0.00554	0.00554	0.00185	0.00738	0.00492	0.00246	0.00615
102	0.00880	0.00630	0.00876	0.00984	0.01112	0.00625	0.00851	0.01136	0.01308	0.01720	0.11149	0.06012	0.03414	0.01486	0.00753	0.00246	0.00482	0.65305	0.00521	0.00511
103	0.01549	0.01459	0.02097	0.02889	0.58542	0.07398	0.01542	0.14085	0.01511	0.02056	0.01076	0.01335	0.00875	0.00528	0.00545	0.00163	0.00676	0.00484	0.00322	0.00870
104	0.00675	0.00482	0.00643	0.00771	0.00803	0.00450	0.00514	0.00771	0.01060	0.01414	0.03053	0.80175	0.03663	0.01735	0.00707	0.00225	0.00321	0.01574	0.00514	0.00450
105	0.01071	0.01010	0.01707	0.73284	0.09537	0.01237	0.01551	0.01437	0.01119	0.01446	0.00989	0.01468	0.00749	0.00549	0.00553	0.00183	0.00732	0.00492	0.00248	0.00636
106	0.00701	0.00500	0.00657	0.00773	0.00813	0.00471	0.00527	0.00803	0.01061	0.01408	0.02991	0.67055	0.04927	0.07868	0.00875	0.00251	0.00352	0.07021	0.00500	0.00446
107	0.01378	0.01190	0.01252	0.01127	0.01440	0.01378	0.00877	0.02943	0.76081	0.02317	0.02254	0.02066	0.01691	0.00751	0.00564	0.00188	0.00438	0.00626	0.00564	0.00877
108	0.01148	0.00984	0.01148	0.00820	0.01312	0.00738	0.00656	0.01395	0.01148	0.01805	0.00984	0.01148	0.00820	0.00410	0.00410	0.00082	0.00410	0.00328	0.00328	0.83922
109	0.01173	0.15960	0.65115	0.01473	0.02233	0.01438	0.01862	0.01738	0.01162	0.01678	0.00956	0.01122	0.00703	0.00517	0.00498	0.00166	0.00781	0.00390	0.00234	0.00800
110	0.00688	0.00562	0.00607	0.00596	0.00768	0.00482	0.00447	0.00859	0.01341	0.01682	0.23860	0.05024	0.58491	0.01333	0.00654	0.00184	0.00276	0.01126	0.00539	0.00482
111	0.01046	0.00971	0.01629	0.77012	0.03726	0.01211	0.01506	0.01412	0.01109	0.01433	0.01007	0.01493	0.00757	0.00556	0.00549	0.00183	0.00725	0.00493	0.02569	0.00612
112	0.00805	0.00537	0.00604	0.00604	0.00604	0.00537	0.00336	0.00805	0.00805	0.01074	0.01745	0.03624	0.02013	0.80536	0.02819	0.00537	0.00537	0.00805	0.00336	0.00336
113	0.00677	0.00559	0.00595	0.00593	0.00764	0.00476	0.00442	0.00836	0.01305	0.01614	0.17454	0.08240	0.61789	0.01371	0.00657	0.00186	0.00279	0.01158	0.00530	0.00476
114	0.01115	0.02369	0.57072	0.01767	0.12316	0.01227	0.03706	0.01662	0.01154	0.01710	0.01058	0.01317	0.00805	0.00924	0.09189	0.00254	0.00874	0.00447	0.00247	0.00789
115	0.01481	0.80869	0.02902	0.00948	0.01421	0.02191	0.00948	0.01658	0.01125	0.01303	0.00770	0.00888	0.00711	0.00474	0.00355	0.00118	0.00592	0.00296	0.00237	0.00711
116	0.01168	0.14882	0.66149	0.01481	0.02247	0.01426	0.01877	0.01739	0.01163	0.01684	0.00959	0.01126	0.00703	0.00518	0.00500	0.00167	0.00784	0.00392	0.00234	0.00802
117	0.02141	0.01494	0.01626	0.01247	0.01689	0.01632	0.01030	0.68370	0.02508	0.10491	0.01411	0.01382	0.00982	0.00667	0.00554	0.00167	0.00596	0.00504	0.00566	0.00942
118	0.00753	0.00533	0.00677	0.00763	0.00815	0.00512	0.00536	0.00858	0.01048	0.01376	0.02838	0.39856	0.07780	0.22937	0.01285	0.00313	0.00415	0.15807	0.00465	0.00432
119	0.01111	0.02865	0.77667	0.01579	0.02397	0.01286	0.02046	0.01754	0.01169	0.01754	0.00994	0.01169	0.00702	0.00526	0.00526	0.00175	0.00818	0.00409	0.00234	0.00818
120	0.01060	0.00999	0.01686	0.75960	0.06951	0.01234	0.01545	0.01427	0.01114	0.01432	0.00987	0.01472	0.00744	0.00551	0.00553	0.00184	0.00735	0.00492	0.00247	0.00626
121	0.84448	0.01071	0.00814	0.00728	0.01071	0.01242	0.00600	0.01628	0.00943	0.02485	0.00771	0.00900	0.00600	0.00514	0.00343	0.00171	0.00428	0.00300	0.00343	0.00600
122	0.02017	0.01545	0.01841	0.01392	0.01848	0.01682	0.09287	0.67062	0.02460	0.03299	0.01306	0.01348	0.00931	0.00643	0.00565	0.00168	0.00646	0.00516	0.00524	0.00920
123	0.01046	0.00984	0.01661	0.79205	0.03814	0.01230	0.01538	0.01415	0.01107	0.01415	0.00984	0.01477	0.00738	0.00554	0.00554	0.00185	0.00738	0.00492	0.00246	0.00615
124	0.00768	0.00566	0.00719	0.00680	0.00818	0.00516	0.00510	0.01015	0.01531	0.02133	0.68143	0.04282	0.13927	0.01165	0.00653	0.00176	0.00264	0.01022	0.00598	0.00516
125	0.00823	0.00646	0.00710	0.00709	0.00874	0.00601	0.00521	0.09068	0.01346	0.01691	0.04305	0.29148	0.44684	0.01428	0.00660	0.00197	0.00330	0.01226	0.00519	0.00515
126	0.02245	0.01232	0.07835	0.01097	0.01556	0.01052	0.00967	0.16366	0.05235	0.53511	0.01925	0.01728	0.01248	0.00671	0.00554	0.00172	0.00525	0.00537	0.00617	0.00929
127	0.00658	0.00548	0.00575	0.00596	0.00757	0.00465	0.00436	0.00791	0.01228	0.01482	0.05181	0.17895	0.64569	0.01458	0.00663	0.00193	0.00287	0.01237	0.00514	0.00465
128	0.00675	0.00482	0.00643	0.00771	0.00803	0.00450	0.00514	0.00771	0.01060	0.01414	0.03053	0.80175	0.03663	0.01735	0.00707	0.00225	0.00321	0.01574	0.00514	0.00450
129	0.01452	0.74776	0.08742	0.00997	0.01498	0.02121	0.01033	0.01666	0.01129	0.01338	0.00787	0.00910	0.00710	0.00478	0.00369	0.00123	0.00610	0.00305	0.00237	0.00719
130	0.01253	0.01398	0.10478	0.23909	0.48755	0.01289	0.01694	0.01628	0.01209	0.01695	0.01021	0.01377	0.00820	0.00514	0.00547	0.00171	0.00698	0.00484	0.00262	0.00799
131	0.00671	0.00524	0.00610	0.00668	0.00779	0.00462	0.00471	0.00798	0.01184	0.01498	0.08427	0.40784	0.38062	0.01545	0.00679	0.00204	0.00299	0.01352	0.00520	0.00462
132	0.01335	0.01279	0.02183	0.11833	0.68931	0.01306	0.01682	0.01668	0.01244	0.01765	0.01035	0.01383	0.00862	0.00500	0.00549	0.00167	0.00667	0.00493	0.00271	0.00848
133	0.03148	0.20085	0.14656	0.01434	0.11752	0.13384	0.01176	0.01883	0.01348	0.15143	0.09567	0.01557	0.01350	0.00612	0.00502	0.00155	0.00641	0.00476	0.00372	0.00759
134	0.01139	0.07239	0.71331	0.01594	0.04423	0.01338	0.01974	0.01747	0.01169	0.01730	0.00983	0.01159	0.00707	0.00522	0.00517	0.00172	0.00801	0.00405	0.00235	0.00814
135	0.01341	0.01401	0.04108	0.30893	0.36425	0.10597	0.01550	0.02945	0.02413	0.01645	0.01020	0.01369	0.00815	0.00533	0.00544	0.00170	0.00729	0.00476	0.00273	0.00752
136	0.09376	0.05139	0.44397	0.01785	0.16408	0.02657	0.01682	0.06984	0.03176	0.01950	0.01027	0.01202	0.00768	0.00533	0.00509	0.00170	0.00720	0.00421	0.00284	0.00812
137	0.03824	0.06452	0.01706	0.11919	0.07986	0.12296	0.08154	0.15660	0.07475	0.03236	0.11622	0.03053	0.02850	0.00688	0.00555	0.00168	0.00638	0.00582	0.00408	0.00728
138	0.11720	0.01229	0.05464	0.14408	0.22201	0.01209	0.08616	0.03173	0.09366	0.08706	0.03216	0.02856	0.01120	0.02205	0.00584	0.00182	0.00614	0.00535	0.00365	0.02232
139	0.07153	0.11792	0.36355	0.01418	0.04464	0.07915	0.04321	0.08450	0.04682	0.03123	0.01194	0.01345	0.02929	0.01901	0.00543	0.00171	0.00717	0.00444	0.00310	0.00772
140	0.25106	0.10459	0.03013	0.03153	0.01657	0.01381	0.11916	0.17567	0.01489	0.12943	0.01325	0.01397	0.03507	0.00589	0.00487	0.00166	0.00577	0.00469	0.00416	0.02383
141	0.12595	0.01587	0.11845	0.11761	0.08734	0.11016	0.15551	0.03806	0.01280	0.05051	0.03399	0.01359	0.00923	0.00547	0.00545	0.00166	0.01893	0.00476	0.00317	0.07152

[dist]
# distance from previous block
# <min> <max>
3	52

[block]
# block no. 1 follows, 43 sequences, length 10
# corresponding to MSA columns:
# 357-366
name=unknown_B
#
# <colnr> <probs for GDERKNQSTAVLIFYWHMCP>
#	G	D	E	R	K	N	Q	S	T	A	V	L	I	F	Y	W	H	M	C	P
0	0.06334	0.33319	0.06516	0.01022	0.01404	0.08474	0.00932	0.13020	0.01406	0.01827	0.07092	0.03808	0.04434	0.00955	0.07049	0.00210	0.00664	0.00493	0.00350	0.00690
1	0.11977	0.01269	0.10145	0.01183	0.03597	0.01120	0.04497	0.17210	0.03771	0.13452	0.03714	0.13914	0.01567	0.00830	0.00589	0.00181	0.02513	0.03466	0.00465	0.04541
2	0.03203	0.11095	0.08605	0.01166	0.01582	0.14399	0.01022	0.18292	0.06286	0.06277	0.01218	0.03977	0.00981	0.00625	0.00558	0.00150	0.04498	0.00457	0.00389	0.15220
3	0.01351	0.15717	0.33077	0.03593	0.05948	0.04964	0.14752	0.01785	0.01226	0.07134	0.01083	0.01287	0.00818	0.00685	0.04070	0.00198	0.00803	0.00457	0.00283	0.00771
4	0.01327	0.52631	0.24851	0.01130	0.01682	0.01827	0.01256	0.01643	0.01123	0.01435	0.00882	0.01055	0.00752	0.00728	0.05459	0.00185	0.00717	0.00349	0.00240	0.00729
5	0.01531	0.62600	0.09527	0.01073	0.01552	0.12968	0.01065	0.01746	0.01193	0.01352	0.00803	0.00930	0.00710	0.00492	0.00391	0.00127	0.00671	0.00315	0.00244	0.00711
6	0.20777	0.07722	0.03077	0.14252	0.08302	0.01309	0.07258	0.12271	0.03924	0.03720	0.08097	0.01676	0.04120	0.00635	0.00509	0.00171	0.00570	0.00522	0.00381	0.00706
7	0.01523	0.62208	0.10537	0.01070	0.01562	0.08418	0.01078	0.05420	0.01241	0.01465	0.00829	0.00949	0.00722	0.00497	0.00395	0.00129	0.00651	0.00323	0.00257	0.00728
8	0.04128	0.00558	0.00759	0.00737	0.00779	0.00572	0.00508	0.04445	0.00848	0.01208	0.01023	0.01659	0.00975	0.01734	0.01913	0.71722	0.00472	0.00477	0.05179	0.00305
9	0.05833	0.34979	0.34380	0.01267	0.04400	0.01606	0.01388	0.01647	0.01159	0.01615	0.03638	0.01293	0.03562	0.00554	0.00455	0.00151	0.00659	0.00406	0.00265	0.00741

[dist]
# distance from previous block
# <min> <max>
3	17

[block]
# block no. 2 follows, 43 sequences, length 7
# corresponding to MSA columns:
# 399-405
name=unknown_C
#
# <colnr> <probs for GDERKNQSTAVLIFYWHMCP>
#	G	D	E	R	K	N	Q	S	T	A	V	L	I	F	Y	W	H	M	C	P
0	0.06092	0.09747	0.66405	0.01472	0.02231	0.01365	0.01862	0.01738	0.01152	0.01757	0.00961	0.01128	0.00696	0.00521	0.00500	0.00170	0.00775	0.00393	0.00241	0.00796
1	0.22009	0.32465	0.13051	0.01092	0.01542	0.18659	0.01050	0.01787	0.01185	0.01672	0.00822	0.00957	0.00683	0.00513	0.00409	0.00145	0.00675	0.00327	0.00273	0.00684
2	0.00793	0.12333	0.00929	0.00636	0.00858	0.00728	0.00512	0.00956	0.01284	0.01567	0.14626	0.04516	0.55909	0.01230	0.00611	0.00175	0.00324	0.01018	0.00487	0.00511
3	0.00757	0.00650	0.00659	0.00642	0.00846	0.00597	0.00486	0.01100	0.11898	0.01613	0.05133	0.04866	0.66171	0.01310	0.00642	0.00187	0.00303	0.01092	0.00521	0.00526
4	0.00894	0.12352	0.01144	0.00858	0.00998	0.00890	0.00679	0.01061	0.00913	0.01258	0.01416	0.02193	0.01375	0.14473	0.56175	0.00727	0.01218	0.00580	0.00293	0.00504
5	0.00736	0.00562	0.00661	0.00638	0.00780	0.00503	0.00469	0.00931	0.01391	0.01854	0.43670	0.04553	0.32389	0.07454	0.00823	0.00208	0.00290	0.01050	0.00552	0.00487
6	0.01383	0.01824	0.22396	0.06595	0.39459	0.06262	0.04645	0.07494	0.01355	0.01875	0.01040	0.01300	0.00816	0.00523	0.00544	0.00168	0.00734	0.00469	0.00285	0.00832

[dist]
# distance from previous block
# <min> <max>
0	25

# created by:
# /st0/software/busco_prod/Augustus/scripts/msa2prfl.pl ./align_prep/196850.fa
