[name]
unknown

[dist]
# distance from previous block
# <min> <max>
0	109

[block]
# block no. 0 follows, 47 sequences, length 21
# corresponding to MSA columns:
# 115-135
name=unknown_A
#
# <colnr> <probs for GDERKNQSTAVLIFYWHMCP>
#	G	D	E	R	K	N	Q	S	T	A	V	L	I	F	Y	W	H	M	C	P
0	0.21146	0.09700	0.21660	0.03611	0.07406	0.03376	0.01110	0.01680	0.01113	0.12132	0.01056	0.01234	0.00804	0.00518	0.00437	0.00149	0.00560	0.02144	0.00322	0.09842
1	0.16199	0.14298	0.32589	0.01156	0.03152	0.04527	0.01226	0.01716	0.03857	0.10028	0.02684	0.04396	0.00948	0.00567	0.00452	0.00156	0.00598	0.00427	0.00316	0.00707
2	0.02740	0.12279	0.54111	0.01385	0.02043	0.03678	0.06161	0.01731	0.01145	0.08587	0.01009	0.01137	0.00724	0.00500	0.00481	0.00158	0.00719	0.00395	0.00265	0.00755
3	0.03990	0.37547	0.39488	0.01191	0.01781	0.05003	0.01385	0.01625	0.01091	0.01469	0.00829	0.00968	0.00661	0.00475	0.00417	0.00140	0.00671	0.00332	0.00227	0.00711
4	0.01264	0.52137	0.26453	0.01069	0.01617	0.01709	0.01197	0.01572	0.01072	0.01387	0.00802	0.00933	0.00672	0.00457	0.00388	0.00126	0.00613	0.00314	0.00227	0.05991
5	0.01379	0.79035	0.05591	0.00913	0.01371	0.02029	0.00930	0.01563	0.01060	0.01241	0.00732	0.00845	0.00668	0.00447	0.00340	0.00113	0.00565	0.00282	0.00223	0.00672
6	0.00744	0.00558	0.00837	0.00837	0.00930	0.00651	0.00651	0.00930	0.00837	0.01209	0.01395	0.02046	0.01302	0.03906	0.79635	0.00837	0.01395	0.00558	0.00279	0.00465
7	0.00827	0.00591	0.00825	0.00945	0.01060	0.00589	0.00818	0.01058	0.01187	0.01545	0.02764	0.10308	0.03023	0.01450	0.00716	0.00238	0.00469	0.70629	0.00480	0.00476
8	0.68705	0.01006	0.00869	0.00744	0.01083	0.01122	0.00613	0.04714	0.01046	0.14641	0.00959	0.01011	0.00693	0.00515	0.00363	0.00161	0.00416	0.00328	0.00382	0.00629
9	0.01392	0.82012	0.02729	0.00891	0.01337	0.02061	0.00891	0.01559	0.01058	0.01225	0.00724	0.00835	0.00668	0.00446	0.00334	0.00111	0.00557	0.00278	0.00223	0.00668
10	0.00634	0.00456	0.00602	0.00718	0.00754	0.00424	0.00480	0.00726	0.01004	0.01332	0.02953	0.78724	0.06025	0.01621	0.00663	0.00210	0.00301	0.01467	0.00483	0.00424
11	0.06440	0.01478	0.04283	0.01181	0.01605	0.01576	0.01000	0.69984	0.02316	0.03173	0.01211	0.01223	0.00860	0.00613	0.00509	0.00157	0.00571	0.00456	0.00500	0.00864
12	0.01049	0.01038	0.01877	0.18722	0.08332	0.01117	0.25856	0.01341	0.01086	0.01498	0.01469	0.10561	0.05949	0.00726	0.00738	0.00182	0.12354	0.00667	0.04833	0.00607
13	0.00752	0.00503	0.00569	0.00574	0.00576	0.00502	0.00322	0.00756	0.00767	0.01023	0.01690	0.06535	0.01956	0.78486	0.02571	0.00493	0.00497	0.00786	0.00322	0.00320
14	0.05958	0.00506	0.00602	0.00679	0.00761	0.00476	0.00471	0.00789	0.01046	0.01435	0.05848	0.57880	0.18722	0.01475	0.00631	0.00199	0.00299	0.01308	0.00476	0.00438
15	0.01152	0.05292	0.01190	0.00812	0.01250	0.00798	0.02127	0.02749	0.02954	0.05398	0.01279	0.01377	0.05680	0.00473	0.00414	0.00095	0.00404	0.00382	0.00339	0.65833
16	0.01314	0.01007	0.01270	0.01015	0.04099	0.00892	0.04691	0.10946	0.06548	0.09289	0.03919	0.04226	0.01134	0.00536	0.00460	0.00118	0.00443	0.00454	0.00394	0.47246
17	0.03586	0.12710	0.49171	0.01450	0.06121	0.01363	0.04005	0.10751	0.01261	0.01816	0.00946	0.01096	0.00701	0.00498	0.00475	0.00155	0.00695	0.00388	0.00265	0.02549
18	0.01364	0.08541	0.09067	0.01047	0.01407	0.03907	0.03516	0.09759	0.10652	0.12024	0.03316	0.12579	0.01396	0.00727	0.00569	0.00155	0.04823	0.00592	0.00410	0.14148
19	0.01599	0.03817	0.01331	0.01045	0.01377	0.04366	0.02061	0.35668	0.10453	0.09807	0.01766	0.10464	0.04795	0.02675	0.00582	0.00170	0.00505	0.01917	0.00487	0.05115
20	0.04996	0.06183	0.01713	0.01257	0.01634	0.07159	0.16266	0.23320	0.07091	0.04471	0.01381	0.06073	0.03217	0.00632	0.00542	0.00155	0.02565	0.00541	0.01748	0.09056

[dist]
# distance from previous block
# <min> <max>
9	21

[block]
# block no. 1 follows, 47 sequences, length 7
# corresponding to MSA columns:
# 160-166
name=unknown_B
#
# <colnr> <probs for GDERKNQSTAVLIFYWHMCP>
#	G	D	E	R	K	N	Q	S	T	A	V	L	I	F	Y	W	H	M	C	P
0	0.08075	0.04090	0.17347	0.04121	0.07542	0.10424	0.21910	0.06920	0.01297	0.06461	0.03352	0.01426	0.03591	0.00544	0.00520	0.00161	0.00704	0.00494	0.00315	0.00706
1	0.06611	0.01109	0.01263	0.09737	0.01578	0.06403	0.03473	0.19384	0.04271	0.07874	0.06959	0.09495	0.01411	0.00682	0.00503	0.00149	0.00507	0.00565	0.00417	0.17609
2	0.08166	0.01200	0.01661	0.06534	0.15523	0.01230	0.10586	0.26149	0.01551	0.04407	0.01145	0.03539	0.00915	0.02386	0.00549	0.00158	0.00574	0.00485	0.00374	0.12870
3	0.04057	0.01249	0.01612	0.12034	0.19568	0.10725	0.06557	0.08298	0.04636	0.15216	0.01250	0.03283	0.00960	0.00595	0.00551	0.02427	0.00611	0.00485	0.00368	0.05517
4	0.08048	0.01286	0.01983	0.02611	0.54078	0.04344	0.06853	0.05927	0.01223	0.01793	0.00953	0.01236	0.00789	0.00507	0.00588	0.00161	0.06116	0.00455	0.00277	0.00773
5	0.01308	0.01168	0.05084	0.24736	0.25043	0.01171	0.05955	0.08977	0.01258	0.07860	0.01063	0.01340	0.00814	0.00557	0.00596	0.02452	0.03360	0.00464	0.00307	0.06485
6	0.06669	0.00957	0.01218	0.08551	0.08765	0.00927	0.00840	0.12907	0.01330	0.14582	0.01451	0.12938	0.01271	0.02469	0.00540	0.00154	0.00466	0.00576	0.00410	0.22978

[dist]
# distance from previous block
# <min> <max>
1	2

[block]
# block no. 2 follows, 47 sequences, length 28
# corresponding to MSA columns:
# 169-196
name=unknown_C
#
# <colnr> <probs for GDERKNQSTAVLIFYWHMCP>
#	G	D	E	R	K	N	Q	S	T	A	V	L	I	F	Y	W	H	M	C	P
0	0.12730	0.01061	0.01253	0.09597	0.13032	0.05674	0.00915	0.05141	0.15114	0.12600	0.07956	0.04833	0.01462	0.03688	0.00582	0.00176	0.00498	0.00551	0.00418	0.02719
1	0.00712	0.00537	0.00730	0.02988	0.02737	0.00532	0.00574	0.00850	0.01089	0.01474	0.16126	0.50900	0.05751	0.04338	0.00761	0.00212	0.03337	0.05424	0.00471	0.00454
2	0.01710	0.03331	0.01443	0.01220	0.01517	0.43726	0.00948	0.12692	0.09494	0.01703	0.01010	0.01119	0.00811	0.00577	0.00567	0.00142	0.06938	0.00386	0.00333	0.10333
3	0.00891	0.00469	0.00688	0.02534	0.00735	0.00474	0.00461	0.00702	0.00695	0.00926	0.00982	0.01770	0.01003	0.10168	0.02064	0.74010	0.00463	0.00485	0.00236	0.00244
4	0.01167	0.01235	0.02451	0.03455	0.16217	0.01225	0.45551	0.01527	0.01199	0.01668	0.09110	0.01633	0.01228	0.00617	0.02178	0.00188	0.07773	0.00604	0.00292	0.00684
5	0.01101	0.10087	0.62203	0.01517	0.02225	0.01304	0.11196	0.01643	0.01112	0.01611	0.00929	0.01113	0.00677	0.00483	0.00495	0.00161	0.00763	0.00404	0.00226	0.00752
6	0.01143	0.01156	0.02119	0.31876	0.22346	0.01262	0.21937	0.01484	0.01107	0.01510	0.00952	0.01344	0.00753	0.00521	0.00656	0.00174	0.08235	0.00504	0.00247	0.00675
7	0.01037	0.00997	0.01756	0.63142	0.10688	0.01167	0.09328	0.01379	0.01068	0.01393	0.00944	0.01384	0.00721	0.00533	0.00561	0.01877	0.00701	0.00479	0.00237	0.00608
8	0.01176	0.01138	0.01977	0.27935	0.41970	0.01210	0.09377	0.01553	0.04000	0.01593	0.01046	0.01444	0.00848	0.00507	0.00532	0.00165	0.00660	0.01879	0.00264	0.00726
9	0.00804	0.00847	0.07174	0.04245	0.02700	0.00696	0.14281	0.01026	0.01105	0.01475	0.07423	0.38936	0.13361	0.02604	0.00659	0.00196	0.00457	0.01080	0.00412	0.00518
10	0.01237	0.09275	0.35126	0.10142	0.22334	0.01334	0.01591	0.09795	0.01260	0.01769	0.00961	0.01172	0.00732	0.00499	0.00491	0.00157	0.00681	0.00413	0.00264	0.00768
11	0.01054	0.01103	0.06467	0.55333	0.21614	0.01166	0.01493	0.01404	0.01083	0.01442	0.01020	0.01414	0.02166	0.00520	0.00520	0.00168	0.00673	0.00470	0.00242	0.00648
12	0.01030	0.02527	0.72198	0.01451	0.02175	0.01168	0.03760	0.01608	0.01126	0.01677	0.05716	0.01280	0.00926	0.00529	0.00505	0.00165	0.00740	0.00425	0.00243	0.00751
13	0.01046	0.01016	0.01795	0.57986	0.13737	0.01168	0.10653	0.01393	0.01088	0.01425	0.01068	0.01476	0.02855	0.00525	0.00534	0.00171	0.00694	0.00499	0.00246	0.00624
14	0.01263	0.01102	0.01878	0.06184	0.46977	0.01087	0.09539	0.02446	0.01253	0.07692	0.09391	0.01848	0.04678	0.00595	0.00545	0.00162	0.00580	0.01696	0.00336	0.00748
15	0.01146	0.01228	0.02540	0.04499	0.08264	0.01169	0.55652	0.01514	0.01185	0.01617	0.05877	0.01759	0.01161	0.09015	0.00818	0.00208	0.00774	0.00633	0.00287	0.00654
16	0.01027	0.01182	0.09868	0.19428	0.16891	0.01068	0.15981	0.01354	0.01136	0.01535	0.03850	0.04351	0.13229	0.00701	0.00620	0.00175	0.04634	0.02028	0.00303	0.00639
17	0.01169	0.03419	0.52859	0.01788	0.16675	0.01248	0.04445	0.07435	0.01232	0.01789	0.02574	0.01212	0.00802	0.00508	0.00505	0.00162	0.00716	0.00425	0.00259	0.00779
18	0.05830	0.02598	0.74560	0.01439	0.02183	0.01207	0.01847	0.01642	0.01087	0.01688	0.00923	0.01085	0.00654	0.00494	0.00485	0.00165	0.00749	0.00379	0.00226	0.00758
19	0.01402	0.62425	0.10670	0.01056	0.01540	0.01834	0.06848	0.01638	0.01102	0.06104	0.00854	0.00965	0.00715	0.00463	0.00384	0.00125	0.00597	0.00331	0.00252	0.00695
20	0.01334	0.04465	0.38830	0.01667	0.11912	0.01151	0.12707	0.01773	0.01196	0.15519	0.01214	0.03839	0.00903	0.00544	0.00521	0.00164	0.00686	0.00486	0.00316	0.00773
21	0.01074	0.01195	0.06520	0.20395	0.11817	0.01122	0.33561	0.01430	0.01136	0.01538	0.01295	0.13995	0.01184	0.00653	0.00582	0.00178	0.00706	0.00684	0.00287	0.00648
22	0.01154	0.01001	0.01160	0.14251	0.01643	0.01156	0.00877	0.02255	0.54496	0.01927	0.02158	0.08171	0.05933	0.00782	0.00544	0.00179	0.00442	0.00666	0.00474	0.00730
23	0.00839	0.00722	0.01169	0.02408	0.05072	0.00706	0.13301	0.01123	0.06990	0.01499	0.03576	0.49944	0.02675	0.01262	0.00639	0.00201	0.00441	0.06468	0.00436	0.00528
24	0.01799	0.01328	0.20237	0.01090	0.01558	0.00893	0.03863	0.04507	0.01414	0.46547	0.09757	0.01801	0.01487	0.00644	0.00530	0.00163	0.00522	0.00536	0.00515	0.00809
25	0.31356	0.01490	0.01366	0.10144	0.17202	0.23851	0.01017	0.04947	0.01202	0.01832	0.00845	0.01040	0.00676	0.00505	0.00434	0.00153	0.00641	0.00362	0.00292	0.00644
26	0.00775	0.00583	0.00709	0.00756	0.00874	0.00562	0.00571	0.05191	0.03622	0.01562	0.06646	0.35753	0.21645	0.02513	0.00676	0.00206	0.00348	0.16042	0.00488	0.00479
27	0.03428	0.07957	0.33911	0.01332	0.06103	0.07181	0.04129	0.01789	0.01250	0.17792	0.08955	0.01506	0.01235	0.00579	0.00500	0.00157	0.00632	0.00469	0.00355	0.00741

[dist]
# distance from previous block
# <min> <max>
0	1

[block]
# block no. 3 follows, 47 sequences, length 23
# corresponding to MSA columns:
# 198-220
name=unknown_D
#
# <colnr> <probs for GDERKNQSTAVLIFYWHMCP>
#	G	D	E	R	K	N	Q	S	T	A	V	L	I	F	Y	W	H	M	C	P
0	0.01777	0.01424	0.16536	0.01183	0.01648	0.01146	0.05162	0.17729	0.14289	0.31140	0.01626	0.01542	0.01106	0.00611	0.00523	0.00164	0.00552	0.00501	0.00496	0.00843
1	0.01788	0.01008	0.04190	0.00950	0.01393	0.00807	0.03620	0.04577	0.01353	0.43046	0.01546	0.01470	0.01049	0.00539	0.00477	0.00132	0.00456	0.00444	0.00491	0.30667
2	0.00621	0.00528	0.00535	0.00533	0.00706	0.00442	0.00400	0.00757	0.01199	0.01435	0.08297	0.04965	0.75199	0.01308	0.00615	0.00175	0.00263	0.01093	0.00487	0.00442
3	0.10292	0.00935	0.01046	0.00762	0.01209	0.00746	0.00611	0.01335	0.01059	0.01767	0.00904	0.01054	0.00749	0.00396	0.00379	0.00086	0.00388	0.00306	0.00310	0.75667
4	0.01278	0.01982	0.37614	0.01699	0.02319	0.01283	0.30219	0.10894	0.01329	0.04777	0.01061	0.01260	0.00761	0.00495	0.00545	0.00168	0.00774	0.00488	0.00289	0.00763
5	0.06415	0.01388	0.01467	0.01152	0.01547	0.01547	0.00944	0.62635	0.12511	0.03082	0.01339	0.01322	0.00963	0.00628	0.00511	0.00159	0.00542	0.00475	0.00511	0.00860
6	0.01946	0.02448	0.01479	0.01337	0.01610	0.76984	0.01006	0.04590	0.01508	0.01342	0.00820	0.00950	0.00678	0.00540	0.00471	0.00135	0.00927	0.00340	0.00277	0.00613
7	0.00656	0.00524	0.00588	0.00583	0.00731	0.00455	0.00433	0.00822	0.01267	0.01623	0.28809	0.10138	0.49015	0.01259	0.00619	0.00174	0.00261	0.01075	0.00513	0.00455
8	0.85377	0.01007	0.00765	0.00685	0.01007	0.01168	0.00564	0.01531	0.00886	0.02336	0.00725	0.00846	0.00564	0.00483	0.00322	0.00161	0.00403	0.00282	0.00322	0.00564
9	0.00757	0.00505	0.00568	0.00568	0.00568	0.00505	0.00316	0.00757	0.00757	0.01010	0.01641	0.03408	0.01893	0.81698	0.02651	0.00505	0.00505	0.00757	0.00316	0.00316
10	0.01217	0.01172	0.02018	0.20747	0.59027	0.01222	0.03923	0.01540	0.01154	0.01616	0.00970	0.01315	0.00794	0.00476	0.00520	0.00160	0.00644	0.00468	0.00252	0.00765
11	0.00730	0.00521	0.00714	0.00834	0.00906	0.00505	0.00649	0.00890	0.01091	0.01436	0.02818	0.46216	0.03236	0.01542	0.00690	0.00225	0.00385	0.35682	0.00482	0.00449
12	0.00634	0.00453	0.00604	0.00725	0.00755	0.00423	0.00483	0.00725	0.00997	0.01329	0.02870	0.81358	0.03444	0.01632	0.00665	0.00211	0.00302	0.01480	0.00483	0.00423
13	0.01222	0.01285	0.06300	0.15113	0.54806	0.01231	0.09282	0.01566	0.01163	0.01637	0.00976	0.01306	0.00792	0.00472	0.00525	0.00160	0.00665	0.00475	0.00252	0.00771
14	0.01169	0.01268	0.02647	0.08138	0.08422	0.01220	0.57226	0.01566	0.01203	0.01627	0.01217	0.03941	0.01025	0.00556	0.00609	0.00180	0.00798	0.06229	0.00283	0.00678
15	0.00839	0.00599	0.00839	0.00959	0.01079	0.00599	0.00839	0.01079	0.01199	0.01558	0.02757	0.05874	0.02997	0.01439	0.00719	0.00240	0.00480	0.74945	0.00480	0.00480
16	0.85377	0.01007	0.00765	0.00685	0.01007	0.01168	0.00564	0.01531	0.00886	0.02336	0.00725	0.00846	0.00564	0.00483	0.00322	0.00161	0.00403	0.00282	0.00322	0.00564
17	0.00745	0.00556	0.00825	0.00825	0.00913	0.00644	0.00636	0.00922	0.00833	0.01200	0.01406	0.02108	0.01329	0.07471	0.76107	0.00822	0.01354	0.00567	0.00281	0.00458
18	0.01375	0.13632	0.01735	0.03140	0.24226	0.04545	0.01090	0.08322	0.31016	0.01930	0.02879	0.01509	0.01174	0.00585	0.00494	0.00156	0.00532	0.00489	0.00386	0.00786
19	0.01080	0.00926	0.01080	0.00771	0.01234	0.00694	0.00617	0.01311	0.01080	0.01697	0.00926	0.01080	0.00771	0.00386	0.00386	0.00077	0.00386	0.00309	0.00309	0.84882
20	0.76416	0.01006	0.00844	0.00789	0.03690	0.01141	0.00614	0.01607	0.00941	0.07908	0.00831	0.00929	0.00626	0.00495	0.00344	0.00161	0.00413	0.00306	0.00344	0.00597
21	0.11598	0.01309	0.01389	0.01126	0.03105	0.03233	0.00899	0.49176	0.05875	0.13038	0.01334	0.01354	0.00956	0.02569	0.00549	0.00166	0.00536	0.00464	0.00498	0.00824
22	0.07738	0.00941	0.01233	0.09077	0.01550	0.00903	0.00835	0.09111	0.01491	0.56642	0.03881	0.01681	0.01242	0.00631	0.00512	0.00162	0.00473	0.00508	0.00567	0.00822

[dist]
# distance from previous block
# <min> <max>
0	8

[block]
# block no. 4 follows, 47 sequences, length 22
# corresponding to MSA columns:
# 229-241,247-255
name=unknown_E
#
# <colnr> <probs for GDERKNQSTAVLIFYWHMCP>
#	G	D	E	R	K	N	Q	S	T	A	V	L	I	F	Y	W	H	M	C	P
0	0.05366	0.00857	0.01295	0.37475	0.03315	0.00927	0.03569	0.01490	0.01169	0.16705	0.04296	0.03986	0.09618	0.00717	0.00538	0.00172	0.00545	0.04649	0.00379	0.02933
1	0.01845	0.01001	0.03763	0.00971	0.01325	0.00934	0.00804	0.09372	0.17394	0.43922	0.05623	0.07526	0.01619	0.00741	0.00538	0.00168	0.00440	0.00616	0.00580	0.00818
2	0.01078	0.08055	0.69736	0.01482	0.02216	0.01273	0.05828	0.01644	0.01104	0.01621	0.00926	0.01098	0.00667	0.00488	0.00490	0.00162	0.00761	0.00390	0.00222	0.00759
3	0.01080	0.00926	0.01080	0.00771	0.01234	0.00694	0.00617	0.01311	0.01080	0.01697	0.00926	0.01080	0.00771	0.00386	0.00386	0.00077	0.00386	0.00309	0.00309	0.84882
4	0.00705	0.00519	0.00659	0.00650	0.00765	0.00474	0.00478	0.00910	0.01359	0.01876	0.56425	0.16558	0.14311	0.01190	0.00623	0.00173	0.00257	0.01050	0.00547	0.00474
5	0.52089	0.01211	0.08055	0.01084	0.09148	0.01193	0.00846	0.07864	0.06074	0.04379	0.01068	0.01161	0.02876	0.00536	0.00401	0.00162	0.00470	0.00375	0.00350	0.00658
6	0.00669	0.00500	0.00622	0.00683	0.00773	0.00457	0.00493	0.00808	0.01140	0.01495	0.16373	0.40879	0.22021	0.02854	0.00684	0.00202	0.00303	0.08105	0.00496	0.00442
7	0.01230	0.20744	0.43350	0.01486	0.08824	0.09003	0.03112	0.01648	0.01130	0.01509	0.00892	0.01071	0.00697	0.00571	0.02495	0.00166	0.00742	0.00372	0.00231	0.00726
8	0.00645	0.00529	0.00569	0.00559	0.00722	0.00452	0.00419	0.00805	0.01257	0.01573	0.23098	0.04738	0.60312	0.01257	0.00615	0.00173	0.00259	0.01061	0.00506	0.00452
9	0.01073	0.01017	0.01723	0.57904	0.25433	0.01180	0.01491	0.01409	0.01083	0.01439	0.00941	0.01359	0.00732	0.00504	0.00519	0.00168	0.00672	0.00463	0.00239	0.00650
10	0.00974	0.00908	0.01493	0.68183	0.03195	0.01133	0.01345	0.01296	0.01060	0.01388	0.07308	0.01578	0.01043	0.00594	0.00613	0.00177	0.06379	0.00502	0.00259	0.00571
11	0.11842	0.01424	0.01413	0.01119	0.01506	0.07933	0.00913	0.51751	0.05346	0.09764	0.01261	0.01254	0.00897	0.00606	0.00494	0.00156	0.00565	0.00446	0.00488	0.00822
12	0.01011	0.00954	0.01612	0.73483	0.10335	0.01164	0.01460	0.01355	0.01054	0.01364	0.00930	0.01379	0.00706	0.00516	0.00520	0.00172	0.00687	0.00463	0.00234	0.00601
13	0.05903	0.00930	0.01152	0.00933	0.01290	0.00899	0.00755	0.02462	0.20046	0.52315	0.06137	0.01885	0.01525	0.00675	0.00521	0.00165	0.00423	0.00551	0.00597	0.00835
14	0.85377	0.01007	0.00765	0.00685	0.01007	0.01168	0.00564	0.01531	0.00886	0.02336	0.00725	0.00846	0.00564	0.00483	0.00322	0.00161	0.00403	0.00282	0.00322	0.00564
15	0.00636	0.00500	0.00575	0.00616	0.00731	0.00439	0.00439	0.00765	0.01147	0.01452	0.12293	0.33523	0.42222	0.01409	0.00634	0.00188	0.00276	0.01225	0.00493	0.00439
16	0.85377	0.01007	0.00765	0.00685	0.01007	0.01168	0.00564	0.01531	0.00886	0.02336	0.00725	0.00846	0.00564	0.00483	0.00322	0.00161	0.00403	0.00282	0.00322	0.00564
17	0.01169	0.00906	0.01424	0.44974	0.10130	0.01029	0.01194	0.04216	0.01205	0.10803	0.10444	0.05665	0.01428	0.00663	0.00567	0.00172	0.02454	0.00578	0.00348	0.00633
18	0.01144	0.21924	0.54237	0.01280	0.01927	0.01366	0.01564	0.01606	0.01100	0.03678	0.01078	0.03002	0.02873	0.00536	0.00464	0.00153	0.00684	0.00407	0.00246	0.00731
19	0.01315	0.44197	0.17347	0.07621	0.01720	0.01653	0.01126	0.08188	0.03155	0.01560	0.00880	0.01017	0.00720	0.00479	0.00407	0.00130	0.00594	0.00342	0.00264	0.07286
20	0.01089	0.09706	0.03764	0.06483	0.01355	0.00861	0.00726	0.02463	0.01154	0.05014	0.07816	0.04374	0.08191	0.00602	0.00450	0.00116	0.00419	0.00493	0.00352	0.44570
21	0.01067	0.01106	0.11629	0.01179	0.05573	0.02193	0.05645	0.02632	0.01206	0.07730	0.19153	0.04841	0.12360	0.00967	0.02645	0.00197	0.15743	0.03131	0.00399	0.00605

[dist]
# distance from previous block
# <min> <max>
5	15

[block]
# block no. 5 follows, 47 sequences, length 51
# corresponding to MSA columns:
# 275-325
name=unknown_F
#
# <colnr> <probs for GDERKNQSTAVLIFYWHMCP>
#	G	D	E	R	K	N	Q	S	T	A	V	L	I	F	Y	W	H	M	C	P
0	0.03255	0.03287	0.22112	0.07284	0.03482	0.00821	0.00990	0.01291	0.01164	0.09469	0.04776	0.08901	0.29294	0.00913	0.00552	0.00171	0.00477	0.00761	0.00394	0.00606
1	0.01283	0.01234	0.14640	0.10920	0.12600	0.02298	0.06531	0.01644	0.03817	0.16400	0.10253	0.02233	0.04734	0.00726	0.00577	0.01470	0.00566	0.06985	0.00395	0.00693
2	0.01543	0.04641	0.09840	0.06704	0.01567	0.00937	0.05360	0.05913	0.04626	0.30953	0.09259	0.04686	0.03918	0.02694	0.00596	0.00177	0.00508	0.04873	0.00482	0.00725
3	0.01138	0.11669	0.55028	0.01351	0.03209	0.07591	0.01580	0.01593	0.01118	0.01545	0.03773	0.01238	0.00862	0.02681	0.00586	0.02970	0.00719	0.00402	0.00241	0.00705
4	0.02623	0.01108	0.04328	0.32338	0.11475	0.08036	0.02443	0.01382	0.02429	0.02539	0.01302	0.07455	0.02501	0.01877	0.00721	0.03409	0.06999	0.06153	0.00293	0.00589
5	0.01207	0.09574	0.19246	0.08498	0.37985	0.01300	0.05061	0.01648	0.05877	0.01648	0.02481	0.01305	0.00885	0.00499	0.00501	0.00157	0.00645	0.00452	0.00267	0.00765
6	0.01055	0.01012	0.01750	0.55817	0.17486	0.01164	0.07409	0.01412	0.02102	0.01444	0.01072	0.01521	0.02188	0.00536	0.00532	0.00171	0.00679	0.01764	0.00252	0.00634
7	0.01089	0.01021	0.01719	0.47774	0.27698	0.01154	0.02842	0.02556	0.01135	0.01525	0.04469	0.01540	0.00969	0.00542	0.00528	0.00168	0.00648	0.01699	0.00264	0.00660
8	0.01257	0.01352	0.04389	0.20172	0.28095	0.12678	0.09046	0.03331	0.02608	0.01563	0.01313	0.01635	0.06345	0.00582	0.00549	0.00163	0.01906	0.02045	0.00284	0.00684
9	0.01044	0.07719	0.45442	0.01410	0.01992	0.01153	0.14674	0.01520	0.01190	0.01705	0.15534	0.01661	0.01487	0.00589	0.00527	0.00163	0.00674	0.00523	0.00294	0.00698
10	0.01220	0.18701	0.46951	0.01441	0.02081	0.02847	0.12815	0.01682	0.01135	0.05098	0.00958	0.01119	0.00710	0.00484	0.00481	0.00155	0.00730	0.00403	0.00247	0.00741
11	0.03494	0.06719	0.40292	0.01215	0.01763	0.05269	0.01352	0.09587	0.01351	0.12158	0.10544	0.01516	0.01287	0.00597	0.00501	0.00158	0.00628	0.00469	0.00357	0.00743
12	0.00786	0.00565	0.00737	0.00823	0.00905	0.00556	0.00617	0.06244	0.01156	0.01531	0.02724	0.55015	0.03140	0.01507	0.00669	0.00215	0.00370	0.21484	0.00485	0.00471
13	0.01040	0.00662	0.00950	0.11252	0.01387	0.00669	0.00848	0.01271	0.01210	0.12450	0.06263	0.13563	0.02606	0.01211	0.00654	0.00213	0.00469	0.42262	0.00476	0.00544
14	0.04158	0.01489	0.29433	0.06855	0.04003	0.00932	0.03476	0.01666	0.01214	0.20793	0.07981	0.10725	0.01559	0.00733	0.00537	0.00172	0.00565	0.02603	0.00398	0.00707
15	0.06130	0.27864	0.43462	0.01212	0.01812	0.01487	0.01421	0.01707	0.07472	0.01598	0.00954	0.01071	0.00735	0.00496	0.00436	0.00149	0.00650	0.00362	0.00253	0.00730
16	0.00744	0.00502	0.00583	0.00596	0.00603	0.00502	0.00347	0.00761	0.00786	0.01052	0.01762	0.11662	0.02034	0.69953	0.05615	0.00487	0.00520	0.00826	0.00332	0.00333
17	0.58713	0.01119	0.05673	0.15684	0.01683	0.01179	0.06230	0.01510	0.00952	0.02061	0.00798	0.01002	0.00610	0.00488	0.00390	0.00165	0.00513	0.00345	0.00295	0.00589
18	0.01680	0.17860	0.06188	0.01051	0.01455	0.01471	0.00933	0.37085	0.07711	0.09402	0.03110	0.01371	0.01047	0.00598	0.00473	0.00147	0.00525	0.00452	0.06650	0.00791
19	0.00993	0.00924	0.01528	0.70513	0.03280	0.01164	0.01379	0.01297	0.01006	0.01306	0.00904	0.01376	0.00702	0.00607	0.00683	0.03693	0.07388	0.00462	0.00231	0.00563
20	0.01253	0.01213	0.02436	0.06694	0.14229	0.01161	0.46688	0.01615	0.01217	0.07766	0.02700	0.08157	0.01129	0.00576	0.00591	0.00174	0.00732	0.00654	0.00315	0.00701
21	0.01311	0.01208	0.01961	0.16098	0.57549	0.01264	0.01508	0.09561	0.01296	0.01807	0.00999	0.01302	0.00809	0.00491	0.00517	0.00158	0.00627	0.00464	0.00281	0.00790
22	0.13152	0.01508	0.14420	0.02760	0.01578	0.04550	0.01035	0.30680	0.13988	0.04391	0.01340	0.04945	0.01037	0.00637	0.00493	0.00163	0.00554	0.00490	0.01510	0.00767
23	0.01187	0.01263	0.04875	0.19807	0.02600	0.01249	0.41039	0.06945	0.05727	0.01707	0.01199	0.06201	0.00975	0.00569	0.00602	0.00177	0.02291	0.00609	0.00301	0.00677
24	0.00905	0.00452	0.00678	0.00678	0.00678	0.00452	0.00452	0.00678	0.00678	0.00905	0.00905	0.01583	0.00905	0.01809	0.02035	0.84848	0.00452	0.00452	0.00226	0.00226
25	0.01116	0.07521	0.02054	0.45504	0.15472	0.01275	0.16773	0.01461	0.01105	0.01452	0.00945	0.01332	0.00733	0.00489	0.00524	0.00166	0.00708	0.00479	0.00242	0.00651
26	0.11202	0.04207	0.06602	0.01106	0.03726	0.10446	0.00906	0.30521	0.04211	0.07763	0.01425	0.01583	0.04982	0.07064	0.00656	0.00182	0.00570	0.00483	0.01642	0.00722
27	0.07097	0.01025	0.01672	0.51455	0.25983	0.01182	0.01429	0.01426	0.01074	0.01514	0.00928	0.01320	0.00724	0.00501	0.00505	0.00167	0.00651	0.00450	0.00246	0.00652
28	0.01102	0.01029	0.01696	0.56398	0.21525	0.01207	0.01456	0.04503	0.01128	0.01499	0.00946	0.01352	0.00733	0.00522	0.00551	0.00170	0.02820	0.00463	0.00250	0.00650
29	0.00683	0.00522	0.00624	0.00616	0.00745	0.00466	0.00454	0.00868	0.01308	0.01746	0.42921	0.12689	0.30568	0.02648	0.00656	0.00179	0.00263	0.01052	0.00527	0.00463
30	0.00870	0.00674	0.02177	0.07056	0.01101	0.00641	0.00633	0.06413	0.01395	0.03958	0.41641	0.07874	0.16295	0.01170	0.03861	0.00198	0.00378	0.02633	0.00504	0.00528
31	0.05669	0.00753	0.00970	0.17358	0.01468	0.00801	0.00742	0.10578	0.01321	0.03410	0.24098	0.02706	0.14952	0.00996	0.00753	0.11353	0.00424	0.00699	0.00422	0.00528
32	0.01691	0.38987	0.02051	0.01135	0.01484	0.44013	0.00953	0.01841	0.01284	0.01252	0.00768	0.00892	0.00670	0.00495	0.00407	0.00124	0.00764	0.00309	0.00247	0.00633
33	0.00741	0.00526	0.00698	0.00707	0.00753	0.00567	0.00487	0.00836	0.00814	0.01129	0.01623	0.08963	0.01738	0.38663	0.38782	0.00638	0.00908	0.00721	0.00312	0.00395
34	0.07944	0.01333	0.03705	0.30534	0.21377	0.13839	0.01319	0.01533	0.01107	0.01493	0.00875	0.01211	0.00710	0.00553	0.00638	0.00168	0.10341	0.00425	0.00250	0.00647
35	0.01255	0.01232	0.03374	0.10651	0.69895	0.01229	0.01589	0.01573	0.01170	0.01665	0.00974	0.01295	0.00809	0.00470	0.00516	0.00157	0.00629	0.00463	0.00255	0.00800
36	0.04509	0.00889	0.01197	0.00920	0.01321	0.00776	0.00760	0.02512	0.01475	0.76810	0.02020	0.01748	0.01270	0.00640	0.00518	0.00161	0.00442	0.00517	0.00636	0.00878
37	0.01235	0.06078	0.25845	0.04710	0.31973	0.01191	0.05696	0.01620	0.01157	0.07126	0.02843	0.01354	0.00915	0.00702	0.05155	0.00198	0.00703	0.00458	0.00280	0.00760
38	0.04930	0.00959	0.01215	0.02795	0.01387	0.00918	0.00795	0.07777	0.12036	0.57323	0.03041	0.01749	0.01316	0.00649	0.00519	0.00163	0.00450	0.00525	0.00598	0.00854
39	0.02154	0.00868	0.01166	0.00907	0.01280	0.00765	0.00744	0.04856	0.01521	0.68119	0.10125	0.01980	0.01661	0.00689	0.00533	0.00161	0.00426	0.00566	0.00633	0.00844
40	0.00634	0.00453	0.00604	0.00725	0.00755	0.00423	0.00483	0.00725	0.00997	0.01329	0.02870	0.81358	0.03444	0.01632	0.00665	0.00211	0.00302	0.01480	0.00483	0.00423
41	0.05278	0.30192	0.03164	0.00905	0.01303	0.01248	0.00809	0.02024	0.02681	0.40226	0.01547	0.06061	0.01155	0.00622	0.00455	0.00146	0.00480	0.00480	0.00459	0.00764
42	0.01234	0.01382	0.02922	0.02105	0.02613	0.01315	0.70538	0.01756	0.07293	0.01709	0.01138	0.01448	0.00854	0.00460	0.00608	0.00176	0.00841	0.00613	0.00285	0.00712
43	0.00633	0.00459	0.00598	0.00709	0.00751	0.00424	0.00476	0.00727	0.01012	0.01336	0.03061	0.75289	0.09390	0.01607	0.00661	0.00209	0.00299	0.01450	0.00483	0.00424
44	0.01045	0.02694	0.79000	0.01484	0.02254	0.01209	0.01924	0.01649	0.01099	0.01649	0.00935	0.01099	0.00660	0.00495	0.00495	0.00165	0.00770	0.00385	0.00220	0.00770
45	0.11890	0.02307	0.11487	0.01317	0.03105	0.58424	0.01084	0.01948	0.01350	0.01460	0.00816	0.00955	0.00659	0.00523	0.00456	0.00142	0.00846	0.00338	0.00268	0.00625
46	0.01054	0.01231	0.12498	0.30539	0.20228	0.01103	0.07540	0.01457	0.04280	0.01576	0.06512	0.07229	0.01254	0.00622	0.00541	0.00170	0.00631	0.00576	0.00293	0.00666
47	0.01258	0.19475	0.50522	0.01279	0.01916	0.01366	0.01528	0.06085	0.01207	0.07171	0.02956	0.01171	0.00828	0.00517	0.00467	0.00153	0.00676	0.00391	0.00277	0.00756
48	0.13623	0.00679	0.00752	0.00679	0.00875	0.00665	0.00524	0.05531	0.01368	0.04860	0.42435	0.03331	0.17344	0.02433	0.00593	0.00169	0.00307	0.00810	0.00507	0.02515
49	0.05842	0.00821	0.07687	0.00756	0.00999	0.00642	0.00646	0.03046	0.01313	0.05089	0.37765	0.10124	0.13147	0.00969	0.00563	0.00161	0.00339	0.00831	0.00483	0.08777
50	0.01136	0.01597	0.31009	0.01097	0.01582	0.00998	0.01150	0.11229	0.05331	0.01869	0.07786	0.04127	0.01246	0.00689	0.00613	0.06878	0.00549	0.00479	0.00336	0.20296

[dist]
# distance from previous block
# <min> <max>
10	53

[block]
# block no. 6 follows, 47 sequences, length 11
# corresponding to MSA columns:
# 431-441
name=unknown_G
#
# <colnr> <probs for GDERKNQSTAVLIFYWHMCP>
#	G	D	E	R	K	N	Q	S	T	A	V	L	I	F	Y	W	H	M	C	P
0	0.04410	0.07297	0.47834	0.01822	0.20001	0.01258	0.04214	0.01658	0.01127	0.04285	0.00966	0.01150	0.00721	0.00487	0.00488	0.00159	0.00699	0.00405	0.00249	0.00770
1	0.01272	0.09935	0.55131	0.01399	0.02030	0.18338	0.01630	0.01735	0.01178	0.01529	0.00887	0.01040	0.00663	0.00499	0.00475	0.00153	0.00787	0.00364	0.00231	0.00724
2	0.01345	0.06814	0.57741	0.01329	0.02001	0.01161	0.01613	0.01837	0.01182	0.18407	0.01166	0.01231	0.00797	0.00525	0.00492	0.00161	0.00687	0.00409	0.00312	0.00789
3	0.00978	0.02224	0.61970	0.01304	0.01933	0.01053	0.01612	0.01504	0.01181	0.01745	0.17734	0.01706	0.01585	0.00619	0.00521	0.00165	0.00656	0.00506	0.00297	0.00709
4	0.01023	0.06300	0.65505	0.01352	0.02025	0.01161	0.01695	0.01562	0.01144	0.01683	0.10559	0.01435	0.01191	0.00563	0.00502	0.00162	0.00694	0.00449	0.00264	0.00730
5	0.00904	0.01667	0.41315	0.01090	0.01561	0.00868	0.01237	0.01325	0.01233	0.01791	0.29315	0.05815	0.04439	0.00771	0.00544	0.00163	0.00527	0.00653	0.00372	0.04409
6	0.00655	0.00529	0.00583	0.00569	0.00728	0.00457	0.00427	0.00824	0.01281	0.01630	0.29149	0.04644	0.54226	0.01236	0.00615	0.00172	0.00258	0.01048	0.00513	0.00457
7	0.01444	0.01193	0.01261	0.01090	0.01411	0.01365	0.00860	0.18850	0.61184	0.02418	0.01931	0.01792	0.01437	0.00689	0.00528	0.00172	0.00447	0.00563	0.00528	0.00838
8	0.01120	0.19945	0.62412	0.01355	0.02054	0.01395	0.01699	0.01630	0.01090	0.01557	0.00889	0.01042	0.00662	0.00484	0.00460	0.00153	0.00723	0.00362	0.00221	0.00748
9	0.01045	0.02694	0.79000	0.01484	0.02254	0.01209	0.01924	0.01649	0.01099	0.01649	0.00935	0.01099	0.00660	0.00495	0.00495	0.00165	0.00770	0.00385	0.00220	0.00770
10	0.06684	0.67962	0.05309	0.00907	0.01336	0.03808	0.00900	0.01548	0.01073	0.01342	0.02692	0.01048	0.00823	0.00492	0.00359	0.00122	0.00555	0.02140	0.00245	0.00655

[dist]
# distance from previous block
# <min> <max>
0	4

[block]
# block no. 7 follows, 47 sequences, length 10
# corresponding to MSA columns:
# 446-455
name=unknown_H
#
# <colnr> <probs for GDERKNQSTAVLIFYWHMCP>
#	G	D	E	R	K	N	Q	S	T	A	V	L	I	F	Y	W	H	M	C	P
0	0.00724	0.00560	0.00810	0.01062	0.11359	0.00534	0.00636	0.00844	0.01023	0.01380	0.02612	0.70431	0.03087	0.01472	0.00644	0.00204	0.00345	0.01342	0.00453	0.00478
1	0.01076	0.01212	0.07935	0.03537	0.13500	0.03492	0.25985	0.01384	0.01146	0.01560	0.03883	0.14219	0.03276	0.00808	0.00696	0.00186	0.07638	0.07510	0.00324	0.00633
2	0.01274	0.16778	0.20388	0.16069	0.12513	0.14443	0.01333	0.01642	0.04007	0.01479	0.02801	0.01296	0.02765	0.00535	0.00475	0.00151	0.00686	0.00420	0.00262	0.00683
3	0.00712	0.00589	0.00634	0.00627	0.00800	0.00540	0.00477	0.00999	0.08934	0.01582	0.14595	0.07204	0.54304	0.01239	0.00613	0.00179	0.00288	0.04695	0.00500	0.00487
4	0.00647	0.00463	0.00616	0.00716	0.00758	0.00431	0.00484	0.00757	0.01056	0.01424	0.12227	0.71733	0.03627	0.01561	0.00658	0.00206	0.00295	0.01414	0.00495	0.00431
5	0.00979	0.05931	0.08137	0.04837	0.01272	0.00823	0.00851	0.05307	0.04998	0.04579	0.05142	0.06127	0.20171	0.01100	0.00608	0.00193	0.00459	0.27479	0.00442	0.00566
6	0.01263	0.08609	0.02151	0.11348	0.59977	0.01307	0.04747	0.01569	0.01160	0.01616	0.00953	0.01263	0.00795	0.00467	0.00504	0.00154	0.00632	0.00453	0.00252	0.00778
7	0.00648	0.00464	0.00617	0.00716	0.00758	0.00432	0.00484	0.00760	0.01062	0.01433	0.13147	0.70786	0.03645	0.01554	0.00658	0.00205	0.00294	0.01407	0.00496	0.00432
8	0.00983	0.00926	0.01562	0.80447	0.03587	0.01157	0.01446	0.01331	0.01041	0.01331	0.00926	0.01388	0.00694	0.00521	0.00521	0.00174	0.00694	0.00463	0.00231	0.00579
9	0.03251	0.44494	0.11347	0.08229	0.01555	0.04180	0.00990	0.01451	0.01088	0.02980	0.03970	0.12044	0.01217	0.00651	0.00434	0.00142	0.00556	0.00504	0.00285	0.00632

[dist]
# distance from previous block
# <min> <max>
2	5

[block]
# block no. 8 follows, 47 sequences, length 6
# corresponding to MSA columns:
# 461-466
name=unknown_I
#
# <colnr> <probs for GDERKNQSTAVLIFYWHMCP>
#	G	D	E	R	K	N	Q	S	T	A	V	L	I	F	Y	W	H	M	C	P
0	0.00711	0.00538	0.00675	0.00728	0.00826	0.00493	0.00506	0.00889	0.04545	0.01445	0.06407	0.61208	0.08200	0.01422	0.00626	0.00192	0.00310	0.01276	0.00473	0.08529
1	0.00733	0.00513	0.00660	0.00680	0.00714	0.00538	0.00450	0.00807	0.00822	0.01126	0.01763	0.15694	0.01957	0.43770	0.26929	0.00563	0.00756	0.00812	0.00331	0.00381
2	0.00971	0.00485	0.00485	0.00485	0.00607	0.00485	0.00364	0.01213	0.01092	0.01942	0.01699	0.01942	0.01335	0.00607	0.00364	0.00121	0.00243	0.00485	0.84589	0.00485
3	0.71761	0.01248	0.00881	0.00792	0.01105	0.13969	0.00636	0.01620	0.00982	0.02163	0.00738	0.00861	0.00581	0.00492	0.00346	0.00157	0.00490	0.00291	0.00313	0.00570
4	0.00883	0.00500	0.00550	0.00546	0.00638	0.00502	0.00387	0.01067	0.01035	0.01692	0.09149	0.02470	0.01809	0.19163	0.06702	0.00264	0.00386	0.00597	0.51211	0.00446
5	0.01193	0.01251	0.02463	0.19625	0.24916	0.01259	0.38325	0.01574	0.01175	0.01604	0.01004	0.01368	0.00779	0.00464	0.00565	0.00169	0.00762	0.00538	0.00255	0.00711

[dist]
# distance from previous block
# <min> <max>
0	2

[block]
# block no. 9 follows, 47 sequences, length 6
# corresponding to MSA columns:
# 482-487
name=unknown_J
#
# <colnr> <probs for GDERKNQSTAVLIFYWHMCP>
#	G	D	E	R	K	N	Q	S	T	A	V	L	I	F	Y	W	H	M	C	P
0	0.00775	0.00606	0.00875	0.00989	0.08577	0.00636	0.00662	0.00955	0.01005	0.01398	0.12422	0.10205	0.09813	0.07306	0.40753	0.00530	0.00888	0.00756	0.00360	0.00489
1	0.04345	0.08037	0.36221	0.09067	0.01851	0.06493	0.01309	0.01579	0.06333	0.01621	0.01245	0.08921	0.01060	0.00631	0.00482	0.00160	0.00620	0.00506	0.08854	0.00665
2	0.01772	0.01380	0.01635	0.01587	0.17063	0.01507	0.01096	0.54182	0.09710	0.02853	0.01283	0.01327	0.00944	0.00601	0.00521	0.00158	0.00566	0.00480	0.00469	0.00867
3	0.02649	0.00885	0.02999	0.03380	0.05510	0.00850	0.04650	0.06469	0.11610	0.09795	0.09515	0.03358	0.17379	0.00956	0.00589	0.00182	0.00446	0.16162	0.00473	0.02142
4	0.04489	0.06185	0.32240	0.01104	0.01532	0.00975	0.01187	0.03503	0.01148	0.10057	0.01613	0.07830	0.01511	0.08561	0.00746	0.00212	0.00586	0.15518	0.00358	0.00646
5	0.01686	0.05267	0.06642	0.01235	0.01640	0.01073	0.15151	0.13478	0.01460	0.30957	0.01587	0.01839	0.01179	0.00950	0.08123	0.00231	0.00666	0.05614	0.00458	0.00765

[dist]
# distance from previous block
# <min> <max>
2	20

[block]
# block no. 10 follows, 47 sequences, length 10
# corresponding to MSA columns:
# 511-520
name=unknown_K
#
# <colnr> <probs for GDERKNQSTAVLIFYWHMCP>
#	G	D	E	R	K	N	Q	S	T	A	V	L	I	F	Y	W	H	M	C	P
0	0.01418	0.29477	0.01808	0.01082	0.03703	0.05835	0.00900	0.16965	0.07404	0.03701	0.02314	0.01374	0.02405	0.01079	0.12091	0.00246	0.06734	0.00436	0.00341	0.00688
1	0.01494	0.06926	0.08139	0.07357	0.11638	0.15930	0.01091	0.16932	0.01454	0.07632	0.01318	0.12223	0.01173	0.00752	0.01734	0.00171	0.02403	0.00567	0.00366	0.00700
2	0.12494	0.00556	0.00551	0.00556	0.00675	0.00574	0.00400	0.01127	0.01003	0.01780	0.01709	0.12337	0.01585	0.12556	0.00731	0.00195	0.00311	0.00627	0.49771	0.00463
3	0.01044	0.01174	0.11990	0.01038	0.01501	0.00816	0.10658	0.01356	0.01160	0.01744	0.12216	0.01535	0.01363	0.00507	0.00464	0.00115	0.00482	0.00451	0.00329	0.50058
4	0.49380	0.07058	0.01083	0.12387	0.01406	0.01178	0.00751	0.01412	0.00992	0.01992	0.10827	0.01342	0.01166	0.00594	0.00494	0.00165	0.06475	0.00407	0.00327	0.00565
5	0.00974	0.00770	0.03030	0.00807	0.01054	0.00665	0.06254	0.01255	0.07159	0.09076	0.09902	0.05487	0.29449	0.12050	0.00853	0.00209	0.00398	0.00814	0.00446	0.09348
6	0.13067	0.09898	0.05286	0.07002	0.01490	0.15480	0.00887	0.13656	0.02810	0.09159	0.01136	0.01472	0.00947	0.12398	0.00808	0.00204	0.02857	0.00443	0.00353	0.00645
7	0.01216	0.09578	0.33514	0.01166	0.01646	0.01263	0.01235	0.12055	0.16939	0.01848	0.01304	0.01605	0.01063	0.12401	0.00805	0.00211	0.00610	0.00482	0.00339	0.00721
8	0.01189	0.33417	0.10189	0.00826	0.01153	0.01221	0.00788	0.01403	0.01110	0.07282	0.11191	0.01860	0.01537	0.12426	0.00745	0.00187	0.00481	0.00493	0.11906	0.00596
9	0.01243	0.37869	0.01730	0.00839	0.01130	0.01365	0.00723	0.11636	0.01265	0.03729	0.11262	0.09938	0.01731	0.12535	0.00773	0.00193	0.00482	0.00591	0.00361	0.00605

[dist]
# distance from previous block
# <min> <max>
1	46

# created by:
# /st0/software/busco_prod/Augustus/scripts/msa2prfl.pl ./align_prep/196991.fa
