[name]
unknown

[dist]
# distance from previous block
# <min> <max>
15	197

[block]
# block no. 0 follows, 51 sequences, length 14
# corresponding to MSA columns:
# 308-321
name=unknown_A
#
# <colnr> <probs for GDERKNQSTAVLIFYWHMCP>
#	G	D	E	R	K	N	Q	S	T	A	V	L	I	F	Y	W	H	M	C	P
0	0.11129	0.02302	0.01463	0.33962	0.04779	0.02372	0.09859	0.04821	0.03482	0.09294	0.05978	0.02882	0.01042	0.00553	0.00504	0.00158	0.02210	0.00480	0.00318	0.02411
1	0.22019	0.11555	0.13964	0.09010	0.15344	0.03188	0.03418	0.06955	0.02384	0.01768	0.02939	0.01103	0.00775	0.00478	0.00419	0.00144	0.00548	0.00373	0.00278	0.03339
2	0.01149	0.00888	0.01378	0.45948	0.04104	0.01018	0.04307	0.05401	0.05144	0.11233	0.08072	0.01594	0.01157	0.00575	0.00532	0.00160	0.02996	0.00497	0.03238	0.00608
3	0.08436	0.00506	0.00698	0.06289	0.00857	0.00535	0.00498	0.00776	0.00698	0.01042	0.00871	0.01433	0.00828	0.01464	0.01611	0.68557	0.00430	0.00415	0.03781	0.00275
4	0.00715	0.00476	0.00536	0.00536	0.00536	0.00476	0.00298	0.00715	0.00715	0.00953	0.01548	0.03216	0.01787	0.82729	0.02501	0.00476	0.00476	0.00715	0.00298	0.00298
5	0.01019	0.00873	0.01019	0.00728	0.01165	0.00655	0.00582	0.01237	0.01019	0.01601	0.00873	0.01019	0.00728	0.00364	0.00364	0.00073	0.00364	0.00291	0.00291	0.85734
6	0.00741	0.00584	0.00865	0.00842	0.00921	0.00708	0.00663	0.00910	0.00786	0.01145	0.01246	0.01841	0.01167	0.03388	0.72454	0.00729	0.09786	0.00516	0.00258	0.00449
7	0.00981	0.06630	0.07524	0.04226	0.03853	0.00885	0.00782	0.15886	0.01233	0.01656	0.03666	0.41796	0.03641	0.01065	0.00591	0.00175	0.03536	0.00921	0.00401	0.00553
8	0.10297	0.53807	0.02021	0.00877	0.01225	0.16224	0.00790	0.01506	0.01034	0.01261	0.00758	0.00977	0.00702	0.06193	0.00490	0.00140	0.00573	0.00305	0.00234	0.00586
9	0.07138	0.04778	0.08322	0.18524	0.14959	0.00978	0.03354	0.03489	0.01138	0.13357	0.07024	0.07445	0.01320	0.00634	0.00488	0.00157	0.00514	0.02812	0.02932	0.00637
10	0.00765	0.00488	0.00566	0.00558	0.00588	0.00489	0.00341	0.00813	0.00795	0.02878	0.05080	0.02984	0.01816	0.64067	0.07612	0.00443	0.00500	0.00681	0.08194	0.00342
11	0.01081	0.01220	0.11265	0.27385	0.28252	0.04715	0.01309	0.05153	0.01142	0.01533	0.04533	0.04585	0.04580	0.00573	0.00498	0.00155	0.00594	0.00506	0.00274	0.00646
12	0.03118	0.00651	0.00743	0.00669	0.00855	0.00636	0.00507	0.06453	0.06414	0.14668	0.08898	0.10969	0.09993	0.08087	0.00656	0.00177	0.00329	0.00683	0.22850	0.02642
13	0.39721	0.10260	0.08891	0.06424	0.01438	0.06858	0.04976	0.01630	0.01025	0.13352	0.00924	0.01019	0.00680	0.00479	0.00387	0.00147	0.00515	0.00341	0.00317	0.00617

[dist]
# distance from previous block
# <min> <max>
2	6

[block]
# block no. 1 follows, 51 sequences, length 66
# corresponding to MSA columns:
# 328-338,343-397
name=unknown_B
#
# <colnr> <probs for GDERKNQSTAVLIFYWHMCP>
#	G	D	E	R	K	N	Q	S	T	A	V	L	I	F	Y	W	H	M	C	P
0	0.01056	0.04279	0.09044	0.06215	0.06865	0.02167	0.00911	0.08764	0.10918	0.02759	0.12810	0.01816	0.01532	0.03165	0.16129	0.01358	0.07127	0.00528	0.01957	0.00600
1	0.00653	0.00453	0.00574	0.00634	0.00700	0.00421	0.00441	0.00790	0.01067	0.01486	0.20640	0.50820	0.08218	0.01297	0.00584	0.00178	0.00265	0.01159	0.09200	0.00421
2	0.12423	0.14806	0.03496	0.04567	0.01463	0.10051	0.00884	0.29552	0.14369	0.02165	0.01104	0.01145	0.00838	0.00541	0.00434	0.00143	0.00540	0.00393	0.00378	0.00709
3	0.02964	0.01257	0.01361	0.01074	0.01442	0.01384	0.00878	0.55038	0.17224	0.10092	0.01405	0.01349	0.00998	0.00605	0.00491	0.00152	0.00497	0.00467	0.00502	0.00820
4	0.12108	0.03158	0.09203	0.14569	0.01759	0.04652	0.03228	0.19679	0.01411	0.21321	0.01216	0.02350	0.00863	0.00549	0.00462	0.00152	0.00544	0.00432	0.01641	0.00705
5	0.01021	0.02111	0.58273	0.01337	0.01939	0.01123	0.05378	0.01696	0.13831	0.01634	0.01181	0.01469	0.00913	0.00554	0.00491	0.00162	0.00658	0.05240	0.00273	0.00714
6	0.00687	0.00508	0.00646	0.00629	0.00752	0.00467	0.00483	0.00902	0.01322	0.01819	0.59890	0.04028	0.16145	0.01078	0.00590	0.00164	0.00257	0.08658	0.00519	0.00455
7	0.00668	0.00513	0.00658	0.00775	0.06272	0.00471	0.00502	0.00808	0.01076	0.01437	0.14663	0.38660	0.24873	0.01248	0.00582	0.00175	0.00285	0.01103	0.04787	0.00443
8	0.06556	0.07920	0.44855	0.14446	0.02102	0.01235	0.01455	0.11716	0.01188	0.02818	0.00908	0.01077	0.00659	0.00485	0.00453	0.00152	0.00649	0.00374	0.00259	0.00693
9	0.01579	0.00742	0.00980	0.00844	0.01111	0.00687	0.00685	0.03634	0.06261	0.44087	0.11494	0.10091	0.02084	0.00864	0.00546	0.00169	0.00389	0.12514	0.00552	0.00686
10	0.00796	0.00494	0.00659	0.00691	0.00782	0.00455	0.00494	0.00936	0.01120	0.09544	0.24165	0.50108	0.03420	0.01289	0.00601	0.00183	0.00288	0.03016	0.00496	0.00463
11	0.08637	0.20421	0.20184	0.01021	0.01435	0.08549	0.01011	0.09613	0.04739	0.09582	0.01184	0.09413	0.01010	0.00605	0.00439	0.00145	0.00554	0.00464	0.00330	0.00665
12	0.01161	0.01143	0.11016	0.00856	0.01319	0.02806	0.00774	0.05159	0.01122	0.07198	0.00962	0.01072	0.00752	0.00409	0.00394	0.00094	0.00435	0.00323	0.00312	0.62693
13	0.00858	0.00697	0.00989	0.00904	0.01026	0.00782	0.06082	0.02704	0.08911	0.01382	0.04474	0.09376	0.02781	0.12014	0.26888	0.00416	0.09569	0.05463	0.04194	0.00490
14	0.00929	0.00557	0.00662	0.00638	0.00809	0.00489	0.00485	0.01060	0.01123	0.16758	0.03606	0.16416	0.40721	0.06359	0.00701	0.00193	0.00319	0.07207	0.00476	0.00491
15	0.03732	0.00701	0.00878	0.00862	0.01035	0.00705	0.00695	0.13357	0.01289	0.12230	0.02260	0.27527	0.02352	0.01162	0.00597	0.00193	0.00409	0.28989	0.00476	0.00551
16	0.01218	0.37287	0.36005	0.01172	0.01727	0.01470	0.06696	0.01574	0.01053	0.06374	0.00871	0.00990	0.00673	0.00452	0.00411	0.00134	0.00627	0.00343	0.00237	0.00687
17	0.09975	0.12206	0.19540	0.01002	0.01403	0.06723	0.02991	0.07957	0.04446	0.08549	0.13871	0.03177	0.01439	0.00598	0.00455	0.00144	0.00517	0.00472	0.00356	0.04179
18	0.00928	0.00873	0.01474	0.81548	0.03385	0.01092	0.01365	0.01256	0.00983	0.01256	0.00873	0.01310	0.00655	0.00491	0.00491	0.00164	0.00655	0.00437	0.00218	0.00546
19	0.01044	0.00930	0.01480	0.10084	0.42545	0.00950	0.01158	0.03268	0.02968	0.01593	0.08811	0.02285	0.06972	0.00721	0.00572	0.02827	0.00507	0.10322	0.00322	0.00642
20	0.01236	0.16749	0.33975	0.03941	0.05927	0.01279	0.15675	0.03412	0.01119	0.09562	0.00980	0.01132	0.00722	0.00471	0.00482	0.00148	0.01812	0.00408	0.00266	0.00705
21	0.00960	0.00906	0.01531	0.72925	0.11761	0.01100	0.01381	0.01283	0.00998	0.01294	0.00879	0.01300	0.00669	0.00485	0.00491	0.00162	0.00647	0.00437	0.00221	0.00571
22	0.00657	0.00483	0.00547	0.00573	0.00642	0.00450	0.00384	0.00729	0.00919	0.01166	0.02980	0.16077	0.28728	0.36342	0.01421	0.00309	0.00367	0.06472	0.00388	0.00365
23	0.04967	0.06580	0.23090	0.32842	0.09677	0.01120	0.02442	0.01476	0.01051	0.08101	0.01917	0.01316	0.00791	0.00506	0.00471	0.00156	0.00620	0.01968	0.00263	0.00645
24	0.01381	0.09285	0.08138	0.20549	0.06184	0.23953	0.07162	0.10776	0.01275	0.01517	0.00862	0.01087	0.00679	0.00508	0.00521	0.00147	0.04691	0.00392	0.00263	0.00631
25	0.01097	0.00593	0.00775	0.00677	0.00870	0.00530	0.00526	0.01308	0.01371	0.23212	0.51629	0.03220	0.10371	0.00918	0.00556	0.00155	0.00284	0.00794	0.00552	0.00561
26	0.00741	0.00508	0.00658	0.00628	0.00749	0.00465	0.00468	0.00950	0.01328	0.05112	0.63566	0.11736	0.09112	0.01058	0.00581	0.00160	0.00246	0.00934	0.00530	0.00470
27	0.02605	0.03375	0.11306	0.12810	0.14164	0.03611	0.06928	0.03841	0.01235	0.31215	0.01334	0.01465	0.00944	0.00540	0.00491	0.00154	0.00569	0.02295	0.00386	0.00732
28	0.07740	0.02089	0.01384	0.01305	0.05455	0.64120	0.00952	0.05948	0.01367	0.01395	0.00781	0.00919	0.00645	0.00516	0.00478	0.00134	0.03585	0.00330	0.00268	0.00591
29	0.00928	0.00873	0.01474	0.81548	0.03385	0.01092	0.01365	0.01256	0.00983	0.01256	0.00873	0.01310	0.00655	0.00491	0.00491	0.00164	0.00655	0.00437	0.00218	0.00546
30	0.01604	0.01245	0.01326	0.01077	0.01423	0.01401	0.00870	0.47167	0.33599	0.02671	0.01516	0.01447	0.01108	0.00621	0.00495	0.00155	0.00479	0.00489	0.00495	0.00812
31	0.00706	0.00512	0.00714	0.00714	0.00776	0.00573	0.00520	0.00829	0.00767	0.01085	0.01385	0.02314	0.01395	0.27235	0.57460	0.00696	0.01066	0.00583	0.00274	0.00397
32	0.03569	0.09660	0.01509	0.01050	0.01437	0.01437	0.00880	0.54694	0.05923	0.13040	0.01261	0.01231	0.00893	0.00576	0.00470	0.00145	0.00512	0.00433	0.00475	0.00806
33	0.00662	0.00487	0.00620	0.00617	0.00721	0.00445	0.00451	0.00852	0.01269	0.01750	0.55159	0.19521	0.13338	0.01140	0.00589	0.00165	0.00245	0.01008	0.00514	0.00445
34	0.00908	0.00523	0.00569	0.00563	0.00682	0.00526	0.00418	0.06717	0.01133	0.01822	0.07285	0.17741	0.01858	0.00794	0.00427	0.00136	0.00263	0.00672	0.56488	0.00475
35	0.00743	0.00582	0.00723	0.00696	0.00867	0.00489	0.00502	0.00880	0.00987	0.01392	0.03944	0.49697	0.04793	0.01126	0.00539	0.00156	0.00312	0.02547	0.00404	0.28620
36	0.00731	0.00512	0.00657	0.00615	0.00744	0.00467	0.00463	0.00952	0.01366	0.04320	0.70032	0.03708	0.11548	0.01015	0.00577	0.00156	0.00239	0.00890	0.00535	0.00471
37	0.00705	0.00509	0.00671	0.00648	0.00763	0.00474	0.00497	0.00937	0.01364	0.01919	0.71522	0.03863	0.04451	0.01041	0.00590	0.00162	0.00254	0.08635	0.00532	0.00463
38	0.00986	0.02542	0.80183	0.01401	0.02127	0.01141	0.01816	0.01556	0.01038	0.01556	0.00882	0.01038	0.00623	0.00467	0.00467	0.00156	0.00726	0.00363	0.00208	0.00726
39	0.86201	0.00950	0.00722	0.00646	0.00950	0.01102	0.00532	0.01445	0.00836	0.02205	0.00684	0.00798	0.00532	0.00456	0.00304	0.00152	0.00380	0.00266	0.00304	0.00532
40	0.00609	0.00435	0.00579	0.00677	0.00715	0.00406	0.00457	0.00709	0.00987	0.01328	0.10581	0.74327	0.03393	0.01485	0.00622	0.00195	0.00280	0.01345	0.00465	0.00406
41	0.03678	0.01037	0.01067	0.00919	0.01158	0.06674	0.00722	0.28945	0.12953	0.02076	0.01399	0.04098	0.01167	0.06452	0.16371	0.00294	0.00646	0.00510	0.09197	0.00635
42	0.01351	0.77325	0.02492	0.00871	0.01280	0.07512	0.00849	0.01506	0.01026	0.01159	0.00689	0.00795	0.00631	0.00427	0.00324	0.00107	0.00551	0.00267	0.00213	0.00626
43	0.00698	0.00494	0.00598	0.00612	0.00669	0.00478	0.00413	0.00783	0.00914	0.01224	0.11869	0.13653	0.09314	0.41775	0.05294	0.00356	0.00436	0.07929	0.00376	0.02117
44	0.80267	0.00942	0.00752	0.00662	0.00972	0.01076	0.00546	0.01512	0.00877	0.07701	0.00773	0.00860	0.00581	0.00467	0.00318	0.00152	0.00383	0.00282	0.00326	0.00554
45	0.01836	0.02342	0.01393	0.01266	0.01519	0.80756	0.00950	0.01962	0.01393	0.01203	0.00760	0.00886	0.00633	0.00506	0.00443	0.00127	0.00886	0.00317	0.00253	0.00570
46	0.00679	0.00501	0.00639	0.00636	0.00751	0.00461	0.00483	0.00881	0.01282	0.01757	0.53341	0.11403	0.15368	0.01126	0.00594	0.00168	0.00262	0.08704	0.00511	0.00449
47	0.01718	0.01156	0.01277	0.01011	0.01348	0.01244	0.00822	0.56107	0.01980	0.12071	0.01455	0.09618	0.01156	0.00688	0.00496	0.00151	0.00480	0.00548	0.05907	0.00767
48	0.02205	0.00836	0.01140	0.00874	0.01254	0.00722	0.00722	0.02395	0.01407	0.80004	0.01939	0.01673	0.01216	0.00608	0.00494	0.00152	0.00418	0.00494	0.00608	0.00836
49	0.01366	0.00702	0.00903	0.00764	0.01007	0.00655	0.00603	0.01713	0.10349	0.33561	0.38024	0.02664	0.03957	0.00808	0.00536	0.00155	0.00326	0.00693	0.00562	0.00650
50	0.00802	0.00511	0.00556	0.00551	0.00602	0.00523	0.00347	0.00964	0.06319	0.01274	0.01619	0.04385	0.01655	0.53122	0.01740	0.00351	0.00400	0.00648	0.23254	0.00377
51	0.00928	0.00873	0.01474	0.81548	0.03385	0.01092	0.01365	0.01256	0.00983	0.01256	0.00873	0.01310	0.00655	0.00491	0.00491	0.00164	0.00655	0.00437	0.00218	0.00546
52	0.01706	0.01296	0.01383	0.01098	0.01462	0.01448	0.00895	0.59084	0.21516	0.02836	0.01386	0.01344	0.01003	0.00609	0.00494	0.00152	0.00503	0.00471	0.00494	0.00821
53	0.02104	0.00859	0.01137	0.00887	0.01257	0.00774	0.00728	0.02417	0.09348	0.72004	0.01945	0.01689	0.01246	0.00614	0.00495	0.00154	0.00415	0.00500	0.00597	0.00830
54	0.01236	0.63959	0.20960	0.00973	0.01466	0.01754	0.01072	0.01492	0.01008	0.01251	0.00730	0.00847	0.00629	0.00431	0.00351	0.00117	0.00573	0.00287	0.00210	0.00653
55	0.02205	0.00836	0.01140	0.00874	0.01254	0.00722	0.00722	0.02395	0.01407	0.80004	0.01939	0.01673	0.01216	0.00608	0.00494	0.00152	0.00418	0.00494	0.00608	0.00836
56	0.00609	0.00433	0.00570	0.00673	0.00702	0.00406	0.00446	0.00693	0.00938	0.01254	0.04660	0.75292	0.03194	0.06690	0.00745	0.00216	0.00296	0.01340	0.00448	0.00394
57	0.86201	0.00950	0.00722	0.00646	0.00950	0.01102	0.00532	0.01445	0.00836	0.02205	0.00684	0.00798	0.00532	0.00456	0.00304	0.00152	0.00380	0.00266	0.00304	0.00532
58	0.00663	0.00488	0.00562	0.00566	0.00666	0.00456	0.00400	0.00788	0.01025	0.01363	0.15250	0.10636	0.31877	0.18375	0.08489	0.00287	0.00395	0.00890	0.06423	0.00402
59	0.17863	0.01252	0.02472	0.01791	0.02251	0.01215	0.62687	0.01549	0.01096	0.01698	0.00933	0.01222	0.00704	0.00422	0.00526	0.00163	0.00740	0.00518	0.00259	0.00637
60	0.01802	0.01232	0.01339	0.01038	0.01401	0.01339	0.00854	0.63042	0.02094	0.10180	0.01294	0.01293	0.00915	0.00590	0.00477	0.00145	0.00497	0.00449	0.09223	0.00797
61	0.00884	0.00543	0.00714	0.00650	0.00799	0.00494	0.00495	0.01105	0.01377	0.11940	0.66267	0.05287	0.05582	0.00971	0.00570	0.00156	0.00257	0.00853	0.00546	0.00509
62	0.01191	0.01051	0.01468	0.01248	0.01287	0.01425	0.01039	0.01307	0.00820	0.09273	0.00778	0.01136	0.00704	0.00834	0.01498	0.00209	0.73474	0.00437	0.00255	0.00568
63	0.00877	0.00541	0.00691	0.00630	0.00783	0.00490	0.00481	0.01092	0.01350	0.11389	0.59014	0.03458	0.11757	0.00963	0.00559	0.00154	0.00256	0.00838	0.04175	0.00504
64	0.00657	0.00499	0.00605	0.00582	0.00711	0.00447	0.00435	0.00851	0.01293	0.01749	0.53902	0.06195	0.28092	0.01095	0.00581	0.00159	0.00239	0.00949	0.00512	0.00447
65	0.01936	0.01329	0.01379	0.01078	0.01453	0.08753	0.00881	0.51057	0.03335	0.21735	0.01341	0.01284	0.00922	0.00588	0.00488	0.00147	0.00540	0.00445	0.00498	0.00810

[dist]
# distance from previous block
# <min> <max>
3	4

[block]
# block no. 2 follows, 51 sequences, length 45
# corresponding to MSA columns:
# 402-446
name=unknown_C
#
# <colnr> <probs for GDERKNQSTAVLIFYWHMCP>
#	G	D	E	R	K	N	Q	S	T	A	V	L	I	F	Y	W	H	M	C	P
0	0.06827	0.00965	0.01547	0.03906	0.48100	0.00966	0.02885	0.01373	0.01105	0.05537	0.06325	0.13079	0.01449	0.00672	0.00509	0.00158	0.00499	0.03104	0.00322	0.00672
1	0.01095	0.01121	0.01531	0.59785	0.13153	0.12446	0.01325	0.01389	0.01059	0.01294	0.00864	0.01237	0.00668	0.00486	0.00484	0.00156	0.00679	0.00420	0.00227	0.00580
2	0.00705	0.00516	0.00737	0.00737	0.00806	0.00585	0.00548	0.00843	0.00774	0.01101	0.01365	0.02200	0.01345	0.20247	0.64380	0.00724	0.01140	0.00566	0.00270	0.00409
3	0.01095	0.01064	0.01710	0.42424	0.38369	0.04137	0.01415	0.01398	0.01061	0.01414	0.00893	0.01251	0.00711	0.00467	0.00487	0.00154	0.00631	0.00433	0.00231	0.00654
4	0.08756	0.24795	0.21537	0.01088	0.05227	0.04007	0.01056	0.01571	0.01102	0.12676	0.06126	0.01512	0.01116	0.00573	0.00453	0.00144	0.01805	0.05482	0.00315	0.00656
5	0.01844	0.01938	0.01411	0.01207	0.01505	0.49953	0.00938	0.26613	0.01676	0.05071	0.00942	0.01018	0.00723	0.00546	0.00488	0.00136	0.02613	0.00367	0.00344	0.00666
6	0.17380	0.00948	0.01502	0.52849	0.02735	0.01099	0.11244	0.01333	0.00979	0.01492	0.00853	0.01204	0.00646	0.00470	0.00463	0.00159	0.00615	0.00418	0.00241	0.03370
7	0.01081	0.01093	0.01510	0.30032	0.05868	0.06685	0.01191	0.01277	0.00896	0.01231	0.00748	0.01153	0.00654	0.00684	0.01079	0.00187	0.43431	0.00425	0.00220	0.00554
8	0.00850	0.00672	0.00786	0.00728	0.00897	0.00693	0.00554	0.01430	0.25127	0.01955	0.50862	0.03175	0.08483	0.00916	0.00555	0.00159	0.00281	0.00796	0.00523	0.00557
9	0.04115	0.01294	0.01411	0.01084	0.01474	0.01408	0.00896	0.66076	0.02153	0.13190	0.01267	0.01235	0.00878	0.00589	0.00487	0.00148	0.00520	0.00445	0.00502	0.00828
10	0.13214	0.00677	0.00861	0.02685	0.01105	0.00682	0.00755	0.01334	0.01136	0.15838	0.02169	0.04069	0.02159	0.01073	0.00588	0.00201	0.00441	0.50023	0.00454	0.00536
11	0.86201	0.00950	0.00722	0.00646	0.00950	0.01102	0.00532	0.01445	0.00836	0.02205	0.00684	0.00798	0.00532	0.00456	0.00304	0.00152	0.00380	0.00266	0.00304	0.00532
12	0.02128	0.00893	0.01168	0.00902	0.01279	0.00815	0.00743	0.08900	0.05250	0.69607	0.01877	0.01638	0.01198	0.00610	0.00494	0.00152	0.00427	0.00493	0.00593	0.00833
13	0.00990	0.16863	0.54746	0.01197	0.01768	0.01182	0.01445	0.01417	0.01017	0.01441	0.01106	0.12580	0.00998	0.00611	0.00462	0.00153	0.00627	0.00492	0.00243	0.00662
14	0.01216	0.01168	0.01995	0.03016	0.79664	0.01168	0.01508	0.01508	0.01119	0.01605	0.00924	0.01216	0.00778	0.00438	0.00487	0.00146	0.00584	0.00438	0.00243	0.00778
15	0.00854	0.00427	0.00640	0.00640	0.00640	0.00427	0.00427	0.00640	0.00640	0.00854	0.00854	0.01494	0.00854	0.01707	0.01921	0.85702	0.00427	0.00427	0.00213	0.00213
16	0.00679	0.00556	0.00902	0.00882	0.00977	0.00519	0.11482	0.00811	0.00972	0.01300	0.02464	0.70862	0.02894	0.01379	0.00621	0.00195	0.00362	0.01281	0.00427	0.00437
17	0.01259	0.71326	0.02418	0.12334	0.01564	0.01823	0.00915	0.01441	0.00996	0.01170	0.00710	0.00863	0.00634	0.00431	0.00340	0.00113	0.00544	0.00288	0.00211	0.00619
18	0.00701	0.00512	0.00588	0.00567	0.00719	0.00446	0.00426	0.00864	0.01219	0.05377	0.30636	0.08107	0.45776	0.01145	0.00579	0.00163	0.00253	0.00977	0.00493	0.00452
19	0.01016	0.02361	0.69898	0.01613	0.12326	0.01145	0.01775	0.01550	0.01048	0.01563	0.00887	0.01061	0.00643	0.00463	0.00469	0.00154	0.00708	0.00373	0.00212	0.00733
20	0.00796	0.00560	0.00801	0.12289	0.03748	0.00563	0.00652	0.00946	0.01021	0.06602	0.07239	0.47966	0.04455	0.04307	0.00664	0.00198	0.00370	0.05930	0.00425	0.00466
21	0.00834	0.00434	0.00625	0.00625	0.00625	0.00434	0.00408	0.00651	0.00651	0.00868	0.00953	0.01739	0.00986	0.13245	0.02003	0.73566	0.00434	0.00468	0.00225	0.00225
22	0.01447	0.47953	0.05342	0.01087	0.05143	0.16836	0.00940	0.09414	0.05114	0.01446	0.00834	0.00930	0.00702	0.00469	0.00381	0.00121	0.00600	0.00319	0.00263	0.00658
23	0.01804	0.05531	0.01497	0.01117	0.01492	0.08645	0.00919	0.61857	0.06636	0.03848	0.01176	0.01179	0.00852	0.00579	0.00479	0.00145	0.00560	0.00429	0.00458	0.00798
24	0.01132	0.00944	0.01031	0.00886	0.01185	0.00991	0.00692	0.02088	0.50266	0.03705	0.07683	0.01903	0.04804	0.00646	0.00478	0.00144	0.00366	0.00539	0.00456	0.20059
25	0.07125	0.01155	0.05278	0.03550	0.12862	0.04377	0.06822	0.11176	0.13658	0.15124	0.01327	0.03292	0.01022	0.00647	0.00609	0.04447	0.04095	0.01531	0.00385	0.01520
26	0.01199	0.08336	0.54196	0.01314	0.01940	0.01135	0.07598	0.01660	0.01096	0.12700	0.01026	0.01131	0.00721	0.00476	0.00465	0.00149	0.00663	0.00389	0.00271	0.03535
27	0.01100	0.00512	0.00555	0.00517	0.00670	0.00496	0.00397	0.01323	0.01084	0.12964	0.01651	0.01809	0.01253	0.00578	0.00365	0.00120	0.00256	0.00463	0.73374	0.00512
28	0.00666	0.00461	0.00551	0.00590	0.00614	0.00445	0.00365	0.00712	0.00843	0.01121	0.05346	0.31587	0.06208	0.46396	0.01659	0.00349	0.00387	0.00981	0.00372	0.00347
29	0.03197	0.10387	0.11314	0.16595	0.16993	0.06424	0.07859	0.03449	0.04557	0.11834	0.01083	0.01290	0.00821	0.00501	0.00472	0.00149	0.00612	0.01476	0.00301	0.00687
30	0.01529	0.00732	0.00950	0.00794	0.01062	0.00675	0.00635	0.01846	0.09017	0.42321	0.25200	0.02553	0.05023	0.01929	0.00558	0.00162	0.00356	0.03413	0.00562	0.00683
31	0.00847	0.00500	0.00672	0.00722	0.00812	0.00461	0.00517	0.00966	0.01049	0.12530	0.07533	0.60680	0.03022	0.01360	0.00609	0.00192	0.00312	0.06267	0.00483	0.00469
32	0.01139	0.01087	0.01841	0.24048	0.57986	0.01148	0.01458	0.01458	0.02290	0.01519	0.00927	0.01251	0.00757	0.00456	0.00488	0.00151	0.00600	0.00439	0.00241	0.00716
33	0.01771	0.01236	0.01498	0.02285	0.08657	0.02660	0.04682	0.49019	0.01905	0.16014	0.01326	0.04420	0.00980	0.00605	0.00500	0.00151	0.00535	0.00492	0.00468	0.00797
34	0.01096	0.00861	0.01413	0.69552	0.03056	0.01032	0.01263	0.01404	0.01039	0.11624	0.01026	0.01367	0.00739	0.00508	0.00489	0.00161	0.00617	0.00445	0.01725	0.00583
35	0.86201	0.00950	0.00722	0.00646	0.00950	0.01102	0.00532	0.01445	0.00836	0.02205	0.00684	0.00798	0.00532	0.00456	0.00304	0.00152	0.00380	0.00266	0.00304	0.00532
36	0.00715	0.00532	0.00790	0.00806	0.00898	0.00607	0.00640	0.00898	0.00838	0.01188	0.01499	0.02445	0.01456	0.03354	0.69375	0.00710	0.01193	0.11325	0.00290	0.00441
37	0.00962	0.00939	0.01680	0.70074	0.03267	0.01114	0.12411	0.01302	0.01008	0.01302	0.00891	0.01312	0.00668	0.00480	0.00504	0.00164	0.00680	0.00457	0.00223	0.00563
38	0.00597	0.00498	0.00520	0.00515	0.00674	0.00422	0.00386	0.00737	0.01159	0.01419	0.15577	0.04579	0.68809	0.01210	0.00581	0.00164	0.00246	0.01016	0.00468	0.00422
39	0.01702	0.00719	0.00964	0.00794	0.01081	0.00627	0.00633	0.01878	0.01320	0.54960	0.10941	0.13591	0.06931	0.00826	0.00528	0.00160	0.00367	0.00702	0.00569	0.00705
40	0.01208	0.00960	0.01045	0.00927	0.01186	0.01075	0.00723	0.06823	0.56131	0.05483	0.15342	0.02105	0.01987	0.00717	0.00510	0.00162	0.00369	0.00602	0.01921	0.00724
41	0.01261	0.01047	0.01112	0.00995	0.01277	0.01203	0.00776	0.02603	0.75724	0.05130	0.01998	0.01827	0.01489	0.00664	0.00500	0.00166	0.00390	0.00553	0.00504	0.00780
42	0.01048	0.04593	0.12632	0.02588	0.01370	0.01334	0.01091	0.02500	0.00859	0.01314	0.00832	0.02985	0.00768	0.00867	0.03970	0.00212	0.53707	0.00441	0.06328	0.00561
43	0.00653	0.00469	0.00599	0.00654	0.00716	0.00441	0.00459	0.00774	0.01039	0.01394	0.19526	0.40504	0.09532	0.12943	0.00885	0.00229	0.00313	0.08014	0.00452	0.00405
44	0.50956	0.05316	0.12244	0.00839	0.01220	0.01150	0.00790	0.06561	0.06252	0.09255	0.00948	0.01006	0.00697	0.00493	0.00371	0.00151	0.00451	0.00332	0.00339	0.00629

[dist]
# distance from previous block
# <min> <max>
2	11

[block]
# block no. 3 follows, 51 sequences, length 67
# corresponding to MSA columns:
# 458-524
name=unknown_D
#
# <colnr> <probs for GDERKNQSTAVLIFYWHMCP>
#	G	D	E	R	K	N	Q	S	T	A	V	L	I	F	Y	W	H	M	C	P
0	0.00762	0.00540	0.00716	0.05333	0.00913	0.00517	0.00528	0.00980	0.01288	0.05249	0.55990	0.03446	0.13487	0.01192	0.06698	0.00205	0.00350	0.00836	0.00493	0.00477
1	0.01603	0.01211	0.01309	0.01015	0.01391	0.01289	0.00828	0.52496	0.10611	0.02658	0.01235	0.01252	0.00909	0.00557	0.00463	0.00135	0.00479	0.00429	0.04077	0.16053
2	0.00663	0.00510	0.00585	0.00576	0.00725	0.00448	0.00442	0.00833	0.01218	0.02842	0.30209	0.04380	0.46734	0.01161	0.00586	0.00166	0.00261	0.06731	0.00487	0.00441
3	0.00899	0.00845	0.05468	0.01011	0.01165	0.00906	0.05201	0.06902	0.00934	0.01345	0.01145	0.01638	0.01035	0.02586	0.51663	0.00569	0.15406	0.00497	0.00268	0.00515
4	0.01209	0.52515	0.24729	0.01042	0.01515	0.02826	0.01140	0.01481	0.00997	0.01274	0.00738	0.00883	0.00629	0.00469	0.00460	0.00128	0.06800	0.00305	0.00210	0.00650
5	0.00727	0.00526	0.00718	0.00797	0.00897	0.00518	0.00653	0.00919	0.01105	0.01464	0.12572	0.18409	0.07469	0.01515	0.06771	0.00252	0.00449	0.43347	0.00450	0.00441
6	0.01314	0.83025	0.02575	0.00841	0.01261	0.01945	0.00841	0.01472	0.00999	0.01156	0.00683	0.00788	0.00631	0.00420	0.00315	0.00105	0.00526	0.00263	0.00210	0.00631
7	0.00854	0.00427	0.00640	0.00640	0.00640	0.00427	0.00427	0.00640	0.00640	0.00854	0.00854	0.01494	0.00854	0.01707	0.01921	0.85702	0.00427	0.00427	0.00213	0.00213
8	0.01605	0.01246	0.01326	0.01077	0.01424	0.01401	0.00870	0.47248	0.33517	0.02672	0.01515	0.01447	0.01107	0.00621	0.00495	0.00155	0.00479	0.00489	0.00495	0.00812
9	0.00830	0.00652	0.00917	0.11863	0.01227	0.00694	0.06588	0.01037	0.01026	0.01479	0.03644	0.06791	0.22923	0.00931	0.03426	0.00178	0.07978	0.00682	0.26654	0.00478
10	0.01019	0.00873	0.01019	0.00728	0.01165	0.00655	0.00582	0.01237	0.01019	0.01601	0.00873	0.01019	0.00728	0.00364	0.00364	0.00073	0.00364	0.00291	0.00291	0.85734
11	0.01210	0.01042	0.01100	0.00991	0.01265	0.01204	0.00770	0.02571	0.76934	0.02054	0.03842	0.01877	0.01575	0.00675	0.00502	0.00166	0.00385	0.00564	0.00501	0.00770
12	0.02205	0.00836	0.01140	0.00874	0.01254	0.00722	0.00722	0.02395	0.01407	0.80004	0.01939	0.01673	0.01216	0.00608	0.00494	0.00152	0.00418	0.00494	0.00608	0.00836
13	0.00621	0.00498	0.00546	0.00535	0.00677	0.00432	0.00395	0.00770	0.01176	0.01492	0.26232	0.04341	0.53621	0.05670	0.00686	0.00180	0.00257	0.00977	0.00472	0.00422
14	0.00681	0.00501	0.00631	0.00599	0.00717	0.00458	0.00445	0.00889	0.01328	0.01844	0.66338	0.03796	0.14610	0.04225	0.00655	0.00169	0.00244	0.00902	0.00520	0.00451
15	0.00677	0.00483	0.00617	0.00615	0.00697	0.00452	0.00434	0.00840	0.01187	0.01650	0.49923	0.19333	0.05605	0.14223	0.00897	0.00215	0.00282	0.00966	0.00483	0.00423
16	0.86201	0.00950	0.00722	0.00646	0.00950	0.01102	0.00532	0.01445	0.00836	0.02205	0.00684	0.00798	0.00532	0.00456	0.00304	0.00152	0.00380	0.00266	0.00304	0.00532
17	0.01836	0.02342	0.01393	0.01266	0.01519	0.80756	0.00950	0.01962	0.01393	0.01203	0.00760	0.00886	0.00633	0.00506	0.00443	0.00127	0.00886	0.00317	0.00253	0.00570
18	0.00986	0.02542	0.80183	0.01401	0.02127	0.01141	0.01816	0.01556	0.01038	0.01556	0.00882	0.01038	0.00623	0.00467	0.00467	0.00156	0.00726	0.00363	0.00208	0.00726
19	0.08055	0.01175	0.01305	0.01430	0.17152	0.15756	0.03199	0.04433	0.03723	0.01495	0.01374	0.13169	0.03538	0.03976	0.00758	0.00181	0.13400	0.04988	0.00315	0.00578
20	0.00972	0.00854	0.01167	0.36098	0.05281	0.04493	0.00989	0.04236	0.06979	0.01384	0.01419	0.04739	0.01354	0.14696	0.00867	0.00225	0.00563	0.12850	0.00312	0.00524
21	0.86201	0.00950	0.00722	0.00646	0.00950	0.01102	0.00532	0.01445	0.00836	0.02205	0.00684	0.00798	0.00532	0.00456	0.00304	0.00152	0.00380	0.00266	0.00304	0.00532
22	0.00703	0.00537	0.00592	0.00567	0.00733	0.00476	0.00429	0.00915	0.04694	0.04597	0.24182	0.04203	0.53345	0.01131	0.00573	0.00162	0.00257	0.00956	0.00486	0.00460
23	0.01819	0.01345	0.01439	0.01113	0.01496	0.01491	0.00916	0.72796	0.06334	0.03022	0.01230	0.01225	0.00878	0.00594	0.00490	0.00148	0.00528	0.00449	0.01863	0.00827
24	0.06168	0.35337	0.33789	0.01170	0.04714	0.02462	0.02519	0.01566	0.01041	0.05910	0.00851	0.00967	0.00663	0.00454	0.00399	0.00134	0.00604	0.00330	0.00240	0.00681
25	0.01055	0.11878	0.67353	0.01306	0.01975	0.01211	0.01645	0.01560	0.01050	0.03824	0.02292	0.01074	0.00713	0.00475	0.00452	0.00150	0.00685	0.00365	0.00226	0.00714
26	0.02195	0.00852	0.01150	0.00882	0.01262	0.00746	0.00729	0.04634	0.01433	0.77727	0.01916	0.01658	0.01205	0.00608	0.00494	0.00152	0.00422	0.00493	0.00605	0.00836
27	0.00669	0.00518	0.00727	0.06977	0.05506	0.00505	0.00582	0.00805	0.01017	0.01360	0.11232	0.57360	0.08254	0.01315	0.00600	0.00186	0.00322	0.01186	0.00435	0.00441
28	0.02585	0.03691	0.30355	0.02516	0.14010	0.02340	0.06651	0.05612	0.01231	0.24417	0.01209	0.01269	0.00838	0.00505	0.00481	0.00152	0.00604	0.00428	0.00349	0.00758
29	0.00865	0.00556	0.00779	0.00796	0.00904	0.00525	0.03554	0.03781	0.01069	0.10198	0.02489	0.60200	0.02797	0.01340	0.00610	0.00193	0.00346	0.08052	0.00466	0.00479
30	0.01951	0.01244	0.01393	0.01068	0.01458	0.01328	0.00882	0.59491	0.02089	0.21944	0.01366	0.01301	0.00929	0.00594	0.00492	0.00149	0.00511	0.00455	0.00520	0.00836
31	0.01314	0.83025	0.02575	0.00841	0.01261	0.01945	0.00841	0.01472	0.00999	0.01156	0.00683	0.00788	0.00631	0.00420	0.00315	0.00105	0.00526	0.00263	0.00210	0.00631
32	0.07352	0.00542	0.00673	0.00703	0.00817	0.00517	0.00518	0.00998	0.01059	0.10269	0.11226	0.43460	0.07316	0.03660	0.00640	0.00194	0.00322	0.08798	0.00466	0.00469
33	0.12524	0.01008	0.01272	0.12383	0.04977	0.04909	0.00958	0.01270	0.00877	0.01431	0.00829	0.01175	0.00722	0.00723	0.02150	0.00188	0.40808	0.00409	0.10849	0.00539
34	0.01044	0.00504	0.00550	0.00517	0.00661	0.00488	0.00395	0.01269	0.01100	0.10622	0.07584	0.01955	0.01513	0.00610	0.00378	0.00122	0.00250	0.00495	0.69441	0.00501
35	0.01402	0.01025	0.01125	0.00920	0.01185	0.01125	0.00740	0.45170	0.01727	0.02357	0.01696	0.01937	0.09842	0.07144	0.05361	0.00213	0.04166	0.02100	0.10104	0.00660
36	0.00591	0.00497	0.00514	0.00512	0.00671	0.00419	0.00383	0.00725	0.01141	0.01384	0.11621	0.06234	0.71169	0.01229	0.00582	0.00166	0.00248	0.01031	0.00464	0.00419
37	0.01019	0.00873	0.01019	0.00728	0.01165	0.00655	0.00582	0.01237	0.01019	0.01601	0.00873	0.01019	0.00728	0.00364	0.00364	0.00073	0.00364	0.00291	0.00291	0.85734
38	0.00792	0.00566	0.00792	0.00905	0.01018	0.00566	0.00792	0.01018	0.01131	0.01471	0.02602	0.05543	0.02828	0.01358	0.00679	0.00226	0.00453	0.76356	0.00453	0.00453
39	0.06238	0.01143	0.01452	0.04500	0.34762	0.10614	0.01072	0.01663	0.09867	0.09256	0.04788	0.01538	0.03407	0.00789	0.06614	0.00198	0.00603	0.00477	0.00333	0.00686
40	0.86201	0.00950	0.00722	0.00646	0.00950	0.01102	0.00532	0.01445	0.00836	0.02205	0.00684	0.00798	0.00532	0.00456	0.00304	0.00152	0.00380	0.00266	0.00304	0.00532
41	0.00782	0.00554	0.00757	0.00855	0.00953	0.00554	0.00725	0.00977	0.01075	0.01401	0.02460	0.05230	0.02688	0.12305	0.00924	0.00260	0.00456	0.66180	0.00432	0.00432
42	0.00766	0.00577	0.00718	0.00670	0.00807	0.00566	0.00506	0.01154	0.11802	0.01982	0.68991	0.03424	0.04215	0.00959	0.00569	0.00156	0.00253	0.00844	0.00535	0.00506
43	0.01215	0.58738	0.25994	0.01010	0.01523	0.01702	0.01135	0.01497	0.01010	0.01277	0.00743	0.00864	0.00628	0.00434	0.00361	0.00120	0.00586	0.00293	0.00209	0.00660
44	0.01868	0.01376	0.01475	0.01131	0.01524	0.01524	0.00934	0.78025	0.02311	0.03097	0.01180	0.01180	0.00836	0.00590	0.00492	0.00147	0.00541	0.00442	0.00492	0.00836
45	0.00706	0.00473	0.00539	0.00547	0.00549	0.00471	0.00310	0.00712	0.00732	0.00976	0.01637	0.09266	0.01898	0.76527	0.02358	0.00455	0.00462	0.00767	0.00310	0.00306
46	0.01836	0.02342	0.01393	0.01266	0.01519	0.80756	0.00950	0.01962	0.01393	0.01203	0.00760	0.00886	0.00633	0.00506	0.00443	0.00127	0.00886	0.00317	0.00253	0.00570
47	0.00697	0.00509	0.00622	0.00590	0.00726	0.00456	0.00444	0.00897	0.01314	0.03561	0.56369	0.03928	0.25948	0.01064	0.00578	0.00158	0.00241	0.00922	0.00518	0.00458
48	0.01868	0.01376	0.01475	0.01131	0.01524	0.01524	0.00934	0.78025	0.02311	0.03097	0.01180	0.01180	0.00836	0.00590	0.00492	0.00147	0.00541	0.00442	0.00492	0.00836
49	0.00718	0.00536	0.00706	0.00657	0.00766	0.00524	0.00499	0.00942	0.01354	0.01925	0.74825	0.03520	0.04405	0.00996	0.00640	0.00158	0.04976	0.00862	0.00522	0.00468
50	0.02205	0.00836	0.01140	0.00874	0.01254	0.00722	0.00722	0.02395	0.01407	0.80004	0.01939	0.01673	0.01216	0.00608	0.00494	0.00152	0.00418	0.00494	0.00608	0.00836
51	0.02160	0.00960	0.01178	0.00915	0.01288	0.05352	0.00750	0.07649	0.01469	0.70134	0.01818	0.01593	0.01157	0.00601	0.00491	0.00150	0.00453	0.00480	0.00580	0.00821
52	0.63023	0.00919	0.00838	0.00709	0.01034	0.00998	0.00585	0.01707	0.00994	0.23672	0.01030	0.01040	0.00721	0.00498	0.00357	0.00152	0.00391	0.00329	0.00388	0.00616
53	0.00586	0.00478	0.00518	0.00549	0.00677	0.00411	0.00396	0.00699	0.01071	0.01307	0.04353	0.26145	0.58453	0.01326	0.00594	0.00175	0.00259	0.01136	0.00456	0.00411
54	0.00609	0.00448	0.00571	0.00647	0.00708	0.00410	0.00445	0.00719	0.01027	0.01359	0.13089	0.60351	0.14964	0.01425	0.00614	0.00189	0.00273	0.01276	0.00467	0.00410
55	0.00775	0.00554	0.00773	0.00886	0.00992	0.00551	0.00763	0.00989	0.01115	0.01452	0.02611	0.12215	0.02865	0.01373	0.00674	0.00224	0.00438	0.69850	0.00453	0.00448
56	0.01050	0.00972	0.01338	0.01163	0.01213	0.01302	0.00958	0.06983	0.00880	0.01319	0.00840	0.01280	0.00794	0.01490	0.19750	0.00342	0.57087	0.00453	0.00247	0.00538
57	0.01071	0.01258	0.10444	0.01360	0.01478	0.01445	0.06821	0.01253	0.00815	0.01253	0.00697	0.01089	0.00650	0.00783	0.01408	0.00205	0.66749	0.00434	0.00217	0.00568
58	0.02132	0.00821	0.01112	0.00857	0.01228	0.00708	0.00707	0.02319	0.01394	0.76466	0.02075	0.01810	0.04735	0.00637	0.00498	0.00153	0.00411	0.00519	0.00601	0.00817
59	0.00838	0.00593	0.00863	0.05183	0.01021	0.00560	0.04955	0.01082	0.01356	0.07222	0.65317	0.03271	0.03962	0.00916	0.00569	0.00156	0.00302	0.00819	0.00511	0.00505
60	0.04922	0.00789	0.01049	0.08672	0.01272	0.00849	0.09283	0.12442	0.03459	0.01899	0.01337	0.01601	0.01052	0.02890	0.01942	0.00158	0.02840	0.00469	0.42520	0.00555
61	0.01299	0.69986	0.02559	0.01000	0.01414	0.03253	0.09501	0.01483	0.01016	0.01205	0.00718	0.00859	0.00644	0.00434	0.00386	0.00116	0.02977	0.00304	0.00215	0.00630
62	0.00928	0.00873	0.01474	0.81548	0.03385	0.01092	0.01365	0.01256	0.00983	0.01256	0.00873	0.01310	0.00655	0.00491	0.00491	0.00164	0.00655	0.00437	0.00218	0.00546
63	0.00874	0.00716	0.00762	0.00725	0.00905	0.01891	0.00543	0.03168	0.25516	0.02779	0.10658	0.13505	0.30335	0.04590	0.00640	0.00182	0.00324	0.00872	0.00471	0.00545
64	0.01568	0.01235	0.04989	0.12503	0.01787	0.01275	0.05449	0.42458	0.07855	0.09489	0.02447	0.01468	0.04000	0.00599	0.00501	0.00154	0.00543	0.00489	0.00437	0.00754
65	0.00944	0.00892	0.01491	0.75417	0.05544	0.01114	0.01355	0.01260	0.00976	0.01262	0.00864	0.01296	0.00658	0.00507	0.00544	0.00166	0.04503	0.00436	0.00219	0.00552
66	0.00770	0.00606	0.00875	0.07012	0.01138	0.00613	0.05122	0.03946	0.04548	0.01422	0.02392	0.49178	0.03834	0.01279	0.00612	0.00196	0.00390	0.15168	0.00429	0.00470

[dist]
# distance from previous block
# <min> <max>
0	4

[block]
# block no. 4 follows, 51 sequences, length 27
# corresponding to MSA columns:
# 529-555
name=unknown_E
#
# <colnr> <probs for GDERKNQSTAVLIFYWHMCP>
#	G	D	E	R	K	N	Q	S	T	A	V	L	I	F	Y	W	H	M	C	P
0	0.86201	0.00950	0.00722	0.00646	0.00950	0.01102	0.00532	0.01445	0.00836	0.02205	0.00684	0.00798	0.00532	0.00456	0.00304	0.00152	0.00380	0.00266	0.00304	0.00532
1	0.03417	0.00882	0.01037	0.02006	0.01100	0.02102	0.04263	0.20805	0.06242	0.01944	0.06041	0.04914	0.04730	0.10792	0.00827	0.00192	0.08298	0.00572	0.19260	0.00573
2	0.01104	0.01123	0.01501	0.01289	0.01299	0.04520	0.01070	0.01212	0.00777	0.01183	0.00649	0.01068	0.00645	0.00847	0.01568	0.00212	0.78751	0.00426	0.00216	0.00539
3	0.72236	0.00931	0.00792	0.00684	0.01001	0.01039	0.00564	0.01603	0.00931	0.15139	0.00893	0.00944	0.00646	0.00481	0.00336	0.00152	0.00386	0.00304	0.00355	0.00583
4	0.01314	0.83025	0.02575	0.00841	0.01261	0.01945	0.00841	0.01472	0.00999	0.01156	0.00683	0.00788	0.00631	0.00420	0.00315	0.00105	0.00526	0.00263	0.00210	0.00631
5	0.00598	0.00432	0.00566	0.00673	0.00710	0.00400	0.00451	0.00685	0.00951	0.01259	0.02840	0.77906	0.07668	0.01523	0.00625	0.00198	0.00283	0.01376	0.00456	0.00400
6	0.01475	0.01181	0.01238	0.01038	0.01350	0.03508	0.00827	0.36121	0.34516	0.02425	0.01637	0.07033	0.01306	0.00693	0.00504	0.00159	0.00464	0.01784	0.00482	0.02258
7	0.06566	0.08471	0.13545	0.02029	0.01412	0.01061	0.03872	0.16539	0.03005	0.01880	0.04293	0.04408	0.02423	0.01562	0.00466	0.00133	0.00486	0.02169	0.00337	0.25342
8	0.01106	0.11996	0.60605	0.01341	0.03937	0.01215	0.02898	0.03131	0.01088	0.05386	0.02372	0.01100	0.00737	0.00479	0.00455	0.00149	0.00672	0.00374	0.00241	0.00718
9	0.01025	0.07066	0.66694	0.01446	0.02128	0.01200	0.10608	0.01553	0.01050	0.01535	0.00883	0.01057	0.00637	0.00458	0.00471	0.00154	0.00727	0.00383	0.00212	0.00713
10	0.01407	0.01265	0.01728	0.17094	0.21039	0.07201	0.09700	0.26888	0.01504	0.01998	0.01007	0.01223	0.00769	0.00513	0.00515	0.00151	0.02280	0.00446	0.02561	0.00711
11	0.01034	0.05785	0.14514	0.22240	0.05026	0.01135	0.29113	0.01408	0.01081	0.01454	0.01137	0.01798	0.00972	0.00568	0.00534	0.00168	0.00693	0.10464	0.00259	0.00617
12	0.00797	0.00543	0.00586	0.00550	0.00743	0.00456	0.00421	0.00933	0.01164	0.11702	0.06325	0.04302	0.67405	0.01155	0.00569	0.00164	0.00271	0.00962	0.00478	0.00472
13	0.00599	0.00428	0.00570	0.00684	0.00713	0.00399	0.00456	0.00684	0.00941	0.01254	0.02709	0.82409	0.03250	0.01540	0.00627	0.00200	0.00285	0.01397	0.00456	0.00399
14	0.00859	0.00777	0.05591	0.11704	0.11638	0.00714	0.02046	0.01120	0.05282	0.04304	0.02027	0.43473	0.02198	0.01085	0.00572	0.00183	0.00427	0.05083	0.00387	0.00531
15	0.09631	0.00846	0.01103	0.00854	0.01228	0.00756	0.00705	0.02311	0.01356	0.73126	0.01828	0.01595	0.01156	0.00595	0.00477	0.00152	0.00415	0.00474	0.00581	0.00809
16	0.00934	0.05083	0.59798	0.01208	0.01788	0.01022	0.01482	0.01415	0.01114	0.01633	0.18156	0.01608	0.01506	0.00584	0.00486	0.00154	0.00610	0.00475	0.00281	0.00665
17	0.00724	0.00493	0.00592	0.00607	0.00630	0.00500	0.00391	0.00769	0.00776	0.01038	0.01667	0.03409	0.01874	0.65027	0.09182	0.00471	0.00548	0.10658	0.00315	0.00331
18	0.01273	0.00856	0.01010	0.00876	0.01093	0.00921	0.00685	0.29468	0.03194	0.08901	0.01590	0.14554	0.01448	0.06605	0.19936	0.00330	0.00650	0.00640	0.05355	0.00614
19	0.00844	0.00622	0.00756	0.00785	0.00891	0.00635	0.00569	0.12569	0.06479	0.01600	0.02422	0.60445	0.02742	0.01326	0.00601	0.00191	0.00340	0.05223	0.00464	0.00494
20	0.00991	0.00938	0.01589	0.64265	0.20172	0.01109	0.01396	0.01311	0.01013	0.01333	0.00885	0.01290	0.00682	0.00480	0.00490	0.00160	0.00639	0.00437	0.00224	0.00597
21	0.01090	0.01069	0.01352	0.01187	0.01247	0.04755	0.00966	0.01410	0.13769	0.01335	0.01058	0.08384	0.01017	0.00873	0.01291	0.00202	0.57614	0.00532	0.00285	0.00567
22	0.01379	0.01238	0.01289	0.17147	0.05061	0.14644	0.00936	0.29531	0.01612	0.02039	0.11673	0.01799	0.08215	0.00662	0.00503	0.00150	0.00558	0.00531	0.00389	0.00644
23	0.01139	0.07153	0.12114	0.23014	0.27791	0.06288	0.02467	0.02511	0.01090	0.01466	0.00912	0.01237	0.00743	0.00473	0.00465	0.00143	0.00618	0.01944	0.00242	0.08189
24	0.04050	0.01568	0.11788	0.01183	0.01536	0.10925	0.01051	0.40530	0.06668	0.02294	0.01050	0.01141	0.00789	0.00604	0.00642	0.00157	0.12491	0.00417	0.00380	0.00733
25	0.01770	0.01100	0.01253	0.01000	0.01351	0.01164	0.00813	0.34095	0.19828	0.26236	0.04953	0.01589	0.01269	0.00631	0.00498	0.00154	0.00455	0.00504	0.00531	0.00806
26	0.00954	0.00854	0.03976	0.01183	0.09556	0.01843	0.15639	0.01183	0.01163	0.08426	0.08896	0.08471	0.31260	0.00910	0.00564	0.00165	0.00446	0.03553	0.00402	0.00556

[dist]
# distance from previous block
# <min> <max>
5	75

# created by:
# /st0/software/busco_prod/Augustus/scripts/msa2prfl.pl ./align_prep/197780.fa
