[name]
unknown

[dist]
# distance from previous block
# <min> <max>
4	38

[block]
# block no. 0 follows, 47 sequences, length 10
# corresponding to MSA columns:
# 56-65
name=unknown_A
#
# <colnr> <probs for GDERKNQSTAVLIFYWHMCP>
#	G	D	E	R	K	N	Q	S	T	A	V	L	I	F	Y	W	H	M	C	P
0	0.01111	0.00822	0.00955	0.00871	0.01085	0.00838	0.00672	0.18254	0.09890	0.03954	0.12407	0.26101	0.07760	0.01084	0.00589	0.00178	0.00387	0.06323	0.00501	0.06217
1	0.03416	0.01164	0.01288	0.04192	0.01447	0.02874	0.00846	0.36289	0.07393	0.10934	0.03290	0.01597	0.03030	0.03260	0.00609	0.00163	0.03318	0.00498	0.05568	0.08824
2	0.01045	0.00714	0.00897	0.06233	0.01131	0.00721	0.00642	0.12439	0.01255	0.07389	0.07153	0.32385	0.02357	0.13579	0.03312	0.00251	0.00449	0.02670	0.00449	0.04931
3	0.03959	0.00684	0.00712	0.00647	0.00820	0.00714	0.00495	0.15224	0.01311	0.02083	0.01764	0.05717	0.04633	0.03966	0.00560	0.02780	0.00330	0.00559	0.52495	0.00543
4	0.13952	0.03763	0.03617	0.01056	0.03631	0.21165	0.00815	0.08907	0.07814	0.09824	0.01607	0.10363	0.05499	0.03796	0.00572	0.00172	0.00567	0.00572	0.01663	0.00645
5	0.01650	0.01229	0.01296	0.01032	0.01383	0.05367	0.00826	0.42410	0.04131	0.07849	0.04694	0.06805	0.01295	0.03531	0.00585	0.00161	0.00511	0.00545	0.02277	0.12421
6	0.04812	0.01550	0.03898	0.09859	0.04376	0.25996	0.01021	0.10186	0.04728	0.01684	0.03516	0.02997	0.00973	0.00709	0.02485	0.00174	0.12177	0.00447	0.01840	0.06572
7	0.10289	0.00744	0.00886	0.03806	0.01087	0.00747	0.02520	0.08228	0.03533	0.04299	0.06853	0.27905	0.05778	0.03833	0.00611	0.00182	0.00383	0.02172	0.07830	0.08313
8	0.01178	0.09863	0.01176	0.03276	0.01179	0.04401	0.00702	0.17615	0.01477	0.04267	0.16453	0.09613	0.15761	0.01061	0.04822	0.00193	0.00480	0.00732	0.00447	0.05303
9	0.04780	0.01170	0.09859	0.07071	0.01566	0.01116	0.06007	0.10667	0.14420	0.01871	0.01567	0.10701	0.03483	0.00825	0.02282	0.00187	0.10338	0.00611	0.07633	0.03846

[dist]
# distance from previous block
# <min> <max>
27	58

[block]
# block no. 1 follows, 47 sequences, length 28
# corresponding to MSA columns:
# 137-164
name=unknown_B
#
# <colnr> <probs for GDERKNQSTAVLIFYWHMCP>
#	G	D	E	R	K	N	Q	S	T	A	V	L	I	F	Y	W	H	M	C	P
0	0.10419	0.01370	0.08398	0.08706	0.07361	0.05886	0.01050	0.26255	0.04113	0.14391	0.03868	0.01382	0.01018	0.00586	0.00495	0.00157	0.00567	0.00457	0.00427	0.03095
1	0.01229	0.05716	0.19885	0.02000	0.23548	0.01288	0.18552	0.04079	0.12436	0.01788	0.03578	0.01425	0.01014	0.00524	0.00529	0.00163	0.00666	0.00504	0.00307	0.00767
2	0.04191	0.01353	0.08750	0.01241	0.06143	0.01244	0.03520	0.33708	0.06881	0.10119	0.03690	0.01386	0.01044	0.00576	0.00498	0.00147	0.00536	0.00463	0.00443	0.14067
3	0.01215	0.23939	0.39539	0.01398	0.06601	0.03621	0.03962	0.01768	0.10231	0.01591	0.01022	0.01146	0.00788	0.00504	0.00460	0.00151	0.00668	0.00391	0.00263	0.00745
4	0.01133	0.04457	0.41866	0.01734	0.12716	0.01205	0.14539	0.01643	0.03685	0.01670	0.00993	0.01196	0.00749	0.00475	0.00503	0.00155	0.00707	0.00431	0.00253	0.09891
5	0.01551	0.01245	0.01666	0.09610	0.16677	0.04778	0.07863	0.18941	0.13199	0.11279	0.01334	0.01428	0.00984	0.00561	0.00518	0.00157	0.00585	0.00488	0.00407	0.06731
6	0.00937	0.01035	0.12938	0.00884	0.01176	0.00799	0.02799	0.08039	0.09791	0.01932	0.28146	0.04402	0.23132	0.00958	0.00579	0.00169	0.00397	0.00816	0.00475	0.00597
7	0.01157	0.01185	0.10426	0.00895	0.01390	0.00838	0.00807	0.08128	0.01205	0.01834	0.00956	0.01098	0.00768	0.00420	0.00411	0.00095	0.00448	0.00332	0.00317	0.67292
8	0.11709	0.01203	0.01290	0.01013	0.01408	0.01265	0.00825	0.36227	0.12523	0.10103	0.01330	0.01320	0.00965	0.00578	0.00474	0.00146	0.00483	0.00439	0.00472	0.16228
9	0.01094	0.00688	0.00947	0.00993	0.07825	0.00719	0.00645	0.09980	0.06131	0.01346	0.01035	0.01541	0.00941	0.01472	0.01616	0.61401	0.00479	0.00465	0.00285	0.00399
10	0.01983	0.00928	0.01385	0.01046	0.01450	0.00806	0.09782	0.02219	0.01421	0.57483	0.06981	0.01810	0.01428	0.00625	0.00528	0.00155	0.00477	0.00543	0.00564	0.08386
11	0.01212	0.01229	0.01944	0.16350	0.32536	0.07469	0.15264	0.01527	0.01210	0.01629	0.07903	0.01520	0.01146	0.00524	0.00531	0.00156	0.00657	0.00514	0.00287	0.06394
12	0.06851	0.01006	0.01308	0.00971	0.01407	0.00867	0.09706	0.02835	0.07984	0.03409	0.01099	0.02651	0.00894	0.00460	0.00432	0.00109	0.00451	0.00397	0.00338	0.56824
13	0.24651	0.37294	0.08763	0.00894	0.01334	0.01543	0.00867	0.06612	0.01111	0.01767	0.00803	0.00919	0.00666	0.00465	0.00364	0.00129	0.00514	0.00305	0.00281	0.10717
14	0.11782	0.08648	0.06743	0.01093	0.01512	0.01475	0.00959	0.42742	0.09311	0.08807	0.01268	0.01264	0.00914	0.00593	0.00480	0.00156	0.00538	0.00440	0.00461	0.00814
15	0.01275	0.49982	0.31635	0.01124	0.01691	0.01727	0.01285	0.03404	0.01107	0.01436	0.00817	0.00946	0.00670	0.00469	0.00400	0.00133	0.00638	0.00323	0.00229	0.00712
16	0.01074	0.12080	0.66867	0.01381	0.02087	0.01283	0.01745	0.01613	0.01109	0.01616	0.03895	0.01176	0.00825	0.00511	0.00480	0.00158	0.00724	0.00394	0.00234	0.00747
17	0.00904	0.00738	0.00891	0.00750	0.01042	0.00587	0.00563	0.01084	0.01063	0.01575	0.04286	0.30770	0.01898	0.00868	0.00496	0.00130	0.00350	0.00762	0.00382	0.50859
18	0.01080	0.00926	0.01080	0.00771	0.01234	0.00694	0.00617	0.01311	0.01080	0.01697	0.00926	0.01080	0.00771	0.00386	0.00386	0.00077	0.00386	0.00309	0.00309	0.84882
19	0.01187	0.00989	0.01138	0.00822	0.01280	0.00804	0.00662	0.10313	0.01243	0.01886	0.00964	0.01100	0.00785	0.00414	0.00402	0.00087	0.00408	0.00328	0.00334	0.74854
20	0.00905	0.00452	0.00678	0.00678	0.00678	0.00452	0.00452	0.00678	0.00678	0.00905	0.00905	0.01583	0.00905	0.01809	0.02035	0.84848	0.00452	0.00452	0.00226	0.00226
21	0.01821	0.00874	0.04778	0.00867	0.01214	0.00706	0.00736	0.02044	0.01441	0.53811	0.16525	0.02427	0.08852	0.00777	0.00547	0.00163	0.00406	0.00647	0.00596	0.00767
22	0.01077	0.01094	0.04235	0.53976	0.12364	0.01210	0.10253	0.02460	0.02986	0.01470	0.00974	0.01373	0.00745	0.00521	0.00567	0.00173	0.03155	0.00481	0.00249	0.00639
23	0.05960	0.19636	0.09947	0.23191	0.04182	0.19965	0.03567	0.05095	0.01220	0.01492	0.00862	0.01090	0.00687	0.00504	0.00456	0.00148	0.00712	0.00379	0.00257	0.00648
24	0.07723	0.08973	0.66665	0.01373	0.02081	0.01275	0.01733	0.01633	0.01079	0.01669	0.00901	0.01058	0.00653	0.00490	0.00468	0.00160	0.00724	0.00368	0.00228	0.00745
25	0.36199	0.01089	0.01313	0.05519	0.22679	0.01175	0.00964	0.08168	0.04745	0.10384	0.02536	0.01239	0.00879	0.00531	0.00440	0.00160	0.00494	0.00410	0.00366	0.00710
26	0.05416	0.03035	0.23219	0.04551	0.13334	0.03830	0.13945	0.07379	0.01291	0.10099	0.03499	0.01451	0.00978	0.00544	0.00517	0.00161	0.00661	0.02261	0.00328	0.03498
27	0.13768	0.02179	0.07453	0.23312	0.11700	0.02940	0.05175	0.08312	0.01244	0.07937	0.04789	0.04058	0.01054	0.00579	0.00495	0.00162	0.00586	0.00490	0.00336	0.03429

[dist]
# distance from previous block
# <min> <max>
1	6

[block]
# block no. 2 follows, 47 sequences, length 86
# corresponding to MSA columns:
# 171-192,201-264
name=unknown_C
#
# <colnr> <probs for GDERKNQSTAVLIFYWHMCP>
#	G	D	E	R	K	N	Q	S	T	A	V	L	I	F	Y	W	H	M	C	P
0	0.03427	0.09533	0.15435	0.03089	0.03326	0.02564	0.30793	0.13408	0.01378	0.06024	0.01063	0.01252	0.00788	0.00491	0.00522	0.00157	0.00712	0.00481	0.00316	0.05241
1	0.22415	0.03474	0.16547	0.01297	0.03012	0.01298	0.14715	0.20361	0.01414	0.03933	0.01002	0.01139	0.00740	0.00509	0.00470	0.00157	0.00609	0.00419	0.00344	0.06145
2	0.08533	0.01169	0.01259	0.01006	0.01373	0.02427	0.00816	0.32863	0.13765	0.14376	0.05842	0.01630	0.03228	0.00647	0.00500	0.00154	0.00475	0.00506	0.00503	0.08928
3	0.08884	0.00788	0.01007	0.01036	0.09836	0.00801	0.04054	0.08768	0.01142	0.03510	0.10485	0.02742	0.07128	0.35997	0.01451	0.00312	0.00484	0.00683	0.00377	0.00516
4	0.09742	0.18275	0.34881	0.01440	0.03190	0.01390	0.17749	0.01631	0.02539	0.01656	0.02378	0.01158	0.00780	0.00486	0.00474	0.00156	0.00694	0.00418	0.00253	0.00710
5	0.00746	0.00527	0.00646	0.00655	0.00781	0.00469	0.00475	0.00904	0.01226	0.05114	0.27004	0.29767	0.25788	0.01297	0.00623	0.00182	0.00281	0.01137	0.00516	0.01863
6	0.01080	0.00926	0.01080	0.00771	0.01234	0.00694	0.00617	0.01311	0.01080	0.01697	0.00926	0.01080	0.00771	0.00386	0.00386	0.00077	0.00386	0.00309	0.00309	0.84882
7	0.00780	0.00498	0.00590	0.00590	0.00592	0.00499	0.00343	0.00748	0.00747	0.00997	0.01522	0.03099	0.01728	0.67816	0.03998	0.13628	0.00513	0.00706	0.00301	0.00304
8	0.12557	0.00658	0.00776	0.00720	0.00882	0.00678	0.00536	0.01019	0.00900	0.01428	0.03939	0.02289	0.05829	0.20837	0.32311	0.00498	0.00804	0.00574	0.00319	0.12448
9	0.01038	0.00587	0.00780	0.00725	0.00885	0.00532	0.00545	0.01242	0.01374	0.17449	0.46432	0.20271	0.03861	0.01103	0.00607	0.00174	0.00298	0.00974	0.00568	0.00556
10	0.00757	0.00554	0.00817	0.00817	0.00912	0.00642	0.00635	0.00946	0.00851	0.01250	0.01412	0.02040	0.01304	0.03721	0.75194	0.00797	0.01330	0.00554	0.05002	0.00466
11	0.00634	0.00453	0.00604	0.00725	0.00755	0.00423	0.00483	0.00725	0.00997	0.01329	0.02870	0.81358	0.03444	0.01632	0.00665	0.00211	0.00302	0.01480	0.00483	0.00423
12	0.00675	0.00473	0.00615	0.00708	0.00764	0.00436	0.00482	0.00780	0.01050	0.03049	0.07110	0.68751	0.10068	0.01552	0.00655	0.00205	0.00299	0.01397	0.00492	0.00438
13	0.10714	0.00821	0.01024	0.00836	0.01141	0.00764	0.00657	0.02051	0.03776	0.51362	0.01893	0.06223	0.01437	0.13915	0.00857	0.00220	0.00440	0.00590	0.00544	0.00732
14	0.01980	0.01459	0.01563	0.01198	0.01615	0.01615	0.00990	0.76713	0.02448	0.03282	0.01250	0.01250	0.00886	0.00625	0.00521	0.00156	0.00573	0.00469	0.00521	0.00886
15	0.01882	0.00833	0.01068	0.00855	0.01185	0.00762	0.00693	0.06771	0.03985	0.51631	0.11062	0.02159	0.05226	0.00722	0.00523	0.00158	0.00399	0.00594	0.08712	0.00779
16	0.00687	0.00515	0.00608	0.00610	0.00717	0.00467	0.00431	0.00834	0.01197	0.01585	0.31563	0.15160	0.27784	0.14391	0.00954	0.00230	0.00302	0.01039	0.00490	0.00436
17	0.01206	0.01025	0.01101	0.00995	0.01262	0.01167	0.00771	0.02483	0.65402	0.02164	0.14230	0.02253	0.02119	0.00764	0.00543	0.00175	0.00386	0.00645	0.00537	0.00771
18	0.02336	0.00886	0.01209	0.00927	0.01329	0.00765	0.00765	0.02538	0.01491	0.78810	0.02055	0.01773	0.01289	0.00645	0.00524	0.00161	0.00443	0.00524	0.00645	0.00886
19	0.00615	0.00528	0.00528	0.00528	0.00703	0.00440	0.00396	0.00747	0.01187	0.01407	0.05276	0.05012	0.78238	0.01319	0.00615	0.00176	0.00264	0.01099	0.00484	0.00440
20	0.02336	0.00886	0.01209	0.00927	0.01329	0.00765	0.00765	0.02538	0.01491	0.78810	0.02055	0.01773	0.01289	0.00645	0.00524	0.00161	0.00443	0.00524	0.00645	0.00886
21	0.02317	0.00917	0.01228	0.00941	0.01345	0.00811	0.00777	0.06523	0.01542	0.74753	0.02011	0.01744	0.01267	0.00644	0.00524	0.00161	0.00450	0.00521	0.00638	0.00886
22	0.00658	0.00529	0.00586	0.00572	0.00729	0.00458	0.00429	0.00829	0.01287	0.01644	0.30690	0.04621	0.52676	0.01230	0.00615	0.00172	0.00257	0.01044	0.00515	0.00458
23	0.85377	0.01007	0.00765	0.00685	0.01007	0.01168	0.00564	0.01531	0.00886	0.02336	0.00725	0.00846	0.00564	0.00483	0.00322	0.00161	0.00403	0.00282	0.00322	0.00564
24	0.01980	0.01459	0.01563	0.01198	0.01615	0.01615	0.00990	0.76713	0.02448	0.03282	0.01250	0.01250	0.00886	0.00625	0.00521	0.00156	0.00573	0.00469	0.00521	0.00886
25	0.00672	0.00532	0.00607	0.00595	0.00748	0.00466	0.00451	0.00853	0.01300	0.01681	0.33868	0.04605	0.46332	0.01224	0.00619	0.00174	0.00265	0.04026	0.00519	0.00462
26	0.00756	0.00508	0.00585	0.00585	0.00590	0.00514	0.00336	0.00768	0.00762	0.01022	0.01626	0.03324	0.01857	0.76917	0.07382	0.00525	0.00560	0.00745	0.00313	0.00325
27	0.01045	0.02694	0.79000	0.01484	0.02254	0.01209	0.01924	0.01649	0.01099	0.01649	0.00935	0.01099	0.00660	0.00495	0.00495	0.00165	0.00770	0.00385	0.00220	0.00770
28	0.00746	0.00549	0.00793	0.00793	0.00871	0.00627	0.00596	0.00902	0.00824	0.01176	0.01435	0.02268	0.01398	0.16606	0.67066	0.00783	0.01250	0.00591	0.00285	0.00441
29	0.01230	0.00759	0.00919	0.00798	0.01016	0.00752	0.00615	0.07817	0.12248	0.17103	0.36723	0.02978	0.05779	0.08010	0.00756	0.00195	0.00359	0.00760	0.00551	0.00631
30	0.01862	0.14762	0.01678	0.01259	0.01568	0.60806	0.00987	0.08450	0.01495	0.01440	0.00831	0.00950	0.00689	0.00530	0.00453	0.00133	0.00848	0.00338	0.00283	0.00638
31	0.05093	0.02559	0.02424	0.14484	0.21465	0.01255	0.39601	0.01566	0.01165	0.01639	0.01041	0.03389	0.00839	0.00491	0.00559	0.00169	0.00743	0.00555	0.00265	0.00699
32	0.01511	0.01725	0.01689	0.21313	0.25268	0.36722	0.01293	0.01751	0.01282	0.01417	0.00887	0.01155	0.00723	0.00511	0.00496	0.00150	0.00782	0.00405	0.00256	0.00664
33	0.01305	0.00919	0.01103	0.00799	0.01251	0.00707	0.00644	0.01531	0.01154	0.15529	0.01128	0.01204	0.00864	0.00432	0.00410	0.00092	0.00396	0.00347	0.00369	0.69816
34	0.00708	0.00531	0.00656	0.00625	0.00760	0.00479	0.00469	0.00927	0.01407	0.01928	0.61038	0.04154	0.22151	0.01124	0.00615	0.00167	0.00250	0.00979	0.00552	0.00479
35	0.00757	0.00505	0.00568	0.00568	0.00568	0.00505	0.00316	0.00757	0.00757	0.01010	0.01641	0.03408	0.01893	0.81698	0.02651	0.00505	0.00505	0.00757	0.00316	0.00316
36	0.85377	0.01007	0.00765	0.00685	0.01007	0.01168	0.00564	0.01531	0.00886	0.02336	0.00725	0.00846	0.00564	0.00483	0.00322	0.00161	0.00403	0.00282	0.00322	0.00564
37	0.00708	0.00529	0.00657	0.00630	0.00761	0.00478	0.00471	0.00924	0.01396	0.01917	0.60015	0.06839	0.20479	0.01139	0.00616	0.00168	0.00252	0.00994	0.00551	0.00478
38	0.00659	0.00486	0.00617	0.00677	0.00754	0.00444	0.00472	0.00798	0.01154	0.01544	0.23415	0.49098	0.15101	0.01433	0.00644	0.00193	0.00281	0.01279	0.00508	0.00444
39	0.19897	0.05779	0.04495	0.01472	0.05990	0.19736	0.21717	0.06695	0.01264	0.01801	0.00910	0.01111	0.00717	0.00542	0.01763	0.00163	0.00719	0.00418	0.00293	0.04518
40	0.01637	0.01242	0.01365	0.01038	0.01457	0.01266	0.00848	0.46181	0.05452	0.03906	0.02902	0.01294	0.00977	0.00562	0.00480	0.00132	0.00496	0.00434	0.00456	0.27874
41	0.01385	0.80254	0.04419	0.00904	0.01357	0.02042	0.00914	0.01561	0.01059	0.01235	0.00729	0.00841	0.00668	0.00447	0.00338	0.00113	0.00562	0.00281	0.00223	0.00671
42	0.01977	0.01552	0.01555	0.01211	0.01615	0.08727	0.00991	0.69907	0.02360	0.03099	0.01210	0.01222	0.00866	0.00617	0.00516	0.00154	0.00606	0.00457	0.00498	0.00860
43	0.06096	0.00697	0.00776	0.00656	0.00930	0.00589	0.00511	0.01119	0.01206	0.06843	0.15863	0.03209	0.33434	0.00909	0.00524	0.00143	0.00317	0.00754	0.00449	0.24973
44	0.00704	0.00482	0.00584	0.00636	0.00650	0.00469	0.00389	0.00743	0.00862	0.01149	0.02176	0.37332	0.02568	0.46853	0.01786	0.00377	0.00417	0.01072	0.00389	0.00362
45	0.00783	0.00532	0.00798	0.00798	0.00869	0.00603	0.00603	0.00869	0.00798	0.01135	0.01275	0.01933	0.01205	0.03395	0.60728	0.21305	0.01165	0.00532	0.00266	0.00407
46	0.02126	0.00890	0.01174	0.00924	0.01298	0.00806	0.00755	0.02467	0.09670	0.65848	0.06740	0.01921	0.01544	0.00677	0.00530	0.00163	0.00428	0.00556	0.00628	0.00855
47	0.01080	0.00926	0.01080	0.00771	0.01234	0.00694	0.00617	0.01311	0.01080	0.01697	0.00926	0.01080	0.00771	0.00386	0.00386	0.00077	0.00386	0.00309	0.00309	0.84882
48	0.00645	0.00498	0.00589	0.00631	0.00738	0.00442	0.00449	0.00781	0.01162	0.01500	0.17619	0.35744	0.34535	0.01399	0.00635	0.00188	0.00276	0.01225	0.00500	0.00442
49	0.00634	0.00453	0.00604	0.00725	0.00755	0.00423	0.00483	0.00725	0.00997	0.01329	0.02870	0.81358	0.03444	0.01632	0.00665	0.00211	0.00302	0.01480	0.00483	0.00423
50	0.76751	0.00951	0.00749	0.00689	0.00981	0.01092	0.00556	0.01449	0.00898	0.02234	0.00943	0.09041	0.00857	0.00600	0.00357	0.00166	0.00393	0.00404	0.00339	0.00550
51	0.00750	0.00503	0.00575	0.00580	0.00587	0.00500	0.00332	0.00765	0.00801	0.01073	0.04975	0.07616	0.02106	0.73953	0.02457	0.00475	0.00483	0.00804	0.00336	0.00329
52	0.00757	0.00505	0.00568	0.00568	0.00568	0.00505	0.00316	0.00757	0.00757	0.01010	0.01641	0.03408	0.01893	0.81698	0.02651	0.00505	0.00505	0.00757	0.00316	0.00316
53	0.06489	0.00782	0.01024	0.00828	0.01139	0.00702	0.00669	0.01996	0.01452	0.50562	0.25757	0.02382	0.02381	0.00767	0.00541	0.00162	0.00379	0.00641	0.00604	0.00745
54	0.00707	0.00503	0.00587	0.00604	0.00658	0.00476	0.00387	0.00783	0.00983	0.01299	0.13836	0.18579	0.15749	0.40721	0.01622	0.00342	0.00387	0.00981	0.00415	0.00383
55	0.01337	0.01140	0.01201	0.01068	0.01370	0.01315	0.00834	0.07312	0.72895	0.02246	0.02066	0.01900	0.01546	0.00702	0.00529	0.00175	0.00422	0.00581	0.00529	0.00828
56	0.85377	0.01007	0.00765	0.00685	0.01007	0.01168	0.00564	0.01531	0.00886	0.02336	0.00725	0.00846	0.00564	0.00483	0.00322	0.00161	0.00403	0.00282	0.00322	0.00564
57	0.00665	0.00518	0.00557	0.00560	0.00676	0.00461	0.00387	0.00769	0.01086	0.01354	0.10387	0.08588	0.47526	0.22838	0.01163	0.00265	0.00329	0.01015	0.00446	0.00410
58	0.01080	0.00926	0.01080	0.00771	0.01234	0.00694	0.00617	0.01311	0.01080	0.01697	0.00926	0.01080	0.00771	0.00386	0.00386	0.00077	0.00386	0.00309	0.00309	0.84882
59	0.01335	0.01130	0.01196	0.01060	0.01360	0.01300	0.00829	0.08544	0.69649	0.02263	0.04002	0.01938	0.01619	0.00709	0.00531	0.00175	0.00421	0.00588	0.00530	0.00821
60	0.02115	0.01242	0.01429	0.01095	0.01507	0.01293	0.00905	0.48627	0.02086	0.31881	0.01555	0.01448	0.01038	0.00632	0.00522	0.00158	0.00524	0.00490	0.00568	0.00886
61	0.34028	0.00908	0.00993	0.00814	0.01159	0.00910	0.00666	0.02023	0.03207	0.40875	0.08127	0.01604	0.01332	0.00621	0.00454	0.00162	0.00410	0.00469	0.00512	0.00727
62	0.00756	0.00512	0.00602	0.00602	0.00614	0.00523	0.00358	0.00779	0.00767	0.01035	0.01610	0.03235	0.01818	0.71827	0.12420	0.00547	0.00618	0.00732	0.00311	0.00335
63	0.00634	0.00453	0.00604	0.00725	0.00755	0.00423	0.00483	0.00725	0.00997	0.01329	0.02870	0.81358	0.03444	0.01632	0.00665	0.00211	0.00302	0.01480	0.00483	0.00423
64	0.00852	0.00465	0.00647	0.00654	0.00656	0.00463	0.00421	0.00701	0.00717	0.00956	0.01205	0.06931	0.01302	0.21262	0.02101	0.59097	0.00456	0.00590	0.00264	0.00260
65	0.00736	0.00519	0.00632	0.00635	0.00677	0.00533	0.00412	0.00799	0.00827	0.01108	0.01981	0.05228	0.09556	0.51921	0.21731	0.00547	0.00699	0.00761	0.00328	0.00368
66	0.01289	0.01237	0.02114	0.03196	0.78450	0.01237	0.01598	0.01598	0.01186	0.01701	0.00980	0.01289	0.00825	0.00464	0.00516	0.00155	0.00619	0.00464	0.00258	0.00825
67	0.15038	0.01247	0.01351	0.01051	0.01450	0.01335	0.00868	0.46647	0.01968	0.21844	0.01368	0.01317	0.00936	0.00608	0.00491	0.00158	0.00514	0.00453	0.00521	0.00836
68	0.00719	0.00532	0.00671	0.00636	0.00767	0.00484	0.00477	0.00948	0.01431	0.01986	0.67270	0.04058	0.15882	0.01103	0.00614	0.00166	0.00248	0.00965	0.00560	0.00484
69	0.01388	0.01802	0.16713	0.01793	0.03696	0.13501	0.38190	0.09595	0.04834	0.01795	0.01060	0.01282	0.00794	0.00497	0.00554	0.00165	0.00810	0.00509	0.00295	0.00726
70	0.10045	0.00838	0.00992	0.00854	0.01129	0.00839	0.00673	0.03530	0.16999	0.28990	0.19733	0.09209	0.02303	0.00825	0.00538	0.00169	0.00377	0.00693	0.00555	0.00708
71	0.02176	0.00847	0.01143	0.00890	0.01252	0.00739	0.00720	0.02357	0.01416	0.70891	0.02012	0.01939	0.01351	0.08895	0.00740	0.00196	0.00449	0.00547	0.00611	0.00828
72	0.01945	0.02482	0.01476	0.01342	0.01610	0.79608	0.01006	0.02079	0.01476	0.01275	0.00805	0.00939	0.00671	0.00537	0.00470	0.00134	0.00939	0.00335	0.00268	0.00604
73	0.01240	0.01453	0.14052	0.05616	0.63997	0.01230	0.01644	0.01597	0.01167	0.01680	0.00971	0.01263	0.00795	0.00471	0.00513	0.00157	0.00645	0.00452	0.00251	0.00808
74	0.01335	0.12120	0.48238	0.01246	0.01852	0.01174	0.01462	0.01768	0.01170	0.17825	0.01263	0.06141	0.00964	0.00590	0.00491	0.00160	0.00645	0.00468	0.00326	0.00760
75	0.02288	0.00964	0.01256	0.00963	0.01368	0.00880	0.00796	0.12551	0.01620	0.68615	0.01946	0.01702	0.01235	0.00642	0.00523	0.00160	0.00461	0.00516	0.00628	0.00886
76	0.01106	0.04276	0.70726	0.01489	0.02226	0.01218	0.05726	0.01679	0.01119	0.04316	0.00975	0.01133	0.00688	0.00496	0.00499	0.00164	0.00759	0.00399	0.00237	0.00768
77	0.01136	0.07245	0.57428	0.13693	0.02347	0.01227	0.01714	0.01649	0.01112	0.06316	0.00989	0.01169	0.00704	0.00505	0.00491	0.00163	0.00725	0.00399	0.00248	0.00741
78	0.01225	0.01293	0.02740	0.01989	0.02470	0.01209	0.65209	0.01627	0.01237	0.04944	0.01393	0.01859	0.04464	0.00549	0.00617	0.00179	0.00807	0.05201	0.00303	0.00685
79	0.01392	0.82012	0.02729	0.00891	0.01337	0.02061	0.00891	0.01559	0.01058	0.01225	0.00724	0.00835	0.00668	0.00446	0.00334	0.00111	0.00557	0.00278	0.00223	0.00668
80	0.01091	0.01035	0.01755	0.53372	0.29825	0.01185	0.01500	0.01424	0.01092	0.01461	0.00945	0.01354	0.00740	0.00501	0.00519	0.00167	0.00668	0.00463	0.00241	0.00665
81	0.01012	0.01064	0.09706	0.51145	0.07806	0.01038	0.01324	0.01341	0.01079	0.04702	0.01410	0.09702	0.05170	0.00675	0.00537	0.00175	0.00624	0.00595	0.00289	0.00605
82	0.01392	0.82012	0.02729	0.00891	0.01337	0.02061	0.00891	0.01559	0.01058	0.01225	0.00724	0.00835	0.00668	0.00446	0.00334	0.00111	0.00557	0.00278	0.00223	0.00668
83	0.85377	0.01007	0.00765	0.00685	0.01007	0.01168	0.00564	0.01531	0.00886	0.02336	0.00725	0.00846	0.00564	0.00483	0.00322	0.00161	0.00403	0.00282	0.00322	0.00564
84	0.00744	0.00540	0.00749	0.00747	0.00819	0.00592	0.00546	0.00888	0.00888	0.01255	0.09694	0.04266	0.01882	0.23180	0.50095	0.00668	0.01024	0.00669	0.00324	0.00429
85	0.00953	0.04263	0.01056	0.13509	0.02674	0.05619	0.01961	0.07130	0.01178	0.01503	0.02227	0.37728	0.06350	0.04196	0.00678	0.00202	0.00471	0.07375	0.00408	0.00519

[dist]
# distance from previous block
# <min> <max>
0	3

# created by:
# /st0/software/busco_prod/Augustus/scripts/msa2prfl.pl ./align_prep/197838.fa
