[name]
unknown

[dist]
# distance from previous block
# <min> <max>
0	399

[block]
# block no. 0 follows, 51 sequences, length 11
# corresponding to MSA columns:
# 400-410
name=unknown_A
#
# <colnr> <probs for GDERKNQSTAVLIFYWHMCP>
#	G	D	E	R	K	N	Q	S	T	A	V	L	I	F	Y	W	H	M	C	P
0	0.00792	0.00566	0.00792	0.00905	0.01018	0.00566	0.00792	0.01018	0.01131	0.01471	0.02602	0.05543	0.02828	0.01358	0.00679	0.00226	0.00453	0.76356	0.00453	0.00453
1	0.00899	0.00841	0.01381	0.68613	0.06306	0.01015	0.01254	0.01201	0.01005	0.01279	0.01362	0.01711	0.09990	0.00578	0.00502	0.00163	0.00604	0.00508	0.00248	0.00540
2	0.02123	0.00855	0.01138	0.00885	0.01256	0.00764	0.00727	0.02413	0.07837	0.73526	0.01944	0.01686	0.01240	0.00613	0.00495	0.00153	0.00416	0.00499	0.00599	0.00831
3	0.00680	0.00499	0.00637	0.00609	0.00726	0.00456	0.00454	0.00894	0.01344	0.01874	0.68500	0.07125	0.12265	0.01052	0.00582	0.00158	0.00236	0.00926	0.00529	0.00456
4	0.00671	0.00501	0.00622	0.00592	0.00719	0.00453	0.00444	0.00879	0.01332	0.01831	0.63249	0.03901	0.20880	0.01057	0.00580	0.00157	0.00236	0.00921	0.00523	0.00453
5	0.01160	0.01326	0.02900	0.02071	0.02568	0.01243	0.77879	0.01574	0.01160	0.01574	0.00994	0.01326	0.00746	0.00414	0.00580	0.00166	0.00829	0.00580	0.00249	0.00663
6	0.00928	0.00873	0.01474	0.81548	0.03385	0.01092	0.01365	0.01256	0.00983	0.01256	0.00873	0.01310	0.00655	0.00491	0.00491	0.00164	0.00655	0.00437	0.00218	0.00546
7	0.00722	0.00497	0.00633	0.00599	0.00715	0.00463	0.00449	0.00953	0.01348	0.01954	0.70194	0.03453	0.04237	0.00954	0.00552	0.00150	0.00232	0.00838	0.10594	0.00463
8	0.01507	0.00913	0.01153	0.01111	0.09089	0.00926	0.00788	0.14443	0.16224	0.26920	0.05819	0.15644	0.01690	0.00781	0.00521	0.00162	0.00417	0.00668	0.00502	0.00725
9	0.01868	0.01376	0.01475	0.01131	0.01524	0.01524	0.00934	0.78025	0.02311	0.03097	0.01180	0.01180	0.00836	0.00590	0.00492	0.00147	0.00541	0.00442	0.00492	0.00836
10	0.12110	0.00913	0.01130	0.00877	0.01250	0.00860	0.00724	0.11074	0.01444	0.61854	0.01702	0.01512	0.01091	0.00588	0.00471	0.00152	0.00428	0.00461	0.00559	0.00800

[dist]
# distance from previous block
# <min> <max>
3	5

[block]
# block no. 1 follows, 51 sequences, length 45
# corresponding to MSA columns:
# 417-461
name=unknown_B
#
# <colnr> <probs for GDERKNQSTAVLIFYWHMCP>
#	G	D	E	R	K	N	Q	S	T	A	V	L	I	F	Y	W	H	M	C	P
0	0.00734	0.00772	0.11189	0.00722	0.00919	0.00553	0.00643	0.01011	0.01344	0.01916	0.69006	0.03322	0.04105	0.00933	0.00565	0.00155	0.00297	0.00819	0.00497	0.00498
1	0.05278	0.34985	0.44945	0.01138	0.01720	0.01464	0.01359	0.01517	0.01012	0.01426	0.00792	0.00925	0.00621	0.00448	0.00398	0.00135	0.00628	0.00318	0.00213	0.00678
2	0.74947	0.00964	0.00774	0.00693	0.00994	0.01118	0.00565	0.01599	0.11158	0.02185	0.00859	0.00935	0.00660	0.00484	0.00330	0.00154	0.00381	0.00304	0.00330	0.00565
3	0.01211	0.01367	0.19152	0.34132	0.04690	0.02200	0.04844	0.15226	0.01277	0.06027	0.01026	0.01260	0.00745	0.00509	0.00483	0.00155	0.00628	0.00430	0.03974	0.00663
4	0.00800	0.00646	0.00732	0.00689	0.00863	0.00645	0.00525	0.01289	0.20859	0.01771	0.33502	0.05797	0.25196	0.01000	0.00560	0.00162	0.00284	0.02262	0.00498	0.01919
5	0.00765	0.00576	0.00717	0.00669	0.00806	0.00564	0.00505	0.01150	0.11639	0.01982	0.69154	0.03428	0.04221	0.00960	0.00569	0.00156	0.00253	0.00845	0.00536	0.00505
6	0.01744	0.01310	0.01475	0.11781	0.01770	0.01467	0.00991	0.67858	0.02135	0.02853	0.01139	0.01197	0.00812	0.00577	0.00492	0.00150	0.00556	0.00442	0.00455	0.00797
7	0.01416	0.03039	0.39471	0.01311	0.01873	0.01195	0.09001	0.20875	0.01425	0.13968	0.01127	0.01196	0.00780	0.00514	0.00486	0.00153	0.00640	0.00423	0.00344	0.00763
8	0.00581	0.00498	0.00498	0.00498	0.00664	0.00415	0.00373	0.00705	0.01120	0.01328	0.04978	0.04729	0.79464	0.01245	0.00581	0.00166	0.00249	0.01037	0.00456	0.00415
9	0.75032	0.01007	0.00822	0.00710	0.01026	0.01158	0.00585	0.11586	0.01032	0.02323	0.00750	0.00849	0.00572	0.00474	0.00329	0.00151	0.00401	0.00289	0.00329	0.00572
10	0.01015	0.03275	0.01180	0.11482	0.01503	0.00767	0.03193	0.01252	0.01021	0.01538	0.00914	0.01172	0.00768	0.00408	0.00394	0.00093	0.00424	0.02186	0.00282	0.67133
11	0.86201	0.00950	0.00722	0.00646	0.00950	0.01102	0.00532	0.01445	0.00836	0.02205	0.00684	0.00798	0.00532	0.00456	0.00304	0.00152	0.00380	0.00266	0.00304	0.00532
12	0.00612	0.00438	0.00582	0.00676	0.00716	0.00408	0.00457	0.00716	0.01000	0.01349	0.12866	0.71981	0.03434	0.01469	0.00621	0.00194	0.00278	0.01330	0.00467	0.00408
13	0.00649	0.00455	0.00599	0.00675	0.00732	0.00428	0.00476	0.00782	0.01054	0.01450	0.18864	0.56284	0.03416	0.01366	0.00607	0.00188	0.00283	0.06649	0.04624	0.00420
14	0.00747	0.00504	0.00645	0.00607	0.00727	0.00468	0.00456	0.00978	0.01354	0.03427	0.69896	0.03443	0.04223	0.00952	0.00554	0.00150	0.00235	0.00837	0.09326	0.00470
15	0.00610	0.00435	0.00581	0.00683	0.00714	0.00415	0.00458	0.00697	0.00922	0.01234	0.02577	0.74255	0.03070	0.05376	0.05224	0.00245	0.00352	0.01317	0.00438	0.00397
16	0.00669	0.00500	0.00620	0.00593	0.00718	0.00452	0.00444	0.00874	0.01323	0.01816	0.61595	0.05515	0.20934	0.01068	0.00581	0.00158	0.00237	0.00932	0.00521	0.00452
17	0.86201	0.00950	0.00722	0.00646	0.00950	0.01102	0.00532	0.01445	0.00836	0.02205	0.00684	0.00798	0.00532	0.00456	0.00304	0.00152	0.00380	0.00266	0.00304	0.00532
18	0.00601	0.00479	0.00538	0.00564	0.00686	0.00417	0.00407	0.00728	0.01107	0.01391	0.14026	0.25575	0.49164	0.01293	0.00593	0.00174	0.00256	0.01115	0.00467	0.00417
19	0.10648	0.00949	0.01272	0.11676	0.01474	0.01193	0.00940	0.03812	0.00948	0.11813	0.01073	0.09225	0.00974	0.00792	0.01037	0.00189	0.40583	0.00518	0.00310	0.00574
20	0.09526	0.14044	0.46097	0.01299	0.06167	0.01308	0.01412	0.11657	0.01185	0.01768	0.00875	0.01006	0.00652	0.00474	0.00433	0.00146	0.00630	0.00353	0.00257	0.00711
21	0.01583	0.10222	0.01362	0.00957	0.01288	0.01297	0.00792	0.41655	0.11649	0.08144	0.01372	0.02701	0.01037	0.01921	0.00488	0.00147	0.00464	0.00463	0.11719	0.00740
22	0.01314	0.83025	0.02575	0.00841	0.01261	0.01945	0.00841	0.01472	0.00999	0.01156	0.00683	0.00788	0.00631	0.00420	0.00315	0.00105	0.00526	0.00263	0.00210	0.00631
23	0.02318	0.00979	0.01058	0.00948	0.01207	0.01101	0.00748	0.11307	0.51769	0.03076	0.07538	0.03844	0.03212	0.00755	0.00516	0.00167	0.00393	0.06051	0.02298	0.00715
24	0.01187	0.35088	0.35325	0.01150	0.04133	0.02377	0.01251	0.02584	0.01064	0.05233	0.01950	0.04845	0.00838	0.00514	0.00416	0.00136	0.00597	0.00387	0.00250	0.00675
25	0.01548	0.01551	0.23126	0.01277	0.07241	0.01216	0.01162	0.33307	0.05298	0.13939	0.03513	0.01330	0.00977	0.00604	0.01538	0.00160	0.00571	0.00447	0.00412	0.00783
26	0.01314	0.83025	0.02575	0.00841	0.01261	0.01945	0.00841	0.01472	0.00999	0.01156	0.00683	0.00788	0.00631	0.00420	0.00315	0.00105	0.00526	0.00263	0.00210	0.00631
27	0.01796	0.00771	0.01025	0.00831	0.01135	0.00690	0.00667	0.05806	0.01394	0.56404	0.12251	0.11542	0.01893	0.00771	0.00521	0.00158	0.00384	0.00652	0.00575	0.00735
28	0.01314	0.40934	0.29251	0.01077	0.01592	0.05174	0.01184	0.07095	0.01148	0.05874	0.00862	0.00957	0.00676	0.00463	0.00396	0.00129	0.00607	0.00326	0.00254	0.00687
29	0.00715	0.00511	0.00736	0.00736	0.00803	0.00577	0.00547	0.00833	0.00766	0.01088	0.01322	0.02116	0.01296	0.16887	0.61881	0.06859	0.01110	0.00551	0.00265	0.00399
30	0.00606	0.00493	0.00536	0.00537	0.00682	0.00424	0.00398	0.00749	0.01161	0.01452	0.19937	0.10813	0.58060	0.01220	0.00584	0.00166	0.00248	0.01036	0.00474	0.00424
31	0.00967	0.00535	0.00588	0.00565	0.00702	0.00527	0.00425	0.05721	0.01147	0.06105	0.07542	0.12751	0.06140	0.00773	0.00429	0.00136	0.00267	0.00647	0.53542	0.00492
32	0.05682	0.00952	0.01564	0.57340	0.22451	0.01111	0.01355	0.01330	0.01009	0.01396	0.00876	0.01258	0.00679	0.00476	0.00480	0.00159	0.00622	0.00428	0.00229	0.00604
33	0.01216	0.01168	0.01995	0.03016	0.79664	0.01168	0.01508	0.01508	0.01119	0.01605	0.00924	0.01216	0.00778	0.00438	0.00487	0.00146	0.00584	0.00438	0.00243	0.00778
34	0.00675	0.00499	0.00601	0.00575	0.00705	0.00449	0.00431	0.00876	0.01294	0.01779	0.53863	0.03872	0.25836	0.01050	0.00567	0.00156	0.00237	0.00908	0.05179	0.00449
35	0.00614	0.00434	0.00566	0.00665	0.00689	0.00409	0.00435	0.00688	0.00911	0.01215	0.02555	0.71921	0.03056	0.12292	0.00875	0.00236	0.00310	0.01307	0.00435	0.00386
36	0.06425	0.01897	0.01432	0.05848	0.11927	0.51896	0.01014	0.07349	0.05019	0.01492	0.00872	0.01014	0.00703	0.00507	0.00450	0.00136	0.00757	0.00357	0.00282	0.00623
37	0.00903	0.00634	0.00821	0.00859	0.01012	0.00641	0.00724	0.01276	0.11459	0.05911	0.11780	0.04570	0.07093	0.01176	0.00628	0.00202	0.00404	0.48913	0.00478	0.00516
38	0.00949	0.00895	0.01512	0.75886	0.08885	0.01097	0.01375	0.01274	0.00992	0.01281	0.00877	0.01303	0.00664	0.00487	0.00491	0.00162	0.00650	0.00437	0.00220	0.00563
39	0.00790	0.00476	0.00638	0.00707	0.00777	0.00438	0.00488	0.00888	0.00996	0.10647	0.02617	0.72779	0.03008	0.01429	0.00611	0.00194	0.00301	0.01289	0.00474	0.00451
40	0.00746	0.00465	0.00559	0.00559	0.00559	0.00465	0.00327	0.00698	0.00698	0.00931	0.01393	0.02830	0.01577	0.64551	0.02371	0.19598	0.00465	0.00650	0.00279	0.00279
41	0.01239	0.04918	0.01182	0.00829	0.01234	0.00824	0.02895	0.04913	0.07735	0.12078	0.03652	0.01265	0.00985	0.00457	0.00409	0.00101	0.00398	0.00373	0.00363	0.54149
42	0.06354	0.05975	0.01434	0.01203	0.01448	0.56680	0.00935	0.07965	0.01341	0.01406	0.00772	0.00923	0.00645	0.00548	0.00573	0.00139	0.10467	0.00335	0.00269	0.00588
43	0.01214	0.15530	0.37906	0.01152	0.01699	0.01141	0.05562	0.02581	0.01118	0.11924	0.04831	0.01224	0.00921	0.00490	0.00445	0.00137	0.00588	0.00394	0.00293	0.10849
44	0.01283	0.16947	0.15011	0.02530	0.24395	0.09982	0.01196	0.06921	0.07955	0.01602	0.01038	0.01177	0.02254	0.00489	0.00443	0.00136	0.00592	0.00393	0.00278	0.05377

[dist]
# distance from previous block
# <min> <max>
0	12

[block]
# block no. 2 follows, 51 sequences, length 59
# corresponding to MSA columns:
# 474-502,504-533
name=unknown_C
#
# <colnr> <probs for GDERKNQSTAVLIFYWHMCP>
#	G	D	E	R	K	N	Q	S	T	A	V	L	I	F	Y	W	H	M	C	P
0	0.58020	0.02979	0.05078	0.01009	0.07772	0.05066	0.04684	0.01559	0.00961	0.07803	0.00827	0.00942	0.00627	0.00466	0.00363	0.00150	0.00469	0.00321	0.00309	0.00596
1	0.01184	0.01135	0.01937	0.11771	0.71160	0.01159	0.01492	0.01480	0.01104	0.01566	0.00919	0.01227	0.00765	0.00444	0.00487	0.00148	0.00592	0.00438	0.00240	0.00752
2	0.17139	0.00942	0.01199	0.00927	0.01304	0.00896	0.06932	0.05030	0.07604	0.37564	0.01439	0.01375	0.00984	0.00530	0.00446	0.00142	0.00438	0.00430	0.00460	0.14218
3	0.00854	0.00427	0.00640	0.00640	0.00640	0.00427	0.00427	0.00640	0.00640	0.00854	0.00854	0.01494	0.00854	0.01707	0.01921	0.85702	0.00427	0.00427	0.00213	0.00213
4	0.01366	0.69471	0.02369	0.00881	0.01263	0.01808	0.00851	0.01522	0.01011	0.07548	0.00782	0.00884	0.00679	0.00473	0.00439	0.00118	0.07356	0.00296	0.00243	0.00639
5	0.01080	0.01076	0.02003	0.17263	0.02225	0.01121	0.37153	0.07549	0.01193	0.01621	0.08988	0.07076	0.01291	0.00617	0.00644	0.00169	0.07406	0.00615	0.00303	0.00605
6	0.01853	0.01832	0.01436	0.01194	0.01522	0.38860	0.00941	0.42183	0.01878	0.02204	0.00982	0.01041	0.00740	0.00551	0.00469	0.00138	0.00704	0.00383	0.00379	0.00710
7	0.00696	0.00502	0.00657	0.00618	0.00734	0.00464	0.00464	0.00927	0.01391	0.01971	0.79405	0.03671	0.04637	0.01005	0.00580	0.00155	0.00232	0.00889	0.00541	0.00464
8	0.00868	0.00686	0.01000	0.01000	0.02245	0.00693	0.07226	0.02839	0.09001	0.01601	0.09464	0.11719	0.02654	0.01164	0.00632	0.00203	0.00445	0.45602	0.00447	0.00512
9	0.05577	0.20859	0.02572	0.01617	0.02064	0.01407	0.48839	0.05319	0.01150	0.01569	0.00938	0.02626	0.00755	0.00455	0.00518	0.00151	0.02184	0.00493	0.00257	0.00650
10	0.01185	0.00954	0.01406	0.29831	0.21350	0.02791	0.01115	0.08677	0.01238	0.09530	0.07973	0.03590	0.07015	0.00623	0.00507	0.00156	0.00534	0.00545	0.00341	0.00641
11	0.13074	0.22217	0.01654	0.01169	0.05133	0.41890	0.02089	0.03714	0.01216	0.01401	0.00751	0.00883	0.00633	0.00481	0.00416	0.00128	0.01987	0.00311	0.00254	0.00598
12	0.14237	0.00566	0.00689	0.00697	0.00791	0.00625	0.00510	0.00900	0.00810	0.01293	0.01516	0.16651	0.01597	0.18499	0.37876	0.00519	0.00813	0.00681	0.00312	0.00418
13	0.20486	0.12486	0.41964	0.01164	0.01716	0.01274	0.04715	0.07953	0.01099	0.01782	0.00841	0.00976	0.00626	0.00466	0.00417	0.00148	0.00610	0.00344	0.00256	0.00676
14	0.00681	0.00502	0.00637	0.00603	0.00725	0.00457	0.00452	0.00899	0.01356	0.01889	0.69901	0.03806	0.14191	0.01035	0.00580	0.00156	0.00234	0.00908	0.00530	0.00457
15	0.00599	0.00428	0.00570	0.00684	0.00713	0.00399	0.00456	0.00684	0.00941	0.01254	0.02709	0.82409	0.03250	0.01540	0.00627	0.00200	0.00285	0.01397	0.00456	0.00399
16	0.00634	0.00434	0.00558	0.00654	0.00688	0.00410	0.00435	0.00725	0.00932	0.01281	0.02529	0.69740	0.02974	0.07497	0.00743	0.00213	0.00295	0.01267	0.07595	0.00397
17	0.00696	0.00502	0.00657	0.00618	0.00734	0.00464	0.00464	0.00927	0.01391	0.01971	0.79405	0.03671	0.04637	0.01005	0.00580	0.00155	0.00232	0.00889	0.00541	0.00464
18	0.01868	0.01376	0.01475	0.01131	0.01524	0.01524	0.00934	0.78025	0.02311	0.03097	0.01180	0.01180	0.00836	0.00590	0.00492	0.00147	0.00541	0.00442	0.00492	0.00836
19	0.01160	0.01326	0.02900	0.02071	0.02568	0.01243	0.77879	0.01574	0.01160	0.01574	0.00994	0.01326	0.00746	0.00414	0.00580	0.00166	0.00829	0.00580	0.00249	0.00663
20	0.00715	0.00476	0.00536	0.00536	0.00536	0.00476	0.00298	0.00715	0.00715	0.00953	0.01548	0.03216	0.01787	0.82729	0.02501	0.00476	0.00476	0.00715	0.00298	0.00298
21	0.01222	0.01056	0.01111	0.01000	0.01278	0.01222	0.00778	0.02611	0.78776	0.02056	0.02000	0.01833	0.01500	0.00667	0.00500	0.00167	0.00389	0.00556	0.00500	0.00778
22	0.00599	0.00428	0.00570	0.00684	0.00713	0.00399	0.00456	0.00684	0.00941	0.01254	0.02709	0.82409	0.03250	0.01540	0.00627	0.00200	0.00285	0.01397	0.00456	0.00399
23	0.00769	0.00620	0.00896	0.00857	0.00922	0.00761	0.00670	0.00918	0.00777	0.01132	0.01216	0.01886	0.01172	0.09832	0.60108	0.00661	0.15574	0.00525	0.00258	0.00444
24	0.70916	0.00930	0.00798	0.00688	0.01006	0.01033	0.00567	0.01618	0.00940	0.16362	0.00913	0.00957	0.00657	0.00484	0.00339	0.00152	0.00387	0.00308	0.00359	0.00588
25	0.00815	0.00653	0.00819	0.15606	0.01254	0.00685	0.00630	0.07157	0.03104	0.01419	0.06534	0.03172	0.28480	0.18478	0.06930	0.00277	0.00483	0.02668	0.00373	0.00463
26	0.00620	0.00440	0.00582	0.00688	0.00720	0.00416	0.00466	0.00709	0.00937	0.01246	0.02615	0.71459	0.03114	0.07567	0.00770	0.00222	0.00310	0.06280	0.00444	0.00395
27	0.01221	0.01125	0.01836	0.02669	0.66692	0.01135	0.01375	0.07878	0.01205	0.01703	0.01090	0.07793	0.00984	0.00540	0.00498	0.00150	0.00556	0.00516	0.00281	0.00753
28	0.70786	0.01085	0.00905	0.00936	0.08941	0.07564	0.00665	0.01493	0.00910	0.02063	0.00715	0.00848	0.00565	0.00458	0.00334	0.00149	0.00442	0.00288	0.00294	0.00560
29	0.01753	0.02194	0.01355	0.01212	0.01483	0.72672	0.00912	0.01889	0.01355	0.01243	0.00771	0.00900	0.00643	0.00492	0.00435	0.00121	0.00834	0.00314	0.00257	0.09165
30	0.01195	0.01146	0.01956	0.08858	0.73990	0.01162	0.01498	0.01489	0.01109	0.01579	0.00921	0.01223	0.00769	0.00442	0.00487	0.00147	0.00589	0.00438	0.00241	0.00761
31	0.01019	0.00873	0.01019	0.00728	0.01165	0.00655	0.00582	0.01237	0.01019	0.01601	0.00873	0.01019	0.00728	0.00364	0.00364	0.00073	0.00364	0.00291	0.00291	0.85734
32	0.01359	0.76408	0.02486	0.00864	0.01283	0.01910	0.00848	0.07676	0.01105	0.01313	0.00723	0.00820	0.00647	0.00434	0.00330	0.00109	0.00527	0.00277	0.00233	0.00647
33	0.00712	0.00486	0.00583	0.00583	0.00599	0.00502	0.00356	0.00745	0.00729	0.00988	0.01505	0.02978	0.01683	0.68103	0.16987	0.00534	0.00632	0.00680	0.00291	0.00324
34	0.01222	0.01131	0.01500	0.01261	0.01333	0.01509	0.01049	0.15402	0.01041	0.01537	0.00744	0.01095	0.00680	0.00810	0.01405	0.00203	0.66788	0.00432	0.00266	0.00593
35	0.00781	0.00627	0.00928	0.13705	0.09131	0.00643	0.00724	0.01022	0.01228	0.01718	0.48957	0.06758	0.03272	0.01110	0.07058	0.00209	0.00425	0.00767	0.00433	0.00503
36	0.02205	0.00836	0.01140	0.00874	0.01254	0.00722	0.00722	0.02395	0.01407	0.80004	0.01939	0.01673	0.01216	0.00608	0.00494	0.00152	0.00418	0.00494	0.00608	0.00836
37	0.00857	0.00678	0.01067	0.01174	0.07522	0.00671	0.07334	0.01105	0.01133	0.01490	0.02331	0.04838	0.02487	0.01204	0.00655	0.00215	0.00495	0.63829	0.00418	0.00497
38	0.09896	0.00969	0.01162	0.01023	0.09239	0.00870	0.00734	0.11023	0.01222	0.11977	0.01035	0.01121	0.00790	0.00441	0.00403	0.00108	0.00417	0.00349	0.00354	0.46867
39	0.01019	0.00873	0.01019	0.00728	0.01165	0.00655	0.00582	0.01237	0.01019	0.01601	0.00873	0.01019	0.00728	0.00364	0.00364	0.00073	0.00364	0.00291	0.00291	0.85734
40	0.01389	0.07557	0.15474	0.01474	0.01933	0.09949	0.31043	0.01781	0.05167	0.15373	0.01190	0.03414	0.00892	0.00511	0.00508	0.00154	0.00686	0.00495	0.00321	0.00691
41	0.01174	0.01296	0.09473	0.11169	0.30960	0.03859	0.16761	0.03001	0.09729	0.02759	0.01131	0.04457	0.00921	0.00518	0.00510	0.00157	0.00629	0.00506	0.00285	0.00704
42	0.02182	0.00841	0.01140	0.00877	0.01255	0.00734	0.00724	0.02400	0.03174	0.78224	0.01940	0.01676	0.01223	0.00610	0.00494	0.00152	0.00417	0.00496	0.00606	0.00835
43	0.01162	0.01112	0.01897	0.17764	0.65339	0.01153	0.01481	0.01461	0.01093	0.01540	0.00915	0.01234	0.00755	0.00448	0.00487	0.00149	0.00597	0.00438	0.00239	0.00735
44	0.01192	0.14322	0.07844	0.00848	0.01281	0.00987	0.00763	0.03969	0.08536	0.07444	0.01105	0.01174	0.02066	0.00450	0.00395	0.00104	0.00430	0.00350	0.00324	0.46416
45	0.00731	0.00539	0.00741	0.00692	0.00739	0.00527	0.06853	0.00781	0.00793	0.01060	0.01713	0.17468	0.01965	0.61031	0.01999	0.00400	0.00471	0.00827	0.00322	0.00347
46	0.00702	0.00527	0.00790	0.00790	0.00878	0.00614	0.00614	0.00878	0.00790	0.01141	0.01316	0.01931	0.01229	0.03686	0.80782	0.00790	0.01316	0.00527	0.00263	0.00439
47	0.01653	0.04617	0.17013	0.07053	0.01623	0.02864	0.01051	0.11605	0.02291	0.35148	0.02419	0.01382	0.00973	0.00587	0.00575	0.00156	0.07373	0.00445	0.00425	0.00748
48	0.03460	0.07301	0.01599	0.01184	0.03568	0.01351	0.08647	0.47153	0.01815	0.09032	0.01188	0.01271	0.00874	0.00805	0.06988	0.00198	0.00614	0.00450	0.01746	0.00757
49	0.00631	0.00448	0.00579	0.00650	0.00692	0.00421	0.00435	0.00730	0.00990	0.01338	0.15746	0.57015	0.04438	0.12427	0.00872	0.00229	0.00301	0.01212	0.00449	0.00397
50	0.00671	0.00483	0.00635	0.00635	0.00729	0.00447	0.00462	0.00866	0.01277	0.01789	0.59977	0.23616	0.04286	0.01140	0.00592	0.00166	0.00245	0.01017	0.00519	0.00447
51	0.01150	0.14749	0.53371	0.01416	0.08207	0.01244	0.02884	0.01596	0.01063	0.07328	0.00931	0.01066	0.00683	0.00473	0.00466	0.00148	0.01895	0.00368	0.00241	0.00720
52	0.01217	0.01141	0.09525	0.25003	0.31575	0.01054	0.02503	0.03966	0.01135	0.10226	0.01077	0.01322	0.00813	0.00490	0.00478	0.00151	0.00577	0.00440	0.06619	0.00689
53	0.00933	0.00533	0.00653	0.00615	0.00695	0.00506	0.00405	0.01009	0.00954	0.13434	0.14650	0.09713	0.02295	0.49550	0.01712	0.00349	0.00411	0.00767	0.00400	0.00418
54	0.12229	0.00978	0.01663	0.49368	0.02766	0.01114	0.17834	0.01377	0.01011	0.03533	0.00909	0.01259	0.00681	0.00479	0.00500	0.00162	0.01766	0.00447	0.01348	0.00576
55	0.02418	0.01351	0.13987	0.16269	0.43916	0.02621	0.02618	0.03899	0.03162	0.01585	0.00932	0.01206	0.00743	0.00475	0.00512	0.00153	0.02761	0.00426	0.00248	0.00716
56	0.01687	0.01229	0.09523	0.07123	0.01696	0.01105	0.08725	0.27079	0.02622	0.28170	0.03142	0.01465	0.01034	0.02445	0.00547	0.00161	0.00546	0.00483	0.00453	0.00764
57	0.00702	0.00525	0.00780	0.00777	0.00867	0.00603	0.00603	0.00881	0.00835	0.01203	0.07125	0.02060	0.01482	0.03486	0.74816	0.00743	0.01236	0.00553	0.00284	0.00441
58	0.12512	0.01227	0.01315	0.13859	0.14592	0.16282	0.02042	0.09031	0.07587	0.01683	0.01198	0.02713	0.02708	0.00817	0.06444	0.00201	0.00645	0.04211	0.00315	0.00619

[dist]
# distance from previous block
# <min> <max>
0	3

[block]
# block no. 3 follows, 51 sequences, length 11
# corresponding to MSA columns:
# 537-547
name=unknown_D
#
# <colnr> <probs for GDERKNQSTAVLIFYWHMCP>
#	G	D	E	R	K	N	Q	S	T	A	V	L	I	F	Y	W	H	M	C	P
0	0.03806	0.00999	0.01212	0.00951	0.02831	0.02807	0.04124	0.14723	0.03725	0.21688	0.02591	0.02890	0.02164	0.00529	0.00447	0.00123	0.00441	0.00434	0.00418	0.33098
1	0.10228	0.59824	0.10293	0.00887	0.01319	0.01704	0.00903	0.01558	0.04765	0.03536	0.00802	0.00890	0.00678	0.00446	0.00344	0.00120	0.00521	0.00294	0.00245	0.00643
2	0.03103	0.00885	0.01205	0.09917	0.11195	0.02249	0.00866	0.07490	0.03174	0.36776	0.03024	0.13546	0.01446	0.00729	0.00513	0.00161	0.00459	0.02085	0.00471	0.00708
3	0.00647	0.00500	0.00589	0.00567	0.00704	0.00443	0.00425	0.00833	0.01275	0.01696	0.47658	0.04122	0.36554	0.01107	0.00580	0.00159	0.00239	0.00952	0.00505	0.00443
4	0.01180	0.01300	0.10196	0.06126	0.68323	0.01162	0.01535	0.01503	0.01105	0.01586	0.00918	0.01201	0.00757	0.00443	0.00485	0.00148	0.00602	0.00430	0.00238	0.00763
5	0.22502	0.62539	0.02113	0.00792	0.01184	0.01734	0.00764	0.01465	0.00958	0.01418	0.00683	0.00791	0.00606	0.00429	0.00313	0.00117	0.00489	0.00264	0.00234	0.00606
6	0.65032	0.00870	0.00755	0.00679	0.00958	0.00967	0.00546	0.01465	0.00920	0.11659	0.01095	0.11233	0.00960	0.00612	0.00368	0.00158	0.00373	0.00437	0.00361	0.00553
7	0.00695	0.00648	0.03216	0.00734	0.00934	0.00541	0.08601	0.00902	0.01219	0.01591	0.31165	0.03880	0.41928	0.01048	0.00577	0.00162	0.00318	0.00915	0.00457	0.00468
8	0.00730	0.00473	0.00564	0.00559	0.00574	0.00469	0.00335	0.00731	0.00788	0.01066	0.11042	0.03054	0.02019	0.62419	0.02191	0.11221	0.00440	0.00700	0.00317	0.00308
9	0.62339	0.00840	0.00721	0.00672	0.00917	0.00946	0.00542	0.01329	0.00876	0.04305	0.01071	0.01723	0.00998	0.10700	0.00628	0.00201	0.00402	0.09957	0.00331	0.00502
10	0.01732	0.00843	0.03423	0.00870	0.01174	0.00739	0.00711	0.09897	0.01374	0.49888	0.02019	0.21754	0.01666	0.00835	0.00526	0.00164	0.00407	0.00710	0.00546	0.00724

[dist]
# distance from previous block
# <min> <max>
3	23

[block]
# block no. 4 follows, 51 sequences, length 12
# corresponding to MSA columns:
# 582-593
name=unknown_E
#
# <colnr> <probs for GDERKNQSTAVLIFYWHMCP>
#	G	D	E	R	K	N	Q	S	T	A	V	L	I	F	Y	W	H	M	C	P
0	0.00743	0.00603	0.00681	0.00680	0.00780	0.05767	0.00494	0.00926	0.01262	0.01714	0.52198	0.26066	0.03974	0.01125	0.00584	0.00166	0.00290	0.00997	0.00498	0.00452
1	0.01752	0.07169	0.01487	0.06077	0.01589	0.42843	0.02535	0.12152	0.01431	0.12859	0.00988	0.01077	0.00749	0.00541	0.00512	0.00139	0.04751	0.00374	0.00330	0.00647
2	0.00749	0.00666	0.05933	0.00765	0.00884	0.00561	0.00589	0.08413	0.01094	0.01462	0.02574	0.64223	0.07484	0.01356	0.00600	0.00189	0.00337	0.01212	0.00443	0.00465
3	0.00695	0.00495	0.00615	0.00589	0.00674	0.00465	0.00412	0.00856	0.01184	0.01648	0.53494	0.03591	0.07423	0.24452	0.01131	0.00247	0.00303	0.00846	0.00467	0.00414
4	0.01618	0.01979	0.01425	0.01273	0.01454	0.58030	0.00986	0.01739	0.01209	0.01197	0.00727	0.00940	0.00636	0.00608	0.00779	0.00152	0.24098	0.00349	0.00242	0.00560
5	0.25675	0.56666	0.02002	0.00800	0.01181	0.04460	0.00756	0.01481	0.00966	0.01459	0.00686	0.00795	0.00603	0.00434	0.00317	0.00119	0.00496	0.00266	0.00239	0.00600
6	0.61653	0.00800	0.00679	0.00657	0.00882	0.00901	0.00510	0.01227	0.00866	0.01932	0.01265	0.24201	0.01312	0.00767	0.00397	0.00166	0.00353	0.00590	0.00348	0.00494
7	0.01035	0.00931	0.01158	0.00889	0.01201	0.00899	0.00724	0.01222	0.00943	0.01481	0.00808	0.01035	0.00704	0.00506	0.00722	0.00114	0.23726	0.00331	0.00269	0.61302
8	0.00689	0.00633	0.06581	0.00696	0.00832	0.00496	0.00563	0.00905	0.01236	0.01734	0.51537	0.26053	0.03939	0.01118	0.00585	0.00168	0.00284	0.00995	0.00492	0.00465
9	0.01408	0.01148	0.01215	0.01038	0.01348	0.01309	0.00823	0.24238	0.56848	0.02354	0.01765	0.01646	0.01310	0.00645	0.00498	0.00161	0.00432	0.00523	0.00498	0.00794
10	0.00750	0.06682	0.00834	0.00797	0.00907	0.00607	0.00650	0.00916	0.01040	0.01350	0.02571	0.30270	0.07392	0.01463	0.04843	0.00234	0.00436	0.37387	0.00426	0.00445
11	0.00934	0.00931	0.01617	0.01303	0.01555	0.02975	0.31450	0.01258	0.06872	0.01449	0.01989	0.28369	0.08314	0.00928	0.00649	0.00181	0.05235	0.03088	0.00357	0.00548

[dist]
# distance from previous block
# <min> <max>
0	9

[block]
# block no. 5 follows, 51 sequences, length 7
# corresponding to MSA columns:
# 603-609
name=unknown_F
#
# <colnr> <probs for GDERKNQSTAVLIFYWHMCP>
#	G	D	E	R	K	N	Q	S	T	A	V	L	I	F	Y	W	H	M	C	P
0	0.00625	0.00451	0.00588	0.00668	0.00721	0.00420	0.00462	0.00739	0.01021	0.01367	0.14440	0.59436	0.07929	0.04352	0.00687	0.00202	0.00289	0.04731	0.00463	0.00409
1	0.01226	0.63427	0.09228	0.13194	0.01661	0.01744	0.01006	0.01446	0.01000	0.01207	0.00730	0.00890	0.00634	0.00435	0.00355	0.00118	0.00563	0.00298	0.00211	0.00626
2	0.01704	0.01253	0.01371	0.01096	0.01447	0.01378	0.00912	0.66285	0.02131	0.02849	0.01397	0.01845	0.01139	0.00707	0.00520	0.00159	0.00527	0.12016	0.00486	0.00777
3	0.01185	0.00970	0.01336	0.11442	0.05092	0.03278	0.08904	0.13747	0.01237	0.05901	0.01169	0.05182	0.00976	0.01011	0.12710	0.00232	0.00644	0.00476	0.02956	0.21550
4	0.08582	0.08915	0.01709	0.01324	0.06617	0.05643	0.20552	0.15071	0.03609	0.01825	0.04528	0.13634	0.01295	0.00658	0.00498	0.00153	0.00558	0.00600	0.00346	0.03884
5	0.01358	0.01166	0.03532	0.09134	0.01593	0.04668	0.04602	0.32973	0.04791	0.02155	0.03292	0.09852	0.01160	0.00636	0.00486	0.00141	0.00511	0.00529	0.00393	0.17027
6	0.06852	0.19039	0.01853	0.04002	0.16165	0.02882	0.09086	0.21494	0.03494	0.04678	0.01006	0.01138	0.00781	0.00489	0.00442	0.00138	0.00555	0.00404	0.02482	0.03018

[dist]
# distance from previous block
# <min> <max>
0	288

# created by:
# /st0/software/busco_prod/Augustus/scripts/msa2prfl.pl ./align_prep/198012.fa
