[name]
unknown

[dist]
# distance from previous block
# <min> <max>
12	75

[block]
# block no. 0 follows, 46 sequences, length 21
# corresponding to MSA columns:
# 83-103
name=unknown_A
#
# <colnr> <probs for GDERKNQSTAVLIFYWHMCP>
#	G	D	E	R	K	N	Q	S	T	A	V	L	I	F	Y	W	H	M	C	P
0	0.01620	0.01162	0.01325	0.01095	0.01436	0.04335	0.03549	0.17802	0.29786	0.16902	0.01727	0.01697	0.01268	0.00979	0.08395	0.00232	0.00595	0.00533	0.00501	0.05059
1	0.01157	0.00732	0.00918	0.00837	0.01039	0.00719	0.00670	0.09325	0.05152	0.12918	0.36874	0.03675	0.05433	0.03037	0.00669	0.00190	0.00374	0.15120	0.00557	0.00606
2	0.05065	0.03753	0.03632	0.16904	0.06790	0.10266	0.26482	0.01578	0.01136	0.01533	0.00917	0.01256	0.00736	0.00554	0.00731	0.00174	0.13775	0.00484	0.00258	0.03976
3	0.00776	0.00580	0.00757	0.00745	0.00816	0.00638	0.00535	0.00924	0.02871	0.01202	0.01893	0.02839	0.09170	0.31378	0.39020	0.00621	0.03792	0.00691	0.00322	0.00428
4	0.00718	0.00512	0.00621	0.00655	0.00720	0.00486	0.00445	0.00804	0.01014	0.01332	0.10628	0.23309	0.17217	0.27288	0.04084	0.03660	0.00414	0.05264	0.00428	0.00402
5	0.09883	0.00909	0.05784	0.00922	0.01205	0.00788	0.08197	0.05235	0.01338	0.13160	0.24047	0.05945	0.14464	0.04983	0.00674	0.00188	0.00428	0.00769	0.00479	0.00604
6	0.01294	0.01067	0.01159	0.01001	0.01328	0.01150	0.00782	0.02457	0.57249	0.05125	0.04920	0.01883	0.01583	0.00669	0.00514	0.00160	0.00408	0.00557	0.00503	0.16191
7	0.01328	0.16672	0.09511	0.06616	0.12372	0.02851	0.31891	0.04347	0.01229	0.04084	0.01000	0.01261	0.00779	0.00491	0.00567	0.00162	0.03346	0.00490	0.00274	0.00728
8	0.00998	0.00940	0.01586	0.80150	0.03641	0.01175	0.01468	0.01351	0.01057	0.01351	0.00940	0.01409	0.00705	0.00529	0.00529	0.00176	0.00705	0.00470	0.00235	0.00587
9	0.01096	0.00940	0.01096	0.00783	0.01253	0.00705	0.00626	0.01331	0.01096	0.01723	0.00940	0.01096	0.00783	0.00392	0.00392	0.00078	0.00392	0.00313	0.00313	0.84653
10	0.00918	0.00459	0.00689	0.00689	0.00689	0.00459	0.00459	0.00689	0.00689	0.00918	0.00918	0.01607	0.00918	0.01837	0.02066	0.84619	0.00459	0.00459	0.00230	0.00230
11	0.00653	0.00466	0.00623	0.00746	0.00780	0.00437	0.00506	0.00751	0.01021	0.01359	0.02909	0.77977	0.03478	0.01648	0.00677	0.00216	0.00314	0.04517	0.00491	0.00432
12	0.09846	0.43240	0.02136	0.01259	0.10730	0.13801	0.00977	0.04370	0.03299	0.01538	0.00919	0.01169	0.00815	0.00526	0.00410	0.00136	0.00611	0.03259	0.00278	0.00682
13	0.00644	0.00460	0.00613	0.00736	0.00767	0.00429	0.00491	0.00736	0.01012	0.01350	0.02914	0.81076	0.03497	0.01656	0.00675	0.00215	0.00307	0.01503	0.00491	0.00429
14	0.00755	0.00566	0.00850	0.00850	0.00944	0.00661	0.00661	0.00944	0.00850	0.01227	0.01416	0.02077	0.01322	0.03965	0.79326	0.00850	0.01416	0.00566	0.00283	0.00472
15	0.76849	0.01172	0.00849	0.00762	0.01083	0.08986	0.00617	0.01610	0.00959	0.02264	0.00744	0.00868	0.00583	0.00496	0.00342	0.00161	0.00463	0.00292	0.00322	0.00577
16	0.00942	0.00797	0.00891	0.00918	0.07053	0.04207	0.00634	0.08584	0.03874	0.01897	0.29066	0.03732	0.33272	0.01056	0.00597	0.00169	0.00357	0.00895	0.00499	0.00561
17	0.01241	0.01325	0.01404	0.36583	0.02350	0.22786	0.01135	0.01463	0.01111	0.01285	0.00994	0.01518	0.00869	0.08926	0.07237	0.00258	0.08227	0.00471	0.00257	0.00558
18	0.00727	0.00540	0.00678	0.00643	0.00777	0.00490	0.00482	0.00957	0.01447	0.02003	0.65611	0.04141	0.17294	0.01124	0.00624	0.00168	0.00253	0.00983	0.00567	0.00490
19	0.01152	0.01124	0.01901	0.48506	0.14851	0.03001	0.13387	0.04459	0.01179	0.01552	0.00979	0.01371	0.00750	0.00507	0.00538	0.00169	0.00714	0.00487	0.00259	0.03112
20	0.01098	0.00921	0.01077	0.00789	0.01222	0.00721	0.00629	0.04293	0.01192	0.01827	0.08632	0.01388	0.01208	0.00470	0.00420	0.00090	0.00385	0.00384	0.00349	0.72906

[dist]
# distance from previous block
# <min> <max>
9	13

[block]
# block no. 1 follows, 46 sequences, length 7
# corresponding to MSA columns:
# 117-123
name=unknown_B
#
# <colnr> <probs for GDERKNQSTAVLIFYWHMCP>
#	G	D	E	R	K	N	Q	S	T	A	V	L	I	F	Y	W	H	M	C	P
0	0.01363	0.70572	0.13500	0.00990	0.01488	0.01970	0.01053	0.01596	0.01080	0.01305	0.00765	0.00886	0.00677	0.00459	0.00362	0.00121	0.00596	0.00298	0.00226	0.00693
1	0.01284	0.01045	0.01311	0.01003	0.01411	0.00954	0.06752	0.13700	0.09858	0.04534	0.01350	0.08290	0.01152	0.00591	0.00478	0.00125	0.00460	0.00508	0.00397	0.44798
2	0.02279	0.01049	0.01319	0.01011	0.01424	0.00998	0.00835	0.21493	0.01762	0.59221	0.01876	0.01663	0.01204	0.00649	0.00531	0.00162	0.00484	0.00517	0.00622	0.00900
3	0.00687	0.00506	0.00660	0.00741	0.00813	0.00456	0.00504	0.00793	0.01020	0.01385	0.02724	0.73401	0.03236	0.01535	0.00648	0.00202	0.00315	0.01389	0.00474	0.08511
4	0.00631	0.00513	0.00559	0.00597	0.00730	0.00441	0.00429	0.00752	0.01146	0.01404	0.04610	0.28281	0.55197	0.01436	0.00640	0.00190	0.00280	0.01234	0.00491	0.00441
5	0.01231	0.01281	0.01608	0.01386	0.01410	0.08681	0.01144	0.01349	0.00872	0.01274	0.00705	0.01138	0.00693	0.00891	0.01621	0.00223	0.73227	0.00452	0.00235	0.00581
6	0.01046	0.00951	0.01603	0.52987	0.07401	0.01122	0.08001	0.01376	0.01076	0.01487	0.01052	0.01470	0.00813	0.00552	0.00582	0.00171	0.05094	0.00487	0.12129	0.00599

[dist]
# distance from previous block
# <min> <max>
0	1

[block]
# block no. 2 follows, 46 sequences, length 33
# corresponding to MSA columns:
# 125-157
name=unknown_C
#
# <colnr> <probs for GDERKNQSTAVLIFYWHMCP>
#	G	D	E	R	K	N	Q	S	T	A	V	L	I	F	Y	W	H	M	C	P
0	0.00653	0.00467	0.00624	0.00747	0.00781	0.00437	0.00507	0.00752	0.01021	0.01360	0.02909	0.77778	0.03477	0.01648	0.00677	0.00216	0.00315	0.04710	0.00491	0.00432
1	0.01150	0.00972	0.01125	0.00809	0.01276	0.00760	0.00649	0.05781	0.01179	0.01818	0.00959	0.01106	0.00790	0.00406	0.00400	0.00083	0.00403	0.00323	0.00326	0.79685
2	0.01367	0.71415	0.12690	0.00983	0.01479	0.01979	0.01042	0.01595	0.01080	0.01300	0.00763	0.00883	0.00677	0.00459	0.00361	0.00120	0.00594	0.00297	0.00226	0.00692
3	0.01100	0.11569	0.70194	0.01439	0.02184	0.01324	0.01836	0.01664	0.01111	0.01626	0.00925	0.01086	0.00671	0.00497	0.00484	0.00161	0.00757	0.00379	0.00224	0.00770
4	0.00649	0.00467	0.00607	0.00716	0.00754	0.00435	0.00477	0.00739	0.01011	0.01337	0.02993	0.72494	0.07827	0.05826	0.00778	0.00228	0.00315	0.01441	0.00482	0.00425
5	0.00651	0.00465	0.00621	0.00743	0.00777	0.00435	0.00502	0.00747	0.01018	0.01357	0.02910	0.78758	0.03482	0.01650	0.00676	0.00216	0.00312	0.03757	0.00491	0.00431
6	0.00881	0.00663	0.00835	0.00775	0.00825	0.00717	0.02752	0.05282	0.00928	0.01258	0.01747	0.11849	0.03752	0.53009	0.03411	0.00414	0.09344	0.00802	0.00344	0.00413
7	0.01060	0.02735	0.78682	0.01507	0.02288	0.01228	0.01953	0.01674	0.01116	0.01674	0.00949	0.01116	0.00670	0.00502	0.00502	0.00167	0.00781	0.00391	0.00223	0.00781
8	0.00690	0.00538	0.00626	0.00604	0.00754	0.00474	0.00453	0.00885	0.01359	0.01793	0.43581	0.04487	0.39456	0.01203	0.00624	0.00172	0.00258	0.01032	0.00539	0.00474
9	0.00762	0.00510	0.00579	0.00585	0.00587	0.00508	0.00330	0.00767	0.00782	0.01043	0.01735	0.07788	0.02010	0.76973	0.02578	0.00496	0.00501	0.00810	0.00330	0.00326
10	0.03891	0.00979	0.01186	0.00984	0.01315	0.00981	0.00800	0.17285	0.11410	0.35699	0.06038	0.07114	0.01733	0.00811	0.00558	0.00175	0.00455	0.07214	0.00577	0.00796
11	0.01029	0.00971	0.01641	0.72485	0.11065	0.01183	0.01484	0.01378	0.01072	0.01388	0.00945	0.01399	0.00718	0.00523	0.00528	0.00174	0.00697	0.00470	0.00238	0.00612
12	0.00938	0.00644	0.00864	0.00945	0.01085	0.00646	0.00798	0.01251	0.06726	0.05637	0.02776	0.13754	0.04330	0.01383	0.00698	0.00230	0.00456	0.55812	0.00500	0.00527
13	0.01653	0.02650	0.01369	0.01121	0.01465	0.07813	0.00901	0.32890	0.27724	0.05373	0.01651	0.03024	0.01284	0.00701	0.00530	0.00165	0.00531	0.03985	0.01865	0.03303
14	0.01163	0.00979	0.01132	0.00815	0.01281	0.00774	0.00654	0.06853	0.01198	0.01841	0.00964	0.01109	0.00792	0.00409	0.00402	0.00084	0.00406	0.00325	0.00329	0.78489
15	0.00756	0.00564	0.00837	0.00837	0.00928	0.00654	0.00646	0.00936	0.00846	0.01218	0.01427	0.02139	0.01349	0.07432	0.75896	0.00835	0.01376	0.00575	0.00285	0.00465
16	0.01450	0.23769	0.03089	0.01058	0.01407	0.07438	0.00895	0.11868	0.34523	0.01940	0.01460	0.01466	0.01142	0.00745	0.02861	0.02703	0.00559	0.00466	0.00407	0.00754
17	0.00656	0.00468	0.00627	0.00749	0.00785	0.00439	0.00511	0.00756	0.01023	0.01362	0.02907	0.76947	0.03472	0.01645	0.00678	0.00216	0.00317	0.05519	0.00491	0.00433
18	0.85155	0.01022	0.00777	0.00695	0.01022	0.01186	0.00573	0.01554	0.00900	0.02372	0.00736	0.00859	0.00573	0.00491	0.00327	0.00164	0.00409	0.00286	0.00327	0.00573
19	0.01060	0.01002	0.01697	0.64873	0.18437	0.01191	0.01499	0.01405	0.01086	0.01425	0.00951	0.01389	0.00731	0.00517	0.00528	0.00172	0.00689	0.00470	0.00240	0.00637
20	0.04835	0.00903	0.01213	0.00933	0.01340	0.00789	0.00771	0.02546	0.01495	0.76224	0.02045	0.01771	0.01287	0.00649	0.00526	0.00164	0.00449	0.00524	0.00645	0.00890
21	0.02168	0.01030	0.01293	0.01015	0.01407	0.00989	0.00842	0.21650	0.01745	0.53395	0.01925	0.01962	0.01327	0.00707	0.00545	0.00168	0.00487	0.05866	0.00610	0.00870
22	0.00995	0.00512	0.00514	0.00510	0.00639	0.00517	0.00383	0.01279	0.03379	0.01978	0.01737	0.01971	0.01363	0.00619	0.00375	0.00125	0.00252	0.00496	0.81854	0.00503
23	0.00748	0.00540	0.00707	0.00665	0.00790	0.00499	0.00499	0.00998	0.01496	0.02120	0.77844	0.03949	0.04988	0.01081	0.00624	0.00166	0.00249	0.00956	0.00582	0.00499
24	0.00985	0.00493	0.00493	0.00493	0.00616	0.00493	0.00370	0.01232	0.01109	0.01971	0.01725	0.01971	0.01355	0.00616	0.00370	0.00123	0.00246	0.00493	0.84356	0.00493
25	0.00998	0.00940	0.01586	0.80150	0.03641	0.01175	0.01468	0.01351	0.01057	0.01351	0.00940	0.01409	0.00705	0.00529	0.00529	0.00176	0.00705	0.00470	0.00235	0.00587
26	0.01308	0.01256	0.02146	0.03245	0.78123	0.01256	0.01622	0.01622	0.01204	0.01727	0.00994	0.01308	0.00837	0.00471	0.00523	0.00157	0.00628	0.00471	0.00262	0.00837
27	0.00918	0.00459	0.00689	0.00689	0.00689	0.00459	0.00459	0.00689	0.00689	0.00918	0.00918	0.01607	0.00918	0.01837	0.02066	0.84619	0.00459	0.00459	0.00230	0.00230
28	0.01069	0.01011	0.01712	0.62745	0.20497	0.01193	0.01503	0.01412	0.01090	0.01436	0.00952	0.01387	0.00735	0.00516	0.00527	0.00172	0.00687	0.00470	0.00241	0.00644
29	0.00794	0.00629	0.00870	0.00866	0.00966	0.03169	0.00672	0.00981	0.00870	0.01229	0.01397	0.02041	0.01301	0.03856	0.76811	0.00827	0.01401	0.00559	0.00283	0.00477
30	0.01430	0.01097	0.01196	0.01062	0.01368	0.01234	0.00838	0.05602	0.62238	0.10278	0.02144	0.02136	0.01628	0.00746	0.00547	0.00180	0.00432	0.04470	0.00547	0.00828
31	0.00848	0.00599	0.00669	0.00636	0.00825	0.00533	0.00482	0.01080	0.05437	0.08805	0.16902	0.08452	0.50365	0.01214	0.00614	0.00177	0.00292	0.01026	0.00524	0.00518
32	0.01005	0.00949	0.01587	0.76625	0.03540	0.01194	0.01454	0.01347	0.01046	0.01347	0.00929	0.01398	0.00704	0.00546	0.00583	0.00179	0.04274	0.00469	0.00235	0.00587

[dist]
# distance from previous block
# <min> <max>
0	1

[block]
# block no. 3 follows, 46 sequences, length 22
# corresponding to MSA columns:
# 159-176,182-185
name=unknown_D
#
# <colnr> <probs for GDERKNQSTAVLIFYWHMCP>
#	G	D	E	R	K	N	Q	S	T	A	V	L	I	F	Y	W	H	M	C	P
0	0.01911	0.02411	0.01462	0.01340	0.01604	0.74840	0.01012	0.02053	0.01482	0.01310	0.00929	0.01237	0.00815	0.00597	0.00491	0.00142	0.00927	0.04546	0.00285	0.00606
1	0.01096	0.00940	0.01096	0.00783	0.01253	0.00705	0.00626	0.01331	0.01096	0.01723	0.00940	0.01096	0.00783	0.00392	0.00392	0.00078	0.00392	0.00313	0.00313	0.84653
2	0.01216	0.00842	0.00953	0.00837	0.01065	0.03547	0.00653	0.10689	0.10335	0.12309	0.36925	0.04819	0.10229	0.00953	0.00588	0.00169	0.00369	0.02307	0.00557	0.00638
3	0.00716	0.00492	0.00601	0.00652	0.00668	0.00482	0.00403	0.00761	0.00874	0.01168	0.02183	0.36100	0.02566	0.45371	0.04278	0.00398	0.00455	0.01071	0.00391	0.00371
4	0.00918	0.00459	0.00689	0.00689	0.00689	0.00459	0.00459	0.00689	0.00689	0.00918	0.00918	0.01607	0.00918	0.01837	0.02066	0.84619	0.00459	0.00459	0.00230	0.00230
5	0.01018	0.00978	0.01707	0.73996	0.03572	0.01187	0.07370	0.01378	0.01072	0.01378	0.00950	0.01411	0.00712	0.00522	0.00536	0.00176	0.00719	0.00482	0.00237	0.00597
6	0.05560	0.01710	0.01323	0.03069	0.01501	0.37927	0.00897	0.10901	0.03841	0.13805	0.01344	0.04106	0.03172	0.00767	0.03675	0.00177	0.00733	0.00466	0.00389	0.04638
7	0.02291	0.00879	0.01198	0.00931	0.01322	0.00761	0.00764	0.02490	0.01490	0.74856	0.02125	0.05533	0.01412	0.00702	0.00538	0.00166	0.00443	0.00577	0.00647	0.00878
8	0.00985	0.00493	0.00493	0.00493	0.00616	0.00493	0.00370	0.01232	0.01109	0.01971	0.01725	0.01971	0.01355	0.00616	0.00370	0.00123	0.00246	0.00493	0.84356	0.00493
9	0.00644	0.00460	0.00613	0.00736	0.00767	0.00429	0.00491	0.00736	0.01012	0.01350	0.02914	0.81076	0.03497	0.01656	0.00675	0.00215	0.00307	0.01503	0.00491	0.00429
10	0.01296	0.01243	0.02123	0.06347	0.75119	0.01253	0.01616	0.01611	0.01198	0.01712	0.00992	0.01312	0.00832	0.00473	0.00524	0.00158	0.00631	0.00471	0.00261	0.00827
11	0.05219	0.00979	0.01173	0.00966	0.01323	0.00980	0.00778	0.02557	0.29388	0.44596	0.02172	0.01942	0.04095	0.00695	0.00529	0.00170	0.00430	0.00567	0.00593	0.00847
12	0.00918	0.00459	0.00689	0.00689	0.00689	0.00459	0.00459	0.00689	0.00689	0.00918	0.00918	0.01607	0.00918	0.01837	0.02066	0.84619	0.00459	0.00459	0.00230	0.00230
13	0.01248	0.01426	0.03119	0.02228	0.02763	0.01337	0.76203	0.01693	0.01248	0.01693	0.01070	0.01426	0.00802	0.00446	0.00624	0.00178	0.00891	0.00624	0.00267	0.00713
14	0.00918	0.00675	0.00896	0.11502	0.01307	0.00705	0.00721	0.01293	0.12129	0.05813	0.13842	0.33349	0.05242	0.01199	0.00624	0.00196	0.00392	0.08158	0.00485	0.00552
15	0.01782	0.01331	0.01369	0.01102	0.01444	0.08000	0.00890	0.44000	0.05721	0.10916	0.01689	0.01728	0.07084	0.02900	0.03132	0.00193	0.03348	0.00537	0.02046	0.00789
16	0.78589	0.01059	0.00841	0.00736	0.01071	0.01222	0.00607	0.07462	0.01025	0.02448	0.00778	0.00891	0.00598	0.00502	0.00343	0.00163	0.00423	0.00301	0.00343	0.00598
17	0.01024	0.00718	0.02815	0.05284	0.01146	0.00651	0.00681	0.01308	0.04220	0.11809	0.33538	0.07875	0.07079	0.01220	0.06810	0.00224	0.00445	0.06080	0.00501	0.06576
18	0.01056	0.01226	0.22008	0.01011	0.01373	0.00771	0.05210	0.01389	0.01324	0.11888	0.31401	0.07792	0.09574	0.00892	0.00582	0.00171	0.00461	0.00778	0.00462	0.00631
19	0.04208	0.04271	0.53828	0.01330	0.01978	0.01189	0.01578	0.01928	0.09291	0.13561	0.01239	0.01297	0.00866	0.00547	0.00500	0.00167	0.00673	0.00428	0.00327	0.00796
20	0.01975	0.02520	0.01498	0.01362	0.01634	0.79299	0.01021	0.02111	0.01498	0.01294	0.00817	0.00953	0.00681	0.00545	0.00477	0.00136	0.00953	0.00340	0.00272	0.00613
21	0.00794	0.00706	0.05274	0.05568	0.01149	0.00702	0.00751	0.01018	0.00934	0.01348	0.07413	0.02163	0.01554	0.05244	0.59555	0.00686	0.01186	0.00584	0.02875	0.00495

[dist]
# distance from previous block
# <min> <max>
0	1

[block]
# block no. 4 follows, 46 sequences, length 83
# corresponding to MSA columns:
# 187-228,233-238,240-274
name=unknown_E
#
# <colnr> <probs for GDERKNQSTAVLIFYWHMCP>
#	G	D	E	R	K	N	Q	S	T	A	V	L	I	F	Y	W	H	M	C	P
0	0.00747	0.00549	0.00663	0.02157	0.00872	0.00499	0.00539	0.00899	0.01173	0.04231	0.07566	0.24448	0.36986	0.02640	0.00683	0.00203	0.00333	0.13850	0.00493	0.00468
1	0.00766	0.00501	0.00644	0.00696	0.00776	0.00470	0.00493	0.00927	0.01172	0.03591	0.22807	0.46184	0.03549	0.01336	0.00619	0.00189	0.00292	0.03017	0.11502	0.00470
2	0.01251	0.01283	0.02581	0.16159	0.02706	0.01296	0.51390	0.03987	0.01221	0.04196	0.01059	0.01418	0.00800	0.00535	0.00703	0.02132	0.05744	0.00574	0.00280	0.00683
3	0.01737	0.01244	0.03969	0.01151	0.02960	0.01265	0.03296	0.45489	0.01945	0.12721	0.01566	0.09950	0.01294	0.06009	0.00684	0.00188	0.00540	0.00613	0.02589	0.00790
4	0.01153	0.01100	0.01711	0.04910	0.37784	0.05447	0.08528	0.02734	0.01222	0.01651	0.05134	0.16496	0.01701	0.00812	0.00582	0.00177	0.00585	0.07247	0.00344	0.00683
5	0.00756	0.00565	0.00842	0.00842	0.00933	0.00656	0.00651	0.00939	0.00847	0.01221	0.01423	0.02117	0.01339	0.06219	0.77096	0.00840	0.01390	0.00572	0.00284	0.00468
6	0.09205	0.42817	0.26607	0.01087	0.01609	0.01648	0.01203	0.01600	0.01066	0.02991	0.00850	0.01000	0.00699	0.00601	0.02986	0.00163	0.02591	0.00336	0.00245	0.00696
7	0.57842	0.01148	0.01020	0.00856	0.01206	0.01309	0.00704	0.23251	0.02688	0.02624	0.00929	0.01022	0.00701	0.00608	0.02024	0.00177	0.00480	0.00352	0.00388	0.00670
8	0.02010	0.01481	0.01587	0.01216	0.01639	0.01639	0.01005	0.76360	0.02486	0.03332	0.01269	0.01269	0.00899	0.00635	0.00529	0.00159	0.00582	0.00476	0.00529	0.00899
9	0.00918	0.00459	0.00689	0.00689	0.00689	0.00459	0.00459	0.00689	0.00689	0.00918	0.00918	0.01607	0.00918	0.01837	0.02066	0.84619	0.00459	0.00459	0.00230	0.00230
10	0.01006	0.00947	0.01599	0.78276	0.05456	0.01177	0.01472	0.01357	0.01061	0.01360	0.00941	0.01407	0.00708	0.00527	0.00528	0.00176	0.00703	0.00470	0.00236	0.00593
11	0.01316	0.01216	0.02065	0.10054	0.68899	0.01233	0.01580	0.01630	0.01201	0.04248	0.01026	0.01334	0.00841	0.00482	0.00524	0.00159	0.00629	0.00473	0.00272	0.00817
12	0.00852	0.00608	0.00852	0.00974	0.01095	0.00608	0.00852	0.01095	0.01217	0.01582	0.02799	0.05963	0.03042	0.01460	0.00730	0.00243	0.00487	0.74565	0.00487	0.00487
13	0.00904	0.00464	0.00678	0.00678	0.00678	0.00464	0.00446	0.00697	0.00697	0.00929	0.00991	0.01788	0.01016	0.09610	0.02127	0.76404	0.00464	0.00489	0.00238	0.00238
14	0.00712	0.00537	0.00710	0.00787	0.00839	0.00542	0.00559	0.00859	0.02671	0.01447	0.09557	0.60921	0.05549	0.01517	0.00738	0.00211	0.05530	0.05373	0.00483	0.00458
15	0.00961	0.05233	0.08866	0.01117	0.01356	0.00882	0.12670	0.07599	0.01178	0.01591	0.02065	0.45486	0.02283	0.01181	0.00680	0.01800	0.03036	0.01049	0.00405	0.00563
16	0.00998	0.00940	0.01586	0.80150	0.03641	0.01175	0.01468	0.01351	0.01057	0.01351	0.00940	0.01409	0.00705	0.00529	0.00529	0.00176	0.00705	0.00470	0.00235	0.00587
17	0.01155	0.00974	0.01128	0.00811	0.01278	0.00764	0.00651	0.06119	0.01185	0.01825	0.00961	0.01107	0.00790	0.00407	0.00400	0.00083	0.00404	0.00324	0.00327	0.79308
18	0.00998	0.00940	0.01586	0.80150	0.03641	0.01175	0.01468	0.01351	0.01057	0.01351	0.00940	0.01409	0.00705	0.00529	0.00529	0.00176	0.00705	0.00470	0.00235	0.00587
19	0.00718	0.00526	0.00632	0.00644	0.00770	0.00468	0.00468	0.00880	0.01256	0.03715	0.28296	0.25447	0.31611	0.01323	0.00636	0.00184	0.00277	0.01154	0.00525	0.00471
20	0.01012	0.00966	0.01670	0.75866	0.03593	0.01183	0.05577	0.01370	0.01068	0.01370	0.00947	0.01410	0.00710	0.00524	0.00534	0.00176	0.00715	0.00478	0.00237	0.00594
21	0.01234	0.01076	0.01071	0.00976	0.01223	0.06502	0.00746	0.04079	0.48425	0.03060	0.02318	0.02476	0.09689	0.09642	0.03087	0.00233	0.00485	0.02489	0.00484	0.00707
22	0.01413	0.81739	0.02770	0.00905	0.01357	0.02092	0.00905	0.01583	0.01074	0.01244	0.00735	0.00848	0.00678	0.00452	0.00339	0.00113	0.00565	0.00283	0.00226	0.00678
23	0.85155	0.01022	0.00777	0.00695	0.01022	0.01186	0.00573	0.01554	0.00900	0.02372	0.00736	0.00859	0.00573	0.00491	0.00327	0.00164	0.00409	0.00286	0.00327	0.00573
24	0.00650	0.00485	0.00604	0.00683	0.00757	0.00440	0.00471	0.00767	0.01104	0.01443	0.10800	0.55878	0.20941	0.01526	0.00658	0.00202	0.00292	0.01359	0.00500	0.00440
25	0.00755	0.00566	0.00850	0.00850	0.00944	0.00661	0.00661	0.00944	0.00850	0.01227	0.01416	0.02077	0.01322	0.03965	0.79326	0.00850	0.01416	0.00566	0.00283	0.00472
26	0.00780	0.00547	0.00717	0.00671	0.00801	0.00504	0.00504	0.01029	0.01497	0.03629	0.76347	0.03906	0.04915	0.01072	0.00622	0.00166	0.00253	0.00948	0.00583	0.00507
27	0.02010	0.01481	0.01587	0.01216	0.01639	0.01639	0.01005	0.76360	0.02486	0.03332	0.01269	0.01269	0.00899	0.00635	0.00529	0.00159	0.00582	0.00476	0.00529	0.00899
28	0.00998	0.00940	0.01586	0.80150	0.03641	0.01175	0.01468	0.01351	0.01057	0.01351	0.00940	0.01409	0.00705	0.00529	0.00529	0.00176	0.00705	0.00470	0.00235	0.00587
29	0.01975	0.02520	0.01498	0.01362	0.01634	0.79299	0.01021	0.02111	0.01498	0.01294	0.00817	0.00953	0.00681	0.00545	0.00477	0.00136	0.00953	0.00340	0.00272	0.00613
30	0.01315	0.01136	0.01195	0.01076	0.01375	0.01315	0.00837	0.02809	0.77168	0.02211	0.02152	0.01972	0.01614	0.00717	0.00538	0.00179	0.00418	0.00598	0.00538	0.00837
31	0.00755	0.00566	0.00850	0.00850	0.00944	0.00661	0.00661	0.00944	0.00850	0.01227	0.01416	0.02077	0.01322	0.03965	0.79326	0.00850	0.01416	0.00566	0.00283	0.00472
32	0.00637	0.00536	0.00552	0.00548	0.00721	0.00451	0.00411	0.00782	0.01233	0.01496	0.12436	0.04976	0.70786	0.01314	0.00625	0.00177	0.00266	0.01100	0.00500	0.00451
33	0.01058	0.01011	0.01647	0.57867	0.10494	0.01266	0.01425	0.01363	0.01025	0.01373	0.00899	0.01352	0.00716	0.00597	0.00754	0.00185	0.15654	0.00469	0.00237	0.00610
34	0.01945	0.00980	0.01204	0.00985	0.01347	0.00971	0.00793	0.02630	0.29660	0.48530	0.03678	0.01908	0.01498	0.00687	0.00536	0.00169	0.00434	0.00565	0.00610	0.00868
35	0.85155	0.01022	0.00777	0.00695	0.01022	0.01186	0.00573	0.01554	0.00900	0.02372	0.00736	0.00859	0.00573	0.00491	0.00327	0.00164	0.00409	0.00286	0.00327	0.00573
36	0.00730	0.00554	0.00674	0.00641	0.00785	0.00506	0.00482	0.00980	0.03364	0.01938	0.56556	0.04202	0.24359	0.01140	0.00622	0.00170	0.00259	0.00989	0.00557	0.00493
37	0.02173	0.00931	0.01240	0.04747	0.01462	0.00864	0.00818	0.02547	0.11030	0.65183	0.02039	0.01803	0.01318	0.00656	0.00532	0.00166	0.00458	0.00537	0.00620	0.00877
38	0.01060	0.02735	0.78682	0.01507	0.02288	0.01228	0.01953	0.01674	0.01116	0.01674	0.00949	0.01116	0.00670	0.00502	0.00502	0.00167	0.00781	0.00391	0.00223	0.00781
39	0.00918	0.00459	0.00689	0.00689	0.00689	0.00459	0.00459	0.00689	0.00689	0.00918	0.00918	0.01607	0.00918	0.01837	0.02066	0.84619	0.00459	0.00459	0.00230	0.00230
40	0.01310	0.01292	0.02147	0.04062	0.51760	0.03134	0.13779	0.01809	0.11940	0.01773	0.01165	0.01415	0.00935	0.00504	0.00541	0.00163	0.00651	0.00511	0.00301	0.00807
41	0.00865	0.00569	0.00673	0.00630	0.00782	0.00509	0.00461	0.01027	0.01272	0.09146	0.31395	0.04075	0.30782	0.14367	0.00956	0.00228	0.00319	0.00942	0.00513	0.00489
42	0.01355	0.01168	0.01396	0.09092	0.11465	0.01327	0.01017	0.10135	0.52255	0.02181	0.01793	0.01759	0.01351	0.00659	0.00534	0.00174	0.00490	0.00556	0.00472	0.00819
43	0.01800	0.02188	0.01668	0.01856	0.21705	0.58821	0.01179	0.01983	0.01421	0.01408	0.00864	0.01047	0.00722	0.00525	0.00489	0.00142	0.00868	0.00375	0.00270	0.00672
44	0.01221	0.01025	0.01160	0.00874	0.01311	0.00897	0.00698	0.08903	0.13762	0.01960	0.01171	0.01257	0.00931	0.00469	0.00429	0.00103	0.00415	0.00376	0.00371	0.62666
45	0.00748	0.00540	0.00707	0.00665	0.00790	0.00499	0.00499	0.00998	0.01496	0.02120	0.77844	0.03949	0.04988	0.01081	0.00624	0.00166	0.00249	0.00956	0.00582	0.00499
46	0.01291	0.01381	0.01599	0.01384	0.01429	0.14414	0.01134	0.01410	0.00923	0.01276	0.00714	0.01123	0.00692	0.00863	0.01528	0.00216	0.67358	0.00443	0.00238	0.00584
47	0.00689	0.00513	0.00641	0.00661	0.00767	0.00465	0.00476	0.00864	0.01280	0.01728	0.38618	0.29131	0.19585	0.01320	0.00640	0.00184	0.00272	0.01166	0.00534	0.00465
48	0.00796	0.00551	0.00722	0.00673	0.00806	0.00507	0.00507	0.01044	0.01497	0.04355	0.75627	0.03886	0.04880	0.01068	0.00621	0.00166	0.00255	0.00944	0.00584	0.00511
49	0.00962	0.00497	0.00514	0.00510	0.00633	0.00493	0.00382	0.01209	0.01147	0.01985	0.09160	0.02164	0.01710	0.00661	0.00394	0.00127	0.00247	0.00538	0.76173	0.00493
50	0.00771	0.00556	0.00834	0.00834	0.00919	0.00641	0.00641	0.00919	0.00834	0.01197	0.01367	0.02031	0.01282	0.03757	0.71779	0.09032	0.01323	0.00556	0.00278	0.00448
51	0.00760	0.00547	0.00753	0.00753	0.00814	0.00608	0.00540	0.00882	0.00821	0.01156	0.01504	0.02567	0.01534	0.31398	0.52184	0.00730	0.01096	0.00638	0.00296	0.00418
52	0.00998	0.00940	0.01586	0.80150	0.03641	0.01175	0.01468	0.01351	0.01057	0.01351	0.00940	0.01409	0.00705	0.00529	0.00529	0.00176	0.00705	0.00470	0.00235	0.00587
53	0.00755	0.00566	0.00850	0.00850	0.00944	0.00661	0.00661	0.00944	0.00850	0.01227	0.01416	0.02077	0.01322	0.03965	0.79326	0.00850	0.01416	0.00566	0.00283	0.00472
54	0.00691	0.00518	0.00651	0.00736	0.00831	0.00478	0.00553	0.00833	0.01123	0.01441	0.04926	0.40643	0.23984	0.01511	0.00673	0.00211	0.00338	0.18917	0.00492	0.00449
55	0.01007	0.00948	0.01601	0.78072	0.05654	0.01177	0.01472	0.01358	0.01061	0.01361	0.00941	0.01407	0.00708	0.00527	0.00528	0.00176	0.00703	0.00470	0.00236	0.00594
56	0.00769	0.00513	0.00577	0.00577	0.00577	0.00513	0.00320	0.00769	0.00769	0.01025	0.01666	0.03460	0.01922	0.81421	0.02691	0.00513	0.00513	0.00769	0.00320	0.00320
57	0.00814	0.00591	0.00736	0.00727	0.00791	0.00642	0.00497	0.01030	0.08266	0.01221	0.01654	0.04683	0.01714	0.43823	0.29935	0.00594	0.00823	0.00697	0.00332	0.00428
58	0.01117	0.00952	0.01107	0.00793	0.01262	0.00726	0.00635	0.03044	0.01128	0.01759	0.00947	0.01100	0.00786	0.00397	0.00395	0.00080	0.00396	0.00317	0.00318	0.82741
59	0.10112	0.01526	0.01490	0.01176	0.01573	0.08903	0.00960	0.60380	0.03943	0.03020	0.01195	0.01215	0.00863	0.00614	0.00504	0.00157	0.00596	0.00447	0.00485	0.00839
60	0.85155	0.01022	0.00777	0.00695	0.01022	0.01186	0.00573	0.01554	0.00900	0.02372	0.00736	0.00859	0.00573	0.00491	0.00327	0.00164	0.00409	0.00286	0.00327	0.00573
61	0.01100	0.01043	0.01769	0.55003	0.27996	0.01201	0.01519	0.01440	0.01105	0.01474	0.00958	0.01376	0.00748	0.00510	0.00527	0.00170	0.00680	0.00470	0.00244	0.00669
62	0.00755	0.00515	0.00573	0.00573	0.00590	0.00506	0.00328	0.00768	0.00811	0.01064	0.02026	0.03619	0.09344	0.73599	0.02489	0.00480	0.00489	0.00803	0.00337	0.00333
63	0.00643	0.00463	0.00610	0.00728	0.00765	0.00430	0.00487	0.00737	0.01020	0.01353	0.03018	0.77818	0.06687	0.01643	0.00673	0.00213	0.00305	0.01486	0.00491	0.00430
64	0.00755	0.00566	0.00850	0.00850	0.00944	0.00661	0.00661	0.00944	0.00850	0.01227	0.01416	0.02077	0.01322	0.03965	0.79326	0.00850	0.01416	0.00566	0.00283	0.00472
65	0.01308	0.01256	0.02146	0.03245	0.78123	0.01256	0.01622	0.01622	0.01204	0.01727	0.00994	0.01308	0.00837	0.00471	0.00523	0.00157	0.00628	0.00471	0.00262	0.00837
66	0.01508	0.01755	0.01197	0.01098	0.01350	0.44782	0.00829	0.01889	0.14959	0.01510	0.04071	0.02186	0.19157	0.00776	0.00526	0.00155	0.00678	0.00585	0.00379	0.00611
67	0.01948	0.01450	0.01552	0.01204	0.01616	0.01611	0.00990	0.69822	0.09125	0.03232	0.01348	0.01332	0.00963	0.00642	0.00530	0.00160	0.00567	0.00487	0.00530	0.00894
68	0.01758	0.01291	0.01423	0.01074	0.01511	0.01320	0.00881	0.50458	0.02026	0.06643	0.01213	0.01245	0.00885	0.00564	0.00488	0.00135	0.00519	0.00431	0.00471	0.25663
69	0.01173	0.06585	0.04444	0.01817	0.02207	0.01330	0.48277	0.01512	0.01137	0.01558	0.01191	0.09162	0.01073	0.00662	0.00794	0.00187	0.14027	0.01920	0.00283	0.00659
70	0.01238	0.01178	0.01972	0.20722	0.57425	0.01240	0.01550	0.01617	0.04804	0.01664	0.01037	0.01363	0.00844	0.00496	0.00525	0.00162	0.00636	0.00477	0.00269	0.00780
71	0.00692	0.00517	0.00643	0.00657	0.00767	0.00468	0.00475	0.00873	0.01298	0.01754	0.41125	0.25781	0.20414	0.01298	0.00638	0.00182	0.00269	0.01144	0.00537	0.00468
72	0.01412	0.01221	0.02056	0.03020	0.70624	0.01209	0.01540	0.01716	0.01234	0.09225	0.01101	0.01356	0.00883	0.00489	0.00524	0.00158	0.00611	0.00477	0.00300	0.00843
73	0.01261	0.56445	0.19235	0.01020	0.01504	0.01740	0.01095	0.01520	0.01077	0.01349	0.00995	0.08743	0.00952	0.00581	0.00408	0.00135	0.00588	0.00426	0.00251	0.00677
74	0.00938	0.00583	0.00763	0.00694	0.00854	0.00530	0.00529	0.01178	0.01489	0.11185	0.66523	0.03729	0.06870	0.01038	0.00613	0.00166	0.00274	0.00911	0.00588	0.00545
75	0.01610	0.00750	0.01007	0.00840	0.01116	0.00688	0.00671	0.01875	0.04162	0.41562	0.28448	0.02582	0.02604	0.01129	0.08260	0.00232	0.00473	0.00685	0.00589	0.00716
76	0.01308	0.01256	0.02146	0.03245	0.78123	0.01256	0.01622	0.01622	0.01204	0.01727	0.00994	0.01308	0.00837	0.00471	0.00523	0.00157	0.00628	0.00471	0.00262	0.00837
77	0.01043	0.00791	0.00773	0.02194	0.00914	0.08329	0.00559	0.02758	0.06049	0.01668	0.01815	0.03628	0.06229	0.09074	0.12638	0.00286	0.02502	0.00579	0.37655	0.00515
78	0.00814	0.00581	0.00808	0.00930	0.01035	0.00576	0.00786	0.01030	0.01180	0.01540	0.02820	0.19663	0.03125	0.01496	0.00720	0.00238	0.00454	0.61240	0.00488	0.00476
79	0.01630	0.01968	0.01474	0.01357	0.03423	0.51969	0.03491	0.01773	0.01313	0.01324	0.01147	0.08958	0.03213	0.00734	0.00714	0.00163	0.13955	0.00509	0.00293	0.00593
80	0.11864	0.00641	0.00725	0.06994	0.00942	0.00684	0.00492	0.03312	0.00895	0.01341	0.01642	0.09866	0.03027	0.51404	0.03765	0.00404	0.00516	0.00740	0.00338	0.00409
81	0.01052	0.00915	0.01510	0.62261	0.07963	0.01096	0.01344	0.01366	0.01080	0.05085	0.01187	0.09199	0.01015	0.00648	0.00564	0.00179	0.02079	0.00574	0.00282	0.00603
82	0.02145	0.01018	0.01375	0.08760	0.01662	0.00980	0.02922	0.15175	0.01629	0.55900	0.01805	0.01660	0.01165	0.00633	0.00533	0.00164	0.00509	0.00518	0.00581	0.00864

[dist]
# distance from previous block
# <min> <max>
2	4

[block]
# block no. 5 follows, 46 sequences, length 13
# corresponding to MSA columns:
# 321-333
name=unknown_F
#
# <colnr> <probs for GDERKNQSTAVLIFYWHMCP>
#	G	D	E	R	K	N	Q	S	T	A	V	L	I	F	Y	W	H	M	C	P
0	0.01337	0.53274	0.27070	0.01099	0.01655	0.01764	0.01236	0.01651	0.01105	0.04357	0.00856	0.00971	0.00700	0.00476	0.00399	0.00132	0.00630	0.00327	0.00242	0.00720
1	0.09949	0.07438	0.00951	0.00751	0.00969	0.07285	0.00602	0.10165	0.01287	0.01955	0.01839	0.06856	0.07447	0.00757	0.00451	0.00149	0.00407	0.05031	0.35144	0.00566
2	0.00764	0.00555	0.00678	0.00667	0.00793	0.00524	0.00492	0.01040	0.05358	0.01900	0.46399	0.15825	0.14067	0.01148	0.00607	0.00173	0.00269	0.01007	0.07236	0.00498
3	0.00796	0.00578	0.00733	0.00714	0.00740	0.00640	0.00478	0.00856	0.00794	0.01099	0.01521	0.02906	0.01664	0.54292	0.23103	0.00580	0.07131	0.00690	0.00303	0.00381
4	0.17420	0.01214	0.01570	0.18532	0.16038	0.01353	0.03944	0.25245	0.05834	0.02302	0.01089	0.01274	0.00821	0.00552	0.00493	0.00165	0.00586	0.00450	0.00369	0.00748
5	0.85155	0.01022	0.00777	0.00695	0.01022	0.01186	0.00573	0.01554	0.00900	0.02372	0.00736	0.00859	0.00573	0.00491	0.00327	0.00164	0.00409	0.00286	0.00327	0.00573
6	0.01286	0.12328	0.04644	0.24169	0.02152	0.11331	0.03623	0.03493	0.08797	0.01469	0.00970	0.01255	0.00794	0.00638	0.00802	0.00176	0.20711	0.00441	0.00276	0.00645
7	0.00872	0.00619	0.00840	0.00813	0.00927	0.00699	0.00625	0.06308	0.00989	0.01446	0.01460	0.02116	0.01342	0.09406	0.58704	0.00691	0.01152	0.00567	0.09931	0.00493
8	0.01223	0.01023	0.01102	0.01000	0.01268	0.01150	0.00782	0.06830	0.55371	0.02167	0.08820	0.04189	0.07101	0.00845	0.00564	0.00181	0.00405	0.04686	0.00534	0.00758
9	0.00681	0.00501	0.00703	0.00793	0.00844	0.00472	0.02669	0.00793	0.01028	0.01369	0.02817	0.70637	0.03339	0.03847	0.00734	0.00224	0.00343	0.07286	0.00479	0.00439
10	0.01876	0.05836	0.06263	0.01303	0.06240	0.03681	0.01057	0.48043	0.06711	0.11671	0.01341	0.01336	0.00955	0.00612	0.00516	0.00158	0.00581	0.00470	0.00486	0.00864
11	0.09361	0.29714	0.26805	0.01192	0.01695	0.07649	0.05202	0.01608	0.01128	0.01554	0.01037	0.01492	0.00911	0.00581	0.00456	0.00154	0.00660	0.07855	0.00267	0.00679
12	0.01499	0.56685	0.04560	0.01007	0.01436	0.07821	0.00947	0.09631	0.09093	0.01580	0.00950	0.01024	0.00798	0.00507	0.00395	0.00128	0.00588	0.00343	0.00294	0.00716

[dist]
# distance from previous block
# <min> <max>
1	32

[block]
# block no. 6 follows, 46 sequences, length 48
# corresponding to MSA columns:
# 366-374,377-415
name=unknown_G
#
# <colnr> <probs for GDERKNQSTAVLIFYWHMCP>
#	G	D	E	R	K	N	Q	S	T	A	V	L	I	F	Y	W	H	M	C	P
0	0.00709	0.00539	0.00652	0.00624	0.00766	0.00482	0.00468	0.00922	0.01404	0.01901	0.54892	0.04310	0.28077	0.01162	0.00624	0.00170	0.00255	0.01007	0.00553	0.00482
1	0.01114	0.06258	0.72113	0.01474	0.02220	0.04478	0.01868	0.01688	0.01130	0.01639	0.00934	0.01097	0.00671	0.00502	0.00494	0.00164	0.00779	0.00384	0.00225	0.00770
2	0.04417	0.00859	0.01150	0.00930	0.01290	0.00766	0.00767	0.02326	0.02849	0.64017	0.02156	0.05699	0.01561	0.00774	0.00552	0.00174	0.00445	0.07820	0.00619	0.00828
3	0.02238	0.00896	0.01203	0.00931	0.01320	0.00790	0.00765	0.05356	0.01550	0.69929	0.07620	0.01937	0.01563	0.00685	0.00538	0.00164	0.00440	0.00561	0.00644	0.00870
4	0.00689	0.00501	0.00635	0.00675	0.00753	0.00463	0.00470	0.00834	0.01186	0.01605	0.29641	0.38717	0.12462	0.07878	0.00814	0.00218	0.00299	0.01205	0.00509	0.00447
5	0.00706	0.00532	0.00736	0.00905	0.06485	0.00500	0.00572	0.00836	0.01095	0.01479	0.12426	0.62516	0.06253	0.01483	0.00655	0.00203	0.00322	0.01342	0.00485	0.00469
6	0.00755	0.00566	0.00850	0.00850	0.00944	0.00661	0.00661	0.00944	0.00850	0.01227	0.01416	0.02077	0.01322	0.03965	0.79326	0.00850	0.01416	0.00566	0.00283	0.00472
7	0.01150	0.00973	0.01143	0.03377	0.01354	0.00778	0.00677	0.06008	0.01182	0.01811	0.00960	0.01117	0.00788	0.00411	0.00405	0.00086	0.00413	0.00328	0.00324	0.76713
8	0.85155	0.01022	0.00777	0.00695	0.01022	0.01186	0.00573	0.01554	0.00900	0.02372	0.00736	0.00859	0.00573	0.00491	0.00327	0.00164	0.00409	0.00286	0.00327	0.00573
9	0.01190	0.00899	0.01115	0.04040	0.01297	0.01005	0.00846	0.15230	0.11907	0.05402	0.02095	0.22273	0.02106	0.01116	0.00759	0.00204	0.10235	0.17182	0.00469	0.00631
10	0.01026	0.00954	0.01586	0.78018	0.03587	0.01187	0.01456	0.03377	0.01096	0.01404	0.00949	0.01406	0.00710	0.00531	0.00529	0.00176	0.00701	0.00470	0.00243	0.00596
11	0.01029	0.00875	0.01082	0.04077	0.01294	0.00740	0.00681	0.01254	0.01044	0.01604	0.01055	0.03150	0.00927	0.01019	0.13142	0.00215	0.03157	0.00393	0.00307	0.62956
12	0.01315	0.01136	0.01195	0.01076	0.01375	0.01315	0.00837	0.02809	0.77168	0.02211	0.02152	0.01972	0.01614	0.00717	0.00538	0.00179	0.00418	0.00598	0.00538	0.00837
13	0.00715	0.00517	0.00678	0.00697	0.00793	0.00479	0.00508	0.00910	0.01319	0.01828	0.48379	0.29102	0.06440	0.01291	0.00645	0.00186	0.00278	0.04213	0.00546	0.00474
14	0.00698	0.00471	0.00638	0.00719	0.00759	0.00444	0.00487	0.00767	0.01035	0.01397	0.13287	0.58686	0.03338	0.01600	0.00867	0.12334	0.00320	0.01275	0.00466	0.00411
15	0.01023	0.00965	0.01631	0.73920	0.09676	0.01181	0.01481	0.01373	0.01069	0.01381	0.00944	0.01401	0.00715	0.00524	0.00528	0.00175	0.00699	0.00470	0.00237	0.00608
16	0.00708	0.00547	0.00640	0.00677	0.00810	0.00497	0.00525	0.00864	0.01178	0.01482	0.10059	0.10691	0.40402	0.08536	0.00840	0.00227	0.00348	0.20037	0.00482	0.00448
17	0.01012	0.00907	0.01484	0.61806	0.08687	0.01097	0.01328	0.01337	0.01066	0.01440	0.01082	0.04030	0.00871	0.00579	0.00546	0.00172	0.02580	0.00505	0.08878	0.00591
18	0.00661	0.00473	0.00631	0.00741	0.00783	0.00442	0.00507	0.00771	0.01057	0.01417	0.08446	0.72076	0.03587	0.01605	0.00673	0.00212	0.00310	0.04673	0.00497	0.00437
19	0.01035	0.00977	0.01652	0.71028	0.12476	0.01184	0.01486	0.01383	0.01074	0.01395	0.00946	0.01397	0.00720	0.00522	0.00528	0.00174	0.00696	0.00470	0.00238	0.00617
20	0.00653	0.00481	0.00612	0.00696	0.00761	0.00440	0.00478	0.00770	0.01098	0.01450	0.11893	0.60186	0.15464	0.01540	0.00661	0.00203	0.00294	0.01379	0.00501	0.00440
21	0.00998	0.00940	0.01586	0.80150	0.03641	0.01175	0.01468	0.01351	0.01057	0.01351	0.00940	0.01409	0.00705	0.00529	0.00529	0.00176	0.00705	0.00470	0.00235	0.00587
22	0.81437	0.01043	0.00813	0.00719	0.01050	0.01206	0.00592	0.04899	0.00971	0.02415	0.00760	0.00877	0.00587	0.00497	0.00336	0.00163	0.00417	0.00295	0.00336	0.00587
23	0.01315	0.01136	0.01195	0.01076	0.01375	0.01315	0.00837	0.02809	0.77168	0.02211	0.02152	0.01972	0.01614	0.00717	0.00538	0.00179	0.00418	0.00598	0.00538	0.00837
24	0.01222	0.00994	0.01073	0.00994	0.02882	0.01096	0.00754	0.04105	0.52616	0.05244	0.04099	0.02586	0.16727	0.00835	0.00553	0.00176	0.00392	0.00696	0.02204	0.00751
25	0.01254	0.02489	0.03210	0.00898	0.01225	0.00772	0.05810	0.01601	0.08866	0.19029	0.09156	0.07560	0.19312	0.00849	0.00547	0.00157	0.00409	0.00730	0.00481	0.15645
26	0.85155	0.01022	0.00777	0.00695	0.01022	0.01186	0.00573	0.01554	0.00900	0.02372	0.00736	0.00859	0.00573	0.00491	0.00327	0.00164	0.00409	0.00286	0.00327	0.00573
27	0.02372	0.00900	0.01227	0.00941	0.01350	0.00777	0.00777	0.02576	0.01513	0.78489	0.02086	0.01799	0.01309	0.00654	0.00532	0.00164	0.00450	0.00532	0.00654	0.00900
28	0.01851	0.02295	0.01414	0.01293	0.01539	0.70553	0.00967	0.01963	0.01414	0.01264	0.00847	0.01043	0.00722	0.00767	0.03522	0.06406	0.00934	0.00358	0.00270	0.00579
29	0.01975	0.02520	0.01498	0.01362	0.01634	0.79299	0.01021	0.02111	0.01498	0.01294	0.00817	0.00953	0.00681	0.00545	0.00477	0.00136	0.00953	0.00340	0.00272	0.00613
30	0.00998	0.00940	0.01586	0.80150	0.03641	0.01175	0.01468	0.01351	0.01057	0.01351	0.00940	0.01409	0.00705	0.00529	0.00529	0.00176	0.00705	0.00470	0.00235	0.00587
31	0.00742	0.00530	0.00726	0.00848	0.00921	0.00514	0.00661	0.00905	0.01108	0.01459	0.02860	0.45767	0.03283	0.01564	0.00701	0.00228	0.00391	0.35848	0.00489	0.00456
32	0.01405	0.79950	0.04489	0.00918	0.01378	0.02072	0.00928	0.01585	0.01075	0.01254	0.00740	0.00854	0.00678	0.00453	0.00343	0.00114	0.00570	0.00285	0.00226	0.00681
33	0.00691	0.00515	0.00653	0.00708	0.00802	0.00467	0.00505	0.00833	0.01147	0.01533	0.17016	0.47394	0.15160	0.01437	0.00649	0.00196	0.00304	0.05532	0.00500	0.03958
34	0.00706	0.00530	0.00738	0.00921	0.06494	0.00501	0.00584	0.00829	0.01066	0.01433	0.07368	0.66697	0.04823	0.01521	0.00661	0.00208	0.00332	0.03644	0.00479	0.00466
35	0.01763	0.01316	0.01630	0.04859	0.18230	0.01416	0.01115	0.46860	0.03846	0.07916	0.01347	0.04905	0.01039	0.00644	0.00535	0.00162	0.00572	0.00527	0.00466	0.00850
36	0.00643	0.00480	0.00593	0.00683	0.00749	0.00436	0.00464	0.00743	0.01052	0.01360	0.03475	0.60408	0.21597	0.03777	0.00718	0.00214	0.00303	0.01388	0.00486	0.00431
37	0.00710	0.00520	0.00667	0.00669	0.00777	0.00477	0.00487	0.00910	0.01349	0.01863	0.52291	0.22796	0.12025	0.01247	0.00636	0.00179	0.00265	0.01105	0.00551	0.00477
38	0.01315	0.01136	0.01195	0.01076	0.01375	0.01315	0.00837	0.02809	0.77168	0.02211	0.02152	0.01972	0.01614	0.00717	0.00538	0.00179	0.00418	0.00598	0.00538	0.00837
39	0.01722	0.01320	0.01405	0.01139	0.01506	0.01480	0.00921	0.47145	0.29267	0.02879	0.01603	0.01548	0.01173	0.00664	0.00526	0.00165	0.00511	0.00520	0.03644	0.00862
40	0.78362	0.01041	0.00888	0.00902	0.07269	0.01192	0.00658	0.01560	0.00924	0.02320	0.00757	0.00895	0.00594	0.00489	0.00343	0.00163	0.00427	0.00301	0.00322	0.00594
41	0.00725	0.00528	0.00683	0.00673	0.00786	0.00486	0.00497	0.00942	0.01395	0.01943	0.59914	0.16377	0.09467	0.01196	0.00634	0.00176	0.00264	0.02269	0.00560	0.00484
42	0.01780	0.17443	0.07449	0.01282	0.01624	0.54424	0.01071	0.04212	0.01401	0.01374	0.00822	0.00961	0.00687	0.00537	0.00489	0.00137	0.03055	0.00341	0.00267	0.00645
43	0.04909	0.33070	0.16763	0.01113	0.03157	0.06686	0.01084	0.10085	0.01340	0.09526	0.06683	0.01290	0.01083	0.00557	0.00445	0.00142	0.00594	0.00408	0.00337	0.00727
44	0.01724	0.03700	0.05647	0.01364	0.07218	0.32171	0.01039	0.16327	0.13909	0.06103	0.01411	0.01443	0.04372	0.00622	0.00508	0.00154	0.00695	0.00464	0.00391	0.00739
45	0.07876	0.05825	0.60427	0.01333	0.02012	0.01194	0.01643	0.01600	0.01091	0.01703	0.00994	0.04051	0.00776	0.00534	0.00479	0.00160	0.00695	0.00413	0.00248	0.06945
46	0.08383	0.00612	0.00740	0.00708	0.00871	0.00577	0.00532	0.01163	0.01288	0.11726	0.33470	0.20417	0.12367	0.02495	0.00634	0.00185	0.00313	0.02457	0.00532	0.00532
47	0.05390	0.11408	0.01708	0.09269	0.06539	0.11524	0.03653	0.29806	0.01663	0.02191	0.01114	0.01251	0.02342	0.00572	0.00517	0.00149	0.02824	0.00432	0.01466	0.06181

[dist]
# distance from previous block
# <min> <max>
0	2

[block]
# block no. 7 follows, 46 sequences, length 16
# corresponding to MSA columns:
# 419-422,431-442
name=unknown_H
#
# <colnr> <probs for GDERKNQSTAVLIFYWHMCP>
#	G	D	E	R	K	N	Q	S	T	A	V	L	I	F	Y	W	H	M	C	P
0	0.01223	0.04650	0.11439	0.03232	0.01419	0.11071	0.00924	0.03928	0.08620	0.01548	0.01104	0.03961	0.00952	0.00811	0.00843	0.14786	0.06845	0.00443	0.01747	0.20454
1	0.06240	0.29162	0.26326	0.03467	0.12399	0.01544	0.01334	0.01701	0.07431	0.01599	0.00961	0.01116	0.00771	0.00514	0.00486	0.00151	0.03422	0.00381	0.00263	0.00734
2	0.18594	0.13937	0.44841	0.01170	0.01758	0.01284	0.01384	0.01561	0.01072	0.01736	0.01230	0.01345	0.06912	0.00560	0.00451	0.00159	0.00630	0.00412	0.00267	0.00695
3	0.01555	0.45264	0.05317	0.01059	0.01460	0.15946	0.00974	0.11172	0.01355	0.03454	0.01027	0.01370	0.00914	0.00581	0.00432	0.00137	0.00638	0.06350	0.00305	0.00689
4	0.00678	0.00535	0.00616	0.00633	0.00776	0.00473	0.00480	0.00845	0.01250	0.01592	0.21309	0.13739	0.45091	0.01329	0.00641	0.00187	0.00290	0.08565	0.00511	0.00460
