[name]
unknown

[dist]
# distance from previous block
# <min> <max>
0	50

[block]
# block no. 0 follows, 39 sequences, length 16
# corresponding to MSA columns:
# 50-65
name=unknown_A
#
# <colnr> <probs for GDERKNQSTAVLIFYWHMCP>
#	G	D	E	R	K	N	Q	S	T	A	V	L	I	F	Y	W	H	M	C	P
0	0.03138	0.16285	0.01486	0.03405	0.01360	0.03869	0.00817	0.05254	0.04470	0.19231	0.09420	0.08684	0.08681	0.06539	0.00763	0.00211	0.00517	0.04636	0.00513	0.00723
1	0.01572	0.06440	0.06816	0.04494	0.01602	0.01093	0.03089	0.10211	0.06964	0.18696	0.02032	0.20597	0.01835	0.01045	0.02754	0.00208	0.00565	0.00807	0.00512	0.08665
2	0.14773	0.08296	0.08853	0.06771	0.18456	0.06822	0.04964	0.09543	0.04115	0.08279	0.02962	0.01442	0.01025	0.00603	0.00537	0.00177	0.00679	0.00490	0.00384	0.00829
3	0.01334	0.01097	0.01673	0.57362	0.03397	0.01310	0.01452	0.06895	0.08203	0.07261	0.01360	0.03781	0.01035	0.00665	0.00597	0.00196	0.00715	0.00576	0.00361	0.00729
4	0.01599	0.01691	0.02179	0.10064	0.52257	0.18403	0.01647	0.01910	0.01406	0.01784	0.01062	0.01385	0.00883	0.00552	0.00574	0.00172	0.00793	0.00494	0.00293	0.00854
5	0.01295	0.01607	0.12839	0.14808	0.15661	0.01398	0.32130	0.01739	0.01295	0.01793	0.01221	0.05329	0.01009	0.00621	0.00705	0.00198	0.04627	0.00644	0.00296	0.00786
6	0.08081	0.01113	0.01233	0.01198	0.06171	0.08302	0.00873	0.07783	0.01542	0.25004	0.04165	0.18730	0.05303	0.01051	0.00630	0.00200	0.00535	0.06771	0.00557	0.00758
7	0.00770	0.00615	0.00698	0.00714	0.00892	0.00543	0.00561	0.00965	0.01408	0.01765	0.17621	0.05647	0.49867	0.01472	0.00720	0.00211	0.00341	0.14108	0.00566	0.00518
8	0.01400	0.00762	0.00979	0.00860	0.01100	0.00698	0.00665	0.05251	0.01650	0.23125	0.37415	0.11884	0.09503	0.01142	0.00669	0.00192	0.00370	0.00989	0.00652	0.00695
9	0.01759	0.01270	0.01447	0.01190	0.01511	0.01412	0.00958	0.43961	0.02082	0.05191	0.01639	0.08498	0.01393	0.03266	0.12920	0.00318	0.04964	0.00660	0.04739	0.00825
10	0.02482	0.01081	0.01391	0.01079	0.01524	0.00997	0.00887	0.11214	0.05019	0.61435	0.02360	0.02084	0.04091	0.00760	0.00598	0.00184	0.00512	0.00614	0.00703	0.00985
11	0.00728	0.00525	0.00690	0.00807	0.00857	0.00487	0.00545	0.00847	0.01183	0.01579	0.08833	0.69949	0.07202	0.01788	0.00748	0.00234	0.00336	0.01616	0.00557	0.00487
12	0.01246	0.00652	0.00682	0.00637	0.00807	0.00657	0.00482	0.06466	0.01350	0.05856	0.01910	0.02226	0.01510	0.04733	0.00568	0.00165	0.00328	0.00568	0.68561	0.00595
13	0.01510	0.01493	0.02355	0.03499	0.70940	0.06101	0.01773	0.01849	0.01367	0.01902	0.01100	0.01439	0.00926	0.00532	0.00582	0.00174	0.00725	0.00518	0.00293	0.00921
14	0.01257	0.01193	0.01720	0.19278	0.02108	0.01595	0.01314	0.04979	0.01067	0.01553	0.00948	0.01463	0.00857	0.01236	0.08625	0.00306	0.49032	0.00531	0.00282	0.00656
15	0.00789	0.00570	0.00733	0.04572	0.00963	0.00557	0.00554	0.00889	0.01093	0.01444	0.05046	0.44803	0.07731	0.23898	0.01389	0.00330	0.00432	0.03264	0.00483	0.00459

[dist]
# distance from previous block
# <min> <max>
6	11

[block]
# block no. 1 follows, 39 sequences, length 20
# corresponding to MSA columns:
# 93-108,111-114
name=unknown_B
#
# <colnr> <probs for GDERKNQSTAVLIFYWHMCP>
#	G	D	E	R	K	N	Q	S	T	A	V	L	I	F	Y	W	H	M	C	P
0	0.01297	0.01053	0.01159	0.01091	0.04912	0.05665	0.00782	0.16159	0.01541	0.02101	0.05714	0.16801	0.06078	0.07251	0.07407	0.00270	0.00601	0.00813	0.05147	0.14158
1	0.16195	0.05482	0.20634	0.01360	0.05946	0.01375	0.01251	0.13458	0.09796	0.10489	0.01528	0.07336	0.01222	0.00723	0.00547	0.00186	0.00615	0.00569	0.00444	0.00843
2	0.13799	0.18309	0.13699	0.01293	0.03391	0.10978	0.02489	0.13604	0.08421	0.02175	0.01343	0.03952	0.02850	0.00665	0.00512	0.00171	0.00677	0.00493	0.00383	0.00796
3	0.01410	0.09119	0.01242	0.00917	0.01206	0.09864	0.00729	0.11502	0.01611	0.09333	0.10581	0.03386	0.28471	0.04919	0.00728	0.00197	0.00504	0.00830	0.02782	0.00669
4	0.13692	0.02796	0.17013	0.03470	0.08856	0.01083	0.01163	0.04792	0.01363	0.14010	0.05851	0.14974	0.01773	0.00874	0.00583	0.00191	0.00569	0.02758	0.00450	0.03739
5	0.11820	0.13398	0.37950	0.04153	0.04779	0.01426	0.02960	0.01832	0.02462	0.04627	0.04010	0.01363	0.00990	0.00579	0.00515	0.00172	0.00710	0.00446	0.00313	0.05494
6	0.06047	0.06893	0.01659	0.04524	0.10703	0.18612	0.01085	0.21282	0.01751	0.02307	0.04183	0.01539	0.01153	0.00819	0.03777	0.00199	0.02488	0.00499	0.09702	0.00777
7	0.01530	0.69645	0.12577	0.01099	0.01653	0.02215	0.01164	0.01784	0.01208	0.01454	0.00853	0.00988	0.00758	0.00513	0.00403	0.00134	0.00664	0.00332	0.00253	0.00774
8	0.00729	0.00590	0.00637	0.00645	0.00808	0.00510	0.00469	0.00884	0.01344	0.01670	0.15062	0.12890	0.54234	0.05859	0.00834	0.00223	0.00317	0.01246	0.00553	0.00498
9	0.01607	0.01225	0.01899	0.08100	0.40987	0.01245	0.01424	0.02105	0.11387	0.15501	0.01666	0.05653	0.01351	0.00701	0.00604	0.00188	0.00618	0.02411	0.00432	0.00896
10	0.04994	0.04405	0.01676	0.01301	0.01726	0.07369	0.01059	0.46103	0.19823	0.03132	0.01576	0.01549	0.01158	0.00711	0.00574	0.00180	0.00630	0.00538	0.00552	0.00943
11	0.00794	0.00569	0.00743	0.00845	0.00899	0.00553	0.00575	0.03748	0.01177	0.01576	0.03036	0.68438	0.03588	0.05047	0.05113	0.00291	0.00434	0.01544	0.00530	0.00499
12	0.00929	0.00634	0.00802	0.00788	0.00893	0.00669	0.00573	0.03710	0.01149	0.01671	0.10278	0.06656	0.04894	0.20174	0.29707	0.00556	0.00852	0.00790	0.13764	0.00511
13	0.04748	0.01115	0.01217	0.01058	0.01342	0.01200	0.00818	0.29281	0.12718	0.04015	0.04426	0.20299	0.07896	0.06125	0.00790	0.00224	0.00498	0.00908	0.00560	0.00763
14	0.05909	0.09530	0.01812	0.03544	0.07700	0.37956	0.01165	0.04726	0.09988	0.01741	0.01097	0.01266	0.00902	0.00664	0.00686	0.00173	0.09614	0.00442	0.00340	0.00746
15	0.00732	0.00599	0.00635	0.00627	0.00805	0.00514	0.00463	0.00896	0.01377	0.01706	0.17797	0.05366	0.58986	0.05885	0.00831	0.00219	0.00312	0.01195	0.00556	0.00501
16	0.00829	0.00622	0.00845	0.03186	0.05254	0.00607	0.00643	0.01010	0.03145	0.01646	0.13683	0.50081	0.03636	0.10750	0.00994	0.00265	0.00398	0.01366	0.00520	0.00521
17	0.01550	0.01624	0.08146	0.02822	0.43466	0.07122	0.13255	0.01969	0.03827	0.06678	0.01240	0.01519	0.00978	0.00646	0.02403	0.00198	0.00791	0.00548	0.00331	0.00885
18	0.02065	0.01380	0.04368	0.01268	0.03340	0.01369	0.01033	0.37577	0.06223	0.21898	0.01874	0.09711	0.01458	0.00824	0.00605	0.00185	0.00575	0.00668	0.00598	0.02982
19	0.02208	0.01579	0.01677	0.01304	0.01762	0.04521	0.01068	0.55527	0.07305	0.11922	0.01560	0.01521	0.01098	0.00706	0.00585	0.00176	0.00630	0.00537	0.00590	0.03722

[dist]
# distance from previous block
# <min> <max>
0	9

[block]
# block no. 2 follows, 39 sequences, length 15
# corresponding to MSA columns:
# 129-143
name=unknown_C
#
# <colnr> <probs for GDERKNQSTAVLIFYWHMCP>
#	G	D	E	R	K	N	Q	S	T	A	V	L	I	F	Y	W	H	M	C	P
0	0.01816	0.06797	0.06275	0.01749	0.06064	0.27000	0.16086	0.14262	0.06545	0.02053	0.01171	0.01345	0.00913	0.00608	0.00606	0.00172	0.02632	0.00500	0.00365	0.03038
1	0.01585	0.50669	0.10815	0.01176	0.01651	0.12148	0.01151	0.03707	0.01325	0.01569	0.04952	0.01217	0.01030	0.00595	0.00516	0.00148	0.04309	0.00395	0.00291	0.00752
2	0.06766	0.14033	0.57874	0.01555	0.02332	0.01516	0.04437	0.01850	0.01231	0.01856	0.01015	0.01198	0.00749	0.00551	0.00527	0.00179	0.00815	0.00421	0.00260	0.00839
3	0.00808	0.00589	0.00750	0.00738	0.00859	0.00542	0.00536	0.01034	0.01518	0.02104	0.54080	0.15829	0.11342	0.05608	0.00833	0.00217	0.00307	0.01167	0.00610	0.00530
4	0.01065	0.00867	0.01049	0.01192	0.05629	0.04934	0.00880	0.04657	0.06228	0.01808	0.02806	0.30802	0.03072	0.01490	0.00741	0.00240	0.00512	0.30902	0.00524	0.00601
5	0.01491	0.01478	0.02443	0.03464	0.67534	0.04619	0.06587	0.01844	0.01364	0.01909	0.01110	0.01456	0.00927	0.00529	0.00591	0.00176	0.00738	0.00532	0.00294	0.00917
6	0.01027	0.00514	0.00770	0.00770	0.00770	0.00514	0.00514	0.00770	0.00770	0.01027	0.01027	0.01798	0.01027	0.02054	0.02311	0.82794	0.00514	0.00514	0.00257	0.00257
7	0.00833	0.00610	0.00729	0.00716	0.00880	0.00542	0.00539	0.01043	0.01484	0.04264	0.35987	0.11242	0.33398	0.01382	0.00704	0.00199	0.00310	0.03996	0.00599	0.00541
8	0.07132	0.09355	0.23193	0.06618	0.07595	0.05411	0.01409	0.07259	0.08825	0.15498	0.01410	0.01477	0.01015	0.00623	0.00546	0.00179	0.00690	0.00486	0.00412	0.00867
9	0.00852	0.00578	0.00686	0.00693	0.00708	0.00590	0.00416	0.00884	0.00884	0.01193	0.01892	0.07163	0.02146	0.65985	0.12414	0.00606	0.00693	0.00869	0.00362	0.00386
10	0.02515	0.01120	0.01430	0.01108	0.01560	0.01052	0.00911	0.13379	0.06693	0.60345	0.02203	0.01938	0.01419	0.00733	0.00595	0.00183	0.00523	0.00590	0.00702	0.01002
11	0.01610	0.13545	0.39870	0.01485	0.02158	0.05732	0.01650	0.22926	0.01715	0.02325	0.01124	0.01246	0.00827	0.00600	0.00543	0.00174	0.00784	0.00445	0.00354	0.00886
12	0.17764	0.08684	0.01642	0.01235	0.01636	0.21594	0.01001	0.26287	0.06780	0.06197	0.01230	0.01278	0.00925	0.00642	0.00515	0.00169	0.00703	0.00445	0.00450	0.00824
13	0.00838	0.00567	0.00665	0.00687	0.00697	0.00567	0.00405	0.00863	0.00906	0.01213	0.02066	0.15348	0.02390	0.63836	0.06081	0.00539	0.00585	0.00976	0.00386	0.00385
14	0.01342	0.01044	0.01223	0.00924	0.01377	0.00869	0.00734	0.09425	0.01449	0.05668	0.07207	0.06700	0.01495	0.00637	0.00504	0.00120	0.00446	0.00528	0.00432	0.57875

[dist]
# distance from previous block
# <min> <max>
2	5

[block]
# block no. 3 follows, 39 sequences, length 20
# corresponding to MSA columns:
# 151-170
name=unknown_D
#
# <colnr> <probs for GDERKNQSTAVLIFYWHMCP>
#	G	D	E	R	K	N	Q	S	T	A	V	L	I	F	Y	W	H	M	C	P
0	0.01245	0.03033	0.01224	0.08672	0.01453	0.00915	0.09201	0.08296	0.01369	0.02141	0.01646	0.02010	0.01310	0.03425	0.02331	0.01949	0.00502	0.00569	0.48082	0.00627
1	0.01158	0.06420	0.04705	0.01039	0.01182	0.03219	0.00825	0.07917	0.01191	0.01611	0.03914	0.14576	0.03337	0.26629	0.03033	0.00344	0.17115	0.00826	0.00387	0.00572
2	0.18747	0.05869	0.12478	0.01599	0.15654	0.02788	0.01213	0.06930	0.05130	0.18254	0.04790	0.01581	0.01211	0.00639	0.00532	0.00179	0.00602	0.00503	0.00447	0.00853
3	0.06031	0.01035	0.01177	0.00992	0.01308	0.04015	0.00781	0.13203	0.03473	0.28546	0.14016	0.11533	0.07148	0.03155	0.00689	0.00200	0.00480	0.00818	0.00614	0.00788
4	0.00727	0.00523	0.00679	0.00800	0.00843	0.00487	0.00533	0.00827	0.01130	0.01495	0.03346	0.70381	0.08072	0.06051	0.00874	0.00256	0.00353	0.01611	0.00539	0.00475
5	0.07680	0.07606	0.09243	0.02120	0.26849	0.16388	0.01414	0.10778	0.03553	0.02049	0.01165	0.01368	0.02131	0.00619	0.00612	0.00175	0.04599	0.00475	0.00341	0.00833
6	0.14013	0.03561	0.18933	0.08253	0.16830	0.10170	0.05185	0.01837	0.01310	0.05194	0.04786	0.01505	0.01087	0.00770	0.03967	0.00214	0.00778	0.00496	0.00331	0.00778
7	0.00726	0.00522	0.00680	0.00804	0.00845	0.00486	0.00535	0.00826	0.01130	0.01497	0.03331	0.71726	0.07379	0.05414	0.00856	0.00254	0.00352	0.01622	0.00540	0.00476
8	0.02185	0.05792	0.01731	0.01504	0.01816	0.73956	0.01138	0.02339	0.01657	0.01445	0.00911	0.01062	0.00762	0.00605	0.00527	0.00151	0.01050	0.00378	0.00303	0.00688
9	0.03518	0.12134	0.42067	0.01681	0.06366	0.01428	0.10434	0.01834	0.02692	0.03943	0.04457	0.04465	0.01153	0.00633	0.00566	0.00182	0.00772	0.00541	0.00311	0.00823
10	0.01335	0.27930	0.38136	0.01393	0.02011	0.01713	0.01587	0.01872	0.06659	0.01707	0.01077	0.01260	0.00857	0.00725	0.03102	0.00199	0.06918	0.00427	0.00280	0.00811
11	0.00721	0.00515	0.00686	0.00823	0.00858	0.00480	0.00549	0.00823	0.01132	0.01510	0.03259	0.78831	0.03911	0.01853	0.00755	0.00240	0.00343	0.01681	0.00549	0.00480
12	0.02127	0.01186	0.01451	0.01231	0.04840	0.01190	0.00949	0.23945	0.08132	0.34711	0.07715	0.04426	0.03720	0.00813	0.00609	0.00185	0.00526	0.00666	0.00642	0.00933
13	0.05772	0.07294	0.08220	0.01674	0.06189	0.04212	0.22312	0.01942	0.15147	0.01955	0.04955	0.10662	0.01590	0.00775	0.00652	0.00193	0.02971	0.00719	0.00397	0.02371
14	0.01376	0.01314	0.02143	0.14979	0.55497	0.03197	0.01677	0.01722	0.01341	0.01859	0.03727	0.01883	0.01214	0.00628	0.00603	0.00185	0.00701	0.04789	0.00316	0.00850
15	0.02256	0.01578	0.01718	0.01324	0.01790	0.01726	0.01092	0.63840	0.05597	0.10670	0.01549	0.01509	0.01083	0.00716	0.00592	0.00179	0.00629	0.00544	0.00606	0.01003
16	0.00865	0.00641	0.00812	0.00763	0.00915	0.00605	0.00574	0.01215	0.05629	0.02342	0.68142	0.04354	0.08498	0.01200	0.00692	0.00187	0.00290	0.01056	0.00644	0.00576
17	0.00722	0.00524	0.00683	0.00804	0.00854	0.00484	0.00542	0.00834	0.01165	0.01543	0.05692	0.70986	0.09373	0.01806	0.00749	0.00235	0.00338	0.01629	0.00552	0.00484
18	0.00740	0.00539	0.00700	0.00807	0.00872	0.00499	0.00560	0.00872	0.01214	0.01609	0.09994	0.61183	0.11231	0.01748	0.00747	0.00233	0.00343	0.05057	0.00558	0.00492
19	0.75474	0.04099	0.00984	0.00803	0.01180	0.01338	0.00668	0.01808	0.01055	0.06988	0.00914	0.01023	0.00694	0.00558	0.00380	0.00181	0.00467	0.00336	0.00384	0.00667

[dist]
# distance from previous block
# <min> <max>
0	1

[block]
# block no. 4 follows, 39 sequences, length 65
# corresponding to MSA columns:
# 172-187,189-216,221-224,226-233,235-243
name=unknown_E
#
# <colnr> <probs for GDERKNQSTAVLIFYWHMCP>
#	G	D	E	R	K	N	Q	S	T	A	V	L	I	F	Y	W	H	M	C	P
0	0.83394	0.01144	0.00869	0.00778	0.01144	0.01327	0.00640	0.01738	0.01006	0.02653	0.00823	0.00961	0.00640	0.00549	0.00366	0.00183	0.00457	0.00320	0.00366	0.00640
1	0.00800	0.00568	0.00718	0.00792	0.00843	0.00550	0.00527	0.02661	0.01141	0.01528	0.06781	0.50938	0.05595	0.18945	0.04468	0.00338	0.00449	0.01381	0.00504	0.00473
2	0.01465	0.01462	0.06480	0.04762	0.43896	0.01435	0.01539	0.04561	0.23944	0.02142	0.01517	0.01682	0.01192	0.00622	0.00589	0.00185	0.00641	0.00565	0.00394	0.00927
3	0.01219	0.01046	0.01195	0.00896	0.01375	0.00852	0.00712	0.01647	0.10242	0.01971	0.01570	0.01665	0.06295	0.00558	0.00477	0.00109	0.00432	0.00454	0.00395	0.66891
4	0.02248	0.01656	0.01775	0.01361	0.01834	0.01834	0.01124	0.73556	0.02780	0.03727	0.01420	0.01420	0.01006	0.00710	0.00592	0.00177	0.00651	0.00532	0.00592	0.01006
5	0.01351	0.02022	0.42222	0.01315	0.01914	0.01060	0.01505	0.01844	0.01444	0.15153	0.21616	0.02253	0.02200	0.00769	0.00605	0.00186	0.00645	0.00638	0.00445	0.00811
6	0.02498	0.00972	0.01323	0.01026	0.01456	0.00843	0.00843	0.02731	0.01691	0.69664	0.08548	0.02218	0.01815	0.00773	0.00603	0.00183	0.00484	0.00635	0.00725	0.00968
7	0.01581	0.79572	0.03099	0.01012	0.01518	0.02340	0.01012	0.01771	0.01202	0.01391	0.00822	0.00949	0.00759	0.00506	0.00379	0.00126	0.00632	0.00316	0.00253	0.00759
8	0.00828	0.00614	0.00721	0.00688	0.00864	0.00541	0.00518	0.01047	0.01527	0.04199	0.41736	0.04923	0.36998	0.01326	0.00695	0.00192	0.00295	0.01136	0.00607	0.00545
9	0.00991	0.00679	0.00785	0.00730	0.00938	0.00608	0.00556	0.04201	0.01532	0.08842	0.27027	0.08446	0.39824	0.01320	0.00687	0.00195	0.00329	0.01123	0.00600	0.00585
10	0.00833	0.00604	0.00785	0.00740	0.00881	0.00556	0.00555	0.01109	0.01665	0.02350	0.73337	0.04452	0.07472	0.01217	0.00698	0.00186	0.00280	0.01074	0.00648	0.00556
11	0.00858	0.00580	0.00677	0.00677	0.00688	0.00591	0.00398	0.00880	0.00869	0.01170	0.01834	0.03710	0.02080	0.71477	0.10655	0.00612	0.00678	0.00837	0.00354	0.00376
12	0.02323	0.01442	0.01635	0.01250	0.01721	0.01509	0.01032	0.49958	0.02398	0.24642	0.01670	0.01584	0.01133	0.00705	0.00586	0.00175	0.00599	0.00543	0.00622	0.04473
13	0.01816	0.00934	0.01178	0.00986	0.01311	0.00896	0.00783	0.04855	0.13909	0.35846	0.24740	0.05413	0.02854	0.00928	0.00633	0.00189	0.00428	0.00788	0.00674	0.00839
14	0.00770	0.00571	0.00718	0.00746	0.00859	0.00519	0.00535	0.00963	0.01421	0.01922	0.36855	0.31321	0.17639	0.01492	0.00718	0.00208	0.00306	0.01321	0.00596	0.00519
15	0.01304	0.01324	0.01980	0.01647	0.01707	0.01780	0.08532	0.01471	0.00955	0.01471	0.00818	0.01324	0.00788	0.00981	0.01816	0.00253	0.70389	0.00536	0.00263	0.00662
16	0.01928	0.01493	0.03947	0.01234	0.01674	0.02781	0.01031	0.47701	0.02265	0.06564	0.06588	0.01686	0.01345	0.02910	0.00680	0.00179	0.02699	0.00551	0.00538	0.12205
17	0.01471	0.01059	0.01180	0.00999	0.01221	0.01148	0.00743	0.33158	0.01729	0.02325	0.01673	0.04555	0.01617	0.34533	0.09610	0.00428	0.00708	0.00712	0.00462	0.00667
18	0.00831	0.00599	0.00789	0.00777	0.00904	0.00557	0.00584	0.01089	0.01588	0.02228	0.61764	0.13386	0.05233	0.01314	0.00712	0.00198	0.00305	0.05961	0.00632	0.00548
19	0.03453	0.00892	0.00978	0.00917	0.03306	0.00890	0.00682	0.17857	0.03418	0.02270	0.12802	0.09269	0.34723	0.01194	0.00649	0.00192	0.00401	0.00997	0.04457	0.00652
20	0.40638	0.02750	0.01357	0.02918	0.01472	0.04383	0.02860	0.10232	0.01283	0.06272	0.01019	0.01217	0.00802	0.00686	0.00760	0.00195	0.16956	0.00426	0.03062	0.00710
21	0.00736	0.00528	0.00696	0.00817	0.00864	0.00493	0.00555	0.00852	0.01166	0.01553	0.06711	0.68901	0.06206	0.03621	0.00805	0.00245	0.00351	0.03868	0.00549	0.00484
22	0.06227	0.01532	0.01660	0.01284	0.01740	0.03672	0.02893	0.52022	0.04340	0.07139	0.03631	0.01517	0.01150	0.00689	0.00572	0.00171	0.00619	0.00529	0.00553	0.08064
23	0.04261	0.25851	0.05854	0.01402	0.06438	0.27755	0.01132	0.04188	0.02982	0.06334	0.03028	0.01385	0.03186	0.00638	0.00548	0.00158	0.03315	0.00443	0.00343	0.00758
24	0.01920	0.01622	0.05889	0.01305	0.01748	0.05417	0.01105	0.43852	0.15316	0.04542	0.01653	0.03856	0.01278	0.00759	0.00592	0.00181	0.00626	0.02702	0.00547	0.05087
25	0.03952	0.41722	0.27006	0.01331	0.03625	0.07770	0.01414	0.01884	0.01267	0.03846	0.00961	0.01102	0.00778	0.00541	0.00463	0.00153	0.00739	0.00375	0.00275	0.00799
26	0.01152	0.01041	0.01703	0.24350	0.27334	0.01110	0.03358	0.01493	0.03000	0.01765	0.08186	0.13384	0.01918	0.03427	0.00716	0.00211	0.00628	0.04136	0.00375	0.00713
27	0.03746	0.05347	0.21671	0.02103	0.10456	0.08675	0.30638	0.01920	0.01378	0.04096	0.03549	0.01500	0.01007	0.00561	0.00609	0.00185	0.00871	0.00564	0.00311	0.00814
28	0.01497	0.01495	0.02375	0.03335	0.63583	0.06691	0.06234	0.01841	0.01373	0.01891	0.01164	0.01599	0.00996	0.00564	0.00596	0.00178	0.00742	0.02648	0.00301	0.00899
29	0.00782	0.00559	0.00706	0.00773	0.00836	0.00541	0.00528	0.00898	0.01118	0.01499	0.06857	0.39474	0.11072	0.17994	0.09338	0.00376	0.00519	0.03246	0.02415	0.00470
30	0.01290	0.01110	0.01352	0.00978	0.01498	0.00891	0.03808	0.05002	0.03717	0.02030	0.01119	0.01283	0.00914	0.00466	0.00462	0.00100	0.00473	0.00384	0.00368	0.72755
31	0.01561	0.01745	0.01808	0.01562	0.01675	0.24165	0.03609	0.01711	0.01153	0.01445	0.00848	0.01257	0.00790	0.00961	0.03027	0.00239	0.51021	0.00485	0.00275	0.00661
32	0.00799	0.00583	0.00751	0.00752	0.00871	0.00535	0.00548	0.01027	0.01521	0.02109	0.52975	0.22104	0.10453	0.01383	0.00711	0.00200	0.00296	0.01228	0.00619	0.00535
33	0.00860	0.00625	0.00798	0.00876	0.00981	0.00603	0.00667	0.03349	0.01297	0.01700	0.08027	0.33300	0.12529	0.08248	0.00950	0.00268	0.00426	0.23441	0.00539	0.00515
34	0.01117	0.01051	0.01774	0.77795	0.04073	0.01314	0.01642	0.01511	0.01182	0.01511	0.01051	0.01577	0.00788	0.00591	0.00591	0.00197	0.00788	0.00526	0.00263	0.00657
35	0.01027	0.00514	0.00770	0.00770	0.00770	0.00514	0.00514	0.00770	0.00770	0.01027	0.01027	0.01798	0.01027	0.02054	0.02311	0.82794	0.00514	0.00514	0.00257	0.00257
36	0.01051	0.00703	0.00935	0.00998	0.01167	0.00684	0.00846	0.01339	0.03383	0.07181	0.09082	0.05865	0.11402	0.03109	0.00818	0.00255	0.00492	0.49545	0.00565	0.00581
37	0.01621	0.66474	0.05412	0.01091	0.01583	0.09201	0.01061	0.01887	0.04351	0.01459	0.00906	0.01023	0.00803	0.00530	0.00409	0.00134	0.00674	0.00341	0.00272	0.00764
38	0.00856	0.00650	0.00972	0.00965	0.01068	0.00766	0.00753	0.01065	0.00949	0.01374	0.01564	0.02298	0.01461	0.04351	0.75024	0.00933	0.03473	0.00631	0.00315	0.00531
39	0.00704	0.00597	0.00608	0.00610	0.00803	0.00501	0.00456	0.00857	0.01352	0.01620	0.08142	0.07699	0.71045	0.01498	0.00700	0.00200	0.00300	0.01254	0.00552	0.00501
40	0.01368	0.01547	0.03338	0.02404	0.02964	0.01469	0.68588	0.01842	0.01372	0.01866	0.01258	0.04365	0.01002	0.00563	0.00737	0.00203	0.03297	0.00728	0.00307	0.00782
41	0.02005	0.02296	0.01660	0.01463	0.01749	0.49475	0.01131	0.11878	0.06902	0.01829	0.01179	0.01326	0.02473	0.00714	0.00741	0.00175	0.11446	0.00459	0.00364	0.00737
42	0.01429	0.01336	0.02033	0.02903	0.55528	0.04465	0.01519	0.03262	0.03793	0.03673	0.03578	0.02086	0.10428	0.00686	0.00601	0.00179	0.00644	0.00631	0.00361	0.00865
43	0.05105	0.02117	0.40172	0.01564	0.04728	0.03438	0.09367	0.01697	0.01351	0.02005	0.16855	0.01973	0.01814	0.00707	0.00627	0.00187	0.02641	0.00601	0.02281	0.00771
44	0.01658	0.55452	0.11196	0.01156	0.01674	0.10676	0.01152	0.01951	0.03696	0.05220	0.00988	0.01091	0.00828	0.00545	0.00436	0.00142	0.00698	0.00363	0.00294	0.00782
45	0.00810	0.00558	0.00667	0.00706	0.00733	0.00541	0.00435	0.00867	0.01018	0.01361	0.07652	0.27308	0.05154	0.47215	0.02073	0.00431	0.00472	0.01142	0.00444	0.00415
46	0.58723	0.03461	0.01066	0.00920	0.03045	0.01318	0.00726	0.09003	0.02862	0.02669	0.10116	0.01473	0.01324	0.00651	0.00441	0.00181	0.00467	0.00447	0.00424	0.00685
47	0.21162	0.18720	0.13409	0.01185	0.01660	0.04776	0.03273	0.04714	0.16997	0.04933	0.01350	0.01488	0.01057	0.00636	0.00495	0.00176	0.00616	0.02159	0.00395	0.00798
48	0.01148	0.00831	0.02978	0.00949	0.01155	0.00775	0.00735	0.03058	0.13710	0.10178	0.07489	0.36333	0.07783	0.01365	0.00689	0.00216	0.00414	0.06266	0.00571	0.03358
49	0.00922	0.00604	0.00715	0.00719	0.00762	0.00593	0.00447	0.02656	0.01048	0.03833	0.07608	0.18896	0.02711	0.53385	0.02247	0.00455	0.00505	0.01025	0.00436	0.00434
50	0.07016	0.04666	0.35590	0.01825	0.06196	0.03608	0.19953	0.01945	0.01321	0.07859	0.01172	0.01374	0.00852	0.00552	0.00576	0.00183	0.00821	0.00504	0.00316	0.03671
51	0.01376	0.01305	0.03685	0.07669	0.46998	0.01269	0.03701	0.04297	0.03398	0.01937	0.01332	0.04092	0.01179	0.00680	0.00637	0.02226	0.00663	0.04737	0.00336	0.08481
52	0.00707	0.00597	0.00612	0.00613	0.00805	0.00502	0.00458	0.00862	0.01359	0.01636	0.09561	0.07827	0.69459	0.01493	0.00701	0.00200	0.00300	0.01252	0.00555	0.00502
53	0.01322	0.01270	0.04335	0.01071	0.01349	0.11976	0.00851	0.10827	0.05233	0.02020	0.07940	0.24807	0.02281	0.01057	0.00650	0.00183	0.02669	0.02439	0.03086	0.14635
54	0.00774	0.00565	0.00729	0.00767	0.00865	0.00519	0.00545	0.00965	0.01409	0.01928	0.37788	0.37192	0.10727	0.01516	0.00723	0.00211	0.00309	0.01353	0.00598	0.00519
55	0.01486	0.02394	0.39378	0.01878	0.11138	0.10230	0.07581	0.04254	0.08716	0.05449	0.01267	0.01418	0.00932	0.00595	0.00579	0.00184	0.00821	0.00496	0.00334	0.00870
56	0.01397	0.01430	0.05320	0.05601	0.60647	0.03918	0.01684	0.01734	0.01329	0.01860	0.01301	0.08642	0.01195	0.00657	0.00599	0.00182	0.00692	0.00625	0.00314	0.00874
57	0.01565	0.03717	0.01267	0.00949	0.01339	0.00956	0.00764	0.13351	0.01660	0.16608	0.16497	0.04693	0.04738	0.00784	0.00562	0.00152	0.00449	0.00649	0.02212	0.27087
58	0.10482	0.03609	0.10576	0.01291	0.03544	0.01044	0.13174	0.01600	0.03733	0.04527	0.21524	0.05019	0.04142	0.00825	0.00602	0.00181	0.00558	0.03260	0.00447	0.09861
59	0.00851	0.00573	0.00645	0.00648	0.00656	0.00568	0.00367	0.00859	0.00884	0.01172	0.02044	0.05994	0.04722	0.74408	0.02868	0.00551	0.00558	0.00896	0.00370	0.00367
60	0.06046	0.21420	0.27209	0.01525	0.07412	0.06689	0.03620	0.03216	0.01329	0.07321	0.02906	0.01504	0.01033	0.00631	0.00570	0.00174	0.03259	0.03001	0.00328	0.00808
61	0.04094	0.00951	0.01104	0.00854	0.01241	0.00786	0.00653	0.01352	0.01143	0.01785	0.01307	0.06665	0.01265	0.13163	0.00915	0.00184	0.02929	0.00522	0.00362	0.58725
62	0.01170	0.01229	0.08433	0.01167	0.01654	0.00902	0.11133	0.01482	0.01237	0.01853	0.03315	0.08282	0.01318	0.03222	0.02705	0.00168	0.00581	0.00568	0.00359	0.49223
63	0.01265	0.00888	0.02683	0.02531	0.10921	0.00840	0.00839	0.06552	0.04157	0.10169	0.23671	0.15098	0.04498	0.01031	0.00626	0.00187	0.00423	0.00902	0.12025	0.00695
64	0.01614	0.01288	0.03509	0.01327	0.03852	0.01311	0.04863	0.21371	0.06114	0.09017	0.03763	0.09084	0.01442	0.00820	0.00789	0.00182	0.12164	0.00644	0.00474	0.16374

[dist]
# distance from previous block
# <min> <max>
18	77

[block]
# block no. 5 follows, 39 sequences, length 9
# corresponding to MSA columns:
# 353-361
name=unknown_F
#
# <colnr> <probs for GDERKNQSTAVLIFYWHMCP>
#	G	D	E	R	K	N	Q	S	T	A	V	L	I	F	Y	W	H	M	C	P
0	0.06279	0.03329	0.23966	0.01248	0.03702	0.01035	0.02904	0.01931	0.01451	0.21711	0.17989	0.02150	0.02033	0.00738	0.00580	0.00177	0.00578	0.00613	0.00485	0.07102
1	0.01591	0.01705	0.16923	0.02645	0.42889	0.01381	0.01682	0.07507	0.06216	0.09707	0.01335	0.01522	0.01015	0.00587	0.00583	0.00180	0.00697	0.00526	0.00372	0.00937
2	0.01533	0.07139	0.13358	0.02852	0.48495	0.01450	0.05228	0.04363	0.01397	0.06864	0.01180	0.01437	0.00932	0.00549	0.00574	0.00176	0.00722	0.00512	0.00323	0.00915
3	0.01676	0.01388	0.02222	0.03110	0.59713	0.01391	0.01639	0.09441	0.01535	0.10220	0.01278	0.01519	0.01002	0.00569	0.00587	0.00177	0.00675	0.00535	0.00372	0.00952
4	0.01943	0.01067	0.01359	0.01162	0.05072	0.00974	0.00884	0.13089	0.01666	0.34121	0.01992	0.10903	0.01592	0.00817	0.00586	0.00171	0.00504	0.02989	0.00579	0.18530
5	0.01546	0.04750	0.09172	0.01031	0.01534	0.00988	0.00921	0.05325	0.04010	0.16857	0.03137	0.05810	0.01289	0.00635	0.00516	0.00138	0.00508	0.00517	0.00451	0.40865
6	0.14672	0.02477	0.50498	0.01685	0.02425	0.01388	0.15003	0.01855	0.01236	0.02004	0.01047	0.01265	0.00759	0.00548	0.00555	0.00189	0.00828	0.00466	0.00278	0.00822
7	0.01506	0.01362	0.02193	0.02765	0.45828	0.01380	0.09030	0.03805	0.15015	0.05177	0.03124	0.01700	0.01223	0.00602	0.00600	0.00181	0.00664	0.00582	0.00386	0.02874
8	0.01460	0.05946	0.38533	0.01663	0.09774	0.01394	0.01640	0.09031	0.10343	0.07630	0.05765	0.01635	0.01263	0.00650	0.00574	0.00183	0.00710	0.00527	0.00390	0.00886

[dist]
# distance from previous block
# <min> <max>
1	4

[block]
# block no. 6 follows, 39 sequences, length 59
# corresponding to MSA columns:
# 366-424
name=unknown_G
#
# <colnr> <probs for GDERKNQSTAVLIFYWHMCP>
#	G	D	E	R	K	N	Q	S	T	A	V	L	I	F	Y	W	H	M	C	P
0	0.03307	0.23837	0.37137	0.01584	0.07813	0.08572	0.01627	0.03381	0.01327	0.04833	0.01041	0.01195	0.00800	0.00558	0.00508	0.00166	0.00783	0.00411	0.00289	0.00833
1	0.01454	0.01390	0.02352	0.03516	0.72453	0.01380	0.01769	0.01801	0.01342	0.01932	0.01110	0.01454	0.00934	0.00523	0.00579	0.00172	0.00692	0.00520	0.00295	0.04334
2	0.01478	0.55180	0.20338	0.01288	0.04836	0.02039	0.01321	0.01849	0.04019	0.01569	0.00952	0.01089	0.00804	0.00531	0.00440	0.00146	0.00686	0.00367	0.00267	0.00800
3	0.01735	0.04706	0.05480	0.02137	0.30167	0.06120	0.01334	0.11793	0.07724	0.13594	0.06023	0.03722	0.01434	0.00688	0.00587	0.00178	0.00638	0.00591	0.00452	0.00896
4	0.01247	0.12853	0.63168	0.01638	0.02451	0.01504	0.05526	0.01861	0.01250	0.01812	0.01037	0.01227	0.00758	0.00552	0.00545	0.00180	0.00849	0.00434	0.00253	0.00855
5	0.00887	0.00572	0.00679	0.00705	0.00824	0.00530	0.00504	0.01074	0.01313	0.03906	0.18200	0.28229	0.16138	0.04109	0.00730	0.00209	0.00319	0.01160	0.19385	0.00526
6	0.02165	0.05979	0.01810	0.01343	0.01798	0.11804	0.01103	0.57225	0.02484	0.03223	0.01305	0.01339	0.00955	0.00674	0.00566	0.00168	0.00696	0.00493	0.00525	0.04344
7	0.00812	0.00604	0.00756	0.00718	0.00868	0.00547	0.00538	0.01067	0.01615	0.02230	0.62587	0.04650	0.18297	0.01262	0.00698	0.00188	0.00283	0.01102	0.00632	0.00547
8	0.02211	0.01608	0.01731	0.01339	0.01803	0.01775	0.01102	0.66346	0.07525	0.06210	0.01518	0.01493	0.01075	0.00717	0.00592	0.00179	0.00633	0.00544	0.00597	0.01001
9	0.00804	0.00560	0.00710	0.00795	0.00885	0.00510	0.00557	0.00935	0.01229	0.04423	0.07271	0.55770	0.17504	0.01703	0.00737	0.00229	0.00345	0.03962	0.00561	0.00510
10	0.00721	0.00515	0.00686	0.00823	0.00858	0.00480	0.00549	0.00823	0.01132	0.01510	0.03259	0.78831	0.03911	0.01853	0.00755	0.00240	0.00343	0.01681	0.00549	0.00480
11	0.02055	0.02527	0.01825	0.01958	0.17016	0.61297	0.01281	0.02249	0.01608	0.01547	0.00955	0.01148	0.00798	0.00592	0.00544	0.00157	0.00991	0.00411	0.00302	0.00737
12	0.00702	0.00587	0.00611	0.00630	0.00807	0.00497	0.00463	0.00845	0.01318	0.01585	0.05611	0.15875	0.65350	0.01547	0.00707	0.00205	0.00306	0.01308	0.00549	0.00497
13	0.01390	0.01577	0.03421	0.04399	0.04794	0.01489	0.69930	0.01883	0.01389	0.01886	0.01191	0.01592	0.00896	0.00501	0.00693	0.00199	0.00985	0.00690	0.00298	0.00797
14	0.00805	0.00603	0.00747	0.00711	0.00864	0.00545	0.00533	0.01055	0.01599	0.02194	0.59376	0.04709	0.21530	0.01275	0.00698	0.00189	0.00284	0.01110	0.00628	0.00545
15	0.83394	0.01144	0.00869	0.00778	0.01144	0.01327	0.00640	0.01738	0.01006	0.02653	0.00823	0.00961	0.00640	0.00549	0.00366	0.00183	0.00457	0.00320	0.00366	0.00640
16	0.00818	0.00636	0.00872	0.04614	0.01090	0.00671	0.00681	0.00966	0.01199	0.01640	0.14546	0.55001	0.03705	0.01603	0.00861	0.00231	0.08421	0.01406	0.00522	0.00519
17	0.00699	0.00599	0.00599	0.00599	0.00799	0.00499	0.00449	0.00849	0.01348	0.01598	0.05991	0.05691	0.75288	0.01498	0.00699	0.00200	0.00300	0.01248	0.00549	0.00499
18	0.01179	0.01085	0.01677	0.61534	0.08365	0.04049	0.01500	0.01548	0.01218	0.01613	0.01147	0.01619	0.00877	0.00598	0.00569	0.00187	0.00737	0.00523	0.09308	0.00665
19	0.01502	0.01417	0.02370	0.03520	0.71958	0.01426	0.01781	0.05290	0.01416	0.02019	0.01127	0.01462	0.00940	0.00536	0.00586	0.00176	0.00700	0.00527	0.00307	0.00940
20	0.02643	0.01024	0.01383	0.01060	0.01518	0.00895	0.00876	0.04762	0.01722	0.74016	0.02309	0.01997	0.01452	0.00731	0.00595	0.00183	0.00507	0.00593	0.00728	0.01006
21	0.01057	0.00572	0.00849	0.04521	0.00965	0.00592	0.00590	0.02642	0.00846	0.01128	0.01054	0.01793	0.01028	0.02018	0.04335	0.74359	0.00561	0.00518	0.00267	0.00303
22	0.01447	0.01388	0.02370	0.07268	0.72022	0.01401	0.01806	0.01800	0.01339	0.01911	0.01109	0.01469	0.00929	0.00530	0.00586	0.00177	0.00707	0.00527	0.00291	0.00923
23	0.01294	0.01294	0.01811	0.01553	0.01553	0.01811	0.01294	0.01423	0.00906	0.01423	0.00776	0.01294	0.00776	0.01035	0.01941	0.00259	0.78134	0.00518	0.00259	0.00647
24	0.01226	0.01051	0.01226	0.00876	0.01401	0.00788	0.00701	0.01489	0.01226	0.01927	0.01051	0.01226	0.00876	0.00438	0.00438	0.00088	0.00438	0.00350	0.00350	0.82832
25	0.02248	0.01656	0.01775	0.01361	0.01834	0.01834	0.01124	0.73556	0.02780	0.03727	0.01420	0.01420	0.01006	0.00710	0.00592	0.00177	0.00651	0.00532	0.00592	0.01006
26	0.02653	0.01006	0.01372	0.01052	0.01510	0.00869	0.00869	0.02882	0.01693	0.75937	0.02333	0.02013	0.01464	0.00732	0.00595	0.00183	0.00503	0.00595	0.00732	0.01006
27	0.01555	0.74488	0.07953	0.01057	0.01587	0.02276	0.01090	0.01778	0.01205	0.01423	0.00838	0.00969	0.00758	0.00510	0.00392	0.00131	0.00648	0.00324	0.00253	0.00767
28	0.02248	0.01656	0.01775	0.01361	0.01834	0.01834	0.01124	0.73556	0.02780	0.03727	0.01420	0.01420	0.01006	0.00710	0.00592	0.00177	0.00651	0.00532	0.00592	0.01006
29	0.00721	0.00515	0.00686	0.00823	0.00858	0.00480	0.00549	0.00823	0.01132	0.01510	0.03259	0.78831	0.03911	0.01853	0.00755	0.00240	0.00343	0.01681	0.00549	0.00480
30	0.00721	0.00515	0.00686	0.00823	0.00858	0.00480	0.00549	0.00823	0.01132	0.01510	0.03259	0.78831	0.03911	0.01853	0.00755	0.00240	0.00343	0.01681	0.00549	0.00480
31	0.00837	0.00604	0.00790	0.00744	0.00883	0.00558	0.00558	0.01116	0.01674	0.02371	0.75216	0.04417	0.05580	0.01209	0.00697	0.00186	0.00279	0.01069	0.00651	0.00558
32	0.01186	0.03059	0.76153	0.01686	0.02560	0.01373	0.02185	0.01873	0.01249	0.01873	0.01061	0.01249	0.00749	0.00562	0.00562	0.00187	0.00874	0.00437	0.00250	0.00874
33	0.01186	0.03059	0.76153	0.01686	0.02560	0.01373	0.02185	0.01873	0.01249	0.01873	0.01061	0.01249	0.00749	0.00562	0.00562	0.00187	0.00874	0.00437	0.00250	0.00874
34	0.00699	0.00599	0.00599	0.00599	0.00799	0.00499	0.00449	0.00849	0.01348	0.01598	0.05991	0.05691	0.75288	0.01498	0.00699	0.00200	0.00300	0.01248	0.00549	0.00499
35	0.01547	0.74625	0.05836	0.01036	0.01546	0.02262	0.01050	0.01756	0.01197	0.01409	0.00851	0.00995	0.00777	0.00609	0.02346	0.00150	0.00666	0.00329	0.00254	0.00757
36	0.00794	0.00574	0.00750	0.00767	0.00873	0.00530	0.00552	0.01011	0.01483	0.02061	0.49204	0.29539	0.06780	0.01433	0.00717	0.00205	0.00301	0.01280	0.00614	0.00530
37	0.83394	0.01144	0.00869	0.00778	0.01144	0.01327	0.00640	0.01738	0.01006	0.02653	0.00823	0.00961	0.00640	0.00549	0.00366	0.00183	0.00457	0.00320	0.00366	0.00640
38	0.01358	0.36315	0.44401	0.01393	0.02107	0.01794	0.01675	0.01828	0.01228	0.01664	0.00957	0.01118	0.00753	0.00538	0.00483	0.00161	0.00769	0.00384	0.00251	0.00824
39	0.30260	0.04301	0.03028	0.00998	0.01436	0.01198	0.00847	0.09045	0.03082	0.35514	0.01602	0.01516	0.01083	0.00647	0.00502	0.00178	0.00512	0.00474	0.00549	0.03226
40	0.03823	0.01809	0.02126	0.02851	0.49217	0.22693	0.01561	0.05487	0.01501	0.01902	0.01064	0.01337	0.00883	0.00560	0.00565	0.00169	0.00796	0.00481	0.00313	0.00862
41	0.00858	0.00600	0.00800	0.00792	0.00915	0.00561	0.03112	0.01079	0.01390	0.01999	0.32204	0.29062	0.07293	0.01322	0.00667	0.00197	0.00326	0.01179	0.15106	0.00536
42	0.01122	0.01058	0.01775	0.75634	0.04002	0.01328	0.01632	0.01508	0.01175	0.01508	0.01043	0.01569	0.00788	0.00604	0.00630	0.00199	0.02981	0.00525	0.00263	0.00657
43	0.01396	0.01595	0.03490	0.02493	0.03091	0.01496	0.73380	0.01894	0.01396	0.01894	0.01196	0.01595	0.00897	0.00499	0.00698	0.00199	0.00997	0.00698	0.00299	0.00798
44	0.00837	0.00604	0.00790	0.00744	0.00883	0.00558	0.00558	0.01116	0.01674	0.02371	0.75216	0.04417	0.05580	0.01209	0.00697	0.00186	0.00279	0.01069	0.00651	0.00558
45	0.00837	0.00604	0.00790	0.00744	0.00883	0.00558	0.00558	0.01116	0.01674	0.02371	0.75216	0.04417	0.05580	0.01209	0.00697	0.00186	0.00279	0.01069	0.00651	0.00558
46	0.02248	0.01656	0.01775	0.01361	0.01834	0.01834	0.01124	0.73556	0.02780	0.03727	0.01420	0.01420	0.01006	0.00710	0.00592	0.00177	0.00651	0.00532	0.00592	0.01006
47	0.83394	0.01144	0.00869	0.00778	0.01144	0.01327	0.00640	0.01738	0.01006	0.02653	0.00823	0.00961	0.00640	0.00549	0.00366	0.00183	0.00457	0.00320	0.00366	0.00640
48	0.00721	0.00515	0.00686	0.00823	0.00858	0.00480	0.00549	0.00823	0.01132	0.01510	0.03259	0.78831	0.03911	0.01853	0.00755	0.00240	0.00343	0.01681	0.00549	0.00480
49	0.02653	0.01006	0.01372	0.01052	0.01510	0.00869	0.00869	0.02882	0.01693	0.75937	0.02333	0.02013	0.01464	0.00732	0.00595	0.00183	0.00503	0.00595	0.00732	0.01006
50	0.01500	0.01474	0.02365	0.03528	0.71958	0.05059	0.01782	0.01841	0.01363	0.01909	0.01103	0.01444	0.00928	0.00531	0.00583	0.00175	0.00720	0.00520	0.00293	0.00925
51	0.00853	0.00601	0.00785	0.00785	0.00834	0.00650	0.00533	0.00950	0.00902	0.01251	0.01735	0.03159	0.01841	0.44836	0.36969	0.00747	0.01038	0.00756	0.00339	0.00436
52	0.01036	0.00564	0.00610	0.00610	0.00722	0.00575	0.00440	0.01261	0.01148	0.01946	0.01881	0.02481	0.01612	0.13510	0.09226	0.00296	0.00466	0.00609	0.60489	0.00518
53	0.02149	0.01739	0.01710	0.01360	0.01797	0.10148	0.01103	0.57014	0.11420	0.03320	0.01484	0.01477	0.01076	0.00710	0.00586	0.00178	0.00675	0.00532	0.00561	0.00962
54	0.01272	0.01074	0.01243	0.00911	0.01413	0.00857	0.00726	0.05069	0.04099	0.02025	0.01182	0.03417	0.01002	0.00504	0.00461	0.00101	0.00447	0.00408	0.00377	0.73412
55	0.01447	0.42916	0.35239	0.01310	0.01977	0.01859	0.01524	0.01857	0.01241	0.04380	0.00984	0.01120	0.00781	0.00539	0.00468	0.00155	0.00734	0.00380	0.00269	0.00819
56	0.01376	0.33379	0.35969	0.01539	0.02224	0.01778	0.12516	0.01835	0.01252	0.01684	0.00986	0.01181	0.00776	0.00530	0.00510	0.00165	0.00796	0.00428	0.00259	0.00816
57	0.00721	0.00515	0.00686	0.00823	0.00858	0.00480	0.00549	0.00823	0.01132	0.01510	0.03259	0.78831	0.03911	0.01853	0.00755	0.00240	0.00343	0.01681	0.00549	0.00480
58	0.01326	0.01048	0.01157	0.01050	0.01331	0.01147	0.00818	0.05042	0.43964	0.05572	0.16227	0.04995	0.09110	0.00992	0.00640	0.00200	0.00426	0.03542	0.00608	0.00806

[dist]
# distance from previous block
# <min> <max>
0	3

[block]
# block no. 7 follows, 39 sequences, length 23
# corresponding to MSA columns:
# 428-450
name=unknown_H
#
# <colnr> <probs for GDERKNQSTAVLIFYWHMCP>
#	G	D	E	R	K	N	Q	S	T	A	V	L	I	F	Y	W	H	M	C	P
0	0.02153	0.09720	0.01804	0.01478	0.01800	0.70143	0.01131	0.02308	0.01633	0.01442	0.00906	0.01056	0.00762	0.00600	0.00519	0.00150	0.01027	0.00375	0.00300	0.00692
1	0.01117	0.01051	0.01774	0.77795	0.04073	0.01314	0.01642	0.01511	0.01182	0.01511	0.01051	0.01577	0.00788	0.00591	0.00591	0.00197	0.00788	0.00526	0.00263	0.00657
2	0.01017	0.00887	0.01340	0.30199	0.04457	0.01051	0.01124	0.03201	0.01171	0.01572	0.01953	0.34041	0.02111	0.01187	0.00852	0.00223	0.11611	0.01011	0.00393	0.00599
3	0.00837	0.00604	0.00790	0.00744	0.00883	0.00558	0.00558	0.01116	0.01674	0.02371	0.75216	0.04417	0.05580	0.01209	0.00697	0.00186	0.00279	0.01069	0.00651	0.00558
4	0.01265	0.00699	0.00928	0.00817	0.01031	0.00631	0.00631	0.01532	0.01678	0.19697	0.58051	0.03851	0.04611	0.01097	0.00673	0.00185	0.00332	0.00958	0.00670	0.00664
5	0.00721	0.00515	0.00686	0.00823	0.00858	0.00480	0.00549	0.00823	0.01132	0.01510	0.03259	0.78831	0.03911	0.01853	0.00755	0.00240	0.00343	0.01681	0.00549	0.00480
6	0.00727	0.00600	0.00638	0.00629	0.00816	0.00511	0.00471	0.00903	0.01414	0.01755	0.20114	0.05431	0.61066	0.01439	0.00699	0.00197	0.00295	0.01212	0.00570	0.00511
7	0.01472	0.01261	0.01327	0.01188	0.01523	0.01451	0.00926	0.05540	0.69443	0.02488	0.02495	0.02298	0.04286	0.00823	0.00605	0.00200	0.00469	0.00684	0.00600	0.00924
8	0.02209	0.02819	0.01676	0.01524	0.01828	0.76843	0.01143	0.02361	0.01676	0.01447	0.00914	0.01066	0.00762	0.00609	0.00533	0.00152	0.01066	0.00381	0.00305	0.00686
9	0.00861	0.00620	0.00824	0.00814	0.00953	0.00583	0.00639	0.01138	0.01610	0.02249	0.60509	0.04877	0.05136	0.01296	0.00722	0.00204	0.00333	0.15448	0.00629	0.00555
10	0.01464	0.01405	0.02400	0.03630	0.75528	0.01405	0.01815	0.01815	0.01347	0.01932	0.01112	0.01464	0.00937	0.00527	0.00585	0.00176	0.00703	0.00527	0.00293	0.00937
11	0.01226	0.01051	0.01226	0.00876	0.01401	0.00788	0.00701	0.01489	0.01226	0.01927	0.01051	0.01226	0.00876	0.00438	0.00438	0.00088	0.00438	0.00350	0.00350	0.82832
12	0.66839	0.01248	0.01054	0.00897	0.01284	0.01430	0.00739	0.16390	0.01368	0.02872	0.00945	0.01054	0.00715	0.00582	0.00412	0.00182	0.00497	0.00364	0.00412	0.00715
13	0.01464	0.01405	0.02400	0.03630	0.75528	0.01405	0.01815	0.01815	0.01347	0.01932	0.01112	0.01464	0.00937	0.00527	0.00585	0.00176	0.00703	0.00527	0.00293	0.00937
14	0.00721	0.00515	0.00686	0.00823	0.00858	0.00480	0.00549	0.00823	0.01132	0.01510	0.03259	0.78831	0.03911	0.01853	0.00755	0.00240	0.00343	0.01681	0.00549	0.00480
15	0.01117	0.01051	0.01774	0.77795	0.04073	0.01314	0.01642	0.01511	0.01182	0.01511	0.01051	0.01577	0.00788	0.00591	0.00591	0.00197	0.00788	0.00526	0.00263	0.00657
16	0.01546	0.72693	0.09668	0.01072	0.01612	0.02253	0.01117	0.01780	0.01206	0.01435	0.00844	0.00976	0.00758	0.00511	0.00396	0.00132	0.00654	0.00327	0.00253	0.00769
17	0.00832	0.00607	0.00784	0.00746	0.00890	0.00558	0.00564	0.01103	0.01644	0.02304	0.68570	0.04570	0.09808	0.01241	0.00702	0.00190	0.00289	0.03403	0.00641	0.00554
18	0.01148	0.00819	0.01034	0.01061	0.01262	0.00843	0.00892	0.03733	0.14206	0.05916	0.08998	0.05255	0.06899	0.01372	0.00745	0.00241	0.00497	0.43855	0.00575	0.00650
19	0.02248	0.01656	0.01775	0.01361	0.01834	0.01834	0.01124	0.73556	0.02780	0.03727	0.01420	0.01420	0.01006	0.00710	0.00592	0.00177	0.00651	0.00532	0.00592	0.01006
20	0.01598	0.02366	0.46261	0.01619	0.02342	0.01343	0.09515	0.09919	0.01515	0.15836	0.01351	0.01447	0.00926	0.00603	0.00586	0.00187	0.00794	0.00505	0.00382	0.00905
21	0.83394	0.01144	0.00869	0.00778	0.01144	0.01327	0.00640	0.01738	0.01006	0.02653	0.00823	0.00961	0.00640	0.00549	0.00366	0.00183	0.00457	0.00320	0.00366	0.00640
22	0.00768	0.00549	0.00741	0.00878	0.00933	0.00521	0.00631	0.00905	0.01179	0.01563	0.03233	0.64109	0.03808	0.01808	0.00767	0.00247	0.00384	0.15935	0.00548	0.00493

[dist]
# distance from previous block
# <min> <max>
0	5

[block]
# block no. 8 follows, 39 sequences, length 86
# corresponding to MSA columns:
# 456-501,510-519,534-551,556-567
name=unknown_I
#
# <colnr> <probs for GDERKNQSTAVLIFYWHMCP>
#	G	D	E	R	K	N	Q	S	T	A	V	L	I	F	Y	W	H	M	C	P
0	0.00837	0.00604	0.00790	0.00744	0.00883	0.00558	0.00558	0.01116	0.01674	0.02371	0.75216	0.04417	0.05580	0.01209	0.00697	0.00186	0.00279	0.01069	0.00651	0.00558
1	0.00721	0.00515	0.00686	0.00823	0.00858	0.00480	0.00549	0.00823	0.01132	0.01510	0.03259	0.78831	0.03911	0.01853	0.00755	0.00240	0.00343	0.01681	0.00549	0.00480
2	0.01102	0.00551	0.00551	0.00551	0.00689	0.00551	0.00413	0.01378	0.01240	0.02205	0.01929	0.02205	0.01516	0.00689	0.00413	0.00138	0.00276	0.00551	0.82500	0.00551
3	0.02653	0.01006	0.01372	0.01052	0.01510	0.00869	0.00869	0.02882	0.01693	0.75937	0.02333	0.02013	0.01464	0.00732	0.00595	0.00183	0.00503	0.00595	0.00732	0.01006
