[name]
unknown

[dist]
# distance from previous block
# <min> <max>
21	68

[block]
# block no. 0 follows, 43 sequences, length 41
# corresponding to MSA columns:
# 123-136,138-164
name=unknown_A
#
# <colnr> <probs for GDERKNQSTAVLIFYWHMCP>
#	G	D	E	R	K	N	Q	S	T	A	V	L	I	F	Y	W	H	M	C	P
0	0.01127	0.00894	0.04389	0.02742	0.01164	0.00797	0.00694	0.04853	0.06448	0.03920	0.08750	0.07158	0.03830	0.00741	0.00547	0.00145	0.03998	0.00604	0.25360	0.21840
1	0.03360	0.01368	0.06482	0.05662	0.31866	0.05392	0.05079	0.03919	0.06394	0.08768	0.01248	0.02894	0.00989	0.00552	0.00528	0.00157	0.00620	0.00494	0.00351	0.13877
2	0.03968	0.01566	0.12153	0.06506	0.01823	0.04713	0.01128	0.37120	0.01923	0.13414	0.01352	0.01397	0.00954	0.00619	0.00527	0.00162	0.00613	0.00475	0.04456	0.05132
3	0.07391	0.01645	0.19181	0.01355	0.06500	0.08492	0.03169	0.13100	0.05142	0.02063	0.01284	0.05064	0.01051	0.00678	0.00636	0.00172	0.08416	0.00512	0.13425	0.00724
4	0.01161	0.00929	0.01227	0.04439	0.05440	0.03913	0.04693	0.03307	0.07873	0.06386	0.07385	0.06399	0.03945	0.04710	0.16200	0.00333	0.05827	0.03930	0.05139	0.06764
5	0.01190	0.01472	0.14778	0.09775	0.07149	0.01279	0.26111	0.01563	0.01189	0.03614	0.05670	0.05337	0.02859	0.00701	0.00821	0.00194	0.14660	0.00629	0.00308	0.00701
6	0.01415	0.01190	0.03338	0.01044	0.01349	0.05904	0.00842	0.12140	0.33537	0.07551	0.06783	0.02680	0.12307	0.03215	0.00650	0.00193	0.00483	0.04084	0.00531	0.00763
7	0.01111	0.02865	0.77667	0.01579	0.02397	0.01286	0.02046	0.01754	0.01169	0.01754	0.00994	0.01169	0.00702	0.00526	0.00526	0.00175	0.00818	0.00409	0.00234	0.00818
8	0.01046	0.00984	0.01661	0.79205	0.03814	0.01230	0.01538	0.01415	0.01107	0.01415	0.00984	0.01477	0.00738	0.00554	0.00554	0.00185	0.00738	0.00492	0.00246	0.00615
9	0.77442	0.02774	0.00899	0.00767	0.01112	0.04266	0.00631	0.01679	0.00987	0.04313	0.00810	0.00928	0.00626	0.00520	0.00355	0.00169	0.00455	0.00309	0.00347	0.00612
10	0.00771	0.00603	0.00777	0.00784	0.00869	0.00614	0.00574	0.00931	0.01237	0.01689	0.28686	0.32452	0.14684	0.03244	0.00850	0.00211	0.08839	0.01180	0.00514	0.00492
11	0.01363	0.07169	0.32571	0.01618	0.04657	0.01412	0.15875	0.15560	0.06243	0.02074	0.01257	0.05434	0.00998	0.00614	0.00558	0.00175	0.00731	0.00544	0.00340	0.00807
12	0.00805	0.00537	0.00604	0.00604	0.00604	0.00537	0.00336	0.00805	0.00805	0.01074	0.01745	0.03624	0.02013	0.80536	0.02819	0.00537	0.00537	0.00805	0.00336	0.00336
13	0.01354	0.42736	0.25726	0.01203	0.01756	0.01748	0.04066	0.05181	0.04705	0.01600	0.00992	0.01197	0.00828	0.04118	0.00549	0.00163	0.00666	0.00392	0.00272	0.00747
14	0.01306	0.01009	0.01127	0.00962	0.01288	0.01036	0.00753	0.03712	0.38682	0.08111	0.12991	0.02352	0.06485	0.00772	0.00551	0.00163	0.00404	0.00646	0.00530	0.17117
15	0.81984	0.01124	0.03086	0.00753	0.01110	0.01244	0.00643	0.01632	0.00949	0.02463	0.00778	0.00908	0.00603	0.00514	0.00348	0.00171	0.00440	0.00303	0.00340	0.00606
16	0.07063	0.41654	0.11317	0.01112	0.01595	0.07014	0.01082	0.16623	0.03174	0.03330	0.00976	0.01065	0.00784	0.00538	0.00433	0.00143	0.00634	0.00367	0.00327	0.00767
17	0.01890	0.01226	0.01379	0.01130	0.01512	0.01321	0.00910	0.23606	0.34605	0.23238	0.01970	0.01805	0.01388	0.00709	0.00559	0.00177	0.00496	0.00571	0.00594	0.00913
18	0.00805	0.00537	0.00604	0.00604	0.00604	0.00537	0.00336	0.00805	0.00805	0.01074	0.01745	0.03624	0.02013	0.80536	0.02819	0.00537	0.00537	0.00805	0.00336	0.00336
19	0.00801	0.00554	0.00692	0.00692	0.00722	0.00585	0.00445	0.00862	0.00831	0.01139	0.01665	0.03180	0.01821	0.57127	0.25965	0.00645	0.00827	0.00740	0.00324	0.00384
20	0.01046	0.00984	0.01661	0.79205	0.03814	0.01230	0.01538	0.01415	0.01107	0.01415	0.00984	0.01477	0.00738	0.00554	0.00554	0.00185	0.00738	0.00492	0.00246	0.00615
21	0.01372	0.01418	0.08797	0.14618	0.02099	0.01563	0.06576	0.17215	0.01330	0.01878	0.00952	0.01298	0.00781	0.00757	0.01132	0.00206	0.36493	0.00494	0.00312	0.00709
22	0.01161	0.13447	0.67524	0.01493	0.02265	0.01409	0.01897	0.01741	0.01163	0.01693	0.00964	0.01131	0.00703	0.00519	0.00503	0.00168	0.00788	0.00394	0.00234	0.00804
23	0.02105	0.01551	0.01662	0.01274	0.01717	0.01717	0.01053	0.75235	0.02604	0.03490	0.01330	0.01330	0.00942	0.00665	0.00554	0.00166	0.00609	0.00499	0.00554	0.00942
24	0.02463	0.00977	0.01307	0.01002	0.01431	0.00865	0.00827	0.06790	0.01643	0.73293	0.02137	0.01854	0.01347	0.00684	0.00557	0.00171	0.00479	0.00554	0.00678	0.00942
25	0.01287	0.00960	0.01152	0.06766	0.03831	0.01021	0.00825	0.02127	0.34840	0.10670	0.18478	0.02628	0.07782	0.00837	0.00581	0.00177	0.00420	0.00712	0.00541	0.04364
26	0.73103	0.01053	0.00879	0.00764	0.01118	0.01183	0.00629	0.01776	0.01031	0.12863	0.00967	0.01036	0.00707	0.00538	0.00372	0.00171	0.00434	0.00335	0.00390	0.00647
27	0.01046	0.00984	0.01661	0.79205	0.03814	0.01230	0.01538	0.01415	0.01107	0.01415	0.00984	0.01477	0.00738	0.00554	0.00554	0.00185	0.00738	0.00492	0.00246	0.00615
28	0.01481	0.80869	0.02902	0.00948	0.01421	0.02191	0.00948	0.01658	0.01125	0.01303	0.00770	0.00888	0.00711	0.00474	0.00355	0.00118	0.00592	0.00296	0.00237	0.00711
29	0.00675	0.00482	0.00643	0.00771	0.00803	0.00450	0.00514	0.00771	0.01060	0.01414	0.03053	0.80175	0.03663	0.01735	0.00707	0.00225	0.00321	0.01574	0.00514	0.00450
30	0.58012	0.01075	0.00994	0.00833	0.01204	0.01172	0.00687	0.07424	0.01226	0.21084	0.01162	0.01175	0.00816	0.00568	0.00412	0.00171	0.00453	0.00378	0.00443	0.00710
31	0.00785	0.00563	0.00716	0.00678	0.00813	0.00518	0.00509	0.01037	0.01526	0.02158	0.67912	0.04136	0.10589	0.01131	0.00641	0.00173	0.00263	0.00993	0.04341	0.00518
32	0.00675	0.00482	0.00643	0.00771	0.00803	0.00450	0.00514	0.00771	0.01060	0.01414	0.03053	0.80175	0.03663	0.01735	0.00707	0.00225	0.00321	0.01574	0.00514	0.00450
33	0.02360	0.01143	0.01410	0.01081	0.01514	0.01112	0.00893	0.26637	0.01921	0.53052	0.01903	0.01702	0.01229	0.00679	0.00556	0.00170	0.00517	0.00538	0.00642	0.00942
34	0.05043	0.00935	0.01254	0.00968	0.01385	0.00819	0.00798	0.02615	0.01564	0.72797	0.04401	0.01922	0.01463	0.00694	0.00553	0.00171	0.00464	0.00562	0.00672	0.00919
35	0.02029	0.01138	0.01338	0.01073	0.01465	0.01164	0.00871	0.20819	0.20336	0.36732	0.02148	0.01952	0.04872	0.00730	0.00562	0.00175	0.00489	0.00588	0.00614	0.00904
36	0.00762	0.00517	0.00667	0.00753	0.00826	0.00472	0.00517	0.00876	0.01132	0.05015	0.06637	0.64206	0.12314	0.01619	0.00691	0.00216	0.00321	0.01453	0.00526	0.00478
37	0.00975	0.00880	0.01305	0.01166	0.01276	0.02952	0.06581	0.01169	0.00932	0.01341	0.01272	0.03753	0.01202	0.02851	0.47599	0.00624	0.22704	0.00587	0.00286	0.00547
38	0.01231	0.01173	0.01995	0.36016	0.45557	0.01279	0.01630	0.01577	0.01195	0.01640	0.01017	0.01416	0.00817	0.00519	0.00551	0.00173	0.00693	0.00493	0.00262	0.00765
39	0.01234	0.01247	0.02032	0.40309	0.23296	0.06213	0.12420	0.01589	0.01213	0.01577	0.01062	0.01543	0.00853	0.00551	0.00569	0.00179	0.00756	0.02386	0.00268	0.00705
40	0.03800	0.05013	0.05212	0.08347	0.06605	0.01543	0.01135	0.41399	0.08081	0.05713	0.01320	0.01403	0.00970	0.00647	0.00592	0.00171	0.04192	0.00492	0.02513	0.00853

[dist]
# distance from previous block
# <min> <max>
0	5

[block]
# block no. 1 follows, 43 sequences, length 50
# corresponding to MSA columns:
# 180-229
name=unknown_B
#
# <colnr> <probs for GDERKNQSTAVLIFYWHMCP>
#	G	D	E	R	K	N	Q	S	T	A	V	L	I	F	Y	W	H	M	C	P
0	0.11655	0.01515	0.01701	0.03809	0.27412	0.14819	0.01223	0.13278	0.07349	0.04753	0.01134	0.01307	0.00893	0.00598	0.00606	0.00170	0.06168	0.00459	0.00362	0.00790
1	0.54571	0.05330	0.01182	0.04763	0.01383	0.03523	0.03040	0.04981	0.01148	0.12542	0.01011	0.01108	0.00746	0.00553	0.00436	0.00170	0.02088	0.00369	0.00383	0.00674
2	0.09874	0.01442	0.05868	0.09263	0.07202	0.05124	0.12054	0.22210	0.03436	0.02279	0.01104	0.01291	0.00839	0.00554	0.00546	0.00160	0.02246	0.00465	0.00371	0.13673
3	0.00698	0.00493	0.00639	0.00743	0.00773	0.00465	0.00487	0.00784	0.01034	0.01383	0.04837	0.66262	0.03449	0.13932	0.01033	0.00272	0.00353	0.01440	0.00489	0.00434
4	0.01006	0.00930	0.01507	0.58943	0.03102	0.01158	0.01345	0.01307	0.01073	0.01406	0.01278	0.13646	0.01190	0.00780	0.00709	0.00197	0.08887	0.00659	0.00287	0.00589
5	0.00880	0.00573	0.00712	0.00669	0.00816	0.00529	0.00504	0.01128	0.01479	0.05186	0.55894	0.03829	0.10765	0.01062	0.00608	0.00168	0.00271	0.00923	0.13469	0.00534
6	0.00673	0.00488	0.00637	0.00756	0.00799	0.00451	0.00507	0.00773	0.01075	0.01420	0.03237	0.74767	0.08951	0.01711	0.00703	0.00222	0.00318	0.01545	0.00514	0.00451
7	0.01481	0.80869	0.02902	0.00948	0.01421	0.02191	0.00948	0.01658	0.01125	0.01303	0.00770	0.00888	0.00711	0.00474	0.00355	0.00118	0.00592	0.00296	0.00237	0.00711
8	0.02432	0.00931	0.01268	0.00976	0.01396	0.00805	0.00805	0.02648	0.01585	0.75140	0.04490	0.01955	0.01490	0.00699	0.00560	0.00171	0.00465	0.00571	0.00683	0.00930
9	0.00838	0.00599	0.00830	0.00958	0.01062	0.00591	0.00798	0.01054	0.01222	0.01597	0.02962	0.24624	0.03306	0.01581	0.00751	0.00248	0.00463	0.55511	0.00511	0.00495
10	0.01098	0.00579	0.00586	0.00562	0.00710	0.00589	0.00428	0.05784	0.01249	0.02151	0.01778	0.02020	0.01391	0.00646	0.00397	0.00131	0.00279	0.00515	0.78563	0.00542
11	0.84448	0.01071	0.00814	0.00728	0.01071	0.01242	0.00600	0.01628	0.00943	0.02485	0.00771	0.00900	0.00600	0.00514	0.00343	0.00171	0.00428	0.00300	0.00343	0.00600
12	0.01072	0.00554	0.00558	0.00544	0.00684	0.00560	0.00411	0.03993	0.01214	0.02117	0.01789	0.02038	0.01402	0.00646	0.00393	0.00130	0.00271	0.00516	0.80575	0.00532
13	0.84448	0.01071	0.00814	0.00728	0.01071	0.01242	0.00600	0.01628	0.00943	0.02485	0.00771	0.00900	0.00600	0.00514	0.00343	0.00171	0.00428	0.00300	0.00343	0.00600
14	0.00699	0.00563	0.00622	0.00608	0.00775	0.00486	0.00456	0.00881	0.01367	0.01744	0.29997	0.04921	0.52315	0.01310	0.00654	0.00183	0.00274	0.01112	0.00547	0.00486
15	0.01046	0.00984	0.01661	0.79205	0.03814	0.01230	0.01538	0.01415	0.01107	0.01415	0.00984	0.01477	0.00738	0.00554	0.00554	0.00185	0.00738	0.00492	0.00246	0.00615
16	0.02212	0.01380	0.01556	0.01193	0.01632	0.01463	0.00985	0.54819	0.02317	0.24311	0.01570	0.01486	0.01063	0.00671	0.00555	0.00168	0.00571	0.00515	0.00591	0.00942
17	0.00810	0.00518	0.00686	0.00783	0.00847	0.00483	0.00542	0.00928	0.01106	0.06076	0.02937	0.68816	0.03401	0.01613	0.00685	0.00218	0.00335	0.04377	0.04356	0.00485
18	0.01046	0.00984	0.01661	0.79205	0.03814	0.01230	0.01538	0.01415	0.01107	0.01415	0.00984	0.01477	0.00738	0.00554	0.00554	0.00185	0.00738	0.00492	0.00246	0.00615
19	0.00791	0.00593	0.00890	0.00890	0.00989	0.00692	0.00692	0.00989	0.00890	0.01286	0.01483	0.02176	0.01385	0.04154	0.78341	0.00890	0.01483	0.00593	0.00297	0.00494
20	0.00675	0.00482	0.00643	0.00771	0.00803	0.00450	0.00514	0.00771	0.01060	0.01414	0.03053	0.80175	0.03663	0.01735	0.00707	0.00225	0.00321	0.01574	0.00514	0.00450
21	0.01687	0.00844	0.01098	0.00937	0.02823	0.00781	0.00726	0.08754	0.01642	0.36554	0.29501	0.04459	0.05983	0.00895	0.00599	0.00174	0.00400	0.00760	0.00626	0.00757
22	0.03256	0.02200	0.42937	0.01836	0.02495	0.01353	0.29647	0.01733	0.01196	0.01754	0.01020	0.01288	0.00753	0.00530	0.00648	0.00184	0.05636	0.00504	0.00255	0.00773
23	0.07996	0.01001	0.01271	0.00987	0.01398	0.00928	0.00813	0.10311	0.01649	0.61303	0.05081	0.01851	0.01432	0.00690	0.00546	0.00171	0.00474	0.00551	0.00645	0.00902
24	0.26328	0.10534	0.25377	0.01445	0.08243	0.03214	0.07622	0.07890	0.01246	0.02067	0.00942	0.01112	0.00719	0.00522	0.00467	0.00166	0.00659	0.00398	0.00302	0.00746
25	0.02485	0.00943	0.01285	0.00985	0.01414	0.00814	0.00814	0.02699	0.01585	0.77465	0.02185	0.01885	0.01371	0.00685	0.00557	0.00171	0.00471	0.00557	0.00685	0.00943
26	0.01532	0.76768	0.02819	0.00950	0.01421	0.02121	0.00941	0.01712	0.01149	0.05211	0.00843	0.00940	0.00745	0.00485	0.00366	0.00121	0.00586	0.00310	0.00260	0.00723
27	0.00805	0.00539	0.00616	0.00616	0.00621	0.00544	0.00351	0.00813	0.00809	0.01083	0.01734	0.03561	0.01986	0.77215	0.06103	0.00552	0.00578	0.00796	0.00334	0.00342
28	0.00784	0.00566	0.00740	0.00697	0.00827	0.00523	0.00523	0.01045	0.01568	0.02221	0.76789	0.04137	0.05226	0.01132	0.00653	0.00174	0.00261	0.01002	0.00610	0.00523
29	0.00970	0.00536	0.00753	0.00774	0.00839	0.00512	0.00549	0.00944	0.00999	0.07081	0.07262	0.25306	0.03669	0.01678	0.01372	0.39097	0.00416	0.06436	0.00406	0.00400
30	0.02485	0.00943	0.01285	0.00985	0.01414	0.00814	0.00814	0.02699	0.01585	0.77465	0.02185	0.01885	0.01371	0.00685	0.00557	0.00171	0.00471	0.00557	0.00685	0.00943
31	0.02069	0.02640	0.01569	0.01427	0.01712	0.78313	0.01070	0.02212	0.01569	0.01355	0.00856	0.00999	0.00713	0.00571	0.00499	0.00143	0.00999	0.00357	0.00285	0.00642
32	0.01481	0.80869	0.02902	0.00948	0.01421	0.02191	0.00948	0.01658	0.01125	0.01303	0.00770	0.00888	0.00711	0.00474	0.00355	0.00118	0.00592	0.00296	0.00237	0.00711
33	0.11949	0.00957	0.01231	0.00956	0.01374	0.00863	0.00789	0.02575	0.01511	0.68807	0.02022	0.01771	0.01282	0.00666	0.00532	0.00171	0.00466	0.00527	0.00646	0.00903
34	0.01859	0.04249	0.01442	0.01235	0.01514	0.50206	0.00940	0.13749	0.01625	0.01748	0.01093	0.01353	0.00919	0.06552	0.00666	0.00174	0.00815	0.00427	0.08776	0.00657
35	0.01265	0.38953	0.36094	0.01211	0.01819	0.01646	0.01404	0.01657	0.01172	0.01573	0.05383	0.01214	0.00978	0.00534	0.00451	0.00146	0.00668	0.00389	0.00260	0.03183
36	0.10133	0.19415	0.13410	0.01105	0.01559	0.06167	0.01054	0.08892	0.01396	0.24237	0.01306	0.01365	0.00952	0.02800	0.00595	0.00171	0.03803	0.00436	0.00416	0.00788
37	0.01116	0.01006	0.01050	0.01006	0.01138	0.11528	0.00766	0.04952	0.07042	0.01585	0.01791	0.21837	0.01805	0.01951	0.22663	0.00390	0.09939	0.00791	0.07073	0.00570
38	0.10859	0.05899	0.01636	0.60481	0.03209	0.03238	0.01369	0.01472	0.01091	0.01529	0.00934	0.01352	0.00719	0.00560	0.00562	0.00180	0.03579	0.00454	0.00258	0.00620
39	0.19362	0.04504	0.05435	0.18696	0.05860	0.01218	0.01037	0.09252	0.05805	0.02048	0.01046	0.01245	0.00812	0.00525	0.00463	0.00150	0.00552	0.00406	0.00339	0.21244
40	0.04191	0.00623	0.00743	0.00725	0.00872	0.00602	0.00538	0.01142	0.07490	0.02003	0.45261	0.16283	0.15032	0.01213	0.00642	0.00185	0.00295	0.01060	0.00566	0.00535
41	0.00681	0.00566	0.00598	0.00601	0.00780	0.00483	0.00459	0.00839	0.01291	0.01572	0.11938	0.05277	0.65848	0.01386	0.00661	0.00190	0.00293	0.05541	0.00523	0.00475
42	0.01104	0.00713	0.00885	0.00848	0.01020	0.00706	0.00630	0.03319	0.13687	0.12083	0.26051	0.30824	0.03456	0.01215	0.00642	0.00194	0.00349	0.01074	0.00576	0.00621
43	0.26014	0.11128	0.12237	0.02758	0.04858	0.01460	0.01069	0.17288	0.02927	0.08945	0.01088	0.01188	0.00812	0.00590	0.00541	0.00169	0.05368	0.00410	0.00383	0.00765
44	0.02069	0.02640	0.01569	0.01427	0.01712	0.78313	0.01070	0.02212	0.01569	0.01355	0.00856	0.00999	0.00713	0.00571	0.00499	0.00143	0.00999	0.00357	0.00285	0.00642
45	0.00683	0.00485	0.00640	0.00761	0.00791	0.00455	0.00503	0.00773	0.01045	0.01393	0.02973	0.75535	0.03563	0.06511	0.00835	0.00244	0.00334	0.01528	0.00503	0.00443
46	0.01957	0.01516	0.05792	0.04633	0.07662	0.01538	0.04369	0.52085	0.02203	0.10636	0.01354	0.01394	0.00955	0.00633	0.00557	0.00169	0.00630	0.00506	0.00504	0.00909
47	0.05583	0.01122	0.01804	0.35919	0.13041	0.01236	0.10640	0.08280	0.03188	0.06962	0.01269	0.06247	0.01026	0.00628	0.00565	0.00181	0.00673	0.00577	0.00341	0.00716
48	0.03297	0.00896	0.07776	0.00896	0.03143	0.00739	0.00723	0.04465	0.01389	0.08740	0.35946	0.03332	0.09749	0.13309	0.00984	0.00232	0.02470	0.00824	0.00503	0.00585
49	0.07167	0.05921	0.28961	0.01196	0.01727	0.01226	0.01255	0.16607	0.01534	0.12520	0.08875	0.03692	0.01376	0.00660	0.00526	0.00166	0.00600	0.00521	0.00418	0.05052

[dist]
# distance from previous block
# <min> <max>
1	28

[block]
# block no. 2 follows, 43 sequences, length 39
# corresponding to MSA columns:
# 384-422
name=unknown_C
#
# <colnr> <probs for GDERKNQSTAVLIFYWHMCP>
#	G	D	E	R	K	N	Q	S	T	A	V	L	I	F	Y	W	H	M	C	P
0	0.11247	0.11699	0.27523	0.06187	0.11770	0.07147	0.04453	0.05183	0.06477	0.01863	0.01044	0.01217	0.00802	0.00539	0.00495	0.00166	0.00701	0.00423	0.00297	0.00769
1	0.12403	0.01223	0.07821	0.46001	0.13635	0.01259	0.01433	0.04892	0.01182	0.01748	0.00980	0.01344	0.00748	0.00539	0.00519	0.00176	0.00678	0.00456	0.00278	0.02687
2	0.01096	0.01015	0.01675	0.74299	0.05429	0.01252	0.01522	0.04403	0.01171	0.01508	0.01000	0.01468	0.00750	0.00557	0.00554	0.00183	0.00731	0.00492	0.00259	0.00635
3	0.00962	0.00481	0.00722	0.00722	0.00722	0.00481	0.00481	0.00722	0.00722	0.00962	0.00962	0.01684	0.00962	0.01924	0.02165	0.83886	0.00481	0.00481	0.00241	0.00241
4	0.00978	0.00899	0.07394	0.01141	0.09185	0.00735	0.03147	0.01311	0.03808	0.05485	0.47068	0.07566	0.05879	0.01008	0.00629	0.00178	0.00394	0.02052	0.00525	0.00617
5	0.00784	0.00566	0.00740	0.00697	0.00827	0.00523	0.00523	0.01045	0.01568	0.02221	0.76789	0.04137	0.05226	0.01132	0.00653	0.00174	0.00261	0.01002	0.00610	0.00523
6	0.01614	0.01395	0.01394	0.01227	0.03152	0.07827	0.00947	0.22353	0.46559	0.02523	0.01945	0.01844	0.03254	0.00724	0.00558	0.00178	0.00532	0.00580	0.00530	0.00865
7	0.01273	0.01260	0.01596	0.01383	0.01441	0.05790	0.01134	0.03824	0.07343	0.01490	0.01004	0.05400	0.00968	0.00959	0.01541	0.00229	0.61888	0.00547	0.00296	0.00633
8	0.01087	0.03395	0.01143	0.01014	0.01186	0.07815	0.06982	0.06666	0.04671	0.01656	0.02147	0.28481	0.02293	0.11695	0.02661	0.00258	0.00542	0.09501	0.06253	0.00554
9	0.02881	0.48148	0.15032	0.01011	0.01484	0.01656	0.01041	0.01538	0.01143	0.01493	0.04252	0.08983	0.01200	0.00631	0.00436	0.00139	0.00571	0.00475	0.00289	0.07595
10	0.02485	0.00943	0.01285	0.00985	0.01414	0.00814	0.00814	0.02699	0.01585	0.77465	0.02185	0.01885	0.01371	0.00685	0.00557	0.00171	0.00471	0.00557	0.00685	0.00943
11	0.01876	0.02253	0.01502	0.04274	0.01730	0.58226	0.01044	0.02345	0.18209	0.01573	0.01173	0.01255	0.00933	0.00610	0.00516	0.00154	0.00864	0.00422	0.00346	0.00693
12	0.01142	0.01067	0.01780	0.61701	0.18533	0.01262	0.01557	0.03570	0.01181	0.01554	0.01006	0.01451	0.00772	0.00545	0.00553	0.00180	0.00718	0.00493	0.00261	0.00677
13	0.00871	0.00566	0.00734	0.00735	0.00859	0.00515	0.00535	0.01060	0.01362	0.07935	0.38464	0.31314	0.10270	0.01335	0.00665	0.00193	0.00301	0.01185	0.00574	0.00526
14	0.00763	0.00545	0.00744	0.00872	0.00943	0.00526	0.00668	0.00924	0.01148	0.01513	0.03004	0.50083	0.03469	0.01652	0.00731	0.00237	0.00398	0.30792	0.00512	0.00474
15	0.04758	0.00948	0.01115	0.00962	0.01276	0.00959	0.00763	0.04958	0.24745	0.29746	0.04917	0.09082	0.09310	0.00900	0.00583	0.00185	0.00427	0.02983	0.00590	0.00793
16	0.07498	0.15719	0.59383	0.01409	0.02134	0.01434	0.01754	0.01728	0.01145	0.01734	0.00940	0.01102	0.00695	0.00517	0.00484	0.00166	0.00751	0.00382	0.00243	0.00784
17	0.01057	0.00760	0.00959	0.26142	0.01741	0.03903	0.00809	0.01336	0.01133	0.01748	0.01477	0.01875	0.01181	0.02745	0.05919	0.00210	0.00536	0.00514	0.45409	0.00548
18	0.00799	0.00589	0.00868	0.00868	0.00964	0.00681	0.00669	0.00991	0.00895	0.01302	0.01503	0.02227	0.01409	0.06907	0.73096	0.00853	0.01410	0.00599	0.02879	0.00489
19	0.00709	0.00512	0.00677	0.00786	0.00846	0.00480	0.00558	0.00840	0.01134	0.01506	0.08380	0.61337	0.07656	0.01648	0.00708	0.00223	0.00339	0.10676	0.00520	0.00464
20	0.01236	0.01313	0.08395	0.30063	0.11709	0.03366	0.20022	0.01622	0.01266	0.05724	0.08630	0.01716	0.01257	0.00587	0.00585	0.00179	0.00730	0.00576	0.00318	0.00706
21	0.06412	0.05395	0.03676	0.42619	0.23584	0.01283	0.01462	0.01605	0.01171	0.06157	0.01048	0.01397	0.00804	0.00538	0.00528	0.00174	0.00675	0.00472	0.00285	0.00716
22	0.01434	0.50175	0.24575	0.01173	0.01736	0.06093	0.01280	0.05097	0.01231	0.01538	0.00866	0.00997	0.00719	0.00503	0.00422	0.00139	0.00681	0.00342	0.00253	0.00749
23	0.00793	0.00561	0.00740	0.00746	0.00795	0.00606	0.00512	0.00890	0.00857	0.01190	0.01683	0.06546	0.01795	0.40891	0.38252	0.00688	0.00972	0.00742	0.00326	0.00416
24	0.00804	0.00544	0.00641	0.00641	0.00654	0.00557	0.00382	0.00829	0.00816	0.01102	0.01711	0.03435	0.01931	0.70544	0.12699	0.00583	0.00661	0.00778	0.00330	0.00356
25	0.01481	0.80869	0.02902	0.00948	0.01421	0.02191	0.00948	0.01658	0.01125	0.01303	0.00770	0.00888	0.00711	0.00474	0.00355	0.00118	0.00592	0.00296	0.00237	0.00711
26	0.00737	0.00519	0.00670	0.00741	0.00787	0.00499	0.00502	0.00847	0.01081	0.01460	0.13064	0.45004	0.03404	0.19905	0.03548	0.00312	0.00409	0.05595	0.00479	0.00439
27	0.00680	0.00562	0.00596	0.00588	0.00764	0.00478	0.00441	0.00844	0.01322	0.01639	0.19625	0.05095	0.62753	0.01349	0.00654	0.00184	0.00277	0.01136	0.00533	0.00478
28	0.01481	0.80869	0.02902	0.00948	0.01421	0.02191	0.00948	0.01658	0.01125	0.01303	0.00770	0.00888	0.00711	0.00474	0.00355	0.00118	0.00592	0.00296	0.00237	0.00711
29	0.00741	0.00562	0.00682	0.00657	0.00802	0.00503	0.00491	0.00960	0.01458	0.01973	0.52599	0.06814	0.27270	0.01234	0.00655	0.00180	0.00269	0.01071	0.00577	0.00503
30	0.01481	0.80869	0.02902	0.00948	0.01421	0.02191	0.00948	0.01658	0.01125	0.01303	0.00770	0.00888	0.00711	0.00474	0.00355	0.00118	0.00592	0.00296	0.00237	0.00711
31	0.02062	0.01509	0.01616	0.01244	0.01674	0.01669	0.01026	0.72248	0.02546	0.03433	0.01349	0.01359	0.00961	0.00664	0.00547	0.00165	0.00595	0.00499	0.03908	0.00925
32	0.00827	0.00573	0.00662	0.00649	0.00649	0.00599	0.00382	0.00834	0.00808	0.01088	0.01691	0.03495	0.01945	0.76283	0.02765	0.00521	0.04759	0.00788	0.00331	0.00350
33	0.84448	0.01071	0.00814	0.00728	0.01071	0.01242	0.00600	0.01628	0.00943	0.02485	0.00771	0.00900	0.00600	0.00514	0.00343	0.00171	0.00428	0.00300	0.00343	0.00600
34	0.13398	0.01485	0.01546	0.01199	0.01629	0.01652	0.00991	0.65140	0.02376	0.03352	0.01253	0.01271	0.00895	0.00644	0.00525	0.00167	0.00585	0.00471	0.00525	0.00895
35	0.08383	0.57217	0.10940	0.01051	0.01532	0.10107	0.01055	0.01725	0.01162	0.01457	0.00804	0.00932	0.00701	0.00493	0.00389	0.00132	0.00647	0.00316	0.00250	0.00706
36	0.02159	0.01466	0.01609	0.01234	0.01675	0.01590	0.01019	0.65036	0.02461	0.13892	0.01450	0.01408	0.01002	0.00668	0.00554	0.00167	0.00590	0.00507	0.00573	0.00942
37	0.01931	0.01386	0.04592	0.01174	0.01585	0.01414	0.00989	0.51117	0.04054	0.13494	0.07934	0.04777	0.01482	0.00746	0.00568	0.00171	0.00554	0.00591	0.00563	0.00880
38	0.00801	0.00553	0.00683	0.00683	0.00711	0.00580	0.00434	0.00856	0.00829	0.01132	0.01673	0.03223	0.01839	0.59399	0.23718	0.00635	0.00799	0.00747	0.00325	0.00380

[dist]
# distance from previous block
# <min> <max>
0	1

[block]
# block no. 3 follows, 43 sequences, length 24
# corresponding to MSA columns:
# 424-446,448
name=unknown_D
#
# <colnr> <probs for GDERKNQSTAVLIFYWHMCP>
#	G	D	E	R	K	N	Q	S	T	A	V	L	I	F	Y	W	H	M	C	P
0	0.00709	0.00512	0.00653	0.00743	0.00800	0.00479	0.00511	0.00820	0.01099	0.01451	0.07708	0.54134	0.11171	0.10422	0.00937	0.00255	0.00350	0.06300	0.00500	0.00448
1	0.09272	0.01013	0.01578	0.68759	0.03471	0.01249	0.01429	0.04032	0.01144	0.01593	0.00976	0.01415	0.00732	0.00554	0.00533	0.00183	0.00703	0.00474	0.00266	0.00625
2	0.01872	0.06860	0.01488	0.01086	0.01467	0.01344	0.00894	0.39989	0.04403	0.17226	0.06977	0.07015	0.01533	0.00759	0.00551	0.00166	0.00518	0.00606	0.02843	0.02404
3	0.05623	0.00963	0.01266	0.00979	0.01395	0.00862	0.00807	0.05855	0.01605	0.68812	0.04473	0.01893	0.01445	0.00692	0.00552	0.00171	0.00469	0.00558	0.00664	0.00916
4	0.00739	0.00546	0.00656	0.00704	0.00787	0.00519	0.00496	0.00848	0.01059	0.01362	0.03280	0.23519	0.23559	0.23638	0.06949	0.00353	0.00477	0.09627	0.00448	0.00433
5	0.04104	0.12885	0.07038	0.01149	0.01513	0.21690	0.00979	0.16024	0.01582	0.12545	0.01457	0.12329	0.01274	0.00752	0.00522	0.00162	0.00653	0.00580	0.02029	0.00734
6	0.06199	0.00985	0.01232	0.00979	0.01368	0.00935	0.00799	0.06728	0.10794	0.54969	0.04115	0.01898	0.01457	0.00695	0.00543	0.00171	0.00458	0.00560	0.04228	0.00888
7	0.00706	0.00512	0.00666	0.00736	0.00807	0.00472	0.00511	0.00853	0.01222	0.01656	0.24919	0.53199	0.08611	0.01537	0.00688	0.00208	0.00301	0.01381	0.00542	0.00472
8	0.01329	0.01244	0.02064	0.22736	0.53966	0.01317	0.01621	0.05831	0.01298	0.01804	0.01043	0.01396	0.00845	0.00519	0.00550	0.00170	0.00676	0.00493	0.00283	0.00814
9	0.00748	0.00585	0.00770	0.06525	0.03528	0.00571	0.00614	0.00888	0.01099	0.01420	0.03284	0.37168	0.22168	0.09157	0.05320	0.00279	0.00448	0.04496	0.00457	0.00475
10	0.58311	0.21087	0.01385	0.00829	0.01201	0.06563	0.00718	0.01674	0.01029	0.02115	0.00776	0.00903	0.00635	0.00508	0.00356	0.00156	0.00507	0.00303	0.00313	0.00630
11	0.84448	0.01071	0.00814	0.00728	0.01071	0.01242	0.00600	0.01628	0.00943	0.02485	0.00771	0.00900	0.00600	0.00514	0.00343	0.00171	0.00428	0.00300	0.00343	0.00600
12	0.00675	0.00482	0.00643	0.00771	0.00803	0.00450	0.00514	0.00771	0.01060	0.01414	0.03053	0.80175	0.03663	0.01735	0.00707	0.00225	0.00321	0.01574	0.00514	0.00450
13	0.00689	0.00497	0.00647	0.00747	0.00797	0.00461	0.00504	0.00801	0.01115	0.01489	0.10578	0.65932	0.07956	0.04036	0.00762	0.00227	0.00319	0.01470	0.00518	0.00455
14	0.00791	0.00593	0.00890	0.00890	0.00989	0.00692	0.00692	0.00989	0.00890	0.01286	0.01483	0.02176	0.01385	0.04154	0.78341	0.00890	0.01483	0.00593	0.00297	0.00494
15	0.00837	0.00562	0.00711	0.00708	0.00837	0.00510	0.00518	0.01030	0.01369	0.06181	0.38960	0.25364	0.15631	0.01305	0.00656	0.00189	0.00293	0.01150	0.02672	0.00518
16	0.01378	0.01190	0.01252	0.01127	0.01440	0.01378	0.00877	0.02943	0.76081	0.02317	0.02254	0.02066	0.01691	0.00751	0.00564	0.00188	0.00438	0.00626	0.00564	0.00877
17	0.02005	0.01455	0.01555	0.01203	0.01617	0.01605	0.00990	0.68328	0.02469	0.03357	0.01374	0.01398	0.00986	0.00663	0.00538	0.00163	0.00577	0.00500	0.08312	0.00902
18	0.01378	0.01190	0.01252	0.01127	0.01440	0.01378	0.00877	0.02943	0.76081	0.02317	0.02254	0.02066	0.01691	0.00751	0.00564	0.00188	0.00438	0.00626	0.00564	0.00877
19	0.01492	0.73923	0.02744	0.00954	0.01405	0.05824	0.00932	0.01671	0.01148	0.01335	0.00815	0.00940	0.00739	0.00485	0.00364	0.00120	0.00599	0.00308	0.03504	0.00700
20	0.68660	0.00959	0.00797	0.00727	0.01005	0.01098	0.00577	0.01457	0.00901	0.02197	0.00807	0.01048	0.00668	0.00781	0.00687	0.16003	0.00438	0.00334	0.00323	0.00532
21	0.00833	0.00640	0.00931	0.14873	0.01375	0.00728	0.00731	0.00998	0.00917	0.01258	0.01579	0.08007	0.01607	0.24807	0.37610	0.00617	0.01001	0.00705	0.00314	0.00468
22	0.02018	0.01508	0.01613	0.01257	0.01684	0.01677	0.01032	0.66566	0.11415	0.03350	0.01441	0.01418	0.01032	0.00675	0.00555	0.00169	0.00589	0.00514	0.00555	0.00934
23	0.02115	0.01423	0.01562	0.01203	0.01631	0.01541	0.00992	0.62009	0.02402	0.13828	0.01469	0.01438	0.01022	0.00667	0.00548	0.00165	0.00576	0.00508	0.03979	0.00924

[dist]
# distance from previous block
# <min> <max>
0	1

[block]
# block no. 4 follows, 43 sequences, length 100
# corresponding to MSA columns:
# 450-463,468-522,531-561
name=unknown_E
#
# <colnr> <probs for GDERKNQSTAVLIFYWHMCP>
#	G	D	E	R	K	N	Q	S	T	A	V	L	I	F	Y	W	H	M	C	P
0	0.78016	0.01109	0.00880	0.00771	0.01122	0.01280	0.00635	0.07377	0.01072	0.02563	0.00815	0.00933	0.00627	0.00526	0.00359	0.00171	0.00443	0.00315	0.00359	0.00627
1	0.01148	0.01114	0.01651	0.04923	0.07431	0.01465	0.03568	0.01321	0.00914	0.01380	0.00905	0.01409	0.00855	0.01441	0.14691	0.00343	0.54063	0.00510	0.00255	0.00613
2	0.15294	0.01016	0.01569	0.63316	0.03316	0.01238	0.03760	0.01463	0.01086	0.01609	0.00952	0.01379	0.00718	0.00544	0.00521	0.00182	0.00692	0.00465	0.00264	0.00617
3	0.05905	0.01054	0.01189	0.00867	0.01346	0.00879	0.00699	0.09896	0.01304	0.02036	0.01012	0.01155	0.00822	0.00445	0.00423	0.00097	0.00434	0.00346	0.00355	0.69735
4	0.01144	0.01089	0.01716	0.12448	0.06116	0.04664	0.16545	0.03176	0.01114	0.01550	0.01226	0.03765	0.01087	0.04819	0.17439	0.00354	0.14384	0.00584	0.06163	0.00616
5	0.01535	0.01589	0.01804	0.01470	0.01723	0.21751	0.15412	0.10141	0.01373	0.01772	0.01054	0.01340	0.00864	0.00687	0.00902	0.00181	0.23590	0.00490	0.11654	0.00669
6	0.02105	0.01446	0.01584	0.01226	0.01658	0.01575	0.01009	0.60676	0.07583	0.13127	0.01506	0.01454	0.01050	0.00674	0.00555	0.00168	0.00579	0.00515	0.00572	0.00937
7	0.00675	0.00482	0.00643	0.00771	0.00803	0.00450	0.00514	0.00771	0.01060	0.01414	0.03053	0.80175	0.03663	0.01735	0.00707	0.00225	0.00321	0.01574	0.00514	0.00450
8	0.02386	0.01102	0.01384	0.01061	0.01493	0.01050	0.00876	0.21660	0.01851	0.58128	0.01961	0.01740	0.01259	0.00680	0.00556	0.00170	0.00507	0.00542	0.00651	0.00942
9	0.02282	0.01269	0.01487	0.01140	0.01576	0.01298	0.00942	0.41547	0.02131	0.37846	0.01727	0.01588	0.01141	0.00674	0.00555	0.00169	0.00545	0.00526	0.00615	0.00942
10	0.00792	0.00592	0.00883	0.00883	0.00980	0.00689	0.00684	0.00985	0.00888	0.01281	0.01490	0.02210	0.01399	0.05943	0.76572	0.00882	0.01461	0.00598	0.00298	0.00491
11	0.84448	0.01071	0.00814	0.00728	0.01071	0.01242	0.00600	0.01628	0.00943	0.02485	0.00771	0.00900	0.00600	0.00514	0.00343	0.00171	0.00428	0.00300	0.00343	0.00600
12	0.02398	0.00962	0.01283	0.00996	0.01416	0.00858	0.00819	0.02718	0.07404	0.71595	0.02190	0.01899	0.01396	0.00691	0.00557	0.00173	0.00469	0.00562	0.00676	0.00937
13	0.00794	0.00583	0.00838	0.00838	0.00919	0.00664	0.00627	0.00955	0.00875	0.01247	0.01531	0.02441	0.01500	0.18117	0.64536	0.00826	0.01310	0.00632	0.00304	0.00465
14	0.00779	0.00613	0.00710	0.00677	0.00844	0.00568	0.00510	0.01095	0.07267	0.01942	0.42878	0.04446	0.33217	0.01209	0.00647	0.00180	0.00283	0.01038	0.00568	0.00529
15	0.01054	0.00986	0.01676	0.70735	0.05538	0.01201	0.03947	0.01416	0.01118	0.01454	0.01061	0.03341	0.00832	0.00579	0.00556	0.00184	0.00720	0.00524	0.02457	0.00620
16	0.01142	0.00990	0.01203	0.06959	0.01512	0.00802	0.00740	0.01395	0.01137	0.01762	0.00978	0.01176	0.00811	0.00436	0.00458	0.00094	0.02497	0.00345	0.00319	0.75244
17	0.00843	0.00603	0.00832	0.00938	0.01050	0.00592	0.00784	0.01072	0.01276	0.01687	0.12154	0.18248	0.03520	0.01514	0.00741	0.00240	0.00448	0.52432	0.00523	0.00502
18	0.01161	0.00995	0.01154	0.00837	0.01319	0.00772	0.00668	0.01477	0.05139	0.01832	0.01052	0.01197	0.00867	0.00428	0.00418	0.00088	0.00412	0.00344	0.00341	0.79499
19	0.00839	0.00602	0.00822	0.00812	0.00895	0.00673	0.00597	0.02973	0.00923	0.01315	0.01560	0.02535	0.01541	0.24292	0.53486	0.00751	0.01166	0.00645	0.03109	0.00465
20	0.09238	0.01189	0.01296	0.01011	0.01412	0.01218	0.00827	0.36012	0.01888	0.14626	0.01727	0.01709	0.06920	0.00673	0.00512	0.00154	0.00495	0.00518	0.05492	0.13082
21	0.02069	0.02640	0.01569	0.01427	0.01712	0.78313	0.01070	0.02212	0.01569	0.01355	0.00856	0.00999	0.00713	0.00571	0.00499	0.00143	0.00999	0.00357	0.00285	0.00642
22	0.01111	0.02865	0.77667	0.01579	0.02397	0.01286	0.02046	0.01754	0.01169	0.01754	0.00994	0.01169	0.00702	0.00526	0.00526	0.00175	0.00818	0.00409	0.00234	0.00818
23	0.00695	0.00552	0.00624	0.00629	0.00779	0.00481	0.00463	0.00864	0.01322	0.01693	0.25741	0.15362	0.46096	0.01371	0.00661	0.00189	0.00281	0.01177	0.00542	0.00481
24	0.84448	0.01071	0.00814	0.00728	0.01071	0.01242	0.00600	0.01628	0.00943	0.02485	0.00771	0.00900	0.00600	0.00514	0.00343	0.00171	0.00428	0.00300	0.00343	0.00600
25	0.00675	0.00482	0.00643	0.00771	0.00803	0.00450	0.00514	0.00771	0.01060	0.01414	0.03053	0.80175	0.03663	0.01735	0.00707	0.00225	0.00321	0.01574	0.00514	0.00450
26	0.01046	0.00984	0.01661	0.79205	0.03814	0.01230	0.01538	0.01415	0.01107	0.01415	0.00984	0.01477	0.00738	0.00554	0.00554	0.00185	0.00738	0.00492	0.00246	0.00615
27	0.00882	0.00634	0.00878	0.01000	0.01130	0.00630	0.00872	0.01132	0.01274	0.01651	0.03046	0.06208	0.06327	0.01525	0.00760	0.00252	0.00500	0.70278	0.00510	0.00508
28	0.00691	0.00495	0.00657	0.00760	0.00807	0.00461	0.00515	0.00812	0.01136	0.01535	0.14120	0.68761	0.03898	0.01645	0.00699	0.00217	0.00312	0.01488	0.00528	0.00461
29	0.00656	0.00555	0.00568	0.00578	0.00753	0.00466	0.00428	0.00793	0.01246	0.01489	0.05402	0.11439	0.70882	0.01430	0.00659	0.00190	0.00284	0.01202	0.00514	0.00466
30	0.78046	0.01061	0.00851	0.00748	0.01098	0.01209	0.00617	0.01712	0.00993	0.08342	0.00882	0.00977	0.00660	0.00527	0.00359	0.00171	0.00432	0.00320	0.00370	0.00627
31	0.84448	0.01071	0.00814	0.00728	0.01071	0.01242	0.00600	0.01628	0.00943	0.02485	0.00771	0.00900	0.00600	0.00514	0.00343	0.00171	0.00428	0.00300	0.00343	0.00600
32	0.02028	0.00841	0.01139	0.00908	0.01256	0.00736	0.00736	0.02255	0.01580	0.57244	0.22234	0.02490	0.02407	0.00806	0.00583	0.00172	0.00415	0.00676	0.00665	0.00830
33	0.01207	0.00680	0.00889	0.00806	0.01004	0.00632	0.00620	0.03173	0.03033	0.19579	0.40108	0.14192	0.05676	0.01193	0.02753	0.00202	0.00370	0.02661	0.00598	0.00625
34	0.01046	0.00984	0.01661	0.79205	0.03814	0.01230	0.01538	0.01415	0.01107	0.01415	0.00984	0.01477	0.00738	0.00554	0.00554	0.00185	0.00738	0.00492	0.00246	0.00615
35	0.01111	0.05768	0.71440	0.01516	0.02291	0.01288	0.01938	0.01719	0.01185	0.01757	0.04285	0.01288	0.00899	0.00551	0.00525	0.00173	0.00786	0.00431	0.00250	0.00801
36	0.02485	0.00943	0.01285	0.00985	0.01414	0.00814	0.00814	0.02699	0.01585	0.77465	0.02185	0.01885	0.01371	0.00685	0.00557	0.00171	0.00471	0.00557	0.00685	0.00943
37	0.02274	0.01197	0.01434	0.01103	0.01530	0.01199	0.00910	0.34188	0.02028	0.43255	0.03846	0.01705	0.01289	0.00689	0.00558	0.00169	0.00526	0.00544	0.00626	0.00931
38	0.01008	0.00642	0.00821	0.00797	0.00954	0.00609	0.00600	0.01316	0.07225	0.11072	0.35069	0.24161	0.07029	0.01243	0.00655	0.00194	0.00331	0.05114	0.00580	0.00579
39	0.00746	0.00577	0.00846	0.11115	0.01256	0.00581	0.02411	0.00895	0.01090	0.01449	0.04639	0.64358	0.03242	0.01530	0.00685	0.00218	0.00393	0.03010	0.00476	0.00482
40	0.73626	0.01277	0.00913	0.00820	0.01155	0.11367	0.00662	0.01705	0.01025	0.02336	0.00782	0.00913	0.00615	0.00522	0.00363	0.00168	0.00503	0.00307	0.00335	0.00605
41	0.00780	0.00562	0.00772	0.00789	0.00850	0.00614	0.00563	0.00906	0.00887	0.01239	0.01767	0.12853	0.01871	0.26565	0.45670	0.00698	0.01049	0.00785	0.00337	0.00441
42	0.01161	0.01137	0.01656	0.18538	0.04409	0.02905	0.03146	0.01359	0.00957	0.01392	0.00921	0.03205	0.00853	0.01015	0.05267	0.00254	0.48779	0.00520	0.01915	0.00610
43	0.00789	0.00577	0.00705	0.00687	0.00840	0.00519	0.00525	0.01005	0.01433	0.03745	0.44198	0.06704	0.28082	0.01256	0.00662	0.00186	0.00294	0.06712	0.00570	0.00512
44	0.01355	0.01144	0.03293	0.09068	0.01646	0.01246	0.00948	0.12330	0.40736	0.04068	0.10446	0.02194	0.01871	0.00950	0.04716	0.00221	0.00540	0.01923	0.00514	0.00792
45	0.01148	0.00984	0.01148	0.00820	0.01312	0.00738	0.00656	0.01395	0.01148	0.01805	0.00984	0.01148	0.00820	0.00410	0.00410	0.00082	0.00410	0.00328	0.00328	0.83922
46	0.00695	0.00497	0.00660	0.00758	0.00808	0.00463	0.00516	0.00821	0.01152	0.01560	0.16401	0.66410	0.03946	0.01626	0.00697	0.00216	0.00310	0.01471	0.00531	0.00463
47	0.00805	0.00537	0.00604	0.00604	0.00604	0.00537	0.00336	0.00805	0.00805	0.01074	0.01745	0.03624	0.02013	0.80536	0.02819	0.00537	0.00537	0.00805	0.00336	0.00336
48	0.02105	0.01551	0.01662	0.01274	0.01717	0.01717	0.01053	0.75235	0.02604	0.03490	0.01330	0.01330	0.00942	0.00665	0.00554	0.00166	0.00609	0.00499	0.00554	0.00942
49	0.00852	0.00672	0.00981	0.00949	0.01034	0.00817	0.00746	0.01037	0.00889	0.01306	0.01397	0.02077	0.01312	0.05261	0.64862	0.00780	0.11686	0.00582	0.02253	0.00506
50	0.00792	0.00588	0.00864	0.00864	0.00954	0.00678	0.00659	0.00972	0.00882	0.01266	0.01507	0.02309	0.01442	0.11174	0.71401	0.00858	0.01396	0.00613	0.00300	0.00480
51	0.02192	0.01412	0.01576	0.01208	0.01648	0.01511	0.00998	0.58626	0.02371	0.20429	0.01526	0.01457	0.01040	0.00670	0.00555	0.00167	0.00578	0.00512	0.00584	0.00942
52	0.00925	0.00615	0.00894	0.00871	0.00986	0.00687	0.00669	0.01105	0.00936	0.07216	0.01563	0.02288	0.01442	0.11003	0.65226	0.00801	0.01316	0.00610	0.00331	0.00515
53	0.01212	0.01212	0.01696	0.01454	0.01454	0.01696	0.01212	0.01333	0.00848	0.01333	0.00727	0.01212	0.00727	0.00969	0.01818	0.00242	0.79523	0.00485	0.00242	0.00606
54	0.82330	0.01068	0.00826	0.00735	0.01080	0.01231	0.00605	0.01656	0.00959	0.04423	0.00808	0.00925	0.00620	0.00519	0.00348	0.00171	0.00430	0.00307	0.00352	0.00609
55	0.01148	0.00984	0.01148	0.00820	0.01312	0.00738	0.00656	0.01395	0.01148	0.01805	0.00984	0.01148	0.00820	0.00410	0.00410	0.00082	0.00410	0.00328	0.00328	0.83922
56	0.00757	0.00565	0.00703	0.00668	0.00811	0.00511	0.00501	0.00992	0.01503	0.02068	0.61806	0.04388	0.20304	0.01189	0.00653	0.00177	0.00265	0.01037	0.00590	0.00511
57	0.00804	0.00541	0.00625	0.00625	0.00632	0.00548	0.00361	0.00819	0.00811	0.01089	0.01726	0.03520	0.01968	0.75037	0.08256	0.00562	0.00605	0.00790	0.00333	0.00347
58	0.01046	0.00984	0.01661	0.79205	0.03814	0.01230	0.01538	0.01415	0.01107	0.01415	0.00984	0.01477	0.00738	0.00554	0.00554	0.00185	0.00738	0.00492	0.00246	0.00615
59	0.00913	0.00597	0.00771	0.00710	0.00869	0.00542	0.00538	0.01161	0.01545	0.08322	0.65124	0.04046	0.10505	0.01117	0.00645	0.00175	0.00280	0.00978	0.00608	0.00553
60	0.00837	0.00598	0.00829	0.00957	0.01060	0.00590	0.00797	0.01052	0.01221	0.01596	0.02963	0.24983	0.03308	0.01582	0.00750	0.00247	0.00462	0.55162	0.00511	0.00495
61	0.00690	0.00496	0.00654	0.00754	0.00805	0.00461	0.00513	0.00811	0.01138	0.01530	0.13558	0.67227	0.06027	0.01640	0.00698	0.00217	0.00312	0.01482	0.00528	0.00461
62	0.01150	0.01173	0.02235	0.49536	0.06935	0.01292	0.26528	0.01550	0.01182	0.01555	0.01033	0.01478	0.00779	0.00521	0.00587	0.00184	0.00801	0.00547	0.00259	0.00672
63	0.00766	0.00553	0.00730	0.00757	0.00862	0.00517	0.00568	0.00979	0.01384	0.01909	0.45147	0.24971	0.06264	0.01355	0.00683	0.00199	0.00312	0.10975	0.00568	0.00500
64	0.01472	0.03315	0.07406	0.07492	0.06623	0.24673	0.01105	0.04878	0.03730	0.03669	0.01374	0.05715	0.04155	0.02620	0.00782	0.00183	0.13021	0.00540	0.06590	0.00660
65	0.01190	0.01196	0.01611	0.54283	0.03068	0.10114	0.01375	0.01482	0.01121	0.01410	0.00935	0.01372	0.00742	0.00628	0.00738	0.01671	0.11295	0.00467	0.00254	0.05047
66	0.78109	0.01102	0.00893	0.00820	0.02893	0.01269	0.00650	0.05550	0.01039	0.02523	0.00807	0.00934	0.00625	0.00522	0.00359	0.00171	0.00443	0.00315	0.00352	0.00625
67	0.01421	0.01521	0.08039	0.04790	0.57890	0.07218	0.03172	0.01802	0.03706	0.03556	0.01090	0.01366	0.00885	0.00516	0.00546	0.00166	0.00693	0.00486	0.00290	0.00847
68	0.00977	0.08762	0.08079	0.01019	0.01276	0.00890	0.07891	0.05967	0.01208	0.01611	0.02379	0.38064	0.08460	0.05824	0.00746	0.00211	0.00484	0.01046	0.00422	0.04683
69	0.01267	0.19049	0.01688	0.01123	0.03784	0.05026	0.00903	0.03232	0.02442	0.01546	0.02361	0.05723	0.01085	0.04944	0.00922	0.00174	0.20721	0.00484	0.00307	0.23217
70	0.13421	0.19716	0.18725	0.01218	0.06877	0.01352	0.01110	0.06352	0.02992	0.01837	0.03927	0.11806	0.05273	0.00759	0.00528	0.00169	0.02303	0.00598	0.00346	0.00694
71	0.03441	0.08739	0.01554	0.07354	0.05388	0.24226	0.00997	0.16493	0.08847	0.01932	0.01704	0.01818	0.10290	0.02768	0.00609	0.00172	0.02034	0.00536	0.00388	0.00709
72	0.04078	0.01172	0.01627	0.42470	0.08182	0.01366	0.01323	0.21372	0.07375	0.02111	0.01217	0.01562	0.00927	0.00615	0.00552	0.00180	0.00659	0.02109	0.00365	0.00739
73	0.01540	0.13983	0.01720	0.02923	0.01533	0.32129	0.01047	0.01682	0.01185	0.01324	0.00876	0.01197	0.00795	0.01085	0.09075	0.02529	0.24083	0.00416	0.00264	0.00615
74	0.00791	0.00593	0.00890	0.00890	0.00989	0.00692	0.00692	0.00989	0.00890	0.01286	0.01483	0.02176	0.01385	0.04154	0.78341	0.00890	0.01483	0.00593	0.00297	0.00494
75	0.67429	0.01288	0.02776	0.00860	0.01220	0.07433	0.00718	0.09264	0.01169	0.02481	0.00841	0.00958	0.00647	0.00534	0.00381	0.00169	0.00502	0.00327	0.00357	0.00644
76	0.00805	0.00539	0.00615	0.00615	0.00619	0.00543	0.00350	0.00813	0.00809	0.01082	0.01735	0.03566	0.01988	0.77484	0.05837	0.00551	0.00575	0.00797	0.00334	0.00342
77	0.00669	0.00562	0.00581	0.00577	0.00757	0.00474	0.00432	0.00823	0.01297	0.01579	0.13725	0.05194	0.68690	0.01372	0.00654	0.00186	0.00278	0.01150	0.00525	0.00474
78	0.08026	0.01156	0.01255	0.03076	0.01423	0.01253	0.00837	0.33505	0.11209	0.12629	0.01607	0.01622	0.01162	0.00660	0.00504	0.00163	0.00485	0.00511	0.18107	0.00809
79	0.00923	0.00772	0.01099	0.01026	0.01087	0.00976	0.00810	0.01081	0.00875	0.01295	0.01286	0.02017	0.01245	0.10133	0.47020	0.00649	0.24804	0.00579	0.01807	0.00514
80	0.01032	0.00516	0.00516	0.00516	0.00645	0.00516	0.00387	0.01290	0.01161	0.02065	0.01807	0.02065	0.01420	0.00645	0.00387	0.00129	0.00258	0.00516	0.83611	0.00516
81	0.01601	0.03482	0.03622	0.03529	0.16536	0.24735	0.04197	0.10672	0.05806	0.01783	0.01161	0.01378	0.02834	0.00727	0.02242	0.00188	0.13966	0.00478	0.00327	0.00734
82	0.03110	0.03221	0.09912	0.09755	0.14684	0.02927	0.16962	0.15399	0.01460	0.02014	0.01328	0.10473	0.01166	0.00689	0.00605	0.00179	0.02540	0.00633	0.02191	0.00751
