[name]
unknown

[dist]
# distance from previous block
# <min> <max>
30	122

[block]
# block no. 0 follows, 49 sequences, length 11
# corresponding to MSA columns:
# 277-287
name=unknown_A
#
# <colnr> <probs for GDERKNQSTAVLIFYWHMCP>
#	G	D	E	R	K	N	Q	S	T	A	V	L	I	F	Y	W	H	M	C	P
0	0.01283	0.01290	0.07503	0.07773	0.52739	0.03490	0.04609	0.04741	0.01211	0.05043	0.01081	0.01470	0.00897	0.00517	0.00512	0.00157	0.00620	0.04023	0.00284	0.00759
1	0.05192	0.01100	0.03397	0.11506	0.23056	0.04543	0.13899	0.03361	0.03408	0.07702	0.03718	0.05617	0.01088	0.00696	0.00671	0.08960	0.00594	0.00533	0.00313	0.00644
2	0.03821	0.00540	0.00668	0.00692	0.00768	0.00534	0.00481	0.00898	0.00991	0.06518	0.07745	0.41801	0.10132	0.17040	0.01038	0.00250	0.04127	0.01080	0.00437	0.00438
3	0.13915	0.03308	0.21496	0.08371	0.25014	0.01191	0.09088	0.04274	0.01137	0.06177	0.00969	0.01176	0.00733	0.00478	0.00474	0.00157	0.00625	0.00419	0.00279	0.00720
4	0.09261	0.01221	0.01408	0.13060	0.08789	0.04118	0.00995	0.38392	0.03994	0.08121	0.01184	0.01279	0.00861	0.00565	0.00479	0.00153	0.00547	0.00441	0.04379	0.00753
5	0.01302	0.00791	0.04088	0.04393	0.04418	0.00701	0.00726	0.04208	0.04371	0.26982	0.14296	0.23604	0.04020	0.02949	0.00610	0.00179	0.00394	0.00830	0.00503	0.00633
6	0.00794	0.00533	0.00633	0.00623	0.00764	0.00483	0.00473	0.00966	0.01207	0.06388	0.24873	0.08554	0.30019	0.06141	0.00706	0.00190	0.00298	0.08365	0.07525	0.00467
7	0.01949	0.00877	0.01131	0.00883	0.01242	0.00795	0.00717	0.07727	0.04991	0.56647	0.06860	0.01842	0.01454	0.03881	0.00587	0.00165	0.00424	0.00528	0.00572	0.06727
8	0.01406	0.00726	0.00932	0.00813	0.01061	0.00681	0.00649	0.01753	0.10447	0.33232	0.23275	0.06756	0.07151	0.00904	0.00563	0.00169	0.00361	0.07896	0.00562	0.00663
9	0.00700	0.00523	0.00620	0.00650	0.00769	0.00480	0.00479	0.00880	0.03670	0.03003	0.13998	0.26961	0.32302	0.04812	0.00702	0.00199	0.00302	0.08025	0.00479	0.00448
10	0.00889	0.00524	0.00680	0.00702	0.00812	0.00475	0.00499	0.01012	0.01107	0.13646	0.11308	0.50118	0.10971	0.03915	0.00675	0.00198	0.00311	0.01173	0.00498	0.00487

[dist]
# distance from previous block
# <min> <max>
10	29

[block]
# block no. 1 follows, 49 sequences, length 10
# corresponding to MSA columns:
# 320-329
name=unknown_B
#
# <colnr> <probs for GDERKNQSTAVLIFYWHMCP>
#	G	D	E	R	K	N	Q	S	T	A	V	L	I	F	Y	W	H	M	C	P
0	0.02210	0.00955	0.01232	0.00945	0.01338	0.00884	0.00780	0.15251	0.01606	0.66414	0.01862	0.01635	0.01185	0.00623	0.00508	0.00156	0.00452	0.00499	0.00605	0.00860
1	0.01191	0.05254	0.28428	0.04364	0.08825	0.20324	0.01252	0.01534	0.03076	0.01444	0.01296	0.15058	0.01240	0.00719	0.00509	0.00161	0.00664	0.03737	0.00291	0.00634
2	0.02269	0.00861	0.01174	0.00900	0.01291	0.00743	0.00743	0.02464	0.01447	0.79425	0.01995	0.01721	0.01252	0.00626	0.00509	0.00156	0.00430	0.00509	0.00626	0.00861
3	0.00967	0.00575	0.00741	0.00666	0.00838	0.00516	0.00511	0.01184	0.01401	0.15157	0.56820	0.03558	0.13098	0.00994	0.00582	0.00160	0.00273	0.00864	0.00558	0.00537
4	0.00616	0.00440	0.00587	0.00704	0.00733	0.00411	0.00469	0.00704	0.00968	0.01291	0.02787	0.81899	0.03344	0.01584	0.00645	0.00205	0.00293	0.01438	0.00469	0.00411
5	0.00963	0.00901	0.00934	0.00903	0.01033	0.14254	0.00691	0.01225	0.06894	0.01250	0.01321	0.01849	0.01204	0.06150	0.57327	0.00634	0.01170	0.00515	0.00289	0.00496
6	0.01914	0.01663	0.01497	0.01198	0.01567	0.21065	0.00965	0.58700	0.02143	0.02704	0.01107	0.01139	0.00808	0.00586	0.00493	0.00146	0.00645	0.00423	0.00445	0.00792
7	0.01049	0.00899	0.01049	0.00749	0.01198	0.00674	0.00599	0.01273	0.01049	0.01648	0.00899	0.01049	0.00749	0.00374	0.00374	0.00075	0.00374	0.00300	0.00300	0.85320
8	0.01424	0.48207	0.16272	0.01078	0.01525	0.21241	0.01074	0.01655	0.01135	0.01276	0.00759	0.00883	0.00648	0.00463	0.00385	0.00123	0.00670	0.00303	0.00227	0.00651
9	0.01258	0.01086	0.01143	0.01029	0.01315	0.01258	0.00800	0.02687	0.78161	0.02115	0.02058	0.01887	0.01544	0.00686	0.00515	0.00172	0.00400	0.00572	0.00515	0.00800

[dist]
# distance from previous block
# <min> <max>
0	1

[block]
# block no. 2 follows, 49 sequences, length 16
# corresponding to MSA columns:
# 331-346
name=unknown_C
#
# <colnr> <probs for GDERKNQSTAVLIFYWHMCP>
#	G	D	E	R	K	N	Q	S	T	A	V	L	I	F	Y	W	H	M	C	P
0	0.01254	0.01251	0.01824	0.18737	0.51013	0.08974	0.01417	0.01617	0.06057	0.01567	0.00994	0.01278	0.00808	0.00484	0.00498	0.00153	0.00634	0.00446	0.00263	0.00731
1	0.00670	0.00500	0.00622	0.00624	0.00735	0.00453	0.00456	0.00854	0.01276	0.01734	0.47329	0.20140	0.20347	0.01200	0.00607	0.00171	0.00254	0.01055	0.00520	0.00453
2	0.01049	0.00899	0.01049	0.00749	0.01198	0.00674	0.00599	0.01273	0.01049	0.01648	0.00899	0.01049	0.00749	0.00374	0.00374	0.00075	0.00374	0.00300	0.00300	0.85320
3	0.00984	0.00928	0.01569	0.73474	0.10797	0.01131	0.01419	0.01317	0.01025	0.01327	0.00904	0.01339	0.00686	0.00500	0.00505	0.00167	0.00667	0.00450	0.00227	0.00585
4	0.01519	0.01145	0.01238	0.01050	0.01375	0.01284	0.00834	0.21010	0.52128	0.09859	0.01845	0.01705	0.01347	0.00661	0.00512	0.00165	0.00441	0.00537	0.00523	0.00821
5	0.69432	0.00955	0.00828	0.00711	0.01039	0.01058	0.00586	0.01678	0.00976	0.17388	0.00957	0.00998	0.00686	0.00500	0.00351	0.00156	0.00399	0.00320	0.00374	0.00609
6	0.01041	0.10164	0.63738	0.09969	0.02242	0.01249	0.01721	0.01560	0.01058	0.01528	0.00887	0.01073	0.00645	0.00479	0.00468	0.00156	0.00719	0.00372	0.00215	0.00718
7	0.00820	0.00505	0.00673	0.00708	0.00799	0.00463	0.00501	0.00957	0.01137	0.09905	0.21935	0.53485	0.03480	0.01342	0.00618	0.00188	0.00294	0.01205	0.00508	0.00476
8	0.02269	0.00861	0.01174	0.00900	0.01291	0.00743	0.00743	0.02464	0.01447	0.79425	0.01995	0.01721	0.01252	0.00626	0.00509	0.00156	0.00430	0.00509	0.00626	0.00861
9	0.00616	0.00440	0.00587	0.00704	0.00733	0.00411	0.00469	0.00704	0.00968	0.01291	0.02787	0.81899	0.03344	0.01584	0.00645	0.00205	0.00293	0.01438	0.00469	0.00411
10	0.00955	0.00899	0.01517	0.81013	0.03483	0.01123	0.01404	0.01292	0.01011	0.01292	0.00899	0.01348	0.00674	0.00506	0.00506	0.00169	0.00674	0.00449	0.00225	0.00562
11	0.01009	0.00954	0.01615	0.66739	0.17332	0.01138	0.01431	0.01340	0.01037	0.01358	0.00908	0.01330	0.00697	0.00495	0.00505	0.00165	0.00661	0.00450	0.00229	0.00606
12	0.02269	0.00861	0.01174	0.00900	0.01291	0.00743	0.00743	0.02464	0.01447	0.79425	0.01995	0.01721	0.01252	0.00626	0.00509	0.00156	0.00430	0.00509	0.00626	0.00861
13	0.00610	0.00513	0.00530	0.00526	0.00691	0.00432	0.00394	0.00750	0.01183	0.01437	0.13071	0.04749	0.70876	0.01254	0.00598	0.00169	0.00254	0.01051	0.00479	0.00432
14	0.01049	0.00899	0.01049	0.00749	0.01198	0.00674	0.00599	0.01273	0.01049	0.01648	0.00899	0.01049	0.00749	0.00374	0.00374	0.00075	0.00374	0.00300	0.00300	0.85320
15	0.02177	0.00840	0.01144	0.00884	0.01259	0.00727	0.00727	0.02375	0.01446	0.74832	0.06553	0.01843	0.01461	0.00650	0.00514	0.00157	0.00419	0.00533	0.00622	0.00838

[dist]
# distance from previous block
# <min> <max>
0	1

[block]
# block no. 3 follows, 49 sequences, length 30
# corresponding to MSA columns:
# 348-377
name=unknown_D
#
# <colnr> <probs for GDERKNQSTAVLIFYWHMCP>
#	G	D	E	R	K	N	Q	S	T	A	V	L	I	F	Y	W	H	M	C	P
0	0.01889	0.02410	0.01433	0.01303	0.01563	0.80199	0.00977	0.02019	0.01433	0.01238	0.00782	0.00912	0.00651	0.00521	0.00456	0.00130	0.00912	0.00326	0.00261	0.00586
1	0.01313	0.01092	0.09410	0.00916	0.01314	0.00879	0.00805	0.03222	0.19779	0.16696	0.08808	0.01644	0.01410	0.00576	0.00469	0.00132	0.00421	0.00474	0.00433	0.30207
2	0.01651	0.03556	0.15005	0.01363	0.05821	0.43827	0.01136	0.15151	0.01509	0.01685	0.02679	0.01142	0.02177	0.00549	0.00475	0.00141	0.00771	0.00389	0.00305	0.00670
3	0.00892	0.00669	0.00872	0.00948	0.01094	0.00699	0.00812	0.01332	0.14495	0.01618	0.02570	0.05043	0.02674	0.01274	0.00667	0.00222	0.00454	0.62668	0.00474	0.00524
4	0.01236	0.01185	0.02024	0.07236	0.75065	0.01197	0.01544	0.01538	0.01144	0.01633	0.00948	0.01257	0.00794	0.00453	0.00501	0.00151	0.00605	0.00450	0.00249	0.00788
5	0.01548	0.00945	0.01208	0.01218	0.12726	0.00957	0.00824	0.05889	0.23646	0.28761	0.01957	0.02024	0.05788	0.09319	0.00733	0.00196	0.00449	0.00572	0.00489	0.00750
6	0.00869	0.00573	0.00664	0.00648	0.00837	0.00501	0.00517	0.01029	0.01202	0.12032	0.06009	0.04572	0.52052	0.01208	0.00605	0.00180	0.00319	0.15197	0.00492	0.00494
7	0.01194	0.01364	0.02984	0.02131	0.02643	0.01279	0.77238	0.01620	0.01194	0.01620	0.01023	0.01364	0.00767	0.00426	0.00597	0.00171	0.00853	0.00597	0.00256	0.00682
8	0.01382	0.30222	0.28465	0.01115	0.01624	0.06080	0.01194	0.03432	0.09335	0.11012	0.01090	0.01138	0.00819	0.00508	0.00432	0.00141	0.00605	0.00374	0.00306	0.00725
9	0.01695	0.01278	0.01434	0.09604	0.01701	0.01426	0.00966	0.59982	0.06391	0.02799	0.01333	0.06668	0.01045	0.00666	0.00516	0.00158	0.00543	0.00527	0.00474	0.00795
10	0.00615	0.00445	0.00582	0.00691	0.00730	0.00412	0.00464	0.00706	0.00980	0.01296	0.02943	0.76741	0.08401	0.01564	0.00642	0.00203	0.00291	0.01413	0.00469	0.00412
11	0.01014	0.02616	0.79609	0.01441	0.02189	0.01174	0.01868	0.01601	0.01068	0.01601	0.00907	0.01068	0.00641	0.00480	0.00480	0.00160	0.00747	0.00374	0.00214	0.00747
12	0.01297	0.69552	0.15150	0.00959	0.01443	0.01867	0.01028	0.01528	0.01034	0.01257	0.00736	0.00853	0.00648	0.00440	0.00350	0.00117	0.00574	0.00287	0.00216	0.00665
13	0.00777	0.00543	0.00589	0.00571	0.00752	0.00459	0.00430	0.00908	0.01167	0.09648	0.04574	0.11675	0.63625	0.01239	0.00593	0.00172	0.00278	0.01042	0.00486	0.00471
14	0.01796	0.01236	0.01357	0.01065	0.01418	0.01340	0.00862	0.58390	0.03961	0.11003	0.01410	0.04581	0.01094	0.07280	0.00680	0.00182	0.00524	0.00525	0.00501	0.00796
15	0.00724	0.00537	0.00787	0.00787	0.00868	0.00618	0.00600	0.00886	0.00805	0.01155	0.01378	0.02117	0.01321	0.11532	0.72563	0.00781	0.01269	0.00561	0.00274	0.00437
16	0.00626	0.00454	0.00614	0.03065	0.00814	0.00432	0.00497	0.00721	0.00969	0.01291	0.02732	0.79531	0.03266	0.01553	0.00641	0.00204	0.00305	0.01408	0.00462	0.00415
17	0.00616	0.00440	0.00587	0.00704	0.00733	0.00411	0.00469	0.00704	0.00968	0.01291	0.02787	0.81899	0.03344	0.01584	0.00645	0.00205	0.00293	0.01438	0.00469	0.00411
18	0.00955	0.00899	0.01517	0.81013	0.03483	0.01123	0.01404	0.01292	0.01011	0.01292	0.00899	0.01348	0.00674	0.00506	0.00506	0.00169	0.00674	0.00449	0.00225	0.00562
19	0.00598	0.00512	0.00512	0.00512	0.00683	0.00427	0.00384	0.00726	0.01153	0.01366	0.05123	0.04866	0.78869	0.01281	0.00598	0.00171	0.00256	0.01067	0.00470	0.00427
20	0.01049	0.00899	0.01049	0.00749	0.01198	0.00674	0.00599	0.01273	0.01049	0.01648	0.00899	0.01049	0.00749	0.00374	0.00374	0.00075	0.00374	0.00300	0.00300	0.85320
21	0.01194	0.01364	0.02984	0.02131	0.02643	0.01279	0.77238	0.01620	0.01194	0.01620	0.01023	0.01364	0.00767	0.00426	0.00597	0.00171	0.00853	0.00597	0.00256	0.00682
22	0.00955	0.00899	0.01517	0.81013	0.03483	0.01123	0.01404	0.01292	0.01011	0.01292	0.00899	0.01348	0.00674	0.00506	0.00506	0.00169	0.00674	0.00449	0.00225	0.00562
23	0.01252	0.01201	0.02053	0.03104	0.79074	0.01201	0.01552	0.01552	0.01151	0.01652	0.00951	0.01252	0.00801	0.00451	0.00501	0.00150	0.00601	0.00451	0.00250	0.00801
24	0.01095	0.00926	0.01073	0.00771	0.01218	0.00722	0.00618	0.05311	0.01119	0.01729	0.00915	0.01057	0.00755	0.00387	0.00381	0.00079	0.00384	0.00308	0.00311	0.80840
25	0.00741	0.00525	0.00764	0.00764	0.00834	0.00594	0.00571	0.00856	0.00787	0.01119	0.01333	0.02102	0.01294	0.13271	0.62319	0.09743	0.01150	0.00555	0.00270	0.00409
26	0.74397	0.01021	0.00838	0.00725	0.01050	0.01169	0.00597	0.09575	0.01039	0.04672	0.00797	0.00890	0.00602	0.00489	0.00339	0.00156	0.00410	0.00300	0.00343	0.00590
27	0.01536	0.01147	0.01243	0.01050	0.01378	0.01283	0.00836	0.21880	0.50520	0.10600	0.01834	0.01696	0.01337	0.00659	0.00512	0.00165	0.00444	0.00535	0.00524	0.00822
28	0.00815	0.00582	0.00815	0.00931	0.01048	0.00582	0.00815	0.01048	0.01164	0.01513	0.02677	0.05704	0.02910	0.01397	0.00698	0.00233	0.00466	0.75671	0.00466	0.00466
29	0.01248	0.06305	0.62183	0.01319	0.01989	0.01141	0.01623	0.01746	0.01131	0.15055	0.01086	0.01168	0.00747	0.00503	0.00477	0.00157	0.00682	0.00392	0.00285	0.00762

[dist]
# distance from previous block
# <min> <max>
0	1

[block]
# block no. 4 follows, 49 sequences, length 22
# corresponding to MSA columns:
# 379-400
name=unknown_E
#
# <colnr> <probs for GDERKNQSTAVLIFYWHMCP>
#	G	D	E	R	K	N	Q	S	T	A	V	L	I	F	Y	W	H	M	C	P
0	0.01611	0.43832	0.02062	0.01077	0.01426	0.39772	0.00919	0.01758	0.01223	0.01213	0.00741	0.00860	0.00650	0.00475	0.00388	0.00119	0.00720	0.00297	0.00238	0.00619
1	0.00822	0.00575	0.00733	0.00678	0.00821	0.00549	0.00513	0.01151	0.07383	0.05249	0.69665	0.03545	0.04375	0.00990	0.00586	0.00160	0.00259	0.00871	0.00556	0.00518
2	0.01263	0.10782	0.02123	0.02840	0.69913	0.01296	0.01471	0.01547	0.01137	0.01598	0.00922	0.01200	0.00783	0.00448	0.00480	0.00145	0.00594	0.00429	0.00246	0.00783
3	0.01191	0.01463	0.17177	0.06545	0.60401	0.01192	0.01607	0.01549	0.01128	0.01625	0.00940	0.01220	0.00764	0.00459	0.00497	0.00153	0.00633	0.00435	0.00242	0.00779
4	0.02102	0.00946	0.01207	0.00938	0.01315	0.00889	0.00770	0.13988	0.05816	0.60524	0.04727	0.01728	0.01338	0.00641	0.00512	0.00157	0.00441	0.00519	0.00599	0.00843
5	0.00682	0.00516	0.00724	0.10186	0.01097	0.00518	0.00622	0.00820	0.01007	0.01324	0.02645	0.59110	0.06059	0.01420	0.00634	0.00203	0.00360	0.11197	0.00440	0.00436
6	0.01194	0.01281	0.08025	0.11964	0.54157	0.01199	0.07228	0.01593	0.05374	0.01629	0.01008	0.01292	0.00812	0.00470	0.00508	0.00156	0.00629	0.00462	0.00259	0.00760
7	0.00678	0.00545	0.00612	0.00616	0.00767	0.00495	0.00469	0.00906	0.05438	0.01548	0.19455	0.10427	0.47393	0.01231	0.00605	0.00176	0.00281	0.07408	0.00489	0.00460
8	0.02014	0.00798	0.01085	0.00866	0.01205	0.00694	0.00701	0.02199	0.01390	0.67236	0.05050	0.11245	0.01634	0.00754	0.00528	0.00162	0.00407	0.00634	0.00605	0.00793
9	0.01060	0.00826	0.01014	0.01040	0.07122	0.00866	0.00758	0.10434	0.19695	0.03177	0.22033	0.06609	0.06977	0.00957	0.00579	0.00177	0.00393	0.15168	0.00492	0.00622
10	0.01262	0.40317	0.30941	0.01287	0.07680	0.07860	0.01298	0.01590	0.01084	0.01381	0.00804	0.00948	0.00658	0.00459	0.00406	0.00132	0.00651	0.00327	0.00221	0.00692
11	0.03113	0.10042	0.39908	0.01588	0.12663	0.11822	0.04639	0.07518	0.01226	0.01658	0.00901	0.01066	0.00685	0.00484	0.00468	0.00149	0.00710	0.00381	0.00252	0.00725
12	0.01240	0.01190	0.02032	0.06016	0.76249	0.01199	0.01546	0.01542	0.01146	0.01639	0.00949	0.01255	0.00796	0.00453	0.00501	0.00151	0.00603	0.00451	0.00249	0.00792
13	0.01391	0.40563	0.25698	0.01115	0.01640	0.01506	0.05356	0.01701	0.01117	0.14110	0.00993	0.01068	0.00751	0.00478	0.00417	0.00135	0.00602	0.00358	0.00284	0.00715
14	0.01863	0.10796	0.01545	0.01101	0.03507	0.01372	0.00895	0.42929	0.05938	0.21328	0.01409	0.02763	0.01009	0.00608	0.00488	0.00150	0.00512	0.00470	0.00494	0.00823
15	0.00629	0.00514	0.00546	0.00545	0.00697	0.00442	0.00406	0.00767	0.01165	0.01435	0.14588	0.04655	0.61876	0.06178	0.00721	0.00191	0.00275	0.03473	0.00471	0.00427
16	0.00622	0.00445	0.00592	0.00700	0.00735	0.00415	0.00470	0.00719	0.00996	0.01336	0.07413	0.77145	0.03431	0.01551	0.00642	0.00203	0.00290	0.01406	0.00475	0.00415
17	0.29504	0.01114	0.04088	0.00889	0.01254	0.07098	0.00750	0.04623	0.04139	0.39612	0.01412	0.01327	0.00949	0.00562	0.00439	0.00155	0.00470	0.00413	0.00471	0.00730
18	0.03224	0.01374	0.01392	0.01086	0.01476	0.09174	0.00884	0.49134	0.03666	0.11817	0.01237	0.01233	0.00883	0.00573	0.00483	0.00142	0.00549	0.00430	0.00468	0.10775
19	0.00665	0.00517	0.00603	0.00609	0.00736	0.00466	0.00449	0.00851	0.02851	0.01583	0.29043	0.16219	0.36029	0.03813	0.00669	0.00184	0.00273	0.03498	0.00494	0.00447
20	0.07687	0.01000	0.01333	0.01066	0.06106	0.00850	0.09696	0.04509	0.01113	0.01757	0.00915	0.01087	0.00743	0.00402	0.00409	0.00100	0.00453	0.00348	0.00301	0.60124
21	0.01508	0.08227	0.17865	0.01040	0.02955	0.01002	0.00985	0.05407	0.08323	0.28004	0.08603	0.01674	0.01372	0.00605	0.00485	0.00147	0.00491	0.01680	0.00439	0.09187

[dist]
# distance from previous block
# <min> <max>
0	2

[block]
# block no. 5 follows, 49 sequences, length 13
# corresponding to MSA columns:
# 404-416
name=unknown_F
#
# <colnr> <probs for GDERKNQSTAVLIFYWHMCP>
#	G	D	E	R	K	N	Q	S	T	A	V	L	I	F	Y	W	H	M	C	P
0	0.01133	0.01080	0.01838	0.34357	0.48751	0.01170	0.01493	0.01448	0.01095	0.01508	0.00930	0.01290	0.00750	0.00473	0.00503	0.00158	0.00630	0.00450	0.00240	0.00705
1	0.01059	0.11273	0.58598	0.01430	0.02092	0.01252	0.11150	0.01562	0.01082	0.01549	0.01051	0.01213	0.03472	0.00497	0.00482	0.00156	0.00720	0.00415	0.00228	0.00717
2	0.01208	0.08644	0.14282	0.05096	0.50743	0.01273	0.08430	0.01554	0.01127	0.01588	0.00927	0.01197	0.00755	0.00453	0.00491	0.00150	0.00644	0.00436	0.00241	0.00760
3	0.67168	0.00929	0.00805	0.00699	0.01011	0.01030	0.00573	0.01601	0.00990	0.14115	0.06217	0.01161	0.00943	0.00532	0.00362	0.00157	0.00387	0.00353	0.00378	0.00591
4	0.01589	0.03585	0.10726	0.01103	0.01489	0.01310	0.00977	0.45496	0.08736	0.06817	0.01486	0.11709	0.01232	0.00722	0.00517	0.00161	0.00524	0.00581	0.00466	0.00777
5	0.05318	0.07314	0.10402	0.01316	0.12504	0.00997	0.06971	0.04113	0.07915	0.10027	0.09677	0.15515	0.02901	0.00781	0.00525	0.00165	0.00487	0.02019	0.00396	0.00658
6	0.00742	0.00484	0.00631	0.00694	0.00771	0.00443	0.00482	0.00857	0.01068	0.06904	0.11037	0.61158	0.09959	0.01431	0.00626	0.00194	0.00294	0.01284	0.00490	0.00451
7	0.00781	0.00627	0.00924	0.00891	0.00967	0.00771	0.00704	0.00951	0.00807	0.01180	0.01250	0.01853	0.01173	0.03352	0.68317	0.00723	0.13472	0.00527	0.00263	0.00467
8	0.01653	0.03137	0.09382	0.01081	0.01455	0.11585	0.03504	0.03655	0.24583	0.28604	0.03466	0.01659	0.02675	0.00625	0.00503	0.00158	0.00530	0.00506	0.00473	0.00767
9	0.01662	0.12139	0.01629	0.06809	0.03816	0.01539	0.00973	0.48852	0.13122	0.02587	0.01239	0.01269	0.00917	0.00584	0.00483	0.00150	0.00541	0.00447	0.00441	0.00800
10	0.00623	0.00449	0.00579	0.00679	0.00717	0.00417	0.00452	0.00708	0.00966	0.01275	0.02884	0.70669	0.09009	0.07048	0.00773	0.00222	0.00304	0.01361	0.00458	0.00405
11	0.00707	0.00570	0.00640	0.00645	0.00795	0.00535	0.00485	0.01000	0.09857	0.01558	0.16639	0.16454	0.41562	0.01226	0.00601	0.00178	0.00287	0.05292	0.00489	0.00477
12	0.07779	0.39016	0.22954	0.01075	0.01551	0.12552	0.01123	0.01673	0.05475	0.01442	0.00846	0.00956	0.00690	0.00475	0.00395	0.00133	0.00629	0.00323	0.00246	0.00668

[dist]
# distance from previous block
# <min> <max>
1	4

[block]
# block no. 6 follows, 49 sequences, length 47
# corresponding to MSA columns:
# 421-467
name=unknown_G
#
# <colnr> <probs for GDERKNQSTAVLIFYWHMCP>
#	G	D	E	R	K	N	Q	S	T	A	V	L	I	F	Y	W	H	M	C	P
0	0.00669	0.00508	0.00626	0.00720	0.00759	0.02757	0.00486	0.00759	0.00956	0.01261	0.02547	0.68672	0.03016	0.06681	0.06766	0.00267	0.00404	0.01294	0.00438	0.00412
1	0.01166	0.01547	0.16760	0.03333	0.15503	0.03083	0.42447	0.01577	0.01155	0.01603	0.01006	0.02639	0.00789	0.00461	0.00544	0.00160	0.00757	0.00522	0.00252	0.04695
2	0.11885	0.06451	0.01412	0.10914	0.13164	0.07438	0.00960	0.06856	0.12753	0.18443	0.03926	0.01433	0.01078	0.00567	0.00470	0.00154	0.00523	0.00454	0.00400	0.00720
3	0.00627	0.00448	0.00599	0.00716	0.00750	0.00420	0.00488	0.00723	0.00979	0.01303	0.02781	0.77803	0.03321	0.01574	0.00648	0.00207	0.00303	0.05428	0.00469	0.00414
4	0.00783	0.00589	0.00714	0.00769	0.02449	0.00570	0.00533	0.09969	0.01180	0.01542	0.03044	0.54529	0.18651	0.01380	0.00616	0.00191	0.00324	0.01222	0.00469	0.00476
5	0.04663	0.05331	0.19619	0.11318	0.14862	0.03077	0.18182	0.01688	0.05319	0.08462	0.02033	0.01307	0.00850	0.00496	0.00504	0.00159	0.00665	0.00464	0.00292	0.00712
6	0.03348	0.00927	0.01097	0.00906	0.01184	0.02325	0.00726	0.23541	0.01486	0.25993	0.01524	0.01714	0.01156	0.06481	0.19020	0.00324	0.00678	0.00504	0.06374	0.00693
7	0.00806	0.00555	0.00602	0.00566	0.00761	0.00468	0.00433	0.00949	0.01205	0.10814	0.09098	0.04423	0.65137	0.01187	0.00587	0.00168	0.00276	0.00991	0.00494	0.00482
8	0.01437	0.07381	0.05558	0.05211	0.50527	0.04006	0.01348	0.01718	0.01195	0.15142	0.01104	0.01283	0.00851	0.00486	0.00486	0.00149	0.00587	0.00439	0.00311	0.00781
9	0.01379	0.27832	0.23108	0.01192	0.05761	0.06476	0.01150	0.01821	0.10426	0.11853	0.02208	0.01225	0.00911	0.00578	0.01890	0.00154	0.00603	0.00394	0.00316	0.00720
10	0.01327	0.01465	0.02370	0.02385	0.32736	0.13736	0.35202	0.01656	0.01215	0.01572	0.00956	0.01248	0.00762	0.00451	0.00536	0.00156	0.00762	0.00496	0.00254	0.00714
11	0.01356	0.78056	0.02569	0.00879	0.01298	0.04566	0.00864	0.01517	0.01036	0.01191	0.00720	0.00841	0.00663	0.00510	0.02100	0.00125	0.00571	0.00278	0.00219	0.00642
12	0.01324	0.00883	0.01028	0.00779	0.01149	0.02871	0.00611	0.02581	0.01140	0.19661	0.02624	0.01524	0.01068	0.10318	0.00679	0.00148	0.00416	0.00415	0.00383	0.50398
13	0.01352	0.82533	0.02650	0.00865	0.01298	0.02001	0.00865	0.01514	0.01027	0.01190	0.00703	0.00811	0.00649	0.00433	0.00324	0.00108	0.00541	0.00270	0.00216	0.00649
14	0.01280	0.01059	0.01768	0.16419	0.48714	0.01079	0.03025	0.01572	0.01184	0.10990	0.06946	0.01518	0.01132	0.00525	0.00512	0.00155	0.00571	0.00496	0.00314	0.00739
15	0.00815	0.00532	0.00675	0.00641	0.00763	0.00488	0.00468	0.00997	0.01278	0.07612	0.49626	0.11310	0.10686	0.10866	0.00833	0.00204	0.00290	0.00927	0.00515	0.00474
16	0.01854	0.11194	0.01654	0.01128	0.01536	0.01620	0.00950	0.68243	0.02215	0.02946	0.01152	0.01165	0.00835	0.00586	0.00484	0.00147	0.00555	0.00433	0.00471	0.00835
17	0.10951	0.00581	0.00652	0.00625	0.00778	0.00561	0.00472	0.00993	0.03273	0.01854	0.44968	0.08823	0.21543	0.01051	0.00564	0.00165	0.00269	0.00899	0.00500	0.00478
18	0.29864	0.04118	0.01359	0.16569	0.01766	0.04654	0.10034	0.03864	0.04552	0.13450	0.01092	0.01232	0.00798	0.00514	0.00437	0.00156	0.00535	0.00411	0.03958	0.00636
19	0.00612	0.00454	0.00572	0.00666	0.00724	0.00414	0.00453	0.00708	0.01004	0.01306	0.03245	0.66799	0.18149	0.01525	0.00636	0.00199	0.00286	0.01365	0.00469	0.00414
20	0.02085	0.00986	0.01438	0.01118	0.03154	0.00905	0.09590	0.10515	0.01513	0.60480	0.01775	0.01615	0.01144	0.00597	0.00518	0.00157	0.00496	0.00512	0.00562	0.00839
21	0.01949	0.01419	0.01457	0.01138	0.01526	0.07972	0.00930	0.59641	0.03987	0.12888	0.01300	0.01271	0.00910	0.00604	0.00502	0.00151	0.00566	0.00454	0.00501	0.00836
22	0.01701	0.01175	0.01300	0.01047	0.01396	0.01277	0.00848	0.39905	0.22963	0.14216	0.07420	0.01668	0.01401	0.00664	0.00515	0.00158	0.00471	0.00530	0.00530	0.00815
23	0.00616	0.00440	0.00587	0.00704	0.00733	0.00411	0.00469	0.00704	0.00968	0.01291	0.02787	0.81899	0.03344	0.01584	0.00645	0.00205	0.00293	0.01438	0.00469	0.00411
24	0.05101	0.56855	0.15845	0.00992	0.01455	0.08642	0.01030	0.01565	0.01068	0.01325	0.01789	0.00905	0.00698	0.00458	0.00366	0.00122	0.00599	0.00302	0.00229	0.00654
25	0.01325	0.10990	0.01380	0.01123	0.05493	0.07268	0.00849	0.03706	0.53185	0.03508	0.01833	0.01742	0.04111	0.00649	0.00489	0.00159	0.00465	0.00525	0.00446	0.00755
26	0.00654	0.00495	0.00604	0.00617	0.00728	0.00445	0.00447	0.00821	0.01227	0.01638	0.36971	0.24554	0.26455	0.01251	0.00610	0.00175	0.00258	0.01097	0.00508	0.00445
27	0.03678	0.00967	0.01230	0.00945	0.01337	0.00905	0.00781	0.16483	0.01611	0.63781	0.01826	0.01610	0.01166	0.00620	0.00505	0.00156	0.00453	0.00494	0.00598	0.00855
28	0.01039	0.06752	0.48126	0.01468	0.02067	0.01162	0.18823	0.01522	0.01138	0.01633	0.10312	0.01447	0.01168	0.00532	0.00512	0.00159	0.00698	0.00484	0.00265	0.00694
29	0.00627	0.00451	0.00598	0.00710	0.00750	0.00422	0.00487	0.00726	0.00987	0.01307	0.02871	0.74349	0.06247	0.01561	0.00647	0.00206	0.00302	0.05869	0.00469	0.00415
30	0.01036	0.02465	0.70373	0.01524	0.02243	0.01187	0.10953	0.01604	0.01083	0.01604	0.00921	0.01103	0.00656	0.00474	0.00494	0.00161	0.00760	0.00401	0.00219	0.00739
31	0.00654	0.00485	0.00632	0.02785	0.00818	0.00460	0.00495	0.00807	0.02748	0.01439	0.15662	0.58560	0.09735	0.01419	0.00627	0.00193	0.00293	0.01274	0.00479	0.00436
32	0.00824	0.00501	0.00664	0.00728	0.00813	0.00460	0.00514	0.00934	0.01045	0.10723	0.02812	0.64502	0.07132	0.01444	0.00629	0.00199	0.00316	0.04804	0.00488	0.00468
33	0.01194	0.01364	0.02984	0.02131	0.02643	0.01279	0.77238	0.01620	0.01194	0.01620	0.01023	0.01364	0.00767	0.00426	0.00597	0.00171	0.00853	0.00597	0.00256	0.00682
34	0.02269	0.00861	0.01174	0.00900	0.01291	0.00743	0.00743	0.02464	0.01447	0.79425	0.01995	0.01721	0.01252	0.00626	0.00509	0.00156	0.00430	0.00509	0.00626	0.00861
35	0.01122	0.00945	0.01087	0.00792	0.01231	0.00766	0.00635	0.06851	0.04779	0.01781	0.00976	0.01100	0.00794	0.00406	0.00391	0.00085	0.00389	0.00324	0.00325	0.75221
36	0.79495	0.00969	0.00776	0.00683	0.01002	0.01105	0.00562	0.01560	0.00905	0.08093	0.00802	0.00889	0.00601	0.00481	0.00328	0.00156	0.00394	0.00292	0.00337	0.00571
37	0.00615	0.00443	0.00583	0.00696	0.00731	0.00411	0.00466	0.00705	0.00976	0.01294	0.02891	0.78460	0.06715	0.01571	0.00643	0.00204	0.00292	0.01421	0.00469	0.00411
38	0.01775	0.01258	0.01413	0.01070	0.01484	0.01305	0.01995	0.53790	0.02006	0.10553	0.01228	0.01235	0.00876	0.00561	0.00482	0.00137	0.00512	0.00432	0.00474	0.17414
39	0.00735	0.00493	0.00563	0.00563	0.00567	0.00497	0.00321	0.00743	0.00739	0.00989	0.01583	0.03250	0.01813	0.78728	0.06040	0.00505	0.00529	0.00727	0.00305	0.00313
40	0.00734	0.00600	0.00918	0.00901	0.01007	0.00579	0.09748	0.00964	0.06822	0.01393	0.02519	0.66151	0.02898	0.01377	0.00630	0.00199	0.00369	0.01271	0.00447	0.00473
41	0.00645	0.00479	0.00609	0.00678	0.00754	0.00432	0.00467	0.00756	0.01030	0.01375	0.08706	0.62370	0.12416	0.01441	0.00621	0.00191	0.00289	0.01292	0.00467	0.04982
42	0.01049	0.00899	0.01049	0.00749	0.01198	0.00674	0.00599	0.01273	0.01049	0.01648	0.00899	0.01049	0.00749	0.00374	0.00374	0.00075	0.00374	0.00300	0.00300	0.85320
43	0.06670	0.02568	0.21167	0.01622	0.07786	0.01129	0.28405	0.01784	0.03424	0.16524	0.01178	0.01317	0.00838	0.00489	0.00515	0.00160	0.00669	0.00481	0.00327	0.02950
44	0.01196	0.01388	0.06384	0.02157	0.11763	0.01263	0.60454	0.01668	0.05320	0.01649	0.01065	0.01365	0.00807	0.00446	0.00575	0.00168	0.00793	0.00567	0.00267	0.00706
45	0.00722	0.00542	0.00813	0.00813	0.00903	0.00632	0.00632	0.00903	0.00813	0.01174	0.01354	0.01987	0.01264	0.03792	0.80225	0.00813	0.01354	0.00542	0.00271	0.00451
46	0.00990	0.00793	0.01140	0.01080	0.04263	0.00802	0.10096	0.10148	0.10498	0.03480	0.03383	0.43883	0.02376	0.01136	0.00600	0.00188	0.00427	0.03697	0.00449	0.00573

[dist]
# distance from previous block
# <min> <max>
4	11

[block]
# block no. 7 follows, 49 sequences, length 22
# corresponding to MSA columns:
# 480-500,503
name=unknown_H
#
# <colnr> <probs for GDERKNQSTAVLIFYWHMCP>
#	G	D	E	R	K	N	Q	S	T	A	V	L	I	F	Y	W	H	M	C	P
0	0.00626	0.00444	0.00584	0.00692	0.00719	0.00417	0.00456	0.00707	0.00949	0.01266	0.02691	0.75585	0.03223	0.08064	0.00800	0.00228	0.00309	0.01381	0.00456	0.00402
1	0.01472	0.01204	0.01166	0.01021	0.01309	0.11944	0.00797	0.06730	0.45735	0.12677	0.08815	0.01864	0.01636	0.00682	0.00513	0.00162	0.00469	0.00554	0.00498	0.00753
2	0.85801	0.00978	0.00743	0.00665	0.00978	0.01134	0.00548	0.01486	0.00861	0.02269	0.00704	0.00821	0.00548	0.00469	0.00313	0.00156	0.00391	0.00274	0.00313	0.00548
3	0.00955	0.00899	0.01517	0.81013	0.03483	0.01123	0.01404	0.01292	0.01011	0.01292	0.00899	0.01348	0.00674	0.00506	0.00506	0.00169	0.00674	0.00449	0.00225	0.00562
4	0.55089	0.00935	0.00901	0.00751	0.01093	0.00991	0.00620	0.01846	0.01076	0.30636	0.01179	0.01152	0.00807	0.00527	0.00385	0.00156	0.00406	0.00360	0.00428	0.00663
5	0.00985	0.00823	0.00896	0.00824	0.01043	0.00888	0.00633	0.01844	0.42774	0.01943	0.22754	0.02974	0.17757	0.00895	0.00552	0.00168	0.00329	0.00760	0.00517	0.00642
6	0.00766	0.00530	0.00684	0.00638	0.00771	0.00484	0.00481	0.00996	0.01413	0.04895	0.70962	0.03773	0.09622	0.01035	0.00593	0.00160	0.00247	0.00909	0.00553	0.00488
7	0.01209	0.02377	0.66595	0.01365	0.02049	0.03827	0.01690	0.01729	0.01130	0.11842	0.01046	0.01148	0.00721	0.00501	0.00483	0.00159	0.00711	0.00390	0.00269	0.00757
8	0.00682	0.00481	0.00558	0.00588	0.00625	0.00459	0.00366	0.00732	0.00881	0.01152	0.04728	0.24150	0.14091	0.46331	0.01708	0.00357	0.00395	0.00975	0.00381	0.00357
9	0.01185	0.01139	0.07967	0.01080	0.04729	0.02679	0.00866	0.04348	0.46405	0.04321	0.15528	0.02154	0.03936	0.00727	0.00526	0.00165	0.00423	0.00612	0.00481	0.00728
10	0.00636	0.00507	0.00566	0.00564	0.00705	0.00441	0.00416	0.00789	0.01208	0.01541	0.25919	0.10827	0.49790	0.03033	0.00645	0.00177	0.00259	0.01046	0.00491	0.00437
11	0.01157	0.02272	0.63681	0.06811	0.02185	0.01124	0.03393	0.01679	0.01110	0.10411	0.01033	0.01167	0.00715	0.00497	0.00488	0.00161	0.00709	0.00399	0.00262	0.00746
12	0.01256	0.01244	0.01939	0.13300	0.63787	0.06568	0.01493	0.01549	0.01152	0.01576	0.00933	0.01241	0.00774	0.00463	0.00498	0.00151	0.00632	0.00442	0.00248	0.00755
13	0.51853	0.00988	0.01024	0.01090	0.13167	0.01076	0.00737	0.06647	0.01102	0.06466	0.08605	0.01264	0.01071	0.00538	0.00396	0.00153	0.00422	0.00391	0.00357	0.02652
14	0.11580	0.72655	0.02419	0.00841	0.01259	0.01896	0.00827	0.01511	0.01007	0.01320	0.00703	0.00812	0.00637	0.00437	0.00323	0.00114	0.00523	0.00271	0.00228	0.00637
15	0.85801	0.00978	0.00743	0.00665	0.00978	0.01134	0.00548	0.01486	0.00861	0.02269	0.00704	0.00821	0.00548	0.00469	0.00313	0.00156	0.00391	0.00274	0.00313	0.00548
16	0.01846	0.08500	0.01602	0.01132	0.01535	0.01594	0.00946	0.67820	0.05232	0.02970	0.01202	0.01205	0.00868	0.00595	0.00490	0.00149	0.00549	0.00444	0.00481	0.00839
17	0.01475	0.01240	0.01320	0.01282	0.09627	0.07824	0.00914	0.13170	0.47432	0.07531	0.01709	0.01631	0.01273	0.00632	0.00507	0.00162	0.00488	0.00517	0.00472	0.00795
18	0.00735	0.00490	0.00552	0.00552	0.00552	0.00490	0.00306	0.00735	0.00735	0.00980	0.01593	0.03309	0.01838	0.82229	0.02574	0.00490	0.00490	0.00735	0.00306	0.00306
19	0.07145	0.01046	0.01179	0.00965	0.01237	0.01137	0.03819	0.33319	0.13195	0.03625	0.08183	0.01981	0.01499	0.18311	0.00953	0.00230	0.00489	0.00568	0.00447	0.00669
20	0.01090	0.00797	0.00962	0.00756	0.01103	0.00639	0.00590	0.01322	0.03083	0.09964	0.07718	0.13942	0.01556	0.00652	0.00453	0.00113	0.00357	0.00556	0.00387	0.53958
21	0.01367	0.01493	0.26640	0.01324	0.08393	0.01022	0.04550	0.07598	0.09481	0.18989	0.07113	0.07039	0.01393	0.00655	0.00519	0.00162	0.00550	0.00559	0.00407	0.00746

[dist]
# distance from previous block
# <min> <max>
1	2

[block]
# block no. 8 follows, 49 sequences, length 51
# corresponding to MSA columns:
# 506-556
name=unknown_I
#
# <colnr> <probs for GDERKNQSTAVLIFYWHMCP>
#	G	D	E	R	K	N	Q	S	T	A	V	L	I	F	Y	W	H	M	C	P
0	0.83697	0.00989	0.00763	0.00677	0.00993	0.01145	0.00558	0.03390	0.00899	0.02292	0.00717	0.00831	0.00555	0.00473	0.00318	0.00156	0.00395	0.00278	0.00318	0.00555
1	0.16342	0.07770	0.53118	0.01281	0.03897	0.01197	0.02866	0.01542	0.01042	0.01701	0.02857	0.01152	0.02167	0.00502	0.00447	0.00156	0.00645	0.00381	0.00247	0.00692
2	0.01319	0.01067	0.05955	0.01186	0.08909	0.00848	0.07873	0.03264	0.02786	0.16217	0.01204	0.03470	0.00934	0.00485	0.00452	0.00119	0.00475	0.00425	0.00360	0.42651
3	0.01089	0.01038	0.01795	0.28317	0.35403	0.01101	0.09477	0.02962	0.01118	0.01522	0.01200	0.09132	0.02433	0.00594	0.00528	0.00164	0.00615	0.00572	0.00273	0.00666
4	0.01526	0.07507	0.03842	0.01933	0.32513	0.19042	0.01198	0.17419	0.03127	0.01852	0.00970	0.01135	0.00778	0.00500	0.00473	0.00140	0.00646	0.00404	0.00310	0.04686
5	0.01217	0.01142	0.08644	0.00998	0.01303	0.01104	0.00848	0.11552	0.42707	0.03812	0.14676	0.04854	0.01972	0.02166	0.00564	0.00172	0.00425	0.00627	0.00489	0.00728
6	0.06134	0.00871	0.01153	0.00892	0.01277	0.00773	0.00735	0.02424	0.03087	0.74154	0.01936	0.01683	0.01225	0.00620	0.00500	0.00157	0.00428	0.00499	0.00609	0.00845
7	0.01221	0.01055	0.01270	0.01375	0.15447	0.01169	0.00918	0.05555	0.51417	0.02023	0.05401	0.02094	0.03921	0.00706	0.00526	0.00169	0.00435	0.04070	0.00464	0.00762
8	0.00612	0.00491	0.00546	0.00578	0.00703	0.00426	0.00416	0.00736	0.01118	0.01391	0.09721	0.27482	0.51303	0.01352	0.00612	0.00180	0.00266	0.01165	0.00476	0.00426
9	0.01149	0.01686	0.22981	0.01983	0.05063	0.01249	0.55023	0.01613	0.01159	0.01616	0.00990	0.01283	0.00735	0.00441	0.00563	0.00167	0.00817	0.00534	0.00245	0.00703
10	0.00686	0.00510	0.00638	0.00623	0.00745	0.00463	0.00464	0.00889	0.01331	0.01823	0.56257	0.10973	0.19114	0.01138	0.00603	0.00167	0.00251	0.02334	0.00530	0.00461
11	0.00766	0.00572	0.00718	0.00672	0.00808	0.00551	0.00507	0.01117	0.08820	0.02024	0.70033	0.03615	0.05847	0.01005	0.00589	0.00160	0.00254	0.00884	0.00551	0.00507
12	0.00633	0.00481	0.00584	0.00627	0.00723	0.00431	0.00444	0.00769	0.01134	0.01486	0.21234	0.39288	0.27613	0.01360	0.00619	0.00184	0.00269	0.01198	0.00490	0.00431
13	0.01352	0.82533	0.02650	0.00865	0.01298	0.02001	0.00865	0.01514	0.01027	0.01190	0.00703	0.00811	0.00649	0.00433	0.00324	0.00108	0.00541	0.00270	0.00216	0.00649
14	0.85801	0.00978	0.00743	0.00665	0.00978	0.01134	0.00548	0.01486	0.00861	0.02269	0.00704	0.00821	0.00548	0.00469	0.00313	0.00156	0.00391	0.00274	0.00313	0.00548
15	0.00723	0.00538	0.00794	0.00794	0.00878	0.00622	0.00609	0.00891	0.00807	0.01160	0.01372	0.02081	0.01305	0.09402	0.74671	0.00790	0.01293	0.00556	0.00273	0.00441
16	0.01919	0.01512	0.01509	0.01177	0.01568	0.09145	0.00963	0.70126	0.02287	0.02999	0.01172	0.01185	0.00840	0.00599	0.00501	0.00150	0.00591	0.00443	0.00482	0.00834
17	0.02225	0.00880	0.01179	0.00910	0.01297	0.00778	0.00750	0.03924	0.04297	0.75095	0.01982	0.01717	0.01255	0.00628	0.00509	0.00157	0.00432	0.00510	0.00619	0.00858
18	0.01049	0.00899	0.01049	0.00749	0.01198	0.00674	0.00599	0.01273	0.01049	0.01648	0.00899	0.01049	0.00749	0.00374	0.00374	0.00075	0.00374	0.00300	0.00300	0.85320
19	0.00615	0.00445	0.00581	0.00690	0.00730	0.00412	0.00463	0.00706	0.00982	0.01296	0.02958	0.76246	0.08887	0.01562	0.00642	0.00203	0.00291	0.01410	0.00469	0.00412
20	0.01258	0.01086	0.01143	0.01029	0.01315	0.01258	0.00800	0.02687	0.78161	0.02115	0.02058	0.01887	0.01544	0.00686	0.00515	0.00172	0.00400	0.00572	0.00515	0.00800
21	0.02180	0.00901	0.01186	0.00921	0.01305	0.00817	0.00757	0.05759	0.07064	0.70469	0.01965	0.01711	0.01256	0.00629	0.00509	0.00157	0.00434	0.00511	0.00613	0.00856
22	0.85801	0.00978	0.00743	0.00665	0.00978	0.01134	0.00548	0.01486	0.00861	0.02269	0.00704	0.00821	0.00548	0.00469	0.00313	0.00156	0.00391	0.00274	0.00313	0.00548
23	0.01890	0.02389	0.01435	0.01300	0.01563	0.78569	0.00977	0.03582	0.01453	0.01278	0.00791	0.00918	0.00656	0.00523	0.00457	0.00131	0.00905	0.00328	0.00266	0.00592
24	0.00731	0.00492	0.00559	0.00556	0.00567	0.00488	0.00319	0.00749	0.00789	0.01055	0.06562	0.03373	0.03694	0.75330	0.02406	0.00462	0.00469	0.00754	0.00326	0.00320
25	0.02005	0.00842	0.01117	0.00877	0.01227	0.00755	0.00716	0.05632	0.03410	0.62929	0.12997	0.01998	0.01747	0.00685	0.00521	0.00157	0.00408	0.00566	0.00608	0.00804
26	0.01278	0.22460	0.02209	0.02519	0.58745	0.01410	0.01372	0.01542	0.01119	0.01531	0.00886	0.01136	0.00761	0.00446	0.00455	0.00139	0.00585	0.00403	0.00241	0.00761
27	0.00764	0.00654	0.00712	0.02916	0.00913	0.08132	0.00572	0.00875	0.01030	0.01304	0.02534	0.65612	0.02978	0.01438	0.00628	0.00199	0.00377	0.07482	0.00442	0.00436
28	0.00699	0.00516	0.00653	0.00619	0.00745	0.00470	0.00464	0.00922	0.01392	0.01935	0.68471	0.03930	0.15165	0.01068	0.00597	0.00161	0.00241	0.00936	0.00544	0.00470
29	0.00883	0.00725	0.00936	0.08530	0.01228	0.00739	0.04204	0.07861	0.09905	0.01724	0.16238	0.16473	0.23682	0.01052	0.00583	0.00175	0.00378	0.03687	0.00459	0.00539
30	0.01316	0.53394	0.02266	0.18334	0.05304	0.03824	0.01022	0.06798	0.01135	0.01374	0.00794	0.00978	0.00676	0.00464	0.00388	0.00127	0.00583	0.00332	0.00241	0.00650
31	0.77866	0.01040	0.02512	0.00788	0.01125	0.01146	0.06203	0.01499	0.00889	0.02208	0.00732	0.00866	0.00566	0.00466	0.00337	0.00158	0.00432	0.00300	0.00307	0.00562
32	0.01956	0.00824	0.01132	0.00959	0.04712	0.00729	0.00738	0.02183	0.02691	0.62174	0.14329	0.02034	0.01803	0.00685	0.00522	0.00157	0.00407	0.00572	0.00596	0.00795
33	0.00723	0.00538	0.00794	0.00794	0.00877	0.00622	0.00608	0.00891	0.00807	0.01160	0.01372	0.02084	0.01306	0.09549	0.74526	0.00789	0.01291	0.00556	0.00273	0.00441
34	0.01443	0.55346	0.02247	0.08694	0.01572	0.20772	0.00944	0.01615	0.01124	0.01211	0.00741	0.00887	0.00652	0.00461	0.00374	0.00119	0.00643	0.00301	0.00228	0.00625
35	0.77715	0.01116	0.00810	0.00726	0.01034	0.08753	0.00589	0.01538	0.00916	0.02169	0.00712	0.00830	0.00558	0.00474	0.00327	0.00154	0.00441	0.00279	0.00308	0.00551
36	0.02501	0.00725	0.00907	0.00792	0.01038	0.00684	0.00635	0.03238	0.09044	0.28907	0.24411	0.03113	0.12559	0.00909	0.00562	0.00168	0.00355	0.08254	0.00552	0.00644
37	0.04014	0.01140	0.01838	0.08625	0.48788	0.01154	0.06886	0.01633	0.09671	0.01693	0.01062	0.01304	0.00858	0.00473	0.00491	0.00148	0.00574	0.00454	0.00285	0.08909
38	0.00638	0.00458	0.00610	0.00720	0.00763	0.00430	0.00501	0.00746	0.01006	0.01338	0.05353	0.70290	0.04989	0.01541	0.00648	0.00206	0.00307	0.08565	0.00472	0.00419
39	0.02748	0.01312	0.01536	0.20401	0.22680	0.14631	0.01167	0.14735	0.06297	0.01782	0.01328	0.01509	0.06528	0.00579	0.00500	0.00154	0.00622	0.00480	0.00324	0.00687
40	0.01246	0.00810	0.00937	0.09808	0.01262	0.00883	0.00685	0.14075	0.14602	0.07737	0.01609	0.03466	0.01238	0.00680	0.01833	0.00155	0.00401	0.00509	0.37433	0.00629
41	0.11466	0.00946	0.01036	0.00881	0.01181	0.01000	0.00702	0.10415	0.27682	0.20213	0.09148	0.02129	0.09579	0.00731	0.00504	0.00163	0.00394	0.00591	0.00515	0.00723
42	0.01570	0.16452	0.17689	0.01291	0.01723	0.31659	0.06733	0.14053	0.01422	0.01648	0.00881	0.01008	0.00691	0.00504	0.00456	0.00139	0.00750	0.00367	0.00283	0.00682
43	0.01200	0.01337	0.02806	0.02025	0.02515	0.01277	0.69872	0.01723	0.08610	0.01668	0.01123	0.01414	0.00842	0.00451	0.00589	0.00171	0.00809	0.00594	0.00281	0.00693
44	0.03806	0.00929	0.01206	0.00927	0.01318	0.00848	0.00765	0.11323	0.01546	0.68934	0.01878	0.01644	0.01192	0.00621	0.00505	0.00156	0.00444	0.00498	0.00606	0.00855
45	0.00632	0.00514	0.00560	0.00548	0.00704	0.00441	0.00411	0.00792	0.01233	0.01558	0.26456	0.04551	0.57416	0.01209	0.00597	0.00167	0.00251	0.01023	0.00495	0.00441
46	0.00634	0.00478	0.00582	0.00654	0.00732	0.00435	0.00453	0.01878	0.01058	0.01366	0.05957	0.56050	0.24956	0.01464	0.00628	0.00193	0.00285	0.01299	0.00473	0.00424
47	0.09799	0.01156	0.01235	0.00997	0.01340	0.01264	0.00810	0.39929	0.16356	0.11007	0.04350	0.01562	0.02857	0.00640	0.00488	0.00156	0.00465	0.00496	0.04315	0.00778
48	0.11268	0.51470	0.16078	0.01109	0.07127	0.01674	0.01055	0.01543	0.01030	0.02592	0.00777	0.00904	0.00656	0.00450	0.00367	0.00127	0.00563	0.00306	0.00236	0.00669
49	0.11261	0.11040	0.01485	0.01131	0.02734	0.33408	0.00892	0.17533	0.05085	0.09332	0.01032	0.01082	0.00784	0.00539	0.00444	0.00140	0.00662	0.00371	0.00359	0.00686
50	0.27990	0.09696	0.23823	0.01155	0.04363	0.02574	0.04528	0.11937	0.01216	0.07027	0.00940	0.01044	0.00693	0.00496	0.00423	0.00152	0.00570	0.00364	0.00316	0.00694

[dist]
# distance from previous block
# <min> <max>
1	4

[block]
# block no. 9 follows, 49 sequences, length 29
# corresponding to MSA columns:
# 597-625
name=unknown_J
#
# <colnr> <probs for GDERKNQSTAVLIFYWHMCP>
#	G	D	E	R	K	N	Q	S	T	A	V	L	I	F	Y	W	H	M	C	P
0	0.01340	0.11390	0.06271	0.02781	0.13584	0.06694	0.07382	0.12438	0.10738	0.06077	0.04924	0.01606	0.04538	0.00850	0.06984	0.00205	0.00635	0.00502	0.00359	0.00702
1	0.66509	0.03223	0.00915	0.02264	0.01113	0.01148	0.00625	0.07255	0.01045	0.10704	0.00887	0.00959	0.00653	0.00496	0.00353	0.00155	0.00417	0.00316	0.00357	0.00608
2	0.00846	0.00714	0.00941	0.10654	0.01268	0.04327	0.00719	0.01049	0.00940	0.01311	0.07000	0.01906	0.01374	0.04549	0.48736	0.00552	0.01021	0.00522	0.00291	0.11282
3	0.01611	0.01353	0.04404	0.03086	0.01506	0.05968	0.00926	0.46677	0.15577	0.02634	0.07905	0.01613	0.03109	0.00660	0.00513	0.00156	0.00526	0.00518	0.00478	0.00779
4	0.00747	0.00522	0.00672	0.00664	0.00776	0.00485	0.00486	0.00968	0.03096	0.04327	0.51319	0.23401	0.08290	0.01165	0.00604	0.00172	0.00263	0.01033	0.00531	0.00478
5	0.01049	0.00899	0.01049	0.00749	0.01198	0.00674	0.00599	0.01273	0.01049	0.01648	0.00899	0.01049	0.00749	0.00374	0.00374	0.00075	0.00374	0.00300	0.00300	0.85320
6	0.00615	0.00446	0.00581	0.00689	0.00730	0.00412	0.00463	0.00706	0.00982	0.01297	0.02968	0.75930	0.09197	0.01561	0.00642	0.00203	0.00290	0.01409	0.00469	0.00412
7	0.01014	0.02616	0.79609	0.01441	0.02189	0.01174	0.01868	0.01601	0.01068	0.01601	0.00907	0.01068	0.00641	0.00480	0.00480	0.00160	0.00747	0.00374	0.00214	0.00747
