[name]
unknown

[dist]
# distance from previous block
# <min> <max>
6	140

[block]
# block no. 0 follows, 42 sequences, length 38
# corresponding to MSA columns:
# 187-222,290,291
name=unknown_A
#
# <colnr> <probs for GDERKNQSTAVLIFYWHMCP>
#	G	D	E	R	K	N	Q	S	T	A	V	L	I	F	Y	W	H	M	C	P
0	0.03808	0.00989	0.01175	0.09741	0.01533	0.02861	0.00832	0.11319	0.11459	0.12642	0.11827	0.04692	0.06703	0.00923	0.00720	0.07750	0.00485	0.01765	0.00488	0.08288
1	0.03651	0.12425	0.01788	0.03912	0.03124	0.17546	0.03306	0.26871	0.05914	0.03431	0.01313	0.02734	0.03119	0.00666	0.00593	0.00163	0.04930	0.00489	0.00408	0.03618
2	0.09257	0.03389	0.02801	0.01255	0.09850	0.01093	0.00914	0.15367	0.03969	0.25555	0.03657	0.05293	0.09488	0.02007	0.00595	0.00182	0.00501	0.02280	0.00525	0.02023
3	0.09268	0.29647	0.01972	0.01194	0.03630	0.22659	0.00978	0.05171	0.09332	0.07898	0.01117	0.01186	0.00890	0.00580	0.00485	0.00150	0.02355	0.00394	0.00352	0.00743
4	0.01450	0.01295	0.08182	0.01058	0.01493	0.01113	0.00914	0.25231	0.04624	0.03934	0.01442	0.09511	0.01255	0.03198	0.01830	0.00168	0.00535	0.00564	0.00436	0.31766
5	0.01776	0.01281	0.01415	0.01151	0.01501	0.01384	0.00923	0.52805	0.02194	0.05109	0.01772	0.17757	0.01607	0.02478	0.00641	0.00189	0.00547	0.02208	0.00548	0.02714
6	0.03326	0.05339	0.01875	0.01799	0.15717	0.41801	0.07825	0.03532	0.01456	0.01619	0.00949	0.01149	0.00782	0.00534	0.00513	0.00146	0.00840	0.00412	0.00297	0.10087
7	0.45793	0.10267	0.01341	0.08006	0.01538	0.09584	0.00846	0.09375	0.01271	0.06125	0.00946	0.01074	0.00724	0.00553	0.00420	0.00166	0.00566	0.00363	0.00361	0.00682
8	0.01173	0.01065	0.01710	0.69013	0.06400	0.01298	0.01524	0.08113	0.01269	0.01644	0.01034	0.01483	0.00774	0.00571	0.00562	0.00185	0.00735	0.00501	0.00280	0.00665
9	0.00749	0.00558	0.00696	0.00694	0.00820	0.00506	0.00508	0.00958	0.01432	0.01952	0.48179	0.18759	0.19473	0.01322	0.00674	0.00189	0.00281	0.01162	0.00581	0.00506
10	0.00843	0.00602	0.00834	0.00964	0.01065	0.00593	0.00796	0.01056	0.01233	0.01613	0.03015	0.27518	0.03378	0.01615	0.00760	0.00250	0.00463	0.52382	0.00519	0.00501
11	0.00689	0.00495	0.00649	0.00770	0.00808	0.00461	0.00513	0.00786	0.01077	0.01429	0.03161	0.74624	0.06481	0.04176	0.00783	0.00237	0.00332	0.01560	0.00517	0.00454
12	0.00701	0.00555	0.00631	0.00647	0.00791	0.00485	0.00472	0.00864	0.01316	0.01682	0.22327	0.20285	0.44396	0.01427	0.00676	0.00195	0.00289	0.01230	0.00546	0.00485
13	0.01505	0.80561	0.02949	0.00963	0.01444	0.02227	0.00963	0.01685	0.01143	0.01324	0.00782	0.00903	0.00722	0.00481	0.00361	0.00120	0.00602	0.00301	0.00241	0.00722
14	0.84197	0.01088	0.00827	0.00740	0.01088	0.01262	0.00609	0.01654	0.00958	0.02525	0.00784	0.00914	0.00609	0.00522	0.00348	0.00174	0.00435	0.00305	0.00348	0.00609
15	0.01525	0.01388	0.01451	0.01446	0.10007	0.08374	0.01018	0.08838	0.54407	0.02308	0.01943	0.01858	0.01470	0.00710	0.00564	0.00182	0.00537	0.00585	0.00513	0.00875
16	0.02290	0.01334	0.01539	0.01180	0.01624	0.01385	0.00975	0.46574	0.02240	0.32381	0.01692	0.01572	0.01128	0.00684	0.00564	0.00171	0.00564	0.00530	0.00615	0.00957
17	0.00736	0.00581	0.00668	0.00668	0.00833	0.00513	0.00516	0.00932	0.01387	0.01782	0.28769	0.05120	0.44687	0.01349	0.00677	0.00194	0.00305	0.09230	0.00554	0.00498
18	0.00744	0.00578	0.00689	0.00736	0.00881	0.00522	0.00575	0.00924	0.01290	0.01632	0.12599	0.16823	0.38822	0.01478	0.00701	0.00212	0.00348	0.19423	0.00532	0.00490
19	0.00830	0.00633	0.00919	0.00905	0.00988	0.00745	0.00693	0.01004	0.00892	0.01285	0.01493	0.02320	0.01440	0.12634	0.65049	0.00825	0.05928	0.00621	0.00303	0.00491
20	0.01063	0.01000	0.01688	0.78870	0.03876	0.01250	0.01563	0.01438	0.01125	0.01438	0.01000	0.01500	0.00750	0.00563	0.00563	0.00188	0.00750	0.00500	0.00250	0.00625
21	0.02425	0.01119	0.01406	0.01078	0.01517	0.01066	0.00890	0.21502	0.01880	0.57962	0.01994	0.01769	0.01280	0.00691	0.00565	0.00173	0.00515	0.00551	0.00662	0.00958
22	0.00804	0.00603	0.00904	0.00904	0.01005	0.00703	0.00703	0.01005	0.00904	0.01306	0.01507	0.02211	0.01407	0.04221	0.77992	0.00904	0.01507	0.00603	0.00301	0.00502
23	0.00806	0.00596	0.00869	0.00869	0.00958	0.00684	0.00660	0.00982	0.00894	0.01280	0.01540	0.02389	0.01484	0.13416	0.68903	0.00861	0.01391	0.00629	0.00306	0.00483
24	0.01331	0.01274	0.02173	0.17571	0.63078	0.01321	0.01696	0.01673	0.01252	0.01764	0.01048	0.01413	0.00865	0.00513	0.00558	0.00171	0.00684	0.00501	0.00273	0.00842
25	0.00688	0.00525	0.00632	0.00702	0.00798	0.00470	0.00490	0.00816	0.01193	0.01535	0.10200	0.47195	0.29545	0.01592	0.00695	0.00211	0.00307	0.01405	0.00531	0.00470
26	0.00805	0.00599	0.00767	0.00869	0.00951	0.00597	0.00631	0.01100	0.09540	0.01584	0.02989	0.58205	0.03411	0.01614	0.00712	0.00230	0.00373	0.13981	0.00527	0.00517
27	0.02464	0.01056	0.01367	0.01048	0.01486	0.00973	0.00866	0.14182	0.01775	0.65430	0.02082	0.01826	0.01324	0.00693	0.00565	0.00173	0.00501	0.00557	0.00675	0.00958
28	0.01286	0.01258	0.02229	0.25925	0.46114	0.01321	0.10350	0.01649	0.01240	0.01714	0.01051	0.01440	0.00845	0.00517	0.00572	0.00176	0.00726	0.00520	0.00271	0.00796
29	0.00863	0.00547	0.00728	0.00787	0.00874	0.00503	0.00550	0.01005	0.01227	0.07983	0.17961	0.57874	0.03849	0.01548	0.00694	0.00213	0.00327	0.01394	0.00557	0.00514
30	0.01416	0.01438	0.02154	0.01738	0.03521	0.06280	0.21008	0.09833	0.01243	0.01734	0.00930	0.01312	0.00797	0.00777	0.01274	0.00214	0.42798	0.00533	0.00296	0.00701
31	0.01206	0.01179	0.01712	0.03985	0.10001	0.01573	0.01249	0.01367	0.00921	0.01407	0.00853	0.01347	0.00817	0.01211	0.08576	0.00295	0.60906	0.00504	0.00255	0.00637
32	0.67910	0.01239	0.00993	0.00883	0.01187	0.07781	0.00720	0.01670	0.01001	0.02296	0.00786	0.00958	0.00634	0.00579	0.00531	0.00180	0.09376	0.00331	0.00332	0.00614
33	0.01322	0.01185	0.01696	0.01409	0.01582	0.01437	0.09796	0.16275	0.01319	0.01868	0.01307	0.11194	0.01267	0.01212	0.06996	0.00271	0.36692	0.02142	0.00359	0.00672
34	0.00714	0.00518	0.00680	0.00800	0.00858	0.00484	0.00566	0.00837	0.01124	0.01477	0.03304	0.63714	0.09792	0.01707	0.00722	0.00229	0.00349	0.11137	0.00522	0.00467
35	0.01517	0.01689	0.19369	0.01721	0.17070	0.01360	0.01356	0.18926	0.16150	0.04679	0.01387	0.01467	0.01036	0.00598	0.00542	0.00166	0.00620	0.00494	0.00411	0.09442
36	0.01389	0.09889	0.08290	0.01453	0.01661	0.04390	0.04581	0.09773	0.01167	0.01656	0.00858	0.01212	0.00764	0.00821	0.01333	0.00212	0.49105	0.00471	0.00284	0.00691
37	0.02028	0.00847	0.01152	0.00953	0.01292	0.00746	0.00775	0.02245	0.01535	0.55425	0.10740	0.09147	0.02199	0.00916	0.00609	0.00187	0.00446	0.07274	0.00657	0.00827

[dist]
# distance from previous block
# <min> <max>
0	5

[block]
# block no. 1 follows, 42 sequences, length 6
# corresponding to MSA columns:
# 297-302
name=unknown_B
#
# <colnr> <probs for GDERKNQSTAVLIFYWHMCP>
#	G	D	E	R	K	N	Q	S	T	A	V	L	I	F	Y	W	H	M	C	P
0	0.11916	0.40665	0.11431	0.01024	0.01521	0.01634	0.01022	0.01966	0.01247	0.21067	0.01181	0.01200	0.00880	0.00549	0.00434	0.00148	0.00578	0.00384	0.00371	0.00783
1	0.45579	0.01612	0.17967	0.01068	0.01549	0.01391	0.01048	0.19727	0.01425	0.02612	0.00974	0.01083	0.00718	0.00563	0.00442	0.00174	0.00568	0.00379	0.00377	0.00744
2	0.01862	0.02739	0.20263	0.01488	0.01911	0.59062	0.01332	0.02133	0.01495	0.01477	0.00904	0.01058	0.00722	0.00569	0.00514	0.00153	0.00970	0.00376	0.00277	0.00697
3	0.34694	0.01146	0.01202	0.00963	0.01367	0.01202	0.00795	0.18269	0.01582	0.31370	0.01461	0.01395	0.00987	0.00623	0.00479	0.00173	0.00493	0.00450	0.00529	0.00820
4	0.19807	0.62971	0.02479	0.00914	0.01366	0.02013	0.00885	0.01678	0.01102	0.01590	0.00783	0.00905	0.00697	0.00491	0.00358	0.00132	0.00565	0.00302	0.00265	0.00697
5	0.00978	0.00489	0.00733	0.00733	0.00733	0.00489	0.00489	0.00733	0.00733	0.00978	0.00978	0.01711	0.00978	0.01955	0.02199	0.83627	0.00489	0.00489	0.00244	0.00244

[dist]
# distance from previous block
# <min> <max>
0	2

[block]
# block no. 2 follows, 42 sequences, length 23
# corresponding to MSA columns:
# 305-320,342,343,362-364,376,377
name=unknown_C
#
# <colnr> <probs for GDERKNQSTAVLIFYWHMCP>
#	G	D	E	R	K	N	Q	S	T	A	V	L	I	F	Y	W	H	M	C	P
0	0.00941	0.00683	0.00853	0.00771	0.00938	0.00662	0.00589	0.09022	0.01707	0.02396	0.68316	0.03896	0.04840	0.01099	0.00653	0.00176	0.00304	0.00963	0.00613	0.00577
1	0.00696	0.00497	0.00665	0.00795	0.00832	0.00466	0.00540	0.00801	0.01087	0.01448	0.03096	0.76498	0.03700	0.01754	0.00721	0.00230	0.00335	0.04857	0.00522	0.00460
2	0.01400	0.01209	0.01273	0.01145	0.01463	0.01400	0.00891	0.02990	0.75695	0.02354	0.02291	0.02100	0.01718	0.00764	0.00573	0.00191	0.00445	0.00636	0.00573	0.00891
3	0.00767	0.00640	0.00677	0.00656	0.00850	0.00584	0.00495	0.01086	0.09364	0.01736	0.17378	0.04852	0.56293	0.01307	0.00655	0.00188	0.00299	0.01099	0.00544	0.00529
4	0.00881	0.00596	0.00679	0.00655	0.00696	0.00598	0.00400	0.04241	0.01010	0.01377	0.11409	0.03608	0.02405	0.64572	0.02419	0.00471	0.00506	0.00823	0.02257	0.00398
5	0.01486	0.01208	0.01404	0.01390	0.10292	0.01339	0.00978	0.14340	0.44938	0.04596	0.09988	0.02116	0.01875	0.00758	0.00579	0.00183	0.00482	0.00638	0.00545	0.00865
6	0.02501	0.00996	0.01330	0.01020	0.01456	0.00884	0.00842	0.07243	0.01675	0.72510	0.02166	0.01880	0.01366	0.00695	0.00566	0.00174	0.00488	0.00562	0.00688	0.00958
7	0.00697	0.00494	0.00650	0.00769	0.00799	0.00465	0.00507	0.00787	0.01056	0.01408	0.02990	0.73453	0.03581	0.08358	0.00899	0.00255	0.00345	0.01534	0.00507	0.00447
8	0.02052	0.01654	0.01632	0.01295	0.01713	0.09930	0.01051	0.58923	0.10749	0.03178	0.01405	0.01399	0.01018	0.00675	0.00558	0.00169	0.00642	0.00506	0.00535	0.00917
9	0.00883	0.00899	0.09051	0.00946	0.01123	0.00742	0.00768	0.01339	0.15919	0.01654	0.02683	0.52636	0.02951	0.03170	0.00718	0.00223	0.00414	0.02801	0.00498	0.00582
10	0.00699	0.00559	0.00629	0.00667	0.00813	0.00489	0.00497	0.00849	0.01258	0.01562	0.09341	0.22036	0.49438	0.01495	0.00687	0.00204	0.00313	0.07458	0.00528	0.00478
11	0.00688	0.00539	0.00612	0.00659	0.00776	0.00475	0.00463	0.00811	0.01193	0.01498	0.07838	0.32995	0.41588	0.06217	0.00815	0.00225	0.00315	0.01311	0.00516	0.00463
12	0.08482	0.58614	0.02516	0.07719	0.01656	0.10233	0.00998	0.01722	0.01175	0.01441	0.00811	0.00967	0.00715	0.00503	0.00393	0.00133	0.00645	0.00325	0.00256	0.00697
13	0.00782	0.00562	0.00747	0.00777	0.00881	0.00527	0.00583	0.01000	0.01406	0.01945	0.45293	0.25565	0.04566	0.01380	0.00696	0.00203	0.00319	0.11681	0.00578	0.00509
14	0.00686	0.00490	0.00653	0.00784	0.00816	0.00457	0.00522	0.00784	0.01077	0.01437	0.03102	0.79855	0.03722	0.01763	0.00718	0.00229	0.00326	0.01600	0.00522	0.00457
15	0.01239	0.18121	0.51987	0.01713	0.11059	0.01496	0.03433	0.01757	0.01193	0.01698	0.00973	0.01163	0.00739	0.00519	0.00506	0.00166	0.00769	0.00409	0.00244	0.00815
16	0.00840	0.00593	0.00686	0.00703	0.00740	0.00605	0.00436	0.01003	0.07335	0.01278	0.02090	0.19519	0.02353	0.54898	0.04169	0.00458	0.00516	0.00961	0.00398	0.00417
17	0.02846	0.09419	0.01195	0.01051	0.07581	0.00964	0.00747	0.09495	0.05966	0.01894	0.10638	0.16936	0.24238	0.01136	0.00612	0.00186	0.00417	0.03572	0.00485	0.00624
18	0.01167	0.01000	0.01167	0.00834	0.01334	0.00750	0.00667	0.01417	0.01167	0.01834	0.01000	0.01167	0.00834	0.00417	0.00417	0.00083	0.00417	0.00333	0.00333	0.83663
19	0.02075	0.01545	0.01653	0.01282	0.01721	0.01715	0.01054	0.68637	0.08949	0.03444	0.01432	0.01416	0.01023	0.00683	0.00564	0.00171	0.00604	0.00518	0.00564	0.00951
20	0.01231	0.01231	0.01724	0.01477	0.01477	0.01724	0.01231	0.01354	0.00862	0.01354	0.00739	0.01231	0.00739	0.00985	0.01847	0.00246	0.79192	0.00492	0.00246	0.00616
21	0.01126	0.00646	0.00840	0.00751	0.00933	0.00587	0.00568	0.01355	0.01520	0.16514	0.53332	0.03764	0.06851	0.07719	0.00830	0.00208	0.00331	0.00920	0.00607	0.00595
22	0.02328	0.00927	0.01251	0.00976	0.01379	0.00813	0.00800	0.02585	0.03523	0.67884	0.09445	0.02143	0.01783	0.00742	0.00576	0.00175	0.00457	0.00612	0.00686	0.00914

[dist]
# distance from previous block
# <min> <max>
6	48

[block]
# block no. 3 follows, 42 sequences, length 132
# corresponding to MSA columns:
# 444-536,547-562,564-586
name=unknown_D
#
# <colnr> <probs for GDERKNQSTAVLIFYWHMCP>
#	G	D	E	R	K	N	Q	S	T	A	V	L	I	F	Y	W	H	M	C	P
0	0.84197	0.01088	0.00827	0.00740	0.01088	0.01262	0.00609	0.01654	0.00958	0.02525	0.00784	0.00914	0.00609	0.00522	0.00348	0.00174	0.00435	0.00305	0.00348	0.00609
1	0.00889	0.00720	0.01139	0.01091	0.01247	0.00689	0.11118	0.03320	0.01220	0.01626	0.02695	0.45501	0.03046	0.01465	0.00715	0.00226	0.00475	0.20086	0.00485	0.02245
2	0.01745	0.01933	0.01431	0.01295	0.01599	0.39057	0.00987	0.02625	0.39249	0.01874	0.01592	0.01566	0.01229	0.00673	0.00541	0.00168	0.00725	0.00502	0.00434	0.00774
3	0.00818	0.00546	0.00614	0.00614	0.00614	0.00546	0.00341	0.00818	0.00818	0.01091	0.01773	0.03683	0.02046	0.80222	0.02864	0.00546	0.00546	0.00818	0.00341	0.00341
4	0.01063	0.01000	0.01688	0.78870	0.03876	0.01250	0.01563	0.01438	0.01125	0.01438	0.01000	0.01500	0.00750	0.00563	0.00563	0.00188	0.00750	0.00500	0.00250	0.00625
5	0.01231	0.01231	0.01724	0.01477	0.01477	0.01724	0.01231	0.01354	0.00862	0.01354	0.00739	0.01231	0.00739	0.00985	0.01847	0.00246	0.79192	0.00492	0.00246	0.00616
6	0.01375	0.01469	0.08353	0.01210	0.01533	0.12546	0.01034	0.02387	0.42269	0.02017	0.02105	0.02740	0.01794	0.00880	0.00602	0.00197	0.00581	0.15646	0.00488	0.00772
7	0.00723	0.00519	0.00694	0.00821	0.00875	0.00491	0.00586	0.00850	0.01121	0.01482	0.03161	0.64895	0.05878	0.01717	0.00727	0.00233	0.00358	0.13880	0.00522	0.00468
8	0.00797	0.00591	0.00864	0.00873	0.00961	0.00674	0.00662	0.00975	0.00909	0.01298	0.01635	0.07482	0.01612	0.10223	0.66770	0.00830	0.01351	0.00687	0.00319	0.00486
9	0.01167	0.01000	0.01167	0.00834	0.01334	0.00750	0.00667	0.01417	0.01167	0.01834	0.01000	0.01167	0.00834	0.00417	0.00417	0.00083	0.00417	0.00333	0.00333	0.83663
10	0.02127	0.01450	0.10989	0.01219	0.01712	0.01250	0.02965	0.29156	0.03299	0.35625	0.01696	0.01594	0.01127	0.00658	0.00560	0.00171	0.00585	0.00524	0.00569	0.02724
11	0.00804	0.00603	0.00904	0.00904	0.01005	0.00703	0.00703	0.01005	0.00904	0.01306	0.01507	0.02211	0.01407	0.04221	0.77992	0.00904	0.01507	0.00603	0.00301	0.00502
12	0.01393	0.01337	0.02284	0.03454	0.76712	0.01337	0.01727	0.01727	0.01281	0.01839	0.01059	0.01393	0.00891	0.00501	0.00557	0.00167	0.00669	0.00501	0.00279	0.00891
13	0.12195	0.01511	0.01607	0.01350	0.06048	0.03171	0.01047	0.58507	0.02314	0.04899	0.01274	0.01306	0.00915	0.00645	0.00535	0.00169	0.00604	0.00480	0.00517	0.00904
14	0.09758	0.02503	0.01567	0.01407	0.01710	0.68828	0.02930	0.02180	0.01528	0.01496	0.00869	0.01018	0.00717	0.00572	0.00497	0.00149	0.00959	0.00365	0.00295	0.00651
15	0.01063	0.01000	0.01688	0.78870	0.03876	0.01250	0.01563	0.01438	0.01125	0.01438	0.01000	0.01500	0.00750	0.00563	0.00563	0.00188	0.00750	0.00500	0.00250	0.00625
16	0.01489	0.04966	0.01306	0.00949	0.01375	0.03064	0.00769	0.12266	0.09411	0.11420	0.01821	0.01817	0.08975	0.00639	0.00499	0.00133	0.00468	0.00509	0.00451	0.37675
17	0.01226	0.01035	0.01199	0.00862	0.01359	0.00811	0.00691	0.05877	0.01257	0.01938	0.01022	0.01178	0.00841	0.00432	0.00426	0.00089	0.00429	0.00344	0.00347	0.78639
18	0.01381	0.01189	0.01256	0.01132	0.01444	0.01373	0.00880	0.02931	0.73414	0.02351	0.04572	0.02164	0.01828	0.00775	0.00575	0.00190	0.00440	0.00648	0.00574	0.00880
19	0.01167	0.01000	0.01167	0.00834	0.01334	0.00750	0.00667	0.01417	0.01167	0.01834	0.01000	0.01167	0.00834	0.00417	0.00417	0.00083	0.00417	0.00333	0.00333	0.83663
20	0.01505	0.80561	0.02949	0.00963	0.01444	0.02227	0.00963	0.01685	0.01143	0.01324	0.00782	0.00903	0.00722	0.00481	0.00361	0.00120	0.00602	0.00301	0.00241	0.00722
21	0.01400	0.01209	0.01273	0.01145	0.01463	0.01400	0.00891	0.02990	0.75695	0.02354	0.02291	0.02100	0.01718	0.00764	0.00573	0.00191	0.00445	0.00636	0.00573	0.00891
22	0.00716	0.00572	0.00641	0.00623	0.00791	0.00497	0.00468	0.00906	0.01403	0.01805	0.33039	0.04947	0.48967	0.01319	0.00665	0.00185	0.00277	0.01122	0.00560	0.00497
23	0.00882	0.00578	0.00751	0.00710	0.00842	0.00545	0.00532	0.01105	0.01451	0.04338	0.56250	0.03683	0.05890	0.01330	0.05267	0.05753	0.00360	0.00902	0.08311	0.00521
24	0.01336	0.06793	0.04924	0.02262	0.02831	0.01474	0.68180	0.01794	0.01313	0.01770	0.01112	0.01470	0.00842	0.00476	0.00641	0.00185	0.00923	0.00635	0.00281	0.00758
25	0.71142	0.01067	0.00904	0.00782	0.01144	0.01193	0.00644	0.01828	0.01062	0.14446	0.01013	0.01074	0.00735	0.00550	0.00383	0.00174	0.00442	0.00346	0.00404	0.00665
26	0.00720	0.00515	0.00691	0.00810	0.00861	0.00486	0.00571	0.00849	0.01139	0.01522	0.07951	0.65722	0.03768	0.01697	0.00722	0.00229	0.00346	0.10404	0.00528	0.00470
27	0.01466	0.06230	0.03032	0.02127	0.02662	0.06579	0.58587	0.08654	0.01458	0.01909	0.01120	0.01433	0.00847	0.00501	0.00627	0.00181	0.00902	0.00608	0.00308	0.00768
28	0.00854	0.00624	0.00876	0.00862	0.00945	0.00724	0.00655	0.01028	0.00916	0.01353	0.01530	0.02349	0.01461	0.14346	0.55751	0.00743	0.05806	0.00619	0.08069	0.00489
29	0.00737	0.00539	0.00693	0.00803	0.00854	0.00522	0.00542	0.00931	0.06022	0.01488	0.03013	0.72674	0.03545	0.03779	0.00766	0.00234	0.00340	0.01515	0.00521	0.00483
30	0.01374	0.01317	0.02249	0.07871	0.72446	0.01332	0.01717	0.01710	0.01272	0.01815	0.01055	0.01399	0.00883	0.00505	0.00557	0.00168	0.00673	0.00501	0.00277	0.00876
31	0.02318	0.00964	0.01285	0.00976	0.01421	0.00815	0.00803	0.02541	0.01543	0.65655	0.02035	0.01802	0.01308	0.00654	0.00543	0.00160	0.00469	0.00531	0.00641	0.13535
32	0.02231	0.01429	0.01597	0.01225	0.01672	0.01526	0.01012	0.57620	0.02399	0.21111	0.01559	0.01486	0.01061	0.00681	0.00564	0.00170	0.00586	0.00521	0.00595	0.00957
33	0.00672	0.00542	0.00599	0.00646	0.00780	0.00469	0.00461	0.00799	0.01210	0.01491	0.04780	0.31780	0.50714	0.01545	0.00684	0.00204	0.00300	0.01334	0.00523	0.00469
34	0.01238	0.01150	0.01921	0.04536	0.58523	0.01147	0.01461	0.01531	0.01264	0.01790	0.05798	0.14102	0.01600	0.00742	0.00589	0.00178	0.00592	0.00707	0.00337	0.00795
35	0.02444	0.01088	0.01387	0.01063	0.01502	0.01020	0.00878	0.17911	0.01829	0.61626	0.02037	0.01797	0.01301	0.00692	0.00565	0.00173	0.00508	0.00553	0.00668	0.00958
36	0.00886	0.00633	0.00883	0.01013	0.01133	0.00630	0.00871	0.01130	0.01275	0.01661	0.02991	0.13221	0.03284	0.01574	0.00772	0.00256	0.00500	0.66255	0.00519	0.00512
37	0.20071	0.01457	0.01493	0.01168	0.01595	0.01621	0.00964	0.57366	0.02256	0.04839	0.01245	0.01267	0.00890	0.00643	0.00516	0.00170	0.00576	0.00464	0.00519	0.00881
38	0.00691	0.00571	0.00606	0.00598	0.00776	0.00486	0.00448	0.00858	0.01345	0.01667	0.19825	0.05174	0.62267	0.01370	0.00665	0.00187	0.00281	0.01154	0.00542	0.00486
39	0.01451	0.01416	0.04535	0.03079	0.61085	0.01381	0.06499	0.08594	0.02880	0.02004	0.01114	0.01405	0.00906	0.00522	0.00564	0.00170	0.00683	0.00513	0.00310	0.00887
40	0.00796	0.00575	0.00752	0.00708	0.00841	0.00531	0.00531	0.01062	0.01593	0.02257	0.76415	0.04204	0.05310	0.01150	0.00664	0.00177	0.00265	0.01018	0.00619	0.00531
41	0.00690	0.00571	0.00604	0.00596	0.00775	0.00486	0.00447	0.00855	0.01341	0.01658	0.18881	0.05190	0.63217	0.01374	0.00665	0.00188	0.00281	0.01156	0.00541	0.00486
42	0.01129	0.02911	0.77306	0.01604	0.02436	0.01307	0.02079	0.01782	0.01188	0.01782	0.01010	0.01188	0.00713	0.00535	0.00535	0.00178	0.00832	0.00416	0.00238	0.00832
43	0.00793	0.00575	0.00747	0.00704	0.00838	0.00529	0.00528	0.01054	0.01584	0.02235	0.74287	0.04240	0.07452	0.01159	0.00664	0.00177	0.00266	0.01023	0.00617	0.00529
44	0.01294	0.00996	0.01180	0.00849	0.01343	0.00757	0.00682	0.01541	0.01208	0.08871	0.01114	0.01237	0.00886	0.00443	0.00431	0.00092	0.00423	0.00355	0.00367	0.75930
45	0.84197	0.01088	0.00827	0.00740	0.01088	0.01262	0.00609	0.01654	0.00958	0.02525	0.00784	0.00914	0.00609	0.00522	0.00348	0.00174	0.00435	0.00305	0.00348	0.00609
46	0.00796	0.00575	0.00752	0.00708	0.00841	0.00531	0.00531	0.01062	0.01593	0.02257	0.76415	0.04204	0.05310	0.01150	0.00664	0.00177	0.00265	0.01018	0.00619	0.00531
47	0.01129	0.02911	0.77306	0.01604	0.02436	0.01307	0.02079	0.01782	0.01188	0.01782	0.01010	0.01188	0.00713	0.00535	0.00535	0.00178	0.00832	0.00416	0.00238	0.00832
48	0.02525	0.00958	0.01306	0.01001	0.01437	0.00827	0.00827	0.02743	0.01611	0.77102	0.02220	0.01915	0.01393	0.00697	0.00566	0.00174	0.00479	0.00566	0.00697	0.00958
49	0.01505	0.80561	0.02949	0.00963	0.01444	0.02227	0.00963	0.01685	0.01143	0.01324	0.00782	0.00903	0.00722	0.00481	0.00361	0.00120	0.00602	0.00301	0.00241	0.00722
50	0.01505	0.80561	0.02949	0.00963	0.01444	0.02227	0.00963	0.01685	0.01143	0.01324	0.00782	0.00903	0.00722	0.00481	0.00361	0.00120	0.00602	0.00301	0.00241	0.00722
51	0.01025	0.00626	0.00825	0.00747	0.00920	0.00570	0.00570	0.01284	0.01595	0.12154	0.66604	0.03901	0.04792	0.01090	0.00651	0.00177	0.00294	0.00958	0.00630	0.00587
52	0.00671	0.00570	0.00578	0.00576	0.00764	0.00478	0.00432	0.00819	0.01297	0.01553	0.08881	0.05361	0.73282	0.01413	0.00665	0.00189	0.00284	0.01180	0.00527	0.00478
53	0.66358	0.01060	0.00932	0.00797	0.01164	0.01167	0.00657	0.01892	0.01100	0.18814	0.01097	0.01133	0.00781	0.00560	0.00396	0.00174	0.00445	0.00362	0.00424	0.00686
54	0.01505	0.01185	0.01276	0.01132	0.01461	0.01346	0.00885	0.02967	0.68768	0.09343	0.02284	0.02082	0.01688	0.00757	0.00572	0.00189	0.00449	0.00630	0.00584	0.00897
55	0.00698	0.00495	0.00649	0.00768	0.00797	0.00465	0.00505	0.00787	0.01053	0.01404	0.02978	0.72733	0.03565	0.09099	0.00919	0.00258	0.00347	0.01527	0.00505	0.00446
56	0.02517	0.00970	0.01314	0.01007	0.01443	0.00846	0.00832	0.04196	0.01632	0.75619	0.02203	0.01904	0.01384	0.00696	0.00566	0.00174	0.00482	0.00565	0.00694	0.00958
57	0.01031	0.00699	0.00874	0.00814	0.00991	0.00675	0.00628	0.07670	0.03234	0.07116	0.46223	0.11980	0.08041	0.01180	0.00661	0.00189	0.00341	0.06465	0.00595	0.00593
58	0.01411	0.01587	0.06672	0.46955	0.03035	0.20035	0.01426	0.07264	0.03272	0.01629	0.01029	0.01365	0.00782	0.00579	0.00548	0.00175	0.00803	0.00465	0.00291	0.00677
59	0.04692	0.01449	0.01577	0.01217	0.01658	0.03059	0.01003	0.55430	0.02348	0.19539	0.01514	0.01454	0.01037	0.00674	0.00556	0.00170	0.00591	0.00511	0.00580	0.00941
60	0.00883	0.00597	0.00764	0.00709	0.00866	0.00542	0.00537	0.01131	0.01559	0.06557	0.64022	0.04208	0.13180	0.01155	0.00658	0.00178	0.00280	0.01011	0.00613	0.00550
61	0.04841	0.33297	0.10058	0.01133	0.01622	0.01753	0.01079	0.22964	0.05992	0.10414	0.01216	0.01243	0.00916	0.00585	0.00472	0.00152	0.00602	0.00421	0.00407	0.00833
62	0.02227	0.06287	0.04556	0.01049	0.01483	0.02551	0.00902	0.08626	0.04947	0.54443	0.05561	0.01873	0.01475	0.00697	0.00555	0.00171	0.00512	0.00558	0.00619	0.00908
63	0.79332	0.01195	0.05307	0.00791	0.01167	0.01265	0.00696	0.01662	0.00971	0.02481	0.00797	0.00930	0.00616	0.00523	0.00359	0.00174	0.00459	0.00311	0.00342	0.00622
64	0.00835	0.00588	0.00787	0.00820	0.00891	0.00625	0.00610	0.00980	0.00974	0.01344	0.01977	0.05945	0.02094	0.29146	0.31016	0.00598	0.00892	0.16500	0.02925	0.00451
65	0.01378	0.01327	0.02232	0.03269	0.69677	0.01373	0.01681	0.01692	0.01242	0.01793	0.01029	0.01378	0.00877	0.00547	0.00678	0.00175	0.08011	0.00501	0.00276	0.00866
66	0.00796	0.00575	0.00752	0.00708	0.00841	0.00531	0.00531	0.01062	0.01593	0.02257	0.76415	0.04204	0.05310	0.01150	0.00664	0.00177	0.00265	0.01018	0.00619	0.00531
67	0.01163	0.01054	0.01688	0.71616	0.03677	0.01297	0.01517	0.08301	0.01267	0.01635	0.01033	0.01486	0.00770	0.00573	0.00563	0.00186	0.00738	0.00501	0.00279	0.00656
68	0.00751	0.00573	0.00690	0.00661	0.00813	0.00512	0.00495	0.00974	0.01486	0.02003	0.52079	0.04621	0.29804	0.01245	0.00664	0.00181	0.00272	0.01076	0.00586	0.00512
69	0.00958	0.00611	0.00804	0.00735	0.00896	0.00559	0.00559	0.01219	0.01595	0.09255	0.69478	0.03990	0.04944	0.01108	0.00655	0.00177	0.00285	0.00975	0.00627	0.00571
70	0.02139	0.01576	0.01689	0.01295	0.01745	0.01745	0.01070	0.74835	0.02646	0.03547	0.01351	0.01351	0.00957	0.00676	0.00563	0.00169	0.00619	0.00507	0.00563	0.00957
71	0.01167	0.01000	0.01167	0.00834	0.01334	0.00750	0.00667	0.01417	0.01167	0.01834	0.01000	0.01167	0.00834	0.00417	0.00417	0.00083	0.00417	0.00333	0.00333	0.83663
72	0.01505	0.80561	0.02949	0.00963	0.01444	0.02227	0.00963	0.01685	0.01143	0.01324	0.00782	0.00903	0.00722	0.00481	0.00361	0.00120	0.00602	0.00301	0.00241	0.00722
73	0.01393	0.01337	0.02284	0.03454	0.76712	0.01337	0.01727	0.01727	0.01281	0.01839	0.01059	0.01393	0.00891	0.00501	0.00557	0.00167	0.00669	0.00501	0.00279	0.00891
74	0.01505	0.80561	0.02949	0.00963	0.01444	0.02227	0.00963	0.01685	0.01143	0.01324	0.00782	0.00903	0.00722	0.00481	0.00361	0.00120	0.00602	0.00301	0.00241	0.00722
75	0.00818	0.00546	0.00614	0.00614	0.00614	0.00546	0.00341	0.00818	0.00818	0.01091	0.01773	0.03683	0.02046	0.80222	0.02864	0.00546	0.00546	0.00818	0.00341	0.00341
76	0.00818	0.00546	0.00614	0.00614	0.00614	0.00546	0.00341	0.00818	0.00818	0.01091	0.01773	0.03683	0.02046	0.80222	0.02864	0.00546	0.00546	0.00818	0.00341	0.00341
77	0.01328	0.01518	0.03321	0.02372	0.02941	0.01423	0.74668	0.01803	0.01328	0.01803	0.01139	0.01518	0.00854	0.00474	0.00664	0.00190	0.00949	0.00664	0.00285	0.00759
78	0.00665	0.00570	0.00570	0.00570	0.00760	0.00475	0.00428	0.00808	0.01283	0.01520	0.05701	0.05416	0.76483	0.01425	0.00665	0.00190	0.00285	0.01188	0.00523	0.00475
79	0.00682	0.00503	0.00639	0.00748	0.00807	0.00460	0.00506	0.00788	0.01112	0.01451	0.03540	0.67302	0.15993	0.01706	0.00709	0.00222	0.00320	0.01530	0.00522	0.00460
80	0.02115	0.01553	0.01663	0.01277	0.01721	0.01718	0.01054	0.73177	0.02613	0.03514	0.01362	0.01368	0.00968	0.00675	0.00559	0.00168	0.00611	0.00507	0.02430	0.00947
81	0.01167	0.01000	0.01167	0.00834	0.01334	0.00750	0.00667	0.01417	0.01167	0.01834	0.01000	0.01167	0.00834	0.00417	0.00417	0.00083	0.00417	0.00333	0.00333	0.83663
82	0.01948	0.06145	0.01871	0.08600	0.02006	0.01706	0.05993	0.58842	0.02328	0.03104	0.01271	0.01350	0.00917	0.00640	0.00558	0.00169	0.00652	0.00504	0.00496	0.00899
83	0.00692	0.00500	0.00655	0.00766	0.00815	0.00463	0.00517	0.00803	0.01124	0.01496	0.08118	0.70475	0.08089	0.01703	0.00712	0.00223	0.00320	0.01537	0.00529	0.00463
84	0.01063	0.01000	0.01688	0.78870	0.03876	0.01250	0.01563	0.01438	0.01125	0.01438	0.01000	0.01500	0.00750	0.00563	0.00563	0.00188	0.00750	0.00500	0.00250	0.00625
85	0.00686	0.00490	0.00653	0.00784	0.00816	0.00457	0.00522	0.00784	0.01077	0.01437	0.03102	0.79855	0.03722	0.01763	0.00718	0.00229	0.00326	0.01600	0.00522	0.00457
86	0.00686	0.00490	0.00653	0.00784	0.00816	0.00457	0.00522	0.00784	0.01077	0.01437	0.03102	0.79855	0.03722	0.01763	0.00718	0.00229	0.00326	0.01600	0.00522	0.00457
87	0.01063	0.01000	0.01688	0.78870	0.03876	0.01250	0.01563	0.01438	0.01125	0.01438	0.01000	0.01500	0.00750	0.00563	0.00563	0.00188	0.00750	0.00500	0.00250	0.00625
88	0.00704	0.00564	0.00610	0.00616	0.00760	0.00502	0.00442	0.00830	0.01186	0.01463	0.07261	0.09214	0.53357	0.13603	0.06133	0.00293	0.00407	0.01110	0.00484	0.00458
89	0.02030	0.00900	0.01182	0.00957	0.01308	0.00821	0.00770	0.05135	0.05911	0.52226	0.14809	0.07463	0.02213	0.00847	0.00593	0.00179	0.00436	0.00713	0.00660	0.00848
90	0.01272	0.01064	0.01223	0.00888	0.01379	0.00866	0.00713	0.08969	0.02962	0.02021	0.01065	0.01206	0.00866	0.00451	0.00435	0.00094	0.00438	0.00358	0.00362	0.73369
91	0.01100	0.01054	0.01831	0.69377	0.08080	0.01267	0.06423	0.01479	0.01148	0.01486	0.01013	0.01495	0.00765	0.00553	0.00569	0.00186	0.00759	0.00511	0.00254	0.00650
92	0.84197	0.01088	0.00827	0.00740	0.01088	0.01262	0.00609	0.01654	0.00958	0.02525	0.00784	0.00914	0.00609	0.00522	0.00348	0.00174	0.00435	0.00305	0.00348	0.00609
93	0.01580	0.05451	0.01337	0.01022	0.01326	0.01242	0.00804	0.34667	0.05131	0.06808	0.01759	0.08237	0.03772	0.16359	0.04105	0.00272	0.00581	0.00669	0.00486	0.04390
94	0.36645	0.09461	0.31263	0.01239	0.01808	0.01386	0.07490	0.01720	0.01097	0.02057	0.00902	0.01072	0.00682	0.00519	0.00449	0.00172	0.00650	0.00378	0.00289	0.00720
95	0.00870	0.00628	0.00845	0.00951	0.01075	0.00617	0.00806	0.01096	0.01262	0.01633	0.04562	0.08255	0.10062	0.06761	0.00901	0.00269	0.00488	0.57911	0.00509	0.00501
96	0.00987	0.00638	0.00824	0.00752	0.00918	0.00596	0.00570	0.01298	0.04673	0.09387	0.64514	0.03885	0.04711	0.02906	0.00701	0.00186	0.00300	0.00954	0.00619	0.00582
97	0.02048	0.01522	0.01640	0.01252	0.01707	0.01652	0.01032	0.67971	0.02508	0.03387	0.01318	0.01334	0.00945	0.00651	0.00549	0.00161	0.00600	0.00490	0.00542	0.08690
98	0.00818	0.00546	0.00614	0.00614	0.00614	0.00546	0.00341	0.00818	0.00818	0.01091	0.01773	0.03683	0.02046	0.80222	0.02864	0.00546	0.00546	0.00818	0.00341	0.00341
99	0.84197	0.01088	0.00827	0.00740	0.01088	0.01262	0.00609	0.01654	0.00958	0.02525	0.00784	0.00914	0.00609	0.00522	0.00348	0.00174	0.00435	0.00305	0.00348	0.00609
100	0.00821	0.00632	0.02276	0.00861	0.00988	0.00575	0.00699	0.01057	0.01369	0.01860	0.31844	0.19271	0.05678	0.01413	0.00714	0.00218	0.00384	0.28270	0.00553	0.00517
101	0.01153	0.02764	0.70292	0.01777	0.09381	0.01310	0.02046	0.01777	0.01197	0.01787	0.01014	0.01207	0.00730	0.00532	0.00537	0.00177	0.00816	0.00424	0.00241	0.00837
102	0.01369	0.52507	0.29813	0.01195	0.01803	0.01894	0.01366	0.01720	0.01160	0.01490	0.00865	0.01006	0.00719	0.00501	0.00424	0.00141	0.00685	0.00342	0.00240	0.00762
103	0.00818	0.00546	0.00614	0.00614	0.00614	0.00546	0.00341	0.00818	0.00818	0.01091	0.01773	0.03683	0.02046	0.80222	0.02864	0.00546	0.00546	0.00818	0.00341	0.00341
104	0.07580	0.01032	0.01432	0.01105	0.01511	0.00966	0.07704	0.09480	0.01641	0.48584	0.11136	0.02040	0.01733	0.00718	0.00573	0.00175	0.00507	0.00608	0.00612	0.00863
105	0.04480	0.03841	0.05135	0.05545	0.47807	0.05436	0.06354	0.01804	0.01310	0.08144	0.02670	0.01515	0.02339	0.00553	0.00552	0.00169	0.00674	0.00516	0.00324	0.00833
106	0.01195	0.01130	0.01912	0.41947	0.36333	0.01257	0.01594	0.01541	0.01193	0.01617	0.01112	0.04650	0.00935	0.00584	0.00567	0.00180	0.00696	0.00546	0.00274	0.00737
107	0.00809	0.00583	0.00804	0.00804	0.00870	0.00649	0.00579	0.00941	0.00875	0.01232	0.01599	0.02718	0.01627	0.30408	0.52106	0.00781	0.01176	0.00677	0.00315	0.00447
108	0.78688	0.01082	0.00850	0.00746	0.01105	0.01228	0.00613	0.01639	0.00972	0.02479	0.00798	0.00931	0.00624	0.00515	0.00353	0.00168	0.00434	0.00307	0.00347	0.06120
109	0.17945	0.11992	0.06101	0.01063	0.01474	0.10164	0.00926	0.07769	0.09773	0.22827	0.03744	0.01485	0.01156	0.00630	0.00491	0.00165	0.00571	0.00464	0.00467	0.00795
110	0.00683	0.00499	0.00644	0.00759	0.00810	0.00459	0.00512	0.00786	0.01101	0.01446	0.03398	0.71379	0.12007	0.01725	0.00712	0.00224	0.00322	0.01553	0.00522	0.00459
111	0.01291	0.03130	0.17961	0.04303	0.40151	0.02990	0.12936	0.01692	0.01257	0.01766	0.01186	0.06560	0.01026	0.00591	0.00575	0.00176	0.00731	0.00575	0.00286	0.00815
112	0.01167	0.01000	0.01167	0.00834	0.01334	0.00750	0.00667	0.01417	0.01167	0.01834	0.01000	0.01167	0.00834	0.00417	0.00417	0.00083	0.00417	0.00333	0.00333	0.83663
113	0.02020	0.01297	0.01458	0.01142	0.01523	0.01386	0.00927	0.50366	0.02179	0.16097	0.01499	0.01575	0.01084	0.02909	0.00771	0.07982	0.00566	0.00524	0.03838	0.00857
114	0.01328	0.01518	0.03321	0.02372	0.02941	0.01423	0.74668	0.01803	0.01328	0.01803	0.01139	0.01518	0.00854	0.00474	0.00664	0.00190	0.00949	0.00664	0.00285	0.00759
115	0.00844	0.00596	0.00715	0.00698	0.00708	0.00639	0.00434	0.00871	0.00829	0.01129	0.01680	0.03382	0.01899	0.67859	0.09821	0.00559	0.05854	0.00777	0.00331	0.00374
116	0.00877	0.00588	0.00769	0.00728	0.00869	0.00539	0.00544	0.01121	0.01539	0.06214	0.63921	0.11181	0.06583	0.01190	0.00664	0.00182	0.00283	0.01052	0.00612	0.00546
117	0.01469	0.73301	0.09902	0.01023	0.01537	0.02141	0.01067	0.01694	0.01148	0.01367	0.00804	0.00929	0.00721	0.00486	0.00377	0.00126	0.00623	0.00312	0.00240	0.00732
118	0.00788	0.00581	0.00749	0.00754	0.00886	0.00542	0.00583	0.01021	0.01442	0.01971	0.46814	0.10244	0.14696	0.01393	0.03014	0.00218	0.00352	0.12865	0.00573	0.00515
119	0.00805	0.00654	0.00883	0.00836	0.01008	0.00605	0.05469	0.01065	0.04051	0.01795	0.25665	0.16100	0.28274	0.01322	0.00682	0.00200	0.00361	0.09160	0.00537	0.00528
120	0.02365	0.01214	0.01465	0.01123	0.01564	0.01207	0.00928	0.32608	0.02040	0.46631	0.01860	0.01682	0.01212	0.00688	0.00565	0.00172	0.00537	0.00541	0.00641	0.00957
121	0.00686	0.00490	0.00653	0.00784	0.00816	0.00457	0.00522	0.00784	0.01077	0.01437	0.03102	0.79855	0.03722	0.01763	0.00718	0.00229	0.00326	0.01600	0.00522	0.00457
122	0.01389	0.00867	0.01063	0.00950	0.01206	0.00862	0.00775	0.14624	0.04932	0.15764	0.23906	0.03782	0.08736	0.01082	0.00651	0.00196	0.00435	0.17498	0.00590	0.00692
123	0.84197	0.01088	0.00827	0.00740	0.01088	0.01262	0.00609	0.01654	0.00958	0.02525	0.00784	0.00914	0.00609	0.00522	0.00348	0.00174	0.00435	0.00305	0.00348	0.00609
124	0.01505	0.80561	0.02949	0.00963	0.01444	0.02227	0.00963	0.01685	0.01143	0.01324	0.00782	0.00903	0.00722	0.00481	0.00361	0.00120	0.00602	0.00301	0.00241	0.00722
125	0.01316	0.01251	0.02086	0.20891	0.55334	0.01321	0.01640	0.01734	0.05604	0.01775	0.01117	0.01459	0.00907	0.00531	0.00559	0.00173	0.00675	0.00509	0.00289	0.00829
126	0.01906	0.01149	0.01302	0.01033	0.01392	0.01198	0.00841	0.37938	0.02043	0.20230	0.08659	0.01884	0.01553	0.00721	0.00542	0.00164	0.00489	0.00571	0.15544	0.00839
127	0.01505	0.80561	0.02949	0.00963	0.01444	0.02227	0.00963	0.01685	0.01143	0.01324	0.00782	0.00903	0.00722	0.00481	0.00361	0.00120	0.00602	0.00301	0.00241	0.00722
128	0.02102	0.02682	0.01595	0.01450	0.01740	0.77963	0.01087	0.02247	0.01595	0.01377	0.00870	0.01015	0.00725	0.00580	0.00507	0.00145	0.01015	0.00362	0.00290	0.00652
129	0.00665	0.00570	0.00570	0.00570	0.00760	0.00475	0.00428	0.00808	0.01283	0.01520	0.05701	0.05416	0.76483	0.01425	0.00665	0.00190	0.00285	0.01188	0.00523	0.00475
130	0.01167	0.01000	0.01167	0.00834	0.01334	0.00750	0.00667	0.01417	0.01167	0.01834	0.01000	0.01167	0.00834	0.00417	0.00417	0.00083	0.00417	0.00333	0.00333	0.83663
131	0.84197	0.01088	0.00827	0.00740	0.01088	0.01262	0.00609	0.01654	0.00958	0.02525	0.00784	0.00914	0.00609	0.00522	0.00348	0.00174	0.00435	0.00305	0.00348	0.00609

[dist]
# distance from previous block
# <min> <max>
0	19

[block]
# block no. 4 follows, 42 sequences, length 17
# corresponding to MSA columns:
# 606-622
name=unknown_E
#
# <colnr> <probs for GDERKNQSTAVLIFYWHMCP>
#	G	D	E	R	K	N	Q	S	T	A	V	L	I	F	Y	W	H	M	C	P
0	0.00766	0.00562	0.00718	0.00704	0.00829	0.00514	0.00519	0.00995	0.01486	0.02060	0.58305	0.15213	0.12697	0.01268	0.00672	0.00186	0.00276	0.01120	0.00595	0.00514
1	0.01325	0.22751	0.26393	0.01370	0.06180	0.06589	0.01343	0.01674	0.01175	0.01609	0.00917	0.01113	0.00753	0.00539	0.00583	0.00147	0.07760	0.00378	0.00264	0.17137
2	0.84197	0.01088	0.00827	0.00740	0.01088	0.01262	0.00609	0.01654	0.00958	0.02525	0.00784	0.00914	0.00609	0.00522	0.00348	0.00174	0.00435	0.00305	0.00348	0.00609
3	0.00684	0.00571	0.00596	0.00590	0.00772	0.00483	0.00442	0.00844	0.01327	0.01626	0.15871	0.05242	0.66247	0.01386	0.00665	0.00188	0.00282	0.01163	0.00537	0.00483
4	0.84197	0.01088	0.00827	0.00740	0.01088	0.01262	0.00609	0.01654	0.00958	0.02525	0.00784	0.00914	0.00609	0.00522	0.00348	0.00174	0.00435	0.00305	0.00348	0.00609
5	0.01552	0.42433	0.18760	0.01220	0.01727	0.18954	0.01230	0.01894	0.04796	0.01485	0.00923	0.01047	0.00768	0.00529	0.00442	0.00142	0.00737	0.00356	0.00267	0.00738
6	0.00818	0.00616	0.00819	0.00844	0.04909	0.00570	0.00587	0.01076	0.01550	0.02172	0.66432	0.04154	0.11046	0.01139	0.00658	0.00178	0.00289	0.01004	0.00593	0.00546
7	0.03735	0.01495	0.01515	0.04195	0.01585	0.17993	0.01083	0.01960	0.20205	0.01649	0.01213	0.01455	0.01016	0.00969	0.04819	0.00238	0.33341	0.00502	0.00345	0.00689
8	0.02525	0.00958	0.01306	0.01001	0.01437	0.00827	0.00827	0.02743	0.01611	0.77102	0.02220	0.01915	0.01393	0.00697	0.00566	0.00174	0.00479	0.00566	0.00697	0.00958
9	0.00822	0.00593	0.00773	0.05296	0.01020	0.00557	0.00582	0.01035	0.01400	0.04355	0.41511	0.21135	0.16243	0.01284	0.00667	0.00191	0.00318	0.01131	0.00563	0.00525
10	0.01323	0.01686	0.16414	0.02755	0.38565	0.01360	0.26014	0.01762	0.01280	0.01816	0.01076	0.01397	0.00846	0.00499	0.00589	0.00177	0.00792	0.00540	0.00273	0.00836
11	0.00686	0.00490	0.00653	0.00784	0.00816	0.00457	0.00522	0.00784	0.01077	0.01437	0.03102	0.79855	0.03722	0.01763	0.00718	0.00229	0.00326	0.01600	0.00522	0.00457
12	0.00685	0.00566	0.00601	0.00603	0.00775	0.00482	0.00448	0.00843	0.01315	0.01621	0.15714	0.09720	0.61870	0.01406	0.00668	0.00190	0.00285	0.01188	0.00537	0.00482
13	0.03522	0.01215	0.01423	0.01447	0.12263	0.01333	0.01003	0.18326	0.35376	0.04263	0.02123	0.04717	0.05910	0.00803	0.00581	0.00186	0.00506	0.03637	0.00519	0.00846
14	0.01286	0.01508	0.13017	0.17946	0.47388	0.01321	0.06023	0.01683	0.01240	0.01750	0.01045	0.01392	0.00836	0.00517	0.00561	0.00174	0.00724	0.00498	0.00267	0.00823
15	0.00816	0.00554	0.00656	0.00656	0.00670	0.00568	0.00393	0.00845	0.00831	0.01122	0.01735	0.03471	0.01954	0.69292	0.13669	0.00597	0.00684	0.00787	0.00335	0.00364
16	0.84197	0.01088	0.00827	0.00740	0.01088	0.01262	0.00609	0.01654	0.00958	0.02525	0.00784	0.00914	0.00609	0.00522	0.00348	0.00174	0.00435	0.00305	0.00348	0.00609

[dist]
# distance from previous block
# <min> <max>
0	28

[block]
# block no. 5 follows, 42 sequences, length 66
# corresponding to MSA columns:
# 651-661,668-681,684-708,715-730
name=unknown_F
#
# <colnr> <probs for GDERKNQSTAVLIFYWHMCP>
#	G	D	E	R	K	N	Q	S	T	A	V	L	I	F	Y	W	H	M	C	P
0	0.01675	0.01365	0.01426	0.01204	0.01568	0.02877	0.00958	0.28483	0.48451	0.02760	0.01932	0.01815	0.01430	0.00729	0.00568	0.00182	0.00517	0.00585	0.00564	0.00910
1	0.00704	0.00504	0.00669	0.00771	0.00820	0.00469	0.00524	0.00830	0.01163	0.01572	0.15237	0.67333	0.03985	0.01662	0.00709	0.00220	0.00316	0.01503	0.00538	0.00469
2	0.01129	0.02911	0.77306	0.01604	0.02436	0.01307	0.02079	0.01782	0.01188	0.01782	0.01010	0.01188	0.00713	0.00535	0.00535	0.00178	0.00832	0.00416	0.00238	0.00832
3	0.02042	0.02584	0.01600	0.05944	0.01864	0.73509	0.01115	0.02200	0.01568	0.01381	0.00877	0.01043	0.00726	0.00579	0.00511	0.00147	0.00999	0.00370	0.00288	0.00651
4	0.00686	0.00490	0.00653	0.00784	0.00816	0.00457	0.00522	0.00784	0.01077	0.01437	0.03102	0.79855	0.03722	0.01763	0.00718	0.00229	0.00326	0.01600	0.00522	0.00457
5	0.00686	0.00490	0.00653	0.00784	0.00816	0.00457	0.00522	0.00784	0.01077	0.01437	0.03102	0.79855	0.03722	0.01763	0.00718	0.00229	0.00326	0.01600	0.00522	0.00457
6	0.01243	0.04985	0.20713	0.14163	0.14201	0.01373	0.27508	0.01717	0.02477	0.01721	0.01110	0.02927	0.00873	0.00545	0.00606	0.00182	0.02059	0.00553	0.00274	0.00769
7	0.01559	0.09487	0.01495	0.02491	0.01424	0.09413	0.05981	0.23372	0.01655	0.02314	0.01378	0.01555	0.01069	0.00632	0.00524	0.00152	0.03244	0.00487	0.31058	0.00709
8	0.00855	0.00678	0.00977	0.20281	0.01597	0.00706	0.00786	0.01137	0.01445	0.01995	0.52334	0.06692	0.06281	0.01037	0.00641	0.00182	0.00390	0.00917	0.00520	0.00550
9	0.10081	0.65037	0.08256	0.00997	0.01487	0.03484	0.01012	0.01700	0.01136	0.01484	0.00801	0.00927	0.00710	0.00492	0.00375	0.00131	0.00609	0.00311	0.00253	0.00717
10	0.01220	0.01742	0.22029	0.02186	0.14721	0.01279	0.36174	0.01679	0.01258	0.01765	0.01296	0.09553	0.01122	0.00628	0.00619	0.00187	0.00808	0.00670	0.00296	0.00768
11	0.00759	0.00574	0.00701	0.00669	0.00818	0.00515	0.00502	0.00990	0.01505	0.02049	0.56440	0.04546	0.25415	0.01228	0.00664	0.00181	0.00271	0.01066	0.00592	0.00515
12	0.01249	0.03737	0.43678	0.01963	0.19882	0.01350	0.02889	0.01978	0.14174	0.01886	0.01242	0.01395	0.00932	0.00565	0.00545	0.00177	0.00723	0.00476	0.00306	0.00853
13	0.05707	0.18086	0.36410	0.01380	0.01964	0.01418	0.09058	0.01740	0.06407	0.01762	0.03908	0.07335	0.01189	0.00649	0.00524	0.00172	0.00690	0.00540	0.00308	0.00755
14	0.13021	0.08029	0.36484	0.01674	0.12957	0.01404	0.04012	0.09381	0.01340	0.05158	0.01058	0.01216	0.00783	0.00543	0.00507	0.00171	0.00702	0.00428	0.00314	0.00817
15	0.01096	0.01037	0.01739	0.69788	0.09891	0.01274	0.01565	0.01459	0.01129	0.01468	0.00996	0.01482	0.00762	0.00573	0.00608	0.00188	0.03546	0.00500	0.00252	0.00647
16	0.01049	0.00678	0.00768	0.00695	0.00940	0.00578	0.00532	0.01240	0.02908	0.14712	0.05637	0.09409	0.48859	0.02322	0.00661	0.00186	0.00338	0.01022	0.00539	0.06925
17	0.01155	0.01096	0.01878	0.45542	0.27472	0.01230	0.04566	0.01502	0.01181	0.01584	0.01172	0.06955	0.01009	0.00623	0.00576	0.00184	0.00702	0.00584	0.00280	0.00706
18	0.01440	0.01690	0.19844	0.02619	0.41453	0.01289	0.11693	0.01856	0.01300	0.09642	0.01179	0.01416	0.00897	0.00526	0.00567	0.00174	0.00725	0.00510	0.00313	0.00866
