[name]
unknown

[dist]
# distance from previous block
# <min> <max>
1	124

[block]
# block no. 0 follows, 45 sequences, length 27
# corresponding to MSA columns:
# 807-833
name=unknown_A
#
# <colnr> <probs for GDERKNQSTAVLIFYWHMCP>
#	G	D	E	R	K	N	Q	S	T	A	V	L	I	F	Y	W	H	M	C	P
0	0.24107	0.14684	0.14781	0.01035	0.01474	0.05120	0.00995	0.14794	0.01384	0.09785	0.04137	0.03396	0.01014	0.00595	0.00451	0.00158	0.00559	0.00431	0.00379	0.00723
1	0.03284	0.00654	0.00820	0.00753	0.00927	0.00620	0.00570	0.04087	0.03918	0.09669	0.49204	0.14946	0.03952	0.01076	0.00610	0.00173	0.00309	0.00943	0.00566	0.02917
2	0.05202	0.01382	0.11504	0.01112	0.01574	0.01194	0.01007	0.26442	0.08243	0.27980	0.01553	0.01480	0.01062	0.00615	0.00516	0.00160	0.00536	0.00481	0.00514	0.07442
3	0.52967	0.00996	0.00958	0.02992	0.01219	0.01047	0.00662	0.01785	0.01088	0.19896	0.01097	0.01140	0.00785	0.00525	0.00394	0.00156	0.00431	0.00357	0.00405	0.11098
4	0.00703	0.00586	0.00630	0.00591	0.00793	0.00488	0.00447	0.00869	0.01262	0.01597	0.16983	0.04566	0.57789	0.01219	0.00610	0.00169	0.00281	0.01024	0.00496	0.08895
5	0.01014	0.00951	0.01617	0.62432	0.09788	0.01130	0.04125	0.01345	0.01089	0.01417	0.01165	0.09393	0.01016	0.00644	0.00555	0.00181	0.00675	0.00588	0.00268	0.00607
6	0.00917	0.00472	0.00688	0.00688	0.00688	0.00472	0.00452	0.00707	0.00707	0.00943	0.01009	0.01821	0.01035	0.09827	0.02162	0.75959	0.00472	0.00498	0.00242	0.00242
7	0.84927	0.01038	0.00789	0.00706	0.01038	0.01204	0.00581	0.01578	0.00914	0.02408	0.00747	0.00872	0.00581	0.00498	0.00332	0.00166	0.00415	0.00291	0.00332	0.00581
8	0.01622	0.01215	0.01427	0.01317	0.09086	0.01325	0.00958	0.47359	0.03601	0.02653	0.01452	0.09079	0.01231	0.01129	0.08771	0.03592	0.00641	0.00595	0.02167	0.00779
9	0.01581	0.01004	0.01156	0.00981	0.01284	0.01051	0.00775	0.17606	0.23830	0.20525	0.09355	0.10043	0.04989	0.00850	0.00565	0.00175	0.00430	0.00711	0.02310	0.00781
10	0.01642	0.01228	0.01660	0.05018	0.23914	0.02996	0.03824	0.24999	0.04669	0.12990	0.01494	0.05661	0.01209	0.00680	0.00553	0.00169	0.00579	0.04043	0.01855	0.00815
11	0.00677	0.00490	0.00640	0.00720	0.00781	0.00453	0.00495	0.00810	0.01151	0.01555	0.20252	0.59059	0.07865	0.01530	0.00670	0.00205	0.00296	0.01377	0.00520	0.00453
12	0.01269	0.01442	0.03132	0.02299	0.05496	0.01355	0.73175	0.01717	0.01265	0.01721	0.01083	0.01444	0.00816	0.00453	0.00630	0.00180	0.00895	0.00628	0.00271	0.00729
13	0.84927	0.01038	0.00789	0.00706	0.01038	0.01204	0.00581	0.01578	0.00914	0.02408	0.00747	0.00872	0.00581	0.00498	0.00332	0.00166	0.00415	0.00291	0.00332	0.00581
14	0.01391	0.00852	0.01099	0.04222	0.03779	0.00721	0.00706	0.01599	0.01226	0.23129	0.05797	0.09718	0.01538	0.06074	0.00647	0.00159	0.00427	0.00582	0.00444	0.35890
15	0.01014	0.00954	0.01610	0.79845	0.03697	0.01193	0.01491	0.01371	0.01073	0.01371	0.00954	0.01431	0.00716	0.00537	0.00537	0.00179	0.00716	0.00477	0.00239	0.00596
16	0.01390	0.16151	0.45621	0.01306	0.01948	0.01387	0.01517	0.10710	0.01333	0.09507	0.01080	0.01173	0.00779	0.00529	0.00484	0.00156	0.00684	0.00400	0.00311	0.03533
17	0.01077	0.02777	0.78354	0.01530	0.02323	0.01247	0.01983	0.01700	0.01133	0.01700	0.00963	0.01133	0.00680	0.00510	0.00510	0.00170	0.00793	0.00397	0.00227	0.00793
18	0.00865	0.00618	0.00865	0.00989	0.01112	0.00618	0.00865	0.01112	0.01236	0.01606	0.02842	0.06055	0.03089	0.01483	0.00741	0.00247	0.00494	0.74174	0.00494	0.00494
19	0.01077	0.02777	0.78354	0.01530	0.02323	0.01247	0.01983	0.01700	0.01133	0.01700	0.00963	0.01133	0.00680	0.00510	0.00510	0.00170	0.00793	0.00397	0.00227	0.00793
20	0.01435	0.81458	0.02813	0.00918	0.01378	0.02124	0.00918	0.01607	0.01091	0.01263	0.00746	0.00861	0.00689	0.00459	0.00344	0.00115	0.00574	0.00287	0.00230	0.00689
21	0.07014	0.57194	0.14066	0.01003	0.01484	0.03661	0.01044	0.01625	0.01109	0.02870	0.02552	0.01020	0.00804	0.00561	0.01957	0.00144	0.00614	0.00331	0.00255	0.00692
22	0.01116	0.00636	0.00806	0.00740	0.00944	0.00566	0.00582	0.01320	0.01397	0.19508	0.30607	0.07241	0.22828	0.01129	0.00625	0.00181	0.00332	0.08289	0.00570	0.00583
23	0.00772	0.00768	0.08486	0.00744	0.00938	0.00572	0.00637	0.01034	0.01405	0.01958	0.55658	0.06671	0.14079	0.03100	0.00675	0.00181	0.00319	0.00950	0.00532	0.00521
24	0.00679	0.00522	0.00621	0.00647	0.00765	0.00464	0.00466	0.00837	0.01254	0.01640	0.26690	0.28059	0.32666	0.01378	0.00650	0.00189	0.00278	0.01204	0.00527	0.00464
25	0.00984	0.01067	0.09172	0.49431	0.05834	0.01049	0.02892	0.01335	0.01172	0.01576	0.16551	0.01927	0.01610	0.00673	0.00590	0.02025	0.00625	0.00573	0.00311	0.00603
26	0.03831	0.01467	0.09424	0.01344	0.03130	0.01325	0.12906	0.33454	0.04815	0.02477	0.01164	0.01277	0.00866	0.00541	0.00513	0.00148	0.00606	0.00461	0.00404	0.19848

[dist]
# distance from previous block
# <min> <max>
1	5

[block]
# block no. 1 follows, 45 sequences, length 23
# corresponding to MSA columns:
# 839-861
name=unknown_B
#
# <colnr> <probs for GDERKNQSTAVLIFYWHMCP>
#	G	D	E	R	K	N	Q	S	T	A	V	L	I	F	Y	W	H	M	C	P
0	0.41063	0.08770	0.02957	0.06387	0.02715	0.02427	0.00777	0.04339	0.02522	0.12612	0.01251	0.09844	0.01070	0.00660	0.00437	0.00167	0.00474	0.00493	0.00387	0.00650
1	0.00671	0.00482	0.00618	0.00712	0.00756	0.00450	0.00474	0.00766	0.01041	0.01382	0.06848	0.63420	0.08623	0.09984	0.00894	0.00245	0.00328	0.01392	0.00485	0.00429
2	0.05358	0.48999	0.02348	0.01076	0.01486	0.05619	0.06058	0.06004	0.01191	0.03619	0.00854	0.01003	0.00732	0.00518	0.00511	0.00135	0.07330	0.00350	0.00276	0.06533
3	0.59923	0.07586	0.06466	0.00855	0.01238	0.04062	0.00764	0.07531	0.01115	0.05132	0.00859	0.00961	0.00655	0.00516	0.00375	0.00161	0.00489	0.00324	0.00343	0.00645
4	0.00780	0.00523	0.00601	0.00601	0.00606	0.00529	0.00344	0.00790	0.00785	0.01052	0.01678	0.03436	0.01918	0.76941	0.06881	0.00539	0.00570	0.00769	0.00323	0.00334
5	0.01770	0.01324	0.01424	0.01147	0.01516	0.01468	0.00926	0.50005	0.20988	0.04907	0.01685	0.04179	0.02815	0.02579	0.00597	0.00177	0.00528	0.00570	0.00536	0.00858
6	0.00778	0.00531	0.00642	0.00642	0.00661	0.00551	0.00395	0.00817	0.00797	0.01082	0.01640	0.03228	0.01828	0.65517	0.18182	0.00590	0.00706	0.00739	0.00318	0.00356
7	0.02408	0.00914	0.01246	0.00955	0.01370	0.00789	0.00789	0.02616	0.01536	0.78158	0.02118	0.01827	0.01329	0.00664	0.00540	0.00166	0.00457	0.00540	0.00664	0.00914
8	0.07476	0.00935	0.01215	0.00948	0.01351	0.00847	0.00780	0.02565	0.05931	0.68978	0.02036	0.01778	0.01301	0.00658	0.00527	0.00167	0.00452	0.00528	0.00637	0.00889
9	0.00755	0.00545	0.00713	0.00679	0.00801	0.00503	0.00506	0.01001	0.01497	0.02116	0.74032	0.07585	0.04994	0.01125	0.00636	0.00171	0.00256	0.00997	0.00587	0.00503
10	0.00766	0.00519	0.00609	0.00622	0.00632	0.00522	0.00368	0.00789	0.00813	0.01090	0.01808	0.11625	0.02079	0.67315	0.07834	0.00512	0.00562	0.00845	0.00341	0.00348
11	0.01435	0.81458	0.02813	0.00918	0.01378	0.02124	0.00918	0.01607	0.01091	0.01263	0.00746	0.00861	0.00689	0.00459	0.00344	0.00115	0.00574	0.00287	0.00230	0.00689
12	0.84927	0.01038	0.00789	0.00706	0.01038	0.01204	0.00581	0.01578	0.00914	0.02408	0.00747	0.00872	0.00581	0.00498	0.00332	0.00166	0.00415	0.00291	0.00332	0.00581
13	0.01174	0.01174	0.01644	0.01409	0.01409	0.01644	0.01174	0.01292	0.00822	0.01292	0.00705	0.01174	0.00705	0.00940	0.01762	0.00235	0.80153	0.00470	0.00235	0.00587
14	0.28022	0.00987	0.01125	0.00894	0.01284	0.00970	0.00738	0.06615	0.01401	0.50222	0.01643	0.01499	0.01072	0.00612	0.00475	0.00166	0.00452	0.00459	0.00554	0.00810
15	0.84927	0.01038	0.00789	0.00706	0.01038	0.01204	0.00581	0.01578	0.00914	0.02408	0.00747	0.00872	0.00581	0.00498	0.00332	0.00166	0.00415	0.00291	0.00332	0.00581
16	0.00889	0.00639	0.00717	0.00675	0.00772	0.00641	0.00453	0.09261	0.01120	0.01474	0.07295	0.05656	0.16478	0.45559	0.05788	0.00402	0.00505	0.00837	0.00402	0.00438
17	0.01998	0.01438	0.01525	0.01181	0.01588	0.03300	0.00971	0.66127	0.02368	0.07124	0.01349	0.01351	0.00957	0.00642	0.00526	0.00159	0.00572	0.00484	0.05460	0.00882
18	0.02028	0.01432	0.01555	0.01202	0.01623	0.01569	0.00990	0.65213	0.07024	0.09702	0.01415	0.01379	0.00993	0.00651	0.00538	0.00163	0.00569	0.00496	0.00548	0.00909
19	0.00815	0.00561	0.00735	0.00685	0.00821	0.00516	0.00516	0.01067	0.01520	0.04723	0.74954	0.03936	0.04939	0.01083	0.00630	0.00169	0.00260	0.00956	0.00593	0.00520
20	0.01318	0.01782	0.20342	0.04357	0.37210	0.09045	0.14799	0.01716	0.01235	0.01682	0.00993	0.01270	0.00784	0.00490	0.00540	0.00164	0.00757	0.00473	0.00258	0.00785
21	0.00779	0.00526	0.00613	0.00613	0.00623	0.00535	0.00360	0.00798	0.00789	0.01061	0.01666	0.03372	0.01891	0.73423	0.10361	0.00555	0.00612	0.00760	0.00321	0.00341
22	0.00654	0.00467	0.00623	0.00747	0.00779	0.00436	0.00498	0.00747	0.01028	0.01370	0.02959	0.80785	0.03550	0.01682	0.00685	0.00218	0.00311	0.01526	0.00498	0.00436

[dist]
# distance from previous block
# <min> <max>
0	4

[block]
# block no. 2 follows, 45 sequences, length 18
# corresponding to MSA columns:
# 866-883
name=unknown_C
#
# <colnr> <probs for GDERKNQSTAVLIFYWHMCP>
#	G	D	E	R	K	N	Q	S	T	A	V	L	I	F	Y	W	H	M	C	P
0	0.01039	0.00980	0.01656	0.73596	0.09745	0.01199	0.01504	0.01394	0.01086	0.01403	0.00959	0.01423	0.00727	0.00532	0.00536	0.00177	0.00709	0.00477	0.00241	0.00617
1	0.01335	0.47988	0.26015	0.01317	0.07916	0.04374	0.01310	0.01657	0.01129	0.01439	0.00838	0.00987	0.00699	0.00480	0.00415	0.00136	0.00660	0.00338	0.00233	0.00732
2	0.01077	0.02777	0.78354	0.01530	0.02323	0.01247	0.01983	0.01700	0.01133	0.01700	0.00963	0.01133	0.00680	0.00510	0.00510	0.00170	0.00793	0.00397	0.00227	0.00793
3	0.00654	0.00467	0.00623	0.00747	0.00779	0.00436	0.00498	0.00747	0.01028	0.01370	0.02959	0.80785	0.03550	0.01682	0.00685	0.00218	0.00311	0.01526	0.00498	0.00436
4	0.00769	0.00567	0.00821	0.00821	0.00903	0.00649	0.00619	0.00932	0.00850	0.01215	0.01476	0.02318	0.01433	0.15531	0.67627	0.00812	0.01301	0.00606	0.00293	0.00456
5	0.01370	0.01277	0.02103	0.07132	0.67697	0.01303	0.01588	0.07702	0.01321	0.01867	0.01030	0.01331	0.00848	0.00495	0.00532	0.00161	0.00638	0.00479	0.00286	0.00842
6	0.04232	0.05891	0.72396	0.01474	0.02237	0.01280	0.01888	0.01692	0.01123	0.01709	0.00946	0.01113	0.00677	0.00507	0.00497	0.00168	0.00770	0.00388	0.00231	0.00781
7	0.00986	0.00502	0.00506	0.00506	0.00623	0.00502	0.00372	0.01220	0.01103	0.01938	0.01747	0.02100	0.01414	0.05899	0.00530	0.00151	0.00268	0.00519	0.78627	0.00489
8	0.01101	0.00652	0.00836	0.00758	0.00947	0.00609	0.00589	0.02875	0.04021	0.15593	0.47592	0.06418	0.07346	0.01039	0.00612	0.00174	0.00318	0.04823	0.03101	0.00593
9	0.07906	0.01356	0.10911	0.01146	0.02781	0.09507	0.04297	0.02131	0.13124	0.28253	0.01912	0.04601	0.05403	0.00722	0.00537	0.00172	0.00556	0.03440	0.00479	0.00765
10	0.02260	0.00961	0.03365	0.00969	0.01377	0.00816	0.00818	0.04611	0.01527	0.69198	0.03697	0.01851	0.01382	0.00800	0.03608	0.00193	0.00504	0.00545	0.00632	0.00884
11	0.00654	0.00467	0.00623	0.00747	0.00779	0.00436	0.00498	0.00747	0.01028	0.01370	0.02959	0.80785	0.03550	0.01682	0.00685	0.00218	0.00311	0.01526	0.00498	0.00436
12	0.01289	0.12095	0.03120	0.02084	0.02615	0.01459	0.65867	0.01705	0.01244	0.01659	0.01041	0.01370	0.00798	0.00453	0.00595	0.00172	0.00861	0.00587	0.00266	0.00719
13	0.71348	0.05080	0.00912	0.00729	0.01060	0.01188	0.00605	0.01604	0.00991	0.06478	0.05230	0.01104	0.00885	0.00540	0.00361	0.00164	0.00416	0.00343	0.00360	0.00601
14	0.81183	0.01116	0.04252	0.00743	0.01095	0.01206	0.00644	0.01583	0.00923	0.02377	0.00757	0.00884	0.00586	0.00499	0.00340	0.00166	0.00432	0.00295	0.00327	0.00591
15	0.01222	0.00760	0.01024	0.00976	0.03029	0.00731	0.03728	0.10801	0.01336	0.16225	0.02439	0.44217	0.03807	0.02623	0.00663	0.00201	0.00417	0.03005	0.00513	0.02283
16	0.00672	0.00481	0.00639	0.00735	0.00783	0.00448	0.00500	0.00793	0.01112	0.01505	0.15793	0.67567	0.03811	0.01581	0.00676	0.00210	0.00301	0.01430	0.00514	0.00448
17	0.00745	0.00535	0.00688	0.00779	0.00837	0.00516	0.00532	0.05676	0.01126	0.01502	0.02849	0.75578	0.03378	0.01614	0.00675	0.00214	0.00330	0.01458	0.00501	0.00467

[dist]
# distance from previous block
# <min> <max>
0	1

[block]
# block no. 3 follows, 45 sequences, length 28
# corresponding to MSA columns:
# 885,922-948
name=unknown_D
#
# <colnr> <probs for GDERKNQSTAVLIFYWHMCP>
#	G	D	E	R	K	N	Q	S	T	A	V	L	I	F	Y	W	H	M	C	P
0	0.43732	0.01232	0.05059	0.04980	0.09317	0.01294	0.03057	0.11229	0.11561	0.02338	0.01070	0.01183	0.00814	0.00547	0.00435	0.00168	0.00509	0.00402	0.00369	0.00703
1	0.15050	0.05289	0.01985	0.04842	0.53992	0.03672	0.04330	0.01644	0.01172	0.01811	0.00949	0.01227	0.00788	0.00484	0.00492	0.00159	0.00621	0.00440	0.00275	0.00779
2	0.01612	0.56927	0.02411	0.01063	0.01465	0.26020	0.00955	0.01774	0.01225	0.01279	0.00772	0.00894	0.00690	0.00488	0.00388	0.00122	0.00697	0.00305	0.00244	0.00668
3	0.00838	0.00603	0.00698	0.00697	0.00766	0.00613	0.00458	0.04681	0.05630	0.01365	0.03527	0.19589	0.08377	0.43327	0.06162	0.00404	0.00501	0.00932	0.00402	0.00432
4	0.03310	0.09039	0.14613	0.01479	0.12319	0.22561	0.01169	0.03936	0.06613	0.07494	0.04119	0.01596	0.06522	0.00634	0.00532	0.00157	0.02357	0.00485	0.00346	0.00718
5	0.03914	0.04978	0.01288	0.00952	0.01336	0.00944	0.00786	0.07148	0.08011	0.54977	0.07044	0.01940	0.02812	0.00695	0.00534	0.00165	0.00451	0.00562	0.00609	0.00855
6	0.00728	0.00578	0.00613	0.00601	0.00782	0.00505	0.00451	0.00935	0.04570	0.03744	0.11382	0.08617	0.61993	0.01305	0.00630	0.00182	0.00284	0.01098	0.00513	0.00488
7	0.01185	0.01328	0.10996	0.29804	0.26943	0.01256	0.04418	0.01757	0.13619	0.01692	0.01181	0.01457	0.00911	0.00543	0.00537	0.00172	0.00659	0.00495	0.00298	0.00748
8	0.07260	0.15178	0.21900	0.04582	0.19127	0.07076	0.01343	0.01797	0.01222	0.12274	0.02752	0.01272	0.00902	0.00532	0.00481	0.00155	0.00646	0.00421	0.00316	0.00764
9	0.04872	0.01006	0.01286	0.00989	0.01404	0.00933	0.00817	0.13578	0.01665	0.64644	0.01952	0.01717	0.01244	0.00656	0.00533	0.00165	0.00476	0.00524	0.00635	0.00903
10	0.00653	0.00491	0.00599	0.00683	0.00756	0.00444	0.00466	0.00755	0.01075	0.01382	0.03626	0.56315	0.24766	0.04403	0.00743	0.00218	0.00307	0.01387	0.00492	0.00437
11	0.01250	0.01397	0.10857	0.11200	0.08118	0.01223	0.32489	0.07546	0.04940	0.04153	0.03198	0.01826	0.08052	0.00604	0.00586	0.00176	0.00715	0.00614	0.00336	0.00723
12	0.04489	0.06462	0.32432	0.12645	0.20604	0.03592	0.06889	0.01635	0.01148	0.01650	0.00950	0.01214	0.00733	0.00512	0.00545	0.00167	0.02901	0.00434	0.00247	0.00750
13	0.02330	0.00911	0.01230	0.00951	0.01355	0.00798	0.00783	0.02578	0.03827	0.73718	0.04233	0.01894	0.01443	0.00678	0.00543	0.00167	0.00450	0.00554	0.00659	0.00900
14	0.00781	0.00520	0.00585	0.00585	0.00585	0.00520	0.00325	0.00781	0.00781	0.01041	0.01691	0.03513	0.01952	0.81135	0.02732	0.00520	0.00520	0.00781	0.00325	0.00325
15	0.01299	0.05338	0.36847	0.01283	0.01819	0.01051	0.08438	0.01707	0.01237	0.16707	0.07487	0.06627	0.03491	0.03530	0.00623	0.00183	0.00632	0.00591	0.00374	0.00735
16	0.01721	0.06801	0.01795	0.04029	0.18435	0.30040	0.04888	0.10188	0.08623	0.06684	0.01142	0.01266	0.00888	0.00559	0.00510	0.00153	0.00734	0.00442	0.00349	0.00753
17	0.01526	0.00741	0.00981	0.00830	0.01093	0.00674	0.00660	0.01815	0.04880	0.36121	0.37859	0.03015	0.03173	0.00901	0.00591	0.00171	0.00360	0.03287	0.00618	0.00703
18	0.01435	0.81458	0.02813	0.00918	0.01378	0.02124	0.00918	0.01607	0.01091	0.01263	0.00746	0.00861	0.00689	0.00459	0.00344	0.00115	0.00574	0.00287	0.00230	0.00689
19	0.03412	0.01090	0.04301	0.13948	0.14669	0.01050	0.03821	0.05738	0.07152	0.29028	0.01672	0.02015	0.01266	0.00679	0.00556	0.00176	0.00564	0.07613	0.00461	0.00789
20	0.01347	0.01421	0.03603	0.21715	0.46629	0.12860	0.01525	0.01655	0.01229	0.01593	0.00968	0.01296	0.00790	0.00504	0.00525	0.00161	0.00709	0.00456	0.00260	0.00753
21	0.00654	0.00467	0.00623	0.00747	0.00779	0.00436	0.00498	0.00747	0.01028	0.01370	0.02959	0.80785	0.03550	0.01682	0.00685	0.00218	0.00311	0.01526	0.00498	0.00436
22	0.00942	0.00691	0.00828	0.00837	0.00963	0.00699	0.00604	0.15351	0.03208	0.01815	0.05668	0.56796	0.06649	0.01419	0.00649	0.00202	0.00364	0.01261	0.00511	0.00542
23	0.01583	0.01799	0.06458	0.01683	0.18008	0.30958	0.01149	0.09082	0.13387	0.01787	0.01412	0.04981	0.04064	0.00653	0.00526	0.00159	0.00707	0.00516	0.00357	0.00731
24	0.00925	0.00519	0.00789	0.08305	0.01006	0.00540	0.00581	0.00781	0.00770	0.01019	0.01096	0.05312	0.01109	0.01715	0.01834	0.69410	0.00484	0.03262	0.00255	0.00287
25	0.00654	0.00467	0.00623	0.00747	0.00779	0.00436	0.00498	0.00747	0.01028	0.01370	0.02959	0.80785	0.03550	0.01682	0.00685	0.00218	0.00311	0.01526	0.00498	0.00436
26	0.01135	0.04853	0.68655	0.01494	0.02237	0.01239	0.04416	0.01714	0.01162	0.04550	0.03046	0.01239	0.00826	0.00528	0.00514	0.00169	0.00764	0.00422	0.00254	0.00785
27	0.01400	0.01397	0.09566	0.05070	0.05862	0.05544	0.19248	0.09628	0.14157	0.08448	0.02689	0.04156	0.02888	0.00700	0.00581	0.00179	0.00650	0.06683	0.00407	0.00748

[dist]
# distance from previous block
# <min> <max>
2	4

[block]
# block no. 4 follows, 45 sequences, length 28
# corresponding to MSA columns:
# 954-981
name=unknown_E
#
# <colnr> <probs for GDERKNQSTAVLIFYWHMCP>
#	G	D	E	R	K	N	Q	S	T	A	V	L	I	F	Y	W	H	M	C	P
0	0.01178	0.25014	0.57004	0.01357	0.02056	0.01495	0.01682	0.01674	0.01121	0.01576	0.00902	0.01056	0.00682	0.00496	0.00463	0.00154	0.00731	0.00366	0.00227	0.00764
1	0.01329	0.64301	0.04701	0.04039	0.01434	0.01855	0.00924	0.01576	0.03646	0.01412	0.09346	0.01280	0.01208	0.00544	0.00396	0.00127	0.00545	0.00384	0.00281	0.00673
2	0.01138	0.16329	0.65342	0.01425	0.02160	0.01398	0.01800	0.01684	0.01126	0.01625	0.00926	0.01086	0.00682	0.00501	0.00481	0.00160	0.00756	0.00378	0.00227	0.00775
3	0.02041	0.01504	0.01611	0.01235	0.01665	0.01665	0.01020	0.75997	0.02524	0.03383	0.01289	0.01289	0.00913	0.00644	0.00537	0.00161	0.00591	0.00483	0.00537	0.00913
4	0.84927	0.01038	0.00789	0.00706	0.01038	0.01204	0.00581	0.01578	0.00914	0.02408	0.00747	0.00872	0.00581	0.00498	0.00332	0.00166	0.00415	0.00291	0.00332	0.00581
5	0.02219	0.01217	0.01433	0.01099	0.01522	0.01239	0.00908	0.40323	0.02044	0.39734	0.01692	0.01550	0.01115	0.00654	0.00538	0.00164	0.00526	0.00511	0.00599	0.00913
6	0.01335	0.01153	0.01214	0.01092	0.01396	0.01335	0.00850	0.02852	0.76817	0.02245	0.02185	0.02003	0.01639	0.00728	0.00546	0.00182	0.00425	0.00607	0.00546	0.00850
7	0.02408	0.00914	0.01246	0.00955	0.01370	0.00789	0.00789	0.02616	0.01536	0.78158	0.02118	0.01827	0.01329	0.00664	0.00540	0.00166	0.00457	0.00540	0.00664	0.00914
8	0.01335	0.01153	0.01214	0.01092	0.01396	0.01335	0.00850	0.02852	0.76817	0.02245	0.02185	0.02003	0.01639	0.00728	0.00546	0.00182	0.00425	0.00607	0.00546	0.00850
9	0.01393	0.00703	0.00930	0.00792	0.01032	0.00637	0.00622	0.01667	0.03786	0.30567	0.47063	0.03134	0.03565	0.00924	0.00596	0.00168	0.00334	0.00799	0.00617	0.00669
10	0.00848	0.00600	0.00801	0.00884	0.01006	0.00586	0.00727	0.01094	0.03447	0.03441	0.09204	0.20396	0.08746	0.01439	0.00703	0.00226	0.00419	0.44424	0.00509	0.00501
11	0.00753	0.00511	0.00591	0.00614	0.00625	0.00503	0.00360	0.00774	0.00839	0.01114	0.02036	0.17791	0.04495	0.64131	0.02293	0.00455	0.00475	0.00928	0.00362	0.00349
12	0.00675	0.00521	0.00616	0.00644	0.00763	0.00462	0.00463	0.00830	0.01244	0.01618	0.24453	0.28502	0.34505	0.01388	0.00650	0.00189	0.00279	0.01211	0.00524	0.00462
13	0.48573	0.01110	0.02856	0.28673	0.02041	0.03788	0.00960	0.03448	0.01036	0.02016	0.00842	0.01089	0.00643	0.00518	0.00419	0.00170	0.00552	0.00366	0.00300	0.00601
14	0.04078	0.11461	0.01689	0.04391	0.06350	0.53093	0.01058	0.06101	0.04235	0.01515	0.00909	0.01048	0.00746	0.00547	0.00474	0.00142	0.00837	0.00368	0.00295	0.00666
15	0.01458	0.64331	0.10863	0.01035	0.01511	0.10402	0.01047	0.01676	0.01142	0.01316	0.00779	0.00902	0.00688	0.00475	0.00378	0.00123	0.00641	0.00305	0.00234	0.00693
16	0.00982	0.00800	0.03095	0.03501	0.09694	0.00758	0.00802	0.01396	0.10781	0.05069	0.33524	0.06131	0.08920	0.01025	0.00618	0.00183	0.00392	0.11214	0.00508	0.00607
17	0.00831	0.00600	0.00751	0.00800	0.00888	0.00591	0.00562	0.09843	0.01254	0.01685	0.09652	0.64101	0.03372	0.01503	0.00662	0.00207	0.00340	0.01349	0.00512	0.00500
18	0.00724	0.00531	0.00619	0.00623	0.00705	0.00501	0.00419	0.00828	0.01065	0.01399	0.16556	0.11011	0.23645	0.32261	0.06497	0.00357	0.00443	0.00968	0.00435	0.00414
19	0.00670	0.00544	0.00588	0.00578	0.00739	0.00469	0.00429	0.00830	0.01281	0.01609	0.23055	0.04825	0.57145	0.04007	0.00705	0.00190	0.00276	0.01081	0.00515	0.00462
20	0.02154	0.01322	0.01499	0.01149	0.01574	0.01396	0.00949	0.53455	0.02220	0.26353	0.01543	0.01454	0.01041	0.00651	0.00538	0.00163	0.00550	0.00501	0.00576	0.00913
21	0.01174	0.01174	0.01644	0.01409	0.01409	0.01644	0.01174	0.01292	0.00822	0.01292	0.00705	0.01174	0.00705	0.00940	0.01762	0.00235	0.80153	0.00470	0.00235	0.00587
22	0.00706	0.00540	0.00647	0.00633	0.00772	0.00481	0.00470	0.00904	0.01373	0.01835	0.45338	0.10536	0.31341	0.01239	0.00638	0.00177	0.00265	0.01074	0.00550	0.00481
23	0.84927	0.01038	0.00789	0.00706	0.01038	0.01204	0.00581	0.01578	0.00914	0.02408	0.00747	0.00872	0.00581	0.00498	0.00332	0.00166	0.00415	0.00291	0.00332	0.00581
24	0.01435	0.81458	0.02813	0.00918	0.01378	0.02124	0.00918	0.01607	0.01091	0.01263	0.00746	0.00861	0.00689	0.00459	0.00344	0.00115	0.00574	0.00287	0.00230	0.00689
25	0.02001	0.01465	0.01569	0.01207	0.01625	0.01620	0.00996	0.73156	0.02471	0.03330	0.01306	0.01316	0.00930	0.00644	0.00531	0.00160	0.00578	0.00484	0.03714	0.00897
26	0.01336	0.00855	0.00935	0.06248	0.01173	0.00923	0.00660	0.25302	0.01572	0.02402	0.01547	0.01732	0.01181	0.00625	0.00438	0.00140	0.00392	0.00493	0.51405	0.00640
27	0.01281	0.00656	0.00876	0.00776	0.00983	0.00589	0.00597	0.01497	0.01457	0.26739	0.42708	0.13911	0.03642	0.01037	0.00610	0.00175	0.00327	0.00907	0.00602	0.00629

[dist]
# distance from previous block
# <min> <max>
0	1

[block]
# block no. 5 follows, 45 sequences, length 44
# corresponding to MSA columns:
# 986-1029
name=unknown_F
#
# <colnr> <probs for GDERKNQSTAVLIFYWHMCP>
#	G	D	E	R	K	N	Q	S	T	A	V	L	I	F	Y	W	H	M	C	P
0	0.00819	0.00563	0.00740	0.00694	0.00830	0.00519	0.00527	0.01070	0.01512	0.04726	0.72752	0.03995	0.04880	0.01094	0.00633	0.00171	0.00267	0.03097	0.00591	0.00520
1	0.00689	0.00533	0.00735	0.00774	0.00864	0.00488	0.03909	0.00823	0.01122	0.01480	0.10950	0.56453	0.16150	0.01511	0.00669	0.00205	0.00326	0.01362	0.00498	0.00459
2	0.01891	0.01359	0.01451	0.01129	0.01515	0.01497	0.00928	0.65249	0.02323	0.03184	0.01355	0.01391	0.00979	0.00642	0.00514	0.00156	0.00542	0.00486	0.12554	0.00854
3	0.01020	0.00939	0.01582	0.72708	0.03478	0.01153	0.03428	0.01373	0.01082	0.01421	0.01008	0.01468	0.00760	0.00540	0.00529	0.00176	0.00691	0.00483	0.05569	0.00594
4	0.15736	0.02928	0.01453	0.01200	0.04884	0.02969	0.00939	0.46363	0.07049	0.06838	0.01275	0.01308	0.00930	0.00717	0.02885	0.00184	0.00578	0.00459	0.00479	0.00827
5	0.84927	0.01038	0.00789	0.00706	0.01038	0.01204	0.00581	0.01578	0.00914	0.02408	0.00747	0.00872	0.00581	0.00498	0.00332	0.00166	0.00415	0.00291	0.00332	0.00581
6	0.03060	0.01234	0.02146	0.15637	0.57268	0.01268	0.08315	0.01607	0.01195	0.01702	0.01002	0.01346	0.00819	0.00486	0.00537	0.00165	0.00670	0.00488	0.00263	0.00792
7	0.01650	0.00935	0.03444	0.00876	0.01269	0.00765	0.00729	0.01959	0.06275	0.36990	0.06597	0.02119	0.09809	0.00693	0.00516	0.00145	0.00416	0.00570	0.00526	0.23719
8	0.01116	0.04996	0.64823	0.01620	0.02366	0.01290	0.12962	0.01700	0.01152	0.01689	0.00975	0.01172	0.00700	0.00500	0.00523	0.00170	0.00803	0.00429	0.00233	0.00780
9	0.01046	0.01085	0.15843	0.00911	0.01211	0.00764	0.00852	0.06987	0.02694	0.08486	0.34697	0.11632	0.09634	0.00994	0.00598	0.00175	0.00412	0.00855	0.00504	0.00621
10	0.00658	0.00470	0.00626	0.00745	0.00779	0.00439	0.00499	0.00757	0.01045	0.01398	0.05606	0.78059	0.03604	0.01661	0.00683	0.00216	0.00309	0.01506	0.00502	0.00439
11	0.01335	0.01153	0.01214	0.01092	0.01396	0.01335	0.00850	0.02852	0.76817	0.02245	0.02185	0.02003	0.01639	0.00728	0.00546	0.00182	0.00425	0.00607	0.00546	0.00850
12	0.07291	0.18761	0.03008	0.01198	0.01566	0.31030	0.00995	0.24690	0.01678	0.02017	0.00948	0.01045	0.00752	0.00565	0.00488	0.00145	0.02374	0.00375	0.00349	0.00725
13	0.01518	0.04226	0.01345	0.00982	0.01380	0.01169	0.00795	0.34078	0.01702	0.04064	0.01201	0.01439	0.00975	0.07346	0.04182	0.00190	0.00547	0.00444	0.00418	0.31999
14	0.01174	0.01174	0.01644	0.01409	0.01409	0.01644	0.01174	0.01292	0.00822	0.01292	0.00705	0.01174	0.00705	0.00940	0.01762	0.00235	0.80153	0.00470	0.00235	0.00587
15	0.01014	0.00954	0.01610	0.79845	0.03697	0.01193	0.01491	0.01371	0.01073	0.01371	0.00954	0.01431	0.00716	0.00537	0.00537	0.00179	0.00716	0.00477	0.00239	0.00596
16	0.01113	0.00954	0.01113	0.00795	0.01272	0.00716	0.00636	0.01352	0.01113	0.01749	0.00954	0.01113	0.00795	0.00398	0.00398	0.00080	0.00398	0.00318	0.00318	0.84417
17	0.00767	0.00573	0.00850	0.00850	0.00942	0.00664	0.00656	0.00951	0.00859	0.01237	0.01449	0.02171	0.01369	0.07454	0.75617	0.00847	0.01397	0.00584	0.00289	0.00472
18	0.84927	0.01038	0.00789	0.00706	0.01038	0.01204	0.00581	0.01578	0.00914	0.02408	0.00747	0.00872	0.00581	0.00498	0.00332	0.00166	0.00415	0.00291	0.00332	0.00581
19	0.01965	0.01841	0.01609	0.03514	0.05569	0.28300	0.01071	0.44746	0.02073	0.02533	0.01107	0.01184	0.00828	0.00602	0.00518	0.00154	0.00727	0.00435	0.00425	0.00801
20	0.04536	0.02267	0.01539	0.01402	0.04345	0.59270	0.01042	0.16017	0.01681	0.01753	0.00920	0.01038	0.00735	0.00566	0.00491	0.00144	0.00868	0.00375	0.00327	0.00684
21	0.01334	0.01295	0.03574	0.09219	0.64212	0.01291	0.03889	0.05480	0.01278	0.01806	0.01021	0.01335	0.00838	0.00491	0.00535	0.00162	0.00653	0.00482	0.00277	0.00828
22	0.01495	0.00830	0.01032	0.00878	0.01152	0.00813	0.00693	0.03343	0.18414	0.29086	0.32584	0.02739	0.02901	0.00853	0.00579	0.00171	0.00370	0.00728	0.00606	0.00735
23	0.02070	0.01391	0.01529	0.01175	0.01595	0.01506	0.00970	0.63250	0.02343	0.14457	0.01423	0.01386	0.00986	0.00647	0.00533	0.00161	0.00562	0.00492	0.02620	0.00903
24	0.00664	0.00485	0.00627	0.00733	0.00788	0.00448	0.00505	0.00774	0.01073	0.01411	0.05271	0.66795	0.11959	0.01620	0.00680	0.00214	0.00313	0.04696	0.00501	0.00442
25	0.03832	0.06088	0.28585	0.03522	0.02417	0.05395	0.35951	0.01751	0.01221	0.04610	0.01039	0.01281	0.00766	0.00489	0.00553	0.00170	0.00817	0.00502	0.00270	0.00741
26	0.01077	0.02777	0.78354	0.01530	0.02323	0.01247	0.01983	0.01700	0.01133	0.01700	0.00963	0.01133	0.00680	0.00510	0.00510	0.00170	0.00793	0.00397	0.00227	0.00793
27	0.03982	0.00584	0.00639	0.00620	0.00802	0.00517	0.00476	0.00955	0.01293	0.05063	0.21146	0.04637	0.51305	0.01243	0.00624	0.00180	0.00292	0.04630	0.00520	0.00493
28	0.01201	0.01145	0.01948	0.34344	0.47735	0.01242	0.01584	0.01535	0.01162	0.01599	0.00987	0.01370	0.00796	0.00502	0.00534	0.00167	0.00669	0.00478	0.00255	0.00747
29	0.01014	0.00954	0.01610	0.79845	0.03697	0.01193	0.01491	0.01371	0.01073	0.01371	0.00954	0.01431	0.00716	0.00537	0.00537	0.00179	0.00716	0.00477	0.00239	0.00596
30	0.00652	0.00544	0.00568	0.00562	0.00736	0.00461	0.00422	0.00805	0.01265	0.01549	0.15614	0.05003	0.67330	0.01322	0.00634	0.00180	0.00269	0.01110	0.00512	0.00461
31	0.01140	0.01145	0.01622	0.59984	0.11533	0.09485	0.01418	0.01461	0.01143	0.01410	0.01119	0.01513	0.03672	0.00564	0.00534	0.00172	0.00717	0.00488	0.00256	0.00622
32	0.03929	0.05891	0.50346	0.01312	0.01967	0.01155	0.01549	0.01956	0.01241	0.23699	0.01279	0.01312	0.00864	0.00552	0.00506	0.00166	0.00675	0.00430	0.00356	0.00817
33	0.02408	0.00914	0.01246	0.00955	0.01370	0.00789	0.00789	0.02616	0.01536	0.78158	0.02118	0.01827	0.01329	0.00664	0.00540	0.00166	0.00457	0.00540	0.00664	0.00914
34	0.77073	0.08603	0.00979	0.00726	0.01070	0.01291	0.00613	0.01581	0.00930	0.02301	0.00747	0.00871	0.00591	0.00495	0.00333	0.00161	0.00430	0.00290	0.00323	0.00591
35	0.77009	0.00992	0.00782	0.00703	0.01016	0.01139	0.00574	0.01525	0.00971	0.02384	0.07968	0.01167	0.01003	0.00555	0.00360	0.00166	0.00400	0.00355	0.00357	0.00574
36	0.00917	0.00476	0.00715	0.00715	0.00724	0.00485	0.00485	0.00724	0.00715	0.00962	0.00980	0.01677	0.00971	0.02068	0.09333	0.76526	0.00558	0.00476	0.00238	0.00256
37	0.00672	0.00536	0.00547	0.00551	0.00720	0.00458	0.00411	0.00820	0.01212	0.01513	0.06460	0.08207	0.65622	0.01299	0.00612	0.00177	0.00271	0.01088	0.08366	0.00458
38	0.01024	0.00753	0.00917	0.02918	0.01060	0.00762	0.00640	0.17036	0.01650	0.02277	0.47754	0.13869	0.05060	0.01070	0.00617	0.00174	0.00346	0.00932	0.00556	0.00585
39	0.01721	0.25420	0.01823	0.01181	0.01496	0.49145	0.00953	0.01881	0.01395	0.01378	0.08018	0.01223	0.01102	0.00577	0.00457	0.00134	0.00786	0.00387	0.00292	0.00631
40	0.77130	0.01082	0.00866	0.00756	0.01097	0.01248	0.00623	0.08578	0.01065	0.02500	0.00798	0.00911	0.00613	0.00512	0.00351	0.00166	0.00432	0.00309	0.00351	0.00613
41	0.01014	0.00954	0.01610	0.79845	0.03697	0.01193	0.01491	0.01371	0.01073	0.01371	0.00954	0.01431	0.00716	0.00537	0.00537	0.00179	0.00716	0.00477	0.00239	0.00596
42	0.00644	0.00537	0.00563	0.00571	0.00735	0.00455	0.00423	0.00784	0.01224	0.01488	0.09891	0.12204	0.65891	0.01373	0.00639	0.00184	0.00274	0.01159	0.00504	0.00455
43	0.01098	0.00595	0.00605	0.00569	0.00723	0.00610	0.00436	0.08282	0.01257	0.02131	0.01708	0.01934	0.01332	0.00627	0.00390	0.00128	0.00282	0.00499	0.76253	0.00539

[dist]
# distance from previous block
# <min> <max>
0	2

[block]
# block no. 6 follows, 45 sequences, length 10
# corresponding to MSA columns:
# 1032-1041
name=unknown_G
#
# <colnr> <probs for GDERKNQSTAVLIFYWHMCP>
#	G	D	E	R	K	N	Q	S	T	A	V	L	I	F	Y	W	H	M	C	P
0	0.79177	0.01144	0.00840	0.00753	0.01081	0.06597	0.00613	0.01617	0.00956	0.02332	0.00753	0.00879	0.00589	0.00502	0.00343	0.00164	0.00454	0.00294	0.00328	0.00584
1	0.01259	0.50566	0.07125	0.00889	0.01237	0.05158	0.00832	0.01413	0.01029	0.01233	0.01022	0.01607	0.01033	0.22478	0.01013	0.00230	0.00592	0.00432	0.00258	0.00593
2	0.00670	0.00538	0.00598	0.00598	0.00751	0.00466	0.00443	0.00835	0.01287	0.01635	0.24880	0.11551	0.51229	0.01317	0.00639	0.00181	0.00270	0.01123	0.00524	0.00466
3	0.01892	0.01667	0.22435	0.01228	0.01753	0.01277	0.01211	0.32839	0.01836	0.26246	0.01459	0.01414	0.00979	0.00614	0.00531	0.00165	0.00604	0.00477	0.00492	0.00880
4	0.00716	0.00544	0.00659	0.00637	0.00777	0.00487	0.00475	0.00925	0.01405	0.01897	0.51565	0.07702	0.27844	0.01205	0.00636	0.00175	0.00262	0.01046	0.00558	0.00487
5	0.01678	0.01195	0.01325	0.01090	0.01410	0.01291	0.00868	0.52252	0.02072	0.06110	0.01781	0.23001	0.01651	0.00928	0.00578	0.00177	0.00509	0.00770	0.00532	0.00783
6	0.01014	0.00954	0.01610	0.79845	0.03697	0.01193	0.01491	0.01371	0.01073	0.01371	0.00954	0.01431	0.00716	0.00537	0.00537	0.00179	0.00716	0.00477	0.00239	0.00596
7	0.01934	0.00864	0.01167	0.00950	0.01279	0.00820	0.00773	0.07442	0.01424	0.51795	0.01873	0.01865	0.01302	0.01580	0.21948	0.00356	0.00734	0.00545	0.00552	0.00795
8	0.00746	0.00506	0.00596	0.00630	0.00638	0.00497	0.00372	0.00772	0.00848	0.01131	0.02037	0.24595	0.02388	0.59458	0.02174	0.00438	0.00463	0.00984	0.00372	0.00355
9	0.61964	0.00905	0.00769	0.00698	0.00974	0.01014	0.00561	0.01424	0.01079	0.02339	0.21689	0.01728	0.01805	0.00662	0.00414	0.00167	0.00371	0.00476	0.00403	0.00561

[dist]
# distance from previous block
# <min> <max>
0	1

[block]
# block no. 7 follows, 45 sequences, length 12
# corresponding to MSA columns:
# 1043-1054
name=unknown_H
#
# <colnr> <probs for GDERKNQSTAVLIFYWHMCP>
#	G	D	E	R	K	N	Q	S	T	A	V	L	I	F	Y	W	H	M	C	P
0	0.01574	0.63105	0.02537	0.00991	0.01444	0.02019	0.00942	0.18683	0.01420	0.01750	0.00871	0.00959	0.00740	0.00502	0.00389	0.00125	0.00578	0.00332	0.00300	0.00740
1	0.20070	0.00693	0.00710	0.00707	0.00905	0.00696	0.00564	0.01130	0.04171	0.01818	0.12974	0.06612	0.31580	0.01136	0.00582	0.00189	0.00350	0.14126	0.00473	0.00512
2	0.01191	0.01055	0.01519	0.53827	0.02964	0.01273	0.01296	0.09249	0.18607	0.01775	0.01270	0.01548	0.00947	0.00592	0.00539	0.00178	0.00636	0.00507	0.00339	0.00686
3	0.00767	0.00517	0.00600	0.00612	0.00619	0.00518	0.00356	0.00784	0.00809	0.01082	0.01810	0.11264	0.02090	0.70147	0.05456	0.00503	0.00535	0.00848	0.00341	0.00342
4	0.01353	0.19681	0.02324	0.02749	0.60247	0.01470	0.01480	0.01638	0.01192	0.01641	0.00949	0.01221	0.00813	0.00474	0.00488	0.00149	0.00623	0.00434	0.00257	0.00813
5	0.01584	0.01277	0.01354	0.01143	0.01491	0.01451	0.00910	0.28662	0.50602	0.02647	0.01869	0.01751	0.01383	0.00699	0.00543	0.00175	0.00483	0.00563	0.00543	0.00872
6	0.04529	0.01204	0.02014	0.18090	0.60376	0.01257	0.01575	0.01591	0.01181	0.01705	0.00989	0.01331	0.00814	0.00490	0.00525	0.00163	0.00644	0.00471	0.00263	0.00790
7	0.01224	0.01169	0.01991	0.28599	0.53296	0.01248	0.01596	0.01556	0.01173	0.01627	0.00991	0.01362	0.00806	0.00498	0.00533	0.00166	0.00663	0.00478	0.00257	0.00766
8	0.01594	0.05135	0.01700	0.19693	0.15319	0.39594	0.01237	0.03352	0.01341	0.01443	0.00906	0.01167	0.00743	0.00615	0.02171	0.00168	0.02486	0.00407	0.00269	0.00661
9	0.01075	0.05222	0.57988	0.19485	0.02604	0.01266	0.01831	0.01621	0.01118	0.01609	0.00953	0.01192	0.00688	0.00514	0.00510	0.00170	0.00767	0.00411	0.00229	0.00744
10	0.00854	0.00610	0.00852	0.00976	0.01095	0.00608	0.00846	0.01093	0.01225	0.01594	0.02848	0.09995	0.03114	0.01493	0.00738	0.00246	0.00485	0.70343	0.00494	0.00491
11	0.00742	0.00583	0.00854	0.18901	0.01450	0.00613	0.00726	0.00903	0.01062	0.01408	0.06056	0.58905	0.02972	0.01391	0.00649	0.00207	0.00401	0.01259	0.00443	0.00476

[dist]
# distance from previous block
# <min> <max>
0	3

[block]
# block no. 8 follows, 45 sequences, length 84
# corresponding to MSA columns:
# 1086-1101,1104-1123,1125-1159,1162-1174
name=unknown_I
#
# <colnr> <probs for GDERKNQSTAVLIFYWHMCP>
#	G	D	E	R	K	N	Q	S	T	A	V	L	I	F	Y	W	H	M	C	P
0	0.01122	0.01577	0.24020	0.05943	0.27844	0.01127	0.10933	0.01532	0.01236	0.01756	0.11535	0.01911	0.03335	0.00627	0.00562	0.00171	0.00654	0.03067	0.00311	0.00737
1	0.03330	0.01446	0.11394	0.05298	0.62929	0.01269	0.03236	0.01645	0.01200	0.01751	0.00998	0.01299	0.00818	0.00484	0.00526	0.00162	0.00659	0.00467	0.00262	0.00826
2	0.79744	0.01006	0.00776	0.00698	0.01010	0.01162	0.00566	0.01529	0.00905	0.02324	0.00806	0.01035	0.00666	0.05465	0.00480	0.00188	0.00422	0.00321	0.00332	0.00566
3	0.00799	0.00575	0.00765	0.05558	0.00983	0.00549	0.00566	0.01028	0.01402	0.03567	0.57194	0.09807	0.07967	0.04674	0.00724	0.00191	0.00308	0.02293	0.00546	0.00504
4	0.01243	0.07736	0.32379	0.03940	0.25305	0.04090	0.08012	0.01667	0.01197	0.03627	0.02713	0.03677	0.00944	0.00546	0.00523	0.00164	0.00709	0.00484	0.00272	0.00772
5	0.01110	0.05306	0.68986	0.01637	0.06817	0.01281	0.04148	0.01694	0.01141	0.01689	0.00962	0.01145	0.00695	0.00505	0.00509	0.00168	0.00780	0.00405	0.00230	0.00791
6	0.65274	0.06086	0.01075	0.06573	0.04506	0.05912	0.00740	0.01602	0.00985	0.02170	0.00778	0.00937	0.00615	0.00501	0.00365	0.00162	0.00489	0.00315	0.00313	0.00603
7	0.06171	0.00938	0.01510	0.62903	0.08218	0.01132	0.01358	0.01348	0.01069	0.01461	0.01122	0.08375	0.00966	0.00631	0.00537	0.00180	0.00656	0.00558	0.00269	0.00598
8	0.00953	0.00527	0.00851	0.00796	0.00829	0.00521	0.05108	0.00762	0.00734	0.00981	0.00942	0.01620	0.00925	0.01778	0.02008	0.79196	0.00493	0.00477	0.00235	0.00263
9	0.01657	0.01321	0.01455	0.01293	0.06224	0.01482	0.00977	0.36203	0.38211	0.02735	0.01703	0.01635	0.01258	0.00675	0.00541	0.00171	0.00514	0.00542	0.00525	0.00879
10	0.01224	0.04842	0.54484	0.04218	0.03833	0.06040	0.09297	0.01745	0.01186	0.04864	0.01010	0.01189	0.00729	0.00509	0.00516	0.00165	0.00780	0.00423	0.00256	0.02690
11	0.01329	0.01268	0.02119	0.03159	0.73082	0.01279	0.01598	0.01722	0.05878	0.01784	0.01082	0.01370	0.00899	0.00494	0.00532	0.00161	0.00625	0.00486	0.00283	0.00850
12	0.00781	0.00520	0.00585	0.00585	0.00585	0.00520	0.00325	0.00781	0.00781	0.01041	0.01691	0.03513	0.01952	0.81135	0.02732	0.00520	0.00520	0.00781	0.00325	0.00325
13	0.02622	0.00593	0.00700	0.00657	0.00837	0.00526	0.00498	0.01087	0.01354	0.10387	0.32549	0.08913	0.34919	0.01182	0.00620	0.00177	0.00291	0.01010	0.00549	0.00527
14	0.07154	0.01461	0.01552	0.01196	0.01619	0.01615	0.00988	0.69666	0.02401	0.05104	0.01275	0.01276	0.00902	0.00636	0.00524	0.00162	0.00577	0.00473	0.00527	0.00892
15	0.01096	0.01007	0.01644	0.70428	0.08001	0.01227	0.01471	0.05984	0.01172	0.01518	0.00978	0.01416	0.00736	0.00540	0.00536	0.00177	0.00703	0.00478	0.00259	0.00631
16	0.00700	0.00567	0.00669	0.05336	0.00931	0.00515	0.00509	0.00888	0.01308	0.01681	0.29574	0.07105	0.45836	0.01232	0.00630	0.00178	0.00293	0.01052	0.00514	0.00479
17	0.01317	0.09114	0.06892	0.04133	0.14923	0.07527	0.41942	0.01696	0.01259	0.01655	0.03626	0.01404	0.00934	0.00493	0.00568	0.00167	0.00801	0.00547	0.00275	0.00727
18	0.00765	0.00514	0.00587	0.00602	0.00614	0.00508	0.00350	0.00786	0.00833	0.01115	0.01972	0.12853	0.04687	0.67152	0.02364	0.00464	0.00481	0.00876	0.02130	0.00347
19	0.01559	0.01656	0.01773	0.07622	0.35073	0.26561	0.01302	0.06658	0.07222	0.01709	0.01074	0.01324	0.00882	0.02607	0.00574	0.00165	0.00728	0.00453	0.00308	0.00749
20	0.60618	0.10849	0.04234	0.00868	0.02632	0.06215	0.00737	0.01675	0.01019	0.05940	0.00834	0.00943	0.00648	0.00505	0.00364	0.00158	0.00491	0.00314	0.00327	0.00627
21	0.01414	0.76755	0.07328	0.00955	0.01434	0.02072	0.00982	0.01613	0.01093	0.01289	0.00759	0.00877	0.00688	0.00462	0.00354	0.00118	0.00587	0.00294	0.00229	0.00695
22	0.00698	0.00484	0.00649	0.00757	0.00799	0.00456	0.00525	0.00777	0.01024	0.01354	0.02858	0.63589	0.06229	0.01668	0.00820	0.08094	0.00341	0.07983	0.00473	0.00423
23	0.00739	0.00545	0.00691	0.00668	0.00796	0.00497	0.00500	0.00966	0.01445	0.02000	0.61868	0.08795	0.14686	0.01175	0.00639	0.00175	0.00264	0.02484	0.00571	0.00495
24	0.00944	0.00779	0.00857	0.00797	0.01007	0.00809	0.00609	0.01648	0.30324	0.01984	0.27644	0.03576	0.24839	0.01032	0.00600	0.00178	0.00325	0.00878	0.00547	0.00623
25	0.02292	0.01032	0.01312	0.01009	0.01420	0.00971	0.00832	0.18338	0.01748	0.60357	0.03668	0.01762	0.01325	0.00670	0.00541	0.00165	0.00481	0.00538	0.00635	0.00904
26	0.01698	0.01214	0.01379	0.07874	0.01651	0.01347	0.00942	0.37290	0.19855	0.09756	0.01587	0.01602	0.01156	0.00798	0.03821	0.00195	0.00563	0.00522	0.05925	0.00826
27	0.01113	0.00954	0.01113	0.00795	0.01272	0.00716	0.00636	0.01352	0.01113	0.01749	0.00954	0.01113	0.00795	0.00398	0.00398	0.00080	0.00398	0.00318	0.00318	0.84417
28	0.01425	0.79257	0.04926	0.00936	0.01404	0.02099	0.00948	0.01610	0.01092	0.01275	0.00752	0.00869	0.00689	0.00461	0.00349	0.00116	0.00580	0.00290	0.00230	0.00692
29	0.00732	0.00581	0.00661	0.00635	0.00799	0.00529	0.00478	0.01001	0.05745	0.01815	0.37899	0.04459	0.40313	0.01204	0.00629	0.00176	0.00272	0.01029	0.00543	0.00500
30	0.01018	0.00794	0.00903	0.00854	0.00980	0.04279	0.00622	0.11207	0.05654	0.01554	0.01703	0.12345	0.01732	0.25515	0.27873	0.00512	0.00830	0.00735	0.00374	0.00516
31	0.01286	0.01328	0.04443	0.01983	0.04981	0.01232	0.54617	0.03886	0.01279	0.06290	0.01346	0.10228	0.01146	0.00621	0.00652	0.00184	0.02752	0.00707	0.00326	0.00712
32	0.00880	0.00575	0.00748	0.00692	0.00842	0.00524	0.00524	0.01120	0.01495	0.08046	0.66343	0.05648	0.08321	0.01090	0.00627	0.00170	0.00271	0.00958	0.00590	0.00534
33	0.01610	0.05679	0.15484	0.01131	0.01585	0.03757	0.02885	0.07448	0.19085	0.22520	0.04690	0.01638	0.01289	0.00623	0.00517	0.00159	0.00541	0.00505	0.00467	0.08388
34	0.00657	0.00468	0.00622	0.00744	0.00774	0.00438	0.00494	0.00748	0.01022	0.01363	0.02929	0.78996	0.03513	0.03521	0.00733	0.00225	0.00316	0.01509	0.00494	0.00433
35	0.75643	0.02707	0.00869	0.00745	0.01077	0.01235	0.00613	0.01694	0.07784	0.02370	0.00877	0.00974	0.00679	0.00518	0.00352	0.00166	0.00419	0.00319	0.00349	0.00608
36	0.01821	0.01404	0.01643	0.01285	0.03433	0.03763	0.06969	0.51091	0.02106	0.06059	0.02989	0.01354	0.00994	0.00600	0.00526	0.00151	0.00589	0.00482	0.00478	0.12264
37	0.01442	0.77231	0.04716	0.00947	0.01410	0.04251	0.00949	0.01625	0.01104	0.01276	0.00754	0.00871	0.00689	0.00463	0.00353	0.00117	0.00591	0.00291	0.00231	0.00690
38	0.01785	0.00861	0.01104	0.00902	0.01221	0.00810	0.00724	0.05232	0.10718	0.43781	0.23956	0.02459	0.02433	0.00797	0.00568	0.00169	0.00399	0.00671	0.00623	0.00788
39	0.01077	0.02777	0.78354	0.01530	0.02323	0.01247	0.01983	0.01700	0.01133	0.01700	0.00963	0.01133	0.00680	0.00510	0.00510	0.00170	0.00793	0.00397	0.00227	0.00793
40	0.00778	0.00519	0.00586	0.00589	0.00590	0.00518	0.00329	0.00780	0.00786	0.01048	0.01720	0.05276	0.01988	0.79322	0.02685	0.00514	0.00516	0.00798	0.00329	0.00328
