[name]
unknown

[dist]
# distance from previous block
# <min> <max>
0	6

[block]
# block no. 0 follows, 43 sequences, length 12
# corresponding to MSA columns:
# 12-23
name=unknown_A
#
# <colnr> <probs for GDERKNQSTAVLIFYWHMCP>
#	G	D	E	R	K	N	Q	S	T	A	V	L	I	F	Y	W	H	M	C	P
0	0.00870	0.00633	0.00820	0.04864	0.01061	0.00639	0.00645	0.06896	0.01241	0.01660	0.10481	0.40854	0.03178	0.11514	0.00958	0.00257	0.00415	0.12022	0.00490	0.00500
1	0.01457	0.01072	0.01273	0.06455	0.01551	0.01003	0.00820	0.17240	0.05895	0.09909	0.01422	0.07709	0.01177	0.00629	0.00499	0.00134	0.00476	0.00517	0.00436	0.40327
2	0.01101	0.01007	0.01594	0.61441	0.07867	0.01205	0.01410	0.05243	0.03857	0.01585	0.01423	0.01794	0.06926	0.00631	0.00562	0.00183	0.00679	0.00552	0.00297	0.00645
3	0.00917	0.00485	0.00704	0.00719	0.00723	0.00481	0.00475	0.00733	0.00768	0.01023	0.01264	0.11165	0.01355	0.07243	0.02035	0.68257	0.00466	0.00633	0.00280	0.00272
4	0.14815	0.01411	0.07625	0.19063	0.02115	0.02957	0.01162	0.30265	0.01700	0.08137	0.01161	0.01312	0.00839	0.00619	0.00578	0.00176	0.04413	0.00459	0.00414	0.00781
5	0.01334	0.01025	0.01647	0.54085	0.11629	0.01179	0.01407	0.01730	0.04802	0.13913	0.01248	0.01560	0.00903	0.00578	0.00554	0.00180	0.00671	0.00509	0.00336	0.00711
6	0.05857	0.00896	0.01150	0.00934	0.01285	0.00830	0.00753	0.02340	0.08945	0.51721	0.14180	0.04946	0.02068	0.00793	0.00568	0.00175	0.00427	0.00659	0.00639	0.00835
7	0.01266	0.00739	0.00908	0.00820	0.01034	0.00699	0.00623	0.07842	0.04061	0.19252	0.19900	0.20514	0.14634	0.04220	0.00715	0.00201	0.00373	0.00990	0.00574	0.00636
8	0.01583	0.01163	0.01415	0.05440	0.01616	0.02423	0.05925	0.25592	0.16241	0.10260	0.01934	0.08308	0.04122	0.02405	0.00621	0.00186	0.00537	0.03465	0.04502	0.02261
9	0.01305	0.02651	0.05826	0.12240	0.02152	0.03969	0.19659	0.11724	0.04844	0.01867	0.01309	0.06917	0.01139	0.00842	0.03729	0.00211	0.09825	0.02891	0.00346	0.06551
10	0.00928	0.00723	0.00907	0.00946	0.04517	0.00712	0.02319	0.09542	0.04332	0.01738	0.05457	0.36786	0.18695	0.07416	0.00824	0.00228	0.00398	0.02490	0.00494	0.00549
11	0.06559	0.01300	0.01564	0.09966	0.01848	0.02953	0.06027	0.42076	0.01970	0.04327	0.06509	0.01614	0.01239	0.00950	0.06995	0.00229	0.00683	0.00538	0.01860	0.00793

[dist]
# distance from previous block
# <min> <max>
4	61

[block]
# block no. 1 follows, 43 sequences, length 9
# corresponding to MSA columns:
# 143-151
name=unknown_B
#
# <colnr> <probs for GDERKNQSTAVLIFYWHMCP>
#	G	D	E	R	K	N	Q	S	T	A	V	L	I	F	Y	W	H	M	C	P
0	0.01201	0.01097	0.01858	0.38982	0.02835	0.01232	0.17261	0.10080	0.01307	0.01764	0.01199	0.04187	0.00965	0.00840	0.05709	0.00229	0.02779	0.00572	0.05242	0.00662
1	0.12685	0.07485	0.01611	0.04640	0.01689	0.08019	0.05761	0.22606	0.23594	0.04280	0.01436	0.01458	0.01074	0.00630	0.00515	0.00170	0.00590	0.00493	0.00454	0.00807
2	0.00892	0.00674	0.01003	0.01130	0.09823	0.00739	0.00743	0.01015	0.00915	0.01288	0.01547	0.02291	0.04643	0.12148	0.43866	0.12345	0.03540	0.00613	0.00299	0.00487
3	0.04157	0.01029	0.01361	0.01083	0.01433	0.01005	0.06365	0.19288	0.01691	0.33852	0.08068	0.11127	0.01821	0.04259	0.00680	0.00194	0.00505	0.00710	0.00573	0.00800
4	0.05607	0.01112	0.01670	0.10111	0.34826	0.01143	0.01259	0.01941	0.10606	0.15672	0.06374	0.01896	0.01407	0.00647	0.00557	0.00175	0.00562	0.03206	0.00416	0.00812
5	0.03012	0.00982	0.06864	0.01181	0.10059	0.00841	0.00871	0.04433	0.06375	0.15484	0.39738	0.02883	0.03206	0.00877	0.00598	0.00173	0.00415	0.00761	0.00545	0.00701
6	0.05490	0.00931	0.01188	0.00963	0.01309	0.00897	0.00784	0.07959	0.04235	0.47056	0.04321	0.02146	0.07084	0.01159	0.09700	0.00259	0.02514	0.00605	0.00585	0.00817
7	0.11716	0.02873	0.01293	0.00968	0.01390	0.00919	0.03050	0.02275	0.04590	0.47001	0.03484	0.01671	0.01260	0.00621	0.00508	0.00156	0.00467	0.00499	0.00556	0.14703
8	0.01933	0.05487	0.03598	0.01092	0.01492	0.01015	0.06415	0.05481	0.10294	0.43566	0.11754	0.02073	0.01800	0.00718	0.00565	0.00172	0.00497	0.00610	0.00588	0.00849

[dist]
# distance from previous block
# <min> <max>
4	20

[block]
# block no. 2 follows, 43 sequences, length 108
# corresponding to MSA columns:
# 172-196,199-253,255-282
name=unknown_C
#
# <colnr> <probs for GDERKNQSTAVLIFYWHMCP>
#	G	D	E	R	K	N	Q	S	T	A	V	L	I	F	Y	W	H	M	C	P
0	0.22901	0.01214	0.01256	0.02391	0.01433	0.07050	0.03569	0.10875	0.04301	0.07470	0.01150	0.02738	0.00910	0.00649	0.02440	0.00163	0.02050	0.00421	0.00389	0.26630
1	0.07434	0.02737	0.01427	0.03242	0.02925	0.04956	0.03380	0.24094	0.03750	0.20028	0.08624	0.03123	0.01457	0.00677	0.00534	0.00160	0.00534	0.00545	0.00509	0.09865
2	0.03301	0.01508	0.06334	0.16075	0.28515	0.09085	0.07407	0.14448	0.01494	0.02002	0.02670	0.01389	0.00919	0.00554	0.00548	0.00168	0.00713	0.00493	0.00326	0.02051
3	0.01412	0.03978	0.01439	0.11627	0.01762	0.01132	0.02525	0.20789	0.01525	0.04941	0.01259	0.06524	0.01059	0.00705	0.02509	0.00158	0.02288	0.00502	0.00395	0.33470
4	0.12552	0.01566	0.23039	0.01292	0.01802	0.01087	0.13235	0.02991	0.03930	0.08554	0.09383	0.02946	0.01399	0.00624	0.00531	0.00166	0.00608	0.01667	0.00375	0.12254
5	0.00993	0.00705	0.00855	0.00768	0.00950	0.00687	0.00592	0.11127	0.01664	0.03628	0.55574	0.03768	0.10115	0.01071	0.00630	0.00174	0.00318	0.02080	0.03719	0.00582
6	0.01591	0.01826	0.01493	0.14879	0.08165	0.40817	0.01107	0.05087	0.01435	0.01517	0.01574	0.01751	0.11088	0.00784	0.02676	0.00181	0.02550	0.00517	0.00320	0.00642
7	0.00694	0.00502	0.00657	0.00764	0.00814	0.00462	0.00512	0.00794	0.01061	0.01420	0.03003	0.73797	0.05121	0.03820	0.00753	0.00228	0.00329	0.01503	0.00503	0.03264
8	0.01857	0.26806	0.03176	0.01276	0.01628	0.49227	0.01049	0.04766	0.01451	0.01425	0.00847	0.00984	0.00721	0.00551	0.00482	0.00138	0.02313	0.00346	0.00279	0.00677
9	0.01446	0.03277	0.01962	0.04947	0.45834	0.01356	0.01419	0.09649	0.01367	0.06117	0.02703	0.01566	0.03826	0.00635	0.00723	0.00176	0.11318	0.00526	0.00337	0.00816
10	0.00890	0.00662	0.00882	0.00943	0.01110	0.00620	0.00794	0.01119	0.01230	0.01640	0.02784	0.15076	0.05701	0.01400	0.00705	0.00225	0.00463	0.51454	0.00486	0.11814
11	0.00868	0.00668	0.00964	0.00837	0.00920	0.00651	0.10475	0.00936	0.00891	0.01185	0.01806	0.03400	0.04672	0.66697	0.02444	0.00476	0.00581	0.00798	0.00335	0.00396
12	0.01096	0.00682	0.00912	0.05370	0.01075	0.00721	0.00640	0.10959	0.03886	0.01448	0.01367	0.13112	0.01369	0.01602	0.01579	0.52297	0.00488	0.00649	0.00336	0.00412
13	0.02169	0.01450	0.01599	0.01226	0.01667	0.01567	0.01013	0.63135	0.02434	0.15830	0.01472	0.01422	0.01013	0.00668	0.00555	0.00167	0.00586	0.00508	0.00576	0.00942
14	0.01750	0.01418	0.02237	0.03139	0.64135	0.01366	0.01644	0.01987	0.01449	0.12282	0.01432	0.01761	0.01167	0.00679	0.00650	0.00209	0.00707	0.00577	0.00412	0.00999
15	0.01439	0.01148	0.01315	0.00991	0.01485	0.00881	0.00766	0.01611	0.01314	0.05113	0.01271	0.01508	0.01068	0.00584	0.00522	0.00132	0.00496	0.00419	0.00423	0.77512
16	0.04898	0.01109	0.11319	0.00945	0.01204	0.00890	0.02478	0.01574	0.01295	0.03581	0.01791	0.02125	0.01438	0.00792	0.00598	0.00190	0.04769	0.00569	0.57729	0.00705
17	0.02305	0.01695	0.01804	0.01421	0.01871	0.01821	0.01141	0.72619	0.02697	0.03638	0.01554	0.01652	0.01162	0.00818	0.00654	0.00210	0.00685	0.00574	0.00626	0.01052
18	0.00675	0.00482	0.00643	0.00771	0.00803	0.00450	0.00514	0.00771	0.01060	0.01414	0.03053	0.80175	0.03663	0.01735	0.00707	0.00225	0.00321	0.01574	0.00514	0.00450
19	0.02461	0.00981	0.01309	0.01004	0.01433	0.00871	0.00829	0.07275	0.01649	0.72798	0.02131	0.01850	0.01344	0.00684	0.00557	0.00171	0.00480	0.00553	0.00677	0.00942
20	0.00675	0.00482	0.00643	0.00771	0.00803	0.00450	0.00514	0.00771	0.01060	0.01414	0.03053	0.80175	0.03663	0.01735	0.00707	0.00225	0.00321	0.01574	0.00514	0.00450
21	0.03854	0.00964	0.01181	0.00875	0.01333	0.00775	0.00709	0.01861	0.01307	0.28937	0.02855	0.01463	0.01096	0.00525	0.00466	0.00118	0.00430	0.00422	0.00462	0.50369
22	0.01212	0.01015	0.01352	0.06994	0.10660	0.00878	0.02871	0.02926	0.03115	0.04858	0.01325	0.05368	0.03289	0.00554	0.00479	0.00121	0.00477	0.00477	0.00354	0.51676
23	0.07832	0.54127	0.07261	0.01046	0.01516	0.06857	0.01014	0.11677	0.01343	0.01721	0.00866	0.00974	0.00733	0.00512	0.00401	0.00134	0.00623	0.00335	0.00291	0.00736
24	0.02105	0.01551	0.01662	0.01274	0.01717	0.01717	0.01053	0.75235	0.02604	0.03490	0.01330	0.01330	0.00942	0.00665	0.00554	0.00166	0.00609	0.00499	0.00554	0.00942
25	0.01341	0.01080	0.01273	0.00925	0.01409	0.00905	0.02173	0.12829	0.01390	0.04422	0.01078	0.01206	0.00857	0.00459	0.00442	0.00100	0.00453	0.00368	0.00373	0.66918
26	0.00747	0.00588	0.00710	0.00799	0.00845	0.02844	0.00546	0.00843	0.01065	0.01395	0.02979	0.65157	0.08160	0.05938	0.00862	0.00238	0.03921	0.01420	0.00485	0.00458
27	0.01002	0.00906	0.01482	0.65198	0.03255	0.01110	0.01335	0.01315	0.01071	0.01383	0.02677	0.01839	0.01019	0.11493	0.02562	0.00248	0.00717	0.00547	0.00267	0.00573
28	0.00976	0.00698	0.00938	0.01055	0.11196	0.00642	0.00679	0.01194	0.01395	0.08401	0.34007	0.05379	0.24202	0.04320	0.00722	0.00194	0.00356	0.02535	0.00529	0.00582
29	0.01234	0.14016	0.50421	0.01678	0.12285	0.01379	0.01733	0.01733	0.01190	0.04299	0.02405	0.01259	0.00850	0.00622	0.02465	0.00183	0.00758	0.00424	0.00264	0.00801
30	0.01212	0.24129	0.57286	0.01407	0.02131	0.01533	0.01747	0.01728	0.01157	0.01631	0.00933	0.01093	0.00704	0.00512	0.00480	0.00160	0.00757	0.00378	0.00235	0.00789
31	0.01264	0.01050	0.01228	0.04057	0.01458	0.00885	0.00743	0.11397	0.01342	0.02009	0.01076	0.02912	0.00896	0.00479	0.00442	0.00101	0.00449	0.00385	0.00360	0.67468
32	0.01567	0.09410	0.04264	0.03658	0.24840	0.09192	0.21910	0.01886	0.01315	0.11938	0.01159	0.01380	0.00888	0.00538	0.00601	0.00168	0.03655	0.00511	0.00326	0.00793
33	0.00841	0.00641	0.00896	0.00851	0.00994	0.00683	0.00651	0.01025	0.00916	0.01335	0.01442	0.02184	0.01372	0.11421	0.60084	0.00745	0.01242	0.00579	0.00305	0.11794
34	0.03539	0.04995	0.42600	0.01456	0.03404	0.01243	0.07060	0.01926	0.06522	0.13255	0.04742	0.01490	0.01093	0.00603	0.00587	0.00177	0.03663	0.00490	0.00350	0.00806
35	0.84448	0.01071	0.00814	0.00728	0.01071	0.01242	0.00600	0.01628	0.00943	0.02485	0.00771	0.00900	0.00600	0.00514	0.00343	0.00171	0.00428	0.00300	0.00343	0.00600
36	0.00727	0.00541	0.00606	0.00613	0.00733	0.00481	0.00430	0.00800	0.01127	0.01402	0.08644	0.10054	0.45938	0.12871	0.01175	0.11592	0.00346	0.01043	0.00457	0.00420
37	0.01233	0.01185	0.02041	0.34895	0.43887	0.01283	0.04318	0.01584	0.01199	0.01644	0.01021	0.01419	0.00818	0.00518	0.00554	0.00174	0.00701	0.00499	0.00263	0.00763
38	0.01122	0.01113	0.01918	0.46029	0.03032	0.01355	0.13705	0.01445	0.01074	0.01452	0.00959	0.01434	0.00769	0.00728	0.02827	0.00216	0.19417	0.00520	0.00252	0.00632
39	0.00828	0.00553	0.00648	0.00658	0.00738	0.00515	0.00432	0.00910	0.01059	0.05266	0.08301	0.20905	0.19263	0.35627	0.01597	0.00345	0.00409	0.01058	0.00453	0.00435
40	0.00996	0.00625	0.00784	0.00798	0.00963	0.00572	0.00632	0.01171	0.01264	0.11841	0.06749	0.14952	0.25624	0.06922	0.00834	0.00235	0.00400	0.23575	0.00528	0.00536
41	0.00712	0.00502	0.00652	0.00759	0.00791	0.00477	0.00508	0.00802	0.01030	0.01371	0.02818	0.62067	0.03346	0.15363	0.01076	0.00281	0.00371	0.06157	0.00483	0.00434
42	0.01307	0.01230	0.01970	0.18092	0.50290	0.01309	0.01534	0.01844	0.13333	0.01813	0.01226	0.01504	0.00981	0.00547	0.00552	0.00172	0.00638	0.00515	0.00315	0.00825
43	0.00723	0.00518	0.00695	0.00800	0.00860	0.00489	0.00574	0.00867	0.01162	0.01561	0.13035	0.58391	0.03801	0.01622	0.00709	0.00223	0.00342	0.12634	0.00526	0.00469
44	0.00811	0.00579	0.00798	0.00926	0.01018	0.00567	0.00750	0.01006	0.01194	0.01566	0.02978	0.34059	0.03366	0.01607	0.00743	0.00244	0.00439	0.46350	0.00512	0.00487
45	0.12073	0.00587	0.00707	0.00806	0.00896	0.00588	0.00588	0.00949	0.01079	0.01599	0.02723	0.57341	0.03170	0.01536	0.00667	0.00223	0.00367	0.13132	0.00490	0.00480
46	0.00872	0.00561	0.00670	0.00658	0.00689	0.00569	0.00403	0.00907	0.00848	0.04198	0.01727	0.03357	0.01902	0.66941	0.12971	0.00570	0.00663	0.00767	0.00344	0.00382
47	0.00791	0.00593	0.00890	0.00890	0.00989	0.00692	0.00692	0.00989	0.00890	0.01286	0.01483	0.02176	0.01385	0.04154	0.78341	0.00890	0.01483	0.00593	0.00297	0.00494
48	0.01988	0.01493	0.01596	0.01250	0.01673	0.01662	0.01024	0.63539	0.14491	0.03301	0.01479	0.01449	0.01063	0.00679	0.00556	0.00170	0.00582	0.00519	0.00556	0.00931
49	0.01330	0.01333	0.05126	0.02977	0.63807	0.01236	0.01572	0.01660	0.01242	0.01807	0.01032	0.01332	0.00862	0.00483	0.00529	0.00154	0.00631	0.00468	0.00280	0.12138
50	0.01273	0.01735	0.16374	0.02201	0.02807	0.01380	0.62207	0.01770	0.01283	0.01770	0.01098	0.01437	0.00816	0.00477	0.00631	0.00185	0.00913	0.00611	0.00272	0.00760
51	0.02105	0.01551	0.01662	0.01274	0.01717	0.01717	0.01053	0.75235	0.02604	0.03490	0.01330	0.01330	0.00942	0.00665	0.00554	0.00166	0.00609	0.00499	0.00554	0.00942
52	0.01231	0.01161	0.01938	0.25927	0.42823	0.01241	0.03734	0.01636	0.05274	0.01703	0.01279	0.01804	0.02190	0.00602	0.00569	0.00178	0.00664	0.04980	0.00300	0.00765
53	0.01881	0.01359	0.01493	0.01170	0.01547	0.01488	0.00955	0.58820	0.02336	0.05746	0.11593	0.01796	0.01565	0.03128	0.00663	0.00180	0.02290	0.00578	0.00553	0.00859
54	0.00903	0.00611	0.00661	0.00622	0.00839	0.00514	0.00476	0.01053	0.01302	0.11798	0.05099	0.06247	0.65265	0.01312	0.00642	0.00186	0.00307	0.01093	0.00538	0.00532
55	0.01049	0.01061	0.04741	0.76060	0.03757	0.01233	0.01559	0.01429	0.01110	0.01429	0.00985	0.01464	0.00737	0.00553	0.00553	0.00184	0.00742	0.00489	0.00246	0.00623
56	0.72113	0.01041	0.00892	0.05896	0.01259	0.01196	0.00669	0.01644	0.00981	0.06355	0.00866	0.01013	0.00661	0.00568	0.00423	0.02679	0.00453	0.00332	0.00352	0.00608
57	0.02422	0.01043	0.01348	0.01033	0.01464	0.00964	0.00854	0.14710	0.01754	0.65216	0.02043	0.01793	0.01300	0.00682	0.00556	0.00171	0.00494	0.00547	0.00664	0.00942
58	0.01975	0.02443	0.01526	0.01386	0.01675	0.67878	0.01044	0.02311	0.11676	0.01486	0.01046	0.01144	0.00846	0.00595	0.00508	0.00149	0.00923	0.00393	0.00323	0.00674
59	0.01096	0.00635	0.00840	0.00750	0.00935	0.00576	0.00576	0.01348	0.01571	0.16021	0.63106	0.03724	0.04519	0.01050	0.00636	0.00174	0.00300	0.00920	0.00624	0.00600
60	0.00720	0.00552	0.00661	0.00666	0.00802	0.00493	0.00492	0.00910	0.01364	0.01804	0.36292	0.16866	0.31854	0.01341	0.00665	0.00189	0.00284	0.02997	0.00556	0.00490
61	0.00793	0.00586	0.00851	0.00851	0.00937	0.00671	0.00644	0.00964	0.00879	0.01257	0.01519	0.02372	0.01470	0.14514	0.68098	0.00842	0.01355	0.00622	0.00302	0.00473
62	0.02901	0.05562	0.12221	0.37672	0.14771	0.01362	0.06397	0.01539	0.01124	0.01555	0.00961	0.01348	0.00757	0.00573	0.00673	0.00183	0.08975	0.00477	0.00252	0.00697
63	0.01068	0.01015	0.01666	0.68660	0.03494	0.01294	0.01494	0.01404	0.01072	0.01404	0.00949	0.01441	0.00737	0.00610	0.00725	0.00192	0.11424	0.00491	0.00246	0.00614
64	0.00693	0.00563	0.00614	0.00601	0.00771	0.00484	0.00451	0.00869	0.01352	0.01710	0.26603	0.04978	0.55731	0.01323	0.00654	0.00183	0.00275	0.01120	0.00542	0.00484
65	0.00939	0.00750	0.00841	0.00828	0.02449	0.00750	0.00608	0.01491	0.21825	0.03894	0.15546	0.12393	0.33190	0.01181	0.00630	0.00189	0.00338	0.01009	0.00543	0.00607
66	0.01735	0.01244	0.01431	0.01152	0.01476	0.01384	0.00940	0.44200	0.04039	0.08513	0.11612	0.01837	0.01595	0.01074	0.07668	0.00240	0.07944	0.00582	0.00520	0.00812
67	0.01295	0.01465	0.03136	0.04217	0.02834	0.01414	0.68910	0.01739	0.01275	0.01739	0.01094	0.01477	0.00831	0.00498	0.00719	0.00190	0.05514	0.00640	0.00277	0.00735
68	0.00858	0.00584	0.00757	0.00703	0.00851	0.00533	0.00531	0.01110	0.01552	0.05750	0.69509	0.04093	0.08810	0.01125	0.00649	0.00175	0.00272	0.00989	0.00608	0.00540
69	0.01378	0.66373	0.04119	0.00949	0.01365	0.03852	0.00915	0.01554	0.01129	0.01329	0.01086	0.11651	0.01111	0.00648	0.00410	0.00135	0.00570	0.00473	0.00276	0.00676
70	0.01463	0.01409	0.01945	0.11052	0.45124	0.11687	0.03313	0.01812	0.04378	0.05706	0.01217	0.01466	0.02511	0.00547	0.00543	0.00163	0.00683	0.00495	0.00314	0.04173
71	0.01180	0.01261	0.11546	0.00941	0.01475	0.00850	0.00860	0.04268	0.01207	0.01862	0.00999	0.01158	0.00809	0.00436	0.00431	0.00098	0.00473	0.00346	0.00324	0.69476
72	0.02005	0.06980	0.01431	0.11582	0.01716	0.00992	0.00907	0.04224	0.03334	0.48979	0.01845	0.04938	0.01288	0.00677	0.00537	0.00165	0.00509	0.00555	0.00553	0.06783
73	0.00662	0.00552	0.00578	0.00598	0.00763	0.00468	0.00442	0.00798	0.01235	0.01488	0.05214	0.15498	0.65565	0.01450	0.00664	0.00193	0.00290	0.02561	0.00514	0.00466
74	0.00799	0.00604	0.00900	0.00895	0.00990	0.00708	0.00695	0.00992	0.00888	0.01282	0.01474	0.02185	0.01384	0.05569	0.75434	0.00871	0.02942	0.00595	0.00296	0.00494
75	0.01360	0.44139	0.25768	0.01342	0.01927	0.03872	0.11340	0.01718	0.01175	0.01506	0.00888	0.01059	0.00726	0.00492	0.00452	0.00146	0.00719	0.00381	0.00243	0.00747
76	0.01139	0.00645	0.00854	0.00757	0.00950	0.00583	0.00583	0.01390	0.01571	0.17916	0.61228	0.03667	0.04422	0.01039	0.00633	0.00174	0.00305	0.00909	0.00625	0.00610
77	0.00802	0.00541	0.00623	0.00617	0.00634	0.00535	0.00361	0.00838	0.00909	0.01229	0.11923	0.03694	0.02449	0.69766	0.02525	0.00488	0.00500	0.00832	0.00373	0.00361
78	0.01778	0.02000	0.01879	0.01550	0.01859	0.39308	0.13837	0.13334	0.01556	0.01755	0.00971	0.01198	0.00790	0.00719	0.02698	0.00188	0.13106	0.00456	0.00320	0.00697
79	0.00675	0.00482	0.00643	0.00771	0.00803	0.00450	0.00514	0.00771	0.01060	0.01414	0.03053	0.80175	0.03663	0.01735	0.00707	0.00225	0.00321	0.01574	0.00514	0.00450
80	0.01116	0.02610	0.67288	0.01476	0.02250	0.01212	0.01858	0.01705	0.01166	0.01761	0.00993	0.01166	0.00718	0.00510	0.00510	0.00163	0.00763	0.00398	0.00247	0.12090
81	0.01282	0.01196	0.01994	0.08054	0.60541	0.01210	0.01518	0.02870	0.01316	0.01868	0.11317	0.01752	0.01459	0.00587	0.00563	0.00167	0.00609	0.00562	0.00323	0.00813
82	0.01378	0.01190	0.01252	0.01127	0.01440	0.01378	0.00877	0.02943	0.76081	0.02317	0.02254	0.02066	0.01691	0.00751	0.00564	0.00188	0.00438	0.00626	0.00564	0.00877
83	0.00805	0.00537	0.00604	0.00604	0.00604	0.00537	0.00336	0.00805	0.00805	0.01074	0.01745	0.03624	0.02013	0.80536	0.02819	0.00537	0.00537	0.00805	0.00336	0.00336
84	0.01284	0.01227	0.02091	0.23734	0.57428	0.01293	0.01656	0.01623	0.01220	0.01704	0.01026	0.01399	0.00840	0.00510	0.00550	0.00170	0.00679	0.00493	0.00267	0.00807
85	0.01282	0.01085	0.01166	0.01074	0.01359	0.01229	0.00847	0.04205	0.59941	0.02203	0.02572	0.02788	0.07670	0.00890	0.00594	0.00195	0.00438	0.09105	0.00553	0.00804
86	0.01445	0.01332	0.01283	0.01156	0.01467	0.08905	0.00896	0.02871	0.68790	0.02223	0.02117	0.01962	0.01595	0.00734	0.00557	0.00183	0.00493	0.00600	0.00536	0.00854
87	0.00802	0.00549	0.00664	0.00664	0.00684	0.00569	0.00410	0.00844	0.00823	0.01118	0.01690	0.03322	0.01882	0.64586	0.18589	0.00611	0.00735	0.00761	0.00327	0.00369
88	0.02106	0.01512	0.01633	0.01256	0.01696	0.01665	0.01037	0.69876	0.04404	0.07070	0.01395	0.01375	0.00982	0.00668	0.00554	0.00167	0.00598	0.00505	0.00561	0.00940
89	0.00682	0.00487	0.00650	0.00779	0.00814	0.00456	0.00526	0.00783	0.01067	0.01421	0.03049	0.77870	0.03648	0.01729	0.00709	0.00226	0.00327	0.03812	0.00514	0.00452
90	0.00675	0.00482	0.00643	0.00771	0.00803	0.00450	0.00514	0.00771	0.01060	0.01414	0.03053	0.80175	0.03663	0.01735	0.00707	0.00225	0.00321	0.01574	0.00514	0.00450
91	0.00780	0.00566	0.00735	0.00693	0.00825	0.00521	0.00520	0.01038	0.01559	0.02201	0.74859	0.04169	0.07168	0.01140	0.00653	0.00175	0.00262	0.01006	0.00607	0.00521
92	0.00677	0.00491	0.00639	0.00753	0.00800	0.00453	0.00507	0.00782	0.01092	0.01445	0.05548	0.72032	0.09357	0.01691	0.00701	0.00220	0.00316	0.01525	0.00517	0.00453
93	0.01212	0.01212	0.01696	0.01454	0.01454	0.01696	0.01212	0.01333	0.00848	0.01333	0.00727	0.01212	0.00727	0.00969	0.01818	0.00242	0.79523	0.00485	0.00242	0.00606
94	0.00878	0.00628	0.00872	0.00976	0.01104	0.00622	0.00842	0.01134	0.01315	0.01734	0.12950	0.05961	0.03464	0.01476	0.00750	0.00244	0.00476	0.63540	0.00523	0.00512
95	0.00962	0.00481	0.00722	0.00722	0.00722	0.00481	0.00481	0.00722	0.00722	0.00962	0.00962	0.01684	0.00962	0.01924	0.02165	0.83886	0.00481	0.00481	0.00241	0.00241
96	0.00687	0.00488	0.00646	0.00767	0.00799	0.00459	0.00512	0.00781	0.01051	0.01400	0.02977	0.74315	0.03560	0.06145	0.00826	0.00243	0.00337	0.03057	0.00504	0.00445
97	0.00927	0.00535	0.00587	0.00578	0.00704	0.00522	0.00428	0.01160	0.01228	0.01969	0.18413	0.02864	0.08222	0.05399	0.03536	0.00195	0.00322	0.00692	0.51217	0.00503
98	0.00675	0.00482	0.00643	0.00771	0.00803	0.00450	0.00514	0.00771	0.01060	0.01414	0.03053	0.80175	0.03663	0.01735	0.00707	0.00225	0.00321	0.01574	0.00514	0.00450
99	0.01045	0.00952	0.01538	0.63317	0.03257	0.01166	0.01374	0.03341	0.01199	0.01577	0.11265	0.01823	0.01352	0.00652	0.00618	0.00185	0.03862	0.00561	0.00304	0.00611
100	0.01046	0.00984	0.01661	0.79205	0.03814	0.01230	0.01538	0.01415	0.01107	0.01415	0.00984	0.01477	0.00738	0.00554	0.00554	0.00185	0.00738	0.00492	0.00246	0.00615
101	0.00674	0.00485	0.00640	0.00763	0.00801	0.00451	0.00511	0.00772	0.01068	0.01417	0.03149	0.77357	0.06418	0.01723	0.00705	0.00223	0.00320	0.01559	0.00514	0.00451
102	0.01318	0.01262	0.02153	0.15664	0.65228	0.01302	0.01674	0.01654	0.01236	0.01746	0.01032	0.01388	0.00855	0.00503	0.00549	0.00168	0.00671	0.00493	0.00270	0.00835
103	0.01297	0.02117	0.41883	0.01926	0.12517	0.01257	0.18635	0.01811	0.01259	0.08118	0.03161	0.01411	0.00935	0.00538	0.00564	0.00176	0.00779	0.00505	0.00298	0.00812
104	0.01225	0.27026	0.54509	0.01383	0.02095	0.01567	0.01706	0.01724	0.01156	0.01614	0.00925	0.01082	0.00704	0.00510	0.00473	0.00158	0.00748	0.00374	0.00235	0.00785
105	0.84448	0.01071	0.00814	0.00728	0.01071	0.01242	0.00600	0.01628	0.00943	0.02485	0.00771	0.00900	0.00600	0.00514	0.00343	0.00171	0.00428	0.00300	0.00343	0.00600
106	0.01380	0.04581	0.02160	0.02763	0.54217	0.05607	0.06719	0.01691	0.01261	0.01760	0.01018	0.01309	0.00851	0.00484	0.00526	0.00152	0.00660	0.00467	0.00281	0.12112
107	0.01196	0.20790	0.60486	0.01434	0.02173	0.01494	0.01794	0.01732	0.01159	0.01650	0.00942	0.01105	0.00704	0.00514	0.00487	0.00162	0.00767	0.00383	0.00235	0.00794

[dist]
# distance from previous block
# <min> <max>
0	1

[block]
# block no. 3 follows, 43 sequences, length 52
# corresponding to MSA columns:
# 284-292,294-336
name=unknown_D
#
# <colnr> <probs for GDERKNQSTAVLIFYWHMCP>
#	G	D	E	R	K	N	Q	S	T	A	V	L	I	F	Y	W	H	M	C	P
0	0.78082	0.01061	0.00851	0.00748	0.01098	0.01209	0.00616	0.01711	0.00992	0.08309	0.00881	0.00976	0.00660	0.00527	0.00359	0.00171	0.00432	0.00320	0.00369	0.00626
1	0.01250	0.00681	0.00898	0.00784	0.00998	0.00621	0.00609	0.01531	0.03384	0.22214	0.55157	0.03488	0.04116	0.01004	0.00625	0.00174	0.00321	0.00874	0.00629	0.00643
2	0.01241	0.21227	0.36143	0.01524	0.10779	0.01417	0.02848	0.01663	0.01168	0.01660	0.00946	0.01127	0.00747	0.00489	0.00470	0.00144	0.00677	0.00382	0.00256	0.15090
3	0.00753	0.00533	0.00671	0.02844	0.00813	0.00517	0.00474	0.00850	0.01057	0.01426	0.15246	0.34099	0.05060	0.31405	0.01491	0.00332	0.00403	0.01145	0.00456	0.00424
4	0.78082	0.01061	0.00851	0.00748	0.01098	0.01209	0.00616	0.01711	0.00992	0.08309	0.00881	0.00976	0.00660	0.00527	0.00359	0.00171	0.00432	0.00320	0.00369	0.00626
5	0.01307	0.01494	0.03268	0.02334	0.02894	0.01401	0.75070	0.01774	0.01307	0.01774	0.01120	0.01494	0.00840	0.00467	0.00654	0.00187	0.00934	0.00654	0.00280	0.00747
6	0.00926	0.00786	0.00977	0.00978	0.01092	0.06754	0.00778	0.01126	0.01007	0.01357	0.01652	0.02744	0.01615	0.03289	0.55708	0.00695	0.04588	0.13084	0.00330	0.00513
7	0.00699	0.00513	0.00657	0.00727	0.00803	0.00470	0.00505	0.00842	0.01211	0.01625	0.21737	0.52090	0.12990	0.01544	0.00687	0.00208	0.00301	0.01382	0.00538	0.00470
8	0.00791	0.00593	0.00890	0.00890	0.00989	0.00692	0.00692	0.00989	0.00890	0.01286	0.01483	0.02176	0.01385	0.04154	0.78341	0.00890	0.01483	0.00593	0.00297	0.00494
9	0.03250	0.16235	0.62894	0.01449	0.02196	0.01441	0.01821	0.01734	0.01156	0.01695	0.00950	0.01114	0.00701	0.00517	0.00492	0.00166	0.00770	0.00387	0.00237	0.00795
10	0.00718	0.00592	0.00638	0.00659	0.00822	0.00534	0.00489	0.00953	0.06456	0.01543	0.04767	0.20063	0.54300	0.01428	0.00663	0.00197	0.00308	0.03858	0.00518	0.00494
11	0.00794	0.00584	0.00841	0.00841	0.00923	0.00666	0.00631	0.00957	0.00876	0.01249	0.01528	0.02425	0.01493	0.17290	0.65353	0.00829	0.01321	0.00630	0.00303	0.00467
12	0.01938	0.02443	0.01862	0.01583	0.01915	0.65085	0.13797	0.02136	0.01524	0.01427	0.00902	0.01084	0.00735	0.00553	0.00526	0.00150	0.00988	0.00408	0.00284	0.00660
13	0.01212	0.01212	0.01696	0.01454	0.01454	0.01696	0.01212	0.01333	0.00848	0.01333	0.00727	0.01212	0.00727	0.00969	0.01818	0.00242	0.79523	0.00485	0.00242	0.00606
14	0.01510	0.76971	0.02836	0.00972	0.01436	0.05985	0.00954	0.01686	0.01147	0.01306	0.00774	0.00894	0.00711	0.00479	0.00363	0.00120	0.00613	0.00299	0.00239	0.00707
15	0.00765	0.00552	0.00725	0.00720	0.00831	0.00511	0.00531	0.00994	0.01460	0.02047	0.60270	0.19138	0.04863	0.01262	0.00667	0.00186	0.00280	0.03102	0.00588	0.00508
16	0.01111	0.02865	0.77667	0.01579	0.02397	0.01286	0.02046	0.01754	0.01169	0.01754	0.00994	0.01169	0.00702	0.00526	0.00526	0.00175	0.00818	0.00409	0.00234	0.00818
17	0.00816	0.00641	0.00942	0.01238	0.13949	0.00617	0.00747	0.00973	0.01136	0.01540	0.06372	0.57251	0.03226	0.01476	0.00681	0.00214	0.00390	0.06780	0.00477	0.00532
18	0.01046	0.00984	0.01661	0.79205	0.03814	0.01230	0.01538	0.01415	0.01107	0.01415	0.00984	0.01477	0.00738	0.00554	0.00554	0.00185	0.00738	0.00492	0.00246	0.00615
19	0.00784	0.00566	0.00740	0.00697	0.00827	0.00523	0.00523	0.01045	0.01568	0.02221	0.76789	0.04137	0.05226	0.01132	0.00653	0.00174	0.00261	0.01002	0.00610	0.00523
20	0.01776	0.01307	0.01444	0.01145	0.01508	0.01432	0.00934	0.56709	0.02293	0.03101	0.14319	0.01878	0.01713	0.01016	0.06613	0.00224	0.00617	0.00592	0.00544	0.00835
21	0.01425	0.01419	0.02195	0.03246	0.71227	0.07297	0.01651	0.01739	0.01285	0.01774	0.01027	0.01342	0.00865	0.00499	0.00544	0.00163	0.00684	0.00483	0.00275	0.00859
22	0.02249	0.01273	0.14421	0.01087	0.01583	0.00895	0.01026	0.02537	0.01514	0.64444	0.01980	0.01762	0.01256	0.00658	0.00552	0.00172	0.00531	0.00532	0.00608	0.00921
23	0.84448	0.01071	0.00814	0.00728	0.01071	0.01242	0.00600	0.01628	0.00943	0.02485	0.00771	0.00900	0.00600	0.00514	0.00343	0.00171	0.00428	0.00300	0.00343	0.00600
24	0.00784	0.00566	0.00740	0.00697	0.00827	0.00523	0.00523	0.01045	0.01568	0.02221	0.76789	0.04137	0.05226	0.01132	0.00653	0.00174	0.00261	0.01002	0.00610	0.00523
25	0.01950	0.02390	0.01515	0.01375	0.01665	0.65081	0.01037	0.02337	0.14384	0.01521	0.01097	0.01182	0.00881	0.00602	0.00510	0.00150	0.00902	0.00403	0.00333	0.00682
26	0.00712	0.00509	0.00686	0.00814	0.00862	0.00482	0.00579	0.00836	0.01097	0.01456	0.03032	0.67461	0.03581	0.01700	0.00717	0.00230	0.00354	0.13919	0.00513	0.00460
27	0.00915	0.00853	0.00802	0.00884	0.00960	0.13841	0.00610	0.01019	0.01148	0.01404	0.02675	0.66558	0.03156	0.01535	0.00671	0.00211	0.00438	0.01365	0.00475	0.00483
28	0.00796	0.00604	0.00747	0.00832	0.00913	0.00609	0.00576	0.01145	0.13963	0.01569	0.02915	0.66742	0.03324	0.01566	0.00682	0.00219	0.00341	0.01411	0.00523	0.00523
29	0.01497	0.01073	0.01185	0.01010	0.01320	0.01150	0.00801	0.20037	0.26424	0.11845	0.02764	0.06457	0.18202	0.00921	0.00619	0.00183	0.02424	0.00750	0.00555	0.00782
30	0.01513	0.01195	0.01944	0.14404	0.49152	0.01220	0.01482	0.01890	0.05022	0.14786	0.01290	0.01510	0.00982	0.00549	0.00551	0.00170	0.00627	0.00511	0.00355	0.00849
31	0.00933	0.00500	0.00750	0.00750	0.00768	0.00517	0.00517	0.00768	0.00750	0.01018	0.01052	0.01768	0.01035	0.02307	0.15266	0.69613	0.00653	0.00500	0.00250	0.00284
32	0.00855	0.00611	0.00849	0.00977	0.01088	0.00605	0.00827	0.01083	0.01238	0.01616	0.02953	0.18961	0.03269	0.01565	0.00755	0.00250	0.00478	0.61009	0.00511	0.00500
33	0.01304	0.01248	0.02128	0.18861	0.62137	0.01298	0.01667	0.01642	0.01230	0.01729	0.01030	0.01392	0.00849	0.00506	0.00549	0.00169	0.00674	0.00493	0.00268	0.00824
34	0.01265	0.35396	0.46487	0.01315	0.01990	0.01664	0.01588	0.01714	0.01151	0.01566	0.00901	0.01052	0.00705	0.00504	0.00455	0.00152	0.00724	0.00362	0.00235	0.00774
35	0.00677	0.00484	0.00645	0.00769	0.00804	0.00452	0.00514	0.00778	0.01072	0.01433	0.04805	0.78367	0.03700	0.01721	0.00706	0.00224	0.00320	0.01561	0.00516	0.00452
36	0.01111	0.02865	0.77667	0.01579	0.02397	0.01286	0.02046	0.01754	0.01169	0.01754	0.00994	0.01169	0.00702	0.00526	0.00526	0.00175	0.00818	0.00409	0.00234	0.00818
37	0.01311	0.01255	0.02141	0.17282	0.63664	0.01300	0.01670	0.01648	0.01233	0.01737	0.01031	0.01390	0.00852	0.00504	0.00549	0.00168	0.00673	0.00493	0.00269	0.00829
38	0.00682	0.00567	0.00623	0.00622	0.00792	0.00508	0.00471	0.00836	0.01208	0.01483	0.07178	0.04749	0.61586	0.01867	0.14015	0.00308	0.00487	0.01065	0.00480	0.00474
39	0.00805	0.00537	0.00604	0.00604	0.00604	0.00537	0.00336	0.00805	0.00805	0.01074	0.01745	0.03624	0.02013	0.80536	0.02819	0.00537	0.00537	0.00805	0.00336	0.00336
40	0.00792	0.00591	0.00876	0.00876	0.00970	0.00685	0.00675	0.00980	0.00886	0.01275	0.01496	0.02248	0.01416	0.07960	0.74578	0.00872	0.01436	0.00604	0.00299	0.00487
41	0.84448	0.01071	0.00814	0.00728	0.01071	0.01242	0.00600	0.01628	0.00943	0.02485	0.00771	0.00900	0.00600	0.00514	0.00343	0.00171	0.00428	0.00300	0.00343	0.00600
42	0.02143	0.02263	0.01528	0.01339	0.01661	0.59035	0.01025	0.07967	0.01653	0.14611	0.01121	0.01177	0.00844	0.00598	0.00514	0.00149	0.00878	0.00402	0.00375	0.00717
43	0.00998	0.00625	0.00727	0.00670	0.00882	0.00538	0.00513	0.01176	0.01377	0.14716	0.20345	0.06915	0.45988	0.01232	0.00639	0.00183	0.00310	0.01041	0.00564	0.00561
44	0.01143	0.00765	0.00941	0.00818	0.01026	0.00751	0.00636	0.13933	0.01747	0.08284	0.58017	0.03479	0.04190	0.01017	0.00629	0.00173	0.00337	0.00881	0.00606	0.00627
45	0.02370	0.00981	0.01385	0.01235	0.09226	0.00866	0.00905	0.02596	0.01552	0.69654	0.02067	0.01832	0.01320	0.00666	0.00556	0.00171	0.00491	0.00550	0.00643	0.00936
46	0.00792	0.00590	0.00874	0.00874	0.00967	0.00683	0.00672	0.00979	0.00885	0.01274	0.01498	0.02258	0.01420	0.08500	0.74044	0.00870	0.01430	0.00605	0.00299	0.00485
47	0.01473	0.72019	0.08662	0.01014	0.01508	0.04838	0.01037	0.01686	0.01145	0.01340	0.00790	0.00914	0.00710	0.00481	0.00374	0.00124	0.00624	0.00307	0.00238	0.00717
48	0.03579	0.16819	0.05435	0.01048	0.01492	0.01271	0.00929	0.09885	0.09777	0.41491	0.01742	0.01599	0.01185	0.00638	0.00512	0.00162	0.00522	0.00495	0.00542	0.00877
49	0.02485	0.00943	0.01285	0.00985	0.01414	0.00814	0.00814	0.02699	0.01585	0.77465	0.02185	0.01885	0.01371	0.00685	0.00557	0.00171	0.00471	0.00557	0.00685	0.00943
50	0.00861	0.00669	0.00810	0.00866	0.01008	0.00672	0.00675	0.01270	0.14078	0.01676	0.04777	0.27702	0.17715	0.01425	0.00689	0.00219	0.00390	0.23428	0.00523	0.00547
51	0.02630	0.00762	0.00980	0.02431	0.04350	0.00748	0.00706	0.09997	0.02636	0.14852	0.08291	0.42892	0.03934	0.01264	0.00640	0.00199	0.00402	0.01118	0.00538	0.00629

[dist]
# distance from previous block
# <min> <max>
0	3

[block]
# block no. 4 follows, 43 sequences, length 26
# corresponding to MSA columns:
# 341-366
name=unknown_E
#
# <colnr> <probs for GDERKNQSTAVLIFYWHMCP>
#	G	D	E	R	K	N	Q	S	T	A	V	L	I	F	Y	W	H	M	C	P
0	0.07875	0.01168	0.01851	0.25318	0.40881	0.01255	0.01468	0.01735	0.04758	0.06768	0.01137	0.01432	0.00886	0.00538	0.00535	0.00173	0.00641	0.00488	0.00312	0.00782
1	0.01405	0.01316	0.02114	0.04332	0.08994	0.04251	0.25032	0.05622	0.01273	0.06762	0.01076	0.01357	0.00850	0.00589	0.00804	0.00171	0.16184	0.00510	0.00322	0.17037
2	0.09910	0.55580	0.08060	0.01036	0.01501	0.10108	0.01011	0.04612	0.01215	0.01547	0.00818	0.00940	0.00708	0.00500	0.00390	0.00132	0.00636	0.00319	0.00265	0.00709
3	0.01310	0.41717	0.35336	0.01344	0.04047	0.01743	0.04296	0.01705	0.01155	0.01531	0.00888	0.01047	0.00716	0.00497	0.00446	0.00147	0.00705	0.00365	0.00238	0.00764
4	0.00692	0.00491	0.00648	0.00767	0.00800	0.00463	0.00513	0.00786	0.01049	0.01397	0.02952	0.72050	0.03525	0.07568	0.00865	0.00249	0.00344	0.03898	0.00501	0.00443
5	0.01413	0.01082	0.01748	0.01324	0.01730	0.00998	0.22897	0.04783	0.07923	0.15383	0.14525	0.04509	0.01856	0.00683	0.00579	0.00162	0.00559	0.00655	0.00461	0.16728
6	0.01731	0.05106	0.06031	0.01487	0.05768	0.49566	0.05974	0.02037	0.06791	0.01509	0.01403	0.01512	0.07447	0.00639	0.00527	0.00155	0.00848	0.00475	0.00320	0.00676
7	0.01358	0.00749	0.01030	0.01014	0.07662	0.00679	0.00709	0.01602	0.01525	0.25672	0.41945	0.03273	0.08566	0.00955	0.00614	0.00173	0.00363	0.00830	0.00598	0.00681
8	0.00667	0.00544	0.00591	0.00617	0.00765	0.00467	0.00448	0.00806	0.01237	0.01525	0.09631	0.21945	0.55913	0.01459	0.00666	0.00195	0.00288	0.01249	0.00520	0.00467
9	0.00954	0.00484	0.00716	0.00716	0.00716	0.00484	0.00474	0.00726	0.00726	0.00968	0.01001	0.01781	0.01015	0.05884	0.02197	0.79687	0.00484	0.00497	0.00245	0.00245
10	0.01075	0.01014	0.01713	0.72488	0.10307	0.01238	0.01552	0.01440	0.01121	0.01450	0.00989	0.01467	0.00751	0.00548	0.00553	0.00183	0.00731	0.00492	0.00249	0.00638
11	0.01978	0.02503	0.01772	0.01535	0.01853	0.69127	0.09908	0.02159	0.01538	0.01405	0.00888	0.01058	0.00729	0.00558	0.00518	0.00148	0.00991	0.00392	0.00285	0.00655
12	0.00725	0.00564	0.00659	0.00635	0.00791	0.00498	0.00476	0.00932	0.01429	0.01892	0.44493	0.04678	0.37727	0.01255	0.00654	0.00180	0.00270	0.01077	0.00566	0.00498
13	0.00777	0.00543	0.00638	0.00646	0.00683	0.00543	0.00403	0.00825	0.00888	0.01174	0.02260	0.08701	0.10981	0.56164	0.12026	0.00519	0.00612	0.00873	0.00364	0.00379
14	0.02008	0.01317	0.01546	0.10503	0.01871	0.01423	0.01041	0.48420	0.02155	0.18802	0.01531	0.04289	0.01106	0.00694	0.00560	0.00172	0.00585	0.00549	0.00544	0.00885
15	0.01428	0.44500	0.28533	0.01204	0.01793	0.01823	0.01339	0.10479	0.01317	0.01720	0.00914	0.01038	0.00735	0.00515	0.00438	0.00144	0.00672	0.00359	0.00274	0.00775
16	0.01332	0.54801	0.18463	0.01090	0.01595	0.01815	0.01173	0.01618	0.01152	0.01441	0.01076	0.01588	0.01005	0.00611	0.00440	0.00147	0.00630	0.09046	0.00269	0.00710
17	0.74456	0.01011	0.00805	0.00725	0.01042	0.01156	0.00591	0.01558	0.01017	0.02453	0.09850	0.01286	0.01152	0.00588	0.00380	0.00172	0.00408	0.00384	0.00375	0.00591
18	0.04258	0.01382	0.06435	0.01193	0.03515	0.01364	0.00986	0.35446	0.17418	0.02706	0.05359	0.03279	0.02906	0.00695	0.00540	0.00163	0.00529	0.00554	0.00495	0.10777
19	0.04917	0.04580	0.10374	0.01336	0.01832	0.01404	0.11995	0.29756	0.08274	0.04930	0.01270	0.01355	0.00937	0.00574	0.00527	0.00157	0.00622	0.00481	0.00425	0.14254
20	0.01184	0.01117	0.06752	0.09938	0.10958	0.02514	0.03503	0.01763	0.18354	0.06698	0.04735	0.05497	0.15748	0.00886	0.00597	0.00186	0.00521	0.06297	0.00444	0.02309
21	0.01087	0.01219	0.13162	0.10322	0.01732	0.00871	0.00997	0.02891	0.01185	0.01741	0.01390	0.06643	0.02574	0.00657	0.00505	0.00138	0.00519	0.07386	0.00340	0.44639
22	0.11555	0.35266	0.01980	0.01082	0.01447	0.25364	0.00920	0.06404	0.02922	0.01626	0.01014	0.06215	0.00929	0.00610	0.00438	0.00144	0.00678	0.00419	0.00310	0.00677
23	0.08845	0.19315	0.08338	0.01082	0.01533	0.09359	0.00981	0.13576	0.01521	0.21412	0.02747	0.01332	0.01002	0.00585	0.00477	0.00150	0.00593	0.00427	0.00429	0.06294
24	0.02109	0.02589	0.03741	0.01036	0.01439	0.00995	0.00867	0.07206	0.14864	0.51681	0.02122	0.05784	0.01482	0.00740	0.00561	0.00176	0.00480	0.00607	0.00624	0.00898
25	0.07489	0.07923	0.01378	0.00982	0.01351	0.01022	0.00820	0.04821	0.01405	0.47836	0.01741	0.01690	0.01198	0.01075	0.09874	0.00253	0.04585	0.00508	0.00539	0.03508

[dist]
# distance from previous block
# <min> <max>
5	13

[block]
# block no. 5 follows, 43 sequences, length 31
# corresponding to MSA columns:
# 381-411
name=unknown_F
#
# <colnr> <probs for GDERKNQSTAVLIFYWHMCP>
#	G	D	E	R	K	N	Q	S	T	A	V	L	I	F	Y	W	H	M	C	P
0	0.02114	0.01108	0.01521	0.01526	0.17225	0.01066	0.01026	0.12600	0.05329	0.46030	0.01822	0.01713	0.01225	0.00645	0.00551	0.00169	0.00523	0.00538	0.02351	0.00916
1	0.18576	0.00999	0.01450	0.55643	0.03021	0.01195	0.01276	0.01578	0.01117	0.08630	0.01050	0.01394	0.00768	0.00558	0.00510	0.00181	0.00649	0.00458	0.00307	0.00642
2	0.00790	0.00588	0.00859	0.00850	0.00955	0.00657	0.00657	0.01001	0.01031	0.01481	0.17192	0.02585	0.02186	0.03523	0.62136	0.00741	0.01229	0.00679	0.00362	0.00500
3	0.01236	0.01208	0.16956	0.00994	0.01350	0.00864	0.00943	0.01769	0.13110	0.15190	0.34157	0.02841	0.05298	0.00877	0.00596	0.00176	0.00442	0.00747	0.00534	0.00711
4	0.01013	0.00890	0.01446	0.59148	0.03107	0.01073	0.01349	0.01353	0.01145	0.01497	0.01430	0.02500	0.01282	0.00762	0.00590	0.00197	0.00668	0.15692	0.04272	0.00589
5	0.01054	0.01000	0.01711	0.76822	0.03786	0.01236	0.03818	0.01426	0.01114	0.01426	0.00989	0.01477	0.00741	0.00551	0.00557	0.00185	0.00744	0.00497	0.00247	0.00619
6	0.01132	0.02520	0.61819	0.01553	0.02200	0.01372	0.01872	0.01666	0.01102	0.01666	0.00938	0.01178	0.00707	0.00619	0.00796	0.00189	0.17236	0.00425	0.00236	0.00774
7	0.01267	0.00814	0.02474	0.00851	0.01082	0.00758	0.00673	0.12788	0.01614	0.15036	0.32873	0.15047	0.07787	0.01067	0.00619	0.00180	0.00372	0.00920	0.03128	0.00650
8	0.08539	0.01173	0.01236	0.01070	0.01352	0.06927	0.00842	0.17411	0.14093	0.16030	0.01876	0.17933	0.01653	0.00908	0.00656	0.00187	0.06121	0.00727	0.00512	0.00754
9	0.01510	0.00773	0.00863	0.00737	0.00980	0.00773	0.00584	0.13593	0.01484	0.18025	0.01808	0.01908	0.01332	0.00657	0.00450	0.00144	0.00360	0.00522	0.52825	0.00674
10	0.00752	0.00537	0.00727	0.00852	0.00916	0.00516	0.00639	0.00901	0.01128	0.01489	0.02981	0.53068	0.03461	0.03515	0.00776	0.00243	0.00391	0.26131	0.00509	0.00468
11	0.01933	0.01625	0.08601	0.01282	0.01743	0.01629	0.01121	0.61578	0.08146	0.03204	0.01400	0.02740	0.01025	0.00677	0.00555	0.00170	0.00610	0.00519	0.00525	0.00917
12	0.00722	0.00516	0.00685	0.00773	0.00834	0.00485	0.00545	0.00864	0.01178	0.01594	0.18382	0.55138	0.03894	0.04039	0.00767	0.00227	0.00333	0.08031	0.00528	0.00467
13	0.01231	0.01042	0.01125	0.01053	0.01307	0.01184	0.00801	0.02490	0.60432	0.02128	0.02421	0.18360	0.02102	0.00957	0.00593	0.00196	0.00414	0.00824	0.00553	0.00788
14	0.01357	0.60857	0.05556	0.00927	0.01316	0.01797	0.00896	0.01467	0.01043	0.01251	0.00819	0.01066	0.00763	0.00779	0.00740	0.17595	0.00578	0.00339	0.00238	0.00617
15	0.01554	0.01592	0.01952	0.05444	0.47423	0.18609	0.01441	0.08528	0.01448	0.01835	0.01210	0.01448	0.03924	0.00566	0.00542	0.00161	0.00718	0.00491	0.00311	0.00804
16	0.01083	0.15751	0.43877	0.01311	0.04879	0.01256	0.01469	0.01519	0.01194	0.01635	0.03620	0.02063	0.16698	0.00712	0.00527	0.00168	0.00648	0.00565	0.00303	0.00722
17	0.01952	0.01013	0.02480	0.01021	0.01376	0.00979	0.00844	0.17065	0.02915	0.41025	0.03087	0.01866	0.01347	0.01410	0.16780	0.00320	0.00707	0.00558	0.02426	0.00829
18	0.00774	0.00567	0.00684	0.00732	0.00827	0.00537	0.00543	0.00905	0.01118	0.01433	0.06080	0.13221	0.22791	0.25248	0.01342	0.00315	0.00426	0.21554	0.00463	0.00440
19	0.00802	0.00552	0.00638	0.00659	0.00678	0.00553	0.00394	0.00885	0.03911	0.01193	0.02030	0.19024	0.02334	0.61381	0.02301	0.00460	0.00489	0.00953	0.00381	0.00381
20	0.02084	0.01642	0.01643	0.01285	0.01710	0.08751	0.01050	0.66729	0.04330	0.03265	0.01309	0.01318	0.00939	0.00658	0.00549	0.00165	0.00641	0.00489	0.00530	0.00913
21	0.67064	0.01445	0.16845	0.00906	0.01348	0.01252	0.00902	0.01654	0.00990	0.02332	0.00818	0.00956	0.00621	0.00517	0.00381	0.00172	0.00510	0.00323	0.00320	0.00645
22	0.02069	0.02640	0.01569	0.01427	0.01712	0.78313	0.01070	0.02212	0.01569	0.01355	0.00856	0.00999	0.00713	0.00571	0.00499	0.00143	0.00999	0.00357	0.00285	0.00642
23	0.00876	0.00680	0.00828	0.00777	0.00795	0.00772	0.00526	0.00914	0.00856	0.01167	0.01888	0.03278	0.08626	0.56663	0.02411	0.00443	0.16990	0.00772	0.00333	0.00404
24	0.18531	0.00951	0.01219	0.01471	0.17424	0.01003	0.00984	0.05455	0.05888	0.03255	0.01945	0.08652	0.01943	0.01002	0.00599	0.00206	0.00512	0.27873	0.00433	0.00656
25	0.00774	0.00542	0.00595	0.00595	0.00634	0.00522	0.00353	0.00803	0.00901	0.01162	0.02551	0.03980	0.17626	0.64029	0.02367	0.00464	0.00483	0.00881	0.00373	0.00363
26	0.01265	0.01080	0.01232	0.01113	0.01357	0.01276	0.00875	0.04915	0.50910	0.02052	0.01921	0.01985	0.01512	0.01478	0.16903	0.00339	0.07933	0.00602	0.00478	0.00774
27	0.01448	0.08441	0.01468	0.01046	0.01405	0.01219	0.03895	0.27375	0.06203	0.03534	0.17132	0.07057	0.02018	0.00769	0.00547	0.00155	0.00484	0.00642	0.00487	0.14675
28	0.01134	0.07973	0.00985	0.00824	0.00980	0.00691	0.00609	0.01261	0.01175	0.17269	0.03978	0.51957	0.02874	0.04666	0.00730	0.00216	0.00385	0.01202	0.00519	0.00573
