[name]
unknown

[dist]
# distance from previous block
# <min> <max>
14	82

[block]
# block no. 0 follows, 51 sequences, length 6
# corresponding to MSA columns:
# 130-135
name=unknown_A
#
# <colnr> <probs for GDERKNQSTAVLIFYWHMCP>
#	G	D	E	R	K	N	Q	S	T	A	V	L	I	F	Y	W	H	M	C	P
0	0.03956	0.01023	0.01184	0.10585	0.09066	0.09119	0.03085	0.14068	0.04162	0.04554	0.03686	0.09873	0.06740	0.04241	0.04221	0.00193	0.00541	0.00592	0.04794	0.04318
1	0.01127	0.03574	0.01148	0.21997	0.01645	0.04520	0.00835	0.07056	0.01098	0.10360	0.04078	0.10231	0.01341	0.11990	0.06241	0.00244	0.06137	0.00585	0.00339	0.05455
2	0.09371	0.03602	0.01302	0.24739	0.13564	0.04661	0.00986	0.05910	0.04469	0.01572	0.03890	0.04930	0.03117	0.05751	0.00651	0.00175	0.04691	0.00499	0.02628	0.03490
3	0.00998	0.00814	0.03289	0.13638	0.01335	0.04232	0.02784	0.07024	0.01108	0.06496	0.09952	0.13655	0.04840	0.20665	0.01044	0.00240	0.03304	0.00713	0.03372	0.00498
4	0.01258	0.01205	0.08030	0.20289	0.01869	0.06188	0.02596	0.19881	0.05896	0.04147	0.04409	0.05594	0.01102	0.02921	0.00568	0.00158	0.02513	0.00495	0.00350	0.10528
5	0.01123	0.00883	0.01221	0.21146	0.12341	0.00949	0.00942	0.08658	0.13233	0.07511	0.06280	0.13396	0.04923	0.00738	0.00515	0.00160	0.00466	0.00646	0.00387	0.04481

[dist]
# distance from previous block
# <min> <max>
8	45

[block]
# block no. 1 follows, 51 sequences, length 16
# corresponding to MSA columns:
# 181-196
name=unknown_B
#
# <colnr> <probs for GDERKNQSTAVLIFYWHMCP>
#	G	D	E	R	K	N	Q	S	T	A	V	L	I	F	Y	W	H	M	C	P
0	0.02665	0.02497	0.07965	0.02972	0.08449	0.01031	0.17403	0.06157	0.13942	0.16521	0.01638	0.05698	0.05757	0.00615	0.00510	0.00156	0.00534	0.00564	0.00392	0.04534
1	0.08889	0.07057	0.06614	0.01834	0.01294	0.00991	0.02316	0.10692	0.09776	0.13068	0.04642	0.05322	0.02164	0.00577	0.00442	0.00132	0.00435	0.00464	0.00392	0.22899
2	0.01381	0.07042	0.08880	0.01250	0.08233	0.22636	0.02507	0.09104	0.16271	0.04432	0.01517	0.07208	0.06127	0.00653	0.00483	0.00149	0.00590	0.00521	0.00356	0.00662
3	0.01422	0.01206	0.09684	0.11098	0.14845	0.01078	0.08954	0.17399	0.01403	0.16655	0.04999	0.03998	0.01102	0.00568	0.00502	0.00152	0.00558	0.00504	0.00380	0.03493
4	0.11224	0.10618	0.33129	0.01129	0.03772	0.01088	0.02699	0.01721	0.01106	0.21306	0.01105	0.01151	0.00777	0.00487	0.00434	0.00143	0.00559	0.00375	0.00328	0.06852
5	0.00953	0.00609	0.00773	0.00682	0.00871	0.00554	0.00524	0.01233	0.05566	0.12564	0.52956	0.05555	0.05850	0.00899	0.00546	0.00149	0.00280	0.00784	0.00520	0.08132
6	0.01351	0.03173	0.34615	0.05638	0.03872	0.01047	0.01248	0.04300	0.13131	0.21197	0.04568	0.01446	0.01084	0.00559	0.00483	0.00155	0.00560	0.00454	0.00377	0.00744
7	0.01258	0.12931	0.47350	0.04918	0.06655	0.01174	0.01451	0.01678	0.01100	0.15449	0.01045	0.01140	0.00740	0.00485	0.00454	0.00148	0.00632	0.00381	0.00282	0.00728
8	0.06033	0.01244	0.01362	0.01064	0.01419	0.03799	0.00876	0.49647	0.01901	0.20233	0.01278	0.01256	0.00888	0.00603	0.00557	0.00153	0.05973	0.00441	0.00483	0.00793
9	0.00664	0.00491	0.00620	0.00608	0.00720	0.00447	0.00448	0.00859	0.01287	0.01771	0.57191	0.14598	0.16244	0.01116	0.00586	0.00163	0.00242	0.00982	0.00516	0.00447
10	0.01421	0.08569	0.08842	0.07972	0.31574	0.04730	0.03034	0.09020	0.01262	0.14841	0.01134	0.03488	0.00882	0.00520	0.00476	0.00147	0.00576	0.00450	0.00327	0.00735
11	0.00892	0.00604	0.00752	0.00702	0.00859	0.00586	0.00535	0.01261	0.11910	0.08836	0.49722	0.09586	0.07434	0.00989	0.00568	0.00162	0.00282	0.03261	0.00528	0.00532
12	0.00599	0.00428	0.00570	0.00684	0.00713	0.00399	0.00456	0.00684	0.00941	0.01254	0.02709	0.82409	0.03250	0.01540	0.00627	0.00200	0.00285	0.01397	0.00456	0.00399
13	0.01177	0.01127	0.01924	0.13748	0.69240	0.01157	0.01489	0.01474	0.01100	0.01558	0.00917	0.01229	0.00762	0.00445	0.00487	0.00148	0.00594	0.00438	0.00240	0.00747
14	0.01459	0.07469	0.09209	0.11717	0.05702	0.20992	0.01022	0.06723	0.10101	0.12896	0.01269	0.07087	0.01027	0.00604	0.00475	0.00149	0.00608	0.00478	0.00350	0.00664
15	0.09695	0.00846	0.01103	0.00854	0.01227	0.00756	0.00705	0.02310	0.01356	0.73067	0.01827	0.01595	0.01155	0.00595	0.00477	0.00152	0.00415	0.00474	0.00581	0.00809

[dist]
# distance from previous block
# <min> <max>
0	1

[block]
# block no. 2 follows, 51 sequences, length 23
# corresponding to MSA columns:
# 198-220
name=unknown_C
#
# <colnr> <probs for GDERKNQSTAVLIFYWHMCP>
#	G	D	E	R	K	N	Q	S	T	A	V	L	I	F	Y	W	H	M	C	P
0	0.02134	0.00852	0.01138	0.00883	0.01256	0.00759	0.00726	0.02411	0.07025	0.74343	0.01943	0.01684	0.01237	0.00612	0.00495	0.00153	0.00416	0.00499	0.00600	0.00832
1	0.01252	0.01184	0.01996	0.05132	0.67127	0.01196	0.06038	0.07061	0.01204	0.01702	0.00946	0.01223	0.00777	0.00449	0.00493	0.00148	0.00597	0.00447	0.00261	0.00769
2	0.01225	0.01043	0.01116	0.00960	0.01273	0.01141	0.00753	0.06792	0.60735	0.02038	0.01756	0.01653	0.01327	0.00609	0.00476	0.00149	0.00393	0.00503	0.00463	0.15595
3	0.15822	0.00912	0.01388	0.60709	0.09499	0.01100	0.01232	0.01310	0.00969	0.01451	0.00845	0.01213	0.00644	0.00481	0.00458	0.00160	0.00601	0.00407	0.00235	0.00563
4	0.01322	0.01134	0.01853	0.08566	0.54983	0.01154	0.04870	0.09324	0.01242	0.07407	0.01022	0.01264	0.00807	0.00496	0.00523	0.01959	0.00581	0.00449	0.00293	0.00753
5	0.00687	0.00502	0.00645	0.00609	0.00729	0.00460	0.00457	0.00910	0.01370	0.01921	0.73704	0.03752	0.10368	0.01023	0.00580	0.00155	0.00233	0.00900	0.00534	0.00460
6	0.01259	0.02606	0.06796	0.06823	0.06122	0.00818	0.00823	0.04294	0.01143	0.15191	0.02172	0.01205	0.00860	0.00446	0.00417	0.00108	0.00441	0.00364	0.00341	0.47772
7	0.10371	0.00920	0.02278	0.00924	0.04018	0.00828	0.00731	0.06754	0.03596	0.45930	0.02955	0.02455	0.01115	0.00564	0.00456	0.00140	0.00418	0.00451	0.00493	0.14603
8	0.04998	0.09344	0.19518	0.01108	0.04594	0.02852	0.01033	0.17586	0.06741	0.08926	0.01086	0.01145	0.00806	0.00493	0.00435	0.00132	0.00527	0.00378	0.00347	0.17952
9	0.01142	0.06666	0.61549	0.01433	0.06813	0.01148	0.03337	0.01632	0.01080	0.09285	0.00981	0.01104	0.00694	0.00475	0.00465	0.00152	0.00678	0.00380	0.00250	0.00734
10	0.00660	0.00502	0.00610	0.00598	0.00727	0.00452	0.00454	0.00852	0.01271	0.01705	0.47775	0.06867	0.28974	0.01123	0.00588	0.00164	0.00253	0.05476	0.00505	0.00445
11	0.00680	0.00484	0.00611	0.00692	0.00742	0.00471	0.00472	0.02410	0.04281	0.01330	0.02501	0.65157	0.02910	0.08400	0.00770	0.00218	0.00314	0.03389	0.03748	0.00420
12	0.01907	0.03068	0.01540	0.01135	0.01537	0.01161	0.10580	0.34737	0.01754	0.35203	0.01464	0.01396	0.00980	0.00571	0.00500	0.00151	0.00525	0.00477	0.00503	0.00809
13	0.02205	0.00836	0.01140	0.00874	0.01254	0.00722	0.00722	0.02395	0.01407	0.80004	0.01939	0.01673	0.01216	0.00608	0.00494	0.00152	0.00418	0.00494	0.00608	0.00836
14	0.00649	0.00460	0.00578	0.00653	0.00692	0.00438	0.00441	0.00728	0.00910	0.01198	0.02536	0.47339	0.08123	0.23878	0.01146	0.00276	0.00352	0.08811	0.00412	0.00378
15	0.02671	0.00990	0.02641	0.11048	0.04686	0.01015	0.00862	0.28337	0.01584	0.18165	0.10486	0.06616	0.04828	0.00794	0.02872	0.00174	0.00492	0.00584	0.00459	0.00693
16	0.01032	0.01008	0.14470	0.01028	0.07834	0.00753	0.00847	0.02360	0.08833	0.11003	0.35173	0.04184	0.05378	0.00819	0.00573	0.02581	0.00395	0.00679	0.00448	0.00604
17	0.00604	0.00483	0.00542	0.00569	0.00694	0.00421	0.00416	0.00734	0.01107	0.01387	0.12871	0.23760	0.49959	0.01293	0.00595	0.00175	0.00262	0.03244	0.00466	0.00418
18	0.01045	0.02185	0.59902	0.01820	0.22239	0.01148	0.01736	0.01544	0.01059	0.01569	0.00893	0.01084	0.00663	0.00459	0.00472	0.00153	0.00689	0.00383	0.00217	0.00740
19	0.01208	0.01178	0.01923	0.10798	0.69430	0.03827	0.01475	0.01498	0.01115	0.01557	0.00914	0.01215	0.00761	0.00445	0.00486	0.00147	0.00601	0.00434	0.00241	0.00748
20	0.05391	0.00902	0.02902	0.00980	0.04871	0.00779	0.00778	0.03484	0.01377	0.70452	0.01808	0.01596	0.01151	0.00591	0.00486	0.00152	0.00433	0.00479	0.00569	0.00819
21	0.01266	0.01176	0.01904	0.07461	0.68897	0.03882	0.01444	0.01550	0.01134	0.05176	0.00962	0.01231	0.00786	0.00451	0.00486	0.00147	0.00591	0.00436	0.00259	0.00760
22	0.00752	0.00505	0.00639	0.00653	0.00762	0.00453	0.00465	0.00887	0.01098	0.06784	0.21003	0.41253	0.13270	0.04411	0.00662	0.00186	0.00288	0.01091	0.00473	0.04366

[dist]
# distance from previous block
# <min> <max>
0	1

[block]
# block no. 3 follows, 51 sequences, length 8
# corresponding to MSA columns:
# 222,223,225-230
name=unknown_D
#
# <colnr> <probs for GDERKNQSTAVLIFYWHMCP>
#	G	D	E	R	K	N	Q	S	T	A	V	L	I	F	Y	W	H	M	C	P
0	0.01240	0.00956	0.01154	0.10221	0.01488	0.00896	0.00757	0.13310	0.08412	0.07767	0.01117	0.01226	0.00857	0.00547	0.02515	0.00128	0.00456	0.00377	0.00356	0.46218
1	0.01590	0.07802	0.18778	0.01159	0.01620	0.01452	0.01110	0.50489	0.06980	0.02544	0.01131	0.01162	0.00817	0.00555	0.00473	0.00147	0.00570	0.00419	0.00409	0.00792
2	0.13921	0.16953	0.03095	0.03493	0.06736	0.12048	0.03852	0.05082	0.06932	0.05352	0.01193	0.01288	0.05575	0.00541	0.00468	0.00137	0.04004	0.00401	0.00310	0.08619
3	0.00782	0.05530	0.00715	0.00609	0.00644	0.00571	0.00398	0.00763	0.00723	0.00964	0.01306	0.02515	0.01433	0.49571	0.11329	0.20400	0.00565	0.00598	0.00269	0.00315
4	0.00847	0.00654	0.07047	0.00732	0.00857	0.00511	0.00568	0.00976	0.00971	0.10406	0.02248	0.50993	0.02496	0.13940	0.00879	0.00230	0.00364	0.01066	0.03750	0.00463
5	0.03505	0.06187	0.30071	0.01199	0.01710	0.03944	0.05478	0.19733	0.01435	0.20227	0.01185	0.01211	0.00817	0.00524	0.00472	0.00150	0.00603	0.00415	0.00374	0.00759
6	0.01177	0.01053	0.01035	0.00931	0.01184	0.07480	0.00723	0.07934	0.48111	0.01881	0.02306	0.02213	0.14814	0.00946	0.05786	0.00203	0.00478	0.00609	0.00456	0.00681
7	0.00595	0.00444	0.00553	0.00641	0.00701	0.00403	0.00437	0.00689	0.00983	0.01272	0.03241	0.64175	0.21140	0.01470	0.00616	0.00192	0.00277	0.01313	0.00456	0.00403

[dist]
# distance from previous block
# <min> <max>
2	6

[block]
# block no. 4 follows, 51 sequences, length 13
# corresponding to MSA columns:
# 237-249
name=unknown_E
#
# <colnr> <probs for GDERKNQSTAVLIFYWHMCP>
#	G	D	E	R	K	N	Q	S	T	A	V	L	I	F	Y	W	H	M	C	P
0	0.01016	0.01046	0.09204	0.00797	0.01264	0.00705	0.00710	0.01270	0.01021	0.01597	0.00874	0.01021	0.00717	0.00375	0.00375	0.00081	0.00401	0.00299	0.00283	0.76944
1	0.70992	0.00937	0.00809	0.06728	0.01155	0.01055	0.00600	0.01409	0.00866	0.02071	0.00718	0.00860	0.00562	0.00449	0.00324	0.00145	0.00399	0.00282	0.00296	0.09343
2	0.01121	0.00983	0.01394	0.55365	0.02711	0.05187	0.01195	0.01569	0.12266	0.07276	0.01098	0.01379	0.00818	0.00546	0.00551	0.00164	0.05033	0.00452	0.00290	0.00602
3	0.01117	0.00925	0.01071	0.12788	0.01465	0.01084	0.00804	0.02076	0.49407	0.01851	0.01691	0.01715	0.01287	0.00635	0.00532	0.00160	0.04837	0.00514	0.15367	0.00674
4	0.00858	0.00429	0.00627	0.00627	0.00635	0.00429	0.00421	0.00677	0.00668	0.00924	0.00908	0.01518	0.00883	0.01625	0.01807	0.79518	0.00413	0.00429	0.06373	0.00231
5	0.00815	0.00629	0.00932	0.18593	0.01517	0.00674	0.00894	0.01064	0.01117	0.01460	0.07772	0.04478	0.02482	0.01142	0.00630	0.00207	0.00481	0.54231	0.00407	0.00474
6	0.00599	0.00428	0.00570	0.00684	0.00713	0.00399	0.00456	0.00684	0.00941	0.01254	0.02709	0.82409	0.03250	0.01540	0.00627	0.00200	0.00285	0.01397	0.00456	0.00399
7	0.00626	0.00500	0.00560	0.00545	0.00691	0.00434	0.00409	0.00793	0.01227	0.01581	0.34258	0.04313	0.50027	0.01150	0.00580	0.00161	0.00242	0.00979	0.00490	0.00434
8	0.00713	0.00484	0.00573	0.00573	0.00585	0.00496	0.00344	0.00738	0.00726	0.00980	0.01515	0.03030	0.01706	0.71305	0.13815	0.00522	0.00598	0.00687	0.00293	0.00318
9	0.01222	0.01056	0.01111	0.01000	0.01278	0.01222	0.00778	0.02611	0.78776	0.02056	0.02000	0.01833	0.01500	0.00667	0.00500	0.00167	0.00389	0.00556	0.00500	0.00778
10	0.01870	0.00879	0.01116	0.00879	0.01215	0.00829	0.00717	0.14927	0.03809	0.51867	0.14603	0.01924	0.01725	0.00672	0.00508	0.00152	0.00407	0.00552	0.00574	0.00773
11	0.17591	0.10573	0.24827	0.01373	0.07886	0.01235	0.14948	0.07028	0.01113	0.01759	0.00866	0.01039	0.00663	0.00449	0.00435	0.00144	0.00605	0.00379	0.00263	0.06822
12	0.27601	0.03902	0.01454	0.01708	0.32809	0.02915	0.01017	0.11501	0.01218	0.10066	0.00977	0.01108	0.00747	0.00482	0.00425	0.00147	0.00503	0.00383	0.00331	0.00706

[dist]
# distance from previous block
# <min> <max>
0	10

[block]
# block no. 5 follows, 51 sequences, length 19
# corresponding to MSA columns:
# 264-282
name=unknown_F
#
# <colnr> <probs for GDERKNQSTAVLIFYWHMCP>
#	G	D	E	R	K	N	Q	S	T	A	V	L	I	F	Y	W	H	M	C	P
0	0.24381	0.01095	0.02719	0.11130	0.29614	0.03002	0.07134	0.03345	0.01068	0.01767	0.03950	0.01193	0.00838	0.00470	0.00439	0.00146	0.00535	0.00406	0.00278	0.06489
1	0.15134	0.00772	0.03950	0.00883	0.05106	0.00727	0.00644	0.08260	0.01099	0.06445	0.03382	0.41586	0.02087	0.02384	0.01839	0.00187	0.00388	0.00896	0.00412	0.03821
2	0.30573	0.06403	0.14886	0.01506	0.22823	0.05003	0.02244	0.02779	0.02205	0.01788	0.00830	0.00999	0.00659	0.00453	0.00403	0.00143	0.00537	0.00345	0.00267	0.05153
3	0.34076	0.02737	0.01385	0.07849	0.22876	0.01169	0.04147	0.11340	0.01172	0.07604	0.00931	0.01087	0.00708	0.00480	0.00418	0.00150	0.00503	0.00379	0.00322	0.00669
4	0.86201	0.00950	0.00722	0.00646	0.00950	0.01102	0.00532	0.01445	0.00836	0.02205	0.00684	0.00798	0.00532	0.00456	0.00304	0.00152	0.00380	0.00266	0.00304	0.00532
5	0.07330	0.01019	0.01448	0.28932	0.12317	0.01129	0.05473	0.14706	0.08642	0.06594	0.01380	0.01546	0.06222	0.00570	0.00490	0.00158	0.00549	0.00490	0.00343	0.00663
6	0.00704	0.00519	0.00754	0.00754	0.00830	0.00595	0.00570	0.00855	0.00779	0.01114	0.01349	0.02111	0.01307	0.14771	0.69803	0.00746	0.01199	0.00553	0.00268	0.00419
7	0.00703	0.00476	0.00535	0.00540	0.00550	0.00470	0.00308	0.00713	0.00745	0.00984	0.01774	0.06358	0.05947	0.75286	0.02327	0.00449	0.00457	0.00758	0.00312	0.00308
8	0.01019	0.00873	0.01019	0.00728	0.01165	0.00655	0.00582	0.01237	0.01019	0.01601	0.00873	0.01019	0.00728	0.00364	0.00364	0.00073	0.00364	0.00291	0.00291	0.85734
9	0.00625	0.00475	0.00559	0.00585	0.00682	0.00427	0.00412	0.00749	0.01087	0.01413	0.20594	0.28143	0.32027	0.09009	0.00777	0.00203	0.00278	0.01084	0.00460	0.00410
10	0.01318	0.01047	0.01129	0.00980	0.01283	0.01166	0.00770	0.07106	0.63230	0.07670	0.01868	0.01726	0.01386	0.00637	0.00490	0.00158	0.00399	0.00526	0.00493	0.06616
11	0.02205	0.00836	0.01140	0.00874	0.01254	0.00722	0.00722	0.02395	0.01407	0.80004	0.01939	0.01673	0.01216	0.00608	0.00494	0.00152	0.00418	0.00494	0.00608	0.00836
12	0.00705	0.00496	0.00604	0.00577	0.00701	0.00455	0.00432	0.00919	0.01297	0.01844	0.56499	0.03606	0.16840	0.00988	0.00548	0.00151	0.00234	0.00857	0.11793	0.00455
13	0.01160	0.01326	0.02900	0.02071	0.02568	0.01243	0.77879	0.01574	0.01160	0.01574	0.00994	0.01326	0.00746	0.00414	0.00580	0.00166	0.00829	0.00580	0.00249	0.00663
14	0.01087	0.01101	0.01709	0.47694	0.18406	0.07363	0.08602	0.01388	0.01047	0.01348	0.00874	0.01247	0.00686	0.00494	0.00554	0.00160	0.04964	0.00441	0.00229	0.00605
15	0.00713	0.00481	0.00560	0.00560	0.00568	0.00490	0.00328	0.00730	0.00722	0.00971	0.01526	0.03094	0.01734	0.75233	0.09925	0.00506	0.00556	0.00697	0.00294	0.00311
16	0.01363	0.75373	0.02463	0.00881	0.01286	0.09419	0.00851	0.01518	0.01036	0.01161	0.00690	0.00798	0.00631	0.00429	0.00327	0.00107	0.00560	0.00268	0.00214	0.00625
17	0.02030	0.05866	0.01219	0.00867	0.01250	0.00812	0.00722	0.02268	0.04405	0.66736	0.01791	0.01580	0.01158	0.00582	0.00475	0.00144	0.00420	0.00469	0.00558	0.06648
18	0.01705	0.00964	0.03140	0.00997	0.01346	0.00907	0.06748	0.07616	0.17530	0.41984	0.10059	0.01842	0.01562	0.00643	0.00510	0.00156	0.00440	0.00549	0.00533	0.00768

[dist]
# distance from previous block
# <min> <max>
0	9

[block]
# block no. 6 follows, 51 sequences, length 24
# corresponding to MSA columns:
# 292-315
name=unknown_G
#
# <colnr> <probs for GDERKNQSTAVLIFYWHMCP>
#	G	D	E	R	K	N	Q	S	T	A	V	L	I	F	Y	W	H	M	C	P
0	0.10799	0.06116	0.01412	0.52969	0.04797	0.01141	0.01145	0.06710	0.02464	0.01513	0.00993	0.06053	0.00826	0.00554	0.00467	0.00159	0.00578	0.00466	0.00267	0.00572
1	0.00606	0.00489	0.00510	0.00518	0.00644	0.00425	0.00366	0.00705	0.01035	0.01256	0.04205	0.09989	0.60196	0.15788	0.00926	0.00224	0.00292	0.01005	0.00428	0.00393
2	0.00998	0.02456	0.74726	0.01448	0.02158	0.01148	0.07187	0.01558	0.01046	0.01558	0.00890	0.01058	0.00631	0.00463	0.00475	0.00156	0.00733	0.00378	0.00210	0.00722
3	0.01836	0.02342	0.01393	0.01266	0.01519	0.80756	0.00950	0.01962	0.01393	0.01203	0.00760	0.00886	0.00633	0.00506	0.00443	0.00127	0.00886	0.00317	0.00253	0.00570
4	0.86201	0.00950	0.00722	0.00646	0.00950	0.01102	0.00532	0.01445	0.00836	0.02205	0.00684	0.00798	0.00532	0.00456	0.00304	0.00152	0.00380	0.00266	0.00304	0.00532
5	0.00704	0.00503	0.00640	0.00613	0.00734	0.00458	0.00457	0.00911	0.01325	0.03372	0.62935	0.09327	0.14053	0.01065	0.00581	0.00159	0.00241	0.00936	0.00525	0.00460
6	0.00705	0.00513	0.00722	0.00722	0.00787	0.00578	0.00530	0.00834	0.00770	0.01091	0.01378	0.02272	0.01377	0.24702	0.59969	0.00706	0.01093	0.00577	0.00272	0.00401
7	0.00615	0.00435	0.00565	0.00663	0.00688	0.00410	0.00434	0.00689	0.00909	0.01212	0.02545	0.71251	0.03044	0.12979	0.00891	0.00239	0.00312	0.01301	0.00434	0.00385
8	0.75045	0.00940	0.00821	0.11230	0.01269	0.01101	0.00641	0.01420	0.00855	0.02081	0.00709	0.00865	0.00548	0.00461	0.00329	0.00154	0.00416	0.00288	0.00293	0.00534
9	0.04331	0.00960	0.01226	0.00887	0.01321	0.00798	0.08085	0.07423	0.01129	0.01741	0.00902	0.01053	0.00731	0.00390	0.00393	0.00091	0.00424	0.00330	0.00304	0.67480
10	0.00636	0.00470	0.00566	0.00611	0.00705	0.00420	0.00430	0.00754	0.01067	0.02779	0.13412	0.41923	0.30272	0.02800	0.00636	0.00186	0.00271	0.01176	0.00467	0.00419
11	0.74959	0.00935	0.00778	0.00677	0.00991	0.01052	0.00558	0.01572	0.00913	0.12617	0.00852	0.00915	0.00624	0.00477	0.00330	0.00152	0.00385	0.00297	0.00345	0.00573
12	0.01389	0.01148	0.01097	0.00934	0.01153	0.18773	0.04174	0.14671	0.01347	0.09282	0.06775	0.01694	0.01273	0.08447	0.02506	0.01354	0.04148	0.00487	0.18768	0.00579
13	0.00599	0.00428	0.00570	0.00684	0.00713	0.00399	0.00456	0.00684	0.00941	0.01254	0.02709	0.82409	0.03250	0.01540	0.00627	0.00200	0.00285	0.01397	0.00456	0.00399
14	0.01229	0.01138	0.06686	0.01009	0.01317	0.01174	0.00839	0.06107	0.63078	0.03946	0.06497	0.01851	0.01586	0.00668	0.00502	0.00164	0.00411	0.00555	0.00484	0.00760
15	0.00715	0.00476	0.00536	0.00536	0.00536	0.00476	0.00298	0.00715	0.00715	0.00953	0.01548	0.03216	0.01787	0.82729	0.02501	0.00476	0.00476	0.00715	0.00298	0.00298
16	0.01188	0.02047	0.50287	0.01492	0.10813	0.06158	0.01525	0.07031	0.01189	0.06322	0.01085	0.01415	0.00847	0.00546	0.00486	0.00157	0.00669	0.05748	0.00276	0.00717
17	0.86201	0.00950	0.00722	0.00646	0.00950	0.01102	0.00532	0.01445	0.00836	0.02205	0.00684	0.00798	0.00532	0.00456	0.00304	0.00152	0.00380	0.00266	0.00304	0.00532
18	0.04780	0.00934	0.01396	0.45411	0.14781	0.02767	0.01157	0.01297	0.01037	0.01452	0.05555	0.01355	0.00918	0.00491	0.00465	0.00144	0.00563	0.00429	0.00258	0.14807
19	0.00686	0.00460	0.00570	0.00607	0.00622	0.00457	0.00378	0.00710	0.00787	0.01055	0.01859	0.28534	0.02157	0.45847	0.06824	0.06405	0.00465	0.00902	0.00341	0.00333
20	0.06777	0.01347	0.01644	0.01393	0.07204	0.01436	0.09799	0.48753	0.09327	0.02694	0.01339	0.03471	0.01036	0.00657	0.00544	0.00174	0.00584	0.00520	0.00470	0.00832
21	0.00818	0.00449	0.00648	0.00671	0.00688	0.00447	0.00468	0.00698	0.00731	0.00970	0.01264	0.07845	0.01349	0.07416	0.01707	0.62340	0.00424	0.10535	0.00268	0.00264
22	0.01346	0.10701	0.07494	0.02272	0.49911	0.04607	0.01326	0.07006	0.02650	0.06622	0.00989	0.01178	0.00789	0.00467	0.00465	0.00142	0.00583	0.00413	0.00283	0.00757
23	0.10626	0.02749	0.01622	0.02003	0.38715	0.23508	0.02317	0.01728	0.03729	0.07081	0.00956	0.01126	0.00763	0.00478	0.00454	0.00142	0.00632	0.00392	0.00286	0.00693

[dist]
# distance from previous block
# <min> <max>
0	1

[block]
# block no. 7 follows, 51 sequences, length 19
# corresponding to MSA columns:
# 317-335
name=unknown_H
#
# <colnr> <probs for GDERKNQSTAVLIFYWHMCP>
#	G	D	E	R	K	N	Q	S	T	A	V	L	I	F	Y	W	H	M	C	P
0	0.01069	0.01056	0.01604	0.55261	0.23143	0.06873	0.01372	0.01373	0.01048	0.01343	0.00879	0.01255	0.00686	0.00478	0.00487	0.00156	0.00653	0.00428	0.00227	0.00608
1	0.00744	0.00662	0.00953	0.01032	0.11864	0.00604	0.07362	0.00931	0.01143	0.01464	0.12412	0.09260	0.44234	0.01057	0.00575	0.00167	0.00356	0.04268	0.00418	0.00493
2	0.00626	0.00430	0.00561	0.00665	0.00701	0.00404	0.00446	0.00724	0.00949	0.01305	0.02613	0.75431	0.03078	0.01456	0.00603	0.00192	0.00280	0.01316	0.07817	0.00404
3	0.01851	0.00959	0.01223	0.00968	0.01264	0.00992	0.00790	0.17651	0.01440	0.46148	0.01552	0.01590	0.01090	0.06583	0.00813	0.00184	0.13162	0.00489	0.00500	0.00751
4	0.00715	0.00476	0.00536	0.00536	0.00536	0.00476	0.00298	0.00715	0.00715	0.00953	0.01548	0.03216	0.01787	0.82729	0.02501	0.00476	0.00476	0.00715	0.00298	0.00298
5	0.00794	0.18176	0.01004	0.00628	0.00824	0.00783	0.00509	0.00978	0.03433	0.01423	0.19344	0.06522	0.35046	0.06473	0.00653	0.00174	0.00329	0.02021	0.00412	0.00474
6	0.00709	0.00484	0.00570	0.00559	0.00592	0.00473	0.00344	0.00774	0.00905	0.01239	0.23429	0.03344	0.02588	0.59762	0.01961	0.00386	0.00408	0.00764	0.00366	0.00344
7	0.01250	0.13623	0.44976	0.05945	0.04000	0.13451	0.01435	0.01646	0.01111	0.06888	0.00909	0.01044	0.00673	0.00477	0.00446	0.00144	0.00693	0.00357	0.00244	0.00687
8	0.01263	0.01110	0.01390	0.23615	0.06879	0.07349	0.05373	0.18109	0.13464	0.01860	0.01228	0.02534	0.00955	0.00710	0.04376	0.00183	0.00601	0.00475	0.07873	0.00653
9	0.00649	0.00494	0.00605	0.00654	0.00764	0.00450	0.00499	0.00801	0.01116	0.01438	0.15386	0.25884	0.30719	0.01312	0.00614	0.00186	0.00300	0.17233	0.00469	0.00426
10	0.01145	0.01114	0.01384	0.42475	0.06617	0.13155	0.01142	0.09157	0.01153	0.01435	0.00954	0.01319	0.00766	0.01008	0.13048	0.00254	0.02606	0.00433	0.00260	0.00575
11	0.00609	0.00480	0.00537	0.00559	0.00675	0.00422	0.00398	0.00728	0.01082	0.01362	0.13272	0.22838	0.46719	0.07178	0.00731	0.00195	0.00272	0.01081	0.00455	0.00409
12	0.19400	0.01107	0.01651	0.04146	0.55844	0.01156	0.01247	0.01563	0.06258	0.01756	0.00944	0.01170	0.00771	0.00458	0.00448	0.00149	0.00529	0.00409	0.00273	0.00720
13	0.00637	0.00478	0.00586	0.00604	0.00703	0.00432	0.00433	0.00790	0.01165	0.01557	0.34545	0.27569	0.23816	0.03607	0.00650	0.00180	0.00259	0.01075	0.00486	0.00427
14	0.86201	0.00950	0.00722	0.00646	0.00950	0.01102	0.00532	0.01445	0.00836	0.02205	0.00684	0.00798	0.00532	0.00456	0.00304	0.00152	0.00380	0.00266	0.00304	0.00532
15	0.01089	0.00909	0.01077	0.06619	0.01339	0.00784	0.00674	0.10278	0.02637	0.01740	0.01099	0.04646	0.02583	0.00475	0.00407	0.00097	0.00400	0.00388	0.00324	0.62435
16	0.00693	0.00448	0.00590	0.00640	0.00659	0.00441	0.00416	0.00696	0.00803	0.01077	0.01894	0.37554	0.02193	0.24422	0.06798	0.18618	0.00438	0.00940	0.00347	0.00334
17	0.24988	0.06902	0.02666	0.18436	0.10402	0.19155	0.03208	0.01524	0.01059	0.01574	0.00791	0.01005	0.00634	0.00464	0.00411	0.00141	0.00604	0.00345	0.00257	0.05434
18	0.01005	0.00808	0.00969	0.00759	0.01086	0.00675	0.00591	0.04563	0.01039	0.02965	0.01183	0.13779	0.01139	0.00659	0.00552	0.05058	0.03546	0.00488	0.00324	0.58813

[dist]
# distance from previous block
# <min> <max>
0	1

[block]
# block no. 8 follows, 51 sequences, length 6
# corresponding to MSA columns:
# 337-342
name=unknown_I
#
# <colnr> <probs for GDERKNQSTAVLIFYWHMCP>
#	G	D	E	R	K	N	Q	S	T	A	V	L	I	F	Y	W	H	M	C	P
0	0.01249	0.09734	0.29891	0.03857	0.04054	0.03794	0.21145	0.07913	0.01206	0.06733	0.00981	0.01148	0.00722	0.00464	0.00480	0.00147	0.00678	0.00423	0.00275	0.05107
1	0.00615	0.00495	0.00523	0.00518	0.00652	0.00430	0.00372	0.00733	0.01090	0.01346	0.13289	0.04370	0.58583	0.13797	0.00877	0.00213	0.00282	0.00970	0.00442	0.00403
2	0.17166	0.01197	0.01316	0.08865	0.11581	0.07708	0.00919	0.25063	0.01462	0.10186	0.01040	0.01137	0.00767	0.00509	0.00440	0.00141	0.00526	0.00389	0.00372	0.09218
3	0.00605	0.00449	0.00549	0.00625	0.00685	0.00410	0.00421	0.00692	0.00964	0.01245	0.03163	0.56053	0.21907	0.08853	0.00786	0.00216	0.00294	0.01246	0.00442	0.00394
4	0.48358	0.01129	0.01217	0.01462	0.25727	0.05580	0.00893	0.07384	0.01069	0.02030	0.00802	0.00964	0.00638	0.00464	0.00383	0.00148	0.00485	0.00336	0.00297	0.00635
5	0.23338	0.05406	0.01708	0.01774	0.28303	0.03423	0.13081	0.07726	0.05332	0.04033	0.00962	0.01137	0.00753	0.00469	0.00445	0.00149	0.00556	0.00411	0.00302	0.00689

[dist]
# distance from previous block
# <min> <max>
1	4

[block]
# block no. 9 follows, 51 sequences, length 6
# corresponding to MSA columns:
# 347-352
name=unknown_J
#
# <colnr> <probs for GDERKNQSTAVLIFYWHMCP>
#	G	D	E	R	K	N	Q	S	T	A	V	L	I	F	Y	W	H	M	C	P
0	0.08351	0.13229	0.17460	0.00963	0.01410	0.10397	0.00931	0.06901	0.01152	0.01651	0.03395	0.01053	0.00800	0.00454	0.00398	0.00115	0.00532	0.00333	0.00281	0.30194
1	0.00894	0.07152	0.07136	0.32408	0.01964	0.00926	0.00977	0.04591	0.03821	0.01402	0.03835	0.29490	0.01706	0.00874	0.00526	0.00170	0.00495	0.00769	0.00331	0.00534
2	0.01141	0.11916	0.37972	0.01349	0.10029	0.01209	0.01324	0.11816	0.04284	0.01794	0.11303	0.01423	0.01233	0.00553	0.00470	0.00148	0.00583	0.00446	0.00305	0.00702
3	0.01089	0.12053	0.01628	0.01028	0.01476	0.00954	0.17027	0.01340	0.01046	0.01536	0.00873	0.01053	0.00719	0.00382	0.00403	0.00097	0.00484	0.00349	0.00271	0.56191
4	0.12635	0.11381	0.01227	0.00926	0.01191	0.04693	0.00775	0.23353	0.06116	0.01997	0.01587	0.10704	0.01537	0.00837	0.00502	0.00168	0.00475	0.18874	0.00408	0.00615
5	0.01424	0.12334	0.01407	0.01128	0.07285	0.18694	0.00836	0.01969	0.24527	0.10011	0.05626	0.01435	0.01198	0.00561	0.00451	0.00136	0.00524	0.00438	0.00379	0.09635

[dist]
# distance from previous block
# <min> <max>
0	5

[block]
# block no. 10 follows, 51 sequences, length 31
# corresponding to MSA columns:
# 358-388
name=unknown_K
#
# <colnr> <probs for GDERKNQSTAVLIFYWHMCP>
#	G	D	E	R	K	N	Q	S	T	A	V	L	I	F	Y	W	H	M	C	P
0	0.01336	0.01194	0.04389	0.02460	0.58456	0.04541	0.01330	0.01644	0.03484	0.11459	0.01230	0.01406	0.03842	0.00501	0.00489	0.00148	0.00562	0.00464	0.00304	0.00761
1	0.01206	0.64386	0.02157	0.00831	0.01172	0.05110	0.00775	0.01349	0.01005	0.01176	0.01057	0.15723	0.01110	0.00629	0.00378	0.00123	0.00497	0.00473	0.00257	0.00586
2	0.01051	0.00893	0.01036	0.00743	0.01178	0.00688	0.00596	0.04164	0.01068	0.01658	0.00885	0.01025	0.00732	0.00373	0.00369	0.00076	0.00371	0.00297	0.00299	0.82498
3	0.00720	0.00476	0.00534	0.00534	0.00537	0.00476	0.00299	0.00726	0.00723	0.00976	0.01550	0.03179	0.01773	0.80533	0.02444	0.00467	0.00470	0.00708	0.02574	0.00302
4	0.00715	0.00476	0.00536	0.00536	0.00536	0.00476	0.00298	0.00715	0.00715	0.00953	0.01548	0.03216	0.01787	0.82729	0.02501	0.00476	0.00476	0.00715	0.00298	0.00298
5	0.00611	0.00490	0.00546	0.00552	0.00688	0.00425	0.00406	0.00757	0.01164	0.01477	0.23077	0.14511	0.51119	0.01223	0.00587	0.00167	0.00249	0.01047	0.00477	0.00425
6	0.00820	0.00447	0.00663	0.00663	0.00679	0.00463	0.00455	0.00687	0.00671	0.00911	0.00969	0.01650	0.00963	0.05651	0.16372	0.66402	0.00592	0.00458	0.00226	0.00258
7	0.01034	0.00583	0.00700	0.00640	0.00731	0.00571	0.00422	0.04445	0.00922	0.15526	0.01631	0.05362	0.01664	0.58132	0.05259	0.00407	0.00498	0.00677	0.00367	0.00429
8	0.00702	0.00527	0.00790	0.00790	0.00878	0.00614	0.00614	0.00878	0.00790	0.01141	0.01316	0.01931	0.01229	0.03686	0.80782	0.00790	0.01316	0.00527	0.00263	0.00439
9	0.00969	0.00569	0.00708	0.00634	0.00819	0.00502	0.00489	0.01160	0.01312	0.17730	0.41106	0.03582	0.26519	0.00996	0.00563	0.00157	0.00275	0.00853	0.00529	0.00525
10	0.11021	0.73639	0.02363	0.00819	0.01226	0.01848	0.00806	0.01468	0.00980	0.01276	0.00683	0.00789	0.00619	0.00425	0.00314	0.00110	0.00509	0.00263	0.00221	0.00619
11	0.06953	0.13629	0.56776	0.01251	0.01871	0.03903	0.01512	0.05911	0.01103	0.01621	0.00853	0.00989	0.00630	0.00468	0.00435	0.00147	0.00669	0.00345	0.00232	0.00701
12	0.01046	0.17265	0.65986	0.01298	0.01969	0.01288	0.01637	0.01541	0.01030	0.01483	0.00846	0.00992	0.00624	0.00458	0.00439	0.00146	0.00690	0.00345	0.00208	0.00709
13	0.00582	0.00494	0.00502	0.00509	0.00667	0.00414	0.00378	0.00704	0.01109	0.01323	0.04839	0.09504	0.74780	0.01263	0.00584	0.00168	0.00251	0.01059	0.00456	0.00414
14	0.01713	0.00732	0.00972	0.00790	0.01092	0.00638	0.00643	0.01903	0.01356	0.55023	0.13842	0.02526	0.11676	0.00781	0.00526	0.00157	0.00371	0.03975	0.00572	0.00711
15	0.00696	0.00502	0.00657	0.00618	0.00734	0.00464	0.00464	0.00927	0.01391	0.01971	0.79405	0.03671	0.04637	0.01005	0.00580	0.00155	0.00232	0.00889	0.00541	0.00464
16	0.07415	0.00843	0.01115	0.00860	0.01236	0.00746	0.00710	0.02336	0.01371	0.75178	0.01861	0.01618	0.01174	0.00599	0.00482	0.00152	0.00416	0.00480	0.00589	0.00817
17	0.00998	0.00985	0.01790	0.59401	0.10224	0.01127	0.15769	0.01339	0.01028	0.01348	0.00901	0.01304	0.00683	0.00472	0.00508	0.00163	0.00681	0.00464	0.00226	0.00589
18	0.86201	0.00950	0.00722	0.00646	0.00950	0.01102	0.00532	0.01445	0.00836	0.02205	0.00684	0.00798	0.00532	0.00456	0.00304	0.00152	0.00380	0.00266	0.00304	0.00532
19	0.02935	0.00917	0.01531	0.68453	0.14236	0.01103	0.01366	0.01296	0.00999	0.01328	0.00876	0.01285	0.00670	0.00483	0.00486	0.00161	0.00639	0.00433	0.00224	0.00579
20	0.29171	0.01226	0.01272	0.01000	0.01368	0.01362	0.03370	0.49185	0.01777	0.04261	0.01028	0.01071	0.00742	0.00541	0.00434	0.00150	0.00496	0.00391	0.00425	0.00732
21	0.86201	0.00950	0.00722	0.00646	0.00950	0.01102	0.00532	0.01445	0.00836	0.02205	0.00684	0.00798	0.00532	0.00456	0.00304	0.00152	0.00380	0.00266	0.00304	0.00532
22	0.86201	0.00950	0.00722	0.00646	0.00950	0.01102	0.00532	0.01445	0.00836	0.02205	0.00684	0.00798	0.00532	0.00456	0.00304	0.00152	0.00380	0.00266	0.00304	0.00532
23	0.00958	0.00791	0.00877	0.00818	0.01017	0.00859	0.00623	0.01785	0.42802	0.01885	0.23361	0.10537	0.09859	0.00899	0.00542	0.00167	0.00323	0.00774	0.00503	0.00621
24	0.02205	0.00836	0.01140	0.00874	0.01254	0.00722	0.00722	0.02395	0.01407	0.80004	0.01939	0.01673	0.01216	0.00608	0.00494	0.00152	0.00418	0.00494	0.00608	0.00836
25	0.00695	0.00477	0.00582	0.00597	0.00620	0.00482	0.00374	0.00746	0.00804	0.01092	0.07029	0.14826	0.02127	0.54839	0.12237	0.00454	0.00540	0.00803	0.00333	0.00342
26	0.00854	0.00427	0.00640	0.00640	0.00640	0.00427	0.00427	0.00640	0.00640	0.00854	0.00854	0.01494	0.00854	0.01707	0.01921	0.85702	0.00427	0.00427	0.00213	0.00213
27	0.05805	0.00569	0.00590	0.00565	0.00711	0.00592	0.00430	0.01308	0.10848	0.01906	0.15250	0.02096	0.01841	0.00654	0.00402	0.00130	0.00258	0.00535	0.55007	0.00503
28	0.00936	0.00888	0.01521	0.78923	0.03358	0.01097	0.03892	0.01266	0.00988	0.01266	0.00877	0.01311	0.00658	0.00489	0.00494	0.00164	0.00661	0.00441	0.00219	0.00550
29	0.01084	0.00542	0.00581	0.00543	0.00699	0.00541	0.00417	0.01389	0.06405	0.10787	0.01669	0.01814	0.01271	0.00583	0.00371	0.00122	0.00262	0.00469	0.69929	0.00523
30	0.06033	0.05757	0.01598	0.35823	0.10340	0.03914	0.06398	0.06336	0.08229	0.04546	0.01011	0.01268	0.00774	0.00523	0.00542	0.00159	0.05393	0.00436	0.00286	0.00633

[dist]
# distance from previous block
# <min> <max>
2	14

# created by:
# /st0/software/busco_prod/Augustus/scripts/msa2prfl.pl ./align_prep/202025.fa
