[name]
unknown

[dist]
# distance from previous block
# <min> <max>
0	82

[block]
# block no. 0 follows, 47 sequences, length 13
# corresponding to MSA columns:
# 84-96
name=unknown_A
#
# <colnr> <probs for GDERKNQSTAVLIFYWHMCP>
#	G	D	E	R	K	N	Q	S	T	A	V	L	I	F	Y	W	H	M	C	P
0	0.00855	0.00720	0.01049	0.22093	0.01639	0.00815	0.02725	0.01084	0.03841	0.01353	0.03716	0.19327	0.06961	0.14137	0.03037	0.00263	0.07514	0.08020	0.00359	0.00491
1	0.01323	0.01298	0.04121	0.07386	0.02430	0.01219	0.50950	0.03570	0.01240	0.09473	0.01122	0.01394	0.00827	0.00488	0.00624	0.00168	0.04292	0.00556	0.00307	0.07211
2	0.00663	0.00519	0.00594	0.00596	0.00729	0.00457	0.00435	0.00821	0.01238	0.01602	0.28460	0.14445	0.41707	0.04529	0.00704	0.00190	0.00273	0.01083	0.00506	0.00449
3	0.00754	0.00537	0.00620	0.00628	0.00679	0.00530	0.00399	0.00893	0.05296	0.01287	0.11165	0.16108	0.08641	0.48164	0.01805	0.00372	0.00417	0.00914	0.00399	0.00393
4	0.00675	0.00508	0.00624	0.00641	0.00751	0.00458	0.00463	0.00845	0.01260	0.01687	0.36930	0.26555	0.24108	0.01296	0.00629	0.00181	0.00267	0.01139	0.00523	0.00458
5	0.01252	0.01202	0.02208	0.27333	0.14675	0.01267	0.29763	0.07381	0.01251	0.04297	0.01038	0.01373	0.00786	0.00506	0.00595	0.00171	0.03397	0.00523	0.00284	0.00698
6	0.05846	0.01230	0.01316	0.01142	0.04866	0.04968	0.00867	0.45516	0.01897	0.07161	0.01509	0.13468	0.01315	0.03646	0.00602	0.00176	0.00525	0.00620	0.02578	0.00753
7	0.09096	0.08489	0.03773	0.00817	0.01223	0.00882	0.00695	0.01320	0.01055	0.01675	0.01085	0.06001	0.01000	0.00538	0.00438	0.00110	0.02080	0.03910	0.00316	0.55499
8	0.07561	0.43134	0.16381	0.01069	0.01509	0.09375	0.01081	0.04381	0.01123	0.01468	0.00808	0.00965	0.00687	0.00605	0.02825	0.00158	0.05623	0.00330	0.00247	0.00669
9	0.08864	0.00804	0.00915	0.00859	0.01023	0.03693	0.02545	0.08731	0.03904	0.05527	0.02013	0.38727	0.02157	0.06729	0.00755	0.00205	0.03659	0.00942	0.03757	0.04192
10	0.16247	0.01224	0.01940	0.08290	0.09191	0.01285	0.26105	0.13062	0.01304	0.04551	0.01007	0.01246	0.00768	0.00523	0.00597	0.00166	0.06555	0.00476	0.00322	0.05141
11	0.00831	0.00709	0.00963	0.00911	0.02880	0.00692	0.07804	0.01224	0.14068	0.01630	0.13567	0.23716	0.23942	0.03792	0.00678	0.00194	0.00371	0.01018	0.00472	0.00538
12	0.01111	0.00884	0.01173	0.00933	0.01263	0.00795	0.07575	0.05750	0.08171	0.05444	0.11791	0.11578	0.01794	0.00786	0.02521	0.00152	0.00440	0.00622	0.02548	0.34666

[dist]
# distance from previous block
# <min> <max>
4	11

[block]
# block no. 1 follows, 47 sequences, length 14
# corresponding to MSA columns:
# 108-121
name=unknown_B
#
# <colnr> <probs for GDERKNQSTAVLIFYWHMCP>
#	G	D	E	R	K	N	Q	S	T	A	V	L	I	F	Y	W	H	M	C	P
0	0.01467	0.14975	0.03365	0.03384	0.01435	0.16567	0.00933	0.09046	0.10753	0.07325	0.05191	0.03306	0.02150	0.02708	0.01825	0.00180	0.13873	0.00489	0.00361	0.00667
1	0.00907	0.07376	0.03256	0.05637	0.03449	0.00848	0.14011	0.02168	0.02657	0.01431	0.01997	0.38419	0.03473	0.07945	0.00766	0.00210	0.00492	0.00975	0.00378	0.03606
2	0.01209	0.01039	0.01138	0.03586	0.01370	0.01139	0.00790	0.02357	0.57884	0.02020	0.01935	0.06784	0.01545	0.00707	0.00515	0.00163	0.00410	0.00596	0.00482	0.14331
3	0.00676	0.00486	0.00622	0.00689	0.00755	0.00450	0.00481	0.00787	0.01084	0.01440	0.15126	0.47724	0.13493	0.05642	0.00810	0.03583	0.00313	0.04935	0.00479	0.00426
4	0.12835	0.01243	0.03566	0.13434	0.01835	0.03242	0.06820	0.27432	0.01522	0.02213	0.04885	0.03002	0.01018	0.00645	0.00664	0.00170	0.11464	0.00487	0.00371	0.03154
5	0.07553	0.30775	0.05781	0.02978	0.01466	0.06245	0.02405	0.08645	0.03247	0.03030	0.00882	0.01072	0.00744	0.00603	0.00718	0.00157	0.19917	0.00378	0.02745	0.00660
6	0.00646	0.00465	0.00603	0.00700	0.00743	0.00433	0.00469	0.00743	0.01022	0.01359	0.07252	0.67873	0.07989	0.06114	0.00771	0.00223	0.00308	0.01386	0.00479	0.00422
7	0.01183	0.01095	0.01741	0.06926	0.52504	0.01129	0.01326	0.01631	0.12094	0.01698	0.01399	0.12368	0.01286	0.00662	0.00538	0.00167	0.00550	0.00621	0.00326	0.00756
8	0.04512	0.01005	0.01246	0.12096	0.04623	0.01109	0.00895	0.28334	0.01568	0.06911	0.06379	0.17913	0.01673	0.03945	0.00698	0.00188	0.05082	0.00711	0.00442	0.00669
9	0.01557	0.01083	0.01193	0.03584	0.01341	0.04790	0.00804	0.34423	0.01717	0.12207	0.01725	0.20106	0.01567	0.02713	0.00623	0.00177	0.02686	0.00713	0.06285	0.00705
10	0.04991	0.00518	0.00649	0.00713	0.00786	0.00493	0.00487	0.00893	0.01023	0.06257	0.05635	0.59906	0.04941	0.09133	0.00825	0.00231	0.00332	0.01260	0.00473	0.00452
11	0.00805	0.00803	0.08831	0.00796	0.00995	0.00589	0.00655	0.00979	0.01020	0.01427	0.05118	0.32536	0.04206	0.15605	0.00951	0.00233	0.00414	0.06832	0.00395	0.16811
12	0.06560	0.05620	0.02604	0.00923	0.01278	0.02386	0.02899	0.19932	0.01387	0.02001	0.01314	0.13179	0.01239	0.05251	0.00592	0.00154	0.00468	0.00555	0.00380	0.31279
13	0.02868	0.01314	0.04854	0.05770	0.09313	0.07273	0.05745	0.17047	0.02374	0.03341	0.01011	0.01187	0.00794	0.00520	0.00562	0.00137	0.06578	0.00408	0.00336	0.28568

[dist]
# distance from previous block
# <min> <max>
0	9

[block]
# block no. 2 follows, 47 sequences, length 19
# corresponding to MSA columns:
# 135-153
name=unknown_C
#
# <colnr> <probs for GDERKNQSTAVLIFYWHMCP>
#	G	D	E	R	K	N	Q	S	T	A	V	L	I	F	Y	W	H	M	C	P
0	0.01148	0.03719	0.01117	0.03471	0.05452	0.00939	0.00741	0.19320	0.04659	0.02747	0.04564	0.25839	0.02980	0.07955	0.02238	0.03213	0.02414	0.00814	0.00425	0.06244
1	0.01766	0.19333	0.04173	0.01140	0.01559	0.12013	0.03425	0.34083	0.01759	0.08945	0.01108	0.01152	0.00827	0.00550	0.00467	0.00140	0.00611	0.00406	0.00401	0.06143
2	0.09033	0.11736	0.04268	0.01081	0.01463	0.01503	0.00931	0.47096	0.01889	0.05059	0.01234	0.05881	0.00985	0.00655	0.00527	0.00157	0.03378	0.00486	0.01859	0.00780
3	0.00768	0.00539	0.00648	0.00661	0.00726	0.00534	0.00446	0.03553	0.01013	0.01370	0.10194	0.20414	0.09140	0.34790	0.07647	0.00370	0.00476	0.03229	0.03070	0.00411
4	0.00902	0.00669	0.00913	0.07759	0.01156	0.00761	0.00685	0.08622	0.01016	0.01428	0.01394	0.02133	0.01308	0.16277	0.48241	0.00623	0.01050	0.00571	0.03999	0.00493
5	0.00702	0.00493	0.00588	0.00623	0.00661	0.00471	0.00394	0.00767	0.00943	0.01251	0.09480	0.28898	0.09976	0.40562	0.01623	0.00347	0.00392	0.01042	0.00410	0.00379
6	0.01636	0.03564	0.01259	0.01022	0.01358	0.01198	0.00818	0.10848	0.45319	0.22091	0.01953	0.01788	0.01399	0.00671	0.00517	0.00167	0.00438	0.00547	0.02572	0.00834
7	0.00907	0.00655	0.00823	0.00809	0.00878	0.00705	0.00575	0.06245	0.02657	0.04509	0.04843	0.38251	0.02457	0.21992	0.01283	0.00281	0.10212	0.01022	0.00422	0.00475
8	0.12795	0.24228	0.01846	0.01232	0.01569	0.39630	0.00985	0.03432	0.01399	0.04373	0.01022	0.01213	0.00871	0.00647	0.00528	0.00171	0.02588	0.00391	0.00347	0.00732
9	0.81217	0.01090	0.04624	0.00724	0.01069	0.01170	0.00631	0.01537	0.00897	0.02303	0.00735	0.00858	0.00569	0.00484	0.00331	0.00161	0.00421	0.00287	0.00317	0.00574
10	0.01129	0.01062	0.01788	0.31243	0.44278	0.01143	0.01446	0.01447	0.01158	0.01599	0.07695	0.01552	0.01134	0.00537	0.00526	0.00162	0.00614	0.00505	0.00276	0.00706
11	0.01046	0.00854	0.01030	0.00815	0.01148	0.00739	0.00642	0.01282	0.03354	0.04555	0.04772	0.11450	0.05043	0.00680	0.00566	0.00122	0.07378	0.00549	0.00362	0.53613
12	0.00641	0.00468	0.00605	0.00707	0.00760	0.00432	0.00484	0.00746	0.01039	0.01368	0.05475	0.68098	0.11973	0.01573	0.00659	0.00207	0.00301	0.03549	0.00486	0.00429
13	0.01524	0.07778	0.01470	0.08136	0.07778	0.15636	0.00944	0.11531	0.03717	0.11724	0.01280	0.08310	0.01082	0.00640	0.00532	0.00147	0.03467	0.00503	0.00374	0.13425
14	0.09425	0.44632	0.12093	0.00994	0.01461	0.01610	0.03211	0.06159	0.01158	0.05391	0.00922	0.02764	0.00774	0.00498	0.00394	0.00130	0.00556	0.00355	0.00284	0.07188
15	0.01739	0.08753	0.10901	0.01185	0.01623	0.03488	0.01067	0.53995	0.03986	0.02741	0.01247	0.04667	0.00962	0.00637	0.00506	0.00156	0.00589	0.00485	0.00451	0.00824
16	0.01589	0.04192	0.01329	0.01080	0.01405	0.08150	0.00859	0.22222	0.37721	0.08349	0.01735	0.04395	0.01324	0.00686	0.00516	0.00164	0.00501	0.00547	0.02439	0.00799
17	0.01061	0.04408	0.01271	0.25636	0.03695	0.01033	0.00944	0.03413	0.20516	0.01680	0.04505	0.14276	0.01539	0.00744	0.00521	0.00162	0.00487	0.00645	0.00379	0.13085
18	0.00659	0.00494	0.00604	0.00648	0.00739	0.00447	0.00454	0.00794	0.01152	0.01519	0.21564	0.38823	0.23835	0.04896	0.00726	0.00203	0.00287	0.01217	0.00498	0.00439

[dist]
# distance from previous block
# <min> <max>
1	9

[block]
# block no. 3 follows, 47 sequences, length 10
# corresponding to MSA columns:
# 164-173
name=unknown_D
#
# <colnr> <probs for GDERKNQSTAVLIFYWHMCP>
#	G	D	E	R	K	N	Q	S	T	A	V	L	I	F	Y	W	H	M	C	P
0	0.05238	0.01394	0.05713	0.01194	0.07127	0.13495	0.03779	0.13648	0.01369	0.01916	0.00974	0.01120	0.00774	0.00471	0.00442	0.00118	0.00559	0.00368	0.02000	0.38300
1	0.01048	0.00816	0.00859	0.00804	0.00938	0.06510	0.00582	0.14599	0.01282	0.01695	0.11212	0.18858	0.05073	0.17971	0.06775	0.05620	0.00517	0.00816	0.03526	0.00499
2	0.05726	0.01370	0.01417	0.01118	0.01499	0.07134	0.00911	0.51763	0.02078	0.15834	0.01405	0.04964	0.01041	0.00662	0.00515	0.00158	0.00558	0.00506	0.00513	0.00829
3	0.01391	0.10756	0.01379	0.01031	0.01343	0.01333	0.00840	0.16340	0.42320	0.04054	0.04725	0.04414	0.01611	0.00747	0.00524	0.00169	0.00455	0.05304	0.00491	0.00772
4	0.00645	0.00471	0.00607	0.00696	0.00753	0.00433	0.00475	0.00758	0.01074	0.01429	0.12164	0.63944	0.11572	0.01530	0.00653	0.00202	0.00291	0.01375	0.00494	0.00433
5	0.06462	0.01012	0.01290	0.04096	0.01423	0.05374	0.12316	0.03714	0.19091	0.05664	0.10945	0.02409	0.13534	0.02909	0.02321	0.00192	0.02410	0.00665	0.03540	0.00635
6	0.00703	0.00502	0.00648	0.00723	0.00777	0.00479	0.00492	0.03439	0.01095	0.01476	0.12465	0.63618	0.03446	0.06564	0.00778	0.00222	0.00317	0.01330	0.00486	0.00441
7	0.09453	0.01000	0.01505	0.44817	0.02607	0.04123	0.08211	0.01342	0.01025	0.01450	0.02937	0.01503	0.00894	0.04644	0.05997	0.00235	0.06945	0.00486	0.00261	0.00567
8	0.00961	0.00679	0.00843	0.00759	0.00943	0.00627	0.02159	0.05801	0.02766	0.06518	0.12494	0.23226	0.09316	0.14089	0.02036	0.00228	0.00392	0.00886	0.01653	0.13625
9	0.01030	0.00966	0.01599	0.64710	0.13121	0.01134	0.01406	0.01364	0.01063	0.01405	0.00933	0.01353	0.00717	0.00504	0.00510	0.00164	0.00662	0.00452	0.00240	0.06667

[dist]
# distance from previous block
# <min> <max>
0	1

[block]
# block no. 4 follows, 47 sequences, length 83
# corresponding to MSA columns:
# 175-202,225-248,252-275,281-287
name=unknown_E
#
# <colnr> <probs for GDERKNQSTAVLIFYWHMCP>
#	G	D	E	R	K	N	Q	S	T	A	V	L	I	F	Y	W	H	M	C	P
0	0.00751	0.00504	0.00649	0.00713	0.00771	0.00479	0.00481	0.00886	0.03026	0.04612	0.10658	0.56705	0.03243	0.12834	0.00931	0.00245	0.00334	0.01258	0.00477	0.00445
1	0.01072	0.00966	0.01315	0.43113	0.02433	0.05303	0.01096	0.07842	0.01165	0.01524	0.01274	0.13330	0.01183	0.02925	0.02459	0.00193	0.03151	0.00606	0.01857	0.07195
2	0.85377	0.01007	0.00765	0.00685	0.01007	0.01168	0.00564	0.01531	0.00886	0.02336	0.00725	0.00846	0.00564	0.00483	0.00322	0.00161	0.00403	0.00282	0.00322	0.00564
3	0.85377	0.01007	0.00765	0.00685	0.01007	0.01168	0.00564	0.01531	0.00886	0.02336	0.00725	0.00846	0.00564	0.00483	0.00322	0.00161	0.00403	0.00282	0.00322	0.00564
4	0.85377	0.01007	0.00765	0.00685	0.01007	0.01168	0.00564	0.01531	0.00886	0.02336	0.00725	0.00846	0.00564	0.00483	0.00322	0.00161	0.00403	0.00282	0.00322	0.00564
5	0.85377	0.01007	0.00765	0.00685	0.01007	0.01168	0.00564	0.01531	0.00886	0.02336	0.00725	0.00846	0.00564	0.00483	0.00322	0.00161	0.00403	0.00282	0.00322	0.00564
6	0.01392	0.82012	0.02729	0.00891	0.01337	0.02061	0.00891	0.01559	0.01058	0.01225	0.00724	0.00835	0.00668	0.00446	0.00334	0.00111	0.00557	0.00278	0.00223	0.00668
7	0.85377	0.01007	0.00765	0.00685	0.01007	0.01168	0.00564	0.01531	0.00886	0.02336	0.00725	0.00846	0.00564	0.00483	0.00322	0.00161	0.00403	0.00282	0.00322	0.00564
8	0.85377	0.01007	0.00765	0.00685	0.01007	0.01168	0.00564	0.01531	0.00886	0.02336	0.00725	0.00846	0.00564	0.00483	0.00322	0.00161	0.00403	0.00282	0.00322	0.00564
9	0.02298	0.00948	0.01247	0.00956	0.01360	0.00857	0.00790	0.10505	0.01593	0.70698	0.01968	0.01716	0.01246	0.00642	0.00523	0.00161	0.00457	0.00518	0.00631	0.00886
10	0.01295	0.01119	0.01178	0.01060	0.01354	0.01295	0.00824	0.02767	0.77509	0.02178	0.02120	0.01943	0.01590	0.00707	0.00530	0.00177	0.00412	0.00589	0.00530	0.00824
11	0.76311	0.00951	0.00735	0.00663	0.00964	0.01095	0.00543	0.01497	0.00908	0.02294	0.00830	0.00964	0.00647	0.00497	0.00327	0.00157	0.00386	0.00304	0.09373	0.00556
12	0.02336	0.00886	0.01209	0.00927	0.01329	0.00765	0.00765	0.02538	0.01491	0.78810	0.02055	0.01773	0.01289	0.00645	0.00524	0.00161	0.00443	0.00524	0.00645	0.00886
13	0.01045	0.02694	0.79000	0.01484	0.02254	0.01209	0.01924	0.01649	0.01099	0.01649	0.00935	0.01099	0.00660	0.00495	0.00495	0.00165	0.00770	0.00385	0.00220	0.00770
14	0.01980	0.01459	0.01563	0.01198	0.01615	0.01615	0.00990	0.76713	0.02448	0.03282	0.01250	0.01250	0.00886	0.00625	0.00521	0.00156	0.00573	0.00469	0.00521	0.00886
15	0.00983	0.00926	0.01562	0.80447	0.03587	0.01157	0.01446	0.01331	0.01041	0.01331	0.00926	0.01388	0.00694	0.00521	0.00521	0.00174	0.00694	0.00463	0.00231	0.00579
16	0.01430	0.76774	0.02653	0.00911	0.01355	0.02032	0.00897	0.06446	0.01149	0.01359	0.00758	0.00862	0.00682	0.00457	0.00346	0.00114	0.00558	0.00291	0.00242	0.00682
17	0.00971	0.00485	0.00485	0.00485	0.00607	0.00485	0.00364	0.01213	0.01092	0.01942	0.01699	0.01942	0.01335	0.00607	0.00364	0.00121	0.00243	0.00485	0.84589	0.00485
18	0.00744	0.00558	0.00837	0.00837	0.00930	0.00651	0.00651	0.00930	0.00837	0.01209	0.01395	0.02046	0.01302	0.03906	0.79635	0.00837	0.01395	0.00558	0.00279	0.00465
19	0.00634	0.00453	0.00604	0.00725	0.00755	0.00423	0.00483	0.00725	0.00997	0.01329	0.02870	0.81358	0.03444	0.01632	0.00665	0.00211	0.00302	0.01480	0.00483	0.00423
20	0.01719	0.02042	0.06668	0.01760	0.19648	0.44533	0.01198	0.10981	0.03623	0.01667	0.00945	0.01097	0.00758	0.00532	0.00490	0.00145	0.00794	0.00392	0.00301	0.00707
21	0.00839	0.00599	0.00839	0.00959	0.01079	0.00599	0.00839	0.01079	0.01199	0.01558	0.02757	0.05874	0.02997	0.01439	0.00719	0.00240	0.00480	0.74945	0.00480	0.00480
22	0.00744	0.00558	0.00837	0.00837	0.00930	0.00651	0.00651	0.00930	0.00837	0.01209	0.01395	0.02046	0.01302	0.03906	0.79635	0.00837	0.01395	0.00558	0.00279	0.00465
23	0.02033	0.00815	0.01111	0.00904	0.01244	0.00713	0.00736	0.02224	0.01412	0.64420	0.02199	0.11661	0.01661	0.00816	0.00553	0.00172	0.00428	0.05479	0.00614	0.00804
24	0.01310	0.08463	0.34915	0.01168	0.01683	0.01177	0.01266	0.09417	0.10661	0.11219	0.10405	0.01692	0.03096	0.00633	0.00509	0.00161	0.00576	0.00508	0.00387	0.00754
25	0.01282	0.01230	0.02102	0.04907	0.76792	0.01236	0.01595	0.01592	0.01183	0.01693	0.00978	0.01291	0.00822	0.00465	0.00516	0.00155	0.00620	0.00464	0.00257	0.00819
26	0.01289	0.01237	0.02114	0.03196	0.78450	0.01237	0.01598	0.01598	0.01186	0.01701	0.00980	0.01289	0.00825	0.00464	0.00516	0.00155	0.00619	0.00464	0.00258	0.00825
27	0.01080	0.00926	0.01080	0.00771	0.01234	0.00694	0.00617	0.01311	0.01080	0.01697	0.00926	0.01080	0.00771	0.00386	0.00386	0.00077	0.00386	0.00309	0.00309	0.84882
28	0.01392	0.82012	0.02729	0.00891	0.01337	0.02061	0.00891	0.01559	0.01058	0.01225	0.00724	0.00835	0.00668	0.00446	0.00334	0.00111	0.00557	0.00278	0.00223	0.00668
29	0.01289	0.01237	0.02114	0.03196	0.78450	0.01237	0.01598	0.01598	0.01186	0.01701	0.00980	0.01289	0.00825	0.00464	0.00516	0.00155	0.00619	0.00464	0.00258	0.00825
30	0.01002	0.00592	0.00756	0.00680	0.00859	0.00531	0.00523	0.01224	0.01428	0.15312	0.52884	0.03641	0.14690	0.01018	0.00593	0.00164	0.00282	0.00882	0.02384	0.00552
31	0.01392	0.82012	0.02729	0.00891	0.01337	0.02061	0.00891	0.01559	0.01058	0.01225	0.00724	0.00835	0.00668	0.00446	0.00334	0.00111	0.00557	0.00278	0.00223	0.00668
32	0.01080	0.00926	0.01080	0.00771	0.01234	0.00694	0.00617	0.01311	0.01080	0.01697	0.00926	0.01080	0.00771	0.00386	0.00386	0.00077	0.00386	0.00309	0.00309	0.84882
33	0.01886	0.02385	0.01463	0.01329	0.01584	0.74844	0.01002	0.02021	0.01436	0.01272	0.00816	0.00975	0.00688	0.00637	0.02573	0.00156	0.03722	0.00345	0.00267	0.00599
34	0.01045	0.02694	0.79000	0.01484	0.02254	0.01209	0.01924	0.01649	0.01099	0.01649	0.00935	0.01099	0.00660	0.00495	0.00495	0.00165	0.00770	0.00385	0.00220	0.00770
35	0.01386	0.01111	0.01924	0.01504	0.03993	0.01073	0.32811	0.01935	0.16446	0.17497	0.02028	0.02129	0.10685	0.00666	0.00579	0.00174	0.00604	0.02298	0.00426	0.00730
36	0.01009	0.00952	0.01608	0.73999	0.09835	0.01164	0.01459	0.01353	0.01053	0.01362	0.00930	0.01380	0.00705	0.00516	0.00520	0.00172	0.00688	0.00463	0.00234	0.00599
37	0.00640	0.00462	0.00606	0.00710	0.00754	0.00428	0.00479	0.00743	0.01038	0.01383	0.07894	0.72275	0.07503	0.01578	0.00659	0.00207	0.00296	0.01425	0.00489	0.00428
38	0.03658	0.01378	0.01502	0.01154	0.01567	0.01499	0.00953	0.65869	0.02297	0.12806	0.01342	0.01308	0.00930	0.00625	0.00517	0.00157	0.00553	0.00472	0.00533	0.00879
39	0.01221	0.01168	0.01992	0.20282	0.61892	0.01220	0.01565	0.01539	0.01154	0.01619	0.00968	0.01311	0.00796	0.00477	0.00517	0.00159	0.00635	0.00464	0.00252	0.00770
40	0.00919	0.00499	0.00692	0.00679	0.00694	0.00504	0.00449	0.03511	0.00758	0.01011	0.01043	0.01883	0.01073	0.15439	0.02084	0.67272	0.00466	0.00505	0.00252	0.00266
41	0.01047	0.00865	0.01029	0.00963	0.01155	0.00956	0.03220	0.04485	0.37485	0.01858	0.05272	0.30081	0.02288	0.01041	0.00620	0.00188	0.03172	0.00908	0.02718	0.00649
42	0.01583	0.01775	0.01298	0.09252	0.01633	0.44392	0.00933	0.02053	0.18511	0.01564	0.01221	0.01332	0.00960	0.00582	0.00476	0.00146	0.00711	0.00424	0.10518	0.00637
43	0.00971	0.00485	0.00485	0.00485	0.00607	0.00485	0.00364	0.01213	0.01092	0.01942	0.01699	0.01942	0.01335	0.00607	0.00364	0.00121	0.00243	0.00485	0.84589	0.00485
44	0.02159	0.00954	0.01263	0.06130	0.01504	0.00898	0.00834	0.09329	0.05689	0.62618	0.01910	0.01709	0.01229	0.00638	0.00524	0.00162	0.00470	0.00518	0.00600	0.00863
45	0.00645	0.00460	0.00612	0.00730	0.00763	0.00432	0.00493	0.00739	0.00999	0.01330	0.02836	0.76677	0.03390	0.03558	0.00715	0.00220	0.00314	0.04187	0.00479	0.00422
46	0.01980	0.01459	0.01563	0.01198	0.01615	0.01615	0.00990	0.76713	0.02448	0.03282	0.01250	0.01250	0.00886	0.00625	0.00521	0.00156	0.00573	0.00469	0.00521	0.00886
47	0.20670	0.01775	0.01233	0.01093	0.01377	0.43008	0.00840	0.07093	0.01354	0.08270	0.00986	0.01165	0.00794	0.04212	0.03860	0.00190	0.00751	0.00376	0.00333	0.00620
48	0.01045	0.02694	0.79000	0.01484	0.02254	0.01209	0.01924	0.01649	0.01099	0.01649	0.00935	0.01099	0.00660	0.00495	0.00495	0.00165	0.00770	0.00385	0.00220	0.00770
49	0.01157	0.00929	0.01086	0.00802	0.01232	0.00740	0.00638	0.06282	0.01180	0.04637	0.01115	0.06337	0.00972	0.00492	0.00418	0.00094	0.00395	0.00403	0.00346	0.70746
50	0.00634	0.00453	0.00604	0.00725	0.00755	0.00423	0.00483	0.00725	0.00997	0.01329	0.02870	0.81358	0.03444	0.01632	0.00665	0.00211	0.00302	0.01480	0.00483	0.00423
51	0.01587	0.01159	0.01578	0.19168	0.25306	0.08351	0.01194	0.03362	0.03995	0.24287	0.02638	0.01565	0.01052	0.00575	0.00521	0.00161	0.00597	0.01757	0.00390	0.00758
52	0.01378	0.03666	0.23982	0.01213	0.01652	0.03676	0.03850	0.03422	0.01152	0.15938	0.01091	0.01231	0.00814	0.00589	0.00732	0.00158	0.17315	0.00416	0.00328	0.17397
53	0.01080	0.00926	0.01080	0.00771	0.01234	0.00694	0.00617	0.01311	0.01080	0.01697	0.00926	0.01080	0.00771	0.00386	0.00386	0.00077	0.00386	0.00309	0.00309	0.84882
54	0.01114	0.00551	0.00620	0.00574	0.00739	0.00524	0.00441	0.01345	0.01207	0.12903	0.12589	0.02354	0.05972	0.00714	0.00435	0.00136	0.00273	0.00587	0.56380	0.00541
55	0.00841	0.00555	0.00729	0.00673	0.00814	0.00509	0.00509	0.01084	0.01475	0.07077	0.73225	0.03752	0.04678	0.01037	0.00608	0.00164	0.00259	0.00915	0.00578	0.00517
56	0.00837	0.00570	0.00667	0.00639	0.00818	0.00500	0.00497	0.01016	0.01295	0.09219	0.24315	0.04467	0.44390	0.01195	0.00615	0.00177	0.00295	0.07464	0.00523	0.00501
57	0.01392	0.82012	0.02729	0.00891	0.01337	0.02061	0.00891	0.01559	0.01058	0.01225	0.00724	0.00835	0.00668	0.00446	0.00334	0.00111	0.00557	0.00278	0.00223	0.00668
58	0.00999	0.00890	0.01442	0.29933	0.24559	0.00987	0.01190	0.01247	0.01042	0.01411	0.01338	0.10146	0.01300	0.07368	0.05044	0.01908	0.02870	0.05440	0.00290	0.00594
59	0.00634	0.00457	0.00600	0.00715	0.00753	0.00424	0.00479	0.00726	0.01007	0.01333	0.02991	0.77528	0.07197	0.01616	0.00662	0.00210	0.00300	0.01461	0.00483	0.00424
60	0.85377	0.01007	0.00765	0.00685	0.01007	0.01168	0.00564	0.01531	0.00886	0.02336	0.00725	0.00846	0.00564	0.00483	0.00322	0.00161	0.00403	0.00282	0.00322	0.00564
61	0.01928	0.02446	0.01468	0.01334	0.01603	0.77537	0.01001	0.02098	0.03486	0.01298	0.00840	0.00966	0.00695	0.00541	0.00471	0.00135	0.00925	0.00342	0.00275	0.00610
62	0.00652	0.00489	0.00605	0.00660	0.00747	0.00442	0.00463	0.00786	0.01148	0.01512	0.19671	0.45425	0.22643	0.01431	0.00641	0.00192	0.00280	0.01268	0.00503	0.00442
63	0.00755	0.00515	0.00618	0.00618	0.00635	0.00532	0.00378	0.00789	0.00772	0.01047	0.01595	0.03155	0.01783	0.67255	0.16944	0.00567	0.00670	0.00720	0.00309	0.00343
64	0.01945	0.02482	0.01476	0.01342	0.01610	0.79608	0.01006	0.02079	0.01476	0.01275	0.00805	0.00939	0.00671	0.00537	0.00470	0.00134	0.00939	0.00335	0.00268	0.00604
65	0.01289	0.01237	0.02114	0.03196	0.78450	0.01237	0.01598	0.01598	0.01186	0.01701	0.00980	0.01289	0.00825	0.00464	0.00516	0.00155	0.00619	0.00464	0.00258	0.00825
66	0.01063	0.04387	0.69260	0.01517	0.02246	0.01225	0.08314	0.01637	0.01116	0.01649	0.02337	0.01170	0.00748	0.00499	0.00504	0.00165	0.00765	0.00412	0.00230	0.00756
67	0.02019	0.00958	0.01232	0.01000	0.03762	0.00878	0.00787	0.11029	0.04244	0.52755	0.03037	0.01668	0.01243	0.00617	0.00505	0.00151	0.00447	0.00500	0.03291	0.09878
68	0.00650	0.00465	0.00618	0.00714	0.00759	0.00434	0.00485	0.00765	0.01071	0.01446	0.14486	0.69409	0.03671	0.01544	0.00657	0.00204	0.00293	0.01397	0.00497	0.00434
69	0.00731	0.00530	0.00690	0.00655	0.00776	0.00488	0.00489	0.00969	0.01453	0.02049	0.74202	0.06367	0.06466	0.01088	0.00616	0.00166	0.00248	0.00962	0.00568	0.00488
70	0.01118	0.02232	0.52283	0.01598	0.04276	0.03748	0.11186	0.01600	0.01081	0.01577	0.00906	0.01145	0.00685	0.00556	0.00707	0.00175	0.13748	0.00426	0.00229	0.00725
71	0.10114	0.00920	0.01191	0.00936	0.01302	0.00872	0.00772	0.02365	0.03393	0.64487	0.01841	0.01648	0.01189	0.00648	0.00582	0.00166	0.05660	0.00498	0.00584	0.00833
72	0.00641	0.00458	0.00612	0.00733	0.00766	0.00429	0.00495	0.00737	0.01004	0.01337	0.02867	0.78917	0.03430	0.01625	0.00666	0.00212	0.00308	0.03856	0.00483	0.00425
73	0.00639	0.00466	0.00603	0.00701	0.00752	0.00429	0.00475	0.00744	0.01047	0.01386	0.08006	0.68720	0.10986	0.01564	0.00657	0.00205	0.00295	0.01407	0.00489	0.00429
74	0.23959	0.01213	0.08643	0.01367	0.13190	0.01227	0.01024	0.07020	0.06968	0.04049	0.01176	0.07760	0.01045	0.00713	0.00720	0.00181	0.16638	0.02105	0.00339	0.00664
75	0.01281	0.01229	0.02099	0.05233	0.76476	0.01235	0.01594	0.01591	0.01182	0.01692	0.00978	0.01292	0.00821	0.00465	0.00516	0.00155	0.00621	0.00464	0.00257	0.00818
76	0.01333	0.01264	0.01824	0.26655	0.39654	0.07238	0.01428	0.11149	0.01325	0.01756	0.00984	0.01288	0.00781	0.00508	0.00514	0.00159	0.00661	0.00454	0.00284	0.00740
77	0.00649	0.00476	0.00609	0.00687	0.00752	0.00436	0.00473	0.00770	0.01101	0.01464	0.15546	0.58502	0.13624	0.01497	0.00650	0.00199	0.00288	0.01341	0.00498	0.00436
78	0.01080	0.00926	0.01080	0.00771	0.01234	0.00694	0.00617	0.01311	0.01080	0.01697	0.00926	0.01080	0.00771	0.00386	0.00386	0.00077	0.00386	0.00309	0.00309	0.84882
79	0.01371	0.01247	0.02023	0.04638	0.69405	0.03686	0.01522	0.01669	0.01212	0.06694	0.01043	0.01311	0.00847	0.00479	0.00515	0.00155	0.00619	0.00464	0.00283	0.00817
80	0.03095	0.01645	0.26146	0.01585	0.06719	0.01138	0.22116	0.06688	0.01303	0.17529	0.01240	0.01364	0.00872	0.00517	0.00526	0.00162	0.00676	0.00486	0.03073	0.03120
81	0.00735	0.00500	0.00594	0.00619	0.00632	0.00499	0.00375	0.00767	0.00816	0.01092	0.01885	0.18093	0.02181	0.61083	0.05979	0.00460	0.00509	0.02487	0.00349	0.00347
82	0.40164	0.01182	0.01208	0.10568	0.03249	0.01346	0.00862	0.31434	0.01533	0.02578	0.00964	0.01082	0.00713	0.00544	0.00430	0.00161	0.00510	0.00382	0.00389	0.00699

[dist]
# distance from previous block
# <min> <max>
1	2

[block]
# block no. 5 follows, 47 sequences, length 15
# corresponding to MSA columns:
# 290-304
name=unknown_F
#
# <colnr> <probs for GDERKNQSTAVLIFYWHMCP>
#	G	D	E	R	K	N	Q	S	T	A	V	L	I	F	Y	W	H	M	C	P
0	0.00623	0.00528	0.00537	0.00535	0.00708	0.00443	0.00401	0.00761	0.01204	0.01447	0.09564	0.04946	0.73924	0.01304	0.00615	0.00175	0.00263	0.01090	0.00489	0.00443
1	0.01215	0.01162	0.01981	0.21810	0.60411	0.01218	0.01562	0.01534	0.01151	0.01612	0.00967	0.01313	0.00793	0.00478	0.00517	0.00159	0.00637	0.00464	0.00251	0.00766
2	0.71891	0.01029	0.00893	0.08270	0.01291	0.01197	0.00676	0.06467	0.01004	0.02304	0.00779	0.00924	0.00598	0.00496	0.00354	0.00162	0.00442	0.00311	0.00327	0.00587
3	0.00682	0.00501	0.00645	0.00749	0.00798	0.00486	0.00508	0.00872	0.06491	0.01390	0.02816	0.75656	0.03311	0.01565	0.00655	0.00209	0.00310	0.01416	0.00487	0.00452
4	0.01265	0.01213	0.02070	0.09267	0.72566	0.01231	0.01586	0.01577	0.01174	0.01672	0.00975	0.01297	0.00815	0.00468	0.00516	0.00156	0.00625	0.00464	0.00256	0.00806
5	0.01392	0.82012	0.02729	0.00891	0.01337	0.02061	0.00891	0.01559	0.01058	0.01225	0.00724	0.00835	0.00668	0.00446	0.00334	0.00111	0.00557	0.00278	0.00223	0.00668
6	0.00803	0.00580	0.00793	0.00900	0.01016	0.00570	0.00768	0.01023	0.01189	0.01546	0.05379	0.12366	0.08057	0.01435	0.00704	0.00231	0.00442	0.61242	0.00483	0.00472
7	0.00646	0.00524	0.00556	0.00554	0.00702	0.00452	0.00403	0.00779	0.01178	0.01456	0.14415	0.06845	0.59232	0.08986	0.00811	0.00207	0.00286	0.01056	0.00479	0.00434
8	0.01409	0.01501	0.08703	0.01128	0.04655	0.18975	0.00918	0.07110	0.07728	0.05241	0.04238	0.01289	0.01010	0.00518	0.00458	0.00123	0.00572	0.00399	0.00349	0.33677
9	0.00665	0.00529	0.00596	0.00579	0.00734	0.00461	0.00434	0.00842	0.01303	0.01682	0.34719	0.04559	0.48624	0.01216	0.00615	0.00171	0.00256	0.01036	0.00520	0.00461
10	0.01205	0.03361	0.12061	0.05151	0.20845	0.03559	0.08193	0.01571	0.06517	0.01524	0.00941	0.01251	0.00790	0.00650	0.00952	0.00185	0.29825	0.00465	0.00260	0.00693
11	0.00656	0.00465	0.00610	0.00718	0.00749	0.00439	0.00481	0.00743	0.00980	0.01306	0.02738	0.70160	0.03265	0.09952	0.00873	0.00243	0.00330	0.04413	0.00466	0.00414
12	0.01569	0.05461	0.12406	0.01158	0.01532	0.01364	0.01053	0.27394	0.14418	0.10905	0.01363	0.01415	0.01008	0.00747	0.03019	0.00187	0.10684	0.00475	0.03060	0.00783
13	0.01156	0.02852	0.17950	0.04440	0.03814	0.00960	0.01010	0.10778	0.03798	0.03540	0.11130	0.03556	0.01517	0.00639	0.00494	0.00142	0.00498	0.04282	0.02889	0.24556
14	0.00821	0.00815	0.02619	0.07048	0.04752	0.07515	0.00639	0.01007	0.01241	0.01510	0.15060	0.03935	0.48958	0.01090	0.00587	0.00169	0.00383	0.00912	0.00441	0.00499

[dist]
# distance from previous block
# <min> <max>
0	12

[block]
# block no. 6 follows, 47 sequences, length 38
# corresponding to MSA columns:
# 332-369
name=unknown_G
#
# <colnr> <probs for GDERKNQSTAVLIFYWHMCP>
#	G	D	E	R	K	N	Q	S	T	A	V	L	I	F	Y	W	H	M	C	P
0	0.30785	0.07711	0.26317	0.03322	0.01602	0.02726	0.01125	0.09014	0.06877	0.02048	0.02239	0.01192	0.00824	0.00541	0.00433	0.00160	0.00567	0.01510	0.00320	0.00688
1	0.04291	0.01013	0.02235	0.00933	0.01237	0.04076	0.00751	0.07505	0.25267	0.19877	0.14998	0.02242	0.04055	0.00748	0.00530	0.00162	0.00422	0.02599	0.01803	0.05257
2	0.06896	0.01041	0.01717	0.37749	0.27866	0.01154	0.06282	0.01463	0.02636	0.01582	0.01043	0.03625	0.00853	0.00532	0.00511	0.00166	0.00629	0.00493	0.03097	0.00664
3	0.00756	0.00509	0.00587	0.00587	0.00593	0.00515	0.00339	0.00769	0.00763	0.01024	0.01624	0.03313	0.01852	0.76255	0.08037	0.00528	0.00567	0.00743	0.00313	0.00326
4	0.01210	0.01436	0.06341	0.03719	0.02635	0.01326	0.67012	0.01635	0.01193	0.01635	0.01023	0.01374	0.00776	0.00472	0.00675	0.00178	0.05816	0.00591	0.00259	0.00695
5	0.00971	0.00485	0.00485	0.00485	0.00607	0.00485	0.00364	0.01213	0.01092	0.01942	0.01699	0.01942	0.01335	0.00607	0.00364	0.00121	0.00243	0.00485	0.84589	0.00485
6	0.01080	0.00926	0.01080	0.00771	0.01234	0.00694	0.00617	0.01311	0.01080	0.01697	0.00926	0.01080	0.00771	0.00386	0.00386	0.00077	0.00386	0.00309	0.00309	0.84882
7	0.00666	0.00531	0.00598	0.00586	0.00741	0.00463	0.00443	0.00843	0.01293	0.01662	0.32044	0.04623	0.49167	0.01229	0.00618	0.00173	0.00263	0.03079	0.00516	0.00460
8	0.01610	0.01162	0.01271	0.01072	0.01410	0.01289	0.00854	0.19759	0.48778	0.13974	0.01910	0.01758	0.01382	0.00678	0.00527	0.00170	0.00454	0.00551	0.00545	0.00848
9	0.85377	0.01007	0.00765	0.00685	0.01007	0.01168	0.00564	0.01531	0.00886	0.02336	0.00725	0.00846	0.00564	0.00483	0.00322	0.00161	0.00403	0.00282	0.00322	0.00564
10	0.00694	0.00529	0.00777	0.00813	0.00882	0.00497	0.05560	0.00814	0.01027	0.01378	0.06996	0.64030	0.03227	0.07400	0.00806	0.00229	0.00356	0.03085	0.00461	0.00439
11	0.01054	0.04904	0.76875	0.01468	0.02228	0.01233	0.01895	0.01647	0.01098	0.01637	0.00929	0.01092	0.00660	0.00493	0.00490	0.00163	0.00764	0.00382	0.00220	0.00767
12	0.00753	0.00506	0.00571	0.00570	0.00579	0.00503	0.00324	0.00765	0.00794	0.01058	0.04347	0.03470	0.04169	0.76669	0.02523	0.00484	0.00489	0.00773	0.00329	0.00325
13	0.01945	0.02482	0.01476	0.01342	0.01610	0.79608	0.01006	0.02079	0.01476	0.01275	0.00805	0.00939	0.00671	0.00537	0.00470	0.00134	0.00939	0.00335	0.00268	0.00604
14	0.85377	0.01007	0.00765	0.00685	0.01007	0.01168	0.00564	0.01531	0.00886	0.02336	0.00725	0.00846	0.00564	0.00483	0.00322	0.00161	0.00403	0.00282	0.00322	0.00564
15	0.01293	0.01270	0.01967	0.02895	0.67466	0.06561	0.01488	0.01579	0.01199	0.01652	0.01103	0.04601	0.00992	0.00548	0.00525	0.00158	0.00623	0.03022	0.00275	0.00782
16	0.00869	0.00681	0.00880	0.00854	0.00968	0.03830	0.00658	0.05322	0.00956	0.01335	0.01385	0.02034	0.01289	0.08114	0.65598	0.00734	0.01251	0.00554	0.02202	0.00486
17	0.12475	0.01236	0.01894	0.16994	0.39960	0.05238	0.09833	0.03305	0.01168	0.01728	0.00941	0.01243	0.00755	0.00482	0.00500	0.00160	0.00649	0.00450	0.00269	0.00721
18	0.00757	0.00505	0.00568	0.00568	0.00568	0.00505	0.00316	0.00757	0.00757	0.01010	0.01641	0.03408	0.01893	0.81698	0.02651	0.00505	0.00505	0.00757	0.00316	0.00316
19	0.00723	0.00497	0.00606	0.00636	0.00658	0.00495	0.00396	0.00775	0.00865	0.01168	0.06108	0.23676	0.02414	0.50037	0.08321	0.00437	0.00511	0.00940	0.00370	0.00365
20	0.02137	0.00858	0.01155	0.00903	0.01274	0.00755	0.00739	0.02386	0.04067	0.68342	0.09864	0.01995	0.01671	0.00690	0.00533	0.00162	0.00422	0.00569	0.00633	0.00844
21	0.00640	0.00467	0.00605	0.00709	0.00759	0.00431	0.00484	0.00743	0.01034	0.01361	0.04859	0.69430	0.11364	0.01580	0.00660	0.00207	0.00302	0.03451	0.00485	0.00428
22	0.01079	0.01023	0.01734	0.56334	0.26955	0.01182	0.01494	0.01414	0.01086	0.01446	0.00942	0.01357	0.00735	0.00503	0.00519	0.00168	0.00671	0.00463	0.00240	0.00655
23	0.33970	0.01365	0.03012	0.02649	0.08737	0.10708	0.00896	0.19928	0.10247	0.02325	0.01056	0.01140	0.00803	0.00549	0.00438	0.00158	0.00544	0.00392	0.00378	0.00707
24	0.00971	0.00485	0.00485	0.00485	0.00607	0.00485	0.00364	0.01213	0.01092	0.01942	0.01699	0.01942	0.01335	0.00607	0.00364	0.00121	0.00243	0.00485	0.84589	0.00485
25	0.85377	0.01007	0.00765	0.00685	0.01007	0.01168	0.00564	0.01531	0.00886	0.02336	0.00725	0.00846	0.00564	0.00483	0.00322	0.00161	0.00403	0.00282	0.00322	0.00564
26	0.01139	0.01139	0.01595	0.01367	0.01367	0.01595	0.01139	0.01253	0.00798	0.01253	0.00684	0.01139	0.00684	0.00911	0.01709	0.00228	0.80745	0.00456	0.00228	0.00570
27	0.00737	0.00532	0.00696	0.00655	0.00778	0.00491	0.00491	0.00983	0.01474	0.02088	0.78175	0.03890	0.04914	0.01065	0.00614	0.00164	0.00246	0.00942	0.00573	0.00491
28	0.00676	0.00482	0.00645	0.00750	0.00799	0.00457	0.00531	0.00797	0.01053	0.01407	0.08223	0.61962	0.03431	0.04253	0.00736	0.00222	0.00331	0.12327	0.00484	0.00433
29	0.01980	0.01459	0.01563	0.01198	0.01615	0.01615	0.00990	0.76713	0.02448	0.03282	0.01250	0.01250	0.00886	0.00625	0.00521	0.00156	0.00573	0.00469	0.00521	0.00886
30	0.04177	0.00866	0.01114	0.00892	0.01232	0.00802	0.00723	0.05281	0.07531	0.53409	0.16061	0.02131	0.01947	0.00722	0.00535	0.00163	0.00408	0.00597	0.00609	0.00800
31	0.01244	0.01192	0.02033	0.14478	0.67517	0.01226	0.01576	0.01559	0.01165	0.01647	0.00972	0.01303	0.00806	0.00472	0.00516	0.00157	0.00630	0.00464	0.00254	0.00789
32	0.05225	0.00920	0.01211	0.00932	0.01333	0.00823	0.00770	0.06334	0.01519	0.72231	0.01966	0.01713	0.01243	0.00638	0.00517	0.00161	0.00448	0.00512	0.00627	0.00875
33	0.00649	0.00461	0.00606	0.00710	0.00743	0.00433	0.00471	0.00741	0.01004	0.01345	0.06669	0.71531	0.03404	0.07586	0.00810	0.00231	0.00314	0.01399	0.00476	0.00418
34	0.01274	0.01223	0.02088	0.06837	0.74922	0.01234	0.01591	0.01586	0.01179	0.01684	0.00977	0.01294	0.00819	0.00467	0.00516	0.00156	0.00622	0.00464	0.00257	0.00813
35	0.01045	0.02694	0.79000	0.01484	0.02254	0.01209	0.01924	0.01649	0.01099	0.01649	0.00935	0.01099	0.00660	0.00495	0.00495	0.00165	0.00770	0.00385	0.00220	0.00770
36	0.00732	0.00528	0.00691	0.00659	0.00777	0.00488	0.00491	0.00969	0.01449	0.02049	0.74285	0.07892	0.04838	0.01094	0.00617	0.00166	0.00249	0.00970	0.00569	0.00488
37	0.01303	0.01291	0.04215	0.03041	0.70681	0.01253	0.04649	0.04157	0.01228	0.01752	0.00991	0.01287	0.00821	0.00469	0.00519	0.00156	0.00632	0.00468	0.00266	0.00820

[dist]
# distance from previous block
# <min> <max>
0	2

[block]
# block no. 7 follows, 47 sequences, length 12
# corresponding to MSA columns:
# 372-376,378-384
name=unknown_H
#
# <colnr> <probs for GDERKNQSTAVLIFYWHMCP>
#	G	D	E	R	K	N	Q	S	T	A	V	L	I	F	Y	W	H	M	C	P
0	0.01845	0.01392	0.01487	0.01171	0.01564	0.01552	0.00957	0.62200	0.17181	0.03065	0.01421	0.01386	0.01024	0.00641	0.00523	0.00160	0.00541	0.00492	0.00523	0.00874
1	0.01812	0.03739	0.01534	0.04969	0.04826	0.01469	0.00984	0.54938	0.07031	0.07107	0.01313	0.01335	0.00945	0.00608	0.00508	0.00154	0.00549	0.00470	0.02817	0.02891
2	0.07552	0.01112	0.01279	0.01011	0.01388	0.01148	0.00827	0.29270	0.10612	0.33852	0.05286	0.01642	0.01301	0.00654	0.00514	0.00161	0.00475	0.00515	0.00562	0.00839
3	0.00971	0.00485	0.00485	0.00485	0.00607	0.00485	0.00364	0.01213	0.01092	0.01942	0.01699	0.01942	0.01335	0.00607	0.00364	0.00121	0.00243	0.00485	0.84589	0.00485
4	0.00751	0.00509	0.00672	0.00741	0.00806	0.00485	0.00516	0.00861	0.01061	0.05683	0.08037	0.65004	0.07328	0.01498	0.00684	0.00204	0.02874	0.01337	0.00490	0.00459
5	0.00731	0.00532	0.00687	0.00649	0.00774	0.00489	0.00486	0.00971	0.01459	0.02053	0.74411	0.03948	0.08699	0.01078	0.00614	0.00164	0.00247	0.00950	0.00569	0.00489
6	0.00971	0.00485	0.00485	0.00485	0.00607	0.00485	0.00364	0.01213	0.01092	0.01942	0.01699	0.01942	0.01335	0.00607	0.00364	0.00121	0.00243	0.00485	0.84589	0.00485
7	0.05639	0.01150	0.01446	0.01262	0.01309	0.06791	0.01037	0.01284	0.00854	0.01307	0.00785	0.01225	0.00755	0.01244	0.11460	0.00295	0.60906	0.00451	0.00242	0.00558
8	0.01354	0.01277	0.08555	0.04031	0.43874	0.01146	0.06559	0.03975	0.05707	0.10404	0.06867	0.01565	0.01205	0.00550	0.00530	0.00160	0.00591	0.00517	0.00344	0.00790
9	0.06847	0.11211	0.52283	0.01411	0.07181	0.01254	0.01566	0.01595	0.01084	0.01657	0.00899	0.01064	0.00676	0.00476	0.00456	0.00149	0.00673	0.00364	0.00238	0.08915
10	0.00749	0.00512	0.00596	0.00591	0.00617	0.00509	0.00357	0.00791	0.00856	0.01153	0.10021	0.03444	0.05201	0.65323	0.06810	0.00474	0.00519	0.00779	0.00348	0.00348
11	0.04033	0.07225	0.08365	0.01298	0.09922	0.05372	0.02352	0.15849	0.12207	0.11727	0.11054	0.01897	0.01575	0.00678	0.00520	0.00161	0.00530	0.04045	0.00440	0.00747

[dist]
# distance from previous block
# <min> <max>
0	1

[block]
# block no. 8 follows, 47 sequences, length 28
# corresponding to MSA columns:
# 386-413
name=unknown_I
#
# <colnr> <probs for GDERKNQSTAVLIFYWHMCP>
#	G	D	E	R	K	N	Q	S	T	A	V	L	I	F	Y	W	H	M	C	P
0	0.01125	0.13286	0.62861	0.01436	0.02136	0.03489	0.05448	0.01650	0.01111	0.01583	0.00909	0.01075	0.00668	0.00487	0.00478	0.00157	0.00751	0.00381	0.00224	0.00748
1	0.04461	0.01148	0.06881	0.04066	0.01444	0.01088	0.00896	0.30281	0.03073	0.16931	0.07680	0.09438	0.01645	0.02514	0.00588	0.00176	0.00496	0.04750	0.01705	0.00738
2	0.01365	0.75896	0.08610	0.00937	0.01407	0.01995	0.00971	0.01566	0.01061	0.01258	0.00740	0.00856	0.00668	0.00449	0.00347	0.00116	0.00573	0.00287	0.00223	0.00676
3	0.01289	0.01237	0.02114	0.03196	0.78450	0.01237	0.01598	0.01598	0.01186	0.01701	0.00980	0.01289	0.00825	0.00464	0.00516	0.00155	0.00619	0.00464	0.00258	0.00825
4	0.00664	0.00528	0.00590	0.00611	0.00750	0.00465	0.00459	0.00807	0.01173	0.01462	0.12048	0.12239	0.50326	0.06264	0.00757	0.00205	0.00305	0.09424	0.00482	0.00440
5	0.00784	0.00587	0.00749	0.00674	0.00843	0.00519	0.00509	0.01023	0.01404	0.02010	0.64885	0.05658	0.04273	0.00982	0.00583	0.00153	0.00268	0.00865	0.00532	0.12698
6	0.00620	0.00521	0.00539	0.00549	0.00710	0.00439	0.00406	0.00751	0.01177	0.01416	0.06843	0.11949	0.69618	0.01341	0.00620	0.00179	0.00267	0.01130	0.00486	0.00439
7	0.01945	0.02482	0.01476	0.01342	0.01610	0.79608	0.01006	0.02079	0.01476	0.01275	0.00805	0.00939	0.00671	0.00537	0.00470	0.00134	0.00939	0.00335	0.00268	0.00604
8	0.85377	0.01007	0.00765	0.00685	0.01007	0.01168	0.00564	0.01531	0.00886	0.02336	0.00725	0.00846	0.00564	0.00483	0.00322	0.00161	0.00403	0.00282	0.00322	0.00564
9	0.01754	0.01502	0.01426	0.01175	0.01530	0.13174	0.00939	0.41739	0.26476	0.02626	0.01464	0.01427	0.01080	0.00638	0.00516	0.00160	0.00576	0.00488	0.00486	0.00824
10	0.01202	0.14796	0.56316	0.01311	0.01964	0.01269	0.01599	0.01681	0.01129	0.08558	0.01093	0.02866	0.00839	0.00550	0.00482	0.00159	0.00689	0.02476	0.00271	0.00749
11	0.01117	0.19241	0.63088	0.01361	0.02063	0.01387	0.01709	0.01630	0.01091	0.01561	0.00891	0.01044	0.00661	0.00484	0.00461	0.00154	0.00725	0.00363	0.00220	0.00748
12	0.01045	0.02694	0.79000	0.01484	0.02254	0.01209	0.01924	0.01649	0.01099	0.01649	0.00935	0.01099	0.00660	0.00495	0.00495	0.00165	0.00770	0.00385	0.00220	0.00770
13	0.00733	0.00532	0.00690	0.00651	0.00775	0.00490	0.00488	0.00974	0.01464	0.02064	0.75609	0.03929	0.07494	0.01074	0.00614	0.00164	0.00246	0.00947	0.00570	0.00490
14	0.05333	0.04128	0.10519	0.06215	0.06729	0.00961	0.00989	0.05048	0.02519	0.44787	0.01752	0.04223	0.03152	0.00643	0.00511	0.00162	0.00508	0.00525	0.00497	0.00799
15	0.01311	0.06401	0.07467	0.00859	0.01126	0.03946	0.00733	0.01529	0.01315	0.24522	0.25141	0.16963	0.02685	0.02868	0.00611	0.00175	0.00413	0.00797	0.00506	0.00631
16	0.00642	0.00459	0.00613	0.00734	0.00768	0.00430	0.00497	0.00739	0.01005	0.01338	0.02866	0.78460	0.03427	0.01624	0.00667	0.00213	0.00309	0.04302	0.00483	0.00425
17	0.00994	0.00919	0.01549	0.73332	0.06935	0.01130	0.01409	0.01314	0.01032	0.01329	0.00927	0.01392	0.00710	0.00575	0.00587	0.03917	0.00680	0.00462	0.00232	0.00574
18	0.04087	0.08418	0.53208	0.01573	0.09897	0.01237	0.05446	0.01618	0.01120	0.03423	0.02843	0.02959	0.00859	0.00527	0.00492	0.00161	0.00700	0.00433	0.00254	0.00745
19	0.01041	0.00972	0.01627	0.54513	0.21718	0.01124	0.01421	0.01367	0.01090	0.01438	0.01152	0.01740	0.02499	0.00585	0.00535	0.00173	0.00652	0.05462	0.00260	0.00629
20	0.00817	0.00577	0.00806	0.00922	0.01027	0.00574	0.00784	0.01024	0.01158	0.01510	0.02710	0.14748	0.02982	0.01474	0.00756	0.02994	0.00457	0.63743	0.00472	0.00465
21	0.01048	0.06054	0.66914	0.01392	0.02079	0.01202	0.01739	0.01639	0.04473	0.01636	0.01104	0.05172	0.00879	0.00574	0.00501	0.00167	0.00716	0.01714	0.00251	0.00745
22	0.03592	0.04020	0.54387	0.01410	0.02068	0.01153	0.08808	0.01752	0.01164	0.12934	0.01212	0.01316	0.02779	0.00531	0.00505	0.00164	0.00704	0.00440	0.00296	0.00764
23	0.04516	0.02430	0.68329	0.01388	0.02086	0.01148	0.01744	0.01640	0.01104	0.05245	0.01074	0.05086	0.00823	0.00557	0.00497	0.00167	0.00716	0.00441	0.00257	0.00750
24	0.01139	0.01084	0.01843	0.41133	0.41685	0.01198	0.01524	0.01467	0.01115	0.01519	0.00953	0.01338	0.00761	0.00492	0.00518	0.00164	0.00656	0.00463	0.00245	0.00704
25	0.21154	0.00957	0.01092	0.00894	0.01239	0.00962	0.00729	0.11311	0.05657	0.39261	0.04229	0.05611	0.01360	0.00692	0.00492	0.00166	0.00436	0.02462	0.00534	0.00762
26	0.01279	0.01133	0.01880	0.11014	0.58382	0.01154	0.01446	0.03423	0.01209	0.05489	0.01186	0.05208	0.01036	0.00573	0.00531	0.00163	0.00597	0.03226	0.00299	0.00772
