[name]
unknown

[dist]
# distance from previous block
# <min> <max>
0	30

[block]
# block no. 0 follows, 44 sequences, length 25
# corresponding to MSA columns:
# 30-47,51-57
name=unknown_A
#
# <colnr> <probs for GDERKNQSTAVLIFYWHMCP>
#	G	D	E	R	K	N	Q	S	T	A	V	L	I	F	Y	W	H	M	C	P
0	0.00879	0.00628	0.00879	0.01004	0.01130	0.00628	0.00879	0.01130	0.01255	0.01632	0.02887	0.06150	0.03138	0.01506	0.00753	0.00251	0.00502	0.73770	0.00502	0.00502
1	0.68233	0.01029	0.00894	0.00768	0.01122	0.01139	0.00633	0.01814	0.01054	0.17529	0.01038	0.01080	0.00742	0.00540	0.00380	0.00169	0.00430	0.00346	0.00405	0.00658
2	0.44914	0.01014	0.01198	0.38189	0.02338	0.01217	0.01030	0.01503	0.01005	0.01945	0.00859	0.01156	0.00655	0.00525	0.00436	0.00175	0.00567	0.00385	0.00292	0.00598
3	0.02072	0.01527	0.01636	0.01254	0.01691	0.01691	0.01036	0.75622	0.02563	0.03436	0.01309	0.01309	0.00927	0.00654	0.00545	0.00164	0.00600	0.00491	0.00545	0.00927
4	0.01030	0.00969	0.01635	0.79530	0.03755	0.01211	0.01514	0.01393	0.01090	0.01393	0.00969	0.01453	0.00727	0.00545	0.00545	0.00182	0.00727	0.00484	0.00242	0.00606
5	0.01030	0.00969	0.01635	0.79530	0.03755	0.01211	0.01514	0.01393	0.01090	0.01393	0.00969	0.01453	0.00727	0.00545	0.00545	0.00182	0.00727	0.00484	0.00242	0.00606
6	0.01433	0.01244	0.02062	0.10173	0.61754	0.01263	0.01566	0.04420	0.01301	0.07870	0.01120	0.01398	0.00892	0.00512	0.00541	0.00164	0.00639	0.00491	0.00310	0.00847
7	0.00766	0.00571	0.00814	0.00835	0.00905	0.00639	0.00619	0.00916	0.00903	0.01272	0.01808	0.19539	0.01906	0.11657	0.51316	0.00677	0.03234	0.00816	0.00342	0.00463
8	0.01302	0.01247	0.02126	0.14736	0.66423	0.01283	0.01649	0.01631	0.01219	0.01723	0.01017	0.01365	0.00843	0.00495	0.00541	0.00165	0.00659	0.00486	0.00266	0.00825
9	0.01358	0.01411	0.04601	0.28984	0.27831	0.11341	0.10120	0.01694	0.01244	0.04728	0.01036	0.01366	0.00805	0.00522	0.00547	0.00169	0.00748	0.00486	0.00278	0.00730
10	0.01989	0.01474	0.01582	0.01231	0.01647	0.01633	0.01010	0.69328	0.06488	0.03309	0.01412	0.03868	0.01052	0.00693	0.00551	0.00167	0.00582	0.00531	0.00545	0.00908
11	0.01144	0.01135	0.01682	0.64169	0.10289	0.07409	0.01483	0.01479	0.01133	0.01422	0.00957	0.01399	0.00737	0.00552	0.00574	0.00178	0.02905	0.00474	0.00248	0.00631
12	0.01708	0.01061	0.01379	0.01078	0.01479	0.01018	0.05735	0.04271	0.19872	0.29883	0.01719	0.01649	0.01218	0.00619	0.00571	0.00154	0.03757	0.00510	0.00509	0.21807
13	0.01348	0.01291	0.02166	0.03135	0.69038	0.01303	0.03921	0.01773	0.07242	0.01820	0.01123	0.01408	0.00926	0.00505	0.00544	0.00164	0.00639	0.00501	0.00293	0.00859
14	0.00763	0.00557	0.00717	0.00677	0.00809	0.00511	0.00508	0.01013	0.01523	0.02139	0.72417	0.04150	0.09908	0.01132	0.00643	0.00172	0.00258	0.00997	0.00594	0.00511
15	0.01144	0.01101	0.01932	0.55944	0.13379	0.01262	0.11813	0.04021	0.01188	0.01564	0.01007	0.01437	0.00766	0.00529	0.00558	0.00179	0.00739	0.00507	0.00261	0.00669
16	0.00788	0.00554	0.00714	0.00674	0.00803	0.00514	0.00506	0.01045	0.01517	0.02176	0.72169	0.03938	0.04896	0.01083	0.00626	0.00169	0.00257	0.00954	0.06104	0.00514
17	0.64069	0.01047	0.00933	0.00792	0.01151	0.01154	0.00653	0.04884	0.01128	0.18255	0.01073	0.01106	0.00763	0.00547	0.00390	0.00168	0.00438	0.00356	0.00417	0.00675
18	0.00664	0.00474	0.00633	0.00759	0.00791	0.00443	0.00506	0.00759	0.01044	0.01392	0.03005	0.80485	0.03606	0.01708	0.00696	0.00221	0.00316	0.01550	0.00506	0.00443
19	0.01130	0.00969	0.01130	0.00807	0.01292	0.00727	0.00646	0.01373	0.01130	0.01776	0.00969	0.01130	0.00807	0.00404	0.00404	0.00081	0.00404	0.00323	0.00323	0.84173
20	0.01252	0.01196	0.02037	0.26512	0.55034	0.01270	0.01625	0.01588	0.01195	0.01663	0.01008	0.01381	0.00822	0.00504	0.00541	0.00168	0.00672	0.00485	0.00261	0.00785
21	0.01261	0.01205	0.02053	0.24468	0.57011	0.01272	0.01629	0.01595	0.01199	0.01673	0.01010	0.01378	0.00826	0.00502	0.00541	0.00167	0.00670	0.00485	0.00262	0.00792
22	0.01752	0.02071	0.01779	0.02064	0.27346	0.47765	0.01272	0.01954	0.01399	0.01484	0.00897	0.01120	0.00758	0.00560	0.00587	0.00154	0.05652	0.00404	0.00275	0.00708
23	0.01203	0.01099	0.01164	0.00855	0.01323	0.06943	0.00678	0.01437	0.01164	0.01741	0.00959	0.01119	0.00799	0.00416	0.00411	0.00086	0.00450	0.00325	0.00320	0.77509
24	0.06827	0.01817	0.01530	0.19175	0.05919	0.39609	0.01140	0.01801	0.01295	0.01474	0.00875	0.01132	0.00719	0.00571	0.00598	0.00156	0.07400	0.00393	0.00275	0.07296

[dist]
# distance from previous block
# <min> <max>
0	1

[block]
# block no. 1 follows, 44 sequences, length 10
# corresponding to MSA columns:
# 59-68
name=unknown_B
#
# <colnr> <probs for GDERKNQSTAVLIFYWHMCP>
#	G	D	E	R	K	N	Q	S	T	A	V	L	I	F	Y	W	H	M	C	P
0	0.01049	0.01056	0.11406	0.00905	0.01189	0.00842	0.00807	0.16382	0.01595	0.02173	0.30929	0.11154	0.16239	0.01047	0.00612	0.00177	0.00412	0.00892	0.00512	0.00622
1	0.00777	0.00543	0.00652	0.00669	0.00684	0.00551	0.00414	0.00819	0.00898	0.01213	0.06625	0.21021	0.02499	0.54896	0.02133	0.00426	0.03455	0.00965	0.00384	0.00377
2	0.01317	0.01230	0.01935	0.02761	0.58093	0.01266	0.01450	0.01880	0.16688	0.01865	0.01367	0.05334	0.01161	0.00597	0.00550	0.00170	0.00587	0.00564	0.00340	0.00843
3	0.01253	0.00965	0.01143	0.00823	0.01301	0.00734	0.00660	0.01492	0.01171	0.08863	0.01079	0.01198	0.00858	0.00429	0.00417	0.00089	0.00409	0.00344	0.00356	0.76415
4	0.02080	0.01367	0.17053	0.01105	0.01598	0.00983	0.01062	0.10321	0.01571	0.51575	0.01806	0.01658	0.01170	0.00639	0.00536	0.00168	0.00542	0.00511	0.03368	0.00889
5	0.00907	0.00663	0.00736	0.00707	0.00780	0.00698	0.00454	0.01243	0.16399	0.01394	0.07538	0.03291	0.02156	0.58336	0.02157	0.00431	0.00488	0.00771	0.00397	0.00454
6	0.01502	0.10859	0.04433	0.01081	0.01382	0.16613	0.00883	0.12931	0.15736	0.06019	0.01725	0.17656	0.01580	0.00841	0.00536	0.00168	0.00569	0.00681	0.04096	0.00707
7	0.00824	0.00645	0.00749	0.00780	0.00903	0.00649	0.00557	0.01230	0.16592	0.01613	0.07333	0.37526	0.17344	0.07816	0.00824	0.00230	0.00351	0.02998	0.00507	0.00529
8	0.01061	0.00878	0.01020	0.00764	0.01149	0.00686	0.00581	0.01254	0.01061	0.01629	0.01123	0.01631	0.01049	0.16934	0.00891	0.00173	0.00429	0.00420	0.00325	0.66943
9	0.01131	0.01320	0.14913	0.01004	0.01548	0.00851	0.04075	0.01452	0.01141	0.01766	0.00976	0.01149	0.00788	0.00426	0.00434	0.00102	0.00497	0.00351	0.00304	0.65772

[dist]
# distance from previous block
# <min> <max>
5	17

[block]
# block no. 2 follows, 44 sequences, length 26
# corresponding to MSA columns:
# 87-112
name=unknown_C
#
# <colnr> <probs for GDERKNQSTAVLIFYWHMCP>
#	G	D	E	R	K	N	Q	S	T	A	V	L	I	F	Y	W	H	M	C	P
0	0.03556	0.02877	0.01274	0.02894	0.05642	0.01016	0.00809	0.15930	0.07206	0.08096	0.04805	0.08621	0.01391	0.00666	0.00499	0.00139	0.00457	0.00552	0.02285	0.31286
1	0.06098	0.03688	0.16732	0.02078	0.24458	0.03745	0.15356	0.07291	0.01285	0.01847	0.01178	0.03097	0.03140	0.00594	0.00643	0.00175	0.07012	0.00522	0.00297	0.00764
2	0.00947	0.00473	0.00710	0.00710	0.00710	0.00473	0.00473	0.00710	0.00710	0.00947	0.00947	0.01657	0.00947	0.01894	0.02131	0.84138	0.00473	0.00473	0.00237	0.00237
3	0.01458	0.81168	0.02857	0.00933	0.01399	0.02157	0.00933	0.01632	0.01108	0.01283	0.00758	0.00875	0.00700	0.00466	0.00350	0.00117	0.00583	0.00292	0.00233	0.00700
4	0.09448	0.44064	0.07980	0.00976	0.01429	0.05091	0.00942	0.01822	0.01213	0.15601	0.03686	0.01201	0.00966	0.00537	0.00416	0.00137	0.00564	0.00375	0.00342	0.03208
5	0.01301	0.01651	0.16433	0.02638	0.41157	0.04122	0.19303	0.01706	0.01247	0.01743	0.01073	0.01442	0.00871	0.00512	0.00564	0.00170	0.00751	0.02241	0.00270	0.00805
6	0.53117	0.01006	0.00979	0.00814	0.01184	0.01061	0.00671	0.02007	0.01171	0.31382	0.01293	0.01258	0.00882	0.00571	0.00418	0.00169	0.00438	0.00392	0.00467	0.00720
7	0.01878	0.01430	0.01526	0.01215	0.01616	0.01600	0.00989	0.55844	0.22658	0.03122	0.01556	0.01506	0.01128	0.00678	0.00548	0.00169	0.00554	0.00525	0.00548	0.00910
8	0.00764	0.00551	0.00722	0.00691	0.00813	0.00509	0.00514	0.01009	0.01506	0.02127	0.71671	0.09721	0.05030	0.01158	0.00647	0.00175	0.00262	0.01028	0.00593	0.00509
9	0.00813	0.00732	0.00705	0.00698	0.00871	0.05981	0.00517	0.01066	0.07025	0.01594	0.12662	0.15056	0.47728	0.01290	0.00634	0.00185	0.00341	0.01091	0.00505	0.00507
10	0.01323	0.09652	0.14413	0.10214	0.14964	0.03325	0.21288	0.03208	0.01209	0.04420	0.01012	0.01304	0.00793	0.00555	0.00690	0.00176	0.09943	0.00493	0.00276	0.00743
11	0.02037	0.02598	0.01545	0.01404	0.01685	0.78652	0.01053	0.02177	0.01545	0.01334	0.00843	0.00983	0.00702	0.00562	0.00492	0.00140	0.00983	0.00351	0.00281	0.00632
12	0.00779	0.00584	0.00876	0.00876	0.00974	0.00681	0.00681	0.00974	0.00876	0.01266	0.01460	0.02142	0.01363	0.04089	0.78680	0.00876	0.01460	0.00584	0.00292	0.00487
13	0.01477	0.01251	0.02010	0.10066	0.48133	0.01308	0.04036	0.08780	0.01356	0.08988	0.01134	0.01396	0.00890	0.00557	0.00632	0.00171	0.06161	0.00497	0.00329	0.00828
14	0.02090	0.01415	0.01622	0.01241	0.01676	0.01521	0.03713	0.58851	0.04123	0.15908	0.01465	0.01425	0.01013	0.00653	0.00550	0.00166	0.00585	0.00509	0.00558	0.00919
15	0.00793	0.00535	0.00624	0.00639	0.00653	0.00536	0.00388	0.00821	0.00841	0.01120	0.01858	0.07318	0.02128	0.69408	0.04378	0.00502	0.00539	0.06217	0.00350	0.00352
16	0.84691	0.01054	0.00801	0.00717	0.01054	0.01223	0.00590	0.01603	0.00928	0.02446	0.00759	0.00886	0.00590	0.00506	0.00337	0.00169	0.00422	0.00295	0.00337	0.00590
17	0.00756	0.00550	0.00703	0.00677	0.00797	0.00506	0.00498	0.00982	0.01455	0.02031	0.63651	0.09161	0.10231	0.04693	0.00741	0.00191	0.00274	0.01027	0.00575	0.00498
18	0.00737	0.00536	0.00694	0.00696	0.00804	0.00493	0.00506	0.00946	0.01400	0.01943	0.54176	0.23237	0.09237	0.01279	0.00656	0.00185	0.00273	0.01137	0.00571	0.00493
19	0.02116	0.01363	0.01528	0.01168	0.01604	0.01442	0.00964	0.55419	0.02267	0.20516	0.01488	0.01427	0.01019	0.00648	0.00540	0.00161	0.00560	0.00496	0.00565	0.04710
20	0.01931	0.14046	0.01757	0.01394	0.03915	0.65149	0.01054	0.02082	0.01472	0.01340	0.00836	0.00978	0.00707	0.00546	0.00472	0.00138	0.00915	0.00346	0.00274	0.00649
21	0.01130	0.00969	0.01130	0.00807	0.01292	0.00727	0.00646	0.01373	0.01130	0.01776	0.00969	0.01130	0.00807	0.00404	0.00404	0.00081	0.00404	0.00323	0.00323	0.84173
22	0.02037	0.02598	0.01545	0.01404	0.01685	0.78652	0.01053	0.02177	0.01545	0.01334	0.00843	0.00983	0.00702	0.00562	0.00492	0.00140	0.00983	0.00351	0.00281	0.00632
23	0.00940	0.00680	0.00818	0.00815	0.00932	0.00685	0.00581	0.13966	0.01345	0.01807	0.11246	0.45167	0.05641	0.10143	0.02370	0.00250	0.00403	0.01183	0.00501	0.00525
24	0.00671	0.00484	0.00636	0.00745	0.00790	0.00449	0.00503	0.00780	0.01089	0.01454	0.08589	0.71757	0.06732	0.01651	0.00690	0.00216	0.00310	0.01492	0.00513	0.00449
25	0.61124	0.01145	0.01054	0.02923	0.01302	0.01308	0.02926	0.12937	0.06970	0.02535	0.00970	0.01070	0.00734	0.00546	0.00400	0.00170	0.00472	0.00365	0.00381	0.00667

[dist]
# distance from previous block
# <min> <max>
6	39

[block]
# block no. 3 follows, 44 sequences, length 88
# corresponding to MSA columns:
# 161-248
name=unknown_D
#
# <colnr> <probs for GDERKNQSTAVLIFYWHMCP>
#	G	D	E	R	K	N	Q	S	T	A	V	L	I	F	Y	W	H	M	C	P
0	0.08609	0.26678	0.42219	0.01287	0.01912	0.01535	0.03339	0.01706	0.01127	0.03907	0.00923	0.01072	0.00708	0.00514	0.00482	0.00157	0.02447	0.00371	0.00255	0.00751
1	0.01279	0.01084	0.06203	0.00921	0.01346	0.00853	0.00778	0.09871	0.03259	0.08037	0.01431	0.12766	0.01286	0.00660	0.00485	0.00126	0.00445	0.00551	0.00403	0.48215
2	0.00932	0.10713	0.06392	0.00785	0.01050	0.06632	0.00678	0.01158	0.02999	0.01561	0.12270	0.05489	0.39594	0.02661	0.00626	0.00177	0.00420	0.02796	0.00441	0.02626
3	0.01442	0.69534	0.02576	0.00911	0.01343	0.01934	0.00887	0.01626	0.01172	0.05167	0.08078	0.01227	0.01154	0.00538	0.00387	0.00124	0.00546	0.00370	0.00290	0.00693
4	0.01808	0.09082	0.01637	0.01166	0.01567	0.01595	0.00968	0.52265	0.11044	0.02886	0.01364	0.01406	0.01020	0.00879	0.05993	0.00209	0.00632	0.00488	0.00492	0.03501
5	0.80560	0.05031	0.00903	0.00728	0.01071	0.01269	0.00607	0.01604	0.00937	0.02388	0.00759	0.00885	0.00596	0.00504	0.00338	0.00166	0.00430	0.00295	0.00332	0.00596
6	0.02091	0.01497	0.01618	0.01240	0.01676	0.01647	0.01025	0.72000	0.02513	0.07128	0.01351	0.01336	0.00948	0.00655	0.00546	0.00164	0.00593	0.00494	0.00552	0.00927
7	0.01355	0.62209	0.17093	0.01035	0.01543	0.01906	0.01109	0.01609	0.01100	0.01356	0.00848	0.01061	0.00762	0.04465	0.00502	0.00148	0.00623	0.00338	0.00237	0.00702
8	0.00768	0.06272	0.04699	0.00837	0.00961	0.00634	0.02311	0.00924	0.01120	0.01506	0.11818	0.59791	0.03384	0.01461	0.00655	0.00205	0.00366	0.01315	0.00480	0.00494
9	0.01112	0.06709	0.74285	0.01523	0.02312	0.01310	0.01961	0.01722	0.01149	0.01704	0.00967	0.01137	0.00691	0.00515	0.00510	0.00170	0.00795	0.00397	0.00230	0.00800
10	0.01240	0.02368	0.52143	0.01382	0.02017	0.09634	0.01606	0.06599	0.01281	0.01797	0.01119	0.05116	0.00890	0.00588	0.00512	0.00163	0.00736	0.00459	0.03752	0.06600
11	0.01458	0.81168	0.02857	0.00933	0.01399	0.02157	0.00933	0.01632	0.01108	0.01283	0.00758	0.00875	0.00700	0.00466	0.00350	0.00117	0.00583	0.00292	0.00233	0.00700
12	0.01486	0.77269	0.02792	0.00956	0.01413	0.05954	0.00939	0.01659	0.01129	0.01285	0.00762	0.00880	0.00700	0.00471	0.00357	0.00118	0.00603	0.00294	0.00236	0.00696
13	0.00680	0.00487	0.00647	0.00748	0.00794	0.00453	0.00507	0.00799	0.01117	0.01508	0.13840	0.69318	0.03831	0.01621	0.00688	0.00214	0.00308	0.01467	0.00520	0.00453
14	0.01341	0.01287	0.02198	0.05245	0.75604	0.01293	0.01669	0.01666	0.01238	0.01771	0.01024	0.01352	0.00860	0.00487	0.00540	0.00162	0.00650	0.00486	0.00269	0.00857
15	0.01893	0.01485	0.04211	0.01229	0.01650	0.01588	0.01029	0.56232	0.18170	0.04538	0.01506	0.01468	0.01083	0.00668	0.00546	0.00169	0.00569	0.00515	0.00539	0.00909
16	0.02242	0.00910	0.01219	0.00951	0.01341	0.00806	0.00779	0.04314	0.03223	0.66607	0.09771	0.02072	0.01732	0.00720	0.00558	0.00169	0.00446	0.00593	0.00661	0.00884
17	0.00664	0.00474	0.00633	0.00759	0.00791	0.00443	0.00506	0.00759	0.01044	0.01392	0.03005	0.80485	0.03606	0.01708	0.00696	0.00221	0.00316	0.01550	0.00506	0.00443
18	0.74437	0.01060	0.00906	0.04921	0.01223	0.01254	0.00681	0.01571	0.00930	0.02311	0.00767	0.00937	0.00606	0.00539	0.00450	0.00174	0.05997	0.00318	0.00325	0.00592
19	0.01349	0.01295	0.02213	0.03346	0.77440	0.01295	0.01673	0.01673	0.01241	0.01781	0.01025	0.01349	0.00864	0.00486	0.00540	0.00162	0.00648	0.00486	0.00270	0.00864
20	0.01300	0.01281	0.02289	0.12676	0.57248	0.01297	0.12552	0.01649	0.01229	0.01728	0.01030	0.01380	0.00841	0.00489	0.00556	0.00168	0.00698	0.00509	0.00267	0.00813
21	0.01030	0.00969	0.01635	0.79530	0.03755	0.01211	0.01514	0.01393	0.01090	0.01393	0.00969	0.01453	0.00727	0.00545	0.00545	0.00182	0.00727	0.00484	0.00242	0.00606
22	0.01128	0.01033	0.01737	0.58071	0.20730	0.01204	0.01509	0.01476	0.01147	0.03157	0.03014	0.01507	0.00888	0.00549	0.00546	0.00177	0.00690	0.00499	0.00267	0.00670
23	0.01458	0.81168	0.02857	0.00933	0.01399	0.02157	0.00933	0.01632	0.01108	0.01283	0.00758	0.00875	0.00700	0.00466	0.00350	0.00117	0.00583	0.00292	0.00233	0.00700
24	0.84691	0.01054	0.00801	0.00717	0.01054	0.01223	0.00590	0.01603	0.00928	0.02446	0.00759	0.00886	0.00590	0.00506	0.00337	0.00169	0.00422	0.00295	0.00337	0.00590
25	0.01344	0.01337	0.03437	0.06825	0.69468	0.02959	0.03293	0.01673	0.01240	0.01752	0.01020	0.01346	0.00850	0.00490	0.00541	0.00163	0.00667	0.00485	0.00268	0.00843
26	0.04318	0.01335	0.01484	0.01339	0.08816	0.03166	0.00985	0.44899	0.09917	0.04803	0.04162	0.03597	0.02872	0.00693	0.00539	0.00165	0.00545	0.00551	0.03143	0.02669
27	0.02326	0.00949	0.01259	0.00981	0.01387	0.00852	0.00805	0.04931	0.05841	0.69194	0.02150	0.03876	0.01412	0.00704	0.00552	0.00171	0.00463	0.00576	0.00659	0.00912
28	0.01233	0.00990	0.01167	0.00866	0.01305	0.00818	0.00693	0.06717	0.01237	0.05089	0.01136	0.05148	0.00976	0.00518	0.00484	0.00103	0.03219	0.00411	0.00360	0.67531
29	0.00795	0.00600	0.00757	0.00783	0.00913	0.00535	0.00549	0.03182	0.01107	0.01527	0.02570	0.63153	0.02998	0.01431	0.00636	0.00193	0.00341	0.01287	0.00473	0.16170
30	0.01229	0.01523	0.10156	0.04159	0.04379	0.01300	0.59328	0.01677	0.01252	0.01720	0.01173	0.05195	0.00944	0.00526	0.00623	0.00181	0.00855	0.00648	0.00283	0.02850
31	0.01123	0.00969	0.01166	0.06318	0.01464	0.00761	0.00707	0.01374	0.01128	0.01750	0.00969	0.01153	0.00802	0.00414	0.00414	0.00088	0.00426	0.00334	0.00317	0.78323
32	0.00664	0.00474	0.00633	0.00759	0.00791	0.00443	0.00506	0.00759	0.01044	0.01392	0.03005	0.80485	0.03606	0.01708	0.00696	0.00221	0.00316	0.01550	0.00506	0.00443
33	0.01356	0.01171	0.01233	0.01109	0.01418	0.01356	0.00863	0.02897	0.76455	0.02281	0.02219	0.02034	0.01664	0.00740	0.00555	0.00185	0.00431	0.00616	0.00555	0.00863
34	0.01583	0.01195	0.01462	0.06666	0.12391	0.01313	0.01038	0.13231	0.39959	0.12391	0.01824	0.01768	0.01338	0.00670	0.00550	0.00176	0.00511	0.00562	0.00508	0.00864
35	0.00770	0.00585	0.00731	0.00803	0.00943	0.00546	0.00661	0.00967	0.01247	0.01577	0.07014	0.11303	0.31090	0.01458	0.00703	0.00220	0.00393	0.37999	0.00508	0.00482
36	0.01287	0.01471	0.03217	0.02298	0.02849	0.01379	0.75460	0.01746	0.01287	0.01746	0.01103	0.01471	0.00827	0.00460	0.00643	0.00184	0.00919	0.00643	0.00276	0.00735
37	0.01030	0.00969	0.01635	0.79530	0.03755	0.01211	0.01514	0.01393	0.01090	0.01393	0.00969	0.01453	0.00727	0.00545	0.00545	0.00182	0.00727	0.00484	0.00242	0.00606
38	0.00880	0.00669	0.00794	0.00770	0.00908	0.02556	0.00572	0.01196	0.07925	0.04249	0.42193	0.20517	0.10494	0.01204	0.00666	0.00185	0.02075	0.01051	0.00554	0.00542
39	0.01036	0.00923	0.01298	0.02733	0.01252	0.01225	0.00954	0.01198	0.00883	0.01366	0.01067	0.01591	0.00994	0.01954	0.27089	0.00438	0.44862	0.00516	0.08071	0.00552
40	0.00661	0.00551	0.00577	0.00575	0.00748	0.00466	0.00429	0.00812	0.01274	0.01559	0.14341	0.07420	0.65998	0.01358	0.00646	0.00184	0.00275	0.01142	0.00518	0.00466
41	0.50624	0.01143	0.01112	0.10158	0.01531	0.01307	0.00812	0.19654	0.01365	0.04483	0.01005	0.02885	0.00777	0.00578	0.00426	0.00170	0.00500	0.00400	0.00389	0.00680
42	0.01103	0.01001	0.01666	0.62753	0.10741	0.01172	0.02819	0.01449	0.01123	0.03472	0.01042	0.02756	0.00811	0.00552	0.00541	0.00174	0.00690	0.00498	0.00266	0.05371
43	0.00664	0.00474	0.00633	0.00759	0.00791	0.00443	0.00506	0.00759	0.01044	0.01392	0.03005	0.80485	0.03606	0.01708	0.00696	0.00221	0.00316	0.01550	0.00506	0.00443
44	0.00705	0.00555	0.00636	0.00616	0.00774	0.00486	0.00462	0.00900	0.01386	0.01813	0.39653	0.04687	0.42876	0.01254	0.00644	0.00178	0.00267	0.01072	0.00551	0.00486
45	0.01186	0.13629	0.57410	0.01387	0.02064	0.03253	0.01690	0.01689	0.01162	0.04288	0.01127	0.06686	0.00919	0.00601	0.00507	0.00167	0.00733	0.00471	0.00267	0.00765
46	0.01339	0.01357	0.05409	0.03217	0.72453	0.01296	0.01668	0.01704	0.03016	0.01791	0.01052	0.01357	0.00875	0.00493	0.00539	0.00163	0.00649	0.00485	0.00275	0.00861
47	0.00847	0.00684	0.01006	0.00967	0.01048	0.00843	0.00765	0.01029	0.00869	0.01273	0.01338	0.01986	0.01257	0.03576	0.66098	0.00772	0.14287	0.00567	0.00283	0.00505
48	0.83052	0.01052	0.00811	0.00722	0.01061	0.01215	0.00595	0.01624	0.00940	0.03948	0.00787	0.00905	0.00606	0.00509	0.00342	0.00169	0.00423	0.00300	0.00344	0.00597
49	0.01489	0.78629	0.02806	0.00934	0.01399	0.02114	0.00929	0.01665	0.01122	0.03705	0.00802	0.00906	0.00720	0.00473	0.00356	0.00118	0.00579	0.00300	0.00247	0.00707
50	0.03514	0.67282	0.02608	0.01000	0.01435	0.13810	0.00943	0.01715	0.01170	0.01318	0.00771	0.00891	0.00697	0.00482	0.00371	0.00121	0.00640	0.00301	0.00243	0.00687
51	0.00782	0.00591	0.00841	0.00835	0.00924	0.00673	0.00635	0.00948	0.00891	0.01257	0.01756	0.02501	0.06728	0.12748	0.62431	0.00771	0.03263	0.00645	0.00310	0.00469
52	0.01219	0.01636	0.17051	0.02147	0.11238	0.01293	0.46144	0.01674	0.01264	0.01768	0.06386	0.01572	0.01105	0.00530	0.00632	0.00179	0.02527	0.00600	0.00288	0.00745
53	0.09902	0.01144	0.01417	0.09581	0.05790	0.01184	0.00972	0.25154	0.01746	0.33607	0.03053	0.01566	0.01127	0.00637	0.00528	0.00168	0.00536	0.00505	0.00533	0.00849
54	0.00879	0.00628	0.00879	0.01004	0.01130	0.00628	0.00879	0.01130	0.01255	0.01632	0.02887	0.06150	0.03138	0.01506	0.00753	0.00251	0.00502	0.73770	0.00502	0.00502
55	0.00880	0.00606	0.00709	0.00694	0.00741	0.00625	0.00447	0.06063	0.00959	0.01287	0.01785	0.06762	0.01986	0.60880	0.09040	0.00505	0.00604	0.04667	0.00359	0.00400
56	0.00940	0.00738	0.01114	0.15883	0.06963	0.00784	0.01053	0.01217	0.01223	0.01597	0.02397	0.04934	0.02527	0.01255	0.00699	0.00232	0.00554	0.54907	0.00437	0.00547
57	0.01458	0.81168	0.02857	0.00933	0.01399	0.02157	0.00933	0.01632	0.01108	0.01283	0.00758	0.00875	0.00700	0.00466	0.00350	0.00117	0.00583	0.00292	0.00233	0.00700
58	0.01175	0.00995	0.01148	0.07900	0.03379	0.01109	0.00871	0.05267	0.42254	0.02030	0.04043	0.02988	0.13858	0.00915	0.00593	0.00191	0.00450	0.09598	0.00507	0.00728
59	0.01373	0.01315	0.03620	0.03250	0.74033	0.01282	0.01657	0.01700	0.01248	0.03768	0.01054	0.01359	0.00873	0.00491	0.00540	0.00162	0.00646	0.00486	0.00280	0.00864
60	0.00664	0.00474	0.00633	0.00759	0.00791	0.00443	0.00506	0.00759	0.01044	0.01392	0.03005	0.80485	0.03606	0.01708	0.00696	0.00221	0.00316	0.01550	0.00506	0.00443
61	0.02037	0.02598	0.01545	0.01404	0.01685	0.78652	0.01053	0.02177	0.01545	0.01334	0.00843	0.00983	0.00702	0.00562	0.00492	0.00140	0.00983	0.00351	0.00281	0.00632
62	0.01775	0.01214	0.03548	0.01739	0.24331	0.01153	0.01121	0.18435	0.03326	0.24106	0.04699	0.01592	0.01210	0.00604	0.00535	0.00158	0.00543	0.00511	0.00473	0.08927
63	0.00873	0.00623	0.00872	0.00998	0.01121	0.00623	0.00869	0.01120	0.01249	0.01625	0.02890	0.08107	0.03150	0.01511	0.00752	0.00250	0.00497	0.71868	0.00502	0.00500
64	0.01287	0.01471	0.03217	0.02298	0.02849	0.01379	0.75460	0.01746	0.01287	0.01746	0.01103	0.01471	0.00827	0.00460	0.00643	0.00184	0.00919	0.00643	0.00276	0.00735
65	0.01195	0.01199	0.01706	0.01452	0.01465	0.01663	0.02942	0.01322	0.00846	0.01322	0.00725	0.01199	0.00718	0.00943	0.01762	0.00237	0.77984	0.00481	0.00239	0.00600
66	0.01958	0.01445	0.01561	0.01200	0.01634	0.01567	0.00987	0.63398	0.06482	0.04873	0.01347	0.01345	0.00966	0.00637	0.00533	0.00158	0.00570	0.00484	0.00529	0.08326
67	0.00771	0.00585	0.00721	0.00667	0.00832	0.00518	0.00503	0.01002	0.01453	0.02011	0.57092	0.04108	0.19659	0.01120	0.00627	0.00168	0.00271	0.00973	0.00561	0.06360
68	0.31130	0.00972	0.01103	0.00882	0.01274	0.00948	0.00728	0.02289	0.01340	0.51531	0.01665	0.01517	0.01085	0.00616	0.00475	0.00169	0.00449	0.00460	0.00557	0.00810
69	0.01477	0.01240	0.03915	0.01108	0.01439	0.04413	0.00893	0.02740	0.60043	0.10634	0.04499	0.02005	0.01667	0.00729	0.00553	0.00180	0.00465	0.00602	0.00547	0.00848
70	0.00664	0.00474	0.00633	0.00759	0.00791	0.00443	0.00506	0.00759	0.01044	0.01392	0.03005	0.80485	0.03606	0.01708	0.00696	0.00221	0.00316	0.01550	0.00506	0.00443
71	0.07029	0.02024	0.39666	0.07532	0.23654	0.01277	0.07808	0.01681	0.01168	0.01771	0.00986	0.01236	0.00746	0.00505	0.00524	0.00171	0.00738	0.00444	0.00254	0.00787
72	0.01365	0.01351	0.02282	0.03193	0.68425	0.03688	0.08262	0.01695	0.01255	0.01764	0.01027	0.01349	0.00855	0.00486	0.00548	0.00163	0.00682	0.00496	0.00271	0.00845
73	0.00667	0.00476	0.00632	0.00755	0.00786	0.00445	0.00502	0.00760	0.01038	0.01384	0.02975	0.78708	0.03568	0.03536	0.00744	0.00229	0.00321	0.01532	0.00502	0.00440
74	0.01016	0.00508	0.00508	0.00508	0.00635	0.00508	0.00381	0.01270	0.01143	0.02033	0.01778	0.02033	0.01397	0.00635	0.00381	0.00127	0.00254	0.00508	0.83867	0.00508
75	0.01251	0.01534	0.18095	0.03950	0.34001	0.01214	0.08925	0.01781	0.10182	0.03751	0.01490	0.03442	0.04374	0.00624	0.00562	0.00175	0.00652	0.02872	0.00328	0.00796
76	0.01095	0.01009	0.01654	0.72941	0.05992	0.01239	0.01494	0.05349	0.01173	0.01514	0.00989	0.01442	0.00742	0.00549	0.00545	0.00180	0.00717	0.00485	0.00259	0.00631
77	0.00780	0.00580	0.00856	0.00856	0.00947	0.00671	0.00657	0.00961	0.00870	0.01251	0.01478	0.02242	0.01406	0.09462	0.73366	0.00852	0.01395	0.00599	0.00295	0.00476
78	0.01117	0.02984	0.01726	0.01408	0.01516	0.01412	0.11310	0.01301	0.00934	0.01388	0.02923	0.03294	0.01024	0.01439	0.14851	0.00336	0.49625	0.00552	0.00268	0.00593
79	0.00973	0.00734	0.00996	0.01053	0.06405	0.00713	0.03045	0.05758	0.03005	0.04290	0.17425	0.11870	0.17162	0.01227	0.00663	0.00202	0.00420	0.22979	0.00508	0.00571
80	0.06634	0.04952	0.01127	0.02935	0.01143	0.02409	0.02073	0.01162	0.00941	0.01432	0.02929	0.01822	0.01208	0.05120	0.36091	0.05256	0.12759	0.00523	0.06047	0.03437
81	0.19711	0.01365	0.07155	0.06756	0.40571	0.03951	0.05656	0.01649	0.01167	0.01882	0.00984	0.01299	0.00808	0.00510	0.00497	0.00165	0.00631	0.01539	0.00286	0.03417
82	0.01456	0.42865	0.02365	0.01624	0.20842	0.10775	0.01136	0.01667	0.01188	0.01445	0.00915	0.01214	0.00831	0.00537	0.00491	0.00140	0.03944	0.02923	0.00261	0.03381
83	0.01258	0.01167	0.01870	0.05520	0.49560	0.01219	0.03295	0.03290	0.06765	0.01777	0.01421	0.07096	0.03841	0.00665	0.00640	0.00174	0.06085	0.00598	0.02982	0.00778
84	0.01805	0.01950	0.01337	0.01203	0.01468	0.50557	0.00906	0.03470	0.05262	0.09435	0.01452	0.01648	0.05853	0.06413	0.04704	0.00214	0.00841	0.00482	0.00360	0.00641
85	0.01101	0.06522	0.01203	0.00889	0.03866	0.00825	0.00679	0.03660	0.01210	0.01777	0.06742	0.06649	0.06951	0.00623	0.00462	0.00112	0.00406	0.00517	0.00366	0.55441
86	0.00813	0.00670	0.03494	0.00915	0.03380	0.00622	0.00667	0.01028	0.04376	0.03402	0.03950	0.46613	0.08018	0.01892	0.13443	0.00320	0.02336	0.03092	0.00456	0.00514
87	0.00912	0.00757	0.00805	0.00769	0.00958	0.03368	0.00564	0.06232	0.06510	0.01648	0.03297	0.28446	0.27400	0.05282	0.00723	0.00199	0.00375	0.01055	0.00474	0.10227

[dist]
# distance from previous block
# <min> <max>
0	19

# created by:
# /st0/software/busco_prod/Augustus/scripts/msa2prfl.pl ./align_prep/203818.fa
