[name]
unknown

[dist]
# distance from previous block
# <min> <max>
0	46

[block]
# block no. 0 follows, 44 sequences, length 18
# corresponding to MSA columns:
# 46-63
name=unknown_A
#
# <colnr> <probs for GDERKNQSTAVLIFYWHMCP>
#	G	D	E	R	K	N	Q	S	T	A	V	L	I	F	Y	W	H	M	C	P
0	0.01728	0.01613	0.01638	0.05028	0.05634	0.18594	0.05295	0.24187	0.11707	0.02297	0.04150	0.01764	0.02483	0.00730	0.00629	0.00181	0.03634	0.02637	0.00449	0.05621
1	0.01494	0.01069	0.01139	0.02782	0.01298	0.06321	0.00769	0.19300	0.11480	0.12811	0.04688	0.09224	0.06352	0.06563	0.04987	0.00233	0.00546	0.00684	0.05551	0.02709
2	0.02336	0.01264	0.01174	0.05561	0.01406	0.18673	0.00830	0.12270	0.04224	0.03849	0.05446	0.21227	0.06101	0.01042	0.02728	0.00193	0.04226	0.00776	0.00424	0.06250
3	0.00942	0.00784	0.00849	0.00823	0.00995	0.05129	0.00605	0.04546	0.05932	0.01671	0.10005	0.32755	0.10546	0.05759	0.00740	0.00203	0.00399	0.04985	0.00472	0.11862
4	0.00723	0.00570	0.00647	0.00666	0.00798	0.00524	0.00478	0.00949	0.05880	0.01596	0.16302	0.24536	0.36959	0.05908	0.00773	0.00211	0.00308	0.01175	0.00515	0.00482
5	0.01801	0.05929	0.01510	0.01131	0.01510	0.01503	0.00928	0.49281	0.14029	0.05130	0.01551	0.04821	0.01190	0.00701	0.00531	0.00164	0.00532	0.00547	0.06357	0.00854
6	0.01212	0.00778	0.00844	0.00750	0.00961	0.00814	0.00584	0.15775	0.05995	0.02211	0.01697	0.05452	0.01387	0.00976	0.07113	0.00203	0.00446	0.00555	0.46874	0.05371
7	0.06871	0.01950	0.01484	0.01363	0.05028	0.43852	0.01016	0.11040	0.01537	0.06150	0.03063	0.01331	0.03510	0.00655	0.00636	0.00160	0.08882	0.00439	0.00351	0.00681
8	0.00930	0.00716	0.00966	0.13923	0.01312	0.00789	0.02789	0.05047	0.00971	0.01300	0.01560	0.06814	0.01681	0.50120	0.04570	0.00422	0.04581	0.00737	0.00329	0.00445
9	0.01796	0.01126	0.01308	0.01012	0.01416	0.01096	0.00816	0.28607	0.04229	0.22689	0.01571	0.05010	0.01197	0.04046	0.00612	0.00163	0.00493	0.00528	0.00514	0.21771
10	0.01382	0.01080	0.01285	0.08215	0.01570	0.01133	0.00874	0.20247	0.11649	0.04819	0.01528	0.05814	0.03201	0.00840	0.04075	0.00186	0.05833	0.00544	0.03182	0.22545
11	0.00961	0.00686	0.00872	0.00927	0.05327	0.00655	0.00617	0.06158	0.03019	0.04885	0.08140	0.40018	0.04759	0.10632	0.00875	0.00229	0.00389	0.01084	0.02458	0.07311
12	0.03004	0.00950	0.01166	0.05489	0.03201	0.00903	0.00771	0.08225	0.05552	0.08668	0.03283	0.12082	0.01440	0.04800	0.00683	0.00163	0.04422	0.00599	0.00410	0.34187
13	0.01222	0.01048	0.01391	0.07699	0.07160	0.01088	0.04324	0.11217	0.09293	0.01876	0.01432	0.11664	0.01327	0.05118	0.00790	0.00182	0.09202	0.00617	0.00379	0.22971
14	0.01085	0.02875	0.01168	0.01213	0.10868	0.04604	0.02453	0.10179	0.02911	0.01775	0.05403	0.35042	0.06637	0.03098	0.00656	0.00190	0.00456	0.00982	0.00442	0.07963
15	0.01377	0.01160	0.03996	0.11974	0.10031	0.04431	0.01026	0.15954	0.07458	0.07149	0.01606	0.15646	0.01462	0.03010	0.00658	0.00183	0.03167	0.00679	0.01644	0.07391
16	0.04872	0.01192	0.01411	0.20617	0.08462	0.08146	0.01039	0.12492	0.03210	0.03012	0.03208	0.04725	0.01095	0.03590	0.00618	0.00166	0.02242	0.00503	0.00353	0.19045
17	0.01439	0.01286	0.01458	0.06324	0.09485	0.10444	0.03254	0.16521	0.06179	0.03963	0.01488	0.04999	0.05007	0.05246	0.00745	0.00179	0.06213	0.00554	0.00386	0.14831

[dist]
# distance from previous block
# <min> <max>
35	56

[block]
# block no. 1 follows, 44 sequences, length 9
# corresponding to MSA columns:
# 127-135
name=unknown_B
#
# <colnr> <probs for GDERKNQSTAVLIFYWHMCP>
#	G	D	E	R	K	N	Q	S	T	A	V	L	I	F	Y	W	H	M	C	P
0	0.06486	0.01115	0.02021	0.01690	0.07849	0.01135	0.32899	0.01502	0.04463	0.01756	0.09457	0.09243	0.01607	0.00916	0.04382	0.02132	0.07937	0.00706	0.02053	0.00650
1	0.00940	0.00660	0.00825	0.00904	0.08286	0.00591	0.00591	0.01108	0.01272	0.09793	0.15014	0.08194	0.40333	0.08079	0.00811	0.00210	0.00354	0.00986	0.00500	0.00546
2	0.01105	0.00665	0.00792	0.12688	0.01209	0.00716	0.00617	0.07694	0.01230	0.01985	0.01560	0.01857	0.01225	0.00705	0.00534	0.05611	0.00371	0.00501	0.58393	0.00542
3	0.01259	0.01123	0.01724	0.33535	0.09114	0.03322	0.06976	0.01621	0.05943	0.07436	0.01164	0.04072	0.00948	0.00687	0.00837	0.00192	0.18523	0.00540	0.00310	0.00673
4	0.08282	0.19044	0.01758	0.06112	0.01637	0.04396	0.00961	0.36513	0.01834	0.09058	0.01198	0.01256	0.00886	0.00592	0.00477	0.00153	0.00578	0.00432	0.04032	0.00801
5	0.01718	0.01160	0.01347	0.07167	0.01592	0.01244	0.00906	0.37980	0.07256	0.14130	0.09570	0.04909	0.04070	0.03636	0.00645	0.00184	0.00518	0.00631	0.00537	0.00800
6	0.01230	0.00892	0.01076	0.01019	0.03993	0.02390	0.02269	0.16486	0.07490	0.07976	0.14845	0.27525	0.06718	0.02669	0.00661	0.00194	0.00425	0.00969	0.00525	0.00649
7	0.07021	0.10963	0.09301	0.03144	0.12046	0.27268	0.01149	0.10659	0.03500	0.01785	0.01136	0.07483	0.01002	0.00640	0.00500	0.00157	0.00717	0.00487	0.00329	0.00712
8	0.01609	0.07712	0.07007	0.04277	0.03257	0.09805	0.04027	0.23925	0.14859	0.05529	0.01413	0.04182	0.01123	0.03252	0.00597	0.00173	0.00614	0.00521	0.00428	0.05689

[dist]
# distance from previous block
# <min> <max>
2	37

[block]
# block no. 2 follows, 44 sequences, length 84
# corresponding to MSA columns:
# 174-228,235-263
name=unknown_C
#
# <colnr> <probs for GDERKNQSTAVLIFYWHMCP>
#	G	D	E	R	K	N	Q	S	T	A	V	L	I	F	Y	W	H	M	C	P
0	0.40287	0.08955	0.10441	0.05382	0.01589	0.05678	0.07201	0.05483	0.01143	0.02055	0.02207	0.04041	0.00874	0.02038	0.00480	0.00173	0.00578	0.00427	0.00322	0.00648
1	0.37691	0.07145	0.05018	0.00979	0.01332	0.16931	0.00828	0.11275	0.02661	0.02163	0.04118	0.01367	0.05269	0.00612	0.00439	0.00160	0.00574	0.00419	0.00364	0.00655
2	0.53484	0.07752	0.02566	0.00941	0.01300	0.05476	0.07707	0.01644	0.03017	0.03471	0.03664	0.01319	0.04617	0.00574	0.00413	0.00166	0.00507	0.00411	0.00347	0.00623
3	0.57210	0.05889	0.06827	0.02964	0.07802	0.02716	0.02069	0.04358	0.01074	0.03659	0.00856	0.01002	0.00663	0.00513	0.00393	0.00165	0.00511	0.00342	0.00327	0.00658
4	0.11419	0.18094	0.24050	0.07806	0.06906	0.03027	0.03127	0.07849	0.04859	0.03862	0.01027	0.01178	0.00786	0.00528	0.00469	0.00157	0.00646	0.00403	0.00306	0.03502
5	0.44098	0.01047	0.03967	0.00984	0.02947	0.01039	0.07545	0.01648	0.01103	0.14375	0.01524	0.09199	0.05117	0.02616	0.00520	0.00185	0.00478	0.00556	0.00406	0.00645
6	0.12292	0.01084	0.01310	0.28305	0.03729	0.05819	0.01031	0.15526	0.01377	0.03608	0.05387	0.07767	0.01255	0.00811	0.00677	0.07877	0.00589	0.00565	0.00365	0.00627
7	0.12260	0.60846	0.02427	0.00962	0.01391	0.10310	0.00904	0.03072	0.01159	0.01478	0.00778	0.00896	0.00690	0.00485	0.00367	0.00127	0.00606	0.00302	0.00258	0.00682
8	0.00951	0.00498	0.00756	0.04612	0.00861	0.00510	0.00525	0.00744	0.00729	0.00969	0.00948	0.01647	0.00936	0.01827	0.02052	0.79982	0.00486	0.00474	0.00237	0.00255
9	0.01302	0.01102	0.01158	0.01033	0.01332	0.01241	0.00806	0.08527	0.58428	0.02247	0.02670	0.02486	0.13623	0.00835	0.00568	0.00183	0.00421	0.00691	0.00546	0.00804
10	0.01545	0.01265	0.01339	0.01148	0.01490	0.01444	0.00909	0.22060	0.56984	0.02585	0.01979	0.01843	0.01470	0.00717	0.00552	0.00179	0.00476	0.00583	0.00552	0.00880
11	0.02072	0.01527	0.01636	0.01254	0.01691	0.01691	0.01036	0.75622	0.02563	0.03436	0.01309	0.01309	0.00927	0.00654	0.00545	0.00164	0.00600	0.00491	0.00545	0.00927
12	0.00865	0.00596	0.00699	0.00655	0.00816	0.00539	0.00485	0.02320	0.01337	0.07144	0.31167	0.04236	0.33145	0.10976	0.02429	0.00234	0.00342	0.00980	0.00528	0.00506
13	0.00675	0.00481	0.00636	0.00749	0.00785	0.00450	0.00500	0.00775	0.01062	0.01423	0.07005	0.73496	0.03630	0.04574	0.00769	0.00230	0.00321	0.01491	0.00505	0.00443
14	0.00669	0.00495	0.00626	0.00716	0.00783	0.00452	0.00490	0.00785	0.01119	0.01469	0.09345	0.60878	0.16975	0.01602	0.00682	0.00211	0.00304	0.01433	0.00514	0.00452
15	0.00824	0.00553	0.00622	0.00615	0.00627	0.00557	0.00352	0.02730	0.00843	0.01125	0.01731	0.04938	0.01985	0.77294	0.02678	0.00513	0.00526	0.00799	0.00339	0.00348
16	0.33480	0.00860	0.00883	0.00783	0.01045	0.00897	0.00611	0.05616	0.01247	0.16474	0.13288	0.11942	0.03909	0.05944	0.00645	0.00199	0.00404	0.00673	0.00478	0.00622
17	0.00683	0.00496	0.00614	0.00700	0.00749	0.00460	0.00462	0.00768	0.01031	0.01347	0.03170	0.55893	0.14564	0.15143	0.01042	0.00268	0.00346	0.01360	0.00476	0.00426
18	0.00920	0.00490	0.00730	0.00730	0.00743	0.00503	0.00498	0.00748	0.00735	0.00993	0.01036	0.01772	0.01030	0.04233	0.12426	0.70793	0.00607	0.00497	0.00247	0.00273
19	0.37682	0.01003	0.01051	0.00863	0.01230	0.01034	0.00707	0.06099	0.04079	0.34297	0.04260	0.01563	0.02690	0.00634	0.00463	0.00169	0.00441	0.00467	0.00512	0.00756
20	0.43753	0.00922	0.00930	0.00788	0.01112	0.00961	0.00641	0.01817	0.01237	0.25450	0.15552	0.01782	0.01679	0.00672	0.00459	0.00169	0.00404	0.00503	0.00490	0.00679
21	0.00675	0.00489	0.00620	0.00719	0.00765	0.00453	0.00478	0.00765	0.01042	0.01368	0.03167	0.64257	0.11894	0.09481	0.00895	0.00247	0.00333	0.01429	0.00489	0.00434
22	0.00800	0.00579	0.00781	0.00884	0.00991	0.00560	0.00723	0.01004	0.01225	0.01605	0.09012	0.24192	0.09043	0.01515	0.00722	0.00232	0.00420	0.44715	0.00511	0.00485
23	0.00780	0.00579	0.00849	0.00849	0.00937	0.00667	0.00648	0.00956	0.00868	0.01245	0.01485	0.02279	0.01423	0.11498	0.71353	0.00843	0.01370	0.00604	0.00296	0.00472
24	0.00779	0.00584	0.00876	0.00876	0.00974	0.00681	0.00681	0.00974	0.00876	0.01266	0.01460	0.02142	0.01363	0.04089	0.78680	0.00876	0.01460	0.00584	0.00292	0.00487
25	0.05603	0.00624	0.00755	0.00693	0.00874	0.00582	0.00534	0.01243	0.01430	0.10860	0.46581	0.03638	0.13227	0.01026	0.00593	0.00170	0.00297	0.02304	0.08409	0.00559
26	0.01035	0.00600	0.00707	0.00665	0.00732	0.00585	0.00415	0.02526	0.00941	0.11445	0.01820	0.06422	0.01942	0.65246	0.02346	0.00460	0.00513	0.00785	0.00388	0.00427
27	0.01437	0.01456	0.01531	0.03852	0.01616	0.26484	0.15295	0.01665	0.02911	0.07524	0.05762	0.05765	0.05234	0.14469	0.00951	0.00230	0.00716	0.02132	0.00368	0.00602
28	0.00673	0.00481	0.00640	0.00753	0.00793	0.00448	0.00507	0.00781	0.01083	0.01455	0.08892	0.74418	0.03728	0.01661	0.00692	0.00217	0.00312	0.01505	0.00514	0.00448
29	0.02269	0.01035	0.01310	0.01024	0.01434	0.00984	0.00840	0.12322	0.10479	0.59131	0.02048	0.01804	0.01331	0.00680	0.00549	0.00170	0.00478	0.00549	0.00644	0.00920
30	0.01130	0.00969	0.01130	0.00807	0.01292	0.00727	0.00646	0.01373	0.01130	0.01776	0.00969	0.01130	0.00807	0.00404	0.00404	0.00081	0.00404	0.00323	0.00323	0.84173
31	0.01934	0.20793	0.01829	0.01260	0.01595	0.54628	0.01005	0.02088	0.01444	0.07395	0.00927	0.01027	0.00753	0.00549	0.00463	0.00137	0.00849	0.00353	0.00301	0.00671
32	0.01287	0.01471	0.03217	0.02298	0.02849	0.01379	0.75460	0.01746	0.01287	0.01746	0.01103	0.01471	0.00827	0.00460	0.00643	0.00184	0.00919	0.00643	0.00276	0.00735
33	0.01340	0.01157	0.01218	0.01097	0.01403	0.01336	0.00853	0.02850	0.74799	0.02263	0.02292	0.02105	0.03328	0.00754	0.00557	0.00185	0.00428	0.00628	0.00554	0.00854
34	0.01182	0.01000	0.01158	0.00832	0.01314	0.00780	0.00668	0.05467	0.01210	0.01868	0.00988	0.01140	0.00814	0.00418	0.00412	0.00085	0.00415	0.00332	0.00335	0.79582
35	0.01434	0.01046	0.01221	0.01052	0.01322	0.01161	0.00836	0.30348	0.13151	0.05703	0.01690	0.08975	0.01445	0.01869	0.25686	0.00402	0.00819	0.00640	0.00468	0.00731
36	0.03443	0.01082	0.01745	0.50528	0.03072	0.01264	0.11459	0.01759	0.16749	0.01654	0.01241	0.01561	0.00931	0.00573	0.00555	0.00182	0.00683	0.00528	0.00314	0.00676
37	0.01458	0.81168	0.02857	0.00933	0.01399	0.02157	0.00933	0.01632	0.01108	0.01283	0.00758	0.00875	0.00700	0.00466	0.00350	0.00117	0.00583	0.00292	0.00233	0.00700
38	0.01015	0.02619	0.02466	0.01050	0.01270	0.00884	0.06701	0.02925	0.19879	0.01872	0.13463	0.13880	0.05463	0.01143	0.00651	0.00206	0.00458	0.22933	0.00502	0.00620
39	0.00779	0.00584	0.00876	0.00876	0.00974	0.00681	0.00681	0.00974	0.00876	0.01266	0.01460	0.02142	0.01363	0.04089	0.78680	0.00876	0.01460	0.00584	0.00292	0.00487
40	0.00783	0.00526	0.00605	0.00614	0.00619	0.00526	0.00353	0.00795	0.00814	0.01087	0.01805	0.09178	0.02084	0.72908	0.04719	0.00516	0.00539	0.00843	0.00342	0.00343
41	0.00669	0.00500	0.00619	0.00700	0.00776	0.00454	0.00481	0.00785	0.01123	0.01462	0.08841	0.55232	0.21732	0.03030	0.00717	0.00214	0.00306	0.01398	0.00510	0.00450
42	0.01286	0.01616	0.15893	0.02725	0.42490	0.01314	0.23188	0.01704	0.01239	0.01761	0.01040	0.01350	0.00822	0.00484	0.00566	0.00170	0.00755	0.00517	0.00265	0.00816
43	0.01349	0.01295	0.02213	0.03346	0.77440	0.01295	0.01673	0.01673	0.01241	0.01781	0.01025	0.01349	0.00864	0.00486	0.00540	0.00162	0.00648	0.00486	0.00270	0.00864
44	0.00664	0.00474	0.00633	0.00759	0.00791	0.00443	0.00506	0.00759	0.01044	0.01392	0.03005	0.80485	0.03606	0.01708	0.00696	0.00221	0.00316	0.01550	0.00506	0.00443
45	0.00748	0.00527	0.00665	0.00744	0.00813	0.00500	0.00513	0.03612	0.01158	0.01579	0.08885	0.62039	0.07539	0.01531	0.00662	0.00207	0.00316	0.01373	0.06118	0.00472
46	0.12982	0.02086	0.01354	0.01235	0.01501	0.55677	0.00939	0.03543	0.01391	0.01520	0.00928	0.01139	0.00784	0.01048	0.11372	0.00247	0.00966	0.00379	0.00296	0.00613
47	0.00664	0.00474	0.00633	0.00759	0.00791	0.00443	0.00506	0.00759	0.01044	0.01392	0.03005	0.80485	0.03606	0.01708	0.00696	0.00221	0.00316	0.01550	0.00506	0.00443
48	0.01255	0.01209	0.02049	0.11512	0.56264	0.01252	0.04834	0.01567	0.01211	0.01704	0.02842	0.01608	0.04709	0.00575	0.00621	0.00171	0.05009	0.00536	0.00284	0.00787
49	0.73196	0.01096	0.00895	0.00778	0.01121	0.01259	0.00639	0.10042	0.01130	0.02553	0.02697	0.01012	0.00741	0.00538	0.00369	0.00168	0.00438	0.00335	0.00368	0.00627
50	0.01493	0.76409	0.02777	0.00961	0.01417	0.06791	0.00940	0.01665	0.01134	0.01286	0.00763	0.00881	0.00700	0.00472	0.00358	0.00118	0.00607	0.00295	0.00236	0.00696
51	0.01458	0.81168	0.02857	0.00933	0.01399	0.02157	0.00933	0.01632	0.01108	0.01283	0.00758	0.00875	0.00700	0.00466	0.00350	0.00117	0.00583	0.00292	0.00233	0.00700
52	0.81983	0.01050	0.00817	0.00725	0.01065	0.01209	0.00597	0.01637	0.00949	0.04928	0.00805	0.00918	0.00615	0.00512	0.00344	0.00169	0.00423	0.00304	0.00348	0.00602
53	0.00792	0.00530	0.00604	0.00604	0.00607	0.00534	0.00342	0.00799	0.00796	0.01064	0.01709	0.03521	0.01962	0.78313	0.05275	0.00540	0.00559	0.00786	0.00329	0.00335
54	0.01138	0.01222	0.10771	0.36066	0.05525	0.01134	0.12636	0.01538	0.02620	0.05848	0.12464	0.01834	0.01455	0.00633	0.00604	0.00180	0.02754	0.00580	0.00330	0.00667
55	0.00868	0.00620	0.00866	0.00992	0.01113	0.00618	0.00860	0.01111	0.01245	0.01620	0.02892	0.09829	0.03161	0.01516	0.00750	0.00250	0.00493	0.70195	0.00502	0.00499
56	0.02037	0.02598	0.01545	0.01404	0.01685	0.78652	0.01053	0.02177	0.01545	0.01334	0.00843	0.00983	0.00702	0.00562	0.00492	0.00140	0.00983	0.00351	0.00281	0.00632
57	0.04536	0.08034	0.30159	0.04634	0.09934	0.03286	0.18091	0.01785	0.07149	0.01732	0.01067	0.01290	0.00816	0.00538	0.00594	0.00173	0.04667	0.00475	0.00277	0.00762
58	0.00752	0.00558	0.00702	0.00671	0.00809	0.00508	0.00507	0.00989	0.01484	0.02048	0.62777	0.04331	0.17590	0.01171	0.00646	0.00176	0.00267	0.02929	0.00581	0.00505
59	0.00663	0.00478	0.00629	0.00749	0.00788	0.00444	0.00502	0.00760	0.01054	0.01396	0.03129	0.76760	0.07250	0.01692	0.00693	0.00220	0.00314	0.01530	0.00506	0.00444
60	0.00850	0.00650	0.00874	0.00920	0.06931	0.00623	0.00626	0.01183	0.05650	0.02159	0.66976	0.03744	0.04612	0.01044	0.00630	0.00171	0.00298	0.00926	0.00571	0.00561
61	0.18837	0.01229	0.01288	0.01019	0.01403	0.01328	0.00838	0.40962	0.01913	0.13997	0.01362	0.01373	0.00966	0.00621	0.00484	0.00160	0.00505	0.00458	0.08964	0.02291
62	0.00751	0.00893	0.13845	0.00916	0.01091	0.00601	0.01956	0.00950	0.01086	0.01486	0.05604	0.62662	0.03127	0.01462	0.00663	0.00211	0.00407	0.01318	0.00459	0.00512
63	0.00935	0.00478	0.00701	0.00701	0.00701	0.00478	0.00462	0.00717	0.00717	0.00956	0.01008	0.01809	0.01029	0.08162	0.02182	0.77500	0.00478	0.00499	0.00244	0.00244
64	0.00971	0.00890	0.00945	0.00930	0.01045	0.12892	0.00702	0.01136	0.00984	0.01267	0.01469	0.06394	0.01432	0.09498	0.56082	0.00697	0.01248	0.00617	0.00305	0.00495
65	0.00670	0.00552	0.00579	0.00590	0.00752	0.00474	0.00440	0.00806	0.01212	0.01464	0.06287	0.07962	0.64310	0.06501	0.00789	0.00211	0.00306	0.05144	0.00496	0.00454
66	0.00879	0.00628	0.00879	0.01004	0.01130	0.00628	0.00879	0.01130	0.01255	0.01632	0.02887	0.06150	0.03138	0.01506	0.00753	0.00251	0.00502	0.73770	0.00502	0.00502
67	0.84691	0.01054	0.00801	0.00717	0.01054	0.01223	0.00590	0.01603	0.00928	0.02446	0.00759	0.00886	0.00590	0.00506	0.00337	0.00169	0.00422	0.00295	0.00337	0.00590
68	0.00663	0.00478	0.00629	0.00750	0.00788	0.00444	0.00502	0.00760	0.01052	0.01395	0.03115	0.77185	0.06834	0.01694	0.00694	0.00220	0.00315	0.01532	0.00506	0.00444
69	0.00947	0.00473	0.00710	0.00710	0.00710	0.00473	0.00473	0.00710	0.00710	0.00947	0.00947	0.01657	0.00947	0.01894	0.02131	0.84138	0.00473	0.00473	0.00237	0.00237
70	0.01130	0.00969	0.01130	0.00807	0.01292	0.00727	0.00646	0.01373	0.01130	0.01776	0.00969	0.01130	0.00807	0.00404	0.00404	0.00081	0.00404	0.00323	0.00323	0.84173
71	0.00702	0.00510	0.00654	0.00753	0.00812	0.00478	0.00520	0.02009	0.01101	0.01451	0.04547	0.64348	0.10927	0.03823	0.00748	0.00226	0.00331	0.05105	0.00503	0.00454
72	0.00796	0.00562	0.00702	0.00674	0.00817	0.00507	0.00502	0.01011	0.01434	0.04731	0.52246	0.11058	0.20513	0.01209	0.00645	0.00179	0.00274	0.01056	0.00574	0.00511
73	0.00779	0.00584	0.00876	0.00876	0.00974	0.00681	0.00681	0.00974	0.00876	0.01266	0.01460	0.02142	0.01363	0.04089	0.78680	0.00876	0.01460	0.00584	0.00292	0.00487
74	0.06465	0.01379	0.01472	0.01156	0.01558	0.01519	0.00948	0.56190	0.09689	0.07780	0.01445	0.01427	0.01031	0.00655	0.00527	0.00165	0.00548	0.00497	0.04668	0.00882
75	0.00981	0.00692	0.00918	0.00997	0.01147	0.00705	0.00864	0.07052	0.01353	0.01797	0.02700	0.05538	0.02866	0.01390	0.00716	0.00237	0.00496	0.63912	0.05103	0.00536
76	0.00664	0.00474	0.00633	0.00759	0.00791	0.00443	0.00506	0.00759	0.01044	0.01392	0.03005	0.80485	0.03606	0.01708	0.00696	0.00221	0.00316	0.01550	0.00506	0.00443
77	0.00664	0.00474	0.00633	0.00759	0.00791	0.00443	0.00506	0.00759	0.01044	0.01392	0.03005	0.80485	0.03606	0.01708	0.00696	0.00221	0.00316	0.01550	0.00506	0.00443
78	0.00666	0.00499	0.00619	0.00704	0.00779	0.00452	0.00484	0.00782	0.01124	0.01462	0.08372	0.57300	0.21593	0.01590	0.00680	0.00209	0.00303	0.01417	0.00512	0.00452
79	0.01130	0.00969	0.01130	0.00807	0.01292	0.00727	0.00646	0.01373	0.01130	0.01776	0.00969	0.01130	0.00807	0.00404	0.00404	0.00081	0.00404	0.00323	0.00323	0.84173
80	0.01548	0.01257	0.01333	0.01138	0.01475	0.01431	0.00899	0.23884	0.53085	0.02583	0.01942	0.01865	0.01459	0.02822	0.00610	0.00188	0.00483	0.00585	0.00546	0.00867
81	0.64839	0.01024	0.00913	0.00778	0.01136	0.01121	0.00641	0.01857	0.01080	0.20639	0.01095	0.01120	0.00774	0.00547	0.00388	0.00169	0.00432	0.00356	0.00419	0.00672
82	0.01062	0.00999	0.01672	0.71809	0.09555	0.01221	0.01513	0.01447	0.02710	0.01443	0.01000	0.01458	0.00758	0.00544	0.00545	0.00180	0.00714	0.00487	0.00251	0.00632
83	0.02047	0.01600	0.01629	0.02983	0.01736	0.07790	0.01048	0.68163	0.02450	0.03224	0.01264	0.01286	0.00905	0.00645	0.00541	0.00162	0.00633	0.00480	0.00518	0.00897

[dist]
# distance from previous block
# <min> <max>
0	31

[block]
# block no. 3 follows, 44 sequences, length 54
# corresponding to MSA columns:
# 295-323,325-327,333-342,346-357
name=unknown_D
#
# <colnr> <probs for GDERKNQSTAVLIFYWHMCP>
#	G	D	E	R	K	N	Q	S	T	A	V	L	I	F	Y	W	H	M	C	P
0	0.17553	0.01430	0.01717	0.02162	0.38122	0.10675	0.01245	0.15001	0.01456	0.02145	0.01113	0.01304	0.02665	0.00551	0.00499	0.00161	0.00627	0.00450	0.00339	0.00785
1	0.00858	0.00646	0.00713	0.00672	0.00871	0.00595	0.00512	0.01191	0.09973	0.06037	0.22367	0.04401	0.46747	0.01203	0.00628	0.00180	0.00300	0.01015	0.00544	0.00546
2	0.01141	0.00990	0.01201	0.00864	0.01346	0.00763	0.03110	0.01421	0.02919	0.01787	0.01003	0.01163	0.00828	0.00414	0.00415	0.00087	0.00421	0.00340	0.00327	0.79459
3	0.01138	0.00636	0.00844	0.00752	0.00941	0.00575	0.00578	0.01379	0.01527	0.18920	0.57516	0.06683	0.04240	0.01041	0.00624	0.00173	0.00305	0.00912	0.00613	0.00603
4	0.09545	0.00535	0.00716	0.00708	0.00742	0.00552	0.00482	0.00804	0.00735	0.01104	0.00949	0.01631	0.00939	0.03939	0.01964	0.73196	0.00470	0.00464	0.00250	0.00276
5	0.01109	0.00946	0.01107	0.00805	0.01269	0.00714	0.00639	0.01344	0.01126	0.01759	0.01064	0.04815	0.00937	0.00464	0.00417	0.00087	0.00400	0.00380	0.00331	0.80285
6	0.00793	0.00529	0.00595	0.00595	0.00595	0.00529	0.00330	0.00793	0.00793	0.01057	0.01718	0.03568	0.01982	0.80840	0.02775	0.00529	0.00529	0.00793	0.00330	0.00330
7	0.00891	0.00543	0.00721	0.00767	0.00864	0.00497	0.00540	0.01027	0.01189	0.10548	0.14778	0.57217	0.05350	0.01484	0.00669	0.00206	0.00323	0.01332	0.00541	0.00512
8	0.00917	0.00633	0.00764	0.00715	0.00884	0.00596	0.00537	0.01240	0.08078	0.07656	0.42173	0.07725	0.20604	0.04173	0.00712	0.00191	0.00306	0.00978	0.00566	0.00554
9	0.00720	0.00511	0.00656	0.00745	0.00786	0.00488	0.00495	0.02572	0.01067	0.01429	0.06011	0.64603	0.03383	0.12621	0.00978	0.00260	0.00350	0.01395	0.00487	0.00442
10	0.02072	0.01527	0.01636	0.01254	0.01691	0.01691	0.01036	0.75622	0.02563	0.03436	0.01309	0.01309	0.00927	0.00654	0.00545	0.00164	0.00600	0.00491	0.00545	0.00927
11	0.00853	0.00525	0.00573	0.00570	0.00628	0.00517	0.00361	0.00954	0.00970	0.01448	0.06204	0.03215	0.06338	0.46773	0.01786	0.00363	0.00413	0.00736	0.26369	0.00404
12	0.00988	0.00581	0.00675	0.00638	0.00709	0.00557	0.00398	0.01027	0.00932	0.10787	0.02130	0.03509	0.08963	0.63262	0.02294	0.00451	0.00497	0.00796	0.00390	0.00418
13	0.65917	0.00974	0.00833	0.00750	0.01061	0.01086	0.00604	0.01622	0.01011	0.10656	0.01172	0.10165	0.01022	0.00663	0.00402	0.00175	0.00414	0.00468	0.00394	0.00611
14	0.84691	0.01054	0.00801	0.00717	0.01054	0.01223	0.00590	0.01603	0.00928	0.02446	0.00759	0.00886	0.00590	0.00506	0.00337	0.00169	0.00422	0.00295	0.00337	0.00590
15	0.02119	0.00856	0.01157	0.00912	0.01278	0.00744	0.00743	0.02336	0.01549	0.63183	0.14744	0.02315	0.03995	0.00767	0.00567	0.00170	0.00424	0.00637	0.00658	0.00846
16	0.00781	0.00575	0.00829	0.00829	0.00910	0.00656	0.00623	0.00943	0.00862	0.01231	0.01503	0.02380	0.01466	0.16894	0.66016	0.00818	0.01305	0.00619	0.00298	0.00461
17	0.04793	0.00883	0.01180	0.00924	0.01305	0.00776	0.00757	0.02409	0.01538	0.65457	0.12031	0.02119	0.01828	0.00728	0.00554	0.00169	0.00435	0.00598	0.00654	0.00863
18	0.00664	0.00474	0.00633	0.00759	0.00791	0.00443	0.00506	0.00759	0.01044	0.01392	0.03005	0.80485	0.03606	0.01708	0.00696	0.00221	0.00316	0.01550	0.00506	0.00443
19	0.00667	0.00511	0.00608	0.00672	0.00767	0.00457	0.00468	0.00788	0.01148	0.01470	0.09114	0.44764	0.31557	0.03472	0.00723	0.00211	0.00302	0.01341	0.00508	0.00452
20	0.01130	0.00969	0.01130	0.00807	0.01292	0.00727	0.00646	0.01373	0.01130	0.01776	0.00969	0.01130	0.00807	0.00404	0.00404	0.00081	0.00404	0.00323	0.00323	0.84173
21	0.00779	0.00584	0.00876	0.00876	0.00974	0.00681	0.00681	0.00974	0.00876	0.01266	0.01460	0.02142	0.01363	0.04089	0.78680	0.00876	0.01460	0.00584	0.00292	0.00487
22	0.00793	0.00529	0.00595	0.00595	0.00595	0.00529	0.00330	0.00793	0.00793	0.01057	0.01718	0.03568	0.01982	0.80840	0.02775	0.00529	0.00529	0.00793	0.00330	0.00330
23	0.11689	0.00694	0.00824	0.00730	0.00951	0.00655	0.00569	0.01399	0.01430	0.17429	0.43093	0.03373	0.13099	0.00983	0.00585	0.00172	0.00322	0.00831	0.00570	0.00601
24	0.00662	0.00481	0.00626	0.00741	0.00786	0.00444	0.00498	0.00761	0.01061	0.01399	0.03224	0.73937	0.10012	0.01680	0.00691	0.00218	0.00313	0.01515	0.00506	0.00444
25	0.00947	0.00473	0.00710	0.00710	0.00710	0.00473	0.00473	0.00710	0.00710	0.00947	0.00947	0.01657	0.00947	0.01894	0.02131	0.84138	0.00473	0.00473	0.00237	0.00237
26	0.01403	0.01453	0.01989	0.23647	0.36215	0.14679	0.06661	0.04414	0.01305	0.01656	0.00994	0.01321	0.00798	0.00519	0.00540	0.00165	0.00745	0.00473	0.00275	0.00746
27	0.01130	0.00969	0.01130	0.00807	0.01292	0.00727	0.00646	0.01373	0.01130	0.01776	0.00969	0.01130	0.00807	0.00404	0.00404	0.00081	0.00404	0.00323	0.00323	0.84173
28	0.01130	0.00969	0.01130	0.00807	0.01292	0.00727	0.00646	0.01373	0.01130	0.01776	0.00969	0.01130	0.00807	0.00404	0.00404	0.00081	0.00404	0.00323	0.00323	0.84173
29	0.01330	0.01054	0.01214	0.00883	0.01358	0.00879	0.00713	0.12933	0.01370	0.05119	0.01070	0.01188	0.00848	0.00454	0.00432	0.00097	0.00437	0.00358	0.00372	0.67893
30	0.01130	0.00969	0.01130	0.00807	0.01292	0.00727	0.00646	0.01373	0.01130	0.01776	0.00969	0.01130	0.00807	0.00404	0.00404	0.00081	0.00404	0.00323	0.00323	0.84173
31	0.01379	0.01051	0.01322	0.02619	0.10245	0.00906	0.00836	0.07011	0.04430	0.10401	0.01184	0.01293	0.00917	0.00478	0.00455	0.00112	0.00460	0.00394	0.00380	0.54123
32	0.00757	0.00573	0.00701	0.00666	0.00813	0.00525	0.00500	0.01022	0.03547	0.02019	0.58000	0.04296	0.22229	0.01168	0.00641	0.00175	0.00267	0.01015	0.00577	0.00511
33	0.08175	0.15969	0.36610	0.01378	0.05391	0.01499	0.01445	0.14427	0.06639	0.02041	0.01067	0.01179	0.00801	0.00545	0.00482	0.00161	0.00667	0.00408	0.00318	0.00797
34	0.01085	0.02586	0.68373	0.11398	0.02536	0.01259	0.01951	0.01684	0.01143	0.01684	0.00977	0.01189	0.00695	0.00521	0.00521	0.00174	0.00796	0.00413	0.00232	0.00780
35	0.05472	0.25497	0.08346	0.01059	0.01484	0.04349	0.00969	0.10177	0.18448	0.13378	0.01579	0.01543	0.04206	0.00628	0.00479	0.00156	0.00546	0.00473	0.00425	0.00788
36	0.01114	0.05200	0.71965	0.01571	0.02354	0.01300	0.05616	0.01725	0.01156	0.01714	0.00978	0.01158	0.00698	0.00513	0.00519	0.00171	0.00804	0.00411	0.00233	0.00799
37	0.00662	0.00494	0.00616	0.00710	0.00779	0.00448	0.00485	0.00770	0.01099	0.01426	0.04998	0.61542	0.20749	0.01621	0.00683	0.00212	0.00306	0.01446	0.00508	0.00448
38	0.16297	0.01385	0.05565	0.21920	0.11656	0.05644	0.05227	0.20677	0.02880	0.02204	0.01050	0.01272	0.00791	0.00557	0.00509	0.00170	0.00653	0.00452	0.00350	0.00741
39	0.03118	0.01221	0.02122	0.28657	0.27759	0.01304	0.17102	0.05086	0.04978	0.01759	0.01089	0.01432	0.00846	0.00521	0.00560	0.00175	0.00714	0.00521	0.00290	0.00746
40	0.00925	0.00477	0.00699	0.00704	0.00705	0.00476	0.00465	0.00718	0.00729	0.00972	0.01080	0.04805	0.01121	0.07410	0.02121	0.75080	0.00471	0.00537	0.00254	0.00251
41	0.01130	0.00969	0.01130	0.00807	0.01292	0.00727	0.00646	0.01373	0.01130	0.01776	0.00969	0.01130	0.00807	0.00404	0.00404	0.00081	0.00404	0.00323	0.00323	0.84173
42	0.00668	0.00479	0.00628	0.00745	0.00782	0.00446	0.00497	0.00761	0.01044	0.01384	0.03065	0.74903	0.06540	0.04295	0.00762	0.00230	0.00322	0.01509	0.00500	0.00440
43	0.01975	0.02344	0.01611	0.01619	0.10982	0.64759	0.01115	0.02142	0.01508	0.05695	0.00939	0.01077	0.00759	0.00559	0.00501	0.00145	0.00913	0.00379	0.00302	0.00677
44	0.00774	0.00532	0.00619	0.00618	0.00654	0.00517	0.00379	0.00834	0.00970	0.01307	0.15943	0.07908	0.06889	0.57360	0.02149	0.00427	0.00453	0.00890	0.00400	0.00378
45	0.00664	0.00474	0.00633	0.00759	0.00791	0.00443	0.00506	0.00759	0.01044	0.01392	0.03005	0.80485	0.03606	0.01708	0.00696	0.00221	0.00316	0.01550	0.00506	0.00443
46	0.01111	0.06589	0.74400	0.01524	0.02313	0.01309	0.01962	0.01722	0.01149	0.01705	0.00968	0.01138	0.00691	0.00515	0.00510	0.00170	0.00795	0.00397	0.00230	0.00801
47	0.02070	0.01602	0.01630	0.01265	0.01690	0.07074	0.01037	0.70484	0.02492	0.03289	0.01276	0.01286	0.00911	0.00648	0.00542	0.00162	0.00627	0.00481	0.00527	0.00906
48	0.01337	0.01283	0.02191	0.06247	0.74634	0.01292	0.01667	0.01662	0.01236	0.01766	0.01023	0.01353	0.00858	0.00488	0.00540	0.00163	0.00651	0.00486	0.00269	0.00854
49	0.00711	0.00514	0.00633	0.00697	0.00785	0.00465	0.00484	0.00833	0.01149	0.03086	0.11060	0.49169	0.22817	0.04013	0.00739	0.00215	0.00310	0.01345	0.00514	0.00461
50	0.01342	0.01142	0.01213	0.01085	0.01386	0.01310	0.00845	0.05535	0.68401	0.02318	0.07426	0.02149	0.01880	0.00763	0.00561	0.00183	0.00426	0.00637	0.00558	0.00841
51	0.02413	0.00980	0.01298	0.00995	0.01418	0.00879	0.00822	0.09029	0.01648	0.71321	0.02077	0.01808	0.01313	0.00673	0.00548	0.00168	0.00476	0.00543	0.00663	0.00928
52	0.57526	0.00941	0.00840	0.00760	0.01044	0.01057	0.00609	0.04303	0.01071	0.05766	0.07406	0.06836	0.01287	0.00930	0.05919	0.01762	0.00483	0.00482	0.00389	0.00589
53	0.00813	0.00570	0.00678	0.00658	0.00812	0.00506	0.00489	0.00993	0.01335	0.06278	0.31829	0.11640	0.33580	0.04961	0.00744	0.00199	0.00300	0.02568	0.00543	0.00502

[dist]
# distance from previous block
# <min> <max>
0	41

[block]
# block no. 4 follows, 44 sequences, length 16
# corresponding to MSA columns:
# 399-413,415
name=unknown_E
#
# <colnr> <probs for GDERKNQSTAVLIFYWHMCP>
#	G	D	E	R	K	N	Q	S	T	A	V	L	I	F	Y	W	H	M	C	P
0	0.01312	0.00923	0.01061	0.00955	0.01202	0.00978	0.00738	0.11515	0.27454	0.10850	0.14668	0.17962	0.04679	0.01007	0.00602	0.00187	0.00403	0.02222	0.00563	0.00720
1	0.03085	0.00595	0.00730	0.00759	0.00847	0.00587	0.00537	0.02955	0.03385	0.03944	0.12079	0.32192	0.04096	0.22259	0.01218	0.00293	0.00403	0.09088	0.00475	0.00474
2	0.03512	0.00819	0.01061	0.00883	0.01178	0.00754	0.00701	0.07215	0.01553	0.41198	0.22552	0.11754	0.02603	0.00912	0.00587	0.00175	0.00399	0.00777	0.00618	0.00750
3	0.04561	0.00977	0.01207	0.00964	0.01315	0.00944	0.00781	0.18495	0.01737	0.41588	0.15683	0.05657	0.02028	0.00792	0.00565	0.00170	0.00448	0.00653	0.00614	0.00820
4	0.77285	0.01043	0.00843	0.00740	0.01085	0.01185	0.00609	0.01698	0.00985	0.09233	0.00884	0.00973	0.00659	0.00521	0.00356	0.00169	0.00426	0.00318	0.00368	0.00621
5	0.00795	0.00527	0.00682	0.00746	0.00831	0.00484	0.00524	0.00923	0.01153	0.06173	0.11342	0.53866	0.11599	0.03911	0.00740	0.00219	0.00328	0.04153	0.00521	0.00481
6	0.64682	0.00989	0.00837	0.00738	0.01057	0.01105	0.00601	0.03915	0.01092	0.07182	0.08006	0.01487	0.05272	0.00624	0.00402	0.00170	0.00407	0.00427	0.00398	0.00608
7	0.00673	0.00510	0.00613	0.00689	0.00775	0.00461	0.00480	0.00783	0.01105	0.01410	0.03782	0.47901	0.28428	0.05939	0.00795	0.00227	0.00322	0.04166	0.00496	0.00445
8	0.00726	0.00584	0.00643	0.00653	0.00801	0.00535	0.00474	0.00969	0.06975	0.01581	0.13018	0.19500	0.44496	0.05619	0.00761	0.00208	0.00307	0.01149	0.00512	0.00487
9	0.08423	0.00647	0.00712	0.00701	0.00872	0.00624	0.00521	0.01170	0.06301	0.06649	0.12176	0.19510	0.28564	0.05527	0.00724	0.00206	0.00336	0.02590	0.03220	0.00528
10	0.00815	0.00617	0.00883	0.00875	0.00980	0.00714	0.00673	0.01081	0.05505	0.01316	0.01521	0.02214	0.01416	0.08115	0.69705	0.00815	0.01346	0.00598	0.00310	0.00501
11	0.04948	0.00938	0.01226	0.00955	0.01348	0.00847	0.00784	0.07259	0.01604	0.63677	0.08804	0.01988	0.01639	0.00708	0.00550	0.00169	0.00453	0.00576	0.00649	0.00880
12	0.52680	0.00907	0.00822	0.00735	0.01025	0.00982	0.00585	0.01560	0.01080	0.12591	0.06490	0.06873	0.06768	0.04203	0.00538	0.00189	0.00404	0.00541	0.00424	0.00601
13	0.00852	0.00653	0.00906	0.01091	0.10919	0.00634	0.00672	0.04204	0.01242	0.01706	0.21169	0.41693	0.03392	0.07280	0.00811	0.00222	0.00373	0.01166	0.00487	0.00529
14	0.10582	0.01006	0.01260	0.00976	0.01391	0.00941	0.00806	0.10569	0.01608	0.62150	0.01920	0.01699	0.01228	0.00656	0.00527	0.00168	0.00475	0.00517	0.00627	0.00894
15	0.38841	0.08199	0.06064	0.01073	0.01453	0.21504	0.02874	0.10891	0.01328	0.02121	0.00871	0.00994	0.00682	0.00535	0.00423	0.00157	0.00640	0.00349	0.00332	0.00669

[dist]
# distance from previous block
# <min> <max>
0	1

[block]
# block no. 5 follows, 44 sequences, length 42
# corresponding to MSA columns:
# 417-428,430-459
name=unknown_F
#
# <colnr> <probs for GDERKNQSTAVLIFYWHMCP>
#	G	D	E	R	K	N	Q	S	T	A	V	L	I	F	Y	W	H	M	C	P
0	0.09934	0.59610	0.09508	0.00979	0.01461	0.01900	0.00995	0.03769	0.01157	0.05243	0.00862	0.00961	0.00726	0.00491	0.00379	0.00131	0.00582	0.00320	0.00274	0.00716
1	0.01215	0.30561	0.01829	0.00979	0.01305	0.01265	0.08490	0.01509	0.04336	0.07004	0.31437	0.02406	0.04021	0.00766	0.00524	0.00153	0.00468	0.00651	0.00432	0.00647
2	0.00947	0.00473	0.00710	0.00710	0.00710	0.00473	0.00473	0.00710	0.00710	0.00947	0.00947	0.01657	0.00947	0.01894	0.02131	0.84138	0.00473	0.00473	0.00237	0.00237
3	0.01276	0.01285	0.04465	0.09672	0.42658	0.03192	0.04695	0.01803	0.13937	0.01780	0.01496	0.01708	0.05837	0.00608	0.00592	0.00172	0.03152	0.00551	0.00329	0.00792
4	0.01093	0.02820	0.78016	0.01554	0.02360	0.01266	0.02014	0.01727	0.01151	0.01727	0.00978	0.01151	0.00691	0.00518	0.00518	0.00173	0.00806	0.00403	0.00230	0.00806
5	0.00795	0.00537	0.00629	0.00634	0.00646	0.00545	0.00380	0.00821	0.00818	0.01097	0.01744	0.03557	0.01979	0.71511	0.08767	0.00545	0.00602	0.03709	0.00334	0.00350
6	0.00873	0.00646	0.00854	0.00833	0.00954	0.00714	0.00633	0.05760	0.03443	0.01471	0.01943	0.06607	0.08065	0.10532	0.50132	0.00652	0.01075	0.00696	0.03607	0.00508
7	0.01250	0.01399	0.02990	0.13394	0.02979	0.01355	0.64836	0.01696	0.01259	0.01696	0.01084	0.01468	0.00813	0.00472	0.00629	0.00184	0.00891	0.00621	0.00271	0.00717
8	0.00779	0.00584	0.00876	0.00876	0.00974	0.00681	0.00681	0.00974	0.00876	0.01266	0.01460	0.02142	0.01363	0.04089	0.78680	0.00876	0.01460	0.00584	0.00292	0.00487
9	0.00794	0.00529	0.00602	0.00604	0.00612	0.00529	0.00346	0.00812	0.00826	0.01118	0.03564	0.05221	0.02069	0.73858	0.04031	0.00510	0.00528	0.00804	0.02299	0.00344
10	0.03696	0.01077	0.01686	0.69310	0.03523	0.05005	0.05243	0.01456	0.01117	0.01441	0.00963	0.01414	0.00726	0.00540	0.00541	0.00179	0.00740	0.00480	0.00249	0.00613
11	0.09992	0.02600	0.67875	0.01457	0.02204	0.01272	0.01838	0.03595	0.01163	0.01846	0.00964	0.01127	0.00686	0.00520	0.00499	0.00172	0.00760	0.00394	0.00250	0.00786
12	0.02072	0.01527	0.01636	0.01254	0.01691	0.01691	0.01036	0.75622	0.02563	0.03436	0.01309	0.01309	0.00927	0.00654	0.00545	0.00164	0.00600	0.00491	0.00545	0.00927
13	0.01301	0.01246	0.02126	0.14790	0.66371	0.01283	0.01649	0.01631	0.01219	0.01723	0.01017	0.01365	0.00843	0.00495	0.00541	0.00165	0.00660	0.00486	0.00266	0.00825
14	0.00768	0.00518	0.00602	0.00626	0.00632	0.00512	0.00364	0.00786	0.00841	0.01121	0.01965	0.18357	0.02294	0.65625	0.02375	0.00469	0.00488	0.00938	0.00364	0.00352
15	0.00658	0.00553	0.00571	0.00566	0.00745	0.00466	0.00425	0.00808	0.01274	0.01548	0.13070	0.05123	0.69625	0.01353	0.00644	0.00183	0.00274	0.01133	0.00516	0.00466
16	0.01193	0.01193	0.01670	0.01431	0.01431	0.01670	0.01193	0.01312	0.00835	0.01312	0.00716	0.01193	0.00716	0.00954	0.01789	0.00239	0.79843	0.00477	0.00239	0.00596
17	0.01085	0.00633	0.00784	0.00705	0.00912	0.00557	0.00543	0.01290	0.01440	0.18020	0.36706	0.05528	0.27447	0.01119	0.00624	0.00176	0.00308	0.00957	0.00584	0.00583
18	0.01167	0.00956	0.01092	0.01068	0.01304	0.01068	0.00869	0.02197	0.46675	0.02024	0.02483	0.03664	0.02248	0.01043	0.00633	0.00211	0.00459	0.29586	0.00534	0.00720
19	0.04346	0.01188	0.01253	0.01010	0.01339	0.01305	0.00815	0.46572	0.06786	0.02875	0.01486	0.01619	0.01126	0.03917	0.00588	0.00171	0.00492	0.00509	0.21823	0.00781
20	0.00655	0.00510	0.00596	0.00664	0.00766	0.00451	0.00464	0.00770	0.01135	0.01429	0.04158	0.46034	0.37312	0.01558	0.00672	0.00204	0.00298	0.01367	0.00506	0.00451
21	0.01458	0.81168	0.02857	0.00933	0.01399	0.02157	0.00933	0.01632	0.01108	0.01283	0.00758	0.00875	0.00700	0.00466	0.00350	0.00117	0.00583	0.00292	0.00233	0.00700
22	0.00793	0.00529	0.00595	0.00595	0.00595	0.00529	0.00330	0.00793	0.00793	0.01057	0.01718	0.03568	0.01982	0.80840	0.02775	0.00529	0.00529	0.00793	0.00330	0.00330
23	0.03270	0.01002	0.01089	0.00947	0.01219	0.01088	0.00742	0.18087	0.26481	0.08440	0.03572	0.05311	0.03164	0.05879	0.00674	0.00193	0.00437	0.02683	0.14986	0.00738
24	0.00741	0.00550	0.00699	0.00792	0.00857	0.00541	0.00544	0.00993	0.08902	0.01518	0.06067	0.69091	0.03469	0.01582	0.00679	0.00215	0.00326	0.01429	0.00515	0.00490
25	0.00678	0.00477	0.00628	0.00747	0.00780	0.00447	0.00497	0.00773	0.01038	0.01397	0.02930	0.75883	0.03495	0.04360	0.00758	0.00229	0.00322	0.01498	0.02622	0.00441
26	0.02072	0.01477	0.01599	0.01231	0.01662	0.01623	0.01015	0.68509	0.05001	0.08138	0.01393	0.01368	0.00979	0.00659	0.00546	0.00165	0.00586	0.00499	0.00554	0.00925
27	0.05444	0.01058	0.01270	0.01026	0.01412	0.01060	0.00832	0.09207	0.23544	0.45990	0.02039	0.01819	0.01373	0.00685	0.00541	0.00173	0.00465	0.00553	0.00614	0.00895
28	0.00776	0.00522	0.00599	0.00616	0.00620	0.00518	0.00353	0.00789	0.00825	0.01100	0.01882	0.13365	0.02189	0.70761	0.02510	0.00489	0.00502	0.00889	0.00353	0.00345
29	0.02261	0.01052	0.01310	0.01012	0.01419	0.01007	0.00834	0.20966	0.01787	0.54232	0.01915	0.01729	0.01246	0.00667	0.00537	0.00165	0.00485	0.00531	0.05945	0.00901
30	0.01184	0.00967	0.01136	0.00814	0.01296	0.00730	0.00652	0.01425	0.01148	0.04874	0.01017	0.01160	0.00830	0.00415	0.00410	0.00084	0.00406	0.00332	0.00337	0.80782
31	0.00793	0.00529	0.00595	0.00595	0.00595	0.00529	0.00330	0.00793	0.00793	0.01057	0.01718	0.03568	0.01982	0.80840	0.02775	0.00529	0.00529	0.00793	0.00330	0.00330
32	0.00947	0.00473	0.00710	0.00710	0.00710	0.00473	0.00473	0.00710	0.00710	0.00947	0.00947	0.01657	0.00947	0.01894	0.02131	0.84138	0.00473	0.00473	0.00237	0.00237
33	0.00757	0.00557	0.00709	0.00671	0.00806	0.00508	0.00503	0.01001	0.01510	0.02106	0.69127	0.04204	0.13218	0.01144	0.00643	0.00173	0.00259	0.01004	0.00590	0.00508
34	0.00779	0.00584	0.00876	0.00876	0.00974	0.00681	0.00681	0.00974	0.00876	0.01266	0.01460	0.02142	0.01363	0.04089	0.78680	0.00876	0.01460	0.00584	0.00292	0.00487
35	0.02037	0.02598	0.01545	0.01404	0.01685	0.78652	0.01053	0.02177	0.01545	0.01334	0.00843	0.00983	0.00702	0.00562	0.00492	0.00140	0.00983	0.00351	0.00281	0.00632
36	0.01458	0.81168	0.02857	0.00933	0.01399	0.02157	0.00933	0.01632	0.01108	0.01283	0.00758	0.00875	0.00700	0.00466	0.00350	0.00117	0.00583	0.00292	0.00233	0.00700
37	0.00843	0.00609	0.00834	0.00951	0.01072	0.00599	0.00813	0.01072	0.01235	0.01599	0.03082	0.12686	0.08379	0.01515	0.00740	0.00244	0.00470	0.62261	0.00503	0.00494
38	0.01554	0.01188	0.01284	0.01112	0.01447	0.01338	0.00877	0.11473	0.59932	0.10267	0.02104	0.01930	0.01544	0.00723	0.00553	0.00181	0.00455	0.00594	0.00566	0.00877
39	0.03662	0.00992	0.01241	0.00979	0.01369	0.00937	0.00800	0.11309	0.08283	0.54166	0.03961	0.02054	0.06235	0.00730	0.00553	0.00171	0.00460	0.00591	0.00630	0.00877
40	0.01030	0.00969	0.01635	0.79530	0.03755	0.01211	0.01514	0.01393	0.01090	0.01393	0.00969	0.01453	0.00727	0.00545	0.00545	0.00182	0.00727	0.00484	0.00242	0.00606
41	0.03510	0.01200	0.02017	0.24090	0.55247	0.01270	0.01600	0.01595	0.01192	0.01693	0.01003	0.01365	0.00819	0.00503	0.00536	0.00168	0.00663	0.00480	0.00264	0.00786

[dist]
# distance from previous block
# <min> <max>
3	5

[block]
# block no. 6 follows, 44 sequences, length 33
# corresponding to MSA columns:
# 465-497
name=unknown_G
#
# <colnr> <probs for GDERKNQSTAVLIFYWHMCP>
#	G	D	E	R	K	N	Q	S	T	A	V	L	I	F	Y	W	H	M	C	P
0	0.03453	0.01217	0.01343	0.03663	0.01482	0.01334	0.00879	0.47649	0.05032	0.05076	0.01648	0.05187	0.04298	0.10531	0.04492	0.00246	0.00596	0.00606	0.00494	0.00775
1	0.01018	0.00520	0.00756	0.00726	0.00770	0.00501	0.00496	0.00826	0.00768	0.04107	0.00997	0.01636	0.00955	0.01761	0.01970	0.76043	0.00469	0.00468	0.00259	0.04952
2	0.00672	0.00484	0.00630	0.00738	0.00782	0.00450	0.00495	0.00773	0.01067	0.01417	0.06100	0.70193	0.08078	0.04389	0.00762	0.00228	0.00319	0.01477	0.00504	0.00443
3	0.00685	0.00478	0.00641	0.00753	0.00787	0.00448	0.00505	0.00769	0.01049	0.01404	0.06375	0.72491	0.03530	0.01690	0.00773	0.04905	0.00322	0.01463	0.00495	0.00435
4	0.01149	0.00908	0.01065	0.00790	0.01215	0.00700	0.00620	0.01366	0.01136	0.05953	0.01339	0.03119	0.04563	0.05809	0.00586	0.00123	0.00408	0.00430	0.00355	0.68366
5	0.00774	0.00523	0.00671	0.00725	0.00808	0.00480	0.00503	0.00906	0.01174	0.05132	0.17898	0.50005	0.11009	0.05757	0.00785	0.00222	0.00319	0.01310	0.00523	0.00476
6	0.02087	0.01342	0.01502	0.01169	0.01588	0.01437	0.00960	0.49982	0.10264	0.21477	0.01612	0.01520	0.01110	0.00669	0.00547	0.00167	0.00549	0.00518	0.00578	0.00920
7	0.00756	0.00519	0.00677	0.00726	0.00803	0.00481	0.00505	0.00902	0.01210	0.03829	0.26674	0.47160	0.06247	0.05897	0.00789	0.00220	0.00312	0.01286	0.00531	0.00474
8	0.00704	0.00555	0.00635	0.00615	0.00773	0.00486	0.00461	0.00898	0.01384	0.01808	0.39175	0.04695	0.43357	0.01256	0.00644	0.00178	0.00267	0.01073	0.00550	0.00486
9	0.01130	0.00969	0.01130	0.00807	0.01292	0.00727	0.00646	0.01373	0.01130	0.01776	0.00969	0.01130	0.00807	0.00404	0.00404	0.00081	0.00404	0.00323	0.00323	0.84173
10	0.00739	0.00510	0.00606	0.00652	0.00672	0.00494	0.00398	0.00780	0.00905	0.01198	0.02364	0.31338	0.06191	0.48525	0.01924	0.00401	0.00440	0.01083	0.00402	0.00377
