[name]
unknown

[dist]
# distance from previous block
# <min> <max>
27	90

[block]
# block no. 0 follows, 47 sequences, length 11
# corresponding to MSA columns:
# 127-137
name=unknown_A
#
# <colnr> <probs for GDERKNQSTAVLIFYWHMCP>
#	G	D	E	R	K	N	Q	S	T	A	V	L	I	F	Y	W	H	M	C	P
0	0.10696	0.01179	0.01262	0.14981	0.08347	0.11743	0.00932	0.15385	0.02505	0.01828	0.01383	0.07346	0.04640	0.07399	0.03682	0.00214	0.02007	0.00553	0.00348	0.03568
1	0.27974	0.01007	0.04671	0.11928	0.04353	0.01026	0.05340	0.04632	0.07301	0.05520	0.01481	0.09458	0.04537	0.07859	0.00670	0.00201	0.00499	0.00578	0.00362	0.00602
2	0.17438	0.05938	0.05520	0.12401	0.08475	0.02243	0.00956	0.15289	0.04524	0.03811	0.06513	0.08246	0.03993	0.00708	0.00512	0.01326	0.00509	0.00559	0.00379	0.00659
3	0.02238	0.00580	0.00737	0.06874	0.01011	0.00555	0.00563	0.01021	0.01204	0.06920	0.24228	0.16383	0.21014	0.05871	0.00747	0.01776	0.00340	0.04328	0.03125	0.00487
4	0.03249	0.01114	0.01573	0.33723	0.22506	0.05669	0.01265	0.09587	0.02753	0.03242	0.04641	0.06102	0.01126	0.00613	0.00525	0.00166	0.00615	0.00537	0.00318	0.00675
5	0.01142	0.00590	0.00686	0.04235	0.00891	0.00580	0.00500	0.03223	0.01193	0.12839	0.06301	0.06404	0.04437	0.02638	0.00492	0.00149	0.00310	0.00598	0.52244	0.00548
6	0.01353	0.01271	0.07244	0.26084	0.26130	0.02963	0.09456	0.07759	0.01282	0.09784	0.01099	0.01358	0.00820	0.00514	0.00527	0.00164	0.00665	0.00478	0.00310	0.00739
7	0.02204	0.00997	0.01206	0.00963	0.01335	0.07180	0.00790	0.02403	0.01470	0.67308	0.02000	0.01980	0.01353	0.00689	0.00532	0.00164	0.00486	0.05502	0.00603	0.00836
8	0.01198	0.00842	0.01031	0.00916	0.01123	0.05986	0.05036	0.07494	0.02795	0.14490	0.25067	0.21851	0.04401	0.01042	0.00598	0.00177	0.00416	0.04427	0.00513	0.00596
9	0.41020	0.09543	0.04996	0.06606	0.01472	0.01399	0.00857	0.24672	0.01406	0.02409	0.00911	0.01020	0.00688	0.00526	0.00407	0.00156	0.00509	0.00357	0.00362	0.00685
10	0.04405	0.23815	0.30275	0.01295	0.01841	0.04792	0.09481	0.12082	0.01312	0.01789	0.03675	0.01165	0.00856	0.00515	0.00465	0.00149	0.00671	0.00407	0.00286	0.00726

[dist]
# distance from previous block
# <min> <max>
2	13

[block]
# block no. 1 follows, 47 sequences, length 37
# corresponding to MSA columns:
# 151-187
name=unknown_B
#
# <colnr> <probs for GDERKNQSTAVLIFYWHMCP>
#	G	D	E	R	K	N	Q	S	T	A	V	L	I	F	Y	W	H	M	C	P
0	0.01269	0.01107	0.03041	0.03006	0.01485	0.02481	0.07940	0.03963	0.48023	0.06074	0.06825	0.02263	0.05433	0.00749	0.00553	0.00176	0.00470	0.03900	0.00490	0.00752
1	0.00717	0.00529	0.00670	0.00639	0.00767	0.00482	0.00478	0.00943	0.01421	0.01972	0.65908	0.06275	0.15030	0.01116	0.00616	0.00167	0.00250	0.00979	0.00558	0.00482
2	0.00772	0.00600	0.00840	0.00837	0.00930	0.02469	0.00645	0.00949	0.00848	0.01202	0.01392	0.02080	0.01313	0.07215	0.74453	0.00806	0.01346	0.00561	0.00280	0.00462
3	0.01343	0.05486	0.04481	0.08148	0.14074	0.14845	0.39132	0.01690	0.01236	0.01557	0.00968	0.01263	0.00758	0.00467	0.00546	0.00160	0.00807	0.00503	0.00259	0.02277
4	0.85377	0.01007	0.00765	0.00685	0.01007	0.01168	0.00564	0.01531	0.00886	0.02336	0.00725	0.00846	0.00564	0.00483	0.00322	0.00161	0.00403	0.00282	0.00322	0.00564
5	0.00872	0.00567	0.00701	0.00647	0.00810	0.00507	0.00490	0.01077	0.01381	0.09912	0.48699	0.03957	0.24124	0.03145	0.00657	0.00175	0.00278	0.00935	0.00550	0.00514
6	0.00745	0.00555	0.00824	0.00824	0.00912	0.00644	0.00634	0.00921	0.00833	0.01199	0.01407	0.02114	0.01331	0.07780	0.75800	0.00820	0.01351	0.00568	0.00281	0.00458
7	0.85377	0.01007	0.00765	0.00685	0.01007	0.01168	0.00564	0.01531	0.00886	0.02336	0.00725	0.00846	0.00564	0.00483	0.00322	0.00161	0.00403	0.00282	0.00322	0.00564
8	0.01127	0.00956	0.01104	0.00802	0.01255	0.00759	0.00642	0.04497	0.04464	0.01784	0.00991	0.01125	0.00812	0.00410	0.00398	0.00085	0.00395	0.00327	0.00327	0.77744
9	0.00905	0.00452	0.00678	0.00678	0.00678	0.00452	0.00452	0.00678	0.00678	0.00905	0.00905	0.01583	0.00905	0.01809	0.02035	0.84848	0.00452	0.00452	0.00226	0.00226
10	0.01471	0.01188	0.01303	0.03088	0.03802	0.01348	0.00899	0.19449	0.54218	0.04513	0.01857	0.01748	0.01377	0.00674	0.00527	0.00171	0.00463	0.00553	0.00516	0.00834
11	0.00699	0.00528	0.00646	0.00623	0.00756	0.00474	0.00465	0.00907	0.01374	0.01868	0.54827	0.07572	0.25036	0.01159	0.00617	0.00169	0.00253	0.01009	0.00545	0.00474
12	0.01300	0.61022	0.22912	0.01048	0.01579	0.01835	0.01164	0.01583	0.01069	0.01337	0.00780	0.00905	0.00666	0.00459	0.00377	0.00126	0.00613	0.00307	0.00222	0.00695
13	0.01509	0.21304	0.01950	0.01160	0.01611	0.01460	0.11624	0.29099	0.01598	0.02158	0.01013	0.01128	0.00790	0.00496	0.00455	0.00129	0.00567	0.00403	0.00359	0.21188
14	0.01930	0.04868	0.05372	0.01135	0.01559	0.01422	0.00976	0.49678	0.07450	0.18107	0.01434	0.01378	0.00995	0.00621	0.00513	0.00157	0.00545	0.00476	0.00518	0.00866
15	0.01392	0.82012	0.02729	0.00891	0.01337	0.02061	0.00891	0.01559	0.01058	0.01225	0.00724	0.00835	0.00668	0.00446	0.00334	0.00111	0.00557	0.00278	0.00223	0.00668
16	0.00701	0.00531	0.00647	0.00618	0.00756	0.00476	0.00463	0.00914	0.01390	0.01888	0.56775	0.04219	0.26438	0.01139	0.00615	0.00167	0.00251	0.00988	0.00547	0.00476
17	0.01022	0.00972	0.01664	0.70248	0.11147	0.01170	0.03737	0.01368	0.01062	0.01378	0.00935	0.01379	0.00710	0.00512	0.00523	0.00172	0.00692	0.00468	0.00235	0.00607
18	0.01045	0.02694	0.79000	0.01484	0.02254	0.01209	0.01924	0.01649	0.01099	0.01649	0.00935	0.01099	0.00660	0.00495	0.00495	0.00165	0.00770	0.00385	0.00220	0.00770
19	0.00737	0.00532	0.00696	0.00655	0.00778	0.00491	0.00491	0.00983	0.01474	0.02088	0.78175	0.03890	0.04914	0.01065	0.00614	0.00164	0.00246	0.00942	0.00573	0.00491
20	0.00637	0.00515	0.00560	0.00575	0.00715	0.00445	0.00417	0.00770	0.01173	0.01456	0.12817	0.17033	0.55487	0.04180	0.00695	0.00192	0.00276	0.01131	0.00488	0.00438
21	0.00702	0.00504	0.00652	0.00749	0.00798	0.00483	0.00509	0.04533	0.01070	0.01427	0.02789	0.77344	0.03316	0.01581	0.00657	0.00209	0.00316	0.01430	0.00485	0.00446
22	0.00744	0.00558	0.00837	0.00837	0.00930	0.00651	0.00651	0.00930	0.00837	0.01209	0.01395	0.02046	0.01302	0.03906	0.79635	0.00837	0.01395	0.00558	0.00279	0.00465
23	0.00983	0.00926	0.01562	0.80447	0.03587	0.01157	0.01446	0.01331	0.01041	0.01331	0.00926	0.01388	0.00694	0.00521	0.00521	0.00174	0.00694	0.00463	0.00231	0.00579
24	0.03388	0.01319	0.01436	0.01121	0.01508	0.01435	0.00919	0.61248	0.04064	0.10092	0.01519	0.04946	0.03187	0.00690	0.00527	0.00160	0.00534	0.00536	0.00526	0.00846
25	0.85377	0.01007	0.00765	0.00685	0.01007	0.01168	0.00564	0.01531	0.00886	0.02336	0.00725	0.00846	0.00564	0.00483	0.00322	0.00161	0.00403	0.00282	0.00322	0.00564
26	0.00634	0.00453	0.00604	0.00725	0.00755	0.00423	0.00483	0.00725	0.00997	0.01329	0.02870	0.81358	0.03444	0.01632	0.00665	0.00211	0.00302	0.01480	0.00483	0.00423
27	0.00732	0.00532	0.00689	0.00650	0.00775	0.00489	0.00487	0.00972	0.01461	0.02058	0.74959	0.03939	0.08148	0.01076	0.00614	0.00164	0.00246	0.00949	0.00569	0.00489
28	0.01330	0.01111	0.01179	0.01055	0.01353	0.01278	0.00822	0.02760	0.74993	0.04715	0.02117	0.01937	0.01580	0.00704	0.00530	0.00176	0.00413	0.00587	0.00534	0.00826
29	0.02228	0.00942	0.01229	0.00955	0.01350	0.00864	0.00785	0.07369	0.07777	0.67636	0.02008	0.01753	0.01288	0.00648	0.00524	0.00162	0.00449	0.00525	0.00627	0.00881
30	0.02336	0.00886	0.01209	0.00927	0.01329	0.00765	0.00765	0.02538	0.01491	0.78810	0.02055	0.01773	0.01289	0.00645	0.00524	0.00161	0.00443	0.00524	0.00645	0.00886
31	0.03652	0.00993	0.01195	0.00970	0.01318	0.00995	0.00782	0.14383	0.17998	0.40770	0.06567	0.04954	0.01578	0.00716	0.00531	0.00166	0.00439	0.00587	0.00582	0.00824
32	0.01959	0.01377	0.01498	0.01161	0.01567	0.01509	0.00955	0.63765	0.08365	0.10352	0.01396	0.01355	0.00980	0.00633	0.00522	0.00158	0.00548	0.00484	0.00533	0.00881
33	0.00757	0.00505	0.00568	0.00568	0.00568	0.00505	0.00316	0.00757	0.00757	0.01010	0.01641	0.03408	0.01893	0.81698	0.02651	0.00505	0.00505	0.00757	0.00316	0.00316
34	0.00722	0.00527	0.00678	0.00650	0.00771	0.00483	0.00484	0.00950	0.01424	0.01993	0.68314	0.08760	0.10058	0.01118	0.00617	0.00168	0.00250	0.00986	0.00561	0.00483
35	0.01066	0.00618	0.00750	0.00697	0.00892	0.00550	0.00530	0.01262	0.03513	0.19573	0.14676	0.16804	0.31276	0.03210	0.00653	0.00186	0.00324	0.02330	0.00531	0.00558
36	0.02217	0.00889	0.01191	0.00921	0.01306	0.00785	0.00758	0.05709	0.01532	0.70501	0.06958	0.01887	0.01506	0.00671	0.00529	0.00161	0.00436	0.00548	0.00634	0.00861

[dist]
# distance from previous block
# <min> <max>
0	1

[block]
# block no. 2 follows, 47 sequences, length 9
# corresponding to MSA columns:
# 189-197
name=unknown_C
#
# <colnr> <probs for GDERKNQSTAVLIFYWHMCP>
#	G	D	E	R	K	N	Q	S	T	A	V	L	I	F	Y	W	H	M	C	P
0	0.02189	0.01124	0.01355	0.01039	0.01448	0.01118	0.00858	0.33298	0.01888	0.47489	0.01721	0.01556	0.01122	0.00637	0.00523	0.00159	0.00497	0.00501	0.00593	0.00886
1	0.02013	0.01404	0.01529	0.01172	0.01588	0.01534	0.00969	0.69675	0.02358	0.10449	0.01327	0.01300	0.00924	0.00627	0.00521	0.00157	0.00561	0.00474	0.00533	0.00886
2	0.04552	0.03053	0.06481	0.00957	0.01315	0.00987	0.00816	0.02214	0.27699	0.27216	0.11189	0.01938	0.01716	0.00677	0.00513	0.00160	0.00428	0.00557	0.00520	0.07014
3	0.02223	0.00940	0.01226	0.00954	0.01348	0.00861	0.00783	0.06795	0.08310	0.67677	0.02014	0.01758	0.01293	0.00649	0.00524	0.00162	0.00448	0.00526	0.00627	0.00881
4	0.00735	0.00501	0.00584	0.00600	0.00615	0.00498	0.00357	0.00760	0.00810	0.01077	0.01932	0.14106	0.04887	0.64182	0.05834	0.00468	0.00509	0.00860	0.00343	0.00342
5	0.00642	0.00463	0.00608	0.00710	0.00755	0.00429	0.00480	0.00747	0.01045	0.01395	0.09134	0.71446	0.07076	0.01571	0.00658	0.00206	0.00296	0.01419	0.00491	0.00429
6	0.01068	0.00934	0.01200	0.00873	0.01316	0.00734	0.05826	0.01310	0.01074	0.01662	0.00966	0.01167	0.00808	0.00624	0.05681	0.00135	0.00487	0.00346	0.00303	0.73486
7	0.09731	0.24649	0.26892	0.01165	0.01670	0.11596	0.01217	0.10488	0.05023	0.01766	0.00933	0.01038	0.00726	0.00511	0.00434	0.00145	0.00655	0.00358	0.00287	0.00716
8	0.17805	0.21530	0.09175	0.01087	0.01466	0.24032	0.00971	0.08157	0.06354	0.01734	0.00905	0.01009	0.00728	0.00528	0.00449	0.00144	0.02611	0.00347	0.00301	0.00666

[dist]
# distance from previous block
# <min> <max>
5	8

[block]
# block no. 3 follows, 47 sequences, length 172
# corresponding to MSA columns:
# 206-240,265-284,286-402
name=unknown_D
#
# <colnr> <probs for GDERKNQSTAVLIFYWHMCP>
#	G	D	E	R	K	N	Q	S	T	A	V	L	I	F	Y	W	H	M	C	P
0	0.06323	0.01384	0.12288	0.14943	0.35717	0.02719	0.06863	0.04875	0.01190	0.03224	0.01034	0.03613	0.00846	0.00532	0.00537	0.00164	0.02252	0.00482	0.00278	0.00736
1	0.02964	0.01355	0.03931	0.07729	0.06383	0.03216	0.46389	0.06544	0.04644	0.04695	0.01104	0.01379	0.00830	0.00504	0.00625	0.00172	0.04523	0.00551	0.00303	0.02159
2	0.04913	0.09713	0.01480	0.01189	0.01465	0.54512	0.00920	0.05690	0.01419	0.02962	0.03885	0.03853	0.00973	0.00739	0.03963	0.00169	0.00826	0.00410	0.00306	0.00612
3	0.00912	0.00648	0.00932	0.00880	0.01005	0.00658	0.05228	0.01056	0.01063	0.09435	0.04914	0.38415	0.12577	0.02734	0.08874	0.00268	0.08397	0.01054	0.00441	0.00510
4	0.01428	0.76919	0.02649	0.00920	0.01354	0.07026	0.00898	0.01593	0.01085	0.01228	0.00729	0.00842	0.00668	0.00451	0.00343	0.00113	0.00581	0.00282	0.00226	0.00664
5	0.00688	0.00501	0.00633	0.00694	0.00759	0.00461	0.00464	0.00777	0.00970	0.01305	0.02624	0.57474	0.06746	0.14784	0.02325	0.00259	0.00358	0.01241	0.00440	0.06495
6	0.00688	0.00481	0.00587	0.00646	0.00673	0.00460	0.00407	0.00745	0.00915	0.01212	0.04038	0.42254	0.06845	0.35887	0.01511	0.00334	0.00386	0.01139	0.00413	0.00379
7	0.00750	0.00552	0.00809	0.00809	0.00895	0.00636	0.00619	0.00922	0.00836	0.01208	0.01420	0.02150	0.01349	0.09919	0.72031	0.00797	0.01302	0.00572	0.01970	0.00454
8	0.03318	0.00790	0.00988	0.00839	0.01113	0.00743	0.00660	0.05160	0.07861	0.37782	0.11188	0.10545	0.09022	0.05062	0.00667	0.00189	0.00396	0.02413	0.00563	0.00702
9	0.00802	0.00546	0.00646	0.00652	0.00793	0.00487	0.00474	0.00964	0.02604	0.08190	0.13619	0.28416	0.35400	0.03129	0.00667	0.00192	0.00297	0.01131	0.00506	0.00484
10	0.82801	0.00991	0.00757	0.00679	0.00995	0.01147	0.00558	0.01521	0.00893	0.02324	0.00755	0.00879	0.00588	0.00487	0.00324	0.00160	0.00398	0.00288	0.02894	0.00562
11	0.04097	0.01011	0.01264	0.00980	0.01378	0.00965	0.00807	0.16670	0.05751	0.58550	0.01875	0.01661	0.01212	0.00641	0.00519	0.00161	0.00465	0.00511	0.00608	0.00875
12	0.53383	0.00967	0.00876	0.00749	0.01066	0.01068	0.00612	0.08508	0.02769	0.13417	0.01117	0.01178	0.00817	0.00540	0.00379	0.00156	0.00404	0.00366	0.10993	0.00635
13	0.81694	0.01027	0.00801	0.00708	0.01034	0.01188	0.00583	0.04851	0.00955	0.02378	0.00748	0.00864	0.00578	0.00490	0.00331	0.00161	0.00410	0.00290	0.00331	0.00578
14	0.00634	0.00453	0.00604	0.00725	0.00755	0.00423	0.00483	0.00725	0.00997	0.01329	0.02870	0.81358	0.03444	0.01632	0.00665	0.00211	0.00302	0.01480	0.00483	0.00423
15	0.85377	0.01007	0.00765	0.00685	0.01007	0.01168	0.00564	0.01531	0.00886	0.02336	0.00725	0.00846	0.00564	0.00483	0.00322	0.00161	0.00403	0.00282	0.00322	0.00564
16	0.00702	0.00474	0.00630	0.00724	0.00772	0.00441	0.00490	0.00804	0.01040	0.04005	0.07699	0.71975	0.03433	0.03261	0.00699	0.00213	0.00308	0.01398	0.00491	0.00441
17	0.01980	0.01459	0.01563	0.01198	0.01615	0.01615	0.00990	0.76713	0.02448	0.03282	0.01250	0.01250	0.00886	0.00625	0.00521	0.00156	0.00573	0.00469	0.00521	0.00886
18	0.00634	0.00453	0.00604	0.00725	0.00755	0.00423	0.00483	0.00725	0.00997	0.01329	0.02870	0.81358	0.03444	0.01632	0.00665	0.00211	0.00302	0.01480	0.00483	0.00423
19	0.00722	0.00508	0.00632	0.00647	0.00696	0.00504	0.00427	0.00814	0.00959	0.01305	0.15445	0.18066	0.06262	0.38115	0.12244	0.00419	0.00530	0.00915	0.00395	0.00393
20	0.00634	0.00453	0.00604	0.00725	0.00755	0.00423	0.00483	0.00725	0.00997	0.01329	0.02870	0.81358	0.03444	0.01632	0.00665	0.00211	0.00302	0.01480	0.00483	0.00423
21	0.00615	0.00528	0.00528	0.00528	0.00703	0.00440	0.00396	0.00747	0.01187	0.01407	0.05276	0.05012	0.78238	0.01319	0.00615	0.00176	0.00264	0.01099	0.00484	0.00440
22	0.01139	0.01139	0.01595	0.01367	0.01367	0.01595	0.01139	0.01253	0.00798	0.01253	0.00684	0.01139	0.00684	0.00911	0.01709	0.00228	0.80745	0.00456	0.00228	0.00570
23	0.00615	0.00528	0.00528	0.00528	0.00703	0.00440	0.00396	0.00747	0.01187	0.01407	0.05276	0.05012	0.78238	0.01319	0.00615	0.00176	0.00264	0.01099	0.00484	0.00440
24	0.00744	0.00558	0.00837	0.00837	0.00930	0.00651	0.00651	0.00930	0.00837	0.01209	0.01395	0.02046	0.01302	0.03906	0.79635	0.00837	0.01395	0.00558	0.00279	0.00465
25	0.00734	0.00532	0.00692	0.00652	0.00776	0.00490	0.00489	0.00977	0.01467	0.02072	0.76387	0.03918	0.06712	0.01071	0.00614	0.00164	0.00246	0.00946	0.00571	0.00490
26	0.01321	0.01132	0.01192	0.01065	0.01364	0.01307	0.00831	0.05568	0.74666	0.02220	0.02087	0.01917	0.01563	0.00703	0.00530	0.00176	0.00418	0.00584	0.00530	0.00827
27	0.01087	0.01989	0.47982	0.01204	0.01850	0.01006	0.01407	0.01543	0.01101	0.03418	0.00957	0.01107	0.00716	0.00457	0.00454	0.00132	0.00618	0.00359	0.00263	0.32350
28	0.00617	0.00521	0.00534	0.00544	0.00708	0.00438	0.00403	0.00745	0.01171	0.01400	0.05069	0.11560	0.71823	0.01346	0.00620	0.00179	0.00267	0.01132	0.00484	0.00438
29	0.01289	0.01237	0.02114	0.03196	0.78450	0.01237	0.01598	0.01598	0.01186	0.01701	0.00980	0.01289	0.00825	0.00464	0.00516	0.00155	0.00619	0.00464	0.00258	0.00825
30	0.00989	0.00937	0.01598	0.78592	0.03566	0.01161	0.03226	0.01339	0.01046	0.01339	0.00929	0.01389	0.00696	0.00519	0.00523	0.00174	0.00699	0.00466	0.00232	0.00581
31	0.01296	0.00951	0.01043	0.00930	0.01168	0.01050	0.00700	0.04834	0.47469	0.10257	0.01986	0.03733	0.01637	0.19400	0.01021	0.00251	0.00440	0.00633	0.00492	0.00708
32	0.00634	0.00455	0.00603	0.00721	0.00754	0.00423	0.00482	0.00726	0.01001	0.01331	0.02922	0.79716	0.05053	0.01625	0.00664	0.00211	0.00301	0.01472	0.00483	0.00423
33	0.01229	0.01405	0.03073	0.02195	0.02722	0.01317	0.76558	0.01668	0.01229	0.01668	0.01054	0.01405	0.00790	0.00439	0.00615	0.00176	0.00878	0.00615	0.00263	0.00702
34	0.03802	0.00860	0.01137	0.00901	0.01256	0.00770	0.00732	0.05807	0.01489	0.62676	0.07645	0.07345	0.01669	0.00739	0.00536	0.00165	0.00424	0.00613	0.00616	0.00819
35	0.00655	0.00462	0.00598	0.00699	0.00724	0.00437	0.00455	0.00730	0.00957	0.01276	0.02666	0.68380	0.03186	0.14962	0.00995	0.00260	0.00336	0.01360	0.00455	0.00405
36	0.00905	0.00452	0.00678	0.00678	0.00678	0.00452	0.00452	0.00678	0.00678	0.00905	0.00905	0.01583	0.00905	0.01809	0.02035	0.84848	0.00452	0.00452	0.00226	0.00226
37	0.10535	0.00797	0.00996	0.00827	0.01121	0.00746	0.00656	0.01952	0.04707	0.44612	0.14870	0.07998	0.02032	0.04993	0.00639	0.00184	0.00397	0.00655	0.00565	0.00719
38	0.00765	0.00503	0.00654	0.00705	0.00788	0.00461	0.00492	0.00894	0.01129	0.06467	0.17321	0.53428	0.09626	0.03332	0.00689	0.00203	0.00302	0.01268	0.00507	0.00465
39	0.85377	0.01007	0.00765	0.00685	0.01007	0.01168	0.00564	0.01531	0.00886	0.02336	0.00725	0.00846	0.00564	0.00483	0.00322	0.00161	0.00403	0.00282	0.00322	0.00564
40	0.02627	0.00594	0.00743	0.00681	0.00834	0.00560	0.00514	0.02539	0.02984	0.07344	0.60288	0.03628	0.08345	0.05189	0.00704	0.00182	0.00287	0.00882	0.00553	0.00523
41	0.00787	0.00527	0.00664	0.00677	0.00790	0.00478	0.00489	0.00944	0.01218	0.06768	0.28279	0.31825	0.17427	0.04461	0.00708	0.00198	0.00297	0.02469	0.00517	0.00477
42	0.85377	0.01007	0.00765	0.00685	0.01007	0.01168	0.00564	0.01531	0.00886	0.02336	0.00725	0.00846	0.00564	0.00483	0.00322	0.00161	0.00403	0.00282	0.00322	0.00564
43	0.01980	0.01459	0.01563	0.01198	0.01615	0.01615	0.00990	0.76713	0.02448	0.03282	0.01250	0.01250	0.00886	0.00625	0.00521	0.00156	0.00573	0.00469	0.00521	0.00886
44	0.00796	0.00512	0.00660	0.00701	0.00787	0.00470	0.00488	0.00920	0.01120	0.07634	0.16363	0.49075	0.09711	0.07258	0.00785	0.00217	0.00315	0.01223	0.00500	0.00466
45	0.20520	0.00885	0.01058	0.00856	0.01207	0.00846	0.00697	0.02168	0.04214	0.51816	0.05516	0.05192	0.01412	0.00675	0.00490	0.00164	0.00417	0.00535	0.00558	0.00773
46	0.01416	0.01020	0.01133	0.01000	0.01296	0.01121	0.00789	0.03764	0.54669	0.14960	0.05584	0.02243	0.04333	0.00759	0.00543	0.00176	0.00410	0.03442	0.00547	0.00795
47	0.00978	0.00638	0.00929	0.00908	0.02643	0.00706	0.00695	0.03444	0.00970	0.10304	0.01458	0.01974	0.01278	0.03353	0.66343	0.00723	0.01243	0.00549	0.00328	0.00534
48	0.01231	0.00771	0.00949	0.00836	0.01048	0.00760	0.02226	0.11229	0.08020	0.16456	0.14676	0.17830	0.10595	0.09963	0.00813	0.00212	0.00395	0.00863	0.00514	0.00613
49	0.01668	0.01279	0.01191	0.01026	0.01317	0.17667	0.00804	0.11879	0.18815	0.19840	0.07086	0.03413	0.01539	0.02430	0.00565	0.00167	0.00533	0.02819	0.05233	0.00728
50	0.04226	0.00551	0.00690	0.00738	0.00821	0.00529	0.00508	0.03213	0.01053	0.08353	0.02520	0.59518	0.02878	0.10775	0.00865	0.00237	0.00351	0.01232	0.00473	0.00472
51	0.02326	0.00903	0.01219	0.00935	0.01338	0.00790	0.00772	0.04719	0.01519	0.76590	0.02031	0.01757	0.01277	0.00644	0.00524	0.00161	0.00447	0.00522	0.00641	0.00886
52	0.01221	0.01205	0.04551	0.17102	0.04790	0.01177	0.37742	0.03149	0.04564	0.07176	0.01292	0.08404	0.01070	0.00608	0.00620	0.00178	0.03524	0.00633	0.00318	0.00677
53	0.01108	0.00925	0.01083	0.00775	0.01236	0.00696	0.00620	0.01339	0.01089	0.03426	0.00951	0.01095	0.00783	0.00391	0.00389	0.00079	0.00387	0.00313	0.00316	0.82998
54	0.01793	0.02185	0.01091	0.00883	0.01186	0.00763	0.00703	0.07116	0.02906	0.48539	0.08246	0.18485	0.01996	0.00880	0.00557	0.00171	0.00408	0.00750	0.00587	0.00753
55	0.45426	0.22982	0.01443	0.00873	0.01222	0.15180	0.00744	0.04175	0.01088	0.01884	0.00757	0.00873	0.00622	0.00487	0.00358	0.00143	0.00544	0.00297	0.00293	0.00610
56	0.01111	0.10623	0.39353	0.05138	0.09571	0.01260	0.14668	0.01563	0.01132	0.01586	0.01166	0.01579	0.02702	0.00563	0.00520	0.00166	0.00715	0.05612	0.00256	0.00716
57	0.27914	0.01715	0.01272	0.01092	0.01418	0.32252	0.00860	0.22261	0.03193	0.02172	0.00930	0.01017	0.00716	0.00548	0.00439	0.00150	0.00661	0.00361	0.00360	0.00673
58	0.00634	0.00453	0.00604	0.00725	0.00755	0.00423	0.00483	0.00725	0.00997	0.01329	0.02870	0.81358	0.03444	0.01632	0.00665	0.00211	0.00302	0.01480	0.00483	0.00423
59	0.00808	0.00568	0.00713	0.00653	0.00815	0.00506	0.00495	0.01033	0.01409	0.05412	0.59147	0.03825	0.16144	0.01050	0.00598	0.00161	0.00265	0.00915	0.00548	0.04935
60	0.02746	0.03315	0.14315	0.06519	0.02438	0.01284	0.47624	0.03833	0.01191	0.01658	0.01090	0.05248	0.00885	0.00542	0.00636	0.00176	0.04955	0.00587	0.00272	0.00687
61	0.00746	0.00551	0.00801	0.00801	0.00882	0.00631	0.00606	0.00907	0.00826	0.01182	0.01428	0.02228	0.01381	0.14304	0.69344	0.00793	0.01276	0.00585	0.00284	0.00445
62	0.00737	0.00532	0.00696	0.00655	0.00778	0.00491	0.00491	0.00983	0.01474	0.02088	0.78175	0.03890	0.04914	0.01065	0.00614	0.00164	0.00246	0.00942	0.00573	0.00491
63	0.00730	0.00528	0.00637	0.00630	0.00760	0.00472	0.00462	0.00904	0.01280	0.04048	0.37149	0.16868	0.28676	0.03657	0.00681	0.00186	0.00275	0.01064	0.00523	0.00470
64	0.01322	0.45406	0.23117	0.01105	0.01593	0.08257	0.01173	0.03883	0.01133	0.01409	0.00868	0.02637	0.00750	0.00611	0.02821	0.00156	0.02478	0.00355	0.00242	0.00684
65	0.01650	0.01995	0.01487	0.01331	0.01507	0.52472	0.01033	0.01777	0.01246	0.01269	0.00829	0.03425	0.00758	0.00689	0.00869	0.00166	0.26239	0.00408	0.00262	0.00587
66	0.01101	0.00952	0.01157	0.00828	0.01292	0.00732	0.03226	0.02678	0.01110	0.01724	0.00936	0.01094	0.00774	0.00392	0.00396	0.00082	0.00406	0.00322	0.00311	0.80488
67	0.03161	0.01029	0.01135	0.00956	0.01269	0.03078	0.00762	0.16778	0.22335	0.20116	0.05814	0.05775	0.09245	0.00794	0.00540	0.00167	0.00438	0.02460	0.00531	0.03616
68	0.08019	0.00929	0.01199	0.00926	0.01324	0.00844	0.00765	0.06884	0.01506	0.69062	0.01915	0.01678	0.01215	0.00632	0.00510	0.00161	0.00448	0.00504	0.00615	0.00864
69	0.00706	0.00523	0.00660	0.00650	0.00769	0.00476	0.00482	0.00913	0.01361	0.01871	0.55279	0.14134	0.16459	0.01186	0.00623	0.00173	0.00260	0.02457	0.00545	0.00474
70	0.00905	0.00452	0.00678	0.00678	0.00678	0.00452	0.00452	0.00678	0.00678	0.00905	0.00905	0.01583	0.00905	0.01809	0.02035	0.84848	0.00452	0.00452	0.00226	0.00226
71	0.00922	0.00542	0.00653	0.00639	0.00692	0.00526	0.00400	0.00963	0.00880	0.10106	0.01870	0.14993	0.02047	0.58690	0.03552	0.00427	0.00484	0.00836	0.00379	0.00401
72	0.00731	0.00532	0.00688	0.00649	0.00774	0.00489	0.00487	0.00971	0.01460	0.02054	0.74544	0.03946	0.08566	0.01077	0.00614	0.00164	0.00247	0.00950	0.00569	0.00489
73	0.85377	0.01007	0.00765	0.00685	0.01007	0.01168	0.00564	0.01531	0.00886	0.02336	0.00725	0.00846	0.00564	0.00483	0.00322	0.00161	0.00403	0.00282	0.00322	0.00564
74	0.01096	0.00935	0.01089	0.00779	0.01241	0.00711	0.00624	0.02676	0.01105	0.01726	0.00931	0.01083	0.00773	0.00390	0.00388	0.00079	0.00389	0.00311	0.00312	0.83361
75	0.00713	0.00531	0.00674	0.00765	0.00828	0.00523	0.00529	0.00961	0.09314	0.01447	0.04755	0.69014	0.03271	0.01512	0.00650	0.00207	0.00317	0.03029	0.00491	0.00470
76	0.00757	0.00506	0.00574	0.00574	0.00576	0.00508	0.00323	0.00761	0.00759	0.01014	0.01635	0.03377	0.01880	0.79933	0.04398	0.00512	0.00525	0.00753	0.00315	0.00319
77	0.02256	0.00868	0.01183	0.00913	0.01302	0.00752	0.00752	0.02460	0.01490	0.74960	0.05874	0.01879	0.01471	0.00666	0.00528	0.00161	0.00433	0.00545	0.00641	0.00866
78	0.02268	0.00996	0.01276	0.00979	0.01384	0.00928	0.00808	0.16731	0.01674	0.64359	0.01901	0.01673	0.01212	0.00641	0.00523	0.00160	0.00468	0.00513	0.00621	0.00886
79	0.00638	0.00455	0.00603	0.00720	0.00750	0.00425	0.00478	0.00726	0.00990	0.01320	0.02833	0.78979	0.03397	0.04075	0.00725	0.00220	0.00308	0.01458	0.00478	0.00420
80	0.01295	0.01119	0.01178	0.01060	0.01354	0.01295	0.00824	0.02767	0.77509	0.02178	0.02120	0.01943	0.01590	0.00707	0.00530	0.00177	0.00412	0.00589	0.00530	0.00824
81	0.85377	0.01007	0.00765	0.00685	0.01007	0.01168	0.00564	0.01531	0.00886	0.02336	0.00725	0.00846	0.00564	0.00483	0.00322	0.00161	0.00403	0.00282	0.00322	0.00564
82	0.00638	0.00456	0.00607	0.00723	0.00756	0.00425	0.00484	0.00733	0.01012	0.01353	0.05174	0.78989	0.03489	0.01614	0.00663	0.00210	0.00300	0.01464	0.00486	0.00425
83	0.00798	0.00546	0.00716	0.00665	0.00799	0.00502	0.00502	0.01042	0.01475	0.05011	0.75275	0.03809	0.04776	0.01049	0.00611	0.00164	0.00253	0.00926	0.00576	0.00506
84	0.00757	0.00505	0.00568	0.00568	0.00568	0.00505	0.00316	0.00757	0.00757	0.01010	0.01641	0.03408	0.01893	0.81698	0.02651	0.00505	0.00505	0.00757	0.00316	0.00316
85	0.01289	0.01237	0.02114	0.03196	0.78450	0.01237	0.01598	0.01598	0.01186	0.01701	0.00980	0.01289	0.00825	0.00464	0.00516	0.00155	0.00619	0.00464	0.00258	0.00825
86	0.01045	0.02694	0.79000	0.01484	0.02254	0.01209	0.01924	0.01649	0.01099	0.01649	0.00935	0.01099	0.00660	0.00495	0.00495	0.00165	0.00770	0.00385	0.00220	0.00770
87	0.85377	0.01007	0.00765	0.00685	0.01007	0.01168	0.00564	0.01531	0.00886	0.02336	0.00725	0.00846	0.00564	0.00483	0.00322	0.00161	0.00403	0.00282	0.00322	0.00564
88	0.00634	0.00453	0.00604	0.00725	0.00755	0.00423	0.00483	0.00725	0.00997	0.01329	0.02870	0.81358	0.03444	0.01632	0.00665	0.00211	0.00302	0.01480	0.00483	0.00423
89	0.00971	0.00485	0.00485	0.00485	0.00607	0.00485	0.00364	0.01213	0.01092	0.01942	0.01699	0.01942	0.01335	0.00607	0.00364	0.00121	0.00243	0.00485	0.84589	0.00485
90	0.00744	0.00558	0.00837	0.00837	0.00930	0.00651	0.00651	0.00930	0.00837	0.01209	0.01395	0.02046	0.01302	0.03906	0.79635	0.00837	0.01395	0.00558	0.00279	0.00465
91	0.85377	0.01007	0.00765	0.00685	0.01007	0.01168	0.00564	0.01531	0.00886	0.02336	0.00725	0.00846	0.00564	0.00483	0.00322	0.00161	0.00403	0.00282	0.00322	0.00564
92	0.01289	0.01237	0.02114	0.03196	0.78450	0.01237	0.01598	0.01598	0.01186	0.01701	0.00980	0.01289	0.00825	0.00464	0.00516	0.00155	0.00619	0.00464	0.00258	0.00825
93	0.00639	0.00455	0.00603	0.00719	0.00748	0.00426	0.00477	0.00726	0.00988	0.01317	0.02823	0.78389	0.03385	0.04682	0.00740	0.00223	0.00310	0.01453	0.00477	0.00419
94	0.01045	0.02694	0.79000	0.01484	0.02254	0.01209	0.01924	0.01649	0.01099	0.01649	0.00935	0.01099	0.00660	0.00495	0.00495	0.00165	0.00770	0.00385	0.00220	0.00770
95	0.02336	0.00886	0.01209	0.00927	0.01329	0.00765	0.00765	0.02538	0.01491	0.78810	0.02055	0.01773	0.01289	0.00645	0.00524	0.00161	0.00443	0.00524	0.00645	0.00886
96	0.71516	0.00987	0.00839	0.00725	0.01061	0.01101	0.00598	0.01699	0.00987	0.15102	0.00947	0.01001	0.00685	0.00510	0.00356	0.00161	0.00410	0.00322	0.00376	0.00618
97	0.00793	0.00542	0.00628	0.00630	0.00783	0.00471	0.00463	0.00932	0.01193	0.08697	0.11386	0.24911	0.44045	0.01314	0.00620	0.00183	0.00289	0.01131	0.00507	0.00482
98	0.00634	0.00453	0.00604	0.00725	0.00755	0.00423	0.00483	0.00725	0.00997	0.01329	0.02870	0.81358	0.03444	0.01632	0.00665	0.00211	0.00302	0.01480	0.00483	0.00423
99	0.01260	0.01041	0.01107	0.00999	0.01262	0.01190	0.00764	0.02528	0.66599	0.04046	0.02062	0.02109	0.01617	0.10120	0.00776	0.00214	0.00424	0.00607	0.00508	0.00767
100	0.00754	0.00505	0.00567	0.00567	0.00572	0.00503	0.00318	0.00757	0.00769	0.01020	0.01736	0.03450	0.03889	0.79597	0.02597	0.00496	0.00499	0.00766	0.00320	0.00319
101	0.00708	0.00576	0.00635	0.00611	0.00762	0.02342	0.00458	0.00897	0.01338	0.01745	0.41730	0.04353	0.39627	0.01173	0.00611	0.00169	0.00271	0.01002	0.00523	0.00469
102	0.00619	0.00528	0.00533	0.00531	0.00706	0.00441	0.00399	0.00755	0.01196	0.01428	0.07500	0.04978	0.76001	0.01311	0.00615	0.00175	0.00263	0.01094	0.00486	0.00441
103	0.01080	0.00926	0.01080	0.00771	0.01234	0.00694	0.00617	0.01311	0.01080	0.01697	0.00926	0.01080	0.00771	0.00386	0.00386	0.00077	0.00386	0.00309	0.00309	0.84882
104	0.16708	0.01105	0.01145	0.00960	0.01290	0.01210	0.00776	0.26545	0.21121	0.09024	0.01970	0.01985	0.10283	0.00729	0.00505	0.00168	0.00450	0.02788	0.00492	0.00747
105	0.00699	0.00502	0.00649	0.00692	0.00772	0.00472	0.00489	0.00888	0.02792	0.01680	0.34145	0.43744	0.05650	0.01343	0.00632	0.00188	0.00279	0.01204	0.02720	0.00462
106	0.00634	0.00453	0.00604	0.00725	0.00755	0.00423	0.00483	0.00725	0.00997	0.01329	0.02870	0.81358	0.03444	0.01632	0.00665	0.00211	0.00302	0.01480	0.00483	0.00423
107	0.00634	0.00453	0.00604	0.00725	0.00755	0.00423	0.00483	0.00725	0.00997	0.01329	0.02870	0.81358	0.03444	0.01632	0.00665	0.00211	0.00302	0.01480	0.00483	0.00423
108	0.85377	0.01007	0.00765	0.00685	0.01007	0.01168	0.00564	0.01531	0.00886	0.02336	0.00725	0.00846	0.00564	0.00483	0.00322	0.00161	0.00403	0.00282	0.00322	0.00564
109	0.01134	0.01132	0.01594	0.04055	0.01443	0.01580	0.01150	0.01256	0.00806	0.01256	0.00692	0.01148	0.00684	0.00898	0.01669	0.00226	0.78024	0.00456	0.00228	0.00570
110	0.00639	0.00457	0.00610	0.00730	0.00763	0.00427	0.00491	0.00733	0.01002	0.01335	0.02868	0.79654	0.03434	0.01627	0.00666	0.00212	0.00306	0.03140	0.00483	0.00424
111	0.01678	0.01309	0.01393	0.01137	0.01500	0.01474	0.00917	0.44119	0.35534	0.02796	0.01633	0.01556	0.01196	0.00661	0.00525	0.00165	0.00502	0.00522	0.00525	0.00859
112	0.85377	0.01007	0.00765	0.00685	0.01007	0.01168	0.00564	0.01531	0.00886	0.02336	0.00725	0.00846	0.00564	0.00483	0.00322	0.00161	0.00403	0.00282	0.00322	0.00564
113	0.00781	0.00497	0.00650	0.00722	0.00791	0.00457	0.00494	0.00882	0.01045	0.07706	0.04249	0.65541	0.07231	0.05384	0.00745	0.00219	0.00320	0.01337	0.00490	0.00458
114	0.00832	0.00597	0.00830	0.00946	0.01067	0.00595	0.00826	0.01069	0.01198	0.01554	0.02834	0.05848	0.05299	0.01435	0.00716	0.00238	0.00473	0.72686	0.00480	0.00478
115	0.03956	0.69659	0.05558	0.00947	0.01386	0.08628	0.00932	0.01606	0.01090	0.01280	0.00739	0.00855	0.00665	0.00456	0.00352	0.00117	0.00593	0.00288	0.00230	0.00664
116	0.01470	0.64384	0.06334	0.00998	0.01429	0.15333	0.00963	0.01653	0.01132	0.01255	0.00748	0.00866	0.00668	0.00464	0.00365	0.00118	0.00633	0.00294	0.00230	0.00662
117	0.59308	0.01337	0.10255	0.00951	0.04177	0.06952	0.00819	0.05577	0.01065	0.02196	0.02818	0.01001	0.00724	0.00511	0.00379	0.00159	0.00499	0.00332	0.00321	0.00617
118	0.01086	0.00677	0.00855	0.00766	0.00963	0.00649	0.00592	0.01482	0.11523	0.14946	0.49513	0.05629	0.03684	0.00959	0.00587	0.00167	0.00311	0.02643	0.00569	0.02397
119	0.01272	0.01330	0.06723	0.03060	0.71340	0.01238	0.04166	0.01604	0.01182	0.01697	0.00979	0.01282	0.00814	0.00465	0.00518	0.00156	0.00636	0.00464	0.00256	0.00817
120	0.00835	0.00618	0.00831	0.00831	0.00945	0.00605	0.03907	0.05447	0.02642	0.04340	0.04465	0.53999	0.11875	0.01390	0.00672	0.00200	0.02772	0.02651	0.00477	0.00497
121	0.23223	0.01182	0.01150	0.00970	0.01296	0.05200	0.00778	0.21983	0.21717	0.08159	0.07957	0.01578	0.01353	0.00645	0.00478	0.00163	0.00467	0.00490	0.00473	0.00739
122	0.00634	0.00453	0.00604	0.00725	0.00755	0.00423	0.00483	0.00725	0.00997	0.01329	0.02870	0.81358	0.03444	0.01632	0.00665	0.00211	0.00302	0.01480	0.00483	0.00423
123	0.00634	0.00453	0.00604	0.00725	0.00755	0.00423	0.00483	0.00725	0.00997	0.01329	0.02870	0.81358	0.03444	0.01632	0.00665	0.00211	0.00302	0.01480	0.00483	0.00423
124	0.56494	0.01019	0.00949	0.00795	0.01144	0.01112	0.00654	0.08288	0.02609	0.20927	0.01118	0.01126	0.00787	0.00539	0.00392	0.00161	0.00427	0.00362	0.00421	0.00675
125	0.01301	0.00890	0.01029	0.00903	0.01139	0.00935	0.00696	0.18016	0.18479	0.11101	0.18596	0.16415	0.02470	0.04761	0.00670	0.00189	0.00399	0.00799	0.00532	0.00677
126	0.00905	0.00452	0.00678	0.00678	0.00678	0.00452	0.00452	0.00678	0.00678	0.00905	0.00905	0.01583	0.00905	0.01809	0.02035	0.84848	0.00452	0.00452	0.00226	0.00226
127	0.00834	0.00605	0.00825	0.00934	0.01056	0.00605	0.00803	0.01099	0.03517	0.01560	0.02840	0.09650	0.05844	0.01422	0.00707	0.00234	0.00460	0.66038	0.00481	0.00486
128	0.10586	0.00843	0.01061	0.00859	0.01192	0.00784	0.00695	0.02145	0.05817	0.51790	0.14963	0.03609	0.01894	0.00723	0.00521	0.00163	0.00401	0.00593	0.00589	0.00773
129	0.00634	0.00453	0.00604	0.00725	0.00755	0.00423	0.00483	0.00725	0.00997	0.01329	0.02870	0.81358	0.03444	0.01632	0.00665	0.00211	0.00302	0.01480	0.00483	0.00423
130	0.00757	0.00505	0.00568	0.00568	0.00568	0.00505	0.00316	0.00757	0.00757	0.01010	0.01641	0.03408	0.01893	0.81698	0.02651	0.00505	0.00505	0.00757	0.00316	0.00316
131	0.00993	0.00666	0.00821	0.00760	0.00939	0.00652	0.00582	0.01423	0.14278	0.10299	0.45035	0.09293	0.07862	0.01027	0.00597	0.00172	0.00308	0.03150	0.00559	0.00582
132	0.00682	0.00528	0.00622	0.00604	0.00746	0.00467	0.00451	0.00874	0.01336	0.01774	0.44739	0.07059	0.35859	0.01192	0.00617	0.00171	0.00255	0.01027	0.00532	0.00467
133	0.00757	0.00505	0.00568	0.00568	0.00568	0.00505	0.00316	0.00757	0.00757	0.01010	0.01641	0.03408	0.01893	0.81698	0.02651	0.00505	0.00505	0.00757	0.00316	0.00316
134	0.02321	0.00911	0.01224	0.00938	0.01342	0.00802	0.00775	0.05742	0.01532	0.75548	0.02020	0.01750	0.01272	0.00644	0.00524	0.00161	0.00449	0.00521	0.00639	0.00886
135	0.47484	0.00989	0.00985	0.00813	0.01170	0.01045	0.00669	0.05944	0.03448	0.30914	0.01290	0.01245	0.00882	0.00558	0.00414	0.00161	0.00427	0.00391	0.00459	0.00709
136	0.00983	0.00926	0.01562	0.80447	0.03587	0.01157	0.01446	0.01331	0.01041	0.01331	0.00926	0.01388	0.00694	0.00521	0.00521	0.00174	0.00694	0.00463	0.00231	0.00579
137	0.01289	0.01237	0.02114	0.03196	0.78450	0.01237	0.01598	0.01598	0.01186	0.01701	0.00980	0.01289	0.00825	0.00464	0.00516	0.00155	0.00619	0.00464	0.00258	0.00825
138	0.00757	0.00505	0.00568	0.00568	0.00568	0.00505	0.00316	0.00757	0.00757	0.01010	0.01641	0.03408	0.01893	0.81698	0.02651	0.00505	0.00505	0.00757	0.00316	0.00316
139	0.01311	0.01190	0.01572	0.01292	0.01638	0.01313	0.15951	0.05617	0.59164	0.02122	0.01871	0.01807	0.01401	0.00650	0.00546	0.00176	0.00512	0.00589	0.00476	0.00802
140	0.01229	0.01405	0.03073	0.02195	0.02722	0.01317	0.76558	0.01668	0.01229	0.01668	0.01054	0.01405	0.00790	0.00439	0.00615	0.00176	0.00878	0.00615	0.00263	0.00702
141	0.01080	0.00926	0.01080	0.00771	0.01234	0.00694	0.00617	0.01311	0.01080	0.01697	0.00926	0.01080	0.00771	0.00386	0.00386	0.00077	0.00386	0.00309	0.00309	0.84882
142	0.00621	0.00528	0.00535	0.00533	0.00707	0.00442	0.00400	0.00758	0.01200	0.01437	0.08523	0.04962	0.74972	0.01308	0.00615	0.00175	0.00263	0.01092	0.00488	0.00442
143	0.01289	0.01237	0.02114	0.03196	0.78450	0.01237	0.01598	0.01598	0.01186	0.01701	0.00980	0.01289	0.00825	0.00464	0.00516	0.00155	0.00619	0.00464	0.00258	0.00825
144	0.01392	0.82012	0.02729	0.00891	0.01337	0.02061	0.00891	0.01559	0.01058	0.01225	0.00724	0.00835	0.00668	0.00446	0.00334	0.00111	0.00557	0.00278	0.00223	0.00668
145	0.01392	0.82012	0.02729	0.00891	0.01337	0.02061	0.00891	0.01559	0.01058	0.01225	0.00724	0.00835	0.00668	0.00446	0.00334	0.00111	0.00557	0.00278	0.00223	0.00668
146	0.00621	0.00528	0.00535	0.00533	0.00706	0.00442	0.00400	0.00757	0.01199	0.01435	0.08287	0.04965	0.75209	0.01308	0.00615	0.00175	0.00263	0.01093	0.00487	0.00442
147	0.85377	0.01007	0.00765	0.00685	0.01007	0.01168	0.00564	0.01531	0.00886	0.02336	0.00725	0.00846	0.00564	0.00483	0.00322	0.00161	0.00403	0.00282	0.00322	0.00564
148	0.01392	0.82012	0.02729	0.00891	0.01337	0.02061	0.00891	0.01559	0.01058	0.01225	0.00724	0.00835	0.00668	0.00446	0.00334	0.00111	0.00557	0.00278	0.00223	0.00668
149	0.01289	0.01237	0.02114	0.03196	0.78450	0.01237	0.01598	0.01598	0.01186	0.01701	0.00980	0.01289	0.00825	0.00464	0.00516	0.00155	0.00619	0.00464	0.00258	0.00825
150	0.01980	0.01459	0.01563	0.01198	0.01615	0.01615	0.00990	0.76713	0.02448	0.03282	0.01250	0.01250	0.00886	0.00625	0.00521	0.00156	0.00573	0.00469	0.00521	0.00886
151	0.00724	0.00532	0.00678	0.00641	0.00770	0.00486	0.00481	0.00958	0.01443	0.02015	0.70366	0.04010	0.12768	0.01092	0.00614	0.00165	0.00248	0.00959	0.00564	0.00486
152	0.00757	0.00505	0.00568	0.00568	0.00568	0.00505	0.00316	0.00757	0.00757	0.01010	0.01641	0.03408	0.01893	0.81698	0.02651	0.00505	0.00505	0.00757	0.00316	0.00316
153	0.00822	0.00647	0.00777	0.00829	0.00978	0.02157	0.00687	0.01118	0.06778	0.01597	0.09560	0.06700	0.23018	0.01309	0.00663	0.00209	0.00403	0.40764	0.00488	0.00496
154	0.00757	0.00505	0.00568	0.00568	0.00568	0.00505	0.00316	0.00757	0.00757	0.01010	0.01641	0.03408	0.01893	0.81698	0.02651	0.00505	0.00505	0.00757	0.00316	0.00316
155	0.01755	0.03851	0.01535	0.01368	0.03191	0.61449	0.05167	0.03594	0.01429	0.01372	0.01013	0.01428	0.00901	0.00695	0.02567	0.00164	0.00885	0.06738	0.00291	0.00607
156	0.02135	0.09579	0.01470	0.01000	0.01412	0.01144	0.00843	0.23628	0.01719	0.49074	0.01685	0.01525	0.01109	0.00618	0.00503	0.00155	0.00492	0.00482	0.00565	0.00863
157	0.00634	0.00453	0.00604	0.00725	0.00755	0.00423	0.00483	0.00725	0.00997	0.01329	0.02870	0.81358	0.03444	0.01632	0.00665	0.00211	0.00302	0.01480	0.00483	0.00423
158	0.03105	0.00967	0.01150	0.06831	0.01440	0.00819	0.00715	0.06687	0.02624	0.05028	0.01014	0.01155	0.00806	0.00432	0.00412	0.00097	0.00425	0.00345	0.00336	0.65612
159	0.01094	0.11482	0.67092	0.01494	0.05517	0.01306	0.01794	0.01637	0.01099	0.01604	0.00913	0.01078	0.00668	0.00488	0.00478	0.00158	0.00739	0.00376	0.00222	0.00761
160	0.01333	0.30608	0.34976	0.03181	0.05757	0.04695	0.01382	0.04992	0.01186	0.06068	0.00936	0.01062	0.00719	0.00493	0.00441	0.00144	0.00664	0.00363	0.00263	0.00737
161	0.01127	0.09247	0.66894	0.01483	0.05163	0.01267	0.01785	0.01670	0.01113	0.04238	0.00957	0.01108	0.00688	0.00494	0.00483	0.00160	0.00735	0.00384	0.00236	0.00767
162	0.01268	0.01226	0.02123	0.07823	0.70579	0.01236	0.04899	0.01585	0.01179	0.01677	0.00980	0.01300	0.00815	0.00466	0.00520	0.00157	0.00635	0.00471	0.00256	0.00805
163	0.01452	0.01416	0.11715	0.04652	0.40398	0.05318	0.06880	0.01805	0.02884	0.15020	0.01213	0.01444	0.00928	0.00527	0.00523	0.00160	0.00639	0.01903	0.00330	0.00794
164	0.02000	0.03843	0.01254	0.03980	0.01397	0.06385	0.00799	0.03603	0.07774	0.53833	0.05689	0.04206	0.01466	0.00681	0.00522	0.00161	0.00477	0.00554	0.00568	0.00808
165	0.00670	0.00495	0.00652	0.03112	0.00852	0.00471	0.00515	0.00817	0.02473	0.01454	0.13284	0.62646	0.07645	0.01486	0.00648	0.00201	0.00306	0.01338	0.00489	0.00445
166	0.00677	0.00508	0.00602	0.00632	0.00748	0.00450	0.00454	0.00819	0.01184	0.02844	0.19633	0.32248	0.34588	0.01367	0.00631	0.00186	0.00277	0.01194	0.00505	0.00452
167	0.01226	0.01791	0.30617	0.05497	0.17460	0.01223	0.25429	0.01700	0.02436	0.06019	0.01064	0.01298	0.00786	0.00484	0.00540	0.00167	0.00746	0.00488	0.00271	0.00758
168	0.01318	0.01347	0.04981	0.08422	0.60516	0.05055	0.04092	0.04924	0.01244	0.01721	0.00980	0.01274	0.00803	0.00479	0.00516	0.00156	0.00652	0.00460	0.00267	0.00793
169	0.00673	0.00510	0.00741	0.04302	0.00955	0.00489	0.03424	0.00788	0.01008	0.01342	0.02715	0.74781	0.03222	0.01537	0.00656	0.00208	0.00341	0.01403	0.00464	0.00440
170	0.01157	0.04962	0.66144	0.01475	0.02186	0.04209	0.05870	0.01703	0.01137	0.05031	0.00979	0.01132	0.00695	0.00498	0.00497	0.00163	0.00761	0.00398	0.00243	0.00762
171	0.03807	0.03140	0.08912	0.06001	0.04192	0.01176	0.45955	0.01619	0.01198	0.07398	0.01295	0.05864	0.01081	0.00591	0.00584	0.00177	0.00743	0.05272	0.00312	0.00685

[dist]
# distance from previous block
# <min> <max>
0	13

# created by:
# /st0/software/busco_prod/Augustus/scripts/msa2prfl.pl ./align_prep/204880.fa
