[name]
unknown

[dist]
# distance from previous block
# <min> <max>
25	377

[block]
# block no. 0 follows, 52 sequences, length 9
# corresponding to MSA columns:
# 396-404
name=unknown_A
#
# <colnr> <probs for GDERKNQSTAVLIFYWHMCP>
#	G	D	E	R	K	N	Q	S	T	A	V	L	I	F	Y	W	H	M	C	P
0	0.27534	0.10538	0.01214	0.06427	0.02815	0.01150	0.00738	0.17645	0.01234	0.08403	0.01118	0.05798	0.02322	0.01903	0.00460	0.00147	0.01997	0.00422	0.00354	0.07782
1	0.00743	0.03052	0.00713	0.00676	0.00716	0.02962	0.00458	0.00804	0.00806	0.01072	0.01706	0.24310	0.01945	0.40197	0.12722	0.00403	0.05200	0.00820	0.00323	0.00371
2	0.34416	0.03165	0.02388	0.06394	0.01226	0.16403	0.00697	0.05361	0.01068	0.05724	0.02602	0.11579	0.01097	0.05327	0.00531	0.00169	0.00500	0.00485	0.00329	0.00538
3	0.00805	0.00624	0.00784	0.05306	0.00942	0.00622	0.00530	0.03418	0.00963	0.01352	0.12440	0.18281	0.02086	0.27934	0.01230	0.00256	0.06008	0.00745	0.00353	0.15319
4	0.00682	0.00489	0.00659	0.00668	0.00725	0.00518	0.00473	0.00800	0.00859	0.01199	0.12487	0.12859	0.02099	0.26459	0.36270	0.00525	0.00774	0.00734	0.00332	0.00390
5	0.00951	0.00760	0.00899	0.00688	0.01031	0.00614	0.00545	0.01162	0.00978	0.01553	0.01018	0.01232	0.00854	0.00807	0.10689	0.00168	0.00461	0.00340	0.12204	0.63048
6	0.00833	0.00495	0.00765	0.11984	0.01039	0.00536	0.00574	0.00746	0.00697	0.00933	0.00903	0.01503	0.00862	0.01766	0.11833	0.63029	0.00565	0.00435	0.00217	0.00285
7	0.01556	0.16296	0.17446	0.00996	0.01441	0.01163	0.00975	0.16109	0.03545	0.25601	0.01287	0.03579	0.00938	0.00546	0.00444	0.00138	0.00507	0.00424	0.00398	0.06609
8	0.01349	0.15089	0.01620	0.12454	0.08384	0.04942	0.06043	0.11134	0.01236	0.12669	0.01287	0.01403	0.06208	0.00554	0.00521	0.00140	0.05545	0.00441	0.00330	0.08652

[dist]
# distance from previous block
# <min> <max>
2	41

[block]
# block no. 1 follows, 52 sequences, length 13
# corresponding to MSA columns:
# 446-458
name=unknown_B
#
# <colnr> <probs for GDERKNQSTAVLIFYWHMCP>
#	G	D	E	R	K	N	Q	S	T	A	V	L	I	F	Y	W	H	M	C	P
0	0.22787	0.15113	0.18643	0.00932	0.01362	0.01173	0.00934	0.07656	0.03998	0.19611	0.02810	0.01161	0.00860	0.00510	0.00407	0.00143	0.00492	0.00371	0.00358	0.00681
1	0.00720	0.00698	0.06037	0.00630	0.00853	0.00520	0.00518	0.00888	0.01053	0.01404	0.11476	0.06766	0.36065	0.10785	0.00753	0.00182	0.00331	0.02277	0.00391	0.17653
2	0.11320	0.09494	0.20059	0.01561	0.09696	0.01204	0.26424	0.01584	0.01071	0.09238	0.00962	0.01144	0.00717	0.00460	0.00501	0.00152	0.03038	0.00429	0.00272	0.00674
3	0.00826	0.00601	0.07246	0.00680	0.00755	0.00478	0.00529	0.00713	0.00710	0.00945	0.01240	0.01746	0.08505	0.01538	0.01646	0.70433	0.00428	0.00474	0.00233	0.00272
4	0.19183	0.00649	0.02966	0.00656	0.00825	0.00623	0.00527	0.01019	0.01155	0.01836	0.44381	0.05956	0.07433	0.01122	0.07197	0.00208	0.00372	0.02979	0.00440	0.00472
5	0.01049	0.00910	0.01522	0.20928	0.01956	0.00892	0.20628	0.01358	0.02377	0.05737	0.07578	0.01497	0.01113	0.00501	0.00490	0.00136	0.01903	0.00478	0.08610	0.20340
6	0.04879	0.01826	0.47389	0.07922	0.01910	0.01057	0.05585	0.01561	0.10294	0.01643	0.08684	0.01410	0.01118	0.00536	0.00474	0.00155	0.00604	0.00446	0.01840	0.00665
7	0.01157	0.30168	0.30699	0.00988	0.01481	0.01244	0.01099	0.01465	0.01054	0.09040	0.01381	0.01428	0.10054	0.00542	0.00417	0.00131	0.00538	0.00410	0.00279	0.06425
8	0.00927	0.00836	0.01297	0.38165	0.17088	0.00936	0.01081	0.01304	0.08017	0.01517	0.16688	0.02004	0.06866	0.00639	0.00507	0.00157	0.00500	0.00569	0.00323	0.00578
9	0.00650	0.00534	0.00645	0.10153	0.00979	0.00504	0.00499	0.00812	0.01120	0.01420	0.21703	0.03903	0.46633	0.07494	0.00711	0.00185	0.00307	0.00893	0.00430	0.00427
10	0.01205	0.01041	0.01096	0.00986	0.01260	0.01205	0.00767	0.02575	0.79071	0.02027	0.01972	0.01808	0.01479	0.00657	0.00493	0.00164	0.00384	0.00548	0.00493	0.00767
11	0.00771	0.00548	0.00666	0.00699	0.00765	0.00548	0.00478	0.09889	0.01040	0.01388	0.02219	0.51989	0.02570	0.20652	0.01041	0.00256	0.00360	0.03280	0.00417	0.00422
12	0.00753	0.00533	0.00599	0.00596	0.00631	0.00550	0.00364	0.00923	0.10008	0.01096	0.01686	0.10423	0.01863	0.65623	0.02060	0.00408	0.00442	0.00749	0.00332	0.00359

[dist]
# distance from previous block
# <min> <max>
0	5

[block]
# block no. 2 follows, 52 sequences, length 16
# corresponding to MSA columns:
# 464-469,471-480
name=unknown_C
#
# <colnr> <probs for GDERKNQSTAVLIFYWHMCP>
#	G	D	E	R	K	N	Q	S	T	A	V	L	I	F	Y	W	H	M	C	P
0	0.01181	0.01016	0.01074	0.00974	0.01238	0.01173	0.00754	0.02499	0.75948	0.01996	0.02000	0.05039	0.01548	0.00692	0.00498	0.00166	0.00379	0.00581	0.00491	0.00752
1	0.01805	0.02851	0.01328	0.01016	0.01385	0.01243	0.00835	0.44092	0.13373	0.22926	0.01461	0.01374	0.01012	0.00589	0.00480	0.00147	0.00476	0.00459	0.00506	0.02641
2	0.01172	0.48545	0.17833	0.00975	0.01456	0.01499	0.04508	0.01431	0.01003	0.01317	0.00761	0.00892	0.00643	0.00413	0.00361	0.00111	0.00543	0.00298	0.00223	0.16018
3	0.70973	0.00844	0.00698	0.00636	0.00882	0.00967	0.00506	0.01282	0.00790	0.01934	0.00705	0.00911	0.00582	0.00672	0.00587	0.15605	0.00383	0.00291	0.00284	0.00468
4	0.00603	0.00447	0.00564	0.00631	0.00698	0.00407	0.00436	0.00719	0.01035	0.01369	0.16071	0.55260	0.17232	0.01377	0.00602	0.00183	0.00266	0.01229	0.00464	0.00407
5	0.00871	0.00648	0.00758	0.00677	0.00845	0.00635	0.00519	0.14815	0.01458	0.01980	0.47409	0.04857	0.18626	0.03003	0.00604	0.00162	0.00294	0.00831	0.00501	0.00509
6	0.01100	0.01180	0.02250	0.13537	0.02348	0.03084	0.49194	0.01447	0.01090	0.01493	0.00928	0.01234	0.00714	0.00423	0.00540	0.00147	0.02553	0.00490	0.00248	0.16002
7	0.00652	0.00551	0.00590	0.00550	0.00748	0.00450	0.00413	0.00788	0.01069	0.01351	0.03962	0.11582	0.58068	0.01099	0.00539	0.00150	0.00269	0.00925	0.00421	0.15822
8	0.79056	0.00931	0.00737	0.00644	0.00955	0.01049	0.00529	0.01407	0.00840	0.02123	0.00691	0.00806	0.00541	0.00442	0.00305	0.00143	0.00373	0.00265	0.00299	0.07863
9	0.71153	0.01013	0.00846	0.00723	0.01039	0.01162	0.00596	0.15286	0.01087	0.02333	0.00763	0.00855	0.00579	0.00474	0.00333	0.00149	0.00403	0.00294	0.00333	0.00579
10	0.01522	0.01423	0.05067	0.19063	0.07440	0.14361	0.01087	0.38332	0.01674	0.02138	0.01028	0.02796	0.00787	0.00550	0.00478	0.00147	0.00620	0.00430	0.00356	0.00701
11	0.00734	0.00565	0.00794	0.16589	0.01273	0.00594	0.00688	0.00902	0.00989	0.01292	0.06794	0.19900	0.07758	0.15893	0.00934	0.00242	0.00429	0.22827	0.00380	0.00424
12	0.00712	0.00540	0.00671	0.03658	0.00835	0.00513	0.00488	0.03944	0.01282	0.01742	0.49589	0.06556	0.21258	0.03321	0.02593	0.00181	0.00295	0.00881	0.00484	0.00456
13	0.16475	0.00888	0.01037	0.00865	0.04607	0.00805	0.01966	0.01375	0.03892	0.06977	0.01018	0.04783	0.00857	0.00479	0.00432	0.00111	0.03635	0.00372	0.00320	0.49107
14	0.01070	0.00903	0.01368	0.47019	0.04861	0.04179	0.03848	0.04206	0.01039	0.07851	0.01034	0.01402	0.00806	0.01071	0.15034	0.00271	0.02751	0.00452	0.00268	0.00566
15	0.00970	0.00891	0.01408	0.54185	0.04017	0.01041	0.03986	0.04283	0.01007	0.01350	0.00933	0.03363	0.00773	0.03623	0.00631	0.00167	0.06474	0.00454	0.00244	0.10201

[dist]
# distance from previous block
# <min> <max>
6	29

[block]
# block no. 3 follows, 52 sequences, length 9
# corresponding to MSA columns:
# 514-522
name=unknown_D
#
# <colnr> <probs for GDERKNQSTAVLIFYWHMCP>
#	G	D	E	R	K	N	Q	S	T	A	V	L	I	F	Y	W	H	M	C	P
0	0.00944	0.00961	0.01876	0.11985	0.05580	0.00958	0.37734	0.01224	0.01037	0.01401	0.01466	0.26232	0.01478	0.00777	0.00612	0.00174	0.03911	0.00788	0.00302	0.00559
1	0.00884	0.01890	0.55987	0.01145	0.01676	0.00921	0.01382	0.01345	0.01130	0.01660	0.25037	0.01819	0.01828	0.00623	0.00494	0.00153	0.00567	0.00517	0.00305	0.00637
2	0.01601	0.01291	0.09908	0.18438	0.01919	0.01247	0.01073	0.41574	0.01722	0.14626	0.01184	0.01252	0.00822	0.00551	0.00482	0.00150	0.00558	0.00435	0.00415	0.00751
3	0.01384	0.26718	0.01655	0.00926	0.01316	0.10068	0.03239	0.13692	0.01264	0.06287	0.00914	0.01013	0.00735	0.00515	0.02169	0.00122	0.00532	0.00331	0.00306	0.26813
4	0.00719	0.00531	0.00779	0.00814	0.00908	0.00591	0.00659	0.00908	0.00882	0.01225	0.01687	0.02996	0.01695	0.02931	0.56403	0.00608	0.01037	0.23873	0.00317	0.00437
5	0.00841	0.00645	0.00840	0.00829	0.01035	0.00577	0.00703	0.01056	0.01073	0.01480	0.02048	0.07546	0.02172	0.01046	0.00572	0.00176	0.00412	0.49896	0.00398	0.26655
6	0.01291	0.54435	0.02045	0.00896	0.01260	0.05232	0.00815	0.01817	0.24944	0.01414	0.01075	0.01098	0.00885	0.00493	0.00372	0.00123	0.00493	0.00350	0.00297	0.00664
7	0.00995	0.00753	0.00911	0.00719	0.01008	0.00636	0.00549	0.03838	0.04960	0.01428	0.00923	0.01195	0.00799	0.00788	0.00841	0.26395	0.00385	0.00347	0.00281	0.52247
8	0.01428	0.14042	0.19824	0.01527	0.17395	0.24044	0.01210	0.01697	0.01160	0.09206	0.00910	0.01043	0.00708	0.00486	0.00476	0.00138	0.03409	0.00360	0.00265	0.00673

[dist]
# distance from previous block
# <min> <max>
0	1

[block]
# block no. 4 follows, 52 sequences, length 14
# corresponding to MSA columns:
# 524-537
name=unknown_E
#
# <colnr> <probs for GDERKNQSTAVLIFYWHMCP>
#	G	D	E	R	K	N	Q	S	T	A	V	L	I	F	Y	W	H	M	C	P
0	0.01146	0.01300	0.02817	0.02086	0.06187	0.01222	0.74566	0.01549	0.01142	0.01554	0.00977	0.01302	0.00737	0.00410	0.00568	0.00162	0.00806	0.00565	0.00245	0.00659
1	0.38157	0.01194	0.05108	0.04778	0.01424	0.01251	0.04969	0.31821	0.01446	0.04262	0.00932	0.01020	0.00680	0.00505	0.00409	0.00150	0.00492	0.00366	0.00368	0.00667
2	0.00590	0.00425	0.00559	0.00666	0.00701	0.00394	0.00446	0.00676	0.00936	0.01240	0.02777	0.78946	0.06844	0.01504	0.00616	0.00195	0.00279	0.01361	0.00450	0.00394
3	0.00903	0.00452	0.00452	0.00452	0.00565	0.00452	0.00339	0.01129	0.01016	0.01807	0.01581	0.01807	0.01242	0.00565	0.00339	0.00113	0.00226	0.00452	0.85659	0.00452
4	0.00588	0.00431	0.00553	0.00650	0.00696	0.00396	0.00439	0.00678	0.00952	0.01247	0.02978	0.71965	0.13695	0.01478	0.00612	0.00192	0.00276	0.01329	0.00450	0.00396
5	0.86392	0.00937	0.00712	0.00637	0.00937	0.01087	0.00525	0.01425	0.00825	0.02174	0.00675	0.00787	0.00525	0.00450	0.00300	0.00150	0.00375	0.00262	0.00300	0.00525
6	0.02158	0.00851	0.01141	0.00875	0.01250	0.00751	0.00723	0.06109	0.01431	0.76473	0.01875	0.01625	0.01181	0.00599	0.00487	0.00150	0.00418	0.00485	0.00594	0.00825
7	0.00756	0.00568	0.00690	0.00734	0.00826	0.00573	0.00519	0.06507	0.10329	0.01487	0.05006	0.61701	0.05784	0.01321	0.00591	0.00187	0.00308	0.01182	0.00460	0.00472
8	0.00705	0.00470	0.00529	0.00529	0.00529	0.00470	0.00294	0.00705	0.00705	0.00940	0.01527	0.03171	0.01762	0.82969	0.02467	0.00470	0.00470	0.00705	0.00294	0.00294
9	0.01474	0.55810	0.02157	0.00952	0.01330	0.17717	0.00863	0.12084	0.01240	0.01412	0.00756	0.00850	0.00650	0.00454	0.00360	0.00114	0.00592	0.00294	0.00254	0.00638
10	0.00588	0.00492	0.00512	0.00507	0.00664	0.00416	0.00380	0.00725	0.01141	0.01396	0.15158	0.04521	0.69447	0.01195	0.00573	0.00162	0.00243	0.01003	0.00461	0.00416
11	0.05256	0.00842	0.01129	0.00876	0.01228	0.00768	0.00724	0.02262	0.01331	0.73107	0.01797	0.01586	0.01144	0.00608	0.00540	0.00153	0.04809	0.00476	0.00568	0.00798
12	0.02174	0.00825	0.01125	0.00862	0.01237	0.00712	0.00712	0.02362	0.01387	0.80282	0.01912	0.01649	0.01200	0.00600	0.00487	0.00150	0.00412	0.00487	0.00600	0.00825
13	0.01205	0.01041	0.01096	0.00986	0.01260	0.01205	0.00767	0.02575	0.79071	0.02027	0.01972	0.01808	0.01479	0.00657	0.00493	0.00164	0.00384	0.00548	0.00493	0.00767

[dist]
# distance from previous block
# <min> <max>
0	27

[block]
# block no. 5 follows, 52 sequences, length 30
# corresponding to MSA columns:
# 565-594
name=unknown_F
#
# <colnr> <probs for GDERKNQSTAVLIFYWHMCP>
#	G	D	E	R	K	N	Q	S	T	A	V	L	I	F	Y	W	H	M	C	P
0	0.01791	0.02281	0.01416	0.01271	0.01528	0.78737	0.03150	0.01924	0.01367	0.01197	0.00756	0.00886	0.00627	0.00497	0.00441	0.00126	0.00872	0.00320	0.00250	0.00564
1	0.86392	0.00937	0.00712	0.00637	0.00937	0.01087	0.00525	0.01425	0.00825	0.02174	0.00675	0.00787	0.00525	0.00450	0.00300	0.00150	0.00375	0.00262	0.00300	0.00525
2	0.00675	0.00502	0.00641	0.00730	0.00793	0.00497	0.00517	0.00912	0.09344	0.01343	0.02585	0.66300	0.02978	0.01408	0.00610	0.00196	0.00309	0.08767	0.00454	0.00439
3	0.01314	0.80308	0.02497	0.00844	0.01253	0.04803	0.00833	0.01469	0.00999	0.01142	0.00676	0.00781	0.00622	0.00418	0.00316	0.00104	0.00531	0.00261	0.00209	0.00620
4	0.18536	0.00700	0.00828	0.05140	0.01125	0.00756	0.00736	0.03320	0.06775	0.01659	0.02010	0.09568	0.02087	0.01052	0.00561	0.00196	0.00428	0.43616	0.00408	0.00497
5	0.70576	0.00970	0.00812	0.02487	0.01057	0.01123	0.00591	0.05893	0.09318	0.02188	0.00846	0.00929	0.00647	0.00480	0.00335	0.00151	0.00391	0.00307	0.00329	0.00568
6	0.00915	0.00861	0.01453	0.81804	0.03338	0.01077	0.01346	0.01238	0.00969	0.01238	0.00861	0.01292	0.00646	0.00484	0.00484	0.00161	0.00646	0.00431	0.00215	0.00538
7	0.00957	0.00904	0.01529	0.70196	0.14619	0.01088	0.01367	0.01275	0.00989	0.01289	0.00869	0.01278	0.00664	0.00477	0.00484	0.00159	0.00636	0.00431	0.00219	0.00572
8	0.00619	0.00441	0.00577	0.00650	0.00694	0.00413	0.00439	0.00727	0.01002	0.01360	0.18507	0.60172	0.03376	0.07701	0.00752	0.00209	0.00285	0.01222	0.00455	0.00399
9	0.01113	0.00670	0.00693	0.00617	0.00795	0.00709	0.00482	0.17168	0.05383	0.02076	0.01515	0.01674	0.01168	0.00573	0.00377	0.00122	0.00298	0.00454	0.63569	0.00545
10	0.00590	0.00491	0.00511	0.00507	0.00660	0.00417	0.00377	0.00723	0.01127	0.01378	0.14131	0.04493	0.68241	0.03445	0.00625	0.00171	0.00250	0.00996	0.00456	0.00412
11	0.00730	0.00892	0.17067	0.00727	0.00907	0.00595	0.00646	0.00885	0.00870	0.01180	0.04387	0.10567	0.12277	0.41190	0.04768	0.00339	0.00498	0.00739	0.00318	0.00417
12	0.86392	0.00937	0.00712	0.00637	0.00937	0.01087	0.00525	0.01425	0.00825	0.02174	0.00675	0.00787	0.00525	0.00450	0.00300	0.00150	0.00375	0.00262	0.00300	0.00525
13	0.00705	0.00470	0.00529	0.00529	0.00529	0.00470	0.00294	0.00705	0.00705	0.00940	0.01527	0.03171	0.01762	0.82969	0.02467	0.00470	0.00470	0.00705	0.00294	0.00294
14	0.00903	0.00452	0.00452	0.00452	0.00565	0.00452	0.00339	0.01129	0.01016	0.01807	0.01581	0.01807	0.01242	0.00565	0.00339	0.00113	0.00226	0.00452	0.85659	0.00452
15	0.00962	0.00954	0.01744	0.65313	0.03171	0.01107	0.17234	0.01303	0.01005	0.01303	0.00886	0.01295	0.00664	0.00469	0.00503	0.00162	0.00681	0.00460	0.00221	0.00562
16	0.01842	0.01357	0.01454	0.01115	0.01503	0.01503	0.00921	0.78330	0.02278	0.03054	0.01163	0.01163	0.00824	0.00582	0.00485	0.00145	0.00533	0.00436	0.00485	0.00824
17	0.00617	0.00493	0.00552	0.00537	0.00682	0.00428	0.00403	0.00781	0.01209	0.01558	0.34222	0.04255	0.50282	0.01135	0.00572	0.00159	0.00239	0.00965	0.00483	0.00428
18	0.01102	0.19115	0.60175	0.01240	0.01876	0.01267	0.01535	0.01561	0.01034	0.05595	0.00884	0.01005	0.00646	0.00458	0.00431	0.00143	0.00659	0.00344	0.00226	0.00702
19	0.00764	0.00545	0.00756	0.00844	0.00942	0.00554	0.00714	0.00959	0.01039	0.01365	0.02326	0.04856	0.02517	0.09692	0.09485	0.00307	0.00540	0.60955	0.00411	0.00430
20	0.00590	0.00422	0.00562	0.00675	0.00703	0.00394	0.00450	0.00675	0.00928	0.01237	0.02671	0.82653	0.03205	0.01518	0.00619	0.00197	0.00281	0.01378	0.00450	0.00394
21	0.01584	0.01183	0.01237	0.00983	0.01280	0.03745	0.00778	0.58127	0.01896	0.02530	0.01235	0.01584	0.01021	0.17614	0.00890	0.00211	0.00524	0.00488	0.02391	0.00698
22	0.01477	0.66216	0.02247	0.00836	0.01242	0.01668	0.00805	0.01639	0.01068	0.17504	0.00930	0.00958	0.00741	0.00453	0.00347	0.00113	0.00496	0.00306	0.00288	0.00664
23	0.00925	0.00674	0.00815	0.00714	0.00885	0.00673	0.00553	0.16921	0.01559	0.02173	0.63454	0.03112	0.03797	0.00906	0.00554	0.00151	0.00292	0.00785	0.00523	0.00533
24	0.00686	0.00495	0.00648	0.00610	0.00724	0.00457	0.00457	0.00914	0.01372	0.01943	0.79691	0.03620	0.04572	0.00991	0.00572	0.00152	0.00229	0.00876	0.00533	0.00457
25	0.01010	0.02239	0.63140	0.01529	0.02195	0.01148	0.18841	0.01539	0.01050	0.01539	0.00894	0.01087	0.00641	0.00449	0.00485	0.00156	0.00739	0.00406	0.00214	0.00702
26	0.01296	0.83261	0.02539	0.00829	0.01244	0.01917	0.00829	0.01451	0.00985	0.01140	0.00674	0.00777	0.00622	0.00415	0.00311	0.00104	0.00518	0.00259	0.00207	0.00622
27	0.01436	0.00933	0.01051	0.00908	0.01198	0.01005	0.00717	0.02381	0.51156	0.23505	0.02028	0.01854	0.03853	0.00655	0.00486	0.00158	0.00379	0.00541	0.05001	0.00755
28	0.00663	0.00480	0.00626	0.00620	0.00718	0.00443	0.00453	0.00859	0.01273	0.01781	0.61816	0.19988	0.06250	0.01106	0.00581	0.00162	0.00240	0.00984	0.00514	0.00443
29	0.00676	0.00862	0.17085	0.00806	0.00990	0.00551	0.00723	0.00873	0.00992	0.01358	0.08480	0.55318	0.06937	0.01242	0.00580	0.00183	0.00365	0.01108	0.00406	0.00466

[dist]
# distance from previous block
# <min> <max>
0	1

[block]
# block no. 6 follows, 52 sequences, length 14
# corresponding to MSA columns:
# 596-609
name=unknown_G
#
# <colnr> <probs for GDERKNQSTAVLIFYWHMCP>
#	G	D	E	R	K	N	Q	S	T	A	V	L	I	F	Y	W	H	M	C	P
0	0.01021	0.14727	0.68667	0.01298	0.01968	0.01245	0.01645	0.01522	0.01017	0.01475	0.00840	0.00986	0.00615	0.00453	0.00438	0.00146	0.00686	0.00343	0.00205	0.00702
1	0.01009	0.01024	0.01593	0.01318	0.01434	0.03463	0.17029	0.01177	0.00876	0.01258	0.01076	0.15133	0.01111	0.00929	0.03096	0.00210	0.46852	0.00618	0.00262	0.00531
2	0.86392	0.00937	0.00712	0.00637	0.00937	0.01087	0.00525	0.01425	0.00825	0.02174	0.00675	0.00787	0.00525	0.00450	0.00300	0.00150	0.00375	0.00262	0.00300	0.00525
3	0.86392	0.00937	0.00712	0.00637	0.00937	0.01087	0.00525	0.01425	0.00825	0.02174	0.00675	0.00787	0.00525	0.00450	0.00300	0.00150	0.00375	0.00262	0.00300	0.00525
4	0.00992	0.02369	0.71527	0.01457	0.02148	0.01137	0.10584	0.01537	0.01037	0.01537	0.00882	0.01056	0.00628	0.00454	0.00473	0.00155	0.00728	0.00383	0.00209	0.00709
5	0.00667	0.00495	0.00622	0.00590	0.00712	0.00449	0.00443	0.00878	0.01328	0.01838	0.67320	0.03793	0.17008	0.01030	0.00572	0.00154	0.00231	0.00901	0.00520	0.00449
6	0.00665	0.00485	0.00625	0.00610	0.00716	0.00445	0.00450	0.00867	0.01293	0.01803	0.63961	0.14398	0.09714	0.01079	0.00578	0.00159	0.00237	0.00955	0.00516	0.00445
7	0.02841	0.00868	0.02512	0.00898	0.01156	0.00874	0.00747	0.07362	0.11696	0.30643	0.06123	0.02404	0.10479	0.00802	0.00645	0.00168	0.09797	0.08832	0.00483	0.00668
8	0.01956	0.00901	0.01310	0.01004	0.01380	0.00822	0.09129	0.02297	0.09907	0.63126	0.01817	0.01630	0.01180	0.00585	0.00497	0.00153	0.00453	0.00503	0.00550	0.00800
9	0.01050	0.02398	0.75326	0.01348	0.02042	0.01099	0.01721	0.01588	0.01047	0.06629	0.00937	0.01064	0.00652	0.00469	0.00462	0.00153	0.00697	0.00366	0.00230	0.00723
10	0.01099	0.01027	0.01681	0.11111	0.56343	0.01060	0.01296	0.01452	0.07178	0.01541	0.01192	0.10632	0.01091	0.00580	0.00497	0.00154	0.00534	0.00550	0.00281	0.00700
11	0.14922	0.01111	0.12982	0.01014	0.01412	0.00862	0.09231	0.01863	0.01189	0.40946	0.03263	0.06669	0.01162	0.00603	0.00474	0.00155	0.00483	0.00508	0.00445	0.00707
12	0.01515	0.01255	0.01229	0.01027	0.01324	0.10414	0.00817	0.43396	0.14468	0.02357	0.01622	0.10340	0.05050	0.00733	0.00503	0.00154	0.00505	0.02127	0.00453	0.00710
13	0.01299	0.01229	0.03629	0.02105	0.45153	0.05071	0.01203	0.13192	0.09286	0.01830	0.01044	0.01214	0.00833	0.00473	0.00465	0.00137	0.00543	0.00420	0.00308	0.10567

[dist]
# distance from previous block
# <min> <max>
0	1

[block]
# block no. 7 follows, 52 sequences, length 46
# corresponding to MSA columns:
# 611-656
name=unknown_H
#
# <colnr> <probs for GDERKNQSTAVLIFYWHMCP>
#	G	D	E	R	K	N	Q	S	T	A	V	L	I	F	Y	W	H	M	C	P
0	0.68849	0.16195	0.01064	0.00686	0.01006	0.02944	0.00590	0.01440	0.00866	0.01962	0.00676	0.00787	0.00545	0.00444	0.00305	0.00141	0.00412	0.00263	0.00282	0.00544
1	0.00601	0.00428	0.00570	0.00680	0.00711	0.00402	0.00460	0.00689	0.00930	0.01239	0.02641	0.77807	0.03156	0.03330	0.00662	0.00204	0.00292	0.04359	0.00446	0.00393
2	0.01124	0.01209	0.01954	0.01536	0.01729	0.06107	0.28981	0.01341	0.00930	0.01309	0.00815	0.03034	0.00731	0.00684	0.01130	0.00189	0.45899	0.00493	0.00232	0.00574
3	0.00972	0.02507	0.80458	0.01381	0.02097	0.01125	0.01790	0.01535	0.01023	0.01535	0.00870	0.01023	0.00614	0.00460	0.00460	0.00153	0.00716	0.00358	0.00205	0.00716
4	0.01111	0.01046	0.01762	0.11085	0.62779	0.01064	0.01355	0.01396	0.01120	0.01588	0.09879	0.01485	0.01188	0.00501	0.00491	0.00147	0.00544	0.00482	0.00271	0.00708
5	0.00590	0.00422	0.00562	0.00675	0.00703	0.00394	0.00450	0.00675	0.00928	0.01237	0.02671	0.82653	0.03205	0.01518	0.00619	0.00197	0.00281	0.01378	0.00450	0.00394
6	0.01183	0.01068	0.01199	0.03367	0.12785	0.05286	0.00862	0.04316	0.50816	0.01880	0.05774	0.01899	0.06111	0.00660	0.00496	0.00158	0.00432	0.00557	0.00435	0.00715
7	0.00769	0.00549	0.00767	0.00879	0.00985	0.00548	0.00760	0.00984	0.01104	0.01437	0.02572	0.10226	0.02815	0.01350	0.00666	0.00221	0.00436	0.72040	0.00446	0.00443
8	0.01251	0.01056	0.01150	0.03349	0.02783	0.01211	0.00814	0.10662	0.64435	0.02088	0.01854	0.01837	0.01416	0.00663	0.00498	0.00164	0.00413	0.03124	0.00478	0.00756
9	0.00683	0.00493	0.00646	0.00611	0.00723	0.00456	0.00457	0.00908	0.01361	0.01926	0.77751	0.05610	0.04538	0.01004	0.00573	0.00154	0.00230	0.00889	0.00531	0.00456
10	0.02033	0.00818	0.01115	0.00868	0.01209	0.00736	0.00715	0.02219	0.01354	0.71826	0.06304	0.01733	0.01365	0.00635	0.00547	0.00153	0.04498	0.00506	0.00577	0.00789
11	0.00687	0.00500	0.00650	0.00626	0.00742	0.00463	0.00478	0.00910	0.01337	0.01870	0.69549	0.03823	0.08471	0.01031	0.00579	0.00159	0.00247	0.06903	0.00522	0.00454
12	0.01005	0.00861	0.01005	0.00718	0.01148	0.00646	0.00574	0.01220	0.01005	0.01579	0.00861	0.01005	0.00718	0.00359	0.00359	0.00072	0.00359	0.00287	0.00287	0.85932
13	0.00695	0.00464	0.00626	0.00698	0.00752	0.00452	0.00488	0.00797	0.00920	0.04793	0.02352	0.57773	0.02705	0.07955	0.12005	0.00298	0.00452	0.04943	0.00418	0.00414
14	0.00590	0.00422	0.00562	0.00675	0.00703	0.00394	0.00450	0.00675	0.00928	0.01237	0.02671	0.82653	0.03205	0.01518	0.00619	0.00197	0.00281	0.01378	0.00450	0.00394
15	0.00826	0.00426	0.00620	0.00620	0.00620	0.00426	0.00406	0.00640	0.00640	0.00853	0.00920	0.01666	0.00947	0.10942	0.01959	0.76170	0.00426	0.00453	0.00220	0.00220
16	0.86392	0.00937	0.00712	0.00637	0.00937	0.01087	0.00525	0.01425	0.00825	0.02174	0.00675	0.00787	0.00525	0.00450	0.00300	0.00150	0.00375	0.00262	0.00300	0.00525
17	0.00686	0.00495	0.00648	0.00610	0.00724	0.00457	0.00457	0.00914	0.01372	0.01943	0.79691	0.03620	0.04572	0.00991	0.00572	0.00152	0.00229	0.00876	0.00533	0.00457
18	0.01005	0.00861	0.01005	0.00718	0.01148	0.00646	0.00574	0.01220	0.01005	0.01579	0.00861	0.01005	0.00718	0.00359	0.00359	0.00072	0.00359	0.00287	0.00287	0.85932
19	0.01005	0.00861	0.01005	0.00718	0.01148	0.00646	0.00574	0.01220	0.01005	0.01579	0.00861	0.01005	0.00718	0.00359	0.00359	0.00072	0.00359	0.00287	0.00287	0.85932
20	0.06428	0.00914	0.01372	0.01044	0.01420	0.00840	0.13408	0.02151	0.06168	0.56075	0.03887	0.01612	0.01200	0.00575	0.00494	0.00153	0.00470	0.00504	0.00517	0.00767
21	0.01502	0.01047	0.01172	0.00961	0.01248	0.01121	0.00767	0.49803	0.01848	0.08129	0.07780	0.19141	0.01667	0.00819	0.00521	0.00158	0.00445	0.00680	0.00489	0.00701
22	0.01043	0.20224	0.63363	0.01260	0.01910	0.01299	0.01580	0.01516	0.01015	0.01448	0.00827	0.00969	0.00616	0.00450	0.00428	0.00143	0.00673	0.00336	0.00205	0.00695
23	0.01216	0.01066	0.01186	0.11205	0.05068	0.05425	0.00864	0.10897	0.43827	0.01972	0.10477	0.01797	0.01573	0.00646	0.00496	0.00157	0.00451	0.00540	0.00437	0.00699
24	0.00589	0.00428	0.00556	0.00658	0.00698	0.00395	0.00442	0.00677	0.00944	0.01244	0.02876	0.75511	0.10214	0.01492	0.00614	0.00194	0.00278	0.01345	0.00450	0.00395
25	0.01222	0.01340	0.01494	0.16008	0.01745	0.21050	0.03470	0.01381	0.00952	0.01196	0.00716	0.01064	0.00638	0.00682	0.01072	0.00180	0.44621	0.00402	0.00223	0.00543
26	0.00717	0.00762	0.09856	0.00841	0.00989	0.00608	0.04809	0.00894	0.00975	0.01347	0.12305	0.39240	0.04925	0.07948	0.07174	0.00252	0.04550	0.00971	0.00382	0.00455
27	0.02174	0.00825	0.01125	0.00862	0.01237	0.00712	0.00712	0.02362	0.01387	0.80282	0.01912	0.01649	0.01200	0.00600	0.00487	0.00150	0.00412	0.00487	0.00600	0.00825
28	0.00650	0.00494	0.00598	0.00572	0.00702	0.00442	0.00429	0.00845	0.01287	0.01743	0.56026	0.03950	0.28363	0.01066	0.00572	0.00156	0.00234	0.00923	0.00507	0.00442
29	0.00970	0.00933	0.01625	0.65304	0.13759	0.01098	0.06873	0.01295	0.01000	0.01308	0.00877	0.01280	0.00669	0.00472	0.00490	0.00159	0.00649	0.00441	0.00221	0.00578
30	0.01674	0.01376	0.01326	0.01074	0.01408	0.11766	0.00864	0.50657	0.15837	0.02560	0.01277	0.01276	0.00938	0.00584	0.00472	0.00144	0.00534	0.00441	0.05033	0.00760
31	0.86392	0.00937	0.00712	0.00637	0.00937	0.01087	0.00525	0.01425	0.00825	0.02174	0.00675	0.00787	0.00525	0.00450	0.00300	0.00150	0.00375	0.00262	0.00300	0.00525
32	0.86392	0.00937	0.00712	0.00637	0.00937	0.01087	0.00525	0.01425	0.00825	0.02174	0.00675	0.00787	0.00525	0.00450	0.00300	0.00150	0.00375	0.00262	0.00300	0.00525
33	0.86392	0.00937	0.00712	0.00637	0.00937	0.01087	0.00525	0.01425	0.00825	0.02174	0.00675	0.00787	0.00525	0.00450	0.00300	0.00150	0.00375	0.00262	0.00300	0.00525
34	0.00573	0.00491	0.00491	0.00491	0.00655	0.00409	0.00368	0.00695	0.01105	0.01309	0.04909	0.04664	0.79750	0.01227	0.00573	0.00164	0.00245	0.01023	0.00450	0.00409
35	0.00683	0.00495	0.00643	0.00606	0.00722	0.00456	0.00455	0.00908	0.01364	0.01925	0.77548	0.03650	0.06726	0.00997	0.00572	0.00153	0.00229	0.00881	0.00531	0.00456
36	0.01132	0.42444	0.41923	0.01108	0.01675	0.01517	0.01315	0.01493	0.01004	0.01340	0.00773	0.00902	0.00618	0.00438	0.00386	0.00129	0.00618	0.00309	0.00206	0.00670
37	0.01167	0.01118	0.01909	0.11953	0.71221	0.01143	0.01471	0.01459	0.01088	0.01544	0.00906	0.01210	0.00754	0.00438	0.00480	0.00146	0.00584	0.00432	0.00237	0.00741
38	0.00796	0.00558	0.00690	0.00648	0.00794	0.00529	0.00496	0.01093	0.07477	0.06023	0.53057	0.03606	0.14969	0.02575	0.00602	0.00165	0.00269	0.04650	0.00513	0.00491
39	0.00719	0.00553	0.00830	0.09982	0.01112	0.00645	0.00658	0.00891	0.00793	0.01119	0.01272	0.01965	0.01204	0.11471	0.63755	0.00677	0.01138	0.00528	0.00258	0.00430
40	0.00891	0.00579	0.00884	0.04969	0.07150	0.00643	0.00635	0.00803	0.00706	0.00973	0.00849	0.01418	0.00822	0.01534	0.05930	0.60458	0.09793	0.00428	0.00216	0.00319
41	0.01108	0.01164	0.02346	0.10149	0.05864	0.01134	0.53729	0.05570	0.01211	0.01646	0.09940	0.01556	0.01169	0.00493	0.00554	0.00160	0.00706	0.00578	0.00287	0.00634
42	0.00842	0.00421	0.00631	0.00631	0.00631	0.00421	0.00421	0.00631	0.00631	0.00842	0.00842	0.01473	0.00842	0.01684	0.01894	0.85901	0.00421	0.00421	0.00210	0.00210
43	0.01170	0.47612	0.05494	0.00923	0.01227	0.05838	0.00857	0.01397	0.05175	0.01238	0.01074	0.10443	0.01072	0.00657	0.00537	0.00140	0.10033	0.04262	0.00265	0.00585
44	0.00676	0.00466	0.00528	0.00542	0.00564	0.00454	0.00321	0.00700	0.00777	0.01018	0.02052	0.13044	0.10821	0.63716	0.02025	0.00402	0.00421	0.00823	0.00331	0.00319
45	0.00708	0.00547	0.00796	0.04826	0.00942	0.00559	0.05291	0.00806	0.00891	0.01205	0.03771	0.45418	0.02404	0.18761	0.01091	0.02905	0.04651	0.02484	0.01544	0.00400

[dist]
# distance from previous block
# <min> <max>
0	9

# created by:
# /st0/software/busco_prod/Augustus/scripts/msa2prfl.pl ./align_prep/206170.fa
