[name]
unknown

[dist]
# distance from previous block
# <min> <max>
0	54

[block]
# block no. 0 follows, 49 sequences, length 8
# corresponding to MSA columns:
# 61-68
name=unknown_A
#
# <colnr> <probs for GDERKNQSTAVLIFYWHMCP>
#	G	D	E	R	K	N	Q	S	T	A	V	L	I	F	Y	W	H	M	C	P
0	0.00825	0.00611	0.00793	0.00830	0.00970	0.00584	0.00673	0.01049	0.03776	0.01452	0.02287	0.14507	0.02486	0.12076	0.00893	0.00240	0.00432	0.43287	0.00424	0.11804
1	0.00919	0.00802	0.00799	0.11419	0.01079	0.11241	0.00543	0.00982	0.00866	0.01057	0.01392	0.02726	0.01524	0.60359	0.02014	0.00399	0.00571	0.00642	0.00289	0.00378
2	0.01233	0.01095	0.01708	0.12925	0.48083	0.01145	0.01286	0.11556	0.01241	0.01719	0.01065	0.01535	0.00931	0.11422	0.00779	0.00198	0.00590	0.00489	0.00289	0.00711
3	0.01163	0.01047	0.01700	0.12987	0.50412	0.01095	0.01305	0.01515	0.09043	0.01548	0.01049	0.01368	0.00871	0.00657	0.00700	0.11548	0.00568	0.00461	0.00270	0.00691
4	0.00735	0.00490	0.00552	0.00552	0.00552	0.00490	0.00306	0.00735	0.00735	0.00980	0.01593	0.03309	0.01838	0.82229	0.02574	0.00490	0.00490	0.00735	0.00306	0.00306
5	0.10547	0.01245	0.01324	0.01042	0.01413	0.01365	0.00855	0.52928	0.07585	0.10448	0.01321	0.01306	0.00938	0.00599	0.00479	0.00152	0.00500	0.00451	0.04698	0.00804
6	0.03611	0.01137	0.01366	0.03383	0.12170	0.01213	0.00923	0.36914	0.06100	0.03750	0.01323	0.07863	0.01123	0.04486	0.02084	0.00179	0.02355	0.00536	0.00418	0.09065
7	0.09393	0.11576	0.63067	0.01299	0.01968	0.01265	0.01624	0.01580	0.01043	0.01620	0.00864	0.01014	0.00632	0.00474	0.00446	0.00154	0.00689	0.00352	0.00224	0.00716

[dist]
# distance from previous block
# <min> <max>
0	2

[block]
# block no. 1 follows, 49 sequences, length 23
# corresponding to MSA columns:
# 71-93
name=unknown_B
#
# <colnr> <probs for GDERKNQSTAVLIFYWHMCP>
#	G	D	E	R	K	N	Q	S	T	A	V	L	I	F	Y	W	H	M	C	P
0	0.01163	0.35758	0.26536	0.01380	0.13959	0.01453	0.01249	0.01489	0.01103	0.01481	0.09043	0.01275	0.01105	0.00514	0.00430	0.00137	0.00583	0.00400	0.00257	0.00686
1	0.00861	0.09188	0.00881	0.00650	0.00832	0.00644	0.00515	0.01063	0.01327	0.06990	0.48880	0.03571	0.20724	0.00998	0.00562	0.00156	0.00287	0.00854	0.00506	0.00510
2	0.01807	0.01350	0.01455	0.01115	0.01520	0.01463	0.00917	0.66770	0.04867	0.02987	0.01210	0.01220	0.00872	0.00585	0.00492	0.00144	0.00532	0.00443	0.00484	0.09764
3	0.32987	0.01244	0.01198	0.01143	0.09460	0.12068	0.00823	0.13985	0.01346	0.19576	0.01113	0.01145	0.00797	0.00532	0.00428	0.00151	0.00521	0.00382	0.00401	0.00700
4	0.01037	0.01093	0.02146	0.01641	0.01945	0.01115	0.45059	0.01325	0.01064	0.01468	0.01390	0.20959	0.01378	0.00790	0.00796	0.00188	0.14936	0.00775	0.00302	0.00593
5	0.01826	0.02003	0.01622	0.01349	0.01679	0.48417	0.09014	0.24464	0.01690	0.01859	0.00936	0.01050	0.00726	0.00537	0.00486	0.00141	0.00800	0.00393	0.00333	0.00678
6	0.01194	0.01364	0.02984	0.02131	0.02643	0.01279	0.77238	0.01620	0.01194	0.01620	0.01023	0.01364	0.00767	0.00426	0.00597	0.00171	0.00853	0.00597	0.00256	0.00682
7	0.00689	0.00497	0.00652	0.00654	0.00750	0.00460	0.00475	0.00888	0.01308	0.01832	0.58634	0.24509	0.04393	0.01180	0.00609	0.00171	0.00253	0.01053	0.00533	0.00460
8	0.01252	0.01201	0.02053	0.03104	0.79074	0.01201	0.01552	0.01552	0.01151	0.01652	0.00951	0.01252	0.00801	0.00451	0.00501	0.00150	0.00601	0.00451	0.00250	0.00801
9	0.02154	0.01044	0.01287	0.00987	0.01382	0.01016	0.00815	0.27211	0.01755	0.54244	0.01737	0.01554	0.01122	0.00620	0.00508	0.00155	0.00472	0.00491	0.00586	0.00860
10	0.01922	0.01416	0.01518	0.01163	0.01568	0.01568	0.00961	0.77388	0.02378	0.03187	0.01214	0.01214	0.00860	0.00607	0.00506	0.00152	0.00556	0.00455	0.00506	0.00860
11	0.00860	0.00549	0.00722	0.00661	0.00805	0.00502	0.00502	0.01094	0.01433	0.09207	0.71683	0.03587	0.04445	0.00996	0.00588	0.00159	0.00256	0.00877	0.00563	0.00513
12	0.01342	0.01294	0.02733	0.01961	0.02456	0.01205	0.66649	0.01737	0.01229	0.12390	0.01158	0.01413	0.00834	0.00454	0.00585	0.00169	0.00794	0.00585	0.00307	0.00707
13	0.00955	0.00899	0.01517	0.81013	0.03483	0.01123	0.01404	0.01292	0.01011	0.01292	0.00899	0.01348	0.00674	0.00506	0.00506	0.00169	0.00674	0.00449	0.00225	0.00562
14	0.21957	0.01074	0.01518	0.16442	0.33764	0.01153	0.01165	0.06667	0.01165	0.09053	0.00996	0.01205	0.00762	0.00492	0.00457	0.00156	0.00544	0.00413	0.00313	0.00705
15	0.00598	0.00512	0.00512	0.00512	0.00683	0.00427	0.00384	0.00726	0.01153	0.01366	0.05123	0.04866	0.78869	0.01281	0.00598	0.00171	0.00256	0.01067	0.00470	0.00427
16	0.00955	0.00899	0.01517	0.81013	0.03483	0.01123	0.01404	0.01292	0.01011	0.01292	0.00899	0.01348	0.00674	0.00506	0.00506	0.00169	0.00674	0.00449	0.00225	0.00562
17	0.14880	0.01203	0.02181	0.01610	0.02049	0.01179	0.46324	0.01828	0.09292	0.12546	0.01216	0.01382	0.00881	0.00488	0.00530	0.00166	0.00673	0.00530	0.00343	0.00698
18	0.01764	0.01289	0.01559	0.08873	0.15087	0.04077	0.01075	0.44252	0.01878	0.13232	0.01233	0.01293	0.00880	0.00570	0.00504	0.00153	0.00570	0.00457	0.00444	0.00813
19	0.00607	0.00513	0.00525	0.00522	0.00689	0.00431	0.00392	0.00744	0.01175	0.01419	0.11007	0.04780	0.72952	0.01261	0.00598	0.00170	0.00255	0.01055	0.00477	0.00431
20	0.01805	0.00807	0.01132	0.00888	0.01222	0.00719	0.06026	0.02041	0.02812	0.53020	0.03649	0.02053	0.08496	0.00676	0.00503	0.00154	0.00413	0.00570	0.12267	0.00745
21	0.01143	0.33005	0.50345	0.01222	0.01850	0.01489	0.01487	0.01568	0.01052	0.01445	0.00830	0.00970	0.00644	0.00462	0.00421	0.00140	0.00669	0.00334	0.00215	0.00710
22	0.01114	0.09576	0.46907	0.01463	0.02072	0.01283	0.16088	0.01747	0.11760	0.01638	0.01070	0.01214	0.00791	0.00494	0.00493	0.00159	0.00700	0.00434	0.00264	0.00733

[dist]
# distance from previous block
# <min> <max>
5	18

[block]
# block no. 2 follows, 49 sequences, length 18
# corresponding to MSA columns:
# 114-131
name=unknown_C
#
# <colnr> <probs for GDERKNQSTAVLIFYWHMCP>
#	G	D	E	R	K	N	Q	S	T	A	V	L	I	F	Y	W	H	M	C	P
0	0.12234	0.13226	0.08818	0.00905	0.01343	0.01057	0.03926	0.04313	0.04649	0.01725	0.00973	0.03476	0.00817	0.00467	0.00398	0.00114	0.00462	0.00364	0.00302	0.40432
1	0.00728	0.00512	0.00657	0.00644	0.00759	0.00467	0.00474	0.00926	0.01317	0.03959	0.55158	0.18461	0.11739	0.01150	0.00603	0.00169	0.00256	0.01016	0.00534	0.00470
2	0.00635	0.00471	0.00597	0.00689	0.00758	0.00433	0.00490	0.00747	0.01029	0.01332	0.03272	0.56917	0.19373	0.01499	0.00641	0.00201	0.00305	0.09722	0.00469	0.00420
3	0.01198	0.46203	0.37634	0.01127	0.01703	0.01625	0.01321	0.01554	0.01046	0.01377	0.00796	0.00928	0.00645	0.00454	0.00395	0.00132	0.00635	0.00317	0.00215	0.00694
4	0.01215	0.50212	0.11296	0.00928	0.01335	0.01593	0.00924	0.01625	0.12536	0.01486	0.11165	0.01390	0.01321	0.00555	0.00407	0.00130	0.00505	0.00412	0.00305	0.00661
5	0.00625	0.00464	0.00586	0.00679	0.00742	0.00425	0.00473	0.00730	0.01018	0.01320	0.03258	0.61468	0.18751	0.01511	0.00639	0.00200	0.00296	0.05930	0.00469	0.00417
6	0.00612	0.00458	0.00569	0.00657	0.00721	0.00415	0.00449	0.00709	0.01013	0.01309	0.03356	0.63124	0.21751	0.01510	0.00634	0.00197	0.00284	0.01347	0.00469	0.00415
7	0.01049	0.00899	0.01049	0.00749	0.01198	0.00674	0.00599	0.01273	0.01049	0.01648	0.00899	0.01049	0.00749	0.00374	0.00374	0.00075	0.00374	0.00300	0.00300	0.85320
8	0.01252	0.01201	0.02053	0.03104	0.79074	0.01201	0.01552	0.01552	0.01151	0.01652	0.00951	0.01252	0.00801	0.00451	0.00501	0.00150	0.00601	0.00451	0.00250	0.00801
9	0.01252	0.01201	0.02053	0.03104	0.79074	0.01201	0.01552	0.01552	0.01151	0.01652	0.00951	0.01252	0.00801	0.00451	0.00501	0.00150	0.00601	0.00451	0.00250	0.00801
10	0.01521	0.01421	0.14111	0.01214	0.01644	0.01241	0.10998	0.37504	0.03345	0.07210	0.01465	0.01523	0.05233	0.00602	0.00505	0.00154	0.00568	0.00502	0.08484	0.00756
11	0.01164	0.06312	0.06422	0.00853	0.01283	0.00907	0.00743	0.12580	0.01282	0.01880	0.08355	0.01319	0.01135	0.00483	0.00419	0.00102	0.00424	0.00384	0.00344	0.53608
12	0.00670	0.00480	0.00645	0.00739	0.00799	0.00455	0.00539	0.00810	0.01076	0.01445	0.14051	0.55133	0.03470	0.01465	0.00649	0.00204	0.00320	0.16137	0.00482	0.00432
13	0.00794	0.00736	0.00702	0.00678	0.00848	0.08116	0.00514	0.01027	0.06288	0.01437	0.10812	0.03762	0.47837	0.01519	0.12400	0.00261	0.00490	0.00871	0.00431	0.00475
14	0.00729	0.00548	0.00681	0.00670	0.00790	0.00523	0.00493	0.01025	0.07615	0.01826	0.50479	0.19147	0.11283	0.01137	0.00599	0.00170	0.00264	0.01004	0.00528	0.00486
15	0.14035	0.00751	0.00896	0.00750	0.01030	0.00704	0.00601	0.01714	0.03063	0.36405	0.21642	0.02524	0.12217	0.00793	0.00514	0.00159	0.00352	0.00651	0.00539	0.00659
16	0.01252	0.01201	0.02053	0.03104	0.79074	0.01201	0.01552	0.01552	0.01151	0.01652	0.00951	0.01252	0.00801	0.00451	0.00501	0.00150	0.00601	0.00451	0.00250	0.00801
17	0.00930	0.00526	0.00550	0.00555	0.00677	0.00538	0.00411	0.01260	0.08393	0.01829	0.01838	0.12373	0.01588	0.00729	0.00407	0.00134	0.00259	0.00608	0.65901	0.00495

[dist]
# distance from previous block
# <min> <max>
0	1

[block]
# block no. 3 follows, 49 sequences, length 126
# corresponding to MSA columns:
# 133-242,254-269
name=unknown_D
#
# <colnr> <probs for GDERKNQSTAVLIFYWHMCP>
#	G	D	E	R	K	N	Q	S	T	A	V	L	I	F	Y	W	H	M	C	P
0	0.10990	0.02186	0.11134	0.01231	0.01560	0.56109	0.01029	0.01954	0.06637	0.01458	0.00877	0.00989	0.00700	0.00522	0.00447	0.00140	0.00798	0.00343	0.00278	0.00617
1	0.01093	0.01078	0.01538	0.01419	0.06685	0.01468	0.01108	0.01221	0.00803	0.01244	0.00726	0.01171	0.00710	0.01034	0.06425	0.00253	0.70783	0.00449	0.00226	0.00564
2	0.00638	0.00465	0.00601	0.00671	0.00734	0.00428	0.00463	0.00765	0.01094	0.01471	0.20912	0.56455	0.10580	0.01427	0.00630	0.00191	0.00277	0.01280	0.00490	0.00428
3	0.01683	0.01979	0.01677	0.01405	0.01724	0.50201	0.14573	0.07256	0.11620	0.01557	0.01024	0.01143	0.00805	0.00532	0.00492	0.00144	0.00809	0.00416	0.00310	0.00651
4	0.00623	0.00445	0.00593	0.00699	0.00735	0.00415	0.00470	0.00721	0.01000	0.01342	0.08051	0.76489	0.03443	0.01546	0.00642	0.00202	0.00290	0.01401	0.00475	0.00415
5	0.00726	0.00502	0.00639	0.00624	0.00733	0.00467	0.00461	0.00943	0.01327	0.01906	0.59291	0.13381	0.05697	0.01059	0.00576	0.00161	0.00245	0.00934	0.09861	0.00467
6	0.00690	0.00497	0.00655	0.00664	0.00758	0.00461	0.00485	0.00886	0.01293	0.01805	0.55163	0.25899	0.04315	0.01200	0.00613	0.00174	0.00261	0.03194	0.00529	0.00458
7	0.00805	0.00538	0.00698	0.00674	0.00808	0.00494	0.00516	0.01017	0.01344	0.06785	0.53941	0.10310	0.11116	0.01109	0.00604	0.00170	0.00278	0.07766	0.00538	0.00490
8	0.01784	0.18000	0.01670	0.01218	0.01512	0.64983	0.00955	0.01921	0.01354	0.01228	0.00766	0.00892	0.00651	0.00504	0.00430	0.00126	0.00840	0.00315	0.00252	0.00598
9	0.12075	0.01978	0.01399	0.06397	0.06395	0.53842	0.00986	0.08362	0.01400	0.01561	0.00827	0.00976	0.00667	0.00517	0.00449	0.00139	0.00783	0.00346	0.00285	0.00617
10	0.00840	0.00684	0.00770	0.00720	0.00864	0.04816	0.00542	0.01211	0.10529	0.01981	0.63939	0.05047	0.04139	0.00977	0.00580	0.00160	0.00295	0.00853	0.00534	0.00520
11	0.00984	0.00832	0.00975	0.00723	0.01117	0.00637	0.00573	0.01206	0.01100	0.01679	0.10524	0.01581	0.05396	0.00502	0.00413	0.00090	0.00352	0.00415	0.00340	0.70560
12	0.00660	0.00493	0.00688	0.00870	0.06158	0.00465	0.00544	0.00763	0.00981	0.01316	0.02660	0.76314	0.03168	0.01506	0.00635	0.00202	0.00315	0.01369	0.00454	0.00438
13	0.00735	0.00490	0.00552	0.00552	0.00552	0.00490	0.00306	0.00735	0.00735	0.00980	0.01593	0.03309	0.01838	0.82229	0.02574	0.00490	0.00490	0.00735	0.00306	0.00306
14	0.00735	0.00490	0.00552	0.00552	0.00552	0.00490	0.00306	0.00735	0.00735	0.00980	0.01593	0.03309	0.01838	0.82229	0.02574	0.00490	0.00490	0.00735	0.00306	0.00306
15	0.01698	0.01907	0.01653	0.01365	0.01684	0.46638	0.14619	0.14705	0.01523	0.01687	0.00964	0.01118	0.00756	0.00524	0.00482	0.00140	0.00790	0.00407	0.06699	0.00641
16	0.00723	0.00781	0.09331	0.00710	0.00929	0.00580	0.00625	0.01009	0.06086	0.01570	0.18198	0.09436	0.41279	0.01136	0.00589	0.00174	0.00332	0.05557	0.00461	0.00497
17	0.00955	0.00899	0.01517	0.81013	0.03483	0.01123	0.01404	0.01292	0.01011	0.01292	0.00899	0.01348	0.00674	0.00506	0.00506	0.00169	0.00674	0.00449	0.00225	0.00562
18	0.01352	0.82533	0.02650	0.00865	0.01298	0.02001	0.00865	0.01514	0.01027	0.01190	0.00703	0.00811	0.00649	0.00433	0.00324	0.00108	0.00541	0.00270	0.00216	0.00649
19	0.85801	0.00978	0.00743	0.00665	0.00978	0.01134	0.00548	0.01486	0.00861	0.02269	0.00704	0.00821	0.00548	0.00469	0.00313	0.00156	0.00391	0.00274	0.00313	0.00548
20	0.06527	0.00901	0.01038	0.00754	0.01191	0.00708	0.00606	0.01369	0.01064	0.07073	0.00962	0.01081	0.00771	0.00398	0.00380	0.00086	0.00379	0.00312	0.00323	0.74076
21	0.00759	0.00518	0.00776	0.00776	0.00845	0.00587	0.00587	0.00845	0.00776	0.01104	0.01242	0.01881	0.01173	0.03313	0.61788	0.20716	0.01139	0.00518	0.00259	0.00397
22	0.00777	0.00549	0.00738	0.00832	0.00916	0.00545	0.00678	0.00949	0.01059	0.01385	0.02479	0.13641	0.02750	0.17145	0.01057	0.00280	0.00451	0.52903	0.00435	0.00429
23	0.01049	0.00899	0.01049	0.00749	0.01198	0.00674	0.00599	0.01273	0.01049	0.01648	0.00899	0.01049	0.00749	0.00374	0.00374	0.00075	0.00374	0.00300	0.00300	0.85320
24	0.01247	0.01088	0.01171	0.01050	0.01316	0.01278	0.00822	0.02585	0.72802	0.02053	0.01962	0.01833	0.01483	0.00700	0.00594	0.00175	0.06003	0.00563	0.00494	0.00783
25	0.00616	0.00440	0.00587	0.00704	0.00733	0.00411	0.00469	0.00704	0.00968	0.01291	0.02787	0.81899	0.03344	0.01584	0.00645	0.00205	0.00293	0.01438	0.00469	0.00411
26	0.00955	0.00899	0.01517	0.81013	0.03483	0.01123	0.01404	0.01292	0.01011	0.01292	0.00899	0.01348	0.00674	0.00506	0.00506	0.00169	0.00674	0.00449	0.00225	0.00562
27	0.00627	0.00454	0.00593	0.00685	0.00733	0.00420	0.00465	0.00736	0.01035	0.01385	0.12235	0.67935	0.07825	0.01499	0.00637	0.00198	0.00285	0.01352	0.00480	0.00420
28	0.00616	0.00440	0.00587	0.00704	0.00733	0.00411	0.00469	0.00704	0.00968	0.01291	0.02787	0.81899	0.03344	0.01584	0.00645	0.00205	0.00293	0.01438	0.00469	0.00411
29	0.01106	0.01106	0.01549	0.01328	0.01328	0.01549	0.01106	0.01217	0.00774	0.01217	0.00664	0.01106	0.00664	0.00885	0.01659	0.00221	0.81303	0.00443	0.00221	0.00553
30	0.01185	0.01440	0.08231	0.02145	0.07476	0.01267	0.67202	0.01614	0.01182	0.01621	0.01010	0.01336	0.00761	0.00432	0.00583	0.00168	0.00829	0.00572	0.00252	0.00694
31	0.00722	0.00542	0.00813	0.00813	0.00903	0.00632	0.00632	0.00903	0.00813	0.01174	0.01354	0.01987	0.01264	0.03792	0.80225	0.00813	0.01354	0.00542	0.00271	0.00451
32	0.01049	0.00899	0.01049	0.00749	0.01198	0.00674	0.00599	0.01273	0.01049	0.01648	0.00899	0.01049	0.00749	0.00374	0.00374	0.00075	0.00374	0.00300	0.00300	0.85320
33	0.04552	0.27923	0.10469	0.01114	0.01487	0.31175	0.01004	0.01839	0.06737	0.05528	0.00920	0.01013	0.00742	0.00515	0.00455	0.00135	0.03119	0.00342	0.00279	0.00652
34	0.00671	0.00534	0.00614	0.00647	0.00799	0.00477	0.00521	0.00838	0.01173	0.01451	0.08821	0.05056	0.51243	0.01301	0.00628	0.00189	0.00319	0.23802	0.00474	0.00442
35	0.00815	0.00582	0.00815	0.00931	0.01048	0.00582	0.00815	0.01048	0.01164	0.01513	0.02677	0.05704	0.02910	0.01397	0.00698	0.00233	0.00466	0.75671	0.00466	0.00466
36	0.01206	0.01141	0.01865	0.03879	0.61390	0.01099	0.02670	0.01495	0.01130	0.01645	0.00941	0.01216	0.00788	0.00436	0.00478	0.00136	0.00562	0.00424	0.00260	0.17240
37	0.01156	0.01104	0.01880	0.28201	0.54724	0.01176	0.01504	0.01468	0.01106	0.01536	0.00934	0.01283	0.00760	0.00468	0.00502	0.00156	0.00624	0.00450	0.00242	0.00724
38	0.00655	0.00458	0.00580	0.00656	0.00680	0.00437	0.00421	0.00723	0.00917	0.01228	0.05416	0.55537	0.02954	0.25469	0.01215	0.00288	0.00350	0.01209	0.00425	0.00382
39	0.01106	0.01194	0.02447	0.31018	0.02950	0.01222	0.49468	0.01500	0.01127	0.01500	0.00978	0.01358	0.00733	0.00455	0.00563	0.00170	0.00787	0.00543	0.00244	0.00638
40	0.00970	0.00623	0.00790	0.00713	0.00884	0.00597	0.00546	0.01335	0.09896	0.11737	0.60716	0.03311	0.03974	0.00944	0.00576	0.00160	0.00280	0.00826	0.00561	0.00561
41	0.01352	0.82533	0.02650	0.00865	0.01298	0.02001	0.00865	0.01514	0.01027	0.01190	0.00703	0.00811	0.00649	0.00433	0.00324	0.00108	0.00541	0.00270	0.00216	0.00649
42	0.01002	0.00954	0.01649	0.57052	0.16831	0.01103	0.06200	0.01323	0.01045	0.01377	0.01033	0.06300	0.00868	0.00557	0.00519	0.00168	0.00649	0.00520	0.00246	0.00603
43	0.85801	0.00978	0.00743	0.00665	0.00978	0.01134	0.00548	0.01486	0.00861	0.02269	0.00704	0.00821	0.00548	0.00469	0.00313	0.00156	0.00391	0.00274	0.00313	0.00548
44	0.02269	0.00861	0.01174	0.00900	0.01291	0.00743	0.00743	0.02464	0.01447	0.79425	0.01995	0.01721	0.01252	0.00626	0.00509	0.00156	0.00430	0.00509	0.00626	0.00861
45	0.00600	0.00512	0.00515	0.00515	0.00684	0.00428	0.00386	0.00730	0.01158	0.01378	0.06482	0.04846	0.77502	0.01276	0.00598	0.00171	0.00256	0.01064	0.00471	0.00428
46	0.01197	0.01146	0.01954	0.17391	0.65212	0.01187	0.01525	0.01504	0.01126	0.01586	0.00942	0.01269	0.00778	0.00461	0.00502	0.00154	0.00614	0.00450	0.00246	0.00757
47	0.00735	0.00491	0.00556	0.00556	0.00558	0.00493	0.00312	0.00738	0.00737	0.00984	0.01589	0.03285	0.01828	0.80798	0.03990	0.00496	0.00506	0.00732	0.00306	0.00309
48	0.00716	0.00517	0.00676	0.00636	0.00755	0.00477	0.00477	0.00954	0.01431	0.02028	0.78808	0.03777	0.04771	0.01034	0.00596	0.00159	0.00239	0.00914	0.00557	0.00477
49	0.00631	0.00446	0.00582	0.00686	0.00711	0.00420	0.00450	0.00708	0.00940	0.01253	0.02642	0.72358	0.03162	0.11375	0.00880	0.00240	0.00317	0.01352	0.00450	0.00398
50	0.01993	0.01218	0.01498	0.01138	0.01545	0.01259	0.06167	0.45864	0.01969	0.29817	0.01475	0.01402	0.00991	0.00601	0.00513	0.00155	0.00533	0.00484	0.00531	0.00848
51	0.85801	0.00978	0.00743	0.00665	0.00978	0.01134	0.00548	0.01486	0.00861	0.02269	0.00704	0.00821	0.00548	0.00469	0.00313	0.00156	0.00391	0.00274	0.00313	0.00548
52	0.02269	0.00861	0.01174	0.00900	0.01291	0.00743	0.00743	0.02464	0.01447	0.79425	0.01995	0.01721	0.01252	0.00626	0.00509	0.00156	0.00430	0.00509	0.00626	0.00861
53	0.01889	0.02410	0.01433	0.01303	0.01563	0.80199	0.00977	0.02019	0.01433	0.01238	0.00782	0.00912	0.00651	0.00521	0.00456	0.00130	0.00912	0.00326	0.00261	0.00586
54	0.00598	0.00512	0.00512	0.00512	0.00683	0.00427	0.00384	0.00726	0.01153	0.01366	0.05123	0.04866	0.78869	0.01281	0.00598	0.00171	0.00256	0.01067	0.00470	0.00427
55	0.00815	0.00582	0.00815	0.00931	0.01048	0.00582	0.00815	0.01048	0.01164	0.01513	0.02677	0.05704	0.02910	0.01397	0.00698	0.00233	0.00466	0.75671	0.00466	0.00466
56	0.01024	0.00495	0.00515	0.00498	0.00632	0.00488	0.00378	0.01258	0.01084	0.06668	0.01671	0.01875	0.01293	0.00591	0.00363	0.00120	0.00248	0.00474	0.79829	0.00495
57	0.01049	0.00899	0.01049	0.00749	0.01198	0.00674	0.00599	0.01273	0.01049	0.01648	0.00899	0.01049	0.00749	0.00374	0.00374	0.00075	0.00374	0.00300	0.00300	0.85320
58	0.85801	0.00978	0.00743	0.00665	0.00978	0.01134	0.00548	0.01486	0.00861	0.02269	0.00704	0.00821	0.00548	0.00469	0.00313	0.00156	0.00391	0.00274	0.00313	0.00548
59	0.00616	0.00440	0.00587	0.00704	0.00733	0.00411	0.00469	0.00704	0.00968	0.01291	0.02787	0.81899	0.03344	0.01584	0.00645	0.00205	0.00293	0.01438	0.00469	0.00411
60	0.01258	0.01086	0.01143	0.01029	0.01315	0.01258	0.00800	0.02687	0.78161	0.02115	0.02058	0.01887	0.01544	0.00686	0.00515	0.00172	0.00400	0.00572	0.00515	0.00800
61	0.01832	0.01382	0.01521	0.01182	0.01542	0.01566	0.00977	0.68988	0.02201	0.02970	0.01153	0.01202	0.00838	0.00638	0.00633	0.00159	0.09462	0.00454	0.00474	0.00826
62	0.01084	0.00910	0.01091	0.00845	0.04256	0.00696	0.00640	0.01311	0.01061	0.03367	0.00925	0.01071	0.00762	0.00383	0.00382	0.00080	0.00385	0.00310	0.00305	0.80137
63	0.76487	0.09972	0.00953	0.00687	0.01013	0.01230	0.00583	0.01489	0.00879	0.02150	0.00704	0.00820	0.00559	0.00465	0.00314	0.00151	0.00408	0.00273	0.00302	0.00559
64	0.60335	0.00942	0.00874	0.00737	0.01073	0.01015	0.00607	0.01785	0.01039	0.25791	0.01098	0.01096	0.00762	0.00517	0.00373	0.00156	0.00403	0.00345	0.00408	0.00643
65	0.01451	0.00954	0.06443	0.00887	0.01187	0.02555	0.00751	0.03875	0.15108	0.29952	0.23477	0.02341	0.03651	0.02090	0.02801	0.00183	0.00431	0.00634	0.00529	0.00700
66	0.00624	0.00467	0.00583	0.00672	0.00741	0.00426	0.00471	0.00731	0.01025	0.01323	0.03343	0.58468	0.21535	0.01499	0.00637	0.00199	0.00295	0.06073	0.00469	0.00418
67	0.01239	0.52908	0.05237	0.00981	0.01303	0.03338	0.00930	0.01403	0.00986	0.01225	0.01009	0.01174	0.06069	0.00602	0.00667	0.00142	0.19565	0.00371	0.00236	0.00614
68	0.01212	0.50551	0.24554	0.01070	0.02644	0.02732	0.02248	0.01503	0.01065	0.01358	0.03881	0.02308	0.01991	0.00501	0.00397	0.00129	0.00591	0.00362	0.00238	0.00665
69	0.01055	0.10273	0.69299	0.01394	0.02098	0.01258	0.03343	0.01611	0.02315	0.01570	0.00909	0.01062	0.00659	0.00478	0.00468	0.00156	0.00724	0.00372	0.00220	0.00737
70	0.10099	0.00568	0.00683	0.00639	0.00780	0.00550	0.00485	0.01013	0.01368	0.02054	0.70194	0.03451	0.04305	0.00972	0.00565	0.00159	0.00255	0.00844	0.00530	0.00485
71	0.16592	0.21911	0.29863	0.01041	0.01517	0.01254	0.02521	0.01482	0.01027	0.05022	0.01095	0.10686	0.00982	0.00602	0.00432	0.00150	0.00556	0.00466	0.00284	0.02519
72	0.01596	0.01471	0.29088	0.01093	0.01580	0.00901	0.02653	0.04337	0.01335	0.38094	0.11121	0.01721	0.01450	0.00620	0.00511	0.00158	0.00532	0.00511	0.00459	0.00769
73	0.21022	0.09530	0.53997	0.01206	0.01822	0.01240	0.01466	0.01566	0.01015	0.01721	0.00841	0.00986	0.00619	0.00473	0.00427	0.00155	0.00645	0.00341	0.00237	0.00691
74	0.01231	0.01003	0.01253	0.13662	0.03288	0.01131	0.03874	0.04852	0.45522	0.06361	0.07069	0.01888	0.01539	0.01889	0.01771	0.00182	0.00475	0.00567	0.01718	0.00724
75	0.01124	0.00896	0.01056	0.00758	0.01204	0.00678	0.00608	0.01347	0.01073	0.06445	0.00966	0.01090	0.00780	0.00390	0.00383	0.00080	0.00378	0.00312	0.00320	0.80110
76	0.00716	0.00517	0.00676	0.00636	0.00755	0.00477	0.00477	0.00954	0.01431	0.02028	0.78808	0.03777	0.04771	0.01034	0.00596	0.00159	0.00239	0.00914	0.00557	0.00477
77	0.02269	0.00861	0.01174	0.00900	0.01291	0.00743	0.00743	0.02464	0.01447	0.79425	0.01995	0.01721	0.01252	0.00626	0.00509	0.00156	0.00430	0.00509	0.00626	0.00861
78	0.00599	0.00508	0.00517	0.00524	0.00686	0.00426	0.00390	0.00724	0.01141	0.01361	0.04974	0.09769	0.74062	0.01300	0.00601	0.00173	0.00259	0.01091	0.00470	0.00426
79	0.00791	0.00587	0.00843	0.00902	0.01004	0.00639	0.00757	0.00999	0.01015	0.01373	0.02095	0.04110	0.02196	0.02288	0.30982	0.00453	0.03975	0.44146	0.00382	0.00464
80	0.07585	0.00868	0.01146	0.00885	0.01271	0.00768	0.00731	0.02402	0.01410	0.74514	0.01913	0.01664	0.01207	0.00616	0.00496	0.00156	0.00428	0.00494	0.00606	0.00841
81	0.00995	0.02380	0.70885	0.01339	0.02010	0.01098	0.01699	0.01529	0.01048	0.01581	0.00986	0.01239	0.00744	0.05147	0.00593	0.00177	0.00705	0.00399	0.04738	0.00707
82	0.80967	0.01071	0.05239	0.00709	0.01047	0.01137	0.00623	0.01493	0.00872	0.02231	0.00716	0.00835	0.00553	0.00470	0.00322	0.00157	0.00411	0.00280	0.00307	0.00559
83	0.01233	0.01182	0.02018	0.08062	0.74263	0.01197	0.01543	0.01535	0.01142	0.01629	0.00948	0.01258	0.00793	0.00454	0.00501	0.00151	0.00605	0.00450	0.00249	0.00786
84	0.01129	0.01817	0.30890	0.01899	0.04012	0.01239	0.48251	0.01612	0.01147	0.01614	0.00979	0.01254	0.00722	0.00446	0.00552	0.00166	0.00809	0.00513	0.00240	0.00708
85	0.01087	0.01080	0.01511	0.01303	0.01304	0.01504	0.01081	0.01197	0.00782	0.01220	0.00747	0.04276	0.00769	0.00912	0.01620	0.00221	0.78125	0.00482	0.00231	0.00548
86	0.02269	0.00861	0.01174	0.00900	0.01291	0.00743	0.00743	0.02464	0.01447	0.79425	0.01995	0.01721	0.01252	0.00626	0.00509	0.00156	0.00430	0.00509	0.00626	0.00861
87	0.00663	0.00474	0.00640	0.00758	0.00807	0.00451	0.00551	0.00785	0.01014	0.01343	0.02761	0.63946	0.03242	0.01540	0.00658	0.00212	0.00334	0.18928	0.00469	0.00424
88	0.02269	0.00861	0.01174	0.00900	0.01291	0.00743	0.00743	0.02464	0.01447	0.79425	0.01995	0.01721	0.01252	0.00626	0.00509	0.00156	0.00430	0.00509	0.00626	0.00861
89	0.00626	0.00513	0.00552	0.00542	0.00700	0.00439	0.00407	0.00781	0.01220	0.01526	0.22897	0.04604	0.60996	0.01221	0.00597	0.00168	0.00252	0.01030	0.00491	0.00439
90	0.85801	0.00978	0.00743	0.00665	0.00978	0.01134	0.00548	0.01486	0.00861	0.02269	0.00704	0.00821	0.00548	0.00469	0.00313	0.00156	0.00391	0.00274	0.00313	0.00548
91	0.00724	0.00509	0.00630	0.00630	0.00679	0.00519	0.00421	0.00807	0.00875	0.01186	0.10344	0.03276	0.07414	0.47483	0.18989	0.00491	0.00633	0.03676	0.00344	0.00371
92	0.01187	0.01015	0.01082	0.00993	0.01251	0.01164	0.00764	0.02468	0.69647	0.02024	0.02139	0.10711	0.01742	0.00785	0.00529	0.00175	0.00388	0.00667	0.00510	0.00757
93	0.01246	0.01212	0.02097	0.02864	0.65696	0.01214	0.09851	0.01632	0.06057	0.01678	0.01030	0.01304	0.00845	0.00463	0.00512	0.00154	0.00616	0.00474	0.00268	0.00788
94	0.00803	0.00574	0.00802	0.00918	0.01029	0.00572	0.00795	0.01028	0.01153	0.01500	0.02684	0.10127	0.02935	0.01408	0.00695	0.00231	0.00456	0.71362	0.00466	0.00462
95	0.01905	0.01406	0.01508	0.01155	0.01561	0.01550	0.00954	0.75845	0.02351	0.03156	0.01208	0.01211	0.00858	0.00602	0.00503	0.00150	0.00553	0.00452	0.00502	0.02572
96	0.01921	0.00938	0.01163	0.00944	0.01299	0.00920	0.00763	0.02541	0.27844	0.52823	0.02017	0.01778	0.01352	0.00647	0.00511	0.00162	0.00420	0.00530	0.00588	0.00840
97	0.04869	0.01078	0.01710	0.02297	0.51105	0.01047	0.01248	0.01815	0.01230	0.25382	0.01323	0.01433	0.02116	0.00517	0.00497	0.00153	0.00535	0.00471	0.00371	0.00804
98	0.01334	0.64388	0.11096	0.01030	0.01493	0.06082	0.05693	0.01558	0.01064	0.01264	0.00750	0.00879	0.00655	0.00442	0.00366	0.00119	0.00603	0.00305	0.00221	0.00658
99	0.00625	0.00521	0.00550	0.00565	0.00729	0.00446	0.00438	0.00766	0.01154	0.01384	0.04816	0.04971	0.69349	0.01295	0.00610	0.00179	0.00282	0.10417	0.00469	0.00432
100	0.01182	0.01056	0.01746	0.39174	0.37592	0.01163	0.01427	0.04666	0.01149	0.04601	0.00979	0.01313	0.00762	0.00490	0.00503	0.00159	0.00626	0.00452	0.00264	0.00695
101	0.06618	0.02449	0.06093	0.01075	0.04427	0.01074	0.00882	0.15866	0.16289	0.36126	0.01675	0.02696	0.01162	0.00620	0.00495	0.00158	0.00471	0.00497	0.00516	0.00812
102	0.00678	0.00573	0.00726	0.00670	0.00843	0.00507	0.05315	0.00870	0.02444	0.01545	0.21737	0.09106	0.49766	0.01180	0.00600	0.00171	0.00297	0.02035	0.00477	0.00460
103	0.01889	0.02410	0.01433	0.01303	0.01563	0.80199	0.00977	0.02019	0.01433	0.01238	0.00782	0.00912	0.00651	0.00521	0.00456	0.00130	0.00912	0.00326	0.00261	0.00586
104	0.01252	0.01201	0.02053	0.03104	0.79074	0.01201	0.01552	0.01552	0.01151	0.01652	0.00951	0.01252	0.00801	0.00451	0.00501	0.00150	0.00601	0.00451	0.00250	0.00801
105	0.85801	0.00978	0.00743	0.00665	0.00978	0.01134	0.00548	0.01486	0.00861	0.02269	0.00704	0.00821	0.00548	0.00469	0.00313	0.00156	0.00391	0.00274	0.00313	0.00548
106	0.00598	0.00512	0.00512	0.00512	0.00683	0.00427	0.00384	0.00726	0.01153	0.01366	0.05123	0.04866	0.78869	0.01281	0.00598	0.00171	0.00256	0.01067	0.00470	0.00427
107	0.82709	0.00974	0.00759	0.00674	0.00990	0.01120	0.00555	0.01523	0.00882	0.05125	0.00752	0.00855	0.00574	0.00475	0.00320	0.00156	0.00393	0.00283	0.00325	0.00559
108	0.00714	0.00515	0.00674	0.00638	0.00755	0.00476	0.00477	0.00949	0.01422	0.02013	0.77263	0.05365	0.04742	0.01045	0.00597	0.00160	0.00240	0.00925	0.00555	0.00476
109	0.01311	0.72891	0.11935	0.00935	0.01405	0.01901	0.00986	0.01525	0.01032	0.01239	0.00728	0.00842	0.00648	0.00438	0.00343	0.00114	0.00566	0.00283	0.00216	0.00661
110	0.01814	0.02253	0.01399	0.01270	0.01534	0.70814	0.00956	0.02099	0.10555	0.01342	0.00933	0.01028	0.00757	0.00541	0.00463	0.00135	0.00851	0.00355	0.00291	0.00612
111	0.00751	0.00540	0.00738	0.00839	0.00937	0.00527	0.00690	0.00945	0.01134	0.01489	0.08072	0.24107	0.06125	0.01413	0.00675	0.00219	0.00400	0.49476	0.00473	0.00452
112	0.01106	0.01106	0.01549	0.01328	0.01328	0.01549	0.01106	0.01217	0.00774	0.01217	0.00664	0.01106	0.00664	0.00885	0.01659	0.00221	0.81303	0.00443	0.00221	0.00553
113	0.00791	0.00643	0.00945	0.00905	0.00979	0.00797	0.00717	0.00959	0.00806	0.01182	0.01230	0.01829	0.01156	0.03271	0.66120	0.00706	0.15708	0.00524	0.00262	0.00470
114	0.00616	0.00440	0.00587	0.00704	0.00733	0.00411	0.00469	0.00704	0.00968	0.01291	0.02787	0.81899	0.03344	0.01584	0.00645	0.00205	0.00293	0.01438	0.00469	0.00411
115	0.01850	0.02328	0.01415	0.01286	0.01548	0.75329	0.00966	0.02060	0.06166	0.01292	0.00860	0.00972	0.00706	0.00531	0.00460	0.00133	0.00880	0.00341	0.00276	0.00599
116	0.01352	0.82533	0.02650	0.00865	0.01298	0.02001	0.00865	0.01514	0.01027	0.01190	0.00703	0.00811	0.00649	0.00433	0.00324	0.00108	0.00541	0.00270	0.00216	0.00649
117	0.85801	0.00978	0.00743	0.00665	0.00978	0.01134	0.00548	0.01486	0.00861	0.02269	0.00704	0.00821	0.00548	0.00469	0.00313	0.00156	0.00391	0.00274	0.00313	0.00548
118	0.00616	0.00440	0.00587	0.00704	0.00733	0.00411	0.00469	0.00704	0.00968	0.01291	0.02787	0.81899	0.03344	0.01584	0.00645	0.00205	0.00293	0.01438	0.00469	0.00411
119	0.00878	0.00439	0.00659	0.00659	0.00659	0.00439	0.00439	0.00659	0.00659	0.00878	0.00878	0.01537	0.00878	0.01757	0.01976	0.85288	0.00439	0.00439	0.00220	0.00220
120	0.01281	0.01269	0.01979	0.02870	0.68910	0.06098	0.01486	0.01558	0.01143	0.01596	0.00921	0.01221	0.00782	0.00485	0.00578	0.00154	0.06208	0.00442	0.00249	0.00771
121	0.00917	0.00681	0.00859	0.00915	0.01068	0.00717	0.00774	0.01406	0.17659	0.01678	0.03889	0.04586	0.02540	0.01182	0.00633	0.00210	0.00431	0.52983	0.06334	0.00538
122	0.01061	0.01840	0.46313	0.01210	0.01771	0.00956	0.04341	0.01483	0.01085	0.06959	0.01254	0.11310	0.01087	0.00625	0.00493	0.00153	0.00603	0.01912	0.00295	0.15249
123	0.01162	0.01117	0.01605	0.39728	0.18487	0.05740	0.01307	0.05517	0.05862	0.01504	0.00958	0.01295	0.00761	0.00566	0.00668	0.00169	0.12199	0.00449	0.00264	0.00642
124	0.00643	0.00468	0.00606	0.00690	0.00732	0.00446	0.00468	0.00738	0.00988	0.01317	0.07483	0.62963	0.08056	0.08305	0.00821	0.00225	0.01813	0.02371	0.00456	0.00411
125	0.01380	0.49124	0.19678	0.01034	0.01517	0.05850	0.01087	0.05930	0.01160	0.06226	0.00901	0.02461	0.00747	0.00491	0.00394	0.00128	0.00596	0.00343	0.00265	0.00688

[dist]
# distance from previous block
# <min> <max>
0	35

# created by:
# /st0/software/busco_prod/Augustus/scripts/msa2prfl.pl ./align_prep/206164.fa
