[name]
unknown

[dist]
# distance from previous block
# <min> <max>
0	39

[block]
# block no. 0 follows, 43 sequences, length 9
# corresponding to MSA columns:
# 60-68
name=unknown_A
#
# <colnr> <probs for GDERKNQSTAVLIFYWHMCP>
#	G	D	E	R	K	N	Q	S	T	A	V	L	I	F	Y	W	H	M	C	P
0	0.04559	0.00993	0.01115	0.04363	0.01349	0.01065	0.00790	0.17649	0.18936	0.10774	0.02264	0.07171	0.08408	0.00857	0.00555	0.00178	0.00447	0.04870	0.12921	0.00738
1	0.03281	0.01017	0.05723	0.03661	0.01276	0.00953	0.00775	0.17515	0.07133	0.10327	0.04646	0.05241	0.12377	0.00814	0.00527	0.00165	0.00432	0.00662	0.22779	0.00696
2	0.08129	0.00797	0.00859	0.04112	0.01073	0.00844	0.00612	0.13037	0.04272	0.06227	0.08783	0.02016	0.01618	0.00686	0.00458	0.00149	0.00366	0.00547	0.44785	0.00631
3	0.10295	0.00956	0.01046	0.00915	0.01180	0.01019	0.00741	0.25050	0.01631	0.07058	0.03722	0.05426	0.04656	0.02535	0.04594	0.00219	0.00507	0.10223	0.17549	0.00678
4	0.01388	0.00825	0.00844	0.00746	0.00961	0.03844	0.00578	0.12979	0.03505	0.10260	0.01777	0.03901	0.01396	0.03328	0.00529	0.00157	0.00381	0.00551	0.51415	0.00635
5	0.04217	0.00948	0.01156	0.09759	0.01473	0.01053	0.02702	0.20509	0.04150	0.04137	0.01531	0.04450	0.01234	0.01076	0.09213	0.00243	0.03425	0.00554	0.27503	0.00668
6	0.09859	0.04811	0.04780	0.21710	0.08569	0.01210	0.01123	0.08859	0.05681	0.16263	0.01687	0.01793	0.07534	0.00673	0.00571	0.00176	0.03006	0.00539	0.00412	0.00745
7	0.09272	0.01067	0.01224	0.04090	0.01455	0.00984	0.00772	0.12880	0.04653	0.12004	0.03907	0.01407	0.01080	0.00541	0.00466	0.00127	0.00459	0.00425	0.00427	0.42760
8	0.01516	0.03760	0.01239	0.03001	0.03935	0.01002	0.00816	0.13203	0.06151	0.21439	0.12971	0.11598	0.09995	0.00950	0.00672	0.00183	0.05518	0.00782	0.00539	0.00730

[dist]
# distance from previous block
# <min> <max>
16	41

[block]
# block no. 1 follows, 43 sequences, length 11
# corresponding to MSA columns:
# 116-126
name=unknown_B
#
# <colnr> <probs for GDERKNQSTAVLIFYWHMCP>
#	G	D	E	R	K	N	Q	S	T	A	V	L	I	F	Y	W	H	M	C	P
0	0.03599	0.16449	0.04677	0.09361	0.01479	0.03721	0.00846	0.03110	0.04187	0.11631	0.06395	0.13628	0.09233	0.03180	0.00601	0.00179	0.00496	0.00718	0.03639	0.02871
1	0.03491	0.00648	0.00782	0.02147	0.00944	0.00625	0.00555	0.03177	0.04156	0.04959	0.17194	0.29838	0.04531	0.09615	0.00838	0.00220	0.00361	0.01012	0.08527	0.06379
2	0.10772	0.00875	0.01087	0.09784	0.04016	0.00876	0.00786	0.03886	0.06331	0.19941	0.15891	0.04046	0.10689	0.00819	0.00551	0.00171	0.00431	0.00681	0.03231	0.05138
3	0.01158	0.01035	0.01014	0.00881	0.01118	0.12434	0.00676	0.08351	0.01605	0.02150	0.46913	0.02953	0.03484	0.00896	0.00585	0.00155	0.00428	0.00757	0.00514	0.12894
4	0.01068	0.01431	0.20355	0.34747	0.07236	0.01166	0.04043	0.01472	0.01164	0.01589	0.03163	0.02206	0.01241	0.00730	0.00647	0.00195	0.04511	0.12073	0.00297	0.00666
5	0.01991	0.00875	0.01159	0.00931	0.01292	0.00762	0.00746	0.04177	0.01491	0.53102	0.05776	0.13749	0.01839	0.00839	0.00570	0.00171	0.00436	0.00709	0.00618	0.08764
6	0.02001	0.01516	0.01889	0.01422	0.01882	0.01631	0.12237	0.61002	0.02364	0.06414	0.01335	0.01378	0.00945	0.00636	0.00569	0.00170	0.00653	0.00525	0.00518	0.00912
7	0.01504	0.00918	0.01195	0.07455	0.03983	0.00946	0.00917	0.02103	0.21150	0.24009	0.05880	0.03198	0.03666	0.00942	0.00619	0.00199	0.00486	0.19524	0.00551	0.00754
8	0.00903	0.00660	0.00819	0.00745	0.00908	0.00634	0.00568	0.08110	0.01650	0.02303	0.65787	0.03933	0.08645	0.01102	0.00644	0.00174	0.00296	0.00963	0.00599	0.00560
9	0.04571	0.56640	0.09080	0.01016	0.01502	0.04283	0.01015	0.01841	0.01206	0.12906	0.01006	0.01068	0.00806	0.00515	0.00405	0.00134	0.00601	0.00348	0.00310	0.00749
10	0.02005	0.13715	0.01835	0.01248	0.01672	0.13530	0.01039	0.52913	0.02222	0.02832	0.01172	0.01212	0.00872	0.00622	0.00516	0.00155	0.00667	0.00446	0.00465	0.00861

[dist]
# distance from previous block
# <min> <max>
1	7

[block]
# block no. 2 follows, 43 sequences, length 89
# corresponding to MSA columns:
# 142-156,158-168,170-176,182-189,200-214,251-257,265-279,281-291
name=unknown_C
#
# <colnr> <probs for GDERKNQSTAVLIFYWHMCP>
#	G	D	E	R	K	N	Q	S	T	A	V	L	I	F	Y	W	H	M	C	P
0	0.01938	0.03055	0.01736	0.01635	0.16433	0.01522	0.01133	0.49705	0.02151	0.09817	0.01343	0.01428	0.00986	0.02417	0.00597	0.00172	0.00601	0.00503	0.00496	0.02331
1	0.01706	0.28285	0.02158	0.01644	0.16389	0.29303	0.01157	0.07304	0.01411	0.01584	0.00894	0.01068	0.00762	0.00545	0.00515	0.00144	0.03734	0.00379	0.00285	0.00732
2	0.00807	0.00547	0.00633	0.00651	0.00666	0.00544	0.00385	0.02336	0.00893	0.01190	0.01993	0.18591	0.02315	0.63430	0.02358	0.00468	0.00496	0.00950	0.00375	0.00371
3	0.01755	0.00781	0.01039	0.00856	0.01160	0.00685	0.00684	0.01974	0.01538	0.45668	0.25973	0.05521	0.08112	0.00914	0.00599	0.00175	0.00386	0.00776	0.00643	0.00759
4	0.01391	0.01613	0.08877	0.06566	0.41924	0.09414	0.18629	0.01761	0.01289	0.01729	0.01033	0.01348	0.00829	0.00501	0.00566	0.00169	0.00775	0.00509	0.00272	0.00804
5	0.01078	0.01029	0.01668	0.63955	0.03351	0.01322	0.01474	0.01399	0.01057	0.01399	0.00934	0.01425	0.00736	0.00635	0.00802	0.00196	0.16191	0.00491	0.00245	0.00613
6	0.00898	0.00615	0.00790	0.00848	0.00974	0.00592	0.00688	0.01081	0.01201	0.04704	0.04933	0.05337	0.15909	0.16959	0.01137	0.00293	0.00467	0.41602	0.00486	0.00487
7	0.01138	0.08560	0.72208	0.01532	0.02326	0.01352	0.01966	0.01747	0.01166	0.01721	0.00978	0.01149	0.00702	0.00522	0.00514	0.00171	0.00802	0.00401	0.00234	0.00811
8	0.01098	0.01081	0.02009	0.25912	0.16089	0.01123	0.22695	0.01429	0.01183	0.01590	0.01491	0.18827	0.01438	0.00778	0.00616	0.00190	0.00689	0.00778	0.00320	0.00664
9	0.02449	0.00966	0.01295	0.00997	0.01423	0.00853	0.00822	0.04782	0.03286	0.73660	0.02162	0.01873	0.01366	0.00686	0.00557	0.00172	0.00474	0.00557	0.00679	0.00941
10	0.00962	0.00481	0.00722	0.00722	0.00722	0.00481	0.00481	0.00722	0.00722	0.00962	0.00962	0.01684	0.00962	0.01924	0.02165	0.83886	0.00481	0.00481	0.00241	0.00241
11	0.00830	0.00705	0.02490	0.01301	0.15808	0.00646	0.00788	0.00994	0.01130	0.01526	0.03967	0.54950	0.06825	0.01432	0.00671	0.00211	0.00402	0.04316	0.00463	0.00546
12	0.00655	0.00561	0.00561	0.00561	0.00748	0.00468	0.00421	0.00795	0.01262	0.01496	0.05610	0.05330	0.76857	0.01403	0.00655	0.00187	0.00281	0.01169	0.00514	0.00468
13	0.02096	0.01564	0.01584	0.01243	0.01657	0.08871	0.01012	0.57687	0.04194	0.10692	0.01402	0.01418	0.01003	0.02244	0.00594	0.00172	0.00627	0.00500	0.00538	0.00900
14	0.01274	0.01344	0.02664	0.17713	0.24052	0.01343	0.39902	0.01683	0.01255	0.01714	0.01072	0.01456	0.00831	0.00491	0.00604	0.00180	0.00817	0.00577	0.00272	0.00758
15	0.01276	0.01394	0.02852	0.02037	0.02584	0.01271	0.60475	0.01700	0.01276	0.01780	0.01094	0.01426	0.00836	0.00456	0.00606	0.00166	0.00831	0.00590	0.00290	0.17061
16	0.17487	0.01001	0.01083	0.00802	0.01265	0.00837	0.00645	0.01440	0.01108	0.01938	0.00943	0.01100	0.00777	0.00431	0.00397	0.00100	0.00414	0.00323	0.00331	0.67579
17	0.01162	0.01061	0.01682	0.63994	0.04905	0.01283	0.03316	0.06938	0.07056	0.01654	0.01113	0.01510	0.00833	0.00574	0.00557	0.00183	0.00709	0.00507	0.00295	0.00668
18	0.01148	0.00984	0.01148	0.00820	0.01312	0.00738	0.00656	0.01395	0.01148	0.01805	0.00984	0.01148	0.00820	0.00410	0.00410	0.00082	0.00410	0.00328	0.00328	0.83922
19	0.00896	0.00785	0.01018	0.00893	0.01110	0.02434	0.08087	0.01303	0.11441	0.01888	0.30002	0.07114	0.28625	0.01119	0.00640	0.00183	0.00379	0.00983	0.00526	0.00574
20	0.14001	0.01057	0.01187	0.01051	0.04467	0.01099	0.00802	0.14278	0.16207	0.20455	0.07222	0.02132	0.08708	0.00754	0.00535	0.00172	0.00451	0.00603	0.02183	0.02637
21	0.01032	0.00516	0.00516	0.00516	0.00645	0.00516	0.00387	0.01290	0.01161	0.02065	0.01807	0.02065	0.01420	0.00645	0.00387	0.00129	0.00258	0.00516	0.83611	0.00516
22	0.01900	0.17063	0.01854	0.01187	0.01621	0.01762	0.01007	0.53784	0.08164	0.02934	0.01365	0.01369	0.02222	0.00647	0.00518	0.00159	0.00587	0.00480	0.00492	0.00883
23	0.01831	0.01317	0.01401	0.01113	0.01483	0.01452	0.00907	0.54387	0.08770	0.03108	0.01504	0.01539	0.01101	0.00669	0.00522	0.00161	0.00526	0.00513	0.16846	0.00853
24	0.01032	0.00516	0.00516	0.00516	0.00645	0.00516	0.00387	0.01290	0.01161	0.02065	0.01807	0.02065	0.01420	0.00645	0.00387	0.00129	0.00258	0.00516	0.83611	0.00516
25	0.03590	0.14282	0.14682	0.01872	0.17932	0.21535	0.10100	0.04920	0.01366	0.03325	0.00983	0.01178	0.00782	0.00525	0.00510	0.00156	0.00784	0.00429	0.00288	0.00762
26	0.18272	0.01403	0.01459	0.01142	0.01562	0.01548	0.00942	0.53818	0.03578	0.09006	0.01304	0.01302	0.00922	0.00638	0.00513	0.00168	0.00560	0.00467	0.00523	0.00874
27	0.01663	0.01746	0.03392	0.17158	0.21990	0.28863	0.01325	0.06474	0.04399	0.06170	0.01096	0.01309	0.00853	0.00566	0.00533	0.00162	0.00776	0.00452	0.00325	0.00748
28	0.68153	0.01119	0.01095	0.01252	0.15980	0.01257	0.00816	0.01642	0.01005	0.02352	0.00824	0.00992	0.00654	0.00510	0.00383	0.00170	0.00473	0.00338	0.00329	0.00654
29	0.01246	0.04690	0.16580	0.01406	0.01623	0.02950	0.01312	0.06304	0.01060	0.01559	0.00930	0.04202	0.00863	0.00945	0.03295	0.00233	0.49356	0.00505	0.00274	0.00666
30	0.00985	0.00865	0.08611	0.00908	0.04225	0.00653	0.00740	0.01267	0.01474	0.09206	0.49119	0.03670	0.14026	0.01039	0.00627	0.00175	0.00357	0.00901	0.00552	0.00600
31	0.01144	0.09834	0.70987	0.01522	0.02310	0.01367	0.01948	0.01745	0.01165	0.01714	0.00974	0.01144	0.00702	0.00521	0.00511	0.00170	0.00798	0.00399	0.00234	0.00809
32	0.01032	0.00516	0.00516	0.00516	0.00645	0.00516	0.00387	0.01290	0.01161	0.02065	0.01807	0.02065	0.01420	0.00645	0.00387	0.00129	0.00258	0.00516	0.83611	0.00516
33	0.01413	0.01447	0.02030	0.06092	0.51842	0.12013	0.02714	0.01697	0.01272	0.01701	0.04158	0.01426	0.01016	0.00578	0.00668	0.00170	0.08189	0.00497	0.00286	0.00790
34	0.00962	0.00481	0.00722	0.00722	0.00722	0.00481	0.00481	0.00722	0.00722	0.00962	0.00962	0.01684	0.00962	0.01924	0.02165	0.83886	0.00481	0.00481	0.00241	0.00241
35	0.01032	0.00516	0.00516	0.00516	0.00645	0.00516	0.00387	0.01290	0.01161	0.02065	0.01807	0.02065	0.01420	0.00645	0.00387	0.00129	0.00258	0.00516	0.83611	0.00516
36	0.21623	0.01096	0.01397	0.07321	0.04756	0.01217	0.03074	0.05566	0.02933	0.27969	0.01347	0.01429	0.00960	0.00676	0.00755	0.00187	0.16014	0.00475	0.00444	0.00759
37	0.76121	0.01120	0.00900	0.00784	0.01136	0.01290	0.00646	0.09072	0.01111	0.02587	0.00828	0.00943	0.00634	0.00529	0.00364	0.00171	0.00447	0.00320	0.00364	0.00634
38	0.01378	0.01190	0.01252	0.01127	0.01440	0.01378	0.00877	0.02943	0.76081	0.02317	0.02254	0.02066	0.01691	0.00751	0.00564	0.00188	0.00438	0.00626	0.00564	0.00877
39	0.84448	0.01071	0.00814	0.00728	0.01071	0.01242	0.00600	0.01628	0.00943	0.02485	0.00771	0.00900	0.00600	0.00514	0.00343	0.00171	0.00428	0.00300	0.00343	0.00600
40	0.00803	0.00548	0.00660	0.00660	0.00680	0.00567	0.00406	0.00841	0.00822	0.01115	0.01694	0.03340	0.01890	0.65555	0.17632	0.00606	0.00723	0.00764	0.00328	0.00367
41	0.00777	0.00525	0.00612	0.00640	0.00647	0.00518	0.00374	0.00798	0.00861	0.01148	0.02029	0.20225	0.02371	0.63447	0.02361	0.00469	0.00490	0.00972	0.00374	0.00360
42	0.00714	0.00578	0.00644	0.00668	0.00839	0.00508	0.00528	0.00887	0.01285	0.01578	0.09656	0.05449	0.56426	0.01412	0.00678	0.00201	0.00328	0.16622	0.00520	0.00480
43	0.00694	0.00505	0.00655	0.00739	0.00803	0.00466	0.00508	0.00827	0.01177	0.01579	0.17730	0.58990	0.10102	0.01589	0.00692	0.00212	0.00306	0.01428	0.00533	0.00466
44	0.84448	0.01071	0.00814	0.00728	0.01071	0.01242	0.00600	0.01628	0.00943	0.02485	0.00771	0.00900	0.00600	0.00514	0.00343	0.00171	0.00428	0.00300	0.00343	0.00600
45	0.01729	0.48631	0.02375	0.01114	0.01542	0.18329	0.00994	0.16208	0.01510	0.01743	0.00898	0.00998	0.00757	0.00532	0.00425	0.00133	0.00682	0.00349	0.00309	0.00741
46	0.01887	0.04577	0.01961	0.01633	0.03765	0.55970	0.15595	0.05156	0.01541	0.01536	0.00930	0.01116	0.00752	0.00550	0.00529	0.00152	0.00950	0.00422	0.00294	0.00683
47	0.00864	0.00620	0.00853	0.00941	0.01070	0.00609	0.00803	0.01118	0.01338	0.01777	0.19071	0.05770	0.05051	0.01441	0.00738	0.00236	0.00451	0.56204	0.00532	0.00512
48	0.00700	0.00493	0.00635	0.00738	0.00764	0.00467	0.00479	0.00778	0.01010	0.01347	0.02796	0.65160	0.03339	0.17191	0.01121	0.00286	0.00364	0.01424	0.00479	0.00427
49	0.01055	0.00608	0.00640	0.00576	0.00776	0.00560	0.00440	0.01311	0.01159	0.02014	0.01645	0.01885	0.01302	0.00599	0.00392	0.00120	0.00288	0.00479	0.67276	0.16875
50	0.01393	0.01996	0.29585	0.01856	0.02486	0.01422	0.34412	0.16175	0.01512	0.02103	0.01116	0.01346	0.00811	0.00527	0.00588	0.00179	0.00829	0.00536	0.00317	0.00811
51	0.00900	0.00688	0.00841	0.00781	0.00948	0.00690	0.00592	0.01417	0.16183	0.02240	0.62170	0.03731	0.04532	0.01058	0.00636	0.00177	0.00296	0.00928	0.00601	0.00592
52	0.01148	0.00984	0.01148	0.00820	0.01312	0.00738	0.00656	0.01395	0.01148	0.01805	0.00984	0.01148	0.00820	0.00410	0.00410	0.00082	0.00410	0.00328	0.00328	0.83922
53	0.01963	0.01480	0.01582	0.01245	0.01663	0.01651	0.01018	0.61055	0.17016	0.03260	0.01511	0.01474	0.01089	0.00682	0.00556	0.00170	0.00576	0.00524	0.00556	0.00929
54	0.01110	0.01061	0.01725	0.56580	0.10480	0.01330	0.01490	0.01427	0.01072	0.01437	0.00939	0.01414	0.00750	0.00629	0.00801	0.00194	0.16183	0.00491	0.00248	0.00639
55	0.03424	0.02306	0.01495	0.01352	0.01647	0.60377	0.01023	0.03728	0.16192	0.01605	0.01138	0.01213	0.00907	0.00607	0.00510	0.00153	0.00871	0.00411	0.00346	0.00693
56	0.01540	0.01487	0.01330	0.01191	0.01504	0.16480	0.00921	0.05468	0.58754	0.02172	0.01946	0.01830	0.01471	0.00713	0.00551	0.00178	0.00555	0.00569	0.00509	0.00833
57	0.01777	0.01638	0.01564	0.06711	0.06445	0.18447	0.01081	0.29481	0.22597	0.02448	0.01441	0.01474	0.01082	0.00650	0.00544	0.00168	0.00660	0.00502	0.00459	0.00831
58	0.01032	0.00516	0.00516	0.00516	0.00645	0.00516	0.00387	0.01290	0.01161	0.02065	0.01807	0.02065	0.01420	0.00645	0.00387	0.00129	0.00258	0.00516	0.83611	0.00516
59	0.00842	0.00645	0.00804	0.00713	0.00916	0.00559	0.00541	0.01087	0.01447	0.02060	0.54335	0.05820	0.09826	0.01029	0.00607	0.00159	0.00294	0.00899	0.00544	0.16874
60	0.00695	0.00575	0.00611	0.00599	0.00778	0.00497	0.00450	0.00888	0.02873	0.01655	0.19502	0.05028	0.61249	0.01336	0.00652	0.00185	0.00280	0.01125	0.00534	0.00487
61	0.01032	0.00516	0.00516	0.00516	0.00645	0.00516	0.00387	0.01290	0.01161	0.02065	0.01807	0.02065	0.01420	0.00645	0.00387	0.00129	0.00258	0.00516	0.83611	0.00516
62	0.04993	0.03205	0.01551	0.01521	0.16287	0.01244	0.01036	0.21172	0.09985	0.25482	0.01661	0.01711	0.01199	0.00657	0.00540	0.00169	0.00534	0.02286	0.03892	0.00876
63	0.84448	0.01071	0.00814	0.00728	0.01071	0.01242	0.00600	0.01628	0.00943	0.02485	0.00771	0.00900	0.00600	0.00514	0.00343	0.00171	0.00428	0.00300	0.00343	0.00600
64	0.01339	0.01403	0.06362	0.03135	0.63443	0.01308	0.09551	0.01698	0.01261	0.01799	0.01090	0.01483	0.00916	0.00516	0.00563	0.00169	0.00693	0.02141	0.00278	0.00852
65	0.84448	0.01071	0.00814	0.00728	0.01071	0.01242	0.00600	0.01628	0.00943	0.02485	0.00771	0.00900	0.00600	0.00514	0.00343	0.00171	0.00428	0.00300	0.00343	0.00600
66	0.01707	0.01218	0.01369	0.01107	0.01432	0.01337	0.00888	0.48812	0.02020	0.05877	0.01511	0.01820	0.02455	0.09462	0.16043	0.00346	0.00762	0.00562	0.00486	0.00785
67	0.01318	0.00847	0.01025	0.01003	0.04239	0.02991	0.00756	0.03282	0.11324	0.18603	0.13902	0.10849	0.13258	0.01093	0.00633	0.00194	0.00426	0.13027	0.00557	0.00673
68	0.01299	0.00964	0.01351	0.07313	0.09123	0.00995	0.09699	0.14223	0.03099	0.02195	0.01476	0.01715	0.01141	0.00597	0.00482	0.00150	0.00488	0.00520	0.39007	0.04163
69	0.01032	0.00516	0.00516	0.00516	0.00645	0.00516	0.00387	0.01290	0.01161	0.02065	0.01807	0.02065	0.01420	0.00645	0.00387	0.00129	0.00258	0.00516	0.83611	0.00516
70	0.01843	0.09043	0.09370	0.02767	0.04863	0.01472	0.01107	0.34912	0.08450	0.14445	0.01422	0.01419	0.01016	0.00622	0.00526	0.00161	0.00587	0.00482	0.00484	0.05008
71	0.01410	0.63302	0.02626	0.16309	0.01898	0.03850	0.01066	0.01624	0.01133	0.01326	0.00814	0.01006	0.00716	0.00492	0.00398	0.00132	0.00631	0.00336	0.00240	0.00690
72	0.01032	0.00516	0.00516	0.00516	0.00645	0.00516	0.00387	0.01290	0.01161	0.02065	0.01807	0.02065	0.01420	0.00645	0.00387	0.00129	0.00258	0.00516	0.83611	0.00516
73	0.01298	0.01276	0.02278	0.18117	0.52179	0.01311	0.12084	0.01654	0.01237	0.01727	0.01042	0.01409	0.00845	0.00502	0.00564	0.00172	0.00713	0.00516	0.00269	0.00807
74	0.84448	0.01071	0.00814	0.00728	0.01071	0.01242	0.00600	0.01628	0.00943	0.02485	0.00771	0.00900	0.00600	0.00514	0.00343	0.00171	0.00428	0.00300	0.00343	0.00600
75	0.01378	0.01190	0.01252	0.01127	0.01440	0.01378	0.00877	0.02943	0.76081	0.02317	0.02254	0.02066	0.01691	0.00751	0.00564	0.00188	0.00438	0.00626	0.00564	0.00877
76	0.84448	0.01071	0.00814	0.00728	0.01071	0.01242	0.00600	0.01628	0.00943	0.02485	0.00771	0.00900	0.00600	0.00514	0.00343	0.00171	0.00428	0.00300	0.00343	0.00600
77	0.00841	0.00597	0.00706	0.00684	0.00686	0.00642	0.00420	0.00855	0.00811	0.01101	0.01651	0.03384	0.01888	0.72042	0.04226	0.00518	0.07488	0.00773	0.00327	0.00362
78	0.01050	0.00990	0.01662	0.77300	0.03757	0.01242	0.01530	0.01413	0.01101	0.01413	0.00978	0.01470	0.00738	0.00564	0.00585	0.00186	0.02669	0.00492	0.00246	0.00615
79	0.02485	0.00943	0.01285	0.00985	0.01414	0.00814	0.00814	0.02699	0.01585	0.77465	0.02185	0.01885	0.01371	0.00685	0.00557	0.00171	0.00471	0.00557	0.00685	0.00943
80	0.01422	0.01424	0.02087	0.04814	0.55885	0.09098	0.04612	0.01855	0.08399	0.01797	0.01175	0.01499	0.00976	0.00546	0.00553	0.00168	0.00682	0.01866	0.00307	0.00834
81	0.00962	0.00481	0.00722	0.00722	0.00722	0.00481	0.00481	0.00722	0.00722	0.00962	0.00962	0.01684	0.00962	0.01924	0.02165	0.83886	0.00481	0.00481	0.00241	0.00241
82	0.00675	0.00482	0.00643	0.00771	0.00803	0.00450	0.00514	0.00771	0.01060	0.01414	0.03053	0.80175	0.03663	0.01735	0.00707	0.00225	0.00321	0.01574	0.00514	0.00450
83	0.38854	0.01637	0.25991	0.01030	0.01560	0.01147	0.01089	0.01650	0.01073	0.03978	0.00921	0.01061	0.00695	0.00502	0.00421	0.00155	0.00553	0.00348	0.00313	0.17023
84	0.01405	0.06245	0.39910	0.01621	0.06599	0.04998	0.08098	0.16159	0.01478	0.02053	0.01051	0.01219	0.00778	0.00548	0.00551	0.00167	0.02063	0.00443	0.00310	0.04304
85	0.01214	0.16653	0.01492	0.00845	0.01334	0.01023	0.00713	0.01446	0.01144	0.01706	0.00942	0.01097	0.00799	0.00423	0.00399	0.00089	0.00446	0.00322	0.00310	0.67601
86	0.01291	0.01079	0.01236	0.02817	0.01439	0.00951	0.00754	0.10525	0.10996	0.02065	0.01190	0.01297	0.00945	0.00488	0.00451	0.00108	0.00446	0.00391	0.00384	0.61144
87	0.00971	0.16400	0.01172	0.00750	0.01001	0.00931	0.00613	0.03049	0.06963	0.01768	0.20998	0.06925	0.28468	0.01038	0.00571	0.00165	0.00364	0.00863	0.02583	0.04406
88	0.01326	0.08980	0.04679	0.03002	0.01507	0.04049	0.05534	0.19159	0.01495	0.02022	0.01579	0.20928	0.01552	0.00919	0.02479	0.00177	0.00561	0.00713	0.00409	0.18929

[dist]
# distance from previous block
# <min> <max>
0	12

# created by:
# /st0/software/busco_prod/Augustus/scripts/msa2prfl.pl ./align_prep/208707.fa
