[name]
unknown

[dist]
# distance from previous block
# <min> <max>
6	66

[block]
# block no. 0 follows, 48 sequences, length 9
# corresponding to MSA columns:
# 73-81
name=unknown_A
#
# <colnr> <probs for GDERKNQSTAVLIFYWHMCP>
#	G	D	E	R	K	N	Q	S	T	A	V	L	I	F	Y	W	H	M	C	P
0	0.00906	0.00567	0.00765	0.00854	0.06838	0.00563	0.00545	0.04452	0.00979	0.01399	0.05437	0.18291	0.03774	0.04539	0.01176	0.32576	0.00385	0.00714	0.14833	0.00405
1	0.01584	0.01166	0.01408	0.04712	0.11981	0.03049	0.00965	0.36959	0.04874	0.09728	0.10457	0.01680	0.01419	0.00891	0.06577	0.00207	0.00589	0.00530	0.00460	0.00765
2	0.01486	0.01100	0.01357	0.07742	0.10496	0.01161	0.00934	0.33645	0.05260	0.07781	0.05046	0.09182	0.01365	0.03603	0.00595	0.00168	0.00505	0.00585	0.00444	0.07546
3	0.03303	0.01353	0.07525	0.04018	0.09103	0.04249	0.01040	0.27530	0.19314	0.15015	0.01472	0.01451	0.01054	0.00603	0.00508	0.00160	0.00541	0.00482	0.00464	0.00817
4	0.01600	0.01179	0.10643	0.08038	0.01604	0.01036	0.00964	0.10725	0.19907	0.28958	0.03579	0.04352	0.03719	0.00681	0.00523	0.00166	0.00490	0.00561	0.00496	0.00781
5	0.01743	0.09330	0.04485	0.01235	0.01579	0.31191	0.07080	0.11876	0.01474	0.15033	0.01229	0.01527	0.00983	0.00619	0.00526	0.00152	0.02600	0.06279	0.00370	0.00689
6	0.01079	0.00903	0.01193	0.07703	0.14386	0.03498	0.00884	0.10750	0.07916	0.01606	0.01382	0.05061	0.01264	0.11559	0.28048	0.00430	0.00839	0.00571	0.00331	0.00595
7	0.02830	0.07293	0.01037	0.00795	0.01034	0.00788	0.00635	0.06290	0.04935	0.15174	0.29595	0.13003	0.02802	0.00910	0.00546	0.00160	0.00360	0.04079	0.00503	0.07230
8	0.09377	0.01023	0.01271	0.18377	0.09748	0.04285	0.00955	0.07978	0.09870	0.08013	0.01379	0.11398	0.01196	0.00673	0.00518	0.00159	0.02079	0.00561	0.00371	0.10769

[dist]
# distance from previous block
# <min> <max>
0	47

[block]
# block no. 1 follows, 48 sequences, length 11
# corresponding to MSA columns:
# 132-142
name=unknown_B
#
# <colnr> <probs for GDERKNQSTAVLIFYWHMCP>
#	G	D	E	R	K	N	Q	S	T	A	V	L	I	F	Y	W	H	M	C	P
0	0.09488	0.01080	0.04372	0.10939	0.01557	0.07711	0.05773	0.07804	0.02513	0.06727	0.08347	0.12258	0.04344	0.02452	0.00551	0.00162	0.00508	0.00623	0.00381	0.12409
1	0.04380	0.00981	0.04461	0.05702	0.01343	0.02891	0.04048	0.15805	0.04045	0.09119	0.09345	0.15174	0.02680	0.02523	0.01907	0.03616	0.04928	0.00691	0.05746	0.00615
2	0.04650	0.05846	0.04647	0.04717	0.09658	0.07459	0.07695	0.08615	0.01266	0.06592	0.10668	0.08284	0.01552	0.03870	0.03617	0.00197	0.05674	0.00591	0.00361	0.04040
3	0.01222	0.09028	0.05959	0.14691	0.28588	0.10398	0.06587	0.01553	0.04246	0.01515	0.03667	0.05050	0.01051	0.00681	0.03452	0.00180	0.00672	0.00502	0.00278	0.00680
4	0.06477	0.01154	0.05649	0.40010	0.16198	0.04381	0.01284	0.05914	0.07271	0.01657	0.01050	0.01343	0.00804	0.00524	0.00490	0.00162	0.00618	0.00447	0.03910	0.00656
5	0.04333	0.04090	0.02935	0.29100	0.12356	0.04615	0.01127	0.09587	0.05542	0.07070	0.05325	0.05057	0.01221	0.00636	0.00512	0.00163	0.00572	0.03137	0.00349	0.02274
6	0.38695	0.05643	0.01041	0.04469	0.01201	0.01067	0.00677	0.04290	0.04193	0.09338	0.03467	0.05392	0.01025	0.00595	0.00460	0.00152	0.04133	0.00427	0.03537	0.10196
7	0.09046	0.00832	0.00875	0.00780	0.00987	0.04172	0.00598	0.11076	0.07682	0.06878	0.29664	0.06891	0.11362	0.06090	0.00679	0.00185	0.00375	0.00760	0.00492	0.00577
8	0.00769	0.00630	0.00850	0.00843	0.05032	0.00562	0.04938	0.00945	0.01150	0.01553	0.17295	0.19278	0.25974	0.05628	0.00692	0.00184	0.00343	0.00950	0.03399	0.08984
9	0.01160	0.00928	0.01485	0.45675	0.11390	0.01065	0.02495	0.01502	0.04037	0.10488	0.05675	0.01790	0.01164	0.00624	0.00585	0.00173	0.04311	0.04499	0.00322	0.00634
10	0.04707	0.05838	0.00923	0.00714	0.00913	0.00817	0.00576	0.05422	0.01171	0.16204	0.01520	0.01703	0.01167	0.03106	0.00587	0.00151	0.08017	0.00469	0.45404	0.00589

[dist]
# distance from previous block
# <min> <max>
0	3

[block]
# block no. 2 follows, 48 sequences, length 14
# corresponding to MSA columns:
# 146-159
name=unknown_C
#
# <colnr> <probs for GDERKNQSTAVLIFYWHMCP>
#	G	D	E	R	K	N	Q	S	T	A	V	L	I	F	Y	W	H	M	C	P
0	0.01117	0.02065	0.51686	0.01276	0.01860	0.01150	0.01487	0.10054	0.09475	0.01918	0.11558	0.01560	0.01339	0.00600	0.00510	0.00163	0.00629	0.00484	0.00329	0.00740
1	0.10225	0.16749	0.46687	0.01256	0.01866	0.01386	0.03121	0.09997	0.01204	0.01801	0.00898	0.01033	0.00669	0.00491	0.00446	0.00152	0.00663	0.00364	0.00262	0.00730
2	0.00915	0.00833	0.00760	0.00700	0.00900	0.09415	0.00535	0.09068	0.01380	0.01679	0.16281	0.03915	0.49525	0.01100	0.00580	0.00165	0.00364	0.00907	0.00471	0.00506
3	0.01211	0.20929	0.44640	0.01397	0.02020	0.01435	0.11713	0.07928	0.01202	0.01665	0.00914	0.01076	0.00688	0.00480	0.00469	0.00151	0.00708	0.00392	0.00248	0.00736
4	0.01829	0.01002	0.05702	0.01228	0.11766	0.00856	0.00905	0.02174	0.07804	0.49214	0.10340	0.01891	0.01596	0.00654	0.00524	0.00160	0.00454	0.00552	0.00542	0.00810
5	0.00961	0.10832	0.45164	0.01139	0.01662	0.01057	0.01339	0.01378	0.01138	0.01585	0.09907	0.02263	0.11815	0.00730	0.00517	0.00164	0.00589	0.06800	0.00311	0.00650
6	0.01287	0.01305	0.10006	0.02213	0.44984	0.01145	0.01318	0.11712	0.01308	0.01901	0.01050	0.01276	0.00840	0.00485	0.00480	0.00142	0.00563	0.00434	0.07377	0.10174
7	0.02869	0.01430	0.19849	0.01098	0.01529	0.01109	0.01064	0.26394	0.03654	0.18448	0.09678	0.01894	0.01477	0.02233	0.00566	0.00170	0.00536	0.04773	0.00465	0.00764
8	0.01128	0.20792	0.16588	0.00934	0.01287	0.01087	0.00913	0.06040	0.02625	0.07947	0.07506	0.17698	0.09379	0.00871	0.00514	0.00161	0.00476	0.03045	0.00386	0.00623
9	0.00842	0.00568	0.00620	0.00580	0.00781	0.00479	0.00444	0.00988	0.01226	0.11924	0.08944	0.04444	0.63920	0.01195	0.00594	0.00171	0.00283	0.00998	0.00503	0.00496
10	0.01053	0.02341	0.64069	0.01684	0.13831	0.01165	0.01785	0.01588	0.01113	0.01652	0.04343	0.01233	0.00859	0.00508	0.00496	0.00161	0.00713	0.00415	0.00238	0.00755
11	0.01153	0.05074	0.16956	0.03032	0.31948	0.07619	0.01292	0.03080	0.02778	0.01573	0.01373	0.17011	0.01341	0.00729	0.00527	0.00165	0.00593	0.02762	0.00306	0.00688
12	0.03055	0.58492	0.12179	0.01115	0.01596	0.04191	0.10198	0.01575	0.01077	0.01336	0.00781	0.00927	0.00670	0.00448	0.00386	0.00126	0.00621	0.00329	0.00227	0.00671
13	0.01789	0.00867	0.01097	0.00898	0.01222	0.00831	0.00721	0.02290	0.19460	0.47699	0.15224	0.02146	0.01956	0.00721	0.00533	0.00163	0.00396	0.00602	0.00596	0.00792

[dist]
# distance from previous block
# <min> <max>
0	6

[block]
# block no. 3 follows, 48 sequences, length 134
# corresponding to MSA columns:
# 166-223,232-248,250-292,297-312
name=unknown_D
#
# <colnr> <probs for GDERKNQSTAVLIFYWHMCP>
#	G	D	E	R	K	N	Q	S	T	A	V	L	I	F	Y	W	H	M	C	P
0	0.01169	0.07491	0.06234	0.08531	0.50035	0.01173	0.01406	0.01471	0.01145	0.01586	0.01222	0.01962	0.01127	0.00617	0.00526	0.00165	0.00597	0.12536	0.00282	0.00724
1	0.05777	0.03641	0.53518	0.01411	0.04112	0.02646	0.04456	0.09709	0.01254	0.07295	0.01020	0.01142	0.00722	0.00508	0.00485	0.00160	0.00695	0.00400	0.00287	0.00762
2	0.01039	0.00983	0.01665	0.62706	0.21015	0.01158	0.01460	0.01372	0.01059	0.01396	0.00924	0.01345	0.00714	0.00500	0.00512	0.00167	0.00667	0.00456	0.00234	0.00626
3	0.00827	0.00591	0.00827	0.00945	0.01063	0.00591	0.00827	0.01063	0.01181	0.01536	0.02717	0.05788	0.02953	0.01417	0.00709	0.00236	0.00472	0.75313	0.00472	0.00472
4	0.01054	0.04064	0.71827	0.01583	0.08168	0.01210	0.01851	0.01619	0.01089	0.01621	0.00920	0.01093	0.00663	0.00484	0.00486	0.00161	0.00743	0.00383	0.00220	0.00761
5	0.01251	0.01199	0.02048	0.08118	0.73949	0.01214	0.01565	0.01558	0.01159	0.01653	0.00962	0.01276	0.00805	0.00461	0.00508	0.00154	0.00614	0.00457	0.00252	0.00797
6	0.01431	0.00998	0.01092	0.00954	0.01244	0.01100	0.00750	0.06096	0.51575	0.14560	0.01981	0.01854	0.01451	0.00669	0.00499	0.00163	0.00396	0.00550	0.11856	0.00780
7	0.00638	0.00513	0.00573	0.00607	0.00744	0.00448	0.00456	0.00775	0.01146	0.01415	0.07598	0.20080	0.52871	0.01362	0.00626	0.00186	0.00288	0.08757	0.00480	0.00436
8	0.01146	0.13632	0.62663	0.01371	0.02047	0.07441	0.01685	0.01646	0.01107	0.01539	0.00882	0.01035	0.00652	0.00484	0.00464	0.00153	0.00742	0.00361	0.00221	0.00732
9	0.01470	0.01143	0.01172	0.01023	0.01316	0.07294	0.00803	0.09855	0.45299	0.12573	0.07872	0.03518	0.01700	0.00724	0.00528	0.00167	0.00453	0.01803	0.00518	0.00771
10	0.00761	0.00572	0.00712	0.00684	0.00818	0.00549	0.00514	0.01092	0.08290	0.01943	0.58217	0.09763	0.10146	0.01088	0.00604	0.00169	0.00268	0.02759	0.00545	0.00504
11	0.01169	0.00969	0.01679	0.56421	0.06728	0.01101	0.10204	0.01498	0.01108	0.10934	0.01103	0.02946	0.00825	0.00537	0.00527	0.00170	0.00664	0.00500	0.00288	0.00630
12	0.08858	0.07579	0.03505	0.05611	0.01513	0.07430	0.00892	0.17961	0.23557	0.14207	0.01526	0.01488	0.02420	0.00612	0.00482	0.00157	0.00518	0.00472	0.00451	0.00761
13	0.08371	0.05635	0.01519	0.01360	0.07283	0.48878	0.00993	0.16812	0.01559	0.01758	0.00883	0.01000	0.00706	0.00533	0.00459	0.00139	0.00772	0.00359	0.00315	0.00666
14	0.00746	0.00497	0.00560	0.00560	0.00560	0.00497	0.00311	0.00746	0.00746	0.00995	0.01617	0.03358	0.01865	0.81967	0.02612	0.00497	0.00497	0.00746	0.00311	0.00311
15	0.08345	0.04458	0.01439	0.01251	0.01533	0.66767	0.00954	0.06728	0.01459	0.01460	0.00813	0.00935	0.00666	0.00528	0.00451	0.00135	0.00852	0.00333	0.00283	0.00611
16	0.01779	0.01244	0.01363	0.01096	0.01465	0.01365	0.00889	0.41609	0.27230	0.13924	0.01631	0.01533	0.01160	0.00645	0.00517	0.00161	0.00494	0.00509	0.00534	0.00853
17	0.00668	0.00522	0.00606	0.00585	0.00731	0.00460	0.00439	0.00856	0.01316	0.01733	0.43105	0.04366	0.40435	0.01170	0.00606	0.00167	0.00251	0.01003	0.00522	0.00460
18	0.00969	0.00912	0.01539	0.80734	0.03534	0.01140	0.01425	0.01311	0.01026	0.01311	0.00912	0.01368	0.00684	0.00513	0.00513	0.00171	0.00684	0.00456	0.00228	0.00570
19	0.01276	0.01102	0.01160	0.01044	0.01334	0.01276	0.00812	0.02727	0.77840	0.02146	0.02088	0.01914	0.01566	0.00696	0.00522	0.00174	0.00406	0.00580	0.00522	0.00812
20	0.83566	0.01027	0.00771	0.00690	0.01007	0.03058	0.00566	0.01521	0.00887	0.02277	0.00716	0.00836	0.00558	0.00478	0.00321	0.00158	0.00410	0.00279	0.00316	0.00557
21	0.00969	0.00912	0.01539	0.80734	0.03534	0.01140	0.01425	0.01311	0.01026	0.01311	0.00912	0.01368	0.00684	0.00513	0.00513	0.00171	0.00684	0.00456	0.00228	0.00570
22	0.02244	0.00940	0.01229	0.00945	0.01342	0.00857	0.00780	0.10843	0.02967	0.69231	0.01937	0.01692	0.01231	0.00634	0.00516	0.00159	0.00450	0.00511	0.00619	0.00872
23	0.01904	0.02138	0.01467	0.01276	0.01579	0.56878	0.00981	0.21650	0.04217	0.01801	0.00950	0.01038	0.00746	0.00557	0.00478	0.00139	0.00814	0.00373	0.00338	0.00674
24	0.01208	0.00905	0.01072	0.00790	0.01219	0.00719	0.00632	0.01502	0.05448	0.10701	0.03675	0.01283	0.01000	0.00450	0.00411	0.00094	0.00383	0.00365	0.00363	0.67780
25	0.02189	0.01106	0.01297	0.01005	0.01399	0.05221	0.00825	0.22142	0.01717	0.54928	0.01749	0.01567	0.01133	0.00624	0.00512	0.00156	0.00497	0.00492	0.00583	0.00858
26	0.00857	0.00579	0.00778	0.00852	0.00983	0.00556	0.00714	0.01062	0.01186	0.05973	0.06400	0.14122	0.12079	0.01364	0.00674	0.00218	0.00414	0.50218	0.00487	0.00485
27	0.00625	0.00447	0.00595	0.00714	0.00744	0.00417	0.00476	0.00714	0.00982	0.01310	0.02828	0.81633	0.03394	0.01608	0.00655	0.00208	0.00298	0.01459	0.00476	0.00417
28	0.01372	0.82276	0.02689	0.00878	0.01317	0.02030	0.00878	0.01536	0.01043	0.01207	0.00713	0.00823	0.00658	0.00439	0.00329	0.00110	0.00549	0.00274	0.00219	0.00658
29	0.03239	0.01054	0.01768	0.43256	0.37856	0.01176	0.01472	0.01437	0.01087	0.01503	0.00931	0.01310	0.00740	0.00487	0.00506	0.00162	0.00643	0.00452	0.00242	0.00681
30	0.00651	0.00522	0.00581	0.00566	0.00720	0.00452	0.00425	0.00822	0.01274	0.01634	0.32261	0.04530	0.51340	0.01207	0.00606	0.00169	0.00253	0.01026	0.00509	0.00452
31	0.01048	0.02338	0.64109	0.01442	0.02113	0.01170	0.06274	0.01680	0.07078	0.01662	0.01122	0.01437	0.00861	0.00554	0.00510	0.00168	0.00721	0.04714	0.00258	0.00742
32	0.00726	0.00524	0.00686	0.00646	0.00767	0.00484	0.00484	0.00968	0.01452	0.02058	0.78496	0.03833	0.04841	0.01049	0.00605	0.00161	0.00242	0.00928	0.00565	0.00484
33	0.01141	0.28623	0.54319	0.01272	0.01926	0.01465	0.01564	0.01596	0.01070	0.01489	0.00853	0.00998	0.00653	0.00472	0.00436	0.00145	0.00690	0.00345	0.00218	0.00726
34	0.00733	0.00550	0.00825	0.00825	0.00916	0.00641	0.00641	0.00916	0.00825	0.01191	0.01374	0.02016	0.01283	0.03848	0.79934	0.00825	0.01374	0.00550	0.00275	0.00458
35	0.00734	0.00544	0.00798	0.00798	0.00880	0.00627	0.00608	0.00899	0.00817	0.01171	0.01399	0.02153	0.01342	0.11836	0.72028	0.00791	0.01285	0.00570	0.00279	0.00443
36	0.85592	0.00992	0.00754	0.00675	0.00992	0.01151	0.00556	0.01508	0.00873	0.02302	0.00714	0.00834	0.00556	0.00476	0.00318	0.00159	0.00397	0.00278	0.00318	0.00556
37	0.01616	0.01121	0.01243	0.01036	0.01369	0.01224	0.00828	0.23042	0.39003	0.16327	0.06145	0.01804	0.01506	0.00683	0.00523	0.00165	0.00446	0.00556	0.00542	0.00821
38	0.01187	0.01011	0.01102	0.00808	0.01249	0.05390	0.00644	0.02870	0.01132	0.05165	0.00961	0.01090	0.00779	0.00405	0.00394	0.00085	0.00418	0.00318	0.00321	0.74671
39	0.00836	0.00640	0.00781	0.00725	0.00880	0.00643	0.00550	0.01320	0.16724	0.02075	0.63221	0.03449	0.04187	0.00978	0.00589	0.00164	0.00275	0.00858	0.00556	0.00550
40	0.04622	0.01357	0.01286	0.01027	0.01391	0.12528	0.00825	0.39204	0.03733	0.02393	0.01572	0.01588	0.09797	0.00637	0.00486	0.00140	0.00538	0.00483	0.00429	0.15964
41	0.00625	0.00447	0.00595	0.00714	0.00744	0.00417	0.00476	0.00714	0.00982	0.01310	0.02828	0.81633	0.03394	0.01608	0.00655	0.00208	0.00298	0.01459	0.00476	0.00417
42	0.01253	0.01201	0.02051	0.07607	0.74444	0.01215	0.01566	0.01560	0.01160	0.01655	0.00962	0.01276	0.00805	0.00460	0.00508	0.00153	0.00614	0.00457	0.00252	0.00799
43	0.01783	0.01396	0.01703	0.01300	0.01713	0.01520	0.11238	0.59363	0.09843	0.02909	0.01292	0.01321	0.00930	0.00599	0.00527	0.00159	0.00589	0.00493	0.00480	0.00842
44	0.00626	0.00514	0.00555	0.00583	0.00730	0.00443	0.00437	0.00758	0.01142	0.01386	0.04638	0.16855	0.61053	0.01356	0.00622	0.00184	0.00282	0.06925	0.00476	0.00434
45	0.08792	0.00883	0.01157	0.00894	0.01285	0.00785	0.00739	0.02423	0.01422	0.73136	0.01922	0.01675	0.01214	0.00623	0.00501	0.00159	0.00434	0.00497	0.00610	0.00848
46	0.06216	0.01429	0.02594	0.01895	0.02367	0.09213	0.58890	0.01744	0.01236	0.07679	0.01071	0.01334	0.00792	0.00461	0.00568	0.00167	0.00811	0.00552	0.00293	0.00688
47	0.00715	0.00547	0.00590	0.00568	0.00745	0.00472	0.00430	0.00891	0.02641	0.05013	0.17306	0.04553	0.61284	0.01216	0.00601	0.00171	0.00268	0.01022	0.00499	0.00469
48	0.01872	0.01501	0.01489	0.01180	0.01562	0.09412	0.00959	0.61295	0.10675	0.02915	0.01283	0.01277	0.00928	0.00616	0.00509	0.00154	0.00583	0.00462	0.00489	0.00838
49	0.01344	0.01087	0.01153	0.01019	0.01308	0.02559	0.00796	0.07038	0.61643	0.06612	0.07965	0.01996	0.01747	0.00712	0.00527	0.00170	0.00414	0.00592	0.00527	0.00790
50	0.01064	0.00912	0.01064	0.00760	0.01216	0.00684	0.00608	0.01292	0.01064	0.01672	0.00912	0.01064	0.00760	0.00380	0.00380	0.00076	0.00380	0.00304	0.00304	0.85104
51	0.01336	0.73979	0.10673	0.00939	0.01411	0.01943	0.00984	0.01546	0.01047	0.01251	0.00735	0.00850	0.00658	0.00444	0.00346	0.00115	0.00571	0.00285	0.00219	0.00669
52	0.20215	0.01040	0.01184	0.00929	0.01312	0.01050	0.00767	0.20967	0.01576	0.43505	0.01543	0.01420	0.01016	0.00596	0.00472	0.00158	0.00460	0.00451	0.00536	0.00804
53	0.01738	0.01359	0.01654	0.02461	0.01707	0.01484	0.10286	0.53180	0.14794	0.03943	0.01358	0.01374	0.00980	0.00606	0.00526	0.00160	0.00575	0.00500	0.00481	0.00836
54	0.01740	0.01313	0.01410	0.01127	0.01491	0.01461	0.00914	0.57810	0.17410	0.02906	0.01495	0.05988	0.01156	0.00689	0.00523	0.00161	0.00518	0.00543	0.00513	0.00834
55	0.00623	0.00465	0.00576	0.00664	0.00728	0.00422	0.00452	0.00720	0.01023	0.01322	0.03379	0.61504	0.21591	0.03104	0.00681	0.00206	0.00292	0.01354	0.00473	0.00419
56	0.00667	0.00482	0.00636	0.00733	0.00786	0.00458	0.00513	0.00817	0.02916	0.01424	0.10556	0.65810	0.03463	0.01513	0.00651	0.00205	0.00308	0.07138	0.00486	0.00438
57	0.00658	0.00516	0.00595	0.00587	0.00728	0.00453	0.00436	0.00832	0.01273	0.01661	0.35673	0.10361	0.41959	0.01218	0.00610	0.00171	0.00255	0.01047	0.00513	0.00453
58	0.01343	0.01354	0.02709	0.01996	0.04316	0.02799	0.62067	0.04816	0.03805	0.07755	0.01151	0.01412	0.00845	0.00467	0.00587	0.00170	0.00799	0.00583	0.00308	0.00718
59	0.01064	0.00912	0.01064	0.00760	0.01216	0.00684	0.00608	0.01292	0.01064	0.01672	0.00912	0.01064	0.00760	0.00380	0.00380	0.00076	0.00380	0.00304	0.00304	0.85104
60	0.00737	0.00532	0.00734	0.00734	0.00795	0.00592	0.00529	0.00858	0.00798	0.01124	0.01457	0.02473	0.01481	0.30484	0.53570	0.00713	0.01075	0.00617	0.00287	0.00408
61	0.01372	0.82276	0.02689	0.00878	0.01317	0.02030	0.00878	0.01536	0.01043	0.01207	0.00713	0.00823	0.00658	0.00439	0.00329	0.00110	0.00549	0.00274	0.00219	0.00658
62	0.01247	0.01188	0.01987	0.09074	0.68455	0.01216	0.01519	0.01620	0.05563	0.01675	0.01026	0.01315	0.00846	0.00475	0.00509	0.00155	0.00604	0.00464	0.00267	0.00794
63	0.05704	0.01411	0.01497	0.01155	0.01559	0.01566	0.00953	0.72268	0.03750	0.03172	0.01225	0.01227	0.00871	0.00611	0.00505	0.00155	0.00554	0.00456	0.00505	0.00857
64	0.01829	0.01252	0.01362	0.01068	0.01437	0.01363	0.00875	0.55585	0.08052	0.10786	0.01427	0.01410	0.01014	0.00622	0.00498	0.00152	0.00505	0.00478	0.09459	0.00826
65	0.00622	0.00458	0.00583	0.00684	0.00736	0.00419	0.00463	0.00718	0.01012	0.01322	0.03204	0.69453	0.15330	0.01559	0.00647	0.00203	0.00292	0.01399	0.00476	0.00419
66	0.03542	0.01183	0.01914	0.02768	0.65367	0.01196	0.01433	0.01729	0.08019	0.06185	0.01120	0.01343	0.00900	0.00489	0.00505	0.00155	0.00576	0.00467	0.00301	0.00809
67	0.01704	0.12322	0.01315	0.00891	0.01213	0.00984	0.00736	0.13359	0.01482	0.36922	0.10334	0.13103	0.01821	0.00789	0.00519	0.00158	0.00431	0.00653	0.00528	0.00735
68	0.00609	0.00520	0.00523	0.00522	0.00694	0.00434	0.00392	0.00741	0.01175	0.01398	0.06506	0.04918	0.77243	0.01295	0.00606	0.00173	0.00260	0.01080	0.00478	0.00434
69	0.01081	0.02586	0.74929	0.01447	0.02185	0.01214	0.01844	0.05873	0.01158	0.01716	0.00938	0.01092	0.00663	0.00495	0.00489	0.00162	0.00747	0.00384	0.00233	0.00765
70	0.01233	0.01181	0.02016	0.12688	0.69517	0.01209	0.01556	0.01542	0.01151	0.01631	0.00959	0.01282	0.00797	0.00464	0.00509	0.00155	0.00619	0.00457	0.00251	0.00783
71	0.02207	0.00911	0.01200	0.00932	0.01321	0.00824	0.00766	0.04972	0.07756	0.70319	0.02003	0.01743	0.01281	0.00639	0.00516	0.00160	0.00438	0.00519	0.00622	0.00868
72	0.00608	0.00513	0.00527	0.00537	0.00698	0.00432	0.00398	0.00734	0.01153	0.01379	0.04987	0.11781	0.71852	0.01327	0.00611	0.00176	0.00263	0.01116	0.00476	0.00432
73	0.00813	0.00676	0.00900	0.00813	0.00966	0.04123	0.06478	0.01050	0.01376	0.01886	0.57032	0.09465	0.06054	0.01047	0.00608	0.00169	0.00339	0.05194	0.00513	0.00498
74	0.06526	0.01611	0.11150	0.01412	0.07619	0.16799	0.09695	0.17111	0.05221	0.13725	0.01305	0.01363	0.02993	0.00567	0.00502	0.00155	0.00652	0.00462	0.00385	0.00745
75	0.01992	0.01371	0.01499	0.01149	0.01558	0.01493	0.00949	0.68292	0.02302	0.12154	0.01325	0.01292	0.00919	0.00618	0.00514	0.00155	0.00550	0.00468	0.00528	0.00873
76	0.01450	0.68273	0.02511	0.00976	0.01391	0.13762	0.02736	0.01616	0.01109	0.01225	0.00733	0.00852	0.00662	0.00452	0.00356	0.00115	0.00613	0.00291	0.00227	0.00650
77	0.00642	0.00486	0.00612	0.00685	0.00751	0.00457	0.00476	0.00751	0.01050	0.01376	0.08490	0.57447	0.19712	0.01483	0.00669	0.00198	0.02498	0.01313	0.00476	0.00429
78	0.79746	0.04434	0.00857	0.00697	0.01022	0.01200	0.00581	0.03580	0.00923	0.02281	0.00729	0.00844	0.00569	0.00479	0.00323	0.00157	0.00408	0.00283	0.00319	0.00569
79	0.00699	0.00512	0.00668	0.00740	0.00831	0.00481	0.00565	0.00864	0.01154	0.01528	0.17766	0.35261	0.13347	0.01406	0.00654	0.00203	0.00331	0.22050	0.00492	0.00448
80	0.01359	0.01250	0.01200	0.01076	0.01367	0.09474	0.00835	0.04456	0.68057	0.02080	0.01933	0.01795	0.01455	0.00677	0.00516	0.00169	0.00464	0.00551	0.00495	0.00791
81	0.01064	0.00912	0.01064	0.00760	0.01216	0.00684	0.00608	0.01292	0.01064	0.01672	0.00912	0.01064	0.00760	0.00380	0.00380	0.00076	0.00380	0.00304	0.00304	0.85104
82	0.01887	0.02186	0.01453	0.01281	0.01573	0.61219	0.00978	0.15745	0.05931	0.01666	0.00946	0.01037	0.00750	0.00554	0.00475	0.00139	0.00830	0.00368	0.00324	0.00658
83	0.01917	0.02445	0.01454	0.01322	0.01586	0.79907	0.00991	0.02049	0.01454	0.01256	0.00793	0.00925	0.00661	0.00529	0.00463	0.00132	0.00925	0.00330	0.00264	0.00595
84	0.01403	0.77689	0.02618	0.00903	0.01332	0.06505	0.00884	0.01566	0.01066	0.01210	0.00718	0.00829	0.00659	0.00444	0.00337	0.00111	0.00570	0.00278	0.00222	0.00655
85	0.85592	0.00992	0.00754	0.00675	0.00992	0.01151	0.00556	0.01508	0.00873	0.02302	0.00714	0.00834	0.00556	0.00476	0.00318	0.00159	0.00397	0.00278	0.00318	0.00556
86	0.01200	0.14102	0.49589	0.05891	0.02035	0.11051	0.01547	0.01708	0.05443	0.01529	0.00940	0.01089	0.00706	0.00499	0.00465	0.00152	0.00724	0.00374	0.00241	0.00716
87	0.00797	0.00572	0.00774	0.06915	0.01014	0.00556	0.00580	0.02207	0.01386	0.03880	0.60696	0.10558	0.04190	0.01049	0.00601	0.00168	0.00297	0.02731	0.00529	0.00500
88	0.00606	0.00520	0.00520	0.00520	0.00693	0.00433	0.00390	0.00736	0.01170	0.01386	0.05198	0.04938	0.78558	0.01299	0.00606	0.00173	0.00260	0.01083	0.00476	0.00433
89	0.00969	0.00912	0.01539	0.80734	0.03534	0.01140	0.01425	0.01311	0.01026	0.01311	0.00912	0.01368	0.00684	0.00513	0.00513	0.00171	0.00684	0.00456	0.00228	0.00570
90	0.00640	0.00460	0.00607	0.00705	0.00750	0.00428	0.00480	0.00750	0.01046	0.01403	0.11786	0.69231	0.05617	0.01531	0.00649	0.00202	0.00293	0.02510	0.00487	0.00426
91	0.01642	0.01429	0.01414	0.01163	0.01493	0.16724	0.05241	0.28884	0.19201	0.06771	0.09343	0.01634	0.01416	0.00652	0.00520	0.00156	0.00576	0.00523	0.00464	0.00754
92	0.00671	0.00510	0.00621	0.00648	0.00765	0.00461	0.00483	0.00837	0.01217	0.01599	0.28028	0.23123	0.29411	0.01304	0.00628	0.00184	0.00284	0.08273	0.00505	0.00449
93	0.01064	0.00912	0.01064	0.00760	0.01216	0.00684	0.00608	0.01292	0.01064	0.01672	0.00912	0.01064	0.00760	0.00380	0.00380	0.00076	0.00380	0.00304	0.00304	0.85104
94	0.01222	0.01167	0.02110	0.01521	0.01999	0.01038	0.40828	0.01611	0.04621	0.06129	0.01095	0.01310	0.00835	0.00437	0.00513	0.00136	0.00640	0.00487	0.00309	0.31990
95	0.00641	0.00458	0.00613	0.00732	0.00769	0.00430	0.00504	0.00742	0.00998	0.01327	0.02819	0.75723	0.03359	0.01593	0.00659	0.00211	0.00311	0.07214	0.00476	0.00421
96	0.01276	0.01102	0.01160	0.01044	0.01334	0.01276	0.00812	0.02727	0.77840	0.02146	0.02088	0.01914	0.01566	0.00696	0.00522	0.00174	0.00406	0.00580	0.00522	0.00812
97	0.06568	0.01413	0.05077	0.01218	0.01643	0.01456	0.06889	0.56066	0.04232	0.08416	0.01255	0.01271	0.00886	0.00592	0.00509	0.00157	0.00574	0.00466	0.00478	0.00834
98	0.01210	0.44688	0.38860	0.01154	0.01744	0.01634	0.01358	0.01578	0.01062	0.01404	0.00811	0.00946	0.00654	0.00462	0.00404	0.00135	0.00648	0.00324	0.00218	0.00706
99	0.00969	0.00912	0.01539	0.80734	0.03534	0.01140	0.01425	0.01311	0.01026	0.01311	0.00912	0.01368	0.00684	0.00513	0.00513	0.00171	0.00684	0.00456	0.00228	0.00570
100	0.00969	0.00912	0.01539	0.80734	0.03534	0.01140	0.01425	0.01311	0.01026	0.01311	0.00912	0.01368	0.00684	0.00513	0.00513	0.00171	0.00684	0.00456	0.00228	0.00570
101	0.01270	0.01219	0.02083	0.03149	0.78767	0.01219	0.01575	0.01575	0.01168	0.01676	0.00965	0.01270	0.00813	0.00457	0.00508	0.00152	0.00610	0.00457	0.00254	0.00813
102	0.01085	0.15703	0.66752	0.01367	0.02073	0.01329	0.01729	0.01610	0.01077	0.01556	0.00887	0.01041	0.00651	0.00480	0.00462	0.00154	0.00724	0.00362	0.00217	0.00742
103	0.00650	0.00463	0.00619	0.00735	0.00774	0.00437	0.00509	0.00752	0.00998	0.01326	0.02786	0.71576	0.03308	0.03612	0.00710	0.00219	0.00321	0.09312	0.00472	0.00420
104	0.01722	0.01125	0.01272	0.01031	0.01368	0.01199	0.00830	0.38261	0.14519	0.18359	0.06033	0.08900	0.01521	0.00748	0.00533	0.00164	0.00470	0.00609	0.00539	0.00799
105	0.01270	0.01219	0.02083	0.03149	0.78767	0.01219	0.01575	0.01575	0.01168	0.01676	0.00965	0.01270	0.00813	0.00457	0.00508	0.00152	0.00610	0.00457	0.00254	0.00813
106	0.00823	0.00684	0.00907	0.00827	0.01008	0.00670	0.06489	0.01244	0.14575	0.01763	0.28727	0.13722	0.20880	0.01088	0.00602	0.00177	0.00341	0.04440	0.00497	0.00536
107	0.00719	0.00524	0.00677	0.00638	0.00762	0.00481	0.00479	0.00955	0.01436	0.02020	0.74368	0.03895	0.08993	0.01063	0.00605	0.00162	0.00243	0.00937	0.00560	0.00481
108	0.06891	0.01043	0.01267	0.00977	0.01373	0.01019	0.00807	0.24037	0.01708	0.52817	0.01721	0.01546	0.01115	0.00621	0.00504	0.00157	0.00471	0.00487	0.00582	0.00855
109	0.01262	0.01211	0.02069	0.05104	0.76871	0.01217	0.01571	0.01568	0.01165	0.01667	0.00964	0.01272	0.00810	0.00459	0.00508	0.00153	0.00611	0.00457	0.00253	0.00807
110	0.00925	0.00913	0.01794	0.01435	0.01709	0.00858	0.37598	0.01193	0.01109	0.01489	0.01951	0.36774	0.02090	0.01022	0.00635	0.00193	0.00587	0.06799	0.00371	0.00555
111	0.05796	0.01014	0.01223	0.00968	0.01342	0.01007	0.00791	0.16466	0.13641	0.47899	0.03211	0.01673	0.01275	0.00641	0.00509	0.00160	0.00451	0.00513	0.00579	0.00842
112	0.01029	0.02654	0.79309	0.01462	0.02221	0.01192	0.01896	0.01625	0.01083	0.01625	0.00921	0.01083	0.00650	0.00487	0.00487	0.00162	0.00758	0.00379	0.00217	0.00758
113	0.01123	0.24422	0.58362	0.01303	0.01974	0.01421	0.01618	0.01601	0.01072	0.01511	0.00864	0.01012	0.00652	0.00474	0.00444	0.00148	0.00701	0.00351	0.00217	0.00731
114	0.85592	0.00992	0.00754	0.00675	0.00992	0.01151	0.00556	0.01508	0.00873	0.02302	0.00714	0.00834	0.00556	0.00476	0.00318	0.00159	0.00397	0.00278	0.00318	0.00556
115	0.01253	0.01202	0.02052	0.07519	0.74529	0.01215	0.01566	0.01560	0.01160	0.01656	0.00962	0.01275	0.00806	0.00460	0.00508	0.00153	0.00614	0.00457	0.00253	0.00799
116	0.00719	0.00524	0.00677	0.00638	0.00762	0.00481	0.00479	0.00955	0.01436	0.02020	0.74368	0.03895	0.08993	0.01063	0.00605	0.00162	0.00243	0.00937	0.00560	0.00481
117	0.02302	0.00873	0.01191	0.00913	0.01310	0.00754	0.00754	0.02501	0.01469	0.79122	0.02024	0.01746	0.01270	0.00635	0.00516	0.00159	0.00437	0.00516	0.00635	0.00873
118	0.00634	0.00494	0.00576	0.00612	0.00724	0.00436	0.00438	0.00770	0.01153	0.01478	0.17378	0.32211	0.38534	0.01365	0.00624	0.00184	0.00270	0.01190	0.00492	0.00436
119	0.00969	0.00912	0.01539	0.80734	0.03534	0.01140	0.01425	0.01311	0.01026	0.01311	0.00912	0.01368	0.00684	0.00513	0.00513	0.00171	0.00684	0.00456	0.00228	0.00570
120	0.01917	0.02445	0.01454	0.01322	0.01586	0.79907	0.00991	0.02049	0.01454	0.01256	0.00793	0.00925	0.00661	0.00529	0.00463	0.00132	0.00925	0.00330	0.00264	0.00595
121	0.00644	0.00521	0.00572	0.00559	0.00716	0.00449	0.00419	0.00809	0.01258	0.01597	0.28169	0.04592	0.55456	0.01221	0.00606	0.00170	0.00254	0.01034	0.00504	0.00449
122	0.00969	0.00912	0.01539	0.80734	0.03534	0.01140	0.01425	0.01311	0.01026	0.01311	0.00912	0.01368	0.00684	0.00513	0.00513	0.00171	0.00684	0.00456	0.00228	0.00570
123	0.00992	0.00936	0.01581	0.74689	0.09396	0.01146	0.01437	0.01332	0.01037	0.01339	0.00916	0.01360	0.00694	0.00509	0.00513	0.00170	0.00678	0.00456	0.00230	0.00589
124	0.01372	0.82276	0.02689	0.00878	0.01317	0.02030	0.00878	0.01536	0.01043	0.01207	0.00713	0.00823	0.00658	0.00439	0.00329	0.00110	0.00549	0.00274	0.00219	0.00658
125	0.02255	0.00924	0.01219	0.00938	0.01334	0.00833	0.00774	0.08744	0.02887	0.71420	0.01959	0.01706	0.01242	0.00635	0.00516	0.00159	0.00447	0.00513	0.00623	0.00872
126	0.00654	0.00504	0.00605	0.00673	0.00780	0.00455	0.00503	0.00787	0.01098	0.01383	0.03818	0.35258	0.35354	0.01442	0.00644	0.00198	0.00313	0.14622	0.00476	0.00434
127	0.01270	0.01219	0.02083	0.03149	0.78767	0.01219	0.01575	0.01575	0.01168	0.01676	0.00965	0.01270	0.00813	0.00457	0.00508	0.00152	0.00610	0.00457	0.00254	0.00813
128	0.02078	0.01031	0.01376	0.01266	0.11762	0.00985	0.00907	0.16510	0.03000	0.52940	0.01733	0.01588	0.01139	0.00609	0.00515	0.00157	0.00484	0.00499	0.00559	0.00864
129	0.00730	0.00539	0.00767	0.00767	0.00860	0.00600	0.00585	0.00904	0.00899	0.01281	0.07654	0.03955	0.06075	0.07751	0.61108	0.00686	0.01121	0.00637	0.02632	0.00450
130	0.01161	0.33257	0.49860	0.01238	0.01873	0.01514	0.01505	0.01591	0.01068	0.01464	0.00841	0.00983	0.00653	0.00469	0.00427	0.00142	0.00678	0.00339	0.00218	0.00720
131	0.01270	0.01219	0.02083	0.03149	0.78767	0.01219	0.01575	0.01575	0.01168	0.01676	0.00965	0.01270	0.00813	0.00457	0.00508	0.00152	0.00610	0.00457	0.00254	0.00813
132	0.00664	0.00487	0.00670	0.05320	0.00924	0.00473	0.00551	0.00788	0.01033	0.01381	0.08608	0.66687	0.03326	0.01490	0.00646	0.00204	0.00325	0.05519	0.00469	0.00434
133	0.01044	0.02551	0.73093	0.01520	0.02258	0.01200	0.08008	0.01626	0.01094	0.01626	0.00930	0.01108	0.00660	0.00483	0.00497	0.00163	0.00767	0.00398	0.00220	0.00753

[dist]
# distance from previous block
# <min> <max>
0	4

[block]
# block no. 4 follows, 48 sequences, length 13
# corresponding to MSA columns:
# 317-329
name=unknown_E
#
# <colnr> <probs for GDERKNQSTAVLIFYWHMCP>
#	G	D	E	R	K	N	Q	S	T	A	V	L	I	F	Y	W	H	M	C	P
0	0.00623	0.00455	0.00587	0.00692	0.00738	0.00419	0.00466	0.00717	0.01004	0.01319	0.03104	0.72694	0.12154	0.01572	0.00649	0.00204	0.00293	0.01415	0.00476	0.00419
1	0.24527	0.01250	0.01266	0.00990	0.01381	0.01356	0.00815	0.46896	0.01823	0.02782	0.01051	0.01102	0.00772	0.00548	0.00443	0.00145	0.00496	0.00392	0.00433	0.11533
2	0.01098	0.02421	0.66234	0.01666	0.11961	0.01212	0.01817	0.04744	0.01149	0.01698	0.00939	0.01113	0.00680	0.00489	0.00491	0.00161	0.00731	0.00393	0.00234	0.00770
3	0.01372	0.82276	0.02689	0.00878	0.01317	0.02030	0.00878	0.01536	0.01043	0.01207	0.00713	0.00823	0.00658	0.00439	0.00329	0.00110	0.00549	0.00274	0.00219	0.00658
4	0.01476	0.12481	0.22644	0.01227	0.01641	0.39360	0.01166	0.01782	0.03827	0.01390	0.01229	0.01323	0.07190	0.00576	0.00466	0.00142	0.00759	0.00408	0.00272	0.00641
5	0.00790	0.00646	0.00924	0.10290	0.11026	0.00637	0.00717	0.01012	0.01253	0.01707	0.37031	0.14895	0.15034	0.01032	0.00590	0.00170	0.00351	0.00915	0.00459	0.00518
6	0.01402	0.01137	0.01894	0.10014	0.59790	0.01140	0.01434	0.01693	0.01202	0.13625	0.01124	0.01353	0.00872	0.00490	0.00510	0.00155	0.00590	0.00466	0.00311	0.00800
7	0.01475	0.59350	0.02404	0.01234	0.13299	0.01742	0.00970	0.01665	0.01116	0.11220	0.00920	0.01010	0.00760	0.00467	0.00381	0.00123	0.00544	0.00333	0.00278	0.00710
8	0.00653	0.00466	0.00624	0.00723	0.00760	0.00451	0.00494	0.00751	0.00958	0.01284	0.02594	0.64879	0.03060	0.08052	0.08178	0.00289	0.00421	0.04505	0.00445	0.00415
9	0.01546	0.01796	0.27827	0.01572	0.13735	0.01373	0.01371	0.37626	0.01743	0.04817	0.01110	0.01204	0.00801	0.00549	0.00504	0.00157	0.00633	0.00435	0.00377	0.00825
10	0.05620	0.31965	0.01999	0.01357	0.14427	0.04015	0.01003	0.24085	0.01509	0.07986	0.01014	0.01095	0.00791	0.00514	0.00432	0.00137	0.00559	0.00382	0.00351	0.00758
11	0.01561	0.52737	0.02194	0.00944	0.01360	0.01744	0.00872	0.13444	0.08442	0.10689	0.01074	0.01095	0.00847	0.00513	0.00397	0.00128	0.00525	0.00360	0.00342	0.00731
12	0.00674	0.00499	0.00636	0.00700	0.00789	0.00461	0.00516	0.00826	0.01146	0.01516	0.19102	0.39382	0.17562	0.01404	0.00644	0.00196	0.00306	0.12704	0.00494	0.00443

[dist]
# distance from previous block
# <min> <max>
0	23

[block]
# block no. 5 follows, 48 sequences, length 25
# corresponding to MSA columns:
# 353-377
name=unknown_F
#
# <colnr> <probs for GDERKNQSTAVLIFYWHMCP>
#	G	D	E	R	K	N	Q	S	T	A	V	L	I	F	Y	W	H	M	C	P
0	0.01191	0.01524	0.11445	0.02085	0.02631	0.01286	0.68626	0.01642	0.01197	0.01642	0.01025	0.01351	0.00764	0.00439	0.00593	0.00172	0.00853	0.00581	0.00255	0.00699
1	0.01252	0.10288	0.09188	0.04476	0.61552	0.01304	0.01524	0.01569	0.01144	0.01612	0.00932	0.01206	0.00778	0.00459	0.00486	0.00149	0.00618	0.00430	0.00246	0.00785
2	0.00687	0.00490	0.00652	0.00716	0.00787	0.00460	0.00519	0.00834	0.01147	0.01558	0.26016	0.44870	0.05299	0.01411	0.00679	0.02300	0.00305	0.10333	0.00497	0.00440
3	0.01198	0.01031	0.01087	0.00984	0.01258	0.01175	0.00763	0.02490	0.68476	0.02072	0.04479	0.02254	0.08955	0.00763	0.00532	0.00174	0.00388	0.00637	0.00519	0.00767
4	0.01485	0.66067	0.02449	0.00952	0.01372	0.09092	0.00899	0.09917	0.01231	0.01435	0.00778	0.00878	0.00682	0.00467	0.00362	0.00117	0.00585	0.00300	0.00256	0.00676
5	0.05772	0.10806	0.43055	0.01270	0.05179	0.01162	0.01377	0.01667	0.04514	0.10183	0.03438	0.05904	0.02314	0.00599	0.00481	0.00159	0.00609	0.00478	0.00313	0.00721
6	0.00733	0.00550	0.00825	0.00825	0.00916	0.00641	0.00641	0.00916	0.00825	0.01191	0.01374	0.02016	0.01283	0.03848	0.79934	0.00825	0.01374	0.00550	0.00275	0.00458
7	0.00770	0.00560	0.00748	0.00796	0.00920	0.00537	0.00660	0.01000	0.01284	0.01722	0.31816	0.04972	0.09895	0.01267	0.00661	0.00203	0.00367	0.40841	0.00508	0.00474
8	0.01364	0.01188	0.02001	0.02945	0.71695	0.01177	0.01500	0.01659	0.01196	0.08747	0.01062	0.01313	0.00855	0.00473	0.00509	0.00153	0.00594	0.00463	0.00289	0.00818
9	0.01325	0.01232	0.02020	0.04819	0.69927	0.01251	0.01516	0.08460	0.01279	0.01810	0.00988	0.01269	0.00815	0.00473	0.00509	0.00153	0.00607	0.00458	0.00277	0.00812
10	0.00645	0.00512	0.00579	0.00581	0.00721	0.00447	0.00429	0.00803	0.01232	0.01579	0.26926	0.13831	0.47378	0.01261	0.00612	0.00174	0.00259	0.01082	0.00503	0.00447
11	0.01278	0.60475	0.23668	0.01038	0.01564	0.01801	0.01157	0.01561	0.01054	0.01322	0.00770	0.00894	0.00656	0.00452	0.00373	0.00124	0.00606	0.00303	0.00219	0.00686
12	0.02730	0.06114	0.20367	0.01111	0.01566	0.01212	0.01082	0.19282	0.15568	0.18960	0.04597	0.01562	0.02300	0.00619	0.00501	0.00159	0.00534	0.00490	0.00451	0.00795
13	0.00834	0.00544	0.00664	0.00676	0.00820	0.00485	0.00508	0.00982	0.01180	0.10031	0.12124	0.27379	0.32117	0.01301	0.00621	0.00187	0.00309	0.08249	0.00503	0.00486
14	0.01154	0.00822	0.01278	0.01054	0.01283	0.00827	0.15478	0.03344	0.09539	0.13005	0.01645	0.07622	0.01471	0.18042	0.17003	0.00369	0.00704	0.00657	0.04119	0.00582
15	0.01384	0.01181	0.01984	0.02903	0.70219	0.01168	0.01484	0.01677	0.01201	0.10222	0.01082	0.01323	0.00863	0.00477	0.00509	0.00153	0.00590	0.00464	0.00296	0.00819
16	0.01505	0.01316	0.04640	0.01788	0.02278	0.01206	0.51716	0.08710	0.01372	0.18223	0.01262	0.01439	0.00888	0.00494	0.00575	0.00168	0.00744	0.00567	0.00361	0.00749
17	0.01270	0.01219	0.02083	0.03149	0.78767	0.01219	0.01575	0.01575	0.01168	0.01676	0.00965	0.01270	0.00813	0.00457	0.00508	0.00152	0.00610	0.00457	0.00254	0.00813
18	0.01233	0.04066	0.57560	0.01382	0.02024	0.08445	0.01629	0.10048	0.05650	0.01790	0.01006	0.01127	0.00728	0.00516	0.00487	0.00158	0.00728	0.00393	0.00271	0.00757
19	0.01355	0.06002	0.11382	0.02480	0.49646	0.01218	0.08365	0.01687	0.01188	0.10186	0.01069	0.01285	0.00832	0.00477	0.00505	0.00154	0.00628	0.00457	0.00290	0.00793
20	0.01023	0.06053	0.70216	0.01377	0.02076	0.01178	0.01748	0.01574	0.01108	0.01638	0.06510	0.01270	0.00953	0.00526	0.00489	0.00160	0.00712	0.00414	0.00242	0.00734
21	0.00695	0.00550	0.00667	0.03035	0.00862	0.03547	0.00526	0.00809	0.01038	0.01360	0.08052	0.64658	0.06594	0.01555	0.03271	0.00220	0.00363	0.01302	0.00460	0.00435
22	0.00966	0.00743	0.00927	0.00914	0.01063	0.00784	0.02158	0.12113	0.10410	0.01745	0.02470	0.36460	0.05500	0.01255	0.00662	0.00201	0.03079	0.17523	0.00474	0.00553
23	0.01297	0.01203	0.01830	0.02297	0.44112	0.01260	0.07161	0.05215	0.26379	0.01895	0.01351	0.01489	0.01060	0.00541	0.00520	0.00161	0.00561	0.00509	0.00354	0.00806
24	0.00753	0.00561	0.00722	0.03772	0.00890	0.00533	0.00525	0.03138	0.01409	0.01954	0.61716	0.08217	0.11728	0.01072	0.00602	0.00165	0.00274	0.00942	0.00536	0.00490

[dist]
# distance from previous block
# <min> <max>
0	35

# created by:
# /st0/software/busco_prod/Augustus/scripts/msa2prfl.pl ./align_prep/208706.fa
