[name]
unknown

[dist]
# distance from previous block
# <min> <max>
4	112

[block]
# block no. 0 follows, 51 sequences, length 52
# corresponding to MSA columns:
# 142-193
name=unknown_A
#
# <colnr> <probs for GDERKNQSTAVLIFYWHMCP>
#	G	D	E	R	K	N	Q	S	T	A	V	L	I	F	Y	W	H	M	C	P
0	0.16825	0.08567	0.08724	0.01076	0.03121	0.01136	0.10192	0.11273	0.09537	0.08208	0.04151	0.02957	0.02249	0.01917	0.00480	0.00151	0.00498	0.00457	0.01345	0.07136
1	0.05925	0.06015	0.06861	0.01399	0.10711	0.21830	0.07232	0.18007	0.02577	0.12124	0.01085	0.02163	0.00818	0.00527	0.00467	0.00143	0.00641	0.00417	0.00352	0.00706
2	0.10873	0.05721	0.14499	0.13778	0.02684	0.08111	0.01048	0.15750	0.01281	0.08009	0.01038	0.03290	0.00814	0.02155	0.00534	0.00155	0.03878	0.00415	0.01552	0.04415
3	0.01517	0.01177	0.01364	0.04156	0.04822	0.01291	0.00902	0.48144	0.02937	0.02449	0.02601	0.05943	0.01028	0.01699	0.00616	0.00154	0.08037	0.00493	0.00419	0.10251
4	0.04108	0.13029	0.04083	0.01241	0.12996	0.05651	0.04589	0.08580	0.01186	0.04601	0.00990	0.04365	0.00838	0.00478	0.00419	0.00116	0.00500	0.00393	0.00303	0.31534
5	0.01309	0.02224	0.01076	0.02819	0.01176	0.02097	0.00709	0.12835	0.02207	0.18642	0.01643	0.16933	0.03468	0.02740	0.05072	0.00196	0.08597	0.00633	0.01504	0.14120
6	0.00820	0.00551	0.00678	0.00623	0.00780	0.00500	0.00475	0.03009	0.01350	0.08159	0.52732	0.03705	0.22713	0.01021	0.00571	0.00157	0.00259	0.00882	0.00524	0.00492
7	0.08705	0.02793	0.10893	0.01313	0.08317	0.04241	0.09592	0.16636	0.08490	0.22145	0.01305	0.01319	0.00917	0.00537	0.00479	0.00152	0.00553	0.00449	0.00410	0.00754
8	0.02638	0.10214	0.01913	0.33573	0.17958	0.01254	0.13859	0.01420	0.02110	0.02821	0.00896	0.01222	0.00711	0.00492	0.00568	0.00158	0.06883	0.00440	0.00240	0.00629
9	0.00967	0.00548	0.00723	0.00674	0.00821	0.00499	0.00506	0.01162	0.01289	0.16468	0.46312	0.19272	0.03585	0.01023	0.00564	0.00162	0.00278	0.00902	0.03725	0.00520
10	0.01087	0.00931	0.01564	0.59502	0.17022	0.01078	0.02574	0.01399	0.01045	0.07700	0.00971	0.01323	0.00724	0.00490	0.00492	0.00160	0.00626	0.00444	0.00255	0.00613
11	0.01240	0.01255	0.08023	0.09691	0.47363	0.07520	0.01315	0.01532	0.01129	0.05698	0.01043	0.01325	0.00839	0.00485	0.00472	0.00145	0.00583	0.01480	0.08158	0.00704
12	0.00624	0.00446	0.00599	0.00713	0.00753	0.00421	0.00500	0.00728	0.00966	0.01283	0.02695	0.72348	0.03195	0.01516	0.00634	0.00203	0.00307	0.11209	0.00456	0.00406
13	0.00616	0.00443	0.00588	0.00697	0.00739	0.00415	0.00484	0.00716	0.00966	0.01278	0.02793	0.72070	0.06365	0.01511	0.00630	0.00201	0.00299	0.08329	0.00456	0.00405
14	0.08720	0.00668	0.00794	0.00746	0.00800	0.02073	0.00538	0.00927	0.00765	0.01167	0.01245	0.02273	0.01319	0.40761	0.19283	0.00458	0.15050	0.00571	0.01442	0.00400
15	0.00957	0.00905	0.01517	0.72114	0.09480	0.01114	0.01365	0.01273	0.00985	0.01281	0.00869	0.01294	0.00665	0.00501	0.00534	0.00164	0.03761	0.00437	0.00220	0.00564
16	0.01028	0.01125	0.08958	0.53547	0.13863	0.01136	0.07673	0.04228	0.01071	0.01428	0.00903	0.01268	0.00684	0.00479	0.00496	0.00160	0.00662	0.00442	0.00234	0.00616
17	0.00756	0.00528	0.00689	0.00770	0.00868	0.00518	0.00631	0.00936	0.01058	0.01409	0.02633	0.11787	0.09725	0.10402	0.00842	0.00237	0.00403	0.48061	0.07318	0.00427
18	0.00752	0.00625	0.00962	0.22319	0.09900	0.00665	0.00809	0.00924	0.00971	0.01292	0.02032	0.52241	0.02298	0.01144	0.00576	0.00184	0.00415	0.01040	0.00370	0.00479
19	0.00660	0.00501	0.00608	0.00581	0.00712	0.00449	0.00436	0.00858	0.01307	0.01771	0.56317	0.03999	0.27849	0.01079	0.00580	0.00158	0.00237	0.00935	0.00515	0.00449
20	0.61935	0.01013	0.01060	0.01021	0.08413	0.01133	0.06912	0.01591	0.09607	0.02082	0.00879	0.00996	0.00681	0.00475	0.00365	0.00154	0.00436	0.00340	0.00316	0.00593
21	0.00710	0.00506	0.00616	0.00598	0.00731	0.00451	0.00445	0.00889	0.01255	0.04860	0.44017	0.12733	0.28129	0.01125	0.00582	0.00163	0.00251	0.00977	0.00507	0.00456
22	0.01370	0.01409	0.06171	0.04726	0.25841	0.18943	0.01098	0.11101	0.05474	0.04707	0.12914	0.01553	0.01379	0.00580	0.00492	0.00146	0.00588	0.00483	0.00346	0.00681
23	0.01376	0.73892	0.02452	0.00873	0.01291	0.01897	0.00851	0.10034	0.01145	0.01373	0.00739	0.00832	0.00654	0.00439	0.00335	0.00110	0.00527	0.00283	0.00242	0.00654
24	0.86201	0.00950	0.00722	0.00646	0.00950	0.01102	0.00532	0.01445	0.00836	0.02205	0.00684	0.00798	0.00532	0.00456	0.00304	0.00152	0.00380	0.00266	0.00304	0.00532
25	0.00928	0.00873	0.01474	0.81548	0.03385	0.01092	0.01365	0.01256	0.00983	0.01256	0.00873	0.01310	0.00655	0.00491	0.00491	0.00164	0.00655	0.00437	0.00218	0.00546
26	0.00696	0.00491	0.00594	0.00583	0.00639	0.00482	0.00385	0.00792	0.00951	0.01295	0.24048	0.03342	0.09252	0.44091	0.09975	0.00390	0.00475	0.00773	0.00377	0.00370
27	0.00692	0.00467	0.00543	0.00565	0.00570	0.00462	0.00328	0.00709	0.00758	0.01011	0.01772	0.18485	0.02069	0.67075	0.02140	0.00423	0.00440	0.00846	0.00328	0.00317
28	0.00717	0.00731	0.09553	0.00788	0.00935	0.00563	0.00662	0.00962	0.04251	0.01528	0.22670	0.41154	0.03176	0.01217	0.00610	0.00184	0.01481	0.07892	0.00449	0.00475
29	0.86201	0.00950	0.00722	0.00646	0.00950	0.01102	0.00532	0.01445	0.00836	0.02205	0.00684	0.00798	0.00532	0.00456	0.00304	0.00152	0.00380	0.00266	0.00304	0.00532
30	0.03516	0.16918	0.01471	0.08582	0.08185	0.10841	0.00878	0.09755	0.12555	0.05434	0.02347	0.14807	0.01308	0.00697	0.00471	0.00150	0.00515	0.00571	0.00358	0.00638
31	0.00710	0.00474	0.00537	0.00542	0.00543	0.00473	0.00304	0.00713	0.00724	0.00965	0.01596	0.06437	0.01846	0.79427	0.02425	0.00465	0.00469	0.00742	0.00304	0.00302
32	0.01050	0.01108	0.08588	0.01145	0.01291	0.01244	0.00997	0.05413	0.11790	0.01432	0.01028	0.01365	0.00897	0.01382	0.18105	0.00321	0.41520	0.00463	0.00279	0.00583
33	0.00916	0.00458	0.00458	0.00458	0.00573	0.00458	0.00344	0.01145	0.01031	0.01832	0.01603	0.01832	0.01260	0.00573	0.00344	0.00115	0.00229	0.00458	0.85457	0.00458
34	0.00621	0.00482	0.00582	0.00625	0.00730	0.00442	0.00460	0.00753	0.01051	0.01344	0.09277	0.30360	0.35794	0.01559	0.08036	0.00238	0.00373	0.06410	0.00444	0.00418
35	0.01314	0.83025	0.02575	0.00841	0.01261	0.01945	0.00841	0.01472	0.00999	0.01156	0.00683	0.00788	0.00631	0.00420	0.00315	0.00105	0.00526	0.00263	0.00210	0.00631
36	0.01199	0.01150	0.01964	0.07651	0.75162	0.01163	0.01500	0.01493	0.01111	0.01585	0.00921	0.01222	0.00771	0.00441	0.00487	0.00147	0.00588	0.00438	0.00242	0.00765
37	0.01146	0.01424	0.09157	0.02017	0.02533	0.01235	0.71721	0.01573	0.01150	0.01573	0.00985	0.01302	0.00736	0.00419	0.00571	0.00165	0.00820	0.00562	0.00245	0.00668
38	0.86201	0.00950	0.00722	0.00646	0.00950	0.01102	0.00532	0.01445	0.00836	0.02205	0.00684	0.00798	0.00532	0.00456	0.00304	0.00152	0.00380	0.00266	0.00304	0.00532
39	0.01836	0.02342	0.01393	0.01266	0.01519	0.80756	0.00950	0.01962	0.01393	0.01203	0.00760	0.00886	0.00633	0.00506	0.00443	0.00127	0.00886	0.00317	0.00253	0.00570
40	0.00581	0.00498	0.00498	0.00498	0.00664	0.00415	0.00373	0.00705	0.01120	0.01328	0.04978	0.04729	0.79464	0.01245	0.00581	0.00166	0.00249	0.01037	0.00456	0.00415
41	0.00584	0.00486	0.00510	0.00530	0.00672	0.00412	0.00388	0.00702	0.01089	0.01315	0.04589	0.18056	0.66389	0.01295	0.00589	0.00172	0.00255	0.01099	0.00456	0.00412
42	0.00617	0.00440	0.00591	0.00705	0.00741	0.00415	0.00487	0.00715	0.00959	0.01275	0.02699	0.75285	0.03211	0.01523	0.00632	0.00202	0.00301	0.08344	0.00456	0.00404
43	0.01188	0.01353	0.09576	0.01706	0.02160	0.01209	0.49307	0.10148	0.07529	0.01744	0.01114	0.01376	0.00847	0.00742	0.07481	0.00217	0.00793	0.00538	0.00294	0.00678
44	0.01414	0.67468	0.02347	0.00923	0.01311	0.17140	0.00862	0.01566	0.01075	0.01165	0.00698	0.00807	0.00631	0.00437	0.00340	0.00109	0.00595	0.00273	0.00219	0.00619
45	0.01804	0.00942	0.01140	0.00933	0.01273	0.00948	0.00752	0.05081	0.32089	0.46479	0.01937	0.01719	0.01316	0.00631	0.00496	0.00158	0.00411	0.00517	0.00561	0.00813
46	0.00706	0.00517	0.00670	0.00672	0.00778	0.00498	0.00510	0.00924	0.02941	0.01672	0.44734	0.10898	0.08631	0.06148	0.07202	0.00240	0.00373	0.10961	0.00478	0.00448
47	0.01067	0.02434	0.72889	0.01376	0.02071	0.01177	0.01734	0.08643	0.01156	0.01699	0.00910	0.01051	0.00642	0.00478	0.00469	0.00155	0.00709	0.00370	0.00234	0.00736
48	0.00850	0.00735	0.01171	0.01019	0.01171	0.00825	0.12183	0.01153	0.08063	0.01278	0.01297	0.01873	0.01182	0.09507	0.48198	0.00565	0.07603	0.00546	0.00282	0.00500
49	0.00900	0.00802	0.01252	0.55217	0.02592	0.00959	0.01126	0.01289	0.08225	0.01389	0.05924	0.09424	0.01387	0.00706	0.00525	0.00172	0.00554	0.06711	0.00305	0.00541
50	0.01531	0.01300	0.01520	0.01203	0.01550	0.07775	0.11699	0.40774	0.13168	0.02365	0.01374	0.08796	0.01125	0.00652	0.00511	0.00154	0.00559	0.00553	0.00431	0.02962
51	0.06559	0.08460	0.01066	0.00832	0.01087	0.01005	0.00663	0.03352	0.35018	0.08419	0.06689	0.08764	0.13112	0.00811	0.00500	0.00161	0.00370	0.02023	0.00461	0.00647

[dist]
# distance from previous block
# <min> <max>
1	20

[block]
# block no. 1 follows, 51 sequences, length 15
# corresponding to MSA columns:
# 233-247
name=unknown_B
#
# <colnr> <probs for GDERKNQSTAVLIFYWHMCP>
#	G	D	E	R	K	N	Q	S	T	A	V	L	I	F	Y	W	H	M	C	P
0	0.09881	0.00996	0.01261	0.01042	0.05920	0.00918	0.07931	0.05723	0.12659	0.01811	0.01053	0.01167	0.00833	0.00440	0.00412	0.00112	0.00436	0.00372	0.00328	0.46706
1	0.00924	0.00979	0.12755	0.06204	0.07046	0.00802	0.00975	0.01355	0.12315	0.02856	0.04381	0.11537	0.02046	0.01008	0.00615	0.02301	0.00481	0.30462	0.00393	0.00565
2	0.01008	0.04303	0.58954	0.01275	0.01882	0.01125	0.01537	0.01472	0.01007	0.01517	0.00853	0.01032	0.00641	0.00487	0.00555	0.00148	0.08275	0.00356	0.00221	0.13354
3	0.06502	0.01433	0.15250	0.01647	0.02060	0.01251	0.40804	0.04494	0.01083	0.01590	0.00951	0.03639	0.00772	0.00549	0.00732	0.00173	0.15659	0.00516	0.00255	0.00641
4	0.01003	0.00928	0.01448	0.58442	0.10123	0.01098	0.01255	0.01480	0.12571	0.01424	0.01046	0.01366	0.00796	0.00506	0.00486	0.00158	0.00595	0.00448	0.00266	0.04561
5	0.06025	0.00725	0.00859	0.00766	0.00920	0.00813	0.00607	0.12140	0.01184	0.04586	0.12029	0.03003	0.01574	0.02379	0.14703	0.00265	0.10433	0.00530	0.25927	0.00534
6	0.00692	0.00529	0.00753	0.12754	0.01175	0.00541	0.00661	0.00851	0.01010	0.01329	0.05190	0.48370	0.05391	0.01316	0.00615	0.00197	0.00373	0.17394	0.00423	0.00435
7	0.86201	0.00950	0.00722	0.00646	0.00950	0.01102	0.00532	0.01445	0.00836	0.02205	0.00684	0.00798	0.00532	0.00456	0.00304	0.00152	0.00380	0.00266	0.00304	0.00532
8	0.00689	0.00543	0.00829	0.00849	0.00945	0.00512	0.07781	0.00835	0.01008	0.01331	0.02638	0.55843	0.06667	0.01384	0.00631	0.00200	0.00367	0.16081	0.00436	0.00435
9	0.00618	0.00499	0.00550	0.00537	0.00687	0.00431	0.00403	0.00778	0.01209	0.01538	0.29318	0.04383	0.54994	0.01166	0.00580	0.00162	0.00243	0.00989	0.00484	0.00431
10	0.00608	0.00438	0.00563	0.00654	0.00702	0.00403	0.00442	0.00685	0.00954	0.01247	0.02960	0.67091	0.14478	0.01503	0.00680	0.04168	0.00286	0.01298	0.00445	0.00393
11	0.00606	0.00499	0.00532	0.00524	0.00679	0.00425	0.00393	0.00753	0.01179	0.01466	0.21034	0.04501	0.63323	0.01193	0.00581	0.00163	0.00245	0.01005	0.00475	0.00425
12	0.01040	0.00941	0.01299	0.00928	0.01373	0.00743	0.12083	0.01288	0.01040	0.01597	0.00891	0.01065	0.00731	0.00371	0.00396	0.00087	0.00433	0.00334	0.00285	0.73077
13	0.01684	0.01049	0.01303	0.01253	0.12935	0.02329	0.00871	0.23891	0.09542	0.27996	0.06083	0.01668	0.01293	0.05094	0.00607	0.00169	0.00475	0.00510	0.00483	0.00766
14	0.01625	0.01264	0.01676	0.05866	0.01765	0.06276	0.16877	0.32340	0.04701	0.14444	0.01245	0.02539	0.00907	0.00569	0.00551	0.00154	0.03818	0.00486	0.00414	0.02482

[dist]
# distance from previous block
# <min> <max>
0	6

[block]
# block no. 2 follows, 51 sequences, length 17
# corresponding to MSA columns:
# 254-270
name=unknown_C
#
# <colnr> <probs for GDERKNQSTAVLIFYWHMCP>
#	G	D	E	R	K	N	Q	S	T	A	V	L	I	F	Y	W	H	M	C	P
0	0.00985	0.00714	0.01021	0.00862	0.01001	0.00801	0.10800	0.01211	0.00984	0.01650	0.01304	0.01592	0.01051	0.00617	0.00664	0.00144	0.18907	0.00468	0.54721	0.00503
1	0.00967	0.00949	0.01711	0.68311	0.03249	0.01117	0.14109	0.01309	0.01012	0.01309	0.00894	0.01313	0.00670	0.00478	0.00506	0.00164	0.00684	0.00461	0.00223	0.00565
2	0.01108	0.00947	0.01265	0.01123	0.05277	0.02446	0.10955	0.12469	0.21359	0.02008	0.24229	0.03650	0.05477	0.00770	0.00542	0.00161	0.00436	0.03734	0.01406	0.00638
3	0.01578	0.01451	0.12027	0.01393	0.11930	0.01366	0.01101	0.50355	0.06370	0.02563	0.01211	0.04248	0.00929	0.00593	0.00493	0.00151	0.00553	0.00474	0.00420	0.00794
4	0.00928	0.00544	0.00572	0.00552	0.00688	0.00561	0.00418	0.01313	0.11488	0.01880	0.11981	0.02076	0.01740	0.00642	0.00396	0.00127	0.00251	0.00528	0.62813	0.00502
5	0.01034	0.01395	0.19493	0.01384	0.01634	0.01288	0.13862	0.01295	0.00884	0.01318	0.00832	0.01257	0.00741	0.05181	0.04440	0.00231	0.42463	0.00459	0.00225	0.00584
6	0.01998	0.00494	0.00631	0.00632	0.00723	0.00462	0.00451	0.00879	0.01194	0.03393	0.47363	0.24552	0.05245	0.08819	0.00767	0.00197	0.00276	0.00993	0.00492	0.00439
7	0.03375	0.40661	0.12569	0.01143	0.01584	0.01452	0.18366	0.01403	0.01052	0.01354	0.01355	0.01471	0.11209	0.00536	0.00431	0.00135	0.00580	0.00452	0.00254	0.00619
8	0.01243	0.00615	0.00713	0.00623	0.00816	0.00595	0.00487	0.06863	0.01249	0.19648	0.12065	0.02022	0.01682	0.02180	0.00460	0.00138	0.00299	0.00528	0.47206	0.00568
9	0.01504	0.01118	0.01294	0.11796	0.01617	0.01225	0.00888	0.44656	0.08322	0.05626	0.01378	0.08960	0.01132	0.03013	0.00556	0.00162	0.00503	0.00543	0.00441	0.05267
10	0.00760	0.11575	0.00891	0.00661	0.00845	0.00660	0.00526	0.00913	0.01094	0.01417	0.13617	0.20867	0.27167	0.01094	0.00544	0.00161	0.00321	0.07996	0.00419	0.08473
11	0.16182	0.14504	0.35609	0.01195	0.01668	0.05652	0.05355	0.01499	0.00985	0.01543	0.00785	0.00968	0.00618	0.00507	0.00565	0.00154	0.10990	0.00348	0.00231	0.00641
12	0.03541	0.15097	0.65696	0.01291	0.01957	0.01266	0.01625	0.01540	0.01026	0.01513	0.00845	0.00991	0.00621	0.00459	0.00438	0.00148	0.00685	0.00345	0.00211	0.00706
13	0.01134	0.01340	0.12454	0.09191	0.07471	0.03688	0.35400	0.04698	0.01142	0.01611	0.01027	0.01313	0.00787	0.00484	0.00562	0.00156	0.04754	0.00490	0.11658	0.00639
14	0.00943	0.11625	0.01086	0.00856	0.01030	0.00740	0.04767	0.01111	0.01069	0.08728	0.02313	0.27420	0.06197	0.03886	0.00648	0.00197	0.00419	0.26044	0.00420	0.00500
15	0.01628	0.04258	0.01356	0.01013	0.01379	0.01285	0.00830	0.54495	0.01923	0.05811	0.01295	0.08801	0.01056	0.00643	0.00481	0.00141	0.00487	0.00507	0.00456	0.12154
16	0.00791	0.00585	0.00775	0.08365	0.01098	0.00607	0.00638	0.01095	0.11407	0.03924	0.02402	0.51197	0.02650	0.01270	0.00600	0.00194	0.00360	0.11113	0.00444	0.00485

[dist]
# distance from previous block
# <min> <max>
3	73

# created by:
# /st0/software/busco_prod/Augustus/scripts/msa2prfl.pl ./align_prep/208849.fa
