[name]
unknown

[dist]
# distance from previous block
# <min> <max>
0	45

[block]
# block no. 0 follows, 50 sequences, length 6
# corresponding to MSA columns:
# 139-144
name=unknown_A
#
# <colnr> <probs for GDERKNQSTAVLIFYWHMCP>
#	G	D	E	R	K	N	Q	S	T	A	V	L	I	F	Y	W	H	M	C	P
0	0.00905	0.00732	0.00976	0.00939	0.01113	0.00750	0.00799	0.01113	0.01058	0.01476	0.01898	0.03789	0.02000	0.01054	0.00766	0.00190	0.13624	0.45636	0.00381	0.20802
1	0.02041	0.00854	0.01137	0.00863	0.01258	0.00722	0.00710	0.02238	0.01363	0.67023	0.01791	0.01589	0.01153	0.00577	0.00480	0.00141	0.00415	0.00468	0.00565	0.14615
2	0.00632	0.00451	0.00607	0.00722	0.00762	0.00426	0.00505	0.00737	0.00979	0.01300	0.02734	0.72550	0.03243	0.01538	0.00643	0.00206	0.00310	0.10782	0.00462	0.00412
3	0.00755	0.00465	0.00594	0.00617	0.00626	0.00461	0.00390	0.00712	0.00755	0.01005	0.01575	0.14328	0.01785	0.41652	0.01987	0.26868	0.00438	0.04382	0.00306	0.00298
4	0.00812	0.00505	0.00723	0.00791	0.00853	0.00503	0.00626	0.00850	0.00931	0.01222	0.01936	0.10404	0.02100	0.01535	0.01190	0.34465	0.00434	0.39399	0.00362	0.00357
5	0.01218	0.38252	0.30740	0.01231	0.04786	0.01495	0.06560	0.01558	0.01060	0.04332	0.00854	0.00990	0.00677	0.00449	0.00410	0.00132	0.00621	0.00343	0.00235	0.04058

[dist]
# distance from previous block
# <min> <max>
1	18

[block]
# block no. 1 follows, 50 sequences, length 17
# corresponding to MSA columns:
# 163-171,175-179,182-184
name=unknown_B
#
# <colnr> <probs for GDERKNQSTAVLIFYWHMCP>
#	G	D	E	R	K	N	Q	S	T	A	V	L	I	F	Y	W	H	M	C	P
0	0.02949	0.13148	0.37837	0.01177	0.01646	0.09468	0.03658	0.01467	0.02965	0.01473	0.02850	0.12788	0.01235	0.00687	0.00487	0.00158	0.00624	0.04467	0.00282	0.00634
1	0.01135	0.00846	0.01014	0.00745	0.01147	0.00652	0.00591	0.01318	0.01040	0.08994	0.00987	0.01136	0.00796	0.00503	0.00509	0.06973	0.00380	0.00326	0.00320	0.70590
2	0.00904	0.01188	0.20057	0.01214	0.08330	0.02217	0.07482	0.01228	0.05963	0.01451	0.03155	0.18403	0.11851	0.00985	0.00690	0.08293	0.00506	0.05183	0.00342	0.00558
3	0.01281	0.16957	0.01415	0.00999	0.01293	0.07717	0.00820	0.03891	0.48204	0.01806	0.01708	0.01920	0.01393	0.00680	0.00483	0.00159	0.00472	0.07664	0.00425	0.00713
4	0.01189	0.17149	0.43240	0.01228	0.01799	0.01207	0.05802	0.01598	0.01097	0.09611	0.01093	0.01400	0.00861	0.00533	0.00463	0.00149	0.00634	0.05537	0.00277	0.05134
5	0.11002	0.08134	0.16470	0.05307	0.07708	0.06724	0.01121	0.28964	0.03335	0.05132	0.01026	0.01118	0.00758	0.00525	0.00455	0.00148	0.00590	0.00394	0.00354	0.00736
6	0.01144	0.14347	0.56911	0.01346	0.01992	0.01321	0.05562	0.08811	0.01176	0.01668	0.00899	0.01044	0.00660	0.00476	0.00459	0.00150	0.00694	0.00372	0.00240	0.00729
7	0.01179	0.07012	0.01529	0.14089	0.20264	0.05240	0.04859	0.08605	0.01202	0.03659	0.01528	0.05666	0.09377	0.00657	0.00568	0.00155	0.06067	0.00549	0.07164	0.00630
8	0.01785	0.09411	0.08756	0.00899	0.01315	0.00879	0.00814	0.02012	0.01277	0.49521	0.03447	0.01534	0.01143	0.02397	0.00509	0.00146	0.00454	0.00450	0.00483	0.12770
9	0.01399	0.76789	0.02506	0.00855	0.01279	0.01882	0.00844	0.01561	0.01043	0.06918	0.00786	0.00865	0.00683	0.00440	0.00333	0.00110	0.00525	0.00284	0.00243	0.00655
10	0.00748	0.00479	0.00605	0.00658	0.00711	0.00449	0.00434	0.00822	0.00936	0.06551	0.02505	0.51881	0.06732	0.22753	0.01124	0.00271	0.00347	0.01153	0.00431	0.00409
11	0.01529	0.21036	0.15309	0.01130	0.01585	0.01164	0.12401	0.01815	0.01218	0.29721	0.05636	0.01489	0.02665	0.00552	0.00472	0.00146	0.00553	0.00468	0.00388	0.00723
12	0.09002	0.00858	0.01122	0.00868	0.01247	0.00764	0.00717	0.02351	0.01380	0.73460	0.01864	0.01625	0.01178	0.00604	0.00486	0.00154	0.00421	0.00483	0.00592	0.00823
13	0.00595	0.00482	0.00528	0.00565	0.00689	0.00416	0.00405	0.00709	0.01078	0.01323	0.04319	0.29338	0.55101	0.01357	0.00604	0.00179	0.00264	0.01168	0.00463	0.00416
14	0.01583	0.01094	0.01596	0.09062	0.12734	0.04123	0.12720	0.12037	0.05163	0.26463	0.03447	0.01650	0.04814	0.00588	0.00517	0.00156	0.00555	0.00526	0.00427	0.00742
15	0.02149	0.00894	0.01176	0.00905	0.01283	0.00809	0.00746	0.10265	0.01522	0.69101	0.04463	0.01712	0.01309	0.00628	0.00504	0.00154	0.00431	0.00509	0.00602	0.00836
16	0.00601	0.00457	0.00554	0.00632	0.00707	0.00410	0.00435	0.00701	0.01014	0.01297	0.03507	0.56616	0.28348	0.01463	0.00621	0.00191	0.00277	0.01296	0.00463	0.00410

[dist]
# distance from previous block
# <min> <max>
4	13

[block]
# block no. 2 follows, 50 sequences, length 17
# corresponding to MSA columns:
# 280-283,291-303
name=unknown_C
#
# <colnr> <probs for GDERKNQSTAVLIFYWHMCP>
#	G	D	E	R	K	N	Q	S	T	A	V	L	I	F	Y	W	H	M	C	P
0	0.02236	0.00848	0.01157	0.00887	0.01272	0.00733	0.00733	0.02429	0.01427	0.79719	0.01966	0.01697	0.01234	0.00617	0.00501	0.00154	0.00424	0.00501	0.00617	0.00848
1	0.00871	0.01346	0.30432	0.09595	0.01605	0.00811	0.03438	0.01191	0.01057	0.03955	0.06521	0.14490	0.14599	0.07063	0.00689	0.00192	0.00524	0.00721	0.00334	0.00566
2	0.06893	0.02144	0.50437	0.07673	0.01978	0.13178	0.01481	0.01544	0.01082	0.01522	0.00998	0.07014	0.00826	0.00561	0.00473	0.00157	0.00699	0.00438	0.00244	0.00660
3	0.00700	0.00482	0.00628	0.00664	0.00709	0.00501	0.00455	0.00799	0.00843	0.01186	0.01867	0.27212	0.02058	0.27006	0.25900	0.00467	0.00668	0.00861	0.06604	0.00390
4	0.01220	0.01171	0.01999	0.06655	0.75882	0.01181	0.01523	0.01518	0.01129	0.01612	0.00935	0.01238	0.00784	0.00447	0.00494	0.00149	0.00595	0.00444	0.00246	0.00779
5	0.01234	0.16145	0.48528	0.01238	0.01823	0.06679	0.01437	0.01747	0.07384	0.07766	0.01029	0.01115	0.00754	0.00496	0.00450	0.00148	0.00660	0.00374	0.00271	0.00722
6	0.01106	0.03289	0.14207	0.02135	0.29020	0.01134	0.28531	0.01462	0.01113	0.01557	0.01163	0.10751	0.01045	0.00571	0.00537	0.00162	0.00666	0.00594	0.00268	0.00691
7	0.86003	0.00964	0.00733	0.00655	0.00964	0.01118	0.00540	0.01465	0.00848	0.02236	0.00694	0.00810	0.00540	0.00463	0.00308	0.00154	0.00386	0.00270	0.00308	0.00540
8	0.01862	0.02376	0.01413	0.01284	0.01541	0.80482	0.00963	0.01990	0.01413	0.01220	0.00770	0.00899	0.00642	0.00514	0.00449	0.00128	0.00899	0.00321	0.00257	0.00578
9	0.01234	0.09804	0.25804	0.05272	0.08132	0.07757	0.20249	0.07176	0.01187	0.01592	0.00901	0.01127	0.00695	0.00495	0.00572	0.00156	0.06478	0.00429	0.00250	0.00689
10	0.01202	0.00720	0.00971	0.00967	0.07309	0.00745	0.00671	0.06931	0.01086	0.18578	0.01538	0.05649	0.01365	0.18016	0.22864	0.00399	0.03648	0.00583	0.06193	0.00565
11	0.00674	0.00485	0.00638	0.00648	0.00738	0.00449	0.00468	0.00862	0.01265	0.01767	0.54788	0.28705	0.04255	0.01192	0.00603	0.00171	0.00252	0.01066	0.00521	0.00449
12	0.01172	0.01112	0.01846	0.19661	0.57560	0.01172	0.01446	0.01554	0.06608	0.01585	0.01004	0.01299	0.00815	0.00472	0.00495	0.00153	0.00594	0.00452	0.00260	0.00739
13	0.00987	0.00739	0.01126	0.01459	0.23200	0.00734	0.00911	0.01194	0.01081	0.06772	0.01942	0.12696	0.02014	0.07734	0.06646	0.00260	0.00541	0.29022	0.00383	0.00559
14	0.66358	0.00932	0.00829	0.00742	0.01019	0.01072	0.00616	0.01490	0.00913	0.08392	0.00950	0.01286	0.00790	0.00577	0.00449	0.00165	0.06171	0.06350	0.00339	0.00559
15	0.01095	0.01026	0.01725	0.14840	0.55848	0.01056	0.01348	0.01365	0.01087	0.01520	0.01200	0.13334	0.01145	0.00619	0.00516	0.00159	0.00558	0.00589	0.00275	0.00696
16	0.01386	0.01231	0.01767	0.15016	0.46465	0.07513	0.01336	0.10229	0.01294	0.07468	0.01021	0.01252	0.00797	0.00489	0.00492	0.00150	0.00611	0.00439	0.00299	0.00746

[dist]
# distance from previous block
# <min> <max>
0	10

[block]
# block no. 3 follows, 50 sequences, length 17
# corresponding to MSA columns:
# 314-330
name=unknown_D
#
# <colnr> <probs for GDERKNQSTAVLIFYWHMCP>
#	G	D	E	R	K	N	Q	S	T	A	V	L	I	F	Y	W	H	M	C	P
0	0.00936	0.00863	0.01213	0.01088	0.01114	0.01150	0.00879	0.01055	0.00785	0.01181	0.01036	0.07346	0.01066	0.06213	0.22256	0.00384	0.50137	0.00549	0.00253	0.00495
1	0.00803	0.00538	0.00762	0.00756	0.00863	0.00572	0.00575	0.00966	0.00935	0.07112	0.07814	0.14489	0.06171	0.04407	0.50171	0.00570	0.00945	0.00727	0.00356	0.00467
2	0.01467	0.01086	0.01408	0.28312	0.02116	0.02918	0.02866	0.25840	0.03210	0.12935	0.01169	0.01316	0.00841	0.00583	0.01692	0.00157	0.00573	0.00440	0.00382	0.10689
3	0.01186	0.40998	0.23160	0.01278	0.07625	0.02858	0.07263	0.01490	0.01037	0.01350	0.00840	0.01032	0.00704	0.00689	0.06385	0.00181	0.00683	0.00354	0.00223	0.00664
4	0.02224	0.00868	0.01169	0.00896	0.01282	0.00762	0.00740	0.05193	0.01460	0.76907	0.01938	0.01678	0.01220	0.00616	0.00501	0.00154	0.00429	0.00499	0.00613	0.00848
5	0.00639	0.00505	0.00576	0.00562	0.00705	0.00441	0.00420	0.00811	0.01248	0.01622	0.36515	0.06454	0.45396	0.01167	0.00590	0.00164	0.00246	0.00998	0.00499	0.00441
6	0.02616	0.41885	0.17373	0.01303	0.06005	0.03613	0.12601	0.04797	0.01111	0.01443	0.00815	0.00981	0.00672	0.00456	0.00440	0.00134	0.02489	0.00357	0.00235	0.00675
7	0.00993	0.00692	0.00836	0.00735	0.00866	0.03715	0.06600	0.02735	0.01026	0.01655	0.01431	0.01877	0.01212	0.11474	0.00794	0.00180	0.08475	0.00500	0.53724	0.00480
8	0.00712	0.00534	0.00801	0.00801	0.00890	0.00623	0.00623	0.00890	0.00801	0.01157	0.01335	0.01958	0.01246	0.03738	0.80507	0.00801	0.01335	0.00534	0.00267	0.00445
9	0.16147	0.01070	0.01078	0.00959	0.01251	0.01235	0.00754	0.06523	0.60714	0.02169	0.01749	0.01639	0.01313	0.00635	0.00472	0.00165	0.00401	0.00506	0.00472	0.00748
10	0.01077	0.01056	0.01613	0.34238	0.26731	0.06830	0.05523	0.01362	0.01088	0.01415	0.01175	0.07830	0.01075	0.00626	0.00523	0.00165	0.00624	0.06161	0.00270	0.00618
11	0.21265	0.00875	0.01060	0.00834	0.01202	0.00820	0.00689	0.02210	0.01295	0.62118	0.01677	0.01495	0.01076	0.00582	0.00457	0.00154	0.00415	0.00449	0.00547	0.00778
12	0.00595	0.00482	0.00528	0.00565	0.00689	0.00416	0.00405	0.00709	0.01079	0.01323	0.04320	0.29304	0.55134	0.01357	0.00604	0.00179	0.00264	0.01168	0.00463	0.00416
13	0.03039	0.12970	0.07861	0.01208	0.03303	0.30169	0.06864	0.03083	0.01299	0.21287	0.01161	0.03602	0.00885	0.00548	0.00462	0.00141	0.00671	0.00421	0.00349	0.00678
14	0.01270	0.01361	0.08434	0.01755	0.02225	0.02730	0.52753	0.07295	0.01296	0.07428	0.07297	0.01517	0.01100	0.00501	0.00564	0.00163	0.00733	0.00574	0.00318	0.00685
15	0.13901	0.01341	0.01683	0.01997	0.34706	0.16886	0.10259	0.01560	0.01154	0.01616	0.01111	0.01568	0.02621	0.00555	0.00487	0.00155	0.00633	0.06827	0.00281	0.00660
16	0.02797	0.00778	0.06025	0.00736	0.00974	0.00649	0.00618	0.05390	0.01307	0.21737	0.27276	0.02571	0.06042	0.07081	0.00662	0.00175	0.00355	0.00655	0.13582	0.00589

[dist]
# distance from previous block
# <min> <max>
3	10

[block]
# block no. 4 follows, 50 sequences, length 80
# corresponding to MSA columns:
# 344-423
name=unknown_E
#
# <colnr> <probs for GDERKNQSTAVLIFYWHMCP>
#	G	D	E	R	K	N	Q	S	T	A	V	L	I	F	Y	W	H	M	C	P
0	0.01596	0.06385	0.01361	0.04746	0.01432	0.01137	0.02380	0.30938	0.02746	0.18982	0.04467	0.06552	0.01269	0.00716	0.01721	0.00160	0.02260	0.02669	0.00459	0.08024
1	0.01002	0.21745	0.37708	0.04231	0.01648	0.01207	0.01252	0.01354	0.01039	0.01434	0.06234	0.13744	0.01315	0.00681	0.00508	0.00154	0.03294	0.00546	0.00273	0.00630
2	0.01494	0.01451	0.01443	0.11343	0.01753	0.24902	0.07182	0.04722	0.25252	0.09137	0.01319	0.01385	0.00992	0.00586	0.00553	0.00157	0.04816	0.00461	0.00371	0.00682
3	0.07390	0.01368	0.01446	0.01115	0.01508	0.01518	0.00921	0.72730	0.02246	0.03082	0.01164	0.01171	0.00828	0.00589	0.00486	0.00150	0.00538	0.00437	0.00486	0.00828
4	0.00756	0.00541	0.00626	0.00598	0.00763	0.00477	0.00459	0.00948	0.02414	0.06710	0.30264	0.04217	0.43783	0.01132	0.00586	0.00166	0.00269	0.04314	0.00503	0.00473
5	0.00620	0.00446	0.00575	0.00670	0.00719	0.00417	0.00456	0.00720	0.00971	0.01295	0.02899	0.68113	0.11209	0.01582	0.03741	0.00219	0.00324	0.01312	0.03300	0.00410
6	0.00726	0.00494	0.00620	0.00627	0.00664	0.00520	0.00414	0.00801	0.00783	0.01100	0.01579	0.07930	0.01703	0.47998	0.26129	0.00539	0.00716	0.00695	0.05600	0.00363
7	0.07196	0.01114	0.01291	0.00996	0.01383	0.01141	0.00822	0.37978	0.01825	0.38761	0.01525	0.01406	0.01009	0.00599	0.00488	0.00152	0.00481	0.00462	0.00542	0.00829
8	0.01862	0.02376	0.01413	0.01284	0.01541	0.80482	0.00963	0.01990	0.01413	0.01220	0.00770	0.00899	0.00642	0.00514	0.00449	0.00128	0.00899	0.00321	0.00257	0.00578
9	0.00947	0.00892	0.01506	0.79700	0.04971	0.01109	0.01387	0.01279	0.00999	0.01281	0.00887	0.01327	0.00667	0.00497	0.00498	0.00166	0.00663	0.00443	0.00222	0.00558
10	0.02213	0.00886	0.01180	0.00905	0.01291	0.00789	0.00747	0.07646	0.01490	0.74412	0.01913	0.01662	0.01207	0.00616	0.00501	0.00154	0.00433	0.00498	0.00609	0.00848
11	0.01098	0.01113	0.01654	0.01380	0.01425	0.01503	0.07955	0.01235	0.00800	0.01235	0.00686	0.01113	0.00663	0.00832	0.01542	0.00214	0.74323	0.00450	0.00221	0.00557
12	0.00959	0.00566	0.00747	0.00670	0.00832	0.00514	0.00514	0.01187	0.01414	0.14863	0.66341	0.03388	0.04129	0.00952	0.00574	0.00156	0.00266	0.00835	0.00560	0.00533
13	0.07342	0.02199	0.05024	0.01225	0.01516	0.66710	0.00962	0.01964	0.01360	0.06102	0.00844	0.00949	0.00671	0.00515	0.00445	0.00133	0.00829	0.00331	0.00280	0.00599
14	0.00607	0.00434	0.00578	0.00694	0.00723	0.00405	0.00463	0.00694	0.00954	0.01272	0.02747	0.82157	0.03297	0.01562	0.00636	0.00202	0.00289	0.01417	0.00463	0.00405
15	0.00677	0.00514	0.00728	0.00781	0.00857	0.00485	0.04266	0.02223	0.01021	0.01349	0.02763	0.64554	0.07724	0.01452	0.00633	0.00200	0.00335	0.08550	0.00453	0.00432
16	0.00607	0.00434	0.00578	0.00694	0.00723	0.00405	0.00463	0.00694	0.00954	0.01272	0.02747	0.82157	0.03297	0.01562	0.00636	0.00202	0.00289	0.01417	0.00463	0.00405
17	0.80465	0.00978	0.00817	0.00813	0.06087	0.01123	0.00604	0.01469	0.00867	0.02197	0.00710	0.00837	0.00556	0.00461	0.00321	0.00154	0.00399	0.00281	0.00304	0.00556
18	0.01862	0.02376	0.01413	0.01284	0.01541	0.80482	0.00963	0.01990	0.01413	0.01220	0.00770	0.00899	0.00642	0.00514	0.00449	0.00128	0.00899	0.00321	0.00257	0.00578
19	0.00843	0.00737	0.00895	0.00868	0.00947	0.07170	0.00663	0.00984	0.00852	0.01160	0.01353	0.08943	0.01359	0.10328	0.50066	0.00593	0.10906	0.00600	0.00281	0.00451
20	0.03362	0.00888	0.01473	0.78990	0.03363	0.01108	0.01360	0.01279	0.00992	0.01301	0.00880	0.01314	0.00661	0.00497	0.00493	0.00166	0.00657	0.00438	0.00224	0.00553
21	0.01035	0.01008	0.01583	0.63969	0.16501	0.04855	0.01390	0.01352	0.01040	0.01332	0.00889	0.01292	0.00685	0.00490	0.00495	0.00161	0.00663	0.00437	0.00228	0.00596
22	0.04055	0.00859	0.01153	0.00886	0.01270	0.00753	0.00732	0.03554	0.01428	0.76865	0.01927	0.01670	0.01213	0.00613	0.00497	0.00154	0.00425	0.00495	0.00608	0.00842
23	0.00679	0.00526	0.00708	0.00766	0.00798	0.00561	0.00543	0.00774	0.00928	0.01264	0.03973	0.62248	0.04460	0.04275	0.04582	0.00240	0.10623	0.01210	0.00419	0.00423
24	0.01208	0.12898	0.09181	0.01203	0.02998	0.03854	0.13793	0.07867	0.20446	0.03435	0.07341	0.04650	0.04738	0.00669	0.00509	0.00158	0.00537	0.03460	0.00380	0.00676
25	0.01333	0.82783	0.02612	0.00853	0.01279	0.01972	0.00853	0.01493	0.01013	0.01173	0.00693	0.00800	0.00640	0.00426	0.00320	0.00107	0.00533	0.00267	0.00213	0.00640
26	0.07669	0.00965	0.01194	0.00924	0.01305	0.00923	0.00762	0.16880	0.02822	0.58590	0.01735	0.01544	0.01118	0.00604	0.00488	0.00154	0.00445	0.00477	0.00572	0.00827
27	0.01027	0.03107	0.48491	0.01432	0.04166	0.03486	0.13253	0.01479	0.01104	0.02745	0.06207	0.08888	0.01181	0.00605	0.00512	0.00162	0.00671	0.00537	0.00271	0.00675
28	0.01278	0.17462	0.36032	0.08546	0.04010	0.01253	0.08637	0.01670	0.01113	0.13912	0.01037	0.01164	0.00748	0.00484	0.00462	0.00149	0.00647	0.00400	0.00282	0.00714
29	0.02137	0.00856	0.01134	0.00876	0.01246	0.00762	0.00721	0.06608	0.01455	0.70629	0.01902	0.01678	0.01215	0.00614	0.00492	0.00152	0.00419	0.00496	0.05784	0.00825
30	0.00709	0.00583	0.00681	0.00729	0.04442	0.00543	0.00510	0.00979	0.08227	0.01544	0.17972	0.13632	0.43023	0.01165	0.00586	0.00171	0.00289	0.03264	0.00473	0.00480
31	0.06372	0.01188	0.03792	0.25680	0.42580	0.05669	0.03610	0.01492	0.01096	0.02561	0.00912	0.01221	0.00730	0.00467	0.00483	0.00154	0.00627	0.00429	0.00248	0.00689
32	0.00634	0.00472	0.00617	0.00703	0.00739	0.00462	0.00479	0.00721	0.00946	0.01259	0.02743	0.69534	0.08059	0.05362	0.00771	0.00214	0.04120	0.01314	0.00444	0.00408
33	0.01340	0.09930	0.01126	0.00835	0.01069	0.16627	0.00664	0.18026	0.01412	0.01914	0.06352	0.03563	0.01275	0.02391	0.00468	0.00138	0.00472	0.00469	0.31343	0.00585
34	0.01180	0.04823	0.01238	0.05839	0.01405	0.02365	0.02695	0.08083	0.01171	0.04453	0.00943	0.01084	0.00755	0.00413	0.00398	0.00094	0.00435	0.00332	0.00314	0.61979
35	0.06633	0.05256	0.02557	0.01117	0.05037	0.01241	0.01928	0.20993	0.26119	0.19068	0.01538	0.01472	0.01104	0.00607	0.00517	0.00157	0.02922	0.00477	0.00473	0.00784
36	0.01841	0.02262	0.01407	0.01264	0.01528	0.72738	0.00955	0.07834	0.01472	0.01367	0.00815	0.00944	0.00670	0.00586	0.02086	0.00144	0.00881	0.00335	0.00276	0.00596
37	0.00719	0.00524	0.00646	0.00623	0.00752	0.00482	0.00463	0.00948	0.03509	0.03370	0.51956	0.11018	0.19723	0.02279	0.00617	0.00168	0.00256	0.00959	0.00520	0.00469
38	0.01234	0.01184	0.02023	0.03059	0.79373	0.01184	0.01530	0.01530	0.01135	0.01628	0.00938	0.01234	0.00790	0.00444	0.00493	0.00148	0.00592	0.00444	0.00247	0.00790
39	0.08932	0.00858	0.01123	0.00868	0.01248	0.00763	0.00717	0.02352	0.01380	0.73525	0.01865	0.01626	0.01178	0.00605	0.00486	0.00154	0.00421	0.00483	0.00592	0.00824
40	0.00728	0.00535	0.00723	0.00728	0.00785	0.00578	0.00529	0.00808	0.00880	0.01204	0.07234	0.20027	0.10080	0.11509	0.23549	0.11186	0.07368	0.00809	0.00343	0.00398
41	0.00715	0.00522	0.00738	0.00738	0.00805	0.00589	0.00544	0.00849	0.00782	0.01110	0.01393	0.02279	0.01385	0.23098	0.61338	0.00723	0.01126	0.00581	0.00276	0.00410
42	0.00941	0.00886	0.01495	0.81285	0.03433	0.01107	0.01384	0.01274	0.00997	0.01274	0.00886	0.01329	0.00664	0.00498	0.00498	0.00166	0.00664	0.00443	0.00221	0.00554
43	0.10749	0.00860	0.01114	0.00863	0.01241	0.00772	0.00713	0.02331	0.01368	0.71845	0.01837	0.01606	0.01163	0.00601	0.00482	0.00154	0.00420	0.00478	0.00586	0.00817
44	0.02062	0.00828	0.01114	0.00868	0.01225	0.00729	0.00711	0.03702	0.02609	0.69330	0.09665	0.01892	0.01578	0.00658	0.00510	0.00155	0.00407	0.00541	0.00606	0.00810
45	0.01234	0.01184	0.02023	0.03059	0.79373	0.01184	0.01530	0.01530	0.01135	0.01628	0.00938	0.01234	0.00790	0.00444	0.00493	0.00148	0.00592	0.00444	0.00247	0.00790
46	0.06156	0.00887	0.01158	0.00892	0.01275	0.00800	0.00737	0.06986	0.01455	0.71392	0.01860	0.01624	0.01178	0.00609	0.00492	0.00154	0.00430	0.00487	0.00595	0.00834
47	0.01968	0.01037	0.01230	0.00955	0.01320	0.01042	0.00785	0.32465	0.02884	0.40939	0.01629	0.01513	0.01087	0.00607	0.00487	0.00149	0.00456	0.00478	0.08156	0.00813
48	0.00671	0.00480	0.00599	0.00668	0.00718	0.00457	0.00455	0.01991	0.00966	0.01271	0.03835	0.48440	0.10004	0.19596	0.01058	0.00263	0.00347	0.07359	0.00428	0.00396
49	0.05739	0.01274	0.06124	0.01135	0.05063	0.04294	0.00920	0.38355	0.02921	0.20351	0.01358	0.02699	0.00993	0.03480	0.02849	0.00182	0.00553	0.00472	0.00464	0.00775
50	0.00607	0.00434	0.00578	0.00694	0.00723	0.00405	0.00463	0.00694	0.00954	0.01272	0.02747	0.82157	0.03297	0.01562	0.00636	0.00202	0.00289	0.01417	0.00463	0.00405
51	0.10075	0.19035	0.08425	0.04993	0.05761	0.38719	0.01021	0.02789	0.01215	0.01399	0.00806	0.00996	0.00676	0.00496	0.00419	0.00134	0.00717	0.01459	0.00253	0.00613
52	0.00775	0.11006	0.04083	0.00948	0.06824	0.00709	0.01785	0.00915	0.00988	0.01309	0.02250	0.59292	0.02618	0.01269	0.00580	0.00185	0.00373	0.03207	0.00402	0.00482
53	0.00760	0.00499	0.00664	0.00710	0.00796	0.00463	0.00498	0.00857	0.00969	0.06393	0.02450	0.58668	0.05261	0.01612	0.07547	0.04232	0.00398	0.01154	0.00434	0.05633
54	0.02422	0.16887	0.11700	0.00959	0.01353	0.07700	0.00889	0.06295	0.07851	0.14639	0.09357	0.01547	0.01311	0.00578	0.00451	0.00135	0.00503	0.02043	0.00379	0.13002
55	0.01044	0.06951	0.61358	0.05306	0.07812	0.01211	0.06391	0.01557	0.01061	0.01546	0.00893	0.01082	0.00653	0.00467	0.00474	0.00155	0.00717	0.00385	0.00216	0.00722
56	0.01936	0.00783	0.01016	0.00803	0.01130	0.00703	0.00656	0.04857	0.01376	0.59813	0.01864	0.01714	0.01230	0.00608	0.00467	0.00146	0.00386	0.00491	0.19257	0.00764
57	0.01259	0.00937	0.04617	0.06078	0.25898	0.00851	0.03344	0.01521	0.02494	0.19624	0.04921	0.12019	0.08129	0.00779	0.00539	0.00166	0.00479	0.05271	0.00404	0.00673
58	0.05351	0.06565	0.08615	0.08814	0.06529	0.01350	0.07622	0.37750	0.02629	0.03471	0.01164	0.05787	0.00926	0.00592	0.00492	0.00154	0.00577	0.00490	0.00383	0.00738
59	0.00760	0.00562	0.00787	0.00772	0.00840	0.00603	0.03528	0.00884	0.00863	0.01213	0.01719	0.14942	0.01841	0.26808	0.24434	0.00459	0.04831	0.07868	0.05875	0.00412
60	0.01058	0.00525	0.00551	0.00519	0.00665	0.00522	0.00397	0.03945	0.01119	0.07556	0.01636	0.01823	0.01259	0.00584	0.00365	0.00120	0.00257	0.00467	0.76125	0.00506
61	0.01018	0.01657	0.36253	0.10345	0.07372	0.01048	0.10717	0.01508	0.05838	0.03022	0.08462	0.03876	0.01279	0.00648	0.01719	0.00174	0.00643	0.03459	0.00294	0.00668
62	0.06821	0.01303	0.10114	0.15692	0.28582	0.05173	0.06304	0.07566	0.01216	0.07111	0.01143	0.01400	0.03040	0.00524	0.00491	0.00155	0.00612	0.01753	0.00299	0.00701
63	0.83828	0.00961	0.00744	0.00661	0.00972	0.01108	0.00545	0.01490	0.00863	0.04248	0.00727	0.00833	0.00558	0.00467	0.00313	0.00154	0.00387	0.00276	0.00316	0.00548
64	0.00607	0.00446	0.00569	0.00664	0.00716	0.00409	0.00450	0.00703	0.00992	0.01299	0.04756	0.68838	0.14716	0.01505	0.00628	0.00196	0.00282	0.01351	0.00465	0.00409
65	0.04609	0.04307	0.49264	0.10466	0.07309	0.01174	0.09285	0.01518	0.01049	0.01566	0.00909	0.01129	0.00672	0.00477	0.00495	0.00158	0.02090	0.00401	0.02431	0.00692
66	0.01006	0.01074	0.05145	0.03684	0.10753	0.05444	0.22542	0.01259	0.01087	0.01477	0.07980	0.21646	0.01726	0.01995	0.00707	0.00179	0.09095	0.00759	0.01868	0.00574
67	0.01284	0.46380	0.10768	0.00922	0.01310	0.03805	0.00898	0.11913	0.01205	0.01519	0.05651	0.01329	0.01041	0.09338	0.00621	0.00163	0.00545	0.00393	0.00283	0.00631
68	0.06630	0.00915	0.01035	0.00757	0.01182	0.00743	0.00607	0.05856	0.01099	0.01750	0.00920	0.02266	0.00771	0.00407	0.00377	0.00086	0.00380	0.00320	0.00311	0.73588
69	0.01565	0.21790	0.04756	0.01188	0.07510	0.09999	0.00947	0.23232	0.07878	0.09414	0.01191	0.03903	0.00947	0.00660	0.02743	0.00159	0.00583	0.00435	0.00374	0.00726
70	0.01863	0.02357	0.01414	0.01282	0.01541	0.78997	0.00963	0.03415	0.01430	0.01256	0.00778	0.00904	0.00646	0.00515	0.00450	0.00129	0.00892	0.00323	0.00261	0.00583
71	0.03465	0.05562	0.49352	0.10406	0.08073	0.01163	0.01537	0.01590	0.07281	0.01609	0.04621	0.01269	0.00906	0.00513	0.00474	0.00157	0.00647	0.00416	0.00257	0.00702
72	0.06643	0.14494	0.61783	0.01297	0.01955	0.01279	0.02892	0.01558	0.01035	0.01561	0.00853	0.01003	0.00629	0.00465	0.00442	0.00150	0.00685	0.00350	0.00218	0.00708
73	0.00628	0.00449	0.00594	0.00697	0.00737	0.00421	0.00478	0.00728	0.00984	0.01312	0.06317	0.69750	0.04667	0.04096	0.00697	0.00210	0.00303	0.06063	0.00461	0.00408
74	0.03678	0.01264	0.03342	0.07240	0.61683	0.07194	0.01412	0.01536	0.01134	0.01593	0.00912	0.01189	0.00759	0.00450	0.00479	0.00144	0.00606	0.00421	0.00249	0.04715
75	0.01210	0.04992	0.01865	0.02497	0.58476	0.03215	0.02944	0.01558	0.05879	0.01648	0.06095	0.01398	0.01076	0.00493	0.00487	0.00144	0.00557	0.00466	0.00283	0.04717
76	0.00653	0.00473	0.00608	0.00684	0.00749	0.00434	0.00475	0.00744	0.00967	0.01282	0.02758	0.59270	0.10486	0.04858	0.00753	0.03537	0.00314	0.06135	0.00438	0.04380
77	0.04047	0.04469	0.04674	0.02113	0.04126	0.00761	0.00705	0.07336	0.01201	0.19328	0.05846	0.34057	0.02109	0.02659	0.00596	0.00178	0.01472	0.00861	0.02871	0.00593
78	0.02941	0.03945	0.08946	0.19049	0.19979	0.02514	0.04811	0.07548	0.03436	0.13063	0.03217	0.01419	0.00952	0.00551	0.00548	0.00159	0.04375	0.01518	0.00329	0.00703
79	0.01111	0.06290	0.09677	0.07211	0.08017	0.01190	0.40652	0.02515	0.01133	0.01559	0.04152	0.05307	0.01013	0.00528	0.00574	0.00160	0.03459	0.00559	0.00270	0.04623

[dist]
# distance from previous block
# <min> <max>
6	12

[block]
# block no. 5 follows, 50 sequences, length 36
# corresponding to MSA columns:
# 436-471
name=unknown_F
#
# <colnr> <probs for GDERKNQSTAVLIFYWHMCP>
#	G	D	E	R	K	N	Q	S	T	A	V	L	I	F	Y	W	H	M	C	P
0	0.01019	0.03289	0.50066	0.11013	0.08972	0.01128	0.02616	0.01572	0.06824	0.01607	0.06331	0.01344	0.00996	0.00525	0.00488	0.00158	0.00654	0.00436	0.00261	0.00703
1	0.01112	0.09833	0.11394	0.15796	0.14524	0.04602	0.14145	0.01478	0.05160	0.01456	0.01202	0.04840	0.03531	0.00596	0.00580	0.00162	0.06042	0.02635	0.00270	0.00643
2	0.01101	0.25105	0.47198	0.07518	0.03158	0.01390	0.05028	0.01531	0.01044	0.01441	0.00843	0.01018	0.00644	0.00459	0.00438	0.00144	0.00676	0.00357	0.00215	0.00693
3	0.01308	0.01085	0.02577	0.18518	0.15814	0.05335	0.12920	0.03456	0.01170	0.14820	0.01293	0.04787	0.01074	0.00678	0.01757	0.00177	0.06121	0.06115	0.00334	0.00660
4	0.01023	0.01120	0.06333	0.27816	0.06802	0.01200	0.17593	0.01313	0.00991	0.01364	0.01122	0.01477	0.05498	0.00699	0.02799	0.00194	0.21312	0.00508	0.00244	0.00590
5	0.01181	0.05830	0.30081	0.12992	0.10323	0.02228	0.06720	0.01590	0.03551	0.10884	0.01234	0.07339	0.01010	0.00593	0.00500	0.00160	0.00622	0.02170	0.00302	0.00688
6	0.01805	0.05234	0.01462	0.01129	0.04971	0.00883	0.10934	0.04423	0.01371	0.49739	0.07982	0.03326	0.01462	0.00639	0.00516	0.00156	0.00480	0.02208	0.00515	0.00764
7	0.01025	0.01294	0.14504	0.20222	0.12505	0.01084	0.27593	0.01390	0.01080	0.01480	0.01185	0.12076	0.01059	0.00602	0.00543	0.00168	0.00677	0.00611	0.00266	0.00635
8	0.00942	0.09361	0.06477	0.06795	0.01245	0.00786	0.05184	0.01202	0.01283	0.07299	0.44593	0.02867	0.06671	0.00837	0.00542	0.00155	0.00387	0.02379	0.00448	0.00548
9	0.01700	0.01346	0.10881	0.01192	0.02766	0.01220	0.06669	0.39232	0.03415	0.18939	0.01423	0.06516	0.01068	0.00635	0.00512	0.00157	0.00547	0.00525	0.00465	0.00791
10	0.01213	0.04600	0.07803	0.10832	0.33572	0.03111	0.11308	0.01590	0.05670	0.06313	0.01105	0.01401	0.00884	0.00732	0.06438	0.00202	0.00680	0.01555	0.00283	0.00706
11	0.01808	0.02603	0.10605	0.06888	0.01488	0.00820	0.00889	0.02081	0.03021	0.54285	0.04351	0.01823	0.05764	0.00639	0.00502	0.00156	0.00465	0.00523	0.00518	0.00771
12	0.00854	0.00734	0.06672	0.05545	0.05665	0.00600	0.00694	0.01075	0.01213	0.07663	0.32199	0.19584	0.13495	0.01030	0.00572	0.00168	0.00347	0.00905	0.00462	0.00523
13	0.02979	0.01164	0.07301	0.00997	0.01376	0.02564	0.00864	0.26057	0.05539	0.35581	0.06596	0.02786	0.01321	0.01880	0.00533	0.00159	0.00482	0.00513	0.00520	0.00788
14	0.04650	0.08021	0.16112	0.05903	0.06077	0.01163	0.02260	0.13808	0.02233	0.14337	0.03805	0.01283	0.00939	0.00550	0.00546	0.00146	0.06548	0.00420	0.00355	0.10845
15	0.02112	0.00861	0.01145	0.00887	0.01256	0.00768	0.00729	0.06322	0.02714	0.69845	0.06472	0.01792	0.01422	0.00641	0.00506	0.00154	0.00419	0.00523	0.00605	0.00825
16	0.01166	0.01213	0.06091	0.16867	0.57702	0.01173	0.05537	0.01490	0.01108	0.01561	0.00930	0.01247	0.00757	0.00454	0.00498	0.00153	0.00626	0.00448	0.00241	0.00739
17	0.05058	0.24268	0.12481	0.05419	0.07638	0.02331	0.05463	0.01655	0.03296	0.16891	0.01231	0.07201	0.01008	0.00578	0.00462	0.00146	0.01515	0.00470	0.02210	0.00680
18	0.00637	0.00455	0.00595	0.00678	0.00733	0.00439	0.00470	0.00747	0.00956	0.01295	0.02715	0.59957	0.10024	0.01771	0.11249	0.00274	0.00422	0.01215	0.04954	0.00415
19	0.01249	0.00660	0.00846	0.00741	0.00953	0.00608	0.00573	0.03327	0.04877	0.27741	0.32265	0.12022	0.08619	0.02468	0.00595	0.00169	0.00325	0.00809	0.00547	0.00605
20	0.01692	0.01385	0.10856	0.07173	0.05802	0.01303	0.01068	0.46131	0.01848	0.13171	0.01241	0.01325	0.00888	0.03145	0.00560	0.00163	0.00563	0.00454	0.00440	0.00792
21	0.01983	0.00987	0.06978	0.00933	0.01321	0.00807	0.00812	0.03874	0.07581	0.62504	0.01912	0.05331	0.01299	0.00654	0.00506	0.00158	0.00441	0.00537	0.00568	0.00815
22	0.00651	0.00500	0.00582	0.00617	0.00722	0.00456	0.00447	0.00793	0.02328	0.01370	0.10701	0.24621	0.35169	0.10650	0.00833	0.00218	0.00309	0.08162	0.00453	0.00417
23	0.00949	0.02946	0.49818	0.01388	0.09575	0.00990	0.01450	0.01393	0.01113	0.01617	0.12706	0.06467	0.01543	0.00669	0.00513	0.00163	0.00602	0.05137	0.00294	0.00665
24	0.06648	0.09512	0.07700	0.01441	0.16242	0.15875	0.01039	0.04945	0.16979	0.09197	0.01200	0.01274	0.00922	0.00619	0.02447	0.00164	0.02320	0.00419	0.00345	0.00710
25	0.00941	0.00886	0.01495	0.81285	0.03433	0.01107	0.01384	0.01274	0.00997	0.01274	0.00886	0.01329	0.00664	0.00498	0.00498	0.00166	0.00664	0.00443	0.00221	0.00554
26	0.66708	0.01104	0.06786	0.03894	0.04165	0.01142	0.00733	0.02708	0.04452	0.02119	0.00794	0.00922	0.00612	0.00482	0.00367	0.00156	0.01659	0.00309	0.00306	0.00581
27	0.00676	0.00496	0.00653	0.00697	0.00749	0.00493	0.00489	0.00776	0.01022	0.01388	0.18576	0.48112	0.07941	0.04665	0.00837	0.05172	0.05258	0.01141	0.00445	0.00413
28	0.01212	0.01202	0.01966	0.15271	0.56921	0.04805	0.07112	0.01532	0.02281	0.01558	0.00943	0.01251	0.00771	0.00458	0.00499	0.00152	0.00633	0.00451	0.00247	0.00734
29	0.00649	0.00491	0.00579	0.00616	0.00712	0.00447	0.00443	0.00771	0.01064	0.01366	0.12691	0.24636	0.31530	0.13056	0.00893	0.00227	0.00314	0.08655	0.00450	0.00409
30	0.75999	0.00991	0.02031	0.00699	0.01016	0.01110	0.00584	0.01579	0.05618	0.05432	0.00832	0.00915	0.00630	0.00482	0.00331	0.00155	0.00393	0.00299	0.00332	0.00571
31	0.01192	0.01146	0.03368	0.11843	0.50680	0.03083	0.01315	0.01478	0.01111	0.03077	0.00936	0.01204	0.00767	0.00442	0.00470	0.00136	0.00567	0.00413	0.00259	0.16513
32	0.03852	0.00864	0.01104	0.00830	0.01233	0.00718	0.00679	0.02000	0.01277	0.50820	0.01562	0.01446	0.01046	0.00527	0.00451	0.00126	0.00404	0.00424	0.00498	0.30139
33	0.07451	0.00798	0.01135	0.01011	0.01249	0.00794	0.09887	0.05918	0.05839	0.13483	0.06808	0.09514	0.03606	0.00983	0.00586	0.00189	0.00464	0.29239	0.00458	0.00587
34	0.00709	0.00512	0.00704	0.00709	0.00770	0.00560	0.00510	0.00833	0.00825	0.01160	0.06239	0.07172	0.01744	0.26460	0.48130	0.00634	0.00957	0.00664	0.00306	0.00402
35	0.06275	0.01246	0.04469	0.19766	0.06449	0.04810	0.30970	0.06303	0.05714	0.07465	0.01086	0.01321	0.00801	0.00488	0.00520	0.00162	0.00685	0.00493	0.00304	0.00672

[dist]
# distance from previous block
# <min> <max>
4	6

[block]
# block no. 6 follows, 50 sequences, length 6
# corresponding to MSA columns:
# 479-484
name=unknown_G
#
# <colnr> <probs for GDERKNQSTAVLIFYWHMCP>
#	G	D	E	R	K	N	Q	S	T	A	V	L	I	F	Y	W	H	M	C	P
0	0.01081	0.00992	0.01636	0.08214	0.54744	0.01004	0.01242	0.01328	0.01082	0.01524	0.05993	0.06375	0.01295	0.10480	0.00755	0.00194	0.00544	0.00563	0.00283	0.00671
1	0.01237	0.00880	0.01054	0.00763	0.01197	0.00676	0.00615	0.01453	0.01100	0.14808	0.01068	0.01146	0.00822	0.00411	0.00391	0.00087	0.00378	0.00330	0.00350	0.71234
2	0.01068	0.01061	0.11636	0.01051	0.06078	0.00914	0.00860	0.07186	0.23540	0.03533	0.13985	0.02402	0.07697	0.02690	0.00723	0.08858	0.00439	0.05239	0.00419	0.00620
3	0.00621	0.00454	0.00584	0.00662	0.00721	0.00417	0.00454	0.00736	0.01048	0.01397	0.15248	0.60891	0.12048	0.01441	0.00623	0.00191	0.00276	0.01293	0.00477	0.00417
4	0.01465	0.63144	0.02331	0.00941	0.01343	0.11476	0.00878	0.10780	0.01223	0.01417	0.00763	0.00860	0.00665	0.00458	0.00357	0.00114	0.00579	0.00295	0.00253	0.00657
5	0.01276	0.01466	0.22014	0.04736	0.31206	0.01070	0.03397	0.03687	0.03412	0.11108	0.01083	0.01242	0.00813	0.00476	0.00477	0.00144	0.00585	0.00421	0.00302	0.11087

[dist]
# distance from previous block
# <min> <max>
0	1

[block]
# block no. 7 follows, 50 sequences, length 15
# corresponding to MSA columns:
# 486-500
name=unknown_H
#
# <colnr> <probs for GDERKNQSTAVLIFYWHMCP>
#	G	D	E	R	K	N	Q	S	T	A	V	L	I	F	Y	W	H	M	C	P
0	0.01727	0.13949	0.01831	0.01258	0.01639	0.22111	0.12899	0.25884	0.01611	0.10786	0.01067	0.01138	0.00792	0.00524	0.00473	0.00141	0.00669	0.00415	0.00367	0.00718
1	0.21323	0.01726	0.01292	0.02800	0.10345	0.43157	0.00910	0.03150	0.01252	0.06809	0.00878	0.01002	0.00691	0.00503	0.00425	0.00139	0.00689	0.00343	0.01949	0.00614
2	0.00764	0.00814	0.09629	0.00724	0.00933	0.01962	0.00631	0.04787	0.01173	0.01505	0.11109	0.12447	0.37523	0.06817	0.00718	0.00195	0.00369	0.06990	0.00430	0.00479
3	0.00796	0.00498	0.00638	0.00680	0.00778	0.00449	0.00480	0.00911	0.01069	0.10234	0.08238	0.54770	0.15833	0.01368	0.00610	0.00188	0.00295	0.01217	0.00486	0.00462
4	0.01171	0.01109	0.01459	0.01249	0.01323	0.01481	0.01031	0.06782	0.13631	0.01481	0.00918	0.01224	0.00810	0.00821	0.01371	0.00205	0.62584	0.00458	0.00285	0.00606
5	0.00838	0.00451	0.00677	0.00677	0.00693	0.00468	0.00468	0.00693	0.00677	0.00919	0.00952	0.01596	0.00936	0.02099	0.16349	0.69972	0.00598	0.00451	0.00226	0.00258
6	0.01049	0.00801	0.00968	0.00728	0.01087	0.00625	0.00567	0.01189	0.00978	0.04464	0.00923	0.01147	0.00781	0.00628	0.00664	0.15736	0.00383	0.00328	0.00293	0.66661
7	0.00867	0.00596	0.00747	0.00685	0.00841	0.00574	0.00522	0.01229	0.10147	0.07278	0.62895	0.03406	0.06339	0.00960	0.00573	0.00158	0.00267	0.00840	0.00546	0.00531
8	0.00611	0.00441	0.00579	0.00681	0.00721	0.00409	0.00459	0.00707	0.00985	0.01310	0.06403	0.74401	0.07410	0.01521	0.00631	0.00198	0.00285	0.01374	0.00467	0.00409
9	0.00649	0.00455	0.00562	0.00630	0.00656	0.00434	0.00400	0.00706	0.00881	0.01166	0.02447	0.49640	0.06811	0.30664	0.01318	0.00302	0.00357	0.01148	0.00405	0.00369
10	0.00647	0.00461	0.00609	0.00682	0.00734	0.00433	0.00473	0.00771	0.01061	0.01440	0.20849	0.55507	0.03532	0.05637	0.00726	0.00208	0.00295	0.05042	0.00475	0.00418
11	0.00737	0.00571	0.00850	0.00835	0.00918	0.00684	0.00654	0.00911	0.00799	0.01160	0.01290	0.01900	0.01206	0.03546	0.75223	0.00762	0.06711	0.00527	0.00264	0.00452
12	0.06456	0.00874	0.01072	0.00800	0.01210	0.00721	0.00651	0.01794	0.01199	0.36705	0.01360	0.01318	0.00949	0.00486	0.00425	0.00115	0.00395	0.00386	0.00440	0.42644
13	0.01000	0.02578	0.79900	0.01421	0.02157	0.01158	0.01842	0.01579	0.01052	0.01579	0.00895	0.01052	0.00631	0.00474	0.00474	0.00158	0.00737	0.00368	0.00210	0.00737
14	0.01083	0.00721	0.00873	0.00757	0.00955	0.00717	0.00588	0.13783	0.05976	0.09930	0.51256	0.03011	0.04920	0.02462	0.00597	0.00163	0.00320	0.00767	0.00539	0.00584

[dist]
# distance from previous block
# <min> <max>
0	1

[block]
# block no. 8 follows, 50 sequences, length 22
# corresponding to MSA columns:
# 502-523
name=unknown_I
#
# <colnr> <probs for GDERKNQSTAVLIFYWHMCP>
#	G	D	E	R	K	N	Q	S	T	A	V	L	I	F	Y	W	H	M	C	P
0	0.07055	0.00602	0.00798	0.00899	0.01028	0.00614	0.00784	0.01064	0.01125	0.01546	0.02496	0.05269	0.02698	0.01310	0.00661	0.00224	0.00454	0.70460	0.00448	0.00465
1	0.01518	0.01262	0.01729	0.01323	0.01684	0.01366	0.18404	0.41869	0.08691	0.02461	0.07432	0.01484	0.01182	0.00618	0.00610	0.00161	0.06504	0.00526	0.00427	0.00750
2	0.01643	0.01300	0.01525	0.01200	0.01553	0.01458	0.06546	0.50453	0.18408	0.02659	0.01321	0.01341	0.00971	0.00622	0.00591	0.00160	0.06503	0.00483	0.00462	0.00800
3	0.01333	0.82783	0.02612	0.00853	0.01279	0.01972	0.00853	0.01493	0.01013	0.01173	0.00693	0.00800	0.00640	0.00426	0.00320	0.00107	0.00533	0.00267	0.00213	0.00640
4	0.00711	0.00491	0.00580	0.00572	0.00614	0.00475	0.00360	0.00789	0.00954	0.01301	0.25117	0.05675	0.05650	0.52574	0.01822	0.00365	0.00394	0.00810	0.00387	0.00360
5	0.00623	0.00506	0.00552	0.00541	0.00694	0.00435	0.00406	0.00782	0.01217	0.01539	0.26880	0.04480	0.57221	0.01191	0.00589	0.00165	0.00247	0.01008	0.00488	0.00435
6	0.01024	0.08484	0.74209	0.01379	0.02093	0.01218	0.01769	0.01572	0.01049	0.01549	0.00880	0.01034	0.00632	0.00470	0.00462	0.00154	0.00722	0.00361	0.00211	0.00730
7	0.01468	0.64174	0.06290	0.00897	0.01329	0.03545	0.00887	0.01653	0.01088	0.13350	0.00902	0.00954	0.00731	0.00460	0.00359	0.00117	0.00535	0.00309	0.00277	0.00675
8	0.00846	0.00515	0.00603	0.00578	0.00618	0.00503	0.00349	0.00879	0.00832	0.07451	0.07313	0.03168	0.01978	0.69822	0.02228	0.00432	0.00460	0.00720	0.00346	0.00359
9	0.07279	0.06654	0.00809	0.00616	0.00826	0.00739	0.00493	0.07426	0.01125	0.01863	0.01408	0.01764	0.01165	0.03751	0.00457	0.00135	0.00326	0.03546	0.49181	0.10438
10	0.01013	0.05681	0.76910	0.01399	0.02123	0.01189	0.01803	0.01575	0.01051	0.01563	0.00887	0.01043	0.00632	0.00472	0.00468	0.00156	0.00729	0.00364	0.00211	0.00733
11	0.01151	0.01240	0.12706	0.06928	0.01550	0.01162	0.00978	0.03557	0.53514	0.01924	0.03002	0.01966	0.02965	0.00684	0.00513	0.00170	0.00465	0.04347	0.00440	0.00736
12	0.01348	0.65580	0.06999	0.01001	0.01449	0.01839	0.06530	0.07707	0.01135	0.01387	0.00769	0.00886	0.00665	0.00443	0.00363	0.00118	0.00569	0.00311	0.00239	0.00665
13	0.01029	0.00876	0.01031	0.01125	0.07822	0.04162	0.00829	0.01693	0.30379	0.01705	0.03366	0.09448	0.03332	0.01004	0.00586	0.00191	0.00445	0.29913	0.00452	0.00612
14	0.00705	0.00481	0.00543	0.00552	0.00568	0.00472	0.00320	0.00722	0.00775	0.01020	0.01942	0.09293	0.08218	0.69815	0.02236	0.00437	0.00450	0.00803	0.00327	0.00319
15	0.11783	0.07148	0.01394	0.10223	0.01593	0.01334	0.00890	0.41725	0.03466	0.08344	0.03316	0.04389	0.01018	0.00610	0.00471	0.00152	0.00510	0.00470	0.00432	0.00733
16	0.04700	0.08209	0.08548	0.01018	0.01397	0.01027	0.07996	0.06383	0.12709	0.20573	0.05494	0.02679	0.01264	0.05575	0.00600	0.00165	0.00488	0.00498	0.00414	0.10263
17	0.01097	0.01109	0.01630	0.01367	0.01403	0.01507	0.06685	0.01229	0.00794	0.01229	0.00680	0.01109	0.00662	0.00839	0.01559	0.00214	0.75664	0.00447	0.00221	0.00555
18	0.00607	0.00434	0.00578	0.00694	0.00723	0.00405	0.00463	0.00694	0.00954	0.01272	0.02747	0.82157	0.03297	0.01562	0.00636	0.00202	0.00289	0.01417	0.00463	0.00405
19	0.01333	0.82783	0.02612	0.00853	0.01279	0.01972	0.00853	0.01493	0.01013	0.01173	0.00693	0.00800	0.00640	0.00426	0.00320	0.00107	0.00533	0.00267	0.00213	0.00640
20	0.00718	0.03909	0.00742	0.00728	0.00844	0.00541	0.00578	0.00892	0.01143	0.01498	0.18227	0.24368	0.16547	0.01293	0.00623	0.00192	0.00338	0.25900	0.00468	0.00448
21	0.00811	0.00624	0.00786	0.00883	0.00997	0.03649	0.00747	0.01017	0.01141	0.01460	0.04083	0.13744	0.06373	0.01352	0.00667	0.00218	0.00444	0.60094	0.00453	0.00456

[dist]
# distance from previous block
# <min> <max>
0	2

[block]
# block no. 9 follows, 50 sequences, length 48
# corresponding to MSA columns:
# 526-573
name=unknown_J
#
# <colnr> <probs for GDERKNQSTAVLIFYWHMCP>
#	G	D	E	R	K	N	Q	S	T	A	V	L	I	F	Y	W	H	M	C	P
0	0.24729	0.05495	0.01266	0.00946	0.01293	0.01339	0.00781	0.43798	0.01704	0.05878	0.01088	0.01218	0.00829	0.04902	0.02493	0.00182	0.00514	0.00409	0.00421	0.00714
1	0.01180	0.13122	0.41205	0.01171	0.03603	0.01115	0.01297	0.01573	0.01081	0.09163	0.00970	0.01080	0.00720	0.00456	0.00431	0.00131	0.00589	0.00352	0.00271	0.20490
2	0.16875	0.19957	0.09816	0.01019	0.01424	0.06760	0.00937	0.30553	0.02674	0.02174	0.00947	0.01030	0.00728	0.00594	0.02367	0.00156	0.00575	0.00362	0.00347	0.00704
3	0.07680	0.07195	0.01143	0.00832	0.01131	0.01050	0.00686	0.27969	0.01574	0.15998	0.07302	0.01585	0.01279	0.00606	0.00441	0.00140	0.00410	0.00470	0.21825	0.00684
4	0.01108	0.01033	0.04262	0.01053	0.02651	0.00828	0.13699	0.05620	0.01137	0.03215	0.01050	0.05615	0.00896	0.00467	0.00437	0.00107	0.00473	0.00425	0.00311	0.55615
5	0.01153	0.00899	0.01068	0.03158	0.01264	0.00726	0.00641	0.04221	0.03169	0.07627	0.01043	0.02546	0.00844	0.00430	0.00396	0.00090	0.00388	0.00348	0.00334	0.69655
6	0.00640	0.00468	0.00613	0.00697	0.00758	0.00425	0.00472	0.00737	0.00960	0.01299	0.02605	0.75976	0.03102	0.01471	0.00616	0.00193	0.00295	0.01332	0.00450	0.06891
7	0.01146	0.01310	0.19503	0.00993	0.01468	0.00871	0.03431	0.05385	0.01126	0.07165	0.01045	0.04128	0.00847	0.00487	0.00473	0.00116	0.03453	0.00391	0.00311	0.46352
8	0.00866	0.00433	0.00649	0.00649	0.00649	0.00433	0.00433	0.00649	0.00649	0.00866	0.00866	0.01515	0.00866	0.01732	0.01948	0.85498	0.00433	0.00433	0.00216	0.00216
9	0.01333	0.82783	0.02612	0.00853	0.01279	0.01972	0.00853	0.01493	0.01013	0.01173	0.00693	0.00800	0.00640	0.00426	0.00320	0.00107	0.00533	0.00267	0.00213	0.00640
10	0.01260	0.05176	0.15322	0.05356	0.25216	0.01179	0.06646	0.06921	0.14084	0.06919	0.05969	0.01478	0.01141	0.00545	0.00498	0.00155	0.00567	0.00485	0.00341	0.00743
11	0.01298	0.04811	0.33833	0.14152	0.08666	0.12825	0.01397	0.01670	0.01142	0.11393	0.01021	0.01191	0.00748	0.00601	0.03008	0.00172	0.00709	0.00398	0.00276	0.00690
12	0.16680	0.01534	0.01317	0.12201	0.01626	0.31693	0.00966	0.04361	0.01123	0.01486	0.00774	0.01016	0.00648	0.00594	0.00722	0.00161	0.20511	0.00364	0.01658	0.00568
