[name]
unknown

[dist]
# distance from previous block
# <min> <max>
28	159

[block]
# block no. 0 follows, 46 sequences, length 17
# corresponding to MSA columns:
# 253-269
name=unknown_A
#
# <colnr> <probs for GDERKNQSTAVLIFYWHMCP>
#	G	D	E	R	K	N	Q	S	T	A	V	L	I	F	Y	W	H	M	C	P
0	0.07106	0.02910	0.01373	0.04752	0.17512	0.02880	0.03142	0.09940	0.04596	0.12272	0.13061	0.04408	0.02620	0.00796	0.01867	0.01650	0.00508	0.03698	0.04212	0.00696
1	0.03519	0.02942	0.03497	0.09494	0.07721	0.16545	0.01050	0.10293	0.01281	0.05659	0.01104	0.05920	0.00977	0.04082	0.00849	0.00183	0.17225	0.00498	0.00326	0.06835
2	0.03355	0.01140	0.01405	0.01314	0.10100	0.05950	0.07204	0.15397	0.07494	0.05135	0.03019	0.03166	0.09184	0.00715	0.00568	0.00158	0.03278	0.04481	0.05337	0.11602
3	0.01151	0.00875	0.02003	0.04760	0.03813	0.03640	0.04295	0.04968	0.06997	0.10707	0.21590	0.12807	0.05605	0.04742	0.00753	0.00197	0.04437	0.05578	0.00476	0.00606
4	0.03507	0.00906	0.01014	0.00944	0.03551	0.02475	0.00692	0.18610	0.08515	0.01963	0.07838	0.13276	0.11953	0.09424	0.00893	0.04425	0.02324	0.02710	0.00449	0.04530
5	0.01336	0.01009	0.01222	0.00952	0.01332	0.00942	0.03889	0.15377	0.09690	0.08604	0.05695	0.04326	0.04887	0.00742	0.03183	0.00156	0.00474	0.00526	0.00432	0.35226
6	0.03689	0.00851	0.00991	0.03823	0.01145	0.00929	0.02429	0.20652	0.04953	0.02114	0.01543	0.05761	0.01310	0.06477	0.08389	0.01927	0.02029	0.00565	0.29820	0.00604
7	0.04877	0.02733	0.00826	0.00752	0.00848	0.03328	0.00522	0.08252	0.01074	0.01473	0.05628	0.19395	0.03506	0.37397	0.04282	0.00355	0.03067	0.00846	0.00385	0.00455
8	0.05770	0.00918	0.01173	0.00961	0.01274	0.00907	0.04492	0.12803	0.07047	0.28716	0.13382	0.02437	0.07141	0.00926	0.03865	0.00198	0.00482	0.04268	0.02509	0.00730
9	0.00998	0.00940	0.01586	0.80150	0.03641	0.01175	0.01468	0.01351	0.01057	0.01351	0.00940	0.01409	0.00705	0.00529	0.00529	0.00176	0.00705	0.00470	0.00235	0.00587
10	0.03530	0.01223	0.01342	0.03400	0.01496	0.01306	0.00870	0.43049	0.11663	0.04674	0.01416	0.04221	0.01105	0.02900	0.00566	0.00161	0.00508	0.00509	0.02941	0.13119
11	0.00933	0.00659	0.00744	0.00715	0.00830	0.00671	0.00508	0.10730	0.03096	0.01581	0.02379	0.12267	0.13082	0.32290	0.04708	0.00337	0.00472	0.05670	0.07856	0.00472
12	0.02114	0.00994	0.01243	0.00972	0.01353	0.00951	0.00796	0.17157	0.05468	0.53027	0.05686	0.01816	0.01427	0.00673	0.00530	0.00162	0.00457	0.00544	0.03768	0.00861
13	0.01962	0.01409	0.01528	0.01177	0.01585	0.01546	0.00970	0.69500	0.02395	0.06437	0.05117	0.01425	0.01120	0.00658	0.00534	0.00159	0.00560	0.00502	0.00537	0.00879
14	0.01480	0.01288	0.01727	0.10443	0.24090	0.09084	0.07076	0.14566	0.05626	0.08001	0.01223	0.01449	0.00950	0.00936	0.09477	0.00239	0.00746	0.00493	0.00355	0.00752
15	0.01797	0.01084	0.01279	0.01043	0.01387	0.01146	0.00845	0.26034	0.17160	0.27195	0.01737	0.01706	0.01242	0.01159	0.12399	0.00269	0.00631	0.00533	0.00534	0.00822
16	0.01926	0.04101	0.01560	0.01171	0.01579	0.01453	0.03353	0.48416	0.12904	0.15736	0.01508	0.01450	0.01060	0.00637	0.00527	0.00161	0.00545	0.00501	0.00532	0.00877

[dist]
# distance from previous block
# <min> <max>
5	16

[block]
# block no. 1 follows, 46 sequences, length 10
# corresponding to MSA columns:
# 287-296
name=unknown_B
#
# <colnr> <probs for GDERKNQSTAVLIFYWHMCP>
#	G	D	E	R	K	N	Q	S	T	A	V	L	I	F	Y	W	H	M	C	P
0	0.05373	0.01804	0.22957	0.03030	0.12925	0.09229	0.05008	0.20150	0.03562	0.09205	0.01154	0.01260	0.00838	0.00552	0.00511	0.00161	0.00674	0.00445	0.00364	0.00797
1	0.07293	0.01726	0.27400	0.14210	0.15420	0.01295	0.10250	0.11125	0.01290	0.01887	0.00989	0.01234	0.00742	0.00520	0.00542	0.00168	0.02428	0.00449	0.00283	0.00748
2	0.08756	0.01361	0.10766	0.11934	0.15838	0.04607	0.01189	0.10135	0.10844	0.14465	0.01339	0.01491	0.00993	0.00584	0.00508	0.00165	0.00585	0.01919	0.00393	0.02127
3	0.16243	0.08709	0.09740	0.28483	0.20268	0.01293	0.01313	0.01575	0.04628	0.01687	0.00955	0.01230	0.00749	0.00507	0.00471	0.00163	0.00615	0.00417	0.00270	0.00684
4	0.01322	0.01174	0.01809	0.05567	0.50711	0.01210	0.01349	0.13339	0.03881	0.01933	0.01319	0.11502	0.01207	0.00658	0.00544	0.00166	0.00576	0.00608	0.00341	0.00785
5	0.06884	0.39196	0.25627	0.01116	0.01655	0.01664	0.01211	0.11182	0.01271	0.04485	0.00917	0.01018	0.00720	0.00501	0.00419	0.00141	0.00619	0.00349	0.00286	0.00739
6	0.00736	0.00604	0.00791	0.00965	0.10615	0.00552	0.00600	0.00896	0.01185	0.01542	0.14579	0.28991	0.33405	0.01293	0.00628	0.00186	0.00324	0.01135	0.00475	0.00498
7	0.01689	0.01358	0.01852	0.01491	0.05392	0.01444	0.17543	0.37731	0.17113	0.06660	0.01433	0.01475	0.01040	0.00603	0.00551	0.00167	0.00612	0.00536	0.00467	0.00843
8	0.01382	0.01179	0.01391	0.01154	0.01507	0.03145	0.07800	0.06393	0.51184	0.05598	0.01814	0.01740	0.01358	0.00639	0.00525	0.00163	0.00482	0.00548	0.00482	0.11516
9	0.01039	0.00981	0.10901	0.00932	0.01217	0.00760	0.05680	0.03765	0.06570	0.09070	0.40521	0.03096	0.09899	0.02444	0.00630	0.00175	0.00406	0.00794	0.00505	0.00614

[dist]
# distance from previous block
# <min> <max>
5	6

[block]
# block no. 2 follows, 46 sequences, length 48
# corresponding to MSA columns:
# 304-351
name=unknown_C
#
# <colnr> <probs for GDERKNQSTAVLIFYWHMCP>
#	G	D	E	R	K	N	Q	S	T	A	V	L	I	F	Y	W	H	M	C	P
0	0.02097	0.05178	0.01371	0.01012	0.01410	0.01090	0.00836	0.16825	0.12801	0.48797	0.01868	0.01674	0.01242	0.00649	0.00522	0.00162	0.00477	0.00518	0.00591	0.00879
1	0.00975	0.00832	0.00955	0.00729	0.01116	0.00637	0.00573	0.01182	0.01115	0.01643	0.01962	0.05807	0.17110	0.00652	0.00454	0.00106	0.00361	0.00539	0.00359	0.62893
2	0.01315	0.01136	0.01195	0.01076	0.01375	0.01315	0.00837	0.02809	0.77168	0.02211	0.02152	0.01972	0.01614	0.00717	0.00538	0.00179	0.00418	0.00598	0.00538	0.00837
3	0.00892	0.17393	0.01248	0.00861	0.01030	0.00957	0.00711	0.01076	0.00896	0.01231	0.01275	0.01822	0.01188	0.03237	0.62952	0.00697	0.01240	0.00508	0.00271	0.00515
4	0.01736	0.02110	0.01588	0.09338	0.10125	0.56470	0.01142	0.01911	0.01364	0.01345	0.00838	0.01054	0.00701	0.00568	0.00594	0.00151	0.07692	0.00378	0.00264	0.00632
5	0.00625	0.00536	0.00536	0.00536	0.00714	0.00446	0.00402	0.00759	0.01205	0.01428	0.05355	0.05088	0.77909	0.01339	0.00625	0.00179	0.00268	0.01116	0.00491	0.00446
6	0.01096	0.00940	0.01096	0.00783	0.01253	0.00705	0.00626	0.01331	0.01096	0.01723	0.00940	0.01096	0.00783	0.00392	0.00392	0.00078	0.00392	0.00313	0.00313	0.84653
7	0.01115	0.07739	0.60965	0.01588	0.02306	0.01303	0.14360	0.01671	0.01135	0.01649	0.00955	0.01150	0.00693	0.00489	0.00512	0.00166	0.00785	0.00423	0.00231	0.00763
8	0.01293	0.01241	0.02119	0.06968	0.74517	0.01252	0.01615	0.01609	0.01197	0.01709	0.00992	0.01313	0.00831	0.00474	0.00524	0.00158	0.00632	0.00471	0.00260	0.00825
9	0.01096	0.00940	0.01096	0.00783	0.01253	0.00705	0.00626	0.01331	0.01096	0.01723	0.00940	0.01096	0.00783	0.00392	0.00392	0.00078	0.00392	0.00313	0.00313	0.84653
10	0.00744	0.00537	0.00704	0.00676	0.00795	0.00497	0.00506	0.00984	0.01462	0.02062	0.71724	0.08545	0.04856	0.01123	0.00629	0.00171	0.00258	0.02656	0.00574	0.00494
11	0.01417	0.01186	0.01253	0.01097	0.01414	0.01363	0.00861	0.13623	0.66188	0.02376	0.02022	0.01869	0.01509	0.00705	0.00537	0.00176	0.00442	0.00580	0.00537	0.00846
12	0.00862	0.00540	0.00635	0.00612	0.00655	0.00526	0.00374	0.00911	0.00921	0.05855	0.12891	0.03431	0.02336	0.64741	0.02257	0.00441	0.00470	0.00782	0.00379	0.00381
13	0.01488	0.00892	0.01066	0.00916	0.01200	0.00912	0.00722	0.02220	0.31697	0.26316	0.23675	0.02480	0.02478	0.00801	0.00560	0.00171	0.00380	0.00679	0.00587	0.00760
14	0.01138	0.02626	0.74113	0.01473	0.02233	0.01201	0.01884	0.01727	0.01140	0.06206	0.01016	0.01156	0.00707	0.00511	0.00504	0.00167	0.00762	0.00399	0.00249	0.00788
15	0.85155	0.01022	0.00777	0.00695	0.01022	0.01186	0.00573	0.01554	0.00900	0.02372	0.00736	0.00859	0.00573	0.00491	0.00327	0.00164	0.00409	0.00286	0.00327	0.00573
16	0.02372	0.00900	0.01227	0.00941	0.01350	0.00777	0.00777	0.02576	0.01513	0.78489	0.02086	0.01799	0.01309	0.00654	0.00532	0.00164	0.00450	0.00532	0.00654	0.00900
17	0.02010	0.01481	0.01587	0.01216	0.01639	0.01639	0.01005	0.76360	0.02486	0.03332	0.01269	0.01269	0.00899	0.00635	0.00529	0.00159	0.00582	0.00476	0.00529	0.00899
18	0.00755	0.00566	0.00850	0.00850	0.00944	0.00661	0.00661	0.00944	0.00850	0.01227	0.01416	0.02077	0.01322	0.03965	0.79326	0.00850	0.01416	0.00566	0.00283	0.00472
19	0.05209	0.01421	0.01507	0.01179	0.01583	0.01582	0.00967	0.64479	0.11487	0.03158	0.01355	0.01338	0.00973	0.00639	0.00522	0.00161	0.00555	0.00483	0.00522	0.00879
20	0.00732	0.00518	0.00658	0.00676	0.00777	0.00474	0.00483	0.00900	0.01260	0.03452	0.36885	0.31749	0.14191	0.03898	0.00707	0.00196	0.00286	0.01159	0.00530	0.00470
21	0.00808	0.00559	0.00682	0.00640	0.00792	0.00500	0.00479	0.01011	0.01383	0.06378	0.48963	0.04139	0.26181	0.04305	0.00700	0.00183	0.00277	0.00971	0.00549	0.00500
22	0.00625	0.00536	0.00536	0.00536	0.00714	0.00446	0.00402	0.00759	0.01205	0.01428	0.05355	0.05088	0.77909	0.01339	0.00625	0.00179	0.00268	0.01116	0.00491	0.00446
23	0.00658	0.00471	0.00626	0.00727	0.00770	0.00439	0.00492	0.00771	0.01077	0.01453	0.12989	0.70705	0.03697	0.01579	0.00668	0.00208	0.00299	0.01429	0.00503	0.00439
24	0.02178	0.00858	0.01157	0.00901	0.01281	0.00742	0.00739	0.02381	0.01494	0.69656	0.06531	0.02114	0.06034	0.00719	0.00542	0.00165	0.00428	0.00590	0.00641	0.00850
25	0.76834	0.00972	0.00757	0.00684	0.00978	0.01120	0.00548	0.01477	0.00887	0.02239	0.00828	0.01115	0.00706	0.08471	0.00560	0.00198	0.00419	0.00334	0.00326	0.00548
26	0.00651	0.00463	0.00611	0.00727	0.00756	0.00434	0.00481	0.00738	0.00998	0.01330	0.02840	0.76497	0.03404	0.06362	0.00794	0.00232	0.00319	0.01460	0.00481	0.00423
27	0.64656	0.00992	0.00888	0.00756	0.01103	0.01085	0.00623	0.01807	0.01052	0.21220	0.01070	0.01092	0.00755	0.00531	0.00378	0.00164	0.00419	0.00347	0.00408	0.00654
28	0.00697	0.00531	0.00641	0.00629	0.00762	0.00475	0.00466	0.00893	0.01352	0.01815	0.46466	0.11931	0.28974	0.01223	0.00629	0.00175	0.00261	0.01063	0.00543	0.00475
29	0.02275	0.00876	0.01188	0.00919	0.01303	0.00761	0.00749	0.02467	0.01468	0.73820	0.02060	0.01899	0.01346	0.05523	0.00662	0.00185	0.00454	0.00546	0.00634	0.00865
30	0.30224	0.00941	0.01075	0.00858	0.01239	0.00915	0.00708	0.02232	0.01307	0.52880	0.01632	0.01483	0.01061	0.00599	0.00463	0.00164	0.00436	0.00449	0.00544	0.00790
31	0.08229	0.00775	0.00997	0.00842	0.01126	0.00705	0.00659	0.01920	0.01315	0.47778	0.06162	0.18478	0.01941	0.05742	0.00681	0.00195	0.00410	0.00752	0.00571	0.00720
32	0.02372	0.00900	0.01227	0.00941	0.01350	0.00777	0.00777	0.02576	0.01513	0.78489	0.02086	0.01799	0.01309	0.00654	0.00532	0.00164	0.00450	0.00532	0.00654	0.00900
33	0.34763	0.00899	0.00985	0.00838	0.01169	0.00906	0.00691	0.01943	0.01219	0.37387	0.01662	0.05463	0.01290	0.00715	0.00477	0.00174	0.00431	0.07779	0.00501	0.00709
34	0.00757	0.00561	0.00823	0.00823	0.00908	0.00646	0.00627	0.00927	0.00842	0.01207	0.01441	0.02213	0.01381	0.11602	0.71770	0.00816	0.01327	0.00586	0.00287	0.00457
35	0.27316	0.00924	0.01053	0.00862	0.01205	0.00930	0.00706	0.06395	0.01318	0.40260	0.04553	0.01594	0.01207	0.00947	0.08242	0.00231	0.00533	0.00474	0.00508	0.00742
36	0.00748	0.00540	0.00707	0.00665	0.00790	0.00499	0.00499	0.00998	0.01496	0.02120	0.77844	0.03949	0.04988	0.01081	0.00624	0.00166	0.00249	0.00956	0.00582	0.00499
37	0.00928	0.00547	0.00640	0.00619	0.00666	0.00533	0.00378	0.00963	0.00870	0.08720	0.01785	0.07916	0.01934	0.65458	0.02265	0.00445	0.00483	0.00779	0.03682	0.00391
38	0.05171	0.01269	0.02019	0.02956	0.68192	0.02681	0.01516	0.03618	0.04229	0.01810	0.01032	0.01307	0.00855	0.00487	0.00514	0.00158	0.00614	0.00465	0.00283	0.00823
39	0.01072	0.02656	0.74127	0.01550	0.02317	0.01234	0.06429	0.01675	0.01124	0.01675	0.00956	0.01135	0.00678	0.00499	0.00510	0.00168	0.00788	0.00405	0.00226	0.00777
40	0.00644	0.00460	0.00613	0.00736	0.00767	0.00429	0.00491	0.00736	0.01012	0.01350	0.02914	0.81076	0.03497	0.01656	0.00675	0.00215	0.00307	0.01503	0.00491	0.00429
41	0.00627	0.00528	0.00543	0.00555	0.00719	0.00445	0.00410	0.00756	0.01186	0.01420	0.05115	0.12580	0.70571	0.01370	0.00630	0.00182	0.00272	0.01154	0.00491	0.00445
42	0.00752	0.00514	0.00573	0.00576	0.00594	0.00504	0.00332	0.00767	0.00817	0.01072	0.02057	0.05359	0.09450	0.71738	0.02442	0.00473	0.00484	0.00819	0.00341	0.00335
43	0.01139	0.02326	0.54984	0.01706	0.02408	0.01270	0.23246	0.03621	0.01190	0.01723	0.00992	0.01209	0.00714	0.00489	0.00538	0.00170	0.00808	0.00460	0.00244	0.00765
44	0.01096	0.00940	0.01096	0.00783	0.01253	0.00705	0.00626	0.01331	0.01096	0.01723	0.00940	0.01096	0.00783	0.00392	0.00392	0.00078	0.00392	0.00313	0.00313	0.84653
45	0.01340	0.01266	0.02120	0.03152	0.74627	0.01274	0.01594	0.05039	0.01262	0.01800	0.01007	0.01307	0.00840	0.00479	0.00524	0.00157	0.00626	0.00471	0.00274	0.00840
46	0.01060	0.02735	0.78682	0.01507	0.02288	0.01228	0.01953	0.01674	0.01116	0.01674	0.00949	0.01116	0.00670	0.00502	0.00502	0.00167	0.00781	0.00391	0.00223	0.00781
47	0.00778	0.00606	0.00953	0.00913	0.01027	0.00692	0.04114	0.00978	0.00868	0.01249	0.01400	0.02047	0.01298	0.03804	0.75729	0.00819	0.01392	0.00569	0.00282	0.00483

[dist]
# distance from previous block
# <min> <max>
0	21

[block]
# block no. 3 follows, 46 sequences, length 77
# corresponding to MSA columns:
# 373-394,397-407,437-480
name=unknown_D
#
# <colnr> <probs for GDERKNQSTAVLIFYWHMCP>
#	G	D	E	R	K	N	Q	S	T	A	V	L	I	F	Y	W	H	M	C	P
0	0.01308	0.01256	0.02146	0.03245	0.78123	0.01256	0.01622	0.01622	0.01204	0.01727	0.00994	0.01308	0.00837	0.00471	0.00523	0.00157	0.00628	0.00471	0.00262	0.00837
1	0.00662	0.00537	0.00586	0.00574	0.00737	0.00462	0.00431	0.00830	0.01292	0.01634	0.26936	0.04749	0.56200	0.01262	0.00624	0.00175	0.00262	0.01068	0.00518	0.00462
2	0.00768	0.00516	0.00592	0.00592	0.00598	0.00521	0.00340	0.00779	0.00773	0.01037	0.01651	0.03381	0.01888	0.76996	0.07069	0.00532	0.00564	0.00757	0.00318	0.00329
3	0.38655	0.10422	0.01326	0.01005	0.01334	0.29812	0.00809	0.08075	0.01271	0.01937	0.00811	0.00927	0.00651	0.00518	0.00400	0.00148	0.00639	0.00322	0.00313	0.00626
4	0.01258	0.01201	0.02038	0.02980	0.68425	0.01207	0.03149	0.01561	0.01197	0.01699	0.01225	0.01664	0.03528	0.00558	0.00565	0.00164	0.02349	0.04151	0.00280	0.00799
5	0.06862	0.00926	0.01214	0.00936	0.01341	0.00828	0.00774	0.04996	0.01512	0.71828	0.01985	0.01730	0.01255	0.00645	0.00520	0.00163	0.00452	0.00516	0.00632	0.00882
6	0.00644	0.00460	0.00613	0.00736	0.00767	0.00429	0.00491	0.00736	0.01012	0.01350	0.02914	0.81076	0.03497	0.01656	0.00675	0.00215	0.00307	0.01503	0.00491	0.00429
7	0.01389	0.12186	0.22057	0.03310	0.32202	0.01268	0.02901	0.01748	0.01215	0.12753	0.03302	0.01348	0.00956	0.00521	0.00500	0.00156	0.00630	0.00451	0.00313	0.00795
8	0.01007	0.00949	0.01602	0.77951	0.05771	0.01177	0.01473	0.01358	0.01061	0.01361	0.00941	0.01407	0.00709	0.00527	0.00528	0.00176	0.00703	0.00470	0.00236	0.00594
9	0.00688	0.00538	0.00624	0.00602	0.00753	0.00473	0.00452	0.00882	0.01355	0.01785	0.42701	0.04501	0.40340	0.01206	0.00624	0.00172	0.00258	0.01033	0.00538	0.00473
10	0.01256	0.01403	0.02987	0.02366	0.12995	0.01326	0.66077	0.01684	0.01242	0.01698	0.01059	0.01410	0.00807	0.00449	0.00610	0.00175	0.00856	0.00603	0.00267	0.00730
11	0.01682	0.28191	0.03214	0.01370	0.09037	0.33242	0.01046	0.09555	0.05169	0.01581	0.00922	0.01039	0.00764	0.00524	0.00445	0.00136	0.00727	0.00362	0.00295	0.00700
12	0.01398	0.78311	0.06065	0.00931	0.01397	0.02054	0.00950	0.01587	0.01076	0.01262	0.00744	0.00860	0.00678	0.00454	0.00346	0.00115	0.00575	0.00287	0.00226	0.00683
13	0.25054	0.01271	0.01294	0.01045	0.01408	0.02893	0.00863	0.41676	0.01825	0.09206	0.01238	0.01422	0.00938	0.00645	0.00522	0.00167	0.03205	0.04090	0.00466	0.00772
14	0.01225	0.01380	0.02990	0.02157	0.02668	0.01295	0.71916	0.01659	0.01246	0.01687	0.01168	0.01684	0.00930	0.00503	0.00630	0.00182	0.00868	0.04831	0.00280	0.00700
15	0.00742	0.00540	0.00698	0.00659	0.00786	0.00496	0.00494	0.00986	0.01482	0.02086	0.74258	0.04005	0.08596	0.01094	0.00624	0.00167	0.00250	0.00964	0.00577	0.00496
16	0.01275	0.01015	0.01487	0.43877	0.08099	0.01173	0.01237	0.05867	0.16229	0.09634	0.01382	0.01699	0.01045	0.00612	0.00537	0.00175	0.00602	0.02988	0.00364	0.00700
17	0.05360	0.00712	0.00887	0.00777	0.00995	0.00679	0.00614	0.06908	0.01522	0.18190	0.46944	0.03277	0.05380	0.00955	0.00588	0.00169	0.00336	0.04519	0.00574	0.00614
18	0.01019	0.00960	0.01622	0.75127	0.08506	0.01180	0.01478	0.01368	0.01067	0.01375	0.00943	0.01403	0.00713	0.00525	0.00528	0.00175	0.00700	0.00470	0.00237	0.00604
19	0.00629	0.00532	0.00544	0.00549	0.00719	0.00447	0.00409	0.00764	0.01203	0.01442	0.07094	0.08818	0.72357	0.01348	0.00627	0.00180	0.00269	0.01131	0.00493	0.00447
20	0.85155	0.01022	0.00777	0.00695	0.01022	0.01186	0.00573	0.01554	0.00900	0.02372	0.00736	0.00859	0.00573	0.00491	0.00327	0.00164	0.00409	0.00286	0.00327	0.00573
21	0.01628	0.01239	0.01437	0.05404	0.01577	0.01415	0.00967	0.50446	0.01928	0.02613	0.01234	0.01461	0.00968	0.03240	0.14369	0.00295	0.08079	0.00497	0.00438	0.00764
22	0.01096	0.00940	0.01096	0.00783	0.01253	0.00705	0.00626	0.01331	0.01096	0.01723	0.00940	0.01096	0.00783	0.00392	0.00392	0.00078	0.00392	0.00313	0.00313	0.84653
23	0.00656	0.00537	0.00578	0.00568	0.00733	0.00459	0.00426	0.00819	0.01278	0.01602	0.23526	0.04802	0.59630	0.01274	0.00624	0.00175	0.00263	0.01076	0.00514	0.00459
24	0.01362	0.01179	0.01372	0.01428	0.13499	0.01328	0.00972	0.07716	0.60013	0.02213	0.01908	0.01819	0.01442	0.00673	0.00535	0.00174	0.00463	0.00569	0.00494	0.00841
25	0.85155	0.01022	0.00777	0.00695	0.01022	0.01186	0.00573	0.01554	0.00900	0.02372	0.00736	0.00859	0.00573	0.00491	0.00327	0.00164	0.00409	0.00286	0.00327	0.00573
26	0.00755	0.00566	0.00850	0.00850	0.00944	0.00661	0.00661	0.00944	0.00850	0.01227	0.01416	0.02077	0.01322	0.03965	0.79326	0.00850	0.01416	0.00566	0.00283	0.00472
27	0.85155	0.01022	0.00777	0.00695	0.01022	0.01186	0.00573	0.01554	0.00900	0.02372	0.00736	0.00859	0.00573	0.00491	0.00327	0.00164	0.00409	0.00286	0.00327	0.00573
28	0.01440	0.01470	0.02677	0.01947	0.02441	0.04266	0.55188	0.17726	0.03691	0.02044	0.01134	0.01391	0.00842	0.00497	0.00596	0.00173	0.00814	0.00581	0.00331	0.00753
29	0.01069	0.04703	0.76791	0.01492	0.02265	0.01249	0.01927	0.01672	0.01115	0.01663	0.00943	0.01109	0.00670	0.00501	0.00498	0.00166	0.00776	0.00388	0.00223	0.00779
30	0.01888	0.01420	0.01518	0.01192	0.01593	0.01582	0.00975	0.63449	0.15595	0.03135	0.01424	0.01393	0.01025	0.00649	0.00530	0.00162	0.00553	0.00497	0.00530	0.00888
31	0.01011	0.00954	0.01636	0.69591	0.05583	0.01153	0.05135	0.01361	0.01080	0.01392	0.01053	0.01666	0.00846	0.00576	0.00545	0.00180	0.00699	0.04693	0.00252	0.00595
32	0.01976	0.02496	0.01500	0.01359	0.01634	0.77563	0.01021	0.03771	0.01520	0.01339	0.00827	0.00960	0.00686	0.00547	0.00478	0.00137	0.00945	0.00344	0.00278	0.00619
33	0.00998	0.00940	0.01586	0.80150	0.03641	0.01175	0.01468	0.01351	0.01057	0.01351	0.00940	0.01409	0.00705	0.00529	0.00529	0.00176	0.00705	0.00470	0.00235	0.00587
34	0.02294	0.00902	0.01247	0.05448	0.01480	0.00800	0.00816	0.02507	0.01487	0.74100	0.02020	0.01777	0.01274	0.00647	0.00531	0.00164	0.00464	0.00528	0.00630	0.00882
35	0.02372	0.00900	0.01227	0.00941	0.01350	0.00777	0.00777	0.02576	0.01513	0.78489	0.02086	0.01799	0.01309	0.00654	0.00532	0.00164	0.00450	0.00532	0.00654	0.00900
36	0.00998	0.00940	0.01586	0.80150	0.03641	0.01175	0.01468	0.01351	0.01057	0.01351	0.00940	0.01409	0.00705	0.00529	0.00529	0.00176	0.00705	0.00470	0.00235	0.00587
37	0.01248	0.01426	0.03119	0.02228	0.02763	0.01337	0.76203	0.01693	0.01248	0.01693	0.01070	0.01426	0.00802	0.00446	0.00624	0.00178	0.00891	0.00624	0.00267	0.00713
38	0.01013	0.00967	0.01673	0.75717	0.03591	0.01184	0.05721	0.01370	0.01068	0.01370	0.00947	0.01410	0.00710	0.00524	0.00534	0.00176	0.00715	0.00479	0.00237	0.00594
39	0.00628	0.00536	0.00540	0.00539	0.00716	0.00448	0.00404	0.00765	0.01212	0.01446	0.07218	0.05058	0.76035	0.01332	0.00625	0.00178	0.00267	0.01112	0.00493	0.00448
40	0.01186	0.01007	0.01229	0.05142	0.01463	0.00841	0.02868	0.08778	0.01236	0.01861	0.00976	0.01140	0.00791	0.00425	0.00419	0.00094	0.00442	0.00347	0.00329	0.69427
41	0.01839	0.02184	0.01528	0.01352	0.01593	0.58312	0.01043	0.09404	0.01480	0.01494	0.00841	0.01020	0.00705	0.00618	0.00696	0.00155	0.14435	0.00375	0.00291	0.00636
42	0.01104	0.01079	0.01677	0.62780	0.16247	0.05396	0.01470	0.01438	0.01106	0.01412	0.00942	0.01368	0.00726	0.00520	0.00525	0.00171	0.00705	0.00463	0.00241	0.00631
43	0.00849	0.00618	0.00750	0.00775	0.05205	0.00553	0.00541	0.01065	0.02897	0.07390	0.29350	0.04180	0.41589	0.01139	0.00610	0.00172	0.00299	0.00971	0.00522	0.00528
44	0.00920	0.00534	0.00758	0.00744	0.00771	0.00570	0.00517	0.00856	0.04835	0.01041	0.01082	0.01784	0.01059	0.07136	0.10697	0.62381	0.03252	0.00499	0.00258	0.00307
45	0.01263	0.01097	0.01249	0.01239	0.08037	0.01250	0.00886	0.02516	0.62286	0.02137	0.08297	0.02058	0.01802	0.00731	0.00574	0.00178	0.02475	0.00613	0.00510	0.00802
46	0.01413	0.81739	0.02770	0.00905	0.01357	0.02092	0.00905	0.01583	0.01074	0.01244	0.00735	0.00848	0.00678	0.00452	0.00339	0.00113	0.00565	0.00283	0.00226	0.00678
47	0.01060	0.02735	0.78682	0.01507	0.02288	0.01228	0.01953	0.01674	0.01116	0.01674	0.00949	0.01116	0.00670	0.00502	0.00502	0.00167	0.00781	0.00391	0.00223	0.00781
48	0.01382	0.66831	0.12321	0.00995	0.01473	0.05305	0.01033	0.01603	0.01093	0.01297	0.00782	0.00933	0.00699	0.01890	0.00407	0.00128	0.00609	0.00307	0.00229	0.00682
49	0.85155	0.01022	0.00777	0.00695	0.01022	0.01186	0.00573	0.01554	0.00900	0.02372	0.00736	0.00859	0.00573	0.00491	0.00327	0.00164	0.00409	0.00286	0.00327	0.00573
50	0.00769	0.00570	0.00721	0.00682	0.00816	0.00538	0.00511	0.01075	0.05544	0.02067	0.67837	0.05822	0.08863	0.01090	0.00620	0.00169	0.00261	0.00959	0.00572	0.00512
51	0.01060	0.02735	0.78682	0.01507	0.02288	0.01228	0.01953	0.01674	0.01116	0.01674	0.00949	0.01116	0.00670	0.00502	0.00502	0.00167	0.00781	0.00391	0.00223	0.00781
52	0.01121	0.01108	0.01612	0.19116	0.01895	0.01519	0.01227	0.01290	0.00865	0.01290	0.00749	0.01214	0.00696	0.00836	0.01463	0.00219	0.62503	0.00464	0.00232	0.00580
53	0.00741	0.00540	0.00697	0.00658	0.00785	0.00496	0.00493	0.00984	0.01480	0.02081	0.73722	0.04014	0.09135	0.01095	0.00624	0.00167	0.00250	0.00965	0.00577	0.00496
54	0.01050	0.02542	0.70360	0.01502	0.02231	0.01192	0.05873	0.01630	0.01128	0.01673	0.02612	0.03895	0.00862	0.00550	0.00517	0.00170	0.00760	0.00453	0.00242	0.00760
55	0.00748	0.00540	0.00707	0.00665	0.00790	0.00499	0.00499	0.00998	0.01496	0.02120	0.77844	0.03949	0.04988	0.01081	0.00624	0.00166	0.00249	0.00956	0.00582	0.00499
56	0.04197	0.02165	0.01569	0.01377	0.01670	0.59387	0.07482	0.06199	0.01492	0.01499	0.01027	0.01425	0.00897	0.00616	0.00509	0.00151	0.00873	0.06534	0.00306	0.00626
57	0.00769	0.00513	0.00577	0.00577	0.00577	0.00513	0.00320	0.00769	0.00769	0.01025	0.01666	0.03460	0.01922	0.81421	0.02691	0.00513	0.00513	0.00769	0.00320	0.00320
58	0.00818	0.00653	0.00933	0.00898	0.00966	0.00787	0.00694	0.00975	0.00880	0.01272	0.05741	0.06001	0.01589	0.10623	0.50669	0.00644	0.14444	0.00636	0.00305	0.00475
59	0.00637	0.00532	0.00555	0.00558	0.00724	0.00450	0.00415	0.00778	0.01220	0.01485	0.11602	0.09080	0.67485	0.01333	0.00627	0.00179	0.00268	0.01123	0.00499	0.00450
60	0.00998	0.00940	0.01586	0.80150	0.03641	0.01175	0.01468	0.01351	0.01057	0.01351	0.00940	0.01409	0.00705	0.00529	0.00529	0.00176	0.00705	0.00470	0.00235	0.00587
61	0.82458	0.01037	0.00803	0.00712	0.01042	0.01201	0.00587	0.03981	0.00951	0.02403	0.00753	0.00872	0.00583	0.00495	0.00334	0.00163	0.00415	0.00292	0.00334	0.00583
62	0.01096	0.00940	0.01096	0.00783	0.01253	0.00705	0.00626	0.01331	0.01096	0.01723	0.00940	0.01096	0.00783	0.00392	0.00392	0.00078	0.00392	0.00313	0.00313	0.84653
63	0.05389	0.01289	0.01715	0.01434	0.01525	0.07975	0.08492	0.01397	0.00914	0.01370	0.00743	0.01152	0.00698	0.00825	0.01452	0.00215	0.62119	0.00460	0.00243	0.00594
64	0.85155	0.01022	0.00777	0.00695	0.01022	0.01186	0.00573	0.01554	0.00900	0.02372	0.00736	0.00859	0.00573	0.00491	0.00327	0.00164	0.00409	0.00286	0.00327	0.00573
65	0.04051	0.00922	0.01170	0.00949	0.01274	0.03084	0.00770	0.02232	0.05437	0.54089	0.01852	0.01789	0.01268	0.02514	0.08634	0.00242	0.05125	0.00526	0.03277	0.00794
66	0.85155	0.01022	0.00777	0.00695	0.01022	0.01186	0.00573	0.01554	0.00900	0.02372	0.00736	0.00859	0.00573	0.00491	0.00327	0.00164	0.00409	0.00286	0.00327	0.00573
67	0.01312	0.01283	0.02021	0.05511	0.67206	0.05659	0.01542	0.01613	0.01216	0.01682	0.01080	0.01542	0.00943	0.00530	0.00532	0.00161	0.00641	0.04454	0.00274	0.00798
68	0.00748	0.00540	0.00707	0.00665	0.00790	0.00499	0.00499	0.00998	0.01496	0.02120	0.77844	0.03949	0.04988	0.01081	0.00624	0.00166	0.00249	0.00956	0.00582	0.00499
69	0.00854	0.00646	0.00860	0.00828	0.00913	0.00742	0.00615	0.03564	0.04990	0.01297	0.01480	0.02379	0.01456	0.25202	0.46536	0.00661	0.05578	0.00616	0.00313	0.00470
70	0.01761	0.01119	0.01251	0.01022	0.01368	0.01198	0.00824	0.27073	0.25264	0.20826	0.01792	0.01697	0.01272	0.00663	0.00514	0.00162	0.00460	0.00529	0.10374	0.00832
71	0.01112	0.02519	0.67942	0.03512	0.04868	0.01222	0.06125	0.01689	0.01135	0.03643	0.00986	0.01165	0.00700	0.00503	0.00511	0.00168	0.00772	0.00412	0.00238	0.00778
72	0.00852	0.00608	0.00852	0.00974	0.01095	0.00608	0.00852	0.01095	0.01217	0.01582	0.02799	0.05963	0.03042	0.01460	0.00730	0.00243	0.00487	0.74565	0.00487	0.00487
73	0.00769	0.00513	0.00577	0.00577	0.00577	0.00513	0.00320	0.00769	0.00769	0.01025	0.01666	0.03460	0.01922	0.81421	0.02691	0.00513	0.00513	0.00769	0.00320	0.00320
74	0.01306	0.01289	0.02182	0.05935	0.65816	0.03267	0.07860	0.01625	0.01203	0.01692	0.00989	0.01310	0.00823	0.00480	0.00551	0.00160	0.01962	0.00480	0.00261	0.00808
75	0.06218	0.74276	0.02611	0.00909	0.01348	0.04819	0.00890	0.01600	0.01079	0.01310	0.00738	0.00852	0.00672	0.00458	0.00343	0.00117	0.00570	0.00285	0.00234	0.00670
76	0.01399	0.01401	0.02017	0.03955	0.43445	0.11240	0.10913	0.03839	0.03157	0.03157	0.01027	0.01283	0.00833	0.00495	0.00543	0.00153	0.02253	0.00464	0.00289	0.08139

[dist]
# distance from previous block
# <min> <max>
0	1

[block]
# block no. 4 follows, 46 sequences, length 19
# corresponding to MSA columns:
# 482,484-486,488-502
name=unknown_E
#
# <colnr> <probs for GDERKNQSTAVLIFYWHMCP>
#	G	D	E	R	K	N	Q	S	T	A	V	L	I	F	Y	W	H	M	C	P
0	0.01366	0.68486	0.11791	0.00985	0.01469	0.01952	0.01027	0.01652	0.04656	0.01341	0.00827	0.00933	0.00721	0.00471	0.00368	0.00123	0.00584	0.00310	0.00240	0.00698
1	0.04618	0.01285	0.01903	0.18541	0.50614	0.07426	0.01479	0.03168	0.01204	0.01666	0.00958	0.01279	0.00786	0.00503	0.00539	0.00161	0.02399	0.00453	0.00265	0.00754
2	0.01332	0.05351	0.13699	0.07666	0.11111	0.05900	0.29049	0.03856	0.10286	0.04760	0.01177	0.01385	0.00885	0.00515	0.00549	0.00168	0.00737	0.00517	0.00311	0.00748
3	0.00918	0.00459	0.00689	0.00689	0.00689	0.00459	0.00459	0.00689	0.00689	0.00918	0.00918	0.01607	0.00918	0.01837	0.02066	0.84619	0.00459	0.00459	0.00230	0.00230
4	0.01297	0.01257	0.02179	0.05005	0.69274	0.01261	0.06824	0.01648	0.02935	0.01727	0.01025	0.01334	0.00849	0.00476	0.00531	0.00159	0.00644	0.00485	0.00268	0.00823
5	0.00765	0.00529	0.00662	0.00662	0.00691	0.00559	0.00426	0.00823	0.00794	0.01088	0.01588	0.03029	0.01735	0.57303	0.26553	0.00617	0.00794	0.00706	0.00309	0.00368
6	0.01273	0.01088	0.01164	0.01067	0.01350	0.01251	0.00838	0.02655	0.70326	0.02155	0.02210	0.02332	0.01742	0.00784	0.00555	0.00185	0.00425	0.07261	0.00533	0.00805
7	0.00803	0.02439	0.00898	0.00844	0.00953	0.00707	0.00658	0.02928	0.00925	0.01318	0.04936	0.02156	0.01483	0.05991	0.69524	0.00773	0.01294	0.00582	0.00303	0.00485
8	0.00654	0.00467	0.00624	0.00747	0.00782	0.00438	0.00507	0.00753	0.01022	0.01360	0.02908	0.77608	0.03476	0.01647	0.00677	0.00216	0.00315	0.04876	0.00491	0.00432
9	0.00661	0.00561	0.00657	0.00634	0.00804	0.00482	0.03266	0.00812	0.01210	0.01490	0.11357	0.13642	0.59921	0.01319	0.00630	0.00182	0.00294	0.01128	0.00491	0.00459
10	0.00805	0.00553	0.00725	0.00675	0.00809	0.00508	0.00508	0.01053	0.01497	0.04778	0.75207	0.03874	0.04860	0.01066	0.00620	0.00166	0.00256	0.00941	0.00584	0.00513
11	0.01158	0.18784	0.52794	0.01481	0.02161	0.01420	0.11854	0.01658	0.01125	0.01588	0.00921	0.01103	0.00690	0.00484	0.00485	0.00158	0.00752	0.00400	0.00230	0.00751
12	0.00662	0.00547	0.00571	0.00570	0.00730	0.00477	0.00418	0.00830	0.03284	0.01461	0.09302	0.08334	0.62763	0.06772	0.00765	0.00202	0.00289	0.01086	0.00486	0.00451
13	0.01126	0.04721	0.01403	0.08384	0.16559	0.02830	0.02383	0.01739	0.23713	0.01774	0.09718	0.11653	0.01947	0.00841	0.00609	0.00180	0.03490	0.05833	0.00416	0.00682
14	0.01921	0.03827	0.01623	0.01222	0.01623	0.03655	0.04549	0.52112	0.07506	0.11915	0.01373	0.01365	0.00975	0.00635	0.00566	0.00162	0.03117	0.00488	0.00506	0.00861
15	0.01096	0.00940	0.01096	0.00783	0.01253	0.00705	0.00626	0.01331	0.01096	0.01723	0.00940	0.01096	0.00783	0.00392	0.00392	0.00078	0.00392	0.00313	0.00313	0.84653
16	0.01616	0.01302	0.01482	0.03565	0.01594	0.03652	0.03857	0.37687	0.19896	0.03690	0.05008	0.01573	0.01240	0.00740	0.02024	0.00181	0.07192	0.00527	0.00475	0.02700
17	0.01171	0.01087	0.01603	0.06488	0.06594	0.01027	0.13234	0.03729	0.04163	0.01713	0.00996	0.01231	0.00811	0.00493	0.00603	0.00129	0.09237	0.00417	0.00304	0.44968
18	0.07060	0.01022	0.01277	0.01106	0.05901	0.01003	0.00841	0.16159	0.06551	0.44655	0.03871	0.05347	0.01380	0.00692	0.00528	0.00166	0.00469	0.00563	0.00571	0.00839

[dist]
# distance from previous block
# <min> <max>
0	2

[block]
# block no. 5 follows, 46 sequences, length 10
# corresponding to MSA columns:
# 505-514
name=unknown_F
#
# <colnr> <probs for GDERKNQSTAVLIFYWHMCP>
#	G	D	E	R	K	N	Q	S	T	A	V	L	I	F	Y	W	H	M	C	P
0	0.01189	0.01355	0.06386	0.20359	0.13292	0.01283	0.44981	0.01603	0.01191	0.01618	0.01023	0.01391	0.00778	0.00471	0.00582	0.00174	0.00806	0.00556	0.00257	0.00704
1	0.00666	0.00477	0.00627	0.00733	0.00776	0.00447	0.00501	0.00769	0.01035	0.01376	0.05499	0.67439	0.05865	0.05713	0.00778	0.00229	0.00325	0.05830	0.00485	0.00430
2	0.00791	0.00596	0.00761	0.00843	0.00975	0.00578	0.00698	0.01044	0.04480	0.01544	0.03407	0.14722	0.21241	0.01422	0.00689	0.00221	0.00409	0.44605	0.00490	0.00485
3	0.00644	0.00460	0.00613	0.00736	0.00767	0.00429	0.00491	0.00736	0.01012	0.01350	0.02914	0.81076	0.03497	0.01656	0.00675	0.00215	0.00307	0.01503	0.00491	0.00429
4	0.01060	0.02735	0.78682	0.01507	0.02288	0.01228	0.01953	0.01674	0.01116	0.01674	0.00949	0.01116	0.00670	0.00502	0.00502	0.00167	0.00781	0.00391	0.00223	0.00781
5	0.02010	0.01481	0.01587	0.01216	0.01639	0.01639	0.01005	0.76360	0.02486	0.03332	0.01269	0.01269	0.00899	0.00635	0.00529	0.00159	0.00582	0.00476	0.00529	0.00899
6	0.00756	0.00563	0.00831	0.00831	0.00919	0.00651	0.00638	0.00932	0.00844	0.01213	0.01433	0.02171	0.01362	0.09227	0.74120	0.00827	0.01355	0.00580	0.00286	0.00462
7	0.00703	0.00519	0.00664	0.00717	0.00814	0.00480	0.00532	0.00872	0.01220	0.01627	0.25599	0.33934	0.16497	0.01402	0.00659	0.00198	0.00310	0.12273	0.00517	0.00462
8	0.07461	0.00946	0.01072	0.00776	0.01235	0.00741	0.00622	0.01348	0.01081	0.01772	0.00924	0.01078	0.00767	0.00399	0.00387	0.00085	0.00393	0.00311	0.00314	0.78287
9	0.10494	0.01102	0.07262	0.00983	0.01410	0.00928	0.00866	0.07305	0.03918	0.57427	0.01810	0.01622	0.01168	0.00627	0.00509	0.00164	0.00479	0.00494	0.00576	0.00856

[dist]
# distance from previous block
# <min> <max>
0	9

# created by:
# /st0/software/busco_prod/Augustus/scripts/msa2prfl.pl ./align_prep/209302.fa
