[name]
unknown

[dist]
# distance from previous block
# <min> <max>
21	263

[block]
# block no. 0 follows, 56 sequences, length 46
# corresponding to MSA columns:
# 346-391
name=unknown_A
#
# <colnr> <probs for GDERKNQSTAVLIFYWHMCP>
#	G	D	E	R	K	N	Q	S	T	A	V	L	I	F	Y	W	H	M	C	P
0	0.04280	0.00939	0.01174	0.03010	0.03453	0.01012	0.04477	0.26771	0.08056	0.12740	0.01285	0.02266	0.01867	0.05347	0.11821	0.00241	0.04891	0.00462	0.01905	0.04003
1	0.30565	0.00959	0.07169	0.05999	0.08962	0.00888	0.00784	0.01649	0.03748	0.28024	0.04266	0.01288	0.00951	0.02336	0.00443	0.00150	0.00423	0.00392	0.00375	0.00629
2	0.04180	0.03275	0.01610	0.07017	0.46361	0.00999	0.05255	0.01515	0.03722	0.13882	0.04843	0.01361	0.00986	0.02417	0.00499	0.00147	0.00505	0.00444	0.00303	0.00680
3	0.06014	0.09616	0.05392	0.10418	0.12459	0.01104	0.00895	0.05237	0.29177	0.02763	0.05078	0.01540	0.04900	0.00558	0.00438	0.00141	0.00439	0.00462	0.00347	0.03022
4	0.01155	0.04315	0.03630	0.02179	0.54399	0.01079	0.01208	0.11675	0.01204	0.01681	0.06412	0.01547	0.01102	0.00523	0.00467	0.00141	0.00510	0.05796	0.00288	0.00687
5	0.06389	0.01187	0.07147	0.01044	0.02519	0.05334	0.05663	0.30101	0.07532	0.16432	0.02745	0.01527	0.01898	0.00581	0.00461	0.00144	0.00494	0.05317	0.00414	0.03071
6	0.05696	0.00888	0.01340	0.06586	0.34954	0.00865	0.02109	0.02699	0.01091	0.13127	0.07101	0.01708	0.04394	0.00552	0.00456	0.00137	0.00452	0.05117	0.00328	0.10402
7	0.01392	0.01304	0.01097	0.00960	0.01202	0.27190	0.00736	0.22977	0.06347	0.05508	0.01366	0.19943	0.01285	0.00721	0.00467	0.00140	0.00531	0.00580	0.00374	0.05881
8	0.01066	0.04211	0.05283	0.00831	0.01215	0.00838	0.03444	0.01565	0.20880	0.05378	0.01125	0.01175	0.00875	0.00431	0.00388	0.00102	0.00387	0.00355	0.00327	0.50123
9	0.00928	0.13439	0.01133	0.00791	0.00985	0.00838	0.04677	0.06343	0.00930	0.05055	0.03343	0.01706	0.01142	0.13494	0.36760	0.00437	0.00804	0.00469	0.00281	0.06446
10	0.01232	0.44882	0.02023	0.01014	0.01362	0.08139	0.13898	0.01495	0.06488	0.06142	0.00973	0.05360	0.00848	0.00600	0.03580	0.00146	0.00568	0.00397	0.00261	0.00592
11	0.00957	0.11774	0.61794	0.01262	0.01857	0.01128	0.06906	0.01415	0.00978	0.01406	0.00908	0.01219	0.00717	0.00479	0.00439	0.00145	0.00647	0.05109	0.00211	0.00648
12	0.00997	0.03082	0.05380	0.34733	0.29094	0.02515	0.05361	0.01346	0.05122	0.01389	0.05799	0.01325	0.00923	0.00474	0.00461	0.00145	0.00565	0.00438	0.00245	0.00606
13	0.00930	0.00880	0.01484	0.51269	0.17717	0.01007	0.06614	0.01280	0.05821	0.01302	0.01014	0.06822	0.00853	0.00521	0.00473	0.00152	0.00572	0.00485	0.00242	0.00563
14	0.00680	0.00476	0.00686	0.00703	0.00785	0.00440	0.04540	0.00804	0.00983	0.05526	0.14988	0.60698	0.04413	0.01253	0.00569	0.00175	0.00291	0.01139	0.00436	0.00417
15	0.00572	0.00411	0.00553	0.00642	0.00678	0.00391	0.00437	0.00668	0.00899	0.01212	0.07967	0.72243	0.02997	0.01542	0.06223	0.00222	0.00330	0.01215	0.00419	0.00380
16	0.01087	0.08472	0.45038	0.01288	0.03222	0.03806	0.12156	0.04184	0.04149	0.06376	0.01020	0.05348	0.00802	0.00498	0.00450	0.00144	0.00622	0.00427	0.00256	0.00655
17	0.01062	0.01143	0.01983	0.01505	0.01839	0.09470	0.47921	0.05031	0.01092	0.01417	0.01169	0.12657	0.01063	0.00881	0.09361	0.00218	0.00746	0.00610	0.00272	0.00561
18	0.01715	0.02188	0.01301	0.01183	0.01419	0.82022	0.00887	0.01833	0.01301	0.01124	0.00710	0.00828	0.00591	0.00473	0.00414	0.00118	0.00828	0.00296	0.00237	0.00532
19	0.00997	0.00970	0.01692	0.30336	0.34877	0.01058	0.10447	0.01272	0.00973	0.01338	0.00925	0.05520	0.00797	0.00505	0.00546	0.00151	0.06292	0.00471	0.00228	0.00605
20	0.00971	0.00924	0.01521	0.58087	0.22907	0.02281	0.02531	0.02969	0.00986	0.01298	0.00835	0.01193	0.00646	0.00447	0.00458	0.00148	0.00599	0.00409	0.00216	0.00573
21	0.00589	0.00483	0.00553	0.04223	0.00775	0.00433	0.00441	0.00731	0.01060	0.01315	0.13102	0.09707	0.55770	0.01133	0.00550	0.00161	0.00267	0.07881	0.00425	0.00401
22	0.01089	0.01223	0.02620	0.02027	0.10633	0.01154	0.71172	0.01464	0.01080	0.01474	0.00922	0.01228	0.00700	0.00389	0.00533	0.00153	0.00750	0.00528	0.00232	0.00631
23	0.02114	0.01194	0.14733	0.13757	0.24991	0.01009	0.09752	0.01544	0.10533	0.08290	0.06587	0.01392	0.01045	0.00494	0.00468	0.00146	0.00542	0.00457	0.00296	0.00657
24	0.01182	0.01312	0.25773	0.01143	0.01547	0.00898	0.13584	0.08678	0.01149	0.17392	0.03500	0.06774	0.01146	0.00898	0.09030	0.00213	0.00627	0.04182	0.00339	0.00632
25	0.01715	0.02188	0.01301	0.01183	0.01419	0.82022	0.00887	0.01833	0.01301	0.01124	0.00710	0.00828	0.00591	0.00473	0.00414	0.00118	0.00828	0.00296	0.00237	0.00532
26	0.13602	0.01650	0.01268	0.16988	0.03446	0.47865	0.02307	0.03855	0.01158	0.01331	0.00737	0.00918	0.00593	0.00469	0.00428	0.00131	0.02153	0.00323	0.00242	0.00535
27	0.01815	0.00727	0.00987	0.00775	0.01088	0.00633	0.00633	0.02000	0.01312	0.67531	0.15508	0.01886	0.01691	0.00632	0.00476	0.00142	0.00360	0.00526	0.00557	0.00721
28	0.00952	0.00816	0.00952	0.00680	0.01088	0.00612	0.00544	0.01156	0.00952	0.01496	0.00816	0.00952	0.00680	0.00340	0.00340	0.00068	0.00340	0.00272	0.00272	0.86672
29	0.05681	0.18126	0.27046	0.04214	0.02906	0.02971	0.02896	0.01537	0.02994	0.16062	0.03718	0.03936	0.00921	0.00502	0.00412	0.00133	0.00519	0.00396	0.00299	0.04730
30	0.08149	0.52602	0.23492	0.00925	0.01380	0.04270	0.01010	0.01410	0.00943	0.01262	0.00691	0.00803	0.00580	0.00410	0.00336	0.00115	0.00542	0.00273	0.00204	0.00604
31	0.00668	0.00445	0.00501	0.00501	0.00501	0.00445	0.00278	0.00668	0.00668	0.00890	0.01447	0.03004	0.01669	0.83866	0.02337	0.00445	0.00445	0.00668	0.00278	0.00278
32	0.00952	0.00816	0.00952	0.00680	0.01088	0.00612	0.00544	0.01156	0.00952	0.01496	0.00816	0.00952	0.00680	0.00340	0.00340	0.00068	0.00340	0.00272	0.00272	0.86672
33	0.18875	0.01490	0.01138	0.00977	0.01264	0.34451	0.00766	0.15818	0.07696	0.11827	0.00999	0.01025	0.00741	0.00502	0.00406	0.00133	0.00582	0.00346	0.00347	0.00617
34	0.00668	0.00445	0.00501	0.00501	0.00501	0.00445	0.00278	0.00668	0.00668	0.00890	0.01447	0.03004	0.01669	0.83866	0.02337	0.00445	0.00445	0.00668	0.00278	0.00278
35	0.00584	0.00467	0.00523	0.00509	0.00646	0.00405	0.00382	0.00740	0.01145	0.01474	0.34281	0.04033	0.51039	0.01075	0.00542	0.00151	0.00226	0.00915	0.00457	0.00405
36	0.00867	0.00816	0.01377	0.82762	0.03162	0.01020	0.01275	0.01173	0.00918	0.01173	0.00816	0.01224	0.00612	0.00459	0.00459	0.00153	0.00612	0.00408	0.00204	0.00510
37	0.00944	0.02221	0.71042	0.01412	0.03878	0.01077	0.10151	0.01455	0.00984	0.01457	0.00836	0.01003	0.00598	0.00430	0.00448	0.00146	0.00686	0.00363	0.00199	0.00673
38	0.84225	0.00884	0.00688	0.00611	0.00897	0.01018	0.00503	0.01380	0.00799	0.04747	0.00679	0.00773	0.00519	0.00431	0.00290	0.00142	0.00356	0.00256	0.00294	0.00507
39	0.00665	0.00455	0.00551	0.00551	0.00569	0.00473	0.00341	0.00700	0.00683	0.00928	0.01400	0.02748	0.01558	0.66729	0.19322	0.00507	0.00612	0.00630	0.00271	0.00306
40	0.01113	0.32032	0.26305	0.01299	0.05481	0.04111	0.17412	0.01479	0.04222	0.01330	0.00818	0.00973	0.00649	0.00418	0.00408	0.00129	0.00615	0.00356	0.00217	0.00633
41	0.00649	0.00473	0.00613	0.00589	0.00700	0.00437	0.00449	0.00859	0.01267	0.01772	0.70660	0.03611	0.08914	0.00975	0.00548	0.00150	0.00232	0.06176	0.00495	0.00430
42	0.01051	0.01034	0.03096	0.18216	0.57416	0.02080	0.02356	0.01323	0.01013	0.01410	0.00955	0.06213	0.00842	0.00483	0.00464	0.00143	0.00550	0.00463	0.00235	0.00658
43	0.00646	0.00469	0.00608	0.00573	0.00683	0.00432	0.00430	0.00859	0.01290	0.01819	0.77999	0.03465	0.07106	0.00947	0.00542	0.00145	0.00217	0.00835	0.00503	0.00432
44	0.00613	0.00465	0.00565	0.00546	0.00665	0.00417	0.00407	0.00793	0.01204	0.01628	0.54108	0.07340	0.27514	0.01029	0.00544	0.00150	0.00224	0.00894	0.00478	0.00417
45	0.07269	0.00917	0.01044	0.00885	0.01165	0.00997	0.00708	0.04996	0.41361	0.27222	0.01720	0.01586	0.02527	0.00608	0.00508	0.00152	0.04670	0.00480	0.00472	0.00713

[dist]
# distance from previous block
# <min> <max>
0	1

[block]
# block no. 1 follows, 56 sequences, length 26
# corresponding to MSA columns:
# 393-418
name=unknown_B
#
# <colnr> <probs for GDERKNQSTAVLIFYWHMCP>
#	G	D	E	R	K	N	Q	S	T	A	V	L	I	F	Y	W	H	M	C	P
0	0.01162	0.43789	0.27225	0.00979	0.01453	0.06188	0.01066	0.04810	0.01021	0.01310	0.00734	0.00847	0.00602	0.00414	0.00357	0.00114	0.00560	0.00287	0.00215	0.06868
1	0.14907	0.14873	0.04949	0.01170	0.07615	0.38737	0.03520	0.03561	0.01133	0.03302	0.00756	0.00884	0.00616	0.00491	0.01570	0.00133	0.00657	0.00309	0.00249	0.00571
2	0.00657	0.00487	0.00715	0.00715	0.00790	0.00562	0.00546	0.00805	0.00731	0.01049	0.01250	0.01917	0.01197	0.11047	0.74510	0.00710	0.01156	0.00509	0.00249	0.00397
3	0.00768	0.00708	0.03179	0.02187	0.05735	0.00647	0.10887	0.01095	0.08242	0.01633	0.39309	0.04658	0.17418	0.00838	0.00527	0.00149	0.00345	0.00756	0.00420	0.00499
4	0.01105	0.05957	0.05407	0.01740	0.35793	0.01115	0.01057	0.01791	0.32782	0.01661	0.05854	0.01468	0.01190	0.00526	0.00454	0.00143	0.00457	0.00464	0.00336	0.00700
5	0.01225	0.00904	0.01293	0.29494	0.01948	0.01000	0.07910	0.12349	0.15359	0.13055	0.01266	0.01394	0.00917	0.00518	0.00454	0.00145	0.00495	0.00450	0.09196	0.00626
6	0.04952	0.48259	0.11773	0.00912	0.03950	0.02520	0.00872	0.04678	0.01014	0.05254	0.00831	0.00920	0.01922	0.00423	0.00343	0.00109	0.00489	0.00296	0.00243	0.10240
7	0.01612	0.07981	0.05773	0.01047	0.01417	0.06151	0.00900	0.58620	0.07852	0.02493	0.01085	0.01096	0.00791	0.00533	0.00443	0.00135	0.00522	0.00397	0.00411	0.00741
8	0.87108	0.00888	0.00675	0.00604	0.00888	0.01030	0.00497	0.01350	0.00781	0.02060	0.00639	0.00746	0.00497	0.00426	0.00284	0.00142	0.00355	0.00249	0.00284	0.00497
9	0.00559	0.00400	0.00533	0.00639	0.00666	0.00373	0.00426	0.00639	0.00879	0.01172	0.02530	0.83566	0.03036	0.01438	0.00586	0.00186	0.00266	0.01305	0.00426	0.00373
10	0.00561	0.00461	0.00495	0.00508	0.00643	0.00395	0.00379	0.00684	0.01048	0.01284	0.10122	0.12813	0.63535	0.01179	0.00551	0.00160	0.00243	0.04115	0.00432	0.00391
11	0.00647	0.00479	0.00695	0.00702	0.00775	0.00538	0.00531	0.00795	0.00779	0.01109	0.06040	0.09560	0.01547	0.08858	0.64012	0.00631	0.01025	0.00600	0.00280	0.00398
12	0.00885	0.00917	0.08902	0.28377	0.23509	0.00856	0.01092	0.01118	0.00921	0.01272	0.01136	0.14489	0.01077	0.00764	0.02282	0.07647	0.00525	0.00548	0.03151	0.00531
13	0.01227	0.84142	0.02406	0.00786	0.01178	0.01817	0.00786	0.01375	0.00933	0.01080	0.00638	0.00736	0.00589	0.00393	0.00295	0.00098	0.00491	0.00245	0.00196	0.00589
14	0.00622	0.00458	0.00542	0.00548	0.00613	0.00449	0.00370	0.00699	0.00821	0.01070	0.04607	0.08300	0.24446	0.36766	0.17333	0.00395	0.00521	0.00765	0.00330	0.00346
15	0.01069	0.03346	0.33524	0.01394	0.17123	0.04332	0.02195	0.03521	0.01125	0.08535	0.16578	0.02711	0.01435	0.00558	0.00463	0.00141	0.00530	0.00474	0.00307	0.00639
16	0.00815	0.00852	0.14558	0.00768	0.01012	0.00587	0.03974	0.01080	0.01211	0.07933	0.50286	0.02864	0.10579	0.00822	0.00517	0.00146	0.00334	0.00718	0.00438	0.00506
17	0.87108	0.00888	0.00675	0.00604	0.00888	0.01030	0.00497	0.01350	0.00781	0.02060	0.00639	0.00746	0.00497	0.00426	0.00284	0.00142	0.00355	0.00249	0.00284	0.00497
18	0.01133	0.08009	0.16437	0.01461	0.14983	0.04214	0.13393	0.08290	0.18058	0.01632	0.01299	0.01450	0.04809	0.00526	0.00462	0.00144	0.00552	0.02179	0.00305	0.00664
19	0.87108	0.00888	0.00675	0.00604	0.00888	0.01030	0.00497	0.01350	0.00781	0.02060	0.00639	0.00746	0.00497	0.00426	0.00284	0.00142	0.00355	0.00249	0.00284	0.00497
20	0.01282	0.49845	0.11568	0.00933	0.03721	0.05867	0.00889	0.01520	0.03377	0.09856	0.00848	0.00915	0.00682	0.00425	0.00350	0.00110	0.00508	0.00298	0.00253	0.06752
21	0.00971	0.00689	0.00925	0.00864	0.05622	0.00700	0.07830	0.12279	0.01124	0.01710	0.02927	0.13242	0.01362	0.03897	0.01646	0.00152	0.02209	0.00572	0.37870	0.03408
22	0.00952	0.00816	0.00952	0.00680	0.01088	0.00612	0.00544	0.01156	0.00952	0.01496	0.00816	0.00952	0.00680	0.00340	0.00340	0.00068	0.00340	0.00272	0.00272	0.86672
23	0.01111	0.01275	0.12510	0.02270	0.48731	0.01097	0.15078	0.04721	0.03467	0.01569	0.03118	0.01211	0.00825	0.00436	0.00470	0.00142	0.00587	0.00438	0.00248	0.00696
24	0.05977	0.56498	0.09389	0.00830	0.01232	0.01501	0.00833	0.02955	0.01015	0.13131	0.02398	0.00940	0.00741	0.00438	0.00340	0.00113	0.00481	0.00301	0.00267	0.00622
25	0.80166	0.03169	0.05102	0.00647	0.00955	0.01053	0.00570	0.01356	0.00796	0.02001	0.00649	0.00758	0.00504	0.00426	0.00293	0.00141	0.00376	0.00253	0.00277	0.00509

[dist]
# distance from previous block
# <min> <max>
3	11

[block]
# block no. 2 follows, 56 sequences, length 12
# corresponding to MSA columns:
# 430-441
name=unknown_C
#
# <colnr> <probs for GDERKNQSTAVLIFYWHMCP>
#	G	D	E	R	K	N	Q	S	T	A	V	L	I	F	Y	W	H	M	C	P
0	0.00880	0.00743	0.00827	0.00813	0.03528	0.00795	0.00600	0.01602	0.40420	0.01654	0.11330	0.07919	0.22343	0.00867	0.00508	0.00158	0.00315	0.03677	0.00449	0.00573
1	0.00668	0.00445	0.00501	0.00501	0.00501	0.00445	0.00278	0.00668	0.00668	0.00890	0.01447	0.03004	0.01669	0.83866	0.02337	0.00445	0.00445	0.00668	0.00278	0.00278
2	0.01127	0.10271	0.01581	0.01201	0.01303	0.11990	0.05713	0.01252	0.00830	0.01127	0.00640	0.00966	0.00605	0.00690	0.01172	0.00176	0.58248	0.00379	0.00207	0.00523
3	0.00656	0.00492	0.00738	0.00738	0.00820	0.00574	0.00574	0.00820	0.00738	0.01066	0.01230	0.01804	0.01148	0.03443	0.82046	0.00738	0.01230	0.00492	0.00246	0.00410
4	0.00723	0.00586	0.00656	0.00618	0.00778	0.00578	0.00469	0.01150	0.19222	0.01639	0.34909	0.03399	0.31631	0.00948	0.00525	0.00151	0.00256	0.00810	0.00468	0.00484
5	0.72719	0.00870	0.00741	0.00640	0.00936	0.00970	0.00527	0.01500	0.00871	0.15470	0.00838	0.00884	0.00605	0.00450	0.00314	0.00142	0.00361	0.00285	0.00332	0.00545
6	0.00656	0.00492	0.00738	0.00738	0.00820	0.00574	0.00574	0.00820	0.00738	0.01066	0.01230	0.01804	0.01148	0.03443	0.82046	0.00738	0.01230	0.00492	0.00246	0.00410
7	0.01715	0.02188	0.01301	0.01183	0.01419	0.82022	0.00887	0.01833	0.01301	0.01124	0.00710	0.00828	0.00591	0.00473	0.00414	0.00118	0.00828	0.00296	0.00237	0.00532
8	0.00921	0.02375	0.81487	0.01309	0.01987	0.01066	0.01696	0.01454	0.00969	0.01454	0.00824	0.00969	0.00582	0.00436	0.00436	0.00145	0.00678	0.00339	0.00194	0.00678
9	0.01763	0.01332	0.01314	0.01037	0.01381	0.12431	0.00843	0.55739	0.04535	0.13224	0.01170	0.01147	0.00823	0.00545	0.00454	0.00136	0.00529	0.00407	0.00444	0.00745
10	0.87108	0.00888	0.00675	0.00604	0.00888	0.01030	0.00497	0.01350	0.00781	0.02060	0.00639	0.00746	0.00497	0.00426	0.00284	0.00142	0.00355	0.00249	0.00284	0.00497
11	0.10044	0.00862	0.01310	0.58059	0.09495	0.01026	0.01140	0.06256	0.01012	0.01437	0.04485	0.01259	0.00791	0.00479	0.00444	0.00149	0.00554	0.00411	0.00245	0.00542

[dist]
# distance from previous block
# <min> <max>
0	9

[block]
# block no. 3 follows, 56 sequences, length 23
# corresponding to MSA columns:
# 451-473
name=unknown_D
#
# <colnr> <probs for GDERKNQSTAVLIFYWHMCP>
#	G	D	E	R	K	N	Q	S	T	A	V	L	I	F	Y	W	H	M	C	P
0	0.00858	0.00770	0.01207	0.60109	0.02528	0.00916	0.01066	0.01218	0.06775	0.01348	0.12706	0.01584	0.01232	0.00539	0.00465	0.00148	0.00518	0.00474	0.01830	0.03710
1	0.00552	0.00465	0.00478	0.00475	0.00626	0.00392	0.00356	0.00678	0.01069	0.01294	0.11494	0.04329	0.73939	0.01143	0.00542	0.00154	0.00231	0.00956	0.00433	0.00392
2	0.01227	0.84142	0.02406	0.00786	0.01178	0.01817	0.00786	0.01375	0.00933	0.01080	0.00638	0.00736	0.00589	0.00393	0.00295	0.00098	0.00491	0.00245	0.00196	0.00589
3	0.01686	0.01256	0.01344	0.01044	0.01401	0.01396	0.00858	0.71879	0.09847	0.02797	0.01178	0.01162	0.00842	0.00558	0.00460	0.00140	0.00491	0.00424	0.00460	0.00775
4	0.01393	0.01111	0.01180	0.00985	0.01290	0.01259	0.00787	0.34542	0.47660	0.02326	0.01549	0.01458	0.01143	0.00593	0.00464	0.00148	0.00422	0.00475	0.00464	0.00749
5	0.00657	0.00487	0.00714	0.00714	0.00788	0.00561	0.00545	0.00805	0.00731	0.01048	0.01251	0.01922	0.01199	0.11369	0.74190	0.00709	0.01152	0.00509	0.00249	0.00397
6	0.00777	0.00719	0.01159	0.22038	0.01644	0.01979	0.14531	0.02088	0.02196	0.01286	0.03196	0.27459	0.15283	0.00902	0.00532	0.00165	0.00456	0.02787	0.00334	0.00470
7	0.01082	0.01204	0.02553	0.05161	0.12136	0.01147	0.66700	0.01452	0.01072	0.01463	0.00916	0.01225	0.00697	0.00392	0.00528	0.00152	0.00740	0.00520	0.00230	0.00628
8	0.72741	0.03290	0.00809	0.00690	0.00971	0.12507	0.00560	0.01419	0.00859	0.01901	0.00649	0.00757	0.00513	0.00432	0.00303	0.00138	0.00426	0.00255	0.00275	0.00505
9	0.01470	0.01030	0.03226	0.18871	0.01782	0.01069	0.06700	0.26806	0.08390	0.21055	0.04013	0.01380	0.00996	0.00540	0.00469	0.00145	0.00503	0.00455	0.00409	0.00691
10	0.00932	0.00799	0.00928	0.00669	0.01065	0.00601	0.00534	0.01132	0.00957	0.01483	0.01004	0.01122	0.04611	0.00380	0.00350	0.00072	0.00335	0.00306	0.00280	0.82439
11	0.02030	0.00830	0.01095	0.00840	0.01196	0.00746	0.00694	0.09632	0.01395	0.73810	0.01743	0.01519	0.01102	0.00567	0.00461	0.00142	0.00402	0.00457	0.00558	0.00781
12	0.01106	0.01189	0.09227	0.17089	0.45843	0.01107	0.09052	0.07087	0.01100	0.01535	0.00875	0.01144	0.00693	0.00429	0.00463	0.00142	0.00590	0.00416	0.00237	0.00676
13	0.00795	0.00680	0.00709	0.00664	0.00860	0.00700	0.00509	0.01403	0.33590	0.01553	0.07764	0.03251	0.43890	0.00928	0.00512	0.00155	0.00285	0.00776	0.00448	0.00530
14	0.00867	0.00816	0.01377	0.82762	0.03162	0.01020	0.01275	0.01173	0.00918	0.01173	0.00816	0.01224	0.00612	0.00459	0.00459	0.00153	0.00612	0.00408	0.00204	0.00510
15	0.00629	0.00454	0.00608	0.00699	0.00766	0.00433	0.00534	0.00766	0.00979	0.01291	0.07723	0.45964	0.07328	0.01330	0.00598	0.00191	0.00317	0.28565	0.00430	0.00395
16	0.84340	0.00884	0.00687	0.00611	0.00897	0.01018	0.00503	0.01378	0.00799	0.04640	0.00677	0.00772	0.00518	0.00431	0.00290	0.00142	0.00356	0.00256	0.00293	0.00506
17	0.01052	0.04356	0.00949	0.00817	0.01033	0.17633	0.00630	0.01631	0.31340	0.01529	0.10114	0.02398	0.23146	0.00761	0.00477	0.00144	0.00414	0.00615	0.00401	0.00560
18	0.16639	0.01615	0.01322	0.01468	0.20950	0.42916	0.00939	0.03435	0.01166	0.04397	0.00785	0.00923	0.00633	0.00454	0.00404	0.00128	0.00651	0.00324	0.00260	0.00589
19	0.37485	0.00904	0.00942	0.00766	0.01088	0.00950	0.00630	0.12022	0.05980	0.33104	0.01232	0.01170	0.00839	0.00510	0.00388	0.00142	0.00389	0.00370	0.00429	0.00659
20	0.00614	0.00439	0.00594	0.00696	0.00748	0.00419	0.00516	0.00736	0.00944	0.01252	0.05139	0.58516	0.02968	0.01373	0.00598	0.00192	0.00309	0.23130	0.00428	0.00389
21	0.00608	0.00468	0.00556	0.00534	0.00660	0.00415	0.00400	0.00785	0.01201	0.01607	0.51095	0.03815	0.34142	0.01026	0.00542	0.00149	0.00223	0.00884	0.00475	0.00415
22	0.00952	0.00816	0.00952	0.00680	0.01088	0.00612	0.00544	0.01156	0.00952	0.01496	0.00816	0.00952	0.00680	0.00340	0.00340	0.00068	0.00340	0.00272	0.00272	0.86672

[dist]
# distance from previous block
# <min> <max>
0	21

[block]
# block no. 4 follows, 56 sequences, length 56
# corresponding to MSA columns:
# 495-550
name=unknown_E
#
# <colnr> <probs for GDERKNQSTAVLIFYWHMCP>
#	G	D	E	R	K	N	Q	S	T	A	V	L	I	F	Y	W	H	M	C	P
0	0.87108	0.00888	0.00675	0.00604	0.00888	0.01030	0.00497	0.01350	0.00781	0.02060	0.00639	0.00746	0.00497	0.00426	0.00284	0.00142	0.00355	0.00249	0.00284	0.00497
1	0.00668	0.00445	0.00501	0.00501	0.00501	0.00445	0.00278	0.00668	0.00668	0.00890	0.01447	0.03004	0.01669	0.83866	0.02337	0.00445	0.00445	0.00668	0.00278	0.00278
2	0.00921	0.02375	0.81487	0.01309	0.01987	0.01066	0.01696	0.01454	0.00969	0.01454	0.00824	0.00969	0.00582	0.00436	0.00436	0.00145	0.00678	0.00339	0.00194	0.00678
3	0.00864	0.01885	0.59211	0.01198	0.01732	0.00929	0.05153	0.01302	0.00981	0.01415	0.01320	0.07606	0.05174	0.00631	0.00478	0.00156	0.00603	0.08502	0.00248	0.00612
4	0.82674	0.00882	0.00695	0.00615	0.00903	0.01011	0.00506	0.01396	0.00809	0.06192	0.00700	0.00788	0.00531	0.00434	0.00293	0.00142	0.00357	0.00260	0.00299	0.00512
5	0.00548	0.00455	0.00480	0.00495	0.00629	0.00387	0.00363	0.00662	0.01029	0.01249	0.06727	0.16327	0.66674	0.01197	0.00549	0.00159	0.00237	0.01015	0.00429	0.00387
6	0.02378	0.00925	0.01543	0.50005	0.24871	0.01055	0.04525	0.03902	0.00999	0.01350	0.00905	0.01241	0.02072	0.00463	0.00477	0.00148	0.01911	0.00421	0.00226	0.00582
7	0.06948	0.51618	0.08368	0.00862	0.01250	0.01558	0.00839	0.09159	0.11447	0.02820	0.00880	0.00934	0.00717	0.00447	0.00347	0.00117	0.00480	0.00309	0.00269	0.00630
8	0.00740	0.00528	0.00740	0.00845	0.00951	0.00528	0.00740	0.00951	0.01057	0.01374	0.02431	0.05179	0.02642	0.01268	0.00634	0.00211	0.00423	0.77912	0.00423	0.00423
9	0.01000	0.00951	0.01617	0.43355	0.41532	0.01055	0.01341	0.01289	0.00981	0.01334	0.00839	0.01181	0.00669	0.00434	0.00457	0.00145	0.00579	0.00409	0.00215	0.00617
10	0.01029	0.00766	0.00917	0.00685	0.01038	0.00606	0.00546	0.02881	0.01070	0.09448	0.13994	0.01420	0.01324	0.00465	0.00387	0.00089	0.00328	0.00385	0.00343	0.62278
11	0.87108	0.00888	0.00675	0.00604	0.00888	0.01030	0.00497	0.01350	0.00781	0.02060	0.00639	0.00746	0.00497	0.00426	0.00284	0.00142	0.00355	0.00249	0.00284	0.00497
12	0.87108	0.00888	0.00675	0.00604	0.00888	0.01030	0.00497	0.01350	0.00781	0.02060	0.00639	0.00746	0.00497	0.00426	0.00284	0.00142	0.00355	0.00249	0.00284	0.00497
13	0.01137	0.01069	0.01782	0.11981	0.67841	0.01100	0.01365	0.05451	0.01089	0.01535	0.00870	0.01145	0.00717	0.00422	0.00455	0.00138	0.00551	0.00409	0.00237	0.00705
14	0.00867	0.00816	0.01377	0.82762	0.03162	0.01020	0.01275	0.01173	0.00918	0.01173	0.00816	0.01224	0.00612	0.00459	0.00459	0.00153	0.00612	0.00408	0.00204	0.00510
15	0.00867	0.00816	0.01377	0.82762	0.03162	0.01020	0.01275	0.01173	0.00918	0.01173	0.00816	0.01224	0.00612	0.00459	0.00459	0.00153	0.00612	0.00408	0.00204	0.00510
16	0.00559	0.00464	0.00490	0.00497	0.00639	0.00395	0.00373	0.00684	0.01058	0.01291	0.10821	0.08990	0.67428	0.01163	0.00548	0.00158	0.00239	0.03381	0.00433	0.00392
17	0.00564	0.00466	0.00494	0.00487	0.00633	0.00397	0.00365	0.00700	0.01096	0.01359	0.19679	0.04223	0.65713	0.01118	0.00542	0.00153	0.00229	0.00942	0.00442	0.00397
18	0.00574	0.00466	0.00509	0.00498	0.00639	0.00401	0.00374	0.00720	0.01121	0.01417	0.27055	0.04127	0.58301	0.01097	0.00542	0.00152	0.00228	0.00928	0.00450	0.00401
19	0.00952	0.00816	0.00952	0.00680	0.01088	0.00612	0.00544	0.01156	0.00952	0.01496	0.00816	0.00952	0.00680	0.00340	0.00340	0.00068	0.00340	0.00272	0.00272	0.86672
20	0.00952	0.00816	0.00952	0.00680	0.01088	0.00612	0.00544	0.01156	0.00952	0.01496	0.00816	0.00952	0.00680	0.00340	0.00340	0.00068	0.00340	0.00272	0.00272	0.86672
21	0.01015	0.09389	0.66686	0.01311	0.05673	0.01113	0.01551	0.01484	0.00987	0.05448	0.00859	0.00987	0.00617	0.00438	0.00426	0.00141	0.00641	0.00341	0.00215	0.00678
22	0.00559	0.00400	0.00533	0.00639	0.00666	0.00373	0.00426	0.00639	0.00879	0.01172	0.02530	0.83566	0.03036	0.01438	0.00586	0.00186	0.00266	0.01305	0.00426	0.00373
23	0.87108	0.00888	0.00675	0.00604	0.00888	0.01030	0.00497	0.01350	0.00781	0.02060	0.00639	0.00746	0.00497	0.00426	0.00284	0.00142	0.00355	0.00249	0.00284	0.00497
24	0.00952	0.00816	0.00952	0.00680	0.01088	0.00612	0.00544	0.01156	0.00952	0.01496	0.00816	0.00952	0.00680	0.00340	0.00340	0.00068	0.00340	0.00272	0.00272	0.86672
25	0.00952	0.00816	0.00952	0.00680	0.01088	0.00612	0.00544	0.01156	0.00952	0.01496	0.00816	0.00952	0.00680	0.00340	0.00340	0.00068	0.00340	0.00272	0.00272	0.86672
26	0.00691	0.00513	0.00649	0.00607	0.00728	0.00493	0.00458	0.00998	0.07905	0.01848	0.74152	0.03286	0.04086	0.00912	0.00535	0.00145	0.00229	0.00804	0.00502	0.00458
27	0.87108	0.00888	0.00675	0.00604	0.00888	0.01030	0.00497	0.01350	0.00781	0.02060	0.00639	0.00746	0.00497	0.00426	0.00284	0.00142	0.00355	0.00249	0.00284	0.00497
28	0.00952	0.00816	0.00952	0.00680	0.01088	0.00612	0.00544	0.01156	0.00952	0.01496	0.00816	0.00952	0.00680	0.00340	0.00340	0.00068	0.00340	0.00272	0.00272	0.86672
29	0.01788	0.01217	0.01335	0.01024	0.01389	0.01322	0.00846	0.68957	0.02044	0.13569	0.01199	0.01165	0.00829	0.00553	0.00460	0.00138	0.00490	0.00420	0.00474	0.00781
30	0.01142	0.00986	0.01038	0.00934	0.01194	0.01142	0.00727	0.02440	0.80172	0.01920	0.01869	0.01713	0.01401	0.00623	0.00467	0.00156	0.00363	0.00519	0.00467	0.00727
31	0.00668	0.00445	0.00501	0.00501	0.00501	0.00445	0.00278	0.00668	0.00668	0.00890	0.01447	0.03004	0.01669	0.83866	0.02337	0.00445	0.00445	0.00668	0.00278	0.00278
32	0.00668	0.00445	0.00501	0.00501	0.00501	0.00445	0.00278	0.00668	0.00668	0.00890	0.01447	0.03004	0.01669	0.83866	0.02337	0.00445	0.00445	0.00668	0.00278	0.00278
33	0.01745	0.01286	0.01378	0.01056	0.01424	0.01424	0.00873	0.79471	0.02159	0.02893	0.01102	0.01102	0.00781	0.00551	0.00459	0.00138	0.00505	0.00413	0.00459	0.00781
34	0.01900	0.01037	0.01224	0.00938	0.01300	0.01055	0.00775	0.41428	0.01743	0.41524	0.01451	0.01329	0.00956	0.00560	0.00460	0.00140	0.00449	0.00437	0.00513	0.00781
35	0.01136	0.01091	0.01863	0.02818	0.81002	0.01091	0.01409	0.01409	0.01045	0.01500	0.00864	0.01136	0.00727	0.00409	0.00455	0.00136	0.00545	0.00409	0.00227	0.00727
36	0.01084	0.01238	0.02709	0.01935	0.02399	0.01161	0.79334	0.01471	0.01084	0.01471	0.00929	0.01238	0.00697	0.00387	0.00542	0.00155	0.00774	0.00542	0.00232	0.00619
37	0.00699	0.00439	0.00508	0.00508	0.00521	0.00441	0.00301	0.00703	0.00691	0.00965	0.01380	0.02685	0.01519	0.65491	0.03648	0.09417	0.00433	0.00612	0.08750	0.00287
38	0.00921	0.02375	0.81487	0.01309	0.01987	0.01066	0.01696	0.01454	0.00969	0.01454	0.00824	0.00969	0.00582	0.00436	0.00436	0.00145	0.00678	0.00339	0.00194	0.00678
39	0.00641	0.00469	0.00602	0.00569	0.00681	0.00430	0.00426	0.00850	0.01279	0.01793	0.74627	0.03509	0.10494	0.00957	0.00542	0.00145	0.00218	0.00841	0.00499	0.00430
40	0.00668	0.00445	0.00501	0.00501	0.00501	0.00445	0.00278	0.00668	0.00668	0.00890	0.01447	0.03004	0.01669	0.83866	0.02337	0.00445	0.00445	0.00668	0.00278	0.00278
41	0.01227	0.84142	0.02406	0.00786	0.01178	0.01817	0.00786	0.01375	0.00933	0.01080	0.00638	0.00736	0.00589	0.00393	0.00295	0.00098	0.00491	0.00245	0.00196	0.00589
42	0.00625	0.00468	0.00580	0.00552	0.00671	0.00423	0.00414	0.00819	0.01242	0.01703	0.63327	0.03656	0.21850	0.00990	0.00542	0.00147	0.00220	0.00862	0.00487	0.00423
43	0.00921	0.02375	0.81487	0.01309	0.01987	0.01066	0.01696	0.01454	0.00969	0.01454	0.00824	0.00969	0.00582	0.00436	0.00436	0.00145	0.00678	0.00339	0.00194	0.00678
44	0.00559	0.00400	0.00533	0.00639	0.00666	0.00373	0.00426	0.00639	0.00879	0.01172	0.02530	0.83566	0.03036	0.01438	0.00586	0.00186	0.00266	0.01305	0.00426	0.00373
45	0.00591	0.00446	0.00601	0.07169	0.00863	0.00432	0.00487	0.00706	0.00939	0.01243	0.10115	0.61728	0.10402	0.01286	0.00567	0.00177	0.00286	0.01156	0.00416	0.00391
46	0.15970	0.11791	0.02856	0.01085	0.06578	0.04757	0.04587	0.33570	0.01487	0.11585	0.01004	0.01045	0.00732	0.00489	0.00410	0.00134	0.00497	0.00369	0.00369	0.00685
47	0.00626	0.00481	0.00575	0.00555	0.00679	0.00438	0.00415	0.00837	0.03698	0.01615	0.49577	0.07551	0.29219	0.01026	0.00542	0.00150	0.00229	0.00889	0.00474	0.00425
48	0.01081	0.01145	0.02281	0.10203	0.30052	0.01122	0.44308	0.01420	0.01054	0.01452	0.00895	0.01201	0.00699	0.00402	0.00503	0.00148	0.00678	0.00482	0.00228	0.00646
49	0.01432	0.40732	0.01809	0.00952	0.01284	0.24297	0.00821	0.13038	0.09018	0.01440	0.00847	0.00912	0.00698	0.00461	0.00369	0.00115	0.00575	0.00311	0.00273	0.00615
50	0.00856	0.00428	0.00428	0.00428	0.00535	0.00428	0.00321	0.01070	0.00963	0.01712	0.01498	0.01712	0.01177	0.00535	0.00321	0.00107	0.00214	0.00428	0.86414	0.00428
51	0.01012	0.01415	0.23269	0.10349	0.11083	0.01079	0.27496	0.01530	0.11532	0.01513	0.04407	0.01309	0.00909	0.00465	0.00485	0.00150	0.00627	0.00467	0.00261	0.00642
52	0.00877	0.00836	0.01441	0.78877	0.03125	0.01027	0.05027	0.01187	0.00926	0.01187	0.00821	0.01225	0.00616	0.00456	0.00463	0.00153	0.00620	0.00414	0.00205	0.00515
53	0.00934	0.00945	0.05311	0.68099	0.05178	0.01053	0.05348	0.05302	0.00998	0.01301	0.00839	0.01204	0.00627	0.00458	0.00462	0.00151	0.00616	0.00412	0.00219	0.00544
54	0.05613	0.01024	0.01368	0.01124	0.01425	0.01125	0.17514	0.02143	0.57484	0.01830	0.03233	0.01596	0.01264	0.00569	0.00475	0.00155	0.00448	0.00516	0.00408	0.00686
55	0.00621	0.00509	0.00546	0.00529	0.00676	0.00463	0.00394	0.00851	0.07714	0.01403	0.19950	0.03914	0.54242	0.05395	0.00630	0.00168	0.00251	0.00887	0.00438	0.00420

[dist]
# distance from previous block
# <min> <max>
7	20

# created by:
# /st0/software/busco_prod/Augustus/scripts/msa2prfl.pl ./align_prep/209516.fa
