[name]
unknown

[dist]
# distance from previous block
# <min> <max>
10	56

[block]
# block no. 0 follows, 45 sequences, length 46
# corresponding to MSA columns:
# 1222-1241,1247-1256,1260-1275
name=unknown_A
#
# <colnr> <probs for GDERKNQSTAVLIFYWHMCP>
#	G	D	E	R	K	N	Q	S	T	A	V	L	I	F	Y	W	H	M	C	P
0	0.00852	0.00564	0.00641	0.00642	0.00774	0.00524	0.00463	0.01044	0.03771	0.05727	0.10249	0.17189	0.27352	0.12286	0.00888	0.00226	0.00329	0.02656	0.13338	0.00484
1	0.04261	0.00682	0.00806	0.00784	0.00925	0.00678	0.00567	0.09351	0.02731	0.08272	0.06771	0.33285	0.08508	0.15840	0.01008	0.00255	0.00400	0.03861	0.00485	0.00531
2	0.01626	0.00898	0.01069	0.00903	0.01205	0.00887	0.00714	0.09282	0.17020	0.31536	0.05455	0.08339	0.12195	0.02291	0.00601	0.00180	0.00412	0.00724	0.03906	0.00758
3	0.01411	0.00934	0.01044	0.02468	0.02524	0.04403	0.00708	0.13981	0.06879	0.18549	0.07736	0.08604	0.18684	0.07211	0.02223	0.00213	0.00466	0.00778	0.00514	0.00669
4	0.02573	0.00739	0.00860	0.00784	0.00965	0.00724	0.00574	0.11193	0.04233	0.08187	0.11895	0.21413	0.10099	0.16961	0.01018	0.00245	0.00403	0.00913	0.00483	0.05738
5	0.04756	0.01198	0.01323	0.04116	0.01511	0.04410	0.02428	0.26253	0.18728	0.10008	0.05327	0.07584	0.01478	0.00727	0.00535	0.00164	0.00506	0.00595	0.00497	0.07855
6	0.01448	0.00842	0.01046	0.02442	0.01184	0.00838	0.00707	0.12825	0.04366	0.23280	0.11170	0.13213	0.06889	0.07218	0.02448	0.01693	0.02745	0.02170	0.00523	0.02952
7	0.12154	0.00898	0.01069	0.06807	0.01354	0.00914	0.00747	0.08737	0.08442	0.26220	0.13383	0.05429	0.08272	0.02476	0.00587	0.00179	0.00430	0.00663	0.00529	0.00710
8	0.01530	0.07679	0.07191	0.01084	0.01383	0.02596	0.00934	0.21298	0.03043	0.14519	0.02881	0.10018	0.01379	0.07130	0.03661	0.00228	0.11679	0.00614	0.00435	0.00715
9	0.07955	0.01022	0.01110	0.00904	0.01227	0.01070	0.00731	0.27565	0.06671	0.16964	0.01744	0.01744	0.04185	0.00661	0.00481	0.00154	0.00435	0.00515	0.22389	0.02475
10	0.00701	0.00540	0.00619	0.00617	0.00763	0.00475	0.00462	0.00843	0.01255	0.01600	0.23809	0.07319	0.46758	0.01346	0.00751	0.06519	0.00293	0.04376	0.00503	0.00452
11	0.13010	0.49517	0.07713	0.01058	0.01457	0.01832	0.03872	0.01567	0.01035	0.01476	0.00769	0.00952	0.00680	0.00540	0.00579	0.00146	0.12547	0.00336	0.00246	0.00667
12	0.01556	0.67698	0.05210	0.00945	0.01409	0.01911	0.00938	0.01749	0.01153	0.11818	0.00942	0.01003	0.00776	0.00489	0.00377	0.00124	0.00566	0.00325	0.00289	0.00723
13	0.01305	0.01251	0.02136	0.09056	0.72211	0.01269	0.01636	0.01627	0.01211	0.01725	0.01006	0.01336	0.00840	0.00483	0.00532	0.00161	0.00644	0.00478	0.00264	0.00831
14	0.01001	0.00500	0.00500	0.00500	0.00625	0.00500	0.00375	0.01251	0.01126	0.02001	0.01751	0.02001	0.01376	0.00625	0.00375	0.00125	0.00250	0.00500	0.84115	0.00500
15	0.05085	0.01116	0.01366	0.04080	0.01547	0.01111	0.00886	0.26976	0.01826	0.47672	0.01749	0.01599	0.01141	0.00647	0.00532	0.00165	0.00510	0.00510	0.00594	0.00890
16	0.02392	0.00940	0.01262	0.00968	0.01384	0.00829	0.00799	0.05953	0.01581	0.74758	0.02080	0.01803	0.01310	0.00663	0.00540	0.00166	0.00463	0.00537	0.00659	0.00913
17	0.01001	0.00500	0.00500	0.00500	0.00625	0.00500	0.00375	0.01251	0.01126	0.02001	0.01751	0.02001	0.01376	0.00625	0.00375	0.00125	0.00250	0.00500	0.84115	0.00500
18	0.01664	0.01750	0.01568	0.07584	0.17845	0.36357	0.01132	0.06614	0.04308	0.06329	0.01251	0.01420	0.03817	0.00789	0.05085	0.00194	0.00803	0.00458	0.00331	0.00699
19	0.02301	0.00911	0.01226	0.00951	0.01351	0.00804	0.00782	0.02570	0.04960	0.72010	0.04794	0.01912	0.01475	0.00683	0.00543	0.00167	0.00448	0.00558	0.00656	0.00896
20	0.00735	0.00548	0.00684	0.00650	0.00787	0.00496	0.00487	0.00966	0.01462	0.02016	0.63527	0.04234	0.19127	0.01148	0.00633	0.00171	0.00257	0.01002	0.00573	0.00496
21	0.02395	0.00936	0.01260	0.00966	0.01381	0.00822	0.00798	0.05386	0.01574	0.75336	0.02086	0.01807	0.01313	0.00664	0.00540	0.00166	0.00462	0.00538	0.00660	0.00914
22	0.10139	0.07157	0.39205	0.01202	0.01776	0.01128	0.01354	0.01882	0.01217	0.22806	0.01367	0.04562	0.01018	0.00617	0.00501	0.00169	0.00621	0.02129	0.00375	0.00777
23	0.01088	0.02694	0.73707	0.01575	0.02353	0.01253	0.06548	0.01701	0.01142	0.01701	0.00971	0.01153	0.00688	0.00506	0.00518	0.00171	0.00800	0.00411	0.00229	0.00789
24	0.00651	0.00477	0.00612	0.00720	0.00771	0.00438	0.00486	0.00751	0.01054	0.01381	0.03291	0.70633	0.13487	0.01638	0.00678	0.00213	0.00306	0.01473	0.00498	0.00438
25	0.01125	0.02376	0.60471	0.01553	0.03454	0.01187	0.09748	0.01682	0.01192	0.04449	0.06778	0.01411	0.01050	0.00553	0.00534	0.00171	0.00750	0.00472	0.00275	0.00769
26	0.00889	0.03941	0.00977	0.06593	0.01154	0.00838	0.00687	0.04129	0.05865	0.01595	0.11365	0.16618	0.28029	0.02303	0.00814	0.01436	0.10854	0.00940	0.00442	0.00532
27	0.58103	0.01175	0.04045	0.01136	0.07098	0.01220	0.08902	0.04630	0.01086	0.06979	0.00918	0.01054	0.00690	0.00508	0.00407	0.00167	0.00508	0.00369	0.00345	0.00659
28	0.00658	0.00486	0.00618	0.00721	0.00781	0.00446	0.00496	0.00765	0.01070	0.01393	0.03388	0.64838	0.16472	0.01618	0.00678	0.00213	0.00311	0.04111	0.00498	0.00441
29	0.01559	0.01349	0.11834	0.01121	0.01492	0.01204	0.01000	0.38695	0.01844	0.08322	0.03417	0.15286	0.01618	0.03717	0.00651	0.00190	0.00545	0.04906	0.00489	0.00761
30	0.01821	0.01696	0.01718	0.03614	0.26856	0.27853	0.01212	0.14473	0.01584	0.12342	0.01146	0.01269	0.00869	0.00559	0.00517	0.00154	0.00720	0.00442	0.00369	0.00786
31	0.01077	0.02777	0.78354	0.01530	0.02323	0.01247	0.01983	0.01700	0.01133	0.01700	0.00963	0.01133	0.00680	0.00510	0.00510	0.00170	0.00793	0.00397	0.00227	0.00793
32	0.01286	0.01250	0.02185	0.12406	0.63250	0.01272	0.07212	0.01620	0.01208	0.01705	0.01009	0.01350	0.00831	0.00483	0.00540	0.00163	0.00667	0.00490	0.00263	0.00810
33	0.01110	0.00950	0.01105	0.00804	0.01265	0.00731	0.00640	0.01390	0.03728	0.01758	0.01042	0.02962	0.00887	0.00438	0.00409	0.00086	0.00397	0.00356	0.00330	0.79611
34	0.01025	0.00966	0.01631	0.77049	0.06403	0.01196	0.01496	0.01382	0.01079	0.01385	0.00956	0.01427	0.00720	0.00535	0.00536	0.00178	0.00713	0.00477	0.00240	0.00606
35	0.02005	0.02558	0.01521	0.01383	0.01659	0.78980	0.01037	0.02143	0.01521	0.01314	0.00830	0.00968	0.00691	0.00553	0.00484	0.00138	0.00968	0.00346	0.00277	0.00622
36	0.01174	0.01174	0.01644	0.01409	0.01409	0.01644	0.01174	0.01292	0.00822	0.01292	0.00705	0.01174	0.00705	0.00940	0.01762	0.00235	0.80153	0.00470	0.00235	0.00587
37	0.00661	0.00472	0.00629	0.00743	0.00780	0.00440	0.00499	0.00764	0.01058	0.01419	0.07566	0.76040	0.03644	0.01646	0.00682	0.00215	0.00308	0.01492	0.00504	0.00440
38	0.01435	0.81458	0.02813	0.00918	0.01378	0.02124	0.00918	0.01607	0.01091	0.01263	0.00746	0.00861	0.00689	0.00459	0.00344	0.00115	0.00574	0.00287	0.00230	0.00689
39	0.00809	0.00579	0.00805	0.00924	0.01023	0.00575	0.00766	0.01015	0.01169	0.01533	0.02815	0.24487	0.03134	0.01634	0.03843	0.00264	0.00486	0.53172	0.00487	0.00479
40	0.01014	0.00954	0.01610	0.79845	0.03697	0.01193	0.01491	0.01371	0.01073	0.01371	0.00954	0.01431	0.00716	0.00537	0.00537	0.00179	0.00716	0.00477	0.00239	0.00596
41	0.06532	0.01470	0.01532	0.01338	0.01428	0.19880	0.01086	0.01498	0.00995	0.01364	0.00765	0.01143	0.00718	0.00940	0.04348	0.00232	0.53453	0.00433	0.00253	0.00591
42	0.01014	0.00954	0.01610	0.79845	0.03697	0.01193	0.01491	0.01371	0.01073	0.01371	0.00954	0.01431	0.00716	0.00537	0.00537	0.00179	0.00716	0.00477	0.00239	0.00596
43	0.00654	0.00467	0.00623	0.00747	0.00779	0.00436	0.00498	0.00747	0.01028	0.01370	0.02959	0.80785	0.03550	0.01682	0.00685	0.00218	0.00311	0.01526	0.00498	0.00436
44	0.01570	0.62822	0.02508	0.01028	0.01444	0.20278	0.00947	0.01734	0.01192	0.01275	0.00766	0.00886	0.00689	0.00481	0.00377	0.00120	0.00667	0.00301	0.00241	0.00673
45	0.01987	0.01486	0.01654	0.01390	0.07393	0.01635	0.01067	0.70401	0.02426	0.03260	0.01268	0.01292	0.00908	0.00632	0.00537	0.00161	0.00594	0.00483	0.00517	0.00908

[dist]
# distance from previous block
# <min> <max>
0	67

[block]
# block no. 1 follows, 45 sequences, length 39
# corresponding to MSA columns:
# 1343-1381
name=unknown_B
#
# <colnr> <probs for GDERKNQSTAVLIFYWHMCP>
#	G	D	E	R	K	N	Q	S	T	A	V	L	I	F	Y	W	H	M	C	P
0	0.01279	0.01461	0.12446	0.06368	0.58164	0.01273	0.03118	0.01715	0.05697	0.01758	0.01072	0.01349	0.00867	0.00500	0.00532	0.00164	0.00655	0.00478	0.00276	0.00828
1	0.84927	0.01038	0.00789	0.00706	0.01038	0.01204	0.00581	0.01578	0.00914	0.02408	0.00747	0.00872	0.00581	0.00498	0.00332	0.00166	0.00415	0.00291	0.00332	0.00581
2	0.01202	0.01342	0.04214	0.02124	0.08563	0.01238	0.58607	0.01621	0.01294	0.01778	0.11064	0.01767	0.01370	0.00540	0.00623	0.00177	0.00796	0.00661	0.00312	0.00707
3	0.01014	0.00954	0.01610	0.79845	0.03697	0.01193	0.01491	0.01371	0.01073	0.01371	0.00954	0.01431	0.00716	0.00537	0.00537	0.00179	0.00716	0.00477	0.00239	0.00596
4	0.01059	0.01839	0.39183	0.10051	0.07379	0.01118	0.10750	0.01486	0.01079	0.01550	0.01040	0.01385	0.00819	0.01072	0.10915	0.07033	0.00846	0.00469	0.00245	0.00681
5	0.84927	0.01038	0.00789	0.00706	0.01038	0.01204	0.00581	0.01578	0.00914	0.02408	0.00747	0.00872	0.00581	0.00498	0.00332	0.00166	0.00415	0.00291	0.00332	0.00581
6	0.01319	0.01265	0.02161	0.05666	0.75492	0.01273	0.01643	0.01639	0.01218	0.01742	0.01008	0.01332	0.00846	0.00480	0.00532	0.00160	0.00640	0.00478	0.00265	0.00842
7	0.00722	0.00520	0.00684	0.00701	0.00794	0.00481	0.00504	0.00918	0.01344	0.01874	0.50947	0.31360	0.04525	0.01306	0.00652	0.00186	0.00274	0.01169	0.00558	0.00481
8	0.00634	0.00544	0.00544	0.00544	0.00725	0.00453	0.00408	0.00770	0.01224	0.01450	0.05438	0.05166	0.77569	0.01359	0.00634	0.00181	0.00272	0.01133	0.00498	0.00453
9	0.01393	0.70938	0.02591	0.00902	0.01364	0.01940	0.00882	0.01574	0.01094	0.01326	0.00773	0.00894	0.00703	0.00451	0.00351	0.00110	0.00551	0.00291	0.00241	0.11630
10	0.00767	0.00575	0.00863	0.00863	0.00959	0.00671	0.00671	0.00959	0.00863	0.01246	0.01438	0.02109	0.01342	0.04026	0.79008	0.00863	0.01438	0.00575	0.00288	0.00479
11	0.01113	0.11515	0.01820	0.58872	0.11584	0.01327	0.01416	0.01473	0.03143	0.01424	0.00966	0.01361	0.00752	0.00525	0.00511	0.00168	0.00681	0.00456	0.00249	0.00644
12	0.03412	0.00584	0.00738	0.00719	0.00865	0.00545	0.00556	0.01073	0.01407	0.05293	0.50649	0.08440	0.11971	0.01169	0.00637	0.00183	0.00303	0.10381	0.00559	0.00516
13	0.02041	0.01504	0.01611	0.01235	0.01665	0.01665	0.01020	0.75997	0.02524	0.03383	0.01289	0.01289	0.00913	0.00644	0.00537	0.00161	0.00591	0.00483	0.00537	0.00913
14	0.01113	0.10831	0.70621	0.01467	0.02226	0.01336	0.01874	0.01690	0.01129	0.01655	0.00941	0.01105	0.00681	0.00505	0.00493	0.00164	0.00771	0.00385	0.00227	0.00783
15	0.00734	0.00595	0.00955	0.00945	0.01043	0.00556	0.10343	0.00874	0.01059	0.01416	0.02714	0.70417	0.03193	0.01521	0.00678	0.00213	0.00389	0.01409	0.00469	0.00474
16	0.01014	0.00954	0.01610	0.79845	0.03697	0.01193	0.01491	0.01371	0.01073	0.01371	0.00954	0.01431	0.00716	0.00537	0.00537	0.00179	0.00716	0.00477	0.00239	0.00596
17	0.00858	0.00567	0.00727	0.00676	0.00806	0.00524	0.00497	0.01072	0.01414	0.06579	0.60715	0.03850	0.06771	0.11539	0.00902	0.00215	0.00301	0.00925	0.00558	0.00506
18	0.00825	0.00628	0.00773	0.00725	0.00878	0.00615	0.00548	0.01232	0.11316	0.02081	0.59611	0.03784	0.10337	0.01157	0.02946	0.00192	0.00312	0.00925	0.00569	0.00546
19	0.01121	0.10713	0.64443	0.01458	0.02153	0.01369	0.01809	0.01658	0.01104	0.01622	0.00920	0.01109	0.00683	0.00539	0.00594	0.00170	0.07152	0.00391	0.00228	0.00766
20	0.00654	0.00467	0.00623	0.00747	0.00779	0.00436	0.00498	0.00747	0.01028	0.01370	0.02959	0.80785	0.03550	0.01682	0.00685	0.00218	0.00311	0.01526	0.00498	0.00436
21	0.00682	0.00487	0.00655	0.00779	0.00822	0.00460	0.00546	0.00795	0.01055	0.01401	0.02943	0.71019	0.03490	0.01656	0.00692	0.00222	0.00335	0.11020	0.00498	0.00444
22	0.01373	0.67741	0.15983	0.01025	0.01543	0.01971	0.01104	0.01623	0.01098	0.01339	0.00784	0.00909	0.00687	0.00468	0.00373	0.00124	0.00612	0.00306	0.00229	0.00707
23	0.65772	0.19488	0.01253	0.00755	0.01116	0.01415	0.00659	0.01585	0.00954	0.02146	0.00747	0.00869	0.00606	0.00489	0.00335	0.00154	0.00452	0.00290	0.00309	0.00606
24	0.00667	0.00480	0.00633	0.00732	0.00780	0.00446	0.00497	0.00783	0.01098	0.01475	0.12774	0.68506	0.05946	0.01596	0.00677	0.00210	0.00303	0.01442	0.00510	0.00446
25	0.01001	0.00500	0.00500	0.00500	0.00625	0.00500	0.00375	0.01251	0.01126	0.02001	0.01751	0.02001	0.01376	0.00625	0.00375	0.00125	0.00250	0.00500	0.84115	0.00500
26	0.01247	0.28456	0.49394	0.01314	0.01977	0.01557	0.01582	0.05772	0.01196	0.01650	0.00910	0.01053	0.00696	0.00501	0.00457	0.00151	0.00710	0.00366	0.00245	0.00766
27	0.12313	0.01187	0.01873	0.09423	0.55172	0.01220	0.01425	0.01692	0.01194	0.07949	0.01060	0.01318	0.00842	0.00501	0.00507	0.00163	0.00601	0.00459	0.00304	0.00798
28	0.00837	0.00598	0.00833	0.00957	0.01069	0.00594	0.00817	0.01064	0.01209	0.01576	0.02857	0.15821	0.03150	0.01509	0.00734	0.00243	0.00470	0.64680	0.00495	0.00487
29	0.12260	0.01425	0.04713	0.02014	0.06610	0.01355	0.53891	0.07669	0.01316	0.01945	0.01051	0.01345	0.00790	0.00477	0.00577	0.00176	0.00798	0.00562	0.00299	0.00729
30	0.05963	0.56085	0.06300	0.11443	0.07853	0.01839	0.01087	0.01583	0.01091	0.01402	0.00806	0.00987	0.00699	0.00476	0.00392	0.00132	0.00600	0.00333	0.00239	0.00689
31	0.00767	0.00575	0.00863	0.00863	0.00959	0.00671	0.00671	0.00959	0.00863	0.01246	0.01438	0.02109	0.01342	0.04026	0.79008	0.00863	0.01438	0.00575	0.00288	0.00479
32	0.01307	0.01262	0.07403	0.01109	0.01447	0.01294	0.00928	0.05172	0.64020	0.02236	0.06215	0.02019	0.01726	0.00728	0.00548	0.00180	0.00451	0.00606	0.00523	0.00828
33	0.00685	0.00499	0.00650	0.00739	0.00800	0.00456	0.00499	0.00789	0.01041	0.01402	0.04673	0.70733	0.04846	0.03950	0.00728	0.00217	0.00320	0.01416	0.00485	0.05072
34	0.01180	0.05410	0.21295	0.11927	0.10000	0.05510	0.16612	0.03021	0.01176	0.01582	0.01177	0.03001	0.01030	0.07074	0.00765	0.00203	0.03094	0.04982	0.00279	0.00680
35	0.01300	0.07662	0.02009	0.02653	0.56738	0.01304	0.01419	0.01756	0.11091	0.01764	0.01349	0.01651	0.03644	0.00569	0.00528	0.00162	0.00588	0.02687	0.00314	0.00813
36	0.00918	0.10583	0.00993	0.01966	0.00963	0.00740	0.00595	0.01148	0.03973	0.05919	0.28896	0.22966	0.13828	0.01168	0.00604	0.00179	0.00342	0.03175	0.00504	0.00540
37	0.18144	0.29248	0.18271	0.01414	0.14128	0.02821	0.01195	0.01707	0.04376	0.02938	0.00922	0.01065	0.00743	0.00497	0.00422	0.00148	0.00597	0.00362	0.00277	0.00726
38	0.01815	0.04218	0.01536	0.01144	0.01569	0.07697	0.00937	0.50962	0.03400	0.02790	0.01180	0.01225	0.00876	0.00582	0.00498	0.00141	0.00578	0.00434	0.00461	0.17957

[dist]
# distance from previous block
# <min> <max>
1	10

[block]
# block no. 2 follows, 45 sequences, length 10
# corresponding to MSA columns:
# 1404-1413
name=unknown_C
#
# <colnr> <probs for GDERKNQSTAVLIFYWHMCP>
#	G	D	E	R	K	N	Q	S	T	A	V	L	I	F	Y	W	H	M	C	P
0	0.01208	0.01234	0.04454	0.11023	0.14471	0.03895	0.21152	0.04281	0.07811	0.01717	0.01422	0.03977	0.01262	0.00798	0.02854	0.00204	0.04716	0.10679	0.00334	0.02509
1	0.07488	0.04265	0.17819	0.20448	0.02107	0.01131	0.07051	0.03073	0.09378	0.03992	0.04280	0.01907	0.06344	0.07633	0.00718	0.00203	0.00613	0.00557	0.00336	0.00657
2	0.00932	0.00466	0.00699	0.00699	0.00699	0.00466	0.00466	0.00699	0.00699	0.00932	0.00932	0.01632	0.00932	0.01865	0.02098	0.84382	0.00466	0.00466	0.00233	0.00233
3	0.01018	0.00914	0.10534	0.00816	0.01074	0.00680	0.00717	0.03762	0.03823	0.10890	0.24105	0.10173	0.22045	0.06140	0.00738	0.00199	0.00389	0.00897	0.00502	0.00585
4	0.01315	0.01322	0.01878	0.07096	0.54815	0.10947	0.01425	0.01587	0.01228	0.01631	0.01216	0.10769	0.01145	0.00635	0.00544	0.00165	0.00645	0.00587	0.00293	0.00758
5	0.00897	0.00662	0.00802	0.00726	0.00895	0.00638	0.00555	0.09929	0.01602	0.02211	0.59343	0.03831	0.13692	0.01076	0.00622	0.00169	0.00296	0.00933	0.00573	0.00548
6	0.29081	0.20209	0.11624	0.05982	0.02944	0.08377	0.01003	0.03341	0.05185	0.05028	0.00946	0.01070	0.00740	0.00528	0.00438	0.00155	0.02001	0.00358	0.00310	0.00679
7	0.08895	0.19348	0.04309	0.11040	0.01790	0.25143	0.01035	0.16110	0.01488	0.01823	0.01076	0.01210	0.03445	0.00570	0.00463	0.00148	0.00698	0.00401	0.00323	0.00686
8	0.08211	0.00590	0.00807	0.10128	0.01088	0.00628	0.00589	0.00904	0.00874	0.01278	0.10629	0.02030	0.01498	0.09461	0.01638	0.47983	0.00470	0.00547	0.00297	0.00350
9	0.01428	0.40409	0.06145	0.00987	0.01356	0.10075	0.00897	0.12193	0.01346	0.01647	0.07634	0.01539	0.01252	0.10180	0.00706	0.00180	0.00597	0.00446	0.00322	0.00660

[dist]
# distance from previous block
# <min> <max>
0	8

[block]
# block no. 3 follows, 45 sequences, length 18
# corresponding to MSA columns:
# 1422,1449-1465
name=unknown_D
#
# <colnr> <probs for GDERKNQSTAVLIFYWHMCP>
#	G	D	E	R	K	N	Q	S	T	A	V	L	I	F	Y	W	H	M	C	P
0	0.03414	0.16442	0.01912	0.01695	0.19139	0.29920	0.01144	0.16771	0.01563	0.01844	0.00947	0.01094	0.00770	0.00536	0.00477	0.00144	0.00733	0.00392	0.00319	0.00745
1	0.01294	0.01295	0.01793	0.09649	0.47894	0.11486	0.01360	0.01581	0.01298	0.01727	0.13831	0.01740	0.01525	0.00598	0.00543	0.00160	0.00624	0.00543	0.00319	0.00739
2	0.01326	0.01553	0.15338	0.01817	0.02381	0.01198	0.46117	0.01754	0.01250	0.09155	0.01148	0.01387	0.00839	0.00475	0.00572	0.00164	0.00775	0.00543	0.00308	0.11899
3	0.01267	0.01807	0.40492	0.11706	0.02070	0.01028	0.01443	0.01714	0.01267	0.16210	0.14039	0.01788	0.01544	0.00641	0.00540	0.00170	0.00629	0.00531	0.00372	0.00742
4	0.02173	0.01042	0.01295	0.01020	0.01419	0.01012	0.00834	0.13619	0.14330	0.54234	0.02005	0.01776	0.01319	0.00672	0.00540	0.00168	0.00471	0.00543	0.00625	0.00903
5	0.01156	0.01261	0.08924	0.39465	0.35672	0.01233	0.01604	0.01521	0.01143	0.01567	0.00979	0.01359	0.00771	0.00509	0.00532	0.00170	0.00689	0.00470	0.00249	0.00724
6	0.01912	0.00994	0.01507	0.01174	0.01560	0.00925	0.13378	0.02325	0.11469	0.48138	0.02031	0.09058	0.01488	0.00731	0.00570	0.00176	0.00514	0.00655	0.00567	0.00829
7	0.01002	0.00956	0.01584	0.01328	0.01472	0.01129	0.16408	0.01204	0.00952	0.01373	0.01309	0.12142	0.01310	0.03500	0.22932	0.00402	0.29461	0.00680	0.00294	0.00560
8	0.01766	0.01282	0.01576	0.24882	0.02249	0.01439	0.01140	0.46508	0.01993	0.09926	0.01267	0.01383	0.00893	0.00614	0.00537	0.00167	0.00615	0.00487	0.00459	0.00818
9	0.01326	0.11992	0.02052	0.22705	0.41065	0.08796	0.01451	0.01618	0.01195	0.01547	0.00943	0.01259	0.00779	0.00498	0.00503	0.00157	0.00681	0.00440	0.00255	0.00741
10	0.01542	0.25552	0.26346	0.01189	0.01694	0.09893	0.01246	0.01860	0.01221	0.16721	0.01122	0.01210	0.00838	0.00677	0.03414	0.00178	0.03829	0.00397	0.00323	0.00748
11	0.00655	0.00508	0.00600	0.00670	0.00771	0.00452	0.00476	0.00775	0.01123	0.01416	0.04029	0.44437	0.35645	0.01532	0.00666	0.00203	0.00303	0.04793	0.00498	0.00446
12	0.01799	0.01497	0.01450	0.01179	0.01539	0.11798	0.00947	0.46970	0.14778	0.02803	0.08397	0.01617	0.01388	0.00688	0.00540	0.00162	0.00582	0.00531	0.00509	0.00826
13	0.01665	0.12332	0.08699	0.01190	0.01588	0.14562	0.01035	0.28146	0.18139	0.02264	0.01319	0.01401	0.01021	0.03585	0.00583	0.00170	0.00632	0.00464	0.00418	0.00788
14	0.00772	0.00555	0.00760	0.00760	0.00821	0.00615	0.00543	0.00893	0.00832	0.01170	0.01531	0.02627	0.01567	0.32471	0.50870	0.00736	0.01099	0.00651	0.00301	0.00422
15	0.01001	0.00500	0.00500	0.00500	0.00625	0.00500	0.00375	0.01251	0.01126	0.02001	0.01751	0.02001	0.01376	0.00625	0.00375	0.00125	0.00250	0.00500	0.84115	0.00500
16	0.53406	0.01070	0.01081	0.00937	0.01175	0.01305	0.00776	0.01571	0.00934	0.07854	0.00839	0.01036	0.00676	0.00644	0.00779	0.00187	0.24431	0.00364	0.00328	0.00608
17	0.01085	0.14478	0.01812	0.66586	0.03307	0.01349	0.01395	0.01411	0.01076	0.01353	0.00919	0.01335	0.00711	0.00524	0.00504	0.00168	0.00692	0.00445	0.00237	0.00612

[dist]
# distance from previous block
# <min> <max>
0	31

[block]
# block no. 4 follows, 45 sequences, length 48
# corresponding to MSA columns:
# 1497-1516,1518-1545
name=unknown_E
#
# <colnr> <probs for GDERKNQSTAVLIFYWHMCP>
#	G	D	E	R	K	N	Q	S	T	A	V	L	I	F	Y	W	H	M	C	P
0	0.00661	0.00484	0.00622	0.00716	0.00774	0.00445	0.00488	0.00775	0.01097	0.01452	0.10106	0.64604	0.12624	0.01589	0.00674	0.00209	0.00301	0.01428	0.00507	0.00445
1	0.00667	0.00477	0.00634	0.00739	0.00781	0.00445	0.00499	0.00779	0.01087	0.01465	0.11956	0.71518	0.03733	0.01611	0.00679	0.00212	0.00304	0.01459	0.00509	0.00445
2	0.01096	0.06952	0.74345	0.01498	0.02273	0.01293	0.01927	0.01695	0.01131	0.01677	0.00952	0.01119	0.00680	0.00507	0.00501	0.00167	0.00782	0.00391	0.00227	0.00788
3	0.01154	0.08200	0.47345	0.08924	0.11479	0.01324	0.07137	0.01711	0.04666	0.01670	0.01017	0.01227	0.00759	0.00511	0.00513	0.00167	0.00742	0.00433	0.00251	0.00772
4	0.01275	0.01158	0.01454	0.01234	0.01532	0.01319	0.09907	0.02462	0.56705	0.02052	0.02089	0.02028	0.05482	0.00748	0.00673	0.00187	0.07799	0.00625	0.00482	0.00789
5	0.01077	0.02777	0.78354	0.01530	0.02323	0.01247	0.01983	0.01700	0.01133	0.01700	0.00963	0.01133	0.00680	0.00510	0.00510	0.00170	0.00793	0.00397	0.00227	0.00793
6	0.01375	0.68301	0.15445	0.01021	0.01536	0.01977	0.01097	0.01623	0.01098	0.01336	0.00783	0.00907	0.00687	0.00468	0.00372	0.00124	0.00611	0.00305	0.00229	0.00706
7	0.01168	0.20581	0.57695	0.01446	0.03670	0.01449	0.03639	0.01678	0.01129	0.01602	0.00918	0.01084	0.00689	0.00496	0.00476	0.00158	0.00743	0.00380	0.00229	0.00769
8	0.00660	0.00472	0.00619	0.00734	0.00767	0.00441	0.00487	0.00750	0.01019	0.01355	0.02946	0.75066	0.05079	0.05861	0.00792	0.00233	0.00322	0.01478	0.00489	0.00431
9	0.05043	0.01134	0.03564	0.01164	0.01577	0.01070	0.09901	0.14282	0.09559	0.39904	0.05784	0.01774	0.01385	0.00655	0.00548	0.00169	0.00526	0.00559	0.00556	0.00847
10	0.02823	0.06383	0.54097	0.01744	0.13851	0.01332	0.01774	0.01647	0.01112	0.01663	0.00931	0.01148	0.00707	0.00542	0.00616	0.00171	0.08041	0.00408	0.00236	0.00774
11	0.01156	0.00649	0.00918	0.04601	0.05128	0.00619	0.00670	0.02378	0.01146	0.17719	0.07049	0.36088	0.02405	0.01326	0.00880	0.14875	0.00406	0.00975	0.00470	0.00543
12	0.00645	0.00526	0.00572	0.00606	0.00748	0.00453	0.00442	0.00773	0.01175	0.01434	0.04750	0.24223	0.57100	0.01444	0.00650	0.00192	0.00287	0.03033	0.00498	0.00450
13	0.01208	0.01137	0.01925	0.15792	0.56134	0.01189	0.01503	0.01518	0.01154	0.01629	0.01052	0.01440	0.00887	0.00916	0.10005	0.00248	0.00747	0.00490	0.00264	0.00763
14	0.01527	0.01422	0.03368	0.08275	0.32630	0.14352	0.04805	0.03222	0.08426	0.10962	0.04785	0.01525	0.01136	0.00573	0.00535	0.00162	0.00655	0.00504	0.00359	0.00777
15	0.60221	0.01149	0.01102	0.01112	0.10412	0.01294	0.00787	0.14709	0.01235	0.02501	0.00875	0.01001	0.00672	0.00522	0.00392	0.00164	0.00473	0.00347	0.00360	0.00672
16	0.01689	0.04724	0.14396	0.01232	0.01664	0.01484	0.01134	0.48536	0.01991	0.03993	0.01350	0.08552	0.01103	0.00726	0.00604	0.00170	0.04818	0.00557	0.00456	0.00823
17	0.00919	0.00594	0.00745	0.00715	0.00861	0.00548	0.00528	0.02511	0.02664	0.09538	0.37100	0.21111	0.14470	0.04341	0.00714	0.00195	0.00309	0.01052	0.00552	0.00531
18	0.04933	0.09058	0.17707	0.06792	0.24545	0.10705	0.05274	0.01840	0.07318	0.05241	0.01090	0.01273	0.00845	0.00524	0.00503	0.00160	0.00688	0.00441	0.00298	0.00765
19	0.04223	0.01065	0.01222	0.00997	0.01322	0.01112	0.02280	0.24879	0.16757	0.08200	0.22039	0.02178	0.02185	0.00753	0.00547	0.00161	0.00439	0.00625	0.00531	0.08486
20	0.64138	0.08502	0.03828	0.00802	0.01159	0.01306	0.00695	0.01739	0.10100	0.02258	0.00929	0.01017	0.00722	0.00523	0.00366	0.00163	0.00445	0.00332	0.00345	0.00631
21	0.09054	0.25447	0.15966	0.01186	0.03615	0.15970	0.01100	0.05559	0.08201	0.03211	0.01113	0.05332	0.00945	0.00593	0.00455	0.00150	0.00646	0.00434	0.00316	0.00707
22	0.00935	0.00585	0.00771	0.00709	0.00863	0.00534	0.00537	0.01177	0.01502	0.10396	0.66379	0.06778	0.04599	0.01073	0.00625	0.00170	0.00278	0.00946	0.00595	0.00548
23	0.01875	0.01421	0.05116	0.10709	0.03849	0.04296	0.01094	0.43830	0.05746	0.14549	0.01383	0.01407	0.00969	0.00625	0.00534	0.00165	0.00601	0.00488	0.00490	0.00854
24	0.01331	0.08900	0.11382	0.08655	0.46972	0.07088	0.04805	0.01668	0.01212	0.01638	0.00966	0.01249	0.00791	0.00489	0.00513	0.00158	0.00693	0.00448	0.00257	0.00786
25	0.01138	0.00733	0.01070	0.01094	0.10252	0.00683	0.03626	0.01375	0.01409	0.15240	0.45167	0.03159	0.03452	0.08274	0.00797	0.00200	0.00385	0.00805	0.00528	0.00611
26	0.00678	0.00492	0.00645	0.00758	0.00814	0.00460	0.00534	0.00794	0.01071	0.01406	0.03172	0.64818	0.10294	0.01628	0.00687	0.00218	0.00330	0.10259	0.00498	0.00445
27	0.01001	0.00500	0.00500	0.00500	0.00625	0.00500	0.00375	0.01251	0.01126	0.02001	0.01751	0.02001	0.01376	0.00625	0.00375	0.00125	0.00250	0.00500	0.84115	0.00500
28	0.01066	0.01586	0.24213	0.01694	0.07164	0.01115	0.28197	0.01468	0.01186	0.01645	0.03783	0.09143	0.10404	0.00731	0.00644	0.00182	0.04086	0.00699	0.00313	0.00682
29	0.01459	0.48330	0.10117	0.01204	0.01686	0.05845	0.10079	0.08557	0.05231	0.01610	0.00938	0.01064	0.00774	0.00499	0.00431	0.00137	0.00650	0.00378	0.00282	0.00729
30	0.00732	0.00547	0.00666	0.00735	0.00806	0.00532	0.00500	0.00953	0.07992	0.01435	0.04501	0.54263	0.11457	0.11137	0.00913	0.00246	0.00342	0.01297	0.00484	0.00464
31	0.03737	0.01412	0.01529	0.01187	0.01603	0.01549	0.00976	0.61945	0.08258	0.10142	0.01424	0.01386	0.01001	0.00650	0.00534	0.00163	0.00562	0.00494	0.00545	0.00901
32	0.11567	0.01599	0.05303	0.08050	0.38178	0.20078	0.02842	0.01761	0.01249	0.03143	0.00951	0.01197	0.00770	0.00508	0.00497	0.00158	0.00706	0.00424	0.00280	0.00740
33	0.01165	0.01327	0.10829	0.01365	0.01489	0.01506	0.01218	0.04785	0.00943	0.01434	0.00832	0.01262	0.00771	0.01162	0.08774	0.00282	0.59514	0.00471	0.00253	0.00617
34	0.01001	0.00500	0.00500	0.00500	0.00625	0.00500	0.00375	0.01251	0.01126	0.02001	0.01751	0.02001	0.01376	0.00625	0.00375	0.00125	0.00250	0.00500	0.84115	0.00500
35	0.01626	0.05999	0.11069	0.04029	0.09418	0.16412	0.08351	0.26883	0.02557	0.02187	0.04098	0.02722	0.01025	0.00599	0.00528	0.00159	0.00706	0.00488	0.00373	0.00771
36	0.09110	0.10908	0.05338	0.02963	0.11605	0.01315	0.10981	0.16040	0.04350	0.03283	0.02660	0.10728	0.01265	0.02456	0.02624	0.00194	0.02493	0.00602	0.00371	0.00713
37	0.01511	0.04383	0.02696	0.10673	0.03626	0.01393	0.01002	0.30344	0.26116	0.02442	0.01651	0.06384	0.02228	0.00712	0.00539	0.00170	0.00531	0.00581	0.00473	0.02546
38	0.03800	0.01475	0.10762	0.11950	0.01924	0.01425	0.01141	0.47998	0.01979	0.02695	0.01343	0.08581	0.01092	0.00705	0.00542	0.00170	0.00602	0.00563	0.00450	0.00803
39	0.16191	0.14240	0.10032	0.06377	0.01558	0.03270	0.00957	0.10366	0.04185	0.17278	0.07901	0.01542	0.01265	0.02013	0.00513	0.00165	0.00534	0.00468	0.00417	0.00728
40	0.01466	0.04441	0.08473	0.02756	0.03117	0.01285	0.03063	0.29333	0.16865	0.04391	0.01708	0.14346	0.01499	0.03977	0.00642	0.00189	0.00536	0.00678	0.00468	0.00767
41	0.03535	0.13135	0.09992	0.05446	0.03653	0.08633	0.06344	0.04334	0.13703	0.06513	0.01473	0.04444	0.04864	0.00694	0.00671	0.00172	0.10798	0.00531	0.00355	0.00707
42	0.01491	0.07630	0.14080	0.02961	0.10503	0.02620	0.13901	0.17019	0.03526	0.09613	0.01379	0.04581	0.02298	0.00633	0.00565	0.00168	0.02035	0.02434	0.00380	0.02184
43	0.03100	0.05374	0.10746	0.03100	0.01420	0.00951	0.02189	0.08441	0.03264	0.26021	0.08861	0.05137	0.08318	0.03988	0.02649	0.00196	0.00514	0.00630	0.00482	0.04621
44	0.03058	0.24565	0.06716	0.01260	0.01643	0.08225	0.16833	0.01629	0.03645	0.05181	0.14125	0.01761	0.03587	0.00646	0.00576	0.00157	0.04839	0.00543	0.00344	0.00667
45	0.12692	0.27487	0.19276	0.01097	0.01557	0.06619	0.01108	0.10604	0.02357	0.02672	0.03877	0.03225	0.00971	0.00639	0.01835	0.00163	0.02387	0.00414	0.00314	0.00706
46	0.05721	0.27721	0.17220	0.02442	0.01678	0.03542	0.07939	0.03242	0.05166	0.01628	0.01140	0.01290	0.03604	0.00647	0.03300	0.00166	0.00641	0.00413	0.00287	0.12212
47	0.02989	0.19340	0.18906	0.01082	0.01498	0.02894	0.02584	0.02979	0.02483	0.17818	0.01655	0.15946	0.03357	0.00788	0.00556	0.00168	0.03220	0.00638	0.00392	0.00708

[dist]
# distance from previous block
# <min> <max>
0	51

# created by:
# /st0/software/busco_prod/Augustus/scripts/msa2prfl.pl ./align_prep/210493.fa
