[name]
unknown

[dist]
# distance from previous block
# <min> <max>
8	230

[block]
# block no. 0 follows, 54 sequences, length 9
# corresponding to MSA columns:
# 279-287
name=unknown_A
#
# <colnr> <probs for GDERKNQSTAVLIFYWHMCP>
#	G	D	E	R	K	N	Q	S	T	A	V	L	I	F	Y	W	H	M	C	P
0	0.01250	0.00990	0.01303	0.18793	0.05959	0.01060	0.04725	0.20608	0.15089	0.06952	0.03699	0.01556	0.05562	0.00568	0.00471	0.00143	0.00482	0.00481	0.00378	0.09931
1	0.00797	0.00598	0.00660	0.00663	0.00782	0.04671	0.00483	0.00952	0.04943	0.05497	0.10928	0.28076	0.21525	0.02669	0.00713	0.08606	0.00326	0.04008	0.00416	0.02687
2	0.01257	0.00791	0.01106	0.24172	0.05019	0.00837	0.00842	0.10648	0.01220	0.21714	0.08646	0.01873	0.05388	0.06205	0.05392	0.00205	0.00511	0.00526	0.03049	0.00599
3	0.08044	0.00582	0.00592	0.00547	0.00710	0.00600	0.00423	0.05995	0.04950	0.05803	0.04586	0.01806	0.04363	0.00588	0.00367	0.00122	0.00267	0.00467	0.58685	0.00499
4	0.01162	0.01119	0.03396	0.12577	0.04418	0.01123	0.33184	0.17377	0.06126	0.01797	0.05003	0.04844	0.02556	0.00567	0.00522	0.00157	0.00613	0.02497	0.00327	0.00637
5	0.06703	0.00933	0.01101	0.04920	0.02779	0.02919	0.02114	0.12679	0.16272	0.25699	0.01718	0.05728	0.05278	0.00648	0.00471	0.00148	0.00425	0.02539	0.00451	0.06477
6	0.04904	0.07124	0.17586	0.01262	0.10260	0.14700	0.03384	0.09234	0.05981	0.03969	0.00968	0.02558	0.00768	0.00476	0.00424	0.00128	0.00571	0.00374	0.00289	0.15042
7	0.01114	0.01110	0.06013	0.04986	0.01454	0.05783	0.07605	0.08502	0.04213	0.01641	0.00912	0.01056	0.00723	0.00405	0.00400	0.00100	0.00470	0.00340	0.00291	0.52881
8	0.01287	0.14318	0.10434	0.05288	0.09555	0.16579	0.04276	0.07657	0.06237	0.05429	0.01102	0.08476	0.00955	0.00560	0.00441	0.00135	0.00574	0.00454	0.00299	0.05945

[dist]
# distance from previous block
# <min> <max>
18	50

[block]
# block no. 1 follows, 54 sequences, length 32
# corresponding to MSA columns:
# 339-370
name=unknown_B
#
# <colnr> <probs for GDERKNQSTAVLIFYWHMCP>
#	G	D	E	R	K	N	Q	S	T	A	V	L	I	F	Y	W	H	M	C	P
0	0.31104	0.07539	0.05147	0.00761	0.01085	0.03063	0.00651	0.07503	0.03356	0.08119	0.02149	0.04227	0.00898	0.06002	0.00505	0.00150	0.00419	0.00383	0.00328	0.16616
1	0.05293	0.07532	0.08608	0.00823	0.01076	0.05833	0.02890	0.08140	0.02206	0.05540	0.01471	0.15150	0.03918	0.19325	0.00892	0.00211	0.00466	0.00608	0.00331	0.09686
2	0.01019	0.09535	0.01151	0.00755	0.01118	0.00804	0.02811	0.04557	0.04031	0.02474	0.06541	0.02523	0.02775	0.03534	0.00460	0.00106	0.00379	0.00388	0.00312	0.54724
3	0.03219	0.02520	0.27972	0.01006	0.02618	0.00837	0.05519	0.01352	0.03561	0.06892	0.05005	0.01642	0.09494	0.03680	0.00516	0.00141	0.00489	0.00460	0.00304	0.22773
4	0.06584	0.07349	0.08063	0.00741	0.00942	0.00753	0.00621	0.05672	0.02128	0.04366	0.09763	0.16416	0.01796	0.18546	0.09554	0.00278	0.00500	0.00661	0.00344	0.04923
5	0.01152	0.08280	0.01127	0.00727	0.01137	0.00748	0.00599	0.01353	0.01025	0.11880	0.00956	0.01040	0.00751	0.00385	0.00361	0.00083	0.00370	0.00302	0.00312	0.67413
6	0.04767	0.05668	0.07602	0.01068	0.01398	0.36958	0.00891	0.10906	0.11526	0.05695	0.01002	0.01056	0.00771	0.00499	0.00424	0.00128	0.00634	0.00354	0.00318	0.08335
7	0.05628	0.01094	0.05290	0.15717	0.52840	0.01065	0.01321	0.01482	0.01059	0.08635	0.00952	0.01193	0.00746	0.00445	0.00458	0.00144	0.00553	0.00413	0.00262	0.00700
8	0.08160	0.31352	0.03460	0.14264	0.04590	0.05852	0.05164	0.12473	0.07668	0.01589	0.00890	0.01028	0.00709	0.00466	0.00397	0.00131	0.00545	0.00355	0.00277	0.00629
9	0.17943	0.00695	0.00700	0.07092	0.00974	0.04823	0.00533	0.02157	0.01916	0.01483	0.10078	0.13827	0.22314	0.09678	0.00694	0.00191	0.00366	0.03723	0.00373	0.00440
10	0.09400	0.02084	0.01282	0.01155	0.01409	0.70548	0.00874	0.05453	0.01330	0.01326	0.00741	0.00856	0.00608	0.00485	0.00415	0.00125	0.00791	0.00305	0.00258	0.00555
11	0.01042	0.00946	0.01560	0.47475	0.19738	0.02802	0.07051	0.01355	0.02714	0.05439	0.01011	0.04982	0.00819	0.00510	0.00482	0.00154	0.00598	0.00474	0.00253	0.00594
12	0.14474	0.00855	0.01296	0.34717	0.06005	0.00930	0.07980	0.01401	0.01014	0.14855	0.01259	0.06786	0.03857	0.00568	0.00461	0.00154	0.00518	0.00496	0.00314	0.02059
13	0.00597	0.00462	0.00543	0.00558	0.00670	0.00409	0.00405	0.00740	0.01115	0.01453	0.28328	0.23529	0.37118	0.01190	0.00568	0.00164	0.00242	0.01035	0.00464	0.00409
14	0.04224	0.00805	0.01084	0.00833	0.01196	0.00702	0.00688	0.02275	0.01336	0.78855	0.01830	0.01584	0.01151	0.00580	0.00470	0.00146	0.00400	0.00469	0.00576	0.00795
15	0.08428	0.00503	0.00612	0.00630	0.00731	0.00482	0.00452	0.00884	0.01064	0.05502	0.28418	0.39670	0.06762	0.02927	0.00589	0.00175	0.00273	0.01006	0.00456	0.00435
16	0.15047	0.00725	0.00844	0.00724	0.00962	0.00715	0.00572	0.07599	0.03746	0.26062	0.24421	0.09677	0.05429	0.00778	0.00484	0.00151	0.00334	0.00648	0.00486	0.00595
17	0.09453	0.01165	0.01267	0.00988	0.01349	0.01260	0.00813	0.52615	0.06473	0.17917	0.01277	0.01228	0.00884	0.00562	0.00456	0.00144	0.00474	0.00425	0.00478	0.00773
18	0.00944	0.00714	0.00822	0.00747	0.00924	0.00757	0.00566	0.02874	0.31834	0.05085	0.38072	0.02676	0.02833	0.08225	0.00687	0.00180	0.00315	0.00690	0.00485	0.00569
19	0.01121	0.00586	0.00755	0.00703	0.00879	0.00533	0.00529	0.01318	0.04974	0.27608	0.11652	0.33656	0.11657	0.01048	0.00543	0.00166	0.00310	0.00917	0.00497	0.00548
20	0.08413	0.00718	0.00915	0.00753	0.01029	0.00655	0.00601	0.03026	0.01249	0.50072	0.12613	0.09269	0.04745	0.03086	0.00540	0.00160	0.00360	0.00611	0.00523	0.00663
21	0.16423	0.00821	0.01026	0.00802	0.01154	0.00755	0.00662	0.02144	0.01257	0.67513	0.01657	0.01463	0.01056	0.00559	0.00443	0.00146	0.00395	0.00437	0.00534	0.00753
22	0.00769	0.00499	0.00652	0.00634	0.00745	0.00463	0.00465	0.00969	0.02677	0.07950	0.51608	0.23188	0.03746	0.02723	0.00597	0.00165	0.00257	0.00935	0.00498	0.00460
23	0.49077	0.00811	0.00764	0.00663	0.00932	0.00873	0.00536	0.04483	0.01018	0.17786	0.05218	0.04941	0.01050	0.00558	0.00367	0.00144	0.00351	0.00405	0.09458	0.00563
24	0.00706	0.00447	0.00598	0.00675	0.00732	0.00415	0.00466	0.00799	0.00940	0.07508	0.02510	0.71854	0.02915	0.03377	0.00637	0.00195	0.00294	0.04071	0.00445	0.00416
25	0.00686	0.00457	0.00514	0.00514	0.00514	0.00457	0.00286	0.00686	0.00686	0.00914	0.01486	0.03086	0.01714	0.83430	0.02400	0.00457	0.00457	0.00686	0.00286	0.00286
26	0.02908	0.00660	0.00830	0.00748	0.00939	0.00631	0.00573	0.10775	0.01279	0.24107	0.17585	0.30387	0.03489	0.00984	0.00535	0.00163	0.00333	0.02010	0.00496	0.00569
27	0.01504	0.00988	0.01116	0.00903	0.01179	0.01049	0.00715	0.43124	0.03713	0.14403	0.05531	0.08444	0.01381	0.11426	0.02156	0.00199	0.00466	0.00569	0.00461	0.00674
28	0.11870	0.01058	0.01319	0.01088	0.02720	0.03236	0.12505	0.06810	0.35668	0.10632	0.01437	0.01418	0.01060	0.00539	0.00456	0.00148	0.00462	0.00463	0.00407	0.06702
29	0.01043	0.00920	0.01414	0.68569	0.02946	0.01118	0.01240	0.14340	0.01158	0.01503	0.00888	0.01236	0.00658	0.00487	0.00471	0.00154	0.00610	0.00420	0.00254	0.00571
30	0.12906	0.00490	0.00569	0.00637	0.00709	0.00487	0.00440	0.00776	0.00908	0.01362	0.06828	0.61055	0.04760	0.05019	0.00635	0.00194	0.00291	0.01118	0.00415	0.00401
31	0.20523	0.39750	0.09484	0.00889	0.01280	0.03804	0.03840	0.01575	0.07198	0.06542	0.00865	0.00938	0.00689	0.00448	0.00353	0.00126	0.00496	0.00312	0.00271	0.00616

[dist]
# distance from previous block
# <min> <max>
3	14

[block]
# block no. 2 follows, 54 sequences, length 14
# corresponding to MSA columns:
# 385-398
name=unknown_C
#
# <colnr> <probs for GDERKNQSTAVLIFYWHMCP>
#	G	D	E	R	K	N	Q	S	T	A	V	L	I	F	Y	W	H	M	C	P
0	0.09656	0.08831	0.01397	0.01005	0.01358	0.04808	0.00834	0.51686	0.11642	0.02518	0.01125	0.01130	0.00828	0.00545	0.00438	0.00140	0.00499	0.00401	0.00421	0.00739
1	0.00574	0.00410	0.00547	0.00657	0.00684	0.00383	0.00438	0.00657	0.00903	0.01204	0.02599	0.83122	0.03119	0.01477	0.00602	0.00191	0.00274	0.01340	0.00438	0.00383
2	0.03424	0.01140	0.01554	0.01956	0.42770	0.08380	0.01113	0.06885	0.01236	0.22106	0.01133	0.01233	0.00839	0.00476	0.00457	0.00138	0.00531	0.00415	0.00344	0.03869
3	0.01223	0.45222	0.06568	0.06703	0.01609	0.01553	0.12815	0.07122	0.10298	0.01434	0.00907	0.01028	0.00735	0.00449	0.00394	0.00126	0.00554	0.00361	0.00260	0.00640
4	0.00573	0.00417	0.00540	0.00639	0.00679	0.00384	0.00430	0.00658	0.00920	0.01210	0.02812	0.75438	0.10665	0.01450	0.00597	0.00188	0.00270	0.01307	0.00438	0.00384
5	0.01511	0.01417	0.21832	0.01061	0.01491	0.01115	0.01031	0.27040	0.13937	0.19873	0.03941	0.01381	0.01052	0.00564	0.00470	0.00148	0.00506	0.00447	0.00429	0.00754
6	0.01850	0.00860	0.01224	0.06781	0.01425	0.00802	0.05720	0.07371	0.03116	0.59101	0.05468	0.01622	0.01239	0.00582	0.00483	0.00148	0.00441	0.00492	0.00522	0.00753
7	0.12138	0.06947	0.01227	0.06157	0.04663	0.09231	0.03602	0.05250	0.04304	0.28382	0.04751	0.07612	0.02499	0.00617	0.00451	0.00145	0.00470	0.00501	0.00408	0.00644
8	0.02033	0.00934	0.01176	0.00902	0.01269	0.00889	0.00745	0.21813	0.01570	0.60987	0.01675	0.01484	0.01074	0.00579	0.00474	0.00145	0.00431	0.00462	0.00555	0.00802
9	0.00806	0.00565	0.00692	0.00701	0.00834	0.00552	0.00533	0.01122	0.12092	0.06997	0.17014	0.27169	0.15755	0.01132	0.00567	0.00174	0.00305	0.12038	0.00468	0.00484
10	0.00990	0.00878	0.01143	0.00816	0.01241	0.00680	0.07724	0.01217	0.00990	0.01534	0.00849	0.01005	0.00700	0.00354	0.00368	0.00078	0.00390	0.00305	0.00276	0.78463
11	0.00648	0.00481	0.00703	0.00732	0.00801	0.00536	0.00550	0.00794	0.00795	0.01123	0.01608	0.22861	0.01680	0.03004	0.60633	0.00611	0.01007	0.00721	0.00300	0.00411
12	0.01039	0.26549	0.57695	0.01185	0.01794	0.01324	0.01465	0.01469	0.00984	0.01379	0.00790	0.00925	0.00600	0.00435	0.00405	0.00135	0.00640	0.00320	0.00200	0.00670
13	0.01199	0.01657	0.43055	0.01233	0.05604	0.00917	0.05392	0.01595	0.01135	0.20024	0.12177	0.01513	0.01282	0.00548	0.00476	0.00148	0.00560	0.00463	0.00337	0.00686

[dist]
# distance from previous block
# <min> <max>
0	6

[block]
# block no. 3 follows, 54 sequences, length 35
# corresponding to MSA columns:
# 405-436,444-446
name=unknown_D
#
# <colnr> <probs for GDERKNQSTAVLIFYWHMCP>
#	G	D	E	R	K	N	Q	S	T	A	V	L	I	F	Y	W	H	M	C	P
0	0.02115	0.00802	0.01094	0.00839	0.01204	0.00693	0.00693	0.02298	0.01350	0.80815	0.01860	0.01605	0.01167	0.00584	0.00474	0.00146	0.00401	0.00474	0.00584	0.00802
1	0.00573	0.00417	0.00540	0.00639	0.00679	0.00384	0.00430	0.00658	0.00919	0.01210	0.02811	0.75472	0.10631	0.01450	0.00597	0.00188	0.00270	0.01307	0.00438	0.00384
2	0.03971	0.01206	0.06283	0.01016	0.01358	0.01229	0.00868	0.42943	0.14375	0.10898	0.05317	0.02649	0.01136	0.00613	0.00517	0.00149	0.03803	0.00473	0.00454	0.00742
3	0.01763	0.02189	0.01341	0.01206	0.01458	0.76474	0.00910	0.06753	0.01392	0.01269	0.00754	0.00868	0.00620	0.00491	0.00428	0.00123	0.00829	0.00311	0.00257	0.00563
4	0.86760	0.00912	0.00693	0.00620	0.00912	0.01058	0.00511	0.01386	0.00802	0.02115	0.00657	0.00766	0.00511	0.00438	0.00292	0.00146	0.00365	0.00255	0.00292	0.00511
5	0.01064	0.01002	0.01693	0.22768	0.54464	0.01055	0.01356	0.01347	0.01042	0.01445	0.01007	0.01531	0.00878	0.00506	0.00483	0.00151	0.00567	0.06734	0.00244	0.00665
6	0.00978	0.00838	0.00978	0.00698	0.01117	0.00629	0.00559	0.01187	0.00978	0.01536	0.00838	0.00978	0.00698	0.00349	0.00349	0.00070	0.00349	0.00279	0.00279	0.86312
7	0.01173	0.01013	0.01066	0.00960	0.01226	0.01173	0.00746	0.02505	0.79636	0.01972	0.01919	0.01759	0.01439	0.00640	0.00480	0.00160	0.00373	0.00533	0.00480	0.00746
8	0.00655	0.00474	0.00618	0.00597	0.00701	0.00437	0.00442	0.00860	0.01282	0.01803	0.70142	0.12043	0.06126	0.01024	0.00561	0.00153	0.00228	0.00908	0.00508	0.00437
9	0.00665	0.00480	0.00628	0.00595	0.00704	0.00443	0.00445	0.00883	0.01322	0.01870	0.77932	0.05887	0.04409	0.00979	0.00557	0.00150	0.00224	0.00867	0.00517	0.00443
10	0.00946	0.02439	0.80987	0.01344	0.02041	0.01095	0.01742	0.01493	0.00995	0.01493	0.00846	0.00995	0.00597	0.00448	0.00448	0.00149	0.00697	0.00348	0.00199	0.00697
11	0.00686	0.00457	0.00514	0.00514	0.00514	0.00457	0.00286	0.00686	0.00686	0.00914	0.01486	0.03086	0.01714	0.83430	0.02400	0.00457	0.00457	0.00686	0.00286	0.00286
12	0.00674	0.00505	0.00758	0.00758	0.00842	0.00589	0.00589	0.00842	0.00758	0.01095	0.01263	0.01852	0.01179	0.03536	0.81561	0.00758	0.01263	0.00505	0.00253	0.00421
13	0.02115	0.00802	0.01094	0.00839	0.01204	0.00693	0.00693	0.02298	0.01350	0.80815	0.01860	0.01605	0.01167	0.00584	0.00474	0.00146	0.00401	0.00474	0.00584	0.00802
14	0.01314	0.75017	0.02350	0.00850	0.01237	0.10370	0.00818	0.01462	0.00998	0.01114	0.00663	0.00766	0.00605	0.00412	0.00316	0.00103	0.00541	0.00258	0.00206	0.00599
15	0.00819	0.00410	0.00614	0.00614	0.00614	0.00410	0.00410	0.00614	0.00614	0.00819	0.00819	0.01433	0.00819	0.01638	0.01843	0.86282	0.00410	0.00410	0.00205	0.00205
16	0.00879	0.00439	0.00439	0.00439	0.00549	0.00439	0.00330	0.01099	0.00989	0.01758	0.01538	0.01758	0.01209	0.00549	0.00330	0.00110	0.00220	0.00439	0.86047	0.00439
17	0.00930	0.02328	0.76428	0.01301	0.01965	0.01058	0.01668	0.01459	0.01015	0.01516	0.05350	0.01139	0.00816	0.00477	0.00454	0.00149	0.00670	0.00377	0.00217	0.00683
18	0.00667	0.00482	0.00630	0.00593	0.00704	0.00445	0.00445	0.00890	0.01335	0.01891	0.80239	0.03522	0.04449	0.00964	0.00556	0.00148	0.00222	0.00853	0.00519	0.00445
19	0.00879	0.00439	0.00439	0.00439	0.00549	0.00439	0.00330	0.01099	0.00989	0.01758	0.01538	0.01758	0.01209	0.00549	0.00330	0.00110	0.00220	0.00439	0.86047	0.00439
20	0.00923	0.00871	0.01472	0.73058	0.12234	0.01056	0.01325	0.01233	0.00958	0.01244	0.00844	0.01247	0.00642	0.00465	0.00471	0.00155	0.00621	0.00419	0.00212	0.00550
21	0.00946	0.02439	0.80987	0.01344	0.02041	0.01095	0.01742	0.01493	0.00995	0.01493	0.00846	0.00995	0.00597	0.00448	0.00448	0.00149	0.00697	0.00348	0.00199	0.00697
22	0.00724	0.00522	0.00666	0.00731	0.00806	0.00515	0.00532	0.08566	0.01062	0.01412	0.02436	0.63291	0.02825	0.01360	0.00596	0.00190	0.00322	0.12570	0.00441	0.00433
23	0.01934	0.00762	0.01036	0.00808	0.01141	0.00662	0.00662	0.02121	0.01348	0.70900	0.11706	0.01846	0.01579	0.00631	0.00484	0.00146	0.00379	0.00522	0.00575	0.00758
24	0.01010	0.00878	0.01105	0.04257	0.09815	0.00714	0.00692	0.02647	0.01010	0.01550	0.00849	0.01012	0.00703	0.00366	0.00369	0.00082	0.00387	0.00303	0.00275	0.71978
25	0.01211	0.62901	0.08680	0.00955	0.01362	0.04638	0.06521	0.01416	0.00994	0.01190	0.00812	0.01105	0.00746	0.00466	0.00359	0.00117	0.00549	0.05156	0.00220	0.00602
26	0.00678	0.00690	0.09182	0.00653	0.00835	0.00506	0.00568	0.00917	0.01254	0.01742	0.58717	0.03428	0.17152	0.00949	0.00545	0.00150	0.00276	0.00823	0.00471	0.00464
27	0.00675	0.00499	0.00728	0.00728	0.00802	0.00573	0.00553	0.00823	0.00749	0.01073	0.01290	0.02001	0.01243	0.13177	0.72008	0.00721	0.01166	0.00527	0.00257	0.00405
28	0.01118	0.09510	0.10323	0.04549	0.46356	0.01148	0.06758	0.04531	0.01097	0.01529	0.03215	0.05832	0.00952	0.00503	0.00465	0.00142	0.00560	0.00470	0.00256	0.00686
29	0.00727	0.00492	0.00630	0.00600	0.00723	0.00447	0.00448	0.00920	0.01259	0.06222	0.58604	0.12030	0.13067	0.01024	0.00556	0.00154	0.00240	0.00900	0.00504	0.00453
30	0.00954	0.02387	0.77870	0.01405	0.05133	0.01096	0.01730	0.01491	0.00999	0.01495	0.00848	0.01002	0.00603	0.00447	0.00449	0.00149	0.00691	0.00351	0.00200	0.00699
31	0.01083	0.01281	0.07538	0.11206	0.10855	0.01162	0.56753	0.01468	0.01082	0.01478	0.00927	0.01241	0.00701	0.00412	0.00530	0.00156	0.00745	0.00513	0.00232	0.00639
32	0.01104	0.01474	0.15477	0.06369	0.06720	0.05709	0.51684	0.01494	0.01091	0.01467	0.00939	0.02510	0.00725	0.00434	0.00522	0.00155	0.00751	0.00505	0.00234	0.00637
33	0.00697	0.00534	0.00777	0.00764	0.00835	0.00630	0.00588	0.00845	0.00748	0.01079	0.01244	0.01922	0.01196	0.11211	0.68728	0.00693	0.06324	0.00517	0.00253	0.00414
34	0.08700	0.01040	0.01714	0.16651	0.50353	0.01079	0.05628	0.01456	0.01046	0.06541	0.00923	0.01181	0.00730	0.00440	0.00458	0.00145	0.00558	0.00416	0.00257	0.00684

[dist]
# distance from previous block
# <min> <max>
0	21

[block]
# block no. 4 follows, 54 sequences, length 63
# corresponding to MSA columns:
# 468-530
name=unknown_E
#
# <colnr> <probs for GDERKNQSTAVLIFYWHMCP>
#	G	D	E	R	K	N	Q	S	T	A	V	L	I	F	Y	W	H	M	C	P
0	0.16091	0.55530	0.06551	0.06236	0.01352	0.05175	0.00847	0.01419	0.00949	0.01314	0.00682	0.00809	0.00590	0.00420	0.00326	0.00116	0.00515	0.00272	0.00220	0.00586
1	0.06699	0.00968	0.01567	0.48949	0.25606	0.02482	0.04469	0.01312	0.00986	0.01375	0.00843	0.01192	0.00658	0.00451	0.00461	0.00151	0.00602	0.00412	0.00224	0.00593
2	0.00659	0.00482	0.00618	0.00584	0.00699	0.00441	0.00438	0.00873	0.01314	0.01842	0.74233	0.03603	0.10486	0.00982	0.00556	0.00149	0.00224	0.00864	0.00513	0.00441
3	0.01761	0.02247	0.01336	0.01215	0.01458	0.81537	0.00911	0.01883	0.01336	0.01154	0.00729	0.00850	0.00607	0.00486	0.00425	0.00121	0.00850	0.00304	0.00243	0.00547
4	0.00686	0.00457	0.00514	0.00514	0.00514	0.00457	0.00286	0.00686	0.00686	0.00914	0.01486	0.03086	0.01714	0.83430	0.02400	0.00457	0.00457	0.00686	0.00286	0.00286
5	0.00667	0.00482	0.00630	0.00593	0.00704	0.00445	0.00445	0.00890	0.01335	0.01891	0.80239	0.03522	0.04449	0.00964	0.00556	0.00148	0.00222	0.00853	0.00519	0.00445
6	0.00743	0.00531	0.00740	0.00849	0.00950	0.00528	0.00730	0.00948	0.01069	0.01392	0.02506	0.12411	0.02750	0.01318	0.00647	0.00215	0.00420	0.70389	0.00434	0.00430
7	0.00581	0.00415	0.00555	0.00664	0.00695	0.00389	0.00450	0.00668	0.00909	0.01211	0.02595	0.80252	0.03104	0.01471	0.00604	0.00192	0.00279	0.04143	0.00438	0.00385
8	0.01761	0.02247	0.01336	0.01215	0.01458	0.81537	0.00911	0.01883	0.01336	0.01154	0.00729	0.00850	0.00607	0.00486	0.00425	0.00121	0.00850	0.00304	0.00243	0.00547
9	0.00632	0.00481	0.00582	0.00556	0.00683	0.00430	0.00417	0.00822	0.01252	0.01694	0.56140	0.03846	0.28671	0.01037	0.00556	0.00152	0.00228	0.00898	0.00493	0.00430
10	0.01220	0.73157	0.12668	0.00877	0.01318	0.01766	0.00928	0.01422	0.00963	0.01159	0.00680	0.00787	0.00604	0.00409	0.00321	0.00107	0.00529	0.00265	0.00201	0.00617
11	0.01761	0.02247	0.01336	0.01215	0.01458	0.81537	0.00911	0.01883	0.01336	0.01154	0.00729	0.00850	0.00607	0.00486	0.00425	0.00121	0.00850	0.00304	0.00243	0.00547
12	0.01322	0.01047	0.01173	0.01090	0.06458	0.01166	0.00806	0.13823	0.55533	0.07319	0.01700	0.01595	0.01260	0.00603	0.00474	0.00152	0.00408	0.00499	0.00464	0.03109
13	0.01140	0.01102	0.01838	0.13350	0.68962	0.02461	0.01420	0.01422	0.01061	0.01490	0.00878	0.01174	0.00729	0.00428	0.00467	0.00142	0.00574	0.00418	0.00230	0.00714
14	0.00819	0.00410	0.00614	0.00614	0.00614	0.00410	0.00410	0.00614	0.00614	0.00819	0.00819	0.01433	0.00819	0.01638	0.01843	0.86282	0.00410	0.00410	0.00205	0.00205
15	0.11803	0.01930	0.55423	0.01156	0.01737	0.01012	0.01384	0.01637	0.01041	0.17078	0.01021	0.01086	0.00698	0.00473	0.00434	0.00148	0.00598	0.00361	0.00286	0.00694
16	0.07893	0.01320	0.12625	0.01568	0.02048	0.01070	0.48534	0.01463	0.01056	0.03130	0.00916	0.01155	0.00690	0.00403	0.00487	0.00142	0.00670	0.00460	0.00251	0.14118
17	0.00946	0.02439	0.80987	0.01344	0.02041	0.01095	0.01742	0.01493	0.00995	0.01493	0.00846	0.00995	0.00597	0.00448	0.00448	0.00149	0.00697	0.00348	0.00199	0.00697
18	0.00803	0.00483	0.00649	0.00700	0.00788	0.00447	0.00510	0.00925	0.01014	0.11615	0.07618	0.56473	0.04082	0.01301	0.00588	0.00185	0.00306	0.10601	0.00462	0.00448
19	0.01358	0.66396	0.07427	0.00852	0.01268	0.02852	0.00855	0.01539	0.01017	0.11487	0.00826	0.00884	0.00678	0.00431	0.00336	0.00110	0.00509	0.00288	0.00252	0.00636
20	0.01033	0.02263	0.71188	0.01347	0.02009	0.01074	0.06097	0.01548	0.01026	0.06763	0.00920	0.01052	0.00642	0.00454	0.00456	0.00150	0.00683	0.00369	0.00227	0.00700
21	0.00683	0.00466	0.00560	0.00560	0.00576	0.00482	0.00343	0.00715	0.00699	0.00948	0.01443	0.02852	0.01613	0.68292	0.17399	0.00514	0.00610	0.00651	0.00279	0.00311
22	0.86760	0.00912	0.00693	0.00620	0.00912	0.01058	0.00511	0.01386	0.00802	0.02115	0.00657	0.00766	0.00511	0.00438	0.00292	0.00146	0.00365	0.00255	0.00292	0.00511
23	0.00667	0.00482	0.00630	0.00593	0.00704	0.00445	0.00445	0.00890	0.01335	0.01891	0.80239	0.03522	0.04449	0.00964	0.00556	0.00148	0.00222	0.00853	0.00519	0.00445
24	0.06608	0.12197	0.55658	0.11744	0.02021	0.01182	0.01489	0.01439	0.00971	0.01449	0.00809	0.00985	0.00597	0.00445	0.00423	0.00144	0.00642	0.00340	0.00207	0.00651
25	0.86760	0.00912	0.00693	0.00620	0.00912	0.01058	0.00511	0.01386	0.00802	0.02115	0.00657	0.00766	0.00511	0.00438	0.00292	0.00146	0.00365	0.00255	0.00292	0.00511
26	0.00557	0.00478	0.00478	0.00478	0.00637	0.00398	0.00358	0.00677	0.01075	0.01274	0.04776	0.04538	0.80297	0.01194	0.00557	0.00159	0.00239	0.00995	0.00438	0.00398
27	0.00978	0.00838	0.00978	0.00698	0.01117	0.00629	0.00559	0.01187	0.00978	0.01536	0.00838	0.00978	0.00698	0.00349	0.00349	0.00070	0.00349	0.00279	0.00279	0.86312
28	0.01032	0.01032	0.01444	0.01238	0.01238	0.01444	0.01032	0.01135	0.00722	0.01135	0.00619	0.01032	0.00619	0.00825	0.01547	0.00206	0.82567	0.00413	0.00206	0.00516
29	0.00671	0.00455	0.00514	0.00522	0.00533	0.00449	0.00300	0.00683	0.00722	0.00954	0.01749	0.08485	0.06321	0.73263	0.02175	0.00422	0.00432	0.00747	0.00305	0.00299
30	0.01650	0.00842	0.06288	0.00816	0.01137	0.00677	0.00704	0.03095	0.02704	0.52984	0.21607	0.02045	0.01958	0.00671	0.00493	0.00147	0.00377	0.00562	0.00538	0.00704
31	0.00686	0.00457	0.00514	0.00514	0.00514	0.00457	0.00286	0.00686	0.00686	0.00914	0.01486	0.03086	0.01714	0.83430	0.02400	0.00457	0.00457	0.00686	0.00286	0.00286
32	0.00589	0.00416	0.00543	0.00638	0.00662	0.00393	0.00418	0.00660	0.00875	0.01166	0.02454	0.72727	0.02936	0.12121	0.00835	0.00226	0.00297	0.01255	0.00418	0.00370
33	0.01261	0.83713	0.02471	0.00807	0.01210	0.01866	0.00807	0.01412	0.00958	0.01109	0.00656	0.00756	0.00605	0.00403	0.00303	0.00101	0.00504	0.00252	0.00202	0.00605
34	0.04829	0.01048	0.01669	0.15780	0.51601	0.01088	0.01278	0.06567	0.01141	0.09045	0.00977	0.01204	0.00760	0.00454	0.00461	0.00144	0.00546	0.00418	0.00280	0.00708
35	0.01170	0.18506	0.21379	0.11435	0.13223	0.11235	0.03102	0.01614	0.11252	0.01406	0.00939	0.01092	0.00738	0.00466	0.00428	0.00137	0.00608	0.00371	0.00249	0.00650
36	0.86760	0.00912	0.00693	0.00620	0.00912	0.01058	0.00511	0.01386	0.00802	0.02115	0.00657	0.00766	0.00511	0.00438	0.00292	0.00146	0.00365	0.00255	0.00292	0.00511
37	0.01540	0.03699	0.11690	0.01279	0.06018	0.59577	0.01017	0.01733	0.01269	0.01268	0.05969	0.01061	0.00866	0.00507	0.00437	0.00128	0.00766	0.00351	0.00254	0.00572
38	0.01055	0.02092	0.60739	0.01228	0.01849	0.01080	0.01484	0.11043	0.01144	0.01682	0.00881	0.01010	0.00636	0.00450	0.00438	0.00138	0.00630	0.00349	0.00243	0.11830
39	0.00934	0.02234	0.70690	0.01345	0.01985	0.01057	0.06873	0.01442	0.00998	0.01476	0.00962	0.06124	0.00762	0.00509	0.00465	0.00153	0.00677	0.00424	0.00217	0.00673
40	0.75766	0.00898	0.00745	0.00648	0.00950	0.01010	0.00534	0.01504	0.00873	0.12337	0.00813	0.00875	0.00596	0.00457	0.00315	0.00146	0.00369	0.00284	0.00330	0.00549
41	0.01701	0.01824	0.01338	0.01155	0.01420	0.55782	0.05312	0.06891	0.01340	0.11624	0.00965	0.01139	0.00773	0.06008	0.00573	0.00150	0.00741	0.00374	0.00305	0.00584
42	0.00933	0.00544	0.00697	0.00623	0.00792	0.00486	0.00480	0.01132	0.01297	0.17224	0.53187	0.03305	0.15596	0.00925	0.00540	0.00150	0.00260	0.00801	0.00519	0.00508
43	0.00667	0.00482	0.00630	0.00593	0.00704	0.00445	0.00445	0.00890	0.01335	0.01891	0.80239	0.03522	0.04449	0.00964	0.00556	0.00148	0.00222	0.00853	0.00519	0.00445
44	0.86760	0.00912	0.00693	0.00620	0.00912	0.01058	0.00511	0.01386	0.00802	0.02115	0.00657	0.00766	0.00511	0.00438	0.00292	0.00146	0.00365	0.00255	0.00292	0.00511
45	0.00947	0.00896	0.01517	0.65938	0.19160	0.01063	0.01338	0.01255	0.00970	0.01274	0.00848	0.01239	0.00653	0.00461	0.00470	0.00154	0.00614	0.00419	0.00214	0.00570
46	0.00603	0.00427	0.00553	0.00627	0.00662	0.00402	0.00416	0.00691	0.00927	0.01250	0.12519	0.60979	0.03084	0.13497	0.00861	0.00225	0.00294	0.01181	0.00426	0.00377
47	0.00978	0.00838	0.00978	0.00698	0.01117	0.00629	0.00559	0.01187	0.00978	0.01536	0.00838	0.00978	0.00698	0.00349	0.00349	0.00070	0.00349	0.00279	0.00279	0.86312
48	0.02457	0.01014	0.03711	0.38874	0.38626	0.01073	0.01342	0.01345	0.02121	0.01402	0.00873	0.01200	0.00694	0.00446	0.00462	0.00147	0.00583	0.00413	0.00227	0.02990
49	0.01154	0.01314	0.07685	0.03412	0.18538	0.01186	0.51246	0.06570	0.01167	0.01606	0.00943	0.01222	0.00718	0.00418	0.00524	0.00153	0.00719	0.00503	0.00250	0.00672
50	0.00745	0.00514	0.00721	0.00699	0.00809	0.00547	0.00538	0.00916	0.00931	0.05840	0.17115	0.02435	0.08768	0.04851	0.51730	0.00542	0.00897	0.00620	0.00341	0.00442
51	0.00603	0.00425	0.00546	0.00623	0.00651	0.00402	0.00407	0.00678	0.00888	0.01192	0.07627	0.61533	0.02924	0.18034	0.00963	0.00242	0.00307	0.01175	0.00412	0.00367
52	0.00811	0.01048	0.21824	0.08980	0.03125	0.00694	0.02889	0.01069	0.01001	0.04966	0.08516	0.37706	0.02118	0.00970	0.00536	0.00170	0.00443	0.02260	0.00357	0.00519
53	0.06401	0.14900	0.59182	0.01186	0.01793	0.01190	0.01460	0.01520	0.00998	0.06028	0.00863	0.00979	0.00626	0.00448	0.00417	0.00141	0.00629	0.00335	0.00227	0.00677
54	0.01761	0.02247	0.01336	0.01215	0.01458	0.81537	0.00911	0.01883	0.01336	0.01154	0.00729	0.00850	0.00607	0.00486	0.00425	0.00121	0.00850	0.00304	0.00243	0.00547
55	0.00643	0.00466	0.00607	0.00603	0.00698	0.00430	0.00440	0.00831	0.01231	0.01719	0.60675	0.20872	0.06850	0.01084	0.00566	0.00158	0.00234	0.00964	0.00498	0.00430
56	0.01274	0.30334	0.09921	0.06467	0.01582	0.07414	0.12188	0.02501	0.01116	0.11753	0.07899	0.01378	0.01092	0.00517	0.00431	0.00133	0.00561	0.02521	0.00298	0.00619
57	0.02107	0.00816	0.01102	0.00845	0.01210	0.00713	0.00698	0.04254	0.01372	0.78827	0.01842	0.01593	0.01158	0.00583	0.00474	0.00146	0.00404	0.00473	0.00581	0.00802
58	0.00587	0.00419	0.00561	0.00670	0.00703	0.00393	0.00459	0.00678	0.00915	0.01217	0.02592	0.78017	0.03092	0.01466	0.00605	0.00193	0.00284	0.06326	0.00437	0.00386
59	0.01860	0.00956	0.07642	0.00888	0.01255	0.00777	0.00778	0.09634	0.01375	0.59971	0.03033	0.07055	0.01270	0.00637	0.00482	0.00149	0.00426	0.00524	0.00530	0.00759
60	0.01192	0.01065	0.01482	0.37744	0.08436	0.07269	0.07459	0.14759	0.02693	0.04545	0.05519	0.01355	0.00936	0.00520	0.00492	0.00150	0.01713	0.00452	0.01610	0.00609
61	0.75655	0.11666	0.00924	0.00644	0.00951	0.01163	0.00549	0.01389	0.00823	0.01985	0.00656	0.00765	0.00523	0.00433	0.00293	0.00140	0.00383	0.00255	0.00280	0.00523
62	0.01202	0.17680	0.39063	0.01456	0.14566	0.01200	0.04808	0.01575	0.01052	0.11730	0.00952	0.01069	0.00702	0.00450	0.00431	0.00138	0.00603	0.00367	0.00257	0.00698

[dist]
# distance from previous block
# <min> <max>
0	1

[block]
# block no. 5 follows, 54 sequences, length 17
# corresponding to MSA columns:
# 532-548
name=unknown_F
#
# <colnr> <probs for GDERKNQSTAVLIFYWHMCP>
#	G	D	E	R	K	N	Q	S	T	A	V	L	I	F	Y	W	H	M	C	P
0	0.01398	0.01108	0.01310	0.01265	0.13387	0.03396	0.01953	0.29101	0.18766	0.06331	0.01349	0.06328	0.01077	0.00587	0.00467	0.00140	0.00465	0.00488	0.00409	0.10673
1	0.00583	0.00451	0.00532	0.00571	0.00668	0.00400	0.00406	0.00705	0.01050	0.01352	0.16939	0.36422	0.35693	0.01270	0.00575	0.00170	0.00250	0.01111	0.00452	0.00400
2	0.00978	0.00838	0.00978	0.00698	0.01117	0.00629	0.00559	0.01187	0.00978	0.01536	0.00838	0.00978	0.00698	0.00349	0.00349	0.00070	0.00349	0.00279	0.00279	0.86312
3	0.00878	0.00792	0.01093	0.00976	0.00995	0.01043	0.00774	0.00974	0.00722	0.01079	0.00947	0.01654	0.00978	0.19142	0.19435	0.00382	0.46965	0.00492	0.00234	0.00445
4	0.02013	0.00966	0.01196	0.00917	0.01285	0.00936	0.00757	0.26517	0.01624	0.56208	0.01630	0.01455	0.01052	0.00578	0.00473	0.00145	0.00438	0.00458	0.00548	0.00802
5	0.16263	0.00949	0.01425	0.42465	0.24162	0.01086	0.01189	0.04477	0.01006	0.01532	0.00831	0.01140	0.00647	0.00455	0.00438	0.00150	0.00558	0.00390	0.00241	0.00595
6	0.01059	0.00586	0.00802	0.07011	0.01036	0.00550	0.00581	0.01254	0.01233	0.22916	0.38373	0.15034	0.04521	0.00912	0.00536	0.00156	0.00314	0.02093	0.00497	0.00537
7	0.00760	0.00874	0.13154	0.00880	0.01122	0.00641	0.09746	0.01045	0.01206	0.01710	0.51050	0.02769	0.04919	0.01024	0.06826	0.00197	0.00442	0.00718	0.00415	0.00503
8	0.73707	0.13553	0.00964	0.00649	0.00957	0.01181	0.00556	0.01390	0.00826	0.01962	0.00656	0.00764	0.00525	0.00432	0.00293	0.00139	0.00386	0.00255	0.00278	0.00525
9	0.14256	0.01099	0.01998	0.15961	0.05428	0.01115	0.40650	0.04656	0.01097	0.07763	0.00963	0.01208	0.00709	0.00439	0.00487	0.00154	0.00648	0.00469	0.00278	0.00621
10	0.00986	0.13268	0.01029	0.00732	0.00899	0.00800	0.00580	0.01197	0.05765	0.11679	0.06197	0.01982	0.01408	0.17400	0.33528	0.00446	0.00762	0.00520	0.00325	0.00495
11	0.01735	0.01189	0.01306	0.01026	0.01382	0.01295	0.00839	0.54048	0.15430	0.14683	0.01379	0.01312	0.00968	0.00581	0.00473	0.00145	0.00476	0.00451	0.00490	0.00792
12	0.01639	0.06622	0.06289	0.02319	0.01440	0.02515	0.00900	0.44965	0.13731	0.12818	0.01289	0.01255	0.00916	0.00559	0.00460	0.00143	0.00498	0.00430	0.00446	0.00766
13	0.01755	0.00833	0.01068	0.00811	0.01187	0.00713	0.00663	0.03771	0.04478	0.53892	0.01564	0.01427	0.01040	0.00521	0.00440	0.00125	0.00388	0.00422	0.00493	0.24409
14	0.06282	0.08368	0.40679	0.01197	0.07665	0.00998	0.02440	0.01391	0.01080	0.05895	0.17907	0.01554	0.01463	0.00559	0.00454	0.00144	0.00534	0.00459	0.00298	0.00632
15	0.02841	0.01117	0.01542	0.01169	0.01538	0.03464	0.17484	0.29512	0.02710	0.27066	0.01362	0.03317	0.00980	0.02990	0.00547	0.00157	0.00539	0.00494	0.00442	0.00729
16	0.01133	0.00909	0.01339	0.54104	0.02569	0.01035	0.01111	0.13151	0.01173	0.07691	0.00962	0.01233	0.00705	0.00480	0.00457	0.00144	0.00562	0.00408	0.00287	0.10547

[dist]
# distance from previous block
# <min> <max>
1	17

[block]
# block no. 6 follows, 54 sequences, length 11
# corresponding to MSA columns:
# 566-576
name=unknown_G
#
# <colnr> <probs for GDERKNQSTAVLIFYWHMCP>
#	G	D	E	R	K	N	Q	S	T	A	V	L	I	F	Y	W	H	M	C	P
0	0.07141	0.05050	0.00924	0.00717	0.00946	0.00744	0.00576	0.11319	0.01385	0.18577	0.41043	0.02511	0.05609	0.00775	0.00496	0.00145	0.00324	0.00650	0.00491	0.00577
1	0.01008	0.00966	0.01236	0.08474	0.01360	0.04288	0.00863	0.01173	0.00887	0.01318	0.05598	0.01180	0.00880	0.00634	0.00955	0.00151	0.40102	0.00393	0.00251	0.28283
2	0.01195	0.01137	0.02125	0.18362	0.02350	0.01136	0.43922	0.11330	0.01222	0.05632	0.00991	0.01249	0.00730	0.00441	0.00511	0.00150	0.00677	0.00489	0.00282	0.06069
3	0.00936	0.00626	0.00882	0.00766	0.00946	0.00590	0.05974	0.05872	0.01328	0.11196	0.48980	0.07171	0.06176	0.00911	0.00550	0.00155	0.00318	0.05614	0.00492	0.00517
4	0.01298	0.00805	0.00993	0.00876	0.04232	0.00794	0.00661	0.11706	0.13838	0.21803	0.29348	0.02185	0.02273	0.00702	0.00495	0.00143	0.00352	0.00595	0.00495	0.06402
5	0.05526	0.55891	0.08983	0.00870	0.01252	0.01552	0.00873	0.06248	0.01050	0.01352	0.00952	0.01421	0.00898	0.00541	0.00373	0.00126	0.00506	0.10733	0.00255	0.00598
6	0.00978	0.00838	0.00978	0.00698	0.01117	0.00629	0.00559	0.01187	0.00978	0.01536	0.00838	0.00978	0.00698	0.00349	0.00349	0.00070	0.00349	0.00279	0.00279	0.86312
7	0.00862	0.00800	0.01337	0.75034	0.03019	0.00988	0.01232	0.01156	0.00939	0.01205	0.00995	0.08539	0.00850	0.00561	0.00483	0.00160	0.00597	0.00501	0.00230	0.00511
8	0.01524	0.12372	0.01416	0.00968	0.01293	0.01370	0.00798	0.50825	0.10657	0.02371	0.01197	0.01374	0.00951	0.09978	0.00669	0.00174	0.00493	0.00443	0.00415	0.00710
9	0.01032	0.01032	0.01444	0.01238	0.01238	0.01444	0.01032	0.01135	0.00722	0.01135	0.00619	0.01032	0.00619	0.00825	0.01547	0.00206	0.82567	0.00413	0.00206	0.00516
10	0.62067	0.00921	0.00825	0.00700	0.01005	0.01022	0.00575	0.09485	0.01050	0.14044	0.03848	0.01032	0.00786	0.00492	0.00348	0.00146	0.00381	0.00328	0.00363	0.00582

[dist]
# distance from previous block
# <min> <max>
0	3

# created by:
# /st0/software/busco_prod/Augustus/scripts/msa2prfl.pl ./align_prep/210551.fa
