[name]
unknown

[dist]
# distance from previous block
# <min> <max>
0	9

[block]
# block no. 0 follows, 40 sequences, length 12
# corresponding to MSA columns:
# 21-32
name=unknown_A
#
# <colnr> <probs for GDERKNQSTAVLIFYWHMCP>
#	G	D	E	R	K	N	Q	S	T	A	V	L	I	F	Y	W	H	M	C	P
0	0.00906	0.00704	0.00832	0.00912	0.01006	0.04170	0.00680	0.03609	0.01282	0.01674	0.08744	0.43853	0.03508	0.05872	0.00859	0.00252	0.00440	0.19652	0.00527	0.00516
1	0.01062	0.00801	0.01024	0.00952	0.01128	0.00792	0.03705	0.14536	0.01501	0.02037	0.13967	0.40676	0.04570	0.05892	0.00815	0.00226	0.00427	0.01198	0.00534	0.04157
2	0.01008	0.00731	0.01013	0.00961	0.01096	0.00739	0.04057	0.05102	0.01364	0.06302	0.20271	0.40189	0.05739	0.01405	0.00800	0.00215	0.06657	0.01233	0.00543	0.00578
3	0.03808	0.01297	0.01418	0.01162	0.01529	0.01404	0.00931	0.42705	0.11628	0.09016	0.02096	0.12726	0.05846	0.00911	0.00607	0.00188	0.00538	0.00741	0.00581	0.00870
4	0.01617	0.01426	0.02767	0.10143	0.02781	0.01385	0.47875	0.08666	0.01523	0.13786	0.01359	0.01616	0.00969	0.00555	0.00649	0.00191	0.00850	0.00637	0.00384	0.00821
5	0.11709	0.01010	0.01207	0.00984	0.01361	0.00989	0.00797	0.04995	0.12853	0.43540	0.07969	0.02068	0.01708	0.00744	0.00557	0.00180	0.00459	0.00597	0.05398	0.00875
6	0.01502	0.01024	0.01236	0.00898	0.01401	0.00792	0.00724	0.01753	0.01303	0.17601	0.01300	0.01369	0.00983	0.00492	0.00463	0.00106	0.00444	0.00395	0.00424	0.65791
7	0.08896	0.01222	0.01330	0.01097	0.01440	0.08938	0.05173	0.11568	0.09429	0.20537	0.12212	0.02226	0.05285	0.00780	0.00570	0.00177	0.00535	0.00637	0.07162	0.00785
8	0.59313	0.01190	0.01067	0.02870	0.01341	0.01327	0.00746	0.13220	0.01321	0.06740	0.01003	0.01104	0.00748	0.00569	0.00417	0.00174	0.00490	0.00370	0.00411	0.05578
9	0.08575	0.01027	0.01260	0.04984	0.01519	0.00972	0.00831	0.07399	0.05883	0.37339	0.04990	0.01832	0.01412	0.00672	0.00536	0.00164	0.00481	0.00538	0.05499	0.14086
10	0.01048	0.00675	0.00898	0.04483	0.01157	0.00642	0.00685	0.01293	0.04382	0.10615	0.15411	0.40264	0.03419	0.01390	0.00689	0.00211	0.00392	0.06913	0.00557	0.04877
11	0.01763	0.01420	0.05010	0.05754	0.01748	0.01462	0.01042	0.47152	0.05211	0.02904	0.01596	0.09278	0.01364	0.07124	0.00781	0.00211	0.00606	0.00654	0.00515	0.04405

[dist]
# distance from previous block
# <min> <max>
6	20

[block]
# block no. 1 follows, 40 sequences, length 6
# corresponding to MSA columns:
# 58-63
name=unknown_B
#
# <colnr> <probs for GDERKNQSTAVLIFYWHMCP>
#	G	D	E	R	K	N	Q	S	T	A	V	L	I	F	Y	W	H	M	C	P
0	0.01480	0.01283	0.01674	0.01734	0.16560	0.07520	0.06268	0.03679	0.15081	0.08973	0.04612	0.08300	0.01549	0.00961	0.04190	0.00223	0.09836	0.00663	0.00430	0.04985
1	0.01489	0.01301	0.01482	0.01196	0.03585	0.08459	0.06029	0.11182	0.07513	0.05226	0.05696	0.03997	0.01335	0.00618	0.00526	0.00137	0.00557	0.00518	0.00425	0.38729
2	0.01691	0.04027	0.01542	0.04613	0.09372	0.24874	0.01031	0.14812	0.01684	0.05350	0.05720	0.04055	0.09280	0.00754	0.00564	0.00162	0.00685	0.00591	0.00420	0.08772
3	0.12081	0.01158	0.01395	0.01069	0.01500	0.01112	0.05353	0.14770	0.01429	0.02237	0.01120	0.01337	0.00910	0.00904	0.08010	0.00211	0.03762	0.00429	0.00380	0.40835
4	0.01307	0.01108	0.01424	0.08998	0.01734	0.01074	0.04693	0.11896	0.05753	0.02040	0.01379	0.08244	0.01233	0.04007	0.00709	0.00165	0.04966	0.00569	0.00394	0.38307
5	0.01054	0.00827	0.01188	0.04317	0.01356	0.00844	0.08034	0.05787	0.05142	0.04096	0.04509	0.40415	0.05662	0.01290	0.00740	0.00210	0.04894	0.01148	0.05332	0.03153

[dist]
# distance from previous block
# <min> <max>
34	77

[block]
# block no. 2 follows, 40 sequences, length 26
# corresponding to MSA columns:
# 170-195
name=unknown_C
#
# <colnr> <probs for GDERKNQSTAVLIFYWHMCP>
#	G	D	E	R	K	N	Q	S	T	A	V	L	I	F	Y	W	H	M	C	P
0	0.07561	0.12017	0.12810	0.02714	0.01935	0.11264	0.12456	0.12231	0.06858	0.03805	0.03092	0.01468	0.01051	0.02924	0.00608	0.00179	0.00724	0.00497	0.00372	0.05435
1	0.16306	0.38090	0.07513	0.01116	0.01589	0.09711	0.03162	0.05349	0.03873	0.04256	0.00985	0.01096	0.00803	0.00544	0.00435	0.00149	0.00648	0.00370	0.00322	0.03683
2	0.04890	0.35648	0.12605	0.01179	0.01710	0.04710	0.03930	0.10183	0.04012	0.01894	0.01018	0.01144	0.00828	0.00534	0.00457	0.00141	0.00645	0.00387	0.00323	0.13762
3	0.04155	0.11562	0.19306	0.01239	0.01724	0.04791	0.08926	0.05811	0.01413	0.01952	0.13562	0.02224	0.10253	0.00744	0.00561	0.00166	0.00616	0.00624	0.00386	0.09984
4	0.01092	0.00887	0.01013	0.04551	0.01287	0.00924	0.00733	0.01838	0.29407	0.03678	0.11598	0.15394	0.17783	0.01109	0.00636	0.00194	0.00398	0.00953	0.00550	0.05975
5	0.01070	0.00814	0.00970	0.00848	0.01082	0.00785	0.00653	0.10215	0.06671	0.02385	0.46919	0.06265	0.07393	0.01050	0.00639	0.00174	0.00353	0.00908	0.00587	0.10219
6	0.08919	0.00771	0.00852	0.05738	0.01074	0.00805	0.00576	0.09193	0.01220	0.01722	0.05926	0.05903	0.14387	0.38543	0.01725	0.00368	0.00508	0.00838	0.00424	0.00506
7	0.00984	0.00715	0.00890	0.00802	0.00977	0.00695	0.00613	0.09570	0.01773	0.02487	0.67002	0.04001	0.04964	0.01132	0.00674	0.00182	0.00317	0.00990	0.00633	0.00600
8	0.57080	0.01172	0.04508	0.00881	0.01239	0.01220	0.00747	0.06932	0.02933	0.07278	0.01274	0.10179	0.01114	0.00718	0.00449	0.00187	0.00473	0.00516	0.00420	0.00678
9	0.04501	0.26104	0.11171	0.01682	0.02249	0.01639	0.31951	0.01930	0.01317	0.10388	0.01163	0.01357	0.00879	0.00528	0.00550	0.00170	0.00779	0.00515	0.00326	0.00799
10	0.03909	0.35371	0.31200	0.01378	0.03812	0.12060	0.01468	0.01859	0.01261	0.01609	0.00919	0.01076	0.00744	0.00534	0.00468	0.00154	0.00768	0.00371	0.00259	0.00781
11	0.21981	0.07250	0.03463	0.06762	0.01767	0.26361	0.01035	0.15067	0.06010	0.03628	0.01089	0.01204	0.00839	0.00607	0.00494	0.00167	0.00728	0.00415	0.00383	0.00749
12	0.00908	0.09815	0.01042	0.00770	0.00951	0.00755	0.00611	0.01169	0.01572	0.02177	0.62362	0.04062	0.06843	0.01131	0.00654	0.00180	0.00325	0.03515	0.00588	0.00570
13	0.01318	0.01236	0.01257	0.00935	0.01427	0.09660	0.00740	0.01564	0.01257	0.01840	0.01018	0.01188	0.00848	0.00450	0.00442	0.00094	0.00502	0.00348	0.00339	0.73537
14	0.00709	0.00506	0.00675	0.00810	0.00843	0.00472	0.00540	0.00810	0.01113	0.01484	0.03205	0.79184	0.03846	0.01822	0.00742	0.00236	0.00337	0.01653	0.00540	0.00472
15	0.01166	0.03008	0.76550	0.01657	0.02517	0.01351	0.02149	0.01842	0.01228	0.01842	0.01044	0.01228	0.00737	0.00552	0.00552	0.00184	0.00859	0.00430	0.00246	0.00859
16	0.83671	0.01125	0.00855	0.00765	0.01125	0.01305	0.00630	0.01709	0.00990	0.02609	0.00810	0.00945	0.00630	0.00540	0.00360	0.00180	0.00450	0.00315	0.00360	0.00630
17	0.00823	0.00594	0.00777	0.00732	0.00869	0.00549	0.00549	0.01097	0.01646	0.02332	0.75629	0.04344	0.05487	0.01189	0.00686	0.00183	0.00274	0.01052	0.00640	0.00549
18	0.00687	0.00589	0.00589	0.00589	0.00785	0.00491	0.00442	0.00835	0.01325	0.01571	0.05891	0.05596	0.75700	0.01473	0.00687	0.00196	0.00295	0.01227	0.00540	0.00491
19	0.01358	0.01541	0.03344	0.06356	0.03089	0.01461	0.70100	0.01843	0.01362	0.01843	0.01169	0.01568	0.00877	0.00495	0.00681	0.00196	0.00970	0.00678	0.00292	0.00777
20	0.00824	0.00568	0.00660	0.00659	0.00699	0.00552	0.00405	0.00891	0.01041	0.01401	0.16066	0.07910	0.07594	0.55745	0.02270	0.00451	0.00480	0.00951	0.00428	0.00404
21	0.01305	0.30539	0.50237	0.01420	0.02150	0.01691	0.01736	0.01806	0.01211	0.01672	0.00959	0.01122	0.00740	0.00533	0.00488	0.00163	0.00774	0.00387	0.00247	0.00819
22	0.01384	0.01344	0.02201	0.20235	0.57641	0.03578	0.01727	0.01733	0.01297	0.01793	0.01075	0.01453	0.00883	0.00535	0.00575	0.00177	0.00720	0.00514	0.00282	0.00852
23	0.01345	0.14316	0.01558	0.00922	0.01431	0.01113	0.00774	0.07295	0.01324	0.01948	0.01025	0.01175	0.00852	0.00463	0.00433	0.00100	0.00479	0.00353	0.00347	0.62747
24	0.20132	0.12804	0.11801	0.03219	0.03044	0.10251	0.01142	0.19767	0.06759	0.02373	0.01115	0.01223	0.00856	0.00612	0.00526	0.00171	0.02595	0.00426	0.00387	0.00797
25	0.09532	0.11224	0.01702	0.01203	0.01585	0.10358	0.03610	0.30747	0.06307	0.05085	0.03169	0.01594	0.01160	0.05731	0.04296	0.00229	0.00693	0.00514	0.00456	0.00804

[dist]
# distance from previous block
# <min> <max>
0	8

[block]
# block no. 3 follows, 40 sequences, length 83
# corresponding to MSA columns:
# 204-262,273-296
name=unknown_D
#
# <colnr> <probs for GDERKNQSTAVLIFYWHMCP>
#	G	D	E	R	K	N	Q	S	T	A	V	L	I	F	Y	W	H	M	C	P
0	0.01409	0.01278	0.01866	0.29331	0.28932	0.05610	0.01473	0.06244	0.01363	0.04804	0.01195	0.04331	0.00985	0.00618	0.00600	0.00177	0.02381	0.00542	0.00327	0.06534
1	0.00752	0.00607	0.00840	0.00854	0.00974	0.00550	0.05623	0.00892	0.01189	0.01528	0.03837	0.49718	0.25215	0.03588	0.00778	0.00230	0.00375	0.01437	0.00518	0.00497
2	0.01456	0.06368	0.05545	0.06487	0.08790	0.14755	0.01053	0.09608	0.05739	0.04047	0.13954	0.08849	0.03568	0.00821	0.00580	0.00171	0.00613	0.00678	0.00435	0.06482
3	0.01670	0.01486	0.02076	0.02685	0.46808	0.04305	0.01502	0.20958	0.08474	0.02396	0.01283	0.01481	0.01011	0.00593	0.00577	0.00175	0.00669	0.00527	0.00394	0.00930
4	0.01016	0.00552	0.00809	0.00799	0.00826	0.00572	0.00553	0.02734	0.00836	0.01130	0.01100	0.01833	0.01074	0.02325	0.13125	0.68952	0.00662	0.00523	0.00270	0.00311
5	0.58607	0.01098	0.01017	0.00855	0.01243	0.01188	0.00705	0.03718	0.01223	0.23701	0.01248	0.01251	0.00870	0.00595	0.00429	0.00180	0.00467	0.00397	0.00468	0.00741
6	0.01184	0.01080	0.01827	0.41459	0.17866	0.01227	0.06571	0.01531	0.04119	0.01576	0.01160	0.03706	0.00964	0.00784	0.00824	0.09917	0.02680	0.00564	0.00287	0.00671
7	0.00792	0.00582	0.00742	0.00725	0.00856	0.00532	0.00535	0.01029	0.01538	0.02131	0.57944	0.14416	0.13402	0.01306	0.00694	0.00192	0.00285	0.01152	0.00615	0.00532
8	0.21641	0.00996	0.01204	0.00964	0.01368	0.00952	0.00793	0.02443	0.01454	0.53679	0.01892	0.01756	0.01249	0.00932	0.05886	0.00233	0.00558	0.00524	0.00606	0.00872
9	0.00721	0.00512	0.00675	0.00796	0.00830	0.00480	0.00528	0.00820	0.01110	0.01484	0.05104	0.72128	0.03776	0.06960	0.00888	0.00256	0.00351	0.01583	0.00530	0.00466
10	0.00717	0.00514	0.00677	0.00805	0.00844	0.00480	0.00541	0.00821	0.01116	0.01482	0.03229	0.73397	0.05596	0.04137	0.00809	0.00246	0.00348	0.03238	0.00534	0.00471
11	0.08187	0.01066	0.01349	0.01049	0.01489	0.00994	0.00864	0.09104	0.04657	0.61745	0.02113	0.01863	0.01356	0.00708	0.00569	0.00180	0.00503	0.00563	0.00677	0.00962
12	0.81477	0.01138	0.00879	0.00780	0.01143	0.01318	0.00643	0.03656	0.01037	0.02638	0.00826	0.00957	0.00639	0.00544	0.00366	0.00180	0.00455	0.00321	0.00366	0.00639
13	0.83671	0.01125	0.00855	0.00765	0.01125	0.01305	0.00630	0.01709	0.00990	0.02609	0.00810	0.00945	0.00630	0.00540	0.00360	0.00180	0.00450	0.00315	0.00360	0.00630
14	0.01555	0.79913	0.03047	0.00995	0.01493	0.02301	0.00995	0.01741	0.01182	0.01368	0.00808	0.00933	0.00746	0.00498	0.00373	0.00124	0.00622	0.00311	0.00249	0.00746
15	0.00826	0.00610	0.00775	0.00746	0.00884	0.00571	0.00554	0.01126	0.04283	0.02204	0.61307	0.11318	0.10100	0.01253	0.00688	0.00189	0.00289	0.01105	0.00622	0.00551
16	0.01002	0.00589	0.00785	0.00828	0.00935	0.00540	0.00582	0.01142	0.01258	0.12428	0.12627	0.56401	0.03676	0.03330	0.00762	0.00228	0.00357	0.01401	0.00575	0.00555
17	0.01969	0.00841	0.01062	0.00866	0.01183	0.00769	0.00689	0.04840	0.01519	0.44441	0.04854	0.02228	0.01636	0.06230	0.00703	0.00194	0.00433	0.00606	0.24137	0.00801
18	0.00713	0.00512	0.00669	0.00793	0.00832	0.00477	0.00528	0.00812	0.01112	0.01474	0.03269	0.72900	0.06952	0.04932	0.00829	0.00248	0.00345	0.01602	0.00532	0.00468
19	0.00708	0.00508	0.00673	0.00804	0.00842	0.00473	0.00537	0.00810	0.01118	0.01487	0.03269	0.77422	0.05566	0.01814	0.00741	0.00235	0.00336	0.01643	0.00540	0.00473
20	0.00898	0.00597	0.00755	0.00809	0.00922	0.00556	0.00575	0.01097	0.04295	0.07394	0.09730	0.51254	0.14210	0.01584	0.00712	0.00220	0.00347	0.02938	0.00564	0.00542
21	0.00846	0.00564	0.00634	0.00634	0.00634	0.00564	0.00352	0.00846	0.00846	0.01128	0.01832	0.03805	0.02114	0.79563	0.02960	0.00564	0.00564	0.00846	0.00352	0.00352
22	0.02296	0.01492	0.01661	0.01273	0.01735	0.01601	0.01052	0.58813	0.02506	0.19171	0.01588	0.01521	0.01085	0.00703	0.00582	0.00176	0.00609	0.00537	0.00611	0.00989
23	0.02566	0.01010	0.01357	0.01045	0.01492	0.00892	0.00862	0.04292	0.03880	0.72644	0.02278	0.01973	0.01440	0.00721	0.00585	0.00180	0.00497	0.00586	0.00713	0.00988
24	0.00703	0.00585	0.00607	0.00609	0.00789	0.00497	0.00451	0.00853	0.01325	0.01608	0.10601	0.08411	0.65566	0.03873	0.00759	0.00208	0.00303	0.01220	0.00541	0.00490
25	0.83671	0.01125	0.00855	0.00765	0.01125	0.01305	0.00630	0.01709	0.00990	0.02609	0.00810	0.00945	0.00630	0.00540	0.00360	0.00180	0.00450	0.00315	0.00360	0.00630
26	0.01098	0.01034	0.01744	0.78165	0.04005	0.01292	0.01615	0.01486	0.01163	0.01486	0.01034	0.01550	0.00775	0.00581	0.00581	0.00194	0.00775	0.00517	0.00258	0.00646
27	0.00871	0.00599	0.00718	0.00720	0.00753	0.00617	0.00452	0.03125	0.00945	0.01277	0.01923	0.11465	0.02163	0.57631	0.13807	0.00573	0.00691	0.00888	0.00373	0.00410
28	0.02204	0.01825	0.01728	0.01366	0.01802	0.14782	0.01108	0.61664	0.02547	0.03279	0.01311	0.01336	0.00948	0.00681	0.00572	0.00170	0.00710	0.00498	0.00533	0.00935
29	0.01272	0.01272	0.01781	0.01527	0.01527	0.01781	0.01272	0.01399	0.00891	0.01399	0.00763	0.01272	0.00763	0.01018	0.01908	0.00254	0.78499	0.00509	0.00254	0.00636
30	0.83671	0.01125	0.00855	0.00765	0.01125	0.01305	0.00630	0.01709	0.00990	0.02609	0.00810	0.00945	0.00630	0.00540	0.00360	0.00180	0.00450	0.00315	0.00360	0.00630
31	0.00787	0.00541	0.00659	0.00717	0.00734	0.00529	0.00442	0.00835	0.00962	0.01286	0.02413	0.36026	0.02839	0.44395	0.03886	0.00433	0.00492	0.01186	0.00432	0.00408
32	0.01639	0.01278	0.01409	0.01053	0.01540	0.02799	0.00853	0.26459	0.03160	0.05836	0.01237	0.01321	0.00946	0.00546	0.00494	0.00124	0.00519	0.00423	0.00446	0.47917
33	0.00926	0.00621	0.00788	0.00730	0.00899	0.00561	0.00553	0.01177	0.01597	0.07380	0.59524	0.04376	0.16263	0.01201	0.00679	0.00185	0.00293	0.01047	0.00630	0.00570
34	0.00809	0.00552	0.00649	0.00678	0.00696	0.00540	0.00406	0.00847	0.00953	0.01271	0.05271	0.21514	0.04419	0.56289	0.02293	0.00463	0.00492	0.01052	0.00413	0.00392
35	0.01666	0.63960	0.05771	0.01066	0.01569	0.03869	0.01047	0.08375	0.01359	0.05371	0.00948	0.01042	0.00803	0.00531	0.00413	0.00135	0.00637	0.00350	0.00304	0.00783
36	0.01221	0.00729	0.00895	0.00804	0.00990	0.00673	0.00585	0.04461	0.01262	0.13945	0.09881	0.09413	0.08567	0.24947	0.01451	0.06087	0.00466	0.04417	0.00485	0.08720
37	0.01295	0.28403	0.52278	0.01439	0.02179	0.01664	0.01768	0.01808	0.01213	0.01685	0.00966	0.01130	0.00740	0.00534	0.00493	0.00164	0.00781	0.00390	0.00247	0.00822
38	0.01528	0.01231	0.01317	0.01173	0.01510	0.01405	0.00916	0.03072	0.69772	0.07593	0.02362	0.02156	0.01752	0.00784	0.00591	0.00196	0.00463	0.00652	0.00601	0.00925
39	0.00748	0.00530	0.00675	0.00760	0.00802	0.00500	0.00500	0.00848	0.01122	0.01505	0.10741	0.53840	0.05735	0.17458	0.01183	0.00296	0.00375	0.01413	0.00513	0.00457
40	0.01223	0.01171	0.01921	0.44279	0.23460	0.01401	0.01603	0.01553	0.01160	0.01585	0.01003	0.01472	0.00813	0.00639	0.00810	0.00198	0.14205	0.00516	0.00266	0.00720
41	0.01424	0.01230	0.01294	0.01166	0.01491	0.01418	0.00906	0.03024	0.72728	0.02407	0.02470	0.02270	0.03943	0.00809	0.00595	0.00197	0.00455	0.00674	0.00590	0.00908
42	0.02593	0.01016	0.01366	0.01047	0.01498	0.00894	0.00865	0.05782	0.01709	0.73328	0.02257	0.01955	0.01421	0.00719	0.00585	0.00180	0.00501	0.00582	0.00714	0.00990
43	0.01555	0.79913	0.03047	0.00995	0.01493	0.02301	0.00995	0.01741	0.01182	0.01368	0.00808	0.00933	0.00746	0.00498	0.00373	0.00124	0.00622	0.00311	0.00249	0.00746
44	0.01206	0.01034	0.01206	0.00861	0.01378	0.00775	0.00689	0.01464	0.01206	0.01895	0.01034	0.01206	0.00861	0.00431	0.00431	0.00086	0.00431	0.00345	0.00345	0.83118
45	0.00846	0.00564	0.00634	0.00634	0.00634	0.00564	0.00352	0.00846	0.00846	0.01128	0.01832	0.03805	0.02114	0.79563	0.02960	0.00564	0.00564	0.00846	0.00352	0.00352
46	0.00716	0.00593	0.00630	0.00641	0.00824	0.00508	0.00489	0.00879	0.01342	0.01632	0.10288	0.07698	0.63540	0.01474	0.00697	0.00202	0.00312	0.06492	0.00546	0.00498
47	0.02609	0.00990	0.01350	0.01035	0.01484	0.00855	0.00855	0.02834	0.01664	0.76338	0.02294	0.01979	0.01439	0.00720	0.00585	0.00180	0.00495	0.00585	0.00720	0.00990
48	0.83671	0.01125	0.00855	0.00765	0.01125	0.01305	0.00630	0.01709	0.00990	0.02609	0.00810	0.00945	0.00630	0.00540	0.00360	0.00180	0.00450	0.00315	0.00360	0.00630
49	0.01010	0.00505	0.00758	0.00758	0.00758	0.00505	0.00505	0.00758	0.00758	0.01010	0.01010	0.01768	0.01010	0.02020	0.02273	0.83081	0.00505	0.00505	0.00253	0.00253
50	0.00840	0.00595	0.00692	0.00717	0.00762	0.00592	0.00450	0.00990	0.05721	0.01375	0.05357	0.23621	0.06268	0.47157	0.02024	0.00421	0.00473	0.01073	0.00438	0.00435
51	0.00709	0.00506	0.00675	0.00810	0.00843	0.00472	0.00540	0.00810	0.01113	0.01484	0.03205	0.79184	0.03846	0.01822	0.00742	0.00236	0.00337	0.01653	0.00540	0.00472
52	0.14473	0.01553	0.01611	0.01252	0.01701	0.01728	0.01034	0.63115	0.02472	0.03506	0.01308	0.01328	0.00935	0.00674	0.00548	0.00175	0.00611	0.00492	0.00548	0.00935
53	0.02516	0.01027	0.01359	0.01054	0.01496	0.00924	0.00867	0.04980	0.06809	0.69004	0.02272	0.01975	0.01449	0.00724	0.00585	0.00181	0.00497	0.00588	0.00707	0.00985
54	0.00831	0.00623	0.00935	0.00935	0.01038	0.00727	0.00727	0.01038	0.00935	0.01350	0.01558	0.02285	0.01454	0.04361	0.77259	0.00935	0.01558	0.00623	0.00312	0.00519
55	0.00826	0.00555	0.00640	0.00660	0.00665	0.00550	0.00380	0.00840	0.00885	0.01179	0.02032	0.14760	0.02366	0.68265	0.02638	0.00516	0.00531	0.00963	0.00380	0.00370
56	0.00711	0.00514	0.00668	0.00789	0.00833	0.00476	0.00527	0.00813	0.01120	0.01480	0.03350	0.71722	0.08810	0.04193	0.00807	0.00243	0.00341	0.01599	0.00534	0.00470
57	0.83671	0.01125	0.00855	0.00765	0.01125	0.01305	0.00630	0.01709	0.00990	0.02609	0.00810	0.00945	0.00630	0.00540	0.00360	0.00180	0.00450	0.00315	0.00360	0.00630
58	0.75984	0.01098	0.00876	0.00775	0.01134	0.01253	0.00637	0.01770	0.01040	0.07272	0.00937	0.01048	0.00708	0.00555	0.00376	0.00179	0.00447	0.00339	0.02923	0.00650
59	0.00835	0.00608	0.00859	0.00859	0.00936	0.00686	0.00632	0.00990	0.00912	0.01294	0.01627	0.02668	0.01620	0.23339	0.58509	0.00841	0.01307	0.00679	0.00322	0.00477
60	0.61632	0.01116	0.00999	0.00852	0.01232	0.01232	0.00700	0.04068	0.03912	0.17784	0.01189	0.01216	0.00849	0.00591	0.00421	0.00180	0.00465	0.00389	0.00449	0.00725
61	0.01288	0.24919	0.46335	0.01429	0.03675	0.01568	0.01664	0.01774	0.01214	0.01712	0.00976	0.01145	0.00756	0.00524	0.00489	0.00157	0.00745	0.00389	0.00257	0.08984
62	0.01497	0.63478	0.16838	0.01132	0.01693	0.04034	0.01215	0.01775	0.01202	0.01459	0.00855	0.00991	0.00745	0.00510	0.00411	0.00136	0.00677	0.00335	0.00249	0.00766
63	0.71891	0.01105	0.00927	0.00804	0.01177	0.01239	0.00662	0.01873	0.01088	0.13324	0.01025	0.01095	0.00747	0.00566	0.00393	0.00180	0.00456	0.00354	0.00412	0.00682
64	0.01220	0.01176	0.02047	0.50430	0.25584	0.01331	0.06708	0.01602	0.01226	0.01637	0.01062	0.01518	0.00827	0.00556	0.00587	0.00188	0.00764	0.00529	0.00270	0.00738
65	0.83671	0.01125	0.00855	0.00765	0.01125	0.01305	0.00630	0.01709	0.00990	0.02609	0.00810	0.00945	0.00630	0.00540	0.00360	0.00180	0.00450	0.00315	0.00360	0.00630
66	0.01243	0.01039	0.06001	0.08552	0.12370	0.00957	0.01124	0.06994	0.02930	0.07873	0.08603	0.10657	0.03937	0.01113	0.00678	0.00215	0.00558	0.23978	0.00485	0.00695
67	0.02012	0.02468	0.01803	0.01950	0.17965	0.60689	0.01268	0.02205	0.01577	0.01527	0.00941	0.01134	0.00787	0.00582	0.00536	0.00155	0.00971	0.00406	0.00297	0.00728
68	0.83671	0.01125	0.00855	0.00765	0.01125	0.01305	0.00630	0.01709	0.00990	0.02609	0.00810	0.00945	0.00630	0.00540	0.00360	0.00180	0.00450	0.00315	0.00360	0.00630
69	0.01011	0.00800	0.01209	0.06523	0.04625	0.00796	0.07484	0.06294	0.01334	0.03452	0.11397	0.40181	0.02958	0.01493	0.05325	0.00253	0.00536	0.01162	0.00487	0.02678
70	0.16003	0.01248	0.01408	0.03042	0.09409	0.01355	0.00958	0.33483	0.01796	0.02648	0.01378	0.01938	0.01192	0.12405	0.00947	0.02514	0.00589	0.04002	0.00452	0.03235
71	0.01546	0.01571	0.02114	0.02709	0.45701	0.13837	0.06399	0.05015	0.06062	0.01958	0.06365	0.01630	0.01265	0.00601	0.00584	0.00173	0.00724	0.00552	0.00346	0.00848
72	0.06641	0.00996	0.01325	0.01021	0.01467	0.00877	0.00844	0.02778	0.01631	0.72671	0.02220	0.01928	0.01399	0.00711	0.00574	0.00180	0.00493	0.00571	0.00702	0.00972
73	0.00894	0.00652	0.00795	0.00756	0.00894	0.00622	0.00552	0.06094	0.01528	0.02097	0.45278	0.13275	0.12371	0.10458	0.00952	0.00235	0.00344	0.01083	0.00579	0.00541
74	0.00948	0.00708	0.00814	0.00799	0.00983	0.00682	0.00604	0.03274	0.10646	0.04856	0.15872	0.17627	0.30767	0.02904	0.00731	0.00212	0.00359	0.06061	0.00567	0.00585
75	0.02299	0.00985	0.01293	0.01025	0.01427	0.00897	0.00834	0.05797	0.06521	0.59437	0.08148	0.05133	0.01858	0.00803	0.00599	0.00183	0.00475	0.00665	0.00692	0.00930
76	0.02458	0.01011	0.01338	0.01043	0.01475	0.00910	0.00856	0.04233	0.07309	0.66988	0.04475	0.02053	0.01577	0.00739	0.00588	0.00181	0.00488	0.00603	0.00705	0.00971
77	0.02045	0.01021	0.01347	0.01079	0.01462	0.00974	0.03642	0.05819	0.14449	0.45014	0.14359	0.02361	0.02126	0.00800	0.00607	0.00184	0.00478	0.00676	0.00662	0.00897
78	0.01395	0.01341	0.02288	0.06432	0.68714	0.01345	0.03139	0.01738	0.01319	0.01870	0.01278	0.01607	0.03799	0.00557	0.00582	0.00175	0.00685	0.00549	0.00297	0.00891
79	0.02172	0.01606	0.01724	0.01320	0.01787	0.01764	0.01089	0.71199	0.02675	0.03597	0.01382	0.01389	0.00984	0.00688	0.00576	0.00171	0.00632	0.00517	0.00573	0.04157
80	0.01004	0.00507	0.00753	0.00753	0.00753	0.00507	0.00499	0.00761	0.00761	0.01015	0.01042	0.01846	0.01053	0.05011	0.02299	0.79898	0.00507	0.00518	0.00256	0.00256
81	0.06149	0.01000	0.01252	0.00997	0.01387	0.00932	0.00811	0.11387	0.01718	0.49962	0.07436	0.05392	0.07254	0.00841	0.00594	0.00183	0.00475	0.00687	0.00659	0.00884
82	0.00877	0.00605	0.00774	0.00790	0.00897	0.00572	0.00562	0.03813	0.01402	0.04095	0.32996	0.37140	0.05837	0.05857	0.00832	0.00228	0.00339	0.01275	0.00578	0.00533

[dist]
# distance from previous block
# <min> <max>
0	2

[block]
# block no. 4 follows, 40 sequences, length 48
# corresponding to MSA columns:
# 299-346
name=unknown_E
#
# <colnr> <probs for GDERKNQSTAVLIFYWHMCP>
#	G	D	E	R	K	N	Q	S	T	A	V	L	I	F	Y	W	H	M	C	P
0	0.79919	0.01099	0.00845	0.00759	0.01102	0.01271	0.00617	0.01670	0.00983	0.02542	0.00856	0.01074	0.00697	0.04119	0.00478	0.00197	0.00455	0.00339	0.00360	0.00617
1	0.00767	0.00606	0.00644	0.00631	0.00820	0.00522	0.00473	0.00938	0.02697	0.03069	0.12790	0.05160	0.62232	0.01441	0.00755	0.03949	0.00309	0.01154	0.00542	0.00504
2	0.01242	0.01075	0.01322	0.00947	0.01465	0.00836	0.04013	0.03525	0.01256	0.01943	0.01050	0.01228	0.00866	0.00441	0.00446	0.00094	0.00461	0.00365	0.00349	0.77076
3	0.00717	0.00518	0.00679	0.00792	0.00843	0.00480	0.00536	0.00836	0.01170	0.01562	0.09551	0.69059	0.07606	0.01750	0.00735	0.00230	0.00330	0.01580	0.00548	0.00480
4	0.77915	0.01160	0.00918	0.00805	0.01173	0.01340	0.00663	0.06817	0.01113	0.02684	0.00851	0.00977	0.00655	0.00551	0.00376	0.00180	0.00463	0.00330	0.00376	0.00655
5	0.00713	0.00551	0.00652	0.00719	0.00831	0.00490	0.00510	0.00848	0.01240	0.01578	0.08599	0.41709	0.34247	0.01631	0.00717	0.00217	0.00321	0.03394	0.00546	0.00486
6	0.03488	0.00703	0.00851	0.00765	0.01003	0.00622	0.00590	0.01448	0.01475	0.21269	0.23355	0.09653	0.30113	0.01201	0.00655	0.00191	0.00349	0.01020	0.00609	0.00639
7	0.00698	0.00588	0.00605	0.00605	0.00793	0.00495	0.00452	0.00854	0.01345	0.01626	0.11008	0.07132	0.68898	0.01459	0.00688	0.00196	0.00294	0.01224	0.00547	0.00495
8	0.01098	0.01034	0.01744	0.78165	0.04005	0.01292	0.01615	0.01486	0.01163	0.01486	0.01034	0.01550	0.00775	0.00581	0.00581	0.00194	0.00775	0.00517	0.00258	0.00646
9	0.11750	0.01124	0.01360	0.01061	0.01499	0.01089	0.00874	0.15013	0.04115	0.53004	0.01972	0.01767	0.01280	0.00698	0.00559	0.00180	0.00514	0.00546	0.00651	0.00946
10	0.01771	0.00857	0.01115	0.00945	0.01243	0.00800	0.00742	0.03634	0.07911	0.38566	0.19668	0.11428	0.02706	0.02898	0.02773	0.00218	0.00455	0.00829	0.00647	0.00793
11	0.01615	0.01264	0.01404	0.05077	0.01672	0.01426	0.00991	0.20409	0.43364	0.05717	0.02125	0.03960	0.01673	0.00834	0.00607	0.00197	0.00525	0.05679	0.00573	0.00889
12	0.01930	0.01356	0.01488	0.01178	0.01578	0.01460	0.00960	0.49271	0.07512	0.09893	0.09300	0.02141	0.07640	0.00819	0.00602	0.00179	0.00549	0.00649	0.00597	0.00900
13	0.78875	0.01154	0.00907	0.00798	0.01165	0.01334	0.00658	0.05965	0.01092	0.02671	0.00844	0.00971	0.00651	0.00549	0.00373	0.00180	0.00461	0.00327	0.00373	0.00651
14	0.01262	0.01258	0.01779	0.06004	0.01672	0.01753	0.01292	0.01405	0.00906	0.01405	0.00779	0.01289	0.00764	0.00992	0.01831	0.00251	0.73958	0.00509	0.00255	0.00637
15	0.00885	0.00632	0.00707	0.00693	0.00877	0.00557	0.00513	0.03054	0.01367	0.06951	0.10772	0.17745	0.48273	0.03383	0.00743	0.00209	0.00331	0.01211	0.00558	0.00538
16	0.01206	0.01034	0.01206	0.00861	0.01378	0.00775	0.00689	0.01464	0.01206	0.01895	0.01034	0.01206	0.00861	0.00431	0.00431	0.00086	0.00431	0.00345	0.00345	0.83118
17	0.01553	0.01211	0.01528	0.01125	0.01625	0.04781	0.08755	0.06471	0.01416	0.13414	0.01260	0.01369	0.00955	0.00507	0.00497	0.00121	0.00545	0.00432	0.00410	0.52024
18	0.01159	0.00882	0.01052	0.00978	0.01192	0.00968	0.00753	0.05858	0.24931	0.04999	0.09401	0.07378	0.08122	0.04283	0.24852	0.00439	0.00782	0.00786	0.00499	0.00687
19	0.05884	0.03824	0.01510	0.04357	0.03262	0.20079	0.00972	0.14458	0.10621	0.05975	0.01274	0.01356	0.00980	0.00593	0.00512	0.00148	0.00653	0.00442	0.00417	0.22685
20	0.00846	0.00564	0.00634	0.00634	0.00634	0.00564	0.00352	0.00846	0.00846	0.01128	0.01832	0.03805	0.02114	0.79563	0.02960	0.00564	0.00564	0.00846	0.00352	0.00352
21	0.00733	0.00595	0.00652	0.00649	0.00828	0.00514	0.00494	0.00916	0.01400	0.01756	0.21826	0.05362	0.55425	0.01415	0.00693	0.00197	0.00303	0.05171	0.00563	0.00507
22	0.03621	0.00574	0.00722	0.00800	0.00889	0.00537	0.00556	0.00988	0.01159	0.06439	0.03260	0.58308	0.10628	0.05581	0.00827	0.00244	0.00364	0.03456	0.00536	0.00509
23	0.00818	0.00596	0.00770	0.00733	0.00874	0.00549	0.00554	0.01084	0.01616	0.02264	0.68811	0.04496	0.09947	0.01221	0.00690	0.00186	0.00284	0.03333	0.00630	0.00545
24	0.01744	0.01283	0.01398	0.01191	0.01561	0.01431	0.00945	0.15955	0.51764	0.12745	0.02180	0.02003	0.01586	0.00763	0.00589	0.00191	0.00498	0.00623	0.00607	0.00942
25	0.00900	0.00643	0.00895	0.01029	0.01146	0.00637	0.00873	0.01141	0.01302	0.01699	0.03099	0.18309	0.03428	0.01641	0.00793	0.00263	0.00503	0.60636	0.00536	0.00525
26	0.72791	0.01106	0.00921	0.00801	0.01173	0.01244	0.00660	0.01860	0.01080	0.12505	0.01009	0.01084	0.00738	0.00564	0.00390	0.00180	0.00456	0.00351	0.00408	0.00678
27	0.02176	0.01612	0.01726	0.01331	0.01790	0.01787	0.01097	0.70785	0.06002	0.03609	0.01440	0.01431	0.01025	0.00702	0.00582	0.00176	0.00632	0.00530	0.00582	0.00986
28	0.01446	0.01249	0.01315	0.01183	0.01512	0.01446	0.00920	0.03090	0.74885	0.02433	0.02367	0.02170	0.01775	0.00789	0.00592	0.00197	0.00460	0.00657	0.00592	0.00920
29	0.21465	0.01017	0.01192	0.00954	0.01341	0.00986	0.00773	0.06480	0.01488	0.47734	0.01831	0.01827	0.01261	0.06278	0.00740	0.02169	0.00498	0.00534	0.00590	0.00843
30	0.00828	0.00612	0.00772	0.00729	0.00874	0.00569	0.00545	0.01124	0.03682	0.02238	0.65358	0.04392	0.12089	0.02755	0.00728	0.00192	0.00287	0.01053	0.00623	0.00550
31	0.00709	0.00506	0.00675	0.00810	0.00843	0.00472	0.00540	0.00810	0.01113	0.01484	0.03205	0.79184	0.03846	0.01822	0.00742	0.00236	0.00337	0.01653	0.00540	0.00472
32	0.00755	0.00581	0.00870	0.00926	0.00999	0.00543	0.05718	0.00884	0.01132	0.01511	0.03062	0.73699	0.03637	0.01728	0.00738	0.00233	0.00383	0.01585	0.00522	0.00494
33	0.00791	0.00657	0.00702	0.00697	0.00885	0.00605	0.00519	0.01120	0.09825	0.01740	0.12460	0.13321	0.51785	0.01403	0.00682	0.00200	0.00316	0.01191	0.00556	0.00544
34	0.65072	0.01083	0.00953	0.00818	0.01190	0.01193	0.00673	0.01920	0.01144	0.17491	0.03123	0.01245	0.00924	0.00594	0.00414	0.00180	0.00454	0.00389	0.00440	0.00700
35	0.00994	0.00509	0.00749	0.00749	0.00759	0.00504	0.00502	0.00761	0.00786	0.01038	0.01256	0.01961	0.04772	0.01993	0.02193	0.78906	0.00494	0.00541	0.00267	0.00265
36	0.01098	0.01034	0.01744	0.78165	0.04005	0.01292	0.01615	0.01486	0.01163	0.01486	0.01034	0.01550	0.00775	0.00581	0.00581	0.00194	0.00775	0.00517	0.00258	0.00646
37	0.02299	0.01074	0.01352	0.01081	0.01500	0.01033	0.00879	0.04878	0.20535	0.55301	0.02288	0.02012	0.01513	0.00737	0.00586	0.00184	0.00490	0.00602	0.00683	0.00972
38	0.00726	0.00526	0.00687	0.00795	0.00854	0.00488	0.00547	0.00852	0.01188	0.01581	0.10325	0.64122	0.09320	0.01728	0.00735	0.00229	0.00335	0.03931	0.00549	0.00483
39	0.00848	0.00561	0.00722	0.00778	0.00866	0.00516	0.00538	0.00983	0.01238	0.05990	0.16032	0.50093	0.09801	0.07110	0.00875	0.00243	0.00348	0.01393	0.00555	0.00509
40	0.01268	0.00958	0.01052	0.00940	0.01122	0.03542	0.00701	0.18059	0.06644	0.02027	0.05289	0.04771	0.03127	0.23749	0.14888	0.00421	0.02532	0.00708	0.07582	0.00618
41	0.01991	0.01582	0.01859	0.01711	0.12471	0.11126	0.07812	0.30206	0.07073	0.14063	0.01518	0.03359	0.01131	0.00677	0.00588	0.00177	0.00689	0.00564	0.00498	0.00903
42	0.00745	0.00559	0.00668	0.00703	0.00807	0.00507	0.00490	0.00889	0.01273	0.01669	0.20925	0.30110	0.26116	0.10673	0.00972	0.00250	0.00336	0.01286	0.00542	0.00482
43	0.00743	0.00522	0.00669	0.00768	0.00798	0.00495	0.00498	0.00827	0.01072	0.01433	0.05336	0.59866	0.03515	0.19127	0.01235	0.00307	0.00386	0.01453	0.00501	0.00448
44	0.01475	0.01157	0.01325	0.00969	0.01472	0.00995	0.00784	0.16822	0.01547	0.05303	0.01161	0.01278	0.00912	0.00499	0.00469	0.00109	0.00477	0.00392	0.00410	0.62444
45	0.10157	0.11192	0.01547	0.01231	0.04941	0.17023	0.00934	0.11028	0.15172	0.03796	0.08848	0.04690	0.01655	0.03404	0.00623	0.00186	0.00616	0.01762	0.00446	0.00749
46	0.11557	0.44584	0.11671	0.05771	0.04527	0.05208	0.03646	0.04184	0.01247	0.01701	0.00898	0.01068	0.00752	0.00526	0.00438	0.00150	0.00673	0.00369	0.00279	0.00753
47	0.01562	0.01836	0.12746	0.04355	0.21888	0.12076	0.17170	0.11818	0.04307	0.02054	0.01236	0.04023	0.00998	0.00609	0.00596	0.00180	0.00802	0.00566	0.00344	0.00835

[dist]
# distance from previous block
# <min> <max>
0	3

[block]
# block no. 5 follows, 40 sequences, length 22
# corresponding to MSA columns:
# 355-376
name=unknown_F
#
# <colnr> <probs for GDERKNQSTAVLIFYWHMCP>
#	G	D	E	R	K	N	Q	S	T	A	V	L	I	F	Y	W	H	M	C	P
0	0.01347	0.01292	0.02260	0.02976	0.53558	0.01278	0.11595	0.03429	0.01336	0.01880	0.01406	0.12266	0.01324	0.00700	0.00614	0.00185	0.00681	0.00699	0.00331	0.00841
1	0.01410	0.01396	0.02504	0.07022	0.56623	0.01396	0.15353	0.01819	0.03261	0.01886	0.01140	0.01488	0.00929	0.00523	0.00597	0.00179	0.00744	0.00553	0.00296	0.00882
2	0.01901	0.23978	0.02145	0.01632	0.12022	0.39450	0.01178	0.08122	0.01564	0.01663	0.00943	0.01100	0.00792	0.00568	0.00494	0.00148	0.00846	0.00389	0.00308	0.00755
3	0.05632	0.63164	0.04651	0.01358	0.11851	0.02100	0.01115	0.01748	0.01193	0.01516	0.00854	0.01011	0.00765	0.00504	0.00405	0.00135	0.00629	0.00343	0.00260	0.00768
4	0.12462	0.07718	0.01032	0.00802	0.01024	0.00894	0.00638	0.01416	0.08498	0.02234	0.45525	0.03495	0.08301	0.01027	0.00607	0.00182	0.00355	0.02627	0.00553	0.00609
5	0.00931	0.11648	0.01228	0.00943	0.01102	0.00946	0.00764	0.01136	0.00969	0.01352	0.01453	0.02097	0.01355	0.03824	0.66568	0.00822	0.01428	0.00580	0.00303	0.00551
6	0.01207	0.01145	0.01941	0.54325	0.26993	0.01321	0.01669	0.01581	0.01214	0.01618	0.01053	0.01515	0.00822	0.00561	0.00580	0.00187	0.00748	0.00517	0.00268	0.00734
7	0.01362	0.01240	0.01981	0.42004	0.22639	0.01410	0.04688	0.11786	0.01428	0.01916	0.01099	0.01492	0.00848	0.00590	0.00625	0.00187	0.03094	0.00525	0.00313	0.00773
8	0.83671	0.01125	0.00855	0.00765	0.01125	0.01305	0.00630	0.01709	0.00990	0.02609	0.00810	0.00945	0.00630	0.00540	0.00360	0.00180	0.00450	0.00315	0.00360	0.00630
9	0.05753	0.01882	0.01683	0.01352	0.01772	0.19922	0.01089	0.53607	0.02397	0.03080	0.01251	0.01293	0.00916	0.00667	0.00558	0.00169	0.00730	0.00479	0.00504	0.00898
10	0.01365	0.01029	0.01222	0.00881	0.01390	0.00784	0.00708	0.01620	0.01258	0.10350	0.01177	0.01294	0.00927	0.00463	0.00448	0.00097	0.00438	0.00372	0.00387	0.73790
11	0.00846	0.00564	0.00634	0.00634	0.00634	0.00564	0.00352	0.00846	0.00846	0.01128	0.01832	0.03805	0.02114	0.79563	0.02960	0.00564	0.00564	0.00846	0.00352	0.00352
12	0.01166	0.03008	0.76550	0.01657	0.02517	0.01351	0.02149	0.01842	0.01228	0.01842	0.01044	0.01228	0.00737	0.00552	0.00552	0.00184	0.00859	0.00430	0.00246	0.00859
13	0.00748	0.00523	0.00663	0.00760	0.00784	0.00498	0.00486	0.00820	0.01037	0.01383	0.02814	0.57688	0.03352	0.23992	0.01375	0.00330	0.00402	0.01423	0.00486	0.00438
14	0.00832	0.00558	0.00638	0.00651	0.00654	0.00555	0.00370	0.00842	0.00871	0.01162	0.01964	0.11054	0.02281	0.72087	0.02747	0.00532	0.00542	0.00923	0.00370	0.00364
15	0.01166	0.03008	0.76550	0.01657	0.02517	0.01351	0.02149	0.01842	0.01228	0.01842	0.01044	0.01228	0.00737	0.00552	0.00552	0.00184	0.00859	0.00430	0.00246	0.00859
16	0.00900	0.00760	0.00971	0.01224	0.11339	0.04807	0.00746	0.01053	0.01219	0.01614	0.09164	0.57505	0.03414	0.01518	0.00702	0.00218	0.00420	0.01372	0.00500	0.00553
17	0.01105	0.00672	0.00863	0.00888	0.01017	0.00643	0.00633	0.07537	0.01333	0.12085	0.02919	0.61597	0.03260	0.01570	0.00706	0.00223	0.00386	0.01405	0.00569	0.00590
18	0.01774	0.01356	0.01404	0.01262	0.03798	0.08022	0.00961	0.06476	0.48416	0.16711	0.02136	0.01973	0.01555	0.00746	0.00583	0.00188	0.00535	0.00608	0.00581	0.00916
19	0.01816	0.01334	0.01476	0.01191	0.01541	0.01472	0.00955	0.53403	0.02229	0.03000	0.01556	0.05989	0.01309	0.08215	0.11462	0.00318	0.00744	0.00628	0.00522	0.00839
20	0.05275	0.00560	0.00708	0.00790	0.00865	0.00535	0.00547	0.00924	0.01228	0.01739	0.19523	0.57903	0.04043	0.01608	0.00709	0.00221	0.00329	0.01443	0.00553	0.00498
21	0.12430	0.00859	0.00821	0.00771	0.00967	0.07394	0.00586	0.01229	0.01481	0.02114	0.42472	0.03871	0.20676	0.01113	0.00627	0.00183	0.00372	0.00930	0.00548	0.00558

[dist]
# distance from previous block
# <min> <max>
0	106

# created by:
# /st0/software/busco_prod/Augustus/scripts/msa2prfl.pl ./align_prep/210557.fa
