[name]
unknown

[dist]
# distance from previous block
# <min> <max>
3	96

[block]
# block no. 0 follows, 54 sequences, length 54
# corresponding to MSA columns:
# 141-194
name=unknown_A
#
# <colnr> <probs for GDERKNQSTAVLIFYWHMCP>
#	G	D	E	R	K	N	Q	S	T	A	V	L	I	F	Y	W	H	M	C	P
0	0.05479	0.13485	0.19073	0.02540	0.19604	0.04549	0.02978	0.06802	0.01143	0.09140	0.04609	0.01244	0.00924	0.01731	0.00458	0.00141	0.00540	0.00400	0.04498	0.00662
1	0.06492	0.08639	0.08385	0.01276	0.15257	0.08528	0.00937	0.13412	0.11151	0.04280	0.01303	0.01363	0.06431	0.00530	0.00432	0.00132	0.00501	0.00420	0.00330	0.10201
2	0.09073	0.48792	0.06998	0.10779	0.05456	0.01522	0.00928	0.04378	0.01021	0.06098	0.00791	0.00918	0.00647	0.00435	0.00356	0.00121	0.00516	0.00307	0.00245	0.00619
3	0.00629	0.00484	0.00595	0.00591	0.00695	0.00477	0.00435	0.00758	0.00938	0.01229	0.11808	0.03291	0.32675	0.14767	0.28088	0.00406	0.00615	0.00766	0.00361	0.00394
4	0.60562	0.13851	0.04661	0.03770	0.01082	0.01141	0.00636	0.01341	0.00853	0.01838	0.00870	0.03708	0.03189	0.00494	0.00326	0.00141	0.00405	0.00326	0.00280	0.00526
5	0.00688	0.00484	0.00601	0.00576	0.00674	0.00455	0.00413	0.00842	0.01118	0.03375	0.44927	0.04553	0.14326	0.18848	0.05857	0.00254	0.00343	0.00814	0.00442	0.00410
6	0.00783	0.00669	0.00994	0.00924	0.04941	0.00683	0.08383	0.01043	0.04761	0.01650	0.43939	0.08009	0.09687	0.02122	0.00681	0.00164	0.08870	0.00782	0.00427	0.00490
7	0.45269	0.01133	0.01013	0.00835	0.01154	0.05239	0.00683	0.33132	0.01413	0.02407	0.00880	0.00948	0.00655	0.00496	0.00373	0.00142	0.00448	0.00332	0.02818	0.00630
8	0.00649	0.00479	0.00612	0.00627	0.00732	0.00443	0.00478	0.00832	0.01186	0.01608	0.43709	0.16533	0.16279	0.01135	0.00578	0.00168	0.00266	0.12780	0.00480	0.00426
9	0.01032	0.01032	0.01444	0.01238	0.01238	0.01444	0.01032	0.01135	0.00722	0.01135	0.00619	0.01032	0.00619	0.00825	0.01547	0.00206	0.82567	0.00413	0.00206	0.00516
10	0.01032	0.01032	0.01444	0.01238	0.01238	0.01444	0.01032	0.01135	0.00722	0.01135	0.00619	0.01032	0.00619	0.00825	0.01547	0.00206	0.82567	0.00413	0.00206	0.00516
11	0.00664	0.00482	0.00625	0.00589	0.00702	0.00443	0.00442	0.00883	0.01326	0.01870	0.77680	0.03556	0.07021	0.00972	0.00556	0.00149	0.00223	0.00858	0.00516	0.00443
12	0.68478	0.00888	0.00780	0.00667	0.00975	0.00979	0.00550	0.01583	0.00921	0.19114	0.00916	0.00947	0.00652	0.00469	0.00331	0.00146	0.00373	0.00303	0.00355	0.00574
13	0.00581	0.00448	0.00527	0.00571	0.00662	0.00399	0.00401	0.00694	0.01021	0.01308	0.12800	0.38732	0.35405	0.03431	0.00625	0.00180	0.00258	0.01121	0.00444	0.00394
14	0.00572	0.00419	0.00538	0.00633	0.00678	0.00385	0.00427	0.00659	0.00925	0.01213	0.02886	0.72745	0.13310	0.01440	0.00596	0.00187	0.00269	0.01295	0.00438	0.00385
15	0.00840	0.00446	0.00463	0.00459	0.00571	0.00438	0.00344	0.01056	0.01033	0.01751	0.10752	0.02087	0.05159	0.00626	0.00366	0.00117	0.00221	0.00512	0.72320	0.00438
16	0.01075	0.02064	0.59025	0.05853	0.06802	0.01104	0.05425	0.06539	0.01099	0.05322	0.00920	0.01072	0.00654	0.00459	0.00459	0.00149	0.00664	0.00378	0.00240	0.00699
17	0.01684	0.15347	0.01532	0.01130	0.01418	0.57140	0.00892	0.12827	0.01401	0.01407	0.00775	0.00875	0.00635	0.00484	0.00412	0.00121	0.00747	0.00313	0.00269	0.00593
18	0.00615	0.00450	0.00582	0.00672	0.00718	0.00434	0.00457	0.00779	0.05692	0.01282	0.06111	0.74550	0.03078	0.01403	0.00592	0.00188	0.00277	0.01269	0.00444	0.00408
19	0.01061	0.07230	0.68853	0.01274	0.01923	0.01134	0.01596	0.04463	0.01059	0.05861	0.00901	0.01019	0.00637	0.00457	0.00441	0.00146	0.00662	0.00352	0.00231	0.00701
20	0.00985	0.00883	0.01473	0.58456	0.16734	0.01025	0.02569	0.02498	0.01024	0.03896	0.05225	0.01374	0.00880	0.00493	0.00477	0.00153	0.00588	0.00447	0.00247	0.00574
21	0.01821	0.01275	0.01387	0.01063	0.01440	0.01395	0.00878	0.72202	0.02141	0.09793	0.01196	0.01173	0.00834	0.00568	0.00472	0.00142	0.00509	0.00429	0.00481	0.00802
22	0.00619	0.00443	0.00593	0.00697	0.00744	0.00421	0.00504	0.00730	0.00941	0.01243	0.02584	0.62004	0.04380	0.03733	0.00663	0.00204	0.00314	0.18360	0.00433	0.00392
23	0.01295	0.37098	0.30559	0.01020	0.01513	0.01372	0.01132	0.02691	0.01051	0.14883	0.00936	0.00999	0.00701	0.00462	0.00416	0.00129	0.02469	0.00331	0.00270	0.00673
24	0.00686	0.00457	0.00514	0.00514	0.00514	0.00457	0.00286	0.00686	0.00686	0.00914	0.01486	0.03086	0.01714	0.83430	0.02400	0.00457	0.00457	0.00686	0.00286	0.00286
25	0.00674	0.00505	0.00758	0.00758	0.00842	0.00589	0.00589	0.00842	0.00758	0.01095	0.01263	0.01852	0.01179	0.03536	0.81561	0.00758	0.01263	0.00505	0.00253	0.00421
26	0.04915	0.01037	0.01975	0.06101	0.11684	0.01038	0.40957	0.01357	0.01040	0.01518	0.01106	0.03430	0.00934	0.00530	0.00569	0.00157	0.05561	0.05164	0.10339	0.00589
27	0.26012	0.21259	0.01437	0.00991	0.03300	0.37358	0.00785	0.01617	0.01086	0.01429	0.00695	0.00812	0.00583	0.00451	0.00359	0.00124	0.00621	0.00281	0.00247	0.00555
28	0.00642	0.00493	0.00577	0.00599	0.00696	0.00464	0.00422	0.00845	0.06764	0.01383	0.17856	0.30394	0.26344	0.09419	0.00750	0.00198	0.00279	0.01019	0.00441	0.00416
29	0.00574	0.00410	0.00547	0.00657	0.00684	0.00383	0.00438	0.00657	0.00903	0.01204	0.02599	0.83122	0.03119	0.01477	0.00602	0.00191	0.00274	0.01340	0.00438	0.00383
30	0.86760	0.00912	0.00693	0.00620	0.00912	0.01058	0.00511	0.01386	0.00802	0.02115	0.00657	0.00766	0.00511	0.00438	0.00292	0.00146	0.00365	0.00255	0.00292	0.00511
31	0.00578	0.00412	0.00546	0.00653	0.00679	0.00385	0.00433	0.00657	0.00897	0.01196	0.02568	0.80876	0.03079	0.03777	0.00652	0.00199	0.00279	0.01322	0.00433	0.00380
32	0.01060	0.01719	0.40725	0.01621	0.20876	0.01051	0.03217	0.01467	0.02166	0.04498	0.00898	0.01078	0.00685	0.00458	0.00510	0.00141	0.05565	0.00373	0.00238	0.11655
33	0.00582	0.00475	0.00515	0.00513	0.00654	0.00407	0.00382	0.00721	0.01120	0.01403	0.20925	0.09079	0.59259	0.01162	0.00560	0.00159	0.00237	0.00985	0.00455	0.00407
34	0.01761	0.02247	0.01336	0.01215	0.01458	0.81537	0.00911	0.01883	0.01336	0.01154	0.00729	0.00850	0.00607	0.00486	0.00425	0.00121	0.00850	0.00304	0.00243	0.00547
35	0.00990	0.04440	0.41666	0.01170	0.06392	0.00958	0.01226	0.01424	0.04550	0.01524	0.00899	0.01038	0.00689	0.00422	0.00410	0.00120	0.00543	0.00336	0.01601	0.29602
36	0.01792	0.14207	0.10158	0.00912	0.01310	0.04646	0.00839	0.02059	0.04789	0.52190	0.01508	0.01375	0.01002	0.00538	0.00442	0.00139	0.00470	0.00420	0.00460	0.00745
37	0.00890	0.00838	0.01414	0.82296	0.03247	0.01048	0.01309	0.01205	0.00943	0.01205	0.00838	0.01257	0.00629	0.00471	0.00471	0.00157	0.00629	0.00419	0.00210	0.00524
38	0.00978	0.00838	0.00978	0.00698	0.01117	0.00629	0.00559	0.01187	0.00978	0.01536	0.00838	0.00978	0.00698	0.00349	0.00349	0.00070	0.00349	0.00279	0.00279	0.86312
39	0.01301	0.14845	0.01538	0.01120	0.01282	0.20167	0.00926	0.01527	0.07825	0.04812	0.00820	0.01034	0.00710	0.00650	0.00940	0.00162	0.39141	0.00374	0.00255	0.00571
40	0.04185	0.62829	0.08119	0.00875	0.01289	0.03532	0.00873	0.08070	0.01086	0.04348	0.00758	0.00841	0.00639	0.00430	0.00337	0.00112	0.00519	0.00284	0.00243	0.00632
41	0.01167	0.01120	0.01914	0.02894	0.80488	0.01120	0.01447	0.01447	0.01074	0.01540	0.00887	0.01167	0.00747	0.00420	0.00467	0.00140	0.00560	0.00420	0.00233	0.00747
42	0.00574	0.00410	0.00547	0.00657	0.00684	0.00383	0.00438	0.00657	0.00903	0.01204	0.02599	0.83122	0.03119	0.01477	0.00602	0.00191	0.00274	0.01340	0.00438	0.00383
43	0.00978	0.00838	0.00978	0.00698	0.01117	0.00629	0.00559	0.01187	0.00978	0.01536	0.00838	0.00978	0.00698	0.00349	0.00349	0.00070	0.00349	0.00279	0.00279	0.86312
44	0.00674	0.00504	0.00750	0.00750	0.00831	0.00585	0.00579	0.00837	0.00755	0.01089	0.01270	0.01894	0.01197	0.06207	0.78914	0.00748	0.01236	0.00511	0.00254	0.00416
45	0.04904	0.05386	0.01457	0.66212	0.07631	0.01084	0.01230	0.01280	0.00961	0.04275	0.00861	0.01215	0.00649	0.00467	0.00454	0.00152	0.00597	0.00405	0.00228	0.00552
46	0.86760	0.00912	0.00693	0.00620	0.00912	0.01058	0.00511	0.01386	0.00802	0.02115	0.00657	0.00766	0.00511	0.00438	0.00292	0.00146	0.00365	0.00255	0.00292	0.00511
47	0.02011	0.00779	0.01061	0.00821	0.01168	0.00675	0.00675	0.02197	0.01348	0.75147	0.07488	0.01743	0.01403	0.00611	0.00480	0.00146	0.00388	0.00501	0.00579	0.00777
48	0.00819	0.00410	0.00614	0.00614	0.00614	0.00410	0.00410	0.00614	0.00614	0.00819	0.00819	0.01433	0.00819	0.01638	0.01843	0.86282	0.00410	0.00410	0.00205	0.00205
49	0.00574	0.00410	0.00547	0.00657	0.00684	0.00383	0.00438	0.00657	0.00903	0.01204	0.02599	0.83122	0.03119	0.01477	0.00602	0.00191	0.00274	0.01340	0.00438	0.00383
50	0.00856	0.00507	0.00662	0.00667	0.00689	0.04136	0.00467	0.00709	0.00694	0.00893	0.00982	0.01795	0.00999	0.01552	0.01659	0.73742	0.00432	0.08086	0.00229	0.00243
51	0.00647	0.00484	0.00602	0.00581	0.00704	0.00439	0.00442	0.00845	0.01261	0.01721	0.58437	0.03856	0.21998	0.01036	0.00562	0.00155	0.00238	0.05064	0.00496	0.00433
52	0.86760	0.00912	0.00693	0.00620	0.00912	0.01058	0.00511	0.01386	0.00802	0.02115	0.00657	0.00766	0.00511	0.00438	0.00292	0.00146	0.00365	0.00255	0.00292	0.00511
53	0.01597	0.03885	0.01295	0.00946	0.01331	0.01166	0.00781	0.46134	0.02958	0.11951	0.01142	0.01147	0.00823	0.00509	0.00435	0.00123	0.00459	0.00390	0.00427	0.22500

[dist]
# distance from previous block
# <min> <max>
0	2

[block]
# block no. 1 follows, 54 sequences, length 14
# corresponding to MSA columns:
# 197-210
name=unknown_B
#
# <colnr> <probs for GDERKNQSTAVLIFYWHMCP>
#	G	D	E	R	K	N	Q	S	T	A	V	L	I	F	Y	W	H	M	C	P
0	0.00955	0.02372	0.76534	0.01381	0.02065	0.01101	0.06127	0.01494	0.01002	0.01494	0.00852	0.01011	0.00604	0.00445	0.00454	0.00150	0.00702	0.00360	0.00201	0.00693
1	0.00760	0.00543	0.00760	0.00868	0.00977	0.00543	0.00760	0.00977	0.01085	0.01411	0.02496	0.05319	0.02714	0.01303	0.00651	0.00217	0.00434	0.77315	0.00434	0.00434
2	0.00564	0.00478	0.00486	0.00484	0.00641	0.00401	0.00363	0.00689	0.01090	0.01309	0.09072	0.04480	0.75979	0.01181	0.00557	0.00159	0.00238	0.00987	0.00442	0.00401
3	0.01032	0.01032	0.01444	0.01238	0.01238	0.01444	0.01032	0.01135	0.00722	0.01135	0.00619	0.01032	0.00619	0.00825	0.01547	0.00206	0.82567	0.00413	0.00206	0.00516
4	0.00574	0.00410	0.00547	0.00657	0.00684	0.00383	0.00438	0.00657	0.00903	0.01204	0.02599	0.83122	0.03119	0.01477	0.00602	0.00191	0.00274	0.01340	0.00438	0.00383
5	0.00760	0.00543	0.00760	0.00868	0.00977	0.00543	0.00760	0.00977	0.01085	0.01411	0.02496	0.05319	0.02714	0.01303	0.00651	0.00217	0.00434	0.77315	0.00434	0.00434
6	0.00946	0.02439	0.80987	0.01344	0.02041	0.01095	0.01742	0.01493	0.00995	0.01493	0.00846	0.00995	0.00597	0.00448	0.00448	0.00149	0.00697	0.00348	0.00199	0.00697
7	0.00574	0.00410	0.00547	0.00657	0.00684	0.00383	0.00438	0.00657	0.00903	0.01204	0.02599	0.83122	0.03119	0.01477	0.00602	0.00191	0.00274	0.01340	0.00438	0.00383
8	0.00990	0.00878	0.01144	0.00817	0.01241	0.00680	0.07752	0.01217	0.00990	0.01534	0.00849	0.01005	0.00700	0.00354	0.00368	0.00078	0.00390	0.00305	0.00276	0.78432
9	0.01761	0.02247	0.01336	0.01215	0.01458	0.81537	0.00911	0.01883	0.01336	0.01154	0.00729	0.00850	0.00607	0.00486	0.00425	0.00121	0.00850	0.00304	0.00243	0.00547
10	0.00978	0.00838	0.00978	0.00698	0.01117	0.00629	0.00559	0.01187	0.00978	0.01536	0.00838	0.00978	0.00698	0.00349	0.00349	0.00070	0.00349	0.00279	0.00279	0.86312
11	0.01307	0.76221	0.02366	0.00844	0.01233	0.09193	0.00816	0.01455	0.00993	0.01113	0.00662	0.00765	0.00605	0.00411	0.00314	0.00103	0.00536	0.00257	0.00205	0.00600
12	0.00972	0.00817	0.00949	0.00685	0.01087	0.00619	0.00547	0.01183	0.00978	0.01548	0.00875	0.01019	0.00725	0.00360	0.00348	0.00072	0.00342	0.00288	0.04822	0.81764
13	0.00805	0.00693	0.00792	0.00873	0.05378	0.07972	0.02273	0.00986	0.05446	0.03000	0.02286	0.50197	0.07885	0.04255	0.04659	0.00214	0.00416	0.01021	0.00395	0.00454

[dist]
# distance from previous block
# <min> <max>
0	3

[block]
# block no. 2 follows, 54 sequences, length 38
# corresponding to MSA columns:
# 214-251
name=unknown_C
#
# <colnr> <probs for GDERKNQSTAVLIFYWHMCP>
#	G	D	E	R	K	N	Q	S	T	A	V	L	I	F	Y	W	H	M	C	P
0	0.01201	0.11257	0.19829	0.01029	0.01420	0.02374	0.00988	0.06818	0.41850	0.04644	0.01500	0.01452	0.02444	0.00568	0.00451	0.00148	0.00479	0.00452	0.00380	0.00715
1	0.74245	0.00866	0.00687	0.00621	0.00880	0.00996	0.00495	0.01350	0.03638	0.01979	0.00793	0.01056	0.00676	0.09531	0.00529	0.00180	0.00375	0.00312	0.00298	0.00495
2	0.00864	0.00795	0.01320	0.72523	0.02943	0.00975	0.01206	0.01167	0.00990	0.01287	0.10336	0.01528	0.01086	0.00530	0.00482	0.00156	0.00580	0.00471	0.00247	0.00514
3	0.11253	0.00855	0.00951	0.00696	0.01099	0.00694	0.00559	0.02552	0.00978	0.01630	0.00821	0.00955	0.00678	0.00364	0.00344	0.00080	0.00354	0.00279	0.00284	0.74573
4	0.01099	0.11778	0.49502	0.01337	0.05167	0.01179	0.08201	0.01621	0.07916	0.06373	0.00991	0.01103	0.00724	0.00462	0.00445	0.00145	0.00630	0.00382	0.00253	0.00693
5	0.11287	0.01017	0.01354	0.01164	0.01199	0.01398	0.00969	0.01165	0.00732	0.01252	0.00623	0.01000	0.00606	0.00779	0.01397	0.00199	0.72733	0.00394	0.00217	0.00515
6	0.76472	0.00868	0.00701	0.00650	0.00920	0.00996	0.00540	0.01337	0.00836	0.02031	0.00877	0.01311	0.00774	0.00541	0.00335	0.00154	0.00373	0.09473	0.00309	0.00501
7	0.76522	0.00924	0.00738	0.00661	0.00949	0.01071	0.00539	0.01520	0.10233	0.02098	0.00808	0.00885	0.00622	0.00462	0.00314	0.00148	0.00366	0.00289	0.00314	0.00539
8	0.00907	0.00855	0.01445	0.77411	0.07999	0.01052	0.01318	0.01220	0.00951	0.01225	0.00841	0.01252	0.00636	0.00468	0.00471	0.00156	0.00624	0.00419	0.00211	0.00538
9	0.01261	0.83713	0.02471	0.00807	0.01210	0.01866	0.00807	0.01412	0.00958	0.01109	0.00656	0.00756	0.00605	0.00403	0.00303	0.00101	0.00504	0.00252	0.00202	0.00605
10	0.00890	0.00838	0.01414	0.82296	0.03247	0.01048	0.01309	0.01205	0.00943	0.01205	0.00838	0.01257	0.00629	0.00471	0.00471	0.00157	0.00629	0.00419	0.00210	0.00524
11	0.01032	0.01032	0.01444	0.01238	0.01238	0.01444	0.01032	0.01135	0.00722	0.01135	0.00619	0.01032	0.00619	0.00825	0.01547	0.00206	0.82567	0.00413	0.00206	0.00516
12	0.01293	0.00845	0.00954	0.00832	0.01067	0.00904	0.00634	0.03959	0.41510	0.20050	0.01862	0.02044	0.03231	0.17645	0.00874	0.00217	0.00397	0.00559	0.00463	0.00658
13	0.00879	0.00439	0.00439	0.00439	0.00549	0.00439	0.00330	0.01099	0.00989	0.01758	0.01538	0.01758	0.01209	0.00549	0.00330	0.00110	0.00220	0.00439	0.86047	0.00439
14	0.00588	0.00479	0.00521	0.00516	0.00660	0.00412	0.00388	0.00734	0.01136	0.01427	0.23328	0.05622	0.58921	0.01144	0.00559	0.00158	0.00239	0.02300	0.00458	0.00410
15	0.32638	0.00927	0.02304	0.00796	0.01141	0.00917	0.00667	0.10490	0.01243	0.42403	0.01327	0.01239	0.00880	0.00527	0.00408	0.00145	0.00406	0.00387	0.00459	0.00695
16	0.00607	0.00480	0.00546	0.00529	0.00667	0.00419	0.00397	0.00772	0.01191	0.01550	0.38587	0.04083	0.46314	0.01091	0.00557	0.00154	0.00231	0.00931	0.00474	0.00419
17	0.01095	0.00993	0.04688	0.35458	0.21618	0.01062	0.04352	0.01372	0.01013	0.08970	0.04192	0.01325	0.00868	0.00528	0.00605	0.00157	0.10384	0.00444	0.00264	0.00613
18	0.01346	0.58414	0.02089	0.00881	0.01248	0.07532	0.00813	0.06908	0.10492	0.03813	0.00881	0.00939	0.00736	0.00461	0.00368	0.00115	0.01746	0.00311	0.00268	0.00636
19	0.00645	0.00474	0.00604	0.00586	0.00694	0.00433	0.00434	0.00841	0.01260	0.01748	0.63483	0.11811	0.13145	0.01043	0.00561	0.00154	0.00230	0.00919	0.00501	0.00433
20	0.04480	0.01259	0.12509	0.01329	0.14639	0.01130	0.01021	0.32682	0.04646	0.07744	0.01279	0.06588	0.01047	0.00646	0.01367	0.00156	0.00513	0.03721	0.02536	0.00710
21	0.01212	0.01130	0.01515	0.01862	0.39523	0.06258	0.01055	0.01440	0.02411	0.01598	0.00971	0.01214	0.00822	0.00507	0.01641	0.00137	0.00530	0.00388	0.00289	0.35498
22	0.00578	0.00416	0.00548	0.00646	0.00683	0.00386	0.00435	0.00667	0.00928	0.01235	0.05883	0.76531	0.06431	0.01444	0.00598	0.00188	0.00270	0.01306	0.00441	0.00386
23	0.01072	0.01255	0.14304	0.02180	0.49497	0.01048	0.03448	0.01489	0.08749	0.01582	0.05917	0.01503	0.04826	0.00515	0.00477	0.00145	0.00535	0.00477	0.00279	0.00701
24	0.01319	0.02880	0.40546	0.01210	0.04892	0.00964	0.03662	0.02601	0.02781	0.25528	0.05200	0.01388	0.01019	0.00536	0.00492	0.00150	0.02450	0.01328	0.00346	0.00710
25	0.00869	0.00649	0.00888	0.13856	0.10789	0.00627	0.00689	0.01059	0.01117	0.10081	0.12931	0.03157	0.39695	0.00889	0.00523	0.00154	0.00355	0.00759	0.00403	0.00511
26	0.00600	0.00421	0.00540	0.00624	0.00645	0.00400	0.00403	0.00663	0.00853	0.01137	0.02342	0.64650	0.02794	0.20392	0.01017	0.00253	0.00316	0.01189	0.00403	0.00361
27	0.01166	0.56956	0.25134	0.01045	0.04593	0.01613	0.01102	0.01437	0.00973	0.01237	0.00720	0.00842	0.00608	0.00417	0.00351	0.00116	0.00562	0.00287	0.00202	0.00637
28	0.01405	0.01219	0.08379	0.07656	0.42078	0.05498	0.01236	0.06408	0.01202	0.18669	0.01096	0.01233	0.00812	0.00474	0.00465	0.00142	0.00556	0.00419	0.00319	0.00731
29	0.01770	0.00856	0.01204	0.09895	0.04693	0.00861	0.00834	0.02013	0.04771	0.55730	0.01562	0.01487	0.01038	0.00596	0.00602	0.00155	0.10260	0.00461	0.00478	0.00733
30	0.84896	0.02717	0.00732	0.00624	0.00918	0.01075	0.00517	0.01387	0.00806	0.02094	0.00657	0.00766	0.00513	0.00437	0.00292	0.00145	0.00368	0.00255	0.00290	0.00513
31	0.00614	0.00504	0.00544	0.00530	0.00682	0.00447	0.00399	0.00818	0.04907	0.01461	0.23502	0.04151	0.57557	0.01110	0.00553	0.00157	0.00241	0.00937	0.00460	0.00426
32	0.01164	0.01059	0.07970	0.07840	0.04813	0.00866	0.00824	0.12035	0.04494	0.06440	0.00988	0.01103	0.00759	0.00427	0.00403	0.00105	0.00439	0.00345	0.00318	0.47610
33	0.00676	0.00496	0.00714	0.00714	0.00783	0.00565	0.00534	0.00814	0.00745	0.01062	0.01303	0.02076	0.01276	0.18009	0.67221	0.00703	0.01117	0.00538	0.00259	0.00396
34	0.01179	0.01051	0.01279	0.01085	0.01379	0.01181	0.10084	0.04057	0.68551	0.01939	0.01786	0.01687	0.01339	0.00609	0.00489	0.00159	0.00427	0.00533	0.00451	0.00734
35	0.00866	0.00596	0.00877	0.16774	0.06034	0.00612	0.00718	0.01024	0.00973	0.09941	0.01986	0.40241	0.02142	0.06619	0.00680	0.00197	0.00402	0.08456	0.00386	0.00477
36	0.01792	0.01321	0.01415	0.01085	0.01462	0.01462	0.00896	0.78916	0.02217	0.02972	0.01132	0.01132	0.00802	0.00566	0.00472	0.00142	0.00519	0.00425	0.00472	0.00802
37	0.01169	0.00916	0.01518	0.30884	0.27396	0.00980	0.04467	0.01441	0.01065	0.13744	0.01178	0.01682	0.00961	0.00560	0.00515	0.00157	0.02350	0.08083	0.00299	0.00634

[dist]
# distance from previous block
# <min> <max>
0	1

[block]
# block no. 3 follows, 54 sequences, length 19
# corresponding to MSA columns:
# 253-271
name=unknown_D
#
# <colnr> <probs for GDERKNQSTAVLIFYWHMCP>
#	G	D	E	R	K	N	Q	S	T	A	V	L	I	F	Y	W	H	M	C	P
0	0.79937	0.01019	0.00745	0.00668	0.00956	0.07518	0.00543	0.01426	0.00845	0.02038	0.00662	0.00773	0.00518	0.00442	0.00302	0.00144	0.00404	0.00259	0.00288	0.00514
1	0.00890	0.00838	0.01414	0.82296	0.03247	0.01048	0.01309	0.01205	0.00943	0.01205	0.00838	0.01257	0.00629	0.00471	0.00471	0.00157	0.00629	0.00419	0.00210	0.00524
2	0.01061	0.00835	0.00986	0.00709	0.01124	0.00633	0.00569	0.01269	0.01005	0.07342	0.00913	0.01024	0.00733	0.00366	0.00358	0.00075	0.00353	0.00294	0.00302	0.80050
3	0.02115	0.00802	0.01094	0.00839	0.01204	0.00693	0.00693	0.02298	0.01350	0.80815	0.01860	0.01605	0.01167	0.00584	0.00474	0.00146	0.00401	0.00474	0.00584	0.00802
4	0.00576	0.00470	0.00509	0.00516	0.00653	0.00403	0.00381	0.00706	0.01093	0.01358	0.15794	0.13761	0.59755	0.01193	0.00562	0.00161	0.00241	0.01015	0.00450	0.00403
5	0.00686	0.00457	0.00514	0.00514	0.00514	0.00457	0.00286	0.00686	0.00686	0.00914	0.01486	0.03086	0.01714	0.83430	0.02400	0.00457	0.00457	0.00686	0.00286	0.00286
6	0.01107	0.00721	0.00812	0.00731	0.00895	0.00764	0.00527	0.01649	0.30571	0.14136	0.01711	0.02286	0.01499	0.35070	0.01271	0.00279	0.00405	0.00583	0.04434	0.00549
7	0.00913	0.00861	0.01454	0.75922	0.09448	0.01053	0.01320	0.01224	0.00953	0.01232	0.00842	0.01250	0.00638	0.00467	0.00471	0.00156	0.00623	0.00419	0.00211	0.00542
8	0.01261	0.83713	0.02471	0.00807	0.01210	0.01866	0.00807	0.01412	0.00958	0.01109	0.00656	0.00756	0.00605	0.00403	0.00303	0.00101	0.00504	0.00252	0.00202	0.00605
9	0.01019	0.00837	0.00982	0.00703	0.01121	0.00631	0.00564	0.01227	0.00991	0.04391	0.00875	0.01000	0.00715	0.00358	0.00354	0.00073	0.00351	0.00286	0.00290	0.83233
10	0.01388	0.71323	0.02265	0.00812	0.01209	0.01690	0.00790	0.01544	0.01017	0.13021	0.00836	0.00883	0.00689	0.00430	0.00328	0.00108	0.00489	0.00285	0.00259	0.00635
11	0.16028	0.01055	0.07347	0.00863	0.01200	0.07294	0.00753	0.03195	0.05621	0.40951	0.01492	0.01548	0.01055	0.00577	0.00439	0.00146	0.00447	0.04211	0.05094	0.00683
12	0.01631	0.02037	0.01348	0.13332	0.01725	0.69508	0.00971	0.01781	0.01277	0.01162	0.00745	0.00911	0.00611	0.00484	0.00432	0.00127	0.00817	0.00321	0.00238	0.00543
13	0.01634	0.00751	0.01023	0.12948	0.01391	0.00723	0.00723	0.01905	0.05478	0.49413	0.05158	0.01669	0.01254	0.00582	0.00456	0.00143	0.00399	0.00481	0.13180	0.00688
14	0.00571	0.00423	0.00534	0.00622	0.00675	0.00386	0.00422	0.00660	0.00936	0.01217	0.03021	0.67874	0.18094	0.01422	0.00593	0.00185	0.00267	0.01273	0.00438	0.00386
15	0.13770	0.02211	0.68987	0.01236	0.01872	0.01089	0.01558	0.01477	0.00967	0.01586	0.00818	0.00961	0.00584	0.00446	0.00425	0.00149	0.00647	0.00335	0.00213	0.00669
16	0.00715	0.00453	0.00538	0.00533	0.00567	0.00444	0.00336	0.00745	0.00821	0.01146	0.13589	0.02849	0.05642	0.46941	0.01753	0.13189	0.00382	0.00661	0.08379	0.00318
17	0.01239	0.00855	0.00978	0.00849	0.01098	0.00915	0.00666	0.07374	0.39848	0.15352	0.22999	0.02165	0.02161	0.00713	0.00499	0.00153	0.00347	0.00602	0.00507	0.00678
18	0.01050	0.01713	0.32337	0.01744	0.02304	0.01156	0.49663	0.01504	0.01069	0.01504	0.00913	0.01167	0.00671	0.00417	0.00515	0.00155	0.00758	0.00478	0.00224	0.00659

[dist]
# distance from previous block
# <min> <max>
1	15

# created by:
# /st0/software/busco_prod/Augustus/scripts/msa2prfl.pl ./align_prep/210851.fa
