[name]
unknown

[dist]
# distance from previous block
# <min> <max>
4	216

[block]
# block no. 0 follows, 44 sequences, length 17
# corresponding to MSA columns:
# 696-712
name=unknown_A
#
# <colnr> <probs for GDERKNQSTAVLIFYWHMCP>
#	G	D	E	R	K	N	Q	S	T	A	V	L	I	F	Y	W	H	M	C	P
0	0.04390	0.02689	0.01423	0.07593	0.01606	0.05666	0.00961	0.36656	0.01776	0.03659	0.01240	0.01456	0.00966	0.02833	0.03615	0.00204	0.10842	0.00485	0.11199	0.00741
1	0.03170	0.51644	0.07099	0.00969	0.01413	0.03157	0.00942	0.01803	0.03729	0.13384	0.07021	0.01336	0.01178	0.00565	0.00424	0.00136	0.00552	0.00405	0.00344	0.00730
2	0.01370	0.00771	0.00931	0.02132	0.01120	0.00715	0.00642	0.01731	0.11411	0.27162	0.08506	0.09622	0.27763	0.01032	0.00597	0.00179	0.00372	0.00870	0.00567	0.02508
3	0.00731	0.00590	0.00700	0.00711	0.00834	0.00567	0.00526	0.00919	0.03317	0.01599	0.17662	0.25164	0.35709	0.01379	0.00727	0.00197	0.05119	0.02555	0.00509	0.00486
4	0.01051	0.00581	0.00756	0.00727	0.00795	0.00595	0.00512	0.07994	0.00990	0.01418	0.01264	0.06477	0.01192	0.01526	0.01561	0.55099	0.00435	0.00547	0.16115	0.00367
5	0.08006	0.01026	0.01645	0.51247	0.19593	0.01194	0.01432	0.01455	0.01120	0.01581	0.01086	0.01682	0.00899	0.00590	0.00540	0.00181	0.00670	0.05126	0.00273	0.00655
6	0.03136	0.00844	0.01031	0.00826	0.01180	0.00699	0.00645	0.01540	0.02852	0.17518	0.08875	0.14915	0.01819	0.00757	0.00507	0.00135	0.00388	0.00645	0.00458	0.41229
7	0.46392	0.01082	0.01258	0.19396	0.14644	0.01240	0.01003	0.01641	0.05409	0.02080	0.00938	0.01162	0.00731	0.00525	0.00432	0.00171	0.00531	0.00390	0.00317	0.00656
8	0.06422	0.00983	0.01178	0.00910	0.01264	0.00919	0.00735	0.01347	0.01096	0.01765	0.07205	0.01370	0.01135	0.00573	0.00682	0.00124	0.15432	0.00405	0.00331	0.56124
9	0.01233	0.20468	0.41665	0.08886	0.02220	0.01432	0.07466	0.01691	0.01176	0.04794	0.03465	0.01266	0.00880	0.00530	0.00497	0.00161	0.00724	0.00429	0.00266	0.00752
10	0.00777	0.00541	0.00644	0.00637	0.00695	0.00531	0.00415	0.00872	0.01021	0.01395	0.18638	0.05012	0.09703	0.45361	0.08889	0.00433	0.00519	0.00855	0.02659	0.00404
11	0.01870	0.01407	0.01527	0.01158	0.01605	0.01484	0.00952	0.59670	0.02255	0.03079	0.01236	0.01271	0.00901	0.00601	0.00515	0.00146	0.00558	0.00455	0.00498	0.18812
12	0.00748	0.00554	0.00718	0.00762	0.00870	0.00501	0.00549	0.00905	0.01180	0.01616	0.18324	0.48450	0.05941	0.01432	0.00660	0.00199	0.00326	0.07272	0.00508	0.08483
13	0.01628	0.01195	0.01320	0.01094	0.01405	0.01296	0.00868	0.51816	0.02098	0.02815	0.04588	0.23673	0.01836	0.00968	0.00591	0.00180	0.00508	0.00807	0.00536	0.00776
14	0.00992	0.00773	0.00803	0.00759	0.00927	0.08003	0.00568	0.01190	0.01423	0.08114	0.39967	0.12848	0.19250	0.01151	0.00627	0.00177	0.00355	0.00990	0.00545	0.00540
15	0.01254	0.01133	0.01239	0.00966	0.01334	0.08328	0.00773	0.01465	0.01128	0.04470	0.00994	0.01214	0.00838	0.00733	0.05369	0.00161	0.12139	0.00372	0.00318	0.55772
16	0.09413	0.01095	0.01268	0.01049	0.01348	0.01166	0.05117	0.32110	0.06261	0.02448	0.04573	0.16042	0.03111	0.06854	0.00723	0.00201	0.00501	0.00729	0.02130	0.03861

[dist]
# distance from previous block
# <min> <max>
1	10

[block]
# block no. 1 follows, 44 sequences, length 9
# corresponding to MSA columns:
# 723-731
name=unknown_B
#
# <colnr> <probs for GDERKNQSTAVLIFYWHMCP>
#	G	D	E	R	K	N	Q	S	T	A	V	L	I	F	Y	W	H	M	C	P
0	0.02650	0.09057	0.01025	0.08065	0.01158	0.02544	0.00641	0.01165	0.05954	0.01557	0.16898	0.13666	0.12466	0.18016	0.01051	0.00253	0.00439	0.02456	0.00429	0.00512
1	0.01092	0.00816	0.01131	0.01262	0.16030	0.00765	0.00795	0.05108	0.01480	0.07235	0.41708	0.03041	0.07804	0.00887	0.00589	0.00161	0.00381	0.00780	0.00506	0.08429
2	0.01152	0.01079	0.01709	0.51326	0.11735	0.01336	0.01445	0.05193	0.01132	0.01526	0.00943	0.01383	0.00751	0.00624	0.00789	0.00190	0.16294	0.00484	0.00260	0.00650
3	0.04205	0.48926	0.02215	0.04961	0.01500	0.05982	0.00932	0.06733	0.08204	0.01567	0.01020	0.01179	0.00872	0.00892	0.08545	0.00211	0.00685	0.00379	0.00297	0.00696
4	0.10228	0.01090	0.01241	0.01039	0.01345	0.01158	0.03174	0.33839	0.03734	0.09549	0.01906	0.22324	0.03521	0.00932	0.00566	0.00181	0.00485	0.00780	0.02172	0.00737
5	0.09681	0.00612	0.00848	0.00951	0.07880	0.00628	0.00595	0.00917	0.00816	0.01245	0.01071	0.05552	0.01054	0.01560	0.01656	0.60092	0.00468	0.00512	0.03510	0.00353
6	0.00900	0.00712	0.00883	0.00967	0.03793	0.00723	0.00735	0.01353	0.15767	0.01706	0.05609	0.18727	0.17026	0.01322	0.00672	0.00214	0.00408	0.27408	0.00509	0.00566
7	0.01355	0.01301	0.06937	0.22968	0.26545	0.01307	0.01411	0.15992	0.07483	0.02024	0.01284	0.01738	0.01046	0.00626	0.00556	0.00176	0.00643	0.05478	0.00352	0.00778
8	0.10200	0.01127	0.01250	0.01126	0.05195	0.02675	0.00845	0.26330	0.11249	0.08248	0.06582	0.05571	0.01545	0.05234	0.05973	0.00237	0.00569	0.02093	0.00481	0.03472

[dist]
# distance from previous block
# <min> <max>
1	8

[block]
# block no. 2 follows, 44 sequences, length 16
# corresponding to MSA columns:
# 740-745,747-756
name=unknown_C
#
# <colnr> <probs for GDERKNQSTAVLIFYWHMCP>
#	G	D	E	R	K	N	Q	S	T	A	V	L	I	F	Y	W	H	M	C	P
0	0.08838	0.01083	0.01207	0.01005	0.01338	0.04159	0.02686	0.13623	0.15948	0.19882	0.08742	0.05298	0.06053	0.00786	0.00548	0.00171	0.00470	0.02328	0.00530	0.05306
1	0.01256	0.01150	0.01426	0.01184	0.01379	0.05178	0.03071	0.10738	0.01172	0.01670	0.01099	0.01509	0.02510	0.05001	0.10824	0.00284	0.32977	0.00490	0.00314	0.16767
2	0.02761	0.03226	0.06004	0.00962	0.01261	0.01011	0.00810	0.23018	0.05228	0.07604	0.10251	0.17436	0.10047	0.00991	0.00584	0.00178	0.00451	0.03000	0.02598	0.02578
3	0.00930	0.00561	0.00856	0.05051	0.00959	0.00568	0.03979	0.00827	0.00814	0.01090	0.04886	0.02114	0.01331	0.16461	0.02022	0.55891	0.00507	0.00567	0.00274	0.00311
4	0.52874	0.09197	0.01246	0.04794	0.01352	0.01424	0.00786	0.13286	0.01206	0.02349	0.00853	0.01003	0.00671	0.00561	0.00490	0.00168	0.06388	0.00349	0.00348	0.00656
5	0.01892	0.01409	0.01535	0.01184	0.01604	0.01526	0.00973	0.63141	0.02307	0.03125	0.01283	0.01343	0.00942	0.00847	0.05503	0.00200	0.00634	0.00479	0.00506	0.09567
6	0.00923	0.00479	0.00686	0.00694	0.00705	0.00477	0.00462	0.00754	0.00765	0.01053	0.01184	0.07219	0.01215	0.06098	0.01955	0.68456	0.00452	0.00567	0.05582	0.00273
7	0.00870	0.00681	0.00787	0.00802	0.00971	0.00667	0.00629	0.05843	0.08879	0.01722	0.05779	0.18460	0.31829	0.01352	0.00664	0.00205	0.00373	0.18434	0.00515	0.00539
8	0.10182	0.10832	0.25587	0.01138	0.01573	0.02432	0.04585	0.04423	0.01267	0.01862	0.14432	0.06334	0.03539	0.00806	0.00545	0.00177	0.00574	0.08683	0.00372	0.00659
9	0.01210	0.23770	0.52172	0.01520	0.07686	0.01508	0.01698	0.01697	0.01146	0.01611	0.00923	0.01091	0.00706	0.00502	0.00474	0.00157	0.00734	0.00379	0.00234	0.00781
10	0.01511	0.01083	0.01377	0.08080	0.08128	0.04181	0.04386	0.03739	0.25653	0.19464	0.04078	0.05928	0.06541	0.00782	0.00572	0.00180	0.00513	0.02527	0.00501	0.00777
11	0.04734	0.10900	0.03470	0.01101	0.01396	0.03411	0.07982	0.11531	0.06835	0.01778	0.01280	0.01641	0.01091	0.03532	0.27129	0.02556	0.02203	0.00506	0.02279	0.04643
12	0.00853	0.00682	0.00944	0.00909	0.01022	0.00688	0.06131	0.05549	0.02732	0.01533	0.02759	0.47288	0.11009	0.09724	0.00952	0.00243	0.04806	0.01214	0.00459	0.00502
13	0.01022	0.00833	0.01057	0.06776	0.04938	0.00746	0.00714	0.05480	0.01172	0.01684	0.03138	0.23596	0.01778	0.07631	0.00716	0.00176	0.00434	0.00748	0.00385	0.36974
14	0.04557	0.03213	0.11560	0.01144	0.08385	0.00938	0.00920	0.11709	0.01439	0.05377	0.14182	0.08499	0.17510	0.00910	0.00569	0.00170	0.00463	0.02068	0.00449	0.05938
15	0.11040	0.06938	0.04846	0.10633	0.08602	0.11541	0.24469	0.01688	0.03086	0.01683	0.01080	0.05055	0.00910	0.00578	0.00583	0.00171	0.03839	0.00529	0.00292	0.02437

[dist]
# distance from previous block
# <min> <max>
43	129

[block]
# block no. 3 follows, 44 sequences, length 24
# corresponding to MSA columns:
# 923-946
name=unknown_D
#
# <colnr> <probs for GDERKNQSTAVLIFYWHMCP>
#	G	D	E	R	K	N	Q	S	T	A	V	L	I	F	Y	W	H	M	C	P
0	0.12505	0.10591	0.06664	0.04089	0.03149	0.09836	0.02587	0.08318	0.05643	0.14191	0.01523	0.04040	0.04959	0.00705	0.01877	0.00169	0.00583	0.00499	0.01806	0.06265
1	0.04261	0.01282	0.06383	0.01080	0.01431	0.02633	0.02097	0.38804	0.01883	0.07096	0.07029	0.08632	0.02942	0.06814	0.00720	0.00195	0.00536	0.00642	0.03443	0.02098
2	0.07087	0.03301	0.08656	0.02865	0.01730	0.09363	0.09458	0.24974	0.07447	0.06613	0.01284	0.01510	0.01001	0.06202	0.03327	0.00217	0.03294	0.00504	0.00407	0.00759
3	0.15178	0.01536	0.18539	0.02870	0.04779	0.07277	0.01107	0.10183	0.06754	0.08858	0.01370	0.06535	0.01135	0.00950	0.05760	0.03277	0.00660	0.02139	0.00382	0.00712
4	0.01339	0.02792	0.06289	0.03396	0.02819	0.14916	0.00891	0.10760	0.16084	0.03533	0.04771	0.11736	0.07458	0.06973	0.03605	0.00227	0.00604	0.00707	0.00431	0.00667
5	0.01029	0.04535	0.00991	0.03693	0.01112	0.00828	0.00658	0.12851	0.03526	0.01768	0.05353	0.23474	0.11176	0.14024	0.00959	0.00241	0.00440	0.06788	0.00454	0.06099
6	0.01601	0.01201	0.01326	0.01061	0.01404	0.01293	0.00854	0.42034	0.08762	0.02699	0.06430	0.01731	0.01358	0.04629	0.05069	0.00214	0.02321	0.00537	0.05369	0.10108
7	0.01235	0.11646	0.44546	0.01455	0.04407	0.01306	0.06274	0.01687	0.01177	0.07513	0.01370	0.01560	0.05881	0.00621	0.00602	0.00172	0.05754	0.01743	0.00293	0.00758
8	0.01278	0.01488	0.09978	0.39180	0.02848	0.11694	0.09454	0.04214	0.11265	0.01645	0.01145	0.01432	0.00862	0.00565	0.00547	0.00175	0.00747	0.00493	0.00301	0.00690
9	0.01269	0.36486	0.07291	0.01077	0.01423	0.06657	0.03768	0.04159	0.01117	0.01409	0.01022	0.01337	0.00914	0.01602	0.24152	0.00362	0.04625	0.00421	0.00267	0.00643
10	0.01329	0.06082	0.04971	0.01816	0.02258	0.03560	0.46576	0.01688	0.01218	0.07503	0.01187	0.01563	0.00938	0.03521	0.08683	0.00262	0.05251	0.00589	0.00304	0.00701
11	0.01198	0.00948	0.01145	0.00856	0.01279	0.00776	0.00686	0.01425	0.01131	0.07087	0.01124	0.03852	0.00954	0.00637	0.03451	0.00131	0.05093	0.00398	0.00348	0.67480
12	0.00740	0.00556	0.00685	0.00653	0.00795	0.00501	0.00490	0.00968	0.01469	0.02011	0.59569	0.04361	0.22837	0.01180	0.00643	0.00175	0.00262	0.01026	0.00577	0.00501
13	0.01093	0.02820	0.78016	0.01554	0.02360	0.01266	0.02014	0.01727	0.01151	0.01727	0.00978	0.01151	0.00691	0.00518	0.00518	0.00173	0.00806	0.00403	0.00230	0.00806
14	0.01093	0.02820	0.78016	0.01554	0.02360	0.01266	0.02014	0.01727	0.01151	0.01727	0.00978	0.01151	0.00691	0.00518	0.00518	0.00173	0.00806	0.00403	0.00230	0.00806
15	0.01130	0.00969	0.01130	0.00807	0.01292	0.00727	0.00646	0.01373	0.01130	0.01776	0.00969	0.01130	0.00807	0.00404	0.00404	0.00081	0.00404	0.00323	0.00323	0.84173
16	0.00947	0.00473	0.00710	0.00710	0.00710	0.00473	0.00473	0.00710	0.00710	0.00947	0.00947	0.01657	0.00947	0.01894	0.02131	0.84138	0.00473	0.00473	0.00237	0.00237
17	0.00681	0.00487	0.00622	0.00723	0.00760	0.00456	0.00476	0.00765	0.01022	0.01351	0.02994	0.64848	0.08267	0.12635	0.00980	0.00261	0.00343	0.01419	0.00482	0.00428
18	0.00820	0.00613	0.00743	0.00741	0.00836	0.00590	0.00507	0.03509	0.01057	0.01434	0.04924	0.36080	0.08231	0.24579	0.01304	0.00291	0.03379	0.01079	0.00431	0.08851
19	0.04375	0.01495	0.15373	0.05878	0.02256	0.01246	0.34451	0.04329	0.01204	0.01716	0.01287	0.05225	0.03637	0.00779	0.03571	0.01985	0.07740	0.00607	0.00295	0.02549
20	0.01787	0.03024	0.06861	0.01217	0.04252	0.01359	0.01008	0.41870	0.04782	0.11374	0.01384	0.01493	0.01030	0.04480	0.02922	0.00194	0.00596	0.00491	0.00482	0.09394
21	0.01450	0.00985	0.01162	0.03618	0.03584	0.01017	0.00809	0.25315	0.04293	0.09027	0.01937	0.05378	0.06055	0.04626	0.00718	0.03395	0.00483	0.09248	0.10069	0.06832
22	0.02934	0.04547	0.00997	0.00822	0.01057	0.00804	0.00630	0.07616	0.06914	0.08372	0.10409	0.21286	0.10231	0.07199	0.00747	0.00199	0.00398	0.02447	0.00483	0.11908
23	0.01320	0.04119	0.06062	0.00998	0.01294	0.06237	0.00823	0.21060	0.12395	0.02114	0.07168	0.10859	0.09391	0.09519	0.00803	0.00209	0.00511	0.00729	0.00461	0.03925

[dist]
# distance from previous block
# <min> <max>
29	84

[block]
# block no. 4 follows, 44 sequences, length 95
# corresponding to MSA columns:
# 1037-1073,1078-1135
name=unknown_E
#
# <colnr> <probs for GDERKNQSTAVLIFYWHMCP>
#	G	D	E	R	K	N	Q	S	T	A	V	L	I	F	Y	W	H	M	C	P
0	0.03696	0.01121	0.01702	0.01806	0.23686	0.01100	0.11238	0.09596	0.05931	0.08101	0.05281	0.05166	0.04778	0.01933	0.00590	0.00170	0.00559	0.02416	0.01975	0.09154
1	0.13313	0.12807	0.24948	0.03205	0.13001	0.02876	0.02933	0.07057	0.01254	0.01908	0.03743	0.01323	0.02344	0.00548	0.00475	0.00156	0.00624	0.00429	0.02000	0.05053
2	0.07025	0.28659	0.33939	0.01380	0.06810	0.03034	0.04037	0.01653	0.01162	0.01651	0.05244	0.01228	0.00957	0.00531	0.00462	0.00153	0.00670	0.00404	0.00265	0.00737
3	0.01602	0.01316	0.04003	0.01084	0.01523	0.01273	0.00909	0.38954	0.01836	0.02579	0.01144	0.01272	0.00883	0.02128	0.00590	0.00142	0.04203	0.00427	0.00429	0.33704
4	0.01074	0.00727	0.00857	0.00751	0.00965	0.00687	0.00577	0.10742	0.01547	0.08982	0.36035	0.03679	0.21871	0.05386	0.00730	0.00190	0.00345	0.00890	0.00552	0.03413
5	0.01913	0.06005	0.01613	0.01187	0.01603	0.03057	0.00980	0.56891	0.10095	0.04412	0.01378	0.01374	0.01001	0.00642	0.00526	0.00159	0.00572	0.00486	0.02398	0.03709
6	0.01286	0.01124	0.01282	0.13872	0.01782	0.01311	0.00958	0.02602	0.62415	0.02117	0.02093	0.02015	0.03281	0.00723	0.00555	0.00184	0.00476	0.00607	0.00503	0.00812
7	0.00813	0.02384	0.03502	0.00721	0.00914	0.00637	0.00579	0.01165	0.08302	0.01949	0.44827	0.04062	0.25860	0.01124	0.00625	0.00175	0.00305	0.00965	0.00547	0.00545
8	0.00645	0.00549	0.00556	0.00562	0.00739	0.00459	0.00418	0.00781	0.01233	0.01469	0.05406	0.08741	0.73799	0.01396	0.00647	0.00186	0.00278	0.01169	0.00506	0.00459
9	0.00670	0.00479	0.00638	0.00755	0.00792	0.00447	0.00507	0.00774	0.01072	0.01437	0.07217	0.76144	0.03693	0.01674	0.00693	0.00219	0.00313	0.01518	0.00511	0.00447
10	0.00651	0.00554	0.00561	0.00565	0.00747	0.00465	0.00427	0.00792	0.01243	0.01477	0.05449	0.05272	0.75151	0.01384	0.00647	0.00186	0.00282	0.03178	0.00506	0.00461
11	0.02037	0.02598	0.01545	0.01404	0.01685	0.78652	0.01053	0.02177	0.01545	0.01334	0.00843	0.00983	0.00702	0.00562	0.00492	0.00140	0.00983	0.00351	0.00281	0.00632
12	0.02035	0.01491	0.01596	0.01228	0.01653	0.01649	0.01013	0.72991	0.02513	0.03386	0.01326	0.01334	0.00944	0.00654	0.00540	0.00162	0.00588	0.00491	0.03493	0.00912
13	0.02072	0.01527	0.01636	0.01254	0.01691	0.01691	0.01036	0.75622	0.02563	0.03436	0.01309	0.01309	0.00927	0.00654	0.00545	0.00164	0.00600	0.00491	0.00545	0.00927
14	0.02711	0.00560	0.00636	0.00627	0.00780	0.00499	0.00466	0.00900	0.01341	0.01778	0.34195	0.10618	0.40394	0.01278	0.00641	0.00182	0.00275	0.01095	0.00540	0.00484
15	0.01016	0.00508	0.00508	0.00508	0.00635	0.00508	0.00381	0.01270	0.01143	0.02033	0.01778	0.02033	0.01397	0.00635	0.00381	0.00127	0.00254	0.00508	0.83867	0.00508
16	0.01380	0.01183	0.01246	0.01114	0.01427	0.01367	0.00869	0.05358	0.73954	0.02320	0.02188	0.02009	0.01639	0.00737	0.00554	0.00184	0.00437	0.00612	0.00554	0.00865
17	0.00864	0.00628	0.00848	0.00923	0.01057	0.00622	0.00783	0.01157	0.03864	0.01774	0.19674	0.05517	0.05608	0.01388	0.00718	0.00229	0.00438	0.52865	0.00526	0.00516
18	0.01287	0.01471	0.03217	0.02298	0.02849	0.01379	0.75460	0.01746	0.01287	0.01746	0.01103	0.01471	0.00827	0.00460	0.00643	0.00184	0.00919	0.00643	0.00276	0.00735
19	0.01030	0.00969	0.01635	0.79530	0.03755	0.01211	0.01514	0.01393	0.01090	0.01393	0.00969	0.01453	0.00727	0.00545	0.00545	0.00182	0.00727	0.00484	0.00242	0.00606
20	0.00656	0.00553	0.00569	0.00565	0.00744	0.00465	0.00423	0.00805	0.01270	0.01539	0.12159	0.05138	0.70541	0.01356	0.00644	0.00183	0.00274	0.01135	0.00515	0.00465
21	0.02446	0.00928	0.01265	0.00970	0.01392	0.00801	0.00801	0.02657	0.01560	0.77817	0.02151	0.01856	0.01350	0.00675	0.00548	0.00169	0.00464	0.00548	0.00675	0.00928
22	0.00757	0.00554	0.00710	0.00677	0.00807	0.00507	0.00506	0.00997	0.01498	0.02095	0.68196	0.07128	0.11211	0.01160	0.00645	0.00174	0.00261	0.01022	0.00589	0.00507
23	0.00676	0.00483	0.00647	0.00773	0.00810	0.00453	0.00527	0.00780	0.01056	0.01405	0.02998	0.76240	0.03579	0.01696	0.00699	0.00223	0.00327	0.05674	0.00506	0.00446
24	0.01101	0.04538	0.76368	0.01540	0.02339	0.01286	0.01991	0.01724	0.01150	0.01717	0.00974	0.01145	0.00691	0.00517	0.00514	0.00171	0.00801	0.00400	0.00230	0.00803
25	0.09108	0.52852	0.08735	0.01026	0.01463	0.11540	0.00998	0.01681	0.01141	0.01446	0.00818	0.00964	0.00715	0.00571	0.01967	0.00147	0.02137	0.00322	0.01690	0.00681
26	0.49069	0.11363	0.24579	0.00998	0.01494	0.01350	0.01066	0.01644	0.01018	0.02085	0.00826	0.00965	0.00634	0.00505	0.00394	0.00164	0.00558	0.00328	0.00292	0.00669
27	0.01394	0.01418	0.04361	0.03145	0.69547	0.05739	0.01636	0.03042	0.01280	0.01784	0.01019	0.01322	0.00850	0.00494	0.00536	0.00161	0.00671	0.00476	0.00274	0.00850
28	0.00664	0.00474	0.00633	0.00759	0.00791	0.00443	0.00506	0.00759	0.01044	0.01392	0.03005	0.80485	0.03606	0.01708	0.00696	0.00221	0.00316	0.01550	0.00506	0.00443
29	0.00772	0.00557	0.00729	0.00686	0.00814	0.00514	0.00514	0.01029	0.01543	0.02186	0.77152	0.04072	0.05144	0.01115	0.00643	0.00171	0.00257	0.00986	0.00600	0.00514
30	0.01093	0.02820	0.78016	0.01554	0.02360	0.01266	0.02014	0.01727	0.01151	0.01727	0.00978	0.01151	0.00691	0.00518	0.00518	0.00173	0.00806	0.00403	0.00230	0.00806
31	0.00663	0.00479	0.00628	0.00747	0.00788	0.00444	0.00501	0.00760	0.01055	0.01396	0.03149	0.76188	0.07809	0.01689	0.00693	0.00219	0.00314	0.01527	0.00506	0.00444
32	0.00664	0.00474	0.00633	0.00759	0.00791	0.00443	0.00506	0.00759	0.01044	0.01392	0.03005	0.80485	0.03606	0.01708	0.00696	0.00221	0.00316	0.01550	0.00506	0.00443
33	0.00664	0.00474	0.00633	0.00759	0.00791	0.00443	0.00506	0.00759	0.01044	0.01392	0.03005	0.80485	0.03606	0.01708	0.00696	0.00221	0.00316	0.01550	0.00506	0.00443
34	0.01099	0.02780	0.75819	0.01576	0.02374	0.01269	0.04171	0.01727	0.01155	0.01727	0.00982	0.01160	0.00695	0.00516	0.00522	0.00173	0.00809	0.00410	0.00232	0.00804
35	0.01130	0.00969	0.01130	0.00807	0.01292	0.00727	0.00646	0.01373	0.01130	0.01776	0.00969	0.01130	0.00807	0.00404	0.00404	0.00081	0.00404	0.00323	0.00323	0.84173
36	0.00744	0.00556	0.00690	0.00656	0.00797	0.00502	0.00492	0.00975	0.01477	0.02029	0.61393	0.04331	0.21001	0.01173	0.00643	0.00174	0.00261	0.01022	0.00579	0.00502
37	0.01349	0.01295	0.02213	0.03346	0.77440	0.01295	0.01673	0.01673	0.01241	0.01781	0.01025	0.01349	0.00864	0.00486	0.00540	0.00162	0.00648	0.00486	0.00270	0.00864
38	0.01865	0.03744	0.01517	0.01289	0.01615	0.41319	0.01000	0.18326	0.20075	0.02022	0.01279	0.01309	0.00986	0.00623	0.00516	0.00156	0.00756	0.00445	0.00404	0.00754
39	0.01950	0.04685	0.01568	0.01374	0.01652	0.69167	0.01043	0.02175	0.06026	0.01389	0.00919	0.01051	0.00761	0.00583	0.00536	0.00146	0.03664	0.00370	0.00295	0.00647
40	0.00772	0.00557	0.00729	0.00686	0.00814	0.00514	0.00514	0.01029	0.01543	0.02186	0.77152	0.04072	0.05144	0.01115	0.00643	0.00171	0.00257	0.00986	0.00600	0.00514
41	0.01260	0.01410	0.02946	0.02144	0.02608	0.01398	0.63571	0.01664	0.01219	0.01679	0.01093	0.03215	0.00875	0.00556	0.00802	0.00192	0.11743	0.00641	0.00276	0.00710
42	0.01016	0.00508	0.00508	0.00508	0.00635	0.00508	0.00381	0.01270	0.01143	0.02033	0.01778	0.02033	0.01397	0.00635	0.00381	0.00127	0.00254	0.00508	0.83867	0.00508
43	0.04416	0.78321	0.02784	0.00925	0.01387	0.02124	0.00921	0.01631	0.01101	0.01324	0.00758	0.00875	0.00696	0.00468	0.00349	0.00118	0.00577	0.00292	0.00237	0.00696
44	0.02068	0.01661	0.01625	0.01273	0.01690	0.11327	0.01038	0.66426	0.02436	0.03173	0.01251	0.01268	0.00899	0.00643	0.00539	0.00161	0.00648	0.00473	0.00512	0.00890
45	0.00739	0.00556	0.00684	0.00652	0.00795	0.00501	0.00489	0.00966	0.01467	0.02005	0.58960	0.04371	0.23449	0.01182	0.00643	0.00175	0.00262	0.01028	0.00576	0.00501
46	0.00779	0.00584	0.00876	0.00876	0.00974	0.00681	0.00681	0.00974	0.00876	0.01266	0.01460	0.02142	0.01363	0.04089	0.78680	0.00876	0.01460	0.00584	0.00292	0.00487
47	0.00673	0.00487	0.00637	0.00740	0.00790	0.00451	0.00502	0.00786	0.01102	0.01472	0.10170	0.68953	0.07955	0.01633	0.00688	0.00215	0.00308	0.01474	0.00515	0.00451
48	0.84691	0.01054	0.00801	0.00717	0.01054	0.01223	0.00590	0.01603	0.00928	0.02446	0.00759	0.00886	0.00590	0.00506	0.00337	0.00169	0.00422	0.00295	0.00337	0.00590
49	0.00751	0.00556	0.00700	0.00664	0.00802	0.00506	0.00498	0.00989	0.01494	0.02070	0.65457	0.04264	0.16911	0.01158	0.00643	0.00174	0.00260	0.01013	0.00585	0.00506
50	0.00744	0.00553	0.00693	0.00666	0.00800	0.00502	0.00496	0.00973	0.01467	0.02024	0.61141	0.07790	0.17756	0.01189	0.00646	0.00176	0.00263	0.01041	0.00579	0.00502
51	0.01348	0.01153	0.01224	0.01107	0.01410	0.01329	0.00867	0.04234	0.71593	0.02274	0.02232	0.02207	0.01717	0.00773	0.00564	0.00188	0.00438	0.03941	0.00552	0.00848
52	0.01342	0.01288	0.02200	0.05049	0.75793	0.01293	0.01670	0.01667	0.01238	0.01772	0.01024	0.01352	0.00861	0.00487	0.00540	0.00162	0.00649	0.00486	0.00269	0.00858
53	0.00683	0.00482	0.00627	0.00735	0.00762	0.00455	0.00480	0.00764	0.01007	0.01343	0.02816	0.69175	0.03367	0.13343	0.01002	0.00267	0.00348	0.01439	0.00480	0.00426
54	0.00886	0.00580	0.00763	0.00710	0.00855	0.00532	0.00535	0.01133	0.01521	0.07552	0.68350	0.07463	0.04802	0.01111	0.00639	0.00174	0.00275	0.00981	0.00601	0.00541
55	0.01130	0.00969	0.01130	0.00807	0.01292	0.00727	0.00646	0.01373	0.01130	0.01776	0.00969	0.01130	0.00807	0.00404	0.00404	0.00081	0.00404	0.00323	0.00323	0.84173
56	0.01319	0.01351	0.01656	0.01420	0.01469	0.09472	0.01171	0.04851	0.00987	0.01413	0.00756	0.01177	0.00724	0.00901	0.01600	0.00225	0.68170	0.00465	0.00257	0.00615
57	0.00879	0.00628	0.00879	0.01004	0.01130	0.00628	0.00879	0.01130	0.01255	0.01632	0.02887	0.06150	0.03138	0.01506	0.00753	0.00251	0.00502	0.73770	0.00502	0.00502
58	0.84691	0.01054	0.00801	0.00717	0.01054	0.01223	0.00590	0.01603	0.00928	0.02446	0.00759	0.00886	0.00590	0.00506	0.00337	0.00169	0.00422	0.00295	0.00337	0.00590
59	0.84691	0.01054	0.00801	0.00717	0.01054	0.01223	0.00590	0.01603	0.00928	0.02446	0.00759	0.00886	0.00590	0.00506	0.00337	0.00169	0.00422	0.00295	0.00337	0.00590
60	0.02446	0.00928	0.01265	0.00970	0.01392	0.00801	0.00801	0.02657	0.01560	0.77817	0.02151	0.01856	0.01350	0.00675	0.00548	0.00169	0.00464	0.00548	0.00675	0.00928
61	0.00793	0.00529	0.00595	0.00595	0.00595	0.00529	0.00330	0.00793	0.00793	0.01057	0.01718	0.03568	0.01982	0.80840	0.02775	0.00529	0.00529	0.00793	0.00330	0.00330
62	0.00767	0.00557	0.00722	0.00681	0.00812	0.00512	0.00511	0.01020	0.01533	0.02161	0.74618	0.04114	0.07694	0.01124	0.00643	0.00172	0.00258	0.00992	0.00597	0.00512
63	0.01830	0.30645	0.02013	0.01236	0.01583	0.51346	0.01010	0.01983	0.01389	0.01316	0.00812	0.00944	0.00701	0.00528	0.00441	0.00132	0.00840	0.00330	0.00264	0.00656
64	0.00644	0.00552	0.00552	0.00552	0.00736	0.00460	0.00414	0.00782	0.01243	0.01473	0.05523	0.05247	0.77218	0.01381	0.00644	0.00184	0.00276	0.01151	0.00506	0.00460
65	0.82356	0.01068	0.00825	0.00732	0.01072	0.01236	0.00603	0.03695	0.00974	0.02474	0.00775	0.00898	0.00600	0.00510	0.00343	0.00169	0.00427	0.00301	0.00343	0.00600
66	0.03272	0.01293	0.01181	0.01030	0.01288	0.14988	0.00809	0.20076	0.09447	0.02029	0.02645	0.05772	0.24946	0.00941	0.00680	0.00177	0.07586	0.00723	0.00453	0.00665
67	0.01968	0.01396	0.01527	0.01182	0.01598	0.01506	0.00969	0.62234	0.02329	0.08422	0.01440	0.05625	0.01095	0.00699	0.00546	0.00162	0.00564	0.00543	0.00540	0.05655
68	0.01044	0.00984	0.01662	0.75992	0.07177	0.01215	0.01521	0.01406	0.01097	0.01411	0.00972	0.01449	0.00733	0.00542	0.00545	0.00181	0.00723	0.00485	0.00244	0.00618
69	0.01176	0.00963	0.01193	0.00928	0.01270	0.00889	0.00742	0.01375	0.01082	0.05981	0.01149	0.06715	0.01048	0.02978	0.00771	0.00139	0.15842	0.00464	0.00339	0.54955
70	0.02101	0.01482	0.01608	0.01233	0.01668	0.01623	0.01018	0.70090	0.02487	0.09075	0.01373	0.01350	0.00959	0.00656	0.00546	0.00164	0.00590	0.00495	0.00555	0.00927
71	0.00696	0.00488	0.00623	0.00718	0.00742	0.00464	0.00462	0.00768	0.00981	0.01308	0.02683	0.61279	0.03200	0.21467	0.01215	0.00298	0.00369	0.01361	0.00462	0.00415
72	0.00862	0.00616	0.00859	0.00974	0.01096	0.00612	0.00840	0.01107	0.01262	0.01652	0.07133	0.09484	0.03274	0.01493	0.00744	0.00245	0.00479	0.66259	0.00508	0.00500
73	0.08206	0.53732	0.10194	0.01032	0.01517	0.01915	0.01033	0.13693	0.01335	0.01772	0.00870	0.00975	0.00727	0.00506	0.00398	0.00134	0.00596	0.00336	0.00292	0.00739
74	0.00660	0.00552	0.00567	0.00564	0.00735	0.00467	0.00417	0.00800	0.01243	0.01503	0.10341	0.05087	0.68698	0.05053	0.00743	0.00199	0.00287	0.01122	0.00505	0.00458
75	0.01389	0.01322	0.02130	0.07541	0.67021	0.03227	0.01612	0.05892	0.01316	0.01842	0.01034	0.01344	0.00855	0.00501	0.00539	0.00163	0.00658	0.00483	0.00284	0.00847
76	0.01293	0.01273	0.02158	0.07689	0.02159	0.01341	0.29842	0.08941	0.01260	0.01789	0.00994	0.01320	0.00799	0.00594	0.00856	0.00175	0.19836	0.00514	0.00300	0.16867
77	0.01771	0.02122	0.01488	0.01415	0.05149	0.56443	0.01035	0.04433	0.01426	0.01416	0.00951	0.01195	0.00816	0.01105	0.12129	0.00257	0.05528	0.00404	0.00289	0.00630
78	0.01050	0.00982	0.01648	0.66557	0.11780	0.01181	0.01475	0.01403	0.01133	0.01481	0.05326	0.01591	0.00994	0.00571	0.00550	0.00179	0.00691	0.00513	0.00266	0.00629
79	0.02738	0.15506	0.62088	0.01490	0.04383	0.01411	0.01801	0.01707	0.01142	0.01669	0.00940	0.01107	0.00695	0.00508	0.00488	0.00163	0.00758	0.00385	0.00234	0.00786
80	0.01130	0.00969	0.01130	0.00807	0.01292	0.00727	0.00646	0.01373	0.01130	0.01776	0.00969	0.01130	0.00807	0.00404	0.00404	0.00081	0.00404	0.00323	0.00323	0.84173
81	0.00792	0.00531	0.00605	0.00605	0.00608	0.00534	0.00343	0.00799	0.00796	0.01064	0.01709	0.03517	0.01960	0.78112	0.05473	0.00541	0.00562	0.00785	0.00329	0.00336
82	0.00790	0.00572	0.00656	0.00629	0.00802	0.00497	0.00474	0.00972	0.01356	0.06030	0.29722	0.07315	0.45694	0.01261	0.00640	0.00180	0.00282	0.01074	0.00548	0.00505
83	0.00786	0.00541	0.00667	0.00670	0.00696	0.00565	0.00424	0.00837	0.00821	0.01119	0.01690	0.05439	0.01873	0.59240	0.21808	0.00607	0.00757	0.00762	0.00326	0.00373
84	0.01149	0.00966	0.01140	0.00828	0.01289	0.00751	0.00662	0.01384	0.01128	0.03188	0.01020	0.02537	0.00864	0.00448	0.00452	0.00089	0.02706	0.00353	0.00330	0.78715
85	0.01146	0.01028	0.01452	0.02405	0.01554	0.00848	0.12845	0.03537	0.01184	0.01774	0.01138	0.05919	0.01005	0.02367	0.00522	0.00120	0.00497	0.00466	0.00331	0.59864
86	0.00786	0.02402	0.00654	0.00613	0.00652	0.00554	0.00374	0.00825	0.00907	0.01196	0.07156	0.07833	0.09495	0.61760	0.02260	0.00446	0.00476	0.00869	0.00372	0.00370
87	0.01142	0.00890	0.01230	0.21354	0.03372	0.01033	0.02676	0.09821	0.01292	0.01895	0.10052	0.02011	0.01530	0.02963	0.00758	0.00182	0.11834	0.01995	0.23366	0.00603
88	0.01314	0.10976	0.05448	0.19413	0.14626	0.03309	0.13940	0.07184	0.03923	0.01704	0.01028	0.01334	0.00821	0.00578	0.00685	0.00174	0.10421	0.00486	0.01916	0.00721
89	0.14250	0.17330	0.05394	0.13933	0.09606	0.08223	0.03218	0.04295	0.04115	0.03938	0.02810	0.01426	0.00962	0.00601	0.00551	0.00165	0.05150	0.03029	0.00314	0.00688
90	0.01472	0.01191	0.01468	0.06803	0.17904	0.04462	0.01067	0.18448	0.15904	0.07150	0.03461	0.03463	0.09107	0.00773	0.00570	0.00176	0.00544	0.04800	0.00459	0.00780
91	0.07509	0.03088	0.10821	0.15887	0.45662	0.04494	0.01564	0.01646	0.01191	0.01729	0.00977	0.01285	0.00790	0.00504	0.00517	0.00165	0.00675	0.00452	0.00265	0.00779
92	0.11434	0.01457	0.16023	0.08926	0.32122	0.01191	0.01410	0.01757	0.04704	0.07880	0.01158	0.01420	0.00904	0.00542	0.00509	0.00165	0.00615	0.01908	0.00321	0.05552
93	0.10237	0.12921	0.11742	0.09995	0.12899	0.03354	0.22292	0.04935	0.03366	0.01799	0.01011	0.01261	0.00786	0.00504	0.00518	0.00166	0.00719	0.00472	0.00286	0.00737
94	0.01434	0.04635	0.16664	0.01242	0.06486	0.04225	0.02474	0.13187	0.03134	0.13119	0.11473	0.02079	0.08587	0.00797	0.02374	0.00178	0.00574	0.00590	0.00438	0.06311

[dist]
# distance from previous block
# <min> <max>
81	142

[block]
# block no. 5 follows, 44 sequences, length 163
# corresponding to MSA columns:
# 1293-1342,1345-1352,1354-1359,1379-1448,1450-1471,1475-1481
name=unknown_F
#
# <colnr> <probs for GDERKNQSTAVLIFYWHMCP>
#	G	D	E	R	K	N	Q	S	T	A	V	L	I	F	Y	W	H	M	C	P
0	0.07505	0.15808	0.03973	0.05248	0.01527	0.03441	0.07872	0.07600	0.04525	0.03794	0.04559	0.09548	0.05763	0.02786	0.02126	0.00193	0.08207	0.00622	0.02664	0.02240
1	0.01623	0.01194	0.01392	0.09880	0.03888	0.02834	0.00977	0.18011	0.29649	0.14160	0.01813	0.01776	0.03359	0.00689	0.00579	0.00173	0.02688	0.00554	0.00504	0.04259
2	0.10175	0.27706	0.04040	0.04230	0.05832	0.22791	0.01017	0.05563	0.02838	0.06699	0.02361	0.01137	0.00855	0.00552	0.00470	0.00146	0.02187	0.00380	0.00318	0.00703
3	0.14980	0.17387	0.38052	0.01421	0.08021	0.01401	0.03514	0.01688	0.01140	0.03858	0.03266	0.01187	0.00848	0.00524	0.00466	0.00160	0.00664	0.00399	0.00276	0.00747
4	0.01884	0.03598	0.04167	0.01385	0.05356	0.41108	0.01061	0.24516	0.01799	0.02070	0.03126	0.01241	0.00935	0.00602	0.00507	0.00149	0.00779	0.00426	0.04558	0.00732
5	0.01281	0.01216	0.02049	0.15756	0.60917	0.01260	0.01601	0.01637	0.02985	0.01724	0.01108	0.01546	0.00937	0.00536	0.00548	0.00169	0.00651	0.02990	0.00280	0.00809
6	0.00947	0.00473	0.00710	0.00710	0.00710	0.00473	0.00473	0.00710	0.00710	0.00947	0.00947	0.01657	0.00947	0.01894	0.02131	0.84138	0.00473	0.00473	0.00237	0.00237
7	0.06054	0.04804	0.03175	0.00964	0.01280	0.03457	0.00796	0.22225	0.04583	0.14857	0.12665	0.05825	0.11766	0.02687	0.00634	0.00179	0.02122	0.00689	0.00515	0.00723
8	0.01266	0.01378	0.02469	0.05821	0.07432	0.06015	0.41641	0.01603	0.01180	0.01599	0.01073	0.04085	0.00905	0.00707	0.02970	0.00208	0.15947	0.00597	0.00276	0.02828
9	0.00772	0.00557	0.00729	0.00686	0.00814	0.00514	0.00514	0.01029	0.01543	0.02186	0.77152	0.04072	0.05144	0.01115	0.00643	0.00171	0.00257	0.00986	0.00600	0.00514
10	0.01094	0.01029	0.01783	0.62997	0.05330	0.01213	0.09897	0.03497	0.01152	0.01510	0.01017	0.01468	0.00770	0.00564	0.00580	0.01703	0.00726	0.00503	0.02541	0.00627
11	0.01342	0.01339	0.04381	0.03295	0.75292	0.01295	0.01683	0.01675	0.01239	0.01780	0.01024	0.01344	0.00859	0.00487	0.00539	0.00162	0.00652	0.00483	0.00269	0.00862
12	0.84691	0.01054	0.00801	0.00717	0.01054	0.01223	0.00590	0.01603	0.00928	0.02446	0.00759	0.00886	0.00590	0.00506	0.00337	0.00169	0.00422	0.00295	0.00337	0.00590
13	0.01374	0.01180	0.01243	0.01113	0.01425	0.01365	0.00867	0.04749	0.74572	0.02310	0.02196	0.02016	0.01645	0.00737	0.00554	0.00184	0.00436	0.00613	0.00554	0.00865
14	0.01349	0.01295	0.02213	0.03346	0.77440	0.01295	0.01673	0.01673	0.01241	0.01781	0.01025	0.01349	0.00864	0.00486	0.00540	0.00162	0.00648	0.00486	0.00270	0.00864
15	0.00684	0.00554	0.00608	0.00594	0.00761	0.00477	0.00446	0.00860	0.01337	0.01697	0.27990	0.04878	0.54612	0.01297	0.00644	0.00180	0.00270	0.01099	0.00536	0.00477
16	0.00696	0.00558	0.00629	0.00657	0.00813	0.00491	0.00508	0.00859	0.01254	0.01555	0.11244	0.11893	0.52147	0.01406	0.00667	0.00197	0.00315	0.13126	0.00514	0.00470
17	0.00839	0.00572	0.00750	0.00697	0.00838	0.00526	0.00526	0.01094	0.01544	0.05231	0.74133	0.03983	0.04991	0.01097	0.00639	0.00171	0.00266	0.00968	0.00603	0.00531
18	0.01287	0.01471	0.03217	0.02298	0.02849	0.01379	0.75460	0.01746	0.01287	0.01746	0.01103	0.01471	0.00827	0.00460	0.00643	0.00184	0.00919	0.00643	0.00276	0.00735
19	0.00772	0.00557	0.00729	0.00686	0.00814	0.00514	0.00514	0.01029	0.01543	0.02186	0.77152	0.04072	0.05144	0.01115	0.00643	0.00171	0.00257	0.00986	0.00600	0.00514
20	0.00769	0.00557	0.00725	0.00683	0.00813	0.00513	0.00512	0.01023	0.01536	0.02170	0.75506	0.04099	0.06800	0.01121	0.00643	0.00172	0.00258	0.00990	0.00598	0.00513
21	0.01349	0.01295	0.02213	0.03346	0.77440	0.01295	0.01673	0.01673	0.01241	0.01781	0.01025	0.01349	0.00864	0.00486	0.00540	0.00162	0.00648	0.00486	0.00270	0.00864
22	0.01093	0.02820	0.78016	0.01554	0.02360	0.01266	0.02014	0.01727	0.01151	0.01727	0.00978	0.01151	0.00691	0.00518	0.00518	0.00173	0.00806	0.00403	0.00230	0.00806
23	0.82458	0.03204	0.00856	0.00723	0.01064	0.01248	0.00600	0.01603	0.00933	0.02415	0.00759	0.00885	0.00593	0.00505	0.00338	0.00167	0.00426	0.00295	0.00335	0.00593
24	0.00664	0.00474	0.00633	0.00759	0.00791	0.00443	0.00506	0.00759	0.01044	0.01392	0.03005	0.80485	0.03606	0.01708	0.00696	0.00221	0.00316	0.01550	0.00506	0.00443
25	0.84691	0.01054	0.00801	0.00717	0.01054	0.01223	0.00590	0.01603	0.00928	0.02446	0.00759	0.00886	0.00590	0.00506	0.00337	0.00169	0.00422	0.00295	0.00337	0.00590
26	0.01455	0.01225	0.01322	0.01206	0.04050	0.01400	0.00915	0.12910	0.63672	0.02423	0.02052	0.01910	0.01535	0.00719	0.00553	0.00181	0.00462	0.00595	0.00544	0.00872
27	0.01349	0.01295	0.02213	0.03346	0.77440	0.01295	0.01673	0.01673	0.01241	0.01781	0.01025	0.01349	0.00864	0.00486	0.00540	0.00162	0.00648	0.00486	0.00270	0.00864
28	0.81323	0.01074	0.00835	0.00739	0.01080	0.01242	0.00609	0.04620	0.00994	0.02486	0.00782	0.00903	0.00604	0.00512	0.00346	0.00168	0.00429	0.00303	0.00346	0.00604
29	0.01130	0.00969	0.01130	0.00807	0.01292	0.00727	0.00646	0.01373	0.01130	0.01776	0.00969	0.01130	0.00807	0.00404	0.00404	0.00081	0.00404	0.00323	0.00323	0.84173
30	0.01514	0.01180	0.01248	0.01103	0.01422	0.03639	0.00866	0.04782	0.61084	0.11354	0.02162	0.02073	0.01617	0.00745	0.00557	0.00183	0.00459	0.02596	0.00559	0.00856
31	0.00664	0.00474	0.00633	0.00759	0.00791	0.00443	0.00506	0.00759	0.01044	0.01392	0.03005	0.80485	0.03606	0.01708	0.00696	0.00221	0.00316	0.01550	0.00506	0.00443
32	0.01527	0.01256	0.01329	0.01144	0.01483	0.01436	0.00904	0.20261	0.58812	0.02556	0.02002	0.01861	0.01488	0.00719	0.00552	0.00180	0.00472	0.00586	0.00552	0.00878
33	0.02179	0.00936	0.01238	0.00937	0.01371	0.00786	0.00770	0.02396	0.01473	0.62394	0.01911	0.01709	0.01240	0.00620	0.00519	0.00151	0.00452	0.00503	0.00603	0.17812
34	0.00788	0.00571	0.00811	0.00811	0.00890	0.00647	0.00605	0.00946	0.00867	0.01246	0.01519	0.02417	0.01485	0.18975	0.61729	0.00788	0.01246	0.00623	0.02580	0.00457
35	0.01130	0.00969	0.01130	0.00807	0.01292	0.00727	0.00646	0.01373	0.01130	0.01776	0.00969	0.01130	0.00807	0.00404	0.00404	0.00081	0.00404	0.00323	0.00323	0.84173
36	0.01406	0.01355	0.01809	0.04120	0.50361	0.12475	0.01351	0.03475	0.01299	0.01789	0.01128	0.01409	0.00927	0.00527	0.00507	0.00153	0.00632	0.00470	0.14040	0.00767
37	0.00664	0.00474	0.00633	0.00759	0.00791	0.00443	0.00506	0.00759	0.01044	0.01392	0.03005	0.80485	0.03606	0.01708	0.00696	0.00221	0.00316	0.01550	0.00506	0.00443
38	0.01063	0.01003	0.01696	0.71522	0.11500	0.01220	0.01531	0.01422	0.01106	0.01434	0.00975	0.01443	0.00741	0.00539	0.00544	0.00180	0.00718	0.00485	0.00245	0.00633
39	0.02072	0.01527	0.01636	0.01254	0.01691	0.01691	0.01036	0.75622	0.02563	0.03436	0.01309	0.01309	0.00927	0.00654	0.00545	0.00164	0.00600	0.00491	0.00545	0.00927
40	0.01030	0.00969	0.01635	0.79530	0.03755	0.01211	0.01514	0.01393	0.01090	0.01393	0.00969	0.01453	0.00727	0.00545	0.00545	0.00182	0.00727	0.00484	0.00242	0.00606
41	0.00793	0.00529	0.00595	0.00595	0.00595	0.00529	0.00330	0.00793	0.00793	0.01057	0.01718	0.03568	0.01982	0.80840	0.02775	0.00529	0.00529	0.00793	0.00330	0.00330
42	0.00947	0.00473	0.00710	0.00710	0.00710	0.00473	0.00473	0.00710	0.00710	0.00947	0.00947	0.01657	0.00947	0.01894	0.02131	0.84138	0.00473	0.00473	0.00237	0.00237
43	0.00705	0.00555	0.00636	0.00616	0.00773	0.00486	0.00462	0.00899	0.01385	0.01811	0.39506	0.04690	0.43024	0.01254	0.00644	0.00178	0.00267	0.01072	0.00551	0.00486
44	0.00664	0.00474	0.00633	0.00759	0.00791	0.00443	0.00506	0.00759	0.01044	0.01392	0.03005	0.80485	0.03606	0.01708	0.00696	0.00221	0.00316	0.01550	0.00506	0.00443
45	0.01019	0.00699	0.00862	0.00830	0.00995	0.00693	0.00642	0.06457	0.03794	0.08861	0.16737	0.22296	0.18916	0.01267	0.00706	0.00198	0.04221	0.09709	0.00530	0.00567
46	0.01596	0.01189	0.01303	0.01087	0.01453	0.01286	0.00865	0.16656	0.45158	0.11271	0.01897	0.01774	0.01391	0.00678	0.00535	0.00167	0.00464	0.00552	0.00541	0.10136
47	0.01060	0.00956	0.01580	0.68991	0.03418	0.01167	0.03303	0.03137	0.01134	0.01504	0.01049	0.01500	0.00791	0.00553	0.00534	0.00177	0.00689	0.00491	0.07359	0.00608
48	0.24143	0.00720	0.00658	0.00612	0.00813	0.00776	0.00477	0.05795	0.01160	0.02207	0.01468	0.01710	0.01161	0.02553	0.00437	0.00150	0.00328	0.00455	0.53823	0.00552
49	0.01725	0.36104	0.02174	0.01379	0.08716	0.35205	0.01059	0.05099	0.01373	0.01446	0.00844	0.00985	0.00726	0.00518	0.00438	0.00133	0.00763	0.00344	0.00271	0.00696
50	0.01196	0.01101	0.01711	0.45482	0.21351	0.01272	0.01431	0.04239	0.13401	0.01702	0.01197	0.01517	0.00919	0.00566	0.00545	0.00177	0.00655	0.00506	0.00310	0.00721
51	0.00682	0.00554	0.00605	0.00592	0.00760	0.00476	0.00444	0.00855	0.01332	0.01684	0.26760	0.04899	0.55849	0.01302	0.00644	0.00180	0.00271	0.01102	0.00534	0.00476
52	0.84691	0.01054	0.00801	0.00717	0.01054	0.01223	0.00590	0.01603	0.00928	0.02446	0.00759	0.00886	0.00590	0.00506	0.00337	0.00169	0.00422	0.00295	0.00337	0.00590
53	0.00730	0.00556	0.00671	0.00642	0.00789	0.00497	0.00482	0.00948	0.01445	0.01953	0.53753	0.04456	0.28688	0.01201	0.00643	0.00176	0.00263	0.01040	0.00569	0.00497
54	0.02072	0.01527	0.01636	0.01254	0.01691	0.01691	0.01036	0.75622	0.02563	0.03436	0.01309	0.01309	0.00927	0.00654	0.00545	0.00164	0.00600	0.00491	0.00545	0.00927
55	0.01333	0.01279	0.02183	0.07220	0.73693	0.01291	0.01665	0.01659	0.01234	0.01761	0.01023	0.01355	0.00857	0.00489	0.00540	0.00163	0.00652	0.00486	0.00268	0.00850
56	0.01349	0.01295	0.02213	0.03346	0.77440	0.01295	0.01673	0.01673	0.01241	0.01781	0.01025	0.01349	0.00864	0.00486	0.00540	0.00162	0.00648	0.00486	0.00270	0.00864
57	0.00650	0.00553	0.00560	0.00558	0.00740	0.00463	0.00419	0.00794	0.01257	0.01506	0.08843	0.05192	0.73878	0.01368	0.00644	0.00184	0.00275	0.01143	0.00511	0.00463
58	0.03932	0.01265	0.01395	0.01173	0.03337	0.01387	0.00920	0.34686	0.26937	0.12503	0.01721	0.01688	0.01256	0.02869	0.00601	0.00181	0.00514	0.00544	0.02222	0.00871
59	0.84691	0.01054	0.00801	0.00717	0.01054	0.01223	0.00590	0.01603	0.00928	0.02446	0.00759	0.00886	0.00590	0.00506	0.00337	0.00169	0.00422	0.00295	0.00337	0.00590
60	0.03071	0.00577	0.00696	0.00671	0.00823	0.00526	0.00507	0.01010	0.01406	0.04098	0.46762	0.08883	0.24572	0.01205	0.00638	0.00180	0.00283	0.03023	0.00561	0.00509
61	0.01093	0.02820	0.78016	0.01554	0.02360	0.01266	0.02014	0.01727	0.01151	0.01727	0.00978	0.01151	0.00691	0.00518	0.00518	0.00173	0.00806	0.00403	0.00230	0.00806
62	0.01030	0.00969	0.01635	0.79530	0.03755	0.01211	0.01514	0.01393	0.01090	0.01393	0.00969	0.01453	0.00727	0.00545	0.00545	0.00182	0.00727	0.00484	0.00242	0.00606
63	0.01391	0.01163	0.01234	0.01105	0.01417	0.01338	0.00861	0.02889	0.74026	0.04730	0.02217	0.02028	0.01654	0.00738	0.00555	0.00184	0.00433	0.00614	0.00559	0.00865
64	0.01030	0.00969	0.01635	0.79530	0.03755	0.01211	0.01514	0.01393	0.01090	0.01393	0.00969	0.01453	0.00727	0.00545	0.00545	0.00182	0.00727	0.00484	0.00242	0.00606
65	0.00664	0.00474	0.00633	0.00759	0.00791	0.00443	0.00506	0.00759	0.01044	0.01392	0.03005	0.80485	0.03606	0.01708	0.00696	0.00221	0.00316	0.01550	0.00506	0.00443
66	0.01225	0.01168	0.01988	0.32963	0.48794	0.01263	0.01611	0.01564	0.01183	0.01630	0.01004	0.01390	0.00810	0.00509	0.00542	0.00170	0.00678	0.00485	0.00259	0.00763
67	0.14639	0.00649	0.00755	0.00702	0.00872	0.00638	0.00536	0.01169	0.01429	0.04659	0.60074	0.05609	0.04228	0.01017	0.00591	0.00172	0.00293	0.00874	0.00557	0.00538
68	0.00644	0.00552	0.00552	0.00552	0.00736	0.00460	0.00414	0.00782	0.01243	0.01473	0.05523	0.05247	0.77218	0.01381	0.00644	0.00184	0.00276	0.01151	0.00506	0.00460
69	0.02267	0.00968	0.01260	0.00993	0.01396	0.00893	0.00811	0.02696	0.13890	0.65381	0.02162	0.01885	0.01401	0.00685	0.00549	0.00171	0.00459	0.00559	0.00655	0.00917
70	0.01339	0.01285	0.02194	0.05817	0.75050	0.01293	0.01668	0.01664	0.01236	0.01769	0.01024	0.01353	0.00859	0.00488	0.00540	0.00163	0.00650	0.00486	0.00269	0.00855
71	0.01284	0.01077	0.01158	0.01060	0.01330	0.01225	0.00814	0.06797	0.59719	0.02202	0.02295	0.14907	0.01941	0.00894	0.00577	0.00190	0.00422	0.00763	0.00546	0.00798
72	0.00664	0.00474	0.00633	0.00759	0.00791	0.00443	0.00506	0.00759	0.01044	0.01392	0.03005	0.80485	0.03606	0.01708	0.00696	0.00221	0.00316	0.01550	0.00506	0.00443
73	0.01247	0.01382	0.02922	0.15048	0.05544	0.01348	0.60768	0.01686	0.01253	0.01689	0.01078	0.01464	0.00812	0.00475	0.00624	0.00183	0.00878	0.00612	0.00270	0.00718
