[name]
unknown

[dist]
# distance from previous block
# <min> <max>
0	64

[block]
# block no. 0 follows, 45 sequences, length 6
# corresponding to MSA columns:
# 75-80
name=unknown_A
#
# <colnr> <probs for GDERKNQSTAVLIFYWHMCP>
#	G	D	E	R	K	N	Q	S	T	A	V	L	I	F	Y	W	H	M	C	P
0	0.00984	0.00715	0.00804	0.00798	0.00928	0.03257	0.00580	0.09883	0.01262	0.05174	0.04649	0.33304	0.13403	0.14674	0.00992	0.00253	0.00416	0.06938	0.00476	0.00512
1	0.12969	0.01288	0.01387	0.05647	0.01602	0.01403	0.00917	0.49460	0.01988	0.02844	0.01273	0.06428	0.01018	0.00662	0.00506	0.00159	0.00537	0.00509	0.00468	0.08935
2	0.01136	0.00885	0.01196	0.13746	0.01593	0.00925	0.06212	0.12873	0.06277	0.03423	0.04814	0.13645	0.06072	0.08301	0.02303	0.00214	0.00511	0.00731	0.08550	0.06595
3	0.19249	0.01022	0.02841	0.21019	0.01883	0.01107	0.04005	0.05320	0.04224	0.06134	0.01103	0.01350	0.00851	0.00617	0.00622	0.02939	0.07330	0.00435	0.08472	0.09473
4	0.13329	0.01194	0.01242	0.10425	0.01568	0.09337	0.00913	0.08056	0.19056	0.01957	0.05602	0.04654	0.01319	0.00733	0.00702	0.00179	0.13286	0.00536	0.05246	0.00665
5	0.00954	0.00796	0.01021	0.03258	0.01115	0.03276	0.06042	0.04845	0.01106	0.01500	0.05171	0.18834	0.09327	0.22069	0.01250	0.00269	0.07279	0.00854	0.04274	0.06759

[dist]
# distance from previous block
# <min> <max>
14	47

[block]
# block no. 1 follows, 45 sequences, length 63
# corresponding to MSA columns:
# 129-191
name=unknown_B
#
# <colnr> <probs for GDERKNQSTAVLIFYWHMCP>
#	G	D	E	R	K	N	Q	S	T	A	V	L	I	F	Y	W	H	M	C	P
0	0.05324	0.01080	0.06938	0.06994	0.01528	0.01032	0.05236	0.08294	0.13676	0.13780	0.04734	0.11879	0.01651	0.10129	0.00876	0.00222	0.04812	0.00690	0.00444	0.00681
1	0.02891	0.06827	0.01492	0.04262	0.05844	0.09932	0.00952	0.19774	0.14607	0.12299	0.07034	0.01621	0.01337	0.00664	0.00578	0.00162	0.04468	0.00511	0.01687	0.03059
2	0.01766	0.01067	0.01229	0.01005	0.01336	0.01109	0.00801	0.27039	0.13608	0.24936	0.02009	0.06568	0.05044	0.05704	0.02165	0.00204	0.00497	0.00632	0.02481	0.00800
3	0.01726	0.01189	0.01330	0.01027	0.01432	0.01198	0.00837	0.39883	0.03430	0.13318	0.01747	0.03317	0.07691	0.00679	0.00519	0.00147	0.00493	0.00536	0.00503	0.18997
4	0.01279	0.01069	0.06927	0.06120	0.03200	0.01096	0.00966	0.09637	0.06003	0.10466	0.01574	0.14164	0.01420	0.01087	0.06015	0.00234	0.18964	0.00661	0.08459	0.00659
5	0.00912	0.06229	0.04526	0.00730	0.00855	0.00686	0.00544	0.01044	0.02514	0.05565	0.07489	0.16587	0.05166	0.39251	0.05306	0.00374	0.00510	0.00859	0.00392	0.00461
6	0.05710	0.04778	0.30137	0.01457	0.06582	0.01260	0.07839	0.11243	0.04135	0.10487	0.02715	0.01363	0.00938	0.00639	0.00650	0.04187	0.04300	0.00466	0.00347	0.00765
7	0.01621	0.01229	0.04936	0.07022	0.05264	0.03858	0.00991	0.15803	0.24422	0.17931	0.02960	0.01710	0.01281	0.00885	0.05936	0.00216	0.00596	0.00535	0.00488	0.02317
8	0.00654	0.00467	0.00623	0.00747	0.00779	0.00436	0.00498	0.00747	0.01028	0.01370	0.02959	0.80785	0.03550	0.01682	0.00685	0.00218	0.00311	0.01526	0.00498	0.00436
9	0.01783	0.13489	0.01709	0.01267	0.04609	0.17206	0.00996	0.31416	0.16637	0.03714	0.01296	0.01312	0.00983	0.00609	0.00499	0.00154	0.00631	0.00452	0.00432	0.00806
10	0.01640	0.06829	0.05143	0.01067	0.01510	0.01307	0.00914	0.35100	0.07184	0.07451	0.01300	0.03093	0.00993	0.00588	0.00488	0.00139	0.00519	0.00456	0.00449	0.23829
11	0.04653	0.01214	0.05356	0.22800	0.08213	0.02766	0.09834	0.07211	0.03625	0.08354	0.01170	0.04348	0.00937	0.00635	0.00703	0.00177	0.11523	0.00520	0.00332	0.05630
12	0.01266	0.01427	0.03071	0.03843	0.07866	0.01349	0.69398	0.01708	0.01260	0.01715	0.01078	0.01440	0.00815	0.00456	0.00625	0.00180	0.00883	0.00620	0.00270	0.00730
13	0.01241	0.01180	0.02072	0.02523	0.44815	0.01166	0.16051	0.04990	0.01292	0.01803	0.04957	0.07680	0.01401	0.00669	0.00582	0.00175	0.00636	0.05682	0.00328	0.00757
14	0.06853	0.22652	0.20366	0.10380	0.02099	0.07894	0.13175	0.01637	0.01129	0.01535	0.00879	0.01119	0.00704	0.00527	0.00574	0.00161	0.06972	0.00409	0.00248	0.00688
15	0.01267	0.01448	0.03167	0.02262	0.02805	0.01357	0.75837	0.01719	0.01267	0.01719	0.01086	0.01448	0.00814	0.00452	0.00633	0.00181	0.00905	0.00633	0.00271	0.00724
16	0.00687	0.00540	0.00621	0.00613	0.00761	0.00474	0.00455	0.00868	0.01331	0.01733	0.34873	0.10284	0.42295	0.01276	0.00638	0.00179	0.00267	0.01095	0.00536	0.00474
17	0.01563	0.05146	0.01628	0.09333	0.01727	0.08788	0.02526	0.17248	0.04274	0.09781	0.01097	0.01311	0.00863	0.00725	0.00970	0.00187	0.29711	0.00469	0.01945	0.00709
18	0.00799	0.06554	0.00882	0.00800	0.00905	0.00688	0.00592	0.01024	0.06314	0.01517	0.10473	0.49326	0.08603	0.01403	0.00687	0.00202	0.03539	0.04709	0.00480	0.00500
19	0.00770	0.00564	0.00804	0.00804	0.00880	0.00639	0.00598	0.00921	0.00845	0.01203	0.01491	0.02405	0.01471	0.20294	0.62916	0.00790	0.01244	0.00618	0.00296	0.00447
20	0.00844	0.00567	0.00717	0.00678	0.00826	0.00512	0.00509	0.01062	0.01434	0.07206	0.54571	0.09734	0.17001	0.01155	0.00631	0.00174	0.00275	0.01010	0.00573	0.00520
21	0.01418	0.65051	0.08340	0.02546	0.01508	0.01966	0.01010	0.04807	0.06365	0.01454	0.00888	0.00989	0.00763	0.00491	0.00383	0.00127	0.00584	0.00329	0.00264	0.00715
22	0.01715	0.01038	0.01234	0.01037	0.01352	0.01105	0.00830	0.09197	0.29746	0.29897	0.02157	0.05717	0.05016	0.00788	0.00644	0.00180	0.06336	0.00629	0.00561	0.00821
23	0.00670	0.00478	0.00641	0.00765	0.00803	0.00449	0.00525	0.00774	0.01043	0.01388	0.02950	0.75258	0.03516	0.01667	0.00689	0.00220	0.00325	0.06899	0.00498	0.00440
24	0.00654	0.00467	0.00623	0.00747	0.00779	0.00436	0.00498	0.00747	0.01028	0.01370	0.02959	0.80785	0.03550	0.01682	0.00685	0.00218	0.00311	0.01526	0.00498	0.00436
25	0.01218	0.20503	0.33449	0.01629	0.02245	0.01474	0.27308	0.01669	0.01168	0.01600	0.00990	0.02559	0.00778	0.00499	0.00517	0.00162	0.00773	0.00473	0.00248	0.00739
26	0.00940	0.00541	0.00814	0.03025	0.06088	0.00541	0.00571	0.00788	0.00784	0.01039	0.01272	0.01867	0.06589	0.01696	0.01839	0.70062	0.00470	0.00517	0.00255	0.00302
27	0.02005	0.02558	0.01521	0.01383	0.01659	0.78980	0.01037	0.02143	0.01521	0.01314	0.00830	0.00968	0.00691	0.00553	0.00484	0.00138	0.00968	0.00346	0.00277	0.00622
28	0.01274	0.01403	0.02936	0.04054	0.17973	0.01338	0.59330	0.01698	0.01254	0.01719	0.01068	0.01423	0.00820	0.00459	0.00611	0.00177	0.00847	0.00599	0.00270	0.00747
29	0.01191	0.01088	0.01764	0.39642	0.31358	0.01212	0.01447	0.06971	0.01268	0.01719	0.06268	0.01559	0.01080	0.00561	0.00541	0.00170	0.00645	0.00512	0.00295	0.00710
30	0.00857	0.00613	0.00856	0.00976	0.01097	0.00611	0.00848	0.01101	0.01236	0.01611	0.04310	0.07967	0.03140	0.01480	0.00738	0.00245	0.00485	0.70840	0.00496	0.00493
31	0.02005	0.02558	0.01521	0.01383	0.01659	0.78980	0.01037	0.02143	0.01521	0.01314	0.00830	0.00968	0.00691	0.00553	0.00484	0.00138	0.00968	0.00346	0.00277	0.00622
32	0.00654	0.00467	0.00623	0.00747	0.00779	0.00436	0.00498	0.00747	0.01028	0.01370	0.02959	0.80785	0.03550	0.01682	0.00685	0.00218	0.00311	0.01526	0.00498	0.00436
33	0.01335	0.01153	0.01214	0.01092	0.01396	0.01335	0.00850	0.02852	0.76817	0.02245	0.02185	0.02003	0.01639	0.00728	0.00546	0.00182	0.00425	0.00607	0.00546	0.00850
34	0.10732	0.00926	0.01200	0.00930	0.01337	0.00831	0.00768	0.02511	0.01474	0.70517	0.01979	0.01731	0.01253	0.00648	0.00519	0.00166	0.00453	0.00515	0.00631	0.00880
35	0.00897	0.00611	0.00768	0.00708	0.00871	0.00572	0.00538	0.01215	0.06176	0.07323	0.60815	0.03844	0.11452	0.01069	0.00621	0.00171	0.00280	0.00934	0.00584	0.00551
36	0.01230	0.01119	0.01522	0.18051	0.22535	0.02402	0.01178	0.02062	0.34223	0.01856	0.01643	0.07107	0.01350	0.00684	0.00549	0.00177	0.00543	0.00604	0.00399	0.00765
37	0.02744	0.13276	0.57817	0.01418	0.03456	0.01360	0.01695	0.01788	0.06344	0.03777	0.01046	0.01174	0.00766	0.00522	0.00488	0.00163	0.00719	0.00400	0.00264	0.00783
38	0.01244	0.01457	0.26824	0.14403	0.03660	0.00962	0.01250	0.01657	0.03753	0.15597	0.18862	0.02021	0.01858	0.00728	0.00601	0.02870	0.00569	0.00579	0.00404	0.00701
39	0.15287	0.19623	0.02982	0.03881	0.01558	0.20057	0.00945	0.20060	0.01551	0.07905	0.01016	0.01092	0.00777	0.00553	0.00448	0.00147	0.00646	0.00378	0.00367	0.00726
40	0.01223	0.07188	0.66681	0.01440	0.02178	0.01255	0.01809	0.01781	0.01169	0.08882	0.01059	0.01183	0.00742	0.00522	0.00503	0.00166	0.00749	0.00404	0.00268	0.00799
41	0.00887	0.00579	0.00763	0.00711	0.00858	0.00533	0.00544	0.01136	0.01508	0.07749	0.68452	0.03944	0.04697	0.01083	0.00631	0.00172	0.00280	0.04347	0.00592	0.00536
42	0.00852	0.00594	0.00831	0.00941	0.01049	0.00591	0.00799	0.01053	0.01191	0.01558	0.05102	0.10805	0.03025	0.01512	0.00834	0.06465	0.00472	0.61376	0.00478	0.00471
43	0.07051	0.12083	0.33981	0.02986	0.07301	0.01413	0.01403	0.08857	0.16195	0.01956	0.01196	0.01287	0.00898	0.00557	0.00488	0.00164	0.00635	0.00433	0.00330	0.00788
44	0.01014	0.00954	0.01610	0.79845	0.03697	0.01193	0.01491	0.01371	0.01073	0.01371	0.00954	0.01431	0.00716	0.00537	0.00537	0.00179	0.00716	0.00477	0.00239	0.00596
45	0.01174	0.01174	0.01644	0.01409	0.01409	0.01644	0.01174	0.01292	0.00822	0.01292	0.00705	0.01174	0.00705	0.00940	0.01762	0.00235	0.80153	0.00470	0.00235	0.00587
46	0.00703	0.00546	0.00638	0.00615	0.00767	0.00482	0.00462	0.00902	0.01385	0.01832	0.44652	0.04537	0.38116	0.01217	0.00634	0.00174	0.00262	0.01045	0.00549	0.00482
47	0.06870	0.05304	0.53966	0.01325	0.01989	0.01175	0.01591	0.01852	0.01202	0.16487	0.02620	0.01294	0.00882	0.00548	0.00500	0.00167	0.00685	0.00424	0.00325	0.00793
48	0.01435	0.81458	0.02813	0.00918	0.01378	0.02124	0.00918	0.01607	0.01091	0.01263	0.00746	0.00861	0.00689	0.00459	0.00344	0.00115	0.00574	0.00287	0.00230	0.00689
49	0.02041	0.01504	0.01611	0.01235	0.01665	0.01665	0.01020	0.75997	0.02524	0.03383	0.01289	0.01289	0.00913	0.00644	0.00537	0.00161	0.00591	0.00483	0.00537	0.00913
50	0.00654	0.00467	0.00623	0.00747	0.00779	0.00436	0.00498	0.00747	0.01028	0.01370	0.02959	0.80785	0.03550	0.01682	0.00685	0.00218	0.00311	0.01526	0.00498	0.00436
51	0.02335	0.01031	0.01318	0.01011	0.01429	0.00963	0.00835	0.17175	0.01732	0.63322	0.01953	0.01720	0.01246	0.00660	0.00539	0.00165	0.00483	0.00529	0.00639	0.00913
52	0.00675	0.00532	0.00614	0.00654	0.00786	0.00471	0.00488	0.00823	0.01202	0.01512	0.11331	0.24581	0.44024	0.01430	0.00658	0.00196	0.00303	0.08754	0.00507	0.00458
53	0.00649	0.00499	0.00594	0.00667	0.00758	0.00444	0.00463	0.00762	0.01115	0.01419	0.05642	0.49593	0.32384	0.01543	0.00664	0.00203	0.00295	0.01360	0.00500	0.00444
54	0.01187	0.05169	0.04391	0.02428	0.01383	0.00855	0.00740	0.03137	0.02681	0.03845	0.01008	0.01149	0.00818	0.00428	0.00412	0.00093	0.00436	0.00338	0.00327	0.69175
55	0.01151	0.00869	0.01037	0.00779	0.01183	0.00678	0.00619	0.01384	0.01218	0.08538	0.13033	0.01810	0.05073	0.00573	0.00457	0.00106	0.00375	0.00476	0.00399	0.60242
56	0.00649	0.00527	0.00577	0.00613	0.00754	0.00456	0.00449	0.00778	0.01175	0.01436	0.04706	0.24305	0.55836	0.01446	0.00652	0.00193	0.00291	0.04209	0.00498	0.00450
57	0.01173	0.01759	0.28790	0.24605	0.07755	0.04519	0.12134	0.04506	0.02596	0.01672	0.01122	0.01398	0.02328	0.00539	0.00536	0.00171	0.00744	0.00482	0.02456	0.00714
58	0.05276	0.11089	0.05903	0.30074	0.03909	0.13155	0.03243	0.07207	0.10613	0.02926	0.01101	0.01315	0.00844	0.00557	0.00498	0.00162	0.00681	0.00443	0.00315	0.00690
59	0.01967	0.01277	0.01375	0.03609	0.01528	0.06982	0.00901	0.38490	0.01949	0.23726	0.01550	0.03134	0.01107	0.00723	0.02006	0.00173	0.00567	0.00513	0.07595	0.00829
60	0.00797	0.00583	0.00833	0.00836	0.00923	0.00671	0.00643	0.00980	0.00908	0.01343	0.01614	0.11222	0.01573	0.03249	0.57949	0.00680	0.04846	0.00673	0.09197	0.00481
61	0.01190	0.06481	0.01216	0.15172	0.01598	0.05802	0.00833	0.09016	0.05769	0.06636	0.04589	0.21906	0.08378	0.02117	0.00592	0.00177	0.00492	0.00800	0.00424	0.06812
62	0.09706	0.01225	0.04977	0.03115	0.01504	0.01207	0.00911	0.34757	0.01828	0.23063	0.01686	0.09333	0.02795	0.00744	0.00534	0.00170	0.00517	0.00592	0.00525	0.00811

[dist]
# distance from previous block
# <min> <max>
2	85

[block]
# block no. 2 follows, 45 sequences, length 25
# corresponding to MSA columns:
# 277-301
name=unknown_C
#
# <colnr> <probs for GDERKNQSTAVLIFYWHMCP>
#	G	D	E	R	K	N	Q	S	T	A	V	L	I	F	Y	W	H	M	C	P
0	0.06825	0.32243	0.21559	0.04414	0.01739	0.08653	0.01199	0.06852	0.03052	0.07449	0.00993	0.01094	0.00767	0.00521	0.00439	0.00146	0.00650	0.00369	0.00301	0.00735
1	0.15914	0.04918	0.02948	0.04209	0.15744	0.26867	0.02498	0.06485	0.03650	0.03288	0.00952	0.01127	0.00766	0.00548	0.00530	0.00154	0.04517	0.00395	0.00312	0.04178
2	0.00668	0.00510	0.00608	0.00665	0.00762	0.00458	0.00468	0.00793	0.01144	0.01470	0.11174	0.40051	0.30992	0.04804	0.00748	0.00213	0.00305	0.03223	0.00500	0.00446
3	0.01600	0.01581	0.01701	0.23712	0.17530	0.21765	0.01283	0.20747	0.01592	0.01948	0.01018	0.01252	0.00787	0.00557	0.00522	0.00160	0.00734	0.00444	0.00330	0.00735
4	0.00686	0.00494	0.00644	0.00715	0.00777	0.00458	0.00492	0.00822	0.01164	0.01579	0.23485	0.54395	0.07084	0.03660	0.00724	0.00211	0.00299	0.01337	0.00519	0.00453
5	0.00734	0.00553	0.00682	0.00664	0.00805	0.00501	0.00507	0.00956	0.01419	0.01923	0.52565	0.04474	0.24316	0.01197	0.00642	0.00178	0.00276	0.06558	0.00559	0.00491
6	0.01435	0.81458	0.02813	0.00918	0.01378	0.02124	0.00918	0.01607	0.01091	0.01263	0.00746	0.00861	0.00689	0.00459	0.00344	0.00115	0.00574	0.00287	0.00230	0.00689
7	0.00754	0.00548	0.00709	0.00669	0.00798	0.00504	0.00502	0.01002	0.01506	0.02120	0.74129	0.04064	0.08460	0.01110	0.00633	0.00169	0.00254	0.00978	0.00587	0.00504
8	0.84927	0.01038	0.00789	0.00706	0.01038	0.01204	0.00581	0.01578	0.00914	0.02408	0.00747	0.00872	0.00581	0.00498	0.00332	0.00166	0.00415	0.00291	0.00332	0.00581
9	0.01871	0.01420	0.01516	0.01201	0.01600	0.01586	0.00979	0.58468	0.20328	0.03110	0.01503	0.01460	0.01087	0.00664	0.00539	0.00166	0.00551	0.00513	0.00539	0.00898
10	0.84927	0.01038	0.00789	0.00706	0.01038	0.01204	0.00581	0.01578	0.00914	0.02408	0.00747	0.00872	0.00581	0.00498	0.00332	0.00166	0.00415	0.00291	0.00332	0.00581
11	0.02252	0.00918	0.01230	0.00936	0.01358	0.00780	0.00770	0.02463	0.01485	0.68906	0.01977	0.01741	0.01264	0.00632	0.00523	0.00156	0.00450	0.00513	0.00622	0.11025
12	0.84927	0.01038	0.00789	0.00706	0.01038	0.01204	0.00581	0.01578	0.00914	0.02408	0.00747	0.00872	0.00581	0.00498	0.00332	0.00166	0.00415	0.00291	0.00332	0.00581
13	0.00664	0.00471	0.00620	0.00735	0.00764	0.00442	0.00485	0.00750	0.01009	0.01345	0.02863	0.74932	0.03429	0.07699	0.00840	0.00241	0.00327	0.01470	0.00485	0.00428
14	0.01113	0.00954	0.01113	0.00795	0.01272	0.00716	0.00636	0.01352	0.01113	0.01749	0.00954	0.01113	0.00795	0.00398	0.00398	0.00080	0.00398	0.00318	0.00318	0.84417
15	0.84927	0.01038	0.00789	0.00706	0.01038	0.01204	0.00581	0.01578	0.00914	0.02408	0.00747	0.00872	0.00581	0.00498	0.00332	0.00166	0.00415	0.00291	0.00332	0.00581
16	0.00691	0.00501	0.00658	0.00752	0.00817	0.00468	0.00536	0.00826	0.01130	0.01505	0.12827	0.56825	0.08773	0.01560	0.00681	0.00212	0.00323	0.09950	0.00510	0.00453
17	0.00822	0.00574	0.00670	0.00630	0.00806	0.00501	0.00478	0.01012	0.01372	0.07556	0.35553	0.04426	0.41243	0.01196	0.00627	0.00175	0.00278	0.01020	0.00550	0.00510
18	0.00671	0.00480	0.00623	0.00731	0.00769	0.00450	0.00490	0.00763	0.01021	0.01352	0.02954	0.68088	0.06771	0.08799	0.00868	0.00244	0.00334	0.03680	0.00483	0.00429
19	0.02408	0.00914	0.01246	0.00955	0.01370	0.00789	0.00789	0.02616	0.01536	0.78158	0.02118	0.01827	0.01329	0.00664	0.00540	0.00166	0.00457	0.00540	0.00664	0.00914
20	0.00651	0.00544	0.00566	0.00561	0.00735	0.00460	0.00421	0.00802	0.01262	0.01541	0.14761	0.05016	0.68188	0.01326	0.00634	0.00180	0.00269	0.01112	0.00510	0.00460
21	0.02308	0.00891	0.01213	0.00938	0.01336	0.00772	0.00772	0.02518	0.01535	0.73516	0.06722	0.01960	0.01557	0.00691	0.00546	0.00166	0.00444	0.00566	0.00660	0.00889
22	0.01069	0.00809	0.03136	0.33503	0.02007	0.00876	0.00919	0.05668	0.01186	0.01812	0.01372	0.01700	0.01056	0.00587	0.00455	0.00151	0.00478	0.00487	0.42158	0.00572
23	0.01113	0.00954	0.01113	0.00795	0.01272	0.00716	0.00636	0.01352	0.01113	0.01749	0.00954	0.01113	0.00795	0.00398	0.00398	0.00080	0.00398	0.00318	0.00318	0.84417
24	0.27487	0.16189	0.11643	0.01040	0.01459	0.04354	0.00975	0.14584	0.07049	0.05720	0.01043	0.01123	0.00796	0.00563	0.00484	0.00159	0.03863	0.00382	0.00360	0.00724

[dist]
# distance from previous block
# <min> <max>
0	1

[block]
# block no. 3 follows, 45 sequences, length 36
# corresponding to MSA columns:
# 303-338
name=unknown_D
#
# <colnr> <probs for GDERKNQSTAVLIFYWHMCP>
#	G	D	E	R	K	N	Q	S	T	A	V	L	I	F	Y	W	H	M	C	P
0	0.00932	0.00466	0.00699	0.00699	0.00699	0.00466	0.00466	0.00699	0.00699	0.00932	0.00932	0.01632	0.00932	0.01865	0.02098	0.84382	0.00466	0.00466	0.00233	0.00233
1	0.01310	0.10188	0.13941	0.10425	0.32720	0.04821	0.09886	0.01659	0.01185	0.03488	0.00981	0.01261	0.00786	0.00515	0.00579	0.00164	0.04609	0.00458	0.00262	0.00762
2	0.00742	0.00538	0.00674	0.00655	0.00761	0.00498	0.00469	0.00934	0.01344	0.01859	0.53443	0.09987	0.11727	0.12894	0.00945	0.00225	0.00299	0.01002	0.00536	0.00469
3	0.01305	0.01130	0.01210	0.01126	0.03345	0.01296	0.00851	0.02731	0.71603	0.02198	0.02295	0.02122	0.04889	0.00749	0.00550	0.00181	0.00424	0.00626	0.00537	0.00833
4	0.00654	0.00467	0.00623	0.00747	0.00779	0.00436	0.00498	0.00747	0.01028	0.01370	0.02959	0.80785	0.03550	0.01682	0.00685	0.00218	0.00311	0.01526	0.00498	0.00436
5	0.00686	0.00491	0.00656	0.00760	0.00812	0.00461	0.00533	0.00813	0.01107	0.01487	0.12036	0.64654	0.03693	0.01592	0.00684	0.00215	0.00321	0.08040	0.00509	0.00450
6	0.01132	0.14925	0.66690	0.01436	0.02177	0.01382	0.01819	0.01686	0.01127	0.01632	0.00930	0.01091	0.00681	0.00502	0.00484	0.00161	0.00759	0.00380	0.00227	0.00777
7	0.01952	0.01446	0.01546	0.01202	0.01612	0.01604	0.00988	0.67766	0.08663	0.03249	0.01377	0.01369	0.00987	0.00651	0.00533	0.00162	0.00567	0.00494	0.02939	0.00896
8	0.00789	0.00568	0.00774	0.00888	0.00987	0.00553	0.00725	0.00985	0.01181	0.01543	0.04847	0.27844	0.07071	0.01525	0.00717	0.00233	0.00423	0.47372	0.00498	0.00475
9	0.01639	0.01933	0.01841	0.13890	0.09185	0.42647	0.11904	0.03602	0.01374	0.01469	0.00907	0.01161	0.00733	0.00552	0.00587	0.00158	0.05058	0.00429	0.00273	0.00659
10	0.01329	0.01275	0.02179	0.03295	0.77787	0.01275	0.01647	0.01647	0.01222	0.01754	0.01010	0.01329	0.00850	0.00478	0.00531	0.00159	0.00638	0.00478	0.00266	0.00850
11	0.01014	0.00954	0.01610	0.79845	0.03697	0.01193	0.01491	0.01371	0.01073	0.01371	0.00954	0.01431	0.00716	0.00537	0.00537	0.00179	0.00716	0.00477	0.00239	0.00596
12	0.01028	0.00555	0.00560	0.00550	0.00689	0.00570	0.00415	0.01384	0.07421	0.02022	0.01787	0.02001	0.01398	0.00634	0.00389	0.00130	0.00265	0.00509	0.77164	0.00529
13	0.01123	0.03679	0.01022	0.00889	0.01094	0.06261	0.00679	0.13421	0.12542	0.02020	0.21295	0.21840	0.09824	0.01078	0.00598	0.00179	0.00409	0.00923	0.00510	0.00614
14	0.00781	0.00520	0.00585	0.00585	0.00585	0.00520	0.00325	0.00781	0.00781	0.01041	0.01691	0.03513	0.01952	0.81135	0.02732	0.00520	0.00520	0.00781	0.00325	0.00325
15	0.00654	0.00467	0.00623	0.00747	0.00779	0.00436	0.00498	0.00747	0.01028	0.01370	0.02959	0.80785	0.03550	0.01682	0.00685	0.00218	0.00311	0.01526	0.00498	0.00436
16	0.01204	0.04631	0.67781	0.01517	0.04387	0.01232	0.01847	0.01772	0.01168	0.08049	0.01055	0.01190	0.00739	0.00521	0.00509	0.00168	0.00755	0.00408	0.00264	0.00802
17	0.04490	0.07890	0.01702	0.04024	0.01480	0.04529	0.01136	0.01364	0.00883	0.01337	0.00723	0.01138	0.00698	0.00854	0.01498	0.00217	0.64757	0.00443	0.00240	0.00597
18	0.01804	0.00781	0.01047	0.00848	0.01161	0.00684	0.00682	0.02024	0.01518	0.50520	0.26619	0.02666	0.05586	0.00832	0.00574	0.00168	0.00384	0.00703	0.00634	0.00764
19	0.00982	0.00600	0.00774	0.00701	0.00875	0.00541	0.00536	0.01216	0.01489	0.12979	0.58581	0.03827	0.12684	0.01065	0.00620	0.00170	0.00285	0.00927	0.00591	0.00559
20	0.14764	0.04783	0.15842	0.03799	0.04976	0.14948	0.01137	0.17231	0.02981	0.12906	0.01154	0.01218	0.00834	0.00567	0.00484	0.00159	0.00651	0.00415	0.00386	0.00765
21	0.00970	0.00938	0.10776	0.01000	0.01227	0.00730	0.06671	0.01216	0.01233	0.08465	0.23521	0.31241	0.03047	0.01140	0.00692	0.00191	0.04887	0.01009	0.00472	0.00575
22	0.01247	0.00862	0.00968	0.00885	0.01137	0.00900	0.00700	0.04325	0.30475	0.12186	0.04649	0.04934	0.17821	0.00953	0.00576	0.00182	0.00389	0.08624	0.07497	0.00692
23	0.78161	0.01148	0.05317	0.00789	0.01153	0.01210	0.02398	0.01588	0.00934	0.02352	0.00768	0.00900	0.00592	0.00498	0.00349	0.00167	0.00448	0.00305	0.00325	0.00597
24	0.00966	0.00595	0.00770	0.00799	0.00910	0.00564	0.00568	0.05875	0.01224	0.10944	0.08432	0.60128	0.03223	0.01446	0.00654	0.00204	0.00343	0.01296	0.00528	0.00531
25	0.01783	0.08013	0.01642	0.01260	0.04844	0.01532	0.02452	0.47886	0.12598	0.05752	0.01478	0.05772	0.01153	0.00688	0.00532	0.00164	0.00554	0.00547	0.00499	0.00853
26	0.02005	0.02558	0.01521	0.01383	0.01659	0.78980	0.01037	0.02143	0.01521	0.01314	0.00830	0.00968	0.00691	0.00553	0.00484	0.00138	0.00968	0.00346	0.00277	0.00622
27	0.00756	0.00549	0.00712	0.00671	0.00800	0.00505	0.00504	0.01006	0.01511	0.02131	0.75324	0.04045	0.07258	0.01105	0.00633	0.00169	0.00254	0.00976	0.00588	0.00505
28	0.01295	0.08498	0.10609	0.14786	0.11740	0.04980	0.29190	0.04629	0.05805	0.01702	0.01074	0.01351	0.00825	0.00505	0.00551	0.00168	0.00762	0.00512	0.00284	0.00733
29	0.00767	0.00597	0.00703	0.00668	0.00827	0.00558	0.00503	0.01088	0.07687	0.01935	0.48115	0.04214	0.28045	0.01151	0.00626	0.00174	0.00273	0.00993	0.00558	0.00518
30	0.00769	0.00614	0.02237	0.00861	0.05421	0.00547	0.00597	0.00990	0.01363	0.01903	0.50595	0.22662	0.06995	0.01202	0.00638	0.00181	0.00301	0.01073	0.00539	0.00513
31	0.01037	0.00854	0.01254	0.49217	0.02562	0.04007	0.01100	0.01269	0.01039	0.01411	0.01091	0.01550	0.00871	0.00773	0.00763	0.14085	0.00599	0.00474	0.15524	0.00520
32	0.37107	0.13168	0.15542	0.01003	0.01458	0.03198	0.00981	0.13326	0.01286	0.07132	0.00962	0.01048	0.00718	0.00530	0.00416	0.00158	0.00551	0.00357	0.00350	0.00710
33	0.01014	0.00954	0.01610	0.79845	0.03697	0.01193	0.01491	0.01371	0.01073	0.01371	0.00954	0.01431	0.00716	0.00537	0.00537	0.00179	0.00716	0.00477	0.00239	0.00596
34	0.02344	0.00899	0.01225	0.00944	0.01348	0.00778	0.00778	0.02553	0.01536	0.75168	0.05084	0.01913	0.01476	0.00681	0.00543	0.00166	0.00449	0.00557	0.00661	0.00898
35	0.01077	0.02777	0.78354	0.01530	0.02323	0.01247	0.01983	0.01700	0.01133	0.01700	0.00963	0.01133	0.00680	0.00510	0.00510	0.00170	0.00793	0.00397	0.00227	0.00793

[dist]
# distance from previous block
# <min> <max>
5	46

[block]
# block no. 4 follows, 45 sequences, length 42
# corresponding to MSA columns:
# 386-427
name=unknown_E
#
# <colnr> <probs for GDERKNQSTAVLIFYWHMCP>
#	G	D	E	R	K	N	Q	S	T	A	V	L	I	F	Y	W	H	M	C	P
0	0.01061	0.04115	0.06507	0.00949	0.01210	0.06354	0.03468	0.07823	0.01333	0.01795	0.18845	0.19055	0.06954	0.03241	0.00675	0.00176	0.03355	0.00821	0.00431	0.11832
1	0.10058	0.21827	0.12395	0.01003	0.01385	0.07509	0.00955	0.11347	0.03978	0.01906	0.01268	0.03187	0.01087	0.00640	0.00452	0.00152	0.00554	0.05981	0.13645	0.00672
2	0.00812	0.00600	0.00767	0.00762	0.00790	0.00664	0.00526	0.00883	0.00852	0.01171	0.01738	0.10856	0.01940	0.46252	0.15779	0.00504	0.09090	0.05274	0.00337	0.00402
3	0.01014	0.00954	0.01610	0.79845	0.03697	0.01193	0.01491	0.01371	0.01073	0.01371	0.00954	0.01431	0.00716	0.00537	0.00537	0.00179	0.00716	0.00477	0.00239	0.00596
4	0.07025	0.02541	0.68212	0.01437	0.02175	0.01216	0.01812	0.01747	0.01143	0.06425	0.01019	0.01157	0.00713	0.00519	0.00499	0.00169	0.00746	0.00398	0.00261	0.00786
5	0.08677	0.01120	0.01550	0.05204	0.16307	0.02685	0.07236	0.15451	0.01508	0.16235	0.08025	0.05503	0.01517	0.00716	0.00572	0.00173	0.01894	0.04431	0.00445	0.00752
6	0.00877	0.00558	0.00696	0.00679	0.00728	0.00575	0.00442	0.00938	0.00848	0.05809	0.01653	0.03053	0.01758	0.56607	0.21993	0.00586	0.00750	0.00714	0.00336	0.00400
7	0.01435	0.81458	0.02813	0.00918	0.01378	0.02124	0.00918	0.01607	0.01091	0.01263	0.00746	0.00861	0.00689	0.00459	0.00344	0.00115	0.00574	0.00287	0.00230	0.00689
8	0.00729	0.00542	0.00678	0.00656	0.00786	0.00491	0.00487	0.00949	0.01429	0.01965	0.58676	0.09600	0.18654	0.01188	0.00637	0.00175	0.00261	0.01040	0.00567	0.00491
9	0.02196	0.00867	0.01178	0.00919	0.01297	0.00753	0.00753	0.02410	0.01534	0.68389	0.11808	0.02108	0.01809	0.00720	0.00552	0.00166	0.00431	0.00595	0.00655	0.00861
10	0.00960	0.00628	0.00794	0.00724	0.00896	0.00590	0.00552	0.01289	0.06823	0.09892	0.59015	0.03732	0.09913	0.01047	0.00618	0.00170	0.00288	0.00913	0.00588	0.00568
11	0.02408	0.00914	0.01246	0.00955	0.01370	0.00789	0.00789	0.02616	0.01536	0.78158	0.02118	0.01827	0.01329	0.00664	0.00540	0.00166	0.00457	0.00540	0.00664	0.00914
12	0.01014	0.00954	0.01610	0.79845	0.03697	0.01193	0.01491	0.01371	0.01073	0.01371	0.00954	0.01431	0.00716	0.00537	0.00537	0.00179	0.00716	0.00477	0.00239	0.00596
13	0.02408	0.00914	0.01246	0.00955	0.01370	0.00789	0.00789	0.02616	0.01536	0.78158	0.02118	0.01827	0.01329	0.00664	0.00540	0.00166	0.00457	0.00540	0.00664	0.00914
14	0.00760	0.00549	0.00718	0.00675	0.00802	0.00506	0.00506	0.01013	0.01519	0.02153	0.77503	0.04010	0.05065	0.01097	0.00633	0.00169	0.00253	0.00971	0.00591	0.00506
15	0.02408	0.00914	0.01246	0.00955	0.01370	0.00789	0.00789	0.02616	0.01536	0.78158	0.02118	0.01827	0.01329	0.00664	0.00540	0.00166	0.00457	0.00540	0.00664	0.00914
16	0.01124	0.13093	0.68449	0.01450	0.02199	0.01362	0.01844	0.01688	0.01128	0.01643	0.00935	0.01098	0.00681	0.00503	0.00488	0.00163	0.00765	0.00382	0.00227	0.00780
17	0.00844	0.00621	0.00824	0.00926	0.01038	0.00628	0.00754	0.01159	0.07921	0.01593	0.02818	0.27982	0.03097	0.01475	0.00707	0.00233	0.00434	0.45939	0.00500	0.00509
18	0.01061	0.01002	0.01695	0.68407	0.14767	0.01205	0.01514	0.01413	0.01096	0.01429	0.00962	0.01416	0.00736	0.00528	0.00536	0.00176	0.00704	0.00477	0.00243	0.00634
19	0.00728	0.00562	0.00665	0.00637	0.00788	0.00508	0.00478	0.00969	0.03353	0.01891	0.48494	0.04392	0.32205	0.01186	0.00631	0.00174	0.00265	0.01022	0.00555	0.00495
20	0.00654	0.00467	0.00623	0.00747	0.00779	0.00436	0.00498	0.00747	0.01028	0.01370	0.02959	0.80785	0.03550	0.01682	0.00685	0.00218	0.00311	0.01526	0.00498	0.00436
21	0.02359	0.00918	0.01241	0.00955	0.01363	0.00802	0.00787	0.04245	0.01558	0.74581	0.03960	0.01869	0.01412	0.00675	0.00542	0.00166	0.00455	0.00549	0.00660	0.00903
22	0.01077	0.02777	0.78354	0.01530	0.02323	0.01247	0.01983	0.01700	0.01133	0.01700	0.00963	0.01133	0.00680	0.00510	0.00510	0.00170	0.00793	0.00397	0.00227	0.00793
23	0.00740	0.00550	0.00806	0.00835	0.00916	0.00615	0.00630	0.00909	0.00902	0.01276	0.01798	0.20753	0.01865	0.03470	0.60447	0.00710	0.01171	0.00800	0.00337	0.00469
24	0.01001	0.00500	0.00500	0.00500	0.00625	0.00500	0.00375	0.01251	0.01126	0.02001	0.01751	0.02001	0.01376	0.00625	0.00375	0.00125	0.00250	0.00500	0.84115	0.00500
25	0.00659	0.00481	0.00621	0.00720	0.00774	0.00443	0.00489	0.00769	0.01084	0.01434	0.08497	0.67184	0.11657	0.01606	0.00676	0.00211	0.00303	0.01444	0.00505	0.00443
26	0.01113	0.00954	0.01113	0.00795	0.01272	0.00716	0.00636	0.01352	0.01113	0.01749	0.00954	0.01113	0.00795	0.00398	0.00398	0.00080	0.00398	0.00318	0.00318	0.84417
27	0.00678	0.00483	0.00641	0.00747	0.00782	0.00463	0.00504	0.00774	0.01002	0.01340	0.02749	0.66890	0.03259	0.08895	0.05659	0.00285	0.00404	0.03542	0.00470	0.00431
28	0.00760	0.00549	0.00718	0.00675	0.00802	0.00506	0.00506	0.01013	0.01519	0.02153	0.77503	0.04010	0.05065	0.01097	0.00633	0.00169	0.00253	0.00971	0.00591	0.00506
29	0.01013	0.00943	0.01582	0.77820	0.03619	0.01175	0.01462	0.01368	0.01075	0.01388	0.00974	0.01446	0.00732	0.00539	0.00533	0.00178	0.00704	0.00478	0.02379	0.00594
30	0.00832	0.00645	0.00832	0.00858	0.05553	0.00620	0.00596	0.01187	0.08033	0.02063	0.58777	0.03791	0.12039	0.01055	0.00619	0.00171	0.00294	0.00926	0.00558	0.00552
31	0.82524	0.03353	0.00847	0.00712	0.01048	0.01231	0.00591	0.01579	0.00919	0.02375	0.00747	0.00872	0.00584	0.00497	0.00333	0.00165	0.00420	0.00291	0.00329	0.00584
32	0.84927	0.01038	0.00789	0.00706	0.01038	0.01204	0.00581	0.01578	0.00914	0.02408	0.00747	0.00872	0.00581	0.00498	0.00332	0.00166	0.00415	0.00291	0.00332	0.00581
33	0.00812	0.00558	0.00729	0.00784	0.00858	0.00548	0.00555	0.00920	0.01073	0.06804	0.03045	0.60384	0.12247	0.01518	0.00744	0.00211	0.05903	0.01334	0.00492	0.00482
34	0.00787	0.00515	0.00595	0.00599	0.00600	0.00514	0.00341	0.00774	0.00784	0.01045	0.01683	0.06098	0.01936	0.72796	0.02616	0.06377	0.00509	0.00785	0.00325	0.00323
35	0.00725	0.00544	0.00672	0.00648	0.00783	0.00490	0.00483	0.00943	0.01426	0.01949	0.56849	0.08004	0.22137	0.01188	0.00636	0.00174	0.00260	0.01036	0.00565	0.00490
36	0.02408	0.00914	0.01246	0.00955	0.01370	0.00789	0.00789	0.02616	0.01536	0.78158	0.02118	0.01827	0.01329	0.00664	0.00540	0.00166	0.00457	0.00540	0.00664	0.00914
37	0.02291	0.00907	0.01227	0.00964	0.01359	0.00798	0.00800	0.04246	0.01538	0.70977	0.02149	0.02113	0.01443	0.00722	0.00554	0.00172	0.00463	0.05745	0.00649	0.00884
38	0.01329	0.01275	0.02179	0.03295	0.77787	0.01275	0.01647	0.01647	0.01222	0.01754	0.01010	0.01329	0.00850	0.00478	0.00531	0.00159	0.00638	0.00478	0.00266	0.00850
39	0.79064	0.01146	0.00841	0.00754	0.01082	0.06703	0.00614	0.01618	0.00956	0.02331	0.00753	0.00879	0.00589	0.00502	0.00343	0.00164	0.00454	0.00295	0.00328	0.00584
40	0.01317	0.01135	0.01521	0.01273	0.01394	0.01446	0.01054	0.08584	0.01066	0.06913	0.00922	0.01274	0.00810	0.01001	0.05472	0.00241	0.55093	0.00467	0.00305	0.08709
41	0.01537	0.51537	0.05107	0.01017	0.01416	0.14154	0.00941	0.01717	0.01190	0.07995	0.01043	0.06630	0.00947	0.00590	0.00442	0.00135	0.02211	0.00414	0.00294	0.00682

[dist]
# distance from previous block
# <min> <max>
0	2

[block]
# block no. 5 follows, 45 sequences, length 22
# corresponding to MSA columns:
# 430-451
name=unknown_F
#
# <colnr> <probs for GDERKNQSTAVLIFYWHMCP>
#	G	D	E	R	K	N	Q	S	T	A	V	L	I	F	Y	W	H	M	C	P
0	0.01138	0.00976	0.01124	0.00828	0.01286	0.00784	0.00660	0.01517	0.09469	0.01804	0.01090	0.01211	0.00888	0.00434	0.00414	0.00091	0.00401	0.00350	0.00343	0.75193
1	0.06879	0.01501	0.14807	0.01854	0.09699	0.01262	0.32236	0.01720	0.01189	0.10143	0.01165	0.03831	0.00910	0.00584	0.00702	0.00182	0.09732	0.00555	0.00314	0.00735
2	0.10417	0.15156	0.45028	0.01227	0.01840	0.01293	0.01444	0.01636	0.01130	0.04108	0.03782	0.01315	0.00922	0.00545	0.00467	0.00156	0.00651	0.02327	0.00279	0.06276
3	0.01077	0.02777	0.78354	0.01530	0.02323	0.01247	0.01983	0.01700	0.01133	0.01700	0.00963	0.01133	0.00680	0.00510	0.00510	0.00170	0.00793	0.00397	0.00227	0.00793
4	0.00792	0.00614	0.00729	0.00688	0.00848	0.00585	0.00520	0.01155	0.09756	0.01987	0.51105	0.04078	0.22882	0.01122	0.00624	0.00173	0.00277	0.00971	0.00563	0.00531
5	0.01321	0.01310	0.08809	0.23114	0.21395	0.01247	0.11034	0.09844	0.03687	0.06095	0.01217	0.03840	0.00971	0.00591	0.00572	0.00174	0.01827	0.01876	0.00327	0.00748
6	0.03659	0.03290	0.01525	0.08421	0.08476	0.35163	0.01049	0.08335	0.01522	0.20316	0.02433	0.01323	0.00949	0.00586	0.00507	0.00153	0.00729	0.00436	0.00394	0.00734
7	0.05029	0.00932	0.01240	0.00954	0.01367	0.00824	0.00788	0.04391	0.01541	0.73903	0.02054	0.01783	0.01295	0.00659	0.00533	0.00166	0.00459	0.00530	0.00651	0.00903
8	0.06566	0.04346	0.33122	0.01771	0.19571	0.01227	0.03372	0.01883	0.06208	0.13278	0.01206	0.01325	0.00879	0.00546	0.00536	0.00167	0.02412	0.00449	0.00331	0.00806
9	0.15293	0.01258	0.01534	0.28716	0.16117	0.09058	0.01208	0.10208	0.04913	0.05193	0.01065	0.01301	0.00808	0.00548	0.00497	0.00167	0.00638	0.00443	0.00330	0.00705
10	0.02384	0.00953	0.01270	0.00974	0.01390	0.00847	0.00804	0.07463	0.01602	0.73219	0.02063	0.01791	0.01301	0.00663	0.00540	0.00166	0.00466	0.00536	0.00656	0.00913
11	0.00691	0.00562	0.00615	0.00599	0.00766	0.00493	0.00450	0.00900	0.03332	0.01686	0.27387	0.04728	0.53371	0.01262	0.00632	0.00177	0.00270	0.01069	0.00528	0.00480
12	0.06349	0.03659	0.12941	0.18934	0.07818	0.03638	0.23399	0.03943	0.01170	0.01660	0.00972	0.01308	0.00759	0.00621	0.02403	0.00193	0.08785	0.00493	0.00265	0.00689
13	0.00901	0.00725	0.00983	0.01200	0.12559	0.00730	0.00763	0.02749	0.11176	0.01657	0.06867	0.41489	0.06050	0.01285	0.00641	0.00202	0.00395	0.08578	0.00475	0.00574
14	0.00737	0.00527	0.00717	0.00834	0.00904	0.00507	0.00635	0.00894	0.01126	0.01491	0.06026	0.49757	0.03442	0.01583	0.00704	0.00227	0.00377	0.28551	0.00501	0.00461
15	0.84927	0.01038	0.00789	0.00706	0.01038	0.01204	0.00581	0.01578	0.00914	0.02408	0.00747	0.00872	0.00581	0.00498	0.00332	0.00166	0.00415	0.00291	0.00332	0.00581
16	0.28521	0.00968	0.01110	0.00883	0.01272	0.00942	0.00729	0.04116	0.01364	0.52316	0.01663	0.01511	0.01082	0.00611	0.00474	0.00166	0.00447	0.00460	0.00556	0.00808
17	0.01958	0.01417	0.01566	0.01283	0.04670	0.01555	0.01011	0.60080	0.10607	0.08144	0.01431	0.01405	0.01018	0.00648	0.00538	0.00164	0.00565	0.00500	0.00536	0.00903
18	0.00767	0.00719	0.05848	0.00778	0.00965	0.00554	0.00635	0.00960	0.01177	0.01584	0.13251	0.31456	0.19237	0.01291	0.00630	0.00188	0.00357	0.09382	0.00473	0.09749
19	0.00833	0.00551	0.00710	0.02824	0.00896	0.00526	0.00534	0.03113	0.01093	0.06484	0.02828	0.57503	0.08057	0.10302	0.00890	0.00243	0.00360	0.01294	0.00485	0.00475
20	0.04504	0.04916	0.15002	0.03630	0.02167	0.01220	0.37835	0.01575	0.03259	0.01720	0.09528	0.01773	0.01338	0.05903	0.00756	0.00198	0.03088	0.00603	0.00309	0.00674
21	0.01014	0.00697	0.00921	0.06060	0.01177	0.00685	0.02868	0.04698	0.06559	0.10133	0.13453	0.33270	0.13903	0.01212	0.00626	0.00191	0.00379	0.01072	0.00511	0.00571

[dist]
# distance from previous block
# <min> <max>
2	40

[block]
# block no. 6 follows, 45 sequences, length 37
# corresponding to MSA columns:
# 492-528
name=unknown_G
#
# <colnr> <probs for GDERKNQSTAVLIFYWHMCP>
#	G	D	E	R	K	N	Q	S	T	A	V	L	I	F	Y	W	H	M	C	P
0	0.00806	0.00630	0.00939	0.00819	0.00983	0.00583	0.07316	0.01077	0.01497	0.02113	0.70596	0.03778	0.04681	0.01039	0.00633	0.00170	0.00312	0.00940	0.00562	0.00526
1	0.01319	0.19265	0.48695	0.01365	0.02021	0.03157	0.03423	0.08444	0.01278	0.04859	0.00994	0.01122	0.00733	0.00517	0.00481	0.00157	0.00721	0.00392	0.00275	0.00781
2	0.01925	0.01417	0.01530	0.01184	0.01587	0.01560	0.00974	0.69219	0.02433	0.03272	0.08178	0.01535	0.01288	0.00685	0.00546	0.00162	0.00560	0.00527	0.00542	0.00876
3	0.08702	0.01112	0.03169	0.01361	0.03064	0.01358	0.08152	0.01347	0.02679	0.01496	0.02289	0.03094	0.01069	0.00945	0.01338	0.05055	0.46043	0.06857	0.00288	0.00583
4	0.21462	0.01311	0.01352	0.01055	0.01465	0.01420	0.00869	0.47538	0.01961	0.07304	0.01179	0.01206	0.00848	0.00589	0.00476	0.00155	0.00524	0.00426	0.00476	0.08383
5	0.01155	0.08253	0.01346	0.02426	0.06389	0.00889	0.00744	0.01395	0.01118	0.01699	0.00939	0.01110	0.00788	0.00411	0.00404	0.00090	0.00435	0.00329	0.00305	0.69776
6	0.10514	0.01029	0.05570	0.01118	0.03852	0.04697	0.00893	0.01220	0.00917	0.01427	0.01172	0.05160	0.01138	0.08218	0.28236	0.00456	0.23006	0.00547	0.00285	0.00545
7	0.77347	0.01195	0.07800	0.00780	0.01154	0.01208	0.00708	0.01589	0.00933	0.02344	0.00767	0.00896	0.00590	0.00499	0.00348	0.00166	0.00449	0.00300	0.00323	0.00600
8	0.01199	0.01334	0.02843	0.05266	0.02630	0.01273	0.64461	0.01609	0.01228	0.01665	0.01242	0.08613	0.01055	0.00577	0.00657	0.00185	0.02477	0.00704	0.00290	0.00690
9	0.01014	0.00954	0.01610	0.79845	0.03697	0.01193	0.01491	0.01371	0.01073	0.01371	0.00954	0.01431	0.00716	0.00537	0.00537	0.00179	0.00716	0.00477	0.00239	0.00596
10	0.01354	0.01163	0.01224	0.01096	0.01403	0.01344	0.00854	0.04823	0.74815	0.02276	0.02161	0.01983	0.01619	0.00726	0.00546	0.00182	0.00429	0.00604	0.00546	0.00851
11	0.02264	0.00929	0.01230	0.00962	0.01360	0.00837	0.00788	0.02602	0.09007	0.68860	0.03874	0.01895	0.01446	0.00681	0.00543	0.00168	0.00449	0.00556	0.00651	0.00898
12	0.00702	0.00542	0.00640	0.00625	0.00769	0.00480	0.00465	0.00897	0.01369	0.01817	0.43382	0.08901	0.34997	0.01239	0.00637	0.00177	0.00264	0.01070	0.00547	0.00480
13	0.00692	0.00544	0.00624	0.00608	0.00761	0.00477	0.00455	0.00880	0.01353	0.01766	0.37976	0.06509	0.42945	0.01249	0.00635	0.00177	0.00264	0.01069	0.00540	0.00477
14	0.01091	0.00634	0.00687	0.00638	0.00798	0.00662	0.00493	0.10409	0.01293	0.02103	0.06016	0.02040	0.01527	0.01004	0.08485	0.00208	0.00414	0.00533	0.60418	0.00549
15	0.05637	0.00615	0.00774	0.05839	0.01030	0.00626	0.00593	0.05367	0.01188	0.01672	0.16235	0.44349	0.03180	0.07823	0.00804	0.00225	0.00370	0.02707	0.00477	0.00488
16	0.01329	0.01275	0.02179	0.03295	0.77787	0.01275	0.01647	0.01647	0.01222	0.01754	0.01010	0.01329	0.00850	0.00478	0.00531	0.00159	0.00638	0.00478	0.00266	0.00850
17	0.08217	0.38514	0.25748	0.01149	0.01671	0.07866	0.01234	0.03187	0.03445	0.01568	0.00874	0.01005	0.00711	0.00508	0.00447	0.00144	0.02398	0.00343	0.00257	0.00714
18	0.01138	0.01047	0.01651	0.51833	0.11556	0.01281	0.01400	0.06344	0.01147	0.01545	0.00966	0.01391	0.00762	0.00651	0.01892	0.00193	0.12467	0.00478	0.01616	0.00642
19	0.03232	0.00989	0.01191	0.02462	0.01359	0.00871	0.00738	0.08471	0.02605	0.21101	0.01479	0.01503	0.04274	0.00558	0.00508	0.00124	0.03217	0.00437	0.00433	0.44449
20	0.01335	0.01153	0.01214	0.01092	0.01396	0.01335	0.00850	0.02852	0.76817	0.02245	0.02185	0.02003	0.01639	0.00728	0.00546	0.00182	0.00425	0.00607	0.00546	0.00850
21	0.01113	0.00954	0.01113	0.00795	0.01272	0.00716	0.00636	0.01352	0.01113	0.01749	0.00954	0.01113	0.00795	0.00398	0.00398	0.00080	0.00398	0.00318	0.00318	0.84417
22	0.01280	0.08330	0.01824	0.34609	0.20992	0.02913	0.04959	0.01579	0.01177	0.09265	0.01220	0.06175	0.01018	0.00608	0.00534	0.00170	0.00645	0.01698	0.00309	0.00694
23	0.01272	0.01211	0.02058	0.07400	0.69246	0.01223	0.01573	0.01580	0.01203	0.01710	0.01119	0.05901	0.00998	0.00551	0.00541	0.00164	0.00623	0.00538	0.00278	0.00812
24	0.00767	0.00573	0.00853	0.00853	0.00946	0.00666	0.00659	0.00952	0.00860	0.01239	0.01447	0.02158	0.01363	0.06721	0.76342	0.00851	0.01406	0.00582	0.00289	0.00474
25	0.01113	0.00954	0.01113	0.00795	0.01272	0.00716	0.00636	0.01352	0.01113	0.01749	0.00954	0.01113	0.00795	0.00398	0.00398	0.00080	0.00398	0.00318	0.00318	0.84417
26	0.01014	0.00954	0.01610	0.79845	0.03697	0.01193	0.01491	0.01371	0.01073	0.01371	0.00954	0.01431	0.00716	0.00537	0.00537	0.00179	0.00716	0.00477	0.00239	0.00596
27	0.05977	0.33160	0.08668	0.11694	0.01811	0.01555	0.05919	0.01525	0.02080	0.02609	0.00973	0.04995	0.00865	0.00592	0.00589	0.00153	0.09573	0.00436	0.00270	0.06556
28	0.01471	0.00943	0.01150	0.00839	0.01299	0.00736	0.00678	0.01701	0.01230	0.22842	0.01275	0.01310	0.00942	0.00471	0.00437	0.00103	0.00414	0.00379	0.00414	0.61365
29	0.77237	0.04748	0.04508	0.00754	0.01114	0.01248	0.00662	0.01585	0.00932	0.02324	0.00757	0.00884	0.00591	0.00497	0.00341	0.00164	0.00440	0.00295	0.00323	0.00596
30	0.01212	0.01004	0.01177	0.01205	0.07949	0.01099	0.00869	0.08727	0.38966	0.02097	0.05843	0.08003	0.06993	0.00931	0.00592	0.00189	0.00443	0.11461	0.00509	0.00734
31	0.01096	0.01030	0.04765	0.03690	0.04499	0.00767	0.00764	0.01353	0.01113	0.01717	0.01047	0.04729	0.00913	0.00469	0.00426	0.00097	0.00433	0.00388	0.00317	0.70386
32	0.01847	0.01361	0.02602	0.01192	0.05005	0.14267	0.00917	0.21951	0.07828	0.22798	0.06315	0.01675	0.01340	0.00812	0.04069	0.00191	0.00613	0.00519	0.03905	0.00792
33	0.01267	0.04806	0.02021	0.02878	0.65521	0.01221	0.01475	0.01561	0.01207	0.01713	0.01295	0.04109	0.04538	0.00563	0.00527	0.00159	0.00594	0.00535	0.03211	0.00799
34	0.08470	0.00999	0.05384	0.09900	0.07483	0.00977	0.00926	0.12927	0.05386	0.02926	0.06307	0.09672	0.07006	0.04791	0.00746	0.04001	0.00505	0.10557	0.00417	0.00620
35	0.01090	0.00958	0.01067	0.00815	0.01220	0.04214	0.00639	0.01311	0.01133	0.01699	0.04245	0.07766	0.01207	0.00657	0.03006	0.00123	0.00444	0.00453	0.00341	0.67613
36	0.00792	0.00630	0.03491	0.00861	0.00952	0.00560	0.03056	0.00922	0.01055	0.04982	0.02697	0.68474	0.03141	0.01523	0.00714	0.00213	0.03605	0.01368	0.00478	0.00486

[dist]
# distance from previous block
# <min> <max>
0	24

# created by:
# /st0/software/busco_prod/Augustus/scripts/msa2prfl.pl ./align_prep/211645.fa
