[name]
unknown

[dist]
# distance from previous block
# <min> <max>
60	235

[block]
# block no. 0 follows, 51 sequences, length 15
# corresponding to MSA columns:
# 391-405
name=unknown_A
#
# <colnr> <probs for GDERKNQSTAVLIFYWHMCP>
#	G	D	E	R	K	N	Q	S	T	A	V	L	I	F	Y	W	H	M	C	P
0	0.20907	0.01517	0.01446	0.01485	0.16443	0.29974	0.08171	0.03106	0.02467	0.03498	0.02214	0.01209	0.01773	0.00514	0.00444	0.00144	0.00646	0.02076	0.00292	0.01675
1	0.08132	0.00887	0.01158	0.00909	0.01241	0.00845	0.05487	0.11168	0.04043	0.37368	0.16503	0.01873	0.01725	0.00645	0.00493	0.00148	0.00416	0.00541	0.00512	0.05905
2	0.17672	0.01190	0.02048	0.02801	0.05561	0.03982	0.41830	0.01676	0.01137	0.13889	0.01066	0.01250	0.00774	0.00457	0.00498	0.00157	0.00656	0.00482	0.00316	0.02561
3	0.00846	0.00503	0.00646	0.00682	0.00789	0.00452	0.00483	0.00954	0.01044	0.13526	0.02982	0.56380	0.16140	0.01343	0.00598	0.00186	0.00300	0.01194	0.00480	0.00470
4	0.01523	0.01095	0.01199	0.01010	0.01330	0.01213	0.00805	0.19776	0.49293	0.14428	0.01804	0.01659	0.01304	0.00640	0.00497	0.00160	0.00428	0.00520	0.00515	0.00800
5	0.01314	0.00916	0.01033	0.00927	0.01185	0.00998	0.00717	0.02270	0.51803	0.16898	0.02099	0.14346	0.01718	0.00791	0.00519	0.00169	0.00378	0.00675	0.00514	0.00730
6	0.14382	0.01219	0.02293	0.01699	0.02071	0.01271	0.51091	0.01479	0.01031	0.01597	0.00879	0.01195	0.00693	0.00506	0.00735	0.00173	0.16312	0.00502	0.00251	0.00618
7	0.00743	0.00525	0.00709	0.00805	0.00884	0.00520	0.00651	0.00907	0.01030	0.01349	0.02458	0.19940	0.02747	0.14060	0.00953	0.00260	0.00424	0.50188	0.00429	0.00418
8	0.02004	0.00930	0.01478	0.01104	0.01507	0.00822	0.15537	0.02237	0.01359	0.64945	0.01757	0.01606	0.01126	0.00571	0.00511	0.00155	0.00497	0.00511	0.00539	0.00803
9	0.14564	0.00971	0.01022	0.00787	0.01174	0.05378	0.00632	0.01597	0.04681	0.16748	0.01094	0.01140	0.00821	0.00447	0.00390	0.00108	0.00408	0.00340	0.00362	0.47336
10	0.00908	0.00541	0.00710	0.00670	0.00813	0.00491	0.00504	0.01100	0.01289	0.13941	0.47603	0.18564	0.07388	0.01064	0.00577	0.00165	0.00276	0.02358	0.00529	0.00507
11	0.02162	0.00868	0.01156	0.00890	0.01268	0.00774	0.00734	0.06023	0.03586	0.74168	0.01904	0.01653	0.01206	0.00609	0.00494	0.00152	0.00423	0.00493	0.00600	0.00835
12	0.01037	0.00882	0.01151	0.16280	0.01624	0.00754	0.02450	0.01280	0.01026	0.03696	0.00906	0.01100	0.00728	0.00396	0.00397	0.00095	0.00432	0.00331	0.00285	0.65150
13	0.00722	0.00544	0.00693	0.00712	0.00841	0.00486	0.00532	0.00869	0.01031	0.01412	0.09608	0.38908	0.06418	0.04991	0.00672	0.00190	0.00333	0.15503	0.00428	0.15107
14	0.01035	0.00894	0.01114	0.00811	0.01229	0.00712	0.04770	0.03105	0.03173	0.01668	0.05221	0.01207	0.00966	0.00415	0.00394	0.00087	0.00387	0.00350	0.00313	0.72148

[dist]
# distance from previous block
# <min> <max>
0	2

[block]
# block no. 1 follows, 51 sequences, length 34
# corresponding to MSA columns:
# 408-441
name=unknown_B
#
# <colnr> <probs for GDERKNQSTAVLIFYWHMCP>
#	G	D	E	R	K	N	Q	S	T	A	V	L	I	F	Y	W	H	M	C	P
0	0.00793	0.07776	0.00814	0.00665	0.00766	0.00677	0.00472	0.01022	0.09485	0.01313	0.12441	0.17269	0.05769	0.32252	0.06099	0.00321	0.00443	0.00808	0.00379	0.00434
1	0.01407	0.01052	0.01166	0.00935	0.01256	0.01083	0.00746	0.44023	0.01725	0.02376	0.01432	0.17229	0.01305	0.00730	0.00487	0.00141	0.00443	0.00600	0.03318	0.18547
2	0.00759	0.00559	0.00700	0.00723	0.00829	0.00529	0.00515	0.07544	0.01120	0.01527	0.10859	0.58536	0.02973	0.01296	0.00589	0.00180	0.00311	0.02399	0.00455	0.07598
3	0.01790	0.00894	0.01118	0.00865	0.01237	0.00810	0.00704	0.08463	0.08392	0.47523	0.03738	0.01571	0.01205	0.00573	0.00468	0.00137	0.00407	0.00465	0.01812	0.17829
4	0.01283	0.56806	0.13405	0.00894	0.01333	0.01585	0.00929	0.01500	0.01052	0.08355	0.01202	0.01250	0.07594	0.00516	0.00377	0.00122	0.00520	0.00366	0.00267	0.00644
5	0.00933	0.01024	0.08588	0.74304	0.03271	0.01096	0.01406	0.01283	0.00988	0.01283	0.00874	0.01286	0.00652	0.00489	0.00489	0.00163	0.00662	0.00430	0.00217	0.00562
6	0.01216	0.53694	0.23672	0.01190	0.08584	0.01655	0.01167	0.01498	0.01020	0.01306	0.00759	0.00895	0.00642	0.00435	0.00372	0.00123	0.00586	0.00306	0.00212	0.00670
7	0.00681	0.03285	0.00636	0.00590	0.00727	0.00482	0.00437	0.00820	0.01135	0.03750	0.19096	0.23008	0.41152	0.01221	0.00580	0.00169	0.00269	0.01052	0.00469	0.00441
8	0.01079	0.01279	0.09202	0.01877	0.09200	0.01111	0.49771	0.01453	0.01127	0.01543	0.01250	0.04607	0.01106	0.00596	0.00595	0.00173	0.02170	0.10942	0.00279	0.00639
9	0.04615	0.01040	0.08283	0.00934	0.01331	0.00856	0.00827	0.08880	0.04857	0.57631	0.04361	0.01619	0.01236	0.00605	0.00489	0.00153	0.00448	0.00487	0.00545	0.00802
10	0.00603	0.00511	0.00518	0.00518	0.00680	0.00438	0.00388	0.00754	0.02853	0.01335	0.04768	0.04634	0.74059	0.03633	0.00637	0.00176	0.00262	0.02359	0.00453	0.00420
11	0.00891	0.00592	0.00808	0.00851	0.07704	0.00545	0.00576	0.01105	0.01316	0.10424	0.52600	0.08505	0.10220	0.00967	0.00565	0.00157	0.00288	0.00852	0.00509	0.00524
12	0.01261	0.63639	0.12519	0.01152	0.10000	0.01755	0.01040	0.01486	0.01017	0.01257	0.00735	0.00868	0.00646	0.00428	0.00354	0.00116	0.00558	0.00295	0.00214	0.00659
13	0.02163	0.00904	0.01182	0.00907	0.01288	0.00823	0.00749	0.11886	0.01520	0.70353	0.01844	0.01611	0.01169	0.00606	0.00494	0.00151	0.00434	0.00488	0.00594	0.00836
14	0.00702	0.00527	0.00790	0.00790	0.00878	0.00614	0.00614	0.00878	0.00790	0.01141	0.01316	0.01931	0.01229	0.03686	0.80782	0.00790	0.01316	0.00527	0.00263	0.00439
15	0.01213	0.01202	0.01684	0.09570	0.50125	0.09862	0.01276	0.01584	0.08180	0.01602	0.07880	0.01459	0.01155	0.00521	0.00492	0.00148	0.00575	0.00475	0.00291	0.00707
16	0.01340	0.26785	0.39638	0.01121	0.01681	0.01310	0.01288	0.02859	0.01118	0.16968	0.01035	0.01089	0.00746	0.00483	0.00426	0.00139	0.00601	0.00360	0.00292	0.00720
17	0.10151	0.35018	0.33143	0.01069	0.01597	0.01499	0.01205	0.08422	0.01116	0.01601	0.00807	0.00924	0.00636	0.00458	0.00390	0.00134	0.00591	0.00319	0.00244	0.00677
18	0.01160	0.00845	0.01010	0.00739	0.01149	0.00651	0.00593	0.01373	0.01091	0.12409	0.04654	0.01295	0.02357	0.00442	0.00395	0.00089	0.00363	0.00359	0.00349	0.68676
19	0.55784	0.01105	0.00904	0.00788	0.01096	0.09833	0.00634	0.03016	0.08331	0.12971	0.01000	0.01034	0.00735	0.00505	0.00368	0.00151	0.00445	0.00334	0.00363	0.00607
20	0.01836	0.02342	0.01393	0.01266	0.01519	0.80756	0.00950	0.01962	0.01393	0.01203	0.00760	0.00886	0.00633	0.00506	0.00443	0.00127	0.00886	0.00317	0.00253	0.00570
21	0.01015	0.00870	0.01020	0.02198	0.01198	0.00679	0.00601	0.01278	0.04055	0.01605	0.00962	0.03008	0.00817	0.00406	0.00378	0.00081	0.00368	0.00331	0.00302	0.78828
22	0.01231	0.10238	0.01956	0.16043	0.47396	0.08437	0.04823	0.01505	0.01109	0.01458	0.00877	0.01160	0.00726	0.00450	0.00469	0.00144	0.00628	0.00414	0.00236	0.00698
23	0.00741	0.04277	0.00862	0.00778	0.00868	0.00683	0.00602	0.00895	0.00790	0.01122	0.01295	0.01997	0.01247	0.12160	0.66397	0.00709	0.03345	0.00533	0.00263	0.00435
24	0.03000	0.00898	0.01240	0.24126	0.01866	0.00920	0.00913	0.11227	0.01369	0.43215	0.01505	0.01502	0.01000	0.00568	0.00483	0.00153	0.00492	0.00466	0.04325	0.00731
25	0.00715	0.00476	0.00536	0.00536	0.00536	0.00476	0.00298	0.00715	0.00715	0.00953	0.01548	0.03216	0.01787	0.82729	0.02501	0.00476	0.00476	0.00715	0.00298	0.00298
26	0.01094	0.01072	0.01908	0.34099	0.39125	0.01147	0.11581	0.01417	0.01070	0.01462	0.00913	0.01268	0.00725	0.00456	0.00501	0.00156	0.00645	0.00456	0.00234	0.00671
27	0.01069	0.01071	0.01478	0.01269	0.01291	0.03338	0.02510	0.01187	0.00778	0.01188	0.00702	0.01136	0.00688	0.01043	0.07178	0.00253	0.72629	0.00437	0.00220	0.00534
28	0.00611	0.00433	0.00566	0.00668	0.00693	0.00408	0.00439	0.00688	0.00916	0.01221	0.02581	0.73694	0.03089	0.10474	0.00833	0.00230	0.00306	0.01322	0.00439	0.00388
29	0.00622	0.00437	0.00563	0.00655	0.00677	0.00415	0.00424	0.00690	0.00896	0.01194	0.02476	0.66536	0.02957	0.17812	0.01003	0.00255	0.00323	0.01260	0.00424	0.00379
30	0.00763	0.00559	0.00684	0.00683	0.00706	0.00603	0.00453	0.03444	0.00846	0.01154	0.01782	0.26447	0.02056	0.45587	0.01747	0.00349	0.09371	0.00873	0.01519	0.00375
31	0.01862	0.01567	0.01459	0.01157	0.01523	0.17190	0.00937	0.62986	0.02129	0.02723	0.01097	0.01122	0.00796	0.00573	0.00482	0.00143	0.00609	0.00418	0.00444	0.00783
32	0.00696	0.00502	0.00657	0.00618	0.00734	0.00464	0.00464	0.00927	0.01391	0.01971	0.79405	0.03671	0.04637	0.01005	0.00580	0.00155	0.00232	0.00889	0.00541	0.00464
33	0.01096	0.00937	0.00995	0.00904	0.01153	0.01055	0.00700	0.02225	0.62270	0.01957	0.09159	0.02357	0.11535	0.00769	0.00517	0.00166	0.00358	0.00645	0.00498	0.00705

[dist]
# distance from previous block
# <min> <max>
0	1

[block]
# block no. 2 follows, 51 sequences, length 27
# corresponding to MSA columns:
# 443-452,454-470
name=unknown_C
#
# <colnr> <probs for GDERKNQSTAVLIFYWHMCP>
#	G	D	E	R	K	N	Q	S	T	A	V	L	I	F	Y	W	H	M	C	P
0	0.01228	0.40106	0.35720	0.01125	0.01659	0.09823	0.01270	0.01559	0.01056	0.01333	0.00776	0.00905	0.00627	0.00449	0.00394	0.00129	0.00649	0.00311	0.00214	0.00665
1	0.01053	0.00886	0.01080	0.00773	0.01210	0.00675	0.02953	0.01277	0.01033	0.03551	0.00904	0.01045	0.00741	0.00372	0.00374	0.00078	0.00380	0.00305	0.00298	0.81016
2	0.01539	0.01151	0.01934	0.01449	0.01816	0.01180	0.31109	0.12931	0.04222	0.23223	0.01265	0.01381	0.00901	0.00569	0.00696	0.00167	0.12847	0.00513	0.00387	0.00721
3	0.01154	0.00764	0.01103	0.00938	0.01096	0.00824	0.07247	0.03211	0.02461	0.17391	0.01522	0.05992	0.02601	0.20119	0.13814	0.00342	0.14336	0.01814	0.02732	0.00538
4	0.00938	0.00884	0.01492	0.78790	0.06064	0.01094	0.01370	0.01264	0.00987	0.01268	0.00875	0.01307	0.00659	0.00489	0.00491	0.00163	0.00653	0.00437	0.00219	0.00554
5	0.06793	0.00684	0.00935	0.00803	0.00993	0.00674	0.07631	0.02191	0.08569	0.05027	0.52558	0.02975	0.04374	0.02920	0.00597	0.00165	0.00329	0.00762	0.00489	0.00531
6	0.01173	0.01123	0.01916	0.14834	0.68185	0.01156	0.01487	0.01470	0.01098	0.01553	0.00917	0.01230	0.00760	0.00446	0.00487	0.00149	0.00595	0.00438	0.00240	0.00743
7	0.01052	0.00872	0.01022	0.00732	0.01167	0.00657	0.00586	0.01270	0.01030	0.03790	0.00903	0.01037	0.00742	0.00371	0.00368	0.00075	0.00365	0.00297	0.00300	0.83364
8	0.01635	0.00773	0.01010	0.00797	0.01124	0.00666	0.00642	0.01870	0.03483	0.46935	0.17527	0.03497	0.01874	0.00666	0.00492	0.00140	0.00368	0.00558	0.00534	0.15410
9	0.66310	0.00973	0.00852	0.00724	0.01047	0.01086	0.00597	0.08627	0.01054	0.13524	0.00911	0.00960	0.00659	0.00490	0.00349	0.00152	0.00400	0.00315	0.00365	0.00604
10	0.00873	0.00543	0.00708	0.00644	0.00794	0.00493	0.00491	0.01095	0.01380	0.11413	0.66437	0.03479	0.07803	0.00968	0.00569	0.00155	0.00255	0.00848	0.00545	0.00507
11	0.01702	0.20609	0.01697	0.01037	0.01427	0.01584	0.00890	0.57100	0.01953	0.02592	0.01078	0.01112	0.00803	0.00549	0.00444	0.00136	0.00526	0.00401	0.03586	0.00773
12	0.01236	0.64033	0.20888	0.00973	0.01466	0.01755	0.01071	0.01492	0.01008	0.01251	0.00730	0.00847	0.00629	0.00431	0.00351	0.00117	0.00573	0.00286	0.00210	0.00653
13	0.00596	0.00482	0.00530	0.00553	0.00682	0.00416	0.00401	0.00721	0.01103	0.01369	0.11290	0.22962	0.54596	0.01292	0.00592	0.00173	0.00256	0.01108	0.00464	0.00416
14	0.00979	0.00692	0.01029	0.01267	0.15765	0.00678	0.00882	0.01211	0.01172	0.08250	0.09299	0.06163	0.02483	0.01093	0.00616	0.00198	0.00450	0.46792	0.00435	0.00546
15	0.00854	0.00427	0.00640	0.00640	0.00640	0.00427	0.00427	0.00640	0.00640	0.00854	0.00854	0.01494	0.00854	0.01707	0.01921	0.85702	0.00427	0.00427	0.00213	0.00213
16	0.01904	0.00845	0.01219	0.19911	0.01757	0.00809	0.00874	0.02126	0.01307	0.61422	0.01687	0.01587	0.01084	0.00581	0.00494	0.00155	0.00474	0.00481	0.00516	0.00768
17	0.01114	0.02512	0.68327	0.01380	0.02035	0.13122	0.01685	0.01617	0.01091	0.01503	0.00864	0.01015	0.00624	0.00473	0.00463	0.00151	0.00750	0.00356	0.00214	0.00703
18	0.01963	0.00775	0.01055	0.00846	0.01173	0.00674	0.00682	0.02138	0.01336	0.68154	0.02055	0.13822	0.01523	0.00748	0.00514	0.00159	0.00398	0.00630	0.00585	0.00771
19	0.00747	0.00539	0.00733	0.00827	0.00924	0.00533	0.00678	0.00971	0.03271	0.01479	0.09677	0.24307	0.03062	0.01351	0.00652	0.00211	0.00389	0.48734	0.00463	0.00449
20	0.35416	0.01343	0.13088	0.02329	0.01466	0.05397	0.07461	0.13187	0.01231	0.13297	0.01003	0.01076	0.00716	0.00499	0.00418	0.00152	0.00532	0.00372	0.00353	0.00664
21	0.01197	0.13467	0.01973	0.16578	0.52107	0.03532	0.01366	0.01471	0.01084	0.01464	0.00874	0.01159	0.00730	0.00447	0.00460	0.00142	0.00596	0.00408	0.00234	0.00709
22	0.00749	0.00480	0.00625	0.00673	0.00758	0.00438	0.00472	0.00869	0.01065	0.08101	0.14393	0.56511	0.10297	0.01352	0.00604	0.00186	0.00285	0.01210	0.00482	0.00448
23	0.21150	0.03341	0.50790	0.01260	0.01851	0.01143	0.08463	0.01554	0.01011	0.03933	0.00872	0.01021	0.00630	0.00463	0.00437	0.00155	0.00642	0.00362	0.00246	0.00676
24	0.72968	0.00958	0.00775	0.00679	0.00979	0.01100	0.00557	0.08471	0.00984	0.02263	0.00789	0.00900	0.00607	0.00476	0.00324	0.00149	0.00385	0.00295	0.05787	0.00555
25	0.00915	0.00867	0.12738	0.00946	0.01162	0.00642	0.00893	0.01170	0.01114	0.08167	0.02301	0.15304	0.02418	0.01185	0.00624	0.00206	0.00467	0.47933	0.00429	0.00519
26	0.04379	0.30087	0.28937	0.01144	0.01600	0.01515	0.02433	0.09487	0.01109	0.01547	0.00803	0.00967	0.00650	0.00522	0.00585	0.00146	0.12831	0.00346	0.00244	0.00668

[dist]
# distance from previous block
# <min> <max>
0	2

[block]
# block no. 3 follows, 51 sequences, length 21
# corresponding to MSA columns:
# 473-493
name=unknown_D
#
# <colnr> <probs for GDERKNQSTAVLIFYWHMCP>
#	G	D	E	R	K	N	Q	S	T	A	V	L	I	F	Y	W	H	M	C	P
0	0.01436	0.51549	0.07000	0.01051	0.03005	0.24432	0.00951	0.01612	0.01111	0.01204	0.00722	0.00847	0.00634	0.00457	0.00392	0.00118	0.02344	0.00291	0.00223	0.00620
1	0.01131	0.00868	0.01379	0.61499	0.02847	0.00994	0.01192	0.01427	0.01051	0.13266	0.01035	0.01337	0.00747	0.00497	0.00479	0.00153	0.00591	0.00431	0.00285	0.08789
2	0.01188	0.04043	0.62285	0.01344	0.01998	0.01101	0.05678	0.01683	0.01099	0.13480	0.01044	0.01144	0.00720	0.00485	0.00474	0.00154	0.00680	0.00392	0.00271	0.00737
3	0.13912	0.00905	0.01363	0.61519	0.02813	0.01133	0.01210	0.01277	0.00938	0.01393	0.00823	0.01210	0.00635	0.00521	0.00571	0.00167	0.08426	0.00410	0.00231	0.00543
4	0.00599	0.00428	0.00570	0.00684	0.00713	0.00399	0.00456	0.00684	0.00941	0.01254	0.02709	0.82409	0.03250	0.01540	0.00627	0.00200	0.00285	0.01397	0.00456	0.00399
5	0.00854	0.00427	0.00640	0.00640	0.00640	0.00427	0.00427	0.00640	0.00640	0.00854	0.00854	0.01494	0.00854	0.01707	0.01921	0.85702	0.00427	0.00427	0.00213	0.00213
6	0.01019	0.00873	0.01019	0.00728	0.01165	0.00655	0.00582	0.01237	0.01019	0.01601	0.00873	0.01019	0.00728	0.00364	0.00364	0.00073	0.00364	0.00291	0.00291	0.85734
7	0.01013	0.01340	0.16256	0.01590	0.02033	0.01031	0.44960	0.01410	0.01195	0.01669	0.20447	0.01856	0.01690	0.00570	0.00560	0.00161	0.00662	0.00618	0.00314	0.00625
8	0.00675	0.00512	0.00663	0.00707	0.00797	0.00467	0.00492	0.00781	0.00948	0.01305	0.02375	0.67895	0.02798	0.01343	0.00613	0.00181	0.02437	0.01203	0.00425	0.13382
9	0.13868	0.00608	0.00718	0.00649	0.00824	0.00589	0.00501	0.01166	0.01302	0.10782	0.57005	0.03033	0.05336	0.00882	0.00528	0.00154	0.00276	0.00753	0.00511	0.00515
10	0.01206	0.13698	0.02458	0.01712	0.04980	0.01415	0.43646	0.05548	0.01113	0.01514	0.00884	0.01181	0.00714	0.00516	0.00740	0.00165	0.17127	0.00489	0.00249	0.00646
11	0.86201	0.00950	0.00722	0.00646	0.00950	0.01102	0.00532	0.01445	0.00836	0.02205	0.00684	0.00798	0.00532	0.00456	0.00304	0.00152	0.00380	0.00266	0.00304	0.00532
12	0.00706	0.00479	0.00540	0.00538	0.00553	0.00472	0.00311	0.00726	0.00773	0.01027	0.05913	0.03321	0.06076	0.74000	0.02296	0.00443	0.00451	0.00741	0.00319	0.00313
13	0.01216	0.01168	0.01995	0.03016	0.79664	0.01168	0.01508	0.01508	0.01119	0.01605	0.00924	0.01216	0.00778	0.00438	0.00487	0.00146	0.00584	0.00438	0.00243	0.00778
14	0.05813	0.66058	0.02154	0.00772	0.01140	0.01673	0.00749	0.01420	0.00995	0.01315	0.00823	0.00948	0.00721	0.00445	0.00319	0.00109	0.00473	0.00293	0.13181	0.00599
15	0.00599	0.00428	0.00570	0.00684	0.00713	0.00399	0.00456	0.00684	0.00941	0.01254	0.02709	0.82409	0.03250	0.01540	0.00627	0.00200	0.00285	0.01397	0.00456	0.00399
16	0.01797	0.01203	0.01337	0.01049	0.01405	0.01294	0.00856	0.59078	0.02041	0.14617	0.01442	0.09073	0.01126	0.00684	0.00505	0.00153	0.00498	0.00542	0.00506	0.00794
17	0.02553	0.02869	0.18655	0.03218	0.01887	0.13744	0.23474	0.01706	0.05274	0.10020	0.01071	0.01267	0.00808	0.01755	0.01779	0.00171	0.07107	0.00456	0.01526	0.00660
18	0.00928	0.00873	0.01474	0.81548	0.03385	0.01092	0.01365	0.01256	0.00983	0.01256	0.00873	0.01310	0.00655	0.00491	0.00491	0.00164	0.00655	0.00437	0.00218	0.00546
19	0.00978	0.00618	0.00852	0.00970	0.08450	0.00589	0.00637	0.05191	0.01110	0.13374	0.02333	0.54867	0.02556	0.01234	0.00588	0.00185	0.00355	0.04124	0.00461	0.00528
20	0.01462	0.01085	0.01783	0.02484	0.60191	0.01057	0.01313	0.01728	0.01190	0.21075	0.01176	0.01330	0.00887	0.00480	0.00488	0.00147	0.00543	0.00452	0.00334	0.00793

[dist]
# distance from previous block
# <min> <max>
0	37

[block]
# block no. 4 follows, 51 sequences, length 64
# corresponding to MSA columns:
# 531-566,582-609
name=unknown_E
#
# <colnr> <probs for GDERKNQSTAVLIFYWHMCP>
#	G	D	E	R	K	N	Q	S	T	A	V	L	I	F	Y	W	H	M	C	P
0	0.00832	0.00499	0.00654	0.00687	0.00786	0.00453	0.00487	0.00953	0.01074	0.12287	0.11928	0.55274	0.09549	0.01322	0.00599	0.00185	0.00294	0.01181	0.00487	0.00469
1	0.01160	0.01326	0.02900	0.02071	0.02568	0.01243	0.77879	0.01574	0.01160	0.01574	0.00994	0.01326	0.00746	0.00414	0.00580	0.00166	0.00829	0.00580	0.00249	0.00663
2	0.01314	0.83025	0.02575	0.00841	0.01261	0.01945	0.00841	0.01472	0.00999	0.01156	0.00683	0.00788	0.00631	0.00420	0.00315	0.00105	0.00526	0.00263	0.00210	0.00631
3	0.02881	0.04724	0.55766	0.01233	0.01852	0.01059	0.01478	0.01768	0.01128	0.21798	0.01144	0.01189	0.00774	0.00502	0.00466	0.00153	0.00634	0.00392	0.00313	0.00748
4	0.01089	0.00838	0.10244	0.00775	0.01029	0.00628	0.00688	0.01392	0.04167	0.19164	0.46348	0.02804	0.04363	0.00830	0.00537	0.00153	0.00338	0.00715	0.03310	0.00588
5	0.00647	0.00513	0.00595	0.02761	0.00798	0.00469	0.00467	0.03190	0.01089	0.01362	0.03806	0.33035	0.43386	0.01317	0.00597	0.00180	0.00292	0.04615	0.00451	0.00428
6	0.01068	0.00691	0.00957	0.01040	0.11835	0.00665	0.00683	0.01348	0.06283	0.16149	0.33865	0.14421	0.05751	0.00916	0.00570	0.00162	0.01719	0.00804	0.00488	0.00586
7	0.01734	0.01607	0.12380	0.01174	0.01581	0.10855	0.01050	0.50603	0.01908	0.07570	0.01118	0.01153	0.00800	0.00574	0.00524	0.00149	0.03601	0.00419	0.00421	0.00778
8	0.01240	0.58890	0.02400	0.01048	0.01407	0.01751	0.10041	0.01422	0.00976	0.01209	0.00738	0.00934	0.00668	0.00600	0.03471	0.00153	0.11886	0.00333	0.00217	0.00615
9	0.18721	0.00887	0.01101	0.16519	0.01584	0.00932	0.00805	0.06346	0.06537	0.33016	0.07495	0.01564	0.01233	0.00589	0.00462	0.00155	0.00447	0.00469	0.00451	0.00685
10	0.01044	0.13903	0.64144	0.01365	0.02033	0.01262	0.06606	0.01545	0.01040	0.01501	0.00861	0.01021	0.00632	0.00457	0.00453	0.00149	0.00704	0.00363	0.00211	0.00709
11	0.00901	0.00832	0.01392	0.71929	0.03086	0.01035	0.01275	0.01211	0.00960	0.01242	0.00926	0.01384	0.00723	0.00872	0.10055	0.00238	0.00734	0.00447	0.00224	0.00533
12	0.00597	0.00433	0.00565	0.00670	0.00709	0.00400	0.00450	0.00686	0.00954	0.01260	0.02880	0.76556	0.08993	0.01517	0.00624	0.00197	0.00282	0.01370	0.00456	0.00400
13	0.01197	0.01346	0.12822	0.21158	0.25770	0.01210	0.15146	0.12256	0.01250	0.01720	0.00955	0.01228	0.00729	0.00472	0.00502	0.00155	0.00659	0.00453	0.00268	0.00703
14	0.12998	0.00781	0.00951	0.00976	0.05999	0.00802	0.00749	0.01600	0.13916	0.16123	0.04168	0.03186	0.07127	0.00906	0.00542	0.00181	0.00414	0.27516	0.00458	0.00606
15	0.01073	0.00902	0.00982	0.00911	0.01135	0.01018	0.00696	0.02143	0.58745	0.01934	0.11318	0.13247	0.02117	0.00828	0.00527	0.00170	0.00356	0.00712	0.00499	0.00688
16	0.01239	0.01441	0.10384	0.04154	0.02283	0.02701	0.49762	0.12161	0.01274	0.01737	0.00973	0.01248	0.00733	0.00483	0.00633	0.00165	0.07157	0.00518	0.00275	0.00678
17	0.01681	0.12536	0.01748	0.01182	0.01577	0.04213	0.11572	0.38120	0.08316	0.12291	0.01238	0.01254	0.00893	0.00548	0.00479	0.00146	0.00562	0.00449	0.00426	0.00769
18	0.01526	0.01853	0.01272	0.10735	0.01612	0.57972	0.00922	0.01672	0.01265	0.01215	0.01059	0.12291	0.01015	0.00733	0.02612	0.00159	0.00787	0.00487	0.00278	0.00540
19	0.01101	0.00592	0.00787	0.00687	0.00874	0.00533	0.00533	0.01321	0.01395	0.22927	0.58601	0.03134	0.03718	0.00898	0.00557	0.00154	0.00282	0.00783	0.00559	0.00564
20	0.01309	0.01076	0.01795	0.14972	0.56868	0.01094	0.01377	0.01592	0.01138	0.12443	0.01057	0.01294	0.00820	0.00470	0.00488	0.00150	0.00572	0.00446	0.00290	0.00750
21	0.01013	0.10606	0.01522	0.01371	0.13189	0.00930	0.13606	0.01282	0.03127	0.04375	0.04606	0.13763	0.01940	0.00917	0.00568	0.00179	0.00510	0.25554	0.00369	0.00574
22	0.00597	0.00436	0.00562	0.00662	0.00707	0.00401	0.00446	0.00687	0.00962	0.01263	0.02979	0.73156	0.12328	0.01504	0.00622	0.00196	0.00281	0.01354	0.00456	0.00401
23	0.01265	0.01385	0.12775	0.04304	0.02288	0.01150	0.51126	0.01651	0.01156	0.12441	0.01117	0.02361	0.00820	0.00480	0.00585	0.00164	0.03414	0.00540	0.00294	0.00684
24	0.01059	0.00943	0.01474	0.70375	0.03126	0.01152	0.01305	0.11921	0.01167	0.01511	0.00916	0.01292	0.00680	0.00505	0.00491	0.00162	0.00639	0.00438	0.00256	0.00586
25	0.01012	0.00976	0.01385	0.12351	0.01491	0.01325	0.01023	0.01137	0.00780	0.01165	0.00784	0.01363	0.00782	0.10560	0.01563	0.00239	0.60862	0.00465	0.00225	0.00510
26	0.00794	0.00638	0.00975	0.10406	0.01177	0.00648	0.11219	0.00907	0.00849	0.01135	0.01605	0.08712	0.04446	0.50249	0.01727	0.00354	0.00517	0.00719	0.02528	0.00394
27	0.11274	0.04043	0.07913	0.01795	0.02276	0.01230	0.59813	0.01542	0.01105	0.01630	0.00963	0.02361	0.00743	0.00439	0.00531	0.00162	0.00750	0.00529	0.00254	0.00647
28	0.02085	0.00838	0.01121	0.00873	0.01237	0.00745	0.00716	0.02355	0.06419	0.72060	0.04815	0.01757	0.01362	0.00627	0.00498	0.00153	0.00409	0.00513	0.00599	0.00819
29	0.01186	0.47892	0.08336	0.01037	0.01421	0.01552	0.10058	0.03704	0.01099	0.01411	0.11685	0.01302	0.01207	0.00537	0.00482	0.00131	0.05658	0.00411	0.00269	0.00619
30	0.01063	0.00884	0.00967	0.00909	0.01120	0.00992	0.00688	0.04455	0.53424	0.01879	0.04989	0.22672	0.02045	0.00902	0.00536	0.00174	0.00361	0.00781	0.00490	0.00670
31	0.00868	0.00562	0.00786	0.11922	0.01142	0.00571	0.00607	0.01009	0.00994	0.10635	0.07494	0.34865	0.04708	0.12196	0.09076	0.00282	0.00479	0.00930	0.00406	0.00467
32	0.01014	0.01315	0.21491	0.00933	0.01446	0.00794	0.02731	0.01328	0.01027	0.01589	0.00878	0.01031	0.00701	0.00392	0.00396	0.00096	0.00468	0.00317	0.00269	0.61784
33	0.00987	0.00712	0.01184	0.17038	0.01523	0.00756	0.11413	0.06724	0.00907	0.01203	0.00902	0.01410	0.00798	0.01201	0.01341	0.50285	0.00537	0.00451	0.00240	0.00389
34	0.00618	0.00502	0.00549	0.00556	0.00697	0.00440	0.00410	0.00785	0.02980	0.01444	0.17223	0.15273	0.54331	0.01231	0.00585	0.00169	0.00254	0.01051	0.00472	0.00430
35	0.01090	0.01792	0.32919	0.01790	0.02363	0.01210	0.46288	0.01557	0.01102	0.01557	0.00941	0.01207	0.00695	0.00446	0.00563	0.00163	0.02908	0.00492	0.00232	0.00684
36	0.01124	0.00887	0.01461	0.65351	0.07934	0.01045	0.01285	0.01430	0.01050	0.12219	0.01025	0.01355	0.00741	0.00504	0.00491	0.00161	0.00618	0.00445	0.00274	0.00601
37	0.00676	0.00484	0.00652	0.00727	0.00801	0.00461	0.00549	0.00837	0.01108	0.01498	0.22471	0.41353	0.03494	0.01352	0.00629	0.00195	0.00317	0.21490	0.00477	0.00430
38	0.01199	0.01034	0.01853	0.36170	0.22106	0.01097	0.16789	0.01519	0.01103	0.10787	0.01038	0.01333	0.00771	0.00476	0.00508	0.00158	0.00644	0.00473	0.00277	0.00662
39	0.01106	0.01186	0.02375	0.13099	0.11675	0.01204	0.48096	0.01454	0.01091	0.01495	0.02086	0.03443	0.00848	0.00506	0.00651	0.00168	0.08072	0.00555	0.00250	0.00639
40	0.01193	0.01150	0.01891	0.13527	0.49116	0.02299	0.09233	0.03173	0.10382	0.01632	0.01055	0.01309	0.00843	0.00474	0.00498	0.00153	0.00599	0.00465	0.00276	0.00732
41	0.01011	0.02145	0.58707	0.01382	0.01918	0.01237	0.02780	0.01460	0.00966	0.01460	0.00823	0.01052	0.00630	0.00568	0.00764	0.00171	0.21656	0.00384	0.00210	0.00677
42	0.01161	0.01050	0.02081	0.01581	0.03497	0.00992	0.46225	0.01478	0.01186	0.10927	0.12165	0.10019	0.01598	0.00648	0.00602	0.00167	0.02953	0.00689	0.00352	0.00627
43	0.18687	0.04275	0.15612	0.12109	0.01561	0.05329	0.00944	0.10078	0.01219	0.04151	0.13008	0.01651	0.05130	0.00610	0.00452	0.00150	0.00500	0.00476	0.03457	0.00600
44	0.00607	0.00445	0.00572	0.00670	0.00717	0.00414	0.00453	0.00718	0.02219	0.01275	0.02930	0.73145	0.11031	0.01495	0.00620	0.00196	0.00283	0.01347	0.00457	0.00407
45	0.01184	0.01280	0.08036	0.01653	0.02090	0.01140	0.50498	0.10598	0.01265	0.01783	0.01133	0.03277	0.00878	0.00488	0.00529	0.00156	0.00691	0.00550	0.12118	0.00653
46	0.00977	0.00948	0.01552	0.56960	0.02804	0.01206	0.05024	0.01252	0.00932	0.01252	0.00820	0.01250	0.00657	0.00583	0.00785	0.00177	0.21610	0.00442	0.00219	0.00549
47	0.00960	0.00936	0.01672	0.70506	0.03271	0.01113	0.11995	0.01300	0.01007	0.01300	0.00890	0.01312	0.00668	0.00481	0.00504	0.00164	0.00679	0.00457	0.00223	0.00562
48	0.00613	0.00439	0.00586	0.00698	0.00735	0.00412	0.00480	0.00710	0.00958	0.01272	0.02735	0.75436	0.04377	0.01521	0.00630	0.00201	0.00297	0.07040	0.00456	0.00403
49	0.00645	0.00462	0.00603	0.00701	0.00742	0.00440	0.00474	0.03514	0.00991	0.01322	0.02653	0.79437	0.03162	0.01505	0.00622	0.00198	0.00294	0.01362	0.00457	0.00415
50	0.00958	0.00906	0.01520	0.71821	0.09877	0.01114	0.01366	0.01275	0.00986	0.01283	0.00869	0.01293	0.00665	0.00500	0.00532	0.00164	0.03646	0.00437	0.00220	0.00566
51	0.00677	0.00499	0.00627	0.00608	0.00723	0.00457	0.00452	0.00874	0.01289	0.01774	0.58083	0.07541	0.16255	0.04694	0.00670	0.00175	0.00255	0.03392	0.00510	0.00445
52	0.00769	0.00554	0.00759	0.00854	0.00960	0.00552	0.00718	0.01007	0.03191	0.01497	0.08808	0.15972	0.02998	0.01336	0.00659	0.00215	0.00410	0.57827	0.00461	0.00455
53	0.00928	0.00873	0.01474	0.81548	0.03385	0.01092	0.01365	0.01256	0.00983	0.01256	0.00873	0.01310	0.00655	0.00491	0.00491	0.00164	0.00655	0.00437	0.00218	0.00546
54	0.00743	0.00659	0.00841	0.00945	0.10185	0.00666	0.00637	0.00889	0.01060	0.01350	0.04500	0.07406	0.48885	0.02035	0.00743	0.00179	0.11640	0.05764	0.00396	0.00476
55	0.00665	0.00488	0.00626	0.00636	0.00737	0.00449	0.00470	0.00850	0.01240	0.01702	0.48673	0.22267	0.12784	0.01177	0.00596	0.00170	0.00259	0.05260	0.00507	0.00442
56	0.01031	0.13724	0.69401	0.01323	0.02007	0.01253	0.01680	0.01545	0.01032	0.01501	0.00854	0.01003	0.00624	0.00460	0.00446	0.00149	0.00698	0.00349	0.00208	0.00713
57	0.17036	0.00876	0.01071	0.00844	0.01206	0.00825	0.00695	0.03545	0.04721	0.61466	0.01706	0.01516	0.01101	0.00584	0.00461	0.00153	0.00412	0.00456	0.00548	0.00780
58	0.00793	0.00479	0.00642	0.00711	0.00782	0.00440	0.00494	0.00894	0.01000	0.10638	0.02615	0.71488	0.03001	0.01426	0.00612	0.00194	0.00304	0.02562	0.00474	0.00452
59	0.00988	0.02523	0.78956	0.01411	0.02134	0.01143	0.03023	0.01557	0.01039	0.01557	0.00884	0.01042	0.00624	0.00466	0.00469	0.00156	0.00728	0.00367	0.00208	0.00725
60	0.68983	0.01114	0.00848	0.00746	0.01050	0.09304	0.00604	0.06777	0.01009	0.03740	0.00763	0.00864	0.00586	0.00475	0.00336	0.00149	0.00442	0.00290	0.01357	0.00562
61	0.01083	0.01223	0.11116	0.31725	0.42357	0.01137	0.01492	0.01421	0.01059	0.01471	0.00901	0.01230	0.00714	0.00461	0.00486	0.00154	0.00627	0.00429	0.00230	0.00687
62	0.61026	0.00850	0.00732	0.00666	0.00905	0.00973	0.00524	0.04103	0.00868	0.01937	0.00898	0.01283	0.00801	0.12276	0.10202	0.00273	0.00511	0.00366	0.00305	0.00500
63	0.01040	0.00646	0.00826	0.00759	0.00861	0.00714	0.00573	0.03192	0.00965	0.12281	0.01565	0.11765	0.01485	0.17671	0.11623	0.00309	0.13992	0.00633	0.18607	0.00492

[dist]
# distance from previous block
# <min> <max>
0	27

[block]
# block no. 5 follows, 51 sequences, length 16
# corresponding to MSA columns:
# 637-652
name=unknown_F
#
# <colnr> <probs for GDERKNQSTAVLIFYWHMCP>
#	G	D	E	R	K	N	Q	S	T	A	V	L	I	F	Y	W	H	M	C	P
0	0.00869	0.00914	0.09371	0.06157	0.01437	0.00760	0.13380	0.05105	0.01169	0.01575	0.11885	0.20390	0.07294	0.01004	0.00589	0.00182	0.00482	0.16515	0.00393	0.00529
1	0.10117	0.00873	0.01014	0.00751	0.01162	0.00716	0.00607	0.01509	0.01084	0.18587	0.01084	0.01137	0.00813	0.00426	0.00386	0.00098	0.00377	0.00332	0.00361	0.58565
2	0.00618	0.00442	0.00587	0.00671	0.00717	0.00412	0.00458	0.00732	0.01030	0.01396	0.17816	0.66899	0.03523	0.01434	0.00618	0.00191	0.00275	0.01297	0.00473	0.00412
3	0.15036	0.01014	0.00979	0.00930	0.01158	0.09238	0.00754	0.06558	0.25480	0.01873	0.05593	0.02757	0.01773	0.00840	0.00521	0.00177	0.00461	0.23824	0.00429	0.00604
4	0.01065	0.01159	0.09813	0.14173	0.45350	0.01065	0.01354	0.01401	0.03024	0.01484	0.01004	0.01344	0.00836	0.00985	0.13589	0.00255	0.00724	0.00447	0.00246	0.00683
5	0.39447	0.05860	0.10778	0.15451	0.06582	0.03200	0.00983	0.01416	0.00919	0.01728	0.00755	0.00976	0.00601	0.00504	0.00509	0.00157	0.08960	0.00337	0.00257	0.00581
6	0.14892	0.02282	0.67216	0.01278	0.01935	0.01135	0.01606	0.01538	0.01005	0.01662	0.00850	0.00998	0.00608	0.00465	0.00440	0.00155	0.00670	0.00347	0.00223	0.00695
7	0.03262	0.00884	0.01255	0.09313	0.01526	0.00837	0.05170	0.06906	0.02576	0.54534	0.07152	0.01713	0.01341	0.00610	0.00502	0.00154	0.00460	0.00515	0.00529	0.00764
8	0.01308	0.11744	0.42712	0.01354	0.06070	0.05469	0.03334	0.14098	0.01290	0.06714	0.00972	0.01080	0.00708	0.00490	0.00457	0.00146	0.00656	0.00379	0.00285	0.00733
9	0.00673	0.00504	0.00648	0.00688	0.00788	0.00444	0.00477	0.00788	0.00978	0.01350	0.06584	0.64840	0.02914	0.01319	0.00582	0.00176	0.00295	0.01189	0.00434	0.14328
10	0.10600	0.00809	0.01066	0.13996	0.01479	0.00830	0.00776	0.06219	0.02322	0.34759	0.06058	0.06753	0.01362	0.01002	0.09545	0.00229	0.00542	0.00542	0.00451	0.00661
11	0.01207	0.25550	0.49622	0.01185	0.01787	0.01329	0.01421	0.01619	0.01065	0.09584	0.00934	0.01032	0.00687	0.00468	0.00426	0.00141	0.00636	0.00348	0.00250	0.00710
12	0.01038	0.00982	0.01665	0.20735	0.40738	0.01046	0.05438	0.01302	0.01041	0.01443	0.01193	0.14486	0.01144	0.00651	0.00575	0.00164	0.04843	0.00601	0.00271	0.00644
13	0.00648	0.00462	0.00599	0.00691	0.00730	0.00441	0.00463	0.03275	0.00974	0.01299	0.02591	0.75186	0.03086	0.06126	0.00729	0.00214	0.00305	0.01326	0.00448	0.00408
14	0.01408	0.05548	0.01261	0.22970	0.01793	0.02025	0.00872	0.03503	0.06351	0.26732	0.06377	0.01584	0.02496	0.00564	0.00469	0.00141	0.00473	0.00467	0.00405	0.14561
15	0.11059	0.00984	0.01265	0.14281	0.09729	0.01040	0.00916	0.15235	0.08132	0.25933	0.02821	0.04160	0.01091	0.00595	0.00478	0.00155	0.00481	0.00487	0.00436	0.00722

[dist]
# distance from previous block
# <min> <max>
0	1

[block]
# block no. 6 follows, 51 sequences, length 6
# corresponding to MSA columns:
# 654-659
name=unknown_G
#
# <colnr> <probs for GDERKNQSTAVLIFYWHMCP>
#	G	D	E	R	K	N	Q	S	T	A	V	L	I	F	Y	W	H	M	C	P
0	0.01338	0.01078	0.01480	0.01208	0.01516	0.01101	0.16381	0.13175	0.26215	0.07272	0.10841	0.08702	0.05673	0.00811	0.00586	0.00184	0.00509	0.00705	0.00489	0.00737
1	0.18440	0.00927	0.01344	0.35453	0.16748	0.01033	0.01106	0.01501	0.01047	0.13192	0.01068	0.01404	0.00819	0.00524	0.00460	0.00159	0.00543	0.03298	0.00307	0.00626
2	0.01350	0.01184	0.02409	0.09315	0.02379	0.01123	0.55041	0.01710	0.01193	0.17432	0.01174	0.01394	0.00832	0.00461	0.00554	0.00163	0.00729	0.00549	0.00319	0.00687
3	0.00620	0.00449	0.00590	0.00686	0.00737	0.00419	0.00480	0.00730	0.00999	0.01324	0.07805	0.65152	0.08761	0.01468	0.00625	0.00197	0.00294	0.07793	0.00461	0.00409
4	0.18443	0.01105	0.01654	0.13972	0.42371	0.01177	0.04522	0.08049	0.01146	0.01802	0.00893	0.01147	0.00714	0.00462	0.00455	0.00151	0.00560	0.00409	0.00274	0.00694
5	0.56355	0.01230	0.12757	0.01238	0.17070	0.01121	0.00920	0.01474	0.00923	0.01987	0.00762	0.00918	0.00595	0.00454	0.00365	0.00151	0.00473	0.00315	0.00277	0.00611

[dist]
# distance from previous block
# <min> <max>
0	11

[block]
# block no. 7 follows, 51 sequences, length 21
# corresponding to MSA columns:
# 671-691
name=unknown_H
#
# <colnr> <probs for GDERKNQSTAVLIFYWHMCP>
#	G	D	E	R	K	N	Q	S	T	A	V	L	I	F	Y	W	H	M	C	P
0	0.56386	0.01038	0.00921	0.04146	0.01183	0.04339	0.00659	0.08466	0.07248	0.10132	0.00972	0.01029	0.00715	0.00504	0.00369	0.00152	0.00431	0.00337	0.00362	0.00612
1	0.21668	0.01043	0.01078	0.00875	0.01220	0.09025	0.00710	0.04543	0.04533	0.48151	0.01505	0.01380	0.00997	0.00564	0.00445	0.00150	0.00460	0.00424	0.00493	0.00736
2	0.10590	0.15364	0.50679	0.01198	0.01794	0.01307	0.01424	0.09334	0.01139	0.01720	0.00858	0.00985	0.00636	0.00471	0.00427	0.00146	0.00636	0.00344	0.00248	0.00700
3	0.00641	0.00495	0.00745	0.00788	0.00852	0.00462	0.06262	0.00751	0.00957	0.01278	0.02580	0.76329	0.03062	0.01455	0.00624	0.00197	0.00326	0.01336	0.00441	0.00419
4	0.01573	0.01230	0.01458	0.01107	0.01492	0.01293	0.06184	0.51126	0.01850	0.02541	0.01085	0.01173	0.00810	0.00630	0.02843	0.00154	0.03810	0.00422	0.00415	0.18804
5	0.06893	0.00924	0.01475	0.57593	0.15812	0.01089	0.01284	0.03060	0.01043	0.01452	0.04157	0.01355	0.00838	0.00504	0.00481	0.00159	0.00604	0.00444	0.00248	0.00587
6	0.00952	0.00886	0.01486	0.66988	0.11939	0.01064	0.01342	0.01268	0.01009	0.01310	0.00999	0.01593	0.00820	0.00545	0.00504	0.00166	0.00633	0.05694	0.00237	0.00566
7	0.00742	0.00521	0.00677	0.00636	0.00759	0.00486	0.00477	0.00996	0.03219	0.03869	0.73219	0.06081	0.04434	0.01004	0.00577	0.00156	0.00242	0.00887	0.00539	0.00478
8	0.01223	0.12863	0.07832	0.01433	0.03409	0.07187	0.25796	0.01490	0.01045	0.06796	0.00966	0.01246	0.00786	0.00912	0.10349	0.00236	0.15092	0.00458	0.00261	0.00621
9	0.05145	0.01807	0.01292	0.01128	0.01415	0.49259	0.00868	0.08588	0.07213	0.14985	0.02962	0.01180	0.00906	0.00553	0.00458	0.00137	0.00704	0.00387	0.00362	0.00650
10	0.00597	0.00435	0.00563	0.00665	0.00708	0.00401	0.00448	0.00686	0.00959	0.01262	0.02940	0.74481	0.11028	0.01509	0.00623	0.00196	0.00281	0.01360	0.00456	0.00401
11	0.00919	0.00564	0.00816	0.02647	0.00964	0.00532	0.04107	0.01047	0.01039	0.14775	0.04309	0.59484	0.02711	0.01278	0.00617	0.00188	0.01893	0.01152	0.00465	0.00494
12	0.02832	0.01041	0.01161	0.00968	0.01276	0.01120	0.00772	0.28271	0.26308	0.16877	0.01847	0.10208	0.03616	0.00735	0.00509	0.00161	0.00432	0.00604	0.00508	0.00754
13	0.01082	0.00710	0.00826	0.03910	0.01030	0.03140	0.00595	0.01421	0.12020	0.17518	0.17624	0.13271	0.21303	0.00977	0.00552	0.00165	0.00344	0.02449	0.00494	0.00569
14	0.01755	0.01257	0.01519	0.01159	0.01542	0.01348	0.08727	0.56655	0.03808	0.10132	0.01277	0.01296	0.00904	0.00574	0.00492	0.00148	0.00536	0.00465	0.05611	0.00794
15	0.00908	0.00853	0.01402	0.72217	0.03096	0.01058	0.01279	0.01211	0.00984	0.01258	0.01172	0.01557	0.06564	0.00563	0.00543	0.00166	0.03915	0.00481	0.00236	0.00536
16	0.02940	0.00595	0.00746	0.00716	0.00875	0.00565	0.00546	0.01231	0.07032	0.14268	0.28332	0.22092	0.10031	0.01079	0.00573	0.00172	0.00309	0.06861	0.00508	0.00528
17	0.00991	0.03727	0.09974	0.18144	0.05269	0.01059	0.32833	0.01322	0.01056	0.01427	0.01275	0.17062	0.01199	0.00662	0.00561	0.00169	0.01727	0.00670	0.00277	0.00596
18	0.05308	0.00992	0.03388	0.01124	0.09252	0.05451	0.02171	0.02036	0.03571	0.49045	0.09886	0.01730	0.01449	0.00619	0.00508	0.00152	0.01554	0.00509	0.00505	0.00751
19	0.21640	0.03935	0.01359	0.01098	0.01419	0.31282	0.06585	0.14220	0.01373	0.09814	0.00956	0.01042	0.00721	0.00565	0.01840	0.00153	0.00656	0.00365	0.00339	0.00638
20	0.10357	0.02231	0.01083	0.00872	0.01187	0.00919	0.00703	0.10725	0.14680	0.38070	0.06480	0.07632	0.01501	0.00691	0.00488	0.00157	0.00404	0.00563	0.00524	0.00737

[dist]
# distance from previous block
# <min> <max>
3	50

[block]
# block no. 8 follows, 51 sequences, length 47
# corresponding to MSA columns:
# 755-801
name=unknown_I
#
# <colnr> <probs for GDERKNQSTAVLIFYWHMCP>
#	G	D	E	R	K	N	Q	S	T	A	V	L	I	F	Y	W	H	M	C	P
0	0.06910	0.12266	0.01041	0.00773	0.00933	0.00862	0.00631	0.03477	0.00969	0.01428	0.10945	0.02057	0.01580	0.04834	0.38366	0.00460	0.03475	0.03995	0.04508	0.00488
1	0.12992	0.00603	0.00708	0.00703	0.00848	0.00594	0.00519	0.01099	0.01022	0.14569	0.02544	0.42311	0.13629	0.01995	0.00606	0.00183	0.03135	0.00993	0.00450	0.00497
2	0.07038	0.01024	0.08620	0.00839	0.01227	0.00798	0.01614	0.01433	0.12688	0.01670	0.01230	0.09950	0.01093	0.00554	0.00421	0.00115	0.00401	0.00459	0.00333	0.48492
3	0.47219	0.01056	0.00981	0.00854	0.01102	0.04755	0.00691	0.14871	0.01120	0.02081	0.00965	0.08780	0.00868	0.00644	0.00560	0.00164	0.11945	0.00432	0.00337	0.00575
4	0.01712	0.01354	0.08987	0.01102	0.01501	0.01308	0.00973	0.48839	0.01854	0.13582	0.01198	0.01217	0.00848	0.00583	0.00560	0.00148	0.06288	0.00430	0.00446	0.07069
5	0.13928	0.00935	0.01060	0.00885	0.01207	0.00973	0.00711	0.03919	0.30283	0.35238	0.04440	0.01665	0.01334	0.00621	0.00472	0.00158	0.00398	0.00497	0.00519	0.00758
6	0.01137	0.01074	0.01764	0.16626	0.55025	0.01082	0.01352	0.01425	0.01081	0.01543	0.00908	0.01205	0.00749	0.00437	0.00470	0.00139	0.00565	0.00417	0.00246	0.12755
7	0.00623	0.00500	0.00557	0.00543	0.00690	0.00433	0.00407	0.00788	0.01221	0.01567	0.32675	0.04335	0.51619	0.01155	0.00580	0.00162	0.00243	0.00982	0.00488	0.00433
8	0.01215	0.50234	0.05811	0.02087	0.01387	0.01736	0.03893	0.01389	0.00931	0.01200	0.00695	0.00914	0.00639	0.00557	0.00729	0.00144	0.25286	0.00333	0.00213	0.00607
9	0.01043	0.07703	0.61847	0.01347	0.03954	0.03370	0.02888	0.01530	0.01047	0.01526	0.00867	0.01024	0.00640	0.00453	0.00449	0.00143	0.00680	0.00354	0.00219	0.08914
10	0.01396	0.01165	0.02314	0.07625	0.07778	0.01103	0.48555	0.01742	0.01203	0.20213	0.01205	0.01399	0.00853	0.00468	0.00546	0.00161	0.00701	0.00539	0.00332	0.00704
11	0.01947	0.01273	0.01393	0.01073	0.01460	0.03364	0.00884	0.58083	0.02072	0.21346	0.01350	0.01290	0.00921	0.00592	0.00491	0.00148	0.00520	0.00452	0.00513	0.00829
12	0.00848	0.00510	0.00701	0.00725	0.00823	0.00467	0.01768	0.00974	0.01071	0.12496	0.12866	0.59085	0.03107	0.01318	0.00601	0.00186	0.00306	0.01188	0.00486	0.00474
13	0.05533	0.08829	0.01437	0.01005	0.01361	0.00963	0.11606	0.02898	0.09833	0.39142	0.01855	0.01808	0.07391	0.03426	0.00557	0.00163	0.00471	0.00531	0.00469	0.00719
14	0.02798	0.37861	0.12148	0.01174	0.01628	0.06618	0.15146	0.03270	0.01141	0.12499	0.00959	0.01059	0.00737	0.00461	0.00420	0.00132	0.00613	0.00374	0.00283	0.00677
15	0.00713	0.00505	0.00676	0.00762	0.00833	0.00493	0.00592	0.00863	0.01030	0.01364	0.07929	0.29471	0.02943	0.12902	0.00913	0.00248	0.00387	0.36523	0.00438	0.00414
16	0.01051	0.12645	0.02115	0.01452	0.01757	0.01192	0.38215	0.01302	0.01007	0.01357	0.01184	0.12279	0.01152	0.08568	0.00881	0.00199	0.12166	0.00636	0.00271	0.00570
17	0.09379	0.01995	0.52228	0.01495	0.12880	0.01092	0.01521	0.01637	0.01073	0.10786	0.00992	0.01114	0.00705	0.00478	0.00457	0.00153	0.00637	0.00380	0.00269	0.00728
18	0.00836	0.00547	0.00677	0.00632	0.00786	0.00497	0.00478	0.01061	0.03525	0.09995	0.45867	0.09238	0.21890	0.01048	0.00572	0.00161	0.00264	0.00909	0.00521	0.00496
19	0.00596	0.00438	0.00560	0.00658	0.00706	0.00401	0.00444	0.00687	0.00966	0.01265	0.03030	0.71420	0.14032	0.01498	0.00621	0.00195	0.00280	0.01346	0.00456	0.00401
20	0.01363	0.01209	0.02281	0.07601	0.02251	0.01184	0.48433	0.09114	0.06792	0.12827	0.01208	0.01395	0.00868	0.00482	0.00547	0.00162	0.00699	0.00542	0.00338	0.00704
21	0.01114	0.01462	0.13736	0.03280	0.02462	0.01200	0.63423	0.01539	0.01133	0.01556	0.01029	0.03797	0.00804	0.00458	0.00564	0.00165	0.00794	0.00572	0.00249	0.00662
22	0.01102	0.01321	0.07699	0.01881	0.02340	0.01183	0.63251	0.01495	0.01104	0.01520	0.01008	0.01358	0.00781	0.00746	0.08337	0.00227	0.03202	0.00556	0.00246	0.00642
23	0.01178	0.01054	0.01337	0.01140	0.01435	0.01171	0.11681	0.02335	0.61570	0.01948	0.03027	0.02032	0.01526	0.00681	0.00524	0.00170	0.00453	0.05539	0.00462	0.00736
24	0.03920	0.06283	0.73801	0.01348	0.02046	0.01178	0.01726	0.01548	0.01029	0.01560	0.00866	0.01018	0.00620	0.00464	0.00454	0.00153	0.00705	0.00355	0.00211	0.00715
25	0.02205	0.00836	0.01140	0.00874	0.01254	0.00722	0.00722	0.02395	0.01407	0.80004	0.01939	0.01673	0.01216	0.00608	0.00494	0.00152	0.00418	0.00494	0.00608	0.00836
26	0.00714	0.00583	0.00644	0.00627	0.00793	0.00552	0.00482	0.01051	0.12172	0.01597	0.22463	0.04120	0.44833	0.01113	0.00576	0.00168	0.00279	0.06270	0.00483	0.00481
