[name]
unknown

[dist]
# distance from previous block
# <min> <max>
1	82

[block]
# block no. 0 follows, 47 sequences, length 63
# corresponding to MSA columns:
# 122-157,159-185
name=unknown_A
#
# <colnr> <probs for GDERKNQSTAVLIFYWHMCP>
#	G	D	E	R	K	N	Q	S	T	A	V	L	I	F	Y	W	H	M	C	P
0	0.02035	0.01193	0.09319	0.01026	0.01452	0.06697	0.02526	0.02282	0.01424	0.57119	0.04507	0.01677	0.01274	0.00620	0.00516	0.00156	0.00514	0.00503	0.00546	0.04613
1	0.01628	0.01248	0.08279	0.01087	0.02970	0.01122	0.00922	0.27090	0.10040	0.17858	0.01542	0.07373	0.01195	0.00658	0.00508	0.00151	0.00496	0.00534	0.00476	0.14820
2	0.02598	0.00865	0.02909	0.07390	0.13188	0.00817	0.00832	0.01428	0.09685	0.04821	0.32223	0.02453	0.02577	0.03079	0.00596	0.00162	0.00407	0.00653	0.00437	0.12880
3	0.01013	0.00704	0.00776	0.00700	0.00787	0.00737	0.00456	0.16617	0.01110	0.01484	0.01559	0.02957	0.01683	0.64770	0.02206	0.00432	0.00519	0.00697	0.00358	0.00435
4	0.03677	0.01186	0.03133	0.47633	0.02818	0.09163	0.08473	0.03891	0.01151	0.01506	0.00930	0.01276	0.00713	0.00498	0.00500	0.00156	0.00684	0.00437	0.00260	0.11914
5	0.00983	0.00926	0.01562	0.80447	0.03587	0.01157	0.01446	0.01331	0.01041	0.01331	0.00926	0.01388	0.00694	0.00521	0.00521	0.00174	0.00694	0.00463	0.00231	0.00579
6	0.00983	0.00926	0.01562	0.80447	0.03587	0.01157	0.01446	0.01331	0.01041	0.01331	0.00926	0.01388	0.00694	0.00521	0.00521	0.00174	0.00694	0.00463	0.00231	0.00579
7	0.00658	0.00468	0.00614	0.00704	0.00744	0.00438	0.00471	0.00762	0.01042	0.01406	0.12876	0.64936	0.03521	0.07750	0.00812	0.00228	0.00310	0.01352	0.00482	0.00424
8	0.00797	0.00528	0.00663	0.00698	0.00781	0.00497	0.00480	0.00951	0.03554	0.06331	0.13844	0.43967	0.09226	0.14044	0.00953	0.00244	0.00335	0.01167	0.00482	0.00460
9	0.00934	0.00661	0.00812	0.00773	0.00931	0.00665	0.00581	0.03482	0.13566	0.06652	0.33349	0.19242	0.07895	0.01312	0.06503	0.00226	0.00393	0.00937	0.00523	0.00562
10	0.79150	0.01041	0.00825	0.00723	0.01052	0.01202	0.00596	0.07145	0.01003	0.02407	0.00764	0.00876	0.00588	0.00494	0.00337	0.00161	0.00416	0.00296	0.00337	0.00588
11	0.07284	0.00701	0.00781	0.00720	0.00930	0.00690	0.00553	0.01411	0.14374	0.10313	0.23128	0.08150	0.26908	0.01029	0.00571	0.00172	0.00317	0.00869	0.00521	0.00577
12	0.45118	0.00877	0.00818	0.00748	0.01007	0.00964	0.00594	0.05274	0.06494	0.05328	0.12077	0.10043	0.05144	0.00777	0.00456	0.00170	0.00378	0.02730	0.00423	0.00579
13	0.07106	0.01233	0.01336	0.01079	0.01450	0.01352	0.00876	0.37147	0.25498	0.14945	0.01615	0.01523	0.01148	0.00645	0.00512	0.00164	0.00492	0.00503	0.00531	0.00846
14	0.14051	0.01008	0.01197	0.00943	0.01329	0.00991	0.00775	0.13786	0.06933	0.50895	0.01746	0.01572	0.01145	0.00623	0.00495	0.00161	0.00455	0.00485	0.00572	0.00836
15	0.01881	0.01225	0.01374	0.01090	0.01462	0.01310	0.00886	0.47202	0.10265	0.19134	0.01637	0.07418	0.01239	0.00713	0.00533	0.00164	0.00508	0.00569	0.00545	0.00845
16	0.09847	0.00637	0.00790	0.00761	0.00936	0.00600	0.00566	0.01323	0.01174	0.22351	0.10281	0.41143	0.05177	0.01179	0.00585	0.00187	0.00343	0.01031	0.00519	0.00570
17	0.00836	0.00536	0.00704	0.00699	0.00816	0.00490	0.00509	0.01022	0.01305	0.08406	0.43992	0.30010	0.06221	0.01228	0.00624	0.00180	0.00282	0.01093	0.00546	0.00501
18	0.04919	0.00901	0.01182	0.00924	0.01311	0.00813	0.00758	0.02493	0.07147	0.69183	0.03434	0.01795	0.01356	0.00652	0.00519	0.00162	0.00436	0.00529	0.00624	0.00864
19	0.00714	0.00502	0.00640	0.00676	0.00764	0.00460	0.00476	0.00862	0.01188	0.03468	0.29246	0.40258	0.12868	0.04509	0.00716	0.00201	0.00289	0.01196	0.00512	0.00456
20	0.85377	0.01007	0.00765	0.00685	0.01007	0.01168	0.00564	0.01531	0.00886	0.02336	0.00725	0.00846	0.00564	0.00483	0.00322	0.00161	0.00403	0.00282	0.00322	0.00564
21	0.14416	0.00904	0.01144	0.00891	0.01283	0.00824	0.00736	0.02391	0.01403	0.67686	0.01861	0.01638	0.01184	0.00621	0.00494	0.00161	0.00437	0.00489	0.00598	0.00839
22	0.01910	0.07622	0.01557	0.01312	0.01592	0.74595	0.00999	0.02046	0.01449	0.01271	0.00800	0.00932	0.00671	0.00531	0.00461	0.00133	0.00914	0.00332	0.00265	0.00608
23	0.00748	0.00501	0.00571	0.00580	0.00582	0.00499	0.00328	0.00755	0.00775	0.01034	0.01733	0.09228	0.02009	0.75720	0.02502	0.00483	0.00490	0.00811	0.00328	0.00324
24	0.46654	0.00856	0.00818	0.00748	0.01010	0.00925	0.00588	0.02744	0.03372	0.13499	0.04573	0.19236	0.01531	0.00798	0.00450	0.00173	0.00383	0.00626	0.00426	0.00591
25	0.80032	0.01002	0.00816	0.05736	0.01170	0.01168	0.00620	0.01518	0.00896	0.02273	0.00738	0.00880	0.00572	0.00486	0.00335	0.00162	0.00421	0.00293	0.00317	0.00565
26	0.00827	0.00626	0.00718	0.00676	0.00848	0.00593	0.00512	0.04473	0.07871	0.03702	0.33847	0.08755	0.32324	0.01136	0.00604	0.00172	0.00290	0.00974	0.00529	0.00523
27	0.01284	0.01105	0.01169	0.01057	0.01347	0.01278	0.00825	0.02724	0.75568	0.02163	0.02136	0.02043	0.01625	0.00725	0.00535	0.00178	0.00414	0.02480	0.00529	0.00816
28	0.07825	0.01505	0.06411	0.01180	0.01612	0.01558	0.01019	0.66637	0.02252	0.03112	0.01193	0.01212	0.00849	0.00607	0.00505	0.00157	0.00573	0.00450	0.00488	0.00856
29	0.07397	0.00798	0.00967	0.01042	0.11241	0.00828	0.00630	0.12294	0.01113	0.05045	0.01469	0.04083	0.01505	0.47459	0.01739	0.00359	0.00516	0.00643	0.00357	0.00515
30	0.00647	0.00469	0.00605	0.00695	0.00746	0.00434	0.00470	0.00752	0.01048	0.01394	0.10069	0.64506	0.09887	0.04744	0.00735	0.00216	0.00302	0.01369	0.00485	0.00427
31	0.00634	0.00453	0.00604	0.00725	0.00755	0.00423	0.00483	0.00725	0.00997	0.01329	0.02870	0.81358	0.03444	0.01632	0.00665	0.00211	0.00302	0.01480	0.00483	0.00423
32	0.69174	0.01167	0.00914	0.00795	0.01125	0.06777	0.00648	0.10851	0.01121	0.02378	0.00796	0.00902	0.00611	0.00505	0.00357	0.00159	0.00462	0.00309	0.00343	0.00607
33	0.06667	0.00535	0.00628	0.00720	0.00775	0.01955	0.00486	0.00810	0.00984	0.01378	0.02632	0.67466	0.04272	0.07152	0.00776	0.00227	0.00335	0.01317	0.00456	0.00429
34	0.01806	0.01421	0.01378	0.01112	0.01452	0.13228	0.00889	0.47616	0.02030	0.08729	0.08031	0.03874	0.01351	0.03929	0.00611	0.00170	0.00579	0.00535	0.00488	0.00772
35	0.01080	0.00926	0.01080	0.00771	0.01234	0.00694	0.00617	0.01311	0.01080	0.01697	0.00926	0.01080	0.00771	0.00386	0.00386	0.00077	0.00386	0.00309	0.00309	0.84882
36	0.02891	0.24390	0.48367	0.01338	0.01970	0.01467	0.06067	0.03435	0.01118	0.01579	0.00882	0.01044	0.00674	0.00489	0.00479	0.00152	0.02320	0.00371	0.00233	0.00732
37	0.06837	0.00963	0.01005	0.00888	0.01114	0.07104	0.00678	0.15088	0.07024	0.13931	0.10885	0.16417	0.03542	0.05919	0.00771	0.05553	0.00453	0.00733	0.00475	0.00621
38	0.41405	0.01052	0.01043	0.00854	0.01199	0.01134	0.00697	0.18977	0.01391	0.20529	0.02518	0.01324	0.00943	0.04217	0.00525	0.00176	0.00453	0.00414	0.00448	0.00701
39	0.00988	0.01051	0.07045	0.74856	0.03492	0.01161	0.01480	0.01353	0.01045	0.01353	0.00926	0.01368	0.00692	0.00519	0.00519	0.00173	0.00700	0.00457	0.00231	0.00592
40	0.07268	0.03068	0.03861	0.09595	0.04928	0.27061	0.06702	0.26372	0.01654	0.02065	0.00994	0.01148	0.00760	0.00593	0.01556	0.00161	0.00735	0.00418	0.00348	0.00711
41	0.00657	0.00483	0.00665	0.05774	0.00935	0.00469	0.00544	0.00763	0.01000	0.01329	0.02747	0.76294	0.03270	0.01561	0.00656	0.00209	0.00327	0.01416	0.00467	0.00433
42	0.01156	0.01101	0.01873	0.36873	0.45813	0.01202	0.01532	0.01482	0.01123	0.01540	0.00956	0.01332	0.00768	0.00489	0.00518	0.00163	0.00652	0.00463	0.00246	0.00717
43	0.00641	0.00458	0.00610	0.00721	0.00757	0.00427	0.00484	0.00742	0.01028	0.01379	0.07830	0.76256	0.03541	0.01594	0.00661	0.00208	0.00298	0.01445	0.00489	0.00427
44	0.01392	0.82012	0.02729	0.00891	0.01337	0.02061	0.00891	0.01559	0.01058	0.01225	0.00724	0.00835	0.00668	0.00446	0.00334	0.00111	0.00557	0.00278	0.00223	0.00668
45	0.00804	0.00576	0.00735	0.00698	0.00831	0.00551	0.00521	0.01126	0.07108	0.03684	0.63902	0.10846	0.04452	0.01081	0.00611	0.00169	0.00268	0.00956	0.00563	0.00518
46	0.00648	0.00482	0.00604	0.00673	0.00749	0.00438	0.00467	0.00774	0.01117	0.01475	0.16206	0.52735	0.18785	0.01472	0.00646	0.00196	0.00285	0.01312	0.00499	0.00438
47	0.00745	0.00554	0.00817	0.00817	0.00903	0.00640	0.00626	0.00917	0.00831	0.01194	0.01413	0.02148	0.01346	0.09714	0.73886	0.00812	0.01328	0.00573	0.00282	0.00454
48	0.01101	0.00938	0.01091	0.00781	0.01243	0.00715	0.00626	0.03044	0.01111	0.01733	0.00933	0.01084	0.00774	0.00391	0.00389	0.00079	0.00390	0.00312	0.00313	0.82952
49	0.00670	0.00530	0.00603	0.00585	0.00737	0.00463	0.00439	0.00853	0.01316	0.01713	0.38014	0.04508	0.45309	0.01205	0.00615	0.00170	0.00256	0.01028	0.00524	0.00463
50	0.46584	0.03167	0.04845	0.09568	0.09613	0.01168	0.06512	0.03031	0.01055	0.03601	0.05750	0.01223	0.00926	0.00524	0.00420	0.00162	0.00507	0.00400	0.00321	0.00624
51	0.85377	0.01007	0.00765	0.00685	0.01007	0.01168	0.00564	0.01531	0.00886	0.02336	0.00725	0.00846	0.00564	0.00483	0.00322	0.00161	0.00403	0.00282	0.00322	0.00564
52	0.00749	0.00538	0.00737	0.00737	0.00796	0.00597	0.00527	0.00866	0.00807	0.01135	0.01486	0.02551	0.01521	0.32748	0.51092	0.00714	0.01065	0.00632	0.00293	0.00410
53	0.01534	0.01281	0.01496	0.04675	0.16194	0.04306	0.01040	0.29872	0.25396	0.02373	0.01459	0.01572	0.01127	0.04564	0.00625	0.00179	0.00547	0.00514	0.00443	0.00804
54	0.00983	0.00926	0.01562	0.80447	0.03587	0.01157	0.01446	0.01331	0.01041	0.01331	0.00926	0.01388	0.00694	0.00521	0.00521	0.00174	0.00694	0.00463	0.00231	0.00579
55	0.01050	0.00534	0.00599	0.03162	0.00781	0.00540	0.00450	0.01289	0.01099	0.07306	0.01675	0.01920	0.01308	0.00865	0.06582	0.00182	0.00362	0.00493	0.69288	0.00515
56	0.00658	0.00513	0.00622	0.00658	0.00769	0.00481	0.00480	0.00792	0.01069	0.01369	0.06672	0.26506	0.36000	0.03568	0.15564	0.00318	0.00497	0.02579	0.00445	0.00440
57	0.01352	0.42973	0.19540	0.01383	0.09398	0.07197	0.06751	0.01649	0.01132	0.03068	0.00855	0.01009	0.00705	0.00469	0.00422	0.00135	0.00659	0.00355	0.00241	0.00709
58	0.01393	0.01185	0.02538	0.01056	0.02812	0.03731	0.00831	0.17132	0.34196	0.03711	0.01624	0.03493	0.02178	0.00627	0.00494	0.00147	0.00461	0.00509	0.00456	0.21428
59	0.07790	0.13661	0.10669	0.04353	0.03622	0.28026	0.01042	0.10752	0.03160	0.01745	0.07900	0.01386	0.01141	0.00592	0.00470	0.00147	0.00677	0.01880	0.00326	0.00661
60	0.01218	0.02099	0.40493	0.01871	0.16818	0.09581	0.12782	0.02835	0.01197	0.01645	0.02253	0.01233	0.00800	0.00570	0.02214	0.00176	0.00776	0.00443	0.00251	0.00743
61	0.85377	0.01007	0.00765	0.00685	0.01007	0.01168	0.00564	0.01531	0.00886	0.02336	0.00725	0.00846	0.00564	0.00483	0.00322	0.00161	0.00403	0.00282	0.00322	0.00564
62	0.00756	0.00512	0.00604	0.00604	0.00617	0.00524	0.00361	0.00780	0.00768	0.01036	0.01608	0.03225	0.01814	0.71264	0.12976	0.00549	0.00624	0.00731	0.00311	0.00336

[dist]
# distance from previous block
# <min> <max>
0	28

[block]
# block no. 1 follows, 47 sequences, length 21
# corresponding to MSA columns:
# 214-234
name=unknown_B
#
# <colnr> <probs for GDERKNQSTAVLIFYWHMCP>
#	G	D	E	R	K	N	Q	S	T	A	V	L	I	F	Y	W	H	M	C	P
0	0.01045	0.02694	0.79000	0.01484	0.02254	0.01209	0.01924	0.01649	0.01099	0.01649	0.00935	0.01099	0.00660	0.00495	0.00495	0.00165	0.00770	0.00385	0.00220	0.00770
1	0.00752	0.00503	0.00570	0.00575	0.00576	0.00501	0.00323	0.00756	0.00768	0.01023	0.01693	0.06733	0.01959	0.78283	0.02566	0.00492	0.00496	0.00788	0.00323	0.00320
2	0.00634	0.00526	0.00555	0.00553	0.00716	0.00447	0.00413	0.00781	0.01222	0.01503	0.15829	0.07594	0.64847	0.01293	0.00617	0.00175	0.00263	0.01090	0.00497	0.00447
3	0.00744	0.00551	0.00799	0.00795	0.00883	0.00622	0.00605	0.00919	0.00891	0.01275	0.08792	0.02346	0.01702	0.10649	0.65101	0.00742	0.01204	0.00613	0.00311	0.00454
4	0.01080	0.00926	0.01080	0.00771	0.01234	0.00694	0.00617	0.01311	0.01080	0.01697	0.00926	0.01080	0.00771	0.00386	0.00386	0.00077	0.00386	0.00309	0.00309	0.84882
5	0.01865	0.02440	0.06876	0.01128	0.03633	0.01038	0.04699	0.20781	0.01672	0.38007	0.10771	0.01800	0.01529	0.00661	0.00533	0.00160	0.00504	0.00549	0.00538	0.00816
6	0.01626	0.20179	0.06852	0.04813	0.05429	0.21076	0.01065	0.21206	0.09494	0.01923	0.01061	0.01148	0.00829	0.00549	0.00464	0.00144	0.00664	0.00398	0.00345	0.00735
7	0.00876	0.00471	0.00707	0.00707	0.00723	0.00488	0.00488	0.00723	0.00707	0.00959	0.00992	0.01666	0.00976	0.02184	0.15920	0.69817	0.00621	0.00471	0.00236	0.00269
8	0.00750	0.00522	0.00681	0.00671	0.00774	0.00483	0.00487	0.00949	0.01337	0.03484	0.56768	0.20250	0.04374	0.05221	0.00725	0.00191	0.00275	0.01038	0.00543	0.00476
9	0.71644	0.00955	0.00804	0.04257	0.01108	0.01094	0.00601	0.01491	0.00963	0.03949	0.08202	0.01183	0.01004	0.00544	0.00364	0.00162	0.00402	0.00359	0.00349	0.00565
10	0.01392	0.82012	0.02729	0.00891	0.01337	0.02061	0.00891	0.01559	0.01058	0.01225	0.00724	0.00835	0.00668	0.00446	0.00334	0.00111	0.00557	0.00278	0.00223	0.00668
11	0.01314	0.01348	0.02876	0.04262	0.02630	0.01267	0.68192	0.01731	0.01246	0.08052	0.01133	0.01435	0.00829	0.00458	0.00604	0.00174	0.00837	0.00603	0.00294	0.00714
12	0.01328	0.01120	0.01275	0.07571	0.05414	0.01284	0.00920	0.06102	0.62100	0.04001	0.01923	0.01828	0.01438	0.00674	0.00528	0.00174	0.00454	0.00565	0.00495	0.00809
13	0.00686	0.00504	0.00651	0.00727	0.00810	0.00469	0.00536	0.00836	0.01142	0.01512	0.16166	0.43697	0.14205	0.01455	0.00659	0.00203	0.00319	0.14478	0.00498	0.00447
14	0.00661	0.00472	0.00621	0.00704	0.00752	0.00441	0.00478	0.00779	0.01083	0.01469	0.18119	0.62126	0.03674	0.05100	0.00743	0.00215	0.00300	0.01339	0.00494	0.00432
15	0.00985	0.00758	0.00983	0.08527	0.01267	0.06367	0.00762	0.01184	0.00957	0.07657	0.01362	0.01881	0.01197	0.03069	0.59807	0.00667	0.01216	0.00530	0.00304	0.00521
16	0.01037	0.01013	0.01557	0.76005	0.03476	0.05562	0.01422	0.01373	0.01066	0.01327	0.00919	0.01363	0.00693	0.00522	0.00518	0.00171	0.00708	0.00456	0.00233	0.00580
17	0.03399	0.01199	0.05796	0.01076	0.01484	0.08448	0.05113	0.06067	0.03036	0.54199	0.03591	0.01647	0.01227	0.00622	0.00521	0.00160	0.00534	0.00508	0.00547	0.00826
18	0.01676	0.00764	0.01008	0.00850	0.01142	0.00687	0.00689	0.01934	0.04661	0.46041	0.15426	0.05656	0.08303	0.00885	0.00571	0.00173	0.00392	0.07826	0.00593	0.00725
19	0.18331	0.07514	0.25341	0.03570	0.16037	0.07775	0.03412	0.01745	0.08442	0.01780	0.00992	0.01148	0.00766	0.00506	0.00457	0.00158	0.00633	0.00395	0.00283	0.00716
20	0.01134	0.01097	0.01905	0.32736	0.39648	0.01175	0.07695	0.01460	0.01134	0.01542	0.01169	0.01514	0.04451	0.00524	0.00530	0.00165	0.00652	0.00506	0.00259	0.00702

[dist]
# distance from previous block
# <min> <max>
1	3

[block]
# block no. 2 follows, 47 sequences, length 10
# corresponding to MSA columns:
# 238-246,261
name=unknown_C
#
# <colnr> <probs for GDERKNQSTAVLIFYWHMCP>
#	G	D	E	R	K	N	Q	S	T	A	V	L	I	F	Y	W	H	M	C	P
0	0.01093	0.02067	0.47545	0.01572	0.02190	0.01171	0.20849	0.04237	0.01212	0.01739	0.06570	0.01607	0.01115	0.00570	0.00545	0.00171	0.00739	0.04005	0.00279	0.00723
1	0.01039	0.01012	0.01416	0.59761	0.02949	0.07736	0.01253	0.01396	0.04425	0.01419	0.06665	0.04108	0.03442	0.00627	0.00531	0.00171	0.00646	0.00542	0.00287	0.00576
2	0.07711	0.01455	0.08354	0.01133	0.01566	0.01426	0.00993	0.54071	0.03981	0.02849	0.01219	0.03264	0.00916	0.00610	0.00496	0.00152	0.00551	0.00463	0.00460	0.08329
3	0.00632	0.00462	0.00595	0.00702	0.00749	0.00425	0.00473	0.00728	0.01019	0.01338	0.03151	0.72444	0.12177	0.01595	0.00659	0.00207	0.00298	0.01436	0.00483	0.00425
4	0.01352	0.72750	0.11634	0.00960	0.01444	0.01961	0.01012	0.01570	0.01063	0.01275	0.00749	0.00866	0.00667	0.00451	0.00353	0.00118	0.00582	0.00291	0.00222	0.00680
5	0.01007	0.00846	0.00991	0.00788	0.01146	0.00692	0.00608	0.01321	0.07898	0.01664	0.01433	0.17692	0.01395	0.00671	0.00456	0.00114	0.00371	0.00575	0.00364	0.59968
6	0.01044	0.00888	0.01042	0.00768	0.01196	0.00672	0.00606	0.01264	0.01073	0.01668	0.01081	0.07505	0.00985	0.00485	0.00408	0.00088	0.00379	0.00402	0.00323	0.78122
7	0.01466	0.01012	0.01182	0.00888	0.01318	0.00894	0.00717	0.12505	0.08190	0.16574	0.01293	0.01313	0.00959	0.00498	0.00444	0.00113	0.00426	0.00397	0.00422	0.49388
8	0.00959	0.00634	0.00780	0.00794	0.00927	0.00625	0.00573	0.03293	0.12292	0.10149	0.05927	0.50647	0.07701	0.01316	0.00620	0.00195	0.00336	0.01170	0.00513	0.00549
9	0.16023	0.03350	0.06860	0.14043	0.05445	0.16362	0.01015	0.12563	0.03849	0.03277	0.09157	0.01430	0.01187	0.00589	0.00477	0.00155	0.00603	0.00450	0.00352	0.02814

[dist]
# distance from previous block
# <min> <max>
1	11

[block]
# block no. 3 follows, 47 sequences, length 28
# corresponding to MSA columns:
# 273-300
name=unknown_D
#
# <colnr> <probs for GDERKNQSTAVLIFYWHMCP>
#	G	D	E	R	K	N	Q	S	T	A	V	L	I	F	Y	W	H	M	C	P
0	0.10411	0.00922	0.01335	0.42638	0.07386	0.01014	0.01095	0.01396	0.01046	0.06046	0.01025	0.01440	0.00824	0.06428	0.00631	0.00178	0.00576	0.00442	0.00287	0.14881
1	0.03241	0.01104	0.01811	0.42169	0.17702	0.01240	0.10564	0.07855	0.06060	0.01687	0.01050	0.01381	0.00801	0.00519	0.00527	0.00169	0.00667	0.00486	0.00286	0.00683
2	0.10705	0.07015	0.01416	0.04118	0.01530	0.47417	0.00919	0.06103	0.06033	0.03788	0.05470	0.01214	0.00994	0.00574	0.00464	0.00143	0.00741	0.00394	0.00328	0.00633
3	0.00743	0.00569	0.00722	0.04631	0.00925	0.00523	0.00522	0.00942	0.01277	0.01757	0.43269	0.13300	0.15766	0.05766	0.00717	0.00186	0.00303	0.00953	0.00496	0.06634
4	0.01746	0.01884	0.01504	0.01282	0.01593	0.41994	0.05526	0.18438	0.12494	0.01915	0.05640	0.01351	0.01105	0.00605	0.00507	0.00149	0.00740	0.00453	0.00378	0.00696
5	0.04602	0.04860	0.73558	0.01434	0.02176	0.01232	0.01838	0.01642	0.01089	0.01666	0.00920	0.01081	0.00656	0.00493	0.00483	0.00163	0.00748	0.00377	0.00224	0.00758
6	0.01080	0.00926	0.01080	0.00771	0.01234	0.00694	0.00617	0.01311	0.01080	0.01697	0.00926	0.01080	0.00771	0.00386	0.00386	0.00077	0.00386	0.00309	0.00309	0.84882
7	0.00932	0.07069	0.01009	0.00770	0.00973	0.00677	0.05139	0.01149	0.01348	0.08637	0.42672	0.07355	0.18226	0.01018	0.00587	0.00165	0.00333	0.00890	0.00511	0.00540
8	0.01139	0.00731	0.00892	0.00775	0.00987	0.00713	0.00604	0.10685	0.06033	0.12930	0.48316	0.03232	0.08946	0.00948	0.00585	0.00164	0.00325	0.00815	0.00568	0.00611
9	0.02336	0.00886	0.01209	0.00927	0.01329	0.00765	0.00765	0.02538	0.01491	0.78810	0.02055	0.01773	0.01289	0.00645	0.00524	0.00161	0.00443	0.00524	0.00645	0.00886
10	0.00756	0.00510	0.00594	0.00594	0.00603	0.00519	0.00348	0.00774	0.00765	0.01029	0.01617	0.03274	0.01835	0.74069	0.10201	0.00537	0.00592	0.00738	0.00312	0.00330
11	0.79310	0.00998	0.00798	0.00702	0.01031	0.01139	0.00579	0.01604	0.00930	0.07923	0.00822	0.00914	0.00617	0.00495	0.00337	0.00161	0.00406	0.00300	0.00346	0.00588
12	0.01047	0.00891	0.01045	0.00768	0.01199	0.00674	0.00607	0.01268	0.01074	0.01670	0.01068	0.06945	0.00967	0.00477	0.00406	0.00087	0.00380	0.00394	0.00321	0.78712
13	0.01106	0.00879	0.01047	0.00783	0.01201	0.00679	0.00630	0.01338	0.01133	0.05564	0.05996	0.01583	0.01195	0.00506	0.00427	0.00097	0.00385	0.04883	0.00352	0.70216
14	0.76924	0.01010	0.00820	0.00717	0.01048	0.01150	0.00591	0.03657	0.00974	0.08052	0.00838	0.00926	0.00627	0.00499	0.00343	0.00161	0.00410	0.00305	0.00352	0.00597
15	0.11098	0.01359	0.01418	0.01121	0.01509	0.01518	0.00918	0.57506	0.13337	0.03015	0.01320	0.01308	0.00954	0.00621	0.00500	0.00160	0.00531	0.00466	0.00500	0.00841
16	0.01596	0.06204	0.01444	0.01200	0.03913	0.16881	0.00922	0.23145	0.31693	0.02206	0.01526	0.04429	0.01202	0.00662	0.00509	0.00159	0.00572	0.00516	0.00447	0.00774
17	0.85377	0.01007	0.00765	0.00685	0.01007	0.01168	0.00564	0.01531	0.00886	0.02336	0.00725	0.00846	0.00564	0.00483	0.00322	0.00161	0.00403	0.00282	0.00322	0.00564
18	0.01045	0.02694	0.79000	0.01484	0.02254	0.01209	0.01924	0.01649	0.01099	0.01649	0.00935	0.01099	0.00660	0.00495	0.00495	0.00165	0.00770	0.00385	0.00220	0.00770
19	0.00691	0.00736	0.10337	0.00815	0.00943	0.00525	0.00663	0.00855	0.01038	0.01414	0.07044	0.66859	0.03185	0.01457	0.00641	0.00203	0.00357	0.01313	0.00456	0.00470
20	0.01945	0.02482	0.01476	0.01342	0.01610	0.79608	0.01006	0.02079	0.01476	0.01275	0.00805	0.00939	0.00671	0.00537	0.00470	0.00134	0.00939	0.00335	0.00268	0.00604
21	0.00752	0.00548	0.00709	0.00669	0.00795	0.00514	0.00501	0.01031	0.03805	0.02072	0.73940	0.05777	0.04774	0.01068	0.00613	0.00165	0.00252	0.00944	0.00570	0.00500
22	0.01980	0.01459	0.01563	0.01198	0.01615	0.01615	0.00990	0.76713	0.02448	0.03282	0.01250	0.01250	0.00886	0.00625	0.00521	0.00156	0.00573	0.00469	0.00521	0.00886
23	0.00786	0.00543	0.00712	0.00664	0.00795	0.00500	0.00500	0.01031	0.01475	0.04459	0.75822	0.03825	0.04802	0.01052	0.00611	0.00164	0.00252	0.00929	0.00575	0.00504
24	0.00628	0.00528	0.00545	0.00541	0.00711	0.00445	0.00406	0.00772	0.01217	0.01478	0.12879	0.04895	0.70591	0.01292	0.00615	0.00175	0.00262	0.01083	0.00493	0.00445
25	0.00764	0.00569	0.00714	0.00672	0.00809	0.00539	0.00506	0.01079	0.06279	0.02044	0.68022	0.03848	0.10059	0.01060	0.00609	0.00165	0.00258	0.00931	0.00564	0.00509
26	0.02043	0.01356	0.01500	0.01150	0.01564	0.01463	0.00950	0.63451	0.02277	0.16786	0.01394	0.01344	0.00958	0.00629	0.00521	0.00157	0.00550	0.00479	0.00543	0.00886
27	0.01186	0.02457	0.01218	0.05669	0.01439	0.00802	0.02951	0.02841	0.02882	0.06600	0.01031	0.01171	0.00819	0.00425	0.00414	0.00096	0.00430	0.00349	0.00331	0.66890

[dist]
# distance from previous block
# <min> <max>
0	1

[block]
# block no. 4 follows, 47 sequences, length 25
# corresponding to MSA columns:
# 302-326
name=unknown_E
#
# <colnr> <probs for GDERKNQSTAVLIFYWHMCP>
#	G	D	E	R	K	N	Q	S	T	A	V	L	I	F	Y	W	H	M	C	P
0	0.00748	0.00567	0.00703	0.00645	0.00807	0.00501	0.00487	0.00974	0.01392	0.01943	0.59427	0.03820	0.16441	0.01045	0.00594	0.00158	0.00261	0.00911	0.00535	0.08041
1	0.01432	0.00937	0.01123	0.00855	0.01257	0.00798	0.00684	0.10809	0.01333	0.19292	0.01406	0.08915	0.01157	0.00593	0.00460	0.00119	0.00414	0.00489	0.00427	0.47500
2	0.08576	0.00933	0.01370	0.13583	0.01736	0.00898	0.13652	0.04991	0.01155	0.01701	0.03109	0.12640	0.07990	0.00704	0.00510	0.00149	0.00504	0.00634	0.00345	0.24820
3	0.27090	0.40491	0.01872	0.00900	0.01280	0.05547	0.00812	0.09521	0.03298	0.01811	0.00822	0.00926	0.00686	0.00500	0.00399	0.00137	0.02639	0.00316	0.00295	0.00658
4	0.00757	0.00505	0.00568	0.00568	0.00568	0.00505	0.00316	0.00757	0.00757	0.01010	0.01641	0.03408	0.01893	0.81698	0.02651	0.00505	0.00505	0.00757	0.00316	0.00316
5	0.01718	0.07730	0.01692	0.08268	0.11582	0.01523	0.01083	0.48007	0.07243	0.04180	0.01222	0.01293	0.00901	0.00587	0.00506	0.00156	0.00574	0.00462	0.00442	0.00830
6	0.00623	0.00500	0.00556	0.00601	0.00723	0.00433	0.00428	0.00739	0.01116	0.01378	0.04376	0.33553	0.50278	0.01436	0.00634	0.00189	0.00278	0.01242	0.00484	0.00433
7	0.01196	0.10809	0.59736	0.01425	0.02115	0.01271	0.06715	0.01711	0.01135	0.07718	0.01009	0.01145	0.00719	0.00498	0.00488	0.00160	0.00729	0.00400	0.00257	0.00764
8	0.01733	0.08293	0.01546	0.08295	0.06951	0.01065	0.06107	0.08061	0.06395	0.35849	0.08867	0.01765	0.01445	0.00631	0.00521	0.00159	0.00508	0.00538	0.00492	0.00780
9	0.00729	0.00493	0.00576	0.00604	0.00611	0.00486	0.00354	0.00750	0.00813	0.01084	0.01926	0.21464	0.02253	0.63152	0.02191	0.00437	0.00458	0.00925	0.00354	0.00340
10	0.85377	0.01007	0.00765	0.00685	0.01007	0.01168	0.00564	0.01531	0.00886	0.02336	0.00725	0.00846	0.00564	0.00483	0.00322	0.00161	0.00403	0.00282	0.00322	0.00564
11	0.46633	0.20466	0.03947	0.00869	0.01243	0.06878	0.00769	0.10805	0.01167	0.02092	0.00802	0.00908	0.00639	0.00496	0.00365	0.00147	0.00510	0.00311	0.00316	0.00638
12	0.01417	0.01007	0.04974	0.00854	0.01312	0.00751	0.00726	0.01685	0.02791	0.22231	0.01252	0.01283	0.00921	0.00467	0.00431	0.00106	0.00421	0.00375	0.00398	0.56599
13	0.01252	0.04053	0.14044	0.03354	0.40632	0.06455	0.08171	0.01680	0.06504	0.01701	0.06200	0.01453	0.01105	0.00529	0.00520	0.00158	0.00647	0.00491	0.00292	0.00760
14	0.01257	0.08196	0.55407	0.01439	0.05023	0.08244	0.01636	0.01736	0.01167	0.07697	0.01043	0.01244	0.00775	0.00529	0.00489	0.00159	0.00730	0.02213	0.00266	0.00752
15	0.01142	0.00752	0.01194	0.00964	0.01215	0.00684	0.13381	0.01406	0.01422	0.17716	0.45940	0.03092	0.07105	0.00885	0.00596	0.00166	0.00394	0.00809	0.00531	0.00605
16	0.61536	0.00972	0.00893	0.00754	0.01100	0.01053	0.00622	0.01820	0.01060	0.24292	0.01107	0.01112	0.00772	0.00530	0.00380	0.00161	0.00414	0.00351	0.00415	0.00657
17	0.07728	0.02198	0.55626	0.01550	0.08674	0.01162	0.06673	0.01574	0.01105	0.01693	0.01231	0.01388	0.06057	0.00545	0.00499	0.00165	0.00700	0.00448	0.00252	0.00731
18	0.01599	0.00834	0.01145	0.01134	0.10119	0.00800	0.00779	0.03703	0.09671	0.34683	0.08119	0.07343	0.01644	0.00929	0.00796	0.14459	0.00439	0.00611	0.00496	0.00696
19	0.00670	0.00517	0.00612	0.00615	0.00744	0.00459	0.00451	0.00844	0.01277	0.01684	0.35929	0.17419	0.34375	0.01263	0.00623	0.00177	0.00263	0.01096	0.00522	0.00459
20	0.00671	0.00489	0.00632	0.00682	0.00759	0.00450	0.00479	0.00824	0.01193	0.01622	0.31413	0.45673	0.10398	0.01391	0.00641	0.00190	0.00278	0.01245	0.00517	0.00450
21	0.01277	0.18443	0.01978	0.34263	0.20948	0.01342	0.04476	0.01567	0.01128	0.08351	0.01002	0.01281	0.00778	0.00498	0.00484	0.00155	0.00632	0.00435	0.00274	0.00690
22	0.01404	0.01427	0.01493	0.17036	0.15427	0.19711	0.01125	0.05194	0.26728	0.01749	0.01393	0.01506	0.02340	0.00594	0.00512	0.00161	0.00632	0.00486	0.00361	0.00720
23	0.00747	0.00592	0.00639	0.00605	0.00774	0.00537	0.00453	0.06071	0.01309	0.01661	0.20894	0.04392	0.51377	0.06745	0.00749	0.00194	0.00298	0.00997	0.00494	0.00473
24	0.01216	0.00857	0.00960	0.00877	0.01121	0.00899	0.00673	0.03503	0.35907	0.13478	0.02866	0.15936	0.17560	0.00977	0.00569	0.00180	0.00371	0.00832	0.00530	0.00688

[dist]
# distance from previous block
# <min> <max>
1	6

[block]
# block no. 5 follows, 47 sequences, length 16
# corresponding to MSA columns:
# 334-349
name=unknown_F
#
# <colnr> <probs for GDERKNQSTAVLIFYWHMCP>
#	G	D	E	R	K	N	Q	S	T	A	V	L	I	F	Y	W	H	M	C	P
0	0.01119	0.01260	0.09655	0.28252	0.19932	0.01136	0.14928	0.01481	0.01120	0.01566	0.00962	0.01291	0.00750	0.00469	0.00512	0.00153	0.00669	0.00458	0.00254	0.14033
1	0.31833	0.01033	0.01254	0.34129	0.02189	0.03715	0.03416	0.06414	0.01109	0.01858	0.03201	0.02789	0.02455	0.00572	0.00479	0.00168	0.02047	0.00444	0.00306	0.00590
2	0.01543	0.01130	0.01278	0.00981	0.01390	0.01104	0.00799	0.31769	0.06516	0.08704	0.01285	0.01409	0.00983	0.00651	0.02730	0.00148	0.00499	0.02308	0.00439	0.34335
3	0.16268	0.47068	0.09169	0.01060	0.04715	0.09025	0.00972	0.03920	0.01119	0.01549	0.00778	0.00903	0.00663	0.00472	0.00373	0.00130	0.00588	0.00308	0.00255	0.00666
4	0.00839	0.00705	0.01012	0.01290	0.20859	0.00664	0.00754	0.01056	0.01277	0.01739	0.32179	0.12026	0.21517	0.01033	0.00595	0.00170	0.00353	0.00916	0.00460	0.00558
5	0.01331	0.01240	0.01663	0.06083	0.38210	0.05698	0.01231	0.06272	0.25695	0.01917	0.04360	0.01583	0.01217	0.00581	0.00522	0.00162	0.00557	0.00515	0.00372	0.00790
6	0.41878	0.00983	0.01022	0.00830	0.01195	0.01015	0.00685	0.07114	0.01268	0.37225	0.01366	0.01295	0.00916	0.00566	0.00428	0.00161	0.00433	0.00405	0.00483	0.00733
7	0.01327	0.06304	0.11668	0.03445	0.05193	0.01331	0.01037	0.07011	0.50416	0.03970	0.01734	0.01670	0.01298	0.00639	0.00512	0.00168	0.00497	0.00524	0.00451	0.00806
8	0.00642	0.00459	0.00611	0.00720	0.00757	0.00428	0.00484	0.00743	0.01030	0.01382	0.08100	0.75978	0.03546	0.01592	0.00661	0.00208	0.00298	0.01443	0.00490	0.00428
9	0.00656	0.00505	0.00575	0.00602	0.00708	0.00451	0.00420	0.00773	0.01115	0.01419	0.13518	0.24818	0.38539	0.12430	0.00908	0.00229	0.00305	0.01133	0.00472	0.00425
10	0.04005	0.35242	0.15512	0.06432	0.13308	0.01597	0.10340	0.05129	0.01164	0.01562	0.00875	0.01071	0.00713	0.00470	0.00443	0.00142	0.00646	0.00385	0.00250	0.00714
11	0.02116	0.01131	0.01347	0.01044	0.01445	0.01142	0.00859	0.31972	0.07633	0.43048	0.01740	0.01578	0.01152	0.00642	0.00523	0.00160	0.00492	0.00507	0.00587	0.00881
12	0.01626	0.08609	0.01507	0.02812	0.09212	0.17278	0.00954	0.15974	0.13631	0.11793	0.01400	0.04835	0.01115	0.00855	0.05894	0.00201	0.00655	0.00500	0.00410	0.00738
13	0.01081	0.00700	0.00961	0.00940	0.03418	0.00676	0.04209	0.02633	0.09689	0.14726	0.10370	0.39731	0.05147	0.01180	0.00611	0.00189	0.00376	0.02269	0.00509	0.00588
14	0.01024	0.00951	0.01512	0.70065	0.03295	0.01175	0.01365	0.01518	0.11042	0.01441	0.01082	0.01461	0.00811	0.00545	0.00522	0.00174	0.00657	0.00479	0.00270	0.00611
15	0.01129	0.01978	0.41142	0.08157	0.08492	0.02671	0.15182	0.01686	0.06339	0.01663	0.01037	0.01247	0.00770	0.00493	0.00515	0.00162	0.00726	0.00447	0.00259	0.05905

[dist]
# distance from previous block
# <min> <max>
1	11

[block]
# block no. 6 follows, 47 sequences, length 26
# corresponding to MSA columns:
# 373-384,388-401
name=unknown_G
#
# <colnr> <probs for GDERKNQSTAVLIFYWHMCP>
#	G	D	E	R	K	N	Q	S	T	A	V	L	I	F	Y	W	H	M	C	P
0	0.05420	0.00743	0.01039	0.00944	0.03477	0.00717	0.07756	0.01373	0.08057	0.10896	0.29492	0.14002	0.10433	0.02517	0.00624	0.00180	0.00378	0.00869	0.00499	0.00583
1	0.01379	0.01375	0.01832	0.02506	0.52655	0.12470	0.01354	0.04237	0.09582	0.01763	0.04915	0.01438	0.01091	0.00536	0.00516	0.00155	0.00622	0.00483	0.00313	0.00779
2	0.00744	0.00558	0.00837	0.00837	0.00930	0.00651	0.00651	0.00930	0.00837	0.01209	0.01395	0.02046	0.01302	0.03906	0.79635	0.00837	0.01395	0.00558	0.00279	0.00465
3	0.00745	0.00553	0.00812	0.00812	0.00896	0.00637	0.00619	0.00914	0.00829	0.01190	0.01418	0.02174	0.01358	0.11247	0.72370	0.00806	0.01311	0.00577	0.00282	0.00451
4	0.01204	0.01733	0.29453	0.03107	0.16537	0.03496	0.01380	0.02053	0.29973	0.01852	0.03070	0.01516	0.01136	0.00583	0.00514	0.00167	0.00598	0.00489	0.00353	0.00786
5	0.00655	0.00462	0.00598	0.00699	0.00724	0.00437	0.00455	0.00730	0.00957	0.01276	0.02665	0.68371	0.03186	0.14971	0.00996	0.00260	0.00336	0.01360	0.00455	0.00405
6	0.01045	0.02694	0.79000	0.01484	0.02254	0.01209	0.01924	0.01649	0.01099	0.01649	0.00935	0.01099	0.00660	0.00495	0.00495	0.00165	0.00770	0.00385	0.00220	0.00770
7	0.00753	0.00523	0.00661	0.00661	0.00694	0.00556	0.00432	0.00817	0.00785	0.01079	0.01555	0.02935	0.01688	0.54667	0.29400	0.00620	0.00814	0.00688	0.00303	0.00367
8	0.03154	0.01085	0.03096	0.28819	0.15118	0.01175	0.06664	0.03307	0.20641	0.05477	0.01343	0.01540	0.01012	0.00564	0.00516	0.00167	0.00581	0.00505	0.04525	0.00711
9	0.00717	0.00532	0.00668	0.00634	0.00766	0.00483	0.00475	0.00944	0.01426	0.01975	0.66029	0.04077	0.17130	0.01107	0.00614	0.00166	0.00249	0.00968	0.00558	0.00483
10	0.01092	0.06123	0.55731	0.08662	0.09552	0.01256	0.07193	0.01613	0.01110	0.01607	0.00936	0.01152	0.00688	0.00488	0.00500	0.00163	0.00746	0.00411	0.00228	0.00748
11	0.10317	0.01310	0.01380	0.01102	0.01482	0.01458	0.00899	0.49229	0.18657	0.06690	0.01427	0.01387	0.01027	0.00630	0.00503	0.00161	0.00514	0.00479	0.00509	0.00840
12	0.01177	0.08746	0.06896	0.00882	0.01343	0.00958	0.00774	0.06996	0.05697	0.01787	0.01043	0.02809	0.00867	0.00462	0.00413	0.00101	0.00443	0.00364	0.00326	0.57918
13	0.01704	0.01300	0.05372	0.01103	0.01471	0.03086	0.00924	0.37416	0.18756	0.13123	0.03158	0.07394	0.01348	0.00720	0.00533	0.00166	0.00512	0.00579	0.00517	0.00818
14	0.00790	0.00493	0.00592	0.00592	0.00592	0.00493	0.00345	0.00740	0.00740	0.00987	0.01480	0.03009	0.01677	0.64228	0.02516	0.18949	0.00493	0.00691	0.00296	0.00296
15	0.01005	0.00961	0.02994	0.27470	0.04891	0.01035	0.17168	0.02911	0.01036	0.01416	0.01146	0.01750	0.00998	0.11033	0.15326	0.00336	0.04707	0.00548	0.02701	0.00568
16	0.00983	0.00926	0.01562	0.80447	0.03587	0.01157	0.01446	0.01331	0.01041	0.01331	0.00926	0.01388	0.00694	0.00521	0.00521	0.00174	0.00694	0.00463	0.00231	0.00579
17	0.01135	0.01133	0.01594	0.03685	0.01432	0.01582	0.01148	0.01256	0.00805	0.01256	0.00691	0.01147	0.00684	0.00900	0.01674	0.00226	0.78399	0.00456	0.00228	0.00570
18	0.01945	0.02482	0.01476	0.01342	0.01610	0.79608	0.01006	0.02079	0.01476	0.01275	0.00805	0.00939	0.00671	0.00537	0.00470	0.00134	0.00939	0.00335	0.00268	0.00604
19	0.00715	0.00530	0.00666	0.00636	0.00765	0.00481	0.00476	0.00938	0.01416	0.01958	0.64431	0.05979	0.16838	0.01120	0.00616	0.00167	0.00250	0.00981	0.00556	0.00481
20	0.02237	0.00941	0.01226	0.00948	0.01342	0.00860	0.00781	0.09799	0.04079	0.67177	0.01970	0.01731	0.01260	0.00644	0.00520	0.00160	0.00450	0.00520	0.02480	0.00875
21	0.00726	0.00530	0.00682	0.00648	0.00772	0.00486	0.00484	0.00959	0.01441	0.02019	0.70936	0.06026	0.10146	0.01098	0.00616	0.00166	0.00248	0.00967	0.00564	0.00486
22	0.00898	0.00499	0.00550	0.00550	0.00644	0.00512	0.00394	0.01085	0.00991	0.01658	0.01645	0.02243	0.01439	0.16916	0.11763	0.00295	0.00453	0.00549	0.56466	0.00449
23	0.01289	0.00678	0.00749	0.00674	0.00881	0.00687	0.00525	0.01750	0.15181	0.16567	0.01843	0.01910	0.01373	0.00632	0.00425	0.00139	0.00312	0.00512	0.53251	0.00624
24	0.01902	0.01119	0.08540	0.01004	0.01405	0.00946	0.00884	0.09507	0.12788	0.46978	0.07781	0.01848	0.01516	0.00670	0.00529	0.00164	0.00467	0.00547	0.00570	0.00835
25	0.01110	0.01057	0.01713	0.42483	0.17633	0.03183	0.07731	0.04137	0.01130	0.01507	0.01065	0.05332	0.00896	0.00657	0.02308	0.00186	0.04772	0.00525	0.01937	0.00637

[dist]
# distance from previous block
# <min> <max>
0	1

[block]
# block no. 7 follows, 47 sequences, length 32
# corresponding to MSA columns:
# 403-434
name=unknown_H
#
# <colnr> <probs for GDERKNQSTAVLIFYWHMCP>
#	G	D	E	R	K	N	Q	S	T	A	V	L	I	F	Y	W	H	M	C	P
0	0.33298	0.12962	0.05015	0.04920	0.07112	0.13819	0.00927	0.13139	0.01283	0.02028	0.00856	0.00991	0.00675	0.00509	0.00409	0.00149	0.00583	0.00345	0.00316	0.00664
1	0.68925	0.07764	0.00980	0.00730	0.01071	0.01197	0.00614	0.01648	0.00969	0.10930	0.00876	0.00950	0.00655	0.00499	0.00346	0.00157	0.00420	0.00309	0.00351	0.00609
2	0.01139	0.01187	0.06028	0.36397	0.30943	0.01211	0.07769	0.01561	0.05692	0.01564	0.01028	0.01371	0.00802	0.00503	0.00526	0.00166	0.00669	0.00479	0.00261	0.00705
3	0.00634	0.00453	0.00604	0.00725	0.00755	0.00423	0.00483	0.00725	0.00997	0.01329	0.02870	0.81358	0.03444	0.01632	0.00665	0.00211	0.00302	0.01480	0.00483	0.00423
4	0.00750	0.00536	0.00725	0.00725	0.00779	0.00590	0.00511	0.00858	0.00804	0.01126	0.01497	0.02614	0.01549	0.36347	0.47531	0.00698	0.01024	0.00641	0.00294	0.00403
5	0.01389	0.01165	0.01230	0.01079	0.01390	0.01339	0.00847	0.12850	0.67274	0.02329	0.02001	0.01849	0.01494	0.00695	0.00529	0.00174	0.00434	0.00572	0.00529	0.00833
6	0.00649	0.00471	0.00605	0.00705	0.00754	0.00438	0.00481	0.00746	0.01013	0.01329	0.03050	0.64943	0.11384	0.06383	0.00781	0.00227	0.00318	0.04829	0.00473	0.00421
7	0.01805	0.02198	0.01389	0.01253	0.01512	0.66112	0.00945	0.05959	0.01528	0.01478	0.09931	0.01303	0.01181	0.00604	0.00489	0.00139	0.00838	0.00414	0.00318	0.00606
8	0.02095	0.00876	0.01162	0.00908	0.01273	0.00785	0.00743	0.07294	0.01552	0.63291	0.12380	0.02026	0.01756	0.00701	0.00536	0.00161	0.00425	0.00577	0.00627	0.00832
9	0.01197	0.01337	0.02886	0.02092	0.02584	0.01257	0.70229	0.01619	0.01227	0.01659	0.01196	0.01778	0.00975	0.00523	0.00623	0.00181	0.00845	0.06827	0.00281	0.00684
10	0.01822	0.00886	0.01096	0.00884	0.01213	0.00846	0.00715	0.11156	0.08417	0.44030	0.09733	0.02144	0.06241	0.00727	0.00525	0.00160	0.00409	0.00596	0.07619	0.00781
11	0.01137	0.00924	0.01086	0.00778	0.01238	0.00697	0.00624	0.01367	0.01099	0.05205	0.00977	0.01111	0.00795	0.00397	0.00392	0.00081	0.00388	0.00318	0.00324	0.81060
12	0.01064	0.02555	0.70842	0.01561	0.02304	0.01221	0.09944	0.01651	0.01113	0.01651	0.00947	0.01132	0.00674	0.00489	0.00508	0.00166	0.00781	0.00410	0.00225	0.00762
13	0.01875	0.01268	0.01405	0.01105	0.01486	0.01371	0.00903	0.50651	0.12173	0.15185	0.05937	0.01578	0.01276	0.00664	0.00528	0.00160	0.00512	0.00521	0.00545	0.00855
14	0.01641	0.05866	0.12282	0.05931	0.05379	0.01006	0.05005	0.06988	0.02383	0.33852	0.04035	0.02005	0.05954	0.00681	0.00532	0.00165	0.00536	0.04529	0.00466	0.00765
15	0.00905	0.00452	0.00678	0.00678	0.00678	0.00452	0.00452	0.00678	0.00678	0.00905	0.00905	0.01583	0.00905	0.01809	0.02035	0.84848	0.00452	0.00452	0.00226	0.00226
16	0.06144	0.01222	0.07820	0.03441	0.06306	0.01020	0.03510	0.16696	0.01359	0.02040	0.00988	0.01136	0.00775	0.00460	0.00439	0.00116	0.00497	0.00371	0.00338	0.45321
17	0.07611	0.08929	0.18137	0.15202	0.11572	0.01252	0.02554	0.07169	0.02504	0.08729	0.01162	0.01549	0.00932	0.00602	0.00561	0.00168	0.04842	0.05499	0.00320	0.00707
18	0.00788	0.00624	0.00932	0.12040	0.01283	0.00625	0.04652	0.01023	0.01276	0.01759	0.43235	0.16067	0.03619	0.04465	0.00701	0.00192	0.00377	0.05368	0.00478	0.00496
19	0.01220	0.01218	0.04866	0.28725	0.39554	0.02372	0.07956	0.03198	0.01177	0.03294	0.00993	0.01330	0.00781	0.00491	0.00525	0.00163	0.00672	0.00473	0.00262	0.00729
20	0.01444	0.11198	0.21004	0.01413	0.06971	0.06763	0.07221	0.21029	0.04558	0.03696	0.01145	0.04618	0.00916	0.00583	0.00519	0.00155	0.02084	0.00471	0.00344	0.03868
21	0.03319	0.26523	0.29813	0.01398	0.04506	0.01435	0.14280	0.01675	0.01148	0.07736	0.02925	0.01196	0.00846	0.00495	0.00468	0.00150	0.00670	0.00417	0.00275	0.00726
22	0.00736	0.00502	0.00580	0.00601	0.00618	0.00494	0.00360	0.00763	0.00827	0.01092	0.02029	0.14266	0.05964	0.63960	0.02211	0.00439	0.00464	0.03399	0.00353	0.00342
23	0.00913	0.00782	0.01095	0.12305	0.08119	0.03373	0.01870	0.02737	0.00964	0.01306	0.01496	0.03382	0.05294	0.15190	0.34196	0.00506	0.05074	0.00598	0.00292	0.00509
24	0.01248	0.01082	0.02858	0.22891	0.12742	0.03646	0.05074	0.01878	0.22666	0.08775	0.06234	0.01891	0.05439	0.00648	0.00536	0.00169	0.00550	0.00569	0.00393	0.00708
25	0.00760	0.00621	0.00689	0.00692	0.00868	0.00589	0.00545	0.01101	0.11413	0.01600	0.10982	0.04663	0.47136	0.01237	0.00624	0.00187	0.00323	0.14971	0.00497	0.00503
26	0.02310	0.00929	0.01235	0.00947	0.01351	0.00829	0.00782	0.08056	0.01562	0.73192	0.01995	0.01734	0.01259	0.00643	0.00523	0.00161	0.00453	0.00520	0.00635	0.00886
27	0.03418	0.42633	0.06629	0.01203	0.07434	0.15559	0.01015	0.04312	0.01228	0.09332	0.00924	0.01020	0.00749	0.00502	0.00433	0.00132	0.02142	0.00344	0.00289	0.00700
28	0.01980	0.01459	0.01563	0.01198	0.01615	0.01615	0.00990	0.76713	0.02448	0.03282	0.01250	0.01250	0.00886	0.00625	0.00521	0.00156	0.00573	0.00469	0.00521	0.00886
29	0.00750	0.00502	0.00570	0.00577	0.00579	0.00500	0.00325	0.00755	0.00771	0.01028	0.01712	0.07910	0.01983	0.77074	0.02536	0.00488	0.00493	0.00799	0.00325	0.00322
30	0.01591	0.01441	0.01524	0.17024	0.10425	0.15672	0.01106	0.30416	0.07446	0.02194	0.01226	0.01366	0.02222	0.00588	0.00508	0.00156	0.00640	0.00463	0.03251	0.00741
31	0.00661	0.00482	0.00622	0.00687	0.00757	0.00443	0.00477	0.00798	0.01147	0.01546	0.23833	0.52656	0.11075	0.01445	0.00646	0.00195	0.00283	0.01295	0.00508	0.00443

[dist]
# distance from previous block
# <min> <max>
0	13

# created by:
# /st0/software/busco_prod/Augustus/scripts/msa2prfl.pl ./align_prep/212845.fa
