[name]
unknown

[dist]
# distance from previous block
# <min> <max>
0	179

[block]
# block no. 0 follows, 45 sequences, length 12
# corresponding to MSA columns:
# 193-204
name=unknown_A
#
# <colnr> <probs for GDERKNQSTAVLIFYWHMCP>
#	G	D	E	R	K	N	Q	S	T	A	V	L	I	F	Y	W	H	M	C	P
0	0.08550	0.05453	0.05018	0.02171	0.01241	0.00839	0.00848	0.01534	0.04425	0.15816	0.06069	0.07980	0.03872	0.01080	0.00612	0.00203	0.00474	0.32711	0.00486	0.00619
1	0.08572	0.00953	0.01152	0.06962	0.04000	0.00846	0.00753	0.05465	0.01203	0.08748	0.01246	0.08554	0.01081	0.00576	0.00454	0.00122	0.00439	0.00474	0.00371	0.48029
2	0.03033	0.00590	0.00818	0.04741	0.00949	0.00630	0.00588	0.03909	0.00871	0.01209	0.01226	0.06461	0.01245	0.05676	0.01718	0.54474	0.03820	0.04893	0.02807	0.00342
3	0.09378	0.08189	0.20956	0.01586	0.14436	0.05737	0.01318	0.28022	0.01638	0.02315	0.01041	0.01166	0.00783	0.00550	0.00492	0.00159	0.00652	0.00419	0.00356	0.00808
4	0.01459	0.36601	0.23233	0.01252	0.04331	0.01575	0.05060	0.01859	0.05651	0.12604	0.01116	0.01189	0.00847	0.00519	0.00451	0.00146	0.00628	0.00397	0.00314	0.00767
5	0.03276	0.18029	0.10922	0.01159	0.05905	0.01221	0.02553	0.07778	0.03292	0.03674	0.07726	0.06363	0.01518	0.00714	0.00542	0.00154	0.03181	0.06956	0.00364	0.14672
6	0.01264	0.29811	0.23259	0.01157	0.01620	0.01460	0.04306	0.06806	0.01245	0.04176	0.07816	0.08186	0.01359	0.00678	0.00549	0.00158	0.04599	0.00530	0.00322	0.00700
7	0.06162	0.24978	0.19256	0.01107	0.01587	0.07007	0.01108	0.10758	0.07762	0.01868	0.05512	0.01287	0.01055	0.00557	0.00454	0.00143	0.00598	0.00410	0.00331	0.08059
8	0.03208	0.16972	0.06705	0.00930	0.01254	0.03711	0.00817	0.11614	0.03981	0.11462	0.14686	0.12266	0.08518	0.00868	0.00535	0.00164	0.00468	0.00713	0.00459	0.00672
9	0.06771	0.06692	0.06203	0.01144	0.01564	0.04068	0.00990	0.47430	0.03537	0.09420	0.01441	0.03958	0.03035	0.00669	0.00517	0.00161	0.00572	0.00508	0.00486	0.00833
10	0.01874	0.09547	0.05924	0.01304	0.06118	0.01558	0.01066	0.50464	0.03894	0.09460	0.01324	0.02762	0.00976	0.00631	0.00519	0.00159	0.00582	0.00485	0.00484	0.00870
11	0.04901	0.40637	0.11188	0.01051	0.01499	0.01713	0.01021	0.21176	0.01461	0.01931	0.01109	0.08001	0.00993	0.00623	0.00444	0.00145	0.00575	0.00460	0.00338	0.00734

[dist]
# distance from previous block
# <min> <max>
10	133

[block]
# block no. 1 follows, 45 sequences, length 20
# corresponding to MSA columns:
# 346-365
name=unknown_B
#
# <colnr> <probs for GDERKNQSTAVLIFYWHMCP>
#	G	D	E	R	K	N	Q	S	T	A	V	L	I	F	Y	W	H	M	C	P
0	0.04294	0.01179	0.01912	0.09054	0.58266	0.01211	0.01461	0.04068	0.03047	0.01781	0.01195	0.07908	0.01074	0.00595	0.00538	0.00167	0.00602	0.00561	0.00301	0.00788
1	0.04178	0.01238	0.02140	0.17848	0.32512	0.01275	0.18379	0.07524	0.01315	0.06745	0.01101	0.01390	0.00842	0.00510	0.00550	0.00169	0.00691	0.00511	0.00311	0.00771
2	0.05067	0.08613	0.04646	0.04223	0.49663	0.05314	0.01417	0.06516	0.01310	0.06700	0.01051	0.01273	0.00842	0.00506	0.00504	0.00156	0.00632	0.00448	0.00307	0.00813
3	0.06614	0.01203	0.01445	0.05584	0.13122	0.03605	0.01008	0.25446	0.06746	0.09257	0.02843	0.06636	0.01237	0.00694	0.00569	0.00165	0.03219	0.02316	0.00441	0.07852
4	0.32251	0.01075	0.01317	0.01551	0.23632	0.01144	0.00952	0.05447	0.07328	0.10791	0.03322	0.01366	0.00998	0.00642	0.00564	0.05594	0.00493	0.00440	0.00379	0.00712
5	0.30935	0.00957	0.01113	0.03215	0.08693	0.00970	0.00778	0.01873	0.03434	0.26882	0.10903	0.01679	0.01457	0.00629	0.00472	0.00163	0.00438	0.00491	0.00469	0.04449
6	0.00816	0.00619	0.00716	0.00701	0.00844	0.00589	0.00522	0.05765	0.03346	0.01731	0.22725	0.12390	0.28423	0.11218	0.00901	0.00228	0.00345	0.07124	0.00504	0.00493
7	0.01533	0.65540	0.02571	0.00991	0.01428	0.04636	0.00943	0.12082	0.01300	0.01564	0.00824	0.00933	0.00721	0.00500	0.00412	0.00125	0.02585	0.00321	0.00275	0.00716
8	0.00788	0.00556	0.00676	0.00664	0.00720	0.00556	0.00427	0.00851	0.00845	0.01158	0.01765	0.08064	0.03687	0.53517	0.17632	0.00533	0.00676	0.00766	0.00333	0.05787
9	0.01223	0.17150	0.50559	0.01327	0.01969	0.05675	0.01575	0.06019	0.01234	0.01680	0.01223	0.01343	0.05652	0.00566	0.00487	0.00158	0.00717	0.00426	0.00266	0.00750
10	0.02233	0.06201	0.03147	0.01009	0.01435	0.01024	0.00859	0.12876	0.03782	0.58804	0.01889	0.01679	0.01223	0.00647	0.00526	0.00163	0.00490	0.00514	0.00605	0.00895
11	0.00654	0.00467	0.00623	0.00747	0.00779	0.00436	0.00498	0.00747	0.01028	0.01370	0.02959	0.80785	0.03550	0.01682	0.00685	0.00218	0.00311	0.01526	0.00498	0.00436
12	0.01587	0.01406	0.02100	0.09112	0.22638	0.03363	0.17478	0.31242	0.01744	0.02349	0.01128	0.01339	0.00851	0.00546	0.00555	0.00166	0.00692	0.00511	0.00373	0.00819
13	0.01134	0.01147	0.02157	0.45890	0.13715	0.01254	0.23867	0.01514	0.01152	0.01529	0.01001	0.01422	0.00764	0.00503	0.00565	0.00177	0.00762	0.00524	0.00252	0.00670
14	0.01153	0.01143	0.01603	0.01381	0.01386	0.01593	0.01148	0.01274	0.00824	0.01289	0.00743	0.01223	0.00738	0.01102	0.05819	0.00268	0.76018	0.00475	0.00238	0.00582
15	0.84927	0.01038	0.00789	0.00706	0.01038	0.01204	0.00581	0.01578	0.00914	0.02408	0.00747	0.00872	0.00581	0.00498	0.00332	0.00166	0.00415	0.00291	0.00332	0.00581
16	0.00768	0.00572	0.00849	0.00849	0.00940	0.00663	0.00654	0.00950	0.00859	0.01236	0.01450	0.02179	0.01372	0.07859	0.75216	0.00846	0.01392	0.00585	0.00289	0.00472
17	0.01315	0.01199	0.01870	0.25559	0.39824	0.02821	0.01469	0.06370	0.03316	0.03930	0.01051	0.01371	0.00836	0.00552	0.00619	0.00171	0.06194	0.00480	0.00292	0.00758
18	0.74640	0.01023	0.00846	0.00737	0.01080	0.01152	0.00607	0.01707	0.00991	0.11851	0.00918	0.00991	0.00675	0.00519	0.00358	0.00166	0.00420	0.00322	0.00374	0.00623
19	0.74435	0.00977	0.00780	0.00702	0.01009	0.01117	0.00572	0.01507	0.00989	0.02376	0.10315	0.01263	0.01140	0.00573	0.00370	0.00166	0.00395	0.00375	0.00364	0.00572

[dist]
# distance from previous block
# <min> <max>
0	1

[block]
# block no. 2 follows, 45 sequences, length 8
# corresponding to MSA columns:
# 367-374
name=unknown_C
#
# <colnr> <probs for GDERKNQSTAVLIFYWHMCP>
#	G	D	E	R	K	N	Q	S	T	A	V	L	I	F	Y	W	H	M	C	P
0	0.28066	0.01357	0.01353	0.01069	0.01468	0.01520	0.00882	0.52630	0.02018	0.03077	0.01119	0.01158	0.00809	0.00599	0.00473	0.00163	0.00536	0.00423	0.00473	0.00809
1	0.00705	0.00518	0.00661	0.00685	0.00784	0.00474	0.00491	0.00885	0.01303	0.01778	0.41165	0.32043	0.13835	0.01343	0.00652	0.00188	0.00277	0.01193	0.00545	0.00474
2	0.00887	0.00674	0.00832	0.00813	0.00985	0.00612	0.00595	0.07062	0.01182	0.01637	0.02350	0.51350	0.02667	0.01287	0.00610	0.00183	0.00365	0.05470	0.00459	0.19981
3	0.03419	0.26547	0.01984	0.03384	0.18305	0.09532	0.01085	0.08153	0.17135	0.01789	0.01181	0.01293	0.00956	0.00631	0.02294	0.00165	0.00618	0.00430	0.00338	0.00761
4	0.00727	0.00545	0.00676	0.00664	0.00797	0.00494	0.00500	0.00940	0.01398	0.01899	0.51021	0.09990	0.22333	0.01222	0.00643	0.00179	0.00274	0.04653	0.00557	0.00488
5	0.01254	0.01002	0.01265	0.16570	0.01796	0.00901	0.00850	0.08249	0.01259	0.06305	0.01053	0.01234	0.00821	0.00463	0.00446	0.00112	0.00482	0.00378	0.00343	0.55216
6	0.01547	0.00941	0.01157	0.00849	0.01305	0.00740	0.00687	0.01775	0.01255	0.27326	0.01344	0.01352	0.00974	0.00487	0.00445	0.00108	0.00417	0.00392	0.00434	0.56465
7	0.01104	0.00967	0.01241	0.00896	0.01358	0.00751	0.06152	0.01359	0.01148	0.01770	0.05370	0.01304	0.01042	0.00442	0.00428	0.00092	0.00427	0.00379	0.00330	0.73440

[dist]
# distance from previous block
# <min> <max>
2	7

[block]
# block no. 3 follows, 45 sequences, length 12
# corresponding to MSA columns:
# 382-393
name=unknown_D
#
# <colnr> <probs for GDERKNQSTAVLIFYWHMCP>
#	G	D	E	R	K	N	Q	S	T	A	V	L	I	F	Y	W	H	M	C	P
0	0.01254	0.01193	0.02205	0.09399	0.05013	0.01135	0.37582	0.05291	0.01260	0.05167	0.01187	0.04118	0.00956	0.00733	0.05415	0.00203	0.00759	0.00569	0.00316	0.16246
1	0.01678	0.47806	0.02262	0.01117	0.01498	0.34905	0.00969	0.01836	0.01274	0.01285	0.00782	0.00907	0.00690	0.00499	0.00404	0.00125	0.00742	0.00312	0.00250	0.00660
2	0.00915	0.00466	0.00695	0.00702	0.00704	0.00464	0.00468	0.00702	0.00720	0.00959	0.01058	0.06526	0.01094	0.01853	0.02011	0.79179	0.00457	0.00532	0.00249	0.00246
3	0.01956	0.01505	0.01560	0.01224	0.01633	0.04777	0.01001	0.64339	0.11267	0.03164	0.01376	0.01360	0.00990	0.00651	0.00536	0.00163	0.00586	0.00492	0.00527	0.00894
4	0.00932	0.00466	0.00699	0.00699	0.00699	0.00466	0.00466	0.00699	0.00699	0.00932	0.00932	0.01632	0.00932	0.01865	0.02098	0.84382	0.00466	0.00466	0.00233	0.00233
5	0.02011	0.04608	0.01626	0.01204	0.01629	0.01627	0.00999	0.66888	0.04929	0.07041	0.01340	0.01323	0.00950	0.00641	0.00530	0.00160	0.00578	0.00483	0.00532	0.00902
6	0.01501	0.05237	0.01445	0.01284	0.06828	0.07705	0.00950	0.13757	0.50440	0.02260	0.01786	0.01708	0.01350	0.00671	0.00529	0.00170	0.00516	0.00542	0.00488	0.00833
7	0.84927	0.01038	0.00789	0.00706	0.01038	0.01204	0.00581	0.01578	0.00914	0.02408	0.00747	0.00872	0.00581	0.00498	0.00332	0.00166	0.00415	0.00291	0.00332	0.00581
8	0.01332	0.01309	0.04153	0.10364	0.58879	0.04124	0.04070	0.01655	0.01235	0.03997	0.03080	0.01410	0.00953	0.00509	0.00536	0.00162	0.00655	0.00491	0.00283	0.00804
9	0.08727	0.28940	0.37663	0.03614	0.05583	0.03988	0.01440	0.01660	0.01114	0.01597	0.00869	0.01031	0.00684	0.00492	0.00439	0.00150	0.00681	0.00355	0.00241	0.00731
10	0.05524	0.02938	0.01691	0.22729	0.16306	0.07276	0.05733	0.06514	0.09347	0.05984	0.01174	0.01429	0.00913	0.00747	0.04419	0.00205	0.05541	0.00485	0.00331	0.00713
11	0.05191	0.08008	0.01841	0.29453	0.14202	0.11252	0.08633	0.03278	0.01234	0.04426	0.03577	0.01370	0.00912	0.00534	0.00511	0.00160	0.00688	0.00464	0.00292	0.03973

[dist]
# distance from previous block
# <min> <max>
1	14

[block]
# block no. 4 follows, 45 sequences, length 14
# corresponding to MSA columns:
# 421-429,433-437
name=unknown_E
#
# <colnr> <probs for GDERKNQSTAVLIFYWHMCP>
#	G	D	E	R	K	N	Q	S	T	A	V	L	I	F	Y	W	H	M	C	P
0	0.02837	0.01174	0.14008	0.01257	0.09715	0.00920	0.04147	0.03006	0.12888	0.06952	0.17801	0.10015	0.11268	0.00885	0.00579	0.00176	0.00470	0.00771	0.00453	0.00677
1	0.01168	0.06274	0.47064	0.01719	0.10229	0.01292	0.11724	0.01760	0.06686	0.01728	0.01062	0.01245	0.00792	0.00507	0.00518	0.00164	0.00736	0.00443	0.00265	0.04623
2	0.01077	0.02777	0.78354	0.01530	0.02323	0.01247	0.01983	0.01700	0.01133	0.01700	0.00963	0.01133	0.00680	0.00510	0.00510	0.00170	0.00793	0.00397	0.00227	0.00793
3	0.01878	0.01419	0.01520	0.01193	0.01601	0.01571	0.00975	0.59847	0.16232	0.03115	0.01443	0.01415	0.01043	0.00651	0.00534	0.00162	0.00553	0.00500	0.00531	0.03815
4	0.00875	0.00671	0.00921	0.05057	0.04226	0.00738	0.00686	0.05816	0.01016	0.01394	0.01827	0.02552	0.08883	0.17672	0.44541	0.00621	0.01025	0.00653	0.00328	0.00497
5	0.01155	0.07788	0.57503	0.06162	0.05748	0.01302	0.07773	0.01695	0.01151	0.03446	0.00987	0.01182	0.00716	0.00506	0.00512	0.00167	0.00768	0.00420	0.00243	0.00775
6	0.01091	0.12109	0.60627	0.01412	0.02095	0.01290	0.03829	0.01611	0.01123	0.01620	0.01105	0.07680	0.00922	0.00599	0.00508	0.00168	0.00730	0.00483	0.00251	0.00749
7	0.01030	0.00986	0.01711	0.74821	0.03639	0.01203	0.06305	0.01394	0.01086	0.01394	0.00963	0.01432	0.00722	0.00531	0.00543	0.00179	0.00728	0.00487	0.00241	0.00605
8	0.01175	0.02009	0.36407	0.05185	0.05891	0.01298	0.36785	0.01693	0.01198	0.01698	0.01023	0.01303	0.00752	0.00483	0.00570	0.00175	0.00836	0.00515	0.00250	0.00755
9	0.01287	0.01129	0.01919	0.32701	0.40918	0.01209	0.03877	0.01617	0.01190	0.07426	0.01075	0.01410	0.00833	0.00514	0.00537	0.00168	0.00663	0.00487	0.00286	0.00753
10	0.01313	0.01177	0.01175	0.01062	0.01354	0.05345	0.00823	0.02643	0.66622	0.02131	0.02382	0.02209	0.07853	0.00771	0.00550	0.00180	0.00441	0.00637	0.00528	0.00805
11	0.01014	0.00954	0.01610	0.79845	0.03697	0.01193	0.01491	0.01371	0.01073	0.01371	0.00954	0.01431	0.00716	0.00537	0.00537	0.00179	0.00716	0.00477	0.00239	0.00596
12	0.01905	0.03467	0.20948	0.01110	0.01605	0.00985	0.01099	0.02332	0.07995	0.47920	0.01775	0.01648	0.01174	0.00717	0.02680	0.00186	0.00570	0.00504	0.00521	0.00860
13	0.02253	0.00950	0.01247	0.00980	0.01377	0.00868	0.00807	0.05885	0.07781	0.66025	0.02110	0.01956	0.01393	0.00696	0.00547	0.00170	0.00461	0.02957	0.00643	0.00894

[dist]
# distance from previous block
# <min> <max>
0	1

[block]
# block no. 5 follows, 45 sequences, length 7
# corresponding to MSA columns:
# 439-445
name=unknown_F
#
# <colnr> <probs for GDERKNQSTAVLIFYWHMCP>
#	G	D	E	R	K	N	Q	S	T	A	V	L	I	F	Y	W	H	M	C	P
0	0.01131	0.00718	0.00876	0.00811	0.01003	0.00700	0.00613	0.07364	0.08901	0.13628	0.24820	0.24449	0.10524	0.01144	0.00617	0.00184	0.00346	0.00998	0.00559	0.00611
1	0.01674	0.03094	0.13367	0.02636	0.01605	0.01154	0.03267	0.14324	0.08674	0.26538	0.04437	0.05441	0.01374	0.00735	0.00654	0.00177	0.07401	0.02167	0.00484	0.00797
2	0.24323	0.17336	0.19567	0.01096	0.01559	0.03096	0.05391	0.08077	0.01223	0.03404	0.04646	0.02923	0.02553	0.00645	0.01943	0.00171	0.00599	0.00437	0.00325	0.00686
3	0.49031	0.00952	0.00979	0.00996	0.07688	0.01021	0.00721	0.01655	0.01084	0.15687	0.01374	0.09349	0.01200	0.00710	0.00449	0.00176	0.00437	0.05435	0.00413	0.00643
4	0.01251	0.22442	0.49817	0.01398	0.02069	0.01452	0.06947	0.01726	0.01153	0.05636	0.00978	0.01124	0.00726	0.00501	0.00479	0.00157	0.00728	0.00394	0.00254	0.00768
5	0.01267	0.01554	0.20189	0.11124	0.09126	0.01180	0.21699	0.01786	0.08004	0.07854	0.01248	0.03247	0.00951	0.00544	0.00549	0.00167	0.00695	0.00528	0.00322	0.07966
6	0.00840	0.00743	0.08374	0.00820	0.00975	0.00550	0.00661	0.01006	0.01120	0.07611	0.06411	0.56153	0.09814	0.01428	0.00649	0.00203	0.00365	0.01274	0.00489	0.00515

[dist]
# distance from previous block
# <min> <max>
6	27

[block]
# block no. 6 follows, 45 sequences, length 44
# corresponding to MSA columns:
# 479-486,503-512,514-539
name=unknown_G
#
# <colnr> <probs for GDERKNQSTAVLIFYWHMCP>
#	G	D	E	R	K	N	Q	S	T	A	V	L	I	F	Y	W	H	M	C	P
0	0.01430	0.05232	0.08843	0.14706	0.36179	0.05444	0.03780	0.01748	0.01228	0.11592	0.01110	0.01348	0.00853	0.00535	0.00570	0.00165	0.03683	0.00467	0.00308	0.00779
1	0.03659	0.05145	0.03974	0.04870	0.49336	0.04376	0.04204	0.01755	0.01249	0.11672	0.01195	0.04096	0.00975	0.00548	0.00525	0.00161	0.00624	0.00507	0.00325	0.00806
2	0.04072	0.05189	0.04374	0.01447	0.07161	0.55357	0.01074	0.06265	0.01500	0.05392	0.00984	0.02929	0.00812	0.00579	0.00490	0.00145	0.00846	0.00399	0.00313	0.00673
3	0.00991	0.00615	0.00857	0.00924	0.05128	0.00572	0.02014	0.01130	0.01148	0.12872	0.09153	0.44252	0.05212	0.09549	0.00860	0.00233	0.00382	0.03078	0.00496	0.00532
4	0.02000	0.01483	0.01588	0.01227	0.01649	0.01646	0.01010	0.71800	0.06787	0.03318	0.01340	0.01330	0.00955	0.00649	0.00538	0.00162	0.00581	0.00490	0.00538	0.00909
5	0.00800	0.00513	0.00600	0.00600	0.00600	0.00513	0.00344	0.00770	0.00770	0.01027	0.01592	0.03267	0.01819	0.70791	0.02649	0.11463	0.00513	0.00740	0.00313	0.00313
6	0.01952	0.01437	0.01698	0.01510	0.11606	0.01554	0.02782	0.60188	0.02266	0.07641	0.01298	0.01330	0.00928	0.00620	0.00539	0.00162	0.00596	0.00489	0.00503	0.00900
7	0.01267	0.01448	0.03167	0.02262	0.02805	0.01357	0.75837	0.01719	0.01267	0.01719	0.01086	0.01448	0.00814	0.00452	0.00633	0.00181	0.00905	0.00633	0.00271	0.00724
8	0.01329	0.01275	0.02179	0.03295	0.77787	0.01275	0.01647	0.01647	0.01222	0.01754	0.01010	0.01329	0.00850	0.00478	0.00531	0.00159	0.00638	0.00478	0.00266	0.00850
9	0.01077	0.02777	0.78354	0.01530	0.02323	0.01247	0.01983	0.01700	0.01133	0.01700	0.00963	0.01133	0.00680	0.00510	0.00510	0.00170	0.00793	0.00397	0.00227	0.00793
10	0.01329	0.01275	0.02179	0.03295	0.77787	0.01275	0.01647	0.01647	0.01222	0.01754	0.01010	0.01329	0.00850	0.00478	0.00531	0.00159	0.00638	0.00478	0.00266	0.00850
11	0.01048	0.00989	0.01672	0.71520	0.11755	0.01202	0.01508	0.01402	0.01090	0.01413	0.00960	0.01420	0.00730	0.00530	0.00536	0.00177	0.00707	0.00477	0.00241	0.00624
12	0.01329	0.01275	0.02179	0.03295	0.77787	0.01275	0.01647	0.01647	0.01222	0.01754	0.01010	0.01329	0.00850	0.00478	0.00531	0.00159	0.00638	0.00478	0.00266	0.00850
13	0.01014	0.00954	0.01610	0.79845	0.03697	0.01193	0.01491	0.01371	0.01073	0.01371	0.00954	0.01431	0.00716	0.00537	0.00537	0.00179	0.00716	0.00477	0.00239	0.00596
14	0.01299	0.51475	0.31599	0.01152	0.01738	0.01790	0.01324	0.01643	0.01107	0.01429	0.00829	0.00965	0.00685	0.00479	0.00408	0.00136	0.00658	0.00329	0.00228	0.00729
15	0.00762	0.00604	0.00894	0.21447	0.01556	0.00646	0.00774	0.00931	0.01046	0.01377	0.02401	0.54296	0.02750	0.03053	0.00693	0.00216	0.00432	0.05219	0.00426	0.00479
16	0.84927	0.01038	0.00789	0.00706	0.01038	0.01204	0.00581	0.01578	0.00914	0.02408	0.00747	0.00872	0.00581	0.00498	0.00332	0.00166	0.00415	0.00291	0.00332	0.00581
17	0.01267	0.01448	0.03167	0.02262	0.02805	0.01357	0.75837	0.01719	0.01267	0.01719	0.01086	0.01448	0.00814	0.00452	0.00633	0.00181	0.00905	0.00633	0.00271	0.00724
18	0.02216	0.01011	0.01508	0.01139	0.01568	0.00909	0.10592	0.05044	0.03715	0.63400	0.01956	0.01764	0.01256	0.00638	0.00552	0.00168	0.00519	0.00552	0.00605	0.00887
19	0.02089	0.01427	0.01563	0.01199	0.01626	0.01550	0.00990	0.66421	0.02395	0.13140	0.01397	0.01359	0.00967	0.00647	0.00537	0.00162	0.00573	0.00491	0.00554	0.00913
20	0.01148	0.01026	0.01610	0.69587	0.03432	0.01254	0.01429	0.11109	0.01263	0.01634	0.00998	0.01413	0.00741	0.00551	0.00537	0.00177	0.00699	0.00478	0.00277	0.00638
21	0.71257	0.01095	0.00912	0.00784	0.01131	0.01250	0.00646	0.11325	0.01145	0.05156	0.00865	0.00959	0.00650	0.00523	0.00366	0.00165	0.00440	0.00324	0.00370	0.00636
22	0.01329	0.01275	0.02179	0.03295	0.77787	0.01275	0.01647	0.01647	0.01222	0.01754	0.01010	0.01329	0.00850	0.00478	0.00531	0.00159	0.00638	0.00478	0.00266	0.00850
23	0.02013	0.02311	0.01542	0.01348	0.01661	0.60822	0.01033	0.19488	0.01757	0.01800	0.00938	0.01043	0.00743	0.00575	0.00496	0.00144	0.00879	0.00378	0.00338	0.00691
24	0.00767	0.00575	0.00863	0.00863	0.00959	0.00671	0.00671	0.00959	0.00863	0.01246	0.01438	0.02109	0.01342	0.04026	0.79008	0.00863	0.01438	0.00575	0.00288	0.00479
25	0.00743	0.00548	0.00695	0.00658	0.00792	0.00500	0.00494	0.00981	0.01481	0.02061	0.68100	0.04161	0.14526	0.01132	0.00633	0.00170	0.00256	0.00992	0.00579	0.00500
26	0.01077	0.02777	0.78354	0.01530	0.02323	0.01247	0.01983	0.01700	0.01133	0.01700	0.00963	0.01133	0.00680	0.00510	0.00510	0.00170	0.00793	0.00397	0.00227	0.00793
27	0.01077	0.02777	0.78354	0.01530	0.02323	0.01247	0.01983	0.01700	0.01133	0.01700	0.00963	0.01133	0.00680	0.00510	0.00510	0.00170	0.00793	0.00397	0.00227	0.00793
28	0.01077	0.02777	0.78354	0.01530	0.02323	0.01247	0.01983	0.01700	0.01133	0.01700	0.00963	0.01133	0.00680	0.00510	0.00510	0.00170	0.00793	0.00397	0.00227	0.00793
29	0.01329	0.01275	0.02179	0.03295	0.77787	0.01275	0.01647	0.01647	0.01222	0.01754	0.01010	0.01329	0.00850	0.00478	0.00531	0.00159	0.00638	0.00478	0.00266	0.00850
30	0.01014	0.00954	0.01610	0.79845	0.03697	0.01193	0.01491	0.01371	0.01073	0.01371	0.00954	0.01431	0.00716	0.00537	0.00537	0.00179	0.00716	0.00477	0.00239	0.00596
31	0.00762	0.00614	0.00958	0.11199	0.01334	0.00616	0.06258	0.00927	0.01066	0.01413	0.02549	0.59147	0.02944	0.01427	0.00666	0.00212	0.00421	0.06555	0.00447	0.00483
32	0.00883	0.00525	0.00704	0.00775	0.00856	0.00482	0.00536	0.00991	0.01094	0.11390	0.02849	0.70482	0.03260	0.01549	0.00666	0.00211	0.00330	0.01397	0.00520	0.00498
33	0.01014	0.00954	0.01610	0.79845	0.03697	0.01193	0.01491	0.01371	0.01073	0.01371	0.00954	0.01431	0.00716	0.00537	0.00537	0.00179	0.00716	0.00477	0.00239	0.00596
34	0.12201	0.26098	0.35600	0.01333	0.01933	0.01520	0.11116	0.01659	0.01109	0.01664	0.00886	0.01058	0.00687	0.00486	0.00453	0.00154	0.00692	0.00381	0.00247	0.00725
35	0.01796	0.01579	0.01493	0.06616	0.01711	0.18679	0.01011	0.44674	0.01985	0.02506	0.01183	0.01334	0.00906	0.01058	0.10765	0.00249	0.00794	0.00464	0.00426	0.00770
36	0.84927	0.01038	0.00789	0.00706	0.01038	0.01204	0.00581	0.01578	0.00914	0.02408	0.00747	0.00872	0.00581	0.00498	0.00332	0.00166	0.00415	0.00291	0.00332	0.00581
37	0.00736	0.00556	0.00684	0.00677	0.00819	0.00505	0.00524	0.00953	0.01393	0.01869	0.46026	0.04625	0.26674	0.01227	0.00648	0.00183	0.00290	0.10572	0.00550	0.00489
38	0.00766	0.00572	0.00844	0.00838	0.00938	0.00650	0.00650	0.00966	0.00948	0.01364	0.11363	0.02357	0.01828	0.03644	0.68781	0.00772	0.01283	0.00627	0.00327	0.00483
39	0.02041	0.01504	0.01611	0.01235	0.01665	0.01665	0.01020	0.75997	0.02524	0.03383	0.01289	0.01289	0.00913	0.00644	0.00537	0.00161	0.00591	0.00483	0.00537	0.00913
40	0.79182	0.01070	0.00846	0.00743	0.01082	0.01236	0.00612	0.06736	0.01025	0.02476	0.00785	0.00901	0.00604	0.00508	0.00346	0.00166	0.00427	0.00304	0.00346	0.00604
41	0.00781	0.00520	0.00585	0.00585	0.00585	0.00520	0.00325	0.00781	0.00781	0.01041	0.01691	0.03513	0.01952	0.81135	0.02732	0.00520	0.00520	0.00781	0.00325	0.00325
42	0.01435	0.81458	0.02813	0.00918	0.01378	0.02124	0.00918	0.01607	0.01091	0.01263	0.00746	0.00861	0.00689	0.00459	0.00344	0.00115	0.00574	0.00287	0.00230	0.00689
43	0.01705	0.01206	0.01316	0.01084	0.01439	0.01320	0.00871	0.30703	0.32277	0.12801	0.01978	0.01860	0.05026	0.00715	0.00541	0.00170	0.00480	0.00573	0.03081	0.00852

[dist]
# distance from previous block
# <min> <max>
0	0

# created by:
# /st0/software/busco_prod/Augustus/scripts/msa2prfl.pl ./align_prep/214313.fa
