[name]
unknown

[dist]
# distance from previous block
# <min> <max>
0	44

[block]
# block no. 0 follows, 42 sequences, length 8
# corresponding to MSA columns:
# 45-52
name=unknown_A
#
# <colnr> <probs for GDERKNQSTAVLIFYWHMCP>
#	G	D	E	R	K	N	Q	S	T	A	V	L	I	F	Y	W	H	M	C	P
0	0.14937	0.04109	0.02892	0.06251	0.09705	0.02555	0.03593	0.01436	0.02823	0.01862	0.06732	0.03758	0.02196	0.01039	0.00625	0.00212	0.00553	0.33680	0.00424	0.00616
1	0.20903	0.01353	0.05509	0.14540	0.13791	0.03619	0.01179	0.19959	0.01550	0.08047	0.01201	0.01471	0.00920	0.00614	0.00516	0.00176	0.00615	0.02858	0.00399	0.00780
2	0.01080	0.00646	0.00905	0.07419	0.01167	0.00627	0.00664	0.01248	0.01375	0.11474	0.42741	0.03280	0.03488	0.01217	0.00948	0.16530	0.00388	0.03746	0.00520	0.00537
3	0.01784	0.01251	0.01409	0.01139	0.01493	0.01371	0.00926	0.46272	0.05946	0.08492	0.01650	0.01755	0.03499	0.01399	0.15730	0.00314	0.00751	0.00559	0.03427	0.00834
4	0.00917	0.00556	0.00743	0.00800	0.00893	0.00510	0.00559	0.01050	0.01207	0.10464	0.12440	0.60922	0.03652	0.01558	0.00693	0.00215	0.00337	0.01403	0.00555	0.00526
5	0.01054	0.02191	0.51523	0.07297	0.02227	0.01137	0.05333	0.01582	0.01237	0.01795	0.11417	0.07774	0.01582	0.00713	0.00575	0.00183	0.00715	0.00609	0.00315	0.00742
6	0.78423	0.01082	0.00887	0.06167	0.01282	0.01262	0.00676	0.01639	0.00969	0.02449	0.00799	0.00955	0.00619	0.00525	0.00363	0.00175	0.00457	0.00318	0.00341	0.00611
7	0.04523	0.08249	0.46939	0.01847	0.15003	0.01378	0.05977	0.04045	0.01257	0.01857	0.03192	0.01302	0.00889	0.00543	0.00530	0.00172	0.00754	0.00452	0.00273	0.00816

[dist]
# distance from previous block
# <min> <max>
0	1

[block]
# block no. 1 follows, 42 sequences, length 74
# corresponding to MSA columns:
# 54-79,84-123,129-136
name=unknown_B
#
# <colnr> <probs for GDERKNQSTAVLIFYWHMCP>
#	G	D	E	R	K	N	Q	S	T	A	V	L	I	F	Y	W	H	M	C	P
0	0.01282	0.01246	0.02003	0.30451	0.45952	0.04044	0.01613	0.01619	0.01237	0.01670	0.01144	0.01516	0.02675	0.00549	0.00560	0.00174	0.00701	0.00513	0.00275	0.00777
1	0.01147	0.00651	0.00863	0.00771	0.00962	0.00589	0.00591	0.01398	0.01580	0.17577	0.58859	0.06153	0.04456	0.01077	0.00645	0.00178	0.00311	0.00944	0.00632	0.00616
2	0.00887	0.00625	0.00706	0.00668	0.00865	0.00551	0.00507	0.01114	0.03876	0.08403	0.22834	0.06701	0.47648	0.01279	0.00654	0.00186	0.00304	0.01083	0.00564	0.00545
3	0.00707	0.00505	0.00677	0.00808	0.00850	0.00475	0.00559	0.00820	0.01098	0.01460	0.03090	0.72791	0.03676	0.01743	0.00724	0.00231	0.00345	0.08454	0.00522	0.00463
4	0.00794	0.00573	0.00750	0.00710	0.00840	0.00529	0.00531	0.01055	0.01580	0.02237	0.74611	0.06065	0.05271	0.01166	0.00665	0.00178	0.00267	0.01032	0.00617	0.00529
5	0.01211	0.00999	0.01171	0.00839	0.01337	0.00753	0.00672	0.01460	0.01181	0.04277	0.01040	0.01191	0.00852	0.00426	0.00422	0.00086	0.00419	0.00341	0.00345	0.80978
6	0.00804	0.00603	0.00904	0.00904	0.01005	0.00703	0.00703	0.01005	0.00904	0.01306	0.01507	0.02211	0.01407	0.04221	0.77992	0.00904	0.01507	0.00603	0.00301	0.00502
7	0.00919	0.00696	0.01030	0.01088	0.01237	0.00692	0.05243	0.01210	0.03419	0.01680	0.02865	0.14883	0.03112	0.01493	0.00757	0.00249	0.00518	0.57864	0.00506	0.00536
8	0.01400	0.01544	0.18989	0.27582	0.22939	0.01252	0.01610	0.04764	0.01307	0.11487	0.01190	0.01448	0.00872	0.00562	0.00555	0.00177	0.00706	0.00490	0.00325	0.00801
9	0.03252	0.08868	0.45724	0.01440	0.02100	0.01301	0.05913	0.01967	0.01268	0.18195	0.01248	0.01338	0.00869	0.00578	0.00578	0.00175	0.03555	0.00454	0.00344	0.00833
10	0.01231	0.01231	0.01724	0.01477	0.01477	0.01724	0.01231	0.01354	0.00862	0.01354	0.00739	0.01231	0.00739	0.00985	0.01847	0.00246	0.79192	0.00492	0.00246	0.00616
11	0.00796	0.00575	0.00752	0.00708	0.00841	0.00531	0.00531	0.01062	0.01593	0.02257	0.76415	0.04204	0.05310	0.01150	0.00664	0.00177	0.00265	0.01018	0.00619	0.00531
12	0.01155	0.00995	0.01197	0.00865	0.01351	0.00755	0.02252	0.01405	0.01168	0.01820	0.01071	0.03728	0.00928	0.00462	0.00432	0.00090	0.00425	0.00382	0.00339	0.79181
13	0.01328	0.01282	0.02057	0.22788	0.51786	0.03512	0.01623	0.01733	0.05141	0.01749	0.01102	0.01447	0.00893	0.00533	0.00558	0.00173	0.00688	0.00504	0.00287	0.00816
14	0.00804	0.00603	0.00904	0.00904	0.01005	0.00703	0.00703	0.01005	0.00904	0.01306	0.01507	0.02211	0.01407	0.04221	0.77992	0.00904	0.01507	0.00603	0.00301	0.00502
15	0.01231	0.01231	0.01724	0.01477	0.01477	0.01724	0.01231	0.01354	0.00862	0.01354	0.00739	0.01231	0.00739	0.00985	0.01847	0.00246	0.79192	0.00492	0.00246	0.00616
16	0.03050	0.04041	0.29025	0.05453	0.02373	0.02810	0.25279	0.07620	0.01363	0.03822	0.02931	0.03687	0.03150	0.00613	0.00609	0.00182	0.02329	0.00575	0.00319	0.00769
17	0.00978	0.00489	0.00733	0.00733	0.00733	0.00489	0.00489	0.00733	0.00733	0.00978	0.00978	0.01711	0.00978	0.01955	0.02199	0.83627	0.00489	0.00489	0.00244	0.00244
18	0.00907	0.00648	0.00907	0.01036	0.01166	0.00648	0.00907	0.01166	0.01296	0.01684	0.02980	0.06348	0.03239	0.01555	0.00777	0.00259	0.00518	0.72924	0.00518	0.00518
19	0.01322	0.01467	0.03103	0.02494	0.13822	0.01387	0.62085	0.01767	0.01315	0.01799	0.01174	0.03374	0.00928	0.00509	0.00650	0.00187	0.00892	0.00662	0.00289	0.00771
20	0.01562	0.73129	0.02820	0.01009	0.01473	0.09454	0.00975	0.01739	0.01187	0.01329	0.00791	0.00913	0.00722	0.00491	0.00375	0.00123	0.00641	0.00307	0.00245	0.00716
21	0.01271	0.01062	0.01223	0.00883	0.01378	0.00856	0.00710	0.09261	0.01325	0.02017	0.01038	0.01187	0.00847	0.00444	0.00432	0.00092	0.00438	0.00352	0.00358	0.74827
22	0.02005	0.03328	0.05827	0.01093	0.03392	0.00987	0.00897	0.07681	0.08703	0.45530	0.02037	0.06505	0.01507	0.06968	0.00747	0.00206	0.00512	0.00631	0.00586	0.00858
23	0.00685	0.00492	0.00651	0.00777	0.00815	0.00458	0.00520	0.00784	0.01083	0.01439	0.03176	0.77724	0.05805	0.01753	0.00717	0.00227	0.00325	0.01588	0.00522	0.00458
24	0.00686	0.00490	0.00653	0.00784	0.00816	0.00457	0.00522	0.00784	0.01077	0.01437	0.03102	0.79855	0.03722	0.01763	0.00718	0.00229	0.00326	0.01600	0.00522	0.00457
25	0.01339	0.01840	0.25649	0.01906	0.02502	0.01299	0.40224	0.01819	0.01290	0.08181	0.03123	0.01568	0.00999	0.02639	0.00707	0.00196	0.03041	0.00588	0.00314	0.00777
26	0.02317	0.00929	0.01249	0.00989	0.01385	0.00821	0.00804	0.02586	0.04883	0.67276	0.02299	0.08596	0.01607	0.00791	0.00579	0.00180	0.00464	0.00658	0.00676	0.00912
27	0.01400	0.01209	0.01273	0.01145	0.01463	0.01400	0.00891	0.02990	0.75695	0.02354	0.02291	0.02100	0.01718	0.00764	0.00573	0.00191	0.00445	0.00636	0.00573	0.00891
28	0.50698	0.01009	0.00977	0.00819	0.01184	0.01066	0.00673	0.02014	0.01199	0.28576	0.01348	0.01335	0.00933	0.00591	0.00427	0.00172	0.00440	0.00409	0.05402	0.00726
29	0.02139	0.01576	0.01689	0.01295	0.01745	0.01745	0.01070	0.74835	0.02646	0.03547	0.01351	0.01351	0.00957	0.00676	0.00563	0.00169	0.00619	0.00507	0.00563	0.00957
30	0.01147	0.06662	0.73715	0.01573	0.02388	0.01351	0.02025	0.01778	0.01186	0.01760	0.00999	0.01174	0.00713	0.00532	0.00526	0.00175	0.00821	0.00410	0.00238	0.00826
31	0.01167	0.01000	0.01167	0.00834	0.01334	0.00750	0.00667	0.01417	0.01167	0.01834	0.01000	0.01167	0.00834	0.00417	0.00417	0.00083	0.00417	0.00333	0.00333	0.83663
32	0.00686	0.00490	0.00653	0.00784	0.00816	0.00457	0.00522	0.00784	0.01077	0.01437	0.03102	0.79855	0.03722	0.01763	0.00718	0.00229	0.00326	0.01600	0.00522	0.00457
33	0.01810	0.01413	0.01504	0.01228	0.01620	0.01592	0.00990	0.42877	0.35140	0.03016	0.01769	0.01684	0.01295	0.00715	0.00567	0.00179	0.00542	0.00564	0.00567	0.00928
34	0.00686	0.00490	0.00653	0.00784	0.00816	0.00457	0.00522	0.00784	0.01077	0.01437	0.03102	0.79855	0.03722	0.01763	0.00718	0.00229	0.00326	0.01600	0.00522	0.00457
35	0.01432	0.34093	0.25263	0.01408	0.01982	0.01701	0.12574	0.03755	0.01241	0.06345	0.01009	0.01174	0.00789	0.00539	0.00550	0.00159	0.04501	0.00423	0.00284	0.00777
36	0.01291	0.01778	0.17127	0.02229	0.02847	0.01401	0.61122	0.01799	0.01302	0.01799	0.01115	0.01456	0.00828	0.00486	0.00640	0.00188	0.00927	0.00618	0.00276	0.00773
37	0.01129	0.02911	0.77306	0.01604	0.02436	0.01307	0.02079	0.01782	0.01188	0.01782	0.01010	0.01188	0.00713	0.00535	0.00535	0.00178	0.00832	0.00416	0.00238	0.00832
38	0.00807	0.00589	0.00834	0.00834	0.00911	0.00665	0.00616	0.00960	0.00884	0.01255	0.01571	0.02565	0.01561	0.22521	0.59902	0.00818	0.01276	0.00655	0.00311	0.00464
39	0.01267	0.17985	0.36920	0.03693	0.06314	0.01530	0.19064	0.01745	0.01207	0.01678	0.00990	0.01229	0.00759	0.00520	0.00567	0.00171	0.02862	0.00461	0.00252	0.00785
40	0.00890	0.00637	0.00884	0.00988	0.01118	0.00630	0.00851	0.01151	0.01340	0.01769	0.13896	0.06029	0.03547	0.01495	0.00760	0.00247	0.00481	0.62235	0.00533	0.00520
41	0.01301	0.01438	0.02878	0.02124	0.02535	0.01507	0.54292	0.01678	0.01199	0.01678	0.01028	0.01438	0.00822	0.00616	0.00992	0.00205	0.22658	0.00617	0.00274	0.00719
42	0.07783	0.00711	0.01038	0.14741	0.01532	0.00736	0.06070	0.01048	0.01109	0.01561	0.02586	0.48146	0.08133	0.01328	0.00652	0.00211	0.00453	0.01198	0.00442	0.00523
43	0.02063	0.01538	0.01646	0.01279	0.01716	0.01709	0.01051	0.67409	0.10196	0.03423	0.01448	0.01428	0.01036	0.00685	0.00564	0.00171	0.00601	0.00520	0.00564	0.00950
44	0.00978	0.00489	0.00733	0.00733	0.00733	0.00489	0.00489	0.00733	0.00733	0.00978	0.00978	0.01711	0.00978	0.01955	0.02199	0.83627	0.00489	0.00489	0.00244	0.00244
45	0.01494	0.01224	0.01250	0.01107	0.01410	0.05092	0.00855	0.07123	0.55846	0.06718	0.02109	0.02111	0.01622	0.06860	0.00741	0.00212	0.00490	0.00622	0.02274	0.00837
46	0.01221	0.01263	0.02508	0.06380	0.02424	0.01236	0.47872	0.05890	0.01326	0.01793	0.01550	0.18225	0.01463	0.00783	0.00702	0.00198	0.03286	0.00840	0.00349	0.00694
47	0.01505	0.80561	0.02949	0.00963	0.01444	0.02227	0.00963	0.01685	0.01143	0.01324	0.00782	0.00903	0.00722	0.00481	0.00361	0.00120	0.00602	0.00301	0.00241	0.00722
48	0.01202	0.01021	0.01186	0.00850	0.01348	0.00786	0.00681	0.04060	0.01220	0.01895	0.01013	0.01174	0.00838	0.00426	0.00422	0.00086	0.00424	0.00340	0.00342	0.80685
49	0.01236	0.01246	0.01133	0.01230	0.07228	0.21708	0.00826	0.05412	0.03191	0.01591	0.02168	0.44315	0.02419	0.01240	0.00658	0.00197	0.02109	0.01069	0.00438	0.00587
50	0.01393	0.01337	0.02284	0.03454	0.76712	0.01337	0.01727	0.01727	0.01281	0.01839	0.01059	0.01393	0.00891	0.00501	0.00557	0.00167	0.00669	0.00501	0.00279	0.00891
51	0.01199	0.01375	0.10325	0.17280	0.09128	0.01342	0.20318	0.01554	0.01137	0.01640	0.01067	0.01469	0.00859	0.00732	0.02894	0.00213	0.18856	0.00536	0.07383	0.00692
52	0.01400	0.01209	0.01273	0.01145	0.01463	0.01400	0.00891	0.02990	0.75695	0.02354	0.02291	0.02100	0.01718	0.00764	0.00573	0.00191	0.00445	0.00636	0.00573	0.00891
53	0.00818	0.00546	0.00614	0.00614	0.00614	0.00546	0.00341	0.00818	0.00818	0.01091	0.01773	0.03683	0.02046	0.80222	0.02864	0.00546	0.00546	0.00818	0.00341	0.00341
54	0.00665	0.00570	0.00570	0.00570	0.00760	0.00475	0.00428	0.00808	0.01283	0.01520	0.05701	0.05416	0.76483	0.01425	0.00665	0.00190	0.00285	0.01188	0.00523	0.00475
55	0.00770	0.00570	0.00718	0.00690	0.00826	0.00518	0.00514	0.01007	0.01516	0.02096	0.61217	0.08272	0.16749	0.01226	0.00667	0.00182	0.00272	0.01075	0.00599	0.00518
56	0.00686	0.00490	0.00653	0.00784	0.00816	0.00457	0.00522	0.00784	0.01077	0.01437	0.03102	0.79855	0.03722	0.01763	0.00718	0.00229	0.00326	0.01600	0.00522	0.00457
57	0.01505	0.80561	0.02949	0.00963	0.01444	0.02227	0.00963	0.01685	0.01143	0.01324	0.00782	0.00903	0.00722	0.00481	0.00361	0.00120	0.00602	0.00301	0.00241	0.00722
58	0.01335	0.01279	0.02181	0.16573	0.64042	0.01322	0.01699	0.01677	0.01254	0.01769	0.01048	0.01412	0.00867	0.00512	0.00558	0.00171	0.00683	0.00501	0.00274	0.00845
59	0.01291	0.28866	0.39739	0.01547	0.04257	0.01634	0.11875	0.01751	0.01195	0.01632	0.00953	0.01144	0.00741	0.00507	0.00495	0.00160	0.00766	0.00414	0.00246	0.00786
60	0.00743	0.00528	0.00704	0.00824	0.00875	0.00505	0.00590	0.00868	0.01104	0.01462	0.02973	0.58294	0.03489	0.07809	0.00897	0.00260	0.00384	0.16723	0.00507	0.00461
61	0.00713	0.00568	0.00639	0.00630	0.00792	0.00494	0.00469	0.00897	0.01382	0.01778	0.30709	0.08940	0.47308	0.01345	0.00667	0.00187	0.00280	0.01149	0.00557	0.00494
62	0.03403	0.06706	0.23135	0.01261	0.05769	0.02954	0.02936	0.03906	0.05791	0.01975	0.25551	0.06362	0.04240	0.00841	0.00613	0.00178	0.02558	0.00706	0.00421	0.00693
63	0.77751	0.01169	0.04330	0.00782	0.01158	0.01248	0.00678	0.01653	0.00975	0.02469	0.00801	0.00935	0.00621	0.00520	0.00359	0.00171	0.00453	0.00311	0.00343	0.03274
64	0.05183	0.19574	0.23242	0.03488	0.13692	0.08020	0.07318	0.03741	0.05511	0.03647	0.01067	0.01237	0.00832	0.00537	0.00503	0.00162	0.00724	0.00435	0.00297	0.00790
65	0.00797	0.00538	0.00629	0.00650	0.00658	0.00536	0.00381	0.00818	0.00863	0.01153	0.01980	0.15934	0.02298	0.65365	0.04687	0.00505	0.00538	0.00938	0.00369	0.00364
66	0.01328	0.00840	0.00996	0.00899	0.02604	0.02654	0.00684	0.09356	0.03205	0.17406	0.30694	0.05499	0.15783	0.02593	0.00673	0.00188	0.00395	0.02953	0.00586	0.00666
67	0.01203	0.01197	0.03548	0.01337	0.01499	0.01419	0.04515	0.02878	0.01031	0.01574	0.05316	0.01433	0.01052	0.00924	0.03244	0.00221	0.50388	0.00502	0.00294	0.16422
68	0.77016	0.01103	0.00876	0.00772	0.01121	0.01271	0.00635	0.05987	0.01076	0.02578	0.02907	0.01031	0.00760	0.00549	0.00370	0.00174	0.00442	0.00336	0.00369	0.00628
69	0.03246	0.20946	0.22539	0.01492	0.02012	0.15006	0.15341	0.03644	0.01296	0.01638	0.01079	0.05826	0.00927	0.00603	0.00544	0.00165	0.02182	0.00498	0.00284	0.00732
70	0.01314	0.01046	0.01228	0.02678	0.01431	0.00854	0.00731	0.07124	0.02719	0.05878	0.01115	0.01245	0.00887	0.00461	0.00442	0.00099	0.00444	0.00368	0.00372	0.69563
71	0.02912	0.01171	0.01618	0.01396	0.01406	0.01617	0.01152	0.01320	0.00862	0.01362	0.00821	0.01396	0.00831	0.05769	0.03870	0.00280	0.70855	0.00511	0.00255	0.00596
72	0.00921	0.00791	0.03889	0.00826	0.01029	0.00719	0.00658	0.01425	0.14666	0.02181	0.52162	0.07292	0.06123	0.01068	0.00636	0.00179	0.00329	0.00934	0.00578	0.03595
73	0.01187	0.02897	0.72807	0.01595	0.02394	0.05862	0.02020	0.01810	0.01212	0.01758	0.01002	0.01178	0.00714	0.00537	0.00533	0.00176	0.00843	0.00413	0.00241	0.00821

[dist]
# distance from previous block
# <min> <max>
0	4

[block]
# block no. 2 follows, 42 sequences, length 29
# corresponding to MSA columns:
# 141-154,158-172
name=unknown_C
#
# <colnr> <probs for GDERKNQSTAVLIFYWHMCP>
#	G	D	E	R	K	N	Q	S	T	A	V	L	I	F	Y	W	H	M	C	P
0	0.02525	0.00958	0.01306	0.01001	0.01437	0.00827	0.00827	0.02743	0.01611	0.77102	0.02220	0.01915	0.01393	0.00697	0.00566	0.00174	0.00479	0.00566	0.00697	0.00958
1	0.00907	0.00648	0.00907	0.01036	0.01166	0.00648	0.00907	0.01166	0.01296	0.01684	0.02980	0.06348	0.03239	0.01555	0.00777	0.00259	0.00518	0.72924	0.00518	0.00518
2	0.00931	0.00653	0.00811	0.00750	0.00922	0.00621	0.00569	0.01303	0.08351	0.06200	0.58512	0.04011	0.11956	0.01118	0.00650	0.00179	0.00295	0.00976	0.00610	0.00581
3	0.84197	0.01088	0.00827	0.00740	0.01088	0.01262	0.00609	0.01654	0.00958	0.02525	0.00784	0.00914	0.00609	0.00522	0.00348	0.00174	0.00435	0.00305	0.00348	0.00609
4	0.01505	0.80561	0.02949	0.00963	0.01444	0.02227	0.00963	0.01685	0.01143	0.01324	0.00782	0.00903	0.00722	0.00481	0.00361	0.00120	0.00602	0.00301	0.00241	0.00722
5	0.00792	0.00575	0.00746	0.00703	0.00838	0.00529	0.00527	0.01053	0.01582	0.02231	0.73965	0.04246	0.07776	0.01160	0.00664	0.00177	0.00266	0.01024	0.00616	0.00529
6	0.02102	0.02682	0.01595	0.01450	0.01740	0.77963	0.01087	0.02247	0.01595	0.01377	0.00870	0.01015	0.00725	0.00580	0.00507	0.00145	0.01015	0.00362	0.00290	0.00652
7	0.00681	0.00555	0.00605	0.00642	0.00792	0.00479	0.00472	0.00818	0.01235	0.01508	0.04965	0.22995	0.56026	0.01511	0.00683	0.00202	0.00305	0.04532	0.00522	0.00473
8	0.00806	0.00597	0.00872	0.00872	0.00962	0.00686	0.00663	0.00984	0.00895	0.01283	0.01537	0.02373	0.01477	0.12616	0.69693	0.00865	0.01401	0.00627	0.00306	0.00485
9	0.00903	0.00645	0.00902	0.01025	0.01155	0.00644	0.00894	0.01162	0.01305	0.01703	0.05445	0.06276	0.03308	0.01541	0.00773	0.00256	0.00510	0.70510	0.00522	0.00519
10	0.02102	0.02682	0.01595	0.01450	0.01740	0.77963	0.01087	0.02247	0.01595	0.01377	0.00870	0.01015	0.00725	0.00580	0.00507	0.00145	0.01015	0.00362	0.00290	0.00652
11	0.01505	0.80561	0.02949	0.00963	0.01444	0.02227	0.00963	0.01685	0.01143	0.01324	0.00782	0.00903	0.00722	0.00481	0.00361	0.00120	0.00602	0.00301	0.00241	0.00722
12	0.00873	0.00669	0.00830	0.00810	0.00981	0.00602	0.00583	0.03015	0.04111	0.01744	0.14244	0.45865	0.03205	0.01310	0.00635	0.00186	0.00348	0.01170	0.00500	0.18317
13	0.01459	0.71209	0.11905	0.01040	0.01564	0.02116	0.01097	0.01697	0.01149	0.01379	0.00810	0.00937	0.00721	0.00488	0.00382	0.00127	0.00630	0.00315	0.00240	0.00735
14	0.01579	0.70883	0.02781	0.01023	0.01481	0.11638	0.00978	0.01755	0.01200	0.01331	0.00793	0.00917	0.00723	0.00494	0.00379	0.00123	0.00653	0.00309	0.00247	0.00714
15	0.01279	0.00995	0.01177	0.03036	0.01382	0.00890	0.00760	0.14612	0.01439	0.04037	0.01575	0.14662	0.01507	0.00773	0.00525	0.00140	0.00456	0.05340	0.00426	0.44991
16	0.01326	0.01521	0.07557	0.07400	0.11433	0.03351	0.41046	0.04642	0.01300	0.01779	0.01130	0.03883	0.00920	0.00595	0.00760	0.00192	0.09507	0.00614	0.00293	0.00750
17	0.00806	0.00592	0.00767	0.00827	0.00939	0.00567	0.00641	0.01042	0.03310	0.01755	0.22676	0.24654	0.11110	0.03931	0.00781	0.00230	0.00377	0.23948	0.00542	0.00506
18	0.05342	0.00962	0.01289	0.00992	0.01425	0.00842	0.00820	0.02705	0.01588	0.74529	0.02171	0.01881	0.01366	0.00691	0.00558	0.00174	0.00477	0.00557	0.00685	0.00946
19	0.01129	0.02911	0.77306	0.01604	0.02436	0.01307	0.02079	0.01782	0.01188	0.01782	0.01010	0.01188	0.00713	0.00535	0.00535	0.00178	0.00832	0.00416	0.00238	0.00832
20	0.00722	0.00572	0.00649	0.00630	0.00795	0.00499	0.00472	0.00918	0.01417	0.01839	0.36323	0.04891	0.45662	0.01306	0.00665	0.00184	0.00277	0.01114	0.00565	0.00499
21	0.01129	0.02911	0.77306	0.01604	0.02436	0.01307	0.02079	0.01782	0.01188	0.01782	0.01010	0.01188	0.00713	0.00535	0.00535	0.00178	0.00832	0.00416	0.00238	0.00832
22	0.00665	0.00570	0.00570	0.00570	0.00760	0.00475	0.00428	0.00808	0.01283	0.01520	0.05701	0.05416	0.76483	0.01425	0.00665	0.00190	0.00285	0.01188	0.00523	0.00475
23	0.00907	0.00648	0.00907	0.01036	0.01166	0.00648	0.00907	0.01166	0.01296	0.01684	0.02980	0.06348	0.03239	0.01555	0.00777	0.00259	0.00518	0.72924	0.00518	0.00518
24	0.00671	0.00570	0.00578	0.00576	0.00764	0.00478	0.00432	0.00819	0.01297	0.01554	0.08902	0.05361	0.73262	0.01413	0.00665	0.00189	0.00284	0.01180	0.00527	0.00478
25	0.02525	0.00958	0.01306	0.01001	0.01437	0.00827	0.00827	0.02743	0.01611	0.77102	0.02220	0.01915	0.01393	0.00697	0.00566	0.00174	0.00479	0.00566	0.00697	0.00958
26	0.01129	0.02911	0.77306	0.01604	0.02436	0.01307	0.02079	0.01782	0.01188	0.01782	0.01010	0.01188	0.00713	0.00535	0.00535	0.00178	0.00832	0.00416	0.00238	0.00832
27	0.01194	0.01075	0.01460	0.01105	0.01501	0.00986	0.08789	0.03440	0.02812	0.01783	0.01134	0.05029	0.01011	0.02534	0.00731	0.00141	0.11808	0.00475	0.00336	0.52656
28	0.04675	0.01258	0.02075	0.11807	0.60277	0.01299	0.01608	0.01705	0.03360	0.01829	0.01150	0.01598	0.00978	0.00557	0.00558	0.00174	0.00656	0.03303	0.00296	0.00835

[dist]
# distance from previous block
# <min> <max>
0	5

[block]
# block no. 3 follows, 42 sequences, length 53
# corresponding to MSA columns:
# 178-221,223-231
name=unknown_D
#
# <colnr> <probs for GDERKNQSTAVLIFYWHMCP>
#	G	D	E	R	K	N	Q	S	T	A	V	L	I	F	Y	W	H	M	C	P
0	0.02112	0.01550	0.01660	0.01276	0.01718	0.01715	0.01053	0.73020	0.02610	0.03511	0.01363	0.01370	0.00969	0.00675	0.00559	0.00168	0.00610	0.00507	0.02607	0.00946
1	0.01079	0.01028	0.01749	0.73183	0.03752	0.01274	0.04214	0.01448	0.01123	0.01448	0.00995	0.01491	0.00754	0.00575	0.00614	0.00190	0.03696	0.00506	0.00251	0.00630
2	0.69479	0.01107	0.01038	0.09683	0.01489	0.01281	0.03360	0.03720	0.01038	0.02405	0.00837	0.01015	0.00644	0.00530	0.00390	0.00176	0.00495	0.00345	0.00341	0.00626
3	0.01393	0.01337	0.02284	0.03454	0.76712	0.01337	0.01727	0.01727	0.01281	0.01839	0.01059	0.01393	0.00891	0.00501	0.00557	0.00167	0.00669	0.00501	0.00279	0.00891
4	0.84197	0.01088	0.00827	0.00740	0.01088	0.01262	0.00609	0.01654	0.00958	0.02525	0.00784	0.00914	0.00609	0.00522	0.00348	0.00174	0.00435	0.00305	0.00348	0.00609
5	0.00705	0.00517	0.00670	0.00773	0.00816	0.00494	0.00521	0.00801	0.01074	0.01421	0.03176	0.67508	0.09417	0.06286	0.00866	0.00244	0.02253	0.01494	0.00505	0.00456
6	0.77550	0.01078	0.00866	0.00761	0.01117	0.01227	0.00627	0.01743	0.01011	0.08595	0.00901	0.00996	0.00673	0.00537	0.00366	0.00174	0.00439	0.00326	0.00377	0.00638
7	0.01343	0.01351	0.03786	0.07569	0.57578	0.01321	0.12531	0.01704	0.01278	0.01804	0.01130	0.01579	0.00953	0.00537	0.00580	0.00175	0.00713	0.02940	0.00285	0.00843
8	0.01157	0.07269	0.71204	0.01614	0.04252	0.01360	0.02007	0.01775	0.01188	0.01758	0.00998	0.01177	0.00718	0.00531	0.00525	0.00175	0.00815	0.00411	0.00239	0.00827
9	0.02147	0.01314	0.01496	0.01157	0.01577	0.01380	0.00952	0.47972	0.02250	0.24676	0.05892	0.01695	0.01343	0.00708	0.00565	0.00170	0.00550	0.00553	0.02679	0.00922
10	0.00814	0.00596	0.00737	0.00695	0.00849	0.00545	0.00524	0.01085	0.03250	0.03427	0.59061	0.04360	0.19579	0.01189	0.00660	0.00180	0.00277	0.01035	0.00600	0.00536
11	0.00751	0.00579	0.00828	0.00880	0.00958	0.00550	0.04847	0.00925	0.03812	0.01487	0.03009	0.68917	0.05552	0.03078	0.00748	0.00230	0.00370	0.01484	0.00507	0.00489
12	0.00830	0.00611	0.00807	0.00909	0.01037	0.00588	0.00758	0.01046	0.01271	0.01634	0.05135	0.15839	0.17009	0.01549	0.00746	0.00240	0.00444	0.48523	0.00522	0.00502
13	0.00907	0.00648	0.00907	0.01036	0.01166	0.00648	0.00907	0.01166	0.01296	0.01684	0.02980	0.06348	0.03239	0.01555	0.00777	0.00259	0.00518	0.72924	0.00518	0.00518
14	0.00913	0.00663	0.00904	0.01020	0.01158	0.00665	0.00885	0.01211	0.03777	0.01699	0.03076	0.06165	0.06401	0.01523	0.00766	0.00254	0.00506	0.67365	0.00520	0.00529
15	0.02224	0.00974	0.01257	0.00996	0.01389	0.00903	0.00811	0.05639	0.10207	0.58260	0.06524	0.02054	0.01644	0.00729	0.00566	0.00174	0.00460	0.00597	0.03684	0.00909
16	0.00831	0.00584	0.00721	0.00711	0.00734	0.00625	0.00456	0.00880	0.00839	0.01149	0.01675	0.03260	0.01853	0.60164	0.19720	0.00615	0.03708	0.00758	0.00329	0.00388
17	0.06895	0.00965	0.01280	0.00987	0.01418	0.00850	0.00815	0.02684	0.01576	0.73111	0.02143	0.01862	0.01351	0.00687	0.00554	0.00174	0.00477	0.00552	0.00678	0.00939
18	0.00870	0.00652	0.00788	0.00734	0.00898	0.00619	0.00557	0.05363	0.03712	0.02158	0.53380	0.04241	0.18284	0.02862	0.00705	0.00189	0.00306	0.02543	0.00588	0.00551
19	0.04271	0.13825	0.40523	0.01869	0.15621	0.01440	0.09271	0.01738	0.01214	0.01765	0.02823	0.01280	0.00869	0.00529	0.00523	0.00169	0.00752	0.00451	0.00264	0.00803
20	0.01852	0.05175	0.01817	0.04681	0.20734	0.51747	0.01258	0.02079	0.02744	0.01511	0.00943	0.01142	0.00785	0.00559	0.00518	0.00152	0.00893	0.00405	0.00289	0.00718
21	0.00767	0.00554	0.00728	0.00781	0.00817	0.00575	0.00529	0.00858	0.00959	0.01306	0.02308	0.39013	0.02658	0.25361	0.17081	0.00460	0.03262	0.01130	0.00415	0.00437
22	0.47240	0.01397	0.09664	0.09412	0.12690	0.05725	0.01059	0.01683	0.01091	0.02151	0.00903	0.01112	0.00705	0.00532	0.00432	0.00172	0.00576	0.00375	0.02404	0.00678
23	0.00690	0.00592	0.00594	0.00590	0.00784	0.00506	0.00443	0.00881	0.03797	0.01548	0.05586	0.05304	0.73958	0.01403	0.00662	0.00190	0.00290	0.01169	0.00524	0.00489
24	0.01331	0.01402	0.01860	0.03758	0.01721	0.10198	0.09554	0.01507	0.01013	0.01429	0.00834	0.01269	0.00768	0.00861	0.01489	0.00224	0.57313	0.00498	0.02337	0.00634
25	0.01145	0.00962	0.01122	0.01156	0.07679	0.01030	0.00811	0.04628	0.35260	0.02116	0.14366	0.07849	0.15308	0.00999	0.00617	0.00190	0.00410	0.03085	0.00541	0.00727
26	0.00818	0.00546	0.00614	0.00614	0.00614	0.00546	0.00341	0.00818	0.00818	0.01091	0.01773	0.03683	0.02046	0.80222	0.02864	0.00546	0.00546	0.00818	0.00341	0.00341
27	0.01086	0.00998	0.01617	0.65176	0.03437	0.01217	0.03150	0.01555	0.07546	0.01549	0.01210	0.04013	0.00953	0.00619	0.00565	0.00187	0.00698	0.00551	0.03232	0.00642
28	0.02118	0.00895	0.01194	0.00951	0.01319	0.00800	0.00772	0.02421	0.05703	0.58044	0.17020	0.02382	0.02192	0.00791	0.00586	0.00176	0.00434	0.00660	0.00674	0.00869
29	0.01393	0.01337	0.02284	0.03454	0.76712	0.01337	0.01727	0.01727	0.01281	0.01839	0.01059	0.01393	0.00891	0.00501	0.00557	0.00167	0.00669	0.00501	0.00279	0.00891
30	0.00665	0.00570	0.00570	0.00570	0.00760	0.00475	0.00428	0.00808	0.01283	0.01520	0.05701	0.05416	0.76483	0.01425	0.00665	0.00190	0.00285	0.01188	0.00523	0.00475
31	0.66566	0.01173	0.00985	0.00843	0.01209	0.02736	0.00693	0.11234	0.01232	0.07606	0.00955	0.01040	0.00709	0.00555	0.00394	0.00173	0.00473	0.00349	0.00398	0.00679
32	0.01249	0.21121	0.56507	0.01460	0.02196	0.01517	0.03590	0.01778	0.01189	0.03122	0.00983	0.01143	0.00732	0.00524	0.00498	0.00165	0.00774	0.00398	0.00248	0.00807
33	0.01889	0.01511	0.05956	0.01246	0.01663	0.01550	0.01056	0.60846	0.02355	0.03167	0.01561	0.11662	0.01306	0.00810	0.00582	0.00177	0.00593	0.00645	0.00539	0.00884
34	0.02102	0.02682	0.01595	0.01450	0.01740	0.77963	0.01087	0.02247	0.01595	0.01377	0.00870	0.01015	0.00725	0.00580	0.00507	0.00145	0.01015	0.00362	0.00290	0.00652
35	0.26054	0.01330	0.08789	0.02886	0.03091	0.03805	0.09685	0.01939	0.17201	0.04805	0.07584	0.01898	0.02589	0.00696	0.00554	0.00185	0.02240	0.03536	0.00415	0.00717
36	0.07765	0.01033	0.03064	0.05530	0.01559	0.00937	0.00879	0.06385	0.03428	0.55671	0.03691	0.01957	0.04091	0.00710	0.00556	0.00176	0.00495	0.00572	0.00618	0.00883
37	0.02139	0.01576	0.01689	0.01295	0.01745	0.01745	0.01070	0.74835	0.02646	0.03547	0.01351	0.01351	0.00957	0.00676	0.00563	0.00169	0.00619	0.00507	0.00563	0.00957
38	0.00684	0.00497	0.00645	0.00764	0.00811	0.00459	0.00514	0.00786	0.01097	0.01444	0.03345	0.72877	0.10543	0.01731	0.00713	0.00225	0.00323	0.01561	0.00522	0.00459
39	0.04617	0.10688	0.01858	0.07978	0.14402	0.21610	0.01188	0.21309	0.01696	0.06151	0.01097	0.01244	0.00849	0.00593	0.00545	0.00160	0.02407	0.00440	0.00375	0.00793
40	0.00721	0.00515	0.00694	0.00824	0.00872	0.00488	0.00584	0.00845	0.01112	0.01476	0.03082	0.68110	0.03645	0.01730	0.00728	0.00233	0.00357	0.12996	0.00522	0.00467
41	0.00818	0.00546	0.00614	0.00614	0.00614	0.00546	0.00341	0.00818	0.00818	0.01091	0.01773	0.03683	0.02046	0.80222	0.02864	0.00546	0.00546	0.00818	0.00341	0.00341
42	0.01213	0.01231	0.02168	0.41431	0.16364	0.03494	0.19123	0.01587	0.01207	0.01592	0.01067	0.02732	0.00847	0.00563	0.00624	0.00186	0.03049	0.00553	0.00269	0.00702
43	0.01420	0.01380	0.02200	0.03245	0.69521	0.04211	0.01654	0.01820	0.05626	0.01851	0.01123	0.01420	0.00933	0.00520	0.00556	0.00168	0.00669	0.00504	0.00296	0.00882
44	0.00686	0.00490	0.00653	0.00784	0.00816	0.00457	0.00522	0.00784	0.01077	0.01437	0.03102	0.79855	0.03722	0.01763	0.00718	0.00229	0.00326	0.01600	0.00522	0.00457
45	0.76702	0.01076	0.00852	0.00757	0.01096	0.01237	0.00621	0.04093	0.01051	0.02544	0.05086	0.01115	0.00887	0.00563	0.00373	0.00174	0.00432	0.00352	0.00371	0.00617
46	0.00893	0.00606	0.00685	0.00663	0.00692	0.00619	0.00395	0.05017	0.00925	0.01238	0.01740	0.03498	0.01962	0.73019	0.05401	0.00537	0.00584	0.00793	0.00352	0.00382
47	0.01163	0.01747	0.28682	0.02075	0.28478	0.02835	0.03660	0.01582	0.01291	0.01844	0.13319	0.07705	0.01748	0.00714	0.00580	0.00177	0.00652	0.00639	0.00338	0.00770
48	0.01399	0.30587	0.33965	0.01470	0.04157	0.10452	0.07275	0.01801	0.01233	0.01575	0.00924	0.01098	0.00734	0.00515	0.00480	0.00154	0.00775	0.00390	0.00250	0.00768
49	0.01807	0.01059	0.01251	0.01046	0.01389	0.01091	0.00833	0.12360	0.26511	0.29772	0.10112	0.06559	0.01993	0.00825	0.00587	0.00182	0.00455	0.00688	0.00619	0.00861
50	0.02139	0.01576	0.01689	0.01295	0.01745	0.01745	0.01070	0.74835	0.02646	0.03547	0.01351	0.01351	0.00957	0.00676	0.00563	0.00169	0.00619	0.00507	0.00563	0.00957
51	0.00876	0.00715	0.01037	0.04785	0.01186	0.00868	0.00794	0.01060	0.00926	0.01322	0.01614	0.02277	0.05554	0.07073	0.54362	0.00709	0.13396	0.00624	0.00305	0.00517
52	0.02064	0.01518	0.01628	0.01256	0.01681	0.01677	0.01028	0.70643	0.02542	0.03408	0.01375	0.01483	0.01019	0.05181	0.00693	0.00190	0.00615	0.00524	0.00550	0.00922

[dist]
# distance from previous block
# <min> <max>
0	3

[block]
# block no. 4 follows, 42 sequences, length 23
# corresponding to MSA columns:
# 235-257
name=unknown_E
#
# <colnr> <probs for GDERKNQSTAVLIFYWHMCP>
#	G	D	E	R	K	N	Q	S	T	A	V	L	I	F	Y	W	H	M	C	P
0	0.04525	0.01812	0.30054	0.01744	0.18885	0.03429	0.01456	0.07119	0.01356	0.09299	0.01314	0.03417	0.01007	0.00601	0.00523	0.00169	0.00647	0.00495	0.11345	0.00803
1	0.00946	0.00665	0.00783	0.00702	0.00926	0.00577	0.00538	0.01188	0.03149	0.08357	0.32607	0.04121	0.32498	0.01135	0.00628	0.00173	0.00311	0.00966	0.00557	0.09173
2	0.00816	0.00553	0.00652	0.00652	0.00666	0.00567	0.00389	0.00843	0.00830	0.01120	0.01738	0.03488	0.01961	0.70148	0.12823	0.00593	0.00673	0.00790	0.00336	0.00362
3	0.01351	0.01347	0.02030	0.02883	0.58679	0.07318	0.03485	0.01649	0.01308	0.01759	0.01661	0.01899	0.10897	0.00629	0.00570	0.00169	0.00653	0.00586	0.00312	0.00814
4	0.01184	0.02558	0.59691	0.01929	0.12334	0.01323	0.09559	0.01777	0.01215	0.01792	0.01030	0.01249	0.00751	0.00524	0.00551	0.00178	0.00822	0.00453	0.00248	0.00832
5	0.00820	0.00771	0.07069	0.00789	0.00983	0.00595	0.00673	0.01082	0.01461	0.02021	0.51424	0.04217	0.14954	0.01199	0.00715	0.03041	0.00343	0.06754	0.00553	0.00537
6	0.01200	0.00997	0.01084	0.01002	0.01239	0.01118	0.00756	0.02327	0.51938	0.02134	0.12129	0.08973	0.02394	0.09136	0.00834	0.00229	0.00422	0.00785	0.00551	0.00750
7	0.00722	0.00525	0.00673	0.00779	0.00836	0.00493	0.00529	0.02736	0.01136	0.01499	0.03271	0.71631	0.09667	0.01707	0.00710	0.00224	0.00331	0.01537	0.00523	0.00472
8	0.01140	0.05004	0.50416	0.07808	0.02202	0.01268	0.01660	0.01811	0.11019	0.01742	0.01250	0.01583	0.00988	0.08828	0.00777	0.00217	0.00736	0.00490	0.00294	0.00768
9	0.01333	0.01051	0.01213	0.01089	0.01306	0.11013	0.06838	0.09026	0.01415	0.11664	0.06076	0.35543	0.02427	0.01374	0.05660	0.00242	0.00593	0.01014	0.00490	0.00632
10	0.01266	0.02280	0.01249	0.00983	0.02597	0.00854	0.05264	0.04536	0.03311	0.10113	0.03988	0.02350	0.11261	0.08947	0.00801	0.00182	0.02543	0.02512	0.00420	0.34541
11	0.01215	0.00880	0.00959	0.00902	0.01102	0.08658	0.00711	0.01465	0.03103	0.13464	0.25360	0.04922	0.11154	0.01521	0.10899	0.00285	0.00586	0.11684	0.00526	0.00605
12	0.12550	0.04398	0.01257	0.01034	0.01351	0.05426	0.00811	0.06217	0.37021	0.12447	0.01840	0.01935	0.01427	0.08935	0.00767	0.00217	0.00505	0.00566	0.00507	0.00789
13	0.08274	0.02628	0.13066	0.02872	0.15382	0.04882	0.05020	0.07373	0.01299	0.09867	0.01365	0.09528	0.01188	0.00867	0.00769	0.11237	0.00616	0.00586	0.00367	0.02813
14	0.08148	0.00986	0.03006	0.00964	0.01243	0.00978	0.02797	0.12712	0.13815	0.06214	0.02011	0.23209	0.01886	0.00945	0.00557	0.00178	0.00437	0.00806	0.11481	0.07625
15	0.01194	0.01061	0.01680	0.26342	0.32059	0.01107	0.01325	0.01505	0.01183	0.01700	0.01151	0.01590	0.00957	0.04693	0.00644	0.00179	0.00613	0.00498	0.08893	0.11628
16	0.01390	0.09469	0.07817	0.11558	0.04625	0.06280	0.03763	0.05471	0.01311	0.11655	0.01811	0.12122	0.06275	0.00852	0.00673	0.00183	0.07187	0.02636	0.04233	0.00690
17	0.09977	0.05146	0.21209	0.06085	0.06289	0.01266	0.05082	0.14521	0.01421	0.06135	0.02550	0.01616	0.02673	0.04120	0.07025	0.00248	0.00723	0.00508	0.02655	0.00751
18	0.01276	0.01903	0.36541	0.01565	0.11748	0.01186	0.01474	0.12796	0.01381	0.02006	0.01266	0.01689	0.01030	0.05523	0.00764	0.04558	0.00672	0.02941	0.08926	0.00756
19	0.00890	0.00695	0.00904	0.08899	0.01270	0.00678	0.00694	0.04843	0.01192	0.01597	0.02711	0.33344	0.13917	0.01553	0.07090	0.03107	0.00503	0.04224	0.00443	0.11447
20	0.00913	0.00798	0.01287	0.08316	0.01493	0.00827	0.13038	0.02349	0.01112	0.01487	0.02340	0.37430	0.06775	0.11736	0.01063	0.00258	0.06729	0.01107	0.00412	0.00530
21	0.06345	0.02723	0.07850	0.01402	0.06480	0.06620	0.11207	0.01791	0.14850	0.01792	0.01401	0.05156	0.01226	0.08909	0.00885	0.00210	0.07131	0.00576	0.01751	0.11697
22	0.05077	0.00583	0.00703	0.00804	0.03394	0.00546	0.00543	0.00887	0.01159	0.01561	0.06460	0.43272	0.27191	0.01606	0.03318	0.00232	0.00368	0.01304	0.00501	0.00490

[dist]
# distance from previous block
# <min> <max>
3	56

# created by:
# /st0/software/busco_prod/Augustus/scripts/msa2prfl.pl ./align_prep/215062.fa
