[name]
unknown

[dist]
# distance from previous block
# <min> <max>
0	43

[block]
# block no. 0 follows, 45 sequences, length 22
# corresponding to MSA columns:
# 43-64
name=unknown_A
#
# <colnr> <probs for GDERKNQSTAVLIFYWHMCP>
#	G	D	E	R	K	N	Q	S	T	A	V	L	I	F	Y	W	H	M	C	P
0	0.00865	0.00618	0.00865	0.00989	0.01112	0.00618	0.00865	0.01112	0.01236	0.01606	0.02842	0.06055	0.03089	0.01483	0.00741	0.00247	0.00494	0.74174	0.00494	0.00494
1	0.01318	0.67486	0.02451	0.00876	0.01278	0.01845	0.00847	0.01505	0.01165	0.01417	0.14001	0.01405	0.01445	0.00569	0.00394	0.00124	0.00519	0.00405	0.00292	0.00657
2	0.00854	0.00724	0.01251	0.01095	0.01265	0.00785	0.13640	0.01084	0.00930	0.01321	0.01385	0.02041	0.01271	0.05974	0.62937	0.00734	0.01315	0.00592	0.00286	0.00516
3	0.04771	0.01536	0.01525	0.01292	0.04702	0.10364	0.01002	0.49062	0.15415	0.02847	0.01364	0.01365	0.01002	0.00637	0.00525	0.00162	0.00600	0.00483	0.00491	0.00855
4	0.00763	0.00620	0.00880	0.00910	0.00952	0.00674	0.03013	0.00872	0.01000	0.01368	0.02510	0.64512	0.02972	0.01514	0.00869	0.00220	0.14118	0.01315	0.00446	0.00471
5	0.04451	0.00962	0.01215	0.00957	0.01356	0.00888	0.00779	0.02508	0.14479	0.55705	0.01981	0.01763	0.01311	0.00646	0.00522	0.00161	0.00444	0.00523	0.00602	0.08748
6	0.02105	0.00836	0.01138	0.00919	0.01268	0.00728	0.00739	0.02293	0.01449	0.64898	0.02263	0.15462	0.01712	0.00840	0.00565	0.00175	0.00432	0.00710	0.00636	0.00831
7	0.00719	0.00519	0.00661	0.00714	0.00781	0.00478	0.00479	0.00826	0.01050	0.01433	0.11551	0.52882	0.03271	0.15246	0.01013	0.00255	0.00346	0.01250	0.00467	0.06060
8	0.01274	0.01220	0.02081	0.16514	0.64992	0.01261	0.01620	0.01600	0.01197	0.01688	0.01000	0.01346	0.00827	0.00488	0.00532	0.00163	0.00651	0.00478	0.00261	0.00806
9	0.00704	0.00507	0.00658	0.00730	0.00797	0.00475	0.00516	0.00843	0.01152	0.01550	0.19820	0.47224	0.08123	0.06845	0.00813	0.00228	0.00326	0.07733	0.00507	0.00451
10	0.00763	0.00532	0.00635	0.00677	0.00705	0.00529	0.00427	0.00867	0.03987	0.01225	0.02191	0.30050	0.02532	0.47485	0.01863	0.00392	0.00444	0.03904	0.00400	0.00391
11	0.09069	0.00637	0.00668	0.00620	0.00794	0.00646	0.00478	0.05864	0.01301	0.03909	0.19987	0.02488	0.06037	0.00766	0.00460	0.00146	0.00294	0.00625	0.44669	0.00542
12	0.06050	0.06496	0.01473	0.04027	0.14566	0.01230	0.00950	0.27132	0.01677	0.08517	0.11189	0.01797	0.01515	0.04190	0.00609	0.00173	0.00510	0.00541	0.06608	0.00749
13	0.01221	0.01399	0.06357	0.01881	0.02366	0.01272	0.51152	0.01609	0.01186	0.01677	0.01016	0.01345	0.00793	0.00498	0.00708	0.00169	0.09363	0.00550	0.00273	0.15165
14	0.00654	0.00467	0.00623	0.00747	0.00779	0.00436	0.00498	0.00747	0.01028	0.01370	0.02959	0.80785	0.03550	0.01682	0.00685	0.00218	0.00311	0.01526	0.00498	0.00436
15	0.03549	0.01109	0.01561	0.11529	0.31813	0.06740	0.01178	0.01697	0.01251	0.17694	0.01553	0.15129	0.01382	0.00738	0.00552	0.00172	0.00572	0.00658	0.00389	0.00737
16	0.10069	0.25863	0.08472	0.01511	0.14718	0.09403	0.04325	0.04802	0.01217	0.06094	0.00937	0.01103	0.00760	0.00533	0.00538	0.00150	0.06327	0.00387	0.00293	0.02498
17	0.02137	0.01233	0.01279	0.01037	0.01403	0.14375	0.00832	0.07971	0.06649	0.49172	0.04971	0.01745	0.01365	0.00665	0.00530	0.00161	0.00540	0.00524	0.02581	0.00832
18	0.03060	0.01093	0.06634	0.18470	0.17962	0.01068	0.04527	0.01586	0.12075	0.01848	0.21783	0.02148	0.02048	0.00707	0.00591	0.00173	0.02533	0.00626	0.00386	0.00680
19	0.17716	0.01591	0.25247	0.01214	0.01729	0.01105	0.10104	0.03712	0.05476	0.07306	0.06229	0.01412	0.01094	0.00550	0.00486	0.00157	0.00586	0.00455	0.00348	0.13484
20	0.01703	0.00998	0.01173	0.00980	0.01312	0.01025	0.00782	0.09099	0.29826	0.30757	0.10057	0.02257	0.06055	0.00770	0.00557	0.00173	0.00426	0.00638	0.00592	0.00822
21	0.01236	0.01015	0.01202	0.00950	0.01307	0.02279	0.03776	0.11448	0.12229	0.03887	0.15605	0.01997	0.04881	0.00670	0.00534	0.00136	0.02120	0.00558	0.00442	0.33728

[dist]
# distance from previous block
# <min> <max>
0	13

[block]
# block no. 1 follows, 45 sequences, length 22
# corresponding to MSA columns:
# 78-95,106-109
name=unknown_B
#
# <colnr> <probs for GDERKNQSTAVLIFYWHMCP>
#	G	D	E	R	K	N	Q	S	T	A	V	L	I	F	Y	W	H	M	C	P
0	0.01718	0.05767	0.01621	0.01413	0.09834	0.23643	0.04062	0.13924	0.07474	0.09841	0.01191	0.01268	0.00907	0.00550	0.00493	0.00141	0.00658	0.00427	0.00383	0.14684
1	0.02040	0.01027	0.03191	0.06894	0.01552	0.00956	0.00874	0.14086	0.03119	0.49966	0.04861	0.01873	0.01388	0.04860	0.00657	0.00185	0.00500	0.00554	0.00578	0.00838
2	0.01149	0.00816	0.01231	0.01060	0.01276	0.00804	0.12474	0.04379	0.06287	0.11346	0.03492	0.10027	0.04817	0.18880	0.06495	0.00315	0.00595	0.13539	0.00437	0.00580
3	0.01440	0.01154	0.04414	0.05182	0.01536	0.02872	0.00955	0.12935	0.33507	0.10242	0.02041	0.02641	0.01696	0.00845	0.00582	0.00189	0.00509	0.15976	0.00511	0.00771
4	0.00757	0.00500	0.00648	0.00730	0.00793	0.00461	0.00496	0.00847	0.01052	0.05329	0.03031	0.63812	0.10204	0.05273	0.00807	0.02615	0.00329	0.01374	0.00491	0.00451
5	0.38505	0.02886	0.03291	0.04957	0.01268	0.07063	0.00747	0.06211	0.01085	0.04981	0.01053	0.01442	0.00906	0.10397	0.08114	0.00273	0.03898	0.00426	0.01910	0.00587
6	0.68428	0.03420	0.01045	0.00845	0.01199	0.04449	0.04551	0.04479	0.01032	0.02308	0.00797	0.00931	0.00622	0.00499	0.00365	0.00161	0.00474	0.00319	0.00331	0.03747
7	0.00680	0.00559	0.00633	0.03769	0.00878	0.00497	0.00495	0.00844	0.01245	0.01547	0.14950	0.10324	0.55244	0.01320	0.00640	0.00186	0.00301	0.04919	0.00501	0.00467
8	0.00809	0.00661	0.00957	0.18686	0.05480	0.00700	0.00796	0.01055	0.05003	0.01469	0.05351	0.48613	0.05787	0.01276	0.00632	0.00201	0.00421	0.01150	0.00434	0.00519
9	0.00781	0.00520	0.00585	0.00585	0.00585	0.00520	0.00325	0.00781	0.00781	0.01041	0.01691	0.03513	0.01952	0.81135	0.02732	0.00520	0.00520	0.00781	0.00325	0.00325
10	0.01267	0.01448	0.03167	0.02262	0.02805	0.01357	0.75837	0.01719	0.01267	0.01719	0.01086	0.01448	0.00814	0.00452	0.00633	0.00181	0.00905	0.00633	0.00271	0.00724
11	0.01014	0.00954	0.01610	0.79845	0.03697	0.01193	0.01491	0.01371	0.01073	0.01371	0.00954	0.01431	0.00716	0.00537	0.00537	0.00179	0.00716	0.00477	0.00239	0.00596
12	0.01947	0.00811	0.01098	0.00877	0.01211	0.00710	0.00710	0.02167	0.01532	0.56886	0.23216	0.02438	0.02374	0.00786	0.00566	0.00167	0.00400	0.00660	0.00644	0.00800
13	0.00932	0.00466	0.00699	0.00699	0.00699	0.00466	0.00466	0.00699	0.00699	0.00932	0.00932	0.01632	0.00932	0.01865	0.02098	0.84382	0.00466	0.00466	0.00233	0.00233
14	0.00672	0.00484	0.00621	0.00721	0.00778	0.00447	0.00495	0.00785	0.01079	0.01438	0.06629	0.65166	0.11440	0.01586	0.00670	0.00210	0.00307	0.03213	0.02815	0.00444
15	0.01267	0.01448	0.03167	0.02262	0.02805	0.01357	0.75837	0.01719	0.01267	0.01719	0.01086	0.01448	0.00814	0.00452	0.00633	0.00181	0.00905	0.00633	0.00271	0.00724
16	0.84927	0.01038	0.00789	0.00706	0.01038	0.01204	0.00581	0.01578	0.00914	0.02408	0.00747	0.00872	0.00581	0.00498	0.00332	0.00166	0.00415	0.00291	0.00332	0.00581
17	0.00714	0.00543	0.00656	0.00635	0.00776	0.00486	0.00474	0.00921	0.01399	0.01885	0.50354	0.07935	0.28846	0.01211	0.00636	0.00175	0.00262	0.01050	0.00556	0.00486
18	0.00674	0.00487	0.00638	0.00723	0.00780	0.00451	0.00495	0.00801	0.01135	0.01530	0.17910	0.61665	0.07621	0.01549	0.00672	0.00206	0.00298	0.01396	0.00517	0.00451
19	0.00736	0.00536	0.00693	0.00679	0.00794	0.00493	0.00500	0.00959	0.01427	0.01993	0.62004	0.15800	0.08974	0.01202	0.00641	0.00177	0.00263	0.01065	0.00571	0.00493
20	0.01800	0.04616	0.01575	0.02884	0.01605	0.01441	0.03834	0.49492	0.03782	0.08799	0.01419	0.05942	0.01120	0.03306	0.00639	0.00175	0.02564	0.00551	0.00493	0.03965
21	0.12887	0.03761	0.01108	0.00896	0.01193	0.07902	0.00710	0.08561	0.09194	0.15736	0.15352	0.05008	0.04446	0.02326	0.00555	0.00166	0.00453	0.00605	0.02563	0.06582

[dist]
# distance from previous block
# <min> <max>
2	11

[block]
# block no. 2 follows, 45 sequences, length 18
# corresponding to MSA columns:
# 121-133,135-139
name=unknown_C
#
# <colnr> <probs for GDERKNQSTAVLIFYWHMCP>
#	G	D	E	R	K	N	Q	S	T	A	V	L	I	F	Y	W	H	M	C	P
0	0.06124	0.22931	0.19620	0.01384	0.07594	0.05078	0.05858	0.10266	0.04449	0.06472	0.01067	0.01189	0.00820	0.00539	0.00499	0.00153	0.02634	0.00412	0.02152	0.00758
1	0.59506	0.08039	0.04671	0.03981	0.04636	0.04524	0.00790	0.03262	0.01036	0.04300	0.00830	0.00964	0.00645	0.00506	0.00375	0.00161	0.00495	0.00324	0.00324	0.00631
2	0.02417	0.01011	0.01376	0.37942	0.04611	0.03089	0.01128	0.10239	0.05356	0.01769	0.02692	0.03715	0.04374	0.00670	0.00613	0.00172	0.06496	0.00542	0.09363	0.02426
3	0.04481	0.00547	0.00662	0.00708	0.00773	0.00536	0.00482	0.00914	0.00978	0.04300	0.02402	0.34808	0.05230	0.29422	0.03287	0.00335	0.00435	0.07235	0.02035	0.00430
4	0.00830	0.00581	0.00765	0.00757	0.00867	0.00547	0.02604	0.03116	0.01202	0.04949	0.20624	0.35325	0.10988	0.11436	0.02663	0.00250	0.00376	0.01140	0.00496	0.00484
5	0.00661	0.00480	0.00624	0.00725	0.00776	0.00443	0.00491	0.00771	0.01084	0.01440	0.09193	0.68259	0.09857	0.01608	0.00677	0.00211	0.00303	0.01448	0.00506	0.00443
6	0.01422	0.75282	0.02840	0.01022	0.01488	0.02065	0.06702	0.01616	0.01104	0.01298	0.00772	0.00906	0.00699	0.00459	0.00367	0.00120	0.00600	0.00314	0.00233	0.00692
7	0.01435	0.81458	0.02813	0.00918	0.01378	0.02124	0.00918	0.01607	0.01091	0.01263	0.00746	0.00861	0.00689	0.00459	0.00344	0.00115	0.00574	0.00287	0.00230	0.00689
8	0.81310	0.01058	0.00825	0.00729	0.01065	0.01224	0.00600	0.04825	0.00984	0.02451	0.00771	0.00890	0.00596	0.00505	0.00341	0.00166	0.00423	0.00299	0.00341	0.00596
9	0.01562	0.01266	0.01341	0.01138	0.01482	0.01441	0.00904	0.26366	0.52934	0.02611	0.01897	0.01773	0.01405	0.00701	0.00543	0.00175	0.00478	0.00567	0.00543	0.00870
10	0.62674	0.05675	0.00870	0.00689	0.00994	0.01121	0.00571	0.01552	0.00980	0.04475	0.00966	0.01100	0.00751	0.00523	0.00347	0.00156	0.00396	0.00335	0.15243	0.00583
11	0.00841	0.00628	0.00760	0.00721	0.00871	0.00602	0.00540	0.06779	0.03693	0.02027	0.47364	0.14980	0.15800	0.01177	0.00631	0.00178	0.00296	0.01028	0.00558	0.00529
12	0.01017	0.00641	0.00763	0.00696	0.00901	0.00579	0.00534	0.01285	0.05783	0.14585	0.29856	0.05966	0.33086	0.01123	0.00614	0.00175	0.00306	0.00956	0.00561	0.00572
13	0.01133	0.11309	0.57512	0.01446	0.02143	0.01320	0.06179	0.01654	0.01127	0.01646	0.00939	0.01121	0.00699	0.00503	0.00522	0.00159	0.02729	0.00394	0.00237	0.07227
14	0.00652	0.00476	0.00614	0.00725	0.00773	0.00438	0.00488	0.00750	0.01050	0.01379	0.03237	0.72292	0.11864	0.01646	0.00679	0.00214	0.00307	0.01482	0.00498	0.00438
15	0.10779	0.04610	0.01375	0.01080	0.01368	0.04526	0.09919	0.19335	0.07347	0.02077	0.03619	0.09189	0.06624	0.09839	0.02355	0.00226	0.00558	0.02817	0.01710	0.00648
16	0.00689	0.00495	0.00659	0.00764	0.00820	0.00465	0.00541	0.00818	0.01106	0.01477	0.10279	0.62127	0.05734	0.01592	0.00685	0.00216	0.00327	0.10248	0.00507	0.00450
17	0.07959	0.01195	0.01442	0.06931	0.03558	0.01291	0.05977	0.34071	0.10429	0.02514	0.03412	0.08163	0.03503	0.00723	0.00536	0.00167	0.00533	0.00601	0.01805	0.05189

[dist]
# distance from previous block
# <min> <max>
0	5

[block]
# block no. 3 follows, 45 sequences, length 18
# corresponding to MSA columns:
# 147-164
name=unknown_D
#
# <colnr> <probs for GDERKNQSTAVLIFYWHMCP>
#	G	D	E	R	K	N	Q	S	T	A	V	L	I	F	Y	W	H	M	C	P
0	0.17345	0.05067	0.01373	0.04313	0.01468	0.11912	0.08268	0.03058	0.05146	0.06939	0.07247	0.09973	0.02894	0.00730	0.00567	0.00165	0.04651	0.00589	0.00382	0.07916
1	0.03050	0.01108	0.04441	0.31666	0.02470	0.03216	0.14926	0.01359	0.01081	0.01475	0.01305	0.12951	0.02491	0.00752	0.00738	0.00187	0.11910	0.00652	0.00292	0.03928
2	0.01507	0.04036	0.08957	0.05194	0.04180	0.02799	0.12063	0.24436	0.06327	0.05885	0.01244	0.02791	0.00955	0.00663	0.02422	0.00173	0.02757	0.00495	0.00392	0.12724
3	0.00903	0.00474	0.00682	0.00696	0.00708	0.00472	0.00468	0.00744	0.00765	0.01043	0.01227	0.08481	0.01277	0.05531	0.01891	0.67129	0.00446	0.02473	0.04315	0.00274
4	0.01236	0.05105	0.11556	0.17035	0.30521	0.04322	0.05704	0.03183	0.04320	0.01670	0.03563	0.01501	0.02989	0.00573	0.00590	0.00168	0.04437	0.00501	0.00287	0.00738
5	0.01266	0.01024	0.04977	0.01097	0.07138	0.00921	0.00824	0.09029	0.14687	0.09961	0.10388	0.10162	0.08545	0.00813	0.00545	0.00158	0.00430	0.00692	0.00472	0.16871
6	0.84927	0.01038	0.00789	0.00706	0.01038	0.01204	0.00581	0.01578	0.00914	0.02408	0.00747	0.00872	0.00581	0.00498	0.00332	0.00166	0.00415	0.00291	0.00332	0.00581
7	0.01012	0.00646	0.00901	0.00985	0.01137	0.00634	0.00858	0.01256	0.01264	0.08906	0.02773	0.05652	0.02921	0.01405	0.00722	0.00239	0.00491	0.67153	0.00511	0.00534
8	0.00767	0.00575	0.00863	0.00863	0.00959	0.00671	0.00671	0.00959	0.00863	0.01246	0.01438	0.02109	0.01342	0.04026	0.79008	0.00863	0.01438	0.00575	0.00288	0.00479
9	0.00725	0.00542	0.00673	0.00652	0.00784	0.00490	0.00485	0.00942	0.01421	0.01945	0.56647	0.09639	0.20687	0.01195	0.00637	0.00175	0.00261	0.01045	0.00564	0.00490
10	0.00820	0.00584	0.00806	0.00925	0.01025	0.00578	0.00771	0.01027	0.01176	0.01537	0.02818	0.20701	0.03134	0.04765	0.00811	0.00253	0.00459	0.56847	0.00488	0.00476
11	0.00899	0.00581	0.00753	0.00692	0.00848	0.00528	0.00525	0.01140	0.01501	0.08902	0.65941	0.03892	0.09581	0.01076	0.00625	0.00169	0.00273	0.00943	0.00591	0.00539
12	0.00752	0.00569	0.00697	0.00675	0.00812	0.00529	0.00502	0.01027	0.04987	0.01944	0.52568	0.11131	0.19436	0.01186	0.00634	0.00176	0.00270	0.01037	0.00562	0.00506
13	0.84927	0.01038	0.00789	0.00706	0.01038	0.01204	0.00581	0.01578	0.00914	0.02408	0.00747	0.00872	0.00581	0.00498	0.00332	0.00166	0.00415	0.00291	0.00332	0.00581
14	0.20242	0.00881	0.01035	0.09401	0.01387	0.00896	0.00732	0.05236	0.01252	0.16192	0.13367	0.07472	0.01757	0.03915	0.00608	0.00175	0.01967	0.00589	0.00443	0.12453
15	0.00780	0.00549	0.00750	0.00756	0.00828	0.00602	0.00550	0.00926	0.00899	0.01296	0.04636	0.07441	0.01776	0.21856	0.47177	0.00660	0.01016	0.00694	0.06368	0.00443
16	0.01031	0.00807	0.00960	0.00864	0.01040	0.00856	0.03215	0.08476	0.16523	0.01845	0.12304	0.08602	0.12927	0.16413	0.01049	0.00246	0.03927	0.02284	0.06055	0.00577
17	0.05397	0.00819	0.04539	0.00796	0.01062	0.00693	0.00652	0.01527	0.06048	0.20871	0.19639	0.09325	0.17423	0.03977	0.00655	0.00184	0.00374	0.00818	0.00527	0.04674

[dist]
# distance from previous block
# <min> <max>
0	6

[block]
# block no. 4 follows, 45 sequences, length 7
# corresponding to MSA columns:
# 171-177
name=unknown_E
#
# <colnr> <probs for GDERKNQSTAVLIFYWHMCP>
#	G	D	E	R	K	N	Q	S	T	A	V	L	I	F	Y	W	H	M	C	P
0	0.34134	0.25283	0.07690	0.00968	0.01351	0.06828	0.00897	0.04183	0.01102	0.05520	0.00850	0.00981	0.00686	0.00540	0.00494	0.00155	0.07037	0.00335	0.00304	0.00661
1	0.23808	0.13264	0.19494	0.01146	0.01619	0.12615	0.03440	0.08528	0.01291	0.08783	0.00992	0.01087	0.00740	0.00530	0.00444	0.00156	0.00641	0.00373	0.00331	0.00717
2	0.08269	0.00721	0.00840	0.05727	0.01111	0.00706	0.00608	0.05433	0.02844	0.03226	0.05395	0.24561	0.17605	0.05916	0.03806	0.00222	0.00425	0.00913	0.00436	0.11236
3	0.01242	0.01047	0.01226	0.00908	0.01337	0.00924	0.00735	0.11327	0.01276	0.01928	0.00977	0.01142	0.00803	0.00478	0.00536	0.00104	0.07417	0.00353	0.00340	0.65901
4	0.00909	0.00630	0.00847	0.00845	0.00971	0.00623	0.02944	0.01158	0.06360	0.06450	0.08505	0.24980	0.07230	0.13285	0.07837	0.00311	0.00504	0.14635	0.00468	0.00509
5	0.00681	0.00542	0.00613	0.00621	0.00771	0.00474	0.00467	0.00848	0.01280	0.01627	0.23121	0.12047	0.48231	0.01331	0.00645	0.00185	0.00283	0.05244	0.00521	0.00467
6	0.01277	0.01390	0.09844	0.08151	0.53364	0.01251	0.06412	0.04795	0.01253	0.01772	0.01106	0.04912	0.00946	0.00545	0.00543	0.00166	0.00660	0.00528	0.00282	0.00803

[dist]
# distance from previous block
# <min> <max>
4	16

[block]
# block no. 5 follows, 45 sequences, length 10
# corresponding to MSA columns:
# 216-225
name=unknown_F
#
# <colnr> <probs for GDERKNQSTAVLIFYWHMCP>
#	G	D	E	R	K	N	Q	S	T	A	V	L	I	F	Y	W	H	M	C	P
0	0.00732	0.00527	0.00692	0.00694	0.00796	0.00488	0.00504	0.00943	0.01389	0.01945	0.57751	0.24353	0.04664	0.01252	0.00647	0.00182	0.00269	0.01118	0.00566	0.00488
1	0.01413	0.76676	0.07404	0.00956	0.01435	0.02071	0.00983	0.01613	0.01093	0.01289	0.00759	0.00878	0.00688	0.00462	0.00354	0.00118	0.00587	0.00294	0.00229	0.00695
2	0.00649	0.00487	0.00602	0.00693	0.00764	0.00441	0.00474	0.00754	0.01080	0.01391	0.03616	0.60748	0.23163	0.01596	0.00672	0.00208	0.00301	0.01422	0.00498	0.00441
3	0.01983	0.01475	0.01579	0.01223	0.01643	0.01638	0.01006	0.70050	0.08564	0.03291	0.01362	0.01347	0.00972	0.00651	0.00538	0.00163	0.00577	0.00493	0.00538	0.00908
4	0.11390	0.01185	0.01462	0.02880	0.09181	0.01211	0.04255	0.28903	0.01703	0.15298	0.03572	0.03848	0.01118	0.00618	0.00507	0.00155	0.00526	0.00502	0.00463	0.11222
5	0.01262	0.00888	0.01142	0.00988	0.01187	0.00931	0.05192	0.21490	0.01423	0.08106	0.01883	0.24192	0.01911	0.16950	0.06886	0.00304	0.03352	0.00855	0.00450	0.00609
6	0.01359	0.01100	0.01245	0.00912	0.01376	0.00967	0.00738	0.21130	0.01487	0.02182	0.01043	0.01160	0.00826	0.00463	0.00434	0.00101	0.00449	0.00362	0.00376	0.62291
7	0.06587	0.42182	0.01901	0.00935	0.01235	0.11542	0.00809	0.01437	0.01110	0.01371	0.01342	0.22063	0.01441	0.00813	0.00496	0.00152	0.03038	0.00629	0.00314	0.00603
8	0.01286	0.01100	0.01610	0.59016	0.03159	0.01318	0.01366	0.21145	0.01458	0.01904	0.01043	0.01393	0.00768	0.00565	0.00537	0.00174	0.00682	0.00479	0.00318	0.00680
9	0.01355	0.07427	0.53230	0.01413	0.02089	0.01413	0.01661	0.21381	0.01499	0.02118	0.01036	0.01157	0.00742	0.00542	0.00507	0.00164	0.00726	0.00413	0.00309	0.00818

[dist]
# distance from previous block
# <min> <max>
0	8

[block]
# block no. 6 follows, 45 sequences, length 17
# corresponding to MSA columns:
# 234-250
name=unknown_G
#
# <colnr> <probs for GDERKNQSTAVLIFYWHMCP>
#	G	D	E	R	K	N	Q	S	T	A	V	L	I	F	Y	W	H	M	C	P
0	0.02038	0.01328	0.15304	0.01204	0.05460	0.00989	0.01069	0.10538	0.01557	0.50538	0.03284	0.01660	0.01216	0.00633	0.00536	0.00166	0.00538	0.00513	0.00549	0.00880
1	0.01018	0.00940	0.00907	0.00963	0.01104	0.14783	0.00777	0.01204	0.01240	0.01481	0.02727	0.13061	0.11118	0.05383	0.00778	0.00231	0.00536	0.40807	0.00447	0.00498
2	0.00932	0.00466	0.00699	0.00699	0.00699	0.00466	0.00466	0.00699	0.00699	0.00932	0.00932	0.01632	0.00932	0.01865	0.02098	0.84382	0.00466	0.00466	0.00233	0.00233
3	0.00960	0.00863	0.01208	0.19326	0.01690	0.03931	0.00957	0.01157	0.00921	0.01272	0.01164	0.01814	0.01081	0.08294	0.35383	0.00515	0.18135	0.00537	0.00267	0.00523
4	0.00704	0.00508	0.00700	0.00802	0.00858	0.00504	0.00581	0.00837	0.01027	0.01381	0.02667	0.56046	0.03085	0.02079	0.14894	0.00339	0.00541	0.11536	0.00460	0.00452
5	0.01083	0.02446	0.64349	0.01397	0.02133	0.01150	0.01739	0.01637	0.01130	0.01709	0.00962	0.01130	0.00701	0.00490	0.00490	0.00154	0.00722	0.00382	0.00243	0.15955
6	0.00747	0.00542	0.00704	0.00676	0.00797	0.00499	0.00502	0.00983	0.01469	0.02064	0.68834	0.10311	0.07548	0.01154	0.00637	0.00173	0.00259	0.01022	0.00580	0.00499
7	0.01080	0.00623	0.00744	0.00713	0.00904	0.00572	0.00560	0.01310	0.03464	0.15347	0.08965	0.10538	0.25974	0.01109	0.00587	0.00180	0.00337	0.10733	0.15697	0.00564
8	0.01167	0.22679	0.59246	0.01375	0.02084	0.01469	0.01714	0.01677	0.01123	0.01589	0.00908	0.01064	0.00682	0.00497	0.00468	0.00156	0.00738	0.00369	0.00227	0.00767
9	0.01887	0.00842	0.01107	0.00911	0.01227	0.00767	0.00725	0.08092	0.01523	0.50152	0.10124	0.16329	0.02090	0.00893	0.00576	0.00175	0.00420	0.00759	0.00616	0.00784
10	0.01032	0.06997	0.01183	0.00977	0.01124	0.03969	0.00774	0.01435	0.14669	0.01435	0.01419	0.01932	0.01281	0.08984	0.36662	0.00521	0.12500	0.00551	0.01986	0.00571
11	0.01580	0.01597	0.01957	0.08971	0.34101	0.19116	0.07430	0.15224	0.01517	0.01913	0.01021	0.01257	0.00811	0.00528	0.00530	0.00158	0.00733	0.00461	0.00316	0.00777
12	0.00749	0.00576	0.00768	0.00938	0.07082	0.00543	0.00616	0.00885	0.01093	0.01425	0.03162	0.41083	0.17754	0.08378	0.00849	0.00237	0.00377	0.12550	0.00464	0.00473
13	0.00775	0.00544	0.00670	0.06652	0.00858	0.00556	0.00445	0.00820	0.00848	0.01126	0.01865	0.17365	0.02147	0.60589	0.02194	0.00440	0.00497	0.00893	0.00350	0.00366
14	0.00813	0.00609	0.00839	0.00830	0.00924	0.00694	0.00622	0.01071	0.06634	0.01285	0.01541	0.02355	0.01475	0.17756	0.59201	0.00749	0.01194	0.00615	0.00314	0.00480
15	0.01399	0.08442	0.18739	0.01552	0.04556	0.22254	0.17365	0.03899	0.03390	0.01600	0.02299	0.08611	0.01084	0.00638	0.00555	0.00164	0.01913	0.00551	0.00300	0.00690
16	0.01298	0.01058	0.04120	0.05811	0.05434	0.00942	0.06460	0.10377	0.04741	0.09379	0.15101	0.03734	0.01733	0.00645	0.00521	0.00142	0.00482	0.00563	0.00427	0.27031

[dist]
# distance from previous block
# <min> <max>
0	17

# created by:
# /st0/software/busco_prod/Augustus/scripts/msa2prfl.pl ./align_prep/215487.fa
