[name]
unknown

[dist]
# distance from previous block
# <min> <max>
16	108

[block]
# block no. 0 follows, 49 sequences, length 27
# corresponding to MSA columns:
# 122-148
name=unknown_A
#
# <colnr> <probs for GDERKNQSTAVLIFYWHMCP>
#	G	D	E	R	K	N	Q	S	T	A	V	L	I	F	Y	W	H	M	C	P
0	0.07314	0.05977	0.01129	0.02048	0.01149	0.00911	0.04347	0.14273	0.03325	0.09559	0.14612	0.08565	0.04208	0.06630	0.00643	0.00173	0.00416	0.00631	0.06452	0.07638
1	0.08529	0.04587	0.05246	0.08770	0.02299	0.01806	0.04485	0.04417	0.10779	0.08976	0.12712	0.11188	0.06856	0.02357	0.00553	0.00167	0.00445	0.00667	0.00414	0.04747
2	0.07379	0.05051	0.01495	0.19498	0.04270	0.01142	0.08212	0.10172	0.12362	0.14185	0.04944	0.01555	0.02257	0.00582	0.00508	0.00158	0.01526	0.00495	0.00393	0.03816
3	0.01265	0.10163	0.04839	0.00972	0.01270	0.04949	0.06775	0.17794	0.03219	0.07337	0.10160	0.06766	0.11597	0.08834	0.00722	0.00187	0.00495	0.00653	0.00414	0.01589
4	0.11343	0.03343	0.04741	0.00999	0.01337	0.01074	0.04497	0.20377	0.09725	0.18278	0.01597	0.13275	0.01332	0.00792	0.02268	0.00176	0.00490	0.00598	0.00459	0.03297
5	0.01616	0.02181	0.01304	0.04804	0.04885	0.00994	0.04511	0.20794	0.04488	0.26242	0.08754	0.02968	0.03213	0.00664	0.00525	0.01210	0.00465	0.00544	0.04911	0.04924
6	0.08851	0.10923	0.01497	0.13789	0.05743	0.08090	0.00956	0.27212	0.04435	0.02950	0.04686	0.05189	0.01086	0.00609	0.00472	0.00150	0.00554	0.00476	0.00375	0.01957
7	0.14855	0.04902	0.04909	0.05982	0.01445	0.01210	0.00848	0.33118	0.02754	0.03337	0.08187	0.04033	0.03591	0.00635	0.00470	0.00148	0.00480	0.00493	0.00416	0.08186
8	0.17710	0.01287	0.12394	0.01314	0.13811	0.02870	0.01008	0.06790	0.11527	0.17456	0.02207	0.01327	0.00964	0.00538	0.00456	0.00151	0.00504	0.00426	0.00392	0.06868
9	0.01165	0.01083	0.01480	0.17437	0.01919	0.05906	0.12395	0.05828	0.01169	0.02906	0.00990	0.03043	0.00805	0.00464	0.00456	0.00121	0.00552	0.00416	0.00297	0.41569
10	0.01084	0.01022	0.01684	0.27916	0.38614	0.01134	0.01347	0.01371	0.01098	0.01532	0.09123	0.01535	0.01165	0.00573	0.00627	0.00164	0.08576	0.00498	0.00271	0.00665
11	0.02197	0.00845	0.01151	0.00888	0.01266	0.00731	0.00731	0.02395	0.01447	0.75868	0.05525	0.01816	0.01413	0.00645	0.00513	0.00157	0.00421	0.00527	0.00623	0.00843
12	0.01052	0.00909	0.01444	0.51865	0.09949	0.01078	0.01236	0.01413	0.05199	0.05526	0.09093	0.01624	0.01187	0.00595	0.00588	0.00169	0.05665	0.00507	0.00298	0.00603
13	0.00709	0.00479	0.00559	0.00585	0.00591	0.00473	0.00342	0.00729	0.00786	0.01048	0.01854	0.20455	0.02167	0.64634	0.02153	0.00428	0.00447	0.00889	0.00342	0.00329
14	0.00988	0.00839	0.05145	0.04869	0.05375	0.00752	0.05103	0.08942	0.01392	0.05731	0.34112	0.06617	0.11529	0.00925	0.00576	0.00167	0.00401	0.05496	0.00468	0.00573
15	0.09554	0.00871	0.01136	0.00879	0.01264	0.00777	0.00726	0.02379	0.01396	0.72696	0.01882	0.01643	0.01190	0.00612	0.00491	0.00156	0.00427	0.00488	0.00599	0.00833
16	0.01254	0.01050	0.01536	0.40382	0.06230	0.01226	0.04589	0.12987	0.12622	0.06181	0.01173	0.01410	0.00873	0.00572	0.00584	0.00168	0.05677	0.00478	0.00335	0.00675
17	0.01109	0.01001	0.01719	0.52656	0.22831	0.01134	0.05589	0.01434	0.01079	0.05217	0.00973	0.01342	0.00740	0.00493	0.00509	0.00163	0.00653	0.00461	0.00253	0.00645
18	0.01232	0.01124	0.06390	0.06918	0.20178	0.01077	0.06068	0.11982	0.13868	0.05546	0.16387	0.03892	0.01765	0.00664	0.00532	0.00160	0.00507	0.00593	0.00407	0.00712
19	0.09721	0.02067	0.52772	0.01337	0.01965	0.01111	0.08009	0.01728	0.01118	0.13951	0.01069	0.01171	0.00739	0.00498	0.00478	0.00160	0.00671	0.00404	0.00292	0.00740
20	0.01515	0.01153	0.01318	0.05406	0.05304	0.01273	0.00890	0.39611	0.18853	0.04302	0.08802	0.01748	0.01436	0.05308	0.00634	0.00177	0.00493	0.00542	0.00476	0.00760
21	0.00893	0.00749	0.01090	0.05116	0.01226	0.00790	0.08455	0.04692	0.08606	0.01767	0.32087	0.12267	0.05359	0.01215	0.08099	0.00233	0.05564	0.00808	0.00441	0.00544
22	0.01340	0.05975	0.13483	0.06706	0.07534	0.01216	0.01058	0.29038	0.05089	0.02184	0.08791	0.05412	0.01335	0.01532	0.00520	0.00154	0.00531	0.00521	0.00391	0.07192
23	0.00700	0.00513	0.00659	0.00648	0.00764	0.00472	0.00488	0.00913	0.01343	0.01858	0.59330	0.11316	0.12143	0.01133	0.00608	0.00169	0.00260	0.05681	0.00534	0.00465
24	0.01112	0.01424	0.16055	0.23139	0.16269	0.04833	0.18606	0.01509	0.02466	0.01548	0.05116	0.01394	0.00947	0.00502	0.00520	0.00159	0.00690	0.00486	0.00261	0.02966
25	0.01093	0.01910	0.38413	0.01738	0.02346	0.01193	0.38264	0.01580	0.01126	0.01605	0.01005	0.03004	0.00765	0.00476	0.00537	0.00164	0.00777	0.00503	0.00242	0.03259
26	0.00863	0.00627	0.00884	0.05022	0.01083	0.00622	0.04948	0.04792	0.04884	0.05679	0.09353	0.51797	0.02828	0.03295	0.00659	0.00197	0.00371	0.01132	0.00461	0.00503

[dist]
# distance from previous block
# <min> <max>
0	2

[block]
# block no. 1 follows, 49 sequences, length 58
# corresponding to MSA columns:
# 151-208
name=unknown_B
#
# <colnr> <probs for GDERKNQSTAVLIFYWHMCP>
#	G	D	E	R	K	N	Q	S	T	A	V	L	I	F	Y	W	H	M	C	P
0	0.22367	0.02528	0.12898	0.02819	0.03035	0.02218	0.31891	0.05156	0.01156	0.08021	0.00995	0.01188	0.00731	0.00482	0.00513	0.00163	0.02405	0.00456	0.00303	0.00675
1	0.00974	0.00918	0.01551	0.76039	0.08310	0.01128	0.01414	0.01309	0.01020	0.01315	0.00902	0.01342	0.00682	0.00502	0.00505	0.00167	0.00669	0.00449	0.00226	0.00577
2	0.01293	0.00956	0.01119	0.00816	0.01253	0.00789	0.00659	0.10487	0.01253	0.10773	0.01062	0.01146	0.00820	0.00431	0.00406	0.00093	0.00403	0.00342	0.00362	0.65538
3	0.00628	0.00449	0.00597	0.00696	0.00736	0.00418	0.00470	0.00733	0.01021	0.01376	0.11527	0.72918	0.03509	0.01521	0.00640	0.00200	0.00287	0.01377	0.00479	0.00418
4	0.01373	0.00815	0.01061	0.16966	0.01562	0.02495	0.00800	0.07366	0.01321	0.27470	0.05810	0.08849	0.16356	0.00858	0.00548	0.00169	0.00449	0.04621	0.00474	0.00638
5	0.01037	0.08107	0.74321	0.01402	0.02127	0.01231	0.01799	0.01595	0.01065	0.01573	0.00893	0.01050	0.00641	0.00477	0.00470	0.00157	0.00733	0.00367	0.00214	0.00741
6	0.00722	0.00542	0.00813	0.00813	0.00903	0.00632	0.00632	0.00903	0.00813	0.01174	0.01354	0.01987	0.01264	0.03792	0.80225	0.00813	0.01354	0.00542	0.00271	0.00451
7	0.00815	0.00582	0.00815	0.00931	0.01048	0.00582	0.00815	0.01048	0.01164	0.01513	0.02677	0.05704	0.02910	0.01397	0.00698	0.00233	0.00466	0.75671	0.00466	0.00466
8	0.04217	0.01162	0.01377	0.08999	0.03219	0.01239	0.00926	0.43216	0.01890	0.22350	0.05225	0.01474	0.01126	0.00616	0.00505	0.00155	0.00516	0.00486	0.00500	0.00801
9	0.00616	0.00440	0.00587	0.00704	0.00733	0.00411	0.00469	0.00704	0.00968	0.01291	0.02787	0.81899	0.03344	0.01584	0.00645	0.00205	0.00293	0.01438	0.00469	0.00411
10	0.01049	0.00899	0.01049	0.00749	0.01198	0.00674	0.00599	0.01273	0.01049	0.01648	0.00899	0.01049	0.00749	0.00374	0.00374	0.00075	0.00374	0.00300	0.00300	0.85320
11	0.02269	0.00861	0.01174	0.00900	0.01291	0.00743	0.00743	0.02464	0.01447	0.79425	0.01995	0.01721	0.01252	0.00626	0.00509	0.00156	0.00430	0.00509	0.00626	0.00861
12	0.01922	0.01416	0.01518	0.01163	0.01568	0.01568	0.00961	0.77388	0.02378	0.03187	0.01214	0.01214	0.00860	0.00607	0.00506	0.00152	0.00556	0.00455	0.00506	0.00860
13	0.01173	0.01508	0.11793	0.02052	0.02591	0.01267	0.68573	0.01618	0.01179	0.01618	0.01010	0.01330	0.00753	0.00432	0.00583	0.00169	0.00840	0.00571	0.00251	0.00690
14	0.00722	0.00542	0.00813	0.00813	0.00903	0.00632	0.00632	0.00903	0.00813	0.01174	0.01354	0.01987	0.01264	0.03792	0.80225	0.00813	0.01354	0.00542	0.00271	0.00451
15	0.01922	0.01416	0.01518	0.01163	0.01568	0.01568	0.00961	0.77388	0.02378	0.03187	0.01214	0.01214	0.00860	0.00607	0.00506	0.00152	0.00556	0.00455	0.00506	0.00860
16	0.00817	0.00624	0.00764	0.00710	0.00861	0.00624	0.00538	0.01280	0.15842	0.02044	0.64393	0.03422	0.04165	0.00968	0.00581	0.00161	0.00269	0.00850	0.00549	0.00538
17	0.00616	0.00440	0.00587	0.00704	0.00733	0.00411	0.00469	0.00704	0.00968	0.01291	0.02787	0.81899	0.03344	0.01584	0.00645	0.00205	0.00293	0.01438	0.00469	0.00411
18	0.01352	0.82533	0.02650	0.00865	0.01298	0.02001	0.00865	0.01514	0.01027	0.01190	0.00703	0.00811	0.00649	0.00433	0.00324	0.00108	0.00541	0.00270	0.00216	0.00649
19	0.17957	0.00883	0.01093	0.00856	0.01232	0.00817	0.00706	0.02281	0.01337	0.64934	0.01753	0.01552	0.01119	0.00596	0.00472	0.00156	0.00423	0.00464	0.00567	0.00802
20	0.01031	0.02326	0.64669	0.08419	0.06153	0.01177	0.06092	0.01573	0.01074	0.01578	0.00915	0.01118	0.00659	0.00478	0.00490	0.00161	0.00740	0.00397	0.00219	0.00730
21	0.01080	0.00972	0.01542	0.68218	0.06771	0.01178	0.01360	0.10052	0.01175	0.01527	0.00937	0.01328	0.00701	0.00515	0.00505	0.00166	0.00657	0.00450	0.00258	0.00607
22	0.00620	0.00513	0.00543	0.00536	0.00697	0.00436	0.00402	0.00769	0.01205	0.01490	0.18961	0.04662	0.64953	0.01234	0.00597	0.00169	0.00253	0.01039	0.00486	0.00436
23	0.01008	0.02574	0.78040	0.01425	0.02160	0.01161	0.01841	0.01589	0.01075	0.01610	0.02456	0.01121	0.00723	0.00491	0.00483	0.00160	0.00737	0.00384	0.00220	0.00742
24	0.00955	0.00899	0.01517	0.81013	0.03483	0.01123	0.01404	0.01292	0.01011	0.01292	0.00899	0.01348	0.00674	0.00506	0.00506	0.00169	0.00674	0.00449	0.00225	0.00562
25	0.00700	0.00513	0.00657	0.00628	0.00748	0.00469	0.00468	0.00921	0.01383	0.01931	0.68317	0.07765	0.11444	0.01084	0.00599	0.00162	0.00243	0.00954	0.00544	0.00469
26	0.07598	0.63075	0.02319	0.00905	0.01320	0.04347	0.00859	0.11806	0.01211	0.01540	0.00775	0.00870	0.00670	0.00462	0.00352	0.00118	0.00544	0.00297	0.00264	0.00668
27	0.01213	0.48768	0.33794	0.01137	0.03010	0.01652	0.01283	0.01550	0.01046	0.01364	0.00790	0.00923	0.00648	0.00452	0.00391	0.00130	0.00625	0.00315	0.00216	0.00691
28	0.01649	0.24019	0.01771	0.01208	0.05264	0.32883	0.00945	0.15725	0.07119	0.01681	0.00960	0.01049	0.00776	0.00523	0.00433	0.00132	0.00677	0.00362	0.02145	0.00678
29	0.01263	0.01079	0.01144	0.01030	0.01313	0.01244	0.00806	0.04874	0.73281	0.02127	0.02054	0.01996	0.01569	0.00708	0.00520	0.00173	0.00407	0.03110	0.00513	0.00791
30	0.00735	0.00490	0.00552	0.00552	0.00552	0.00490	0.00306	0.00735	0.00735	0.00980	0.01593	0.03309	0.01838	0.82229	0.02574	0.00490	0.00490	0.00735	0.00306	0.00306
31	0.00994	0.00920	0.01526	0.63541	0.13132	0.01095	0.01348	0.02666	0.01085	0.01427	0.06587	0.01510	0.00992	0.00539	0.00512	0.00165	0.00631	0.00484	0.00257	0.00592
32	0.00917	0.00477	0.00495	0.00490	0.00608	0.00472	0.00368	0.01153	0.01103	0.01902	0.10520	0.02103	0.01696	0.00640	0.00381	0.00123	0.00236	0.00522	0.75324	0.00472
33	0.00795	0.00820	0.09895	0.00901	0.01081	0.00740	0.00786	0.01113	0.06477	0.01292	0.01354	0.01874	0.01213	0.03185	0.65250	0.00691	0.01215	0.00525	0.00282	0.00511
34	0.00796	0.00524	0.00691	0.00666	0.00786	0.00482	0.00493	0.01004	0.01345	0.06831	0.59625	0.18318	0.04279	0.01111	0.00600	0.00168	0.00261	0.00987	0.00545	0.00489
35	0.18662	0.00787	0.00942	0.00859	0.01036	0.00916	0.00687	0.09853	0.01007	0.01651	0.01136	0.01559	0.01007	0.02409	0.46008	0.00533	0.07109	0.00461	0.00304	0.03073
36	0.05347	0.01230	0.13619	0.41324	0.09559	0.01130	0.04866	0.01594	0.07709	0.07199	0.01081	0.01344	0.00795	0.00516	0.00497	0.00164	0.00632	0.00451	0.00285	0.00659
37	0.00683	0.00477	0.00561	0.00597	0.00627	0.00458	0.00370	0.00730	0.00868	0.01142	0.04134	0.28206	0.10297	0.46642	0.01718	0.00360	0.00398	0.00995	0.00380	0.00356
38	0.01329	0.07122	0.01941	0.12591	0.51235	0.01309	0.01388	0.13754	0.01322	0.01820	0.00969	0.01226	0.00783	0.00482	0.00489	0.00150	0.00599	0.00438	0.00286	0.00769
39	0.00729	0.00488	0.00553	0.00559	0.00561	0.00486	0.00315	0.00734	0.00747	0.00996	0.01653	0.07221	0.01913	0.78214	0.02478	0.00476	0.00480	0.00770	0.00315	0.00312
40	0.00707	0.00478	0.00560	0.00587	0.00594	0.00472	0.00345	0.00728	0.00790	0.01053	0.01873	0.21716	0.02191	0.63340	0.02122	0.00424	0.00444	0.00900	0.00345	0.00331
41	0.21669	0.01279	0.01171	0.00966	0.01311	0.16545	0.00776	0.12668	0.04577	0.32170	0.01348	0.01287	0.00926	0.00569	0.00452	0.00151	0.00532	0.00413	0.00460	0.00731
42	0.00726	0.00482	0.00560	0.00576	0.00579	0.00478	0.00333	0.00728	0.00762	0.01017	0.01719	0.13407	0.01995	0.68596	0.02301	0.03824	0.00463	0.00814	0.00324	0.00316
43	0.01116	0.02211	0.58171	0.07167	0.02129	0.01214	0.01634	0.08233	0.10039	0.01775	0.01066	0.01195	0.00766	0.00517	0.00488	0.00161	0.00686	0.00409	0.00274	0.00750
44	0.00694	0.00504	0.00654	0.00650	0.00755	0.00465	0.00479	0.00898	0.01324	0.01845	0.59144	0.18548	0.08089	0.01158	0.00608	0.00170	0.00255	0.02765	0.00534	0.00462
45	0.06391	0.00909	0.11549	0.09996	0.01314	0.00743	0.06294	0.01301	0.01053	0.01784	0.01356	0.01606	0.01049	0.00545	0.00403	0.00136	0.00410	0.00452	0.52170	0.00539
46	0.01049	0.00899	0.01049	0.00749	0.01198	0.00674	0.00599	0.01273	0.01049	0.01648	0.00899	0.01049	0.00749	0.00374	0.00374	0.00075	0.00374	0.00300	0.00300	0.85320
47	0.00778	0.00582	0.00730	0.00681	0.00820	0.00567	0.00514	0.01153	0.10252	0.02038	0.69984	0.03560	0.04400	0.00994	0.00587	0.00160	0.00257	0.00875	0.00552	0.00514
48	0.00614	0.00450	0.00577	0.00678	0.00727	0.00413	0.00458	0.00707	0.00993	0.01301	0.03105	0.71427	0.13611	0.01543	0.00639	0.00201	0.00288	0.01387	0.00469	0.00413
49	0.00836	0.00659	0.00779	0.00807	0.00929	0.00694	0.00583	0.01375	0.26005	0.01629	0.09549	0.47528	0.02886	0.01240	0.00599	0.00191	0.00326	0.02350	0.00492	0.00544
50	0.01007	0.00581	0.00769	0.00686	0.00856	0.00527	0.00527	0.01238	0.01434	0.16564	0.64381	0.03391	0.04110	0.00957	0.00580	0.00159	0.00275	0.00838	0.00570	0.00549
51	0.01130	0.01011	0.01576	0.58606	0.12707	0.01197	0.01350	0.11699	0.02883	0.01613	0.00973	0.01329	0.00734	0.00516	0.00505	0.00164	0.00643	0.00453	0.00272	0.00638
52	0.00716	0.00517	0.00676	0.00636	0.00755	0.00477	0.00477	0.00954	0.01431	0.02028	0.78808	0.03777	0.04771	0.01034	0.00596	0.00159	0.00239	0.00914	0.00557	0.00477
53	0.01154	0.21699	0.41230	0.10399	0.02013	0.01396	0.01433	0.05159	0.08014	0.01585	0.00974	0.01117	0.00737	0.00496	0.00450	0.00149	0.00649	0.00379	0.00256	0.00712
54	0.00917	0.01837	0.49690	0.01151	0.01664	0.00935	0.01352	0.01409	0.03792	0.01750	0.26207	0.03721	0.02067	0.00690	0.00523	0.00161	0.00561	0.00578	0.00340	0.00654
55	0.01104	0.01592	0.22208	0.16790	0.04255	0.01221	0.42242	0.01552	0.01126	0.01554	0.00969	0.01283	0.00718	0.00455	0.00548	0.00167	0.00787	0.00509	0.00239	0.00679
56	0.01042	0.01250	0.17113	0.00891	0.01401	0.00776	0.00859	0.01340	0.01052	0.01638	0.00901	0.01052	0.00727	0.00396	0.00396	0.00092	0.00451	0.00315	0.00282	0.68026
57	0.04811	0.36130	0.01901	0.08754	0.02861	0.28577	0.00938	0.01620	0.01141	0.01262	0.00796	0.01011	0.00701	0.02509	0.03294	0.00160	0.02359	0.00334	0.00241	0.00601

[dist]
# distance from previous block
# <min> <max>
0	2

[block]
# block no. 2 follows, 49 sequences, length 11
# corresponding to MSA columns:
# 211-221
name=unknown_C
#
# <colnr> <probs for GDERKNQSTAVLIFYWHMCP>
#	G	D	E	R	K	N	Q	S	T	A	V	L	I	F	Y	W	H	M	C	P
0	0.85801	0.00978	0.00743	0.00665	0.00978	0.01134	0.00548	0.01486	0.00861	0.02269	0.00704	0.00821	0.00548	0.00469	0.00313	0.00156	0.00391	0.00274	0.00313	0.00548
1	0.00953	0.00515	0.00530	0.00500	0.00651	0.00492	0.00379	0.01188	0.01059	0.01861	0.01573	0.01800	0.01240	0.00567	0.00356	0.00113	0.00250	0.00454	0.76400	0.09118
2	0.01053	0.00957	0.12154	0.00782	0.01044	0.00776	0.00712	0.05240	0.15110	0.04063	0.12339	0.02071	0.03789	0.00673	0.00453	0.00143	0.00361	0.00553	0.37128	0.00600
3	0.00627	0.00513	0.00553	0.00543	0.00701	0.00439	0.00407	0.00782	0.01221	0.01529	0.23303	0.04598	0.60586	0.01220	0.00597	0.00168	0.00252	0.01030	0.00491	0.00439
4	0.01128	0.01093	0.01646	0.53178	0.22245	0.06285	0.01396	0.04383	0.01127	0.01453	0.00917	0.01290	0.00712	0.00497	0.00501	0.00161	0.00666	0.00442	0.00244	0.00635
5	0.00644	0.00462	0.00612	0.00685	0.00740	0.00430	0.00472	0.00775	0.01099	0.01499	0.24281	0.59811	0.03748	0.01429	0.00632	0.00192	0.00278	0.01290	0.00494	0.00430
6	0.00687	0.00768	0.12041	0.00794	0.00945	0.00531	0.00670	0.00869	0.01053	0.01440	0.13085	0.56587	0.05925	0.01337	0.00613	0.00191	0.00350	0.01198	0.00444	0.00469
7	0.05403	0.01571	0.12794	0.01182	0.01633	0.01492	0.01075	0.63143	0.02122	0.02918	0.01148	0.01176	0.00815	0.00583	0.00494	0.00153	0.00577	0.00436	0.00455	0.00830
8	0.01139	0.00604	0.00686	0.00654	0.00826	0.00605	0.00520	0.01490	0.08986	0.12549	0.01888	0.02416	0.01549	0.00721	0.00441	0.00145	0.00313	0.11378	0.52533	0.00558
9	0.01165	0.01637	0.27069	0.05118	0.43280	0.01196	0.01570	0.01678	0.09232	0.01672	0.01052	0.01262	0.00823	0.00487	0.00496	0.00156	0.00630	0.00438	0.00265	0.00775
10	0.00614	0.00450	0.00576	0.00678	0.00726	0.00413	0.00458	0.00707	0.00994	0.01301	0.03109	0.71275	0.13761	0.01542	0.00639	0.00201	0.00288	0.01386	0.00469	0.00413

[dist]
# distance from previous block
# <min> <max>
0	2

[block]
# block no. 3 follows, 49 sequences, length 26
# corresponding to MSA columns:
# 224-249
name=unknown_D
#
# <colnr> <probs for GDERKNQSTAVLIFYWHMCP>
#	G	D	E	R	K	N	Q	S	T	A	V	L	I	F	Y	W	H	M	C	P
0	0.01148	0.06716	0.49813	0.01550	0.06582	0.01296	0.09931	0.07727	0.01168	0.01682	0.00917	0.01111	0.00684	0.00512	0.00580	0.00162	0.07035	0.00409	0.00245	0.00732
1	0.85801	0.00978	0.00743	0.00665	0.00978	0.01134	0.00548	0.01486	0.00861	0.02269	0.00704	0.00821	0.00548	0.00469	0.00313	0.00156	0.00391	0.00274	0.00313	0.00548
2	0.01850	0.01360	0.01458	0.01126	0.01506	0.01502	0.00921	0.72700	0.02277	0.03052	0.01237	0.01342	0.00920	0.05599	0.00632	0.00172	0.00552	0.00472	0.00494	0.00826
3	0.14660	0.00956	0.01113	0.05402	0.05883	0.00853	0.00715	0.05435	0.01102	0.03487	0.00911	0.01064	0.00732	0.00419	0.00389	0.00103	0.00418	0.00326	0.00313	0.55717
4	0.00804	0.00578	0.00711	0.05572	0.00961	0.00551	0.00545	0.02055	0.03559	0.06070	0.15585	0.18009	0.29872	0.06520	0.00729	0.00199	0.00335	0.06399	0.00469	0.00478
5	0.00795	0.05543	0.00805	0.00653	0.00801	0.00576	0.00505	0.01024	0.01397	0.04180	0.69220	0.03575	0.07033	0.00994	0.00577	0.00156	0.00263	0.00869	0.00535	0.00497
6	0.00988	0.01586	0.39889	0.01057	0.01509	0.00844	0.01189	0.01396	0.01252	0.07979	0.34031	0.02269	0.02441	0.00727	0.00532	0.00159	0.00506	0.00614	0.00392	0.00642
7	0.02073	0.05464	0.05728	0.00986	0.01403	0.01017	0.00861	0.18910	0.01609	0.54026	0.01692	0.01524	0.01099	0.00603	0.00496	0.00153	0.00482	0.00476	0.00554	0.00843
8	0.01248	0.01134	0.02287	0.01671	0.02095	0.01050	0.52085	0.01601	0.01259	0.12552	0.11838	0.01926	0.05564	0.00582	0.00584	0.00167	0.00679	0.00652	0.00359	0.00666
9	0.01859	0.07230	0.01514	0.01265	0.01547	0.69023	0.00969	0.08116	0.01485	0.01393	0.00812	0.00930	0.00668	0.00523	0.00452	0.00131	0.00860	0.00333	0.00278	0.00612
10	0.07923	0.34744	0.28226	0.01157	0.01666	0.12440	0.04432	0.01616	0.01091	0.01438	0.00796	0.00936	0.00644	0.00464	0.00406	0.00135	0.00663	0.00327	0.00231	0.00667
11	0.01283	0.01107	0.01853	0.07327	0.62200	0.01111	0.01420	0.01571	0.01168	0.07943	0.01168	0.01644	0.00995	0.00542	0.00517	0.00158	0.00581	0.06350	0.00296	0.00766
12	0.00735	0.00490	0.00552	0.00552	0.00552	0.00490	0.00306	0.00735	0.00735	0.00980	0.01593	0.03309	0.01838	0.82229	0.02574	0.00490	0.00490	0.00735	0.00306	0.00306
13	0.01479	0.32377	0.17805	0.01113	0.01578	0.03312	0.01111	0.27450	0.03182	0.01977	0.00949	0.01036	0.00739	0.00525	0.00470	0.00139	0.03328	0.00368	0.00322	0.00740
14	0.02002	0.00805	0.01068	0.00838	0.01194	0.00693	0.00686	0.02187	0.01400	0.66962	0.02494	0.02223	0.13644	0.00730	0.00523	0.00159	0.00402	0.00598	0.00601	0.00791
15	0.01529	0.07560	0.01482	0.01082	0.01421	0.01346	0.05120	0.44335	0.10483	0.02513	0.07707	0.04211	0.02852	0.03107	0.02775	0.00182	0.00534	0.00553	0.00460	0.00746
16	0.00992	0.00715	0.00927	0.00968	0.01131	0.00739	0.00838	0.13236	0.01358	0.01781	0.02444	0.04987	0.02583	0.01271	0.00668	0.00220	0.00480	0.63662	0.00472	0.00529
17	0.00867	0.00723	0.04537	0.00747	0.00933	0.00649	0.00605	0.01319	0.14334	0.04368	0.58649	0.03284	0.05102	0.00940	0.00574	0.00161	0.00296	0.00821	0.00534	0.00555
18	0.01889	0.02410	0.01433	0.01303	0.01563	0.80199	0.00977	0.02019	0.01433	0.01238	0.00782	0.00912	0.00651	0.00521	0.00456	0.00130	0.00912	0.00326	0.00261	0.00586
19	0.01160	0.01093	0.01633	0.31918	0.15430	0.08833	0.11100	0.01452	0.01166	0.05853	0.09795	0.04104	0.01294	0.00657	0.02217	0.00175	0.00648	0.00545	0.00305	0.00621
20	0.00661	0.00512	0.00602	0.00584	0.00723	0.00453	0.00437	0.00847	0.01296	0.01718	0.44457	0.06681	0.36892	0.01158	0.00598	0.00166	0.00248	0.00997	0.00516	0.00453
21	0.08152	0.01166	0.01304	0.11396	0.01627	0.01307	0.00896	0.44563	0.09163	0.02541	0.05594	0.01561	0.01167	0.06544	0.00647	0.00181	0.00521	0.00498	0.00443	0.00729
22	0.00888	0.00472	0.00584	0.00584	0.00659	0.00485	0.00424	0.00967	0.00892	0.01449	0.01354	0.01787	0.01155	0.01455	0.13003	0.27952	0.00472	0.00472	0.44558	0.00386
23	0.07416	0.22321	0.09917	0.07237	0.03310	0.18946	0.05525	0.13058	0.03539	0.01689	0.00896	0.01039	0.00711	0.00506	0.00456	0.00141	0.01965	0.00369	0.00288	0.00671
24	0.03369	0.16657	0.12297	0.01075	0.01503	0.09057	0.00991	0.26817	0.07770	0.02089	0.03172	0.01186	0.00912	0.00537	0.00447	0.00136	0.00568	0.00397	0.00362	0.10660
25	0.03314	0.02920	0.07781	0.08710	0.07103	0.14482	0.00995	0.13187	0.12002	0.06404	0.08923	0.01632	0.02259	0.00877	0.07007	0.00207	0.00644	0.00497	0.00379	0.00676

[dist]
# distance from previous block
# <min> <max>
2	25

[block]
# block no. 4 follows, 49 sequences, length 12
# corresponding to MSA columns:
# 291-302
name=unknown_E
#
# <colnr> <probs for GDERKNQSTAVLIFYWHMCP>
#	G	D	E	R	K	N	Q	S	T	A	V	L	I	F	Y	W	H	M	C	P
0	0.18771	0.01284	0.13156	0.01087	0.03816	0.01134	0.03332	0.14798	0.17172	0.06200	0.01398	0.09016	0.01152	0.00648	0.00474	0.00160	0.00489	0.00523	0.00400	0.04990
1	0.03554	0.03890	0.04982	0.04240	0.03923	0.02994	0.07329	0.05184	0.01205	0.09726	0.15423	0.11175	0.03879	0.12651	0.00849	0.00217	0.00480	0.07329	0.00411	0.00560
2	0.01165	0.01265	0.05998	0.07561	0.25807	0.01170	0.38865	0.01538	0.01151	0.01630	0.01041	0.01360	0.00811	0.00456	0.00535	0.00159	0.00706	0.00521	0.07567	0.00695
3	0.01186	0.10497	0.16985	0.02005	0.13494	0.01328	0.43925	0.01595	0.01146	0.01574	0.00956	0.01232	0.00736	0.00440	0.00531	0.00159	0.00762	0.00498	0.00243	0.00708
4	0.00624	0.00464	0.00564	0.00638	0.00700	0.00424	0.00430	0.00713	0.00990	0.01276	0.03257	0.53433	0.22615	0.10374	0.00845	0.00228	0.00305	0.01265	0.00452	0.00403
5	0.01344	0.00999	0.01181	0.02499	0.04660	0.01110	0.00822	0.10070	0.33332	0.12888	0.05222	0.02116	0.11055	0.00766	0.00652	0.00171	0.09306	0.00604	0.00476	0.00724
6	0.01866	0.01388	0.01486	0.01152	0.01547	0.01542	0.00947	0.71021	0.08837	0.03096	0.01286	0.01271	0.00918	0.00614	0.00507	0.00153	0.00543	0.00465	0.00507	0.00855
7	0.01315	0.58996	0.19921	0.01015	0.01517	0.01785	0.01098	0.06698	0.01128	0.01418	0.00784	0.00896	0.00661	0.00455	0.00372	0.00123	0.00588	0.00306	0.00235	0.00685
8	0.01508	0.01030	0.01151	0.00997	0.01309	0.01130	0.00786	0.02632	0.59167	0.21256	0.02042	0.01846	0.01471	0.00671	0.00513	0.00168	0.00408	0.00556	0.00542	0.00815
9	0.01037	0.00833	0.01057	0.09834	0.08028	0.00898	0.00792	0.01691	0.28595	0.04963	0.20317	0.04056	0.08436	0.04389	0.00636	0.00182	0.00403	0.02763	0.00459	0.00632
10	0.00623	0.00506	0.00552	0.00557	0.00702	0.00435	0.00411	0.00768	0.01188	0.01488	0.19341	0.12688	0.56448	0.01264	0.00602	0.00172	0.00257	0.01076	0.00487	0.00435
11	0.01225	0.04894	0.49199	0.01400	0.02014	0.01290	0.08561	0.15186	0.07965	0.01916	0.01065	0.01183	0.00770	0.00514	0.00493	0.00159	0.00686	0.00422	0.00296	0.00763

[dist]
# distance from previous block
# <min> <max>
0	7

[block]
# block no. 5 follows, 49 sequences, length 9
# corresponding to MSA columns:
# 310-318
name=unknown_F
#
# <colnr> <probs for GDERKNQSTAVLIFYWHMCP>
#	G	D	E	R	K	N	Q	S	T	A	V	L	I	F	Y	W	H	M	C	P
0	0.00716	0.00517	0.00676	0.00636	0.00755	0.00477	0.00477	0.00954	0.01431	0.02028	0.78808	0.03777	0.04771	0.01034	0.00596	0.00159	0.00239	0.00914	0.00557	0.00477
1	0.03820	0.05567	0.01291	0.01032	0.01311	0.13781	0.05174	0.12972	0.21692	0.04321	0.03599	0.01632	0.02796	0.00958	0.09073	0.00221	0.00618	0.00496	0.08979	0.00667
2	0.00625	0.00490	0.00566	0.00597	0.00713	0.00431	0.00429	0.00760	0.01143	0.01461	0.17663	0.29747	0.40907	0.01335	0.00613	0.00180	0.00265	0.01160	0.00485	0.00431
3	0.01051	0.18890	0.50703	0.01272	0.01870	0.01270	0.05852	0.01489	0.01066	0.01488	0.01197	0.05698	0.04909	0.00570	0.00470	0.00153	0.00660	0.00460	0.00244	0.00688
4	0.00645	0.00514	0.00578	0.00562	0.00712	0.00447	0.00421	0.00817	0.01264	0.01630	0.34554	0.04431	0.49273	0.01182	0.00597	0.00166	0.00249	0.01006	0.00504	0.00447
5	0.01011	0.00866	0.01004	0.00729	0.01155	0.00653	0.00581	0.01227	0.01057	0.01624	0.01253	0.01369	0.07297	0.00450	0.00393	0.00083	0.00365	0.00364	0.00314	0.78205
6	0.10065	0.05402	0.00990	0.00996	0.11678	0.00772	0.00612	0.01208	0.00953	0.11767	0.03408	0.08079	0.01591	0.38739	0.01452	0.00312	0.00470	0.00645	0.00355	0.00506
7	0.01433	0.00737	0.00966	0.00778	0.01062	0.00623	0.00602	0.01518	0.01084	0.30174	0.01382	0.05021	0.01086	0.00904	0.00880	0.23737	0.00409	0.00466	0.00406	0.26730
8	0.00789	0.00540	0.00619	0.00610	0.00644	0.00543	0.00374	0.05207	0.00899	0.01206	0.06151	0.12597	0.02130	0.63182	0.02110	0.00417	0.00456	0.00813	0.00352	0.00361

[dist]
# distance from previous block
# <min> <max>
0	1

[block]
# block no. 6 follows, 49 sequences, length 36
# corresponding to MSA columns:
# 320-329,334-359
name=unknown_G
#
# <colnr> <probs for GDERKNQSTAVLIFYWHMCP>
#	G	D	E	R	K	N	Q	S	T	A	V	L	I	F	Y	W	H	M	C	P
0	0.01499	0.00774	0.01000	0.03417	0.01170	0.00684	0.00649	0.04324	0.01328	0.35813	0.17107	0.04521	0.04643	0.05421	0.00629	0.00164	0.00388	0.00609	0.00510	0.15351
1	0.00632	0.00492	0.00544	0.00574	0.00678	0.00438	0.00399	0.00731	0.01037	0.01291	0.05014	0.23111	0.44508	0.15945	0.00967	0.00237	0.00310	0.02246	0.00441	0.00403
2	0.01072	0.00920	0.01059	0.00780	0.01211	0.00739	0.00621	0.01430	0.09576	0.01699	0.01027	0.01141	0.00837	0.00409	0.00390	0.00086	0.00377	0.00330	0.00323	0.75973
3	0.00870	0.00764	0.05279	0.00907	0.06028	0.00674	0.00680	0.01279	0.12023	0.03825	0.44115	0.08183	0.09255	0.00970	0.00576	0.00166	0.00330	0.03018	0.00498	0.00560
4	0.12877	0.06268	0.17857	0.01576	0.10411	0.03901	0.19043	0.15319	0.04603	0.01975	0.01000	0.01165	0.00754	0.00493	0.00483	0.00156	0.00651	0.00437	0.00308	0.00722
5	0.04475	0.00857	0.01071	0.00891	0.01195	0.00827	0.00723	0.11039	0.07177	0.41100	0.11973	0.06759	0.01916	0.00794	0.00537	0.00166	0.00412	0.06788	0.00562	0.00738
6	0.00681	0.00576	0.00593	0.00578	0.00755	0.00523	0.00435	0.00957	0.09679	0.01484	0.09367	0.04440	0.64257	0.02657	0.00624	0.00176	0.00275	0.00997	0.00477	0.00469
7	0.01067	0.02546	0.75100	0.01425	0.02153	0.01197	0.01816	0.05977	0.01143	0.01693	0.00925	0.01076	0.00653	0.00488	0.00482	0.00160	0.00736	0.00378	0.00230	0.00754
8	0.06560	0.01207	0.01408	0.14736	0.01810	0.01334	0.00982	0.48336	0.01903	0.12127	0.01275	0.01424	0.00926	0.00610	0.00501	0.00158	0.00549	0.02916	0.00460	0.00778
9	0.01625	0.01101	0.01226	0.01026	0.01360	0.01202	0.00820	0.17707	0.45154	0.20186	0.01873	0.01713	0.01338	0.00656	0.00511	0.00164	0.00439	0.00534	0.00538	0.00826
10	0.85801	0.00978	0.00743	0.00665	0.00978	0.01134	0.00548	0.01486	0.00861	0.02269	0.00704	0.00821	0.00548	0.00469	0.00313	0.00156	0.00391	0.00274	0.00313	0.00548
11	0.06576	0.01272	0.01287	0.13588	0.02759	0.12308	0.00930	0.17111	0.27690	0.06698	0.01417	0.01449	0.01051	0.00596	0.00486	0.00158	0.00545	0.00469	0.02885	0.00724
12	0.13899	0.01163	0.02027	0.09050	0.06322	0.03881	0.38714	0.01533	0.01097	0.06292	0.01073	0.01496	0.00871	0.09503	0.00749	0.00200	0.00689	0.00527	0.00289	0.00623
13	0.00712	0.00517	0.00670	0.00632	0.00753	0.00475	0.00474	0.00946	0.01422	0.02004	0.76199	0.03816	0.07395	0.01043	0.00596	0.00159	0.00239	0.00920	0.00554	0.00475
14	0.00667	0.00479	0.00641	0.00739	0.00799	0.00453	0.00539	0.00802	0.01063	0.01419	0.11220	0.56173	0.04984	0.01479	0.00650	0.00205	0.00322	0.16459	0.00478	0.00430
15	0.03766	0.12936	0.34910	0.01277	0.01832	0.03582	0.08192	0.11799	0.01312	0.14086	0.01094	0.01171	0.00777	0.00510	0.00472	0.00151	0.00648	0.00408	0.00326	0.00751
16	0.01287	0.01365	0.02692	0.06758	0.02546	0.05792	0.63442	0.01676	0.01212	0.06485	0.01063	0.01359	0.00786	0.00449	0.00578	0.00167	0.00819	0.00567	0.00278	0.00680
17	0.00678	0.00534	0.00616	0.00623	0.00755	0.00490	0.00456	0.00911	0.06050	0.01590	0.25961	0.21283	0.35735	0.01238	0.00603	0.00175	0.00268	0.01073	0.00498	0.00462
18	0.00627	0.00449	0.00597	0.00697	0.00736	0.00418	0.00470	0.00732	0.01019	0.01372	0.11194	0.73260	0.03502	0.01523	0.00640	0.00200	0.00287	0.01380	0.00479	0.00418
19	0.13870	0.01329	0.06194	0.31833	0.19463	0.14494	0.01247	0.01514	0.01103	0.01542	0.02386	0.01205	0.00758	0.00499	0.00468	0.00155	0.00652	0.00407	0.00255	0.00626
20	0.00907	0.00672	0.00955	0.00837	0.01030	0.00623	0.08989	0.05629	0.01274	0.07809	0.20745	0.22566	0.23732	0.01111	0.00596	0.00174	0.00359	0.00989	0.00481	0.00523
21	0.00888	0.00589	0.00817	0.00887	0.01020	0.00577	0.00762	0.01120	0.01219	0.06281	0.13551	0.05188	0.03077	0.01298	0.00672	0.00218	0.00431	0.60425	0.00488	0.00491
22	0.00647	0.00467	0.00613	0.00676	0.00739	0.00433	0.00469	0.00785	0.01123	0.01530	0.27254	0.54143	0.06446	0.01397	0.00628	0.00189	0.00274	0.01257	0.00497	0.00433
23	0.01049	0.00899	0.01049	0.00749	0.01198	0.00674	0.00599	0.01273	0.01049	0.01648	0.00899	0.01049	0.00749	0.00374	0.00374	0.00075	0.00374	0.00300	0.00300	0.85320
24	0.01016	0.00931	0.01517	0.75977	0.03362	0.01152	0.01376	0.06091	0.01097	0.01411	0.00919	0.01340	0.00686	0.00512	0.00506	0.00167	0.00667	0.00450	0.00242	0.00581
25	0.00735	0.00490	0.00552	0.00552	0.00552	0.00490	0.00306	0.00735	0.00735	0.00980	0.01593	0.03309	0.01838	0.82229	0.02574	0.00490	0.00490	0.00735	0.00306	0.00306
26	0.00689	0.00494	0.00669	0.00784	0.00848	0.00474	0.00595	0.00831	0.01044	0.01374	0.02789	0.52410	0.04561	0.01510	0.00664	0.00215	0.00356	0.28792	0.00468	0.00431
27	0.01778	0.06201	0.03066	0.07931	0.07606	0.03112	0.05543	0.17995	0.02901	0.33696	0.01493	0.04066	0.01065	0.00601	0.00504	0.00155	0.00536	0.00503	0.00466	0.00782
28	0.01194	0.01364	0.02984	0.02131	0.02643	0.01279	0.77238	0.01620	0.01194	0.01620	0.01023	0.01364	0.00767	0.00426	0.00597	0.00171	0.00853	0.00597	0.00256	0.00682
29	0.00632	0.00452	0.00603	0.00712	0.00750	0.00423	0.00487	0.00735	0.01004	0.01344	0.07068	0.73680	0.03403	0.01544	0.00645	0.00204	0.00299	0.05124	0.00474	0.00417
30	0.10157	0.02886	0.09546	0.05464	0.01246	0.00846	0.00782	0.10392	0.01381	0.07689	0.35135	0.06931	0.02696	0.00824	0.00529	0.00161	0.00402	0.01884	0.00458	0.00593
31	0.01258	0.01228	0.06730	0.12376	0.47552	0.01173	0.05692	0.01701	0.09304	0.06337	0.01126	0.01354	0.00879	0.00493	0.00507	0.00157	0.00602	0.00470	0.00296	0.00764
32	0.01290	0.73822	0.02473	0.04858	0.01373	0.01868	0.00865	0.01459	0.01034	0.01205	0.00962	0.01067	0.05060	0.00484	0.00349	0.00115	0.00531	0.00324	0.00231	0.00632
33	0.00782	0.00646	0.00833	0.00825	0.00929	0.05108	0.00639	0.00957	0.00865	0.01187	0.01511	0.02070	0.05115	0.03482	0.71741	0.00742	0.01275	0.00556	0.00280	0.00458
34	0.01244	0.01316	0.11413	0.11281	0.05531	0.03849	0.32589	0.01604	0.01192	0.11163	0.05678	0.01717	0.01146	0.00636	0.02338	0.00182	0.01831	0.04299	0.00320	0.00670
35	0.01891	0.00852	0.01128	0.00922	0.01234	0.00804	0.00751	0.08489	0.01417	0.54707	0.02000	0.11581	0.01545	0.00801	0.00594	0.00170	0.04475	0.05305	0.00566	0.00766

[dist]
# distance from previous block
# <min> <max>
0	1

[block]
# block no. 7 follows, 49 sequences, length 9
# corresponding to MSA columns:
# 361-369
name=unknown_H
#
# <colnr> <probs for GDERKNQSTAVLIFYWHMCP>
#	G	D	E	R	K	N	Q	S	T	A	V	L	I	F	Y	W	H	M	C	P
0	0.01777	0.00913	0.01320	0.29420	0.02090	0.00936	0.00994	0.07283	0.01357	0.46300	0.01550	0.01553	0.01019	0.00582	0.00507	0.00160	0.00526	0.00484	0.00475	0.00754
1	0.01808	0.01094	0.01249	0.00986	0.01319	0.01145	0.00789	0.39492	0.06157	0.25286	0.01549	0.01718	0.01162	0.12917	0.00819	0.00205	0.00500	0.00520	0.00512	0.00773
2	0.68401	0.00962	0.00902	0.17142	0.01492	0.01132	0.00723	0.01447	0.00891	0.02068	0.00744	0.00929	0.00574	0.00477	0.00352	0.00159	0.00449	0.00310	0.00295	0.00551
3	0.01290	0.49214	0.18411	0.01200	0.01699	0.06308	0.12587	0.01578	0.01085	0.01342	0.00798	0.00953	0.00665	0.00447	0.00405	0.00130	0.00652	0.00344	0.00224	0.00670
4	0.01268	0.10962	0.07117	0.34107	0.02302	0.03052	0.01152	0.09791	0.17463	0.06049	0.01213	0.01374	0.00904	0.00551	0.00483	0.00158	0.00585	0.00449	0.00337	0.00685
5	0.01596	0.01567	0.13564	0.01396	0.01867	0.01431	0.16731	0.45984	0.06447	0.02563	0.01179	0.01263	0.00849	0.00556	0.00521	0.00158	0.00637	0.00479	0.00411	0.00803
6	0.01060	0.01006	0.01707	0.53295	0.30376	0.01151	0.01457	0.01384	0.01061	0.01420	0.00917	0.01314	0.00719	0.00486	0.00504	0.00162	0.00648	0.00450	0.00234	0.00647
7	0.13969	0.01338	0.05333	0.04315	0.13537	0.04254	0.40949	0.01669	0.06514	0.01732	0.01019	0.01273	0.00781	0.00463	0.00521	0.00163	0.00707	0.00501	0.00279	0.00683
8	0.01240	0.00892	0.01166	0.17235	0.01683	0.00778	0.00789	0.01483	0.01110	0.15023	0.01088	0.01226	0.00821	0.00445	0.00425	0.00108	0.00446	0.00366	0.00341	0.53335

[dist]
# distance from previous block
# <min> <max>
4	31

# created by:
# /st0/software/busco_prod/Augustus/scripts/msa2prfl.pl ./align_prep/216228.fa
