[name]
unknown

[dist]
# distance from previous block
# <min> <max>
0	31

[block]
# block no. 0 follows, 48 sequences, length 29
# corresponding to MSA columns:
# 969-980,993-1009
name=unknown_A
#
# <colnr> <probs for GDERKNQSTAVLIFYWHMCP>
#	G	D	E	R	K	N	Q	S	T	A	V	L	I	F	Y	W	H	M	C	P
0	0.04668	0.01127	0.04340	0.01013	0.01358	0.02442	0.00852	0.20503	0.20232	0.19313	0.03684	0.02031	0.01425	0.00711	0.00521	0.00164	0.00473	0.08303	0.01964	0.04875
1	0.05394	0.00942	0.01183	0.04328	0.08158	0.02231	0.00824	0.11090	0.09222	0.27898	0.07305	0.13551	0.02604	0.00795	0.00554	0.00168	0.01859	0.00668	0.00500	0.00725
2	0.01413	0.01125	0.01140	0.00957	0.01257	0.08028	0.00756	0.21195	0.20416	0.07980	0.14536	0.02183	0.09172	0.00749	0.00526	0.00155	0.00452	0.00608	0.00492	0.06858
3	0.04355	0.00942	0.01186	0.00944	0.01294	0.00902	0.03045	0.12872	0.08585	0.37282	0.07771	0.05113	0.03151	0.00704	0.00519	0.00157	0.00435	0.01959	0.00538	0.08247
4	0.01202	0.00944	0.01112	0.00817	0.01243	0.00775	0.00657	0.06757	0.01177	0.06892	0.01040	0.02736	0.00852	0.00454	0.00444	0.00094	0.02843	0.00357	0.00342	0.69262
5	0.00891	0.00446	0.00668	0.00668	0.00668	0.00446	0.00446	0.00668	0.00668	0.00891	0.00891	0.01560	0.00891	0.01783	0.02005	0.85071	0.00446	0.00446	0.00223	0.00223
6	0.01178	0.01125	0.01916	0.26937	0.55700	0.01195	0.01529	0.01494	0.01125	0.01564	0.00949	0.01300	0.00773	0.00474	0.00510	0.00158	0.00632	0.00457	0.00246	0.00738
7	0.01344	0.08525	0.05555	0.01750	0.02246	0.01294	0.50120	0.06535	0.02578	0.07893	0.01105	0.01330	0.00820	0.00464	0.00548	0.00158	0.00740	0.00531	0.00308	0.06154
8	0.00773	0.00486	0.00646	0.00727	0.00793	0.00447	0.00499	0.00873	0.01030	0.08204	0.02820	0.72504	0.05218	0.01513	0.00641	0.00203	0.00309	0.01365	0.00490	0.00458
9	0.00623	0.00453	0.00589	0.00697	0.00740	0.00418	0.00469	0.00716	0.00999	0.01317	0.03038	0.74840	0.10051	0.01580	0.00651	0.00205	0.00294	0.01425	0.00476	0.00418
10	0.00831	0.00891	0.11115	0.02911	0.01267	0.00674	0.11088	0.01041	0.01043	0.03764	0.05551	0.45747	0.02488	0.08145	0.00785	0.00218	0.00463	0.01066	0.00402	0.00510
11	0.08721	0.01516	0.03459	0.16932	0.07282	0.21748	0.12621	0.08669	0.07213	0.04065	0.01036	0.01233	0.00792	0.00531	0.00517	0.00158	0.02082	0.00441	0.00313	0.00670
12	0.02226	0.00995	0.01266	0.00971	0.01371	0.00935	0.00802	0.18625	0.01673	0.62709	0.01853	0.01635	0.01184	0.00631	0.00515	0.00158	0.00464	0.00504	0.00609	0.00873
13	0.00642	0.00485	0.00598	0.00680	0.00764	0.00441	0.00489	0.00760	0.01062	0.01359	0.03547	0.49464	0.26542	0.01491	0.00646	0.00201	0.00306	0.09618	0.00476	0.00428
14	0.01219	0.24551	0.40972	0.01369	0.01969	0.03978	0.11397	0.04713	0.02453	0.01574	0.00907	0.01066	0.00694	0.00477	0.00460	0.00148	0.00706	0.00385	0.00242	0.00722
15	0.04527	0.01229	0.01442	0.01257	0.08309	0.01299	0.00943	0.45406	0.04300	0.21708	0.01454	0.03410	0.01041	0.00630	0.00511	0.00157	0.00520	0.00498	0.00514	0.00844
16	0.01836	0.02315	0.01502	0.01345	0.01594	0.71767	0.02879	0.01974	0.01395	0.01264	0.00790	0.00952	0.00665	0.00556	0.00563	0.00141	0.07260	0.00347	0.00261	0.00595
17	0.04658	0.01199	0.01465	0.01368	0.13065	0.01250	0.00973	0.37678	0.04848	0.24428	0.02933	0.01448	0.01070	0.00604	0.00509	0.00156	0.00517	0.00484	0.00504	0.00843
18	0.01161	0.01321	0.08497	0.05774	0.01605	0.05061	0.03700	0.02813	0.00902	0.01327	0.00737	0.01135	0.00679	0.00803	0.01399	0.00209	0.61610	0.00443	0.00233	0.00591
19	0.00624	0.00450	0.00592	0.00705	0.00742	0.00418	0.00472	0.00716	0.00992	0.01314	0.02948	0.77750	0.07199	0.01592	0.00652	0.00207	0.00296	0.01440	0.00476	0.00418
20	0.01259	0.01182	0.01957	0.14457	0.62301	0.01227	0.01508	0.05232	0.02803	0.01708	0.00994	0.01296	0.00812	0.00478	0.00509	0.00156	0.00614	0.00460	0.00268	0.00780
21	0.01079	0.01062	0.01523	0.01307	0.01333	0.01453	0.03165	0.01208	0.00802	0.01241	0.00767	0.01236	0.00749	0.01237	0.10986	0.00295	0.69307	0.00465	0.00231	0.00553
22	0.01967	0.01411	0.01524	0.01168	0.01578	0.01552	0.00965	0.73604	0.02369	0.06747	0.01269	0.01256	0.00891	0.00617	0.00513	0.00154	0.00559	0.00464	0.00519	0.00873
23	0.01566	0.01295	0.03214	0.04553	0.10930	0.04952	0.01000	0.33791	0.19319	0.05537	0.03439	0.01655	0.05114	0.00650	0.00519	0.00160	0.00531	0.00526	0.00458	0.00792
24	0.00754	0.00549	0.00735	0.00727	0.00774	0.00613	0.00512	0.00853	0.00788	0.01105	0.01455	0.02581	0.01519	0.38630	0.42361	0.00655	0.04070	0.00634	0.00289	0.00396
25	0.00761	0.00509	0.00604	0.00614	0.00665	0.00492	0.00402	0.00842	0.00951	0.02580	0.12826	0.12197	0.07194	0.46874	0.01741	0.00361	0.00412	0.05794	0.03800	0.00381
26	0.01211	0.01384	0.03028	0.02163	0.02682	0.01298	0.76903	0.01644	0.01211	0.01644	0.01038	0.01384	0.00779	0.00433	0.00606	0.00173	0.00865	0.00606	0.00260	0.00692
27	0.00628	0.00452	0.00591	0.00700	0.00736	0.00420	0.00467	0.00717	0.00983	0.01303	0.02896	0.75410	0.06821	0.04336	0.00719	0.00217	0.00303	0.01417	0.00471	0.00414
28	0.02114	0.00832	0.01131	0.00881	0.01245	0.00722	0.00722	0.02318	0.01467	0.69931	0.11144	0.01995	0.01696	0.00684	0.00527	0.00159	0.00413	0.00565	0.00627	0.00827

[dist]
# distance from previous block
# <min> <max>
3	28

[block]
# block no. 1 follows, 48 sequences, length 17
# corresponding to MSA columns:
# 1038-1054
name=unknown_B
#
# <colnr> <probs for GDERKNQSTAVLIFYWHMCP>
#	G	D	E	R	K	N	Q	S	T	A	V	L	I	F	Y	W	H	M	C	P
0	0.08402	0.01167	0.09490	0.00951	0.01309	0.01038	0.00832	0.20983	0.10371	0.09508	0.03886	0.07567	0.02737	0.04431	0.00584	0.00167	0.00465	0.00550	0.04096	0.11465
1	0.10239	0.14855	0.01558	0.01159	0.01459	0.54377	0.00913	0.05005	0.01361	0.01452	0.00813	0.00938	0.00675	0.00515	0.00426	0.00132	0.00780	0.00325	0.02408	0.00610
2	0.85592	0.00992	0.00754	0.00675	0.00992	0.01151	0.00556	0.01508	0.00873	0.02302	0.00714	0.00834	0.00556	0.00476	0.00318	0.00159	0.00397	0.00278	0.00318	0.00556
3	0.01045	0.00984	0.01631	0.61041	0.18768	0.01163	0.01426	0.01434	0.04788	0.01426	0.00980	0.01375	0.00753	0.00511	0.00512	0.00167	0.00655	0.00462	0.00248	0.00631
4	0.01064	0.00912	0.01064	0.00760	0.01216	0.00684	0.00608	0.01292	0.01064	0.01672	0.00912	0.01064	0.00760	0.00380	0.00380	0.00076	0.00380	0.00304	0.00304	0.85104
5	0.02114	0.01176	0.01378	0.01056	0.01461	0.01203	0.00873	0.42493	0.01975	0.38414	0.01599	0.01470	0.01057	0.00625	0.00515	0.00156	0.00505	0.00487	0.00570	0.00873
6	0.01917	0.02445	0.01454	0.01322	0.01586	0.79907	0.00991	0.02049	0.01454	0.01256	0.00793	0.00925	0.00661	0.00529	0.00463	0.00132	0.00925	0.00330	0.00264	0.00595
7	0.00969	0.00912	0.01539	0.80734	0.03534	0.01140	0.01425	0.01311	0.01026	0.01311	0.00912	0.01368	0.00684	0.00513	0.00513	0.00171	0.00684	0.00456	0.00228	0.00570
8	0.01276	0.01102	0.01160	0.01044	0.01334	0.01276	0.00812	0.02727	0.77840	0.02146	0.02088	0.01914	0.01566	0.00696	0.00522	0.00174	0.00406	0.00580	0.00522	0.00812
9	0.00717	0.00517	0.00678	0.00652	0.00765	0.00478	0.00483	0.00945	0.01410	0.01990	0.71638	0.10884	0.04710	0.01100	0.00610	0.00166	0.00247	0.00976	0.00557	0.00478
10	0.00719	0.00524	0.00676	0.00638	0.00762	0.00481	0.00478	0.00954	0.01435	0.02016	0.73958	0.03901	0.09405	0.01064	0.00605	0.00162	0.00243	0.00938	0.00559	0.00481
11	0.00804	0.00543	0.00607	0.00590	0.00609	0.00550	0.00343	0.04426	0.00827	0.01103	0.01598	0.03255	0.01818	0.78044	0.02510	0.00481	0.00501	0.00732	0.00321	0.00338
12	0.01075	0.00968	0.01539	0.72182	0.03325	0.01188	0.01377	0.09454	0.01175	0.01518	0.00946	0.01353	0.00704	0.00524	0.00513	0.00169	0.00671	0.00457	0.00259	0.00603
13	0.73843	0.01094	0.03400	0.00755	0.01097	0.01200	0.00644	0.09634	0.01046	0.02380	0.00777	0.00885	0.00593	0.00492	0.00344	0.00158	0.00427	0.00301	0.00335	0.00596
14	0.00766	0.00540	0.00666	0.09184	0.00885	0.00564	0.00436	0.00806	0.00784	0.01039	0.01581	0.05731	0.01789	0.70555	0.02321	0.00453	0.00511	0.00739	0.00307	0.00342
15	0.01161	0.01366	0.16609	0.01519	0.01968	0.01043	0.36215	0.03874	0.01250	0.06319	0.11023	0.03602	0.01421	0.00584	0.00550	0.00163	0.00651	0.00601	0.09416	0.00665
16	0.05692	0.24349	0.43513	0.01178	0.01736	0.01350	0.03186	0.01500	0.01027	0.01479	0.00930	0.01249	0.00781	0.09232	0.00666	0.00184	0.00655	0.00390	0.00234	0.00670

[dist]
# distance from previous block
# <min> <max>
0	16

[block]
# block no. 2 follows, 48 sequences, length 20
# corresponding to MSA columns:
# 1071-1090
name=unknown_C
#
# <colnr> <probs for GDERKNQSTAVLIFYWHMCP>
#	G	D	E	R	K	N	Q	S	T	A	V	L	I	F	Y	W	H	M	C	P
0	0.26024	0.06114	0.03498	0.05684	0.03930	0.18700	0.02774	0.03735	0.16143	0.01817	0.01044	0.01159	0.00822	0.00561	0.00516	0.00158	0.05955	0.00391	0.00327	0.00647
1	0.21491	0.01160	0.01161	0.00972	0.01302	0.01313	0.00783	0.29519	0.27320	0.02567	0.01424	0.01409	0.01058	0.00609	0.00460	0.00160	0.00452	0.00459	0.05629	0.00753
2	0.01294	0.57472	0.04633	0.00895	0.01270	0.08913	0.00849	0.01483	0.01157	0.01380	0.14917	0.01390	0.01422	0.00560	0.00397	0.00123	0.00534	0.00402	0.00287	0.00624
3	0.01228	0.05624	0.01867	0.09992	0.40924	0.05809	0.06552	0.01511	0.01156	0.01597	0.03067	0.01276	0.00882	0.00466	0.00482	0.00138	0.00598	0.00435	0.00268	0.16127
4	0.00757	0.15423	0.00929	0.00616	0.00807	0.00726	0.00487	0.00880	0.01096	0.01321	0.03835	0.15304	0.49121	0.05653	0.00674	0.00185	0.00331	0.00972	0.00420	0.00465
5	0.01107	0.01168	0.02288	0.01676	0.02101	0.01087	0.49562	0.01447	0.01149	0.01605	0.03034	0.08308	0.02647	0.00577	0.00620	0.00161	0.04484	0.00633	0.00296	0.16052
6	0.00866	0.00868	0.00696	0.00672	0.00837	0.14941	0.00488	0.00977	0.01160	0.01305	0.03871	0.03975	0.53143	0.12944	0.00873	0.00213	0.00416	0.00896	0.00414	0.00445
7	0.01662	0.01955	0.01514	0.01604	0.15609	0.50631	0.01067	0.02019	0.12533	0.01461	0.01024	0.01161	0.00835	0.00622	0.02269	0.00159	0.02515	0.00397	0.00300	0.00663
8	0.01557	0.01055	0.01180	0.01015	0.01336	0.01155	0.00803	0.05052	0.56146	0.21610	0.02045	0.01850	0.01469	0.00678	0.00520	0.00170	0.00419	0.00560	0.00550	0.00830
9	0.01471	0.67713	0.02464	0.00959	0.01366	0.16237	0.00899	0.01630	0.01118	0.01216	0.00728	0.00842	0.00659	0.00455	0.00354	0.00114	0.00617	0.00285	0.00228	0.00647
10	0.03155	0.00989	0.01105	0.03121	0.01252	0.02987	0.00748	0.27623	0.09048	0.09600	0.17665	0.08355	0.02042	0.02195	0.03598	0.00192	0.00472	0.00656	0.04513	0.00684
11	0.01024	0.00968	0.01638	0.66580	0.17259	0.01154	0.01452	0.01359	0.01052	0.01378	0.00922	0.01350	0.00707	0.00503	0.00512	0.00168	0.00670	0.00456	0.00233	0.00614
12	0.01629	0.01335	0.01706	0.01322	0.01719	0.01451	0.14782	0.42762	0.23033	0.02643	0.01433	0.01448	0.01047	0.00605	0.00533	0.00163	0.00576	0.00521	0.00469	0.00823
13	0.01186	0.01261	0.06758	0.30318	0.02100	0.14967	0.01085	0.03784	0.01082	0.03474	0.01049	0.01621	0.00928	0.15429	0.01025	0.00228	0.10514	0.00483	0.02153	0.00555
14	0.01271	0.01198	0.01914	0.02765	0.64641	0.01230	0.01436	0.01785	0.15156	0.01762	0.01170	0.01388	0.00950	0.00501	0.00511	0.00156	0.00572	0.00480	0.00303	0.00813
15	0.00638	0.00525	0.00563	0.00566	0.00729	0.00451	0.00433	0.00790	0.01207	0.01484	0.14603	0.04853	0.63635	0.01275	0.00613	0.00176	0.00272	0.06257	0.00488	0.00443
16	0.13182	0.04840	0.51171	0.01346	0.01962	0.01223	0.08030	0.03035	0.05479	0.01759	0.00978	0.01137	0.00719	0.00572	0.02316	0.00177	0.00699	0.00398	0.00259	0.00718
17	0.01091	0.22235	0.55834	0.01275	0.01912	0.01355	0.01563	0.01551	0.01067	0.01504	0.00979	0.05634	0.00809	0.00540	0.00458	0.00152	0.00680	0.00415	0.00232	0.00714
18	0.00724	0.00509	0.00602	0.00631	0.00745	0.00452	0.00447	0.00844	0.01112	0.05635	0.10033	0.34835	0.34109	0.05986	0.00735	0.00204	0.00297	0.01168	0.00483	0.00448
19	0.01343	0.01207	0.01975	0.08227	0.55546	0.02697	0.05565	0.03997	0.01204	0.07084	0.01028	0.01300	0.00825	0.00504	0.00581	0.00159	0.05229	0.00467	0.00286	0.00777

[dist]
# distance from previous block
# <min> <max>
0	2

[block]
# block no. 3 follows, 48 sequences, length 38
# corresponding to MSA columns:
# 1093-1123,1125-1131
name=unknown_D
#
# <colnr> <probs for GDERKNQSTAVLIFYWHMCP>
#	G	D	E	R	K	N	Q	S	T	A	V	L	I	F	Y	W	H	M	C	P
0	0.01236	0.01246	0.04629	0.03667	0.01548	0.07618	0.08548	0.04192	0.01017	0.05563	0.01059	0.07219	0.02131	0.00830	0.01200	0.00200	0.46668	0.00541	0.00286	0.00600
1	0.01075	0.03512	0.00967	0.00770	0.00961	0.00734	0.09466	0.07309	0.01168	0.01886	0.01483	0.01774	0.01183	0.02968	0.00548	0.03457	0.01577	0.00491	0.58142	0.00528
2	0.01201	0.00949	0.01125	0.02261	0.01279	0.00811	0.00680	0.07581	0.01182	0.05942	0.01012	0.01153	0.00810	0.00451	0.00469	0.00098	0.04702	0.00345	0.03269	0.64681
3	0.00855	0.00580	0.00678	0.00649	0.00698	0.00597	0.00415	0.07467	0.00930	0.01253	0.04567	0.06034	0.01850	0.57806	0.07747	0.05894	0.00545	0.00723	0.00337	0.00376
4	0.37165	0.01010	0.01069	0.00865	0.01217	0.01065	0.00714	0.12363	0.01326	0.33672	0.01318	0.01270	0.00895	0.00575	0.00473	0.00160	0.03237	0.00406	0.00471	0.00729
5	0.01025	0.02544	0.74677	0.01473	0.04043	0.01168	0.01833	0.01593	0.01074	0.01604	0.00946	0.01167	0.00696	0.03317	0.00562	0.00174	0.00746	0.00394	0.00221	0.00744
6	0.00638	0.00523	0.00564	0.00560	0.00721	0.00449	0.00424	0.00795	0.01227	0.01528	0.19972	0.04744	0.60954	0.01253	0.00610	0.00173	0.00264	0.03661	0.00494	0.00445
7	0.00956	0.00478	0.00478	0.00478	0.00598	0.00478	0.00359	0.01196	0.01076	0.01913	0.01674	0.01913	0.01315	0.00598	0.00359	0.00120	0.00239	0.00478	0.84816	0.00478
8	0.00875	0.00456	0.00685	0.00685	0.00694	0.00466	0.00466	0.00694	0.00685	0.00922	0.00941	0.01607	0.00932	0.01995	0.10036	0.76389	0.00541	0.00456	0.00228	0.00247
9	0.00758	0.00586	0.00872	0.00858	0.00944	0.00701	0.00672	0.00937	0.00822	0.01194	0.01330	0.01959	0.01244	0.03659	0.74925	0.00786	0.06474	0.00543	0.00272	0.00465
10	0.00746	0.00497	0.00560	0.00560	0.00560	0.00497	0.00311	0.00746	0.00746	0.00995	0.01617	0.03358	0.01865	0.81967	0.02612	0.00497	0.00497	0.00746	0.00311	0.00311
11	0.01331	0.01223	0.06205	0.01079	0.01410	0.01284	0.00893	0.08256	0.65719	0.03714	0.01948	0.01806	0.01449	0.00675	0.00519	0.00171	0.00441	0.00557	0.00504	0.00814
12	0.01355	0.59246	0.17659	0.01030	0.01520	0.06838	0.01088	0.03687	0.01115	0.01349	0.00774	0.00892	0.00663	0.00459	0.00374	0.00123	0.00615	0.00304	0.00230	0.00680
13	0.01709	0.01317	0.01404	0.01132	0.01499	0.01478	0.00917	0.50404	0.29458	0.02844	0.01539	0.01477	0.01121	0.00645	0.00516	0.00161	0.00508	0.00504	0.00516	0.00851
14	0.00895	0.00471	0.00715	0.04972	0.00822	0.00483	0.00498	0.00703	0.00688	0.00914	0.00892	0.01549	0.00880	0.01714	0.01925	0.80508	0.00458	0.00446	0.00223	0.00241
15	0.01038	0.04635	0.77402	0.01448	0.02198	0.01213	0.01870	0.01623	0.01082	0.01615	0.00916	0.01077	0.00650	0.00486	0.00484	0.00161	0.00753	0.00377	0.00217	0.00756
16	0.01211	0.01384	0.03028	0.02163	0.02682	0.01298	0.76903	0.01644	0.01211	0.01644	0.01038	0.01384	0.00779	0.00433	0.00606	0.00173	0.00865	0.00606	0.00260	0.00692
17	0.00746	0.00499	0.00567	0.00567	0.00570	0.00501	0.00320	0.00751	0.00748	0.01000	0.01610	0.03321	0.01849	0.79806	0.04751	0.00507	0.00522	0.00741	0.00310	0.00315
18	0.00969	0.00912	0.01539	0.80734	0.03534	0.01140	0.01425	0.01311	0.01026	0.01311	0.00912	0.01368	0.00684	0.00513	0.00513	0.00171	0.00684	0.00456	0.00228	0.00570
19	0.00615	0.00515	0.00531	0.00537	0.00695	0.00435	0.00396	0.00742	0.01154	0.01390	0.07080	0.09784	0.69455	0.03555	0.00665	0.00184	0.00268	0.01093	0.00474	0.00430
20	0.01664	0.01787	0.02841	0.01235	0.01484	0.37852	0.00977	0.21748	0.01553	0.01791	0.01080	0.08454	0.00970	0.00709	0.00689	0.00160	0.13524	0.00489	0.00343	0.00650
21	0.83403	0.00979	0.00747	0.00670	0.00982	0.01134	0.00551	0.01500	0.00878	0.02292	0.00739	0.00861	0.00575	0.00479	0.00319	0.00158	0.00393	0.00283	0.02503	0.00554
22	0.01100	0.04160	0.01428	0.33562	0.11153	0.03113	0.01111	0.05115	0.14069	0.01598	0.03428	0.06802	0.04207	0.02668	0.00603	0.00175	0.02805	0.00573	0.00332	0.01999
23	0.00666	0.00516	0.00608	0.00610	0.00743	0.00458	0.00455	0.00842	0.01265	0.01661	0.35217	0.13542	0.36469	0.01236	0.00615	0.00175	0.00264	0.03692	0.00513	0.00454
24	0.06716	0.62914	0.16177	0.00969	0.01457	0.01825	0.01038	0.01550	0.01039	0.01352	0.00750	0.00870	0.00650	0.00450	0.00357	0.00122	0.00576	0.00293	0.00225	0.00670
25	0.00752	0.00533	0.00666	0.00652	0.00785	0.00483	0.00493	0.00950	0.01317	0.04500	0.45720	0.11262	0.21300	0.02249	0.00641	0.00178	0.00278	0.06236	0.00529	0.00477
26	0.00616	0.00519	0.00535	0.00539	0.00705	0.00438	0.00405	0.00751	0.01174	0.01411	0.07670	0.07151	0.72085	0.01302	0.00610	0.00175	0.00265	0.02732	0.00480	0.00435
27	0.16720	0.61511	0.03776	0.00871	0.01291	0.03064	0.00845	0.04489	0.01073	0.01494	0.00739	0.00848	0.00648	0.00455	0.00339	0.00122	0.00532	0.00285	0.00249	0.00649
28	0.43312	0.01096	0.07451	0.00865	0.01194	0.01078	0.00769	0.03868	0.01073	0.19411	0.01098	0.01170	0.00794	0.00568	0.00525	0.00163	0.08740	0.00376	0.05800	0.00649
29	0.01816	0.06448	0.01465	0.01076	0.01449	0.01392	0.00886	0.50006	0.08353	0.13672	0.01474	0.05632	0.01124	0.02128	0.00548	0.00163	0.00517	0.00525	0.00507	0.00820
30	0.01675	0.15238	0.09669	0.01248	0.03080	0.44790	0.01049	0.09265	0.03624	0.01537	0.00908	0.01025	0.00732	0.00524	0.00447	0.00135	0.00766	0.00354	0.03278	0.00656
31	0.01294	0.04261	0.06252	0.07517	0.01507	0.01005	0.00851	0.18655	0.02517	0.06640	0.01213	0.05513	0.01014	0.03029	0.05606	0.00182	0.00545	0.00462	0.00367	0.31570
32	0.01371	0.66957	0.11768	0.00977	0.01445	0.06107	0.01008	0.02978	0.01095	0.01297	0.00752	0.00867	0.00662	0.00453	0.00359	0.00118	0.00594	0.00293	0.00227	0.00671
33	0.01248	0.00922	0.01195	0.00910	0.01287	0.00792	0.06383	0.07751	0.02982	0.11385	0.01333	0.08651	0.01162	0.05790	0.00597	0.00141	0.00440	0.00506	0.00380	0.46144
34	0.01268	0.09974	0.04524	0.05985	0.01272	0.04605	0.00765	0.01571	0.07296	0.18791	0.13128	0.14490	0.04847	0.02746	0.00583	0.00173	0.00442	0.04389	0.02530	0.00622
35	0.01229	0.01216	0.03800	0.12247	0.68141	0.01209	0.01564	0.01545	0.01150	0.01632	0.00958	0.01277	0.00794	0.00464	0.00508	0.00155	0.00622	0.00455	0.00250	0.00783
36	0.00764	0.00630	0.00994	0.01101	0.08969	0.00607	0.07701	0.00913	0.01038	0.01409	0.06699	0.57393	0.02869	0.04182	0.00718	0.00207	0.01686	0.01204	0.00428	0.00486
37	0.01233	0.01569	0.15741	0.03505	0.14543	0.01283	0.46085	0.06451	0.01256	0.01742	0.01017	0.01305	0.00766	0.00459	0.00563	0.00167	0.00784	0.00532	0.00267	0.00732

[dist]
# distance from previous block
# <min> <max>
0	20

[block]
# block no. 4 follows, 48 sequences, length 32
# corresponding to MSA columns:
# 1152-1181,1189,1190
name=unknown_E
#
# <colnr> <probs for GDERKNQSTAVLIFYWHMCP>
#	G	D	E	R	K	N	Q	S	T	A	V	L	I	F	Y	W	H	M	C	P
0	0.01112	0.01121	0.04894	0.01559	0.02988	0.02212	0.40901	0.01423	0.01175	0.07078	0.01924	0.14254	0.10584	0.00823	0.01781	0.00188	0.01864	0.03147	0.00350	0.00622
1	0.00969	0.00912	0.01539	0.80734	0.03534	0.01140	0.01425	0.01311	0.01026	0.01311	0.00912	0.01368	0.00684	0.00513	0.00513	0.00171	0.00684	0.00456	0.00228	0.00570
2	0.01080	0.04132	0.63408	0.01446	0.04430	0.01139	0.04215	0.01597	0.01100	0.05172	0.01109	0.06882	0.00884	0.00571	0.00502	0.00164	0.00705	0.00470	0.00257	0.00736
3	0.01269	0.01285	0.06756	0.09403	0.56723	0.03413	0.01477	0.01628	0.04196	0.04305	0.02611	0.01349	0.00913	0.00501	0.00528	0.00157	0.01969	0.00465	0.00279	0.00773
4	0.02148	0.01084	0.01317	0.01014	0.01413	0.01072	0.00836	0.29611	0.03754	0.49575	0.01738	0.01564	0.01133	0.00630	0.00515	0.00157	0.00482	0.00498	0.00588	0.00871
5	0.00891	0.00446	0.00668	0.00668	0.00668	0.00446	0.00446	0.00668	0.00668	0.00891	0.00891	0.01560	0.00891	0.01783	0.02005	0.85071	0.00446	0.00446	0.00223	0.00223
6	0.00852	0.00601	0.00792	0.00713	0.00776	0.00601	0.05831	0.03287	0.00852	0.02891	0.01563	0.03058	0.01719	0.68545	0.05481	0.00469	0.00560	0.00714	0.00320	0.00375
7	0.08792	0.04884	0.03530	0.00987	0.01391	0.00996	0.03234	0.13190	0.01515	0.52252	0.01690	0.01591	0.01120	0.00613	0.00496	0.00158	0.00481	0.01712	0.00546	0.00822
8	0.09549	0.01364	0.01350	0.01071	0.01437	0.08002	0.00873	0.52231	0.02016	0.08282	0.01353	0.01359	0.03350	0.00618	0.00486	0.00152	0.00544	0.00458	0.04719	0.00786
9	0.01951	0.01437	0.01540	0.01181	0.01591	0.01591	0.00975	0.77056	0.02412	0.03234	0.01232	0.01232	0.00873	0.00616	0.00513	0.00154	0.00565	0.00462	0.00513	0.00873
10	0.00776	0.00596	0.00749	0.00721	0.00886	0.00521	0.00531	0.00970	0.02504	0.01619	0.22327	0.35801	0.04318	0.01142	0.00577	0.00165	0.00312	0.04739	0.00460	0.20284
11	0.01222	0.01220	0.01938	0.25349	0.47785	0.06335	0.05701	0.01533	0.01148	0.01542	0.00943	0.01282	0.00764	0.00477	0.00512	0.00158	0.00666	0.00457	0.00247	0.00722
12	0.01947	0.01363	0.01485	0.01147	0.01549	0.01492	0.00945	0.65624	0.06533	0.10583	0.01357	0.01320	0.00950	0.00622	0.00514	0.00156	0.00543	0.00474	0.00526	0.00869
13	0.00944	0.00879	0.01472	0.75014	0.03335	0.01088	0.01357	0.01268	0.01023	0.01311	0.01049	0.07106	0.00878	0.00591	0.00523	0.00174	0.00656	0.00528	0.00246	0.00559
14	0.00947	0.00667	0.00905	0.06654	0.05456	0.00676	0.00708	0.08963	0.01191	0.06332	0.02340	0.50323	0.02592	0.01317	0.01748	0.00205	0.00410	0.07580	0.00457	0.00531
15	0.01229	0.01302	0.02745	0.01978	0.02465	0.01220	0.66854	0.01658	0.03149	0.05312	0.01357	0.01625	0.05423	0.00500	0.00599	0.00172	0.00797	0.00629	0.00297	0.00688
16	0.00741	0.00537	0.00762	0.00762	0.00835	0.00608	0.00566	0.00888	0.00814	0.01168	0.01432	0.02291	0.01404	0.19907	0.62055	0.00740	0.01166	0.00589	0.02308	0.00428
17	0.00776	0.00538	0.00685	0.00741	0.00830	0.00518	0.00526	0.01008	0.07308	0.05173	0.12648	0.55303	0.06709	0.01395	0.00631	0.00196	0.00310	0.03725	0.00499	0.00482
18	0.46182	0.10771	0.01029	0.03175	0.01079	0.01077	0.00615	0.01530	0.00981	0.11527	0.01009	0.01143	0.00775	0.00603	0.00479	0.06400	0.00414	0.00348	0.10286	0.00574
19	0.01098	0.00957	0.01075	0.00784	0.01225	0.02929	0.00624	0.02897	0.01102	0.01686	0.00954	0.02708	0.00813	0.00414	0.00391	0.00082	0.00398	0.00332	0.00311	0.79222
20	0.01478	0.03412	0.06290	0.01153	0.01486	0.10512	0.06072	0.15983	0.14545	0.09086	0.03732	0.01497	0.02142	0.00670	0.01598	0.00165	0.08876	0.00483	0.04068	0.06754
21	0.01071	0.00936	0.01163	0.00830	0.01290	0.00715	0.04443	0.01310	0.01071	0.01671	0.00918	0.01080	0.00761	0.00383	0.00391	0.00081	0.00404	0.00319	0.00302	0.80862
22	0.75993	0.03179	0.00874	0.07612	0.01221	0.01174	0.00640	0.01492	0.00891	0.02187	0.00732	0.00880	0.00570	0.00478	0.00335	0.00159	0.00426	0.00293	0.00307	0.00560
23	0.00818	0.00641	0.00895	0.06537	0.01114	0.00659	0.04857	0.05397	0.01100	0.01488	0.05431	0.41790	0.08789	0.07172	0.00807	0.00214	0.04209	0.02937	0.04667	0.00478
24	0.01064	0.00912	0.01064	0.00760	0.01216	0.00684	0.00608	0.01292	0.01064	0.01672	0.00912	0.01064	0.00760	0.00380	0.00380	0.00076	0.00380	0.00304	0.00304	0.85104
25	0.01164	0.02708	0.01122	0.08635	0.09262	0.03611	0.00799	0.15947	0.01402	0.01997	0.14959	0.02058	0.05192	0.00838	0.04064	0.00179	0.03038	0.00570	0.21847	0.00607
26	0.05006	0.00874	0.05165	0.00780	0.01001	0.07266	0.00624	0.01182	0.01159	0.09945	0.07702	0.27187	0.20635	0.01076	0.00559	0.00169	0.00391	0.00918	0.00444	0.07917
27	0.02626	0.14894	0.09096	0.01130	0.01525	0.16189	0.01001	0.26866	0.04773	0.04500	0.01052	0.01139	0.00811	0.00644	0.02736	0.00160	0.03336	0.00394	0.00360	0.06768
28	0.03817	0.14459	0.50941	0.01436	0.07420	0.03081	0.01569	0.01581	0.01068	0.01558	0.00869	0.01047	0.00665	0.00498	0.00522	0.00154	0.05179	0.00366	0.00227	0.03544
29	0.07144	0.09059	0.18948	0.01494	0.02002	0.02263	0.30469	0.03869	0.01147	0.01674	0.00984	0.03332	0.00791	0.00491	0.00527	0.00152	0.02689	0.00472	0.00270	0.12222
30	0.01245	0.01246	0.11258	0.02153	0.01522	0.01035	0.06052	0.14180	0.07017	0.04490	0.01231	0.07369	0.01038	0.00600	0.00558	0.00138	0.05998	0.00488	0.00359	0.32023
31	0.04360	0.03559	0.11823	0.01214	0.06451	0.08977	0.05587	0.15620	0.01402	0.08568	0.06616	0.02983	0.03444	0.06487	0.02319	0.00186	0.00589	0.00512	0.00374	0.08929

[dist]
# distance from previous block
# <min> <max>
0	4

[block]
# block no. 5 follows, 48 sequences, length 39
# corresponding to MSA columns:
# 1195-1226,1228-1234
name=unknown_F
#
# <colnr> <probs for GDERKNQSTAVLIFYWHMCP>
#	G	D	E	R	K	N	Q	S	T	A	V	L	I	F	Y	W	H	M	C	P
0	0.00990	0.11089	0.02388	0.00769	0.00987	0.04029	0.00619	0.04846	0.04557	0.02654	0.25904	0.09049	0.07502	0.05744	0.04326	0.00201	0.00430	0.01642	0.04594	0.07681
1	0.01420	0.01237	0.01687	0.07061	0.07447	0.04410	0.13420	0.25808	0.03984	0.03155	0.01123	0.01453	0.00916	0.07907	0.00854	0.00193	0.10742	0.00498	0.00356	0.06332
2	0.00671	0.00497	0.00640	0.00701	0.00783	0.00447	0.00483	0.00789	0.01046	0.01419	0.10396	0.62983	0.07344	0.01432	0.00624	0.00191	0.00297	0.01289	0.00471	0.07497
3	0.01388	0.67129	0.10121	0.00976	0.01431	0.09074	0.00989	0.01592	0.01084	0.01253	0.00741	0.00858	0.00658	0.00452	0.00357	0.00117	0.00604	0.00290	0.00223	0.00662
4	0.01208	0.02849	0.01297	0.00917	0.01363	0.00875	0.05755	0.09963	0.01230	0.03404	0.00971	0.01114	0.00781	0.00426	0.00434	0.00096	0.01818	0.00348	0.00328	0.64821
5	0.01764	0.01445	0.06597	0.01140	0.01530	0.06195	0.00973	0.50374	0.09063	0.07542	0.01354	0.02510	0.00995	0.00709	0.02581	0.00173	0.00584	0.00480	0.03178	0.00812
6	0.01603	0.01202	0.07962	0.01244	0.03575	0.01077	0.13094	0.12147	0.16485	0.26430	0.01923	0.01856	0.07685	0.00652	0.00536	0.00165	0.00533	0.00571	0.00479	0.00784
7	0.78968	0.00976	0.00769	0.00679	0.00999	0.01110	0.00557	0.01483	0.00898	0.02262	0.02661	0.00920	0.00673	0.00485	0.00328	0.00154	0.00392	0.00295	0.00323	0.05066
8	0.01064	0.00912	0.01064	0.00760	0.01216	0.00684	0.00608	0.01292	0.01064	0.01672	0.00912	0.01064	0.00760	0.00380	0.00380	0.00076	0.00380	0.00304	0.00304	0.85104
9	0.00713	0.00517	0.00671	0.00647	0.00762	0.00476	0.00480	0.00936	0.01399	0.01964	0.68856	0.10933	0.07502	0.01109	0.00610	0.00166	0.00248	0.00982	0.00553	0.00476
10	0.07758	0.47281	0.14010	0.00964	0.01431	0.01599	0.00987	0.03028	0.01108	0.10517	0.00918	0.00997	0.00730	0.00480	0.00403	0.00128	0.01904	0.00327	0.00285	0.05145
11	0.01969	0.02864	0.06506	0.01001	0.01397	0.04568	0.00862	0.04648	0.16338	0.51424	0.01855	0.01662	0.01233	0.00627	0.00509	0.00160	0.00481	0.00504	0.00555	0.00836
12	0.00744	0.00505	0.00598	0.00598	0.00611	0.00518	0.00358	0.00770	0.00757	0.01023	0.01582	0.03166	0.01782	0.70795	0.13670	0.00544	0.00623	0.00718	0.00306	0.00332
13	0.00956	0.00478	0.00478	0.00478	0.00598	0.00478	0.00359	0.01196	0.01076	0.01913	0.01674	0.01913	0.01315	0.00598	0.00359	0.00120	0.00239	0.00478	0.84816	0.00478
14	0.00642	0.00459	0.00610	0.00703	0.00748	0.00428	0.00478	0.00756	0.01060	0.01434	0.15350	0.68758	0.03633	0.01515	0.00647	0.00201	0.00288	0.01371	0.00491	0.00428
15	0.00652	0.00467	0.00622	0.00711	0.00762	0.00437	0.00492	0.00776	0.01079	0.01459	0.16985	0.63923	0.03646	0.01495	0.00648	0.00201	0.00295	0.04425	0.00493	0.00432
16	0.00832	0.00661	0.00764	0.00741	0.00896	0.00672	0.00551	0.01342	0.21397	0.01814	0.31003	0.17938	0.15932	0.02328	0.00623	0.00180	0.00302	0.00958	0.00519	0.00547
17	0.00638	0.00452	0.00591	0.00697	0.00724	0.00426	0.00458	0.00718	0.00956	0.01275	0.02695	0.73021	0.03226	0.10449	0.00870	0.00240	0.00320	0.01380	0.00458	0.00405
18	0.01285	0.50135	0.25316	0.01100	0.01601	0.05822	0.01199	0.01573	0.01062	0.01335	0.00777	0.00922	0.00657	0.00483	0.00455	0.00133	0.04925	0.00318	0.00221	0.00680
19	0.01064	0.00912	0.01064	0.00760	0.01216	0.00684	0.00608	0.01292	0.01064	0.01672	0.00912	0.01064	0.00760	0.00380	0.00380	0.00076	0.00380	0.00304	0.00304	0.85104
20	0.01140	0.19527	0.43024	0.01458	0.07053	0.03029	0.07913	0.01567	0.01110	0.01544	0.05019	0.01209	0.00898	0.00513	0.00504	0.00152	0.02973	0.00411	0.00243	0.00711
21	0.01165	0.01670	0.23250	0.02157	0.18904	0.01235	0.38647	0.01609	0.01167	0.01643	0.01033	0.01388	0.00806	0.00477	0.00555	0.00167	0.00772	0.02372	0.00252	0.00730
22	0.00716	0.00524	0.00671	0.00635	0.00760	0.00480	0.00476	0.00948	0.01428	0.01999	0.72140	0.03929	0.11234	0.01071	0.00605	0.00162	0.00244	0.00941	0.00557	0.00480
23	0.01372	0.82276	0.02689	0.00878	0.01317	0.02030	0.00878	0.01536	0.01043	0.01207	0.00713	0.00823	0.00658	0.00439	0.00329	0.00110	0.00549	0.00274	0.00219	0.00658
24	0.00733	0.00550	0.00825	0.00825	0.00916	0.00641	0.00641	0.00916	0.00825	0.01191	0.01374	0.02016	0.01283	0.03848	0.79934	0.00825	0.01374	0.00550	0.00275	0.00458
25	0.00647	0.00466	0.00632	0.00723	0.00768	0.00451	0.00498	0.00762	0.01002	0.01357	0.08984	0.64933	0.03245	0.01847	0.10786	0.00283	0.00431	0.01298	0.00458	0.00428
26	0.01828	0.02227	0.01473	0.01315	0.01559	0.65713	0.01005	0.06958	0.01441	0.01385	0.00809	0.00968	0.00676	0.00577	0.00606	0.00144	0.10075	0.00353	0.00276	0.00610
27	0.00728	0.00473	0.00632	0.00727	0.00779	0.00437	0.00493	0.00824	0.01012	0.06069	0.02779	0.76747	0.03264	0.01548	0.00646	0.00205	0.00306	0.01401	0.00486	0.00445
28	0.01256	0.01205	0.02058	0.06709	0.75315	0.01216	0.01568	0.01563	0.01162	0.01660	0.00963	0.01274	0.00807	0.00460	0.00508	0.00153	0.00613	0.00457	0.00253	0.00802
29	0.01652	0.06428	0.08617	0.04681	0.05274	0.02799	0.05128	0.48203	0.05089	0.02612	0.03679	0.01317	0.00978	0.00588	0.00507	0.00154	0.00593	0.00468	0.00429	0.00804
30	0.01821	0.02158	0.03516	0.01416	0.06716	0.60612	0.01043	0.03528	0.02749	0.06111	0.00908	0.01037	0.00729	0.00554	0.00537	0.00142	0.05128	0.00365	0.00293	0.00638
31	0.01128	0.01486	0.17056	0.07179	0.13573	0.03106	0.33275	0.01560	0.03006	0.01676	0.10563	0.01611	0.01269	0.00537	0.00557	0.00165	0.00709	0.00563	0.00292	0.00689
32	0.00979	0.00922	0.01556	0.78252	0.05941	0.01143	0.01430	0.01319	0.01031	0.01323	0.00914	0.01365	0.00688	0.00511	0.00513	0.00170	0.00682	0.00456	0.00229	0.00578
33	0.00732	0.00590	0.00731	0.00857	0.05971	0.02587	0.00553	0.00882	0.02617	0.01396	0.08784	0.45167	0.15721	0.06345	0.04380	0.00238	0.00388	0.01155	0.00445	0.00459
34	0.00998	0.00807	0.02796	0.03619	0.07399	0.02535	0.00754	0.05424	0.09796	0.05739	0.11900	0.23106	0.10092	0.02516	0.00631	0.00190	0.00409	0.10253	0.00462	0.00574
35	0.00757	0.00523	0.00616	0.00609	0.00617	0.00545	0.00367	0.00777	0.00755	0.01020	0.01564	0.03164	0.01774	0.72281	0.09557	0.00518	0.03198	0.00719	0.00305	0.00332
36	0.01277	0.01104	0.01515	0.16397	0.14664	0.01221	0.05831	0.10849	0.30669	0.03424	0.01633	0.01809	0.03653	0.00637	0.00531	0.00169	0.00537	0.02930	0.00404	0.00745
37	0.01552	0.01134	0.01351	0.11555	0.05193	0.01243	0.00940	0.41752	0.05574	0.07053	0.03417	0.07996	0.02827	0.03352	0.00594	0.00173	0.00521	0.00584	0.02446	0.00745
38	0.13294	0.02169	0.03322	0.10805	0.07215	0.03141	0.02083	0.23079	0.09038	0.05527	0.01472	0.01929	0.03155	0.00691	0.00525	0.00170	0.01566	0.09708	0.00408	0.00701

[dist]
# distance from previous block
# <min> <max>
2	8

[block]
# block no. 6 follows, 48 sequences, length 9
# corresponding to MSA columns:
# 1275-1283
name=unknown_G
#
# <colnr> <probs for GDERKNQSTAVLIFYWHMCP>
#	G	D	E	R	K	N	Q	S	T	A	V	L	I	F	Y	W	H	M	C	P
0	0.02945	0.11107	0.03399	0.00845	0.01078	0.07039	0.02396	0.11555	0.01302	0.04464	0.13688	0.05987	0.01792	0.08724	0.06144	0.00225	0.00521	0.00588	0.15631	0.00572
1	0.01041	0.00729	0.00802	0.00777	0.00834	0.09286	0.00541	0.01018	0.08163	0.01052	0.00995	0.01524	0.00931	0.01540	0.01693	0.67558	0.00495	0.00446	0.00256	0.00320
2	0.01117	0.00950	0.02727	0.00980	0.02659	0.05987	0.03366	0.07247	0.16980	0.05621	0.18117	0.06198	0.11581	0.00959	0.00583	0.00177	0.00436	0.13217	0.00483	0.00615
3	0.03605	0.01121	0.03570	0.01050	0.01429	0.01071	0.06571	0.26435	0.05896	0.10888	0.03371	0.01842	0.03851	0.03538	0.00579	0.00159	0.00499	0.05196	0.00440	0.18888
4	0.01096	0.19643	0.44256	0.04636	0.05215	0.01323	0.07129	0.01528	0.01091	0.01522	0.03330	0.05057	0.00930	0.00544	0.00475	0.00154	0.00673	0.00449	0.00246	0.00701
5	0.01188	0.01619	0.25318	0.19408	0.29996	0.04481	0.01551	0.03415	0.01162	0.03730	0.01063	0.01314	0.02480	0.00509	0.00503	0.00159	0.00671	0.00444	0.00259	0.00728
6	0.00882	0.00676	0.00830	0.08376	0.01127	0.00678	0.00615	0.07025	0.06650	0.03573	0.35461	0.06214	0.23881	0.01018	0.00584	0.00167	0.00332	0.00874	0.00500	0.00538
7	0.01923	0.02258	0.01470	0.01296	0.01587	0.65336	0.00988	0.16005	0.01632	0.01624	0.00875	0.00982	0.00700	0.00545	0.00472	0.00136	0.00858	0.00355	0.00311	0.00647
8	0.01067	0.00980	0.01440	0.01046	0.01489	0.00794	0.16335	0.01328	0.01089	0.01643	0.01059	0.06198	0.00929	0.00468	0.00444	0.00104	0.00475	0.00439	0.00306	0.62368

[dist]
# distance from previous block
# <min> <max>
0	51

# created by:
# /st0/software/busco_prod/Augustus/scripts/msa2prfl.pl ./align_prep/216601.fa
