[name]
unknown

[dist]
# distance from previous block
# <min> <max>
30	122

[block]
# block no. 0 follows, 45 sequences, length 6
# corresponding to MSA columns:
# 155-160
name=unknown_A
#
# <colnr> <probs for GDERKNQSTAVLIFYWHMCP>
#	G	D	E	R	K	N	Q	S	T	A	V	L	I	F	Y	W	H	M	C	P
0	0.10837	0.09313	0.07841	0.03896	0.08658	0.01310	0.10821	0.17676	0.05487	0.02105	0.02790	0.09465	0.01194	0.00660	0.00514	0.00163	0.00579	0.00567	0.00374	0.05749
1	0.04927	0.06302	0.10610	0.13186	0.06356	0.01136	0.13664	0.04764	0.03948	0.05064	0.01276	0.01691	0.01030	0.00583	0.00510	0.00159	0.00604	0.05211	0.09518	0.09460
2	0.18527	0.04918	0.04230	0.06961	0.11925	0.03730	0.04011	0.04550	0.01184	0.08488	0.03215	0.04660	0.03239	0.04258	0.05639	0.00226	0.00592	0.03673	0.05327	0.00646
3	0.21581	0.03915	0.02830	0.09731	0.02790	0.01160	0.02695	0.12509	0.07367	0.07310	0.03771	0.01828	0.09744	0.00689	0.00538	0.00168	0.03887	0.00529	0.04676	0.02281
4	0.01085	0.03936	0.01112	0.04702	0.01240	0.00953	0.00770	0.18145	0.01330	0.01815	0.06545	0.02188	0.07054	0.02562	0.43431	0.00546	0.01014	0.00605	0.00375	0.00592
5	0.01167	0.01101	0.04652	0.52003	0.14629	0.01191	0.04058	0.05270	0.01204	0.04698	0.01210	0.01562	0.03826	0.00567	0.00542	0.00174	0.00679	0.00509	0.00286	0.00671

[dist]
# distance from previous block
# <min> <max>
0	5

[block]
# block no. 1 follows, 45 sequences, length 47
# corresponding to MSA columns:
# 166-199,202-214
name=unknown_B
#
# <colnr> <probs for GDERKNQSTAVLIFYWHMCP>
#	G	D	E	R	K	N	Q	S	T	A	V	L	I	F	Y	W	H	M	C	P
0	0.08021	0.06609	0.01758	0.20623	0.19477	0.04141	0.05374	0.09741	0.03446	0.07284	0.01100	0.01326	0.00844	0.00579	0.01653	0.00168	0.00633	0.00453	0.00332	0.06436
1	0.01140	0.06495	0.01880	0.36564	0.15325	0.01235	0.10716	0.01535	0.05214	0.01586	0.05070	0.01518	0.01033	0.00548	0.00551	0.00165	0.01995	0.00506	0.00287	0.06636
2	0.01370	0.36804	0.21777	0.01141	0.01632	0.14584	0.01175	0.01659	0.01160	0.01417	0.00878	0.01051	0.00739	0.00724	0.05721	0.00181	0.00742	0.00347	0.00247	0.06650
3	0.05421	0.06231	0.06438	0.01878	0.01017	0.00787	0.00670	0.07590	0.01051	0.01469	0.03783	0.22161	0.01764	0.08549	0.01263	0.27894	0.00467	0.00759	0.00352	0.00456
4	0.09592	0.06210	0.06349	0.00734	0.00956	0.00725	0.00626	0.01090	0.01300	0.01879	0.37994	0.09485	0.19016	0.01050	0.00578	0.00171	0.00339	0.00890	0.00487	0.00530
5	0.10312	0.14935	0.07204	0.08220	0.01629	0.01151	0.00948	0.03848	0.01347	0.42883	0.01533	0.01465	0.01030	0.00589	0.00483	0.00159	0.00524	0.00454	0.00482	0.00803
6	0.11906	0.60635	0.08123	0.00964	0.01417	0.03271	0.00966	0.02940	0.01098	0.01479	0.00773	0.00900	0.00679	0.00485	0.00397	0.00130	0.02602	0.00305	0.00249	0.00683
7	0.00906	0.00474	0.00682	0.00684	0.00685	0.00473	0.00447	0.00712	0.00716	0.00955	0.01074	0.03262	0.01120	0.12946	0.02162	0.71202	0.00471	0.00528	0.00251	0.00249
8	0.00749	0.00546	0.00692	0.00656	0.00779	0.00502	0.00484	0.00973	0.01439	0.02007	0.65247	0.04084	0.11745	0.06820	0.00783	0.00195	0.00274	0.00973	0.00563	0.00489
9	0.01657	0.01198	0.01465	0.11471	0.06896	0.01299	0.01021	0.41278	0.01946	0.08879	0.10684	0.01780	0.01471	0.00809	0.03445	0.00191	0.00585	0.01527	0.00484	0.01915
10	0.01528	0.01882	0.15246	0.14077	0.17401	0.22584	0.04300	0.13269	0.01468	0.01815	0.00990	0.01210	0.00764	0.00538	0.00520	0.00160	0.00771	0.00434	0.00300	0.00743
11	0.01989	0.02487	0.01541	0.01426	0.03597	0.74150	0.01052	0.04856	0.01551	0.01401	0.00851	0.00989	0.00704	0.00555	0.00487	0.00140	0.00946	0.00354	0.00286	0.00639
12	0.01450	0.64407	0.13173	0.01017	0.01515	0.03858	0.01062	0.01686	0.01130	0.05303	0.00849	0.00951	0.00721	0.00479	0.00381	0.00126	0.00608	0.00317	0.00253	0.00713
13	0.12476	0.44659	0.12046	0.01001	0.01454	0.03890	0.00996	0.01802	0.10940	0.03209	0.02492	0.01131	0.00896	0.00525	0.00404	0.00140	0.00564	0.00364	0.00301	0.00708
14	0.01096	0.00738	0.00876	0.00836	0.01018	0.00747	0.00620	0.03513	0.19702	0.11422	0.13073	0.29051	0.09472	0.04410	0.00700	0.00203	0.00362	0.01008	0.00538	0.00616
15	0.00897	0.00579	0.00762	0.00699	0.00849	0.00530	0.00530	0.01147	0.01521	0.08484	0.71224	0.03828	0.04754	0.01061	0.00625	0.00169	0.00270	0.00935	0.00597	0.00540
16	0.01014	0.00954	0.01610	0.79845	0.03697	0.01193	0.01491	0.01371	0.01073	0.01371	0.00954	0.01431	0.00716	0.00537	0.00537	0.00179	0.00716	0.00477	0.00239	0.00596
17	0.09683	0.01352	0.01461	0.01136	0.01549	0.01469	0.00936	0.54460	0.05238	0.15199	0.01408	0.01366	0.00978	0.00638	0.00519	0.00163	0.00546	0.00480	0.00539	0.00880
18	0.00808	0.00554	0.00723	0.00788	0.00869	0.00537	0.00559	0.04605	0.01147	0.04347	0.06647	0.60257	0.04849	0.01706	0.05955	0.00254	0.00410	0.04002	0.00497	0.00486
19	0.01113	0.00954	0.01113	0.00795	0.01272	0.00716	0.00636	0.01352	0.01113	0.01749	0.00954	0.01113	0.00795	0.00398	0.00398	0.00080	0.00398	0.00318	0.00318	0.84417
20	0.00643	0.00525	0.00568	0.00597	0.00740	0.00451	0.00433	0.00772	0.01185	0.01451	0.06949	0.23521	0.57441	0.01430	0.00647	0.00190	0.00281	0.01224	0.00501	0.00451
21	0.00745	0.00548	0.00754	0.00767	0.00847	0.00589	0.00562	0.00892	0.00941	0.01304	0.07093	0.12904	0.07405	0.15900	0.45536	0.00628	0.00979	0.00799	0.00357	0.00449
22	0.06814	0.00622	0.00775	0.00704	0.00878	0.00584	0.00540	0.01220	0.01471	0.10423	0.61908	0.03586	0.06387	0.01016	0.00602	0.00169	0.00287	0.00881	0.00578	0.00555
23	0.84927	0.01038	0.00789	0.00706	0.01038	0.01204	0.00581	0.01578	0.00914	0.02408	0.00747	0.00872	0.00581	0.00498	0.00332	0.00166	0.00415	0.00291	0.00332	0.00581
24	0.69755	0.01027	0.00859	0.00750	0.01079	0.01164	0.00614	0.06206	0.01087	0.06452	0.06032	0.01160	0.00944	0.00557	0.00376	0.00166	0.00417	0.00362	0.00380	0.00614
25	0.10230	0.00785	0.00946	0.00823	0.01084	0.00754	0.00642	0.01798	0.08047	0.31403	0.14724	0.11314	0.07457	0.05526	0.00686	0.00197	0.00391	0.01958	0.00555	0.00680
26	0.12358	0.01380	0.01468	0.01138	0.01554	0.01510	0.00940	0.58608	0.02214	0.11579	0.01314	0.01297	0.00918	0.00628	0.00512	0.00162	0.00554	0.00466	0.00526	0.00872
27	0.06660	0.00513	0.00641	0.00740	0.00799	0.00495	0.00505	0.00824	0.01053	0.01497	0.07831	0.69917	0.03441	0.01558	0.00657	0.00211	0.00315	0.01401	0.00493	0.00451
28	0.00774	0.00507	0.00661	0.00728	0.00786	0.00474	0.00491	0.00880	0.01078	0.05389	0.11447	0.57197	0.03394	0.12396	0.00951	0.00251	0.00341	0.01309	0.00494	0.00454
29	0.03967	0.00884	0.01174	0.00933	0.01304	0.00788	0.00758	0.03567	0.03410	0.64924	0.04036	0.08616	0.01598	0.00760	0.00550	0.00171	0.00440	0.00630	0.00636	0.00854
30	0.00785	0.00557	0.00710	0.00666	0.00807	0.00507	0.00502	0.01023	0.01485	0.03932	0.67065	0.04094	0.13616	0.01118	0.00631	0.00170	0.00260	0.00980	0.00582	0.00510
31	0.00662	0.00473	0.00630	0.00742	0.00780	0.00441	0.00499	0.00766	0.01063	0.01426	0.08265	0.75320	0.03658	0.01640	0.00681	0.00215	0.00307	0.01486	0.00505	0.00441
32	0.00710	0.00497	0.00611	0.00670	0.00702	0.00475	0.00427	0.00779	0.00971	0.01296	0.07589	0.42065	0.06030	0.32956	0.01487	0.00332	0.00388	0.01179	0.00436	0.00398
33	0.02005	0.02558	0.01521	0.01383	0.01659	0.78980	0.01037	0.02143	0.01521	0.01314	0.00830	0.00968	0.00691	0.00553	0.00484	0.00138	0.00968	0.00346	0.00277	0.00622
34	0.01014	0.00954	0.01610	0.79845	0.03697	0.01193	0.01491	0.01371	0.01073	0.01371	0.00954	0.01431	0.00716	0.00537	0.00537	0.00179	0.00716	0.00477	0.00239	0.00596
35	0.02039	0.01030	0.01260	0.01018	0.01398	0.01024	0.00824	0.07648	0.25787	0.48721	0.02083	0.01847	0.01400	0.00684	0.00542	0.00171	0.00456	0.00558	0.00618	0.00893
36	0.00834	0.00551	0.00697	0.00678	0.00786	0.00510	0.00481	0.01004	0.01282	0.06197	0.42017	0.16473	0.08742	0.16133	0.01028	0.00243	0.00326	0.01012	0.00524	0.00481
37	0.02041	0.01504	0.01611	0.01235	0.01665	0.01665	0.01020	0.75997	0.02524	0.03383	0.01289	0.01289	0.00913	0.00644	0.00537	0.00161	0.00591	0.00483	0.00537	0.00913
38	0.80419	0.05380	0.00898	0.00717	0.01056	0.01254	0.00600	0.01579	0.00923	0.02347	0.00747	0.00871	0.00587	0.00496	0.00333	0.00163	0.00424	0.00290	0.00327	0.00587
39	0.00643	0.00544	0.00555	0.00552	0.00730	0.00457	0.00414	0.00786	0.01243	0.01497	0.10212	0.05089	0.72766	0.01342	0.00634	0.00180	0.00271	0.01122	0.00505	0.00457
40	0.02367	0.00979	0.01287	0.00986	0.01403	0.00887	0.00815	0.10812	0.01647	0.69807	0.02025	0.01767	0.01282	0.00662	0.00539	0.00166	0.00472	0.00533	0.00650	0.00913
41	0.01460	0.00920	0.01125	0.00858	0.01268	0.00758	0.00685	0.05490	0.01287	0.22310	0.01477	0.08665	0.01208	0.00667	0.01923	0.00134	0.00435	0.00502	0.00438	0.48390
42	0.00751	0.00548	0.00705	0.00666	0.00796	0.00503	0.00499	0.00996	0.01498	0.02103	0.72367	0.04092	0.10232	0.01116	0.00633	0.00170	0.00255	0.00982	0.00584	0.00503
43	0.02347	0.00938	0.01252	0.00968	0.01378	0.00835	0.00797	0.04182	0.05288	0.72812	0.02103	0.01824	0.01335	0.00667	0.00540	0.00167	0.00458	0.00542	0.00656	0.00910
44	0.01458	0.78251	0.02760	0.00937	0.01389	0.05248	0.00923	0.01629	0.01108	0.01265	0.00750	0.00865	0.00689	0.00463	0.00350	0.00116	0.00590	0.00289	0.00232	0.00686
45	0.02389	0.00945	0.01265	0.00970	0.01386	0.00835	0.00801	0.06491	0.01589	0.74210	0.02074	0.01799	0.01307	0.00663	0.00540	0.00166	0.00464	0.00537	0.00658	0.00913
46	0.09510	0.01462	0.01537	0.01187	0.01608	0.01623	0.00981	0.69290	0.02379	0.03295	0.01240	0.01251	0.00883	0.00631	0.00519	0.00162	0.00575	0.00466	0.00519	0.00883

[dist]
# distance from previous block
# <min> <max>
0	13

[block]
# block no. 2 follows, 45 sequences, length 49
# corresponding to MSA columns:
# 228-276
name=unknown_C
#
# <colnr> <probs for GDERKNQSTAVLIFYWHMCP>
#	G	D	E	R	K	N	Q	S	T	A	V	L	I	F	Y	W	H	M	C	P
0	0.02041	0.01504	0.01611	0.01235	0.01665	0.01665	0.01020	0.75997	0.02524	0.03383	0.01289	0.01289	0.00913	0.00644	0.00537	0.00161	0.00591	0.00483	0.00537	0.00913
1	0.02101	0.01407	0.01551	0.01189	0.01616	0.01521	0.00982	0.63953	0.02362	0.15656	0.01425	0.01377	0.00981	0.00648	0.00537	0.00162	0.00569	0.00493	0.00558	0.00913
2	0.01267	0.01448	0.03167	0.02262	0.02805	0.01357	0.75837	0.01719	0.01267	0.01719	0.01086	0.01448	0.00814	0.00452	0.00633	0.00181	0.00905	0.00633	0.00271	0.00724
3	0.01967	0.01467	0.01569	0.01220	0.01637	0.01630	0.01002	0.68362	0.10279	0.03264	0.01382	0.01363	0.00989	0.00653	0.00538	0.00163	0.00573	0.00496	0.00538	0.00906
4	0.01014	0.00954	0.01610	0.79845	0.03697	0.01193	0.01491	0.01371	0.01073	0.01371	0.00954	0.01431	0.00716	0.00537	0.00537	0.00179	0.00716	0.00477	0.00239	0.00596
5	0.02297	0.00950	0.01253	0.00970	0.01374	0.00858	0.00798	0.07237	0.04547	0.68311	0.04180	0.01861	0.01419	0.00678	0.00542	0.00166	0.00458	0.00551	0.00650	0.00900
6	0.01435	0.81458	0.02813	0.00918	0.01378	0.02124	0.00918	0.01607	0.01091	0.01263	0.00746	0.00861	0.00689	0.00459	0.00344	0.00115	0.00574	0.00287	0.00230	0.00689
7	0.00678	0.00505	0.00631	0.00684	0.00773	0.00459	0.00481	0.00824	0.01202	0.01597	0.23507	0.43940	0.19843	0.01456	0.00660	0.00197	0.00287	0.01293	0.00523	0.00459
8	0.00654	0.00467	0.00623	0.00747	0.00779	0.00436	0.00498	0.00747	0.01028	0.01370	0.02959	0.80785	0.03550	0.01682	0.00685	0.00218	0.00311	0.01526	0.00498	0.00436
9	0.01691	0.01032	0.01197	0.01019	0.01353	0.01091	0.00808	0.02663	0.45333	0.29697	0.06418	0.02053	0.01720	0.00726	0.00549	0.00176	0.00427	0.00603	0.00591	0.00853
10	0.00653	0.00471	0.00619	0.00738	0.00776	0.00437	0.00494	0.00748	0.01036	0.01374	0.03067	0.77464	0.06801	0.01668	0.00683	0.00216	0.00310	0.01509	0.00498	0.00437
11	0.42822	0.00945	0.00935	0.00787	0.01121	0.00986	0.00642	0.05406	0.01244	0.24831	0.06009	0.01801	0.09109	0.00678	0.00452	0.00168	0.00412	0.00500	0.00473	0.00679
12	0.00676	0.00483	0.00648	0.00773	0.00813	0.00455	0.00537	0.00786	0.01049	0.01395	0.02946	0.72984	0.03502	0.01661	0.00691	0.00221	0.00331	0.09109	0.00498	0.00442
13	0.02342	0.01020	0.01312	0.01006	0.01424	0.00947	0.00831	0.15901	0.01715	0.64621	0.01968	0.01730	0.01253	0.00661	0.00539	0.00165	0.00481	0.00530	0.00641	0.00913
14	0.09813	0.00660	0.00807	0.00721	0.00918	0.00624	0.00558	0.01328	0.01451	0.14634	0.55099	0.03356	0.06015	0.00971	0.00586	0.00168	0.00304	0.00834	0.00573	0.00580
15	0.01335	0.01153	0.01214	0.01092	0.01396	0.01335	0.00850	0.02852	0.76817	0.02245	0.02185	0.02003	0.01639	0.00728	0.00546	0.00182	0.00425	0.00607	0.00546	0.00850
16	0.01582	0.12170	0.01461	0.01138	0.01389	0.44609	0.00877	0.04922	0.01429	0.01496	0.09432	0.14138	0.01631	0.00785	0.00517	0.00152	0.00718	0.00601	0.00351	0.00601
17	0.00659	0.00526	0.00590	0.00614	0.00750	0.00457	0.00445	0.00803	0.01222	0.01541	0.16116	0.23309	0.48285	0.01397	0.00647	0.00188	0.00279	0.01203	0.00513	0.00457
18	0.00654	0.00467	0.00623	0.00747	0.00779	0.00436	0.00498	0.00747	0.01028	0.01370	0.02959	0.80785	0.03550	0.01682	0.00685	0.00218	0.00311	0.01526	0.00498	0.00436
19	0.01781	0.01231	0.01386	0.01150	0.01507	0.08589	0.05608	0.04146	0.37222	0.28417	0.01944	0.01793	0.01373	0.00670	0.00543	0.00172	0.00522	0.00558	0.00544	0.00843
20	0.84927	0.01038	0.00789	0.00706	0.01038	0.01204	0.00581	0.01578	0.00914	0.02408	0.00747	0.00872	0.00581	0.00498	0.00332	0.00166	0.00415	0.00291	0.00332	0.00581
21	0.00654	0.00467	0.00623	0.00747	0.00779	0.00436	0.00498	0.00747	0.01028	0.01370	0.02959	0.80785	0.03550	0.01682	0.00685	0.00218	0.00311	0.01526	0.00498	0.00436
22	0.00817	0.00612	0.00765	0.00716	0.00862	0.00592	0.00540	0.01199	0.09372	0.02145	0.67871	0.03829	0.06488	0.01065	0.00624	0.00171	0.00272	0.00937	0.00584	0.00541
23	0.00932	0.00466	0.00699	0.00699	0.00699	0.00466	0.00466	0.00699	0.00699	0.00932	0.00932	0.01632	0.00932	0.01865	0.02098	0.84382	0.00466	0.00466	0.00233	0.00233
24	0.00745	0.00590	0.00838	0.05471	0.09225	0.00571	0.00669	0.00882	0.01072	0.01420	0.02894	0.59856	0.10826	0.01454	0.00655	0.00206	0.00365	0.01313	0.00459	0.00491
25	0.02024	0.01495	0.01601	0.01232	0.01658	0.01657	0.01016	0.74247	0.04301	0.03356	0.01310	0.01306	0.00930	0.00646	0.00537	0.00162	0.00587	0.00486	0.00537	0.00911
26	0.00641	0.00536	0.00559	0.00570	0.00734	0.00453	0.00421	0.00777	0.01215	0.01469	0.08001	0.13014	0.67003	0.01383	0.00640	0.00185	0.00275	0.01168	0.00502	0.00453
27	0.01111	0.04609	0.01897	0.55864	0.17111	0.01263	0.07679	0.01461	0.01118	0.01466	0.00966	0.01389	0.00747	0.00516	0.00535	0.00173	0.00711	0.00482	0.00246	0.00658
28	0.01206	0.01009	0.01163	0.00839	0.01312	0.00811	0.00675	0.08866	0.01255	0.01914	0.00988	0.01131	0.00807	0.00422	0.00412	0.00088	0.00417	0.00335	0.00340	0.76010
29	0.01291	0.01237	0.02111	0.12479	0.68898	0.01265	0.01629	0.01614	0.01204	0.01708	0.01003	0.01341	0.00834	0.00485	0.00532	0.00162	0.00647	0.00478	0.00262	0.00820
30	0.01615	0.09622	0.01526	0.01061	0.01458	0.01401	0.00880	0.40446	0.08849	0.02597	0.05608	0.01472	0.01192	0.00770	0.04113	0.00176	0.00559	0.00477	0.00458	0.15720
31	0.00795	0.00685	0.00805	0.00715	0.00948	0.00612	0.03817	0.01103	0.08484	0.01659	0.13643	0.04129	0.49668	0.01125	0.00601	0.00169	0.00325	0.00955	0.00486	0.09274
32	0.01562	0.01142	0.01264	0.01040	0.01344	0.01251	0.00824	0.38204	0.15789	0.05579	0.10681	0.02050	0.01696	0.09323	0.05565	0.00246	0.00559	0.00603	0.00513	0.00765
33	0.01376	0.01006	0.01205	0.01025	0.05206	0.00944	0.00768	0.21040	0.01609	0.08247	0.17813	0.04928	0.01903	0.00689	0.00515	0.00137	0.00431	0.00575	0.00466	0.30120
34	0.00760	0.00549	0.00718	0.00675	0.00802	0.00506	0.00506	0.01013	0.01519	0.02153	0.77503	0.04010	0.05065	0.01097	0.00633	0.00169	0.00253	0.00971	0.00591	0.00506
35	0.02874	0.05769	0.13611	0.09482	0.03959	0.25866	0.03528	0.05686	0.01403	0.06296	0.11359	0.01647	0.03285	0.00635	0.00518	0.00156	0.00698	0.00499	0.00349	0.02382
36	0.00985	0.00814	0.00978	0.00796	0.01141	0.00641	0.00617	0.01189	0.01100	0.01648	0.01563	0.20884	0.01614	0.00780	0.00490	0.00124	0.00383	0.05300	0.00373	0.58582
37	0.01419	0.10868	0.10226	0.12988	0.06034	0.24217	0.17968	0.01725	0.01264	0.01491	0.01027	0.04342	0.00859	0.00555	0.00520	0.00158	0.00793	0.00485	0.02392	0.00668
38	0.84927	0.01038	0.00789	0.00706	0.01038	0.01204	0.00581	0.01578	0.00914	0.02408	0.00747	0.00872	0.00581	0.00498	0.00332	0.00166	0.00415	0.00291	0.00332	0.00581
39	0.00929	0.00587	0.00769	0.00702	0.00860	0.00535	0.00534	0.01175	0.01515	0.10071	0.68106	0.03806	0.06213	0.01058	0.00623	0.00169	0.00275	0.00929	0.00597	0.00548
40	0.01174	0.06837	0.53201	0.01409	0.04156	0.06146	0.01616	0.01687	0.02579	0.01670	0.00965	0.01126	0.00723	0.00495	0.00482	0.00150	0.00717	0.00381	0.00252	0.14235
41	0.00971	0.00515	0.00544	0.00550	0.00665	0.00516	0.00405	0.02409	0.01119	0.01905	0.01848	0.10240	0.01598	0.02488	0.01966	0.01672	0.00294	0.00614	0.69190	0.00492
42	0.09852	0.01202	0.07811	0.15802	0.20205	0.01119	0.17036	0.01451	0.01119	0.01655	0.01271	0.09567	0.01176	0.05752	0.00692	0.00200	0.00653	0.02477	0.00299	0.00662
43	0.01138	0.01054	0.02678	0.46231	0.02650	0.06019	0.01197	0.09123	0.01306	0.01682	0.10352	0.01980	0.03253	0.00719	0.00606	0.03054	0.00629	0.03669	0.00333	0.02326
44	0.00747	0.00592	0.00683	0.00656	0.00835	0.00513	0.00501	0.00926	0.01259	0.01650	0.22491	0.06964	0.37810	0.05145	0.00725	0.00192	0.00316	0.08275	0.00494	0.09228
45	0.07359	0.02775	0.07026	0.03823	0.02703	0.05855	0.00878	0.08688	0.04227	0.11355	0.02878	0.03768	0.06028	0.01291	0.14049	0.00287	0.06669	0.00553	0.09136	0.00653
46	0.01605	0.01208	0.01390	0.01193	0.06278	0.01255	0.00901	0.37260	0.10315	0.05771	0.09303	0.01661	0.01427	0.00710	0.01999	0.00163	0.00515	0.00522	0.00487	0.16036
47	0.13228	0.25351	0.03258	0.01121	0.02995	0.10219	0.02403	0.15231	0.03571	0.01866	0.00978	0.01208	0.00831	0.04263	0.03674	0.00196	0.08196	0.00403	0.00323	0.00684
48	0.00857	0.00534	0.00692	0.00734	0.00828	0.00488	0.00512	0.00981	0.01147	0.09476	0.12855	0.51839	0.09357	0.06089	0.00778	0.00221	0.00328	0.01275	0.00518	0.00490

[dist]
# distance from previous block
# <min> <max>
0	2

[block]
# block no. 3 follows, 45 sequences, length 42
# corresponding to MSA columns:
# 279-306,308-321
name=unknown_D
#
# <colnr> <probs for GDERKNQSTAVLIFYWHMCP>
#	G	D	E	R	K	N	Q	S	T	A	V	L	I	F	Y	W	H	M	C	P
0	0.01343	0.01054	0.01295	0.00969	0.01414	0.00926	0.04849	0.09870	0.09749	0.07960	0.01257	0.02518	0.00987	0.00505	0.00458	0.00114	0.00453	0.00422	0.00395	0.53462
1	0.02605	0.27756	0.19601	0.01260	0.05870	0.06000	0.01191	0.05790	0.03347	0.15993	0.01143	0.01206	0.00855	0.00550	0.00504	0.00150	0.03424	0.00400	0.00343	0.02013
2	0.01286	0.08267	0.04930	0.04834	0.01344	0.01082	0.00826	0.19652	0.04123	0.06133	0.03927	0.08638	0.01481	0.11153	0.14790	0.02848	0.00690	0.00621	0.00400	0.02977
3	0.01308	0.00757	0.01141	0.00940	0.01199	0.00683	0.08992	0.01556	0.01453	0.25121	0.37601	0.07023	0.06796	0.00942	0.00609	0.00174	0.00396	0.02096	0.00567	0.00648
4	0.00919	0.04553	0.01037	0.09705	0.05492	0.00781	0.00730	0.05751	0.03372	0.01898	0.36635	0.15207	0.09751	0.01045	0.00603	0.00175	0.00377	0.00916	0.00490	0.00563
5	0.06249	0.01253	0.01448	0.16671	0.01902	0.03865	0.01032	0.39221	0.01786	0.03681	0.01207	0.04731	0.00960	0.00732	0.00687	0.04184	0.06209	0.00509	0.01669	0.02003
6	0.01077	0.02777	0.78354	0.01530	0.02323	0.01247	0.01983	0.01700	0.01133	0.01700	0.00963	0.01133	0.00680	0.00510	0.00510	0.00170	0.00793	0.00397	0.00227	0.00793
7	0.00653	0.00471	0.00619	0.00737	0.00776	0.00437	0.00494	0.00749	0.01037	0.01374	0.03082	0.77016	0.07240	0.01666	0.00683	0.00216	0.00309	0.01506	0.00498	0.00437
8	0.00807	0.00798	0.07614	0.02599	0.04286	0.00663	0.00727	0.01123	0.09506	0.01519	0.03738	0.52409	0.06957	0.03746	0.00702	0.00213	0.00392	0.01206	0.00461	0.00533
9	0.00932	0.00466	0.00699	0.00699	0.00699	0.00466	0.00466	0.00699	0.00699	0.00932	0.00932	0.01632	0.00932	0.01865	0.02098	0.84382	0.00466	0.00466	0.00233	0.00233
10	0.01547	0.00810	0.01030	0.00885	0.01155	0.00773	0.00710	0.05944	0.08722	0.32135	0.23494	0.03037	0.04137	0.04145	0.00679	0.00192	0.00407	0.08896	0.00589	0.00713
11	0.00932	0.00466	0.00699	0.00699	0.00699	0.00466	0.00466	0.00699	0.00699	0.00932	0.00932	0.01632	0.00932	0.01865	0.02098	0.84382	0.00466	0.00466	0.00233	0.00233
12	0.01217	0.22011	0.48418	0.01474	0.05768	0.04596	0.04620	0.01681	0.01155	0.01588	0.02304	0.01134	0.00776	0.00506	0.00476	0.00155	0.00733	0.00392	0.00240	0.00755
13	0.02004	0.01380	0.01515	0.01177	0.01583	0.01499	0.00965	0.63631	0.02331	0.11608	0.01474	0.05769	0.01106	0.00704	0.00546	0.00165	0.00560	0.00548	0.00549	0.00886
14	0.00656	0.00478	0.00615	0.00720	0.00769	0.00441	0.00485	0.00756	0.01054	0.01388	0.04638	0.69400	0.11801	0.03160	0.00718	0.00219	0.00310	0.01457	0.00497	0.00437
15	0.01620	0.01471	0.07313	0.05318	0.08336	0.01456	0.13632	0.38974	0.09098	0.02576	0.01334	0.04043	0.01023	0.00626	0.00557	0.00170	0.00642	0.00548	0.00433	0.00830
16	0.05153	0.14165	0.03550	0.05530	0.07136	0.04888	0.00930	0.03590	0.12341	0.24816	0.09122	0.01751	0.01487	0.00725	0.02359	0.00176	0.00536	0.00520	0.00460	0.00763
17	0.10855	0.00804	0.00977	0.00824	0.01108	0.00770	0.00656	0.01878	0.08129	0.32781	0.29748	0.02637	0.04923	0.00831	0.00554	0.00169	0.00369	0.00694	0.00585	0.00708
18	0.01414	0.01192	0.01258	0.01108	0.01426	0.01372	0.00869	0.11007	0.68534	0.02372	0.02085	0.01923	0.01558	0.00719	0.00545	0.00180	0.00443	0.00593	0.00545	0.00857
19	0.01136	0.00695	0.00778	0.08809	0.01101	0.00748	0.00588	0.09685	0.05440	0.02104	0.01641	0.01863	0.01271	0.00624	0.00419	0.00138	0.00346	0.00502	0.61538	0.00575
20	0.01318	0.00665	0.00731	0.00652	0.00854	0.00664	0.00509	0.06408	0.04893	0.14783	0.01803	0.01926	0.01350	0.00638	0.00421	0.00137	0.00315	0.00511	0.60811	0.00613
21	0.10494	0.01084	0.01691	0.40555	0.28569	0.01230	0.01408	0.01570	0.05273	0.01666	0.01018	0.01365	0.00797	0.00523	0.00513	0.00171	0.00640	0.00464	0.00275	0.00695
22	0.02067	0.01351	0.01503	0.01164	0.01581	0.01452	0.00958	0.54767	0.07869	0.19357	0.01534	0.01458	0.01056	0.00655	0.00538	0.00164	0.00550	0.00505	0.00565	0.00908
23	0.00871	0.00531	0.00708	0.00773	0.00855	0.00492	0.00543	0.00989	0.01105	0.09962	0.05946	0.61103	0.03268	0.05160	0.00763	0.00226	0.00345	0.05355	0.00513	0.00490
24	0.00939	0.00589	0.00770	0.00701	0.00862	0.00536	0.00534	0.01182	0.01510	0.10598	0.66231	0.03812	0.07533	0.01060	0.00623	0.00169	0.00277	0.00929	0.00595	0.00550
25	0.00730	0.00553	0.00646	0.00620	0.00776	0.00487	0.00466	0.00928	0.01384	0.03107	0.43089	0.04505	0.38351	0.01211	0.00632	0.00175	0.00265	0.01038	0.00550	0.00489
26	0.00734	0.00544	0.00693	0.00676	0.00795	0.00512	0.00500	0.00939	0.01330	0.01832	0.48709	0.09282	0.15998	0.05321	0.09475	0.00268	0.00405	0.00982	0.00523	0.00481
27	0.00785	0.00599	0.00885	0.00875	0.00963	0.00707	0.00679	0.00966	0.00858	0.01240	0.01416	0.02125	0.01339	0.07006	0.72602	0.00822	0.04790	0.00579	0.00287	0.00478
28	0.20674	0.38111	0.08831	0.09744	0.01720	0.07031	0.04208	0.01625	0.01089	0.01601	0.00809	0.00983	0.00672	0.00488	0.00400	0.00143	0.00614	0.00337	0.00259	0.00660
29	0.48579	0.06198	0.04781	0.02264	0.01281	0.12603	0.00774	0.08256	0.01185	0.02183	0.00898	0.01030	0.00701	0.00528	0.00389	0.00156	0.00532	0.00340	0.06696	0.00627
30	0.01385	0.03097	0.01526	0.14623	0.16453	0.11779	0.02580	0.13598	0.01446	0.05449	0.02942	0.02060	0.15021	0.00791	0.02166	0.00181	0.03252	0.00591	0.00372	0.00690
31	0.01012	0.00602	0.00660	0.09377	0.01002	0.02431	0.00523	0.01272	0.01151	0.01923	0.05853	0.02025	0.01491	0.00640	0.00410	0.00134	0.00319	0.00520	0.68139	0.00514
32	0.00795	0.00565	0.00681	0.00687	0.01999	0.00503	0.00493	0.00966	0.01296	0.05932	0.29120	0.16009	0.33610	0.04040	0.00708	0.00193	0.00296	0.01082	0.00529	0.00496
33	0.00772	0.00515	0.00674	0.00759	0.00836	0.00481	0.00545	0.00907	0.01117	0.04710	0.06747	0.55896	0.08505	0.01520	0.00667	0.00211	0.00332	0.10449	0.03885	0.00471
34	0.01267	0.01448	0.03167	0.02262	0.02805	0.01357	0.75837	0.01719	0.01267	0.01719	0.01086	0.01448	0.00814	0.00452	0.00633	0.00181	0.00905	0.00633	0.00271	0.00724
35	0.01145	0.00668	0.00765	0.00680	0.00928	0.00581	0.00531	0.01359	0.04370	0.22195	0.06304	0.04107	0.52029	0.01140	0.00605	0.00177	0.00327	0.00947	0.00548	0.00595
36	0.84927	0.01038	0.00789	0.00706	0.01038	0.01204	0.00581	0.01578	0.00914	0.02408	0.00747	0.00872	0.00581	0.00498	0.00332	0.00166	0.00415	0.00291	0.00332	0.00581
37	0.00902	0.00579	0.00734	0.00721	0.00841	0.00547	0.00536	0.01065	0.01215	0.08146	0.26676	0.08278	0.11552	0.20371	0.04452	0.00297	0.00425	0.11684	0.00491	0.00485
38	0.05442	0.00853	0.01132	0.00894	0.01254	0.00755	0.00730	0.02285	0.01508	0.61371	0.15680	0.02183	0.01973	0.00736	0.00548	0.00167	0.00418	0.00608	0.00638	0.00827
39	0.02154	0.02348	0.01294	0.05335	0.01501	0.00863	0.00823	0.05485	0.01497	0.60875	0.01864	0.01686	0.01206	0.00623	0.00520	0.00156	0.00472	0.00505	0.00589	0.10201
40	0.09299	0.04347	0.30495	0.01657	0.17912	0.04441	0.01411	0.01888	0.01245	0.19056	0.02535	0.01342	0.00931	0.00548	0.00500	0.00163	0.00640	0.00441	0.00352	0.00797
41	0.01869	0.01468	0.04853	0.01441	0.10125	0.01524	0.01097	0.59164	0.02226	0.04812	0.01318	0.03404	0.00986	0.00647	0.00536	0.00162	0.00586	0.00508	0.02395	0.00879

[dist]
# distance from previous block
# <min> <max>
3	6

[block]
# block no. 4 follows, 45 sequences, length 39
# corresponding to MSA columns:
# 328-366
name=unknown_E
#
# <colnr> <probs for GDERKNQSTAVLIFYWHMCP>
#	G	D	E	R	K	N	Q	S	T	A	V	L	I	F	Y	W	H	M	C	P
0	0.03367	0.00987	0.01241	0.00946	0.01368	0.00881	0.00775	0.10223	0.03056	0.49986	0.02911	0.01639	0.01222	0.00611	0.00508	0.00148	0.00454	0.00491	0.00568	0.18618
1	0.00915	0.00791	0.08457	0.00810	0.01011	0.00596	0.00692	0.01156	0.01331	0.08507	0.36738	0.18029	0.09260	0.02954	0.00678	0.00193	0.00361	0.06447	0.00524	0.00549
2	0.10302	0.02533	0.07773	0.03149	0.01268	0.03203	0.00785	0.06254	0.05740	0.14825	0.10744	0.05416	0.16074	0.03834	0.00625	0.00183	0.00452	0.02704	0.00468	0.03670
3	0.00822	0.09271	0.00928	0.00690	0.00857	0.00676	0.00542	0.01056	0.01447	0.01995	0.62910	0.03772	0.10950	0.01052	0.00602	0.00164	0.00289	0.00911	0.00544	0.00521
4	0.01582	0.61311	0.04678	0.01032	0.02967	0.09332	0.00961	0.01771	0.01184	0.09580	0.00914	0.00993	0.00761	0.00492	0.00387	0.00125	0.00607	0.00327	0.00282	0.00713
5	0.10803	0.00930	0.01114	0.00911	0.01255	0.00907	0.00734	0.04322	0.14611	0.40015	0.13611	0.02052	0.01850	0.00714	0.00528	0.00166	0.00417	0.00582	0.00580	0.03897
6	0.04166	0.13909	0.01838	0.01251	0.01625	0.10606	0.08467	0.24725	0.05085	0.12728	0.02626	0.01336	0.00982	0.00622	0.00614	0.00162	0.07598	0.00467	0.00419	0.00777
7	0.04438	0.01402	0.11432	0.05566	0.54679	0.01214	0.01552	0.01746	0.01228	0.09994	0.01112	0.01345	0.00866	0.00505	0.00523	0.00162	0.00632	0.00468	0.00305	0.00831
8	0.00700	0.00494	0.00647	0.00746	0.00786	0.00471	0.00512	0.00801	0.01031	0.01374	0.05462	0.58288	0.03315	0.13620	0.00998	0.00265	0.00361	0.09226	0.00475	0.00428
9	0.00860	0.00688	0.00912	0.01073	0.09237	0.00670	0.00761	0.01164	0.06433	0.01677	0.12400	0.09042	0.23066	0.01254	0.00660	0.00204	0.00405	0.28462	0.00486	0.00544
10	0.01234	0.01426	0.10115	0.08805	0.08576	0.01255	0.40803	0.07057	0.02838	0.01868	0.09331	0.01681	0.01277	0.00557	0.00595	0.00175	0.00753	0.00608	0.00323	0.00723
11	0.81778	0.01056	0.00820	0.00726	0.01062	0.01222	0.00598	0.04405	0.00975	0.02445	0.00768	0.00888	0.00594	0.00504	0.00340	0.00166	0.00422	0.00298	0.00340	0.00594
12	0.01743	0.01427	0.04415	0.01600	0.16509	0.01465	0.01132	0.49352	0.04405	0.02801	0.01276	0.03586	0.00983	0.00623	0.00530	0.00158	0.00581	0.00502	0.00457	0.06455
13	0.00667	0.00497	0.00622	0.00692	0.00771	0.00451	0.00480	0.00796	0.01150	0.01516	0.15786	0.52084	0.19491	0.01517	0.00666	0.00202	0.00293	0.01351	0.00514	0.00451
14	0.00916	0.00644	0.00867	0.00833	0.00964	0.00727	0.00651	0.07586	0.01065	0.01575	0.03161	0.02062	0.01392	0.03119	0.57780	0.00668	0.01147	0.00564	0.13760	0.00521
15	0.01244	0.01467	0.12824	0.17574	0.15345	0.03486	0.22428	0.08106	0.02558	0.01772	0.01277	0.04898	0.03362	0.00588	0.00568	0.00174	0.00727	0.00575	0.00303	0.00724
16	0.44121	0.01331	0.09408	0.00957	0.01371	0.02674	0.00865	0.17234	0.01381	0.14454	0.01101	0.01139	0.00781	0.00557	0.00429	0.00165	0.00509	0.00382	0.00415	0.00726
17	0.01020	0.00594	0.00759	0.00694	0.00862	0.00542	0.00529	0.01252	0.01441	0.13416	0.50627	0.07008	0.08137	0.01023	0.00594	0.00167	0.00287	0.00890	0.09597	0.00560
18	0.00885	0.00671	0.00978	0.01130	0.08363	0.00645	0.03481	0.01088	0.01183	0.03738	0.02921	0.23534	0.12372	0.02926	0.00723	0.00224	0.00449	0.33697	0.00468	0.00526
19	0.02999	0.04369	0.12620	0.13574	0.51218	0.02726	0.01612	0.01622	0.01183	0.01680	0.00977	0.01283	0.00794	0.00492	0.00517	0.00162	0.00669	0.00454	0.00257	0.00791
20	0.02008	0.10072	0.01709	0.01176	0.01608	0.01637	0.00989	0.61543	0.02283	0.09710	0.01303	0.01290	0.00925	0.00626	0.00516	0.00157	0.00577	0.00467	0.00515	0.00889
21	0.49088	0.01149	0.03514	0.04469	0.21102	0.01197	0.03110	0.01674	0.01063	0.07863	0.00942	0.01107	0.00722	0.00506	0.00421	0.00165	0.00512	0.00378	0.00332	0.00687
22	0.01714	0.01101	0.01630	0.13108	0.27126	0.01113	0.01193	0.12090	0.01490	0.27651	0.03745	0.03165	0.01181	0.00615	0.00542	0.00166	0.00564	0.00535	0.00448	0.00825
23	0.01450	0.01407	0.02831	0.02037	0.02557	0.01341	0.61191	0.09806	0.01426	0.08601	0.01198	0.01464	0.00870	0.00492	0.00615	0.00178	0.00832	0.00609	0.00335	0.00761
24	0.01975	0.01756	0.01587	0.05602	0.01775	0.22348	0.01051	0.52107	0.02175	0.02718	0.01147	0.01211	0.00843	0.00614	0.00523	0.00156	0.00699	0.00446	0.00451	0.00818
25	0.00767	0.00575	0.00863	0.00863	0.00959	0.00671	0.00671	0.00959	0.00863	0.01246	0.01438	0.02109	0.01342	0.04026	0.79008	0.00863	0.01438	0.00575	0.00288	0.00479
26	0.00670	0.00475	0.00625	0.00739	0.00769	0.00447	0.00491	0.00759	0.01011	0.01347	0.02845	0.72333	0.03400	0.08643	0.00866	0.00245	0.00334	0.03090	0.00483	0.00428
27	0.02408	0.00914	0.01246	0.00955	0.01370	0.00789	0.00789	0.02616	0.01536	0.78158	0.02118	0.01827	0.01329	0.00664	0.00540	0.00166	0.00457	0.00540	0.00664	0.00914
28	0.02005	0.02558	0.01521	0.01383	0.01659	0.78980	0.01037	0.02143	0.01521	0.01314	0.00830	0.00968	0.00691	0.00553	0.00484	0.00138	0.00968	0.00346	0.00277	0.00622
29	0.00654	0.00467	0.00623	0.00747	0.00779	0.00436	0.00498	0.00747	0.01028	0.01370	0.02959	0.80785	0.03550	0.01682	0.00685	0.00218	0.00311	0.01526	0.00498	0.00436
30	0.02067	0.01226	0.01417	0.01101	0.01499	0.01275	0.00904	0.44944	0.02084	0.29032	0.04364	0.03432	0.01275	0.00751	0.01910	0.00177	0.00541	0.00546	0.00578	0.00880
31	0.00669	0.00483	0.00638	0.00749	0.00794	0.00445	0.00503	0.00767	0.01030	0.01382	0.02895	0.78248	0.03463	0.01641	0.00676	0.00214	0.00314	0.01488	0.00493	0.03110
32	0.00770	0.00564	0.00808	0.00808	0.00886	0.00642	0.00603	0.00924	0.00847	0.01206	0.01487	0.02383	0.01461	0.19100	0.64097	0.00796	0.01258	0.00615	0.00295	0.00449
33	0.01113	0.00954	0.01113	0.00795	0.01272	0.00716	0.00636	0.01352	0.01113	0.01749	0.00954	0.01113	0.00795	0.00398	0.00398	0.00080	0.00398	0.00318	0.00318	0.84417
34	0.80098	0.01031	0.00816	0.00720	0.01058	0.01180	0.00593	0.01639	0.00950	0.06841	0.00828	0.00928	0.00625	0.00508	0.00344	0.00166	0.00418	0.00305	0.00352	0.00601
35	0.01101	0.01043	0.01768	0.58566	0.24292	0.01216	0.01534	0.01448	0.01115	0.01478	0.00970	0.01403	0.00753	0.00520	0.00535	0.00173	0.00694	0.00477	0.00246	0.00667
36	0.01618	0.01191	0.01303	0.01050	0.01359	0.01303	0.00832	0.49376	0.05853	0.02738	0.09621	0.02005	0.01580	0.13705	0.03806	0.00246	0.00566	0.00593	0.00500	0.00756
37	0.01100	0.05625	0.71760	0.01544	0.02313	0.01285	0.05671	0.01698	0.01138	0.01685	0.00961	0.01139	0.00687	0.00505	0.00510	0.00169	0.00791	0.00405	0.00229	0.00786
38	0.00679	0.00478	0.00616	0.00716	0.00741	0.00453	0.00464	0.00754	0.00979	0.01306	0.02711	0.65679	0.03238	0.17214	0.01085	0.00277	0.00352	0.01380	0.00464	0.00414

[dist]
# distance from previous block
# <min> <max>
0	6

[block]
# block no. 5 follows, 45 sequences, length 8
# corresponding to MSA columns:
# 373-380
name=unknown_F
#
# <colnr> <probs for GDERKNQSTAVLIFYWHMCP>
#	G	D	E	R	K	N	Q	S	T	A	V	L	I	F	Y	W	H	M	C	P
0	0.05965	0.01067	0.01227	0.00975	0.04692	0.00929	0.00743	0.14097	0.01347	0.02065	0.01002	0.01139	0.00806	0.00449	0.00424	0.00102	0.00442	0.00352	0.00354	0.61825
1	0.00779	0.00528	0.00625	0.00625	0.00638	0.00542	0.00374	0.00806	0.00792	0.01070	0.01655	0.03313	0.01865	0.70182	0.13567	0.00569	0.00651	0.00751	0.00320	0.00347
2	0.00691	0.00492	0.00655	0.00772	0.00815	0.00467	0.00540	0.00801	0.01043	0.01385	0.02869	0.65706	0.03392	0.06243	0.00811	0.00240	0.00349	0.11802	0.00488	0.00438
3	0.01113	0.00954	0.01113	0.00795	0.01272	0.00716	0.00636	0.01352	0.01113	0.01749	0.00954	0.01113	0.00795	0.00398	0.00398	0.00080	0.00398	0.00318	0.00318	0.84417
4	0.01694	0.12680	0.05890	0.03124	0.03485	0.01356	0.00968	0.30730	0.04627	0.14099	0.01500	0.05488	0.03025	0.00659	0.00506	0.00153	0.00537	0.00518	0.00458	0.08501
5	0.01913	0.02410	0.01472	0.01344	0.01607	0.73140	0.01010	0.02055	0.01472	0.01309	0.00875	0.01053	0.00740	0.00812	0.06340	0.00192	0.01003	0.00363	0.00277	0.00612
6	0.01335	0.01153	0.01214	0.01092	0.01396	0.01335	0.00850	0.02852	0.76817	0.02245	0.02185	0.02003	0.01639	0.00728	0.00546	0.00182	0.00425	0.00607	0.00546	0.00850
7	0.01267	0.01448	0.03167	0.02262	0.02805	0.01357	0.75837	0.01719	0.01267	0.01719	0.01086	0.01448	0.00814	0.00452	0.00633	0.00181	0.00905	0.00633	0.00271	0.00724

[dist]
# distance from previous block
# <min> <max>
0	3

[block]
# block no. 6 follows, 45 sequences, length 45
# corresponding to MSA columns:
# 384-428
name=unknown_G
#
# <colnr> <probs for GDERKNQSTAVLIFYWHMCP>
#	G	D	E	R	K	N	Q	S	T	A	V	L	I	F	Y	W	H	M	C	P
0	0.08847	0.00977	0.01243	0.00961	0.01371	0.00901	0.00794	0.09204	0.01577	0.65421	0.01935	0.01703	0.01232	0.00650	0.00523	0.00166	0.00466	0.00515	0.00627	0.00887
1	0.00828	0.00550	0.00725	0.00708	0.00829	0.00506	0.00521	0.01042	0.01407	0.06262	0.56053	0.21597	0.04505	0.01208	0.00640	0.00180	0.00278	0.01075	0.00574	0.00513
2	0.00646	0.00540	0.00562	0.00565	0.00734	0.00457	0.00421	0.00790	0.01239	0.01505	0.11374	0.08835	0.67786	0.01353	0.00637	0.00182	0.00272	0.01139	0.00506	0.00457
3	0.00671	0.00480	0.00638	0.00736	0.00782	0.00447	0.00500	0.00791	0.01108	0.01497	0.15073	0.68308	0.03796	0.01587	0.00677	0.00210	0.00302	0.01436	0.00513	0.00447
4	0.01224	0.01372	0.02961	0.02129	0.02637	0.01286	0.69503	0.01660	0.01288	0.01756	0.07511	0.01663	0.01172	0.00507	0.00633	0.00180	0.00850	0.00662	0.00298	0.00706
5	0.01113	0.00954	0.01113	0.00795	0.01272	0.00716	0.00636	0.01352	0.01113	0.01749	0.00954	0.01113	0.00795	0.00398	0.00398	0.00080	0.00398	0.00318	0.00318	0.84417
6	0.00662	0.00486	0.00621	0.00711	0.00773	0.00446	0.00486	0.00778	0.01105	0.01461	0.10877	0.62324	0.14145	0.01577	0.00673	0.00208	0.00300	0.01414	0.00508	0.00446
7	0.83095	0.01035	0.00799	0.00711	0.01045	0.01195	0.00586	0.01601	0.00927	0.04090	0.00778	0.00893	0.00598	0.00502	0.00337	0.00166	0.00416	0.00296	0.00340	0.00589
8	0.01421	0.69873	0.07017	0.01122	0.06510	0.03779	0.01030	0.01628	0.01112	0.01321	0.00778	0.00910	0.00699	0.00466	0.00369	0.00121	0.00600	0.00307	0.00233	0.00704
9	0.01360	0.15278	0.08169	0.05666	0.48363	0.04714	0.01477	0.03395	0.03540	0.01683	0.00993	0.01241	0.00822	0.00494	0.00496	0.00153	0.00648	0.00437	0.00271	0.00799
10	0.84927	0.01038	0.00789	0.00706	0.01038	0.01204	0.00581	0.01578	0.00914	0.02408	0.00747	0.00872	0.00581	0.00498	0.00332	0.00166	0.00415	0.00291	0.00332	0.00581
11	0.00677	0.00545	0.00607	0.00620	0.00776	0.00475	0.00471	0.00839	0.01259	0.01576	0.17232	0.10977	0.53075	0.01351	0.00647	0.00188	0.00291	0.07415	0.00514	0.00464
12	0.01802	0.00790	0.01069	0.00927	0.01224	0.00709	0.00757	0.02024	0.02755	0.49317	0.02455	0.13403	0.03763	0.00983	0.00602	0.00190	0.00440	0.15435	0.00602	0.00753
13	0.00677	0.00539	0.00606	0.00603	0.00754	0.00469	0.00447	0.00847	0.01304	0.01672	0.28678	0.10721	0.48187	0.01300	0.00638	0.00180	0.00269	0.01111	0.00529	0.00469
14	0.00834	0.00560	0.00643	0.00628	0.00791	0.00492	0.00468	0.01004	0.01276	0.07651	0.19882	0.14622	0.39726	0.01231	0.00612	0.00178	0.00286	0.01052	0.07562	0.00502
15	0.74345	0.01022	0.00848	0.00738	0.01081	0.01151	0.00608	0.01711	0.00993	0.12122	0.00923	0.00994	0.00677	0.00520	0.00359	0.00166	0.00421	0.00323	0.00375	0.00624
16	0.62596	0.01136	0.00979	0.00837	0.01185	0.01302	0.00686	0.15842	0.07173	0.02581	0.00963	0.01040	0.00727	0.00544	0.00388	0.00166	0.00449	0.00352	0.00388	0.00665
17	0.08539	0.63090	0.02453	0.00969	0.01391	0.13353	0.00908	0.01684	0.01139	0.01367	0.00759	0.00878	0.00680	0.00476	0.00364	0.00123	0.00619	0.00296	0.00245	0.00670
18	0.01305	0.01135	0.01249	0.01215	0.06439	0.01294	0.00884	0.02684	0.68589	0.02179	0.02245	0.02092	0.04810	0.00738	0.00549	0.00181	0.00432	0.00621	0.00526	0.00833
19	0.00703	0.00616	0.00789	0.00715	0.00912	0.00534	0.06767	0.00877	0.01250	0.01549	0.13245	0.08988	0.58574	0.01271	0.00637	0.00182	0.00325	0.01094	0.00490	0.00481
20	0.01014	0.00954	0.01610	0.79845	0.03697	0.01193	0.01491	0.01371	0.01073	0.01371	0.00954	0.01431	0.00716	0.00537	0.00537	0.00179	0.00716	0.00477	0.00239	0.00596
21	0.84927	0.01038	0.00789	0.00706	0.01038	0.01204	0.00581	0.01578	0.00914	0.02408	0.00747	0.00872	0.00581	0.00498	0.00332	0.00166	0.00415	0.00291	0.00332	0.00581
22	0.00780	0.00522	0.00595	0.00595	0.00599	0.00526	0.00338	0.00787	0.00784	0.01048	0.01682	0.03462	0.01930	0.78372	0.05465	0.00533	0.00553	0.00773	0.00324	0.00331
23	0.06020	0.01105	0.01158	0.01040	0.01334	0.01269	0.00811	0.03951	0.65292	0.02268	0.07995	0.02083	0.01835	0.00743	0.00541	0.00180	0.00414	0.00615	0.00537	0.00809
24	0.01570	0.01352	0.01334	0.07701	0.01627	0.14176	0.00905	0.17853	0.17493	0.07679	0.06431	0.01585	0.01296	0.00624	0.00511	0.00149	0.00562	0.00492	0.00443	0.16218
25	0.01731	0.08099	0.01475	0.01203	0.07363	0.05618	0.00898	0.29727	0.01751	0.17687	0.01845	0.09110	0.07063	0.03226	0.00606	0.00175	0.00535	0.00625	0.00487	0.00775
26	0.01473	0.76220	0.02727	0.00949	0.01396	0.07226	0.00926	0.01643	0.01119	0.01266	0.00752	0.00868	0.00689	0.00465	0.00354	0.00116	0.00600	0.00291	0.00233	0.00684
27	0.01267	0.01448	0.03167	0.02262	0.02805	0.01357	0.75837	0.01719	0.01267	0.01719	0.01086	0.01448	0.00814	0.00452	0.00633	0.00181	0.00905	0.00633	0.00271	0.00724
28	0.06961	0.00979	0.01244	0.00967	0.01370	0.00911	0.00796	0.09697	0.04108	0.62565	0.03437	0.01769	0.01329	0.00664	0.00530	0.00166	0.00462	0.00531	0.00628	0.00885
29	0.00932	0.00466	0.00699	0.00699	0.00699	0.00466	0.00466	0.00699	0.00699	0.00932	0.00932	0.01632	0.00932	0.01865	0.02098	0.84382	0.00466	0.00466	0.00233	0.00233
30	0.00648	0.00537	0.00553	0.00561	0.00717	0.00458	0.00407	0.00770	0.01173	0.01410	0.04958	0.10047	0.66297	0.08089	0.00814	0.00212	0.00295	0.01129	0.00484	0.00441
31	0.07216	0.01200	0.01279	0.01063	0.01413	0.03633	0.00852	0.22007	0.30677	0.17534	0.06049	0.01786	0.01480	0.00694	0.00531	0.00170	0.00481	0.00553	0.00547	0.00835
32	0.01015	0.00678	0.00833	0.00842	0.00980	0.00696	0.00632	0.05402	0.10873	0.07055	0.02401	0.33391	0.02498	0.06810	0.06186	0.00268	0.00463	0.10896	0.07522	0.00558
33	0.00651	0.00529	0.00575	0.00606	0.00748	0.00457	0.00442	0.00781	0.01179	0.01445	0.06302	0.21693	0.56088	0.02938	0.00688	0.00197	0.00292	0.03442	0.00497	0.00449
34	0.49363	0.00984	0.00986	0.00813	0.01181	0.01025	0.00671	0.02025	0.01182	0.35055	0.01338	0.01284	0.00903	0.00570	0.00422	0.00166	0.00433	0.00398	0.00475	0.00725
35	0.01143	0.17376	0.64337	0.01417	0.02148	0.01409	0.01786	0.01683	0.01125	0.01619	0.00923	0.01083	0.00682	0.00501	0.00479	0.00160	0.00753	0.00376	0.00227	0.00774
36	0.01329	0.01275	0.02179	0.03295	0.77787	0.01275	0.01647	0.01647	0.01222	0.01754	0.01010	0.01329	0.00850	0.00478	0.00531	0.00159	0.00638	0.00478	0.00266	0.00850
37	0.00669	0.00479	0.00636	0.00737	0.00782	0.00446	0.00499	0.00784	0.01096	0.01479	0.13358	0.70075	0.03762	0.01600	0.00678	0.00211	0.00303	0.01449	0.00511	0.00446
38	0.03580	0.79392	0.02761	0.00913	0.01369	0.02100	0.00910	0.01607	0.01086	0.01292	0.00746	0.00861	0.00686	0.00460	0.00344	0.00116	0.00570	0.00287	0.00232	0.00686
39	0.02044	0.00986	0.01235	0.00981	0.01353	0.00948	0.00798	0.12475	0.11322	0.50102	0.10079	0.02010	0.01712	0.00716	0.00550	0.00168	0.00449	0.00587	0.00624	0.00862
40	0.01466	0.01161	0.01245	0.01093	0.01414	0.01319	0.00858	0.08183	0.65845	0.07915	0.02114	0.01938	0.01563	0.00717	0.00545	0.00179	0.00439	0.00593	0.00554	0.00859
41	0.00662	0.00472	0.00619	0.00732	0.00765	0.00442	0.00485	0.00750	0.01016	0.01350	0.02928	0.74016	0.05048	0.06950	0.00820	0.00237	0.00324	0.01468	0.00487	0.00429
42	0.08781	0.01233	0.01579	0.01219	0.01630	0.01277	0.10484	0.30685	0.08878	0.24514	0.01577	0.03215	0.01118	0.00644	0.00537	0.00169	0.00556	0.00537	0.00523	0.00845
