[name]
unknown

[dist]
# distance from previous block
# <min> <max>
0	90

[block]
# block no. 0 follows, 45 sequences, length 13
# corresponding to MSA columns:
# 92-104
name=unknown_A
#
# <colnr> <probs for GDERKNQSTAVLIFYWHMCP>
#	G	D	E	R	K	N	Q	S	T	A	V	L	I	F	Y	W	H	M	C	P
0	0.00839	0.00581	0.00670	0.00659	0.00811	0.00525	0.00487	0.01013	0.02981	0.07363	0.13435	0.11876	0.38201	0.12332	0.00927	0.00233	0.00340	0.05740	0.00500	0.00488
1	0.00774	0.00534	0.00701	0.02778	0.00808	0.00557	0.00488	0.00839	0.00873	0.01192	0.04985	0.15346	0.02079	0.37770	0.21075	0.06937	0.00704	0.00825	0.00346	0.00389
2	0.01131	0.01055	0.01753	0.57660	0.22293	0.01231	0.01513	0.04189	0.01164	0.01542	0.00980	0.01400	0.00757	0.00526	0.00535	0.00173	0.00691	0.00478	0.00256	0.00672
3	0.01620	0.01313	0.01447	0.01321	0.07693	0.04719	0.00972	0.37842	0.18444	0.02549	0.01560	0.07600	0.01295	0.04327	0.00707	0.00189	0.04528	0.00596	0.00478	0.00803
4	0.00682	0.00494	0.00627	0.00704	0.00763	0.00465	0.00479	0.00768	0.01016	0.01329	0.03099	0.51210	0.16572	0.08298	0.06888	0.04037	0.00414	0.01274	0.00456	0.00424
5	0.04854	0.01192	0.01466	0.18027	0.16385	0.10959	0.04558	0.08268	0.04059	0.01718	0.01874	0.08424	0.12557	0.02614	0.00602	0.00179	0.00603	0.00656	0.00355	0.00651
6	0.01487	0.01223	0.03220	0.06071	0.19276	0.03014	0.01078	0.16561	0.14638	0.08607	0.01444	0.05412	0.01152	0.00624	0.00521	0.00155	0.00537	0.00529	0.00420	0.14031
7	0.00959	0.00643	0.00814	0.04168	0.01041	0.00630	0.00611	0.08990	0.01250	0.07864	0.02865	0.55123	0.10126	0.01408	0.00646	0.00202	0.00367	0.01251	0.00505	0.00535
8	0.01064	0.00780	0.00828	0.00767	0.00963	0.03271	0.00572	0.10593	0.05590	0.08046	0.04945	0.17439	0.32765	0.08916	0.00816	0.00215	0.00390	0.00979	0.00498	0.00563
9	0.01237	0.01168	0.08349	0.28684	0.03725	0.01139	0.08078	0.09490	0.06569	0.07540	0.05225	0.10669	0.01397	0.00734	0.00610	0.00181	0.03504	0.00643	0.00374	0.00682
10	0.01543	0.01377	0.01465	0.18774	0.13684	0.20600	0.01104	0.06090	0.03005	0.13530	0.01690	0.04632	0.08826	0.00688	0.00539	0.00164	0.00653	0.00562	0.00379	0.00695
11	0.01735	0.08074	0.01584	0.02810	0.01577	0.18483	0.02374	0.24651	0.06005	0.07944	0.01174	0.01255	0.00893	0.00598	0.00575	0.00149	0.06115	0.00429	0.02101	0.11472
12	0.01611	0.01469	0.01499	0.05603	0.07480	0.20787	0.02821	0.08964	0.06354	0.11020	0.01203	0.02883	0.00953	0.00635	0.00679	0.00159	0.11725	0.00464	0.01829	0.11862

[dist]
# distance from previous block
# <min> <max>
15	64

[block]
# block no. 1 follows, 45 sequences, length 15
# corresponding to MSA columns:
# 190-204
name=unknown_B
#
# <colnr> <probs for GDERKNQSTAVLIFYWHMCP>
#	G	D	E	R	K	N	Q	S	T	A	V	L	I	F	Y	W	H	M	C	P
0	0.11074	0.01134	0.01356	0.07497	0.01623	0.01127	0.04092	0.22373	0.02616	0.07643	0.02584	0.01294	0.00928	0.00536	0.00486	0.00136	0.01596	0.00422	0.00404	0.31078
1	0.23177	0.01071	0.01149	0.05269	0.10575	0.06617	0.00827	0.09934	0.02574	0.04402	0.01399	0.14138	0.01359	0.10648	0.00807	0.00216	0.02880	0.00626	0.00376	0.01956
2	0.07385	0.01065	0.01279	0.15418	0.01707	0.05546	0.02593	0.09995	0.10451	0.11343	0.01324	0.01679	0.01070	0.09124	0.01004	0.08896	0.06770	0.00511	0.00382	0.02459
3	0.39409	0.01195	0.01033	0.00905	0.01185	0.10630	0.00723	0.01707	0.09723	0.02023	0.01029	0.01174	0.00823	0.00583	0.00551	0.00160	0.09674	0.00376	0.07838	0.09258
4	0.01103	0.00903	0.01113	0.09844	0.01474	0.00750	0.00703	0.01326	0.01083	0.03945	0.01075	0.01448	0.00936	0.09744	0.00687	0.00144	0.00450	0.00396	0.00320	0.62556
5	0.00682	0.00479	0.00614	0.00711	0.00735	0.00455	0.00459	0.00755	0.00972	0.01296	0.02674	0.63402	0.03191	0.19555	0.01146	0.00286	0.00358	0.01358	0.00459	0.00411
6	0.01126	0.00790	0.00898	0.00781	0.00933	0.00802	0.00545	0.18675	0.01229	0.01670	0.01484	0.05636	0.01533	0.41414	0.01815	0.09997	0.00510	0.00656	0.00371	0.09133
7	0.00981	0.00610	0.00769	0.00743	0.00911	0.00537	0.00541	0.01145	0.01162	0.10394	0.10087	0.41796	0.02754	0.01175	0.00581	0.00174	0.00329	0.01041	0.10152	0.14120
8	0.01781	0.01306	0.01419	0.01128	0.01494	0.01435	0.00914	0.53353	0.12652	0.05356	0.09314	0.01758	0.01489	0.03333	0.00620	0.00177	0.00526	0.00562	0.00541	0.00843
9	0.01751	0.01172	0.01484	0.03536	0.01590	0.03697	0.08588	0.31122	0.01774	0.20576	0.01693	0.12478	0.01400	0.03572	0.01712	0.00193	0.00573	0.00663	0.01649	0.00777
10	0.01435	0.01104	0.01316	0.10053	0.01667	0.01038	0.00850	0.22092	0.01524	0.06656	0.01115	0.01240	0.00850	0.00498	0.00461	0.00119	0.00491	0.00395	0.00390	0.46707
11	0.01361	0.01039	0.01245	0.00933	0.01343	0.00939	0.00758	0.10094	0.01286	0.09767	0.01084	0.01214	0.00853	0.00516	0.00585	0.00116	0.09575	0.00377	0.00369	0.56546
12	0.00905	0.00469	0.00672	0.00687	0.00702	0.00466	0.00462	0.00755	0.00777	0.01081	0.01252	0.11306	0.01291	0.01732	0.01772	0.66588	0.00428	0.00598	0.07775	0.00282
13	0.01230	0.01132	0.01703	0.02143	0.37393	0.01188	0.02563	0.01695	0.12882	0.01755	0.01367	0.01952	0.01213	0.00683	0.00695	0.00174	0.10250	0.09222	0.00339	0.10422
14	0.00735	0.00548	0.00721	0.00758	0.00862	0.00505	0.00536	0.00876	0.01076	0.01493	0.11147	0.53191	0.03136	0.01727	0.09628	0.00269	0.00444	0.01206	0.00463	0.10678

[dist]
# distance from previous block
# <min> <max>
0	1

[block]
# block no. 2 follows, 45 sequences, length 8
# corresponding to MSA columns:
# 206-213
name=unknown_C
#
# <colnr> <probs for GDERKNQSTAVLIFYWHMCP>
#	G	D	E	R	K	N	Q	S	T	A	V	L	I	F	Y	W	H	M	C	P
0	0.01333	0.01220	0.02439	0.05398	0.02324	0.01197	0.47952	0.01694	0.01213	0.11730	0.01243	0.01572	0.00944	0.01002	0.11414	0.00275	0.05431	0.00597	0.00322	0.00702
1	0.01755	0.01299	0.01416	0.01104	0.01480	0.01399	0.00898	0.57824	0.02225	0.03016	0.11718	0.01732	0.01512	0.03672	0.00622	0.00170	0.00529	0.00550	0.00522	0.06560
2	0.02278	0.01148	0.01280	0.01022	0.01410	0.11176	0.00826	0.02570	0.06927	0.62551	0.01952	0.01726	0.01267	0.00654	0.00533	0.00164	0.00522	0.00519	0.00605	0.00870
3	0.01263	0.01104	0.01117	0.01020	0.01270	0.06687	0.00781	0.07286	0.45989	0.02128	0.12443	0.12580	0.02243	0.00887	0.00571	0.00180	0.00437	0.00751	0.00526	0.00736
4	0.01202	0.01007	0.01161	0.00837	0.01310	0.00806	0.00673	0.08497	0.01248	0.01906	0.00986	0.01130	0.00806	0.00421	0.00411	0.00087	0.00416	0.00334	0.00339	0.76423
5	0.12299	0.00687	0.00985	0.00929	0.01068	0.00680	0.10469	0.01005	0.01019	0.01524	0.02243	0.47170	0.02563	0.11492	0.00893	0.00245	0.00437	0.03388	0.00423	0.00482
6	0.01028	0.00887	0.01194	0.01296	0.11592	0.02927	0.00878	0.01409	0.13363	0.01468	0.01444	0.05404	0.01333	0.06681	0.31451	0.04008	0.12122	0.00596	0.00329	0.00589
7	0.06588	0.00751	0.00988	0.01122	0.11108	0.00751	0.02407	0.01286	0.09741	0.05383	0.03908	0.28831	0.12525	0.07357	0.00832	0.04045	0.00412	0.00960	0.00441	0.00564

[dist]
# distance from previous block
# <min> <max>
31	74

[block]
# block no. 3 follows, 45 sequences, length 122
# corresponding to MSA columns:
# 335-370,382-397,415-484
name=unknown_D
#
# <colnr> <probs for GDERKNQSTAVLIFYWHMCP>
#	G	D	E	R	K	N	Q	S	T	A	V	L	I	F	Y	W	H	M	C	P
0	0.16778	0.01396	0.12708	0.04491	0.08052	0.05256	0.08630	0.08255	0.03015	0.10157	0.10219	0.01653	0.02656	0.00626	0.00537	0.00167	0.02168	0.00517	0.00388	0.02329
1	0.09651	0.02705	0.13576	0.02733	0.01372	0.05688	0.00901	0.07022	0.04364	0.12721	0.04852	0.12802	0.07096	0.00908	0.00660	0.07104	0.00511	0.00655	0.00416	0.04262
2	0.14299	0.07342	0.05969	0.11527	0.01661	0.07558	0.00964	0.14592	0.01420	0.08216	0.10970	0.04638	0.01452	0.00755	0.01994	0.00180	0.04860	0.00530	0.00398	0.00676
3	0.27168	0.06233	0.07476	0.04295	0.04267	0.01119	0.00844	0.04584	0.08753	0.03427	0.16548	0.01820	0.03196	0.00672	0.00502	0.00162	0.02355	0.00518	0.00398	0.05663
4	0.34110	0.02695	0.11820	0.02535	0.02696	0.02740	0.00871	0.06814	0.04309	0.05114	0.05764	0.01370	0.01048	0.00762	0.00690	0.11564	0.02277	0.00424	0.01782	0.00614
5	0.13006	0.00714	0.00798	0.00772	0.00944	0.00733	0.00582	0.05175	0.07454	0.04797	0.16959	0.21903	0.11288	0.04419	0.03058	0.02096	0.00393	0.03879	0.00485	0.00545
6	0.11488	0.06611	0.04421	0.09280	0.13041	0.01070	0.00940	0.09530	0.01287	0.01891	0.13909	0.08694	0.04502	0.05555	0.00719	0.01870	0.02240	0.01943	0.00384	0.00624
7	0.01246	0.31584	0.35258	0.01489	0.10277	0.01609	0.01482	0.01624	0.01100	0.01509	0.00866	0.01058	0.00704	0.00525	0.00560	0.00154	0.07608	0.00372	0.00233	0.00743
8	0.12133	0.06362	0.11982	0.11903	0.06540	0.01475	0.01182	0.34040	0.05237	0.02480	0.01123	0.01244	0.00829	0.00576	0.00496	0.00163	0.00607	0.00440	0.00394	0.00792
9	0.00905	0.00553	0.00662	0.00642	0.00696	0.00539	0.00404	0.00947	0.00914	0.07488	0.05927	0.07361	0.05145	0.57299	0.05364	0.03056	0.00516	0.00806	0.00379	0.00398
10	0.00719	0.00513	0.00662	0.00699	0.00768	0.00484	0.00485	0.00866	0.01188	0.01630	0.31716	0.35536	0.05333	0.12911	0.02443	0.00254	0.00343	0.02497	0.00505	0.00450
11	0.02005	0.02558	0.01521	0.01383	0.01659	0.78980	0.01037	0.02143	0.01521	0.01314	0.00830	0.00968	0.00691	0.00553	0.00484	0.00138	0.00968	0.00346	0.00277	0.00622
12	0.00829	0.00522	0.00698	0.00754	0.00833	0.00479	0.00522	0.00924	0.01086	0.07136	0.09227	0.59723	0.03235	0.01530	0.00769	0.06638	0.00332	0.01287	0.00493	0.02981
13	0.01113	0.00954	0.01113	0.00795	0.01272	0.00716	0.00636	0.01352	0.01113	0.01749	0.00954	0.01113	0.00795	0.00398	0.00398	0.00080	0.00398	0.00318	0.00318	0.84417
14	0.02005	0.02558	0.01521	0.01383	0.01659	0.78980	0.01037	0.02143	0.01521	0.01314	0.00830	0.00968	0.00691	0.00553	0.00484	0.00138	0.00968	0.00346	0.00277	0.00622
15	0.07749	0.00576	0.00694	0.00745	0.00827	0.00568	0.00516	0.02320	0.01034	0.05509	0.02437	0.48625	0.02789	0.17642	0.01065	0.00273	0.00386	0.05324	0.00459	0.00463
16	0.00657	0.00545	0.00576	0.00568	0.00739	0.00463	0.00426	0.00815	0.01278	0.01579	0.18670	0.04954	0.64256	0.01311	0.00634	0.00179	0.00268	0.01103	0.00515	0.00463
17	0.02041	0.01504	0.01611	0.01235	0.01665	0.01665	0.01020	0.75997	0.02524	0.03383	0.01289	0.01289	0.00913	0.00644	0.00537	0.00161	0.00591	0.00483	0.00537	0.00913
18	0.00736	0.00555	0.00669	0.00727	0.00842	0.00516	0.00562	0.00883	0.01136	0.01432	0.03679	0.15723	0.31325	0.13035	0.00982	0.00258	0.00388	0.25635	0.00472	0.00446
19	0.12225	0.01289	0.01396	0.01098	0.01501	0.01393	0.00902	0.44616	0.08944	0.18981	0.01480	0.01417	0.01027	0.00638	0.00513	0.00165	0.00526	0.00483	0.00540	0.00867
20	0.01014	0.00954	0.01610	0.79845	0.03697	0.01193	0.01491	0.01371	0.01073	0.01371	0.00954	0.01431	0.00716	0.00537	0.00537	0.00179	0.00716	0.00477	0.00239	0.00596
21	0.00739	0.00528	0.00720	0.00845	0.00913	0.00509	0.00646	0.00894	0.01112	0.01465	0.02912	0.50659	0.03364	0.01602	0.00708	0.00230	0.00385	0.30812	0.00497	0.00459
22	0.00852	0.00564	0.00699	0.00679	0.00827	0.00503	0.00503	0.01038	0.01343	0.08606	0.36341	0.19309	0.24230	0.01246	0.00635	0.00182	0.00288	0.01086	0.00554	0.00514
23	0.02041	0.01504	0.01611	0.01235	0.01665	0.01665	0.01020	0.75997	0.02524	0.03383	0.01289	0.01289	0.00913	0.00644	0.00537	0.00161	0.00591	0.00483	0.00537	0.00913
24	0.84927	0.01038	0.00789	0.00706	0.01038	0.01204	0.00581	0.01578	0.00914	0.02408	0.00747	0.00872	0.00581	0.00498	0.00332	0.00166	0.00415	0.00291	0.00332	0.00581
25	0.01113	0.00954	0.01113	0.00795	0.01272	0.00716	0.00636	0.01352	0.01113	0.01749	0.00954	0.01113	0.00795	0.00398	0.00398	0.00080	0.00398	0.00318	0.00318	0.84417
26	0.00924	0.00565	0.00723	0.00703	0.00817	0.00522	0.00498	0.01078	0.01244	0.10540	0.32601	0.22748	0.06577	0.16774	0.01044	0.00250	0.00344	0.01028	0.00521	0.00499
27	0.00644	0.00504	0.00584	0.00648	0.00753	0.00444	0.00454	0.00759	0.01123	0.01409	0.04165	0.43977	0.39579	0.01525	0.00660	0.00200	0.00292	0.01335	0.00498	0.00444
28	0.58200	0.00959	0.00888	0.00764	0.01086	0.01042	0.00620	0.01744	0.01041	0.20043	0.01085	0.01163	0.00787	0.00657	0.00536	0.07562	0.00429	0.00365	0.00401	0.00629
29	0.07848	0.00513	0.00707	0.00700	0.00727	0.00527	0.00476	0.00772	0.00717	0.01054	0.00917	0.01569	0.00903	0.01752	0.01953	0.77448	0.00462	0.00452	0.00241	0.00262
30	0.00848	0.00605	0.00845	0.00969	0.01085	0.00603	0.00835	0.01082	0.01219	0.01587	0.02852	0.12208	0.03127	0.01499	0.00737	0.00245	0.00479	0.68192	0.00495	0.00489
31	0.00634	0.00544	0.00544	0.00544	0.00725	0.00453	0.00408	0.00770	0.01224	0.01450	0.05438	0.05166	0.77569	0.01359	0.00634	0.00181	0.00272	0.01133	0.00498	0.00453
32	0.01003	0.00748	0.00876	0.00821	0.01012	0.00754	0.00639	0.11194	0.09951	0.03511	0.27835	0.12943	0.16445	0.01144	0.00627	0.00186	0.00358	0.08824	0.00542	0.00588
33	0.01845	0.02112	0.01667	0.01431	0.01702	0.53736	0.07822	0.02014	0.01393	0.07674	0.00940	0.01114	0.00757	0.00612	0.00697	0.00159	0.12967	0.00407	0.00302	0.00650
34	0.14361	0.17665	0.51572	0.01282	0.01939	0.01409	0.01557	0.01663	0.01090	0.01727	0.00887	0.01040	0.00666	0.00498	0.00450	0.00159	0.00691	0.00359	0.00244	0.00740
35	0.00903	0.00579	0.00819	0.02609	0.00986	0.00595	0.00682	0.03165	0.01017	0.01347	0.01919	0.09462	0.02043	0.03251	0.07709	0.31456	0.00556	0.30126	0.00373	0.00404
36	0.00896	0.00655	0.00964	0.00924	0.01027	0.00778	0.00729	0.01081	0.00894	0.05327	0.01398	0.01997	0.01275	0.03529	0.66864	0.00761	0.09523	0.00562	0.00302	0.00513
37	0.04511	0.00890	0.01073	0.07524	0.05375	0.00955	0.00793	0.16742	0.11932	0.01978	0.02371	0.32547	0.08926	0.01099	0.00596	0.00189	0.00436	0.00955	0.00473	0.00635
38	0.01528	0.01096	0.01260	0.00975	0.01376	0.01050	0.00789	0.27302	0.03266	0.10038	0.01355	0.03283	0.01089	0.02244	0.04700	0.00177	0.00530	0.02668	0.00442	0.34833
39	0.02394	0.00937	0.01260	0.00966	0.01382	0.00824	0.00798	0.05579	0.01576	0.75139	0.02084	0.01805	0.01312	0.00664	0.00540	0.00166	0.00462	0.00538	0.00659	0.00914
40	0.00763	0.00520	0.00615	0.00647	0.00667	0.00513	0.00403	0.00803	0.00872	0.01155	0.02093	0.17140	0.04046	0.58825	0.02162	0.00437	0.00476	0.07130	0.00373	0.00362
41	0.20581	0.00673	0.00733	0.00688	0.00873	0.00674	0.00526	0.01192	0.01300	0.05930	0.41272	0.10031	0.09023	0.00992	0.00555	0.00172	0.00308	0.00836	0.03107	0.00534
42	0.53142	0.00989	0.00904	0.00784	0.01113	0.01091	0.00638	0.01903	0.10359	0.16417	0.01252	0.01272	0.00909	0.00567	0.00400	0.00165	0.00412	0.00391	0.06622	0.00670
43	0.00654	0.00467	0.00623	0.00747	0.00779	0.00436	0.00498	0.00747	0.01028	0.01370	0.02959	0.80785	0.03550	0.01682	0.00685	0.00218	0.00311	0.01526	0.00498	0.00436
44	0.05340	0.00851	0.01114	0.00888	0.01232	0.00766	0.00721	0.04469	0.01538	0.54846	0.19827	0.02287	0.02167	0.00759	0.00553	0.00167	0.00411	0.00630	0.00630	0.00804
45	0.00692	0.00530	0.00634	0.00641	0.00769	0.00472	0.00468	0.00869	0.01310	0.01733	0.35568	0.19989	0.31760	0.01313	0.00644	0.00183	0.00272	0.01144	0.00538	0.00472
46	0.02101	0.01406	0.01551	0.01189	0.01616	0.01520	0.00982	0.63865	0.02361	0.15745	0.01426	0.01378	0.00982	0.00648	0.00537	0.00162	0.00569	0.00493	0.00558	0.00913
47	0.84927	0.01038	0.00789	0.00706	0.01038	0.01204	0.00581	0.01578	0.00914	0.02408	0.00747	0.00872	0.00581	0.00498	0.00332	0.00166	0.00415	0.00291	0.00332	0.00581
48	0.08525	0.00879	0.01143	0.00923	0.01286	0.00796	0.00753	0.02326	0.02953	0.61388	0.02112	0.08429	0.01532	0.00770	0.00544	0.00174	0.00442	0.03577	0.00616	0.00830
49	0.01654	0.01312	0.01394	0.01157	0.01518	0.01484	0.00927	0.35957	0.43192	0.02760	0.01779	0.01680	0.01310	0.00690	0.00542	0.00173	0.00500	0.00551	0.00542	0.00878
50	0.01435	0.81458	0.02813	0.00918	0.01378	0.02124	0.00918	0.01607	0.01091	0.01263	0.00746	0.00861	0.00689	0.00459	0.00344	0.00115	0.00574	0.00287	0.00230	0.00689
51	0.00932	0.00466	0.00699	0.00699	0.00699	0.00466	0.00466	0.00699	0.00699	0.00932	0.00932	0.01632	0.00932	0.01865	0.02098	0.84382	0.00466	0.00466	0.00233	0.00233
52	0.00654	0.00467	0.00623	0.00747	0.00779	0.00436	0.00498	0.00747	0.01028	0.01370	0.02959	0.80785	0.03550	0.01682	0.00685	0.00218	0.00311	0.01526	0.00498	0.00436
53	0.01435	0.81458	0.02813	0.00918	0.01378	0.02124	0.00918	0.01607	0.01091	0.01263	0.00746	0.00861	0.00689	0.00459	0.00344	0.00115	0.00574	0.00287	0.00230	0.00689
54	0.84927	0.01038	0.00789	0.00706	0.01038	0.01204	0.00581	0.01578	0.00914	0.02408	0.00747	0.00872	0.00581	0.00498	0.00332	0.00166	0.00415	0.00291	0.00332	0.00581
55	0.00780	0.00572	0.00795	0.00790	0.00854	0.00647	0.00576	0.00911	0.00837	0.01184	0.01499	0.02519	0.01515	0.27660	0.53801	0.00743	0.02948	0.00636	0.00298	0.00434
56	0.00815	0.00574	0.00745	0.00766	0.00893	0.00541	0.00595	0.01054	0.03014	0.04099	0.35917	0.18445	0.10975	0.01296	0.00663	0.00197	0.00331	0.18029	0.00544	0.00506
57	0.02408	0.00914	0.01246	0.00955	0.01370	0.00789	0.00789	0.02616	0.01536	0.78158	0.02118	0.01827	0.01329	0.00664	0.00540	0.00166	0.00457	0.00540	0.00664	0.00914
58	0.01040	0.00981	0.01657	0.73542	0.09797	0.01199	0.01504	0.01394	0.01086	0.01403	0.00959	0.01423	0.00727	0.00532	0.00536	0.00177	0.00709	0.00477	0.00241	0.00617
59	0.01208	0.01157	0.01940	0.29346	0.46134	0.01277	0.01555	0.01524	0.01138	0.01585	0.00966	0.01351	0.00792	0.00536	0.00635	0.00172	0.07211	0.00477	0.00254	0.00742
60	0.00888	0.00670	0.00994	0.01048	0.01195	0.00677	0.04822	0.01169	0.02843	0.01597	0.02619	0.05398	0.02793	0.01621	0.07176	0.00293	0.00592	0.62623	0.00467	0.00513
61	0.42799	0.01345	0.01308	0.10752	0.17657	0.14857	0.00994	0.01667	0.01104	0.01955	0.00842	0.01051	0.00673	0.00508	0.00425	0.00161	0.00595	0.00362	0.00297	0.00647
62	0.00682	0.00596	0.00639	0.00618	0.00783	0.00552	0.00473	0.00819	0.01198	0.01454	0.06770	0.04810	0.69508	0.01319	0.00727	0.00185	0.06849	0.01074	0.00479	0.00465
63	0.01970	0.12001	0.01659	0.01287	0.01601	0.60862	0.01002	0.04332	0.01500	0.07697	0.00939	0.01035	0.00750	0.00554	0.00473	0.00138	0.00867	0.00359	0.00311	0.00663
64	0.02041	0.01504	0.01611	0.01235	0.01665	0.01665	0.01020	0.75997	0.02524	0.03383	0.01289	0.01289	0.00913	0.00644	0.00537	0.00161	0.00591	0.00483	0.00537	0.00913
65	0.00807	0.00598	0.00758	0.00710	0.00851	0.00575	0.00535	0.01164	0.07719	0.02160	0.71302	0.03844	0.04783	0.01067	0.00626	0.00170	0.00267	0.00941	0.00587	0.00535
66	0.00728	0.00530	0.00662	0.00660	0.00761	0.00489	0.00469	0.00906	0.01301	0.01785	0.45627	0.17583	0.13571	0.11436	0.00910	0.00224	0.00300	0.01065	0.00529	0.00464
67	0.84927	0.01038	0.00789	0.00706	0.01038	0.01204	0.00581	0.01578	0.00914	0.02408	0.00747	0.00872	0.00581	0.00498	0.00332	0.00166	0.00415	0.00291	0.00332	0.00581
68	0.02041	0.01504	0.01611	0.01235	0.01665	0.01665	0.01020	0.75997	0.02524	0.03383	0.01289	0.01289	0.00913	0.00644	0.00537	0.00161	0.00591	0.00483	0.00537	0.00913
69	0.00767	0.00575	0.00863	0.00863	0.00959	0.00671	0.00671	0.00959	0.00863	0.01246	0.01438	0.02109	0.01342	0.04026	0.79008	0.00863	0.01438	0.00575	0.00288	0.00479
70	0.00654	0.00467	0.00623	0.00747	0.00779	0.00436	0.00498	0.00747	0.01028	0.01370	0.02959	0.80785	0.03550	0.01682	0.00685	0.00218	0.00311	0.01526	0.00498	0.00436
71	0.01435	0.81458	0.02813	0.00918	0.01378	0.02124	0.00918	0.01607	0.01091	0.01263	0.00746	0.00861	0.00689	0.00459	0.00344	0.00115	0.00574	0.00287	0.00230	0.00689
72	0.01113	0.00954	0.01113	0.00795	0.01272	0.00716	0.00636	0.01352	0.01113	0.01749	0.00954	0.01113	0.00795	0.00398	0.00398	0.00080	0.00398	0.00318	0.00318	0.84417
73	0.00654	0.00467	0.00623	0.00747	0.00779	0.00436	0.00498	0.00747	0.01028	0.01370	0.02959	0.80785	0.03550	0.01682	0.00685	0.00218	0.00311	0.01526	0.00498	0.00436
74	0.02408	0.00914	0.01246	0.00955	0.01370	0.00789	0.00789	0.02616	0.01536	0.78158	0.02118	0.01827	0.01329	0.00664	0.00540	0.00166	0.00457	0.00540	0.00664	0.00914
75	0.01435	0.81458	0.02813	0.00918	0.01378	0.02124	0.00918	0.01607	0.01091	0.01263	0.00746	0.00861	0.00689	0.00459	0.00344	0.00115	0.00574	0.00287	0.00230	0.00689
76	0.01329	0.01275	0.02179	0.03295	0.77787	0.01275	0.01647	0.01647	0.01222	0.01754	0.01010	0.01329	0.00850	0.00478	0.00531	0.00159	0.00638	0.00478	0.00266	0.00850
77	0.00753	0.00548	0.00708	0.00668	0.00798	0.00504	0.00501	0.01000	0.01504	0.02116	0.73753	0.04070	0.08839	0.01111	0.00633	0.00169	0.00254	0.00979	0.00586	0.00504
78	0.00654	0.00467	0.00623	0.00747	0.00779	0.00436	0.00498	0.00747	0.01028	0.01370	0.02959	0.80785	0.03550	0.01682	0.00685	0.00218	0.00311	0.01526	0.00498	0.00436
79	0.00663	0.00550	0.00583	0.00590	0.00763	0.00471	0.00453	0.00816	0.01246	0.01515	0.10538	0.05154	0.66090	0.01350	0.00643	0.00186	0.00289	0.07135	0.00505	0.00460
80	0.65824	0.00991	0.00845	0.00734	0.01064	0.01106	0.00602	0.03319	0.01047	0.12346	0.01016	0.01093	0.00748	0.00533	0.00367	0.00163	0.00412	0.00344	0.06821	0.00626
81	0.01231	0.00746	0.00779	0.00688	0.00874	0.00785	0.00527	0.19378	0.01431	0.02240	0.01633	0.01981	0.01322	0.08788	0.00653	0.00174	0.00360	0.00525	0.55302	0.00583
82	0.00760	0.00549	0.00718	0.00675	0.00802	0.00506	0.00506	0.01013	0.01519	0.02153	0.77503	0.04010	0.05065	0.01097	0.00633	0.00169	0.00253	0.00971	0.00591	0.00506
83	0.02408	0.00914	0.01246	0.00955	0.01370	0.00789	0.00789	0.02616	0.01536	0.78158	0.02118	0.01827	0.01329	0.00664	0.00540	0.00166	0.00457	0.00540	0.00664	0.00914
84	0.00690	0.00498	0.00653	0.00715	0.00785	0.00461	0.00498	0.00841	0.01207	0.01647	0.29135	0.51222	0.06718	0.01466	0.00665	0.00199	0.00290	0.01318	0.00531	0.00461
85	0.02363	0.00986	0.01291	0.00990	0.01407	0.00897	0.00818	0.11676	0.01658	0.68926	0.02015	0.01761	0.01277	0.00662	0.00539	0.00165	0.00473	0.00533	0.00649	0.00913
86	0.00848	0.00605	0.00845	0.00969	0.01085	0.00603	0.00835	0.01082	0.01219	0.01587	0.02852	0.12208	0.03127	0.01499	0.00737	0.00245	0.00479	0.68192	0.00495	0.00489
87	0.00980	0.00598	0.00786	0.00711	0.00877	0.00544	0.00543	0.01225	0.01516	0.12425	0.65847	0.03738	0.06022	0.01044	0.00621	0.00169	0.00281	0.00916	0.00599	0.00560
88	0.01201	0.15845	0.13973	0.01657	0.12401	0.01421	0.13525	0.01466	0.01040	0.01453	0.00915	0.01265	0.00789	0.00881	0.05075	0.07146	0.18578	0.00459	0.00246	0.00662
89	0.01400	0.01435	0.03521	0.04490	0.50816	0.10489	0.07599	0.05613	0.01332	0.01778	0.02688	0.01528	0.00999	0.00547	0.00544	0.00163	0.00688	0.03285	0.00296	0.00788
90	0.28209	0.43694	0.09159	0.00951	0.01388	0.03055	0.02284	0.01611	0.01042	0.01681	0.00774	0.00909	0.00656	0.00489	0.00395	0.00141	0.02327	0.00310	0.00264	0.00661
91	0.00710	0.00524	0.00672	0.00776	0.00829	0.00510	0.00527	0.00921	0.07268	0.01442	0.02895	0.74298	0.03393	0.01603	0.00674	0.00215	0.00321	0.01450	0.00502	0.00470
92	0.00653	0.00470	0.00620	0.00741	0.00777	0.00437	0.00495	0.00748	0.01034	0.01373	0.03035	0.78442	0.05844	0.01672	0.00684	0.00217	0.00310	0.01514	0.00498	0.00437
93	0.01228	0.01250	0.01570	0.01332	0.01411	0.07246	0.01098	0.01362	0.00910	0.01350	0.00745	0.01152	0.00715	0.00844	0.01499	0.00209	0.64496	0.00442	0.00248	0.10895
94	0.01261	0.00996	0.01152	0.00859	0.01292	0.00847	0.00689	0.10724	0.04663	0.05093	0.07400	0.01441	0.01220	0.00511	0.00447	0.00105	0.00413	0.00414	0.00392	0.60082
95	0.57369	0.00995	0.04046	0.00765	0.01068	0.01028	0.00642	0.01541	0.00968	0.10222	0.02613	0.01175	0.00819	0.00748	0.00650	0.13624	0.00440	0.00365	0.00353	0.00568
96	0.00654	0.00467	0.00623	0.00747	0.00779	0.00436	0.00498	0.00747	0.01028	0.01370	0.02959	0.80785	0.03550	0.01682	0.00685	0.00218	0.00311	0.01526	0.00498	0.00436
97	0.00760	0.00549	0.00718	0.00675	0.00802	0.00506	0.00506	0.01013	0.01519	0.02153	0.77503	0.04010	0.05065	0.01097	0.00633	0.00169	0.00253	0.00971	0.00591	0.00506
98	0.49469	0.01144	0.01140	0.00928	0.01298	0.01259	0.03751	0.19957	0.01411	0.11768	0.02674	0.01179	0.00857	0.00565	0.00426	0.00166	0.00480	0.00396	0.00426	0.00707
99	0.00662	0.00485	0.00625	0.00734	0.00789	0.00448	0.00506	0.00769	0.01064	0.01393	0.03270	0.67237	0.13011	0.01630	0.00682	0.00215	0.00316	0.05227	0.00498	0.00441
100	0.00746	0.00548	0.00698	0.00661	0.00793	0.00500	0.00495	0.00986	0.01486	0.02074	0.69395	0.04140	0.13223	0.01127	0.00633	0.00170	0.00255	0.00989	0.00581	0.00500
101	0.00745	0.00542	0.00701	0.00674	0.00796	0.00498	0.00501	0.00980	0.01466	0.02056	0.67993	0.10086	0.08636	0.01157	0.00637	0.00173	0.00259	0.01023	0.00579	0.00498
102	0.02839	0.00572	0.00734	0.00758	0.00863	0.00536	0.00536	0.01095	0.01104	0.13239	0.06501	0.44584	0.04276	0.14419	0.00989	0.00257	0.00377	0.05323	0.00497	0.00502
103	0.01014	0.00954	0.01610	0.79845	0.03697	0.01193	0.01491	0.01371	0.01073	0.01371	0.00954	0.01431	0.00716	0.00537	0.00537	0.00179	0.00716	0.00477	0.00239	0.00596
104	0.01435	0.81458	0.02813	0.00918	0.01378	0.02124	0.00918	0.01607	0.01091	0.01263	0.00746	0.00861	0.00689	0.00459	0.00344	0.00115	0.00574	0.00287	0.00230	0.00689
105	0.12172	0.00613	0.00718	0.00686	0.00837	0.00597	0.00514	0.01080	0.01352	0.03856	0.51590	0.12462	0.07826	0.02600	0.00636	0.00181	0.00293	0.00937	0.00537	0.00512
106	0.09815	0.00805	0.01018	0.00854	0.01154	0.00737	0.00674	0.01981	0.01320	0.48413	0.02225	0.13823	0.04754	0.07523	0.00731	0.00206	0.00430	0.02233	0.00570	0.00735
107	0.00654	0.00467	0.00623	0.00747	0.00779	0.00436	0.00498	0.00747	0.01028	0.01370	0.02959	0.80785	0.03550	0.01682	0.00685	0.00218	0.00311	0.01526	0.00498	0.00436
108	0.00743	0.00544	0.00697	0.00668	0.00794	0.00498	0.00497	0.00978	0.01467	0.02049	0.67202	0.08180	0.11374	0.01151	0.00636	0.00173	0.00258	0.01014	0.00578	0.00498
109	0.59535	0.01130	0.00993	0.00838	0.01184	0.01283	0.00688	0.20341	0.01352	0.02641	0.04952	0.01144	0.00903	0.00567	0.00400	0.00165	0.00451	0.00375	0.00398	0.00661
110	0.76297	0.01025	0.00837	0.00732	0.01073	0.01161	0.00603	0.01686	0.00979	0.10331	0.00891	0.00972	0.00660	0.00516	0.00354	0.00166	0.00420	0.00317	0.00367	0.00616
111	0.02378	0.00962	0.01276	0.00978	0.01395	0.00862	0.00808	0.08706	0.01618	0.71953	0.02049	0.01782	0.01294	0.00663	0.00540	0.00166	0.00468	0.00535	0.00654	0.00913
112	0.00879	0.00572	0.00717	0.00669	0.00807	0.00523	0.00491	0.01074	0.01366	0.08141	0.49202	0.05534	0.14147	0.12429	0.00924	0.00221	0.00312	0.00942	0.00545	0.00506
113	0.00758	0.00560	0.00809	0.00817	0.00900	0.00628	0.00615	0.00927	0.00903	0.01285	0.05619	0.08822	0.01780	0.11067	0.61096	0.00740	0.01194	0.00694	0.00325	0.00462
114	0.01171	0.01176	0.03364	0.03777	0.34968	0.02806	0.12148	0.01485	0.03480	0.01607	0.01392	0.11702	0.03014	0.00905	0.04875	0.00218	0.10243	0.00655	0.00307	0.00707
115	0.01014	0.00954	0.01610	0.79845	0.03697	0.01193	0.01491	0.01371	0.01073	0.01371	0.00954	0.01431	0.00716	0.00537	0.00537	0.00179	0.00716	0.00477	0.00239	0.00596
116	0.04105	0.00940	0.01251	0.00961	0.01375	0.00833	0.00794	0.05558	0.01563	0.73568	0.02056	0.01786	0.01296	0.00660	0.00535	0.00166	0.00461	0.00532	0.00652	0.00907
117	0.03570	0.01436	0.03745	0.07648	0.01711	0.09314	0.01007	0.44809	0.03737	0.03983	0.02748	0.06899	0.01166	0.00881	0.04697	0.00202	0.00655	0.00552	0.00460	0.00781
118	0.01735	0.05004	0.01456	0.01132	0.01490	0.13959	0.00914	0.42549	0.09794	0.02563	0.01874	0.01844	0.11851	0.00732	0.00535	0.00160	0.00588	0.00558	0.00477	0.00784
119	0.00715	0.00512	0.00668	0.00772	0.00822	0.00490	0.00527	0.03794	0.01093	0.01457	0.02889	0.75919	0.03434	0.01635	0.00680	0.00216	0.00327	0.03093	0.00500	0.00457
120	0.48506	0.17348	0.12251	0.05084	0.01455	0.03038	0.00914	0.03145	0.01035	0.02022	0.00802	0.00947	0.00633	0.00498	0.00378	0.00156	0.00532	0.00320	0.00295	0.00641
121	0.00958	0.00491	0.00721	0.00712	0.00722	0.00494	0.00479	0.02463	0.00742	0.00990	0.00941	0.01624	0.00932	0.01836	0.02061	0.82409	0.00469	0.00467	0.00240	0.00249

[dist]
# distance from previous block
# <min> <max>
2	12

[block]
# block no. 4 follows, 45 sequences, length 21
# corresponding to MSA columns:
# 497-505,578-589
name=unknown_E
#
# <colnr> <probs for GDERKNQSTAVLIFYWHMCP>
#	G	D	E	R	K	N	Q	S	T	A	V	L	I	F	Y	W	H	M	C	P
0	0.07007	0.02490	0.01279	0.03948	0.01398	0.01262	0.00831	0.42449	0.01831	0.02542	0.06207	0.04033	0.01401	0.11734	0.08926	0.00284	0.00632	0.00576	0.00456	0.00713
1	0.01376	0.47561	0.25171	0.01125	0.01667	0.04049	0.01231	0.06988	0.01220	0.01569	0.00882	0.01009	0.00722	0.00495	0.00413	0.00136	0.00643	0.00342	0.02674	0.00729
2	0.00779	0.00527	0.00617	0.00617	0.00628	0.00537	0.00364	0.00801	0.00790	0.01064	0.01663	0.03354	0.01883	0.72431	0.11342	0.00559	0.00624	0.00757	0.00321	0.00343
3	0.00782	0.00544	0.00618	0.00607	0.00659	0.00532	0.00380	0.00886	0.02980	0.01329	0.14838	0.03691	0.10470	0.54944	0.02036	0.00406	0.00439	0.00838	0.02633	0.00388
4	0.01910	0.02326	0.01688	0.01562	0.06733	0.63300	0.06453	0.06862	0.01548	0.01506	0.00890	0.01047	0.00725	0.00547	0.00501	0.00144	0.00917	0.00384	0.00292	0.00663
5	0.00656	0.00477	0.00620	0.00727	0.00775	0.00440	0.00491	0.00760	0.01064	0.01407	0.06051	0.71185	0.10107	0.01631	0.00679	0.00213	0.00306	0.01470	0.00502	0.00440
6	0.14830	0.56534	0.02344	0.00983	0.01402	0.11305	0.03204	0.01671	0.01120	0.01466	0.00767	0.00894	0.00676	0.00477	0.00368	0.00128	0.00607	0.00306	0.00253	0.00665
7	0.44676	0.02715	0.06665	0.03974	0.06373	0.01167	0.00862	0.03789	0.06039	0.17387	0.01168	0.01216	0.00839	0.00550	0.00426	0.00166	0.00485	0.00393	0.00400	0.00709
8	0.12819	0.00967	0.00997	0.00877	0.01174	0.02398	0.00693	0.04837	0.27865	0.12932	0.02739	0.02654	0.21112	0.00851	0.00537	0.00174	0.00405	0.02212	0.00508	0.03248
9	0.12827	0.01141	0.01525	0.20466	0.02011	0.04181	0.07962	0.10155	0.01223	0.05394	0.01044	0.01335	0.00816	0.00644	0.00784	0.00181	0.18998	0.00465	0.08201	0.00647
10	0.01209	0.00910	0.01267	0.28745	0.02096	0.00873	0.00945	0.01487	0.01192	0.11371	0.08496	0.01596	0.01247	0.00548	0.00488	0.00134	0.00504	0.00465	0.00360	0.36065
11	0.01157	0.02052	0.40496	0.01772	0.05014	0.01229	0.28122	0.01667	0.01182	0.01714	0.01008	0.01250	0.00746	0.00476	0.00542	0.00164	0.00784	0.00475	0.00254	0.09895
12	0.01308	0.01255	0.02142	0.08251	0.72989	0.01270	0.01637	0.01630	0.01213	0.01729	0.01006	0.01335	0.00842	0.00482	0.00532	0.00161	0.00643	0.00478	0.00264	0.00834
13	0.00749	0.00548	0.00703	0.00664	0.00795	0.00502	0.00498	0.00992	0.01494	0.02092	0.71335	0.04109	0.11271	0.01120	0.00633	0.00170	0.00255	0.00985	0.00583	0.00502
14	0.01118	0.02466	0.61643	0.07286	0.05136	0.02881	0.08671	0.01686	0.01153	0.01672	0.00973	0.01187	0.00701	0.00506	0.00523	0.00171	0.00796	0.00426	0.00234	0.00771
15	0.01113	0.00954	0.01113	0.00795	0.01272	0.00716	0.00636	0.01352	0.01113	0.01749	0.00954	0.01113	0.00795	0.00398	0.00398	0.00080	0.00398	0.00318	0.00318	0.84417
16	0.00654	0.00467	0.00623	0.00747	0.00779	0.00436	0.00498	0.00747	0.01028	0.01370	0.02959	0.80785	0.03550	0.01682	0.00685	0.00218	0.00311	0.01526	0.00498	0.00436
17	0.00763	0.00520	0.00624	0.00646	0.00666	0.00520	0.00400	0.00808	0.00868	0.01167	0.04831	0.15244	0.02314	0.58167	0.07272	0.00474	0.00538	0.03448	0.00365	0.00365
18	0.00639	0.00527	0.00561	0.00589	0.00737	0.00449	0.00428	0.00765	0.01180	0.01432	0.04886	0.22011	0.61080	0.01431	0.00646	0.00189	0.00281	0.01220	0.00498	0.00449
19	0.02041	0.01504	0.01611	0.01235	0.01665	0.01665	0.01020	0.75997	0.02524	0.03383	0.01289	0.01289	0.00913	0.00644	0.00537	0.00161	0.00591	0.00483	0.00537	0.00913
20	0.01329	0.01275	0.02179	0.03295	0.77787	0.01275	0.01647	0.01647	0.01222	0.01754	0.01010	0.01329	0.00850	0.00478	0.00531	0.00159	0.00638	0.00478	0.00266	0.00850

[dist]
# distance from previous block
# <min> <max>
0	19

[block]
# block no. 5 follows, 45 sequences, length 25
# corresponding to MSA columns:
# 609-623,625-634
name=unknown_F
#
# <colnr> <probs for GDERKNQSTAVLIFYWHMCP>
#	G	D	E	R	K	N	Q	S	T	A	V	L	I	F	Y	W	H	M	C	P
0	0.00945	0.00584	0.00771	0.00715	0.00867	0.00533	0.00539	0.01178	0.01475	0.11100	0.61455	0.11064	0.04477	0.01102	0.00627	0.00173	0.00283	0.00973	0.00591	0.00548
1	0.02005	0.02558	0.01521	0.01383	0.01659	0.78980	0.01037	0.02143	0.01521	0.01314	0.00830	0.00968	0.00691	0.00553	0.00484	0.00138	0.00968	0.00346	0.00277	0.00622
2	0.01285	0.01096	0.01176	0.01081	0.01365	0.01258	0.00851	0.02666	0.68732	0.02177	0.02255	0.02436	0.01794	0.00809	0.00567	0.00189	0.00432	0.08476	0.00541	0.00812
3	0.03286	0.00562	0.00712	0.00670	0.00803	0.00527	0.00504	0.01039	0.01487	0.02155	0.72452	0.03843	0.04797	0.01062	0.00615	0.00167	0.00258	0.00933	0.03622	0.00509
4	0.00748	0.00507	0.00595	0.00627	0.00635	0.00499	0.00370	0.00772	0.00844	0.01126	0.02017	0.23374	0.02362	0.60713	0.02206	0.00443	0.00467	0.00972	0.00370	0.00354
5	0.01267	0.01448	0.03167	0.02262	0.02805	0.01357	0.75837	0.01719	0.01267	0.01719	0.01086	0.01448	0.00814	0.00452	0.00633	0.00181	0.00905	0.00633	0.00271	0.00724
6	0.00654	0.00467	0.00623	0.00747	0.00779	0.00436	0.00498	0.00747	0.01028	0.01370	0.02959	0.80785	0.03550	0.01682	0.00685	0.00218	0.00311	0.01526	0.00498	0.00436
7	0.01706	0.00812	0.01052	0.00893	0.01189	0.00747	0.00719	0.05486	0.04814	0.42166	0.11506	0.10107	0.08044	0.00940	0.00590	0.00180	0.00413	0.07293	0.00601	0.00744
8	0.00654	0.00467	0.00623	0.00747	0.00779	0.00436	0.00498	0.00747	0.01028	0.01370	0.02959	0.80785	0.03550	0.01682	0.00685	0.00218	0.00311	0.01526	0.00498	0.00436
9	0.00754	0.00548	0.00709	0.00669	0.00798	0.00504	0.00502	0.01001	0.01505	0.02119	0.74063	0.04065	0.08526	0.01110	0.00633	0.00169	0.00254	0.00979	0.00586	0.00504
10	0.20919	0.00979	0.01149	0.00919	0.01305	0.00957	0.00754	0.04266	0.08547	0.51981	0.01794	0.01615	0.01179	0.00632	0.00493	0.00167	0.00448	0.00489	0.00575	0.00833
11	0.15730	0.01037	0.01194	0.00959	0.01336	0.01046	0.00783	0.13331	0.11501	0.41188	0.03453	0.01734	0.02983	0.00667	0.00510	0.00168	0.00457	0.00522	0.00570	0.00831
12	0.02408	0.00914	0.01246	0.00955	0.01370	0.00789	0.00789	0.02616	0.01536	0.78158	0.02118	0.01827	0.01329	0.00664	0.00540	0.00166	0.00457	0.00540	0.00664	0.00914
13	0.00653	0.00472	0.00618	0.00735	0.00775	0.00437	0.00493	0.00749	0.01039	0.01375	0.03107	0.76248	0.07991	0.01662	0.00682	0.00216	0.00309	0.01502	0.00498	0.00437
14	0.00757	0.00565	0.00719	0.00814	0.00888	0.00562	0.00579	0.01036	0.10046	0.01499	0.02854	0.63440	0.03274	0.01547	0.00675	0.00217	0.00344	0.09188	0.00504	0.00491
15	0.01190	0.01311	0.02714	0.01999	0.02423	0.01293	0.58916	0.01565	0.01189	0.01631	0.01241	0.09902	0.01094	0.00642	0.00773	0.00191	0.10248	0.00710	0.00291	0.00677
16	0.01059	0.00896	0.01055	0.00789	0.01214	0.00682	0.00620	0.01280	0.01103	0.01704	0.01192	0.10570	0.01122	0.00550	0.00432	0.00096	0.00387	0.00461	0.00339	0.74449
17	0.03223	0.14963	0.47161	0.01284	0.01929	0.01283	0.01513	0.01889	0.01213	0.18898	0.01184	0.01241	0.00826	0.00536	0.00486	0.00160	0.00674	0.00409	0.00328	0.00799
18	0.00733	0.00510	0.00629	0.00670	0.00697	0.00509	0.00425	0.00791	0.00884	0.01184	0.02185	0.28494	0.04660	0.43790	0.11058	0.00453	0.00554	0.01009	0.00382	0.00383
19	0.75958	0.01224	0.09086	0.00794	0.01176	0.01209	0.00731	0.01591	0.00937	0.02333	0.00771	0.00900	0.00592	0.00500	0.00351	0.00167	0.00456	0.00302	0.00321	0.00604
20	0.01436	0.01419	0.01222	0.01117	0.01381	0.21887	0.00870	0.06478	0.35429	0.01983	0.10782	0.02357	0.01906	0.00801	0.00560	0.00175	0.00566	0.08442	0.00474	0.00714
21	0.01296	0.08749	0.19702	0.01251	0.01783	0.01098	0.13662	0.02956	0.02384	0.09756	0.02427	0.03664	0.00985	0.00526	0.00491	0.00139	0.00597	0.00464	0.00334	0.27735
22	0.03878	0.23135	0.42289	0.01288	0.01916	0.01415	0.04175	0.01805	0.01178	0.12622	0.01070	0.01165	0.00778	0.00516	0.00470	0.00155	0.00680	0.00394	0.00295	0.00774
23	0.01332	0.01141	0.01215	0.01062	0.01390	0.01272	0.00830	0.05072	0.65396	0.02224	0.02009	0.01874	0.01515	0.00686	0.00528	0.00169	0.00427	0.00569	0.00519	0.10771
24	0.01387	0.01368	0.09035	0.01844	0.04750	0.01184	0.44626	0.01773	0.01244	0.14380	0.01273	0.01544	0.00943	0.00888	0.09015	0.00251	0.02843	0.00582	0.00334	0.00736

[dist]
# distance from previous block
# <min> <max>
0	1

[block]
# block no. 6 follows, 45 sequences, length 9
# corresponding to MSA columns:
# 647-655
name=unknown_G
#
# <colnr> <probs for GDERKNQSTAVLIFYWHMCP>
#	G	D	E	R	K	N	Q	S	T	A	V	L	I	F	Y	W	H	M	C	P
0	0.08653	0.00595	0.00788	0.00791	0.00901	0.00667	0.00604	0.01010	0.00922	0.01449	0.04432	0.09445	0.01603	0.02961	0.50576	0.04968	0.01039	0.00641	0.07477	0.00475
1	0.00667	0.00528	0.00600	0.00619	0.00754	0.00461	0.00450	0.00819	0.01245	0.01589	0.20951	0.21911	0.44757	0.01373	0.00646	0.00187	0.00277	0.01185	0.00519	0.00461
2	0.01550	0.01217	0.01312	0.01096	0.01455	0.01341	0.00872	0.22235	0.46531	0.05841	0.01827	0.01720	0.01352	0.00672	0.00529	0.00166	0.00468	0.00544	0.00527	0.08743
3	0.00947	0.00672	0.00895	0.00856	0.00987	0.02313	0.00665	0.01120	0.01005	0.08488	0.03632	0.05841	0.11773	0.04537	0.48456	0.00605	0.05633	0.00689	0.00364	0.00521
4	0.00673	0.00481	0.00645	0.00769	0.00809	0.00453	0.00532	0.00781	0.01047	0.01392	0.02948	0.73969	0.03508	0.01664	0.00690	0.00221	0.00328	0.08151	0.00498	0.00441
5	0.04611	0.01298	0.01479	0.14793	0.01899	0.01458	0.01027	0.53500	0.02086	0.02871	0.01255	0.01366	0.00911	0.00619	0.00515	0.00161	0.00574	0.00477	0.08292	0.00808
6	0.00904	0.00568	0.00879	0.14466	0.01266	0.00623	0.00679	0.00860	0.00810	0.01085	0.01136	0.06320	0.01114	0.01970	0.14072	0.51439	0.00656	0.00548	0.00258	0.00348
7	0.00831	0.00607	0.00757	0.00795	0.00891	0.00601	0.00563	0.07970	0.04352	0.01731	0.15709	0.56748	0.03487	0.01444	0.00656	0.00203	0.00332	0.01294	0.00520	0.00510
8	0.00860	0.00654	0.00804	0.00748	0.00905	0.00650	0.00566	0.01332	0.14589	0.02169	0.64430	0.03661	0.04470	0.01033	0.00618	0.00171	0.00283	0.00908	0.00583	0.00566

[dist]
# distance from previous block
# <min> <max>
0	3

[block]
# block no. 7 follows, 45 sequences, length 15
# corresponding to MSA columns:
# 659-673
name=unknown_H
#
# <colnr> <probs for GDERKNQSTAVLIFYWHMCP>
#	G	D	E	R	K	N	Q	S	T	A	V	L	I	F	Y	W	H	M	C	P
0	0.01335	0.01153	0.01214	0.01092	0.01396	0.01335	0.00850	0.02852	0.76817	0.02245	0.02185	0.02003	0.01639	0.00728	0.00546	0.00182	0.00425	0.00607	0.00546	0.00850
1	0.00921	0.00618	0.00792	0.00757	0.00921	0.00597	0.00590	0.01193	0.04815	0.08681	0.32597	0.05166	0.17455	0.01630	0.13846	0.00297	0.00506	0.07562	0.00516	0.00542
2	0.11105	0.01199	0.01178	0.00996	0.01323	0.14065	0.00787	0.05409	0.08556	0.36686	0.04248	0.09128	0.01482	0.00743	0.00525	0.00168	0.00521	0.00591	0.00528	0.00763
3	0.01825	0.01314	0.01401	0.01103	0.01474	0.01450	0.00902	0.59219	0.06529	0.03085	0.01418	0.01450	0.01032	0.00646	0.00510	0.00156	0.00524	0.00493	0.14629	0.00840
4	0.01342	0.01057	0.01149	0.01024	0.01288	0.01196	0.00786	0.08078	0.55647	0.04365	0.01942	0.01993	0.01513	0.05733	0.00854	0.09742	0.00449	0.00590	0.00500	0.00755
5	0.01567	0.00819	0.01028	0.00834	0.01161	0.00720	0.00663	0.01871	0.07050	0.35174	0.15059	0.03972	0.10540	0.02330	0.00587	0.00163	0.00388	0.00670	0.00556	0.14847
6	0.24071	0.00871	0.01019	0.00854	0.01182	0.00840	0.00685	0.02025	0.01285	0.45054	0.01895	0.14886	0.01504	0.00792	0.00509	0.00175	0.00421	0.00640	0.00548	0.00745
7	0.00769	0.00566	0.00816	0.00816	0.00896	0.00646	0.00613	0.00929	0.00849	0.01211	0.01481	0.02346	0.01445	0.17027	0.66147	0.00805	0.01283	0.00610	0.00294	0.00453
8	0.61606	0.01003	0.00910	0.00817	0.01069	0.01196	0.00667	0.01440	0.00922	0.02112	0.01132	0.05052	0.05423	0.00682	0.00609	0.00181	0.13846	0.00432	0.00334	0.00568
9	0.01377	0.00725	0.00966	0.00932	0.05656	0.00668	0.00661	0.01564	0.02676	0.27868	0.17172	0.03117	0.09812	0.14486	0.01023	0.04142	0.00422	0.05592	0.00519	0.00624
10	0.01120	0.01141	0.02224	0.01887	0.12218	0.01096	0.41024	0.01437	0.01178	0.01603	0.05146	0.02271	0.04876	0.14189	0.01004	0.00239	0.02521	0.03874	0.00315	0.00638
11	0.00920	0.00775	0.01071	0.00963	0.01096	0.00896	0.00764	0.01093	0.00891	0.01331	0.01200	0.01798	0.01134	0.06763	0.43830	0.00567	0.19458	0.00518	0.00282	0.14648
12	0.00805	0.00628	0.00840	0.09891	0.01201	0.00662	0.00690	0.01010	0.04344	0.01400	0.02725	0.22974	0.16036	0.08424	0.07491	0.04173	0.03098	0.12718	0.00417	0.00475
13	0.02882	0.00913	0.01562	0.33832	0.10845	0.00997	0.11643	0.01297	0.01103	0.01525	0.01495	0.19659	0.01446	0.00851	0.02029	0.00195	0.00617	0.00739	0.05774	0.00597
14	0.04377	0.01484	0.01496	0.19511	0.18305	0.26033	0.01147	0.03833	0.01292	0.01530	0.01504	0.03488	0.09482	0.03558	0.00605	0.00174	0.00699	0.00537	0.00307	0.00639

[dist]
# distance from previous block
# <min> <max>
0	39

# created by:
# /st0/software/busco_prod/Augustus/scripts/msa2prfl.pl ./align_prep/217521.fa
