[name]
unknown

[dist]
# distance from previous block
# <min> <max>
22	134

[block]
# block no. 0 follows, 48 sequences, length 14
# corresponding to MSA columns:
# 152-165
name=unknown_A
#
# <colnr> <probs for GDERKNQSTAVLIFYWHMCP>
#	G	D	E	R	K	N	Q	S	T	A	V	L	I	F	Y	W	H	M	C	P
0	0.04708	0.04433	0.03105	0.10381	0.14819	0.06553	0.09990	0.10239	0.01307	0.01797	0.11758	0.06206	0.01490	0.02487	0.00588	0.00163	0.02324	0.00568	0.00343	0.06741
1	0.08121	0.01082	0.01276	0.13450	0.02835	0.06397	0.03956	0.16457	0.02454	0.07020	0.05788	0.07239	0.01260	0.02739	0.01816	0.00168	0.01911	0.00529	0.00381	0.15120
2	0.02916	0.01170	0.01351	0.14487	0.11816	0.09808	0.00983	0.09858	0.12580	0.01744	0.02493	0.03404	0.01078	0.06096	0.01615	0.00182	0.04673	0.00488	0.00340	0.12917
3	0.03807	0.01047	0.03088	0.21209	0.06450	0.04780	0.06191	0.09507	0.02767	0.15967	0.03424	0.05330	0.01186	0.06767	0.03132	0.01626	0.00601	0.00548	0.00376	0.02198
4	0.02919	0.01162	0.01448	0.10754	0.16855	0.06062	0.01036	0.19059	0.03288	0.05030	0.01148	0.03534	0.00958	0.04457	0.04385	0.00200	0.06481	0.00479	0.00348	0.10397
5	0.08213	0.08870	0.01434	0.24290	0.08803	0.04124	0.01009	0.08786	0.03037	0.05791	0.01191	0.07286	0.01008	0.00622	0.00523	0.00157	0.04119	0.00498	0.07334	0.02904
6	0.01000	0.00728	0.00845	0.05638	0.01009	0.05092	0.00582	0.03138	0.02880	0.07310	0.12313	0.12385	0.02119	0.30414	0.02994	0.05292	0.04663	0.00752	0.00384	0.00461
7	0.01237	0.01055	0.05765	0.22893	0.10578	0.00993	0.04258	0.08808	0.02408	0.10507	0.05066	0.04964	0.05168	0.00620	0.00510	0.00152	0.00538	0.00541	0.00361	0.13579
8	0.00959	0.00617	0.00746	0.00685	0.00862	0.00576	0.00521	0.03072	0.05647	0.10282	0.36796	0.10131	0.15658	0.01006	0.00566	0.00162	0.00292	0.00868	0.07692	0.02861
9	0.01218	0.01025	0.01552	0.45664	0.09487	0.01178	0.03152	0.12822	0.01263	0.04904	0.01027	0.01343	0.00774	0.00541	0.00560	0.00162	0.04522	0.00455	0.02970	0.05381
10	0.06634	0.00910	0.01198	0.00931	0.01304	0.00843	0.00770	0.04667	0.01431	0.68690	0.01861	0.01650	0.01189	0.00640	0.00566	0.00162	0.04623	0.00498	0.00593	0.00840
11	0.00781	0.00581	0.00743	0.08376	0.01054	0.00562	0.00572	0.01017	0.04398	0.04784	0.27758	0.20957	0.24171	0.01159	0.00601	0.00176	0.00317	0.01011	0.00489	0.00493
12	0.05775	0.01168	0.01907	0.10348	0.37545	0.03413	0.13938	0.01657	0.03410	0.08838	0.04247	0.01429	0.01003	0.00508	0.00516	0.00157	0.00616	0.00493	0.00313	0.02721
13	0.01072	0.08884	0.48613	0.08867	0.06133	0.01230	0.05556	0.01614	0.05548	0.01618	0.05320	0.01315	0.00957	0.00525	0.00492	0.00159	0.00682	0.00436	0.00259	0.00719

[dist]
# distance from previous block
# <min> <max>
5	22

[block]
# block no. 1 follows, 48 sequences, length 14
# corresponding to MSA columns:
# 189-202
name=unknown_B
#
# <colnr> <probs for GDERKNQSTAVLIFYWHMCP>
#	G	D	E	R	K	N	Q	S	T	A	V	L	I	F	Y	W	H	M	C	P
0	0.24120	0.08011	0.07926	0.01031	0.01437	0.01445	0.00917	0.37127	0.09087	0.02578	0.01108	0.01146	0.00819	0.00561	0.00445	0.00154	0.00519	0.00402	0.00413	0.00755
1	0.01523	0.01367	0.23866	0.01024	0.01500	0.00860	0.01036	0.01894	0.04163	0.32987	0.10196	0.01691	0.01427	0.00602	0.00497	0.00148	0.00498	0.00493	0.00450	0.13778
2	0.01180	0.36188	0.44444	0.01239	0.01855	0.01549	0.03978	0.01588	0.01070	0.01449	0.00837	0.00984	0.00658	0.00465	0.00425	0.00141	0.00674	0.00343	0.00219	0.00714
3	0.23714	0.04481	0.42474	0.01174	0.01718	0.04932	0.02819	0.01615	0.02630	0.04031	0.02602	0.03825	0.00846	0.00542	0.00448	0.00160	0.00622	0.00407	0.00281	0.00679
4	0.00845	0.00679	0.00906	0.22048	0.01534	0.00709	0.00731	0.01153	0.06711	0.04210	0.22611	0.03312	0.27575	0.03990	0.00647	0.00181	0.00394	0.00807	0.00435	0.00521
5	0.23852	0.01065	0.01053	0.00941	0.01242	0.01225	0.00742	0.02393	0.54606	0.04868	0.01719	0.01620	0.01286	0.00635	0.00467	0.00169	0.00405	0.00497	0.00471	0.00746
6	0.01217	0.23247	0.21523	0.05744	0.27776	0.01433	0.09023	0.01571	0.01111	0.01517	0.00892	0.01120	0.00721	0.00460	0.00465	0.00146	0.00660	0.00404	0.00235	0.00734
7	0.01231	0.01189	0.01915	0.02597	0.55462	0.01315	0.01428	0.01523	0.03648	0.01574	0.00925	0.01252	0.00801	0.00583	0.00823	0.00172	0.22101	0.00459	0.00255	0.00746
8	0.00814	0.00628	0.00956	0.22127	0.01532	0.00732	0.00777	0.00969	0.00850	0.01161	0.01244	0.02021	0.01181	0.15724	0.38211	0.08869	0.00953	0.00547	0.00263	0.00440
9	0.62986	0.01437	0.21754	0.00885	0.01321	0.01162	0.00914	0.01539	0.00929	0.02121	0.00770	0.00900	0.00581	0.00479	0.00363	0.00160	0.00494	0.00305	0.00291	0.00610
10	0.00652	0.00467	0.00620	0.00696	0.00750	0.00435	0.00478	0.00782	0.01108	0.01510	0.23056	0.60834	0.03781	0.01458	0.00642	0.00196	0.00283	0.01317	0.00500	0.00435
11	0.01013	0.02188	0.58519	0.22654	0.02572	0.01178	0.01770	0.01541	0.01068	0.01541	0.00918	0.01159	0.00659	0.00494	0.00494	0.00165	0.00738	0.00400	0.00220	0.00708
12	0.01957	0.00794	0.01068	0.00846	0.01171	0.00696	0.00678	0.02142	0.01398	0.62067	0.11564	0.02160	0.01774	0.08393	0.00726	0.00191	0.00418	0.00589	0.00596	0.00771
13	0.62970	0.00971	0.00964	0.22077	0.01672	0.01148	0.00788	0.01456	0.00914	0.02037	0.00767	0.00976	0.00590	0.00486	0.00370	0.00162	0.00474	0.00325	0.00294	0.00560

[dist]
# distance from previous block
# <min> <max>
0	1

[block]
# block no. 2 follows, 48 sequences, length 12
# corresponding to MSA columns:
# 204-215
name=unknown_C
#
# <colnr> <probs for GDERKNQSTAVLIFYWHMCP>
#	G	D	E	R	K	N	Q	S	T	A	V	L	I	F	Y	W	H	M	C	P
0	0.00658	0.00491	0.00685	0.08317	0.01009	0.00485	0.00566	0.00771	0.00987	0.01310	0.02646	0.74006	0.03136	0.01504	0.00641	0.00205	0.00334	0.01363	0.00453	0.00431
1	0.00889	0.00490	0.00701	0.00680	0.00726	0.00466	0.00463	0.00731	0.00728	0.00995	0.01031	0.07210	0.01057	0.01637	0.01755	0.70957	0.00429	0.00504	0.00249	0.08301
2	0.01200	0.01181	0.01896	0.11155	0.44993	0.04892	0.10133	0.01576	0.06609	0.01611	0.01216	0.08959	0.01086	0.00590	0.00533	0.00163	0.00618	0.00572	0.00292	0.00724
3	0.00836	0.00562	0.00640	0.00598	0.00784	0.00484	0.00456	0.01002	0.01276	0.10677	0.23310	0.04285	0.50899	0.01158	0.00596	0.00169	0.00276	0.00977	0.00517	0.00498
4	0.00747	0.00485	0.00576	0.00592	0.00596	0.00481	0.00347	0.00733	0.00768	0.01024	0.01693	0.13282	0.01955	0.62698	0.02291	0.09822	0.00466	0.00805	0.00323	0.00315
5	0.04545	0.01241	0.01463	0.10051	0.12311	0.02911	0.01021	0.39392	0.10909	0.02433	0.01265	0.01479	0.00988	0.06905	0.00669	0.00184	0.00561	0.00488	0.00420	0.00764
6	0.01876	0.01400	0.01498	0.01166	0.01563	0.01556	0.00957	0.68853	0.10737	0.03114	0.01326	0.01307	0.00949	0.00625	0.00514	0.00156	0.00547	0.00475	0.00514	0.00866
7	0.05347	0.10198	0.02044	0.02627	0.60497	0.01335	0.01403	0.07430	0.01237	0.01775	0.00946	0.01197	0.00788	0.00468	0.00480	0.00148	0.00589	0.00429	0.00273	0.00788
8	0.01299	0.27616	0.36654	0.01314	0.07732	0.01389	0.01361	0.01674	0.01119	0.10077	0.00980	0.01087	0.00739	0.00481	0.00437	0.00141	0.00627	0.00364	0.00271	0.04639
9	0.08512	0.20519	0.34802	0.02906	0.11576	0.01351	0.01370	0.01687	0.03418	0.07934	0.00986	0.01110	0.00744	0.00490	0.00443	0.00149	0.00622	0.00375	0.00274	0.00732
10	0.33736	0.04042	0.29074	0.05962	0.04427	0.01153	0.02735	0.01654	0.01046	0.10435	0.00961	0.01083	0.00693	0.00497	0.00425	0.00159	0.00570	0.00364	0.00305	0.00679
11	0.21064	0.11394	0.28215	0.07325	0.11798	0.04703	0.01288	0.03640	0.03174	0.01759	0.00887	0.01059	0.00684	0.00488	0.00434	0.00153	0.00616	0.00364	0.00265	0.00689

[dist]
# distance from previous block
# <min> <max>
0	10

[block]
# block no. 3 follows, 48 sequences, length 101
# corresponding to MSA columns:
# 226-326
name=unknown_D
#
# <colnr> <probs for GDERKNQSTAVLIFYWHMCP>
#	G	D	E	R	K	N	Q	S	T	A	V	L	I	F	Y	W	H	M	C	P
0	0.18742	0.05210	0.26538	0.06983	0.16149	0.01205	0.06564	0.01618	0.04932	0.02942	0.02353	0.01195	0.00805	0.00496	0.00461	0.00158	0.00609	0.00409	0.00278	0.02353
1	0.12469	0.01410	0.10510	0.03844	0.41841	0.04021	0.07983	0.06189	0.03704	0.01838	0.00979	0.01210	0.00778	0.00482	0.00488	0.00157	0.00624	0.00437	0.00283	0.00753
2	0.03832	0.01168	0.03681	0.02583	0.59263	0.02709	0.01363	0.01530	0.04845	0.01662	0.01243	0.11472	0.01162	0.00617	0.00520	0.00161	0.00564	0.00580	0.00296	0.00749
3	0.01880	0.01404	0.01541	0.03850	0.03532	0.01557	0.01000	0.70389	0.04694	0.03098	0.01242	0.01259	0.00887	0.00611	0.00513	0.00155	0.00565	0.00465	0.00498	0.00859
4	0.01271	0.01233	0.01872	0.23022	0.50093	0.06446	0.01466	0.05507	0.01216	0.01636	0.00954	0.01270	0.00772	0.00485	0.00507	0.00156	0.00647	0.00449	0.00262	0.00739
5	0.37415	0.00977	0.00974	0.00913	0.03046	0.01090	0.00717	0.01966	0.26548	0.10010	0.01537	0.01857	0.01242	0.00671	0.00455	0.00172	0.00418	0.08888	0.00434	0.00670
6	0.01373	0.55370	0.15587	0.01089	0.01564	0.11369	0.04457	0.01619	0.01107	0.01304	0.00773	0.00905	0.00663	0.00458	0.00385	0.00124	0.00644	0.00314	0.00226	0.00669
7	0.01176	0.03210	0.11497	0.01955	0.04942	0.01255	0.55582	0.01659	0.05219	0.01653	0.01172	0.01628	0.00935	0.00513	0.00585	0.00174	0.00790	0.05082	0.00280	0.00696
8	0.02266	0.00881	0.01190	0.00918	0.01311	0.00773	0.00756	0.02509	0.04165	0.76404	0.02027	0.01752	0.01281	0.00637	0.00516	0.00159	0.00436	0.00518	0.00631	0.00871
9	0.01270	0.01219	0.02083	0.03149	0.78767	0.01219	0.01575	0.01575	0.01168	0.01676	0.00965	0.01270	0.00813	0.00457	0.00508	0.00152	0.00610	0.00457	0.00254	0.00813
10	0.01140	0.12830	0.53712	0.06748	0.06186	0.06059	0.03282	0.01616	0.01104	0.01530	0.00890	0.01075	0.00665	0.00483	0.00471	0.00154	0.00731	0.00377	0.00224	0.00724
11	0.00625	0.00447	0.00595	0.00714	0.00744	0.00417	0.00476	0.00714	0.00982	0.01310	0.02828	0.81633	0.03394	0.01608	0.00655	0.00208	0.00298	0.01459	0.00476	0.00417
12	0.00625	0.00447	0.00595	0.00714	0.00744	0.00417	0.00476	0.00714	0.00982	0.01310	0.02828	0.81633	0.03394	0.01608	0.00655	0.00208	0.00298	0.01459	0.00476	0.00417
13	0.03711	0.00950	0.01315	0.01244	0.12486	0.00877	0.00876	0.03698	0.06212	0.60266	0.01836	0.01661	0.01202	0.00610	0.00511	0.00159	0.00461	0.00506	0.00565	0.00854
14	0.01214	0.01181	0.02069	0.16157	0.59798	0.01212	0.07764	0.01536	0.01148	0.01612	0.00962	0.01296	0.00788	0.00465	0.00517	0.00157	0.00643	0.00469	0.00250	0.00762
15	0.00733	0.00550	0.00825	0.00825	0.00916	0.00641	0.00641	0.00916	0.00825	0.01191	0.01374	0.02016	0.01283	0.03848	0.79934	0.00825	0.01374	0.00550	0.00275	0.00458
16	0.85592	0.00992	0.00754	0.00675	0.00992	0.01151	0.00556	0.01508	0.00873	0.02302	0.00714	0.00834	0.00556	0.00476	0.00318	0.00159	0.00397	0.00278	0.00318	0.00556
17	0.66796	0.01051	0.00892	0.00764	0.01090	0.01200	0.00628	0.15042	0.01175	0.02458	0.04278	0.01039	0.00804	0.00527	0.00365	0.00158	0.00420	0.00340	0.00364	0.00609
18	0.02302	0.00873	0.01191	0.00913	0.01310	0.00754	0.00754	0.02501	0.01469	0.79122	0.02024	0.01746	0.01270	0.00635	0.00516	0.00159	0.00437	0.00516	0.00635	0.00873
19	0.00733	0.00550	0.00825	0.00825	0.00916	0.00641	0.00641	0.00916	0.00825	0.01191	0.01374	0.02016	0.01283	0.03848	0.79934	0.00825	0.01374	0.00550	0.00275	0.00458
20	0.00624	0.00450	0.00592	0.00706	0.00742	0.00417	0.00472	0.00715	0.00991	0.01313	0.02934	0.78211	0.06747	0.01594	0.00653	0.00207	0.00296	0.01442	0.00476	0.00417
21	0.05684	0.00805	0.01047	0.00836	0.01177	0.00709	0.00680	0.02112	0.01390	0.60101	0.06115	0.04824	0.10682	0.00759	0.00527	0.00162	0.00400	0.00624	0.00593	0.00773
22	0.01276	0.01102	0.01160	0.01044	0.01334	0.01276	0.00812	0.02727	0.77840	0.02146	0.02088	0.01914	0.01566	0.00696	0.00522	0.00174	0.00406	0.00580	0.00522	0.00812
23	0.01951	0.01437	0.01540	0.01181	0.01591	0.01591	0.00975	0.77056	0.02412	0.03234	0.01232	0.01232	0.00873	0.00616	0.00513	0.00154	0.00565	0.00462	0.00513	0.00873
24	0.00612	0.00520	0.00527	0.00525	0.00696	0.00435	0.00394	0.00747	0.01182	0.01416	0.08468	0.04889	0.75270	0.01288	0.00606	0.00173	0.00259	0.01076	0.00480	0.00435
25	0.01501	0.01163	0.01246	0.01053	0.01373	0.01306	0.00834	0.25996	0.46315	0.05866	0.01867	0.01808	0.03010	0.03551	0.00595	0.00178	0.00457	0.00557	0.00516	0.00808
26	0.00633	0.00450	0.00593	0.00704	0.00732	0.00422	0.00465	0.00717	0.00967	0.01289	0.02748	0.76432	0.03292	0.06946	0.00785	0.00228	0.00311	0.01411	0.00465	0.00410
27	0.01974	0.01400	0.01517	0.01163	0.01573	0.01536	0.00961	0.72103	0.02350	0.08276	0.01285	0.01266	0.00899	0.00617	0.00513	0.00154	0.00556	0.00466	0.00521	0.00873
28	0.00626	0.00460	0.00585	0.00681	0.00734	0.00422	0.00460	0.00722	0.01015	0.01328	0.04368	0.67323	0.14940	0.02883	0.00679	0.00207	0.00294	0.01381	0.00475	0.00419
29	0.00641	0.00521	0.00568	0.00556	0.00714	0.00448	0.00417	0.00804	0.01251	0.01581	0.26424	0.04618	0.57211	0.01227	0.00606	0.00170	0.00255	0.01038	0.00502	0.00448
30	0.01951	0.01437	0.01540	0.01181	0.01591	0.01591	0.00975	0.77056	0.02412	0.03234	0.01232	0.01232	0.00873	0.00616	0.00513	0.00154	0.00565	0.00462	0.00513	0.00873
31	0.00724	0.00501	0.00553	0.00553	0.00581	0.00487	0.00323	0.00745	0.00813	0.01057	0.02181	0.03607	0.13955	0.69251	0.02296	0.00446	0.00460	0.00799	0.00337	0.00330
32	0.05455	0.01174	0.01292	0.01051	0.01411	0.01277	0.00850	0.30617	0.29647	0.19097	0.01692	0.01574	0.01197	0.00643	0.00508	0.00163	0.00472	0.00509	0.00534	0.00837
33	0.00808	0.00504	0.00661	0.00714	0.00802	0.00460	0.00500	0.00927	0.01095	0.09444	0.10857	0.59930	0.08485	0.01427	0.00632	0.00196	0.00304	0.01280	0.00502	0.00472
34	0.00944	0.00479	0.00483	0.00483	0.00595	0.00479	0.00356	0.01168	0.01056	0.01857	0.01670	0.02000	0.01348	0.05516	0.00495	0.00142	0.00255	0.00494	0.79708	0.00468
35	0.00733	0.00550	0.00825	0.00825	0.00916	0.00641	0.00641	0.00916	0.00825	0.01191	0.01374	0.02016	0.01283	0.03848	0.79934	0.00825	0.01374	0.00550	0.00275	0.00458
36	0.01100	0.00589	0.00773	0.00726	0.00885	0.00531	0.00537	0.01262	0.01250	0.21797	0.26261	0.28110	0.06841	0.06022	0.00719	0.00197	0.00327	0.00986	0.00535	0.00551
37	0.00737	0.00475	0.00635	0.00728	0.00782	0.00439	0.00495	0.00833	0.01015	0.06479	0.02775	0.76325	0.03253	0.01543	0.00646	0.00205	0.00307	0.01396	0.00487	0.00447
38	0.00659	0.00522	0.00593	0.00575	0.00726	0.00456	0.00432	0.00839	0.01295	0.01683	0.37580	0.04450	0.45991	0.01189	0.00606	0.00168	0.00252	0.01014	0.00516	0.00456
39	0.06080	0.06995	0.01547	0.03987	0.01606	0.24371	0.03314	0.30843	0.06497	0.08175	0.01140	0.01187	0.00845	0.00569	0.00480	0.00148	0.00654	0.00418	0.00403	0.00741
40	0.07243	0.01030	0.01257	0.00970	0.01365	0.01000	0.00801	0.22233	0.01683	0.54333	0.01735	0.01555	0.01121	0.00620	0.00503	0.00157	0.00468	0.00487	0.00584	0.00854
41	0.85592	0.00992	0.00754	0.00675	0.00992	0.01151	0.00556	0.01508	0.00873	0.02302	0.00714	0.00834	0.00556	0.00476	0.00318	0.00159	0.00397	0.00278	0.00318	0.00556
42	0.00689	0.00523	0.00634	0.00606	0.00744	0.00468	0.00455	0.00896	0.01365	0.01849	0.55739	0.04176	0.27728	0.01127	0.00606	0.00165	0.00248	0.00976	0.00537	0.00468
43	0.01372	0.82276	0.02689	0.00878	0.01317	0.02030	0.00878	0.01536	0.01043	0.01207	0.00713	0.00823	0.00658	0.00439	0.00329	0.00110	0.00549	0.00274	0.00219	0.00658
44	0.00729	0.00529	0.00689	0.00661	0.00784	0.00489	0.00504	0.00966	0.01424	0.01999	0.70873	0.04002	0.07319	0.01082	0.00612	0.00167	0.00258	0.05875	0.00556	0.00482
45	0.01405	0.01229	0.02382	0.01721	0.02201	0.01133	0.50515	0.03187	0.03658	0.15596	0.01237	0.01425	0.00891	0.00474	0.00559	0.00159	0.00711	0.00551	0.00345	0.10621
46	0.13319	0.07898	0.01394	0.00979	0.01374	0.01108	0.03601	0.16749	0.02941	0.43144	0.01548	0.01435	0.01032	0.00587	0.00476	0.00155	0.00481	0.00457	0.00518	0.00804
47	0.00633	0.00457	0.00599	0.00698	0.00743	0.00423	0.00472	0.00738	0.01033	0.01379	0.09511	0.70857	0.07471	0.01543	0.00648	0.00202	0.00291	0.01393	0.00484	0.00423
48	0.00625	0.00447	0.00595	0.00714	0.00744	0.00417	0.00476	0.00714	0.00982	0.01310	0.02828	0.81633	0.03394	0.01608	0.00655	0.00208	0.00298	0.01459	0.00476	0.00417
49	0.06143	0.04070	0.18904	0.01534	0.02015	0.04841	0.31929	0.03141	0.02540	0.10410	0.01268	0.08581	0.01037	0.00589	0.00539	0.00167	0.00694	0.00578	0.00324	0.00694
50	0.01299	0.01176	0.01991	0.09459	0.68462	0.01188	0.01519	0.01602	0.01172	0.05718	0.01016	0.01303	0.00826	0.00471	0.00509	0.00154	0.00607	0.00460	0.00272	0.00796
51	0.00704	0.00520	0.00645	0.00618	0.00739	0.00474	0.00455	0.00906	0.01344	0.01849	0.58421	0.05510	0.18196	0.06482	0.00740	0.00187	0.00263	0.00955	0.00530	0.00462
52	0.85592	0.00992	0.00754	0.00675	0.00992	0.01151	0.00556	0.01508	0.00873	0.02302	0.00714	0.00834	0.00556	0.00476	0.00318	0.00159	0.00397	0.00278	0.00318	0.00556
53	0.00609	0.00511	0.00529	0.00543	0.00699	0.00431	0.00400	0.00734	0.01147	0.01377	0.04916	0.14066	0.69613	0.01336	0.00612	0.00177	0.00264	0.01128	0.00476	0.00431
54	0.06113	0.01276	0.06530	0.01109	0.01454	0.01307	0.00956	0.33800	0.09004	0.16050	0.05118	0.01470	0.01145	0.00671	0.00666	0.00167	0.11427	0.00489	0.00469	0.00781
55	0.03226	0.00941	0.01071	0.00933	0.01215	0.01009	0.00732	0.03656	0.43136	0.18959	0.15763	0.03494	0.02085	0.00755	0.00533	0.00168	0.00384	0.00634	0.00549	0.00756
56	0.11857	0.35448	0.01896	0.01039	0.01402	0.27132	0.00889	0.12025	0.01343	0.01633	0.00810	0.00913	0.00676	0.00497	0.00396	0.00129	0.00655	0.00319	0.00286	0.00655
57	0.01388	0.09978	0.51858	0.01265	0.01900	0.01162	0.01505	0.01840	0.01178	0.21391	0.01183	0.01227	0.00809	0.00520	0.00479	0.00156	0.00656	0.00404	0.00324	0.00778
58	0.01340	0.01155	0.01270	0.01104	0.01413	0.02875	0.04218	0.06569	0.67519	0.03565	0.01969	0.01832	0.01471	0.00676	0.00524	0.00172	0.00446	0.00569	0.00507	0.00807
59	0.70582	0.01072	0.00895	0.00766	0.01100	0.01230	0.00631	0.15066	0.01149	0.02469	0.00807	0.00905	0.00613	0.00501	0.00353	0.00158	0.00427	0.00311	0.00353	0.00613
60	0.22214	0.02213	0.58156	0.01279	0.01922	0.01184	0.03011	0.01596	0.01033	0.01795	0.00871	0.01027	0.00629	0.00484	0.00447	0.00162	0.00670	0.00358	0.00243	0.00706
61	0.01266	0.01229	0.02140	0.03090	0.74168	0.01224	0.06128	0.01579	0.01171	0.01674	0.00970	0.01277	0.00811	0.00456	0.00514	0.00154	0.00625	0.00466	0.00254	0.00805
62	0.00729	0.00524	0.00681	0.00646	0.00759	0.00487	0.00480	0.00957	0.01405	0.01984	0.72488	0.03839	0.04628	0.05946	0.00728	0.00183	0.00262	0.02253	0.00548	0.00473
63	0.85592	0.00992	0.00754	0.00675	0.00992	0.01151	0.00556	0.01508	0.00873	0.02302	0.00714	0.00834	0.00556	0.00476	0.00318	0.00159	0.00397	0.00278	0.00318	0.00556
64	0.01310	0.01086	0.01181	0.01099	0.03878	0.01237	0.00828	0.02644	0.70616	0.05525	0.02102	0.01937	0.02847	0.00696	0.00523	0.00173	0.00412	0.00582	0.00517	0.00808
65	0.00742	0.00496	0.00561	0.00565	0.00566	0.00495	0.00316	0.00745	0.00754	0.01005	0.01657	0.05941	0.01916	0.79315	0.02547	0.00488	0.00491	0.00770	0.00316	0.00314
66	0.02302	0.00873	0.01191	0.00913	0.01310	0.00754	0.00754	0.02501	0.01469	0.79122	0.02024	0.01746	0.01270	0.00635	0.00516	0.00159	0.00437	0.00516	0.00635	0.00873
67	0.00624	0.00450	0.00591	0.00704	0.00742	0.00418	0.00472	0.00716	0.00992	0.01314	0.02953	0.77600	0.07346	0.01591	0.00652	0.00207	0.00296	0.01439	0.00476	0.00418
68	0.02302	0.00873	0.01191	0.00913	0.01310	0.00754	0.00754	0.02501	0.01469	0.79122	0.02024	0.01746	0.01270	0.00635	0.00516	0.00159	0.00437	0.00516	0.00635	0.00873
69	0.00733	0.00550	0.00825	0.00825	0.00916	0.00641	0.00641	0.00916	0.00825	0.01191	0.01374	0.02016	0.01283	0.03848	0.79934	0.00825	0.01374	0.00550	0.00275	0.00458
70	0.02302	0.00873	0.01191	0.00913	0.01310	0.00754	0.00754	0.02501	0.01469	0.79122	0.02024	0.01746	0.01270	0.00635	0.00516	0.00159	0.00437	0.00516	0.00635	0.00873
71	0.02302	0.00873	0.01191	0.00913	0.01310	0.00754	0.00754	0.02501	0.01469	0.79122	0.02024	0.01746	0.01270	0.00635	0.00516	0.00159	0.00437	0.00516	0.00635	0.00873
72	0.01123	0.01123	0.01572	0.01347	0.01347	0.01572	0.01123	0.01235	0.00786	0.01235	0.00674	0.01123	0.00674	0.00898	0.01684	0.00225	0.81028	0.00449	0.00225	0.00561
73	0.01270	0.01219	0.02083	0.03149	0.78767	0.01219	0.01575	0.01575	0.01168	0.01676	0.00965	0.01270	0.00813	0.00457	0.00508	0.00152	0.00610	0.00457	0.00254	0.00813
74	0.02302	0.00873	0.01191	0.00913	0.01310	0.00754	0.00754	0.02501	0.01469	0.79122	0.02024	0.01746	0.01270	0.00635	0.00516	0.00159	0.00437	0.00516	0.00635	0.00873
75	0.01954	0.00824	0.01096	0.00890	0.01217	0.00739	0.00713	0.06659	0.01431	0.59370	0.02133	0.17285	0.01660	0.00823	0.00543	0.00168	0.00417	0.00696	0.00597	0.00784
76	0.01951	0.01437	0.01540	0.01181	0.01591	0.01591	0.00975	0.77056	0.02412	0.03234	0.01232	0.01232	0.00873	0.00616	0.00513	0.00154	0.00565	0.00462	0.00513	0.00873
77	0.01064	0.00912	0.01064	0.00760	0.01216	0.00684	0.00608	0.01292	0.01064	0.01672	0.00912	0.01064	0.00760	0.00380	0.00380	0.00076	0.00380	0.00304	0.00304	0.85104
78	0.00630	0.00521	0.00552	0.00544	0.00707	0.00443	0.00408	0.00782	0.01225	0.01517	0.19483	0.04723	0.64191	0.01251	0.00606	0.00171	0.00256	0.01053	0.00494	0.00443
79	0.00969	0.00912	0.01539	0.80734	0.03534	0.01140	0.01425	0.01311	0.01026	0.01311	0.00912	0.01368	0.00684	0.00513	0.00513	0.00171	0.00684	0.00456	0.00228	0.00570
80	0.00746	0.00497	0.00560	0.00560	0.00560	0.00497	0.00311	0.00746	0.00746	0.00995	0.01617	0.03358	0.01865	0.81967	0.02612	0.00497	0.00497	0.00746	0.00311	0.00311
81	0.06173	0.00917	0.01045	0.00755	0.01202	0.00712	0.00605	0.01305	0.01052	0.01710	0.00900	0.01050	0.00748	0.00386	0.00376	0.00081	0.00381	0.00302	0.00305	0.79994
82	0.01064	0.00912	0.01064	0.00760	0.01216	0.00684	0.00608	0.01292	0.01064	0.01672	0.00912	0.01064	0.00760	0.00380	0.00380	0.00076	0.00380	0.00304	0.00304	0.85104
83	0.01276	0.01102	0.01160	0.01044	0.01334	0.01276	0.00812	0.02727	0.77840	0.02146	0.02088	0.01914	0.01566	0.00696	0.00522	0.00174	0.00406	0.00580	0.00522	0.00812
84	0.00726	0.00524	0.00686	0.00646	0.00767	0.00484	0.00484	0.00968	0.01452	0.02058	0.78496	0.03833	0.04841	0.01049	0.00605	0.00161	0.00242	0.00928	0.00565	0.00484
85	0.02302	0.00873	0.01191	0.00913	0.01310	0.00754	0.00754	0.02501	0.01469	0.79122	0.02024	0.01746	0.01270	0.00635	0.00516	0.00159	0.00437	0.00516	0.00635	0.00873
86	0.00625	0.00447	0.00595	0.00714	0.00744	0.00417	0.00476	0.00714	0.00982	0.01310	0.02828	0.81633	0.03394	0.01608	0.00655	0.00208	0.00298	0.01459	0.00476	0.00417
87	0.01276	0.01102	0.01160	0.01044	0.01334	0.01276	0.00812	0.02727	0.77840	0.02146	0.02088	0.01914	0.01566	0.00696	0.00522	0.00174	0.00406	0.00580	0.00522	0.00812
88	0.01064	0.00912	0.01064	0.00760	0.01216	0.00684	0.00608	0.01292	0.01064	0.01672	0.00912	0.01064	0.00760	0.00380	0.00380	0.00076	0.00380	0.00304	0.00304	0.85104
89	0.00651	0.00519	0.00585	0.00584	0.00731	0.00453	0.00439	0.00816	0.01243	0.01587	0.26874	0.09273	0.49314	0.01247	0.00613	0.00174	0.00264	0.03681	0.00503	0.00449
90	0.00726	0.00524	0.00686	0.00646	0.00767	0.00484	0.00484	0.00968	0.01452	0.02058	0.78496	0.03833	0.04841	0.01049	0.00605	0.00161	0.00242	0.00928	0.00565	0.00484
91	0.02302	0.00873	0.01191	0.00913	0.01310	0.00754	0.00754	0.02501	0.01469	0.79122	0.02024	0.01746	0.01270	0.00635	0.00516	0.00159	0.00437	0.00516	0.00635	0.00873
92	0.29032	0.01415	0.01291	0.09061	0.06707	0.16913	0.00921	0.22696	0.03865	0.02209	0.00954	0.01079	0.00726	0.00535	0.00439	0.00153	0.00591	0.00379	0.00355	0.00678
93	0.00876	0.00456	0.00670	0.00670	0.00679	0.00462	0.00451	0.00699	0.00691	0.00937	0.00972	0.01678	0.00970	0.05473	0.07176	0.73943	0.00505	0.00467	0.01980	0.00248
94	0.00647	0.00521	0.00564	0.00585	0.00725	0.00456	0.00437	0.00773	0.01116	0.01359	0.04401	0.09971	0.57328	0.09424	0.00822	0.00215	0.00310	0.09464	0.00459	0.00424
95	0.82604	0.00989	0.00782	0.03502	0.01082	0.01151	0.00586	0.01501	0.00879	0.02267	0.00721	0.00852	0.00560	0.00478	0.00324	0.00159	0.00407	0.00284	0.00314	0.00556
96	0.03008	0.01208	0.02044	0.04648	0.75655	0.01216	0.01551	0.01568	0.01159	0.01682	0.00959	0.01263	0.00805	0.00459	0.00504	0.00153	0.00607	0.00453	0.00255	0.00803
97	0.01156	0.10244	0.01854	0.03910	0.53966	0.01164	0.01275	0.01416	0.01161	0.01584	0.04146	0.01870	0.12889	0.00605	0.00506	0.00151	0.00538	0.00548	0.00294	0.00721
98	0.01065	0.00768	0.01090	0.10090	0.12031	0.00759	0.00802	0.02708	0.05174	0.10153	0.41317	0.02680	0.02971	0.00800	0.00553	0.00157	0.00385	0.00705	0.00474	0.05316
99	0.02839	0.32420	0.19837	0.02981	0.19006	0.02747	0.02603	0.01635	0.02607	0.05779	0.02536	0.01139	0.00830	0.00486	0.00436	0.00140	0.00606	0.00382	0.00266	0.00723
100	0.16359	0.08838	0.13117	0.01976	0.36022	0.03654	0.02674	0.01603	0.02260	0.03233	0.00922	0.01123	0.00741	0.00468	0.00449	0.00147	0.00584	0.00391	0.00271	0.05169

[dist]
# distance from previous block
# <min> <max>
0	14

# created by:
# /st0/software/busco_prod/Augustus/scripts/msa2prfl.pl ./align_prep/218947.fa
