[name]
unknown

[dist]
# distance from previous block
# <min> <max>
10	231

[block]
# block no. 0 follows, 50 sequences, length 11
# corresponding to MSA columns:
# 242-252
name=unknown_A
#
# <colnr> <probs for GDERKNQSTAVLIFYWHMCP>
#	G	D	E	R	K	N	Q	S	T	A	V	L	I	F	Y	W	H	M	C	P
0	0.03712	0.00902	0.01365	0.10346	0.11980	0.00924	0.10465	0.09034	0.01153	0.03834	0.04132	0.08577	0.01422	0.13606	0.00894	0.01353	0.02871	0.05675	0.00337	0.07416
1	0.07175	0.00981	0.03530	0.22035	0.01846	0.01038	0.03293	0.15948	0.01307	0.10466	0.04062	0.09300	0.01317	0.00731	0.00587	0.00169	0.05750	0.06424	0.00380	0.03662
2	0.00886	0.00729	0.01114	0.13267	0.02761	0.00773	0.07776	0.01062	0.01000	0.04344	0.08088	0.23073	0.04722	0.12637	0.00965	0.00222	0.09280	0.01990	0.00357	0.04953
3	0.05167	0.01130	0.06715	0.10823	0.05899	0.01066	0.19743	0.12166	0.01280	0.07364	0.06453	0.10303	0.01314	0.00657	0.00572	0.00163	0.03884	0.00602	0.00352	0.04347
4	0.00886	0.00622	0.00817	0.09518	0.01101	0.00627	0.00606	0.01077	0.01211	0.09574	0.33956	0.03313	0.21946	0.06231	0.00766	0.00186	0.05800	0.00805	0.00460	0.00500
5	0.07835	0.02171	0.02849	0.00958	0.01238	0.04848	0.08570	0.11797	0.09846	0.01867	0.12844	0.03310	0.05358	0.07225	0.04304	0.00204	0.00508	0.02013	0.02343	0.09916
6	0.01046	0.00510	0.00544	0.00514	0.00664	0.00491	0.00393	0.01265	0.01094	0.10365	0.01934	0.02073	0.07436	0.00639	0.00384	0.00124	0.00255	0.00515	0.69251	0.00503
7	0.01392	0.00996	0.01458	0.46060	0.06485	0.01128	0.01181	0.16845	0.01355	0.16484	0.01155	0.01367	0.00815	0.00538	0.00499	0.00160	0.00592	0.00455	0.00353	0.00680
8	0.01126	0.01247	0.10381	0.21119	0.47773	0.01128	0.01467	0.01456	0.01087	0.01539	0.00917	0.01223	0.00739	0.00455	0.00484	0.00148	0.00610	0.00426	0.00240	0.06436
9	0.07877	0.01023	0.01516	0.15550	0.34598	0.04363	0.03321	0.01422	0.01089	0.06584	0.01246	0.13635	0.01152	0.00637	0.00498	0.00157	0.00542	0.00576	0.00307	0.03906
10	0.20496	0.10466	0.32197	0.05508	0.04994	0.01210	0.01214	0.06483	0.01110	0.07036	0.00920	0.01044	0.00679	0.00479	0.00421	0.00147	0.00576	0.00353	0.00285	0.04381

[dist]
# distance from previous block
# <min> <max>
3	42

[block]
# block no. 1 follows, 50 sequences, length 23
# corresponding to MSA columns:
# 295-317
name=unknown_B
#
# <colnr> <probs for GDERKNQSTAVLIFYWHMCP>
#	G	D	E	R	K	N	Q	S	T	A	V	L	I	F	Y	W	H	M	C	P
0	0.02304	0.06005	0.03276	0.02353	0.14441	0.06780	0.01907	0.02303	0.01061	0.01445	0.01663	0.06909	0.13134	0.04169	0.03046	0.00175	0.08203	0.00558	0.00307	0.19961
1	0.13326	0.04162	0.01184	0.00976	0.01143	0.00995	0.07053	0.02317	0.00957	0.01508	0.06290	0.02032	0.06027	0.02761	0.18419	0.00320	0.19567	0.05992	0.03044	0.01927
2	0.00941	0.00787	0.00934	0.00729	0.01081	0.00608	0.00563	0.01133	0.01016	0.01547	0.01292	0.18743	0.01297	0.00629	0.00427	0.00102	0.00352	0.00540	0.00332	0.66947
3	0.00716	0.00519	0.00727	0.00727	0.00790	0.00583	0.00530	0.00842	0.00779	0.01102	0.01403	0.02335	0.01410	0.26521	0.57948	0.00709	0.01089	0.00589	0.00277	0.00404
4	0.01294	0.01590	0.20002	0.04381	0.47264	0.08540	0.01495	0.01635	0.01157	0.06525	0.00976	0.01192	0.00764	0.00470	0.00485	0.00149	0.00646	0.00419	0.00262	0.00755
5	0.00705	0.00510	0.00666	0.00627	0.00745	0.00470	0.00470	0.00941	0.01411	0.01999	0.79110	0.03723	0.04703	0.01019	0.00588	0.00157	0.00235	0.00901	0.00549	0.00470
6	0.00774	0.00786	0.06631	0.08871	0.06885	0.00663	0.03644	0.01028	0.02460	0.01553	0.20463	0.06042	0.31731	0.00990	0.00571	0.00168	0.00387	0.05424	0.00417	0.00512
7	0.00944	0.07836	0.52883	0.01165	0.01712	0.01031	0.01399	0.01400	0.01146	0.01663	0.22017	0.01756	0.01732	0.00618	0.00493	0.00154	0.00586	0.00505	0.00302	0.00658
8	0.00735	0.00533	0.00603	0.00586	0.00753	0.00463	0.00452	0.00897	0.01216	0.06474	0.20975	0.04424	0.52306	0.01176	0.00590	0.00169	0.00275	0.06421	0.00491	0.00462
9	0.01350	0.01126	0.01189	0.01037	0.01338	0.01291	0.00816	0.15333	0.65608	0.02264	0.01888	0.01748	0.01408	0.00663	0.00506	0.00166	0.00421	0.00544	0.00506	0.00799
10	0.01034	0.00886	0.01034	0.00738	0.01181	0.00664	0.00591	0.01255	0.01034	0.01624	0.00886	0.01034	0.00738	0.00369	0.00369	0.00074	0.00369	0.00295	0.00295	0.85530
11	0.01034	0.00886	0.01034	0.00738	0.01181	0.00664	0.00591	0.01255	0.01034	0.01624	0.00886	0.01034	0.00738	0.00369	0.00369	0.00074	0.00369	0.00295	0.00295	0.85530
12	0.01094	0.01046	0.06787	0.00817	0.01278	0.00764	0.00707	0.06824	0.01130	0.01731	0.00909	0.01047	0.00738	0.00393	0.00386	0.00085	0.00409	0.00312	0.00304	0.73238
13	0.01073	0.01012	0.01669	0.45937	0.32021	0.01146	0.01397	0.01469	0.06591	0.01466	0.00987	0.01331	0.00773	0.00491	0.00497	0.00159	0.00618	0.00452	0.00251	0.00660
14	0.01640	0.01608	0.06344	0.01234	0.06198	0.23995	0.00969	0.34434	0.01709	0.02180	0.01083	0.01189	0.00823	0.00561	0.00492	0.00141	0.02683	0.00409	0.11608	0.00701
15	0.00607	0.00434	0.00578	0.00694	0.00723	0.00405	0.00463	0.00694	0.00954	0.01272	0.02747	0.82157	0.03297	0.01562	0.00636	0.00202	0.00289	0.01417	0.00463	0.00405
16	0.86003	0.00964	0.00733	0.00655	0.00964	0.01118	0.00540	0.01465	0.00848	0.02236	0.00694	0.00810	0.00540	0.00463	0.00308	0.00154	0.00386	0.00270	0.00308	0.00540
17	0.00681	0.00535	0.00626	0.00584	0.00747	0.00464	0.00441	0.00870	0.01269	0.01700	0.42605	0.03975	0.35417	0.01073	0.00573	0.00156	0.00252	0.00920	0.00495	0.06619
18	0.00965	0.00915	0.01453	0.53835	0.02674	0.01185	0.01249	0.01226	0.00919	0.01245	0.00856	0.01311	0.00704	0.00836	0.06665	0.00227	0.22520	0.00448	0.00224	0.00543
19	0.01131	0.00611	0.00778	0.07727	0.05961	0.00613	0.00602	0.01370	0.01110	0.13116	0.01641	0.02022	0.01303	0.00628	0.00418	0.00136	0.00337	0.05947	0.54001	0.00548
20	0.00666	0.00462	0.00578	0.00648	0.00670	0.00446	0.00419	0.00727	0.00875	0.01164	0.02272	0.46059	0.02679	0.33786	0.01397	0.00316	0.00377	0.05693	0.00398	0.00367
21	0.01067	0.00906	0.01052	0.00754	0.01196	0.00699	0.00605	0.04261	0.01085	0.01684	0.00898	0.01040	0.00743	0.00378	0.00374	0.00077	0.00376	0.00301	0.00303	0.82200
22	0.01259	0.01022	0.01268	0.01211	0.11862	0.01032	0.00847	0.19738	0.08825	0.03269	0.08474	0.04685	0.01355	0.00627	0.00555	0.00138	0.05961	0.01812	0.00391	0.25670

[dist]
# distance from previous block
# <min> <max>
0	29

[block]
# block no. 2 follows, 50 sequences, length 12
# corresponding to MSA columns:
# 368-379
name=unknown_C
#
# <colnr> <probs for GDERKNQSTAVLIFYWHMCP>
#	G	D	E	R	K	N	Q	S	T	A	V	L	I	F	Y	W	H	M	C	P
0	0.01862	0.02376	0.01413	0.01284	0.01541	0.80482	0.00963	0.01990	0.01413	0.01220	0.00770	0.00899	0.00642	0.00514	0.00449	0.00128	0.00899	0.00321	0.00257	0.00578
1	0.00858	0.00689	0.00794	0.00802	0.00955	0.00726	0.00606	0.01444	0.28378	0.01650	0.08726	0.28970	0.12674	0.01147	0.00587	0.00186	0.00336	0.09434	0.00485	0.00554
2	0.01149	0.01223	0.02238	0.01701	0.01991	0.01362	0.41369	0.01532	0.07603	0.01484	0.00958	0.01290	0.00782	0.00617	0.00987	0.00188	0.32104	0.00527	0.00261	0.00633
3	0.04644	0.00655	0.00560	0.00545	0.00682	0.07590	0.00411	0.01248	0.01069	0.01818	0.01510	0.01728	0.01190	0.00570	0.00356	0.00119	0.00298	0.00444	0.74085	0.00478
4	0.86003	0.00964	0.00733	0.00655	0.00964	0.01118	0.00540	0.01465	0.00848	0.02236	0.00694	0.00810	0.00540	0.00463	0.00308	0.00154	0.00386	0.00270	0.00308	0.00540
5	0.01076	0.20859	0.62284	0.01291	0.01957	0.01343	0.01616	0.01559	0.01043	0.01486	0.00849	0.00995	0.00633	0.00463	0.00439	0.00146	0.00690	0.00345	0.00211	0.00715
6	0.04230	0.01430	0.07062	0.01175	0.01544	0.10003	0.07719	0.30811	0.21196	0.02280	0.01486	0.01495	0.04459	0.00609	0.00497	0.00155	0.00563	0.00492	0.02052	0.00743
7	0.00666	0.00504	0.00614	0.00596	0.00723	0.00452	0.00443	0.00860	0.01304	0.01766	0.53014	0.08818	0.26174	0.01123	0.00591	0.00163	0.00243	0.00976	0.00519	0.00452
8	0.01133	0.07313	0.23326	0.01098	0.01503	0.01204	0.01080	0.02107	0.44009	0.01819	0.01732	0.01884	0.03266	0.00663	0.00499	0.00165	0.00501	0.05568	0.00398	0.00732
9	0.00616	0.00498	0.00548	0.00552	0.00694	0.00430	0.00408	0.00762	0.01177	0.01481	0.20949	0.12842	0.54817	0.01241	0.00594	0.00169	0.00253	0.01058	0.00482	0.00430
10	0.01129	0.02131	0.57900	0.08354	0.10451	0.01118	0.01671	0.01623	0.01090	0.08489	0.00993	0.01152	0.00705	0.00485	0.00480	0.00157	0.00687	0.00395	0.00251	0.00737
11	0.58718	0.15180	0.01162	0.00779	0.01106	0.09777	0.00657	0.04922	0.01003	0.01985	0.00724	0.00835	0.00582	0.00468	0.00334	0.00143	0.00473	0.00283	0.00295	0.00575

[dist]
# distance from previous block
# <min> <max>
0	1

[block]
# block no. 3 follows, 50 sequences, length 22
# corresponding to MSA columns:
# 381-402
name=unknown_D
#
# <colnr> <probs for GDERKNQSTAVLIFYWHMCP>
#	G	D	E	R	K	N	Q	S	T	A	V	L	I	F	Y	W	H	M	C	P
0	0.10573	0.01334	0.08767	0.07516	0.11301	0.01213	0.38158	0.07838	0.01221	0.05753	0.01012	0.01253	0.00751	0.00462	0.00519	0.00161	0.00695	0.00492	0.00291	0.00692
1	0.05867	0.00907	0.01060	0.00901	0.01168	0.02518	0.00713	0.11947	0.17801	0.23549	0.01535	0.01613	0.01147	0.01267	0.14316	0.09631	0.00597	0.00486	0.00444	0.02535
2	0.00713	0.00528	0.00773	0.00773	0.00852	0.00608	0.00588	0.00872	0.00793	0.01136	0.01361	0.02101	0.01308	0.12380	0.71951	0.00766	0.01242	0.00555	0.00271	0.00429
3	0.00978	0.00809	0.00895	0.00821	0.01032	0.00876	0.00631	0.01829	0.42583	0.01973	0.29770	0.02845	0.11174	0.00862	0.00545	0.00165	0.00322	0.00737	0.00517	0.00635
4	0.00663	0.00508	0.00607	0.00582	0.00719	0.00452	0.00437	0.00858	0.01310	0.01760	0.51981	0.04117	0.31981	0.01108	0.00588	0.00161	0.00241	0.00957	0.00517	0.00452
5	0.01716	0.08508	0.01664	0.01201	0.01583	0.10190	0.07212	0.48852	0.09849	0.02525	0.01176	0.01210	0.00869	0.00568	0.00486	0.00147	0.00594	0.00442	0.00428	0.00780
6	0.08905	0.00950	0.01222	0.16689	0.01703	0.00982	0.00874	0.10566	0.09308	0.41250	0.01567	0.01510	0.01050	0.00585	0.00485	0.00158	0.00479	0.00471	0.00489	0.00758
7	0.00705	0.00510	0.00666	0.00627	0.00745	0.00470	0.00470	0.00941	0.01411	0.01999	0.79110	0.03723	0.04703	0.01019	0.00588	0.00157	0.00235	0.00901	0.00549	0.00470
8	0.01134	0.00909	0.00983	0.00880	0.01119	0.01010	0.00684	0.08426	0.46627	0.02110	0.18025	0.02294	0.04852	0.00753	0.00512	0.00160	0.00355	0.00633	0.07846	0.00687
9	0.00969	0.00878	0.01155	0.01057	0.01128	0.01118	0.00838	0.01335	0.16063	0.01386	0.01478	0.20093	0.01497	0.01286	0.09244	0.00264	0.38625	0.00698	0.00336	0.00550
10	0.00988	0.00960	0.01699	0.49500	0.04207	0.01115	0.15372	0.01305	0.01029	0.01357	0.01082	0.01781	0.00925	0.00612	0.00634	0.00178	0.07674	0.08763	0.00253	0.00569
11	0.00713	0.00530	0.00780	0.00780	0.00862	0.00612	0.00597	0.00877	0.00795	0.01141	0.01354	0.02065	0.01293	0.10200	0.74109	0.00775	0.01265	0.00550	0.00270	0.00433
12	0.01251	0.01266	0.02400	0.09117	0.24127	0.01257	0.41203	0.09903	0.01277	0.01747	0.00999	0.01296	0.00768	0.00453	0.00544	0.00160	0.00723	0.00520	0.00275	0.00714
13	0.00607	0.00434	0.00578	0.00694	0.00723	0.00405	0.00463	0.00694	0.00954	0.01272	0.02747	0.82157	0.03297	0.01562	0.00636	0.00202	0.00289	0.01417	0.00463	0.00405
14	0.00946	0.01204	0.16818	0.52248	0.02783	0.01100	0.01374	0.01300	0.01022	0.01387	0.07287	0.01451	0.00989	0.00568	0.00597	0.00168	0.07465	0.00465	0.00246	0.00582
15	0.09796	0.01005	0.01607	0.28909	0.39006	0.01103	0.01301	0.01382	0.01030	0.01531	0.00930	0.01285	0.00761	0.00749	0.07400	0.00211	0.00660	0.00434	0.00246	0.00655
16	0.86003	0.00964	0.00733	0.00655	0.00964	0.01118	0.00540	0.01465	0.00848	0.02236	0.00694	0.00810	0.00540	0.00463	0.00308	0.00154	0.00386	0.00270	0.00308	0.00540
17	0.01180	0.01130	0.01927	0.17319	0.65531	0.01170	0.01503	0.01483	0.01110	0.01564	0.00928	0.01251	0.00767	0.00454	0.00494	0.00151	0.00605	0.00444	0.00242	0.00747
18	0.00712	0.00534	0.00801	0.00801	0.00890	0.00623	0.00623	0.00890	0.00801	0.01157	0.01335	0.01958	0.01246	0.03738	0.80507	0.00801	0.01335	0.00534	0.00267	0.00445
19	0.00988	0.08610	0.40479	0.23546	0.02310	0.01146	0.04388	0.01422	0.01075	0.01503	0.08912	0.01393	0.01064	0.00530	0.00484	0.00156	0.00652	0.00444	0.00250	0.00648
20	0.01096	0.00938	0.01290	0.31493	0.02101	0.00921	0.02509	0.07737	0.01140	0.03031	0.00934	0.01178	0.00729	0.00443	0.00436	0.00119	0.00507	0.00374	0.00289	0.42734
21	0.02996	0.28189	0.01817	0.07342	0.01558	0.08271	0.00936	0.31703	0.03312	0.02001	0.00960	0.01096	0.00767	0.02185	0.00532	0.00146	0.04767	0.00382	0.00341	0.00700

[dist]
# distance from previous block
# <min> <max>
0	2

[block]
# block no. 4 follows, 50 sequences, length 25
# corresponding to MSA columns:
# 405-429
name=unknown_E
#
# <colnr> <probs for GDERKNQSTAVLIFYWHMCP>
#	G	D	E	R	K	N	Q	S	T	A	V	L	I	F	Y	W	H	M	C	P
0	0.10970	0.03798	0.47443	0.01288	0.01766	0.01272	0.01461	0.01460	0.00948	0.01543	0.00801	0.01029	0.00627	0.00580	0.00769	0.00173	0.22817	0.00373	0.00224	0.00659
1	0.01408	0.01271	0.01813	0.09288	0.34679	0.09004	0.10157	0.08258	0.08820	0.08644	0.01144	0.01321	0.00875	0.00504	0.00503	0.00153	0.00620	0.00466	0.00326	0.00744
2	0.08316	0.00903	0.01408	0.69668	0.03096	0.01116	0.01277	0.01370	0.05465	0.01404	0.00935	0.01315	0.00703	0.00506	0.00482	0.00165	0.00625	0.00435	0.00246	0.00566
3	0.00621	0.00445	0.00591	0.00684	0.00726	0.00414	0.00464	0.00730	0.01020	0.01377	0.13783	0.70822	0.03500	0.01483	0.00629	0.00196	0.00281	0.01342	0.00475	0.00414
4	0.01191	0.54548	0.22808	0.00998	0.01477	0.01641	0.01093	0.01463	0.01005	0.01278	0.00802	0.00966	0.00690	0.00725	0.07296	0.00180	0.00656	0.00316	0.00217	0.00648
5	0.00705	0.00510	0.00666	0.00627	0.00745	0.00470	0.00470	0.00941	0.01411	0.01999	0.79110	0.03723	0.04703	0.01019	0.00588	0.00157	0.00235	0.00901	0.00549	0.00470
6	0.00900	0.01075	0.10862	0.01383	0.01699	0.00861	0.33393	0.01190	0.01065	0.01452	0.01789	0.36299	0.01894	0.00944	0.00598	0.00183	0.00580	0.02931	0.00344	0.00559
7	0.09107	0.01380	0.08222	0.01129	0.01550	0.01339	0.05371	0.50302	0.01864	0.02635	0.01127	0.03378	0.00853	0.00569	0.00476	0.00146	0.00542	0.00446	0.00422	0.09141
8	0.01560	0.01019	0.01151	0.00982	0.01299	0.01103	0.00779	0.05676	0.52701	0.24937	0.01976	0.01784	0.01409	0.00656	0.00505	0.00164	0.00410	0.00541	0.00539	0.00809
9	0.52166	0.01219	0.10170	0.00858	0.01241	0.01160	0.00786	0.15335	0.01202	0.10393	0.00941	0.01000	0.00678	0.00505	0.00382	0.00154	0.00460	0.00338	0.00363	0.00650
10	0.00941	0.00886	0.01495	0.81285	0.03433	0.01107	0.01384	0.01274	0.00997	0.01274	0.00886	0.01329	0.00664	0.00498	0.00498	0.00166	0.00664	0.00443	0.00221	0.00554
11	0.00741	0.00515	0.00773	0.00773	0.00845	0.00587	0.00587	0.00845	0.00773	0.01103	0.01247	0.01875	0.01175	0.03363	0.65799	0.16659	0.01166	0.00515	0.00258	0.00402
12	0.00645	0.00498	0.00573	0.00595	0.00709	0.00447	0.00435	0.00777	0.01104	0.01407	0.15893	0.16682	0.39547	0.10776	0.00833	0.00214	0.00301	0.07688	0.00457	0.00416
13	0.00776	0.00489	0.00651	0.00694	0.00777	0.00450	0.00489	0.00909	0.01110	0.08403	0.21674	0.55518	0.03464	0.01343	0.00612	0.00187	0.00288	0.01208	0.00498	0.00460
14	0.01862	0.02376	0.01413	0.01284	0.01541	0.80482	0.00963	0.01990	0.01413	0.01220	0.00770	0.00899	0.00642	0.00514	0.00449	0.00128	0.00899	0.00321	0.00257	0.00578
15	0.00948	0.00676	0.01039	0.01082	0.07813	0.00646	0.08216	0.01176	0.05534	0.10556	0.02285	0.51964	0.02479	0.01188	0.00597	0.00187	0.00394	0.02238	0.00444	0.00539
16	0.00892	0.00687	0.00945	0.00897	0.01017	0.00804	0.00719	0.09912	0.01012	0.01426	0.01389	0.02156	0.01308	0.02890	0.56459	0.00618	0.08096	0.07961	0.00309	0.00502
17	0.00621	0.00439	0.00574	0.00677	0.00703	0.00414	0.00445	0.00698	0.00928	0.01238	0.02614	0.73239	0.03129	0.10709	0.00851	0.00234	0.00311	0.01339	0.00445	0.00393
18	0.01103	0.25729	0.54594	0.01283	0.01921	0.01397	0.04460	0.01554	0.01046	0.01462	0.00841	0.00990	0.00639	0.00458	0.00433	0.00143	0.00682	0.00347	0.00213	0.00706
19	0.04918	0.06168	0.01533	0.01225	0.01545	0.46604	0.05349	0.16696	0.01540	0.08440	0.00964	0.01043	0.00736	0.00527	0.00460	0.00137	0.00748	0.00372	0.00334	0.00661
20	0.00806	0.00489	0.00654	0.00711	0.00789	0.00449	0.00495	0.00919	0.01050	0.10508	0.09421	0.65802	0.03180	0.01403	0.00616	0.00193	0.00300	0.01264	0.00488	0.00462
21	0.00632	0.00460	0.00599	0.00674	0.00724	0.00443	0.00461	0.00731	0.00944	0.01257	0.04723	0.55059	0.10421	0.08968	0.11144	0.00300	0.00437	0.01192	0.00425	0.00404
22	0.01122	0.16346	0.28592	0.10985	0.09863	0.01333	0.20519	0.01521	0.01073	0.01473	0.00886	0.01131	0.00684	0.00458	0.00499	0.00152	0.02032	0.00422	0.00226	0.00684
23	0.08763	0.01189	0.01857	0.01684	0.15409	0.08207	0.27220	0.01709	0.01196	0.18433	0.01308	0.08474	0.01061	0.00580	0.00520	0.00160	0.00624	0.00566	0.00354	0.00687
24	0.01678	0.08429	0.01494	0.08952	0.01630	0.01351	0.00917	0.43664	0.06276	0.11543	0.01233	0.01257	0.00886	0.00560	0.00472	0.00143	0.00520	0.00432	0.00443	0.08121

[dist]
# distance from previous block
# <min> <max>
0	22

# created by:
# /st0/software/busco_prod/Augustus/scripts/msa2prfl.pl ./align_prep/219128.fa
