[name]
unknown

[dist]
# distance from previous block
# <min> <max>
16	47

[block]
# block no. 0 follows, 46 sequences, length 9
# corresponding to MSA columns:
# 51-59
name=unknown_A
#
# <colnr> <probs for GDERKNQSTAVLIFYWHMCP>
#	G	D	E	R	K	N	Q	S	T	A	V	L	I	F	Y	W	H	M	C	P
0	0.05845	0.01228	0.05806	0.27056	0.11276	0.04135	0.08029	0.08017	0.06848	0.09124	0.01187	0.01440	0.00893	0.02514	0.00570	0.00173	0.00636	0.00481	0.00340	0.04402
1	0.01186	0.00946	0.01229	0.15434	0.08368	0.03045	0.00912	0.10300	0.06535	0.05689	0.08557	0.09640	0.05333	0.06200	0.00827	0.03901	0.05113	0.00664	0.00394	0.05729
2	0.08754	0.00924	0.01279	0.21013	0.01839	0.00990	0.06918	0.07197	0.05361	0.04224	0.05317	0.04765	0.03523	0.12590	0.02318	0.00227	0.02272	0.00585	0.00355	0.09551
3	0.01278	0.06287	0.01467	0.21385	0.10561	0.03195	0.01036	0.04520	0.16161	0.07646	0.07047	0.03324	0.01339	0.00615	0.00508	0.00155	0.00529	0.00522	0.00383	0.12042
4	0.05304	0.01048	0.01259	0.07490	0.06372	0.05664	0.04145	0.08488	0.11271	0.05623	0.01506	0.08528	0.03657	0.02286	0.00690	0.07842	0.00510	0.00565	0.00380	0.17373
5	0.03897	0.01221	0.06543	0.21761	0.17968	0.03050	0.01235	0.06302	0.13616	0.01756	0.01421	0.01626	0.05824	0.00635	0.00631	0.00171	0.07851	0.00512	0.00330	0.03650
6	0.09941	0.00658	0.00695	0.00645	0.00836	0.00637	0.00496	0.01060	0.01143	0.08523	0.03893	0.03865	0.50007	0.06340	0.00781	0.00199	0.05442	0.00887	0.03449	0.00503
7	0.01455	0.01117	0.01354	0.18131	0.01874	0.01204	0.00964	0.33852	0.05090	0.04025	0.03221	0.08959	0.01235	0.00688	0.00522	0.00157	0.00530	0.00567	0.02183	0.12872
8	0.01188	0.00797	0.00932	0.00802	0.01010	0.04951	0.07391	0.04777	0.06113	0.06093	0.06592	0.01955	0.01499	0.00636	0.00441	0.00139	0.00380	0.00535	0.53187	0.00581

[dist]
# distance from previous block
# <min> <max>
0	24

[block]
# block no. 1 follows, 46 sequences, length 9
# corresponding to MSA columns:
# 84-92
name=unknown_B
#
# <colnr> <probs for GDERKNQSTAVLIFYWHMCP>
#	G	D	E	R	K	N	Q	S	T	A	V	L	I	F	Y	W	H	M	C	P
0	0.38811	0.01446	0.16987	0.01095	0.03996	0.06520	0.05776	0.01584	0.03958	0.02010	0.07891	0.01512	0.05237	0.00600	0.00449	0.00165	0.00540	0.00455	0.00335	0.00633
1	0.00935	0.00617	0.04965	0.00832	0.03928	0.00536	0.00581	0.00784	0.00737	0.00997	0.00958	0.01656	0.00949	0.05472	0.01948	0.72626	0.00486	0.00471	0.00235	0.00289
2	0.01413	0.81739	0.02770	0.00905	0.01357	0.02092	0.00905	0.01583	0.01074	0.01244	0.00735	0.00848	0.00678	0.00452	0.00339	0.00113	0.00565	0.00283	0.00226	0.00678
3	0.01096	0.00940	0.01096	0.00783	0.01253	0.00705	0.00626	0.01331	0.01096	0.01723	0.00940	0.01096	0.00783	0.00392	0.00392	0.00078	0.00392	0.00313	0.00313	0.84653
4	0.01123	0.10298	0.62676	0.01643	0.10697	0.01315	0.01814	0.01659	0.01122	0.01638	0.00933	0.01111	0.00689	0.00494	0.00489	0.00161	0.00743	0.00389	0.00228	0.00778
5	0.77849	0.01154	0.00840	0.00754	0.01076	0.08047	0.00612	0.01603	0.00952	0.02277	0.00743	0.00867	0.00582	0.00495	0.00340	0.00161	0.00457	0.00291	0.00322	0.00576
6	0.00664	0.00507	0.00610	0.00647	0.00754	0.00453	0.00462	0.00812	0.01205	0.01576	0.23144	0.34430	0.30034	0.01396	0.00644	0.00189	0.00278	0.01225	0.00514	0.00453
7	0.00683	0.00476	0.00602	0.00687	0.00708	0.00455	0.00438	0.00746	0.00937	0.01249	0.02528	0.57057	0.03009	0.26340	0.01299	0.00307	0.00370	0.01276	0.00438	0.00396
8	0.74349	0.01009	0.00860	0.06212	0.01223	0.01161	0.00647	0.01601	0.00947	0.06879	0.00831	0.00953	0.00626	0.00503	0.00353	0.00164	0.00432	0.00314	0.00340	0.00593

[dist]
# distance from previous block
# <min> <max>
0	1

[block]
# block no. 2 follows, 46 sequences, length 68
# corresponding to MSA columns:
# 94-96,98-162
name=unknown_C
#
# <colnr> <probs for GDERKNQSTAVLIFYWHMCP>
#	G	D	E	R	K	N	Q	S	T	A	V	L	I	F	Y	W	H	M	C	P
0	0.01413	0.00961	0.01201	0.04153	0.04242	0.00793	0.00744	0.04210	0.01238	0.18666	0.01205	0.01278	0.00902	0.00466	0.00438	0.00107	0.00432	0.00379	0.00391	0.56782
1	0.01215	0.01108	0.08542	0.01997	0.01395	0.00768	0.00780	0.01485	0.01138	0.09175	0.01052	0.01171	0.00822	0.00430	0.00418	0.00097	0.00439	0.00344	0.00337	0.67287
2	0.11050	0.01337	0.03987	0.04202	0.09328	0.02565	0.46261	0.05083	0.02324	0.01868	0.05880	0.01494	0.01051	0.00511	0.00567	0.00172	0.00743	0.00570	0.00308	0.00701
3	0.14340	0.01087	0.01146	0.03870	0.01392	0.01169	0.00781	0.06849	0.40174	0.02162	0.01550	0.01531	0.01181	0.00594	0.00470	0.00152	0.00432	0.00471	0.00441	0.20207
4	0.73109	0.07535	0.00991	0.00756	0.01072	0.01286	0.00636	0.01539	0.00908	0.02212	0.00733	0.00877	0.00589	0.00515	0.00417	0.00164	0.05470	0.00297	0.00313	0.00581
5	0.01108	0.01090	0.01523	0.01326	0.01328	0.01505	0.01093	0.01221	0.00829	0.01280	0.00906	0.08806	0.00962	0.00995	0.01633	0.00230	0.72782	0.00562	0.00256	0.00564
6	0.00628	0.00524	0.00547	0.00566	0.00722	0.00444	0.00415	0.00755	0.01176	0.01416	0.04988	0.16512	0.66722	0.01387	0.00632	0.00184	0.00274	0.01174	0.00491	0.00444
7	0.02153	0.01004	0.01262	0.00991	0.01383	0.00961	0.00811	0.12511	0.11867	0.56785	0.03257	0.01787	0.01357	0.00667	0.00534	0.00165	0.00460	0.00540	0.00620	0.00884
8	0.00998	0.00940	0.01586	0.80150	0.03641	0.01175	0.01468	0.01351	0.01057	0.01351	0.00940	0.01409	0.00705	0.00529	0.00529	0.00176	0.00705	0.00470	0.00235	0.00587
9	0.00938	0.00875	0.01065	0.26834	0.02870	0.09530	0.00892	0.02222	0.01109	0.01379	0.02022	0.42556	0.03382	0.01126	0.00600	0.00191	0.00517	0.00999	0.00380	0.00514
10	0.01035	0.05222	0.59675	0.01477	0.06254	0.01149	0.01693	0.01545	0.01115	0.01625	0.01238	0.09050	0.01087	0.00664	0.00527	0.00174	0.00702	0.04771	0.00266	0.00730
11	0.00749	0.00517	0.00594	0.00592	0.00628	0.00502	0.00361	0.00801	0.00926	0.01238	0.13557	0.06533	0.09015	0.59402	0.02125	0.00420	0.00444	0.00854	0.00381	0.00362
12	0.01225	0.01100	0.01966	0.19694	0.29618	0.01126	0.16662	0.01557	0.01202	0.06456	0.01339	0.02090	0.01164	0.00640	0.00577	0.00179	0.00666	0.11716	0.00316	0.00707
13	0.01089	0.01035	0.01757	0.57288	0.22142	0.01202	0.03439	0.01458	0.02695	0.01472	0.00982	0.01396	0.00759	0.00516	0.00530	0.00172	0.00684	0.00477	0.00249	0.00658
14	0.01112	0.05529	0.01834	0.52638	0.21352	0.01254	0.04213	0.01474	0.02770	0.01467	0.00973	0.01367	0.00759	0.00512	0.00520	0.00168	0.00679	0.00468	0.00249	0.00663
15	0.00685	0.00475	0.00625	0.00716	0.00750	0.00449	0.00478	0.00762	0.01001	0.01342	0.07381	0.60954	0.03253	0.10898	0.00985	0.04938	0.00340	0.03092	0.00462	0.00411
16	0.01313	0.05255	0.52888	0.01585	0.09375	0.01236	0.03621	0.06076	0.01252	0.10873	0.01102	0.01222	0.00779	0.00522	0.00506	0.00164	0.00711	0.00422	0.00297	0.00802
17	0.01279	0.09011	0.06762	0.27673	0.31343	0.04213	0.01437	0.07178	0.03082	0.01671	0.00991	0.01285	0.00786	0.00511	0.00505	0.00160	0.00660	0.00446	0.00274	0.00734
18	0.01380	0.74177	0.10036	0.00962	0.01446	0.02009	0.01005	0.01592	0.01078	0.01285	0.00755	0.00874	0.00678	0.00457	0.00355	0.00118	0.00586	0.00293	0.00226	0.00688
19	0.02185	0.01060	0.01309	0.01019	0.01421	0.01033	0.00837	0.20055	0.08985	0.53407	0.01899	0.01691	0.01241	0.00656	0.00532	0.00164	0.00478	0.00525	0.00613	0.00894
20	0.06605	0.27818	0.39633	0.01250	0.04083	0.01451	0.01396	0.01663	0.01128	0.06039	0.03766	0.01163	0.00867	0.00515	0.00445	0.00149	0.00645	0.00381	0.00270	0.00733
21	0.02019	0.00923	0.01372	0.01217	0.08725	0.00832	0.05182	0.02246	0.01416	0.57958	0.04179	0.03443	0.01391	0.00867	0.05512	0.00208	0.00544	0.00566	0.00565	0.00834
22	0.01101	0.05676	0.01797	0.55982	0.22494	0.01248	0.01475	0.01433	0.01095	0.01440	0.00942	0.01351	0.00737	0.00509	0.00516	0.00168	0.00677	0.00459	0.00241	0.00656
23	0.01043	0.05271	0.68579	0.01405	0.02112	0.01188	0.01778	0.01606	0.01151	0.01702	0.08302	0.01378	0.01083	0.00556	0.00508	0.00165	0.00723	0.00441	0.00258	0.00751
24	0.01876	0.05982	0.11579	0.01268	0.10547	0.00972	0.01020	0.02189	0.04167	0.47427	0.01917	0.01790	0.05556	0.00642	0.00521	0.00162	0.00510	0.00527	0.00512	0.00835
25	0.00950	0.00568	0.00689	0.00668	0.00741	0.00550	0.00446	0.01021	0.00961	0.09938	0.06754	0.05161	0.04369	0.54262	0.03357	0.00416	0.00491	0.07839	0.00398	0.00422
26	0.01162	0.06483	0.46060	0.06129	0.04262	0.03918	0.14328	0.03885	0.01195	0.01669	0.01066	0.01445	0.00838	0.00549	0.00529	0.00169	0.00763	0.04555	0.00258	0.00736
27	0.01174	0.01081	0.01927	0.44525	0.16609	0.01199	0.14769	0.01517	0.01135	0.05764	0.01058	0.02562	0.00820	0.00539	0.00583	0.00175	0.03107	0.00516	0.00272	0.00669
28	0.01297	0.01445	0.11173	0.04116	0.02356	0.01276	0.46173	0.01681	0.01187	0.08966	0.01155	0.03790	0.00900	0.00575	0.00748	0.00184	0.11381	0.00589	0.00300	0.00709
29	0.00911	0.00586	0.00750	0.00734	0.00871	0.00550	0.00540	0.01170	0.05685	0.09858	0.37367	0.28757	0.07732	0.01216	0.00626	0.00183	0.00300	0.01077	0.00553	0.00535
30	0.01042	0.01040	0.02841	0.48599	0.11572	0.01149	0.13380	0.01381	0.01106	0.01455	0.01283	0.04991	0.05006	0.00608	0.00579	0.00177	0.02326	0.00572	0.00268	0.00624
31	0.01112	0.03576	0.54384	0.05994	0.06323	0.01119	0.01639	0.01602	0.01141	0.06475	0.03067	0.08904	0.01097	0.00635	0.00523	0.00171	0.00685	0.00527	0.00288	0.00738
32	0.01078	0.04216	0.72832	0.01536	0.02297	0.01251	0.06210	0.01674	0.01123	0.01667	0.00951	0.01129	0.00677	0.00498	0.00506	0.00167	0.00783	0.00402	0.00226	0.00775
33	0.01322	0.01124	0.01879	0.10843	0.43218	0.02267	0.08265	0.01609	0.01203	0.10348	0.01329	0.10408	0.01170	0.00639	0.00571	0.00169	0.01949	0.00607	0.00330	0.00752
34	0.01084	0.09148	0.67358	0.01461	0.02185	0.01280	0.04574	0.01640	0.01115	0.01630	0.00992	0.03414	0.00757	0.00529	0.00498	0.00165	0.00754	0.00422	0.00233	0.00760
35	0.01124	0.01012	0.01800	0.63116	0.03361	0.01175	0.12971	0.01481	0.01115	0.06269	0.01032	0.01437	0.00758	0.00524	0.00543	0.00176	0.00717	0.00498	0.00266	0.00626
36	0.00989	0.00932	0.01601	0.69222	0.03365	0.01128	0.05704	0.01330	0.01070	0.01376	0.01104	0.05998	0.00926	0.00610	0.00547	0.00180	0.00688	0.02389	0.00257	0.00583
37	0.01145	0.01075	0.03197	0.52007	0.11640	0.01177	0.13445	0.01500	0.01130	0.05741	0.01062	0.02673	0.00812	0.00533	0.00545	0.00174	0.00707	0.00513	0.00270	0.00654
38	0.01864	0.01158	0.07826	0.01159	0.05577	0.04872	0.03139	0.05314	0.05622	0.44481	0.05150	0.06776	0.01493	0.02363	0.00586	0.00174	0.00513	0.00595	0.00534	0.00804
39	0.01308	0.00874	0.07578	0.08679	0.01390	0.00719	0.00817	0.03657	0.01249	0.26009	0.05669	0.35396	0.02279	0.01073	0.00594	0.00187	0.00437	0.00943	0.00500	0.00641
40	0.00998	0.00940	0.01586	0.80150	0.03641	0.01175	0.01468	0.01351	0.01057	0.01351	0.00940	0.01409	0.00705	0.00529	0.00529	0.00176	0.00705	0.00470	0.00235	0.00587
41	0.01180	0.02227	0.48674	0.03266	0.02333	0.05558	0.21205	0.01692	0.01178	0.03641	0.01062	0.03654	0.00809	0.00530	0.00539	0.00170	0.00795	0.00488	0.00257	0.00742
42	0.04028	0.01184	0.01373	0.01060	0.01470	0.03108	0.00873	0.33206	0.01903	0.43655	0.01685	0.01537	0.01107	0.00640	0.00525	0.00161	0.00516	0.00498	0.00585	0.00885
43	0.00998	0.00940	0.01586	0.80150	0.03641	0.01175	0.01468	0.01351	0.01057	0.01351	0.00940	0.01409	0.00705	0.00529	0.00529	0.00176	0.00705	0.00470	0.00235	0.00587
44	0.02568	0.03990	0.11203	0.00943	0.05333	0.00720	0.00787	0.01177	0.01380	0.03185	0.52009	0.03338	0.06212	0.00953	0.00588	0.00168	0.00370	0.04017	0.00492	0.00568
45	0.00897	0.00664	0.00955	0.00823	0.01028	0.00596	0.07758	0.01129	0.01366	0.07193	0.41741	0.07741	0.18688	0.01049	0.00612	0.00170	0.00343	0.02440	0.00520	0.04286
46	0.01096	0.00940	0.01096	0.00783	0.01253	0.00705	0.00626	0.01331	0.01096	0.01723	0.00940	0.01096	0.00783	0.00392	0.00392	0.00078	0.00392	0.00313	0.00313	0.84653
47	0.03135	0.47445	0.25363	0.01111	0.01656	0.01750	0.01220	0.08782	0.01225	0.02763	0.00871	0.00983	0.00704	0.00489	0.00409	0.00136	0.00627	0.00337	0.00263	0.00732
48	0.01483	0.03239	0.01342	0.01161	0.03048	0.06485	0.00897	0.15674	0.55626	0.02315	0.01850	0.01741	0.01388	0.00680	0.00527	0.00171	0.00490	0.00549	0.00506	0.00829
49	0.01380	0.12712	0.06978	0.01034	0.01383	0.04601	0.00914	0.08564	0.04084	0.10086	0.08484	0.01564	0.01290	0.00651	0.00672	0.00149	0.13195	0.01975	0.00374	0.19911
50	0.01689	0.01603	0.28249	0.01294	0.06504	0.01050	0.01238	0.09172	0.03946	0.32845	0.01522	0.01578	0.01062	0.05079	0.00641	0.00184	0.00592	0.00489	0.00445	0.00820
51	0.44809	0.08134	0.22690	0.01098	0.04933	0.01255	0.02628	0.01653	0.01029	0.06273	0.00889	0.01014	0.00666	0.00498	0.00403	0.00161	0.00547	0.00344	0.00304	0.00672
52	0.00666	0.00480	0.00634	0.00752	0.00792	0.00455	0.00511	0.00793	0.02616	0.01376	0.02894	0.76646	0.03440	0.01629	0.00674	0.00215	0.00316	0.04180	0.00492	0.00440
53	0.00683	0.00547	0.00613	0.00604	0.00758	0.00484	0.00450	0.00886	0.03126	0.01670	0.29018	0.09430	0.47333	0.01259	0.00625	0.00177	0.00268	0.01075	0.00522	0.00472
54	0.01060	0.02735	0.78682	0.01507	0.02288	0.01228	0.01953	0.01674	0.01116	0.01674	0.00949	0.01116	0.00670	0.00502	0.00502	0.00167	0.00781	0.00391	0.00223	0.00781
55	0.00758	0.00556	0.00797	0.00797	0.00874	0.00632	0.00596	0.00911	0.00834	0.01189	0.01464	0.02341	0.01436	0.18755	0.64692	0.00785	0.01244	0.00605	0.00290	0.00443
56	0.00756	0.00507	0.00580	0.00593	0.00596	0.00504	0.00338	0.00765	0.00794	0.01059	0.01796	0.11544	0.02086	0.73113	0.02481	0.00482	0.00491	0.00845	0.00338	0.00332
57	0.00644	0.00460	0.00613	0.00736	0.00767	0.00429	0.00491	0.00736	0.01012	0.01350	0.02914	0.81076	0.03497	0.01656	0.00675	0.00215	0.00307	0.01503	0.00491	0.00429
58	0.01342	0.59186	0.09103	0.00991	0.01424	0.04526	0.00991	0.01640	0.05906	0.01377	0.01044	0.01436	0.00963	0.00573	0.00408	0.00135	0.00581	0.07424	0.00272	0.00677
59	0.01355	0.01155	0.01218	0.01084	0.01390	0.01334	0.00846	0.07029	0.72884	0.02276	0.02101	0.01932	0.01573	0.00712	0.00537	0.00178	0.00428	0.00591	0.00537	0.00840
60	0.01116	0.12631	0.64747	0.01472	0.02198	0.01343	0.06099	0.01664	0.01118	0.01621	0.00929	0.01100	0.00678	0.00493	0.00489	0.00161	0.00760	0.00390	0.00226	0.00764
61	0.07471	0.00911	0.01186	0.00910	0.01320	0.00796	0.00750	0.02393	0.01435	0.66340	0.01891	0.01673	0.01212	0.00619	0.00505	0.00155	0.00442	0.00495	0.00601	0.08896
62	0.01118	0.01169	0.02315	0.24627	0.02734	0.01170	0.42476	0.01504	0.01207	0.01637	0.08372	0.01642	0.01173	0.00527	0.00581	0.00170	0.00744	0.00591	0.00291	0.05950
63	0.01123	0.16867	0.65102	0.01399	0.02121	0.01382	0.01766	0.01658	0.01109	0.01597	0.00910	0.01068	0.00671	0.00493	0.00473	0.00158	0.00743	0.00371	0.00224	0.00763
64	0.00678	0.00542	0.00613	0.00653	0.00799	0.00480	0.00507	0.00828	0.01178	0.01445	0.04468	0.13898	0.52123	0.02735	0.00688	0.00202	0.00323	0.16900	0.00487	0.00451
65	0.01085	0.04197	0.69924	0.01564	0.02315	0.01256	0.09039	0.01674	0.01128	0.01667	0.00956	0.01140	0.00683	0.00496	0.00511	0.00167	0.00787	0.00411	0.00228	0.00773
66	0.00767	0.00534	0.00627	0.00620	0.00659	0.00537	0.00388	0.00850	0.02369	0.01214	0.10398	0.03450	0.06713	0.58711	0.09610	0.00480	0.00553	0.00788	0.00360	0.00372
67	0.01058	0.02690	0.77165	0.01491	0.02257	0.01213	0.01924	0.01655	0.01108	0.01660	0.00948	0.01126	0.00675	0.00528	0.00533	0.01809	0.00775	0.00392	0.00223	0.00771

[dist]
# distance from previous block
# <min> <max>
0	2

[block]
# block no. 3 follows, 46 sequences, length 30
# corresponding to MSA columns:
# 165-194
name=unknown_D
#
# <colnr> <probs for GDERKNQSTAVLIFYWHMCP>
#	G	D	E	R	K	N	Q	S	T	A	V	L	I	F	Y	W	H	M	C	P
0	0.00636	0.00531	0.00555	0.00560	0.00724	0.00449	0.00416	0.00777	0.01216	0.01480	0.11171	0.10335	0.66655	0.01340	0.00628	0.00180	0.00269	0.01130	0.00498	0.00449
1	0.12752	0.01019	0.01222	0.00960	0.01353	0.00997	0.00790	0.13572	0.06899	0.52149	0.01796	0.01612	0.01175	0.00635	0.00506	0.00164	0.00462	0.00497	0.00586	0.00854
2	0.01004	0.00936	0.01566	0.68732	0.09089	0.01133	0.01412	0.01347	0.01099	0.01433	0.06349	0.01580	0.01016	0.00563	0.00535	0.00174	0.00667	0.00504	0.00261	0.00600
3	0.00758	0.00497	0.00617	0.00701	0.00779	0.00474	0.00512	0.00914	0.01081	0.01542	0.02781	0.44806	0.08139	0.01352	0.00606	0.00195	0.00318	0.12780	0.20694	0.00455
4	0.00982	0.00910	0.01515	0.74557	0.03426	0.01128	0.01387	0.01310	0.01037	0.01328	0.00991	0.01554	0.00790	0.06214	0.00681	0.00200	0.00691	0.00491	0.00241	0.00569
5	0.05702	0.00979	0.01308	0.02515	0.01418	0.00905	0.08708	0.04518	0.04247	0.01745	0.01168	0.07088	0.01042	0.00806	0.06080	0.00177	0.05538	0.00480	0.00332	0.45243
6	0.01001	0.00941	0.01601	0.64831	0.09015	0.01124	0.04069	0.01332	0.01071	0.01391	0.01115	0.08126	0.00954	0.00616	0.00544	0.00178	0.00672	0.00563	0.00260	0.00597
7	0.00644	0.00460	0.00613	0.00736	0.00767	0.00429	0.00491	0.00736	0.01012	0.01350	0.02914	0.81076	0.03497	0.01656	0.00675	0.00215	0.00307	0.01503	0.00491	0.00429
8	0.01694	0.13235	0.01584	0.01210	0.01516	0.44531	0.00948	0.02251	0.24640	0.01568	0.01215	0.01251	0.00967	0.00585	0.00476	0.00146	0.00735	0.00411	0.00347	0.00691
9	0.01295	0.33648	0.14682	0.01774	0.21951	0.01590	0.09366	0.01625	0.02382	0.01518	0.00901	0.01108	0.00751	0.00480	0.00486	0.00144	0.02731	0.00397	0.00247	0.02922
10	0.07833	0.16369	0.41741	0.01230	0.01833	0.03595	0.01408	0.05818	0.01215	0.09152	0.01017	0.01117	0.00743	0.00511	0.00458	0.00152	0.00659	0.00377	0.00296	0.04476
11	0.00769	0.00513	0.00577	0.00577	0.00577	0.00513	0.00320	0.00769	0.00769	0.01025	0.01666	0.03460	0.01922	0.81421	0.02691	0.00513	0.00513	0.00769	0.00320	0.00320
12	0.00781	0.00546	0.00664	0.07301	0.00846	0.00564	0.00427	0.00816	0.00806	0.01070	0.01673	0.07532	0.01905	0.70231	0.02398	0.00468	0.00517	0.00784	0.00322	0.00349
13	0.03936	0.17147	0.03850	0.07921	0.04892	0.03257	0.06722	0.27138	0.01659	0.16602	0.01231	0.01290	0.00887	0.00563	0.00492	0.00153	0.00599	0.00449	0.00418	0.00795
14	0.01069	0.01166	0.07514	0.01374	0.01551	0.01254	0.16204	0.01279	0.00923	0.01357	0.01025	0.01675	0.00978	0.14314	0.07565	0.00308	0.37496	0.00549	0.01829	0.00569
15	0.00651	0.00485	0.00606	0.00685	0.00758	0.00440	0.00472	0.00768	0.01104	0.01446	0.11205	0.56618	0.19778	0.01528	0.00659	0.00202	0.00292	0.01362	0.00500	0.00440
16	0.01242	0.01251	0.02122	0.23312	0.16766	0.05492	0.26238	0.06773	0.01309	0.01735	0.07500	0.01576	0.01136	0.00545	0.00565	0.00169	0.00719	0.00556	0.00303	0.00692
17	0.01088	0.00842	0.01032	0.13062	0.01425	0.00923	0.00754	0.15960	0.11238	0.01843	0.07539	0.18234	0.03983	0.17135	0.02363	0.00259	0.00492	0.00810	0.00434	0.00583
18	0.01060	0.02735	0.78682	0.01507	0.02288	0.01228	0.01953	0.01674	0.01116	0.01674	0.00949	0.01116	0.00670	0.00502	0.00502	0.00167	0.00781	0.00391	0.00223	0.00781
19	0.00659	0.00518	0.00613	0.02308	0.00812	0.00465	0.00478	0.00797	0.01163	0.01480	0.12599	0.33494	0.38322	0.01414	0.00644	0.00192	0.00294	0.02802	0.00496	0.00450
20	0.65165	0.01008	0.00895	0.00761	0.01109	0.01109	0.00628	0.03675	0.01072	0.18835	0.01041	0.01072	0.00740	0.00530	0.00376	0.00163	0.00422	0.00344	0.00403	0.00651
21	0.01374	0.01433	0.05332	0.02035	0.10834	0.01369	0.45428	0.13489	0.09457	0.02008	0.01202	0.01435	0.00902	0.00509	0.00584	0.00173	0.00759	0.00572	0.00335	0.00772
22	0.00636	0.00490	0.00583	0.00657	0.00746	0.00436	0.00455	0.00745	0.01088	0.01381	0.03880	0.51014	0.32935	0.01531	0.00655	0.00200	0.00291	0.01350	0.00491	0.00436
23	0.01089	0.01032	0.01749	0.57734	0.25351	0.01198	0.01513	0.01430	0.01100	0.01460	0.00956	0.01380	0.00743	0.00512	0.00527	0.00171	0.00682	0.00470	0.00243	0.00660
24	0.00758	0.00508	0.00580	0.00590	0.00593	0.00506	0.00335	0.00766	0.00789	0.01052	0.01771	0.10010	0.02055	0.74689	0.02521	0.00487	0.00495	0.00831	0.00335	0.00330
25	0.08549	0.00997	0.01285	0.01080	0.05558	0.00936	0.00835	0.11136	0.01564	0.59668	0.01827	0.01639	0.01179	0.00630	0.00515	0.00163	0.00472	0.00503	0.00593	0.00871
26	0.00728	0.00534	0.00684	0.00668	0.00789	0.00490	0.00499	0.00950	0.01410	0.01957	0.60790	0.12050	0.11998	0.01176	0.00632	0.00175	0.00264	0.03159	0.00561	0.00486
27	0.01710	0.08393	0.01508	0.01200	0.02859	0.24201	0.00936	0.18391	0.25306	0.06248	0.01442	0.03083	0.01116	0.00639	0.00504	0.00156	0.00626	0.00483	0.00432	0.00766
28	0.01206	0.01169	0.02042	0.27506	0.48837	0.01236	0.07229	0.01542	0.01161	0.01605	0.00983	0.01349	0.00793	0.00487	0.00533	0.00165	0.00672	0.00482	0.00254	0.00749
29	0.01342	0.01124	0.01204	0.01081	0.01376	0.01286	0.00854	0.09645	0.63670	0.02265	0.02123	0.02242	0.01667	0.00772	0.00553	0.00183	0.00440	0.06829	0.00533	0.00813

[dist]
# distance from previous block
# <min> <max>
0	1

[block]
# block no. 4 follows, 46 sequences, length 50
# corresponding to MSA columns:
# 212-261
name=unknown_E
#
# <colnr> <probs for GDERKNQSTAVLIFYWHMCP>
#	G	D	E	R	K	N	Q	S	T	A	V	L	I	F	Y	W	H	M	C	P
0	0.01361	0.01595	0.23856	0.01678	0.09943	0.01101	0.22426	0.01787	0.02491	0.15256	0.05273	0.01506	0.01090	0.00535	0.00542	0.00161	0.00671	0.00516	0.00347	0.07865
1	0.01325	0.33191	0.35320	0.01189	0.01747	0.01518	0.01349	0.01688	0.01117	0.09227	0.00984	0.01113	0.00760	0.00628	0.03022	0.00171	0.04276	0.00372	0.00270	0.00734
2	0.00895	0.02273	0.00957	0.01063	0.07526	0.02110	0.00801	0.02438	0.01293	0.01697	0.17217	0.04802	0.12336	0.01238	0.00663	0.00207	0.00438	0.41041	0.00478	0.00527
3	0.01078	0.04468	0.74094	0.01558	0.05110	0.01248	0.01917	0.01670	0.01118	0.01666	0.00946	0.01117	0.00676	0.00500	0.00499	0.00166	0.00771	0.00391	0.00225	0.00781
4	0.01324	0.69518	0.07728	0.00931	0.01370	0.01893	0.00941	0.01518	0.01072	0.01282	0.00934	0.07649	0.00916	0.00557	0.00379	0.00125	0.00558	0.00393	0.00248	0.00664
5	0.01026	0.00957	0.01595	0.77121	0.04881	0.01186	0.01461	0.02975	0.01090	0.01400	0.00948	0.01405	0.00711	0.00530	0.00528	0.00175	0.00701	0.00470	0.00242	0.00598
6	0.00683	0.00524	0.00730	0.00769	0.00854	0.00482	0.03894	0.00818	0.01113	0.01481	0.13468	0.57646	0.12585	0.01484	0.00659	0.00202	0.00320	0.01341	0.00493	0.00454
7	0.05159	0.00744	0.07180	0.00648	0.00861	0.00563	0.00547	0.00906	0.01172	0.01541	0.12656	0.05631	0.50848	0.08317	0.00783	0.00206	0.00339	0.00968	0.00455	0.00476
8	0.01082	0.02599	0.72131	0.01470	0.02211	0.01235	0.01859	0.01770	0.07546	0.01720	0.01050	0.01189	0.00749	0.00520	0.00505	0.00168	0.00751	0.00408	0.00250	0.00786
9	0.00644	0.00460	0.00613	0.00736	0.00767	0.00429	0.00491	0.00736	0.01012	0.01350	0.02914	0.81076	0.03497	0.01656	0.00675	0.00215	0.00307	0.01503	0.00491	0.00429
10	0.01025	0.02542	0.72082	0.01442	0.02159	0.01160	0.01830	0.01595	0.01107	0.01647	0.01115	0.07876	0.00909	0.00600	0.00517	0.00171	0.00741	0.00485	0.00246	0.00752
11	0.02026	0.00965	0.01211	0.00971	0.01341	0.00931	0.00788	0.06487	0.18759	0.53099	0.06064	0.01924	0.01551	0.00690	0.00538	0.00167	0.00439	0.00566	0.00617	0.00864
12	0.00696	0.00497	0.00673	0.00796	0.00849	0.00474	0.00582	0.00826	0.01064	0.01408	0.02885	0.62177	0.03382	0.01607	0.00689	0.00222	0.00352	0.19885	0.00490	0.00444
13	0.01250	0.01566	0.11050	0.02123	0.02681	0.01334	0.66243	0.03801	0.01269	0.01738	0.01062	0.01389	0.00791	0.00457	0.00608	0.00177	0.00871	0.00595	0.00270	0.00725
14	0.01339	0.01258	0.02079	0.04847	0.70389	0.01276	0.01566	0.05599	0.03227	0.01816	0.01038	0.01326	0.00858	0.00487	0.00524	0.00158	0.00622	0.00475	0.00282	0.00835
15	0.01666	0.00783	0.01027	0.00847	0.01139	0.00717	0.00676	0.01997	0.07903	0.43057	0.30843	0.02630	0.02731	0.00821	0.00567	0.00166	0.00371	0.00698	0.00617	0.00742
16	0.00642	0.00467	0.00606	0.00718	0.00762	0.00431	0.00483	0.00738	0.01029	0.01357	0.03131	0.74304	0.10128	0.01628	0.00670	0.00211	0.00303	0.01468	0.00491	0.00431
17	0.02788	0.01369	0.18327	0.01550	0.04751	0.01014	0.28523	0.01421	0.03995	0.01631	0.03451	0.25376	0.01710	0.00849	0.00600	0.00186	0.00639	0.00832	0.00344	0.00644
18	0.01060	0.02735	0.78682	0.01507	0.02288	0.01228	0.01953	0.01674	0.01116	0.01674	0.00949	0.01116	0.00670	0.00502	0.00502	0.00167	0.00781	0.00391	0.00223	0.00781
19	0.78054	0.01012	0.00816	0.00716	0.01050	0.01151	0.00590	0.01642	0.00952	0.08901	0.00852	0.00939	0.00636	0.00505	0.00345	0.00164	0.00412	0.00307	0.00355	0.00601
20	0.00950	0.00795	0.00858	0.00797	0.01016	0.00832	0.00611	0.01696	0.34008	0.01921	0.20252	0.03489	0.28654	0.01013	0.00587	0.00176	0.00329	0.00857	0.00532	0.00626
21	0.01034	0.02549	0.72090	0.01436	0.02161	0.01166	0.01830	0.01617	0.01148	0.01712	0.07450	0.01356	0.01035	0.00551	0.00513	0.00167	0.00736	0.00438	0.00254	0.00757
22	0.02372	0.00900	0.01227	0.00941	0.01350	0.00777	0.00777	0.02576	0.01513	0.78489	0.02086	0.01799	0.01309	0.00654	0.00532	0.00164	0.00450	0.00532	0.00654	0.00900
23	0.00828	0.00679	0.00935	0.00912	0.01004	0.03261	0.00714	0.01009	0.00867	0.01233	0.01336	0.01963	0.01248	0.03598	0.70240	0.00774	0.08083	0.00550	0.00278	0.00486
24	0.01406	0.80060	0.04384	0.00917	0.01377	0.02073	0.00927	0.01585	0.01075	0.01253	0.00740	0.00854	0.00678	0.00453	0.00343	0.00114	0.00570	0.00285	0.00226	0.00681
25	0.01282	0.01270	0.03484	0.11298	0.67671	0.02470	0.01603	0.01602	0.01191	0.01680	0.00985	0.01310	0.00818	0.00479	0.00523	0.00159	0.00644	0.00467	0.00258	0.00806
26	0.00758	0.00542	0.00745	0.00867	0.00947	0.00528	0.00689	0.00934	0.01125	0.01477	0.02851	0.39780	0.03247	0.01549	0.00705	0.00230	0.00406	0.41671	0.00489	0.00461
27	0.01346	0.01427	0.07585	0.01925	0.02435	0.01277	0.55398	0.01908	0.10528	0.08699	0.01286	0.01506	0.00938	0.00501	0.00597	0.00176	0.00787	0.00597	0.00333	0.00749
28	0.10189	0.01308	0.02994	0.04202	0.02961	0.14739	0.00876	0.07094	0.16793	0.25648	0.04873	0.01683	0.03025	0.00652	0.00508	0.00163	0.00545	0.00508	0.00482	0.00760
29	0.01393	0.51626	0.22093	0.01116	0.01630	0.11459	0.01188	0.01672	0.01138	0.01360	0.00800	0.00930	0.00676	0.00477	0.00398	0.00130	0.00669	0.00318	0.00231	0.00697
30	0.00652	0.00478	0.00614	0.00715	0.00772	0.00440	0.00492	0.00759	0.01058	0.01388	0.05030	0.65753	0.13970	0.01591	0.00669	0.00210	0.00307	0.04175	0.00493	0.00436
31	0.00857	0.00656	0.00769	0.00722	0.00897	0.00633	0.00562	0.07402	0.05470	0.01974	0.39126	0.04136	0.25976	0.01134	0.00621	0.00177	0.00313	0.07501	0.00540	0.00534
32	0.05835	0.01137	0.01503	0.01610	0.19324	0.01245	0.03849	0.10380	0.25801	0.07836	0.01600	0.07968	0.01318	0.00717	0.00637	0.00177	0.07263	0.00596	0.00430	0.00775
33	0.02303	0.00915	0.01225	0.00949	0.01351	0.00812	0.00781	0.02591	0.06413	0.73549	0.02090	0.01811	0.01328	0.00658	0.00532	0.00165	0.00448	0.00536	0.00647	0.00896
34	0.01228	0.01163	0.01916	0.23026	0.51942	0.01240	0.01512	0.01658	0.07932	0.01672	0.01083	0.01394	0.00872	0.00508	0.00526	0.00164	0.00629	0.00482	0.00279	0.00772
35	0.01350	0.05240	0.42087	0.01688	0.12095	0.13349	0.05809	0.03909	0.02995	0.05129	0.01021	0.01178	0.00758	0.00515	0.00505	0.00160	0.00757	0.00416	0.00274	0.00765
36	0.03139	0.01541	0.01550	0.29099	0.02333	0.20859	0.01165	0.30004	0.01706	0.02106	0.01030	0.01232	0.00770	0.00572	0.00512	0.00159	0.00715	0.00437	0.00357	0.00712
37	0.00648	0.00463	0.00617	0.00733	0.00768	0.00432	0.00491	0.00746	0.01030	0.01378	0.05726	0.78181	0.03552	0.01635	0.00673	0.00213	0.00305	0.01482	0.00494	0.00432
38	0.01342	0.01005	0.01149	0.01071	0.03092	0.01103	0.00832	0.06242	0.46227	0.09828	0.08566	0.02658	0.02023	0.00841	0.00572	0.00184	0.00431	0.11528	0.00539	0.00766
39	0.01232	0.01329	0.08725	0.16640	0.58387	0.01239	0.01624	0.01579	0.01170	0.01656	0.00981	0.01309	0.00799	0.00484	0.00522	0.00161	0.00655	0.00464	0.00254	0.00788
40	0.00630	0.00529	0.00548	0.00557	0.00721	0.00447	0.00412	0.00765	0.01199	0.01445	0.07553	0.11364	0.69311	0.01357	0.00629	0.00181	0.00270	0.01143	0.00494	0.00447
41	0.00663	0.00468	0.00608	0.00713	0.00739	0.00442	0.00466	0.00741	0.00976	0.01302	0.02729	0.69612	0.03264	0.13438	0.00973	0.00259	0.00337	0.01394	0.00466	0.00413
42	0.01390	0.01203	0.01590	0.03170	0.01703	0.01321	0.14689	0.08413	0.52653	0.05048	0.01852	0.01796	0.01375	0.00654	0.00553	0.00177	0.00526	0.00587	0.00485	0.00815
43	0.02037	0.01437	0.01559	0.01196	0.01618	0.01574	0.00988	0.70799	0.02412	0.08997	0.01331	0.01309	0.00930	0.00636	0.00529	0.00159	0.00572	0.00480	0.00538	0.00899
44	0.01359	0.01316	0.03718	0.04456	0.61170	0.03111	0.01502	0.06670	0.08057	0.01857	0.01109	0.01354	0.00900	0.00507	0.00524	0.00159	0.00619	0.00478	0.00303	0.00830
45	0.01438	0.78257	0.02714	0.00925	0.01369	0.05486	0.00910	0.01606	0.01093	0.01246	0.00739	0.00853	0.00679	0.00456	0.00345	0.00114	0.00582	0.00285	0.00228	0.00676
46	0.00916	0.00795	0.01198	0.12829	0.22457	0.00796	0.00936	0.01174	0.01287	0.01749	0.29313	0.03130	0.17957	0.00894	0.00585	0.00169	0.00428	0.02370	0.00423	0.00594
47	0.01317	0.01287	0.02092	0.07241	0.71297	0.04198	0.01592	0.01627	0.01207	0.01691	0.00985	0.01300	0.00824	0.00477	0.00522	0.00157	0.00644	0.00466	0.00261	0.00816
48	0.02188	0.01035	0.03043	0.01000	0.01408	0.00945	0.00837	0.11261	0.09564	0.59874	0.01970	0.01739	0.01278	0.00655	0.00531	0.00165	0.00470	0.00529	0.00617	0.00890
49	0.01349	0.01128	0.01196	0.01072	0.01374	0.01298	0.00835	0.02802	0.74745	0.04655	0.02150	0.01967	0.01604	0.00715	0.00538	0.00179	0.00419	0.00596	0.00542	0.00839

[dist]
# distance from previous block
# <min> <max>
0	4

[block]
# block no. 5 follows, 46 sequences, length 50
# corresponding to MSA columns:
# 266-315
name=unknown_F
#
# <colnr> <probs for GDERKNQSTAVLIFYWHMCP>
#	G	D	E	R	K	N	Q	S	T	A	V	L	I	F	Y	W	H	M	C	P
0	0.00651	0.00468	0.00620	0.00739	0.00777	0.00436	0.00501	0.00750	0.01025	0.01360	0.02979	0.76185	0.05607	0.01640	0.00675	0.00215	0.00312	0.04137	0.00491	0.00432
1	0.00644	0.00460	0.00613	0.00736	0.00767	0.00429	0.00491	0.00736	0.01012	0.01350	0.02914	0.81076	0.03497	0.01656	0.00675	0.00215	0.00307	0.01503	0.00491	0.00429
2	0.03294	0.24207	0.56028	0.01322	0.02002	0.01462	0.01633	0.01646	0.01099	0.01575	0.00885	0.01037	0.00670	0.00488	0.00453	0.00153	0.00713	0.00359	0.00227	0.00748
3	0.00811	0.00579	0.00805	0.00927	0.01030	0.00573	0.00780	0.01024	0.01176	0.01536	0.02822	0.20852	0.03132	0.01499	0.00719	0.00238	0.00451	0.60082	0.00488	0.00475
4	0.00956	0.00585	0.00772	0.00702	0.00862	0.00533	0.00535	0.01196	0.01489	0.11958	0.66618	0.05167	0.04485	0.01037	0.00613	0.00167	0.00276	0.00912	0.00590	0.00549
5	0.15979	0.02336	0.60884	0.01334	0.02016	0.01197	0.01648	0.01700	0.01099	0.05805	0.00970	0.01106	0.00686	0.00508	0.00473	0.00167	0.00698	0.00380	0.00264	0.00751
6	0.03401	0.01364	0.11828	0.29498	0.19063	0.01279	0.11444	0.07776	0.03162	0.01730	0.01014	0.01331	0.00777	0.00529	0.00575	0.00171	0.03584	0.00479	0.00278	0.00715
7	0.01976	0.02496	0.01500	0.01359	0.01634	0.77520	0.01021	0.03812	0.01521	0.01341	0.00828	0.00961	0.00686	0.00547	0.00478	0.00137	0.00945	0.00344	0.00278	0.00619
8	0.01156	0.02369	0.59849	0.01779	0.12871	0.01223	0.07070	0.01702	0.01152	0.04512	0.01005	0.01190	0.00726	0.00500	0.00515	0.00167	0.00755	0.00423	0.00248	0.00789
9	0.00645	0.00482	0.00601	0.00686	0.00756	0.00437	0.00471	0.00756	0.01084	0.01411	0.07666	0.59258	0.20722	0.01551	0.00660	0.00204	0.00295	0.01383	0.00496	0.00437
10	0.01907	0.12366	0.01664	0.01294	0.01600	0.63886	0.01006	0.07534	0.01518	0.01438	0.00840	0.00964	0.00697	0.00540	0.00463	0.00135	0.00877	0.00343	0.00286	0.00642
11	0.00997	0.00928	0.01536	0.63523	0.10561	0.01107	0.01384	0.01327	0.01089	0.01404	0.01320	0.01870	0.05686	0.00623	0.00545	0.00178	0.00658	0.04401	0.00267	0.00597
12	0.06539	0.01384	0.01477	0.01130	0.01554	0.01492	0.00931	0.62342	0.02215	0.03067	0.01196	0.01224	0.00866	0.00595	0.00500	0.00148	0.00547	0.00444	0.00489	0.11860
13	0.00653	0.00478	0.00611	0.00700	0.00759	0.00439	0.00477	0.00764	0.01079	0.01426	0.10151	0.62554	0.13551	0.02830	0.00695	0.00210	0.00299	0.01389	0.00496	0.00436
14	0.00647	0.00462	0.00616	0.00734	0.00767	0.00431	0.00491	0.00743	0.01025	0.01370	0.04941	0.78990	0.03537	0.01641	0.00673	0.00213	0.00305	0.01488	0.00493	0.00431
15	0.01578	0.01017	0.01166	0.00998	0.01314	0.01086	0.00789	0.05210	0.44888	0.23817	0.10282	0.02112	0.01866	0.00736	0.00545	0.00173	0.00415	0.00613	0.00575	0.00820
16	0.00643	0.00463	0.00610	0.00727	0.00764	0.00430	0.00487	0.00737	0.01021	0.01353	0.03021	0.77735	0.06768	0.01642	0.00673	0.00213	0.00305	0.01486	0.00491	0.00430
17	0.00644	0.00460	0.00613	0.00736	0.00767	0.00429	0.00491	0.00736	0.01012	0.01350	0.02914	0.81076	0.03497	0.01656	0.00675	0.00215	0.00307	0.01503	0.00491	0.00429
18	0.01413	0.81739	0.02770	0.00905	0.01357	0.02092	0.00905	0.01583	0.01074	0.01244	0.00735	0.00848	0.00678	0.00452	0.00339	0.00113	0.00565	0.00283	0.00226	0.00678
19	0.01070	0.02666	0.74740	0.01544	0.02313	0.01233	0.05827	0.01675	0.01123	0.01675	0.00955	0.01132	0.00677	0.00499	0.00509	0.00168	0.00787	0.00403	0.00226	0.00778
20	0.01975	0.02520	0.01498	0.01362	0.01634	0.79299	0.01021	0.02111	0.01498	0.01294	0.00817	0.00953	0.00681	0.00545	0.00477	0.00136	0.00953	0.00340	0.00272	0.00613
21	0.00650	0.00558	0.00560	0.00555	0.00738	0.00478	0.00418	0.00834	0.04005	0.01457	0.05237	0.04973	0.75096	0.01316	0.00622	0.00179	0.00273	0.01097	0.00493	0.00461
22	0.02280	0.00892	0.01207	0.00932	0.01326	0.00779	0.00767	0.03923	0.01531	0.73050	0.06022	0.01901	0.01493	0.00676	0.00536	0.00164	0.00442	0.00553	0.00648	0.00879
23	0.07808	0.03215	0.01421	0.04083	0.01589	0.26782	0.00945	0.22979	0.16370	0.07715	0.01291	0.01309	0.00961	0.00605	0.00496	0.00156	0.00653	0.00442	0.00425	0.00755
24	0.02372	0.00900	0.01227	0.00941	0.01350	0.00777	0.00777	0.02576	0.01513	0.78489	0.02086	0.01799	0.01309	0.00654	0.00532	0.00164	0.00450	0.00532	0.00654	0.00900
25	0.01161	0.01114	0.01758	0.11747	0.09318	0.03811	0.17389	0.08249	0.01191	0.01616	0.01371	0.07415	0.04661	0.01163	0.11255	0.00274	0.14947	0.00617	0.00309	0.00633
26	0.03785	0.01240	0.04598	0.13807	0.24114	0.02729	0.09129	0.12173	0.10098	0.01921	0.01279	0.01687	0.01047	0.00783	0.04948	0.00209	0.00678	0.04694	0.00342	0.00741
27	0.20424	0.05155	0.01308	0.00993	0.01360	0.08301	0.00815	0.25930	0.01667	0.21666	0.06298	0.01438	0.01167	0.00620	0.00477	0.00157	0.00521	0.00458	0.00481	0.00764
28	0.16911	0.16592	0.04076	0.01163	0.01494	0.48670	0.00949	0.01901	0.01301	0.01492	0.00792	0.00922	0.00661	0.00517	0.00426	0.00138	0.00779	0.00322	0.00272	0.00623
29	0.01241	0.01473	0.05857	0.02202	0.02746	0.01333	0.73513	0.01693	0.01243	0.01693	0.01065	0.01415	0.00797	0.00448	0.00619	0.00178	0.00887	0.00615	0.00266	0.00715
30	0.01287	0.11002	0.11856	0.02563	0.53128	0.03436	0.01508	0.01636	0.02561	0.01674	0.03758	0.01327	0.00957	0.00501	0.00501	0.00153	0.00631	0.00455	0.00269	0.00793
31	0.01173	0.05274	0.35715	0.01877	0.05245	0.01308	0.37082	0.01672	0.01180	0.01668	0.00999	0.01259	0.00741	0.00470	0.00552	0.00169	0.00813	0.00499	0.00247	0.02057
32	0.02141	0.00852	0.01157	0.00916	0.01284	0.00742	0.00755	0.02349	0.01490	0.67416	0.07486	0.02244	0.03086	0.00742	0.00551	0.00169	0.00435	0.04712	0.00637	0.00840
33	0.07954	0.00872	0.01143	0.00896	0.01270	0.00777	0.00735	0.02346	0.01469	0.65471	0.09665	0.01952	0.01630	0.00686	0.00527	0.00164	0.00427	0.00558	0.00624	0.00836
34	0.01648	0.19683	0.25158	0.01168	0.01696	0.01230	0.05243	0.01978	0.01265	0.31417	0.01405	0.03623	0.01008	0.00580	0.00488	0.00156	0.00596	0.00466	0.00401	0.00790
35	0.00764	0.00533	0.00680	0.00680	0.00716	0.00569	0.00449	0.00835	0.00799	0.01101	0.01571	0.02937	0.01695	0.52133	0.31668	0.00640	0.00854	0.00692	0.00306	0.00378
36	0.00846	0.00604	0.00845	0.00967	0.01086	0.00603	0.00842	0.01085	0.01211	0.01576	0.02802	0.08088	0.03055	0.01466	0.00729	0.00243	0.00482	0.72499	0.00487	0.00485
37	0.01087	0.02568	0.70360	0.01581	0.06481	0.01234	0.01876	0.01731	0.05088	0.01705	0.01014	0.01172	0.00728	0.00512	0.00505	0.00167	0.00754	0.00406	0.00242	0.00787
38	0.02893	0.06617	0.04859	0.05017	0.60179	0.08129	0.01512	0.01655	0.01208	0.01657	0.00954	0.01235	0.00799	0.00479	0.00503	0.00153	0.00656	0.00441	0.00259	0.00793
39	0.00696	0.00507	0.00633	0.00660	0.00757	0.00460	0.00470	0.00831	0.01208	0.01613	0.30094	0.29869	0.21599	0.01388	0.00742	0.06093	0.00288	0.01142	0.00505	0.00444
40	0.00981	0.00912	0.01524	0.74590	0.03442	0.01127	0.01400	0.01326	0.01088	0.01405	0.06319	0.01587	0.01004	0.00567	0.00535	0.00175	0.00673	0.00504	0.00259	0.00581
41	0.28433	0.01185	0.05500	0.02471	0.01407	0.01165	0.00853	0.21126	0.02908	0.24942	0.01388	0.01475	0.00991	0.00617	0.00472	0.00166	0.00495	0.03160	0.00478	0.00767
42	0.02022	0.01022	0.01295	0.06539	0.01540	0.01011	0.00863	0.20474	0.04514	0.46213	0.01868	0.07385	0.01336	0.00716	0.00541	0.00168	0.00489	0.00586	0.00578	0.00841
43	0.00760	0.00544	0.00687	0.00689	0.00817	0.00506	0.00534	0.00985	0.01360	0.01887	0.46304	0.07660	0.14823	0.01174	0.00626	0.00180	0.00294	0.13275	0.06409	0.00486
44	0.00687	0.00480	0.00620	0.00699	0.00759	0.00447	0.00481	0.00821	0.01116	0.01540	0.16979	0.58483	0.06155	0.01465	0.00642	0.00198	0.00290	0.01316	0.06374	0.00447
45	0.01294	0.01232	0.02052	0.06851	0.69115	0.01256	0.01560	0.01692	0.06510	0.01743	0.01073	0.01360	0.00885	0.00491	0.00525	0.00160	0.00617	0.00480	0.00280	0.00825
46	0.00746	0.00563	0.00822	0.00822	0.00920	0.00643	0.00635	0.00927	0.00873	0.01237	0.01697	0.02318	0.06692	0.05475	0.72145	0.00795	0.01316	0.00609	0.00299	0.00467
47	0.00680	0.00528	0.00627	0.00685	0.00807	0.00475	0.00520	0.00828	0.01163	0.01464	0.07181	0.27450	0.38417	0.01445	0.00660	0.00201	0.00321	0.15601	0.00494	0.00451
48	0.01304	0.01137	0.01225	0.01098	0.01376	0.01336	0.00859	0.02702	0.71827	0.02146	0.02050	0.01915	0.01549	0.00732	0.00622	0.00183	0.06017	0.00588	0.00516	0.00819
49	0.00811	0.00554	0.00710	0.00669	0.00809	0.00504	0.00502	0.01039	0.01442	0.05826	0.62775	0.07981	0.12145	0.01116	0.00622	0.00170	0.00264	0.00980	0.00572	0.00510

[dist]
# distance from previous block
# <min> <max>
0	18

# created by:
# /st0/software/busco_prod/Augustus/scripts/msa2prfl.pl ./align_prep/220165.fa
