[name]
unknown

[dist]
# distance from previous block
# <min> <max>
5	212

[block]
# block no. 0 follows, 47 sequences, length 11
# corresponding to MSA columns:
# 299-309
name=unknown_A
#
# <colnr> <probs for GDERKNQSTAVLIFYWHMCP>
#	G	D	E	R	K	N	Q	S	T	A	V	L	I	F	Y	W	H	M	C	P
0	0.11685	0.07099	0.12109	0.08316	0.07527	0.03544	0.05912	0.15702	0.01408	0.13197	0.03768	0.05200	0.01082	0.00607	0.00494	0.00160	0.00580	0.00498	0.00383	0.00728
1	0.12368	0.03403	0.07000	0.04988	0.01483	0.03486	0.08282	0.14654	0.04131	0.05677	0.12959	0.05702	0.07855	0.03149	0.00615	0.00177	0.02387	0.00626	0.00413	0.00644
2	0.05785	0.04171	0.10940	0.04413	0.11139	0.04679	0.06231	0.10139	0.06349	0.07448	0.06207	0.07661	0.05045	0.00703	0.00574	0.00165	0.04097	0.00587	0.00379	0.03290
3	0.11766	0.04735	0.02798	0.04449	0.16392	0.05733	0.02513	0.08901	0.08108	0.09730	0.03369	0.08114	0.01251	0.02457	0.00537	0.00164	0.00517	0.00542	0.02844	0.05081
4	0.08960	0.01198	0.07569	0.14217	0.13974	0.03278	0.03419	0.07756	0.07151	0.19135	0.03555	0.01563	0.02579	0.00588	0.00503	0.00162	0.00555	0.00492	0.02605	0.00740
5	0.00971	0.00485	0.00485	0.00485	0.00607	0.00485	0.00364	0.01213	0.01092	0.01942	0.01699	0.01942	0.01335	0.00607	0.00364	0.00121	0.00243	0.00485	0.84589	0.00485
6	0.00912	0.00498	0.00764	0.08435	0.00961	0.00521	0.00549	0.00742	0.00714	0.00946	0.00907	0.01564	0.00884	0.01684	0.01888	0.76615	0.00476	0.00453	0.00227	0.00260
7	0.10066	0.02105	0.01427	0.01245	0.01552	0.54173	0.00959	0.19067	0.01641	0.01836	0.00899	0.01001	0.00709	0.00552	0.00467	0.00142	0.00803	0.00361	0.00331	0.00664
8	0.00971	0.00485	0.00485	0.00485	0.00607	0.00485	0.00364	0.01213	0.01092	0.01942	0.01699	0.01942	0.01335	0.00607	0.00364	0.00121	0.00243	0.00485	0.84589	0.00485
9	0.32872	0.12646	0.03884	0.01037	0.05258	0.15396	0.00824	0.04426	0.01124	0.01853	0.02559	0.01095	0.00801	0.00546	0.00479	0.00150	0.06050	0.00356	0.08033	0.00610
10	0.03657	0.03514	0.09159	0.01321	0.10863	0.05806	0.03204	0.07160	0.05529	0.36708	0.04294	0.01633	0.01219	0.02871	0.00572	0.00168	0.00544	0.00503	0.00476	0.00798

[dist]
# distance from previous block
# <min> <max>
1	9

[block]
# block no. 1 follows, 47 sequences, length 21
# corresponding to MSA columns:
# 319-339
name=unknown_B
#
# <colnr> <probs for GDERKNQSTAVLIFYWHMCP>
#	G	D	E	R	K	N	Q	S	T	A	V	L	I	F	Y	W	H	M	C	P
0	0.12926	0.11795	0.02847	0.08289	0.04894	0.01289	0.00910	0.17464	0.11701	0.15428	0.03424	0.01445	0.01081	0.02076	0.00510	0.00161	0.00506	0.00457	0.00428	0.02369
1	0.08888	0.08755	0.01170	0.00814	0.01178	0.00901	0.00658	0.01570	0.08805	0.10894	0.03548	0.10727	0.01318	0.00629	0.00445	0.00126	0.00400	0.00513	0.00392	0.38270
2	0.08484	0.07153	0.00768	0.00633	0.00704	0.00677	0.00415	0.00887	0.00837	0.01206	0.01705	0.17034	0.01953	0.53269	0.01892	0.00389	0.00463	0.00806	0.00339	0.00386
3	0.00671	0.00468	0.00594	0.00679	0.00700	0.00447	0.00434	0.00735	0.00926	0.01235	0.02507	0.58303	0.02986	0.25313	0.01252	0.00298	0.00362	0.01267	0.00434	0.00391
4	0.01051	0.00684	0.00814	0.00727	0.00866	0.00685	0.00522	0.11982	0.01307	0.08006	0.26447	0.04462	0.03957	0.32070	0.03919	0.00316	0.00447	0.00768	0.00460	0.00510
5	0.00971	0.00485	0.00485	0.00485	0.00607	0.00485	0.00364	0.01213	0.01092	0.01942	0.01699	0.01942	0.01335	0.00607	0.00364	0.00121	0.00243	0.00485	0.84589	0.00485
6	0.21586	0.11279	0.07618	0.02515	0.01489	0.18016	0.05745	0.06484	0.03580	0.01814	0.07146	0.01261	0.01042	0.00574	0.00518	0.00153	0.05347	0.00412	0.00319	0.03103
7	0.17604	0.02753	0.01458	0.01115	0.01506	0.02825	0.07149	0.35200	0.04453	0.17068	0.01334	0.03036	0.00966	0.00606	0.00491	0.00160	0.00537	0.00476	0.00474	0.00788
8	0.00971	0.00485	0.00485	0.00485	0.00607	0.00485	0.00364	0.01213	0.01092	0.01942	0.01699	0.01942	0.01335	0.00607	0.00364	0.00121	0.00243	0.00485	0.84589	0.00485
9	0.40418	0.01048	0.04281	0.28618	0.07942	0.01138	0.01011	0.01517	0.01006	0.05813	0.00909	0.01146	0.00684	0.00506	0.00424	0.00164	0.00534	0.00379	0.01848	0.00612
10	0.09811	0.01054	0.01152	0.00955	0.01276	0.01128	0.00781	0.29698	0.10879	0.15989	0.01637	0.01868	0.01251	0.00688	0.00495	0.00161	0.00456	0.06519	0.13451	0.00753
11	0.00680	0.00530	0.00617	0.00596	0.00743	0.00467	0.00447	0.00873	0.01340	0.01770	0.44110	0.04414	0.39177	0.01183	0.00615	0.00169	0.00254	0.01015	0.00531	0.00467
12	0.01171	0.01312	0.02833	0.02052	0.02531	0.01230	0.69171	0.01577	0.01207	0.01635	0.01230	0.09169	0.01048	0.00555	0.00619	0.00179	0.00822	0.00699	0.00285	0.00675
13	0.01210	0.00937	0.01104	0.00796	0.01253	0.00726	0.00640	0.03509	0.01152	0.08170	0.01029	0.01142	0.00818	0.00414	0.00401	0.00086	0.00396	0.00331	0.00342	0.75545
14	0.01076	0.00659	0.00846	0.00732	0.00959	0.00572	0.00567	0.01297	0.01361	0.15782	0.41990	0.08663	0.05548	0.00928	0.00564	0.00154	0.00315	0.02380	0.00529	0.15079
15	0.01306	0.60760	0.02253	0.00887	0.01256	0.01732	0.00827	0.07676	0.01163	0.01415	0.01150	0.15221	0.01181	0.00672	0.00409	0.00133	0.00513	0.00509	0.00294	0.00643
16	0.02666	0.10732	0.09546	0.01195	0.01557	0.01177	0.12835	0.02789	0.03384	0.10199	0.07369	0.02884	0.01225	0.01911	0.00728	0.00163	0.13954	0.00502	0.01733	0.13452
17	0.01809	0.08045	0.09120	0.01171	0.01613	0.01526	0.01043	0.52000	0.08396	0.08122	0.01305	0.01296	0.00933	0.00606	0.00504	0.00156	0.00568	0.00459	0.00477	0.00852
18	0.15942	0.00657	0.00730	0.00693	0.00878	0.00647	0.00532	0.01197	0.03767	0.08292	0.29998	0.13567	0.16565	0.01047	0.00562	0.00175	0.00314	0.03406	0.00502	0.00530
19	0.01531	0.62207	0.02422	0.00996	0.01405	0.17333	0.00919	0.05504	0.01212	0.01340	0.00767	0.00877	0.00680	0.00473	0.00370	0.00118	0.00633	0.00299	0.00247	0.00667
20	0.00840	0.08512	0.01067	0.00870	0.00985	0.00856	0.00695	0.01008	0.00851	0.01203	0.01286	0.01931	0.01223	0.07674	0.61310	0.00699	0.07701	0.00534	0.00271	0.00485

[dist]
# distance from previous block
# <min> <max>
0	7

[block]
# block no. 2 follows, 47 sequences, length 7
# corresponding to MSA columns:
# 347-353
name=unknown_C
#
# <colnr> <probs for GDERKNQSTAVLIFYWHMCP>
#	G	D	E	R	K	N	Q	S	T	A	V	L	I	F	Y	W	H	M	C	P
0	0.00757	0.00505	0.00568	0.00568	0.00568	0.00505	0.00316	0.00757	0.00757	0.01010	0.01641	0.03408	0.01893	0.81698	0.02651	0.00505	0.00505	0.00757	0.00316	0.00316
1	0.01168	0.05107	0.14871	0.12650	0.08598	0.03881	0.34703	0.01564	0.01179	0.01599	0.05762	0.01447	0.01001	0.00521	0.00597	0.00169	0.03695	0.00534	0.00268	0.00683
2	0.00635	0.00512	0.00565	0.00587	0.00724	0.00442	0.00427	0.00772	0.01181	0.01475	0.13835	0.21672	0.52638	0.01356	0.00626	0.00182	0.00270	0.01163	0.00495	0.00442
3	0.00729	0.00493	0.00576	0.00604	0.00611	0.00486	0.00354	0.00750	0.00813	0.01084	0.01925	0.21423	0.02252	0.63194	0.02192	0.00437	0.00458	0.00924	0.00354	0.00340
4	0.68341	0.01099	0.00928	0.00790	0.01131	0.01259	0.00651	0.16888	0.01205	0.02530	0.00832	0.00929	0.00630	0.00512	0.00363	0.00160	0.00438	0.00320	0.00363	0.00630
5	0.00721	0.00524	0.00667	0.00715	0.00797	0.00496	0.00503	0.04205	0.01201	0.01625	0.23068	0.52325	0.08366	0.01415	0.00642	0.00194	0.00297	0.01267	0.00509	0.00463
6	0.01137	0.18032	0.48918	0.01424	0.08076	0.01321	0.01546	0.01589	0.01096	0.01575	0.00896	0.01060	0.00687	0.00470	0.00452	0.00144	0.00672	0.00362	0.00234	0.10310

[dist]
# distance from previous block
# <min> <max>
0	1

[block]
# block no. 3 follows, 47 sequences, length 7
# corresponding to MSA columns:
# 355-361
name=unknown_D
#
# <colnr> <probs for GDERKNQSTAVLIFYWHMCP>
#	G	D	E	R	K	N	Q	S	T	A	V	L	I	F	Y	W	H	M	C	P
0	0.01215	0.01252	0.06288	0.23585	0.27050	0.04171	0.04801	0.04602	0.08454	0.01686	0.01071	0.01332	0.00840	0.00503	0.00504	0.00153	0.00622	0.00454	0.00292	0.11124
1	0.09314	0.01327	0.09046	0.11775	0.27032	0.04126	0.01239	0.11782	0.08222	0.03992	0.01382	0.01534	0.05829	0.00582	0.00503	0.00162	0.00582	0.00488	0.00342	0.00740
2	0.00748	0.00540	0.00746	0.00746	0.00807	0.00601	0.00537	0.00871	0.00810	0.01141	0.01478	0.02508	0.01503	0.30310	0.53504	0.00724	0.01093	0.00626	0.00291	0.00414
3	0.05561	0.31795	0.17541	0.01116	0.04336	0.05861	0.01073	0.01666	0.02975	0.10608	0.01253	0.06191	0.01104	0.00639	0.00457	0.00151	0.00579	0.06086	0.00323	0.00686
4	0.00788	0.00663	0.00873	0.00766	0.00967	0.00605	0.07488	0.05593	0.01329	0.01711	0.22470	0.08656	0.43829	0.01150	0.00612	0.00174	0.00337	0.00999	0.00488	0.00503
5	0.04286	0.22706	0.17970	0.03365	0.17380	0.07363	0.02964	0.07862	0.01267	0.01700	0.05727	0.01362	0.01036	0.00547	0.00467	0.00148	0.00628	0.02218	0.00290	0.00714
6	0.14489	0.24681	0.07740	0.00906	0.01276	0.06586	0.00826	0.05944	0.01215	0.06296	0.09849	0.07429	0.01405	0.00639	0.00439	0.00141	0.00499	0.00487	0.00352	0.08803

[dist]
# distance from previous block
# <min> <max>
0	1

[block]
# block no. 4 follows, 47 sequences, length 62
# corresponding to MSA columns:
# 363-424
name=unknown_E
#
# <colnr> <probs for GDERKNQSTAVLIFYWHMCP>
#	G	D	E	R	K	N	Q	S	T	A	V	L	I	F	Y	W	H	M	C	P
0	0.10851	0.14418	0.17616	0.01323	0.04911	0.07814	0.10510	0.10106	0.03540	0.03182	0.02100	0.01222	0.02155	0.00533	0.00501	0.00151	0.02973	0.00420	0.00308	0.05365
1	0.03416	0.03304	0.12134	0.01235	0.03452	0.39218	0.01027	0.07050	0.01380	0.01561	0.05552	0.10372	0.04473	0.00728	0.00542	0.00155	0.02903	0.00550	0.00329	0.00619
2	0.00633	0.00457	0.00600	0.00714	0.00752	0.00424	0.00479	0.00726	0.01008	0.01334	0.03003	0.77135	0.07582	0.01614	0.00662	0.00210	0.00300	0.01459	0.00483	0.00424
3	0.01062	0.06771	0.75079	0.01454	0.02207	0.01253	0.01871	0.01645	0.01097	0.01627	0.00924	0.01086	0.00660	0.00492	0.00487	0.00162	0.00759	0.00379	0.00220	0.00764
4	0.39542	0.07132	0.01298	0.20166	0.09996	0.03514	0.00936	0.04701	0.01057	0.01903	0.02117	0.01148	0.00747	0.01863	0.00476	0.01596	0.00530	0.00376	0.00295	0.00607
5	0.01405	0.01173	0.01821	0.13077	0.49996	0.04412	0.01393	0.01719	0.02834	0.12388	0.01203	0.01534	0.00960	0.00540	0.00523	0.00161	0.00608	0.03152	0.00322	0.00779
6	0.00757	0.00564	0.00837	0.00854	0.00951	0.00644	0.00677	0.00951	0.00887	0.01258	0.01585	0.02580	0.01538	0.03562	0.68633	0.00754	0.01267	0.10928	0.00307	0.00467
7	0.01266	0.01214	0.02072	0.08997	0.72828	0.01231	0.01587	0.01578	0.01175	0.01673	0.00976	0.01296	0.00815	0.00468	0.00516	0.00156	0.00624	0.00464	0.00256	0.00806
8	0.01389	0.41792	0.11558	0.07197	0.01874	0.07924	0.14057	0.01667	0.01149	0.05656	0.00901	0.01066	0.00725	0.00474	0.00437	0.00138	0.00672	0.00381	0.00257	0.00686
9	0.00837	0.00488	0.00724	0.06681	0.00918	0.00497	0.00535	0.00740	0.00793	0.01053	0.01444	0.23416	0.01584	0.01664	0.01546	0.55311	0.00429	0.00735	0.00297	0.00307
10	0.01229	0.01405	0.03073	0.02195	0.02722	0.01317	0.76558	0.01668	0.01229	0.01668	0.01054	0.01405	0.00790	0.00439	0.00615	0.00176	0.00878	0.00615	0.00263	0.00702
11	0.01209	0.01112	0.01887	0.12085	0.60815	0.01140	0.01451	0.01463	0.01112	0.01568	0.00965	0.01334	0.00818	0.00622	0.00687	0.09682	0.00609	0.00463	0.00251	0.00728
12	0.01290	0.01282	0.01819	0.04495	0.52134	0.09968	0.03048	0.01641	0.06128	0.01674	0.06858	0.01581	0.01204	0.03926	0.00610	0.00170	0.00616	0.00509	0.00302	0.00745
13	0.00634	0.00455	0.00602	0.00720	0.00754	0.00423	0.00481	0.00726	0.01002	0.01331	0.02932	0.79414	0.05350	0.01624	0.00663	0.00211	0.00301	0.01471	0.00483	0.00423
14	0.01139	0.01139	0.01595	0.01367	0.01367	0.01595	0.01139	0.01253	0.00798	0.01253	0.00684	0.01139	0.00684	0.00911	0.01709	0.00228	0.80745	0.00456	0.00228	0.00570
15	0.01080	0.00926	0.01080	0.00771	0.01234	0.00694	0.00617	0.01311	0.01080	0.01697	0.00926	0.01080	0.00771	0.00386	0.00386	0.00077	0.00386	0.00309	0.00309	0.84882
16	0.01392	0.82012	0.02729	0.00891	0.01337	0.02061	0.00891	0.01559	0.01058	0.01225	0.00724	0.00835	0.00668	0.00446	0.00334	0.00111	0.00557	0.00278	0.00223	0.00668
17	0.00811	0.00659	0.00997	0.01361	0.20342	0.00638	0.00784	0.00965	0.01056	0.01436	0.02388	0.57016	0.02760	0.01327	0.00630	0.00199	0.00392	0.05289	0.00426	0.00527
18	0.00804	0.00576	0.00738	0.00710	0.00826	0.00561	0.00536	0.04122	0.01349	0.01880	0.51564	0.03834	0.03909	0.12486	0.05278	0.00257	0.00385	0.09198	0.00508	0.00481
19	0.10831	0.01168	0.01475	0.01235	0.01370	0.01505	0.01027	0.15026	0.01145	0.06033	0.00867	0.01161	0.00740	0.00797	0.01272	0.00204	0.52742	0.00442	0.00315	0.00644
20	0.05153	0.01348	0.01402	0.01155	0.01470	0.06057	0.00933	0.39724	0.21140	0.02559	0.01406	0.03720	0.01090	0.00696	0.00650	0.00170	0.09555	0.00512	0.00466	0.00791
21	0.01435	0.01188	0.01988	0.02880	0.67699	0.01172	0.01482	0.01729	0.01228	0.12451	0.01129	0.01356	0.00890	0.00489	0.00517	0.00156	0.00594	0.00472	0.00312	0.00833
22	0.01779	0.01361	0.01561	0.01178	0.01609	0.01436	0.05105	0.59232	0.02139	0.02913	0.01182	0.01229	0.00860	0.00573	0.00502	0.00143	0.00557	0.00449	0.00469	0.15724
23	0.01236	0.03116	0.38897	0.01715	0.09967	0.06229	0.17899	0.01690	0.01177	0.05245	0.01006	0.01201	0.00744	0.00480	0.00512	0.00156	0.00741	0.00439	0.00263	0.07288
24	0.01178	0.02623	0.09829	0.09864	0.39159	0.01169	0.07757	0.02982	0.06953	0.01761	0.10298	0.01641	0.01337	0.00563	0.00532	0.00161	0.00602	0.00532	0.00314	0.00744
25	0.01128	0.02577	0.73997	0.01448	0.02194	0.01181	0.01850	0.01706	0.01125	0.06612	0.01007	0.01143	0.00700	0.00504	0.00497	0.00165	0.00749	0.00394	0.00247	0.00777
26	0.01071	0.01048	0.01874	0.55900	0.16337	0.01194	0.12282	0.01425	0.01093	0.01443	0.00953	0.01374	0.00730	0.00499	0.00533	0.00171	0.00708	0.00485	0.00241	0.00639
27	0.08364	0.18373	0.44752	0.01230	0.01828	0.03636	0.01432	0.02990	0.03369	0.07012	0.01011	0.01153	0.00757	0.00516	0.00453	0.00154	0.00661	0.01296	0.00277	0.00735
28	0.00804	0.00620	0.00845	0.00813	0.00860	0.00730	0.00597	0.00912	0.00803	0.01143	0.01385	0.02414	0.01430	0.31719	0.40834	0.00632	0.12134	0.00616	0.00285	0.00425
29	0.02212	0.01086	0.01332	0.01021	0.01429	0.01062	0.00844	0.28422	0.01825	0.52454	0.01774	0.01590	0.01148	0.00638	0.00523	0.00159	0.00488	0.00505	0.00601	0.00886
30	0.02336	0.00886	0.01209	0.00927	0.01329	0.00765	0.00765	0.02538	0.01491	0.78810	0.02055	0.01773	0.01289	0.00645	0.00524	0.00161	0.00443	0.00524	0.00645	0.00886
31	0.03968	0.13692	0.49024	0.01439	0.02069	0.09519	0.10031	0.01680	0.01140	0.01575	0.00898	0.01071	0.00674	0.00486	0.00477	0.00155	0.00757	0.00387	0.00234	0.00724
32	0.01223	0.01387	0.02976	0.02141	0.02633	0.01335	0.71608	0.01641	0.01201	0.01641	0.01029	0.01387	0.00783	0.00470	0.00686	0.00179	0.06121	0.00604	0.00261	0.00694
33	0.02070	0.01315	0.01474	0.01130	0.01543	0.01401	0.00933	0.58031	0.02207	0.22305	0.01453	0.01382	0.00987	0.00630	0.00522	0.00158	0.00540	0.00483	0.00552	0.00886
34	0.04270	0.01084	0.02656	0.01008	0.01408	0.01034	0.00841	0.25230	0.01748	0.50044	0.01778	0.03899	0.01199	0.00661	0.00521	0.00161	0.00484	0.00526	0.00586	0.00862
35	0.01000	0.00808	0.01305	0.39338	0.06805	0.00893	0.04208	0.01262	0.01116	0.07237	0.06741	0.20157	0.05291	0.00852	0.00568	0.00180	0.00539	0.00769	0.00358	0.00573
36	0.00729	0.00532	0.00685	0.00647	0.00773	0.00488	0.00485	0.00967	0.01455	0.02044	0.73390	0.03964	0.09727	0.01081	0.00614	0.00165	0.00247	0.00952	0.00567	0.00488
37	0.01118	0.01233	0.00900	0.00845	0.01061	0.27143	0.00636	0.01360	0.07503	0.01425	0.03514	0.03392	0.45898	0.01006	0.00559	0.00162	0.00503	0.00801	0.00415	0.00526
38	0.01288	0.41348	0.14110	0.06308	0.09045	0.01509	0.01101	0.01542	0.01101	0.07182	0.01136	0.10082	0.01043	0.00608	0.00440	0.00143	0.00568	0.00478	0.00287	0.00682
39	0.02336	0.00886	0.01209	0.00927	0.01329	0.00765	0.00765	0.02538	0.01491	0.78810	0.02055	0.01773	0.01289	0.00645	0.00524	0.00161	0.00443	0.00524	0.00645	0.00886
40	0.00769	0.00570	0.00838	0.00831	0.00923	0.00668	0.00648	0.00956	0.00851	0.01253	0.01392	0.02014	0.01286	0.03626	0.72748	0.00777	0.03600	0.00551	0.05228	0.00469
41	0.07599	0.00988	0.01437	0.42522	0.03931	0.01157	0.02225	0.09962	0.02219	0.10907	0.01136	0.02394	0.00859	0.00767	0.04927	0.00209	0.05304	0.00478	0.00331	0.00650
42	0.01154	0.00984	0.01048	0.00953	0.01214	0.01105	0.00737	0.02332	0.60041	0.02081	0.11362	0.02516	0.10598	0.00817	0.00549	0.00175	0.00376	0.00687	0.00530	0.00742
43	0.00634	0.00455	0.00602	0.00719	0.00754	0.00423	0.00481	0.00726	0.01003	0.01332	0.02941	0.79127	0.05631	0.01622	0.00663	0.00210	0.00301	0.01469	0.00483	0.00423
44	0.01447	0.01173	0.01490	0.14933	0.11821	0.01299	0.02273	0.32078	0.14229	0.02357	0.05690	0.04949	0.02573	0.00675	0.00536	0.00166	0.00544	0.00568	0.00435	0.00764
45	0.01492	0.27025	0.02113	0.04144	0.28604	0.14193	0.01193	0.10093	0.01319	0.01636	0.00891	0.01083	0.00749	0.00502	0.00486	0.00140	0.02943	0.00385	0.00276	0.00732
46	0.01138	0.00950	0.01133	0.05472	0.01392	0.00766	0.00686	0.04928	0.01150	0.03048	0.00960	0.01118	0.00781	0.00409	0.00402	0.00088	0.00414	0.00329	0.00320	0.74515
47	0.00647	0.00473	0.00638	0.03721	0.00860	0.00451	0.00517	0.00749	0.01004	0.01332	0.02866	0.76161	0.05483	0.01581	0.00658	0.00209	0.00316	0.01431	0.00474	0.00429
48	0.01723	0.01227	0.01430	0.12166	0.01778	0.01340	0.00977	0.49296	0.03436	0.09749	0.01411	0.07585	0.01105	0.00684	0.00528	0.00161	0.00547	0.00549	0.00482	0.03827
49	0.00983	0.00926	0.01562	0.80447	0.03587	0.01157	0.01446	0.01331	0.01041	0.01331	0.00926	0.01388	0.00694	0.00521	0.00521	0.00174	0.00694	0.00463	0.00231	0.00579
50	0.05068	0.00890	0.01194	0.00919	0.01319	0.00779	0.00759	0.02505	0.01471	0.76295	0.02011	0.01742	0.01265	0.00639	0.00517	0.00161	0.00442	0.00516	0.00634	0.00876
51	0.00910	0.00867	0.00952	0.04408	0.11817	0.09509	0.00738	0.01101	0.02203	0.01463	0.05504	0.14890	0.34662	0.01119	0.00597	0.00179	0.00434	0.07704	0.00420	0.00525
52	0.00744	0.00558	0.00837	0.00837	0.00930	0.00651	0.00651	0.00930	0.00837	0.01209	0.01395	0.02046	0.01302	0.03906	0.79635	0.00837	0.01395	0.00558	0.00279	0.00465
53	0.00663	0.00508	0.00615	0.00685	0.00789	0.00460	0.00508	0.00797	0.01114	0.01412	0.05239	0.37308	0.32875	0.01466	0.00653	0.00201	0.00315	0.13467	0.00485	0.00440
54	0.00669	0.00478	0.00643	0.00759	0.00806	0.00452	0.00538	0.00787	0.01042	0.01387	0.05050	0.67487	0.03418	0.01585	0.00672	0.00214	0.00328	0.12765	0.00485	0.00434
55	0.01311	0.01262	0.07703	0.24688	0.33888	0.02951	0.08487	0.01649	0.01183	0.10251	0.01085	0.01360	0.00821	0.00502	0.00525	0.00163	0.00663	0.00476	0.00292	0.00741
56	0.00882	0.00598	0.00748	0.00791	0.00893	0.00589	0.00559	0.05983	0.06873	0.06506	0.02697	0.63688	0.04302	0.01427	0.00635	0.00201	0.00337	0.01279	0.00500	0.00514
57	0.01213	0.01980	0.38314	0.16956	0.07287	0.11469	0.02639	0.03052	0.01162	0.04133	0.01010	0.01326	0.00786	0.05733	0.00640	0.00184	0.00737	0.00432	0.00258	0.00690
58	0.83603	0.02718	0.00807	0.00689	0.01014	0.01187	0.00571	0.01531	0.00890	0.02313	0.00725	0.00846	0.00566	0.00483	0.00323	0.00160	0.00406	0.00282	0.00320	0.00566
59	0.00834	0.00563	0.00716	0.00697	0.02482	0.00509	0.00506	0.01014	0.01336	0.06752	0.47300	0.03808	0.22891	0.01145	0.00713	0.06525	0.00287	0.00908	0.00522	0.00491
60	0.13067	0.16600	0.14114	0.01182	0.01504	0.17517	0.02335	0.01575	0.01058	0.01477	0.00814	0.02024	0.00715	0.01981	0.00779	0.00169	0.20756	0.00381	0.00253	0.01698
61	0.00988	0.00590	0.00751	0.00678	0.00850	0.00530	0.00515	0.01199	0.01403	0.14813	0.51233	0.03681	0.15099	0.04518	0.00687	0.00180	0.00293	0.00887	0.00561	0.00542

[dist]
# distance from previous block
# <min> <max>
0	2

[block]
# block no. 5 follows, 47 sequences, length 7
# corresponding to MSA columns:
# 427-433
name=unknown_F
#
# <colnr> <probs for GDERKNQSTAVLIFYWHMCP>
#	G	D	E	R	K	N	Q	S	T	A	V	L	I	F	Y	W	H	M	C	P
0	0.05484	0.40811	0.01984	0.01000	0.01371	0.15076	0.00878	0.01927	0.11362	0.11528	0.01096	0.01133	0.00868	0.00538	0.00449	0.00136	0.02963	0.00367	0.00331	0.00699
1	0.01021	0.02368	0.65748	0.01414	0.02081	0.01132	0.05698	0.01545	0.01066	0.01575	0.01024	0.01387	0.00812	0.10038	0.00755	0.00205	0.00744	0.00441	0.00233	0.00713
2	0.01056	0.07038	0.64273	0.11977	0.02379	0.01252	0.01801	0.01602	0.01089	0.01582	0.00921	0.01123	0.00665	0.00495	0.00489	0.00163	0.00747	0.00389	0.00222	0.00738
3	0.15031	0.13740	0.29129	0.01488	0.12015	0.01344	0.06977	0.07743	0.01206	0.01860	0.04216	0.01199	0.00878	0.00512	0.00462	0.00155	0.00627	0.00411	0.00285	0.00721
4	0.19389	0.01092	0.01164	0.05184	0.05958	0.01257	0.00846	0.02358	0.52559	0.02141	0.01690	0.01639	0.01277	0.00635	0.00484	0.00172	0.00437	0.00509	0.00454	0.00756
5	0.00724	0.00585	0.00740	0.11270	0.01141	0.00568	0.00607	0.00906	0.01177	0.01496	0.15922	0.08122	0.37258	0.06770	0.00759	0.00206	0.00365	0.10468	0.00452	0.00462
6	0.08408	0.14447	0.17310	0.01160	0.01600	0.05239	0.01116	0.27775	0.08126	0.02213	0.01138	0.01311	0.00889	0.00600	0.00525	0.00158	0.04029	0.02829	0.00371	0.00756

[dist]
# distance from previous block
# <min> <max>
0	11

[block]
# block no. 6 follows, 47 sequences, length 7
# corresponding to MSA columns:
# 445-451
name=unknown_G
#
# <colnr> <probs for GDERKNQSTAVLIFYWHMCP>
#	G	D	E	R	K	N	Q	S	T	A	V	L	I	F	Y	W	H	M	C	P
0	0.01295	0.59739	0.24146	0.01058	0.01594	0.01822	0.01181	0.01585	0.01070	0.01344	0.00783	0.00910	0.00666	0.00459	0.00379	0.00126	0.00617	0.00308	0.00222	0.00697
1	0.01063	0.00896	0.01075	0.00827	0.01196	0.00762	0.02478	0.05785	0.04256	0.01756	0.04901	0.06575	0.06611	0.02786	0.00542	0.00123	0.02356	0.00509	0.00362	0.55143
2	0.01246	0.13784	0.45168	0.01353	0.01963	0.01365	0.06410	0.07059	0.10907	0.04249	0.01120	0.01220	0.00824	0.00525	0.00486	0.00159	0.00676	0.00421	0.00297	0.00769
3	0.00653	0.00461	0.00599	0.00701	0.00727	0.00435	0.00458	0.00730	0.00961	0.01281	0.02684	0.69552	0.03209	0.13759	0.00965	0.00256	0.00333	0.01371	0.00458	0.00407
4	0.00633	0.00459	0.00598	0.00709	0.00751	0.00424	0.00476	0.00727	0.01012	0.01336	0.03063	0.75249	0.09430	0.01607	0.00661	0.00209	0.00299	0.01450	0.00483	0.00424
5	0.04032	0.00911	0.01063	0.00957	0.01225	0.03262	0.00788	0.08607	0.15288	0.23315	0.06610	0.03040	0.01985	0.00903	0.00574	0.00184	0.00454	0.22397	0.03707	0.00699
6	0.01074	0.09367	0.72583	0.01434	0.02177	0.01281	0.01837	0.01642	0.01096	0.01614	0.00917	0.01077	0.00660	0.00491	0.00481	0.00160	0.00752	0.00376	0.00220	0.00761

[dist]
# distance from previous block
# <min> <max>
0	14

[block]
# block no. 7 follows, 47 sequences, length 11
# corresponding to MSA columns:
# 466-476
name=unknown_H
#
# <colnr> <probs for GDERKNQSTAVLIFYWHMCP>
#	G	D	E	R	K	N	Q	S	T	A	V	L	I	F	Y	W	H	M	C	P
0	0.00733	0.00557	0.00691	0.00727	0.00868	0.00515	0.00592	0.00935	0.01263	0.01635	0.22373	0.05069	0.30764	0.01302	0.00656	0.00198	0.00343	0.29808	0.00504	0.00468
1	0.00801	0.00572	0.00795	0.00915	0.01018	0.00566	0.00773	0.01013	0.01161	0.01516	0.02778	0.20021	0.03081	0.01475	0.00709	0.00234	0.00446	0.61177	0.00480	0.00469
2	0.01064	0.07131	0.74733	0.01451	0.02203	0.01257	0.01866	0.01644	0.01097	0.01625	0.00923	0.01085	0.00660	0.00492	0.00486	0.00162	0.00758	0.00379	0.00220	0.00764
3	0.00939	0.00606	0.00693	0.00661	0.00852	0.00540	0.00501	0.01147	0.05124	0.13743	0.05813	0.15092	0.45986	0.03156	0.00655	0.00188	0.00316	0.02950	0.00509	0.00527
4	0.00983	0.00926	0.01562	0.80447	0.03587	0.01157	0.01446	0.01331	0.01041	0.01331	0.00926	0.01388	0.00694	0.00521	0.00521	0.00174	0.00694	0.00463	0.00231	0.00579
5	0.01045	0.02694	0.79000	0.01484	0.02254	0.01209	0.01924	0.01649	0.01099	0.01649	0.00935	0.01099	0.00660	0.00495	0.00495	0.00165	0.00770	0.00385	0.00220	0.00770
6	0.01963	0.05847	0.11635	0.01036	0.01479	0.01029	0.00951	0.08509	0.10126	0.49201	0.01771	0.01606	0.01171	0.00619	0.00509	0.00160	0.00500	0.00494	0.00541	0.00851
7	0.00712	0.00531	0.00661	0.00629	0.00763	0.00481	0.00471	0.00934	0.01414	0.01947	0.63031	0.04123	0.20146	0.01117	0.00614	0.00166	0.00249	0.00974	0.00555	0.00481
8	0.01292	0.10749	0.47832	0.01310	0.01907	0.06807	0.01501	0.11799	0.01311	0.04408	0.01095	0.05702	0.00873	0.00580	0.00490	0.00158	0.00694	0.00449	0.00294	0.00747
9	0.05592	0.16394	0.53754	0.05386	0.02065	0.05184	0.01602	0.01632	0.01096	0.01577	0.00880	0.01047	0.00658	0.00489	0.00458	0.00154	0.00717	0.00362	0.00229	0.00723
10	0.02123	0.00971	0.03474	0.00957	0.01350	0.00854	0.00804	0.05204	0.09236	0.63292	0.04684	0.01826	0.01414	0.00661	0.00527	0.00163	0.00447	0.00539	0.00613	0.00863

[dist]
# distance from previous block
# <min> <max>
0	1

[block]
# block no. 8 follows, 47 sequences, length 11
# corresponding to MSA columns:
# 479-489
name=unknown_I
#
# <colnr> <probs for GDERKNQSTAVLIFYWHMCP>
#	G	D	E	R	K	N	Q	S	T	A	V	L	I	F	Y	W	H	M	C	P
0	0.08083	0.18714	0.08845	0.01103	0.05194	0.06149	0.00941	0.09870	0.10827	0.09165	0.06947	0.01482	0.01223	0.00586	0.00459	0.00144	0.00526	0.01511	0.00382	0.07849
1	0.05048	0.61106	0.06197	0.00983	0.01414	0.12533	0.00947	0.04158	0.01156	0.01369	0.00763	0.00877	0.00671	0.00468	0.00366	0.00121	0.00613	0.00298	0.00243	0.00667
2	0.04983	0.01161	0.01313	0.01067	0.04266	0.01167	0.00834	0.37781	0.01801	0.13135	0.01573	0.01564	0.06958	0.00617	0.00490	0.00141	0.00484	0.00482	0.00470	0.19713
3	0.07939	0.04673	0.12243	0.03721	0.09831	0.06530	0.24309	0.07443	0.02639	0.06340	0.04062	0.02821	0.00998	0.00556	0.00569	0.00165	0.03613	0.00512	0.00321	0.00711
4	0.08486	0.01038	0.05184	0.03717	0.04395	0.00933	0.00868	0.06030	0.09054	0.48022	0.05534	0.01729	0.01351	0.00639	0.00511	0.00163	0.00466	0.00518	0.00548	0.00817
5	0.00634	0.00453	0.00604	0.00725	0.00755	0.00423	0.00483	0.00725	0.00997	0.01329	0.02870	0.81358	0.03444	0.01632	0.00665	0.00211	0.00302	0.01480	0.00483	0.00423
6	0.07981	0.01734	0.10328	0.06315	0.13020	0.27513	0.07061	0.04226	0.03593	0.06670	0.02213	0.02966	0.00950	0.00578	0.00502	0.00157	0.00717	0.02474	0.00318	0.00683
7	0.06081	0.03631	0.16190	0.03583	0.16501	0.01241	0.30006	0.01713	0.01182	0.10090	0.01083	0.01311	0.00805	0.00499	0.00581	0.00168	0.03800	0.00498	0.00296	0.00741
8	0.00637	0.00517	0.00568	0.00603	0.00743	0.00448	0.00449	0.00768	0.01147	0.01402	0.04565	0.21494	0.56372	0.01395	0.00634	0.00188	0.00289	0.06858	0.00483	0.00439
9	0.01203	0.01194	0.05044	0.06786	0.13136	0.01135	0.35017	0.01527	0.01157	0.07498	0.01355	0.13549	0.01218	0.00684	0.00676	0.00181	0.06958	0.00687	0.00319	0.00676
10	0.09122	0.01350	0.05492	0.01183	0.01573	0.01394	0.06859	0.42771	0.09211	0.06022	0.01299	0.01347	0.00944	0.00609	0.00541	0.00161	0.03273	0.00474	0.05578	0.00796

[dist]
# distance from previous block
# <min> <max>
0	10

[block]
# block no. 9 follows, 47 sequences, length 24
# corresponding to MSA columns:
# 500-523
name=unknown_J
#
# <colnr> <probs for GDERKNQSTAVLIFYWHMCP>
#	G	D	E	R	K	N	Q	S	T	A	V	L	I	F	Y	W	H	M	C	P
0	0.01241	0.01576	0.18205	0.01880	0.05364	0.01248	0.44132	0.01655	0.01174	0.06539	0.01095	0.03023	0.00844	0.00527	0.00667	0.00175	0.07361	0.00555	0.00281	0.02457
1	0.01033	0.01026	0.00932	0.00913	0.01071	0.18161	0.00727	0.01215	0.01278	0.01531	0.16216	0.03881	0.21128	0.01105	0.00689	0.00186	0.06121	0.21849	0.00433	0.00506
2	0.01301	0.08247	0.09170	0.12335	0.15900	0.03296	0.28673	0.06888	0.01266	0.04424	0.01070	0.03124	0.00844	0.00510	0.00538	0.00163	0.00722	0.00518	0.00288	0.00721
3	0.10524	0.04586	0.31729	0.09668	0.12838	0.01157	0.03062	0.03392	0.01182	0.12071	0.04215	0.01333	0.00942	0.00535	0.00488	0.00162	0.00625	0.00437	0.00317	0.00737
4	0.01374	0.01270	0.02028	0.04442	0.56790	0.04742	0.07623	0.01762	0.06576	0.06616	0.01125	0.01362	0.00895	0.00495	0.00523	0.00158	0.00630	0.00483	0.00302	0.00803
5	0.00757	0.00705	0.05834	0.00895	0.01028	0.00587	0.06848	0.00928	0.01046	0.01418	0.08589	0.43433	0.02862	0.11706	0.03303	0.00261	0.00451	0.08453	0.00428	0.00467
6	0.04600	0.01942	0.38896	0.09029	0.11052	0.04518	0.06403	0.06206	0.01183	0.01704	0.01043	0.02920	0.01943	0.00562	0.00584	0.00168	0.05809	0.00454	0.00263	0.00721
7	0.05907	0.07127	0.08171	0.01723	0.15507	0.06142	0.16884	0.03175	0.07660	0.03041	0.04561	0.01431	0.02149	0.00604	0.00708	0.00170	0.13537	0.00499	0.00306	0.00696
8	0.01109	0.00633	0.00800	0.03142	0.00914	0.00654	0.00553	0.11535	0.01092	0.04697	0.01346	0.08179	0.01219	0.01265	0.01217	0.40448	0.00415	0.00550	0.19802	0.00432
9	0.07584	0.01177	0.04431	0.01037	0.01371	0.01201	0.03911	0.39779	0.03555	0.02561	0.12741	0.01988	0.06935	0.02539	0.05079	0.00206	0.00547	0.00585	0.02057	0.00717
10	0.07168	0.10318	0.05269	0.03499	0.05799	0.30541	0.07105	0.05916	0.01346	0.09222	0.01260	0.01363	0.05701	0.00584	0.00512	0.00150	0.02814	0.00439	0.00327	0.00667
11	0.01856	0.06931	0.01520	0.06309	0.01620	0.02864	0.00941	0.44116	0.05405	0.17345	0.01389	0.01420	0.00994	0.02391	0.02360	0.00179	0.00572	0.00477	0.00491	0.00821
12	0.00768	0.00539	0.00630	0.00647	0.00678	0.00549	0.00401	0.00898	0.06200	0.01169	0.01930	0.20058	0.02182	0.55580	0.05209	0.00432	0.00491	0.00893	0.00365	0.00381
13	0.10012	0.01168	0.08492	0.09199	0.06098	0.01034	0.07331	0.08914	0.03313	0.32183	0.04532	0.02969	0.01184	0.00609	0.00514	0.00165	0.00541	0.00515	0.00458	0.00768
14	0.03641	0.09401	0.21108	0.01453	0.09313	0.17451	0.04516	0.04597	0.03223	0.15608	0.01127	0.01218	0.00829	0.00546	0.00532	0.00155	0.03789	0.00416	0.00334	0.00742
15	0.02137	0.00906	0.01171	0.00916	0.01285	0.02646	0.00749	0.05023	0.01523	0.65733	0.10440	0.01969	0.01662	0.00688	0.00532	0.00161	0.00438	0.00564	0.00623	0.00836
16	0.00729	0.00499	0.00607	0.00648	0.00668	0.00496	0.00410	0.00777	0.00854	0.01140	0.02032	0.24489	0.02354	0.51446	0.05539	0.00424	0.00490	0.05668	0.00370	0.00362
17	0.01242	0.18157	0.12682	0.13889	0.10931	0.05590	0.24258	0.01590	0.01140	0.01490	0.00915	0.01197	0.00727	0.00485	0.00547	0.00158	0.03616	0.00454	0.00243	0.00689
18	0.01848	0.01378	0.01489	0.04496	0.12288	0.16013	0.02131	0.21042	0.01634	0.24170	0.01453	0.01473	0.03075	0.00610	0.00537	0.00155	0.02374	0.00478	0.02576	0.00780
19	0.18318	0.04398	0.01754	0.32018	0.15488	0.01259	0.11699	0.01469	0.01046	0.01637	0.00889	0.01225	0.00702	0.00513	0.00557	0.00169	0.05525	0.00439	0.00258	0.00638
20	0.01389	0.36042	0.08024	0.05142	0.15722	0.16821	0.01121	0.01624	0.01195	0.01421	0.06249	0.01200	0.00996	0.00517	0.00435	0.00134	0.00644	0.00387	0.00263	0.00676
21	0.00760	0.00530	0.00651	0.00671	0.00709	0.00542	0.00443	0.00862	0.02743	0.01192	0.04970	0.12389	0.02197	0.49956	0.12667	0.00473	0.00588	0.06915	0.00359	0.00381
22	0.04736	0.33158	0.30606	0.01148	0.01680	0.02758	0.03918	0.01617	0.01125	0.06423	0.02794	0.01375	0.02498	0.00552	0.00445	0.00147	0.00624	0.03420	0.00278	0.00699
23	0.11635	0.18639	0.26434	0.06914	0.01818	0.03511	0.03895	0.04064	0.07248	0.09602	0.01083	0.01181	0.00803	0.00520	0.00452	0.00154	0.00615	0.00395	0.00314	0.00722

[dist]
# distance from previous block
# <min> <max>
0	2

[block]
# block no. 10 follows, 47 sequences, length 22
# corresponding to MSA columns:
# 526-547
name=unknown_K
#
# <colnr> <probs for GDERKNQSTAVLIFYWHMCP>
#	G	D	E	R	K	N	Q	S	T	A	V	L	I	F	Y	W	H	M	C	P
0	0.02324	0.00907	0.01221	0.00936	0.01340	0.00796	0.00773	0.05193	0.01525	0.76106	0.02026	0.01754	0.01275	0.00644	0.00524	0.00161	0.00448	0.00522	0.00640	0.00886
1	0.00825	0.00700	0.01039	0.07286	0.13950	0.00677	0.03615	0.01048	0.01249	0.01688	0.29364	0.15240	0.19211	0.01040	0.00599	0.00173	0.00379	0.00929	0.00450	0.00540
2	0.01403	0.10064	0.09972	0.01473	0.17258	0.06400	0.01071	0.07749	0.12368	0.10911	0.03381	0.05625	0.05949	0.00662	0.00506	0.00156	0.00541	0.00548	0.00391	0.03574
3	0.01554	0.00905	0.05230	0.00874	0.01160	0.00798	0.00728	0.13822	0.01454	0.29641	0.08546	0.13922	0.01821	0.00871	0.00603	0.04292	0.00416	0.00680	0.11995	0.00688
4	0.00902	0.00711	0.00773	0.00720	0.00928	0.00706	0.00552	0.01440	0.22948	0.04852	0.18956	0.03784	0.38592	0.01067	0.00587	0.00173	0.00309	0.00899	0.00521	0.00577
5	0.01096	0.01172	0.04096	0.31637	0.02584	0.05024	0.24859	0.01414	0.01102	0.01453	0.05183	0.01620	0.01037	0.06438	0.00827	0.00201	0.08844	0.00549	0.00267	0.00599
6	0.01017	0.00960	0.01639	0.63834	0.11122	0.01135	0.05355	0.01356	0.01072	0.01405	0.01087	0.01500	0.03010	0.00536	0.00524	0.00170	0.00671	0.00490	0.02513	0.00604
7	0.00792	0.00566	0.00786	0.00906	0.01005	0.00559	0.00758	0.00998	0.01153	0.01506	0.02783	0.23117	0.03099	0.01483	0.00707	0.00233	0.00439	0.58164	0.00480	0.00467
8	0.01234	0.01120	0.01486	0.15143	0.05843	0.01270	0.08679	0.02345	0.52478	0.01954	0.01744	0.01758	0.01313	0.00634	0.00536	0.00175	0.00519	0.00563	0.00437	0.00769
9	0.00744	0.00558	0.00837	0.00837	0.00930	0.00651	0.00651	0.00930	0.00837	0.01209	0.01395	0.02046	0.01302	0.03906	0.79635	0.00837	0.01395	0.00558	0.00279	0.00465
10	0.00757	0.00557	0.00804	0.00800	0.00879	0.00629	0.00605	0.00909	0.00896	0.01277	0.09262	0.06591	0.01792	0.08936	0.55758	0.04789	0.03341	0.00654	0.00319	0.00446
11	0.01269	0.13726	0.25812	0.01332	0.07806	0.01230	0.04397	0.05364	0.03172	0.09579	0.12533	0.01617	0.01424	0.00626	0.00585	0.00160	0.06325	0.00498	0.01832	0.00714
12	0.01059	0.01003	0.01698	0.61364	0.22079	0.01177	0.01484	0.01397	0.01077	0.01422	0.00939	0.01364	0.00726	0.00507	0.00519	0.00169	0.00676	0.00463	0.00238	0.00639
13	0.01263	0.00646	0.00839	0.00737	0.00956	0.00572	0.00571	0.01460	0.01388	0.28519	0.33044	0.11209	0.14636	0.01015	0.00588	0.00170	0.00323	0.00875	0.00575	0.00614
14	0.01150	0.05277	0.09084	0.05448	0.07159	0.19183	0.00934	0.02510	0.02266	0.01520	0.06824	0.04961	0.19252	0.00867	0.00544	0.00165	0.00566	0.08583	0.03125	0.00579
15	0.01124	0.12454	0.55926	0.01584	0.05913	0.01332	0.11326	0.01638	0.01115	0.01601	0.00925	0.01114	0.00686	0.00480	0.00491	0.00159	0.00749	0.00405	0.00228	0.00751
16	0.01102	0.02583	0.73970	0.01452	0.02195	0.01194	0.01851	0.01712	0.03006	0.04741	0.01009	0.01147	0.00708	0.00506	0.00497	0.00165	0.00748	0.00395	0.00245	0.00776
17	0.00693	0.00585	0.00606	0.00591	0.00773	0.00527	0.00446	0.00965	0.08586	0.01545	0.11803	0.04610	0.63962	0.01236	0.00607	0.00175	0.00276	0.01035	0.00496	0.00482
18	0.00915	0.00747	0.02216	0.01056	0.10736	0.00715	0.00709	0.01333	0.12567	0.03684	0.40810	0.08681	0.10173	0.00987	0.00591	0.00171	0.00341	0.02474	0.00507	0.00587
19	0.01247	0.07032	0.02069	0.15472	0.60812	0.01284	0.01523	0.01552	0.01153	0.01607	0.00952	0.01272	0.00793	0.00472	0.00503	0.00155	0.00626	0.00450	0.00251	0.00774
20	0.01193	0.01131	0.01917	0.15239	0.60984	0.01166	0.01494	0.01493	0.01149	0.01616	0.01108	0.07098	0.00994	0.00557	0.00527	0.00162	0.00608	0.00537	0.00270	0.00757
21	0.00676	0.00515	0.00760	0.00820	0.00883	0.00482	0.05098	0.00791	0.01016	0.01356	0.02757	0.74558	0.03272	0.01554	0.00663	0.00210	0.00342	0.03336	0.00470	0.00441

[dist]
# distance from previous block
# <min> <max>
0	3

# created by:
# /st0/software/busco_prod/Augustus/scripts/msa2prfl.pl ./align_prep/220316.fa
