[name]
unknown

[dist]
# distance from previous block
# <min> <max>
0	29

[block]
# block no. 0 follows, 44 sequences, length 9
# corresponding to MSA columns:
# 29-37
name=unknown_A
#
# <colnr> <probs for GDERKNQSTAVLIFYWHMCP>
#	G	D	E	R	K	N	Q	S	T	A	V	L	I	F	Y	W	H	M	C	P
0	0.00890	0.07558	0.00926	0.00822	0.00949	0.00671	0.00638	0.01049	0.01162	0.05366	0.09501	0.36731	0.06458	0.04469	0.03626	0.00246	0.00432	0.17514	0.00484	0.00508
1	0.04502	0.04031	0.45122	0.01639	0.11904	0.04247	0.01625	0.05620	0.03809	0.10724	0.01161	0.01274	0.00832	0.00546	0.00515	0.00168	0.00710	0.00434	0.00320	0.00818
2	0.04989	0.15981	0.01696	0.03798	0.03132	0.06648	0.00969	0.19731	0.11170	0.17239	0.01412	0.01488	0.01058	0.00654	0.00590	0.00165	0.06080	0.01950	0.00451	0.00801
3	0.00745	0.00508	0.00609	0.00656	0.00668	0.00497	0.00396	0.00780	0.00886	0.01182	0.02197	0.32213	0.02587	0.51370	0.02001	0.00414	0.00449	0.01075	0.00396	0.00372
4	0.00704	0.00485	0.00656	0.00772	0.00807	0.00458	0.00529	0.00781	0.01029	0.01370	0.02818	0.68470	0.03342	0.01710	0.00824	0.07513	0.00343	0.06477	0.00482	0.00429
5	0.04479	0.06783	0.04426	0.29911	0.25304	0.04144	0.05140	0.01642	0.04542	0.03459	0.01110	0.03060	0.00896	0.00554	0.00524	0.00169	0.00665	0.00495	0.01981	0.00718
6	0.00947	0.00473	0.00710	0.00710	0.00710	0.00473	0.00473	0.00710	0.00710	0.00947	0.00947	0.01657	0.00947	0.01894	0.02131	0.84138	0.00473	0.00473	0.00237	0.00237
7	0.08462	0.00974	0.01254	0.00969	0.01385	0.00887	0.00800	0.07065	0.01576	0.67711	0.01997	0.01751	0.01268	0.00661	0.00533	0.00168	0.00469	0.00526	0.00642	0.00903
8	0.02053	0.00993	0.01284	0.07818	0.01590	0.00975	0.00872	0.06434	0.15228	0.50688	0.02002	0.01830	0.01332	0.00673	0.00543	0.00171	0.00480	0.00551	0.03611	0.00873

[dist]
# distance from previous block
# <min> <max>
0	1

[block]
# block no. 1 follows, 44 sequences, length 8
# corresponding to MSA columns:
# 39-46
name=unknown_B
#
# <colnr> <probs for GDERKNQSTAVLIFYWHMCP>
#	G	D	E	R	K	N	Q	S	T	A	V	L	I	F	Y	W	H	M	C	P
0	0.03156	0.08310	0.28891	0.01657	0.12373	0.01313	0.08294	0.05485	0.02875	0.11171	0.04677	0.01432	0.01048	0.00593	0.00617	0.00171	0.06327	0.00484	0.00338	0.00788
1	0.00786	0.00633	0.00908	0.13011	0.01346	0.00664	0.02301	0.00962	0.01082	0.01421	0.04290	0.33061	0.13258	0.05320	0.08829	0.00293	0.02594	0.08328	0.00425	0.00487
2	0.84691	0.01054	0.00801	0.00717	0.01054	0.01223	0.00590	0.01603	0.00928	0.02446	0.00759	0.00886	0.00590	0.00506	0.00337	0.00169	0.00422	0.00295	0.00337	0.00590
3	0.00698	0.00556	0.00628	0.00630	0.00789	0.00487	0.00479	0.00875	0.01320	0.01681	0.25360	0.08001	0.48721	0.01328	0.00654	0.00187	0.00289	0.06306	0.00532	0.00478
4	0.01688	0.01460	0.09304	0.01169	0.01579	0.01417	0.01027	0.47601	0.10644	0.02919	0.10733	0.01744	0.01524	0.00706	0.00549	0.00166	0.00546	0.00558	0.03825	0.00840
5	0.01509	0.62984	0.02442	0.00912	0.01338	0.01821	0.00874	0.01696	0.01208	0.10797	0.08801	0.01325	0.01238	0.00559	0.00404	0.00129	0.00535	0.00395	0.00325	0.00709
6	0.01699	0.03443	0.01379	0.01073	0.01406	0.01329	0.00862	0.47736	0.04158	0.06658	0.10850	0.07507	0.01751	0.06734	0.00729	0.00195	0.00520	0.00651	0.00531	0.00789
7	0.01125	0.01161	0.09117	0.10720	0.05189	0.00953	0.00952	0.04486	0.11314	0.01803	0.01679	0.03459	0.08801	0.02421	0.00549	0.00147	0.00496	0.00526	0.00364	0.34737

[dist]
# distance from previous block
# <min> <max>
1	28

[block]
# block no. 2 follows, 44 sequences, length 9
# corresponding to MSA columns:
# 76-84
name=unknown_C
#
# <colnr> <probs for GDERKNQSTAVLIFYWHMCP>
#	G	D	E	R	K	N	Q	S	T	A	V	L	I	F	Y	W	H	M	C	P
0	0.00881	0.01078	0.18284	0.00883	0.01175	0.00685	0.00854	0.01201	0.01395	0.04450	0.45896	0.07931	0.11099	0.01026	0.00615	0.00176	0.00394	0.00889	0.00504	0.00585
1	0.02266	0.01216	0.01444	0.01107	0.01536	0.01229	0.00914	0.37764	0.02043	0.42029	0.01746	0.01593	0.01146	0.00665	0.00547	0.00166	0.00529	0.00521	0.00613	0.00927
2	0.01204	0.16197	0.01678	0.18927	0.01880	0.09549	0.03462	0.01463	0.03744	0.01383	0.01193	0.01597	0.03322	0.04363	0.12611	0.00292	0.13522	0.00492	0.02519	0.00602
3	0.00944	0.18851	0.01109	0.00671	0.00777	0.00899	0.00467	0.00984	0.00864	0.01108	0.01500	0.02956	0.01691	0.62578	0.02224	0.00435	0.00541	0.00679	0.00308	0.00414
4	0.01104	0.00916	0.01091	0.00832	0.01212	0.00774	0.00662	0.05380	0.01290	0.01940	0.18286	0.01812	0.01795	0.00604	0.00528	0.00113	0.03928	0.00490	0.00394	0.56849
5	0.07557	0.25254	0.10041	0.01156	0.04207	0.06269	0.01029	0.03572	0.01237	0.18886	0.01277	0.06689	0.01052	0.00669	0.00605	0.00162	0.08748	0.00484	0.00372	0.00734
6	0.02101	0.01418	0.18741	0.01131	0.01642	0.00996	0.01100	0.09761	0.01568	0.53071	0.01800	0.01641	0.01157	0.00637	0.00541	0.00169	0.00555	0.00509	0.00561	0.00900
7	0.84691	0.01054	0.00801	0.00717	0.01054	0.01223	0.00590	0.01603	0.00928	0.02446	0.00759	0.00886	0.00590	0.00506	0.00337	0.00169	0.00422	0.00295	0.00337	0.00590
8	0.65663	0.00922	0.00781	0.00715	0.00976	0.01053	0.00564	0.01400	0.00878	0.02105	0.00802	0.01061	0.00671	0.00821	0.00745	0.19248	0.00433	0.00336	0.00315	0.00510

[dist]
# distance from previous block
# <min> <max>
0	5

[block]
# block no. 3 follows, 44 sequences, length 29
# corresponding to MSA columns:
# 90-118
name=unknown_D
#
# <colnr> <probs for GDERKNQSTAVLIFYWHMCP>
#	G	D	E	R	K	N	Q	S	T	A	V	L	I	F	Y	W	H	M	C	P
0	0.01030	0.00969	0.01635	0.79530	0.03755	0.01211	0.01514	0.01393	0.01090	0.01393	0.00969	0.01453	0.00727	0.00545	0.00545	0.00182	0.00727	0.00484	0.00242	0.00606
1	0.84691	0.01054	0.00801	0.00717	0.01054	0.01223	0.00590	0.01603	0.00928	0.02446	0.00759	0.00886	0.00590	0.00506	0.00337	0.00169	0.00422	0.00295	0.00337	0.00590
2	0.00674	0.00490	0.00626	0.00723	0.00775	0.00453	0.00486	0.00776	0.01075	0.01419	0.06648	0.64043	0.11958	0.06118	0.00805	0.00232	0.00321	0.01436	0.00501	0.00442
3	0.27431	0.00901	0.01028	0.02467	0.01229	0.00889	0.00696	0.02028	0.01339	0.39702	0.12305	0.01869	0.01642	0.00681	0.00491	0.00168	0.00420	0.00530	0.03441	0.00744
4	0.02446	0.00928	0.01265	0.00970	0.01392	0.00801	0.00801	0.02657	0.01560	0.77817	0.02151	0.01856	0.01350	0.00675	0.00548	0.00169	0.00464	0.00548	0.00675	0.00928
5	0.01573	0.00809	0.01024	0.00866	0.01144	0.00765	0.00684	0.04517	0.10065	0.33388	0.27611	0.06342	0.04872	0.00897	0.00586	0.00173	0.00378	0.00764	0.02810	0.00734
6	0.01037	0.01180	0.10323	0.70661	0.03596	0.01217	0.01571	0.01431	0.01097	0.01431	0.00970	0.01419	0.00723	0.00542	0.00542	0.00181	0.00736	0.00475	0.00241	0.00628
7	0.01381	0.62862	0.14364	0.01066	0.01588	0.01929	0.03452	0.01639	0.01121	0.01389	0.00813	0.00948	0.00707	0.00471	0.00388	0.00126	0.00620	0.00321	0.00238	0.04578
8	0.00665	0.00498	0.00618	0.00705	0.00779	0.00451	0.00484	0.00779	0.01118	0.01453	0.07471	0.58206	0.21597	0.01598	0.00681	0.00210	0.00303	0.01423	0.00511	0.00451
9	0.01228	0.01378	0.11728	0.36320	0.16847	0.03716	0.04049	0.06869	0.06230	0.01732	0.02634	0.01465	0.00920	0.00582	0.00570	0.01528	0.00695	0.00494	0.00298	0.00717
10	0.01185	0.01205	0.05806	0.28193	0.40896	0.01202	0.03364	0.01529	0.01179	0.01637	0.01142	0.04292	0.00977	0.00580	0.00550	0.00173	0.00664	0.02453	0.02232	0.00740
11	0.69995	0.10225	0.01141	0.00816	0.01174	0.03491	0.03269	0.01627	0.00978	0.02258	0.00773	0.00908	0.00614	0.00501	0.00354	0.00163	0.00473	0.00309	0.00322	0.00609
12	0.01254	0.02558	0.66687	0.01513	0.02266	0.01217	0.04428	0.01833	0.01202	0.10382	0.01116	0.01242	0.00770	0.00534	0.00526	0.00173	0.00771	0.00428	0.00282	0.00817
13	0.00691	0.00502	0.00655	0.00752	0.00814	0.00466	0.00527	0.00819	0.01132	0.01506	0.11632	0.60197	0.09667	0.01599	0.00690	0.00215	0.00320	0.06841	0.00516	0.00457
14	0.00727	0.00566	0.00663	0.00650	0.00798	0.00511	0.00483	0.00959	0.03610	0.01825	0.38868	0.11374	0.34455	0.01266	0.00646	0.00182	0.00275	0.01093	0.00552	0.00496
15	0.00664	0.00474	0.00633	0.00759	0.00791	0.00443	0.00506	0.00759	0.01044	0.01392	0.03005	0.80485	0.03606	0.01708	0.00696	0.00221	0.00316	0.01550	0.00506	0.00443
16	0.01158	0.01072	0.01755	0.50549	0.24068	0.01232	0.01489	0.04369	0.03062	0.01630	0.03702	0.01525	0.00951	0.00558	0.00547	0.00175	0.00676	0.00506	0.00282	0.00693
17	0.00892	0.00584	0.00767	0.00706	0.00856	0.00535	0.00535	0.01146	0.01544	0.07615	0.71768	0.03913	0.04872	0.01083	0.00636	0.00171	0.00272	0.00955	0.00605	0.00544
18	0.01130	0.00969	0.01130	0.00807	0.01292	0.00727	0.00646	0.01373	0.01130	0.01776	0.00969	0.01130	0.00807	0.00404	0.00404	0.00081	0.00404	0.00323	0.00323	0.84173
19	0.10721	0.01277	0.06129	0.30121	0.35888	0.03564	0.01494	0.01583	0.01156	0.01702	0.00967	0.01312	0.00769	0.00513	0.00516	0.00170	0.00669	0.00455	0.00266	0.00730
20	0.08590	0.10525	0.03346	0.01351	0.08979	0.06458	0.01033	0.34167	0.06370	0.12008	0.01297	0.01317	0.00946	0.00603	0.00503	0.00159	0.00590	0.00456	0.00459	0.00842
21	0.02074	0.00845	0.01121	0.00887	0.01251	0.00732	0.00723	0.02281	0.01510	0.61220	0.08041	0.02410	0.10260	0.00786	0.00561	0.00169	0.00421	0.00648	0.03228	0.00831
22	0.00664	0.00474	0.00633	0.00759	0.00791	0.00443	0.00506	0.00759	0.01044	0.01392	0.03005	0.80485	0.03606	0.01708	0.00696	0.00221	0.00316	0.01550	0.00506	0.00443
23	0.00781	0.00565	0.00746	0.00848	0.00941	0.00545	0.00671	0.00952	0.01153	0.01496	0.03120	0.28717	0.11259	0.07656	0.00879	0.00256	0.00422	0.38036	0.00491	0.00466
24	0.01477	0.01295	0.01297	0.01143	0.01464	0.05914	0.00894	0.11127	0.63669	0.02357	0.02035	0.01890	0.01524	0.00720	0.00550	0.00180	0.00483	0.00587	0.00538	0.00857
25	0.04563	0.01216	0.01445	0.10870	0.06720	0.01349	0.01024	0.24373	0.27328	0.11082	0.03267	0.01684	0.01277	0.00666	0.00543	0.00174	0.00532	0.00543	0.00502	0.00841
26	0.03069	0.17877	0.29910	0.13213	0.04090	0.01471	0.17823	0.01649	0.01153	0.01600	0.00950	0.01210	0.00730	0.00508	0.00542	0.00166	0.02617	0.00447	0.00246	0.00731
27	0.01771	0.01480	0.01523	0.13430	0.01919	0.11139	0.01054	0.44470	0.07555	0.02630	0.01293	0.01464	0.00981	0.04340	0.00639	0.00181	0.00645	0.00496	0.02191	0.00799
28	0.00834	0.00553	0.00737	0.00786	0.00886	0.00518	0.00586	0.01009	0.01253	0.05889	0.24329	0.38026	0.05215	0.02911	0.00720	0.00214	0.00344	0.14152	0.00539	0.00499

[dist]
# distance from previous block
# <min> <max>
2	3

[block]
# block no. 4 follows, 44 sequences, length 9
# corresponding to MSA columns:
# 122-130
name=unknown_E
#
# <colnr> <probs for GDERKNQSTAVLIFYWHMCP>
#	G	D	E	R	K	N	Q	S	T	A	V	L	I	F	Y	W	H	M	C	P
0	0.01458	0.81168	0.02857	0.00933	0.01399	0.02157	0.00933	0.01632	0.01108	0.01283	0.00758	0.00875	0.00700	0.00466	0.00350	0.00117	0.00583	0.00292	0.00233	0.00700
1	0.11492	0.03761	0.23666	0.04257	0.04495	0.01168	0.11528	0.01598	0.01140	0.04723	0.03089	0.02761	0.00930	0.00560	0.00586	0.00159	0.06225	0.00458	0.00303	0.17101
2	0.01291	0.01268	0.06316	0.16499	0.31688	0.05873	0.03453	0.01637	0.04452	0.05926	0.02848	0.04218	0.03906	0.00676	0.00639	0.03173	0.02779	0.00555	0.02078	0.00725
3	0.00679	0.00493	0.00625	0.00715	0.00768	0.00456	0.00480	0.00780	0.01074	0.01416	0.07286	0.60255	0.12579	0.08619	0.00870	0.00241	0.00327	0.01403	0.00496	0.00439
4	0.01901	0.03200	0.01361	0.05984	0.01559	0.05182	0.00892	0.22997	0.08614	0.29220	0.01725	0.04227	0.01247	0.00775	0.02541	0.00184	0.00552	0.00548	0.06469	0.00823
5	0.01447	0.11714	0.01387	0.03985	0.01359	0.01186	0.00806	0.23958	0.03048	0.09235	0.05823	0.09253	0.10696	0.03599	0.00645	0.00177	0.02106	0.02022	0.02412	0.05142
6	0.06311	0.00863	0.01052	0.00854	0.01173	0.00824	0.00688	0.09266	0.01469	0.42440	0.01863	0.01874	0.01306	0.04116	0.03161	0.00196	0.00460	0.00531	0.20784	0.00769
7	0.00800	0.00556	0.00696	0.00690	0.00809	0.00509	0.00503	0.00983	0.01326	0.04621	0.39937	0.17455	0.16191	0.08828	0.00855	0.00219	0.00313	0.03677	0.00542	0.00491
8	0.01691	0.03795	0.01924	0.06672	0.19742	0.21372	0.11814	0.10551	0.01507	0.10829	0.01311	0.01464	0.03683	0.00580	0.00543	0.00161	0.00736	0.00500	0.00360	0.00765

[dist]
# distance from previous block
# <min> <max>
1	5

[block]
# block no. 5 follows, 44 sequences, length 82
# corresponding to MSA columns:
# 145-181,183-198,200-213,225-239
name=unknown_F
#
# <colnr> <probs for GDERKNQSTAVLIFYWHMCP>
#	G	D	E	R	K	N	Q	S	T	A	V	L	I	F	Y	W	H	M	C	P
0	0.05231	0.02961	0.01353	0.14283	0.01760	0.02833	0.02422	0.07544	0.03919	0.01815	0.01067	0.02768	0.00898	0.02777	0.00618	0.00143	0.06199	0.00427	0.00330	0.40650
1	0.01661	0.01277	0.01527	0.11076	0.01796	0.01486	0.01059	0.43617	0.01880	0.03958	0.01215	0.01432	0.00935	0.02345	0.04452	0.00217	0.14423	0.00499	0.04366	0.00778
2	0.00681	0.00488	0.00650	0.00774	0.00816	0.00458	0.00534	0.00789	0.01065	0.01413	0.03053	0.72861	0.05240	0.01684	0.00699	0.00223	0.00330	0.07288	0.00506	0.00448
3	0.01971	0.01465	0.01567	0.01221	0.01637	0.01627	0.01002	0.66080	0.10472	0.03279	0.01418	0.01404	0.01017	0.00663	0.00543	0.00165	0.00574	0.00505	0.02480	0.00911
4	0.01809	0.01357	0.01506	0.01149	0.01572	0.01433	0.00945	0.51554	0.02094	0.05117	0.01219	0.01276	0.00899	0.00612	0.00581	0.00148	0.04992	0.00452	0.00479	0.20805
5	0.01414	0.01018	0.01141	0.00997	0.01294	0.01100	0.00781	0.05526	0.45422	0.13309	0.15395	0.02435	0.04874	0.00810	0.00570	0.00178	0.00407	0.00680	0.00575	0.02075
6	0.01300	0.07802	0.03127	0.02201	0.04857	0.01444	0.65841	0.01726	0.01262	0.01701	0.01065	0.01414	0.00816	0.00471	0.00641	0.00179	0.02540	0.00607	0.00271	0.00733
7	0.00875	0.00753	0.00976	0.06355	0.12107	0.00738	0.00747	0.01224	0.09244	0.01720	0.16328	0.06271	0.36912	0.01095	0.00617	0.00181	0.00379	0.02422	0.00475	0.00580
8	0.00672	0.00479	0.00636	0.00759	0.00791	0.00448	0.00507	0.00766	0.01040	0.01386	0.02966	0.77003	0.03551	0.03989	0.00757	0.00231	0.00326	0.02754	0.00501	0.00441
9	0.03442	0.00974	0.01089	0.00928	0.01242	0.01010	0.00737	0.09606	0.28048	0.21743	0.02663	0.02492	0.15656	0.00821	0.00551	0.00174	0.00414	0.00671	0.06962	0.00777
10	0.02517	0.00566	0.00706	0.00669	0.00805	0.00523	0.00500	0.01006	0.01477	0.02080	0.65298	0.04131	0.13451	0.03062	0.00688	0.00182	0.00269	0.00986	0.00577	0.00505
11	0.04544	0.00714	0.00827	0.00738	0.00906	0.00776	0.00586	0.03807	0.01187	0.12345	0.01622	0.01830	0.01251	0.00776	0.02783	0.00172	0.11130	0.00503	0.52912	0.00593
12	0.00667	0.00476	0.00632	0.00756	0.00787	0.00445	0.00503	0.00760	0.01039	0.01385	0.02979	0.78922	0.03573	0.03315	0.00738	0.00228	0.00321	0.01534	0.00503	0.00441
13	0.00664	0.00474	0.00633	0.00759	0.00791	0.00443	0.00506	0.00759	0.01044	0.01392	0.03005	0.80485	0.03606	0.01708	0.00696	0.00221	0.00316	0.01550	0.00506	0.00443
14	0.01518	0.01119	0.01149	0.05410	0.01380	0.16366	0.00820	0.02913	0.02943	0.21930	0.01640	0.08058	0.01389	0.04358	0.26028	0.00410	0.00898	0.00605	0.00418	0.00648
15	0.01100	0.02778	0.75665	0.01577	0.02375	0.01270	0.04322	0.01727	0.01155	0.01727	0.00982	0.01161	0.00695	0.00516	0.00522	0.00173	0.00809	0.00410	0.00232	0.00803
16	0.00951	0.00611	0.00796	0.00784	0.00947	0.00565	0.00628	0.01180	0.01408	0.09682	0.36626	0.06713	0.14749	0.01232	0.00665	0.00196	0.00350	0.20808	0.00565	0.00544
17	0.38253	0.02832	0.02788	0.01012	0.01379	0.15246	0.00833	0.20177	0.01507	0.08477	0.01043	0.01109	0.00772	0.00568	0.00438	0.00161	0.00578	0.00380	0.01735	0.00713
18	0.01310	0.01255	0.02142	0.12749	0.68345	0.01285	0.01654	0.01639	0.01223	0.01733	0.01019	0.01362	0.00847	0.00493	0.00540	0.00164	0.00657	0.00486	0.00266	0.00832
19	0.82766	0.01095	0.02579	0.00736	0.01084	0.01224	0.00623	0.01605	0.00933	0.02429	0.00764	0.00892	0.00593	0.00506	0.00342	0.00169	0.00431	0.00298	0.00335	0.00595
20	0.01336	0.01282	0.04258	0.22306	0.48704	0.02919	0.02930	0.03716	0.01257	0.04550	0.01057	0.01382	0.00840	0.00515	0.00542	0.00167	0.00676	0.00485	0.00285	0.00794
21	0.08364	0.05787	0.01524	0.04166	0.08203	0.07929	0.00986	0.31088	0.10965	0.07515	0.01407	0.01451	0.01974	0.00625	0.00506	0.00161	0.00571	0.00480	0.05491	0.00806
22	0.02072	0.01527	0.01636	0.01254	0.01691	0.01691	0.01036	0.75622	0.02563	0.03436	0.01309	0.01309	0.00927	0.00654	0.00545	0.00164	0.00600	0.00491	0.00545	0.00927
23	0.02494	0.01084	0.05586	0.26542	0.03691	0.03892	0.01049	0.04629	0.01199	0.03409	0.05103	0.03713	0.01400	0.10457	0.01158	0.15755	0.00639	0.01839	0.00361	0.06000
24	0.00952	0.00501	0.00762	0.05130	0.00881	0.00515	0.00532	0.00749	0.00732	0.00972	0.00948	0.01646	0.00935	0.01818	0.02042	0.79431	0.00488	0.00474	0.00237	0.00257
25	0.00907	0.00720	0.01028	0.00968	0.01017	0.00891	0.00749	0.01006	0.00839	0.01218	0.01255	0.03351	0.01244	0.10704	0.40001	0.11282	0.21495	0.00580	0.00279	0.00467
26	0.01109	0.01073	0.07201	0.00865	0.01330	0.00756	0.00745	0.01396	0.02717	0.03162	0.01301	0.06754	0.03411	0.00545	0.00446	0.00105	0.00427	0.00450	0.00345	0.65859
27	0.00779	0.00584	0.00876	0.00876	0.00974	0.00681	0.00681	0.00974	0.00876	0.01266	0.01460	0.02142	0.01363	0.04089	0.78680	0.00876	0.01460	0.00584	0.00292	0.00487
28	0.00666	0.00482	0.00625	0.00738	0.00781	0.00447	0.00494	0.00762	0.01052	0.01388	0.03168	0.72277	0.09417	0.03966	0.00752	0.00227	0.00319	0.01496	0.00501	0.00441
29	0.01178	0.00934	0.01256	0.01447	0.17824	0.00955	0.00937	0.15989	0.03647	0.02128	0.19190	0.08696	0.06481	0.02838	0.00671	0.00195	0.00471	0.14015	0.00480	0.00668
30	0.01252	0.01357	0.02306	0.08003	0.02238	0.06294	0.34361	0.01543	0.01111	0.01517	0.01014	0.04694	0.00888	0.00708	0.01050	0.00203	0.29945	0.00590	0.00269	0.00655
31	0.00685	0.00487	0.00622	0.00722	0.00755	0.00458	0.00472	0.00766	0.01011	0.01339	0.02905	0.64021	0.06764	0.15022	0.01044	0.00271	0.00350	0.01404	0.00476	0.00425
32	0.01130	0.00969	0.01130	0.00807	0.01292	0.00727	0.00646	0.01373	0.01130	0.01776	0.00969	0.01130	0.00807	0.00404	0.00404	0.00081	0.00404	0.00323	0.00323	0.84173
33	0.01194	0.01078	0.01688	0.54882	0.03122	0.01291	0.05895	0.11397	0.04023	0.01716	0.01119	0.03926	0.00884	0.00620	0.00622	0.00184	0.04862	0.00533	0.00304	0.00660
34	0.01697	0.07874	0.01487	0.01099	0.01438	0.03538	0.00905	0.38458	0.06205	0.08532	0.01409	0.01541	0.01080	0.01321	0.15870	0.00300	0.02066	0.00501	0.03892	0.00787
35	0.00779	0.00584	0.00876	0.00876	0.00974	0.00681	0.00681	0.00974	0.00876	0.01266	0.01460	0.02142	0.01363	0.04089	0.78680	0.00876	0.01460	0.00584	0.00292	0.00487
36	0.03220	0.37975	0.07436	0.01129	0.01524	0.14377	0.01033	0.07749	0.10210	0.01638	0.01018	0.01135	0.00846	0.00652	0.02342	0.00163	0.06143	0.00383	0.00308	0.00719
37	0.00928	0.00780	0.00835	0.00807	0.01012	0.00807	0.00607	0.01608	0.30433	0.01796	0.06110	0.16201	0.33603	0.01176	0.00618	0.00190	0.00342	0.01003	0.00528	0.00616
38	0.00796	0.00525	0.00689	0.00778	0.00844	0.00492	0.00533	0.02565	0.01111	0.05725	0.02970	0.72726	0.04938	0.01619	0.00683	0.00216	0.00330	0.01461	0.00516	0.00481
39	0.02216	0.00971	0.01243	0.00960	0.01363	0.00884	0.00789	0.11477	0.01628	0.58550	0.01954	0.01764	0.01272	0.00655	0.00527	0.00160	0.00461	0.00526	0.07261	0.05341
40	0.01510	0.11477	0.01417	0.01054	0.01358	0.11755	0.00845	0.09999	0.31563	0.05745	0.01714	0.01932	0.01382	0.05186	0.00638	0.00185	0.00539	0.03858	0.07097	0.00746
41	0.00804	0.00527	0.00620	0.00620	0.00625	0.00533	0.00361	0.00796	0.00791	0.01060	0.01642	0.03336	0.01865	0.70254	0.06980	0.07202	0.00576	0.00756	0.00321	0.00332
42	0.35232	0.07247	0.01291	0.03322	0.01409	0.13225	0.00833	0.09844	0.17007	0.02203	0.01141	0.01209	0.00883	0.00588	0.00470	0.00165	0.02446	0.00401	0.00384	0.00698
43	0.01249	0.12954	0.25138	0.09544	0.13103	0.04862	0.12776	0.01644	0.01181	0.01616	0.00965	0.01219	0.00758	0.00514	0.00534	0.01586	0.00724	0.00435	0.00256	0.08944
44	0.00808	0.00563	0.00685	0.06887	0.00860	0.00584	0.00437	0.00843	0.00826	0.01098	0.01690	0.05589	0.01916	0.70519	0.04166	0.00500	0.00558	0.00786	0.00328	0.00359
45	0.01133	0.02764	0.75749	0.01537	0.02331	0.01252	0.01978	0.01754	0.01163	0.03974	0.01013	0.01172	0.00710	0.00523	0.00519	0.00173	0.00796	0.00407	0.00243	0.00809
46	0.01105	0.00924	0.01299	0.07808	0.24613	0.00928	0.00982	0.01534	0.12127	0.06014	0.08763	0.03005	0.26903	0.00887	0.00586	0.00175	0.00457	0.00770	0.00437	0.00684
47	0.01357	0.01569	0.11761	0.05374	0.06022	0.02508	0.51439	0.01795	0.01275	0.07768	0.01149	0.01443	0.00845	0.00502	0.00637	0.00181	0.02735	0.00585	0.00300	0.00754
48	0.02246	0.00991	0.01284	0.01014	0.01412	0.00920	0.00841	0.12430	0.03356	0.59974	0.02097	0.02127	0.01442	0.00740	0.00564	0.00175	0.00485	0.06369	0.00641	0.00892
49	0.00677	0.00480	0.00629	0.00742	0.00771	0.00452	0.00488	0.00763	0.01018	0.01357	0.02872	0.72573	0.03439	0.09848	0.00910	0.00253	0.00338	0.01472	0.00488	0.00431
50	0.01241	0.01398	0.03028	0.02186	0.02699	0.01310	0.69992	0.01674	0.01269	0.01720	0.01242	0.07234	0.01030	0.00551	0.00647	0.00187	0.00875	0.00710	0.00293	0.00714
51	0.00822	0.06973	0.00895	0.00725	0.00879	0.00647	0.00568	0.01057	0.01446	0.01996	0.58088	0.07803	0.08501	0.01135	0.00630	0.00176	0.00305	0.06277	0.00554	0.00522
52	0.01345	0.44421	0.18185	0.01200	0.05840	0.01651	0.01172	0.02922	0.01175	0.03641	0.01040	0.01399	0.00915	0.00558	0.00438	0.00140	0.00610	0.05699	0.00279	0.07370
53	0.01411	0.53982	0.08637	0.00972	0.01426	0.01716	0.00965	0.01634	0.01125	0.07444	0.00976	0.01127	0.00828	0.00862	0.08592	0.00202	0.00671	0.00354	0.00281	0.06793
54	0.02324	0.00903	0.01237	0.00963	0.01361	0.00793	0.00793	0.02534	0.01510	0.72233	0.02100	0.01876	0.01351	0.00924	0.06248	0.00220	0.00537	0.00551	0.00647	0.00896
55	0.06810	0.00592	0.00618	0.00605	0.00786	0.00532	0.00460	0.00906	0.01289	0.01712	0.21681	0.04676	0.53433	0.01258	0.00624	0.00181	0.00287	0.02552	0.00516	0.00483
56	0.01140	0.00598	0.00826	0.00780	0.00853	0.00600	0.00549	0.07159	0.00958	0.07306	0.01223	0.07394	0.01171	0.01679	0.01767	0.64283	0.00472	0.00559	0.00317	0.00365
57	0.01490	0.00792	0.01033	0.00885	0.01135	0.00767	0.00711	0.01792	0.06327	0.31626	0.26975	0.03081	0.09257	0.00951	0.00690	0.00182	0.06170	0.04849	0.00586	0.00699
58	0.02109	0.01061	0.01363	0.01199	0.06973	0.01035	0.00900	0.09544	0.16893	0.49834	0.02003	0.01803	0.01338	0.00672	0.00549	0.00171	0.00484	0.00552	0.00609	0.00910
59	0.01149	0.03767	0.43827	0.13703	0.06973	0.01303	0.18229	0.01675	0.01176	0.01674	0.01003	0.01274	0.00737	0.00506	0.00548	0.00175	0.00805	0.00471	0.00245	0.00761
60	0.05924	0.01172	0.01931	0.14559	0.56396	0.01216	0.01503	0.01560	0.01186	0.01731	0.01146	0.07112	0.01028	0.00585	0.00541	0.00170	0.00623	0.00553	0.00287	0.00778
61	0.02138	0.00886	0.01184	0.00940	0.01305	0.00787	0.00763	0.05593	0.01565	0.61660	0.09403	0.07781	0.01861	0.00792	0.00568	0.00173	0.00439	0.00661	0.00650	0.00853
62	0.00994	0.00773	0.00985	0.16468	0.02587	0.01904	0.00769	0.05279	0.04968	0.06002	0.19569	0.11231	0.24242	0.01054	0.00611	0.00182	0.00417	0.00906	0.00482	0.00579
63	0.03292	0.07562	0.03771	0.07365	0.08847	0.01296	0.05198	0.24585	0.03791	0.11045	0.03284	0.10403	0.01339	0.00776	0.00624	0.02652	0.02350	0.00617	0.00439	0.00763
64	0.04603	0.01204	0.01787	0.07821	0.45827	0.05469	0.01345	0.01760	0.01273	0.13947	0.01365	0.07271	0.01159	0.00635	0.00547	0.00170	0.00607	0.02057	0.00358	0.00795
65	0.01873	0.00972	0.01235	0.01113	0.06845	0.00935	0.00824	0.10659	0.09628	0.40746	0.02385	0.04379	0.10366	0.00776	0.00555	0.00171	0.00453	0.00642	0.04616	0.00827
66	0.01145	0.01609	0.23120	0.32816	0.19241	0.01263	0.09894	0.01585	0.01162	0.01609	0.00999	0.01349	0.00758	0.00515	0.00547	0.00175	0.00753	0.00480	0.00249	0.00731
67	0.01541	0.01303	0.07553	0.01225	0.01590	0.01248	0.08079	0.36289	0.03094	0.05867	0.03963	0.08702	0.01501	0.05927	0.05554	0.00243	0.00646	0.04450	0.00468	0.00757
68	0.07374	0.25023	0.44783	0.01291	0.01936	0.01552	0.01523	0.07571	0.01235	0.01788	0.00926	0.01065	0.00705	0.00513	0.00459	0.00156	0.00698	0.00370	0.00264	0.00769
69	0.00945	0.00502	0.00756	0.03554	0.00850	0.00511	0.00540	0.00765	0.00764	0.01013	0.01089	0.01978	0.01099	0.01817	0.01973	0.75012	0.00485	0.05821	0.00256	0.00269
70	0.01264	0.01692	0.21398	0.04399	0.44517	0.05613	0.03213	0.01646	0.01222	0.01706	0.01158	0.05833	0.01014	0.00592	0.00548	0.00170	0.00693	0.02249	0.00279	0.00795
71	0.04995	0.07418	0.43332	0.07866	0.03588	0.01356	0.18323	0.03752	0.01204	0.01756	0.00991	0.01224	0.00729	0.00506	0.00530	0.00172	0.00785	0.00455	0.00256	0.00761
72	0.02048	0.00908	0.01184	0.00950	0.01306	0.00834	0.00768	0.07626	0.05228	0.54713	0.10567	0.07809	0.01924	0.00801	0.00570	0.00173	0.00438	0.00670	0.00639	0.00843
73	0.05137	0.01009	0.01218	0.17420	0.03564	0.05981	0.02988	0.02716	0.15876	0.01731	0.07497	0.07845	0.11216	0.03239	0.02138	0.00208	0.05367	0.02431	0.01800	0.00621
74	0.07365	0.07364	0.01355	0.01016	0.02745	0.01035	0.04977	0.07903	0.10205	0.08663	0.08966	0.09826	0.01690	0.00724	0.00511	0.00150	0.00456	0.01559	0.00439	0.23050
75	0.00708	0.00494	0.00638	0.00722	0.00782	0.00461	0.00496	0.00845	0.01145	0.01581	0.16078	0.59172	0.05768	0.01516	0.00662	0.00205	0.00300	0.01363	0.06604	0.00461
76	0.00844	0.00603	0.00839	0.00965	0.01076	0.00598	0.00819	0.01071	0.01221	0.01593	0.02905	0.17987	0.03212	0.01538	0.00744	0.00246	0.00472	0.62269	0.00503	0.00493
77	0.01427	0.01778	0.21154	0.04611	0.24707	0.08516	0.14430	0.01813	0.01259	0.09065	0.01101	0.01330	0.00834	0.00542	0.00617	0.00172	0.05072	0.00485	0.00299	0.00789
78	0.05829	0.10262	0.44243	0.01500	0.06268	0.01340	0.05790	0.07157	0.01292	0.07915	0.02800	0.01272	0.00874	0.00543	0.00507	0.00166	0.00705	0.00435	0.00308	0.00794
79	0.00814	0.00592	0.00742	0.00812	0.00898	0.00578	0.00577	0.08058	0.01218	0.01611	0.02981	0.63288	0.07681	0.01573	0.00682	0.00216	0.00354	0.06322	0.00510	0.00495
80	0.15827	0.09756	0.09370	0.03268	0.23777	0.08472	0.06911	0.07053	0.01285	0.01891	0.01096	0.03600	0.00947	0.00589	0.00501	0.00165	0.00651	0.03795	0.00312	0.00734
81	0.00795	0.00567	0.00694	0.00749	0.00810	0.00554	0.00502	0.06229	0.01108	0.01470	0.02709	0.54285	0.06354	0.19155	0.01143	0.00284	0.00382	0.01287	0.00470	0.00454

[dist]
# distance from previous block
# <min> <max>
1	4

[block]
# block no. 6 follows, 44 sequences, length 49
# corresponding to MSA columns:
# 249-275,292-313
name=unknown_G
#
# <colnr> <probs for GDERKNQSTAVLIFYWHMCP>
#	G	D	E	R	K	N	Q	S	T	A	V	L	I	F	Y	W	H	M	C	P
0	0.01200	0.01118	0.01175	0.06485	0.01471	0.09656	0.00748	0.02891	0.01195	0.01694	0.01160	0.08899	0.01066	0.00564	0.00455	0.00110	0.00488	0.00461	0.00335	0.58827
1	0.01205	0.01245	0.02395	0.15030	0.21488	0.01255	0.34279	0.01567	0.01202	0.01652	0.01190	0.07545	0.01030	0.00596	0.00647	0.00181	0.04018	0.00634	0.00286	0.02554
2	0.00753	0.00532	0.00716	0.06824	0.00970	0.00537	0.00542	0.00822	0.00948	0.01263	0.02281	0.44573	0.02652	0.22707	0.04565	0.06887	0.00464	0.01143	0.00409	0.00411
3	0.07397	0.00724	0.01110	0.05602	0.01311	0.00720	0.11610	0.02312	0.01131	0.01628	0.05150	0.47387	0.02693	0.01268	0.00636	0.00204	0.00445	0.04152	0.04000	0.00523
4	0.08082	0.01301	0.01309	0.01121	0.01456	0.06393	0.00904	0.27432	0.28614	0.05150	0.01837	0.02107	0.02928	0.00770	0.00552	0.00180	0.00530	0.08015	0.00515	0.00806
5	0.00853	0.00596	0.00680	0.00678	0.00733	0.00595	0.00429	0.06587	0.01019	0.01346	0.02260	0.20047	0.08130	0.51412	0.01989	0.00407	0.00469	0.00960	0.00399	0.00411
6	0.07741	0.07483	0.02118	0.22098	0.32080	0.02709	0.12560	0.01648	0.03331	0.01696	0.01012	0.01334	0.00809	0.00506	0.00526	0.00168	0.00686	0.00481	0.00274	0.00740
7	0.05717	0.01086	0.01320	0.01019	0.01440	0.01044	0.00838	0.19571	0.04759	0.48279	0.01806	0.01638	0.01189	0.00644	0.00528	0.00161	0.00488	0.00509	0.00598	0.07365
8	0.00925	0.00474	0.00704	0.00714	0.00716	0.00471	0.00476	0.00714	0.00736	0.00981	0.01107	0.07769	0.01153	0.01880	0.02019	0.77632	0.00461	0.00557	0.00258	0.00253
9	0.00732	0.00573	0.00724	0.06882	0.01030	0.01883	0.00579	0.00878	0.01149	0.01510	0.12102	0.50619	0.15016	0.01456	0.00661	0.00203	0.00346	0.01298	0.01887	0.00471
10	0.00925	0.00474	0.00704	0.00714	0.00716	0.00471	0.00476	0.00714	0.00736	0.00981	0.01107	0.07769	0.01153	0.01880	0.02019	0.77632	0.00461	0.00557	0.00258	0.00253
11	0.02318	0.00897	0.01213	0.00941	0.01330	0.00780	0.00765	0.02512	0.01501	0.71865	0.02117	0.01988	0.01399	0.06890	0.00721	0.00197	0.00469	0.00567	0.00648	0.00881
12	0.01620	0.01150	0.01310	0.07181	0.01538	0.01254	0.00874	0.41880	0.04657	0.07043	0.01607	0.09511	0.01408	0.13980	0.00926	0.00231	0.00550	0.00652	0.01880	0.00747
13	0.10784	0.00920	0.01137	0.00913	0.01274	0.00864	0.00742	0.07970	0.01500	0.52282	0.01977	0.07822	0.01416	0.00733	0.00524	0.00169	0.00442	0.00592	0.07119	0.00822
14	0.01452	0.01206	0.01346	0.01292	0.07336	0.01366	0.00940	0.09411	0.61760	0.04507	0.02042	0.01910	0.01526	0.00710	0.00553	0.00181	0.00464	0.00593	0.00535	0.00871
15	0.00689	0.00554	0.00614	0.00599	0.00764	0.00479	0.00449	0.00868	0.01347	0.01722	0.30503	0.04837	0.52083	0.01288	0.00644	0.00180	0.00270	0.01093	0.00539	0.00479
16	0.02072	0.01527	0.01636	0.01254	0.01691	0.01691	0.01036	0.75622	0.02563	0.03436	0.01309	0.01309	0.00927	0.00654	0.00545	0.00164	0.00600	0.00491	0.00545	0.00927
17	0.02072	0.01527	0.01636	0.01254	0.01691	0.01691	0.01036	0.75622	0.02563	0.03436	0.01309	0.01309	0.00927	0.00654	0.00545	0.00164	0.00600	0.00491	0.00545	0.00927
18	0.01030	0.00969	0.01635	0.79530	0.03755	0.01211	0.01514	0.01393	0.01090	0.01393	0.00969	0.01453	0.00727	0.00545	0.00545	0.00182	0.00727	0.00484	0.00242	0.00606
19	0.01389	0.01164	0.01234	0.01105	0.01417	0.01339	0.00861	0.02890	0.74201	0.04553	0.02217	0.02029	0.01655	0.00738	0.00555	0.00184	0.00432	0.00614	0.00558	0.00865
20	0.00732	0.00522	0.00701	0.00809	0.00871	0.00498	0.00594	0.00875	0.01127	0.01502	0.08722	0.52851	0.03546	0.04604	0.00785	0.00237	0.00367	0.19695	0.00506	0.00459
21	0.01127	0.01096	0.01544	0.01343	0.01359	0.01513	0.01111	0.01258	0.00841	0.01305	0.00834	0.01344	0.00819	0.01453	0.14016	0.00340	0.67378	0.00494	0.00247	0.00579
22	0.00690	0.00554	0.00615	0.00600	0.00764	0.00480	0.00450	0.00870	0.01350	0.01727	0.31082	0.04828	0.51501	0.01286	0.00644	0.00180	0.00269	0.01092	0.00540	0.00480
23	0.01315	0.00983	0.01174	0.00855	0.01317	0.00785	0.00690	0.03224	0.01207	0.11104	0.01114	0.01225	0.00874	0.00458	0.00464	0.00098	0.02687	0.00359	0.00369	0.69698
24	0.00934	0.00482	0.00723	0.00723	0.00731	0.00490	0.00490	0.00731	0.00723	0.00972	0.00987	0.01695	0.00979	0.02066	0.08115	0.77630	0.00551	0.00482	0.00241	0.00256
25	0.01479	0.78196	0.02807	0.00951	0.01410	0.05051	0.00937	0.01653	0.01124	0.01285	0.00761	0.00879	0.00700	0.00470	0.00355	0.00118	0.00598	0.00294	0.00235	0.00697
26	0.03301	0.15929	0.36896	0.01278	0.01881	0.04229	0.01416	0.12328	0.01409	0.12231	0.01136	0.01209	0.00817	0.00548	0.00488	0.00157	0.00677	0.00409	0.00343	0.03318
27	0.02403	0.00918	0.01251	0.00963	0.01377	0.00794	0.00794	0.02615	0.01560	0.75886	0.04066	0.01912	0.01446	0.00686	0.00551	0.00169	0.00459	0.00559	0.00673	0.00917
28	0.84691	0.01054	0.00801	0.00717	0.01054	0.01223	0.00590	0.01603	0.00928	0.02446	0.00759	0.00886	0.00590	0.00506	0.00337	0.00169	0.00422	0.00295	0.00337	0.00590
29	0.04308	0.00590	0.00609	0.00578	0.00743	0.00594	0.00442	0.01461	0.04377	0.07983	0.01788	0.01975	0.01374	0.00638	0.00400	0.00134	0.00284	0.00508	0.70654	0.00559
30	0.00670	0.00477	0.00631	0.00752	0.00783	0.00446	0.00499	0.00760	0.01033	0.01378	0.02952	0.77311	0.03539	0.04973	0.00782	0.00234	0.00325	0.01519	0.00499	0.00438
31	0.01016	0.00508	0.00508	0.00508	0.00635	0.00508	0.00381	0.01270	0.01143	0.02033	0.01778	0.02033	0.01397	0.00635	0.00381	0.00127	0.00254	0.00508	0.83867	0.00508
32	0.01130	0.00969	0.01130	0.00807	0.01292	0.00727	0.00646	0.01373	0.01130	0.01776	0.00969	0.01130	0.00807	0.00404	0.00404	0.00081	0.00404	0.00323	0.00323	0.84173
33	0.00796	0.00565	0.00723	0.00679	0.00819	0.00515	0.00511	0.01040	0.01514	0.03756	0.68572	0.04138	0.12060	0.01131	0.00641	0.00173	0.00264	0.00992	0.00593	0.00518
34	0.84691	0.01054	0.00801	0.00717	0.01054	0.01223	0.00590	0.01603	0.00928	0.02446	0.00759	0.00886	0.00590	0.00506	0.00337	0.00169	0.00422	0.00295	0.00337	0.00590
35	0.01458	0.81168	0.02857	0.00933	0.01399	0.02157	0.00933	0.01632	0.01108	0.01283	0.00758	0.00875	0.00700	0.00466	0.00350	0.00117	0.00583	0.00292	0.00233	0.00700
36	0.00704	0.00491	0.00621	0.00708	0.00730	0.00469	0.00451	0.00770	0.00966	0.01288	0.02605	0.56597	0.03101	0.26284	0.01342	0.00317	0.00382	0.01315	0.00451	0.00408
37	0.00792	0.00530	0.00602	0.00602	0.00605	0.00533	0.00340	0.00798	0.00795	0.01063	0.01711	0.03529	0.01965	0.78735	0.04857	0.00538	0.00554	0.00787	0.00329	0.00335
38	0.02037	0.02598	0.01545	0.01404	0.01685	0.78652	0.01053	0.02177	0.01545	0.01334	0.00843	0.00983	0.00702	0.00562	0.00492	0.00140	0.00983	0.00351	0.00281	0.00632
39	0.00779	0.00584	0.00876	0.00876	0.00974	0.00681	0.00681	0.00974	0.00876	0.01266	0.01460	0.02142	0.01363	0.04089	0.78680	0.00876	0.01460	0.00584	0.00292	0.00487
40	0.02248	0.15343	0.01571	0.00979	0.01410	0.01094	0.00838	0.06549	0.01535	0.59945	0.01854	0.01649	0.01209	0.00636	0.00513	0.00159	0.00493	0.00499	0.00588	0.00887
41	0.02282	0.00913	0.01222	0.00938	0.01352	0.00783	0.00771	0.02497	0.01509	0.68644	0.02043	0.01806	0.01309	0.00652	0.00530	0.00160	0.00450	0.00529	0.04192	0.07417
42	0.01130	0.00969	0.01130	0.00807	0.01292	0.00727	0.00646	0.01373	0.01130	0.01776	0.00969	0.01130	0.00807	0.00404	0.00404	0.00081	0.00404	0.00323	0.00323	0.84173
43	0.42967	0.19877	0.11175	0.00902	0.01334	0.02890	0.00869	0.01635	0.02701	0.02001	0.02469	0.01031	0.00769	0.00510	0.00383	0.00150	0.00514	0.00333	0.00308	0.07182
44	0.06323	0.21539	0.41188	0.01231	0.01841	0.02953	0.01428	0.01656	0.01160	0.03221	0.04210	0.01287	0.00941	0.00542	0.00466	0.00152	0.00664	0.01655	0.00275	0.07265
45	0.03191	0.23542	0.37860	0.01259	0.03362	0.01405	0.01402	0.01717	0.02431	0.06199	0.01013	0.01146	0.00776	0.00564	0.01803	0.00158	0.00669	0.00378	0.00279	0.10845
46	0.01376	0.03569	0.03107	0.01122	0.01412	0.03949	0.03944	0.18528	0.17062	0.04636	0.01828	0.15779	0.03116	0.01023	0.03993	0.00210	0.06751	0.01919	0.00457	0.06220
47	0.03099	0.04809	0.03152	0.07254	0.03517	0.11168	0.00936	0.25854	0.03924	0.06410	0.04483	0.01704	0.02426	0.07330	0.00725	0.00188	0.02176	0.00515	0.05840	0.04491
48	0.06106	0.14474	0.08977	0.02352	0.01449	0.04082	0.00966	0.15489	0.07742	0.04869	0.04655	0.06150	0.05411	0.00820	0.02314	0.00183	0.07821	0.00561	0.03175	0.02404

[dist]
# distance from previous block
# <min> <max>
1	37

[block]
# block no. 7 follows, 44 sequences, length 11
# corresponding to MSA columns:
# 388-398
name=unknown_H
#
# <colnr> <probs for GDERKNQSTAVLIFYWHMCP>
#	G	D	E	R	K	N	Q	S	T	A	V	L	I	F	Y	W	H	M	C	P
0	0.02704	0.04350	0.04153	0.12325	0.01827	0.04759	0.09114	0.12697	0.03531	0.05887	0.01542	0.08024	0.04081	0.06087	0.00891	0.01928	0.10052	0.03550	0.00374	0.02124
1	0.01580	0.05839	0.03529	0.04029	0.01514	0.03704	0.03967	0.31529	0.04809	0.07601	0.02842	0.07817	0.01311	0.03416	0.00848	0.12086	0.00568	0.01858	0.00444	0.00709
2	0.04818	0.05993	0.13914	0.05801	0.04878	0.01245	0.15658	0.01803	0.13844	0.06888	0.03832	0.06341	0.01264	0.00734	0.00719	0.03646	0.06957	0.00590	0.00360	0.00714
3	0.01061	0.04251	0.01573	0.59933	0.05173	0.01173	0.01334	0.04293	0.01217	0.01592	0.11776	0.01792	0.01364	0.00625	0.00551	0.00176	0.00647	0.00548	0.00305	0.00616
4	0.00864	0.00624	0.00775	0.00829	0.00918	0.00620	0.00581	0.11373	0.01259	0.01682	0.02764	0.69260	0.03226	0.01559	0.00675	0.00213	0.00357	0.01400	0.00512	0.00511
5	0.13063	0.01050	0.01094	0.03899	0.01356	0.01191	0.00793	0.03927	0.48305	0.02184	0.04670	0.02381	0.09912	0.00804	0.00542	0.00184	0.00425	0.02964	0.00506	0.00750
6	0.01458	0.81168	0.02857	0.00933	0.01399	0.02157	0.00933	0.01632	0.01108	0.01283	0.00758	0.00875	0.00700	0.00466	0.00350	0.00117	0.00583	0.00292	0.00233	0.00700
7	0.73427	0.01037	0.00865	0.00752	0.01101	0.01165	0.00619	0.01747	0.01014	0.12769	0.00950	0.01018	0.00694	0.00529	0.00366	0.00169	0.00428	0.00330	0.00384	0.00637
8	0.63780	0.01010	0.00916	0.04719	0.01235	0.01126	0.00668	0.01740	0.01063	0.14612	0.04055	0.01199	0.00903	0.00560	0.00394	0.00169	0.00437	0.00373	0.00398	0.00643
9	0.00808	0.00547	0.00745	0.00745	0.00791	0.00594	0.00518	0.00867	0.00821	0.01141	0.01486	0.02618	0.01540	0.33090	0.38838	0.12548	0.00965	0.00648	0.00299	0.00392
10	0.01203	0.24020	0.54583	0.01457	0.05107	0.01509	0.01707	0.01699	0.01143	0.01608	0.00920	0.01084	0.00700	0.00503	0.00473	0.00157	0.00739	0.00376	0.00233	0.00779

[dist]
# distance from previous block
# <min> <max>
0	1

[block]
# block no. 8 follows, 44 sequences, length 15
# corresponding to MSA columns:
# 400-414
name=unknown_I
#
# <colnr> <probs for GDERKNQSTAVLIFYWHMCP>
#	G	D	E	R	K	N	Q	S	T	A	V	L	I	F	Y	W	H	M	C	P
0	0.01644	0.52811	0.08286	0.01054	0.01517	0.11240	0.01018	0.04248	0.01269	0.11020	0.00979	0.01047	0.00788	0.00514	0.00411	0.00132	0.00635	0.00346	0.00305	0.00736
1	0.03161	0.00918	0.01122	0.03628	0.04630	0.00946	0.00781	0.18897	0.06060	0.10376	0.30809	0.04142	0.06864	0.00984	0.02542	0.00191	0.00444	0.02273	0.00544	0.00691
2	0.10480	0.06670	0.04177	0.08806	0.03354	0.26788	0.01029	0.10646	0.03362	0.17826	0.01213	0.01273	0.00882	0.00584	0.00494	0.00157	0.00695	0.00423	0.00398	0.00743
3	0.02101	0.01431	0.15421	0.01151	0.01647	0.01119	0.01085	0.21539	0.01747	0.44456	0.01716	0.01584	0.01119	0.00641	0.00542	0.00168	0.00562	0.00507	0.00560	0.00905
4	0.00779	0.00584	0.00876	0.00876	0.00974	0.00681	0.00681	0.00974	0.00876	0.01266	0.01460	0.02142	0.01363	0.04089	0.78680	0.00876	0.01460	0.00584	0.00292	0.00487
5	0.01001	0.00558	0.00619	0.03298	0.00795	0.00583	0.00468	0.01253	0.01167	0.01994	0.09010	0.02174	0.01708	0.00692	0.00473	0.00138	0.03704	0.00552	0.69297	0.00516
6	0.00760	0.00515	0.00604	0.00636	0.00644	0.00507	0.00375	0.00784	0.00856	0.01141	0.02042	0.22971	0.02392	0.60878	0.02250	0.00451	0.00475	0.00984	0.00375	0.00359
7	0.00803	0.00621	0.00950	0.08499	0.01243	0.00733	0.00762	0.01014	0.00897	0.01278	0.01413	0.02075	0.01301	0.03745	0.71107	0.00809	0.01389	0.00574	0.00287	0.00498
8	0.02446	0.00928	0.01265	0.00970	0.01392	0.00801	0.00801	0.02657	0.01560	0.77817	0.02151	0.01856	0.01350	0.00675	0.00548	0.00169	0.00464	0.00548	0.00675	0.00928
9	0.01063	0.00995	0.01676	0.66923	0.12757	0.01198	0.01508	0.01417	0.01116	0.01451	0.01054	0.01631	0.00842	0.00577	0.00553	0.00182	0.00708	0.03462	0.00256	0.00633
10	0.01315	0.02934	0.03819	0.25059	0.34917	0.04008	0.08998	0.01728	0.05570	0.04742	0.01118	0.01425	0.00873	0.00526	0.00547	0.00170	0.00693	0.00501	0.00294	0.00765
11	0.01617	0.06954	0.01613	0.14085	0.04450	0.32770	0.01089	0.09973	0.01428	0.01654	0.00949	0.01171	0.00772	0.00583	0.00601	0.00151	0.07766	0.00403	0.03209	0.08762
12	0.00779	0.00584	0.00876	0.00876	0.00974	0.00681	0.00681	0.00974	0.00876	0.01266	0.01460	0.02142	0.01363	0.04089	0.78680	0.00876	0.01460	0.00584	0.00292	0.00487
13	0.01193	0.01210	0.04460	0.16815	0.33188	0.03357	0.10789	0.01572	0.03872	0.01741	0.10987	0.01926	0.01493	0.02215	0.00616	0.00180	0.00647	0.02690	0.00325	0.00724
14	0.01317	0.01259	0.07396	0.07428	0.41625	0.02877	0.05065	0.01627	0.01258	0.09072	0.03712	0.07923	0.05674	0.00677	0.00565	0.00171	0.00609	0.00627	0.00347	0.00770

[dist]
# distance from previous block
# <min> <max>
3	53

[block]
# block no. 9 follows, 44 sequences, length 30
# corresponding to MSA columns:
# 468-497
name=unknown_J
#
# <colnr> <probs for GDERKNQSTAVLIFYWHMCP>
#	G	D	E	R	K	N	Q	S	T	A	V	L	I	F	Y	W	H	M	C	P
0	0.00753	0.00557	0.00703	0.00667	0.00803	0.00507	0.00500	0.00994	0.01500	0.02084	0.66904	0.04240	0.15456	0.01153	0.00643	0.00173	0.00260	0.01009	0.00587	0.00507
1	0.00701	0.00499	0.00666	0.00787	0.00830	0.00473	0.00551	0.00814	0.01063	0.01411	0.02929	0.66338	0.03465	0.05291	0.00799	0.00240	0.00353	0.11848	0.00497	0.00446
2	0.00664	0.00474	0.00633	0.00759	0.00791	0.00443	0.00506	0.00759	0.01044	0.01392	0.03005	0.80485	0.03606	0.01708	0.00696	0.00221	0.00316	0.01550	0.00506	0.00443
3	0.11978	0.01028	0.01078	0.03401	0.01256	0.01117	0.00732	0.31739	0.01715	0.06322	0.01451	0.01566	0.01081	0.00626	0.00456	0.00151	0.00442	0.00476	0.32673	0.00713
4	0.00779	0.00584	0.00876	0.00876	0.00974	0.00681	0.00681	0.00974	0.00876	0.01266	0.01460	0.02142	0.01363	0.04089	0.78680	0.00876	0.01460	0.00584	0.00292	0.00487
5	0.84691	0.01054	0.00801	0.00717	0.01054	0.01223	0.00590	0.01603	0.00928	0.02446	0.00759	0.00886	0.00590	0.00506	0.00337	0.00169	0.00422	0.00295	0.00337	0.00590
6	0.01317	0.01115	0.01269	0.12308	0.01729	0.01291	0.00940	0.02607	0.61129	0.04271	0.02144	0.02049	0.03949	0.00731	0.00556	0.00184	0.00470	0.00613	0.00512	0.00815
7	0.00838	0.00671	0.00990	0.00956	0.01039	0.00823	0.00755	0.01022	0.00870	0.01272	0.01354	0.02006	0.01270	0.03640	0.67679	0.00785	0.12675	0.00569	0.00284	0.00502
