[name]
unknown

[dist]
# distance from previous block
# <min> <max>
0	59

[block]
# block no. 0 follows, 43 sequences, length 12
# corresponding to MSA columns:
# 74-85
name=unknown_A
#
# <colnr> <probs for GDERKNQSTAVLIFYWHMCP>
#	G	D	E	R	K	N	Q	S	T	A	V	L	I	F	Y	W	H	M	C	P
0	0.01340	0.00927	0.01022	0.03343	0.01185	0.05130	0.00707	0.13444	0.05195	0.10882	0.02084	0.09495	0.08263	0.09907	0.09030	0.02708	0.02352	0.00708	0.11650	0.00626
1	0.12226	0.07713	0.01488	0.02411	0.02919	0.08222	0.08129	0.14163	0.01406	0.05517	0.03281	0.03013	0.02917	0.06767	0.04819	0.00230	0.04022	0.00536	0.09555	0.00666
2	0.01442	0.02758	0.01410	0.05121	0.09510	0.07797	0.00977	0.08230	0.09220	0.11217	0.10012	0.04156	0.01624	0.02311	0.07826	0.00247	0.10426	0.00594	0.00426	0.04696
3	0.05141	0.00683	0.00850	0.00765	0.00966	0.00645	0.00589	0.03768	0.01481	0.16123	0.41569	0.09643	0.07384	0.01115	0.02442	0.00193	0.00354	0.00891	0.04791	0.00608
4	0.01398	0.00873	0.01057	0.02368	0.01201	0.00896	0.00720	0.17190	0.07377	0.15559	0.07287	0.24055	0.02253	0.08737	0.04075	0.02373	0.00495	0.00888	0.00526	0.00670
5	0.02272	0.01241	0.01434	0.01116	0.01538	0.03897	0.00915	0.29643	0.05827	0.43415	0.01824	0.01657	0.01205	0.00677	0.00554	0.00169	0.00539	0.00532	0.00616	0.00928
6	0.01510	0.47187	0.20227	0.01133	0.01676	0.01811	0.01203	0.07829	0.04387	0.06897	0.01028	0.01108	0.00814	0.00528	0.00434	0.00142	0.00632	0.00371	0.00307	0.00778
7	0.04722	0.01551	0.09692	0.08331	0.05133	0.01391	0.51338	0.05463	0.01316	0.01849	0.01081	0.01419	0.00813	0.00505	0.00644	0.00185	0.02946	0.00586	0.00288	0.00747
8	0.00752	0.00612	0.00651	0.00623	0.00812	0.00541	0.00472	0.04611	0.01388	0.01734	0.18849	0.04902	0.59473	0.01314	0.00649	0.00184	0.00294	0.01103	0.00534	0.00502
9	0.00853	0.00678	0.00671	0.00680	0.00729	0.05894	0.00424	0.00896	0.00957	0.01200	0.02394	0.14923	0.12205	0.52810	0.02058	0.00417	0.00503	0.00936	0.00382	0.00391
10	0.01496	0.01168	0.01337	0.01056	0.01466	0.01166	0.02561	0.18626	0.24497	0.06443	0.04632	0.01641	0.01326	0.00618	0.00513	0.00145	0.00473	0.00506	0.00481	0.29849
11	0.06031	0.01087	0.01279	0.01032	0.01393	0.03456	0.00837	0.11088	0.11291	0.40723	0.08602	0.01920	0.01607	0.00727	0.00611	0.00174	0.04258	0.00572	0.00589	0.02724

[dist]
# distance from previous block
# <min> <max>
2	11

[block]
# block no. 1 follows, 43 sequences, length 25
# corresponding to MSA columns:
# 97-114,137-143
name=unknown_B
#
# <colnr> <probs for GDERKNQSTAVLIFYWHMCP>
#	G	D	E	R	K	N	Q	S	T	A	V	L	I	F	Y	W	H	M	C	P
0	0.44531	0.01062	0.04454	0.00847	0.01167	0.02470	0.00723	0.03882	0.02962	0.10205	0.15490	0.02035	0.01774	0.00730	0.00476	0.00178	0.00441	0.05483	0.00446	0.00643
1	0.03371	0.01209	0.01329	0.02949	0.01528	0.01307	0.00889	0.17934	0.40492	0.09493	0.01826	0.01736	0.01344	0.00673	0.00536	0.00168	0.00481	0.00544	0.00530	0.11662
2	0.03464	0.00622	0.00695	0.00668	0.00718	0.00632	0.00410	0.05355	0.00953	0.03341	0.01776	0.07692	0.01982	0.66684	0.02427	0.00476	0.00524	0.00808	0.00368	0.00403
3	0.49890	0.01258	0.01154	0.00952	0.01331	0.01428	0.00783	0.29691	0.04489	0.02861	0.01041	0.01109	0.00772	0.00581	0.00432	0.00170	0.00498	0.00388	0.00432	0.00741
4	0.07689	0.01071	0.01712	0.56264	0.06973	0.01299	0.05312	0.03790	0.01139	0.01597	0.00967	0.01400	0.00745	0.00581	0.00647	0.00187	0.07232	0.00485	0.00266	0.00644
5	0.04594	0.01799	0.01608	0.08795	0.01897	0.24002	0.01090	0.44507	0.02106	0.02636	0.01141	0.01234	0.00845	0.00622	0.00531	0.00161	0.00730	0.00450	0.00439	0.00812
6	0.02071	0.01634	0.01628	0.01273	0.01690	0.09202	0.01037	0.66285	0.02459	0.03223	0.01293	0.01352	0.00945	0.02574	0.00603	0.00173	0.00646	0.00492	0.00522	0.00898
7	0.01072	0.00995	0.01665	0.63453	0.10084	0.01202	0.02695	0.01419	0.01118	0.01479	0.01081	0.03969	0.00871	0.00599	0.00589	0.00184	0.02908	0.00530	0.03456	0.00632
8	0.04187	0.08142	0.69732	0.01504	0.02282	0.01347	0.01918	0.01743	0.01158	0.01750	0.00970	0.01140	0.00698	0.00522	0.00508	0.00171	0.00789	0.00397	0.00238	0.00803
9	0.01148	0.00984	0.01148	0.00820	0.01312	0.00738	0.00656	0.01395	0.01148	0.01805	0.00984	0.01148	0.00820	0.00410	0.00410	0.00082	0.00410	0.00328	0.00328	0.83922
10	0.01340	0.01376	0.05034	0.14021	0.61111	0.04064	0.01667	0.01680	0.01247	0.01735	0.01025	0.01365	0.00845	0.00506	0.00546	0.00167	0.00688	0.00485	0.00269	0.00829
11	0.00792	0.00591	0.00878	0.00878	0.00972	0.00685	0.00677	0.00981	0.00886	0.01276	0.01495	0.02239	0.01412	0.07508	0.75025	0.00875	0.01442	0.00603	0.00298	0.00488
12	0.04377	0.03840	0.01910	0.14017	0.40465	0.09872	0.01423	0.01849	0.10476	0.01753	0.01132	0.01393	0.00918	0.00561	0.00581	0.00170	0.03688	0.00481	0.00307	0.00786
13	0.00699	0.00566	0.00622	0.00617	0.00787	0.00489	0.00469	0.00875	0.01341	0.01689	0.23662	0.05068	0.55164	0.01339	0.00659	0.00187	0.00286	0.04460	0.00538	0.00484
14	0.01129	0.07793	0.67867	0.01530	0.02295	0.01322	0.04174	0.01724	0.01184	0.01742	0.03609	0.01264	0.00863	0.00542	0.00523	0.00172	0.00788	0.00430	0.00248	0.00799
15	0.00801	0.00540	0.00625	0.00628	0.00636	0.00546	0.00365	0.00818	0.00817	0.01096	0.01756	0.05223	0.02006	0.73417	0.08080	0.00555	0.00599	0.00808	0.00337	0.00349
16	0.01143	0.01116	0.01562	0.01365	0.01372	0.01536	0.01123	0.01265	0.00871	0.01339	0.00984	0.08994	0.01040	0.01167	0.04644	0.00265	0.68760	0.00596	0.00271	0.00586
17	0.01688	0.01294	0.01494	0.01118	0.01582	0.01276	0.03591	0.39101	0.03301	0.05070	0.01227	0.01294	0.00917	0.00557	0.00500	0.00134	0.00533	0.00440	0.00457	0.34426
18	0.01102	0.01873	0.39375	0.01367	0.01923	0.01056	0.10611	0.01617	0.03605	0.04527	0.22051	0.02082	0.02028	0.00695	0.00575	0.00173	0.00640	0.00612	0.00373	0.03714
19	0.03113	0.67452	0.09682	0.01025	0.01515	0.02061	0.01052	0.04208	0.01170	0.01445	0.00809	0.00937	0.00716	0.00498	0.00412	0.00129	0.02483	0.00318	0.00250	0.00724
20	0.02016	0.01387	0.01527	0.01198	0.01604	0.01505	0.00978	0.58574	0.05077	0.11899	0.01592	0.07307	0.01222	0.00750	0.00566	0.00172	0.00566	0.00590	0.00567	0.00903
21	0.01240	0.00982	0.01158	0.00832	0.01319	0.00743	0.00667	0.01484	0.01178	0.06987	0.01067	0.01199	0.00858	0.00429	0.00420	0.00088	0.00414	0.00344	0.00353	0.78238
22	0.00802	0.00549	0.00666	0.00666	0.00687	0.00571	0.00413	0.00845	0.00824	0.01120	0.01688	0.03311	0.01877	0.64014	0.19155	0.00613	0.00742	0.00760	0.00327	0.00370
23	0.01215	0.01251	0.01666	0.03871	0.01592	0.07215	0.08039	0.01446	0.04478	0.01444	0.01447	0.03043	0.09506	0.00931	0.01361	0.00219	0.49767	0.00594	0.00300	0.00616
24	0.01164	0.00998	0.01156	0.00841	0.01321	0.00782	0.00671	0.01501	0.06281	0.01840	0.01071	0.01211	0.00880	0.00434	0.00421	0.00089	0.00412	0.00349	0.00344	0.78233

[dist]
# distance from previous block
# <min> <max>
0	6

[block]
# block no. 2 follows, 43 sequences, length 23
# corresponding to MSA columns:
# 150-172
name=unknown_C
#
# <colnr> <probs for GDERKNQSTAVLIFYWHMCP>
#	G	D	E	R	K	N	Q	S	T	A	V	L	I	F	Y	W	H	M	C	P
0	0.16543	0.37064	0.23066	0.01196	0.04231	0.06591	0.01221	0.01716	0.01137	0.01664	0.00847	0.00992	0.00694	0.00502	0.00416	0.00147	0.00653	0.00339	0.00260	0.00722
1	0.01511	0.48252	0.08358	0.01231	0.06340	0.17451	0.01077	0.01726	0.01230	0.01391	0.01074	0.01206	0.04480	0.00613	0.01871	0.00149	0.00698	0.00378	0.00264	0.00700
2	0.23070	0.44899	0.02126	0.01057	0.04171	0.13934	0.00905	0.01739	0.01153	0.01636	0.00794	0.00927	0.00689	0.00500	0.00382	0.00138	0.00616	0.00314	0.00273	0.00677
3	0.01149	0.01240	0.02610	0.01942	0.02370	0.01162	0.56381	0.01523	0.01245	0.01684	0.01605	0.21217	0.01548	0.00785	0.00667	0.00196	0.00780	0.00884	0.00339	0.00672
4	0.01111	0.02865	0.77667	0.01579	0.02397	0.01286	0.02046	0.01754	0.01169	0.01754	0.00994	0.01169	0.00702	0.00526	0.00526	0.00175	0.00818	0.00409	0.00234	0.00818
5	0.02083	0.01436	0.01572	0.01222	0.01650	0.01566	0.01004	0.58575	0.09774	0.13037	0.01533	0.01475	0.01072	0.00676	0.00555	0.00169	0.00574	0.00519	0.00572	0.00935
6	0.00795	0.00754	0.06787	0.00800	0.00990	0.00587	0.00686	0.01050	0.01390	0.01885	0.38463	0.09173	0.19313	0.01248	0.00666	0.00194	0.00357	0.13798	0.00537	0.00528
7	0.00926	0.00689	0.00840	0.00765	0.00964	0.00636	0.00578	0.01273	0.08452	0.04104	0.40321	0.09742	0.09138	0.04327	0.00704	0.00185	0.00330	0.03007	0.00538	0.12481
8	0.00871	0.00630	0.00863	0.00976	0.01108	0.00621	0.00846	0.01118	0.01283	0.01664	0.05520	0.06111	0.08672	0.01508	0.00753	0.00247	0.00485	0.65702	0.00514	0.00507
9	0.01378	0.01050	0.01199	0.00965	0.01343	0.01003	0.00770	0.14501	0.14488	0.07281	0.01796	0.07517	0.05197	0.00727	0.00542	0.00146	0.01791	0.03064	0.00461	0.34781
10	0.04574	0.25916	0.01968	0.01298	0.03487	0.45232	0.01032	0.07566	0.01487	0.01550	0.00868	0.00997	0.00730	0.00545	0.00456	0.00139	0.00820	0.00351	0.00293	0.00690
11	0.01384	0.03096	0.03968	0.02844	0.55911	0.06307	0.01569	0.01670	0.01205	0.01687	0.00969	0.01305	0.00833	0.00580	0.00758	0.00176	0.14183	0.00477	0.00268	0.00811
12	0.01523	0.13183	0.26585	0.01452	0.01940	0.27206	0.06897	0.03654	0.02729	0.01600	0.02901	0.01198	0.00860	0.00579	0.00585	0.00161	0.05525	0.00420	0.00279	0.00723
13	0.80191	0.01067	0.00857	0.04734	0.01211	0.01242	0.00648	0.01617	0.00951	0.02430	0.00782	0.00929	0.00607	0.00516	0.00354	0.00172	0.00444	0.00310	0.00338	0.00601
14	0.04146	0.01591	0.12358	0.12918	0.22073	0.05100	0.27752	0.01705	0.01235	0.01721	0.01027	0.01363	0.00800	0.00516	0.00615	0.00178	0.03350	0.00526	0.00269	0.00757
15	0.01516	0.01591	0.01918	0.14241	0.31528	0.19897	0.03480	0.06586	0.01352	0.01692	0.00972	0.01279	0.00802	0.00589	0.00693	0.00172	0.10192	0.00464	0.00287	0.00748
16	0.00800	0.00558	0.00711	0.00711	0.00748	0.00595	0.00469	0.00874	0.00837	0.01153	0.01647	0.03083	0.01778	0.51983	0.31050	0.00669	0.00891	0.00726	0.00321	0.00395
17	0.00858	0.00721	0.00865	0.00916	0.02778	0.03292	0.02718	0.01179	0.10539	0.01598	0.05133	0.41427	0.18163	0.01410	0.00668	0.00208	0.00387	0.06099	0.00502	0.00538
18	0.01032	0.00516	0.00516	0.00516	0.00645	0.00516	0.00387	0.01290	0.01161	0.02065	0.01807	0.02065	0.01420	0.00645	0.00387	0.00129	0.00258	0.00516	0.83611	0.00516
19	0.00791	0.00557	0.00726	0.00735	0.00778	0.00597	0.00496	0.00880	0.00857	0.01184	0.01719	0.07897	0.01855	0.43494	0.34343	0.00665	0.00920	0.00766	0.00331	0.00409
20	0.00683	0.00488	0.00652	0.00781	0.00817	0.00457	0.00529	0.00786	0.01069	0.01423	0.03048	0.77271	0.03644	0.01727	0.00709	0.00226	0.00329	0.04394	0.00514	0.00452
21	0.01148	0.00984	0.01148	0.00820	0.01312	0.00738	0.00656	0.01395	0.01148	0.01805	0.00984	0.01148	0.00820	0.00410	0.00410	0.00082	0.00410	0.00328	0.00328	0.83922
22	0.01174	0.01191	0.06578	0.04601	0.46588	0.01092	0.01361	0.01540	0.04230	0.01849	0.14347	0.06987	0.04620	0.00729	0.00580	0.00173	0.00559	0.00674	0.00364	0.00763

[dist]
# distance from previous block
# <min> <max>
0	1

[block]
# block no. 3 follows, 43 sequences, length 7
# corresponding to MSA columns:
# 174-177,179-181
name=unknown_D
#
# <colnr> <probs for GDERKNQSTAVLIFYWHMCP>
#	G	D	E	R	K	N	Q	S	T	A	V	L	I	F	Y	W	H	M	C	P
0	0.01196	0.09207	0.64353	0.01556	0.02308	0.05014	0.05402	0.01769	0.01191	0.01699	0.00975	0.01154	0.00710	0.00521	0.00517	0.00170	0.00814	0.00409	0.00239	0.00798
1	0.01254	0.02014	0.36228	0.02579	0.43432	0.01303	0.01856	0.01724	0.01220	0.01784	0.01020	0.01280	0.00798	0.00508	0.00538	0.00169	0.00730	0.00456	0.00256	0.00851
2	0.01585	0.01225	0.06472	0.01165	0.04953	0.01113	0.00936	0.12032	0.22554	0.16957	0.03608	0.04326	0.01391	0.00669	0.00532	0.00158	0.00489	0.00552	0.00499	0.18783
3	0.01388	0.01248	0.02056	0.05947	0.62446	0.01265	0.01563	0.01793	0.06335	0.05204	0.01255	0.01658	0.01050	0.00567	0.00559	0.00171	0.00631	0.03687	0.00321	0.00854
4	0.04325	0.04903	0.01397	0.01092	0.01440	0.01414	0.00886	0.30316	0.26112	0.02561	0.02103	0.02042	0.10991	0.00779	0.00603	0.00174	0.03883	0.00604	0.00509	0.03865
5	0.50000	0.01081	0.07323	0.00927	0.03640	0.01042	0.00781	0.01451	0.01062	0.02161	0.05562	0.10774	0.01549	0.00815	0.00477	0.00188	0.00458	0.09727	0.00387	0.00595
6	0.01274	0.01167	0.01860	0.11812	0.50588	0.03971	0.01434	0.01509	0.01170	0.01607	0.01093	0.01618	0.00963	0.00769	0.00808	0.13236	0.00646	0.03474	0.00276	0.00723

[dist]
# distance from previous block
# <min> <max>
3	4

[block]
# block no. 4 follows, 43 sequences, length 12
# corresponding to MSA columns:
# 188-191,224-230,235
name=unknown_E
#
# <colnr> <probs for GDERKNQSTAVLIFYWHMCP>
#	G	D	E	R	K	N	Q	S	T	A	V	L	I	F	Y	W	H	M	C	P
0	0.01200	0.01332	0.05920	0.01765	0.02173	0.01267	0.40028	0.01616	0.05014	0.01690	0.01268	0.07813	0.01106	0.00792	0.03629	0.00212	0.12773	0.00653	0.00311	0.09437
1	0.02069	0.02640	0.01569	0.01427	0.01712	0.78313	0.01070	0.02212	0.01569	0.01355	0.00856	0.00999	0.00713	0.00571	0.00499	0.00143	0.00999	0.00357	0.00285	0.00642
2	0.01379	0.00966	0.01073	0.00924	0.01217	0.00997	0.00733	0.16716	0.19723	0.11901	0.11013	0.03184	0.23946	0.00978	0.00602	0.00181	0.00414	0.02755	0.00566	0.00731
3	0.01929	0.01464	0.01563	0.01239	0.01650	0.01635	0.01010	0.57748	0.20377	0.03207	0.01553	0.01508	0.01123	0.00686	0.00556	0.00171	0.00568	0.00529	0.00556	0.00926
4	0.06883	0.01804	0.01507	0.01264	0.01627	0.26062	0.00999	0.34388	0.15543	0.02536	0.01313	0.01332	0.00985	0.00642	0.00526	0.00163	0.00692	0.00465	0.00457	0.00814
5	0.00784	0.00570	0.00751	0.00795	0.00910	0.00538	0.00621	0.01001	0.01358	0.01838	0.34853	0.19604	0.10332	0.01389	0.00697	0.00209	0.00347	0.22351	0.00554	0.00500
6	0.00719	0.00587	0.00643	0.00655	0.00826	0.00522	0.00502	0.00932	0.03986	0.01608	0.11933	0.09754	0.55115	0.01386	0.00666	0.00195	0.00311	0.08645	0.00525	0.00491
7	0.00814	0.00604	0.00769	0.00786	0.00918	0.00579	0.00613	0.01099	0.04913	0.01896	0.37921	0.12072	0.12301	0.03441	0.00740	0.00211	0.00346	0.18902	0.00556	0.00518
8	0.07680	0.14863	0.60027	0.01414	0.02142	0.01424	0.01762	0.01729	0.01145	0.01741	0.00942	0.01105	0.00695	0.00517	0.00485	0.00166	0.00753	0.00383	0.00243	0.00785
9	0.01720	0.01317	0.01414	0.01177	0.01547	0.01480	0.00942	0.31075	0.43471	0.06811	0.01891	0.01770	0.01382	0.00714	0.00559	0.00179	0.00507	0.00573	0.00566	0.00906
10	0.03747	0.18141	0.50347	0.01494	0.02172	0.01492	0.08677	0.01716	0.01154	0.01672	0.00944	0.01138	0.00714	0.00527	0.00550	0.00168	0.03920	0.00410	0.00243	0.00775
11	0.04652	0.01212	0.02031	0.25554	0.47201	0.01293	0.04601	0.01651	0.03298	0.01733	0.01051	0.01407	0.00846	0.00518	0.00546	0.00172	0.00678	0.00496	0.00277	0.00783

[dist]
# distance from previous block
# <min> <max>
0	2

[block]
# block no. 5 follows, 43 sequences, length 9
# corresponding to MSA columns:
# 238-246
name=unknown_F
#
# <colnr> <probs for GDERKNQSTAVLIFYWHMCP>
#	G	D	E	R	K	N	Q	S	T	A	V	L	I	F	Y	W	H	M	C	P
0	0.01311	0.01261	0.02021	0.05823	0.62746	0.04066	0.01534	0.01617	0.01275	0.01782	0.05830	0.05784	0.01286	0.00605	0.00562	0.00168	0.00631	0.00578	0.00307	0.00814
1	0.00847	0.00660	0.00922	0.00868	0.01032	0.00586	0.05024	0.00994	0.01110	0.01545	0.07990	0.42137	0.02797	0.06224	0.00839	0.04002	0.00400	0.04381	0.00446	0.17196
2	0.01348	0.01293	0.02207	0.08674	0.71983	0.01310	0.01688	0.01680	0.01250	0.01782	0.01038	0.01378	0.00868	0.00498	0.00549	0.00166	0.00664	0.00493	0.00272	0.00859
3	0.01354	0.06832	0.10184	0.01167	0.01549	0.01423	0.01016	0.02718	0.62309	0.02182	0.02007	0.01882	0.01509	0.00706	0.00545	0.00182	0.00493	0.00579	0.00503	0.00859
4	0.01148	0.00984	0.01148	0.00820	0.01312	0.00738	0.00656	0.01395	0.01148	0.01805	0.00984	0.01148	0.00820	0.00410	0.00410	0.00082	0.00410	0.00328	0.00328	0.83922
5	0.01481	0.80869	0.02902	0.00948	0.01421	0.02191	0.00948	0.01658	0.01125	0.01303	0.00770	0.00888	0.00711	0.00474	0.00355	0.00118	0.00592	0.00296	0.00237	0.00711
6	0.01111	0.02865	0.77667	0.01579	0.02397	0.01286	0.02046	0.01754	0.01169	0.01754	0.00994	0.01169	0.00702	0.00526	0.00526	0.00175	0.00818	0.00409	0.00234	0.00818
7	0.00675	0.00482	0.00643	0.00771	0.00803	0.00450	0.00514	0.00771	0.01060	0.01414	0.03053	0.80175	0.03663	0.01735	0.00707	0.00225	0.00321	0.01574	0.00514	0.00450
8	0.00671	0.00497	0.00627	0.00731	0.00793	0.00453	0.00496	0.00776	0.01099	0.01430	0.03541	0.65890	0.17633	0.01672	0.00697	0.00218	0.00314	0.01497	0.00514	0.00453

[dist]
# distance from previous block
# <min> <max>
4	6

[block]
# block no. 6 follows, 43 sequences, length 27
# corresponding to MSA columns:
# 291-295,297-302,326,356-370
name=unknown_G
#
# <colnr> <probs for GDERKNQSTAVLIFYWHMCP>
#	G	D	E	R	K	N	Q	S	T	A	V	L	I	F	Y	W	H	M	C	P
0	0.03089	0.01266	0.03673	0.18675	0.20750	0.01287	0.23025	0.01672	0.05780	0.01722	0.01149	0.03428	0.00935	0.00569	0.00644	0.00178	0.05223	0.00559	0.00296	0.06079
1	0.01032	0.00516	0.00516	0.00516	0.00645	0.00516	0.00387	0.01290	0.01161	0.02065	0.01807	0.02065	0.01420	0.00645	0.00387	0.00129	0.00258	0.00516	0.83611	0.00516
2	0.00753	0.00520	0.00614	0.00656	0.00679	0.00504	0.00400	0.00793	0.00918	0.01212	0.02419	0.28866	0.07284	0.49663	0.01989	0.00412	0.00450	0.01081	0.00405	0.00381
3	0.00848	0.00708	0.03184	0.00812	0.00972	0.00668	0.00638	0.05542	0.03351	0.01686	0.14716	0.16620	0.19540	0.03931	0.22323	0.00395	0.00671	0.02403	0.00460	0.00530
4	0.01057	0.00995	0.01681	0.76664	0.06271	0.01233	0.01544	0.01425	0.01113	0.01428	0.00986	0.01473	0.00743	0.00552	0.00554	0.00184	0.00736	0.00492	0.00247	0.00624
5	0.01304	0.01447	0.02627	0.04050	0.02403	0.06160	0.46729	0.01645	0.01188	0.01611	0.01050	0.03606	0.00879	0.00646	0.00954	0.00200	0.21923	0.00612	0.00276	0.00691
6	0.01147	0.10444	0.70403	0.01517	0.02302	0.01374	0.01940	0.01745	0.01165	0.01710	0.00972	0.01142	0.00702	0.00521	0.00510	0.00170	0.00797	0.00398	0.00234	0.00808
7	0.84448	0.01071	0.00814	0.00728	0.01071	0.01242	0.00600	0.01628	0.00943	0.02485	0.00771	0.00900	0.00600	0.00514	0.00343	0.00171	0.00428	0.00300	0.00343	0.00600
8	0.00962	0.00481	0.00722	0.00722	0.00722	0.00481	0.00481	0.00722	0.00722	0.00962	0.00962	0.01684	0.00962	0.01924	0.02165	0.83886	0.00481	0.00481	0.00241	0.00241
9	0.00962	0.00481	0.00722	0.00722	0.00722	0.00481	0.00481	0.00722	0.00722	0.00962	0.00962	0.01684	0.00962	0.01924	0.02165	0.83886	0.00481	0.00481	0.00241	0.00241
10	0.01913	0.01409	0.01533	0.01210	0.01608	0.01561	0.00990	0.58903	0.10457	0.04816	0.03802	0.01561	0.01193	0.00903	0.05323	0.00213	0.00630	0.00535	0.00544	0.00894
11	0.00791	0.00593	0.00890	0.00890	0.00989	0.00692	0.00692	0.00989	0.00890	0.01286	0.01483	0.02176	0.01385	0.04154	0.78341	0.00890	0.01483	0.00593	0.00297	0.00494
12	0.01111	0.02865	0.77667	0.01579	0.02397	0.01286	0.02046	0.01754	0.01169	0.01754	0.00994	0.01169	0.00702	0.00526	0.00526	0.00175	0.00818	0.00409	0.00234	0.00818
13	0.00797	0.00534	0.00606	0.00614	0.00616	0.00532	0.00347	0.00803	0.00821	0.01095	0.01825	0.08314	0.02115	0.75709	0.02690	0.00518	0.00524	0.00853	0.00347	0.00343
14	0.01032	0.00516	0.00516	0.00516	0.00645	0.00516	0.00387	0.01290	0.01161	0.02065	0.01807	0.02065	0.01420	0.00645	0.00387	0.00129	0.00258	0.00516	0.83611	0.00516
15	0.00859	0.00686	0.00993	0.00954	0.01029	0.00838	0.00743	0.01027	0.00876	0.01275	0.01387	0.02150	0.01336	0.10371	0.59562	0.00756	0.13773	0.00595	0.00291	0.00498
16	0.01203	0.01512	0.12631	0.05676	0.05440	0.01344	0.40257	0.01602	0.01171	0.01644	0.01108	0.03445	0.00912	0.00854	0.06390	0.00244	0.12985	0.00600	0.00273	0.00708
17	0.18604	0.01361	0.01844	0.08434	0.48861	0.08357	0.01402	0.01710	0.01212	0.01878	0.00964	0.01247	0.00794	0.00509	0.00502	0.00165	0.00648	0.00441	0.00287	0.00778
18	0.01302	0.01203	0.01909	0.08057	0.44706	0.01298	0.02857	0.05341	0.05819	0.01790	0.01200	0.01667	0.01037	0.02578	0.05606	0.00233	0.09343	0.02963	0.00311	0.00781
19	0.00698	0.00517	0.00646	0.00709	0.00791	0.00471	0.00492	0.00833	0.01196	0.01585	0.18725	0.47369	0.18152	0.04191	0.00757	0.00218	0.00308	0.01352	0.00528	0.00464
20	0.01061	0.01000	0.01689	0.75578	0.07320	0.01235	0.01546	0.01429	0.01115	0.01434	0.00987	0.01471	0.00745	0.00551	0.00553	0.00184	0.00734	0.00492	0.00247	0.00628
21	0.01307	0.01494	0.03268	0.02334	0.02894	0.01401	0.75070	0.01774	0.01307	0.01774	0.01120	0.01494	0.00840	0.00467	0.00654	0.00187	0.00934	0.00654	0.00280	0.00747
22	0.00719	0.00533	0.00659	0.00689	0.00788	0.00486	0.00486	0.00879	0.01275	0.01708	0.30724	0.31527	0.19628	0.06330	0.00807	0.00218	0.00304	0.01230	0.00538	0.00473
23	0.01212	0.01212	0.01696	0.01454	0.01454	0.01696	0.01212	0.01333	0.00848	0.01333	0.00727	0.01212	0.00727	0.00969	0.01818	0.00242	0.79523	0.00485	0.00242	0.00606
24	0.00847	0.00648	0.00904	0.00869	0.00999	0.00624	0.05118	0.04128	0.04254	0.01826	0.28367	0.38343	0.05591	0.01363	0.00717	0.02798	0.00359	0.01193	0.00528	0.00525
25	0.01135	0.07900	0.72841	0.01538	0.02334	0.01345	0.01975	0.01748	0.01166	0.01725	0.00979	0.01151	0.00702	0.00523	0.00515	0.00172	0.00804	0.00402	0.00234	0.00812
26	0.12229	0.55301	0.15168	0.01038	0.01548	0.03929	0.01090	0.01685	0.01121	0.01534	0.00810	0.00940	0.00695	0.00490	0.00386	0.00136	0.00620	0.00317	0.00251	0.00713

[dist]
# distance from previous block
# <min> <max>
0	1

[block]
# block no. 7 follows, 43 sequences, length 28
# corresponding to MSA columns:
# 375-402
name=unknown_H
#
# <colnr> <probs for GDERKNQSTAVLIFYWHMCP>
#	G	D	E	R	K	N	Q	S	T	A	V	L	I	F	Y	W	H	M	C	P
0	0.01438	0.33612	0.31908	0.01287	0.01857	0.15511	0.01398	0.01837	0.03676	0.01522	0.00922	0.01057	0.00740	0.00521	0.00455	0.00147	0.00749	0.00362	0.00255	0.00746
1	0.01349	0.01385	0.05694	0.05003	0.69595	0.01315	0.04115	0.01698	0.01255	0.01797	0.01041	0.01368	0.00865	0.00495	0.00551	0.00166	0.00676	0.00495	0.00272	0.00864
2	0.00767	0.00590	0.00713	0.00672	0.00839	0.00518	0.00503	0.00983	0.01420	0.01936	0.46552	0.08866	0.25173	0.01193	0.00639	0.00174	0.00281	0.01035	0.00556	0.06590
3	0.00789	0.00570	0.00710	0.00676	0.00822	0.00514	0.00506	0.01017	0.01485	0.03656	0.57180	0.06839	0.20779	0.01202	0.00653	0.00179	0.00272	0.01047	0.00587	0.00517
4	0.01307	0.01494	0.03268	0.02334	0.02894	0.01401	0.75070	0.01774	0.01307	0.01774	0.01120	0.01494	0.00840	0.00467	0.00654	0.00187	0.00934	0.00654	0.00280	0.00747
5	0.01116	0.02826	0.75542	0.01600	0.02411	0.01289	0.04131	0.01754	0.01173	0.01754	0.00998	0.01179	0.00706	0.00524	0.00530	0.00176	0.00822	0.00416	0.00235	0.00816
6	0.00803	0.00546	0.00650	0.00650	0.00665	0.00562	0.00392	0.00835	0.00819	0.01108	0.01703	0.03393	0.01913	0.68363	0.14855	0.00593	0.00688	0.00772	0.00329	0.00361
7	0.00810	0.00615	0.00719	0.00685	0.00841	0.00569	0.00510	0.05314	0.01453	0.01935	0.38898	0.09994	0.29719	0.04560	0.00742	0.00197	0.00305	0.01064	0.00555	0.00515
8	0.00694	0.00495	0.00664	0.00793	0.00833	0.00466	0.00547	0.00804	0.01079	0.01435	0.03042	0.73767	0.03622	0.01717	0.00712	0.00228	0.00338	0.07796	0.00514	0.00455
9	0.84448	0.01071	0.00814	0.00728	0.01071	0.01242	0.00600	0.01628	0.00943	0.02485	0.00771	0.00900	0.00600	0.00514	0.00343	0.00171	0.00428	0.00300	0.00343	0.00600
10	0.01046	0.01590	0.29034	0.03765	0.03642	0.03211	0.01230	0.01621	0.11818	0.01877	0.20587	0.03548	0.04428	0.01081	0.06979	0.00238	0.00646	0.02566	0.00403	0.00691
11	0.00795	0.00580	0.00820	0.00820	0.00895	0.00654	0.00605	0.00944	0.00869	0.01234	0.01547	0.02528	0.01538	0.22737	0.59967	0.00804	0.01253	0.00645	0.00306	0.00456
12	0.01503	0.77842	0.02851	0.00966	0.01433	0.05137	0.00952	0.01680	0.01143	0.01305	0.00773	0.00893	0.00711	0.00478	0.00361	0.00119	0.00608	0.00298	0.00239	0.00708
13	0.01705	0.06376	0.05511	0.00982	0.01438	0.03402	0.00850	0.04337	0.01363	0.28961	0.02588	0.01447	0.01071	0.00562	0.00523	0.00133	0.03062	0.00435	0.00453	0.34803
14	0.01187	0.24054	0.51359	0.01339	0.02011	0.01476	0.01630	0.01674	0.01187	0.01666	0.06679	0.01317	0.01047	0.00558	0.00489	0.00160	0.00714	0.00423	0.00263	0.00767
15	0.06042	0.00912	0.01206	0.00942	0.01340	0.00804	0.00773	0.02485	0.01544	0.66863	0.06917	0.02094	0.04033	0.00729	0.00556	0.00172	0.00450	0.00593	0.00660	0.00885
16	0.01378	0.01190	0.01252	0.01127	0.01440	0.01378	0.00877	0.02943	0.76081	0.02317	0.02254	0.02066	0.01691	0.00751	0.00564	0.00188	0.00438	0.00626	0.00564	0.00877
17	0.02192	0.10818	0.02925	0.01011	0.01435	0.01066	0.00862	0.04918	0.08307	0.56135	0.01982	0.03100	0.01332	0.00680	0.00535	0.00167	0.00492	0.00544	0.00604	0.00897
18	0.04590	0.03142	0.01350	0.01057	0.03148	0.04540	0.00846	0.02603	0.03280	0.66382	0.02023	0.01783	0.01298	0.00667	0.00543	0.00169	0.00502	0.00534	0.00633	0.00910
19	0.00812	0.00590	0.00770	0.00761	0.00806	0.00648	0.00525	0.00905	0.00868	0.01204	0.03022	0.04727	0.03012	0.42187	0.32552	0.00644	0.04486	0.00734	0.00328	0.00419
20	0.01733	0.02084	0.01573	0.01407	0.01593	0.50215	0.01094	0.01872	0.01308	0.01345	0.00849	0.01128	0.00753	0.00885	0.05031	0.00213	0.25613	0.00409	0.00272	0.00623
21	0.01293	0.03874	0.16658	0.06363	0.02768	0.01404	0.52766	0.04652	0.01317	0.01806	0.01089	0.01411	0.00810	0.00490	0.00613	0.00182	0.00880	0.00584	0.00279	0.00759
22	0.01945	0.02365	0.01625	0.01621	0.10042	0.62523	0.01126	0.04093	0.06676	0.01527	0.00985	0.01122	0.00805	0.00577	0.00511	0.00149	0.00912	0.00394	0.00310	0.00692
23	0.01085	0.04629	0.01601	0.04280	0.01569	0.03514	0.15927	0.05225	0.01249	0.01684	0.11417	0.24027	0.05108	0.01053	0.00849	0.00200	0.14675	0.00907	0.00402	0.00599
24	0.01987	0.01492	0.01595	0.01250	0.01672	0.01662	0.01024	0.63457	0.14575	0.03299	0.01480	0.01450	0.01064	0.00679	0.00556	0.00170	0.00582	0.00519	0.00556	0.00931
25	0.04856	0.57803	0.05450	0.01038	0.01501	0.02017	0.01003	0.15373	0.01388	0.01776	0.00882	0.00991	0.00750	0.00526	0.00437	0.00135	0.02680	0.00343	0.00300	0.00751
26	0.01285	0.03525	0.13055	0.00983	0.03092	0.05315	0.00874	0.03637	0.01410	0.16879	0.16806	0.03127	0.23738	0.03034	0.00648	0.00183	0.00476	0.00778	0.00491	0.00665
27	0.01907	0.01385	0.01496	0.01177	0.01557	0.01523	0.00950	0.60347	0.05815	0.04908	0.01484	0.03753	0.01172	0.08978	0.00793	0.00207	0.00583	0.00567	0.00534	0.00863

[dist]
# distance from previous block
# <min> <max>
5	24

[block]
# block no. 8 follows, 43 sequences, length 29
# corresponding to MSA columns:
# 427-441,447-460
name=unknown_I
#
# <colnr> <probs for GDERKNQSTAVLIFYWHMCP>
#	G	D	E	R	K	N	Q	S	T	A	V	L	I	F	Y	W	H	M	C	P
0	0.00791	0.00593	0.00890	0.00890	0.00989	0.00692	0.00692	0.00989	0.00890	0.01286	0.01483	0.02176	0.01385	0.04154	0.78341	0.00890	0.01483	0.00593	0.00297	0.00494
1	0.01212	0.01212	0.01696	0.01454	0.01454	0.01696	0.01212	0.01333	0.00848	0.01333	0.00727	0.01212	0.00727	0.00969	0.01818	0.00242	0.79523	0.00485	0.00242	0.00606
2	0.02119	0.00964	0.01243	0.00973	0.01356	0.00886	0.00794	0.12226	0.01710	0.53136	0.14356	0.02163	0.01936	0.00750	0.00569	0.00169	0.00454	0.00617	0.00646	0.02934
3	0.01212	0.01212	0.01696	0.01454	0.01454	0.01696	0.01212	0.01333	0.00848	0.01333	0.00727	0.01212	0.00727	0.00969	0.01818	0.00242	0.79523	0.00485	0.00242	0.00606
4	0.00964	0.00951	0.01761	0.01383	0.01683	0.00891	0.31638	0.01251	0.01281	0.01706	0.14242	0.17669	0.18263	0.01023	0.00691	0.00193	0.02403	0.00989	0.00425	0.00593
5	0.00793	0.00586	0.00855	0.00855	0.00942	0.00673	0.00649	0.00967	0.00880	0.01260	0.01515	0.02352	0.01461	0.13473	0.69127	0.00847	0.01368	0.00619	0.00301	0.00475
6	0.01403	0.01260	0.01307	0.03438	0.03600	0.05245	0.00928	0.02828	0.68130	0.02229	0.02114	0.01977	0.01592	0.00730	0.00560	0.00185	0.00481	0.00605	0.00533	0.00857
7	0.02069	0.02640	0.01569	0.01427	0.01712	0.78313	0.01070	0.02212	0.01569	0.01355	0.00856	0.00999	0.00713	0.00571	0.00499	0.00143	0.00999	0.00357	0.00285	0.00642
8	0.84448	0.01071	0.00814	0.00728	0.01071	0.01242	0.00600	0.01628	0.00943	0.02485	0.00771	0.00900	0.00600	0.00514	0.00343	0.00171	0.00428	0.00300	0.00343	0.00600
9	0.01378	0.01190	0.01252	0.01127	0.01440	0.01378	0.00877	0.02943	0.76081	0.02317	0.02254	0.02066	0.01691	0.00751	0.00564	0.00188	0.00438	0.00626	0.00564	0.00877
10	0.00961	0.00764	0.00895	0.00886	0.01067	0.00797	0.00689	0.01596	0.24937	0.01950	0.20952	0.14211	0.12367	0.01200	0.00653	0.00202	0.00374	0.14334	0.00552	0.00615
11	0.01032	0.00516	0.00516	0.00516	0.00645	0.00516	0.00387	0.01290	0.01161	0.02065	0.01807	0.02065	0.01420	0.00645	0.00387	0.00129	0.00258	0.00516	0.83611	0.00516
12	0.01481	0.80869	0.02902	0.00948	0.01421	0.02191	0.00948	0.01658	0.01125	0.01303	0.00770	0.00888	0.00711	0.00474	0.00355	0.00118	0.00592	0.00296	0.00237	0.00711
13	0.00675	0.00482	0.00643	0.00771	0.00803	0.00450	0.00514	0.00771	0.01060	0.01414	0.03053	0.80175	0.03663	0.01735	0.00707	0.00225	0.00321	0.01574	0.00514	0.00450
14	0.01378	0.01190	0.01252	0.01127	0.01440	0.01378	0.00877	0.02943	0.76081	0.02317	0.02254	0.02066	0.01691	0.00751	0.00564	0.00188	0.00438	0.00626	0.00564	0.00877
15	0.13025	0.16967	0.03499	0.01201	0.01539	0.46627	0.00974	0.01972	0.03037	0.01536	0.01071	0.01182	0.04052	0.00584	0.00460	0.00146	0.00797	0.00380	0.00299	0.00651
16	0.01209	0.01686	0.23107	0.04576	0.03795	0.01235	0.28248	0.07499	0.05555	0.01880	0.01840	0.02074	0.11735	0.00676	0.00602	0.00183	0.00733	0.02284	0.00342	0.00742
17	0.01136	0.00986	0.01220	0.00938	0.03232	0.00778	0.02695	0.01380	0.01144	0.01773	0.01088	0.05143	0.00963	0.00494	0.00468	0.00098	0.02276	0.00407	0.00333	0.73448
18	0.01046	0.00984	0.01661	0.79205	0.03814	0.01230	0.01538	0.01415	0.01107	0.01415	0.00984	0.01477	0.00738	0.00554	0.00554	0.00185	0.00738	0.00492	0.00246	0.00615
19	0.01182	0.02491	0.61216	0.01596	0.02326	0.01242	0.10565	0.01755	0.01188	0.05269	0.01097	0.01333	0.00802	0.02738	0.02648	0.00205	0.00826	0.00460	0.00265	0.00795
20	0.01297	0.01105	0.01183	0.01069	0.01357	0.01262	0.00829	0.02686	0.65980	0.02304	0.12358	0.02347	0.02170	0.00803	0.00576	0.00186	0.00414	0.00677	0.00570	0.00829
21	0.01111	0.02865	0.77667	0.01579	0.02397	0.01286	0.02046	0.01754	0.01169	0.01754	0.00994	0.01169	0.00702	0.00526	0.00526	0.00175	0.00818	0.00409	0.00234	0.00818
22	0.00777	0.00566	0.00731	0.00690	0.00823	0.00520	0.00517	0.01033	0.01552	0.02184	0.73206	0.04197	0.08832	0.01146	0.00653	0.00175	0.00262	0.01010	0.00605	0.00520
23	0.01046	0.00984	0.01661	0.79205	0.03814	0.01230	0.01538	0.01415	0.01107	0.01415	0.00984	0.01477	0.00738	0.00554	0.00554	0.00185	0.00738	0.00492	0.00246	0.00615
24	0.00805	0.00540	0.00618	0.00618	0.00623	0.00545	0.00353	0.00815	0.00810	0.01084	0.01732	0.03552	0.01982	0.76727	0.06585	0.00555	0.00584	0.00795	0.00334	0.00344
25	0.00788	0.00569	0.00745	0.00708	0.00838	0.00526	0.00535	0.01049	0.01558	0.02202	0.74271	0.04209	0.05156	0.01146	0.00657	0.00177	0.00270	0.03469	0.00606	0.00522
26	0.01032	0.00516	0.00516	0.00516	0.00645	0.00516	0.00387	0.01290	0.01161	0.02065	0.01807	0.02065	0.01420	0.00645	0.00387	0.00129	0.00258	0.00516	0.83611	0.00516
27	0.02164	0.01457	0.01604	0.01230	0.01670	0.01577	0.01016	0.63995	0.02446	0.14954	0.01462	0.01416	0.01008	0.00668	0.00554	0.00167	0.00588	0.00508	0.00574	0.00942
28	0.01124	0.05596	0.75048	0.01556	0.02363	0.01318	0.02008	0.01751	0.01168	0.01738	0.00986	0.01159	0.00702	0.00524	0.00520	0.00173	0.00811	0.00405	0.00234	0.00815

[dist]
# distance from previous block
# <min> <max>
0	1

[block]
# block no. 9 follows, 43 sequences, length 38
# corresponding to MSA columns:
# 463-500
name=unknown_J
#
# <colnr> <probs for GDERKNQSTAVLIFYWHMCP>
#	G	D	E	R	K	N	Q	S	T	A	V	L	I	F	Y	W	H	M	C	P
0	0.08114	0.01062	0.01180	0.00888	0.01344	0.00933	0.00713	0.08172	0.08780	0.03746	0.01152	0.01253	0.00913	0.00482	0.00436	0.00109	0.00434	0.00376	0.00381	0.59536
1	0.01171	0.01043	0.01517	0.47528	0.05985	0.01208	0.01273	0.06747	0.13220	0.01770	0.03312	0.01755	0.04080	0.00629	0.00552	0.00176	0.00625	0.00543	0.00345	0.06521
2	0.01763	0.00813	0.01069	0.00879	0.01188	0.00735	0.00703	0.02073	0.06055	0.44118	0.28474	0.02796	0.05147	0.00869	0.00594	0.00174	0.00390	0.00737	0.00646	0.00776
3	0.00927	0.00681	0.00876	0.00937	0.01078	0.00684	0.00767	0.06153	0.04477	0.01793	0.08662	0.20592	0.07901	0.01442	0.00715	0.00229	0.00442	0.40579	0.00524	0.00541
4	0.00663	0.00561	0.00573	0.00570	0.00753	0.00471	0.00428	0.00812	0.01283	0.01545	0.10375	0.05250	0.72062	0.01385	0.00654	0.00186	0.00279	0.01158	0.00521	0.00471
5	0.01956	0.01564	0.01572	0.01257	0.01661	0.07679	0.01019	0.54951	0.17296	0.03086	0.01478	0.01452	0.01074	0.00675	0.00552	0.00169	0.00606	0.00513	0.00535	0.00905
6	0.02105	0.01551	0.01662	0.01274	0.01717	0.01717	0.01053	0.75235	0.02604	0.03490	0.01330	0.01330	0.00942	0.00665	0.00554	0.00166	0.00609	0.00499	0.00554	0.00942
7	0.00659	0.00557	0.00566	0.00571	0.00747	0.00468	0.00423	0.00794	0.01243	0.01483	0.05409	0.08594	0.71919	0.03223	0.00706	0.00197	0.00288	0.01178	0.00510	0.00464
8	0.01375	0.01235	0.01611	0.01946	0.28711	0.01355	0.01173	0.02495	0.49106	0.02134	0.01817	0.01816	0.01397	0.00658	0.00558	0.00179	0.00517	0.00578	0.00459	0.00877
9	0.01111	0.02865	0.77667	0.01579	0.02397	0.01286	0.02046	0.01754	0.01169	0.01754	0.00994	0.01169	0.00702	0.00526	0.00526	0.00175	0.00818	0.00409	0.00234	0.00818
10	0.00750	0.00537	0.00638	0.00691	0.00808	0.00474	0.00488	0.00871	0.01171	0.04978	0.04103	0.44616	0.34778	0.01545	0.00678	0.00206	0.00311	0.01354	0.00522	0.00480
11	0.02137	0.01501	0.01631	0.01250	0.01692	0.01643	0.01033	0.69218	0.02519	0.09627	0.01401	0.01376	0.00977	0.00667	0.00554	0.00167	0.00598	0.00503	0.00565	0.00942
12	0.01522	0.01261	0.01333	0.01156	0.01495	0.01445	0.00911	0.17261	0.61528	0.02549	0.02071	0.01920	0.01542	0.00734	0.00562	0.00184	0.00472	0.00601	0.00562	0.00890
13	0.01032	0.00516	0.00516	0.00516	0.00645	0.00516	0.00387	0.01290	0.01161	0.02065	0.01807	0.02065	0.01420	0.00645	0.00387	0.00129	0.00258	0.00516	0.83611	0.00516
14	0.01371	0.01316	0.02248	0.03399	0.77081	0.01316	0.01700	0.01700	0.01261	0.01809	0.01042	0.01371	0.00877	0.00493	0.00548	0.00164	0.00658	0.00493	0.00274	0.00877
15	0.00791	0.00593	0.00890	0.00890	0.00989	0.00692	0.00692	0.00989	0.00890	0.01286	0.01483	0.02176	0.01385	0.04154	0.78341	0.00890	0.01483	0.00593	0.00297	0.00494
16	0.01987	0.00832	0.01126	0.00901	0.01242	0.00729	0.00729	0.02215	0.01580	0.55453	0.24009	0.02544	0.02499	0.00816	0.00585	0.00172	0.00410	0.00687	0.00663	0.00820
17	0.00726	0.00525	0.00688	0.00755	0.00825	0.00494	0.00525	0.00909	0.02892	0.01699	0.27243	0.53478	0.04132	0.01515	0.00686	0.00207	0.00304	0.01365	0.00547	0.00483
18	0.01378	0.01190	0.01252	0.01127	0.01440	0.01378	0.00877	0.02943	0.76081	0.02317	0.02254	0.02066	0.01691	0.00751	0.00564	0.00188	0.00438	0.00626	0.00564	0.00877
19	0.00735	0.00558	0.00668	0.00651	0.00790	0.00500	0.00480	0.00934	0.01402	0.01880	0.45176	0.08875	0.29361	0.04628	0.00749	0.00197	0.00283	0.01083	0.00560	0.00492
20	0.01285	0.01437	0.02999	0.05190	0.02741	0.01433	0.62525	0.01702	0.01239	0.01702	0.01064	0.01456	0.00822	0.00536	0.00803	0.00194	0.11250	0.00625	0.00274	0.00723
21	0.03255	0.00898	0.00939	0.00803	0.01047	0.00962	0.00636	0.25585	0.04785	0.02558	0.04819	0.01886	0.01417	0.00674	0.00459	0.00147	0.00385	0.00531	0.47543	0.00673
22	0.01148	0.00984	0.01148	0.00820	0.01312	0.00738	0.00656	0.01395	0.01148	0.01805	0.00984	0.01148	0.00820	0.00410	0.00410	0.00082	0.00410	0.00328	0.00328	0.83922
23	0.01076	0.00850	0.01024	0.01051	0.01248	0.00924	0.00869	0.01845	0.31069	0.01909	0.02668	0.08012	0.02613	0.01229	0.00682	0.00227	0.00473	0.41047	0.00532	0.00653
24	0.00675	0.00482	0.00643	0.00771	0.00803	0.00450	0.00514	0.00771	0.01060	0.01414	0.03053	0.80175	0.03663	0.01735	0.00707	0.00225	0.00321	0.01574	0.00514	0.00450
25	0.01032	0.00516	0.00516	0.00516	0.00645	0.00516	0.00387	0.01290	0.01161	0.02065	0.01807	0.02065	0.01420	0.00645	0.00387	0.00129	0.00258	0.00516	0.83611	0.00516
26	0.01406	0.01288	0.02186	0.06038	0.71264	0.01292	0.01657	0.01731	0.01269	0.04964	0.01088	0.01396	0.00893	0.00504	0.00549	0.00166	0.00653	0.00496	0.00290	0.00871
27	0.01349	0.01440	0.01676	0.01450	0.01495	0.13941	0.01189	0.01473	0.00963	0.01336	0.00748	0.01178	0.00725	0.00906	0.01607	0.00226	0.66973	0.00464	0.00249	0.00612
28	0.01127	0.00959	0.01126	0.00827	0.01294	0.00727	0.00662	0.01370	0.01151	0.01790	0.01109	0.03249	0.00980	0.00485	0.00431	0.00092	0.00412	0.03181	0.00340	0.78687
29	0.00818	0.00555	0.00755	0.00854	0.00923	0.00541	0.00631	0.00949	0.01119	0.04506	0.02885	0.56122	0.03327	0.01630	0.00774	0.02020	0.02411	0.18188	0.00507	0.00483
30	0.00805	0.00539	0.00615	0.00615	0.00619	0.00543	0.00349	0.00812	0.00809	0.01082	0.01735	0.03569	0.01989	0.77616	0.05707	0.00550	0.00573	0.00797	0.00334	0.00342
31	0.01270	0.01481	0.05771	0.04905	0.02641	0.03002	0.56917	0.01681	0.01240	0.01688	0.01139	0.04592	0.00929	0.00581	0.00772	0.00193	0.09549	0.00650	0.00282	0.00715
32	0.02848	0.02030	0.39681	0.01690	0.02313	0.01210	0.25478	0.01717	0.01224	0.06326	0.01309	0.09229	0.01082	0.00637	0.00584	0.00184	0.00777	0.00612	0.00306	0.00762
33	0.01117	0.02821	0.75284	0.01603	0.02413	0.01290	0.04385	0.01755	0.01174	0.01755	0.00998	0.01180	0.00706	0.00524	0.00530	0.00176	0.00822	0.00417	0.00235	0.00816
34	0.01131	0.01081	0.01845	0.49116	0.24986	0.01221	0.04935	0.01480	0.01170	0.01551	0.01266	0.01662	0.05038	0.00580	0.00562	0.00179	0.00698	0.00538	0.00271	0.00690
35	0.01154	0.00997	0.01242	0.13358	0.01722	0.00839	0.00806	0.03075	0.01175	0.01781	0.00992	0.01205	0.00810	0.00439	0.00436	0.00100	0.00467	0.00358	0.00320	0.68723
36	0.00997	0.00742	0.00890	0.00826	0.01017	0.00754	0.00636	0.01584	0.20554	0.04909	0.48725	0.03674	0.07032	0.01048	0.00632	0.00182	0.00326	0.04254	0.00592	0.00625
37	0.01069	0.00659	0.00892	0.05543	0.01056	0.00682	0.00621	0.09828	0.01035	0.01387	0.01310	0.12267	0.01332	0.03554	0.01635	0.52640	0.00490	0.00635	0.00321	0.03045

[dist]
# distance from previous block
# <min> <max>
0	1

[block]
# block no. 10 follows, 43 sequences, length 13
# corresponding to MSA columns:
# 502-514
name=unknown_K
#
# <colnr> <probs for GDERKNQSTAVLIFYWHMCP>
#	G	D	E	R	K	N	Q	S	T	A	V	L	I	F	Y	W	H	M	C	P
0	0.01459	0.01171	0.01231	0.01081	0.01386	0.03115	0.00842	0.11977	0.50824	0.06261	0.04448	0.04389	0.04640	0.03818	0.00656	0.00197	0.00465	0.00665	0.00551	0.00824
1	0.00655	0.00561	0.00561	0.00561	0.00748	0.00468	0.00421	0.00795	0.01262	0.01496	0.05610	0.05330	0.76857	0.01403	0.00655	0.00187	0.00281	0.01169	0.00514	0.00468
2	0.01551	0.10822	0.01788	0.01386	0.01543	0.29315	0.01131	0.01686	0.01139	0.01338	0.00778	0.01098	0.00720	0.00769	0.01176	0.00192	0.42260	0.00417	0.00257	0.00631
3	0.01032	0.00516	0.00516	0.00516	0.00645	0.00516	0.00387	0.01290	0.01161	0.02065	0.01807	0.02065	0.01420	0.00645	0.00387	0.00129	0.00258	0.00516	0.83611	0.00516
4	0.02069	0.02640	0.01569	0.01427	0.01712	0.78313	0.01070	0.02212	0.01569	0.01355	0.00856	0.00999	0.00713	0.00571	0.00499	0.00143	0.00999	0.00357	0.00285	0.00642
5	0.01143	0.01545	0.28863	0.01288	0.06243	0.00931	0.03306	0.01560	0.02942	0.08947	0.18552	0.08864	0.03596	0.00822	0.00581	0.00175	0.00554	0.03061	0.00417	0.06612
6	0.00766	0.03275	0.00758	0.00768	0.00863	0.00570	0.00548	0.03650	0.01185	0.01549	0.06924	0.56594	0.14956	0.01563	0.00680	0.00212	0.00338	0.03803	0.00511	0.00486
7	0.05244	0.00952	0.01106	0.00844	0.01263	0.00786	0.00668	0.01443	0.03898	0.04247	0.01252	0.08815	0.01131	0.00579	0.00483	0.00111	0.02491	0.00469	0.00365	0.63852
8	0.01626	0.03015	0.01802	0.06368	0.31635	0.05780	0.05126	0.04381	0.01406	0.20317	0.06412	0.03579	0.01333	0.00622	0.00554	0.00165	0.00604	0.00558	0.00413	0.04305
9	0.01364	0.43508	0.26122	0.04635	0.07839	0.01779	0.01380	0.04756	0.01211	0.01580	0.00894	0.01058	0.00732	0.00503	0.00441	0.00145	0.00675	0.00364	0.00253	0.00763
10	0.01437	0.01206	0.11715	0.03030	0.06794	0.01033	0.04533	0.05385	0.06225	0.19792	0.04057	0.01879	0.01325	0.04377	0.19716	0.00366	0.05413	0.00566	0.00416	0.00735
11	0.03305	0.10580	0.12692	0.08221	0.29525	0.04182	0.01386	0.04867	0.06674	0.05004	0.05546	0.01497	0.01143	0.00573	0.00522	0.00162	0.00633	0.00488	0.00334	0.02665
12	0.01483	0.20159	0.22802	0.01281	0.05624	0.01358	0.02646	0.05788	0.06187	0.14746	0.03585	0.01617	0.04788	0.00693	0.02150	0.00174	0.00624	0.00491	0.00382	0.03420

[dist]
# distance from previous block
# <min> <max>
6	14

[block]
# block no. 11 follows, 43 sequences, length 7
# corresponding to MSA columns:
# 538-544
name=unknown_L
#
# <colnr> <probs for GDERKNQSTAVLIFYWHMCP>
#	G	D	E	R	K	N	Q	S	T	A	V	L	I	F	Y	W	H	M	C	P
0	0.03813	0.03218	0.11448	0.01890	0.11030	0.02951	0.27553	0.11711	0.01415	0.05426	0.01108	0.01348	0.00843	0.00556	0.00670	0.00174	0.07365	0.00519	0.00331	0.06632
1	0.00964	0.00769	0.00912	0.00784	0.01057	0.00683	0.03954	0.07786	0.01394	0.04458	0.06608	0.04105	0.47391	0.01130	0.00614	0.00173	0.00375	0.04484	0.00491	0.11868
2	0.01333	0.01107	0.01264	0.05258	0.11643	0.07760	0.00897	0.09975	0.09277	0.07620	0.09390	0.09405	0.13484	0.00871	0.00575	0.00169	0.00500	0.00737	0.00463	0.08273
