[name]
unknown

[dist]
# distance from previous block
# <min> <max>
0	76

[block]
# block no. 0 follows, 54 sequences, length 29
# corresponding to MSA columns:
# 77-105
name=unknown_A
#
# <colnr> <probs for GDERKNQSTAVLIFYWHMCP>
#	G	D	E	R	K	N	Q	S	T	A	V	L	I	F	Y	W	H	M	C	P
0	0.01572	0.11445	0.09608	0.01123	0.01431	0.51698	0.00945	0.04978	0.01270	0.05551	0.00917	0.05622	0.00788	0.00538	0.00428	0.00128	0.00723	0.00376	0.00273	0.00584
1	0.00736	0.00538	0.00670	0.00691	0.00787	0.00520	0.00492	0.09225	0.01123	0.01523	0.15280	0.56645	0.04392	0.01247	0.00570	0.00174	0.00294	0.01116	0.00449	0.03530
2	0.01135	0.01084	0.01789	0.09618	0.64119	0.01136	0.01366	0.01476	0.06071	0.01515	0.00933	0.01205	0.00774	0.00462	0.00530	0.00147	0.05254	0.00427	0.00246	0.00714
3	0.01725	0.00991	0.08182	0.00972	0.01341	0.00812	0.07538	0.09499	0.01334	0.49745	0.01650	0.06704	0.01170	0.00609	0.00479	0.00148	0.00454	0.00519	0.05398	0.00731
4	0.01024	0.02184	0.64791	0.01427	0.06031	0.01126	0.05783	0.05971	0.04381	0.01601	0.00916	0.01059	0.00658	0.00459	0.00457	0.00149	0.00671	0.00375	0.00230	0.00704
5	0.01036	0.00802	0.00888	0.00833	0.01037	0.00875	0.00631	0.03267	0.45883	0.06817	0.02333	0.22823	0.08977	0.00899	0.00518	0.00167	0.00340	0.00776	0.00472	0.00626
6	0.00867	0.05445	0.01111	0.10575	0.15378	0.00777	0.00874	0.02269	0.02610	0.01421	0.06946	0.11982	0.04184	0.02805	0.00597	0.00184	0.00447	0.30653	0.00363	0.00513
7	0.04757	0.10409	0.09874	0.07120	0.17116	0.01149	0.01038	0.13795	0.07693	0.20650	0.01199	0.01241	0.00863	0.00505	0.00444	0.00141	0.00506	0.00410	0.00368	0.00723
8	0.00580	0.00414	0.00553	0.00662	0.00692	0.00387	0.00447	0.00665	0.00908	0.01209	0.02596	0.80983	0.03107	0.01472	0.00603	0.00192	0.00278	0.03429	0.00438	0.00384
9	0.04462	0.04885	0.00862	0.00819	0.00973	0.00685	0.00699	0.06174	0.02203	0.02665	0.02349	0.08726	0.08768	0.01267	0.04752	0.00223	0.00456	0.48143	0.00413	0.00474
10	0.06713	0.36631	0.23765	0.01124	0.07074	0.01391	0.02502	0.01576	0.05055	0.08812	0.00908	0.00992	0.00704	0.00448	0.00383	0.00128	0.00541	0.00332	0.00260	0.00661
11	0.01070	0.01117	0.04970	0.22690	0.33816	0.01111	0.18576	0.01464	0.06279	0.01473	0.00983	0.01315	0.00783	0.00458	0.00491	0.00152	0.00621	0.01727	0.00247	0.00658
12	0.00918	0.00866	0.01464	0.74415	0.10915	0.01055	0.01323	0.01229	0.00956	0.01238	0.00843	0.01248	0.00640	0.00466	0.00471	0.00155	0.00622	0.00419	0.00212	0.00546
13	0.04226	0.03993	0.13875	0.01229	0.11130	0.01084	0.00998	0.20013	0.09289	0.26092	0.02518	0.01334	0.00978	0.00539	0.00459	0.00145	0.00492	0.00433	0.00421	0.00752
14	0.07566	0.02604	0.06293	0.00987	0.05751	0.04556	0.00788	0.08687	0.01286	0.44163	0.02698	0.07099	0.01181	0.02243	0.00522	0.01459	0.00450	0.00500	0.00463	0.00703
15	0.00805	0.00541	0.00715	0.00776	0.01962	0.00519	0.00610	0.01015	0.03795	0.07414	0.09770	0.23717	0.11615	0.01213	0.00598	0.00190	0.00350	0.33479	0.00453	0.00461
16	0.00946	0.02439	0.80987	0.01344	0.02041	0.01095	0.01742	0.01493	0.00995	0.01493	0.00846	0.00995	0.00597	0.00448	0.00448	0.00149	0.00697	0.00348	0.00199	0.00697
17	0.01560	0.05282	0.07661	0.06273	0.05525	0.02711	0.05329	0.03087	0.10190	0.38847	0.01617	0.05887	0.02671	0.00601	0.00475	0.00149	0.00474	0.00510	0.00440	0.00711
18	0.00968	0.04919	0.72744	0.01374	0.02046	0.01127	0.07389	0.01492	0.01003	0.01482	0.00848	0.01008	0.00606	0.00443	0.00451	0.00149	0.00698	0.00361	0.00202	0.00689
19	0.00719	0.00527	0.00704	0.00788	0.00903	0.00512	0.00673	0.00919	0.01094	0.01411	0.07042	0.06602	0.15035	0.01271	0.00630	0.00204	0.00389	0.59710	0.00439	0.00428
20	0.01659	0.20102	0.04347	0.01047	0.02378	0.32379	0.00868	0.07809	0.05336	0.18176	0.01050	0.01066	0.00784	0.00500	0.00416	0.00127	0.00618	0.00352	0.00334	0.00652
21	0.04073	0.04508	0.10399	0.00939	0.01299	0.00878	0.04994	0.10193	0.03805	0.36989	0.08789	0.05870	0.03849	0.00645	0.00479	0.00148	0.00444	0.00540	0.00463	0.00696
22	0.00603	0.00514	0.00600	0.10140	0.00951	0.00475	0.00481	0.00746	0.01055	0.01285	0.07289	0.10979	0.60977	0.01124	0.00551	0.00161	0.00287	0.00951	0.00414	0.00414
23	0.00916	0.00674	0.00737	0.00665	0.00872	0.00648	0.00530	0.16811	0.01337	0.05758	0.07509	0.03716	0.48326	0.01033	0.00545	0.00160	0.00323	0.08475	0.00456	0.00507
24	0.05810	0.08472	0.23438	0.01170	0.01639	0.01061	0.13906	0.04744	0.05469	0.27784	0.01243	0.01257	0.00855	0.00495	0.00457	0.00146	0.00557	0.00424	0.00363	0.00711
25	0.01026	0.00888	0.01443	0.68397	0.02958	0.01071	0.03784	0.06828	0.01056	0.05364	0.00911	0.01262	0.00671	0.00487	0.00492	0.00156	0.01968	0.00427	0.00248	0.00561
26	0.00574	0.00410	0.00547	0.00657	0.00684	0.00383	0.00438	0.00657	0.00903	0.01204	0.02599	0.83122	0.03119	0.01477	0.00602	0.00191	0.00274	0.01340	0.00438	0.00383
27	0.01228	0.06364	0.05388	0.00869	0.01139	0.08520	0.03450	0.16824	0.16736	0.01907	0.01415	0.01490	0.02798	0.00559	0.00414	0.00131	0.00432	0.00442	0.29282	0.00612
28	0.07550	0.01138	0.06703	0.05893	0.01751	0.05070	0.26991	0.01704	0.05384	0.22161	0.06849	0.01458	0.01105	0.00512	0.00486	0.00148	0.00569	0.00489	0.00362	0.03675

[dist]
# distance from previous block
# <min> <max>
0	1

[block]
# block no. 1 follows, 54 sequences, length 10
# corresponding to MSA columns:
# 107-116
name=unknown_B
#
# <colnr> <probs for GDERKNQSTAVLIFYWHMCP>
#	G	D	E	R	K	N	Q	S	T	A	V	L	I	F	Y	W	H	M	C	P
0	0.70771	0.04215	0.00815	0.00663	0.00958	0.03268	0.00548	0.01467	0.00889	0.09069	0.03243	0.00929	0.00698	0.00467	0.00320	0.00144	0.00383	0.00295	0.00320	0.00539
1	0.64576	0.00876	0.00838	0.00732	0.01020	0.00969	0.04124	0.01443	0.00905	0.10289	0.00997	0.01374	0.00829	0.00545	0.00362	0.00154	0.00396	0.08694	0.00336	0.00539
2	0.01034	0.00795	0.00947	0.00701	0.01080	0.00612	0.00557	0.01237	0.01030	0.07994	0.06567	0.04166	0.01087	0.00452	0.00383	0.00086	0.00342	0.00374	0.00327	0.70228
3	0.86760	0.00912	0.00693	0.00620	0.00912	0.01058	0.00511	0.01386	0.00802	0.02115	0.00657	0.00766	0.00511	0.00438	0.00292	0.00146	0.00365	0.00255	0.00292	0.00511
4	0.00626	0.00471	0.00593	0.00651	0.00743	0.00427	0.00478	0.00753	0.01000	0.01314	0.08312	0.45435	0.18782	0.01301	0.00585	0.00180	0.00292	0.12954	0.00435	0.04671
5	0.07488	0.08114	0.01418	0.06652	0.03877	0.01298	0.03581	0.37467	0.13696	0.06171	0.01188	0.01241	0.00881	0.00669	0.04020	0.00170	0.00530	0.00425	0.00400	0.00713
6	0.72741	0.07445	0.00894	0.07546	0.01133	0.01121	0.00602	0.01373	0.00827	0.01959	0.00672	0.00807	0.00528	0.00438	0.00308	0.00143	0.00398	0.00269	0.00278	0.00519
7	0.14672	0.03580	0.01227	0.01008	0.01315	0.36716	0.00793	0.16927	0.01390	0.09602	0.00917	0.00976	0.00694	0.00490	0.00409	0.00127	0.00616	0.00334	0.00331	0.07876
8	0.00574	0.00410	0.00547	0.00657	0.00684	0.00383	0.00438	0.00657	0.00903	0.01204	0.02599	0.83122	0.03119	0.01477	0.00602	0.00191	0.00274	0.01340	0.00438	0.00383
9	0.00625	0.00460	0.00585	0.00597	0.00689	0.00420	0.00431	0.00791	0.01169	0.01601	0.46717	0.27879	0.13989	0.01150	0.00570	0.00163	0.00240	0.01020	0.00484	0.00420

[dist]
# distance from previous block
# <min> <max>
0	1

[block]
# block no. 2 follows, 54 sequences, length 21
# corresponding to MSA columns:
# 118-120,127-144
name=unknown_C
#
# <colnr> <probs for GDERKNQSTAVLIFYWHMCP>
#	G	D	E	R	K	N	Q	S	T	A	V	L	I	F	Y	W	H	M	C	P
0	0.05283	0.01046	0.01268	0.07608	0.09882	0.02611	0.00864	0.31054	0.01525	0.20175	0.01247	0.01415	0.00932	0.05588	0.00576	0.00159	0.00489	0.01766	0.00415	0.06097
1	0.00976	0.04880	0.68986	0.01405	0.02066	0.01131	0.11076	0.01493	0.01009	0.01483	0.00853	0.01021	0.00612	0.00440	0.00457	0.00149	0.00703	0.00371	0.00204	0.00687
2	0.86760	0.00912	0.00693	0.00620	0.00912	0.01058	0.00511	0.01386	0.00802	0.02115	0.00657	0.00766	0.00511	0.00438	0.00292	0.00146	0.00365	0.00255	0.00292	0.00511
3	0.00685	0.00461	0.00534	0.00534	0.00541	0.00468	0.00310	0.00698	0.00691	0.00929	0.01468	0.02987	0.01671	0.77029	0.08742	0.00481	0.00522	0.00671	0.00283	0.00297
4	0.00978	0.00838	0.00978	0.00698	0.01117	0.00629	0.00559	0.01187	0.00978	0.01536	0.00838	0.00978	0.00698	0.00349	0.00349	0.00070	0.00349	0.00279	0.00279	0.86312
5	0.00847	0.00761	0.01218	0.65408	0.02702	0.00917	0.01111	0.01130	0.00963	0.01258	0.01391	0.01711	0.10734	0.00569	0.00471	0.00154	0.00547	0.00493	0.07115	0.00501
6	0.01698	0.03924	0.06679	0.00962	0.01344	0.01018	0.02388	0.22669	0.07864	0.35354	0.02578	0.01384	0.01027	0.00555	0.00474	0.00140	0.01597	0.00441	0.00469	0.07435
7	0.12056	0.73258	0.02246	0.00783	0.01172	0.01764	0.00769	0.01409	0.00938	0.01236	0.00656	0.00758	0.00593	0.00408	0.00301	0.00107	0.00487	0.00253	0.00213	0.00593
8	0.00591	0.00473	0.00496	0.00496	0.00641	0.00406	0.00370	0.00728	0.01094	0.01375	0.13510	0.07353	0.63198	0.01137	0.00545	0.00156	0.00237	0.00957	0.05832	0.00406
9	0.01279	0.80738	0.02429	0.00822	0.01219	0.04775	0.00811	0.01429	0.00972	0.01111	0.00658	0.00760	0.00605	0.00406	0.00307	0.00102	0.00517	0.00254	0.00203	0.00603
10	0.00587	0.00470	0.00525	0.00529	0.00660	0.00408	0.00390	0.00728	0.01119	0.01421	0.23598	0.14203	0.51358	0.01172	0.00563	0.00161	0.00239	0.01003	0.00458	0.00408
11	0.01089	0.00791	0.00994	0.00778	0.01089	0.00702	0.00627	0.01280	0.00992	0.12585	0.03775	0.01369	0.00992	0.00873	0.10750	0.00187	0.08344	0.02144	0.00323	0.50315
12	0.01583	0.00891	0.01204	0.00995	0.03005	0.03886	0.08317	0.04318	0.10904	0.41269	0.10523	0.04613	0.02754	0.00666	0.00501	0.00152	0.00435	0.02791	0.00494	0.00698
13	0.00764	0.00507	0.00641	0.00593	0.00733	0.00457	0.00450	0.00966	0.01291	0.08107	0.60973	0.03543	0.17239	0.00973	0.00550	0.00150	0.00240	0.00847	0.00510	0.00465
14	0.00858	0.00796	0.01324	0.73961	0.02985	0.00980	0.01218	0.01149	0.00943	0.01206	0.01074	0.07575	0.02883	0.00567	0.00484	0.00160	0.00591	0.00504	0.00233	0.00510
15	0.07189	0.00860	0.01084	0.05168	0.01281	0.00836	0.00720	0.14031	0.02822	0.49506	0.07916	0.03827	0.01360	0.00621	0.00472	0.00147	0.00411	0.00504	0.00517	0.00728
16	0.01164	0.50377	0.19805	0.01146	0.01628	0.01570	0.15627	0.01448	0.00995	0.01269	0.00753	0.00906	0.00624	0.00412	0.00382	0.00122	0.00601	0.00330	0.00208	0.00631
17	0.00890	0.00838	0.01414	0.82296	0.03247	0.01048	0.01309	0.01205	0.00943	0.01205	0.00838	0.01257	0.00629	0.00471	0.00471	0.00157	0.00629	0.00419	0.00210	0.00524
18	0.13040	0.01102	0.01423	0.25808	0.03766	0.11374	0.10116	0.01357	0.00962	0.03555	0.00860	0.03116	0.00713	0.00562	0.00673	0.00160	0.17623	0.00421	0.02824	0.00543
19	0.00998	0.00895	0.01425	0.65153	0.11729	0.03206	0.01258	0.01295	0.00987	0.04717	0.00906	0.01266	0.00682	0.00473	0.00465	0.00152	0.00605	0.00419	0.02809	0.00559
20	0.00599	0.00435	0.00582	0.00653	0.00705	0.00418	0.00454	0.00714	0.00953	0.01290	0.13545	0.58147	0.06416	0.01652	0.10816	0.00255	0.00390	0.01151	0.00426	0.00397

[dist]
# distance from previous block
# <min> <max>
0	27

[block]
# block no. 3 follows, 54 sequences, length 28
# corresponding to MSA columns:
# 172-199
name=unknown_D
#
# <colnr> <probs for GDERKNQSTAVLIFYWHMCP>
#	G	D	E	R	K	N	Q	S	T	A	V	L	I	F	Y	W	H	M	C	P
0	0.03385	0.00947	0.01021	0.00833	0.01139	0.08854	0.00668	0.09933	0.04600	0.43217	0.02176	0.03497	0.15334	0.00695	0.00482	0.00146	0.00425	0.00558	0.00495	0.01596
1	0.02766	0.03058	0.33173	0.00956	0.01345	0.00837	0.03076	0.01386	0.07427	0.04840	0.22424	0.01864	0.01810	0.00619	0.00461	0.00143	0.00457	0.00518	0.12245	0.00594
2	0.00579	0.00412	0.00546	0.00651	0.00677	0.00386	0.00432	0.00658	0.00894	0.01192	0.02554	0.79895	0.03062	0.04782	0.00674	0.00202	0.00281	0.01314	0.00432	0.00379
3	0.01003	0.00941	0.01495	0.48469	0.16898	0.01097	0.04177	0.01493	0.15122	0.01414	0.01041	0.01327	0.00799	0.00497	0.00497	0.00156	0.02256	0.00445	0.00264	0.00609
4	0.01663	0.02002	0.01290	0.01161	0.01401	0.66760	0.00880	0.08784	0.01363	0.01314	0.00815	0.00969	0.00678	0.00776	0.07949	0.00182	0.00858	0.00333	0.00265	0.00558
5	0.01245	0.75354	0.07029	0.00857	0.01264	0.03174	0.00869	0.01417	0.00960	0.01133	0.00667	0.00779	0.00605	0.00419	0.00346	0.00107	0.02702	0.00263	0.00202	0.00607
6	0.00961	0.00935	0.01373	0.03430	0.01275	0.01253	0.04785	0.01094	0.00758	0.01150	0.00800	0.03402	0.00783	0.01254	0.14501	0.00292	0.60768	0.00460	0.00222	0.00503
7	0.03237	0.01065	0.01592	0.06794	0.47689	0.02567	0.02012	0.07388	0.10307	0.04839	0.06872	0.01414	0.01104	0.00507	0.00472	0.00144	0.00512	0.00463	0.00315	0.00708
8	0.01231	0.28850	0.28502	0.06975	0.01631	0.01298	0.01131	0.08665	0.01139	0.10110	0.02198	0.01202	0.04152	0.00500	0.00413	0.00133	0.00553	0.00377	0.00283	0.00659
9	0.00603	0.00475	0.00547	0.00570	0.00686	0.00426	0.00416	0.00763	0.03066	0.01386	0.17567	0.26125	0.41259	0.01220	0.00570	0.00168	0.00254	0.03033	0.00453	0.00412
10	0.01227	0.01097	0.01089	0.00980	0.01243	0.07051	0.00766	0.05913	0.66916	0.01934	0.01821	0.01818	0.01404	0.00654	0.00483	0.00159	0.00418	0.03847	0.00460	0.00721
11	0.01159	0.27814	0.25640	0.07960	0.14250	0.06825	0.01232	0.01465	0.01029	0.03666	0.00885	0.01164	0.00736	0.00475	0.00415	0.00134	0.00599	0.03680	0.00231	0.00643
12	0.01130	0.01247	0.10866	0.11849	0.49856	0.01106	0.11782	0.01457	0.01063	0.03787	0.00914	0.01185	0.00724	0.00431	0.00477	0.00146	0.00610	0.00432	0.00238	0.00702
13	0.00580	0.00465	0.00520	0.00547	0.00668	0.00405	0.00402	0.00704	0.01058	0.01320	0.11155	0.23319	0.51578	0.01245	0.00572	0.00168	0.00254	0.04196	0.00445	0.00400
14	0.03493	0.19114	0.31638	0.01177	0.01661	0.14967	0.06880	0.05416	0.01143	0.09010	0.00900	0.01000	0.00671	0.00460	0.00421	0.00134	0.00644	0.00349	0.00262	0.00658
15	0.01061	0.01253	0.17042	0.10034	0.24387	0.01009	0.14127	0.01387	0.01072	0.06229	0.09366	0.04733	0.01206	0.00556	0.00544	0.00153	0.04404	0.00514	0.00283	0.00642
16	0.01364	0.01579	0.01265	0.10449	0.10843	0.45112	0.00930	0.02631	0.03276	0.01261	0.01133	0.15759	0.01103	0.00660	0.00469	0.00142	0.00670	0.00525	0.00283	0.00547
17	0.00593	0.00456	0.00548	0.00613	0.00705	0.00411	0.00449	0.00708	0.00997	0.01260	0.03466	0.40724	0.34301	0.01339	0.00591	0.00182	0.00281	0.11543	0.00437	0.00396
18	0.05406	0.01171	0.10637	0.01390	0.01746	0.01043	0.32612	0.01484	0.01039	0.14052	0.03370	0.02400	0.00932	0.00815	0.08164	0.00217	0.12106	0.00499	0.00299	0.00618
19	0.00879	0.04722	0.13925	0.00846	0.01123	0.00686	0.07292	0.01127	0.01150	0.08877	0.26352	0.09979	0.19417	0.00868	0.00524	0.00153	0.00385	0.00758	0.00410	0.00527
20	0.00740	0.00478	0.00661	0.06660	0.00920	0.00460	0.00525	0.00849	0.00947	0.08582	0.02401	0.69564	0.02755	0.01321	0.00580	0.00185	0.00311	0.01193	0.00434	0.00432
21	0.00980	0.00942	0.01308	0.01144	0.01152	0.01287	0.00943	0.01082	0.00745	0.01135	0.00837	0.01536	0.00874	0.08516	0.01561	0.00230	0.68934	0.06077	0.00230	0.00488
22	0.01789	0.01163	0.05192	0.00997	0.01368	0.01143	0.00849	0.46630	0.01812	0.27548	0.01426	0.05586	0.01030	0.00614	0.00478	0.00146	0.00477	0.00485	0.00492	0.00775
23	0.08574	0.00895	0.06871	0.04131	0.01250	0.00764	0.03797	0.04038	0.05112	0.34568	0.08939	0.07038	0.08776	0.00694	0.00481	0.00150	0.00406	0.00582	0.00459	0.02476
24	0.11658	0.00920	0.01320	0.26203	0.19629	0.00997	0.01039	0.08870	0.01167	0.14042	0.05007	0.01518	0.01026	0.00545	0.00461	0.00151	0.00506	0.03972	0.00334	0.00635
25	0.04348	0.00677	0.00902	0.14328	0.03482	0.00690	0.00684	0.07837	0.01098	0.09707	0.06920	0.35043	0.02007	0.03327	0.00571	0.00170	0.00386	0.00823	0.00396	0.06603
26	0.07482	0.04455	0.05128	0.08434	0.01380	0.04219	0.00802	0.08350	0.19495	0.19707	0.03736	0.04896	0.01222	0.00672	0.00530	0.04398	0.00451	0.02558	0.00411	0.01672
27	0.08953	0.00949	0.01244	0.18586	0.04296	0.01866	0.04842	0.15821	0.01251	0.13648	0.01245	0.03592	0.03970	0.00542	0.00467	0.00138	0.02163	0.00445	0.01411	0.14569

[dist]
# distance from previous block
# <min> <max>
20	63

[block]
# block no. 4 follows, 54 sequences, length 35
# corresponding to MSA columns:
# 269-303
name=unknown_E
#
# <colnr> <probs for GDERKNQSTAVLIFYWHMCP>
#	G	D	E	R	K	N	Q	S	T	A	V	L	I	F	Y	W	H	M	C	P
0	0.10007	0.00767	0.00873	0.03038	0.01045	0.00768	0.00594	0.06778	0.14498	0.10584	0.17412	0.09350	0.05343	0.03408	0.00531	0.00152	0.00347	0.00611	0.00429	0.13466
1	0.10017	0.00950	0.01163	0.15625	0.04045	0.01038	0.00846	0.26430	0.01366	0.07903	0.01224	0.09162	0.01045	0.00729	0.03138	0.00168	0.03406	0.02657	0.01431	0.07658
2	0.00741	0.00640	0.00964	0.26149	0.01598	0.00678	0.05020	0.00991	0.03616	0.01405	0.18512	0.17568	0.17399	0.00913	0.00537	0.00163	0.00401	0.01861	0.00374	0.00469
3	0.01104	0.00834	0.00991	0.00714	0.01127	0.00636	0.00574	0.01311	0.01019	0.10353	0.00952	0.01047	0.00751	0.00375	0.00363	0.00078	0.00355	0.00301	0.00313	0.76802
4	0.00686	0.00457	0.00514	0.00514	0.00514	0.00457	0.00286	0.00686	0.00686	0.00914	0.01486	0.03086	0.01714	0.83430	0.02400	0.00457	0.00457	0.00686	0.00286	0.00286
5	0.01973	0.00764	0.01032	0.00806	0.01142	0.00665	0.00660	0.02155	0.01316	0.72504	0.03424	0.03951	0.01290	0.00614	0.00471	0.00145	0.00384	0.00504	0.05435	0.00763
6	0.00654	0.00482	0.00628	0.00662	0.00761	0.00456	0.00512	0.00828	0.01117	0.01501	0.30479	0.20409	0.14912	0.01323	0.04994	0.00208	0.00342	0.18856	0.00456	0.00421
7	0.00636	0.00478	0.00574	0.00551	0.00667	0.00432	0.00404	0.00807	0.01198	0.01616	0.50329	0.03789	0.27117	0.08480	0.00723	0.00179	0.00249	0.00881	0.00473	0.00416
8	0.01261	0.83713	0.02471	0.00807	0.01210	0.01866	0.00807	0.01412	0.00958	0.01109	0.00656	0.00756	0.00605	0.00403	0.00303	0.00101	0.00504	0.00252	0.00202	0.00605
9	0.01002	0.08846	0.68753	0.01328	0.01983	0.01155	0.06025	0.01503	0.01006	0.02958	0.00856	0.01004	0.00615	0.00444	0.00443	0.00146	0.00681	0.00355	0.00209	0.00688
10	0.00599	0.00477	0.00537	0.00527	0.00664	0.00415	0.00393	0.00755	0.01164	0.01499	0.32631	0.07262	0.49169	0.01120	0.00559	0.00156	0.00234	0.00956	0.00468	0.00415
11	0.01637	0.01075	0.01143	0.00949	0.01262	0.07466	0.00758	0.14808	0.31444	0.29545	0.03686	0.01576	0.01251	0.00604	0.00474	0.00149	0.00441	0.00485	0.00497	0.00751
12	0.08207	0.39426	0.23818	0.00981	0.01458	0.01412	0.03603	0.04195	0.01020	0.04007	0.00789	0.00899	0.00632	0.00426	0.00366	0.00120	0.00540	0.00305	0.00238	0.07560
13	0.47867	0.08090	0.02092	0.00739	0.01069	0.01052	0.00629	0.07470	0.01079	0.23009	0.02329	0.01064	0.00782	0.00492	0.00361	0.00142	0.00400	0.00337	0.00378	0.00620
14	0.01792	0.01321	0.01415	0.01085	0.01462	0.01462	0.00896	0.78916	0.02217	0.02972	0.01132	0.01132	0.00802	0.00566	0.00472	0.00142	0.00519	0.00425	0.00472	0.00802
15	0.00978	0.00838	0.00978	0.00698	0.01117	0.00629	0.00559	0.01187	0.00978	0.01536	0.00838	0.00978	0.00698	0.00349	0.00349	0.00070	0.00349	0.00279	0.00279	0.86312
16	0.09122	0.00828	0.01066	0.00829	0.01185	0.00754	0.00684	0.03726	0.03860	0.70188	0.01748	0.01531	0.01114	0.00573	0.00459	0.00146	0.00400	0.00457	0.00554	0.00776
17	0.03483	0.07914	0.10348	0.00890	0.01279	0.00894	0.00817	0.08569	0.01328	0.51826	0.04069	0.01474	0.01118	0.00560	0.00451	0.00141	0.00441	0.00444	0.03209	0.00745
18	0.01073	0.04046	0.37675	0.03021	0.01509	0.00878	0.01138	0.04338	0.01148	0.13404	0.13043	0.04865	0.06350	0.00677	0.00488	0.00153	0.00511	0.04704	0.00350	0.00629
19	0.03145	0.62061	0.02103	0.00811	0.01203	0.01567	0.00773	0.01625	0.01050	0.20382	0.00947	0.00961	0.00739	0.00448	0.00344	0.00113	0.00477	0.00306	0.00296	0.00651
20	0.86760	0.00912	0.00693	0.00620	0.00912	0.01058	0.00511	0.01386	0.00802	0.02115	0.00657	0.00766	0.00511	0.00438	0.00292	0.00146	0.00365	0.00255	0.00292	0.00511
21	0.00584	0.00426	0.00550	0.00644	0.00691	0.00395	0.00443	0.00677	0.00930	0.01219	0.02842	0.68029	0.12499	0.02729	0.00628	0.00193	0.00281	0.05420	0.00435	0.00386
22	0.01040	0.01134	0.02373	0.13443	0.04486	0.01103	0.58784	0.01401	0.01082	0.01460	0.02989	0.05327	0.00940	0.00488	0.00545	0.00160	0.00720	0.01667	0.00253	0.00603
23	0.00597	0.00433	0.00564	0.00629	0.00686	0.00400	0.00435	0.00717	0.01024	0.01384	0.22587	0.57947	0.08192	0.01329	0.00587	0.00178	0.00258	0.01195	0.00458	0.00400
24	0.81741	0.00900	0.00704	0.00629	0.00911	0.01040	0.00514	0.02842	0.00822	0.02081	0.00672	0.00799	0.00528	0.00487	0.00356	0.03544	0.00369	0.00265	0.00292	0.00504
25	0.01331	0.76911	0.02358	0.00809	0.01210	0.01769	0.00797	0.01485	0.00990	0.07648	0.00754	0.00826	0.00651	0.00418	0.00317	0.00105	0.00496	0.00270	0.00233	0.00621
26	0.01003	0.01264	0.13283	0.08560	0.02150	0.01027	0.45037	0.01372	0.01074	0.01490	0.05344	0.04560	0.01049	0.00508	0.00522	0.00153	0.00668	0.03038	0.00263	0.07637
27	0.00697	0.00538	0.00616	0.00604	0.00742	0.00499	0.00453	0.07156	0.01202	0.01560	0.23028	0.18674	0.37507	0.01141	0.00562	0.00163	0.00271	0.03684	0.00461	0.00441
28	0.00700	0.00460	0.00565	0.00568	0.00666	0.00433	0.00419	0.00892	0.01158	0.01700	0.42376	0.17163	0.06671	0.00971	0.00511	0.00149	0.00236	0.02564	0.21367	0.00430
29	0.01215	0.01010	0.01585	0.09575	0.49692	0.01038	0.01205	0.09563	0.01191	0.06175	0.01104	0.01471	0.00910	0.00508	0.00467	0.00144	0.00518	0.04607	0.07327	0.00693
30	0.00683	0.00461	0.00530	0.00525	0.00541	0.00455	0.00308	0.00714	0.00776	0.01050	0.12421	0.03146	0.02094	0.71978	0.02144	0.00414	0.00425	0.00709	0.00318	0.00308
31	0.72428	0.00942	0.00905	0.00756	0.01069	0.01052	0.06951	0.02928	0.00892	0.07377	0.00771	0.00871	0.00577	0.00447	0.00329	0.00147	0.00405	0.00298	0.00310	0.00546
32	0.14392	0.10157	0.01305	0.00992	0.01279	0.33493	0.00791	0.18484	0.04833	0.01786	0.07373	0.01148	0.00986	0.00533	0.00416	0.00131	0.00596	0.00372	0.00329	0.00603
33	0.07727	0.00515	0.00632	0.00598	0.00721	0.00493	0.00450	0.00922	0.01275	0.01883	0.70772	0.06309	0.04075	0.00940	0.00536	0.00150	0.00236	0.00822	0.00497	0.00448
34	0.02142	0.04533	0.47109	0.05869	0.03752	0.01055	0.05937	0.04035	0.03887	0.11069	0.05331	0.01262	0.00923	0.00499	0.00460	0.00148	0.00607	0.00414	0.00286	0.00683

[dist]
# distance from previous block
# <min> <max>
2	11

[block]
# block no. 5 follows, 54 sequences, length 52
# corresponding to MSA columns:
# 315-366
name=unknown_F
#
# <colnr> <probs for GDERKNQSTAVLIFYWHMCP>
#	G	D	E	R	K	N	Q	S	T	A	V	L	I	F	Y	W	H	M	C	P
0	0.06080	0.42715	0.12599	0.00915	0.01330	0.03801	0.03140	0.01590	0.05234	0.12215	0.01053	0.01096	0.03111	0.00473	0.00375	0.00122	0.00508	0.00344	0.00285	0.03013
1	0.06360	0.13960	0.02613	0.08816	0.01602	0.37725	0.05278	0.08627	0.01259	0.05526	0.00833	0.00965	0.00658	0.00479	0.00435	0.00129	0.01990	0.00340	0.00274	0.02132
2	0.00643	0.00514	0.02817	0.00674	0.00751	0.00461	0.00487	0.00836	0.05866	0.01350	0.09999	0.62550	0.05187	0.01301	0.00573	0.00180	0.00283	0.01169	0.03935	0.00423
3	0.00687	0.00563	0.00923	0.00874	0.00987	0.00524	0.13312	0.00826	0.00954	0.02367	0.02408	0.63844	0.05934	0.01272	0.00592	0.00185	0.00362	0.02548	0.00407	0.00432
4	0.01170	0.01299	0.11810	0.05854	0.02064	0.01096	0.40428	0.06715	0.07352	0.06024	0.01059	0.01251	0.00782	0.00443	0.00498	0.00146	0.00649	0.00476	0.00290	0.10593
5	0.03413	0.05063	0.01470	0.61774	0.08921	0.01095	0.01222	0.04861	0.01029	0.05463	0.00894	0.01223	0.00669	0.00473	0.00458	0.00151	0.00593	0.00409	0.00245	0.00572
6	0.00668	0.00442	0.00589	0.00655	0.00714	0.00409	0.00452	0.00779	0.00999	0.05337	0.15841	0.65395	0.03248	0.01344	0.00588	0.00182	0.00271	0.01213	0.00459	0.00415
7	0.01845	0.00813	0.01063	0.00843	0.01167	0.00747	0.00694	0.10959	0.01434	0.58793	0.10252	0.01967	0.01566	0.00663	0.00493	0.00150	0.00397	0.04858	0.00555	0.00743
8	0.03790	0.01070	0.01270	0.05089	0.01432	0.01129	0.02478	0.41315	0.05326	0.25450	0.01430	0.05741	0.01046	0.00612	0.00477	0.00148	0.00472	0.00492	0.00480	0.00752
9	0.01066	0.01994	0.60971	0.01199	0.01782	0.00968	0.01462	0.01527	0.01072	0.11742	0.07520	0.01451	0.01069	0.00541	0.00468	0.00151	0.00610	0.03443	0.00284	0.00680
10	0.14138	0.00728	0.00885	0.00749	0.01013	0.00689	0.00590	0.01738	0.04427	0.44556	0.03324	0.15624	0.03752	0.04921	0.00570	0.00170	0.00368	0.00625	0.00491	0.00641
11	0.03208	0.01106	0.02191	0.05137	0.02088	0.01057	0.53983	0.05342	0.01152	0.06977	0.01352	0.07504	0.05459	0.00548	0.00540	0.00159	0.00666	0.00614	0.00300	0.00616
12	0.05800	0.03671	0.09847	0.05360	0.02528	0.02162	0.00910	0.28412	0.13245	0.14946	0.02944	0.04689	0.01095	0.00603	0.00465	0.00149	0.00482	0.01554	0.00423	0.00713
13	0.04043	0.01988	0.01345	0.04416	0.02936	0.63065	0.00929	0.09829	0.01368	0.01378	0.00772	0.00906	0.00629	0.00505	0.00475	0.00129	0.04123	0.00326	0.00265	0.00574
14	0.01046	0.01667	0.33506	0.03843	0.02187	0.01104	0.39176	0.01481	0.01063	0.03686	0.02153	0.02297	0.00807	0.00472	0.00524	0.00157	0.01745	0.02194	0.00242	0.00650
15	0.72139	0.06540	0.00879	0.00695	0.00989	0.09589	0.00572	0.01440	0.00869	0.01948	0.00664	0.00774	0.00527	0.00440	0.00307	0.00140	0.00425	0.00260	0.00281	0.00521
16	0.01093	0.01013	0.01447	0.25174	0.04168	0.06118	0.11202	0.09501	0.01110	0.01529	0.04929	0.01350	0.00924	0.00577	0.00681	0.00156	0.16972	0.00454	0.11042	0.00560
17	0.04555	0.00909	0.03418	0.00917	0.01299	0.00768	0.08083	0.01796	0.04044	0.38900	0.03433	0.01390	0.01035	0.00504	0.00456	0.00126	0.01631	0.00425	0.00429	0.25881
18	0.00644	0.00492	0.00593	0.00574	0.00699	0.00449	0.00428	0.00861	0.03575	0.01670	0.50937	0.08522	0.26716	0.01053	0.00557	0.00154	0.00235	0.00914	0.00489	0.00436
19	0.01344	0.01108	0.09446	0.05005	0.01408	0.00920	0.00825	0.19972	0.04222	0.14696	0.01167	0.03615	0.00884	0.00500	0.00427	0.00119	0.00447	0.00401	0.00375	0.33119
20	0.00801	0.00504	0.00666	0.00655	0.00773	0.00463	0.00494	0.00983	0.01206	0.09871	0.45168	0.22291	0.05490	0.01081	0.00567	0.00164	0.00272	0.07588	0.00497	0.00465
21	0.02502	0.00665	0.03012	0.03116	0.02468	0.00618	0.02884	0.02203	0.09698	0.04773	0.31898	0.09700	0.17262	0.00963	0.00588	0.03556	0.00321	0.02834	0.00444	0.00495
22	0.00652	0.00484	0.00583	0.00558	0.00684	0.00433	0.00416	0.00832	0.01225	0.02811	0.51017	0.04929	0.29229	0.03333	0.00607	0.00161	0.00238	0.00896	0.00486	0.00429
23	0.00716	0.00550	0.00688	0.00774	0.03005	0.01908	0.00572	0.03897	0.01073	0.01397	0.07916	0.37144	0.14437	0.01269	0.00594	0.00186	0.00338	0.22669	0.00434	0.00433
24	0.00890	0.00838	0.01414	0.82296	0.03247	0.01048	0.01309	0.01205	0.00943	0.01205	0.00838	0.01257	0.00629	0.00471	0.00471	0.00157	0.00629	0.00419	0.00210	0.00524
25	0.04491	0.01234	0.02350	0.13113	0.02385	0.05477	0.55987	0.01460	0.01065	0.01450	0.00894	0.01213	0.00684	0.00440	0.00587	0.00159	0.05670	0.00503	0.00235	0.00603
26	0.84203	0.00915	0.00704	0.00630	0.00921	0.01061	0.00518	0.01419	0.03158	0.02111	0.00694	0.00796	0.00538	0.00444	0.00297	0.00146	0.00365	0.00264	0.00297	0.00518
27	0.02689	0.03308	0.09039	0.00893	0.01235	0.00911	0.00793	0.18153	0.06426	0.31341	0.15081	0.01878	0.03832	0.00655	0.00483	0.00147	0.00421	0.01529	0.00483	0.00701
28	0.00968	0.04090	0.04375	0.06906	0.11555	0.00761	0.02799	0.04048	0.01080	0.05804	0.09930	0.17039	0.03205	0.03034	0.00535	0.00149	0.00414	0.03741	0.00350	0.19217
29	0.00692	0.00598	0.03917	0.00684	0.00829	0.00519	0.00559	0.00957	0.06207	0.01552	0.28890	0.13938	0.21336	0.01109	0.00572	0.00171	0.00304	0.16255	0.00457	0.00454
30	0.02419	0.08642	0.03650	0.04288	0.01414	0.50440	0.00880	0.01697	0.01237	0.07476	0.07466	0.01173	0.00984	0.00603	0.02208	0.00143	0.04059	0.00373	0.00286	0.00562
31	0.00616	0.00434	0.00566	0.00639	0.00694	0.00402	0.00440	0.00722	0.00980	0.02575	0.13275	0.62604	0.08682	0.02840	0.00624	0.00188	0.00272	0.02600	0.00448	0.00398
32	0.01371	0.04308	0.01292	0.01059	0.03509	0.03091	0.05766	0.18879	0.32188	0.11248	0.03207	0.03147	0.03155	0.00744	0.03790	0.00176	0.00486	0.01435	0.00440	0.00709
33	0.00643	0.00475	0.00603	0.00595	0.00703	0.00434	0.00444	0.00833	0.01233	0.01695	0.56365	0.13594	0.15352	0.01075	0.00566	0.00158	0.00240	0.04067	0.00494	0.00430
34	0.01158	0.01000	0.01052	0.00948	0.01212	0.01154	0.00737	0.02461	0.77717	0.01955	0.01989	0.01827	0.03366	0.00653	0.00482	0.00160	0.00370	0.00544	0.00479	0.00738
35	0.00978	0.00838	0.00978	0.00698	0.01117	0.00629	0.00559	0.01187	0.00978	0.01536	0.00838	0.00978	0.00698	0.00349	0.00349	0.00070	0.00349	0.00279	0.00279	0.86312
36	0.00898	0.00858	0.01492	0.73915	0.03114	0.01039	0.07087	0.01212	0.00954	0.01228	0.00898	0.03630	0.00707	0.00495	0.00482	0.00158	0.00631	0.00456	0.00218	0.00528
37	0.01180	0.00973	0.03573	0.19348	0.07331	0.00981	0.10144	0.07195	0.15618	0.11476	0.05466	0.01725	0.05404	0.00583	0.00488	0.00150	0.00501	0.01972	0.00366	0.05527
38	0.00819	0.00410	0.00614	0.00614	0.00614	0.00410	0.00410	0.00614	0.00614	0.00819	0.00819	0.01433	0.00819	0.01638	0.01843	0.86282	0.00410	0.00410	0.00205	0.00205
39	0.06711	0.01261	0.06108	0.05747	0.01857	0.02263	0.28345	0.20917	0.01275	0.01815	0.00894	0.01132	0.00691	0.00542	0.00718	0.00163	0.18179	0.00452	0.00290	0.00640
40	0.84202	0.03390	0.00746	0.00626	0.00921	0.01082	0.00519	0.01387	0.00807	0.02085	0.00656	0.00766	0.00513	0.00437	0.00292	0.00145	0.00369	0.00255	0.00289	0.00513
41	0.00927	0.00858	0.01414	0.78982	0.03175	0.01064	0.01293	0.04376	0.00995	0.01277	0.00850	0.01252	0.00636	0.00475	0.00471	0.00156	0.00624	0.00419	0.00220	0.00535
42	0.82647	0.00932	0.00728	0.00643	0.00938	0.01077	0.00529	0.05139	0.00871	0.02157	0.00680	0.00784	0.00525	0.00444	0.00300	0.00146	0.00372	0.00264	0.00300	0.00525
43	0.00579	0.00415	0.00550	0.00650	0.00684	0.00387	0.00437	0.00669	0.00929	0.01242	0.06786	0.77536	0.04497	0.01445	0.00599	0.00189	0.00270	0.01308	0.00442	0.00387
44	0.00589	0.00426	0.00560	0.00657	0.00700	0.00397	0.00453	0.00689	0.00945	0.01255	0.06626	0.70206	0.07287	0.01426	0.00600	0.00189	0.00279	0.05886	0.00442	0.00390
45	0.82159	0.00888	0.00683	0.00614	0.00891	0.01026	0.00499	0.01349	0.00796	0.02051	0.00701	0.00890	0.00575	0.04874	0.00404	0.00163	0.00370	0.00278	0.00291	0.00499
46	0.00953	0.00499	0.00540	0.00538	0.02227	0.00495	0.00395	0.03155	0.01040	0.05968	0.01688	0.01864	0.05175	0.00664	0.02594	0.00134	0.00274	0.00470	0.70855	0.00472
47	0.01110	0.01089	0.01388	0.02809	0.01285	0.05741	0.00979	0.06758	0.00898	0.01311	0.02873	0.01099	0.00741	0.00759	0.01296	0.00187	0.63900	0.00413	0.00240	0.05123
48	0.00689	0.00480	0.00566	0.00589	0.00628	0.00471	0.00384	0.02734	0.00846	0.01117	0.03701	0.19752	0.07509	0.49708	0.01659	0.00346	0.00399	0.07728	0.00350	0.00343
49	0.00944	0.00929	0.01677	0.51051	0.05799	0.01037	0.18610	0.01256	0.00978	0.01300	0.00922	0.03510	0.00739	0.00559	0.02605	0.00170	0.02079	0.00470	0.00228	0.05137
50	0.00864	0.00654	0.00742	0.00653	0.00885	0.00577	0.00510	0.06711	0.03371	0.05745	0.04349	0.11089	0.35125	0.00934	0.00507	0.00143	0.00314	0.05918	0.00414	0.20494
51	0.05218	0.00508	0.02227	0.03901	0.00845	0.00476	0.00523	0.00767	0.00928	0.01300	0.06173	0.63836	0.02825	0.01380	0.02672	0.00201	0.00332	0.05066	0.00415	0.00408

[dist]
# distance from previous block
# <min> <max>
0	33

# created by:
# /st0/software/busco_prod/Augustus/scripts/msa2prfl.pl ./align_prep/220981.fa
