[name]
unknown

[dist]
# distance from previous block
# <min> <max>
0	241

[block]
# block no. 0 follows, 50 sequences, length 10
# corresponding to MSA columns:
# 319-328
name=unknown_A
#
# <colnr> <probs for GDERKNQSTAVLIFYWHMCP>
#	G	D	E	R	K	N	Q	S	T	A	V	L	I	F	Y	W	H	M	C	P
0	0.00664	0.00594	0.05782	0.00749	0.00834	0.00478	0.00573	0.00796	0.00981	0.01320	0.05621	0.60847	0.03032	0.07287	0.00766	0.00220	0.00346	0.08247	0.00438	0.00427
1	0.06047	0.03767	0.12816	0.29389	0.04511	0.01175	0.14691	0.06520	0.01149	0.08358	0.00997	0.01250	0.00734	0.00505	0.00540	0.00160	0.04081	0.00445	0.00285	0.02581
2	0.01241	0.07085	0.09915	0.23377	0.02030	0.04642	0.06359	0.10763	0.04544	0.08907	0.01395	0.07256	0.04638	0.00717	0.02440	0.00176	0.02999	0.00538	0.00336	0.00642
3	0.00770	0.00486	0.00638	0.00692	0.00774	0.00444	0.00483	0.00887	0.01065	0.08693	0.12062	0.60219	0.08111	0.01389	0.00615	0.00190	0.00293	0.01246	0.00488	0.00455
4	0.01237	0.00649	0.00858	0.05739	0.01103	0.00593	0.00624	0.01424	0.01266	0.29362	0.17494	0.11208	0.19035	0.00977	0.00564	0.00169	0.00355	0.06232	0.00519	0.00592
5	0.07100	0.03546	0.19148	0.06219	0.05034	0.02648	0.05177	0.18274	0.05016	0.21062	0.01261	0.01294	0.00877	0.00541	0.00481	0.00154	0.00573	0.00437	0.00398	0.00760
6	0.01086	0.05751	0.50287	0.06193	0.01885	0.03960	0.01437	0.01531	0.01144	0.07229	0.13373	0.01523	0.01324	0.00571	0.00487	0.00154	0.00626	0.00461	0.00296	0.00681
7	0.00832	0.00546	0.00681	0.08118	0.00887	0.00552	0.00452	0.00901	0.00871	0.06241	0.07284	0.05668	0.05416	0.57320	0.01924	0.00385	0.00462	0.00734	0.00345	0.00382
8	0.02613	0.08997	0.14729	0.15460	0.06083	0.02573	0.21069	0.07778	0.01205	0.07983	0.01086	0.04646	0.00857	0.00534	0.00525	0.00158	0.02239	0.00494	0.00295	0.00676
9	0.17265	0.01126	0.01179	0.00942	0.01293	0.04811	0.00767	0.29853	0.03334	0.24616	0.04502	0.03210	0.01115	0.00609	0.00465	0.00150	0.00472	0.00463	0.00482	0.03346

[dist]
# distance from previous block
# <min> <max>
3	6

[block]
# block no. 1 follows, 50 sequences, length 19
# corresponding to MSA columns:
# 335-340,347-349,358-367
name=unknown_B
#
# <colnr> <probs for GDERKNQSTAVLIFYWHMCP>
#	G	D	E	R	K	N	Q	S	T	A	V	L	I	F	Y	W	H	M	C	P
0	0.01065	0.00777	0.01144	0.17426	0.04152	0.00785	0.06813	0.06751	0.01256	0.11986	0.12582	0.10129	0.19315	0.00877	0.00556	0.00167	0.00445	0.02773	0.00424	0.00574
1	0.01417	0.40667	0.16677	0.01043	0.01508	0.01470	0.05502	0.05631	0.01190	0.14998	0.04739	0.01194	0.00953	0.00505	0.00418	0.00133	0.00557	0.00385	0.00316	0.00699
2	0.01012	0.00931	0.01523	0.72500	0.07288	0.01137	0.01366	0.05769	0.01083	0.01402	0.00907	0.01316	0.00682	0.00501	0.00498	0.00164	0.00654	0.00443	0.00239	0.00583
3	0.00852	0.00590	0.00767	0.00714	0.00859	0.00563	0.01871	0.06151	0.01332	0.06160	0.44082	0.17929	0.09663	0.01220	0.04760	0.00199	0.00346	0.00931	0.00506	0.00503
4	0.01213	0.01232	0.06513	0.17826	0.49277	0.02815	0.07523	0.01535	0.01125	0.04754	0.00970	0.01262	0.00769	0.00463	0.00500	0.00154	0.00634	0.00451	0.00256	0.00730
5	0.00996	0.00793	0.01285	0.45092	0.10434	0.00903	0.01101	0.01227	0.01003	0.06942	0.01297	0.15060	0.01198	0.00877	0.03174	0.06584	0.00580	0.00614	0.00295	0.00546
6	0.00622	0.00445	0.00591	0.00684	0.00726	0.00415	0.00464	0.00730	0.01022	0.01380	0.14033	0.70566	0.03505	0.01481	0.00629	0.00196	0.00281	0.01341	0.00475	0.00415
7	0.00630	0.00459	0.00599	0.00703	0.00757	0.00428	0.00497	0.00739	0.00998	0.01308	0.02973	0.64364	0.11140	0.01507	0.00638	0.00202	0.00307	0.10874	0.00462	0.00413
8	0.03586	0.13147	0.02712	0.10368	0.04235	0.07226	0.06617	0.06086	0.01091	0.09954	0.00923	0.01165	0.00747	0.00686	0.02395	0.00181	0.27543	0.00419	0.00288	0.00631
9	0.00737	0.00563	0.00830	0.08380	0.01093	0.00644	0.00662	0.00912	0.00872	0.01229	0.04695	0.11274	0.01640	0.07516	0.50400	0.00585	0.02661	0.03054	0.01809	0.00446
10	0.04529	0.00912	0.01182	0.00909	0.01294	0.00833	0.00751	0.10728	0.01512	0.69094	0.01846	0.01617	0.01172	0.00611	0.00496	0.00154	0.00437	0.00489	0.00595	0.00840
11	0.04830	0.01105	0.01367	0.12338	0.05407	0.02382	0.02155	0.26195	0.10113	0.26762	0.01447	0.01431	0.01000	0.00582	0.00494	0.00156	0.00515	0.00471	0.00472	0.00779
12	0.05559	0.02353	0.03685	0.10109	0.01401	0.00834	0.05253	0.10565	0.02442	0.11588	0.04665	0.26232	0.04717	0.02353	0.00580	0.00179	0.00446	0.04393	0.02066	0.00581
13	0.00686	0.00513	0.00655	0.00717	0.00808	0.00477	0.00515	0.00856	0.03852	0.01394	0.06733	0.56124	0.07941	0.01376	0.00612	0.00190	0.00312	0.09205	0.00456	0.06578
14	0.07339	0.00979	0.03136	0.00821	0.01255	0.00793	0.02259	0.07047	0.01154	0.08422	0.00990	0.01093	0.00772	0.00418	0.00393	0.00096	0.00408	0.00330	0.00336	0.61959
15	0.07248	0.00933	0.01234	0.19621	0.03502	0.00907	0.03069	0.03833	0.03290	0.05509	0.02154	0.01205	0.00816	0.00467	0.00470	0.00121	0.03572	0.00377	0.00306	0.41363
16	0.00673	0.00481	0.00621	0.00709	0.00764	0.00460	0.00512	0.00782	0.00976	0.01280	0.02691	0.45002	0.08427	0.14986	0.00962	0.00253	0.00360	0.19224	0.00435	0.00402
17	0.09641	0.19207	0.10155	0.00861	0.01309	0.03318	0.00807	0.01494	0.01060	0.08835	0.00923	0.01020	0.00728	0.00430	0.00378	0.00107	0.00468	0.00314	0.00298	0.38647
18	0.04049	0.22554	0.35556	0.01214	0.04531	0.02768	0.02550	0.01748	0.04804	0.14173	0.01066	0.01132	0.00779	0.00493	0.00437	0.00144	0.00606	0.00376	0.00297	0.00724

[dist]
# distance from previous block
# <min> <max>
0	1

[block]
# block no. 2 follows, 50 sequences, length 20
# corresponding to MSA columns:
# 369-388
name=unknown_C
#
# <colnr> <probs for GDERKNQSTAVLIFYWHMCP>
#	G	D	E	R	K	N	Q	S	T	A	V	L	I	F	Y	W	H	M	C	P
0	0.05616	0.01164	0.03668	0.01011	0.01374	0.03003	0.04032	0.34446	0.05092	0.18119	0.01372	0.01410	0.00985	0.02518	0.00519	0.00152	0.00492	0.00456	0.08929	0.05642
1	0.04993	0.25619	0.06752	0.02234	0.03204	0.03574	0.00876	0.16734	0.01377	0.18295	0.03941	0.05773	0.01125	0.02788	0.00500	0.00150	0.00509	0.00466	0.00389	0.00700
2	0.01030	0.00976	0.01655	0.57639	0.26388	0.01131	0.01428	0.01351	0.01038	0.01381	0.00902	0.01300	0.00702	0.00482	0.00497	0.00161	0.00643	0.00443	0.00229	0.00625
3	0.01193	0.01000	0.00992	0.00884	0.01109	0.10245	0.00682	0.07937	0.26259	0.06459	0.30865	0.03991	0.04669	0.00809	0.00534	0.00158	0.00402	0.00678	0.00497	0.00635
4	0.01443	0.20037	0.06354	0.00971	0.03410	0.02396	0.02511	0.03567	0.09069	0.22126	0.02912	0.03412	0.04855	0.00580	0.00446	0.00133	0.00466	0.00463	0.00396	0.14452
5	0.10060	0.07868	0.15741	0.01078	0.03668	0.04509	0.00987	0.21108	0.01490	0.18540	0.08962	0.01446	0.01216	0.00586	0.00468	0.00149	0.00524	0.00452	0.00417	0.00729
6	0.01779	0.02202	0.01375	0.01248	0.01508	0.69965	0.00940	0.02078	0.11639	0.01335	0.00937	0.01026	0.00759	0.00535	0.00457	0.00134	0.00832	0.00353	0.00290	0.00606
7	0.00941	0.00886	0.01495	0.81285	0.03433	0.01107	0.01384	0.01274	0.00997	0.01274	0.00886	0.01329	0.00664	0.00498	0.00498	0.00166	0.00664	0.00443	0.00221	0.00554
8	0.00705	0.00510	0.00666	0.00627	0.00745	0.00470	0.00470	0.00941	0.01411	0.01999	0.79110	0.03723	0.04703	0.01019	0.00588	0.00157	0.00235	0.00901	0.00549	0.00470
9	0.00822	0.00606	0.00820	0.00882	0.01034	0.00576	0.00756	0.01042	0.01122	0.01496	0.02420	0.09455	0.02619	0.01258	0.00644	0.00208	0.00438	0.61974	0.00438	0.11392
10	0.86003	0.00964	0.00733	0.00655	0.00964	0.01118	0.00540	0.01465	0.00848	0.02236	0.00694	0.00810	0.00540	0.00463	0.00308	0.00154	0.00386	0.00270	0.00308	0.00540
11	0.00929	0.00465	0.00465	0.00465	0.00581	0.00465	0.00348	0.01161	0.01045	0.01858	0.01626	0.01858	0.01278	0.00581	0.00348	0.00116	0.00232	0.00465	0.85250	0.00465
12	0.01275	0.00982	0.01075	0.00955	0.01228	0.01097	0.00745	0.02423	0.61595	0.09820	0.11216	0.02066	0.01872	0.00711	0.00516	0.00166	0.00378	0.00598	0.00523	0.00757
13	0.02062	0.00982	0.01222	0.00953	0.01330	0.00951	0.00782	0.17644	0.09793	0.56023	0.01818	0.01613	0.01186	0.00619	0.00501	0.00155	0.00446	0.00497	0.00581	0.00842
14	0.01218	0.01246	0.06148	0.20802	0.02648	0.01166	0.48088	0.01602	0.01153	0.09313	0.01069	0.01362	0.00776	0.00461	0.00553	0.00166	0.00752	0.00534	0.00279	0.00665
15	0.00898	0.00614	0.00773	0.00692	0.00850	0.00590	0.00531	0.08672	0.01505	0.05879	0.67598	0.03373	0.04150	0.00958	0.00575	0.00156	0.00276	0.00837	0.00547	0.00526
16	0.00859	0.00438	0.00656	0.00656	0.00661	0.00442	0.00442	0.00661	0.00656	0.00879	0.00888	0.01536	0.00883	0.01825	0.05603	0.81557	0.00475	0.00438	0.00219	0.00227
17	0.00625	0.00456	0.00589	0.00662	0.00722	0.00419	0.00456	0.00745	0.01063	0.01425	0.18199	0.58804	0.11147	0.01424	0.00622	0.00190	0.00275	0.01278	0.00480	0.00419
18	0.01247	0.18758	0.20876	0.01191	0.04811	0.03432	0.02493	0.06180	0.09098	0.06908	0.07060	0.03405	0.01169	0.00619	0.00606	0.00155	0.10525	0.00462	0.00323	0.00680
19	0.06717	0.00724	0.00926	0.00767	0.01031	0.00668	0.00613	0.04147	0.01414	0.38363	0.35717	0.02515	0.02701	0.00783	0.00527	0.00155	0.00343	0.00661	0.00564	0.00663

[dist]
# distance from previous block
# <min> <max>
4	9

[block]
# block no. 3 follows, 50 sequences, length 44
# corresponding to MSA columns:
# 402-445
name=unknown_D
#
# <colnr> <probs for GDERKNQSTAVLIFYWHMCP>
#	G	D	E	R	K	N	Q	S	T	A	V	L	I	F	Y	W	H	M	C	P
0	0.07206	0.20817	0.20580	0.01007	0.01435	0.05979	0.01012	0.02677	0.06908	0.17700	0.01237	0.04119	0.00964	0.01999	0.02780	0.00168	0.00571	0.00427	0.01725	0.00687
1	0.74647	0.01041	0.00797	0.00708	0.01011	0.06334	0.00575	0.01531	0.00910	0.05946	0.00765	0.00873	0.00587	0.00499	0.00360	0.01836	0.00422	0.00288	0.00318	0.00551
2	0.01237	0.01137	0.06316	0.30976	0.30408	0.04569	0.01323	0.01533	0.01120	0.11127	0.01118	0.04977	0.00897	0.00541	0.00500	0.00158	0.00606	0.00485	0.00291	0.00681
3	0.00738	0.00531	0.00718	0.00768	0.00875	0.00510	0.00623	0.00953	0.01233	0.01672	0.33837	0.13334	0.04863	0.01250	0.00640	0.00196	0.00346	0.35960	0.00496	0.00457
4	0.01082	0.00968	0.01560	0.56897	0.05466	0.02444	0.04759	0.01372	0.01010	0.06352	0.00927	0.01308	0.00708	0.00555	0.00668	0.00172	0.12467	0.00450	0.00249	0.00585
5	0.00810	0.00505	0.00597	0.00593	0.00642	0.00485	0.00371	0.00855	0.00866	0.06960	0.04949	0.15607	0.07104	0.55374	0.01888	0.00382	0.00424	0.00844	0.00370	0.00373
6	0.09343	0.00851	0.03980	0.19678	0.04610	0.00832	0.00874	0.03648	0.01127	0.24225	0.02537	0.10844	0.01304	0.01845	0.00650	0.07368	0.00479	0.03310	0.01887	0.00607
7	0.11245	0.00809	0.01024	0.00812	0.01150	0.00737	0.00664	0.02124	0.01333	0.59933	0.07208	0.01753	0.01404	0.00625	0.00475	0.00152	0.00392	0.00501	0.06900	0.00759
8	0.07765	0.63123	0.02222	0.00842	0.01245	0.01701	0.00807	0.01605	0.01053	0.12188	0.00887	0.00955	0.00731	0.00542	0.02433	0.00135	0.00528	0.00306	0.00278	0.00656
9	0.01920	0.01355	0.01471	0.01127	0.01525	0.01485	0.00931	0.72090	0.02275	0.08859	0.01254	0.01234	0.00877	0.00600	0.00499	0.00150	0.00539	0.00453	0.00507	0.00848
10	0.01308	0.76792	0.08385	0.00895	0.01345	0.01911	0.00927	0.01499	0.01016	0.01203	0.00708	0.00818	0.00639	0.00430	0.00331	0.00110	0.00548	0.00274	0.00213	0.00647
11	0.01954	0.01301	0.01437	0.01102	0.01498	0.01404	0.00910	0.64627	0.02184	0.16451	0.01330	0.01284	0.00915	0.00602	0.00499	0.00150	0.00527	0.00458	0.00519	0.00848
12	0.01172	0.18951	0.53074	0.01307	0.01939	0.01301	0.06442	0.01625	0.01080	0.07331	0.00940	0.01067	0.00686	0.00471	0.00451	0.00148	0.00678	0.00371	0.00244	0.00721
13	0.00625	0.00487	0.00568	0.00594	0.00710	0.00430	0.00431	0.00766	0.01147	0.01476	0.21094	0.26535	0.39360	0.01294	0.00604	0.00177	0.00263	0.02529	0.00482	0.00428
14	0.01364	0.01121	0.01223	0.01047	0.01328	0.01293	0.00833	0.21595	0.48604	0.02283	0.06351	0.01745	0.01476	0.00692	0.00594	0.00167	0.06486	0.00545	0.00486	0.00767
15	0.01209	0.00970	0.01606	0.46705	0.25836	0.01078	0.01337	0.01511	0.01098	0.12300	0.01052	0.01352	0.00781	0.00499	0.00497	0.00159	0.00609	0.00451	0.00284	0.00665
16	0.86003	0.00964	0.00733	0.00655	0.00964	0.01118	0.00540	0.01465	0.00848	0.02236	0.00694	0.00810	0.00540	0.00463	0.00308	0.00154	0.00386	0.00270	0.00308	0.00540
17	0.00735	0.00524	0.00650	0.00676	0.00723	0.00543	0.00459	0.00886	0.05496	0.01171	0.01890	0.19689	0.02094	0.40938	0.14989	0.00439	0.00579	0.06775	0.00355	0.00389
18	0.07484	0.00569	0.00622	0.00574	0.00747	0.00557	0.00443	0.01369	0.01109	0.15529	0.05205	0.06667	0.01492	0.00657	0.00400	0.00133	0.00281	0.00534	0.55095	0.00534
19	0.14620	0.01121	0.01220	0.06954	0.01472	0.06986	0.00824	0.21969	0.01536	0.34615	0.01390	0.01349	0.00941	0.00633	0.02022	0.00165	0.00522	0.00435	0.00476	0.00752
20	0.00810	0.00472	0.00534	0.00543	0.00647	0.00455	0.00398	0.01016	0.01123	0.01779	0.20831	0.15355	0.05297	0.00871	0.00462	0.00142	0.00243	0.00746	0.47823	0.00455
21	0.00613	0.00444	0.00580	0.00677	0.00721	0.00411	0.00458	0.00714	0.01000	0.01331	0.08598	0.71307	0.08299	0.01502	0.00630	0.00197	0.00283	0.01355	0.00469	0.00411
22	0.00821	0.00536	0.00686	0.04590	0.00892	0.00501	0.00511	0.01007	0.01219	0.08211	0.33785	0.20376	0.16496	0.01086	0.00569	0.00166	0.00287	0.00950	0.06832	0.00483
23	0.07732	0.04219	0.10433	0.06327	0.01647	0.01142	0.11596	0.22497	0.02285	0.09831	0.01113	0.02467	0.00851	0.00732	0.00728	0.13329	0.01607	0.00457	0.00353	0.00653
24	0.12930	0.00713	0.00848	0.00740	0.00968	0.00691	0.00581	0.06012	0.01323	0.23684	0.28970	0.10094	0.06057	0.02077	0.00555	0.00166	0.00341	0.02139	0.00514	0.00597
25	0.00612	0.00436	0.00577	0.00688	0.00716	0.00408	0.00456	0.00695	0.00945	0.01260	0.02701	0.79039	0.03238	0.04760	0.00711	0.00214	0.00297	0.01390	0.00456	0.00401
26	0.05343	0.54766	0.02174	0.00960	0.01344	0.17596	0.00870	0.09282	0.01220	0.01429	0.00759	0.00860	0.00657	0.00463	0.00363	0.00117	0.00601	0.00296	0.00255	0.00644
27	0.79320	0.01050	0.04266	0.00706	0.01037	0.01135	0.00612	0.04115	0.00909	0.02239	0.00720	0.00834	0.00555	0.00468	0.00322	0.00154	0.00407	0.00280	0.00311	0.00559
28	0.01746	0.00846	0.01089	0.04534	0.01289	0.00815	0.00733	0.10607	0.07054	0.45974	0.01963	0.15767	0.01548	0.00779	0.00521	0.00163	0.00418	0.00657	0.02755	0.00743
29	0.03797	0.06957	0.07397	0.04100	0.07109	0.01017	0.00880	0.07339	0.14519	0.22790	0.02522	0.06468	0.01281	0.05168	0.00597	0.00171	0.00471	0.01368	0.00430	0.05621
30	0.01193	0.00867	0.01033	0.00771	0.01165	0.00702	0.00616	0.05955	0.01186	0.11319	0.06948	0.04276	0.01195	0.00505	0.00419	0.00099	0.00374	0.00416	0.00372	0.60589
31	0.02695	0.10751	0.52694	0.06528	0.02102	0.01219	0.08942	0.01577	0.01076	0.05088	0.02301	0.01143	0.00744	0.00481	0.00470	0.00154	0.00691	0.00397	0.00242	0.00705
32	0.01153	0.16058	0.58870	0.01302	0.01954	0.01267	0.03563	0.01628	0.01077	0.07345	0.00943	0.01065	0.00681	0.00475	0.00452	0.00149	0.00681	0.00367	0.00242	0.00727
33	0.00797	0.00529	0.00674	0.00635	0.00773	0.00478	0.00477	0.01003	0.01341	0.07661	0.57567	0.09451	0.14599	0.01062	0.00585	0.00162	0.00256	0.00930	0.00536	0.00487
34	0.00632	0.00454	0.00604	0.00709	0.00755	0.00426	0.00496	0.00742	0.01002	0.01333	0.06551	0.68105	0.05483	0.01507	0.00638	0.00202	0.00303	0.09177	0.00467	0.00414
35	0.08455	0.10361	0.09113	0.04603	0.04901	0.02204	0.04933	0.08938	0.09916	0.28564	0.01404	0.01415	0.00992	0.00559	0.00469	0.00152	0.00518	0.01330	0.00425	0.00750
36	0.00690	0.00488	0.00625	0.00668	0.00749	0.00455	0.00482	0.00832	0.01113	0.02712	0.24914	0.35373	0.11465	0.08357	0.00785	0.00212	0.00306	0.08868	0.00476	0.00429
37	0.01412	0.17056	0.04143	0.05534	0.26641	0.07455	0.04626	0.17873	0.04304	0.01830	0.00972	0.01137	0.00776	0.00487	0.00458	0.00139	0.00598	0.00405	0.00305	0.03849
38	0.01297	0.12530	0.09623	0.00978	0.01343	0.01167	0.00872	0.04792	0.34011	0.10484	0.01618	0.05547	0.01291	0.00642	0.00474	0.00150	0.00453	0.02654	0.00421	0.09653
39	0.07709	0.29846	0.29251	0.01074	0.01592	0.01429	0.01172	0.10120	0.01211	0.10878	0.00970	0.01039	0.00723	0.00487	0.00414	0.00139	0.00582	0.00350	0.00299	0.00714
40	0.06363	0.41617	0.03968	0.00814	0.01133	0.02644	0.00740	0.01437	0.01087	0.10787	0.11810	0.05502	0.01482	0.06727	0.00586	0.00158	0.01733	0.00479	0.00333	0.00599
41	0.00721	0.00490	0.00634	0.00681	0.00766	0.00444	0.00474	0.00840	0.01050	0.05238	0.13371	0.57211	0.07809	0.03276	0.00653	0.00193	0.00294	0.01213	0.00471	0.04173
42	0.11778	0.08721	0.01293	0.01020	0.06318	0.05779	0.00779	0.05010	0.05117	0.40906	0.07079	0.01563	0.01280	0.00594	0.00464	0.00148	0.00459	0.00467	0.00482	0.00742
43	0.13446	0.12190	0.07568	0.01052	0.05990	0.01027	0.03632	0.03588	0.02455	0.26475	0.02202	0.07159	0.01193	0.00665	0.01211	0.00157	0.00482	0.04191	0.00407	0.04909

[dist]
# distance from previous block
# <min> <max>
4	14

[block]
# block no. 4 follows, 50 sequences, length 22
# corresponding to MSA columns:
# 478-499
name=unknown_E
#
# <colnr> <probs for GDERKNQSTAVLIFYWHMCP>
#	G	D	E	R	K	N	Q	S	T	A	V	L	I	F	Y	W	H	M	C	P
0	0.01271	0.02221	0.01438	0.33833	0.06947	0.03488	0.04333	0.06504	0.01224	0.14958	0.10491	0.01623	0.01271	0.00602	0.00579	0.00160	0.05724	0.00505	0.00352	0.02477
1	0.01790	0.01373	0.01437	0.01103	0.01502	0.04495	0.00905	0.65581	0.02150	0.02884	0.01143	0.01166	0.00827	0.00567	0.00481	0.00140	0.00540	0.00425	0.00465	0.11026
2	0.00976	0.00922	0.01559	0.71872	0.12570	0.01117	0.01402	0.01304	0.01013	0.01316	0.00892	0.01317	0.00680	0.00492	0.00498	0.00164	0.00656	0.00443	0.00225	0.00582
3	0.01418	0.00816	0.00993	0.00833	0.01098	0.00806	0.00665	0.12916	0.11098	0.26240	0.28479	0.02593	0.06373	0.00811	0.00540	0.00159	0.00366	0.02563	0.00551	0.00680
4	0.01790	0.02138	0.01385	0.01240	0.01512	0.64437	0.00941	0.08314	0.10761	0.01482	0.00957	0.01039	0.00765	0.00540	0.00460	0.00135	0.00809	0.00361	0.00307	0.00626
5	0.28003	0.01045	0.01011	0.00904	0.01197	0.01209	0.00714	0.04080	0.52148	0.02158	0.01588	0.01512	0.01196	0.00607	0.00444	0.00164	0.00395	0.00468	0.00444	0.00712
6	0.00807	0.00443	0.00620	0.00635	0.00638	0.00439	0.00412	0.00669	0.00702	0.00936	0.01234	0.11860	0.01349	0.17168	0.01898	0.58636	0.00425	0.00611	0.00263	0.00256
7	0.01150	0.00909	0.01302	0.05399	0.06074	0.01131	0.00950	0.03567	0.00944	0.11027	0.01104	0.04584	0.00983	0.01484	0.19724	0.00337	0.37949	0.00507	0.00299	0.00578
8	0.01834	0.02029	0.01346	0.01202	0.01478	0.61048	0.00914	0.02124	0.10686	0.11068	0.01070	0.01113	0.00821	0.00546	0.00463	0.00137	0.00779	0.00373	0.00332	0.00637
9	0.00698	0.00512	0.00662	0.00676	0.00789	0.00476	0.00522	0.00901	0.01271	0.01733	0.46082	0.13952	0.13137	0.01184	0.00613	0.00178	0.00287	0.15363	0.00511	0.00454
10	0.00649	0.00439	0.00564	0.00663	0.00702	0.00414	0.00445	0.00751	0.00960	0.01336	0.02587	0.70795	0.03022	0.03188	0.00643	0.00198	0.00287	0.01287	0.10661	0.00410
11	0.11325	0.00911	0.12828	0.00794	0.01051	0.00673	0.03656	0.01059	0.01168	0.01717	0.27766	0.08435	0.21940	0.00955	0.00543	0.00166	0.00370	0.03709	0.00425	0.00510
12	0.06951	0.01156	0.01309	0.01054	0.01372	0.01290	0.00863	0.35223	0.14876	0.17186	0.02842	0.01415	0.01066	0.00648	0.00627	0.00162	0.10231	0.00474	0.00478	0.00775
13	0.01031	0.00603	0.00822	0.00851	0.01010	0.00572	0.00714	0.01233	0.01192	0.15979	0.06655	0.12904	0.06807	0.01231	0.00638	0.00206	0.00412	0.46125	0.00494	0.00524
14	0.01153	0.01250	0.02546	0.12054	0.15390	0.01241	0.52064	0.01528	0.01129	0.01544	0.00966	0.01313	0.00746	0.00454	0.00608	0.00167	0.04393	0.00539	0.00246	0.00671
15	0.01335	0.01119	0.01874	0.08891	0.63756	0.01122	0.01419	0.01621	0.01160	0.11294	0.01061	0.01299	0.00835	0.00470	0.00495	0.00150	0.00577	0.00451	0.00291	0.00778
16	0.01166	0.00971	0.01685	0.52311	0.12790	0.01088	0.09963	0.01486	0.01088	0.11093	0.01041	0.01364	0.00762	0.00497	0.00508	0.00163	0.00645	0.00467	0.00277	0.00634
17	0.01348	0.00836	0.00975	0.00855	0.01112	0.00867	0.00668	0.02066	0.34697	0.22780	0.13508	0.07113	0.05014	0.00783	0.00520	0.00163	0.00359	0.00663	0.04970	0.00703
18	0.01174	0.01052	0.01650	0.46054	0.25366	0.01197	0.01360	0.13117	0.01245	0.01665	0.00949	0.01281	0.00729	0.00498	0.00497	0.00158	0.00625	0.00444	0.00272	0.00668
19	0.02921	0.00867	0.01236	0.14153	0.04147	0.00865	0.03176	0.06193	0.02615	0.39865	0.03438	0.07054	0.02386	0.00720	0.00555	0.00167	0.02666	0.05785	0.00481	0.00710
20	0.01113	0.00565	0.00760	0.00751	0.00893	0.00509	0.00546	0.01239	0.01118	0.25474	0.05617	0.54169	0.02718	0.01248	0.00593	0.00186	0.00329	0.01114	0.00514	0.00544
21	0.00677	0.00513	0.00628	0.00653	0.00756	0.00482	0.00469	0.00904	0.05889	0.01590	0.29799	0.34468	0.18804	0.01259	0.00602	0.00178	0.00269	0.01112	0.00495	0.00454

[dist]
# distance from previous block
# <min> <max>
1	9

[block]
# block no. 5 follows, 50 sequences, length 11
# corresponding to MSA columns:
# 509-519
name=unknown_F
#
# <colnr> <probs for GDERKNQSTAVLIFYWHMCP>
#	G	D	E	R	K	N	Q	S	T	A	V	L	I	F	Y	W	H	M	C	P
0	0.23822	0.00783	0.00803	0.00717	0.00892	0.00847	0.00529	0.10266	0.02998	0.03636	0.06384	0.06861	0.03107	0.28783	0.01204	0.00270	0.03628	0.00593	0.00365	0.03513
1	0.03268	0.20495	0.44759	0.01246	0.04014	0.01278	0.03474	0.01551	0.01055	0.04285	0.00885	0.01023	0.00672	0.00454	0.00428	0.00137	0.00630	0.00348	0.00239	0.09758
2	0.01044	0.00820	0.00999	0.04138	0.01222	0.00653	0.00625	0.01253	0.01050	0.06300	0.01231	0.10843	0.01140	0.00565	0.00425	0.00103	0.00378	0.03007	0.00337	0.63866
3	0.00725	0.00483	0.00544	0.00544	0.00544	0.00483	0.00302	0.00725	0.00725	0.00966	0.01571	0.03262	0.01812	0.82483	0.02537	0.00483	0.00483	0.00725	0.00302	0.00302
4	0.01034	0.00886	0.01034	0.00738	0.01181	0.00664	0.00591	0.01255	0.01034	0.01624	0.00886	0.01034	0.00738	0.00369	0.00369	0.00074	0.00369	0.00295	0.00295	0.85530
5	0.01895	0.01396	0.01496	0.01147	0.01546	0.01546	0.00947	0.77711	0.02344	0.03141	0.01197	0.01197	0.00848	0.00598	0.00499	0.00150	0.00548	0.00449	0.00499	0.00848
6	0.00621	0.00444	0.00594	0.00710	0.00745	0.00417	0.00487	0.00718	0.00968	0.01288	0.02740	0.76797	0.03267	0.01549	0.00640	0.00204	0.00301	0.06642	0.00462	0.00409
7	0.00666	0.00499	0.00620	0.00619	0.00735	0.00452	0.00459	0.00853	0.01267	0.01716	0.47316	0.16116	0.21911	0.01172	0.00599	0.00169	0.00255	0.03615	0.00512	0.00448
8	0.00636	0.00500	0.00575	0.00571	0.00706	0.00438	0.00422	0.00801	0.01225	0.01593	0.33609	0.11888	0.42866	0.01197	0.00593	0.00167	0.00249	0.01029	0.00496	0.00438
9	0.12616	0.05013	0.01203	0.00979	0.01290	0.05937	0.00781	0.10194	0.45952	0.08299	0.01623	0.01532	0.01205	0.00614	0.00467	0.00159	0.00448	0.00479	0.00460	0.00747
10	0.01918	0.05073	0.01325	0.10544	0.03675	0.00967	0.00859	0.13594	0.01474	0.50333	0.01619	0.01524	0.01067	0.00585	0.00487	0.00151	0.00476	0.00472	0.03069	0.00789

[dist]
# distance from previous block
# <min> <max>
2	4

[block]
# block no. 6 follows, 50 sequences, length 76
# corresponding to MSA columns:
# 525-600
name=unknown_G
#
# <colnr> <probs for GDERKNQSTAVLIFYWHMCP>
#	G	D	E	R	K	N	Q	S	T	A	V	L	I	F	Y	W	H	M	C	P
0	0.00661	0.00529	0.00588	0.00574	0.00722	0.00475	0.00427	0.00875	0.04745	0.01575	0.28403	0.06694	0.47123	0.03605	0.00645	0.00175	0.00262	0.00983	0.00487	0.00449
1	0.03367	0.01400	0.18497	0.17896	0.04528	0.02386	0.19450	0.04936	0.01108	0.04567	0.02901	0.01388	0.00868	0.04085	0.02242	0.00193	0.08800	0.00482	0.00270	0.00637
2	0.01931	0.00880	0.01141	0.00862	0.01262	0.00750	0.00707	0.05250	0.01369	0.57642	0.01673	0.01515	0.01098	0.00556	0.00469	0.00135	0.00416	0.00449	0.00534	0.21362
3	0.01138	0.01186	0.04442	0.10715	0.41189	0.01151	0.21833	0.01467	0.01130	0.01581	0.04692	0.03289	0.01004	0.00507	0.00552	0.00159	0.02473	0.00525	0.00263	0.00702
4	0.86003	0.00964	0.00733	0.00655	0.00964	0.01118	0.00540	0.01465	0.00848	0.02236	0.00694	0.00810	0.00540	0.00463	0.00308	0.00154	0.00386	0.00270	0.00308	0.00540
5	0.01857	0.03362	0.03505	0.01119	0.01521	0.01464	0.00943	0.64090	0.05674	0.09472	0.01280	0.01256	0.00900	0.00596	0.00494	0.00150	0.00535	0.00452	0.00495	0.00837
6	0.00717	0.00515	0.00703	0.00703	0.00758	0.00570	0.00501	0.00827	0.00772	0.01084	0.01425	0.02455	0.01462	0.33756	0.50785	0.00680	0.01010	0.00607	0.00280	0.00391
7	0.02236	0.00848	0.01157	0.00887	0.01272	0.00733	0.00733	0.02429	0.01427	0.79719	0.01966	0.01697	0.01234	0.00617	0.00501	0.00154	0.00424	0.00501	0.00617	0.00848
8	0.01048	0.02231	0.63157	0.07293	0.04084	0.01120	0.05112	0.01565	0.01074	0.04775	0.01069	0.01229	0.03026	0.00502	0.00486	0.00159	0.00705	0.00412	0.00238	0.00717
9	0.02193	0.00887	0.01177	0.00905	0.01290	0.00793	0.00747	0.07015	0.03189	0.73339	0.01921	0.01670	0.01217	0.00617	0.00501	0.00154	0.00431	0.00499	0.00607	0.00847
10	0.01178	0.01341	0.02920	0.02123	0.04374	0.01259	0.75811	0.01595	0.01176	0.01597	0.01007	0.01342	0.00757	0.00421	0.00586	0.00168	0.00835	0.00585	0.00252	0.00675
11	0.02138	0.00900	0.01142	0.00891	0.01257	0.04368	0.00729	0.02330	0.01425	0.72005	0.06002	0.01768	0.01391	0.00634	0.00503	0.00153	0.00436	0.00514	0.00597	0.00816
12	0.01165	0.01083	0.07308	0.29577	0.24315	0.01050	0.03569	0.04596	0.01158	0.08139	0.01252	0.01904	0.01062	0.00615	0.00524	0.00168	0.00601	0.10945	0.00307	0.00662
13	0.00718	0.00512	0.00688	0.00688	0.00738	0.00562	0.00482	0.00817	0.00768	0.01073	0.01439	0.02531	0.01495	0.38361	0.46225	0.00661	0.00961	0.00618	0.00282	0.00382
14	0.00607	0.00434	0.00578	0.00694	0.00723	0.00405	0.00463	0.00694	0.00954	0.01272	0.02747	0.82157	0.03297	0.01562	0.00636	0.00202	0.00289	0.01417	0.00463	0.00405
15	0.01175	0.04187	0.08037	0.04553	0.01214	0.00996	0.00749	0.26308	0.03640	0.01817	0.01426	0.08253	0.01397	0.32589	0.01295	0.00284	0.00520	0.00620	0.00370	0.00568
16	0.01034	0.00886	0.01034	0.00738	0.01181	0.00664	0.00591	0.01255	0.01034	0.01624	0.00886	0.01034	0.00738	0.00369	0.00369	0.00074	0.00369	0.00295	0.00295	0.85530
17	0.01430	0.55614	0.10898	0.00998	0.01426	0.16585	0.00979	0.01632	0.01108	0.04266	0.00779	0.00881	0.00662	0.00455	0.00368	0.00118	0.00620	0.00297	0.00237	0.00647
18	0.05056	0.04805	0.46304	0.01311	0.05141	0.04067	0.04344	0.01606	0.01111	0.08837	0.04205	0.01214	0.00873	0.00496	0.00462	0.00146	0.00633	0.00398	0.00280	0.08711
19	0.04945	0.06774	0.06600	0.00959	0.01276	0.01099	0.00823	0.29672	0.03884	0.13045	0.04239	0.15963	0.01554	0.03276	0.00574	0.00171	0.00469	0.03533	0.00456	0.00688
20	0.01270	0.01073	0.01812	0.15580	0.49046	0.01093	0.05468	0.01583	0.02400	0.10335	0.04643	0.01431	0.01008	0.00501	0.00505	0.00154	0.00579	0.00481	0.00302	0.00736
21	0.00700	0.00524	0.00651	0.00616	0.00747	0.00483	0.00463	0.00948	0.03468	0.01888	0.64102	0.03859	0.17590	0.01052	0.00586	0.00159	0.00243	0.00918	0.00533	0.00470
22	0.01276	0.11461	0.14949	0.03682	0.17932	0.05172	0.23109	0.09727	0.03262	0.01708	0.02418	0.01227	0.00824	0.00478	0.00497	0.00151	0.00680	0.00457	0.00277	0.00714
23	0.02699	0.05490	0.56765	0.04970	0.02016	0.01115	0.04018	0.01641	0.01093	0.11502	0.01078	0.03576	0.00792	0.00522	0.00477	0.00157	0.00669	0.00421	0.00274	0.00723
24	0.00610	0.00436	0.00580	0.00692	0.00723	0.00406	0.00463	0.00700	0.00965	0.01290	0.04546	0.80309	0.03330	0.01549	0.00635	0.00201	0.00288	0.01405	0.00465	0.00406
25	0.00935	0.00572	0.00747	0.00674	0.00833	0.00528	0.00516	0.01195	0.03447	0.12933	0.66225	0.03389	0.04131	0.00953	0.00574	0.00157	0.00266	0.00836	0.00557	0.00532
26	0.01565	0.17914	0.09180	0.03388	0.11131	0.36395	0.02900	0.04037	0.01266	0.05083	0.00863	0.01006	0.00696	0.00496	0.00462	0.00135	0.02211	0.00354	0.00265	0.00653
27	0.00997	0.00768	0.06484	0.00825	0.01041	0.00633	0.04156	0.03315	0.02684	0.13289	0.36524	0.15171	0.06029	0.01103	0.04499	0.00196	0.00401	0.00840	0.00489	0.00557
28	0.00607	0.00434	0.00578	0.00694	0.00723	0.00405	0.00463	0.00694	0.00954	0.01272	0.02747	0.82157	0.03297	0.01562	0.00636	0.00202	0.00289	0.01417	0.00463	0.00405
29	0.01242	0.01181	0.08684	0.18575	0.42521	0.01092	0.01380	0.01595	0.03841	0.09986	0.02561	0.01454	0.00943	0.00516	0.00500	0.00156	0.00585	0.02160	0.00298	0.00729
30	0.01249	0.04683	0.57770	0.01340	0.04254	0.01111	0.01559	0.01771	0.04314	0.15595	0.01128	0.01199	0.00781	0.00505	0.00476	0.00156	0.00656	0.00399	0.00297	0.00757
31	0.01248	0.01181	0.01983	0.05980	0.73454	0.01195	0.01502	0.04468	0.01176	0.01673	0.00946	0.01236	0.00787	0.00452	0.00494	0.00149	0.00593	0.00444	0.00256	0.00783
32	0.01274	0.01300	0.01974	0.09390	0.59269	0.09849	0.06607	0.01563	0.01156	0.01552	0.00920	0.01213	0.00761	0.00455	0.00495	0.00149	0.00649	0.00440	0.00246	0.00739
33	0.00599	0.00505	0.00519	0.00515	0.00679	0.00425	0.00386	0.00734	0.01159	0.01402	0.11304	0.04706	0.72882	0.01242	0.00589	0.00167	0.00251	0.01039	0.00470	0.00425
34	0.86003	0.00964	0.00733	0.00655	0.00964	0.01118	0.00540	0.01465	0.00848	0.02236	0.00694	0.00810	0.00540	0.00463	0.00308	0.00154	0.00386	0.00270	0.00308	0.00540
35	0.00677	0.00508	0.00627	0.00598	0.00727	0.00458	0.00448	0.00886	0.01345	0.01841	0.61231	0.03982	0.22680	0.01078	0.00588	0.00160	0.00239	0.00938	0.00528	0.00458
36	0.00765	0.00554	0.00708	0.00653	0.00785	0.00524	0.00494	0.04795	0.01458	0.02056	0.75199	0.03596	0.04510	0.00998	0.00583	0.00156	0.00251	0.00879	0.00546	0.00489
37	0.02236	0.00848	0.01157	0.00887	0.01272	0.00733	0.00733	0.02429	0.01427	0.79719	0.01966	0.01697	0.01234	0.00617	0.00501	0.00154	0.00424	0.00501	0.00617	0.00848
38	0.01091	0.01091	0.01527	0.01309	0.01309	0.01527	0.01091	0.01200	0.00763	0.01200	0.00654	0.01091	0.00654	0.00872	0.01636	0.00218	0.81570	0.00436	0.00218	0.00545
39	0.00725	0.00483	0.00544	0.00544	0.00544	0.00483	0.00302	0.00725	0.00725	0.00966	0.01571	0.03262	0.01812	0.82483	0.02537	0.00483	0.00483	0.00725	0.00302	0.00302
40	0.00712	0.00534	0.00801	0.00801	0.00890	0.00623	0.00623	0.00890	0.00801	0.01157	0.01335	0.01958	0.01246	0.03738	0.80507	0.00801	0.01335	0.00534	0.00267	0.00445
41	0.00803	0.00574	0.00803	0.00918	0.01033	0.00574	0.00803	0.01033	0.01147	0.01492	0.02639	0.05622	0.02869	0.01377	0.00688	0.00229	0.00459	0.76018	0.00459	0.00459
42	0.01333	0.82783	0.02612	0.00853	0.01279	0.01972	0.00853	0.01493	0.01013	0.01173	0.00693	0.00800	0.00640	0.00426	0.00320	0.00107	0.00533	0.00267	0.00213	0.00640
43	0.01034	0.00886	0.01034	0.00738	0.01181	0.00664	0.00591	0.01255	0.01034	0.01624	0.00886	0.01034	0.00738	0.00369	0.00369	0.00074	0.00369	0.00295	0.00295	0.85530
44	0.01013	0.02488	0.74262	0.01471	0.02190	0.01165	0.07389	0.01580	0.01061	0.01580	0.00903	0.01074	0.00641	0.00470	0.00482	0.00159	0.00744	0.00384	0.00214	0.00732
45	0.00705	0.00510	0.00666	0.00627	0.00745	0.00470	0.00470	0.00941	0.01411	0.01999	0.79110	0.03723	0.04703	0.01019	0.00588	0.00157	0.00235	0.00901	0.00549	0.00470
46	0.01176	0.01345	0.02941	0.02101	0.02605	0.01261	0.77563	0.01597	0.01176	0.01597	0.01008	0.01345	0.00756	0.00420	0.00588	0.00168	0.00840	0.00588	0.00252	0.00672
47	0.86003	0.00964	0.00733	0.00655	0.00964	0.01118	0.00540	0.01465	0.00848	0.02236	0.00694	0.00810	0.00540	0.00463	0.00308	0.00154	0.00386	0.00270	0.00308	0.00540
48	0.00668	0.00509	0.00614	0.00592	0.00727	0.00456	0.00447	0.00866	0.01311	0.01765	0.52111	0.04133	0.30075	0.01110	0.00591	0.00162	0.00246	0.02647	0.00517	0.00453
49	0.00607	0.00434	0.00578	0.00694	0.00723	0.00405	0.00463	0.00694	0.00954	0.01272	0.02747	0.82157	0.03297	0.01562	0.00636	0.00202	0.00289	0.01417	0.00463	0.00405
50	0.01250	0.00980	0.01078	0.00971	0.01236	0.01097	0.00767	0.05782	0.56667	0.07085	0.08536	0.02309	0.01860	0.00760	0.00529	0.00172	0.00396	0.07273	0.00513	0.00739
51	0.02187	0.00922	0.02725	0.00916	0.01309	0.00800	0.00770	0.07845	0.01485	0.72661	0.01890	0.01648	0.01194	0.00613	0.00501	0.00154	0.00439	0.00495	0.00600	0.00846
52	0.02227	0.00863	0.01166	0.00894	0.01280	0.00755	0.00738	0.04486	0.01452	0.77627	0.01945	0.01683	0.01223	0.00616	0.00501	0.00154	0.00428	0.00500	0.00614	0.00848
53	0.01373	0.01211	0.02386	0.03478	0.20321	0.01147	0.44895	0.01723	0.01208	0.15414	0.01159	0.01381	0.00847	0.00462	0.00549	0.00161	0.00706	0.00537	0.00315	0.00729
54	0.01255	0.01233	0.05481	0.12285	0.58636	0.03011	0.02923	0.03010	0.01157	0.04823	0.00974	0.01250	0.00783	0.00463	0.00494	0.00151	0.00612	0.00443	0.00262	0.00755
55	0.01037	0.02604	0.12900	0.08824	0.01837	0.01105	0.21339	0.01313	0.00994	0.04404	0.01234	0.13913	0.01174	0.04534	0.02123	0.00206	0.18955	0.00634	0.00284	0.00586
56	0.00852	0.00442	0.00663	0.00663	0.00671	0.00450	0.00450	0.00671	0.00663	0.00892	0.00907	0.01554	0.00900	0.01910	0.08913	0.77989	0.00513	0.00442	0.00221	0.00237
57	0.01032	0.00966	0.04772	0.00771	0.01228	0.00688	0.00650	0.01270	0.01034	0.01622	0.00886	0.01034	0.00733	0.00374	0.00374	0.00078	0.00387	0.00299	0.00291	0.81510
58	0.01075	0.01068	0.01497	0.01288	0.01292	0.01490	0.01072	0.01187	0.00765	0.01198	0.00682	0.01126	0.00678	0.00988	0.04825	0.00242	0.78326	0.00440	0.00220	0.00541
59	0.00595	0.00505	0.00513	0.00511	0.00677	0.00423	0.00383	0.00726	0.01149	0.01377	0.08560	0.04746	0.75641	0.01251	0.00589	0.00168	0.00252	0.01045	0.00467	0.00423
60	0.01222	0.01078	0.01378	0.02704	0.01318	0.06721	0.03457	0.06692	0.00992	0.07608	0.00966	0.01403	0.00869	0.06988	0.10531	0.00286	0.44460	0.00472	0.00285	0.00568
61	0.00589	0.00505	0.00505	0.00505	0.00673	0.00421	0.00379	0.00715	0.01136	0.01347	0.05049	0.04797	0.79171	0.01262	0.00589	0.00168	0.00252	0.01052	0.00463	0.00421
62	0.01895	0.01396	0.01496	0.01147	0.01546	0.01546	0.00947	0.77711	0.02344	0.03141	0.01197	0.01197	0.00848	0.00598	0.00499	0.00150	0.00548	0.00449	0.00499	0.00848
63	0.01333	0.82783	0.02612	0.00853	0.01279	0.01972	0.00853	0.01493	0.01013	0.01173	0.00693	0.00800	0.00640	0.00426	0.00320	0.00107	0.00533	0.00267	0.00213	0.00640
64	0.01895	0.01396	0.01496	0.01147	0.01546	0.01546	0.00947	0.77711	0.02344	0.03141	0.01197	0.01197	0.00848	0.00598	0.00499	0.00150	0.00548	0.00449	0.00499	0.00848
65	0.00607	0.00434	0.00578	0.00694	0.00723	0.00405	0.00463	0.00694	0.00954	0.01272	0.02747	0.82157	0.03297	0.01562	0.00636	0.00202	0.00289	0.01417	0.00463	0.00405
66	0.00693	0.00507	0.00651	0.00619	0.00738	0.00465	0.00463	0.00916	0.01377	0.01927	0.71063	0.05881	0.10731	0.01053	0.00589	0.00159	0.00238	0.00927	0.00539	0.00465
67	0.00803	0.00574	0.00803	0.00918	0.01033	0.00574	0.00803	0.01033	0.01147	0.01492	0.02639	0.05622	0.02869	0.01377	0.00688	0.00229	0.00459	0.76018	0.00459	0.00459
68	0.02236	0.00848	0.01157	0.00887	0.01272	0.00733	0.00733	0.02429	0.01427	0.79719	0.01966	0.01697	0.01234	0.00617	0.00501	0.00154	0.00424	0.00501	0.00617	0.00848
69	0.01323	0.80399	0.04909	0.00870	0.01305	0.01948	0.00882	0.01495	0.01014	0.01185	0.00699	0.00807	0.00639	0.00428	0.00324	0.00108	0.00539	0.00270	0.00213	0.00643
70	0.05397	0.01099	0.01353	0.14958	0.06291	0.01217	0.00978	0.32840	0.07765	0.11100	0.01378	0.04868	0.01091	0.00660	0.00539	0.00163	0.02930	0.04214	0.00430	0.00729
71	0.02236	0.00848	0.01157	0.00887	0.01272	0.00733	0.00733	0.02429	0.01427	0.79719	0.01966	0.01697	0.01234	0.00617	0.00501	0.00154	0.00424	0.00501	0.00617	0.00848
72	0.00702	0.00506	0.00663	0.00630	0.00744	0.00468	0.00470	0.00931	0.01393	0.01970	0.76069	0.06847	0.04647	0.01041	0.00590	0.00159	0.00237	0.00922	0.00545	0.00468
73	0.01343	0.01269	0.03656	0.02544	0.56230	0.04873	0.06423	0.05790	0.05605	0.05824	0.01063	0.01279	0.00845	0.00477	0.00499	0.00150	0.00604	0.00456	0.00295	0.00777
74	0.00803	0.00574	0.00803	0.00918	0.01033	0.00574	0.00803	0.01033	0.01147	0.01492	0.02639	0.05622	0.02869	0.01377	0.00688	0.00229	0.00459	0.76018	0.00459	0.00459
75	0.02050	0.00807	0.01097	0.00855	0.01208	0.00701	0.00701	0.02248	0.01425	0.70263	0.11352	0.01943	0.01656	0.00666	0.00512	0.00155	0.00401	0.00550	0.00609	0.00802

[dist]
# distance from previous block
# <min> <max>
0	1

[block]
# block no. 7 follows, 50 sequences, length 62
# corresponding to MSA columns:
# 602-663
name=unknown_H
#
# <colnr> <probs for GDERKNQSTAVLIFYWHMCP>
#	G	D	E	R	K	N	Q	S	T	A	V	L	I	F	Y	W	H	M	C	P
0	0.01178	0.04815	0.33398	0.06849	0.32125	0.03500	0.03714	0.01577	0.01103	0.04485	0.00939	0.01159	0.00722	0.00473	0.00499	0.00153	0.01922	0.00409	0.00243	0.00737
1	0.06093	0.05579	0.05476	0.00978	0.01378	0.00977	0.03695	0.13594	0.01484	0.50324	0.04195	0.01548	0.01174	0.00594	0.00486	0.00152	0.00473	0.00479	0.00524	0.00796
2	0.86003	0.00964	0.00733	0.00655	0.00964	0.01118	0.00540	0.01465	0.00848	0.02236	0.00694	0.00810	0.00540	0.00463	0.00308	0.00154	0.00386	0.00270	0.00308	0.00540
3	0.00929	0.00465	0.00465	0.00465	0.00581	0.00465	0.00348	0.01161	0.01045	0.01858	0.01626	0.01858	0.01278	0.00581	0.00348	0.00116	0.00232	0.00465	0.85250	0.00465
4	0.01142	0.06951	0.22158	0.06808	0.19419	0.01255	0.29770	0.01579	0.03172	0.01565	0.00963	0.01223	0.00739	0.00451	0.00513	0.00157	0.00716	0.00470	0.00243	0.00708
5	0.01067	0.00672	0.00869	0.03791	0.00983	0.00723	0.00591	0.04952	0.04466	0.13627	0.01500	0.02314	0.01405	0.33304	0.23019	0.00461	0.04812	0.00592	0.00354	0.00498
6	0.00618	0.00506	0.00545	0.00535	0.00691	0.00433	0.00402	0.00771	0.01205	0.01509	0.23492	0.04530	0.60627	0.01202	0.00589	0.00165	0.00248	0.01014	0.00484	0.00433
7	0.05426	0.00975	0.01103	0.00934	0.01249	0.01038	0.00744	0.05777	0.41735	0.28372	0.01891	0.01728	0.01338	0.00638	0.00488	0.00160	0.00403	0.00519	0.04697	0.00784
8	0.00705	0.00510	0.00666	0.00627	0.00745	0.00470	0.00470	0.00941	0.01411	0.01999	0.79110	0.03723	0.04703	0.01019	0.00588	0.00157	0.00235	0.00901	0.00549	0.00470
9	0.00607	0.00434	0.00578	0.00694	0.00723	0.00405	0.00463	0.00694	0.00954	0.01272	0.02747	0.82157	0.03297	0.01562	0.00636	0.00202	0.00289	0.01417	0.00463	0.00405
10	0.86003	0.00964	0.00733	0.00655	0.00964	0.01118	0.00540	0.01465	0.00848	0.02236	0.00694	0.00810	0.00540	0.00463	0.00308	0.00154	0.00386	0.00270	0.00308	0.00540
11	0.00705	0.00510	0.00666	0.00627	0.00745	0.00470	0.00470	0.00941	0.01411	0.01999	0.79110	0.03723	0.04703	0.01019	0.00588	0.00157	0.00235	0.00901	0.00549	0.00470
12	0.01333	0.82783	0.02612	0.00853	0.01279	0.01972	0.00853	0.01493	0.01013	0.01173	0.00693	0.00800	0.00640	0.00426	0.00320	0.00107	0.00533	0.00267	0.00213	0.00640
13	0.00725	0.00483	0.00544	0.00544	0.00544	0.00483	0.00302	0.00725	0.00725	0.00966	0.01571	0.03262	0.01812	0.82483	0.02537	0.00483	0.00483	0.00725	0.00302	0.00302
14	0.00803	0.00574	0.00803	0.00918	0.01033	0.00574	0.00803	0.01033	0.01147	0.01492	0.02639	0.05622	0.02869	0.01377	0.00688	0.00229	0.00459	0.76018	0.00459	0.00459
15	0.01921	0.01354	0.01470	0.01127	0.01525	0.01483	0.00931	0.71906	0.02273	0.09046	0.01256	0.01235	0.00877	0.00600	0.00499	0.00150	0.00539	0.00453	0.00508	0.00848
16	0.01000	0.02578	0.79900	0.01421	0.02157	0.01158	0.01842	0.01579	0.01052	0.01579	0.00895	0.01052	0.00631	0.00474	0.00474	0.00158	0.00737	0.00368	0.00210	0.00737
17	0.01862	0.02376	0.01413	0.01284	0.01541	0.80482	0.00963	0.01990	0.01413	0.01220	0.00770	0.00899	0.00642	0.00514	0.00449	0.00128	0.00899	0.00321	0.00257	0.00578
18	0.00763	0.00522	0.00685	0.00637	0.00764	0.00480	0.00480	0.00996	0.01412	0.04915	0.76216	0.03647	0.04573	0.01004	0.00585	0.00157	0.00242	0.00886	0.00551	0.00484
19	0.00941	0.00886	0.01495	0.81285	0.03433	0.01107	0.01384	0.01274	0.00997	0.01274	0.00886	0.01329	0.00664	0.00498	0.00498	0.00166	0.00664	0.00443	0.00221	0.00554
20	0.02220	0.00875	0.01173	0.00899	0.01286	0.00772	0.00743	0.06054	0.01471	0.76031	0.01929	0.01672	0.01215	0.00616	0.00501	0.00154	0.00430	0.00499	0.00611	0.00848
21	0.00602	0.00509	0.00523	0.00530	0.00695	0.00430	0.00404	0.00734	0.01137	0.01355	0.04904	0.04847	0.74566	0.01269	0.00595	0.00172	0.00265	0.05576	0.00463	0.00423
22	0.00606	0.00437	0.00575	0.00685	0.00721	0.00406	0.00459	0.00695	0.00963	0.01276	0.02851	0.78657	0.06730	0.01548	0.00634	0.00201	0.00288	0.01400	0.00463	0.00406
23	0.01354	0.79724	0.02570	0.00864	0.01289	0.01956	0.00856	0.04357	0.01063	0.01247	0.00712	0.00814	0.00647	0.00433	0.00327	0.00108	0.00534	0.00273	0.00224	0.00647
24	0.01118	0.05425	0.12852	0.07193	0.04997	0.01225	0.52213	0.01519	0.01127	0.01536	0.01056	0.05419	0.00859	0.00492	0.00553	0.00165	0.00763	0.00571	0.00253	0.00661
25	0.05332	0.00961	0.03261	0.00911	0.01299	0.03432	0.00767	0.03897	0.01413	0.70535	0.01834	0.01609	0.01164	0.00603	0.00491	0.00153	0.00449	0.00482	0.00580	0.00825
26	0.83997	0.00962	0.00751	0.02557	0.01022	0.01118	0.00560	0.01461	0.00852	0.02214	0.00699	0.00822	0.00543	0.00464	0.00313	0.00155	0.00392	0.00274	0.00306	0.00540
27	0.00772	0.00584	0.00741	0.00715	0.00730	0.00665	0.00487	0.00822	0.00761	0.01056	0.01487	0.09234	0.01669	0.51662	0.13107	0.00462	0.13671	0.00709	0.00297	0.00370
28	0.11211	0.03179	0.23261	0.01147	0.01621	0.09820	0.08190	0.05095	0.04962	0.06340	0.02543	0.01163	0.00826	0.00484	0.00444	0.00137	0.00589	0.00387	0.00307	0.18295
29	0.02609	0.13689	0.34622	0.01824	0.25101	0.01319	0.04329	0.05277	0.01126	0.01610	0.00886	0.01085	0.00694	0.00475	0.00499	0.00149	0.03346	0.00389	0.00239	0.00732
30	0.00850	0.00541	0.00713	0.00652	0.00794	0.00495	0.00495	0.01081	0.01412	0.09333	0.71830	0.03532	0.04376	0.00981	0.00580	0.00157	0.00253	0.00864	0.00555	0.00506
