[name]
unknown

[dist]
# distance from previous block
# <min> <max>
13	78

[block]
# block no. 0 follows, 46 sequences, length 21
# corresponding to MSA columns:
# 83-103
name=unknown_A
#
# <colnr> <probs for GDERKNQSTAVLIFYWHMCP>
#	G	D	E	R	K	N	Q	S	T	A	V	L	I	F	Y	W	H	M	C	P
0	0.02727	0.00829	0.00991	0.00855	0.01097	0.00814	0.00647	0.10478	0.09623	0.25147	0.03179	0.15966	0.04033	0.16792	0.00979	0.00240	0.00438	0.00759	0.00509	0.03898
1	0.04015	0.00892	0.01059	0.00890	0.01168	0.02673	0.02939	0.10701	0.07183	0.25242	0.08425	0.04782	0.15057	0.07639	0.00740	0.00199	0.00439	0.03205	0.02071	0.00680
2	0.01330	0.02252	0.03731	0.04129	0.02419	0.01005	0.00827	0.20900	0.05044	0.09742	0.05341	0.09842	0.08707	0.02843	0.05468	0.00220	0.03519	0.04834	0.02994	0.04853
3	0.04184	0.03838	0.01352	0.12173	0.01649	0.04219	0.05393	0.03542	0.07013	0.24231	0.03294	0.08065	0.06905	0.00762	0.00630	0.00172	0.06892	0.00623	0.02300	0.02762
4	0.02978	0.00898	0.01035	0.00890	0.01141	0.00946	0.00702	0.14477	0.19039	0.10890	0.31162	0.02656	0.05164	0.00852	0.00585	0.00168	0.01936	0.00712	0.03076	0.00691
5	0.26070	0.02377	0.06976	0.18378	0.16924	0.03956	0.04080	0.04775	0.06450	0.01901	0.00981	0.01210	0.00763	0.00528	0.00496	0.00167	0.02563	0.00418	0.00302	0.00683
6	0.02051	0.01359	0.17266	0.01096	0.01584	0.00990	0.01052	0.12667	0.01567	0.52163	0.01737	0.01584	0.01120	0.00620	0.00525	0.00164	0.00537	0.00495	0.00548	0.00875
7	0.18462	0.11680	0.53665	0.01268	0.01917	0.01321	0.01545	0.01639	0.01067	0.01768	0.00880	0.01031	0.00651	0.00494	0.00447	0.00160	0.00679	0.00356	0.00245	0.00726
8	0.01005	0.00734	0.00883	0.00775	0.00963	0.00733	0.00600	0.16548	0.01692	0.02349	0.59855	0.03430	0.06338	0.00996	0.00604	0.00165	0.00319	0.00862	0.00568	0.00580
9	0.00669	0.00530	0.00601	0.00599	0.00745	0.00463	0.00443	0.00838	0.01286	0.01655	0.29722	0.11906	0.46110	0.01281	0.00629	0.00178	0.00265	0.01098	0.00522	0.00463
10	0.01685	0.01238	0.03175	0.01089	0.01442	0.05055	0.00883	0.13236	0.43407	0.19941	0.01915	0.01761	0.01372	0.00677	0.00531	0.00170	0.00484	0.00547	0.00543	0.00848
11	0.00687	0.00491	0.00663	0.00785	0.00835	0.00466	0.00565	0.00810	0.01054	0.01398	0.02890	0.65570	0.03403	0.01616	0.00686	0.00221	0.00344	0.16585	0.00490	0.00441
12	0.01287	0.01174	0.01293	0.17416	0.01857	0.05720	0.00978	0.02468	0.57153	0.01982	0.01826	0.01798	0.01373	0.00668	0.00533	0.00176	0.00508	0.00557	0.00460	0.00773
13	0.08298	0.10331	0.14097	0.01013	0.01490	0.01112	0.00966	0.08942	0.03148	0.29522	0.01374	0.01343	0.00956	0.00549	0.00466	0.00144	0.00516	0.00421	0.00438	0.14872
14	0.01351	0.32371	0.23310	0.17441	0.02091	0.01506	0.01299	0.03345	0.01163	0.10083	0.01000	0.01154	0.00757	0.00509	0.00449	0.00148	0.00641	0.00383	0.00282	0.00718
15	0.01359	0.17787	0.01534	0.01045	0.01380	0.01487	0.00857	0.05097	0.58879	0.02050	0.01829	0.01716	0.01396	0.00660	0.00497	0.00165	0.00454	0.00528	0.00473	0.00806
16	0.00742	0.00505	0.00600	0.00625	0.00637	0.00504	0.00375	0.00772	0.00824	0.01103	0.01909	0.19404	0.02213	0.60596	0.06588	0.00470	0.00521	0.00909	0.00353	0.00351
17	0.01730	0.01710	0.17390	0.01236	0.01697	0.08114	0.01150	0.34271	0.14728	0.10508	0.01400	0.01386	0.00997	0.00616	0.00521	0.00163	0.00613	0.00473	0.00458	0.00839
18	0.18701	0.65076	0.02359	0.00861	0.01288	0.01905	0.00836	0.01577	0.01038	0.01477	0.00735	0.00850	0.00657	0.00460	0.00337	0.00123	0.00533	0.00283	0.00247	0.00657
19	0.01194	0.01114	0.01878	0.02750	0.62191	0.01133	0.01424	0.01482	0.01131	0.01624	0.01081	0.01467	0.00937	0.01192	0.16791	0.00300	0.00791	0.00491	0.00266	0.00762
20	0.00742	0.00560	0.00673	0.00685	0.00805	0.00499	0.00493	0.00900	0.01315	0.01761	0.36326	0.24596	0.25961	0.01339	0.00660	0.00193	0.00290	0.01160	0.00548	0.00494

[dist]
# distance from previous block
# <min> <max>
0	2

[block]
# block no. 1 follows, 46 sequences, length 42
# corresponding to MSA columns:
# 106-147
name=unknown_B
#
# <colnr> <probs for GDERKNQSTAVLIFYWHMCP>
#	G	D	E	R	K	N	Q	S	T	A	V	L	I	F	Y	W	H	M	C	P
0	0.01555	0.01236	0.01959	0.02649	0.56372	0.03483	0.03583	0.04130	0.01313	0.16708	0.01212	0.01396	0.00925	0.00513	0.00527	0.00158	0.00609	0.00484	0.00347	0.00841
1	0.01067	0.02385	0.63576	0.01366	0.02087	0.01126	0.01695	0.01607	0.01112	0.01684	0.00947	0.01112	0.00692	0.00481	0.00481	0.00150	0.00705	0.00376	0.00241	0.17111
2	0.01212	0.01151	0.02014	0.02678	0.53853	0.01140	0.10650	0.01529	0.01212	0.01695	0.01355	0.02229	0.01262	0.00661	0.00576	0.00176	0.00633	0.14915	0.00306	0.00754
3	0.17717	0.66024	0.02382	0.00864	0.01292	0.01915	0.00840	0.01577	0.01040	0.01463	0.00735	0.00850	0.00658	0.00460	0.00337	0.00123	0.00535	0.00283	0.00246	0.00658
4	0.01521	0.01090	0.01202	0.01050	0.01370	0.01210	0.00825	0.02764	0.62439	0.17062	0.02139	0.01939	0.01554	0.00705	0.00537	0.00176	0.00425	0.00585	0.00561	0.00849
5	0.01490	0.00790	0.00991	0.00859	0.01122	0.00758	0.00671	0.01939	0.16164	0.32550	0.20577	0.12382	0.05572	0.00922	0.00577	0.00174	0.00370	0.00791	0.00587	0.00714
6	0.00861	0.00474	0.00659	0.00659	0.00694	0.00457	0.00448	0.00702	0.00789	0.01018	0.01782	0.02285	0.15908	0.01740	0.01786	0.68179	0.00422	0.00587	0.00280	0.00272
7	0.17198	0.00612	0.00616	0.00600	0.00663	0.00644	0.00369	0.00922	0.00794	0.01287	0.01485	0.02953	0.01659	0.65664	0.02231	0.00445	0.00492	0.00675	0.00322	0.00369
8	0.00724	0.00539	0.00674	0.00640	0.00775	0.00489	0.00480	0.00951	0.01440	0.01986	0.63842	0.04169	0.19073	0.01131	0.00624	0.00169	0.00253	0.00987	0.00564	0.00489
9	0.01300	0.01280	0.02282	0.03103	0.67617	0.01267	0.12020	0.01632	0.01210	0.01722	0.01005	0.01325	0.00832	0.00467	0.00537	0.00160	0.00665	0.00492	0.00262	0.00820
10	0.00769	0.00513	0.00577	0.00577	0.00577	0.00513	0.00320	0.00769	0.00769	0.01025	0.01666	0.03460	0.01922	0.81421	0.02691	0.00513	0.00513	0.00769	0.00320	0.00320
11	0.00904	0.00510	0.00576	0.00576	0.00673	0.00529	0.00418	0.01098	0.01001	0.01667	0.01655	0.02242	0.01444	0.14853	0.16132	0.00330	0.00519	0.00553	0.53860	0.00460
12	0.01334	0.00668	0.00893	0.00767	0.00992	0.00598	0.00600	0.01563	0.01488	0.29805	0.48186	0.05405	0.03610	0.00943	0.00592	0.00167	0.00324	0.00818	0.00606	0.00642
13	0.01119	0.00953	0.01108	0.00794	0.01262	0.00728	0.00636	0.03201	0.01131	0.01763	0.00948	0.01101	0.00786	0.00398	0.00395	0.00080	0.00396	0.00317	0.00319	0.82565
14	0.00918	0.00459	0.00689	0.00689	0.00689	0.00459	0.00459	0.00689	0.00689	0.00918	0.00918	0.01607	0.00918	0.01837	0.02066	0.84619	0.00459	0.00459	0.00230	0.00230
15	0.00985	0.00493	0.00493	0.00493	0.00616	0.00493	0.00370	0.01232	0.01109	0.01971	0.01725	0.01971	0.01355	0.00616	0.00370	0.00123	0.00246	0.00493	0.84356	0.00493
16	0.31729	0.01171	0.01649	0.02320	0.50150	0.01231	0.01242	0.01598	0.01093	0.01961	0.00901	0.01145	0.00741	0.00478	0.00452	0.00159	0.00549	0.00404	0.00285	0.00741
17	0.01135	0.01125	0.01578	0.01359	0.01364	0.01568	0.01130	0.01255	0.00812	0.01270	0.00733	0.01206	0.00728	0.01089	0.05922	0.00265	0.76188	0.00468	0.00234	0.00573
18	0.00985	0.00493	0.00493	0.00493	0.00616	0.00493	0.00370	0.01232	0.01109	0.01971	0.01725	0.01971	0.01355	0.00616	0.00370	0.00123	0.00246	0.00493	0.84356	0.00493
19	0.01305	0.01269	0.02085	0.08930	0.70352	0.03507	0.01594	0.01616	0.01201	0.01686	0.00985	0.01306	0.00823	0.00477	0.00522	0.00158	0.00643	0.00467	0.00260	0.00812
20	0.01463	0.01589	0.01428	0.08898	0.14729	0.32832	0.01048	0.06164	0.07018	0.01574	0.01394	0.16751	0.01341	0.00765	0.00536	0.00163	0.00686	0.00629	0.00345	0.00647
21	0.00685	0.00489	0.00660	0.00782	0.00831	0.00464	0.00561	0.00806	0.01052	0.01395	0.02891	0.66452	0.03408	0.01618	0.00686	0.00220	0.00342	0.15728	0.00490	0.00441
22	0.55121	0.00978	0.00940	0.00784	0.01141	0.01038	0.00647	0.01925	0.01122	0.29988	0.01226	0.01200	0.00840	0.00550	0.00401	0.00164	0.00424	0.00375	0.00446	0.00691
23	0.01416	0.01216	0.01254	0.01016	0.01397	0.06244	0.00809	0.17892	0.26789	0.02198	0.01452	0.01537	0.01134	0.00589	0.00484	0.00137	0.00480	0.02286	0.00436	0.31236
24	0.01101	0.00665	0.00839	0.00836	0.00990	0.00652	0.00613	0.01458	0.13931	0.16541	0.04794	0.48453	0.02787	0.01282	0.00624	0.00198	0.00356	0.02754	0.00533	0.00593
25	0.00918	0.00459	0.00689	0.00689	0.00689	0.00459	0.00459	0.00689	0.00689	0.00918	0.00918	0.01607	0.00918	0.01837	0.02066	0.84619	0.00459	0.00459	0.00230	0.00230
26	0.01165	0.18756	0.61290	0.01370	0.02075	0.01392	0.01710	0.01678	0.01118	0.03523	0.00934	0.01079	0.00688	0.00496	0.00470	0.00156	0.00729	0.00372	0.00235	0.00763
27	0.01265	0.42388	0.31301	0.01365	0.07500	0.01670	0.04746	0.01625	0.01107	0.01462	0.00850	0.01009	0.00693	0.00472	0.00427	0.00140	0.00666	0.00353	0.00230	0.00731
28	0.00684	0.00480	0.00618	0.00712	0.00741	0.00459	0.00471	0.00763	0.00967	0.01287	0.02618	0.58932	0.03106	0.20173	0.01146	0.00285	0.00364	0.05335	0.00451	0.00407
29	0.64898	0.00992	0.00887	0.00755	0.01102	0.01086	0.00623	0.01804	0.01050	0.20998	0.01066	0.01089	0.00753	0.00531	0.00377	0.00164	0.00419	0.00346	0.00407	0.00653
30	0.01284	0.01143	0.01812	0.18793	0.45711	0.02420	0.01407	0.01678	0.06871	0.06082	0.04953	0.01530	0.01096	0.00553	0.00557	0.00165	0.02362	0.00506	0.00315	0.00763
31	0.01638	0.01327	0.20574	0.01050	0.01492	0.00906	0.01030	0.02105	0.10406	0.37117	0.13540	0.02033	0.02987	0.00700	0.00541	0.00167	0.00495	0.00579	0.00518	0.00793
32	0.17203	0.00655	0.00757	0.00805	0.00962	0.00668	0.00661	0.01094	0.01166	0.01763	0.12621	0.13602	0.10642	0.01232	0.00620	0.00207	0.00396	0.33983	0.00469	0.00494
33	0.01208	0.02286	0.57815	0.01381	0.02040	0.01211	0.01648	0.01962	0.15953	0.07512	0.01268	0.01334	0.00901	0.00555	0.00511	0.00169	0.00686	0.00441	0.00317	0.00801
34	0.51979	0.07429	0.16184	0.02278	0.01398	0.02593	0.00923	0.06403	0.01087	0.04380	0.00855	0.00973	0.00646	0.00506	0.00387	0.00160	0.00520	0.00330	0.00319	0.00652
35	0.17546	0.08324	0.50107	0.01262	0.01886	0.03206	0.01497	0.01728	0.03452	0.05032	0.00973	0.01097	0.00708	0.00510	0.00457	0.00162	0.00671	0.00373	0.00273	0.00735
36	0.17808	0.56119	0.02219	0.00889	0.01312	0.01818	0.00841	0.07206	0.01167	0.05360	0.00840	0.00928	0.00705	0.00483	0.00360	0.00129	0.00531	0.00310	0.00289	0.00685
37	0.17245	0.01982	0.48480	0.01222	0.01782	0.01109	0.01435	0.01509	0.01022	0.01722	0.00999	0.01253	0.00778	0.01174	0.15815	0.00299	0.00833	0.00405	0.00255	0.00681
38	0.00660	0.00537	0.00585	0.00573	0.00736	0.00461	0.00430	0.00828	0.01289	0.01627	0.26245	0.04760	0.56894	0.01264	0.00624	0.00175	0.00262	0.01070	0.00517	0.00461
39	0.01316	0.02377	0.63602	0.01397	0.02105	0.01140	0.01724	0.01850	0.01193	0.16630	0.01170	0.01249	0.00794	0.00532	0.00508	0.00167	0.00717	0.00418	0.00307	0.00804
40	0.00677	0.00523	0.00618	0.00626	0.00754	0.00464	0.00457	0.00849	0.01282	0.01686	0.33496	0.19433	0.34635	0.01299	0.00634	0.00181	0.00268	0.01128	0.00527	0.00464
41	0.55050	0.01091	0.01010	0.00838	0.01198	0.01205	0.00691	0.16290	0.01312	0.15355	0.01067	0.01097	0.00760	0.00546	0.00401	0.00163	0.00449	0.00364	0.00421	0.00691

[dist]
# distance from previous block
# <min> <max>
0	1

[block]
# block no. 2 follows, 46 sequences, length 23
# corresponding to MSA columns:
# 149-171
name=unknown_C
#
# <colnr> <probs for GDERKNQSTAVLIFYWHMCP>
#	G	D	E	R	K	N	Q	S	T	A	V	L	I	F	Y	W	H	M	C	P
0	0.01216	0.18057	0.33289	0.07541	0.03446	0.01455	0.18192	0.04795	0.01181	0.01623	0.00937	0.01165	0.00717	0.00503	0.00547	0.00161	0.03763	0.00435	0.00248	0.00729
1	0.01075	0.00613	0.00811	0.00720	0.00902	0.00555	0.00555	0.01315	0.01500	0.17477	0.62610	0.03517	0.04248	0.00995	0.00605	0.00166	0.00290	0.00871	0.00597	0.00579
2	0.01533	0.65600	0.02532	0.00967	0.01414	0.02001	0.00925	0.16620	0.01358	0.01664	0.00842	0.00933	0.00723	0.00489	0.00377	0.00122	0.00569	0.00322	0.00287	0.00723
3	0.17911	0.00599	0.00550	0.00533	0.00698	0.00632	0.00410	0.01297	0.01067	0.02052	0.01526	0.01747	0.01198	0.00591	0.00361	0.00131	0.00279	0.00451	0.67458	0.00509
4	0.35707	0.17368	0.01420	0.00914	0.01281	0.01484	0.00776	0.16919	0.15628	0.02309	0.01110	0.01149	0.00856	0.00555	0.00410	0.00155	0.00477	0.00383	0.00387	0.00710
5	0.01184	0.01277	0.16666	0.01099	0.02988	0.01031	0.00990	0.04908	0.30151	0.06823	0.15353	0.09200	0.02168	0.00831	0.00563	0.00177	0.00466	0.02920	0.00478	0.00726
6	0.01952	0.11436	0.06438	0.01149	0.01582	0.08242	0.01004	0.40135	0.01931	0.18978	0.01320	0.01294	0.00927	0.00600	0.00500	0.00153	0.00596	0.00447	0.00477	0.00840
7	0.01242	0.01184	0.02011	0.16022	0.63635	0.01223	0.01562	0.01555	0.01168	0.01646	0.01003	0.01382	0.00844	0.02615	0.00581	0.00170	0.00638	0.00479	0.00259	0.00782
8	0.01423	0.06040	0.16833	0.01007	0.01496	0.00978	0.00968	0.03701	0.08108	0.18938	0.01359	0.03548	0.01025	0.00547	0.00467	0.00132	0.00498	0.00439	0.00397	0.32097
9	0.00782	0.00579	0.00736	0.00706	0.00834	0.00557	0.00525	0.01115	0.07527	0.02043	0.63605	0.12183	0.04555	0.01114	0.00622	0.00173	0.00269	0.00987	0.00568	0.00518
10	0.01184	0.00900	0.00695	0.00668	0.00821	0.16340	0.00501	0.01409	0.01187	0.01835	0.01542	0.01766	0.01219	0.00602	0.00391	0.00126	0.00389	0.00462	0.67447	0.00517
11	0.01822	0.02913	0.07293	0.01144	0.01553	0.05048	0.00984	0.30951	0.21414	0.18842	0.01616	0.01530	0.01139	0.00642	0.00524	0.00164	0.00544	0.00503	0.00517	0.00856
12	0.01307	0.01261	0.02176	0.03213	0.75759	0.01259	0.03962	0.01625	0.01205	0.01726	0.00997	0.01312	0.00836	0.00470	0.00527	0.00158	0.00636	0.00476	0.00262	0.00833
13	0.01033	0.00595	0.00769	0.00698	0.00844	0.00548	0.00511	0.01220	0.01338	0.15254	0.46859	0.05939	0.03679	0.17180	0.01025	0.00237	0.00339	0.00862	0.00539	0.00531
14	0.07876	0.46096	0.07486	0.01135	0.04147	0.19586	0.01013	0.01697	0.01155	0.01389	0.00776	0.00919	0.00677	0.00499	0.00441	0.00132	0.03748	0.00317	0.00246	0.00664
15	0.00634	0.00536	0.00549	0.00545	0.00720	0.00450	0.00409	0.00777	0.01227	0.01481	0.10871	0.05001	0.72360	0.01319	0.00625	0.00178	0.00266	0.01104	0.00498	0.00450
16	0.04167	0.01244	0.01665	0.08054	0.16995	0.07383	0.01233	0.01415	0.00965	0.01409	0.00803	0.01204	0.00734	0.00832	0.03138	0.00217	0.47214	0.00452	0.00245	0.00631
17	0.18745	0.01317	0.01374	0.01078	0.01477	0.01448	0.00889	0.51303	0.04453	0.10909	0.01275	0.01264	0.00899	0.00610	0.00489	0.00161	0.00528	0.00447	0.00502	0.00831
18	0.00758	0.00556	0.00795	0.00795	0.00870	0.00631	0.00592	0.00909	0.00833	0.01187	0.01466	0.02355	0.01442	0.19541	0.63915	0.00782	0.01234	0.00607	0.00291	0.00442
19	0.01096	0.00940	0.01096	0.00783	0.01253	0.00705	0.00626	0.01331	0.01096	0.01723	0.00940	0.01096	0.00783	0.00392	0.00392	0.00078	0.00392	0.00313	0.00313	0.84653
20	0.01391	0.01173	0.01238	0.01091	0.01404	0.01350	0.00855	0.10862	0.68992	0.02334	0.02055	0.01895	0.01536	0.00708	0.00537	0.00177	0.00436	0.00584	0.00537	0.00844
21	0.00724	0.00494	0.00590	0.00634	0.00645	0.00483	0.00381	0.00757	0.00856	0.01141	0.02112	0.31214	0.02485	0.52899	0.01970	0.00406	0.00439	0.01031	0.00381	0.00359
22	0.01169	0.01063	0.01743	0.02556	0.57364	0.01063	0.01309	0.01415	0.01117	0.01576	0.01250	0.02053	0.01203	0.16816	0.00973	0.00234	0.00595	0.05500	0.00289	0.00710

[dist]
# distance from previous block
# <min> <max>
0	1

[block]
# block no. 3 follows, 46 sequences, length 11
# corresponding to MSA columns:
# 173-183
name=unknown_D
#
# <colnr> <probs for GDERKNQSTAVLIFYWHMCP>
#	G	D	E	R	K	N	Q	S	T	A	V	L	I	F	Y	W	H	M	C	P
0	0.00768	0.00517	0.00600	0.00600	0.00609	0.00525	0.00350	0.00784	0.00776	0.01043	0.01644	0.03339	0.01870	0.74689	0.09352	0.00542	0.00591	0.00751	0.00317	0.00334
1	0.00757	0.00558	0.00809	0.00809	0.00889	0.00639	0.00610	0.00918	0.00837	0.01197	0.01454	0.02284	0.01412	0.15597	0.67817	0.00799	0.01280	0.00597	0.00289	0.00449
2	0.01607	0.27625	0.18234	0.01230	0.01685	0.29110	0.01179	0.10586	0.01399	0.01598	0.00872	0.00991	0.00703	0.00517	0.00445	0.00138	0.00750	0.00349	0.00277	0.00703
3	0.85155	0.01022	0.00777	0.00695	0.01022	0.01186	0.00573	0.01554	0.00900	0.02372	0.00736	0.00859	0.00573	0.00491	0.00327	0.00164	0.00409	0.00286	0.00327	0.00573
4	0.11003	0.11647	0.58185	0.01399	0.04535	0.01324	0.01658	0.01648	0.01089	0.01708	0.00900	0.01061	0.00665	0.00494	0.00463	0.00160	0.00707	0.00368	0.00237	0.00747
5	0.01149	0.02611	0.73450	0.01469	0.02225	0.01197	0.01874	0.01735	0.01143	0.06862	0.01026	0.01162	0.00713	0.00513	0.00504	0.00167	0.00759	0.00400	0.00252	0.00789
6	0.00741	0.00541	0.00700	0.00667	0.00786	0.00510	0.00496	0.00964	0.01380	0.01934	0.61955	0.03840	0.09642	0.05714	0.07577	0.00245	0.00366	0.00923	0.00535	0.00483
7	0.01873	0.00931	0.01249	0.01189	0.10699	0.00878	0.00828	0.05762	0.07799	0.46639	0.02004	0.02061	0.04528	0.10167	0.00789	0.00206	0.00475	0.00579	0.00544	0.00800
8	0.01220	0.01362	0.11021	0.10327	0.57948	0.01205	0.01587	0.01569	0.01195	0.01705	0.05023	0.01434	0.01023	0.00512	0.00527	0.00161	0.00634	0.00487	0.00271	0.00789
9	0.00755	0.00566	0.00850	0.00850	0.00944	0.00661	0.00661	0.00944	0.00850	0.01227	0.01416	0.02077	0.01322	0.03965	0.79326	0.00850	0.01416	0.00566	0.00283	0.00472
10	0.01466	0.01431	0.02344	0.04435	0.18392	0.05480	0.33648	0.18536	0.05202	0.02063	0.01134	0.01367	0.00861	0.00514	0.00566	0.00167	0.00741	0.00537	0.00337	0.00778

[dist]
# distance from previous block
# <min> <max>
0	35

[block]
# block no. 4 follows, 46 sequences, length 27
# corresponding to MSA columns:
# 219-222,226-248
name=unknown_E
#
# <colnr> <probs for GDERKNQSTAVLIFYWHMCP>
#	G	D	E	R	K	N	Q	S	T	A	V	L	I	F	Y	W	H	M	C	P
0	0.85155	0.01022	0.00777	0.00695	0.01022	0.01186	0.00573	0.01554	0.00900	0.02372	0.00736	0.00859	0.00573	0.00491	0.00327	0.00164	0.00409	0.00286	0.00327	0.00573
1	0.01557	0.01018	0.01324	0.01102	0.06606	0.00897	0.03385	0.07012	0.04856	0.23887	0.01351	0.01378	0.00983	0.00517	0.00493	0.00125	0.02122	0.00425	0.00430	0.40531
2	0.01020	0.00962	0.01625	0.74722	0.08898	0.01180	0.01479	0.01370	0.01067	0.01377	0.00943	0.01402	0.00714	0.00524	0.00528	0.00175	0.00699	0.00470	0.00237	0.00605
3	0.01438	0.55588	0.04149	0.01103	0.03816	0.09496	0.03424	0.01816	0.11937	0.01426	0.00968	0.01057	0.00820	0.00501	0.00400	0.00129	0.00600	0.00353	0.00277	0.00703
4	0.00888	0.00564	0.00734	0.00696	0.00838	0.00513	0.00519	0.01101	0.01403	0.09693	0.53709	0.15831	0.09187	0.01144	0.00622	0.00174	0.00280	0.01009	0.00569	0.00525
5	0.01080	0.07621	0.69734	0.01471	0.02207	0.01270	0.03905	0.01650	0.01110	0.01636	0.00951	0.01133	0.00691	0.00590	0.02596	0.00182	0.00788	0.00395	0.00226	0.00765
6	0.01980	0.01364	0.01498	0.01155	0.01566	0.01471	0.00950	0.62946	0.02281	0.12004	0.01404	0.03781	0.01023	0.00660	0.00529	0.00158	0.00552	0.00509	0.00535	0.03634
7	0.00670	0.00475	0.00625	0.00735	0.00768	0.00449	0.00496	0.00762	0.01000	0.01331	0.02780	0.68506	0.03309	0.09727	0.00883	0.00247	0.00339	0.06005	0.00473	0.00422
8	0.01261	0.01208	0.02061	0.14930	0.66806	0.01244	0.01599	0.01581	0.01181	0.01670	0.00986	0.01324	0.00817	0.00480	0.00524	0.00160	0.00640	0.00471	0.00258	0.00799
9	0.01800	0.01274	0.01429	0.01348	0.10445	0.12275	0.03402	0.09573	0.17026	0.28286	0.04231	0.01753	0.03414	0.00654	0.00532	0.00163	0.00552	0.00538	0.00498	0.00807
10	0.00769	0.00513	0.00577	0.00577	0.00577	0.00513	0.00320	0.00769	0.00769	0.01025	0.01666	0.03460	0.01922	0.81421	0.02691	0.00513	0.00513	0.00769	0.00320	0.00320
11	0.01354	0.00674	0.00901	0.00768	0.00999	0.00603	0.00603	0.01587	0.01503	0.30621	0.49571	0.03147	0.03615	0.00922	0.00589	0.00165	0.00324	0.00798	0.00609	0.00648
12	0.00713	0.00545	0.00729	0.08760	0.01070	0.00536	0.00589	0.02253	0.01113	0.01466	0.09711	0.54766	0.12914	0.01430	0.00646	0.00201	0.00342	0.01280	0.00474	0.00463
13	0.09769	0.17389	0.40283	0.01401	0.04555	0.08084	0.06649	0.03236	0.01160	0.01668	0.00892	0.01056	0.00682	0.00493	0.00461	0.00154	0.00715	0.00376	0.00249	0.00726
14	0.01329	0.02339	0.59989	0.01417	0.02112	0.01186	0.03455	0.06523	0.01267	0.13737	0.01149	0.01239	0.00787	0.00533	0.00511	0.00167	0.00720	0.00423	0.00311	0.00806
15	0.02002	0.00942	0.01254	0.08992	0.01578	0.00917	0.00858	0.04472	0.12777	0.54207	0.01931	0.01782	0.01282	0.00778	0.03569	0.00194	0.00512	0.00535	0.00577	0.00842
16	0.01332	0.15712	0.50732	0.01346	0.02004	0.01308	0.04617	0.01800	0.01176	0.13579	0.01095	0.01190	0.00776	0.00515	0.00484	0.00158	0.00698	0.00404	0.00293	0.00780
17	0.09761	0.01498	0.15738	0.02675	0.56705	0.01244	0.01575	0.01625	0.01157	0.01783	0.00960	0.01228	0.00780	0.00479	0.00500	0.00160	0.00633	0.00438	0.00261	0.00800
18	0.02168	0.00853	0.01150	0.00904	0.01278	0.00737	0.00738	0.02362	0.01466	0.69440	0.02337	0.06314	0.06256	0.00752	0.00545	0.00167	0.00431	0.00621	0.00635	0.00846
19	0.10799	0.01004	0.01225	0.00987	0.01321	0.01035	0.00808	0.09930	0.09254	0.42798	0.05840	0.01714	0.01357	0.00692	0.00637	0.00172	0.08552	0.00523	0.00548	0.00804
20	0.02790	0.01398	0.16225	0.13209	0.16488	0.01157	0.01286	0.10748	0.08129	0.17554	0.01415	0.03882	0.01065	0.00614	0.00528	0.00168	0.00593	0.01564	0.00398	0.00789
21	0.03854	0.01223	0.05787	0.09870	0.30090	0.04700	0.01224	0.03883	0.06823	0.20437	0.02640	0.04738	0.01148	0.00607	0.00526	0.00165	0.00574	0.00529	0.00396	0.00786
22	0.01849	0.01167	0.04278	0.04159	0.27498	0.03593	0.03222	0.03133	0.03403	0.39859	0.01564	0.01557	0.01077	0.00575	0.00529	0.00162	0.00559	0.00502	0.00466	0.00849
23	0.01020	0.01134	0.08553	0.01397	0.04558	0.05158	0.22076	0.01289	0.01122	0.02944	0.01870	0.25691	0.04871	0.01272	0.08637	0.00257	0.03812	0.03396	0.00355	0.00588
24	0.01193	0.07490	0.23928	0.01154	0.01554	0.00972	0.07829	0.04356	0.01206	0.13093	0.03222	0.26936	0.01792	0.02081	0.00596	0.00184	0.00551	0.00800	0.00398	0.00665
25	0.14714	0.30361	0.13495	0.00978	0.01404	0.06328	0.00960	0.04121	0.01226	0.10517	0.10105	0.01388	0.01252	0.00576	0.00433	0.00144	0.00548	0.00418	0.00346	0.00684
26	0.02512	0.47580	0.15548	0.02178	0.02938	0.05424	0.01111	0.11707	0.02342	0.01643	0.00950	0.01057	0.01982	0.00510	0.00412	0.00134	0.00617	0.00354	0.00279	0.00721

[dist]
# distance from previous block
# <min> <max>
0	94

# created by:
# /st0/software/busco_prod/Augustus/scripts/msa2prfl.pl ./align_prep/223902.fa
