[name]
unknown

[dist]
# distance from previous block
# <min> <max>
0	68

[block]
# block no. 0 follows, 47 sequences, length 16
# corresponding to MSA columns:
# 71-86
name=unknown_A
#
# <colnr> <probs for GDERKNQSTAVLIFYWHMCP>
#	G	D	E	R	K	N	Q	S	T	A	V	L	I	F	Y	W	H	M	C	P
0	0.01256	0.03750	0.09293	0.02242	0.43260	0.01119	0.03480	0.01643	0.05714	0.06696	0.05024	0.01932	0.01303	0.00621	0.00535	0.00164	0.00577	0.08312	0.00334	0.02744
1	0.06680	0.01718	0.26568	0.01754	0.11584	0.01265	0.22121	0.10306	0.03497	0.01920	0.04670	0.01365	0.00964	0.00534	0.00561	0.00167	0.02785	0.00495	0.00304	0.00741
2	0.01438	0.01474	0.05560	0.02533	0.51506	0.13260	0.03493	0.01806	0.06178	0.06125	0.01089	0.01300	0.00869	0.00502	0.00512	0.00154	0.00659	0.00456	0.00298	0.00788
3	0.01371	0.01266	0.01846	0.15991	0.47161	0.06983	0.01416	0.09377	0.01322	0.03954	0.01076	0.01446	0.00884	0.00534	0.00521	0.00160	0.00641	0.02988	0.00300	0.00763
4	0.01027	0.00723	0.00817	0.00729	0.00843	0.00754	0.00502	0.17739	0.01246	0.01686	0.13175	0.02963	0.02112	0.49285	0.03922	0.00384	0.00504	0.00716	0.00400	0.00473
5	0.00638	0.00463	0.00603	0.00707	0.00753	0.00428	0.00477	0.00740	0.01036	0.01375	0.07037	0.71550	0.09113	0.01578	0.00658	0.00206	0.00296	0.01423	0.00488	0.00428
6	0.01194	0.01019	0.01125	0.05201	0.01385	0.01166	0.00807	0.02420	0.61909	0.02120	0.13611	0.02209	0.02047	0.00751	0.00542	0.00175	0.00402	0.00636	0.00521	0.00761
7	0.00737	0.00532	0.00696	0.00655	0.00778	0.00491	0.00491	0.00983	0.01474	0.02088	0.78175	0.03890	0.04914	0.01065	0.00614	0.00164	0.00246	0.00942	0.00573	0.00491
8	0.02040	0.00896	0.01178	0.00890	0.01307	0.00749	0.00730	0.02249	0.01394	0.60641	0.01789	0.01609	0.01167	0.00584	0.00491	0.00141	0.00430	0.00473	0.00565	0.20678
9	0.01080	0.00926	0.01080	0.00771	0.01234	0.00694	0.00617	0.01311	0.01080	0.01697	0.00926	0.01080	0.00771	0.00386	0.00386	0.00077	0.00386	0.00309	0.00309	0.84882
10	0.00757	0.00505	0.00568	0.00568	0.00568	0.00505	0.00316	0.00757	0.00757	0.01010	0.01641	0.03408	0.01893	0.81698	0.02651	0.00505	0.00505	0.00757	0.00316	0.00316
11	0.01107	0.11512	0.62514	0.01555	0.07114	0.01311	0.04615	0.01636	0.01105	0.01605	0.00918	0.01094	0.00676	0.00485	0.00483	0.00159	0.00740	0.00387	0.00224	0.00759
12	0.00971	0.00485	0.00485	0.00485	0.00607	0.00485	0.00364	0.01213	0.01092	0.01942	0.01699	0.01942	0.01335	0.00607	0.00364	0.00121	0.00243	0.00485	0.84589	0.00485
13	0.02238	0.00865	0.01177	0.00910	0.01296	0.00749	0.00749	0.02443	0.01490	0.74106	0.06722	0.01902	0.01511	0.00670	0.00529	0.00161	0.00431	0.00549	0.00640	0.00862
14	0.00905	0.00452	0.00678	0.00678	0.00678	0.00452	0.00452	0.00678	0.00678	0.00905	0.00905	0.01583	0.00905	0.01809	0.02035	0.84848	0.00452	0.00452	0.00226	0.00226
15	0.07008	0.06847	0.01375	0.29553	0.02058	0.01086	0.03058	0.10231	0.01207	0.03891	0.01439	0.17688	0.02647	0.00768	0.00548	0.00168	0.02625	0.00651	0.00346	0.06807

[dist]
# distance from previous block
# <min> <max>
1	4

[block]
# block no. 1 follows, 47 sequences, length 35
# corresponding to MSA columns:
# 91-94,100-104,106-131
name=unknown_B
#
# <colnr> <probs for GDERKNQSTAVLIFYWHMCP>
#	G	D	E	R	K	N	Q	S	T	A	V	L	I	F	Y	W	H	M	C	P
0	0.00704	0.00611	0.03973	0.00826	0.00914	0.00521	0.05220	0.00826	0.00984	0.01322	0.02517	0.62899	0.02963	0.12011	0.00915	0.00246	0.00383	0.01287	0.00437	0.00440
1	0.01143	0.01063	0.01764	0.47835	0.26255	0.01204	0.03862	0.06075	0.01182	0.01580	0.01003	0.01441	0.00796	0.00526	0.00526	0.00168	0.00665	0.01974	0.00263	0.00675
2	0.00757	0.00505	0.00568	0.00568	0.00568	0.00505	0.00316	0.00757	0.00757	0.01010	0.01641	0.03408	0.01893	0.81698	0.02651	0.00505	0.00505	0.00757	0.00316	0.00316
3	0.06042	0.00944	0.01498	0.51695	0.12334	0.01086	0.02735	0.01361	0.02641	0.01482	0.01108	0.07914	0.00954	0.00597	0.00514	0.00168	0.00615	0.00532	0.00272	0.05507
4	0.01089	0.05685	0.62201	0.01520	0.04604	0.01245	0.06689	0.01702	0.05836	0.01675	0.02391	0.01217	0.00807	0.00511	0.00501	0.00164	0.00732	0.00421	0.00250	0.00761
5	0.02015	0.00902	0.01178	0.00894	0.01308	0.00764	0.00733	0.02260	0.03581	0.58744	0.01795	0.01617	0.01178	0.00586	0.00492	0.00142	0.00429	0.00476	0.00563	0.20342
6	0.85377	0.01007	0.00765	0.00685	0.01007	0.01168	0.00564	0.01531	0.00886	0.02336	0.00725	0.00846	0.00564	0.00483	0.00322	0.00161	0.00403	0.00282	0.00322	0.00564
7	0.00987	0.01042	0.06658	0.75250	0.03499	0.01160	0.01478	0.01352	0.01045	0.01352	0.00926	0.01369	0.00692	0.00519	0.00519	0.00173	0.00699	0.00458	0.00231	0.00591
8	0.85377	0.01007	0.00765	0.00685	0.01007	0.01168	0.00564	0.01531	0.00886	0.02336	0.00725	0.00846	0.00564	0.00483	0.00322	0.00161	0.00403	0.00282	0.00322	0.00564
9	0.00971	0.00485	0.00485	0.00485	0.00607	0.00485	0.00364	0.01213	0.01092	0.01942	0.01699	0.01942	0.01335	0.00607	0.00364	0.00121	0.00243	0.00485	0.84589	0.00485
10	0.00722	0.00532	0.00675	0.00639	0.00769	0.00485	0.00479	0.00953	0.01438	0.02003	0.69069	0.04030	0.14073	0.01096	0.00614	0.00165	0.00248	0.00961	0.00562	0.00485
11	0.02072	0.00961	0.01214	0.00963	0.01339	0.00918	0.00785	0.08030	0.15556	0.56877	0.04219	0.01827	0.01420	0.00667	0.00527	0.00164	0.00441	0.00544	0.00612	0.00863
12	0.00757	0.00505	0.00568	0.00568	0.00568	0.00505	0.00316	0.00757	0.00757	0.01010	0.01641	0.03408	0.01893	0.81698	0.02651	0.00505	0.00505	0.00757	0.00316	0.00316
13	0.01133	0.22980	0.59493	0.01333	0.02019	0.01427	0.01660	0.01626	0.01089	0.01541	0.00881	0.01032	0.00662	0.00482	0.00454	0.00151	0.00715	0.00358	0.00221	0.00744
14	0.02336	0.00886	0.01209	0.00927	0.01329	0.00765	0.00765	0.02538	0.01491	0.78810	0.02055	0.01773	0.01289	0.00645	0.00524	0.00161	0.00443	0.00524	0.00645	0.00886
15	0.01092	0.00811	0.00991	0.15556	0.01379	0.00892	0.00687	0.19058	0.01215	0.01614	0.01414	0.02516	0.01429	0.47201	0.01745	0.00360	0.00556	0.00634	0.00349	0.00501
16	0.02336	0.00886	0.01209	0.00927	0.01329	0.00765	0.00765	0.02538	0.01491	0.78810	0.02055	0.01773	0.01289	0.00645	0.00524	0.00161	0.00443	0.00524	0.00645	0.00886
17	0.01200	0.06500	0.06302	0.08530	0.01784	0.01357	0.14303	0.01438	0.00998	0.06192	0.01002	0.03588	0.00861	0.00723	0.01057	0.00191	0.37005	0.00504	0.05844	0.00622
18	0.01945	0.02482	0.01476	0.01342	0.01610	0.79608	0.01006	0.02079	0.01476	0.01275	0.00805	0.00939	0.00671	0.00537	0.00470	0.00134	0.00939	0.00335	0.00268	0.00604
19	0.01392	0.82012	0.02729	0.00891	0.01337	0.02061	0.00891	0.01559	0.01058	0.01225	0.00724	0.00835	0.00668	0.00446	0.00334	0.00111	0.00557	0.00278	0.00223	0.00668
20	0.00728	0.00532	0.00684	0.00646	0.00773	0.00488	0.00484	0.00966	0.01453	0.02038	0.72840	0.03972	0.10279	0.01083	0.00614	0.00165	0.00247	0.00953	0.00567	0.00488
21	0.01295	0.01119	0.01178	0.01060	0.01354	0.01295	0.00824	0.02767	0.77509	0.02178	0.02120	0.01943	0.01590	0.00707	0.00530	0.00177	0.00412	0.00589	0.00530	0.00824
22	0.00683	0.00498	0.00642	0.00673	0.00762	0.00458	0.00479	0.00852	0.01246	0.01705	0.39652	0.36830	0.10932	0.01328	0.00636	0.00185	0.00271	0.01184	0.00527	0.00458
23	0.00730	0.00532	0.00686	0.00648	0.00774	0.00488	0.00486	0.00969	0.01457	0.02049	0.73935	0.03955	0.09179	0.01079	0.00614	0.00164	0.00247	0.00951	0.00568	0.00488
24	0.00757	0.00505	0.00568	0.00568	0.00568	0.00505	0.00316	0.00757	0.00757	0.01010	0.01641	0.03408	0.01893	0.81698	0.02651	0.00505	0.00505	0.00757	0.00316	0.00316
25	0.01040	0.00984	0.01664	0.66098	0.17492	0.01172	0.01474	0.01380	0.01068	0.01399	0.00936	0.01370	0.00718	0.00510	0.00520	0.00170	0.00680	0.00463	0.00236	0.00624
26	0.01056	0.02563	0.72136	0.01500	0.02218	0.01235	0.04268	0.01627	0.01086	0.01627	0.00924	0.01112	0.00665	0.00517	0.00568	0.00169	0.05355	0.00396	0.00222	0.00756
27	0.01380	0.01673	0.06943	0.01554	0.03472	0.25602	0.19745	0.02875	0.01188	0.01439	0.01033	0.08028	0.00948	0.00698	0.00838	0.00178	0.20965	0.00541	0.00276	0.00625
28	0.01053	0.00717	0.00887	0.00755	0.00992	0.00647	0.00584	0.06210	0.03091	0.09655	0.43270	0.07836	0.03274	0.00883	0.00554	0.00149	0.00323	0.00766	0.00516	0.17836
29	0.85377	0.01007	0.00765	0.00685	0.01007	0.01168	0.00564	0.01531	0.00886	0.02336	0.00725	0.00846	0.00564	0.00483	0.00322	0.00161	0.00403	0.00282	0.00322	0.00564
30	0.01799	0.01312	0.01400	0.01101	0.01471	0.01451	0.00900	0.61163	0.08879	0.03024	0.01380	0.01394	0.01001	0.00630	0.00503	0.00154	0.00519	0.00481	0.10605	0.00832
31	0.01217	0.01345	0.02815	0.07440	0.11821	0.01305	0.60389	0.01625	0.01199	0.01638	0.01025	0.01382	0.00785	0.00461	0.00629	0.00174	0.03203	0.00582	0.00260	0.00705
32	0.06746	0.01198	0.01554	0.01329	0.01384	0.05982	0.03251	0.01321	0.00856	0.01337	0.00725	0.01143	0.00696	0.00935	0.03780	0.00234	0.66275	0.00445	0.00239	0.00572
33	0.00776	0.00610	0.00854	0.00851	0.00948	0.02788	0.00661	0.00961	0.00854	0.01211	0.01379	0.02016	0.01285	0.03815	0.77492	0.00818	0.01383	0.00552	0.00279	0.00469
34	0.01110	0.01100	0.01589	0.16056	0.01779	0.01514	0.01196	0.01268	0.00843	0.01268	0.00729	0.01186	0.00686	0.00839	0.01488	0.00218	0.65876	0.00457	0.00229	0.00571

[dist]
# distance from previous block
# <min> <max>
1	3

[block]
# block no. 2 follows, 47 sequences, length 36
# corresponding to MSA columns:
# 154-181,185-191,193
name=unknown_C
#
# <colnr> <probs for GDERKNQSTAVLIFYWHMCP>
#	G	D	E	R	K	N	Q	S	T	A	V	L	I	F	Y	W	H	M	C	P
0	0.01392	0.82012	0.02729	0.00891	0.01337	0.02061	0.00891	0.01559	0.01058	0.01225	0.00724	0.00835	0.00668	0.00446	0.00334	0.00111	0.00557	0.00278	0.00223	0.00668
1	0.01796	0.01947	0.01406	0.01237	0.01527	0.46982	0.00954	0.20801	0.07762	0.01863	0.01195	0.05712	0.01022	0.00660	0.00506	0.00151	0.00756	0.02673	0.00371	0.00679
2	0.13041	0.05671	0.01407	0.01052	0.01422	0.04317	0.00868	0.49970	0.05721	0.02806	0.01215	0.01253	0.00895	0.00596	0.00470	0.00152	0.00528	0.00436	0.07396	0.00784
3	0.01059	0.00926	0.01183	0.17809	0.01737	0.00793	0.00794	0.01315	0.01072	0.01619	0.00926	0.01146	0.00755	0.00415	0.00415	0.00098	0.00452	0.00342	0.00292	0.66854
4	0.01286	0.01383	0.01573	0.01363	0.01411	0.15774	0.01115	0.01403	0.00921	0.01257	0.00706	0.01103	0.00681	0.00843	0.01484	0.00211	0.66240	0.00434	0.00235	0.00576
5	0.00744	0.00558	0.00837	0.00837	0.00930	0.00651	0.00651	0.00930	0.00837	0.01209	0.01395	0.02046	0.01302	0.03906	0.79635	0.00837	0.01395	0.00558	0.00279	0.00465
6	0.01238	0.01042	0.01100	0.00993	0.01276	0.01180	0.00772	0.02520	0.66577	0.03883	0.02496	0.02307	0.10771	0.00778	0.00540	0.00176	0.00395	0.00648	0.00527	0.00780
7	0.00716	0.00531	0.00666	0.00633	0.00765	0.00482	0.00474	0.00941	0.01423	0.01968	0.65269	0.04089	0.17895	0.01110	0.00614	0.00166	0.00249	0.00970	0.00557	0.00482
8	0.00628	0.00528	0.00544	0.00540	0.00711	0.00445	0.00405	0.00771	0.01216	0.01475	0.12529	0.04900	0.70943	0.01294	0.00615	0.00175	0.00262	0.01083	0.00493	0.00445
9	0.00633	0.00487	0.00571	0.00635	0.00724	0.00434	0.00438	0.00736	0.01062	0.01344	0.03795	0.45741	0.34161	0.05795	0.00751	0.00213	0.00297	0.01285	0.00474	0.00424
10	0.85377	0.01007	0.00765	0.00685	0.01007	0.01168	0.00564	0.01531	0.00886	0.02336	0.00725	0.00846	0.00564	0.00483	0.00322	0.00161	0.00403	0.00282	0.00322	0.00564
11	0.01980	0.01459	0.01563	0.01198	0.01615	0.01615	0.00990	0.76713	0.02448	0.03282	0.01250	0.01250	0.00886	0.00625	0.00521	0.00156	0.00573	0.00469	0.00521	0.00886
12	0.01279	0.01372	0.01574	0.01363	0.01409	0.15124	0.01116	0.01397	0.00915	0.01257	0.00705	0.01105	0.00681	0.00846	0.01494	0.00212	0.66905	0.00435	0.00235	0.00576
13	0.05661	0.00913	0.01480	0.69787	0.05172	0.01120	0.01349	0.01316	0.01034	0.01396	0.01020	0.05657	0.00838	0.00577	0.00517	0.00174	0.00655	0.00508	0.00251	0.00576
14	0.01945	0.02482	0.01476	0.01342	0.01610	0.79608	0.01006	0.02079	0.01476	0.01275	0.00805	0.00939	0.00671	0.00537	0.00470	0.00134	0.00939	0.00335	0.00268	0.00604
15	0.01126	0.01061	0.01781	0.48059	0.33251	0.01199	0.01497	0.03085	0.01129	0.01520	0.00954	0.01346	0.00750	0.00500	0.00519	0.00166	0.00662	0.00463	0.00248	0.00683
16	0.00983	0.00926	0.01562	0.80447	0.03587	0.01157	0.01446	0.01331	0.01041	0.01331	0.00926	0.01388	0.00694	0.00521	0.00521	0.00174	0.00694	0.00463	0.00231	0.00579
17	0.00654	0.00465	0.00617	0.00731	0.00765	0.00438	0.00496	0.00749	0.00996	0.01326	0.02796	0.72470	0.03332	0.06002	0.00777	0.00229	0.00324	0.05939	0.00474	0.00421
18	0.01244	0.01210	0.01971	0.20119	0.59421	0.03840	0.01545	0.01555	0.01164	0.01606	0.00962	0.01299	0.00791	0.00479	0.00515	0.00158	0.00646	0.00459	0.00252	0.00763
19	0.00628	0.00532	0.00545	0.00552	0.00724	0.00449	0.00420	0.00766	0.01188	0.01415	0.05136	0.05060	0.74058	0.01326	0.00621	0.00179	0.00276	0.05202	0.00483	0.00442
20	0.01098	0.02193	0.56254	0.01473	0.02119	0.01123	0.12250	0.01608	0.01134	0.05772	0.01277	0.06936	0.03216	0.00599	0.00529	0.00170	0.00719	0.00523	0.00275	0.00732
21	0.00969	0.00584	0.00770	0.00695	0.00858	0.00531	0.00531	0.01209	0.01476	0.13226	0.67125	0.03583	0.04388	0.01004	0.00601	0.00163	0.00274	0.00881	0.00584	0.00549
22	0.01498	0.66897	0.02495	0.00971	0.01389	0.13915	0.00912	0.04383	0.01173	0.01308	0.00756	0.00866	0.00677	0.00466	0.00362	0.00117	0.00616	0.00294	0.00241	0.00666
23	0.85377	0.01007	0.00765	0.00685	0.01007	0.01168	0.00564	0.01531	0.00886	0.02336	0.00725	0.00846	0.00564	0.00483	0.00322	0.00161	0.00403	0.00282	0.00322	0.00564
24	0.01267	0.01224	0.04163	0.13928	0.51886	0.02376	0.06071	0.03179	0.01208	0.04422	0.01205	0.01479	0.04209	0.00520	0.00526	0.00160	0.00632	0.00499	0.00283	0.00764
25	0.01410	0.01137	0.01219	0.01053	0.01377	0.01273	0.00829	0.11492	0.60512	0.05668	0.01940	0.01800	0.01442	0.00674	0.00520	0.00167	0.00431	0.00554	0.00520	0.05981
26	0.00856	0.00608	0.02206	0.00697	0.00853	0.00540	0.00543	0.01132	0.03131	0.06919	0.70265	0.03662	0.04533	0.01020	0.00604	0.00164	0.00272	0.00897	0.00570	0.00529
27	0.00794	0.00545	0.00714	0.00665	0.00798	0.00501	0.00501	0.01038	0.01475	0.04838	0.75447	0.03814	0.04784	0.01050	0.00611	0.00164	0.00253	0.00927	0.00576	0.00506
28	0.01392	0.82012	0.02729	0.00891	0.01337	0.02061	0.00891	0.01559	0.01058	0.01225	0.00724	0.00835	0.00668	0.00446	0.00334	0.00111	0.00557	0.00278	0.00223	0.00668
29	0.01042	0.01122	0.19684	0.00924	0.01252	0.00720	0.02555	0.01370	0.01374	0.12659	0.45475	0.02894	0.05066	0.00861	0.00573	0.00164	0.00414	0.00746	0.00489	0.00617
30	0.01789	0.01262	0.17926	0.01022	0.01478	0.00863	0.00986	0.02154	0.05592	0.46776	0.08129	0.01772	0.01442	0.00635	0.00517	0.00158	0.00492	0.00519	0.00520	0.05967
31	0.65375	0.05501	0.00966	0.00749	0.01093	0.01168	0.00626	0.03834	0.01035	0.14234	0.00947	0.01001	0.00692	0.00510	0.00360	0.00158	0.00423	0.00325	0.00373	0.00629
32	0.03029	0.00710	0.00814	0.00729	0.00937	0.00682	0.00563	0.09048	0.06089	0.01989	0.34772	0.06823	0.20542	0.01013	0.00576	0.00163	0.00319	0.02591	0.00508	0.08103
33	0.54968	0.12181	0.01081	0.00738	0.01065	0.01172	0.00624	0.01590	0.01044	0.10905	0.09345	0.01283	0.01137	0.00560	0.00379	0.00155	0.00412	0.00381	0.00373	0.00607
34	0.00646	0.00462	0.00615	0.00717	0.00758	0.00431	0.00484	0.00755	0.01052	0.01417	0.11531	0.72449	0.03613	0.01566	0.00659	0.00206	0.00296	0.01419	0.00494	0.00431
35	0.01079	0.00600	0.00621	0.00579	0.00733	0.00621	0.00446	0.09887	0.01240	0.02071	0.01637	0.01866	0.01282	0.00719	0.03033	0.00149	0.00319	0.00486	0.72101	0.00531

[dist]
# distance from previous block
# <min> <max>
0	2

[block]
# block no. 3 follows, 47 sequences, length 22
# corresponding to MSA columns:
# 196-207,210-219
name=unknown_D
#
# <colnr> <probs for GDERKNQSTAVLIFYWHMCP>
#	G	D	E	R	K	N	Q	S	T	A	V	L	I	F	Y	W	H	M	C	P
0	0.01825	0.01370	0.01479	0.01133	0.01551	0.01473	0.00931	0.63072	0.05448	0.03014	0.01242	0.01256	0.00900	0.00595	0.00502	0.00146	0.00540	0.00452	0.00492	0.12578
1	0.01647	0.01310	0.01313	0.01093	0.01404	0.08962	0.00863	0.44524	0.10228	0.04368	0.01608	0.15029	0.01415	0.03026	0.00600	0.00175	0.00540	0.00651	0.00488	0.00757
2	0.05341	0.01187	0.08416	0.01102	0.01510	0.01044	0.07045	0.15303	0.09189	0.33846	0.07738	0.01739	0.01409	0.00643	0.00525	0.00163	0.00507	0.00538	0.01954	0.00802
3	0.00757	0.00505	0.00568	0.00568	0.00568	0.00505	0.00316	0.00757	0.00757	0.01010	0.01641	0.03408	0.01893	0.81698	0.02651	0.00505	0.00505	0.00757	0.00316	0.00316
4	0.01169	0.01772	0.25691	0.04205	0.04582	0.01278	0.50195	0.01651	0.01184	0.01654	0.01012	0.01310	0.00749	0.00459	0.00574	0.00172	0.00834	0.00538	0.00249	0.00722
5	0.04792	0.01278	0.01505	0.18638	0.02005	0.01429	0.01057	0.51323	0.02004	0.08983	0.01225	0.01309	0.00865	0.00599	0.00514	0.00161	0.00583	0.00465	0.00460	0.00806
6	0.00745	0.00555	0.00821	0.00821	0.00909	0.00642	0.00631	0.00920	0.00832	0.01197	0.01409	0.02126	0.01337	0.08474	0.75114	0.00817	0.01343	0.00570	0.00281	0.00456
7	0.00905	0.00452	0.00678	0.00678	0.00678	0.00452	0.00452	0.00678	0.00678	0.00905	0.00905	0.01583	0.00905	0.01809	0.02035	0.84848	0.00452	0.00452	0.00226	0.00226
8	0.00615	0.00528	0.00528	0.00528	0.00703	0.00440	0.00396	0.00747	0.01187	0.01407	0.05276	0.05012	0.78238	0.01319	0.00615	0.00176	0.00264	0.01099	0.00484	0.00440
9	0.01844	0.07946	0.01584	0.01132	0.01530	0.01579	0.00943	0.62706	0.06680	0.02987	0.01280	0.01290	0.00930	0.00614	0.00499	0.00152	0.00547	0.00461	0.04451	0.00846
10	0.00646	0.00527	0.00560	0.00552	0.00707	0.00453	0.00407	0.00789	0.01206	0.01497	0.17625	0.04705	0.60195	0.06924	0.00758	0.00197	0.00278	0.01048	0.00487	0.00440
11	0.00846	0.07059	0.00975	0.07253	0.01115	0.00764	0.00678	0.01047	0.00922	0.01347	0.01441	0.06602	0.01335	0.02681	0.49234	0.00571	0.01018	0.00571	0.14049	0.00491
12	0.01351	0.69135	0.08834	0.01044	0.01522	0.01932	0.07129	0.01575	0.01075	0.01295	0.00768	0.00903	0.00678	0.00449	0.00370	0.00121	0.00600	0.00314	0.00226	0.00679
13	0.85377	0.01007	0.00765	0.00685	0.01007	0.01168	0.00564	0.01531	0.00886	0.02336	0.00725	0.00846	0.00564	0.00483	0.00322	0.00161	0.00403	0.00282	0.00322	0.00564
14	0.00791	0.00571	0.00738	0.05489	0.00982	0.00572	0.00572	0.06863	0.01154	0.01571	0.08662	0.57969	0.03050	0.03221	0.00670	0.00203	0.00344	0.01227	0.04875	0.00475
15	0.00620	0.00528	0.00534	0.00532	0.00706	0.00442	0.00399	0.00756	0.01197	0.01431	0.07916	0.04971	0.75582	0.01310	0.00615	0.00175	0.00263	0.01093	0.00487	0.00442
16	0.01643	0.01224	0.01314	0.01053	0.01397	0.01343	0.00854	0.51280	0.12729	0.02840	0.07767	0.01823	0.05939	0.00712	0.00526	0.00159	0.00486	0.00562	0.05554	0.00795
17	0.00648	0.00529	0.00572	0.00561	0.00723	0.00453	0.00421	0.00809	0.01263	0.01586	0.24496	0.04716	0.58905	0.01252	0.00615	0.00173	0.00259	0.01058	0.00507	0.00453
18	0.85377	0.01007	0.00765	0.00685	0.01007	0.01168	0.00564	0.01531	0.00886	0.02336	0.00725	0.00846	0.00564	0.00483	0.00322	0.00161	0.00403	0.00282	0.00322	0.00564
19	0.01317	0.01367	0.03451	0.04571	0.56059	0.07228	0.11409	0.01665	0.03322	0.01660	0.01000	0.01292	0.00821	0.00483	0.00547	0.00158	0.02127	0.00476	0.00265	0.00781
20	0.85377	0.01007	0.00765	0.00685	0.01007	0.01168	0.00564	0.01531	0.00886	0.02336	0.00725	0.00846	0.00564	0.00483	0.00322	0.00161	0.00403	0.00282	0.00322	0.00564
21	0.01069	0.07825	0.12559	0.43076	0.12121	0.01220	0.06578	0.01428	0.01088	0.01448	0.01082	0.01414	0.03505	0.00523	0.00507	0.00163	0.00673	0.00466	0.00246	0.03012

[dist]
# distance from previous block
# <min> <max>
0	1

[block]
# block no. 4 follows, 47 sequences, length 44
# corresponding to MSA columns:
# 221-235,239-267
name=unknown_E
#
# <colnr> <probs for GDERKNQSTAVLIFYWHMCP>
#	G	D	E	R	K	N	Q	S	T	A	V	L	I	F	Y	W	H	M	C	P
0	0.01054	0.00899	0.01053	0.00769	0.01207	0.00679	0.00609	0.01278	0.01075	0.01676	0.01037	0.05673	0.00924	0.00457	0.00402	0.00085	0.00381	0.00376	0.00319	0.80049
1	0.15546	0.00895	0.00758	0.00715	0.00820	0.11687	0.00474	0.03300	0.00929	0.01342	0.01355	0.02559	0.01464	0.54001	0.01883	0.00384	0.00550	0.00608	0.00316	0.00415
2	0.01299	0.01481	0.02770	0.02069	0.04625	0.08643	0.61940	0.01747	0.04860	0.01646	0.01070	0.01377	0.00815	0.00473	0.00621	0.00172	0.02839	0.00579	0.00275	0.00699
3	0.01905	0.11703	0.01612	0.01256	0.01561	0.61435	0.00977	0.06204	0.01482	0.05990	0.00895	0.00994	0.00719	0.00537	0.00460	0.00134	0.00844	0.00347	0.00299	0.00644
4	0.00680	0.00502	0.00643	0.00692	0.00780	0.00456	0.00488	0.00824	0.01150	0.01556	0.22954	0.48423	0.11615	0.01398	0.00637	0.00191	0.00290	0.02615	0.00501	0.03605
5	0.00790	0.00526	0.00677	0.00660	0.00775	0.00488	0.00487	0.01008	0.01359	0.04299	0.56118	0.16722	0.04226	0.01105	0.00597	0.00168	0.00261	0.00978	0.08264	0.00491
6	0.00777	0.00548	0.00662	0.00649	0.00662	0.00586	0.00408	0.00809	0.00770	0.01051	0.01554	0.03094	0.01745	0.66503	0.13181	0.00535	0.05099	0.00713	0.00306	0.00350
7	0.01206	0.01555	0.12713	0.02134	0.06407	0.01306	0.61416	0.01652	0.01200	0.01657	0.01026	0.01353	0.00773	0.00459	0.00621	0.00174	0.02803	0.00574	0.00257	0.00714
8	0.00905	0.00452	0.00678	0.00678	0.00678	0.00452	0.00452	0.00678	0.00678	0.00905	0.00905	0.01583	0.00905	0.01809	0.02035	0.84848	0.00452	0.00452	0.00226	0.00226
9	0.00886	0.00705	0.00985	0.00938	0.01070	0.00718	0.06928	0.08645	0.05734	0.01650	0.06740	0.53481	0.02834	0.01315	0.00673	0.00199	0.03237	0.02270	0.00468	0.00527
10	0.01384	0.79311	0.02691	0.00907	0.01338	0.02045	0.00899	0.01549	0.01049	0.01226	0.00723	0.00846	0.00669	0.00461	0.00380	0.00115	0.03235	0.00284	0.00223	0.00665
11	0.01655	0.01226	0.01355	0.01035	0.01454	0.01246	0.00844	0.41781	0.08981	0.07172	0.01278	0.01293	0.00940	0.00559	0.00480	0.00134	0.00492	0.00433	0.00463	0.27180
12	0.01558	0.14130	0.12951	0.01481	0.09078	0.32761	0.05648	0.07003	0.01342	0.01551	0.00904	0.01077	0.00732	0.00528	0.00515	0.00144	0.03969	0.00383	0.03567	0.00678
13	0.01080	0.00926	0.01080	0.00771	0.01234	0.00694	0.00617	0.01311	0.01080	0.01697	0.00926	0.01080	0.00771	0.00386	0.00386	0.00077	0.00386	0.00309	0.00309	0.84882
14	0.01946	0.02451	0.01478	0.01337	0.01610	0.77216	0.01006	0.04368	0.01506	0.01336	0.00819	0.00949	0.00677	0.00539	0.00471	0.00135	0.00928	0.00339	0.00276	0.00612
15	0.00956	0.00584	0.00709	0.07118	0.00964	0.00584	0.02595	0.01186	0.01053	0.01752	0.01568	0.03422	0.01313	0.08068	0.02428	0.00177	0.00360	0.00518	0.57688	0.06958
16	0.06710	0.03837	0.01570	0.01522	0.13886	0.28263	0.01054	0.23443	0.08768	0.02066	0.01074	0.01176	0.00837	0.00572	0.00521	0.00152	0.03028	0.00417	0.00365	0.00739
17	0.00728	0.00532	0.00683	0.00645	0.00772	0.00487	0.00484	0.00965	0.01452	0.02036	0.72596	0.03976	0.10525	0.01084	0.00614	0.00165	0.00247	0.00954	0.00566	0.00487
18	0.01210	0.01352	0.02884	0.09271	0.07019	0.01298	0.65642	0.01634	0.01210	0.01640	0.01038	0.01397	0.00783	0.00448	0.00601	0.00174	0.00847	0.00593	0.00260	0.00698
19	0.00745	0.00555	0.00822	0.00822	0.00909	0.00643	0.00632	0.00920	0.00832	0.01198	0.01409	0.02124	0.01336	0.08357	0.75230	0.00818	0.01344	0.00569	0.00281	0.00456
20	0.00715	0.00531	0.00666	0.00632	0.00764	0.00482	0.00474	0.00940	0.01422	0.01965	0.64956	0.04093	0.18210	0.01111	0.00614	0.00166	0.00249	0.00970	0.00557	0.00482
21	0.85377	0.01007	0.00765	0.00685	0.01007	0.01168	0.00564	0.01531	0.00886	0.02336	0.00725	0.00846	0.00564	0.00483	0.00322	0.00161	0.00403	0.00282	0.00322	0.00564
22	0.00634	0.00453	0.00604	0.00725	0.00755	0.00423	0.00483	0.00725	0.00997	0.01329	0.02870	0.81358	0.03444	0.01632	0.00665	0.00211	0.00302	0.01480	0.00483	0.00423
23	0.01980	0.01459	0.01563	0.01198	0.01615	0.01615	0.00990	0.76713	0.02448	0.03282	0.01250	0.01250	0.00886	0.00625	0.00521	0.00156	0.00573	0.00469	0.00521	0.00886
24	0.01980	0.01459	0.01563	0.01198	0.01615	0.01615	0.00990	0.76713	0.02448	0.03282	0.01250	0.01250	0.00886	0.00625	0.00521	0.00156	0.00573	0.00469	0.00521	0.00886
25	0.00905	0.00452	0.00678	0.00678	0.00678	0.00452	0.00452	0.00678	0.00678	0.00905	0.00905	0.01583	0.00905	0.01809	0.02035	0.84848	0.00452	0.00452	0.00226	0.00226
26	0.01392	0.82012	0.02729	0.00891	0.01337	0.02061	0.00891	0.01559	0.01058	0.01225	0.00724	0.00835	0.00668	0.00446	0.00334	0.00111	0.00557	0.00278	0.00223	0.00668
27	0.01282	0.01230	0.02101	0.04993	0.76709	0.01235	0.01595	0.01592	0.01182	0.01693	0.00978	0.01291	0.00822	0.00465	0.00516	0.00155	0.00620	0.00464	0.00257	0.00819
28	0.01117	0.01102	0.01534	0.01320	0.01320	0.01530	0.01090	0.01224	0.00795	0.01239	0.00741	0.01274	0.00756	0.05714	0.01765	0.00244	0.75975	0.00474	0.00233	0.00555
29	0.00737	0.00532	0.00696	0.00655	0.00778	0.00491	0.00491	0.00983	0.01474	0.02088	0.78175	0.03890	0.04914	0.01065	0.00614	0.00164	0.00246	0.00942	0.00573	0.00491
30	0.78274	0.01027	0.00879	0.00897	0.07548	0.01174	0.00651	0.01537	0.00912	0.02283	0.00747	0.00883	0.00586	0.00482	0.00339	0.00161	0.00421	0.00297	0.00317	0.00586
31	0.00744	0.00558	0.00837	0.00837	0.00930	0.00651	0.00651	0.00930	0.00837	0.01209	0.01395	0.02046	0.01302	0.03906	0.79635	0.00837	0.01395	0.00558	0.00279	0.00465
32	0.00983	0.00926	0.01562	0.80447	0.03587	0.01157	0.01446	0.01331	0.01041	0.01331	0.00926	0.01388	0.00694	0.00521	0.00521	0.00174	0.00694	0.00463	0.00231	0.00579
33	0.01945	0.02482	0.01476	0.01342	0.01610	0.79608	0.01006	0.02079	0.01476	0.01275	0.00805	0.00939	0.00671	0.00537	0.00470	0.00134	0.00939	0.00335	0.00268	0.00604
34	0.00689	0.00530	0.00630	0.00605	0.00749	0.00471	0.00454	0.00890	0.01362	0.01821	0.49592	0.04330	0.33663	0.01164	0.00615	0.00169	0.00253	0.01003	0.00538	0.00471
35	0.01780	0.01777	0.01481	0.10361	0.01804	0.33567	0.01026	0.31384	0.06147	0.02126	0.01172	0.01265	0.02599	0.00597	0.00502	0.00151	0.00721	0.00435	0.00383	0.00721
36	0.00719	0.00526	0.00675	0.00650	0.00770	0.00482	0.00483	0.00943	0.01413	0.01972	0.66176	0.10108	0.10877	0.01131	0.00618	0.00169	0.00252	0.00997	0.00559	0.00482
37	0.00765	0.00500	0.00661	0.00747	0.00808	0.00470	0.00524	0.00872	0.01032	0.05764	0.02753	0.60301	0.04523	0.08224	0.00828	0.00236	0.00347	0.09721	0.00478	0.00447
38	0.01230	0.00976	0.01146	0.00837	0.01276	0.00808	0.00676	0.07748	0.01209	0.06227	0.01009	0.01136	0.00808	0.00439	0.00452	0.00094	0.03255	0.00340	0.00343	0.69991
39	0.01010	0.00704	0.00856	0.00820	0.00982	0.00697	0.00609	0.11847	0.05855	0.06104	0.13390	0.40417	0.02861	0.03209	0.00657	0.00193	0.00363	0.03674	0.00500	0.05254
40	0.01463	0.00980	0.01154	0.01007	0.02390	0.01024	0.00782	0.02280	0.38397	0.21025	0.01934	0.06542	0.01500	0.00802	0.02527	0.00182	0.03121	0.01652	0.00508	0.10731
41	0.01167	0.01126	0.01751	0.02898	0.01708	0.01147	0.19957	0.04084	0.02319	0.01626	0.00923	0.01204	0.00768	0.00558	0.00812	0.00149	0.22293	0.00439	0.00285	0.34785
42	0.01517	0.06774	0.01585	0.03189	0.01598	0.34497	0.09606	0.06252	0.07795	0.01580	0.01331	0.01564	0.05217	0.00632	0.00561	0.00152	0.04960	0.02944	0.05144	0.03100
43	0.01255	0.01286	0.01438	0.02824	0.01404	0.15083	0.02868	0.05586	0.02908	0.01466	0.05586	0.07651	0.01204	0.00941	0.03237	0.00212	0.42129	0.00552	0.00303	0.02066

[dist]
# distance from previous block
# <min> <max>
10	32

[block]
# block no. 5 follows, 47 sequences, length 42
# corresponding to MSA columns:
# 303-344
name=unknown_F
#
# <colnr> <probs for GDERKNQSTAVLIFYWHMCP>
#	G	D	E	R	K	N	Q	S	T	A	V	L	I	F	Y	W	H	M	C	P
0	0.03804	0.16609	0.34944	0.01249	0.04580	0.04284	0.03171	0.01600	0.01119	0.09297	0.01298	0.01424	0.06141	0.00651	0.00598	0.05776	0.02037	0.00438	0.00290	0.00688
1	0.09618	0.02917	0.03301	0.02039	0.24786	0.07824	0.22114	0.11657	0.02815	0.01903	0.00997	0.01236	0.00786	0.00517	0.00585	0.00164	0.05225	0.00475	0.00304	0.00737
2	0.06913	0.00719	0.01004	0.11793	0.01302	0.00783	0.03634	0.07167	0.06007	0.01370	0.01009	0.01495	0.00891	0.01317	0.01430	0.51511	0.00506	0.00459	0.00279	0.00410
3	0.73751	0.00947	0.00764	0.00689	0.00987	0.01079	0.00560	0.01482	0.00952	0.04008	0.07170	0.03795	0.01032	0.00573	0.00362	0.00163	0.00388	0.00381	0.00355	0.00561
4	0.00643	0.00462	0.00597	0.00701	0.00737	0.00431	0.00465	0.00729	0.00988	0.01308	0.02907	0.70707	0.07564	0.08103	0.00823	0.00233	0.00316	0.01400	0.00470	0.00415
5	0.24814	0.02565	0.19822	0.01146	0.07136	0.02037	0.01030	0.01800	0.01157	0.24002	0.02893	0.03732	0.01009	0.00610	0.00499	0.02284	0.00522	0.00445	0.00391	0.02104
6	0.01671	0.12961	0.01956	0.01580	0.09023	0.43825	0.12426	0.04781	0.01367	0.01445	0.00861	0.01048	0.00712	0.00520	0.00526	0.00144	0.03836	0.00392	0.00269	0.00658
7	0.00756	0.00509	0.00591	0.00591	0.00599	0.00518	0.00345	0.00772	0.00764	0.01027	0.01620	0.03290	0.01842	0.74964	0.09315	0.00534	0.00582	0.00740	0.00312	0.00328
8	0.00637	0.00454	0.00604	0.00722	0.00751	0.00425	0.00480	0.00726	0.00992	0.01323	0.02844	0.79720	0.03412	0.03314	0.00706	0.00218	0.00306	0.01465	0.00480	0.00421
9	0.01118	0.02677	0.72717	0.01473	0.02202	0.07563	0.01850	0.01684	0.01130	0.01619	0.00924	0.01086	0.00661	0.00498	0.00493	0.00162	0.00783	0.00381	0.00224	0.00756
10	0.03597	0.01773	0.01491	0.01219	0.01576	0.28032	0.00971	0.48025	0.02054	0.02549	0.01100	0.01154	0.00818	0.00592	0.00496	0.00148	0.00686	0.00420	0.02527	0.00774
11	0.06674	0.00782	0.02844	0.00790	0.00882	0.07016	0.00580	0.06159	0.00891	0.01214	0.00909	0.01446	0.00855	0.01502	0.01649	0.64275	0.00505	0.00431	0.00256	0.00339
12	0.01229	0.43461	0.37487	0.01200	0.01796	0.01651	0.03628	0.01604	0.01082	0.01432	0.00830	0.00973	0.00668	0.00468	0.00416	0.00138	0.00663	0.00337	0.00223	0.00715
13	0.00658	0.00463	0.00597	0.00695	0.00720	0.00439	0.00451	0.00731	0.00951	0.01268	0.02636	0.66507	0.03149	0.16886	0.01043	0.00267	0.00341	0.01343	0.00451	0.00403
14	0.02002	0.01377	0.01518	0.01168	0.01571	0.01506	0.00965	0.65110	0.02280	0.12880	0.01337	0.01314	0.00932	0.00636	0.00555	0.00159	0.02810	0.00476	0.00529	0.00877
15	0.01392	0.82012	0.02729	0.00891	0.01337	0.02061	0.00891	0.01559	0.01058	0.01225	0.00724	0.00835	0.00668	0.00446	0.00334	0.00111	0.00557	0.00278	0.00223	0.00668
16	0.01009	0.00654	0.00826	0.00805	0.00969	0.00637	0.00637	0.02996	0.07685	0.10641	0.25081	0.09399	0.08778	0.06488	0.00762	0.00212	0.00376	0.20974	0.00521	0.00550
17	0.00810	0.00767	0.06078	0.00871	0.01014	0.00685	0.05893	0.00987	0.01049	0.01456	0.15686	0.17085	0.08863	0.19104	0.06284	0.00299	0.06998	0.02591	0.03008	0.00473
18	0.00757	0.00505	0.00568	0.00568	0.00568	0.00505	0.00316	0.00757	0.00757	0.01010	0.01641	0.03408	0.01893	0.81698	0.02651	0.00505	0.00505	0.00757	0.00316	0.00316
19	0.00751	0.00633	0.03036	0.00676	0.00838	0.00554	0.00527	0.01054	0.07466	0.01779	0.35628	0.13256	0.26418	0.01147	0.00601	0.00173	0.00287	0.00992	0.03682	0.00503
20	0.00717	0.00527	0.00672	0.00646	0.00769	0.00481	0.00481	0.00941	0.01412	0.01965	0.65414	0.09151	0.12624	0.01129	0.00618	0.00168	0.00251	0.00994	0.00558	0.00481
21	0.76600	0.04022	0.00826	0.00685	0.00990	0.01158	0.00560	0.01481	0.00884	0.02207	0.00786	0.01016	0.00656	0.05872	0.00477	0.00182	0.00415	0.00313	0.00318	0.00551
22	0.03951	0.05730	0.12756	0.01276	0.09426	0.04236	0.01036	0.14919	0.13640	0.03939	0.02930	0.04482	0.01135	0.00601	0.00485	0.00146	0.00531	0.01651	0.00381	0.16750
23	0.04394	0.04529	0.62382	0.01384	0.02063	0.06644	0.01688	0.01744	0.01148	0.07892	0.01003	0.01126	0.00708	0.00508	0.00485	0.00161	0.00736	0.00386	0.00262	0.00757
24	0.09460	0.01957	0.40639	0.21485	0.03883	0.06402	0.02798	0.03479	0.01132	0.02776	0.00930	0.01160	0.00680	0.00507	0.00486	0.00164	0.00715	0.00401	0.00251	0.00694
25	0.01143	0.01048	0.01635	0.33010	0.29509	0.01169	0.01336	0.03043	0.13189	0.01653	0.02393	0.03082	0.01097	0.00600	0.00533	0.00170	0.00598	0.03776	0.00314	0.00702
26	0.01035	0.05790	0.02105	0.08105	0.01237	0.00731	0.00675	0.02339	0.01270	0.10006	0.27456	0.11612	0.08783	0.00880	0.00540	0.00152	0.00373	0.00757	0.00457	0.15696
27	0.00728	0.00532	0.00683	0.00645	0.00772	0.00487	0.00484	0.00964	0.01452	0.02035	0.72504	0.03977	0.10618	0.01084	0.00614	0.00165	0.00247	0.00954	0.00566	0.00487
28	0.01071	0.00914	0.01116	0.06339	0.01367	0.00786	0.00700	0.01301	0.01055	0.01652	0.00957	0.01163	0.00796	0.00452	0.00501	0.00099	0.06911	0.00343	0.05891	0.66586
29	0.02319	0.00915	0.01226	0.00940	0.01344	0.00808	0.00777	0.06254	0.01539	0.75027	0.02014	0.01746	0.01269	0.00644	0.00524	0.00161	0.00450	0.00521	0.00638	0.00886
30	0.01139	0.01139	0.01595	0.01367	0.01367	0.01595	0.01139	0.01253	0.00798	0.01253	0.00684	0.01139	0.00684	0.00911	0.01709	0.00228	0.80745	0.00456	0.00228	0.00570
31	0.01184	0.01126	0.01913	0.26812	0.53570	0.01197	0.01533	0.01503	0.01142	0.01584	0.01008	0.01434	0.00839	0.00506	0.00522	0.00163	0.00638	0.02331	0.00255	0.00741
32	0.01020	0.00618	0.00786	0.00710	0.00894	0.00562	0.00542	0.02296	0.02838	0.14916	0.46179	0.10056	0.12460	0.01042	0.00595	0.00167	0.00297	0.00907	0.00560	0.02557
33	0.00645	0.00523	0.00571	0.00570	0.00724	0.00450	0.00424	0.00800	0.01239	0.01557	0.21761	0.10063	0.56289	0.01283	0.00619	0.00176	0.00262	0.01090	0.00504	0.00450
34	0.00634	0.00453	0.00604	0.00725	0.00755	0.00423	0.00483	0.00725	0.00997	0.01329	0.02870	0.81358	0.03444	0.01632	0.00665	0.00211	0.00302	0.01480	0.00483	0.00423
35	0.11397	0.01108	0.08366	0.01116	0.01506	0.00936	0.13881	0.05524	0.01337	0.31047	0.09554	0.01808	0.01448	0.03668	0.00595	0.00175	0.00521	0.00547	0.04743	0.00723
36	0.08826	0.00984	0.01189	0.00945	0.01319	0.00959	0.00772	0.12680	0.09941	0.50237	0.01941	0.03214	0.03246	0.00672	0.00513	0.00163	0.00447	0.00536	0.00581	0.00833
37	0.07210	0.01136	0.01198	0.00961	0.01285	0.01242	0.00782	0.46784	0.04233	0.04418	0.04367	0.01525	0.01159	0.00631	0.00474	0.00149	0.00462	0.00484	0.20748	0.00751
38	0.59851	0.04140	0.00891	0.00722	0.01029	0.01151	0.00595	0.10085	0.01103	0.02342	0.00932	0.01057	0.00721	0.00517	0.00352	0.00153	0.00404	0.00334	0.13029	0.00593
39	0.01649	0.22196	0.03538	0.01128	0.01491	0.32197	0.00941	0.13805	0.06770	0.01705	0.02601	0.01110	0.00866	0.00537	0.00445	0.00132	0.00684	0.00372	0.00324	0.07512
40	0.06847	0.00631	0.00703	0.00655	0.00739	0.00642	0.00423	0.05994	0.00946	0.07569	0.01618	0.05958	0.01726	0.59388	0.02085	0.02099	0.00488	0.00708	0.00361	0.00419
41	0.10928	0.06014	0.01214	0.00993	0.06296	0.02283	0.00734	0.09945	0.01172	0.01810	0.01075	0.03345	0.00954	0.06430	0.07036	0.00205	0.03503	0.00423	0.02374	0.33265

[dist]
# distance from previous block
# <min> <max>
2	9

[block]
# block no. 6 follows, 47 sequences, length 60
# corresponding to MSA columns:
# 354-413
name=unknown_G
#
# <colnr> <probs for GDERKNQSTAVLIFYWHMCP>
#	G	D	E	R	K	N	Q	S	T	A	V	L	I	F	Y	W	H	M	C	P
0	0.22434	0.01819	0.32273	0.02852	0.06986	0.03778	0.05380	0.09985	0.06377	0.02025	0.01002	0.01139	0.00743	0.00517	0.00464	0.00163	0.00631	0.00400	0.00306	0.00726
1	0.14218	0.28309	0.09133	0.00937	0.01311	0.08035	0.00865	0.03159	0.07515	0.07450	0.04945	0.01415	0.01097	0.07317	0.00602	0.00171	0.00543	0.00416	0.00332	0.02230
2	0.01159	0.02202	0.06149	0.00792	0.01035	0.00686	0.00664	0.01488	0.07188	0.18897	0.39419	0.03075	0.08099	0.05980	0.00703	0.00186	0.00360	0.00772	0.00534	0.00611
3	0.00661	0.00520	0.00566	0.00567	0.00718	0.00451	0.00421	0.00818	0.01225	0.01568	0.19734	0.10791	0.53160	0.01254	0.00606	0.00173	0.00262	0.01065	0.04989	0.00451
4	0.01259	0.01356	0.12194	0.11219	0.03034	0.04476	0.21761	0.03519	0.04363	0.09193	0.09572	0.03068	0.01325	0.00645	0.00701	0.00176	0.10551	0.00569	0.00342	0.00677
5	0.00633	0.00460	0.00597	0.00708	0.00751	0.00424	0.00476	0.00727	0.01014	0.01336	0.03084	0.74573	0.10091	0.01604	0.00660	0.00208	0.00299	0.01447	0.00483	0.00424
6	0.01165	0.01100	0.05652	0.10814	0.06828	0.00955	0.07080	0.01440	0.01090	0.05719	0.00977	0.01201	0.00780	0.00482	0.00570	0.00126	0.08249	0.00392	0.00297	0.45082
7	0.20048	0.20438	0.06096	0.01004	0.01404	0.01463	0.02305	0.20585	0.07793	0.09678	0.01158	0.02568	0.00888	0.00571	0.00456	0.00152	0.01852	0.00413	0.00392	0.00735
8	0.00962	0.02682	0.00809	0.00695	0.00876	0.00600	0.00535	0.01243	0.05378	0.11409	0.50626	0.03611	0.15197	0.02309	0.00624	0.00170	0.00294	0.00876	0.00553	0.00551
9	0.03433	0.06797	0.03603	0.01287	0.08985	0.05550	0.00974	0.33096	0.14252	0.06775	0.01388	0.01406	0.02167	0.00597	0.00492	0.00151	0.00540	0.00466	0.02588	0.05451
10	0.00912	0.00609	0.00898	0.00863	0.00983	0.00692	0.00678	0.01097	0.00900	0.08790	0.01436	0.01990	0.01281	0.03491	0.69402	0.00751	0.03854	0.00551	0.00313	0.00509
11	0.01188	0.01153	0.08769	0.00939	0.01384	0.00886	0.02435	0.13901	0.01306	0.01922	0.01167	0.08697	0.01032	0.00555	0.00450	0.00114	0.00457	0.00460	0.00351	0.52832
12	0.00803	0.08522	0.00883	0.00689	0.00856	0.00684	0.00533	0.01088	0.06802	0.01777	0.40794	0.12931	0.19517	0.01099	0.00587	0.00168	0.00299	0.00949	0.00506	0.00514
13	0.00640	0.00455	0.00603	0.00718	0.00747	0.00426	0.00476	0.00726	0.00987	0.01316	0.02818	0.78060	0.03379	0.05020	0.00749	0.00224	0.00311	0.01450	0.00476	0.00418
14	0.01088	0.01080	0.01491	0.01285	0.01302	0.01482	0.01067	0.01204	0.00836	0.01268	0.01132	0.01518	0.08258	0.00951	0.01602	0.00223	0.72885	0.00519	0.00253	0.00557
15	0.02127	0.01011	0.01303	0.01015	0.01377	0.00999	0.00839	0.16149	0.01600	0.55934	0.03049	0.01649	0.01216	0.00674	0.00640	0.00167	0.08307	0.00514	0.00580	0.00849
16	0.00773	0.00492	0.00638	0.00708	0.00758	0.00462	0.00470	0.00854	0.00984	0.06499	0.02577	0.60912	0.02999	0.17047	0.01039	0.00265	0.00351	0.01276	0.00462	0.00433
17	0.00634	0.00453	0.00604	0.00725	0.00755	0.00423	0.00483	0.00725	0.00997	0.01329	0.02870	0.81358	0.03444	0.01632	0.00665	0.00211	0.00302	0.01480	0.00483	0.00423
18	0.01160	0.01600	0.19524	0.10857	0.10008	0.01289	0.38496	0.01587	0.01142	0.01598	0.00977	0.01304	0.00746	0.00499	0.00652	0.00175	0.06916	0.00520	0.00247	0.00705
19	0.00746	0.00551	0.00804	0.00804	0.00885	0.00633	0.00609	0.00909	0.00827	0.01184	0.01425	0.02214	0.01375	0.13525	0.70115	0.00796	0.01285	0.00583	0.00284	0.00446
20	0.00650	0.00529	0.00576	0.00564	0.00725	0.00454	0.00423	0.00815	0.01269	0.01602	0.26148	0.04691	0.57244	0.01246	0.00615	0.00172	0.00259	0.01054	0.00509	0.00454
21	0.00744	0.00558	0.00837	0.00837	0.00930	0.00651	0.00651	0.00930	0.00837	0.01209	0.01395	0.02046	0.01302	0.03906	0.79635	0.00837	0.01395	0.00558	0.00279	0.00465
22	0.01231	0.01009	0.01090	0.00995	0.01258	0.01141	0.00767	0.02445	0.62656	0.04792	0.05470	0.09835	0.03376	0.00822	0.00548	0.00179	0.00393	0.00698	0.00530	0.00766
23	0.85377	0.01007	0.00765	0.00685	0.01007	0.01168	0.00564	0.01531	0.00886	0.02336	0.00725	0.00846	0.00564	0.00483	0.00322	0.00161	0.00403	0.00282	0.00322	0.00564
24	0.01304	0.01038	0.01599	0.26029	0.07340	0.01181	0.08642	0.11242	0.03170	0.09175	0.01115	0.01461	0.00876	0.02809	0.02298	0.07265	0.11993	0.00495	0.00324	0.00644
25	0.01332	0.01018	0.01111	0.00989	0.01271	0.01139	0.00771	0.02521	0.60219	0.09628	0.09528	0.02116	0.01877	0.00732	0.00532	0.00172	0.00393	0.00614	0.03249	0.00787
26	0.01165	0.01509	0.15658	0.03528	0.04294	0.01222	0.46605	0.01698	0.08649	0.01709	0.05243	0.01539	0.01068	0.00550	0.00622	0.02607	0.00757	0.00578	0.00297	0.00701
27	0.00693	0.00538	0.00590	0.00571	0.00740	0.00462	0.00430	0.00857	0.01270	0.03666	0.24093	0.04634	0.57154	0.01235	0.00613	0.00172	0.00264	0.01043	0.00511	0.00465
28	0.06972	0.00936	0.01222	0.00993	0.01311	0.00900	0.08090	0.13038	0.05437	0.11431	0.07341	0.16804	0.01769	0.00803	0.00530	0.00157	0.00449	0.03072	0.00449	0.18294
29	0.01086	0.02183	0.53547	0.05997	0.14879	0.01206	0.06404	0.01597	0.01123	0.01646	0.03164	0.01246	0.00820	0.00513	0.00537	0.00166	0.02460	0.00434	0.00240	0.00752
30	0.09723	0.01360	0.12971	0.02274	0.01484	0.01213	0.00973	0.36344	0.01660	0.05107	0.01192	0.04283	0.00941	0.00816	0.02220	0.09777	0.00561	0.00470	0.01947	0.04684
31	0.01139	0.07246	0.14483	0.03303	0.02243	0.01286	0.43341	0.01517	0.01129	0.01554	0.01157	0.09344	0.01017	0.00614	0.00681	0.00178	0.08204	0.00624	0.00272	0.00668
32	0.00634	0.00453	0.00604	0.00725	0.00755	0.00423	0.00483	0.00725	0.00997	0.01329	0.02870	0.81358	0.03444	0.01632	0.00665	0.00211	0.00302	0.01480	0.00483	0.00423
33	0.22256	0.04158	0.01152	0.00908	0.01215	0.05176	0.00738	0.24866	0.04839	0.08177	0.10073	0.01559	0.01350	0.00657	0.00503	0.01564	0.01662	0.00474	0.07991	0.00684
34	0.06054	0.01240	0.01507	0.11441	0.01816	0.01329	0.06048	0.42102	0.04003	0.02532	0.01175	0.02379	0.00897	0.02303	0.00545	0.00157	0.00563	0.00468	0.00420	0.13022
35	0.00637	0.00455	0.00607	0.00723	0.00756	0.00425	0.00484	0.00732	0.01009	0.01349	0.04799	0.79374	0.03482	0.01617	0.00663	0.00210	0.00301	0.01467	0.00486	0.00425
36	0.01004	0.01075	0.09119	0.32916	0.14693	0.01010	0.08047	0.01286	0.01050	0.01416	0.01246	0.11873	0.01160	0.00797	0.00699	0.08512	0.00625	0.02604	0.00276	0.00590
37	0.08807	0.31095	0.15015	0.01019	0.01485	0.01474	0.01014	0.11100	0.04819	0.15993	0.01233	0.01247	0.02518	0.00547	0.00434	0.00144	0.00548	0.00398	0.00365	0.00746
38	0.00634	0.00456	0.00601	0.00717	0.00753	0.00424	0.00480	0.00726	0.01005	0.01333	0.02968	0.78241	0.06499	0.01619	0.00663	0.00210	0.00301	0.01465	0.00483	0.00424
