[name]
unknown

[dist]
# distance from previous block
# <min> <max>
0	24

[block]
# block no. 0 follows, 53 sequences, length 26
# corresponding to MSA columns:
# 58-80,85-87
name=unknown_A
#
# <colnr> <probs for GDERKNQSTAVLIFYWHMCP>
#	G	D	E	R	K	N	Q	S	T	A	V	L	I	F	Y	W	H	M	C	P
0	0.01385	0.00982	0.01114	0.02311	0.02574	0.01081	0.00779	0.07662	0.52673	0.16741	0.01875	0.01883	0.01406	0.00662	0.00494	0.00161	0.00404	0.04568	0.00494	0.00751
1	0.01237	0.69939	0.10099	0.00954	0.01397	0.01768	0.06303	0.01446	0.00986	0.01190	0.00704	0.00826	0.00620	0.00413	0.00339	0.00111	0.00551	0.00286	0.00207	0.00625
2	0.00727	0.00554	0.00803	0.00785	0.00861	0.00661	0.00612	0.00889	0.00776	0.01145	0.01246	0.01840	0.01164	0.05749	0.67245	0.00673	0.08299	0.00506	0.05035	0.00432
3	0.03361	0.01177	0.18088	0.01285	0.13475	0.00846	0.05107	0.01655	0.02967	0.27475	0.13124	0.04436	0.03612	0.00628	0.00493	0.00151	0.00479	0.00546	0.00408	0.00686
4	0.09265	0.01453	0.18472	0.01666	0.02159	0.01132	0.50201	0.01513	0.01074	0.04145	0.01001	0.03883	0.00776	0.00460	0.00515	0.00159	0.00713	0.00515	0.00257	0.00642
5	0.00968	0.04838	0.78442	0.01346	0.02044	0.01133	0.01738	0.01511	0.01008	0.01502	0.00852	0.01002	0.00606	0.00453	0.00450	0.00150	0.00701	0.00350	0.00202	0.00704
6	0.01128	0.01289	0.02820	0.02015	0.02498	0.01209	0.78485	0.01531	0.01128	0.01531	0.00967	0.01289	0.00725	0.00403	0.00564	0.00161	0.00806	0.00564	0.00242	0.00645
7	0.01177	0.09824	0.60035	0.01234	0.01856	0.01141	0.01505	0.04157	0.01095	0.12177	0.00988	0.01074	0.00691	0.00472	0.00445	0.00146	0.00642	0.00364	0.00264	0.00716
8	0.00803	0.05967	0.00883	0.00876	0.01006	0.00638	0.00773	0.01019	0.01092	0.01410	0.02409	0.05089	0.02611	0.01261	0.00637	0.00212	0.00445	0.71991	0.00425	0.00451
9	0.00959	0.02472	0.80726	0.01362	0.02069	0.01110	0.01766	0.01514	0.01009	0.01514	0.00858	0.01009	0.00605	0.00454	0.00454	0.00151	0.00706	0.00353	0.00202	0.00706
10	0.00587	0.00475	0.00523	0.00537	0.00670	0.00411	0.00396	0.00719	0.01099	0.01370	0.14942	0.16698	0.55903	0.01225	0.00574	0.00166	0.00249	0.02591	0.00455	0.00408
11	0.00973	0.06026	0.77295	0.01338	0.02032	0.01144	0.01724	0.01510	0.01007	0.01497	0.00849	0.00998	0.00606	0.00452	0.00448	0.00149	0.00698	0.00349	0.00202	0.00702
12	0.02144	0.00813	0.01109	0.00850	0.01220	0.00702	0.00702	0.02329	0.01368	0.80552	0.01886	0.01627	0.01183	0.00592	0.00481	0.00148	0.00407	0.00481	0.00592	0.00813
13	0.00582	0.00416	0.00555	0.00666	0.00693	0.00388	0.00444	0.00666	0.00915	0.01220	0.02634	0.82891	0.03161	0.01497	0.00610	0.00194	0.00277	0.01359	0.00444	0.00388
14	0.01055	0.01857	0.43192	0.01558	0.03639	0.01128	0.27553	0.06508	0.01126	0.01602	0.01014	0.05690	0.00805	0.00502	0.00502	0.00156	0.00701	0.00487	0.00248	0.00676
15	0.02063	0.00944	0.01190	0.00912	0.01285	0.00896	0.00754	0.21295	0.01587	0.61278	0.01702	0.01508	0.01091	0.00587	0.00480	0.00147	0.00436	0.00468	0.00563	0.00813
16	0.00565	0.00484	0.00484	0.00484	0.00646	0.00403	0.00363	0.00686	0.01089	0.01291	0.04842	0.04600	0.80027	0.01210	0.00565	0.00161	0.00242	0.01009	0.00444	0.00403
17	0.00598	0.00422	0.00550	0.00646	0.00670	0.00398	0.00423	0.00670	0.00885	0.01181	0.02482	0.72143	0.02969	0.12507	0.00856	0.00230	0.00302	0.01269	0.00423	0.00375
18	0.00881	0.00571	0.00798	0.00878	0.01009	0.00562	0.00765	0.01098	0.01122	0.07811	0.02479	0.05088	0.02624	0.01262	0.00646	0.00214	0.00437	0.70833	0.00452	0.00470
19	0.01249	0.75217	0.07588	0.00869	0.01283	0.01825	0.00888	0.01426	0.00965	0.01151	0.00676	0.00793	0.00613	0.00427	0.00362	0.00109	0.03470	0.00268	0.00204	0.00616
20	0.01185	0.59933	0.25248	0.00976	0.01472	0.01664	0.01094	0.01455	0.00982	0.01238	0.00721	0.00837	0.00611	0.00422	0.00350	0.00117	0.00568	0.00284	0.00204	0.00640
21	0.00651	0.00471	0.00549	0.00582	0.00642	0.00446	0.00396	0.00725	0.00886	0.01136	0.02694	0.17826	0.22315	0.37411	0.01408	0.00308	0.00371	0.10454	0.00375	0.00355
22	0.01188	0.01189	0.07608	0.02295	0.49371	0.01078	0.11545	0.03455	0.03689	0.06024	0.04588	0.01436	0.03345	0.00493	0.00492	0.00147	0.00568	0.00483	0.00288	0.00719
23	0.00933	0.02206	0.69000	0.06906	0.02048	0.01055	0.01633	0.01446	0.01032	0.01525	0.07002	0.01226	0.00911	0.00496	0.00464	0.00152	0.00664	0.00398	0.00228	0.00674
24	0.00588	0.00473	0.00532	0.00549	0.00674	0.00417	0.00402	0.00717	0.01070	0.01343	0.13328	0.19235	0.51877	0.01368	0.05040	0.00200	0.00304	0.01030	0.00443	0.00408
25	0.01130	0.18960	0.11470	0.01092	0.01348	0.04908	0.01005	0.01462	0.10395	0.01329	0.00848	0.01058	0.00729	0.00617	0.00872	0.00158	0.33977	0.00373	0.00249	0.08022

[dist]
# distance from previous block
# <min> <max>
1	5

[block]
# block no. 1 follows, 53 sequences, length 19
# corresponding to MSA columns:
# 93-111
name=unknown_B
#
# <colnr> <probs for GDERKNQSTAVLIFYWHMCP>
#	G	D	E	R	K	N	Q	S	T	A	V	L	I	F	Y	W	H	M	C	P
0	0.11203	0.06973	0.01438	0.01028	0.01400	0.01332	0.05991	0.49993	0.01775	0.02493	0.01234	0.01271	0.05173	0.00557	0.00448	0.00139	0.00499	0.00430	0.00408	0.06214
1	0.75818	0.00887	0.00710	0.00631	0.00921	0.01005	0.00517	0.01406	0.00864	0.06460	0.01027	0.01093	0.06146	0.00506	0.00325	0.00149	0.00363	0.00324	0.00323	0.00526
2	0.05554	0.00480	0.00617	0.00655	0.00727	0.00459	0.00458	0.00823	0.00892	0.06774	0.03322	0.44656	0.08016	0.01383	0.00887	0.21176	0.00324	0.02024	0.00389	0.00384
3	0.03212	0.16659	0.04881	0.01026	0.01325	0.21224	0.00871	0.18040	0.06410	0.04996	0.08947	0.01290	0.01127	0.00583	0.00530	0.00139	0.07349	0.00413	0.00342	0.00637
4	0.01262	0.00945	0.01043	0.00918	0.01195	0.01033	0.00715	0.02295	0.58376	0.12410	0.01911	0.07215	0.01488	0.00679	0.00485	0.00156	0.00374	0.00571	0.00484	0.06445
5	0.01433	0.06059	0.01507	0.01136	0.02608	0.03173	0.08627	0.31227	0.09735	0.06597	0.06481	0.01369	0.01097	0.00596	0.00605	0.00148	0.10329	0.00463	0.00394	0.06414
6	0.26748	0.01435	0.01173	0.01055	0.04954	0.26608	0.00797	0.17637	0.01369	0.12565	0.00964	0.01014	0.00711	0.00505	0.00410	0.00139	0.00573	0.00348	0.00355	0.00641
7	0.01092	0.00981	0.01499	0.39737	0.09481	0.01059	0.07121	0.11961	0.01163	0.01590	0.00901	0.01189	0.00693	0.00462	0.00477	0.00139	0.01938	0.00408	0.00268	0.17842
8	0.01059	0.00600	0.00643	0.00587	0.00753	0.00618	0.00454	0.06777	0.09729	0.07248	0.06836	0.01847	0.01439	0.00599	0.00386	0.00124	0.00274	0.00485	0.59014	0.00531
9	0.00705	0.00477	0.00628	0.00628	0.00661	0.00510	0.00423	0.00748	0.00715	0.00987	0.01344	0.02459	0.01427	0.43388	0.32869	0.10063	0.00774	0.00593	0.00268	0.00334
10	0.01063	0.01182	0.04504	0.12774	0.10967	0.01130	0.50381	0.01419	0.01076	0.01465	0.01045	0.05621	0.00872	0.00499	0.00567	0.00162	0.02616	0.01784	0.00249	0.00624
11	0.00596	0.00485	0.00527	0.00517	0.00665	0.00417	0.00387	0.00746	0.01162	0.01464	0.25601	0.04315	0.59160	0.01146	0.00565	0.00158	0.00238	0.00969	0.00467	0.00417
12	0.00994	0.04505	0.06759	0.02884	0.13797	0.02039	0.00874	0.03809	0.20765	0.01665	0.16123	0.14920	0.01991	0.00791	0.00577	0.00160	0.05676	0.00672	0.00388	0.00610
13	0.00597	0.00461	0.00546	0.00576	0.00679	0.00409	0.00412	0.00730	0.01090	0.01414	0.21795	0.32167	0.34894	0.01257	0.00581	0.00170	0.00251	0.01099	0.00463	0.00409
14	0.07356	0.01160	0.01301	0.06298	0.04854	0.01286	0.00880	0.44625	0.16151	0.06913	0.03480	0.01344	0.01022	0.00578	0.00470	0.00149	0.00482	0.00453	0.00448	0.00752
15	0.01168	0.00870	0.01025	0.00750	0.01157	0.00698	0.00603	0.06748	0.01119	0.10402	0.01025	0.02913	0.00823	0.00421	0.00382	0.00087	0.00370	0.00340	0.00335	0.68763
16	0.01036	0.04946	0.09649	0.01656	0.08165	0.01086	0.41453	0.01445	0.06096	0.01494	0.02466	0.07490	0.01099	0.00770	0.06215	0.00203	0.00709	0.03121	0.00279	0.00621
17	0.15522	0.36995	0.21269	0.00912	0.01330	0.01349	0.02038	0.01360	0.00979	0.01461	0.06412	0.06522	0.01040	0.00538	0.00383	0.00132	0.00504	0.00401	0.00258	0.00594
18	0.01165	0.50555	0.26146	0.00982	0.01448	0.03942	0.01081	0.01414	0.00970	0.01224	0.00737	0.00892	0.00626	0.00513	0.00465	0.06151	0.00574	0.00298	0.00205	0.00611

[dist]
# distance from previous block
# <min> <max>
0	8

[block]
# block no. 2 follows, 53 sequences, length 78
# corresponding to MSA columns:
# 120-154,156-198
name=unknown_C
#
# <colnr> <probs for GDERKNQSTAVLIFYWHMCP>
#	G	D	E	R	K	N	Q	S	T	A	V	L	I	F	Y	W	H	M	C	P
0	0.01419	0.05650	0.05715	0.01156	0.07065	0.01104	0.06582	0.30804	0.01531	0.11288	0.05259	0.07784	0.01222	0.03818	0.00554	0.00154	0.00494	0.00525	0.00403	0.07472
1	0.08973	0.05210	0.11271	0.05080	0.01408	0.04983	0.00892	0.10938	0.21780	0.12284	0.02672	0.01752	0.05013	0.00633	0.00467	0.00154	0.00478	0.04935	0.00402	0.00675
2	0.02270	0.10321	0.14673	0.06880	0.01503	0.03346	0.04875	0.09138	0.16088	0.01591	0.01387	0.01611	0.05412	0.03980	0.11436	0.00245	0.03066	0.01245	0.00316	0.00616
3	0.01045	0.10436	0.01165	0.00845	0.01106	0.03647	0.04916	0.06368	0.10305	0.05687	0.11779	0.03767	0.13082	0.00994	0.07279	0.00195	0.00482	0.06153	0.00389	0.10359
4	0.01112	0.06926	0.04686	0.05254	0.01330	0.00840	0.00711	0.07336	0.01101	0.04482	0.00897	0.01027	0.00718	0.00395	0.00376	0.00090	0.00412	0.00311	0.00296	0.61700
5	0.00938	0.00550	0.00725	0.00658	0.00817	0.00495	0.00499	0.01138	0.01286	0.15863	0.53237	0.13299	0.03605	0.00952	0.00547	0.00153	0.00269	0.00838	0.00518	0.03612
6	0.01043	0.01214	0.08836	0.17730	0.11063	0.01098	0.40151	0.02471	0.01108	0.01515	0.06663	0.02817	0.01018	0.00487	0.00527	0.00157	0.00683	0.00537	0.00259	0.00624
7	0.00744	0.00467	0.00620	0.00681	0.00756	0.00430	0.00480	0.00855	0.01005	0.08750	0.08421	0.63111	0.05766	0.01355	0.00595	0.00186	0.00292	0.04586	0.00464	0.00436
8	0.24386	0.01201	0.15118	0.00969	0.04084	0.03808	0.00876	0.01893	0.01146	0.40023	0.01302	0.01248	0.00868	0.00518	0.00425	0.00147	0.00472	0.00391	0.00419	0.00704
9	0.00584	0.00421	0.00554	0.00657	0.00692	0.00390	0.00441	0.00673	0.00934	0.01242	0.04797	0.77742	0.06161	0.01472	0.00607	0.00192	0.00275	0.01332	0.00446	0.00390
10	0.00606	0.00480	0.00545	0.00542	0.00674	0.00419	0.00401	0.00760	0.01167	0.01505	0.31077	0.11257	0.46565	0.01154	0.00569	0.00160	0.00239	0.00989	0.00473	0.00419
11	0.00695	0.00463	0.00521	0.00521	0.00521	0.00463	0.00290	0.00695	0.00695	0.00927	0.01506	0.03128	0.01738	0.83203	0.02433	0.00463	0.00463	0.00695	0.00290	0.00290
12	0.01973	0.01088	0.01279	0.00981	0.01357	0.01110	0.00810	0.42218	0.01828	0.40014	0.01500	0.01376	0.00990	0.00582	0.00479	0.00146	0.00469	0.00454	0.00532	0.00813
13	0.01046	0.01046	0.01464	0.01255	0.01255	0.01464	0.01046	0.01150	0.00732	0.01150	0.00627	0.01046	0.00627	0.00837	0.01569	0.00209	0.82328	0.00418	0.00209	0.00523
14	0.01180	0.01017	0.01074	0.00971	0.01238	0.01176	0.00757	0.02508	0.77756	0.01988	0.01957	0.01857	0.01485	0.00662	0.00490	0.00163	0.00380	0.02105	0.00485	0.00750
15	0.00974	0.01884	0.51586	0.01160	0.03024	0.00945	0.01342	0.01405	0.01004	0.01530	0.00856	0.01006	0.00644	0.00419	0.00419	0.00123	0.00581	0.00330	0.00231	0.30539
16	0.01328	0.01324	0.01668	0.10873	0.38161	0.16737	0.04621	0.05910	0.09541	0.03695	0.01017	0.01209	0.00804	0.00480	0.00471	0.00143	0.00616	0.00423	0.00285	0.00692
17	0.00683	0.00512	0.00768	0.00768	0.00853	0.00597	0.00597	0.00853	0.00768	0.01110	0.01280	0.01878	0.01195	0.03585	0.81308	0.00768	0.01280	0.00512	0.00256	0.00427
18	0.00991	0.00850	0.00991	0.00708	0.01133	0.00637	0.00566	0.01203	0.00991	0.01557	0.00850	0.00991	0.00708	0.00354	0.00354	0.00071	0.00354	0.00283	0.00283	0.86124
19	0.01230	0.71410	0.14168	0.00899	0.01352	0.01775	0.00959	0.01443	0.00977	0.01183	0.00693	0.00803	0.00612	0.00416	0.00329	0.00110	0.00540	0.00270	0.00204	0.00627
20	0.00976	0.04013	0.75298	0.01333	0.02012	0.01129	0.01698	0.01562	0.04818	0.01530	0.00907	0.01042	0.00647	0.00463	0.00453	0.00151	0.00687	0.00360	0.00216	0.00707
21	0.01096	0.00854	0.01003	0.00739	0.01138	0.00681	0.00595	0.05868	0.01104	0.06845	0.02920	0.01279	0.02140	0.00437	0.00386	0.00088	0.00365	0.02391	0.00328	0.69743
22	0.00991	0.00850	0.00991	0.00708	0.01133	0.00637	0.00566	0.01203	0.00991	0.01557	0.00850	0.00991	0.00708	0.00354	0.00354	0.00071	0.00354	0.00283	0.00283	0.86124
23	0.00661	0.00470	0.00605	0.00684	0.00732	0.00458	0.00469	0.04242	0.00983	0.01336	0.03615	0.73155	0.02949	0.01396	0.00606	0.00188	0.01568	0.01254	0.04216	0.00413
24	0.00590	0.00426	0.00550	0.00643	0.00681	0.00395	0.00430	0.00676	0.00929	0.01230	0.05028	0.70551	0.08673	0.05900	0.00704	0.00205	0.00283	0.01283	0.00438	0.00386
25	0.01493	0.11865	0.01655	0.05577	0.23750	0.41822	0.01075	0.03553	0.01231	0.01324	0.00850	0.01022	0.01818	0.00475	0.00433	0.00129	0.00707	0.00354	0.00245	0.00622
26	0.00837	0.00526	0.00658	0.00613	0.00756	0.00482	0.00460	0.01050	0.02346	0.08616	0.44999	0.11869	0.07189	0.02213	0.00551	0.00152	0.00259	0.00807	0.11358	0.04259
27	0.01072	0.01006	0.01622	0.41168	0.30139	0.02255	0.03971	0.06047	0.02443	0.01475	0.01010	0.02408	0.02319	0.00494	0.00482	0.00152	0.00598	0.00455	0.00251	0.00632
28	0.15264	0.01273	0.01318	0.01025	0.01394	0.01417	0.00846	0.66376	0.02020	0.02875	0.01071	0.01089	0.00766	0.00553	0.00449	0.00144	0.00501	0.00403	0.00449	0.00766
29	0.03728	0.00475	0.00575	0.00606	0.00702	0.00439	0.00435	0.00779	0.01097	0.01503	0.28693	0.35580	0.20224	0.01222	0.00574	0.00171	0.00258	0.02053	0.00466	0.00418
30	0.01039	0.00988	0.01684	0.50213	0.16645	0.01120	0.11132	0.05128	0.04630	0.01443	0.00938	0.01277	0.00716	0.00472	0.00488	0.00156	0.00629	0.00448	0.00246	0.00609
31	0.82473	0.00919	0.00722	0.00639	0.00939	0.01054	0.00527	0.01450	0.00840	0.05957	0.00725	0.00818	0.00550	0.00451	0.00305	0.00148	0.00372	0.00270	0.00310	0.00532
32	0.00579	0.00465	0.00518	0.00550	0.00668	0.00403	0.00397	0.00696	0.01052	0.01306	0.08305	0.28097	0.51738	0.01285	0.00580	0.00171	0.00254	0.02085	0.00448	0.00402
33	0.01233	0.01121	0.01628	0.11500	0.16400	0.03344	0.11290	0.18584	0.01253	0.01724	0.00936	0.01260	0.00775	0.05080	0.00770	0.00170	0.14510	0.00444	0.00291	0.07687
34	0.08691	0.25387	0.07195	0.00862	0.01218	0.01253	0.00786	0.12167	0.12743	0.04949	0.07956	0.01453	0.04375	0.00607	0.01676	0.00141	0.00455	0.00427	0.00351	0.07306
35	0.15401	0.06142	0.22471	0.01079	0.04235	0.01131	0.01036	0.18511	0.01334	0.20769	0.01937	0.01168	0.00820	0.00517	0.00445	0.00146	0.01380	0.00388	0.00375	0.00716
36	0.01218	0.67373	0.15253	0.00922	0.01365	0.01749	0.00981	0.01435	0.00969	0.01189	0.00695	0.00816	0.00613	0.00431	0.00375	0.00114	0.03396	0.00277	0.00204	0.00625
37	0.00650	0.00449	0.00578	0.00641	0.00709	0.00410	0.00444	0.00762	0.01015	0.04202	0.13825	0.58990	0.12836	0.01355	0.00593	0.00182	0.00270	0.01213	0.00461	0.00414
38	0.07462	0.01016	0.01373	0.18458	0.21670	0.05391	0.02344	0.04622	0.09866	0.14384	0.05542	0.02477	0.01120	0.00555	0.00473	0.00151	0.00515	0.01566	0.00352	0.00665
39	0.00993	0.01072	0.17464	0.00857	0.01169	0.01995	0.02879	0.08879	0.02145	0.09429	0.09721	0.05560	0.28179	0.03853	0.00595	0.00169	0.00425	0.03651	0.00405	0.00562
40	0.00670	0.00441	0.00570	0.00648	0.00707	0.00407	0.00444	0.00770	0.00958	0.04872	0.03575	0.68183	0.08531	0.01378	0.00585	0.00185	0.00277	0.01238	0.05149	0.00413
41	0.01209	0.01158	0.01984	0.05721	0.55579	0.01172	0.13574	0.07088	0.04733	0.01668	0.00973	0.01228	0.00783	0.00445	0.00489	0.00147	0.00597	0.00453	0.00265	0.00734
42	0.06915	0.03434	0.43900	0.01228	0.03085	0.01079	0.05168	0.09326	0.01202	0.18532	0.01095	0.01151	0.00752	0.00491	0.00455	0.00149	0.00601	0.00392	0.00321	0.00723
43	0.01066	0.00986	0.01547	0.07135	0.50234	0.02143	0.01187	0.01426	0.08358	0.01574	0.07850	0.07572	0.01411	0.00624	0.00502	0.00153	0.00502	0.04750	0.00309	0.00670
44	0.00589	0.00421	0.00561	0.00661	0.00695	0.00393	0.00444	0.00683	0.00947	0.01270	0.08219	0.77162	0.03259	0.01460	0.00607	0.00191	0.00274	0.01323	0.00450	0.00393
45	0.01032	0.22620	0.35570	0.02882	0.05547	0.01244	0.12272	0.01394	0.01009	0.01381	0.01021	0.10007	0.00914	0.00549	0.00451	0.00145	0.00616	0.00474	0.00237	0.00638
46	0.01228	0.01509	0.22081	0.01769	0.08597	0.01109	0.42365	0.01629	0.01127	0.12229	0.01058	0.01256	0.00760	0.00443	0.00518	0.00155	0.00707	0.00488	0.00279	0.00692
47	0.00991	0.02068	0.60541	0.01347	0.01951	0.01037	0.10624	0.01473	0.01047	0.04564	0.04503	0.05682	0.00955	0.00534	0.00481	0.00155	0.00662	0.00461	0.00249	0.00674
48	0.01784	0.00790	0.01035	0.00818	0.01132	0.00720	0.00666	0.09252	0.01448	0.55562	0.19321	0.02017	0.01894	0.00676	0.00499	0.00148	0.00377	0.00562	0.00566	0.00732
49	0.02695	0.02640	0.08268	0.01402	0.09739	0.02360	0.15719	0.20573	0.15451	0.04062	0.03839	0.03015	0.01073	0.00663	0.03260	0.00173	0.02165	0.00498	0.01706	0.00699
50	0.01126	0.05297	0.62658	0.01253	0.01877	0.01098	0.01532	0.01680	0.06708	0.10767	0.01049	0.01128	0.00735	0.00482	0.00454	0.00150	0.00640	0.00378	0.00268	0.00719
51	0.01790	0.02140	0.01366	0.01212	0.01478	0.69583	0.00921	0.13157	0.01485	0.01440	0.00799	0.00904	0.00645	0.00504	0.00438	0.00126	0.00813	0.00326	0.00280	0.00592
52	0.00594	0.00425	0.00565	0.00657	0.00696	0.00396	0.00445	0.00696	0.00971	0.01309	0.12472	0.72800	0.03333	0.01431	0.00604	0.00189	0.00271	0.01296	0.00454	0.00396
53	0.86579	0.00924	0.00702	0.00629	0.00924	0.01072	0.00518	0.01405	0.00813	0.02144	0.00666	0.00776	0.00518	0.00444	0.00296	0.00148	0.00370	0.00259	0.00296	0.00518
54	0.00796	0.00604	0.00918	0.00962	0.01099	0.00598	0.06382	0.01029	0.01102	0.01438	0.02418	0.05095	0.02604	0.01254	0.00653	0.00216	0.00467	0.71484	0.00426	0.00455
55	0.02069	0.00834	0.01114	0.00851	0.01225	0.00726	0.00702	0.04956	0.01378	0.73476	0.01803	0.01575	0.01144	0.00578	0.00474	0.00143	0.00408	0.00468	0.00571	0.05505
56	0.00770	0.00550	0.00770	0.00880	0.00990	0.00550	0.00770	0.00990	0.01100	0.01430	0.02531	0.05391	0.02751	0.01320	0.00660	0.00220	0.00440	0.77004	0.00440	0.00440
57	0.00617	0.00494	0.00556	0.00562	0.00705	0.00433	0.00435	0.00775	0.01152	0.01454	0.21913	0.04463	0.52708	0.01171	0.00577	0.00166	0.00264	0.10675	0.00462	0.00419
58	0.00685	0.00504	0.00728	0.00728	0.00800	0.00576	0.00547	0.00828	0.00756	0.01080	0.01317	0.02081	0.01283	0.16518	0.68496	0.00719	0.01148	0.00542	0.00262	0.00404
59	0.01227	0.11572	0.01274	0.00964	0.01251	0.04816	0.00772	0.02371	0.65940	0.01851	0.01729	0.01613	0.01314	0.00611	0.00461	0.00153	0.00417	0.00494	0.00440	0.00729
60	0.00582	0.00416	0.00555	0.00666	0.00693	0.00388	0.00444	0.00666	0.00915	0.01220	0.02634	0.82891	0.03161	0.01497	0.00610	0.00194	0.00277	0.01359	0.00444	0.00388
61	0.01005	0.00599	0.00764	0.00683	0.00850	0.00570	0.00522	0.01281	0.06919	0.17436	0.47568	0.05385	0.06807	0.05115	0.00658	0.00170	0.01855	0.00769	0.00512	0.00534
62	0.05246	0.03546	0.01395	0.01096	0.01425	0.01225	0.10658	0.19171	0.39949	0.06511	0.03640	0.01543	0.01221	0.00590	0.00482	0.00154	0.00466	0.00503	0.00443	0.00735
63	0.01665	0.01181	0.01290	0.01024	0.01369	0.01293	0.00834	0.51540	0.17967	0.10542	0.05219	0.01444	0.01163	0.00611	0.00484	0.00148	0.00469	0.00479	0.00494	0.00784
64	0.01973	0.00810	0.01062	0.00826	0.01169	0.00726	0.00678	0.07391	0.01395	0.66536	0.03104	0.01703	0.03004	0.00608	0.00473	0.00145	0.00395	0.00493	0.06737	0.00772
65	0.01173	0.01164	0.02105	0.02762	0.65675	0.01149	0.15881	0.01479	0.01096	0.01556	0.00912	0.01203	0.00751	0.00422	0.00490	0.00146	0.00612	0.00452	0.00238	0.00736
66	0.01031	0.20736	0.63093	0.01240	0.01879	0.01286	0.01552	0.01495	0.01001	0.01426	0.00814	0.00954	0.00607	0.00444	0.00421	0.00140	0.00662	0.00331	0.00202	0.00685
67	0.00830	0.00415	0.00623	0.00623	0.00623	0.00415	0.00415	0.00623	0.00623	0.00830	0.00830	0.01453	0.00830	0.01660	0.01868	0.86094	0.00415	0.00415	0.00208	0.00208
68	0.00616	0.00442	0.00587	0.00679	0.00729	0.00416	0.00481	0.00729	0.00979	0.01305	0.09417	0.62304	0.05714	0.02708	0.00640	0.00197	0.00295	0.10917	0.00448	0.00399
69	0.03895	0.01183	0.01460	0.18003	0.01871	0.05140	0.07470	0.36568	0.06252	0.08119	0.01214	0.01312	0.02613	0.00557	0.00502	0.00150	0.02148	0.00453	0.00390	0.00701
70	0.06041	0.12438	0.53986	0.07081	0.01952	0.01182	0.04881	0.01446	0.00991	0.01470	0.00890	0.03963	0.00701	0.00485	0.00438	0.00147	0.00646	0.00386	0.00219	0.00656
71	0.01042	0.00985	0.01683	0.43991	0.31849	0.01109	0.04881	0.01340	0.01009	0.02528	0.00879	0.01236	0.00694	0.00473	0.00530	0.00155	0.04333	0.00432	0.00228	0.00624
72	0.00996	0.00551	0.00725	0.00671	0.00784	0.00546	0.00481	0.01103	0.00922	0.18139	0.07910	0.06029	0.01759	0.33836	0.22993	0.00441	0.00643	0.00643	0.00371	0.00456
73	0.45085	0.02265	0.02699	0.04328	0.01130	0.04616	0.00643	0.06601	0.01058	0.15045	0.01082	0.05046	0.00845	0.00540	0.00375	0.00146	0.00414	0.00387	0.07113	0.00582
74	0.04256	0.01239	0.04856	0.01662	0.04023	0.02324	0.49220	0.09086	0.01242	0.07411	0.05365	0.01377	0.00960	0.00481	0.00555	0.00156	0.02845	0.00528	0.00306	0.02109
75	0.05262	0.32045	0.08965	0.00955	0.02432	0.09656	0.02131	0.07150	0.02985	0.12463	0.10480	0.01321	0.01194	0.00535	0.00411	0.00129	0.00514	0.00401	0.00332	0.00640
76	0.05478	0.25269	0.06453	0.00891	0.01266	0.01190	0.02274	0.05283	0.12230	0.24158	0.06050	0.01379	0.01142	0.00539	0.00421	0.00133	0.00450	0.00418	0.00395	0.04581
77	0.25564	0.06031	0.07743	0.00780	0.01062	0.05123	0.00679	0.06759	0.02369	0.09289	0.18123	0.03344	0.02715	0.06592	0.00573	0.00167	0.00419	0.00501	0.00377	0.01788

[dist]
# distance from previous block
# <min> <max>
5	15

[block]
# block no. 3 follows, 53 sequences, length 38
# corresponding to MSA columns:
# 214-251
name=unknown_D
#
# <colnr> <probs for GDERKNQSTAVLIFYWHMCP>
#	G	D	E	R	K	N	Q	S	T	A	V	L	I	F	Y	W	H	M	C	P
0	0.04014	0.12540	0.39998	0.01123	0.01642	0.06793	0.01246	0.01751	0.08059	0.15003	0.01090	0.01134	0.00781	0.00489	0.00433	0.00142	0.00593	0.00371	0.00302	0.02495
1	0.01389	0.13431	0.36180	0.01175	0.04927	0.01093	0.02321	0.01780	0.03906	0.25697	0.01187	0.01202	0.00824	0.00493	0.00442	0.00142	0.00563	0.00389	0.00335	0.02524
2	0.01274	0.01503	0.34826	0.02115	0.01551	0.00894	0.02020	0.02731	0.07146	0.23402	0.08036	0.02460	0.04474	0.00589	0.00476	0.00148	0.00515	0.00484	0.00379	0.04977
3	0.03996	0.01270	0.18973	0.06032	0.11252	0.02794	0.01061	0.01854	0.04481	0.34772	0.02503	0.01365	0.00967	0.00520	0.00460	0.00144	0.00509	0.00427	0.00396	0.06224
4	0.01062	0.01129	0.09891	0.29274	0.38674	0.01051	0.01362	0.01376	0.01053	0.04027	0.03520	0.01385	0.03136	0.00492	0.00479	0.00150	0.00580	0.00450	0.00252	0.00657
5	0.00978	0.28934	0.22791	0.10011	0.01561	0.01220	0.01055	0.01238	0.00953	0.01263	0.01188	0.19799	0.01201	0.00703	0.00505	0.00149	0.05056	0.00563	0.00260	0.00572
6	0.01277	0.19767	0.31850	0.15659	0.01918	0.01186	0.01246	0.01620	0.01069	0.18521	0.01036	0.01137	0.00738	0.00478	0.00431	0.00141	0.00586	0.00372	0.00289	0.00677
7	0.00987	0.00852	0.09688	0.00860	0.01137	0.00642	0.09513	0.01236	0.01228	0.15331	0.30430	0.02944	0.21493	0.00844	0.00538	0.00154	0.00380	0.00743	0.00450	0.00552
8	0.00720	0.00513	0.00611	0.00629	0.00772	0.00459	0.00496	0.00874	0.01117	0.06079	0.11321	0.12512	0.41836	0.01206	0.00587	0.00177	0.00300	0.18892	0.00460	0.00440
9	0.00764	0.00771	0.06559	0.32968	0.01819	0.00731	0.00874	0.01029	0.01119	0.01490	0.28270	0.02680	0.17497	0.00788	0.00522	0.00156	0.00426	0.00682	0.00363	0.00491
10	0.01274	0.00806	0.00993	0.00784	0.03279	0.00643	0.00606	0.01470	0.01112	0.23881	0.01599	0.01588	0.09887	0.00521	0.00417	0.00105	0.00362	0.00426	0.00387	0.49861
11	0.01136	0.01180	0.01425	0.03141	0.01328	0.10536	0.01019	0.01330	0.06001	0.01210	0.00732	0.01079	0.00681	0.00776	0.01342	0.00195	0.65699	0.00414	0.00232	0.00542
12	0.86579	0.00924	0.00702	0.00629	0.00924	0.01072	0.00518	0.01405	0.00813	0.02144	0.00666	0.00776	0.00518	0.00444	0.00296	0.00148	0.00370	0.00259	0.00296	0.00518
13	0.01023	0.01836	0.46618	0.01215	0.01699	0.01148	0.01354	0.01748	0.23820	0.01608	0.01207	0.03822	0.00937	0.00584	0.00586	0.00162	0.09203	0.00446	0.00293	0.00692
14	0.01164	0.00848	0.01091	0.00797	0.01199	0.00669	0.04898	0.01383	0.01079	0.14119	0.05497	0.01254	0.00999	0.00430	0.00398	0.00093	0.00380	0.00363	0.00344	0.62996
15	0.00676	0.00489	0.00639	0.00601	0.00714	0.00451	0.00451	0.00902	0.01353	0.01917	0.79969	0.03570	0.04510	0.00977	0.00564	0.00150	0.00225	0.00864	0.00526	0.00451
16	0.01189	0.01027	0.01081	0.00973	0.01243	0.01189	0.00757	0.02540	0.79357	0.01999	0.01945	0.01783	0.01459	0.00648	0.00486	0.00162	0.00378	0.00540	0.00486	0.00757
17	0.00704	0.00543	0.00680	0.00654	0.02290	0.00488	0.00477	0.00925	0.02865	0.01709	0.49612	0.09769	0.15641	0.01011	0.01679	0.00156	0.00270	0.00847	0.00472	0.09209
18	0.01083	0.15428	0.62003	0.01256	0.01890	0.01214	0.02907	0.01549	0.01026	0.06138	0.00889	0.01012	0.00643	0.00454	0.00434	0.00143	0.00659	0.00349	0.00226	0.00697
19	0.01496	0.01340	0.01215	0.01047	0.01342	0.17637	0.00821	0.18969	0.42684	0.05980	0.01521	0.01448	0.01132	0.00597	0.00473	0.00149	0.00511	0.00466	0.00441	0.00730
20	0.00694	0.00467	0.00538	0.00538	0.00543	0.00472	0.00310	0.00706	0.00700	0.00939	0.01491	0.03045	0.01702	0.77944	0.07642	0.00484	0.00517	0.00683	0.00287	0.00299
21	0.00860	0.00695	0.00900	0.08921	0.10114	0.05381	0.00711	0.01038	0.02541	0.05300	0.07381	0.44568	0.03358	0.01106	0.00561	0.00176	0.00394	0.05106	0.00399	0.00490
22	0.01931	0.01072	0.10385	0.00940	0.01346	0.00853	0.00850	0.12046	0.02525	0.59193	0.02768	0.01523	0.01119	0.00580	0.00478	0.00148	0.00454	0.00466	0.00529	0.00795
23	0.00830	0.00415	0.00623	0.00623	0.00623	0.00415	0.00415	0.00623	0.00623	0.00830	0.00830	0.01453	0.00830	0.01660	0.01868	0.86094	0.00415	0.00415	0.00208	0.00208
24	0.00957	0.00932	0.01670	0.54296	0.11814	0.01054	0.14110	0.01280	0.01026	0.01358	0.06100	0.01418	0.00921	0.00492	0.00497	0.00157	0.00630	0.00477	0.00241	0.00571
25	0.01080	0.07703	0.52993	0.01276	0.06089	0.01040	0.01415	0.01498	0.01039	0.10097	0.01161	0.10404	0.00969	0.00583	0.00465	0.00152	0.00603	0.00479	0.00274	0.00678
26	0.01203	0.00897	0.01472	0.47412	0.17822	0.00995	0.02343	0.01487	0.01069	0.16986	0.01107	0.01427	0.00821	0.00510	0.00483	0.00155	0.00576	0.02306	0.00298	0.00630
27	0.00693	0.00471	0.00559	0.00559	0.00573	0.00484	0.00337	0.00720	0.00706	0.00955	0.01471	0.02935	0.01654	0.70900	0.14621	0.00510	0.00590	0.00667	0.00284	0.00311
28	0.01049	0.20856	0.49370	0.01110	0.01668	0.01188	0.01332	0.01443	0.01028	0.05525	0.01321	0.01395	0.09692	0.00537	0.00434	0.00141	0.00593	0.00412	0.00250	0.00656
29	0.02035	0.00850	0.01204	0.01088	0.10227	0.00752	0.00790	0.02231	0.01336	0.71547	0.01773	0.01576	0.01135	0.00573	0.00480	0.00147	0.00425	0.00474	0.00551	0.00807
30	0.00959	0.02472	0.80726	0.01362	0.02069	0.01110	0.01766	0.01514	0.01009	0.01514	0.00858	0.01009	0.00605	0.00454	0.00454	0.00151	0.00706	0.00353	0.00202	0.00706
31	0.00739	0.00587	0.00901	0.19638	0.01416	0.00608	0.04574	0.00917	0.01002	0.03184	0.08926	0.43255	0.05935	0.01117	0.00571	0.00179	0.00393	0.05214	0.00390	0.00453
32	0.11771	0.00826	0.01063	0.00825	0.01186	0.00745	0.00681	0.02224	0.01305	0.71613	0.01747	0.01530	0.01107	0.00575	0.00460	0.00148	0.00402	0.00455	0.00558	0.00780
33	0.00723	0.00680	0.09738	0.00768	0.00897	0.00498	0.00628	0.00874	0.00962	0.05661	0.02384	0.64457	0.02736	0.01318	0.00588	0.00188	0.00343	0.05681	0.00424	0.00451
34	0.01211	0.01929	0.46513	0.01485	0.07143	0.01163	0.12481	0.14379	0.01258	0.06456	0.00985	0.01120	0.00701	0.00473	0.00477	0.00151	0.00664	0.00408	0.00279	0.00725
35	0.00985	0.00891	0.01435	0.52001	0.18955	0.01031	0.01216	0.05253	0.01021	0.01352	0.00950	0.01460	0.00797	0.09903	0.00700	0.00190	0.00597	0.00456	0.00240	0.00565
36	0.01934	0.00992	0.01115	0.00900	0.01229	0.09933	0.00724	0.06000	0.05452	0.58283	0.01771	0.06891	0.01245	0.00642	0.00484	0.00149	0.00455	0.00520	0.00531	0.00753
37	0.01256	0.01060	0.01728	0.04754	0.60468	0.01030	0.01278	0.01523	0.01103	0.10051	0.00998	0.01212	0.00794	0.00437	0.00461	0.00135	0.00528	0.00415	0.00279	0.10489

[dist]
# distance from previous block
# <min> <max>
1	16

[block]
# block no. 4 follows, 53 sequences, length 19
# corresponding to MSA columns:
# 268-286
name=unknown_E
#
# <colnr> <probs for GDERKNQSTAVLIFYWHMCP>
#	G	D	E	R	K	N	Q	S	T	A	V	L	I	F	Y	W	H	M	C	P
0	0.07133	0.01021	0.05938	0.07320	0.01393	0.01955	0.00846	0.06943	0.25818	0.17408	0.05097	0.04439	0.01363	0.00680	0.00567	0.00163	0.06703	0.04108	0.00429	0.00673
1	0.06653	0.05982	0.08393	0.00860	0.01214	0.00851	0.00767	0.03127	0.07949	0.44606	0.12926	0.01755	0.01555	0.00619	0.00469	0.00147	0.00412	0.00502	0.00495	0.00717
2	0.18237	0.13546	0.01336	0.07225	0.01384	0.01116	0.04224	0.09369	0.08962	0.01775	0.00931	0.01045	0.00737	0.00444	0.00380	0.00119	0.00444	0.00339	0.00307	0.28080
3	0.11777	0.07542	0.01745	0.05894	0.54725	0.01151	0.01234	0.01511	0.01061	0.07628	0.00925	0.01138	0.00743	0.00442	0.00439	0.00141	0.00530	0.00396	0.00267	0.00710
4	0.01245	0.05818	0.52722	0.01286	0.01885	0.01068	0.08515	0.01687	0.01096	0.18564	0.01081	0.01157	0.00742	0.00477	0.00463	0.00149	0.00642	0.00395	0.00290	0.00719
5	0.01275	0.07680	0.01908	0.08851	0.49956	0.08506	0.07204	0.01540	0.01112	0.06110	0.00925	0.01163	0.00746	0.00443	0.00464	0.00140	0.00605	0.00415	0.00254	0.00704
6	0.01012	0.01084	0.07853	0.46044	0.32045	0.01093	0.01414	0.01336	0.01010	0.01372	0.00869	0.01219	0.00680	0.00456	0.00474	0.00152	0.00617	0.00420	0.00221	0.00630
7	0.00642	0.00482	0.00613	0.00674	0.00766	0.00434	0.00487	0.00759	0.00968	0.01287	0.02738	0.55468	0.12656	0.01333	0.00587	0.00182	0.00301	0.10949	0.00429	0.08245
8	0.06717	0.01121	0.01171	0.00992	0.01300	0.01276	0.00790	0.26910	0.49689	0.02334	0.01609	0.01516	0.01193	0.00612	0.00472	0.00155	0.00425	0.00487	0.00472	0.00760
9	0.86579	0.00924	0.00702	0.00629	0.00924	0.01072	0.00518	0.01405	0.00813	0.02144	0.00666	0.00776	0.00518	0.00444	0.00296	0.00148	0.00370	0.00259	0.00296	0.00518
10	0.00999	0.00948	0.01608	0.54856	0.29736	0.01087	0.01375	0.01306	0.01001	0.01338	0.00867	0.01243	0.00678	0.00460	0.00476	0.00153	0.00613	0.00425	0.00221	0.00609
11	0.01218	0.01188	0.02395	0.07065	0.08299	0.01144	0.55476	0.01644	0.05897	0.09076	0.01101	0.01342	0.00810	0.00442	0.00539	0.00158	0.00713	0.00535	0.00288	0.00669
12	0.00788	0.00443	0.00665	0.00665	0.00689	0.00468	0.00468	0.00689	0.00665	0.00911	0.00960	0.01576	0.00936	0.02216	0.24802	0.61461	0.00665	0.00443	0.00222	0.00271
13	0.00695	0.00463	0.00521	0.00521	0.00521	0.00463	0.00290	0.00695	0.00695	0.00927	0.01506	0.03128	0.01738	0.83203	0.02433	0.00463	0.00463	0.00695	0.00290	0.00290
14	0.00926	0.01954	0.55762	0.08734	0.02061	0.01029	0.09553	0.01387	0.01005	0.01454	0.01081	0.10864	0.00927	0.00576	0.00486	0.00158	0.00659	0.00502	0.00236	0.00646
15	0.01436	0.01237	0.06567	0.10850	0.01749	0.01253	0.08079	0.45908	0.03606	0.02336	0.01272	0.05352	0.01045	0.00641	0.00505	0.00156	0.00555	0.06343	0.00403	0.00707
16	0.45821	0.01026	0.01449	0.06397	0.05283	0.01085	0.23065	0.01505	0.00970	0.08041	0.00871	0.01042	0.00649	0.00445	0.00408	0.00152	0.00525	0.00383	0.00295	0.00590
17	0.01154	0.01144	0.14712	0.45206	0.07008	0.01022	0.01268	0.01554	0.06090	0.14567	0.01097	0.01316	0.00783	0.00501	0.00475	0.00155	0.00590	0.00430	0.00293	0.00635
18	0.10969	0.01103	0.08522	0.01133	0.07526	0.01011	0.02012	0.12403	0.01295	0.36641	0.01336	0.01367	0.00929	0.00584	0.00583	0.00155	0.09634	0.01641	0.00430	0.00726

[dist]
# distance from previous block
# <min> <max>
21	49

[block]
# block no. 5 follows, 53 sequences, length 8
# corresponding to MSA columns:
# 344-351
name=unknown_F
#
# <colnr> <probs for GDERKNQSTAVLIFYWHMCP>
#	G	D	E	R	K	N	Q	S	T	A	V	L	I	F	Y	W	H	M	C	P
0	0.01136	0.37603	0.33087	0.01394	0.15092	0.01455	0.01301	0.01470	0.01006	0.01352	0.00780	0.00933	0.00635	0.00430	0.00393	0.00128	0.00597	0.00323	0.00209	0.00674
1	0.01269	0.13027	0.35445	0.01452	0.15146	0.01224	0.01327	0.13030	0.01243	0.08861	0.02951	0.01146	0.00813	0.00486	0.00446	0.00141	0.00590	0.00388	0.00293	0.00721
2	0.04960	0.44110	0.11989	0.01248	0.14831	0.01492	0.01012	0.01511	0.08087	0.01377	0.00938	0.04822	0.00829	0.00492	0.00384	0.00127	0.00516	0.00375	0.00250	0.00648
3	0.00678	0.00499	0.00652	0.00721	0.00821	0.00473	0.00577	0.00850	0.01093	0.01430	0.14476	0.22912	0.16348	0.01291	0.00618	0.00194	0.00337	0.35153	0.00454	0.00423
4	0.08564	0.00607	0.00692	0.00705	0.00816	0.00620	0.00503	0.12339	0.01098	0.01553	0.02281	0.52558	0.07061	0.07441	0.00697	0.00201	0.00335	0.01050	0.00424	0.00457
5	0.01115	0.16456	0.38523	0.01058	0.01559	0.01171	0.01193	0.12861	0.01212	0.04218	0.01583	0.01622	0.14265	0.00598	0.00451	0.00143	0.00555	0.00464	0.00298	0.00657
6	0.00856	0.00970	0.11104	0.01035	0.01193	0.00909	0.08479	0.01045	0.00924	0.01326	0.12974	0.15778	0.01813	0.13267	0.01146	0.00224	0.25464	0.00694	0.00311	0.00489
7	0.00770	0.12847	0.00936	0.00727	0.00850	0.00713	0.00583	0.00906	0.00910	0.01188	0.01983	0.14928	0.07818	0.14259	0.20485	0.00365	0.00619	0.18346	0.00338	0.00429

[dist]
# distance from previous block
# <min> <max>
0	30

# created by:
# /st0/software/busco_prod/Augustus/scripts/msa2prfl.pl ./align_prep/227848.fa
