[name]
unknown

[dist]
# distance from previous block
# <min> <max>
6	20

[block]
# block no. 0 follows, 40 sequences, length 9
# corresponding to MSA columns:
# 22-30
name=unknown_A
#
# <colnr> <probs for GDERKNQSTAVLIFYWHMCP>
#	G	D	E	R	K	N	Q	S	T	A	V	L	I	F	Y	W	H	M	C	P
0	0.01589	0.01698	0.02050	0.09807	0.40780	0.21157	0.03703	0.01962	0.05578	0.01765	0.01110	0.01385	0.00908	0.00557	0.00562	0.00168	0.00779	0.00488	0.00308	0.03646
1	0.00997	0.00755	0.00869	0.00839	0.00991	0.00751	0.00591	0.07336	0.10059	0.01763	0.05016	0.30174	0.09171	0.20220	0.01215	0.00289	0.00434	0.01085	0.00492	0.06953
2	0.01236	0.01191	0.01476	0.01247	0.01396	0.05310	0.01005	0.01387	0.01022	0.01513	0.01074	0.06560	0.01084	0.06339	0.01457	0.00226	0.44083	0.00559	0.00305	0.21529
3	0.01365	0.01032	0.01209	0.05683	0.01479	0.01033	0.00828	0.16703	0.10967	0.05575	0.06063	0.09254	0.06940	0.05402	0.00727	0.00195	0.00490	0.05304	0.00497	0.19254
4	0.01521	0.01428	0.02432	0.06923	0.08602	0.01475	0.32804	0.19525	0.06124	0.02274	0.01410	0.06914	0.01160	0.00681	0.00693	0.00194	0.03949	0.00679	0.00395	0.00818
5	0.01425	0.01184	0.01536	0.06808	0.11532	0.01262	0.04569	0.10312	0.27293	0.05222	0.02093	0.04603	0.07417	0.03331	0.00696	0.00196	0.02143	0.00669	0.00478	0.07231
6	0.08350	0.01060	0.01179	0.01135	0.05775	0.06511	0.05432	0.04223	0.13816	0.03556	0.02994	0.06615	0.24096	0.10227	0.00889	0.00235	0.00515	0.02276	0.00468	0.00648
7	0.01555	0.01378	0.05140	0.07117	0.21215	0.06417	0.09029	0.03724	0.10789	0.11762	0.01482	0.01749	0.01158	0.05680	0.00725	0.00198	0.00663	0.00559	0.03137	0.06522
8	0.01201	0.00954	0.01101	0.01113	0.05977	0.04193	0.00777	0.03604	0.14225	0.07206	0.02731	0.26660	0.12387	0.03047	0.00742	0.00204	0.03587	0.00987	0.00501	0.08804

[dist]
# distance from previous block
# <min> <max>
22	66

[block]
# block no. 1 follows, 40 sequences, length 30
# corresponding to MSA columns:
# 118-147
name=unknown_B
#
# <colnr> <probs for GDERKNQSTAVLIFYWHMCP>
#	G	D	E	R	K	N	Q	S	T	A	V	L	I	F	Y	W	H	M	C	P
0	0.02073	0.01413	0.01572	0.01212	0.01660	0.01491	0.00994	0.50162	0.05341	0.13934	0.04943	0.01629	0.01281	0.00701	0.00572	0.00168	0.00574	0.00544	0.00581	0.09154
1	0.01360	0.01041	0.01210	0.00962	0.01337	0.00962	0.00754	0.18216	0.01515	0.04093	0.01512	0.11015	0.01401	0.06063	0.07430	0.00233	0.00577	0.00608	0.00431	0.39280
2	0.01861	0.01598	0.01613	0.01481	0.07934	0.11412	0.01089	0.30153	0.29695	0.04462	0.01694	0.01660	0.01260	0.00705	0.00578	0.00180	0.00626	0.00556	0.00527	0.00916
3	0.01206	0.01034	0.01206	0.00861	0.01378	0.00775	0.00689	0.01464	0.01206	0.01895	0.01034	0.01206	0.00861	0.00431	0.00431	0.00086	0.00431	0.00345	0.00345	0.83118
4	0.01206	0.01034	0.01206	0.00861	0.01378	0.00775	0.00689	0.01464	0.01206	0.01895	0.01034	0.01206	0.00861	0.00431	0.00431	0.00086	0.00431	0.00345	0.00345	0.83118
5	0.01672	0.01313	0.01356	0.01132	0.01483	0.04226	0.00900	0.33716	0.21698	0.04704	0.02513	0.04716	0.14399	0.02661	0.00659	0.00194	0.00532	0.00720	0.00564	0.00842
6	0.02044	0.01546	0.01652	0.01304	0.01740	0.01726	0.01065	0.58559	0.18443	0.03397	0.01608	0.01565	0.01160	0.00718	0.00584	0.00179	0.00601	0.00553	0.00584	0.00974
7	0.01302	0.01241	0.02112	0.33654	0.46926	0.01346	0.01716	0.01664	0.01259	0.01733	0.01070	0.01484	0.00862	0.00544	0.00578	0.00181	0.00725	0.00518	0.00276	0.00810
8	0.01203	0.08592	0.68152	0.01641	0.02463	0.01425	0.05009	0.01835	0.01230	0.01808	0.01032	0.01220	0.00743	0.00546	0.00545	0.00180	0.00847	0.00432	0.00248	0.00848
9	0.01352	0.22020	0.53615	0.01454	0.02198	0.01556	0.01782	0.01878	0.01243	0.06325	0.01062	0.01201	0.00782	0.00549	0.00510	0.00169	0.00778	0.00410	0.00276	0.00839
10	0.02609	0.00990	0.01350	0.01035	0.01484	0.00855	0.00855	0.02834	0.01664	0.76338	0.02294	0.01979	0.01439	0.00720	0.00585	0.00180	0.00495	0.00585	0.00720	0.00990
11	0.00727	0.00591	0.00645	0.00631	0.00810	0.00508	0.00473	0.00912	0.01420	0.01795	0.26431	0.05228	0.55020	0.01389	0.00687	0.00192	0.00289	0.01176	0.00570	0.00508
12	0.01656	0.01117	0.01385	0.01205	0.03430	0.03352	0.05345	0.24826	0.01756	0.16074	0.02116	0.25823	0.02017	0.06117	0.00790	0.00220	0.00549	0.00912	0.00545	0.00764
13	0.01373	0.01569	0.03431	0.02451	0.03039	0.01471	0.73824	0.01863	0.01373	0.01863	0.01176	0.01569	0.00882	0.00490	0.00686	0.00196	0.00980	0.00686	0.00294	0.00784
14	0.02609	0.00990	0.01350	0.01035	0.01484	0.00855	0.00855	0.02834	0.01664	0.76338	0.02294	0.01979	0.01439	0.00720	0.00585	0.00180	0.00495	0.00585	0.00720	0.00990
15	0.01334	0.01275	0.02171	0.26527	0.53798	0.01354	0.01732	0.01693	0.01274	0.01772	0.01075	0.01473	0.00876	0.00538	0.00577	0.00179	0.00717	0.00518	0.00279	0.00836
16	0.01566	0.01283	0.01337	0.01163	0.01479	0.03471	0.00902	0.21252	0.42974	0.02557	0.02090	0.07486	0.01714	0.07082	0.00786	0.00222	0.00523	0.00700	0.00558	0.00855
17	0.01384	0.00831	0.00862	0.00754	0.00977	0.00877	0.00592	0.20668	0.01622	0.02566	0.01764	0.01963	0.01357	0.00683	0.00453	0.00146	0.00369	0.00537	0.60935	0.00661
18	0.00709	0.00506	0.00675	0.00810	0.00843	0.00472	0.00540	0.00810	0.01113	0.01484	0.03205	0.79184	0.03846	0.01822	0.00742	0.00236	0.00337	0.01653	0.00540	0.00472
19	0.02128	0.01353	0.01530	0.01208	0.01622	0.01434	0.00983	0.47266	0.05039	0.20595	0.01824	0.09242	0.01407	0.00818	0.00599	0.00183	0.00569	0.00655	0.00611	0.00936
20	0.01716	0.01311	0.01413	0.01205	0.01574	0.01475	0.00956	0.18800	0.52597	0.09045	0.02145	0.01982	0.01572	0.00763	0.00589	0.00191	0.00503	0.00622	0.00600	0.00942
21	0.01765	0.01055	0.01211	0.01034	0.01374	0.01107	0.00820	0.04437	0.36691	0.26425	0.04011	0.02228	0.03644	0.00778	0.00571	0.00183	0.00444	0.00640	0.10704	0.00879
22	0.00709	0.00506	0.00675	0.00810	0.00843	0.00472	0.00540	0.00810	0.01113	0.01484	0.03205	0.79184	0.03846	0.01822	0.00742	0.00236	0.00337	0.01653	0.00540	0.00472
23	0.01160	0.02145	0.41169	0.12811	0.02638	0.01309	0.16032	0.01685	0.01240	0.01750	0.01485	0.01730	0.07405	0.00647	0.00656	0.00192	0.04323	0.00567	0.00283	0.00771
24	0.01425	0.01368	0.02335	0.06586	0.73027	0.01378	0.01778	0.01773	0.01318	0.01883	0.01091	0.01444	0.00915	0.00521	0.00576	0.00174	0.00694	0.00518	0.00287	0.00910
25	0.01251	0.01060	0.01230	0.00883	0.01397	0.00822	0.00708	0.04736	0.01275	0.01975	0.01050	0.01214	0.00867	0.00443	0.00437	0.00090	0.00440	0.00353	0.00355	0.79413
26	0.00709	0.00506	0.00675	0.00810	0.00843	0.00472	0.00540	0.00810	0.01113	0.01484	0.03205	0.79184	0.03846	0.01822	0.00742	0.00236	0.00337	0.01653	0.00540	0.00472
27	0.09329	0.02659	0.01703	0.01543	0.01866	0.64967	0.01152	0.05672	0.01749	0.01816	0.01115	0.01333	0.00940	0.00728	0.00597	0.00190	0.01028	0.00443	0.00386	0.00785
28	0.02107	0.02653	0.01689	0.01605	0.05580	0.70985	0.01162	0.02266	0.01608	0.01447	0.00905	0.01076	0.00758	0.00608	0.00570	0.00154	0.03459	0.00386	0.00298	0.00686
29	0.01369	0.01130	0.01372	0.01030	0.01492	0.00993	0.04497	0.16530	0.01529	0.02220	0.01425	0.07692	0.03181	0.00631	0.00507	0.00125	0.00491	0.00529	0.00413	0.52843

[dist]
# distance from previous block
# <min> <max>
0	9

[block]
# block no. 2 follows, 40 sequences, length 17
# corresponding to MSA columns:
# 169-185
name=unknown_C
#
# <colnr> <probs for GDERKNQSTAVLIFYWHMCP>
#	G	D	E	R	K	N	Q	S	T	A	V	L	I	F	Y	W	H	M	C	P
0	0.00834	0.00692	0.00816	0.03488	0.04507	0.04176	0.00627	0.00957	0.01165	0.01485	0.03290	0.48957	0.16416	0.08673	0.00911	0.00250	0.00415	0.01350	0.00490	0.00501
1	0.01422	0.01364	0.02330	0.07297	0.72341	0.01377	0.01776	0.01770	0.01316	0.01879	0.01091	0.01445	0.00914	0.00521	0.00576	0.00174	0.00695	0.00518	0.00286	0.00907
2	0.01396	0.01370	0.02435	0.10943	0.59385	0.01384	0.10961	0.01765	0.01314	0.01853	0.01098	0.01467	0.00901	0.00521	0.00590	0.00178	0.00736	0.00539	0.00286	0.00876
3	0.01032	0.00933	0.01727	0.01528	0.06044	0.00877	0.25323	0.01290	0.01254	0.03674	0.05944	0.42674	0.02691	0.01235	0.00707	0.00215	0.00576	0.01202	0.00452	0.00622
4	0.01293	0.01233	0.02097	0.35513	0.45134	0.01343	0.01712	0.01657	0.01255	0.01723	0.01068	0.01487	0.00859	0.00545	0.00578	0.00182	0.00727	0.00518	0.00275	0.00803
5	0.01368	0.01554	0.03351	0.02406	0.02966	0.01486	0.70304	0.01840	0.01349	0.01840	0.01156	0.01554	0.00877	0.00516	0.00746	0.00199	0.04741	0.00678	0.00292	0.00777
6	0.01338	0.01029	0.01219	0.00878	0.01388	0.00783	0.00705	0.01594	0.01249	0.08920	0.01153	0.01279	0.00916	0.00458	0.00445	0.00095	0.00437	0.00367	0.00380	0.75368
7	0.01137	0.01073	0.01814	0.69748	0.12122	0.01302	0.01634	0.01520	0.01181	0.01533	0.01040	0.01538	0.00792	0.00574	0.00581	0.00191	0.00766	0.00517	0.00262	0.00677
8	0.00830	0.00565	0.00673	0.00687	0.00702	0.00574	0.00415	0.00865	0.00883	0.01189	0.01937	0.11141	0.02209	0.63003	0.11443	0.00575	0.00658	0.00900	0.00366	0.00384
9	0.01119	0.01074	0.01873	0.72399	0.03932	0.01306	0.07114	0.01514	0.01179	0.01514	0.01044	0.01552	0.00783	0.00574	0.00589	0.00194	0.00791	0.00530	0.00261	0.00657
10	0.01165	0.00664	0.00872	0.00795	0.00987	0.00599	0.00604	0.01403	0.01572	0.17201	0.48904	0.12651	0.07910	0.01181	0.00672	0.00189	0.00327	0.01036	0.00640	0.00626
11	0.01166	0.03008	0.76550	0.01657	0.02517	0.01351	0.02149	0.01842	0.01228	0.01842	0.01044	0.01228	0.00737	0.00552	0.00552	0.00184	0.00859	0.00430	0.00246	0.00859
12	0.00687	0.00589	0.00589	0.00589	0.00785	0.00491	0.00442	0.00835	0.01325	0.01571	0.05891	0.05596	0.75700	0.01473	0.00687	0.00196	0.00295	0.01227	0.00540	0.00491
13	0.01206	0.01034	0.01206	0.00861	0.01378	0.00775	0.00689	0.01464	0.01206	0.01895	0.01034	0.01206	0.00861	0.00431	0.00431	0.00086	0.00431	0.00345	0.00345	0.83118
14	0.00782	0.00584	0.00727	0.00711	0.00849	0.00528	0.00526	0.01011	0.01520	0.02080	0.53138	0.12921	0.19845	0.01318	0.00692	0.00192	0.00286	0.01155	0.00608	0.00528
15	0.00849	0.00597	0.00724	0.00712	0.00868	0.00531	0.00526	0.01045	0.01439	0.05809	0.34425	0.18244	0.29333	0.01378	0.00691	0.00197	0.00304	0.01197	0.00591	0.00538
16	0.01544	0.75279	0.03070	0.01081	0.01584	0.02252	0.05303	0.01748	0.01193	0.01397	0.00830	0.00970	0.00754	0.00497	0.00392	0.00129	0.00643	0.00333	0.00251	0.00749

[dist]
# distance from previous block
# <min> <max>
1	2

[block]
# block no. 3 follows, 40 sequences, length 15
# corresponding to MSA columns:
# 188-202
name=unknown_D
#
# <colnr> <probs for GDERKNQSTAVLIFYWHMCP>
#	G	D	E	R	K	N	Q	S	T	A	V	L	I	F	Y	W	H	M	C	P
0	0.02233	0.01593	0.01723	0.01321	0.01786	0.01751	0.01091	0.70053	0.02675	0.07692	0.01446	0.01428	0.01014	0.00699	0.00582	0.00175	0.00632	0.00527	0.00589	0.00989
1	0.01310	0.01102	0.01309	0.00977	0.01455	0.00936	0.02834	0.09155	0.06593	0.02098	0.01272	0.04942	0.01079	0.00551	0.00480	0.00113	0.00466	0.00456	0.00395	0.62476
2	0.15588	0.10666	0.18509	0.01271	0.01807	0.01550	0.03534	0.24438	0.05312	0.10074	0.01283	0.01332	0.00925	0.00616	0.00518	0.00174	0.00642	0.00461	0.00436	0.00862
3	0.02280	0.01517	0.01676	0.01285	0.01748	0.01638	0.01062	0.61564	0.02547	0.16362	0.01553	0.01498	0.01068	0.00702	0.00582	0.00175	0.00615	0.00534	0.00606	0.00989
4	0.00742	0.00545	0.00700	0.00815	0.00871	0.00519	0.00552	0.00917	0.04566	0.01533	0.03315	0.71515	0.07731	0.01754	0.00732	0.00232	0.00341	0.01583	0.00542	0.00494
5	0.02101	0.01318	0.01479	0.01165	0.01581	0.01393	0.00952	0.41480	0.09149	0.21869	0.01969	0.01870	0.04928	0.00750	0.00579	0.00177	0.00548	0.00588	0.05170	0.00933
6	0.01349	0.01547	0.06705	0.10262	0.05490	0.01424	0.54965	0.04700	0.01388	0.01884	0.01226	0.04017	0.00964	0.00555	0.00662	0.00195	0.00909	0.00674	0.00307	0.00777
7	0.00718	0.00510	0.00672	0.00797	0.00829	0.00479	0.00527	0.00812	0.01094	0.01459	0.03108	0.73836	0.03723	0.07337	0.00900	0.00259	0.00353	0.01596	0.00527	0.00464
8	0.02523	0.00971	0.01322	0.01020	0.01455	0.00840	0.00840	0.02751	0.01664	0.72786	0.05814	0.02093	0.01634	0.00742	0.00590	0.00180	0.00484	0.00607	0.00716	0.00968
9	0.03470	0.00677	0.00800	0.00783	0.00891	0.00682	0.00542	0.07257	0.01239	0.04745	0.10340	0.24568	0.02732	0.27347	0.05226	0.00357	0.00497	0.01010	0.06318	0.00518
10	0.01542	0.58006	0.10707	0.01217	0.01740	0.03996	0.06513	0.05464	0.01284	0.01574	0.00892	0.01046	0.00768	0.00529	0.00469	0.00143	0.02702	0.00369	0.00270	0.00769
11	0.00774	0.00580	0.00697	0.00689	0.00818	0.00526	0.00497	0.00965	0.01412	0.01896	0.40099	0.12781	0.24972	0.09593	0.00932	0.00233	0.00317	0.01145	0.00570	0.00503
12	0.00846	0.00564	0.00634	0.00634	0.00634	0.00564	0.00352	0.00846	0.00846	0.01128	0.01832	0.03805	0.02114	0.79563	0.02960	0.00564	0.00564	0.00846	0.00352	0.00352
13	0.31195	0.01313	0.04815	0.08862	0.06910	0.01380	0.04038	0.18364	0.02969	0.04649	0.01255	0.06798	0.01042	0.00695	0.00562	0.00187	0.03263	0.00534	0.00412	0.00757
14	0.11062	0.47989	0.12055	0.02958	0.01686	0.08080	0.01134	0.06197	0.01297	0.01720	0.00887	0.01025	0.00747	0.00532	0.00425	0.00145	0.00672	0.00350	0.00286	0.00754

[dist]
# distance from previous block
# <min> <max>
0	1

[block]
# block no. 4 follows, 40 sequences, length 7
# corresponding to MSA columns:
# 204-210
name=unknown_E
#
# <colnr> <probs for GDERKNQSTAVLIFYWHMCP>
#	G	D	E	R	K	N	Q	S	T	A	V	L	I	F	Y	W	H	M	C	P
0	0.00958	0.00622	0.00816	0.00862	0.00997	0.00568	0.00648	0.01128	0.01269	0.08413	0.08775	0.42789	0.08750	0.01535	0.00716	0.00223	0.00387	0.15286	0.00553	0.04704
1	0.14413	0.01050	0.01201	0.00927	0.01360	0.00929	0.03273	0.07277	0.01295	0.02101	0.01398	0.08844	0.03538	0.00639	0.00479	0.00130	0.00457	0.00521	0.00389	0.49781
2	0.00852	0.00670	0.00706	0.00697	0.00870	0.03019	0.00517	0.01016	0.01363	0.04605	0.17373	0.11692	0.45730	0.05335	0.00800	0.00216	0.00347	0.03125	0.00547	0.00519
3	0.01546	0.01345	0.01955	0.08680	0.41202	0.01415	0.01444	0.19729	0.06274	0.02313	0.01614	0.01804	0.06753	0.00659	0.00587	0.00178	0.00640	0.00583	0.00397	0.00882
4	0.01221	0.01137	0.01797	0.51135	0.17762	0.01334	0.01537	0.01802	0.13021	0.01719	0.01259	0.01628	0.00964	0.00602	0.00582	0.00190	0.00708	0.00540	0.00318	0.00744
5	0.01512	0.01390	0.02245	0.08108	0.62164	0.01428	0.01690	0.10659	0.01487	0.02090	0.01127	0.01441	0.00920	0.00544	0.00577	0.00174	0.00690	0.00519	0.00322	0.00912
6	0.68468	0.01178	0.00996	0.00853	0.01231	0.01337	0.00703	0.10684	0.01248	0.07442	0.00977	0.01066	0.00726	0.00571	0.00402	0.00179	0.00476	0.00358	0.00410	0.00697

[dist]
# distance from previous block
# <min> <max>
2	6

[block]
# block no. 5 follows, 40 sequences, length 14
# corresponding to MSA columns:
# 225-238
name=unknown_F
#
# <colnr> <probs for GDERKNQSTAVLIFYWHMCP>
#	G	D	E	R	K	N	Q	S	T	A	V	L	I	F	Y	W	H	M	C	P
0	0.01191	0.00765	0.00938	0.00797	0.01070	0.00667	0.00617	0.01477	0.04222	0.14209	0.33576	0.03462	0.14770	0.03308	0.00685	0.00178	0.00359	0.00848	0.00571	0.16291
1	0.01484	0.01598	0.04542	0.17008	0.36748	0.14803	0.05319	0.01894	0.05613	0.01770	0.01144	0.01451	0.00918	0.00564	0.00569	0.00175	0.00767	0.00507	0.02318	0.00807
2	0.00710	0.00565	0.00629	0.00675	0.00809	0.00495	0.00484	0.00840	0.01237	0.01527	0.04771	0.27820	0.47660	0.05653	0.00826	0.00230	0.00330	0.03728	0.00530	0.00480
3	0.00714	0.00510	0.00680	0.00806	0.00845	0.00476	0.00540	0.00823	0.01138	0.01524	0.06574	0.75702	0.03922	0.01792	0.00740	0.00234	0.00334	0.01625	0.00544	0.00476
4	0.00743	0.00560	0.00667	0.00720	0.00822	0.00509	0.00508	0.00876	0.01224	0.01578	0.11739	0.32780	0.28385	0.10859	0.00984	0.00258	0.00354	0.05427	0.00528	0.00476
5	0.00752	0.00540	0.00696	0.00762	0.00830	0.00503	0.00522	0.00895	0.01250	0.01697	0.23684	0.48143	0.07349	0.08444	0.00918	0.00248	0.00338	0.01393	0.00552	0.00484
6	0.01010	0.00505	0.00758	0.00758	0.00758	0.00505	0.00505	0.00758	0.00758	0.01010	0.01010	0.01768	0.01010	0.02020	0.02273	0.83081	0.00505	0.00505	0.00253	0.00253
7	0.01338	0.01112	0.01277	0.00924	0.01434	0.00910	0.00744	0.11009	0.01407	0.02128	0.01081	0.01231	0.00878	0.00466	0.00451	0.00098	0.00458	0.00368	0.00376	0.72311
8	0.01989	0.22397	0.02021	0.01311	0.01707	0.34259	0.01076	0.21274	0.05178	0.02052	0.01075	0.01163	0.00859	0.00608	0.00504	0.00152	0.00802	0.00411	0.00375	0.00788
9	0.01486	0.02840	0.01554	0.01247	0.05062	0.01024	0.09891	0.11217	0.02937	0.13174	0.09711	0.05561	0.07595	0.00754	0.00575	0.00158	0.00522	0.00663	0.00481	0.23549
10	0.01700	0.04830	0.12150	0.03943	0.05208	0.02687	0.03208	0.16987	0.19206	0.14471	0.01810	0.06290	0.01417	0.00765	0.00589	0.00187	0.00607	0.02566	0.00504	0.00876
11	0.01173	0.05219	0.04168	0.00956	0.01158	0.00897	0.00748	0.11386	0.05648	0.06898	0.04324	0.40273	0.02676	0.07210	0.04231	0.00267	0.00504	0.01121	0.00511	0.00631
12	0.01463	0.01077	0.01482	0.03222	0.17807	0.01108	0.03167	0.08160	0.17531	0.12511	0.02272	0.17953	0.04844	0.00971	0.00632	0.00198	0.00524	0.03764	0.00512	0.00802
13	0.04939	0.09869	0.32399	0.01677	0.05548	0.04906	0.14559	0.05548	0.01396	0.11953	0.01216	0.01359	0.00876	0.00566	0.00556	0.00177	0.00782	0.00486	0.00344	0.00844

[dist]
# distance from previous block
# <min> <max>
0	4

[block]
# block no. 6 follows, 40 sequences, length 6
# corresponding to MSA columns:
# 243-248
name=unknown_G
#
# <colnr> <probs for GDERKNQSTAVLIFYWHMCP>
#	G	D	E	R	K	N	Q	S	T	A	V	L	I	F	Y	W	H	M	C	P
0	0.01360	0.05594	0.07513	0.19134	0.25443	0.03964	0.14079	0.01791	0.04557	0.03961	0.04102	0.01650	0.01115	0.02487	0.00645	0.00190	0.00745	0.00562	0.00319	0.00788
1	0.04544	0.01432	0.20366	0.01124	0.01604	0.00948	0.01110	0.02165	0.04244	0.36753	0.09181	0.06601	0.05706	0.00822	0.00593	0.00186	0.00544	0.00679	0.00554	0.00844
2	0.00885	0.00615	0.00697	0.00659	0.00716	0.00587	0.00389	0.00913	0.00885	0.01211	0.01745	0.03521	0.01977	0.70912	0.02683	0.00512	0.00549	0.00791	0.00352	0.09401
3	0.04410	0.09614	0.24382	0.07246	0.07306	0.01488	0.09903	0.05068	0.01250	0.01819	0.01047	0.01403	0.00852	0.00637	0.00765	0.00185	0.13370	0.02134	0.00291	0.06830
4	0.05135	0.11769	0.07781	0.01400	0.07987	0.05084	0.01124	0.31864	0.04376	0.06038	0.01649	0.06718	0.05065	0.00753	0.00557	0.00174	0.00620	0.00592	0.00466	0.00849
5	0.01325	0.04197	0.01602	0.02917	0.08199	0.02623	0.06398	0.10899	0.05546	0.01867	0.04951	0.05210	0.03936	0.01070	0.01150	0.12977	0.17538	0.03980	0.02958	0.00658

[dist]
# distance from previous block
# <min> <max>
2	7

[block]
# block no. 7 follows, 40 sequences, length 7
# corresponding to MSA columns:
# 256-262
name=unknown_H
#
# <colnr> <probs for GDERKNQSTAVLIFYWHMCP>
#	G	D	E	R	K	N	Q	S	T	A	V	L	I	F	Y	W	H	M	C	P
0	0.01410	0.05006	0.37777	0.01366	0.01935	0.06384	0.03834	0.01843	0.01341	0.13197	0.07229	0.01980	0.07197	0.02731	0.00695	0.00193	0.04139	0.00578	0.00380	0.00785
1	0.01579	0.01792	0.01852	0.01582	0.01723	0.26863	0.06305	0.01739	0.01176	0.01440	0.00837	0.01219	0.00767	0.00842	0.01362	0.00216	0.47298	0.00477	0.00272	0.00659
2	0.01331	0.00854	0.00984	0.00872	0.01119	0.00834	0.00676	0.14495	0.03997	0.13427	0.07147	0.08990	0.26502	0.07986	0.00916	0.03335	0.00440	0.04885	0.00555	0.00655
3	0.01642	0.50028	0.06164	0.03862	0.01801	0.05032	0.08656	0.01954	0.04389	0.09937	0.01102	0.01209	0.00883	0.00544	0.00461	0.00147	0.00672	0.00411	0.00323	0.00784
4	0.00761	0.00571	0.00679	0.00729	0.00857	0.00516	0.00541	0.00931	0.01302	0.01700	0.14414	0.27947	0.31906	0.01516	0.00703	0.00212	0.00331	0.09291	0.04590	0.00501
5	0.09366	0.09179	0.01621	0.01189	0.03800	0.01494	0.00950	0.35195	0.05375	0.09630	0.02960	0.01569	0.01151	0.04073	0.02533	0.00199	0.00594	0.00506	0.00496	0.08119
6	0.01944	0.04306	0.01625	0.01221	0.01661	0.01575	0.01001	0.49078	0.10997	0.06212	0.01553	0.04314	0.01183	0.00713	0.00564	0.00168	0.00577	0.00555	0.00548	0.10203

[dist]
# distance from previous block
# <min> <max>
0	10

[block]
# block no. 8 follows, 40 sequences, length 46
# corresponding to MSA columns:
# 274-299,301-320
name=unknown_I
#
# <colnr> <probs for GDERKNQSTAVLIFYWHMCP>
#	G	D	E	R	K	N	Q	S	T	A	V	L	I	F	Y	W	H	M	C	P
0	0.06008	0.09969	0.10108	0.40139	0.06373	0.01428	0.01446	0.05721	0.05827	0.05895	0.01172	0.01461	0.00876	0.00590	0.00543	0.00182	0.00703	0.00486	0.00327	0.00747
1	0.01266	0.03862	0.01087	0.00896	0.01174	0.00825	0.03351	0.03167	0.10252	0.16108	0.10590	0.06512	0.31884	0.01150	0.00651	0.00195	0.00412	0.05370	0.00570	0.00677
2	0.00942	0.00764	0.05699	0.00870	0.01011	0.00629	0.00666	0.04311	0.01247	0.06037	0.09036	0.49585	0.05113	0.10095	0.00951	0.00257	0.00413	0.01310	0.00521	0.00545
3	0.09396	0.01842	0.01598	0.07390	0.05936	0.27349	0.01106	0.27361	0.01901	0.05244	0.01364	0.01461	0.04204	0.00666	0.00547	0.00169	0.00755	0.00487	0.00427	0.00796
4	0.02198	0.01480	0.01634	0.01258	0.01708	0.01591	0.01033	0.57758	0.03951	0.14909	0.01558	0.01556	0.01099	0.02594	0.00636	0.00183	0.00606	0.00539	0.00592	0.03118
5	0.11107	0.01060	0.01211	0.00978	0.01356	0.03617	0.00794	0.08461	0.04943	0.43903	0.04145	0.01889	0.01432	0.00705	0.00537	0.00173	0.00483	0.00554	0.11792	0.00862
6	0.01526	0.74264	0.08447	0.01044	0.01568	0.02231	0.01080	0.01749	0.01185	0.01403	0.00826	0.00954	0.00746	0.00502	0.00386	0.00129	0.00639	0.00320	0.00249	0.00755
7	0.01117	0.00651	0.00853	0.00785	0.00962	0.00591	0.00590	0.01347	0.01545	0.15062	0.49068	0.12950	0.06838	0.04070	0.00759	0.00203	0.00332	0.01041	0.00628	0.00607
8	0.02081	0.00903	0.01198	0.00976	0.01332	0.00813	0.00783	0.02400	0.06540	0.53005	0.14968	0.08226	0.02339	0.00888	0.00615	0.00186	0.00443	0.00751	0.00684	0.00870
9	0.00800	0.00594	0.00745	0.00707	0.00855	0.00539	0.00531	0.01053	0.01592	0.02203	0.63794	0.04556	0.17402	0.01237	0.00686	0.00185	0.00278	0.01081	0.00623	0.00539
10	0.00839	0.00562	0.00640	0.00645	0.00651	0.00559	0.00367	0.00852	0.00881	0.01179	0.04090	0.07191	0.02292	0.73756	0.02793	0.00538	0.00545	0.00888	0.00369	0.00364
11	0.00892	0.00653	0.00836	0.00916	0.01018	0.00650	0.00683	0.05229	0.05346	0.01761	0.06546	0.50415	0.03535	0.01621	0.00736	0.00235	0.00403	0.17430	0.00549	0.00545
12	0.05279	0.01047	0.01346	0.01043	0.01474	0.00964	0.00859	0.11082	0.01766	0.60910	0.06395	0.02012	0.01593	0.00738	0.00582	0.00179	0.00498	0.00595	0.00686	0.00951
13	0.01229	0.01041	0.01209	0.00884	0.01378	0.00818	0.00704	0.03942	0.03252	0.01955	0.01158	0.03952	0.00994	0.00498	0.00451	0.00097	0.00435	0.00405	0.00366	0.75232
14	0.12759	0.05428	0.56401	0.01456	0.02183	0.03378	0.01775	0.01851	0.01232	0.04803	0.02995	0.01283	0.00874	0.00573	0.00523	0.00180	0.00769	0.00430	0.00292	0.00815
15	0.03765	0.01191	0.01508	0.15871	0.05440	0.01241	0.01067	0.21160	0.07239	0.17382	0.06032	0.01746	0.01343	0.00669	0.00563	0.00170	0.00570	0.00547	0.00501	0.11996
16	0.02158	0.01505	0.01647	0.01273	0.01729	0.01628	0.01046	0.57853	0.07714	0.11648	0.01551	0.01509	0.01090	0.00696	0.00576	0.00173	0.00602	0.00532	0.00588	0.04484
17	0.01381	0.01427	0.02989	0.10026	0.02934	0.01367	0.58118	0.01830	0.01365	0.05914	0.01406	0.01859	0.02853	0.00574	0.00674	0.00197	0.00900	0.03093	0.00328	0.00766
18	0.00806	0.00547	0.00720	0.00794	0.00872	0.00504	0.00550	0.00951	0.01257	0.04555	0.18895	0.57496	0.06608	0.01631	0.00722	0.00221	0.00328	0.01467	0.00568	0.00509
19	0.08126	0.01942	0.31452	0.04113	0.05543	0.03513	0.01454	0.06476	0.08314	0.21191	0.01489	0.01513	0.01032	0.00626	0.00552	0.00182	0.00678	0.00493	0.00433	0.00878
20	0.01222	0.11841	0.07374	0.01334	0.08786	0.01140	0.06448	0.07629	0.04052	0.03836	0.23557	0.10718	0.04525	0.02554	0.00663	0.00190	0.00523	0.02439	0.00469	0.00701
21	0.00809	0.00610	0.00765	0.00816	0.00960	0.00566	0.00653	0.01023	0.01380	0.01794	0.20284	0.13252	0.26635	0.01493	0.00734	0.00223	0.00381	0.26542	0.00561	0.00518
22	0.01323	0.01340	0.05153	0.26427	0.50870	0.01353	0.01747	0.01695	0.01271	0.01770	0.01073	0.01465	0.00869	0.00539	0.00577	0.00180	0.00724	0.00514	0.00277	0.00834
23	0.01749	0.07344	0.08617	0.05604	0.03966	0.01234	0.01075	0.05894	0.21675	0.25496	0.04470	0.04157	0.01618	0.00773	0.00583	0.00186	0.00549	0.03598	0.00542	0.00870
24	0.01218	0.00687	0.00848	0.00763	0.00993	0.00601	0.00587	0.01424	0.01503	0.20663	0.27885	0.08953	0.29180	0.01211	0.00664	0.00190	0.00341	0.01034	0.00618	0.00635
25	0.02005	0.01163	0.01355	0.01101	0.01485	0.01205	0.00888	0.19993	0.21270	0.30264	0.06815	0.02051	0.01683	0.00761	0.00583	0.00181	0.00494	0.00617	0.05167	0.00918
26	0.01662	0.47528	0.16258	0.01194	0.01729	0.10966	0.01217	0.04696	0.01342	0.07203	0.00997	0.01098	0.00806	0.00544	0.00448	0.00145	0.00708	0.00369	0.00303	0.00786
27	0.08865	0.01253	0.05431	0.01083	0.01485	0.02714	0.00918	0.18534	0.09402	0.29026	0.03619	0.05357	0.03662	0.00775	0.00565	0.00181	0.00521	0.00618	0.05125	0.00866
28	0.00811	0.00572	0.00718	0.00785	0.00837	0.00554	0.00523	0.03548	0.01153	0.01548	0.08450	0.50443	0.03432	0.20873	0.01279	0.00311	0.00403	0.02786	0.00503	0.00469
29	0.01192	0.12598	0.03563	0.01115	0.01370	0.02623	0.04890	0.10767	0.01248	0.01694	0.01369	0.01894	0.01226	0.04726	0.44708	0.00616	0.02867	0.00561	0.00334	0.00639
30	0.01251	0.01054	0.01214	0.00911	0.01382	0.00870	0.00722	0.05274	0.07744	0.02010	0.01289	0.05594	0.01112	0.00552	0.00470	0.00109	0.00439	0.00453	0.00389	0.67162
31	0.01397	0.01330	0.02243	0.09971	0.65776	0.01358	0.01725	0.01779	0.03287	0.01874	0.01172	0.01596	0.00992	0.00558	0.00582	0.00178	0.00688	0.02306	0.00300	0.00887
32	0.01206	0.01034	0.01206	0.00861	0.01378	0.00775	0.00689	0.01464	0.01206	0.01895	0.01034	0.01206	0.00861	0.00431	0.00431	0.00086	0.00431	0.00345	0.00345	0.83118
33	0.01058	0.00645	0.00850	0.00785	0.00960	0.00589	0.00600	0.01314	0.01604	0.12197	0.58098	0.08092	0.06173	0.01179	0.00679	0.00188	0.00317	0.03429	0.00640	0.00602
34	0.00818	0.00594	0.00770	0.00726	0.00866	0.00547	0.00545	0.01088	0.01634	0.02304	0.73069	0.04390	0.08064	0.01199	0.00686	0.00183	0.00275	0.01058	0.00636	0.00547
35	0.00742	0.00570	0.00679	0.00744	0.00862	0.00515	0.00547	0.00890	0.01246	0.01580	0.07602	0.32048	0.33566	0.04801	0.00816	0.00235	0.00353	0.11180	0.00536	0.00487
36	0.00828	0.00563	0.00645	0.00662	0.00678	0.00555	0.00392	0.00853	0.00908	0.01200	0.02190	0.10999	0.05793	0.66252	0.02580	0.00507	0.00529	0.03106	0.00384	0.00376
37	0.02172	0.02772	0.01648	0.01498	0.01798	0.77228	0.01124	0.02322	0.01648	0.01423	0.00899	0.01049	0.00749	0.00599	0.00524	0.00150	0.01049	0.00375	0.00300	0.00674
38	0.01206	0.01034	0.01206	0.00861	0.01378	0.00775	0.00689	0.01464	0.01206	0.01895	0.01034	0.01206	0.00861	0.00431	0.00431	0.00086	0.00431	0.00345	0.00345	0.83118
39	0.07095	0.01384	0.02013	0.10352	0.45265	0.07027	0.03038	0.01956	0.02801	0.11685	0.01239	0.01476	0.00958	0.00563	0.00562	0.00176	0.00686	0.00509	0.00354	0.00861
40	0.01010	0.00505	0.00758	0.00758	0.00758	0.00505	0.00505	0.00758	0.00758	0.01010	0.01010	0.01768	0.01010	0.02020	0.02273	0.83081	0.00505	0.00505	0.00253	0.00253
41	0.35225	0.01089	0.01153	0.05188	0.01450	0.01161	0.00806	0.12697	0.01478	0.22542	0.04543	0.07545	0.01358	0.00740	0.00509	0.00184	0.00492	0.00564	0.00510	0.00766
42	0.00880	0.00596	0.00685	0.00675	0.00694	0.00608	0.00399	0.02770	0.00901	0.01210	0.01801	0.03631	0.02037	0.72009	0.08325	0.00581	0.00638	0.00821	0.00355	0.00381
43	0.01270	0.22208	0.55977	0.01515	0.02276	0.01592	0.03998	0.01817	0.01221	0.01724	0.00989	0.01164	0.00743	0.00537	0.00512	0.00170	0.00804	0.00408	0.00248	0.00829
44	0.01210	0.14349	0.62384	0.01519	0.02294	0.01458	0.01909	0.01795	0.01239	0.01792	0.04187	0.01317	0.00940	0.00571	0.00531	0.00175	0.00799	0.00439	0.00263	0.00829
45	0.01166	0.03008	0.76550	0.01657	0.02517	0.01351	0.02149	0.01842	0.01228	0.01842	0.01044	0.01228	0.00737	0.00552	0.00552	0.00184	0.00859	0.00430	0.00246	0.00859

[dist]
# distance from previous block
# <min> <max>
5	11

[block]
# block no. 9 follows, 40 sequences, length 35
# corresponding to MSA columns:
# 344-362,365-380
name=unknown_J
#
# <colnr> <probs for GDERKNQSTAVLIFYWHMCP>
#	G	D	E	R	K	N	Q	S	T	A	V	L	I	F	Y	W	H	M	C	P
0	0.65073	0.01211	0.01078	0.00996	0.04887	0.01373	0.00765	0.12845	0.01291	0.04624	0.00952	0.01065	0.00720	0.00568	0.00410	0.00179	0.00492	0.00364	0.00400	0.00708
1	0.00846	0.00564	0.00634	0.00634	0.00634	0.00564	0.00352	0.00846	0.00846	0.01128	0.01832	0.03805	0.02114	0.79563	0.02960	0.00564	0.00564	0.00846	0.00352	0.00352
2	0.00844	0.00599	0.00752	0.00721	0.00871	0.00541	0.00538	0.01080	0.01544	0.04429	0.54628	0.10640	0.18087	0.01278	0.00688	0.00190	0.00290	0.01119	0.00616	0.00546
3	0.69458	0.01170	0.00984	0.00845	0.01222	0.01328	0.00696	0.09574	0.01223	0.07666	0.00972	0.01063	0.00723	0.00569	0.00399	0.00179	0.00473	0.00355	0.00408	0.00693
4	0.02152	0.01600	0.01712	0.01326	0.01781	0.01776	0.01091	0.68543	0.08283	0.03570	0.01471	0.01456	0.01049	0.00705	0.00583	0.00176	0.00626	0.00534	0.00583	0.00984
5	0.00846	0.00564	0.00634	0.00634	0.00634	0.00564	0.00352	0.00846	0.00846	0.01128	0.01832	0.03805	0.02114	0.79563	0.02960	0.00564	0.00564	0.00846	0.00352	0.00352
6	0.01371	0.25353	0.48449	0.01441	0.02154	0.04263	0.01720	0.05772	0.01311	0.01789	0.00989	0.01145	0.00754	0.00546	0.00501	0.00165	0.00785	0.00398	0.00267	0.00827
7	0.00823	0.00594	0.00777	0.00732	0.00869	0.00549	0.00549	0.01097	0.01646	0.02332	0.75629	0.04344	0.05487	0.01189	0.00686	0.00183	0.00274	0.01052	0.00640	0.00549
8	0.00772	0.00592	0.00706	0.00678	0.00837	0.00527	0.00508	0.00998	0.01525	0.02043	0.49181	0.04819	0.32114	0.01297	0.00686	0.00188	0.00282	0.01118	0.00602	0.00527
9	0.00831	0.00620	0.00919	0.00919	0.01018	0.00719	0.00708	0.01029	0.00930	0.01339	0.01572	0.02362	0.01487	0.08191	0.73475	0.00916	0.01507	0.00634	0.00314	0.00511
10	0.02246	0.01572	0.01710	0.01311	0.01775	0.01719	0.01083	0.67671	0.02639	0.10124	0.01476	0.01448	0.01029	0.00700	0.00582	0.00175	0.00627	0.00529	0.00594	0.00989
11	0.00846	0.00564	0.00634	0.00634	0.00634	0.00564	0.00352	0.00846	0.00846	0.01128	0.01832	0.03805	0.02114	0.79563	0.02960	0.00564	0.00564	0.00846	0.00352	0.00352
12	0.01016	0.00772	0.00982	0.01054	0.01218	0.00809	0.00875	0.01558	0.17042	0.01877	0.05202	0.14062	0.03136	0.01444	0.00747	0.00246	0.00488	0.46311	0.00551	0.00611
13	0.83671	0.01125	0.00855	0.00765	0.01125	0.01305	0.00630	0.01709	0.00990	0.02609	0.00810	0.00945	0.00630	0.00540	0.00360	0.00180	0.00450	0.00315	0.00360	0.00630
14	0.00709	0.00506	0.00675	0.00810	0.00843	0.00472	0.00540	0.00810	0.01113	0.01484	0.03205	0.79184	0.03846	0.01822	0.00742	0.00236	0.00337	0.01653	0.00540	0.00472
15	0.01166	0.03008	0.76550	0.01657	0.02517	0.01351	0.02149	0.01842	0.01228	0.01842	0.01044	0.01228	0.00737	0.00552	0.00552	0.00184	0.00859	0.00430	0.00246	0.00859
16	0.00823	0.00594	0.00777	0.00732	0.00869	0.00549	0.00549	0.01097	0.01646	0.02332	0.75629	0.04344	0.05487	0.01189	0.00686	0.00183	0.00274	0.01052	0.00640	0.00549
17	0.01184	0.01148	0.02024	0.57683	0.16017	0.01326	0.09198	0.01576	0.01212	0.01595	0.01059	0.01534	0.00811	0.00561	0.00591	0.00190	0.00782	0.00535	0.00267	0.00707
18	0.83671	0.01125	0.00855	0.00765	0.01125	0.01305	0.00630	0.01709	0.00990	0.02609	0.00810	0.00945	0.00630	0.00540	0.00360	0.00180	0.00450	0.00315	0.00360	0.00630
19	0.00731	0.00566	0.00667	0.00693	0.00826	0.00502	0.00500	0.00900	0.01352	0.01757	0.24482	0.26808	0.35137	0.01496	0.00703	0.00204	0.00301	0.01303	0.00568	0.00502
20	0.00723	0.00517	0.00681	0.00803	0.00844	0.00484	0.00541	0.00830	0.01125	0.01497	0.04849	0.70480	0.05421	0.05189	0.00838	0.00249	0.00350	0.03574	0.00534	0.00471
21	0.02209	0.01669	0.01742	0.01344	0.01803	0.04423	0.01106	0.71507	0.02696	0.03587	0.01379	0.01384	0.00981	0.00695	0.00580	0.00174	0.00654	0.00518	0.00572	0.00978
22	0.01457	0.01439	0.02268	0.09368	0.65716	0.05985	0.01731	0.01794	0.01331	0.01838	0.01077	0.01424	0.00899	0.00528	0.00573	0.00173	0.00719	0.00509	0.00286	0.00884
23	0.01177	0.01114	0.01887	0.60857	0.20695	0.01313	0.01654	0.01555	0.01200	0.01582	0.01048	0.01525	0.00809	0.00567	0.00580	0.00189	0.00756	0.00517	0.00265	0.00710
24	0.01558	0.01605	0.02129	0.09980	0.48608	0.15195	0.03149	0.03668	0.05084	0.01843	0.01126	0.01417	0.00920	0.00556	0.00570	0.00172	0.00757	0.00503	0.00310	0.00849
25	0.83671	0.01125	0.00855	0.00765	0.01125	0.01305	0.00630	0.01709	0.00990	0.02609	0.00810	0.00945	0.00630	0.00540	0.00360	0.00180	0.00450	0.00315	0.00360	0.00630
26	0.00828	0.00600	0.00787	0.00774	0.00908	0.00559	0.00595	0.01088	0.01570	0.02189	0.60425	0.08321	0.07467	0.01283	0.00704	0.00197	0.00312	0.10234	0.00618	0.00541
27	0.00774	0.00584	0.00720	0.00738	0.00873	0.00530	0.00554	0.00979	0.01425	0.01897	0.34934	0.18641	0.25361	0.01429	0.00708	0.00205	0.00318	0.08231	0.00582	0.00517
28	0.00814	0.00551	0.00644	0.00675	0.00682	0.00543	0.00395	0.00837	0.00907	0.01210	0.02148	0.21118	0.02512	0.61708	0.02451	0.00489	0.00512	0.01031	0.00395	0.00380
29	0.01341	0.01282	0.02183	0.25019	0.55253	0.01356	0.01736	0.01699	0.01278	0.01781	0.01077	0.01471	0.00879	0.00536	0.00577	0.00179	0.00715	0.00518	0.00279	0.00842
30	0.01045	0.00565	0.00628	0.03209	0.00818	0.00582	0.00472	0.01275	0.01151	0.01962	0.01801	0.02256	0.01488	0.06612	0.06545	0.03593	0.00417	0.00567	0.64496	0.00519
31	0.00876	0.00606	0.00794	0.00741	0.00887	0.00558	0.00558	0.01149	0.01647	0.04510	0.73470	0.04274	0.05368	0.01175	0.00683	0.00183	0.00281	0.01038	0.00642	0.00562
32	0.01251	0.10231	0.04663	0.44627	0.20738	0.01440	0.04076	0.01646	0.02816	0.01617	0.01056	0.01456	0.00831	0.00557	0.00559	0.00181	0.00741	0.00499	0.00272	0.00741
33	0.13898	0.54469	0.02463	0.01034	0.01481	0.12788	0.00954	0.01857	0.01236	0.04144	0.00873	0.00987	0.00753	0.00526	0.00400	0.00138	0.00653	0.00330	0.00289	0.00727
34	0.80324	0.01201	0.03925	0.00801	0.01181	0.01306	0.00691	0.01715	0.00999	0.02578	0.00819	0.00956	0.00634	0.00540	0.00368	0.00180	0.00466	0.00320	0.00355	0.00639

[dist]
# distance from previous block
# <min> <max>
0	2

[block]
# block no. 10 follows, 40 sequences, length 13
# corresponding to MSA columns:
# 383,384,387-397
name=unknown_K
#
# <colnr> <probs for GDERKNQSTAVLIFYWHMCP>
#	G	D	E	R	K	N	Q	S	T	A	V	L	I	F	Y	W	H	M	C	P
0	0.06422	0.00727	0.00984	0.17919	0.01576	0.00760	0.00783	0.01206	0.01472	0.02109	0.49137	0.03584	0.09067	0.01031	0.00641	0.00186	0.00399	0.00896	0.00530	0.00572
1	0.02863	0.00652	0.00792	0.00798	0.00896	0.00643	0.00560	0.05727	0.01281	0.03542	0.18182	0.27557	0.03344	0.24174	0.01357	0.00316	0.00429	0.05870	0.00509	0.00508
2	0.20210	0.01568	0.01484	0.01209	0.01612	0.09247	0.00990	0.45820	0.02143	0.03075	0.01328	0.01606	0.01043	0.00714	0.00541	0.00179	0.00632	0.05249	0.00501	0.00847
3	0.75352	0.01151	0.01007	0.01048	0.08693	0.01312	0.00747	0.01717	0.01023	0.02537	0.00838	0.00995	0.00659	0.00538	0.00382	0.00179	0.00474	0.00335	0.00353	0.00659
4	0.01166	0.03008	0.76550	0.01657	0.02517	0.01351	0.02149	0.01842	0.01228	0.01842	0.01044	0.01228	0.00737	0.00552	0.00552	0.00184	0.00859	0.00430	0.00246	0.00859
5	0.10763	0.01533	0.09411	0.18014	0.21764	0.03915	0.04183	0.17754	0.01564	0.02253	0.01154	0.03047	0.00910	0.00607	0.00558	0.00181	0.00702	0.00513	0.00357	0.00817
6	0.01010	0.00505	0.00758	0.00758	0.00758	0.00505	0.00505	0.00758	0.00758	0.01010	0.01010	0.01768	0.01010	0.02020	0.02273	0.83081	0.00505	0.00505	0.00253	0.00253
7	0.01503	0.01297	0.04639	0.01069	0.01351	0.14093	0.00870	0.10512	0.05825	0.11433	0.26352	0.02679	0.02661	0.02895	0.08494	0.00263	0.00660	0.02174	0.00522	0.00707
8	0.00791	0.00575	0.00746	0.00742	0.00859	0.00529	0.00542	0.01021	0.01513	0.02109	0.56348	0.21020	0.08343	0.01342	0.00698	0.00195	0.00289	0.01193	0.00613	0.00529
9	0.00832	0.00584	0.00783	0.00874	0.00941	0.00583	0.00654	0.00970	0.01109	0.01474	0.02669	0.30378	0.03023	0.17009	0.08974	0.02727	0.00576	0.24898	0.00471	0.00469
10	0.00831	0.00599	0.00788	0.00754	0.00891	0.00557	0.00574	0.01104	0.01626	0.02293	0.70846	0.04490	0.05346	0.01216	0.00694	0.00188	0.00292	0.05730	0.00633	0.00548
11	0.01186	0.06972	0.72762	0.01623	0.02464	0.01400	0.02089	0.01836	0.01225	0.01817	0.01031	0.01213	0.00737	0.00550	0.00543	0.00181	0.00847	0.00424	0.00246	0.00854
12	0.01377	0.25641	0.47737	0.01447	0.02146	0.08884	0.01711	0.01858	0.01254	0.01662	0.00960	0.01124	0.00741	0.00541	0.00497	0.00163	0.00808	0.00389	0.00252	0.00808

[dist]
# distance from previous block
# <min> <max>
2	8

[block]
# block no. 11 follows, 40 sequences, length 49
# corresponding to MSA columns:
# 406-420,422-441,446-459
name=unknown_L
#
# <colnr> <probs for GDERKNQSTAVLIFYWHMCP>
#	G	D	E	R	K	N	Q	S	T	A	V	L	I	F	Y	W	H	M	C	P
0	0.03583	0.02425	0.47910	0.01838	0.08389	0.03474	0.11661	0.03457	0.06700	0.03370	0.01184	0.01366	0.00864	0.00566	0.00571	0.00184	0.00815	0.00489	0.00302	0.00852
1	0.00781	0.00552	0.00726	0.00839	0.00889	0.00531	0.00597	0.00903	0.01119	0.01483	0.02953	0.50816	0.03453	0.14483	0.01118	0.00297	0.00418	0.17067	0.00508	0.00467
2	0.01405	0.01356	0.02340	0.10526	0.66624	0.01376	0.04304	0.01759	0.01311	0.01860	0.01091	0.01454	0.00906	0.00523	0.00580	0.00176	0.00709	0.00524	0.00285	0.00891
3	0.00908	0.00679	0.02949	0.00784	0.00951	0.00585	0.00619	0.01185	0.01605	0.05420	0.65376	0.07113	0.05051	0.01188	0.00684	0.00187	0.00311	0.03208	0.00625	0.00573
4	0.00807	0.00594	0.00755	0.00715	0.00859	0.00542	0.00536	0.01066	0.01608	0.02241	0.67281	0.04494	0.13891	0.01223	0.00686	0.00185	0.00277	0.01073	0.00628	0.00542
5	0.02166	0.01607	0.01720	0.01329	0.01786	0.01783	0.01095	0.69866	0.06937	0.03593	0.01453	0.01441	0.01035	0.00703	0.00582	0.00176	0.00629	0.00531	0.00582	0.00985
6	0.01309	0.01147	0.01835	0.55577	0.04996	0.01347	0.06787	0.08180	0.06692	0.04677	0.01223	0.01597	0.00904	0.00604	0.00590	0.00192	0.00743	0.00543	0.00333	0.00726
7	0.00830	0.00560	0.00651	0.00675	0.00685	0.00555	0.00400	0.00854	0.00901	0.01200	0.02072	0.14532	0.02404	0.65746	0.02568	0.00507	0.00531	0.03569	0.00385	0.00376
8	0.01506	0.01511	0.02247	0.05161	0.64789	0.09102	0.01692	0.01864	0.03138	0.01854	0.01103	0.01420	0.00921	0.00535	0.00571	0.00172	0.00724	0.00507	0.00296	0.00889
9	0.01668	0.01215	0.01665	0.16293	0.18010	0.01307	0.01236	0.12848	0.17794	0.15459	0.05249	0.01852	0.01406	0.00685	0.00588	0.00184	0.00593	0.00587	0.00487	0.00873
10	0.03230	0.01036	0.01721	0.76167	0.03931	0.01292	0.01590	0.01492	0.01158	0.01515	0.01028	0.01535	0.00771	0.00580	0.00576	0.00193	0.00767	0.00512	0.00261	0.00646
11	0.01206	0.01034	0.01206	0.00861	0.01378	0.00775	0.00689	0.01464	0.01206	0.01895	0.01034	0.01206	0.00861	0.00431	0.00431	0.00086	0.00431	0.00345	0.00345	0.83118
12	0.04896	0.01564	0.04209	0.01268	0.01709	0.04679	0.01058	0.44033	0.17391	0.08533	0.01600	0.01558	0.01150	0.00696	0.00569	0.00177	0.00604	0.00534	0.00556	0.03217
13	0.00699	0.00591	0.00605	0.00607	0.00800	0.00498	0.00459	0.00854	0.01338	0.01603	0.08372	0.05577	0.71173	0.01466	0.00690	0.00198	0.00300	0.03131	0.00544	0.00494
14	0.46305	0.03092	0.10121	0.00949	0.01357	0.01255	0.00872	0.08075	0.04019	0.06386	0.09544	0.01604	0.02997	0.00667	0.00467	0.00180	0.00499	0.00477	0.00426	0.00709
15	0.01195	0.07364	0.70196	0.01643	0.02474	0.01408	0.04190	0.01837	0.01229	0.01815	0.01034	0.01221	0.00741	0.00548	0.00546	0.00181	0.00849	0.00430	0.00247	0.00851
16	0.00823	0.00594	0.00777	0.00732	0.00869	0.00549	0.00549	0.01097	0.01646	0.02332	0.75629	0.04344	0.05487	0.01189	0.00686	0.00183	0.00274	0.01052	0.00640	0.00549
17	0.01166	0.03008	0.76550	0.01657	0.02517	0.01351	0.02149	0.01842	0.01228	0.01842	0.01044	0.01228	0.00737	0.00552	0.00552	0.00184	0.00859	0.00430	0.00246	0.00859
18	0.01791	0.02004	0.01445	0.01314	0.01599	0.42638	0.00996	0.06525	0.20408	0.01841	0.03616	0.07226	0.01414	0.00905	0.03529	0.00201	0.00820	0.00578	0.00419	0.00731
19	0.00843	0.00608	0.00806	0.00792	0.00928	0.00570	0.00618	0.01116	0.01591	0.02227	0.62742	0.04737	0.05107	0.01263	0.00707	0.00198	0.00321	0.13658	0.00622	0.00546
20	0.00723	0.00517	0.00692	0.00826	0.00867	0.00485	0.00565	0.00835	0.01128	0.01501	0.03197	0.74524	0.03814	0.01808	0.00746	0.00238	0.00350	0.06168	0.00540	0.00476
21	0.00831	0.00623	0.00935	0.00935	0.01038	0.00727	0.00727	0.01038	0.00935	0.01350	0.01558	0.02285	0.01454	0.04361	0.77259	0.00935	0.01558	0.00623	0.00312	0.00519
22	0.02172	0.02772	0.01648	0.01498	0.01798	0.77228	0.01124	0.02322	0.01648	0.01423	0.00899	0.01049	0.00749	0.00599	0.00524	0.00150	0.01049	0.00375	0.00300	0.00674
23	0.00712	0.00511	0.00676	0.00802	0.00843	0.00475	0.00538	0.00820	0.01137	0.01516	0.05811	0.74751	0.05670	0.01791	0.00739	0.00233	0.00334	0.01622	0.00543	0.00475
24	0.00937	0.00669	0.00937	0.01071	0.01205	0.00669	0.00937	0.01205	0.01339	0.01740	0.03079	0.06560	0.03347	0.01606	0.00803	0.00268	0.00535	0.72021	0.00535	0.00535
25	0.02609	0.00990	0.01350	0.01035	0.01484	0.00855	0.00855	0.02834	0.01664	0.76338	0.02294	0.01979	0.01439	0.00720	0.00585	0.00180	0.00495	0.00585	0.00720	0.00990
26	0.01432	0.00746	0.00938	0.00840	0.01110	0.00656	0.00678	0.01642	0.01490	0.28550	0.12970	0.04284	0.29270	0.01187	0.00668	0.00200	0.00400	0.11639	0.00617	0.00684
