[name]
unknown

[dist]
# distance from previous block
# <min> <max>
42	151

[block]
# block no. 0 follows, 46 sequences, length 13
# corresponding to MSA columns:
# 195-207
name=unknown_A
#
# <colnr> <probs for GDERKNQSTAVLIFYWHMCP>
#	G	D	E	R	K	N	Q	S	T	A	V	L	I	F	Y	W	H	M	C	P
0	0.01169	0.11295	0.15007	0.01198	0.05159	0.01047	0.08617	0.04767	0.03149	0.07354	0.12011	0.13191	0.03802	0.00767	0.00533	0.00159	0.00522	0.00673	0.00387	0.09194
1	0.01497	0.16736	0.10725	0.04297	0.01933	0.03365	0.21613	0.01801	0.01204	0.18208	0.01156	0.01308	0.00855	0.00554	0.00639	0.00162	0.09235	0.00471	0.00335	0.03904
2	0.20391	0.26457	0.19328	0.01102	0.04303	0.01471	0.01075	0.04164	0.08654	0.03330	0.02599	0.01167	0.00876	0.00608	0.02340	0.00167	0.00579	0.00379	0.00308	0.00702
3	0.08754	0.11219	0.30489	0.01283	0.04122	0.06715	0.04548	0.03278	0.01195	0.11227	0.01043	0.01157	0.00771	0.00515	0.00494	0.00150	0.02589	0.00391	0.00309	0.09751
4	0.01143	0.16397	0.42549	0.01405	0.07532	0.03091	0.02756	0.03350	0.03060	0.01608	0.01401	0.01531	0.08394	0.00683	0.02772	0.00177	0.00691	0.00464	0.00272	0.00724
5	0.04282	0.02492	0.12940	0.00966	0.01293	0.00847	0.04614	0.08275	0.01466	0.13380	0.35206	0.04803	0.05539	0.00849	0.00568	0.00167	0.00437	0.00731	0.00496	0.00651
6	0.01460	0.29986	0.08345	0.04173	0.09766	0.10552	0.03256	0.14634	0.01388	0.01742	0.02157	0.04107	0.00939	0.02571	0.00513	0.00151	0.00632	0.00436	0.00309	0.02885
7	0.04666	0.22944	0.01705	0.01055	0.01399	0.14297	0.00874	0.23967	0.11896	0.02024	0.01193	0.01403	0.00991	0.08589	0.00678	0.00181	0.00603	0.00441	0.00379	0.00715
8	0.01113	0.00605	0.00795	0.00765	0.00926	0.00541	0.00559	0.01260	0.01212	0.20767	0.13946	0.40992	0.05803	0.04123	0.00691	0.00199	0.00343	0.01092	0.00533	0.03736
9	0.76232	0.01072	0.00864	0.00751	0.01089	0.01235	0.00619	0.09582	0.01070	0.02475	0.00793	0.00903	0.00608	0.00506	0.00349	0.00163	0.00427	0.00307	0.00349	0.00608
10	0.00749	0.00540	0.00713	0.00705	0.00820	0.00504	0.00536	0.00982	0.01418	0.01986	0.62360	0.11814	0.04631	0.01179	0.00640	0.00179	0.00281	0.08910	0.00563	0.00491
11	0.01293	0.01258	0.03900	0.12806	0.47455	0.06216	0.04355	0.01597	0.01181	0.04949	0.01067	0.01396	0.00873	0.00838	0.08340	0.00228	0.00744	0.00478	0.00277	0.00750
12	0.01583	0.00803	0.01089	0.01047	0.08736	0.00726	0.00740	0.01841	0.03913	0.38656	0.20414	0.02762	0.13708	0.00843	0.00567	0.00166	0.00392	0.00716	0.00570	0.00728

[dist]
# distance from previous block
# <min> <max>
0	8

[block]
# block no. 1 follows, 46 sequences, length 9
# corresponding to MSA columns:
# 216-224
name=unknown_B
#
# <colnr> <probs for GDERKNQSTAVLIFYWHMCP>
#	G	D	E	R	K	N	Q	S	T	A	V	L	I	F	Y	W	H	M	C	P
0	0.01924	0.00913	0.01344	0.26757	0.02096	0.00907	0.01002	0.02177	0.01364	0.53348	0.01712	0.01672	0.01112	0.00613	0.00531	0.00168	0.00533	0.00511	0.00518	0.00798
1	0.00692	0.00502	0.00657	0.00718	0.00795	0.00466	0.00515	0.00849	0.01197	0.01623	0.27476	0.45712	0.08498	0.01435	0.00659	0.00199	0.00299	0.06729	0.00520	0.00457
2	0.10788	0.00975	0.01068	0.00936	0.04179	0.01030	0.00717	0.27159	0.01625	0.12800	0.03483	0.01611	0.01182	0.00620	0.00454	0.00148	0.00422	0.00481	0.29612	0.00709
3	0.00910	0.00556	0.00700	0.00754	0.00876	0.00542	0.00611	0.01131	0.01183	0.04453	0.07112	0.14108	0.04630	0.01155	0.00589	0.00191	0.00363	0.31804	0.27834	0.00496
4	0.01089	0.00793	0.00931	0.00893	0.01051	0.00824	0.00658	0.25384	0.01492	0.01996	0.02378	0.55065	0.02650	0.01323	0.00627	0.00196	0.00396	0.01168	0.00503	0.00582
5	0.01287	0.07142	0.01735	0.17007	0.28672	0.01338	0.01245	0.04914	0.27389	0.01849	0.01374	0.01521	0.01070	0.00572	0.00516	0.00165	0.00564	0.00501	0.00360	0.00780
6	0.00979	0.26986	0.01292	0.00683	0.00831	0.01027	0.00511	0.01034	0.00868	0.01096	0.01362	0.02608	0.01517	0.55031	0.01924	0.00382	0.00530	0.00610	0.00290	0.00437
7	0.00970	0.27023	0.01476	0.00868	0.01079	0.01127	0.00740	0.01152	0.00923	0.01233	0.01194	0.01676	0.01112	0.02820	0.53582	0.00610	0.01139	0.00474	0.00265	0.00539
8	0.01210	0.01720	0.27060	0.06939	0.49281	0.01242	0.01722	0.01624	0.01167	0.01689	0.00976	0.01251	0.00775	0.00484	0.00517	0.00161	0.00682	0.00445	0.00248	0.00805

[dist]
# distance from previous block
# <min> <max>
0	11

[block]
# block no. 2 follows, 46 sequences, length 47
# corresponding to MSA columns:
# 236-282
name=unknown_C
#
# <colnr> <probs for GDERKNQSTAVLIFYWHMCP>
#	G	D	E	R	K	N	Q	S	T	A	V	L	I	F	Y	W	H	M	C	P
0	0.10614	0.00987	0.01623	0.61015	0.03179	0.01175	0.08728	0.01400	0.01063	0.01508	0.00985	0.01485	0.00770	0.00544	0.00521	0.00177	0.00683	0.02692	0.00256	0.00595
1	0.09366	0.02565	0.70988	0.01427	0.02163	0.01224	0.01817	0.01662	0.01095	0.01743	0.00928	0.01091	0.00660	0.00501	0.00485	0.00167	0.00745	0.00380	0.00233	0.00761
2	0.00641	0.00526	0.00565	0.00577	0.00730	0.00450	0.00424	0.00782	0.01210	0.01492	0.12883	0.15420	0.59759	0.01355	0.00632	0.00182	0.00271	0.01152	0.00501	0.00450
3	0.02010	0.01481	0.01587	0.01216	0.01639	0.01639	0.01005	0.76360	0.02486	0.03332	0.01269	0.01269	0.00899	0.00635	0.00529	0.00159	0.00582	0.00476	0.00529	0.00899
4	0.01096	0.00940	0.01096	0.00783	0.01253	0.00705	0.00626	0.01331	0.01096	0.01723	0.00940	0.01096	0.00783	0.00392	0.00392	0.00078	0.00392	0.00313	0.00313	0.84653
5	0.00722	0.00497	0.00643	0.00707	0.00782	0.00460	0.00492	0.00829	0.01086	0.03739	0.11254	0.52088	0.14342	0.01615	0.03782	0.04413	0.00350	0.01269	0.00485	0.00445
6	0.00701	0.00510	0.00673	0.00782	0.00854	0.00482	0.00583	0.00840	0.01090	0.01423	0.03138	0.51883	0.11200	0.01568	0.00685	0.00219	0.00353	0.22079	0.00490	0.00447
7	0.01091	0.00966	0.01274	0.00924	0.01380	0.00755	0.08084	0.01340	0.01107	0.01703	0.01041	0.04723	0.00907	0.00454	0.00427	0.00094	0.00437	0.00397	0.00317	0.72578
8	0.09311	0.01467	0.01602	0.11406	0.21175	0.16057	0.01162	0.22827	0.01584	0.05085	0.01091	0.02918	0.00860	0.00572	0.00502	0.00158	0.00652	0.00455	0.00362	0.00751
9	0.01941	0.01447	0.01548	0.01202	0.01613	0.01607	0.00988	0.69097	0.09861	0.03221	0.01356	0.01339	0.00970	0.00643	0.00530	0.00161	0.00566	0.00488	0.00530	0.00893
10	0.00985	0.00493	0.00493	0.00493	0.00616	0.00493	0.00370	0.01232	0.01109	0.01971	0.01725	0.01971	0.01355	0.00616	0.00370	0.00123	0.00246	0.00493	0.84356	0.00493
11	0.00998	0.00940	0.01586	0.80150	0.03641	0.01175	0.01468	0.01351	0.01057	0.01351	0.00940	0.01409	0.00705	0.00529	0.00529	0.00176	0.00705	0.00470	0.00235	0.00587
12	0.00758	0.00556	0.00795	0.00795	0.00871	0.00631	0.00593	0.00909	0.00833	0.01187	0.01466	0.02353	0.01442	0.19455	0.64000	0.00782	0.01235	0.00607	0.00291	0.00442
13	0.00748	0.00572	0.00799	0.00743	0.00878	0.00526	0.04245	0.00975	0.01390	0.01931	0.57284	0.15350	0.10234	0.01155	0.00631	0.00175	0.00291	0.01033	0.00546	0.00495
14	0.01096	0.00940	0.01096	0.00783	0.01253	0.00705	0.00626	0.01331	0.01096	0.01723	0.00940	0.01096	0.00783	0.00392	0.00392	0.00078	0.00392	0.00313	0.00313	0.84653
15	0.01354	0.01155	0.01218	0.01084	0.01390	0.01333	0.00846	0.06998	0.72915	0.02275	0.02101	0.01932	0.01573	0.00713	0.00537	0.00178	0.00428	0.00591	0.00537	0.00840
16	0.00985	0.00493	0.00493	0.00493	0.00616	0.00493	0.00370	0.01232	0.01109	0.01971	0.01725	0.01971	0.01355	0.00616	0.00370	0.00123	0.00246	0.00493	0.84356	0.00493
17	0.01911	0.01413	0.01511	0.01168	0.01573	0.01554	0.00962	0.70957	0.02394	0.03196	0.01561	0.01542	0.06403	0.00685	0.00536	0.00160	0.00559	0.00522	0.00526	0.00867
18	0.01107	0.08140	0.60386	0.01553	0.02260	0.01290	0.12863	0.01656	0.01141	0.01656	0.02588	0.01203	0.00782	0.00503	0.00511	0.00165	0.00771	0.00430	0.00238	0.00758
19	0.00755	0.00566	0.00850	0.00850	0.00944	0.00661	0.00661	0.00944	0.00850	0.01227	0.01416	0.02077	0.01322	0.03965	0.79326	0.00850	0.01416	0.00566	0.00283	0.00472
20	0.05557	0.01389	0.01507	0.01160	0.01577	0.01512	0.00958	0.63953	0.02297	0.12720	0.01349	0.01318	0.00937	0.00631	0.00521	0.00159	0.00558	0.00475	0.00536	0.00885
21	0.00851	0.00656	0.00960	0.07229	0.01309	0.00660	0.03766	0.01101	0.01218	0.01580	0.06559	0.05240	0.10261	0.01316	0.00694	0.00225	0.00486	0.54925	0.00463	0.00500
22	0.01088	0.09683	0.30457	0.01536	0.02090	0.01215	0.28061	0.01516	0.01181	0.01611	0.03398	0.01875	0.12678	0.00619	0.00551	0.00168	0.00708	0.00587	0.00289	0.00689
23	0.02329	0.00969	0.01270	0.00973	0.01384	0.00879	0.00804	0.11344	0.01629	0.69558	0.01989	0.01736	0.01260	0.00652	0.00531	0.00163	0.00466	0.00525	0.00639	0.00900
24	0.00756	0.00564	0.00838	0.00838	0.00929	0.00655	0.00646	0.00937	0.00846	0.01219	0.01427	0.02135	0.01347	0.07227	0.76098	0.00835	0.01378	0.00575	0.00285	0.00466
25	0.01273	0.01338	0.07537	0.07399	0.64649	0.01252	0.01598	0.01669	0.04957	0.01726	0.01045	0.01333	0.00856	0.00489	0.00523	0.00160	0.00633	0.00471	0.00271	0.00819
26	0.01325	0.01131	0.01896	0.24845	0.49401	0.01186	0.01495	0.01640	0.01193	0.09201	0.01087	0.01386	0.00846	0.00505	0.00526	0.00163	0.00632	0.00477	0.00293	0.00773
27	0.00796	0.00622	0.00912	0.00889	0.00970	0.00748	0.00693	0.00968	0.00842	0.01222	0.01357	0.02055	0.01289	0.07506	0.67862	0.00772	0.09177	0.00566	0.00280	0.00475
28	0.85155	0.01022	0.00777	0.00695	0.01022	0.01186	0.00573	0.01554	0.00900	0.02372	0.00736	0.00859	0.00573	0.00491	0.00327	0.00164	0.00409	0.00286	0.00327	0.00573
29	0.00765	0.00553	0.00699	0.00673	0.00779	0.00526	0.00485	0.01013	0.04157	0.01910	0.58670	0.09317	0.04313	0.12728	0.00923	0.00220	0.00298	0.00955	0.00536	0.00481
30	0.01155	0.00641	0.00838	0.00764	0.00934	0.00600	0.00574	0.04078	0.02729	0.18491	0.33644	0.16681	0.04529	0.02699	0.00790	0.08522	0.00345	0.00886	0.00537	0.00564
31	0.01301	0.01248	0.02132	0.05170	0.76259	0.01254	0.01619	0.01616	0.01200	0.01718	0.00993	0.01311	0.00834	0.00472	0.00523	0.00157	0.00630	0.00471	0.00261	0.00831
32	0.85155	0.01022	0.00777	0.00695	0.01022	0.01186	0.00573	0.01554	0.00900	0.02372	0.00736	0.00859	0.00573	0.00491	0.00327	0.00164	0.00409	0.00286	0.00327	0.00573
33	0.01502	0.01129	0.01225	0.01060	0.01376	0.01265	0.00832	0.11942	0.56370	0.10972	0.02015	0.01919	0.01501	0.03687	0.00616	0.00187	0.00446	0.00581	0.00542	0.00833
34	0.00727	0.00546	0.00640	0.00612	0.00767	0.00481	0.00461	0.00923	0.01364	0.03446	0.43171	0.04422	0.38150	0.01189	0.00622	0.00172	0.00262	0.01020	0.00542	0.00483
35	0.00644	0.00460	0.00613	0.00736	0.00767	0.00429	0.00491	0.00736	0.01012	0.01350	0.02914	0.81076	0.03497	0.01656	0.00675	0.00215	0.00307	0.01503	0.00491	0.00429
36	0.01315	0.01136	0.01195	0.01076	0.01375	0.01315	0.00837	0.02809	0.77168	0.02211	0.02152	0.01972	0.01614	0.00717	0.00538	0.00179	0.00418	0.00598	0.00538	0.00837
37	0.03960	0.00928	0.01214	0.00950	0.01346	0.00844	0.00779	0.02581	0.09806	0.68548	0.02065	0.01799	0.01327	0.00658	0.00528	0.00165	0.00446	0.00534	0.00635	0.00886
38	0.00920	0.00495	0.00749	0.06364	0.00896	0.00512	0.00527	0.00738	0.00717	0.00952	0.00942	0.01649	0.00933	0.04136	0.01975	0.76055	0.00478	0.00469	0.00233	0.00258
39	0.00997	0.00908	0.01508	0.74457	0.03425	0.01126	0.01390	0.01342	0.01061	0.01395	0.00996	0.01450	0.00751	0.00535	0.00517	0.00172	0.00672	0.00471	0.06247	0.00581
40	0.00658	0.00474	0.00627	0.00745	0.00788	0.00443	0.00513	0.00763	0.01034	0.01369	0.03003	0.72678	0.06431	0.01630	0.00677	0.00215	0.00318	0.06709	0.00490	0.00434
41	0.01039	0.00563	0.00609	0.00599	0.00745	0.00559	0.00466	0.04393	0.01194	0.04912	0.02050	0.05411	0.05377	0.00776	0.00442	0.00144	0.00295	0.07877	0.62028	0.00520
42	0.00998	0.00940	0.01586	0.80150	0.03641	0.01175	0.01468	0.01351	0.01057	0.01351	0.00940	0.01409	0.00705	0.00529	0.00529	0.00176	0.00705	0.00470	0.00235	0.00587
43	0.00985	0.00493	0.00493	0.00493	0.00616	0.00493	0.00370	0.01232	0.01109	0.01971	0.01725	0.01971	0.01355	0.00616	0.00370	0.00123	0.00246	0.00493	0.84356	0.00493
44	0.01975	0.02520	0.01498	0.01362	0.01634	0.79299	0.01021	0.02111	0.01498	0.01294	0.00817	0.00953	0.00681	0.00545	0.00477	0.00136	0.00953	0.00340	0.00272	0.00613
45	0.01096	0.00940	0.01096	0.00783	0.01253	0.00705	0.00626	0.01331	0.01096	0.01723	0.00940	0.01096	0.00783	0.00392	0.00392	0.00078	0.00392	0.00313	0.00313	0.84653
46	0.00671	0.00460	0.00621	0.00731	0.00759	0.00432	0.00488	0.00731	0.00980	0.01307	0.02717	0.73228	0.03242	0.01674	0.00812	0.08550	0.00322	0.01400	0.00465	0.00410

[dist]
# distance from previous block
# <min> <max>
0	3

[block]
# block no. 3 follows, 46 sequences, length 8
# corresponding to MSA columns:
# 297-304
name=unknown_D
#
# <colnr> <probs for GDERKNQSTAVLIFYWHMCP>
#	G	D	E	R	K	N	Q	S	T	A	V	L	I	F	Y	W	H	M	C	P
0	0.77469	0.01065	0.00852	0.00743	0.01079	0.01228	0.00612	0.08470	0.01046	0.02461	0.00785	0.00897	0.00603	0.00504	0.00346	0.00163	0.00425	0.00304	0.00346	0.00603
1	0.46346	0.00932	0.00868	0.00749	0.01066	0.00994	0.00608	0.05361	0.03860	0.16208	0.01962	0.01916	0.15842	0.00701	0.00440	0.00167	0.00398	0.00514	0.00437	0.00634
2	0.01292	0.01026	0.01332	0.01101	0.01337	0.01139	0.07741	0.26109	0.07542	0.02010	0.01392	0.01945	0.01230	0.17166	0.19202	0.00395	0.06434	0.00576	0.00387	0.00643
3	0.53512	0.00910	0.00852	0.00738	0.01043	0.00980	0.00599	0.01651	0.01129	0.17169	0.15159	0.01610	0.01527	0.00631	0.00421	0.00164	0.00388	0.00457	0.00438	0.00623
4	0.00762	0.00540	0.00717	0.00717	0.00766	0.00589	0.00496	0.00859	0.00810	0.01129	0.01537	0.02746	0.01612	0.41461	0.42227	0.00686	0.00979	0.00664	0.00301	0.00399
5	0.01397	0.51161	0.02125	0.00898	0.01257	0.01701	0.00809	0.15156	0.01274	0.01585	0.01015	0.01435	0.00961	0.16275	0.00833	0.00199	0.00558	0.00413	0.00300	0.00649
6	0.01054	0.00770	0.00868	0.00673	0.01012	0.00624	0.00529	0.01294	0.01101	0.01817	0.01237	0.01427	0.01000	0.00476	0.00383	0.00095	0.00337	0.00381	0.32135	0.52786
7	0.01055	0.01238	0.16186	0.00973	0.01432	0.00818	0.00937	0.01426	0.04772	0.01711	0.01341	0.02036	0.01216	0.00625	0.00482	0.00131	0.00486	0.13977	0.00338	0.48821

[dist]
# distance from previous block
# <min> <max>
0	6

[block]
# block no. 4 follows, 46 sequences, length 10
# corresponding to MSA columns:
# 311-320
name=unknown_E
#
# <colnr> <probs for GDERKNQSTAVLIFYWHMCP>
#	G	D	E	R	K	N	Q	S	T	A	V	L	I	F	Y	W	H	M	C	P
0	0.01067	0.00885	0.01434	0.49519	0.10479	0.01014	0.01249	0.01383	0.01178	0.06343	0.12664	0.02145	0.01572	0.00683	0.00558	0.00177	0.00596	0.06106	0.00335	0.00612
1	0.00977	0.00578	0.00907	0.01071	0.12276	0.00578	0.00633	0.00828	0.00766	0.01039	0.00930	0.01562	0.00906	0.01632	0.01835	0.71980	0.00484	0.00461	0.00234	0.00321
2	0.01102	0.00880	0.08743	0.00766	0.00997	0.00662	0.00614	0.01240	0.00979	0.12818	0.01515	0.02516	0.01483	0.45448	0.01701	0.00341	0.00507	0.00607	0.00359	0.16723
3	0.24811	0.18810	0.03248	0.01251	0.12763	0.04065	0.00917	0.01521	0.01038	0.01739	0.00817	0.01009	0.00694	0.00507	0.00524	0.00141	0.08666	0.00340	0.00279	0.16862
4	0.14769	0.04035	0.40987	0.01156	0.01694	0.01101	0.01307	0.05624	0.01167	0.01866	0.05932	0.09409	0.01234	0.00652	0.00488	0.00163	0.00593	0.00518	0.00314	0.06991
5	0.09459	0.06034	0.24713	0.04239	0.03606	0.03247	0.03090	0.07733	0.05700	0.14058	0.01364	0.01461	0.03271	0.00828	0.06404	0.00212	0.00665	0.00459	0.00364	0.03094
6	0.04018	0.03217	0.22214	0.07929	0.03420	0.04214	0.08815	0.11602	0.02378	0.01868	0.04926	0.12465	0.03376	0.00731	0.00535	0.00168	0.00602	0.00632	0.05001	0.01890
7	0.12745	0.01172	0.01285	0.01216	0.09138	0.12613	0.07259	0.04363	0.01216	0.01737	0.02952	0.11843	0.09388	0.00726	0.00499	0.00148	0.00526	0.00612	0.00355	0.20208
8	0.03955	0.01316	0.01357	0.01345	0.13870	0.14802	0.00900	0.08993	0.07625	0.01838	0.01135	0.03866	0.00963	0.02403	0.00514	0.00135	0.00551	0.00432	0.00344	0.33654
9	0.01024	0.09048	0.24729	0.13062	0.03703	0.01160	0.04775	0.01355	0.01066	0.01480	0.01493	0.12175	0.06806	0.00760	0.00672	0.00174	0.10243	0.00612	0.00290	0.05373

[dist]
# distance from previous block
# <min> <max>
0	105

# created by:
# /st0/software/busco_prod/Augustus/scripts/msa2prfl.pl ./align_prep/229782.fa
