[name]
unknown

[dist]
# distance from previous block
# <min> <max>
60	120

[block]
# block no. 0 follows, 47 sequences, length 60
# corresponding to MSA columns:
# 154-186,188-204,206-215
name=unknown_A
#
# <colnr> <probs for GDERKNQSTAVLIFYWHMCP>
#	G	D	E	R	K	N	Q	S	T	A	V	L	I	F	Y	W	H	M	C	P
0	0.25767	0.24174	0.33545	0.01084	0.01624	0.02943	0.01223	0.01598	0.01033	0.01725	0.00813	0.00949	0.00634	0.00479	0.00399	0.00148	0.00607	0.00324	0.00251	0.00678
1	0.01295	0.51700	0.16884	0.00999	0.01503	0.04155	0.01047	0.01554	0.01083	0.01381	0.00798	0.00927	0.00683	0.00448	0.00377	0.00117	0.00582	0.00305	0.00237	0.13922
2	0.66450	0.00989	0.00836	0.00704	0.01058	0.01062	0.00576	0.01482	0.00930	0.02193	0.00770	0.00898	0.00611	0.00461	0.00337	0.00142	0.00399	0.00288	0.00319	0.19495
3	0.00724	0.00532	0.00678	0.00642	0.00770	0.00486	0.00481	0.00958	0.01443	0.02016	0.70399	0.04010	0.12735	0.01092	0.00614	0.00165	0.00248	0.00959	0.00564	0.00486
4	0.01722	0.01364	0.01755	0.01337	0.01744	0.01462	0.14694	0.54949	0.04533	0.02827	0.03521	0.05148	0.01127	0.00654	0.00548	0.00163	0.00601	0.00560	0.00474	0.00817
5	0.00634	0.00453	0.00604	0.00725	0.00755	0.00423	0.00483	0.00725	0.00997	0.01329	0.02870	0.81358	0.03444	0.01632	0.00665	0.00211	0.00302	0.01480	0.00483	0.00423
6	0.80437	0.01000	0.00792	0.00699	0.01026	0.01144	0.00576	0.01591	0.00922	0.06885	0.00804	0.00901	0.00607	0.00493	0.00334	0.00161	0.00405	0.00296	0.00341	0.00583
7	0.01312	0.01127	0.01187	0.01063	0.01361	0.01303	0.00828	0.04596	0.75652	0.02206	0.02098	0.01926	0.01572	0.00705	0.00530	0.00176	0.00416	0.00586	0.00530	0.00826
8	0.06181	0.00689	0.00896	0.00883	0.01077	0.00670	0.00738	0.03536	0.01307	0.17621	0.14118	0.08595	0.02762	0.01148	0.00630	0.00203	0.00424	0.37424	0.00520	0.00578
9	0.01238	0.01348	0.09564	0.02928	0.67838	0.01201	0.01585	0.01568	0.01170	0.01681	0.01052	0.04534	0.00916	0.00515	0.00520	0.00158	0.00621	0.00498	0.00263	0.00803
10	0.00633	0.00458	0.00600	0.00713	0.00752	0.00424	0.00478	0.00726	0.01008	0.01334	0.03013	0.76817	0.07893	0.01613	0.00662	0.00209	0.00300	0.01458	0.00483	0.00424
11	0.01080	0.00926	0.01080	0.00771	0.01234	0.00694	0.00617	0.01311	0.01080	0.01697	0.00926	0.01080	0.00771	0.00386	0.00386	0.00077	0.00386	0.00309	0.00309	0.84882
12	0.08458	0.08058	0.08881	0.01041	0.04375	0.01069	0.00883	0.15334	0.02576	0.17533	0.05832	0.09754	0.02711	0.00712	0.00497	0.00154	0.00478	0.01781	0.00440	0.09434
13	0.01667	0.42562	0.02107	0.01115	0.01472	0.40527	0.00948	0.01817	0.01265	0.01250	0.00764	0.00887	0.00670	0.00491	0.00401	0.00123	0.00747	0.00307	0.00245	0.00636
14	0.00940	0.00791	0.00847	0.00788	0.01006	0.00829	0.00604	0.01688	0.35144	0.01875	0.17334	0.03441	0.30650	0.01000	0.00577	0.00174	0.00326	0.00843	0.00521	0.00620
15	0.01446	0.74241	0.02606	0.00935	0.01363	0.09637	0.00902	0.01610	0.01099	0.01230	0.00732	0.00846	0.00669	0.00454	0.00347	0.00114	0.00594	0.00284	0.00227	0.00662
16	0.00652	0.00490	0.00600	0.00654	0.00741	0.00443	0.00457	0.00781	0.01134	0.01487	0.17866	0.43661	0.24148	0.03519	0.00693	0.00200	0.00286	0.01255	0.00496	0.00438
17	0.01762	0.03911	0.01596	0.01362	0.11268	0.02062	0.11110	0.02041	0.03417	0.39443	0.01547	0.01569	0.01084	0.02870	0.00569	0.00158	0.00528	0.00495	0.00463	0.12742
18	0.00959	0.00883	0.01468	0.60591	0.10464	0.01052	0.01312	0.01263	0.01049	0.01367	0.01231	0.13725	0.01132	0.00687	0.00542	0.00178	0.00626	0.00620	0.00273	0.00579
19	0.00732	0.00494	0.00575	0.00600	0.00607	0.00488	0.00350	0.00751	0.00807	0.01076	0.01894	0.19450	0.02212	0.65221	0.02242	0.00444	0.00463	0.00906	0.00350	0.00338
20	0.01111	0.08295	0.58787	0.01674	0.09674	0.01285	0.08758	0.01639	0.01117	0.01625	0.00934	0.01127	0.00689	0.00483	0.00496	0.00161	0.00749	0.00406	0.00228	0.00761
21	0.03615	0.06730	0.01501	0.01151	0.01490	0.09163	0.08230	0.16805	0.31398	0.03661	0.03237	0.01834	0.07525	0.00680	0.00520	0.00163	0.00537	0.00561	0.00449	0.00749
22	0.00634	0.00453	0.00604	0.00725	0.00755	0.00423	0.00483	0.00725	0.00997	0.01329	0.02870	0.81358	0.03444	0.01632	0.00665	0.00211	0.00302	0.01480	0.00483	0.00423
23	0.00648	0.00463	0.00620	0.00741	0.00777	0.00435	0.00507	0.00749	0.01011	0.01345	0.02863	0.76276	0.03414	0.01619	0.00668	0.00213	0.00314	0.06427	0.00483	0.00427
24	0.00756	0.00510	0.00594	0.00594	0.00603	0.00519	0.00348	0.00774	0.00765	0.01029	0.01617	0.03275	0.01836	0.74098	0.10172	0.00537	0.00592	0.00738	0.00312	0.00330
25	0.01229	0.01405	0.03073	0.02195	0.02722	0.01317	0.76558	0.01668	0.01229	0.01668	0.01054	0.01405	0.00790	0.00439	0.00615	0.00176	0.00878	0.00615	0.00263	0.00702
26	0.00905	0.00452	0.00678	0.00678	0.00678	0.00452	0.00452	0.00678	0.00678	0.00905	0.00905	0.01583	0.00905	0.01809	0.02035	0.84848	0.00452	0.00452	0.00226	0.00226
27	0.26453	0.00921	0.01080	0.00856	0.01236	0.00882	0.00707	0.02245	0.01315	0.56601	0.01668	0.01503	0.01079	0.00598	0.00465	0.00161	0.00431	0.00454	0.00551	0.00793
28	0.01969	0.02387	0.01460	0.01317	0.01593	0.74918	0.00992	0.02107	0.01477	0.05886	0.00879	0.00989	0.00708	0.00543	0.00473	0.00136	0.00910	0.00347	0.00291	0.00621
29	0.01980	0.01459	0.01563	0.01198	0.01615	0.01615	0.00990	0.76713	0.02448	0.03282	0.01250	0.01250	0.00886	0.00625	0.00521	0.00156	0.00573	0.00469	0.00521	0.00886
30	0.00633	0.00460	0.00597	0.00706	0.00750	0.00425	0.00475	0.00727	0.01016	0.01337	0.03105	0.73899	0.10752	0.01601	0.00660	0.00208	0.00298	0.01443	0.00483	0.00425
31	0.01026	0.00623	0.00641	0.00624	0.00772	0.02693	0.00480	0.01389	0.08815	0.03558	0.09268	0.02367	0.01803	0.00716	0.00435	0.00140	0.00299	0.05551	0.58269	0.00531
32	0.01281	0.01356	0.02812	0.02032	0.02531	0.01292	0.66070	0.01811	0.08692	0.04862	0.01199	0.01472	0.00889	0.00474	0.00603	0.00175	0.00815	0.00608	0.00305	0.00722
33	0.63247	0.01298	0.00962	0.00845	0.01168	0.14357	0.00680	0.08968	0.01138	0.02251	0.00790	0.00901	0.00613	0.00506	0.00366	0.00156	0.00509	0.00309	0.00333	0.00602
34	0.02296	0.00952	0.01249	0.00958	0.01362	0.00863	0.00791	0.11029	0.01600	0.70165	0.01962	0.01713	0.01243	0.00642	0.00523	0.00161	0.00458	0.00517	0.00630	0.00886
35	0.01752	0.01911	0.01411	0.01262	0.01540	0.50871	0.04194	0.02058	0.09379	0.08995	0.01309	0.01738	0.01112	0.00669	0.00517	0.00156	0.00778	0.09346	0.00358	0.00644
36	0.00644	0.00461	0.00601	0.00707	0.00742	0.00431	0.00469	0.00734	0.00997	0.01327	0.04506	0.71954	0.05788	0.07001	0.00796	0.00229	0.00313	0.01408	0.00474	0.00418
37	0.01094	0.00939	0.01086	0.00791	0.01242	0.00735	0.00631	0.01409	0.06226	0.01729	0.01006	0.01138	0.00826	0.00407	0.00395	0.00084	0.00387	0.00327	0.00323	0.79222
38	0.00638	0.00455	0.00603	0.00721	0.00750	0.00425	0.00479	0.00726	0.00991	0.01321	0.02837	0.79277	0.03403	0.03769	0.00718	0.00219	0.00308	0.01461	0.00479	0.00420
39	0.01086	0.03152	0.06370	0.00822	0.01305	0.00764	0.00712	0.01340	0.01081	0.01681	0.00921	0.01075	0.00761	0.00395	0.00392	0.00084	0.00416	0.00313	0.00300	0.77029
40	0.00843	0.00583	0.00748	0.00738	0.00870	0.00557	0.00562	0.02673	0.04459	0.05272	0.44109	0.19183	0.06724	0.01185	0.00627	0.00182	0.00306	0.09321	0.00542	0.00514
41	0.01080	0.00926	0.01080	0.00771	0.01234	0.00694	0.00617	0.01311	0.01080	0.01697	0.00926	0.01080	0.00771	0.00386	0.00386	0.00077	0.00386	0.00309	0.00309	0.84882
42	0.00634	0.00455	0.00602	0.00720	0.00754	0.00423	0.00481	0.00726	0.01002	0.01331	0.02932	0.79392	0.05371	0.01623	0.00663	0.00211	0.00301	0.01471	0.00483	0.00423
43	0.01277	0.01231	0.02121	0.05823	0.73790	0.01237	0.03660	0.01591	0.01182	0.01688	0.00980	0.01296	0.00819	0.00465	0.00518	0.00156	0.00628	0.00468	0.00257	0.00813
44	0.00729	0.00532	0.00685	0.00647	0.00773	0.00488	0.00485	0.00967	0.01455	0.02044	0.73387	0.03964	0.09729	0.01081	0.00614	0.00165	0.00247	0.00952	0.00567	0.00488
45	0.01392	0.82012	0.02729	0.00891	0.01337	0.02061	0.00891	0.01559	0.01058	0.01225	0.00724	0.00835	0.00668	0.00446	0.00334	0.00111	0.00557	0.00278	0.00223	0.00668
46	0.01229	0.01167	0.01942	0.12843	0.61327	0.01174	0.01483	0.01536	0.01157	0.01653	0.00967	0.01281	0.00803	0.00464	0.00504	0.00150	0.00606	0.00449	0.00259	0.09006
47	0.00657	0.00520	0.00591	0.00593	0.00734	0.00454	0.00437	0.00820	0.01254	0.01614	0.28186	0.14299	0.45440	0.01277	0.00621	0.00177	0.00263	0.01097	0.00512	0.00454
48	0.01365	0.11000	0.20668	0.02603	0.12181	0.01174	0.03668	0.07204	0.03142	0.11149	0.01107	0.01218	0.00830	0.00491	0.00464	0.00137	0.00574	0.00402	0.00329	0.20294
49	0.64187	0.01253	0.00953	0.06368	0.01298	0.14121	0.00706	0.02988	0.01023	0.02108	0.00762	0.00907	0.00597	0.00497	0.00364	0.00157	0.00515	0.00307	0.00311	0.00577
50	0.85377	0.01007	0.00765	0.00685	0.01007	0.01168	0.00564	0.01531	0.00886	0.02336	0.00725	0.00846	0.00564	0.00483	0.00322	0.00161	0.00403	0.00282	0.00322	0.00564
51	0.01399	0.00710	0.00916	0.00777	0.01027	0.00646	0.00613	0.01693	0.06173	0.32646	0.36648	0.03023	0.09734	0.00897	0.00573	0.00165	0.00336	0.00767	0.00591	0.00665
52	0.00983	0.00926	0.01562	0.80447	0.03587	0.01157	0.01446	0.01331	0.01041	0.01331	0.00926	0.01388	0.00694	0.00521	0.00521	0.00174	0.00694	0.00463	0.00231	0.00579
53	0.00639	0.00456	0.00608	0.00722	0.00756	0.00426	0.00484	0.00735	0.01016	0.01359	0.05842	0.78302	0.03502	0.01609	0.00663	0.00210	0.00300	0.01459	0.00487	0.00426
54	0.65241	0.00955	0.00832	0.00718	0.01044	0.01055	0.00590	0.01699	0.01010	0.16464	0.01026	0.01079	0.00742	0.00520	0.00362	0.00159	0.00401	0.00338	0.05145	0.00619
55	0.00755	0.00514	0.00613	0.00613	0.00629	0.00529	0.00372	0.00786	0.00771	0.01043	0.01600	0.03180	0.01794	0.68662	0.15551	0.00561	0.00654	0.00724	0.00309	0.00341
56	0.00659	0.00549	0.00580	0.00579	0.00749	0.00478	0.00441	0.00847	0.03403	0.01509	0.12795	0.04849	0.64390	0.01281	0.00618	0.00178	0.00277	0.04865	0.00494	0.00458
57	0.03475	0.01199	0.06864	0.22191	0.04487	0.04327	0.01076	0.07382	0.27416	0.07833	0.07116	0.01726	0.01368	0.00637	0.00522	0.00169	0.00542	0.00531	0.00415	0.00724
58	0.00671	0.00534	0.00604	0.00600	0.00755	0.00468	0.00459	0.00847	0.01280	0.01636	0.28363	0.04717	0.49298	0.01247	0.00623	0.00177	0.00274	0.06478	0.00512	0.00459
59	0.26295	0.18391	0.24731	0.01036	0.01495	0.09785	0.01081	0.01584	0.01101	0.01764	0.07538	0.01195	0.01004	0.00535	0.00418	0.00149	0.00589	0.00375	0.00287	0.00645

[dist]
# distance from previous block
# <min> <max>
0	1

[block]
# block no. 1 follows, 47 sequences, length 19
# corresponding to MSA columns:
# 217,218,222-238
name=unknown_B
#
# <colnr> <probs for GDERKNQSTAVLIFYWHMCP>
#	G	D	E	R	K	N	Q	S	T	A	V	L	I	F	Y	W	H	M	C	P
0	0.01446	0.53276	0.18390	0.01038	0.01539	0.05101	0.01098	0.01706	0.01132	0.09710	0.00915	0.00996	0.00734	0.00481	0.00394	0.00129	0.00605	0.00330	0.00270	0.00710
1	0.68490	0.04459	0.00920	0.00732	0.01073	0.01142	0.00610	0.01693	0.00990	0.14526	0.00938	0.00994	0.00684	0.00508	0.00355	0.00159	0.00416	0.00321	0.00370	0.00620
2	0.01276	0.01456	0.19304	0.02159	0.36560	0.01094	0.07981	0.01644	0.01239	0.10242	0.10588	0.01629	0.01339	0.00563	0.00533	0.00161	0.00610	0.00525	0.00331	0.00767
3	0.01103	0.00925	0.00975	0.00893	0.01142	0.01024	0.00689	0.02154	0.52774	0.02002	0.07474	0.02688	0.17352	0.00847	0.00543	0.00172	0.00362	0.00708	0.05467	0.00705
4	0.01214	0.08939	0.49066	0.05969	0.03614	0.01342	0.09329	0.11279	0.01281	0.01808	0.00970	0.01148	0.00708	0.00503	0.00499	0.00161	0.00731	0.00416	0.00265	0.00759
5	0.00918	0.12997	0.09515	0.00823	0.01076	0.00879	0.00738	0.01303	0.08754	0.01887	0.47511	0.06364	0.03430	0.00901	0.00553	0.00159	0.00368	0.00772	0.00474	0.00577
6	0.00772	0.05165	0.00833	0.00738	0.00881	0.00580	0.01622	0.00912	0.01068	0.01468	0.09554	0.49305	0.06428	0.02705	0.00624	0.00182	0.00332	0.01117	0.02613	0.13100
7	0.03385	0.00587	0.00747	0.00680	0.00830	0.00546	0.00508	0.01165	0.01382	0.11401	0.58305	0.03490	0.04016	0.09720	0.00815	0.00200	0.00303	0.00851	0.00547	0.00523
8	0.00814	0.00662	0.00999	0.09509	0.01266	0.00810	0.00791	0.01009	0.00855	0.01227	0.01265	0.01874	0.01168	0.03207	0.62432	0.00698	0.10120	0.00536	0.00268	0.00489
9	0.00615	0.00528	0.00528	0.00528	0.00703	0.00440	0.00396	0.00747	0.01187	0.01407	0.05276	0.05012	0.78238	0.01319	0.00615	0.00176	0.00264	0.01099	0.00484	0.00440
10	0.01392	0.82012	0.02729	0.00891	0.01337	0.02061	0.00891	0.01559	0.01058	0.01225	0.00724	0.00835	0.00668	0.00446	0.00334	0.00111	0.00557	0.00278	0.00223	0.00668
11	0.00911	0.00497	0.00540	0.00529	0.00651	0.00487	0.00397	0.01154	0.01191	0.01979	0.21402	0.02444	0.02257	0.00725	0.00428	0.00132	0.00243	0.00603	0.62943	0.00487
12	0.00685	0.00525	0.00759	0.00805	0.00884	0.00489	0.04804	0.00816	0.01063	0.01412	0.07346	0.62748	0.08230	0.01499	0.00659	0.00206	0.00340	0.05806	0.00476	0.00447
13	0.00771	0.00534	0.00701	0.00670	0.00791	0.00492	0.00498	0.00999	0.01423	0.04163	0.67888	0.12212	0.04653	0.01114	0.00617	0.00169	0.00257	0.00988	0.00566	0.00495
14	0.01079	0.00845	0.00890	0.00808	0.00950	0.04912	0.00578	0.14245	0.09477	0.01673	0.08077	0.05696	0.03392	0.35969	0.08838	0.00374	0.00578	0.00699	0.00400	0.00520
15	0.01237	0.01011	0.01351	0.01007	0.02926	0.00829	0.08849	0.05706	0.01204	0.07071	0.01036	0.01176	0.00816	0.00424	0.00430	0.00099	0.00458	0.00368	0.00338	0.63665
16	0.03488	0.00978	0.01317	0.05667	0.09798	0.00913	0.00885	0.06112	0.05985	0.45292	0.01653	0.01567	0.01116	0.00582	0.00500	0.00150	0.00473	0.00480	0.00513	0.12530
17	0.06425	0.02757	0.10923	0.01117	0.01514	0.05719	0.00983	0.19993	0.34087	0.04236	0.01521	0.01484	0.01128	0.00615	0.00497	0.00160	0.00525	0.00481	0.00448	0.05387
18	0.13534	0.23827	0.24138	0.01126	0.01618	0.07072	0.03882	0.06680	0.01224	0.07457	0.04255	0.01170	0.00898	0.00525	0.00437	0.00147	0.00615	0.00385	0.00307	0.00702

[dist]
# distance from previous block
# <min> <max>
1	5

[block]
# block no. 2 follows, 47 sequences, length 39
# corresponding to MSA columns:
# 244-252,262,263,275-302
name=unknown_C
#
# <colnr> <probs for GDERKNQSTAVLIFYWHMCP>
#	G	D	E	R	K	N	Q	S	T	A	V	L	I	F	Y	W	H	M	C	P
0	0.39164	0.01030	0.01233	0.09117	0.07963	0.01098	0.06367	0.04864	0.02957	0.08638	0.01020	0.01235	0.00794	0.03963	0.00516	0.00170	0.00499	0.00399	0.00343	0.08629
1	0.01101	0.00873	0.01032	0.00767	0.01177	0.00671	0.00603	0.01314	0.01092	0.05668	0.02671	0.05834	0.01076	0.03571	0.00499	0.00107	0.00386	0.00416	0.00342	0.70799
2	0.00729	0.00555	0.00679	0.00694	0.00829	0.00518	0.00544	0.00942	0.02642	0.01645	0.27203	0.05942	0.29019	0.04898	0.03256	0.00223	0.00359	0.18358	0.00498	0.00467
3	0.00757	0.00505	0.00568	0.00568	0.00568	0.00505	0.00316	0.00757	0.00757	0.01010	0.01641	0.03408	0.01893	0.81698	0.02651	0.00505	0.00505	0.00757	0.00316	0.00316
4	0.01037	0.01004	0.01785	0.52430	0.14011	0.01137	0.12033	0.01372	0.01085	0.01432	0.01094	0.07235	0.00928	0.00582	0.00544	0.00174	0.00681	0.00559	0.00258	0.00620
5	0.02175	0.00851	0.01157	0.00899	0.01274	0.00738	0.00738	0.02381	0.01489	0.71062	0.09742	0.01986	0.01655	0.00687	0.00533	0.00161	0.00423	0.00566	0.00637	0.00846
6	0.00826	0.00693	0.00806	0.00740	0.00930	0.00676	0.03861	0.02961	0.15501	0.01612	0.09161	0.07916	0.41747	0.09264	0.00805	0.00210	0.00351	0.00941	0.00473	0.00524
7	0.00983	0.00926	0.01562	0.80447	0.03587	0.01157	0.01446	0.01331	0.01041	0.01331	0.00926	0.01388	0.00694	0.00521	0.00521	0.00174	0.00694	0.00463	0.00231	0.00579
8	0.01812	0.10373	0.03526	0.01357	0.04163	0.60355	0.01042	0.05264	0.01428	0.01381	0.00820	0.00967	0.00686	0.00544	0.00515	0.00138	0.04380	0.00346	0.00272	0.00633
9	0.85377	0.01007	0.00765	0.00685	0.01007	0.01168	0.00564	0.01531	0.00886	0.02336	0.00725	0.00846	0.00564	0.00483	0.00322	0.00161	0.00403	0.00282	0.00322	0.00564
10	0.01114	0.00982	0.03566	0.13762	0.06025	0.00838	0.04351	0.02538	0.01139	0.05108	0.04387	0.05485	0.01100	0.00526	0.00461	0.00120	0.00477	0.00458	0.00327	0.47235
11	0.00909	0.00676	0.00939	0.01108	0.09650	0.00684	0.00754	0.05283	0.03360	0.03352	0.02310	0.34272	0.02525	0.04136	0.08685	0.00279	0.00521	0.19587	0.00438	0.00531
12	0.01260	0.01208	0.02061	0.10520	0.71352	0.01230	0.01584	0.01573	0.01172	0.01666	0.00974	0.01298	0.00813	0.00469	0.00516	0.00156	0.00626	0.00464	0.00255	0.00802
13	0.01494	0.61979	0.05746	0.01008	0.01433	0.16583	0.00959	0.03233	0.01167	0.01296	0.00759	0.00875	0.00673	0.00469	0.00370	0.00119	0.00638	0.00298	0.00237	0.00665
14	0.01237	0.01232	0.02281	0.11058	0.36685	0.01233	0.27092	0.04878	0.01238	0.01707	0.01113	0.02976	0.00932	0.00527	0.00561	0.00168	0.00702	0.03362	0.00281	0.00738
15	0.01442	0.01125	0.08907	0.01209	0.09123	0.00975	0.02419	0.14643	0.07744	0.18761	0.22283	0.02200	0.03703	0.00731	0.00545	0.00161	0.00463	0.00622	0.00496	0.02447
16	0.01190	0.00903	0.01075	0.00785	0.01225	0.00691	0.00627	0.01413	0.01118	0.09470	0.01114	0.04240	0.00927	0.00460	0.00410	0.00091	0.00388	0.00375	0.00349	0.73148
17	0.01188	0.00901	0.01073	0.00785	0.01223	0.00690	0.00626	0.01410	0.01118	0.09469	0.01123	0.04574	0.00938	0.00465	0.00412	0.00091	0.00388	0.00380	0.00350	0.72796
18	0.69857	0.00946	0.00783	0.00693	0.00990	0.01067	0.00556	0.01537	0.00924	0.08625	0.00929	0.01183	0.00759	0.08699	0.00574	0.00196	0.00417	0.00350	0.00349	0.00566
19	0.01045	0.02694	0.79000	0.01484	0.02254	0.01209	0.01924	0.01649	0.01099	0.01649	0.00935	0.01099	0.00660	0.00495	0.00495	0.00165	0.00770	0.00385	0.00220	0.00770
20	0.01074	0.01207	0.13494	0.00885	0.01397	0.00776	0.00825	0.01365	0.01083	0.01689	0.00927	0.01083	0.00754	0.00403	0.00403	0.00091	0.00447	0.00321	0.00294	0.71481
21	0.01039	0.00933	0.01618	0.62333	0.03162	0.01094	0.08921	0.01367	0.01076	0.04790	0.01152	0.08123	0.00961	0.00611	0.00542	0.00176	0.00669	0.00566	0.00274	0.00592
22	0.00629	0.00525	0.00548	0.00549	0.00713	0.00444	0.00409	0.00770	0.01208	0.01472	0.12535	0.08155	0.67643	0.01307	0.00617	0.00176	0.00264	0.01099	0.00493	0.00444
23	0.00839	0.00599	0.00839	0.00959	0.01079	0.00599	0.00839	0.01079	0.01199	0.01558	0.02757	0.05874	0.02997	0.01439	0.00719	0.00240	0.00480	0.74945	0.00480	0.00480
24	0.01136	0.01062	0.01793	0.57230	0.08299	0.01229	0.11040	0.09004	0.01217	0.01596	0.00978	0.01370	0.00735	0.00517	0.00532	0.00171	0.00700	0.00483	0.00267	0.00642
25	0.01978	0.01498	0.01560	0.01204	0.01615	0.04617	0.00990	0.73840	0.02411	0.03205	0.01233	0.01238	0.00877	0.00622	0.00519	0.00155	0.00587	0.00464	0.00511	0.00875
26	0.00634	0.00453	0.00604	0.00725	0.00755	0.00423	0.00483	0.00725	0.00997	0.01329	0.02870	0.81358	0.03444	0.01632	0.00665	0.00211	0.00302	0.01480	0.00483	0.00423
27	0.00668	0.00492	0.00694	0.00786	0.00837	0.00463	0.02720	0.00780	0.01019	0.01357	0.02809	0.73221	0.03333	0.01582	0.00667	0.00213	0.00333	0.07115	0.00477	0.00435
28	0.18348	0.02977	0.09878	0.01535	0.02012	0.01175	0.36760	0.01782	0.01191	0.15851	0.01188	0.01412	0.00867	0.00513	0.00524	0.00169	0.00677	0.02088	0.00344	0.00709
29	0.02336	0.00886	0.01209	0.00927	0.01329	0.00765	0.00765	0.02538	0.01491	0.78810	0.02055	0.01773	0.01289	0.00645	0.00524	0.00161	0.00443	0.00524	0.00645	0.00886
30	0.00634	0.00453	0.00604	0.00725	0.00755	0.00423	0.00483	0.00725	0.00997	0.01329	0.02870	0.81358	0.03444	0.01632	0.00665	0.00211	0.00302	0.01480	0.00483	0.00423
31	0.01259	0.01320	0.02586	0.02703	0.41148	0.01277	0.38522	0.01633	0.01207	0.01685	0.01016	0.01346	0.00808	0.00452	0.00564	0.00165	0.00746	0.00538	0.00261	0.00765
32	0.01261	0.01198	0.01984	0.10264	0.64973	0.01235	0.01519	0.01671	0.07562	0.01707	0.01070	0.01353	0.00877	0.00490	0.00517	0.00158	0.00608	0.00474	0.00278	0.00802
33	0.01955	0.01303	0.01430	0.01105	0.01498	0.01407	0.00910	0.60327	0.02208	0.14057	0.01400	0.01378	0.00978	0.00627	0.00509	0.00154	0.00529	0.00478	0.06891	0.00855
34	0.00729	0.00547	0.00678	0.00646	0.00781	0.00504	0.00484	0.00987	0.03643	0.01952	0.61168	0.05845	0.17872	0.01113	0.00613	0.00167	0.00255	0.00972	0.00554	0.00490
35	0.01171	0.02031	0.44119	0.01598	0.02244	0.01167	0.24308	0.01667	0.01157	0.05672	0.01028	0.01225	0.00743	0.00475	0.00521	0.00159	0.00747	0.00454	0.00264	0.09250
36	0.00641	0.00535	0.00603	0.04728	0.00868	0.00478	0.00473	0.00777	0.01135	0.01384	0.04504	0.19427	0.58189	0.01393	0.02312	0.00197	0.00318	0.01128	0.00466	0.00444
37	0.02249	0.01000	0.01276	0.00981	0.01384	0.00938	0.00809	0.16702	0.03110	0.62944	0.01902	0.01676	0.01218	0.00642	0.00523	0.00161	0.00467	0.00514	0.00619	0.00885
38	0.01162	0.01083	0.01659	0.56143	0.06616	0.03528	0.06327	0.08934	0.06382	0.01619	0.01046	0.01396	0.00785	0.00536	0.00526	0.00170	0.00679	0.00478	0.00285	0.00646

[dist]
# distance from previous block
# <min> <max>
0	3

# created by:
# /st0/software/busco_prod/Augustus/scripts/msa2prfl.pl ./align_prep/229778.fa
