[name]
unknown

[dist]
# distance from previous block
# <min> <max>
38	88

[block]
# block no. 0 follows, 45 sequences, length 8
# corresponding to MSA columns:
# 98-105
name=unknown_A
#
# <colnr> <probs for GDERKNQSTAVLIFYWHMCP>
#	G	D	E	R	K	N	Q	S	T	A	V	L	I	F	Y	W	H	M	C	P
0	0.03926	0.00914	0.01070	0.09539	0.01417	0.00928	0.00766	0.12662	0.08052	0.03637	0.07576	0.20184	0.10535	0.06470	0.00766	0.00220	0.00468	0.00875	0.03133	0.06862
1	0.01152	0.00865	0.01118	0.12558	0.03861	0.00883	0.00816	0.01447	0.09579	0.07001	0.11903	0.16448	0.04966	0.12015	0.00984	0.00246	0.04669	0.00835	0.00465	0.08186
2	0.06211	0.01139	0.01333	0.04094	0.06730	0.01164	0.00894	0.22448	0.01560	0.02313	0.02844	0.04382	0.02596	0.00806	0.02657	0.00187	0.06719	0.00532	0.10798	0.20594
3	0.03911	0.01158	0.01139	0.06767	0.05209	0.12598	0.00811	0.12204	0.01488	0.06488	0.04804	0.01867	0.01369	0.00785	0.02472	0.00184	0.00551	0.00528	0.34974	0.00692
4	0.07105	0.01361	0.01374	0.04394	0.06010	0.14234	0.03102	0.23990	0.08062	0.07603	0.02792	0.01679	0.01158	0.10786	0.00791	0.00205	0.00608	0.00514	0.03515	0.00718
5	0.04565	0.01230	0.01201	0.02949	0.01317	0.11903	0.00818	0.25332	0.01622	0.03912	0.06854	0.01908	0.07493	0.02531	0.00695	0.00171	0.09465	0.00553	0.14813	0.00667
6	0.04265	0.00858	0.01058	0.00925	0.01144	0.00881	0.04933	0.19423	0.04129	0.04965	0.12509	0.24161	0.06669	0.04963	0.00692	0.00196	0.00422	0.00900	0.06291	0.00616
7	0.01645	0.01370	0.05834	0.01167	0.01577	0.01351	0.04169	0.46400	0.05766	0.02697	0.01377	0.05952	0.01120	0.04804	0.00642	0.00174	0.00561	0.00543	0.00465	0.12387

[dist]
# distance from previous block
# <min> <max>
0	4

[block]
# block no. 1 follows, 45 sequences, length 25
# corresponding to MSA columns:
# 110-134
name=unknown_B
#
# <colnr> <probs for GDERKNQSTAVLIFYWHMCP>
#	G	D	E	R	K	N	Q	S	T	A	V	L	I	F	Y	W	H	M	C	P
0	0.01229	0.00840	0.01013	0.00918	0.02716	0.00837	0.00694	0.06376	0.18936	0.12586	0.27261	0.09885	0.04800	0.00922	0.00580	0.00170	0.00371	0.01960	0.00546	0.07361
1	0.05527	0.07838	0.03500	0.02733	0.11308	0.19288	0.01033	0.14851	0.12860	0.06615	0.01220	0.01289	0.00935	0.00567	0.00488	0.00149	0.00631	0.00431	0.00385	0.08351
2	0.09441	0.01257	0.02601	0.01058	0.01377	0.07642	0.00842	0.14421	0.35499	0.05990	0.01792	0.09520	0.01466	0.00753	0.00526	0.00172	0.00492	0.00608	0.00488	0.04055
3	0.01306	0.06278	0.01445	0.06432	0.14751	0.04099	0.00979	0.09495	0.22441	0.04468	0.09105	0.05726	0.07824	0.00773	0.00576	0.00171	0.02309	0.00648	0.00441	0.00733
4	0.01507	0.29640	0.04552	0.06282	0.01719	0.19056	0.05475	0.06219	0.10318	0.01569	0.01038	0.02274	0.00867	0.00584	0.00560	0.00151	0.06775	0.00418	0.00303	0.00695
5	0.00790	0.00601	0.00883	0.00878	0.00964	0.00709	0.00681	0.00973	0.00878	0.01277	0.01501	0.07120	0.01448	0.03600	0.67267	0.00764	0.05975	0.00628	0.02578	0.00483
6	0.01100	0.02630	0.70636	0.01671	0.07203	0.01253	0.04722	0.01697	0.01144	0.01704	0.00971	0.01158	0.00696	0.00506	0.00516	0.00170	0.00787	0.00411	0.00231	0.00794
7	0.00781	0.00520	0.00585	0.00585	0.00585	0.00520	0.00325	0.00781	0.00781	0.01041	0.01691	0.03513	0.01952	0.81135	0.02732	0.00520	0.00520	0.00781	0.00325	0.00325
8	0.01580	0.01289	0.01256	0.01064	0.01359	0.10202	0.00833	0.31351	0.18231	0.03931	0.06389	0.06823	0.01573	0.05493	0.00667	0.00186	0.00530	0.00611	0.05885	0.00749
9	0.01401	0.73962	0.10009	0.00977	0.01468	0.02040	0.01020	0.01616	0.01095	0.01305	0.00767	0.00887	0.00688	0.00464	0.00360	0.00120	0.00595	0.00297	0.00229	0.00699
10	0.54079	0.09528	0.08496	0.00884	0.01281	0.03856	0.00809	0.06336	0.02834	0.06387	0.00912	0.01003	0.00691	0.00521	0.00384	0.00160	0.00499	0.00335	0.00346	0.00659
11	0.24131	0.03281	0.01239	0.00994	0.01336	0.08857	0.00805	0.27362	0.06537	0.07797	0.09226	0.01602	0.03315	0.00664	0.00485	0.00162	0.00516	0.00493	0.00463	0.00731
12	0.11162	0.01224	0.01444	0.01246	0.06761	0.01289	0.02687	0.31130	0.10814	0.24411	0.01549	0.01489	0.01075	0.00628	0.00518	0.00166	0.00524	0.00496	0.00527	0.00860
13	0.01233	0.17683	0.56703	0.01400	0.02081	0.08818	0.01691	0.01725	0.01162	0.01580	0.00909	0.01066	0.00683	0.00504	0.00476	0.00157	0.00768	0.00371	0.00232	0.00757
14	0.00743	0.00539	0.00705	0.00710	0.00822	0.00501	0.00532	0.00960	0.01388	0.01923	0.53395	0.18599	0.08138	0.01254	0.00653	0.00186	0.00287	0.07616	0.00560	0.00490
15	0.01077	0.02777	0.78354	0.01530	0.02323	0.01247	0.01983	0.01700	0.01133	0.01700	0.00963	0.01133	0.00680	0.00510	0.00510	0.00170	0.00793	0.00397	0.00227	0.00793
16	0.00670	0.00480	0.00637	0.00736	0.00782	0.00447	0.00500	0.00788	0.01104	0.01491	0.14456	0.68943	0.03784	0.01592	0.00677	0.00210	0.00302	0.01440	0.00513	0.00447
17	0.01044	0.00985	0.01664	0.72538	0.10769	0.01201	0.01506	0.01398	0.01088	0.01408	0.00959	0.01421	0.00728	0.00531	0.00536	0.00177	0.00708	0.00477	0.00241	0.00621
18	0.00684	0.00489	0.00653	0.00751	0.00803	0.00458	0.00523	0.00811	0.01117	0.01506	0.14449	0.64255	0.03755	0.01579	0.00681	0.00212	0.00314	0.05998	0.00512	0.00451
19	0.01218	0.20916	0.09862	0.11381	0.05522	0.05199	0.12856	0.01505	0.01120	0.01478	0.00997	0.01383	0.00861	0.07640	0.02359	0.00188	0.00675	0.00444	0.00265	0.14132
20	0.00655	0.00496	0.00594	0.00668	0.00748	0.00447	0.00457	0.00757	0.01079	0.01377	0.03720	0.50295	0.28549	0.06557	0.00796	0.00225	0.00311	0.01346	0.00487	0.00435
21	0.50630	0.01081	0.01159	0.07322	0.07175	0.01166	0.04024	0.05819	0.01088	0.02201	0.00861	0.01037	0.00674	0.00491	0.00398	0.00154	0.00484	0.00350	0.00327	0.13559
22	0.23256	0.15872	0.09062	0.01423	0.13028	0.03043	0.06073	0.08576	0.06589	0.06801	0.01069	0.01182	0.00820	0.00527	0.00452	0.00157	0.00577	0.00408	0.00343	0.00742
23	0.20312	0.00886	0.04454	0.13399	0.01575	0.00876	0.06942	0.01230	0.01105	0.01755	0.09008	0.20922	0.03775	0.01030	0.01895	0.00203	0.00502	0.09189	0.00393	0.00549
24	0.13639	0.31541	0.13087	0.06328	0.08902	0.04458	0.01133	0.04881	0.03643	0.01695	0.01014	0.01350	0.00871	0.00560	0.00441	0.00152	0.00604	0.04713	0.00289	0.00699

[dist]
# distance from previous block
# <min> <max>
0	7

[block]
# block no. 2 follows, 45 sequences, length 20
# corresponding to MSA columns:
# 142-161
name=unknown_C
#
# <colnr> <probs for GDERKNQSTAVLIFYWHMCP>
#	G	D	E	R	K	N	Q	S	T	A	V	L	I	F	Y	W	H	M	C	P
0	0.01010	0.01196	0.13963	0.06585	0.01714	0.00952	0.15628	0.05402	0.02738	0.01737	0.13432	0.13109	0.07795	0.05424	0.00762	0.00202	0.03255	0.02660	0.00387	0.02047
1	0.10410	0.05160	0.01460	0.01119	0.01499	0.04296	0.00915	0.43705	0.18711	0.02799	0.01510	0.01485	0.03243	0.00657	0.00510	0.00164	0.00539	0.00495	0.00493	0.00830
2	0.03598	0.01188	0.01338	0.01020	0.01452	0.01170	0.00832	0.32277	0.06915	0.14924	0.01360	0.01357	0.00983	0.00567	0.00487	0.00136	0.00489	0.00441	0.00480	0.28985
3	0.01271	0.01121	0.01832	0.36987	0.36065	0.01232	0.01489	0.04578	0.03244	0.05439	0.01082	0.01415	0.00838	0.00527	0.00535	0.00169	0.00656	0.00484	0.00292	0.00743
4	0.01377	0.63604	0.04700	0.01042	0.01460	0.03934	0.04657	0.01573	0.01082	0.01300	0.00808	0.00991	0.00733	0.00695	0.04906	0.00170	0.05724	0.00337	0.00236	0.00673
5	0.00675	0.00543	0.00602	0.00593	0.00752	0.00470	0.00443	0.00848	0.01312	0.01673	0.28523	0.07349	0.51758	0.01286	0.00636	0.00179	0.00267	0.01094	0.00528	0.00470
6	0.01122	0.00858	0.00937	0.00850	0.00971	0.05785	0.00617	0.10202	0.01141	0.05799	0.01828	0.05671	0.07429	0.35079	0.11877	0.00414	0.07837	0.00704	0.00374	0.00507
7	0.00760	0.00549	0.00718	0.00675	0.00802	0.00506	0.00506	0.01013	0.01519	0.02153	0.77503	0.04010	0.05065	0.01097	0.00633	0.00169	0.00253	0.00971	0.00591	0.00506
8	0.01418	0.77745	0.06378	0.00947	0.01422	0.02083	0.00969	0.01612	0.01093	0.01284	0.00757	0.00874	0.00688	0.00462	0.00352	0.00117	0.00584	0.00292	0.00229	0.00694
9	0.05978	0.00880	0.01107	0.00900	0.01234	0.00826	0.00730	0.06836	0.05978	0.45752	0.16579	0.02409	0.04952	0.00789	0.00556	0.00170	0.00416	0.02511	0.00608	0.00787
10	0.01535	0.39650	0.04141	0.01299	0.03251	0.21973	0.10008	0.01809	0.04958	0.01402	0.00888	0.01048	0.00756	0.00522	0.00506	0.00141	0.04790	0.00376	0.00264	0.00684
11	0.20593	0.22482	0.33981	0.01136	0.01701	0.04120	0.01277	0.01644	0.01084	0.01741	0.00852	0.00996	0.00666	0.00489	0.00419	0.00149	0.00633	0.00338	0.00259	0.05441
12	0.03938	0.03733	0.01367	0.01204	0.04349	0.09589	0.00918	0.18251	0.39421	0.02288	0.01776	0.04903	0.01427	0.00736	0.00538	0.00174	0.00529	0.03580	0.00485	0.00796
13	0.01949	0.01370	0.01486	0.01152	0.01543	0.01498	0.00940	0.64075	0.02302	0.07946	0.01382	0.01495	0.01023	0.06124	0.00682	0.00185	0.00568	0.00508	0.02911	0.00861
14	0.00654	0.00467	0.00623	0.00747	0.00779	0.00436	0.00498	0.00747	0.01028	0.01370	0.02959	0.80785	0.03550	0.01682	0.00685	0.00218	0.00311	0.01526	0.00498	0.00436
15	0.01335	0.00831	0.01025	0.01007	0.05897	0.00837	0.00713	0.01884	0.22182	0.19849	0.09213	0.13757	0.07392	0.06027	0.00707	0.00199	0.00399	0.00790	0.05263	0.00693
16	0.00675	0.00545	0.00600	0.00586	0.00750	0.00470	0.00440	0.00849	0.01319	0.01677	0.28716	0.04792	0.54149	0.01275	0.00634	0.00177	0.00266	0.01081	0.00528	0.00470
17	0.07923	0.01141	0.04752	0.40391	0.24873	0.01200	0.04009	0.01573	0.01143	0.06481	0.01033	0.01371	0.00785	0.00521	0.00521	0.00171	0.00662	0.00469	0.00282	0.00702
18	0.00941	0.00743	0.05524	0.00825	0.02674	0.00612	0.00645	0.01217	0.04230	0.08973	0.40231	0.15941	0.09901	0.04249	0.00702	0.00192	0.00342	0.00966	0.00533	0.00560
19	0.01231	0.03352	0.04287	0.13357	0.37223	0.03460	0.17709	0.01562	0.01190	0.01626	0.01148	0.07425	0.01014	0.00586	0.00587	0.00172	0.02473	0.00581	0.00279	0.00737

[dist]
# distance from previous block
# <min> <max>
0	5

[block]
# block no. 3 follows, 45 sequences, length 11
# corresponding to MSA columns:
# 167-177
name=unknown_D
#
# <colnr> <probs for GDERKNQSTAVLIFYWHMCP>
#	G	D	E	R	K	N	Q	S	T	A	V	L	I	F	Y	W	H	M	C	P
0	0.01474	0.01219	0.01844	0.13487	0.02108	0.01323	0.19420	0.21439	0.09339	0.07233	0.02886	0.03088	0.01101	0.00643	0.00658	0.00177	0.07073	0.00566	0.04174	0.00749
1	0.01709	0.13183	0.01672	0.01115	0.01526	0.06003	0.02767	0.34241	0.05573	0.07322	0.01239	0.02900	0.00957	0.00598	0.00516	0.00144	0.02388	0.00453	0.00433	0.15260
2	0.63021	0.01287	0.09449	0.01035	0.01449	0.01232	0.12373	0.01613	0.00992	0.02226	0.00823	0.00989	0.00628	0.00492	0.00398	0.00169	0.00531	0.00355	0.00312	0.00626
3	0.21061	0.01112	0.01140	0.00964	0.01284	0.01228	0.00773	0.27685	0.14743	0.05762	0.01836	0.07547	0.07718	0.00902	0.03732	0.00201	0.00502	0.00598	0.00480	0.00732
4	0.00800	0.00610	0.00736	0.00694	0.00852	0.00530	0.00488	0.00938	0.01095	0.01524	0.14497	0.27210	0.09920	0.17353	0.01020	0.00236	0.00360	0.00970	0.00437	0.19728
5	0.00970	0.00842	0.01286	0.28098	0.06481	0.00894	0.06407	0.01313	0.05612	0.03962	0.12001	0.02944	0.22395	0.02301	0.00626	0.00185	0.00513	0.02188	0.00396	0.00588
6	0.01293	0.01083	0.01137	0.01043	0.01322	0.03337	0.00820	0.02489	0.58496	0.04963	0.02461	0.02616	0.07593	0.00845	0.00571	0.00187	0.00436	0.07995	0.00534	0.00780
7	0.00725	0.00496	0.00643	0.00732	0.00797	0.00455	0.00501	0.00834	0.01091	0.04365	0.06787	0.66469	0.10941	0.01582	0.00672	0.00210	0.00310	0.01422	0.00509	0.00459
8	0.00760	0.00558	0.00705	0.00777	0.00879	0.00530	0.00607	0.00920	0.01144	0.01474	0.06548	0.18944	0.19422	0.12712	0.00984	0.00263	0.00406	0.31443	0.00476	0.00451
9	0.01358	0.07250	0.48912	0.01485	0.02122	0.14085	0.06233	0.09199	0.01342	0.01780	0.00969	0.01125	0.00714	0.00524	0.00506	0.00161	0.00795	0.00405	0.00269	0.00767
10	0.01415	0.01006	0.01117	0.00979	0.01278	0.01087	0.00768	0.04515	0.47420	0.15154	0.08982	0.02457	0.09830	0.00813	0.00562	0.00178	0.00404	0.00678	0.00565	0.00791

[dist]
# distance from previous block
# <min> <max>
0	1

[block]
# block no. 4 follows, 45 sequences, length 100
# corresponding to MSA columns:
# 179-192,198-202,204-208,223-265,285-311,313-318
name=unknown_E
#
# <colnr> <probs for GDERKNQSTAVLIFYWHMCP>
#	G	D	E	R	K	N	Q	S	T	A	V	L	I	F	Y	W	H	M	C	P
0	0.01427	0.01370	0.03353	0.10113	0.03152	0.08018	0.15831	0.15638	0.17931	0.02053	0.01318	0.01473	0.01005	0.00640	0.01703	0.00175	0.04124	0.00513	0.02613	0.07551
1	0.00654	0.00467	0.00623	0.00747	0.00779	0.00436	0.00498	0.00747	0.01028	0.01370	0.02959	0.80785	0.03550	0.01682	0.00685	0.00218	0.00311	0.01526	0.00498	0.00436
2	0.00774	0.00546	0.00717	0.00717	0.00763	0.00592	0.00489	0.00865	0.00820	0.01138	0.01571	0.02846	0.01662	0.44529	0.38943	0.00683	0.00956	0.00683	0.00307	0.00398
3	0.25465	0.30364	0.28943	0.01073	0.01614	0.01548	0.01198	0.01632	0.01055	0.01749	0.00823	0.00961	0.00655	0.00488	0.00399	0.00149	0.00606	0.00327	0.00258	0.00695
4	0.01162	0.01096	0.01828	0.40420	0.37135	0.01218	0.01510	0.01533	0.03752	0.01567	0.01040	0.01457	0.00840	0.02542	0.00590	0.00179	0.00665	0.00490	0.00264	0.00713
5	0.00648	0.00544	0.00563	0.00558	0.00733	0.00459	0.00418	0.00797	0.01255	0.01526	0.13210	0.05041	0.69750	0.01331	0.00634	0.00180	0.00270	0.01115	0.00508	0.00459
6	0.01278	0.01226	0.02133	0.02984	0.64084	0.01218	0.07725	0.01601	0.01227	0.01736	0.01195	0.01800	0.01066	0.00574	0.00560	0.00170	0.00646	0.07683	0.00288	0.00805
7	0.01340	0.01088	0.01235	0.00903	0.01368	0.00947	0.00730	0.19578	0.01458	0.02148	0.01036	0.01156	0.00824	0.00458	0.00432	0.00099	0.00445	0.00358	0.00371	0.64027
8	0.02104	0.01234	0.01460	0.01135	0.01521	0.01306	0.00937	0.39112	0.03290	0.33154	0.01588	0.01508	0.01075	0.00678	0.00640	0.00170	0.07134	0.00507	0.00563	0.00885
9	0.01077	0.02777	0.78354	0.01530	0.02323	0.01247	0.01983	0.01700	0.01133	0.01700	0.00963	0.01133	0.00680	0.00510	0.00510	0.00170	0.00793	0.00397	0.00227	0.00793
10	0.01335	0.01153	0.01214	0.01092	0.01396	0.01335	0.00850	0.02852	0.76817	0.02245	0.02185	0.02003	0.01639	0.00728	0.00546	0.00182	0.00425	0.00607	0.00546	0.00850
11	0.00656	0.00545	0.00574	0.00566	0.00738	0.00462	0.00425	0.00812	0.01274	0.01571	0.17827	0.04967	0.65104	0.01314	0.00634	0.00179	0.00269	0.01105	0.00514	0.00462
12	0.00932	0.00466	0.00699	0.00699	0.00699	0.00466	0.00466	0.00699	0.00699	0.00932	0.00932	0.01632	0.00932	0.01865	0.02098	0.84382	0.00466	0.00466	0.00233	0.00233
13	0.00767	0.00560	0.00795	0.00799	0.00872	0.00632	0.00590	0.00914	0.00849	0.01204	0.01534	0.04489	0.01534	0.20961	0.60133	0.00770	0.01206	0.00645	0.00301	0.00444
14	0.00647	0.00534	0.00569	0.00581	0.00738	0.00455	0.00428	0.00787	0.01222	0.01498	0.11092	0.14951	0.61882	0.01380	0.00641	0.00185	0.00276	0.01171	0.00506	0.00455
15	0.01435	0.81458	0.02813	0.00918	0.01378	0.02124	0.00918	0.01607	0.01091	0.01263	0.00746	0.00861	0.00689	0.00459	0.00344	0.00115	0.00574	0.00287	0.00230	0.00689
16	0.01206	0.31125	0.51137	0.01310	0.01983	0.01563	0.01600	0.01667	0.01118	0.01542	0.00885	0.01035	0.00683	0.00492	0.00450	0.00150	0.00714	0.00357	0.00228	0.00756
17	0.01506	0.65531	0.02532	0.00963	0.01405	0.01983	0.00919	0.08473	0.07513	0.03469	0.00949	0.01019	0.00804	0.00503	0.00384	0.00126	0.00560	0.00338	0.00295	0.00728
18	0.01221	0.01768	0.21287	0.02086	0.02689	0.01331	0.58038	0.01715	0.01235	0.01715	0.01056	0.01372	0.00782	0.00466	0.00604	0.00178	0.00878	0.00576	0.00261	0.00741
19	0.00661	0.00479	0.00625	0.00728	0.00777	0.00443	0.00493	0.00771	0.01081	0.01440	0.09307	0.69402	0.08584	0.01612	0.00677	0.00211	0.00304	0.01454	0.00506	0.00443
20	0.00756	0.00549	0.00713	0.00672	0.00800	0.00505	0.00504	0.01007	0.01512	0.02134	0.75637	0.04040	0.06942	0.01104	0.00633	0.00169	0.00254	0.00975	0.00589	0.00505
21	0.00701	0.00533	0.00645	0.00645	0.00773	0.00477	0.00473	0.00889	0.01339	0.01790	0.41279	0.17520	0.28420	0.01283	0.00642	0.00181	0.00269	0.01119	0.00545	0.00477
22	0.02015	0.02267	0.01546	0.01342	0.01661	0.57598	0.01032	0.22568	0.01798	0.01886	0.00957	0.01057	0.00753	0.00578	0.00499	0.00145	0.00864	0.00384	0.00349	0.00703
23	0.00689	0.00486	0.00642	0.00756	0.00796	0.00460	0.00521	0.00795	0.01035	0.01385	0.02845	0.67133	0.03364	0.06607	0.00813	0.00238	0.00341	0.08601	0.02056	0.00436
24	0.01308	0.01274	0.02233	0.06992	0.67905	0.01278	0.07794	0.01640	0.01219	0.01732	0.01013	0.01344	0.00841	0.00479	0.00540	0.00162	0.00664	0.00491	0.00265	0.00827
25	0.01329	0.01275	0.02179	0.03295	0.77787	0.01275	0.01647	0.01647	0.01222	0.01754	0.01010	0.01329	0.00850	0.00478	0.00531	0.00159	0.00638	0.00478	0.00266	0.00850
26	0.01198	0.01059	0.01887	0.01459	0.01763	0.01090	0.30063	0.01586	0.06258	0.08103	0.18016	0.02103	0.01883	0.00962	0.06447	0.00233	0.11943	0.00667	0.02623	0.00657
27	0.01456	0.60965	0.13039	0.01059	0.01542	0.11429	0.01079	0.01686	0.01149	0.01329	0.00786	0.00912	0.00688	0.00478	0.00384	0.00125	0.00653	0.00309	0.00235	0.00695
28	0.08253	0.06535	0.01726	0.03448	0.07994	0.03596	0.13321	0.12845	0.03078	0.03661	0.01086	0.02655	0.00871	0.00508	0.00478	0.00136	0.00571	0.00443	0.00347	0.28448
29	0.01240	0.30085	0.49437	0.01306	0.01967	0.03037	0.01577	0.01690	0.01132	0.02722	0.00903	0.01046	0.00693	0.00496	0.00452	0.00150	0.00715	0.00360	0.00235	0.00756
30	0.00715	0.00556	0.00843	0.00866	0.00949	0.00519	0.06749	0.00853	0.01093	0.01472	0.09708	0.67092	0.03464	0.01526	0.00676	0.00210	0.00355	0.01401	0.00488	0.00466
31	0.01282	0.01262	0.03412	0.03012	0.68450	0.02824	0.01545	0.01584	0.01211	0.01712	0.01167	0.07909	0.01068	0.00580	0.00543	0.00164	0.00620	0.00561	0.00285	0.00810
32	0.00932	0.00466	0.00699	0.00699	0.00699	0.00466	0.00466	0.00699	0.00699	0.00932	0.00932	0.01632	0.00932	0.01865	0.02098	0.84382	0.00466	0.00466	0.00233	0.00233
33	0.01113	0.00954	0.01113	0.00795	0.01272	0.00716	0.00636	0.01352	0.01113	0.01749	0.00954	0.01113	0.00795	0.00398	0.00398	0.00080	0.00398	0.00318	0.00318	0.84417
34	0.01475	0.76157	0.02733	0.00939	0.01397	0.02094	0.00925	0.06540	0.01186	0.01403	0.00782	0.00889	0.00704	0.00472	0.00357	0.00118	0.00575	0.00300	0.00250	0.00704
35	0.00644	0.00530	0.00566	0.00587	0.00738	0.00453	0.00429	0.00778	0.01202	0.01469	0.08428	0.18742	0.60768	0.01405	0.00643	0.00187	0.00278	0.01196	0.00503	0.00453
36	0.00945	0.11888	0.06274	0.00984	0.04511	0.00866	0.00825	0.01246	0.03321	0.01826	0.34783	0.03809	0.03321	0.01046	0.00610	0.00184	0.00425	0.22092	0.00473	0.00571
37	0.01097	0.02632	0.70170	0.01610	0.02376	0.01259	0.10022	0.01702	0.01148	0.01702	0.00977	0.01168	0.00695	0.00504	0.00523	0.00171	0.00805	0.00422	0.00232	0.00786
38	0.02056	0.01433	0.01532	0.01191	0.01606	0.04189	0.00977	0.58522	0.06372	0.14411	0.01445	0.01397	0.01007	0.00649	0.00536	0.00162	0.00575	0.00494	0.00547	0.00899
39	0.00932	0.00466	0.00699	0.00699	0.00699	0.00466	0.00466	0.00699	0.00699	0.00932	0.00932	0.01632	0.00932	0.01865	0.02098	0.84382	0.00466	0.00466	0.00233	0.00233
40	0.01207	0.04397	0.67547	0.01511	0.03804	0.03647	0.01844	0.01771	0.01173	0.06749	0.01032	0.01172	0.00727	0.00520	0.00508	0.00167	0.00768	0.00404	0.00258	0.00795
41	0.02071	0.01455	0.01581	0.01212	0.01640	0.01592	0.01001	0.69910	0.02442	0.09586	0.01358	0.01333	0.00947	0.00646	0.00537	0.00162	0.00580	0.00488	0.00548	0.00913
42	0.00654	0.00467	0.00623	0.00747	0.00779	0.00436	0.00498	0.00747	0.01028	0.01370	0.02959	0.80785	0.03550	0.01682	0.00685	0.00218	0.00311	0.01526	0.00498	0.00436
43	0.01654	0.01231	0.01309	0.01110	0.01455	0.03544	0.00881	0.17822	0.48558	0.13390	0.01952	0.01801	0.01418	0.00697	0.00542	0.00174	0.00479	0.00564	0.00554	0.00865
44	0.01694	0.01152	0.08784	0.01257	0.09764	0.00979	0.00978	0.11045	0.07473	0.31789	0.13759	0.02166	0.03985	0.00734	0.00557	0.00169	0.00486	0.01888	0.00534	0.00805
45	0.84927	0.01038	0.00789	0.00706	0.01038	0.01204	0.00581	0.01578	0.00914	0.02408	0.00747	0.00872	0.00581	0.00498	0.00332	0.00166	0.00415	0.00291	0.00332	0.00581
46	0.01147	0.00811	0.00925	0.00813	0.01050	0.00800	0.00647	0.19451	0.01646	0.07043	0.23965	0.03753	0.27659	0.01077	0.00613	0.00177	0.00375	0.06891	0.00544	0.00614
47	0.01333	0.00936	0.01089	0.00982	0.01243	0.00982	0.00792	0.16069	0.20067	0.10068	0.08795	0.09189	0.06732	0.01003	0.00606	0.00190	0.00442	0.16416	0.00538	0.02530
48	0.01331	0.01419	0.02853	0.02060	0.02576	0.01364	0.62613	0.07945	0.06322	0.01893	0.01171	0.01462	0.00876	0.00485	0.00613	0.00177	0.00833	0.00610	0.00313	0.03086
49	0.00704	0.00551	0.00832	0.00867	0.00945	0.00513	0.06745	0.00829	0.01053	0.01401	0.02872	0.72091	0.05391	0.01571	0.00679	0.00214	0.00360	0.01441	0.00479	0.00460
50	0.00657	0.00468	0.00622	0.00743	0.00774	0.00438	0.00494	0.00748	0.01022	0.01362	0.02927	0.78843	0.03510	0.03678	0.00737	0.00226	0.00317	0.01507	0.00494	0.00433
51	0.01296	0.01243	0.02073	0.09923	0.54481	0.01283	0.07476	0.01794	0.11604	0.01784	0.01172	0.01440	0.00943	0.00516	0.00542	0.00166	0.00637	0.00508	0.00302	0.00817
52	0.82925	0.01035	0.00800	0.00712	0.01046	0.01194	0.00586	0.01603	0.00929	0.04246	0.00781	0.00895	0.00599	0.00502	0.00337	0.00166	0.00416	0.00297	0.00340	0.00589
53	0.01464	0.01033	0.01139	0.00995	0.01306	0.01119	0.00782	0.04564	0.49940	0.16699	0.02594	0.02384	0.11997	0.00800	0.00557	0.00178	0.00415	0.00663	0.00562	0.00809
54	0.02041	0.01504	0.01611	0.01235	0.01665	0.01665	0.01020	0.75997	0.02524	0.03383	0.01289	0.01289	0.00913	0.00644	0.00537	0.00161	0.00591	0.00483	0.00537	0.00913
55	0.00681	0.00543	0.00610	0.00598	0.00755	0.00472	0.00447	0.00859	0.01327	0.01707	0.31992	0.06851	0.48716	0.01272	0.00635	0.00178	0.00266	0.01084	0.00533	0.00472
56	0.00831	0.00651	0.00940	0.00907	0.00984	0.00789	0.00707	0.01000	0.00859	0.01259	0.01364	0.02079	0.01299	0.09089	0.60616	0.00731	0.12158	0.00573	0.02680	0.00484
57	0.00654	0.00520	0.00587	0.00621	0.00750	0.00454	0.00446	0.00789	0.01194	0.01500	0.12346	0.28561	0.46823	0.01432	0.00650	0.00191	0.00282	0.01238	0.00508	0.00454
58	0.00752	0.00548	0.00707	0.00667	0.00797	0.00503	0.00500	0.00998	0.01501	0.02110	0.73125	0.04080	0.09470	0.01113	0.00633	0.00170	0.00254	0.00981	0.00585	0.00503
59	0.84927	0.01038	0.00789	0.00706	0.01038	0.01204	0.00581	0.01578	0.00914	0.02408	0.00747	0.00872	0.00581	0.00498	0.00332	0.00166	0.00415	0.00291	0.00332	0.00581
60	0.06945	0.58311	0.15191	0.01034	0.01530	0.06497	0.01081	0.01653	0.01112	0.01415	0.00787	0.00914	0.00680	0.00476	0.00380	0.00129	0.00624	0.00309	0.00239	0.00695
61	0.02040	0.01527	0.01609	0.01238	0.01665	0.03394	0.01021	0.74345	0.02501	0.03337	0.01278	0.01282	0.00908	0.00642	0.00536	0.00161	0.00599	0.00480	0.00531	0.00906
62	0.01374	0.01172	0.01236	0.01100	0.01411	0.01353	0.00859	0.06869	0.72738	0.02308	0.02136	0.01964	0.01599	0.00724	0.00546	0.00181	0.00434	0.00600	0.00546	0.00853
63	0.01172	0.23176	0.57196	0.01369	0.02059	0.01482	0.01691	0.01668	0.01116	0.01578	0.00902	0.01063	0.00683	0.00505	0.00492	0.00157	0.02331	0.00370	0.00228	0.00762
64	0.00647	0.00544	0.00561	0.00557	0.00733	0.00459	0.00418	0.00795	0.01253	0.01521	0.12680	0.05050	0.70283	0.01333	0.00634	0.00180	0.00270	0.01117	0.00508	0.00459
65	0.02005	0.02558	0.01521	0.01383	0.01659	0.78980	0.01037	0.02143	0.01521	0.01314	0.00830	0.00968	0.00691	0.00553	0.00484	0.00138	0.00968	0.00346	0.00277	0.00622
66	0.01180	0.02810	0.18037	0.08352	0.02500	0.01299	0.42079	0.01580	0.01145	0.01591	0.01002	0.01362	0.00775	0.00607	0.00790	0.05765	0.07649	0.00542	0.00253	0.00683
67	0.01588	0.01269	0.06229	0.09509	0.43126	0.01189	0.01407	0.08011	0.01382	0.19087	0.01275	0.01436	0.00941	0.00541	0.00533	0.00163	0.00609	0.00488	0.00373	0.00843
68	0.00739	0.00548	0.00689	0.00654	0.00790	0.00498	0.00491	0.00974	0.01472	0.02039	0.65844	0.04197	0.16795	0.01140	0.00633	0.00171	0.00256	0.00997	0.00576	0.00498
69	0.04545	0.00960	0.01250	0.00963	0.01371	0.00870	0.00795	0.08974	0.01597	0.68000	0.02001	0.01758	0.01273	0.00657	0.00531	0.00165	0.00463	0.00527	0.02401	0.00896
70	0.01226	0.01259	0.05309	0.31183	0.27369	0.01293	0.14054	0.05833	0.01231	0.01681	0.01005	0.01370	0.00785	0.00523	0.00595	0.00174	0.03611	0.00501	0.00269	0.00727
71	0.01090	0.02699	0.74410	0.01621	0.06231	0.01248	0.01966	0.01697	0.01138	0.01703	0.00966	0.01143	0.00689	0.00508	0.00511	0.00169	0.00785	0.00401	0.00229	0.00796
72	0.00651	0.00478	0.00612	0.00719	0.00771	0.00438	0.00486	0.00751	0.01055	0.01381	0.03299	0.70389	0.13726	0.01637	0.00678	0.00213	0.00306	0.01472	0.00498	0.00438
73	0.02396	0.00934	0.01258	0.00965	0.01380	0.00819	0.00797	0.05153	0.01571	0.75573	0.02089	0.01808	0.01314	0.00664	0.00540	0.00166	0.00461	0.00538	0.00660	0.00914
74	0.03675	0.01053	0.11561	0.00910	0.01207	0.02494	0.00818	0.03875	0.08181	0.13445	0.39650	0.02933	0.04557	0.00889	0.00582	0.00171	0.00410	0.02408	0.00528	0.00653
75	0.81852	0.01033	0.00806	0.00715	0.01050	0.01189	0.00589	0.01617	0.00937	0.05231	0.00798	0.00908	0.00609	0.00504	0.00340	0.00166	0.00417	0.00300	0.00345	0.00594
76	0.00649	0.00486	0.00604	0.00699	0.00766	0.00440	0.00477	0.00753	0.01075	0.01389	0.03553	0.62667	0.21285	0.01605	0.00673	0.00209	0.00302	0.01432	0.00498	0.00440
77	0.69521	0.01306	0.12414	0.00918	0.03883	0.01213	0.00827	0.01599	0.00957	0.02280	0.00789	0.00927	0.00605	0.00499	0.00366	0.00166	0.00479	0.00313	0.00314	0.00622
78	0.00767	0.00575	0.00863	0.00863	0.00959	0.00671	0.00671	0.00959	0.00863	0.01246	0.01438	0.02109	0.01342	0.04026	0.79008	0.00863	0.01438	0.00575	0.00288	0.00479
79	0.01199	0.00988	0.01076	0.00986	0.01236	0.01100	0.00760	0.08253	0.47727	0.02151	0.09056	0.13218	0.06552	0.00937	0.00581	0.00185	0.00400	0.02318	0.00539	0.00737
80	0.01113	0.00954	0.01113	0.00795	0.01272	0.00716	0.00636	0.01352	0.01113	0.01749	0.00954	0.01113	0.00795	0.00398	0.00398	0.00080	0.00398	0.00318	0.00318	0.84417
81	0.00675	0.00481	0.00634	0.00730	0.00773	0.00450	0.00491	0.00786	0.01084	0.01462	0.13146	0.66562	0.03683	0.05374	0.00775	0.00226	0.00313	0.01414	0.00503	0.00440
82	0.03611	0.17581	0.02750	0.01082	0.01397	0.08393	0.05821	0.19118	0.02784	0.02001	0.02749	0.01502	0.03378	0.00784	0.04063	0.00184	0.07202	0.00472	0.14449	0.00679
83	0.01393	0.01182	0.01246	0.01104	0.01418	0.01362	0.00864	0.08861	0.70714	0.02339	0.02111	0.01944	0.01579	0.00721	0.00545	0.00180	0.00438	0.00597	0.00545	0.00855
84	0.03218	0.01380	0.05247	0.02205	0.32676	0.01356	0.13503	0.21846	0.04971	0.02228	0.01205	0.01470	0.00948	0.00558	0.00545	0.00166	0.00646	0.02055	0.02957	0.00820
85	0.01174	0.04593	0.61054	0.01601	0.02328	0.01287	0.12922	0.03847	0.01202	0.03594	0.01013	0.01194	0.00723	0.00508	0.00526	0.00170	0.00790	0.00435	0.00253	0.00787
86	0.00654	0.00467	0.00623	0.00747	0.00779	0.00436	0.00498	0.00747	0.01028	0.01370	0.02959	0.80785	0.03550	0.01682	0.00685	0.00218	0.00311	0.01526	0.00498	0.00436
87	0.00651	0.00479	0.00611	0.00717	0.00771	0.00439	0.00485	0.00751	0.01057	0.01382	0.03329	0.69498	0.14598	0.01634	0.00678	0.00213	0.00306	0.01467	0.00498	0.00439
88	0.01089	0.02688	0.73369	0.01579	0.02355	0.01254	0.06880	0.01701	0.01142	0.01701	0.00971	0.01154	0.00689	0.00506	0.00518	0.00171	0.00801	0.00412	0.00230	0.00789
89	0.01626	0.06566	0.03235	0.06863	0.04115	0.01362	0.07195	0.20281	0.25825	0.13383	0.02936	0.01637	0.01235	0.00638	0.00537	0.00169	0.00552	0.00537	0.00481	0.00828
90	0.00987	0.00598	0.00822	0.00792	0.00903	0.00627	0.00582	0.01125	0.00960	0.11793	0.03050	0.08986	0.01743	0.22914	0.40971	0.00614	0.00956	0.00708	0.00372	0.00497
91	0.04192	0.01052	0.01228	0.00999	0.01360	0.01074	0.00807	0.16170	0.21193	0.34694	0.04769	0.02042	0.06495	0.00734	0.00545	0.00170	0.00453	0.00594	0.00587	0.00843
92	0.01428	0.01644	0.06640	0.07181	0.40690	0.17736	0.13530	0.01751	0.01279	0.01629	0.00978	0.01266	0.00793	0.00495	0.00537	0.00160	0.00765	0.00470	0.00265	0.00763
93	0.01232	0.01312	0.02658	0.05076	0.21792	0.01260	0.48098	0.01630	0.01270	0.01752	0.07401	0.01629	0.01173	0.00515	0.00604	0.00174	0.00776	0.00616	0.00295	0.00734
94	0.01630	0.04907	0.01451	0.01124	0.01503	0.01467	0.00911	0.34566	0.35268	0.02659	0.01636	0.01572	0.01215	0.00654	0.00522	0.00162	0.00502	0.00517	0.00511	0.07222
95	0.00720	0.00575	0.00658	0.00631	0.00807	0.00496	0.00480	0.00908	0.01315	0.01717	0.29759	0.06063	0.42575	0.01218	0.00624	0.00174	0.00285	0.04437	0.00518	0.06040
96	0.01357	0.68689	0.09783	0.00960	0.01429	0.01934	0.00991	0.01577	0.01123	0.01363	0.05856	0.01095	0.00978	0.00506	0.00379	0.00124	0.00573	0.00343	0.00253	0.00687
97	0.01826	0.01527	0.06787	0.01357	0.03216	0.01549	0.07278	0.53694	0.10705	0.04508	0.01364	0.01384	0.00979	0.00626	0.00544	0.00166	0.00610	0.00505	0.00493	0.00881
98	0.00873	0.00475	0.00671	0.00685	0.00706	0.00464	0.00460	0.00724	0.00792	0.01051	0.01579	0.11233	0.07631	0.03829	0.01793	0.63692	0.00429	0.00654	0.01977	0.00283
99	0.01022	0.00658	0.00826	0.00762	0.00936	0.00622	0.00582	0.07352	0.01501	0.10264	0.44018	0.14617	0.09992	0.01131	0.00626	0.00179	0.00321	0.03453	0.00570	0.00569

[dist]
# distance from previous block
# <min> <max>
0	8

[block]
# block no. 5 follows, 45 sequences, length 59
# corresponding to MSA columns:
# 327-385
name=unknown_F
#
# <colnr> <probs for GDERKNQSTAVLIFYWHMCP>
#	G	D	E	R	K	N	Q	S	T	A	V	L	I	F	Y	W	H	M	C	P
0	0.04194	0.02224	0.00955	0.00900	0.02692	0.09825	0.00659	0.01473	0.03728	0.18147	0.09093	0.29067	0.12664	0.01117	0.00593	0.00182	0.00428	0.00957	0.00503	0.00601
1	0.01882	0.05317	0.17964	0.02671	0.01659	0.01134	0.01102	0.15314	0.05359	0.37311	0.03751	0.01598	0.01193	0.00631	0.00526	0.00165	0.00556	0.00501	0.00510	0.00856
2	0.01098	0.07494	0.73825	0.01493	0.02267	0.01299	0.01919	0.01694	0.01131	0.01674	0.00950	0.01117	0.00681	0.00507	0.00500	0.00167	0.00780	0.00390	0.00227	0.00787
3	0.84927	0.01038	0.00789	0.00706	0.01038	0.01204	0.00581	0.01578	0.00914	0.02408	0.00747	0.00872	0.00581	0.00498	0.00332	0.00166	0.00415	0.00291	0.00332	0.00581
4	0.03597	0.07599	0.07519	0.01068	0.01466	0.01307	0.00938	0.35239	0.01818	0.08689	0.11330	0.01679	0.01465	0.02919	0.00609	0.00164	0.02658	0.00517	0.00466	0.08953
5	0.01446	0.64984	0.07133	0.01174	0.07446	0.07402	0.01047	0.01654	0.01134	0.01331	0.00786	0.00921	0.00701	0.00470	0.00379	0.00123	0.00620	0.00313	0.00236	0.00703
6	0.02122	0.01305	0.01482	0.01139	0.01557	0.01376	0.00939	0.52324	0.02205	0.25773	0.03238	0.01511	0.01130	0.00660	0.00540	0.00163	0.00543	0.00511	0.00576	0.00904
7	0.00756	0.00549	0.00713	0.00672	0.00800	0.00505	0.00504	0.01006	0.01512	0.02134	0.75572	0.04041	0.07009	0.01104	0.00633	0.00169	0.00254	0.00975	0.00588	0.00505
8	0.02280	0.00923	0.01229	0.00958	0.01357	0.00824	0.00786	0.02592	0.07440	0.70185	0.04126	0.01899	0.01452	0.00681	0.00543	0.00167	0.00449	0.00557	0.00653	0.00898
9	0.05240	0.06767	0.61452	0.01468	0.02180	0.02923	0.05774	0.01740	0.01154	0.05074	0.00996	0.01150	0.00712	0.00511	0.00500	0.00167	0.00758	0.00404	0.00255	0.00775
10	0.07203	0.00930	0.01203	0.00947	0.01340	0.00849	0.00775	0.02533	0.07393	0.66048	0.02059	0.03474	0.01356	0.00681	0.00531	0.00168	0.00449	0.00551	0.00632	0.00879
11	0.01077	0.02777	0.78354	0.01530	0.02323	0.01247	0.01983	0.01700	0.01133	0.01700	0.00963	0.01133	0.00680	0.00510	0.00510	0.00170	0.00793	0.00397	0.00227	0.00793
12	0.22176	0.01293	0.02676	0.02532	0.01407	0.05753	0.00841	0.35448	0.03240	0.07019	0.01242	0.01305	0.00908	0.00599	0.00463	0.00158	0.00521	0.00434	0.11233	0.00752
13	0.01818	0.00886	0.01130	0.00910	0.01235	0.00835	0.00734	0.11646	0.04247	0.42531	0.25146	0.02433	0.02432	0.00797	0.00568	0.00167	0.00411	0.00667	0.00621	0.00786
14	0.00697	0.00542	0.00633	0.00619	0.00766	0.00478	0.00461	0.00888	0.01358	0.01790	0.40643	0.08747	0.37953	0.01249	0.00637	0.00177	0.00265	0.01075	0.00544	0.00478
15	0.00653	0.00470	0.00620	0.00740	0.00777	0.00437	0.00495	0.00748	0.01034	0.01373	0.03044	0.78186	0.06094	0.01671	0.00683	0.00217	0.00310	0.01512	0.00498	0.00437
16	0.01136	0.10610	0.62894	0.01486	0.02209	0.01346	0.05811	0.01747	0.04797	0.01683	0.01007	0.01165	0.00735	0.00512	0.00502	0.00166	0.00759	0.00408	0.00245	0.00782
17	0.03949	0.01527	0.01589	0.01228	0.01650	0.04166	0.01011	0.71883	0.02454	0.03293	0.01261	0.01269	0.00898	0.00638	0.00531	0.00160	0.00599	0.00474	0.00524	0.00896
18	0.00653	0.00473	0.00617	0.00732	0.00774	0.00437	0.00491	0.00749	0.01043	0.01376	0.03149	0.74988	0.09224	0.01657	0.00681	0.00215	0.00308	0.01496	0.00498	0.00437
19	0.02041	0.01504	0.01611	0.01235	0.01665	0.01665	0.01020	0.75997	0.02524	0.03383	0.01289	0.01289	0.00913	0.00644	0.00537	0.00161	0.00591	0.00483	0.00537	0.00913
20	0.01966	0.01465	0.01647	0.01259	0.01683	0.01608	0.04616	0.69741	0.02413	0.03253	0.01295	0.01322	0.00925	0.00634	0.00536	0.00161	0.00594	0.00491	0.03501	0.00889
21	0.01174	0.01186	0.01766	0.01475	0.01527	0.01596	0.08027	0.01324	0.00864	0.01330	0.00756	0.01221	0.00729	0.00965	0.03423	0.00244	0.71068	0.00487	0.00239	0.00597
22	0.01191	0.00645	0.00851	0.00745	0.00950	0.00579	0.00578	0.01428	0.01513	0.22237	0.54975	0.03474	0.06675	0.00992	0.00608	0.00169	0.00308	0.00863	0.00607	0.00612
23	0.01014	0.00954	0.01610	0.79845	0.03697	0.01193	0.01491	0.01371	0.01073	0.01371	0.00954	0.01431	0.00716	0.00537	0.00537	0.00179	0.00716	0.00477	0.00239	0.00596
24	0.01959	0.00954	0.01167	0.00947	0.01300	0.00934	0.00765	0.07143	0.18941	0.46227	0.02034	0.01856	0.01380	0.00673	0.00520	0.00164	0.00432	0.00547	0.11210	0.00846
25	0.00755	0.00549	0.00711	0.00670	0.00799	0.00504	0.00503	0.01003	0.01508	0.02124	0.74622	0.04056	0.07964	0.01108	0.00633	0.00169	0.00254	0.00977	0.00587	0.00504
26	0.00731	0.00548	0.00678	0.00645	0.00784	0.00494	0.00484	0.00958	0.01452	0.01992	0.61037	0.04274	0.21632	0.01157	0.00633	0.00172	0.00258	0.01008	0.00570	0.00494
27	0.02335	0.01032	0.01319	0.01011	0.01429	0.00964	0.00835	0.17321	0.01734	0.63174	0.01952	0.01719	0.01245	0.00660	0.00539	0.00165	0.00484	0.00528	0.00639	0.00913
28	0.01335	0.01153	0.01214	0.01092	0.01396	0.01335	0.00850	0.02852	0.76817	0.02245	0.02185	0.02003	0.01639	0.00728	0.00546	0.00182	0.00425	0.00607	0.00546	0.00850
29	0.00653	0.00470	0.00620	0.00740	0.00777	0.00437	0.00495	0.00748	0.01035	0.01373	0.03047	0.78075	0.06203	0.01670	0.00683	0.00217	0.00310	0.01512	0.00498	0.00437
30	0.84927	0.01038	0.00789	0.00706	0.01038	0.01204	0.00581	0.01578	0.00914	0.02408	0.00747	0.00872	0.00581	0.00498	0.00332	0.00166	0.00415	0.00291	0.00332	0.00581
31	0.81379	0.01047	0.00824	0.02283	0.01105	0.01214	0.00609	0.03269	0.00953	0.02410	0.00764	0.00893	0.00592	0.00502	0.00341	0.00166	0.00425	0.00299	0.00335	0.00589
32	0.01365	0.01353	0.05972	0.09498	0.34043	0.01306	0.16526	0.14941	0.01436	0.01980	0.01176	0.05757	0.00983	0.00577	0.00561	0.00170	0.00680	0.00565	0.00324	0.00787
33	0.01180	0.01233	0.04504	0.04566	0.07770	0.03008	0.14030	0.01413	0.01010	0.01493	0.00964	0.04009	0.00872	0.00748	0.01141	0.00195	0.39823	0.00520	0.04317	0.07205
34	0.84927	0.01038	0.00789	0.00706	0.01038	0.01204	0.00581	0.01578	0.00914	0.02408	0.00747	0.00872	0.00581	0.00498	0.00332	0.00166	0.00415	0.00291	0.00332	0.00581
35	0.02279	0.00885	0.01204	0.00933	0.01326	0.00767	0.00767	0.02490	0.01535	0.72197	0.08030	0.01998	0.01622	0.00698	0.00547	0.00166	0.00441	0.00574	0.00659	0.00882
36	0.08866	0.00946	0.01224	0.00946	0.01355	0.00855	0.00782	0.05341	0.01525	0.69358	0.01979	0.01732	0.01254	0.00651	0.00523	0.00166	0.00459	0.00518	0.00633	0.00887
37	0.37507	0.01094	0.01193	0.16758	0.01753	0.01229	0.00887	0.16154	0.02836	0.14185	0.01135	0.01236	0.00810	0.00565	0.00450	0.00168	0.00516	0.00410	0.00409	0.00706
38	0.02774	0.01093	0.01732	0.60469	0.07205	0.04002	0.07261	0.04160	0.03242	0.01533	0.01005	0.01410	0.00759	0.00536	0.00538	0.00176	0.00717	0.00485	0.00265	0.00638
39	0.04622	0.02817	0.01227	0.00967	0.01265	0.00909	0.04344	0.06190	0.06444	0.32235	0.06074	0.08189	0.01662	0.10967	0.00877	0.00214	0.04217	0.00647	0.00507	0.05625
40	0.08071	0.57925	0.02419	0.01027	0.01438	0.15133	0.02908	0.01693	0.01149	0.01374	0.00769	0.00902	0.00685	0.00488	0.00404	0.00127	0.02263	0.00310	0.00247	0.00668
41	0.05403	0.01396	0.02097	0.11690	0.41938	0.10140	0.13488	0.01721	0.03829	0.01702	0.01023	0.01320	0.00825	0.00499	0.00534	0.00164	0.00710	0.00483	0.00278	0.00761
42	0.00932	0.00466	0.00699	0.00699	0.00699	0.00466	0.00466	0.00699	0.00699	0.00932	0.00932	0.01632	0.00932	0.01865	0.02098	0.84382	0.00466	0.00466	0.00233	0.00233
43	0.01086	0.01078	0.01960	0.57909	0.07032	0.01243	0.16854	0.01455	0.01114	0.01460	0.00977	0.01422	0.00742	0.00528	0.00591	0.00180	0.02979	0.00509	0.00247	0.00635
44	0.05222	0.01089	0.01464	0.01266	0.01333	0.01455	0.01046	0.07107	0.00967	0.01502	0.00880	0.01331	0.00826	0.01432	0.15045	0.00335	0.56351	0.00481	0.00272	0.00594
45	0.00662	0.00473	0.00631	0.00756	0.00790	0.00442	0.00511	0.00760	0.01035	0.01379	0.02954	0.78123	0.03534	0.01675	0.00687	0.00219	0.00318	0.04114	0.00498	0.00438
46	0.00889	0.00746	0.01061	0.00992	0.01048	0.00941	0.00779	0.01036	0.00841	0.01236	0.01251	0.01997	0.01225	0.12148	0.47234	0.00637	0.24601	0.00568	0.00276	0.00493
47	0.02314	0.01064	0.01339	0.01027	0.01446	0.01013	0.00848	0.21392	0.01789	0.59026	0.01906	0.01689	0.01222	0.00659	0.00539	0.00165	0.00491	0.00525	0.00632	0.00913
48	0.84927	0.01038	0.00789	0.00706	0.01038	0.01204	0.00581	0.01578	0.00914	0.02408	0.00747	0.00872	0.00581	0.00498	0.00332	0.00166	0.00415	0.00291	0.00332	0.00581
49	0.00781	0.00520	0.00585	0.00585	0.00585	0.00520	0.00325	0.00781	0.00781	0.01041	0.01691	0.03513	0.01952	0.81135	0.02732	0.00520	0.00520	0.00781	0.00325	0.00325
50	0.01337	0.01147	0.01211	0.01086	0.01389	0.01324	0.00846	0.04301	0.73707	0.02267	0.03767	0.02031	0.01697	0.00734	0.00548	0.00181	0.00425	0.00612	0.00547	0.00844
51	0.00731	0.00548	0.00678	0.00646	0.00785	0.00494	0.00484	0.00958	0.01453	0.01994	0.61198	0.04271	0.21470	0.01157	0.00633	0.00172	0.00257	0.01007	0.00570	0.00494
52	0.00932	0.00466	0.00699	0.00699	0.00699	0.00466	0.00466	0.00699	0.00699	0.00932	0.00932	0.01632	0.00932	0.01865	0.02098	0.84382	0.00466	0.00466	0.00233	0.00233
53	0.00660	0.00479	0.00624	0.00726	0.00776	0.00443	0.00492	0.00769	0.01080	0.01435	0.08680	0.69162	0.09468	0.01613	0.00677	0.00211	0.00304	0.01454	0.00505	0.00443
54	0.02038	0.01586	0.01604	0.01247	0.01664	0.07728	0.01022	0.70205	0.02445	0.03221	0.01253	0.01264	0.00896	0.00637	0.00533	0.00159	0.00620	0.00472	0.00517	0.00890
55	0.01113	0.01225	0.05034	0.04600	0.05586	0.01121	0.45282	0.01536	0.04390	0.01729	0.09595	0.09435	0.05372	0.00700	0.00622	0.00182	0.00706	0.00757	0.00346	0.00669
56	0.01734	0.01351	0.01439	0.01173	0.01548	0.01522	0.00946	0.44259	0.34760	0.02889	0.01678	0.01599	0.01228	0.00681	0.00541	0.00170	0.00519	0.00537	0.00541	0.00885
57	0.01194	0.17237	0.43092	0.05351	0.07625	0.01427	0.07250	0.01755	0.07075	0.01650	0.01030	0.01202	0.00781	0.00512	0.00494	0.00161	0.00716	0.00420	0.00259	0.00767
58	0.02371	0.00938	0.01257	0.00967	0.01380	0.00830	0.00798	0.05005	0.03357	0.73926	0.02092	0.01814	0.01323	0.00665	0.00540	0.00166	0.00460	0.00540	0.00657	0.00912

[dist]
# distance from previous block
# <min> <max>
0	32

[block]
# block no. 6 follows, 45 sequences, length 13
# corresponding to MSA columns:
# 418-430
name=unknown_G
#
# <colnr> <probs for GDERKNQSTAVLIFYWHMCP>
#	G	D	E	R	K	N	Q	S	T	A	V	L	I	F	Y	W	H	M	C	P
0	0.04303	0.03563	0.01329	0.01220	0.07600	0.01176	0.03374	0.12629	0.31136	0.04182	0.02049	0.11171	0.05868	0.00817	0.00551	0.00174	0.00466	0.02584	0.00476	0.05332
1	0.01435	0.81458	0.02813	0.00918	0.01378	0.02124	0.00918	0.01607	0.01091	0.01263	0.00746	0.00861	0.00689	0.00459	0.00344	0.00115	0.00574	0.00287	0.00230	0.00689
2	0.01077	0.02777	0.78354	0.01530	0.02323	0.01247	0.01983	0.01700	0.01133	0.01700	0.00963	0.01133	0.00680	0.00510	0.00510	0.00170	0.00793	0.00397	0.00227	0.00793
3	0.04847	0.23428	0.19693	0.01044	0.01517	0.03288	0.01065	0.03906	0.01304	0.21615	0.07716	0.01686	0.05430	0.00635	0.00482	0.00153	0.00556	0.00488	0.00401	0.00744
4	0.01994	0.01378	0.01509	0.01179	0.01590	0.01505	0.00967	0.56446	0.12426	0.13087	0.01519	0.01456	0.01066	0.00658	0.00539	0.00165	0.00551	0.00507	0.00555	0.00904
5	0.02320	0.00933	0.01243	0.00966	0.01372	0.00834	0.00794	0.02635	0.07702	0.71941	0.02123	0.01841	0.01354	0.00670	0.00540	0.00167	0.00454	0.00545	0.00655	0.00908
6	0.01265	0.01323	0.06937	0.14635	0.61904	0.01261	0.01645	0.01609	0.01194	0.01693	0.00998	0.01331	0.00819	0.00489	0.00531	0.00163	0.00659	0.00473	0.00259	0.00809
7	0.01119	0.06169	0.65377	0.01625	0.04529	0.01298	0.09127	0.01696	0.01147	0.01684	0.00967	0.01157	0.00698	0.00501	0.00515	0.00168	0.00790	0.00417	0.00232	0.00783
8	0.01149	0.02675	0.74137	0.01499	0.02271	0.01222	0.01918	0.01750	0.01155	0.05881	0.01026	0.01171	0.00715	0.00518	0.00512	0.00170	0.00775	0.00404	0.00251	0.00800
9	0.02212	0.00917	0.01214	0.00953	0.01342	0.00827	0.00779	0.02551	0.08966	0.66498	0.06258	0.01964	0.01564	0.00694	0.00546	0.00168	0.00442	0.00570	0.00649	0.00885
10	0.01112	0.00960	0.01552	0.47354	0.10478	0.01128	0.02868	0.01407	0.01118	0.06323	0.03905	0.05294	0.04962	0.00690	0.00674	0.00183	0.08480	0.00581	0.00306	0.00627
