[name]
unknown

[dist]
# distance from previous block
# <min> <max>
3	73

[block]
# block no. 0 follows, 46 sequences, length 6
# corresponding to MSA columns:
# 103-108
name=unknown_A
#
# <colnr> <probs for GDERKNQSTAVLIFYWHMCP>
#	G	D	E	R	K	N	Q	S	T	A	V	L	I	F	Y	W	H	M	C	P
0	0.02802	0.00997	0.01468	0.11257	0.16688	0.01046	0.06549	0.08948	0.05180	0.01792	0.07667	0.12140	0.01598	0.05364	0.00742	0.00188	0.05431	0.00662	0.00365	0.09118
1	0.03162	0.04069	0.01361	0.14097	0.01706	0.03875	0.05169	0.10188	0.06897	0.06975	0.03833	0.11365	0.01388	0.04522	0.00667	0.00174	0.03669	0.00605	0.00385	0.15893
2	0.05375	0.00867	0.04008	0.00852	0.01108	0.00790	0.00683	0.08884	0.06295	0.19422	0.13593	0.14980	0.02153	0.07020	0.00771	0.03581	0.00414	0.00738	0.02813	0.05654
3	0.01031	0.00796	0.01056	0.05931	0.04924	0.00796	0.03726	0.08623	0.07797	0.04202	0.13237	0.21213	0.09212	0.05276	0.00744	0.02903	0.00422	0.00869	0.00451	0.06793
4	0.03183	0.00709	0.00928	0.03546	0.04743	0.00681	0.03454	0.01330	0.05327	0.08000	0.21964	0.07283	0.07897	0.05305	0.00647	0.00175	0.00366	0.00728	0.16955	0.06781
5	0.06354	0.00883	0.05578	0.21813	0.01783	0.00880	0.06440	0.01248	0.01089	0.01650	0.09248	0.07878	0.01634	0.04845	0.03118	0.00208	0.04304	0.02947	0.17553	0.00546

[dist]
# distance from previous block
# <min> <max>
1	5

[block]
# block no. 1 follows, 46 sequences, length 29
# corresponding to MSA columns:
# 114-130,166-177
name=unknown_B
#
# <colnr> <probs for GDERKNQSTAVLIFYWHMCP>
#	G	D	E	R	K	N	Q	S	T	A	V	L	I	F	Y	W	H	M	C	P
0	0.18596	0.13239	0.04063	0.05332	0.08660	0.05416	0.02399	0.15115	0.01426	0.19187	0.01184	0.01235	0.00856	0.00550	0.00458	0.00154	0.00557	0.00414	0.00403	0.00756
1	0.12216	0.01335	0.01864	0.04018	0.48504	0.06052	0.03523	0.12755	0.01372	0.02014	0.00992	0.01229	0.00799	0.00503	0.00499	0.00158	0.00622	0.00445	0.00310	0.00790
2	0.14002	0.11966	0.01723	0.01960	0.37932	0.02808	0.01108	0.04046	0.01122	0.01702	0.01024	0.01483	0.00934	0.12515	0.00786	0.00202	0.00567	0.00454	0.00287	0.03380
3	0.01321	0.04332	0.14713	0.02007	0.33074	0.02623	0.02606	0.16552	0.01449	0.01971	0.01679	0.01810	0.12274	0.00638	0.00530	0.00161	0.00599	0.00548	0.00342	0.00770
4	0.11815	0.00719	0.00785	0.02567	0.00999	0.00702	0.00567	0.01344	0.08941	0.11443	0.05192	0.12876	0.31318	0.03629	0.00631	0.00188	0.00355	0.02275	0.00481	0.03173
5	0.20009	0.13450	0.01575	0.01075	0.01462	0.11584	0.00898	0.39424	0.01804	0.02551	0.01016	0.01077	0.00767	0.00565	0.00450	0.00150	0.00589	0.00389	0.00407	0.00758
6	0.00741	0.00513	0.00572	0.00579	0.00607	0.00498	0.00342	0.00766	0.00847	0.01103	0.02282	0.07930	0.13308	0.65166	0.02274	0.00447	0.00465	0.00860	0.00355	0.00345
7	0.20827	0.00787	0.00843	0.00821	0.01017	0.00845	0.00639	0.01520	0.16152	0.05661	0.09564	0.14512	0.03421	0.07738	0.00731	0.00218	0.00401	0.13264	0.00464	0.00575
8	0.01285	0.66534	0.05445	0.00903	0.01306	0.01810	0.00884	0.01461	0.01067	0.01276	0.01067	0.12790	0.01097	0.00633	0.00396	0.00130	0.00535	0.00468	0.00265	0.00645
9	0.01154	0.01434	0.12217	0.16779	0.05691	0.01311	0.36536	0.01544	0.01134	0.01575	0.02763	0.01397	0.00850	0.00556	0.00751	0.00183	0.12648	0.00542	0.00257	0.00678
10	0.00890	0.00570	0.00659	0.00649	0.00823	0.00491	0.00481	0.01023	0.01199	0.12867	0.04216	0.24927	0.46610	0.01322	0.00624	0.00186	0.00305	0.01132	0.00515	0.00509
11	0.00661	0.00476	0.00649	0.00753	0.00793	0.00464	0.00516	0.00767	0.00988	0.01331	0.02691	0.69328	0.03173	0.02000	0.12371	0.00309	0.00472	0.01364	0.00460	0.00436
12	0.01556	0.69717	0.02541	0.00910	0.01356	0.01896	0.00886	0.01731	0.01139	0.12731	0.00936	0.00990	0.00772	0.00482	0.00368	0.00121	0.00548	0.00320	0.00290	0.00711
13	0.00738	0.00555	0.00768	0.00768	0.00863	0.00610	0.00579	0.00894	0.00892	0.01231	0.02034	0.02702	0.12788	0.13525	0.57777	0.00707	0.01129	0.00674	0.00319	0.00449
14	0.00771	0.12621	0.00909	0.00647	0.00859	0.00712	0.00534	0.00925	0.01187	0.01420	0.04340	0.04570	0.56806	0.01223	0.00596	0.00177	0.00340	0.10427	0.00451	0.00486
15	0.01162	0.02270	0.57218	0.01379	0.02019	0.01216	0.01646	0.12687	0.01286	0.01863	0.01056	0.01262	0.00788	0.00967	0.10632	0.00254	0.00833	0.00426	0.00276	0.00759
16	0.74521	0.01007	0.00835	0.00727	0.01064	0.01133	0.00599	0.01685	0.00978	0.12150	0.00909	0.00980	0.00667	0.00512	0.00353	0.00164	0.00414	0.00318	0.00369	0.00615
17	0.85155	0.01022	0.00777	0.00695	0.01022	0.01186	0.00573	0.01554	0.00900	0.02372	0.00736	0.00859	0.00573	0.00491	0.00327	0.00164	0.00409	0.00286	0.00327	0.00573
18	0.01123	0.00980	0.01231	0.01099	0.11128	0.00776	0.00754	0.01369	0.01110	0.01723	0.00947	0.01123	0.00790	0.00402	0.00408	0.00088	0.00422	0.00333	0.00307	0.73886
19	0.01308	0.01256	0.02146	0.03245	0.78123	0.01256	0.01622	0.01622	0.01204	0.01727	0.00994	0.01308	0.00837	0.00471	0.00523	0.00157	0.00628	0.00471	0.00262	0.00837
20	0.00653	0.00466	0.00623	0.00746	0.00780	0.00437	0.00505	0.00751	0.01020	0.01359	0.02909	0.78013	0.03478	0.01648	0.00677	0.00216	0.00314	0.04482	0.00491	0.00432
21	0.00998	0.00940	0.01586	0.80150	0.03641	0.01175	0.01468	0.01351	0.01057	0.01351	0.00940	0.01409	0.00705	0.00529	0.00529	0.00176	0.00705	0.00470	0.00235	0.00587
22	0.01278	0.01225	0.02092	0.10694	0.70909	0.01248	0.01608	0.01596	0.01190	0.01691	0.00989	0.01318	0.00825	0.00477	0.00524	0.00159	0.00635	0.00471	0.00259	0.00813
23	0.00918	0.00459	0.00689	0.00689	0.00689	0.00459	0.00459	0.00689	0.00689	0.00918	0.00918	0.01607	0.00918	0.01837	0.02066	0.84619	0.00459	0.00459	0.00230	0.00230
24	0.00755	0.00566	0.00850	0.00850	0.00944	0.00661	0.00661	0.00944	0.00850	0.01227	0.01416	0.02077	0.01322	0.03965	0.79326	0.00850	0.01416	0.00566	0.00283	0.00472
25	0.85155	0.01022	0.00777	0.00695	0.01022	0.01186	0.00573	0.01554	0.00900	0.02372	0.00736	0.00859	0.00573	0.00491	0.00327	0.00164	0.00409	0.00286	0.00327	0.00573
26	0.02189	0.00985	0.01535	0.01150	0.01580	0.00868	0.13056	0.02433	0.01470	0.65987	0.01920	0.01739	0.01226	0.00620	0.00547	0.00166	0.00522	0.00547	0.00591	0.00869
27	0.01129	0.01255	0.13747	0.00919	0.01438	0.00829	0.00858	0.04553	0.01158	0.01783	0.00955	0.01107	0.00769	0.00420	0.00415	0.00096	0.00463	0.00333	0.00308	0.67465
28	0.12122	0.54385	0.15514	0.01034	0.02858	0.03728	0.01058	0.01609	0.01072	0.01473	0.00779	0.00906	0.00666	0.00468	0.00372	0.00130	0.00593	0.00307	0.00240	0.00684

[dist]
# distance from previous block
# <min> <max>
0	1

[block]
# block no. 2 follows, 46 sequences, length 11
# corresponding to MSA columns:
# 179,180,187-195
name=unknown_C
#
# <colnr> <probs for GDERKNQSTAVLIFYWHMCP>
#	G	D	E	R	K	N	Q	S	T	A	V	L	I	F	Y	W	H	M	C	P
0	0.00807	0.00664	0.03150	0.02991	0.05130	0.00583	0.04042	0.00982	0.01154	0.04430	0.14149	0.44377	0.12873	0.01310	0.00636	0.00194	0.00366	0.01180	0.00474	0.00509
1	0.00839	0.04501	0.02623	0.03481	0.01158	0.00667	0.08833	0.01011	0.01110	0.04364	0.08635	0.52086	0.05989	0.01310	0.00634	0.00196	0.00404	0.01197	0.00454	0.00508
2	0.01350	0.01250	0.08047	0.00969	0.01453	0.01014	0.00850	0.22506	0.01490	0.02172	0.01033	0.01147	0.00806	0.00470	0.00440	0.00109	0.00479	0.00366	0.00366	0.53685
3	0.01250	0.01258	0.05529	0.14600	0.50646	0.01252	0.01487	0.01776	0.13519	0.01746	0.01172	0.01423	0.00935	0.00521	0.00526	0.00164	0.00613	0.00488	0.00301	0.00796
4	0.01447	0.66557	0.02599	0.01197	0.09748	0.08246	0.00992	0.01630	0.01123	0.01301	0.00770	0.00907	0.00696	0.00462	0.00370	0.00120	0.00604	0.00308	0.00234	0.00690
5	0.65530	0.01100	0.07077	0.00759	0.01090	0.01098	0.00666	0.01523	0.00930	0.05500	0.00914	0.01204	0.00760	0.09321	0.00608	0.00202	0.00452	0.00358	0.00332	0.00576
6	0.26650	0.03149	0.01214	0.04197	0.01401	0.01262	0.00803	0.24279	0.11802	0.12083	0.03548	0.01482	0.03196	0.00624	0.00468	0.00162	0.00475	0.00466	0.00462	0.02277
7	0.04788	0.01329	0.18367	0.01031	0.01413	0.04178	0.02681	0.10155	0.02807	0.14148	0.06901	0.14036	0.11804	0.00865	0.00552	0.00171	0.00508	0.00724	0.00442	0.03101
8	0.10603	0.10153	0.15837	0.01071	0.03366	0.05318	0.00976	0.11349	0.05679	0.04866	0.05992	0.13573	0.05092	0.00776	0.00506	0.00163	0.00524	0.00628	0.00390	0.03137
9	0.10438	0.16673	0.27964	0.01450	0.11987	0.02517	0.03024	0.06853	0.01231	0.05867	0.02970	0.01188	0.00853	0.00514	0.00460	0.00150	0.00622	0.00399	0.00299	0.04541
10	0.07455	0.23786	0.27765	0.01199	0.01705	0.13105	0.03394	0.05018	0.01205	0.01611	0.00978	0.05289	0.00837	0.00556	0.00451	0.00146	0.00674	0.00413	0.00272	0.04141

[dist]
# distance from previous block
# <min> <max>
1	12

[block]
# block no. 3 follows, 46 sequences, length 18
# corresponding to MSA columns:
# 211-228
name=unknown_D
#
# <colnr> <probs for GDERKNQSTAVLIFYWHMCP>
#	G	D	E	R	K	N	Q	S	T	A	V	L	I	F	Y	W	H	M	C	P
0	0.01343	0.11369	0.24326	0.01384	0.09016	0.01312	0.02938	0.19604	0.02752	0.03297	0.01213	0.02736	0.02188	0.03938	0.06029	0.00215	0.00681	0.00471	0.00336	0.04851
1	0.01441	0.13136	0.19870	0.01201	0.01684	0.03185	0.05113	0.23125	0.03429	0.04787	0.02860	0.01317	0.00950	0.00814	0.06632	0.00202	0.00682	0.00440	0.00360	0.08772
2	0.05830	0.21992	0.38579	0.01232	0.03446	0.01373	0.01365	0.01746	0.05151	0.08055	0.01060	0.01197	0.00807	0.02419	0.00505	0.00159	0.00636	0.00389	0.00289	0.03771
3	0.03764	0.03393	0.37348	0.03377	0.03222	0.00930	0.01237	0.01301	0.01116	0.01598	0.05922	0.11801	0.14825	0.01000	0.04717	0.00208	0.00607	0.00689	0.00331	0.02615
4	0.07368	0.29487	0.26853	0.01102	0.01636	0.01463	0.01191	0.05709	0.03776	0.10497	0.02352	0.01168	0.00861	0.00521	0.00437	0.00144	0.00595	0.00380	0.00318	0.04141
5	0.21395	0.04681	0.44319	0.01196	0.01785	0.01185	0.01385	0.01774	0.03851	0.10662	0.02494	0.01207	0.00834	0.00534	0.00462	0.00165	0.00624	0.00396	0.00316	0.00738
6	0.01018	0.06287	0.06301	0.00797	0.01087	0.03145	0.00682	0.01310	0.04176	0.06398	0.34297	0.02876	0.12504	0.00850	0.00541	0.00148	0.00375	0.00717	0.00466	0.16026
7	0.01101	0.01069	0.01691	0.61833	0.18013	0.04550	0.01479	0.01436	0.01105	0.01421	0.00945	0.01370	0.00729	0.00518	0.00525	0.00171	0.00701	0.00464	0.00242	0.00637
8	0.01373	0.72681	0.11474	0.00974	0.01464	0.01993	0.01025	0.01593	0.01079	0.01293	0.00759	0.00879	0.00677	0.00458	0.00358	0.00119	0.00590	0.00295	0.00226	0.00690
9	0.01998	0.00874	0.01161	0.00930	0.01278	0.00811	0.00757	0.05280	0.05940	0.56866	0.07162	0.01967	0.01563	0.01066	0.09572	0.00243	0.00550	0.00566	0.00595	0.00819
10	0.00732	0.00540	0.00685	0.00648	0.00780	0.00492	0.00486	0.00967	0.01459	0.02030	0.68463	0.04096	0.14425	0.01114	0.00624	0.00168	0.00252	0.00977	0.00570	0.00492
11	0.00865	0.00520	0.00677	0.00730	0.00798	0.00485	0.00492	0.00953	0.01025	0.10134	0.02588	0.57655	0.02955	0.16270	0.01031	0.00264	0.00361	0.01256	0.00478	0.00463
12	0.00748	0.00540	0.00707	0.00665	0.00790	0.00499	0.00499	0.00998	0.01496	0.02120	0.77844	0.03949	0.04988	0.01081	0.00624	0.00166	0.00249	0.00956	0.00582	0.00499
13	0.01238	0.01058	0.01129	0.01037	0.01305	0.01213	0.00797	0.02571	0.68437	0.02113	0.02239	0.11042	0.01830	0.00825	0.00554	0.00183	0.00406	0.00701	0.00533	0.00790
14	0.01496	0.70126	0.02584	0.00972	0.01398	0.13410	0.00922	0.01660	0.01136	0.01251	0.00747	0.00863	0.00679	0.00466	0.00359	0.00116	0.00622	0.00291	0.00233	0.00669
15	0.68302	0.00997	0.00869	0.00745	0.01089	0.01103	0.00614	0.01762	0.01025	0.17868	0.01011	0.01050	0.00722	0.00524	0.00369	0.00164	0.00417	0.00336	0.00394	0.00639
16	0.01385	0.75432	0.08830	0.00953	0.01431	0.02023	0.00988	0.01590	0.01078	0.01278	0.00752	0.00869	0.00678	0.00456	0.00352	0.00117	0.00583	0.00291	0.00226	0.00687
17	0.03758	0.03205	0.01563	0.01204	0.01605	0.08541	0.00985	0.62382	0.06590	0.03022	0.01257	0.01264	0.00909	0.00624	0.00516	0.00157	0.00601	0.00463	0.00496	0.00858

[dist]
# distance from previous block
# <min> <max>
0	1

[block]
# block no. 4 follows, 46 sequences, length 45
# corresponding to MSA columns:
# 230-253,256-276
name=unknown_E
#
# <colnr> <probs for GDERKNQSTAVLIFYWHMCP>
#	G	D	E	R	K	N	Q	S	T	A	V	L	I	F	Y	W	H	M	C	P
0	0.01105	0.11442	0.59215	0.01337	0.02038	0.01253	0.01649	0.01616	0.01109	0.01632	0.00923	0.01083	0.00687	0.00481	0.00468	0.00149	0.00702	0.00368	0.00236	0.12508
1	0.00770	0.00627	0.00701	0.00718	0.00889	0.00598	0.00563	0.01112	0.11584	0.01576	0.05757	0.10493	0.44881	0.01297	0.00638	0.00194	0.00336	0.16258	0.00498	0.00508
2	0.77421	0.01011	0.00819	0.00718	0.01053	0.01148	0.00592	0.01650	0.00957	0.09483	0.00862	0.00947	0.00641	0.00506	0.00346	0.00164	0.00413	0.00309	0.00358	0.00603
3	0.01230	0.01548	0.10179	0.02161	0.02719	0.01327	0.69266	0.01692	0.01235	0.01692	0.01058	0.01397	0.00790	0.00451	0.00613	0.00177	0.00881	0.00602	0.00263	0.00719
4	0.00871	0.00676	0.01039	0.01061	0.01212	0.00668	0.07842	0.01141	0.02905	0.01575	0.02639	0.15717	0.02863	0.01376	0.00708	0.00232	0.00498	0.56001	0.00468	0.00508
5	0.00720	0.00536	0.00670	0.00643	0.00774	0.00486	0.00480	0.00941	0.01421	0.01956	0.60900	0.07263	0.18949	0.01153	0.00626	0.00171	0.00255	0.01009	0.00561	0.00486
6	0.00653	0.00537	0.00575	0.00565	0.00731	0.00458	0.00424	0.00814	0.01272	0.01587	0.22037	0.04826	0.61128	0.01279	0.00625	0.00176	0.00264	0.01079	0.00512	0.00458
7	0.00644	0.00460	0.00613	0.00736	0.00767	0.00429	0.00491	0.00736	0.01012	0.01350	0.02914	0.81076	0.03497	0.01656	0.00675	0.00215	0.00307	0.01503	0.00491	0.00429
8	0.01765	0.01338	0.01832	0.01387	0.01805	0.01399	0.18212	0.46730	0.02001	0.09704	0.01423	0.07383	0.01111	0.00670	0.00562	0.00168	0.00620	0.00593	0.00477	0.00821
9	0.00644	0.00460	0.00613	0.00736	0.00767	0.00429	0.00491	0.00736	0.01012	0.01350	0.02914	0.81076	0.03497	0.01656	0.00675	0.00215	0.00307	0.01503	0.00491	0.00429
10	0.00625	0.00536	0.00536	0.00536	0.00714	0.00446	0.00402	0.00759	0.01205	0.01428	0.05355	0.05088	0.77909	0.01339	0.00625	0.00179	0.00268	0.01116	0.00491	0.00446
11	0.00683	0.00506	0.00637	0.00673	0.00767	0.00460	0.00478	0.00845	0.01241	0.01673	0.33491	0.36810	0.17053	0.01369	0.00645	0.00189	0.00277	0.01215	0.00527	0.00460
12	0.01440	0.01419	0.02036	0.05755	0.56830	0.12561	0.05222	0.01731	0.01257	0.05220	0.01021	0.01289	0.00830	0.00491	0.00522	0.00156	0.00683	0.00463	0.00281	0.00792
13	0.09113	0.00978	0.01562	0.65077	0.10595	0.01184	0.01397	0.01397	0.01056	0.01485	0.00925	0.01347	0.00705	0.00519	0.00509	0.00173	0.00669	0.00452	0.00246	0.00610
14	0.01716	0.00984	0.01190	0.01052	0.04854	0.00996	0.00798	0.10285	0.23177	0.32354	0.05185	0.02111	0.07264	0.00728	0.00535	0.00166	0.00432	0.00601	0.04763	0.00808
15	0.01027	0.00969	0.01638	0.72965	0.10600	0.01182	0.01483	0.01376	0.01071	0.01386	0.00945	0.01400	0.00717	0.00523	0.00528	0.00174	0.00698	0.00470	0.00237	0.00611
16	0.00712	0.00552	0.00650	0.00623	0.00773	0.00496	0.00468	0.00943	0.03053	0.01849	0.47518	0.04355	0.33738	0.01175	0.00622	0.00171	0.00260	0.01011	0.00545	0.00486
17	0.01237	0.01183	0.02017	0.20943	0.60983	0.01237	0.01587	0.01560	0.01170	0.01640	0.00982	0.01332	0.00807	0.00484	0.00525	0.00161	0.00646	0.00471	0.00256	0.00780
18	0.02268	0.00887	0.01200	0.00930	0.01322	0.00775	0.00764	0.02502	0.03132	0.73034	0.05878	0.01911	0.01499	0.00677	0.00536	0.00164	0.00439	0.00554	0.00648	0.00878
19	0.00643	0.00462	0.00611	0.00730	0.00765	0.00430	0.00488	0.00737	0.01018	0.01352	0.02991	0.78668	0.05854	0.01646	0.00673	0.00214	0.00305	0.01491	0.00491	0.00430
20	0.00748	0.00540	0.00707	0.00665	0.00790	0.00499	0.00499	0.00998	0.01496	0.02120	0.77844	0.03949	0.04988	0.01081	0.00624	0.00166	0.00249	0.00956	0.00582	0.00499
21	0.01292	0.01261	0.02044	0.13686	0.65016	0.04230	0.01578	0.01604	0.01195	0.01659	0.00980	0.01309	0.00813	0.00482	0.00522	0.00159	0.00651	0.00466	0.00258	0.00795
22	0.01428	0.79726	0.02738	0.00916	0.01364	0.04054	0.00908	0.01596	0.01085	0.01245	0.00737	0.00851	0.00678	0.00455	0.00343	0.00114	0.00575	0.00284	0.00227	0.00677
23	0.01454	0.01181	0.03779	0.05545	0.55756	0.01128	0.01416	0.01754	0.01266	0.15555	0.05034	0.01528	0.01121	0.00537	0.00530	0.00160	0.00584	0.00504	0.00346	0.00821
24	0.01177	0.00988	0.01654	0.54705	0.16864	0.01132	0.02880	0.01502	0.01129	0.08633	0.01122	0.03952	0.00876	0.00564	0.00534	0.00173	0.00658	0.00512	0.00288	0.00659
25	0.01755	0.01035	0.04842	0.01178	0.08685	0.02253	0.00888	0.09968	0.04318	0.38074	0.13592	0.06043	0.01905	0.00761	0.00554	0.00167	0.00467	0.02181	0.00549	0.00787
26	0.02243	0.00943	0.01233	0.00964	0.01361	0.00862	0.00790	0.04674	0.10067	0.67783	0.02070	0.01804	0.01332	0.00661	0.00532	0.00165	0.00450	0.00538	0.00638	0.00893
27	0.02287	0.00973	0.08499	0.01231	0.11880	0.03695	0.00892	0.01283	0.08023	0.01641	0.09752	0.27143	0.07273	0.01128	0.00612	0.00192	0.00452	0.12025	0.00435	0.00583
28	0.01423	0.13939	0.47325	0.01305	0.01929	0.07653	0.01512	0.01859	0.01213	0.15413	0.01111	0.01187	0.00787	0.00526	0.00482	0.00156	0.00704	0.00396	0.00305	0.00774
29	0.10053	0.00997	0.01238	0.00958	0.01362	0.00942	0.00791	0.13357	0.01599	0.60299	0.01839	0.01633	0.01179	0.00636	0.00512	0.00163	0.00465	0.00501	0.00605	0.00869
30	0.00768	0.00514	0.00584	0.00584	0.00587	0.00517	0.00330	0.00774	0.00771	0.01031	0.01659	0.03420	0.01905	0.79222	0.04866	0.00522	0.00538	0.00763	0.00319	0.00325
31	0.85155	0.01022	0.00777	0.00695	0.01022	0.01186	0.00573	0.01554	0.00900	0.02372	0.00736	0.00859	0.00573	0.00491	0.00327	0.00164	0.00409	0.00286	0.00327	0.00573
32	0.03125	0.02874	0.03189	0.01037	0.01410	0.01235	0.00847	0.17401	0.37405	0.06903	0.01675	0.02946	0.01269	0.00639	0.00502	0.00155	0.00459	0.00515	0.00483	0.15930
33	0.00755	0.00566	0.00850	0.00850	0.00944	0.00661	0.00661	0.00944	0.00850	0.01227	0.01416	0.02077	0.01322	0.03965	0.79326	0.00850	0.01416	0.00566	0.00283	0.00472
34	0.00737	0.00540	0.00691	0.00653	0.00783	0.00494	0.00490	0.00975	0.01469	0.02055	0.71072	0.04055	0.11801	0.01105	0.00624	0.00167	0.00251	0.00971	0.00573	0.00494
35	0.01060	0.02735	0.78682	0.01507	0.02288	0.01228	0.01953	0.01674	0.01116	0.01674	0.00949	0.01116	0.00670	0.00502	0.00502	0.00167	0.00781	0.00391	0.00223	0.00781
36	0.01489	0.01078	0.03916	0.00934	0.01308	0.00990	0.00774	0.25402	0.02821	0.11562	0.01482	0.09034	0.01219	0.00657	0.00483	0.00137	0.00449	0.00534	0.09912	0.25817
37	0.00782	0.00607	0.00731	0.00759	0.00906	0.00584	0.00600	0.01096	0.08542	0.01674	0.18289	0.13078	0.26887	0.01298	0.00652	0.00199	0.00345	0.21955	0.00512	0.00504
38	0.01568	0.00978	0.01370	0.01079	0.01408	0.00958	0.10465	0.16379	0.05972	0.24700	0.26452	0.02357	0.02378	0.00766	0.00573	0.00166	0.00466	0.00675	0.00550	0.00741
39	0.78933	0.01002	0.00805	0.03733	0.01114	0.01161	0.00604	0.01526	0.00927	0.02324	0.03487	0.00990	0.00735	0.00513	0.00345	0.00164	0.00415	0.00317	0.00333	0.00570
40	0.01423	0.60163	0.07316	0.01046	0.01494	0.08407	0.03855	0.01742	0.07634	0.01375	0.00889	0.00992	0.00763	0.00486	0.00389	0.00127	0.00611	0.00334	0.00258	0.00694
41	0.04621	0.00835	0.01018	0.03118	0.01209	0.00823	0.00718	0.10573	0.07035	0.23042	0.16162	0.07480	0.10187	0.00928	0.00575	0.00175	0.00407	0.07978	0.00542	0.02574
42	0.11804	0.04528	0.09001	0.08084	0.10867	0.18019	0.01145	0.21501	0.06521	0.02114	0.01055	0.01185	0.00806	0.00556	0.00484	0.00156	0.00664	0.00416	0.00353	0.00741
43	0.01514	0.67974	0.02559	0.00969	0.01405	0.07956	0.00923	0.08801	0.01242	0.01448	0.00793	0.00897	0.00700	0.00477	0.00368	0.00119	0.00597	0.00306	0.00259	0.00695
44	0.05236	0.02933	0.08926	0.20603	0.30151	0.04671	0.01384	0.08799	0.01290	0.04865	0.01072	0.01409	0.00853	0.00540	0.00511	0.00162	0.00641	0.02524	0.00304	0.03126

[dist]
# distance from previous block
# <min> <max>
2	20

[block]
# block no. 5 follows, 46 sequences, length 11
# corresponding to MSA columns:
# 298-308
name=unknown_F
#
# <colnr> <probs for GDERKNQSTAVLIFYWHMCP>
#	G	D	E	R	K	N	Q	S	T	A	V	L	I	F	Y	W	H	M	C	P
0	0.06314	0.00505	0.00614	0.00704	0.00760	0.00490	0.00474	0.00816	0.00994	0.01420	0.02679	0.63772	0.05084	0.08124	0.00804	0.00231	0.00327	0.01306	0.04147	0.00433
1	0.01328	0.01121	0.06758	0.42787	0.16411	0.01128	0.01379	0.04328	0.01221	0.14788	0.01202	0.01538	0.00891	0.00563	0.00531	0.00171	0.00643	0.02177	0.00327	0.00708
2	0.64639	0.01066	0.06343	0.00780	0.01099	0.01099	0.00686	0.01458	0.00907	0.02125	0.00868	0.01087	0.00708	0.01089	0.13931	0.00282	0.00609	0.00342	0.00312	0.00570
3	0.00968	0.00589	0.00777	0.00702	0.00866	0.00537	0.00537	0.01212	0.01499	0.12469	0.67578	0.03658	0.04490	0.01023	0.00611	0.00166	0.00277	0.00899	0.00592	0.00553
4	0.09198	0.01081	0.01555	0.45008	0.13023	0.01256	0.01286	0.15678	0.01335	0.01892	0.01012	0.01332	0.00765	0.00540	0.00504	0.00168	0.00630	0.00454	0.02604	0.00677
5	0.01933	0.00889	0.01144	0.00921	0.01266	0.00831	0.00744	0.04577	0.12165	0.52356	0.15105	0.02177	0.01972	0.00736	0.00548	0.00166	0.00415	0.00612	0.00622	0.00822
6	0.00930	0.00583	0.00696	0.00643	0.00803	0.00521	0.00473	0.01090	0.01274	0.12044	0.29685	0.03963	0.28896	0.14934	0.00967	0.00230	0.00328	0.00921	0.00516	0.00504
7	0.00885	0.00699	0.00746	0.00675	0.00887	0.00661	0.00523	0.13808	0.01477	0.01877	0.17394	0.04231	0.51842	0.01172	0.00608	0.00173	0.00319	0.00978	0.00513	0.00533
8	0.01025	0.00604	0.00638	0.00596	0.00732	0.00615	0.00437	0.08974	0.01224	0.01939	0.06898	0.02411	0.04730	0.14581	0.00813	0.00199	0.00328	0.00595	0.52158	0.00504
9	0.01202	0.00939	0.01056	0.00831	0.01209	0.00850	0.00657	0.03768	0.19320	0.04516	0.01383	0.01453	0.01080	0.00515	0.00432	0.00114	0.00385	0.00417	0.11773	0.48099
10	0.12929	0.01389	0.01391	0.14869	0.08168	0.16860	0.01025	0.10168	0.16999	0.09166	0.01285	0.01372	0.00958	0.00584	0.00493	0.00162	0.00612	0.00452	0.00391	0.00726

[dist]
# distance from previous block
# <min> <max>
0	15

[block]
# block no. 6 follows, 46 sequences, length 7
# corresponding to MSA columns:
# 324-330
name=unknown_G
#
# <colnr> <probs for GDERKNQSTAVLIFYWHMCP>
#	G	D	E	R	K	N	Q	S	T	A	V	L	I	F	Y	W	H	M	C	P
0	0.01037	0.20414	0.38263	0.01131	0.01631	0.01206	0.01284	0.01420	0.01152	0.01600	0.13213	0.12342	0.01732	0.00738	0.00507	0.00161	0.00583	0.00605	0.00316	0.00665
1	0.85155	0.01022	0.00777	0.00695	0.01022	0.01186	0.00573	0.01554	0.00900	0.02372	0.00736	0.00859	0.00573	0.00491	0.00327	0.00164	0.00409	0.00286	0.00327	0.00573
2	0.01261	0.00710	0.00830	0.00725	0.00874	0.00699	0.00504	0.10131	0.01162	0.17867	0.01857	0.02851	0.04671	0.48198	0.01799	0.00367	0.00487	0.00686	0.03796	0.00524
3	0.00679	0.00497	0.00606	0.00657	0.00726	0.00458	0.00444	0.00787	0.01082	0.01427	0.14905	0.40250	0.17948	0.15825	0.01019	0.00254	0.00327	0.01210	0.00474	0.00424
4	0.01780	0.01195	0.01349	0.01070	0.01427	0.01270	0.00869	0.49009	0.02051	0.13513	0.07557	0.07384	0.01483	0.00878	0.03825	0.00190	0.00546	0.00595	0.00531	0.03478
5	0.01521	0.23810	0.12669	0.01246	0.04641	0.22921	0.02936	0.06894	0.03510	0.03872	0.02973	0.01221	0.02471	0.00541	0.00456	0.00137	0.00680	0.00396	0.00304	0.06802
6	0.01115	0.00821	0.00938	0.00818	0.01037	0.05602	0.02761	0.07062	0.01421	0.10475	0.29729	0.10416	0.14853	0.04160	0.00668	0.00178	0.00389	0.00849	0.00506	0.06204

[dist]
# distance from previous block
# <min> <max>
0	3

[block]
# block no. 7 follows, 46 sequences, length 13
# corresponding to MSA columns:
# 334-346
name=unknown_H
#
# <colnr> <probs for GDERKNQSTAVLIFYWHMCP>
#	G	D	E	R	K	N	Q	S	T	A	V	L	I	F	Y	W	H	M	C	P
0	0.03174	0.09362	0.01566	0.06775	0.03853	0.02892	0.02394	0.36836	0.01834	0.11230	0.05871	0.03733	0.01355	0.00709	0.00531	0.00164	0.00552	0.05928	0.00469	0.00773
1	0.00941	0.00575	0.00772	0.03100	0.00963	0.00559	0.00596	0.01098	0.04255	0.10229	0.04007	0.43521	0.02723	0.06487	0.00910	0.08076	0.00387	0.09843	0.00470	0.00488
2	0.01305	0.01237	0.04394	0.10250	0.46305	0.01226	0.07184	0.01806	0.12147	0.05257	0.01249	0.01541	0.00998	0.00541	0.00538	0.00166	0.00619	0.02119	0.00321	0.00796
3	0.75489	0.01013	0.00870	0.09821	0.01323	0.01185	0.00675	0.01531	0.00918	0.02255	0.00759	0.00922	0.00588	0.00495	0.00350	0.00165	0.00443	0.00307	0.00317	0.00574
4	0.00784	0.00540	0.00693	0.00677	0.00801	0.00492	0.00499	0.00989	0.01375	0.05106	0.52941	0.18726	0.11986	0.01199	0.00630	0.00177	0.00271	0.01059	0.00558	0.00497
5	0.01203	0.01761	0.25132	0.01980	0.13877	0.03231	0.32198	0.01646	0.01191	0.01686	0.01001	0.01266	0.00763	0.00463	0.00542	0.00159	0.00763	0.00488	0.00259	0.10391
6	0.01157	0.01157	0.01619	0.01388	0.01388	0.01619	0.01157	0.01272	0.00810	0.01272	0.00694	0.01157	0.00694	0.00925	0.01735	0.00231	0.80453	0.00463	0.00231	0.00578
7	0.01024	0.00611	0.00738	0.00665	0.00871	0.00532	0.00513	0.01214	0.01374	0.17309	0.31080	0.04006	0.35828	0.01106	0.00605	0.00171	0.00298	0.00939	0.00557	0.00557
8	0.00707	0.00539	0.00650	0.00622	0.00765	0.00481	0.00467	0.00919	0.01400	0.01891	0.53842	0.04326	0.29133	0.01166	0.00624	0.00170	0.00255	0.01009	0.00552	0.00481
9	0.00668	0.00481	0.00641	0.00734	0.00777	0.00466	0.00500	0.00772	0.00996	0.01339	0.04850	0.62557	0.05084	0.06570	0.10596	0.00309	0.00454	0.01318	0.00458	0.00431
10	0.00664	0.00475	0.00634	0.00745	0.00788	0.00445	0.00512	0.00776	0.01059	0.01419	0.08385	0.71059	0.03579	0.01603	0.00674	0.00213	0.00313	0.05722	0.00497	0.00438
11	0.02010	0.01481	0.01587	0.01216	0.01639	0.01639	0.01005	0.76360	0.02486	0.03332	0.01269	0.01269	0.00899	0.00635	0.00529	0.00159	0.00582	0.00476	0.00529	0.00899
12	0.01322	0.01528	0.08467	0.02059	0.02599	0.01364	0.62138	0.10268	0.01380	0.01880	0.01084	0.01385	0.00804	0.00471	0.00604	0.00175	0.00848	0.00590	0.00294	0.00739

[dist]
# distance from previous block
# <min> <max>
0	30

[block]
# block no. 8 follows, 46 sequences, length 7
# corresponding to MSA columns:
# 377-383
name=unknown_I
#
# <colnr> <probs for GDERKNQSTAVLIFYWHMCP>
#	G	D	E	R	K	N	Q	S	T	A	V	L	I	F	Y	W	H	M	C	P
0	0.01601	0.00886	0.01055	0.00879	0.01159	0.03813	0.00695	0.07868	0.07895	0.33032	0.29505	0.02569	0.02633	0.03210	0.00627	0.00175	0.00406	0.00687	0.00584	0.00720
1	0.11708	0.00774	0.00961	0.00890	0.01068	0.00888	0.00706	0.13383	0.01124	0.01718	0.01305	0.01789	0.01157	0.02977	0.56351	0.00649	0.01151	0.00516	0.00329	0.00555
2	0.04568	0.01202	0.07294	0.33605	0.22890	0.01192	0.01381	0.08364	0.01281	0.11515	0.01123	0.01377	0.00827	0.00535	0.00518	0.00167	0.00635	0.00466	0.00325	0.00736
3	0.39369	0.05146	0.01304	0.00980	0.01364	0.06978	0.07030	0.10528	0.01253	0.09540	0.00989	0.01082	0.00741	0.00509	0.00415	0.00149	0.00519	0.00368	0.00367	0.11369
4	0.03807	0.01329	0.03724	0.01613	0.14960	0.03847	0.10627	0.29885	0.03526	0.12999	0.07175	0.01567	0.01242	0.00611	0.00540	0.00162	0.00595	0.00530	0.00449	0.00812
5	0.29002	0.09496	0.01565	0.07439	0.01651	0.03486	0.10428	0.20100	0.03485	0.02234	0.01167	0.03581	0.03086	0.00586	0.00461	0.00162	0.00561	0.00461	0.00366	0.00684
6	0.78408	0.00984	0.00758	0.00682	0.00998	0.01127	0.00559	0.01491	0.00924	0.02297	0.01105	0.01196	0.06745	0.00558	0.00351	0.00165	0.00398	0.00352	0.00340	0.00562

[dist]
# distance from previous block
# <min> <max>
0	1

[block]
# block no. 9 follows, 46 sequences, length 12
# corresponding to MSA columns:
# 385-395,397
name=unknown_J
#
# <colnr> <probs for GDERKNQSTAVLIFYWHMCP>
#	G	D	E	R	K	N	Q	S	T	A	V	L	I	F	Y	W	H	M	C	P
0	0.11646	0.01329	0.05042	0.01869	0.06393	0.01222	0.48567	0.01811	0.01240	0.13861	0.01181	0.01399	0.00851	0.00487	0.00564	0.00173	0.00745	0.00552	0.00334	0.00734
1	0.14224	0.00936	0.01134	0.00914	0.01270	0.00899	0.00741	0.10956	0.01482	0.49678	0.01886	0.10634	0.01402	0.00742	0.00518	0.00169	0.00443	0.00600	0.00573	0.00798
2	0.00691	0.00510	0.00627	0.00691	0.00770	0.00473	0.00492	0.00810	0.01082	0.01405	0.08569	0.37291	0.20668	0.12975	0.00956	0.00249	0.00346	0.10493	0.00472	0.00430
3	0.00984	0.00592	0.00805	0.00843	0.00970	0.00566	0.00679	0.01129	0.01158	0.10238	0.07304	0.14224	0.06992	0.04877	0.00936	0.10515	0.00430	0.35798	0.00474	0.00486
4	0.11789	0.01618	0.01542	0.09766	0.16044	0.26623	0.02550	0.10418	0.11254	0.01871	0.01083	0.01233	0.00848	0.00553	0.00489	0.00157	0.00687	0.00426	0.00337	0.00711
5	0.15445	0.01387	0.01328	0.01172	0.05757	0.12448	0.00874	0.35405	0.01742	0.07222	0.01201	0.01459	0.00961	0.10434	0.00752	0.00200	0.00592	0.00464	0.00426	0.00731
6	0.11091	0.01822	0.10439	0.06432	0.27601	0.28094	0.01304	0.04230	0.01294	0.01677	0.00905	0.01118	0.00729	0.00511	0.00483	0.00153	0.00735	0.00396	0.00276	0.00711
7	0.01844	0.01067	0.01513	0.01179	0.01555	0.01041	0.11993	0.20196	0.03889	0.35542	0.01853	0.11213	0.01443	0.00758	0.00566	0.00173	0.00530	0.02299	0.00540	0.00804
8	0.02828	0.01009	0.01724	0.33284	0.21948	0.01082	0.09820	0.01464	0.01143	0.06972	0.01368	0.11177	0.02558	0.00665	0.00554	0.00175	0.00626	0.00626	0.00313	0.00665
9	0.01367	0.01168	0.02004	0.17480	0.49924	0.01192	0.06780	0.01685	0.01214	0.10402	0.01114	0.01392	0.00863	0.00501	0.00532	0.00163	0.00641	0.00489	0.00302	0.00788
10	0.11060	0.06380	0.01014	0.00877	0.01026	0.00735	0.06843	0.01000	0.01025	0.01498	0.02309	0.50031	0.04341	0.01446	0.05096	0.00235	0.00455	0.03714	0.00422	0.00493
11	0.02097	0.00874	0.01175	0.00930	0.01286	0.00796	0.00757	0.06006	0.01453	0.62414	0.01947	0.01869	0.01313	0.04076	0.10213	0.00260	0.00577	0.00542	0.00590	0.00826

[dist]
# distance from previous block
# <min> <max>
0	1

[block]
# block no. 10 follows, 46 sequences, length 42
# corresponding to MSA columns:
# 399-403,407-443
name=unknown_K
#
# <colnr> <probs for GDERKNQSTAVLIFYWHMCP>
#	G	D	E	R	K	N	Q	S	T	A	V	L	I	F	Y	W	H	M	C	P
0	0.01087	0.02242	0.59612	0.01332	0.01988	0.01074	0.01621	0.01592	0.01124	0.05585	0.01212	0.09521	0.01009	0.00621	0.00512	0.00164	0.00680	0.00507	0.00281	0.08235
1	0.04762	0.04851	0.06967	0.22690	0.07413	0.01226	0.30916	0.01629	0.01179	0.08452	0.01153	0.04333	0.00900	0.00539	0.00553	0.00172	0.00722	0.00554	0.00299	0.00690
2	0.01376	0.74529	0.02665	0.07976	0.01561	0.02010	0.00955	0.01562	0.01073	0.01253	0.00753	0.00898	0.00681	0.00459	0.00356	0.00119	0.00578	0.00299	0.00227	0.00670
3	0.01060	0.02735	0.78682	0.01507	0.02288	0.01228	0.01953	0.01674	0.01116	0.01674	0.00949	0.01116	0.00670	0.00502	0.00502	0.00167	0.00781	0.00391	0.00223	0.00781
4	0.01767	0.01672	0.16532	0.01372	0.03622	0.10418	0.09310	0.24360	0.01677	0.19623	0.01358	0.03601	0.00984	0.00607	0.00533	0.00163	0.00661	0.00501	0.00432	0.00808
5	0.01210	0.00767	0.01109	0.00981	0.02906	0.00723	0.07390	0.04790	0.03808	0.18085	0.29542	0.12428	0.07013	0.00997	0.00608	0.00178	0.00402	0.05900	0.00536	0.00627
6	0.00734	0.00517	0.00670	0.00690	0.00788	0.00474	0.00495	0.00914	0.01290	0.03389	0.42501	0.33830	0.09102	0.01311	0.00641	0.00186	0.00277	0.01169	0.00542	0.00477
7	0.01093	0.00822	0.03284	0.10912	0.07946	0.00777	0.02576	0.01411	0.06286	0.12512	0.09844	0.13065	0.15740	0.01013	0.00602	0.00186	0.00449	0.10413	0.00461	0.00611
8	0.10577	0.01141	0.01318	0.01190	0.08152	0.05081	0.00878	0.15824	0.07752	0.37613	0.01740	0.01632	0.03428	0.00638	0.00510	0.00162	0.00503	0.00504	0.00529	0.00827
9	0.01872	0.01335	0.01450	0.01139	0.01517	0.01461	0.00928	0.62054	0.05051	0.06948	0.01461	0.06177	0.01134	0.02338	0.00578	0.00169	0.00543	0.00551	0.02445	0.00848
10	0.73704	0.01183	0.00879	0.03018	0.01163	0.09702	0.00647	0.01609	0.00969	0.02225	0.00751	0.00885	0.00588	0.00498	0.00349	0.00161	0.00477	0.00297	0.00319	0.00577
11	0.00663	0.00528	0.00594	0.00595	0.00742	0.00460	0.00440	0.00825	0.01267	0.01619	0.25992	0.13262	0.48548	0.01300	0.00630	0.00179	0.00267	0.01113	0.00517	0.00460
12	0.01096	0.00940	0.01096	0.00783	0.01253	0.00705	0.00626	0.01331	0.01096	0.01723	0.00940	0.01096	0.00783	0.00392	0.00392	0.00078	0.00392	0.00313	0.00313	0.84653
13	0.00891	0.00656	0.00896	0.00857	0.00978	0.00747	0.00661	0.08792	0.01017	0.01441	0.01428	0.02114	0.01332	0.10472	0.62909	0.00735	0.01228	0.00574	0.01768	0.00503
14	0.01333	0.01144	0.01205	0.01079	0.01381	0.01323	0.00841	0.04696	0.75253	0.02240	0.02129	0.01954	0.01595	0.00715	0.00538	0.00179	0.00423	0.00595	0.00538	0.00838
15	0.00628	0.00533	0.00543	0.00546	0.00718	0.00447	0.00407	0.00763	0.01204	0.01441	0.06912	0.08040	0.73329	0.01345	0.00627	0.00180	0.00269	0.01127	0.00493	0.00447
16	0.00656	0.00532	0.00582	0.00580	0.00736	0.00458	0.00431	0.00816	0.01265	0.01594	0.23099	0.09371	0.55442	0.01294	0.00627	0.00178	0.00266	0.01100	0.00513	0.00458
17	0.01044	0.01016	0.01810	0.66824	0.06506	0.01199	0.11304	0.01407	0.01088	0.01411	0.00959	0.01408	0.00723	0.00515	0.00541	0.00176	0.00726	0.00490	0.00240	0.00614
18	0.01642	0.00972	0.01154	0.00956	0.01296	0.00974	0.00761	0.04201	0.31523	0.30531	0.10278	0.02022	0.01772	0.00700	0.00531	0.00162	0.00413	0.00582	0.00564	0.08969
19	0.76578	0.01010	0.00824	0.00721	0.01056	0.01144	0.00594	0.01660	0.00963	0.10259	0.00876	0.00956	0.00649	0.00508	0.00348	0.00164	0.00413	0.00312	0.00361	0.00606
20	0.01384	0.01040	0.03503	0.01302	0.11691	0.01032	0.00924	0.25249	0.04220	0.09068	0.04887	0.22324	0.01979	0.00972	0.00589	0.00183	0.00484	0.07978	0.00484	0.00709
21	0.00652	0.00466	0.00622	0.00745	0.00779	0.00436	0.00504	0.00749	0.01020	0.01358	0.02909	0.78285	0.03480	0.01649	0.00677	0.00216	0.00313	0.04218	0.00491	0.00432
22	0.01257	0.01356	0.11403	0.09345	0.05575	0.01166	0.33153	0.01791	0.10638	0.08584	0.05409	0.04362	0.02228	0.00600	0.00578	0.00175	0.00689	0.00616	0.00354	0.00722
23	0.09164	0.30088	0.01892	0.01142	0.02773	0.30146	0.00940	0.11694	0.04715	0.01689	0.00902	0.01000	0.00742	0.00525	0.00425	0.00136	0.00690	0.00347	0.00306	0.00684
24	0.01406	0.03521	0.08861	0.01123	0.01490	0.01245	0.04290	0.17632	0.33329	0.06513	0.11605	0.01993	0.03194	0.00715	0.00543	0.00169	0.00490	0.00597	0.00496	0.00787
25	0.01134	0.00971	0.01151	0.03038	0.01341	0.00794	0.00687	0.04479	0.01142	0.01762	0.00944	0.01115	0.00782	0.00427	0.00455	0.00091	0.03612	0.00330	0.00317	0.75428
26	0.81828	0.01041	0.00809	0.00716	0.01047	0.01204	0.00590	0.04548	0.00963	0.02410	0.00757	0.00875	0.00586	0.00496	0.00335	0.00163	0.00416	0.00294	0.00335	0.00586
27	0.85155	0.01022	0.00777	0.00695	0.01022	0.01186	0.00573	0.01554	0.00900	0.02372	0.00736	0.00859	0.00573	0.00491	0.00327	0.00164	0.00409	0.00286	0.00327	0.00573
28	0.01310	0.03174	0.15258	0.01708	0.15352	0.13124	0.12173	0.03437	0.15235	0.01791	0.08157	0.01749	0.01369	0.00621	0.00543	0.00166	0.00663	0.03089	0.00350	0.00731
29	0.01245	0.01301	0.04984	0.15933	0.04425	0.01268	0.40509	0.10352	0.04723	0.01821	0.01250	0.07403	0.01031	0.00588	0.00589	0.00177	0.00746	0.00632	0.00319	0.00702
30	0.77735	0.01063	0.00849	0.00742	0.01077	0.01226	0.00611	0.08230	0.01041	0.02458	0.00784	0.00895	0.00602	0.00504	0.00345	0.00163	0.00424	0.00303	0.00345	0.00602
31	0.00751	0.00509	0.00578	0.00589	0.00600	0.00502	0.00339	0.00765	0.00810	0.01072	0.01942	0.10459	0.05453	0.70729	0.02419	0.00471	0.00483	0.00850	0.00343	0.00336
32	0.01764	0.09302	0.01641	0.01294	0.06130	0.18599	0.04747	0.26880	0.06215	0.09021	0.01257	0.01320	0.00940	0.00583	0.00490	0.00149	0.00630	0.00448	0.07829	0.00762
33	0.00750	0.00508	0.00588	0.00600	0.00614	0.00501	0.00352	0.00779	0.00848	0.01136	0.06450	0.12640	0.03561	0.65881	0.02295	0.00451	0.00468	0.00872	0.00359	0.00346
34	0.07220	0.10290	0.18188	0.06280	0.14634	0.02515	0.03478	0.08430	0.15858	0.06202	0.01242	0.01342	0.00935	0.00553	0.00491	0.00161	0.00602	0.00451	0.00351	0.00776
35	0.01292	0.01952	0.41227	0.06418	0.10625	0.01169	0.11895	0.01792	0.03018	0.12327	0.02530	0.01363	0.00897	0.00529	0.00530	0.00168	0.00711	0.00471	0.00308	0.00779
36	0.68735	0.07735	0.00936	0.00709	0.01025	0.01185	0.00592	0.01494	0.00981	0.02249	0.09323	0.01202	0.01073	0.00553	0.00361	0.00160	0.00404	0.00361	0.00347	0.00573
37	0.03042	0.09312	0.03974	0.00798	0.01086	0.00898	0.00676	0.09051	0.02519	0.21215	0.11005	0.02191	0.06316	0.04850	0.00595	0.00168	0.00405	0.00581	0.20658	0.00661
38	0.01956	0.00986	0.01458	0.01107	0.01510	0.00897	0.12011	0.06864	0.03593	0.49990	0.01970	0.01845	0.04617	0.00643	0.00536	0.00161	0.00502	0.00560	0.04859	0.03936
39	0.03094	0.01037	0.04885	0.00951	0.01332	0.00919	0.00803	0.11380	0.09943	0.37931	0.02167	0.05499	0.08743	0.00737	0.00530	0.00161	0.00449	0.00602	0.00546	0.08291
40	0.01336	0.01481	0.10671	0.09934	0.33762	0.04508	0.15937	0.07419	0.05276	0.02918	0.01089	0.01344	0.00845	0.00506	0.00540	0.00165	0.00700	0.00494	0.00297	0.00779
41	0.80860	0.05163	0.00879	0.00706	0.01040	0.01232	0.00590	0.01555	0.00909	0.02314	0.00736	0.00858	0.00578	0.00489	0.00328	0.00161	0.00417	0.00286	0.00322	0.00578

[dist]
# distance from previous block
# <min> <max>
0	1

[block]
# block no. 11 follows, 46 sequences, length 9
# corresponding to MSA columns:
# 445-453
name=unknown_L
#
# <colnr> <probs for GDERKNQSTAVLIFYWHMCP>
#	G	D	E	R	K	N	Q	S	T	A	V	L	I	F	Y	W	H	M	C	P
0	0.01324	0.01081	0.01497	0.17717	0.08696	0.02814	0.07011	0.19289	0.10633	0.01906	0.01244	0.01639	0.01012	0.00869	0.00860	0.17540	0.00595	0.03272	0.00356	0.00647
1	0.00657	0.00506	0.00604	0.00667	0.00770	0.00453	0.00481	0.00786	0.01133	0.01442	0.08091	0.40080	0.34157	0.01479	0.00655	0.00199	0.00301	0.06599	0.00496	0.00444
2	0.05032	0.07729	0.01632	0.01166	0.01583	0.01644	0.00973	0.64501	0.05585	0.03084	0.01246	0.01252	0.00901	0.00619	0.00507	0.00156	0.00567	0.00459	0.00498	0.00867
3	0.01206	0.01142	0.01935	0.22452	0.55249	0.01201	0.01542	0.01526	0.01168	0.01625	0.01078	0.01585	0.00923	0.00539	0.00536	0.00166	0.00640	0.04466	0.00267	0.00756
4	0.00971	0.02282	0.62609	0.01307	0.01964	0.01067	0.01634	0.01486	0.01134	0.01624	0.01855	0.01933	0.16555	0.00674	0.00527	0.00170	0.00676	0.00540	0.00278	0.00712
5	0.01341	0.58807	0.02285	0.00921	0.01316	0.01807	0.00859	0.01789	0.16758	0.01511	0.07060	0.01322	0.01208	0.00556	0.00402	0.00131	0.00510	0.00400	0.00318	0.00697
6	0.02017	0.00809	0.01101	0.00899	0.01230	0.00706	0.00718	0.02198	0.01410	0.62624	0.02256	0.18104	0.01759	0.00860	0.00561	0.00174	0.00420	0.00731	0.00621	0.00803
7	0.02071	0.00842	0.01092	0.00861	0.01212	0.00757	0.00703	0.05578	0.01473	0.59413	0.01975	0.01811	0.01300	0.00646	0.00498	0.00155	0.00414	0.00521	0.17864	0.00816
8	0.03009	0.00760	0.00980	0.11037	0.05566	0.00815	0.00733	0.05325	0.11234	0.04137	0.03339	0.22490	0.02034	0.21539	0.02524	0.00283	0.00488	0.02750	0.00410	0.00547

[dist]
# distance from previous block
# <min> <max>
0	9

[block]
# block no. 12 follows, 46 sequences, length 9
# corresponding to MSA columns:
# 463-471
name=unknown_M
#
# <colnr> <probs for GDERKNQSTAVLIFYWHMCP>
#	G	D	E	R	K	N	Q	S	T	A	V	L	I	F	Y	W	H	M	C	P
0	0.00908	0.00578	0.00674	0.00647	0.00829	0.00499	0.00485	0.01058	0.01250	0.13214	0.12419	0.18055	0.44899	0.01263	0.00619	0.00181	0.00300	0.01079	0.00526	0.00518
1	0.00934	0.00488	0.00511	0.00530	0.00639	0.00483	0.00388	0.01156	0.01094	0.01876	0.01905	0.14005	0.01681	0.00774	0.00416	0.00137	0.00256	0.00646	0.71597	0.00483
2	0.01089	0.00641	0.00825	0.00734	0.00926	0.00593	0.00566	0.01388	0.05374	0.17014	0.55690	0.03482	0.07578	0.00991	0.00601	0.00167	0.00298	0.00862	0.00589	0.00592
3	0.01284	0.02356	0.52329	0.04855	0.08042	0.11007	0.04215	0.01771	0.01199	0.06629	0.01014	0.01178	0.00732	0.00514	0.00508	0.00163	0.00770	0.00411	0.00262	0.00762
4	0.02198	0.00849	0.01135	0.00884	0.01257	0.00741	0.00726	0.02408	0.01462	0.68879	0.02040	0.01821	0.01314	0.00649	0.00511	0.00159	0.00424	0.00527	0.11166	0.00849
5	0.01013	0.00632	0.00799	0.00812	0.00946	0.00617	0.00586	0.01339	0.12275	0.13269	0.08268	0.51678	0.02999	0.01323	0.00629	0.00198	0.00341	0.01182	0.00529	0.00566
6	0.01338	0.30693	0.24205	0.01183	0.01718	0.04889	0.05052	0.09769	0.01266	0.01681	0.00917	0.01064	0.00734	0.00561	0.02206	0.00150	0.00660	0.00365	0.00275	0.11273
7	0.02975	0.00791	0.01024	0.12970	0.04573	0.01923	0.00776	0.05058	0.07107	0.12117	0.13036	0.17019	0.05484	0.04213	0.01891	0.00200	0.00448	0.01851	0.05938	0.00606
8	0.00925	0.13009	0.01111	0.03634	0.01080	0.00840	0.00619	0.01215	0.06209	0.01728	0.27922	0.05915	0.18071	0.00901	0.00535	0.00149	0.00355	0.00758	0.00445	0.14580

[dist]
# distance from previous block
# <min> <max>
5	13

[block]
# block no. 13 follows, 46 sequences, length 17
# corresponding to MSA columns:
# 486-502
name=unknown_N
#
# <colnr> <probs for GDERKNQSTAVLIFYWHMCP>
#	G	D	E	R	K	N	Q	S	T	A	V	L	I	F	Y	W	H	M	C	P
0	0.07161	0.01913	0.01491	0.11383	0.09872	0.46167	0.01088	0.02017	0.11037	0.01535	0.01016	0.01172	0.00812	0.00553	0.00486	0.00151	0.00784	0.00400	0.00304	0.00659
1	0.45243	0.01306	0.01394	0.01224	0.05487	0.11050	0.13653	0.01812	0.10791	0.02066	0.00998	0.01134	0.00772	0.00518	0.00434	0.00164	0.00573	0.00400	0.00334	0.00649
2	0.09921	0.15195	0.23767	0.01478	0.15360	0.03547	0.01245	0.01684	0.09174	0.01785	0.10686	0.01520	0.01334	0.00584	0.00479	0.00156	0.00578	0.00467	0.00321	0.00718
3	0.01502	0.06358	0.38988	0.01402	0.01981	0.14378	0.06376	0.11226	0.01401	0.09891	0.01084	0.01187	0.00777	0.00536	0.00504	0.00159	0.00746	0.00418	0.00318	0.00771
