[name]
unknown

[dist]
# distance from previous block
# <min> <max>
0	25

[block]
# block no. 0 follows, 44 sequences, length 7
# corresponding to MSA columns:
# 579-585
name=unknown_A
#
# <colnr> <probs for GDERKNQSTAVLIFYWHMCP>
#	G	D	E	R	K	N	Q	S	T	A	V	L	I	F	Y	W	H	M	C	P
0	0.00879	0.00628	0.00879	0.01004	0.01130	0.00628	0.00879	0.01130	0.01255	0.01632	0.02887	0.06150	0.03138	0.01506	0.00753	0.00251	0.00502	0.73770	0.00502	0.00502
1	0.00823	0.00521	0.00702	0.00762	0.00800	0.00510	0.00520	0.03512	0.00986	0.01313	0.02198	0.44947	0.02535	0.05861	0.01270	0.27669	0.00396	0.03874	0.00410	0.00390
2	0.17713	0.01154	0.01274	0.01002	0.01410	0.01182	0.00822	0.24385	0.06982	0.28497	0.01525	0.01450	0.01049	0.00615	0.00494	0.00160	0.00489	0.00466	0.00530	0.08801
3	0.01867	0.00898	0.01143	0.00930	0.01262	0.00840	0.00742	0.06860	0.09202	0.44967	0.13298	0.06316	0.02048	0.03857	0.00652	0.00184	0.00431	0.00672	0.00611	0.03221
4	0.00945	0.00619	0.00858	0.00844	0.00969	0.00582	0.03692	0.03675	0.01229	0.08871	0.14470	0.45521	0.05094	0.04600	0.00785	0.02278	0.00374	0.03556	0.00515	0.00522
5	0.01043	0.00975	0.01637	0.65541	0.12132	0.01171	0.01467	0.01384	0.01105	0.01438	0.01108	0.06587	0.00930	0.00614	0.00554	0.00182	0.00691	0.00554	0.00263	0.00625
6	0.01782	0.01377	0.01565	0.09478	0.01847	0.05473	0.04341	0.44330	0.08106	0.07563	0.01603	0.04350	0.04262	0.00705	0.00557	0.00170	0.00602	0.00568	0.00494	0.00828

[dist]
# distance from previous block
# <min> <max>
24	43

[block]
# block no. 1 follows, 44 sequences, length 30
# corresponding to MSA columns:
# 694-701,704-725
name=unknown_B
#
# <colnr> <probs for GDERKNQSTAVLIFYWHMCP>
#	G	D	E	R	K	N	Q	S	T	A	V	L	I	F	Y	W	H	M	C	P
0	0.08338	0.05633	0.02786	0.07376	0.02732	0.03238	0.00856	0.13568	0.08862	0.12814	0.05601	0.02244	0.15037	0.00837	0.01945	0.00180	0.02590	0.00614	0.00460	0.04288
1	0.09225	0.09976	0.04334	0.20155	0.10350	0.07138	0.04313	0.06598	0.03736	0.05578	0.03930	0.01527	0.03920	0.00596	0.00525	0.00162	0.02031	0.00482	0.00336	0.05086
2	0.13218	0.07662	0.04074	0.05625	0.06785	0.12713	0.05338	0.12055	0.02629	0.06291	0.09869	0.01649	0.03643	0.00634	0.00503	0.00157	0.00595	0.00504	0.00389	0.05664
3	0.05855	0.04115	0.16857	0.07269	0.12247	0.04734	0.03923	0.10202	0.05404	0.10950	0.02415	0.04458	0.01081	0.00745	0.02661	0.02552	0.00649	0.00513	0.00373	0.02998
4	0.21649	0.06060	0.37469	0.01195	0.01766	0.01236	0.02634	0.05748	0.01216	0.09974	0.01101	0.01209	0.00791	0.00542	0.00464	0.00166	0.00625	0.00401	0.05004	0.00749
5	0.00778	0.00574	0.00715	0.00764	0.00859	0.00552	0.00544	0.04785	0.02790	0.01649	0.14676	0.48690	0.12099	0.03101	0.02135	0.00225	0.00351	0.03705	0.00516	0.00491
6	0.00664	0.00477	0.00630	0.00752	0.00789	0.00443	0.00503	0.00760	0.01050	0.01394	0.03086	0.78055	0.05983	0.01697	0.00694	0.00220	0.00315	0.01537	0.00506	0.00443
7	0.01506	0.22426	0.17456	0.01674	0.17478	0.11136	0.01328	0.11518	0.07191	0.01841	0.01053	0.01189	0.00836	0.00538	0.00482	0.00152	0.00681	0.00413	0.00312	0.00789
8	0.00670	0.00479	0.00638	0.00755	0.00792	0.00447	0.00507	0.00775	0.01072	0.01437	0.07257	0.76102	0.03694	0.01674	0.00693	0.00219	0.00313	0.01518	0.00511	0.00447
9	0.03020	0.01774	0.25756	0.01530	0.04077	0.03372	0.18371	0.08585	0.01331	0.05481	0.01078	0.01264	0.00804	0.00509	0.00550	0.00154	0.02450	0.00456	0.00316	0.19122
10	0.01105	0.05373	0.75566	0.01534	0.02328	0.01295	0.01979	0.01723	0.01150	0.01712	0.00971	0.01142	0.00691	0.00516	0.00512	0.00171	0.00798	0.00399	0.00230	0.00802
11	0.00750	0.00556	0.00699	0.00663	0.00801	0.00505	0.00497	0.00987	0.01492	0.02066	0.65044	0.04271	0.17328	0.01160	0.00643	0.00174	0.00260	0.01014	0.00584	0.00505
12	0.01117	0.02666	0.69908	0.01685	0.06067	0.01274	0.06311	0.01725	0.01163	0.01730	0.00988	0.01179	0.00707	0.00513	0.00526	0.00173	0.00805	0.00421	0.00235	0.00804
13	0.01377	0.01289	0.02011	0.04497	0.56462	0.02868	0.03510	0.01928	0.15365	0.03355	0.01269	0.01486	0.01016	0.00539	0.00545	0.00167	0.00619	0.00513	0.00331	0.00851
14	0.00708	0.00555	0.00640	0.00619	0.00775	0.00487	0.00464	0.00905	0.01392	0.01827	0.41111	0.04663	0.41409	0.01248	0.00644	0.00178	0.00267	0.01069	0.00553	0.00487
15	0.00664	0.00474	0.00633	0.00759	0.00791	0.00443	0.00506	0.00759	0.01044	0.01392	0.03005	0.80485	0.03606	0.01708	0.00696	0.00221	0.00316	0.01550	0.00506	0.00443
16	0.05576	0.10329	0.01664	0.12805	0.06850	0.03443	0.01070	0.24730	0.11306	0.10622	0.01363	0.01504	0.01026	0.00637	0.00558	0.00168	0.03142	0.01976	0.00435	0.00799
17	0.01360	0.66277	0.06139	0.00996	0.03336	0.01907	0.00955	0.01569	0.01163	0.01419	0.09442	0.01263	0.01208	0.00543	0.00396	0.00127	0.00558	0.00381	0.00276	0.00688
18	0.00824	0.00637	0.00882	0.00983	0.09501	0.00596	0.00639	0.01074	0.01466	0.02058	0.60513	0.07579	0.08980	0.01089	0.00634	0.00174	0.00306	0.00967	0.00552	0.00547
19	0.04125	0.01129	0.01852	0.30209	0.39951	0.01207	0.01481	0.01682	0.01213	0.10290	0.01124	0.01429	0.00861	0.00529	0.00536	0.00170	0.00648	0.00486	0.00308	0.00770
20	0.02334	0.10030	0.01446	0.00966	0.01393	0.00955	0.00816	0.02541	0.01509	0.69135	0.01993	0.01744	0.01276	0.00651	0.00526	0.00163	0.00477	0.00519	0.00625	0.00902
21	0.11396	0.57311	0.07660	0.01004	0.01457	0.10662	0.00981	0.01697	0.01139	0.01458	0.00783	0.00907	0.00686	0.00486	0.00376	0.00129	0.00625	0.00306	0.00251	0.00686
22	0.01502	0.55390	0.02338	0.01005	0.01393	0.18165	0.00911	0.01679	0.01250	0.01396	0.09442	0.01260	0.01204	0.00560	0.00413	0.00128	0.00631	0.00383	0.00285	0.00664
23	0.00827	0.00641	0.00884	0.00977	0.09501	0.00599	0.00638	0.01083	0.01486	0.02086	0.63043	0.03853	0.10166	0.01064	0.00631	0.00171	0.00303	0.00942	0.00555	0.00550
24	0.01189	0.01077	0.01754	0.21644	0.34444	0.01134	0.04960	0.01602	0.07097	0.03666	0.10030	0.01980	0.05767	0.00646	0.00565	0.00172	0.00594	0.00600	0.00347	0.00732
25	0.00741	0.00556	0.00686	0.00654	0.00796	0.00501	0.00490	0.00969	0.01470	0.02014	0.59821	0.04356	0.22583	0.01179	0.00643	0.00175	0.00262	0.01026	0.00577	0.00501
26	0.00726	0.00596	0.00629	0.00591	0.00780	0.00502	0.00430	0.00857	0.01168	0.01461	0.06226	0.04492	0.55153	0.13493	0.00945	0.00225	0.00329	0.00997	0.00461	0.09938
27	0.01107	0.00957	0.01151	0.00848	0.01287	0.00765	0.02752	0.03306	0.01178	0.01774	0.01492	0.01613	0.09477	0.00537	0.00477	0.00102	0.02439	0.00434	0.00346	0.67958
28	0.03382	0.00717	0.00869	0.00765	0.00988	0.00672	0.00589	0.01417	0.09527	0.08847	0.48017	0.03291	0.07441	0.00951	0.00589	0.00163	0.00317	0.00821	0.00558	0.10079
29	0.21868	0.01200	0.03845	0.15504	0.15375	0.03901	0.05150	0.01577	0.01113	0.03831	0.00949	0.01203	0.00753	0.00516	0.00530	0.00156	0.04565	0.00409	0.00301	0.17255

[dist]
# distance from previous block
# <min> <max>
4	11

[block]
# block no. 2 follows, 44 sequences, length 22
# corresponding to MSA columns:
# 752-773
name=unknown_C
#
# <colnr> <probs for GDERKNQSTAVLIFYWHMCP>
#	G	D	E	R	K	N	Q	S	T	A	V	L	I	F	Y	W	H	M	C	P
0	0.00858	0.00645	0.00823	0.00847	0.00920	0.02233	0.00645	0.01001	0.00999	0.01341	0.04498	0.03875	0.02212	0.29582	0.20616	0.00495	0.04288	0.23297	0.00378	0.00446
1	0.00872	0.00649	0.00841	0.00881	0.01027	0.00646	0.00728	0.01235	0.08142	0.01864	0.27551	0.05036	0.08178	0.01300	0.00692	0.00215	0.00401	0.38667	0.00539	0.00536
2	0.00764	0.00557	0.00718	0.00678	0.00810	0.00511	0.00508	0.01014	0.01525	0.02144	0.72906	0.04142	0.09416	0.01130	0.00643	0.00172	0.00258	0.00996	0.00595	0.00511
3	0.01236	0.00657	0.00822	0.00740	0.00957	0.00577	0.00564	0.01409	0.01355	0.25204	0.18560	0.14771	0.25416	0.04328	0.00707	0.00196	0.00346	0.00974	0.00570	0.00608
4	0.02109	0.01003	0.01255	0.01013	0.01400	0.00973	0.00820	0.02731	0.24726	0.54453	0.02172	0.01911	0.01447	0.00695	0.00550	0.00174	0.00454	0.00569	0.00638	0.00908
5	0.27132	0.01135	0.01099	0.00988	0.01305	0.01315	0.00779	0.02497	0.53094	0.02332	0.01767	0.01679	0.01332	0.00667	0.00488	0.00180	0.00428	0.00517	0.00488	0.00779
6	0.58814	0.01028	0.01059	0.25094	0.01890	0.01219	0.00876	0.01538	0.00978	0.02120	0.00824	0.01061	0.00633	0.00518	0.00402	0.00173	0.00516	0.00354	0.00308	0.00595
7	0.01367	0.01154	0.01639	0.51807	0.04719	0.01365	0.01355	0.24393	0.03279	0.02054	0.01104	0.01420	0.00813	0.00582	0.00545	0.00176	0.00679	0.00490	0.00344	0.00717
8	0.02202	0.01320	0.01508	0.01156	0.01587	0.01383	0.00955	0.50406	0.02217	0.29141	0.01600	0.01498	0.01073	0.00661	0.00546	0.00165	0.00553	0.00511	0.00590	0.00927
9	0.01389	0.16718	0.01455	0.00958	0.01233	0.01177	0.02351	0.05895	0.21659	0.09366	0.01403	0.01580	0.01125	0.01011	0.00996	0.26132	0.00496	0.00482	0.00389	0.04184
10	0.01023	0.00696	0.01007	0.00933	0.00933	0.00844	0.00696	0.00896	0.00749	0.01060	0.00875	0.01514	0.00875	0.01603	0.02025	0.58187	0.25023	0.00475	0.00237	0.00348
11	0.01062	0.00996	0.01379	0.01201	0.01241	0.01312	0.00983	0.01224	0.01054	0.01582	0.24358	0.02083	0.02085	0.01004	0.01435	0.00218	0.55226	0.00634	0.00350	0.00571
12	0.00837	0.00675	0.00995	0.25078	0.01720	0.00721	0.00821	0.01106	0.01341	0.01838	0.43873	0.11740	0.05130	0.01010	0.00619	0.00180	0.00409	0.00897	0.00477	0.00534
13	0.01441	0.01575	0.01788	0.31523	0.26175	0.25190	0.01421	0.01723	0.01278	0.01496	0.00948	0.01275	0.00762	0.00532	0.00527	0.00163	0.00781	0.00444	0.00263	0.00695
14	0.01620	0.01920	0.01317	0.01253	0.04164	0.51677	0.00909	0.01804	0.01533	0.01614	0.24452	0.01952	0.02082	0.00730	0.00540	0.00151	0.00746	0.00552	0.00379	0.00604
15	0.01202	0.00668	0.00773	0.00681	0.00939	0.00566	0.00534	0.01362	0.01341	0.25087	0.04480	0.04198	0.53752	0.01162	0.00615	0.00179	0.00334	0.00964	0.00558	0.00605
16	0.02065	0.01132	0.01891	0.01398	0.01861	0.01033	0.23908	0.06772	0.01536	0.49805	0.01776	0.01704	0.01163	0.00607	0.00577	0.00173	0.00613	0.00574	0.00544	0.00868
17	0.01639	0.01350	0.05244	0.01861	0.02381	0.01196	0.49784	0.02027	0.01367	0.25275	0.01423	0.01578	0.00984	0.00528	0.00610	0.00179	0.00774	0.00605	0.00398	0.00797
18	0.01895	0.00788	0.01070	0.00905	0.01206	0.00690	0.00710	0.02070	0.01401	0.54178	0.02415	0.26176	0.02047	0.00994	0.00594	0.00185	0.00418	0.00858	0.00623	0.00778
19	0.00657	0.00502	0.00604	0.00685	0.00771	0.00449	0.00473	0.00767	0.01115	0.01421	0.03901	0.53700	0.29812	0.01591	0.00678	0.00208	0.00302	0.01408	0.00506	0.00449
20	0.00711	0.00554	0.00688	0.00695	0.00823	0.00537	0.00519	0.00876	0.01141	0.01494	0.14454	0.11982	0.33371	0.04348	0.24844	0.00409	0.00651	0.00983	0.00449	0.00471
21	0.00990	0.00845	0.01342	0.01675	0.24650	0.00936	0.01019	0.01207	0.00981	0.01419	0.01257	0.01814	0.01150	0.02684	0.46706	0.03069	0.06831	0.00543	0.00280	0.00604

[dist]
# distance from previous block
# <min> <max>
9	35

[block]
# block no. 3 follows, 44 sequences, length 8
# corresponding to MSA columns:
# 843-850
name=unknown_D
#
# <colnr> <probs for GDERKNQSTAVLIFYWHMCP>
#	G	D	E	R	K	N	Q	S	T	A	V	L	I	F	Y	W	H	M	C	P
0	0.01287	0.15301	0.16910	0.18649	0.21943	0.03676	0.06909	0.01652	0.01185	0.03538	0.00986	0.01256	0.00776	0.00504	0.00506	0.00159	0.00702	0.00440	0.00263	0.03358
1	0.01053	0.00971	0.01589	0.43438	0.08273	0.01160	0.04573	0.01362	0.01112	0.01477	0.01357	0.02420	0.01257	0.00797	0.00757	0.00203	0.11085	0.16209	0.00301	0.00607
2	0.00768	0.00574	0.00771	0.00898	0.03804	0.00544	0.00657	0.00946	0.01204	0.01586	0.11866	0.34719	0.13597	0.01484	0.00695	0.00218	0.00375	0.24298	0.00507	0.00488
3	0.00764	0.00570	0.00765	0.00894	0.03738	0.00547	0.00629	0.00962	0.03320	0.01583	0.12301	0.47006	0.07501	0.01503	0.00688	0.00216	0.00359	0.15652	0.00510	0.00492
4	0.00796	0.00603	0.00776	0.00806	0.00948	0.00531	0.00591	0.00946	0.01094	0.01510	0.02551	0.52469	0.02936	0.01398	0.00642	0.00196	0.00363	0.11969	0.00466	0.18411
5	0.01333	0.01089	0.01239	0.00903	0.01378	0.00933	0.00730	0.17298	0.01438	0.02132	0.01042	0.01169	0.00833	0.00458	0.00434	0.00099	0.00446	0.00359	0.00371	0.66318
6	0.06129	0.01223	0.01317	0.01061	0.01402	0.01337	0.00859	0.46821	0.07949	0.02965	0.17638	0.01966	0.01891	0.00751	0.00549	0.00166	0.00489	0.00597	0.04093	0.00798
7	0.00849	0.01048	0.17317	0.00895	0.01169	0.00684	0.00863	0.01186	0.01438	0.02047	0.55345	0.03599	0.04041	0.01015	0.00624	0.00178	0.00393	0.06220	0.00514	0.00576

[dist]
# distance from previous block
# <min> <max>
2	16

[block]
# block no. 4 follows, 44 sequences, length 40
# corresponding to MSA columns:
# 867-906
name=unknown_E
#
# <colnr> <probs for GDERKNQSTAVLIFYWHMCP>
#	G	D	E	R	K	N	Q	S	T	A	V	L	I	F	Y	W	H	M	C	P
0	0.20795	0.03763	0.31644	0.01413	0.06403	0.02542	0.09127	0.01626	0.01115	0.03917	0.02993	0.01328	0.00899	0.00918	0.09063	0.00247	0.00764	0.00443	0.00292	0.00706
1	0.50405	0.03833	0.05913	0.00907	0.01287	0.07240	0.00788	0.03716	0.05834	0.13945	0.01099	0.01141	0.00801	0.00554	0.00412	0.00166	0.00506	0.00370	0.00394	0.00688
2	0.57098	0.01148	0.01194	0.01355	0.18079	0.01280	0.00874	0.07424	0.03527	0.02370	0.00908	0.01058	0.00711	0.00521	0.00405	0.00167	0.00486	0.00363	0.00345	0.00686
3	0.01344	0.01272	0.01798	0.02524	0.51160	0.10548	0.01331	0.01521	0.01160	0.01541	0.00986	0.01373	0.00862	0.00808	0.00887	0.18808	0.00650	0.00467	0.00264	0.00696
4	0.00880	0.00491	0.00675	0.00675	0.00716	0.00471	0.00460	0.00726	0.00828	0.01064	0.01963	0.02454	0.17885	0.01780	0.01801	0.65494	0.00430	0.00624	0.00297	0.00286
5	0.00704	0.00555	0.00635	0.00615	0.00773	0.00486	0.00461	0.00898	0.01384	0.01807	0.39094	0.04696	0.43438	0.01256	0.00644	0.00178	0.00267	0.01073	0.00550	0.00486
6	0.00738	0.00556	0.00683	0.00651	0.00794	0.00500	0.00488	0.00964	0.01465	0.02000	0.58453	0.04379	0.23959	0.01184	0.00643	0.00175	0.00262	0.01029	0.00576	0.00500
7	0.00848	0.18456	0.01096	0.00661	0.00898	0.00847	0.00548	0.01016	0.01267	0.01560	0.17423	0.04063	0.47187	0.01130	0.00579	0.00167	0.00341	0.00930	0.00463	0.00523
8	0.01594	0.63482	0.02586	0.01004	0.01464	0.02054	0.00956	0.18064	0.01431	0.01761	0.00880	0.00971	0.00750	0.00508	0.00393	0.00127	0.00587	0.00336	0.00303	0.00750
9	0.20278	0.01319	0.01367	0.01094	0.01471	0.01476	0.00898	0.50996	0.02015	0.02978	0.01203	0.01306	0.00900	0.00998	0.09069	0.00243	0.00655	0.00458	0.00471	0.00804
10	0.66183	0.01108	0.01115	0.01301	0.18018	0.01239	0.00831	0.01618	0.00997	0.02298	0.00818	0.00989	0.00651	0.00502	0.00382	0.00167	0.00472	0.00338	0.00322	0.00651
11	0.01305	0.01157	0.01602	0.06550	0.33346	0.04127	0.01186	0.12521	0.07149	0.01938	0.01586	0.18953	0.01527	0.00805	0.00570	0.00174	0.00559	0.00722	0.00386	0.03836
12	0.00747	0.00544	0.00684	0.00671	0.00779	0.00502	0.00483	0.00944	0.01369	0.01891	0.52318	0.13437	0.12196	0.09960	0.00883	0.00218	0.00296	0.01051	0.00549	0.00480
13	0.00679	0.00554	0.00600	0.00588	0.00757	0.00475	0.00441	0.00849	0.01324	0.01665	0.24838	0.04930	0.57783	0.01309	0.00644	0.00181	0.00271	0.01106	0.00532	0.00475
14	0.00833	0.00697	0.00893	0.00817	0.00931	0.00757	0.00639	0.01029	0.01309	0.01809	0.41820	0.03734	0.22632	0.01147	0.00898	0.00190	0.17936	0.00915	0.00496	0.00519
15	0.01471	0.01134	0.01580	0.01329	0.01423	0.01477	0.01106	0.01611	0.00996	0.18302	0.01034	0.01340	0.00856	0.00892	0.01514	0.00223	0.62215	0.00493	0.00335	0.00670
16	0.02050	0.00827	0.01125	0.00923	0.01258	0.00722	0.00736	0.02235	0.01446	0.60845	0.02340	0.19317	0.01851	0.00904	0.00581	0.00180	0.00431	0.00771	0.00637	0.00820
17	0.00844	0.18398	0.01130	0.00795	0.00927	0.00826	0.00601	0.00963	0.01076	0.01397	0.05247	0.59980	0.03017	0.01410	0.00617	0.00196	0.00373	0.01250	0.00449	0.00502
18	0.01334	0.54476	0.28463	0.01144	0.01726	0.01854	0.01301	0.01665	0.01122	0.01434	0.00833	0.00969	0.00697	0.00484	0.00407	0.00136	0.00659	0.00329	0.00232	0.00736
19	0.01150	0.02481	0.61182	0.01952	0.19033	0.01273	0.01939	0.01715	0.01171	0.01739	0.00989	0.01195	0.00729	0.00511	0.00523	0.00170	0.00771	0.00421	0.00239	0.00819
20	0.01230	0.01238	0.04057	0.10578	0.44872	0.06763	0.01364	0.01539	0.01312	0.01796	0.17910	0.01932	0.01783	0.00638	0.00559	0.00165	0.00599	0.00584	0.00340	0.00740
21	0.01968	0.00902	0.01299	0.18398	0.01869	0.00867	0.00942	0.02217	0.01445	0.53311	0.07077	0.02050	0.01527	0.00702	0.00560	0.00174	0.00509	0.02798	0.00568	0.00815
22	0.01344	0.00960	0.01553	0.62084	0.03230	0.01120	0.01356	0.01674	0.01195	0.18365	0.01231	0.01543	0.00865	0.00574	0.00546	0.00179	0.00668	0.00499	0.00338	0.00677
23	0.06547	0.01095	0.10509	0.01003	0.01380	0.00877	0.00905	0.04996	0.01362	0.40217	0.05645	0.01870	0.01409	0.01426	0.17888	0.00326	0.00719	0.00544	0.00507	0.00774
24	0.00779	0.00584	0.00876	0.00876	0.00974	0.00681	0.00681	0.00974	0.00876	0.01266	0.01460	0.02142	0.01363	0.04089	0.78680	0.00876	0.01460	0.00584	0.00292	0.00487
25	0.01060	0.01025	0.00994	0.00963	0.01090	0.17980	0.00726	0.01221	0.01016	0.01258	0.01351	0.02041	0.01284	0.11724	0.52991	0.00675	0.01252	0.00555	0.00294	0.00502
26	0.01607	0.16693	0.01603	0.01222	0.03342	0.45120	0.00925	0.01748	0.01345	0.01349	0.01312	0.18627	0.01351	0.00797	0.00512	0.00155	0.00752	0.00610	0.00322	0.00608
27	0.00764	0.00997	0.17816	0.00930	0.01132	0.00629	0.00835	0.00975	0.01058	0.01454	0.02507	0.60023	0.02898	0.04369	0.00733	0.00222	0.00433	0.01267	0.00438	0.00519
28	0.01101	0.07159	0.56496	0.18833	0.02611	0.01308	0.01838	0.01647	0.01135	0.01626	0.00963	0.01201	0.00699	0.00521	0.00514	0.00171	0.00775	0.00414	0.00233	0.00755
29	0.11718	0.05171	0.01396	0.03945	0.03995	0.06406	0.02265	0.31675	0.02861	0.04709	0.01575	0.18834	0.01468	0.00844	0.00542	0.00175	0.00545	0.00689	0.00458	0.00730
30	0.00748	0.00513	0.00693	0.02677	0.00856	0.00502	0.00532	0.00781	0.00986	0.01299	0.02704	0.51067	0.10618	0.01667	0.01034	0.18853	0.02417	0.01215	0.00433	0.00407
31	0.01181	0.00708	0.00911	0.00834	0.00932	0.00742	0.00600	0.17349	0.01140	0.01525	0.01143	0.05996	0.01092	0.01608	0.01698	0.60788	0.00493	0.00538	0.00320	0.00402
32	0.01526	0.02906	0.01336	0.01127	0.01456	0.04244	0.00894	0.19369	0.49198	0.03701	0.02019	0.03920	0.02821	0.00758	0.00555	0.00179	0.00490	0.02124	0.00535	0.00842
33	0.06255	0.18999	0.04163	0.03798	0.16263	0.01457	0.01083	0.09822	0.15562	0.11334	0.01336	0.01392	0.01016	0.00579	0.00504	0.00157	0.01723	0.00456	0.00398	0.03704
34	0.06445	0.11791	0.31059	0.02979	0.08552	0.05196	0.01373	0.01916	0.01248	0.19810	0.01230	0.01317	0.00882	0.00667	0.03089	0.00185	0.00689	0.00430	0.00351	0.00791
35	0.01534	0.01149	0.02755	0.03261	0.07462	0.01174	0.00940	0.23548	0.17051	0.10425	0.09722	0.03786	0.03543	0.00769	0.00563	0.00170	0.00493	0.04346	0.00511	0.06799
36	0.01793	0.01531	0.01414	0.03521	0.01583	0.18480	0.00937	0.33214	0.07540	0.08036	0.03080	0.05337	0.04330	0.00712	0.00538	0.00159	0.00620	0.00551	0.00471	0.06153
37	0.03019	0.05892	0.04207	0.02587	0.03816	0.04884	0.27387	0.04011	0.02799	0.06191	0.01276	0.04915	0.02387	0.00551	0.00531	0.00148	0.00652	0.00539	0.00338	0.23871
38	0.01547	0.20543	0.05407	0.01777	0.20479	0.15387	0.06308	0.03748	0.08413	0.05930	0.01140	0.02579	0.00932	0.00567	0.00534	0.00155	0.03014	0.00456	0.00321	0.00762
39	0.06570	0.19201	0.18762	0.02828	0.01636	0.05550	0.01192	0.04849	0.04545	0.05503	0.01254	0.01410	0.05399	0.00681	0.00763	0.00174	0.18217	0.00453	0.00310	0.00702

[dist]
# distance from previous block
# <min> <max>
10	23

[block]
# block no. 5 follows, 44 sequences, length 14
# corresponding to MSA columns:
# 936-949
name=unknown_F
#
# <colnr> <probs for GDERKNQSTAVLIFYWHMCP>
#	G	D	E	R	K	N	Q	S	T	A	V	L	I	F	Y	W	H	M	C	P
0	0.01255	0.01174	0.01970	0.02910	0.64883	0.01167	0.01483	0.01568	0.01291	0.01847	0.13500	0.01796	0.01565	0.00589	0.00557	0.00163	0.00584	0.00568	0.00324	0.00806
1	0.00887	0.00731	0.00928	0.13679	0.01401	0.00772	0.00733	0.01360	0.15738	0.01796	0.22702	0.14963	0.18158	0.01102	0.00621	0.00188	0.00387	0.02785	0.00497	0.00574
2	0.01201	0.01075	0.01639	0.47170	0.14151	0.01194	0.01346	0.09088	0.01271	0.01725	0.01012	0.01370	0.00781	0.00524	0.00521	0.00160	0.00649	0.00459	0.00291	0.14371
3	0.01262	0.01106	0.01610	0.36572	0.14934	0.01181	0.01262	0.12528	0.01345	0.01853	0.01029	0.01338	0.00798	0.00518	0.00511	0.00152	0.00618	0.00447	0.00311	0.20627
4	0.01278	0.01770	0.21001	0.16218	0.25959	0.13876	0.01519	0.01641	0.01241	0.01597	0.01365	0.01597	0.07410	0.00595	0.00536	0.00167	0.00725	0.00500	0.00277	0.00729
5	0.10418	0.22040	0.01796	0.01216	0.01549	0.51582	0.00976	0.01982	0.01372	0.01436	0.00813	0.00946	0.00690	0.00532	0.00440	0.00137	0.00825	0.00330	0.00275	0.00645
6	0.14131	0.01741	0.01392	0.01285	0.05764	0.33020	0.00947	0.13879	0.01490	0.01918	0.01062	0.06174	0.00930	0.00642	0.00552	0.00154	0.04828	0.00454	0.00349	0.09290
7	0.02010	0.01400	0.01675	0.01555	0.14059	0.01493	0.01105	0.52599	0.02197	0.14281	0.01388	0.01397	0.00980	0.00630	0.00545	0.00164	0.00587	0.00499	0.00520	0.00917
8	0.01193	0.01211	0.04460	0.15145	0.36019	0.01183	0.16799	0.01513	0.01156	0.01600	0.01134	0.01717	0.00995	0.12500	0.00896	0.00225	0.00704	0.00562	0.00274	0.00713
9	0.01151	0.01258	0.09675	0.23442	0.38295	0.01178	0.01517	0.01498	0.01136	0.01593	0.01070	0.01476	0.00883	0.01044	0.12217	0.00275	0.00807	0.00492	0.00262	0.00731
10	0.01179	0.01018	0.01513	0.11543	0.10689	0.00955	0.08603	0.04984	0.01155	0.01671	0.00997	0.01322	0.00830	0.00685	0.00760	0.12684	0.02365	0.00431	0.00297	0.36318
11	0.01486	0.00936	0.01179	0.01024	0.03448	0.00888	0.02022	0.13744	0.03150	0.19076	0.05928	0.02752	0.03099	0.09070	0.00796	0.00204	0.00486	0.13904	0.00493	0.16315
12	0.01525	0.01499	0.04283	0.01932	0.18178	0.12810	0.20821	0.03846	0.13682	0.08990	0.02473	0.02746	0.01107	0.00581	0.00563	0.00168	0.00703	0.00552	0.00374	0.03171
13	0.04023	0.03292	0.10898	0.03440	0.11567	0.02683	0.05523	0.27274	0.05295	0.03299	0.03306	0.01382	0.00990	0.00651	0.00723	0.00176	0.12473	0.00492	0.00386	0.02127

[dist]
# distance from previous block
# <min> <max>
0	48

# created by:
# /st0/software/busco_prod/Augustus/scripts/msa2prfl.pl ./align_prep/233744.fa
