[name]
unknown

[dist]
# distance from previous block
# <min> <max>
0	99

[block]
# block no. 0 follows, 48 sequences, length 61
# corresponding to MSA columns:
# 99-159
name=unknown_A
#
# <colnr> <probs for GDERKNQSTAVLIFYWHMCP>
#	G	D	E	R	K	N	Q	S	T	A	V	L	I	F	Y	W	H	M	C	P
0	0.01276	0.45275	0.19698	0.01036	0.01495	0.03185	0.01095	0.04447	0.01142	0.03948	0.01109	0.03500	0.01019	0.00608	0.00433	0.00143	0.00586	0.09057	0.00280	0.00668
1	0.01386	0.05175	0.48751	0.01338	0.01962	0.01276	0.03382	0.19306	0.01433	0.09560	0.01096	0.01180	0.00766	0.00529	0.00493	0.00158	0.00676	0.00413	0.00328	0.00791
2	0.03313	0.20049	0.09091	0.00921	0.01321	0.02990	0.00853	0.03938	0.03218	0.33780	0.05348	0.01738	0.06695	0.00632	0.00469	0.00146	0.00480	0.00493	0.02533	0.01992
3	0.11569	0.01749	0.01289	0.01121	0.01426	0.40018	0.00870	0.12337	0.08892	0.10865	0.01287	0.01307	0.03905	0.00594	0.00470	0.00147	0.00681	0.00418	0.00381	0.00676
4	0.00992	0.00921	0.01590	0.43093	0.11874	0.01030	0.10483	0.01289	0.01052	0.01385	0.01227	0.02107	0.01114	0.10061	0.00790	0.00215	0.00651	0.09281	0.00273	0.00573
5	0.01481	0.02880	0.07077	0.03705	0.27080	0.01152	0.01147	0.04360	0.24114	0.18249	0.02506	0.01574	0.01169	0.00581	0.00510	0.00161	0.00517	0.00503	0.00422	0.00810
6	0.02026	0.00997	0.01619	0.01207	0.01630	0.00892	0.18521	0.02305	0.02988	0.59454	0.01796	0.01665	0.01162	0.00589	0.00537	0.00162	0.00536	0.00538	0.00545	0.00830
7	0.00746	0.00499	0.00568	0.00568	0.00571	0.00502	0.00322	0.00752	0.00749	0.01001	0.01609	0.03313	0.01846	0.79374	0.05178	0.00508	0.00527	0.00740	0.00310	0.00316
8	0.00816	0.00826	0.08564	0.01079	0.10106	0.00654	0.02209	0.01065	0.01235	0.01705	0.31662	0.14495	0.10409	0.03004	0.00650	0.00186	0.00391	0.09962	0.00450	0.00533
9	0.01029	0.02654	0.79309	0.01462	0.02221	0.01192	0.01896	0.01625	0.01083	0.01625	0.00921	0.01083	0.00650	0.00487	0.00487	0.00162	0.00758	0.00379	0.00217	0.00758
10	0.00617	0.00478	0.00562	0.00630	0.00722	0.00424	0.00439	0.00724	0.01064	0.01343	0.03861	0.48213	0.36147	0.01473	0.00634	0.00193	0.00281	0.01295	0.00476	0.00424
11	0.01218	0.01365	0.02918	0.02278	0.11543	0.01288	0.68129	0.01636	0.01206	0.01647	0.01030	0.01371	0.00783	0.00435	0.00594	0.00171	0.00835	0.00588	0.00259	0.00706
12	0.44208	0.01063	0.01117	0.01057	0.08768	0.01142	0.00772	0.14566	0.01299	0.19870	0.01125	0.01151	0.00797	0.00534	0.00415	0.00157	0.00455	0.00381	0.00417	0.00707
13	0.01100	0.01018	0.01666	0.56881	0.20943	0.01191	0.01429	0.05905	0.01139	0.01510	0.00941	0.01334	0.00725	0.00511	0.00526	0.00166	0.01662	0.00457	0.00251	0.00645
14	0.00784	0.00566	0.00803	0.00893	0.00996	0.00585	0.00748	0.00993	0.01078	0.01432	0.02415	0.12646	0.02608	0.02004	0.19187	0.00371	0.00665	0.50335	0.00427	0.00463
15	0.00827	0.00559	0.00616	0.00580	0.00758	0.00481	0.00433	0.00962	0.01187	0.10432	0.10771	0.04318	0.55760	0.09085	0.00792	0.00202	0.00302	0.00971	0.00486	0.00477
16	0.01052	0.07884	0.74276	0.01424	0.02161	0.01247	0.01829	0.01619	0.01081	0.01598	0.00907	0.01066	0.00651	0.00484	0.00477	0.00159	0.00745	0.00372	0.00217	0.00752
17	0.01426	0.00972	0.01077	0.00952	0.01232	0.02489	0.00742	0.03789	0.44234	0.19548	0.02256	0.10844	0.05311	0.00806	0.00536	0.00172	0.00404	0.00678	0.01775	0.00756
18	0.01276	0.01105	0.01182	0.01093	0.03121	0.01275	0.00830	0.02700	0.76070	0.02136	0.02062	0.01900	0.01549	0.00691	0.00522	0.00174	0.00411	0.00577	0.00516	0.00812
19	0.37577	0.01133	0.01318	0.04231	0.01494	0.01229	0.09677	0.20298	0.04356	0.12433	0.01112	0.01179	0.00797	0.00536	0.00441	0.00160	0.00510	0.00412	0.00405	0.00702
20	0.01238	0.01221	0.02119	0.12099	0.59928	0.02429	0.10295	0.01559	0.01161	0.01623	0.00965	0.01289	0.00791	0.00462	0.00519	0.00157	0.00653	0.00472	0.00252	0.00767
21	0.00802	0.00707	0.00720	0.00799	0.00881	0.09757	0.00576	0.00920	0.01081	0.01341	0.02788	0.55042	0.09781	0.01428	0.00635	0.00200	0.00391	0.11252	0.00451	0.00447
22	0.01241	0.01189	0.02030	0.10733	0.71413	0.01211	0.01560	0.01549	0.01154	0.01641	0.00960	0.01280	0.00800	0.00463	0.00508	0.00154	0.00617	0.00457	0.00251	0.00789
23	0.01262	0.01444	0.02623	0.11246	0.02611	0.10416	0.56787	0.01638	0.01204	0.01546	0.00983	0.01320	0.00750	0.00468	0.00613	0.00170	0.03449	0.00551	0.00255	0.00662
24	0.00745	0.00554	0.00701	0.00708	0.00814	0.00538	0.00514	0.01053	0.08757	0.01809	0.44996	0.30410	0.04023	0.01207	0.00614	0.00179	0.00277	0.01077	0.00530	0.00493
25	0.01190	0.01310	0.02744	0.11402	0.11697	0.01270	0.59311	0.01597	0.01185	0.01609	0.01015	0.01369	0.00772	0.00445	0.00583	0.00170	0.00814	0.00571	0.00255	0.00692
26	0.01713	0.11030	0.01463	0.01098	0.01417	0.27346	0.00884	0.12790	0.14925	0.13648	0.02616	0.01603	0.02194	0.00640	0.00490	0.00150	0.00621	0.04246	0.00415	0.00713
27	0.01226	0.01289	0.02561	0.01856	0.02322	0.01230	0.59120	0.10294	0.01346	0.01798	0.01548	0.01783	0.09904	0.00555	0.00595	0.00171	0.00759	0.00645	0.00314	0.00683
28	0.00747	0.00559	0.00706	0.00743	0.00876	0.00529	0.00602	0.00974	0.03007	0.01635	0.23942	0.06881	0.23348	0.01281	0.00670	0.01642	0.00347	0.30547	0.00496	0.00467
29	0.00987	0.00931	0.01564	0.54444	0.02893	0.01087	0.10018	0.01418	0.08550	0.01431	0.01266	0.10829	0.01099	0.00650	0.00541	0.00176	0.00633	0.00603	0.00290	0.00590
30	0.04783	0.01602	0.01600	0.01485	0.10633	0.27873	0.09787	0.16919	0.05843	0.04706	0.08638	0.01446	0.01212	0.00589	0.00508	0.00151	0.00676	0.00481	0.00372	0.00697
31	0.01416	0.01175	0.01869	0.11709	0.53416	0.01208	0.01407	0.10480	0.01327	0.09386	0.01094	0.01323	0.00850	0.00500	0.00510	0.00155	0.00596	0.00463	0.00319	0.00797
32	0.01144	0.02466	0.62649	0.01646	0.11129	0.08889	0.01770	0.01661	0.01130	0.01595	0.00914	0.01090	0.00670	0.00488	0.00487	0.00158	0.00757	0.00384	0.00226	0.00749
33	0.31607	0.01198	0.01298	0.08837	0.01591	0.10279	0.09702	0.05387	0.10844	0.08032	0.05627	0.01363	0.01055	0.00561	0.00455	0.00160	0.00544	0.00443	0.00370	0.00646
34	0.01238	0.30237	0.45050	0.01232	0.01845	0.01522	0.01452	0.08967	0.01199	0.01637	0.00879	0.01007	0.00675	0.00483	0.00435	0.00143	0.00666	0.00351	0.00247	0.00735
35	0.01081	0.01021	0.01662	0.14616	0.50319	0.01038	0.01297	0.01354	0.01147	0.01557	0.01867	0.02074	0.17503	0.00647	0.00530	0.00160	0.00546	0.00591	0.00298	0.00694
36	0.01246	0.01227	0.02133	0.02824	0.60859	0.01270	0.10269	0.01543	0.01128	0.01621	0.00939	0.01266	0.00792	0.00506	0.00657	0.00163	0.10063	0.00473	0.00251	0.00769
37	0.00998	0.00942	0.01592	0.73151	0.10887	0.01148	0.01440	0.01337	0.01040	0.01347	0.00917	0.01358	0.00697	0.00508	0.00513	0.00169	0.00677	0.00456	0.00231	0.00594
38	0.02294	0.00887	0.01199	0.00919	0.01317	0.00774	0.00759	0.04286	0.01491	0.77305	0.02005	0.01734	0.01261	0.00635	0.00516	0.00159	0.00440	0.00515	0.00632	0.00873
39	0.00983	0.00644	0.00905	0.00992	0.09860	0.00655	0.00629	0.01123	0.00973	0.10395	0.09028	0.02556	0.01783	0.30790	0.25951	0.00487	0.00751	0.00642	0.00356	0.00498
40	0.00625	0.00447	0.00595	0.00714	0.00744	0.00417	0.00476	0.00714	0.00982	0.01310	0.02828	0.81633	0.03394	0.01608	0.00655	0.00208	0.00298	0.01459	0.00476	0.00417
41	0.01276	0.01102	0.01160	0.01044	0.01334	0.01276	0.00812	0.02727	0.77840	0.02146	0.02088	0.01914	0.01566	0.00696	0.00522	0.00174	0.00406	0.00580	0.00522	0.00812
42	0.19099	0.00626	0.00719	0.00749	0.00891	0.00629	0.00556	0.01122	0.01032	0.10578	0.02271	0.48469	0.02499	0.01235	0.00571	0.00194	0.00350	0.07446	0.00460	0.00504
43	0.01110	0.03538	0.52422	0.01668	0.11035	0.01229	0.09046	0.01749	0.10100	0.01687	0.01071	0.01227	0.00789	0.00502	0.00503	0.00163	0.00707	0.00432	0.00261	0.00763
44	0.01029	0.02654	0.79309	0.01462	0.02221	0.01192	0.01896	0.01625	0.01083	0.01625	0.00921	0.01083	0.00650	0.00487	0.00487	0.00162	0.00758	0.00379	0.00217	0.00758
45	0.00648	0.00464	0.00621	0.00738	0.00780	0.00437	0.00516	0.00755	0.01008	0.01337	0.02853	0.71611	0.04533	0.01581	0.00660	0.00211	0.00317	0.10028	0.00476	0.00423
46	0.05369	0.01371	0.10818	0.28078	0.14107	0.05125	0.12674	0.10350	0.01255	0.01723	0.01021	0.01307	0.01887	0.00520	0.00536	0.00164	0.02271	0.00465	0.00279	0.00681
47	0.01455	0.01395	0.02273	0.01675	0.02123	0.10407	0.43544	0.07106	0.01329	0.10701	0.01115	0.01320	0.00824	0.00486	0.00573	0.00156	0.02667	0.00516	0.00326	0.10012
48	0.00655	0.00469	0.00622	0.00694	0.00751	0.00436	0.00479	0.00789	0.01120	0.01528	0.24922	0.58916	0.03816	0.01444	0.00640	0.00195	0.00281	0.01304	0.00502	0.00436
49	0.01283	0.01207	0.10241	0.00927	0.01405	0.00914	0.00832	0.14763	0.02316	0.05935	0.01042	0.01142	0.00804	0.00451	0.00425	0.00105	0.00460	0.00355	0.00351	0.55042
50	0.01189	0.39478	0.42603	0.01190	0.01788	0.01586	0.01412	0.01578	0.01060	0.01425	0.00821	0.00964	0.00654	0.00472	0.00433	0.00139	0.01949	0.00332	0.00218	0.00709
51	0.04198	0.51351	0.04103	0.00997	0.01388	0.17036	0.00909	0.03033	0.10058	0.01405	0.00902	0.00983	0.00764	0.00492	0.00384	0.00125	0.00606	0.00327	0.00271	0.00667
52	0.01359	0.00998	0.01090	0.00962	0.01255	0.01096	0.00754	0.02458	0.56869	0.14138	0.02443	0.02242	0.10542	0.00757	0.00531	0.00172	0.00394	0.00629	0.00534	0.00777
53	0.01614	0.01938	0.01427	0.18239	0.01959	0.53778	0.01039	0.01802	0.01317	0.01316	0.00832	0.01036	0.00677	0.00508	0.00464	0.00134	0.00810	0.00354	0.00261	0.10493
54	0.01204	0.00992	0.01050	0.00953	0.01212	0.01132	0.00738	0.02436	0.63999	0.02113	0.06886	0.02036	0.01745	0.00707	0.00508	0.00167	0.00376	0.00590	0.10403	0.00752
55	0.00735	0.00544	0.00794	0.00794	0.00875	0.00625	0.00603	0.00897	0.00816	0.01168	0.01403	0.02172	0.01350	0.12919	0.70956	0.00787	0.01273	0.00573	0.00279	0.00441
56	0.01218	0.01368	0.11065	0.05290	0.59791	0.01248	0.01563	0.01539	0.01116	0.01615	0.00930	0.01237	0.00776	0.00506	0.00621	0.00161	0.08490	0.00447	0.00246	0.00774
57	0.01701	0.01230	0.01358	0.01045	0.01452	0.01274	0.00853	0.44971	0.10130	0.09280	0.01318	0.01310	0.00955	0.00571	0.00483	0.00138	0.00493	0.00442	0.00476	0.20518
58	0.00668	0.00509	0.00589	0.00604	0.00733	0.00447	0.00440	0.00816	0.01196	0.02822	0.22019	0.23509	0.41203	0.01305	0.00617	0.00179	0.00268	0.01129	0.00500	0.00449
59	0.82306	0.00974	0.00752	0.00674	0.00984	0.01125	0.00553	0.01487	0.00896	0.02293	0.03726	0.00950	0.00722	0.00498	0.00329	0.00159	0.00391	0.00303	0.00327	0.00553
60	0.01071	0.01013	0.01699	0.52190	0.28120	0.01148	0.01442	0.01397	0.01074	0.01445	0.00929	0.01324	0.00729	0.00490	0.00506	0.00161	0.00648	0.00450	0.00239	0.03923

[dist]
# distance from previous block
# <min> <max>
0	45

[block]
# block no. 1 follows, 48 sequences, length 65
# corresponding to MSA columns:
# 205-269
name=unknown_B
#
# <colnr> <probs for GDERKNQSTAVLIFYWHMCP>
#	G	D	E	R	K	N	Q	S	T	A	V	L	I	F	Y	W	H	M	C	P
0	0.01336	0.00985	0.01139	0.04990	0.01370	0.01079	0.00819	0.17604	0.30671	0.08477	0.09717	0.07384	0.01960	0.00841	0.00558	0.00176	0.00440	0.09221	0.00510	0.00720
1	0.00746	0.00497	0.00560	0.00560	0.00560	0.00497	0.00311	0.00746	0.00746	0.00995	0.01617	0.03358	0.01865	0.81967	0.02612	0.00497	0.00497	0.00746	0.00311	0.00311
2	0.00693	0.00515	0.00634	0.00620	0.00736	0.00468	0.00453	0.00882	0.01306	0.01781	0.51299	0.11032	0.20246	0.06170	0.00734	0.00189	0.00267	0.00997	0.00522	0.00456
3	0.00663	0.00498	0.00699	0.09530	0.01052	0.00496	0.00581	0.00780	0.00987	0.01310	0.02617	0.72790	0.03095	0.01487	0.00639	0.00204	0.00340	0.01348	0.00449	0.00434
4	0.01042	0.02576	0.75385	0.01441	0.02176	0.01196	0.01841	0.01680	0.04937	0.01651	0.00979	0.01125	0.00696	0.00498	0.00489	0.00163	0.00741	0.00389	0.00232	0.00761
5	0.09366	0.00942	0.01049	0.00777	0.01209	0.00783	0.00622	0.02872	0.05713	0.01793	0.00970	0.01096	0.00791	0.00413	0.00385	0.00092	0.00387	0.00321	0.00323	0.70098
6	0.01139	0.01075	0.01735	0.19237	0.48440	0.02942	0.01371	0.01437	0.01177	0.01624	0.09579	0.01792	0.01333	0.00584	0.00529	0.00161	0.00585	0.04264	0.00294	0.00703
7	0.01912	0.04356	0.01381	0.01045	0.01417	0.07599	0.00855	0.33829	0.05550	0.27540	0.05365	0.02367	0.01234	0.00639	0.00507	0.00152	0.00521	0.00498	0.00519	0.02714
8	0.01051	0.03351	0.11632	0.00919	0.01184	0.07264	0.00806	0.03014	0.16735	0.03895	0.32867	0.08345	0.02795	0.03127	0.00609	0.00173	0.00432	0.00731	0.00462	0.00609
9	0.00634	0.00463	0.00600	0.00706	0.00757	0.00428	0.00486	0.00736	0.01014	0.01331	0.03083	0.68918	0.11649	0.01563	0.00653	0.00206	0.00303	0.05571	0.00476	0.00422
10	0.00762	0.00686	0.05782	0.00824	0.00982	0.00565	0.01801	0.00989	0.01216	0.01632	0.24211	0.15331	0.12087	0.02553	0.00675	0.00203	0.00383	0.28358	0.00477	0.00482
11	0.05136	0.04508	0.03548	0.01465	0.14745	0.31412	0.01011	0.12242	0.06022	0.04586	0.03190	0.01508	0.07220	0.00611	0.00488	0.00147	0.00662	0.00465	0.00350	0.00683
12	0.09331	0.02333	0.63114	0.01571	0.10533	0.01191	0.01729	0.01608	0.01072	0.01697	0.00906	0.01079	0.00659	0.00483	0.00473	0.00161	0.00707	0.00378	0.00231	0.00744
13	0.01086	0.01179	0.02464	0.01829	0.02226	0.01125	0.58022	0.01434	0.01147	0.01558	0.01396	0.18068	0.01318	0.00695	0.00658	0.00182	0.03902	0.00777	0.00303	0.00630
14	0.01194	0.03695	0.50141	0.01674	0.07868	0.01196	0.17127	0.01695	0.01146	0.07925	0.01034	0.01208	0.00739	0.00485	0.00512	0.00163	0.00739	0.00440	0.00262	0.00756
15	0.08129	0.10330	0.09894	0.01724	0.08099	0.03398	0.37272	0.01672	0.04103	0.05535	0.01112	0.04423	0.00892	0.00513	0.00523	0.00162	0.00702	0.00529	0.00293	0.00693
16	0.01222	0.01130	0.01765	0.05878	0.53096	0.01177	0.01349	0.01761	0.17113	0.01747	0.01339	0.01776	0.01138	0.00587	0.00527	0.00165	0.00559	0.06569	0.00326	0.00774
17	0.00894	0.00618	0.00754	0.00746	0.00853	0.00618	0.00528	0.08412	0.05046	0.04615	0.16858	0.36934	0.02952	0.15332	0.02206	0.00250	0.00376	0.01041	0.00473	0.00494
18	0.01359	0.01403	0.10578	0.08883	0.48846	0.06356	0.02764	0.01676	0.01190	0.09184	0.01045	0.01280	0.00816	0.00494	0.00525	0.00156	0.01939	0.00448	0.00285	0.00772
19	0.01292	0.51885	0.15581	0.01450	0.17582	0.01719	0.01196	0.01559	0.01076	0.01376	0.00801	0.00960	0.00689	0.00451	0.00393	0.00128	0.00597	0.00330	0.00226	0.00708
20	0.06931	0.01133	0.01255	0.00988	0.01340	0.01201	0.00809	0.43964	0.01925	0.18750	0.07686	0.01587	0.01298	0.00645	0.00496	0.00153	0.00472	0.00501	0.08081	0.00787
21	0.10400	0.09374	0.56218	0.01283	0.01919	0.01270	0.01552	0.01712	0.08568	0.01714	0.00994	0.01114	0.00730	0.00502	0.00458	0.00159	0.00665	0.00378	0.00258	0.00732
22	0.01519	0.01483	0.17642	0.01226	0.01671	0.02313	0.07244	0.14856	0.28683	0.15493	0.01587	0.01541	0.01131	0.00605	0.00518	0.00165	0.00556	0.00506	0.00452	0.00809
23	0.01774	0.07907	0.17562	0.01046	0.01501	0.01046	0.01012	0.05682	0.10944	0.41412	0.03758	0.01588	0.01208	0.00607	0.00498	0.00157	0.00509	0.00485	0.00493	0.00814
24	0.00615	0.00508	0.00540	0.00559	0.00705	0.00433	0.00409	0.00744	0.01151	0.01405	0.08244	0.17952	0.62284	0.01340	0.00615	0.00179	0.00265	0.01140	0.00481	0.00433
25	0.03026	0.01463	0.23814	0.01105	0.01596	0.01013	0.01107	0.08884	0.09047	0.41147	0.01622	0.01512	0.01074	0.00594	0.00505	0.00161	0.00537	0.00474	0.00487	0.00829
26	0.02620	0.01278	0.01605	0.01704	0.23851	0.01371	0.01102	0.39571	0.11173	0.07080	0.01328	0.02731	0.01003	0.00596	0.00513	0.00157	0.00544	0.00493	0.00444	0.00837
27	0.00991	0.00547	0.00738	0.00775	0.00888	0.00501	0.00563	0.01115	0.01100	0.17515	0.02652	0.58792	0.02916	0.01390	0.00630	0.00200	0.00341	0.07321	0.00509	0.00516
28	0.01134	0.01445	0.13852	0.01974	0.09439	0.01174	0.48506	0.01552	0.01195	0.01649	0.04153	0.01854	0.01132	0.00563	0.00589	0.00175	0.00763	0.07882	0.00285	0.00684
29	0.18199	0.01076	0.01175	0.01121	0.07564	0.01184	0.00817	0.09321	0.36983	0.11256	0.01701	0.01631	0.03248	0.00630	0.00479	0.00164	0.00435	0.00501	0.00468	0.02049
30	0.01825	0.01380	0.01821	0.01363	0.01795	0.01462	0.16752	0.55306	0.02086	0.09073	0.01256	0.01305	0.00885	0.00579	0.00533	0.00158	0.00617	0.00496	0.00470	0.00835
31	0.01299	0.01242	0.03325	0.12500	0.53415	0.01256	0.07620	0.09864	0.01290	0.01799	0.00993	0.01284	0.00798	0.00480	0.00517	0.00157	0.00637	0.00468	0.00279	0.00778
32	0.01009	0.05553	0.67632	0.01349	0.02025	0.01147	0.01700	0.01549	0.01122	0.01656	0.09459	0.01376	0.01112	0.00547	0.00494	0.00160	0.00693	0.00435	0.00255	0.00724
33	0.00801	0.00653	0.00920	0.00893	0.00978	0.02435	0.00702	0.00976	0.00834	0.01197	0.01285	0.01894	0.01202	0.03452	0.69618	0.00744	0.10140	0.00534	0.00269	0.00472
34	0.00668	0.00506	0.00676	0.00763	0.00796	0.00514	0.00531	0.00763	0.00975	0.01309	0.02722	0.71689	0.05402	0.01538	0.00738	0.00209	0.06863	0.02453	0.00456	0.00430
35	0.01180	0.03726	0.61927	0.01476	0.02167	0.01175	0.10030	0.01711	0.01134	0.09204	0.01038	0.01177	0.00725	0.00495	0.00501	0.00162	0.00735	0.00416	0.00262	0.00761
36	0.01237	0.01186	0.02024	0.11532	0.70638	0.01211	0.01559	0.01546	0.01153	0.01637	0.00959	0.01281	0.00799	0.00463	0.00509	0.00154	0.00618	0.00457	0.00251	0.00787
37	0.01146	0.01360	0.08788	0.02016	0.11438	0.01203	0.49713	0.01540	0.01201	0.01672	0.09535	0.01603	0.01215	0.00531	0.00637	0.00171	0.04664	0.00597	0.00287	0.00683
38	0.00737	0.00558	0.00762	0.01793	0.02455	0.00541	0.01860	0.00935	0.03269	0.01449	0.04926	0.40341	0.10935	0.01417	0.00657	0.00210	0.00373	0.25849	0.00468	0.00464
39	0.09098	0.01196	0.01371	0.01358	0.14507	0.09721	0.00932	0.10572	0.07351	0.36384	0.01513	0.01452	0.01042	0.00582	0.00492	0.00155	0.00528	0.00464	0.00480	0.00800
40	0.01078	0.14017	0.68374	0.01379	0.02092	0.01311	0.01751	0.01612	0.01077	0.01565	0.00891	0.01046	0.00651	0.00481	0.00465	0.00155	0.00728	0.00364	0.00217	0.00744
41	0.00784	0.00588	0.00734	0.00686	0.00827	0.00570	0.00518	0.01156	0.09860	0.02049	0.68067	0.03652	0.06504	0.01017	0.00596	0.00163	0.00261	0.00894	0.00558	0.00519
42	0.01029	0.02654	0.79309	0.01462	0.02221	0.01192	0.01896	0.01625	0.01083	0.01625	0.00921	0.01083	0.00650	0.00487	0.00487	0.00162	0.00758	0.00379	0.00217	0.00758
43	0.01755	0.01857	0.01396	0.01216	0.01521	0.40963	0.00940	0.19601	0.21887	0.01950	0.01237	0.01258	0.00950	0.00593	0.00490	0.00148	0.00704	0.00427	0.00390	0.00717
44	0.01950	0.02246	0.01439	0.01279	0.01564	0.67869	0.00971	0.07452	0.01524	0.07728	0.00925	0.01014	0.00726	0.00544	0.00471	0.00136	0.00860	0.00355	0.00312	0.00637
45	0.00647	0.00473	0.00574	0.00642	0.00698	0.00437	0.00426	0.00730	0.00983	0.01276	0.04367	0.48970	0.18724	0.17361	0.01029	0.00257	0.00328	0.01231	0.00445	0.00400
46	0.01043	0.00960	0.01619	0.66748	0.15536	0.01145	0.01436	0.01377	0.01057	0.02894	0.00942	0.01360	0.00716	0.00506	0.00512	0.00168	0.00667	0.00457	0.00240	0.00615
47	0.01029	0.02654	0.79309	0.01462	0.02221	0.01192	0.01896	0.01625	0.01083	0.01625	0.00921	0.01083	0.00650	0.00487	0.00487	0.00162	0.00758	0.00379	0.00217	0.00758
48	0.00625	0.00447	0.00595	0.00714	0.00744	0.00417	0.00476	0.00714	0.00982	0.01310	0.02828	0.81633	0.03394	0.01608	0.00655	0.00208	0.00298	0.01459	0.00476	0.00417
49	0.00645	0.00461	0.00618	0.00737	0.00775	0.00434	0.00511	0.00749	0.01002	0.01332	0.02817	0.74210	0.03351	0.01589	0.00660	0.00211	0.00315	0.08686	0.00476	0.00422
50	0.01407	0.01391	0.04436	0.01894	0.02383	0.03601	0.57452	0.07876	0.01336	0.10292	0.01148	0.01388	0.00833	0.00479	0.00593	0.00169	0.01707	0.00569	0.00320	0.00724
51	0.09665	0.01316	0.02374	0.01739	0.02197	0.04249	0.50469	0.07853	0.01309	0.10351	0.01156	0.02899	0.00865	0.00501	0.00555	0.00168	0.00739	0.00558	0.00332	0.00704
52	0.01557	0.45664	0.08270	0.01068	0.01491	0.18090	0.00998	0.14482	0.01364	0.01595	0.00834	0.00934	0.00695	0.00492	0.00401	0.00126	0.00646	0.00326	0.00279	0.00689
53	0.01094	0.08874	0.01223	0.00772	0.01226	0.00816	0.00634	0.01316	0.01062	0.01627	0.00893	0.01040	0.00750	0.00386	0.00375	0.00079	0.00397	0.00301	0.00296	0.76840
54	0.54002	0.01051	0.03939	0.00803	0.01164	0.01073	0.00688	0.06085	0.02279	0.22926	0.01124	0.01127	0.00784	0.00531	0.00391	0.00159	0.00431	0.00361	0.00413	0.00670
55	0.00622	0.00458	0.00584	0.00685	0.00736	0.00419	0.00463	0.00718	0.01011	0.01321	0.03187	0.70022	0.14772	0.01561	0.00648	0.00203	0.00292	0.01402	0.00476	0.00419
56	0.02080	0.00914	0.01367	0.01043	0.01436	0.00808	0.09135	0.02325	0.02577	0.65104	0.04937	0.01859	0.01389	0.00643	0.00533	0.00162	0.00476	0.01795	0.00587	0.00830
57	0.01031	0.01179	0.10287	0.55758	0.11747	0.01174	0.07513	0.01401	0.01059	0.01412	0.00925	0.01323	0.00702	0.00504	0.00535	0.00169	0.01961	0.00459	0.00232	0.00628
58	0.01158	0.01752	0.25098	0.01960	0.02548	0.01267	0.55201	0.01638	0.01174	0.01638	0.01004	0.01297	0.00741	0.00448	0.00571	0.00170	0.00834	0.00540	0.00247	0.00711
59	0.00621	0.00505	0.00550	0.00571	0.00710	0.00434	0.00416	0.00752	0.01156	0.01430	0.11200	0.20795	0.56390	0.01341	0.00616	0.00180	0.00266	0.01147	0.00484	0.00434
60	0.00824	0.00639	0.00995	0.01017	0.01157	0.00625	0.08201	0.01049	0.01144	0.01500	0.02575	0.20729	0.02830	0.01360	0.00688	0.00224	0.00475	0.53033	0.00452	0.00483
61	0.01806	0.09172	0.01602	0.01303	0.09982	0.01386	0.00978	0.41215	0.05573	0.16533	0.01396	0.01502	0.01033	0.00620	0.00503	0.00155	0.00533	0.03404	0.00477	0.00826
62	0.01121	0.00879	0.01018	0.08796	0.01396	0.09431	0.00896	0.04295	0.01263	0.07852	0.02216	0.05991	0.02270	0.01140	0.00638	0.00208	0.00540	0.49065	0.00441	0.00543
63	0.19119	0.01298	0.01384	0.01119	0.01475	0.06102	0.07012	0.32401	0.17234	0.03587	0.01311	0.03496	0.01002	0.00611	0.00483	0.00161	0.00535	0.00480	0.00439	0.00750
64	0.07677	0.00637	0.00748	0.00707	0.00859	0.02749	0.00546	0.01050	0.01298	0.01899	0.52254	0.03346	0.05138	0.01298	0.09315	0.00235	0.00419	0.05519	0.00487	0.03818

[dist]
# distance from previous block
# <min> <max>
0	44

# created by:
# /st0/software/busco_prod/Augustus/scripts/msa2prfl.pl ./align_prep/234046.fa
