[name]
unknown

[dist]
# distance from previous block
# <min> <max>
41	198

[block]
# block no. 0 follows, 48 sequences, length 29
# corresponding to MSA columns:
# 649-677
name=unknown_A
#
# <colnr> <probs for GDERKNQSTAVLIFYWHMCP>
#	G	D	E	R	K	N	Q	S	T	A	V	L	I	F	Y	W	H	M	C	P
0	0.01152	0.07557	0.22607	0.04584	0.10479	0.01084	0.10256	0.01547	0.03785	0.07299	0.10561	0.01763	0.04353	0.00607	0.00537	0.00155	0.02361	0.01694	0.00331	0.07287
1	0.03100	0.01166	0.06496	0.01103	0.01512	0.01031	0.09920	0.16053	0.02491	0.11512	0.06929	0.01438	0.01147	0.00559	0.00555	0.00137	0.05516	0.00460	0.00392	0.28484
2	0.10119	0.04408	0.05089	0.01689	0.09294	0.01222	0.34720	0.07207	0.02373	0.04317	0.08233	0.01523	0.01169	0.00626	0.02556	0.00182	0.03724	0.00544	0.00324	0.00681
3	0.02982	0.01259	0.06502	0.04419	0.07187	0.06049	0.07645	0.10422	0.24906	0.08601	0.01513	0.03134	0.01178	0.00860	0.06459	0.00212	0.00618	0.01823	0.00409	0.03824
4	0.07916	0.01350	0.01432	0.01154	0.01487	0.10333	0.05610	0.36051	0.05918	0.04529	0.01297	0.04301	0.02273	0.00723	0.02246	0.00172	0.05827	0.01665	0.00420	0.05296
5	0.07234	0.00697	0.00841	0.07224	0.01074	0.00746	0.00606	0.07070	0.02334	0.03202	0.16362	0.11962	0.11047	0.18758	0.04164	0.00271	0.04715	0.00790	0.00410	0.00492
6	0.00831	0.00624	0.00730	0.00712	0.00855	0.00602	0.00525	0.11462	0.01347	0.01783	0.21836	0.31105	0.23142	0.01251	0.00610	0.00180	0.00311	0.01090	0.00503	0.00501
7	0.01008	0.00933	0.01539	0.77547	0.03456	0.01158	0.01407	0.04346	0.01082	0.01388	0.00925	0.01363	0.00692	0.00517	0.00513	0.00170	0.00679	0.00456	0.00239	0.00582
8	0.07574	0.01216	0.02064	0.02880	0.66460	0.01221	0.07921	0.01576	0.01150	0.01720	0.00953	0.01247	0.00791	0.00457	0.00502	0.00155	0.00615	0.00456	0.00259	0.00783
9	0.01143	0.01325	0.07317	0.17404	0.09484	0.01225	0.47906	0.01549	0.01162	0.01577	0.01066	0.01527	0.00842	0.00493	0.00576	0.00173	0.00785	0.03514	0.00259	0.00674
10	0.00721	0.00535	0.00667	0.00643	0.00769	0.00492	0.00478	0.02475	0.01377	0.01894	0.57013	0.11985	0.16763	0.01139	0.00609	0.00168	0.00257	0.00999	0.00540	0.00477
11	0.01465	0.76624	0.06812	0.00988	0.01448	0.02030	0.00979	0.01619	0.01119	0.01344	0.00846	0.01004	0.00771	0.00521	0.00391	0.00135	0.00598	0.00321	0.00261	0.00723
12	0.01064	0.00912	0.01064	0.00760	0.01216	0.00684	0.00608	0.01292	0.01064	0.01672	0.00912	0.01064	0.00760	0.00380	0.00380	0.00076	0.00380	0.00304	0.00304	0.85104
13	0.01117	0.05530	0.68205	0.01384	0.02081	0.01172	0.01740	0.01657	0.01111	0.06648	0.01055	0.01300	0.00781	0.00532	0.00492	0.00163	0.00718	0.03310	0.00254	0.00751
14	0.01229	0.01052	0.01122	0.01027	0.01298	0.01210	0.00800	0.02568	0.71126	0.02084	0.02148	0.05160	0.01704	0.00767	0.00536	0.00178	0.00405	0.04286	0.00518	0.00780
15	0.01693	0.01016	0.01380	0.01223	0.07696	0.01014	0.06532	0.11216	0.17686	0.32472	0.09313	0.01940	0.01595	0.00672	0.00536	0.00164	0.00473	0.02057	0.00527	0.00796
16	0.01299	0.01245	0.02138	0.04739	0.60516	0.01253	0.11248	0.06512	0.02805	0.01774	0.01013	0.01298	0.00824	0.00471	0.00521	0.00156	0.00637	0.00479	0.00276	0.00795
17	0.00733	0.00550	0.00825	0.00825	0.00916	0.00641	0.00641	0.00916	0.00825	0.01191	0.01374	0.02016	0.01283	0.03848	0.79934	0.00825	0.01374	0.00550	0.00275	0.00458
18	0.00740	0.00495	0.00561	0.00567	0.00568	0.00494	0.00319	0.00745	0.00757	0.01010	0.01674	0.07040	0.01937	0.78187	0.02520	0.00484	0.00488	0.00780	0.00319	0.00316
19	0.01647	0.01041	0.01203	0.01002	0.01307	0.01091	0.00801	0.35829	0.07251	0.19278	0.01872	0.18931	0.01639	0.00873	0.00553	0.00172	0.00464	0.03763	0.00531	0.00754
20	0.01043	0.05763	0.76317	0.01440	0.02185	0.01224	0.01856	0.01622	0.01082	0.01609	0.00913	0.01073	0.00650	0.00486	0.00481	0.00160	0.00750	0.00375	0.00217	0.00754
21	0.00615	0.00520	0.00531	0.00528	0.00698	0.00437	0.00396	0.00752	0.01189	0.01432	0.10169	0.04863	0.73559	0.01282	0.00606	0.00172	0.00259	0.01072	0.00482	0.00437
22	0.02107	0.01155	0.01304	0.01028	0.01408	0.06930	0.00843	0.25513	0.01749	0.46751	0.01714	0.01683	0.01167	0.00652	0.00519	0.00158	0.00514	0.03406	0.00563	0.00837
23	0.01835	0.05403	0.07303	0.01274	0.01594	0.61309	0.01032	0.05012	0.01439	0.06427	0.00907	0.01018	0.00719	0.00590	0.01847	0.00148	0.00860	0.00353	0.00293	0.00636
24	0.00840	0.00506	0.00677	0.00732	0.00816	0.00465	0.00511	0.00958	0.01087	0.10921	0.09982	0.64382	0.03272	0.01435	0.00633	0.00198	0.00309	0.01292	0.00504	0.00479
25	0.00705	0.00501	0.00573	0.00579	0.00632	0.00475	0.00366	0.00772	0.00949	0.01249	0.13180	0.11149	0.17275	0.47413	0.01757	0.00360	0.00397	0.00904	0.00394	0.00369
26	0.07463	0.14656	0.51629	0.01437	0.06966	0.01314	0.04566	0.01621	0.01081	0.03501	0.00908	0.01065	0.00675	0.00479	0.00457	0.00154	0.00686	0.00373	0.00239	0.00731
27	0.22835	0.06781	0.07225	0.01143	0.04517	0.11643	0.00949	0.30545	0.05894	0.02367	0.01025	0.01094	0.00771	0.00547	0.00444	0.00151	0.00576	0.00387	0.00380	0.00728
28	0.17887	0.08334	0.07550	0.01361	0.10354	0.23880	0.03674	0.07086	0.11963	0.01807	0.01021	0.01126	0.00802	0.00526	0.00447	0.00149	0.00643	0.00388	0.00319	0.00683

[dist]
# distance from previous block
# <min> <max>
0	4

[block]
# block no. 1 follows, 48 sequences, length 83
# corresponding to MSA columns:
# 685-738,746-774
name=unknown_B
#
# <colnr> <probs for GDERKNQSTAVLIFYWHMCP>
#	G	D	E	R	K	N	Q	S	T	A	V	L	I	F	Y	W	H	M	C	P
0	0.00895	0.00790	0.06967	0.00717	0.00936	0.03312	0.00607	0.01115	0.01313	0.08979	0.34869	0.05804	0.29644	0.01050	0.00584	0.00166	0.00333	0.00893	0.00500	0.00527
1	0.01356	0.59167	0.17595	0.01034	0.01519	0.09180	0.01088	0.01602	0.01089	0.01294	0.00762	0.00884	0.00657	0.00457	0.00373	0.00122	0.00625	0.00300	0.00223	0.00672
2	0.00754	0.00741	0.08070	0.00782	0.00958	0.00553	0.00637	0.00926	0.01023	0.01423	0.05067	0.44365	0.06273	0.05181	0.03747	0.00219	0.00407	0.04328	0.01905	0.12642
3	0.01050	0.07458	0.74686	0.01427	0.02166	0.01242	0.01834	0.01620	0.01081	0.01600	0.00908	0.01068	0.00650	0.00485	0.00478	0.00159	0.00746	0.00373	0.00217	0.00752
4	0.01036	0.06113	0.73899	0.01416	0.02143	0.01210	0.01814	0.01604	0.01091	0.01618	0.02913	0.01143	0.00759	0.00500	0.00484	0.00160	0.00736	0.00389	0.00226	0.00747
5	0.00964	0.00905	0.01516	0.77004	0.03417	0.01131	0.01395	0.01294	0.01020	0.01309	0.00955	0.03375	0.00752	0.00549	0.00542	0.00173	0.02419	0.00481	0.00234	0.00566
6	0.08485	0.01447	0.08728	0.01122	0.01560	0.01407	0.00990	0.54411	0.02016	0.06955	0.01180	0.01201	0.00839	0.00576	0.00486	0.00150	0.00549	0.00431	0.00461	0.07006
7	0.02257	0.00858	0.00861	0.00801	0.00983	0.08144	0.00604	0.03938	0.16807	0.03546	0.32335	0.09974	0.11985	0.02781	0.00612	0.00173	0.00369	0.00823	0.01582	0.00567
8	0.00619	0.00515	0.00541	0.00545	0.00704	0.00437	0.00405	0.00758	0.01185	0.01447	0.12228	0.09915	0.66346	0.01295	0.00610	0.00174	0.00261	0.01093	0.00485	0.00437
9	0.00929	0.00482	0.00482	0.00482	0.00605	0.00475	0.00361	0.01159	0.01083	0.01871	0.01955	0.02154	0.07473	0.00654	0.00378	0.00124	0.00241	0.00526	0.78093	0.00475
10	0.48275	0.00978	0.00922	0.01801	0.01123	0.03094	0.00641	0.06680	0.01186	0.19715	0.08374	0.01379	0.01160	0.00580	0.00410	0.00157	0.00417	0.00413	0.02053	0.00642
11	0.01920	0.02351	0.01462	0.01309	0.01587	0.72552	0.00990	0.09093	0.01544	0.01442	0.00834	0.00954	0.00681	0.00537	0.00467	0.00134	0.00891	0.00343	0.00288	0.00621
12	0.02302	0.00873	0.01191	0.00913	0.01310	0.00754	0.00754	0.02501	0.01469	0.79122	0.02024	0.01746	0.01270	0.00635	0.00516	0.00159	0.00437	0.00516	0.00635	0.00873
13	0.00625	0.00447	0.00595	0.00714	0.00744	0.00417	0.00476	0.00714	0.00982	0.01310	0.02828	0.81633	0.03394	0.01608	0.00655	0.00208	0.00298	0.01459	0.00476	0.00417
14	0.02955	0.08915	0.68489	0.01425	0.02139	0.01262	0.04690	0.01616	0.01080	0.01608	0.00904	0.01069	0.00654	0.00481	0.00476	0.00159	0.00738	0.00377	0.00221	0.00743
15	0.01029	0.02654	0.79309	0.01462	0.02221	0.01192	0.01896	0.01625	0.01083	0.01625	0.00921	0.01083	0.00650	0.00487	0.00487	0.00162	0.00758	0.00379	0.00217	0.00758
16	0.01488	0.01077	0.01183	0.01027	0.01341	0.01198	0.00809	0.06009	0.60952	0.15818	0.02039	0.01854	0.01483	0.00682	0.00521	0.00170	0.00419	0.00563	0.00542	0.00826
17	0.01038	0.01041	0.03607	0.57383	0.15602	0.01157	0.08532	0.01386	0.01076	0.01423	0.02355	0.01392	0.00789	0.00506	0.00522	0.00168	0.00683	0.00477	0.00241	0.00624
18	0.85592	0.00992	0.00754	0.00675	0.00992	0.01151	0.00556	0.01508	0.00873	0.02302	0.00714	0.00834	0.00556	0.00476	0.00318	0.00159	0.00397	0.00278	0.00318	0.00556
19	0.01225	0.01194	0.02091	0.08465	0.64197	0.01200	0.08607	0.01540	0.01162	0.01640	0.01083	0.01387	0.02902	0.00482	0.00520	0.00156	0.00629	0.00488	0.00259	0.00774
20	0.01029	0.02654	0.79309	0.01462	0.02221	0.01192	0.01896	0.01625	0.01083	0.01625	0.00921	0.01083	0.00650	0.00487	0.00487	0.00162	0.00758	0.00379	0.00217	0.00758
21	0.00734	0.00498	0.00653	0.00697	0.00762	0.00480	0.00483	0.00852	0.01029	0.04096	0.14756	0.41724	0.05012	0.14479	0.09611	0.00312	0.00445	0.02494	0.00448	0.00433
22	0.01067	0.02389	0.63408	0.01608	0.02317	0.01214	0.17531	0.01629	0.01110	0.01629	0.00945	0.01146	0.00677	0.00476	0.00512	0.00165	0.00781	0.00426	0.00226	0.00744
23	0.00621	0.00462	0.00579	0.00673	0.00733	0.00420	0.00458	0.00719	0.01022	0.01326	0.03333	0.65281	0.19419	0.01542	0.00645	0.00201	0.00290	0.01379	0.00476	0.00420
24	0.02236	0.00859	0.01170	0.00902	0.01287	0.00743	0.00743	0.02437	0.01468	0.75906	0.05215	0.01834	0.01419	0.00652	0.00520	0.00159	0.00428	0.00533	0.00632	0.00857
25	0.01258	0.01012	0.01063	0.00954	0.01221	0.01155	0.00742	0.06590	0.60320	0.02166	0.01969	0.01876	0.01484	0.00675	0.00493	0.00163	0.00386	0.00556	0.15158	0.00758
26	0.01352	0.75807	0.02600	0.00915	0.01319	0.01994	0.00897	0.01512	0.01022	0.01209	0.00710	0.00847	0.00660	0.00476	0.00437	0.00119	0.06964	0.00288	0.00220	0.00651
27	0.07264	0.00745	0.00972	0.00933	0.03748	0.00798	0.00714	0.07186	0.01070	0.05618	0.03189	0.02099	0.03229	0.02347	0.41714	0.00503	0.03103	0.05941	0.00342	0.08486
28	0.08646	0.00595	0.00625	0.00600	0.00785	0.00556	0.00459	0.00922	0.03060	0.01561	0.12887	0.03934	0.50455	0.01397	0.08349	0.00231	0.00387	0.00899	0.00448	0.03203
29	0.00674	0.00503	0.00529	0.00543	0.00686	0.00441	0.00400	0.00822	0.01139	0.01494	0.07111	0.14528	0.52336	0.01209	0.00570	0.00168	0.00261	0.01022	0.15124	0.00441
30	0.16473	0.01360	0.01403	0.01093	0.01487	0.01515	0.00902	0.63938	0.02145	0.03072	0.01142	0.01163	0.00818	0.00592	0.00479	0.00155	0.00536	0.00430	0.00479	0.00818
31	0.01098	0.01094	0.01560	0.23068	0.01951	0.03150	0.01202	0.01273	0.00866	0.01256	0.00741	0.01185	0.00676	0.00785	0.01337	0.00208	0.57311	0.00448	0.00226	0.00564
32	0.01109	0.00925	0.01012	0.00920	0.01155	0.01035	0.00707	0.02184	0.54485	0.02091	0.23400	0.02488	0.02488	0.02941	0.00600	0.00179	0.00363	0.00682	0.00528	0.00707
33	0.00648	0.00462	0.00617	0.00733	0.00770	0.00436	0.00506	0.00749	0.00995	0.01323	0.02785	0.72258	0.03311	0.03712	0.00712	0.00219	0.00320	0.08555	0.00472	0.00419
34	0.01157	0.01761	0.25676	0.01955	0.02545	0.01266	0.54633	0.01638	0.01173	0.01638	0.01003	0.01295	0.00740	0.00449	0.00570	0.00170	0.00833	0.00538	0.00247	0.00712
35	0.01291	0.01139	0.01098	0.00989	0.01252	0.09771	0.00768	0.06489	0.46824	0.03939	0.07250	0.03651	0.07595	0.00775	0.00530	0.00168	0.00446	0.02639	0.02668	0.00717
36	0.00623	0.00453	0.00589	0.00697	0.00740	0.00418	0.00469	0.00716	0.00999	0.01317	0.03038	0.74848	0.10043	0.01580	0.00651	0.00205	0.00294	0.01425	0.00476	0.00418
37	0.00645	0.00462	0.00599	0.00687	0.00730	0.00431	0.00460	0.00744	0.01020	0.01366	0.10764	0.64160	0.06434	0.07942	0.00804	0.00225	0.00306	0.01331	0.00472	0.00416
38	0.01157	0.05965	0.44847	0.01524	0.02129	0.01246	0.18560	0.08664	0.01243	0.01753	0.01109	0.01527	0.00884	0.00559	0.00526	0.00167	0.00731	0.06406	0.00275	0.00726
39	0.64346	0.01105	0.00868	0.00776	0.01072	0.08792	0.00626	0.04162	0.00995	0.04157	0.00837	0.00992	0.00664	0.00807	0.07821	0.00219	0.00547	0.00321	0.00324	0.00570
40	0.00956	0.00478	0.00478	0.00478	0.00598	0.00478	0.00359	0.01196	0.01076	0.01913	0.01674	0.01913	0.01315	0.00598	0.00359	0.00120	0.00239	0.00478	0.84816	0.00478
41	0.01376	0.40981	0.25854	0.01143	0.01667	0.05751	0.02384	0.12416	0.01275	0.01634	0.00860	0.00975	0.00689	0.00484	0.00415	0.00134	0.00639	0.00341	0.00264	0.00717
42	0.00795	0.00565	0.00716	0.00727	0.00835	0.00549	0.00525	0.02691	0.07356	0.03843	0.35284	0.37884	0.03759	0.01247	0.00616	0.00183	0.00292	0.01113	0.00523	0.00500
43	0.01321	0.47295	0.16555	0.01064	0.01524	0.04235	0.02884	0.08615	0.01203	0.01513	0.00983	0.01345	0.00875	0.00611	0.01953	0.00150	0.00619	0.06308	0.00270	0.00677
44	0.01241	0.01295	0.02059	0.03602	0.01890	0.07019	0.28397	0.02856	0.01041	0.02863	0.00873	0.01237	0.00737	0.00679	0.01111	0.00194	0.39958	0.00499	0.01830	0.00621
45	0.00772	0.00491	0.00655	0.00721	0.00792	0.00453	0.00500	0.00891	0.01084	0.07613	0.12936	0.64806	0.03419	0.01455	0.00637	0.00198	0.00301	0.01312	0.00501	0.00462
46	0.01042	0.00514	0.00555	0.00529	0.00670	0.00501	0.00402	0.01278	0.01143	0.08081	0.08917	0.02080	0.01643	0.00643	0.00394	0.00127	0.00255	0.00523	0.70193	0.00510
47	0.17879	0.04292	0.01391	0.02051	0.01440	0.02689	0.07941	0.28928	0.07590	0.06059	0.03876	0.07911	0.01277	0.00696	0.00499	0.00165	0.00514	0.03660	0.00436	0.00707
48	0.00746	0.00497	0.00560	0.00560	0.00560	0.00497	0.00311	0.00746	0.00746	0.00995	0.01617	0.03358	0.01865	0.81967	0.02612	0.00497	0.00497	0.00746	0.00311	0.00311
49	0.00628	0.00451	0.00591	0.00702	0.00737	0.00420	0.00468	0.00716	0.00983	0.01304	0.02893	0.76077	0.06542	0.03953	0.00710	0.00215	0.00302	0.01422	0.00471	0.00414
50	0.01063	0.01251	0.09695	0.28470	0.03690	0.01221	0.26773	0.01410	0.01057	0.01448	0.01036	0.06172	0.00877	0.00607	0.00727	0.00181	0.12887	0.00558	0.00252	0.00623
51	0.09623	0.01556	0.01443	0.17036	0.01921	0.22110	0.01030	0.35057	0.01738	0.02241	0.01004	0.01141	0.00749	0.00559	0.00481	0.00152	0.00668	0.00409	0.00372	0.00709
52	0.01197	0.00711	0.00736	0.00648	0.00839	0.00748	0.00508	0.19578	0.01400	0.02233	0.01567	0.01748	0.01208	0.00602	0.00396	0.00128	0.00318	0.00474	0.64387	0.00574
53	0.01854	0.00917	0.01131	0.00916	0.01261	0.00882	0.00744	0.09320	0.14780	0.47417	0.03671	0.02187	0.09419	0.00738	0.00532	0.00164	0.00422	0.02262	0.00583	0.00801
54	0.04223	0.11752	0.09133	0.03839	0.24275	0.15732	0.04333	0.03630	0.04553	0.01562	0.01155	0.08779	0.01053	0.00670	0.01908	0.00165	0.00652	0.01612	0.00293	0.00681
55	0.03308	0.18710	0.08572	0.01008	0.01328	0.09980	0.06005	0.09566	0.01349	0.01756	0.20931	0.08318	0.04607	0.01743	0.00530	0.00155	0.00521	0.00627	0.00379	0.00608
56	0.00852	0.00587	0.00650	0.00616	0.00663	0.00597	0.00377	0.07913	0.00924	0.01225	0.01759	0.03237	0.05586	0.70315	0.02315	0.00449	0.00492	0.00736	0.00338	0.00370
57	0.01161	0.00882	0.01047	0.00810	0.01160	0.00776	0.00645	0.09057	0.03126	0.06704	0.16647	0.03153	0.01693	0.00603	0.00497	0.00116	0.02982	0.00493	0.01576	0.46870
58	0.01368	0.00930	0.01137	0.05436	0.01301	0.01014	0.00780	0.24133	0.03392	0.12922	0.08911	0.11410	0.04210	0.08093	0.04883	0.00235	0.08057	0.00682	0.00457	0.00650
59	0.00650	0.00534	0.00581	0.00605	0.00767	0.00465	0.00477	0.00802	0.01172	0.01416	0.04703	0.05108	0.63480	0.01323	0.00627	0.00186	0.00302	0.15887	0.00476	0.00441
60	0.02283	0.00904	0.01210	0.00928	0.01325	0.00800	0.00766	0.06582	0.01520	0.74967	0.01981	0.01718	0.01248	0.00634	0.00516	0.00159	0.00444	0.00513	0.00628	0.00873
61	0.00917	0.00628	0.00827	0.00873	0.01018	0.00624	0.00726	0.01240	0.07778	0.06431	0.14241	0.10926	0.05685	0.01263	0.00657	0.00210	0.00408	0.44524	0.00501	0.00522
62	0.01372	0.82276	0.02689	0.00878	0.01317	0.02030	0.00878	0.01536	0.01043	0.01207	0.00713	0.00823	0.00658	0.00439	0.00329	0.00110	0.00549	0.00274	0.00219	0.00658
63	0.01085	0.01022	0.01674	0.40510	0.25988	0.01090	0.03957	0.01400	0.01082	0.01496	0.00933	0.01286	0.00740	0.00470	0.00492	0.00149	0.00615	0.00435	0.00250	0.15326
64	0.16243	0.01230	0.01207	0.00978	0.01288	0.05391	0.00776	0.45240	0.01780	0.02555	0.01195	0.01526	0.00987	0.14536	0.00833	0.00212	0.00536	0.00472	0.02318	0.00698
65	0.77769	0.00981	0.00795	0.00697	0.01022	0.01114	0.00574	0.01601	0.00929	0.09517	0.00837	0.00919	0.00623	0.00491	0.00336	0.00159	0.00401	0.00300	0.00347	0.00586
66	0.01951	0.01437	0.01540	0.01181	0.01591	0.01591	0.00975	0.77056	0.02412	0.03234	0.01232	0.01232	0.00873	0.00616	0.00513	0.00154	0.00565	0.00462	0.00513	0.00873
67	0.01123	0.01123	0.01572	0.01347	0.01347	0.01572	0.01123	0.01235	0.00786	0.01235	0.00674	0.01123	0.00674	0.00898	0.01684	0.00225	0.81028	0.00449	0.00225	0.00561
68	0.00715	0.00524	0.00670	0.00634	0.00760	0.00479	0.00475	0.00947	0.01426	0.01995	0.71612	0.03937	0.11765	0.01073	0.00605	0.00162	0.00244	0.00942	0.00557	0.00479
69	0.01927	0.00786	0.01062	0.00855	0.01181	0.00684	0.00689	0.02119	0.01414	0.61316	0.10685	0.09560	0.03782	0.00789	0.00541	0.00164	0.00398	0.00664	0.00608	0.00776
70	0.01038	0.02591	0.75515	0.01497	0.02244	0.01197	0.05626	0.01626	0.01090	0.01626	0.00927	0.01098	0.00656	0.00485	0.00493	0.00163	0.00764	0.00390	0.00219	0.00755
71	0.09477	0.01080	0.01168	0.00997	0.01324	0.01190	0.00793	0.10298	0.47030	0.18133	0.01857	0.01707	0.01338	0.00655	0.00501	0.00167	0.00428	0.00526	0.00525	0.00807
72	0.02302	0.00873	0.01191	0.00913	0.01310	0.00754	0.00754	0.02501	0.01469	0.79122	0.02024	0.01746	0.01270	0.00635	0.00516	0.00159	0.00437	0.00516	0.00635	0.00873
73	0.00632	0.00462	0.00581	0.00673	0.00722	0.00426	0.00450	0.00720	0.00992	0.01296	0.03090	0.63718	0.14666	0.08016	0.00805	0.00226	0.00308	0.01344	0.00463	0.00411
74	0.01284	0.01277	0.01970	0.12273	0.63860	0.07250	0.01512	0.01580	0.01173	0.01600	0.00946	0.01255	0.00786	0.00469	0.00505	0.00153	0.00643	0.00447	0.00252	0.00767
75	0.02022	0.01247	0.01409	0.01083	0.01481	0.01318	0.00894	0.53428	0.02102	0.24979	0.01472	0.01400	0.01000	0.00621	0.00510	0.00154	0.00518	0.00478	0.03022	0.00861
76	0.00635	0.00463	0.00598	0.00686	0.00741	0.00426	0.00468	0.00746	0.01057	0.01404	0.11830	0.64497	0.11538	0.01510	0.00644	0.00199	0.00287	0.01357	0.00487	0.00426
77	0.03748	0.00930	0.01190	0.00930	0.01309	0.00862	0.00767	0.11520	0.03468	0.61735	0.01986	0.01840	0.02985	0.00664	0.00516	0.00160	0.00445	0.02303	0.01800	0.00840
78	0.01076	0.03282	0.01220	0.14360	0.06564	0.03110	0.02295	0.03848	0.19678	0.03379	0.06124	0.06078	0.01690	0.04067	0.11818	0.00280	0.00631	0.09495	0.00390	0.00617
79	0.01207	0.01067	0.01462	0.02788	0.01361	0.01421	0.01044	0.01459	0.08086	0.07530	0.00975	0.02473	0.00867	0.00964	0.04168	0.00234	0.61515	0.00485	0.00291	0.00604
80	0.00642	0.00477	0.00654	0.00736	0.00790	0.00442	0.02365	0.00748	0.01016	0.01349	0.05640	0.72351	0.07791	0.01540	0.00649	0.00204	0.00308	0.01396	0.00474	0.00427
81	0.01114	0.07403	0.19900	0.01745	0.02255	0.01225	0.45684	0.01524	0.01144	0.01569	0.01195	0.10556	0.01043	0.00581	0.00565	0.00170	0.00753	0.00629	0.00272	0.00673
82	0.08034	0.52732	0.10794	0.00974	0.01386	0.07259	0.00968	0.01528	0.01038	0.01344	0.00783	0.00949	0.00690	0.00691	0.05519	0.00172	0.03949	0.00315	0.00234	0.00640

[dist]
# distance from previous block
# <min> <max>
1	7

[block]
# block no. 2 follows, 48 sequences, length 18
# corresponding to MSA columns:
# 784-801
name=unknown_C
#
# <colnr> <probs for GDERKNQSTAVLIFYWHMCP>
#	G	D	E	R	K	N	Q	S	T	A	V	L	I	F	Y	W	H	M	C	P
0	0.02968	0.02506	0.01216	0.00995	0.01281	0.12528	0.00782	0.22038	0.10503	0.18476	0.06014	0.01642	0.01277	0.03877	0.00776	0.10948	0.00532	0.00499	0.00455	0.00690
1	0.00866	0.04598	0.01193	0.12913	0.01437	0.00906	0.04812	0.01065	0.00904	0.01254	0.03222	0.01962	0.03979	0.07679	0.40843	0.00526	0.10514	0.00555	0.00275	0.00499
2	0.03568	0.06629	0.01392	0.01046	0.03198	0.06174	0.00835	0.36179	0.04527	0.05835	0.03315	0.01394	0.03205	0.00581	0.00467	0.00135	0.00507	0.00444	0.03697	0.16872
3	0.00839	0.00577	0.00727	0.00734	0.00866	0.00560	0.00549	0.01101	0.07287	0.07167	0.17956	0.28096	0.15823	0.01525	0.08953	0.00253	0.00423	0.05570	0.00488	0.00505
4	0.00648	0.00517	0.00581	0.00575	0.00721	0.00449	0.00428	0.00814	0.01253	0.01609	0.29901	0.09652	0.48569	0.01235	0.00609	0.00172	0.00256	0.01055	0.00506	0.00449
5	0.01042	0.02454	0.69549	0.01509	0.05070	0.01179	0.03629	0.01644	0.04056	0.01640	0.01018	0.03125	0.00763	0.00521	0.00497	0.00164	0.00730	0.00422	0.00237	0.00752
6	0.01246	0.14431	0.36363	0.06176	0.04013	0.03251	0.07264	0.08435	0.01244	0.05079	0.05054	0.01273	0.00937	0.00535	0.00512	0.00155	0.02594	0.00430	0.00287	0.00720
7	0.01282	0.00909	0.01006	0.00892	0.01156	0.00973	0.00691	0.02174	0.44936	0.14652	0.06170	0.02539	0.13741	0.05723	0.00665	0.00190	0.00386	0.00675	0.00523	0.00717
8	0.00629	0.00453	0.00597	0.00704	0.00743	0.00420	0.00474	0.00726	0.01010	0.01345	0.06219	0.75467	0.06169	0.01572	0.00651	0.00205	0.00294	0.01422	0.00480	0.00420
9	0.03530	0.01358	0.01364	0.05044	0.07025	0.15211	0.00954	0.15678	0.25184	0.08209	0.01513	0.02674	0.02906	0.00658	0.00590	0.00164	0.06275	0.00503	0.00423	0.00740
10	0.01228	0.05250	0.01505	0.05809	0.31229	0.01032	0.01070	0.08749	0.03476	0.07506	0.12265	0.08228	0.04137	0.00753	0.00541	0.00164	0.00493	0.05479	0.00393	0.00693
11	0.00617	0.00513	0.00541	0.00561	0.00714	0.00437	0.00418	0.00746	0.01146	0.01382	0.04796	0.14877	0.65923	0.01344	0.00617	0.00180	0.00273	0.04005	0.00476	0.00433
12	0.01038	0.00557	0.00565	0.00536	0.00679	0.00569	0.00409	0.07396	0.01185	0.02021	0.01638	0.01857	0.01279	0.00599	0.00371	0.00122	0.00266	0.00477	0.77925	0.00510
13	0.01202	0.01446	0.12271	0.06664	0.37328	0.01240	0.29019	0.01592	0.01166	0.01639	0.00983	0.01293	0.00773	0.00455	0.00541	0.00162	0.00725	0.00501	0.00250	0.00749
14	0.01242	0.00845	0.07389	0.00822	0.01085	0.00677	0.00709	0.05448	0.01469	0.22784	0.45335	0.02961	0.03272	0.00879	0.00569	0.00162	0.00361	0.02810	0.00550	0.00632
15	0.00644	0.00512	0.00578	0.00581	0.00721	0.00446	0.00428	0.00802	0.01229	0.01573	0.26373	0.14351	0.47417	0.01265	0.00612	0.00174	0.00259	0.01085	0.00502	0.00446
16	0.11922	0.00694	0.00840	0.00737	0.00961	0.00664	0.00584	0.03083	0.01380	0.21351	0.41351	0.03009	0.06078	0.00890	0.00549	0.00164	0.00329	0.04276	0.00542	0.00597
17	0.07284	0.04020	0.08879	0.03976	0.03406	0.00890	0.00824	0.07610	0.05782	0.18310	0.22628	0.09181	0.03474	0.00803	0.00530	0.00163	0.00425	0.00676	0.00477	0.00661

[dist]
# distance from previous block
# <min> <max>
0	2

[block]
# block no. 3 follows, 48 sequences, length 28
# corresponding to MSA columns:
# 804-831
name=unknown_D
#
# <colnr> <probs for GDERKNQSTAVLIFYWHMCP>
#	G	D	E	R	K	N	Q	S	T	A	V	L	I	F	Y	W	H	M	C	P
0	0.01636	0.19094	0.05040	0.01413	0.07677	0.44932	0.05601	0.01899	0.05559	0.01367	0.00882	0.01020	0.00729	0.00506	0.00451	0.00135	0.00782	0.00361	0.00266	0.00650
1	0.06136	0.01012	0.01188	0.00901	0.01309	0.00924	0.02284	0.16807	0.03756	0.14894	0.01268	0.04540	0.00990	0.00537	0.00446	0.00121	0.00435	0.00432	0.00415	0.41604
2	0.02857	0.00629	0.00789	0.00727	0.00888	0.00604	0.00549	0.05388	0.03716	0.10625	0.48203	0.15719	0.03744	0.02455	0.00624	0.00174	0.00303	0.00912	0.00545	0.00547
3	0.03229	0.53381	0.07584	0.01061	0.02913	0.17065	0.00982	0.06015	0.01204	0.01394	0.00778	0.00893	0.00672	0.00471	0.00380	0.00122	0.00635	0.00307	0.00248	0.00666
4	0.00709	0.00521	0.00672	0.00700	0.00809	0.00484	0.00536	0.00903	0.01266	0.01711	0.38213	0.19789	0.14756	0.01267	0.00635	0.00187	0.00301	0.15563	0.00517	0.00461
5	0.00810	0.00583	0.00805	0.00917	0.01036	0.00578	0.00796	0.01038	0.01176	0.01522	0.02846	0.07683	0.06806	0.01416	0.00702	0.00232	0.00457	0.69653	0.00473	0.00469
6	0.01105	0.00719	0.00718	0.00662	0.00825	0.05041	0.01795	0.09594	0.02599	0.01972	0.01637	0.06565	0.01350	0.00714	0.01848	0.00144	0.00351	0.00532	0.61294	0.00534
7	0.01895	0.06667	0.01548	0.01257	0.01572	0.53582	0.00980	0.23025	0.01699	0.01807	0.00911	0.01005	0.00720	0.00548	0.00469	0.00137	0.00803	0.00364	0.00332	0.00676
8	0.00996	0.00630	0.00777	0.15992	0.01250	0.00679	0.00623	0.03557	0.01102	0.01802	0.01473	0.01802	0.01169	0.00595	0.00434	0.00133	0.02388	0.01911	0.58211	0.04474
9	0.00848	0.00714	0.01069	0.00986	0.01071	0.00883	0.03280	0.01024	0.00834	0.01235	0.01202	0.01777	0.01120	0.02942	0.56444	0.00641	0.20514	0.00526	0.02399	0.00491
10	0.85592	0.00992	0.00754	0.00675	0.00992	0.01151	0.00556	0.01508	0.00873	0.02302	0.00714	0.00834	0.00556	0.00476	0.00318	0.00159	0.00397	0.00278	0.00318	0.00556
11	0.01951	0.01437	0.01540	0.01181	0.01591	0.01591	0.00975	0.77056	0.02412	0.03234	0.01232	0.01232	0.00873	0.00616	0.00513	0.00154	0.00565	0.00462	0.00513	0.00873
12	0.01103	0.01093	0.01534	0.01321	0.01325	0.01524	0.01098	0.01219	0.00788	0.01233	0.00709	0.01168	0.00705	0.01048	0.05660	0.00255	0.76981	0.00454	0.00227	0.00556
13	0.00726	0.00524	0.00686	0.00646	0.00767	0.00484	0.00484	0.00968	0.01452	0.02058	0.78496	0.03833	0.04841	0.01049	0.00605	0.00161	0.00242	0.00928	0.00565	0.00484
14	0.00641	0.00462	0.00592	0.00690	0.00732	0.00431	0.00464	0.00730	0.00983	0.01294	0.02923	0.65074	0.09972	0.09121	0.00836	0.00233	0.00318	0.03632	0.00461	0.00410
15	0.00969	0.00912	0.01539	0.80734	0.03534	0.01140	0.01425	0.01311	0.01026	0.01311	0.00912	0.01368	0.00684	0.00513	0.00513	0.00171	0.00684	0.00456	0.00228	0.00570
16	0.01663	0.01308	0.01539	0.09077	0.01787	0.01461	0.05202	0.48948	0.18874	0.02715	0.01379	0.01405	0.01002	0.00613	0.00520	0.00161	0.00558	0.00495	0.00473	0.00819
17	0.00635	0.00451	0.00593	0.00702	0.00730	0.00423	0.00463	0.00717	0.00964	0.01285	0.02733	0.75467	0.03273	0.07938	0.00809	0.00231	0.00313	0.01403	0.00463	0.00408
18	0.00625	0.00449	0.00593	0.00709	0.00743	0.00417	0.00474	0.00715	0.00988	0.01312	0.02894	0.79500	0.05484	0.01599	0.00654	0.00207	0.00297	0.01448	0.00476	0.00417
19	0.01105	0.00643	0.00679	0.00619	0.00777	0.00683	0.00481	0.12441	0.01259	0.02071	0.01569	0.01788	0.01228	0.00680	0.02124	0.00143	0.02991	0.00476	0.67703	0.00539
20	0.00628	0.00451	0.00596	0.00707	0.00744	0.00419	0.00474	0.00723	0.01003	0.01336	0.05299	0.77024	0.05532	0.01581	0.00652	0.00206	0.00295	0.01431	0.00479	0.00419
21	0.00884	0.00479	0.00515	0.00531	0.00627	0.00478	0.00382	0.01080	0.01024	0.01721	0.01810	0.12673	0.01640	0.08082	0.03866	0.00194	0.00316	0.00636	0.62605	0.00454
22	0.03940	0.01207	0.01922	0.06313	0.62003	0.01240	0.01448	0.10276	0.01297	0.01856	0.01031	0.01373	0.00861	0.00503	0.00508	0.00156	0.00598	0.02387	0.00290	0.00792
23	0.85592	0.00992	0.00754	0.00675	0.00992	0.01151	0.00556	0.01508	0.00873	0.02302	0.00714	0.00834	0.00556	0.00476	0.00318	0.00159	0.00397	0.00278	0.00318	0.00556
24	0.00770	0.00659	0.05410	0.00693	0.00861	0.00529	0.00569	0.01026	0.01415	0.03565	0.68205	0.03687	0.08613	0.01021	0.00596	0.00162	0.00278	0.00895	0.00540	0.00506
25	0.01202	0.01003	0.01166	0.00909	0.03739	0.00858	0.00700	0.11508	0.05860	0.01909	0.01027	0.01144	0.00825	0.00433	0.00410	0.00095	0.00414	0.00347	0.00343	0.66108
26	0.00768	0.00522	0.00652	0.00700	0.00798	0.00475	0.00491	0.02205	0.01068	0.06036	0.03065	0.55043	0.16468	0.04305	0.00697	0.00205	0.00317	0.02449	0.00475	0.03261
27	0.03472	0.52531	0.23440	0.01093	0.01611	0.04953	0.03697	0.01584	0.01072	0.01366	0.00784	0.00917	0.00658	0.00457	0.00387	0.00128	0.00628	0.00316	0.00224	0.00681

[dist]
# distance from previous block
# <min> <max>
1	14

[block]
# block no. 4 follows, 48 sequences, length 8
# corresponding to MSA columns:
# 876-883
name=unknown_E
#
# <colnr> <probs for GDERKNQSTAVLIFYWHMCP>
#	G	D	E	R	K	N	Q	S	T	A	V	L	I	F	Y	W	H	M	C	P
0	0.05441	0.00935	0.01201	0.00922	0.01320	0.00847	0.00760	0.09648	0.01516	0.64757	0.01839	0.01626	0.01177	0.00614	0.00501	0.00154	0.00445	0.00491	0.00594	0.05212
1	0.01075	0.05015	0.51316	0.11513	0.07426	0.01232	0.12126	0.01582	0.01098	0.01577	0.00931	0.01163	0.00683	0.00479	0.00503	0.00162	0.00747	0.00421	0.00227	0.00726
2	0.01087	0.01103	0.01528	0.70853	0.03292	0.10941	0.01371	0.01403	0.01079	0.01304	0.00897	0.01313	0.00681	0.00515	0.00507	0.00166	0.00714	0.00440	0.00233	0.00573
3	0.00652	0.00462	0.00606	0.00711	0.00743	0.00437	0.00479	0.00740	0.00968	0.01288	0.02681	0.67807	0.03190	0.10861	0.00884	0.00243	0.00332	0.06052	0.00457	0.00408
4	0.15218	0.02026	0.01387	0.01303	0.05744	0.53698	0.00952	0.10868	0.01460	0.01681	0.00842	0.00966	0.00678	0.00527	0.00448	0.00140	0.00781	0.00345	0.00302	0.00634
5	0.03263	0.00951	0.00906	0.00838	0.01019	0.10609	0.00619	0.12724	0.07506	0.01784	0.05559	0.23891	0.01947	0.09998	0.00755	0.00198	0.00444	0.00774	0.11083	0.05130
6	0.10988	0.02893	0.01757	0.07621	0.49702	0.01197	0.01307	0.05770	0.03334	0.06002	0.01095	0.01425	0.00899	0.00523	0.00491	0.00158	0.00566	0.03204	0.00309	0.00758
7	0.04348	0.06197	0.06723	0.01070	0.05477	0.01021	0.00865	0.13417	0.08129	0.16823	0.06136	0.12595	0.01633	0.00780	0.00539	0.00162	0.01894	0.04396	0.00452	0.07344

[dist]
# distance from previous block
# <min> <max>
5	9

[block]
# block no. 5 follows, 48 sequences, length 23
# corresponding to MSA columns:
# 913-931,934-937
name=unknown_F
#
# <colnr> <probs for GDERKNQSTAVLIFYWHMCP>
#	G	D	E	R	K	N	Q	S	T	A	V	L	I	F	Y	W	H	M	C	P
0	0.03965	0.04778	0.07016	0.11194	0.11148	0.02560	0.09456	0.09142	0.07265	0.04847	0.05913	0.08372	0.01365	0.02382	0.00584	0.00169	0.01924	0.02095	0.00357	0.05467
1	0.02644	0.04335	0.01576	0.06827	0.01652	0.17009	0.16607	0.02911	0.02680	0.01474	0.01360	0.07397	0.05148	0.03934	0.04132	0.00198	0.07512	0.00563	0.03996	0.08045
2	0.01048	0.00870	0.03989	0.05754	0.04695	0.00866	0.02273	0.06957	0.01078	0.05756	0.01653	0.14963	0.04620	0.18875	0.01161	0.00245	0.12052	0.01809	0.02450	0.08887
3	0.14725	0.01385	0.10967	0.01513	0.01892	0.04172	0.31822	0.03287	0.01120	0.01718	0.05612	0.03022	0.02068	0.00602	0.00714	0.00176	0.13749	0.00531	0.00290	0.00636
4	0.01209	0.01294	0.02094	0.03298	0.02913	0.09278	0.36045	0.02634	0.01141	0.01534	0.02386	0.04994	0.00985	0.00658	0.01743	0.00180	0.16374	0.01823	0.01956	0.07458
5	0.56208	0.00964	0.00877	0.05496	0.01183	0.01075	0.00638	0.08778	0.01105	0.04125	0.04573	0.01418	0.07496	0.00588	0.00393	0.00157	0.00412	0.00411	0.00363	0.03740
6	0.00741	0.00495	0.00561	0.00566	0.00568	0.00494	0.00318	0.00745	0.00756	0.01009	0.01669	0.06759	0.01932	0.78475	0.02527	0.00485	0.00489	0.00777	0.00318	0.00316
7	0.06260	0.00983	0.01103	0.00815	0.01245	0.00843	0.00657	0.12808	0.01271	0.03903	0.01117	0.01219	0.03315	0.00458	0.00407	0.00098	0.00407	0.00357	0.00351	0.62385
8	0.08957	0.37754	0.13346	0.01122	0.04934	0.11901	0.01035	0.08909	0.01239	0.01615	0.02875	0.01090	0.02257	0.00511	0.00407	0.00134	0.00606	0.00356	0.00277	0.00675
9	0.00780	0.00617	0.00836	0.00857	0.00956	0.00633	0.03450	0.02225	0.06953	0.01480	0.05612	0.47023	0.08026	0.01365	0.00705	0.00204	0.05171	0.12160	0.00460	0.00485
10	0.00712	0.00502	0.00628	0.00698	0.00737	0.00487	0.00458	0.04031	0.00988	0.01318	0.02469	0.59416	0.02919	0.20795	0.01117	0.00275	0.00357	0.01245	0.00438	0.00411
11	0.01268	0.03624	0.01915	0.04121	0.56998	0.04472	0.01401	0.03267	0.02820	0.01638	0.02526	0.01378	0.02725	0.00547	0.00629	0.00159	0.09012	0.00472	0.00273	0.00754
12	0.01035	0.05981	0.01024	0.00903	0.04836	0.02047	0.00624	0.11879	0.07179	0.01544	0.04574	0.05630	0.01635	0.33724	0.14813	0.00406	0.00645	0.00645	0.00358	0.00518
13	0.00656	0.00460	0.00586	0.00675	0.00697	0.00437	0.00434	0.00723	0.00922	0.01229	0.02517	0.61523	0.03001	0.22253	0.01158	0.00283	0.00349	0.01276	0.00434	0.00390
14	0.00745	0.00527	0.00673	0.00642	0.00770	0.00480	0.00479	0.00962	0.01386	0.03891	0.62515	0.09370	0.13419	0.01107	0.00607	0.00166	0.00253	0.00973	0.00550	0.00483
15	0.10327	0.01195	0.01442	0.18672	0.05720	0.01348	0.02442	0.38482	0.07492	0.02442	0.01225	0.04770	0.00955	0.00617	0.00501	0.00162	0.00558	0.00496	0.00412	0.00742
16	0.25667	0.05989	0.41594	0.01300	0.05237	0.05925	0.04338	0.01610	0.01051	0.01782	0.00850	0.01009	0.00636	0.00481	0.00434	0.00157	0.00651	0.00354	0.00252	0.00685
17	0.00758	0.00569	0.00728	0.00809	0.00934	0.00549	0.00668	0.00986	0.03651	0.01486	0.03332	0.16167	0.21855	0.01391	0.00669	0.00215	0.00393	0.43897	0.00476	0.00466
18	0.00681	0.00487	0.00628	0.00714	0.00762	0.00464	0.00484	0.02994	0.01039	0.01387	0.06514	0.67216	0.04796	0.07098	0.00783	0.00224	0.00319	0.02514	0.00470	0.00428
19	0.01559	0.01719	0.05305	0.02052	0.30582	0.28810	0.07041	0.06241	0.01335	0.04951	0.00955	0.01160	0.00766	0.00521	0.00560	0.00151	0.04864	0.00423	0.00287	0.00718
20	0.03213	0.01125	0.01108	0.02553	0.01201	0.13700	0.00763	0.11336	0.02598	0.10301	0.01277	0.01440	0.00987	0.00636	0.00656	0.00150	0.14922	0.00442	0.27814	0.03777
21	0.06081	0.01021	0.01188	0.00945	0.01305	0.02124	0.00770	0.19530	0.09535	0.41848	0.01839	0.01693	0.03455	0.00645	0.00499	0.00157	0.00451	0.00510	0.05594	0.00811
22	0.01272	0.01306	0.07984	0.25185	0.28429	0.03188	0.09397	0.10310	0.03251	0.03219	0.01030	0.01309	0.00790	0.00503	0.00518	0.00161	0.00664	0.00468	0.00288	0.00728

[dist]
# distance from previous block
# <min> <max>
0	1

[block]
# block no. 6 follows, 48 sequences, length 40
# corresponding to MSA columns:
# 939-965,971-983
name=unknown_G
#
# <colnr> <probs for GDERKNQSTAVLIFYWHMCP>
#	G	D	E	R	K	N	Q	S	T	A	V	L	I	F	Y	W	H	M	C	P
0	0.01395	0.42771	0.09944	0.02479	0.08147	0.08833	0.01039	0.05936	0.01177	0.04135	0.00902	0.01050	0.00751	0.00570	0.02210	0.00146	0.03149	0.00349	0.04338	0.00678
1	0.00712	0.02262	0.00686	0.00681	0.00839	0.00534	0.00552	0.00908	0.02585	0.01491	0.09683	0.06130	0.45476	0.01293	0.00631	0.00191	0.00334	0.24075	0.00477	0.00461
2	0.03585	0.01348	0.12342	0.08096	0.24030	0.01172	0.01240	0.17096	0.03634	0.17653	0.01247	0.01341	0.00898	0.00539	0.00500	0.00155	0.00573	0.00453	0.00387	0.03711
3	0.01241	0.08064	0.01392	0.01213	0.09104	0.04073	0.05206	0.06701	0.26527	0.05932	0.02058	0.02158	0.12061	0.02814	0.07821	0.00230	0.00568	0.01734	0.00415	0.00689
4	0.00636	0.00454	0.00607	0.00721	0.00757	0.00425	0.00490	0.00736	0.01005	0.01342	0.05187	0.76315	0.03422	0.01583	0.00655	0.00208	0.00303	0.04255	0.00479	0.00421
5	0.01051	0.01130	0.03751	0.29784	0.02741	0.01134	0.39461	0.01414	0.01115	0.01485	0.01207	0.11042	0.01058	0.00604	0.00576	0.00176	0.00730	0.00651	0.00274	0.00617
6	0.03130	0.00682	0.00842	0.00759	0.00958	0.00663	0.00588	0.01498	0.12586	0.15855	0.43839	0.06286	0.06225	0.00951	0.00575	0.00167	0.00314	0.02927	0.00556	0.00599
7	0.01479	0.52371	0.08743	0.01044	0.01463	0.15270	0.00999	0.08160	0.01227	0.01427	0.00788	0.00907	0.00677	0.00488	0.00424	0.00125	0.03169	0.00314	0.00253	0.00671
8	0.01292	0.01434	0.06936	0.03859	0.20884	0.03757	0.41976	0.08152	0.01298	0.01770	0.01017	0.01303	0.00781	0.00461	0.00555	0.00162	0.00757	0.00525	0.00278	0.02802
9	0.01023	0.00774	0.00850	0.00811	0.00934	0.09477	0.00607	0.01173	0.00958	0.07972	0.01435	0.02103	0.01320	0.16953	0.43500	0.00571	0.00989	0.00551	0.07516	0.00485
10	0.24235	0.01281	0.01288	0.01018	0.01392	0.01430	0.00839	0.53912	0.01949	0.02933	0.01111	0.01152	0.00805	0.00578	0.00455	0.00154	0.00507	0.00413	0.03774	0.00773
11	0.09171	0.01388	0.01460	0.01132	0.01531	0.01543	0.00934	0.68173	0.04656	0.03119	0.01214	0.01219	0.00867	0.00606	0.00497	0.00155	0.00545	0.00450	0.00497	0.00843
12	0.00704	0.00520	0.00658	0.00701	0.00789	0.00466	0.00474	0.00802	0.00964	0.01322	0.02397	0.60024	0.02819	0.11689	0.00865	0.00226	0.00335	0.01201	0.00430	0.12613
13	0.00863	0.00555	0.00730	0.00669	0.00814	0.00508	0.00508	0.01101	0.01454	0.08730	0.71875	0.03652	0.04532	0.01013	0.00597	0.00161	0.00259	0.00892	0.00571	0.00518
14	0.00635	0.00453	0.00590	0.00695	0.00727	0.00424	0.00459	0.00718	0.00968	0.01285	0.02797	0.72454	0.05608	0.08562	0.00823	0.00232	0.00314	0.01385	0.00462	0.00408
15	0.01211	0.01384	0.03028	0.02163	0.02682	0.01298	0.76903	0.01644	0.01211	0.01644	0.01038	0.01384	0.00779	0.00433	0.00606	0.00173	0.00865	0.00606	0.00260	0.00692
16	0.06177	0.01036	0.01095	0.00966	0.01244	0.01167	0.00749	0.08276	0.53653	0.06626	0.02004	0.02018	0.04117	0.07731	0.00693	0.00199	0.00423	0.00581	0.00496	0.00749
17	0.01662	0.00761	0.01007	0.00860	0.01142	0.00693	0.00693	0.01937	0.06245	0.46075	0.11917	0.10301	0.04542	0.00891	0.00565	0.00174	0.00395	0.08841	0.00581	0.00719
18	0.00628	0.00449	0.00598	0.00712	0.00745	0.00419	0.00477	0.00722	0.00996	0.01332	0.05084	0.79313	0.03437	0.01591	0.00653	0.00207	0.00296	0.01443	0.00479	0.00419
19	0.03514	0.01126	0.01893	0.24944	0.55418	0.01195	0.01504	0.01499	0.01120	0.01591	0.00943	0.01286	0.00769	0.00473	0.00504	0.00158	0.00625	0.00452	0.00248	0.00737
20	0.00907	0.00537	0.00710	0.00747	0.00846	0.00498	0.00531	0.02245	0.01115	0.12622	0.09204	0.57408	0.03113	0.03793	0.00688	0.00206	0.00329	0.03504	0.00502	0.00494
21	0.00865	0.00628	0.00773	0.00809	0.00914	0.00630	0.00590	0.13552	0.01245	0.01655	0.02611	0.59248	0.04861	0.01416	0.00635	0.00201	0.00357	0.08028	0.00482	0.00499
22	0.03260	0.00904	0.03742	0.01028	0.01355	0.00793	0.11681	0.03925	0.02564	0.35247	0.20538	0.07247	0.02168	0.00761	0.00551	0.00164	0.00450	0.00679	0.02239	0.00704
23	0.72498	0.01082	0.03982	0.00948	0.08153	0.01169	0.00715	0.01512	0.00906	0.02192	0.00744	0.00890	0.00586	0.00485	0.00375	0.00160	0.02405	0.00302	0.00305	0.00587
24	0.01466	0.37970	0.06140	0.01288	0.02900	0.24118	0.13506	0.01689	0.01184	0.01321	0.00817	0.00994	0.00694	0.00542	0.02059	0.00146	0.01916	0.00361	0.00241	0.00648
25	0.03370	0.49319	0.23969	0.01118	0.01644	0.02939	0.05531	0.01608	0.01081	0.04064	0.00836	0.00962	0.00682	0.00461	0.00398	0.00131	0.00624	0.00332	0.00238	0.00692
26	0.01261	0.06935	0.35164	0.01532	0.02097	0.05055	0.22753	0.01687	0.01153	0.08279	0.01018	0.01203	0.00747	0.00499	0.00566	0.00160	0.04667	0.00446	0.00272	0.04507
27	0.01288	0.04842	0.52454	0.01342	0.03638	0.01090	0.02956	0.01752	0.01166	0.17272	0.01263	0.03481	0.00947	0.00581	0.00504	0.00164	0.00661	0.03522	0.00320	0.00758
28	0.00637	0.00461	0.00604	0.00702	0.00750	0.00427	0.00480	0.00746	0.01038	0.01384	0.09513	0.68771	0.07839	0.01537	0.00649	0.00203	0.00295	0.03055	0.00484	0.00425
29	0.02697	0.00756	0.00858	0.06160	0.01122	0.04506	0.00654	0.09060	0.07471	0.01597	0.02372	0.44019	0.06557	0.03232	0.01983	0.01452	0.00423	0.04121	0.00443	0.00517
30	0.01142	0.05207	0.08987	0.03392	0.01733	0.02932	0.16205	0.01372	0.00929	0.01351	0.00802	0.01189	0.00712	0.00829	0.03880	0.00220	0.47811	0.00467	0.00233	0.00607
31	0.01049	0.00590	0.00700	0.00646	0.00843	0.00516	0.00493	0.01211	0.01237	0.19729	0.11330	0.13407	0.36816	0.01096	0.00570	0.00168	0.00302	0.00929	0.07825	0.00543
32	0.00611	0.00520	0.00526	0.00525	0.00696	0.00435	0.00393	0.00745	0.01180	0.01412	0.08036	0.04895	0.75704	0.01290	0.00606	0.00173	0.00259	0.01077	0.00480	0.00435
33	0.01348	0.00945	0.01164	0.03983	0.01356	0.00849	0.01790	0.12875	0.01325	0.14128	0.01361	0.07981	0.01155	0.00613	0.00489	0.00126	0.01919	0.03416	0.00404	0.42773
34	0.05555	0.00551	0.00602	0.00613	0.00751	0.00511	0.00446	0.00885	0.03787	0.01548	0.16714	0.21273	0.39239	0.04378	0.00675	0.00191	0.00287	0.01063	0.00478	0.00454
35	0.00661	0.00483	0.00621	0.00712	0.00777	0.00450	0.00509	0.00780	0.01048	0.01374	0.06493	0.53635	0.13611	0.04671	0.00731	0.00217	0.00323	0.12004	0.00473	0.00426
36	0.00643	0.00464	0.00608	0.00717	0.00756	0.00438	0.00484	0.00760	0.02438	0.01325	0.02840	0.75443	0.04998	0.03212	0.00692	0.00213	0.00306	0.02764	0.00474	0.00423
37	0.66800	0.12687	0.01049	0.03544	0.01113	0.01249	0.00625	0.01492	0.00912	0.02092	0.00763	0.00897	0.00608	0.00477	0.00328	0.00150	0.00422	0.00292	0.03933	0.00568
38	0.02725	0.00627	0.00670	0.00621	0.00773	0.00661	0.00475	0.11365	0.01205	0.01964	0.01558	0.01895	0.01269	0.05697	0.09475	0.00226	0.00429	0.00496	0.57348	0.00521
39	0.01576	0.12720	0.06240	0.02637	0.15438	0.17286	0.04072	0.14182	0.04578	0.08480	0.01076	0.01197	0.00832	0.00587	0.01878	0.00156	0.02247	0.00414	0.00337	0.04066

[dist]
# distance from previous block
# <min> <max>
0	7

[block]
# block no. 7 follows, 48 sequences, length 7
# corresponding to MSA columns:
# 994-1000
name=unknown_H
#
# <colnr> <probs for GDERKNQSTAVLIFYWHMCP>
#	G	D	E	R	K	N	Q	S	T	A	V	L	I	F	Y	W	H	M	C	P
0	0.51129	0.01248	0.09040	0.01118	0.10328	0.05060	0.00865	0.01606	0.05922	0.02044	0.00957	0.01226	0.00785	0.00534	0.00398	0.00160	0.00489	0.03890	0.00317	0.02886
1	0.01482	0.06046	0.04726	0.07574	0.18973	0.32054	0.01115	0.06420	0.05055	0.01547	0.03397	0.03255	0.01005	0.04482	0.00589	0.00163	0.00705	0.00453	0.00300	0.00659
2	0.01052	0.17618	0.01227	0.00802	0.00967	0.01023	0.00632	0.04963	0.03948	0.04806	0.05186	0.11121	0.06133	0.23493	0.02836	0.00270	0.09659	0.00679	0.03068	0.00519
