[name]
unknown

[dist]
# distance from previous block
# <min> <max>
8	84

[block]
# block no. 0 follows, 50 sequences, length 9
# corresponding to MSA columns:
# 102-110
name=unknown_A
#
# <colnr> <probs for GDERKNQSTAVLIFYWHMCP>
#	G	D	E	R	K	N	Q	S	T	A	V	L	I	F	Y	W	H	M	C	P
0	0.01139	0.05730	0.01234	0.15154	0.06515	0.04096	0.00857	0.06376	0.20841	0.04513	0.04042	0.08454	0.07820	0.03227	0.00561	0.00164	0.00468	0.00602	0.00387	0.07821
1	0.05878	0.01050	0.05821	0.20458	0.04306	0.04336	0.02359	0.06453	0.07433	0.08561	0.06038	0.06490	0.03553	0.00820	0.04504	0.00193	0.06005	0.00543	0.00352	0.04847
2	0.16260	0.00906	0.01051	0.10703	0.01375	0.03708	0.03167	0.10285	0.03946	0.08422	0.13093	0.07080	0.06199	0.05353	0.00640	0.00177	0.02966	0.00599	0.00401	0.03671
3	0.03912	0.01111	0.01632	0.13288	0.12932	0.03541	0.13069	0.11573	0.07042	0.06507	0.04982	0.04247	0.01108	0.00603	0.00614	0.00161	0.08106	0.00519	0.00343	0.04709
4	0.07693	0.01093	0.01593	0.26168	0.08163	0.03776	0.11183	0.07925	0.01127	0.01626	0.00887	0.01181	0.00703	0.00513	0.00607	0.00152	0.10226	0.00420	0.00271	0.14692
5	0.06872	0.00789	0.00967	0.06151	0.01146	0.00824	0.03710	0.13403	0.04757	0.06945	0.04849	0.06652	0.04366	0.29850	0.03879	0.00295	0.00501	0.00641	0.00381	0.03024
6	0.07145	0.01046	0.01636	0.23953	0.34454	0.01138	0.03390	0.04848	0.03983	0.05462	0.01073	0.04547	0.00884	0.00546	0.00536	0.00160	0.03742	0.00482	0.00291	0.00684
7	0.05619	0.00522	0.00584	0.00585	0.00722	0.00476	0.00432	0.00831	0.01183	0.01606	0.29303	0.16545	0.37464	0.01182	0.00580	0.00169	0.00260	0.01014	0.00483	0.00442
8	0.01208	0.01044	0.01421	0.11533	0.05436	0.03745	0.05808	0.12770	0.01175	0.04789	0.01147	0.05179	0.02525	0.00882	0.05861	0.00209	0.23836	0.00503	0.03633	0.07297

[dist]
# distance from previous block
# <min> <max>
1	16

[block]
# block no. 1 follows, 50 sequences, length 8
# corresponding to MSA columns:
# 127-134
name=unknown_B
#
# <colnr> <probs for GDERKNQSTAVLIFYWHMCP>
#	G	D	E	R	K	N	Q	S	T	A	V	L	I	F	Y	W	H	M	C	P
0	0.11190	0.00619	0.00710	0.03653	0.03753	0.03516	0.00551	0.00890	0.00960	0.01388	0.02299	0.56546	0.05033	0.05680	0.00680	0.00205	0.00357	0.01116	0.00411	0.00442
1	0.58988	0.00855	0.00741	0.00684	0.00934	0.00959	0.00535	0.01419	0.05050	0.06118	0.01179	0.12215	0.01101	0.06734	0.00540	0.00186	0.00382	0.00489	0.00356	0.00533
2	0.71336	0.10652	0.05362	0.00721	0.01067	0.01221	0.00649	0.01475	0.00879	0.02075	0.00705	0.00822	0.00557	0.00459	0.00319	0.00149	0.00422	0.00275	0.00292	0.00562
3	0.51796	0.01212	0.07160	0.04943	0.01314	0.05398	0.00770	0.11656	0.01128	0.04123	0.00835	0.00948	0.00630	0.00484	0.00373	0.00148	0.00477	0.00320	0.00326	0.05959
4	0.12213	0.44094	0.16695	0.01024	0.01493	0.01628	0.04435	0.10451	0.01162	0.01635	0.00804	0.00919	0.00655	0.00460	0.00380	0.00130	0.00568	0.00322	0.00260	0.00671
5	0.52930	0.01228	0.06828	0.03502	0.01254	0.10367	0.00747	0.01690	0.01031	0.15007	0.00937	0.01004	0.00679	0.00496	0.00376	0.00152	0.00488	0.00328	0.00344	0.00611
6	0.01184	0.21050	0.41964	0.01573	0.15827	0.07254	0.01489	0.01580	0.01085	0.01466	0.00846	0.01015	0.00663	0.00460	0.00439	0.00142	0.00675	0.00355	0.00221	0.00712
7	0.01122	0.05149	0.00959	0.00757	0.01004	0.00711	0.00591	0.05337	0.05347	0.15027	0.17762	0.19211	0.07979	0.00894	0.00520	0.00149	0.00345	0.00768	0.00467	0.15898

[dist]
# distance from previous block
# <min> <max>
3	7

[block]
# block no. 2 follows, 50 sequences, length 57
# corresponding to MSA columns:
# 142-198
name=unknown_C
#
# <colnr> <probs for GDERKNQSTAVLIFYWHMCP>
#	G	D	E	R	K	N	Q	S	T	A	V	L	I	F	Y	W	H	M	C	P
0	0.10114	0.01161	0.01888	0.02808	0.71159	0.01177	0.01426	0.01523	0.01105	0.01692	0.00912	0.01189	0.00763	0.00446	0.00474	0.00149	0.00571	0.00426	0.00253	0.00763
1	0.09386	0.00627	0.00662	0.00618	0.00691	0.00658	0.00393	0.08864	0.00907	0.01321	0.01444	0.02800	0.01584	0.65692	0.02100	0.00415	0.00480	0.00650	0.00323	0.00383
2	0.00595	0.00498	0.00519	0.00529	0.00681	0.00421	0.00391	0.00722	0.01128	0.01364	0.07626	0.12860	0.68389	0.01284	0.00594	0.00171	0.00256	0.01084	0.00466	0.00421
3	0.01245	0.01081	0.01276	0.09636	0.09352	0.01238	0.00935	0.06696	0.58248	0.02015	0.01752	0.01703	0.01320	0.00630	0.00504	0.00166	0.00451	0.00532	0.00451	0.00768
4	0.01035	0.00982	0.01664	0.56189	0.27796	0.01132	0.01431	0.01356	0.01041	0.01387	0.00903	0.01298	0.00705	0.00481	0.00497	0.00160	0.00641	0.00443	0.00230	0.00629
5	0.01017	0.06642	0.75984	0.01392	0.02113	0.01199	0.01792	0.01574	0.01050	0.01558	0.00884	0.01040	0.00632	0.00471	0.00466	0.00155	0.00726	0.00363	0.00211	0.00732
6	0.01100	0.10523	0.43271	0.01613	0.02231	0.01281	0.29812	0.01576	0.01094	0.01543	0.00916	0.01134	0.00679	0.00449	0.00500	0.00156	0.00754	0.00439	0.00226	0.00703
7	0.01004	0.02548	0.78029	0.01437	0.02168	0.01160	0.03682	0.01579	0.01055	0.01579	0.00897	0.01059	0.00634	0.00472	0.00476	0.00158	0.00739	0.00374	0.00211	0.00735
8	0.01034	0.00886	0.01034	0.00738	0.01181	0.00664	0.00591	0.01255	0.01034	0.01624	0.00886	0.01034	0.00738	0.00369	0.00369	0.00074	0.00369	0.00295	0.00295	0.85530
9	0.01076	0.13571	0.56247	0.01455	0.02110	0.01289	0.14358	0.01570	0.01068	0.01525	0.00885	0.01066	0.00653	0.00458	0.00471	0.00152	0.00726	0.00391	0.00218	0.00712
10	0.01134	0.01644	0.21637	0.01936	0.02496	0.01236	0.59168	0.01592	0.01146	0.01592	0.00981	0.01274	0.00726	0.00433	0.00560	0.00166	0.00815	0.00535	0.00242	0.00688
11	0.00713	0.00532	0.00791	0.00791	0.00877	0.00618	0.00611	0.00884	0.00798	0.01150	0.01344	0.02008	0.01268	0.06734	0.77541	0.00789	0.01303	0.00541	0.00268	0.00440
12	0.00852	0.00438	0.00639	0.00639	0.00639	0.00438	0.00420	0.00657	0.00657	0.00876	0.00936	0.01690	0.00961	0.09817	0.02007	0.76985	0.00438	0.00462	0.00225	0.00225
13	0.01269	0.01299	0.02436	0.01789	0.02239	0.01289	0.54461	0.10325	0.15922	0.01862	0.01222	0.01425	0.00911	0.00489	0.00563	0.00166	0.00723	0.00568	0.00328	0.00714
14	0.01476	0.01177	0.01252	0.01057	0.01380	0.01335	0.00841	0.27917	0.51614	0.03677	0.01748	0.01634	0.01290	0.00649	0.00504	0.00162	0.00447	0.00524	0.00506	0.00810
15	0.01872	0.00963	0.01515	0.01468	0.17971	0.00877	0.08944	0.02112	0.01338	0.52914	0.03683	0.01615	0.01181	0.00570	0.00511	0.00154	0.00498	0.00509	0.00498	0.00807
16	0.60825	0.04353	0.00955	0.00751	0.01085	0.01139	0.00625	0.09602	0.01101	0.14209	0.00942	0.00986	0.00683	0.00499	0.00359	0.00152	0.00415	0.00324	0.00372	0.00624
17	0.01000	0.02578	0.79900	0.01421	0.02157	0.01158	0.01842	0.01579	0.01052	0.01579	0.00895	0.01052	0.00631	0.00474	0.00474	0.00158	0.00737	0.00368	0.00210	0.00737
18	0.01015	0.00884	0.01499	0.58961	0.08148	0.01029	0.05434	0.01317	0.01036	0.05813	0.01144	0.09438	0.00974	0.00604	0.00517	0.00168	0.00618	0.00552	0.00272	0.00578
19	0.01170	0.18347	0.46798	0.01460	0.07413	0.01309	0.09141	0.01607	0.01084	0.05880	0.00929	0.01080	0.00690	0.00465	0.00457	0.00148	0.00679	0.00383	0.00241	0.00721
20	0.86003	0.00964	0.00733	0.00655	0.00964	0.01118	0.00540	0.01465	0.00848	0.02236	0.00694	0.00810	0.00540	0.00463	0.00308	0.00154	0.00386	0.00270	0.00308	0.00540
21	0.06011	0.01973	0.47712	0.01839	0.25182	0.01140	0.01613	0.01604	0.01086	0.05908	0.00955	0.01128	0.00707	0.00472	0.00472	0.00155	0.00656	0.00393	0.00249	0.00747
22	0.01869	0.02175	0.01430	0.01256	0.01542	0.64308	0.00960	0.17505	0.01603	0.01614	0.00858	0.00960	0.00684	0.00531	0.00460	0.00133	0.00827	0.00347	0.00306	0.00633
23	0.01054	0.00904	0.01043	0.00766	0.01193	0.00722	0.00610	0.01395	0.08788	0.01670	0.01000	0.01116	0.00817	0.00400	0.00383	0.00083	0.00372	0.00322	0.00317	0.77045
24	0.00776	0.00548	0.00738	0.00829	0.00916	0.00546	0.00682	0.00951	0.01050	0.01372	0.02426	0.09328	0.02676	0.18005	0.01064	0.00280	0.00455	0.56508	0.00427	0.00424
25	0.01344	0.01081	0.01854	0.02224	0.42188	0.01054	0.13341	0.03800	0.01224	0.13943	0.01346	0.01911	0.01134	0.00597	0.00536	0.00163	0.00586	0.10596	0.00342	0.00738
26	0.01296	0.26983	0.01613	0.00969	0.01301	0.01485	0.00816	0.05366	0.50794	0.01839	0.01571	0.01496	0.01214	0.00594	0.00447	0.00148	0.00445	0.00465	0.00414	0.00744
27	0.01011	0.00862	0.01009	0.00736	0.01157	0.00651	0.00584	0.01225	0.01029	0.01605	0.00986	0.05392	0.00876	0.00433	0.00383	0.00081	0.00365	0.00356	0.00304	0.80956
28	0.00606	0.00438	0.00574	0.00684	0.00720	0.00406	0.00458	0.00695	0.00964	0.01276	0.02870	0.78029	0.07346	0.01546	0.00634	0.00201	0.00287	0.01398	0.00463	0.00406
29	0.01415	0.00874	0.01073	0.00785	0.01210	0.00686	0.00636	0.01627	0.01158	0.26376	0.01228	0.01244	0.00895	0.00448	0.00411	0.00099	0.00387	0.00361	0.00397	0.58690
30	0.00735	0.00613	0.00962	0.00874	0.01024	0.00647	0.08631	0.00927	0.00911	0.01243	0.02089	0.02496	0.17730	0.02865	0.55177	0.00600	0.01054	0.00650	0.00307	0.00464
31	0.00589	0.00505	0.00505	0.00505	0.00673	0.00421	0.00379	0.00715	0.01136	0.01347	0.05049	0.04797	0.79171	0.01262	0.00589	0.00168	0.00252	0.01052	0.00463	0.00421
32	0.27804	0.00675	0.00640	0.00598	0.00820	0.00668	0.00466	0.01101	0.01064	0.08246	0.04764	0.07684	0.41834	0.00967	0.00495	0.00164	0.00311	0.00776	0.00429	0.00495
33	0.00611	0.00493	0.00543	0.00557	0.00693	0.00426	0.00408	0.00747	0.01148	0.01436	0.16309	0.18149	0.54184	0.01276	0.00597	0.00172	0.00256	0.01092	0.00476	0.00426
34	0.00671	0.00460	0.00560	0.00613	0.00626	0.00447	0.00376	0.00711	0.00830	0.01107	0.02112	0.39563	0.02495	0.45250	0.01662	0.00354	0.00394	0.01043	0.00376	0.00349
35	0.51409	0.01006	0.00954	0.00794	0.01131	0.01101	0.00653	0.12505	0.05355	0.19156	0.01113	0.01113	0.00787	0.00527	0.00388	0.00154	0.00417	0.00361	0.00413	0.00664
36	0.00709	0.00536	0.00665	0.00727	0.00856	0.00500	0.00599	0.00876	0.01116	0.01399	0.03570	0.07477	0.34230	0.02972	0.00714	0.02281	0.00369	0.39519	0.00452	0.00433
37	0.01363	0.00986	0.01079	0.00899	0.01125	0.01066	0.00682	0.43652	0.01656	0.02218	0.01510	0.12004	0.01460	0.26673	0.01162	0.00262	0.00495	0.00658	0.00432	0.00619
38	0.01127	0.00910	0.00981	0.00893	0.01099	0.01021	0.00666	0.09153	0.46635	0.01861	0.01922	0.10141	0.01698	0.18495	0.00959	0.00239	0.00418	0.00673	0.00457	0.00650
39	0.01034	0.00886	0.01034	0.00738	0.01181	0.00664	0.00591	0.01255	0.01034	0.01624	0.00886	0.01034	0.00738	0.00369	0.00369	0.00074	0.00369	0.00295	0.00295	0.85530
40	0.00725	0.00483	0.00544	0.00544	0.00544	0.00483	0.00302	0.00725	0.00725	0.00966	0.01571	0.03262	0.01812	0.82483	0.02537	0.00483	0.00483	0.00725	0.00302	0.00302
41	0.00733	0.00523	0.00619	0.00590	0.00741	0.00460	0.00444	0.00912	0.01273	0.05860	0.39498	0.07305	0.36967	0.01126	0.00586	0.00164	0.00255	0.00967	0.00511	0.00466
42	0.00619	0.00500	0.00513	0.00513	0.00645	0.00434	0.00362	0.00717	0.01047	0.01264	0.04295	0.04464	0.62398	0.18873	0.01011	0.00237	0.00303	0.00981	0.00428	0.00395
43	0.00607	0.00434	0.00578	0.00694	0.00723	0.00405	0.00463	0.00694	0.00954	0.01272	0.02747	0.82157	0.03297	0.01562	0.00636	0.00202	0.00289	0.01417	0.00463	0.00405
44	0.17989	0.00870	0.01077	0.00843	0.01214	0.00805	0.00696	0.02248	0.01318	0.65148	0.01727	0.01530	0.01103	0.00588	0.00465	0.00154	0.00417	0.00458	0.00559	0.00790
45	0.00793	0.00540	0.00619	0.00580	0.00749	0.00469	0.00438	0.00953	0.01230	0.09370	0.26195	0.04115	0.46719	0.04217	0.00654	0.00176	0.00273	0.00941	0.00497	0.00474
46	0.13355	0.00864	0.01100	0.00856	0.01231	0.00784	0.00707	0.02301	0.01350	0.69434	0.01798	0.01579	0.01142	0.00596	0.00476	0.00154	0.00419	0.00471	0.00576	0.00807
47	0.00708	0.00491	0.00567	0.00563	0.00598	0.00483	0.00346	0.00757	0.00849	0.01132	0.10612	0.03404	0.10210	0.60614	0.06304	0.00431	0.00477	0.00769	0.00345	0.00341
48	0.02124	0.00884	0.01164	0.00902	0.01273	0.00799	0.00741	0.09887	0.01503	0.68220	0.03283	0.04196	0.01321	0.00652	0.00507	0.00155	0.00429	0.00532	0.00599	0.00828
49	0.01820	0.01856	0.01280	0.01131	0.01401	0.55177	0.00863	0.01974	0.01415	0.17958	0.09231	0.01364	0.01193	0.00589	0.00475	0.00137	0.00729	0.00420	0.00364	0.00624
50	0.78026	0.01098	0.00797	0.00715	0.01019	0.08643	0.00580	0.01515	0.00902	0.02140	0.00701	0.00818	0.00550	0.00468	0.00322	0.00152	0.00434	0.00275	0.00304	0.00543
51	0.00823	0.00444	0.00659	0.00671	0.00684	0.00451	0.00457	0.00681	0.00697	0.00939	0.01107	0.09640	0.01152	0.01939	0.10620	0.67466	0.00520	0.00543	0.00247	0.00261
52	0.00618	0.00506	0.00545	0.00536	0.00691	0.00433	0.00402	0.00772	0.01205	0.01510	0.23643	0.04527	0.60476	0.01201	0.00589	0.00165	0.00248	0.01014	0.00484	0.00433
53	0.01255	0.18877	0.02151	0.02581	0.62441	0.01355	0.01383	0.01522	0.01108	0.01530	0.00885	0.01140	0.00757	0.00440	0.00456	0.00139	0.00579	0.00406	0.00239	0.00757
54	0.03404	0.00558	0.00694	0.00707	0.00818	0.01730	0.00523	0.01005	0.02456	0.06353	0.35568	0.32656	0.03594	0.01193	0.00596	0.00179	0.00301	0.06687	0.00502	0.00477
55	0.01270	0.01003	0.01145	0.00838	0.01269	0.00871	0.00678	0.19042	0.01350	0.04366	0.00991	0.01092	0.00779	0.00430	0.00403	0.00094	0.00412	0.00337	0.00352	0.63279
56	0.09836	0.00782	0.00771	0.00708	0.00899	0.06236	0.00547	0.08712	0.01336	0.03223	0.28935	0.04885	0.25255	0.02222	0.00573	0.00166	0.00350	0.03589	0.00465	0.00511

[dist]
# distance from previous block
# <min> <max>
0	9

# created by:
# /st0/software/busco_prod/Augustus/scripts/msa2prfl.pl ./align_prep/238204.fa
