[name]
unknown

[dist]
# distance from previous block
# <min> <max>
26	100

[block]
# block no. 0 follows, 48 sequences, length 15
# corresponding to MSA columns:
# 131-145
name=unknown_A
#
# <colnr> <probs for GDERKNQSTAVLIFYWHMCP>
#	G	D	E	R	K	N	Q	S	T	A	V	L	I	F	Y	W	H	M	C	P
0	0.05971	0.02619	0.05017	0.04246	0.07730	0.04750	0.12890	0.07191	0.21038	0.07180	0.03385	0.04590	0.01205	0.00652	0.01597	0.00168	0.01791	0.00535	0.00389	0.07056
1	0.03953	0.11125	0.07558	0.13882	0.05456	0.07308	0.00986	0.07186	0.13986	0.04730	0.05453	0.05392	0.04694	0.02782	0.00546	0.00164	0.00540	0.00538	0.00363	0.03358
2	0.01396	0.01346	0.03951	0.01204	0.05642	0.19043	0.06212	0.04550	0.14671	0.09171	0.04104	0.09776	0.04292	0.00697	0.00512	0.00151	0.00564	0.00585	0.00397	0.11737
3	0.19763	0.12165	0.10976	0.02196	0.01423	0.04155	0.08209	0.01541	0.01076	0.12269	0.01382	0.03659	0.06946	0.00687	0.00600	0.05605	0.03756	0.00473	0.00333	0.02787
4	0.06331	0.00728	0.03368	0.00790	0.00978	0.00662	0.06060	0.01068	0.04777	0.01596	0.15415	0.15335	0.20877	0.09774	0.00812	0.00205	0.02427	0.00871	0.03680	0.04245
5	0.43585	0.01064	0.02664	0.08823	0.01412	0.02527	0.00764	0.05874	0.11030	0.12952	0.01137	0.01192	0.00828	0.00536	0.00410	0.00158	0.00458	0.00382	0.00387	0.03818
6	0.01034	0.00942	0.01493	0.68475	0.03199	0.01122	0.01320	0.05614	0.01108	0.01455	0.00930	0.01331	0.00702	0.00506	0.00500	0.00161	0.00648	0.00442	0.00252	0.08766
7	0.05820	0.00934	0.01448	0.65764	0.03100	0.01112	0.01281	0.03874	0.01068	0.01467	0.00912	0.01304	0.00690	0.00502	0.00489	0.00161	0.00634	0.00431	0.00250	0.08759
8	0.30755	0.03408	0.13614	0.03293	0.01372	0.07264	0.00883	0.05747	0.04564	0.12948	0.01142	0.01224	0.00838	0.00596	0.01866	0.00165	0.00526	0.00385	0.08750	0.00658
9	0.00806	0.00508	0.00645	0.00690	0.00780	0.00463	0.00478	0.00911	0.01060	0.09202	0.06023	0.52507	0.14485	0.07943	0.00790	0.00220	0.00320	0.01228	0.00483	0.00460
10	0.00803	0.00503	0.00649	0.00700	0.00780	0.00462	0.00482	0.00907	0.01051	0.08861	0.07375	0.56004	0.09201	0.08684	0.00811	0.00224	0.00323	0.01241	0.00482	0.00457
11	0.00818	0.00615	0.00731	0.00753	0.00857	0.00613	0.00524	0.05545	0.10133	0.01498	0.02487	0.49167	0.05946	0.12924	0.00897	0.00235	0.00357	0.01124	0.00452	0.04323
12	0.01478	0.01069	0.01199	0.00987	0.01285	0.01126	0.00782	0.43595	0.01795	0.04904	0.01619	0.18146	0.01513	0.05212	0.02664	0.00195	0.00502	0.02581	0.00471	0.08878
13	0.01327	0.08778	0.01200	0.00925	0.01184	0.01063	0.00731	0.15647	0.21761	0.11528	0.05755	0.24096	0.01987	0.00922	0.00542	0.00171	0.00414	0.00784	0.00494	0.00689
14	0.04742	0.00713	0.00841	0.00767	0.00974	0.00695	0.00591	0.03857	0.12237	0.07467	0.29559	0.13351	0.08439	0.00974	0.00561	0.00165	0.00330	0.04484	0.00503	0.08750

[dist]
# distance from previous block
# <min> <max>
4	27

[block]
# block no. 1 follows, 48 sequences, length 48
# corresponding to MSA columns:
# 174-221
name=unknown_B
#
# <colnr> <probs for GDERKNQSTAVLIFYWHMCP>
#	G	D	E	R	K	N	Q	S	T	A	V	L	I	F	Y	W	H	M	C	P
0	0.01343	0.42959	0.21429	0.01116	0.04174	0.01583	0.01132	0.03057	0.06903	0.07216	0.00991	0.01070	0.00783	0.00486	0.00408	0.00132	0.00578	0.00352	0.00282	0.04005
1	0.01866	0.01453	0.08088	0.01161	0.01595	0.01434	0.01015	0.57512	0.05742	0.11587	0.01330	0.01307	0.00930	0.00607	0.00510	0.00155	0.00556	0.00464	0.00499	0.02190
2	0.05917	0.01043	0.01604	0.26059	0.16967	0.01127	0.08250	0.12738	0.01339	0.06120	0.07740	0.01803	0.01264	0.00616	0.00530	0.00167	0.00589	0.05101	0.00350	0.00676
3	0.01401	0.07498	0.01445	0.01354	0.12561	0.18769	0.00935	0.02126	0.33543	0.03002	0.01538	0.01546	0.03728	0.00597	0.00483	0.00148	0.00555	0.00476	0.00385	0.07908
4	0.01466	0.05069	0.28640	0.01289	0.01820	0.01035	0.13599	0.01838	0.01213	0.26358	0.01334	0.02860	0.00950	0.00651	0.03202	0.00178	0.00648	0.00476	0.00371	0.07003
5	0.00623	0.00457	0.00585	0.00687	0.00737	0.00419	0.00464	0.00718	0.01008	0.01320	0.03157	0.70980	0.13833	0.01565	0.00648	0.00204	0.00292	0.01406	0.00476	0.00419
6	0.00636	0.00463	0.00593	0.00681	0.00734	0.00427	0.00462	0.00740	0.01035	0.01371	0.09489	0.63702	0.11949	0.04254	0.00712	0.00210	0.00295	0.01347	0.00478	0.00421
7	0.01240	0.01373	0.04152	0.02373	0.25373	0.03425	0.48167	0.01622	0.01197	0.01643	0.01003	0.01320	0.00782	0.00442	0.00562	0.00162	0.00772	0.00539	0.00259	0.03593
8	0.01169	0.04605	0.25519	0.13589	0.38481	0.02823	0.03451	0.01562	0.01124	0.01582	0.00933	0.01207	0.00735	0.00475	0.00497	0.00157	0.00676	0.00428	0.00238	0.00748
9	0.00729	0.00540	0.00793	0.00817	0.00902	0.00609	0.00631	0.00902	0.00871	0.01230	0.01658	0.11352	0.01676	0.05066	0.62588	0.00698	0.01157	0.07014	0.00315	0.00452
10	0.00670	0.00511	0.00742	0.05676	0.00984	0.00494	0.03202	0.00793	0.01010	0.01349	0.05415	0.71058	0.03189	0.01479	0.00643	0.00203	0.00339	0.01348	0.00457	0.00438
11	0.01279	0.01475	0.15418	0.02739	0.61169	0.02543	0.01588	0.01628	0.01170	0.04673	0.00996	0.01250	0.00800	0.00471	0.00504	0.00154	0.00634	0.00444	0.00263	0.00802
12	0.01187	0.01125	0.01864	0.24502	0.52183	0.01201	0.01477	0.01587	0.06801	0.01610	0.01034	0.01345	0.00833	0.00490	0.00510	0.00159	0.00615	0.00466	0.00267	0.00745
13	0.01861	0.01393	0.01489	0.01162	0.01557	0.01549	0.00953	0.67134	0.12481	0.03089	0.01346	0.01323	0.00965	0.00627	0.00514	0.00157	0.00543	0.00478	0.00514	0.00865
14	0.01070	0.01968	0.45782	0.07770	0.24958	0.01149	0.01673	0.01532	0.01110	0.01602	0.01196	0.01396	0.05485	0.00530	0.00503	0.00161	0.00678	0.00451	0.00245	0.00741
15	0.01152	0.05339	0.60840	0.01314	0.01958	0.01109	0.01607	0.01643	0.01117	0.10330	0.01200	0.07998	0.00954	0.00598	0.00499	0.00164	0.00675	0.00482	0.00286	0.00738
16	0.01877	0.02370	0.01493	0.01434	0.06325	0.75076	0.01027	0.02020	0.01437	0.01282	0.00804	0.00946	0.00670	0.00524	0.00465	0.00133	0.00906	0.00338	0.00264	0.00608
17	0.01252	0.01201	0.02051	0.07647	0.74405	0.01215	0.01566	0.01559	0.01160	0.01655	0.00962	0.01276	0.00805	0.00460	0.00508	0.00153	0.00614	0.00457	0.00252	0.00799
18	0.01732	0.02548	0.21127	0.01071	0.01549	0.00988	0.01055	0.07972	0.08600	0.38782	0.03170	0.01541	0.01142	0.00592	0.00500	0.00155	0.00520	0.00475	0.00481	0.05999
19	0.01205	0.01246	0.06703	0.05449	0.65787	0.01160	0.01509	0.01524	0.01179	0.01689	0.06696	0.01451	0.01096	0.00505	0.00514	0.00154	0.00594	0.00487	0.00274	0.00777
20	0.01721	0.02132	0.01350	0.01240	0.01476	0.66815	0.00934	0.01862	0.01350	0.01245	0.00889	0.01105	0.00764	0.01077	0.13589	0.00247	0.00999	0.00367	0.00266	0.00572
21	0.01363	0.80316	0.04575	0.00892	0.01339	0.02010	0.00903	0.01539	0.01044	0.01217	0.00718	0.00829	0.00658	0.00440	0.00333	0.00111	0.00554	0.00277	0.00219	0.00661
22	0.01346	0.01194	0.02017	0.02984	0.73037	0.01185	0.01514	0.01643	0.01191	0.07405	0.01044	0.01305	0.00847	0.00470	0.00509	0.00153	0.00597	0.00462	0.00282	0.00817
23	0.01192	0.02321	0.62556	0.01473	0.02166	0.01153	0.09570	0.01726	0.01140	0.10374	0.01058	0.01189	0.00733	0.00498	0.00503	0.00163	0.00733	0.00418	0.00268	0.00764
24	0.00969	0.00912	0.01539	0.80734	0.03534	0.01140	0.01425	0.01311	0.01026	0.01311	0.00912	0.01368	0.00684	0.00513	0.00513	0.00171	0.00684	0.00456	0.00228	0.00570
25	0.00660	0.00484	0.00674	0.02410	0.00859	0.00461	0.01717	0.00775	0.01012	0.01348	0.04157	0.70886	0.03287	0.01540	0.00655	0.00209	0.00328	0.07637	0.00469	0.00430
26	0.01321	0.70456	0.14063	0.00965	0.01451	0.01906	0.01029	0.01550	0.01049	0.01269	0.00744	0.00862	0.00657	0.00446	0.00353	0.00118	0.00580	0.00290	0.00219	0.00673
27	0.03384	0.40767	0.02078	0.01030	0.01445	0.05801	0.00920	0.34967	0.01666	0.02129	0.00947	0.01009	0.00751	0.00523	0.00417	0.00131	0.00572	0.00360	0.00354	0.00748
28	0.00734	0.00545	0.00799	0.00799	0.00882	0.00628	0.00610	0.00900	0.00817	0.01172	0.01398	0.02145	0.01339	0.11355	0.72504	0.00793	0.01290	0.00569	0.00278	0.00444
29	0.00834	0.00711	0.00878	0.00867	0.00973	0.07382	0.00671	0.01013	0.00878	0.01197	0.01325	0.01923	0.01230	0.03566	0.73176	0.00766	0.01336	0.00531	0.00274	0.00470
30	0.01244	0.01227	0.01925	0.19962	0.57616	0.06034	0.01506	0.01546	0.01155	0.01571	0.00943	0.01270	0.00775	0.00474	0.00506	0.00155	0.00645	0.00449	0.00249	0.00746
31	0.00969	0.00912	0.01539	0.80734	0.03534	0.01140	0.01425	0.01311	0.01026	0.01311	0.00912	0.01368	0.00684	0.00513	0.00513	0.00171	0.00684	0.00456	0.00228	0.00570
32	0.01917	0.02445	0.01454	0.01322	0.01586	0.79907	0.00991	0.02049	0.01454	0.01256	0.00793	0.00925	0.00661	0.00529	0.00463	0.00132	0.00925	0.00330	0.00264	0.00595
33	0.00735	0.00541	0.00782	0.00782	0.00860	0.00618	0.00589	0.00889	0.00812	0.01160	0.01413	0.02229	0.01375	0.16270	0.67639	0.00773	0.01235	0.00581	0.00281	0.00435
34	0.03414	0.01189	0.01883	0.09454	0.55203	0.01237	0.02820	0.08046	0.06927	0.01824	0.01092	0.01393	0.00893	0.00510	0.00510	0.00158	0.00594	0.01771	0.00299	0.00782
35	0.01312	0.68400	0.16042	0.00980	0.01474	0.01884	0.01055	0.01552	0.01050	0.01280	0.00750	0.00868	0.00657	0.00447	0.00357	0.00119	0.00585	0.00293	0.00219	0.00676
36	0.00733	0.00550	0.00825	0.00825	0.00916	0.00641	0.00641	0.00916	0.00825	0.01191	0.01374	0.02016	0.01283	0.03848	0.79934	0.00825	0.01374	0.00550	0.00275	0.00458
37	0.00746	0.00497	0.00560	0.00560	0.00560	0.00497	0.00311	0.00746	0.00746	0.00995	0.01617	0.03358	0.01865	0.81967	0.02612	0.00497	0.00497	0.00746	0.00311	0.00311
38	0.22507	0.07931	0.42591	0.01303	0.01889	0.01251	0.11278	0.01605	0.01050	0.02939	0.00885	0.01050	0.00653	0.00476	0.00449	0.00159	0.00660	0.00377	0.00254	0.00693
39	0.00715	0.00487	0.00581	0.00611	0.00622	0.00484	0.00368	0.00746	0.00809	0.01083	0.01910	0.22986	0.02223	0.58181	0.05655	0.00440	0.00487	0.00916	0.00351	0.00344
40	0.00816	0.00704	0.04852	0.00744	0.00920	0.00606	0.00606	0.02529	0.07779	0.03326	0.30246	0.13532	0.19505	0.03829	0.00671	0.00189	0.00334	0.07800	0.00496	0.00516
41	0.01050	0.02522	0.72663	0.01427	0.02145	0.01199	0.01804	0.01719	0.07610	0.01669	0.01020	0.01154	0.00728	0.00505	0.00490	0.00163	0.00728	0.00396	0.00243	0.00763
42	0.85592	0.00992	0.00754	0.00675	0.00992	0.01151	0.00556	0.01508	0.00873	0.02302	0.00714	0.00834	0.00556	0.00476	0.00318	0.00159	0.00397	0.00278	0.00318	0.00556
43	0.04170	0.04492	0.01369	0.01036	0.01402	0.02620	0.00841	0.41630	0.14862	0.05870	0.01357	0.01449	0.01035	0.05587	0.00615	0.00168	0.00508	0.00469	0.00463	0.10057
44	0.00970	0.00676	0.00874	0.00951	0.07514	0.00653	0.00635	0.07592	0.03557	0.08375	0.13744	0.36360	0.13690	0.01188	0.00600	0.00182	0.00349	0.01050	0.00489	0.00553
45	0.01228	0.01238	0.03418	0.30696	0.42505	0.07874	0.01466	0.01536	0.01145	0.02695	0.00947	0.01279	0.00757	0.00487	0.00506	0.00158	0.00663	0.00445	0.00251	0.00707
46	0.30304	0.06628	0.10155	0.03871	0.01576	0.12637	0.09577	0.03270	0.01133	0.08012	0.00926	0.01057	0.00699	0.00487	0.00424	0.00147	0.00593	0.00366	0.00311	0.07829
47	0.01275	0.01238	0.02048	0.05812	0.74258	0.03136	0.01555	0.01577	0.01170	0.01653	0.00959	0.01265	0.00805	0.00461	0.00507	0.00153	0.00620	0.00454	0.00253	0.00799

[dist]
# distance from previous block
# <min> <max>
0	3

[block]
# block no. 2 follows, 48 sequences, length 17
# corresponding to MSA columns:
# 225,226,228-242
name=unknown_C
#
# <colnr> <probs for GDERKNQSTAVLIFYWHMCP>
#	G	D	E	R	K	N	Q	S	T	A	V	L	I	F	Y	W	H	M	C	P
0	0.04547	0.07142	0.34404	0.01686	0.11391	0.01195	0.19862	0.01524	0.01104	0.01608	0.01105	0.08443	0.00948	0.00566	0.00514	0.00163	0.00689	0.00529	0.00261	0.02318
1	0.00660	0.00481	0.00659	0.04192	0.00892	0.00465	0.00547	0.00778	0.01017	0.01354	0.05327	0.69127	0.03289	0.01525	0.00652	0.00207	0.00327	0.07600	0.00468	0.00430
2	0.01649	0.01287	0.01370	0.01120	0.01476	0.01450	0.00902	0.43776	0.36184	0.02747	0.01615	0.01537	0.01183	0.00652	0.00517	0.00163	0.00494	0.00515	0.00517	0.00846
3	0.01056	0.07025	0.70182	0.01450	0.04197	0.01222	0.01785	0.01607	0.01083	0.01605	0.00910	0.01073	0.00659	0.00480	0.00475	0.00156	0.00729	0.00373	0.00221	0.03712
4	0.01918	0.01160	0.01331	0.01048	0.01424	0.01217	0.00856	0.37719	0.13311	0.28607	0.04786	0.01614	0.01272	0.00652	0.00519	0.00159	0.00485	0.00517	0.00558	0.00848
5	0.01058	0.09342	0.72874	0.01413	0.02145	0.01262	0.01810	0.01618	0.01080	0.01590	0.00903	0.01061	0.00651	0.00483	0.00474	0.00158	0.00741	0.00370	0.00217	0.00750
6	0.01251	0.01216	0.02125	0.06796	0.69679	0.01221	0.06996	0.01567	0.01165	0.01656	0.00968	0.01283	0.00804	0.00458	0.00515	0.00155	0.00632	0.00468	0.00253	0.00792
7	0.43703	0.04771	0.01120	0.08293	0.01394	0.01084	0.02140	0.04108	0.01134	0.26076	0.01162	0.01189	0.00809	0.00531	0.00409	0.00158	0.00457	0.00380	0.00408	0.00673
8	0.00822	0.00661	0.00696	0.00653	0.00856	0.00617	0.00513	0.11980	0.01353	0.01670	0.04407	0.04465	0.60791	0.01209	0.00601	0.00176	0.00323	0.07226	0.00482	0.00501
9	0.00764	0.00629	0.00958	0.04904	0.12420	0.00609	0.03803	0.00921	0.01056	0.01420	0.06424	0.54226	0.07275	0.01292	0.00619	0.00192	0.00380	0.01180	0.00428	0.00498
10	0.01238	0.24646	0.28576	0.13180	0.14075	0.02821	0.01412	0.01599	0.01104	0.05528	0.00923	0.01113	0.00716	0.00481	0.00451	0.00146	0.00651	0.00379	0.00248	0.00714
11	0.00867	0.00457	0.00671	0.00665	0.00683	0.00451	0.00451	0.00713	0.00784	0.01063	0.12297	0.01894	0.01472	0.01675	0.01800	0.72592	0.00416	0.00517	0.00273	0.00261
12	0.00690	0.00515	0.00664	0.00721	0.00814	0.00456	0.00496	0.00799	0.00994	0.01363	0.02546	0.69792	0.03007	0.01427	0.00615	0.00189	0.00310	0.01289	0.00451	0.12863
13	0.01259	0.12023	0.24638	0.02112	0.31794	0.01302	0.12222	0.01643	0.01149	0.05662	0.00986	0.01200	0.00765	0.00469	0.00493	0.00153	0.00672	0.00435	0.00260	0.00763
14	0.01625	0.01189	0.01577	0.05858	0.28424	0.04414	0.01124	0.17203	0.09750	0.18908	0.01491	0.01538	0.03366	0.00586	0.00514	0.00157	0.00547	0.00498	0.00425	0.00805
15	0.01762	0.02436	0.12900	0.01343	0.01672	0.65961	0.01128	0.01962	0.01379	0.01309	0.00808	0.00955	0.00660	0.00534	0.00503	0.00139	0.03332	0.00341	0.00256	0.00618
16	0.01187	0.01382	0.13347	0.15136	0.55653	0.01203	0.01598	0.01541	0.01133	0.01611	0.00950	0.01258	0.00769	0.00470	0.00506	0.00157	0.00643	0.00446	0.00244	0.00766

[dist]
# distance from previous block
# <min> <max>
0	188

# created by:
# /st0/software/busco_prod/Augustus/scripts/msa2prfl.pl ./align_prep/238385.fa
