[name]
unknown

[dist]
# distance from previous block
# <min> <max>
49	217

[block]
# block no. 0 follows, 47 sequences, length 36
# corresponding to MSA columns:
# 252-287
name=unknown_A
#
# <colnr> <probs for GDERKNQSTAVLIFYWHMCP>
#	G	D	E	R	K	N	Q	S	T	A	V	L	I	F	Y	W	H	M	C	P
0	0.02916	0.01460	0.07326	0.06191	0.01881	0.12478	0.17222	0.10090	0.14565	0.10028	0.01402	0.01484	0.02872	0.00569	0.00522	0.00157	0.00646	0.00501	0.00383	0.07307
1	0.02812	0.13564	0.05768	0.02978	0.05586	0.06532	0.05285	0.12283	0.03116	0.12175	0.05122	0.01349	0.01060	0.00534	0.00464	0.00133	0.00546	0.00429	0.00375	0.19887
2	0.01258	0.01271	0.07618	0.04421	0.13451	0.05656	0.16398	0.05185	0.01281	0.06124	0.09484	0.02800	0.01294	0.00551	0.00514	0.00143	0.00590	0.00515	0.00341	0.21104
3	0.01393	0.03876	0.17930	0.01635	0.06307	0.03179	0.26956	0.13774	0.01400	0.08052	0.01187	0.04554	0.00921	0.00546	0.00538	0.00160	0.00695	0.00528	0.00337	0.06030
4	0.10479	0.01095	0.01634	0.09890	0.04423	0.01083	0.18280	0.09385	0.06084	0.07290	0.03318	0.01384	0.00968	0.00549	0.00537	0.02566	0.00565	0.00470	0.00354	0.19644
5	0.10319	0.00966	0.01135	0.03398	0.03505	0.00844	0.01990	0.07292	0.01177	0.01875	0.02776	0.04354	0.00958	0.00488	0.00418	0.00107	0.00421	0.00394	0.00335	0.57248
6	0.01073	0.00933	0.01536	0.64903	0.09304	0.01104	0.01361	0.01398	0.01085	0.05753	0.01159	0.01533	0.03691	0.00550	0.00521	0.00169	0.00651	0.00487	0.00268	0.02521
7	0.13738	0.01085	0.01130	0.00994	0.01307	0.01227	0.00784	0.04393	0.56144	0.10582	0.01887	0.01747	0.01389	0.00665	0.00499	0.00172	0.00418	0.00534	0.00512	0.00794
8	0.00683	0.00511	0.00713	0.00763	0.00837	0.00471	0.02965	0.00815	0.01085	0.01475	0.15030	0.63835	0.03521	0.01465	0.00647	0.00199	0.00314	0.01331	0.00486	0.02856
9	0.00755	0.00513	0.00611	0.00611	0.00625	0.00528	0.00369	0.00785	0.00770	0.01041	0.01602	0.03192	0.01799	0.69353	0.14868	0.00558	0.00646	0.00726	0.00310	0.00339
10	0.01069	0.00926	0.01132	0.09456	0.01491	0.00745	0.00707	0.01313	0.01076	0.01657	0.00926	0.01114	0.00763	0.00400	0.00400	0.00088	0.00419	0.00325	0.00300	0.75693
11	0.74236	0.01005	0.00834	0.00724	0.01057	0.01136	0.00597	0.03524	0.00991	0.10696	0.00883	0.00957	0.00651	0.00505	0.00349	0.00161	0.00411	0.00313	0.00362	0.00607
12	0.76185	0.01191	0.09293	0.00772	0.01143	0.01173	0.00712	0.01544	0.00909	0.02262	0.00748	0.00874	0.00574	0.00485	0.00341	0.00162	0.00443	0.00293	0.00311	0.00586
13	0.00832	0.00661	0.00993	0.00887	0.01009	0.00695	0.08803	0.01059	0.05244	0.01323	0.08386	0.02612	0.01794	0.30295	0.32525	0.00551	0.00868	0.00670	0.00331	0.00461
14	0.01211	0.01158	0.01973	0.22929	0.59327	0.01217	0.01559	0.01530	0.01149	0.01607	0.00966	0.01314	0.00792	0.00478	0.00517	0.00159	0.00638	0.00464	0.00251	0.00762
15	0.00983	0.00926	0.01562	0.80447	0.03587	0.01157	0.01446	0.01331	0.01041	0.01331	0.00926	0.01388	0.00694	0.00521	0.00521	0.00174	0.00694	0.00463	0.00231	0.00579
16	0.01437	0.00914	0.01116	0.00815	0.01261	0.00714	0.00659	0.01659	0.01196	0.23586	0.01246	0.01276	0.00918	0.00459	0.00425	0.00101	0.00402	0.00370	0.00404	0.61039
17	0.01108	0.02558	0.70942	0.01526	0.04006	0.01236	0.03719	0.05893	0.01181	0.01743	0.00956	0.01120	0.00680	0.00500	0.00500	0.00164	0.00758	0.00397	0.00239	0.00776
18	0.00652	0.00517	0.00586	0.00594	0.00732	0.00451	0.00436	0.00808	0.01234	0.01579	0.24656	0.17023	0.46290	0.01300	0.00623	0.00178	0.00265	0.01118	0.00508	0.00451
19	0.01260	0.01103	0.01826	0.17614	0.36113	0.02892	0.09651	0.01587	0.03356	0.08462	0.01308	0.10102	0.01141	0.00624	0.00544	0.00168	0.00613	0.00597	0.00320	0.00720
20	0.00699	0.00513	0.00656	0.00657	0.00764	0.00470	0.00479	0.00896	0.01330	0.01834	0.52345	0.22124	0.12847	0.01226	0.00626	0.00176	0.00261	0.01085	0.00542	0.00470
21	0.01080	0.00926	0.01080	0.00771	0.01234	0.00694	0.00617	0.01311	0.01080	0.01697	0.00926	0.01080	0.00771	0.00386	0.00386	0.00077	0.00386	0.00309	0.00309	0.84882
22	0.23783	0.01304	0.01138	0.00975	0.01298	0.15879	0.00774	0.09314	0.17165	0.17583	0.01390	0.01365	0.01008	0.00591	0.00455	0.00157	0.00523	0.00431	0.04149	0.00718
23	0.00658	0.00475	0.00601	0.00678	0.00729	0.00442	0.00454	0.00758	0.01035	0.01374	0.10592	0.55763	0.11216	0.11579	0.00903	0.00240	0.00318	0.01295	0.00471	0.00418
24	0.05498	0.00552	0.00671	0.00647	0.00780	0.00517	0.00483	0.00961	0.01362	0.01949	0.57869	0.10765	0.13805	0.01114	0.00602	0.00169	0.00262	0.00972	0.00540	0.00483
25	0.00646	0.00462	0.00614	0.00717	0.00758	0.00430	0.00484	0.00753	0.01049	0.01412	0.11078	0.72914	0.03604	0.01570	0.00659	0.00206	0.00296	0.01422	0.00493	0.00430
26	0.01217	0.01199	0.02197	0.34083	0.10455	0.01276	0.30278	0.09703	0.01281	0.01710	0.01016	0.01370	0.00765	0.00495	0.00556	0.00171	0.00744	0.00522	0.00278	0.00684
27	0.00664	0.00478	0.00629	0.00700	0.00761	0.00443	0.00484	0.00801	0.01141	0.01553	0.24903	0.56820	0.05770	0.01458	0.00649	0.00197	0.00285	0.01314	0.00510	0.00443
28	0.11022	0.20351	0.05532	0.05414	0.08642	0.07918	0.03912	0.22516	0.01474	0.02029	0.02161	0.01140	0.00813	0.00588	0.01572	0.00158	0.03308	0.00401	0.00332	0.00719
29	0.01546	0.00836	0.01040	0.00823	0.01160	0.00734	0.00658	0.07665	0.01399	0.31156	0.12991	0.06000	0.01773	0.00685	0.00495	0.00138	0.00386	0.00571	0.06940	0.23003
30	0.10470	0.33103	0.27593	0.01111	0.01622	0.02768	0.03061	0.01629	0.01088	0.07035	0.00979	0.04077	0.00807	0.00536	0.00448	0.00146	0.02167	0.00390	0.00275	0.00695
31	0.01210	0.36674	0.39685	0.01290	0.01900	0.01585	0.07902	0.01612	0.01093	0.01469	0.00854	0.01012	0.00675	0.00469	0.00436	0.00143	0.00688	0.00359	0.00225	0.00720
32	0.00873	0.00566	0.00728	0.00683	0.00835	0.00514	0.00523	0.01095	0.01410	0.09117	0.55661	0.06533	0.13448	0.01095	0.00613	0.00171	0.00280	0.04776	0.00561	0.00519
33	0.00734	0.00536	0.00706	0.03442	0.00923	0.00525	0.00572	0.04716	0.01095	0.01453	0.02757	0.66346	0.04598	0.01519	0.00656	0.00209	0.00344	0.07935	0.00477	0.00458
34	0.06068	0.05325	0.14698	0.18661	0.01974	0.02456	0.01130	0.11022	0.11430	0.14291	0.04511	0.03779	0.01169	0.00622	0.00505	0.00165	0.00566	0.00504	0.00397	0.00727
35	0.34700	0.21339	0.05532	0.08351	0.01499	0.01388	0.02729	0.08419	0.01128	0.03936	0.00870	0.01019	0.00685	0.00515	0.00415	0.01584	0.00514	0.00342	0.01568	0.03466

[dist]
# distance from previous block
# <min> <max>
3	15

[block]
# block no. 1 follows, 47 sequences, length 6
# corresponding to MSA columns:
# 303-308
name=unknown_B
#
# <colnr> <probs for GDERKNQSTAVLIFYWHMCP>
#	G	D	E	R	K	N	Q	S	T	A	V	L	I	F	Y	W	H	M	C	P
0	0.00698	0.00543	0.00638	0.00642	0.00774	0.00498	0.00471	0.00931	0.05008	0.01685	0.32044	0.19947	0.31706	0.01257	0.00621	0.00179	0.00272	0.01092	0.00520	0.00475
1	0.06189	0.55822	0.02244	0.00932	0.01342	0.06741	0.00866	0.09179	0.01260	0.06757	0.03811	0.01063	0.00887	0.00508	0.00384	0.00125	0.00555	0.00343	0.00303	0.00688
2	0.01457	0.03906	0.12575	0.09537	0.14334	0.01056	0.07399	0.05088	0.04361	0.22140	0.11344	0.01757	0.01467	0.00614	0.00531	0.00162	0.00562	0.00542	0.00415	0.00752
3	0.02063	0.00828	0.01108	0.00869	0.01232	0.00715	0.00711	0.02260	0.01459	0.66214	0.07167	0.02231	0.09241	0.00739	0.00539	0.00163	0.00413	0.00608	0.00624	0.00817
4	0.00717	0.00515	0.00649	0.00644	0.00756	0.00473	0.00472	0.00922	0.01336	0.01867	0.52322	0.17742	0.12892	0.01171	0.00610	0.00171	0.00258	0.01032	0.04978	0.00473
5	0.02046	0.01135	0.01339	0.01045	0.01429	0.01155	0.00855	0.38465	0.01922	0.36775	0.01720	0.06990	0.01241	0.00703	0.00532	0.00162	0.00497	0.00563	0.00573	0.00854

[dist]
# distance from previous block
# <min> <max>
1	2

[block]
# block no. 2 follows, 47 sequences, length 8
# corresponding to MSA columns:
# 311-318
name=unknown_C
#
# <colnr> <probs for GDERKNQSTAVLIFYWHMCP>
#	G	D	E	R	K	N	Q	S	T	A	V	L	I	F	Y	W	H	M	C	P
0	0.24094	0.00853	0.01005	0.16060	0.01484	0.00962	0.00769	0.12293	0.01118	0.01799	0.02861	0.03723	0.01047	0.02788	0.00939	0.23059	0.00497	0.03817	0.00325	0.00508
1	0.00830	0.00548	0.00714	0.00677	0.00810	0.00500	0.00506	0.01051	0.01411	0.07228	0.61752	0.12439	0.07323	0.01109	0.00614	0.00169	0.00266	0.00979	0.00565	0.00509
2	0.45606	0.07491	0.01300	0.03442	0.01390	0.06270	0.07517	0.05172	0.13801	0.02108	0.01022	0.01119	0.00789	0.00525	0.00408	0.00160	0.00510	0.00380	0.00347	0.00645
3	0.00684	0.00537	0.00628	0.00662	0.00803	0.00481	0.00517	0.00852	0.01210	0.01527	0.14470	0.12560	0.43867	0.01342	0.00644	0.00192	0.00314	0.17760	0.00495	0.00454
4	0.00722	0.00528	0.00679	0.00650	0.00771	0.00484	0.00484	0.00951	0.01426	0.01996	0.68632	0.08298	0.10201	0.01115	0.00617	0.00167	0.00250	0.00983	0.00562	0.00484
5	0.00700	0.00520	0.00652	0.00642	0.00761	0.00472	0.00473	0.00902	0.01352	0.01853	0.53850	0.15256	0.18259	0.01193	0.00622	0.00173	0.00257	0.01048	0.00544	0.00472
6	0.00638	0.00464	0.00603	0.00705	0.00752	0.00428	0.00477	0.00741	0.01038	0.01376	0.07092	0.70914	0.09701	0.01575	0.00658	0.00206	0.00296	0.01420	0.00488	0.00428
7	0.03865	0.18642	0.21347	0.01226	0.01679	0.25901	0.01186	0.10632	0.07772	0.01699	0.00981	0.01076	0.00767	0.00530	0.00455	0.00144	0.00716	0.00372	0.00300	0.00709

[dist]
# distance from previous block
# <min> <max>
0	10

[block]
# block no. 3 follows, 47 sequences, length 57
# corresponding to MSA columns:
# 332-388
name=unknown_D
#
# <colnr> <probs for GDERKNQSTAVLIFYWHMCP>
#	G	D	E	R	K	N	Q	S	T	A	V	L	I	F	Y	W	H	M	C	P
0	0.70281	0.01017	0.00866	0.00744	0.01082	0.01143	0.00613	0.05862	0.01050	0.11996	0.00921	0.00985	0.00673	0.00512	0.00359	0.00161	0.00417	0.00323	0.00374	0.00622
1	0.60002	0.00981	0.00970	0.05583	0.08352	0.01094	0.00726	0.01577	0.00987	0.09468	0.01007	0.05510	0.00826	0.00563	0.00390	0.00164	0.00438	0.00399	0.00351	0.00612
2	0.01218	0.01091	0.01698	0.46203	0.22591	0.03524	0.02754	0.05041	0.04087	0.05253	0.01053	0.01383	0.00800	0.00523	0.00520	0.00166	0.00657	0.00470	0.00284	0.00684
3	0.00791	0.00509	0.00663	0.00714	0.00792	0.00471	0.00497	0.00911	0.01099	0.07147	0.14308	0.51956	0.06441	0.08207	0.00813	0.00225	0.00324	0.03177	0.00495	0.00461
4	0.00744	0.00558	0.00837	0.00837	0.00930	0.00651	0.00651	0.00930	0.00837	0.01209	0.01395	0.02046	0.01302	0.03906	0.79635	0.00837	0.01395	0.00558	0.00279	0.00465
5	0.01097	0.14619	0.67533	0.01395	0.02116	0.01337	0.01769	0.01636	0.01093	0.01585	0.00903	0.01060	0.00661	0.00487	0.00471	0.00157	0.00738	0.00369	0.00220	0.00754
6	0.02336	0.00886	0.01209	0.00927	0.01329	0.00765	0.00765	0.02538	0.01491	0.78810	0.02055	0.01773	0.01289	0.00645	0.00524	0.00161	0.00443	0.00524	0.00645	0.00886
7	0.05850	0.00891	0.01190	0.00916	0.01316	0.00782	0.00757	0.02495	0.01465	0.75575	0.01998	0.01733	0.01258	0.00638	0.00515	0.00161	0.00441	0.00513	0.00631	0.00873
8	0.04857	0.00579	0.00684	0.13145	0.01112	0.00620	0.00556	0.01208	0.01083	0.01832	0.04545	0.06685	0.01463	0.00667	0.00415	0.00139	0.00325	0.00550	0.59036	0.00500
9	0.01035	0.00682	0.00909	0.02255	0.06656	0.00661	0.00678	0.07810	0.01279	0.10925	0.11529	0.39382	0.07052	0.01224	0.00616	0.00190	0.00375	0.05681	0.00496	0.00564
10	0.00640	0.00458	0.00609	0.00721	0.00757	0.00427	0.00484	0.00740	0.01024	0.01372	0.07082	0.77026	0.03526	0.01600	0.00662	0.00209	0.00299	0.01450	0.00488	0.00427
11	0.01236	0.01184	0.02043	0.09366	0.64361	0.01199	0.05123	0.01551	0.01177	0.01661	0.01078	0.01559	0.00934	0.00522	0.00532	0.00162	0.00629	0.04636	0.00268	0.00779
12	0.01874	0.01311	0.01485	0.08194	0.01732	0.01442	0.00988	0.54428	0.08863	0.12206	0.01396	0.01388	0.00980	0.00625	0.00522	0.00160	0.00554	0.00486	0.00511	0.00853
13	0.00858	0.00571	0.00724	0.00707	0.00840	0.00532	0.00526	0.02517	0.02768	0.07484	0.39380	0.21631	0.11789	0.03306	0.00674	0.00188	0.00301	0.04162	0.00536	0.00508
14	0.00676	0.00515	0.00621	0.00626	0.00748	0.00460	0.00457	0.00852	0.01283	0.01708	0.38627	0.19489	0.29525	0.01262	0.00625	0.00177	0.00263	0.01101	0.00525	0.00460
15	0.21367	0.01027	0.01527	0.38238	0.22081	0.01170	0.02915	0.01443	0.01044	0.01675	0.00930	0.02726	0.00750	0.00516	0.00476	0.00166	0.00601	0.00442	0.00265	0.00638
16	0.34904	0.45954	0.05521	0.00837	0.01248	0.01664	0.00809	0.01552	0.00991	0.01689	0.00734	0.00852	0.00626	0.00463	0.00337	0.00134	0.00505	0.00285	0.00262	0.00631
17	0.01022	0.00941	0.01548	0.75645	0.03457	0.01165	0.01416	0.04424	0.01102	0.01415	0.00975	0.01470	0.00747	0.00543	0.00525	0.00174	0.00685	0.01910	0.00248	0.00589
18	0.02284	0.00901	0.01211	0.00931	0.01328	0.00794	0.00768	0.05549	0.01530	0.73876	0.03837	0.01802	0.01359	0.00654	0.00526	0.00161	0.00444	0.00531	0.00638	0.00877
19	0.00814	0.05241	0.04349	0.00925	0.01087	0.00777	0.04335	0.01029	0.00900	0.01278	0.03529	0.03389	0.01356	0.03281	0.64410	0.00706	0.01245	0.00565	0.00285	0.00501
20	0.00661	0.00468	0.00609	0.00697	0.00733	0.00441	0.00462	0.00756	0.01014	0.01365	0.10411	0.63094	0.03389	0.12194	0.00923	0.00246	0.00323	0.01329	0.00470	0.00416
21	0.00649	0.00464	0.00620	0.00733	0.00772	0.00434	0.00500	0.00754	0.01029	0.01375	0.06357	0.74227	0.03491	0.01596	0.00665	0.00211	0.00308	0.04900	0.00487	0.00429
22	0.00641	0.00523	0.00567	0.00567	0.00722	0.00449	0.00421	0.00792	0.01230	0.01536	0.19554	0.10332	0.58271	0.01291	0.00619	0.00176	0.00263	0.01096	0.00501	0.00449
23	0.05138	0.09317	0.04961	0.00959	0.01358	0.01039	0.00835	0.11512	0.04284	0.46687	0.07180	0.01703	0.01390	0.00641	0.00502	0.00156	0.00469	0.00509	0.00545	0.00816
24	0.06324	0.06266	0.70580	0.01407	0.02134	0.01246	0.01791	0.01638	0.01084	0.01672	0.00912	0.01071	0.00654	0.00492	0.00477	0.00162	0.00737	0.00373	0.00226	0.00752
25	0.00983	0.00926	0.01562	0.80447	0.03587	0.01157	0.01446	0.01331	0.01041	0.01331	0.00926	0.01388	0.00694	0.00521	0.00521	0.00174	0.00694	0.00463	0.00231	0.00579
26	0.00813	0.00549	0.00721	0.00668	0.00804	0.00504	0.00504	0.01057	0.01475	0.05752	0.74540	0.03789	0.04741	0.01045	0.00610	0.00164	0.00255	0.00922	0.00577	0.00510
27	0.01392	0.82012	0.02729	0.00891	0.01337	0.02061	0.00891	0.01559	0.01058	0.01225	0.00724	0.00835	0.00668	0.00446	0.00334	0.00111	0.00557	0.00278	0.00223	0.00668
28	0.00645	0.00529	0.00568	0.00558	0.00721	0.00452	0.00419	0.00804	0.01256	0.01571	0.22798	0.04742	0.60614	0.01258	0.00615	0.00173	0.00259	0.01061	0.00505	0.00452
29	0.02299	0.00878	0.01197	0.00920	0.01317	0.00759	0.00759	0.02502	0.01490	0.77020	0.03831	0.01822	0.01374	0.00654	0.00526	0.00161	0.00439	0.00533	0.00643	0.00877
30	0.02128	0.01032	0.01278	0.00994	0.01385	0.01002	0.00816	0.20498	0.07280	0.52712	0.04027	0.01718	0.01316	0.00656	0.00526	0.00161	0.00467	0.00527	0.00604	0.00870
31	0.02336	0.00886	0.01209	0.00927	0.01329	0.00765	0.00765	0.02538	0.01491	0.78810	0.02055	0.01773	0.01289	0.00645	0.00524	0.00161	0.00443	0.00524	0.00645	0.00886
32	0.01184	0.00676	0.00864	0.00748	0.00958	0.00627	0.00583	0.06400	0.01528	0.19880	0.51592	0.03282	0.07652	0.00951	0.00587	0.00163	0.00314	0.00822	0.00582	0.00606
33	0.47907	0.02822	0.01086	0.02232	0.01278	0.23523	0.00746	0.06952	0.01205	0.05177	0.02395	0.01008	0.00738	0.00527	0.00396	0.00153	0.00573	0.00336	0.00336	0.00611
34	0.02220	0.00904	0.01197	0.00927	0.01314	0.00810	0.00762	0.06617	0.03059	0.69173	0.04165	0.01811	0.01377	0.00656	0.00523	0.00160	0.00440	0.00533	0.02488	0.00865
35	0.03479	0.13140	0.01701	0.01167	0.01563	0.14099	0.00970	0.52634	0.02065	0.02650	0.01094	0.01134	0.00814	0.00583	0.00482	0.00146	0.00626	0.00417	0.00434	0.00803
36	0.85377	0.01007	0.00765	0.00685	0.01007	0.01168	0.00564	0.01531	0.00886	0.02336	0.00725	0.00846	0.00564	0.00483	0.00322	0.00161	0.00403	0.00282	0.00322	0.00564
37	0.00731	0.00532	0.00688	0.00649	0.00774	0.00489	0.00487	0.00972	0.01461	0.02056	0.74750	0.03943	0.08359	0.01077	0.00614	0.00164	0.00247	0.00949	0.00569	0.00489
38	0.00805	0.00524	0.00694	0.00702	0.00807	0.00482	0.00507	0.00985	0.01281	0.07049	0.42244	0.35330	0.04066	0.01267	0.00629	0.00183	0.00282	0.01133	0.00542	0.00491
39	0.00638	0.00456	0.00607	0.00723	0.00756	0.00425	0.00484	0.00733	0.01011	0.01352	0.05112	0.79053	0.03488	0.01615	0.00663	0.00210	0.00300	0.01464	0.00486	0.00425
40	0.01984	0.01391	0.01514	0.01167	0.01577	0.01522	0.00962	0.66668	0.05535	0.10278	0.01362	0.01328	0.00953	0.00630	0.00522	0.00158	0.00554	0.00479	0.00533	0.00883
41	0.01437	0.78138	0.02656	0.00893	0.01336	0.01999	0.00885	0.01606	0.01079	0.04930	0.00788	0.00880	0.00698	0.00455	0.00343	0.00114	0.00551	0.00290	0.00243	0.00679
42	0.01232	0.11060	0.13476	0.05581	0.05128	0.01387	0.49281	0.03497	0.01211	0.01639	0.00995	0.01286	0.00757	0.00457	0.00555	0.00165	0.00800	0.00527	0.00257	0.00711
43	0.75856	0.08199	0.00951	0.00709	0.01044	0.01238	0.00598	0.01558	0.00917	0.04135	0.00758	0.00868	0.00591	0.00484	0.00328	0.00157	0.00418	0.00288	0.00321	0.00581
44	0.00631	0.00466	0.00591	0.00690	0.00746	0.00426	0.00468	0.00729	0.01031	0.01343	0.03298	0.67777	0.16749	0.01576	0.00656	0.00205	0.00295	0.01413	0.00483	0.00426
45	0.01080	0.00926	0.01080	0.00771	0.01234	0.00694	0.00617	0.01311	0.01080	0.01697	0.00926	0.01080	0.00771	0.00386	0.00386	0.00077	0.00386	0.00309	0.00309	0.84882
46	0.02070	0.00977	0.01227	0.00968	0.01354	0.00931	0.00790	0.08458	0.15900	0.55775	0.01965	0.01740	0.01297	0.00646	0.00520	0.00161	0.00446	0.00524	0.00602	0.03649
47	0.00645	0.00526	0.00570	0.00566	0.00723	0.00451	0.00422	0.00802	0.01247	0.01564	0.22321	0.07942	0.57863	0.01272	0.00617	0.00175	0.00261	0.01078	0.00505	0.00451
48	0.00732	0.00532	0.00689	0.00650	0.00775	0.00489	0.00487	0.00973	0.01462	0.02060	0.75179	0.03936	0.07927	0.01075	0.00614	0.00164	0.00246	0.00948	0.00570	0.00489
49	0.02336	0.00886	0.01209	0.00927	0.01329	0.00765	0.00765	0.02538	0.01491	0.78810	0.02055	0.01773	0.01289	0.00645	0.00524	0.00161	0.00443	0.00524	0.00645	0.00886
50	0.00983	0.00926	0.01562	0.80447	0.03587	0.01157	0.01446	0.01331	0.01041	0.01331	0.00926	0.01388	0.00694	0.00521	0.00521	0.00174	0.00694	0.00463	0.00231	0.00579
51	0.03077	0.01932	0.01519	0.15191	0.05848	0.46657	0.01099	0.13675	0.03228	0.01659	0.00933	0.01105	0.00735	0.00547	0.00488	0.00147	0.00802	0.00390	0.00308	0.00659
52	0.01048	0.00839	0.00991	0.00992	0.01194	0.00920	0.00816	0.01865	0.36952	0.01873	0.05956	0.03941	0.02427	0.01078	0.00626	0.00207	0.00437	0.36688	0.00507	0.00642
53	0.00786	0.00566	0.00775	0.00889	0.00994	0.00556	0.00744	0.00990	0.01158	0.01505	0.02921	0.20758	0.07298	0.01470	0.00703	0.00231	0.00432	0.56277	0.00481	0.00466
54	0.05039	0.00804	0.01201	0.03032	0.02756	0.00815	0.10417	0.06185	0.03258	0.03519	0.02285	0.10082	0.03518	0.01149	0.00650	0.00213	0.00521	0.43554	0.00443	0.00561
55	0.12943	0.32524	0.06507	0.01450	0.16804	0.13388	0.02086	0.03046	0.01170	0.04529	0.00865	0.01010	0.00715	0.00482	0.00413	0.00137	0.00619	0.00348	0.00272	0.00694
56	0.01894	0.01318	0.01449	0.01119	0.01513	0.01422	0.00920	0.61722	0.02244	0.10358	0.07176	0.01496	0.01228	0.00654	0.00524	0.00155	0.00530	0.00506	0.00531	0.03242

[dist]
# distance from previous block
# <min> <max>
5	6

[block]
# block no. 4 follows, 47 sequences, length 18
# corresponding to MSA columns:
# 396-413
name=unknown_E
#
# <colnr> <probs for GDERKNQSTAVLIFYWHMCP>
#	G	D	E	R	K	N	Q	S	T	A	V	L	I	F	Y	W	H	M	C	P
0	0.00720	0.00525	0.00676	0.00666	0.00763	0.00508	0.00482	0.00896	0.01196	0.01655	0.40819	0.10468	0.10852	0.13347	0.13784	0.00328	0.00477	0.00915	0.00471	0.00450
1	0.00634	0.00453	0.00604	0.00725	0.00755	0.00423	0.00483	0.00725	0.00997	0.01329	0.02870	0.81358	0.03444	0.01632	0.00665	0.00211	0.00302	0.01480	0.00483	0.00423
2	0.01080	0.00926	0.01080	0.00771	0.01234	0.00694	0.00617	0.01311	0.01080	0.01697	0.00926	0.01080	0.00771	0.00386	0.00386	0.00077	0.00386	0.00309	0.00309	0.84882
3	0.00638	0.00467	0.00601	0.00697	0.00751	0.00429	0.00473	0.00743	0.01049	0.01385	0.07733	0.67552	0.12448	0.01560	0.00656	0.00204	0.00294	0.01402	0.00489	0.00429
4	0.00731	0.00532	0.00687	0.00649	0.00774	0.00489	0.00486	0.00970	0.01459	0.02053	0.74376	0.03948	0.08735	0.01078	0.00614	0.00164	0.00247	0.00950	0.00569	0.00489
5	0.19929	0.00912	0.01115	0.00875	0.01261	0.00851	0.00723	0.02325	0.01363	0.62609	0.01773	0.01576	0.01135	0.00610	0.00481	0.00161	0.00435	0.00472	0.00576	0.00818
6	0.01002	0.00945	0.01595	0.75752	0.08136	0.01162	0.01455	0.01347	0.01050	0.01353	0.00929	0.01382	0.00702	0.00517	0.00520	0.00172	0.00690	0.00463	0.00233	0.00593
7	0.01191	0.01246	0.04800	0.08902	0.06649	0.17473	0.00873	0.01633	0.15264	0.03704	0.06758	0.02506	0.20349	0.03353	0.00602	0.00173	0.00535	0.00652	0.02725	0.00613
8	0.00719	0.00528	0.00673	0.00644	0.00769	0.00482	0.00480	0.00944	0.01419	0.01976	0.66395	0.07749	0.13042	0.01120	0.00617	0.00167	0.00250	0.00985	0.00559	0.00482
9	0.01279	0.01323	0.04332	0.09073	0.10075	0.01309	0.43979	0.05140	0.04661	0.04568	0.01093	0.01391	0.00831	0.00521	0.00681	0.00176	0.08005	0.00555	0.00294	0.00714
10	0.01573	0.12996	0.01547	0.01096	0.01452	0.05222	0.00899	0.27673	0.37363	0.02373	0.01560	0.01500	0.01174	0.00633	0.00496	0.00158	0.00513	0.00491	0.00470	0.00812
11	0.01450	0.00817	0.01025	0.00851	0.01135	0.00770	0.00674	0.07228	0.07030	0.28072	0.20653	0.08042	0.04501	0.00908	0.02780	0.00177	0.01947	0.00687	0.00535	0.10718
12	0.05531	0.28248	0.05657	0.02781	0.01540	0.18619	0.06530	0.05943	0.06757	0.05173	0.02657	0.01400	0.05933	0.00577	0.00453	0.00142	0.00631	0.00435	0.00322	0.00670
13	0.04446	0.05131	0.04312	0.01065	0.01481	0.01260	0.00910	0.34759	0.06739	0.32141	0.01564	0.01459	0.01058	0.00620	0.00507	0.00158	0.00514	0.00480	0.00538	0.00858
14	0.02336	0.00886	0.01209	0.00927	0.01329	0.00765	0.00765	0.02538	0.01491	0.78810	0.02055	0.01773	0.01289	0.00645	0.00524	0.00161	0.00443	0.00524	0.00645	0.00886
15	0.00795	0.00803	0.08123	0.08447	0.01260	0.00661	0.02837	0.02428	0.02758	0.01571	0.15945	0.28028	0.13957	0.04149	0.00689	0.00200	0.00410	0.05990	0.00440	0.00509
16	0.03340	0.11319	0.01546	0.01142	0.01462	0.24467	0.00922	0.26733	0.10377	0.02066	0.01350	0.03305	0.04610	0.00655	0.00545	0.00152	0.04432	0.00471	0.00391	0.00716
17	0.02336	0.00886	0.01209	0.00927	0.01329	0.00765	0.00765	0.02538	0.01491	0.78810	0.02055	0.01773	0.01289	0.00645	0.00524	0.00161	0.00443	0.00524	0.00645	0.00886

[dist]
# distance from previous block
# <min> <max>
0	1

[block]
# block no. 5 follows, 47 sequences, length 16
# corresponding to MSA columns:
# 415-430
name=unknown_F
#
# <colnr> <probs for GDERKNQSTAVLIFYWHMCP>
#	G	D	E	R	K	N	Q	S	T	A	V	L	I	F	Y	W	H	M	C	P
0	0.01877	0.01529	0.01442	0.01275	0.06628	0.20485	0.00952	0.33880	0.04346	0.14970	0.01472	0.01495	0.04397	0.02194	0.00554	0.00160	0.00624	0.00483	0.00456	0.00780
1	0.05666	0.01260	0.01371	0.01081	0.01446	0.01369	0.00877	0.53932	0.05465	0.11542	0.01447	0.04812	0.01115	0.05406	0.00643	0.00181	0.00528	0.00531	0.00513	0.00816
2	0.01087	0.12334	0.69730	0.01412	0.02142	0.01313	0.01799	0.01638	0.01094	0.01598	0.00909	0.01067	0.00661	0.00489	0.00475	0.00158	0.00744	0.00372	0.00220	0.00757
3	0.85377	0.01007	0.00765	0.00685	0.01007	0.01168	0.00564	0.01531	0.00886	0.02336	0.00725	0.00846	0.00564	0.00483	0.00322	0.00161	0.00403	0.00282	0.00322	0.00564
4	0.02336	0.00886	0.01209	0.00927	0.01329	0.00765	0.00765	0.02538	0.01491	0.78810	0.02055	0.01773	0.01289	0.00645	0.00524	0.00161	0.00443	0.00524	0.00645	0.00886
5	0.01392	0.82012	0.02729	0.00891	0.01337	0.02061	0.00891	0.01559	0.01058	0.01225	0.00724	0.00835	0.00668	0.00446	0.00334	0.00111	0.00557	0.00278	0.00223	0.00668
6	0.00745	0.00500	0.00572	0.00583	0.00586	0.00497	0.00332	0.00754	0.00781	0.01041	0.01762	0.11075	0.02046	0.73823	0.02455	0.00476	0.00485	0.00828	0.00332	0.00326
7	0.00633	0.00458	0.00600	0.00713	0.00752	0.00424	0.00478	0.00726	0.01008	0.01334	0.03013	0.76836	0.07875	0.01613	0.00662	0.00209	0.00300	0.01458	0.00483	0.00424
8	0.00628	0.00518	0.00552	0.00565	0.00717	0.00442	0.00416	0.00764	0.01186	0.01454	0.11111	0.15168	0.62002	0.01339	0.00622	0.00180	0.00267	0.01137	0.00491	0.00442
9	0.00747	0.00526	0.00701	0.00732	0.00826	0.00538	0.00544	0.00903	0.01000	0.02899	0.06162	0.24337	0.12339	0.05060	0.31195	0.00450	0.00729	0.04015	0.05840	0.00457
10	0.15070	0.17712	0.08993	0.01090	0.01491	0.07945	0.07464	0.16763	0.03197	0.04644	0.02692	0.01227	0.00898	0.00540	0.00440	0.00146	0.00573	0.00410	0.08010	0.00693
11	0.06793	0.00912	0.00899	0.00802	0.01029	0.06833	0.00613	0.07569	0.13859	0.04009	0.17543	0.05602	0.12487	0.05066	0.00631	0.00174	0.00396	0.00693	0.07761	0.06330
12	0.40644	0.06990	0.08267	0.00979	0.03192	0.11449	0.00836	0.10408	0.01205	0.02079	0.02952	0.01111	0.00806	0.03055	0.00469	0.00161	0.00540	0.00358	0.00327	0.04170
13	0.11231	0.13492	0.16940	0.05213	0.03269	0.05322	0.07615	0.09495	0.05735	0.04258	0.03860	0.01445	0.02867	0.00569	0.00473	0.00153	0.00597	0.01995	0.00332	0.05139
14	0.10288	0.16804	0.24942	0.06604	0.05227	0.07066	0.02433	0.01586	0.01136	0.06393	0.06166	0.04982	0.01116	0.00597	0.00496	0.00156	0.02574	0.00461	0.00301	0.00672
15	0.04043	0.09393	0.16291	0.03303	0.18682	0.16083	0.08876	0.08037	0.01319	0.03517	0.01174	0.01337	0.04595	0.00541	0.00495	0.00153	0.00697	0.00450	0.00294	0.00720

[dist]
# distance from previous block
# <min> <max>
8	12

[block]
# block no. 6 follows, 47 sequences, length 14
# corresponding to MSA columns:
# 454-467
name=unknown_G
#
# <colnr> <probs for GDERKNQSTAVLIFYWHMCP>
#	G	D	E	R	K	N	Q	S	T	A	V	L	I	F	Y	W	H	M	C	P
0	0.05454	0.04147	0.17610	0.05815	0.14183	0.01182	0.14864	0.06207	0.02999	0.11028	0.01367	0.04692	0.03981	0.00603	0.00569	0.00168	0.03529	0.00536	0.00337	0.00731
1	0.10537	0.13152	0.04783	0.08302	0.01748	0.15987	0.10126	0.11870	0.01301	0.01735	0.02921	0.01258	0.00870	0.02833	0.03493	0.00191	0.07514	0.00432	0.00302	0.00645
2	0.00748	0.00567	0.00694	0.00656	0.00799	0.00530	0.00494	0.01047	0.06022	0.01967	0.60027	0.03981	0.18337	0.01090	0.00609	0.00167	0.00259	0.00950	0.00554	0.00502
3	0.07626	0.01218	0.01940	0.07421	0.62632	0.01255	0.01467	0.07045	0.01247	0.01842	0.00977	0.01259	0.00802	0.00481	0.00502	0.00156	0.00604	0.00451	0.00280	0.00795
4	0.00645	0.00529	0.00569	0.00559	0.00722	0.00452	0.00419	0.00805	0.01258	0.01575	0.23247	0.04735	0.60162	0.01256	0.00615	0.00173	0.00259	0.01060	0.00506	0.00452
5	0.01080	0.00926	0.01080	0.00771	0.01234	0.00694	0.00617	0.01311	0.01080	0.01697	0.00926	0.01080	0.00771	0.00386	0.00386	0.00077	0.00386	0.00309	0.00309	0.84882
6	0.00703	0.00556	0.00630	0.00622	0.00766	0.00509	0.00458	0.00942	0.05858	0.01644	0.27607	0.12359	0.39668	0.04487	0.00697	0.00189	0.00281	0.01045	0.00508	0.00472
7	0.00755	0.00509	0.00588	0.00585	0.00597	0.00509	0.00341	0.00781	0.00814	0.01098	0.07370	0.03393	0.02098	0.72749	0.05371	0.00492	0.00519	0.00764	0.00334	0.00334
8	0.00949	0.00610	0.00736	0.00694	0.00828	0.00584	0.00496	0.02681	0.06185	0.10013	0.25182	0.14000	0.12259	0.21152	0.01110	0.00257	0.00359	0.00910	0.00490	0.00505
9	0.01270	0.04363	0.08114	0.01040	0.02599	0.06546	0.00882	0.08799	0.23423	0.07432	0.05815	0.05789	0.11108	0.00866	0.00556	0.00175	0.00485	0.09587	0.00463	0.00688
10	0.01035	0.00717	0.00781	0.00740	0.00902	0.04766	0.00562	0.02725	0.05086	0.09668	0.14599	0.10647	0.17984	0.05955	0.02147	0.02763	0.01851	0.05407	0.11138	0.00527
11	0.11084	0.06718	0.04240	0.05173	0.09264	0.17486	0.00968	0.15563	0.02821	0.09655	0.05175	0.01473	0.04340	0.00601	0.00479	0.00150	0.00595	0.00457	0.00382	0.03375
12	0.15113	0.11947	0.04755	0.03458	0.03544	0.03673	0.00894	0.26214	0.06355	0.02231	0.02591	0.08352	0.01116	0.00655	0.00486	0.00154	0.01761	0.00502	0.00394	0.05806
13	0.01236	0.08289	0.03510	0.08502	0.06275	0.10678	0.03203	0.14574	0.01343	0.01706	0.01706	0.20270	0.06537	0.00960	0.03009	0.00189	0.04370	0.00715	0.00367	0.02561

[dist]
# distance from previous block
# <min> <max>
1	11

[block]
# block no. 7 follows, 47 sequences, length 21
# corresponding to MSA columns:
# 479-499
name=unknown_H
#
# <colnr> <probs for GDERKNQSTAVLIFYWHMCP>
#	G	D	E	R	K	N	Q	S	T	A	V	L	I	F	Y	W	H	M	C	P
0	0.05982	0.02035	0.04760	0.00928	0.01287	0.00858	0.00789	0.04860	0.08553	0.48026	0.07148	0.05163	0.03489	0.00740	0.00530	0.00167	0.00438	0.02892	0.00568	0.00788
1	0.01474	0.01088	0.01207	0.01004	0.01310	0.01160	0.00795	0.37321	0.13526	0.05244	0.07064	0.16024	0.03139	0.00846	0.00547	0.00165	0.00454	0.00704	0.00509	0.06419
2	0.06118	0.10474	0.08285	0.10897	0.28564	0.07633	0.06590	0.04114	0.02430	0.05869	0.01042	0.01319	0.00836	0.00562	0.01616	0.00165	0.00659	0.01808	0.00291	0.00727
3	0.00733	0.00521	0.00662	0.00725	0.00786	0.00504	0.00496	0.03540	0.03150	0.01450	0.09578	0.57022	0.05630	0.06826	0.00859	0.05030	0.00330	0.01252	0.00469	0.00439
4	0.00653	0.00469	0.00608	0.00704	0.00747	0.00438	0.00475	0.00751	0.01020	0.01356	0.07022	0.65577	0.07330	0.07566	0.00809	0.00230	0.00316	0.03033	0.00476	0.00421
5	0.05867	0.01460	0.14478	0.06183	0.29719	0.01211	0.24141	0.01653	0.01179	0.05997	0.01072	0.01388	0.00834	0.00494	0.00536	0.00166	0.00701	0.01893	0.00281	0.00749
6	0.01653	0.05092	0.01333	0.01017	0.01338	0.01221	0.00824	0.42640	0.01880	0.12845	0.06856	0.11367	0.01567	0.02949	0.04778	0.00207	0.00541	0.00635	0.00504	0.00755
7	0.81249	0.04988	0.00862	0.00695	0.01023	0.01212	0.00580	0.01532	0.00895	0.02282	0.00725	0.00845	0.00569	0.00482	0.00323	0.00159	0.00410	0.00282	0.00317	0.00569
8	0.04337	0.00859	0.01153	0.00897	0.01274	0.00752	0.00737	0.02378	0.01474	0.70252	0.08558	0.01931	0.01582	0.00676	0.00526	0.00161	0.00425	0.00553	0.00630	0.00844
9	0.11142	0.05800	0.01461	0.01083	0.01464	0.05356	0.00896	0.55469	0.02059	0.02875	0.01172	0.01214	0.00858	0.00594	0.00476	0.00151	0.00549	0.00432	0.06154	0.00797
10	0.85377	0.01007	0.00765	0.00685	0.01007	0.01168	0.00564	0.01531	0.00886	0.02336	0.00725	0.00846	0.00564	0.00483	0.00322	0.00161	0.00403	0.00282	0.00322	0.00564
11	0.00691	0.00501	0.00626	0.00666	0.00742	0.00467	0.00466	0.00823	0.01127	0.01511	0.23818	0.33211	0.13635	0.14229	0.00965	0.00242	0.00323	0.05047	0.00481	0.00430
12	0.00725	0.00532	0.00679	0.00642	0.00770	0.00486	0.00482	0.00959	0.01445	0.02019	0.70812	0.04003	0.12319	0.01090	0.00614	0.00165	0.00248	0.00958	0.00564	0.00486
13	0.00755	0.00597	0.00690	0.00704	0.00846	0.00575	0.00527	0.01086	0.11487	0.01623	0.17166	0.21623	0.30165	0.02618	0.00658	0.00193	0.00312	0.07376	0.00503	0.00498
14	0.04534	0.10227	0.01633	0.01130	0.01542	0.01609	0.00947	0.60388	0.05898	0.02929	0.01210	0.01221	0.00883	0.00598	0.00491	0.00150	0.00553	0.00444	0.00477	0.03137
15	0.04242	0.00626	0.00752	0.00794	0.00901	0.00635	0.00572	0.07786	0.06568	0.01658	0.06547	0.56323	0.04284	0.01385	0.00628	0.00200	0.00343	0.04763	0.00488	0.00505
16	0.06620	0.08772	0.23756	0.01351	0.09986	0.05627	0.03045	0.01741	0.04268	0.15820	0.01523	0.06990	0.05267	0.00656	0.00524	0.00162	0.02283	0.00530	0.00358	0.00720
17	0.12466	0.38637	0.12179	0.01069	0.04548	0.07139	0.00995	0.03269	0.01139	0.07266	0.00892	0.00992	0.00718	0.00479	0.00392	0.00131	0.00575	0.00329	0.00284	0.06502
18	0.00803	0.00531	0.00669	0.00723	0.00815	0.00494	0.00515	0.02290	0.01086	0.06717	0.03057	0.48414	0.15196	0.08456	0.00822	0.00229	0.00344	0.07894	0.00480	0.00462
19	0.08287	0.03856	0.05957	0.19501	0.20887	0.06512	0.08504	0.02943	0.04947	0.06983	0.01175	0.01583	0.00950	0.00569	0.00514	0.00166	0.00639	0.05018	0.00313	0.00697
20	0.05746	0.00893	0.04194	0.01042	0.04936	0.00869	0.02609	0.14860	0.01305	0.07134	0.04751	0.32320	0.02126	0.04174	0.00766	0.02908	0.04392	0.03943	0.00441	0.00589

[dist]
# distance from previous block
# <min> <max>
3	5

[block]
# block no. 8 follows, 47 sequences, length 7
# corresponding to MSA columns:
# 505-511
name=unknown_I
#
# <colnr> <probs for GDERKNQSTAVLIFYWHMCP>
#	G	D	E	R	K	N	Q	S	T	A	V	L	I	F	Y	W	H	M	C	P
0	0.00781	0.00592	0.00768	0.00887	0.06227	0.00574	0.00573	0.05538	0.01129	0.01501	0.07151	0.47313	0.13055	0.08096	0.03084	0.00239	0.00381	0.01178	0.00455	0.00478
1	0.08536	0.06974	0.08458	0.11492	0.17658	0.05961	0.02503	0.11099	0.04473	0.01853	0.02501	0.01306	0.00898	0.00635	0.02643	0.00173	0.03990	0.00435	0.04430	0.03983
2	0.01289	0.08638	0.05658	0.08047	0.25857	0.06027	0.19803	0.01603	0.01206	0.06166	0.01371	0.01725	0.05717	0.00575	0.00536	0.00162	0.00670	0.03941	0.00300	0.00709
3	0.00779	0.06067	0.00787	0.00710	0.00800	0.00609	0.00510	0.02807	0.01040	0.01398	0.07168	0.38685	0.07118	0.16143	0.05445	0.00284	0.00425	0.04539	0.04241	0.00445
4	0.00972	0.00750	0.06212	0.00753	0.00891	0.00647	0.00576	0.05538	0.01045	0.08179	0.08445	0.11681	0.02075	0.40166	0.09470	0.00400	0.00565	0.00771	0.00388	0.00474
5	0.04188	0.17852	0.02959	0.06767	0.08178	0.05809	0.02612	0.20251	0.01444	0.05679	0.01247	0.04764	0.01068	0.00918	0.07428	0.00212	0.00646	0.03894	0.03391	0.00693
6	0.10029	0.01193	0.05936	0.04134	0.12718	0.03761	0.00976	0.15481	0.08662	0.12550	0.07808	0.01818	0.03391	0.00653	0.00507	0.00159	0.00508	0.03309	0.00431	0.05975

[dist]
# distance from previous block
# <min> <max>
25	55

[block]
# block no. 9 follows, 47 sequences, length 91
# corresponding to MSA columns:
# 614-619,626-710
name=unknown_J
#
# <colnr> <probs for GDERKNQSTAVLIFYWHMCP>
#	G	D	E	R	K	N	Q	S	T	A	V	L	I	F	Y	W	H	M	C	P
0	0.01417	0.08130	0.01908	0.07033	0.44348	0.11977	0.01324	0.10309	0.01343	0.01746	0.01055	0.05113	0.00918	0.00551	0.00502	0.00152	0.00641	0.00481	0.00296	0.00754
1	0.00646	0.00471	0.00604	0.00692	0.00748	0.00434	0.00471	0.00755	0.01062	0.01409	0.10804	0.63071	0.12044	0.03303	0.00698	0.00209	0.00296	0.01366	0.00489	0.00429
2	0.03021	0.22788	0.44600	0.05344	0.05536	0.01450	0.02754	0.03427	0.01110	0.01569	0.00879	0.01059	0.00678	0.00498	0.00494	0.00153	0.03307	0.00371	0.00234	0.00727
3	0.02751	0.51659	0.21857	0.01193	0.05171	0.01729	0.03982	0.01615	0.01090	0.03559	0.00838	0.00970	0.00693	0.00465	0.00398	0.00131	0.00619	0.00333	0.00239	0.00707
4	0.01117	0.01042	0.01733	0.44182	0.27138	0.01166	0.04197	0.05071	0.01166	0.01559	0.01148	0.04137	0.02975	0.00564	0.00530	0.00168	0.00646	0.00521	0.00271	0.00668
5	0.05277	0.02024	0.48716	0.01384	0.03750	0.01114	0.07274	0.05087	0.01238	0.07270	0.10645	0.01517	0.01254	0.00577	0.00514	0.00165	0.00659	0.00482	0.00317	0.00735
6	0.01130	0.01098	0.03218	0.02424	0.49671	0.01052	0.08221	0.01424	0.01197	0.01660	0.04616	0.03971	0.08952	0.00697	0.00562	0.00169	0.00574	0.08324	0.00320	0.00717
7	0.01138	0.01308	0.06545	0.02066	0.12131	0.01167	0.51617	0.01517	0.01182	0.01621	0.01310	0.13369	0.01186	0.00624	0.00603	0.00178	0.00753	0.00713	0.00293	0.00680
8	0.00657	0.00479	0.00588	0.00659	0.00714	0.00443	0.00439	0.00746	0.01011	0.01321	0.06325	0.50510	0.17001	0.15398	0.00997	0.00254	0.00328	0.01262	0.00458	0.00410
9	0.00640	0.00521	0.00568	0.00580	0.00730	0.00449	0.00431	0.00785	0.01203	0.01495	0.14900	0.14205	0.57117	0.01325	0.00624	0.00180	0.00272	0.03032	0.00496	0.00446
10	0.01123	0.08648	0.67838	0.01441	0.02164	0.01277	0.03824	0.03335	0.01138	0.03198	0.00951	0.01104	0.00682	0.00495	0.00487	0.00161	0.00745	0.00388	0.00237	0.00765
11	0.01235	0.01329	0.14220	0.12957	0.13347	0.04322	0.01205	0.03495	0.19872	0.06933	0.01708	0.02167	0.04400	0.00710	0.00544	0.00175	0.00573	0.09708	0.00383	0.00718
12	0.01045	0.02694	0.79000	0.01484	0.02254	0.01209	0.01924	0.01649	0.01099	0.01649	0.00935	0.01099	0.00660	0.00495	0.00495	0.00165	0.00770	0.00385	0.00220	0.00770
13	0.01105	0.01036	0.01721	0.53720	0.26089	0.01195	0.01469	0.03187	0.02636	0.01505	0.00973	0.01366	0.00756	0.00510	0.00519	0.00168	0.00663	0.00466	0.00252	0.00665
14	0.01326	0.01109	0.05537	0.03127	0.01356	0.02924	0.00821	0.25270	0.06772	0.05688	0.04532	0.20550	0.03364	0.00851	0.00537	0.00159	0.00466	0.00717	0.00454	0.14440
15	0.00713	0.00519	0.00646	0.00654	0.00771	0.00469	0.00480	0.00893	0.01284	0.03012	0.39794	0.23285	0.21400	0.01265	0.00628	0.00180	0.00272	0.02737	0.00529	0.00469
16	0.00634	0.00455	0.00602	0.00719	0.00754	0.00423	0.00481	0.00726	0.01003	0.01332	0.02942	0.79082	0.05675	0.01622	0.00663	0.00210	0.00301	0.01469	0.00483	0.00423
17	0.02445	0.03446	0.01205	0.10955	0.05854	0.08013	0.00867	0.08831	0.17330	0.01772	0.06115	0.21394	0.01859	0.02336	0.00629	0.00182	0.03443	0.00755	0.01941	0.00629
18	0.02851	0.05060	0.55399	0.05379	0.07348	0.01237	0.02955	0.04488	0.03735	0.05275	0.01031	0.01182	0.00742	0.00510	0.00494	0.00163	0.00708	0.00408	0.00267	0.00767
19	0.01962	0.00852	0.01122	0.00920	0.01259	0.00782	0.00751	0.02300	0.09661	0.57522	0.03821	0.06052	0.01643	0.00771	0.00546	0.00171	0.00428	0.06521	0.02108	0.00809
20	0.00678	0.00547	0.00641	0.04479	0.00872	0.00493	0.00484	0.00860	0.01279	0.01647	0.31323	0.06184	0.46266	0.01195	0.00612	0.00172	0.00279	0.01020	0.00504	0.00465
21	0.01646	0.23533	0.15329	0.01206	0.03405	0.20436	0.01110	0.07338	0.03200	0.13878	0.01070	0.01134	0.00809	0.00543	0.00493	0.00144	0.03289	0.00382	0.00331	0.00725
22	0.00730	0.00547	0.00661	0.00644	0.00764	0.00512	0.00467	0.00967	0.04639	0.01772	0.45199	0.10731	0.19265	0.09799	0.00834	0.00208	0.00289	0.00985	0.00518	0.00471
23	0.00634	0.00524	0.00550	0.00552	0.00708	0.00447	0.00407	0.00771	0.01190	0.01457	0.12429	0.08562	0.64154	0.04444	0.00697	0.00189	0.00273	0.01088	0.00486	0.00439
24	0.01137	0.01533	0.19238	0.19894	0.15898	0.01263	0.24584	0.01546	0.01119	0.01563	0.00959	0.01294	0.00738	0.00508	0.00628	0.00173	0.06489	0.00492	0.00243	0.00701
25	0.01266	0.05035	0.08641	0.13493	0.55457	0.01246	0.01545	0.01596	0.01163	0.04215	0.00993	0.01282	0.00801	0.00480	0.00506	0.00156	0.00633	0.00450	0.00262	0.00781
26	0.02308	0.00893	0.01208	0.00930	0.01330	0.00780	0.00767	0.02544	0.03582	0.76702	0.02056	0.01777	0.01297	0.00646	0.00524	0.00162	0.00442	0.00525	0.00641	0.00885
27	0.02198	0.00995	0.01262	0.00980	0.01376	0.00941	0.00806	0.14279	0.07619	0.60848	0.01933	0.01703	0.01249	0.00646	0.00524	0.00162	0.00461	0.00520	0.00616	0.00881
28	0.01080	0.00926	0.01080	0.00771	0.01234	0.00694	0.00617	0.01311	0.01080	0.01697	0.00926	0.01080	0.00771	0.00386	0.00386	0.00077	0.00386	0.00309	0.00309	0.84882
29	0.00818	0.00896	0.11041	0.01065	0.01275	0.00681	0.09625	0.01061	0.01098	0.01479	0.02376	0.38884	0.02642	0.01288	0.00654	0.00210	0.00483	0.23484	0.00423	0.00517
30	0.00851	0.00613	0.00848	0.00962	0.01086	0.00617	0.00839	0.01123	0.03171	0.01574	0.02741	0.05773	0.02961	0.01420	0.00714	0.00238	0.00478	0.73023	0.00481	0.00488
31	0.03690	0.06227	0.57751	0.01561	0.09697	0.01264	0.01698	0.07024	0.01206	0.01783	0.02833	0.01177	0.00794	0.00512	0.00489	0.00161	0.00706	0.00404	0.00257	0.00766
32	0.01065	0.07452	0.74425	0.01449	0.02199	0.01260	0.01862	0.01644	0.01097	0.01624	0.00922	0.01084	0.00660	0.00492	0.00485	0.00162	0.00757	0.00378	0.00220	0.00764
33	0.00733	0.00534	0.00659	0.00631	0.00769	0.00480	0.00472	0.00941	0.01377	0.03412	0.54217	0.07918	0.23637	0.01149	0.00615	0.00169	0.00257	0.01000	0.00547	0.00483
34	0.04997	0.03262	0.07520	0.01188	0.01629	0.01557	0.01039	0.64797	0.02234	0.04827	0.01214	0.01227	0.00861	0.00606	0.00508	0.00156	0.00579	0.00453	0.00487	0.00860
35	0.00634	0.00453	0.00604	0.00725	0.00755	0.00423	0.00483	0.00725	0.00997	0.01329	0.02870	0.81358	0.03444	0.01632	0.00665	0.00211	0.00302	0.01480	0.00483	0.00423
36	0.00634	0.00453	0.00604	0.00725	0.00755	0.00423	0.00483	0.00725	0.00997	0.01329	0.02870	0.81358	0.03444	0.01632	0.00665	0.00211	0.00302	0.01480	0.00483	0.00423
37	0.01001	0.02917	0.06506	0.02755	0.07302	0.08498	0.00771	0.03704	0.03121	0.03296	0.33512	0.03141	0.19593	0.00923	0.00568	0.00162	0.00421	0.00781	0.00456	0.00572
38	0.01385	0.80453	0.04228	0.00903	0.01355	0.02044	0.00911	0.01561	0.01059	0.01234	0.00728	0.00841	0.00668	0.00447	0.00337	0.00112	0.00561	0.00281	0.00223	0.00670
39	0.02327	0.00902	0.01218	0.00934	0.01337	0.00789	0.00772	0.04612	0.01517	0.76699	0.02032	0.01758	0.01278	0.00644	0.00524	0.00161	0.00447	0.00522	0.00641	0.00886
40	0.01059	0.00607	0.00790	0.00716	0.00891	0.00552	0.00544	0.01291	0.02689	0.17707	0.48866	0.10827	0.07694	0.02613	0.00639	0.00175	0.00300	0.00906	0.00569	0.00565
41	0.01841	0.01380	0.05319	0.01387	0.10547	0.01397	0.01054	0.51986	0.02057	0.11953	0.01350	0.03393	0.00991	0.00628	0.00520	0.00158	0.00559	0.00497	0.02130	0.00853
42	0.01147	0.01242	0.02534	0.27095	0.02945	0.01277	0.49687	0.01544	0.01152	0.01544	0.00998	0.01389	0.00755	0.00483	0.00627	0.00177	0.03932	0.00560	0.00252	0.00658
43	0.00628	0.00478	0.00579	0.00660	0.00738	0.00428	0.00454	0.00732	0.01060	0.01355	0.03666	0.56088	0.28201	0.01528	0.00648	0.00200	0.00289	0.01354	0.00483	0.00428
44	0.01463	0.59555	0.05247	0.01015	0.03185	0.04226	0.00947	0.12311	0.02521	0.01584	0.00867	0.00969	0.00738	0.00485	0.00379	0.00123	0.00568	0.00327	0.02788	0.00702
45	0.01070	0.04396	0.70194	0.01537	0.02276	0.01239	0.08834	0.01649	0.01111	0.01641	0.00941	0.01122	0.00672	0.00488	0.00502	0.00165	0.00775	0.00404	0.00224	0.00761
46	0.01006	0.00847	0.01001	0.00764	0.01155	0.00649	0.00595	0.01214	0.01066	0.01636	0.01248	0.14378	0.01214	0.00592	0.00432	0.00099	0.00372	0.00503	0.00338	0.70891
