[name]
unknown

[dist]
# distance from previous block
# <min> <max>
2	5

[block]
# block no. 0 follows, 44 sequences, length 19
# corresponding to MSA columns:
# 7-25
name=unknown_A
#
# <colnr> <probs for GDERKNQSTAVLIFYWHMCP>
#	G	D	E	R	K	N	Q	S	T	A	V	L	I	F	Y	W	H	M	C	P
0	0.12714	0.24472	0.06098	0.02361	0.01528	0.04140	0.00973	0.29047	0.01669	0.04835	0.03501	0.02954	0.01033	0.00620	0.00468	0.00154	0.00575	0.01692	0.00401	0.00765
1	0.06153	0.56473	0.22007	0.01080	0.01626	0.01875	0.01190	0.01655	0.01108	0.01463	0.00815	0.00946	0.00691	0.00482	0.00392	0.00134	0.00631	0.00320	0.00238	0.00721
2	0.01198	0.22145	0.53686	0.01425	0.04148	0.03000	0.01677	0.01685	0.01148	0.01601	0.00976	0.03204	0.00776	0.00537	0.00481	0.00159	0.00737	0.00407	0.00240	0.00768
3	0.10421	0.10606	0.47400	0.01397	0.02048	0.01389	0.06469	0.09075	0.01280	0.01941	0.02592	0.01192	0.00808	0.00534	0.00494	0.00166	0.00715	0.00416	0.00285	0.00772
4	0.01370	0.64355	0.02684	0.01058	0.01500	0.01907	0.09080	0.01585	0.01171	0.01424	0.08431	0.01260	0.01158	0.00530	0.00411	0.00129	0.00587	0.00400	0.00275	0.00685
5	0.00803	0.00537	0.00676	0.00691	0.00741	0.00565	0.00467	0.00907	0.00892	0.01284	0.01788	0.11478	0.01893	0.37637	0.26133	0.00553	0.00763	0.00775	0.11003	0.00415
6	0.00764	0.00554	0.00702	0.00667	0.00787	0.00512	0.00489	0.00987	0.01448	0.02024	0.64454	0.04114	0.10368	0.08751	0.00847	0.00207	0.00285	0.00980	0.00567	0.00493
7	0.00827	0.00612	0.00768	0.00740	0.00773	0.00671	0.00502	0.00902	0.00910	0.01260	0.10293	0.04869	0.03684	0.48681	0.13147	0.00492	0.09335	0.00774	0.00353	0.00408
8	0.00808	0.00618	0.00861	0.00842	0.00915	0.00713	0.00632	0.00954	0.00884	0.01252	0.03128	0.02543	0.04745	0.20125	0.51526	0.00708	0.07321	0.00653	0.00311	0.00461
9	0.84691	0.01054	0.00801	0.00717	0.01054	0.01223	0.00590	0.01603	0.00928	0.02446	0.00759	0.00886	0.00590	0.00506	0.00337	0.00169	0.00422	0.00295	0.00337	0.00590
10	0.01348	0.01204	0.01451	0.01240	0.01575	0.01359	0.09059	0.02771	0.68196	0.02222	0.02096	0.01972	0.01572	0.00709	0.00564	0.00185	0.00485	0.00619	0.00524	0.00849
11	0.01275	0.00964	0.01145	0.00825	0.01303	0.00735	0.00663	0.01514	0.01178	0.10131	0.01099	0.01210	0.00867	0.00434	0.00420	0.00090	0.00410	0.00348	0.00362	0.75027
12	0.00650	0.00529	0.00577	0.00615	0.00753	0.00455	0.00442	0.00775	0.01182	0.01448	0.04754	0.28221	0.54741	0.01481	0.00660	0.00195	0.00288	0.01273	0.00506	0.00455
13	0.04653	0.02293	0.57698	0.01345	0.02023	0.01126	0.01642	0.01642	0.01189	0.03757	0.08611	0.01448	0.01159	0.00570	0.00513	0.00163	0.00687	0.00453	0.00292	0.08735
14	0.01140	0.01202	0.08932	0.64258	0.03415	0.01264	0.01514	0.08843	0.01243	0.01629	0.01004	0.01410	0.00743	0.00553	0.00543	0.00179	0.00722	0.00477	0.00271	0.00657
15	0.01097	0.02643	0.70671	0.01483	0.02258	0.01215	0.01884	0.01693	0.01149	0.01731	0.00977	0.01149	0.00702	0.00507	0.00507	0.00164	0.00767	0.00395	0.00239	0.08770
16	0.01083	0.07355	0.65724	0.01429	0.02147	0.01245	0.01799	0.01651	0.01188	0.01745	0.08578	0.01426	0.01136	0.00574	0.00520	0.00169	0.00737	0.00454	0.00267	0.00770
17	0.01324	0.52534	0.30325	0.01160	0.01750	0.01832	0.01328	0.01667	0.01124	0.01445	0.00838	0.00976	0.00696	0.00485	0.00411	0.00137	0.00664	0.00332	0.00232	0.00738
18	0.00885	0.00698	0.00803	0.00810	0.00959	0.00712	0.00594	0.03311	0.18993	0.01752	0.11076	0.32095	0.17121	0.04291	0.00723	0.00211	0.00351	0.03529	0.00522	0.00564

[dist]
# distance from previous block
# <min> <max>
0	2

[block]
# block no. 1 follows, 44 sequences, length 9
# corresponding to MSA columns:
# 28-36
name=unknown_B
#
# <colnr> <probs for GDERKNQSTAVLIFYWHMCP>
#	G	D	E	R	K	N	Q	S	T	A	V	L	I	F	Y	W	H	M	C	P
0	0.06004	0.01298	0.01521	0.01421	0.12473	0.03969	0.01008	0.33545	0.03540	0.19536	0.03798	0.01496	0.01129	0.00624	0.00527	0.00159	0.00553	0.00496	0.00502	0.06401
1	0.01044	0.00969	0.01562	0.68160	0.03399	0.01141	0.01389	0.01390	0.01096	0.01448	0.00969	0.01407	0.00738	0.00525	0.00525	0.00167	0.00680	0.00461	0.00254	0.12675
2	0.01277	0.01222	0.02082	0.20575	0.60776	0.01276	0.01637	0.01610	0.01207	0.01693	0.01013	0.01373	0.00833	0.00499	0.00541	0.00166	0.00666	0.00485	0.00264	0.00805
3	0.01184	0.01160	0.02044	0.26086	0.37908	0.01212	0.12177	0.01524	0.01202	0.01633	0.01394	0.01723	0.07181	0.00575	0.00565	0.00173	0.00680	0.00564	0.00282	0.00733
4	0.01373	0.01162	0.01945	0.25202	0.47997	0.01219	0.01535	0.01696	0.01231	0.09728	0.01128	0.01433	0.00875	0.00523	0.00542	0.00168	0.00651	0.00492	0.00305	0.00796
5	0.02033	0.01114	0.01680	0.01455	0.09692	0.01052	0.11713	0.12510	0.01612	0.44654	0.01799	0.01882	0.01252	0.00662	0.00571	0.00174	0.00570	0.04157	0.00548	0.00872
6	0.01360	0.00683	0.00892	0.00783	0.01015	0.00604	0.00606	0.01564	0.01447	0.29920	0.30755	0.13159	0.12841	0.01062	0.00615	0.00178	0.00344	0.00918	0.00604	0.00651
7	0.02297	0.00948	0.01254	0.00980	0.01377	0.00852	0.00801	0.08613	0.01610	0.66546	0.02137	0.07028	0.01464	0.00742	0.00558	0.00172	0.00465	0.00610	0.00653	0.00896
8	0.08974	0.21274	0.44503	0.01234	0.01842	0.01397	0.01462	0.01618	0.01161	0.01736	0.08979	0.01369	0.01155	0.00568	0.00474	0.00159	0.00658	0.00428	0.00280	0.00729

[dist]
# distance from previous block
# <min> <max>
0	1

[block]
# block no. 2 follows, 44 sequences, length 80
# corresponding to MSA columns:
# 38-43,45-98,125-144
name=unknown_C
#
# <colnr> <probs for GDERKNQSTAVLIFYWHMCP>
#	G	D	E	R	K	N	Q	S	T	A	V	L	I	F	Y	W	H	M	C	P
0	0.02109	0.01299	0.01657	0.01257	0.01697	0.01332	0.08616	0.40227	0.03746	0.29879	0.01610	0.01538	0.01085	0.00644	0.00557	0.00168	0.00580	0.00530	0.00564	0.00906
1	0.81540	0.01072	0.00833	0.00737	0.01079	0.01241	0.00607	0.04426	0.00990	0.02484	0.00780	0.00902	0.00603	0.00512	0.00345	0.00168	0.00429	0.00303	0.00345	0.00603
2	0.01439	0.01664	0.02607	0.02058	0.06899	0.18237	0.47347	0.01821	0.03144	0.01640	0.01083	0.02853	0.00869	0.00542	0.00668	0.00177	0.05380	0.00577	0.00286	0.00710
3	0.00863	0.00535	0.00713	0.00793	0.00876	0.00494	0.00561	0.00982	0.01118	0.09286	0.02982	0.64802	0.05493	0.01577	0.00683	0.00217	0.00344	0.06662	0.00523	0.00498
4	0.01049	0.00962	0.01604	0.70068	0.08152	0.01174	0.01456	0.01403	0.01103	0.01455	0.01021	0.01482	0.00775	0.00547	0.00535	0.00177	0.00694	0.00486	0.05243	0.00616
5	0.01693	0.01171	0.01431	0.04559	0.01635	0.01265	0.05359	0.12542	0.40934	0.20292	0.01959	0.01835	0.01399	0.00688	0.00557	0.00178	0.00504	0.00579	0.00552	0.00868
6	0.00674	0.00482	0.00641	0.00752	0.00793	0.00449	0.00507	0.00784	0.01089	0.01464	0.09776	0.73506	0.03746	0.01654	0.00691	0.00217	0.00311	0.01498	0.00515	0.00449
7	0.01273	0.00926	0.01112	0.00818	0.01262	0.00717	0.00655	0.01512	0.01225	0.11928	0.08047	0.01494	0.01274	0.00504	0.00445	0.00101	0.00398	0.00413	0.00395	0.65500
8	0.01701	0.00941	0.01183	0.00907	0.01309	0.00809	0.00733	0.05911	0.01406	0.34208	0.06307	0.04903	0.01427	0.00644	0.00534	0.00138	0.02365	0.00523	0.00507	0.33543
9	0.00947	0.00473	0.00710	0.00710	0.00710	0.00473	0.00473	0.00710	0.00710	0.00947	0.00947	0.01657	0.00947	0.01894	0.02131	0.84138	0.00473	0.00473	0.00237	0.00237
10	0.01388	0.01379	0.02205	0.03197	0.70558	0.05922	0.03964	0.01706	0.01261	0.01753	0.01017	0.01331	0.00853	0.00489	0.00540	0.00161	0.00676	0.00483	0.00271	0.00846
11	0.01287	0.01471	0.03217	0.02298	0.02849	0.01379	0.75460	0.01746	0.01287	0.01746	0.01103	0.01471	0.00827	0.00460	0.00643	0.00184	0.00919	0.00643	0.00276	0.00735
12	0.01093	0.02820	0.78016	0.01554	0.02360	0.01266	0.02014	0.01727	0.01151	0.01727	0.00978	0.01151	0.00691	0.00518	0.00518	0.00173	0.00806	0.00403	0.00230	0.00806
13	0.00772	0.00557	0.00729	0.00686	0.00814	0.00514	0.00514	0.01029	0.01543	0.02186	0.77152	0.04072	0.05144	0.01115	0.00643	0.00171	0.00257	0.00986	0.00600	0.00514
14	0.01168	0.01055	0.01465	0.46341	0.02766	0.01273	0.01238	0.02029	0.32986	0.01769	0.01498	0.01699	0.01123	0.00627	0.00549	0.00183	0.00602	0.00540	0.00374	0.00715
15	0.01458	0.81168	0.02857	0.00933	0.01399	0.02157	0.00933	0.01632	0.01108	0.01283	0.00758	0.00875	0.00700	0.00466	0.00350	0.00117	0.00583	0.00292	0.00233	0.00700
16	0.01227	0.06112	0.66819	0.01483	0.02235	0.01311	0.01856	0.06180	0.01251	0.05101	0.01039	0.01179	0.00734	0.00531	0.00513	0.00169	0.00769	0.00409	0.00268	0.00814
17	0.01116	0.05029	0.71164	0.01582	0.02362	0.01299	0.06551	0.01725	0.01158	0.01715	0.00980	0.01163	0.00699	0.00513	0.00521	0.00172	0.00806	0.00415	0.00233	0.00798
18	0.84691	0.01054	0.00801	0.00717	0.01054	0.01223	0.00590	0.01603	0.00928	0.02446	0.00759	0.00886	0.00590	0.00506	0.00337	0.00169	0.00422	0.00295	0.00337	0.00590
19	0.01030	0.00969	0.01635	0.79530	0.03755	0.01211	0.01514	0.01393	0.01090	0.01393	0.00969	0.01453	0.00727	0.00545	0.00545	0.00182	0.00727	0.00484	0.00242	0.00606
20	0.01058	0.00998	0.01686	0.72862	0.10204	0.01219	0.01528	0.01417	0.01103	0.01427	0.00974	0.01444	0.00739	0.00540	0.00545	0.00180	0.00720	0.00485	0.00245	0.00628
21	0.01030	0.00969	0.01635	0.79530	0.03755	0.01211	0.01514	0.01393	0.01090	0.01393	0.00969	0.01453	0.00727	0.00545	0.00545	0.00182	0.00727	0.00484	0.00242	0.00606
22	0.00793	0.00529	0.00595	0.00595	0.00595	0.00529	0.00330	0.00793	0.00793	0.01057	0.01718	0.03568	0.01982	0.80840	0.02775	0.00529	0.00529	0.00793	0.00330	0.00330
23	0.01193	0.01193	0.01670	0.01431	0.01431	0.01670	0.01193	0.01312	0.00835	0.01312	0.00716	0.01193	0.00716	0.00954	0.01789	0.00239	0.79843	0.00477	0.00239	0.00596
24	0.84691	0.01054	0.00801	0.00717	0.01054	0.01223	0.00590	0.01603	0.00928	0.02446	0.00759	0.00886	0.00590	0.00506	0.00337	0.00169	0.00422	0.00295	0.00337	0.00590
25	0.02446	0.00928	0.01265	0.00970	0.01392	0.00801	0.00801	0.02657	0.01560	0.77817	0.02151	0.01856	0.01350	0.00675	0.00548	0.00169	0.00464	0.00548	0.00675	0.00928
26	0.00793	0.00529	0.00595	0.00595	0.00595	0.00529	0.00330	0.00793	0.00793	0.01057	0.01718	0.03568	0.01982	0.80840	0.02775	0.00529	0.00529	0.00793	0.00330	0.00330
27	0.01456	0.01221	0.01289	0.01130	0.01456	0.01403	0.00887	0.13028	0.66161	0.02442	0.02092	0.01933	0.01562	0.00728	0.00553	0.00182	0.00455	0.00599	0.00553	0.00872
28	0.84691	0.01054	0.00801	0.00717	0.01054	0.01223	0.00590	0.01603	0.00928	0.02446	0.00759	0.00886	0.00590	0.00506	0.00337	0.00169	0.00422	0.00295	0.00337	0.00590
29	0.84691	0.01054	0.00801	0.00717	0.01054	0.01223	0.00590	0.01603	0.00928	0.02446	0.00759	0.00886	0.00590	0.00506	0.00337	0.00169	0.00422	0.00295	0.00337	0.00590
30	0.00790	0.00539	0.00650	0.00650	0.00669	0.00558	0.00399	0.00828	0.00809	0.01098	0.01667	0.03289	0.01861	0.65817	0.17632	0.00597	0.00711	0.00752	0.00323	0.00361
31	0.02072	0.01527	0.01636	0.01254	0.01691	0.01691	0.01036	0.75622	0.02563	0.03436	0.01309	0.01309	0.00927	0.00654	0.00545	0.00164	0.00600	0.00491	0.00545	0.00927
32	0.02446	0.00928	0.01265	0.00970	0.01392	0.00801	0.00801	0.02657	0.01560	0.77817	0.02151	0.01856	0.01350	0.00675	0.00548	0.00169	0.00464	0.00548	0.00675	0.00928
33	0.84691	0.01054	0.00801	0.00717	0.01054	0.01223	0.00590	0.01603	0.00928	0.02446	0.00759	0.00886	0.00590	0.00506	0.00337	0.00169	0.00422	0.00295	0.00337	0.00590
34	0.00792	0.00587	0.00835	0.00830	0.00904	0.00673	0.00619	0.00943	0.00857	0.01222	0.01497	0.02423	0.01479	0.20414	0.60583	0.00786	0.03173	0.00626	0.00299	0.00456
35	0.00779	0.00582	0.00864	0.00864	0.00957	0.00675	0.00666	0.00966	0.00873	0.01257	0.01471	0.02204	0.01390	0.07426	0.75379	0.00861	0.01420	0.00593	0.00294	0.00480
36	0.02037	0.02598	0.01545	0.01404	0.01685	0.78652	0.01053	0.02177	0.01545	0.01334	0.00843	0.00983	0.00702	0.00562	0.00492	0.00140	0.00983	0.00351	0.00281	0.00632
37	0.01392	0.01189	0.01253	0.01117	0.01432	0.01373	0.00872	0.06590	0.72702	0.02339	0.02173	0.01997	0.01627	0.00735	0.00554	0.00184	0.00440	0.00610	0.00554	0.00866
38	0.00951	0.00597	0.00786	0.00716	0.00876	0.00545	0.00545	0.01203	0.01545	0.10284	0.69121	0.03835	0.04738	0.01067	0.00633	0.00171	0.00279	0.00939	0.00608	0.00559
39	0.84691	0.01054	0.00801	0.00717	0.01054	0.01223	0.00590	0.01603	0.00928	0.02446	0.00759	0.00886	0.00590	0.00506	0.00337	0.00169	0.00422	0.00295	0.00337	0.00590
40	0.02029	0.01505	0.01611	0.01246	0.01674	0.01670	0.01026	0.71177	0.07080	0.03365	0.01365	0.01353	0.00972	0.00660	0.00546	0.00165	0.00590	0.00499	0.00546	0.00923
41	0.01347	0.01302	0.02251	0.03306	0.74595	0.01299	0.04487	0.01676	0.01243	0.01780	0.01028	0.01354	0.00862	0.00485	0.00544	0.00163	0.00658	0.00492	0.00270	0.00859
42	0.01104	0.05186	0.75746	0.01535	0.02331	0.01293	0.01982	0.01724	0.01150	0.01713	0.00972	0.01143	0.00691	0.00516	0.00513	0.00171	0.00799	0.00399	0.00230	0.00803
43	0.84691	0.01054	0.00801	0.00717	0.01054	0.01223	0.00590	0.01603	0.00928	0.02446	0.00759	0.00886	0.00590	0.00506	0.00337	0.00169	0.00422	0.00295	0.00337	0.00590
44	0.00947	0.00473	0.00710	0.00710	0.00710	0.00473	0.00473	0.00710	0.00710	0.00947	0.00947	0.01657	0.00947	0.01894	0.02131	0.84138	0.00473	0.00473	0.00237	0.00237
45	0.01811	0.01061	0.01259	0.03418	0.01477	0.01115	0.00856	0.02749	0.42262	0.34444	0.02152	0.01940	0.01502	0.00706	0.00552	0.00178	0.00454	0.00583	0.00596	0.00883
46	0.01130	0.00969	0.01130	0.00807	0.01292	0.00727	0.00646	0.01373	0.01130	0.01776	0.00969	0.01130	0.00807	0.00404	0.00404	0.00081	0.00404	0.00323	0.00323	0.84173
47	0.01361	0.01397	0.02879	0.03959	0.07319	0.01332	0.60106	0.01859	0.05790	0.06504	0.01227	0.01520	0.00910	0.00493	0.00624	0.00182	0.00840	0.00622	0.00316	0.00760
48	0.01676	0.01304	0.01504	0.01228	0.01604	0.01445	0.05562	0.29149	0.40541	0.07181	0.01816	0.01726	0.01326	0.00687	0.00556	0.00176	0.00525	0.00569	0.00541	0.00882
49	0.00793	0.00529	0.00595	0.00595	0.00595	0.00529	0.00330	0.00793	0.00793	0.01057	0.01718	0.03568	0.01982	0.80840	0.02775	0.00529	0.00529	0.00793	0.00330	0.00330
50	0.01341	0.01136	0.01245	0.01163	0.04336	0.01290	0.00870	0.07051	0.61572	0.02321	0.09612	0.02167	0.01937	0.00762	0.00562	0.00181	0.00433	0.00641	0.00548	0.00832
51	0.02072	0.01527	0.01636	0.01254	0.01691	0.01691	0.01036	0.75622	0.02563	0.03436	0.01309	0.01309	0.00927	0.00654	0.00545	0.00164	0.00600	0.00491	0.00545	0.00927
52	0.02072	0.01527	0.01636	0.01254	0.01691	0.01691	0.01036	0.75622	0.02563	0.03436	0.01309	0.01309	0.00927	0.00654	0.00545	0.00164	0.00600	0.00491	0.00545	0.00927
53	0.01030	0.00969	0.01635	0.79530	0.03755	0.01211	0.01514	0.01393	0.01090	0.01393	0.00969	0.01453	0.00727	0.00545	0.00545	0.00182	0.00727	0.00484	0.00242	0.00606
54	0.01417	0.01447	0.02222	0.03058	0.63540	0.09460	0.07454	0.01732	0.01277	0.01731	0.01012	0.01320	0.00844	0.00492	0.00543	0.00161	0.00705	0.00484	0.00271	0.00829
55	0.01917	0.02191	0.01742	0.01515	0.04181	0.51567	0.08904	0.16432	0.01701	0.01805	0.01055	0.01190	0.02199	0.00582	0.00522	0.00151	0.00878	0.00428	0.00336	0.00705
56	0.01030	0.00969	0.01635	0.79530	0.03755	0.01211	0.01514	0.01393	0.01090	0.01393	0.00969	0.01453	0.00727	0.00545	0.00545	0.00182	0.00727	0.00484	0.00242	0.00606
57	0.02404	0.00937	0.01264	0.00975	0.01393	0.00822	0.00804	0.02666	0.04417	0.74936	0.02153	0.01862	0.01362	0.00677	0.00548	0.00169	0.00463	0.00551	0.00670	0.00925
58	0.08897	0.11140	0.59423	0.01441	0.02155	0.01364	0.04941	0.01706	0.01131	0.01746	0.00939	0.01110	0.00688	0.00509	0.00488	0.00167	0.00751	0.00391	0.00242	0.00771
59	0.01043	0.00740	0.01030	0.04487	0.10366	0.00739	0.00750	0.01302	0.03694	0.08874	0.34954	0.04813	0.06284	0.11223	0.00937	0.00224	0.03379	0.04081	0.00492	0.00586
60	0.01341	0.01297	0.02078	0.10215	0.63548	0.03627	0.01589	0.01739	0.05954	0.01763	0.01090	0.01391	0.00896	0.00509	0.00540	0.00165	0.00652	0.00490	0.00286	0.00833
61	0.01402	0.01505	0.09824	0.03931	0.26092	0.01321	0.34693	0.06187	0.01349	0.06581	0.01142	0.01416	0.00862	0.00500	0.00585	0.00174	0.00772	0.00553	0.00310	0.00803
62	0.01287	0.01471	0.03217	0.02298	0.02849	0.01379	0.75460	0.01746	0.01287	0.01746	0.01103	0.01471	0.00827	0.00460	0.00643	0.00184	0.00919	0.00643	0.00276	0.00735
63	0.02057	0.06707	0.01653	0.01207	0.01628	0.07688	0.00998	0.54264	0.04137	0.12173	0.01362	0.01340	0.00965	0.00640	0.00529	0.00160	0.00608	0.00477	0.00520	0.00887
64	0.00877	0.00587	0.00665	0.00644	0.00830	0.00503	0.00483	0.01026	0.01275	0.10828	0.10214	0.15887	0.51551	0.01323	0.00640	0.00187	0.00304	0.01124	0.00534	0.00519
65	0.00972	0.04305	0.05760	0.00905	0.01074	0.00838	0.00729	0.10883	0.01174	0.01600	0.01944	0.26440	0.03258	0.12147	0.23371	0.00433	0.02348	0.00881	0.00393	0.00543
66	0.01845	0.25727	0.01930	0.01241	0.01588	0.47191	0.01009	0.09016	0.01500	0.01519	0.00874	0.01004	0.00735	0.00608	0.01907	0.00149	0.00837	0.00351	0.00292	0.00678
67	0.00792	0.00532	0.00612	0.00612	0.00618	0.00538	0.00352	0.00804	0.00798	0.01070	0.01702	0.03479	0.01944	0.76066	0.07496	0.00550	0.00586	0.00780	0.00328	0.00340
68	0.00690	0.00493	0.00663	0.00789	0.00832	0.00465	0.00552	0.00804	0.01070	0.01421	0.02990	0.71417	0.03549	0.01683	0.00703	0.00225	0.00339	0.10359	0.00506	0.00450
69	0.01458	0.81168	0.02857	0.00933	0.01399	0.02157	0.00933	0.01632	0.01108	0.01283	0.00758	0.00875	0.00700	0.00466	0.00350	0.00117	0.00583	0.00292	0.00233	0.00700
70	0.01191	0.23812	0.57878	0.01387	0.02102	0.01505	0.01725	0.01701	0.01139	0.01608	0.00919	0.01077	0.00693	0.00504	0.00473	0.00158	0.00746	0.00373	0.00231	0.00777
71	0.01398	0.68337	0.15166	0.01035	0.01557	0.02011	0.01110	0.01648	0.01115	0.01355	0.00794	0.00920	0.00698	0.00475	0.00377	0.00126	0.00619	0.00310	0.00233	0.00717
72	0.01175	0.20267	0.61279	0.01416	0.02146	0.01465	0.01773	0.01706	0.01141	0.01628	0.00929	0.01089	0.00693	0.00506	0.00481	0.00160	0.00756	0.00378	0.00231	0.00782
73	0.01119	0.01044	0.01688	0.10557	0.47864	0.01048	0.01306	0.01393	0.01219	0.01661	0.03497	0.07374	0.16414	0.00763	0.00573	0.00173	0.00552	0.00698	0.00336	0.00721
74	0.01860	0.01368	0.16165	0.01604	0.18492	0.01006	0.01220	0.03664	0.01430	0.41431	0.05001	0.01696	0.01276	0.00622	0.00545	0.00168	0.00564	0.00525	0.00493	0.00872
75	0.03141	0.25693	0.49435	0.01316	0.01988	0.01498	0.01589	0.01754	0.01159	0.06345	0.00982	0.01108	0.00732	0.00512	0.00466	0.00156	0.00710	0.00377	0.00261	0.00777
76	0.00804	0.00587	0.00789	0.00893	0.00991	0.00586	0.00709	0.01044	0.04404	0.01541	0.02895	0.34356	0.05316	0.01701	0.05377	0.00272	0.00478	0.36271	0.00493	0.00493
77	0.25391	0.10862	0.39207	0.06170	0.05208	0.01351	0.01435	0.01657	0.01082	0.01867	0.00892	0.01071	0.00672	0.00509	0.00449	0.00165	0.00658	0.00368	0.00264	0.00721
78	0.66940	0.02717	0.01014	0.00827	0.01188	0.01232	0.02838	0.06320	0.01109	0.10229	0.00947	0.01029	0.00699	0.00531	0.00381	0.00168	0.00455	0.00344	0.00381	0.00653
79	0.01332	0.03023	0.02138	0.24948	0.13166	0.11805	0.20805	0.03151	0.02880	0.01582	0.00998	0.01351	0.00792	0.00565	0.00690	0.00178	0.09124	0.00507	0.00272	0.00692

[dist]
# distance from previous block
# <min> <max>
0	1

[block]
# block no. 3 follows, 44 sequences, length 70
# corresponding to MSA columns:
# 163-188,203-211,214-248
name=unknown_D
#
# <colnr> <probs for GDERKNQSTAVLIFYWHMCP>
#	G	D	E	R	K	N	Q	S	T	A	V	L	I	F	Y	W	H	M	C	P
0	0.00664	0.00474	0.00633	0.00759	0.00791	0.00443	0.00506	0.00759	0.01044	0.01392	0.03005	0.80485	0.03606	0.01708	0.00696	0.00221	0.00316	0.01550	0.00506	0.00443
1	0.40462	0.01665	0.26293	0.01070	0.01580	0.01235	0.01123	0.08721	0.01224	0.10550	0.01035	0.01119	0.00738	0.00542	0.00439	0.00170	0.00569	0.00377	0.00359	0.00730
2	0.01473	0.01077	0.01195	0.01059	0.01368	0.01194	0.00834	0.02685	0.57660	0.13981	0.06607	0.02278	0.01873	0.00780	0.00566	0.00184	0.00429	0.03343	0.00574	0.00839
3	0.01967	0.01472	0.01611	0.05814	0.01794	0.01642	0.01053	0.66740	0.07099	0.03244	0.01346	0.01363	0.00962	0.00653	0.00546	0.00166	0.00597	0.00498	0.00528	0.00904
4	0.01644	0.01189	0.01573	0.01270	0.01623	0.01239	0.11018	0.37234	0.01898	0.10161	0.01823	0.10760	0.01629	0.00892	0.00611	0.00188	0.00582	0.13380	0.00510	0.00775
5	0.01291	0.11022	0.06000	0.02147	0.07859	0.01442	0.56907	0.01706	0.01252	0.01685	0.01091	0.03016	0.00867	0.00490	0.00597	0.00175	0.00843	0.00600	0.00273	0.00737
6	0.00789	0.00544	0.00671	0.00671	0.00698	0.00570	0.00426	0.00842	0.00815	0.01114	0.01648	0.03180	0.01814	0.59968	0.23417	0.00623	0.00782	0.00736	0.00320	0.00373
7	0.01458	0.81168	0.02857	0.00933	0.01399	0.02157	0.00933	0.01632	0.01108	0.01283	0.00758	0.00875	0.00700	0.00466	0.00350	0.00117	0.00583	0.00292	0.00233	0.00700
8	0.01356	0.01171	0.01233	0.01109	0.01418	0.01356	0.00863	0.02897	0.76455	0.02281	0.02219	0.02034	0.01664	0.00740	0.00555	0.00185	0.00431	0.00616	0.00555	0.00863
9	0.00793	0.00529	0.00595	0.00595	0.00595	0.00529	0.00330	0.00793	0.00793	0.01057	0.01718	0.03568	0.01982	0.80840	0.02775	0.00529	0.00529	0.00793	0.00330	0.00330
10	0.84691	0.01054	0.00801	0.00717	0.01054	0.01223	0.00590	0.01603	0.00928	0.02446	0.00759	0.00886	0.00590	0.00506	0.00337	0.00169	0.00422	0.00295	0.00337	0.00590
11	0.06026	0.00638	0.00691	0.00660	0.00717	0.00660	0.00409	0.06759	0.00950	0.01343	0.01675	0.06104	0.01874	0.66617	0.02371	0.00466	0.00520	0.00767	0.00354	0.00398
12	0.01356	0.01171	0.01233	0.01109	0.01418	0.01356	0.00863	0.02897	0.76455	0.02281	0.02219	0.02034	0.01664	0.00740	0.00555	0.00185	0.00431	0.00616	0.00555	0.00863
13	0.02406	0.00937	0.01264	0.00975	0.01393	0.00822	0.00804	0.02666	0.04341	0.75013	0.02153	0.01862	0.01361	0.00677	0.00548	0.00169	0.00463	0.00551	0.00670	0.00925
14	0.02306	0.00944	0.01251	0.00978	0.01383	0.00850	0.00802	0.02648	0.08852	0.68944	0.03664	0.01917	0.01456	0.00690	0.00551	0.00170	0.00457	0.00564	0.00662	0.00913
15	0.01136	0.12077	0.69135	0.01480	0.02246	0.01371	0.01886	0.01715	0.01146	0.01674	0.00952	0.01118	0.00692	0.00512	0.00498	0.00166	0.00779	0.00390	0.00231	0.00793
16	0.00801	0.00638	0.00862	0.00858	0.00919	0.00712	0.00637	0.00942	0.01061	0.01479	0.15699	0.30487	0.06480	0.07568	0.14553	0.00349	0.14019	0.01025	0.00428	0.00482
17	0.02397	0.01007	0.01314	0.01008	0.01431	0.00919	0.00832	0.12326	0.01693	0.67960	0.02039	0.01783	0.01294	0.00672	0.00548	0.00168	0.00482	0.00541	0.00658	0.00928
18	0.01035	0.00980	0.01671	0.77758	0.03734	0.01215	0.03210	0.01401	0.01095	0.01401	0.00972	0.01454	0.00729	0.00543	0.00547	0.00182	0.00731	0.00488	0.00243	0.00609
19	0.01315	0.01274	0.02105	0.15417	0.63948	0.03092	0.01633	0.01640	0.01224	0.01709	0.01012	0.01357	0.00838	0.00497	0.00539	0.00165	0.00668	0.00482	0.00266	0.00817
20	0.01306	0.01560	0.06309	0.02221	0.04293	0.04430	0.65115	0.01745	0.01274	0.01714	0.01072	0.01425	0.00813	0.00485	0.00671	0.00183	0.03767	0.00612	0.00273	0.00732
21	0.02219	0.00878	0.01192	0.00931	0.01313	0.00762	0.00762	0.02436	0.01558	0.67564	0.12319	0.02156	0.01864	0.00734	0.00561	0.00169	0.00436	0.00608	0.00665	0.00872
22	0.01333	0.08596	0.57365	0.01431	0.02138	0.01365	0.01727	0.11792	0.01363	0.06365	0.01075	0.01192	0.00762	0.00542	0.00510	0.00167	0.00741	0.00415	0.00299	0.00821
23	0.01379	0.01285	0.02110	0.03087	0.68436	0.01300	0.01588	0.06215	0.03236	0.01890	0.01132	0.01517	0.00960	0.00535	0.00547	0.00165	0.00635	0.02825	0.00301	0.00856
24	0.01116	0.07634	0.73398	0.01516	0.02301	0.01321	0.01948	0.01721	0.01148	0.01699	0.00965	0.01134	0.00691	0.00515	0.00508	0.00169	0.00792	0.00396	0.00230	0.00799
25	0.01204	0.01314	0.02666	0.01951	0.02410	0.01268	0.57159	0.01675	0.05874	0.01749	0.04580	0.01960	0.08440	0.00615	0.00692	0.00186	0.04531	0.00696	0.00326	0.00701
26	0.09500	0.01434	0.04858	0.02050	0.22922	0.07996	0.19724	0.03093	0.02389	0.01765	0.01026	0.03090	0.00861	0.00581	0.00702	0.00174	0.11196	0.00507	0.00292	0.05840
27	0.01299	0.09020	0.22456	0.05183	0.19315	0.06133	0.23255	0.01715	0.01220	0.01656	0.00990	0.01267	0.00773	0.00505	0.00579	0.00169	0.02962	0.00484	0.00257	0.00764
28	0.01030	0.00969	0.01635	0.79530	0.03755	0.01211	0.01514	0.01393	0.01090	0.01393	0.00969	0.01453	0.00727	0.00545	0.00545	0.00182	0.00727	0.00484	0.00242	0.00606
29	0.01192	0.01017	0.01219	0.00876	0.01359	0.00804	0.02725	0.05929	0.01223	0.01877	0.00993	0.01151	0.00815	0.00421	0.00419	0.00089	0.00430	0.00342	0.00335	0.76784
30	0.02072	0.01527	0.01636	0.01254	0.01691	0.01691	0.01036	0.75622	0.02563	0.03436	0.01309	0.01309	0.00927	0.00654	0.00545	0.00164	0.00600	0.00491	0.00545	0.00927
31	0.02205	0.00876	0.01181	0.00923	0.01307	0.00758	0.00756	0.02416	0.01542	0.67201	0.08875	0.02227	0.05671	0.00750	0.00562	0.00170	0.00436	0.00618	0.00659	0.00867
32	0.00644	0.00552	0.00552	0.00552	0.00736	0.00460	0.00414	0.00782	0.01243	0.01473	0.05523	0.05247	0.77218	0.01381	0.00644	0.00184	0.00276	0.01151	0.00506	0.00460
33	0.01130	0.00969	0.01130	0.00807	0.01292	0.00727	0.00646	0.01373	0.01130	0.01776	0.00969	0.01130	0.00807	0.00404	0.00404	0.00081	0.00404	0.00323	0.00323	0.84173
34	0.84691	0.01054	0.00801	0.00717	0.01054	0.01223	0.00590	0.01603	0.00928	0.02446	0.00759	0.00886	0.00590	0.00506	0.00337	0.00169	0.00422	0.00295	0.00337	0.00590
35	0.01130	0.00969	0.01130	0.00807	0.01292	0.00727	0.00646	0.01373	0.01130	0.01776	0.00969	0.01130	0.00807	0.00404	0.00404	0.00081	0.00404	0.00323	0.00323	0.84173
36	0.00927	0.00591	0.00750	0.00700	0.00863	0.00531	0.00528	0.01144	0.01451	0.10399	0.50224	0.10417	0.17068	0.01161	0.00637	0.00178	0.00288	0.01013	0.00584	0.00545
37	0.01141	0.00975	0.01138	0.00835	0.01280	0.00786	0.00669	0.04191	0.01180	0.01804	0.01238	0.01380	0.05268	0.00493	0.00479	0.00096	0.03596	0.00384	0.00339	0.72727
38	0.01436	0.78601	0.02794	0.00931	0.01386	0.02110	0.00925	0.01611	0.01100	0.01282	0.00780	0.00915	0.00721	0.00582	0.02846	0.00141	0.00611	0.00301	0.00235	0.00693
39	0.01093	0.02820	0.78016	0.01554	0.02360	0.01266	0.02014	0.01727	0.01151	0.01727	0.00978	0.01151	0.00691	0.00518	0.00518	0.00173	0.00806	0.00403	0.00230	0.00806
40	0.00669	0.00515	0.00609	0.00666	0.00767	0.00458	0.00466	0.00795	0.01167	0.01494	0.11177	0.41316	0.33275	0.03121	0.00712	0.00208	0.00299	0.01320	0.00512	0.00454
41	0.00743	0.00556	0.00689	0.00656	0.00797	0.00502	0.00492	0.00974	0.01476	0.02027	0.61149	0.04335	0.21247	0.01174	0.00643	0.00174	0.00261	0.01023	0.00579	0.00502
42	0.00990	0.00592	0.00780	0.02345	0.00950	0.00542	0.00568	0.01170	0.01321	0.13783	0.29398	0.32817	0.10054	0.01282	0.00646	0.00191	0.00324	0.01135	0.00561	0.00550
43	0.01119	0.00957	0.01118	0.00806	0.01279	0.00720	0.00642	0.01357	0.01128	0.01767	0.01020	0.03133	0.00878	0.00437	0.00411	0.00084	0.00402	0.00354	0.00328	0.82060
44	0.03537	0.00938	0.02475	0.00940	0.01294	0.00852	0.00774	0.07823	0.06068	0.47566	0.19227	0.02302	0.02179	0.00772	0.00566	0.00170	0.00430	0.00641	0.00627	0.00821
45	0.01732	0.01283	0.01342	0.01164	0.03016	0.07734	0.00908	0.16053	0.34670	0.17147	0.01877	0.01888	0.01395	0.00708	0.00548	0.00172	0.00521	0.03358	0.00537	0.03947
46	0.01412	0.10739	0.40983	0.01440	0.02027	0.19546	0.04454	0.04267	0.07020	0.01685	0.01033	0.01168	0.00781	0.00542	0.00503	0.00160	0.00794	0.00408	0.00279	0.00759
47	0.02041	0.01508	0.01619	0.01239	0.01677	0.01658	0.01023	0.73112	0.02515	0.03380	0.01297	0.01303	0.00923	0.00646	0.00541	0.00161	0.00593	0.00485	0.00538	0.03741
48	0.00706	0.00592	0.00614	0.00614	0.00795	0.00525	0.00466	0.00927	0.05616	0.01514	0.05022	0.05050	0.65379	0.04407	0.00728	0.00201	0.00309	0.05552	0.00502	0.00481
49	0.84691	0.01054	0.00801	0.00717	0.01054	0.01223	0.00590	0.01603	0.00928	0.02446	0.00759	0.00886	0.00590	0.00506	0.00337	0.00169	0.00422	0.00295	0.00337	0.00590
50	0.00751	0.00549	0.00706	0.00683	0.00806	0.00503	0.00506	0.00983	0.01471	0.02053	0.64353	0.11571	0.10641	0.01193	0.00648	0.00177	0.00264	0.01053	0.00584	0.00503
51	0.01346	0.01265	0.02043	0.07690	0.61835	0.01306	0.01549	0.03342	0.10679	0.01854	0.01177	0.01441	0.00957	0.00525	0.00542	0.00166	0.00624	0.00502	0.00310	0.00849
52	0.00664	0.00474	0.00633	0.00759	0.00791	0.00443	0.00506	0.00759	0.01044	0.01392	0.03005	0.80485	0.03606	0.01708	0.00696	0.00221	0.00316	0.01550	0.00506	0.00443
53	0.00671	0.00480	0.00641	0.00767	0.00802	0.00449	0.00519	0.00772	0.01051	0.01400	0.03001	0.77972	0.03590	0.01701	0.00698	0.00222	0.00323	0.03991	0.00506	0.00445
54	0.04090	0.00743	0.01186	0.05810	0.08075	0.00737	0.09574	0.01092	0.01126	0.01552	0.02379	0.43164	0.02667	0.01302	0.00663	0.00213	0.00478	0.14173	0.00435	0.00540
55	0.01302	0.01240	0.02108	0.04837	0.71378	0.01244	0.01602	0.01614	0.01227	0.01750	0.01140	0.05970	0.01021	0.00558	0.00549	0.00166	0.00630	0.00548	0.00283	0.00833
56	0.00879	0.00628	0.00879	0.01004	0.01130	0.00628	0.00879	0.01130	0.01255	0.01632	0.02887	0.06150	0.03138	0.01506	0.00753	0.00251	0.00502	0.73770	0.00502	0.00502
57	0.84691	0.01054	0.00801	0.00717	0.01054	0.01223	0.00590	0.01603	0.00928	0.02446	0.00759	0.00886	0.00590	0.00506	0.00337	0.00169	0.00422	0.00295	0.00337	0.00590
58	0.00947	0.00473	0.00710	0.00710	0.00710	0.00473	0.00473	0.00710	0.00710	0.00947	0.00947	0.01657	0.00947	0.01894	0.02131	0.84138	0.00473	0.00473	0.00237	0.00237
59	0.01084	0.01001	0.01636	0.74097	0.03606	0.01244	0.01484	0.05016	0.01157	0.01491	0.00980	0.01441	0.00736	0.00559	0.00571	0.00182	0.02352	0.00485	0.00257	0.00621
60	0.06012	0.01128	0.01844	0.33668	0.02607	0.01346	0.14322	0.01442	0.01043	0.01516	0.00906	0.01327	0.00738	0.00639	0.00906	0.00192	0.23875	0.00489	0.00258	0.05742
61	0.84691	0.01054	0.00801	0.00717	0.01054	0.01223	0.00590	0.01603	0.00928	0.02446	0.00759	0.00886	0.00590	0.00506	0.00337	0.00169	0.00422	0.00295	0.00337	0.00590
62	0.01128	0.01104	0.01680	0.47165	0.07449	0.03321	0.01406	0.01403	0.01027	0.01389	0.00886	0.01349	0.00731	0.00677	0.00953	0.00198	0.26793	0.00479	0.00244	0.00619
63	0.07008	0.01399	0.01594	0.01234	0.01650	0.01525	0.05308	0.54962	0.07125	0.07349	0.04362	0.01480	0.01139	0.00659	0.00543	0.00167	0.00575	0.00519	0.00527	0.00875
64	0.00660	0.00553	0.00574	0.00568	0.00746	0.00467	0.00426	0.00812	0.01279	0.01559	0.14191	0.05105	0.68496	0.01348	0.00644	0.00183	0.00274	0.01131	0.00518	0.00467
65	0.17711	0.01310	0.01782	0.11578	0.45589	0.08039	0.01372	0.01659	0.01189	0.01824	0.00988	0.01336	0.00826	0.00524	0.00501	0.00166	0.00639	0.01930	0.00286	0.00752
66	0.02716	0.47677	0.10592	0.01002	0.01496	0.01701	0.00997	0.07771	0.01258	0.04462	0.02178	0.01071	0.00831	0.00497	0.00405	0.00125	0.00568	0.00346	0.00297	0.14009
67	0.04850	0.01261	0.01501	0.04470	0.10661	0.01359	0.01020	0.37671	0.10470	0.11186	0.08573	0.01707	0.01427	0.00680	0.00548	0.00168	0.00537	0.00550	0.00513	0.00848
68	0.01186	0.01170	0.01698	0.22781	0.04677	0.03148	0.03310	0.02585	0.00985	0.01414	0.00828	0.01272	0.00733	0.00780	0.01277	0.00210	0.47499	0.00476	0.00251	0.03720
69	0.01786	0.01185	0.05918	0.01041	0.01417	0.04021	0.00875	0.07054	0.24938	0.32863	0.02152	0.02051	0.05798	0.03877	0.00636	0.00186	0.00494	0.00590	0.00556	0.02563

[dist]
# distance from previous block
# <min> <max>
1	3

[block]
# block no. 4 follows, 44 sequences, length 24
# corresponding to MSA columns:
# 252-275
name=unknown_E
#
# <colnr> <probs for GDERKNQSTAVLIFYWHMCP>
#	G	D	E	R	K	N	Q	S	T	A	V	L	I	F	Y	W	H	M	C	P
0	0.01171	0.00859	0.01179	0.01042	0.01229	0.00980	0.03152	0.15275	0.01246	0.06197	0.01402	0.01871	0.01212	0.02875	0.50750	0.00627	0.07405	0.00558	0.00358	0.00613
1	0.06360	0.44316	0.23358	0.01132	0.01667	0.07952	0.01215	0.01753	0.01168	0.05393	0.00897	0.01011	0.00724	0.00501	0.00417	0.00140	0.00661	0.00340	0.00265	0.00729
2	0.02148	0.01038	0.01345	0.01145	0.05874	0.00989	0.00875	0.15351	0.04791	0.51572	0.07456	0.01900	0.01539	0.00695	0.00554	0.00168	0.00482	0.00569	0.00618	0.00891
3	0.01066	0.01006	0.01700	0.70942	0.12061	0.01221	0.01532	0.01425	0.01107	0.01437	0.00975	0.01442	0.00742	0.00538	0.00544	0.00179	0.00718	0.00485	0.00245	0.00635
4	0.01030	0.00969	0.01635	0.79530	0.03755	0.01211	0.01514	0.01393	0.01090	0.01393	0.00969	0.01453	0.00727	0.00545	0.00545	0.00182	0.00727	0.00484	0.00242	0.00606
5	0.01170	0.05970	0.66987	0.01557	0.02308	0.05547	0.05591	0.01748	0.01178	0.01688	0.00968	0.01146	0.00698	0.00515	0.00516	0.00169	0.00812	0.00407	0.00235	0.00788
6	0.10835	0.00941	0.01218	0.00944	0.01357	0.00844	0.00780	0.02549	0.01496	0.70130	0.02009	0.01757	0.01272	0.00658	0.00527	0.00169	0.00460	0.00522	0.00640	0.00893
7	0.01030	0.00969	0.01635	0.79530	0.03755	0.01211	0.01514	0.01393	0.01090	0.01393	0.00969	0.01453	0.00727	0.00545	0.00545	0.00182	0.00727	0.00484	0.00242	0.00606
8	0.01315	0.01260	0.02150	0.11636	0.69422	0.01286	0.01656	0.01643	0.01225	0.01739	0.01019	0.01361	0.00849	0.00492	0.00540	0.00164	0.00656	0.00486	0.00267	0.00835
9	0.02446	0.00928	0.01265	0.00970	0.01392	0.00801	0.00801	0.02657	0.01560	0.77817	0.02151	0.01856	0.01350	0.00675	0.00548	0.00169	0.00464	0.00548	0.00675	0.00928
10	0.00824	0.00570	0.00663	0.00679	0.00712	0.00577	0.00433	0.00938	0.04733	0.01208	0.01960	0.08513	0.02201	0.62547	0.02296	0.00459	0.00507	0.09423	0.00373	0.00385
11	0.00685	0.00498	0.00643	0.00751	0.00806	0.00464	0.00521	0.00794	0.01074	0.01408	0.03223	0.62976	0.11598	0.04650	0.00774	0.00231	0.00336	0.07622	0.00499	0.00446
12	0.02366	0.00965	0.01302	0.04225	0.01507	0.00871	0.00845	0.06906	0.01600	0.70282	0.02052	0.01807	0.01299	0.00668	0.00548	0.00169	0.00483	0.00542	0.00649	0.00914
13	0.00735	0.00504	0.00612	0.00669	0.00683	0.00490	0.00409	0.00778	0.00906	0.01207	0.02296	0.38122	0.02711	0.45291	0.01841	0.00391	0.00433	0.01133	0.00409	0.00381
14	0.02097	0.01373	0.01531	0.01184	0.01605	0.01477	0.00975	0.57002	0.04410	0.18425	0.01509	0.01460	0.01044	0.00743	0.02405	0.00182	0.00588	0.00508	0.00566	0.00915
15	0.18537	0.01236	0.03707	0.02714	0.01554	0.01283	0.09614	0.26505	0.08520	0.06093	0.01347	0.01586	0.01050	0.08035	0.00711	0.00201	0.00560	0.00510	0.05497	0.00739
16	0.05192	0.25755	0.05217	0.01097	0.01498	0.19033	0.00960	0.13551	0.03154	0.12706	0.02783	0.01396	0.04227	0.00609	0.00471	0.00147	0.00640	0.00436	0.00386	0.00743
17	0.01414	0.37515	0.21474	0.01361	0.09000	0.03398	0.01271	0.08399	0.01274	0.03919	0.00974	0.01136	0.00792	0.00720	0.05043	0.00186	0.00704	0.00383	0.00282	0.00756
18	0.08689	0.04448	0.04561	0.01324	0.09952	0.13102	0.03761	0.06180	0.07779	0.11267	0.15842	0.01996	0.01812	0.00699	0.00533	0.00162	0.00562	0.02625	0.00436	0.04271
19	0.10531	0.13351	0.01806	0.04853	0.19887	0.08428	0.03042	0.11014	0.09755	0.08723	0.02775	0.01374	0.01016	0.00572	0.00493	0.00159	0.00600	0.00459	0.00380	0.00781
20	0.08272	0.05489	0.13209	0.01374	0.11340	0.02712	0.01103	0.12332	0.08023	0.15747	0.06951	0.01663	0.01320	0.00631	0.00515	0.00162	0.00551	0.01759	0.00436	0.06410
21	0.01264	0.12709	0.16965	0.04927	0.11357	0.04277	0.19469	0.03936	0.01268	0.01729	0.07726	0.01485	0.01159	0.00562	0.00581	0.00162	0.03726	0.00510	0.00298	0.05888
22	0.01111	0.02335	0.01391	0.01173	0.04729	0.00939	0.11614	0.04704	0.07046	0.04053	0.09471	0.10425	0.11309	0.02481	0.02126	0.00187	0.06141	0.00740	0.02378	0.15650
23	0.08142	0.11280	0.03497	0.00943	0.01293	0.01126	0.00794	0.16841	0.03860	0.09034	0.01784	0.15419	0.04922	0.00828	0.00518	0.00160	0.00470	0.03649	0.00443	0.14997

[dist]
# distance from previous block
# <min> <max>
10	26

[block]
# block no. 5 follows, 44 sequences, length 45
# corresponding to MSA columns:
# 302-346
name=unknown_F
#
# <colnr> <probs for GDERKNQSTAVLIFYWHMCP>
#	G	D	E	R	K	N	Q	S	T	A	V	L	I	F	Y	W	H	M	C	P
0	0.02748	0.22096	0.07205	0.04011	0.03891	0.15343	0.01019	0.12758	0.05928	0.04883	0.02934	0.04386	0.01164	0.05327	0.00646	0.00177	0.02077	0.02341	0.00359	0.00706
1	0.06303	0.37995	0.19324	0.01095	0.01575	0.07994	0.01126	0.04148	0.02589	0.04679	0.02712	0.01229	0.00909	0.03664	0.02436	0.00175	0.00662	0.00387	0.00290	0.00708
2	0.18348	0.36454	0.10824	0.01058	0.04517	0.04139	0.00977	0.01702	0.02864	0.07029	0.03279	0.01317	0.04386	0.00565	0.00420	0.00146	0.00557	0.00399	0.00318	0.00698
3	0.01159	0.03500	0.01009	0.00896	0.02997	0.03644	0.00678	0.09976	0.04216	0.08298	0.14383	0.08988	0.20243	0.06481	0.00752	0.00202	0.00425	0.07643	0.00498	0.04011
4	0.02990	0.07738	0.08920	0.07498	0.09996	0.01345	0.20227	0.10216	0.01289	0.01798	0.02482	0.01516	0.00973	0.04645	0.06800	0.00245	0.07915	0.00527	0.00306	0.02577
5	0.03098	0.00906	0.01035	0.00890	0.01135	0.00928	0.00683	0.21771	0.05892	0.12992	0.12089	0.12907	0.10267	0.11837	0.00888	0.00226	0.00441	0.00818	0.00529	0.00668
6	0.01755	0.01319	0.01435	0.01120	0.01504	0.01420	0.00908	0.51338	0.06835	0.02879	0.01346	0.01489	0.01032	0.05320	0.00685	0.00176	0.02755	0.00494	0.03893	0.12297
7	0.12528	0.04162	0.14516	0.09034	0.24966	0.01324	0.19338	0.01710	0.04034	0.01822	0.01032	0.01303	0.00803	0.00502	0.00529	0.00171	0.00705	0.00483	0.00281	0.00758
8	0.03975	0.01636	0.01600	0.01434	0.08472	0.15676	0.01061	0.44346	0.08851	0.05598	0.01299	0.01329	0.00955	0.00627	0.00531	0.00161	0.00650	0.00474	0.00473	0.00853
9	0.01263	0.01083	0.01156	0.01042	0.01339	0.01211	0.00810	0.02552	0.62561	0.02152	0.02372	0.05306	0.06034	0.00810	0.00560	0.00181	0.00418	0.02343	0.00534	0.06274
10	0.01133	0.00980	0.01156	0.00837	0.01299	0.00771	0.00672	0.01370	0.01116	0.01754	0.00957	0.01133	0.00803	0.00430	0.00469	0.00088	0.04170	0.00330	0.00319	0.80210
11	0.01039	0.05443	0.05899	0.00896	0.03794	0.03674	0.00716	0.01304	0.01468	0.08605	0.52032	0.03356	0.07698	0.00971	0.00601	0.00167	0.00371	0.00837	0.00533	0.00594
12	0.00783	0.00567	0.00791	0.00791	0.00859	0.00635	0.00575	0.00919	0.00851	0.01203	0.01538	0.02572	0.01550	0.27256	0.55768	0.00771	0.01179	0.00647	0.00304	0.00440
13	0.00770	0.00556	0.00729	0.00696	0.00821	0.00514	0.00523	0.01021	0.01518	0.02144	0.72719	0.06918	0.05041	0.01145	0.00647	0.00175	0.00265	0.02691	0.00594	0.00511
14	0.00716	0.00523	0.00705	0.05888	0.00982	0.00510	0.00571	0.00841	0.01072	0.01436	0.06360	0.60483	0.05594	0.06084	0.00796	0.00232	0.00357	0.04118	0.02278	0.00455
15	0.01675	0.02004	0.01758	0.01556	0.04222	0.44939	0.08506	0.01848	0.01294	0.01382	0.00849	0.01124	0.00735	0.00723	0.02235	0.00186	0.23632	0.00425	0.00268	0.00637
16	0.01130	0.00969	0.01130	0.00807	0.01292	0.00727	0.00646	0.01373	0.01130	0.01776	0.00969	0.01130	0.00807	0.00404	0.00404	0.00081	0.00404	0.00323	0.00323	0.84173
17	0.01349	0.01295	0.02213	0.03346	0.77440	0.01295	0.01673	0.01673	0.01241	0.01781	0.01025	0.01349	0.00864	0.00486	0.00540	0.00162	0.00648	0.00486	0.00270	0.00864
18	0.01306	0.01483	0.09616	0.05321	0.09357	0.01295	0.50274	0.01729	0.01258	0.06056	0.01198	0.04299	0.00941	0.00541	0.00644	0.00183	0.02831	0.00624	0.00300	0.00745
19	0.01458	0.81168	0.02857	0.00933	0.01399	0.02157	0.00933	0.01632	0.01108	0.01283	0.00758	0.00875	0.00700	0.00466	0.00350	0.00117	0.00583	0.00292	0.00233	0.00700
20	0.00705	0.00505	0.00661	0.00763	0.00816	0.00476	0.00534	0.00822	0.01087	0.01444	0.07234	0.58458	0.06520	0.07522	0.00852	0.00243	0.00349	0.10063	0.00498	0.00446
21	0.01065	0.01007	0.01452	0.01274	0.01316	0.01354	0.02523	0.01214	0.00857	0.01306	0.00957	0.01496	0.00921	0.01929	0.25915	0.00438	0.53641	0.00514	0.00256	0.00565
22	0.84691	0.01054	0.00801	0.00717	0.01054	0.01223	0.00590	0.01603	0.00928	0.02446	0.00759	0.00886	0.00590	0.00506	0.00337	0.00169	0.00422	0.00295	0.00337	0.00590
23	0.00664	0.00474	0.00633	0.00759	0.00791	0.00443	0.00506	0.00759	0.01044	0.01392	0.03005	0.80485	0.03606	0.01708	0.00696	0.00221	0.00316	0.01550	0.00506	0.00443
24	0.84691	0.01054	0.00801	0.00717	0.01054	0.01223	0.00590	0.01603	0.00928	0.02446	0.00759	0.00886	0.00590	0.00506	0.00337	0.00169	0.00422	0.00295	0.00337	0.00590
25	0.00784	0.00562	0.00764	0.00764	0.00822	0.00620	0.00541	0.00901	0.00843	0.01182	0.01563	0.02712	0.01610	0.34778	0.48329	0.00737	0.01088	0.00668	0.00307	0.00424
26	0.01458	0.81168	0.02857	0.00933	0.01399	0.02157	0.00933	0.01632	0.01108	0.01283	0.00758	0.00875	0.00700	0.00466	0.00350	0.00117	0.00583	0.00292	0.00233	0.00700
27	0.01130	0.00969	0.01130	0.00807	0.01292	0.00727	0.00646	0.01373	0.01130	0.01776	0.00969	0.01130	0.00807	0.00404	0.00404	0.00081	0.00404	0.00323	0.00323	0.84173
28	0.00774	0.00541	0.00691	0.00705	0.00740	0.00569	0.00464	0.00848	0.00847	0.01162	0.01774	0.11494	0.01957	0.47132	0.27346	0.00609	0.00810	0.00807	0.00337	0.00394
29	0.01339	0.01380	0.05774	0.05977	0.69796	0.02743	0.01672	0.01675	0.01237	0.01756	0.01018	0.01337	0.00847	0.00491	0.00538	0.00163	0.00664	0.00479	0.00267	0.00847
30	0.07979	0.07029	0.01670	0.01336	0.01429	0.10667	0.01110	0.01459	0.00945	0.01403	0.00737	0.01121	0.00703	0.00838	0.01419	0.00213	0.58649	0.00435	0.00251	0.00607
31	0.02446	0.00928	0.01265	0.00970	0.01392	0.00801	0.00801	0.02657	0.01560	0.77817	0.02151	0.01856	0.01350	0.00675	0.00548	0.00169	0.00464	0.00548	0.00675	0.00928
32	0.01130	0.00969	0.01130	0.00807	0.01292	0.00727	0.00646	0.01373	0.01130	0.01776	0.00969	0.01130	0.00807	0.00404	0.00404	0.00081	0.00404	0.00323	0.00323	0.84173
33	0.01093	0.02820	0.78016	0.01554	0.02360	0.01266	0.02014	0.01727	0.01151	0.01727	0.00978	0.01151	0.00691	0.00518	0.00518	0.00173	0.00806	0.00403	0.00230	0.00806
