[name]
unknown

[dist]
# distance from previous block
# <min> <max>
7	275

[block]
# block no. 0 follows, 45 sequences, length 7
# corresponding to MSA columns:
# 459-462,465,466,475
name=unknown_A
#
# <colnr> <probs for GDERKNQSTAVLIFYWHMCP>
#	G	D	E	R	K	N	Q	S	T	A	V	L	I	F	Y	W	H	M	C	P
0	0.09336	0.14180	0.08921	0.02094	0.33328	0.10228	0.04559	0.01668	0.01166	0.01643	0.00896	0.01145	0.00752	0.00526	0.00584	0.00159	0.07397	0.00414	0.00262	0.00741
1	0.01329	0.13674	0.01492	0.00976	0.01356	0.01094	0.04856	0.09586	0.07811	0.08227	0.07109	0.07459	0.01517	0.00675	0.00493	0.00139	0.00468	0.03364	0.00414	0.27962
2	0.01038	0.00703	0.00874	0.00822	0.00994	0.00696	0.00632	0.08363	0.07127	0.07834	0.38083	0.18302	0.03667	0.01140	0.00630	0.00185	0.00346	0.07412	0.00562	0.00587
3	0.03848	0.40751	0.12534	0.01385	0.07858	0.07395	0.10173	0.01751	0.01188	0.07202	0.00946	0.01086	0.00761	0.00490	0.00441	0.00141	0.00664	0.00382	0.00276	0.00729
4	0.01389	0.01301	0.01590	0.33595	0.02463	0.12008	0.05535	0.15676	0.08196	0.01808	0.01106	0.01396	0.00853	0.00683	0.00699	0.06123	0.04105	0.00480	0.00329	0.00664
5	0.00841	0.00535	0.00670	0.00703	0.00792	0.00492	0.00482	0.00949	0.01103	0.08302	0.09945	0.42403	0.13424	0.15569	0.01023	0.00257	0.00351	0.01199	0.00491	0.00468
6	0.00781	0.00610	0.00900	0.10396	0.01253	0.00628	0.03804	0.00948	0.01079	0.01461	0.06859	0.48442	0.02916	0.04364	0.00765	0.00220	0.02800	0.07766	0.03529	0.00480

[dist]
# distance from previous block
# <min> <max>
0	2

[block]
# block no. 1 follows, 45 sequences, length 6
# corresponding to MSA columns:
# 480-485
name=unknown_B
#
# <colnr> <probs for GDERKNQSTAVLIFYWHMCP>
#	G	D	E	R	K	N	Q	S	T	A	V	L	I	F	Y	W	H	M	C	P
0	0.00662	0.00482	0.00624	0.00721	0.00776	0.00444	0.00490	0.00774	0.01092	0.01451	0.10133	0.66484	0.10693	0.01597	0.00676	0.00210	0.00302	0.01437	0.00507	0.00444
1	0.01905	0.01008	0.01235	0.01004	0.01367	0.00986	0.00816	0.14944	0.13025	0.39976	0.02011	0.06720	0.01514	0.00766	0.00553	0.00171	0.00465	0.05109	0.00584	0.05841
2	0.01760	0.01349	0.06007	0.01126	0.01540	0.01320	0.00961	0.47505	0.02008	0.09935	0.01425	0.06597	0.01118	0.00827	0.03989	0.00187	0.00586	0.00537	0.00491	0.10732
3	0.05251	0.18248	0.54857	0.01477	0.06720	0.01421	0.01682	0.01672	0.01120	0.01651	0.00912	0.01078	0.00687	0.00497	0.00470	0.00158	0.00722	0.00375	0.00235	0.00766
4	0.01050	0.00773	0.02485	0.02558	0.06011	0.03126	0.00679	0.04071	0.01066	0.01615	0.01470	0.02178	0.01330	0.10638	0.06483	0.11105	0.06826	0.04815	0.31221	0.00501
5	0.00951	0.00956	0.09684	0.01043	0.02990	0.00779	0.05182	0.07722	0.03023	0.01729	0.09743	0.23047	0.07441	0.08619	0.00835	0.00230	0.00480	0.14538	0.00446	0.00563

[dist]
# distance from previous block
# <min> <max>
10	16

[block]
# block no. 2 follows, 45 sequences, length 41
# corresponding to MSA columns:
# 502-542
name=unknown_C
#
# <colnr> <probs for GDERKNQSTAVLIFYWHMCP>
#	G	D	E	R	K	N	Q	S	T	A	V	L	I	F	Y	W	H	M	C	P
0	0.03798	0.00952	0.01061	0.03273	0.01248	0.02183	0.00727	0.15491	0.17018	0.07008	0.14590	0.11561	0.05921	0.02094	0.00586	0.00173	0.00417	0.00733	0.03933	0.07233
1	0.01064	0.04404	0.01008	0.00840	0.00982	0.00904	0.00630	0.12424	0.04466	0.01749	0.11800	0.10558	0.02097	0.24350	0.06168	0.00317	0.07776	0.00741	0.05603	0.02120
2	0.01260	0.06140	0.01451	0.05079	0.03760	0.01137	0.05891	0.07552	0.11212	0.06056	0.04142	0.05522	0.01329	0.06966	0.02279	0.00202	0.11555	0.00563	0.02573	0.15330
3	0.01231	0.01281	0.06694	0.07764	0.11888	0.01196	0.35690	0.01598	0.01218	0.05995	0.07174	0.01664	0.01201	0.00761	0.04966	0.00216	0.06370	0.00593	0.01798	0.00701
4	0.01430	0.32604	0.03968	0.00981	0.01358	0.03298	0.00871	0.14844	0.08871	0.04494	0.05002	0.01485	0.01179	0.04293	0.06980	0.00212	0.00613	0.00448	0.00365	0.06703
5	0.09697	0.00824	0.00947	0.04341	0.01162	0.00837	0.00663	0.14016	0.01292	0.01931	0.04762	0.20257	0.01842	0.07050	0.04361	0.01812	0.00473	0.03402	0.06361	0.13969
6	0.07408	0.09204	0.01567	0.01336	0.05355	0.52179	0.00990	0.04697	0.05544	0.01571	0.04638	0.01185	0.00963	0.00577	0.00476	0.00144	0.00801	0.00393	0.00315	0.00654
7	0.05176	0.07875	0.01701	0.05302	0.25161	0.13509	0.01135	0.13060	0.07765	0.06224	0.01202	0.01384	0.00950	0.02512	0.00549	0.00163	0.00621	0.00457	0.04492	0.00761
8	0.00806	0.00645	0.00736	0.00804	0.00906	0.04060	0.00605	0.00996	0.03769	0.01470	0.05174	0.33378	0.15310	0.07986	0.00844	0.00238	0.00403	0.20924	0.00477	0.00470
9	0.00895	0.00797	0.00838	0.00874	0.04196	0.09000	0.00629	0.01101	0.01377	0.01777	0.36844	0.09402	0.19955	0.01152	0.00628	0.00180	0.00381	0.08950	0.00506	0.00516
10	0.01485	0.04636	0.01222	0.00923	0.01238	0.03224	0.00722	0.26412	0.01573	0.09935	0.01634	0.05167	0.05087	0.17562	0.00973	0.00222	0.00508	0.00583	0.00440	0.16455
11	0.00875	0.00554	0.00708	0.00745	0.00851	0.00510	0.00526	0.02635	0.01180	0.09384	0.10356	0.52845	0.12423	0.02871	0.00692	0.00208	0.00326	0.01286	0.00522	0.00503
12	0.01863	0.01062	0.01241	0.01008	0.01352	0.01089	0.00811	0.27160	0.10607	0.29911	0.01904	0.09924	0.01460	0.00768	0.00542	0.00168	0.00467	0.00628	0.07211	0.00823
13	0.01222	0.01351	0.02837	0.07435	0.06478	0.01312	0.60696	0.01631	0.01223	0.01665	0.01142	0.04997	0.00928	0.00534	0.00670	0.00184	0.04065	0.00649	0.00278	0.00703
14	0.01151	0.01149	0.01663	0.01415	0.01443	0.01565	0.04762	0.01283	0.00855	0.01317	0.00845	0.05502	0.00864	0.00956	0.01648	0.00231	0.71979	0.00535	0.00251	0.00586
15	0.00906	0.00552	0.00731	0.00720	0.00754	0.00570	0.00485	0.04140	0.00861	0.01153	0.01498	0.09327	0.04104	0.21619	0.06168	0.42653	0.02450	0.00670	0.00306	0.00334
16	0.06547	0.00920	0.01223	0.00943	0.01354	0.00810	0.00779	0.02564	0.01505	0.74359	0.02049	0.01779	0.01291	0.00656	0.00529	0.00166	0.00455	0.00527	0.00648	0.00897
17	0.00775	0.00544	0.00695	0.00674	0.00788	0.00502	0.00490	0.00979	0.01378	0.03526	0.55689	0.13275	0.09394	0.07920	0.00814	0.00205	0.00288	0.01024	0.00553	0.00488
18	0.05567	0.00646	0.00792	0.00726	0.00893	0.00616	0.00546	0.02246	0.03111	0.12119	0.43387	0.06411	0.06965	0.10685	0.00859	0.00215	0.00339	0.02784	0.00543	0.00551
19	0.04938	0.01154	0.01639	0.01385	0.01435	0.01560	0.05160	0.01326	0.00863	0.01395	0.00772	0.01211	0.00734	0.00880	0.01577	0.00224	0.68862	0.00472	0.03822	0.00591
20	0.09471	0.00653	0.00785	0.00781	0.00932	0.00637	0.00577	0.04513	0.01219	0.11687	0.11860	0.39016	0.05939	0.04679	0.00706	0.00210	0.00363	0.04922	0.00509	0.00542
21	0.17350	0.02533	0.09122	0.16479	0.25080	0.06339	0.04318	0.01616	0.01134	0.03519	0.00972	0.01245	0.00767	0.00528	0.00534	0.00166	0.03834	0.00431	0.03331	0.00701
22	0.01032	0.00544	0.00562	0.00547	0.00683	0.00556	0.00415	0.04268	0.01170	0.02022	0.01718	0.01977	0.01356	0.00785	0.04061	0.00161	0.00320	0.00503	0.76804	0.00516
23	0.00827	0.00625	0.00722	0.00713	0.00872	0.00596	0.00536	0.01159	0.10518	0.04001	0.21159	0.14221	0.31060	0.04656	0.00724	0.00202	0.00323	0.06040	0.00523	0.00523
24	0.01133	0.01068	0.03489	0.08153	0.04784	0.00958	0.10712	0.01476	0.04788	0.01713	0.01099	0.02480	0.00904	0.00513	0.00558	0.00129	0.06283	0.00437	0.05950	0.43374
25	0.01008	0.00933	0.01542	0.70641	0.03383	0.01165	0.01404	0.01343	0.01071	0.01400	0.02551	0.03311	0.00885	0.00596	0.00596	0.00181	0.04445	0.00511	0.02447	0.00588
26	0.00654	0.00467	0.00623	0.00747	0.00779	0.00436	0.00498	0.00747	0.01028	0.01370	0.02959	0.80785	0.03550	0.01682	0.00685	0.00218	0.00311	0.01526	0.00498	0.00436
27	0.00680	0.00528	0.00622	0.00666	0.00777	0.00477	0.00473	0.00852	0.03173	0.01544	0.15285	0.37407	0.32694	0.01441	0.00654	0.00195	0.00290	0.01263	0.00514	0.00464
28	0.01022	0.00921	0.05159	0.02259	0.03211	0.02321	0.00826	0.07290	0.16994	0.01793	0.02516	0.29222	0.05678	0.01210	0.00635	0.00205	0.00449	0.17198	0.00481	0.00609
29	0.00715	0.00520	0.00685	0.04669	0.00913	0.00502	0.00533	0.00850	0.01114	0.01506	0.16148	0.45547	0.10517	0.05494	0.03138	0.02122	0.00363	0.01217	0.02995	0.00451
30	0.01047	0.00599	0.00632	0.00593	0.00740	0.00607	0.00447	0.07966	0.01281	0.02079	0.10537	0.02317	0.03320	0.05226	0.00558	0.00157	0.00297	0.00582	0.60489	0.00528
31	0.03131	0.01389	0.02255	0.02654	0.45465	0.07215	0.19331	0.03055	0.02940	0.01753	0.01089	0.01473	0.00907	0.00526	0.00579	0.00168	0.02286	0.02716	0.00287	0.00782
32	0.03815	0.08587	0.31709	0.05513	0.25321	0.01328	0.05577	0.05014	0.01236	0.05474	0.01029	0.01233	0.00781	0.00507	0.00508	0.00162	0.00693	0.00436	0.00280	0.00794
33	0.00669	0.00479	0.00639	0.00750	0.00792	0.00448	0.00512	0.00780	0.01072	0.01438	0.08639	0.72330	0.03650	0.01630	0.00683	0.00215	0.00313	0.04011	0.00505	0.00443
34	0.00873	0.00534	0.00676	0.00699	0.00805	0.00494	0.00499	0.01037	0.01210	0.07941	0.21522	0.38955	0.07016	0.03074	0.00662	0.00194	0.00303	0.01131	0.11874	0.00500
35	0.04172	0.09230	0.13423	0.06825	0.09463	0.02553	0.24930	0.02927	0.01235	0.06526	0.04631	0.07992	0.02412	0.00633	0.00554	0.00171	0.00681	0.00610	0.00326	0.00706
36	0.01078	0.05211	0.01040	0.00850	0.01086	0.03169	0.00649	0.13394	0.03055	0.01849	0.08343	0.31214	0.07203	0.02647	0.00611	0.00173	0.00407	0.00914	0.00454	0.16652
37	0.01126	0.00923	0.01151	0.00956	0.04812	0.00772	0.03310	0.05994	0.01204	0.01837	0.01277	0.09710	0.01158	0.00579	0.00449	0.00111	0.00414	0.00494	0.08956	0.54764
38	0.05937	0.24128	0.03417	0.01051	0.03357	0.03633	0.05870	0.06122	0.01282	0.13099	0.06045	0.05306	0.07199	0.00918	0.06029	0.00200	0.00588	0.00553	0.00387	0.04881
39	0.01157	0.04103	0.01156	0.04369	0.09059	0.00870	0.00792	0.12048	0.01431	0.07366	0.15276	0.16718	0.11329	0.00995	0.00585	0.00173	0.00425	0.04972	0.00473	0.06703
40	0.00992	0.04487	0.13079	0.00889	0.01120	0.00834	0.00779	0.10740	0.01243	0.01716	0.11671	0.21210	0.02316	0.20358	0.03454	0.00281	0.00509	0.00849	0.02922	0.00551

[dist]
# distance from previous block
# <min> <max>
2	5

[block]
# block no. 3 follows, 45 sequences, length 61
# corresponding to MSA columns:
# 561-567,569-620,623,625
name=unknown_D
#
# <colnr> <probs for GDERKNQSTAVLIFYWHMCP>
#	G	D	E	R	K	N	Q	S	T	A	V	L	I	F	Y	W	H	M	C	P
0	0.12874	0.14347	0.12784	0.01099	0.05236	0.03348	0.02491	0.03127	0.01261	0.15539	0.11547	0.05709	0.02894	0.00677	0.00489	0.00156	0.00514	0.00543	0.00403	0.04963
1	0.18023	0.37186	0.01858	0.00917	0.01279	0.05464	0.02951	0.09057	0.01246	0.01792	0.06373	0.01442	0.03535	0.04674	0.00528	0.00160	0.00533	0.00424	0.01910	0.00646
2	0.06282	0.00984	0.01371	0.11624	0.01712	0.01019	0.10202	0.08018	0.11754	0.06659	0.05790	0.08219	0.07845	0.00875	0.02847	0.00191	0.01941	0.02756	0.00420	0.09491
3	0.05217	0.03292	0.08498	0.01234	0.01568	0.35486	0.01033	0.16269	0.01574	0.06395	0.02260	0.06379	0.03091	0.00690	0.00574	0.00160	0.04721	0.00497	0.00369	0.00692
4	0.00745	0.00519	0.00616	0.00646	0.00665	0.00515	0.00397	0.00784	0.00882	0.01174	0.03350	0.25442	0.05743	0.52390	0.02010	0.00409	0.01953	0.01004	0.00384	0.00370
5	0.01206	0.03509	0.01788	0.28385	0.02416	0.05669	0.18594	0.07371	0.03411	0.01696	0.01268	0.07232	0.01068	0.00689	0.01828	0.00183	0.02835	0.00585	0.09628	0.00638
6	0.14661	0.06894	0.01589	0.14401	0.20783	0.02352	0.04859	0.06695	0.01212	0.01804	0.01375	0.12503	0.01324	0.00747	0.00529	0.00176	0.00569	0.06524	0.00339	0.00663
7	0.01056	0.00996	0.01667	0.60974	0.17961	0.01172	0.01467	0.01395	0.01110	0.01450	0.01190	0.01599	0.04598	0.00567	0.00541	0.00175	0.00678	0.00510	0.00257	0.00639
8	0.00679	0.00495	0.00624	0.00694	0.00759	0.00457	0.00473	0.00796	0.01113	0.01480	0.15229	0.51615	0.13810	0.08130	0.00839	0.00230	0.00314	0.01321	0.00499	0.00441
9	0.01852	0.01288	0.01415	0.01123	0.01499	0.01393	0.00913	0.53534	0.07407	0.10970	0.01776	0.07748	0.05058	0.00769	0.00554	0.00169	0.00527	0.00611	0.00546	0.00849
10	0.00759	0.00507	0.00589	0.00619	0.00636	0.00498	0.00371	0.00797	0.00867	0.01178	0.02074	0.21893	0.03860	0.56375	0.02079	0.00421	0.00451	0.00951	0.04712	0.00363
11	0.10486	0.00944	0.00995	0.00849	0.01117	0.01009	0.00674	0.23388	0.09007	0.05615	0.11990	0.04432	0.07062	0.00774	0.00503	0.00160	0.00398	0.00621	0.19298	0.00678
12	0.04622	0.00918	0.01328	0.03440	0.05228	0.00929	0.11925	0.14527	0.03594	0.03830	0.08397	0.30813	0.06075	0.01054	0.00610	0.00188	0.00482	0.00956	0.00459	0.00626
13	0.01213	0.01107	0.01671	0.58698	0.11579	0.03396	0.01433	0.11406	0.01296	0.01681	0.01002	0.01388	0.00756	0.00545	0.00535	0.00173	0.00697	0.00474	0.00283	0.00668
14	0.00659	0.00548	0.00578	0.00580	0.00753	0.00467	0.00442	0.00812	0.01253	0.01526	0.12215	0.05103	0.66616	0.01341	0.00640	0.00184	0.00282	0.05035	0.00507	0.00460
15	0.00794	0.00517	0.00664	0.00726	0.00795	0.00480	0.00496	0.00899	0.01077	0.06319	0.08071	0.53565	0.07924	0.12397	0.00950	0.00251	0.00346	0.02778	0.00492	0.00459
16	0.01460	0.01427	0.02059	0.02933	0.63947	0.10165	0.01531	0.05451	0.01327	0.03107	0.01022	0.01294	0.00844	0.00498	0.00526	0.00157	0.00670	0.00464	0.00287	0.00828
17	0.00684	0.00494	0.00639	0.00734	0.00785	0.00462	0.00497	0.01881	0.01087	0.01449	0.08174	0.68036	0.07558	0.03874	0.00735	0.00220	0.00315	0.01430	0.00500	0.00446
18	0.00732	0.00496	0.00660	0.00743	0.00803	0.00460	0.00510	0.00856	0.01127	0.04154	0.15347	0.65267	0.03726	0.01549	0.00671	0.00208	0.00307	0.01399	0.00519	0.00464
19	0.43411	0.02372	0.01011	0.11931	0.01429	0.01106	0.00759	0.03321	0.02765	0.05838	0.01229	0.11793	0.01112	0.00711	0.00519	0.00177	0.05365	0.00527	0.04032	0.00594
20	0.10494	0.11261	0.01595	0.09086	0.01700	0.20763	0.00992	0.24811	0.01607	0.02105	0.01003	0.01155	0.00785	0.00591	0.00550	0.00155	0.05772	0.00404	0.04464	0.00706
21	0.00665	0.00476	0.00633	0.00740	0.00781	0.00444	0.00499	0.00776	0.01080	0.01454	0.10956	0.72548	0.03713	0.01619	0.00680	0.00213	0.00305	0.01466	0.00508	0.00444
22	0.01489	0.01006	0.01157	0.01017	0.01304	0.01074	0.00809	0.15683	0.29259	0.15485	0.05889	0.11383	0.03019	0.00912	0.00584	0.00185	0.00444	0.07976	0.00556	0.00768
23	0.01181	0.01198	0.05731	0.19605	0.41970	0.01175	0.04873	0.01559	0.03807	0.01659	0.01273	0.03505	0.01130	0.00631	0.00562	0.00176	0.00646	0.08283	0.00297	0.00740
24	0.11029	0.33490	0.22619	0.01187	0.03397	0.08016	0.02542	0.03784	0.01194	0.06943	0.00934	0.01045	0.00731	0.00505	0.00427	0.00145	0.00647	0.00355	0.00285	0.00725
25	0.00995	0.00663	0.00779	0.00714	0.00883	0.00644	0.00536	0.07314	0.03077	0.07531	0.23716	0.03555	0.20597	0.13169	0.05945	0.00267	0.00425	0.02333	0.06319	0.00536
26	0.06602	0.01048	0.01282	0.00963	0.01399	0.00929	0.06150	0.09682	0.06530	0.01987	0.01161	0.04716	0.00976	0.00515	0.00449	0.00115	0.00455	0.00431	0.00363	0.54249
27	0.12211	0.00809	0.01015	0.00916	0.01108	0.02612	0.03811	0.06605	0.01055	0.01668	0.01296	0.01756	0.01137	0.02549	0.45545	0.00560	0.02863	0.00507	0.07753	0.04221
28	0.12249	0.12711	0.01034	0.00708	0.00935	0.00871	0.00569	0.01248	0.03666	0.05693	0.28154	0.03167	0.19459	0.06515	0.00688	0.00188	0.00361	0.00767	0.00465	0.00551
29	0.03172	0.03467	0.30606	0.01287	0.03291	0.01089	0.06449	0.01682	0.02280	0.13440	0.05586	0.01586	0.01154	0.05763	0.00757	0.00186	0.07213	0.00490	0.00343	0.10159
30	0.01088	0.00834	0.00954	0.02683	0.01072	0.05462	0.00671	0.13669	0.01185	0.01614	0.01441	0.04250	0.01360	0.16223	0.33327	0.05917	0.00913	0.00593	0.06222	0.00521
31	0.01454	0.69872	0.07969	0.00997	0.01465	0.08016	0.01002	0.01655	0.01127	0.01297	0.00768	0.00888	0.00688	0.00470	0.00367	0.00120	0.00620	0.00299	0.00233	0.00691
32	0.06707	0.02986	0.06618	0.01003	0.01405	0.01051	0.00870	0.16862	0.06871	0.33336	0.07638	0.03231	0.01469	0.00676	0.00520	0.00161	0.00480	0.00542	0.01730	0.05843
33	0.01387	0.03921	0.26363	0.01503	0.11653	0.01177	0.02616	0.14465	0.04018	0.09750	0.05084	0.03563	0.01368	0.00702	0.00551	0.00173	0.00612	0.08278	0.00394	0.02420
34	0.00688	0.00496	0.00650	0.00740	0.00799	0.00463	0.00518	0.00817	0.01120	0.01500	0.14116	0.57750	0.07478	0.03716	0.00735	0.00219	0.00320	0.06918	0.00507	0.00449
35	0.06103	0.00528	0.00657	0.00745	0.00806	0.00515	0.00519	0.00852	0.01038	0.01463	0.06605	0.56017	0.03218	0.10444	0.00894	0.00249	0.00355	0.08076	0.00473	0.00442
36	0.04561	0.01295	0.05848	0.07064	0.09954	0.05108	0.25840	0.03807	0.07162	0.01752	0.01278	0.05492	0.01076	0.03251	0.00706	0.00186	0.06197	0.00586	0.08158	0.00679
37	0.02084	0.06770	0.03344	0.01258	0.06450	0.01191	0.04709	0.22454	0.01732	0.41933	0.01647	0.01546	0.01100	0.00619	0.00529	0.00162	0.00543	0.00504	0.00544	0.00881
38	0.00821	0.00559	0.00698	0.00664	0.00802	0.00508	0.00492	0.01031	0.01396	0.05744	0.51708	0.08951	0.16539	0.04949	0.00726	0.00190	0.00283	0.00992	0.02444	0.00505
39	0.05001	0.00880	0.01144	0.00913	0.01271	0.00803	0.00742	0.02346	0.07449	0.57564	0.13890	0.02149	0.01912	0.00731	0.00548	0.00168	0.00421	0.00604	0.00632	0.00833
40	0.05122	0.01378	0.06732	0.11678	0.01805	0.06288	0.01037	0.32546	0.08506	0.08333	0.01435	0.06093	0.01118	0.00678	0.00525	0.00167	0.00580	0.00537	0.04668	0.00775
41	0.00818	0.00516	0.00618	0.00637	0.00696	0.00526	0.00430	0.00941	0.00951	0.01426	0.04066	0.15415	0.02041	0.30913	0.14320	0.00409	0.00556	0.00796	0.23504	0.00422
42	0.06206	0.00954	0.01175	0.00954	0.01320	0.00922	0.00772	0.03884	0.17861	0.51069	0.02148	0.04178	0.03294	0.00715	0.00535	0.00171	0.00438	0.00583	0.01971	0.00851
43	0.01538	0.50756	0.14609	0.01078	0.01573	0.06765	0.01097	0.08656	0.01290	0.06884	0.00932	0.01019	0.00753	0.00505	0.00411	0.00133	0.00628	0.00344	0.00291	0.00738
44	0.01502	0.00969	0.01153	0.01016	0.03418	0.00999	0.00776	0.18542	0.16150	0.17967	0.21219	0.08093	0.04112	0.00867	0.00577	0.00173	0.00419	0.00733	0.00567	0.00751
45	0.00671	0.00483	0.00624	0.00718	0.00764	0.00449	0.00481	0.00774	0.01065	0.01419	0.09398	0.64217	0.08109	0.07127	0.00820	0.00233	0.00319	0.01403	0.00494	0.00435
46	0.01111	0.00936	0.01112	0.05862	0.01391	0.00758	0.00684	0.03909	0.01165	0.01775	0.01220	0.01375	0.04681	0.00472	0.00422	0.00095	0.00413	0.00381	0.03283	0.68953
47	0.07927	0.01268	0.05126	0.04497	0.06996	0.08287	0.00929	0.17414	0.11718	0.05594	0.17419	0.01932	0.01841	0.00698	0.00527	0.00161	0.00515	0.00566	0.02370	0.04215
48	0.00672	0.00477	0.00632	0.00748	0.00782	0.00450	0.00504	0.00766	0.01021	0.01360	0.02872	0.72385	0.03426	0.06773	0.00819	0.00239	0.00333	0.04821	0.00487	0.00432
49	0.00775	0.00518	0.00587	0.00592	0.00594	0.00517	0.00332	0.00779	0.00791	0.01055	0.01744	0.06735	0.02018	0.77822	0.02647	0.00508	0.00512	0.00812	0.00332	0.00330
50	0.06026	0.01242	0.07168	0.34887	0.21481	0.01265	0.07745	0.04879	0.01185	0.03557	0.00999	0.01345	0.00771	0.00539	0.00592	0.00175	0.04689	0.00476	0.00276	0.00704
51	0.00916	0.00749	0.00965	0.06344	0.01198	0.00771	0.00701	0.05772	0.01172	0.01624	0.08917	0.29252	0.10082	0.01270	0.04675	0.00215	0.09551	0.00927	0.00420	0.14478
52	0.15300	0.01233	0.05322	0.09134	0.22355	0.04746	0.02514	0.05532	0.11317	0.04415	0.01240	0.01527	0.01002	0.06408	0.00651	0.00189	0.00570	0.00479	0.03969	0.02097
53	0.00829	0.00592	0.00724	0.00706	0.00754	0.00628	0.00473	0.03255	0.00942	0.01297	0.07305	0.08370	0.04153	0.47136	0.14295	0.00485	0.04617	0.00791	0.02241	0.00410
54	0.01256	0.27616	0.43103	0.01516	0.09958	0.04770	0.01570	0.01683	0.01145	0.01551	0.00894	0.01060	0.00701	0.00492	0.00459	0.00150	0.00714	0.00368	0.00234	0.00759
55	0.00804	0.00540	0.00622	0.00614	0.00654	0.00531	0.00373	0.00849	0.00841	0.01175	0.01727	0.08177	0.01925	0.62499	0.06161	0.00469	0.00528	0.00775	0.06164	0.04572
56	0.07041	0.00827	0.00943	0.00830	0.01066	0.00837	0.00646	0.14636	0.07033	0.10722	0.26375	0.12310	0.12566	0.01004	0.00585	0.00175	0.00369	0.00850	0.00545	0.00639
57	0.01922	0.02066	0.01525	0.01311	0.01621	0.46425	0.01020	0.25029	0.04973	0.01997	0.01104	0.01196	0.02155	0.00623	0.00570	0.00153	0.04803	0.00420	0.00371	0.00717
58	0.10695	0.01238	0.01210	0.01051	0.01259	0.12098	0.00829	0.16311	0.06626	0.01923	0.01470	0.01791	0.06336	0.08358	0.06364	0.00256	0.16442	0.00528	0.04588	0.00629
59	0.01323	0.24882	0.12072	0.01154	0.01497	0.12914	0.02732	0.03769	0.05709	0.01497	0.02196	0.02573	0.03043	0.00985	0.08639	0.00229	0.11494	0.00453	0.02179	0.00658
60	0.01572	0.01015	0.01253	0.08149	0.02655	0.02751	0.00857	0.13312	0.05261	0.22518	0.06214	0.05826	0.03501	0.00749	0.00647	0.01895	0.06021	0.00577	0.02179	0.13050

[dist]
# distance from previous block
# <min> <max>
0	3

[block]
# block no. 4 follows, 45 sequences, length 21
# corresponding to MSA columns:
# 629-649
name=unknown_E
#
# <colnr> <probs for GDERKNQSTAVLIFYWHMCP>
#	G	D	E	R	K	N	Q	S	T	A	V	L	I	F	Y	W	H	M	C	P
0	0.05725	0.01023	0.05897	0.01054	0.05962	0.00962	0.00811	0.15007	0.11059	0.06743	0.22049	0.07692	0.07560	0.03524	0.00636	0.00183	0.00429	0.00739	0.02268	0.00677
1	0.11010	0.11724	0.51105	0.03196	0.01988	0.03793	0.01563	0.01671	0.01138	0.03312	0.04156	0.01208	0.00869	0.00533	0.00475	0.00162	0.00697	0.00399	0.00266	0.00736
2	0.25785	0.14249	0.03999	0.01159	0.06175	0.08973	0.00921	0.21983	0.06170	0.02277	0.01039	0.01166	0.00819	0.02562	0.00496	0.00163	0.00571	0.00395	0.00372	0.00727
3	0.20185	0.03466	0.01425	0.08177	0.06410	0.19871	0.00984	0.22455	0.05657	0.02212	0.01053	0.01190	0.00813	0.00682	0.03065	0.00181	0.00674	0.00412	0.00371	0.00715
4	0.00786	0.00610	0.00822	0.00764	0.00882	0.00586	0.05416	0.02504	0.01108	0.01472	0.15142	0.14210	0.18617	0.25636	0.08752	0.00351	0.00509	0.00953	0.00427	0.00451
5	0.34236	0.16842	0.33580	0.01090	0.01639	0.01394	0.01230	0.01634	0.01039	0.01898	0.00837	0.00979	0.00643	0.00496	0.00409	0.00158	0.00603	0.00334	0.00269	0.00690
6	0.09528	0.01327	0.01353	0.01097	0.01436	0.05417	0.00892	0.42536	0.09413	0.04667	0.01473	0.01507	0.03672	0.00677	0.00583	0.00165	0.05510	0.00495	0.07465	0.00790
7	0.01000	0.00785	0.01085	0.00977	0.01155	0.00795	0.07816	0.10621	0.02718	0.04266	0.06653	0.36280	0.14715	0.01247	0.00711	0.00198	0.05399	0.02537	0.00476	0.00565
8	0.00857	0.00633	0.00772	0.00770	0.00899	0.00619	0.00565	0.09013	0.03167	0.01874	0.27077	0.36033	0.11288	0.01321	0.00645	0.00192	0.00326	0.02893	0.00533	0.00523
9	0.00796	0.00585	0.00744	0.00805	0.00906	0.00554	0.00583	0.05501	0.01158	0.01552	0.02785	0.58839	0.05444	0.01498	0.00663	0.00208	0.00356	0.10530	0.00488	0.06003
10	0.01233	0.01121	0.06275	0.01249	0.01557	0.03543	0.16414	0.11804	0.06096	0.07174	0.06728	0.22850	0.03280	0.00984	0.00618	0.00190	0.00554	0.07221	0.00452	0.00659
11	0.00678	0.00503	0.00635	0.00711	0.00792	0.00461	0.00504	0.00811	0.01148	0.01509	0.13738	0.50264	0.18671	0.01524	0.00671	0.00206	0.00307	0.05904	0.00511	0.00453
12	0.00703	0.00521	0.00651	0.00729	0.00805	0.00490	0.00514	0.00863	0.03302	0.01460	0.08197	0.49897	0.15608	0.06505	0.00802	0.00229	0.00333	0.07443	0.00495	0.00454
13	0.01152	0.16678	0.60186	0.01467	0.02186	0.01410	0.06451	0.01685	0.01134	0.01624	0.00932	0.01105	0.00690	0.00497	0.00488	0.00161	0.00761	0.00392	0.00230	0.00770
14	0.07015	0.12473	0.56466	0.01362	0.02048	0.01371	0.01659	0.06594	0.01214	0.03712	0.00971	0.01108	0.00706	0.00515	0.00479	0.00162	0.00718	0.00385	0.00266	0.00776
15	0.00764	0.00514	0.00590	0.00606	0.00610	0.00510	0.00347	0.00776	0.00812	0.01083	0.01853	0.13393	0.02156	0.70976	0.02470	0.00482	0.00494	0.00876	0.00347	0.00339
16	0.00658	0.00487	0.00604	0.00694	0.00755	0.00445	0.00468	0.00754	0.01054	0.01367	0.03405	0.59904	0.19159	0.06583	0.00802	0.00229	0.00316	0.01396	0.00488	0.00433
17	0.01252	0.01468	0.06732	0.01849	0.03692	0.06762	0.38522	0.01570	0.01128	0.01543	0.01027	0.04891	0.00889	0.00669	0.00964	0.00195	0.25323	0.00587	0.00268	0.00668
18	0.00764	0.02884	0.00713	0.00716	0.00776	0.00556	0.00480	0.03525	0.01047	0.01389	0.05753	0.48701	0.06080	0.22636	0.01208	0.00290	0.00381	0.01215	0.00450	0.00435
19	0.06162	0.00703	0.00817	0.00750	0.00934	0.00695	0.00584	0.10599	0.01536	0.02167	0.45604	0.05475	0.15183	0.01079	0.00610	0.00176	0.00326	0.05502	0.00546	0.00553
20	0.01260	0.01532	0.12319	0.08541	0.07233	0.01383	0.40457	0.06231	0.01247	0.01734	0.01014	0.01351	0.00782	0.00548	0.00754	0.00184	0.11886	0.00548	0.00274	0.00723

[dist]
# distance from previous block
# <min> <max>
0	1

[block]
# block no. 5 follows, 45 sequences, length 33
# corresponding to MSA columns:
# 651-683
name=unknown_F
#
# <colnr> <probs for GDERKNQSTAVLIFYWHMCP>
#	G	D	E	R	K	N	Q	S	T	A	V	L	I	F	Y	W	H	M	C	P
0	0.00929	0.00675	0.00742	0.00701	0.00870	0.03424	0.00521	0.01167	0.05121	0.08443	0.28097	0.10110	0.29305	0.06565	0.00761	0.00200	0.00335	0.00980	0.00526	0.00527
1	0.03811	0.00601	0.00648	0.00628	0.00804	0.00548	0.00476	0.02900	0.02974	0.01733	0.23369	0.07156	0.48706	0.01241	0.00622	0.00179	0.00289	0.02304	0.00518	0.00492
2	0.00814	0.00552	0.00632	0.00625	0.00650	0.00553	0.00373	0.03379	0.00907	0.01218	0.06829	0.08689	0.02232	0.67654	0.02378	0.00464	0.00491	0.00833	0.00362	0.00365
3	0.13961	0.00779	0.00828	0.02155	0.00987	0.00820	0.00580	0.08694	0.01192	0.02047	0.01406	0.04485	0.01164	0.00826	0.04519	0.01615	0.03941	0.00483	0.38518	0.11002
4	0.05985	0.23212	0.07401	0.01376	0.07681	0.37629	0.01095	0.05614	0.02660	0.01539	0.00874	0.01009	0.00724	0.00524	0.00449	0.00139	0.00768	0.00353	0.00280	0.00687
5	0.08396	0.13642	0.06030	0.01188	0.04148	0.01545	0.01003	0.39090	0.07868	0.04469	0.01237	0.01309	0.00934	0.00827	0.05791	0.00204	0.00628	0.00450	0.00434	0.00809
6	0.01611	0.11175	0.01527	0.03837	0.01509	0.25672	0.00928	0.21627	0.03956	0.01931	0.02709	0.04410	0.05402	0.00902	0.05498	0.00199	0.03372	0.00510	0.02543	0.00683
7	0.00758	0.00575	0.00673	0.00645	0.00800	0.00523	0.00482	0.01008	0.04523	0.02970	0.41880	0.05833	0.33106	0.03019	0.00678	0.00183	0.00278	0.01019	0.00546	0.00501
8	0.00933	0.00559	0.00637	0.00626	0.00690	0.00555	0.00399	0.01059	0.03703	0.06106	0.01867	0.10318	0.01940	0.50057	0.01865	0.00381	0.00441	0.00775	0.16665	0.00426
9	0.01094	0.01077	0.02120	0.12280	0.02249	0.01067	0.40764	0.01444	0.01176	0.01658	0.02784	0.11136	0.01304	0.00765	0.02968	0.00198	0.02033	0.00702	0.12556	0.00626
10	0.01887	0.02311	0.01467	0.01332	0.01613	0.65292	0.01004	0.02268	0.14795	0.01478	0.01069	0.01150	0.00858	0.00584	0.00495	0.00146	0.00872	0.00392	0.00324	0.00662
11	0.00712	0.00557	0.00638	0.00629	0.00771	0.00503	0.00461	0.00923	0.03643	0.01704	0.31516	0.10761	0.38056	0.05816	0.00755	0.00199	0.00287	0.01069	0.00524	0.00476
12	0.01197	0.01282	0.02593	0.19287	0.11195	0.01292	0.46828	0.01593	0.01199	0.01624	0.01096	0.03891	0.00879	0.00526	0.00636	0.00181	0.03131	0.00605	0.00270	0.00697
13	0.01517	0.00826	0.01016	0.00864	0.01149	0.00797	0.00683	0.02025	0.18486	0.31656	0.23243	0.02835	0.10831	0.00875	0.00577	0.00172	0.00373	0.00739	0.00599	0.00736
14	0.01012	0.00549	0.00577	0.00562	0.00688	0.00562	0.00419	0.04319	0.01141	0.01938	0.01706	0.02089	0.01396	0.06735	0.05865	0.00205	0.00364	0.00525	0.68843	0.00503
15	0.00694	0.00544	0.00628	0.00641	0.00784	0.00482	0.00484	0.00864	0.01276	0.01636	0.24078	0.12335	0.42666	0.02861	0.00689	0.00194	0.00296	0.07862	0.00519	0.00467
16	0.01114	0.00671	0.00841	0.00774	0.00962	0.00627	0.00590	0.07073	0.01449	0.15403	0.30995	0.20281	0.13097	0.01155	0.00623	0.00182	0.00336	0.02672	0.00565	0.00588
17	0.02257	0.00925	0.01230	0.00952	0.01346	0.00826	0.00783	0.07397	0.01601	0.67334	0.07842	0.01958	0.01587	0.00696	0.00547	0.00166	0.00450	0.00569	0.00650	0.00882
18	0.01969	0.01418	0.01586	0.01317	0.05990	0.01546	0.01023	0.64609	0.02344	0.07516	0.02832	0.02906	0.01065	0.00665	0.00542	0.00163	0.00574	0.00516	0.00529	0.00892
19	0.00713	0.00547	0.00664	0.00718	0.00845	0.00498	0.00556	0.00882	0.01219	0.01556	0.12723	0.21799	0.33735	0.01431	0.00673	0.00205	0.00335	0.19929	0.00508	0.00466
20	0.00689	0.00488	0.00641	0.00742	0.00782	0.00462	0.00505	0.00793	0.01046	0.01399	0.07479	0.62413	0.03439	0.10336	0.00910	0.00250	0.00343	0.06366	0.00485	0.00432
21	0.07577	0.41158	0.21467	0.01086	0.01583	0.09015	0.01146	0.03815	0.01173	0.01567	0.00883	0.01019	0.00725	0.00499	0.00406	0.00137	0.00637	0.00339	0.05073	0.00697
22	0.01175	0.04564	0.01092	0.00935	0.01139	0.20264	0.00726	0.05941	0.03212	0.01526	0.03064	0.08286	0.35038	0.01036	0.00705	0.00175	0.09357	0.00801	0.00406	0.00557
23	0.00681	0.00479	0.00615	0.00712	0.00737	0.00454	0.00461	0.00755	0.00974	0.01299	0.02684	0.64066	0.03204	0.18873	0.01128	0.00283	0.00357	0.01365	0.00461	0.00412
24	0.04804	0.45275	0.09788	0.01070	0.01536	0.07250	0.01035	0.16981	0.01431	0.05001	0.00942	0.01024	0.00757	0.00519	0.00418	0.00136	0.00616	0.00353	0.00318	0.00746
25	0.07170	0.01089	0.01212	0.00962	0.01328	0.01097	0.00775	0.27880	0.07379	0.09488	0.12472	0.04451	0.01651	0.00687	0.00511	0.00148	0.00450	0.00553	0.00491	0.20204
26	0.03851	0.08160	0.11404	0.01457	0.08939	0.14527	0.03201	0.29275	0.04903	0.07431	0.01175	0.01245	0.00870	0.00577	0.00507	0.00156	0.00671	0.00441	0.00400	0.00809
27	0.00941	0.00855	0.04187	0.05517	0.08719	0.03085	0.00767	0.03947	0.04978	0.01876	0.29804	0.07043	0.18158	0.00990	0.00590	0.00172	0.00393	0.02116	0.05287	0.00578
28	0.06593	0.00517	0.00708	0.00710	0.00739	0.00528	0.00489	0.00787	0.00749	0.01077	0.01073	0.01942	0.01091	0.06268	0.01937	0.69077	0.00467	0.04710	0.00260	0.00277
29	0.01113	0.01139	0.06104	0.50853	0.20260	0.01207	0.01487	0.03509	0.03321	0.01560	0.01163	0.01529	0.03365	0.00558	0.00538	0.00174	0.00676	0.00499	0.00270	0.00676
30	0.00903	0.00717	0.01079	0.00990	0.01125	0.00828	0.05000	0.05347	0.00986	0.01421	0.01369	0.01958	0.01245	0.03320	0.62514	0.00720	0.06641	0.00564	0.02747	0.00526
31	0.01520	0.32133	0.16032	0.05730	0.01777	0.18443	0.01197	0.09832	0.01332	0.01593	0.00873	0.01031	0.00715	0.00541	0.00518	0.00146	0.05245	0.00362	0.00274	0.00707
32	0.14390	0.01259	0.03961	0.06680	0.39419	0.05024	0.01256	0.06722	0.01293	0.05708	0.03918	0.01575	0.05371	0.00582	0.00508	0.00163	0.00582	0.00498	0.00337	0.00753

[dist]
# distance from previous block
# <min> <max>
2	4

[block]
# block no. 6 follows, 45 sequences, length 29
# corresponding to MSA columns:
# 714-727,738-752
name=unknown_G
#
# <colnr> <probs for GDERKNQSTAVLIFYWHMCP>
#	G	D	E	R	K	N	Q	S	T	A	V	L	I	F	Y	W	H	M	C	P
0	0.11275	0.01757	0.03108	0.01085	0.01372	0.38618	0.00853	0.11353	0.02890	0.01836	0.01497	0.01583	0.08676	0.00652	0.00477	0.00149	0.00678	0.00463	0.11046	0.00631
1	0.00995	0.00786	0.01161	0.00993	0.01230	0.00714	0.11626	0.05234	0.01206	0.05422	0.03848	0.33548	0.09320	0.04957	0.00709	0.00195	0.00445	0.02799	0.00439	0.14376
2	0.01181	0.01164	0.05543	0.12168	0.34433	0.01107	0.05647	0.04617	0.03901	0.01806	0.08952	0.02081	0.02982	0.00659	0.00560	0.00169	0.00590	0.06581	0.00341	0.05518
3	0.01091	0.00855	0.01017	0.00783	0.01164	0.00667	0.00605	0.01295	0.01111	0.05462	0.02724	0.11922	0.01332	0.05212	0.00581	0.00129	0.00393	0.00528	0.00365	0.62765
4	0.01113	0.00954	0.01113	0.00795	0.01272	0.00716	0.00636	0.01352	0.01113	0.01749	0.00954	0.01113	0.00795	0.00398	0.00398	0.00080	0.00398	0.00318	0.00318	0.84417
5	0.00659	0.00475	0.00624	0.00735	0.00777	0.00441	0.00495	0.00763	0.01063	0.01416	0.07075	0.73349	0.06869	0.01636	0.00680	0.00214	0.00307	0.01479	0.00503	0.00441
6	0.01843	0.00815	0.01081	0.00868	0.01194	0.00723	0.00701	0.04297	0.01547	0.50143	0.24631	0.02521	0.04080	0.00803	0.00567	0.00165	0.00395	0.00675	0.00629	0.02321
7	0.00845	0.00609	0.00841	0.00822	0.00923	0.00690	0.00623	0.04678	0.00949	0.01367	0.01484	0.02257	0.01407	0.14374	0.60018	0.00738	0.01200	0.00595	0.05099	0.00481
8	0.01178	0.00793	0.00906	0.05286	0.01073	0.00845	0.00597	0.16659	0.05664	0.04196	0.01633	0.02488	0.02566	0.35107	0.01530	0.04496	0.00491	0.00630	0.13325	0.00536
9	0.01113	0.00954	0.01113	0.00795	0.01272	0.00716	0.00636	0.01352	0.01113	0.01749	0.00954	0.01113	0.00795	0.00398	0.00398	0.00080	0.00398	0.00318	0.00318	0.84417
10	0.01119	0.01133	0.02067	0.44837	0.06721	0.01300	0.21732	0.01469	0.01101	0.01474	0.00960	0.01398	0.00748	0.00563	0.00722	0.00186	0.11062	0.00519	0.00248	0.00642
11	0.03733	0.00784	0.00866	0.00771	0.00978	0.00800	0.00592	0.13942	0.09256	0.02143	0.29818	0.03380	0.19897	0.06137	0.00722	0.00192	0.00355	0.00832	0.04211	0.00589
12	0.00735	0.00548	0.00684	0.00650	0.00787	0.00496	0.00487	0.00966	0.01462	0.02016	0.63449	0.04235	0.19205	0.01149	0.00633	0.00171	0.00257	0.01002	0.00573	0.00496
13	0.01054	0.00857	0.01180	0.01013	0.01252	0.00850	0.10246	0.15326	0.03793	0.02014	0.17154	0.15367	0.18095	0.01101	0.00631	0.00187	0.00443	0.08343	0.00496	0.00599
14	0.00867	0.00676	0.00992	0.05416	0.01150	0.00800	0.02483	0.01063	0.00924	0.01369	0.03815	0.02073	0.01377	0.07288	0.48166	0.00612	0.10481	0.00575	0.09375	0.00499
15	0.00813	0.00628	0.00759	0.00776	0.00910	0.00623	0.00580	0.01207	0.13614	0.01774	0.24772	0.27582	0.14354	0.01291	0.00645	0.00195	0.00325	0.08086	0.00533	0.00532
16	0.00663	0.00476	0.00626	0.00733	0.00775	0.00443	0.00493	0.00767	0.01064	0.01421	0.08254	0.71413	0.06011	0.03211	0.00721	0.00219	0.00310	0.01459	0.00501	0.00439
17	0.10955	0.01246	0.01860	0.06091	0.56008	0.05098	0.01418	0.01604	0.01178	0.01762	0.01040	0.01433	0.00892	0.00686	0.04287	0.00196	0.00666	0.02529	0.00280	0.00769
18	0.00659	0.00469	0.00621	0.00741	0.00771	0.00440	0.00491	0.00749	0.01017	0.01357	0.02906	0.77565	0.03484	0.04992	0.00770	0.00231	0.00320	0.01495	0.00491	0.00431
19	0.00652	0.00515	0.00583	0.00626	0.00745	0.00451	0.00444	0.00775	0.01156	0.01446	0.08091	0.32682	0.44957	0.03473	0.00706	0.00203	0.00292	0.01259	0.00499	0.00446
20	0.10311	0.01588	0.07244	0.05559	0.11981	0.17574	0.23874	0.01668	0.01225	0.01658	0.02299	0.06724	0.01005	0.00607	0.00599	0.00172	0.04396	0.00551	0.00293	0.00673
21	0.06287	0.65787	0.09861	0.00978	0.01461	0.01967	0.01005	0.04845	0.01147	0.01463	0.00791	0.00906	0.00691	0.00474	0.00368	0.00125	0.00586	0.00306	0.00249	0.00702
22	0.00887	0.00620	0.00756	0.00743	0.00891	0.00594	0.00548	0.01221	0.10242	0.06903	0.30163	0.26324	0.15562	0.01238	0.00632	0.00187	0.00307	0.01088	0.00549	0.00545
23	0.01287	0.01313	0.03260	0.19619	0.41746	0.07596	0.03299	0.01616	0.02689	0.01615	0.00987	0.01313	0.00808	0.00524	0.00594	0.00163	0.05221	0.00462	0.00267	0.05620
24	0.11114	0.01270	0.01574	0.23610	0.14265	0.09431	0.04666	0.11465	0.08115	0.01903	0.01206	0.01447	0.02506	0.00738	0.04289	0.00201	0.00686	0.00480	0.00334	0.00699
25	0.01131	0.01123	0.04154	0.08921	0.02079	0.01132	0.34750	0.01338	0.01021	0.01403	0.00971	0.01449	0.00818	0.00929	0.01198	0.23774	0.12460	0.00541	0.00251	0.00556
26	0.04480	0.01167	0.01352	0.03728	0.07257	0.03560	0.02902	0.10757	0.35431	0.06729	0.01750	0.03549	0.01385	0.00693	0.00533	0.00168	0.00498	0.04201	0.00471	0.09387
27	0.01328	0.01065	0.01250	0.03583	0.02979	0.03920	0.00872	0.25234	0.06866	0.02033	0.01352	0.01763	0.01153	0.07485	0.25638	0.00416	0.08842	0.00536	0.03024	0.00662
28	0.06037	0.01296	0.06779	0.13181	0.02312	0.01293	0.31973	0.01511	0.01098	0.01618	0.01014	0.03286	0.00835	0.00604	0.00810	0.00183	0.17322	0.00541	0.02339	0.05968

[dist]
# distance from previous block
# <min> <max>
13	30

[block]
# block no. 7 follows, 45 sequences, length 47
# corresponding to MSA columns:
# 791-831,835-840
name=unknown_H
#
# <colnr> <probs for GDERKNQSTAVLIFYWHMCP>
#	G	D	E	R	K	N	Q	S	T	A	V	L	I	F	Y	W	H	M	C	P
0	0.04865	0.01066	0.01522	0.32255	0.02269	0.01363	0.01203	0.06662	0.01055	0.01525	0.00903	0.01382	0.00782	0.04631	0.01130	0.00213	0.33117	0.00476	0.00269	0.03311
1	0.01749	0.04734	0.01646	0.02579	0.01647	0.11944	0.07436	0.39710	0.01896	0.05783	0.01340	0.07536	0.01106	0.02054	0.00629	0.00171	0.04166	0.00558	0.02543	0.00771
2	0.13727	0.01816	0.33498	0.01676	0.14030	0.01195	0.10329	0.01742	0.04531	0.06283	0.05311	0.01401	0.01031	0.00547	0.00512	0.00169	0.00660	0.00471	0.00314	0.00756
3	0.03446	0.01358	0.06039	0.03634	0.48133	0.04126	0.03623	0.06929	0.08767	0.01905	0.03621	0.01471	0.01058	0.00642	0.02787	0.00183	0.00648	0.00501	0.00323	0.00807
4	0.00739	0.00543	0.00664	0.00636	0.00754	0.00498	0.00460	0.00931	0.01349	0.01847	0.51999	0.04157	0.18598	0.13375	0.00954	0.00225	0.00298	0.00973	0.00532	0.00468
5	0.01295	0.06670	0.01268	0.00921	0.01287	0.07269	0.00732	0.14079	0.02752	0.01875	0.01252	0.08616	0.01149	0.04538	0.04394	0.00174	0.00538	0.00497	0.00366	0.40329
6	0.00669	0.00475	0.00627	0.00743	0.00775	0.00447	0.00497	0.00761	0.01017	0.01354	0.02867	0.73224	0.03426	0.07176	0.00829	0.00240	0.00331	0.03625	0.00486	0.00430
7	0.00894	0.00732	0.00811	0.00852	0.00940	0.06025	0.00604	0.07581	0.01216	0.01587	0.06756	0.61312	0.03110	0.01455	0.00690	0.00205	0.02960	0.01286	0.00483	0.00500
8	0.01253	0.01406	0.09649	0.12272	0.48565	0.01282	0.12959	0.01623	0.01195	0.01688	0.01004	0.01337	0.00809	0.00493	0.00568	0.00168	0.02185	0.00494	0.00259	0.00790
9	0.08778	0.02679	0.01579	0.16058	0.31437	0.09977	0.01218	0.01539	0.01213	0.01719	0.06204	0.01810	0.01253	0.00620	0.00516	0.00165	0.00605	0.05578	0.06375	0.00679
10	0.00790	0.00601	0.00859	0.06051	0.01060	0.00687	0.00654	0.00938	0.00876	0.01227	0.01600	0.11128	0.01650	0.19522	0.46013	0.00649	0.04214	0.00714	0.00314	0.00454
11	0.01557	0.01293	0.01315	0.01129	0.01465	0.05626	0.00891	0.18398	0.52986	0.05121	0.01898	0.01774	0.01408	0.00693	0.00538	0.00173	0.00491	0.00559	0.00530	0.02154
12	0.01004	0.00693	0.00860	0.00866	0.05955	0.00669	0.00583	0.04407	0.04943	0.04729	0.25628	0.02933	0.07199	0.15151	0.01007	0.04273	0.00378	0.00727	0.11655	0.06338
13	0.01154	0.13338	0.57821	0.01596	0.05913	0.01377	0.08206	0.01686	0.01143	0.01645	0.00947	0.01133	0.00701	0.00497	0.00499	0.00163	0.00765	0.00406	0.00233	0.00776
14	0.01185	0.11358	0.58666	0.01458	0.02152	0.01372	0.05069	0.06598	0.01228	0.01764	0.02298	0.01178	0.00779	0.00529	0.00524	0.00165	0.02230	0.00412	0.00256	0.00778
15	0.00786	0.00662	0.00978	0.02761	0.01088	0.00708	0.05836	0.00943	0.01026	0.01386	0.03935	0.35749	0.13589	0.01899	0.16594	0.00340	0.09768	0.01058	0.00405	0.00490
16	0.00745	0.00551	0.00724	0.00794	0.00859	0.00547	0.00574	0.02376	0.01119	0.01499	0.09835	0.53761	0.07915	0.01534	0.00768	0.02329	0.04223	0.08896	0.00488	0.00462
17	0.01316	0.01364	0.04965	0.23597	0.21644	0.06651	0.18554	0.08698	0.01322	0.01743	0.01057	0.01442	0.00837	0.00560	0.00592	0.02045	0.00738	0.01868	0.00288	0.00719
18	0.00716	0.00533	0.00670	0.00731	0.01982	0.00490	0.00518	0.00859	0.01189	0.01566	0.20310	0.30565	0.22388	0.05150	0.00801	0.02705	0.00324	0.07548	0.00499	0.00457
19	0.00655	0.00541	0.00576	0.00581	0.00745	0.00461	0.00434	0.00804	0.01246	0.01532	0.13894	0.10057	0.62592	0.01352	0.00640	0.00183	0.00276	0.02461	0.00510	0.00459
20	0.00781	0.00520	0.00585	0.00585	0.00585	0.00520	0.00325	0.00781	0.00781	0.01041	0.01691	0.03513	0.01952	0.81135	0.02732	0.00520	0.00520	0.00781	0.00325	0.00325
21	0.01259	0.01020	0.01177	0.00853	0.01322	0.00833	0.00687	0.10487	0.01296	0.03869	0.01024	0.01152	0.00823	0.00434	0.00418	0.00092	0.00423	0.00344	0.00353	0.72134
22	0.01487	0.01313	0.07699	0.01243	0.05571	0.01167	0.06131	0.28158	0.03570	0.05811	0.03727	0.02798	0.04738	0.00611	0.00513	0.00143	0.00538	0.00509	0.00424	0.23850
23	0.08918	0.06920	0.11468	0.01202	0.01672	0.01588	0.01096	0.53975	0.02097	0.04201	0.01179	0.01214	0.00847	0.00603	0.00503	0.00160	0.00598	0.00444	0.00462	0.00855
24	0.17199	0.05358	0.13642	0.05276	0.06222	0.06256	0.01061	0.14917	0.05915	0.02119	0.07522	0.01754	0.05797	0.00675	0.00527	0.00167	0.02335	0.02178	0.00380	0.00700
25	0.01233	0.01359	0.02716	0.02088	0.06716	0.02896	0.56164	0.01610	0.01206	0.01648	0.01160	0.06658	0.00984	0.00585	0.00737	0.00185	0.08791	0.00655	0.00284	0.02325
26	0.00934	0.00467	0.00694	0.00694	0.00697	0.00467	0.00464	0.00715	0.00712	0.00963	0.00956	0.01642	0.00945	0.01829	0.02048	0.81961	0.00460	0.00467	0.02644	0.00241
27	0.00718	0.00523	0.00684	0.00749	0.00837	0.00488	0.00554	0.00888	0.01223	0.01644	0.24820	0.39262	0.10465	0.01450	0.00675	0.00205	0.00322	0.13501	0.00525	0.00468
28	0.03191	0.68066	0.06071	0.00977	0.01435	0.05866	0.00966	0.03331	0.03427	0.01386	0.00816	0.00923	0.00720	0.00479	0.00369	0.00123	0.00596	0.00309	0.00250	0.00698
29	0.10759	0.18141	0.01703	0.01214	0.01537	0.53527	0.00964	0.03672	0.01393	0.01468	0.00815	0.00944	0.00684	0.00531	0.00441	0.00137	0.00822	0.00331	0.00279	0.00638
30	0.00662	0.00473	0.00621	0.00733	0.00768	0.00442	0.00487	0.00754	0.01028	0.01368	0.04224	0.73645	0.05192	0.05869	0.00791	0.00232	0.00321	0.01468	0.00491	0.00432
31	0.00773	0.00570	0.00724	0.00766	0.00889	0.00538	0.00611	0.00972	0.01265	0.01666	0.23696	0.07303	0.19523	0.08258	0.00860	0.00234	0.00378	0.29994	0.00507	0.00472
32	0.01334	0.02387	0.01798	0.05265	0.01702	0.01428	0.12175	0.01529	0.01003	0.11775	0.00998	0.01352	0.00834	0.00940	0.04772	0.00241	0.49013	0.00506	0.00301	0.00649
33	0.00777	0.00506	0.00667	0.00746	0.00817	0.00465	0.00514	0.00891	0.01105	0.06520	0.08184	0.66549	0.07115	0.01558	0.00669	0.00209	0.00315	0.01403	0.00516	0.00473
