[name]
unknown

[dist]
# distance from previous block
# <min> <max>
21	210

[block]
# block no. 0 follows, 46 sequences, length 25
# corresponding to MSA columns:
# 233-238,241-259
name=unknown_A
#
# <colnr> <probs for GDERKNQSTAVLIFYWHMCP>
#	G	D	E	R	K	N	Q	S	T	A	V	L	I	F	Y	W	H	M	C	P
0	0.01510	0.00994	0.01099	0.00929	0.01195	0.04438	0.00723	0.16833	0.14730	0.18505	0.16877	0.02318	0.02056	0.10227	0.03130	0.00225	0.00485	0.00636	0.02383	0.00707
1	0.01026	0.00637	0.00872	0.00923	0.01085	0.00613	0.00792	0.01259	0.01273	0.11459	0.07955	0.05242	0.07291	0.01324	0.00691	0.00224	0.00453	0.55826	0.00515	0.00538
2	0.01086	0.08484	0.73158	0.01463	0.02220	0.01291	0.01877	0.01668	0.01113	0.01643	0.00933	0.01097	0.00670	0.00499	0.00490	0.00163	0.00766	0.00383	0.00223	0.00774
3	0.01247	0.01193	0.02035	0.18471	0.63377	0.01240	0.01592	0.01569	0.01175	0.01653	0.00984	0.01328	0.00811	0.00482	0.00524	0.00161	0.00643	0.00471	0.00256	0.00788
4	0.01484	0.01753	0.05424	0.01736	0.02140	0.25101	0.36805	0.07592	0.01383	0.01661	0.01087	0.05582	0.00909	0.00581	0.00619	0.00168	0.04440	0.00557	0.00298	0.00678
5	0.01175	0.00848	0.01065	0.00959	0.01122	0.00913	0.02578	0.19590	0.01395	0.06291	0.05809	0.31229	0.02258	0.09969	0.00960	0.00230	0.08694	0.03863	0.00463	0.00588
6	0.01346	0.01352	0.02029	0.10262	0.63526	0.09023	0.01548	0.01646	0.01219	0.01649	0.00972	0.01283	0.00809	0.00484	0.00519	0.00157	0.00668	0.00458	0.00260	0.00792
7	0.01066	0.00796	0.00861	0.00777	0.00929	0.04114	0.00563	0.11621	0.06753	0.03974	0.27114	0.05717	0.04596	0.25800	0.01231	0.00273	0.00427	0.00781	0.02070	0.00536
8	0.01226	0.01182	0.03803	0.05189	0.01937	0.01191	0.31532	0.09132	0.10167	0.01889	0.01565	0.01774	0.06212	0.00629	0.00654	0.00172	0.07473	0.00593	0.12999	0.00679
9	0.07439	0.01384	0.01333	0.01090	0.01423	0.10605	0.00865	0.42108	0.09291	0.05867	0.01382	0.03323	0.01100	0.08163	0.00712	0.00192	0.00574	0.00512	0.01870	0.00766
10	0.03259	0.09568	0.01459	0.02622	0.01337	0.07428	0.00903	0.03499	0.01069	0.07397	0.01124	0.04424	0.02397	0.00948	0.06189	0.00215	0.29647	0.00473	0.02351	0.13691
11	0.01008	0.00740	0.00905	0.07969	0.01203	0.00756	0.00664	0.08797	0.09365	0.06088	0.24173	0.15070	0.16783	0.03268	0.00656	0.00187	0.00372	0.00910	0.00507	0.00579
12	0.50771	0.00925	0.00847	0.00754	0.01040	0.01025	0.00604	0.01665	0.10457	0.07888	0.17443	0.01723	0.01696	0.00656	0.00431	0.00166	0.00379	0.00485	0.00431	0.00613
13	0.05080	0.00738	0.00910	0.08921	0.01203	0.00783	0.04941	0.10524	0.01267	0.02051	0.01554	0.05146	0.01255	0.00638	0.00431	0.00142	0.00382	0.00530	0.52936	0.00566
14	0.00840	0.00641	0.00869	0.00844	0.00914	0.00739	0.00628	0.04166	0.00917	0.01290	0.01569	0.11514	0.01632	0.21024	0.41227	0.00605	0.09088	0.00708	0.00321	0.00461
15	0.01145	0.01078	0.01796	0.46997	0.32638	0.01218	0.01507	0.02914	0.02704	0.01553	0.00992	0.01379	0.00779	0.00512	0.00527	0.00168	0.00667	0.00473	0.00257	0.00696
16	0.00644	0.00460	0.00613	0.00736	0.00767	0.00429	0.00491	0.00736	0.01012	0.01350	0.02914	0.81076	0.03497	0.01656	0.00675	0.00215	0.00307	0.01503	0.00491	0.00429
17	0.00657	0.00469	0.00627	0.00744	0.00782	0.00439	0.00507	0.00761	0.01037	0.01386	0.05464	0.75206	0.03528	0.01628	0.00675	0.00214	0.00313	0.04636	0.00494	0.00434
18	0.01329	0.01210	0.01891	0.25165	0.27380	0.03188	0.10201	0.12249	0.04172	0.03636	0.01233	0.01497	0.03356	0.00552	0.00540	0.00167	0.00659	0.00513	0.00320	0.00741
19	0.00918	0.00459	0.00689	0.00689	0.00689	0.00459	0.00459	0.00689	0.00689	0.00918	0.00918	0.01607	0.00918	0.01837	0.02066	0.84619	0.00459	0.00459	0.00230	0.00230
20	0.01876	0.01397	0.01493	0.01162	0.01561	0.01540	0.00954	0.66990	0.06697	0.03138	0.01598	0.01569	0.06173	0.00687	0.00536	0.00161	0.00551	0.00526	0.00527	0.00865
21	0.01101	0.00637	0.00678	0.00625	0.00771	0.00684	0.00486	0.08902	0.01230	0.02064	0.01611	0.01846	0.01265	0.00638	0.00475	0.00134	0.05533	0.00489	0.70292	0.00540
22	0.00672	0.00486	0.00629	0.00710	0.00758	0.00469	0.00480	0.00767	0.00979	0.01300	0.02801	0.54770	0.09873	0.12273	0.10120	0.00324	0.00459	0.01262	0.00444	0.00422
23	0.00644	0.00460	0.00613	0.00736	0.00767	0.00429	0.00491	0.00736	0.01012	0.01350	0.02914	0.81076	0.03497	0.01656	0.00675	0.00215	0.00307	0.01503	0.00491	0.00429
24	0.00653	0.00479	0.00608	0.00697	0.00755	0.00440	0.00473	0.00760	0.01071	0.01411	0.09009	0.61792	0.14446	0.03857	0.00721	0.00214	0.00303	0.01383	0.00493	0.00434

[dist]
# distance from previous block
# <min> <max>
0	1

[block]
# block no. 1 follows, 46 sequences, length 26
# corresponding to MSA columns:
# 261-271,275-289
name=unknown_B
#
# <colnr> <probs for GDERKNQSTAVLIFYWHMCP>
#	G	D	E	R	K	N	Q	S	T	A	V	L	I	F	Y	W	H	M	C	P
0	0.01243	0.01153	0.01647	0.06498	0.22000	0.08766	0.11839	0.05083	0.05966	0.01535	0.01140	0.03225	0.01005	0.05583	0.02708	0.17175	0.02001	0.00527	0.00294	0.00612
1	0.01899	0.01418	0.01476	0.01162	0.01548	0.05717	0.00948	0.58194	0.07173	0.07429	0.06486	0.01508	0.01232	0.00666	0.00533	0.00160	0.00561	0.00512	0.00526	0.00853
2	0.01217	0.01301	0.02454	0.03163	0.06165	0.03332	0.49083	0.01587	0.01207	0.01678	0.01065	0.03043	0.00852	0.00464	0.00558	0.00152	0.00743	0.00549	0.00283	0.21104
3	0.01007	0.05784	0.00850	0.00687	0.00782	0.00743	0.00456	0.05175	0.06050	0.05740	0.01642	0.02979	0.01731	0.61787	0.02154	0.00425	0.00510	0.00697	0.00360	0.00443
4	0.01553	0.00881	0.01060	0.00889	0.01188	0.00854	0.00703	0.12287	0.11075	0.28819	0.09477	0.11947	0.11235	0.00892	0.00563	0.00169	0.00403	0.00751	0.00559	0.04696
5	0.01500	0.01043	0.01196	0.03692	0.01388	0.01127	0.00823	0.22571	0.25681	0.13139	0.06414	0.12919	0.02889	0.00854	0.00563	0.00177	0.00452	0.02270	0.00536	0.00766
6	0.01060	0.00760	0.00951	0.00939	0.05866	0.00750	0.00664	0.14581	0.01560	0.05735	0.38173	0.14384	0.10359	0.01048	0.00603	0.00172	0.00352	0.00912	0.00534	0.00596
7	0.02110	0.01319	0.01487	0.01140	0.01559	0.01400	0.00941	0.55847	0.02215	0.24227	0.01496	0.01417	0.01013	0.00640	0.00530	0.00160	0.00545	0.00491	0.00564	0.00899
8	0.01262	0.01209	0.02062	0.14726	0.67003	0.01244	0.01599	0.01582	0.01182	0.01671	0.00986	0.01324	0.00818	0.00480	0.00524	0.00160	0.00639	0.00471	0.00258	0.00800
9	0.21178	0.01996	0.01324	0.01178	0.01479	0.49355	0.00906	0.09322	0.05573	0.01793	0.00915	0.01018	0.00728	0.00550	0.00451	0.00147	0.00762	0.00355	0.00325	0.00644
10	0.16934	0.00921	0.01148	0.00897	0.01292	0.00849	0.00741	0.02397	0.01405	0.65100	0.01848	0.01634	0.01179	0.00626	0.00496	0.00164	0.00443	0.00488	0.00597	0.00842
11	0.00735	0.00510	0.00607	0.00633	0.00669	0.00493	0.00402	0.00798	0.00941	0.01255	0.10132	0.20079	0.07316	0.48029	0.01843	0.00382	0.00426	0.03973	0.00401	0.00376
12	0.06947	0.00853	0.00935	0.00817	0.01041	0.00900	0.00635	0.23627	0.02878	0.06420	0.06625	0.13763	0.01702	0.00881	0.00595	0.05455	0.00394	0.00659	0.24251	0.00622
13	0.01016	0.00957	0.01617	0.75877	0.07780	0.01179	0.01477	0.01366	0.01065	0.01372	0.00943	0.01404	0.00712	0.00525	0.00528	0.00175	0.00700	0.00470	0.00236	0.00601
14	0.00681	0.00499	0.00639	0.00686	0.00769	0.00457	0.00483	0.00837	0.01216	0.01648	0.31342	0.43278	0.12702	0.01403	0.00650	0.00192	0.00281	0.01253	0.00525	0.00457
15	0.03925	0.00879	0.01151	0.00906	0.01271	0.00790	0.00737	0.04190	0.04047	0.62918	0.06513	0.02047	0.03540	0.03822	0.00619	0.00178	0.00437	0.00576	0.00619	0.00833
16	0.07211	0.01287	0.01420	0.01132	0.01514	0.12764	0.06907	0.12833	0.07203	0.31885	0.01561	0.01603	0.01110	0.00620	0.00515	0.00158	0.00572	0.02792	0.00490	0.06422
17	0.06340	0.00838	0.01070	0.00874	0.01193	0.00777	0.00702	0.04684	0.05044	0.47782	0.18359	0.06227	0.02173	0.00791	0.00548	0.00167	0.00400	0.00660	0.00603	0.00769
18	0.01209	0.01365	0.02960	0.02133	0.02636	0.01279	0.71399	0.01633	0.01233	0.01672	0.01187	0.06480	0.00973	0.00522	0.00627	0.00181	0.00854	0.00680	0.00282	0.00695
19	0.07783	0.00996	0.01234	0.00968	0.01363	0.00953	0.00795	0.10826	0.08860	0.57593	0.01910	0.01693	0.01243	0.00647	0.00518	0.00165	0.00459	0.00515	0.00607	0.00872
20	0.01547	0.01131	0.01247	0.01003	0.01302	0.01221	0.00798	0.48576	0.02037	0.02758	0.20610	0.02199	0.02048	0.10146	0.00804	0.00202	0.00490	0.00631	0.00518	0.00731
21	0.00671	0.00487	0.00635	0.00728	0.00781	0.00458	0.00496	0.00814	0.02778	0.01463	0.11873	0.67581	0.06150	0.01556	0.00664	0.00207	0.00301	0.01405	0.00503	0.00447
22	0.00736	0.00496	0.00611	0.00691	0.00758	0.00471	0.00476	0.02668	0.01079	0.01512	0.02840	0.59901	0.08357	0.01427	0.00614	0.00195	0.00300	0.01274	0.15141	0.00453
23	0.02839	0.01209	0.01909	0.06139	0.01900	0.02525	0.22841	0.09078	0.06042	0.06879	0.01198	0.05984	0.01008	0.00719	0.00928	0.00191	0.25150	0.00576	0.00339	0.02546
24	0.01009	0.08352	0.00970	0.00735	0.00955	0.00778	0.00584	0.07455	0.04053	0.07608	0.21247	0.09059	0.29850	0.01184	0.03630	0.00195	0.00384	0.00889	0.00497	0.00567
25	0.06166	0.00585	0.00702	0.00723	0.00837	0.00571	0.00517	0.02865	0.03853	0.03818	0.21833	0.40480	0.09275	0.04413	0.00701	0.00204	0.00318	0.01144	0.00504	0.00492

[dist]
# distance from previous block
# <min> <max>
1	2

[block]
# block no. 2 follows, 46 sequences, length 35
# corresponding to MSA columns:
# 292-326
name=unknown_C
#
# <colnr> <probs for GDERKNQSTAVLIFYWHMCP>
#	G	D	E	R	K	N	Q	S	T	A	V	L	I	F	Y	W	H	M	C	P
0	0.03486	0.06540	0.09211	0.12901	0.06492	0.04419	0.37316	0.06124	0.01248	0.01692	0.00994	0.01305	0.00764	0.00518	0.00616	0.01466	0.03424	0.00515	0.00272	0.00697
1	0.47547	0.01046	0.02247	0.15575	0.01657	0.01144	0.02456	0.06013	0.01136	0.15196	0.01045	0.01161	0.00748	0.00533	0.00420	0.00166	0.00497	0.00382	0.00375	0.00656
2	0.09953	0.01375	0.01486	0.05930	0.01683	0.01520	0.00975	0.60719	0.02183	0.04757	0.01206	0.01245	0.00862	0.00608	0.00505	0.00158	0.00564	0.00454	0.00488	0.03330
3	0.00885	0.00809	0.08229	0.00753	0.00885	0.00674	0.00581	0.06536	0.01004	0.01378	0.06605	0.07497	0.01954	0.50472	0.07767	0.00431	0.00580	0.00743	0.00351	0.01865
4	0.01068	0.00989	0.01536	0.57925	0.03002	0.01200	0.01317	0.04118	0.01081	0.01455	0.00919	0.01336	0.00719	0.00571	0.00675	0.00172	0.11369	0.00452	0.00254	0.09843
5	0.00900	0.01291	0.23892	0.04438	0.03834	0.00833	0.07226	0.01248	0.01211	0.01687	0.18472	0.15165	0.05771	0.00971	0.00604	0.00186	0.00530	0.10746	0.00396	0.00598
6	0.03584	0.00957	0.01665	0.55901	0.03044	0.01120	0.11862	0.01337	0.01041	0.01402	0.00965	0.01424	0.00750	0.00650	0.00700	0.08324	0.01962	0.00485	0.02259	0.00568
7	0.01025	0.00974	0.01682	0.62368	0.11188	0.01148	0.06163	0.01364	0.01082	0.01412	0.01073	0.06228	0.00894	0.00586	0.00543	0.00177	0.00684	0.00542	0.00255	0.00612
8	0.01993	0.02659	0.01217	0.00948	0.01311	0.00906	0.00772	0.05179	0.14993	0.53115	0.09349	0.01998	0.01689	0.00702	0.00537	0.00165	0.00432	0.00577	0.00613	0.00845
9	0.01378	0.00720	0.00790	0.00684	0.00902	0.00726	0.00539	0.13726	0.01399	0.14596	0.01709	0.01828	0.01273	0.00625	0.00422	0.00136	0.00334	0.00496	0.57092	0.00625
10	0.06727	0.01325	0.09332	0.14433	0.53343	0.01224	0.01543	0.01569	0.01153	0.01703	0.01033	0.01334	0.01983	0.00497	0.00511	0.00162	0.00634	0.00461	0.00262	0.00771
11	0.01283	0.01189	0.01981	0.28725	0.27188	0.03558	0.12943	0.03234	0.01188	0.06236	0.01033	0.01368	0.00802	0.00536	0.00627	0.00172	0.06449	0.00493	0.00281	0.00713
12	0.01024	0.00788	0.00972	0.00977	0.04377	0.00845	0.00708	0.06594	0.13280	0.05110	0.05935	0.23455	0.13657	0.05822	0.02008	0.00223	0.08128	0.05048	0.00464	0.00583
13	0.00754	0.00514	0.00603	0.00628	0.00659	0.00503	0.00397	0.00810	0.00901	0.01208	0.05502	0.14911	0.06285	0.54153	0.01994	0.00407	0.00449	0.06246	0.02708	0.00367
14	0.00898	0.00740	0.00836	0.00933	0.08220	0.05776	0.00563	0.01038	0.03462	0.01317	0.08468	0.07807	0.07952	0.41870	0.06748	0.00387	0.00551	0.00778	0.01206	0.00450
15	0.01163	0.01119	0.01593	0.12111	0.01757	0.04442	0.08268	0.05216	0.01040	0.01452	0.01080	0.01847	0.01035	0.06402	0.01305	0.00231	0.40484	0.07647	0.01227	0.00583
16	0.00769	0.00554	0.00709	0.00779	0.00845	0.00548	0.00539	0.07038	0.01117	0.01496	0.02640	0.66878	0.03090	0.04170	0.05883	0.00261	0.00409	0.01334	0.00475	0.00468
17	0.00772	0.00545	0.00631	0.00623	0.00682	0.00513	0.00384	0.00817	0.00863	0.01168	0.01980	0.17022	0.05463	0.55950	0.02021	0.00403	0.00454	0.00870	0.00357	0.08483
18	0.01668	0.01263	0.01393	0.01148	0.03133	0.01390	0.00910	0.52062	0.09177	0.02854	0.09002	0.03621	0.06078	0.00756	0.00584	0.00166	0.02876	0.00595	0.00517	0.00806
19	0.01233	0.01969	0.31481	0.02041	0.13118	0.06398	0.32664	0.01704	0.01208	0.01665	0.00997	0.01261	0.00749	0.00477	0.00554	0.00168	0.00817	0.00495	0.00250	0.00750
20	0.01514	0.01061	0.01204	0.00973	0.01281	0.01104	0.00777	0.39152	0.01919	0.07900	0.21871	0.07239	0.02207	0.02963	0.00612	0.00169	0.00451	0.00671	0.00529	0.06402
21	0.01252	0.01087	0.02485	0.06249	0.03212	0.05621	0.07452	0.06931	0.02313	0.06685	0.07567	0.04917	0.02481	0.00599	0.00492	0.00130	0.00504	0.01802	0.00375	0.37848
22	0.25792	0.32695	0.06705	0.00952	0.01367	0.05142	0.02480	0.02967	0.01135	0.13447	0.00974	0.01044	0.00750	0.00514	0.00419	0.00144	0.02111	0.00345	0.00329	0.00687
23	0.00947	0.00724	0.02909	0.00728	0.00944	0.00636	0.00584	0.08294	0.02678	0.07884	0.08423	0.12910	0.43438	0.01210	0.00615	0.00182	0.00346	0.05496	0.00506	0.00546
24	0.00819	0.00644	0.00832	0.00816	0.00903	0.03562	0.00613	0.00980	0.00927	0.01299	0.08793	0.02408	0.01730	0.15881	0.52510	0.00670	0.03543	0.00624	0.01987	0.00459
25	0.05394	0.05967	0.09648	0.08446	0.35791	0.07400	0.01347	0.06305	0.03585	0.01776	0.00992	0.01219	0.00798	0.00495	0.00486	0.00149	0.00629	0.00422	0.00288	0.08864
26	0.01114	0.00876	0.00933	0.00879	0.01081	0.05548	0.00692	0.10608	0.12603	0.04416	0.16215	0.11292	0.13174	0.01065	0.00600	0.00183	0.00413	0.13475	0.04233	0.00601
27	0.00757	0.00558	0.00805	0.00805	0.00884	0.00637	0.00605	0.00915	0.00836	0.01194	0.01457	0.02302	0.01420	0.16593	0.66831	0.00795	0.01269	0.00599	0.00289	0.00447
28	0.00794	0.00602	0.00726	0.00749	0.00900	0.00573	0.00592	0.01086	0.07274	0.02844	0.18446	0.12136	0.28702	0.01292	0.00650	0.00197	0.00342	0.21076	0.00514	0.00504
29	0.03826	0.16009	0.43152	0.03438	0.03702	0.01356	0.04555	0.06271	0.01235	0.10162	0.01055	0.01171	0.00763	0.00516	0.00480	0.00157	0.00683	0.00403	0.00296	0.00771
30	0.03276	0.02477	0.69077	0.01404	0.02110	0.01156	0.01776	0.01606	0.01147	0.01736	0.08363	0.01383	0.01084	0.00558	0.00509	0.00167	0.00720	0.00442	0.00261	0.00748
31	0.00679	0.00492	0.00637	0.00697	0.00767	0.00454	0.00484	0.00822	0.01176	0.01596	0.27151	0.49667	0.08919	0.03017	0.00695	0.00203	0.00290	0.01287	0.00517	0.00451
32	0.09366	0.01446	0.11532	0.20806	0.30781	0.07261	0.06385	0.01622	0.01161	0.03379	0.00966	0.01256	0.00755	0.00499	0.00506	0.00163	0.00683	0.00444	0.00267	0.00721
33	0.18628	0.36919	0.09149	0.00991	0.01417	0.10814	0.00941	0.06603	0.01219	0.06353	0.02196	0.01026	0.00782	0.00511	0.00397	0.00138	0.00588	0.00340	0.00304	0.00684
34	0.10267	0.08876	0.01358	0.00978	0.01313	0.01249	0.00798	0.32188	0.03198	0.16461	0.01559	0.11243	0.01320	0.06032	0.00650	0.00186	0.00497	0.00596	0.00484	0.00748

[dist]
# distance from previous block
# <min> <max>
5	8

[block]
# block no. 3 follows, 46 sequences, length 12
# corresponding to MSA columns:
# 335-346
name=unknown_D
#
# <colnr> <probs for GDERKNQSTAVLIFYWHMCP>
#	G	D	E	R	K	N	Q	S	T	A	V	L	I	F	Y	W	H	M	C	P
0	0.16804	0.07090	0.43720	0.01264	0.03834	0.01196	0.01415	0.01805	0.01146	0.15421	0.01099	0.01178	0.00770	0.00523	0.00465	0.00162	0.00636	0.00392	0.00320	0.00759
1	0.00675	0.00484	0.00608	0.00695	0.00739	0.00454	0.00464	0.00759	0.00993	0.01305	0.02910	0.55592	0.10510	0.16932	0.01059	0.00269	0.00350	0.04331	0.00458	0.00412
2	0.00677	0.00531	0.00618	0.00668	0.00788	0.00480	0.00490	0.00847	0.03186	0.01470	0.07966	0.32865	0.38247	0.01436	0.00650	0.00197	0.00304	0.07626	0.00497	0.00457
3	0.08205	0.00988	0.01065	0.06554	0.09560	0.11752	0.00798	0.05747	0.01136	0.01567	0.01486	0.17815	0.01493	0.01163	0.03766	0.15127	0.00556	0.03633	0.07065	0.00524
4	0.00896	0.00553	0.00707	0.00741	0.00841	0.00516	0.00518	0.01057	0.03747	0.10895	0.07983	0.51365	0.08375	0.08198	0.00816	0.00227	0.00339	0.01225	0.00504	0.00498
5	0.00682	0.00500	0.00649	0.00755	0.00824	0.00467	0.00549	0.00809	0.01079	0.01406	0.03230	0.55862	0.13719	0.01574	0.00679	0.00215	0.00337	0.15733	0.00490	0.00443
6	0.00652	0.00473	0.00619	0.00732	0.00778	0.00439	0.00501	0.00755	0.01036	0.01366	0.03093	0.71795	0.09098	0.01623	0.00674	0.00213	0.00312	0.04916	0.00491	0.00433
7	0.01165	0.29390	0.47451	0.01265	0.01888	0.01477	0.01520	0.01603	0.01109	0.01522	0.01006	0.01366	0.00840	0.00553	0.00463	0.00154	0.00687	0.05572	0.00243	0.00726
8	0.00766	0.00524	0.00634	0.00634	0.00654	0.00544	0.00392	0.00806	0.00786	0.01068	0.01613	0.03167	0.01795	0.65033	0.18905	0.00584	0.00704	0.00726	0.00312	0.00352
9	0.01743	0.01192	0.01316	0.01072	0.01418	0.01293	0.00868	0.41983	0.15677	0.12127	0.01703	0.06026	0.01325	0.00734	0.00534	0.00166	0.00494	0.03068	0.06439	0.00820
10	0.01285	0.01064	0.01208	0.06109	0.01416	0.04954	0.04741	0.20465	0.14472	0.02132	0.06843	0.02369	0.15071	0.02899	0.00634	0.00175	0.03113	0.00650	0.09732	0.00668
11	0.02645	0.01184	0.02808	0.05167	0.14328	0.02864	0.04037	0.15065	0.22004	0.09351	0.05314	0.02894	0.01345	0.00650	0.00556	0.00165	0.02419	0.00547	0.03363	0.03295

[dist]
# distance from previous block
# <min> <max>
0	4

[block]
# block no. 4 follows, 46 sequences, length 23
# corresponding to MSA columns:
# 351-373
name=unknown_E
#
# <colnr> <probs for GDERKNQSTAVLIFYWHMCP>
#	G	D	E	R	K	N	Q	S	T	A	V	L	I	F	Y	W	H	M	C	P
0	0.01279	0.01141	0.03379	0.01051	0.01514	0.00980	0.08805	0.14974	0.01357	0.01998	0.01007	0.01165	0.00801	0.00459	0.00481	0.00110	0.02688	0.00382	0.00343	0.56088
1	0.01815	0.01336	0.05483	0.01109	0.01539	0.01306	0.00945	0.43297	0.07901	0.14939	0.01434	0.02681	0.01035	0.00621	0.00512	0.00151	0.00528	0.00484	0.00503	0.12380
2	0.00913	0.00684	0.00891	0.05111	0.04403	0.00704	0.00677	0.12383	0.01239	0.01659	0.02381	0.54170	0.02703	0.04502	0.02988	0.00232	0.00428	0.02947	0.00461	0.00526
3	0.00825	0.00570	0.00667	0.00664	0.00708	0.00577	0.00420	0.05766	0.00964	0.01295	0.05186	0.18115	0.02264	0.54125	0.05259	0.00431	0.00504	0.00890	0.00377	0.00393
4	0.10424	0.22641	0.34262	0.01205	0.03349	0.01417	0.01310	0.06103	0.02810	0.08401	0.02856	0.01177	0.00857	0.00527	0.00449	0.00152	0.00621	0.00388	0.00306	0.00745
5	0.02946	0.01801	0.27002	0.05784	0.09936	0.03089	0.29362	0.07820	0.01300	0.01826	0.03356	0.01355	0.00886	0.00509	0.00553	0.00169	0.00767	0.00510	0.00283	0.00745
6	0.01084	0.00852	0.01095	0.01062	0.05322	0.02834	0.00768	0.08881	0.02312	0.01502	0.02796	0.01855	0.01197	0.11613	0.17922	0.13522	0.17728	0.00536	0.06605	0.00514
7	0.01278	0.01225	0.02090	0.10895	0.70714	0.01248	0.01607	0.01595	0.01189	0.01690	0.00989	0.01318	0.00824	0.00477	0.00524	0.00159	0.00636	0.00471	0.00259	0.00813
8	0.01581	0.02713	0.01408	0.01017	0.01465	0.00925	0.07712	0.09415	0.03460	0.23844	0.01342	0.01364	0.00968	0.00507	0.00470	0.00124	0.00478	0.00428	0.00433	0.40347
9	0.00954	0.00740	0.00787	0.00766	0.00913	0.06263	0.00575	0.01194	0.07225	0.05345	0.20897	0.08952	0.19270	0.07874	0.00908	0.07188	0.00396	0.08780	0.00472	0.00499
10	0.00759	0.00517	0.00590	0.00590	0.00607	0.00517	0.00345	0.00778	0.00800	0.01062	0.01879	0.03479	0.06570	0.71962	0.07039	0.00512	0.00550	0.00778	0.00329	0.00337
11	0.00697	0.00484	0.00638	0.00725	0.00781	0.00448	0.00496	0.00815	0.01099	0.03156	0.13821	0.65969	0.05813	0.01542	0.00663	0.00206	0.00300	0.01391	0.00508	0.00450
12	0.04346	0.57318	0.17024	0.01120	0.01636	0.01834	0.07314	0.01608	0.01090	0.01403	0.00803	0.00947	0.00683	0.00463	0.00393	0.00131	0.00627	0.00331	0.00233	0.00697
13	0.00808	0.00611	0.00726	0.00754	0.00885	0.00588	0.00568	0.07110	0.02836	0.01626	0.07707	0.31967	0.24854	0.03705	0.00710	0.00209	0.00352	0.12997	0.00495	0.00492
14	0.00755	0.00566	0.00850	0.00850	0.00944	0.00661	0.00661	0.00944	0.00850	0.01227	0.01416	0.02077	0.01322	0.03965	0.79326	0.00850	0.01416	0.00566	0.00283	0.00472
15	0.00845	0.00558	0.00737	0.00707	0.00839	0.00514	0.00534	0.01073	0.01428	0.06843	0.60674	0.12578	0.04485	0.01138	0.00629	0.00176	0.00281	0.04874	0.00571	0.00516
16	0.01342	0.01286	0.02032	0.13044	0.58144	0.04447	0.03366	0.06782	0.01286	0.01771	0.01001	0.01307	0.00817	0.00492	0.00525	0.00159	0.00655	0.00470	0.00277	0.00797
17	0.01671	0.07627	0.01220	0.00912	0.01222	0.00938	0.00735	0.07083	0.12364	0.35881	0.07244	0.15090	0.03979	0.00859	0.00549	0.00170	0.00422	0.00722	0.00557	0.00755
18	0.00709	0.00539	0.00652	0.00624	0.00766	0.00482	0.00468	0.00922	0.01404	0.01900	0.54802	0.04311	0.28168	0.01163	0.00624	0.00170	0.00255	0.01007	0.00553	0.00482
19	0.00654	0.00464	0.00610	0.00723	0.00751	0.00436	0.00477	0.00739	0.00992	0.01323	0.02811	0.74661	0.03366	0.08249	0.00841	0.00239	0.00324	0.01442	0.00477	0.00420
20	0.07971	0.02186	0.01465	0.01282	0.01591	0.56769	0.00986	0.18234	0.01670	0.01815	0.00910	0.01015	0.00721	0.00560	0.00477	0.00143	0.00833	0.00366	0.00332	0.00672
21	0.02145	0.01150	0.01370	0.01055	0.01460	0.01158	0.00870	0.36001	0.01954	0.41460	0.04612	0.01641	0.01263	0.00662	0.00534	0.00161	0.00502	0.00523	0.00595	0.00884
22	0.01159	0.01093	0.01796	0.40290	0.35728	0.01221	0.01483	0.01589	0.07411	0.01585	0.01064	0.01412	0.00837	0.00519	0.00527	0.00168	0.00648	0.00481	0.00272	0.00716

[dist]
# distance from previous block
# <min> <max>
0	1

[block]
# block no. 5 follows, 46 sequences, length 139
# corresponding to MSA columns:
# 376-432,436-479,482-519
name=unknown_F
#
# <colnr> <probs for GDERKNQSTAVLIFYWHMCP>
#	G	D	E	R	K	N	Q	S	T	A	V	L	I	F	Y	W	H	M	C	P
0	0.01164	0.26741	0.50923	0.06005	0.02084	0.01488	0.01604	0.01627	0.01100	0.01524	0.00883	0.01052	0.00674	0.00489	0.00454	0.00151	0.00711	0.00362	0.00225	0.00738
1	0.01265	0.01240	0.03161	0.12855	0.66273	0.01247	0.03036	0.01590	0.01185	0.01678	0.00988	0.01321	0.00818	0.00478	0.00526	0.00160	0.00645	0.00473	0.00258	0.00803
2	0.01085	0.00945	0.01181	0.00856	0.01311	0.00726	0.04557	0.01325	0.01101	0.01706	0.01029	0.04460	0.00898	0.00447	0.00415	0.00089	0.00414	0.00379	0.00318	0.76757
3	0.05506	0.01095	0.01313	0.02818	0.06999	0.01082	0.00865	0.19686	0.10678	0.19308	0.01488	0.02941	0.01115	0.00605	0.00495	0.00146	0.00478	0.01986	0.00470	0.20926
4	0.01235	0.01320	0.07090	0.06615	0.43369	0.01200	0.15713	0.01623	0.03539	0.01710	0.01062	0.01398	0.00867	0.00487	0.00532	0.00157	0.00659	0.01684	0.00276	0.09464
5	0.27702	0.01073	0.01045	0.02135	0.01221	0.08307	0.00703	0.07916	0.01319	0.27073	0.06007	0.01699	0.03195	0.06113	0.00645	0.01732	0.00487	0.00487	0.00461	0.00679
6	0.00855	0.00547	0.00697	0.00745	0.00834	0.00513	0.00517	0.03678	0.01117	0.08206	0.04376	0.58924	0.08479	0.06887	0.00788	0.00225	0.00339	0.01291	0.00497	0.00483
7	0.08297	0.01369	0.01444	0.01132	0.01527	0.01517	0.00929	0.60524	0.08083	0.04481	0.01400	0.01390	0.02421	0.00643	0.00513	0.00160	0.00540	0.00484	0.02293	0.00852
8	0.03356	0.10835	0.56302	0.01531	0.05323	0.03910	0.06759	0.01697	0.02577	0.01648	0.00949	0.01121	0.00702	0.00497	0.00489	0.00161	0.00749	0.00398	0.00238	0.00758
9	0.02185	0.00905	0.01176	0.00914	0.01293	0.00821	0.00751	0.08886	0.01553	0.63319	0.01974	0.01772	0.01278	0.00648	0.00513	0.00159	0.00439	0.00522	0.10038	0.00854
10	0.00769	0.00513	0.00577	0.00577	0.00577	0.00513	0.00320	0.00769	0.00769	0.01025	0.01666	0.03460	0.01922	0.81421	0.02691	0.00513	0.00513	0.00769	0.00320	0.00320
11	0.03179	0.01158	0.07536	0.21087	0.14235	0.01137	0.15388	0.01394	0.01101	0.01562	0.03371	0.05329	0.04578	0.00774	0.03466	0.00202	0.09417	0.00583	0.03863	0.00639
12	0.01164	0.00986	0.01176	0.00849	0.01312	0.00788	0.02490	0.07017	0.01211	0.01850	0.02182	0.01162	0.00859	0.00422	0.00411	0.00088	0.00416	0.00343	0.00333	0.74941
13	0.00644	0.00460	0.00613	0.00736	0.00767	0.00429	0.00491	0.00736	0.01012	0.01350	0.02914	0.81076	0.03497	0.01656	0.00675	0.00215	0.00307	0.01503	0.00491	0.00429
14	0.00734	0.00501	0.00599	0.00633	0.00646	0.00497	0.00383	0.00768	0.00839	0.01123	0.01996	0.24629	0.02325	0.56023	0.05678	0.00447	0.00498	0.00960	0.00365	0.00357
15	0.03400	0.01177	0.06013	0.05383	0.12003	0.05846	0.07345	0.11288	0.08272	0.04657	0.06241	0.16289	0.01791	0.02332	0.00612	0.00185	0.00554	0.05526	0.00411	0.00674
16	0.01089	0.07085	0.05609	0.35527	0.05997	0.01337	0.04755	0.01365	0.01004	0.01384	0.00941	0.03237	0.00804	0.00720	0.02307	0.00198	0.23193	0.00485	0.02354	0.00610
17	0.00710	0.00518	0.00679	0.00783	0.00861	0.00490	0.00592	0.00854	0.01098	0.01428	0.03166	0.45963	0.12818	0.03018	0.00723	0.00225	0.00363	0.24776	0.00486	0.00448
18	0.12031	0.01329	0.07232	0.03002	0.01516	0.01335	0.00946	0.38890	0.11873	0.04576	0.05199	0.07017	0.01324	0.00709	0.00518	0.00168	0.00518	0.00558	0.00477	0.00781
19	0.01150	0.01148	0.01618	0.04621	0.01480	0.01601	0.01169	0.01275	0.00820	0.01275	0.00704	0.01167	0.00694	0.00909	0.01685	0.00229	0.77180	0.00463	0.00231	0.00579
20	0.01161	0.25352	0.56950	0.01334	0.02021	0.01475	0.01653	0.01648	0.01104	0.01551	0.00888	0.01039	0.00672	0.00488	0.00456	0.00152	0.00719	0.00360	0.00224	0.00752
21	0.01348	0.58182	0.19007	0.01115	0.01637	0.04369	0.04947	0.01625	0.01106	0.01360	0.00800	0.00938	0.00683	0.00466	0.00393	0.00129	0.00641	0.00325	0.00229	0.00700
22	0.00757	0.00507	0.00580	0.00592	0.00595	0.00504	0.00337	0.00766	0.00792	0.01057	0.01787	0.11005	0.02075	0.73666	0.02495	0.00484	0.00493	0.00840	0.00337	0.00331
23	0.15338	0.01248	0.02138	0.06078	0.32136	0.01270	0.25386	0.01701	0.06294	0.01839	0.01051	0.01321	0.00828	0.00486	0.00524	0.00167	0.00666	0.00498	0.00292	0.00741
24	0.06012	0.01774	0.01458	0.01337	0.06101	0.31890	0.00989	0.22805	0.18475	0.02143	0.01244	0.01283	0.00952	0.00601	0.00500	0.00155	0.00685	0.00440	0.00404	0.00753
25	0.01006	0.00768	0.00869	0.00792	0.00998	0.00787	0.00606	0.06556	0.21425	0.04507	0.30640	0.05911	0.19340	0.02628	0.00635	0.00180	0.00334	0.00864	0.00541	0.00611
26	0.00705	0.00539	0.00647	0.00620	0.00764	0.00481	0.00465	0.00915	0.01396	0.01880	0.52750	0.04343	0.30231	0.01170	0.00624	0.00171	0.00256	0.01011	0.00550	0.00481
27	0.00705	0.00532	0.00677	0.00708	0.00802	0.00505	0.00517	0.00869	0.01224	0.01650	0.30196	0.33392	0.17261	0.01359	0.00685	0.00193	0.02884	0.04860	0.00515	0.00465
28	0.01096	0.00940	0.01096	0.00783	0.01253	0.00705	0.00626	0.01331	0.01096	0.01723	0.00940	0.01096	0.00783	0.00392	0.00392	0.00078	0.00392	0.00313	0.00313	0.84653
29	0.01993	0.01385	0.01461	0.01153	0.01549	0.06052	0.00940	0.48173	0.11516	0.17968	0.01514	0.01443	0.01056	0.00643	0.00527	0.00161	0.00557	0.00494	0.00540	0.00874
30	0.02003	0.01045	0.01239	0.00972	0.01337	0.01045	0.00795	0.29412	0.01801	0.38195	0.01747	0.02996	0.01203	0.00659	0.00509	0.00157	0.00465	0.00522	0.13069	0.00831
31	0.00745	0.00551	0.00672	0.00645	0.00787	0.00500	0.00482	0.00975	0.02775	0.03107	0.51060	0.08556	0.24850	0.01171	0.00624	0.00173	0.00264	0.01018	0.00552	0.00493
32	0.01261	0.01207	0.02060	0.15085	0.66656	0.01244	0.01599	0.01581	0.01181	0.01669	0.00986	0.01324	0.00817	0.00480	0.00524	0.00160	0.00640	0.00471	0.00258	0.00799
33	0.00897	0.00615	0.00860	0.00968	0.01097	0.00611	0.00843	0.01136	0.01223	0.04069	0.02778	0.07247	0.02995	0.01438	0.00723	0.00240	0.00482	0.70787	0.00492	0.00499
34	0.00644	0.00460	0.00613	0.00736	0.00767	0.00429	0.00491	0.00736	0.01012	0.01350	0.02914	0.81076	0.03497	0.01656	0.00675	0.00215	0.00307	0.01503	0.00491	0.00429
35	0.01287	0.01235	0.02108	0.08443	0.73089	0.01251	0.01612	0.01604	0.01194	0.01702	0.00991	0.01315	0.00828	0.00475	0.00524	0.00158	0.00633	0.00471	0.00260	0.00820
36	0.00998	0.00940	0.01586	0.80150	0.03641	0.01175	0.01468	0.01351	0.01057	0.01351	0.00940	0.01409	0.00705	0.00529	0.00529	0.00176	0.00705	0.00470	0.00235	0.00587
37	0.01980	0.02378	0.01510	0.01342	0.01635	0.68687	0.01019	0.12257	0.01633	0.01572	0.00879	0.00997	0.00711	0.00557	0.00484	0.00139	0.00903	0.00359	0.00307	0.00652
38	0.01096	0.00940	0.01096	0.00783	0.01253	0.00705	0.00626	0.01331	0.01096	0.01723	0.00940	0.01096	0.00783	0.00392	0.00392	0.00078	0.00392	0.00313	0.00313	0.84653
39	0.01060	0.02735	0.78682	0.01507	0.02288	0.01228	0.01953	0.01674	0.01116	0.01674	0.00949	0.01116	0.00670	0.00502	0.00502	0.00167	0.00781	0.00391	0.00223	0.00781
40	0.00642	0.00518	0.00571	0.00596	0.00734	0.00448	0.00433	0.00777	0.01188	0.01479	0.12021	0.23083	0.52885	0.01389	0.00637	0.00186	0.00275	0.01192	0.00500	0.00448
41	0.00782	0.00549	0.00711	0.00665	0.00800	0.00503	0.00501	0.01025	0.01481	0.04000	0.72111	0.03955	0.08750	0.01084	0.00621	0.00167	0.00255	0.00954	0.00579	0.00506
42	0.00662	0.00479	0.00630	0.00744	0.00793	0.00447	0.00518	0.00771	0.01044	0.01376	0.03068	0.69031	0.08484	0.01617	0.00676	0.00215	0.00321	0.08197	0.00490	0.00436
43	0.02648	0.06061	0.64428	0.01575	0.03795	0.01277	0.09636	0.01669	0.01126	0.01671	0.00949	0.01136	0.00685	0.00493	0.00505	0.00166	0.00773	0.00410	0.00231	0.00767
44	0.02057	0.01355	0.01505	0.01152	0.01574	0.01449	0.00951	0.60175	0.02262	0.17860	0.01419	0.01368	0.00976	0.00632	0.00526	0.00158	0.00551	0.00483	0.00548	0.03001
45	0.00708	0.00537	0.00642	0.00617	0.00752	0.00482	0.00456	0.00905	0.01356	0.01825	0.49225	0.04298	0.29032	0.05950	0.00747	0.00191	0.00271	0.00998	0.00536	0.00471
46	0.68797	0.03084	0.00940	0.06112	0.01249	0.02654	0.00673	0.05881	0.01033	0.02304	0.02800	0.01002	0.00721	0.00517	0.00363	0.00162	0.00449	0.00328	0.00336	0.00594
47	0.00881	0.10382	0.00953	0.00718	0.00885	0.03995	0.00554	0.01027	0.01155	0.03464	0.15679	0.12228	0.26991	0.09270	0.07672	0.00263	0.02071	0.00890	0.00430	0.00492
48	0.00653	0.00461	0.00610	0.00730	0.00763	0.00431	0.00488	0.00749	0.01015	0.01365	0.02883	0.79048	0.03442	0.01630	0.00667	0.00212	0.00305	0.01477	0.02640	0.00431
49	0.00650	0.00469	0.00617	0.00723	0.00766	0.00435	0.00488	0.00755	0.01053	0.01405	0.08076	0.72807	0.06590	0.01605	0.00669	0.00210	0.00301	0.01450	0.00497	0.00435
50	0.01426	0.02814	0.07109	0.05549	0.35679	0.06352	0.08730	0.05891	0.05825	0.08975	0.01244	0.03059	0.00998	0.00624	0.01980	0.00176	0.00662	0.01792	0.00336	0.00781
51	0.01704	0.01355	0.01482	0.01197	0.01542	0.07055	0.04734	0.43672	0.11377	0.05074	0.01451	0.03000	0.01148	0.03377	0.05321	0.00218	0.02107	0.02922	0.00474	0.00790
52	0.00925	0.00670	0.00810	0.00741	0.00917	0.00658	0.00566	0.03712	0.12296	0.05241	0.54907	0.03596	0.10846	0.01021	0.00605	0.00169	0.00294	0.00887	0.00569	0.00572
53	0.01698	0.03376	0.01567	0.09778	0.09753	0.39645	0.01088	0.13259	0.05930	0.01737	0.01002	0.01154	0.00794	0.00547	0.00490	0.00144	0.00759	0.00400	0.00324	0.06557
54	0.00642	0.00469	0.00604	0.00712	0.00761	0.00431	0.00480	0.00739	0.01035	0.01359	0.03204	0.72032	0.12353	0.01618	0.00669	0.00210	0.00302	0.01457	0.00491	0.00431
55	0.01413	0.81739	0.02770	0.00905	0.01357	0.02092	0.00905	0.01583	0.01074	0.01244	0.00735	0.00848	0.00678	0.00452	0.00339	0.00113	0.00565	0.00283	0.00226	0.00678
56	0.00650	0.00464	0.00620	0.00742	0.00775	0.00434	0.00500	0.00746	0.01018	0.01356	0.02911	0.79110	0.03485	0.01651	0.00676	0.00215	0.00311	0.03415	0.00491	0.00431
57	0.02010	0.01481	0.01587	0.01216	0.01639	0.01639	0.01005	0.76360	0.02486	0.03332	0.01269	0.01269	0.00899	0.00635	0.00529	0.00159	0.00582	0.00476	0.00529	0.00899
58	0.01314	0.01297	0.02151	0.07009	0.67000	0.04179	0.06033	0.01631	0.01210	0.01690	0.00989	0.01307	0.00823	0.00475	0.00528	0.00158	0.00660	0.00475	0.00261	0.00809
59	0.00782	0.00606	0.00902	0.00886	0.00974	0.00726	0.00694	0.00966	0.00847	0.01230	0.01367	0.02015	0.01279	0.03759	0.74082	0.00808	0.06758	0.00559	0.00280	0.00479
60	0.02048	0.00956	0.01198	0.00943	0.01309	0.00911	0.00771	0.14830	0.05479	0.51315	0.07060	0.01877	0.01508	0.00680	0.00526	0.00161	0.00442	0.00552	0.06594	0.00840
61	0.05361	0.00801	0.00919	0.00906	0.02517	0.03296	0.00698	0.07536	0.07529	0.08782	0.13599	0.17367	0.10717	0.01128	0.00611	0.00191	0.00409	0.16537	0.00505	0.00589
62	0.01081	0.07450	0.74151	0.01471	0.02232	0.01279	0.01891	0.01669	0.01114	0.01649	0.00936	0.01100	0.00670	0.00499	0.00493	0.00164	0.00768	0.00384	0.00223	0.00775
63	0.00680	0.00513	0.00568	0.00592	0.00678	0.00467	0.00393	0.00761	0.01020	0.01284	0.04700	0.19763	0.35646	0.29022	0.01347	0.00301	0.00360	0.01071	0.00433	0.00400
64	0.00673	0.00482	0.00645	0.00765	0.00811	0.00455	0.00539	0.00786	0.01044	0.01383	0.02944	0.69220	0.04839	0.01623	0.00682	0.00218	0.00331	0.11632	0.00490	0.00438
65	0.03704	0.01185	0.01306	0.00978	0.01420	0.01142	0.00796	0.34526	0.03099	0.02460	0.01102	0.01183	0.00844	0.00508	0.00453	0.00118	0.00477	0.00390	0.00413	0.43899
66	0.02889	0.00634	0.00780	0.00704	0.00874	0.00594	0.00536	0.05509	0.01497	0.02136	0.62650	0.04809	0.06695	0.01011	0.00596	0.00161	0.00284	0.00882	0.00550	0.06209
67	0.00726	0.00533	0.00657	0.00646	0.00775	0.00480	0.00477	0.00922	0.01353	0.02984	0.47294	0.15058	0.23706	0.01222	0.00630	0.00176	0.00265	0.01068	0.00547	0.00481
68	0.00717	0.00534	0.00720	0.00797	0.00859	0.00514	0.02353	0.02771	0.03750	0.01439	0.02800	0.74299	0.03298	0.01567	0.00665	0.00211	0.00332	0.01423	0.00488	0.00463
69	0.01228	0.01016	0.01344	0.01035	0.01396	0.00960	0.07663	0.08928	0.05608	0.05309	0.06938	0.05496	0.01310	0.00623	0.00613	0.00135	0.08814	0.00508	0.00379	0.40695
70	0.01242	0.01408	0.03018	0.02171	0.02670	0.01356	0.71131	0.01665	0.01218	0.01665	0.01044	0.01408	0.00795	0.00478	0.00699	0.00182	0.06269	0.00613	0.00265	0.00704
71	0.01960	0.00803	0.01074	0.00858	0.01194	0.00702	0.00695	0.02168	0.01467	0.58837	0.13293	0.04162	0.04613	0.00763	0.00544	0.00164	0.00400	0.00636	0.04873	0.00793
72	0.01004	0.00951	0.01623	0.78257	0.03620	0.01178	0.03284	0.01359	0.01062	0.01359	0.00943	0.01410	0.00707	0.00527	0.00531	0.00176	0.00709	0.00474	0.00236	0.00590
73	0.01157	0.01157	0.01619	0.01388	0.01388	0.01619	0.01157	0.01272	0.00810	0.01272	0.00694	0.01157	0.00694	0.00925	0.01735	0.00231	0.80453	0.00463	0.00231	0.00578
74	0.01949	0.01113	0.01272	0.01021	0.01385	0.04993	0.00832	0.21173	0.08519	0.37812	0.07463	0.01954	0.01534	0.00708	0.00540	0.00164	0.00491	0.03638	0.00572	0.02868
75	0.01363	0.72998	0.08234	0.00940	0.01404	0.01970	0.00966	0.01568	0.01093	0.01307	0.03576	0.00981	0.00836	0.00479	0.00362	0.00119	0.00570	0.00315	0.00239	0.00679
76	0.01086	0.08390	0.73247	0.01464	0.02221	0.01290	0.01878	0.01668	0.01113	0.01643	0.00933	0.01097	0.00670	0.00499	0.00491	0.00164	0.00766	0.00383	0.00223	0.00774
77	0.37582	0.13148	0.12064	0.03773	0.01468	0.07992	0.00937	0.09031	0.01199	0.06028	0.00912	0.01027	0.00696	0.00564	0.01501	0.00164	0.00573	0.00347	0.00326	0.00669
78	0.00983	0.00911	0.01517	0.74772	0.03434	0.01130	0.01391	0.01311	0.01038	0.01329	0.00989	0.01548	0.00787	0.05996	0.00675	0.00199	0.00692	0.00490	0.00241	0.00569
79	0.01005	0.00946	0.01597	0.78580	0.05162	0.01176	0.01471	0.01356	0.01060	0.01358	0.00941	0.01407	0.00707	0.00527	0.00528	0.00176	0.00703	0.00470	0.00235	0.00592
80	0.00931	0.04534	0.01042	0.05026	0.08180	0.03790	0.00735	0.01268	0.10327	0.01605	0.11262	0.16818	0.23265	0.01066	0.00635	0.00179	0.03924	0.02374	0.02475	0.00564
81	0.28467	0.01478	0.16768	0.02648	0.03332	0.07976	0.00990	0.08120	0.02489	0.11066	0.06641	0.01482	0.03891	0.00604	0.00462	0.00161	0.00546	0.00449	0.00381	0.02049
82	0.02350	0.00934	0.01248	0.00957	0.01367	0.00828	0.00791	0.06969	0.01571	0.74015	0.02037	0.01768	0.01284	0.00653	0.00531	0.00163	0.00458	0.00528	0.00647	0.00900
83	0.00771	0.00500	0.00662	0.00736	0.00807	0.00460	0.00508	0.00888	0.01101	0.06643	0.10471	0.65498	0.05913	0.01520	0.00658	0.00205	0.00309	0.01370	0.00511	0.00469
84	0.01740	0.08246	0.05439	0.01215	0.01632	0.02910	0.09234	0.29320	0.10438	0.17119	0.06148	0.01584	0.01266	0.00631	0.00528	0.00161	0.00567	0.00523	0.00482	0.00816
85	0.00791	0.00609	0.00677	0.00667	0.00845	0.00559	0.00514	0.02404	0.06500	0.04108	0.13064	0.09169	0.48741	0.01261	0.00627	0.00185	0.00311	0.07952	0.00510	0.00505
86	0.00704	0.00532	0.00650	0.00634	0.00766	0.00478	0.00471	0.00907	0.01372	0.01857	0.50819	0.10908	0.25562	0.01204	0.00628	0.00174	0.00260	0.01048	0.00548	0.00478
87	0.23625	0.01101	0.01416	0.42141	0.05019	0.05843	0.04153	0.05266	0.01129	0.01759	0.00944	0.01311	0.00735	0.00537	0.00476	0.00169	0.00629	0.01680	0.01456	0.00611
88	0.06854	0.00767	0.00894	0.00778	0.00984	0.00805	0.05029	0.08309	0.10678	0.04511	0.01598	0.01860	0.01268	0.05256	0.00640	0.04442	0.00380	0.00513	0.43852	0.00581
89	0.00643	0.00464	0.00609	0.00726	0.00764	0.00430	0.00486	0.00737	0.01022	0.01354	0.03037	0.77227	0.07265	0.01640	0.00672	0.00213	0.00305	0.01483	0.00491	0.00430
90	0.01984	0.01315	0.01463	0.01132	0.01532	0.01413	0.00931	0.57346	0.03796	0.16488	0.05991	0.01537	0.01229	0.00666	0.00535	0.00160	0.00535	0.00517	0.00554	0.00874
91	0.06434	0.03162	0.20103	0.01650	0.03282	0.01163	0.36419	0.01627	0.01221	0.06919	0.05966	0.01748	0.06669	0.00579	0.00564	0.00172	0.00712	0.00589	0.00321	0.00702
92	0.01295	0.01275	0.02175	0.02956	0.63229	0.02538	0.09030	0.01606	0.01190	0.01687	0.01017	0.01399	0.00867	0.00517	0.00609	0.00165	0.05410	0.01971	0.00265	0.00799
93	0.01976	0.01449	0.01551	0.01193	0.01606	0.01602	0.00984	0.73927	0.02441	0.03288	0.01284	0.01292	0.00914	0.00634	0.00524	0.00158	0.00571	0.00477	0.03244	0.00886
94	0.06221	0.01458	0.01546	0.01190	0.01608	0.01616	0.00983	0.72572	0.02405	0.03283	0.01242	0.01248	0.00883	0.00627	0.00519	0.00159	0.00573	0.00466	0.00519	0.00883
95	0.01696	0.42279	0.02147	0.01117	0.01495	0.32745	0.00961	0.09211	0.01383	0.01471	0.00821	0.00932	0.00701	0.00507	0.00413	0.00127	0.00721	0.00325	0.00275	0.00674
96	0.01035	0.00873	0.01024	0.00790	0.01181	0.00692	0.00615	0.01311	0.04936	0.01688	0.01316	0.13903	0.01258	0.00610	0.00444	0.00105	0.00379	0.00517	0.00353	0.66968
97	0.01413	0.81739	0.02770	0.00905	0.01357	0.02092	0.00905	0.01583	0.01074	0.01244	0.00735	0.00848	0.00678	0.00452	0.00339	0.00113	0.00565	0.00283	0.00226	0.00678
98	0.01812	0.00952	0.01164	0.00950	0.01288	0.00940	0.00765	0.09804	0.19108	0.40251	0.13528	0.02173	0.03350	0.00744	0.00548	0.00167	0.00422	0.00617	0.00601	0.00816
99	0.00730	0.00540	0.00640	0.00669	0.00787	0.00489	0.00476	0.00893	0.03035	0.02897	0.10527	0.35781	0.27311	0.05923	0.00748	0.00208	0.00311	0.02522	0.02079	0.03436
100	0.01131	0.07547	0.39466	0.01192	0.01739	0.01089	0.02652	0.05938	0.01181	0.04179	0.01262	0.11259	0.01125	0.03500	0.00576	0.00167	0.00612	0.00537	0.00308	0.14539
101	0.01917	0.01109	0.01359	0.01191	0.06599	0.01138	0.00899	0.23136	0.15460	0.34210	0.01787	0.03156	0.01259	0.00784	0.03322	0.00190	0.00525	0.00543	0.00555	0.00860
102	0.00845	0.00606	0.00842	0.00959	0.01083	0.00603	0.00837	0.01084	0.01217	0.01577	0.02882	0.05935	0.05467	0.01456	0.00727	0.00241	0.00480	0.72186	0.00487	0.00485
103	0.00767	0.00515	0.00590	0.00586	0.00598	0.00511	0.00338	0.00792	0.00842	0.01136	0.09371	0.03509	0.02232	0.73294	0.02482	0.00477	0.00486	0.00788	0.00347	0.00338
104	0.03328	0.01999	0.06859	0.01432	0.03654	0.42637	0.09342	0.07262	0.02670	0.09957	0.01056	0.01184	0.00808	0.00631	0.02154	0.00167	0.03416	0.00420	0.00332	0.00691
105	0.02175	0.01061	0.01289	0.01004	0.01397	0.02985	0.00823	0.18605	0.04401	0.54109	0.05153	0.01761	0.01373	0.00668	0.00534	0.00162	0.00482	0.00535	0.00610	0.00873
106	0.00893	0.00584	0.00687	0.00635	0.00823	0.00508	0.00485	0.01078	0.01352	0.11481	0.31820	0.04247	0.41130	0.01156	0.00612	0.00172	0.00284	0.00982	0.00545	0.00523
107	0.01303	0.01251	0.02136	0.04532	0.76876	0.01255	0.01620	0.01618	0.01201	0.01721	0.00993	0.01310	0.00835	0.00472	0.00523	0.00157	0.00629	0.00471	0.00261	0.00833
108	0.02189	0.01012	0.01277	0.00994	0.01385	0.00961	0.00815	0.19924	0.01715	0.56371	0.01939	0.06136	0.01335	0.00706	0.00539	0.00165	0.00473	0.00573	0.00615	0.00873
109	0.00698	0.00533	0.00640	0.00624	0.00762	0.00476	0.00464	0.00896	0.01361	0.01825	0.47302	0.09562	0.30517	0.01210	0.00627	0.00174	0.00260	0.01049	0.00544	0.00476
110	0.00640	0.00501	0.00581	0.00643	0.00749	0.00442	0.00456	0.00757	0.01113	0.01394	0.04114	0.41660	0.40159	0.01495	0.00652	0.00198	0.00292	0.03224	0.00491	0.00439
111	0.74838	0.01024	0.00875	0.00832	0.04608	0.01157	0.00637	0.01637	0.00961	0.08269	0.00853	0.00953	0.00642	0.00503	0.00352	0.00163	0.00422	0.00314	0.00350	0.00610
112	0.85155	0.01022	0.00777	0.00695	0.01022	0.01186	0.00573	0.01554	0.00900	0.02372	0.00736	0.00859	0.00573	0.00491	0.00327	0.00164	0.00409	0.00286	0.00327	0.00573
113	0.02031	0.01446	0.01565	0.01200	0.01622	0.01588	0.00991	0.71967	0.02428	0.07807	0.01318	0.01301	0.00923	0.00636	0.00529	0.00159	0.00574	0.00479	0.00536	0.00899
