[name]
unknown

[dist]
# distance from previous block
# <min> <max>
0	231

[block]
# block no. 0 follows, 50 sequences, length 21
# corresponding to MSA columns:
# 311-331
name=unknown_A
#
# <colnr> <probs for GDERKNQSTAVLIFYWHMCP>
#	G	D	E	R	K	N	Q	S	T	A	V	L	I	F	Y	W	H	M	C	P
0	0.00732	0.00508	0.00671	0.00690	0.00793	0.00474	0.00521	0.00922	0.01242	0.03897	0.42832	0.24607	0.06881	0.01212	0.00613	0.00180	0.00288	0.11966	0.00512	0.00460
1	0.00765	0.00511	0.00673	0.00655	0.00768	0.00470	0.00482	0.00966	0.01314	0.05938	0.58687	0.20419	0.04219	0.01114	0.00594	0.00166	0.00257	0.00991	0.00534	0.00476
2	0.00639	0.00501	0.00583	0.00607	0.00736	0.00445	0.00458	0.00792	0.01162	0.01482	0.19361	0.17964	0.42720	0.01277	0.00608	0.00179	0.00278	0.09296	0.00480	0.00432
3	0.00616	0.00440	0.00589	0.00704	0.00737	0.00413	0.00479	0.00710	0.00963	0.01283	0.02742	0.78584	0.03277	0.01553	0.00639	0.00204	0.00297	0.04900	0.00463	0.00407
4	0.03798	0.00534	0.00665	0.00649	0.00780	0.00500	0.00503	0.00942	0.01321	0.01857	0.56832	0.03999	0.14142	0.01076	0.00591	0.00167	0.00271	0.10392	0.00517	0.00465
5	0.86003	0.00964	0.00733	0.00655	0.00964	0.01118	0.00540	0.01465	0.00848	0.02236	0.00694	0.00810	0.00540	0.00463	0.00308	0.00154	0.00386	0.00270	0.00308	0.00540
6	0.01590	0.00822	0.01051	0.00801	0.01177	0.00674	0.00647	0.01795	0.01258	0.40383	0.07982	0.04003	0.01390	0.00582	0.00461	0.00124	0.00383	0.00481	0.00481	0.33914
7	0.01034	0.00886	0.01034	0.00738	0.01181	0.00664	0.00591	0.01255	0.01034	0.01624	0.00886	0.01034	0.00738	0.00369	0.00369	0.00074	0.00369	0.00295	0.00295	0.85530
8	0.86003	0.00964	0.00733	0.00655	0.00964	0.01118	0.00540	0.01465	0.00848	0.02236	0.00694	0.00810	0.00540	0.00463	0.00308	0.00154	0.00386	0.00270	0.00308	0.00540
9	0.01924	0.01350	0.01467	0.01125	0.01523	0.01477	0.00929	0.71311	0.02266	0.09652	0.01262	0.01239	0.00881	0.00600	0.00499	0.00150	0.00538	0.00453	0.00509	0.00848
10	0.82824	0.00945	0.00723	0.00648	0.00950	0.01094	0.00533	0.01454	0.00856	0.02222	0.00729	0.00849	0.00567	0.00467	0.00310	0.00153	0.00380	0.00277	0.03483	0.00537
11	0.01234	0.01184	0.02023	0.03059	0.79373	0.01184	0.01530	0.01530	0.01135	0.01628	0.00938	0.01234	0.00790	0.00444	0.00493	0.00148	0.00592	0.00444	0.00247	0.00790
12	0.01849	0.01374	0.01470	0.01138	0.01528	0.01525	0.00936	0.72508	0.07621	0.03068	0.01254	0.01243	0.00894	0.00604	0.00499	0.00151	0.00538	0.00457	0.00499	0.00844
13	0.01224	0.01061	0.01147	0.05290	0.01410	0.01233	0.00821	0.02575	0.74346	0.02042	0.01968	0.01831	0.01476	0.00667	0.00507	0.00169	0.00409	0.00557	0.00492	0.00776
14	0.00723	0.00485	0.00554	0.00551	0.00561	0.00482	0.00316	0.00743	0.00783	0.01054	0.08163	0.03301	0.02058	0.75557	0.02371	0.00455	0.00462	0.00740	0.00323	0.00316
15	0.04034	0.00581	0.00616	0.00561	0.00732	0.00581	0.00436	0.05673	0.01159	0.11391	0.01611	0.01765	0.01223	0.00582	0.00374	0.00124	0.00279	0.00462	0.67281	0.00535
16	0.01310	0.32995	0.27759	0.01236	0.01752	0.09841	0.09004	0.07922	0.01195	0.01518	0.00841	0.00981	0.00666	0.00465	0.00426	0.00136	0.00671	0.00354	0.00245	0.00686
17	0.01456	0.11795	0.04944	0.01312	0.10351	0.08649	0.04853	0.07352	0.08486	0.16564	0.01359	0.09286	0.01139	0.00672	0.00613	0.00159	0.09412	0.00532	0.00374	0.00693
18	0.00723	0.00511	0.00653	0.00627	0.00748	0.00466	0.00466	0.00931	0.01339	0.03857	0.61958	0.11160	0.12519	0.01086	0.00590	0.00162	0.00247	0.00956	0.00533	0.00469
19	0.00748	0.00543	0.00730	0.00801	0.00915	0.00525	0.00668	0.00959	0.01189	0.01572	0.19350	0.10754	0.10243	0.01303	0.00654	0.00206	0.00379	0.47527	0.00479	0.00454
20	0.13299	0.01154	0.07888	0.34312	0.09835	0.01149	0.07692	0.09526	0.01178	0.06459	0.00973	0.01228	0.00719	0.00495	0.00474	0.00158	0.00607	0.00426	0.00293	0.02136

[dist]
# distance from previous block
# <min> <max>
1	3

[block]
# block no. 1 follows, 50 sequences, length 28
# corresponding to MSA columns:
# 356-369,371-384
name=unknown_B
#
# <colnr> <probs for GDERKNQSTAVLIFYWHMCP>
#	G	D	E	R	K	N	Q	S	T	A	V	L	I	F	Y	W	H	M	C	P
0	0.04760	0.01203	0.01359	0.02543	0.01474	0.01278	0.00874	0.49328	0.04791	0.25076	0.01426	0.01354	0.00970	0.00600	0.00493	0.00152	0.00504	0.00462	0.00521	0.00830
1	0.09222	0.06028	0.01292	0.10175	0.01519	0.04614	0.00867	0.13763	0.26016	0.05701	0.04935	0.01550	0.02734	0.00638	0.00570	0.00160	0.07248	0.00483	0.00405	0.02080
2	0.00941	0.00889	0.01528	0.71889	0.03223	0.01078	0.05685	0.01272	0.01032	0.01336	0.05613	0.01474	0.00913	0.00525	0.00509	0.00166	0.00649	0.00479	0.00243	0.00555
3	0.01085	0.00937	0.01178	0.00906	0.01240	0.00883	0.03152	0.01379	0.07087	0.03193	0.00975	0.01158	0.00809	0.00519	0.00649	0.01386	0.15523	0.00362	0.02162	0.55418
4	0.00866	0.00433	0.00649	0.00649	0.00649	0.00433	0.00433	0.00649	0.00649	0.00866	0.00866	0.01515	0.00866	0.01732	0.01948	0.85498	0.00433	0.00433	0.00216	0.00216
5	0.01045	0.00707	0.00884	0.00840	0.04493	0.00694	0.00612	0.07728	0.09105	0.10830	0.45312	0.04221	0.09694	0.00906	0.00559	0.00158	0.00317	0.00784	0.00526	0.00586
6	0.00941	0.00886	0.01495	0.81285	0.03433	0.01107	0.01384	0.01274	0.00997	0.01274	0.00886	0.01329	0.00664	0.00498	0.00498	0.00166	0.00664	0.00443	0.00221	0.00554
7	0.00646	0.00507	0.00584	0.00565	0.00708	0.00445	0.00424	0.00826	0.01271	0.01666	0.41342	0.04271	0.42679	0.01143	0.00589	0.00163	0.00244	0.00978	0.00505	0.00445
8	0.00929	0.00465	0.00465	0.00465	0.00581	0.00465	0.00348	0.01161	0.01045	0.01858	0.01626	0.01858	0.01278	0.00581	0.00348	0.00116	0.00232	0.00465	0.85250	0.00465
9	0.01176	0.01345	0.02941	0.02101	0.02605	0.01261	0.77563	0.01597	0.01176	0.01597	0.01008	0.01345	0.00756	0.00420	0.00588	0.00168	0.00840	0.00588	0.00252	0.00672
10	0.01222	0.70265	0.02303	0.00829	0.01195	0.01734	0.00794	0.01371	0.01004	0.01188	0.01005	0.13167	0.01044	0.00599	0.00368	0.00121	0.00496	0.00441	0.00251	0.00604
11	0.01118	0.01017	0.01273	0.01071	0.01359	0.03573	0.12371	0.02018	0.44773	0.03100	0.05910	0.02392	0.16313	0.00758	0.00537	0.00167	0.00445	0.00667	0.00456	0.00681
12	0.00694	0.00515	0.00559	0.00559	0.00718	0.00438	0.00415	0.00820	0.01131	0.06078	0.05986	0.16348	0.61454	0.01264	0.00591	0.00172	0.00268	0.01071	0.00474	0.00445
13	0.27954	0.01222	0.01170	0.13210	0.04735	0.16262	0.00855	0.06221	0.01220	0.19341	0.02688	0.01205	0.00849	0.00531	0.00432	0.00151	0.00550	0.00389	0.00368	0.00645
14	0.06722	0.01873	0.01288	0.01259	0.07088	0.54333	0.00878	0.04953	0.01293	0.01355	0.00918	0.01290	0.00833	0.12969	0.00764	0.00186	0.00767	0.00394	0.00276	0.00561
15	0.71244	0.02808	0.00970	0.01025	0.12890	0.01147	0.00697	0.01476	0.00895	0.02120	0.00731	0.00874	0.00580	0.00459	0.00337	0.00152	0.00420	0.00296	0.00297	0.00580
16	0.01447	0.01113	0.01839	0.02598	0.62788	0.01088	0.01360	0.01721	0.01197	0.18211	0.01156	0.01332	0.00884	0.00481	0.00495	0.00149	0.00556	0.00456	0.00325	0.00802
17	0.01719	0.00844	0.01171	0.10366	0.01509	0.00801	0.02140	0.06854	0.01356	0.46232	0.01851	0.04750	0.01425	0.00733	0.00529	0.00165	0.00466	0.11992	0.00513	0.04585
18	0.73118	0.00997	0.00929	0.01021	0.12883	0.01128	0.00690	0.01475	0.00892	0.02144	0.00731	0.00874	0.00578	0.00460	0.00337	0.00153	0.00417	0.00296	0.00299	0.00578
19	0.01294	0.01120	0.01156	0.01029	0.01317	0.03020	0.00803	0.07309	0.72019	0.02132	0.01949	0.01797	0.01460	0.00668	0.00505	0.00167	0.00415	0.00551	0.00501	0.00788
20	0.14097	0.01128	0.01787	0.08630	0.61692	0.01168	0.01368	0.01500	0.01081	0.01694	0.00897	0.01176	0.00742	0.00451	0.00466	0.00150	0.00566	0.00418	0.00254	0.00734
21	0.01415	0.00925	0.01248	0.01094	0.05565	0.05625	0.09912	0.06108	0.01303	0.27147	0.05803	0.15371	0.11364	0.00824	0.00540	0.00160	0.00465	0.00727	0.00463	0.03939
22	0.14075	0.01274	0.02534	0.01955	0.08294	0.01233	0.59973	0.01571	0.01123	0.01696	0.00955	0.01255	0.00726	0.00428	0.00538	0.00164	0.00752	0.00529	0.00260	0.00661
23	0.00895	0.00471	0.00495	0.00489	0.00606	0.00465	0.00367	0.01128	0.01101	0.01880	0.13404	0.02142	0.01798	0.00647	0.00385	0.00122	0.00233	0.00531	0.72374	0.00465
24	0.00608	0.00441	0.00574	0.00678	0.00719	0.00407	0.00456	0.00701	0.00978	0.01293	0.04515	0.74415	0.09321	0.01527	0.00631	0.00199	0.00285	0.01377	0.00464	0.00407
25	0.01245	0.02780	0.03170	0.04659	0.39274	0.02205	0.02327	0.09036	0.07877	0.05301	0.13029	0.01807	0.01524	0.00606	0.00513	0.00154	0.00517	0.02892	0.00361	0.00722
26	0.07107	0.04897	0.04108	0.15612	0.02936	0.05787	0.07418	0.21400	0.02728	0.13547	0.01369	0.01639	0.03454	0.00610	0.00497	0.00158	0.00574	0.05078	0.00389	0.00691
27	0.02014	0.00869	0.01214	0.13116	0.01607	0.00816	0.00837	0.03770	0.02853	0.64771	0.01788	0.01634	0.01145	0.00600	0.00501	0.00156	0.00463	0.00493	0.00552	0.00802

[dist]
# distance from previous block
# <min> <max>
0	4

[block]
# block no. 2 follows, 50 sequences, length 27
# corresponding to MSA columns:
# 389-415
name=unknown_C
#
# <colnr> <probs for GDERKNQSTAVLIFYWHMCP>
#	G	D	E	R	K	N	Q	S	T	A	V	L	I	F	Y	W	H	M	C	P
0	0.05975	0.01218	0.02838	0.08320	0.45816	0.08542	0.03030	0.06096	0.01188	0.01649	0.01115	0.09856	0.01021	0.00585	0.00497	0.00154	0.00588	0.00530	0.00287	0.00697
1	0.04377	0.23383	0.32442	0.05856	0.06134	0.02581	0.01302	0.10571	0.01216	0.06411	0.00935	0.01056	0.00703	0.00484	0.00434	0.00142	0.00619	0.00363	0.00277	0.00714
2	0.64504	0.00983	0.00958	0.05449	0.02955	0.01115	0.04463	0.06624	0.00987	0.02144	0.00875	0.05447	0.00738	0.00533	0.00369	0.00158	0.00435	0.00376	0.00321	0.00566
3	0.01226	0.01147	0.01744	0.11939	0.51260	0.03899	0.01340	0.06736	0.05915	0.01688	0.01203	0.01599	0.02801	0.00549	0.00507	0.00156	0.00581	0.04685	0.00294	0.00731
4	0.06531	0.03045	0.01414	0.01096	0.01459	0.10754	0.00895	0.59244	0.02060	0.02762	0.01130	0.01165	0.00824	0.00577	0.00471	0.00145	0.00565	0.00421	0.04667	0.00776
5	0.00764	0.00614	0.00700	0.00657	0.00785	0.04938	0.00493	0.00988	0.01397	0.01921	0.70876	0.03621	0.08354	0.01003	0.00580	0.00156	0.00273	0.00877	0.00528	0.00474
6	0.00685	0.00476	0.00563	0.00586	0.00618	0.00459	0.00365	0.00741	0.00887	0.01183	0.10889	0.22051	0.08107	0.48249	0.01726	0.00357	0.00393	0.00932	0.00380	0.00354
7	0.00593	0.00501	0.00513	0.00518	0.00678	0.00421	0.00385	0.00720	0.01133	0.01359	0.06809	0.08866	0.73262	0.01272	0.00592	0.00170	0.00254	0.01067	0.00465	0.00421
8	0.01333	0.82783	0.02612	0.00853	0.01279	0.01972	0.00853	0.01493	0.01013	0.01173	0.00693	0.00800	0.00640	0.00426	0.00320	0.00107	0.00533	0.00267	0.00213	0.00640
9	0.00941	0.00886	0.01495	0.81285	0.03433	0.01107	0.01384	0.01274	0.00997	0.01274	0.00886	0.01329	0.00664	0.00498	0.00498	0.00166	0.00664	0.00443	0.00221	0.00554
10	0.00950	0.00506	0.00510	0.00502	0.00630	0.00517	0.00379	0.01263	0.06331	0.01874	0.01654	0.01858	0.01294	0.00587	0.00359	0.00120	0.00243	0.00471	0.79465	0.00487
11	0.01862	0.02376	0.01413	0.01284	0.01541	0.80482	0.00963	0.01990	0.01413	0.01220	0.00770	0.00899	0.00642	0.00514	0.00449	0.00128	0.00899	0.00321	0.00257	0.00578
12	0.00604	0.00447	0.00564	0.00658	0.00713	0.00408	0.00447	0.00698	0.00989	0.01287	0.03187	0.67391	0.17780	0.01504	0.00627	0.00196	0.00282	0.01347	0.00463	0.00408
13	0.01318	0.45875	0.25606	0.01088	0.01585	0.11767	0.01167	0.03974	0.01118	0.01362	0.00779	0.00901	0.00644	0.00457	0.00388	0.00126	0.00641	0.00310	0.00227	0.00667
14	0.00912	0.00851	0.01405	0.54672	0.09878	0.00982	0.03939	0.01208	0.01057	0.01371	0.06198	0.03761	0.10455	0.00639	0.00521	0.00165	0.00580	0.00572	0.00280	0.00555
15	0.01096	0.09319	0.64015	0.01449	0.06481	0.01253	0.01684	0.06199	0.01132	0.01642	0.00898	0.01050	0.00654	0.00475	0.00463	0.00152	0.00699	0.00369	0.00230	0.00738
16	0.01176	0.01345	0.02941	0.02101	0.02605	0.01261	0.77563	0.01597	0.01176	0.01597	0.01008	0.01345	0.00756	0.00420	0.00588	0.00168	0.00840	0.00588	0.00252	0.00672
17	0.00941	0.00886	0.01495	0.81285	0.03433	0.01107	0.01384	0.01274	0.00997	0.01274	0.00886	0.01329	0.00664	0.00498	0.00498	0.00166	0.00664	0.00443	0.00221	0.00554
18	0.01756	0.04685	0.01393	0.01132	0.06100	0.02238	0.05224	0.21026	0.02607	0.35006	0.04727	0.09048	0.01381	0.00685	0.00512	0.00156	0.00481	0.00578	0.00501	0.00764
19	0.01178	0.45526	0.38514	0.01117	0.01687	0.01594	0.01312	0.01532	0.01031	0.01361	0.00787	0.00917	0.00636	0.00448	0.00391	0.00130	0.00628	0.00314	0.00212	0.00685
20	0.00725	0.00483	0.00544	0.00544	0.00544	0.00483	0.00302	0.00725	0.00725	0.00966	0.01571	0.03262	0.01812	0.82483	0.02537	0.00483	0.00483	0.00725	0.00302	0.00302
21	0.00689	0.00497	0.00623	0.00637	0.00746	0.00451	0.00468	0.00858	0.01213	0.03268	0.36874	0.25937	0.20331	0.01230	0.00604	0.00175	0.00267	0.04180	0.00504	0.00449
22	0.01286	0.01421	0.11792	0.02586	0.56670	0.05692	0.06121	0.01611	0.01157	0.05479	0.00978	0.01221	0.00781	0.00459	0.00495	0.00150	0.00635	0.00439	0.00261	0.00767
23	0.00626	0.00451	0.00605	0.03213	0.00796	0.00432	0.00481	0.00714	0.00940	0.01252	0.02609	0.74235	0.03113	0.07052	0.00762	0.00220	0.00314	0.01339	0.00444	0.00403
24	0.48855	0.02429	0.00941	0.02272	0.03430	0.00984	0.00645	0.03015	0.01079	0.22313	0.06731	0.01307	0.01055	0.00623	0.02302	0.00169	0.00424	0.00394	0.00403	0.00628
25	0.45899	0.03354	0.02569	0.01195	0.15112	0.03538	0.00820	0.11558	0.01161	0.06615	0.00912	0.01028	0.00696	0.00491	0.00386	0.00149	0.00467	0.00347	0.03057	0.00648
26	0.07651	0.06072	0.04170	0.06637	0.06790	0.01120	0.00884	0.15871	0.07554	0.07167	0.01076	0.01182	0.00825	0.00506	0.00489	0.00131	0.04406	0.00386	0.00353	0.26730

[dist]
# distance from previous block
# <min> <max>
0	9

[block]
# block no. 3 follows, 50 sequences, length 84
# corresponding to MSA columns:
# 425-467,471-473,476-513
name=unknown_D
#
# <colnr> <probs for GDERKNQSTAVLIFYWHMCP>
#	G	D	E	R	K	N	Q	S	T	A	V	L	I	F	Y	W	H	M	C	P
0	0.14785	0.01348	0.13770	0.16011	0.03773	0.02406	0.24890	0.04335	0.01076	0.01647	0.00954	0.04120	0.00772	0.00538	0.00591	0.00168	0.07445	0.00482	0.00263	0.00626
1	0.02316	0.00577	0.00703	0.00645	0.00811	0.00533	0.00491	0.01132	0.04837	0.10047	0.48851	0.03603	0.20329	0.02187	0.00599	0.00164	0.00272	0.00863	0.00528	0.00513
2	0.01249	0.37141	0.30536	0.01092	0.01616	0.09055	0.01199	0.01565	0.01074	0.02601	0.00811	0.00937	0.00655	0.00450	0.00396	0.00125	0.00626	0.00315	0.00230	0.08328
3	0.00922	0.00637	0.00823	0.00833	0.06241	0.00608	0.00585	0.06435	0.01401	0.06659	0.49371	0.03302	0.11249	0.00934	0.00558	0.00156	0.00301	0.02858	0.05592	0.00536
4	0.01091	0.01091	0.01527	0.01309	0.01309	0.01527	0.01091	0.01200	0.00763	0.01200	0.00654	0.01091	0.00654	0.00872	0.01636	0.00218	0.81570	0.00436	0.00218	0.00545
5	0.05402	0.00863	0.01147	0.00883	0.01266	0.00763	0.00729	0.03812	0.01422	0.75341	0.01904	0.01654	0.01200	0.00611	0.00494	0.00154	0.00425	0.00492	0.00603	0.00837
6	0.00683	0.00496	0.00644	0.00634	0.00738	0.00457	0.00465	0.00887	0.01318	0.01841	0.62323	0.17854	0.07541	0.01127	0.00597	0.00165	0.00246	0.01000	0.00530	0.00457
7	0.00836	0.00547	0.00701	0.00647	0.00773	0.00511	0.00479	0.02444	0.01334	0.07197	0.60977	0.03502	0.03983	0.11868	0.00842	0.00201	0.00290	0.01869	0.00518	0.00481
8	0.00607	0.00434	0.00578	0.00694	0.00723	0.00405	0.00463	0.00694	0.00954	0.01272	0.02747	0.82157	0.03297	0.01562	0.00636	0.00202	0.00289	0.01417	0.00463	0.00405
9	0.01420	0.58701	0.08734	0.00993	0.01409	0.18951	0.00958	0.01608	0.01103	0.01216	0.00726	0.00842	0.00639	0.00449	0.00361	0.00116	0.00629	0.00287	0.00222	0.00634
10	0.00606	0.00439	0.00573	0.00681	0.00719	0.00406	0.00457	0.00696	0.00967	0.01278	0.02908	0.76745	0.08605	0.01541	0.00633	0.00200	0.00287	0.01391	0.00463	0.00406
11	0.01065	0.00904	0.01050	0.00753	0.01194	0.00696	0.00603	0.04008	0.01081	0.01679	0.00897	0.01039	0.00742	0.00377	0.00374	0.00077	0.00376	0.00301	0.00303	0.82480
12	0.01840	0.00785	0.01036	0.00830	0.01139	0.00707	0.00663	0.02095	0.06039	0.57772	0.11991	0.02112	0.01756	0.08056	0.00697	0.00185	0.00403	0.00577	0.00573	0.00746
13	0.06364	0.01199	0.02082	0.10130	0.41661	0.01221	0.20544	0.07653	0.01212	0.01744	0.00957	0.01242	0.00759	0.00457	0.00507	0.00155	0.00646	0.00470	0.00270	0.00727
14	0.00700	0.00648	0.06183	0.00735	0.00862	0.00528	0.00577	0.00946	0.05784	0.01556	0.24689	0.45045	0.07327	0.01260	0.00601	0.00182	0.00309	0.01125	0.00473	0.00471
15	0.00927	0.00486	0.00502	0.00492	0.00614	0.00485	0.00371	0.02586	0.01103	0.01895	0.08606	0.02014	0.01578	0.00621	0.00373	0.00120	0.00239	0.00504	0.76011	0.00472
16	0.00600	0.00505	0.00519	0.00516	0.00680	0.00425	0.00387	0.00736	0.01161	0.01405	0.11729	0.04700	0.72455	0.01240	0.00589	0.00167	0.00251	0.01038	0.00471	0.00425
17	0.01696	0.01343	0.01718	0.01411	0.07128	0.01445	0.12473	0.54473	0.07715	0.03661	0.01221	0.01277	0.00885	0.00567	0.00512	0.00154	0.00582	0.00479	0.00446	0.00813
18	0.00941	0.00886	0.01495	0.81285	0.03433	0.01107	0.01384	0.01274	0.00997	0.01274	0.00886	0.01329	0.00664	0.00498	0.00498	0.00166	0.00664	0.00443	0.00221	0.00554
19	0.01928	0.01149	0.01311	0.01013	0.01389	0.01197	0.00834	0.47232	0.01949	0.28452	0.01591	0.01503	0.03472	0.00625	0.00496	0.00150	0.00485	0.00486	0.03917	0.00819
20	0.01028	0.00665	0.00832	0.00738	0.00922	0.00644	0.00579	0.11073	0.01514	0.10437	0.54972	0.03309	0.04859	0.00947	0.00573	0.00160	0.00310	0.05339	0.00543	0.00558
21	0.01449	0.01485	0.09314	0.02154	0.41155	0.13330	0.01322	0.08626	0.01284	0.08716	0.01007	0.01195	0.00789	0.00513	0.00554	0.00151	0.05485	0.00423	0.00299	0.00748
22	0.00941	0.00886	0.01495	0.81285	0.03433	0.01107	0.01384	0.01274	0.00997	0.01274	0.00886	0.01329	0.00664	0.00498	0.00498	0.00166	0.00664	0.00443	0.00221	0.00554
23	0.01173	0.00975	0.01106	0.02356	0.05246	0.01085	0.00777	0.09516	0.47821	0.02123	0.18874	0.02202	0.03097	0.00737	0.00524	0.00163	0.00387	0.00625	0.00497	0.00716
24	0.58422	0.01093	0.06030	0.00793	0.01146	0.01107	0.00695	0.08026	0.04008	0.13182	0.00979	0.01023	0.00706	0.00505	0.00370	0.00155	0.00428	0.00335	0.00369	0.00631
25	0.01100	0.04184	0.01568	0.01291	0.01308	0.01544	0.01082	0.01211	0.00773	0.01199	0.00656	0.01079	0.00654	0.00856	0.01586	0.00214	0.78502	0.00430	0.00218	0.00549
26	0.01006	0.04132	0.78403	0.01410	0.02140	0.01173	0.01822	0.01577	0.01052	0.01571	0.00891	0.01047	0.00632	0.00473	0.00471	0.00157	0.00733	0.00366	0.00211	0.00735
27	0.82788	0.00969	0.00763	0.00680	0.00977	0.01134	0.00561	0.01455	0.00845	0.02197	0.00693	0.00820	0.00544	0.00478	0.00359	0.00157	0.03460	0.00276	0.00305	0.00540
28	0.27179	0.01880	0.01228	0.01140	0.03587	0.51336	0.00851	0.04687	0.01270	0.01610	0.00768	0.00893	0.00623	0.00500	0.00410	0.00138	0.00722	0.00314	0.00281	0.00583
29	0.00618	0.00442	0.00588	0.00686	0.00725	0.00412	0.00464	0.00722	0.01006	0.01355	0.11404	0.73265	0.03456	0.01500	0.00631	0.00197	0.00283	0.01359	0.00472	0.00412
30	0.01199	0.07259	0.14279	0.01781	0.02267	0.06039	0.49898	0.02912	0.01155	0.01542	0.00954	0.01240	0.00733	0.00544	0.02728	0.00178	0.03872	0.00507	0.00247	0.00666
31	0.80985	0.00957	0.00758	0.00669	0.00982	0.01095	0.00551	0.01523	0.00883	0.06878	0.00770	0.00863	0.00581	0.00472	0.00320	0.00154	0.00388	0.00284	0.00327	0.00558
32	0.65154	0.00985	0.00900	0.00855	0.05762	0.01100	0.00644	0.06876	0.01037	0.09244	0.02964	0.01021	0.00751	0.00500	0.00358	0.00154	0.00409	0.00331	0.00352	0.00602
33	0.01198	0.01194	0.01666	0.16556	0.43881	0.11378	0.01321	0.01469	0.01148	0.01491	0.01162	0.01865	0.01060	0.00603	0.00518	0.00161	0.00625	0.11759	0.00275	0.00670
34	0.02144	0.00828	0.01127	0.00871	0.01241	0.00717	0.00717	0.02339	0.01426	0.75025	0.06625	0.01819	0.01443	0.00641	0.00506	0.00154	0.00413	0.00525	0.00613	0.00825
35	0.07163	0.01044	0.08253	0.00937	0.01350	0.00843	0.00834	0.06804	0.01413	0.63404	0.01747	0.01555	0.01114	0.00594	0.00487	0.00154	0.00457	0.00472	0.00555	0.00820
36	0.15372	0.00850	0.01133	0.00915	0.01252	0.00794	0.05297	0.02006	0.01269	0.51345	0.01808	0.06039	0.01352	0.00699	0.00500	0.00165	0.00439	0.07512	0.00523	0.00729
37	0.00680	0.00509	0.00631	0.00600	0.00729	0.00459	0.00450	0.00891	0.01350	0.01855	0.62813	0.03960	0.21091	0.01073	0.00588	0.00159	0.00239	0.00935	0.00530	0.00459
38	0.00788	0.00532	0.00667	0.00620	0.00767	0.00478	0.00469	0.00997	0.01354	0.07299	0.58124	0.03807	0.20135	0.01042	0.00582	0.00159	0.00252	0.00905	0.00535	0.00486
39	0.01650	0.02043	0.01454	0.08507	0.01719	0.62936	0.05592	0.01811	0.01329	0.01251	0.00934	0.06650	0.00837	0.00580	0.00475	0.00139	0.00832	0.00425	0.00268	0.00569
40	0.00992	0.00944	0.01614	0.67284	0.14938	0.01123	0.03452	0.01321	0.01022	0.01336	0.00897	0.01315	0.00686	0.00488	0.00500	0.00163	0.00658	0.00447	0.00226	0.00593
41	0.00782	0.00553	0.00750	0.00838	0.00933	0.00551	0.00698	0.00973	0.01093	0.01435	0.07051	0.06181	0.02815	0.14347	0.00978	0.00265	0.00447	0.58436	0.00439	0.00434
42	0.00825	0.00497	0.00645	0.00693	0.00779	0.00454	0.00481	0.00924	0.01019	0.11487	0.02783	0.59965	0.09782	0.06259	0.00728	0.00210	0.00315	0.01223	0.00473	0.00458
43	0.01117	0.01192	0.02370	0.21074	0.10076	0.01217	0.45314	0.01480	0.01101	0.01499	0.00948	0.01306	0.00731	0.00467	0.00615	0.00166	0.05637	0.00523	0.00243	0.02926
44	0.07738	0.01288	0.01647	0.02057	0.40144	0.07956	0.01190	0.17893	0.08355	0.01985	0.01062	0.01234	0.00844	0.00582	0.02151	0.00164	0.02194	0.00434	0.00329	0.00753
45	0.01151	0.01090	0.01843	0.13024	0.63175	0.01115	0.01425	0.01444	0.01130	0.01598	0.05689	0.03029	0.01060	0.00508	0.00503	0.00152	0.00574	0.00491	0.00266	0.00732
46	0.00981	0.03919	0.64787	0.06139	0.02101	0.01113	0.03427	0.01502	0.01083	0.01590	0.07839	0.01308	0.00998	0.00521	0.00485	0.00157	0.00686	0.00423	0.00242	0.00699
47	0.00797	0.00584	0.00729	0.00763	0.00878	0.00564	0.00553	0.02783	0.09084	0.03278	0.04015	0.53828	0.02768	0.02355	0.00623	0.00191	0.00333	0.07900	0.00457	0.07517
48	0.01034	0.00886	0.01034	0.00738	0.01181	0.00664	0.00591	0.01255	0.01034	0.01624	0.00886	0.01034	0.00738	0.00369	0.00369	0.00074	0.00369	0.00295	0.00295	0.85530
49	0.01367	0.01132	0.01674	0.02173	0.45688	0.02151	0.02053	0.18249	0.01400	0.06627	0.01285	0.11537	0.01146	0.00631	0.00514	0.00156	0.00541	0.00572	0.00352	0.00753
50	0.00613	0.00440	0.00582	0.00685	0.00723	0.00409	0.00461	0.00710	0.00987	0.01320	0.07622	0.75434	0.05122	0.01520	0.00632	0.00199	0.00285	0.01376	0.00468	0.00409
51	0.02520	0.01602	0.11536	0.01139	0.01495	0.17992	0.00988	0.29416	0.16583	0.02148	0.01362	0.08540	0.01124	0.00665	0.00497	0.00155	0.00592	0.00519	0.00406	0.00721
52	0.01003	0.02556	0.78525	0.01433	0.02165	0.01159	0.03195	0.01579	0.01055	0.01579	0.00897	0.01058	0.00634	0.00473	0.00476	0.00158	0.00739	0.00372	0.00211	0.00735
53	0.86003	0.00964	0.00733	0.00655	0.00964	0.01118	0.00540	0.01465	0.00848	0.02236	0.00694	0.00810	0.00540	0.00463	0.00308	0.00154	0.00386	0.00270	0.00308	0.00540
54	0.00724	0.00487	0.00565	0.00565	0.00572	0.00495	0.00328	0.00738	0.00731	0.00982	0.01551	0.03155	0.01766	0.76030	0.08927	0.00509	0.00553	0.00709	0.00299	0.00314
55	0.02724	0.03073	0.01304	0.01031	0.01348	0.07259	0.00827	0.41941	0.13076	0.07140	0.06786	0.01612	0.01282	0.06538	0.00657	0.00176	0.01516	0.00504	0.00466	0.00741
56	0.01027	0.00932	0.01495	0.74057	0.03263	0.01147	0.01345	0.08167	0.01118	0.01442	0.00914	0.01317	0.00681	0.00507	0.00498	0.00165	0.00654	0.00443	0.00246	0.00580
57	0.00608	0.00506	0.00531	0.00525	0.00685	0.00429	0.00393	0.00751	0.01180	0.01451	0.16910	0.04625	0.67245	0.01223	0.00589	0.00166	0.00250	0.01028	0.00477	0.00429
58	0.01117	0.00947	0.01088	0.08229	0.01428	0.01085	0.00839	0.02179	0.55261	0.01883	0.02056	0.04089	0.01735	0.00811	0.00543	0.00181	0.00429	0.14931	0.00471	0.00697
59	0.00768	0.00531	0.00637	0.00623	0.00684	0.00533	0.00414	0.04385	0.00995	0.01372	0.18718	0.10080	0.03834	0.42871	0.08526	0.00382	0.00477	0.00793	0.02984	0.00393
60	0.00929	0.00465	0.00465	0.00465	0.00581	0.00465	0.00348	0.01161	0.01045	0.01858	0.01626	0.01858	0.01278	0.00581	0.00348	0.00116	0.00232	0.00465	0.85250	0.00465
61	0.01104	0.01189	0.04104	0.18502	0.13345	0.05219	0.29295	0.01453	0.02870	0.01455	0.01024	0.02592	0.00836	0.00840	0.09021	0.00231	0.04587	0.00514	0.00254	0.01566
62	0.01568	0.17662	0.01565	0.01106	0.01414	0.34889	0.00886	0.07491	0.25304	0.01616	0.01176	0.01199	0.00929	0.00553	0.00445	0.00138	0.00646	0.00395	0.00343	0.00675
63	0.01198	0.46328	0.35443	0.01130	0.02690	0.02862	0.01284	0.01537	0.01038	0.01352	0.00783	0.00914	0.00638	0.00448	0.00390	0.00129	0.00626	0.00313	0.00213	0.00682
64	0.12012	0.04824	0.02791	0.03563	0.08456	0.15463	0.00898	0.12237	0.06262	0.13621	0.01275	0.01588	0.01024	0.00601	0.00467	0.00149	0.00553	0.07213	0.00383	0.06622
65	0.01299	0.69008	0.13784	0.00947	0.01414	0.03951	0.00999	0.01518	0.01029	0.01233	0.00724	0.00839	0.00639	0.00436	0.00346	0.00115	0.00572	0.00283	0.00214	0.00652
66	0.00775	0.00529	0.00664	0.00619	0.00762	0.00476	0.00468	0.00986	0.01358	0.06564	0.59855	0.03812	0.19170	0.01043	0.00583	0.00159	0.00250	0.00907	0.00536	0.00483
67	0.04372	0.09232	0.21724	0.01962	0.21314	0.02278	0.27368	0.01550	0.01107	0.01574	0.00948	0.02586	0.00757	0.00463	0.00499	0.00154	0.00698	0.00467	0.00243	0.00703
68	0.03753	0.08342	0.09634	0.01444	0.14497	0.19403	0.02609	0.07058	0.10696	0.15945	0.01208	0.01252	0.00894	0.00532	0.00467	0.00145	0.00615	0.00417	0.00360	0.00729
69	0.01986	0.00787	0.01047	0.00822	0.01166	0.00684	0.00673	0.02178	0.01377	0.66514	0.03971	0.01973	0.06772	0.00669	0.00498	0.00152	0.00393	0.00546	0.07010	0.00780
70	0.00720	0.00549	0.00646	0.00629	0.00755	0.00518	0.00462	0.02211	0.05850	0.01661	0.36252	0.10806	0.24611	0.09444	0.00788	0.00200	0.00290	0.02662	0.00487	0.00459
71	0.03674	0.22773	0.06318	0.02205	0.06450	0.31456	0.00933	0.03206	0.02588	0.01428	0.05605	0.01197	0.00974	0.00609	0.02570	0.00147	0.00666	0.00376	0.06217	0.00607
72	0.01135	0.01092	0.12813	0.00984	0.01283	0.00930	0.00886	0.01889	0.33270	0.09863	0.07448	0.09592	0.03054	0.00861	0.00548	0.00178	0.00437	0.12599	0.00465	0.00673
73	0.00712	0.00534	0.00801	0.00801	0.00890	0.00623	0.00623	0.00890	0.00801	0.01157	0.01335	0.01958	0.01246	0.03738	0.80507	0.00801	0.01335	0.00534	0.00267	0.00445
74	0.07827	0.01267	0.01403	0.12440	0.10082	0.09924	0.02137	0.26230	0.11977	0.07189	0.01215	0.01304	0.00899	0.00557	0.00476	0.00152	0.00561	0.00442	0.03194	0.00725
75	0.09922	0.01083	0.01322	0.02591	0.07164	0.05293	0.06195	0.16794	0.08431	0.22231	0.08003	0.03251	0.01399	0.00649	0.00502	0.00158	0.00496	0.03334	0.00460	0.00721
76	0.00608	0.00442	0.00573	0.00676	0.00719	0.00408	0.00455	0.00701	0.00979	0.01293	0.04396	0.73700	0.10166	0.01524	0.00631	0.00198	0.00285	0.01374	0.00464	0.00408
77	0.68484	0.07376	0.00976	0.00737	0.01064	0.02636	0.00617	0.10064	0.01039	0.02238	0.00752	0.00854	0.00584	0.00476	0.00333	0.00150	0.00424	0.00291	0.00322	0.00583
78	0.01128	0.00903	0.01057	0.00836	0.01158	0.00840	0.00656	0.09569	0.08123	0.04179	0.01251	0.08430	0.01130	0.06315	0.00666	0.00143	0.06261	0.00481	0.00356	0.46517
79	0.08900	0.00930	0.01074	0.02057	0.02253	0.01005	0.02086	0.31713	0.01494	0.02095	0.01666	0.17908	0.03345	0.05591	0.00768	0.06161	0.01885	0.08052	0.00422	0.00596
80	0.10342	0.54081	0.04420	0.01036	0.05978	0.04924	0.00908	0.06118	0.01095	0.02528	0.00763	0.00887	0.00659	0.00469	0.00409	0.00125	0.04055	0.00304	0.00250	0.00650
81	0.01368	0.01206	0.01327	0.01338	0.12406	0.08357	0.00932	0.19841	0.27062	0.02043	0.01594	0.06466	0.03110	0.00710	0.00589	0.00164	0.06173	0.02784	0.01809	0.00720
82	0.00754	0.00471	0.00631	0.00711	0.00773	0.00434	0.00487	0.00851	0.00997	0.08347	0.02677	0.74901	0.03111	0.01476	0.00624	0.00198	0.00301	0.01334	0.00477	0.00445
83	0.06233	0.03571	0.01134	0.00818	0.01199	0.00861	0.00666	0.05842	0.01091	0.05077	0.00951	0.02729	0.00796	0.00471	0.00497	0.00103	0.07710	0.00347	0.00316	0.59587

[dist]
# distance from previous block
# <min> <max>
0	4

[block]
# block no. 4 follows, 50 sequences, length 8
# corresponding to MSA columns:
# 518-525
name=unknown_E
#
# <colnr> <probs for GDERKNQSTAVLIFYWHMCP>
#	G	D	E	R	K	N	Q	S	T	A	V	L	I	F	Y	W	H	M	C	P
0	0.01458	0.01217	0.01496	0.01183	0.01499	0.06948	0.10390	0.24441	0.08014	0.07854	0.01248	0.06367	0.01020	0.00646	0.00660	0.00155	0.12083	0.00509	0.00390	0.12421
1	0.86003	0.00964	0.00733	0.00655	0.00964	0.01118	0.00540	0.01465	0.00848	0.02236	0.00694	0.00810	0.00540	0.00463	0.00308	0.00154	0.00386	0.00270	0.00308	0.00540
2	0.00900	0.00632	0.00748	0.03966	0.00923	0.00615	0.00520	0.06726	0.02847	0.01776	0.21738	0.07169	0.06580	0.08027	0.03471	0.00191	0.00360	0.00670	0.21073	0.11066
3	0.00725	0.00483	0.00544	0.00544	0.00544	0.00483	0.00302	0.00725	0.00725	0.00966	0.01571	0.03262	0.01812	0.82483	0.02537	0.00483	0.00483	0.00725	0.00302	0.00302
4	0.68372	0.07945	0.00987	0.00733	0.01063	0.01244	0.00617	0.10952	0.01048	0.02259	0.00756	0.00857	0.00587	0.00477	0.00333	0.00150	0.00418	0.00292	0.00324	0.00587
5	0.01211	0.11394	0.05774	0.08425	0.04567	0.01251	0.41503	0.01547	0.01119	0.06432	0.01034	0.03258	0.00818	0.00487	0.00565	0.00156	0.04032	0.00514	0.00272	0.05642
6	0.11864	0.01279	0.01600	0.06131	0.42037	0.12359	0.01190	0.06400	0.04394	0.01764	0.05529	0.01308	0.00995	0.00512	0.00471	0.00148	0.00582	0.00437	0.00299	0.00702
7	0.01663	0.03695	0.01432	0.01378	0.12862	0.28372	0.00955	0.17420	0.06185	0.11562	0.08449	0.01428	0.01213	0.00588	0.00485	0.00143	0.00621	0.00455	0.00391	0.00702

[dist]
# distance from previous block
# <min> <max>
9	13

[block]
# block no. 5 follows, 50 sequences, length 8
# corresponding to MSA columns:
# 542-549
name=unknown_F
#
# <colnr> <probs for GDERKNQSTAVLIFYWHMCP>
#	G	D	E	R	K	N	Q	S	T	A	V	L	I	F	Y	W	H	M	C	P
0	0.00702	0.00489	0.00550	0.00546	0.00584	0.00472	0.00331	0.00745	0.00856	0.01127	0.09782	0.03544	0.14022	0.61900	0.02044	0.00402	0.00423	0.00793	0.00351	0.00337
1	0.00764	0.00735	0.07712	0.00798	0.00928	0.00618	0.00629	0.01092	0.12889	0.01394	0.02312	0.48899	0.02572	0.11983	0.00855	0.00231	0.00378	0.04302	0.00426	0.00482
2	0.08945	0.01196	0.01831	0.02316	0.48379	0.05595	0.08813	0.01695	0.01174	0.13692	0.01072	0.01259	0.00824	0.00474	0.00485	0.00150	0.00590	0.00445	0.00310	0.00753
3	0.01163	0.01183	0.01759	0.10068	0.45283	0.08915	0.08034	0.01431	0.01153	0.01507	0.01556	0.01769	0.12841	0.00580	0.00513	0.00153	0.00599	0.00538	0.00279	0.00678
4	0.03260	0.13445	0.01325	0.01099	0.11715	0.00958	0.02119	0.01486	0.09689	0.09577	0.21232	0.05423	0.05341	0.00704	0.00486	0.00142	0.00399	0.00599	0.00410	0.10591
5	0.07597	0.43718	0.18710	0.01030	0.01470	0.04840	0.01065	0.05443	0.03336	0.01470	0.00801	0.00931	0.00668	0.00492	0.00469	0.00134	0.06601	0.00321	0.00245	0.00658
6	0.07614	0.03007	0.07098	0.13411	0.03985	0.09761	0.00945	0.12422	0.06217	0.12234	0.07633	0.01506	0.02638	0.00578	0.00471	0.00145	0.00533	0.00459	0.00380	0.08964
7	0.06159	0.03607	0.01414	0.01095	0.01435	0.13327	0.10087	0.19768	0.07151	0.01926	0.01215	0.08499	0.01059	0.03130	0.00536	0.00149	0.00555	0.00503	0.00362	0.18023

[dist]
# distance from previous block
# <min> <max>
4	168

[block]
# block no. 6 follows, 50 sequences, length 42
# corresponding to MSA columns:
# 719-733,739-765
name=unknown_G
#
# <colnr> <probs for GDERKNQSTAVLIFYWHMCP>
#	G	D	E	R	K	N	Q	S	T	A	V	L	I	F	Y	W	H	M	C	P
0	0.01536	0.07444	0.01569	0.01165	0.03317	0.01296	0.09566	0.40661	0.02952	0.06405	0.02421	0.03105	0.02032	0.04406	0.03899	0.00192	0.02091	0.00505	0.04715	0.00723
1	0.01267	0.14864	0.07432	0.01057	0.02731	0.06244	0.05951	0.11063	0.02308	0.08762	0.04371	0.17198	0.01456	0.01963	0.00623	0.02188	0.05177	0.00626	0.01700	0.03018
2	0.01318	0.28525	0.13170	0.01093	0.05790	0.06766	0.00977	0.11989	0.03203	0.04870	0.05147	0.02866	0.05823	0.00576	0.00437	0.00133	0.00538	0.00440	0.00323	0.06016
3	0.11600	0.29716	0.06500	0.00936	0.01310	0.12084	0.00849	0.11711	0.01291	0.10062	0.03700	0.01328	0.05870	0.00561	0.00414	0.00135	0.00540	0.00400	0.00338	0.00656
4	0.01154	0.00720	0.00846	0.00732	0.00951	0.00698	0.00566	0.09895	0.07802	0.15207	0.24187	0.04788	0.14235	0.06014	0.00656	0.00174	0.00340	0.00725	0.06558	0.03753
5	0.01116	0.00951	0.01128	0.11748	0.01480	0.04457	0.00753	0.05556	0.01092	0.03895	0.00983	0.01254	0.00820	0.04021	0.04126	0.00155	0.05353	0.00372	0.02408	0.48333
6	0.01239	0.01063	0.01143	0.04354	0.01381	0.01228	0.00811	0.05636	0.70306	0.02078	0.02017	0.01879	0.03269	0.00679	0.00508	0.00168	0.00409	0.00565	0.00494	0.00773
7	0.00607	0.00434	0.00578	0.00694	0.00723	0.00405	0.00463	0.00694	0.00954	0.01272	0.02747	0.82157	0.03297	0.01562	0.00636	0.00202	0.00289	0.01417	0.00463	0.00405
8	0.02168	0.00833	0.01135	0.00875	0.01249	0.00721	0.00721	0.02363	0.01426	0.76268	0.05392	0.01787	0.01388	0.00635	0.00505	0.00154	0.00416	0.00519	0.00614	0.00831
9	0.00725	0.00483	0.00544	0.00544	0.00544	0.00483	0.00302	0.00725	0.00725	0.00966	0.01571	0.03262	0.01812	0.82483	0.02537	0.00483	0.00483	0.00725	0.00302	0.00302
10	0.01034	0.00886	0.01034	0.00738	0.01181	0.00664	0.00591	0.01255	0.01034	0.01624	0.00886	0.01034	0.00738	0.00369	0.00369	0.00074	0.00369	0.00295	0.00295	0.85530
11	0.01895	0.01396	0.01496	0.01147	0.01546	0.01546	0.00947	0.77711	0.02344	0.03141	0.01197	0.01197	0.00848	0.00598	0.00499	0.00150	0.00548	0.00449	0.00499	0.00848
12	0.00590	0.00503	0.00507	0.00510	0.00675	0.00420	0.00381	0.00715	0.01131	0.01344	0.04985	0.06963	0.77047	0.01271	0.00590	0.00169	0.00253	0.01062	0.00463	0.00420
13	0.01895	0.01396	0.01496	0.01147	0.01546	0.01546	0.00947	0.77711	0.02344	0.03141	0.01197	0.01197	0.00848	0.00598	0.00499	0.00150	0.00548	0.00449	0.00499	0.00848
14	0.01240	0.01071	0.01127	0.01014	0.01296	0.01240	0.00789	0.02649	0.78473	0.02085	0.02029	0.01860	0.01522	0.00676	0.00507	0.00169	0.00394	0.00564	0.00507	0.00789
15	0.02089	0.01009	0.01249	0.00961	0.01343	0.00978	0.00792	0.25765	0.01711	0.53840	0.03813	0.01596	0.01208	0.00622	0.00503	0.00153	0.00458	0.00496	0.00578	0.00838
16	0.01333	0.82783	0.02612	0.00853	0.01279	0.01972	0.00853	0.01493	0.01013	0.01173	0.00693	0.00800	0.00640	0.00426	0.00320	0.00107	0.00533	0.00267	0.00213	0.00640
17	0.00725	0.00483	0.00544	0.00544	0.00544	0.00483	0.00302	0.00725	0.00725	0.00966	0.01571	0.03262	0.01812	0.82483	0.02537	0.00483	0.00483	0.00725	0.00302	0.00302
18	0.01151	0.01273	0.02662	0.04397	0.06453	0.01242	0.62754	0.01532	0.01139	0.01556	0.01044	0.01499	0.00836	0.00496	0.00659	0.00173	0.06512	0.03710	0.00257	0.00657
19	0.00725	0.00483	0.00544	0.00544	0.00544	0.00483	0.00302	0.00725	0.00725	0.00966	0.01571	0.03262	0.01812	0.82483	0.02537	0.00483	0.00483	0.00725	0.00302	0.00302
20	0.01560	0.46204	0.02074	0.01042	0.01394	0.32003	0.00905	0.05629	0.01230	0.01293	0.00748	0.00864	0.00652	0.00477	0.00404	0.00119	0.02233	0.00300	0.00245	0.00625
21	0.00843	0.00766	0.00967	0.01001	0.04433	0.04565	0.00724	0.00955	0.00947	0.01276	0.02146	0.41572	0.09024	0.01224	0.00919	0.00199	0.24829	0.02766	0.00370	0.00475
22	0.06570	0.21979	0.50096	0.01200	0.01791	0.03554	0.01436	0.01530	0.01028	0.01492	0.00849	0.01012	0.00656	0.00612	0.04078	0.00174	0.00696	0.00343	0.00221	0.00682
23	0.01186	0.01141	0.01878	0.14938	0.62692	0.02997	0.01464	0.01481	0.01121	0.01559	0.00995	0.01420	0.00852	0.00492	0.00501	0.00154	0.00605	0.03538	0.00252	0.00735
24	0.02236	0.00848	0.01157	0.00887	0.01272	0.00733	0.00733	0.02429	0.01427	0.79719	0.01966	0.01697	0.01234	0.00617	0.00501	0.00154	0.00424	0.00501	0.00617	0.00848
25	0.01967	0.01280	0.01424	0.01092	0.01488	0.01374	0.00902	0.61800	0.02150	0.19326	0.01359	0.01302	0.00929	0.00602	0.00499	0.00151	0.00522	0.00460	0.00524	0.00848
26	0.05093	0.66573	0.07174	0.00907	0.01333	0.05654	0.00902	0.01574	0.04564	0.01289	0.00770	0.00869	0.00675	0.00447	0.00344	0.00116	0.00550	0.00289	0.00233	0.00645
27	0.00610	0.00506	0.00534	0.00527	0.00686	0.00430	0.00395	0.00756	0.01185	0.01463	0.18323	0.04605	0.65824	0.01219	0.00589	0.00166	0.00249	0.01025	0.00478	0.00430
28	0.00590	0.00502	0.00508	0.00514	0.00676	0.00420	0.00383	0.00714	0.01128	0.01343	0.04944	0.08329	0.75707	0.01276	0.00591	0.00170	0.00254	0.01069	0.00463	0.00420
29	0.00689	0.00505	0.00646	0.00619	0.00737	0.00462	0.00461	0.00905	0.01359	0.01896	0.67755	0.08352	0.11607	0.01073	0.00591	0.00160	0.00240	0.00945	0.00536	0.00462
30	0.03382	0.21492	0.57880	0.01299	0.03487	0.01350	0.01566	0.01554	0.01039	0.01501	0.00842	0.00990	0.00634	0.00462	0.00433	0.00145	0.00676	0.00343	0.00215	0.00709
31	0.01389	0.01298	0.10057	0.01949	0.34202	0.01185	0.03589	0.09931	0.18810	0.10495	0.01323	0.01407	0.00993	0.00534	0.00499	0.00155	0.00547	0.00474	0.00369	0.00793
32	0.00996	0.00574	0.00757	0.00674	0.00844	0.00519	0.00518	0.01221	0.01408	0.16891	0.62589	0.03360	0.05772	0.00948	0.00571	0.00157	0.00272	0.00828	0.00560	0.00542
33	0.03783	0.01690	0.33786	0.01229	0.03546	0.01122	0.03597	0.18056	0.04662	0.15204	0.05783	0.01432	0.01084	0.02156	0.00531	0.00162	0.00585	0.00460	0.00380	0.00751
34	0.03178	0.12714	0.49027	0.01395	0.09341	0.01189	0.01475	0.01587	0.01082	0.08393	0.01117	0.03676	0.02646	0.00529	0.00461	0.00151	0.00635	0.00420	0.00266	0.00716
35	0.00720	0.00492	0.00586	0.00585	0.00606	0.00504	0.00358	0.00756	0.00762	0.01029	0.03447	0.03100	0.03394	0.66483	0.14711	0.00519	0.00607	0.00706	0.00306	0.00331
36	0.00755	0.00557	0.00715	0.00738	0.00823	0.00558	0.00541	0.05709	0.01175	0.01602	0.24073	0.41930	0.04773	0.03703	0.00715	0.00197	0.03654	0.06851	0.00474	0.00459
37	0.01405	0.12569	0.05125	0.06013	0.07321	0.23412	0.15606	0.09039	0.01294	0.01556	0.00970	0.04775	0.00824	0.00521	0.00472	0.00139	0.00691	0.00443	0.00282	0.07545
38	0.01199	0.01183	0.03758	0.09785	0.65676	0.02829	0.01464	0.01479	0.01105	0.01553	0.00925	0.01243	0.00775	0.00508	0.00557	0.03939	0.00601	0.00439	0.00243	0.00738
39	0.00938	0.00682	0.00792	0.00765	0.00896	0.04244	0.00563	0.01156	0.06456	0.09033	0.11173	0.28587	0.08024	0.09213	0.06826	0.00252	0.03849	0.02122	0.00434	0.03995
40	0.38465	0.15023	0.14199	0.08002	0.06501	0.01264	0.00962	0.01458	0.00947	0.01767	0.00767	0.00939	0.00611	0.00469	0.00410	0.00146	0.03007	0.00318	0.00261	0.04486
41	0.01803	0.02059	0.01424	0.02643	0.03396	0.59552	0.00973	0.10624	0.03526	0.04744	0.00904	0.01015	0.00718	0.00545	0.00509	0.00138	0.04135	0.00359	0.00304	0.00629

[dist]
# distance from previous block
# <min> <max>
0	2

[block]
# block no. 7 follows, 50 sequences, length 29
# corresponding to MSA columns:
# 768-796
name=unknown_H
#
# <colnr> <probs for GDERKNQSTAVLIFYWHMCP>
#	G	D	E	R	K	N	Q	S	T	A	V	L	I	F	Y	W	H	M	C	P
0	0.03718	0.00642	0.00836	0.00744	0.00958	0.00577	0.00575	0.01484	0.01271	0.33139	0.21419	0.21114	0.08230	0.00990	0.00558	0.00168	0.00333	0.02094	0.00542	0.00606
1	0.00974	0.00985	0.04493	0.67235	0.08442	0.01144	0.01391	0.01297	0.00992	0.01304	0.00873	0.01295	0.00671	0.00520	0.00578	0.00168	0.06399	0.00440	0.00223	0.00576
2	0.00607	0.00434	0.00578	0.00694	0.00723	0.00405	0.00463	0.00694	0.00954	0.01272	0.02747	0.82157	0.03297	0.01562	0.00636	0.00202	0.00289	0.01417	0.00463	0.00405
3	0.00711	0.00518	0.00674	0.00659	0.00780	0.00481	0.00510	0.00937	0.01354	0.01881	0.63084	0.04066	0.09837	0.01087	0.00602	0.00168	0.00268	0.11390	0.00530	0.00465
4	0.00616	0.00438	0.00576	0.00682	0.00709	0.00411	0.00450	0.00696	0.00937	0.01249	0.02656	0.76071	0.03182	0.07804	0.00783	0.00224	0.00304	0.01364	0.00450	0.00397
5	0.00705	0.00510	0.00666	0.00627	0.00745	0.00470	0.00470	0.00941	0.01411	0.01999	0.79110	0.03723	0.04703	0.01019	0.00588	0.00157	0.00235	0.00901	0.00549	0.00470
6	0.01333	0.82783	0.02612	0.00853	0.01279	0.01972	0.00853	0.01493	0.01013	0.01173	0.00693	0.00800	0.00640	0.00426	0.00320	0.00107	0.00533	0.00267	0.00213	0.00640
7	0.00605	0.00442	0.00570	0.00672	0.00717	0.00407	0.00453	0.00697	0.00976	0.01281	0.03020	0.72985	0.12292	0.01526	0.00631	0.00198	0.00285	0.01374	0.00463	0.00407
8	0.07492	0.05364	0.01419	0.01070	0.01438	0.01471	0.00880	0.52382	0.18696	0.02752	0.01318	0.01294	0.00962	0.00597	0.00479	0.00152	0.00503	0.00452	0.00473	0.00803
9	0.07177	0.02924	0.05284	0.07070	0.06717	0.01325	0.14366	0.06588	0.01030	0.01559	0.00821	0.01135	0.00692	0.00624	0.00946	0.00175	0.33454	0.00435	0.00257	0.07420
10	0.21762	0.01339	0.10983	0.09311	0.31679	0.05167	0.01220	0.06164	0.03680	0.01817	0.00908	0.01118	0.00717	0.00484	0.00461	0.00153	0.01679	0.00391	0.00279	0.00690
11	0.01895	0.01396	0.01496	0.01147	0.01546	0.01546	0.00947	0.77711	0.02344	0.03141	0.01197	0.01197	0.00848	0.00598	0.00499	0.00150	0.00548	0.00449	0.00499	0.00848
12	0.01260	0.14554	0.01950	0.09548	0.44916	0.07230	0.01300	0.01563	0.04647	0.01483	0.00911	0.01166	0.00767	0.00491	0.00541	0.00147	0.06156	0.00411	0.00250	0.00711
13	0.00624	0.00516	0.00553	0.00571	0.00731	0.00445	0.00447	0.00766	0.01138	0.01370	0.04662	0.04930	0.66894	0.01281	0.00605	0.00178	0.00286	0.13114	0.00462	0.00427
