[name]
unknown

[dist]
# distance from previous block
# <min> <max>
7	210

[block]
# block no. 0 follows, 45 sequences, length 8
# corresponding to MSA columns:
# 221-228
name=unknown_A
#
# <colnr> <probs for GDERKNQSTAVLIFYWHMCP>
#	G	D	E	R	K	N	Q	S	T	A	V	L	I	F	Y	W	H	M	C	P
0	0.12484	0.00935	0.03356	0.00859	0.01134	0.00924	0.00698	0.11477	0.12337	0.13202	0.11831	0.10190	0.06849	0.00844	0.00525	0.00170	0.00397	0.00694	0.10418	0.00676
1	0.05047	0.00893	0.01349	0.33288	0.02232	0.01009	0.06850	0.06686	0.04860	0.01730	0.09672	0.06873	0.01519	0.00901	0.03523	0.05718	0.00595	0.00613	0.06054	0.00586
2	0.05817	0.03773	0.01383	0.06787	0.03886	0.08346	0.00912	0.28212	0.05961	0.08245	0.04890	0.01625	0.01190	0.06296	0.00838	0.06703	0.03493	0.00508	0.00427	0.00710
3	0.01198	0.01013	0.07108	0.17876	0.01739	0.00978	0.00943	0.11587	0.05688	0.06714	0.01403	0.01858	0.01163	0.10581	0.15478	0.00333	0.00723	0.00532	0.08608	0.04477
4	0.04209	0.05055	0.01513	0.04140	0.01562	0.01405	0.04670	0.46026	0.01932	0.02680	0.01331	0.04224	0.01055	0.02432	0.03031	0.00190	0.03029	0.00523	0.10223	0.00770
5	0.09734	0.00843	0.01027	0.11003	0.01372	0.00918	0.00754	0.09514	0.03582	0.07065	0.22498	0.04191	0.12071	0.06071	0.00794	0.00200	0.06587	0.00724	0.00458	0.00594
6	0.08699	0.01065	0.01582	0.07552	0.09929	0.01273	0.08496	0.01341	0.00980	0.01530	0.01150	0.03957	0.03836	0.03423	0.04233	0.00233	0.33516	0.00538	0.02615	0.04052
7	0.06762	0.01404	0.01490	0.08283	0.01760	0.06041	0.00996	0.48399	0.05152	0.08684	0.01285	0.01321	0.00919	0.00614	0.00516	0.00159	0.00588	0.00465	0.00483	0.04680

[dist]
# distance from previous block
# <min> <max>
0	3

[block]
# block no. 1 follows, 45 sequences, length 7
# corresponding to MSA columns:
# 232-238
name=unknown_B
#
# <colnr> <probs for GDERKNQSTAVLIFYWHMCP>
#	G	D	E	R	K	N	Q	S	T	A	V	L	I	F	Y	W	H	M	C	P
0	0.17770	0.01035	0.01127	0.06879	0.01406	0.01149	0.00808	0.28506	0.03927	0.02358	0.01616	0.11172	0.03221	0.03898	0.04860	0.00226	0.00544	0.04953	0.03877	0.00668
1	0.00932	0.00808	0.00858	0.06459	0.01088	0.09832	0.00621	0.01122	0.01368	0.01803	0.48718	0.03327	0.08099	0.05409	0.00833	0.06523	0.00403	0.00823	0.00481	0.00493
2	0.00956	0.00721	0.00933	0.10654	0.01344	0.00763	0.00782	0.07589	0.06962	0.01755	0.05254	0.23464	0.07532	0.01204	0.00632	0.00203	0.00437	0.21757	0.06507	0.00553
3	0.01119	0.11220	0.42357	0.01415	0.04758	0.03369	0.08566	0.01561	0.01165	0.01616	0.01502	0.01633	0.10240	0.00596	0.00510	0.00158	0.00685	0.00494	0.00274	0.06762
4	0.01284	0.11852	0.59861	0.01386	0.02093	0.01294	0.01709	0.01803	0.01178	0.11126	0.01081	0.01187	0.00761	0.00523	0.00494	0.00163	0.00726	0.00401	0.00281	0.00796
5	0.00743	0.00799	0.10296	0.00831	0.00980	0.00594	0.00689	0.00920	0.01097	0.01490	0.11618	0.47362	0.10376	0.05800	0.00804	0.00220	0.03231	0.01203	0.00457	0.00490
6	0.03600	0.03665	0.17875	0.15061	0.06207	0.01285	0.02779	0.19785	0.03159	0.15086	0.02915	0.01427	0.00980	0.00600	0.00565	0.00169	0.03172	0.00479	0.00399	0.00790

[dist]
# distance from previous block
# <min> <max>
15	24

[block]
# block no. 2 follows, 45 sequences, length 27
# corresponding to MSA columns:
# 265-291
name=unknown_C
#
# <colnr> <probs for GDERKNQSTAVLIFYWHMCP>
#	G	D	E	R	K	N	Q	S	T	A	V	L	I	F	Y	W	H	M	C	P
0	0.03021	0.01196	0.01211	0.01209	0.08227	0.11498	0.00850	0.17491	0.16241	0.02092	0.01700	0.14073	0.01515	0.00987	0.05057	0.00207	0.00569	0.00657	0.11504	0.00695
1	0.34488	0.01250	0.09930	0.11824	0.17135	0.01156	0.01107	0.01742	0.01120	0.14018	0.01068	0.01218	0.00783	0.00527	0.00452	0.00167	0.00549	0.00405	0.00347	0.00714
2	0.10285	0.01990	0.37413	0.01385	0.03633	0.02814	0.04931	0.11752	0.16735	0.02104	0.01236	0.01319	0.00906	0.00568	0.00508	0.00171	0.00656	0.00452	0.00348	0.00793
3	0.01238	0.00727	0.00901	0.00841	0.01043	0.00702	0.00628	0.01630	0.14700	0.20725	0.08902	0.32109	0.06014	0.03968	0.00682	0.00200	0.00371	0.00990	0.00545	0.03086
4	0.08791	0.00893	0.00987	0.00858	0.01118	0.00895	0.00658	0.17763	0.05972	0.02116	0.10954	0.21494	0.05377	0.03951	0.00628	0.00177	0.00404	0.00799	0.00467	0.15698
5	0.12258	0.16981	0.28417	0.13865	0.10482	0.02373	0.03596	0.01600	0.01113	0.01670	0.02499	0.01183	0.00789	0.00511	0.00467	0.00159	0.00666	0.00402	0.00257	0.00710
6	0.10184	0.42949	0.01988	0.00947	0.01321	0.09600	0.00843	0.03267	0.11201	0.03473	0.06775	0.01389	0.02937	0.00585	0.00421	0.00139	0.00545	0.00416	0.00337	0.00683
7	0.01165	0.01256	0.08860	0.14923	0.44770	0.01167	0.03667	0.01502	0.01135	0.01607	0.01066	0.01454	0.00890	0.01050	0.12923	0.00275	0.00798	0.00490	0.00261	0.00742
8	0.00981	0.00798	0.07846	0.00831	0.01003	0.00637	0.00674	0.01141	0.01105	0.11554	0.06562	0.33738	0.09825	0.13867	0.01012	0.00247	0.04072	0.01937	0.00458	0.01711
9	0.16106	0.09917	0.21311	0.03276	0.05335	0.01254	0.01120	0.14752	0.01419	0.02166	0.16607	0.01692	0.01611	0.00646	0.00493	0.00161	0.00547	0.00505	0.00378	0.00705
10	0.01576	0.01615	0.05318	0.14415	0.28792	0.17555	0.01363	0.19249	0.01564	0.01984	0.01027	0.01251	0.00803	0.00544	0.00523	0.00159	0.00715	0.00448	0.00326	0.00775
11	0.28342	0.13782	0.01809	0.26856	0.04094	0.01373	0.13596	0.01541	0.01060	0.01758	0.00878	0.01160	0.00688	0.00496	0.00456	0.00165	0.00626	0.00413	0.00274	0.00634
12	0.01245	0.13805	0.08877	0.00980	0.01330	0.01147	0.00865	0.03881	0.23928	0.07301	0.10049	0.12248	0.01894	0.00790	0.00523	0.00161	0.00455	0.00659	0.00448	0.09415
13	0.00766	0.00581	0.00719	0.00801	0.00882	0.00583	0.00559	0.01089	0.13004	0.01516	0.02915	0.64168	0.05667	0.01516	0.00663	0.00212	0.00332	0.03018	0.00506	0.00503
14	0.12241	0.01484	0.15164	0.20388	0.10982	0.01270	0.27555	0.01607	0.01147	0.01729	0.00981	0.01301	0.00741	0.00491	0.00538	0.00174	0.00747	0.00494	0.00263	0.00701
15	0.02947	0.01170	0.03350	0.09356	0.40162	0.01169	0.02498	0.11408	0.01439	0.06417	0.13177	0.01774	0.01530	0.00615	0.00547	0.00164	0.00571	0.00557	0.00374	0.00776
16	0.84927	0.01038	0.00789	0.00706	0.01038	0.01204	0.00581	0.01578	0.00914	0.02408	0.00747	0.00872	0.00581	0.00498	0.00332	0.00166	0.00415	0.00291	0.00332	0.00581
17	0.01138	0.00719	0.00919	0.00863	0.01031	0.00704	0.01821	0.12932	0.01408	0.11962	0.14678	0.42153	0.02983	0.01273	0.00666	0.02153	0.00378	0.01101	0.00532	0.00586
18	0.00707	0.00501	0.00655	0.00737	0.00787	0.00475	0.00510	0.00827	0.01092	0.01472	0.14549	0.51630	0.03536	0.12075	0.00953	0.00253	0.00347	0.07968	0.00490	0.00438
19	0.00678	0.00498	0.00636	0.00703	0.00777	0.00456	0.00488	0.00817	0.01176	0.01576	0.21857	0.51662	0.13713	0.01494	0.00665	0.00201	0.00292	0.01336	0.00521	0.00456
20	0.14306	0.02261	0.55963	0.11753	0.02302	0.01233	0.01697	0.01637	0.01091	0.01768	0.00928	0.01131	0.00669	0.00512	0.00485	0.00171	0.00723	0.00391	0.00245	0.00734
21	0.00778	0.00529	0.00629	0.00629	0.00644	0.00544	0.00380	0.00809	0.00794	0.01073	0.01651	0.03291	0.01855	0.68961	0.14774	0.00574	0.00665	0.00748	0.00319	0.00350
22	0.01226	0.01254	0.08778	0.14642	0.36102	0.01175	0.05390	0.04950	0.01220	0.01780	0.01117	0.01431	0.00891	0.00540	0.00565	0.00163	0.04051	0.00482	0.13507	0.00734
23	0.01564	0.01219	0.01905	0.09638	0.48899	0.01243	0.01415	0.11604	0.01430	0.13997	0.01216	0.01411	0.00922	0.00535	0.00534	0.00162	0.00610	0.00489	0.00362	0.00845
24	0.01216	0.47248	0.12697	0.13440	0.01794	0.01633	0.01099	0.01469	0.01085	0.01354	0.01101	0.11554	0.01070	0.00640	0.00443	0.00146	0.00592	0.00496	0.00266	0.00655
25	0.09379	0.13974	0.01739	0.01364	0.11578	0.01526	0.01007	0.36539	0.04193	0.08270	0.01193	0.01244	0.00888	0.00573	0.00482	0.00152	0.00555	0.00435	0.00434	0.04476
26	0.26054	0.12937	0.30816	0.01163	0.01711	0.01302	0.05101	0.01773	0.01123	0.11957	0.01028	0.01126	0.00745	0.00517	0.00445	0.00161	0.00612	0.00381	0.00318	0.00728

[dist]
# distance from previous block
# <min> <max>
0	8

[block]
# block no. 3 follows, 45 sequences, length 16
# corresponding to MSA columns:
# 302-317
name=unknown_D
#
# <colnr> <probs for GDERKNQSTAVLIFYWHMCP>
#	G	D	E	R	K	N	Q	S	T	A	V	L	I	F	Y	W	H	M	C	P
0	0.07584	0.00846	0.01105	0.00880	0.01230	0.00758	0.00716	0.02212	0.01491	0.57236	0.17752	0.02219	0.02058	0.00744	0.00545	0.00167	0.00412	0.00613	0.00627	0.00806
1	0.00810	0.00539	0.00672	0.00639	0.00765	0.00505	0.00479	0.01063	0.01437	0.02121	0.61701	0.03591	0.04295	0.00999	0.00579	0.00160	0.00253	0.00873	0.18015	0.00505
2	0.01401	0.00836	0.01009	0.00876	0.01139	0.00833	0.00685	0.03944	0.21704	0.23548	0.26478	0.05936	0.07504	0.00904	0.00583	0.00174	0.00369	0.00771	0.00589	0.00718
3	0.01109	0.01270	0.10213	0.02843	0.01870	0.01140	0.26826	0.01681	0.14882	0.01841	0.17272	0.06049	0.01963	0.00750	0.00705	0.00184	0.07632	0.00701	0.00391	0.00680
4	0.01557	0.01140	0.01684	0.30390	0.21070	0.01239	0.01304	0.17232	0.01496	0.15740	0.01248	0.01448	0.00900	0.00568	0.00536	0.00168	0.00624	0.00490	0.00384	0.00782
5	0.01401	0.00945	0.01176	0.06029	0.01454	0.00764	0.00727	0.01641	0.01207	0.19123	0.01219	0.01297	0.00911	0.00467	0.00439	0.00106	0.00432	0.00379	0.00392	0.59892
6	0.19006	0.45175	0.06882	0.00919	0.01365	0.01636	0.00892	0.01789	0.01137	0.15404	0.01008	0.01055	0.00781	0.00508	0.00388	0.00138	0.00534	0.00340	0.00329	0.00714
7	0.69721	0.00935	0.00759	0.00713	0.00991	0.01066	0.00566	0.01428	0.00934	0.02221	0.01146	0.15291	0.01117	0.00712	0.00396	0.00175	0.00397	0.00514	0.00362	0.00555
8	0.18700	0.01156	0.01765	0.19419	0.45648	0.01243	0.01391	0.01573	0.01125	0.01807	0.00943	0.01256	0.00765	0.00495	0.00491	0.00165	0.00608	0.00439	0.00274	0.00739
9	0.01194	0.01138	0.01936	0.35935	0.46195	0.01240	0.01581	0.01530	0.01159	0.01591	0.00986	0.01372	0.00793	0.00503	0.00534	0.00168	0.00671	0.00478	0.00254	0.00742
10	0.01826	0.02269	0.01537	0.15540	0.02027	0.64944	0.01119	0.02004	0.01440	0.01324	0.00852	0.01052	0.00696	0.00550	0.00494	0.00146	0.00922	0.00369	0.00270	0.00618
11	0.00844	0.00503	0.00705	0.00705	0.00758	0.00507	0.00498	0.00766	0.00828	0.01091	0.01851	0.02369	0.14846	0.02224	0.17878	0.51766	0.00634	0.00609	0.00292	0.00324
12	0.18437	0.00775	0.00902	0.00909	0.03387	0.00758	0.00727	0.01241	0.01176	0.01855	0.10210	0.03675	0.05950	0.01004	0.00571	0.00186	0.00428	0.31713	0.00432	0.15665
13	0.01131	0.00771	0.00937	0.00810	0.01018	0.00766	0.00632	0.16757	0.01730	0.07213	0.56839	0.03304	0.03963	0.00976	0.00607	0.00167	0.00337	0.00842	0.00584	0.00617
14	0.01129	0.00783	0.00953	0.00882	0.01053	0.00844	0.00666	0.13718	0.09290	0.06589	0.01917	0.16373	0.03004	0.12657	0.24840	0.00436	0.00749	0.00767	0.02760	0.00590
15	0.01536	0.50509	0.02255	0.01047	0.01440	0.18015	0.00931	0.01944	0.14844	0.01451	0.01023	0.01089	0.00861	0.00527	0.00410	0.00132	0.00629	0.00357	0.00297	0.00704

[dist]
# distance from previous block
# <min> <max>
1	22

[block]
# block no. 4 follows, 45 sequences, length 11
# corresponding to MSA columns:
# 340-350
name=unknown_E
#
# <colnr> <probs for GDERKNQSTAVLIFYWHMCP>
#	G	D	E	R	K	N	Q	S	T	A	V	L	I	F	Y	W	H	M	C	P
0	0.07700	0.01960	0.01387	0.01217	0.01505	0.45754	0.00929	0.19940	0.01652	0.01882	0.01102	0.05523	0.00968	0.05415	0.00631	0.00173	0.00775	0.00465	0.00359	0.00662
1	0.84927	0.01038	0.00789	0.00706	0.01038	0.01204	0.00581	0.01578	0.00914	0.02408	0.00747	0.00872	0.00581	0.00498	0.00332	0.00166	0.00415	0.00291	0.00332	0.00581
2	0.01187	0.01106	0.00997	0.00914	0.01134	0.15187	0.00694	0.01767	0.23702	0.04046	0.26128	0.02960	0.14170	0.02865	0.00629	0.00178	0.00451	0.00756	0.00501	0.00628
3	0.01425	0.01434	0.01197	0.01102	0.01351	0.24272	0.00844	0.07062	0.29819	0.01892	0.07672	0.10456	0.03640	0.00855	0.00561	0.00174	0.00573	0.04526	0.00460	0.00688
4	0.01740	0.01093	0.01291	0.01051	0.01353	0.01196	0.00856	0.27681	0.08807	0.20925	0.01580	0.01625	0.01150	0.00926	0.06175	0.00217	0.09597	0.00516	0.11435	0.00786
5	0.22235	0.01390	0.01411	0.01106	0.01512	0.01552	0.00913	0.57866	0.02131	0.03146	0.01157	0.01187	0.00832	0.00609	0.00487	0.00162	0.00548	0.00436	0.00487	0.00832
6	0.00821	0.00693	0.00730	0.00695	0.00898	0.00675	0.00528	0.01309	0.19679	0.01735	0.13990	0.04245	0.49667	0.01172	0.00613	0.00180	0.00307	0.00984	0.00522	0.00557
7	0.01221	0.01594	0.20654	0.14197	0.48433	0.01256	0.01706	0.01619	0.01179	0.01684	0.00990	0.01296	0.00789	0.00495	0.00527	0.00165	0.00687	0.00458	0.00252	0.00799
8	0.01088	0.00928	0.01086	0.00792	0.01245	0.00700	0.00629	0.01319	0.01108	0.01729	0.01063	0.05438	0.00945	0.00467	0.00413	0.00087	0.00393	0.00384	0.00328	0.79858
9	0.01229	0.01328	0.02667	0.01905	0.02432	0.01201	0.57515	0.01630	0.01229	0.01727	0.01054	0.01366	0.00810	0.00439	0.00576	0.00156	0.00781	0.00557	0.00283	0.21115
10	0.01284	0.01376	0.02691	0.01977	0.02462	0.01352	0.57567	0.01995	0.19674	0.01848	0.01354	0.01583	0.01015	0.00520	0.00612	0.00181	0.00788	0.00627	0.00338	0.00755

[dist]
# distance from previous block
# <min> <max>
2	6

[block]
# block no. 5 follows, 45 sequences, length 12
# corresponding to MSA columns:
# 357-368
name=unknown_F
#
# <colnr> <probs for GDERKNQSTAVLIFYWHMCP>
#	G	D	E	R	K	N	Q	S	T	A	V	L	I	F	Y	W	H	M	C	P
0	0.01036	0.00614	0.00844	0.00797	0.00917	0.00646	0.00590	0.01175	0.00948	0.13614	0.01621	0.02471	0.01517	0.25902	0.44151	0.00651	0.01013	0.00629	0.00359	0.00505
1	0.00894	0.00691	0.00766	0.00710	0.00901	0.00660	0.00540	0.12981	0.01482	0.01920	0.21554	0.12790	0.39669	0.01218	0.00624	0.00179	0.00323	0.01034	0.00527	0.00538
2	0.00805	0.00614	0.00764	0.00682	0.00870	0.00535	0.00518	0.01044	0.01425	0.02019	0.58092	0.03655	0.11460	0.01010	0.00595	0.00156	0.00278	0.00881	0.00538	0.14060
3	0.01113	0.00954	0.01113	0.00795	0.01272	0.00716	0.00636	0.01352	0.01113	0.01749	0.00954	0.01113	0.00795	0.00398	0.00398	0.00080	0.00398	0.00318	0.00318	0.84417
4	0.72410	0.01085	0.00853	0.00741	0.01087	0.04028	0.00604	0.01573	0.00959	0.02294	0.00774	0.00903	0.00610	0.00489	0.00345	0.00155	0.00434	0.00296	0.00329	0.10033
5	0.01182	0.00848	0.01058	0.01076	0.09683	0.00835	0.00737	0.13383	0.05404	0.09173	0.27955	0.03249	0.21311	0.00960	0.00593	0.00170	0.00383	0.00818	0.00527	0.00653
6	0.01071	0.08813	0.29006	0.01362	0.10199	0.01076	0.01267	0.01462	0.02673	0.01613	0.01488	0.01999	0.05920	0.02489	0.06561	0.00218	0.00666	0.07594	0.00302	0.14220
7	0.01892	0.14465	0.01764	0.01375	0.05081	0.51130	0.01044	0.13972	0.01603	0.01660	0.00899	0.01020	0.00734	0.00550	0.00473	0.00139	0.00831	0.00365	0.00311	0.00690
8	0.00939	0.13708	0.01260	0.00850	0.00997	0.00883	0.08963	0.01042	0.00924	0.01216	0.04847	0.02785	0.01720	0.50535	0.06850	0.00423	0.00619	0.00680	0.00313	0.00447
9	0.01641	0.45528	0.10078	0.01131	0.04077	0.10142	0.01048	0.05169	0.01283	0.13850	0.01032	0.01091	0.00807	0.00517	0.00423	0.00135	0.00623	0.00361	0.00320	0.00744
10	0.01373	0.01223	0.01544	0.01241	0.01506	0.03833	0.06338	0.17225	0.07252	0.01951	0.01079	0.01317	0.00887	0.00789	0.03311	0.00193	0.28082	0.00465	0.02888	0.17504
11	0.01557	0.01145	0.01451	0.01523	0.16969	0.01233	0.01016	0.16275	0.28005	0.13042	0.01681	0.01716	0.01262	0.01024	0.09385	0.00248	0.00619	0.00544	0.00475	0.00829

[dist]
# distance from previous block
# <min> <max>
0	3

[block]
# block no. 6 follows, 45 sequences, length 8
# corresponding to MSA columns:
# 372-379
name=unknown_G
#
# <colnr> <probs for GDERKNQSTAVLIFYWHMCP>
#	G	D	E	R	K	N	Q	S	T	A	V	L	I	F	Y	W	H	M	C	P
0	0.11256	0.18719	0.19221	0.08037	0.09036	0.06592	0.03208	0.01733	0.01176	0.10996	0.01119	0.04696	0.00900	0.00569	0.00471	0.00157	0.00633	0.00446	0.00315	0.00720
1	0.00656	0.00537	0.00579	0.00585	0.00742	0.00460	0.00432	0.00805	0.01249	0.01550	0.16313	0.12771	0.58752	0.01352	0.00639	0.00183	0.00273	0.01148	0.00513	0.00460
2	0.01545	0.05729	0.01578	0.01186	0.01513	0.01276	0.08391	0.19319	0.13488	0.13181	0.07892	0.05222	0.01500	0.00738	0.00695	0.00172	0.10274	0.00592	0.00467	0.05243
3	0.05478	0.29829	0.15386	0.01134	0.04046	0.05445	0.01078	0.06793	0.01285	0.13121	0.01106	0.01244	0.00862	0.00535	0.00443	0.00140	0.00592	0.01998	0.00338	0.09148
4	0.00766	0.00522	0.00623	0.00636	0.00651	0.00530	0.00385	0.00799	0.00815	0.01099	0.01787	0.11092	0.02037	0.63716	0.11874	0.00532	0.00612	0.00830	0.00338	0.00355
5	0.00966	0.00630	0.00746	0.00739	0.00897	0.02496	0.00552	0.01122	0.01240	0.12701	0.13234	0.27704	0.25423	0.01427	0.04106	0.00221	0.00388	0.04359	0.00520	0.00529
6	0.01206	0.01525	0.15584	0.11692	0.05641	0.03380	0.27353	0.03722	0.10473	0.01722	0.01281	0.06782	0.01058	0.00628	0.00649	0.00182	0.05494	0.00601	0.00313	0.00716
7	0.01293	0.01251	0.02031	0.27790	0.38323	0.04127	0.08974	0.06608	0.01277	0.01720	0.01012	0.01358	0.00801	0.00509	0.00542	0.00167	0.00699	0.00489	0.00276	0.00751

[dist]
# distance from previous block
# <min> <max>
0	2

[block]
# block no. 7 follows, 45 sequences, length 18
# corresponding to MSA columns:
# 383-400
name=unknown_H
#
# <colnr> <probs for GDERKNQSTAVLIFYWHMCP>
#	G	D	E	R	K	N	Q	S	T	A	V	L	I	F	Y	W	H	M	C	P
0	0.01173	0.08319	0.06939	0.01824	0.03744	0.01306	0.45770	0.01526	0.01168	0.01590	0.01290	0.13042	0.01190	0.00682	0.00708	0.00184	0.07874	0.00703	0.00295	0.00673
1	0.03204	0.41530	0.10613	0.01106	0.03036	0.04004	0.04652	0.01659	0.09940	0.01502	0.01289	0.12843	0.01227	0.00680	0.00459	0.00150	0.00568	0.00542	0.00312	0.00682
2	0.01485	0.01535	0.01226	0.01144	0.01314	0.35350	0.00862	0.01612	0.01261	0.08200	0.01611	0.26727	0.01669	0.00983	0.00742	0.00181	0.12379	0.00761	0.00376	0.00583
3	0.00960	0.01098	0.19420	0.00980	0.01245	0.00704	0.00916	0.03078	0.01149	0.08381	0.02354	0.48270	0.02568	0.01271	0.00629	0.00202	0.00458	0.05290	0.00449	0.00580
4	0.01373	0.69596	0.02636	0.12548	0.01719	0.01987	0.01003	0.01573	0.01088	0.01279	0.00777	0.00945	0.00693	0.00471	0.00373	0.00124	0.00595	0.00315	0.00231	0.00675
5	0.01299	0.01021	0.01180	0.00897	0.01330	0.00888	0.00727	0.12096	0.06363	0.05318	0.01258	0.01554	0.01042	0.00538	0.00456	0.00113	0.00436	0.05246	0.00391	0.57846
6	0.01811	0.17575	0.01741	0.01111	0.01518	0.01378	0.05634	0.14567	0.20168	0.26461	0.01651	0.01560	0.01173	0.00621	0.00507	0.00160	0.00524	0.00501	0.00500	0.00840
7	0.00661	0.00484	0.00622	0.00717	0.00774	0.00444	0.00488	0.00774	0.01095	0.01451	0.10021	0.64901	0.12410	0.01591	0.00674	0.00209	0.00301	0.01429	0.00507	0.00444
8	0.00913	0.00533	0.00715	0.00778	0.00866	0.00488	0.00541	0.01023	0.01103	0.12685	0.02835	0.69150	0.03223	0.01532	0.00664	0.00210	0.00333	0.01381	0.00523	0.00506
9	0.01077	0.02777	0.78354	0.01530	0.02323	0.01247	0.01983	0.01700	0.01133	0.01700	0.00963	0.01133	0.00680	0.00510	0.00510	0.00170	0.00793	0.00397	0.00227	0.00793
10	0.00837	0.00579	0.00747	0.12289	0.01118	0.00609	0.00565	0.00986	0.00996	0.01432	0.06874	0.13279	0.04402	0.29660	0.05734	0.00332	0.00491	0.00790	0.17840	0.00441
11	0.02408	0.00914	0.01246	0.00955	0.01370	0.00789	0.00789	0.02616	0.01536	0.78158	0.02118	0.01827	0.01329	0.00664	0.00540	0.00166	0.00457	0.00540	0.00664	0.00914
12	0.00932	0.00466	0.00699	0.00699	0.00699	0.00466	0.00466	0.00699	0.00699	0.00932	0.00932	0.01632	0.00932	0.01865	0.02098	0.84382	0.00466	0.00466	0.00233	0.00233
13	0.01047	0.01370	0.20452	0.12669	0.01752	0.07281	0.01129	0.02839	0.01299	0.03536	0.18338	0.04181	0.08977	0.00895	0.00589	0.00182	0.00567	0.11889	0.00398	0.00611
14	0.01154	0.02394	0.60183	0.13043	0.02467	0.01276	0.01825	0.08295	0.01249	0.01802	0.00991	0.01191	0.00706	0.00526	0.00516	0.00171	0.00764	0.00416	0.00256	0.00775
15	0.00925	0.00547	0.00727	0.00784	0.00885	0.00501	0.00561	0.01048	0.01126	0.12705	0.02949	0.60508	0.06823	0.01503	0.00665	0.00210	0.00343	0.06158	0.00523	0.00511
16	0.00928	0.00681	0.00814	0.00821	0.00948	0.00681	0.00593	0.15463	0.01362	0.01810	0.06594	0.54641	0.09730	0.01421	0.00649	0.00201	0.00360	0.01259	0.00511	0.00534
17	0.01334	0.16189	0.49468	0.01439	0.05731	0.01388	0.01611	0.06668	0.01258	0.08574	0.01052	0.01168	0.00763	0.00522	0.00487	0.00159	0.00704	0.00400	0.00289	0.00797

[dist]
# distance from previous block
# <min> <max>
0	11

[block]
# block no. 8 follows, 45 sequences, length 16
# corresponding to MSA columns:
# 412-427
name=unknown_I
#
# <colnr> <probs for GDERKNQSTAVLIFYWHMCP>
#	G	D	E	R	K	N	Q	S	T	A	V	L	I	F	Y	W	H	M	C	P
0	0.12940	0.12412	0.08738	0.09905	0.13080	0.31321	0.01185	0.01799	0.01254	0.01563	0.00860	0.01059	0.00701	0.00517	0.00460	0.00149	0.00749	0.00369	0.00268	0.00672
1	0.01464	0.01277	0.03423	0.05254	0.54393	0.03587	0.01444	0.01896	0.09121	0.10949	0.01257	0.01447	0.00977	0.00531	0.00532	0.00163	0.00610	0.00493	0.00341	0.00841
2	0.01677	0.06598	0.01480	0.03982	0.01546	0.01342	0.00899	0.41482	0.05094	0.07367	0.01429	0.08585	0.01170	0.00688	0.00515	0.00152	0.00522	0.00547	0.00475	0.14452
3	0.00756	0.00556	0.00710	0.00685	0.00811	0.00518	0.00508	0.01019	0.03499	0.02027	0.62930	0.12013	0.09616	0.01165	0.00636	0.00175	0.00265	0.01029	0.00574	0.00505
4	0.01350	0.18116	0.01537	0.01083	0.03208	0.06622	0.00848	0.02323	0.46998	0.01854	0.01717	0.01815	0.01384	0.08021	0.00699	0.00195	0.00507	0.00535	0.00434	0.00753
5	0.01463	0.00780	0.00982	0.00797	0.01104	0.00682	0.00633	0.01749	0.04501	0.28882	0.24068	0.02350	0.02339	0.00736	0.00521	0.00145	0.00361	0.00620	0.09479	0.17807
6	0.01261	0.04658	0.44266	0.01478	0.04307	0.01297	0.05848	0.09585	0.01303	0.05457	0.06150	0.01395	0.01045	0.00610	0.00655	0.00174	0.08964	0.00471	0.00310	0.00765
7	0.13663	0.06030	0.47996	0.01319	0.01928	0.08413	0.01517	0.01841	0.09216	0.01807	0.01039	0.01159	0.00769	0.00533	0.00477	0.00165	0.00703	0.00394	0.00281	0.00747
8	0.00699	0.00494	0.00648	0.00754	0.00792	0.00471	0.00519	0.00798	0.01018	0.01352	0.02758	0.60008	0.03257	0.13320	0.00993	0.00266	0.00365	0.10588	0.00472	0.00427
9	0.02408	0.00914	0.01246	0.00955	0.01370	0.00789	0.00789	0.02616	0.01536	0.78158	0.02118	0.01827	0.01329	0.00664	0.00540	0.00166	0.00457	0.00540	0.00664	0.00914
10	0.01290	0.06466	0.50424	0.01799	0.17690	0.01250	0.01730	0.01782	0.01192	0.09853	0.01085	0.01233	0.00785	0.00517	0.00509	0.00164	0.00714	0.00423	0.00282	0.00812
11	0.00730	0.00555	0.00665	0.00709	0.00834	0.00511	0.00549	0.00890	0.01186	0.01507	0.10636	0.13001	0.33725	0.09924	0.00894	0.00239	0.00365	0.22138	0.00487	0.00454
12	0.00694	0.00531	0.00597	0.00605	0.00746	0.00467	0.00444	0.00861	0.01262	0.01653	0.23091	0.16083	0.42903	0.01293	0.00624	0.00180	0.00272	0.01109	0.06118	0.00467
13	0.00774	0.00547	0.00722	0.00722	0.00770	0.00595	0.00496	0.00869	0.00821	0.01142	0.01566	0.02819	0.01650	0.43038	0.40417	0.00690	0.00974	0.00679	0.00307	0.00401
14	0.59726	0.09681	0.01125	0.00817	0.01169	0.01358	0.00685	0.08532	0.08971	0.02358	0.00946	0.01027	0.00733	0.00531	0.00375	0.00162	0.00449	0.00341	0.00362	0.00651
15	0.11746	0.06838	0.08581	0.13978	0.01930	0.04902	0.01107	0.34728	0.05706	0.02468	0.01137	0.01253	0.00840	0.00584	0.00492	0.00162	0.00610	0.00439	0.01729	0.00772

[dist]
# distance from previous block
# <min> <max>
0	21

[block]
# block no. 9 follows, 45 sequences, length 23
# corresponding to MSA columns:
# 449-462,465-473
name=unknown_J
#
# <colnr> <probs for GDERKNQSTAVLIFYWHMCP>
#	G	D	E	R	K	N	Q	S	T	A	V	L	I	F	Y	W	H	M	C	P
0	0.08393	0.13475	0.37840	0.01193	0.01755	0.01340	0.01344	0.13573	0.01340	0.03714	0.01083	0.01213	0.00805	0.00540	0.00460	0.00155	0.00627	0.00401	0.10001	0.00748
1	0.01327	0.01033	0.01184	0.00903	0.01315	0.00921	0.00720	0.19869	0.01466	0.04290	0.01302	0.10395	0.01158	0.00615	0.00470	0.00118	0.00437	0.00505	0.00403	0.51566
2	0.00690	0.00507	0.00643	0.00700	0.00781	0.00466	0.00493	0.00835	0.01189	0.01591	0.23346	0.44107	0.15186	0.03727	0.00723	0.00209	0.00301	0.03533	0.00518	0.00456
3	0.01077	0.04645	0.65248	0.12799	0.02496	0.01263	0.01883	0.01650	0.01124	0.01641	0.00956	0.01169	0.00685	0.00512	0.00509	0.00170	0.00776	0.00405	0.00228	0.00762
4	0.01529	0.01047	0.01129	0.00931	0.01217	0.01145	0.00750	0.39807	0.04564	0.02658	0.01502	0.01643	0.01144	0.00926	0.07113	0.00208	0.00532	0.00502	0.30929	0.00724
5	0.00756	0.00565	0.00840	0.00852	0.00942	0.00649	0.00655	0.00939	0.00878	0.01258	0.01579	0.09394	0.01546	0.03809	0.71756	0.00803	0.01334	0.00663	0.00307	0.00475
6	0.01488	0.00813	0.00903	0.00770	0.01021	0.00832	0.00611	0.14162	0.08635	0.17505	0.01789	0.01848	0.01314	0.00646	0.00451	0.00145	0.00365	0.00516	0.45502	0.00685
7	0.02255	0.00909	0.01217	0.00947	0.01339	0.00806	0.00777	0.04156	0.03876	0.68983	0.07224	0.01969	0.01583	0.00695	0.00546	0.00167	0.00445	0.00570	0.00653	0.00884
8	0.01160	0.01153	0.01616	0.01390	0.01393	0.01609	0.01156	0.01280	0.00824	0.01290	0.00731	0.01208	0.00727	0.01050	0.04519	0.00257	0.77343	0.00474	0.00237	0.00583
9	0.00787	0.00624	0.00901	0.20119	0.01490	0.00674	0.00739	0.00958	0.01076	0.01445	0.13421	0.38137	0.02809	0.11192	0.00924	0.00239	0.02503	0.01065	0.00420	0.00476
10	0.00676	0.00482	0.00644	0.00765	0.00804	0.00454	0.00527	0.00781	0.01041	0.01384	0.02920	0.72442	0.03474	0.03414	0.00735	0.00227	0.00332	0.07965	0.00494	0.00439
11	0.00860	0.00521	0.00698	0.00769	0.00848	0.00479	0.00532	0.00972	0.01103	0.10280	0.05317	0.69121	0.03343	0.01545	0.00667	0.00210	0.00326	0.01394	0.00521	0.00494
12	0.01922	0.01422	0.01521	0.01177	0.01585	0.01562	0.00968	0.69637	0.02414	0.03220	0.01640	0.01617	0.07394	0.00705	0.00545	0.00163	0.00564	0.00538	0.00534	0.00874
13	0.01435	0.10578	0.04440	0.27109	0.20912	0.06617	0.04266	0.07967	0.01317	0.08753	0.01077	0.01324	0.00820	0.00531	0.00513	0.00161	0.00673	0.00456	0.00312	0.00738
14	0.01448	0.60041	0.02570	0.01084	0.01520	0.07190	0.07252	0.01797	0.09896	0.01419	0.00947	0.01050	0.00810	0.00496	0.00402	0.00130	0.00612	0.00357	0.00273	0.00706
15	0.01126	0.08619	0.35936	0.08674	0.02174	0.03424	0.12800	0.01565	0.01165	0.01620	0.02400	0.01492	0.05933	0.00553	0.00514	0.00157	0.00701	0.00478	0.00270	0.10399
16	0.10506	0.00657	0.00713	0.00687	0.00867	0.00646	0.00524	0.01156	0.08287	0.01897	0.31233	0.08066	0.28372	0.01125	0.00597	0.00179	0.00305	0.03142	0.00518	0.00525
17	0.00797	0.00614	0.00923	0.09975	0.01241	0.00717	0.00734	0.00990	0.00879	0.01242	0.01405	0.02160	0.01326	0.10762	0.62867	0.00752	0.01269	0.00583	0.00285	0.00479
18	0.00781	0.00520	0.00585	0.00585	0.00585	0.00520	0.00325	0.00781	0.00781	0.01041	0.01691	0.03513	0.01952	0.81135	0.02732	0.00520	0.00520	0.00781	0.00325	0.00325
19	0.01373	0.01186	0.01434	0.22409	0.09077	0.06464	0.01092	0.11895	0.24587	0.04798	0.06733	0.01793	0.01391	0.02703	0.00598	0.00180	0.00573	0.00553	0.00420	0.00740
20	0.00962	0.00733	0.00986	0.10066	0.07505	0.00728	0.00735	0.03690	0.03327	0.01994	0.37114	0.02822	0.04115	0.00830	0.00549	0.00156	0.00370	0.01756	0.13230	0.08335
21	0.00979	0.00800	0.01147	0.01290	0.12747	0.00846	0.02684	0.01294	0.08177	0.03848	0.15377	0.27382	0.04136	0.01141	0.00762	0.00198	0.09631	0.06515	0.00452	0.00593
22	0.10879	0.03858	0.42478	0.01701	0.09176	0.01286	0.15248	0.01691	0.01139	0.03601	0.00979	0.01191	0.00726	0.00512	0.00552	0.00171	0.03357	0.00439	0.00262	0.00755

[dist]
# distance from previous block
# <min> <max>
1	9

[block]
# block no. 10 follows, 45 sequences, length 10
# corresponding to MSA columns:
# 497-506
name=unknown_K
#
# <colnr> <probs for GDERKNQSTAVLIFYWHMCP>
#	G	D	E	R	K	N	Q	S	T	A	V	L	I	F	Y	W	H	M	C	P
0	0.15016	0.01182	0.01256	0.02780	0.01414	0.01277	0.00830	0.39965	0.04042	0.06878	0.01423	0.08315	0.01155	0.00697	0.00498	0.00161	0.00494	0.00542	0.06042	0.06033
1	0.00818	0.00681	0.00908	0.13401	0.01331	0.00728	0.00729	0.01058	0.03487	0.01610	0.20960	0.12026	0.23171	0.03121	0.00781	0.00200	0.07408	0.06620	0.00453	0.00511
2	0.00769	0.00566	0.00818	0.00818	0.00899	0.00647	0.00616	0.00930	0.00850	0.01213	0.01478	0.02333	0.01439	0.16351	0.66816	0.00808	0.01291	0.00608	0.00294	0.00455
3	0.28009	0.01481	0.19388	0.01175	0.01660	0.01145	0.09784	0.06893	0.01280	0.20085	0.03413	0.01345	0.00960	0.00562	0.00481	0.00168	0.00578	0.00447	0.00400	0.00746
4	0.01384	0.00946	0.01141	0.00828	0.01293	0.00731	0.00668	0.01616	0.01202	0.17708	0.01197	0.01262	0.00907	0.00453	0.00427	0.00098	0.00410	0.00364	0.00390	0.66976
5	0.01014	0.00954	0.01610	0.79845	0.03697	0.01193	0.01491	0.01371	0.01073	0.01371	0.00954	0.01431	0.00716	0.00537	0.00537	0.00179	0.00716	0.00477	0.00239	0.00596
6	0.01367	0.01054	0.01220	0.04452	0.01458	0.00993	0.00779	0.08829	0.21005	0.08745	0.01409	0.01438	0.01069	0.00536	0.00468	0.00126	0.00442	0.00435	0.00425	0.43749
7	0.01525	0.01298	0.13516	0.01067	0.01485	0.01057	0.00969	0.09287	0.22756	0.20426	0.01891	0.07435	0.03572	0.00718	0.00533	0.00165	0.00492	0.00593	0.00491	0.10724
8	0.03703	0.05455	0.10206	0.04399	0.01401	0.04176	0.00886	0.06619	0.12668	0.10096	0.12653	0.15631	0.04516	0.00877	0.00553	0.00171	0.00475	0.00739	0.00460	0.04316
9	0.01192	0.01581	0.14970	0.02006	0.02552	0.01265	0.57396	0.01654	0.01268	0.01754	0.07798	0.01623	0.01167	0.00518	0.00614	0.00178	0.00830	0.00625	0.00292	0.00716

[dist]
# distance from previous block
# <min> <max>
0	2

[block]
# block no. 11 follows, 45 sequences, length 63
# corresponding to MSA columns:
# 509-521,528-556,562-582
name=unknown_L
#
# <colnr> <probs for GDERKNQSTAVLIFYWHMCP>
#	G	D	E	R	K	N	Q	S	T	A	V	L	I	F	Y	W	H	M	C	P
0	0.00760	0.00549	0.00718	0.00675	0.00802	0.00506	0.00506	0.01013	0.01519	0.02153	0.77503	0.04010	0.05065	0.01097	0.00633	0.00169	0.00253	0.00971	0.00591	0.00506
1	0.03569	0.08642	0.49784	0.01629	0.07480	0.07362	0.08710	0.01752	0.03160	0.01675	0.00977	0.01158	0.00729	0.00507	0.00504	0.00164	0.00769	0.00415	0.00249	0.00765
2	0.01233	0.15314	0.55820	0.01433	0.02128	0.01432	0.04745	0.08704	0.01263	0.01789	0.00964	0.01117	0.00709	0.00512	0.00491	0.00161	0.00743	0.00397	0.00258	0.00785
3	0.00686	0.00516	0.00685	0.02258	0.00853	0.00484	0.02237	0.00789	0.01036	0.01355	0.03105	0.58036	0.14136	0.10083	0.00893	0.00243	0.00350	0.01348	0.00470	0.00436
4	0.01013	0.00742	0.01110	0.06221	0.13561	0.00728	0.03240	0.02365	0.02757	0.08759	0.02457	0.43626	0.06310	0.01220	0.00630	0.00197	0.00434	0.03588	0.00454	0.00586
5	0.01222	0.01079	0.01826	0.41658	0.04125	0.02747	0.15158	0.01544	0.01140	0.08694	0.01151	0.01641	0.00906	0.00705	0.02750	0.00203	0.08977	0.03530	0.00297	0.00647
6	0.01130	0.08665	0.02021	0.48845	0.12060	0.01299	0.13442	0.01466	0.01115	0.01452	0.00962	0.01373	0.00750	0.00541	0.00571	0.02211	0.00718	0.00484	0.00246	0.00647
7	0.01346	0.01176	0.02039	0.05175	0.43171	0.01191	0.12666	0.01651	0.01222	0.08900	0.01299	0.03532	0.01123	0.00637	0.00655	0.00178	0.06227	0.06717	0.00325	0.00771
8	0.00979	0.00684	0.00982	0.18587	0.01543	0.00730	0.00793	0.01157	0.01119	0.10516	0.05312	0.39628	0.08268	0.01208	0.00698	0.00199	0.05555	0.01053	0.00446	0.00543
9	0.01886	0.00930	0.01308	0.01021	0.01386	0.00851	0.07044	0.09082	0.01575	0.46890	0.12623	0.02379	0.07710	0.00773	0.00571	0.00170	0.00465	0.01945	0.00593	0.00798
10	0.01269	0.07147	0.14609	0.07331	0.47246	0.01335	0.10078	0.01645	0.01195	0.01684	0.00989	0.01284	0.00799	0.00483	0.00527	0.00162	0.00693	0.00469	0.00256	0.00800
11	0.01233	0.04871	0.62866	0.01594	0.08061	0.01232	0.01812	0.01780	0.01177	0.08914	0.01069	0.01206	0.00755	0.00521	0.00509	0.00167	0.00743	0.00413	0.00271	0.00806
12	0.02052	0.01190	0.11071	0.01198	0.06848	0.00921	0.01001	0.03661	0.05899	0.55390	0.03847	0.01762	0.01321	0.00646	0.00538	0.00167	0.00507	0.00532	0.00570	0.00879
13	0.02016	0.01075	0.06957	0.07633	0.01622	0.00919	0.00942	0.08665	0.01508	0.52812	0.03408	0.01761	0.01273	0.00876	0.05814	0.00214	0.00577	0.00531	0.00558	0.00840
14	0.01146	0.14907	0.48589	0.13157	0.08711	0.01381	0.01713	0.01632	0.01125	0.01586	0.00931	0.01150	0.00701	0.00503	0.00489	0.00162	0.00734	0.00398	0.00232	0.00752
15	0.01443	0.01359	0.07915	0.08591	0.52687	0.01263	0.01530	0.08735	0.01353	0.08289	0.01121	0.01359	0.00873	0.00516	0.00531	0.00162	0.00636	0.00477	0.00320	0.00838
16	0.01019	0.03989	0.64865	0.01397	0.02066	0.01139	0.01733	0.01551	0.01116	0.01640	0.01267	0.13407	0.01123	0.00690	0.00534	0.00176	0.00715	0.00569	0.00269	0.00736
17	0.00738	0.00550	0.00752	0.08195	0.01042	0.00549	0.01596	0.00855	0.01026	0.01368	0.08759	0.44741	0.04709	0.20257	0.01149	0.00281	0.00404	0.02157	0.00437	0.00436
18	0.03223	0.14270	0.25158	0.01433	0.01927	0.01317	0.19460	0.07756	0.01247	0.01731	0.01312	0.14599	0.01216	0.00705	0.00566	0.00173	0.02261	0.00634	0.00313	0.00701
19	0.01299	0.11667	0.47521	0.01388	0.05047	0.01281	0.01547	0.06936	0.01298	0.09026	0.07011	0.01409	0.01106	0.00572	0.00505	0.00162	0.00673	0.00451	0.00320	0.00781
20	0.00921	0.00563	0.00691	0.00671	0.00730	0.00561	0.00433	0.00978	0.00888	0.08385	0.01842	0.08294	0.03192	0.55517	0.13628	0.00512	0.00632	0.00783	0.00366	0.00413
21	0.00871	0.00566	0.00703	0.00666	0.00816	0.00507	0.00497	0.01031	0.01329	0.08167	0.38475	0.08165	0.25776	0.01243	0.00767	0.08130	0.00299	0.00966	0.00531	0.00495
22	0.02901	0.01463	0.07681	0.08339	0.06803	0.08908	0.29749	0.01833	0.02301	0.14213	0.01209	0.02609	0.00910	0.00578	0.00678	0.00177	0.08040	0.00542	0.00335	0.00729
23	0.00889	0.00761	0.06842	0.01044	0.08191	0.00613	0.00721	0.01042	0.01060	0.06783	0.02406	0.52111	0.02721	0.11115	0.00897	0.00242	0.00415	0.01179	0.00446	0.00523
24	0.00817	0.00525	0.00684	0.00734	0.00827	0.00479	0.00516	0.00950	0.01169	0.07953	0.15389	0.54630	0.10351	0.01471	0.00660	0.00202	0.00310	0.01316	0.00527	0.00489
25	0.09108	0.01047	0.01576	0.13306	0.35873	0.01100	0.01228	0.04093	0.04247	0.03446	0.10402	0.03391	0.02543	0.00683	0.00545	0.00172	0.00548	0.05620	0.00358	0.00714
26	0.01966	0.01474	0.08751	0.01185	0.01628	0.01416	0.01040	0.52326	0.02138	0.16958	0.01428	0.01465	0.01010	0.03932	0.00625	0.00178	0.00582	0.00498	0.00523	0.00878
27	0.02309	0.00891	0.01214	0.00938	0.01336	0.00772	0.00772	0.02519	0.01535	0.73563	0.06675	0.01959	0.01555	0.00691	0.00545	0.00166	0.00444	0.00566	0.00660	0.00889
28	0.01268	0.01046	0.01684	0.05532	0.49707	0.01034	0.01273	0.01541	0.01222	0.08116	0.01713	0.07367	0.08363	0.00675	0.00541	0.00164	0.00538	0.00620	0.06844	0.00752
29	0.11807	0.09274	0.05669	0.01332	0.06795	0.09948	0.10232	0.06150	0.02607	0.26316	0.01391	0.03895	0.01027	0.00597	0.00503	0.00161	0.00609	0.00492	0.00425	0.00768
30	0.01280	0.00727	0.00986	0.03701	0.03892	0.00706	0.00782	0.05350	0.01320	0.20112	0.03674	0.20759	0.02406	0.01151	0.00628	0.00201	0.00441	0.24867	0.06394	0.00621
31	0.01188	0.04277	0.01218	0.00836	0.01297	0.00835	0.00679	0.04200	0.01166	0.03270	0.00974	0.01125	0.00803	0.00429	0.00439	0.00090	0.02508	0.00331	0.00327	0.74007
32	0.01183	0.00967	0.01314	0.07682	0.01526	0.01008	0.06095	0.12224	0.02759	0.04006	0.02509	0.15969	0.01570	0.04837	0.00824	0.00190	0.10999	0.05106	0.00390	0.18841
33	0.23010	0.08838	0.11748	0.05293	0.02608	0.02857	0.06436	0.01491	0.01000	0.01716	0.00903	0.02690	0.00771	0.00683	0.01819	0.00187	0.21238	0.00426	0.03706	0.02578
34	0.03750	0.08826	0.14324	0.01154	0.01638	0.01350	0.01087	0.31216	0.03168	0.25980	0.01446	0.01394	0.00988	0.00610	0.00511	0.00160	0.00575	0.00466	0.00492	0.00864
35	0.01329	0.01275	0.02179	0.03295	0.77787	0.01275	0.01647	0.01647	0.01222	0.01754	0.01010	0.01329	0.00850	0.00478	0.00531	0.00159	0.00638	0.00478	0.00266	0.00850
36	0.01097	0.00937	0.01096	0.00793	0.01255	0.00706	0.00631	0.01331	0.01110	0.01736	0.01023	0.03860	0.00890	0.00442	0.00407	0.00084	0.00395	0.00360	0.00324	0.81521
37	0.01462	0.01038	0.01239	0.02759	0.01403	0.00934	0.00765	0.14637	0.01411	0.13776	0.01243	0.03705	0.00977	0.00547	0.00512	0.00120	0.03712	0.00428	0.00410	0.48920
38	0.01272	0.01098	0.01792	0.17666	0.45559	0.01113	0.01382	0.01567	0.01191	0.07013	0.01223	0.07532	0.01062	0.00589	0.00534	0.00162	0.00595	0.00550	0.00311	0.07789
39	0.03800	0.03312	0.02763	0.01163	0.01528	0.09460	0.00949	0.47821	0.10120	0.02748	0.01457	0.07999	0.01182	0.00721	0.00532	0.00164	0.00580	0.00560	0.02330	0.00812
40	0.01739	0.01503	0.07967	0.01239	0.01636	0.01547	0.01073	0.49179	0.16053	0.02836	0.01409	0.02661	0.01054	0.00688	0.00634	0.00172	0.06747	0.00514	0.00489	0.00858
41	0.00918	0.00471	0.00689	0.00689	0.00689	0.00471	0.00453	0.00707	0.00707	0.00943	0.01004	0.01809	0.01029	0.09353	0.02158	0.76460	0.00471	0.00496	0.00242	0.00242
42	0.01000	0.00995	0.07689	0.01340	0.11413	0.00865	0.06723	0.06511	0.06923	0.01720	0.02426	0.29561	0.09167	0.01129	0.00628	0.00197	0.00489	0.10176	0.00433	0.00617
43	0.02403	0.08704	0.06806	0.01074	0.01405	0.03925	0.07139	0.08995	0.07945	0.13115	0.13304	0.08414	0.06643	0.00866	0.00570	0.00175	0.00508	0.06849	0.00470	0.00687
44	0.09277	0.27224	0.33553	0.01234	0.01786	0.15485	0.01347	0.01739	0.01169	0.01561	0.00851	0.00994	0.00676	0.00501	0.00437	0.00147	0.00720	0.00343	0.00247	0.00710
45	0.01298	0.23118	0.45267	0.01284	0.01914	0.01450	0.01504	0.01856	0.08303	0.07571	0.01111	0.01198	0.00823	0.00529	0.00472	0.00156	0.00675	0.00399	0.00292	0.00781
46	0.01264	0.01145	0.01753	0.06733	0.43979	0.03191	0.02432	0.09158	0.01332	0.01851	0.08321	0.01691	0.01315	0.01083	0.12142	0.00265	0.00732	0.00538	0.00326	0.00747
47	0.00874	0.00726	0.00751	0.00721	0.00870	0.03914	0.00522	0.01235	0.13761	0.01633	0.18949	0.04844	0.26134	0.19662	0.01103	0.00258	0.00386	0.02672	0.00476	0.00509
48	0.01311	0.01182	0.01857	0.18844	0.11186	0.07198	0.17663	0.01538	0.01119	0.07862	0.01041	0.01414	0.00833	0.00770	0.00945	0.12352	0.11466	0.00504	0.00286	0.00630
49	0.04670	0.08342	0.04529	0.08711	0.05049	0.02480	0.07178	0.02773	0.06425	0.07513	0.01430	0.09254	0.01321	0.00933	0.03382	0.00214	0.18034	0.06762	0.00352	0.00652
50	0.01150	0.01099	0.01746	0.46714	0.28869	0.03965	0.01471	0.01479	0.01145	0.01524	0.01072	0.01462	0.02088	0.00534	0.00529	0.00169	0.00674	0.00485	0.03145	0.00679
51	0.00818	0.00687	0.00728	0.00696	0.00897	0.00667	0.00530	0.01292	0.18786	0.01736	0.14891	0.04280	0.48669	0.01178	0.00615	0.00181	0.00308	0.01966	0.00523	0.00553
52	0.04402	0.09809	0.50188	0.02857	0.07624	0.01245	0.01608	0.01698	0.01154	0.08083	0.01151	0.05809	0.00912	0.00584	0.00502	0.00166	0.00689	0.00467	0.00287	0.00765
53	0.02223	0.01210	0.01430	0.01096	0.01518	0.01230	0.00905	0.39541	0.02033	0.40531	0.01701	0.01556	0.01119	0.00654	0.00538	0.00164	0.00524	0.00511	0.00600	0.00913
54	0.00654	0.00467	0.00623	0.00747	0.00779	0.00436	0.00498	0.00747	0.01028	0.01370	0.02959	0.80785	0.03550	0.01682	0.00685	0.00218	0.00311	0.01526	0.00498	0.00436
55	0.01150	0.02092	0.46831	0.14402	0.10781	0.01220	0.08201	0.01660	0.01167	0.04300	0.02603	0.01314	0.00829	0.00523	0.00531	0.00171	0.00751	0.00456	0.00259	0.00760
56	0.02026	0.01005	0.01265	0.08679	0.01571	0.04093	0.00857	0.10302	0.01587	0.50369	0.08994	0.01905	0.01552	0.00685	0.00542	0.00165	0.00494	0.00559	0.02526	0.00822
57	0.00780	0.00580	0.00829	0.00823	0.00897	0.00667	0.00616	0.00932	0.00845	0.01207	0.01468	0.02360	0.01445	0.19093	0.61995	0.00779	0.03325	0.00613	0.00294	0.00452
58	0.02276	0.00892	0.01208	0.00938	0.01331	0.00778	0.00770	0.02507	0.02701	0.71647	0.07411	0.01983	0.01596	0.00696	0.00546	0.00167	0.00442	0.00571	0.00657	0.00884
59	0.00679	0.00529	0.00617	0.00657	0.00781	0.00471	0.00484	0.00826	0.01203	0.01530	0.14320	0.26128	0.39544	0.02725	0.00692	0.00201	0.00303	0.07347	0.00508	0.00457
60	0.09287	0.62125	0.08440	0.01113	0.06783	0.01909	0.01020	0.01615	0.01087	0.01439	0.00782	0.00916	0.00689	0.00468	0.00369	0.00127	0.00581	0.00309	0.00242	0.00698
61	0.01812	0.19368	0.01546	0.00933	0.01314	0.01125	0.00793	0.06399	0.03991	0.38117	0.02621	0.07696	0.01349	0.00822	0.03712	0.00181	0.00513	0.00548	0.00500	0.06662
62	0.09021	0.00644	0.00803	0.00719	0.00895	0.00641	0.05744	0.01323	0.01097	0.07771	0.01658	0.08419	0.01396	0.00817	0.00600	0.08570	0.00355	0.00576	0.48429	0.00524

[dist]
# distance from previous block
# <min> <max>
3	7

[block]
# block no. 12 follows, 45 sequences, length 63
# corresponding to MSA columns:
# 590-606,609-654
name=unknown_M
#
# <colnr> <probs for GDERKNQSTAVLIFYWHMCP>
#	G	D	E	R	K	N	Q	S	T	A	V	L	I	F	Y	W	H	M	C	P
0	0.01264	0.09505	0.08076	0.02012	0.02520	0.01449	0.57486	0.01673	0.01205	0.01639	0.01014	0.01347	0.00784	0.00495	0.00685	0.00178	0.07123	0.00570	0.00261	0.00714
1	0.01139	0.01095	0.01895	0.48504	0.29977	0.01231	0.05513	0.01488	0.01137	0.01526	0.00981	0.01396	0.00769	0.00511	0.00540	0.00172	0.00698	0.00486	0.00250	0.00693
2	0.01376	0.01171	0.01929	0.26023	0.40746	0.02890	0.05190	0.01696	0.01224	0.10897	0.01127	0.01418	0.00862	0.00519	0.00538	0.00167	0.00660	0.00490	0.00306	0.00770
3	0.01144	0.00925	0.01022	0.00945	0.01178	0.01011	0.00730	0.11952	0.33292	0.02026	0.02671	0.15875	0.13891	0.01264	0.06785	0.00241	0.00487	0.03368	0.00507	0.00684
4	0.02367	0.00904	0.01232	0.00948	0.01356	0.00782	0.00782	0.02575	0.01536	0.76231	0.04030	0.01882	0.01424	0.00675	0.00542	0.00166	0.00452	0.00551	0.00663	0.00903
5	0.55612	0.01249	0.10843	0.00845	0.01228	0.01165	0.00785	0.08926	0.01140	0.02298	0.01398	0.01468	0.09967	0.00619	0.00412	0.00168	0.00464	0.00426	0.00359	0.00626
