[name]
unknown

[dist]
# distance from previous block
# <min> <max>
0	67

[block]
# block no. 0 follows, 44 sequences, length 11
# corresponding to MSA columns:
# 75-85
name=unknown_A
#
# <colnr> <probs for GDERKNQSTAVLIFYWHMCP>
#	G	D	E	R	K	N	Q	S	T	A	V	L	I	F	Y	W	H	M	C	P
0	0.23724	0.01079	0.04154	0.00931	0.01281	0.01047	0.00785	0.14418	0.03861	0.17667	0.04699	0.01900	0.01320	0.03758	0.00646	0.03592	0.00480	0.06117	0.00463	0.08077
1	0.01487	0.11840	0.07312	0.08784	0.27722	0.03301	0.06127	0.10889	0.03685	0.07508	0.01164	0.01424	0.00920	0.00570	0.00570	0.00165	0.03477	0.01920	0.00337	0.00798
2	0.00904	0.00666	0.00746	0.00699	0.00892	0.00619	0.00531	0.07584	0.03463	0.05405	0.20091	0.12162	0.41722	0.01242	0.00634	0.00183	0.00318	0.01055	0.00539	0.00544
3	0.00798	0.00492	0.00671	0.00721	0.00759	0.00470	0.00492	0.00769	0.00947	0.01254	0.06394	0.32278	0.08436	0.04540	0.01359	0.34994	0.00389	0.03484	0.00393	0.00361
4	0.01758	0.10190	0.01499	0.04450	0.03068	0.01169	0.00871	0.19216	0.03601	0.24913	0.04957	0.03971	0.01290	0.00640	0.00507	0.00148	0.00499	0.00512	0.00490	0.16251
5	0.01179	0.01004	0.04572	0.05923	0.08558	0.04503	0.00868	0.06826	0.09181	0.07994	0.16734	0.12278	0.12056	0.02839	0.00650	0.00189	0.00464	0.03051	0.00480	0.00651
6	0.00812	0.00633	0.00940	0.00921	0.01010	0.00761	0.00723	0.01001	0.00873	0.01269	0.01400	0.02065	0.01311	0.03837	0.72496	0.00825	0.07764	0.00576	0.00288	0.00496
7	0.00768	0.00526	0.00594	0.00604	0.00625	0.00515	0.00353	0.00789	0.00857	0.01125	0.02191	0.10149	0.09345	0.66602	0.02397	0.00470	0.00487	0.00890	0.00362	0.00352
8	0.01322	0.00997	0.01265	0.08084	0.04521	0.00878	0.00821	0.01641	0.05330	0.12005	0.01189	0.01319	0.00919	0.00498	0.00509	0.00117	0.03863	0.00397	0.00370	0.53954
9	0.10947	0.15171	0.22955	0.03433	0.08167	0.03654	0.19673	0.04260	0.01208	0.01772	0.00950	0.01178	0.00738	0.00511	0.00542	0.00166	0.03222	0.00444	0.00270	0.00738
10	0.01270	0.01595	0.13043	0.01193	0.01535	0.20964	0.08239	0.01615	0.06006	0.04008	0.08668	0.02573	0.21910	0.00845	0.00626	0.00172	0.04032	0.00686	0.00388	0.00634

[dist]
# distance from previous block
# <min> <max>
6	11

[block]
# block no. 1 follows, 44 sequences, length 12
# corresponding to MSA columns:
# 97-108
name=unknown_B
#
# <colnr> <probs for GDERKNQSTAVLIFYWHMCP>
#	G	D	E	R	K	N	Q	S	T	A	V	L	I	F	Y	W	H	M	C	P
0	0.01052	0.00730	0.03161	0.00816	0.00970	0.02642	0.00620	0.01264	0.03995	0.12725	0.16532	0.27583	0.05057	0.12973	0.03459	0.00266	0.00439	0.04664	0.00503	0.00547
1	0.01203	0.01170	0.01641	0.20486	0.19014	0.08509	0.06877	0.03434	0.03783	0.01614	0.01540	0.10308	0.03820	0.00788	0.00662	0.00185	0.06058	0.05924	0.02322	0.00660
2	0.00667	0.00486	0.00629	0.00736	0.00786	0.00447	0.00497	0.00772	0.01084	0.01432	0.06288	0.69905	0.10960	0.01651	0.00689	0.00216	0.00310	0.01487	0.00510	0.00447
3	0.01285	0.00865	0.00982	0.00866	0.01127	0.00882	0.00672	0.04920	0.26491	0.15339	0.16374	0.03145	0.19841	0.03906	0.00672	0.00191	0.00380	0.00797	0.00564	0.00701
4	0.07292	0.02673	0.04495	0.07091	0.10769	0.01207	0.01033	0.22202	0.03169	0.22473	0.03732	0.03044	0.02857	0.03113	0.00629	0.00181	0.02209	0.00543	0.00480	0.00808
5	0.03912	0.21205	0.16360	0.01481	0.08332	0.04550	0.10336	0.10166	0.05146	0.09378	0.01205	0.03490	0.00945	0.00572	0.00501	0.00159	0.00658	0.00474	0.00349	0.00781
6	0.00664	0.00474	0.00633	0.00759	0.00791	0.00443	0.00506	0.00759	0.01044	0.01392	0.03005	0.80485	0.03606	0.01708	0.00696	0.00221	0.00316	0.01550	0.00506	0.00443
7	0.02764	0.00701	0.00851	0.02914	0.01005	0.00691	0.00593	0.05036	0.01318	0.12861	0.19388	0.09263	0.21002	0.10867	0.00928	0.00223	0.04354	0.00884	0.03793	0.00563
8	0.03065	0.07074	0.13471	0.18746	0.08409	0.03452	0.03380	0.10662	0.01316	0.05708	0.01351	0.04664	0.03968	0.02209	0.00660	0.00180	0.06418	0.00534	0.04029	0.00703
9	0.00973	0.00716	0.00876	0.00780	0.00896	0.00721	0.04223	0.11229	0.01164	0.01544	0.06383	0.06974	0.09714	0.49301	0.01922	0.00391	0.00507	0.00827	0.00399	0.00462
10	0.00904	0.00621	0.00703	0.00680	0.00728	0.00633	0.00422	0.08200	0.01000	0.01334	0.01838	0.12946	0.02080	0.63020	0.02294	0.00454	0.00509	0.00857	0.00374	0.00403
11	0.01515	0.01232	0.06216	0.07135	0.02994	0.01223	0.02722	0.36633	0.01768	0.04829	0.03524	0.05005	0.01356	0.16432	0.02443	0.00252	0.00599	0.00607	0.02793	0.00722

[dist]
# distance from previous block
# <min> <max>
0	1

[block]
# block no. 2 follows, 44 sequences, length 6
# corresponding to MSA columns:
# 110-115
name=unknown_C
#
# <colnr> <probs for GDERKNQSTAVLIFYWHMCP>
#	G	D	E	R	K	N	Q	S	T	A	V	L	I	F	Y	W	H	M	C	P
0	0.01587	0.01167	0.04217	0.01061	0.01395	0.01191	0.00870	0.23370	0.26331	0.13065	0.06372	0.09497	0.01750	0.00808	0.00560	0.00176	0.00469	0.00669	0.04634	0.00810
1	0.01349	0.01273	0.08829	0.01184	0.04914	0.01055	0.04584	0.11806	0.08389	0.05905	0.01259	0.03824	0.01009	0.00561	0.00531	0.00134	0.03279	0.00460	0.00382	0.39273
2	0.01263	0.06205	0.14545	0.08356	0.01827	0.01098	0.09059	0.11063	0.01395	0.06341	0.09195	0.07776	0.03660	0.00695	0.00539	0.00158	0.00571	0.00605	0.00386	0.15263
3	0.43408	0.01066	0.04031	0.08475	0.01448	0.01092	0.00796	0.05866	0.01235	0.17890	0.08701	0.01492	0.01236	0.00614	0.00450	0.00170	0.00469	0.00450	0.00431	0.00681
4	0.04073	0.09664	0.13567	0.12366	0.15043	0.01326	0.14801	0.04015	0.01226	0.07997	0.01183	0.05694	0.00972	0.00607	0.00609	0.00174	0.05088	0.00539	0.00313	0.00740
5	0.04622	0.24308	0.08088	0.03735	0.08247	0.09076	0.09200	0.01638	0.01178	0.04476	0.04830	0.01330	0.01010	0.00738	0.04091	0.00189	0.09383	0.00447	0.00291	0.03124

[dist]
# distance from previous block
# <min> <max>
6	9

[block]
# block no. 3 follows, 44 sequences, length 18
# corresponding to MSA columns:
# 125,140-156
name=unknown_D
#
# <colnr> <probs for GDERKNQSTAVLIFYWHMCP>
#	G	D	E	R	K	N	Q	S	T	A	V	L	I	F	Y	W	H	M	C	P
0	0.15716	0.35920	0.14940	0.01037	0.01492	0.07787	0.01037	0.06042	0.01244	0.01770	0.07579	0.01240	0.01085	0.00558	0.00425	0.00145	0.00597	0.00389	0.00305	0.00691
1	0.18246	0.33125	0.01800	0.04137	0.01397	0.09481	0.00851	0.07522	0.04132	0.01785	0.00994	0.01159	0.00828	0.00785	0.06041	0.00194	0.00634	0.00370	0.05855	0.00663
2	0.50699	0.18729	0.01362	0.05502	0.01317	0.01413	0.00754	0.03024	0.01043	0.04303	0.02482	0.01117	0.02253	0.00554	0.00431	0.00161	0.03546	0.00355	0.00328	0.00628
3	0.01185	0.00987	0.01018	0.00923	0.01145	0.06519	0.00714	0.07508	0.20424	0.05724	0.12447	0.08345	0.21460	0.02387	0.00708	0.00190	0.05150	0.02012	0.00507	0.00647
4	0.00919	0.00684	0.00729	0.00713	0.00781	0.04487	0.00469	0.05003	0.01058	0.01424	0.09178	0.12885	0.02302	0.45236	0.06545	0.00413	0.00542	0.00839	0.05363	0.00430
5	0.01097	0.00797	0.00890	0.00797	0.00979	0.00826	0.00594	0.17374	0.06674	0.02042	0.16828	0.07616	0.12617	0.18013	0.03415	0.00269	0.00444	0.00815	0.07335	0.00577
6	0.00670	0.00477	0.00631	0.00752	0.00782	0.00447	0.00498	0.00761	0.01033	0.01377	0.02947	0.77053	0.03533	0.05238	0.00789	0.00235	0.00326	0.01516	0.00498	0.00438
7	0.01418	0.01104	0.01311	0.00968	0.01422	0.00981	0.03041	0.19956	0.01495	0.05325	0.01106	0.01235	0.00866	0.00535	0.00517	0.03248	0.00474	0.00390	0.00389	0.54219
8	0.00682	0.00516	0.00632	0.00695	0.00791	0.00466	0.00494	0.00819	0.01184	0.01539	0.14263	0.43720	0.26274	0.01516	0.00675	0.00204	0.00303	0.04247	0.00519	0.00461
9	0.01483	0.77720	0.02799	0.00954	0.01412	0.05514	0.00938	0.01656	0.01127	0.01285	0.00762	0.00879	0.00700	0.00471	0.00356	0.00118	0.00601	0.00294	0.00235	0.00697
10	0.02900	0.00537	0.00626	0.00650	0.00672	0.00539	0.00398	0.00824	0.00859	0.01179	0.01955	0.17630	0.02257	0.59116	0.05036	0.00467	0.00520	0.03099	0.00366	0.00368
11	0.01237	0.01467	0.07221	0.02167	0.05895	0.01316	0.60687	0.01672	0.01266	0.01740	0.04050	0.03899	0.01066	0.00541	0.00668	0.00185	0.03250	0.00658	0.00291	0.00724
12	0.01251	0.01348	0.05818	0.04880	0.10925	0.01282	0.42265	0.01623	0.01234	0.04600	0.04284	0.01750	0.05547	0.00614	0.00752	0.00186	0.09987	0.00630	0.00309	0.00715
13	0.00745	0.00508	0.00609	0.00656	0.00668	0.00497	0.00396	0.00780	0.00886	0.01182	0.02198	0.32266	0.02588	0.51315	0.01999	0.00414	0.00449	0.01075	0.00396	0.00372
14	0.01259	0.01217	0.02179	0.31988	0.15698	0.01308	0.23848	0.08190	0.01303	0.01767	0.01069	0.01440	0.00819	0.00531	0.00597	0.00177	0.02511	0.00534	0.02853	0.00714
15	0.01381	0.01500	0.08961	0.10174	0.47049	0.06895	0.09689	0.01733	0.01258	0.04614	0.01054	0.01348	0.00838	0.00504	0.00546	0.00166	0.00716	0.00488	0.00281	0.00805
16	0.00914	0.00720	0.03628	0.00776	0.00951	0.00640	0.00611	0.06314	0.04647	0.04038	0.08985	0.28443	0.22285	0.01267	0.00623	0.00191	0.00354	0.05366	0.08704	0.00544
17	0.01153	0.00673	0.00711	0.00655	0.00822	0.00706	0.00502	0.11578	0.03565	0.02143	0.01691	0.01975	0.01346	0.03209	0.04426	0.02032	0.00380	0.00520	0.61348	0.00565

[dist]
# distance from previous block
# <min> <max>
0	3

[block]
# block no. 4 follows, 44 sequences, length 8
# corresponding to MSA columns:
# 162-169
name=unknown_E
#
# <colnr> <probs for GDERKNQSTAVLIFYWHMCP>
#	G	D	E	R	K	N	Q	S	T	A	V	L	I	F	Y	W	H	M	C	P
0	0.01263	0.12354	0.32889	0.01313	0.05043	0.15457	0.01308	0.01586	0.01156	0.01479	0.01126	0.05110	0.01016	0.09961	0.00830	0.03872	0.00719	0.00487	0.02374	0.00658
1	0.00736	0.00523	0.00593	0.00618	0.00664	0.00497	0.00383	0.00784	0.00938	0.01211	0.02777	0.19213	0.18188	0.48334	0.01912	0.00395	0.00433	0.01019	0.00402	0.00380
2	0.00929	0.03597	0.01044	0.01107	0.09809	0.00808	0.00734	0.01222	0.07461	0.01454	0.01652	0.09377	0.01602	0.13449	0.36389	0.00541	0.00919	0.00677	0.06683	0.00546
3	0.01550	0.12299	0.14618	0.01105	0.04270	0.01093	0.00999	0.05646	0.05114	0.25389	0.06726	0.04387	0.06245	0.04254	0.03724	0.00209	0.00564	0.00594	0.00459	0.00756
4	0.01643	0.01229	0.06744	0.01388	0.13304	0.08181	0.01010	0.05713	0.05055	0.26932	0.03618	0.04545	0.10458	0.00816	0.00574	0.00176	0.00544	0.06816	0.00490	0.00766
5	0.00679	0.00485	0.00650	0.00777	0.00815	0.00456	0.00533	0.00785	0.01059	0.01409	0.02996	0.75192	0.03572	0.01694	0.00700	0.00224	0.00330	0.06691	0.00506	0.00447
6	0.01202	0.08255	0.55744	0.04683	0.02286	0.04812	0.07711	0.01728	0.01183	0.03747	0.01052	0.03300	0.00800	0.00549	0.00521	0.00170	0.00781	0.00450	0.00256	0.00770
7	0.01335	0.17396	0.38195	0.03007	0.05241	0.01365	0.01452	0.06281	0.03447	0.08379	0.02630	0.01492	0.01002	0.03978	0.00596	0.00178	0.00671	0.02267	0.00318	0.00770

[dist]
# distance from previous block
# <min> <max>
0	2

[block]
# block no. 5 follows, 44 sequences, length 13
# corresponding to MSA columns:
# 172-184
name=unknown_F
#
# <colnr> <probs for GDERKNQSTAVLIFYWHMCP>
#	G	D	E	R	K	N	Q	S	T	A	V	L	I	F	Y	W	H	M	C	P
0	0.01640	0.01422	0.01709	0.03464	0.33925	0.15655	0.01232	0.06996	0.05998	0.13465	0.05971	0.01587	0.01235	0.00685	0.02473	0.00179	0.00663	0.00512	0.00390	0.00799
1	0.01198	0.01009	0.01167	0.00840	0.01321	0.00796	0.00674	0.06725	0.01234	0.01896	0.00993	0.01143	0.00816	0.00422	0.00414	0.00087	0.00418	0.00335	0.00339	0.78172
2	0.01342	0.01253	0.02064	0.08682	0.61981	0.01299	0.01567	0.06185	0.01285	0.01820	0.01048	0.01383	0.00874	0.00663	0.03799	0.00195	0.02960	0.00490	0.00285	0.00825
3	0.09017	0.14579	0.37282	0.01160	0.01689	0.01250	0.01317	0.01553	0.03818	0.01733	0.06959	0.01948	0.10230	0.00699	0.00536	0.00169	0.02501	0.02546	0.00319	0.00695
4	0.07077	0.00880	0.01120	0.00907	0.01251	0.00818	0.00733	0.02270	0.08410	0.50241	0.17903	0.02280	0.02133	0.00763	0.00556	0.00171	0.00415	0.00631	0.00627	0.00814
5	0.00668	0.00488	0.00619	0.00722	0.00774	0.00449	0.00485	0.00764	0.01060	0.01387	0.03299	0.66185	0.13932	0.05433	0.00788	0.00231	0.00321	0.01457	0.00498	0.00440
6	0.01030	0.00781	0.00948	0.00954	0.03207	0.00779	0.00679	0.14611	0.05699	0.01869	0.02398	0.49780	0.02650	0.01296	0.00630	0.00195	0.00397	0.03087	0.00492	0.08517
7	0.01075	0.00565	0.00571	0.00549	0.00694	0.00574	0.00417	0.05386	0.01222	0.02110	0.01752	0.01992	0.01371	0.00636	0.00390	0.00129	0.00273	0.00507	0.79255	0.00531
8	0.00822	0.00590	0.00812	0.00933	0.01039	0.00580	0.00778	0.01034	0.01207	0.01572	0.03002	0.23000	0.05725	0.01548	0.00736	0.00242	0.00452	0.54938	0.00503	0.00487
9	0.33474	0.03092	0.01301	0.03800	0.01488	0.10008	0.00862	0.28595	0.01655	0.09319	0.01099	0.01156	0.00800	0.00582	0.00456	0.00163	0.00567	0.00401	0.00431	0.00750
10	0.02114	0.00870	0.01165	0.00921	0.01287	0.00765	0.00750	0.04132	0.01558	0.61661	0.11906	0.04571	0.04199	0.00783	0.00568	0.00171	0.00431	0.00651	0.00652	0.00846
11	0.02423	0.00964	0.01288	0.00987	0.01410	0.00855	0.00816	0.07102	0.01621	0.73285	0.02100	0.01822	0.01324	0.00674	0.00548	0.00168	0.00472	0.00545	0.00667	0.00928
12	0.01095	0.00622	0.00812	0.00745	0.00925	0.00559	0.00565	0.01309	0.01448	0.17822	0.44652	0.15077	0.09941	0.01132	0.00631	0.00179	0.00311	0.00992	0.00594	0.00586

[dist]
# distance from previous block
# <min> <max>
6	19

[block]
# block no. 6 follows, 44 sequences, length 15
# corresponding to MSA columns:
# 214-228
name=unknown_G
#
# <colnr> <probs for GDERKNQSTAVLIFYWHMCP>
#	G	D	E	R	K	N	Q	S	T	A	V	L	I	F	Y	W	H	M	C	P
0	0.08624	0.17887	0.38176	0.01221	0.01790	0.03352	0.01383	0.05645	0.01263	0.04597	0.08026	0.01504	0.01195	0.00602	0.00488	0.00162	0.00650	0.02383	0.00316	0.00737
1	0.01533	0.35377	0.06645	0.01292	0.09158	0.14268	0.01040	0.05507	0.01304	0.07232	0.03036	0.06789	0.01112	0.00718	0.02660	0.00165	0.00658	0.00472	0.00324	0.00711
2	0.19446	0.08439	0.05053	0.03725	0.01211	0.01015	0.00728	0.03865	0.03622	0.07761	0.09341	0.02321	0.13475	0.06728	0.00697	0.00190	0.02964	0.00601	0.03937	0.04881
3	0.07080	0.05110	0.12930	0.03034	0.02611	0.10282	0.00980	0.01630	0.03195	0.11248	0.13035	0.02671	0.03221	0.04042	0.00647	0.00189	0.00562	0.12931	0.00423	0.04180
4	0.01363	0.01291	0.02168	0.06332	0.71676	0.01307	0.01643	0.04396	0.01284	0.01827	0.01034	0.01352	0.00860	0.00494	0.00540	0.00163	0.00649	0.00486	0.00279	0.00856
5	0.00696	0.00554	0.00624	0.00607	0.00768	0.00482	0.00455	0.00883	0.01365	0.01764	0.34744	0.04768	0.47816	0.01272	0.00644	0.00179	0.00268	0.01083	0.00545	0.00482
6	0.01813	0.07828	0.01687	0.01459	0.05609	0.56758	0.04174	0.03561	0.01461	0.01423	0.01094	0.03386	0.03591	0.00623	0.00545	0.00149	0.03460	0.00436	0.00296	0.00647
7	0.00670	0.00553	0.00588	0.00579	0.00752	0.00471	0.00434	0.00832	0.01303	0.01616	0.19897	0.05011	0.62755	0.01327	0.00644	0.00182	0.00272	0.01118	0.00525	0.00471
8	0.01038	0.00981	0.01637	0.75445	0.03633	0.01235	0.01497	0.01389	0.01077	0.01389	0.00956	0.01440	0.00726	0.00566	0.00610	0.00185	0.04865	0.00484	0.00242	0.00605
9	0.00707	0.00520	0.00678	0.00764	0.00837	0.00469	0.00519	0.00815	0.01052	0.01427	0.02819	0.73238	0.03350	0.01589	0.00669	0.00209	0.00324	0.01438	0.00489	0.08089
10	0.01054	0.00988	0.01403	0.01245	0.01277	0.01337	0.01021	0.01198	0.00849	0.01296	0.00966	0.01512	0.00933	0.02008	0.27650	0.00453	0.53480	0.00513	0.00257	0.00560
11	0.02038	0.02543	0.01550	0.01397	0.01686	0.74683	0.01052	0.05965	0.01597	0.01443	0.00867	0.01000	0.00714	0.00567	0.00494	0.00142	0.00963	0.00358	0.00295	0.00647
12	0.00995	0.00851	0.01178	0.01083	0.01160	0.01090	0.00876	0.01253	0.05694	0.01416	0.01299	0.01914	0.01203	0.02330	0.35700	0.00511	0.31385	0.03311	0.06197	0.00555
13	0.09679	0.01046	0.01221	0.00911	0.01366	0.00910	0.03841	0.05570	0.07567	0.01976	0.01078	0.01206	0.00865	0.00459	0.00428	0.00107	0.00440	0.00368	0.00354	0.60607
14	0.01388	0.12741	0.42077	0.01671	0.12439	0.04607	0.04599	0.01839	0.01229	0.10839	0.01096	0.01232	0.00801	0.00525	0.00506	0.00162	0.00725	0.00425	0.00294	0.00804

[dist]
# distance from previous block
# <min> <max>
0	1

[block]
# block no. 7 follows, 44 sequences, length 62
# corresponding to MSA columns:
# 230-246,285-299,301-313,317-333
name=unknown_H
#
# <colnr> <probs for GDERKNQSTAVLIFYWHMCP>
#	G	D	E	R	K	N	Q	S	T	A	V	L	I	F	Y	W	H	M	C	P
0	0.01036	0.00745	0.00939	0.00965	0.01134	0.00763	0.00796	0.09571	0.07036	0.03661	0.06356	0.17215	0.05913	0.01342	0.00691	0.00223	0.00455	0.40064	0.00520	0.00576
1	0.00667	0.00554	0.00586	0.00607	0.00765	0.00481	0.00444	0.00834	0.03209	0.01479	0.04951	0.19617	0.61061	0.01427	0.00652	0.00191	0.00288	0.01213	0.00508	0.00468
2	0.03603	0.00991	0.01272	0.00991	0.01394	0.00920	0.00814	0.10597	0.05360	0.61199	0.05502	0.01891	0.01482	0.00693	0.00549	0.00169	0.00467	0.00561	0.00646	0.00900
3	0.00664	0.00474	0.00633	0.00759	0.00791	0.00443	0.00506	0.00759	0.01044	0.01392	0.03005	0.80485	0.03606	0.01708	0.00696	0.00221	0.00316	0.01550	0.00506	0.00443
4	0.01313	0.01258	0.02147	0.12076	0.68996	0.01286	0.01655	0.01641	0.01224	0.01737	0.01019	0.01361	0.00848	0.00493	0.00540	0.00164	0.00657	0.00486	0.00267	0.00834
5	0.01800	0.02201	0.01476	0.01437	0.05552	0.61275	0.01045	0.01956	0.01455	0.01386	0.01143	0.05859	0.01080	0.00714	0.00567	0.00158	0.03255	0.06708	0.00310	0.00621
6	0.00664	0.00474	0.00633	0.00759	0.00791	0.00443	0.00506	0.00759	0.01044	0.01392	0.03005	0.80485	0.03606	0.01708	0.00696	0.00221	0.00316	0.01550	0.00506	0.00443
7	0.01321	0.01267	0.02162	0.10003	0.71001	0.01288	0.01659	0.01649	0.01228	0.01747	0.01021	0.01358	0.00852	0.00491	0.00540	0.00164	0.00655	0.00486	0.00267	0.00841
8	0.02431	0.00952	0.01280	0.00982	0.01404	0.00838	0.00811	0.05660	0.01602	0.74756	0.02116	0.01833	0.01332	0.00674	0.00548	0.00168	0.00469	0.00546	0.00669	0.00928
9	0.02326	0.01007	0.01453	0.01099	0.01533	0.00900	0.07199	0.06625	0.01593	0.67187	0.02015	0.01792	0.01281	0.00655	0.00556	0.00170	0.00510	0.00553	0.00633	0.00911
10	0.00900	0.00654	0.00911	0.00878	0.00991	0.00745	0.00674	0.07329	0.01005	0.01418	0.01438	0.02152	0.01350	0.09508	0.61983	0.05406	0.01261	0.00586	0.00314	0.00499
11	0.00644	0.00552	0.00552	0.00552	0.00736	0.00460	0.00414	0.00782	0.01243	0.01473	0.05523	0.05247	0.77218	0.01381	0.00644	0.00184	0.00276	0.01151	0.00506	0.00460
12	0.30064	0.37395	0.03644	0.01311	0.15136	0.01660	0.00973	0.01632	0.01071	0.01783	0.00812	0.00971	0.00692	0.00485	0.00384	0.00144	0.00544	0.00331	0.00276	0.00694
13	0.01236	0.01179	0.02008	0.30410	0.51263	0.01265	0.01617	0.01574	0.01188	0.01643	0.01005	0.01386	0.00815	0.00507	0.00542	0.00169	0.00676	0.00485	0.00260	0.00772
14	0.00678	0.00480	0.00629	0.00742	0.00770	0.00452	0.00487	0.00763	0.01017	0.01356	0.02868	0.72280	0.03433	0.10148	0.00918	0.00254	0.00339	0.01469	0.00487	0.00431
15	0.00754	0.00557	0.00704	0.00667	0.00803	0.00507	0.00500	0.00994	0.01501	0.02086	0.67054	0.04238	0.15305	0.01152	0.00643	0.00173	0.00260	0.01009	0.00587	0.00507
16	0.01910	0.01446	0.01545	0.01222	0.01629	0.01615	0.00997	0.59142	0.19307	0.03174	0.01515	0.01473	0.01094	0.00674	0.00547	0.00168	0.00562	0.00519	0.00547	0.00913
17	0.00769	0.00555	0.00726	0.00688	0.00814	0.00513	0.00514	0.01022	0.01531	0.02167	0.75355	0.05925	0.05107	0.01129	0.00644	0.00173	0.00259	0.01000	0.00598	0.00513
18	0.01047	0.00983	0.01613	0.69400	0.03436	0.01244	0.01454	0.01382	0.01064	0.01399	0.00960	0.01439	0.00741	0.00591	0.00674	0.00187	0.09173	0.00484	0.02127	0.00602
19	0.84691	0.01054	0.00801	0.00717	0.01054	0.01223	0.00590	0.01603	0.00928	0.02446	0.00759	0.00886	0.00590	0.00506	0.00337	0.00169	0.00422	0.00295	0.00337	0.00590
20	0.01433	0.01234	0.01275	0.01129	0.01447	0.03124	0.00882	0.09180	0.68369	0.02359	0.02109	0.01948	0.01579	0.00728	0.00553	0.00182	0.00458	0.00600	0.00548	0.00863
21	0.00849	0.00574	0.00753	0.00699	0.00841	0.00528	0.00528	0.01104	0.01544	0.05666	0.73701	0.03970	0.04969	0.01094	0.00639	0.00171	0.00267	0.00966	0.00604	0.00533
22	0.00783	0.00579	0.00755	0.00748	0.02329	0.00541	0.00540	0.01053	0.03173	0.02091	0.65425	0.09706	0.07916	0.01149	0.00643	0.00176	0.00274	0.01017	0.00582	0.00521
23	0.01295	0.01240	0.02114	0.16373	0.64840	0.01281	0.01646	0.01625	0.01216	0.01715	0.01016	0.01367	0.00840	0.00496	0.00541	0.00165	0.00661	0.00486	0.00265	0.00819
24	0.00994	0.00610	0.00809	0.00751	0.00915	0.00560	0.00582	0.01242	0.01512	0.11862	0.59854	0.05298	0.04457	0.01102	0.00641	0.00179	0.00306	0.07160	0.00600	0.00565
25	0.04217	0.01515	0.01614	0.01240	0.01674	0.01679	0.01025	0.73700	0.02521	0.03410	0.01295	0.01298	0.00918	0.00651	0.00540	0.00164	0.00595	0.00486	0.00540	0.00918
26	0.01268	0.01096	0.01152	0.01052	0.01325	0.03261	0.00820	0.02526	0.60154	0.02210	0.12779	0.02498	0.02202	0.00826	0.00575	0.00185	0.00425	0.04303	0.00551	0.00790
27	0.00786	0.00572	0.00741	0.00696	0.00829	0.00535	0.00523	0.01075	0.03391	0.02189	0.75303	0.04022	0.05058	0.01105	0.00641	0.00172	0.00262	0.00977	0.00599	0.00523
28	0.01224	0.01167	0.01986	0.33241	0.48526	0.01262	0.01611	0.01563	0.01182	0.01629	0.01003	0.01390	0.00810	0.00509	0.00542	0.00170	0.00679	0.00485	0.00259	0.00762
29	0.01130	0.00969	0.01130	0.00807	0.01292	0.00727	0.00646	0.01373	0.01130	0.01776	0.00969	0.01130	0.00807	0.00404	0.00404	0.00081	0.00404	0.00323	0.00323	0.84173
30	0.00665	0.00484	0.00623	0.00733	0.00781	0.00446	0.00493	0.00762	0.01061	0.01394	0.03255	0.70796	0.11607	0.03194	0.00730	0.00223	0.00316	0.01492	0.00503	0.00443
31	0.00772	0.00557	0.00729	0.00686	0.00814	0.00514	0.00514	0.01029	0.01543	0.02186	0.77152	0.04072	0.05144	0.01115	0.00643	0.00171	0.00257	0.00986	0.00600	0.00514
32	0.00904	0.00711	0.00844	0.00840	0.01003	0.00729	0.00645	0.01449	0.20732	0.01905	0.25366	0.17879	0.11791	0.01213	0.00646	0.00197	0.00351	0.11665	0.00546	0.00584
33	0.08386	0.01521	0.13474	0.06794	0.05943	0.01280	0.43151	0.01689	0.01211	0.03380	0.01095	0.01401	0.00823	0.00503	0.00595	0.00177	0.02394	0.00549	0.04915	0.00720
34	0.00984	0.00633	0.00879	0.00968	0.01107	0.00618	0.00822	0.01211	0.01253	0.08115	0.02839	0.15715	0.03047	0.01462	0.00728	0.00240	0.00474	0.57858	0.00517	0.00531
35	0.02880	0.21778	0.09276	0.01182	0.03336	0.13994	0.01036	0.17820	0.07240	0.08618	0.01222	0.01321	0.00946	0.02710	0.00534	0.00159	0.00634	0.00430	0.04122	0.00764
36	0.00793	0.00529	0.00595	0.00595	0.00595	0.00529	0.00330	0.00793	0.00793	0.01057	0.01718	0.03568	0.01982	0.80840	0.02775	0.00529	0.00529	0.00793	0.00330	0.00330
37	0.01532	0.20230	0.08621	0.07156	0.05469	0.01320	0.04182	0.06729	0.08655	0.18038	0.11181	0.01756	0.01536	0.00645	0.00514	0.00160	0.00550	0.00530	0.00430	0.00767
38	0.01016	0.00508	0.00508	0.00508	0.00635	0.00508	0.00381	0.01270	0.01143	0.02033	0.01778	0.02033	0.01397	0.00635	0.00381	0.00127	0.00254	0.00508	0.83867	0.00508
39	0.12888	0.01161	0.09193	0.01114	0.01491	0.00997	0.09099	0.05301	0.08272	0.16027	0.04561	0.02376	0.03707	0.02312	0.00590	0.00184	0.00528	0.10731	0.04130	0.05339
40	0.01320	0.01273	0.02193	0.09831	0.68970	0.01291	0.03804	0.01651	0.01230	0.01747	0.01023	0.01362	0.00851	0.00490	0.00543	0.00164	0.00662	0.00490	0.00268	0.00838
41	0.01016	0.00508	0.00508	0.00508	0.00635	0.00508	0.00381	0.01270	0.01143	0.02033	0.01778	0.02033	0.01397	0.00635	0.00381	0.00127	0.00254	0.00508	0.83867	0.00508
42	0.30784	0.01337	0.09960	0.07021	0.27323	0.01237	0.02888	0.03182	0.02628	0.07365	0.01032	0.01222	0.00789	0.00521	0.00470	0.00168	0.00579	0.00420	0.00327	0.00747
43	0.01530	0.01271	0.01537	0.05729	0.07471	0.03036	0.05732	0.15768	0.43161	0.06036	0.01791	0.01752	0.01329	0.00669	0.00555	0.00177	0.00539	0.00569	0.00496	0.00850
44	0.04466	0.05369	0.13378	0.01207	0.05314	0.09104	0.01035	0.16402	0.06690	0.03534	0.23781	0.02095	0.02148	0.00750	0.00574	0.00166	0.02226	0.00602	0.00445	0.00717
45	0.00737	0.00680	0.00805	0.00723	0.00937	0.02442	0.06846	0.00899	0.01244	0.01483	0.04945	0.04782	0.67117	0.03084	0.00689	0.00191	0.00354	0.01080	0.00477	0.00485
46	0.02868	0.01076	0.01235	0.02705	0.03235	0.01129	0.00836	0.10861	0.29045	0.07106	0.01911	0.05688	0.05568	0.00743	0.00592	0.00163	0.04389	0.01649	0.00473	0.18728
47	0.01028	0.00906	0.01482	0.68792	0.03331	0.01116	0.01360	0.01376	0.01097	0.01480	0.01079	0.01532	0.00818	0.00557	0.00523	0.00174	0.00663	0.00488	0.11606	0.00592
48	0.01108	0.11740	0.06711	0.01018	0.01291	0.02634	0.04972	0.04917	0.05059	0.03900	0.17954	0.03101	0.13736	0.03276	0.00753	0.00192	0.07268	0.09322	0.00433	0.00615
49	0.00786	0.00528	0.00594	0.00597	0.00602	0.00525	0.00336	0.00792	0.00810	0.01075	0.01850	0.05136	0.04129	0.77042	0.02674	0.00513	0.00517	0.00818	0.00339	0.00336
50	0.01231	0.01008	0.01193	0.01012	0.05490	0.00916	0.00751	0.09614	0.08886	0.02050	0.07697	0.01564	0.01317	0.00558	0.00492	0.00119	0.02205	0.00452	0.05818	0.47626
51	0.01455	0.75651	0.06253	0.00973	0.01450	0.04009	0.00985	0.01650	0.01121	0.01304	0.00770	0.00890	0.00699	0.00471	0.00361	0.00120	0.00603	0.00298	0.00234	0.00703
52	0.84691	0.01054	0.00801	0.00717	0.01054	0.01223	0.00590	0.01603	0.00928	0.02446	0.00759	0.00886	0.00590	0.00506	0.00337	0.00169	0.00422	0.00295	0.00337	0.00590
53	0.01332	0.01277	0.02181	0.07571	0.73354	0.01291	0.01664	0.01658	0.01233	0.01760	0.01022	0.01355	0.00856	0.00489	0.00540	0.00163	0.00652	0.00486	0.00268	0.00849
54	0.00789	0.00542	0.00664	0.00664	0.00688	0.00566	0.00417	0.00837	0.00813	0.01109	0.01654	0.03216	0.01829	0.61890	0.21516	0.00614	0.00759	0.00741	0.00321	0.00369
55	0.01954	0.01613	0.08148	0.01270	0.01729	0.01628	0.01110	0.67319	0.02398	0.03232	0.01285	0.01318	0.00918	0.00734	0.02619	0.00183	0.00640	0.00486	0.00512	0.00905
56	0.01243	0.00965	0.01142	0.00821	0.01301	0.00733	0.00659	0.01483	0.01167	0.08280	0.01070	0.01193	0.00854	0.00427	0.00416	0.00088	0.00409	0.00342	0.00353	0.77054
57	0.01130	0.00969	0.01130	0.00807	0.01292	0.00727	0.00646	0.01373	0.01130	0.01776	0.00969	0.01130	0.00807	0.00404	0.00404	0.00081	0.00404	0.00323	0.00323	0.84173
58	0.03536	0.01066	0.01265	0.01052	0.01376	0.01101	0.03476	0.23550	0.14274	0.09287	0.10211	0.09771	0.01951	0.00847	0.00571	0.00172	0.00473	0.05868	0.00519	0.09634
59	0.01447	0.01190	0.01263	0.01245	0.09465	0.10446	0.00873	0.16878	0.11146	0.07959	0.19116	0.02556	0.08920	0.02523	0.00623	0.00177	0.00509	0.02449	0.00498	0.00717
60	0.01016	0.00508	0.00508	0.00508	0.00635	0.00508	0.00381	0.01270	0.01143	0.02033	0.01778	0.02033	0.01397	0.00635	0.00381	0.00127	0.00254	0.00508	0.83867	0.00508
61	0.07961	0.12301	0.08162	0.01148	0.03653	0.12442	0.00971	0.11743	0.15772	0.08512	0.05446	0.01756	0.06514	0.00679	0.00506	0.00161	0.00575	0.00521	0.00427	0.00750

[dist]
# distance from previous block
# <min> <max>
0	1

[block]
# block no. 8 follows, 44 sequences, length 33
# corresponding to MSA columns:
# 335-366,370
name=unknown_I
#
# <colnr> <probs for GDERKNQSTAVLIFYWHMCP>
#	G	D	E	R	K	N	Q	S	T	A	V	L	I	F	Y	W	H	M	C	P
0	0.05169	0.12317	0.02017	0.01450	0.01668	0.09202	0.12930	0.03886	0.01088	0.03196	0.00848	0.01177	0.00745	0.00734	0.01150	0.00196	0.40842	0.00460	0.00272	0.00654
1	0.75335	0.01054	0.00847	0.00744	0.01082	0.01206	0.00612	0.04988	0.01032	0.05211	0.00867	0.00976	0.00659	0.00523	0.00356	0.00167	0.00426	0.00320	0.02981	0.00615
2	0.01016	0.00508	0.00508	0.00508	0.00635	0.00508	0.00381	0.01270	0.01143	0.02033	0.01778	0.02033	0.01397	0.00635	0.00381	0.00127	0.00254	0.00508	0.83867	0.00508
3	0.01264	0.01208	0.02058	0.23735	0.57720	0.01273	0.01631	0.01598	0.01201	0.01677	0.01010	0.01377	0.00827	0.00502	0.00541	0.00167	0.00669	0.00485	0.00262	0.00795
4	0.16042	0.01366	0.01405	0.01104	0.01499	0.01518	0.00909	0.57153	0.02173	0.03157	0.01253	0.01294	0.00907	0.00628	0.00497	0.00162	0.00542	0.00459	0.07098	0.00837
5	0.01149	0.01091	0.01851	0.51003	0.31347	0.01243	0.01574	0.01498	0.01147	0.01538	0.00990	0.01414	0.00778	0.00523	0.00543	0.00174	0.00697	0.00485	0.00253	0.00702
6	0.01418	0.01350	0.01456	0.01276	0.03046	0.10970	0.08190	0.06599	0.47664	0.02099	0.02093	0.02085	0.06407	0.00737	0.00564	0.00179	0.00553	0.02037	0.00483	0.00792
7	0.00793	0.00529	0.00595	0.00595	0.00595	0.00529	0.00330	0.00793	0.00793	0.01057	0.01718	0.03568	0.01982	0.80840	0.02775	0.00529	0.00529	0.00793	0.00330	0.00330
8	0.01427	0.01326	0.01224	0.01160	0.04063	0.17604	0.00858	0.06282	0.28144	0.05762	0.04697	0.09831	0.07523	0.02570	0.00657	0.00186	0.03234	0.02277	0.00468	0.00708
9	0.01130	0.00969	0.01130	0.00807	0.01292	0.00727	0.00646	0.01373	0.01130	0.01776	0.00969	0.01130	0.00807	0.00404	0.00404	0.00081	0.00404	0.00323	0.00323	0.84173
10	0.00911	0.16480	0.04664	0.00904	0.05691	0.02582	0.00708	0.01092	0.01204	0.01477	0.05343	0.12151	0.39973	0.01124	0.00581	0.00174	0.00410	0.03553	0.00423	0.00552
11	0.01030	0.00969	0.01635	0.79530	0.03755	0.01211	0.01514	0.01393	0.01090	0.01393	0.00969	0.01453	0.00727	0.00545	0.00545	0.00182	0.00727	0.00484	0.00242	0.00606
12	0.01914	0.01600	0.09066	0.01260	0.01719	0.01589	0.01107	0.58793	0.09947	0.05350	0.01394	0.01384	0.00992	0.00650	0.00544	0.00167	0.00599	0.00497	0.00519	0.00909
13	0.01682	0.01392	0.01538	0.01255	0.01632	0.04215	0.05524	0.33921	0.37589	0.02709	0.01713	0.01652	0.01264	0.00680	0.00554	0.00174	0.00553	0.00555	0.00524	0.00874
14	0.02343	0.00905	0.01232	0.00953	0.01356	0.00784	0.00784	0.02557	0.01559	0.73174	0.06756	0.01992	0.01582	0.00702	0.00554	0.00169	0.00451	0.00575	0.00670	0.00902
15	0.06356	0.01279	0.04035	0.15976	0.21942	0.01278	0.26720	0.01731	0.08576	0.01777	0.01314	0.01592	0.03810	0.00548	0.00569	0.00177	0.00709	0.00564	0.00307	0.00740
16	0.02693	0.00876	0.01014	0.00952	0.03392	0.00889	0.00702	0.04166	0.24950	0.10503	0.03567	0.18728	0.05455	0.00913	0.00550	0.00171	0.00390	0.00782	0.09412	0.09895
17	0.00689	0.00563	0.00614	0.00627	0.00797	0.00488	0.00487	0.00854	0.01274	0.01564	0.12182	0.05254	0.60118	0.01372	0.00659	0.00192	0.00305	0.10977	0.00515	0.00471
18	0.01514	0.73472	0.02728	0.00979	0.01427	0.09650	0.00945	0.01686	0.01151	0.01288	0.00766	0.00885	0.00700	0.00476	0.00364	0.00119	0.00622	0.00297	0.00238	0.00693
19	0.00808	0.00523	0.00606	0.00606	0.00606	0.00523	0.00344	0.00785	0.00785	0.01046	0.01642	0.03381	0.01881	0.73107	0.02712	0.08719	0.00523	0.00762	0.00321	0.00321
20	0.01287	0.01471	0.03217	0.02298	0.02849	0.01379	0.75460	0.01746	0.01287	0.01746	0.01103	0.01471	0.00827	0.00460	0.00643	0.00184	0.00919	0.00643	0.00276	0.00735
21	0.01349	0.01295	0.02213	0.03346	0.77440	0.01295	0.01673	0.01673	0.01241	0.01781	0.01025	0.01349	0.00864	0.00486	0.00540	0.00162	0.00648	0.00486	0.00270	0.00864
22	0.00645	0.00549	0.00555	0.00560	0.00738	0.00460	0.00418	0.00782	0.01235	0.01470	0.05431	0.07988	0.74536	0.01393	0.00646	0.00185	0.00278	0.01165	0.00506	0.00460
23	0.01030	0.00969	0.01635	0.79530	0.03755	0.01211	0.01514	0.01393	0.01090	0.01393	0.00969	0.01453	0.00727	0.00545	0.00545	0.00182	0.00727	0.00484	0.00242	0.00606
24	0.00677	0.00523	0.00618	0.00658	0.00773	0.00464	0.00469	0.00822	0.01225	0.01583	0.18732	0.34015	0.34576	0.01454	0.00664	0.00196	0.00288	0.01272	0.00525	0.00464
25	0.01287	0.01471	0.03217	0.02298	0.02849	0.01379	0.75460	0.01746	0.01287	0.01746	0.01103	0.01471	0.00827	0.00460	0.00643	0.00184	0.00919	0.00643	0.00276	0.00735
26	0.01093	0.02820	0.78016	0.01554	0.02360	0.01266	0.02014	0.01727	0.01151	0.01727	0.00978	0.01151	0.00691	0.00518	0.00518	0.00173	0.00806	0.00403	0.00230	0.00806
27	0.00673	0.00487	0.00637	0.00739	0.00790	0.00451	0.00501	0.00787	0.01105	0.01475	0.10428	0.68229	0.08424	0.01629	0.00687	0.00214	0.00308	0.01469	0.00515	0.00451
28	0.01017	0.00738	0.01122	0.01009	0.01170	0.00730	0.09684	0.02754	0.03034	0.09171	0.14669	0.39426	0.02962	0.04044	0.00800	0.00213	0.05293	0.01111	0.00490	0.00564
29	0.01561	0.01283	0.01863	0.07066	0.44072	0.03984	0.01366	0.15524	0.01539	0.09524	0.05853	0.01552	0.01172	0.00581	0.00547	0.00164	0.00613	0.00519	0.00380	0.00837
30	0.08573	0.01243	0.04799	0.01063	0.01457	0.01221	0.00901	0.31896	0.01720	0.13354	0.01317	0.01442	0.00988	0.02673	0.08248	0.00232	0.03328	0.00466	0.00456	0.14625
31	0.05713	0.10717	0.61969	0.01445	0.02167	0.01341	0.03961	0.01694	0.01148	0.01732	0.02762	0.01187	0.00796	0.00524	0.00497	0.00167	0.00752	0.00406	0.00247	0.00774
32	0.14895	0.27547	0.03492	0.01098	0.01440	0.18756	0.00949	0.08193	0.01285	0.05147	0.00908	0.01084	0.00761	0.02289	0.00631	0.00161	0.10006	0.00369	0.00310	0.00680

[dist]
# distance from previous block
# <min> <max>
0	1

[block]
# block no. 9 follows, 44 sequences, length 39
# corresponding to MSA columns:
# 373-390,393-413
name=unknown_J
#
# <colnr> <probs for GDERKNQSTAVLIFYWHMCP>
#	G	D	E	R	K	N	Q	S	T	A	V	L	I	F	Y	W	H	M	C	P
0	0.01097	0.02768	0.75577	0.01550	0.02330	0.01279	0.01988	0.01713	0.01141	0.01713	0.00970	0.01152	0.00691	0.00532	0.00559	0.00175	0.03330	0.00405	0.00230	0.00799
1	0.01110	0.06312	0.74666	0.01526	0.02317	0.01306	0.01966	0.01722	0.01149	0.01707	0.00969	0.01139	0.00691	0.00516	0.00510	0.00170	0.00796	0.00398	0.00230	0.00801
2	0.84691	0.01054	0.00801	0.00717	0.01054	0.01223	0.00590	0.01603	0.00928	0.02446	0.00759	0.00886	0.00590	0.00506	0.00337	0.00169	0.00422	0.00295	0.00337	0.00590
3	0.01030	0.00969	0.01635	0.79530	0.03755	0.01211	0.01514	0.01393	0.01090	0.01393	0.00969	0.01453	0.00727	0.00545	0.00545	0.00182	0.00727	0.00484	0.00242	0.00606
4	0.00763	0.00554	0.00720	0.00692	0.00818	0.00511	0.00519	0.01006	0.01495	0.02097	0.68074	0.08525	0.08035	0.01169	0.00649	0.00177	0.00267	0.02833	0.00588	0.00508
5	0.01130	0.00969	0.01130	0.00807	0.01292	0.00727	0.00646	0.01373	0.01130	0.01776	0.00969	0.01130	0.00807	0.00404	0.00404	0.00081	0.00404	0.00323	0.00323	0.84173
6	0.01030	0.00969	0.01635	0.79530	0.03755	0.01211	0.01514	0.01393	0.01090	0.01393	0.00969	0.01453	0.00727	0.00545	0.00545	0.00182	0.00727	0.00484	0.00242	0.00606
7	0.01395	0.01252	0.01251	0.01126	0.01433	0.05758	0.00874	0.02856	0.72188	0.02227	0.02141	0.01974	0.01609	0.00730	0.00551	0.00182	0.00463	0.00601	0.00539	0.00850
8	0.00750	0.00556	0.00698	0.00663	0.00801	0.00505	0.00497	0.00986	0.01492	0.02064	0.64849	0.04274	0.17524	0.01160	0.00643	0.00174	0.00260	0.01014	0.00584	0.00505
9	0.01135	0.11727	0.69471	0.01483	0.02250	0.01367	0.01891	0.01716	0.01146	0.01676	0.00953	0.01120	0.00692	0.00512	0.00499	0.00166	0.00780	0.00390	0.00231	0.00794
10	0.01016	0.00508	0.00508	0.00508	0.00635	0.00508	0.00381	0.01270	0.01143	0.02033	0.01778	0.02033	0.01397	0.00635	0.00381	0.00127	0.00254	0.00508	0.83867	0.00508
11	0.01093	0.02820	0.78016	0.01554	0.02360	0.01266	0.02014	0.01727	0.01151	0.01727	0.00978	0.01151	0.00691	0.00518	0.00518	0.00173	0.00806	0.00403	0.00230	0.00806
12	0.00671	0.00479	0.00640	0.00766	0.00801	0.00448	0.00517	0.00770	0.01050	0.01399	0.03001	0.78256	0.03592	0.01702	0.00698	0.00222	0.00322	0.03715	0.00506	0.00445
13	0.01324	0.01073	0.01164	0.01058	0.01344	0.01208	0.00830	0.05234	0.58174	0.05104	0.03972	0.05493	0.04718	0.00858	0.00579	0.00189	0.00430	0.05891	0.00552	0.00803
14	0.01110	0.02707	0.71749	0.01616	0.02401	0.01276	0.08167	0.01728	0.01162	0.01728	0.00989	0.01178	0.00702	0.00513	0.00528	0.00174	0.00815	0.00423	0.00234	0.00800
15	0.01458	0.81168	0.02857	0.00933	0.01399	0.02157	0.00933	0.01632	0.01108	0.01283	0.00758	0.00875	0.00700	0.00466	0.00350	0.00117	0.00583	0.00292	0.00233	0.00700
16	0.00664	0.00474	0.00633	0.00759	0.00791	0.00443	0.00506	0.00759	0.01044	0.01392	0.03005	0.80485	0.03606	0.01708	0.00696	0.00221	0.00316	0.01550	0.00506	0.00443
17	0.00772	0.00557	0.00729	0.00686	0.00814	0.00514	0.00514	0.01029	0.01543	0.02186	0.77152	0.04072	0.05144	0.01115	0.00643	0.00171	0.00257	0.00986	0.00600	0.00514
18	0.04835	0.77918	0.02773	0.00924	0.01385	0.02119	0.00919	0.01631	0.01100	0.01330	0.00758	0.00875	0.00695	0.00468	0.00349	0.00119	0.00576	0.00292	0.00237	0.00695
19	0.01703	0.00863	0.01046	0.00877	0.01179	0.00834	0.00701	0.08487	0.10339	0.34650	0.06670	0.05508	0.07381	0.00811	0.00543	0.00168	0.00405	0.02206	0.14867	0.00761
20	0.01016	0.00508	0.00508	0.00508	0.00635	0.00508	0.00381	0.01270	0.01143	0.02033	0.01778	0.02033	0.01397	0.00635	0.00381	0.00127	0.00254	0.00508	0.83867	0.00508
21	0.00666	0.00556	0.00583	0.00584	0.00760	0.00472	0.00443	0.00821	0.01273	0.01550	0.12507	0.05166	0.67129	0.01359	0.00649	0.00186	0.00283	0.04032	0.00515	0.00467
22	0.01130	0.00969	0.01130	0.00807	0.01292	0.00727	0.00646	0.01373	0.01130	0.01776	0.00969	0.01130	0.00807	0.00404	0.00404	0.00081	0.00404	0.00323	0.00323	0.84173
23	0.84691	0.01054	0.00801	0.00717	0.01054	0.01223	0.00590	0.01603	0.00928	0.02446	0.00759	0.00886	0.00590	0.00506	0.00337	0.00169	0.00422	0.00295	0.00337	0.00590
24	0.01395	0.67753	0.15726	0.01039	0.01564	0.02005	0.01118	0.01649	0.01115	0.01359	0.00796	0.00922	0.00698	0.00475	0.00379	0.00126	0.00621	0.00311	0.00233	0.00718
25	0.00760	0.00574	0.00704	0.00668	0.00815	0.00527	0.00502	0.01028	0.03648	0.02030	0.59018	0.04275	0.21104	0.01163	0.00641	0.00175	0.00266	0.01012	0.00578	0.00512
26	0.00806	0.00566	0.00734	0.00687	0.00825	0.00519	0.00517	0.01057	0.01530	0.03996	0.71996	0.04073	0.08401	0.01116	0.00641	0.00172	0.00263	0.00983	0.00598	0.00522
27	0.01345	0.01165	0.01246	0.03656	0.01494	0.01351	0.00884	0.02848	0.74007	0.02252	0.02178	0.02015	0.01634	0.00733	0.00554	0.00185	0.00441	0.00612	0.00545	0.00855
28	0.00756	0.00557	0.00707	0.00670	0.00805	0.00508	0.00502	0.00999	0.01507	0.02100	0.68492	0.04214	0.13858	0.01147	0.00643	0.00173	0.00259	0.01006	0.00589	0.00508
29	0.01341	0.01053	0.01115	0.01006	0.01289	0.01196	0.00782	0.02622	0.61310	0.05079	0.02144	0.02027	0.01609	0.00720	0.00526	0.00175	0.00404	0.00596	0.14199	0.00807
30	0.84691	0.01054	0.00801	0.00717	0.01054	0.01223	0.00590	0.01603	0.00928	0.02446	0.00759	0.00886	0.00590	0.00506	0.00337	0.00169	0.00422	0.00295	0.00337	0.00590
31	0.00650	0.00554	0.00565	0.00565	0.00746	0.00469	0.00425	0.00790	0.01228	0.01464	0.05358	0.05121	0.74141	0.01491	0.03810	0.00212	0.00324	0.01128	0.00498	0.00461
32	0.00691	0.00554	0.00617	0.00601	0.00765	0.00480	0.00451	0.00873	0.01353	0.01735	0.31838	0.04815	0.50740	0.01283	0.00644	0.00179	0.00269	0.01090	0.00541	0.00480
33	0.09067	0.01249	0.01773	0.35590	0.31931	0.08170	0.01448	0.01591	0.01174	0.01637	0.00960	0.01318	0.00765	0.00520	0.00519	0.00169	0.00690	0.00455	0.00265	0.00707
34	0.06408	0.00648	0.00839	0.00758	0.00919	0.00626	0.03121	0.01172	0.03936	0.03582	0.61227	0.03632	0.04324	0.05571	0.00739	0.00192	0.00316	0.00897	0.00556	0.00536
35	0.00653	0.00539	0.00573	0.00593	0.00749	0.00459	0.00434	0.00788	0.01221	0.01487	0.07950	0.18083	0.61737	0.01426	0.00653	0.00190	0.00282	0.01212	0.00510	0.00459
36	0.02037	0.02598	0.01545	0.01404	0.01685	0.78652	0.01053	0.02177	0.01545	0.01334	0.00843	0.00983	0.00702	0.00562	0.00492	0.00140	0.00983	0.00351	0.00281	0.00632
37	0.01926	0.02336	0.01496	0.01352	0.01642	0.63912	0.01022	0.04284	0.13837	0.01546	0.01081	0.01164	0.00866	0.00593	0.00503	0.00148	0.00882	0.00398	0.00333	0.00678
38	0.00947	0.04189	0.01054	0.00954	0.01082	0.08331	0.00752	0.01135	0.00959	0.01284	0.01380	0.02046	0.01293	0.03409	0.62883	0.00733	0.04298	0.02464	0.00292	0.00514

[dist]
# distance from previous block
# <min> <max>
0	1

[block]
# block no. 10 follows, 44 sequences, length 7
# corresponding to MSA columns:
# 416-422
name=unknown_K
#
# <colnr> <probs for GDERKNQSTAVLIFYWHMCP>
#	G	D	E	R	K	N	Q	S	T	A	V	L	I	F	Y	W	H	M	C	P
0	0.01458	0.81168	0.02857	0.00933	0.01399	0.02157	0.00933	0.01632	0.01108	0.01283	0.00758	0.00875	0.00700	0.00466	0.00350	0.00117	0.00583	0.00292	0.00233	0.00700
1	0.00715	0.00559	0.00653	0.00661	0.00812	0.00497	0.00507	0.00904	0.01332	0.01721	0.28524	0.08808	0.40973	0.01325	0.00660	0.00190	0.00299	0.09841	0.00536	0.00482
2	0.84691	0.01054	0.00801	0.00717	0.01054	0.01223	0.00590	0.01603	0.00928	0.02446	0.00759	0.00886	0.00590	0.00506	0.00337	0.00169	0.00422	0.00295	0.00337	0.00590
3	0.84691	0.01054	0.00801	0.00717	0.01054	0.01223	0.00590	0.01603	0.00928	0.02446	0.00759	0.00886	0.00590	0.00506	0.00337	0.00169	0.00422	0.00295	0.00337	0.00590
4	0.84691	0.01054	0.00801	0.00717	0.01054	0.01223	0.00590	0.01603	0.00928	0.02446	0.00759	0.00886	0.00590	0.00506	0.00337	0.00169	0.00422	0.00295	0.00337	0.00590
5	0.10547	0.01217	0.01964	0.15190	0.57226	0.01274	0.01528	0.01621	0.01182	0.01793	0.00987	0.01314	0.00811	0.00497	0.00518	0.00166	0.00635	0.00464	0.00273	0.00792
6	0.01906	0.01459	0.01652	0.01469	0.10064	0.01607	0.01086	0.58679	0.11293	0.03113	0.01387	0.01400	0.01009	0.00646	0.00546	0.00166	0.00585	0.00505	0.00516	0.00912

[dist]
# distance from previous block
# <min> <max>
0	1

[block]
# block no. 11 follows, 44 sequences, length 26
# corresponding to MSA columns:
# 437-462
name=unknown_L
#
# <colnr> <probs for GDERKNQSTAVLIFYWHMCP>
#	G	D	E	R	K	N	Q	S	T	A	V	L	I	F	Y	W	H	M	C	P
0	0.19493	0.01678	0.01428	0.01317	0.06948	0.23693	0.00972	0.25151	0.10244	0.02370	0.01141	0.01211	0.00870	0.00594	0.00486	0.00160	0.00657	0.00423	0.00406	0.00759
1	0.07309	0.01265	0.01978	0.15724	0.55055	0.03282	0.01531	0.04260	0.01248	0.01811	0.01002	0.01323	0.00819	0.00505	0.00525	0.00165	0.00652	0.00469	0.00280	0.00797
