[name]
unknown

[dist]
# distance from previous block
# <min> <max>
5	66

[block]
# block no. 0 follows, 40 sequences, length 8
# corresponding to MSA columns:
# 92-99
name=unknown_A
#
# <colnr> <probs for GDERKNQSTAVLIFYWHMCP>
#	G	D	E	R	K	N	Q	S	T	A	V	L	I	F	Y	W	H	M	C	P
0	0.07313	0.03643	0.03680	0.08541	0.03960	0.06938	0.05854	0.20455	0.04705	0.06426	0.07943	0.04511	0.04129	0.00752	0.00626	0.00178	0.03775	0.00608	0.00452	0.05511
1	0.04767	0.01157	0.05165	0.01158	0.05639	0.01046	0.00910	0.14472	0.01589	0.11847	0.12887	0.05208	0.06454	0.00799	0.00638	0.00165	0.04821	0.00644	0.00487	0.20147
2	0.01472	0.01232	0.01450	0.01140	0.01532	0.06330	0.06206	0.10523	0.06931	0.07893	0.03871	0.03801	0.07595	0.00719	0.00647	0.00154	0.06412	0.00577	0.00438	0.31077
3	0.01278	0.08936	0.05410	0.06094	0.04479	0.01097	0.00922	0.06581	0.05147	0.05738	0.03812	0.06912	0.12792	0.00798	0.00597	0.00158	0.03561	0.00646	0.00416	0.24625
4	0.01498	0.04330	0.01605	0.11490	0.01908	0.07258	0.07629	0.07568	0.07761	0.09139	0.01471	0.06526	0.01207	0.00677	0.00591	0.00161	0.03312	0.00566	0.04967	0.20336
5	0.06978	0.05350	0.01502	0.01165	0.03485	0.03262	0.00919	0.27620	0.08449	0.11119	0.01551	0.06811	0.01240	0.00705	0.00537	0.00161	0.00542	0.00556	0.00501	0.17546
6	0.01467	0.01149	0.01292	0.04185	0.01509	0.01155	0.00848	0.29451	0.05158	0.02487	0.02225	0.07061	0.14020	0.00964	0.03310	0.00189	0.00538	0.00680	0.00489	0.21822
7	0.00948	0.00888	0.00910	0.05650	0.01213	0.05951	0.00645	0.01135	0.01297	0.01620	0.04010	0.03926	0.46981	0.01114	0.00655	0.00171	0.03052	0.00907	0.00453	0.18474

[dist]
# distance from previous block
# <min> <max>
1	2

[block]
# block no. 1 follows, 40 sequences, length 53
# corresponding to MSA columns:
# 102-115,126-164
name=unknown_B
#
# <colnr> <probs for GDERKNQSTAVLIFYWHMCP>
#	G	D	E	R	K	N	Q	S	T	A	V	L	I	F	Y	W	H	M	C	P
0	0.63829	0.04421	0.01073	0.00854	0.01238	0.01369	0.00707	0.08789	0.04412	0.02610	0.00948	0.01057	0.00733	0.00558	0.00396	0.00172	0.00475	0.00352	0.00386	0.05620
1	0.03303	0.41619	0.24938	0.01238	0.01821	0.08537	0.01336	0.01913	0.01273	0.07764	0.01011	0.01119	0.00799	0.00542	0.00458	0.00150	0.00717	0.00375	0.00294	0.00792
2	0.05572	0.11005	0.02436	0.03901	0.02218	0.20867	0.28021	0.06296	0.05234	0.01823	0.01087	0.01331	0.00861	0.00589	0.00665	0.00178	0.06328	0.00517	0.00322	0.00749
3	0.10265	0.01318	0.01388	0.01173	0.01549	0.01481	0.00941	0.23838	0.39445	0.07594	0.01930	0.01903	0.01439	0.00751	0.00569	0.00189	0.00516	0.02232	0.00572	0.00906
4	0.04321	0.00655	0.00837	0.00763	0.00940	0.00609	0.00582	0.01293	0.01622	0.09653	0.65386	0.03974	0.04892	0.01116	0.00663	0.00182	0.00303	0.00976	0.00637	0.00596
5	0.01010	0.00505	0.00758	0.00758	0.00758	0.00505	0.00505	0.00758	0.00758	0.01010	0.01010	0.01768	0.01010	0.02020	0.02273	0.83081	0.00505	0.00505	0.00253	0.00253
6	0.02355	0.01015	0.03457	0.01026	0.01453	0.00855	0.00863	0.02638	0.03675	0.64691	0.09650	0.02201	0.01836	0.00764	0.00594	0.00181	0.00482	0.00629	0.00695	0.00940
7	0.01566	0.75774	0.02976	0.01022	0.01502	0.04498	0.01005	0.01750	0.01188	0.01371	0.00810	0.00944	0.00747	0.00513	0.00414	0.00128	0.02481	0.00318	0.00250	0.00742
8	0.01625	0.00773	0.01026	0.00861	0.01143	0.00684	0.00681	0.01869	0.01636	0.35823	0.38415	0.03344	0.07664	0.00993	0.00640	0.00182	0.00375	0.00850	0.00670	0.00745
9	0.04923	0.01583	0.01698	0.01305	0.01767	0.01744	0.01078	0.68398	0.02628	0.06905	0.01417	0.01408	0.00997	0.00694	0.00575	0.00175	0.00627	0.00519	0.00581	0.00977
10	0.01474	0.01213	0.01426	0.01056	0.01541	0.01103	0.02886	0.19926	0.03425	0.02342	0.01155	0.01290	0.00914	0.00527	0.00526	0.00120	0.02894	0.00412	0.00407	0.55365
11	0.00716	0.00517	0.00672	0.00786	0.00835	0.00480	0.00528	0.00825	0.01144	0.01519	0.06628	0.68659	0.08737	0.03989	0.00799	0.00240	0.00338	0.01574	0.00539	0.00474
12	0.00708	0.00522	0.00663	0.00771	0.00834	0.00478	0.00524	0.00822	0.01164	0.01523	0.05702	0.64750	0.15920	0.01746	0.00731	0.00228	0.00328	0.01565	0.00543	0.00478
13	0.01633	0.09466	0.22403	0.06630	0.02086	0.04530	0.06187	0.12564	0.01510	0.13550	0.03703	0.01486	0.01057	0.00670	0.00718	0.00185	0.09901	0.00507	0.00389	0.00824
14	0.02281	0.01008	0.01349	0.06266	0.01623	0.00940	0.00900	0.09502	0.01681	0.56820	0.02210	0.09467	0.01587	0.00816	0.00600	0.00186	0.00513	0.00679	0.00657	0.00916
15	0.02587	0.01026	0.01372	0.01052	0.01502	0.00908	0.00869	0.06834	0.01725	0.72253	0.02244	0.01947	0.01414	0.00719	0.00585	0.00180	0.00503	0.00581	0.00712	0.00990
16	0.03889	0.00635	0.00634	0.00603	0.00769	0.00653	0.00461	0.06286	0.01314	0.02284	0.01827	0.02075	0.01428	0.00674	0.00417	0.00140	0.00302	0.00533	0.74500	0.00575
17	0.03818	0.06902	0.01811	0.15705	0.08610	0.19236	0.05235	0.10986	0.04934	0.11152	0.01298	0.01510	0.00992	0.03038	0.00624	0.00183	0.00743	0.00500	0.01946	0.00778
18	0.04771	0.62131	0.16937	0.01112	0.01673	0.02080	0.01200	0.01759	0.01183	0.01508	0.00853	0.00989	0.00740	0.00510	0.00407	0.00138	0.00660	0.00334	0.00253	0.00763
19	0.00707	0.00512	0.00669	0.00795	0.00840	0.00474	0.00533	0.00811	0.01128	0.01490	0.03387	0.74200	0.08712	0.01798	0.00739	0.00233	0.00334	0.01624	0.00540	0.00474
20	0.03459	0.01348	0.02664	0.23134	0.05492	0.01387	0.42613	0.01691	0.01260	0.01736	0.01098	0.01526	0.00845	0.00583	0.00741	0.02487	0.04506	0.00603	0.00284	0.02542
21	0.01503	0.55542	0.21185	0.01183	0.01768	0.02032	0.01289	0.06659	0.01298	0.01641	0.00907	0.01037	0.00760	0.00525	0.00432	0.00143	0.00682	0.00355	0.00271	0.00791
22	0.78110	0.06460	0.01003	0.00780	0.01150	0.01372	0.00655	0.01712	0.01003	0.02525	0.00810	0.00944	0.00638	0.00537	0.00361	0.00176	0.00461	0.00315	0.00352	0.00638
23	0.01178	0.05876	0.68268	0.01631	0.02438	0.01363	0.04255	0.01812	0.01235	0.01820	0.01123	0.01449	0.00851	0.00592	0.00560	0.00186	0.00840	0.03424	0.00259	0.00839
24	0.00722	0.00515	0.00690	0.00825	0.00864	0.00484	0.00563	0.00832	0.01126	0.01499	0.03198	0.75034	0.03818	0.01810	0.00746	0.00238	0.00349	0.05673	0.00540	0.00476
25	0.00722	0.00592	0.00638	0.00631	0.00813	0.00508	0.00476	0.00900	0.01395	0.01739	0.20889	0.05348	0.58845	0.01415	0.00690	0.00195	0.00296	0.02841	0.00562	0.00504
26	0.01383	0.01460	0.01738	0.01505	0.01550	0.12157	0.01236	0.01516	0.00996	0.01401	0.00805	0.01271	0.00782	0.01059	0.03939	0.00260	0.65548	0.00494	0.00262	0.00638
27	0.77319	0.01114	0.00893	0.00786	0.01153	0.01269	0.00647	0.01798	0.01043	0.08387	0.00926	0.01026	0.00693	0.00554	0.00377	0.00180	0.00453	0.00336	0.00388	0.00658
28	0.01299	0.29317	0.51405	0.01431	0.02166	0.01676	0.01754	0.01807	0.01212	0.01680	0.00963	0.01127	0.00740	0.00534	0.00491	0.00164	0.00778	0.00389	0.00247	0.00821
29	0.02152	0.02728	0.01638	0.01489	0.01790	0.75073	0.01118	0.02344	0.03731	0.01452	0.00941	0.01081	0.00778	0.00605	0.00526	0.00151	0.01032	0.00383	0.00308	0.00681
30	0.00846	0.00564	0.00634	0.00634	0.00634	0.00564	0.00352	0.00846	0.00846	0.01128	0.01832	0.03805	0.02114	0.79563	0.02960	0.00564	0.00564	0.00846	0.00352	0.00352
31	0.02159	0.02299	0.01688	0.01439	0.01792	0.46757	0.01121	0.29047	0.02030	0.02259	0.01080	0.01185	0.00839	0.00649	0.00588	0.00162	0.03276	0.00434	0.00404	0.00790
32	0.00709	0.00506	0.00675	0.00810	0.00843	0.00472	0.00540	0.00810	0.01113	0.01484	0.03205	0.79184	0.03846	0.01822	0.00742	0.00236	0.00337	0.01653	0.00540	0.00472
33	0.00846	0.00564	0.00634	0.00634	0.00634	0.00564	0.00352	0.00846	0.00846	0.01128	0.01832	0.03805	0.02114	0.79563	0.02960	0.00564	0.00564	0.00846	0.00352	0.00352
34	0.07439	0.01034	0.01342	0.01036	0.01481	0.00935	0.00855	0.06759	0.01684	0.67848	0.02155	0.01885	0.01366	0.00708	0.00571	0.00180	0.00500	0.00565	0.00690	0.00968
35	0.02593	0.01015	0.01365	0.01047	0.01497	0.00893	0.00865	0.05687	0.01707	0.73425	0.02258	0.01956	0.01421	0.00719	0.00585	0.00180	0.00501	0.00582	0.00714	0.00990
36	0.00937	0.00669	0.00937	0.01071	0.01205	0.00669	0.00937	0.01205	0.01339	0.01740	0.03079	0.06560	0.03347	0.01606	0.00803	0.00268	0.00535	0.72021	0.00535	0.00535
37	0.02211	0.01629	0.01745	0.01338	0.01803	0.01803	0.01105	0.73997	0.02734	0.03665	0.01396	0.01396	0.00989	0.00698	0.00582	0.00175	0.00640	0.00524	0.00582	0.00989
38	0.02609	0.00990	0.01350	0.01035	0.01484	0.00855	0.00855	0.02834	0.01664	0.76338	0.02294	0.01979	0.01439	0.00720	0.00585	0.00180	0.00495	0.00585	0.00720	0.00990
39	0.00709	0.00506	0.00675	0.00810	0.00843	0.00472	0.00540	0.00810	0.01113	0.01484	0.03205	0.79184	0.03846	0.01822	0.00742	0.00236	0.00337	0.01653	0.00540	0.00472
40	0.01166	0.03008	0.76550	0.01657	0.02517	0.01351	0.02149	0.01842	0.01228	0.01842	0.01044	0.01228	0.00737	0.00552	0.00552	0.00184	0.00859	0.00430	0.00246	0.00859
41	0.00687	0.00589	0.00589	0.00589	0.00785	0.00491	0.00442	0.00835	0.01325	0.01571	0.05891	0.05596	0.75700	0.01473	0.00687	0.00196	0.00295	0.01227	0.00540	0.00491
42	0.00937	0.00669	0.00937	0.01071	0.01205	0.00669	0.00937	0.01205	0.01339	0.01740	0.03079	0.06560	0.03347	0.01606	0.00803	0.00268	0.00535	0.72021	0.00535	0.00535
43	0.01555	0.79913	0.03047	0.00995	0.01493	0.02301	0.00995	0.01741	0.01182	0.01368	0.00808	0.00933	0.00746	0.00498	0.00373	0.00124	0.00622	0.00311	0.00249	0.00746
44	0.01206	0.01034	0.01206	0.00861	0.01378	0.00775	0.00689	0.01464	0.01206	0.01895	0.01034	0.01206	0.00861	0.00431	0.00431	0.00086	0.00431	0.00345	0.00345	0.83118
45	0.01439	0.01382	0.02360	0.03569	0.75936	0.01382	0.01785	0.01785	0.01324	0.01900	0.01094	0.01439	0.00921	0.00518	0.00576	0.00173	0.00691	0.00518	0.00288	0.00921
46	0.00937	0.00669	0.00937	0.01071	0.01205	0.00669	0.00937	0.01205	0.01339	0.01740	0.03079	0.06560	0.03347	0.01606	0.00803	0.00268	0.00535	0.72021	0.00535	0.00535
47	0.01555	0.79913	0.03047	0.00995	0.01493	0.02301	0.00995	0.01741	0.01182	0.01368	0.00808	0.00933	0.00746	0.00498	0.00373	0.00124	0.00622	0.00311	0.00249	0.00746
48	0.02141	0.01545	0.01669	0.01280	0.01737	0.01684	0.01055	0.65909	0.02578	0.05935	0.01424	0.01430	0.01013	0.00685	0.00569	0.00169	0.00614	0.00518	0.03128	0.04915
49	0.83671	0.01125	0.00855	0.00765	0.01125	0.01305	0.00630	0.01709	0.00990	0.02609	0.00810	0.00945	0.00630	0.00540	0.00360	0.00180	0.00450	0.00315	0.00360	0.00630
50	0.00798	0.00624	0.00743	0.00799	0.00967	0.00569	0.00657	0.01000	0.01340	0.01665	0.06680	0.05972	0.42772	0.01522	0.00737	0.00226	0.00397	0.31480	0.00541	0.00512
51	0.01055	0.01515	0.27901	0.01134	0.01570	0.00883	0.04063	0.01466	0.01458	0.06207	0.35556	0.03105	0.09835	0.00934	0.00633	0.00185	0.00525	0.00805	0.00481	0.00688
52	0.01552	0.01306	0.01470	0.18602	0.08872	0.10149	0.01097	0.21481	0.01661	0.02257	0.01349	0.01666	0.01063	0.03807	0.00656	0.00184	0.02192	0.00521	0.19384	0.00733

[dist]
# distance from previous block
# <min> <max>
0	1

[block]
# block no. 2 follows, 40 sequences, length 96
# corresponding to MSA columns:
# 166-174,179-231,233-236,245,246,250-261,265-280
name=unknown_C
#
# <colnr> <probs for GDERKNQSTAVLIFYWHMCP>
#	G	D	E	R	K	N	Q	S	T	A	V	L	I	F	Y	W	H	M	C	P
0	0.31575	0.01191	0.01399	0.12435	0.10597	0.01349	0.03306	0.02152	0.24138	0.04303	0.01414	0.01521	0.01073	0.00624	0.00506	0.00187	0.00546	0.00494	0.00417	0.00772
1	0.00833	0.00614	0.00889	0.00889	0.00977	0.00702	0.00670	0.01009	0.00921	0.01316	0.01600	0.02516	0.01554	0.15827	0.65930	0.00878	0.01406	0.00657	0.00318	0.00494
2	0.01033	0.00882	0.01105	0.07180	0.01346	0.06532	0.00853	0.01249	0.01034	0.01470	0.01414	0.02001	0.01271	0.02948	0.47422	0.00642	0.10356	0.00573	0.10130	0.00557
3	0.02211	0.01629	0.01745	0.01338	0.01803	0.01803	0.01105	0.73997	0.02734	0.03665	0.01396	0.01396	0.00989	0.00698	0.00582	0.00175	0.00640	0.00524	0.00582	0.00989
4	0.00751	0.00583	0.00683	0.00676	0.00829	0.00515	0.00500	0.00951	0.01449	0.01906	0.37151	0.12489	0.36669	0.01380	0.00692	0.00194	0.00290	0.01191	0.00585	0.00515
5	0.01433	0.55892	0.26005	0.01202	0.01812	0.02004	0.01355	0.01773	0.01196	0.01516	0.00882	0.01025	0.00743	0.00515	0.00429	0.00143	0.00696	0.00348	0.00248	0.00782
6	0.01166	0.03008	0.76550	0.01657	0.02517	0.01351	0.02149	0.01842	0.01228	0.01842	0.01044	0.01228	0.00737	0.00552	0.00552	0.00184	0.00859	0.00430	0.00246	0.00859
7	0.02609	0.00990	0.01350	0.01035	0.01484	0.00855	0.00855	0.02834	0.01664	0.76338	0.02294	0.01979	0.01439	0.00720	0.00585	0.00180	0.00495	0.00585	0.00720	0.00990
8	0.00687	0.00589	0.00589	0.00589	0.00785	0.00491	0.00442	0.00835	0.01325	0.01571	0.05891	0.05596	0.75700	0.01473	0.00687	0.00196	0.00295	0.01227	0.00540	0.00491
9	0.01179	0.05477	0.74190	0.01636	0.02484	0.01381	0.02112	0.01838	0.01226	0.01826	0.01036	0.01218	0.00737	0.00551	0.00547	0.00182	0.00852	0.00426	0.00246	0.00856
10	0.04425	0.27037	0.02020	0.01246	0.01614	0.35113	0.01030	0.10712	0.01548	0.01709	0.00985	0.01158	0.00835	0.00903	0.07130	0.00214	0.00888	0.00392	0.00321	0.00721
11	0.81035	0.01178	0.00880	0.00788	0.01146	0.03760	0.00646	0.01729	0.01011	0.02571	0.00813	0.00948	0.00634	0.00542	0.00365	0.00179	0.00469	0.00317	0.00358	0.00631
12	0.01863	0.00824	0.01070	0.00877	0.01192	0.00723	0.00689	0.02055	0.01509	0.45922	0.12276	0.03074	0.13685	0.10475	0.00902	0.00230	0.00443	0.00778	0.00637	0.00777
13	0.02609	0.00990	0.01350	0.01035	0.01484	0.00855	0.00855	0.02834	0.01664	0.76338	0.02294	0.01979	0.01439	0.00720	0.00585	0.00180	0.00495	0.00585	0.00720	0.00990
14	0.01206	0.01034	0.01206	0.00861	0.01378	0.00775	0.00689	0.01464	0.01206	0.01895	0.01034	0.01206	0.00861	0.00431	0.00431	0.00086	0.00431	0.00345	0.00345	0.83118
15	0.00757	0.00590	0.00688	0.00668	0.00830	0.00520	0.00499	0.00969	0.01484	0.01959	0.41597	0.06859	0.37820	0.01336	0.00688	0.00190	0.00285	0.01148	0.00591	0.00520
16	0.01206	0.01034	0.01206	0.00861	0.01378	0.00775	0.00689	0.01464	0.01206	0.01895	0.01034	0.01206	0.00861	0.00431	0.00431	0.00086	0.00431	0.00345	0.00345	0.83118
17	0.00716	0.00542	0.00650	0.00722	0.00813	0.00488	0.00497	0.00836	0.01196	0.01538	0.07990	0.46222	0.27489	0.06432	0.00857	0.00240	0.00334	0.01430	0.00534	0.00475
18	0.02211	0.01629	0.01745	0.01338	0.01803	0.01803	0.01105	0.73997	0.02734	0.03665	0.01396	0.01396	0.00989	0.00698	0.00582	0.00175	0.00640	0.00524	0.00582	0.00989
19	0.01211	0.00852	0.00989	0.00929	0.01087	0.00899	0.00668	0.13362	0.11327	0.06010	0.02318	0.29602	0.02425	0.22343	0.01309	0.00306	0.02205	0.01030	0.00507	0.00618
20	0.01577	0.77147	0.02997	0.01013	0.01503	0.04987	0.01000	0.01762	0.01198	0.01370	0.00812	0.00937	0.00746	0.00501	0.00379	0.00125	0.00637	0.00313	0.00251	0.00744
21	0.01417	0.01272	0.01996	0.35251	0.33061	0.01411	0.01602	0.13323	0.01483	0.02007	0.01117	0.01480	0.00869	0.00574	0.00579	0.00182	0.00719	0.00518	0.00323	0.00814
22	0.01426	0.01231	0.01295	0.01167	0.01493	0.01421	0.00908	0.03029	0.72907	0.02409	0.02462	0.02262	0.03763	0.00807	0.00594	0.00197	0.00456	0.00673	0.00590	0.00909
23	0.00933	0.02586	0.03273	0.00846	0.01041	0.00763	0.00664	0.01432	0.15243	0.02087	0.37901	0.15506	0.13055	0.01212	0.00666	0.00194	0.00348	0.01056	0.00582	0.00614
24	0.01614	0.72482	0.02912	0.01043	0.01522	0.09518	0.01007	0.01797	0.01227	0.01373	0.00817	0.00944	0.00747	0.00507	0.00388	0.00127	0.00663	0.00317	0.00254	0.00739
25	0.00822	0.00615	0.00765	0.00724	0.00876	0.00568	0.00544	0.01120	0.03947	0.02216	0.62312	0.04471	0.16407	0.01221	0.00683	0.00185	0.00283	0.01067	0.00623	0.00552
26	0.01332	0.01535	0.05184	0.05695	0.04921	0.01437	0.61836	0.01794	0.01333	0.01818	0.01213	0.03984	0.00964	0.00557	0.00721	0.00198	0.03719	0.00691	0.00297	0.00769
27	0.01236	0.00873	0.01138	0.23807	0.01866	0.01010	0.00915	0.10003	0.01357	0.02083	0.01494	0.01824	0.01162	0.00678	0.00595	0.00167	0.06483	0.00530	0.42147	0.00633
28	0.01179	0.00977	0.01027	0.00939	0.01195	0.02455	0.00727	0.07255	0.31355	0.02190	0.12992	0.03532	0.23003	0.02633	0.00678	0.00200	0.00412	0.03413	0.03119	0.00714
29	0.00691	0.00573	0.00605	0.00631	0.00796	0.00487	0.00460	0.00830	0.01286	0.01555	0.05386	0.19445	0.62178	0.01538	0.00698	0.00204	0.00303	0.01307	0.00540	0.00487
30	0.01555	0.79913	0.03047	0.00995	0.01493	0.02301	0.00995	0.01741	0.01182	0.01368	0.00808	0.00933	0.00746	0.00498	0.00373	0.00124	0.00622	0.00311	0.00249	0.00746
31	0.00742	0.00591	0.00665	0.00646	0.00819	0.00514	0.00485	0.00940	0.01454	0.01876	0.33885	0.05094	0.47515	0.01359	0.00687	0.00191	0.00286	0.01157	0.00580	0.00514
32	0.00908	0.00660	0.00896	0.01015	0.01156	0.00648	0.00879	0.01162	0.01337	0.01721	0.03408	0.06447	0.11802	0.01591	0.00790	0.00259	0.00507	0.63748	0.00536	0.00530
33	0.01555	0.79913	0.03047	0.00995	0.01493	0.02301	0.00995	0.01741	0.01182	0.01368	0.00808	0.00933	0.00746	0.00498	0.00373	0.00124	0.00622	0.00311	0.00249	0.00746
34	0.01261	0.01256	0.01760	0.01512	0.01515	0.01755	0.01259	0.01391	0.00892	0.01398	0.00783	0.01297	0.00780	0.01100	0.03768	0.00271	0.76600	0.00512	0.00256	0.00633
35	0.00720	0.00513	0.00683	0.00815	0.00852	0.00481	0.00550	0.00825	0.01115	0.01485	0.03169	0.74856	0.03789	0.03592	0.00795	0.00245	0.00350	0.04158	0.00535	0.00472
36	0.00736	0.00518	0.00667	0.00774	0.00801	0.00491	0.00502	0.00817	0.01059	0.01412	0.02926	0.63837	0.03494	0.17649	0.01194	0.00303	0.00383	0.01489	0.00502	0.00448
37	0.02420	0.01204	0.01473	0.01133	0.01580	0.01180	0.00934	0.27824	0.02040	0.48744	0.03986	0.01839	0.01392	0.00725	0.00586	0.00178	0.00540	0.00576	0.00669	0.00977
38	0.01084	0.00542	0.00542	0.00542	0.00678	0.00542	0.00407	0.01355	0.01220	0.02168	0.01897	0.02168	0.01491	0.00678	0.00407	0.00136	0.00271	0.00542	0.82791	0.00542
39	0.01166	0.03008	0.76550	0.01657	0.02517	0.01351	0.02149	0.01842	0.01228	0.01842	0.01044	0.01228	0.00737	0.00552	0.00552	0.00184	0.00859	0.00430	0.00246	0.00859
40	0.04321	0.00993	0.01339	0.01029	0.01477	0.00864	0.00850	0.02810	0.01650	0.74781	0.02263	0.01957	0.01422	0.00716	0.00580	0.00180	0.00494	0.00579	0.00712	0.00982
41	0.01527	0.01231	0.01317	0.01173	0.01510	0.01405	0.00916	0.03072	0.69813	0.07552	0.02362	0.02156	0.01752	0.00784	0.00591	0.00196	0.00463	0.00652	0.00601	0.00925
42	0.01010	0.00505	0.00758	0.00758	0.00758	0.00505	0.00505	0.00758	0.00758	0.01010	0.01010	0.01768	0.01010	0.02020	0.02273	0.83081	0.00505	0.00505	0.00253	0.00253
43	0.01272	0.01272	0.01781	0.01527	0.01527	0.01781	0.01272	0.01399	0.00891	0.01399	0.00763	0.01272	0.00763	0.01018	0.01908	0.00254	0.78499	0.00509	0.00254	0.00636
44	0.01397	0.01320	0.02122	0.07072	0.59435	0.03357	0.01640	0.03313	0.01357	0.01885	0.01333	0.02055	0.01205	0.00660	0.00602	0.00185	0.00685	0.09199	0.00323	0.00855
45	0.83671	0.01125	0.00855	0.00765	0.01125	0.01305	0.00630	0.01709	0.00990	0.02609	0.00810	0.00945	0.00630	0.00540	0.00360	0.00180	0.00450	0.00315	0.00360	0.00630
46	0.03888	0.01185	0.01618	0.01399	0.01425	0.01627	0.01160	0.01395	0.00924	0.01503	0.00887	0.01370	0.00843	0.01074	0.04005	0.00262	0.66886	0.00509	0.07415	0.00624
47	0.01968	0.01484	0.01599	0.01262	0.01689	0.01628	0.01027	0.55975	0.13055	0.03278	0.01607	0.05373	0.01238	0.00752	0.00583	0.00176	0.00587	0.00589	0.00568	0.05561
48	0.00709	0.00506	0.00675	0.00810	0.00843	0.00472	0.00540	0.00810	0.01113	0.01484	0.03205	0.79184	0.03846	0.01822	0.00742	0.00236	0.00337	0.01653	0.00540	0.00472
49	0.02589	0.01021	0.01369	0.01050	0.01500	0.00902	0.00867	0.06379	0.01718	0.72718	0.02249	0.01950	0.01417	0.00719	0.00585	0.00180	0.00502	0.00582	0.00713	0.00990
50	0.01373	0.01569	0.03431	0.02451	0.03039	0.01471	0.73824	0.01863	0.01373	0.01863	0.01176	0.01569	0.00882	0.00490	0.00686	0.00196	0.00980	0.00686	0.00294	0.00784
51	0.01446	0.01249	0.01315	0.01183	0.01512	0.01446	0.00920	0.03090	0.74885	0.02433	0.02367	0.02170	0.01775	0.00789	0.00592	0.00197	0.00460	0.00657	0.00592	0.00920
52	0.00818	0.00594	0.00771	0.00726	0.00866	0.00547	0.00545	0.01088	0.01635	0.02305	0.73128	0.04389	0.08004	0.01199	0.00686	0.00183	0.00275	0.01058	0.00637	0.00547
53	0.00844	0.00568	0.00658	0.00658	0.00666	0.00577	0.00382	0.00861	0.00853	0.01145	0.01811	0.03685	0.02062	0.73606	0.08846	0.00593	0.00643	0.00828	0.00349	0.00366
54	0.02080	0.01564	0.01672	0.01312	0.01754	0.01742	0.01074	0.61854	0.15090	0.03454	0.01562	0.01529	0.01124	0.00714	0.00583	0.00178	0.00609	0.00546	0.00583	0.00977
55	0.01084	0.00542	0.00542	0.00542	0.00678	0.00542	0.00407	0.01355	0.01220	0.02168	0.01897	0.02168	0.01491	0.00678	0.00407	0.00136	0.00271	0.00542	0.82791	0.00542
56	0.00691	0.00573	0.00606	0.00631	0.00797	0.00487	0.00461	0.00830	0.01285	0.01554	0.05376	0.19711	0.61918	0.01540	0.00698	0.00204	0.00303	0.01309	0.00540	0.00487
57	0.00831	0.00623	0.00935	0.00935	0.01038	0.00727	0.00727	0.01038	0.00935	0.01350	0.01558	0.02285	0.01454	0.04361	0.77259	0.00935	0.01558	0.00623	0.00312	0.00519
58	0.00722	0.00519	0.00685	0.00794	0.00845	0.00482	0.00538	0.00845	0.01184	0.01590	0.12075	0.68098	0.05994	0.01736	0.00734	0.00229	0.00329	0.01569	0.00552	0.00482
59	0.00752	0.00537	0.00725	0.00860	0.00913	0.00510	0.00616	0.00886	0.01157	0.01534	0.03181	0.65206	0.03750	0.01780	0.00754	0.00242	0.00376	0.15197	0.00539	0.00484
60	0.01144	0.01099	0.01914	0.67079	0.09236	0.01312	0.06956	0.01536	0.01190	0.01544	0.01049	0.01544	0.00794	0.00570	0.00589	0.00192	0.00784	0.00529	0.00263	0.00676
61	0.00991	0.00809	0.00969	0.00844	0.01161	0.00659	0.00666	0.01206	0.01233	0.01746	0.02547	0.15983	0.14070	0.01037	0.00589	0.00161	0.00411	0.12985	0.00442	0.41491
62	0.01316	0.32739	0.48134	0.01401	0.02121	0.01718	0.01703	0.01803	0.01210	0.01659	0.00953	0.01114	0.00740	0.00531	0.00483	0.00161	0.00768	0.00384	0.00247	0.00816
63	0.01088	0.01023	0.01716	0.76257	0.03926	0.01272	0.01586	0.01470	0.01167	0.01488	0.01153	0.01650	0.02619	0.00603	0.00584	0.00194	0.00763	0.00534	0.00265	0.00642
64	0.01433	0.01209	0.01278	0.01149	0.01474	0.01383	0.00894	0.02966	0.69372	0.04070	0.02549	0.02344	0.05633	0.00823	0.00597	0.00197	0.00452	0.00686	0.00592	0.00900
65	0.02148	0.01504	0.01643	0.01281	0.01721	0.01644	0.01050	0.59843	0.07556	0.10558	0.01609	0.04014	0.01179	0.00743	0.00588	0.00179	0.00604	0.00575	0.00594	0.00968
66	0.02088	0.01529	0.01660	0.01265	0.01736	0.01636	0.01042	0.62039	0.02496	0.05680	0.01375	0.01389	0.00986	0.00663	0.00562	0.00163	0.00607	0.00501	0.00554	0.12030
67	0.01260	0.01268	0.01898	0.01586	0.01648	0.01699	0.08234	0.01426	0.00939	0.01442	0.00843	0.01351	0.00809	0.01134	0.05544	0.00283	0.67199	0.00532	0.00261	0.00645
68	0.02329	0.01035	0.01341	0.01033	0.01483	0.00919	0.00846	0.04978	0.07094	0.58913	0.02109	0.01875	0.01376	0.00687	0.00565	0.00169	0.00489	0.00557	0.00658	0.11542
69	0.00722	0.00523	0.00682	0.00785	0.00843	0.00483	0.00534	0.00848	0.01195	0.01597	0.12529	0.64794	0.08878	0.01719	0.00731	0.00227	0.00327	0.01549	0.00552	0.00483
70	0.00709	0.00506	0.00675	0.00810	0.00843	0.00472	0.00540	0.00810	0.01113	0.01484	0.03205	0.79184	0.03846	0.01822	0.00742	0.00236	0.00337	0.01653	0.00540	0.00472
71	0.01406	0.05101	0.01801	0.01485	0.01553	0.12748	0.01225	0.01541	0.01015	0.01400	0.00803	0.01247	0.00776	0.01009	0.03353	0.00249	0.61897	0.00483	0.00262	0.00644
72	0.02184	0.01562	0.01692	0.01306	0.01758	0.01715	0.01075	0.68183	0.02631	0.07217	0.01497	0.03837	0.01100	0.00734	0.00587	0.00177	0.00623	0.00562	0.00587	0.00973
73	0.00835	0.00606	0.00849	0.00849	0.00923	0.00680	0.00620	0.00984	0.00909	0.01287	0.01636	0.02717	0.01642	0.25765	0.56112	0.00829	0.01275	0.00686	0.00323	0.00472
74	0.01077	0.00543	0.00545	0.00545	0.00676	0.00543	0.00405	0.01339	0.01208	0.02135	0.01895	0.02220	0.01510	0.03158	0.00487	0.00149	0.00280	0.00552	0.80200	0.00536
75	0.01186	0.01129	0.01785	0.57233	0.12452	0.03151	0.03262	0.02959	0.03881	0.01624	0.01338	0.01746	0.04567	0.00626	0.00587	0.00190	0.00739	0.00558	0.00296	0.00692
76	0.00792	0.00612	0.00725	0.00700	0.00864	0.00554	0.00530	0.01054	0.03444	0.02030	0.45204	0.04826	0.31808	0.01298	0.00687	0.00191	0.00295	0.03252	0.00598	0.00536
77	0.00807	0.00649	0.00733	0.00756	0.00925	0.00607	0.00575	0.01116	0.08409	0.01725	0.10653	0.17881	0.41322	0.01459	0.00702	0.00211	0.00346	0.10031	0.00553	0.00540
78	0.01134	0.01053	0.01744	0.75689	0.03934	0.01308	0.01599	0.03823	0.01213	0.01556	0.01045	0.01545	0.00782	0.00585	0.00581	0.00193	0.00771	0.00517	0.00269	0.00657
79	0.02461	0.01057	0.01372	0.01066	0.01503	0.00974	0.00876	0.09485	0.06328	0.63348	0.03771	0.01987	0.01504	0.00732	0.00587	0.00181	0.00502	0.00593	0.00697	0.00976
80	0.01384	0.01195	0.01255	0.01135	0.01452	0.01368	0.00881	0.02905	0.68842	0.02362	0.02656	0.02451	0.07848	0.00845	0.00600	0.00197	0.00447	0.00704	0.00587	0.00885
81	0.01084	0.00542	0.00542	0.00542	0.00678	0.00542	0.00407	0.01355	0.01220	0.02168	0.01897	0.02168	0.01491	0.00678	0.00407	0.00136	0.00271	0.00542	0.82791	0.00542
82	0.01785	0.02032	0.01821	0.11357	0.22875	0.41485	0.01345	0.02023	0.01466	0.03275	0.01032	0.01296	0.00848	0.00746	0.04000	0.00198	0.00925	0.00448	0.00301	0.00740
83	0.04676	0.01039	0.01358	0.01050	0.01494	0.00943	0.00866	0.06841	0.04546	0.67419	0.02207	0.01926	0.01406	0.00716	0.00579	0.00180	0.00501	0.00577	0.00697	0.00977
84	0.00895	0.00609	0.00785	0.00740	0.00891	0.00555	0.00555	0.01147	0.01591	0.05909	0.62301	0.08627	0.10741	0.01224	0.00684	0.00187	0.00291	0.01077	0.00630	0.00562
85	0.00760	0.00583	0.00697	0.00688	0.00835	0.00519	0.00508	0.00969	0.01470	0.01959	0.41990	0.12996	0.31196	0.01363	0.00693	0.00194	0.00289	0.01182	0.00592	0.00519
86	0.02120	0.01445	0.01588	0.01243	0.01669	0.01567	0.01027	0.58217	0.02456	0.11282	0.01608	0.01764	0.01186	0.00744	0.00582	0.00177	0.00596	0.04093	0.05698	0.00939
87	0.01220	0.00769	0.00962	0.00857	0.01078	0.00750	0.00661	0.01717	0.13998	0.14454	0.51280	0.03590	0.04199	0.01045	0.00653	0.00185	0.00342	0.00909	0.00645	0.00684
88	0.00820	0.00592	0.00775	0.00734	0.00868	0.00547	0.00548	0.01090	0.01633	0.02311	0.73808	0.06225	0.05446	0.01205	0.00687	0.00184	0.00276	0.01067	0.00638	0.00547
89	0.02220	0.01614	0.01736	0.01331	0.01796	0.01781	0.01099	0.72302	0.02709	0.05396	0.01418	0.01410	0.01000	0.00699	0.00582	0.00175	0.00636	0.00525	0.00585	0.00989
90	0.01516	0.52534	0.12301	0.01139	0.01645	0.05762	0.01140	0.02014	0.13833	0.01615	0.01111	0.01189	0.00921	0.00560	0.00442	0.00146	0.00647	0.00389	0.00310	0.00787
91	0.02393	0.01058	0.01360	0.01066	0.01494	0.00987	0.00873	0.08701	0.09669	0.59952	0.04582	0.02028	0.01568	0.00740	0.00589	0.00181	0.00496	0.00603	0.00692	0.00968
92	0.01098	0.01034	0.01744	0.78165	0.04005	0.01292	0.01615	0.01486	0.01163	0.01486	0.01034	0.01550	0.00775	0.00581	0.00581	0.00194	0.00775	0.00517	0.00258	0.00646
93	0.01446	0.01249	0.01315	0.01183	0.01512	0.01446	0.00920	0.03090	0.74885	0.02433	0.02367	0.02170	0.01775	0.00789	0.00592	0.00197	0.00460	0.00657	0.00592	0.00920
94	0.01518	0.01681	0.01745	0.01519	0.01601	0.22348	0.01232	0.01651	0.01097	0.01406	0.00800	0.01211	0.00759	0.00904	0.01531	0.00226	0.57385	0.00472	0.00267	0.00646
95	0.01166	0.03008	0.76550	0.01657	0.02517	0.01351	0.02149	0.01842	0.01228	0.01842	0.01044	0.01228	0.00737	0.00552	0.00552	0.00184	0.00859	0.00430	0.00246	0.00859

[dist]
# distance from previous block
# <min> <max>
0	31

[block]
# block no. 3 follows, 40 sequences, length 16
# corresponding to MSA columns:
# 312-327
name=unknown_D
#
# <colnr> <probs for GDERKNQSTAVLIFYWHMCP>
#	G	D	E	R	K	N	Q	S	T	A	V	L	I	F	Y	W	H	M	C	P
0	0.01166	0.03008	0.76550	0.01657	0.02517	0.01351	0.02149	0.01842	0.01228	0.01842	0.01044	0.01228	0.00737	0.00552	0.00552	0.00184	0.00859	0.00430	0.00246	0.00859
1	0.01197	0.09163	0.70667	0.01604	0.02435	0.01427	0.02056	0.01834	0.01224	0.01804	0.01025	0.01204	0.00737	0.00548	0.00538	0.00179	0.00840	0.00420	0.00246	0.00850
2	0.01555	0.79913	0.03047	0.00995	0.01493	0.02301	0.00995	0.01741	0.01182	0.01368	0.00808	0.00933	0.00746	0.00498	0.00373	0.00124	0.00622	0.00311	0.00249	0.00746
3	0.00711	0.00517	0.00664	0.00780	0.00830	0.00477	0.00523	0.00814	0.01128	0.01482	0.03454	0.68576	0.11686	0.04382	0.00810	0.00243	0.00340	0.01579	0.00534	0.00470
4	0.00835	0.00559	0.00637	0.00648	0.00651	0.00556	0.00367	0.00843	0.00867	0.01156	0.01942	0.09838	0.02253	0.73341	0.02782	0.00538	0.00546	0.00910	0.00367	0.00362
5	0.01421	0.01142	0.01226	0.01094	0.01409	0.01276	0.00853	0.04747	0.57155	0.06521	0.06906	0.02605	0.09344	0.00874	0.00606	0.00195	0.00440	0.00729	0.00596	0.00862
6	0.01034	0.00686	0.00946	0.01042	0.01201	0.00672	0.00905	0.01293	0.01360	0.06682	0.03180	0.06203	0.07151	0.01540	0.00782	0.00258	0.00520	0.63434	0.00548	0.00563
7	0.01989	0.01194	0.01384	0.01133	0.01522	0.01250	0.00912	0.18119	0.28063	0.29379	0.06994	0.02079	0.01731	0.00771	0.00593	0.00185	0.00499	0.00629	0.00639	0.00936
8	0.00941	0.00717	0.00998	0.00957	0.01058	0.00840	0.00734	0.05001	0.01016	0.01447	0.01529	0.02380	0.01472	0.14758	0.56779	0.00789	0.07082	0.00641	0.00328	0.00529
9	0.79124	0.01117	0.00882	0.00780	0.01145	0.01279	0.00642	0.01772	0.01027	0.06744	0.00893	0.01003	0.00675	0.00550	0.00372	0.00180	0.00452	0.00330	0.00380	0.00650
10	0.00709	0.00506	0.00675	0.00810	0.00843	0.00472	0.00540	0.00810	0.01113	0.01484	0.03205	0.79184	0.03846	0.01822	0.00742	0.00236	0.00337	0.01653	0.00540	0.00472
11	0.01272	0.01063	0.01340	0.00960	0.01478	0.00818	0.04906	0.01543	0.01234	0.04905	0.01093	0.01258	0.00886	0.00446	0.00452	0.00096	0.00465	0.00374	0.00357	0.75055
12	0.00730	0.00515	0.00668	0.00782	0.00811	0.00487	0.00510	0.00815	0.01071	0.01428	0.02990	0.67354	0.03574	0.14022	0.01090	0.00288	0.00373	0.01526	0.00510	0.00454
13	0.03261	0.05098	0.01997	0.09583	0.35240	0.15731	0.01427	0.10661	0.01510	0.01956	0.01171	0.01431	0.02410	0.00604	0.00607	0.00172	0.03884	0.00493	0.01949	0.00815
14	0.52767	0.11942	0.01246	0.06683	0.01388	0.01337	0.00760	0.01698	0.01136	0.06568	0.08700	0.01402	0.01209	0.00615	0.00425	0.00174	0.00483	0.00422	0.00387	0.00659
15	0.03688	0.48230	0.23979	0.01228	0.01798	0.06958	0.01333	0.01798	0.01212	0.01542	0.00881	0.01036	0.00741	0.00537	0.00480	0.00149	0.03032	0.00355	0.00254	0.00768

[dist]
# distance from previous block
# <min> <max>
0	1

[block]
# block no. 4 follows, 40 sequences, length 26
# corresponding to MSA columns:
# 329-354
name=unknown_E
#
# <colnr> <probs for GDERKNQSTAVLIFYWHMCP>
#	G	D	E	R	K	N	Q	S	T	A	V	L	I	F	Y	W	H	M	C	P
0	0.01592	0.75199	0.02962	0.01026	0.01511	0.06879	0.01003	0.01777	0.01210	0.01372	0.00814	0.00940	0.00746	0.00504	0.00382	0.00126	0.00648	0.00315	0.00252	0.00742
1	0.03503	0.21841	0.46859	0.01503	0.05385	0.01546	0.01700	0.01893	0.01250	0.07893	0.01085	0.01219	0.00802	0.00551	0.00507	0.00168	0.00752	0.00414	0.00290	0.00839
2	0.01405	0.01347	0.02299	0.11038	0.68734	0.01373	0.01768	0.01755	0.01308	0.01858	0.01088	0.01450	0.00907	0.00524	0.00576	0.00175	0.00699	0.00518	0.00285	0.00894
3	0.09991	0.00607	0.00583	0.00573	0.00722	0.00626	0.00426	0.01352	0.01165	0.02132	0.01774	0.02167	0.01448	0.06989	0.00606	0.00175	0.00314	0.00542	0.67272	0.00536
4	0.00820	0.00602	0.00762	0.00851	0.00925	0.00590	0.00587	0.03975	0.05711	0.01669	0.06220	0.68029	0.03673	0.01685	0.00724	0.00229	0.00355	0.01520	0.00549	0.00524
5	0.02043	0.01460	0.01593	0.01260	0.01676	0.01599	0.01025	0.57816	0.07832	0.07818	0.01686	0.08519	0.01333	0.00808	0.00597	0.00182	0.00590	0.00639	0.00587	0.00937
6	0.00844	0.00631	0.00822	0.02560	0.01074	0.00617	0.00723	0.01092	0.04135	0.01670	0.06697	0.29095	0.14127	0.03060	0.00789	0.00245	0.00428	0.30333	0.00535	0.00523
7	0.00708	0.00510	0.00671	0.00800	0.00841	0.00473	0.00535	0.00811	0.01123	0.01488	0.03328	0.75827	0.07124	0.01806	0.00740	0.00234	0.00335	0.01634	0.00540	0.00473
8	0.02039	0.02485	0.01676	0.01531	0.03293	0.61935	0.01150	0.05385	0.03118	0.01550	0.00939	0.01121	0.00786	0.00655	0.00691	0.00165	0.10069	0.00406	0.00313	0.00694
9	0.02399	0.01136	0.01421	0.01097	0.01533	0.01089	0.00903	0.21620	0.01947	0.52727	0.06340	0.01963	0.01556	0.00741	0.00590	0.00179	0.00520	0.00596	0.00678	0.00964
10	0.00815	0.00594	0.00766	0.00723	0.00864	0.00545	0.00542	0.01082	0.01627	0.02288	0.71555	0.04417	0.09589	0.01205	0.00686	0.00184	0.00276	0.01062	0.00634	0.00545
11	0.01183	0.06342	0.73363	0.01629	0.02472	0.01392	0.02099	0.01837	0.01226	0.01821	0.01033	0.01215	0.00737	0.00550	0.00545	0.00182	0.00849	0.00425	0.00246	0.00855
12	0.01166	0.03008	0.76550	0.01657	0.02517	0.01351	0.02149	0.01842	0.01228	0.01842	0.01044	0.01228	0.00737	0.00552	0.00552	0.00184	0.00859	0.00430	0.00246	0.00859
13	0.01434	0.01269	0.01293	0.01173	0.01486	0.04789	0.00913	0.02903	0.65860	0.02360	0.05666	0.02361	0.01949	0.00825	0.00600	0.00197	0.00481	0.02981	0.00579	0.00880
14	0.00723	0.00595	0.00637	0.00645	0.00818	0.00517	0.00477	0.00913	0.03007	0.01668	0.13499	0.14196	0.57343	0.01466	0.00692	0.00200	0.00301	0.01245	0.00553	0.00505
15	0.02002	0.01270	0.01371	0.01089	0.01465	0.03182	0.00886	0.41186	0.02136	0.16485	0.01672	0.01686	0.01190	0.00694	0.00537	0.00165	0.00532	0.00536	0.21046	0.00870
16	0.01098	0.01034	0.01744	0.78165	0.04005	0.01292	0.01615	0.01486	0.01163	0.01486	0.01034	0.01550	0.00775	0.00581	0.00581	0.00194	0.00775	0.00517	0.00258	0.00646
17	0.01373	0.01569	0.03431	0.02451	0.03039	0.01471	0.73824	0.01863	0.01373	0.01863	0.01176	0.01569	0.00882	0.00490	0.00686	0.00196	0.00980	0.00686	0.00294	0.00784
18	0.00709	0.00506	0.00675	0.00810	0.00843	0.00472	0.00540	0.00810	0.01113	0.01484	0.03205	0.79184	0.03846	0.01822	0.00742	0.00236	0.00337	0.01653	0.00540	0.00472
19	0.01120	0.01060	0.01768	0.71059	0.06396	0.01324	0.01601	0.01491	0.01153	0.01495	0.01020	0.01530	0.00780	0.00605	0.00659	0.00197	0.05313	0.00516	0.00259	0.00655
20	0.02587	0.01025	0.01372	0.01052	0.01502	0.00907	0.00869	0.06793	0.01724	0.72295	0.02244	0.01947	0.01414	0.00719	0.00585	0.00180	0.00503	0.00581	0.00712	0.00990
21	0.01084	0.00542	0.00542	0.00542	0.00678	0.00542	0.00407	0.01355	0.01220	0.02168	0.01897	0.02168	0.01491	0.00678	0.00407	0.00136	0.00271	0.00542	0.82791	0.00542
22	0.01422	0.01364	0.02329	0.07313	0.72326	0.01377	0.01776	0.01770	0.01316	0.01879	0.01091	0.01445	0.00914	0.00521	0.00576	0.00174	0.00695	0.00518	0.00286	0.00907
23	0.02451	0.01157	0.01404	0.01092	0.01525	0.04371	0.00895	0.14404	0.01838	0.58070	0.05105	0.01940	0.01502	0.00730	0.00586	0.00178	0.00534	0.00585	0.00675	0.00957
24	0.01453	0.01281	0.01771	0.01352	0.01803	0.01258	0.15601	0.14660	0.17419	0.02289	0.01484	0.04271	0.01188	0.00632	0.00594	0.00158	0.02642	0.00563	0.00434	0.29147
25	0.01953	0.01277	0.01487	0.06167	0.01727	0.01358	0.00993	0.40232	0.05348	0.17587	0.01837	0.12326	0.01492	0.00848	0.00602	0.00184	0.00565	0.00694	0.00578	0.02745

[dist]
# distance from previous block
# <min> <max>
6	17

[block]
# block no. 5 follows, 40 sequences, length 70
# corresponding to MSA columns:
# 373-412,416-445
name=unknown_F
#
# <colnr> <probs for GDERKNQSTAVLIFYWHMCP>
#	G	D	E	R	K	N	Q	S	T	A	V	L	I	F	Y	W	H	M	C	P
0	0.08164	0.59971	0.14206	0.01090	0.01628	0.03688	0.01147	0.01767	0.01183	0.01543	0.00847	0.00982	0.00735	0.00512	0.00403	0.00139	0.00654	0.00331	0.00258	0.00753
1	0.00751	0.00586	0.00726	0.00750	0.00867	0.00530	0.02504	0.00882	0.01204	0.01534	0.07735	0.31499	0.31956	0.11965	0.01014	0.00261	0.00372	0.03871	0.00513	0.00478
2	0.03889	0.02825	0.70214	0.01589	0.02395	0.01311	0.02027	0.01802	0.01234	0.01878	0.03062	0.01429	0.00922	0.00594	0.00556	0.00186	0.00823	0.02162	0.00267	0.00836
3	0.01438	0.01185	0.01375	0.01018	0.01513	0.01052	0.02363	0.16935	0.06372	0.02304	0.01201	0.01317	0.00949	0.00512	0.00479	0.00115	0.00489	0.00410	0.00410	0.58563
4	0.00709	0.00506	0.00675	0.00810	0.00843	0.00472	0.00540	0.00810	0.01113	0.01484	0.03205	0.79184	0.03846	0.01822	0.00742	0.00236	0.00337	0.01653	0.00540	0.00472
5	0.01373	0.01569	0.03431	0.02451	0.03039	0.01471	0.73824	0.01863	0.01373	0.01863	0.01176	0.01569	0.00882	0.00490	0.00686	0.00196	0.00980	0.00686	0.00294	0.00784
6	0.03944	0.17810	0.01791	0.03223	0.01645	0.22874	0.01011	0.10025	0.21342	0.03635	0.01556	0.01580	0.04021	0.00685	0.00554	0.00167	0.02439	0.00497	0.00417	0.00786
7	0.02143	0.04732	0.01706	0.01517	0.03315	0.68986	0.01133	0.06745	0.01696	0.01571	0.00931	0.01075	0.00767	0.00601	0.00525	0.00151	0.01005	0.00385	0.00316	0.00701
8	0.01111	0.00917	0.01077	0.00842	0.01242	0.00727	0.00650	0.01376	0.03175	0.01843	0.03250	0.13535	0.01518	0.02970	0.00562	0.00130	0.00412	0.00594	0.03124	0.60944
9	0.01563	0.59131	0.08040	0.01149	0.01619	0.05713	0.02788	0.01785	0.01202	0.03972	0.00885	0.01040	0.00774	0.00561	0.00546	0.00145	0.07709	0.00358	0.00269	0.00750
10	0.00723	0.00515	0.00681	0.00805	0.00841	0.00483	0.00539	0.00827	0.01117	0.01492	0.04816	0.72035	0.03785	0.05755	0.00855	0.00252	0.00352	0.03126	0.00533	0.00469
11	0.01166	0.03008	0.76550	0.01657	0.02517	0.01351	0.02149	0.01842	0.01228	0.01842	0.01044	0.01228	0.00737	0.00552	0.00552	0.00184	0.00859	0.00430	0.00246	0.00859
12	0.01177	0.05078	0.74571	0.01640	0.02489	0.01376	0.02118	0.01839	0.01227	0.01829	0.01037	0.01220	0.00737	0.00551	0.00548	0.00183	0.00853	0.00427	0.00246	0.00856
13	0.63919	0.08705	0.01185	0.00868	0.01242	0.01447	0.00732	0.08273	0.01181	0.04505	0.00901	0.01021	0.00699	0.00569	0.00432	0.00176	0.02741	0.00346	0.00376	0.00683
14	0.00827	0.00601	0.00844	0.00852	0.00925	0.00671	0.00622	0.00977	0.00923	0.01302	0.01723	0.07182	0.01760	0.23105	0.54099	0.00800	0.01236	0.00739	0.00335	0.00475
15	0.01084	0.00542	0.00542	0.00542	0.00678	0.00542	0.00407	0.01355	0.01220	0.02168	0.01897	0.02168	0.01491	0.00678	0.00407	0.00136	0.00271	0.00542	0.82791	0.00542
16	0.01326	0.01277	0.02192	0.27341	0.45128	0.01361	0.06428	0.01745	0.04177	0.01786	0.01130	0.01512	0.00905	0.00547	0.00585	0.00182	0.00728	0.00534	0.00291	0.00824
17	0.02534	0.01109	0.01424	0.01091	0.01544	0.01032	0.00902	0.16170	0.01865	0.62719	0.02126	0.01870	0.01355	0.00716	0.00584	0.00179	0.00522	0.00573	0.00694	0.00990
18	0.00726	0.00522	0.00686	0.00788	0.00841	0.00485	0.00534	0.00852	0.01191	0.01600	0.13456	0.64749	0.06492	0.03168	0.00774	0.00233	0.00331	0.01539	0.00550	0.00481
19	0.00713	0.00510	0.00679	0.00807	0.00844	0.00475	0.00540	0.00821	0.01134	0.01518	0.06062	0.76231	0.03911	0.01797	0.00740	0.00234	0.00335	0.01629	0.00544	0.00475
20	0.06549	0.00620	0.00606	0.00585	0.00748	0.00638	0.00447	0.04012	0.01259	0.02251	0.01807	0.02060	0.01416	0.00669	0.00410	0.00140	0.00296	0.00526	0.74397	0.00564
21	0.01107	0.01051	0.01798	0.75758	0.03974	0.01298	0.03911	0.01498	0.01169	0.01498	0.01038	0.01551	0.00779	0.00578	0.00585	0.00194	0.00782	0.00522	0.00260	0.00650
22	0.00704	0.00522	0.00658	0.00767	0.00832	0.00476	0.00521	0.00815	0.01155	0.01501	0.03728	0.64869	0.17824	0.01754	0.00732	0.00228	0.00329	0.01570	0.00540	0.00476
23	0.01098	0.01034	0.01744	0.78165	0.04005	0.01292	0.01615	0.01486	0.01163	0.01486	0.01034	0.01550	0.00775	0.00581	0.00581	0.00194	0.00775	0.00517	0.00258	0.00646
24	0.00846	0.00564	0.00634	0.00634	0.00634	0.00564	0.00352	0.00846	0.00846	0.01128	0.01832	0.03805	0.02114	0.79563	0.02960	0.00564	0.00564	0.00846	0.00352	0.00352
25	0.01098	0.01034	0.01744	0.78165	0.04005	0.01292	0.01615	0.01486	0.01163	0.01486	0.01034	0.01550	0.00775	0.00581	0.00581	0.00194	0.00775	0.00517	0.00258	0.00646
26	0.01439	0.01382	0.02360	0.03569	0.75936	0.01382	0.01785	0.01785	0.01324	0.01900	0.01094	0.01439	0.00921	0.00518	0.00576	0.00173	0.00691	0.00518	0.00288	0.00921
27	0.01227	0.01206	0.01695	0.01466	0.01477	0.01674	0.01217	0.01363	0.00895	0.01394	0.00844	0.01375	0.00834	0.01359	0.09589	0.00324	0.70656	0.00521	0.00260	0.00624
28	0.00841	0.00568	0.00662	0.00665	0.00675	0.00576	0.00390	0.00862	0.00860	0.01156	0.01840	0.05435	0.02095	0.70994	0.09575	0.00589	0.00648	0.00845	0.00353	0.00370
29	0.00856	0.00655	0.00933	0.00927	0.01000	0.00763	0.00698	0.01015	0.00939	0.01338	0.01717	0.11150	0.01761	0.14415	0.51801	0.00746	0.07683	0.00762	0.00338	0.00500
30	0.01272	0.01272	0.01781	0.01527	0.01527	0.01781	0.01272	0.01399	0.00891	0.01399	0.00763	0.01272	0.00763	0.01018	0.01908	0.00254	0.78499	0.00509	0.00254	0.00636
31	0.01089	0.00672	0.00857	0.00790	0.00977	0.00619	0.00599	0.01386	0.04678	0.13091	0.48369	0.11095	0.11118	0.01189	0.00672	0.00189	0.00323	0.01039	0.00631	0.00617
32	0.00738	0.00533	0.00693	0.00774	0.00840	0.00494	0.00531	0.00880	0.01244	0.01679	0.20304	0.55280	0.08484	0.03675	0.00783	0.00230	0.00326	0.01466	0.00558	0.00488
33	0.01365	0.01151	0.01177	0.01124	0.01373	0.09673	0.00905	0.03634	0.28682	0.05910	0.11164	0.03699	0.02578	0.01075	0.00663	0.00212	0.00535	0.23801	0.00552	0.00728
34	0.01355	0.00916	0.00826	0.00751	0.00952	0.08012	0.00579	0.12266	0.01486	0.02320	0.01728	0.01947	0.01345	0.00673	0.00444	0.00143	0.00400	0.00523	0.62713	0.00621
35	0.00898	0.00645	0.00890	0.01020	0.01142	0.00637	0.00867	0.01139	0.01308	0.01700	0.03186	0.16403	0.05716	0.01631	0.00791	0.00261	0.00501	0.60202	0.00536	0.00525
