[name]
unknown

[dist]
# distance from previous block
# <min> <max>
1	94

[block]
# block no. 0 follows, 51 sequences, length 13
# corresponding to MSA columns:
# 128-140
name=unknown_A
#
# <colnr> <probs for GDERKNQSTAVLIFYWHMCP>
#	G	D	E	R	K	N	Q	S	T	A	V	L	I	F	Y	W	H	M	C	P
0	0.33229	0.04181	0.06282	0.00831	0.04285	0.00880	0.00674	0.01393	0.02609	0.11087	0.16227	0.08865	0.04798	0.00707	0.00442	0.00154	0.00381	0.00562	0.00395	0.02017
1	0.33671	0.00870	0.00917	0.03920	0.04033	0.00854	0.00623	0.01398	0.02782	0.08024	0.05535	0.01415	0.06112	0.00527	0.00390	0.00128	0.00380	0.00397	0.00346	0.27678
2	0.14305	0.01145	0.01237	0.08023	0.05987	0.15228	0.07581	0.06836	0.01172	0.01658	0.05361	0.15307	0.01333	0.00678	0.00472	0.00147	0.00531	0.00573	0.00330	0.12096
3	0.59881	0.01011	0.00881	0.00766	0.01047	0.05559	0.00626	0.01562	0.00947	0.12828	0.00979	0.01059	0.02848	0.00538	0.00462	0.00157	0.07600	0.00337	0.00340	0.00574
4	0.00767	0.00534	0.00719	0.07805	0.00997	0.00519	0.00566	0.00937	0.01132	0.05686	0.26891	0.27253	0.10172	0.06083	0.00707	0.00196	0.00331	0.07789	0.00460	0.00456
5	0.46463	0.00996	0.00921	0.00772	0.01102	0.05219	0.00627	0.01794	0.06821	0.22658	0.01133	0.01128	0.00806	0.00507	0.00381	0.00146	0.00417	0.00353	0.00395	0.07362
6	0.02578	0.01056	0.01928	0.08279	0.01983	0.01041	0.37964	0.01647	0.10196	0.11643	0.07699	0.01852	0.07036	0.00592	0.00567	0.00164	0.02160	0.00604	0.00360	0.00650
7	0.00958	0.00589	0.00718	0.00686	0.00852	0.00546	0.00513	0.01213	0.08020	0.15817	0.16203	0.26651	0.23061	0.01124	0.00571	0.00171	0.00300	0.00977	0.00502	0.00527
8	0.07133	0.00527	0.00655	0.00693	0.00799	0.00501	0.00502	0.00955	0.01056	0.08931	0.12400	0.49715	0.07482	0.01275	0.00585	0.00185	0.00305	0.05369	0.00470	0.00463
9	0.01656	0.00732	0.00971	0.00788	0.01078	0.00652	0.00634	0.01901	0.04261	0.50804	0.25399	0.02389	0.05031	0.00752	0.00523	0.00154	0.00355	0.00635	0.00579	0.00707
10	0.11915	0.00936	0.01257	0.01233	0.14845	0.00887	0.00848	0.06158	0.01338	0.53128	0.01574	0.01464	0.01039	0.00560	0.00470	0.00151	0.00449	0.00455	0.00503	0.00790
11	0.25220	0.00687	0.00763	0.00695	0.00904	0.00690	0.00543	0.01335	0.01166	0.17492	0.28668	0.13603	0.02545	0.00855	0.00494	0.00162	0.00325	0.02832	0.00473	0.00548
12	0.01637	0.00748	0.00971	0.00801	0.01089	0.00679	0.00640	0.01930	0.08184	0.48922	0.15767	0.07089	0.07775	0.00786	0.00524	0.00158	0.00362	0.00663	0.00567	0.00709

[dist]
# distance from previous block
# <min> <max>
0	1

[block]
# block no. 1 follows, 51 sequences, length 7
# corresponding to MSA columns:
# 142-148
name=unknown_B
#
# <colnr> <probs for GDERKNQSTAVLIFYWHMCP>
#	G	D	E	R	K	N	Q	S	T	A	V	L	I	F	Y	W	H	M	C	P
0	0.01844	0.06033	0.01352	0.00975	0.01324	0.00891	0.07466	0.07148	0.05087	0.50883	0.01615	0.01543	0.01088	0.00698	0.00642	0.09226	0.00468	0.00480	0.00497	0.00739
1	0.21017	0.00635	0.00664	0.00687	0.00817	0.00672	0.00497	0.01089	0.09164	0.01541	0.02149	0.35924	0.07224	0.11510	0.00775	0.00219	0.00348	0.04201	0.00404	0.00461
2	0.00781	0.00531	0.00706	0.07738	0.00971	0.00531	0.00536	0.00941	0.04042	0.06217	0.07750	0.46783	0.02655	0.16345	0.00945	0.00240	0.00361	0.01061	0.00423	0.00440
3	0.00708	0.00545	0.00765	0.14785	0.01184	0.00557	0.00615	0.00894	0.01122	0.01525	0.32650	0.26431	0.05782	0.06941	0.00719	0.00195	0.00347	0.03354	0.00437	0.00445
4	0.00979	0.00926	0.01566	0.67594	0.16939	0.01105	0.01390	0.01300	0.01007	0.01318	0.00883	0.01293	0.00677	0.00482	0.00490	0.00161	0.00642	0.00437	0.00223	0.00587
5	0.10199	0.00797	0.00863	0.07816	0.01144	0.07639	0.00624	0.01335	0.01092	0.19302	0.06325	0.22240	0.07537	0.10003	0.00737	0.00200	0.00426	0.00762	0.00423	0.00534
6	0.00835	0.00548	0.00704	0.07685	0.00932	0.00536	0.00496	0.00966	0.01051	0.08235	0.24129	0.09604	0.10466	0.30244	0.01256	0.00275	0.00379	0.00809	0.00416	0.00434

[dist]
# distance from previous block
# <min> <max>
13	40

[block]
# block no. 2 follows, 51 sequences, length 22
# corresponding to MSA columns:
# 194-215
name=unknown_C
#
# <colnr> <probs for GDERKNQSTAVLIFYWHMCP>
#	G	D	E	R	K	N	Q	S	T	A	V	L	I	F	Y	W	H	M	C	P
0	0.11800	0.09792	0.02433	0.01110	0.05991	0.01182	0.05583	0.16525	0.12343	0.22029	0.01331	0.01312	0.00952	0.00538	0.00450	0.00145	0.00481	0.00431	0.00427	0.05145
1	0.46310	0.05010	0.15361	0.00856	0.02495	0.01041	0.00811	0.01495	0.00970	0.08776	0.04685	0.01094	0.00837	0.00517	0.00406	0.01966	0.00449	0.00342	0.00317	0.06264
2	0.20542	0.01141	0.07814	0.01781	0.35459	0.02333	0.01087	0.03667	0.01145	0.07732	0.11476	0.01464	0.01260	0.00539	0.00456	0.00149	0.00493	0.00456	0.00329	0.00679
3	0.00935	0.00642	0.00782	0.00693	0.00870	0.00616	0.00534	0.11139	0.01470	0.06857	0.53902	0.04958	0.11375	0.00951	0.00560	0.00154	0.00289	0.00822	0.00524	0.01927
4	0.01127	0.01048	0.06101	0.08656	0.01482	0.05660	0.06664	0.05945	0.15360	0.06314	0.13374	0.05839	0.01720	0.05091	0.01750	0.00177	0.00496	0.02355	0.00392	0.10449
5	0.07208	0.00976	0.05734	0.00771	0.01212	0.00720	0.00661	0.01343	0.01031	0.06489	0.00926	0.01045	0.00738	0.00392	0.00374	0.00088	0.00390	0.00306	0.00307	0.69287
6	0.00684	0.00499	0.00643	0.00613	0.00729	0.00458	0.00457	0.00902	0.01354	0.01897	0.71185	0.07094	0.09559	0.01043	0.00582	0.00157	0.00235	0.00920	0.00532	0.00458
7	0.01279	0.01086	0.06012	0.00992	0.01294	0.01113	0.00817	0.02406	0.60691	0.10630	0.01966	0.06579	0.01518	0.00700	0.00505	0.00166	0.00407	0.00587	0.00491	0.00758
8	0.00594	0.00469	0.00535	0.00581	0.00687	0.00411	0.00412	0.00707	0.01059	0.01329	0.07666	0.36754	0.44348	0.01355	0.00600	0.00179	0.00263	0.01179	0.00460	0.00411
9	0.01157	0.01214	0.11979	0.32362	0.06861	0.01117	0.12505	0.11312	0.03146	0.05499	0.05897	0.02636	0.01027	0.00544	0.00509	0.00159	0.00621	0.00497	0.00307	0.00650
10	0.00854	0.00427	0.00640	0.00640	0.00640	0.00427	0.00427	0.00640	0.00640	0.00854	0.00854	0.01494	0.00854	0.01707	0.01921	0.85702	0.00427	0.00427	0.00213	0.00213
11	0.05429	0.11583	0.01613	0.18979	0.04311	0.04356	0.07221	0.13465	0.11438	0.07715	0.01125	0.01274	0.00851	0.00547	0.00538	0.00153	0.05969	0.00434	0.02332	0.00668
12	0.11818	0.12330	0.01554	0.17704	0.10754	0.33442	0.01033	0.03410	0.01179	0.01420	0.00792	0.00994	0.00646	0.00480	0.00425	0.00137	0.00687	0.00345	0.00251	0.00598
13	0.00602	0.00488	0.00535	0.00546	0.00683	0.00420	0.00401	0.00739	0.01137	0.01422	0.16872	0.16484	0.55453	0.01250	0.00588	0.00169	0.00252	0.01068	0.00470	0.00420
14	0.01299	0.01273	0.05009	0.06814	0.01474	0.12012	0.00876	0.07668	0.48222	0.01917	0.01611	0.01581	0.01215	0.00611	0.00479	0.00156	0.00492	0.00491	0.06086	0.00713
15	0.00922	0.00520	0.00634	0.00591	0.00729	0.00515	0.05209	0.01163	0.01046	0.01790	0.01637	0.02067	0.01340	0.00619	0.00382	0.00126	0.00282	0.05917	0.74040	0.00470
16	0.01573	0.01055	0.01172	0.00949	0.01271	0.01122	0.00767	0.35558	0.17026	0.16115	0.06574	0.01946	0.09958	0.00705	0.00507	0.00154	0.00434	0.00566	0.01796	0.00750
17	0.00614	0.00431	0.00573	0.00675	0.00706	0.00404	0.00451	0.00689	0.00938	0.01250	0.04435	0.74312	0.04500	0.03010	0.00715	0.03844	0.00293	0.01325	0.00445	0.00391
18	0.01437	0.01167	0.01581	0.06903	0.20587	0.01245	0.06166	0.39118	0.01680	0.02273	0.01285	0.10575	0.01114	0.00657	0.00515	0.00157	0.00547	0.01866	0.00392	0.00735
19	0.01383	0.53332	0.03907	0.00920	0.01283	0.12415	0.00846	0.01619	0.05882	0.06482	0.00989	0.06023	0.00887	0.00537	0.00397	0.00124	0.01688	0.00379	0.00276	0.00632
20	0.01248	0.01178	0.01970	0.02926	0.75908	0.01185	0.01481	0.05186	0.01176	0.01677	0.00937	0.01215	0.00781	0.00445	0.00487	0.00146	0.00582	0.00438	0.00255	0.00781
21	0.01465	0.11767	0.01668	0.21468	0.13234	0.06271	0.01105	0.27021	0.01491	0.06372	0.01006	0.01174	0.00760	0.00524	0.00493	0.00146	0.02580	0.00412	0.00336	0.00705

[dist]
# distance from previous block
# <min> <max>
0	2

[block]
# block no. 3 follows, 51 sequences, length 62
# corresponding to MSA columns:
# 218-279
name=unknown_D
#
# <colnr> <probs for GDERKNQSTAVLIFYWHMCP>
#	G	D	E	R	K	N	Q	S	T	A	V	L	I	F	Y	W	H	M	C	P
0	0.17068	0.07874	0.06599	0.09407	0.29529	0.13065	0.01146	0.01616	0.06411	0.01615	0.00902	0.01095	0.00727	0.00473	0.00433	0.00145	0.00589	0.00377	0.00266	0.00664
1	0.01455	0.01059	0.01314	0.02498	0.01409	0.01127	0.06719	0.30457	0.16148	0.10931	0.09435	0.05620	0.01572	0.00711	0.00540	0.00159	0.01844	0.03885	0.00475	0.02641
2	0.00958	0.00743	0.05376	0.00851	0.05138	0.00635	0.00654	0.01302	0.08064	0.11108	0.49227	0.03083	0.08079	0.00887	0.00553	0.00157	0.00319	0.01798	0.00504	0.00564
3	0.00980	0.00927	0.01568	0.67326	0.17199	0.01106	0.01391	0.01301	0.01007	0.01319	0.00883	0.01293	0.00677	0.00482	0.00490	0.00161	0.00642	0.00437	0.00223	0.00588
4	0.00862	0.00609	0.00852	0.05469	0.00947	0.00633	0.05803	0.00931	0.00817	0.05745	0.01491	0.07240	0.01604	0.54731	0.03729	0.02288	0.04860	0.00689	0.00310	0.00389
5	0.00597	0.00436	0.00561	0.00661	0.00707	0.00401	0.00446	0.00687	0.00963	0.01263	0.02987	0.72895	0.12584	0.01503	0.00622	0.00195	0.00281	0.01353	0.00456	0.00401
6	0.00599	0.00428	0.00570	0.00684	0.00713	0.00399	0.00456	0.00684	0.00941	0.01254	0.02709	0.82409	0.03250	0.01540	0.00627	0.00200	0.00285	0.01397	0.00456	0.00399
7	0.01293	0.01204	0.01796	0.13882	0.41792	0.04455	0.05071	0.13731	0.04087	0.01767	0.00977	0.01230	0.00781	0.00504	0.00556	0.00154	0.05262	0.00444	0.00288	0.00726
8	0.19174	0.11803	0.01397	0.01087	0.01371	0.54805	0.00850	0.01796	0.01230	0.01404	0.00735	0.00856	0.00612	0.00486	0.00399	0.00129	0.00738	0.00300	0.00259	0.00569
9	0.00730	0.00507	0.00656	0.00625	0.00745	0.00464	0.00466	0.00941	0.01336	0.04453	0.65679	0.10583	0.08851	0.01053	0.00581	0.00159	0.00244	0.00929	0.00531	0.00467
10	0.01736	0.01403	0.01471	0.01157	0.01519	0.10018	0.05469	0.54757	0.07839	0.03978	0.01217	0.01244	0.00884	0.00576	0.00486	0.00146	0.00568	0.00447	0.04311	0.00775
11	0.86201	0.00950	0.00722	0.00646	0.00950	0.01102	0.00532	0.01445	0.00836	0.02205	0.00684	0.00798	0.00532	0.00456	0.00304	0.00152	0.00380	0.00266	0.00304	0.00532
12	0.02520	0.02124	0.58714	0.01406	0.07270	0.01122	0.01567	0.05954	0.05759	0.01718	0.06387	0.01283	0.00973	0.00521	0.00477	0.00155	0.00646	0.00419	0.00268	0.00718
13	0.02205	0.00836	0.01140	0.00874	0.01254	0.00722	0.00722	0.02395	0.01407	0.80004	0.01939	0.01673	0.01216	0.00608	0.00494	0.00152	0.00418	0.00494	0.00608	0.00836
14	0.01275	0.01134	0.01833	0.14218	0.58729	0.02315	0.01403	0.05616	0.01183	0.06122	0.00986	0.01249	0.00786	0.00465	0.00487	0.00149	0.00587	0.00439	0.00274	0.00748
15	0.01121	0.00891	0.01044	0.00752	0.01184	0.00693	0.00604	0.04283	0.01092	0.06256	0.00948	0.01064	0.00761	0.00387	0.00377	0.00080	0.00374	0.00309	0.00318	0.77464
16	0.86201	0.00950	0.00722	0.00646	0.00950	0.01102	0.00532	0.01445	0.00836	0.02205	0.00684	0.00798	0.00532	0.00456	0.00304	0.00152	0.00380	0.00266	0.00304	0.00532
17	0.00943	0.00888	0.01500	0.77560	0.07258	0.01096	0.01372	0.01268	0.00990	0.01273	0.00876	0.01305	0.00661	0.00489	0.00491	0.00163	0.00651	0.00437	0.00220	0.00558
18	0.00599	0.00428	0.00570	0.00684	0.00713	0.00399	0.00456	0.00684	0.00941	0.01254	0.02709	0.82409	0.03250	0.01540	0.00627	0.00200	0.00285	0.01397	0.00456	0.00399
19	0.00643	0.00470	0.00609	0.00697	0.00747	0.00452	0.00475	0.00816	0.05441	0.01362	0.09259	0.71024	0.03269	0.01444	0.00616	0.00194	0.00286	0.01305	0.00466	0.00426
20	0.08005	0.00844	0.01112	0.00859	0.01233	0.00749	0.00709	0.02329	0.01367	0.74632	0.01852	0.01612	0.01169	0.00598	0.00481	0.00152	0.00416	0.00478	0.00587	0.00815
21	0.00591	0.00481	0.00523	0.00548	0.00679	0.00413	0.00398	0.00711	0.01090	0.01341	0.07988	0.23381	0.57540	0.01304	0.00592	0.00173	0.00257	0.01117	0.00460	0.00413
22	0.00780	0.00557	0.00779	0.00892	0.01000	0.00556	0.00772	0.00998	0.01120	0.01458	0.02608	0.10114	0.02853	0.01368	0.00676	0.00225	0.00443	0.71899	0.00453	0.00449
23	0.86201	0.00950	0.00722	0.00646	0.00950	0.01102	0.00532	0.01445	0.00836	0.02205	0.00684	0.00798	0.00532	0.00456	0.00304	0.00152	0.00380	0.00266	0.00304	0.00532
24	0.01019	0.00873	0.01019	0.00728	0.01165	0.00655	0.00582	0.01237	0.01019	0.01601	0.00873	0.01019	0.00728	0.00364	0.00364	0.00073	0.00364	0.00291	0.00291	0.85734
25	0.01868	0.01376	0.01475	0.01131	0.01524	0.01524	0.00934	0.78025	0.02311	0.03097	0.01180	0.01180	0.00836	0.00590	0.00492	0.00147	0.00541	0.00442	0.00492	0.00836
26	0.86201	0.00950	0.00722	0.00646	0.00950	0.01102	0.00532	0.01445	0.00836	0.02205	0.00684	0.00798	0.00532	0.00456	0.00304	0.00152	0.00380	0.00266	0.00304	0.00532
27	0.01894	0.01335	0.01449	0.01111	0.01503	0.01462	0.00918	0.72207	0.02241	0.09014	0.01238	0.01218	0.00865	0.00591	0.00492	0.00148	0.00531	0.00446	0.00501	0.00836
28	0.86201	0.00950	0.00722	0.00646	0.00950	0.01102	0.00532	0.01445	0.00836	0.02205	0.00684	0.00798	0.00532	0.00456	0.00304	0.00152	0.00380	0.00266	0.00304	0.00532
29	0.01216	0.01168	0.01995	0.03016	0.79664	0.01168	0.01508	0.01508	0.01119	0.01605	0.00924	0.01216	0.00778	0.00438	0.00487	0.00146	0.00584	0.00438	0.00243	0.00778
30	0.01222	0.01056	0.01111	0.01000	0.01278	0.01222	0.00778	0.02611	0.78776	0.02056	0.02000	0.01833	0.01500	0.00667	0.00500	0.00167	0.00389	0.00556	0.00500	0.00778
31	0.01301	0.01095	0.01156	0.01016	0.01308	0.01259	0.00797	0.11847	0.69412	0.02183	0.01900	0.01753	0.01419	0.00657	0.00499	0.00164	0.00408	0.00542	0.00499	0.00785
32	0.00598	0.00430	0.00568	0.00678	0.00711	0.00400	0.00454	0.00685	0.00947	0.01257	0.02782	0.79911	0.05701	0.01530	0.00626	0.00198	0.00284	0.01385	0.00456	0.00400
33	0.00599	0.00428	0.00570	0.00684	0.00713	0.00399	0.00456	0.00684	0.00941	0.01254	0.02709	0.82409	0.03250	0.01540	0.00627	0.00200	0.00285	0.01397	0.00456	0.00399
34	0.06630	0.02174	0.01335	0.01212	0.01470	0.70698	0.00914	0.01977	0.06704	0.01319	0.00841	0.00947	0.00687	0.00515	0.00439	0.00131	0.00823	0.00330	0.00273	0.00582
35	0.00956	0.00561	0.00730	0.00655	0.00822	0.00505	0.00503	0.01169	0.01365	0.15937	0.58249	0.04578	0.10112	0.00961	0.00565	0.00156	0.00268	0.00838	0.00545	0.00526
36	0.00599	0.00428	0.00570	0.00684	0.00713	0.00399	0.00456	0.00684	0.00941	0.01254	0.02709	0.82409	0.03250	0.01540	0.00627	0.00200	0.00285	0.01397	0.00456	0.00399
37	0.02197	0.00849	0.01148	0.00880	0.01261	0.00740	0.00727	0.04106	0.01427	0.78264	0.01922	0.01662	0.01208	0.00608	0.00494	0.00152	0.00421	0.00493	0.00606	0.00836
38	0.82450	0.00961	0.00756	0.02065	0.01008	0.01114	0.00557	0.03502	0.00879	0.02212	0.00701	0.00817	0.00543	0.00460	0.00312	0.00152	0.00389	0.00274	0.00308	0.00541
39	0.01144	0.01294	0.02801	0.07559	0.02625	0.01232	0.72596	0.01552	0.01148	0.01552	0.00986	0.01325	0.00739	0.00420	0.00574	0.00166	0.00817	0.00570	0.00246	0.00655
40	0.00685	0.00520	0.00642	0.00702	0.00788	0.00506	0.00501	0.00940	0.09423	0.01438	0.11035	0.51630	0.12330	0.01343	0.00606	0.00189	0.00296	0.05506	0.00470	0.00452
41	0.04294	0.00935	0.01190	0.01064	0.06088	0.02205	0.04872	0.08330	0.13605	0.16816	0.06623	0.04154	0.01498	0.00716	0.01645	0.00158	0.00453	0.08425	0.00434	0.16494
42	0.01912	0.00858	0.01150	0.00985	0.05394	0.00796	0.00748	0.08418	0.02705	0.57879	0.01774	0.02747	0.01227	0.05670	0.05217	0.00208	0.00490	0.00514	0.00537	0.00772
43	0.07708	0.01376	0.01400	0.01092	0.01470	0.06163	0.00896	0.64175	0.02106	0.07031	0.01161	0.01162	0.00823	0.00577	0.00476	0.00147	0.00544	0.00426	0.00471	0.00799
44	0.01230	0.01009	0.01229	0.02209	0.10131	0.00906	0.00774	0.16241	0.03649	0.03133	0.00990	0.01112	0.00785	0.00431	0.00411	0.00101	0.00429	0.00350	0.00335	0.54547
45	0.01186	0.01103	0.01519	0.52402	0.11337	0.07301	0.01270	0.13732	0.02528	0.01600	0.00938	0.01255	0.00710	0.00505	0.00487	0.00156	0.00642	0.00430	0.00272	0.00624
46	0.00617	0.00452	0.00583	0.00670	0.00729	0.00418	0.00469	0.00729	0.01012	0.01333	0.08830	0.60964	0.13285	0.01448	0.00621	0.00194	0.00288	0.06487	0.00462	0.00410
47	0.01204	0.01219	0.06220	0.15285	0.08458	0.04866	0.02154	0.09270	0.01053	0.03579	0.00822	0.01147	0.00693	0.00681	0.01044	0.00184	0.40823	0.00428	0.00259	0.00613
48	0.00599	0.00428	0.00570	0.00684	0.00713	0.00399	0.00456	0.00684	0.00941	0.01254	0.02709	0.82409	0.03250	0.01540	0.00627	0.00200	0.00285	0.01397	0.00456	0.00399
49	0.01593	0.01264	0.01413	0.01126	0.01474	0.03660	0.05282	0.48484	0.19478	0.02622	0.05553	0.01559	0.01223	0.00634	0.00506	0.00154	0.00514	0.02208	0.00474	0.00776
50	0.86201	0.00950	0.00722	0.00646	0.00950	0.01102	0.00532	0.01445	0.00836	0.02205	0.00684	0.00798	0.00532	0.00456	0.00304	0.00152	0.00380	0.00266	0.00304	0.00532
51	0.00842	0.00646	0.00839	0.05592	0.01015	0.00721	0.00629	0.08226	0.01045	0.01454	0.03317	0.40211	0.03874	0.06279	0.05359	0.00237	0.11456	0.00939	0.06851	0.00470
52	0.00609	0.00440	0.00577	0.00668	0.00713	0.00407	0.00453	0.00714	0.01002	0.01342	0.11771	0.69600	0.06958	0.01463	0.00620	0.00193	0.00277	0.01321	0.00466	0.00407
53	0.03048	0.16453	0.30340	0.01025	0.01418	0.01100	0.01085	0.03358	0.05455	0.01442	0.01306	0.16003	0.01257	0.03657	0.08898	0.00232	0.02459	0.00573	0.00289	0.00602
54	0.00883	0.00543	0.00680	0.00625	0.00773	0.00490	0.00466	0.01062	0.01263	0.12601	0.44655	0.05670	0.18192	0.09009	0.00757	0.00189	0.00286	0.00859	0.00508	0.00488
55	0.01836	0.02342	0.01393	0.01266	0.01519	0.80756	0.00950	0.01962	0.01393	0.01203	0.00760	0.00886	0.00633	0.00506	0.00443	0.00127	0.00886	0.00317	0.00253	0.00570
56	0.86201	0.00950	0.00722	0.00646	0.00950	0.01102	0.00532	0.01445	0.00836	0.02205	0.00684	0.00798	0.00532	0.00456	0.00304	0.00152	0.00380	0.00266	0.00304	0.00532
57	0.01015	0.02456	0.01527	0.27356	0.23421	0.03376	0.06602	0.01336	0.03620	0.01522	0.12875	0.03449	0.01552	0.00646	0.00524	0.00162	0.00556	0.07090	0.00310	0.00605
58	0.01096	0.00985	0.05281	0.02273	0.01277	0.00732	0.00684	0.04870	0.01093	0.04363	0.00925	0.01055	0.00743	0.00391	0.00382	0.00085	0.00399	0.00312	0.00306	0.72750
59	0.02556	0.02647	0.01036	0.07826	0.03676	0.00889	0.00729	0.19725	0.04117	0.08578	0.03069	0.11746	0.06501	0.11818	0.00789	0.00207	0.00447	0.08468	0.04593	0.00584
60	0.01622	0.11699	0.01484	0.01010	0.01362	0.01363	0.00847	0.45173	0.02967	0.08709	0.03694	0.02952	0.01014	0.00603	0.00527	0.00142	0.05151	0.00448	0.02351	0.06884
61	0.01591	0.01708	0.09563	0.06842	0.11925	0.27514	0.03351	0.20210	0.04772	0.06316	0.01029	0.01142	0.00775	0.00522	0.00475	0.00144	0.00682	0.00403	0.00333	0.00702

[dist]
# distance from previous block
# <min> <max>
0	1

[block]
# block no. 4 follows, 51 sequences, length 17
# corresponding to MSA columns:
# 281,289-304
name=unknown_E
#
# <colnr> <probs for GDERKNQSTAVLIFYWHMCP>
#	G	D	E	R	K	N	Q	S	T	A	V	L	I	F	Y	W	H	M	C	P
0	0.10678	0.01170	0.05299	0.06536	0.29738	0.04346	0.02326	0.12838	0.03597	0.08890	0.01220	0.09000	0.01037	0.00597	0.00481	0.00154	0.00533	0.00514	0.00345	0.00702
1	0.24934	0.00911	0.03714	0.08492	0.03033	0.00888	0.00749	0.06104	0.02460	0.24187	0.02730	0.09285	0.04724	0.00672	0.00456	0.00156	0.00426	0.01665	0.00419	0.03996
2	0.08946	0.00633	0.00840	0.00813	0.00900	0.00754	0.00630	0.00942	0.00809	0.01253	0.01420	0.09493	0.03740	0.07754	0.46561	0.00550	0.12630	0.00598	0.00287	0.00448
3	0.01128	0.01082	0.01812	0.23340	0.52243	0.01180	0.01429	0.01411	0.01048	0.01474	0.00884	0.01227	0.00733	0.00492	0.00596	0.00157	0.08397	0.00437	0.00234	0.00695
4	0.00709	0.00548	0.00752	0.00689	0.00795	0.00516	0.06080	0.00847	0.01057	0.01424	0.27585	0.10103	0.15682	0.27457	0.03394	0.00282	0.00391	0.00868	0.00412	0.00411
5	0.18221	0.00858	0.01061	0.00831	0.01197	0.00795	0.00686	0.02214	0.01298	0.65169	0.01700	0.01506	0.01086	0.00579	0.00458	0.00152	0.00411	0.00451	0.00550	0.00778
6	0.00707	0.00506	0.00684	0.00684	0.00736	0.00557	0.00483	0.00810	0.00759	0.01063	0.01413	0.02464	0.01460	0.36498	0.48287	0.00660	0.00968	0.00605	0.00278	0.00380
7	0.00688	0.00500	0.00648	0.00616	0.00731	0.00460	0.00460	0.00910	0.01365	0.01921	0.73907	0.06341	0.07543	0.01032	0.00581	0.00157	0.00234	0.00912	0.00535	0.00460
8	0.01090	0.00946	0.01682	0.60446	0.03043	0.01082	0.14167	0.01418	0.01053	0.08864	0.00996	0.01348	0.00724	0.00490	0.00506	0.00163	0.00662	0.00466	0.00261	0.00593
9	0.01160	0.01326	0.02900	0.02071	0.02568	0.01243	0.77879	0.01574	0.01160	0.01574	0.00994	0.01326	0.00746	0.00414	0.00580	0.00166	0.00829	0.00580	0.00249	0.00663
10	0.01060	0.20816	0.62562	0.01274	0.01930	0.01324	0.01594	0.01537	0.01029	0.01465	0.00837	0.00981	0.00624	0.00456	0.00432	0.00144	0.00681	0.00340	0.00208	0.00705
11	0.01314	0.83025	0.02575	0.00841	0.01261	0.01945	0.00841	0.01472	0.00999	0.01156	0.00683	0.00788	0.00631	0.00420	0.00315	0.00105	0.00526	0.00263	0.00210	0.00631
12	0.00595	0.00442	0.00555	0.00645	0.00702	0.00402	0.00439	0.00689	0.00979	0.01270	0.03187	0.66045	0.19305	0.01477	0.00617	0.00192	0.00277	0.01321	0.00456	0.00402
13	0.00715	0.00476	0.00536	0.00536	0.00536	0.00476	0.00298	0.00715	0.00715	0.00953	0.01548	0.03216	0.01787	0.82729	0.02501	0.00476	0.00476	0.00715	0.00298	0.00298
14	0.00711	0.00491	0.00612	0.00612	0.00638	0.00518	0.00392	0.00763	0.00737	0.01009	0.01479	0.02832	0.01620	0.59136	0.25867	0.00570	0.00727	0.00658	0.00287	0.00340
15	0.01788	0.01329	0.01432	0.01093	0.01490	0.01442	0.00901	0.70750	0.02188	0.02955	0.01151	0.01165	0.00826	0.00569	0.00480	0.00140	0.00524	0.00428	0.00473	0.08879
16	0.01133	0.01270	0.02745	0.01986	0.02455	0.01193	0.72222	0.01533	0.01158	0.01567	0.01112	0.01635	0.00898	0.00483	0.00587	0.00170	0.00801	0.06141	0.00264	0.00647

[dist]
# distance from previous block
# <min> <max>
0	34

[block]
# block no. 5 follows, 51 sequences, length 18
# corresponding to MSA columns:
# 339-356
name=unknown_F
#
# <colnr> <probs for GDERKNQSTAVLIFYWHMCP>
#	G	D	E	R	K	N	Q	S	T	A	V	L	I	F	Y	W	H	M	C	P
0	0.00609	0.00435	0.00582	0.00696	0.00729	0.00408	0.00474	0.00702	0.00951	0.01266	0.02703	0.78367	0.03228	0.01530	0.00630	0.00201	0.00294	0.05338	0.00456	0.00402
1	0.01288	0.01088	0.01148	0.01013	0.01303	0.01253	0.00794	0.10245	0.71036	0.02161	0.01917	0.01767	0.01433	0.00659	0.00499	0.00165	0.00404	0.00544	0.00499	0.00784
2	0.00718	0.00529	0.00683	0.00626	0.00765	0.00477	0.00472	0.00949	0.01365	0.01945	0.73847	0.03483	0.04360	0.00959	0.00564	0.00149	0.00241	0.00846	0.00523	0.06498
3	0.00955	0.00891	0.01503	0.71310	0.11028	0.01081	0.01353	0.01264	0.00987	0.01280	0.00878	0.01306	0.00673	0.00520	0.00531	0.02582	0.00641	0.00437	0.00221	0.00560
4	0.00986	0.02542	0.80183	0.01401	0.02127	0.01141	0.01816	0.01556	0.01038	0.01556	0.00882	0.01038	0.00623	0.00467	0.00467	0.00156	0.00726	0.00363	0.00208	0.00726
5	0.01177	0.01016	0.01068	0.00965	0.01234	0.01165	0.00749	0.02476	0.73281	0.02004	0.02211	0.02038	0.07017	0.00708	0.00506	0.00167	0.00379	0.00590	0.00497	0.00752
6	0.00599	0.00428	0.00570	0.00684	0.00713	0.00399	0.00456	0.00684	0.00941	0.01254	0.02709	0.82409	0.03250	0.01540	0.00627	0.00200	0.00285	0.01397	0.00456	0.00399
7	0.01609	0.01213	0.01488	0.03548	0.01570	0.01309	0.08666	0.54168	0.03674	0.05267	0.01385	0.11267	0.01148	0.00689	0.00518	0.00157	0.00534	0.00578	0.00459	0.00754
8	0.00652	0.00471	0.00615	0.00710	0.00769	0.00446	0.00518	0.00769	0.00986	0.01291	0.02801	0.51344	0.09798	0.07309	0.00770	0.00223	0.00336	0.19342	0.00444	0.00406
9	0.02205	0.00836	0.01140	0.00874	0.01254	0.00722	0.00722	0.02395	0.01407	0.80004	0.01939	0.01673	0.01216	0.00608	0.00494	0.00152	0.00418	0.00494	0.00608	0.00836
10	0.02075	0.00824	0.01105	0.00859	0.01221	0.00723	0.00705	0.02306	0.04121	0.72541	0.03936	0.01836	0.04112	0.00643	0.00500	0.00153	0.00407	0.00525	0.00597	0.00810
11	0.01038	0.10555	0.63861	0.01417	0.02088	0.01234	0.10050	0.01550	0.01047	0.01518	0.00874	0.01044	0.00637	0.00456	0.00464	0.00152	0.00717	0.00377	0.00212	0.00710
12	0.00599	0.00428	0.00570	0.00684	0.00713	0.00399	0.00456	0.00684	0.00941	0.01254	0.02709	0.82409	0.03250	0.01540	0.00627	0.00200	0.00285	0.01397	0.00456	0.00399
13	0.01172	0.01263	0.02599	0.13649	0.02621	0.01239	0.61724	0.06447	0.01208	0.01626	0.00988	0.01314	0.00738	0.00437	0.00561	0.00164	0.00785	0.00550	0.00260	0.00657
14	0.00686	0.00561	0.00629	0.00722	0.00776	0.05578	0.00499	0.00783	0.00988	0.01265	0.02698	0.69604	0.07070	0.01449	0.00615	0.00194	0.00329	0.04697	0.00443	0.00413
15	0.06599	0.00978	0.01250	0.04007	0.02913	0.00864	0.07580	0.08427	0.03967	0.01779	0.00942	0.01092	0.00753	0.00413	0.00403	0.00101	0.00439	0.00347	0.00311	0.56834
16	0.05378	0.16900	0.24922	0.06298	0.03450	0.05679	0.16382	0.01618	0.07005	0.02751	0.00942	0.01121	0.00727	0.00486	0.00509	0.00150	0.04358	0.00406	0.00254	0.00665
17	0.00998	0.05714	0.01155	0.00931	0.02625	0.00898	0.08436	0.12605	0.13429	0.01749	0.06448	0.11145	0.28373	0.00931	0.00544	0.00164	0.00403	0.02440	0.00433	0.00580

[dist]
# distance from previous block
# <min> <max>
0	1

[block]
# block no. 6 follows, 51 sequences, length 29
# corresponding to MSA columns:
# 359-387
name=unknown_G
#
# <colnr> <probs for GDERKNQSTAVLIFYWHMCP>
#	G	D	E	R	K	N	Q	S	T	A	V	L	I	F	Y	W	H	M	C	P
0	0.01655	0.01248	0.01369	0.01122	0.03793	0.01361	0.00885	0.54368	0.15181	0.04067	0.01342	0.03292	0.01006	0.00607	0.00488	0.00147	0.00496	0.00476	0.00473	0.06625
1	0.06206	0.05679	0.01059	0.00824	0.03485	0.00775	0.00642	0.02940	0.04462	0.28172	0.14979	0.02115	0.10290	0.00680	0.00474	0.00138	0.00369	0.00558	0.00465	0.15690
2	0.01138	0.04678	0.61931	0.01376	0.04656	0.03569	0.01609	0.07484	0.01165	0.04818	0.01021	0.01142	0.02246	0.00496	0.00468	0.00152	0.00684	0.00386	0.00253	0.00727
3	0.01201	0.08706	0.45832	0.09544	0.07308	0.01172	0.01483	0.03181	0.01098	0.11633	0.01002	0.01143	0.00719	0.00498	0.00502	0.00153	0.03456	0.00388	0.00269	0.00713
4	0.00984	0.00931	0.01576	0.66180	0.18312	0.01107	0.01393	0.01305	0.01009	0.01324	0.00883	0.01292	0.00679	0.00481	0.00490	0.00160	0.00641	0.00437	0.00223	0.00591
5	0.01173	0.37662	0.38597	0.01118	0.01664	0.03374	0.01289	0.04589	0.01077	0.01425	0.00863	0.03544	0.00719	0.00487	0.00406	0.00134	0.00621	0.00354	0.00229	0.00675
6	0.02574	0.06652	0.30314	0.17347	0.13496	0.01128	0.01377	0.04715	0.01148	0.15064	0.01065	0.01214	0.00762	0.00494	0.00468	0.00152	0.00613	0.00407	0.00297	0.00713
7	0.00702	0.00523	0.00773	0.00770	0.00858	0.00599	0.00595	0.00877	0.00834	0.01200	0.07350	0.02097	0.01506	0.05451	0.72637	0.00733	0.01212	0.00559	0.00286	0.00437
8	0.00692	0.00502	0.00652	0.00615	0.00732	0.00462	0.00461	0.00921	0.01383	0.01951	0.77116	0.03703	0.06938	0.01012	0.00580	0.00155	0.00232	0.00893	0.00538	0.00462
9	0.03287	0.22388	0.05585	0.01234	0.04210	0.47254	0.03299	0.04843	0.01286	0.01329	0.00775	0.00904	0.00647	0.00480	0.00417	0.00126	0.00752	0.00322	0.00250	0.00613
10	0.01530	0.25708	0.09642	0.01244	0.04274	0.29033	0.07332	0.06513	0.03202	0.05888	0.00898	0.01007	0.00713	0.00482	0.00428	0.00131	0.00689	0.00355	0.00277	0.00655
11	0.00602	0.00442	0.00565	0.00654	0.00707	0.00405	0.00445	0.00701	0.00992	0.01306	0.07392	0.66884	0.14169	0.01467	0.00618	0.00192	0.00277	0.01317	0.00461	0.00405
12	0.00602	0.00445	0.00563	0.00646	0.00705	0.00406	0.00442	0.00704	0.01004	0.01316	0.08236	0.62962	0.17274	0.01450	0.00616	0.00190	0.00275	0.01297	0.00462	0.00406
13	0.06637	0.00602	0.00754	0.00686	0.00790	0.00597	0.03543	0.02272	0.00885	0.11731	0.01624	0.10773	0.01695	0.49961	0.05088	0.00378	0.00493	0.00707	0.00356	0.00425
14	0.01042	0.00993	0.01611	0.41900	0.31181	0.02491	0.01336	0.01336	0.01056	0.01428	0.06114	0.01414	0.00965	0.00524	0.00549	0.00158	0.04561	0.00465	0.00249	0.00626
15	0.00627	0.00459	0.00593	0.00693	0.00738	0.00438	0.00469	0.00775	0.04574	0.01294	0.02747	0.76224	0.05552	0.01490	0.00620	0.00197	0.00289	0.01347	0.00458	0.00417
16	0.86201	0.00950	0.00722	0.00646	0.00950	0.01102	0.00532	0.01445	0.00836	0.02205	0.00684	0.00798	0.00532	0.00456	0.00304	0.00152	0.00380	0.00266	0.00304	0.00532
17	0.00599	0.00428	0.00570	0.00684	0.00713	0.00399	0.00456	0.00684	0.00941	0.01254	0.02709	0.82409	0.03250	0.01540	0.00627	0.00200	0.00285	0.01397	0.00456	0.00399
18	0.00992	0.00569	0.00745	0.00663	0.00834	0.00513	0.00510	0.01209	0.01378	0.17595	0.59515	0.03332	0.08316	0.00939	0.00563	0.00155	0.00270	0.00818	0.00550	0.00536
19	0.01706	0.01565	0.01539	0.04783	0.17267	0.24140	0.01061	0.34047	0.01710	0.05928	0.01033	0.01132	0.00777	0.00532	0.00477	0.00142	0.00647	0.00408	0.00368	0.00736
20	0.01089	0.00542	0.00598	0.00549	0.00706	0.00530	0.00423	0.04068	0.01157	0.11545	0.08812	0.01959	0.01551	0.00617	0.00389	0.00124	0.00264	0.00502	0.64057	0.00519
21	0.01998	0.00817	0.01123	0.07077	0.01380	0.00730	0.00749	0.02194	0.01355	0.68681	0.02059	0.01848	0.06389	0.00642	0.00500	0.00154	0.00425	0.00526	0.00568	0.00786
22	0.01402	0.69605	0.04797	0.00885	0.01302	0.06306	0.00868	0.01573	0.01054	0.07258	0.00791	0.00870	0.00676	0.00441	0.00341	0.00112	0.00544	0.00287	0.00243	0.00646
23	0.01559	0.01223	0.01301	0.01068	0.01406	0.01380	0.00859	0.41984	0.38854	0.02599	0.01572	0.01492	0.01153	0.00627	0.00496	0.00157	0.00468	0.00497	0.00496	0.00808
24	0.00940	0.00887	0.00955	0.20798	0.01529	0.11472	0.02177	0.01146	0.01106	0.01408	0.03927	0.02506	0.27573	0.00757	0.00485	0.00144	0.00455	0.00625	0.12334	0.08776
25	0.00676	0.00502	0.00629	0.00597	0.00722	0.00455	0.00448	0.00889	0.01344	0.01858	0.66416	0.03856	0.17695	0.01047	0.00580	0.00157	0.00235	0.00915	0.00526	0.00455
26	0.86201	0.00950	0.00722	0.00646	0.00950	0.01102	0.00532	0.01445	0.00836	0.02205	0.00684	0.00798	0.00532	0.00456	0.00304	0.00152	0.00380	0.00266	0.00304	0.00532
27	0.01314	0.83025	0.02575	0.00841	0.01261	0.01945	0.00841	0.01472	0.00999	0.01156	0.00683	0.00788	0.00631	0.00420	0.00315	0.00105	0.00526	0.00263	0.00210	0.00631
28	0.02004	0.04982	0.06545	0.01073	0.07366	0.00844	0.00862	0.02226	0.01340	0.64880	0.01729	0.01552	0.01115	0.00577	0.00483	0.00150	0.00457	0.00470	0.00534	0.00814

[dist]
# distance from previous block
# <min> <max>
0	1

[block]
# block no. 7 follows, 51 sequences, length 79
# corresponding to MSA columns:
# 389-409,411-442,444-469
name=unknown_H
#
# <colnr> <probs for GDERKNQSTAVLIFYWHMCP>
#	G	D	E	R	K	N	Q	S	T	A	V	L	I	F	Y	W	H	M	C	P
0	0.01195	0.01146	0.01956	0.08824	0.74022	0.01162	0.01498	0.01490	0.01109	0.01580	0.00921	0.01223	0.00769	0.00442	0.00487	0.00147	0.00589	0.00438	0.00241	0.00761
1	0.00827	0.00617	0.00755	0.00698	0.00851	0.00617	0.00530	0.01285	0.16581	0.03439	0.62770	0.03273	0.03958	0.00931	0.00562	0.00157	0.00266	0.00816	0.00534	0.00532
2	0.00928	0.00873	0.01474	0.81548	0.03385	0.01092	0.01365	0.01256	0.00983	0.01256	0.00873	0.01310	0.00655	0.00491	0.00491	0.00164	0.00655	0.00437	0.00218	0.00546
3	0.86201	0.00950	0.00722	0.00646	0.00950	0.01102	0.00532	0.01445	0.00836	0.02205	0.00684	0.00798	0.00532	0.00456	0.00304	0.00152	0.00380	0.00266	0.00304	0.00532
4	0.00590	0.00484	0.00520	0.00540	0.00677	0.00414	0.00394	0.00712	0.01098	0.01345	0.08157	0.19925	0.60861	0.01291	0.00590	0.00172	0.00255	0.01101	0.00460	0.00414
5	0.01868	0.01376	0.01475	0.01131	0.01524	0.01524	0.00934	0.78025	0.02311	0.03097	0.01180	0.01180	0.00836	0.00590	0.00492	0.00147	0.00541	0.00442	0.00492	0.00836
6	0.86201	0.00950	0.00722	0.00646	0.00950	0.01102	0.00532	0.01445	0.00836	0.02205	0.00684	0.00798	0.00532	0.00456	0.00304	0.00152	0.00380	0.00266	0.00304	0.00532
7	0.86201	0.00950	0.00722	0.00646	0.00950	0.01102	0.00532	0.01445	0.00836	0.02205	0.00684	0.00798	0.00532	0.00456	0.00304	0.00152	0.00380	0.00266	0.00304	0.00532
8	0.00986	0.02542	0.80183	0.01401	0.02127	0.01141	0.01816	0.01556	0.01038	0.01556	0.00882	0.01038	0.00623	0.00467	0.00467	0.00156	0.00726	0.00363	0.00208	0.00726
9	0.01189	0.01140	0.01945	0.10505	0.72390	0.01160	0.01495	0.01484	0.01106	0.01572	0.00920	0.01225	0.00767	0.00443	0.00487	0.00148	0.00591	0.00438	0.00241	0.00756
10	0.01216	0.01168	0.01995	0.03016	0.79664	0.01168	0.01508	0.01508	0.01119	0.01605	0.00924	0.01216	0.00778	0.00438	0.00487	0.00146	0.00584	0.00438	0.00243	0.00778
11	0.00928	0.00873	0.01474	0.81548	0.03385	0.01092	0.01365	0.01256	0.00983	0.01256	0.00873	0.01310	0.00655	0.00491	0.00491	0.00164	0.00655	0.00437	0.00218	0.00546
12	0.00599	0.00428	0.00570	0.00684	0.00713	0.00399	0.00456	0.00684	0.00941	0.01254	0.02709	0.82409	0.03250	0.01540	0.00627	0.00200	0.00285	0.01397	0.00456	0.00399
13	0.01880	0.01357	0.01463	0.01122	0.01514	0.01496	0.00927	0.75340	0.02278	0.05828	0.01207	0.01197	0.00849	0.00591	0.00492	0.00148	0.00536	0.00444	0.00496	0.00836
14	0.00603	0.00454	0.00561	0.00640	0.00711	0.00411	0.00446	0.00709	0.01009	0.01303	0.05660	0.56472	0.23777	0.01438	0.00615	0.00190	0.00279	0.03856	0.00459	0.00407
15	0.07794	0.00844	0.01113	0.00859	0.01234	0.00748	0.00710	0.02332	0.01369	0.74827	0.01855	0.01614	0.01171	0.00598	0.00482	0.00152	0.00416	0.00479	0.00588	0.00816
16	0.00884	0.00465	0.00487	0.00482	0.00596	0.00459	0.00361	0.01113	0.01084	0.01853	0.13046	0.02103	0.01756	0.00636	0.00378	0.00120	0.00229	0.00521	0.72968	0.00459
17	0.00986	0.02542	0.80183	0.01401	0.02127	0.01141	0.01816	0.01556	0.01038	0.01556	0.00882	0.01038	0.00623	0.00467	0.00467	0.00156	0.00726	0.00363	0.00208	0.00726
18	0.00599	0.00428	0.00570	0.00684	0.00713	0.00399	0.00456	0.00684	0.00941	0.01254	0.02709	0.82409	0.03250	0.01540	0.00627	0.00200	0.00285	0.01397	0.00456	0.00399
19	0.00591	0.00496	0.00514	0.00520	0.00676	0.00419	0.00389	0.00721	0.01125	0.01358	0.08486	0.08575	0.70651	0.01249	0.00585	0.00168	0.00253	0.02346	0.00460	0.00417
20	0.06296	0.00910	0.01162	0.00895	0.01273	0.00841	0.00739	0.11813	0.01492	0.66551	0.01782	0.01568	0.01135	0.00598	0.00485	0.00151	0.00432	0.00476	0.00579	0.00821
21	0.01730	0.01303	0.01475	0.12958	0.01798	0.01460	0.00997	0.66734	0.02115	0.02826	0.01135	0.01199	0.00809	0.00575	0.00492	0.00150	0.00558	0.00442	0.00451	0.00793
22	0.01019	0.00873	0.01019	0.00728	0.01165	0.00655	0.00582	0.01237	0.01019	0.01601	0.00873	0.01019	0.00728	0.00364	0.00364	0.00073	0.00364	0.00291	0.00291	0.85734
23	0.01735	0.01293	0.01445	0.01221	0.06062	0.01418	0.00955	0.66728	0.02136	0.02866	0.01291	0.01568	0.01009	0.00649	0.00508	0.00154	0.00535	0.07156	0.00474	0.00798
24	0.00712	0.00506	0.00655	0.00645	0.00761	0.00466	0.00489	0.00918	0.01298	0.03222	0.56796	0.12379	0.10426	0.01106	0.00592	0.00167	0.00262	0.07623	0.00518	0.00459
25	0.00600	0.00499	0.00524	0.00518	0.00676	0.00423	0.00388	0.00742	0.01165	0.01435	0.17384	0.04553	0.66991	0.01205	0.00581	0.00164	0.00246	0.01012	0.00470	0.00423
26	0.00732	0.00476	0.00535	0.00535	0.00547	0.00478	0.00309	0.00756	0.00744	0.01035	0.01548	0.03066	0.01728	0.73745	0.04013	0.00451	0.00473	0.00688	0.07828	0.00315
27	0.01993	0.00791	0.01062	0.00842	0.01178	0.00695	0.00684	0.03537	0.01363	0.67815	0.01977	0.08812	0.01392	0.00689	0.00498	0.00154	0.00399	0.00571	0.04768	0.00779
28	0.01314	0.83025	0.02575	0.00841	0.01261	0.01945	0.00841	0.01472	0.00999	0.01156	0.00683	0.00788	0.00631	0.00420	0.00315	0.00105	0.00526	0.00263	0.00210	0.00631
29	0.00986	0.02542	0.80183	0.01401	0.02127	0.01141	0.01816	0.01556	0.01038	0.01556	0.00882	0.01038	0.00623	0.00467	0.00467	0.00156	0.00726	0.00363	0.00208	0.00726
30	0.01019	0.00873	0.01019	0.00728	0.01165	0.00655	0.00582	0.01237	0.01019	0.01601	0.00873	0.01019	0.00728	0.00364	0.00364	0.00073	0.00364	0.00291	0.00291	0.85734
31	0.01222	0.01056	0.01111	0.01000	0.01278	0.01222	0.00778	0.02611	0.78776	0.02056	0.02000	0.01833	0.01500	0.00667	0.00500	0.00167	0.00389	0.00556	0.00500	0.00778
32	0.01279	0.01084	0.01143	0.01012	0.01300	0.01249	0.00792	0.09281	0.72014	0.02148	0.01928	0.01776	0.01441	0.00660	0.00499	0.00165	0.00402	0.00546	0.00499	0.00783
33	0.86201	0.00950	0.00722	0.00646	0.00950	0.01102	0.00532	0.01445	0.00836	0.02205	0.00684	0.00798	0.00532	0.00456	0.00304	0.00152	0.00380	0.00266	0.00304	0.00532
34	0.00609	0.00441	0.00598	0.03171	0.00795	0.00420	0.00484	0.00702	0.00942	0.01255	0.02652	0.79915	0.03170	0.01507	0.00623	0.00198	0.00296	0.01368	0.00449	0.00404
35	0.01314	0.83025	0.02575	0.00841	0.01261	0.01945	0.00841	0.01472	0.00999	0.01156	0.00683	0.00788	0.00631	0.00420	0.00315	0.00105	0.00526	0.00263	0.00210	0.00631
36	0.02156	0.00914	0.01189	0.00911	0.01293	0.00838	0.00753	0.13328	0.01537	0.68886	0.01829	0.01601	0.01161	0.00606	0.00494	0.00151	0.00436	0.00487	0.00591	0.00836
37	0.00715	0.00476	0.00536	0.00536	0.00536	0.00476	0.00298	0.00715	0.00715	0.00953	0.01548	0.03216	0.01787	0.82729	0.02501	0.00476	0.00476	0.00715	0.00298	0.00298
38	0.08680	0.01292	0.02707	0.01945	0.02425	0.01230	0.71039	0.01563	0.01131	0.01630	0.00967	0.01279	0.00727	0.00418	0.00556	0.00164	0.00789	0.00552	0.00253	0.00651
39	0.02205	0.00836	0.01140	0.00874	0.01254	0.00722	0.00722	0.02395	0.01407	0.80004	0.01939	0.01673	0.01216	0.00608	0.00494	0.00152	0.00418	0.00494	0.00608	0.00836
40	0.01006	0.02348	0.68735	0.01453	0.02117	0.01172	0.08499	0.01536	0.01032	0.01536	0.00878	0.01065	0.00635	0.00485	0.00544	0.00160	0.05491	0.00386	0.00212	0.00710
41	0.01158	0.01138	0.02028	0.16585	0.55769	0.01165	0.11974	0.01473	0.01101	0.01540	0.00925	0.01248	0.00752	0.00444	0.00500	0.00152	0.00630	0.00457	0.00240	0.00722
42	0.00696	0.00502	0.00657	0.00618	0.00734	0.00464	0.00464	0.00927	0.01391	0.01971	0.79405	0.03671	0.04637	0.01005	0.00580	0.00155	0.00232	0.00889	0.00541	0.00464
43	0.00781	0.00558	0.00776	0.00872	0.00986	0.00554	0.00754	0.01008	0.01161	0.01528	0.11409	0.05329	0.03036	0.01317	0.00667	0.00218	0.00427	0.67702	0.00463	0.00454
44	0.02918	0.02286	0.64769	0.04290	0.02065	0.01191	0.01650	0.12068	0.01206	0.01771	0.00918	0.01062	0.00651	0.00484	0.00468	0.00155	0.00691	0.00375	0.00249	0.00731
45	0.01301	0.01038	0.01114	0.00990	0.01276	0.01182	0.00773	0.02594	0.72557	0.08322	0.01995	0.01821	0.01477	0.00662	0.00500	0.00166	0.00391	0.00551	0.00509	0.00783
46	0.00599	0.00428	0.00570	0.00684	0.00713	0.00399	0.00456	0.00684	0.00941	0.01254	0.02709	0.82409	0.03250	0.01540	0.00627	0.00200	0.00285	0.01397	0.00456	0.00399
47	0.01049	0.01023	0.01824	0.49699	0.19575	0.01143	0.14179	0.02997	0.01070	0.01423	0.00911	0.01290	0.00701	0.00469	0.00505	0.00160	0.00666	0.00461	0.00235	0.00622
48	0.05347	0.08498	0.03857	0.01993	0.15079	0.01257	0.50822	0.01519	0.01114	0.01563	0.00993	0.03834	0.00809	0.00458	0.00527	0.00157	0.00720	0.00535	0.00253	0.00665
49	0.00599	0.00428	0.00570	0.00684	0.00713	0.00399	0.00456	0.00684	0.00941	0.01254	0.02709	0.82409	0.03250	0.01540	0.00627	0.00200	0.00285	0.01397	0.00456	0.00399
50	0.02055	0.00815	0.01083	0.00842	0.01195	0.00721	0.00692	0.04755	0.01403	0.69275	0.03154	0.01703	0.01264	0.00611	0.00482	0.00149	0.00402	0.00496	0.08107	0.00797
51	0.01182	0.01555	0.23645	0.04581	0.03677	0.01148	0.36209	0.08300	0.01222	0.05535	0.01149	0.05095	0.00919	0.00538	0.00537	0.00164	0.00707	0.02864	0.00291	0.00683
52	0.01311	0.65143	0.13461	0.00947	0.01405	0.04234	0.00987	0.05266	0.01081	0.01310	0.00738	0.00846	0.00640	0.00438	0.00349	0.00115	0.00566	0.00287	0.00225	0.00652
53	0.81253	0.01032	0.00762	0.00683	0.00984	0.05774	0.00557	0.01475	0.00869	0.02146	0.00689	0.00803	0.00538	0.00459	0.00312	0.00151	0.00410	0.00269	0.00301	0.00534
54	0.01075	0.01075	0.01505	0.01290	0.01290	0.01505	0.01075	0.01183	0.00753	0.01183	0.00645	0.01075	0.00645	0.00860	0.01613	0.00215	0.81830	0.00430	0.00215	0.00538
55	0.01222	0.01056	0.01111	0.01000	0.01278	0.01222	0.00778	0.02611	0.78776	0.02056	0.02000	0.01833	0.01500	0.00667	0.00500	0.00167	0.00389	0.00556	0.00500	0.00778
56	0.00693	0.00502	0.00654	0.00616	0.00733	0.00463	0.00462	0.00923	0.01385	0.01957	0.77875	0.03693	0.06174	0.01010	0.00580	0.00155	0.00232	0.00892	0.00539	0.00463
57	0.00599	0.00491	0.00528	0.00534	0.00679	0.00420	0.00395	0.00734	0.01139	0.01410	0.15146	0.12755	0.60983	0.01242	0.00586	0.00168	0.00250	0.01054	0.00468	0.00420
58	0.01036	0.00503	0.00549	0.00517	0.00660	0.00487	0.00395	0.01261	0.01103	0.10276	0.08520	0.01978	0.01554	0.00615	0.00381	0.00122	0.00250	0.00500	0.68797	0.00499
59	0.01868	0.01376	0.01475	0.01131	0.01524	0.01524	0.00934	0.78025	0.02311	0.03097	0.01180	0.01180	0.00836	0.00590	0.00492	0.00147	0.00541	0.00442	0.00492	0.00836
60	0.00581	0.00498	0.00498	0.00498	0.00664	0.00415	0.00373	0.00705	0.01120	0.01328	0.04978	0.04729	0.79464	0.01245	0.00581	0.00166	0.00249	0.01037	0.00456	0.00415
61	0.01075	0.01075	0.01505	0.01290	0.01290	0.01505	0.01075	0.01183	0.00753	0.01183	0.00645	0.01075	0.00645	0.00860	0.01613	0.00215	0.81830	0.00430	0.00215	0.00538
62	0.01160	0.01326	0.02900	0.02071	0.02568	0.01243	0.77879	0.01574	0.01160	0.01574	0.00994	0.01326	0.00746	0.00414	0.00580	0.00166	0.00829	0.00580	0.00249	0.00663
63	0.01019	0.00873	0.01019	0.00728	0.01165	0.00655	0.00582	0.01237	0.01019	0.01601	0.00873	0.01019	0.00728	0.00364	0.00364	0.00073	0.00364	0.00291	0.00291	0.85734
64	0.00928	0.00873	0.01474	0.81548	0.03385	0.01092	0.01365	0.01256	0.00983	0.01256	0.00873	0.01310	0.00655	0.00491	0.00491	0.00164	0.00655	0.00437	0.00218	0.00546
