[name]
unknown

[dist]
# distance from previous block
# <min> <max>
0	70

[block]
# block no. 0 follows, 51 sequences, length 43
# corresponding to MSA columns:
# 679-710,734-744
name=unknown_A
#
# <colnr> <probs for GDERKNQSTAVLIFYWHMCP>
#	G	D	E	R	K	N	Q	S	T	A	V	L	I	F	Y	W	H	M	C	P
0	0.00752	0.00535	0.00687	0.00698	0.00744	0.00560	0.00504	0.00783	0.00858	0.01130	0.02175	0.14202	0.14248	0.22680	0.01475	0.17467	0.08473	0.11328	0.00341	0.00359
1	0.05676	0.04039	0.03206	0.01624	0.02831	0.06252	0.46558	0.01750	0.03345	0.15301	0.01140	0.01313	0.00825	0.00463	0.00522	0.00155	0.00696	0.00507	0.00321	0.03476
2	0.05624	0.01255	0.01337	0.01042	0.01396	0.01384	0.00853	0.65685	0.02104	0.02890	0.05128	0.01375	0.01058	0.03299	0.00549	0.00158	0.00506	0.00466	0.03119	0.00774
3	0.01556	0.00966	0.01214	0.03522	0.09645	0.00998	0.00827	0.27600	0.01548	0.22097	0.02332	0.12203	0.01332	0.02792	0.00574	0.00163	0.02209	0.00594	0.07117	0.00710
4	0.00966	0.00593	0.00765	0.00666	0.00858	0.00523	0.00514	0.01186	0.01348	0.14427	0.56762	0.03122	0.06140	0.00885	0.00545	0.00146	0.00275	0.00771	0.00524	0.08984
5	0.01247	0.63044	0.16671	0.00974	0.01446	0.01752	0.02531	0.01540	0.04515	0.01278	0.00785	0.00891	0.00671	0.00440	0.00356	0.00118	0.00562	0.00301	0.00224	0.00655
6	0.09523	0.03656	0.36388	0.01030	0.01495	0.00941	0.01134	0.01520	0.05040	0.09857	0.16243	0.04033	0.01578	0.00620	0.00473	0.00151	0.00511	0.00503	0.00350	0.04954
7	0.68749	0.04679	0.00891	0.00716	0.01031	0.01162	0.00593	0.06029	0.06645	0.04505	0.00847	0.00922	0.00645	0.00482	0.00336	0.00151	0.00398	0.00304	0.00334	0.00581
8	0.00715	0.00476	0.00536	0.00536	0.00536	0.00476	0.00298	0.00715	0.00715	0.00953	0.01548	0.03216	0.01787	0.82729	0.02501	0.00476	0.00476	0.00715	0.00298	0.00298
9	0.03224	0.00441	0.00642	0.00640	0.00649	0.00446	0.00430	0.00663	0.00646	0.00891	0.00849	0.01474	0.00845	0.01672	0.01876	0.83327	0.00426	0.00422	0.00216	0.00222
10	0.01376	0.14316	0.04032	0.05828	0.03209	0.01376	0.05576	0.07116	0.01080	0.15836	0.00975	0.01177	0.00770	0.00655	0.00932	0.00172	0.34194	0.00423	0.00309	0.00648
11	0.05183	0.03478	0.06441	0.36519	0.12080	0.01071	0.01180	0.06517	0.01182	0.19932	0.01136	0.01319	0.00805	0.00513	0.00476	0.00155	0.00572	0.00433	0.00333	0.00675
12	0.00619	0.00442	0.00584	0.00672	0.00709	0.00418	0.00452	0.00717	0.00966	0.01302	0.10198	0.66790	0.03226	0.06772	0.03453	0.00233	0.00327	0.01273	0.00448	0.00400
13	0.07956	0.01087	0.01319	0.16369	0.01756	0.01170	0.00923	0.35057	0.01678	0.25779	0.01313	0.01325	0.00893	0.00567	0.00479	0.00152	0.00514	0.00444	0.00461	0.00758
14	0.01529	0.10975	0.01634	0.20689	0.09680	0.04958	0.01072	0.34851	0.01620	0.06760	0.01048	0.01184	0.00775	0.00528	0.00468	0.00146	0.00579	0.00417	0.00364	0.00724
15	0.00679	0.00515	0.00718	0.09606	0.01039	0.00533	0.00594	0.00798	0.00938	0.01247	0.02328	0.56244	0.02711	0.08653	0.00816	0.00224	0.02893	0.08639	0.00408	0.00416
16	0.01216	0.01168	0.01995	0.03016	0.79664	0.01168	0.01508	0.01508	0.01119	0.01605	0.00924	0.01216	0.00778	0.00438	0.00487	0.00146	0.00584	0.00438	0.00243	0.00778
17	0.00599	0.00428	0.00570	0.00684	0.00713	0.00399	0.00456	0.00684	0.00941	0.01254	0.02709	0.82409	0.03250	0.01540	0.00627	0.00200	0.00285	0.01397	0.00456	0.00399
18	0.01562	0.39731	0.01946	0.01033	0.01367	0.25548	0.00893	0.09250	0.01254	0.06052	0.00827	0.00930	0.00688	0.00506	0.00477	0.00127	0.06574	0.00323	0.00275	0.00638
19	0.01059	0.01301	0.16540	0.07439	0.21803	0.05035	0.02587	0.02474	0.10880	0.01677	0.17240	0.01858	0.04053	0.00636	0.00543	0.00156	0.03178	0.00545	0.00337	0.00656
20	0.00781	0.00554	0.00761	0.00781	0.00871	0.00541	0.04058	0.01003	0.08678	0.05301	0.02405	0.60180	0.02710	0.05236	0.00737	0.02994	0.00341	0.01166	0.00443	0.00460
21	0.47901	0.00932	0.01068	0.13486	0.14290	0.01046	0.00853	0.01415	0.00953	0.04441	0.00984	0.01445	0.00842	0.00553	0.00406	0.00160	0.00464	0.07879	0.00306	0.00577
22	0.00743	0.00597	0.00679	0.00705	0.00833	0.00599	0.00509	0.01149	0.19386	0.01476	0.04403	0.40263	0.24302	0.01242	0.00583	0.00182	0.00299	0.01089	0.00468	0.00494
23	0.01308	0.56234	0.07952	0.08930	0.01565	0.01722	0.00971	0.09929	0.04725	0.01450	0.00832	0.00950	0.00695	0.00461	0.00372	0.00122	0.00548	0.00321	0.00255	0.00659
24	0.01139	0.37611	0.37247	0.04816	0.01836	0.01498	0.06701	0.01507	0.01027	0.01369	0.00802	0.00961	0.00636	0.00444	0.00410	0.00135	0.00642	0.00338	0.00212	0.00672
25	0.07916	0.05370	0.01410	0.04664	0.01495	0.01392	0.00882	0.55423	0.03631	0.07349	0.04769	0.01296	0.01007	0.00589	0.00473	0.00147	0.00509	0.00446	0.00461	0.00772
26	0.09509	0.00979	0.05700	0.00765	0.01203	0.00731	0.00655	0.01315	0.01015	0.04215	0.00890	0.01020	0.00718	0.00387	0.00368	0.00088	0.00389	0.00300	0.00298	0.69457
27	0.00666	0.00687	0.06489	0.00688	0.00891	0.00519	0.05102	0.00826	0.01091	0.01363	0.08060	0.11111	0.54051	0.01176	0.00644	0.04490	0.00330	0.00955	0.00418	0.00443
28	0.01239	0.01018	0.01226	0.00953	0.02990	0.01807	0.04180	0.20273	0.01343	0.02780	0.01061	0.05220	0.00897	0.01344	0.00471	0.00112	0.02099	0.00410	0.00348	0.50229
29	0.00617	0.00484	0.00504	0.00521	0.00662	0.00417	0.00382	0.00746	0.01085	0.01367	0.04314	0.15722	0.60637	0.01221	0.00564	0.00166	0.00252	0.01032	0.08891	0.00417
30	0.01382	0.01024	0.01230	0.06911	0.01481	0.01131	0.04284	0.07794	0.49272	0.14388	0.01831	0.01763	0.02268	0.02309	0.00543	0.00169	0.00444	0.00539	0.00480	0.00755
31	0.67351	0.00887	0.00748	0.00656	0.00950	0.00991	0.00537	0.01532	0.00926	0.11788	0.00931	0.01009	0.00689	0.00487	0.00332	0.00148	0.00370	0.00313	0.08792	0.00562
32	0.00833	0.00625	0.00811	0.08725	0.01018	0.00701	0.00572	0.06482	0.00888	0.01209	0.01410	0.06478	0.01492	0.42682	0.18755	0.00459	0.05505	0.00644	0.00300	0.00411
33	0.00753	0.00553	0.00732	0.00719	0.00794	0.02141	0.00528	0.01904	0.00876	0.01219	0.11612	0.02356	0.01746	0.18961	0.46046	0.06830	0.00921	0.00600	0.00306	0.00405
34	0.07492	0.00960	0.01190	0.08991	0.04122	0.00999	0.00831	0.07777	0.23108	0.36704	0.01675	0.01571	0.01151	0.00596	0.00482	0.00157	0.00445	0.00484	0.00497	0.00768
35	0.01207	0.00868	0.01038	0.00751	0.01179	0.00666	0.00605	0.01421	0.01081	0.14043	0.01043	0.01123	0.00805	0.00403	0.00385	0.00085	0.00373	0.00323	0.00341	0.72262
36	0.01237	0.00692	0.00831	0.11433	0.01176	0.00724	0.00615	0.11539	0.01250	0.13631	0.01500	0.01652	0.01116	0.00569	0.00405	0.00131	0.00356	0.00459	0.50108	0.00576
37	0.02794	0.01520	0.01620	0.03919	0.01705	0.18730	0.12562	0.37482	0.10808	0.02259	0.01139	0.01213	0.00845	0.00549	0.00493	0.00149	0.00644	0.00446	0.00392	0.00731
38	0.01063	0.01070	0.01460	0.13466	0.01613	0.06335	0.04575	0.01216	0.00846	0.01196	0.00795	0.01290	0.00753	0.06134	0.05370	0.00245	0.51365	0.00454	0.00227	0.00526
39	0.01468	0.03767	0.05176	0.07582	0.01456	0.00899	0.00809	0.08390	0.07639	0.26296	0.01352	0.02086	0.00978	0.00622	0.03066	0.00149	0.00477	0.00422	0.00413	0.26954
40	0.03951	0.01370	0.15571	0.11065	0.13105	0.01138	0.30647	0.01450	0.01084	0.01560	0.04878	0.01331	0.00902	0.00488	0.00573	0.00158	0.05059	0.00488	0.00254	0.04928
41	0.00786	0.00522	0.00663	0.00647	0.00781	0.00474	0.00492	0.00973	0.01255	0.07858	0.41834	0.14990	0.18600	0.01124	0.00588	0.00169	0.00275	0.06986	0.00511	0.00474
42	0.01764	0.01240	0.01367	0.01039	0.01438	0.01302	0.00855	0.57912	0.02009	0.10595	0.01206	0.01203	0.00857	0.00555	0.00471	0.00136	0.00500	0.00423	0.00471	0.14656

[dist]
# distance from previous block
# <min> <max>
0	1

[block]
# block no. 1 follows, 51 sequences, length 10
# corresponding to MSA columns:
# 746-755
name=unknown_B
#
# <colnr> <probs for GDERKNQSTAVLIFYWHMCP>
#	G	D	E	R	K	N	Q	S	T	A	V	L	I	F	Y	W	H	M	C	P
0	0.01031	0.00849	0.01059	0.02086	0.01119	0.03328	0.00729	0.01201	0.02405	0.06595	0.01335	0.13780	0.01336	0.06474	0.04641	0.00210	0.22985	0.04668	0.00326	0.23845
1	0.00688	0.00488	0.00624	0.00681	0.00714	0.00499	0.00467	0.00778	0.00908	0.01263	0.03873	0.50922	0.02639	0.16981	0.01029	0.00246	0.05773	0.03188	0.07842	0.00397
2	0.01299	0.01176	0.01505	0.11958	0.03465	0.08903	0.11949	0.03828	0.30231	0.07892	0.01383	0.01483	0.01048	0.00676	0.02643	0.00181	0.08830	0.00496	0.00371	0.00683
3	0.00614	0.00449	0.00578	0.00651	0.00711	0.00413	0.00448	0.00731	0.01044	0.01394	0.16994	0.59153	0.12193	0.01408	0.00613	0.00188	0.00271	0.01263	0.00472	0.00413
4	0.11783	0.13360	0.01042	0.07589	0.01115	0.00889	0.00641	0.05265	0.03465	0.01583	0.04519	0.29501	0.03026	0.00926	0.00485	0.00162	0.00382	0.04275	0.09482	0.00511
5	0.02818	0.03008	0.01199	0.03002	0.01307	0.00933	0.00759	0.12332	0.05213	0.31250	0.01406	0.01470	0.01020	0.00669	0.03023	0.00157	0.05901	0.02300	0.00443	0.21790
6	0.06837	0.10323	0.53408	0.08291	0.02036	0.01196	0.03880	0.01560	0.01039	0.05774	0.00908	0.01063	0.00656	0.00470	0.00448	0.00151	0.00663	0.00367	0.00238	0.00692
7	0.01932	0.01274	0.01412	0.01082	0.01473	0.01373	0.00894	0.63742	0.02140	0.17621	0.01323	0.01273	0.00908	0.00593	0.00492	0.00148	0.00518	0.00452	0.00514	0.00836
8	0.00648	0.00444	0.00563	0.00631	0.00662	0.00420	0.00411	0.00688	0.00876	0.01154	0.02466	0.49937	0.09414	0.19376	0.01166	0.08930	0.00338	0.01117	0.00397	0.00359
9	0.08724	0.06405	0.01106	0.00800	0.01139	0.03972	0.00646	0.09443	0.01239	0.13959	0.08319	0.08523	0.01365	0.00605	0.00435	0.00123	0.00405	0.00487	0.00393	0.31913

[dist]
# distance from previous block
# <min> <max>
1	12

[block]
# block no. 2 follows, 51 sequences, length 87
# corresponding to MSA columns:
# 769-855
name=unknown_C
#
# <colnr> <probs for GDERKNQSTAVLIFYWHMCP>
#	G	D	E	R	K	N	Q	S	T	A	V	L	I	F	Y	W	H	M	C	P
0	0.21035	0.05462	0.03368	0.02079	0.01277	0.03056	0.00767	0.31135	0.04189	0.04249	0.08489	0.01430	0.03619	0.00588	0.00439	0.00142	0.00457	0.00441	0.00407	0.07370
1	0.10199	0.00880	0.01169	0.14742	0.02603	0.03011	0.04854	0.04049	0.02130	0.16508	0.08498	0.06929	0.02825	0.07409	0.00774	0.00188	0.09130	0.00567	0.00375	0.03160
2	0.51701	0.07330	0.00983	0.00728	0.01048	0.01092	0.00606	0.08529	0.01065	0.06212	0.05729	0.01112	0.00898	0.00597	0.02790	0.00160	0.00426	0.00343	0.00343	0.08307
3	0.08194	0.12193	0.01415	0.06074	0.01471	0.42793	0.00871	0.06677	0.01293	0.05566	0.01017	0.08350	0.00908	0.00595	0.00441	0.00137	0.00684	0.00429	0.00302	0.00589
4	0.13040	0.00907	0.01338	0.58649	0.02752	0.01083	0.01167	0.05438	0.01071	0.08630	0.00960	0.01264	0.00698	0.00502	0.00465	0.00160	0.00589	0.00418	0.00280	0.00586
5	0.25763	0.01947	0.01203	0.01090	0.01358	0.58165	0.00831	0.01815	0.01235	0.01487	0.00738	0.00861	0.00604	0.00492	0.00404	0.00134	0.00743	0.00302	0.00268	0.00559
6	0.09512	0.01051	0.01437	0.45677	0.13385	0.06966	0.01194	0.05063	0.01118	0.08624	0.00965	0.01243	0.00718	0.00497	0.00469	0.00156	0.00609	0.00417	0.00281	0.00619
7	0.00947	0.00478	0.00531	0.00524	0.00629	0.00469	0.00379	0.01106	0.00987	0.06490	0.01652	0.08613	0.01438	0.08197	0.00695	0.06824	0.00283	0.00559	0.58754	0.00443
8	0.01135	0.00951	0.05196	0.00807	0.01190	0.00758	0.00681	0.09768	0.02451	0.07060	0.12038	0.02822	0.01378	0.00588	0.01965	0.00119	0.00405	0.00436	0.00371	0.49883
9	0.01095	0.00593	0.00780	0.00695	0.00883	0.00533	0.00544	0.01304	0.01350	0.22835	0.47111	0.05382	0.09032	0.00948	0.00563	0.00160	0.00296	0.04791	0.00546	0.00558
10	0.01026	0.00880	0.01060	0.08072	0.01367	0.00750	0.00678	0.02341	0.08088	0.01620	0.01059	0.02944	0.00896	0.00454	0.00402	0.00097	0.00395	0.02157	0.00313	0.65400
11	0.86201	0.00950	0.00722	0.00646	0.00950	0.01102	0.00532	0.01445	0.00836	0.02205	0.00684	0.00798	0.00532	0.00456	0.00304	0.00152	0.00380	0.00266	0.00304	0.00532
12	0.01100	0.07282	0.01070	0.00845	0.01104	0.01028	0.00681	0.13355	0.31410	0.01900	0.05575	0.02766	0.23663	0.00854	0.00521	0.00162	0.00381	0.05201	0.00462	0.00641
13	0.00748	0.00466	0.00606	0.00675	0.00741	0.00432	0.00464	0.00852	0.00989	0.07431	0.03873	0.65601	0.05040	0.03527	0.00646	0.00196	0.00295	0.01232	0.05752	0.00436
14	0.00695	0.00536	0.00767	0.07012	0.01007	0.00586	0.00605	0.00870	0.00923	0.01272	0.10808	0.10863	0.10243	0.04720	0.46181	0.00530	0.00895	0.00713	0.00334	0.00440
15	0.01559	0.01907	0.01211	0.01126	0.01335	0.62214	0.00836	0.01689	0.01329	0.01280	0.08168	0.12560	0.01363	0.00696	0.00481	0.00139	0.00743	0.00520	0.00308	0.00536
16	0.01096	0.00910	0.00996	0.00928	0.01151	0.01023	0.00714	0.05380	0.54347	0.01932	0.06201	0.15676	0.01999	0.00863	0.00534	0.00174	0.00373	0.04527	0.00492	0.00684
17	0.01836	0.02342	0.01393	0.01266	0.01519	0.80756	0.00950	0.01962	0.01393	0.01203	0.00760	0.00886	0.00633	0.00506	0.00443	0.00127	0.00886	0.00317	0.00253	0.00570
18	0.01308	0.01236	0.01151	0.01037	0.01312	0.12378	0.00802	0.02520	0.67922	0.01936	0.01826	0.01701	0.01379	0.00644	0.00492	0.00161	0.00459	0.00522	0.00465	0.00749
19	0.00739	0.00551	0.00737	0.07032	0.01024	0.00553	0.00622	0.03767	0.01098	0.01451	0.10987	0.34088	0.08426	0.05376	0.00711	0.00209	0.00370	0.21376	0.00439	0.00445
20	0.01011	0.10317	0.59816	0.12573	0.02198	0.01205	0.01631	0.01499	0.01026	0.01475	0.00861	0.01051	0.00630	0.00464	0.00453	0.00150	0.00689	0.00362	0.00211	0.02380
21	0.34351	0.02506	0.04162	0.13338	0.01600	0.01265	0.00871	0.30355	0.01441	0.04445	0.00942	0.01054	0.00689	0.00516	0.00415	0.00151	0.00500	0.00369	0.00365	0.00666
22	0.00699	0.00477	0.00572	0.00582	0.00602	0.00479	0.00357	0.00742	0.00800	0.01084	0.07729	0.12366	0.02130	0.59957	0.09011	0.00447	0.00509	0.00791	0.00332	0.00335
23	0.01250	0.01958	0.01695	0.14773	0.09694	0.08841	0.15166	0.01594	0.07842	0.08535	0.01061	0.01324	0.00838	0.00763	0.05444	0.00205	0.17624	0.00469	0.00292	0.00632
24	0.06090	0.04582	0.03502	0.01175	0.05676	0.10095	0.05661	0.16595	0.11236	0.28248	0.01412	0.01366	0.00986	0.00560	0.00476	0.00149	0.00536	0.00450	0.00448	0.00758
25	0.00723	0.00468	0.00594	0.00653	0.00705	0.00437	0.00433	0.00799	0.00929	0.06090	0.02525	0.55706	0.06867	0.19443	0.01031	0.00256	0.00334	0.01171	0.00431	0.00405
26	0.01292	0.79016	0.04887	0.00857	0.01280	0.01895	0.00866	0.01463	0.00996	0.01168	0.00701	0.00818	0.00642	0.00484	0.01857	0.00120	0.00547	0.00271	0.00211	0.00630
27	0.01054	0.00995	0.01675	0.37523	0.40698	0.01088	0.01381	0.01356	0.01066	0.01452	0.03038	0.01486	0.02262	0.00512	0.00497	0.00156	0.00597	0.02260	0.00249	0.00654
28	0.08031	0.08000	0.17162	0.01737	0.16881	0.01183	0.25306	0.01549	0.01087	0.05985	0.00974	0.02280	0.00760	0.00462	0.00494	0.00149	0.01742	0.00448	0.00266	0.05502
29	0.04249	0.01915	0.02328	0.01798	0.02634	0.02106	0.02177	0.26347	0.09014	0.29579	0.01587	0.07352	0.01194	0.00744	0.02594	0.00173	0.02421	0.00536	0.00492	0.00758
30	0.00752	0.00472	0.00639	0.00710	0.00775	0.00445	0.00493	0.00855	0.00971	0.08390	0.02530	0.68814	0.02908	0.01622	0.06860	0.00241	0.00378	0.01247	0.00455	0.00442
31	0.00627	0.00451	0.00600	0.00697	0.00746	0.00423	0.00490	0.00742	0.01006	0.01344	0.09706	0.65456	0.05027	0.01465	0.00627	0.00198	0.00297	0.09224	0.00463	0.00411
32	0.01297	0.01164	0.02862	0.18667	0.42484	0.04139	0.07627	0.05600	0.01193	0.08707	0.01018	0.01269	0.00786	0.00473	0.00494	0.00151	0.00614	0.00449	0.00285	0.00721
33	0.01591	0.01575	0.26811	0.01337	0.09910	0.07394	0.02395	0.04999	0.03664	0.31875	0.01364	0.01406	0.00947	0.00548	0.00485	0.00152	0.00584	0.01807	0.00395	0.00762
34	0.01075	0.01957	0.55279	0.01187	0.01761	0.00977	0.01424	0.01561	0.03471	0.10612	0.08480	0.01661	0.07224	0.00599	0.00490	0.00156	0.00599	0.00484	0.00312	0.00692
35	0.08540	0.00815	0.01035	0.00826	0.01164	0.00750	0.00678	0.02181	0.05480	0.60490	0.01832	0.01735	0.01227	0.00617	0.00471	0.00151	0.00397	0.02573	0.08272	0.00765
36	0.03634	0.03692	0.08469	0.04144	0.43730	0.04639	0.02065	0.01572	0.01170	0.11321	0.08177	0.01527	0.01187	0.00535	0.00487	0.00149	0.00552	0.01915	0.00317	0.00718
37	0.08907	0.01260	0.07998	0.02647	0.64149	0.01162	0.03755	0.01508	0.01088	0.01655	0.00901	0.01168	0.00743	0.00441	0.00471	0.00148	0.00584	0.00421	0.00246	0.00749
38	0.00613	0.00501	0.00546	0.00558	0.00706	0.00433	0.00426	0.00757	0.01141	0.01407	0.12760	0.08789	0.60327	0.01244	0.00592	0.00172	0.00267	0.07873	0.00465	0.00423
39	0.00773	0.00432	0.00620	0.00649	0.00663	0.00422	0.00434	0.00669	0.00763	0.01024	0.05520	0.23760	0.01725	0.03092	0.01507	0.56268	0.00379	0.00722	0.00299	0.00279
40	0.01316	0.28187	0.24168	0.07363	0.01685	0.04273	0.01173	0.01602	0.01055	0.13340	0.00945	0.01074	0.00722	0.00525	0.00563	0.00145	0.10557	0.00363	0.00273	0.00669
41	0.01443	0.68666	0.04082	0.00858	0.01280	0.01740	0.00844	0.01615	0.01062	0.13223	0.00880	0.00929	0.00720	0.00450	0.00346	0.00113	0.00514	0.00300	0.00271	0.00664
42	0.00581	0.00498	0.00498	0.00498	0.00664	0.00415	0.00373	0.00705	0.01120	0.01328	0.04978	0.04729	0.79464	0.01245	0.00581	0.00166	0.00249	0.01037	0.00456	0.00415
43	0.00948	0.00967	0.07402	0.07606	0.04990	0.00997	0.06649	0.02461	0.01008	0.01462	0.09203	0.05070	0.04404	0.01842	0.05102	0.00215	0.24807	0.06410	0.07919	0.00540
44	0.01777	0.01371	0.01420	0.01116	0.01484	0.05230	0.00912	0.65429	0.09325	0.02860	0.01240	0.01246	0.00898	0.00673	0.02561	0.00165	0.00563	0.00449	0.00475	0.00808
45	0.86201	0.00950	0.00722	0.00646	0.00950	0.01102	0.00532	0.01445	0.00836	0.02205	0.00684	0.00798	0.00532	0.00456	0.00304	0.00152	0.00380	0.00266	0.00304	0.00532
46	0.01258	0.07524	0.03959	0.18418	0.42627	0.02739	0.06103	0.01549	0.01114	0.08601	0.00987	0.01239	0.00773	0.00463	0.00479	0.00148	0.00604	0.00434	0.00268	0.00712
47	0.01674	0.00721	0.00961	0.00777	0.01069	0.00629	0.00626	0.01871	0.01381	0.52976	0.23079	0.02444	0.08073	0.00763	0.00524	0.00154	0.00355	0.00642	0.00579	0.00704
48	0.00934	0.08775	0.54754	0.01174	0.01721	0.01040	0.01412	0.01375	0.01072	0.01548	0.11717	0.09696	0.01437	0.00646	0.00486	0.00156	0.00597	0.00532	0.00278	0.00649
49	0.03046	0.06276	0.51089	0.19894	0.04371	0.01164	0.02709	0.01497	0.01030	0.03228	0.00891	0.01105	0.00647	0.00471	0.00463	0.00155	0.00682	0.00381	0.00223	0.00678
50	0.01329	0.64056	0.07750	0.01099	0.08447	0.05891	0.00971	0.01527	0.01042	0.02981	0.00751	0.00869	0.00657	0.00434	0.00352	0.00114	0.00561	0.00293	0.00224	0.00652
51	0.02975	0.01011	0.01103	0.00851	0.01211	0.01975	0.00687	0.27983	0.04504	0.06318	0.01183	0.01256	0.00895	0.00502	0.00417	0.00115	0.00416	0.00389	0.13087	0.33123
52	0.03662	0.01216	0.01319	0.01028	0.01404	0.06378	0.00842	0.40979	0.03066	0.32810	0.01450	0.01355	0.00975	0.00590	0.00486	0.00148	0.00510	0.00453	0.00518	0.00812
53	0.00706	0.00510	0.00693	0.06961	0.00942	0.00498	0.00535	0.01688	0.01139	0.02814	0.33054	0.40370	0.03501	0.03463	0.00646	0.00185	0.00303	0.01076	0.00470	0.00445
54	0.00599	0.00428	0.00570	0.00684	0.00713	0.00399	0.00456	0.00684	0.00941	0.01254	0.02709	0.82409	0.03250	0.01540	0.00627	0.00200	0.00285	0.01397	0.00456	0.00399
55	0.02428	0.01029	0.01044	0.00939	0.01158	0.08916	0.00728	0.29368	0.05620	0.03096	0.01831	0.29801	0.01852	0.00971	0.00543	0.00169	0.00461	0.06679	0.01768	0.01597
56	0.08688	0.00890	0.01382	0.68344	0.03010	0.01078	0.01239	0.02796	0.00998	0.01397	0.00862	0.01246	0.00651	0.00483	0.00468	0.00158	0.00613	0.00414	0.00235	0.05048
57	0.00760	0.00529	0.00590	0.00580	0.00607	0.00544	0.00344	0.00891	0.07810	0.01072	0.03077	0.03099	0.01815	0.73723	0.02283	0.00442	0.00464	0.00704	0.00321	0.00344
58	0.07291	0.00487	0.00582	0.00644	0.00708	0.00471	0.00438	0.00774	0.00964	0.01372	0.10704	0.52742	0.07992	0.11486	0.00827	0.00223	0.00308	0.01146	0.00434	0.00405
59	0.00771	0.00503	0.00663	0.00679	0.00783	0.00464	0.00501	0.00939	0.01190	0.07285	0.35695	0.33584	0.06760	0.01216	0.00599	0.00178	0.00283	0.06938	0.00503	0.00463
60	0.00614	0.00504	0.00543	0.00560	0.00700	0.00444	0.00410	0.00782	0.03992	0.01369	0.07808	0.20553	0.57453	0.01273	0.00587	0.00172	0.00261	0.01086	0.00462	0.00427
61	0.01815	0.01214	0.01338	0.01047	0.01414	0.01314	0.00858	0.53699	0.10902	0.15898	0.01418	0.01363	0.00992	0.00601	0.00487	0.00149	0.00491	0.00465	0.03718	0.00815
62	0.00710	0.00494	0.00627	0.00627	0.00659	0.00526	0.00411	0.00773	0.00742	0.01020	0.01465	0.02754	0.01586	0.54341	0.30616	0.00589	0.00778	0.00647	0.00285	0.00348
63	0.02088	0.00802	0.01079	0.00837	0.01193	0.00698	0.00688	0.02282	0.01372	0.72912	0.01908	0.01687	0.01220	0.00605	0.00481	0.00149	0.00401	0.00491	0.08306	0.00802
64	0.01283	0.76593	0.02410	0.00811	0.01208	0.01829	0.00802	0.01446	0.01001	0.01209	0.00755	0.00870	0.00680	0.00432	0.00318	0.00106	0.00502	0.00278	0.06851	0.00617
65	0.00599	0.00428	0.00570	0.00684	0.00713	0.00399	0.00456	0.00684	0.00941	0.01254	0.02709	0.82409	0.03250	0.01540	0.00627	0.00200	0.00285	0.01397	0.00456	0.00399
66	0.01216	0.01168	0.01995	0.03016	0.79664	0.01168	0.01508	0.01508	0.01119	0.01605	0.00924	0.01216	0.00778	0.00438	0.00487	0.00146	0.00584	0.00438	0.00243	0.00778
67	0.01350	0.01417	0.04738	0.04504	0.47314	0.14445	0.01331	0.08628	0.01235	0.01627	0.00892	0.01141	0.00738	0.00504	0.00581	0.00150	0.08009	0.00415	0.00263	0.00719
68	0.00838	0.00437	0.00652	0.00652	0.00660	0.00445	0.00442	0.00663	0.00655	0.00881	0.00906	0.01559	0.00901	0.03077	0.09084	0.76746	0.00508	0.00440	0.00219	0.00235
69	0.03160	0.06387	0.01587	0.09695	0.20828	0.09334	0.01077	0.28368	0.08881	0.02077	0.01136	0.01257	0.01866	0.00537	0.00471	0.00146	0.00571	0.00432	0.01458	0.00731
70	0.00703	0.00484	0.00565	0.00562	0.00590	0.00484	0.00343	0.00744	0.00797	0.01067	0.07194	0.03238	0.07418	0.64112	0.09334	0.00461	0.00520	0.00732	0.00323	0.00330
71	0.00958	0.00879	0.01208	0.13364	0.04413	0.02972	0.00925	0.01270	0.09310	0.01344	0.05967	0.03579	0.01211	0.01532	0.22119	0.00345	0.27254	0.00520	0.00287	0.00541
72	0.00718	0.00550	0.00820	0.00811	0.00895	0.00652	0.00634	0.00891	0.00788	0.01143	0.01288	0.01894	0.01204	0.03565	0.77403	0.00765	0.04752	0.00522	0.00261	0.00443
73	0.01031	0.00725	0.00790	0.03180	0.00880	0.09717	0.00544	0.06014	0.00890	0.01147	0.00994	0.04508	0.00944	0.01364	0.01441	0.57700	0.00473	0.00455	0.06871	0.00332
74	0.00707	0.00481	0.00566	0.00560	0.00588	0.00471	0.00342	0.00765	0.00884	0.01207	0.20412	0.05271	0.02512	0.60964	0.01990	0.00392	0.00413	0.00774	0.00360	0.00340
75	0.02118	0.00859	0.01146	0.00875	0.01259	0.00748	0.00722	0.05177	0.01417	0.72226	0.01844	0.01613	0.01172	0.00592	0.00486	0.00147	0.00419	0.00480	0.00584	0.06117
76	0.00731	0.00504	0.00580	0.00558	0.00598	0.00486	0.00335	0.00772	0.00813	0.01112	0.10619	0.03133	0.02054	0.68041	0.02143	0.00414	0.00441	0.00709	0.00326	0.05631
77	0.01019	0.00873	0.01019	0.00728	0.01165	0.00655	0.00582	0.01237	0.01019	0.01601	0.00873	0.01019	0.00728	0.00364	0.00364	0.00073	0.00364	0.00291	0.00291	0.85734
78	0.07744	0.00890	0.01117	0.00880	0.01231	0.00837	0.00719	0.12814	0.01465	0.58055	0.02767	0.06591	0.01286	0.00658	0.00490	0.00154	0.00422	0.00533	0.00561	0.00784
79	0.06056	0.00499	0.00629	0.00696	0.00775	0.00475	0.00487	0.00878	0.00984	0.07463	0.03687	0.65004	0.04722	0.02320	0.00618	0.00195	0.00307	0.03304	0.00458	0.00443
80	0.00918	0.03134	0.06100	0.03488	0.05397	0.00795	0.10634	0.02669	0.08197	0.03289	0.38339	0.03628	0.06947	0.00820	0.00552	0.00159	0.00412	0.03517	0.00436	0.00568
81	0.00865	0.00582	0.00720	0.00713	0.00829	0.00551	0.00503	0.06888	0.01060	0.06297	0.04047	0.45197	0.02465	0.15859	0.00921	0.00230	0.00359	0.03299	0.00427	0.08187
82	0.03480	0.40256	0.03136	0.01028	0.05474	0.11828	0.00863	0.03920	0.04069	0.07514	0.01008	0.01265	0.00866	0.00516	0.00397	0.00124	0.00543	0.05051	0.00293	0.08367
83	0.01210	0.01110	0.07480	0.01013	0.01453	0.00884	0.10659	0.12132	0.01263	0.06700	0.05145	0.01263	0.00974	0.00459	0.00437	0.00111	0.00473	0.00399	0.00340	0.46493
84	0.01090	0.00922	0.03188	0.10826	0.04014	0.00777	0.03078	0.03034	0.02690	0.06357	0.01027	0.01303	0.00849	0.06829	0.00573	0.00131	0.00447	0.00379	0.00306	0.52179
85	0.01638	0.00745	0.00973	0.00815	0.01090	0.00684	0.00652	0.01907	0.07327	0.48187	0.09574	0.04155	0.04338	0.08207	0.00707	0.00191	0.00398	0.07179	0.00543	0.00691
86	0.01155	0.00999	0.03274	0.01104	0.08281	0.01057	0.00803	0.07427	0.46137	0.02725	0.03961	0.05523	0.07592	0.00730	0.00504	0.00162	0.00399	0.01715	0.05748	0.00704

[dist]
# distance from previous block
# <min> <max>
2	21

[block]
# block no. 3 follows, 51 sequences, length 6
# corresponding to MSA columns:
# 877-882
name=unknown_D
#
# <colnr> <probs for GDERKNQSTAVLIFYWHMCP>
#	G	D	E	R	K	N	Q	S	T	A	V	L	I	F	Y	W	H	M	C	P
0	0.08554	0.06307	0.01767	0.07082	0.19764	0.01187	0.15659	0.03126	0.08227	0.01628	0.01005	0.01291	0.00826	0.00513	0.00577	0.00150	0.08452	0.02079	0.00283	0.11522
1	0.01298	0.00925	0.01066	0.00829	0.01191	0.00849	0.00662	0.13688	0.11205	0.11858	0.03743	0.04775	0.01154	0.00547	0.00435	0.00116	0.00389	0.00446	0.03811	0.41013
2	0.01787	0.00818	0.01058	0.00851	0.01161	0.00756	0.00686	0.11669	0.01479	0.51167	0.13990	0.08947	0.01878	0.00749	0.00519	0.00156	0.00393	0.00628	0.00570	0.00740
3	0.01555	0.01225	0.08558	0.06824	0.01570	0.01173	0.00975	0.41891	0.01759	0.12199	0.01491	0.06244	0.01238	0.00724	0.00521	0.00163	0.00525	0.10181	0.00454	0.00732
4	0.01113	0.12151	0.23574	0.01776	0.13109	0.01267	0.30323	0.01494	0.01076	0.01492	0.00976	0.04707	0.00808	0.00498	0.00540	0.00156	0.03534	0.00490	0.00240	0.00676
5	0.00885	0.00654	0.01022	0.00904	0.01035	0.00675	0.10424	0.01037	0.01011	0.04256	0.15383	0.10756	0.02063	0.05420	0.08590	0.11283	0.07582	0.07664	0.08895	0.00458

[dist]
# distance from previous block
# <min> <max>
0	1

[block]
# block no. 4 follows, 51 sequences, length 17
# corresponding to MSA columns:
# 884-900
name=unknown_E
#
# <colnr> <probs for GDERKNQSTAVLIFYWHMCP>
#	G	D	E	R	K	N	Q	S	T	A	V	L	I	F	Y	W	H	M	C	P
0	0.01020	0.00747	0.08762	0.00738	0.00900	0.00573	0.00587	0.01143	0.00959	0.17638	0.01903	0.25930	0.01979	0.33353	0.01324	0.00295	0.00433	0.00833	0.00400	0.00484
1	0.08052	0.01296	0.08912	0.01069	0.03432	0.07296	0.00894	0.26329	0.14014	0.10853	0.01542	0.09615	0.03168	0.00685	0.00488	0.00156	0.00503	0.00547	0.00434	0.00715
2	0.09839	0.09141	0.07547	0.10138	0.07627	0.03696	0.07721	0.10019	0.02047	0.06385	0.04131	0.11629	0.02000	0.00642	0.00474	0.00150	0.00524	0.00548	0.00337	0.05406
3	0.02678	0.04688	0.43387	0.01336	0.03439	0.01038	0.12087	0.01556	0.01093	0.11723	0.02264	0.10244	0.01064	0.00602	0.00498	0.00159	0.00629	0.00529	0.00300	0.00686
4	0.09388	0.02047	0.58223	0.01207	0.01803	0.01036	0.01468	0.01546	0.01082	0.07725	0.08919	0.01331	0.01067	0.00531	0.00465	0.00155	0.00618	0.00417	0.00282	0.00689
5	0.03800	0.08891	0.01245	0.00861	0.01223	0.00890	0.00721	0.05362	0.05296	0.58049	0.04407	0.01728	0.04033	0.00624	0.00479	0.00149	0.00419	0.00500	0.00545	0.00779
6	0.01405	0.18829	0.25930	0.01211	0.05849	0.01249	0.03656	0.10223	0.04619	0.17067	0.01212	0.04596	0.00926	0.00549	0.00456	0.00145	0.00565	0.00439	0.00345	0.00729
7	0.04513	0.01293	0.09291	0.04452	0.01516	0.01256	0.00967	0.49679	0.01829	0.02499	0.01382	0.07892	0.01191	0.01912	0.00540	0.00166	0.00529	0.07933	0.00435	0.00723
8	0.00784	0.00536	0.00722	0.08566	0.01017	0.00515	0.00558	0.00954	0.01149	0.07582	0.27576	0.32868	0.12989	0.01154	0.00582	0.00174	0.00310	0.01023	0.00472	0.00470
9	0.01631	0.01260	0.10066	0.01108	0.03989	0.01159	0.00946	0.38765	0.04577	0.18042	0.04687	0.05486	0.01207	0.00771	0.03836	0.00180	0.00539	0.00518	0.00466	0.00766
10	0.01518	0.10202	0.04976	0.11007	0.05110	0.03193	0.08458	0.06965	0.08580	0.26938	0.02501	0.01633	0.03626	0.00587	0.00488	0.00152	0.00531	0.02410	0.00410	0.00713
11	0.10550	0.00883	0.01098	0.00848	0.01222	0.00804	0.00697	0.07430	0.01368	0.56432	0.03192	0.01517	0.01134	0.00572	0.00462	0.00143	0.00413	0.00453	0.00533	0.10249
12	0.10348	0.00509	0.00510	0.00520	0.00635	0.00522	0.00380	0.01079	0.00975	0.01728	0.01672	0.14552	0.01526	0.05773	0.00517	0.00154	0.00270	0.00601	0.57282	0.00447
13	0.03685	0.18843	0.09738	0.01268	0.04964	0.28659	0.06725	0.08483	0.10219	0.01564	0.00958	0.01061	0.00761	0.00499	0.00438	0.00136	0.00676	0.00372	0.00289	0.00661
14	0.01298	0.13517	0.33666	0.01233	0.05561	0.08907	0.03221	0.01648	0.01173	0.14244	0.09759	0.01400	0.01179	0.00544	0.00464	0.00145	0.00603	0.00433	0.00317	0.00687
15	0.01060	0.00595	0.00826	0.02269	0.00875	0.00636	0.00563	0.01089	0.08676	0.09820	0.01075	0.01512	0.00940	0.01391	0.01567	0.59281	0.06718	0.00448	0.00287	0.00371
16	0.00977	0.00753	0.01180	0.50174	0.02403	0.00861	0.01034	0.01226	0.01036	0.10029	0.01722	0.16190	0.08893	0.00766	0.00525	0.00169	0.00523	0.00674	0.00328	0.00539

[dist]
# distance from previous block
# <min> <max>
3	7

[block]
# block no. 5 follows, 51 sequences, length 10
# corresponding to MSA columns:
# 920-929
name=unknown_F
#
# <colnr> <probs for GDERKNQSTAVLIFYWHMCP>
#	G	D	E	R	K	N	Q	S	T	A	V	L	I	F	Y	W	H	M	C	P
0	0.24644	0.27406	0.01428	0.00771	0.01104	0.01237	0.00677	0.06844	0.01158	0.16119	0.08340	0.01309	0.01135	0.00540	0.00383	0.00135	0.00423	0.00388	0.05330	0.00630
1	0.00915	0.00655	0.00945	0.11308	0.01258	0.00647	0.05066	0.04637	0.01271	0.08650	0.35204	0.16033	0.09522	0.00958	0.00564	0.00164	0.00362	0.00853	0.00465	0.00521
2	0.01084	0.00897	0.01014	0.00795	0.01143	0.00811	0.00619	0.07494	0.16600	0.01739	0.01252	0.04469	0.01080	0.07786	0.00601	0.00138	0.00390	0.00435	0.00355	0.51298
3	0.01029	0.00588	0.00719	0.00656	0.00744	0.00587	0.00440	0.06294	0.00921	0.12648	0.01475	0.02545	0.01481	0.49552	0.06888	0.11546	0.00518	0.00614	0.00343	0.00411
4	0.00753	0.00463	0.00565	0.00565	0.00565	0.00463	0.00333	0.00694	0.00694	0.00925	0.01356	0.02740	0.01529	0.60321	0.02341	0.24047	0.00463	0.00635	0.00274	0.00274
5	0.00605	0.00441	0.00558	0.00649	0.00693	0.00407	0.00433	0.00689	0.00947	0.01241	0.02915	0.66167	0.13082	0.07761	0.00766	0.00217	0.00295	0.01297	0.00444	0.00393
6	0.00659	0.00485	0.00617	0.00617	0.00720	0.00443	0.00450	0.00845	0.01257	0.01730	0.52924	0.20957	0.14165	0.01153	0.00590	0.00166	0.00246	0.01019	0.00511	0.00443
7	0.02830	0.22246	0.01602	0.00993	0.01296	0.08438	0.01957	0.21853	0.07685	0.06347	0.02344	0.01341	0.03159	0.02741	0.00608	0.00152	0.09013	0.00427	0.04303	0.00667
8	0.00824	0.00924	0.07709	0.00710	0.00920	0.10985	0.00596	0.01024	0.02619	0.01427	0.11765	0.08096	0.42923	0.02692	0.00582	0.00165	0.00381	0.00846	0.04338	0.00474
9	0.11369	0.16267	0.01385	0.00895	0.01230	0.01243	0.00754	0.22896	0.11019	0.15259	0.11465	0.01551	0.01404	0.00610	0.00450	0.00144	0.00440	0.00469	0.00445	0.00707

[dist]
# distance from previous block
# <min> <max>
1	5

[block]
# block no. 6 follows, 51 sequences, length 13
# corresponding to MSA columns:
# 936-948
name=unknown_G
#
# <colnr> <probs for GDERKNQSTAVLIFYWHMCP>
#	G	D	E	R	K	N	Q	S	T	A	V	L	I	F	Y	W	H	M	C	P
0	0.12947	0.00739	0.00892	0.00741	0.01013	0.00695	0.00595	0.04115	0.01328	0.36598	0.25226	0.02411	0.09131	0.00763	0.00502	0.00154	0.00346	0.00628	0.00530	0.00646
1	0.01340	0.01406	0.16059	0.03584	0.07069	0.02779	0.01068	0.15202	0.38067	0.05892	0.01514	0.01487	0.01116	0.00589	0.00490	0.00158	0.00511	0.00481	0.00418	0.00770
2	0.01030	0.00609	0.00712	0.00644	0.00835	0.00561	0.00495	0.06556	0.01276	0.15713	0.17049	0.10575	0.28634	0.00977	0.00531	0.00156	0.00297	0.00826	0.11988	0.00533
3	0.01049	0.01163	0.12234	0.50103	0.08513	0.01121	0.06778	0.01392	0.01020	0.05443	0.00928	0.01272	0.00695	0.00508	0.00565	0.00164	0.05761	0.00440	0.00241	0.00610
4	0.01172	0.01076	0.01384	0.01092	0.01358	0.04002	0.07005	0.11485	0.01125	0.01630	0.00931	0.04912	0.00832	0.00622	0.00825	0.00145	0.27290	0.00433	0.00296	0.32386
5	0.00655	0.00492	0.00627	0.00680	0.00771	0.00435	0.00469	0.00760	0.00961	0.01305	0.02584	0.67172	0.07068	0.01365	0.00589	0.00181	0.00294	0.01228	0.00434	0.11932
6	0.01350	0.01263	0.06562	0.10530	0.35771	0.05431	0.01243	0.13548	0.07879	0.06847	0.03963	0.01362	0.00986	0.00524	0.00489	0.00150	0.00570	0.00457	0.00333	0.00740
7	0.01308	0.45540	0.20965	0.01053	0.01513	0.03598	0.01105	0.11831	0.01179	0.01517	0.00798	0.00921	0.00657	0.00484	0.00460	0.00130	0.05694	0.00323	0.00249	0.00674
8	0.00773	0.00449	0.00623	0.00633	0.00666	0.00444	0.00432	0.00680	0.00748	0.00984	0.01647	0.08607	0.11762	0.06715	0.09263	0.53920	0.00480	0.00615	0.00276	0.00282
9	0.01313	0.04754	0.37761	0.01453	0.11001	0.01210	0.01393	0.11318	0.01222	0.12298	0.01031	0.01158	0.00751	0.00545	0.00611	0.00158	0.10580	0.00404	0.00303	0.00735
10	0.01651	0.06543	0.01271	0.05183	0.02988	0.06134	0.00809	0.05148	0.25565	0.33328	0.04958	0.01650	0.01320	0.00614	0.00484	0.00152	0.00459	0.00497	0.00490	0.00755
11	0.00916	0.00505	0.00572	0.00558	0.00685	0.00489	0.00415	0.01139	0.02842	0.07230	0.12486	0.11559	0.06969	0.03163	0.01985	0.00159	0.00281	0.00675	0.46895	0.00478
12	0.01077	0.01187	0.03745	0.18771	0.04583	0.01165	0.51265	0.01452	0.01123	0.01522	0.05976	0.01458	0.00972	0.00482	0.00586	0.00165	0.03028	0.00558	0.00259	0.00626

[dist]
# distance from previous block
# <min> <max>
1	7

[block]
# block no. 7 follows, 51 sequences, length 14
# corresponding to MSA columns:
# 979-992
name=unknown_H
#
# <colnr> <probs for GDERKNQSTAVLIFYWHMCP>
#	G	D	E	R	K	N	Q	S	T	A	V	L	I	F	Y	W	H	M	C	P
0	0.33170	0.02817	0.01169	0.00935	0.01215	0.05396	0.09122	0.07549	0.01088	0.11626	0.02709	0.01384	0.00935	0.08111	0.07510	0.00237	0.03674	0.00427	0.00344	0.00583
1	0.12803	0.02895	0.03392	0.17073	0.05862	0.04059	0.25117	0.08234	0.01137	0.01672	0.00957	0.02306	0.00771	0.02906	0.00619	0.00169	0.06126	0.00470	0.02820	0.00612
2	0.01152	0.01090	0.01754	0.19673	0.44371	0.01165	0.04932	0.01668	0.16016	0.01614	0.01123	0.01360	0.00889	0.00492	0.00495	0.00155	0.00573	0.00467	0.00287	0.00722
3	0.00676	0.00495	0.00623	0.00643	0.00747	0.00442	0.00458	0.00784	0.01042	0.01402	0.17300	0.37731	0.16811	0.01297	0.00704	0.07788	0.00291	0.02701	0.00437	0.07629
4	0.00734	0.00559	0.00699	0.00738	0.00828	0.00577	0.00527	0.01074	0.14505	0.01472	0.12895	0.46896	0.02879	0.03498	0.09451	0.00259	0.00414	0.01069	0.00450	0.00476
5	0.00828	0.00499	0.00622	0.00634	0.00687	0.00481	0.00411	0.00885	0.00868	0.09220	0.01980	0.30432	0.02209	0.42522	0.05220	0.00361	0.00443	0.00920	0.00383	0.00395
6	0.48818	0.00897	0.00853	0.00739	0.01034	0.00980	0.00597	0.01744	0.12189	0.17320	0.09238	0.01414	0.01228	0.00573	0.00398	0.00154	0.00374	0.00416	0.00416	0.00620
7	0.00711	0.00484	0.00575	0.00571	0.00593	0.00489	0.00349	0.00755	0.00797	0.01084	0.10079	0.03133	0.02042	0.65596	0.10365	0.00473	0.00536	0.00714	0.00321	0.00331
8	0.00983	0.00574	0.00824	0.00780	0.00921	0.00600	0.00606	0.01157	0.00979	0.16574	0.08534	0.10337	0.01738	0.02627	0.49748	0.00548	0.00939	0.00642	0.00375	0.00514
9	0.01314	0.83025	0.02575	0.00841	0.01261	0.01945	0.00841	0.01472	0.00999	0.01156	0.00683	0.00788	0.00631	0.00420	0.00315	0.00105	0.00526	0.00263	0.00210	0.00631
10	0.01138	0.00973	0.01147	0.00877	0.01232	0.00922	0.00709	0.09783	0.07711	0.01743	0.00969	0.01114	0.00793	0.00486	0.00571	0.00110	0.12202	0.00350	0.00320	0.56850
11	0.13514	0.00749	0.00740	0.00646	0.00855	0.00807	0.00512	0.19582	0.01309	0.02189	0.01369	0.01526	0.01053	0.00560	0.00373	0.00128	0.00326	0.00426	0.52778	0.00559
12	0.08543	0.01157	0.01290	0.03155	0.01296	0.10316	0.00906	0.09843	0.01094	0.08563	0.00932	0.01173	0.00765	0.00697	0.00997	0.00176	0.39712	0.00413	0.08380	0.00593
13	0.00874	0.00667	0.00860	0.08786	0.01145	0.00715	0.00658	0.14203	0.01174	0.01571	0.02165	0.56484	0.02453	0.01239	0.00636	0.00188	0.04167	0.01091	0.00428	0.00496

[dist]
# distance from previous block
# <min> <max>
0	1

[block]
# block no. 8 follows, 51 sequences, length 21
# corresponding to MSA columns:
# 994-1014
name=unknown_I
#
# <colnr> <probs for GDERKNQSTAVLIFYWHMCP>
#	G	D	E	R	K	N	Q	S	T	A	V	L	I	F	Y	W	H	M	C	P
0	0.05759	0.14424	0.04352	0.01221	0.05918	0.22017	0.03557	0.14156	0.09783	0.07775	0.01052	0.01128	0.00812	0.00542	0.00511	0.00143	0.05440	0.00390	0.00337	0.00682
1	0.01439	0.04420	0.01278	0.01106	0.01275	0.44323	0.00855	0.01570	0.01138	0.01248	0.00896	0.01201	0.00795	0.04842	0.05643	0.00200	0.17567	0.00386	0.09286	0.00532
2	0.01019	0.00873	0.01019	0.00728	0.01165	0.00655	0.00582	0.01237	0.01019	0.01601	0.00873	0.01019	0.00728	0.00364	0.00364	0.00073	0.00364	0.00291	0.00291	0.85734
3	0.86201	0.00950	0.00722	0.00646	0.00950	0.01102	0.00532	0.01445	0.00836	0.02205	0.00684	0.00798	0.00532	0.00456	0.00304	0.00152	0.00380	0.00266	0.00304	0.00532
4	0.00854	0.00427	0.00640	0.00640	0.00640	0.00427	0.00427	0.00640	0.00640	0.00854	0.00854	0.01494	0.00854	0.01707	0.01921	0.85702	0.00427	0.00427	0.00213	0.00213
5	0.01334	0.00844	0.01035	0.00763	0.01168	0.00664	0.00615	0.01545	0.01146	0.23520	0.05167	0.01337	0.01063	0.00465	0.00411	0.00099	0.00372	0.00378	0.00392	0.57681
6	0.00600	0.00438	0.00565	0.00662	0.00708	0.00403	0.00448	0.00695	0.00975	0.01286	0.05493	0.71556	0.11382	0.01491	0.00621	0.00195	0.00280	0.01342	0.00459	0.00403
7	0.00928	0.00873	0.01474	0.81548	0.03385	0.01092	0.01365	0.01256	0.00983	0.01256	0.00873	0.01310	0.00655	0.00491	0.00491	0.00164	0.00655	0.00437	0.00218	0.00546
8	0.01836	0.02342	0.01393	0.01266	0.01519	0.80756	0.00950	0.01962	0.01393	0.01203	0.00760	0.00886	0.00633	0.00506	0.00443	0.00127	0.00886	0.00317	0.00253	0.00570
9	0.00679	0.00487	0.00661	0.00690	0.00738	0.00520	0.00483	0.00781	0.00807	0.01117	0.01741	0.23053	0.01909	0.25643	0.37815	0.00548	0.00811	0.00805	0.00323	0.00388
10	0.00695	0.00468	0.00595	0.00658	0.00737	0.00424	0.00457	0.00801	0.01023	0.05923	0.06975	0.59679	0.16926	0.01405	0.00609	0.00188	0.00284	0.01253	0.00469	0.00431
11	0.01743	0.00821	0.01052	0.00853	0.01158	0.00775	0.00685	0.07709	0.09639	0.48705	0.13959	0.04778	0.01811	0.00741	0.00556	0.02738	0.00391	0.00588	0.00560	0.00738
12	0.00670	0.00458	0.00586	0.00637	0.00660	0.00455	0.00412	0.00715	0.00820	0.01103	0.01999	0.38238	0.02321	0.32920	0.10525	0.05305	0.00484	0.00981	0.00360	0.00354
13	0.00867	0.00537	0.00631	0.00614	0.00775	0.00466	0.00455	0.00992	0.01121	0.14631	0.05954	0.24121	0.42719	0.03038	0.00621	0.00179	0.00291	0.01026	0.00481	0.00481
14	0.04080	0.00984	0.01097	0.06168	0.01304	0.02964	0.00749	0.32021	0.03971	0.12060	0.03178	0.03025	0.01140	0.02859	0.05630	0.00193	0.00507	0.00487	0.16912	0.00671
15	0.01254	0.00815	0.00968	0.03261	0.01126	0.00830	0.00664	0.22480	0.04868	0.14289	0.15546	0.19518	0.10434	0.00938	0.00546	0.00164	0.00379	0.00800	0.00499	0.00622
16	0.01001	0.00921	0.01507	0.71915	0.08050	0.01122	0.01348	0.05774	0.01069	0.01386	0.00895	0.01297	0.00673	0.00494	0.00491	0.00162	0.00644	0.00437	0.00236	0.00577
17	0.00863	0.00464	0.00655	0.00655	0.00678	0.00472	0.00445	0.00778	0.05182	0.00988	0.01058	0.06110	0.01044	0.01588	0.01696	0.72183	0.00408	0.00491	0.03971	0.00267
18	0.15898	0.03899	0.06157	0.09954	0.23508	0.23510	0.03234	0.03905	0.01155	0.01578	0.00826	0.01038	0.00667	0.00480	0.00463	0.00145	0.02317	0.00369	0.00258	0.00640
19	0.00761	0.02876	0.05246	0.00679	0.00840	0.00525	0.00545	0.00917	0.01075	0.05997	0.08768	0.34082	0.26558	0.01204	0.00572	0.00174	0.00315	0.03709	0.03415	0.01744
20	0.10803	0.01745	0.34835	0.08245	0.17487	0.03345	0.02719	0.07560	0.05622	0.01755	0.00954	0.01127	0.00716	0.00483	0.00460	0.00153	0.00625	0.00393	0.00268	0.00706

[dist]
# distance from previous block
# <min> <max>
0	20

[block]
# block no. 9 follows, 51 sequences, length 11
# corresponding to MSA columns:
# 1035-1037,1040-1045,1049,1050
name=unknown_J
#
# <colnr> <probs for GDERKNQSTAVLIFYWHMCP>
#	G	D	E	R	K	N	Q	S	T	A	V	L	I	F	Y	W	H	M	C	P
0	0.01253	0.01377	0.10268	0.14184	0.24713	0.08637	0.04830	0.09051	0.15811	0.01729	0.01201	0.01363	0.02326	0.00527	0.00490	0.00153	0.00603	0.00458	0.00313	0.00710
1	0.00698	0.00492	0.00620	0.00624	0.00733	0.00445	0.00454	0.00868	0.01215	0.04270	0.41619	0.26017	0.17745	0.01186	0.00590	0.00169	0.00256	0.01046	0.00504	0.00449
2	0.05095	0.16682	0.01814	0.17422	0.01889	0.02522	0.16452	0.02879	0.01008	0.01409	0.00877	0.02441	0.00740	0.00567	0.00656	0.03649	0.11246	0.00422	0.02698	0.09534
3	0.00697	0.00488	0.00578	0.00564	0.00621	0.00467	0.00366	0.00794	0.01002	0.01366	0.31106	0.03509	0.09139	0.45406	0.01623	0.00330	0.00366	0.00806	0.00402	0.00370
4	0.00642	0.00450	0.00570	0.00636	0.00666	0.00428	0.00413	0.00720	0.00927	0.01249	0.10832	0.51620	0.02994	0.24155	0.01145	0.00272	0.00333	0.01150	0.00421	0.00378
5	0.01173	0.00533	0.00594	0.00541	0.00708	0.00511	0.00419	0.01394	0.01105	0.17395	0.01670	0.01800	0.01251	0.00580	0.00374	0.00122	0.00267	0.00465	0.68565	0.00533
6	0.00698	0.00497	0.00710	0.00719	0.00794	0.00532	0.00535	0.00835	0.00921	0.01299	0.17428	0.14522	0.02217	0.04886	0.43646	0.07428	0.00843	0.00730	0.00346	0.00416
7	0.00958	0.00904	0.01529	0.73286	0.11410	0.01100	0.01380	0.01282	0.00997	0.01292	0.00879	0.01300	0.00668	0.00486	0.00491	0.00162	0.00648	0.00437	0.00221	0.00570
