[name]
unknown

[dist]
# distance from previous block
# <min> <max>
0	80

[block]
# block no. 0 follows, 45 sequences, length 17
# corresponding to MSA columns:
# 102-118
name=unknown_A
#
# <colnr> <probs for GDERKNQSTAVLIFYWHMCP>
#	G	D	E	R	K	N	Q	S	T	A	V	L	I	F	Y	W	H	M	C	P
0	0.06420	0.01038	0.01192	0.01120	0.03318	0.03877	0.00909	0.19418	0.08267	0.11319	0.02031	0.03320	0.01879	0.00986	0.00636	0.00200	0.02378	0.30494	0.00500	0.00697
1	0.02001	0.03758	0.01450	0.01078	0.01492	0.01275	0.00891	0.39983	0.03283	0.27104	0.01605	0.01536	0.02387	0.00728	0.02558	0.00174	0.00546	0.00499	0.00545	0.07108
2	0.01410	0.04417	0.01911	0.21099	0.07641	0.01328	0.15367	0.16368	0.01415	0.07509	0.01177	0.03990	0.00933	0.00683	0.02143	0.00188	0.08499	0.00536	0.00348	0.03038
3	0.01370	0.04865	0.01273	0.01004	0.02803	0.01041	0.02704	0.23539	0.05124	0.07717	0.25324	0.07816	0.02436	0.00821	0.00556	0.00158	0.00435	0.00696	0.00510	0.09808
4	0.01218	0.01281	0.04981	0.13292	0.14778	0.03229	0.29185	0.05214	0.06510	0.01781	0.05959	0.07466	0.01323	0.00633	0.00587	0.00177	0.00699	0.00647	0.00332	0.00709
5	0.00698	0.00534	0.00641	0.00640	0.00771	0.00476	0.00470	0.00884	0.01335	0.01778	0.39957	0.16787	0.30514	0.01284	0.00642	0.00181	0.00269	0.01118	0.00543	0.00476
6	0.69618	0.01015	0.00874	0.00752	0.01100	0.01127	0.00620	0.01770	0.01029	0.16461	0.01002	0.01049	0.00720	0.00529	0.00371	0.00166	0.00423	0.00337	0.00394	0.00643
7	0.00933	0.00725	0.00909	0.05251	0.01088	0.02206	0.00657	0.01244	0.10570	0.03302	0.07890	0.07224	0.03068	0.23510	0.24053	0.00474	0.05296	0.00715	0.00374	0.00510
8	0.00654	0.00467	0.00623	0.00747	0.00779	0.00436	0.00498	0.00747	0.01028	0.01370	0.02959	0.80785	0.03550	0.01682	0.00685	0.00218	0.00311	0.01526	0.00498	0.00436
9	0.00825	0.00664	0.00875	0.00796	0.00973	0.00635	0.04750	0.01199	0.09674	0.01950	0.45213	0.06739	0.19025	0.01108	0.00629	0.00178	0.00322	0.03360	0.00543	0.00543
10	0.01276	0.00949	0.01130	0.00815	0.01284	0.00725	0.00655	0.01510	0.01166	0.11347	0.01100	0.01203	0.00862	0.00431	0.00415	0.00090	0.00405	0.00346	0.00362	0.73927
11	0.00781	0.00510	0.00669	0.00737	0.00806	0.00471	0.00506	0.00898	0.01114	0.06169	0.12362	0.60185	0.05477	0.05667	0.00775	0.00223	0.00323	0.01346	0.00511	0.00469
12	0.03733	0.04511	0.06096	0.01649	0.12727	0.23089	0.12312	0.11072	0.04896	0.06105	0.03197	0.01438	0.01019	0.00579	0.00522	0.00158	0.00718	0.01720	0.03725	0.00734
13	0.04178	0.13254	0.11012	0.02684	0.13473	0.11577	0.05854	0.06268	0.04954	0.07696	0.01449	0.05033	0.05678	0.00643	0.00536	0.00159	0.02485	0.00522	0.00345	0.02200
14	0.12339	0.20041	0.03510	0.01196	0.03865	0.31331	0.00958	0.06715	0.04011	0.01638	0.01013	0.05913	0.00906	0.00618	0.00504	0.00150	0.03896	0.00426	0.00310	0.00658
15	0.09741	0.00870	0.00970	0.01006	0.05018	0.06854	0.03035	0.08222	0.01232	0.01729	0.06941	0.42750	0.02546	0.05682	0.00720	0.00211	0.00444	0.01046	0.00444	0.00540
16	0.06525	0.01821	0.33797	0.03206	0.09644	0.01201	0.04415	0.11494	0.04128	0.11045	0.04414	0.03612	0.01101	0.00605	0.00525	0.00169	0.00642	0.00501	0.00366	0.00789

[dist]
# distance from previous block
# <min> <max>
2	13

[block]
# block no. 1 follows, 45 sequences, length 20
# corresponding to MSA columns:
# 132-138,140-152
name=unknown_B
#
# <colnr> <probs for GDERKNQSTAVLIFYWHMCP>
#	G	D	E	R	K	N	Q	S	T	A	V	L	I	F	Y	W	H	M	C	P
0	0.17644	0.07174	0.02652	0.01105	0.04212	0.12488	0.00870	0.10831	0.10330	0.21280	0.01429	0.03611	0.01069	0.00699	0.02179	0.00176	0.00573	0.00471	0.00449	0.00757
1	0.03943	0.01314	0.01424	0.01124	0.01497	0.01431	0.00913	0.57206	0.03966	0.06057	0.01443	0.03556	0.01150	0.06914	0.00708	0.00192	0.00556	0.02906	0.00512	0.03189
2	0.03294	0.00738	0.00772	0.00733	0.00915	0.04049	0.00557	0.06961	0.03174	0.05168	0.17480	0.14855	0.26380	0.01124	0.00589	0.00176	0.00349	0.03008	0.09133	0.00543
3	0.07727	0.00996	0.01122	0.00849	0.01272	0.00863	0.00678	0.11461	0.01296	0.04459	0.01175	0.07261	0.01023	0.00546	0.00438	0.00111	0.00420	0.00438	0.00374	0.57490
4	0.01314	0.01285	0.04555	0.20136	0.33254	0.06829	0.01344	0.07607	0.03450	0.01796	0.01092	0.01373	0.00866	0.00525	0.00509	0.00156	0.00630	0.00461	0.06777	0.06042
5	0.00653	0.00522	0.00578	0.00611	0.00740	0.00454	0.00436	0.00779	0.01170	0.01456	0.09074	0.26325	0.49422	0.04393	0.00726	0.00203	0.00291	0.01220	0.00498	0.00447
6	0.01302	0.01250	0.11925	0.03145	0.01509	0.02260	0.00898	0.04814	0.06781	0.10298	0.01269	0.04533	0.01014	0.00537	0.00463	0.00122	0.00485	0.00436	0.00374	0.46586
7	0.00660	0.00507	0.00605	0.00660	0.00761	0.00452	0.00465	0.00791	0.01168	0.01504	0.13692	0.41635	0.32211	0.01481	0.00659	0.00197	0.00289	0.01302	0.00511	0.00452
8	0.01478	0.01125	0.01233	0.01023	0.01267	0.04032	0.00796	0.34490	0.03475	0.04192	0.03257	0.01988	0.01313	0.20756	0.08771	0.00321	0.06802	0.00572	0.00428	0.02682
9	0.01174	0.05938	0.39288	0.03732	0.14213	0.03196	0.10595	0.01707	0.05846	0.01679	0.01130	0.04444	0.00910	0.00621	0.01814	0.00181	0.02004	0.00496	0.00272	0.00761
10	0.79718	0.01005	0.00771	0.00693	0.01012	0.01161	0.00569	0.01558	0.00927	0.02383	0.00810	0.00942	0.00631	0.00506	0.00335	0.00164	0.00405	0.00304	0.05532	0.00576
11	0.03245	0.06664	0.04218	0.02883	0.01401	0.01050	0.00808	0.14671	0.07480	0.12469	0.03479	0.03237	0.07314	0.00637	0.00486	0.00137	0.00462	0.00509	0.00435	0.28413
12	0.01921	0.02415	0.01636	0.01439	0.01737	0.69801	0.06815	0.02140	0.04582	0.01383	0.00905	0.01047	0.00740	0.00553	0.00498	0.00143	0.00941	0.00379	0.00287	0.00639
13	0.00872	0.00621	0.00752	0.00713	0.00850	0.00608	0.00525	0.04806	0.04959	0.03274	0.35932	0.09351	0.13554	0.10122	0.05906	0.01885	0.00398	0.00912	0.03449	0.00511
14	0.00682	0.00531	0.00609	0.00619	0.00748	0.00469	0.00447	0.00836	0.01248	0.01612	0.25244	0.17779	0.39868	0.05946	0.00764	0.00204	0.00288	0.01134	0.00515	0.00458
15	0.84927	0.01038	0.00789	0.00706	0.01038	0.01204	0.00581	0.01578	0.00914	0.02408	0.00747	0.00872	0.00581	0.00498	0.00332	0.00166	0.00415	0.00291	0.00332	0.00581
16	0.01014	0.00954	0.01610	0.79845	0.03697	0.01193	0.01491	0.01371	0.01073	0.01371	0.00954	0.01431	0.00716	0.00537	0.00537	0.00179	0.00716	0.00477	0.00239	0.00596
17	0.08792	0.23936	0.07702	0.01144	0.01506	0.30501	0.01001	0.07253	0.02540	0.01621	0.00939	0.02470	0.00793	0.00566	0.00485	0.00143	0.03616	0.00375	0.03952	0.00665
18	0.01525	0.14868	0.01522	0.01099	0.01347	0.28309	0.00881	0.07152	0.04121	0.03589	0.05929	0.07518	0.01318	0.00726	0.00630	0.00156	0.09818	0.00520	0.08339	0.00633
19	0.00804	0.00562	0.00660	0.00664	0.00796	0.00515	0.00478	0.01000	0.03974	0.05457	0.18140	0.23903	0.28974	0.07475	0.00792	0.00212	0.00312	0.01102	0.03689	0.00489

[dist]
# distance from previous block
# <min> <max>
0	1

[block]
# block no. 2 follows, 45 sequences, length 20
# corresponding to MSA columns:
# 154-173
name=unknown_C
#
# <colnr> <probs for GDERKNQSTAVLIFYWHMCP>
#	G	D	E	R	K	N	Q	S	T	A	V	L	I	F	Y	W	H	M	C	P
0	0.04023	0.01084	0.01223	0.00991	0.01316	0.01137	0.00796	0.24592	0.13203	0.04862	0.14052	0.03244	0.01738	0.00716	0.00599	0.00154	0.05626	0.00564	0.02335	0.17747
1	0.00946	0.00721	0.00884	0.00807	0.00961	0.00757	0.00629	0.05961	0.05455	0.03822	0.36600	0.06769	0.17189	0.01084	0.00749	0.00181	0.09771	0.02540	0.03619	0.00557
2	0.01454	0.01031	0.01269	0.01220	0.10338	0.01035	0.00848	0.12022	0.19902	0.13863	0.10906	0.02001	0.01704	0.05903	0.00671	0.00178	0.00458	0.00574	0.00485	0.14139
3	0.06826	0.61560	0.02350	0.00906	0.01305	0.06815	0.00855	0.01569	0.01158	0.01446	0.09850	0.01242	0.01201	0.00543	0.00387	0.00126	0.00551	0.00372	0.00282	0.00656
4	0.01291	0.01225	0.02031	0.05837	0.65970	0.01206	0.01522	0.01602	0.01204	0.01739	0.01001	0.01307	0.00839	0.00471	0.00516	0.00151	0.00612	0.00459	0.00271	0.10746
5	0.01070	0.01033	0.01751	0.60577	0.08190	0.01262	0.06245	0.01402	0.01066	0.01409	0.00937	0.01395	0.00729	0.00575	0.00688	0.00184	0.10138	0.00486	0.00242	0.00620
6	0.00690	0.00511	0.00645	0.00686	0.00778	0.00465	0.00486	0.00850	0.01244	0.01675	0.31142	0.39236	0.16800	0.01409	0.00657	0.00193	0.00283	0.01252	0.00533	0.00465
7	0.02041	0.01504	0.01611	0.01235	0.01665	0.01665	0.01020	0.75997	0.02524	0.03383	0.01289	0.01289	0.00913	0.00644	0.00537	0.00161	0.00591	0.00483	0.00537	0.00913
8	0.01020	0.00962	0.01611	0.77009	0.03614	0.01209	0.01479	0.01369	0.01064	0.01369	0.00945	0.01422	0.00715	0.00551	0.00581	0.00181	0.03588	0.00477	0.00238	0.00596
9	0.01352	0.01352	0.02053	0.12197	0.62192	0.08220	0.01574	0.01659	0.01231	0.01669	0.00987	0.01308	0.00820	0.00492	0.00528	0.00160	0.00676	0.00466	0.00263	0.00800
10	0.01174	0.01174	0.01644	0.01409	0.01409	0.01644	0.01174	0.01292	0.00822	0.01292	0.00705	0.01174	0.00705	0.00940	0.01762	0.00235	0.80153	0.00470	0.00235	0.00587
11	0.00662	0.00498	0.00613	0.00683	0.00767	0.00449	0.00474	0.00786	0.01142	0.01488	0.12791	0.50617	0.24039	0.01522	0.00665	0.00202	0.00293	0.01350	0.00510	0.00449
12	0.01510	0.01196	0.01527	0.06340	0.01723	0.01299	0.09785	0.22898	0.29588	0.07303	0.06685	0.01936	0.04330	0.00703	0.00562	0.00174	0.00532	0.00606	0.00500	0.00803
13	0.00658	0.00486	0.00615	0.00706	0.00771	0.00444	0.00483	0.00770	0.01096	0.01438	0.08481	0.62142	0.16778	0.01585	0.00673	0.00208	0.00300	0.01418	0.00505	0.00444
14	0.01307	0.10695	0.01510	0.05387	0.07680	0.05506	0.00964	0.06137	0.32526	0.01864	0.01929	0.02004	0.09138	0.00753	0.00655	0.00175	0.08721	0.01900	0.00417	0.00734
15	0.05324	0.00922	0.01134	0.00927	0.01266	0.00892	0.00746	0.04910	0.16347	0.41858	0.15695	0.02182	0.02009	0.00742	0.00546	0.00168	0.00415	0.00614	0.00601	0.02701
16	0.01634	0.01205	0.01389	0.10435	0.01700	0.01340	0.00955	0.44124	0.09422	0.04465	0.01451	0.03658	0.01173	0.05951	0.00791	0.05674	0.00563	0.02837	0.00470	0.00762
17	0.06332	0.03493	0.01185	0.02898	0.01313	0.01045	0.00765	0.18629	0.11194	0.17698	0.07010	0.11173	0.03371	0.00794	0.00529	0.00164	0.00441	0.00654	0.04625	0.06687
18	0.01454	0.56526	0.02410	0.10328	0.01690	0.03585	0.00995	0.09399	0.06312	0.01563	0.00925	0.01052	0.00779	0.00508	0.00404	0.00132	0.00591	0.00353	0.00285	0.00710
19	0.54286	0.06459	0.15167	0.00871	0.01287	0.01203	0.00858	0.01638	0.01013	0.06317	0.00926	0.01044	0.00698	0.00515	0.00380	0.00161	0.00486	0.00337	0.05712	0.00640

[dist]
# distance from previous block
# <min> <max>
0	4

[block]
# block no. 3 follows, 45 sequences, length 16
# corresponding to MSA columns:
# 181-196
name=unknown_D
#
# <colnr> <probs for GDERKNQSTAVLIFYWHMCP>
#	G	D	E	R	K	N	Q	S	T	A	V	L	I	F	Y	W	H	M	C	P
0	0.01733	0.00783	0.01004	0.00827	0.01128	0.00695	0.00653	0.01962	0.04262	0.46891	0.08897	0.04484	0.15811	0.07462	0.00748	0.00200	0.00407	0.00728	0.00592	0.00734
1	0.01417	0.15166	0.30271	0.01278	0.02944	0.11349	0.01309	0.10174	0.04789	0.05319	0.02930	0.01404	0.02641	0.03562	0.00612	0.00171	0.03155	0.00445	0.00323	0.00739
2	0.00785	0.00532	0.00688	0.00707	0.00813	0.00486	0.00508	0.00959	0.01287	0.05524	0.35859	0.36013	0.11129	0.01344	0.00650	0.00190	0.00289	0.01196	0.00547	0.00492
3	0.01087	0.00803	0.00959	0.03101	0.01127	0.00843	0.00679	0.11793	0.13390	0.05284	0.25256	0.15134	0.09256	0.02589	0.04719	0.00222	0.01736	0.00882	0.00521	0.00619
4	0.00767	0.00563	0.00724	0.00674	0.00816	0.00512	0.00507	0.01014	0.01491	0.02106	0.71394	0.03955	0.08209	0.01083	0.00624	0.00166	0.00259	0.00954	0.00577	0.03603
5	0.01031	0.06329	0.56622	0.01386	0.04410	0.01141	0.01622	0.01536	0.01176	0.01707	0.10062	0.05705	0.03678	0.00661	0.00529	0.00170	0.00674	0.00541	0.00293	0.00728
6	0.80743	0.01062	0.00830	0.00733	0.01070	0.01227	0.00603	0.05334	0.00995	0.02458	0.00775	0.00893	0.00598	0.00506	0.00343	0.00166	0.00424	0.00300	0.00343	0.00598
7	0.01313	0.01140	0.01427	0.03967	0.01605	0.01169	0.08381	0.09764	0.35039	0.02119	0.01604	0.01714	0.01248	0.00612	0.00517	0.00152	0.00495	0.02600	0.00440	0.24695
8	0.02005	0.02558	0.01521	0.01383	0.01659	0.78980	0.01037	0.02143	0.01521	0.01314	0.00830	0.00968	0.00691	0.00553	0.00484	0.00138	0.00968	0.00346	0.00277	0.00622
9	0.01113	0.00954	0.01113	0.00795	0.01272	0.00716	0.00636	0.01352	0.01113	0.01749	0.00954	0.01113	0.00795	0.00398	0.00398	0.00080	0.00398	0.00318	0.00318	0.84417
10	0.00884	0.00582	0.00723	0.00668	0.00836	0.00520	0.00508	0.01103	0.01445	0.09188	0.51732	0.04101	0.23437	0.01124	0.00625	0.00172	0.00277	0.00972	0.00574	0.00531
11	0.00882	0.00691	0.04759	0.00734	0.00921	0.00562	0.00602	0.01138	0.01461	0.07385	0.58508	0.03887	0.12240	0.01075	0.00623	0.00172	0.00304	0.02947	0.00565	0.00544
12	0.00701	0.00542	0.00635	0.00620	0.00762	0.00480	0.00459	0.00889	0.01346	0.01780	0.40686	0.08477	0.35861	0.03530	0.00696	0.00187	0.00272	0.01063	0.00539	0.00475
13	0.01326	0.01323	0.01691	0.31631	0.20800	0.14700	0.04020	0.01720	0.07889	0.03647	0.01130	0.01496	0.00910	0.04715	0.00644	0.00185	0.00705	0.00489	0.00296	0.00684
14	0.02014	0.01529	0.01565	0.01222	0.01630	0.07038	0.00999	0.66168	0.02378	0.05871	0.01331	0.03396	0.00982	0.00666	0.00537	0.00161	0.00605	0.00503	0.00522	0.00880
15	0.47001	0.01320	0.09851	0.05127	0.08440	0.04810	0.02242	0.06306	0.01120	0.02142	0.01006	0.06633	0.00863	0.00594	0.00431	0.00169	0.00532	0.00437	0.00331	0.00646

[dist]
# distance from previous block
# <min> <max>
0	2

[block]
# block no. 4 follows, 45 sequences, length 40
# corresponding to MSA columns:
# 199-238
name=unknown_E
#
# <colnr> <probs for GDERKNQSTAVLIFYWHMCP>
#	G	D	E	R	K	N	Q	S	T	A	V	L	I	F	Y	W	H	M	C	P
0	0.27073	0.16619	0.04124	0.06844	0.04052	0.15175	0.02498	0.05124	0.01178	0.01784	0.03429	0.01304	0.00924	0.07139	0.00612	0.00181	0.00608	0.00402	0.00306	0.00622
1	0.12939	0.05773	0.19213	0.03360	0.07587	0.01246	0.27626	0.01632	0.01156	0.03353	0.01059	0.03940	0.00848	0.00518	0.00520	0.00164	0.00700	0.00502	0.00286	0.07578
2	0.01085	0.01017	0.01659	0.62389	0.14156	0.01216	0.01461	0.01533	0.07303	0.01498	0.01063	0.01463	0.00811	0.00544	0.00537	0.00176	0.00681	0.00488	0.00268	0.00654
3	0.01126	0.01081	0.01622	0.27659	0.32568	0.05240	0.01314	0.01420	0.01212	0.01595	0.07161	0.02130	0.09812	0.00680	0.00557	0.00171	0.00607	0.03055	0.00315	0.00673
4	0.01267	0.01212	0.02056	0.13338	0.65760	0.01241	0.01591	0.01586	0.01203	0.01694	0.01130	0.01453	0.03052	0.00511	0.00535	0.00163	0.00637	0.00497	0.00269	0.00805
5	0.00678	0.00490	0.00642	0.00720	0.00782	0.00454	0.00496	0.00812	0.01155	0.01562	0.20993	0.58761	0.07410	0.01526	0.00670	0.00204	0.00296	0.01374	0.00521	0.00454
6	0.08383	0.01051	0.01251	0.02531	0.10860	0.08930	0.06938	0.08768	0.01277	0.01869	0.03000	0.15467	0.01519	0.02564	0.03465	0.00198	0.02115	0.00669	0.18533	0.00611
7	0.01574	0.01135	0.01300	0.00992	0.01394	0.01105	0.00801	0.27704	0.03932	0.10764	0.01267	0.01412	0.00979	0.04859	0.00650	0.00151	0.03918	0.00441	0.00437	0.35185
8	0.23674	0.01229	0.01726	0.15596	0.19302	0.06172	0.14136	0.03205	0.02553	0.01862	0.01038	0.03980	0.00855	0.00546	0.00497	0.00169	0.00637	0.00485	0.01658	0.00678
9	0.04420	0.11504	0.57716	0.01425	0.02118	0.03885	0.04577	0.01744	0.01157	0.05292	0.00986	0.01132	0.00714	0.00510	0.00490	0.00163	0.00748	0.00394	0.00255	0.00771
10	0.01386	0.01424	0.09563	0.14843	0.30169	0.05332	0.02613	0.14910	0.03520	0.01978	0.01120	0.01367	0.00871	0.00549	0.00539	0.00163	0.01937	0.00471	0.06474	0.00770
11	0.03987	0.00721	0.00921	0.02598	0.01086	0.00679	0.00633	0.01695	0.05282	0.29786	0.20406	0.09920	0.05044	0.00946	0.00640	0.04708	0.00370	0.00744	0.09181	0.00654
12	0.03770	0.03652	0.01267	0.05843	0.12757	0.01041	0.00883	0.12827	0.13422	0.04631	0.13432	0.14781	0.05798	0.02723	0.00618	0.00183	0.00455	0.00771	0.00464	0.00684
13	0.00655	0.00534	0.00580	0.00601	0.00752	0.00460	0.00445	0.00796	0.01215	0.01495	0.10369	0.17219	0.57816	0.01395	0.00646	0.00188	0.00284	0.03587	0.00505	0.00456
14	0.13632	0.02946	0.02502	0.14439	0.06188	0.04904	0.02668	0.10947	0.06474	0.12063	0.06072	0.04119	0.02578	0.00679	0.00536	0.00169	0.02180	0.01794	0.04412	0.00697
15	0.01634	0.31843	0.02011	0.01160	0.01482	0.23254	0.00990	0.08052	0.01306	0.05125	0.00880	0.01037	0.00745	0.00595	0.00664	0.00148	0.14920	0.00366	0.00293	0.03493
16	0.54089	0.18202	0.01319	0.07267	0.01355	0.01409	0.00748	0.01661	0.06541	0.02067	0.00870	0.00999	0.00693	0.00510	0.00367	0.00157	0.00474	0.00328	0.00318	0.00625
17	0.08282	0.70677	0.02541	0.00888	0.01324	0.01970	0.00870	0.01611	0.01085	0.02785	0.00805	0.00918	0.00715	0.00472	0.00348	0.00120	0.00548	0.00299	0.03063	0.00678
18	0.00717	0.00547	0.00663	0.00668	0.00805	0.00493	0.00508	0.00913	0.01340	0.01775	0.37385	0.11676	0.30325	0.01284	0.00650	0.00186	0.00290	0.08754	0.00540	0.00480
19	0.00651	0.00522	0.00583	0.00624	0.00755	0.00454	0.00452	0.00780	0.01171	0.01451	0.06786	0.28927	0.50036	0.01456	0.00653	0.00194	0.00290	0.03263	0.00501	0.00451
20	0.01054	0.02615	0.72661	0.01481	0.02223	0.01204	0.01887	0.01645	0.01113	0.01667	0.00998	0.01205	0.00729	0.00768	0.06277	0.00221	0.00841	0.00410	0.00231	0.00770
21	0.00692	0.00487	0.00630	0.00729	0.00759	0.00464	0.00485	0.00776	0.00990	0.01318	0.02695	0.60621	0.03198	0.17788	0.01104	0.00281	0.00365	0.05738	0.00463	0.00417
22	0.00638	0.00528	0.00560	0.00585	0.00736	0.00450	0.00426	0.00766	0.01184	0.01434	0.04935	0.20506	0.62553	0.01425	0.00645	0.00189	0.00280	0.01213	0.00498	0.00450
23	0.01113	0.00954	0.01113	0.00795	0.01272	0.00716	0.00636	0.01352	0.01113	0.01749	0.00954	0.01113	0.00795	0.00398	0.00398	0.00080	0.00398	0.00318	0.00318	0.84417
24	0.78835	0.01150	0.00843	0.00756	0.01084	0.06918	0.00615	0.01619	0.00958	0.02328	0.00753	0.00879	0.00589	0.00502	0.00343	0.00164	0.00456	0.00295	0.00328	0.00584
25	0.01319	0.12534	0.05309	0.07955	0.10048	0.08681	0.01218	0.05334	0.01092	0.01472	0.00840	0.01182	0.00747	0.00810	0.03382	0.00208	0.36519	0.00435	0.00258	0.00657
26	0.00933	0.00824	0.01170	0.01091	0.01136	0.01060	0.00875	0.01080	0.00888	0.01303	0.01418	0.14114	0.01487	0.02182	0.29109	0.00457	0.35877	0.04167	0.00307	0.00521
27	0.00893	0.00687	0.00925	0.00820	0.00963	0.00650	0.06637	0.03064	0.02508	0.01392	0.01802	0.19310	0.01966	0.37554	0.03821	0.00347	0.00508	0.00836	0.03123	0.12196
28	0.00781	0.00536	0.00651	0.00654	0.00684	0.00548	0.00417	0.00839	0.00862	0.01171	0.06514	0.03442	0.02106	0.60012	0.14627	0.00540	0.00648	0.04254	0.00344	0.00369
29	0.01269	0.01366	0.08385	0.12172	0.60625	0.01266	0.03848	0.01621	0.01199	0.01703	0.01002	0.01328	0.00819	0.00487	0.00533	0.00163	0.00668	0.00476	0.00259	0.00812
30	0.00743	0.00548	0.00792	0.00815	0.00896	0.00603	0.00611	0.00913	0.00949	0.01341	0.08004	0.19036	0.02135	0.05574	0.53667	0.00659	0.01074	0.00816	0.00358	0.00468
31	0.01135	0.01102	0.04840	0.03411	0.04518	0.12891	0.04848	0.01439	0.04969	0.05382	0.34884	0.06261	0.04225	0.00940	0.00639	0.02668	0.00494	0.04297	0.00464	0.00590
32	0.03734	0.03761	0.01122	0.04333	0.01284	0.09370	0.00762	0.10945	0.16012	0.04899	0.17648	0.19539	0.02468	0.00960	0.00573	0.00176	0.00462	0.00814	0.00489	0.00648
33	0.01087	0.00884	0.04744	0.00987	0.01214	0.00815	0.06865	0.08741	0.06618	0.06101	0.15255	0.23268	0.02592	0.03255	0.00683	0.00194	0.01961	0.05847	0.06629	0.02258
34	0.22195	0.08016	0.01381	0.03771	0.04672	0.05213	0.00862	0.15950	0.04623	0.08665	0.01118	0.01225	0.00854	0.00579	0.00536	0.00155	0.06362	0.00405	0.04463	0.08954
35	0.17193	0.14308	0.02934	0.11169	0.01581	0.10837	0.00874	0.03833	0.08595	0.08058	0.03845	0.02717	0.01094	0.02134	0.00494	0.00160	0.00549	0.00447	0.05601	0.03578
36	0.04277	0.17578	0.22588	0.03262	0.13246	0.05730	0.03508	0.15913	0.01420	0.01938	0.02622	0.01200	0.00849	0.00548	0.00524	0.00156	0.03143	0.00421	0.00309	0.00769
37	0.02393	0.12004	0.14434	0.09112	0.10466	0.09157	0.02414	0.06310	0.02985	0.03354	0.04347	0.01378	0.01010	0.00594	0.00603	0.00158	0.08154	0.00448	0.07172	0.03509
38	0.01390	0.09112	0.09489	0.06970	0.15503	0.05289	0.04758	0.09623	0.03414	0.06835	0.04700	0.01527	0.02192	0.00624	0.00633	0.00164	0.08716	0.00493	0.07842	0.00725
39	0.13061	0.01126	0.02483	0.02525	0.11783	0.03271	0.00877	0.16973	0.09064	0.03592	0.05433	0.05429	0.04247	0.02507	0.00547	0.00163	0.00484	0.00550	0.04220	0.11663

[dist]
# distance from previous block
# <min> <max>
4	193

[block]
# block no. 5 follows, 45 sequences, length 77
# corresponding to MSA columns:
# 448-460,465-481,486-494,497-523,526-536
name=unknown_F
#
# <colnr> <probs for GDERKNQSTAVLIFYWHMCP>
#	G	D	E	R	K	N	Q	S	T	A	V	L	I	F	Y	W	H	M	C	P
0	0.09754	0.04169	0.05292	0.02214	0.01445	0.03503	0.00896	0.25910	0.07599	0.17126	0.06847	0.03146	0.03152	0.02415	0.00596	0.00173	0.02561	0.00541	0.00490	0.02170
1	0.11278	0.08412	0.16274	0.04509	0.09145	0.11412	0.09259	0.04478	0.03085	0.08119	0.02445	0.01368	0.02570	0.00567	0.00523	0.00161	0.02560	0.00455	0.02662	0.00718
2	0.09155	0.11079	0.03263	0.11176	0.07586	0.12520	0.01023	0.16749	0.07752	0.03540	0.01531	0.01697	0.07676	0.00657	0.00501	0.00161	0.00604	0.02245	0.00377	0.00710
3	0.04506	0.09980	0.02759	0.02978	0.05049	0.14216	0.02259	0.30664	0.01715	0.02252	0.01184	0.04905	0.00982	0.02112	0.00551	0.00156	0.01901	0.00477	0.04771	0.06582
4	0.08375	0.04991	0.11750	0.01049	0.02908	0.08494	0.00921	0.08354	0.03555	0.15268	0.21049	0.05621	0.02151	0.00781	0.00539	0.00166	0.00511	0.02359	0.00466	0.00692
5	0.01192	0.04288	0.60619	0.07972	0.02312	0.01264	0.01786	0.06877	0.01241	0.04565	0.01056	0.01277	0.00767	0.00544	0.00515	0.00170	0.00750	0.01753	0.00270	0.00782
6	0.03647	0.01082	0.04212	0.12334	0.08887	0.01014	0.01034	0.09588	0.03441	0.44756	0.01716	0.01725	0.01165	0.00638	0.00538	0.00169	0.00535	0.02155	0.00525	0.00841
7	0.00770	0.00624	0.00697	0.00696	0.02113	0.00555	0.00506	0.02998	0.02742	0.01534	0.05782	0.12607	0.45893	0.07847	0.00793	0.00207	0.00338	0.05381	0.00469	0.07449
8	0.06228	0.01204	0.07962	0.48450	0.02873	0.04077	0.04461	0.01438	0.01060	0.01487	0.00938	0.01341	0.00731	0.00589	0.00690	0.00182	0.11854	0.00460	0.03361	0.00613
9	0.03019	0.06049	0.08113	0.13083	0.05905	0.12122	0.07050	0.13488	0.01367	0.01803	0.04483	0.01358	0.00968	0.00719	0.02744	0.00189	0.14089	0.00471	0.00315	0.02666
10	0.07863	0.04342	0.00775	0.00665	0.00760	0.00708	0.00443	0.01085	0.06217	0.02734	0.09791	0.04942	0.03376	0.51956	0.01925	0.00392	0.00469	0.00745	0.00378	0.00434
11	0.17006	0.06982	0.01464	0.13014	0.08636	0.04220	0.01012	0.12224	0.01248	0.01927	0.03222	0.01338	0.00927	0.00788	0.04299	0.00203	0.14472	0.00444	0.05922	0.00654
12	0.01005	0.00789	0.04419	0.00761	0.01023	0.00632	0.00619	0.02532	0.01337	0.08220	0.35814	0.03014	0.09511	0.06533	0.02295	0.00188	0.00378	0.00744	0.00484	0.19702
13	0.01421	0.02653	0.01330	0.02775	0.01429	0.02257	0.02457	0.19524	0.03409	0.08199	0.01367	0.10417	0.01193	0.00688	0.00602	0.00144	0.07098	0.00545	0.00413	0.32079
14	0.12216	0.11799	0.07945	0.03547	0.26384	0.17679	0.01212	0.03115	0.01224	0.01668	0.01036	0.06662	0.00932	0.00592	0.00500	0.00157	0.01869	0.00468	0.00289	0.00705
15	0.01444	0.50768	0.12313	0.01066	0.01512	0.07232	0.01064	0.07804	0.01232	0.01535	0.00869	0.01010	0.00739	0.00523	0.00473	0.00135	0.05119	0.00342	0.04119	0.00702
16	0.01203	0.07808	0.03190	0.12648	0.29566	0.04596	0.05619	0.04154	0.01238	0.01658	0.09399	0.03668	0.01476	0.06280	0.00732	0.02179	0.00609	0.02982	0.00320	0.00677
17	0.07797	0.00641	0.00743	0.00758	0.00898	0.00614	0.00541	0.06032	0.01143	0.01631	0.02685	0.51922	0.10114	0.03122	0.00659	0.00200	0.00348	0.01181	0.00466	0.08505
18	0.01326	0.01066	0.01226	0.00899	0.01355	0.00924	0.00727	0.16058	0.01394	0.03778	0.01041	0.01165	0.00828	0.00464	0.00458	0.00101	0.02208	0.00359	0.00367	0.64258
19	0.08126	0.00906	0.01136	0.02438	0.01256	0.00970	0.05344	0.21958	0.01440	0.02042	0.01978	0.36686	0.02098	0.01204	0.02419	0.01738	0.03497	0.02341	0.01817	0.00607
20	0.01432	0.01112	0.01200	0.01051	0.01362	0.01244	0.00825	0.09386	0.57090	0.08614	0.05009	0.02159	0.05582	0.00761	0.00553	0.00178	0.00429	0.00630	0.00554	0.00828
21	0.00777	0.00520	0.00593	0.00596	0.00599	0.00522	0.00338	0.00784	0.00789	0.01054	0.01716	0.05343	0.01976	0.77380	0.04502	0.00521	0.00537	0.00794	0.00329	0.00332
22	0.01051	0.01021	0.01775	0.66266	0.03444	0.01241	0.09237	0.01402	0.01076	0.01402	0.00950	0.01415	0.00725	0.00556	0.00632	0.00183	0.06278	0.00493	0.00242	0.00609
23	0.00654	0.00467	0.00623	0.00747	0.00779	0.00436	0.00498	0.00747	0.01028	0.01370	0.02959	0.80785	0.03550	0.01682	0.00685	0.00218	0.00311	0.01526	0.00498	0.00436
24	0.00742	0.00530	0.00724	0.00848	0.00918	0.00512	0.00651	0.00899	0.01114	0.01469	0.02910	0.49644	0.03358	0.01599	0.00709	0.00230	0.00388	0.31799	0.00497	0.00460
25	0.01256	0.01226	0.01987	0.38103	0.13450	0.04402	0.15661	0.08712	0.01272	0.01678	0.00997	0.01370	0.00771	0.00552	0.00638	0.00177	0.06282	0.00502	0.00279	0.00687
26	0.00800	0.00591	0.00752	0.00704	0.00843	0.00564	0.00530	0.01141	0.06773	0.02159	0.72248	0.03870	0.04826	0.01072	0.00627	0.00170	0.00265	0.00945	0.00588	0.00530
27	0.01283	0.04180	0.05202	0.09701	0.18431	0.04713	0.33025	0.01728	0.06473	0.01660	0.01075	0.01385	0.00846	0.00532	0.00669	0.00176	0.07369	0.00537	0.00280	0.00733
28	0.66857	0.03109	0.08262	0.00814	0.01201	0.01189	0.00743	0.01692	0.01000	0.09750	0.00902	0.00990	0.00667	0.00515	0.00370	0.00165	0.00459	0.00325	0.00352	0.00637
29	0.00653	0.00469	0.00621	0.00742	0.00777	0.00436	0.00496	0.00748	0.01033	0.01373	0.03028	0.78676	0.05614	0.01673	0.00684	0.00217	0.00310	0.01515	0.00498	0.00436
30	0.01116	0.00965	0.01158	0.00827	0.01306	0.00730	0.02282	0.01360	0.01116	0.01749	0.00957	0.01120	0.00795	0.00399	0.00403	0.00082	0.00409	0.00325	0.00317	0.82585
31	0.02852	0.07559	0.10625	0.02972	0.01757	0.01161	0.11853	0.12322	0.02902	0.20626	0.01311	0.01365	0.00935	0.00534	0.00500	0.00146	0.00580	0.00457	0.00412	0.19130
32	0.01010	0.00539	0.00763	0.00737	0.00767	0.00550	0.00505	0.05953	0.00827	0.01103	0.00957	0.01608	0.00931	0.01780	0.01989	0.78506	0.00475	0.00467	0.00254	0.00281
33	0.02285	0.00941	0.01242	0.00971	0.01373	0.00852	0.00796	0.02643	0.10200	0.69422	0.02125	0.01847	0.01364	0.00672	0.00541	0.00168	0.00453	0.00548	0.00651	0.00906
34	0.01949	0.02452	0.01576	0.01542	0.07985	0.72523	0.01088	0.02102	0.01496	0.01350	0.00845	0.00998	0.00705	0.00547	0.00488	0.00140	0.00941	0.00357	0.00276	0.00641
35	0.01468	0.01271	0.04187	0.07781	0.05193	0.01377	0.01016	0.18072	0.47205	0.03775	0.01793	0.01739	0.01332	0.00674	0.00541	0.00176	0.00508	0.00555	0.00496	0.00841
36	0.18402	0.01507	0.05710	0.01112	0.01510	0.07968	0.00947	0.45981	0.01951	0.02831	0.01154	0.01216	0.00845	0.00599	0.00480	0.00158	0.00577	0.00430	0.05833	0.00789
37	0.01527	0.00901	0.00978	0.00814	0.01080	0.00944	0.00652	0.26595	0.03188	0.11626	0.01648	0.01741	0.01220	0.00639	0.00453	0.00143	0.00393	0.00502	0.44262	0.00696
38	0.00772	0.00544	0.00689	0.00653	0.00783	0.00503	0.00490	0.01019	0.01469	0.02099	0.66982	0.03911	0.09011	0.01074	0.00612	0.00166	0.00254	0.00941	0.07526	0.00503
39	0.01766	0.01363	0.01537	0.14759	0.03626	0.05029	0.01076	0.42605	0.13119	0.07548	0.01390	0.01440	0.01001	0.00632	0.00536	0.00166	0.00597	0.00498	0.00477	0.00834
40	0.00640	0.00536	0.00557	0.00568	0.00733	0.00453	0.00420	0.00774	0.01211	0.01460	0.07037	0.13016	0.67986	0.01386	0.00640	0.00185	0.00276	0.01170	0.00501	0.00453
41	0.13555	0.03283	0.03514	0.12027	0.03762	0.13674	0.17034	0.14667	0.05258	0.03685	0.01103	0.01334	0.00846	0.00555	0.00515	0.00165	0.00698	0.01558	0.00347	0.02420
42	0.05276	0.75952	0.02684	0.00913	0.01363	0.02064	0.00901	0.01634	0.02784	0.01338	0.00779	0.00887	0.00705	0.00467	0.00348	0.00119	0.00563	0.00294	0.00241	0.00688
43	0.00789	0.00556	0.00724	0.00678	0.00812	0.00511	0.00510	0.01039	0.01514	0.03613	0.74672	0.03989	0.06370	0.01094	0.00631	0.00169	0.00258	0.00965	0.00591	0.00513
44	0.00644	0.00544	0.00557	0.00554	0.00731	0.00457	0.00415	0.00789	0.01246	0.01504	0.10976	0.05077	0.71997	0.01339	0.00634	0.00180	0.00270	0.01120	0.00506	0.00457
45	0.01196	0.01686	0.19933	0.11212	0.04475	0.01311	0.48799	0.01673	0.01213	0.01675	0.01041	0.01372	0.00773	0.00476	0.00592	0.00178	0.00852	0.00558	0.00257	0.00727
46	0.84927	0.01038	0.00789	0.00706	0.01038	0.01204	0.00581	0.01578	0.00914	0.02408	0.00747	0.00872	0.00581	0.00498	0.00332	0.00166	0.00415	0.00291	0.00332	0.00581
47	0.01530	0.50188	0.13123	0.01123	0.01583	0.21664	0.01099	0.01758	0.01207	0.01337	0.00798	0.00927	0.00688	0.00490	0.00403	0.00129	0.00706	0.00317	0.00241	0.00687
48	0.00726	0.00547	0.00671	0.00640	0.00781	0.00492	0.00480	0.00947	0.01439	0.01962	0.58001	0.04323	0.24685	0.01168	0.00633	0.00172	0.00258	0.01015	0.00566	0.00492
49	0.00815	0.00714	0.01222	0.01080	0.01246	0.00674	0.17428	0.01015	0.01158	0.01565	0.13553	0.47516	0.05888	0.01295	0.00682	0.00201	0.01764	0.01212	0.00457	0.00514
50	0.00875	0.00550	0.00712	0.00695	0.00803	0.00509	0.00496	0.01016	0.01251	0.07623	0.37139	0.18949	0.08406	0.10445	0.00999	0.07217	0.00330	0.00995	0.00512	0.00477
51	0.02291	0.00879	0.01184	0.00917	0.01308	0.00765	0.00755	0.02503	0.01502	0.71830	0.02087	0.01842	0.01333	0.00661	0.00526	0.00163	0.00440	0.00537	0.07599	0.00879
52	0.00692	0.00542	0.00626	0.00613	0.00762	0.00477	0.00457	0.00879	0.01349	0.01765	0.37993	0.08122	0.41294	0.01255	0.00636	0.00177	0.00265	0.01077	0.00540	0.00477
53	0.00654	0.00467	0.00623	0.00747	0.00779	0.00436	0.00498	0.00747	0.01028	0.01370	0.02959	0.80785	0.03550	0.01682	0.00685	0.00218	0.00311	0.01526	0.00498	0.00436
54	0.01982	0.01474	0.01578	0.01223	0.01642	0.01637	0.01006	0.69919	0.08697	0.03288	0.01363	0.01348	0.00973	0.00651	0.00538	0.00163	0.00577	0.00494	0.00538	0.00908
55	0.01990	0.04592	0.01554	0.01371	0.01652	0.76999	0.01034	0.02130	0.01510	0.01312	0.00828	0.00965	0.00691	0.00551	0.00480	0.00138	0.00958	0.00344	0.00275	0.00624
56	0.00767	0.00575	0.00863	0.00863	0.00959	0.00671	0.00671	0.00959	0.00863	0.01246	0.01438	0.02109	0.01342	0.04026	0.79008	0.00863	0.01438	0.00575	0.00288	0.00479
57	0.00865	0.00618	0.00865	0.00989	0.01112	0.00618	0.00865	0.01112	0.01236	0.01606	0.02842	0.06055	0.03089	0.01483	0.00741	0.00247	0.00494	0.74174	0.00494	0.00494
58	0.00749	0.00548	0.00703	0.00664	0.00796	0.00502	0.00498	0.00993	0.01495	0.02094	0.71515	0.04106	0.11090	0.01119	0.00633	0.00170	0.00255	0.00984	0.00583	0.00502
59	0.01435	0.81458	0.02813	0.00918	0.01378	0.02124	0.00918	0.01607	0.01091	0.01263	0.00746	0.00861	0.00689	0.00459	0.00344	0.00115	0.00574	0.00287	0.00230	0.00689
60	0.00704	0.00562	0.00638	0.00656	0.00812	0.00502	0.00507	0.00898	0.02634	0.01597	0.16445	0.09876	0.48440	0.01345	0.00652	0.00192	0.00308	0.12245	0.00514	0.00474
61	0.01389	0.71432	0.12438	0.00996	0.01498	0.02012	0.01054	0.01619	0.01096	0.01319	0.00774	0.00896	0.00688	0.00466	0.00366	0.00122	0.00602	0.00301	0.00229	0.00702
62	0.00932	0.00466	0.00699	0.00699	0.00699	0.00466	0.00466	0.00699	0.00699	0.00932	0.00932	0.01632	0.00932	0.01865	0.02098	0.84382	0.00466	0.00466	0.00233	0.00233
63	0.00653	0.00472	0.00617	0.00733	0.00775	0.00437	0.00492	0.00749	0.01041	0.01376	0.03132	0.75508	0.08715	0.01659	0.00682	0.00215	0.00309	0.01499	0.00498	0.00437
64	0.00742	0.00570	0.00743	0.00861	0.03653	0.00553	0.00595	0.00935	0.04315	0.01495	0.06848	0.50610	0.13710	0.01488	0.00690	0.00210	0.01816	0.09190	0.00491	0.00484
65	0.01708	0.01402	0.04985	0.01143	0.01578	0.01413	0.00965	0.46724	0.14164	0.02814	0.01355	0.01364	0.00997	0.00605	0.00511	0.00150	0.00537	0.00468	0.00483	0.16635
66	0.04572	0.01053	0.06611	0.00989	0.01422	0.00847	0.00866	0.04239	0.01514	0.67302	0.03592	0.01786	0.01333	0.00658	0.00534	0.00166	0.00478	0.00531	0.00620	0.00887
67	0.01001	0.00500	0.00500	0.00500	0.00625	0.00500	0.00375	0.01251	0.01126	0.02001	0.01751	0.02001	0.01376	0.00625	0.00375	0.00125	0.00250	0.00500	0.84115	0.00500
68	0.01119	0.00959	0.01116	0.00803	0.01275	0.00731	0.00642	0.01390	0.03059	0.01762	0.00986	0.01136	0.00817	0.00406	0.00401	0.00082	0.00398	0.00325	0.00324	0.82269
69	0.01404	0.05202	0.01388	0.04984	0.14320	0.04450	0.00953	0.12180	0.11301	0.11576	0.04966	0.07851	0.10720	0.00841	0.00564	0.00174	0.00505	0.05435	0.00459	0.00725
70	0.00656	0.00472	0.00622	0.00738	0.00777	0.00438	0.00495	0.00754	0.01046	0.01391	0.04715	0.76214	0.06382	0.01657	0.00682	0.00216	0.00309	0.01499	0.00500	0.00438
71	0.03072	0.01050	0.01507	0.19004	0.19387	0.03060	0.01137	0.07824	0.02462	0.22329	0.02848	0.01603	0.01083	0.00918	0.07111	0.03294	0.00656	0.00507	0.00402	0.00745
72	0.01328	0.01341	0.01965	0.15723	0.45117	0.09030	0.04188	0.01679	0.04675	0.01628	0.01014	0.01333	0.00835	0.00544	0.00634	0.00169	0.07291	0.00476	0.00273	0.00758
73	0.00694	0.00546	0.00626	0.00606	0.00761	0.00478	0.00454	0.00885	0.01363	0.01781	0.39433	0.04621	0.43367	0.01236	0.00634	0.00175	0.00263	0.01056	0.00542	0.00478
74	0.01149	0.00978	0.01157	0.04318	0.01397	0.00778	0.00691	0.04588	0.01172	0.01803	0.00969	0.01135	0.00797	0.00414	0.00410	0.00087	0.00420	0.00332	0.00324	0.77082
75	0.01286	0.01313	0.01742	0.09641	0.01816	0.09968	0.10028	0.06221	0.01136	0.01548	0.06186	0.01416	0.01035	0.00789	0.01202	0.00203	0.43045	0.00512	0.00288	0.00624
76	0.00751	0.00548	0.00705	0.00666	0.00797	0.00503	0.00500	0.00996	0.01499	0.02104	0.72475	0.04090	0.10124	0.01116	0.00633	0.00170	0.00255	0.00982	0.00584	0.00503

[dist]
# distance from previous block
# <min> <max>
0	1

[block]
# block no. 6 follows, 45 sequences, length 80
# corresponding to MSA columns:
# 538-547,592-596,604-668
name=unknown_G
#
# <colnr> <probs for GDERKNQSTAVLIFYWHMCP>
#	G	D	E	R	K	N	Q	S	T	A	V	L	I	F	Y	W	H	M	C	P
0	0.00746	0.00548	0.00702	0.00683	0.00810	0.00503	0.00516	0.00978	0.01445	0.02003	0.61446	0.08327	0.12762	0.01179	0.00642	0.00177	0.00272	0.05193	0.00570	0.00496
1	0.00684	0.00536	0.00611	0.00627	0.00762	0.00474	0.00461	0.00837	0.01234	0.01572	0.19916	0.15800	0.43489	0.05750	0.00763	0.00206	0.00299	0.05012	0.00508	0.00457
2	0.01174	0.01174	0.01644	0.01409	0.01409	0.01644	0.01174	0.01292	0.00822	0.01292	0.00705	0.01174	0.00705	0.00940	0.01762	0.00235	0.80153	0.00470	0.00235	0.00587
3	0.84927	0.01038	0.00789	0.00706	0.01038	0.01204	0.00581	0.01578	0.00914	0.02408	0.00747	0.00872	0.00581	0.00498	0.00332	0.00166	0.00415	0.00291	0.00332	0.00581
4	0.01085	0.02717	0.74992	0.01563	0.02345	0.01252	0.05286	0.01701	0.01139	0.01701	0.00969	0.01147	0.00686	0.00507	0.00516	0.00170	0.00798	0.00407	0.00229	0.00790
5	0.40391	0.12652	0.01398	0.05431	0.01449	0.03176	0.00829	0.24984	0.01467	0.02469	0.00931	0.01035	0.00711	0.00542	0.00413	0.00157	0.00522	0.00363	0.00375	0.00703
6	0.35079	0.49052	0.01997	0.00833	0.01241	0.01753	0.00783	0.01595	0.01019	0.01724	0.00747	0.00865	0.00646	0.00475	0.00339	0.00135	0.00510	0.00288	0.00271	0.00646
7	0.54497	0.01123	0.04094	0.00847	0.01226	0.01152	0.00728	0.08831	0.01219	0.20145	0.01127	0.01145	0.00791	0.00551	0.00407	0.00166	0.00457	0.00371	0.00425	0.00699
8	0.03130	0.01180	0.01432	0.22588	0.02087	0.01346	0.01062	0.26115	0.24024	0.07065	0.03437	0.01633	0.01199	0.00650	0.00538	0.00173	0.00555	0.00530	0.00464	0.00791
9	0.00770	0.00618	0.00975	0.00932	0.01056	0.00579	0.09789	0.00957	0.01192	0.01622	0.21081	0.47092	0.03556	0.01373	0.00670	0.00203	0.00382	0.06167	0.00493	0.00493
10	0.01280	0.27457	0.46613	0.01276	0.01916	0.01474	0.01522	0.01718	0.01142	0.07213	0.00993	0.01126	0.00749	0.00603	0.02630	0.00171	0.00717	0.00378	0.00262	0.00761
11	0.01002	0.03578	0.01196	0.08121	0.01348	0.05153	0.02633	0.02453	0.01025	0.01429	0.02921	0.19823	0.01637	0.01656	0.17587	0.00338	0.19522	0.00739	0.07304	0.00536
12	0.00749	0.00551	0.00722	0.00825	0.00925	0.00524	0.00653	0.00921	0.01158	0.01494	0.03332	0.32948	0.16095	0.01534	0.00703	0.00225	0.00390	0.35290	0.00496	0.00466
13	0.01367	0.01402	0.02400	0.02852	0.50939	0.05740	0.22059	0.03478	0.01283	0.01758	0.01027	0.01340	0.00833	0.00479	0.00557	0.00164	0.00729	0.00514	0.00274	0.00804
14	0.01301	0.01174	0.01765	0.42654	0.26767	0.05659	0.01451	0.05532	0.01248	0.05824	0.01046	0.01387	0.00801	0.00532	0.00532	0.00169	0.00684	0.00474	0.00289	0.00712
15	0.01447	0.02634	0.01611	0.10485	0.19496	0.11380	0.02426	0.16787	0.11513	0.02011	0.03971	0.05199	0.02911	0.00693	0.00587	0.00170	0.03307	0.02244	0.00386	0.00744
16	0.01321	0.01273	0.02189	0.04856	0.74609	0.01275	0.03272	0.01643	0.01220	0.01745	0.01010	0.01333	0.00847	0.00479	0.00534	0.00160	0.00645	0.00482	0.00265	0.00842
17	0.01129	0.00942	0.01092	0.00807	0.01244	0.00745	0.00641	0.05562	0.01192	0.01820	0.01193	0.05532	0.02629	0.00506	0.00426	0.00095	0.00399	0.00414	0.01848	0.71786
18	0.02062	0.01124	0.03932	0.01174	0.07163	0.05200	0.00903	0.07620	0.02813	0.50964	0.05659	0.01756	0.01374	0.00647	0.00532	0.00160	0.00505	0.00527	0.00565	0.05320
19	0.01979	0.02420	0.01557	0.01453	0.04934	0.69528	0.01062	0.07959	0.01588	0.01496	0.00874	0.01009	0.00716	0.00557	0.00490	0.00141	0.00924	0.00362	0.00297	0.00655
20	0.00924	0.00469	0.00693	0.00693	0.00693	0.00469	0.00459	0.00704	0.00704	0.00938	0.00973	0.01732	0.00986	0.06072	0.02132	0.79932	0.00469	0.00483	0.00238	0.00238
21	0.00776	0.00627	0.00663	0.00631	0.00821	0.00567	0.00479	0.07568	0.01362	0.01696	0.12725	0.08855	0.58747	0.01284	0.00628	0.00180	0.00301	0.01079	0.00512	0.00499
22	0.00658	0.00469	0.00622	0.00742	0.00772	0.00439	0.00492	0.00749	0.01019	0.01359	0.02916	0.78170	0.03496	0.04370	0.00754	0.00228	0.00318	0.01501	0.00492	0.00432
23	0.01151	0.01140	0.01600	0.01378	0.01384	0.01589	0.01146	0.01273	0.00824	0.01289	0.00746	0.01228	0.00741	0.01116	0.06168	0.00271	0.75663	0.00476	0.00238	0.00581
24	0.01325	0.01285	0.02235	0.03236	0.73510	0.01280	0.05879	0.01652	0.01225	0.01752	0.01014	0.01335	0.00848	0.00477	0.00537	0.00161	0.00653	0.00487	0.00266	0.00843
25	0.01113	0.00954	0.01113	0.00795	0.01272	0.00716	0.00636	0.01352	0.01113	0.01749	0.00954	0.01113	0.00795	0.00398	0.00398	0.00080	0.00398	0.00318	0.00318	0.84417
26	0.01257	0.01046	0.01239	0.07917	0.01553	0.00922	0.00778	0.13283	0.02938	0.01986	0.01034	0.01188	0.00825	0.00456	0.00435	0.00104	0.00457	0.00365	0.00351	0.61865
27	0.00654	0.00467	0.00623	0.00747	0.00779	0.00436	0.00498	0.00747	0.01028	0.01370	0.02959	0.80785	0.03550	0.01682	0.00685	0.00218	0.00311	0.01526	0.00498	0.00436
28	0.01108	0.00954	0.01140	0.05148	0.01406	0.00742	0.00683	0.01353	0.01111	0.01728	0.00954	0.01131	0.00791	0.00405	0.00405	0.00085	0.00415	0.00327	0.00314	0.79801
29	0.00635	0.00540	0.00548	0.00555	0.00728	0.00452	0.00413	0.00769	0.01213	0.01446	0.05301	0.09330	0.73493	0.01377	0.00637	0.00183	0.00274	0.01155	0.00498	0.00452
30	0.02069	0.01426	0.01559	0.01199	0.01624	0.01554	0.00989	0.65748	0.03991	0.12213	0.01406	0.01368	0.00978	0.00649	0.00538	0.00162	0.00571	0.00493	0.00552	0.00912
31	0.00780	0.00540	0.00696	0.00696	0.00732	0.00576	0.00463	0.00846	0.00809	0.01116	0.01568	0.02911	0.01683	0.48894	0.31950	0.03489	0.00870	0.00691	0.00308	0.00381
32	0.84927	0.01038	0.00789	0.00706	0.01038	0.01204	0.00581	0.01578	0.00914	0.02408	0.00747	0.00872	0.00581	0.00498	0.00332	0.00166	0.00415	0.00291	0.00332	0.00581
33	0.01335	0.01153	0.01214	0.01092	0.01396	0.01335	0.00850	0.02852	0.76817	0.02245	0.02185	0.02003	0.01639	0.00728	0.00546	0.00182	0.00425	0.00607	0.00546	0.00850
34	0.01174	0.01174	0.01644	0.01409	0.01409	0.01644	0.01174	0.01292	0.00822	0.01292	0.00705	0.01174	0.00705	0.00940	0.01762	0.00235	0.80153	0.00470	0.00235	0.00587
35	0.01174	0.01174	0.01644	0.01409	0.01409	0.01644	0.01174	0.01292	0.00822	0.01292	0.00705	0.01174	0.00705	0.00940	0.01762	0.00235	0.80153	0.00470	0.00235	0.00587
36	0.02002	0.01484	0.01589	0.01227	0.01650	0.01647	0.01011	0.71969	0.06614	0.03320	0.01338	0.01328	0.00953	0.00649	0.00537	0.00162	0.00582	0.00490	0.00537	0.00909
37	0.01329	0.01275	0.02179	0.03295	0.77787	0.01275	0.01647	0.01647	0.01222	0.01754	0.01010	0.01329	0.00850	0.00478	0.00531	0.00159	0.00638	0.00478	0.00266	0.00850
38	0.02408	0.00914	0.01246	0.00955	0.01370	0.00789	0.00789	0.02616	0.01536	0.78158	0.02118	0.01827	0.01329	0.00664	0.00540	0.00166	0.00457	0.00540	0.00664	0.00914
39	0.00832	0.00607	0.00819	0.00925	0.01057	0.00594	0.00800	0.01063	0.01234	0.01584	0.03212	0.05928	0.13697	0.01465	0.00726	0.00238	0.00463	0.63771	0.00495	0.00488
40	0.00700	0.00494	0.00610	0.00677	0.00713	0.00468	0.00436	0.00774	0.00986	0.01309	0.06662	0.46508	0.07942	0.27607	0.01348	0.00312	0.00374	0.01227	0.00447	0.00405
41	0.00660	0.00471	0.00628	0.00744	0.00780	0.00440	0.00499	0.00762	0.01054	0.01412	0.06915	0.76710	0.03631	0.01651	0.00682	0.00215	0.00308	0.01497	0.00503	0.00440
42	0.00739	0.00538	0.00695	0.00677	0.00794	0.00494	0.00500	0.00964	0.01439	0.02010	0.63613	0.13941	0.09212	0.01188	0.00640	0.00176	0.00262	0.01052	0.00573	0.00494
43	0.00767	0.00575	0.00863	0.00863	0.00959	0.00671	0.00671	0.00959	0.00863	0.01246	0.01438	0.02109	0.01342	0.04026	0.79008	0.00863	0.01438	0.00575	0.00288	0.00479
