[name]
unknown

[dist]
# distance from previous block
# <min> <max>
0	137

[block]
# block no. 0 follows, 47 sequences, length 136
# corresponding to MSA columns:
# 151-179,193-299
name=unknown_A
#
# <colnr> <probs for GDERKNQSTAVLIFYWHMCP>
#	G	D	E	R	K	N	Q	S	T	A	V	L	I	F	Y	W	H	M	C	P
0	0.01384	0.48052	0.13529	0.07803	0.01677	0.01685	0.01090	0.08693	0.01223	0.05408	0.00982	0.01238	0.00827	0.00531	0.00418	0.00137	0.00592	0.03748	0.00284	0.00698
1	0.01758	0.04909	0.14593	0.01126	0.01571	0.01256	0.01045	0.30278	0.09492	0.22493	0.02399	0.04228	0.01150	0.00649	0.00516	0.00161	0.00542	0.00513	0.00490	0.00830
2	0.00796	0.00551	0.00627	0.00626	0.00667	0.00549	0.00392	0.04236	0.00909	0.01198	0.02061	0.09791	0.07991	0.61282	0.02139	0.00426	0.00472	0.04560	0.00360	0.00368
3	0.01913	0.01222	0.10717	0.01241	0.07478	0.00987	0.03630	0.10019	0.05436	0.45522	0.01670	0.01564	0.01110	0.00595	0.00516	0.00158	0.00520	0.00493	0.00516	0.04691
4	0.01752	0.02578	0.01585	0.05445	0.12839	0.06030	0.01066	0.42597	0.11685	0.07161	0.01320	0.01358	0.00966	0.00600	0.00516	0.00158	0.00579	0.00476	0.00457	0.00834
5	0.01357	0.78293	0.02628	0.00874	0.01308	0.01987	0.00868	0.01522	0.01064	0.01234	0.00932	0.01026	0.04208	0.00485	0.00347	0.00114	0.00544	0.00316	0.00235	0.00658
6	0.01109	0.01044	0.04572	0.00958	0.03996	0.00780	0.04179	0.02723	0.01116	0.01723	0.00940	0.01106	0.00771	0.00400	0.00408	0.00090	0.00436	0.00334	0.00305	0.73012
7	0.00740	0.00602	0.00697	0.04271	0.00923	0.00570	0.00518	0.01047	0.08333	0.01726	0.31666	0.04149	0.40586	0.01132	0.00603	0.00171	0.00290	0.00965	0.00509	0.00501
8	0.00763	0.00527	0.00628	0.00660	0.00692	0.00522	0.00414	0.04211	0.00932	0.01243	0.02122	0.34922	0.02476	0.45527	0.01748	0.00370	0.00426	0.01037	0.00393	0.00385
9	0.01874	0.01475	0.08094	0.01168	0.01599	0.01464	0.01022	0.61325	0.02198	0.08354	0.01302	0.01309	0.00917	0.00614	0.00511	0.00156	0.00564	0.00466	0.04732	0.00856
10	0.01588	0.02261	0.01314	0.05179	0.11456	0.00892	0.00863	0.06899	0.02808	0.29035	0.05478	0.03452	0.01260	0.00583	0.00488	0.00137	0.00459	0.00490	0.00452	0.24906
11	0.00749	0.00502	0.00570	0.00578	0.00580	0.00500	0.00326	0.00755	0.00773	0.01030	0.01720	0.08406	0.01993	0.76565	0.02523	0.00486	0.00492	0.00804	0.00326	0.00322
12	0.00667	0.00501	0.00722	0.00789	0.00846	0.00467	0.03956	0.00781	0.01032	0.01383	0.06575	0.73813	0.03397	0.01549	0.00660	0.00207	0.00326	0.01414	0.00478	0.00439
13	0.01927	0.01431	0.04839	0.01169	0.01589	0.01487	0.00994	0.64556	0.02275	0.09618	0.03938	0.01379	0.01048	0.00636	0.00523	0.00157	0.00559	0.00486	0.00520	0.00867
14	0.01316	0.17102	0.05407	0.00907	0.01366	0.01139	0.00804	0.12372	0.01286	0.04598	0.00971	0.01083	0.00779	0.00455	0.00425	0.00105	0.01626	0.00340	0.00329	0.47591
15	0.01622	0.43346	0.05498	0.01049	0.01493	0.01823	0.00976	0.33134	0.02998	0.02124	0.00979	0.01041	0.00775	0.00528	0.00423	0.00134	0.00570	0.00368	0.00353	0.00767
16	0.00757	0.00505	0.00568	0.00568	0.00568	0.00505	0.00316	0.00757	0.00757	0.01010	0.01641	0.03408	0.01893	0.81698	0.02651	0.00505	0.00505	0.00757	0.00316	0.00316
17	0.01789	0.26618	0.01900	0.01142	0.01528	0.22652	0.00964	0.33497	0.01758	0.02109	0.00968	0.01039	0.00761	0.00546	0.00449	0.00136	0.00666	0.00374	0.00361	0.00743
18	0.01849	0.01209	0.01369	0.01048	0.01456	0.01235	0.00859	0.44148	0.03588	0.19078	0.04019	0.01439	0.01106	0.00606	0.00502	0.00145	0.00499	0.00473	0.00514	0.14859
19	0.01544	0.01089	0.01209	0.01027	0.01346	0.01193	0.00815	0.15524	0.45016	0.15327	0.08448	0.01959	0.01699	0.00712	0.00534	0.00169	0.00431	0.00587	0.00551	0.00817
20	0.01381	0.13733	0.03312	0.15884	0.05527	0.01443	0.11451	0.20200	0.13295	0.01994	0.01242	0.04128	0.00991	0.00597	0.00539	0.00162	0.02517	0.00510	0.00362	0.00732
21	0.00756	0.00509	0.00591	0.00591	0.00599	0.00517	0.00344	0.00772	0.00764	0.01027	0.01620	0.03292	0.01843	0.75058	0.09222	0.00533	0.00581	0.00740	0.00312	0.00328
22	0.02068	0.01317	0.01475	0.01131	0.01544	0.01405	0.00934	0.58339	0.02211	0.21992	0.01450	0.01380	0.00986	0.00630	0.00522	0.00157	0.00541	0.00482	0.00552	0.00886
23	0.01975	0.01439	0.01547	0.01189	0.01603	0.01589	0.00981	0.73595	0.03813	0.05046	0.01285	0.01275	0.00908	0.00627	0.00521	0.00157	0.00567	0.00472	0.00524	0.00885
24	0.01809	0.05379	0.15037	0.01245	0.01716	0.01044	0.13173	0.02159	0.04069	0.43716	0.01588	0.01534	0.01059	0.00587	0.00565	0.00164	0.03372	0.00502	0.00470	0.00812
25	0.02306	0.00935	0.01239	0.00950	0.01354	0.00838	0.00785	0.08869	0.01572	0.72363	0.01986	0.01728	0.01255	0.00643	0.00523	0.00161	0.00454	0.00519	0.00634	0.00886
26	0.00634	0.00453	0.00604	0.00725	0.00755	0.00423	0.00483	0.00725	0.00997	0.01329	0.02870	0.81358	0.03444	0.01632	0.00665	0.00211	0.00302	0.01480	0.00483	0.00423
27	0.04718	0.01327	0.01466	0.05141	0.01632	0.01488	0.00970	0.53247	0.12308	0.06841	0.01350	0.01359	0.00972	0.00639	0.00567	0.00163	0.03998	0.00480	0.00494	0.00837
28	0.01991	0.01389	0.01514	0.01166	0.01577	0.01519	0.00961	0.66654	0.05052	0.10777	0.01362	0.01327	0.00951	0.00630	0.00522	0.00158	0.00554	0.00479	0.00534	0.00883
29	0.72515	0.01107	0.03576	0.07542	0.01290	0.03733	0.00701	0.01536	0.00926	0.02192	0.00752	0.00904	0.00582	0.00489	0.00350	0.00161	0.00458	0.00303	0.00309	0.00574
30	0.01756	0.01309	0.01414	0.01130	0.01490	0.01447	0.00915	0.60415	0.10074	0.02946	0.01524	0.10414	0.01249	0.00748	0.00538	0.00165	0.00526	0.00596	0.00518	0.00827
31	0.01839	0.00988	0.01212	0.00927	0.01339	0.00895	0.00755	0.11204	0.08227	0.40651	0.01638	0.01525	0.01118	0.00573	0.00484	0.00138	0.00440	0.00461	0.00523	0.25066
32	0.02173	0.00923	0.01274	0.01115	0.07900	0.00823	0.00831	0.04971	0.01487	0.66820	0.02051	0.01830	0.04002	0.00653	0.00526	0.00161	0.00456	0.00537	0.00601	0.00865
33	0.02009	0.01288	0.01442	0.01119	0.01522	0.01378	0.00920	0.52079	0.08619	0.21844	0.01523	0.01438	0.01045	0.00637	0.00522	0.00159	0.00527	0.00493	0.00552	0.00881
34	0.01206	0.00974	0.01265	0.30017	0.02089	0.01118	0.01002	0.11342	0.23557	0.04610	0.08176	0.03687	0.04234	0.00695	0.00532	0.00170	0.00509	0.00590	0.03547	0.00681
35	0.01925	0.00866	0.01107	0.00887	0.01230	0.00788	0.00718	0.10460	0.01516	0.53541	0.02458	0.08934	0.11560	0.00815	0.00548	0.00167	0.00422	0.00675	0.00596	0.00788
36	0.01045	0.02467	0.69013	0.04825	0.02224	0.01163	0.01792	0.01607	0.01095	0.01640	0.00933	0.01110	0.00671	0.00487	0.00487	0.00158	0.00734	0.00382	0.00228	0.07941
37	0.01375	0.01201	0.01997	0.09300	0.44184	0.01249	0.09928	0.06091	0.03746	0.08324	0.01107	0.01360	0.00868	0.00531	0.00614	0.00165	0.06378	0.00490	0.00311	0.00780
38	0.00639	0.00459	0.00607	0.00718	0.00756	0.00427	0.00482	0.00738	0.01025	0.01369	0.06702	0.76056	0.04896	0.01597	0.00661	0.00208	0.00299	0.01446	0.00488	0.00427
39	0.01176	0.08329	0.11678	0.04483	0.04856	0.01392	0.36973	0.01522	0.01089	0.01516	0.00980	0.03786	0.00823	0.00591	0.00812	0.00181	0.18351	0.00540	0.00253	0.00670
40	0.01298	0.18322	0.30622	0.01387	0.03161	0.02686	0.11423	0.04363	0.01165	0.08154	0.01058	0.04040	0.00846	0.00577	0.00608	0.00162	0.08667	0.00456	0.00285	0.00720
41	0.39474	0.00953	0.01018	0.00824	0.01191	0.00964	0.00680	0.03674	0.01241	0.42988	0.01443	0.01347	0.00956	0.00572	0.00434	0.00161	0.00428	0.00414	0.00498	0.00742
42	0.00632	0.00521	0.00557	0.00578	0.00731	0.00447	0.00432	0.00766	0.01169	0.01419	0.06452	0.15083	0.62977	0.01360	0.00627	0.00183	0.00279	0.04860	0.00485	0.00441
43	0.03136	0.01081	0.04231	0.49853	0.09358	0.03297	0.03789	0.04058	0.01126	0.05367	0.01065	0.04791	0.00858	0.00592	0.00590	0.00174	0.05223	0.00504	0.00279	0.00629
44	0.00865	0.00668	0.00887	0.00953	0.04491	0.00669	0.03015	0.08635	0.06415	0.01614	0.02545	0.60537	0.03902	0.01371	0.00632	0.00199	0.00369	0.01238	0.00473	0.00525
45	0.00634	0.00453	0.00604	0.00725	0.00755	0.00423	0.00483	0.00725	0.00997	0.01329	0.02870	0.81358	0.03444	0.01632	0.00665	0.00211	0.00302	0.01480	0.00483	0.00423
46	0.01243	0.24384	0.37113	0.10296	0.02099	0.10270	0.04670	0.01637	0.01129	0.01454	0.00866	0.01054	0.00673	0.00486	0.00455	0.00148	0.00726	0.00368	0.00229	0.00698
47	0.03398	0.01307	0.01568	0.15919	0.19745	0.11031	0.01158	0.18871	0.05735	0.08537	0.01238	0.04972	0.00988	0.00614	0.00545	0.00162	0.02592	0.00503	0.00374	0.00741
48	0.01307	0.02957	0.02583	0.01878	0.02277	0.01346	0.51997	0.01649	0.01153	0.08153	0.01051	0.01366	0.00807	0.00560	0.00841	0.00185	0.18348	0.00565	0.00287	0.00688
49	0.00634	0.00455	0.00603	0.00722	0.00754	0.00423	0.00482	0.00726	0.01000	0.01331	0.02913	0.80008	0.04767	0.01626	0.00664	0.00211	0.00301	0.01474	0.00483	0.00423
50	0.00983	0.00926	0.01562	0.80447	0.03587	0.01157	0.01446	0.01331	0.01041	0.01331	0.00926	0.01388	0.00694	0.00521	0.00521	0.00174	0.00694	0.00463	0.00231	0.00579
51	0.08939	0.01414	0.01402	0.05127	0.01573	0.13273	0.00946	0.33443	0.06730	0.11194	0.02691	0.01321	0.00967	0.00636	0.00607	0.00163	0.07920	0.00454	0.00440	0.00759
52	0.01084	0.06477	0.58672	0.01430	0.02077	0.01252	0.06164	0.01696	0.07614	0.01650	0.01091	0.03974	0.00845	0.00560	0.00541	0.00167	0.03249	0.00451	0.00259	0.00747
53	0.00737	0.00532	0.00696	0.00655	0.00778	0.00491	0.00491	0.00983	0.01474	0.02088	0.78175	0.03890	0.04914	0.01065	0.00614	0.00164	0.00246	0.00942	0.00573	0.00491
54	0.00756	0.00560	0.00691	0.00744	0.00824	0.00553	0.00516	0.03578	0.07620	0.01532	0.10780	0.55194	0.06150	0.06968	0.00778	0.00220	0.00327	0.01247	0.00487	0.00474
55	0.01653	0.01301	0.01384	0.10117	0.01685	0.08263	0.00951	0.40248	0.08823	0.06947	0.01443	0.08177	0.01181	0.03521	0.00621	0.00176	0.01727	0.00566	0.00459	0.00757
56	0.01070	0.01060	0.01561	0.63709	0.03133	0.06436	0.01372	0.01369	0.01035	0.01316	0.00882	0.01322	0.00691	0.00578	0.00690	0.00179	0.12330	0.00453	0.00233	0.00579
57	0.01106	0.01090	0.01530	0.01322	0.01330	0.01514	0.01098	0.01226	0.00801	0.01249	0.00744	0.01217	0.00736	0.01167	0.08361	0.00280	0.73972	0.00464	0.00232	0.00561
58	0.01369	0.26971	0.05307	0.01010	0.01408	0.05060	0.00903	0.12474	0.06585	0.01744	0.00962	0.01087	0.00794	0.00527	0.00541	0.00128	0.08619	0.00361	0.00313	0.23835
59	0.01213	0.27213	0.26453	0.01161	0.01609	0.01406	0.03812	0.05309	0.01134	0.04814	0.01194	0.12715	0.01112	0.00693	0.00586	0.00160	0.07910	0.00535	0.00295	0.00677
60	0.00634	0.00453	0.00604	0.00725	0.00755	0.00423	0.00483	0.00725	0.00997	0.01329	0.02870	0.81358	0.03444	0.01632	0.00665	0.00211	0.00302	0.01480	0.00483	0.00423
61	0.00647	0.00461	0.00606	0.00709	0.00745	0.00431	0.00473	0.00740	0.01010	0.01350	0.06624	0.71669	0.04621	0.06296	0.00778	0.00226	0.00311	0.01405	0.00478	0.00420
62	0.01796	0.01588	0.04469	0.01408	0.01832	0.13303	0.16512	0.38994	0.04301	0.08741	0.01225	0.01294	0.00881	0.00573	0.00532	0.00158	0.00682	0.00484	0.00430	0.00799
63	0.01213	0.01357	0.02805	0.02045	0.02476	0.01367	0.62905	0.01593	0.01151	0.01593	0.00987	0.01357	0.00771	0.00525	0.00813	0.00185	0.15337	0.00586	0.00257	0.00678
64	0.00639	0.00457	0.00608	0.00722	0.00756	0.00426	0.00484	0.00736	0.01018	0.01362	0.06114	0.78021	0.03508	0.01607	0.00663	0.00209	0.00300	0.01457	0.00487	0.00426
65	0.08847	0.01244	0.01336	0.01085	0.01421	0.01386	0.00877	0.49003	0.10590	0.04462	0.01486	0.10394	0.01230	0.00747	0.00563	0.00168	0.03300	0.00582	0.00493	0.00788
66	0.09048	0.01426	0.01458	0.01142	0.01532	0.04347	0.00934	0.63483	0.04854	0.03044	0.01228	0.01273	0.00896	0.02277	0.00546	0.00164	0.00565	0.00458	0.00491	0.00834
67	0.00642	0.00466	0.00606	0.00702	0.00753	0.00430	0.00477	0.00749	0.01055	0.01402	0.09620	0.68110	0.09956	0.01556	0.00656	0.00204	0.00294	0.01401	0.00491	0.00430
68	0.01306	0.08143	0.01888	0.25431	0.24312	0.06600	0.04822	0.09576	0.01247	0.01641	0.00930	0.01242	0.00752	0.00549	0.00633	0.00164	0.09348	0.00446	0.00273	0.00697
69	0.01446	0.19211	0.15345	0.01216	0.01588	0.06688	0.03841	0.12919	0.01307	0.08349	0.04497	0.01259	0.00955	0.00636	0.00743	0.00164	0.18377	0.00432	0.00325	0.00704
70	0.02012	0.00924	0.01184	0.00949	0.01309	0.00871	0.00777	0.08722	0.10075	0.54972	0.06909	0.02089	0.01607	0.00717	0.00540	0.00167	0.00440	0.04296	0.00608	0.00833
71	0.01233	0.19197	0.51443	0.01312	0.01957	0.01438	0.01562	0.10189	0.03907	0.01764	0.00967	0.01090	0.00720	0.00507	0.00465	0.00153	0.00690	0.00379	0.00265	0.00763
72	0.05837	0.01221	0.01373	0.07876	0.01598	0.05971	0.02265	0.31799	0.05743	0.11030	0.04439	0.05549	0.03573	0.00724	0.00641	0.00169	0.08450	0.00553	0.00451	0.00736
73	0.01852	0.01062	0.01256	0.00990	0.01341	0.01079	0.00807	0.33509	0.03238	0.30462	0.16744	0.01973	0.01840	0.00720	0.00541	0.00160	0.00458	0.00584	0.00576	0.00807
74	0.00634	0.00453	0.00604	0.00725	0.00755	0.00423	0.00483	0.00725	0.00997	0.01329	0.02870	0.81358	0.03444	0.01632	0.00665	0.00211	0.00302	0.01480	0.00483	0.00423
75	0.06082	0.01460	0.08070	0.01160	0.01592	0.01450	0.01014	0.53914	0.07427	0.10574	0.01338	0.01318	0.00940	0.00615	0.00510	0.00159	0.00557	0.00466	0.00498	0.00855
76	0.01388	0.01026	0.01149	0.00964	0.01242	0.01110	0.00768	0.28605	0.17545	0.06712	0.18496	0.04282	0.09865	0.00843	0.00599	0.00168	0.03307	0.00687	0.00526	0.00720
77	0.00743	0.00508	0.00668	0.00695	0.00785	0.00468	0.00495	0.00912	0.01246	0.04394	0.38962	0.40066	0.05451	0.01320	0.00635	0.00186	0.00279	0.01182	0.00532	0.00472
78	0.01010	0.00941	0.01535	0.67519	0.07085	0.01109	0.01360	0.01342	0.01053	0.01391	0.00928	0.01348	0.00710	0.00502	0.00505	0.00162	0.00655	0.00445	0.00241	0.10159
79	0.04791	0.08256	0.01547	0.01101	0.01498	0.04305	0.00917	0.54378	0.02089	0.09834	0.01447	0.01427	0.04776	0.00638	0.00501	0.00153	0.00551	0.00478	0.00489	0.00823
80	0.26515	0.01315	0.04615	0.01040	0.01405	0.04289	0.00886	0.32702	0.01638	0.12961	0.01131	0.01175	0.00812	0.00599	0.00550	0.00163	0.06605	0.00412	0.00434	0.00751
81	0.00723	0.00536	0.00676	0.00670	0.00786	0.00500	0.00491	0.00968	0.03997	0.01866	0.52591	0.19596	0.12262	0.01194	0.00622	0.00175	0.00265	0.01055	0.00544	0.00484
82	0.09851	0.03223	0.10126	0.05612	0.01637	0.02926	0.01059	0.36720	0.03893	0.02395	0.02342	0.02613	0.00933	0.02583	0.00711	0.00177	0.11598	0.00467	0.00395	0.00741
83	0.04641	0.01436	0.01373	0.01128	0.01466	0.13067	0.00900	0.46272	0.07378	0.05539	0.01442	0.10351	0.01198	0.00728	0.00524	0.00161	0.00575	0.00568	0.00477	0.00776
84	0.00634	0.00453	0.00604	0.00725	0.00755	0.00423	0.00483	0.00725	0.00997	0.01329	0.02870	0.81358	0.03444	0.01632	0.00665	0.00211	0.00302	0.01480	0.00483	0.00423
85	0.03989	0.01384	0.06458	0.08053	0.02515	0.01292	0.54252	0.07282	0.01262	0.01751	0.01056	0.01428	0.00815	0.03537	0.00685	0.00186	0.02514	0.00571	0.00281	0.00688
86	0.08622	0.01389	0.01470	0.07910	0.01714	0.05404	0.00980	0.55357	0.02088	0.08156	0.01214	0.01250	0.00860	0.00602	0.00503	0.00157	0.00579	0.00450	0.00476	0.00819
87	0.01811	0.01371	0.01516	0.01193	0.01543	0.01553	0.00981	0.63432	0.03463	0.02944	0.01275	0.04905	0.00991	0.00705	0.00663	0.00167	0.09657	0.00516	0.00486	0.00828
88	0.00711	0.00521	0.00673	0.00721	0.00809	0.00494	0.00524	0.00920	0.03816	0.01657	0.30281	0.40123	0.07763	0.01361	0.00644	0.00194	0.00299	0.07505	0.00517	0.00467
89	0.08390	0.01059	0.01661	0.42034	0.08669	0.01206	0.09682	0.09980	0.01228	0.04403	0.01067	0.04203	0.00845	0.00571	0.00552	0.00172	0.02826	0.00504	0.00301	0.00650
90	0.01002	0.00943	0.01601	0.51558	0.14506	0.01094	0.05330	0.01307	0.01060	0.01402	0.01190	0.11916	0.01082	0.00666	0.00580	0.00177	0.03107	0.00605	0.00270	0.00602
91	0.00963	0.00588	0.00756	0.00710	0.00867	0.00540	0.00533	0.01201	0.03682	0.13336	0.44282	0.17860	0.10410	0.01118	0.00608	0.00174	0.00292	0.00981	0.00558	0.00543
92	0.01128	0.01037	0.01559	0.68866	0.03298	0.03774	0.01380	0.09911	0.01215	0.01550	0.00959	0.01358	0.00715	0.00533	0.00519	0.00170	0.00688	0.00459	0.00265	0.00614
93	0.01858	0.01349	0.01558	0.01202	0.01594	0.04751	0.06758	0.52097	0.02111	0.12275	0.07881	0.01538	0.01263	0.00647	0.00534	0.00158	0.00568	0.00521	0.00510	0.00826
94	0.01136	0.12791	0.55926	0.01401	0.02024	0.01380	0.03449	0.04047	0.01107	0.01603	0.00892	0.01082	0.00674	0.00539	0.00615	0.00165	0.09815	0.00387	0.00232	0.00736
95	0.00632	0.00488	0.00578	0.00641	0.00735	0.00433	0.00448	0.00747	0.01099	0.01399	0.07641	0.46258	0.34088	0.01475	0.00642	0.00195	0.00284	0.01297	0.00488	0.00433
96	0.01929	0.01204	0.01370	0.01070	0.01451	0.01270	0.00877	0.45757	0.06594	0.23551	0.08086	0.01658	0.01381	0.00673	0.00530	0.00159	0.00500	0.00531	0.00559	0.00848
97	0.01326	0.33248	0.40594	0.01191	0.01793	0.01489	0.01392	0.01715	0.01128	0.10242	0.00980	0.01073	0.00734	0.00493	0.00436	0.00144	0.00650	0.00359	0.00269	0.00744
98	0.01080	0.00926	0.01080	0.00771	0.01234	0.00694	0.00617	0.01311	0.01080	0.01697	0.00926	0.01080	0.00771	0.00386	0.00386	0.00077	0.00386	0.00309	0.00309	0.84882
99	0.01021	0.00987	0.01278	0.17074	0.01648	0.07247	0.00988	0.01197	0.00951	0.01289	0.03275	0.08272	0.03125	0.03181	0.16222	0.00328	0.30516	0.00589	0.00280	0.00531
100	0.01342	0.01411	0.08383	0.25610	0.24702	0.09551	0.05298	0.08378	0.02551	0.04645	0.01023	0.01294	0.00787	0.00525	0.00541	0.00162	0.02332	0.00456	0.00290	0.00719
101	0.01319	0.01166	0.05103	0.01263	0.01559	0.01186	0.14553	0.22955	0.04020	0.04880	0.12843	0.11445	0.01778	0.00819	0.00744	0.00179	0.12389	0.00689	0.00425	0.00683
102	0.00639	0.00520	0.00565	0.00572	0.00722	0.00447	0.00422	0.00785	0.01215	0.01515	0.17531	0.13484	0.57148	0.01311	0.00621	0.00178	0.00265	0.01115	0.00499	0.00447
103	0.01471	0.01156	0.07039	0.21271	0.22538	0.02235	0.02935	0.03808	0.02305	0.22239	0.01338	0.04001	0.01012	0.01956	0.00586	0.00172	0.02309	0.00514	0.00371	0.00745
104	0.01503	0.03654	0.01251	0.01047	0.03361	0.01104	0.00811	0.26577	0.08488	0.14859	0.10084	0.16671	0.01913	0.00878	0.00621	0.00173	0.05050	0.00723	0.00507	0.00724
105	0.01326	0.01238	0.02004	0.02614	0.53410	0.01303	0.06193	0.10060	0.01280	0.01814	0.01037	0.03715	0.00893	0.00569	0.00669	0.00167	0.10131	0.00504	0.00291	0.00781
106	0.01490	0.01215	0.01287	0.01099	0.01428	0.01386	0.00871	0.23823	0.56136	0.02493	0.01872	0.01746	0.01389	0.00683	0.00527	0.00171	0.00458	0.00555	0.00527	0.00842
107	0.01154	0.00859	0.01183	0.08706	0.07970	0.00887	0.04287	0.09735	0.10763	0.08851	0.16810	0.19145	0.05583	0.00934	0.00579	0.00176	0.00437	0.00828	0.00472	0.00641
108	0.01314	0.01411	0.02901	0.02082	0.02596	0.01351	0.67982	0.10185	0.01368	0.01851	0.01076	0.01387	0.00801	0.00460	0.00604	0.00173	0.00843	0.00598	0.00293	0.00723
109	0.00636	0.00457	0.00601	0.00716	0.00750	0.00425	0.00478	0.00726	0.00999	0.01327	0.02928	0.77545	0.05863	0.02974	0.00697	0.00215	0.00304	0.01456	0.00481	0.00422
110	0.03185	0.01532	0.08151	0.04002	0.02734	0.05277	0.02319	0.53105	0.03890	0.08727	0.01258	0.01281	0.00890	0.00602	0.00515	0.00158	0.00601	0.00461	0.00472	0.00841
111	0.01957	0.02168	0.01477	0.01288	0.01594	0.58050	0.00989	0.18004	0.03193	0.05060	0.00980	0.01061	0.00761	0.00564	0.00484	0.00141	0.00829	0.00377	0.00344	0.00680
112	0.00634	0.00457	0.00601	0.00716	0.00753	0.00424	0.00479	0.00726	0.01006	0.01333	0.02984	0.77737	0.06992	0.01617	0.00662	0.00210	0.00300	0.01462	0.00483	0.00424
113	0.01132	0.01121	0.01442	0.01267	0.01308	0.04997	0.01032	0.01360	0.07399	0.01342	0.01060	0.10303	0.01074	0.00959	0.01433	0.00217	0.61116	0.00578	0.00284	0.00576
114	0.05196	0.06774	0.04260	0.15575	0.05385	0.01305	0.03572	0.24753	0.07624	0.13535	0.01310	0.02276	0.00972	0.02089	0.00564	0.00168	0.02047	0.00482	0.01358	0.00758
115	0.01513	0.01071	0.01187	0.01025	0.01341	0.01180	0.00809	0.07625	0.54577	0.16769	0.05519	0.01953	0.01637	0.00706	0.00532	0.00172	0.00421	0.00584	0.00553	0.00825
116	0.01446	0.00892	0.01056	0.00889	0.01167	0.00907	0.00705	0.13880	0.17666	0.21317	0.27563	0.02581	0.06013	0.00826	0.00559	0.00165	0.00383	0.00695	0.00569	0.00721
117	0.01151	0.21165	0.47050	0.01314	0.01914	0.01407	0.04937	0.04262	0.01132	0.01576	0.01077	0.02654	0.03431	0.00553	0.00525	0.00157	0.04308	0.00421	0.00248	0.00720
118	0.00697	0.00515	0.00661	0.00755	0.00810	0.00507	0.00516	0.00907	0.07518	0.01392	0.02733	0.70432	0.03183	0.02965	0.03526	0.00236	0.00354	0.01359	0.00477	0.00457
119	0.00634	0.00453	0.00604	0.00725	0.00755	0.00423	0.00483	0.00725	0.00997	0.01329	0.02870	0.81358	0.03444	0.01632	0.00665	0.00211	0.00302	0.01480	0.00483	0.00423
120	0.01265	0.01209	0.02081	0.14448	0.02266	0.04498	0.33346	0.07798	0.01249	0.05881	0.01257	0.10433	0.01094	0.00673	0.00713	0.00181	0.09988	0.00641	0.00322	0.00656
121	0.04507	0.01136	0.01444	0.07948	0.01574	0.01381	0.01016	0.21712	0.03978	0.11023	0.01115	0.01334	0.00874	0.00872	0.04394	0.00217	0.32589	0.00471	0.01719	0.00695
122	0.01480	0.01079	0.01200	0.01000	0.01304	0.01173	0.00797	0.28999	0.26025	0.08155	0.20641	0.02163	0.02137	0.00761	0.00547	0.00165	0.00431	0.00628	0.00546	0.00768
123	0.03566	0.00641	0.00743	0.00697	0.00850	0.00641	0.00538	0.02504	0.01215	0.04552	0.19048	0.09362	0.42217	0.01176	0.00728	0.00180	0.09415	0.00959	0.00474	0.00494
124	0.01011	0.00954	0.01612	0.73395	0.10420	0.01164	0.01460	0.01355	0.01054	0.01364	0.00931	0.01379	0.00706	0.00515	0.00520	0.00172	0.00687	0.00463	0.00234	0.00601
125	0.01239	0.00718	0.00895	0.00822	0.01027	0.00702	0.00629	0.01665	0.15780	0.21739	0.20430	0.20991	0.04003	0.02225	0.00616	0.00184	0.00353	0.03302	0.02043	0.00637
126	0.00651	0.00479	0.00611	0.00684	0.00752	0.00438	0.00473	0.00778	0.01115	0.01486	0.17656	0.55695	0.14310	0.01479	0.00648	0.00197	0.00286	0.01323	0.00501	0.00438
127	0.01059	0.01003	0.01699	0.61311	0.22131	0.01177	0.01484	0.01397	0.01077	0.01422	0.00939	0.01364	0.00727	0.00507	0.00519	0.00169	0.00675	0.00463	0.00238	0.00640
128	0.00688	0.00531	0.00769	0.00826	0.00885	0.00515	0.04342	0.00803	0.01012	0.01353	0.02742	0.70729	0.04526	0.01535	0.00699	0.00211	0.03132	0.03796	0.00463	0.00444
129	0.01522	0.01115	0.01204	0.00991	0.01300	0.01210	0.00794	0.43199	0.11679	0.03759	0.04561	0.08664	0.08609	0.00800	0.00532	0.00163	0.00458	0.00648	0.08045	0.00747
130	0.12168	0.01226	0.01762	0.15077	0.40417	0.03147	0.02689	0.13947	0.01340	0.01972	0.00980	0.01236	0.00776	0.00504	0.00493	0.00159	0.00608	0.00441	0.00306	0.00754
131	0.01196	0.01142	0.01945	0.26803	0.55572	0.01213	0.01552	0.01516	0.01142	0.01588	0.00963	0.01319	0.00785	0.00481	0.00517	0.00160	0.00642	0.00464	0.00250	0.00750
132	0.00634	0.00453	0.00604	0.00725	0.00755	0.00423	0.00483	0.00725	0.00997	0.01329	0.02870	0.81358	0.03444	0.01632	0.00665	0.00211	0.00302	0.01480	0.00483	0.00423
133	0.00997	0.00930	0.01532	0.55226	0.13491	0.01115	0.01337	0.01294	0.01039	0.01376	0.01137	0.10434	0.01024	0.00666	0.00618	0.00179	0.06169	0.00578	0.00263	0.00594
134	0.07202	0.46805	0.15846	0.01027	0.01504	0.04788	0.01052	0.06168	0.04099	0.05896	0.00924	0.01007	0.00743	0.00492	0.00396	0.00133	0.00588	0.00337	0.00284	0.00708
135	0.00964	0.00721	0.00931	0.00886	0.01033	0.00728	0.03877	0.17042	0.01377	0.01855	0.11275	0.50096	0.02946	0.01294	0.00627	0.00193	0.00382	0.02735	0.00492	0.00543

[dist]
# distance from previous block
# <min> <max>
0	18

[block]
# block no. 1 follows, 47 sequences, length 21
# corresponding to MSA columns:
# 318-338
name=unknown_B
#
# <colnr> <probs for GDERKNQSTAVLIFYWHMCP>
#	G	D	E	R	K	N	Q	S	T	A	V	L	I	F	Y	W	H	M	C	P
0	0.01505	0.01244	0.06752	0.01009	0.01430	0.05630	0.01925	0.19447	0.03315	0.13166	0.04562	0.01565	0.01152	0.00579	0.00481	0.00132	0.00504	0.03649	0.00422	0.31531
1	0.03533	0.18350	0.30355	0.01232	0.04661	0.04712	0.01256	0.05157	0.08245	0.06577	0.01076	0.01164	0.00815	0.00507	0.00451	0.00142	0.00611	0.00384	0.00306	0.10466
2	0.01379	0.01112	0.01650	0.09342	0.36505	0.01132	0.01210	0.11737	0.03666	0.08942	0.01267	0.06996	0.01064	0.00598	0.00539	0.00155	0.02174	0.00529	0.00355	0.09647
3	0.08657	0.00626	0.00730	0.00720	0.00881	0.00587	0.00522	0.01076	0.04016	0.06430	0.06228	0.40073	0.11422	0.03693	0.00663	0.01627	0.00336	0.01029	0.00455	0.10230
4	0.01392	0.82012	0.02729	0.00891	0.01337	0.02061	0.00891	0.01559	0.01058	0.01225	0.00724	0.00835	0.00668	0.00446	0.00334	0.00111	0.00557	0.00278	0.00223	0.00668
5	0.00633	0.00458	0.00599	0.00711	0.00752	0.00424	0.00477	0.00727	0.01010	0.01335	0.03040	0.75958	0.08735	0.01609	0.00661	0.00209	0.00299	0.01453	0.00483	0.00424
6	0.03992	0.01033	0.01251	0.00991	0.01362	0.01024	0.00807	0.22893	0.07230	0.45100	0.01864	0.07249	0.01335	0.00710	0.00529	0.00164	0.00466	0.00575	0.00583	0.00841
7	0.01254	0.01201	0.02050	0.12115	0.69807	0.01228	0.01581	0.01567	0.01169	0.01659	0.00973	0.01300	0.00810	0.00471	0.00516	0.00157	0.00627	0.00464	0.00255	0.00796
8	0.07230	0.00961	0.01381	0.01051	0.01452	0.00879	0.09495	0.05526	0.01448	0.58670	0.01807	0.01658	0.01172	0.00608	0.00515	0.00161	0.00488	0.00515	0.04155	0.00828
9	0.02336	0.00886	0.01209	0.00927	0.01329	0.00765	0.00765	0.02538	0.01491	0.78810	0.02055	0.01773	0.01289	0.00645	0.00524	0.00161	0.00443	0.00524	0.00645	0.00886
10	0.01198	0.01645	0.18045	0.02146	0.09623	0.01288	0.54831	0.01658	0.01199	0.01667	0.01023	0.01333	0.00767	0.00452	0.00582	0.00172	0.00833	0.00555	0.00254	0.00727
11	0.00676	0.00481	0.00644	0.00759	0.00803	0.00458	0.00538	0.00789	0.01021	0.01354	0.02791	0.64360	0.03291	0.05468	0.00770	0.00231	0.00343	0.14322	0.00475	0.00428
12	0.01007	0.00934	0.01311	0.01169	0.01187	0.01254	0.00946	0.01114	0.00816	0.01232	0.01041	0.08787	0.01087	0.04148	0.14309	0.03604	0.54699	0.00577	0.00263	0.00518
13	0.01326	0.00967	0.01135	0.17914	0.02694	0.05928	0.00841	0.16384	0.02731	0.08953	0.01385	0.01796	0.01129	0.11356	0.07434	0.00255	0.00607	0.00514	0.16033	0.00617
14	0.01105	0.16463	0.65760	0.01381	0.02095	0.01357	0.01745	0.01634	0.01092	0.01576	0.00898	0.01054	0.00661	0.00486	0.00467	0.00156	0.00733	0.00366	0.00220	0.00752
15	0.00787	0.00561	0.00608	0.00578	0.00769	0.00475	0.00440	0.00938	0.01246	0.08628	0.12726	0.04593	0.63338	0.01230	0.00607	0.00173	0.00278	0.01029	0.00508	0.00486
16	0.00939	0.06259	0.12458	0.10116	0.01467	0.00872	0.02078	0.08059	0.01206	0.01612	0.06430	0.31098	0.06340	0.02664	0.00625	0.00191	0.00478	0.06149	0.00400	0.00561
17	0.06724	0.01152	0.08293	0.07195	0.01464	0.03356	0.00889	0.17951	0.15541	0.04123	0.03894	0.15216	0.04241	0.00901	0.00643	0.06163	0.00492	0.00675	0.00428	0.00658
18	0.00665	0.00485	0.00631	0.00726	0.00791	0.00451	0.00518	0.00789	0.01077	0.01421	0.08528	0.57965	0.11932	0.01532	0.00662	0.00208	0.00315	0.10378	0.00489	0.00437
19	0.00948	0.00842	0.08078	0.11007	0.01327	0.00774	0.00790	0.06472	0.01084	0.01615	0.01544	0.01975	0.04496	0.05216	0.27914	0.00401	0.00783	0.00535	0.23664	0.00536
20	0.01443	0.10257	0.20776	0.10093	0.13299	0.25811	0.02876	0.05499	0.01285	0.01539	0.00893	0.01095	0.00706	0.00513	0.00498	0.00150	0.01924	0.00388	0.00258	0.00697

[dist]
# distance from previous block
# <min> <max>
0	8

[block]
# block no. 2 follows, 47 sequences, length 87
# corresponding to MSA columns:
# 347-433
name=unknown_C
#
# <colnr> <probs for GDERKNQSTAVLIFYWHMCP>
#	G	D	E	R	K	N	Q	S	T	A	V	L	I	F	Y	W	H	M	C	P
0	0.01210	0.04798	0.67070	0.01402	0.02116	0.01193	0.01753	0.02975	0.01163	0.10023	0.01055	0.01167	0.00732	0.00512	0.00494	0.00163	0.00725	0.00398	0.00271	0.00781
1	0.01355	0.01063	0.01322	0.05957	0.10246	0.08398	0.03095	0.11422	0.04796	0.11877	0.01345	0.01659	0.01092	0.03361	0.28397	0.00405	0.02677	0.00509	0.00364	0.00660
2	0.12435	0.39739	0.04117	0.00998	0.01364	0.10596	0.00907	0.04695	0.01160	0.09877	0.00900	0.01006	0.00732	0.00540	0.00524	0.00141	0.08954	0.00341	0.00299	0.00672
3	0.00634	0.00453	0.00604	0.00725	0.00755	0.00423	0.00483	0.00725	0.00997	0.01329	0.02870	0.81358	0.03444	0.01632	0.00665	0.00211	0.00302	0.01480	0.00483	0.00423
4	0.10258	0.01065	0.01224	0.04308	0.01418	0.03301	0.00815	0.21192	0.04102	0.36198	0.02907	0.01758	0.01225	0.04846	0.00619	0.00180	0.00497	0.02779	0.00526	0.00782
5	0.85377	0.01007	0.00765	0.00685	0.01007	0.01168	0.00564	0.01531	0.00886	0.02336	0.00725	0.00846	0.00564	0.00483	0.00322	0.00161	0.00403	0.00282	0.00322	0.00564
6	0.00626	0.00522	0.00546	0.00552	0.00713	0.00442	0.00409	0.00763	0.01193	0.01450	0.10362	0.10806	0.67181	0.01325	0.00619	0.00178	0.00265	0.01117	0.00490	0.00442
7	0.03313	0.33852	0.22306	0.02793	0.03174	0.09094	0.05633	0.08236	0.02794	0.01618	0.02230	0.01079	0.00786	0.00501	0.00438	0.00141	0.00661	0.00373	0.00270	0.00708
8	0.01092	0.00628	0.00815	0.00716	0.00914	0.00561	0.00554	0.01320	0.01415	0.17688	0.50733	0.03295	0.05215	0.02572	0.00618	0.00166	0.00306	0.02681	0.03136	0.05574
9	0.00702	0.00531	0.00647	0.00618	0.00756	0.00476	0.00464	0.00915	0.01391	0.01892	0.57124	0.04214	0.26088	0.01138	0.00615	0.00167	0.00251	0.00987	0.00547	0.00476
10	0.01339	0.62009	0.18973	0.01035	0.01543	0.04862	0.01116	0.01599	0.01083	0.01318	0.00772	0.00896	0.00667	0.00460	0.00374	0.00124	0.00617	0.00303	0.00224	0.00687
11	0.01133	0.08958	0.49625	0.09879	0.02110	0.01203	0.01554	0.03798	0.02842	0.05577	0.01168	0.07765	0.00953	0.00603	0.00501	0.00165	0.00674	0.00488	0.00281	0.00722
12	0.01086	0.11221	0.67484	0.01415	0.02117	0.01318	0.01779	0.01623	0.01082	0.01587	0.00901	0.01073	0.00662	0.00507	0.00528	0.00162	0.04108	0.00376	0.00221	0.00750
13	0.00922	0.00590	0.00743	0.00765	0.00898	0.00554	0.00580	0.04200	0.01194	0.09881	0.06310	0.33781	0.16643	0.05288	0.00740	0.00215	0.00363	0.15332	0.00497	0.00504
14	0.04249	0.02481	0.02852	0.27933	0.21007	0.06845	0.01226	0.06250	0.02517	0.07412	0.01161	0.02805	0.02374	0.00557	0.00522	0.00157	0.02089	0.00470	0.00312	0.06781
15	0.00996	0.00578	0.00867	0.00976	0.09614	0.00578	0.00593	0.02400	0.00799	0.03028	0.01002	0.01678	0.00975	0.07307	0.01836	0.65234	0.00477	0.00478	0.00253	0.00331
16	0.00693	0.00503	0.00654	0.00675	0.00766	0.00464	0.00484	0.00876	0.01284	0.01775	0.46822	0.32477	0.08013	0.01286	0.00633	0.00182	0.00267	0.01148	0.00536	0.00464
17	0.01281	0.10524	0.09949	0.09481	0.14320	0.03920	0.01114	0.15062	0.05941	0.03379	0.04567	0.10764	0.02677	0.00779	0.01891	0.00175	0.00575	0.02534	0.00368	0.00699
18	0.03640	0.06996	0.52430	0.09970	0.04589	0.01204	0.01628	0.01706	0.01132	0.10448	0.01045	0.01191	0.00738	0.00510	0.00487	0.00162	0.00696	0.00402	0.00274	0.00752
19	0.01302	0.00765	0.00901	0.00780	0.01038	0.00733	0.00613	0.04160	0.14804	0.23868	0.16989	0.03145	0.24950	0.00932	0.00565	0.00168	0.00347	0.00781	0.02498	0.00660
20	0.72953	0.01009	0.00844	0.00730	0.01065	0.01138	0.00602	0.04272	0.01010	0.11128	0.00896	0.00966	0.00658	0.00507	0.00352	0.00161	0.00413	0.00316	0.00366	0.00612
21	0.02939	0.11920	0.14184	0.01485	0.10030	0.14393	0.07910	0.13641	0.08145	0.06356	0.01172	0.03474	0.00923	0.00567	0.00494	0.00154	0.00663	0.00461	0.00345	0.00746
22	0.01182	0.09978	0.07025	0.21957	0.35858	0.01276	0.06483	0.01524	0.03020	0.01534	0.00997	0.02581	0.00826	0.00540	0.00549	0.02594	0.00643	0.00468	0.00255	0.00711
23	0.00642	0.00475	0.00601	0.00683	0.00749	0.00433	0.00469	0.00757	0.01082	0.01425	0.11451	0.59557	0.16739	0.01515	0.00651	0.00200	0.00289	0.01355	0.00493	0.00433
24	0.00998	0.00940	0.01587	0.76880	0.07043	0.01161	0.01453	0.01343	0.01048	0.01348	0.00928	0.01384	0.00700	0.00518	0.00520	0.00173	0.00691	0.00463	0.00233	0.00590
25	0.05342	0.04476	0.01495	0.01214	0.04734	0.11609	0.00946	0.44791	0.06619	0.08133	0.03107	0.01394	0.02533	0.00624	0.00504	0.00154	0.00582	0.00471	0.00467	0.00803
26	0.01068	0.05215	0.61050	0.10105	0.04157	0.01242	0.06803	0.01612	0.01102	0.01602	0.00935	0.01146	0.00676	0.00491	0.00500	0.00164	0.00758	0.00407	0.00225	0.00742
27	0.15732	0.00906	0.01137	0.00888	0.01277	0.00830	0.00733	0.02375	0.01393	0.66474	0.01840	0.01623	0.01172	0.00619	0.00491	0.00161	0.00437	0.00485	0.00593	0.00834
28	0.01010	0.00747	0.00948	0.00987	0.01155	0.00783	0.00838	0.09908	0.09600	0.01812	0.02521	0.08404	0.02623	0.01275	0.00674	0.00222	0.00475	0.54967	0.00490	0.00561
29	0.02815	0.03544	0.03822	0.06119	0.49478	0.01200	0.09553	0.01744	0.02639	0.12319	0.01142	0.01360	0.00881	0.00494	0.00519	0.00158	0.00620	0.00481	0.00315	0.00799
30	0.05146	0.00738	0.00908	0.00778	0.01009	0.00710	0.00612	0.08260	0.03721	0.20166	0.46320	0.02979	0.04728	0.00894	0.00569	0.00163	0.00334	0.00763	0.00571	0.00631
31	0.00641	0.00469	0.00604	0.00696	0.00751	0.00431	0.00474	0.00750	0.01061	0.01405	0.09745	0.65825	0.12140	0.01546	0.00655	0.00203	0.00293	0.01390	0.00491	0.00431
32	0.02852	0.13008	0.55850	0.01405	0.02059	0.09818	0.04799	0.01682	0.01136	0.01567	0.00894	0.01055	0.00666	0.00490	0.00473	0.00155	0.00757	0.00373	0.00229	0.00731
33	0.02887	0.01076	0.01538	0.41839	0.15140	0.06581	0.01259	0.02767	0.01202	0.16827	0.01200	0.03401	0.00901	0.00566	0.00517	0.00166	0.00632	0.00488	0.00333	0.00682
34	0.85377	0.01007	0.00765	0.00685	0.01007	0.01168	0.00564	0.01531	0.00886	0.02336	0.00725	0.00846	0.00564	0.00483	0.00322	0.00161	0.00403	0.00282	0.00322	0.00564
35	0.00812	0.00568	0.00773	0.00866	0.00978	0.00551	0.00717	0.01015	0.01182	0.03290	0.07989	0.20949	0.07346	0.01428	0.00691	0.00224	0.00415	0.49240	0.00491	0.00476
36	0.01248	0.22373	0.45462	0.01362	0.04174	0.01417	0.04666	0.03417	0.04003	0.05808	0.01000	0.01123	0.00746	0.00498	0.00463	0.00152	0.00681	0.00387	0.00265	0.00754
37	0.41102	0.01376	0.16769	0.00957	0.01398	0.01144	0.00931	0.10596	0.01240	0.18361	0.01108	0.01139	0.00773	0.00536	0.00423	0.00161	0.00505	0.00375	0.00393	0.00711
38	0.00969	0.00725	0.00858	0.00850	0.00976	0.00764	0.00614	0.14713	0.09528	0.01751	0.02364	0.51126	0.02614	0.06912	0.00785	0.00219	0.02081	0.01129	0.00478	0.00546
39	0.01949	0.02371	0.01485	0.01326	0.01610	0.71158	0.01004	0.10165	0.01581	0.01492	0.00853	0.00973	0.00694	0.00546	0.00475	0.00137	0.00899	0.00350	0.00296	0.00634
40	0.01229	0.01405	0.03073	0.02195	0.02722	0.01317	0.76558	0.01668	0.01229	0.01668	0.01054	0.01405	0.00790	0.00439	0.00615	0.00176	0.00878	0.00615	0.00263	0.00702
41	0.04302	0.01213	0.01249	0.01001	0.01376	0.16714	0.00806	0.02393	0.01463	0.59509	0.01744	0.01565	0.01134	0.00613	0.00505	0.00154	0.00541	0.00475	0.00553	0.02692
42	0.01129	0.20006	0.58713	0.01388	0.02075	0.01401	0.05218	0.01630	0.01097	0.01557	0.00894	0.01056	0.00668	0.00481	0.00465	0.00154	0.00728	0.00372	0.00223	0.00744
43	0.00724	0.00532	0.00678	0.00641	0.00770	0.00486	0.00481	0.00958	0.01443	0.02015	0.70363	0.04010	0.12771	0.01092	0.00614	0.00165	0.00248	0.00959	0.00564	0.00486
44	0.66227	0.00892	0.00759	0.00690	0.00949	0.01013	0.00546	0.01384	0.00859	0.03955	0.00795	0.01018	0.00651	0.00755	0.00674	0.17283	0.00414	0.00322	0.00311	0.00504
45	0.05115	0.00952	0.01062	0.00895	0.01195	0.01000	0.00714	0.14344	0.23167	0.22222	0.01912	0.03584	0.03256	0.00683	0.00490	0.00158	0.00406	0.00551	0.17542	0.00752
46	0.59722	0.00924	0.00830	0.00720	0.01026	0.01011	0.00583	0.01632	0.01036	0.15992	0.07257	0.01376	0.01107	0.04309	0.00490	0.00177	0.00402	0.00401	0.00400	0.00605
47	0.00634	0.00453	0.00604	0.00725	0.00755	0.00423	0.00483	0.00725	0.00997	0.01329	0.02870	0.81358	0.03444	0.01632	0.00665	0.00211	0.00302	0.01480	0.00483	0.00423
48	0.01229	0.01405	0.03073	0.02195	0.02722	0.01317	0.76558	0.01668	0.01229	0.01668	0.01054	0.01405	0.00790	0.00439	0.00615	0.00176	0.00878	0.00615	0.00263	0.00702
49	0.00737	0.00532	0.00696	0.00655	0.00778	0.00491	0.00491	0.00983	0.01474	0.02088	0.78175	0.03890	0.04914	0.01065	0.00614	0.00164	0.00246	0.00942	0.00573	0.00491
50	0.00749	0.00513	0.00625	0.00630	0.00651	0.00531	0.00392	0.00791	0.00785	0.01065	0.01647	0.06728	0.01844	0.62065	0.18330	0.00559	0.00678	0.00750	0.00316	0.00351
51	0.00787	0.00618	0.00906	0.00881	0.00960	0.00746	0.00687	0.00957	0.00829	0.01204	0.01330	0.02014	0.01264	0.07386	0.67428	0.00755	0.09948	0.00557	0.00275	0.00469
52	0.01945	0.02482	0.01476	0.01342	0.01610	0.79608	0.01006	0.02079	0.01476	0.01275	0.00805	0.00939	0.00671	0.00537	0.00470	0.00134	0.00939	0.00335	0.00268	0.00604
53	0.00678	0.00484	0.00654	0.00775	0.00824	0.00460	0.00559	0.00800	0.01040	0.01378	0.02846	0.65376	0.03350	0.01591	0.00676	0.00217	0.00340	0.17035	0.00483	0.00435
54	0.85377	0.01007	0.00765	0.00685	0.01007	0.01168	0.00564	0.01531	0.00886	0.02336	0.00725	0.00846	0.00564	0.00483	0.00322	0.00161	0.00403	0.00282	0.00322	0.00564
55	0.01045	0.02694	0.79000	0.01484	0.02254	0.01209	0.01924	0.01649	0.01099	0.01649	0.00935	0.01099	0.00660	0.00495	0.00495	0.00165	0.00770	0.00385	0.00220	0.00770
56	0.00634	0.00453	0.00604	0.00725	0.00755	0.00423	0.00483	0.00725	0.00997	0.01329	0.02870	0.81358	0.03444	0.01632	0.00665	0.00211	0.00302	0.01480	0.00483	0.00423
57	0.01149	0.09834	0.01908	0.41098	0.33123	0.01287	0.01447	0.01462	0.01101	0.01467	0.00925	0.01289	0.00743	0.00490	0.00498	0.00159	0.00649	0.00443	0.00241	0.00686
58	0.15955	0.01035	0.01324	0.09616	0.01620	0.01056	0.08129	0.14115	0.05360	0.10640	0.07522	0.02664	0.01244	0.01840	0.00515	0.00155	0.00498	0.00491	0.00407	0.15814
59	0.01616	0.01065	0.01201	0.01027	0.01357	0.01157	0.00814	0.05435	0.53180	0.23948	0.02069	0.01869	0.01478	0.00686	0.00528	0.00171	0.00427	0.00566	0.00562	0.00844
60	0.00799	0.00599	0.00751	0.00709	0.00851	0.00582	0.00540	0.01175	0.09694	0.02063	0.65366	0.03783	0.05929	0.01046	0.00609	0.00169	0.00274	0.03971	0.00563	0.00526
61	0.01240	0.42267	0.39606	0.01179	0.01780	0.01627	0.01389	0.01619	0.01085	0.02738	0.00848	0.00979	0.00675	0.00473	0.00415	0.00138	0.00658	0.00334	0.00228	0.00721
62	0.23238	0.01202	0.01697	0.01309	0.01694	0.04794	0.24379	0.05455	0.08781	0.15613	0.01347	0.01435	0.02919	0.00566	0.00540	0.00168	0.03271	0.00497	0.00390	0.00704
63	0.00659	0.00472	0.00628	0.00718	0.00768	0.00440	0.00494	0.00782	0.01091	0.01477	0.16918	0.64931	0.03707	0.01521	0.00657	0.00203	0.00296	0.03300	0.00500	0.00437
64	0.00686	0.00534	0.00626	0.00613	0.00760	0.00473	0.00466	0.00879	0.01326	0.01744	0.40276	0.04518	0.38774	0.01203	0.00621	0.00174	0.00267	0.05068	0.00527	0.00467
65	0.19229	0.01533	0.01275	0.01087	0.01403	0.26900	0.03041	0.14973	0.05861	0.11697	0.03859	0.04631	0.01083	0.00626	0.00476	0.00155	0.00618	0.00463	0.00405	0.00684
66	0.04790	0.01194	0.01997	0.11460	0.67085	0.01226	0.01538	0.01566	0.01158	0.01688	0.00963	0.01281	0.00800	0.00471	0.00508	0.00157	0.00618	0.00456	0.00258	0.00787
67	0.00750	0.00557	0.00816	0.00824	0.00909	0.00641	0.00633	0.00926	0.00863	0.01251	0.01550	0.10614	0.01521	0.03466	0.66310	0.00728	0.03031	0.00653	0.03494	0.00464
68	0.01392	0.01188	0.01996	0.05649	0.67480	0.01183	0.01503	0.01691	0.01214	0.10042	0.01094	0.01345	0.00871	0.00486	0.00517	0.00156	0.00602	0.00470	0.00299	0.00823
69	0.32635	0.01365	0.01162	0.00985	0.01315	0.19263	0.02449	0.08874	0.05521	0.17127	0.03842	0.01265	0.00974	0.00572	0.00442	0.00156	0.00556	0.00406	0.00410	0.00681
70	0.01132	0.09617	0.01513	0.01136	0.01414	0.00913	0.16664	0.02956	0.01243	0.10417	0.05524	0.10241	0.09692	0.01002	0.00609	0.00190	0.00522	0.24190	0.00431	0.00594
71	0.57271	0.00954	0.00877	0.00756	0.01082	0.01039	0.00616	0.01790	0.04574	0.20269	0.01197	0.03949	0.00898	0.00574	0.00392	0.00163	0.00406	0.00399	0.02146	0.00645
72	0.01032	0.00627	0.00810	0.00736	0.00914	0.00587	0.00569	0.01340	0.06093	0.14588	0.54959	0.05053	0.05493	0.01006	0.00600	0.00169	0.00299	0.03976	0.00575	0.00573
73	0.01291	0.09979	0.02165	0.05169	0.67942	0.01324	0.01517	0.01586	0.01168	0.01639	0.00950	0.01243	0.00804	0.00464	0.00496	0.00151	0.00614	0.00444	0.00253	0.00801
74	0.01861	0.01327	0.01434	0.01119	0.01498	0.02831	0.00916	0.60236	0.03487	0.08911	0.09652	0.01582	0.01361	0.00674	0.00530	0.00157	0.00532	0.00524	0.00532	0.00837
75	0.00706	0.00528	0.00636	0.00611	0.00735	0.00479	0.00446	0.00894	0.01318	0.01786	0.50015	0.04144	0.24571	0.09870	0.00835	0.00204	0.00279	0.00965	0.00521	0.00458
76	0.07886	0.01290	0.01387	0.09690	0.01694	0.05612	0.00948	0.39732	0.10550	0.11100	0.03975	0.01446	0.01093	0.00625	0.00508	0.00160	0.00550	0.00483	0.00478	0.00793
77	0.04826	0.01106	0.09455	0.00937	0.01238	0.04456	0.00821	0.12114	0.08308	0.12615	0.31493	0.03758	0.02638	0.00825	0.00554	0.00165	0.00437	0.03082	0.00505	0.00667
78	0.02336	0.00886	0.01209	0.00927	0.01329	0.00765	0.00765	0.02538	0.01491	0.78810	0.02055	0.01773	0.01289	0.00645	0.00524	0.00161	0.00443	0.00524	0.00645	0.00886
79	0.00649	0.00464	0.00621	0.00742	0.00778	0.00436	0.00509	0.00750	0.01011	0.01346	0.02862	0.75961	0.03412	0.01618	0.00669	0.00214	0.00315	0.06733	0.00483	0.00427
80	0.01436	0.78266	0.02659	0.00893	0.01336	0.02001	0.00885	0.01605	0.01078	0.04807	0.00785	0.00879	0.00697	0.00455	0.00343	0.00114	0.00552	0.00290	0.00242	0.00678
81	0.00861	0.00632	0.00861	0.00934	0.01089	0.00606	0.00808	0.01097	0.01182	0.01569	0.02561	0.06843	0.02765	0.01328	0.00682	0.00222	0.00466	0.65410	0.00461	0.09622
82	0.01256	0.01204	0.02054	0.11566	0.70339	0.01229	0.01582	0.01569	0.01170	0.01661	0.00974	0.01300	0.00811	0.00470	0.00516	0.00157	0.00627	0.00464	0.00255	0.00798
