[name]
unknown

[dist]
# distance from previous block
# <min> <max>
42	292

[block]
# block no. 0 follows, 44 sequences, length 18
# corresponding to MSA columns:
# 447-464
name=unknown_A
#
# <colnr> <probs for GDERKNQSTAVLIFYWHMCP>
#	G	D	E	R	K	N	Q	S	T	A	V	L	I	F	Y	W	H	M	C	P
0	0.11658	0.13148	0.05435	0.10013	0.04309	0.06402	0.01994	0.07850	0.03101	0.08293	0.06749	0.01908	0.10168	0.00708	0.00560	0.00165	0.04249	0.00543	0.02071	0.00676
1	0.05946	0.18505	0.16990	0.05036	0.03440	0.06904	0.01136	0.07721	0.03909	0.05341	0.05816	0.05679	0.01236	0.00673	0.00583	0.00164	0.06401	0.00504	0.03311	0.00705
2	0.01351	0.20864	0.23097	0.01131	0.01597	0.11568	0.01146	0.03073	0.01212	0.05932	0.01190	0.07005	0.01043	0.02780	0.04305	0.00191	0.00688	0.00476	0.02459	0.08894
3	0.01256	0.39691	0.25060	0.01134	0.01655	0.01599	0.03296	0.01587	0.01144	0.01544	0.05186	0.01234	0.00990	0.00539	0.00480	0.00141	0.03390	0.00392	0.04166	0.05516
4	0.01393	0.14029	0.05751	0.00982	0.01278	0.01021	0.00868	0.01720	0.07405	0.20900	0.04143	0.13251	0.04644	0.00999	0.00628	0.00189	0.03298	0.16334	0.00484	0.00683
5	0.01638	0.30517	0.11762	0.01111	0.01536	0.18122	0.01042	0.03748	0.03552	0.12730	0.02966	0.01283	0.00983	0.00681	0.03097	0.00167	0.00687	0.00405	0.03248	0.00725
6	0.14534	0.41795	0.25704	0.01105	0.01650	0.04165	0.01217	0.01674	0.01107	0.01605	0.00829	0.00965	0.00680	0.00492	0.00404	0.00143	0.00639	0.00328	0.00250	0.00713
7	0.01135	0.00911	0.04569	0.00927	0.01157	0.00847	0.00770	0.18344	0.01507	0.03800	0.08538	0.13534	0.12054	0.08854	0.00844	0.00228	0.00465	0.18074	0.00491	0.02949
8	0.01321	0.57581	0.14619	0.01026	0.01492	0.01841	0.01071	0.01562	0.01109	0.01378	0.02972	0.01250	0.03531	0.02934	0.00534	0.00147	0.04308	0.00381	0.00255	0.00688
9	0.00947	0.00473	0.00710	0.00710	0.00710	0.00473	0.00473	0.00710	0.00710	0.00947	0.00947	0.01657	0.00947	0.01894	0.02131	0.84138	0.00473	0.00473	0.00237	0.00237
10	0.01093	0.02820	0.78016	0.01554	0.02360	0.01266	0.02014	0.01727	0.01151	0.01727	0.00978	0.01151	0.00691	0.00518	0.00518	0.00173	0.00806	0.00403	0.00230	0.00806
11	0.01292	0.47364	0.26912	0.01186	0.01747	0.01737	0.04975	0.01634	0.01156	0.01501	0.05245	0.01177	0.00959	0.00520	0.00435	0.00141	0.00653	0.00385	0.00255	0.00725
12	0.78383	0.01013	0.00779	0.00701	0.01023	0.01169	0.00575	0.01578	0.00944	0.02415	0.00836	0.00972	0.00651	0.00516	0.00341	0.00166	0.00409	0.00311	0.06635	0.00584
13	0.01340	0.09540	0.05218	0.01017	0.01341	0.03972	0.00868	0.17788	0.03359	0.01956	0.01514	0.01845	0.06848	0.07235	0.00839	0.00183	0.10715	0.02138	0.04903	0.17379
14	0.09677	0.04586	0.04693	0.00748	0.00984	0.03903	0.00621	0.01195	0.01323	0.05891	0.28459	0.06399	0.27422	0.01054	0.00582	0.00173	0.00366	0.00878	0.00494	0.00552
15	0.05345	0.03498	0.06463	0.01122	0.01516	0.07815	0.03962	0.16149	0.05183	0.04681	0.01194	0.04383	0.00991	0.02361	0.00644	0.00154	0.07238	0.00468	0.00377	0.26454
16	0.05129	0.00954	0.01130	0.03834	0.04754	0.02568	0.02561	0.09789	0.16232	0.05612	0.13321	0.04329	0.05889	0.12290	0.00888	0.00227	0.00476	0.05556	0.00471	0.03988
17	0.01362	0.01036	0.03199	0.04701	0.01438	0.04353	0.05096	0.16699	0.01515	0.12091	0.06078	0.24408	0.05763	0.00993	0.00595	0.00179	0.00496	0.02433	0.00485	0.07080

[dist]
# distance from previous block
# <min> <max>
3	17

[block]
# block no. 1 follows, 44 sequences, length 9
# corresponding to MSA columns:
# 491-499
name=unknown_B
#
# <colnr> <probs for GDERKNQSTAVLIFYWHMCP>
#	G	D	E	R	K	N	Q	S	T	A	V	L	I	F	Y	W	H	M	C	P
0	0.24477	0.03079	0.10441	0.07278	0.13727	0.12333	0.03333	0.01784	0.08649	0.01871	0.01096	0.04283	0.00910	0.00602	0.00534	0.00171	0.03962	0.00459	0.00319	0.00694
1	0.18217	0.11528	0.14721	0.01332	0.08083	0.06211	0.07393	0.04030	0.08457	0.01882	0.01495	0.01594	0.08434	0.00611	0.00484	0.00161	0.00596	0.00486	0.00335	0.03951
2	0.00759	0.00768	0.08371	0.00746	0.00935	0.00567	0.00629	0.00989	0.01322	0.01798	0.37948	0.14813	0.21683	0.05323	0.00748	0.00200	0.00339	0.01037	0.00513	0.00511
3	0.01349	0.01048	0.01130	0.01003	0.01300	0.01154	0.00783	0.05613	0.52520	0.08631	0.05753	0.02554	0.13100	0.00842	0.00571	0.00182	0.00411	0.00701	0.00559	0.00796
4	0.00840	0.00649	0.00720	0.00668	0.00844	0.00606	0.00501	0.08322	0.01431	0.01858	0.27356	0.04340	0.40455	0.08024	0.00816	0.00208	0.00324	0.01002	0.00525	0.00513
5	0.01168	0.16101	0.60319	0.01496	0.02228	0.01425	0.06613	0.01712	0.01152	0.01652	0.00949	0.01125	0.00701	0.00505	0.00497	0.00164	0.00775	0.00400	0.00234	0.00783
6	0.00799	0.00590	0.00667	0.00656	0.00745	0.00578	0.00437	0.01011	0.07472	0.01472	0.16428	0.08373	0.17806	0.38753	0.01644	0.00346	0.00407	0.00930	0.00445	0.00442
7	0.11820	0.25036	0.10983	0.01211	0.01659	0.08344	0.08452	0.10744	0.08408	0.03473	0.01088	0.01211	0.00857	0.00687	0.03680	0.00183	0.00679	0.00417	0.00334	0.00735
8	0.07332	0.29184	0.20997	0.01221	0.04117	0.08154	0.01198	0.01915	0.07149	0.10571	0.01107	0.01183	0.00848	0.00548	0.00480	0.00152	0.02376	0.00391	0.00322	0.00755

[dist]
# distance from previous block
# <min> <max>
5	11

[block]
# block no. 2 follows, 44 sequences, length 10
# corresponding to MSA columns:
# 512-521
name=unknown_C
#
# <colnr> <probs for GDERKNQSTAVLIFYWHMCP>
#	G	D	E	R	K	N	Q	S	T	A	V	L	I	F	Y	W	H	M	C	P
0	0.01211	0.01210	0.02224	0.32472	0.31628	0.01282	0.18828	0.01582	0.01194	0.01623	0.01022	0.01418	0.00802	0.00503	0.00566	0.00175	0.00741	0.00522	0.00261	0.00734
1	0.01268	0.01205	0.02032	0.09464	0.56746	0.01202	0.05221	0.01577	0.01195	0.01703	0.01061	0.01478	0.00912	0.05224	0.00666	0.00180	0.00642	0.00499	0.00276	0.07451
2	0.01450	0.01350	0.01246	0.05030	0.01496	0.17656	0.00839	0.09657	0.15539	0.05135	0.01754	0.06557	0.07281	0.00705	0.00517	0.00148	0.00557	0.00562	0.00418	0.22103
3	0.01186	0.00813	0.00924	0.00817	0.01044	0.03042	0.00623	0.07804	0.07158	0.12253	0.25523	0.11035	0.14287	0.05037	0.00709	0.00190	0.00381	0.00869	0.00538	0.05768
4	0.01010	0.00921	0.01558	0.61487	0.03191	0.01115	0.05066	0.01352	0.01076	0.01430	0.01082	0.01572	0.00848	0.00988	0.10283	0.00265	0.00802	0.00506	0.04857	0.00592
5	0.01030	0.00969	0.01635	0.79530	0.03755	0.01211	0.01514	0.01393	0.01090	0.01393	0.00969	0.01453	0.00727	0.00545	0.00545	0.00182	0.00727	0.00484	0.00242	0.00606
6	0.01975	0.00873	0.01152	0.00918	0.01262	0.00789	0.00742	0.03895	0.01465	0.54181	0.06434	0.04865	0.07659	0.03865	0.00696	0.00185	0.03632	0.00650	0.00604	0.04160
7	0.01783	0.01522	0.01464	0.01216	0.01582	0.11328	0.00970	0.37429	0.31766	0.02710	0.01611	0.01555	0.01191	0.00677	0.00542	0.00169	0.00582	0.00523	0.00516	0.00864
8	0.05959	0.00923	0.01208	0.00939	0.01336	0.00821	0.00771	0.04597	0.01547	0.63837	0.08047	0.01952	0.01591	0.00694	0.00542	0.00166	0.00448	0.00563	0.00639	0.03421
9	0.01203	0.02196	0.46014	0.07993	0.12214	0.05788	0.07297	0.01696	0.01206	0.03560	0.01244	0.01439	0.04604	0.00561	0.00538	0.00171	0.00762	0.00477	0.00268	0.00767

[dist]
# distance from previous block
# <min> <max>
0	75

[block]
# block no. 3 follows, 44 sequences, length 46
# corresponding to MSA columns:
# 597-631,634-644
name=unknown_D
#
# <colnr> <probs for GDERKNQSTAVLIFYWHMCP>
#	G	D	E	R	K	N	Q	S	T	A	V	L	I	F	Y	W	H	M	C	P
0	0.01331	0.52596	0.25681	0.01151	0.01694	0.01857	0.01278	0.01642	0.01105	0.01420	0.00823	0.00977	0.00698	0.00511	0.00486	0.00141	0.05315	0.00336	0.00233	0.00726
1	0.01309	0.01247	0.02120	0.03194	0.72929	0.01245	0.01604	0.01619	0.01230	0.01758	0.01142	0.06006	0.01025	0.00558	0.00549	0.00165	0.00628	0.00548	0.00284	0.00839
2	0.01071	0.02661	0.72594	0.01493	0.02251	0.01213	0.01909	0.01678	0.01179	0.01759	0.06322	0.01356	0.01003	0.00560	0.00527	0.00173	0.00767	0.00444	0.00256	0.00785
3	0.00783	0.00579	0.00756	0.08652	0.01065	0.00586	0.00574	0.03214	0.01060	0.01406	0.05676	0.43212	0.06069	0.22381	0.01220	0.00293	0.00418	0.01168	0.00438	0.00449
4	0.02383	0.00927	0.01254	0.00968	0.01381	0.00811	0.00797	0.02632	0.03616	0.74263	0.03621	0.01904	0.01432	0.00685	0.00550	0.00169	0.00459	0.00559	0.00670	0.00918
5	0.01267	0.02577	0.68164	0.01479	0.02235	0.01206	0.01859	0.01846	0.01204	0.11493	0.01129	0.01241	0.00775	0.00538	0.00522	0.00172	0.00762	0.00422	0.00287	0.00821
6	0.00709	0.00546	0.00790	0.00834	0.00910	0.00507	0.05154	0.00831	0.01081	0.01435	0.05352	0.66066	0.08320	0.03763	0.00745	0.00223	0.00355	0.01428	0.00490	0.00461
7	0.00792	0.00589	0.00813	0.00749	0.00891	0.00546	0.02900	0.01055	0.01524	0.02151	0.71879	0.04070	0.04930	0.01109	0.00647	0.00175	0.00288	0.03785	0.00586	0.00521
8	0.01193	0.01193	0.01670	0.01431	0.01431	0.01670	0.01193	0.01312	0.00835	0.01312	0.00716	0.01193	0.00716	0.00954	0.01789	0.00239	0.79843	0.00477	0.00239	0.00596
9	0.01291	0.01224	0.02077	0.10225	0.65903	0.01246	0.01609	0.01614	0.01228	0.01736	0.01136	0.01657	0.00992	0.00555	0.00553	0.00169	0.00646	0.05041	0.00282	0.00817
10	0.01196	0.00659	0.00869	0.00771	0.00971	0.00602	0.00594	0.01463	0.03317	0.20929	0.52672	0.07652	0.04034	0.01029	0.00620	0.00174	0.00316	0.00899	0.00612	0.00622
11	0.01258	0.01301	0.01660	0.01429	0.01451	0.07619	0.01182	0.01379	0.00890	0.01314	0.00725	0.01177	0.00715	0.00924	0.01689	0.00231	0.73749	0.00467	0.00242	0.00599
12	0.00663	0.00479	0.00628	0.00747	0.00788	0.00444	0.00501	0.00760	0.01055	0.01396	0.03153	0.76057	0.07938	0.01689	0.00693	0.00219	0.00314	0.01526	0.00506	0.00444
13	0.00664	0.00474	0.00633	0.00759	0.00791	0.00443	0.00506	0.00759	0.01044	0.01392	0.03005	0.80485	0.03606	0.01708	0.00696	0.00221	0.00316	0.01550	0.00506	0.00443
14	0.01016	0.00508	0.00508	0.00508	0.00635	0.00508	0.00381	0.01270	0.01143	0.02033	0.01778	0.02033	0.01397	0.00635	0.00381	0.00127	0.00254	0.00508	0.83867	0.00508
15	0.00664	0.00474	0.00633	0.00759	0.00791	0.00443	0.00506	0.00759	0.01044	0.01392	0.03005	0.80485	0.03606	0.01708	0.00696	0.00221	0.00316	0.01550	0.00506	0.00443
16	0.00665	0.00489	0.00624	0.00727	0.00784	0.00448	0.00493	0.00772	0.01090	0.01431	0.05941	0.66977	0.14281	0.01640	0.00687	0.00214	0.00308	0.01473	0.00509	0.00448
17	0.11239	0.00961	0.01228	0.00952	0.01366	0.00876	0.00787	0.04984	0.01526	0.67260	0.01974	0.01733	0.01254	0.00656	0.00526	0.00169	0.00464	0.00519	0.00634	0.00892
18	0.01030	0.00969	0.01635	0.79530	0.03755	0.01211	0.01514	0.01393	0.01090	0.01393	0.00969	0.01453	0.00727	0.00545	0.00545	0.00182	0.00727	0.00484	0.00242	0.00606
19	0.82070	0.01037	0.00792	0.00710	0.01041	0.01201	0.00584	0.01592	0.00935	0.02433	0.00791	0.00922	0.00616	0.00510	0.00339	0.00167	0.00416	0.00302	0.02954	0.00588
20	0.01051	0.00982	0.01609	0.74339	0.03600	0.01221	0.01471	0.01492	0.06079	0.01452	0.01052	0.01492	0.00789	0.00558	0.00546	0.00182	0.00707	0.00493	0.00263	0.00623
21	0.00718	0.00544	0.00715	0.05938	0.00998	0.00521	0.00578	0.00873	0.01174	0.01549	0.15883	0.43779	0.16133	0.02813	0.00707	0.00211	0.00341	0.05552	0.00501	0.00470
22	0.00727	0.00554	0.00656	0.00632	0.00772	0.00496	0.00466	0.00924	0.01385	0.01855	0.46374	0.04462	0.30879	0.06488	0.00785	0.00200	0.00282	0.01032	0.00548	0.00483
23	0.01496	0.76218	0.02781	0.00953	0.01417	0.02128	0.00939	0.06232	0.01198	0.01416	0.00792	0.00902	0.00714	0.00478	0.00362	0.00120	0.00584	0.00304	0.00253	0.00714
24	0.10172	0.02680	0.01695	0.16308	0.14235	0.09528	0.05773	0.17255	0.01539	0.13838	0.01202	0.01352	0.00876	0.00570	0.00521	0.00166	0.00653	0.00469	0.00393	0.00775
25	0.02341	0.00957	0.01268	0.00980	0.01390	0.00857	0.00807	0.07139	0.03098	0.69003	0.04780	0.01904	0.01465	0.00690	0.00552	0.00169	0.00464	0.00562	0.00662	0.00912
26	0.01152	0.00639	0.00653	0.00604	0.00771	0.00660	0.00465	0.10814	0.01326	0.02213	0.01718	0.01940	0.01337	0.00638	0.00402	0.00132	0.00298	0.00506	0.73172	0.00562
27	0.01789	0.36229	0.02106	0.01203	0.01563	0.45910	0.01002	0.01944	0.01358	0.01312	0.00806	0.00937	0.00701	0.00521	0.00431	0.00130	0.00812	0.00326	0.00260	0.00661
28	0.01478	0.78442	0.02811	0.00949	0.01409	0.04812	0.00937	0.01651	0.01123	0.01284	0.00761	0.00878	0.00700	0.00470	0.00355	0.00117	0.00597	0.00294	0.00235	0.00697
29	0.01313	0.01051	0.01221	0.03358	0.01432	0.00910	0.00744	0.10642	0.06995	0.05070	0.01152	0.01260	0.00906	0.00475	0.00443	0.00105	0.00442	0.00380	0.00379	0.61722
30	0.00664	0.00474	0.00633	0.00759	0.00791	0.00443	0.00506	0.00759	0.01044	0.01392	0.03005	0.80485	0.03606	0.01708	0.00696	0.00221	0.00316	0.01550	0.00506	0.00443
31	0.00652	0.00534	0.00575	0.00605	0.00751	0.00457	0.00438	0.00782	0.01201	0.01468	0.06389	0.23423	0.57927	0.01454	0.00657	0.00193	0.00285	0.01244	0.00508	0.00457
32	0.01290	0.01461	0.03162	0.02355	0.06929	0.01374	0.71424	0.01742	0.01284	0.01748	0.01099	0.01464	0.00829	0.00461	0.00638	0.00183	0.00904	0.00635	0.00275	0.00742
33	0.09743	0.00927	0.01206	0.00938	0.01342	0.00829	0.00773	0.02508	0.01503	0.68550	0.04535	0.01843	0.01409	0.00674	0.00533	0.00169	0.00453	0.00540	0.00642	0.00884
34	0.02066	0.01324	0.01487	0.01159	0.01567	0.01410	0.00949	0.53159	0.03849	0.20418	0.01615	0.05781	0.01187	0.00719	0.00554	0.00168	0.00549	0.00565	0.00573	0.00899
35	0.00671	0.00495	0.00629	0.00718	0.00784	0.00452	0.00492	0.00789	0.01124	0.01481	0.10464	0.60835	0.15874	0.01598	0.00682	0.00211	0.00304	0.01431	0.00515	0.00452
36	0.00682	0.00489	0.00653	0.00756	0.00798	0.00464	0.00513	0.00794	0.01071	0.01444	0.09057	0.68173	0.03576	0.03510	0.05002	0.00260	0.00379	0.01434	0.00498	0.00449
37	0.02072	0.01527	0.01636	0.01254	0.01691	0.01691	0.01036	0.75622	0.02563	0.03436	0.01309	0.01309	0.00927	0.00654	0.00545	0.00164	0.00600	0.00491	0.00545	0.00927
38	0.00703	0.00488	0.00640	0.00745	0.00794	0.00459	0.00511	0.00826	0.01095	0.01502	0.08493	0.67061	0.03560	0.01586	0.00673	0.00212	0.00314	0.03854	0.06031	0.00454
39	0.00796	0.00515	0.00687	0.00764	0.00834	0.00476	0.00527	0.00920	0.01143	0.06554	0.12545	0.65390	0.03655	0.01563	0.00679	0.00211	0.00318	0.01411	0.00529	0.00484
40	0.01130	0.00969	0.01130	0.00807	0.01292	0.00727	0.00646	0.01373	0.01130	0.01776	0.00969	0.01130	0.00807	0.00404	0.00404	0.00081	0.00404	0.00323	0.00323	0.84173
41	0.01576	0.01307	0.07924	0.05308	0.03827	0.05412	0.05170	0.14915	0.06641	0.16686	0.06799	0.04113	0.01379	0.00722	0.02146	0.00171	0.00580	0.00546	0.00452	0.14326
42	0.01402	0.03027	0.04162	0.10514	0.03586	0.12801	0.02697	0.05914	0.01157	0.06540	0.00994	0.01357	0.00845	0.02250	0.07278	0.00256	0.33798	0.00476	0.00299	0.00650
43	0.00686	0.00491	0.00628	0.00721	0.00763	0.00459	0.00478	0.00780	0.01049	0.01394	0.06977	0.61621	0.07803	0.12272	0.00969	0.00258	0.00339	0.01394	0.00488	0.00433
44	0.06505	0.00715	0.00843	0.00863	0.00999	0.00736	0.00633	0.11724	0.05018	0.03059	0.02552	0.54085	0.02860	0.01400	0.00645	0.00209	0.00384	0.05708	0.00505	0.00555
45	0.01295	0.01314	0.06492	0.06203	0.36733	0.07294	0.01298	0.05568	0.02411	0.01698	0.01203	0.07557	0.01097	0.00760	0.00721	0.08184	0.02338	0.01621	0.00308	0.05906

[dist]
# distance from previous block
# <min> <max>
0	1

[block]
# block no. 4 follows, 44 sequences, length 19
# corresponding to MSA columns:
# 646,647,653-669
name=unknown_E
#
# <colnr> <probs for GDERKNQSTAVLIFYWHMCP>
#	G	D	E	R	K	N	Q	S	T	A	V	L	I	F	Y	W	H	M	C	P
0	0.04471	0.00756	0.00855	0.00829	0.03279	0.00739	0.00602	0.13359	0.01454	0.04328	0.13860	0.16675	0.32027	0.03445	0.00678	0.00193	0.00364	0.01001	0.00512	0.00571
1	0.03551	0.01098	0.01302	0.01048	0.01385	0.01144	0.04371	0.30422	0.08609	0.12964	0.10945	0.05285	0.04949	0.00774	0.00552	0.00166	0.00477	0.00642	0.07348	0.02969
2	0.06099	0.25555	0.22968	0.01464	0.10836	0.11683	0.01312	0.07764	0.01303	0.01732	0.00915	0.01068	0.00734	0.00510	0.00455	0.00146	0.00690	0.00371	0.00278	0.04116
3	0.05188	0.00765	0.00912	0.00806	0.01036	0.00739	0.00623	0.07481	0.06383	0.13714	0.33019	0.11528	0.10048	0.01015	0.00596	0.00174	0.00351	0.00870	0.00561	0.04192
4	0.10412	0.08626	0.11144	0.03144	0.07816	0.01248	0.04104	0.11595	0.08443	0.06570	0.01218	0.03074	0.00956	0.00558	0.00479	0.00148	0.00552	0.00449	0.00373	0.19091
5	0.01458	0.01389	0.01917	0.10558	0.40069	0.13335	0.06690	0.01749	0.01317	0.07886	0.04885	0.01610	0.03548	0.00577	0.00549	0.00164	0.00682	0.00526	0.00326	0.00766
6	0.00844	0.00626	0.00764	0.00778	0.00896	0.00609	0.00557	0.07038	0.04504	0.01776	0.19351	0.43841	0.09415	0.03805	0.00719	0.00208	0.00336	0.01219	0.00523	0.02190
7	0.08155	0.04481	0.01383	0.03544	0.10306	0.01353	0.00949	0.04312	0.52496	0.02177	0.01926	0.01860	0.03327	0.00688	0.00529	0.00177	0.00471	0.00568	0.00480	0.00818
8	0.05810	0.00885	0.01141	0.00994	0.04383	0.00829	0.00759	0.03628	0.07635	0.43845	0.18295	0.02414	0.05383	0.00789	0.00563	0.00171	0.00417	0.00658	0.00606	0.00795
9	0.05092	0.04038	0.01487	0.05896	0.14107	0.27325	0.01037	0.09075	0.03834	0.01796	0.06357	0.01897	0.07419	0.00692	0.00528	0.00158	0.00669	0.03546	0.00363	0.04685
10	0.01541	0.12474	0.09997	0.06346	0.04382	0.07619	0.01032	0.04868	0.08374	0.19410	0.04489	0.11232	0.01520	0.00771	0.00563	0.00171	0.02203	0.01834	0.00436	0.00739
11	0.00677	0.00491	0.00634	0.00730	0.00782	0.00454	0.00494	0.00788	0.01101	0.01465	0.10369	0.64411	0.09787	0.04132	0.00752	0.00223	0.00314	0.01438	0.00510	0.00448
12	0.02779	0.01183	0.04753	0.18231	0.07354	0.03262	0.02869	0.12753	0.10194	0.20954	0.02908	0.03274	0.01203	0.00757	0.03007	0.00194	0.00609	0.00545	0.02389	0.00782
13	0.01435	0.01156	0.01290	0.04225	0.01490	0.05041	0.00810	0.16219	0.01448	0.07042	0.01161	0.03738	0.00943	0.00550	0.00521	0.00122	0.03898	0.00425	0.00387	0.48100
14	0.00674	0.00482	0.00626	0.00738	0.00773	0.00450	0.00488	0.00763	0.01031	0.01367	0.02995	0.71356	0.06259	0.08157	0.00864	0.00245	0.00332	0.01473	0.00492	0.00434
15	0.00793	0.00556	0.00725	0.00696	0.00822	0.00511	0.00517	0.01028	0.01481	0.03716	0.65458	0.12381	0.06901	0.01177	0.00647	0.00177	0.00269	0.01042	0.00589	0.00514
16	0.01548	0.03924	0.06577	0.17795	0.03708	0.13322	0.01148	0.20142	0.10080	0.05077	0.01262	0.01493	0.00981	0.04022	0.03898	0.00212	0.03205	0.00488	0.00381	0.00737
17	0.00947	0.00473	0.00710	0.00710	0.00710	0.00473	0.00473	0.00710	0.00710	0.00947	0.00947	0.01657	0.00947	0.01894	0.02131	0.84138	0.00473	0.00473	0.00237	0.00237
18	0.00789	0.00534	0.00622	0.00627	0.00655	0.00526	0.00385	0.00843	0.00931	0.01261	0.11362	0.07018	0.03816	0.61432	0.02257	0.00446	0.00475	0.03791	0.01860	0.00371

[dist]
# distance from previous block
# <min> <max>
0	5

[block]
# block no. 5 follows, 44 sequences, length 9
# corresponding to MSA columns:
# 675-683
name=unknown_F
#
# <colnr> <probs for GDERKNQSTAVLIFYWHMCP>
#	G	D	E	R	K	N	Q	S	T	A	V	L	I	F	Y	W	H	M	C	P
0	0.01352	0.01391	0.01803	0.13547	0.06687	0.11553	0.07138	0.06363	0.01141	0.01530	0.00860	0.01245	0.00748	0.00753	0.01180	0.00203	0.41110	0.00477	0.00270	0.00652
1	0.15878	0.07460	0.09315	0.08795	0.05160	0.15247	0.02504	0.12610	0.04897	0.03741	0.01066	0.01252	0.00835	0.00822	0.06157	0.00214	0.02576	0.00424	0.00338	0.00707
2	0.01498	0.01612	0.01490	0.04483	0.03815	0.29669	0.05612	0.06259	0.11505	0.01727	0.11028	0.01742	0.01498	0.02812	0.04231	0.00210	0.09239	0.00540	0.00370	0.00660
3	0.00804	0.00541	0.00631	0.00648	0.00664	0.00541	0.00402	0.00837	0.00853	0.01132	0.01870	0.03903	0.02132	0.70537	0.02512	0.00492	0.00525	0.10271	0.00353	0.00353
4	0.01252	0.01196	0.05356	0.25853	0.02378	0.01309	0.13856	0.08460	0.01223	0.03842	0.01085	0.01441	0.00849	0.00651	0.00840	0.00187	0.19625	0.00511	0.09423	0.00663
5	0.00725	0.00546	0.00671	0.00660	0.00791	0.00492	0.00487	0.00932	0.01404	0.01904	0.49470	0.13684	0.23724	0.01256	0.00650	0.00181	0.00269	0.01097	0.00564	0.00492
6	0.03796	0.02657	0.01527	0.32647	0.06870	0.01164	0.04135	0.10795	0.06772	0.11706	0.01664	0.06659	0.05866	0.00704	0.00555	0.00178	0.00593	0.00608	0.00397	0.00708
7	0.08735	0.01228	0.06128	0.01013	0.01334	0.05804	0.00856	0.19196	0.08986	0.10456	0.11334	0.05341	0.01692	0.00748	0.00572	0.00166	0.03684	0.00587	0.09159	0.02981
8	0.15612	0.01257	0.05730	0.08053	0.01778	0.01248	0.09466	0.15770	0.10697	0.05852	0.01297	0.04051	0.01015	0.00619	0.00558	0.00166	0.03847	0.00504	0.01804	0.10674

[dist]
# distance from previous block
# <min> <max>
1	14

[block]
# block no. 6 follows, 44 sequences, length 21
# corresponding to MSA columns:
# 707-727
name=unknown_G
#
# <colnr> <probs for GDERKNQSTAVLIFYWHMCP>
#	G	D	E	R	K	N	Q	S	T	A	V	L	I	F	Y	W	H	M	C	P
0	0.01218	0.07953	0.24977	0.16172	0.13092	0.01210	0.05803	0.03467	0.01223	0.05690	0.07726	0.01561	0.01178	0.00658	0.00631	0.05257	0.00666	0.00501	0.00305	0.00714
1	0.19254	0.04297	0.10301	0.20148	0.23427	0.01304	0.01334	0.08069	0.01239	0.01949	0.01019	0.01372	0.00820	0.00552	0.00495	0.00170	0.00625	0.02594	0.00303	0.00726
2	0.09100	0.06008	0.01475	0.01068	0.01473	0.01426	0.00880	0.46305	0.01981	0.06786	0.01262	0.01391	0.00959	0.05048	0.00619	0.00171	0.00542	0.00461	0.01974	0.11070
3	0.00890	0.05485	0.00821	0.00679	0.00773	0.00675	0.00445	0.03660	0.00949	0.01274	0.01821	0.13140	0.03458	0.54086	0.02025	0.00404	0.00491	0.00816	0.00358	0.07749
4	0.01234	0.02568	0.14397	0.12819	0.12667	0.06132	0.05059	0.01542	0.01167	0.06191	0.04561	0.08387	0.01248	0.00803	0.02722	0.00196	0.11798	0.00579	0.00319	0.05610
5	0.01829	0.01518	0.08469	0.01390	0.07392	0.01493	0.01122	0.49366	0.09375	0.07218	0.01457	0.04362	0.01097	0.00678	0.00549	0.00169	0.00587	0.00538	0.00503	0.00887
6	0.04559	0.01559	0.08170	0.15872	0.02017	0.18073	0.01124	0.12928	0.01560	0.26750	0.01372	0.01416	0.00947	0.00604	0.00525	0.00165	0.00675	0.00464	0.00439	0.00781
7	0.00674	0.00481	0.00644	0.00770	0.00806	0.00451	0.00523	0.00776	0.01053	0.01403	0.02999	0.77105	0.03584	0.01699	0.00698	0.00223	0.00325	0.04834	0.00506	0.00446
8	0.04152	0.01063	0.01471	0.01139	0.01540	0.02582	0.09269	0.10128	0.03505	0.49890	0.03411	0.06397	0.01429	0.00713	0.00563	0.00173	0.00526	0.00612	0.00585	0.00853
9	0.01119	0.01069	0.09693	0.05901	0.07970	0.00969	0.00893	0.08991	0.03461	0.03803	0.01454	0.03999	0.01442	0.37011	0.03237	0.00353	0.07076	0.00645	0.00343	0.00571
10	0.01974	0.00884	0.01153	0.00930	0.01279	0.00813	0.00751	0.02359	0.10868	0.53215	0.17244	0.02324	0.02152	0.00771	0.00568	0.00171	0.00418	0.00645	0.00645	0.00837
11	0.00767	0.00508	0.00663	0.00753	0.00821	0.00466	0.00515	0.00873	0.01092	0.05906	0.03185	0.68946	0.10225	0.01617	0.00682	0.00215	0.00321	0.01454	0.00516	0.00473
12	0.05886	0.02212	0.45043	0.01700	0.02372	0.01334	0.23428	0.08210	0.01302	0.01922	0.01032	0.01244	0.00746	0.00512	0.00547	0.00175	0.00800	0.00475	0.00277	0.00784
13	0.01429	0.06151	0.01441	0.09265	0.05646	0.03813	0.00968	0.18026	0.29424	0.03593	0.03608	0.11102	0.01586	0.00789	0.00555	0.00177	0.00520	0.00659	0.00474	0.00775
14	0.01176	0.01215	0.02232	0.26709	0.07278	0.01376	0.28030	0.01509	0.01104	0.01521	0.00970	0.01405	0.00782	0.00682	0.02495	0.00209	0.19845	0.00542	0.00256	0.00663
15	0.04373	0.01685	0.36875	0.04383	0.04465	0.00962	0.01288	0.01468	0.01220	0.04618	0.19327	0.02143	0.01934	0.07720	0.00734	0.00201	0.00584	0.00589	0.04763	0.00669
16	0.84691	0.01054	0.00801	0.00717	0.01054	0.01223	0.00590	0.01603	0.00928	0.02446	0.00759	0.00886	0.00590	0.00506	0.00337	0.00169	0.00422	0.00295	0.00337	0.00590
17	0.01557	0.01242	0.01324	0.01137	0.01478	0.01410	0.00899	0.19163	0.57156	0.05325	0.02013	0.01865	0.01488	0.00718	0.00552	0.00180	0.00470	0.00586	0.00557	0.00880
18	0.03493	0.01235	0.08120	0.01104	0.01573	0.01025	0.05405	0.11438	0.07533	0.31017	0.01567	0.01519	0.01085	0.00581	0.00512	0.00149	0.00520	0.00479	0.00493	0.21152
19	0.01107	0.05834	0.75124	0.01530	0.02323	0.01300	0.01973	0.01723	0.01149	0.01709	0.00970	0.01140	0.00691	0.00516	0.00511	0.00170	0.00797	0.00399	0.00230	0.00802
20	0.01093	0.02820	0.78016	0.01554	0.02360	0.01266	0.02014	0.01727	0.01151	0.01727	0.00978	0.01151	0.00691	0.00518	0.00518	0.00173	0.00806	0.00403	0.00230	0.00806

[dist]
# distance from previous block
# <min> <max>
0	9

[block]
# block no. 7 follows, 44 sequences, length 6
# corresponding to MSA columns:
# 737-742
name=unknown_H
#
# <colnr> <probs for GDERKNQSTAVLIFYWHMCP>
#	G	D	E	R	K	N	Q	S	T	A	V	L	I	F	Y	W	H	M	C	P
0	0.00689	0.00517	0.00640	0.00687	0.00784	0.00467	0.00486	0.00840	0.01233	0.01634	0.24361	0.40493	0.22259	0.01461	0.00668	0.00198	0.00290	0.01293	0.00532	0.00467
1	0.08143	0.00980	0.01253	0.01042	0.01286	0.01093	0.00853	0.02007	0.07464	0.33341	0.05108	0.01722	0.01315	0.00765	0.00882	0.00187	0.23472	0.00531	0.07812	0.00744
2	0.01929	0.00796	0.01082	0.00909	0.01217	0.00697	0.00716	0.02106	0.01410	0.55633	0.02399	0.24680	0.02004	0.00975	0.00591	0.00184	0.00421	0.00839	0.00626	0.00787
3	0.00694	0.00505	0.00653	0.00719	0.00793	0.00465	0.00500	0.00839	0.01207	0.01630	0.24753	0.51570	0.10641	0.01506	0.00676	0.00204	0.00296	0.01350	0.00533	0.00465
4	0.01684	0.01270	0.01497	0.01216	0.01478	0.01489	0.00990	0.36076	0.07795	0.08557	0.01312	0.01565	0.01047	0.07389	0.01092	0.00218	0.23572	0.00527	0.00450	0.00777
5	0.25132	0.00702	0.00750	0.00695	0.00884	0.00720	0.00536	0.01195	0.01365	0.02262	0.54977	0.03147	0.03822	0.00938	0.00554	0.00171	0.00305	0.00785	0.00524	0.00536

[dist]
# distance from previous block
# <min> <max>
0	59

[block]
# block no. 8 follows, 44 sequences, length 9
# corresponding to MSA columns:
# 802-810
name=unknown_I
#
# <colnr> <probs for GDERKNQSTAVLIFYWHMCP>
#	G	D	E	R	K	N	Q	S	T	A	V	L	I	F	Y	W	H	M	C	P
0	0.23668	0.00974	0.01138	0.00905	0.01292	0.00943	0.00745	0.06085	0.01448	0.50755	0.05383	0.01683	0.01315	0.00651	0.00498	0.00169	0.00450	0.00501	0.00577	0.00820
1	0.00831	0.00633	0.00803	0.00805	0.00968	0.00555	0.00597	0.00986	0.01088	0.01513	0.02374	0.41774	0.02693	0.06391	0.00763	0.00210	0.00386	0.14030	0.00447	0.22154
2	0.00754	0.00528	0.00583	0.00595	0.00652	0.00502	0.00371	0.00812	0.00952	0.01248	0.02829	0.11207	0.21610	0.48483	0.01898	0.00389	0.00428	0.00942	0.04831	0.00384
3	0.00968	0.00855	0.01365	0.59065	0.02936	0.01034	0.01207	0.01237	0.01013	0.01306	0.01163	0.02002	0.01052	0.21362	0.01123	0.00272	0.00675	0.00564	0.00265	0.00534
4	0.13263	0.01068	0.01231	0.01000	0.01383	0.01091	0.00812	0.09898	0.20992	0.40564	0.01896	0.01716	0.01286	0.00667	0.00521	0.00172	0.00463	0.00526	0.00585	0.00865
5	0.00659	0.00495	0.00612	0.00705	0.00777	0.00447	0.00482	0.00765	0.01095	0.01413	0.03658	0.60978	0.22691	0.01623	0.00682	0.00212	0.00306	0.01446	0.00506	0.00447
6	0.16052	0.07671	0.01599	0.01421	0.10321	0.26470	0.01022	0.21061	0.05806	0.02170	0.01041	0.01144	0.00813	0.00570	0.00478	0.00154	0.00688	0.00404	0.00370	0.00746
7	0.00685	0.00519	0.00616	0.00669	0.00756	0.00480	0.00460	0.00789	0.01066	0.01362	0.03604	0.36207	0.29666	0.13445	0.06833	0.00302	0.00419	0.01222	0.00464	0.00436
8	0.01218	0.01045	0.01186	0.01085	0.05537	0.01055	0.00794	0.03951	0.37750	0.02023	0.02025	0.05641	0.07093	0.00713	0.00520	0.00152	0.00422	0.00599	0.00461	0.26729

[dist]
# distance from previous block
# <min> <max>
0	47

[block]
# block no. 9 follows, 44 sequences, length 25
# corresponding to MSA columns:
# 858-882
name=unknown_J
#
# <colnr> <probs for GDERKNQSTAVLIFYWHMCP>
#	G	D	E	R	K	N	Q	S	T	A	V	L	I	F	Y	W	H	M	C	P
0	0.01646	0.01130	0.01244	0.01112	0.03325	0.04182	0.00851	0.02678	0.47597	0.22225	0.03928	0.01978	0.01599	0.00715	0.00547	0.00176	0.00457	0.00590	0.03168	0.00852
1	0.01042	0.00982	0.01658	0.76552	0.06635	0.01215	0.01520	0.01404	0.01096	0.01408	0.00971	0.01449	0.00732	0.00543	0.00545	0.00181	0.00724	0.00485	0.00243	0.00616
2	0.00784	0.00534	0.00638	0.00644	0.00660	0.00547	0.00391	0.00818	0.00817	0.01104	0.01743	0.07115	0.01970	0.65666	0.13857	0.00565	0.00655	0.00799	0.00333	0.00359
3	0.00764	0.00551	0.00722	0.00691	0.00813	0.00509	0.00514	0.01009	0.01507	0.02129	0.71819	0.09568	0.05033	0.01157	0.00647	0.00175	0.00261	0.01026	0.00593	0.00509
4	0.01970	0.01363	0.01488	0.01170	0.01573	0.01488	0.00957	0.53168	0.13347	0.12146	0.01563	0.01510	0.01106	0.00669	0.00541	0.00166	0.00545	0.00517	0.03814	0.00901
5	0.00965	0.00917	0.00810	0.00766	0.00962	0.12497	0.00585	0.04703	0.01420	0.01712	0.20383	0.04182	0.42610	0.01167	0.00621	0.00177	0.00406	0.04102	0.00494	0.00523
6	0.00682	0.00487	0.00653	0.00779	0.00818	0.00458	0.00537	0.00789	0.01061	0.01411	0.02995	0.74409	0.03567	0.01691	0.00701	0.00224	0.00331	0.07453	0.00506	0.00448
7	0.01486	0.77330	0.02793	0.00956	0.01413	0.05894	0.00939	0.01659	0.01129	0.01285	0.00762	0.00880	0.00700	0.00471	0.00357	0.00118	0.00603	0.00294	0.00236	0.00696
8	0.00855	0.00594	0.00767	0.00712	0.00858	0.00557	0.00538	0.01159	0.04369	0.04948	0.71590	0.03915	0.04874	0.01084	0.00636	0.00172	0.00271	0.00956	0.00601	0.00543
9	0.02148	0.00942	0.01219	0.00963	0.01347	0.00866	0.00786	0.06051	0.08770	0.59215	0.07248	0.02114	0.04293	0.00734	0.00558	0.00171	0.00447	0.00603	0.00646	0.00877
10	0.12820	0.01357	0.01427	0.01100	0.01529	0.01449	0.00904	0.50971	0.03730	0.02983	0.01196	0.01237	0.00878	0.00592	0.00493	0.00150	0.00538	0.00438	0.00478	0.15731
11	0.00662	0.00484	0.00623	0.00734	0.00784	0.00445	0.00495	0.00762	0.01068	0.01401	0.03306	0.71473	0.12423	0.01669	0.00690	0.00217	0.00311	0.01502	0.00506	0.00445
12	0.01349	0.01295	0.02213	0.03346	0.77440	0.01295	0.01673	0.01673	0.01241	0.01781	0.01025	0.01349	0.00864	0.00486	0.00540	0.00162	0.00648	0.00486	0.00270	0.00864
13	0.01130	0.00969	0.01130	0.00807	0.01292	0.00727	0.00646	0.01373	0.01130	0.01776	0.00969	0.01130	0.00807	0.00404	0.00404	0.00081	0.00404	0.00323	0.00323	0.84173
14	0.07454	0.44150	0.25535	0.01160	0.03477	0.01714	0.01241	0.02915	0.01147	0.03435	0.00900	0.01031	0.00730	0.00498	0.00414	0.00141	0.00630	0.00345	0.02349	0.00733
15	0.04071	0.00888	0.01112	0.03672	0.01324	0.00841	0.00748	0.04044	0.10869	0.43228	0.08373	0.02556	0.14218	0.00824	0.00566	0.00174	0.00424	0.00680	0.00598	0.00790
16	0.03781	0.36616	0.19242	0.01429	0.11690	0.01644	0.03277	0.05318	0.03882	0.03844	0.01009	0.01149	0.00810	0.00513	0.00444	0.00145	0.00625	0.00388	0.03435	0.00759
17	0.04673	0.01248	0.06547	0.06898	0.28491	0.01187	0.04445	0.14945	0.03286	0.03905	0.07388	0.04022	0.06629	0.00709	0.00563	0.00173	0.00578	0.03159	0.00391	0.00762
18	0.01367	0.06163	0.01251	0.01035	0.02718	0.04857	0.00820	0.17362	0.10329	0.05357	0.01825	0.10772	0.01681	0.01044	0.04666	0.00208	0.00545	0.11758	0.07225	0.09018
19	0.23541	0.13457	0.25254	0.01102	0.03332	0.01231	0.01124	0.01569	0.01096	0.05517	0.05298	0.04439	0.01132	0.00964	0.08581	0.00238	0.00668	0.00462	0.00320	0.00676
20	0.01605	0.03979	0.01255	0.00972	0.01313	0.02672	0.00780	0.18693	0.12858	0.17345	0.01786	0.01847	0.05304	0.03111	0.05030	0.04306	0.00536	0.00537	0.03684	0.12387
21	0.01747	0.01265	0.01395	0.01099	0.01475	0.01340	0.00890	0.49972	0.03453	0.05909	0.03360	0.04377	0.01295	0.06449	0.00703	0.00186	0.00541	0.03218	0.00507	0.10820
22	0.14282	0.03653	0.07141	0.01219	0.02946	0.16948	0.03790	0.23694	0.03573	0.05953	0.03726	0.03717	0.04288	0.00672	0.00534	0.00165	0.02038	0.00506	0.00414	0.00739
23	0.05304	0.06166	0.07011	0.01855	0.10601	0.04281	0.34983	0.01602	0.01188	0.01677	0.01102	0.03442	0.00930	0.03731	0.03621	0.00206	0.02939	0.00554	0.00285	0.08523
24	0.07147	0.35203	0.07454	0.03937	0.04403	0.07684	0.00962	0.06858	0.01211	0.01583	0.05399	0.01280	0.01016	0.00747	0.00681	0.12516	0.00593	0.00402	0.00291	0.00635

[dist]
# distance from previous block
# <min> <max>
9	31

[block]
# block no. 10 follows, 44 sequences, length 6
# corresponding to MSA columns:
# 916-921
name=unknown_K
#
# <colnr> <probs for GDERKNQSTAVLIFYWHMCP>
#	G	D	E	R	K	N	Q	S	T	A	V	L	I	F	Y	W	H	M	C	P
0	0.01027	0.05190	0.06608	0.06559	0.01358	0.00784	0.00897	0.01283	0.01238	0.07038	0.10827	0.09344	0.02628	0.05421	0.00761	0.00224	0.00498	0.33636	0.00456	0.04222
1	0.01254	0.01005	0.06471	0.00918	0.01179	0.04494	0.00762	0.09487	0.06950	0.12965	0.27845	0.14917	0.07472	0.01014	0.00605	0.00178	0.00420	0.00869	0.00540	0.00656
2	0.09631	0.12643	0.07063	0.04611	0.01584	0.08080	0.00958	0.12219	0.05857	0.21077	0.03239	0.01408	0.01062	0.00591	0.00483	0.00153	0.00566	0.00445	0.00437	0.07895
3	0.08309	0.11287	0.01739	0.10509	0.14651	0.06685	0.04456	0.01691	0.07140	0.03704	0.01115	0.01454	0.00936	0.00594	0.00609	0.00159	0.08104	0.03342	0.00316	0.13201
4	0.01375	0.01366	0.04034	0.01357	0.07874	0.17336	0.08240	0.08462	0.01365	0.05351	0.01604	0.17154	0.03349	0.01037	0.06133	0.00213	0.00687	0.00687	0.00378	0.11997
5	0.06472	0.03938	0.10577	0.05248	0.08978	0.08435	0.10056	0.01761	0.08828	0.08209	0.05166	0.05641	0.01438	0.05036	0.00669	0.00191	0.00623	0.04495	0.00377	0.03862

[dist]
# distance from previous block
# <min> <max>
40	153

[block]
# block no. 11 follows, 44 sequences, length 27
# corresponding to MSA columns:
# 1101-1127
name=unknown_L
#
# <colnr> <probs for GDERKNQSTAVLIFYWHMCP>
#	G	D	E	R	K	N	Q	S	T	A	V	L	I	F	Y	W	H	M	C	P
0	0.09352	0.04292	0.01712	0.04195	0.26882	0.09464	0.06840	0.04230	0.11072	0.01882	0.04683	0.01610	0.02242	0.02095	0.01807	0.00182	0.01796	0.00515	0.04416	0.00733
1	0.01673	0.08034	0.01514	0.05726	0.04195	0.03517	0.04126	0.23969	0.01683	0.18189	0.05051	0.02020	0.08528	0.04769	0.00651	0.00180	0.00542	0.00585	0.02708	0.02341
2	0.03107	0.06039	0.27829	0.03967	0.16453	0.01265	0.15107	0.01815	0.04313	0.09199	0.01196	0.02776	0.00909	0.00541	0.00537	0.00168	0.00705	0.00498	0.00313	0.03262
3	0.36608	0.01096	0.04873	0.05993	0.09157	0.03120	0.02223	0.01498	0.01120	0.03444	0.08919	0.04427	0.02430	0.00644	0.00459	0.00163	0.00481	0.02089	0.02622	0.08632
4	0.01395	0.01137	0.01397	0.08236	0.03325	0.01143	0.04168	0.24994	0.08694	0.02270	0.01554	0.08026	0.04249	0.00679	0.00523	0.00148	0.00514	0.00571	0.00427	0.26552
5	0.09283	0.01216	0.01978	0.16195	0.57447	0.01274	0.01542	0.01618	0.01185	0.01778	0.00990	0.01323	0.00814	0.00498	0.00521	0.00166	0.00640	0.00467	0.00272	0.00793
6	0.01105	0.01014	0.01650	0.72493	0.05514	0.01245	0.01487	0.06217	0.01190	0.01535	0.00993	0.01441	0.00743	0.00551	0.00545	0.00180	0.00716	0.00485	0.00263	0.00633
7	0.01278	0.01222	0.02070	0.14251	0.64045	0.01253	0.01605	0.01601	0.01220	0.01714	0.01179	0.01504	0.03582	0.00526	0.00544	0.00166	0.00646	0.00509	0.00274	0.00812
8	0.79354	0.01046	0.00831	0.00733	0.01076	0.01196	0.00604	0.01671	0.00969	0.07337	0.00849	0.00949	0.00640	0.00517	0.00351	0.00169	0.00424	0.00312	0.00359	0.00612
9	0.01434	0.76084	0.07734	0.00973	0.01462	0.02099	0.01003	0.01639	0.01111	0.01311	0.00772	0.00892	0.00699	0.00470	0.00361	0.00120	0.00597	0.00299	0.00233	0.00707
10	0.00964	0.00725	0.06200	0.00830	0.00996	0.00573	0.00665	0.01151	0.01241	0.11461	0.20362	0.40550	0.04649	0.01340	0.00684	0.02030	0.00366	0.04140	0.00525	0.00546
11	0.01093	0.02820	0.78016	0.01554	0.02360	0.01266	0.02014	0.01727	0.01151	0.01727	0.00978	0.01151	0.00691	0.00518	0.00518	0.00173	0.00806	0.00403	0.00230	0.00806
12	0.00806	0.00523	0.00589	0.00597	0.00611	0.00521	0.00346	0.00836	0.00842	0.01172	0.01804	0.08243	0.02028	0.68192	0.02415	0.00471	0.00489	0.00813	0.08348	0.00354
13	0.01112	0.06234	0.67774	0.01559	0.03701	0.01284	0.04085	0.01697	0.01159	0.01704	0.01051	0.01357	0.00799	0.00554	0.00524	0.00173	0.00783	0.03418	0.00244	0.00787
14	0.00909	0.00660	0.00888	0.05559	0.01207	0.00679	0.00790	0.01237	0.08389	0.03648	0.02704	0.27796	0.02927	0.02846	0.00735	0.00234	0.00452	0.37312	0.00495	0.00533
15	0.01270	0.01585	0.09544	0.02235	0.02808	0.01369	0.69247	0.01745	0.01275	0.01745	0.01092	0.01444	0.00816	0.00464	0.00633	0.00183	0.00910	0.00623	0.00272	0.00741
16	0.00745	0.00555	0.00716	0.00789	0.00893	0.00504	0.00577	0.00885	0.01106	0.01478	0.03009	0.53303	0.09681	0.01519	0.00673	0.00210	0.00354	0.14036	0.00488	0.08480
17	0.09422	0.02010	0.41062	0.01510	0.03605	0.01185	0.13587	0.01909	0.01238	0.17524	0.01221	0.01327	0.00843	0.00539	0.00528	0.00173	0.00714	0.00463	0.00341	0.00800
18	0.00860	0.00630	0.00877	0.04361	0.01185	0.00631	0.00838	0.01112	0.01284	0.01685	0.12503	0.05635	0.06748	0.01408	0.00725	0.00235	0.00470	0.57804	0.00504	0.00506
19	0.02446	0.00928	0.01265	0.00970	0.01392	0.00801	0.00801	0.02657	0.01560	0.77817	0.02151	0.01856	0.01350	0.00675	0.00548	0.00169	0.00464	0.00548	0.00675	0.00928
20	0.00738	0.00548	0.00739	0.00885	0.03612	0.00519	0.00623	0.00884	0.01130	0.01486	0.04828	0.51667	0.10711	0.01573	0.00697	0.00221	0.00365	0.17802	0.00499	0.00475
21	0.01820	0.01165	0.01307	0.01053	0.01393	0.01233	0.00846	0.44370	0.02013	0.15702	0.01727	0.11729	0.01418	0.02934	0.00609	0.00178	0.00505	0.00647	0.08543	0.00809
22	0.02396	0.00955	0.01276	0.00984	0.01402	0.00849	0.00811	0.04979	0.04204	0.72825	0.02126	0.01844	0.01347	0.00676	0.00548	0.00169	0.00467	0.00549	0.00666	0.00926
23	0.01385	0.01198	0.01343	0.01330	0.08716	0.01364	0.00948	0.05786	0.66191	0.02280	0.02067	0.01938	0.01557	0.00712	0.00553	0.00182	0.00459	0.00599	0.00527	0.00866
24	0.13567	0.01073	0.02995	0.00984	0.01393	0.02391	0.00823	0.06743	0.07204	0.54282	0.01865	0.01672	0.01218	0.00650	0.00518	0.00169	0.00481	0.00508	0.00594	0.00868
25	0.01632	0.04075	0.01128	0.00884	0.01177	0.02455	0.00703	0.07637	0.06438	0.32715	0.19390	0.04753	0.07604	0.06047	0.00716	0.00193	0.00428	0.00719	0.00575	0.00729
26	0.14720	0.03474	0.25351	0.01248	0.04528	0.05887	0.01210	0.09014	0.06495	0.15064	0.04073	0.01404	0.01053	0.00589	0.00496	0.00164	0.00606	0.00450	0.00397	0.03777

[dist]
# distance from previous block
# <min> <max>
12	49

[block]
# block no. 12 follows, 44 sequences, length 13
# corresponding to MSA columns:
# 1193-1205
name=unknown_M
#
# <colnr> <probs for GDERKNQSTAVLIFYWHMCP>
#	G	D	E	R	K	N	Q	S	T	A	V	L	I	F	Y	W	H	M	C	P
0	0.05115	0.01507	0.15199	0.01472	0.10148	0.01255	0.06694	0.26492	0.01663	0.07751	0.01495	0.05339	0.04388	0.00657	0.00536	0.00164	0.00599	0.00551	0.02360	0.06616
1	0.10885	0.07592	0.01441	0.01235	0.10183	0.01232	0.00889	0.21338	0.05591	0.12830	0.04394	0.01758	0.02554	0.05951	0.00650	0.00182	0.00510	0.01815	0.01988	0.06983
2	0.08492	0.01489	0.14183	0.01592	0.07486	0.01333	0.16344	0.10946	0.04190	0.03593	0.02757	0.02839	0.00984	0.00749	0.03188	0.00203	0.14521	0.00520	0.00334	0.04256
3	0.26205	0.01105	0.01148	0.03526	0.01336	0.01211	0.00779	0.27012	0.01624	0.02600	0.14144	0.01676	0.01549	0.00677	0.00528	0.00162	0.03324	0.00505	0.03971	0.06917
4	0.01414	0.08082	0.01294	0.00974	0.01280	0.12827	0.00778	0.23202	0.03338	0.02057	0.04657	0.04313	0.19678	0.04987	0.00661	0.00178	0.00536	0.02418	0.00442	0.06885
5	0.01905	0.01418	0.01605	0.01237	0.01667	0.01530	0.04140	0.55714	0.10591	0.06309	0.01412	0.01407	0.01014	0.00638	0.00540	0.00161	0.00574	0.00501	0.00524	0.07113
6	0.16635	0.01394	0.09753	0.01073	0.01464	0.03691	0.00938	0.16491	0.27275	0.02365	0.03612	0.01593	0.01231	0.03284	0.00572	0.00178	0.00518	0.00496	0.00445	0.06991
7	0.05091	0.00911	0.01173	0.00930	0.01301	0.00832	0.00758	0.05501	0.04726	0.57043	0.10568	0.02196	0.04963	0.00750	0.00555	0.00170	0.00436	0.00614	0.00636	0.00847
8	0.00754	0.00549	0.00698	0.00674	0.00791	0.00505	0.00493	0.00972	0.01429	0.01990	0.60410	0.09965	0.10843	0.06566	0.00791	0.00200	0.00282	0.01030	0.00567	0.00492
9	0.32125	0.00745	0.00791	0.00724	0.00903	0.00781	0.00536	0.01116	0.00838	0.01597	0.00880	0.01311	0.00799	0.01212	0.01271	0.43533	0.00446	0.00390	0.00284	0.09719
10	0.01942	0.01396	0.01521	0.01180	0.01582	0.01526	0.00969	0.64523	0.02411	0.06140	0.09790	0.01638	0.01413	0.00706	0.00556	0.00165	0.00557	0.00548	0.00556	0.00881
11	0.01231	0.01203	0.01680	0.53737	0.11169	0.09843	0.02920	0.05246	0.01219	0.01519	0.00980	0.01392	0.00760	0.00602	0.00609	0.03780	0.00733	0.00473	0.00265	0.00639
12	0.01400	0.01298	0.01969	0.21168	0.46359	0.04188	0.01522	0.12062	0.01403	0.01905	0.01045	0.01355	0.00834	0.00527	0.00540	0.00166	0.00672	0.00481	0.00303	0.00802

[dist]
# distance from previous block
# <min> <max>
0	1

[block]
# block no. 13 follows, 44 sequences, length 12
# corresponding to MSA columns:
# 1207-1218
name=unknown_N
#
# <colnr> <probs for GDERKNQSTAVLIFYWHMCP>
#	G	D	E	R	K	N	Q	S	T	A	V	L	I	F	Y	W	H	M	C	P
0	0.67885	0.11980	0.01136	0.05880	0.01277	0.01350	0.00697	0.01593	0.00963	0.02219	0.00773	0.00921	0.00614	0.00503	0.00353	0.00162	0.00464	0.00307	0.00317	0.00606
1	0.01890	0.01098	0.01305	0.00986	0.01422	0.01023	0.00807	0.23079	0.01702	0.30807	0.01536	0.01483	0.01064	0.00585	0.00498	0.00139	0.00478	0.00462	0.03242	0.26393
2	0.01126	0.00944	0.01101	0.00823	0.01254	0.00756	0.00652	0.04079	0.03850	0.01869	0.06882	0.04749	0.01289	0.00534	0.00445	0.00100	0.00397	0.00442	0.00368	0.68340
3	0.00664	0.00474	0.00633	0.00759	0.00791	0.00443	0.00506	0.00759	0.01044	0.01392	0.03005	0.80485	0.03606	0.01708	0.00696	0.00221	0.00316	0.01550	0.00506	0.00443
4	0.00884	0.00672	0.00931	0.00890	0.00964	0.00811	0.00690	0.01052	0.00896	0.01355	0.01404	0.02121	0.01324	0.11510	0.46456	0.00626	0.14652	0.00578	0.11691	0.00491
