[name]
unknown

[dist]
# distance from previous block
# <min> <max>
0	213

[block]
# block no. 0 follows, 48 sequences, length 25
# corresponding to MSA columns:
# 225-249
name=unknown_A
#
# <colnr> <probs for GDERKNQSTAVLIFYWHMCP>
#	G	D	E	R	K	N	Q	S	T	A	V	L	I	F	Y	W	H	M	C	P
0	0.01165	0.01268	0.21165	0.01207	0.07757	0.00877	0.03123	0.02824	0.05700	0.11939	0.02934	0.05153	0.01365	0.09699	0.05172	0.05538	0.00594	0.06429	0.00356	0.05735
1	0.03913	0.04180	0.20507	0.02886	0.01529	0.07729	0.07006	0.05584	0.01177	0.04609	0.02804	0.15422	0.06368	0.00986	0.03670	0.02681	0.02379	0.05622	0.00346	0.00603
2	0.02521	0.04298	0.36396	0.09227	0.05284	0.08326	0.04925	0.06109	0.02874	0.04347	0.01011	0.02315	0.00775	0.00557	0.00587	0.00164	0.07247	0.00428	0.01904	0.00704
3	0.24254	0.08176	0.11832	0.03608	0.06668	0.02467	0.00945	0.06758	0.01204	0.18818	0.01109	0.01165	0.00800	0.00509	0.00426	0.00145	0.00509	0.00377	0.00369	0.09861
4	0.01344	0.01544	0.09952	0.20609	0.05005	0.15859	0.15847	0.08837	0.01274	0.03303	0.00990	0.01329	0.00782	0.00568	0.00641	0.00168	0.08805	0.02201	0.00282	0.00659
5	0.12804	0.01453	0.27130	0.01039	0.01414	0.01026	0.01056	0.14706	0.01161	0.01787	0.00961	0.01249	0.00774	0.00946	0.02279	0.24235	0.02455	0.00406	0.02536	0.00582
6	0.01190	0.04403	0.01483	0.31438	0.13507	0.01163	0.01134	0.17279	0.04850	0.01804	0.01371	0.15494	0.01260	0.00725	0.00530	0.00169	0.00561	0.00632	0.00349	0.00657
7	0.00624	0.00451	0.00591	0.00702	0.00741	0.00418	0.00471	0.00716	0.00994	0.01315	0.02976	0.76835	0.08095	0.01588	0.00652	0.00206	0.00295	0.01435	0.00476	0.00418
8	0.00733	0.00550	0.00825	0.00825	0.00916	0.00641	0.00641	0.00916	0.00825	0.01191	0.01374	0.02016	0.01283	0.03848	0.79934	0.00825	0.01374	0.00550	0.00275	0.00458
9	0.01048	0.06993	0.75134	0.01431	0.02172	0.01237	0.01840	0.01620	0.01081	0.01602	0.00910	0.01069	0.00650	0.00485	0.00479	0.00160	0.00747	0.00373	0.00217	0.00753
10	0.02302	0.00873	0.01191	0.00913	0.01310	0.00754	0.00754	0.02501	0.01469	0.79122	0.02024	0.01746	0.01270	0.00635	0.00516	0.00159	0.00437	0.00516	0.00635	0.00873
11	0.00734	0.00548	0.00814	0.00814	0.00901	0.00635	0.00628	0.00909	0.00821	0.01183	0.01385	0.02072	0.01307	0.07121	0.76695	0.00811	0.01338	0.00558	0.00276	0.00452
12	0.01920	0.02359	0.01461	0.01310	0.01587	0.73179	0.00990	0.08493	0.01536	0.01426	0.00831	0.00952	0.00679	0.00536	0.00467	0.00134	0.00894	0.00342	0.00286	0.00619
13	0.01074	0.09433	0.66127	0.01472	0.02182	0.01273	0.08252	0.01619	0.01091	0.01590	0.00913	0.01087	0.00662	0.00479	0.00484	0.00159	0.00749	0.00390	0.00221	0.00744
14	0.00625	0.00447	0.00595	0.00714	0.00744	0.00417	0.00476	0.00714	0.00982	0.01310	0.02828	0.81633	0.03394	0.01608	0.00655	0.00208	0.00298	0.01459	0.00476	0.00417
15	0.01138	0.01169	0.01829	0.01491	0.01583	0.01523	0.14498	0.01307	0.00861	0.01307	0.00738	0.01169	0.00692	0.00816	0.01494	0.00215	0.66879	0.00477	0.00231	0.00584
16	0.44553	0.01081	0.01027	0.04561	0.01293	0.04568	0.00722	0.09153	0.08617	0.18152	0.01180	0.01194	0.00842	0.00548	0.00413	0.00159	0.00459	0.00385	0.00415	0.00679
17	0.00649	0.00464	0.00621	0.00730	0.00773	0.00436	0.00507	0.00760	0.01029	0.01376	0.07551	0.70251	0.03446	0.01556	0.00656	0.00208	0.00309	0.07770	0.00482	0.00426
18	0.02302	0.00873	0.01191	0.00913	0.01310	0.00754	0.00754	0.02501	0.01469	0.79122	0.02024	0.01746	0.01270	0.00635	0.00516	0.00159	0.00437	0.00516	0.00635	0.00873
19	0.01392	0.01313	0.02715	0.01951	0.02449	0.01229	0.63470	0.04270	0.01288	0.12799	0.01186	0.01431	0.00852	0.00468	0.00590	0.00170	0.00794	0.00588	0.00322	0.00724
20	0.01166	0.14746	0.61248	0.01343	0.02024	0.01330	0.01659	0.05745	0.01160	0.03709	0.00935	0.01069	0.00680	0.00491	0.00465	0.00154	0.00707	0.00371	0.00244	0.00752
21	0.00689	0.00478	0.00572	0.00620	0.00643	0.00461	0.00383	0.00733	0.00868	0.01147	0.02330	0.35077	0.07280	0.44459	0.01696	0.00360	0.00402	0.01055	0.00388	0.00361
22	0.16153	0.19473	0.26671	0.01216	0.01689	0.05725	0.07137	0.05797	0.01114	0.01687	0.00835	0.01009	0.00661	0.00519	0.00546	0.00155	0.08317	0.00365	0.00258	0.00674
23	0.13075	0.01117	0.01341	0.01497	0.19882	0.01233	0.00963	0.05051	0.42410	0.05621	0.01593	0.01576	0.01205	0.00602	0.00490	0.00165	0.00461	0.00501	0.00434	0.00782
24	0.04398	0.00910	0.01070	0.00778	0.01221	0.00711	0.00626	0.01468	0.01113	0.12468	0.01059	0.01150	0.00823	0.00419	0.00397	0.00091	0.00389	0.00333	0.00351	0.70225

[dist]
# distance from previous block
# <min> <max>
0	1

[block]
# block no. 1 follows, 48 sequences, length 62
# corresponding to MSA columns:
# 251-312
name=unknown_B
#
# <colnr> <probs for GDERKNQSTAVLIFYWHMCP>
#	G	D	E	R	K	N	Q	S	T	A	V	L	I	F	Y	W	H	M	C	P
0	0.00939	0.00545	0.00644	0.00608	0.00663	0.00529	0.00374	0.00975	0.00870	0.10761	0.05369	0.03180	0.01935	0.67958	0.02254	0.00439	0.00478	0.00726	0.00363	0.00389
1	0.05641	0.52063	0.17945	0.00969	0.01460	0.01647	0.01032	0.01515	0.01055	0.01415	0.02831	0.00979	0.00772	0.00461	0.00373	0.00121	0.00559	0.00316	0.00241	0.08606
2	0.02197	0.00886	0.01183	0.00914	0.01296	0.00787	0.00752	0.06653	0.01521	0.70636	0.06122	0.01830	0.01441	0.00656	0.00521	0.00159	0.00433	0.00535	0.00624	0.00852
3	0.01064	0.00912	0.01064	0.00760	0.01216	0.00684	0.00608	0.01292	0.01064	0.01672	0.00912	0.01064	0.00760	0.00380	0.00380	0.00076	0.00380	0.00304	0.00304	0.85104
4	0.02302	0.00873	0.01191	0.00913	0.01310	0.00754	0.00754	0.02501	0.01469	0.79122	0.02024	0.01746	0.01270	0.00635	0.00516	0.00159	0.00437	0.00516	0.00635	0.00873
5	0.00691	0.00522	0.00637	0.00612	0.00746	0.00468	0.00458	0.00898	0.01363	0.01854	0.56394	0.05760	0.25457	0.01131	0.00607	0.00166	0.00248	0.00982	0.00538	0.00468
6	0.00645	0.00462	0.00613	0.00701	0.00749	0.00430	0.00478	0.00764	0.01075	0.01457	0.17705	0.66336	0.03678	0.01498	0.00645	0.00199	0.00287	0.01354	0.00494	0.00430
7	0.00723	0.00522	0.00683	0.00648	0.00766	0.00482	0.00484	0.00959	0.01436	0.02031	0.75780	0.06625	0.04789	0.01069	0.00607	0.00163	0.00244	0.00947	0.00562	0.00482
8	0.00726	0.00524	0.00686	0.00646	0.00767	0.00484	0.00484	0.00968	0.01452	0.02058	0.78496	0.03833	0.04841	0.01049	0.00605	0.00161	0.00242	0.00928	0.00565	0.00484
9	0.85592	0.00992	0.00754	0.00675	0.00992	0.01151	0.00556	0.01508	0.00873	0.02302	0.00714	0.00834	0.00556	0.00476	0.00318	0.00159	0.00397	0.00278	0.00318	0.00556
10	0.01132	0.01151	0.01733	0.01437	0.01495	0.01541	0.09500	0.01280	0.00833	0.01280	0.00714	0.01151	0.00685	0.00847	0.01565	0.00219	0.72166	0.00466	0.00228	0.00576
11	0.01211	0.01384	0.03028	0.02163	0.02682	0.01298	0.76903	0.01644	0.01211	0.01644	0.01038	0.01384	0.00779	0.00433	0.00606	0.00173	0.00865	0.00606	0.00260	0.00692
12	0.01276	0.01102	0.01160	0.01044	0.01334	0.01276	0.00812	0.02727	0.77840	0.02146	0.02088	0.01914	0.01566	0.00696	0.00522	0.00174	0.00406	0.00580	0.00522	0.00812
13	0.01372	0.82276	0.02689	0.00878	0.01317	0.02030	0.00878	0.01536	0.01043	0.01207	0.00713	0.00823	0.00658	0.00439	0.00329	0.00110	0.00549	0.00274	0.00219	0.00658
14	0.85592	0.00992	0.00754	0.00675	0.00992	0.01151	0.00556	0.01508	0.00873	0.02302	0.00714	0.00834	0.00556	0.00476	0.00318	0.00159	0.00397	0.00278	0.00318	0.00556
15	0.01270	0.01219	0.02083	0.03149	0.78767	0.01219	0.01575	0.01575	0.01168	0.01676	0.00965	0.01270	0.00813	0.00457	0.00508	0.00152	0.00610	0.00457	0.00254	0.00813
16	0.01951	0.01437	0.01540	0.01181	0.01591	0.01591	0.00975	0.77056	0.02412	0.03234	0.01232	0.01232	0.00873	0.00616	0.00513	0.00154	0.00565	0.00462	0.00513	0.00873
17	0.02302	0.00873	0.01191	0.00913	0.01310	0.00754	0.00754	0.02501	0.01469	0.79122	0.02024	0.01746	0.01270	0.00635	0.00516	0.00159	0.00437	0.00516	0.00635	0.00873
18	0.00625	0.00447	0.00595	0.00714	0.00744	0.00417	0.00476	0.00714	0.00982	0.01310	0.02828	0.81633	0.03394	0.01608	0.00655	0.00208	0.00298	0.01459	0.00476	0.00417
19	0.00722	0.00524	0.00680	0.00641	0.00764	0.00482	0.00481	0.00960	0.01442	0.02034	0.75865	0.03872	0.07487	0.01058	0.00605	0.00162	0.00243	0.00934	0.00562	0.00482
20	0.01029	0.02654	0.79309	0.01462	0.02221	0.01192	0.01896	0.01625	0.01083	0.01625	0.00921	0.01083	0.00650	0.00487	0.00487	0.00162	0.00758	0.00379	0.00217	0.00758
21	0.06190	0.00879	0.01170	0.00902	0.01295	0.00773	0.00745	0.02454	0.01441	0.75536	0.01963	0.01704	0.01237	0.00628	0.00507	0.00159	0.00435	0.00505	0.00620	0.00858
22	0.00625	0.00447	0.00595	0.00714	0.00744	0.00417	0.00476	0.00714	0.00982	0.01310	0.02828	0.81633	0.03394	0.01608	0.00655	0.00208	0.00298	0.01459	0.00476	0.00417
23	0.00827	0.00591	0.00827	0.00945	0.01063	0.00591	0.00827	0.01063	0.01181	0.01536	0.02717	0.05788	0.02953	0.01417	0.00709	0.00236	0.00472	0.75313	0.00472	0.00472
24	0.85592	0.00992	0.00754	0.00675	0.00992	0.01151	0.00556	0.01508	0.00873	0.02302	0.00714	0.00834	0.00556	0.00476	0.00318	0.00159	0.00397	0.00278	0.00318	0.00556
25	0.00746	0.00497	0.00560	0.00560	0.00560	0.00497	0.00311	0.00746	0.00746	0.00995	0.01617	0.03358	0.01865	0.81967	0.02612	0.00497	0.00497	0.00746	0.00311	0.00311
26	0.01211	0.01384	0.03028	0.02163	0.02682	0.01298	0.76903	0.01644	0.01211	0.01644	0.01038	0.01384	0.00779	0.00433	0.00606	0.00173	0.00865	0.00606	0.00260	0.00692
27	0.00746	0.00497	0.00560	0.00560	0.00560	0.00497	0.00311	0.00746	0.00746	0.00995	0.01617	0.03358	0.01865	0.81967	0.02612	0.00497	0.00497	0.00746	0.00311	0.00311
28	0.01917	0.02445	0.01454	0.01322	0.01586	0.79907	0.00991	0.02049	0.01454	0.01256	0.00793	0.00925	0.00661	0.00529	0.00463	0.00132	0.00925	0.00330	0.00264	0.00595
29	0.01161	0.01137	0.01570	0.01339	0.01358	0.01573	0.01116	0.04774	0.00862	0.01328	0.00700	0.01128	0.00683	0.00885	0.01629	0.00221	0.77272	0.00450	0.00238	0.00576
30	0.00726	0.00524	0.00686	0.00646	0.00767	0.00484	0.00484	0.00968	0.01452	0.02058	0.78496	0.03833	0.04841	0.01049	0.00605	0.00161	0.00242	0.00928	0.00565	0.00484
31	0.85592	0.00992	0.00754	0.00675	0.00992	0.01151	0.00556	0.01508	0.00873	0.02302	0.00714	0.00834	0.00556	0.00476	0.00318	0.00159	0.00397	0.00278	0.00318	0.00556
32	0.85592	0.00992	0.00754	0.00675	0.00992	0.01151	0.00556	0.01508	0.00873	0.02302	0.00714	0.00834	0.00556	0.00476	0.00318	0.00159	0.00397	0.00278	0.00318	0.00556
33	0.85592	0.00992	0.00754	0.00675	0.00992	0.01151	0.00556	0.01508	0.00873	0.02302	0.00714	0.00834	0.00556	0.00476	0.00318	0.00159	0.00397	0.00278	0.00318	0.00556
34	0.01276	0.01102	0.01160	0.01044	0.01334	0.01276	0.00812	0.02727	0.77840	0.02146	0.02088	0.01914	0.01566	0.00696	0.00522	0.00174	0.00406	0.00580	0.00522	0.00812
35	0.01270	0.01219	0.02083	0.03149	0.78767	0.01219	0.01575	0.01575	0.01168	0.01676	0.00965	0.01270	0.00813	0.00457	0.00508	0.00152	0.00610	0.00457	0.00254	0.00813
36	0.01276	0.01102	0.01160	0.01044	0.01334	0.01276	0.00812	0.02727	0.77840	0.02146	0.02088	0.01914	0.01566	0.00696	0.00522	0.00174	0.00406	0.00580	0.00522	0.00812
37	0.00969	0.00912	0.01539	0.80734	0.03534	0.01140	0.01425	0.01311	0.01026	0.01311	0.00912	0.01368	0.00684	0.00513	0.00513	0.00171	0.00684	0.00456	0.00228	0.00570
38	0.00969	0.00912	0.01539	0.80734	0.03534	0.01140	0.01425	0.01311	0.01026	0.01311	0.00912	0.01368	0.00684	0.00513	0.00513	0.00171	0.00684	0.00456	0.00228	0.00570
39	0.01064	0.00912	0.01064	0.00760	0.01216	0.00684	0.00608	0.01292	0.01064	0.01672	0.00912	0.01064	0.00760	0.00380	0.00380	0.00076	0.00380	0.00304	0.00304	0.85104
40	0.00624	0.00520	0.00544	0.00538	0.00704	0.00441	0.00404	0.00771	0.01212	0.01486	0.16080	0.04774	0.67614	0.01262	0.00606	0.00172	0.00257	0.01060	0.00490	0.00441
41	0.01559	0.01039	0.01169	0.01008	0.01328	0.01132	0.00796	0.02664	0.56763	0.23390	0.02071	0.01868	0.01485	0.00679	0.00520	0.00170	0.00415	0.00562	0.00553	0.00829
42	0.00623	0.00454	0.00588	0.00694	0.00739	0.00418	0.00467	0.00717	0.01002	0.01318	0.03073	0.73696	0.11172	0.01576	0.00650	0.00205	0.00294	0.01420	0.00476	0.00418
43	0.01205	0.01259	0.01559	0.01344	0.01372	0.09678	0.01109	0.01319	0.00855	0.01237	0.00686	0.01102	0.00672	0.00860	0.01558	0.00215	0.72739	0.00437	0.00229	0.00565
44	0.00792	0.00566	0.00787	0.00905	0.01008	0.00561	0.00766	0.01003	0.01147	0.01497	0.02736	0.18871	0.03029	0.01450	0.00699	0.00231	0.00442	0.62573	0.00473	0.00463
45	0.01232	0.01160	0.01929	0.19196	0.58590	0.01217	0.01505	0.04286	0.02867	0.01667	0.00988	0.01303	0.00805	0.00480	0.00510	0.00157	0.00619	0.00460	0.00264	0.00764
46	0.00736	0.00537	0.00761	0.00761	0.00830	0.00607	0.00562	0.00875	0.00806	0.01144	0.01433	0.02340	0.01423	0.22695	0.61280	0.00746	0.01163	0.00597	0.00284	0.00423
47	0.03631	0.28302	0.01839	0.01163	0.01485	0.52872	0.00945	0.01870	0.01307	0.01264	0.00765	0.00890	0.00658	0.00498	0.00416	0.00126	0.00791	0.00311	0.00251	0.00615
48	0.05190	0.00935	0.01124	0.00819	0.01262	0.00751	0.02473	0.03301	0.01142	0.11429	0.01053	0.01150	0.00817	0.00423	0.00403	0.00094	0.00404	0.00340	0.00350	0.66538
49	0.03496	0.12901	0.12713	0.14983	0.02020	0.01234	0.14570	0.04910	0.06840	0.09882	0.01294	0.08766	0.01077	0.00625	0.00535	0.00164	0.02427	0.00550	0.00334	0.00679
50	0.01077	0.00532	0.00566	0.00536	0.00683	0.00528	0.00410	0.02923	0.01129	0.07935	0.01684	0.01888	0.01301	0.00687	0.02479	0.00142	0.00292	0.00483	0.74209	0.00517
51	0.01202	0.23663	0.21910	0.03306	0.01677	0.01446	0.06545	0.07747	0.04715	0.01636	0.07287	0.01394	0.02550	0.00611	0.00640	0.00158	0.12090	0.00453	0.00294	0.00677
52	0.01292	0.02849	0.16937	0.01044	0.01403	0.01046	0.02792	0.18288	0.11493	0.09053	0.12911	0.07966	0.01813	0.07929	0.00718	0.00194	0.00505	0.00635	0.00441	0.00692
53	0.01064	0.00912	0.01064	0.00760	0.01216	0.00684	0.00608	0.01292	0.01064	0.01672	0.00912	0.01064	0.00760	0.00380	0.00380	0.00076	0.00380	0.00304	0.00304	0.85104
54	0.00991	0.00788	0.01127	0.18824	0.01623	0.02769	0.04933	0.05350	0.01152	0.06499	0.08143	0.35628	0.02226	0.01058	0.00668	0.00187	0.06159	0.00929	0.00405	0.00541
55	0.00956	0.00478	0.00478	0.00478	0.00598	0.00478	0.00359	0.01196	0.01076	0.01913	0.01674	0.01913	0.01315	0.00598	0.00359	0.00120	0.00239	0.00478	0.84816	0.00478
56	0.00966	0.00888	0.01307	0.24711	0.01819	0.01154	0.01025	0.01138	0.00860	0.01220	0.01010	0.03399	0.00979	0.12663	0.10827	0.00319	0.34424	0.00528	0.00249	0.00513
57	0.00625	0.00447	0.00595	0.00714	0.00744	0.00417	0.00476	0.00714	0.00982	0.01310	0.02828	0.81633	0.03394	0.01608	0.00655	0.00208	0.00298	0.01459	0.00476	0.00417
58	0.08240	0.00576	0.00719	0.00801	0.04437	0.00555	0.00551	0.00949	0.01147	0.03208	0.22738	0.35985	0.11782	0.01242	0.00600	0.00186	0.00314	0.05016	0.00478	0.00479
59	0.03422	0.01232	0.01401	0.01198	0.05838	0.01327	0.00918	0.47564	0.09871	0.13969	0.01519	0.06820	0.01164	0.00682	0.00520	0.00160	0.00511	0.00546	0.00511	0.00826
60	0.13666	0.47527	0.16207	0.00968	0.01442	0.03111	0.01009	0.03124	0.01080	0.04886	0.00824	0.00927	0.00675	0.00466	0.00372	0.00129	0.00564	0.00310	0.00260	0.02454
61	0.03448	0.34051	0.05242	0.01013	0.01437	0.03303	0.00921	0.25562	0.07563	0.06881	0.01089	0.01122	0.00839	0.00529	0.00426	0.00134	0.00540	0.00380	0.00370	0.05149

[dist]
# distance from previous block
# <min> <max>
1	12

[block]
# block no. 2 follows, 48 sequences, length 24
# corresponding to MSA columns:
# 325-334,336-349
name=unknown_C
#
# <colnr> <probs for GDERKNQSTAVLIFYWHMCP>
#	G	D	E	R	K	N	Q	S	T	A	V	L	I	F	Y	W	H	M	C	P
0	0.06384	0.00806	0.02445	0.09503	0.06120	0.00801	0.02568	0.07162	0.01297	0.10037	0.24104	0.15165	0.05807	0.02905	0.00635	0.00179	0.02260	0.00786	0.00452	0.00584
1	0.05586	0.04895	0.27246	0.01103	0.01599	0.01105	0.01139	0.15147	0.03173	0.20743	0.03232	0.03738	0.01061	0.00591	0.00484	0.00153	0.00552	0.00465	0.02062	0.05925
2	0.01077	0.01432	0.18404	0.12671	0.05309	0.01215	0.22506	0.03046	0.01089	0.01532	0.02966	0.06694	0.02559	0.00661	0.00776	0.00181	0.16398	0.00571	0.00270	0.00644
3	0.01148	0.01921	0.44126	0.03069	0.03328	0.01127	0.05527	0.03291	0.01104	0.06184	0.00986	0.01194	0.00744	0.01988	0.00641	0.00162	0.08891	0.00406	0.00268	0.13895
4	0.01135	0.00942	0.01459	0.07036	0.36649	0.02540	0.01172	0.01392	0.01175	0.06434	0.01774	0.08337	0.03144	0.00865	0.00582	0.00184	0.00539	0.23618	0.00363	0.00657
5	0.01730	0.01315	0.01419	0.01100	0.01502	0.01415	0.00899	0.56020	0.12074	0.02858	0.01296	0.01296	0.00946	0.00591	0.00495	0.00145	0.00516	0.00454	0.00483	0.13446
6	0.00625	0.00447	0.00595	0.00714	0.00744	0.00417	0.00476	0.00714	0.00982	0.01310	0.02828	0.81633	0.03394	0.01608	0.00655	0.00208	0.00298	0.01459	0.00476	0.00417
7	0.01427	0.05287	0.15262	0.02688	0.01696	0.01093	0.12203	0.06674	0.01239	0.19662	0.01257	0.04612	0.00963	0.00590	0.00616	0.00154	0.08751	0.00485	0.00366	0.14974
8	0.01182	0.23184	0.46251	0.01393	0.02023	0.01412	0.12179	0.01630	0.01102	0.03817	0.00916	0.01078	0.00689	0.00471	0.00464	0.00150	0.00709	0.00388	0.00236	0.00726
9	0.00616	0.00497	0.00548	0.00584	0.00711	0.00430	0.00419	0.00737	0.01121	0.01384	0.06787	0.28502	0.53099	0.01386	0.00621	0.00184	0.00271	0.01194	0.00479	0.00430
10	0.01211	0.01384	0.03028	0.02163	0.02682	0.01298	0.76903	0.01644	0.01211	0.01644	0.01038	0.01384	0.00779	0.00433	0.00606	0.00173	0.00865	0.00606	0.00260	0.00692
11	0.04056	0.04176	0.04121	0.03277	0.01387	0.05809	0.00817	0.03637	0.01426	0.57584	0.06953	0.01733	0.01385	0.00636	0.00505	0.00156	0.00479	0.00509	0.00554	0.00800
12	0.00772	0.00599	0.00867	0.00845	0.00918	0.00714	0.00651	0.00928	0.00812	0.01174	0.01334	0.02078	0.01289	0.12184	0.63919	0.00731	0.08898	0.00562	0.00274	0.00452
13	0.00606	0.00520	0.00520	0.00520	0.00693	0.00433	0.00390	0.00736	0.01170	0.01386	0.05198	0.04938	0.78558	0.01299	0.00606	0.00173	0.00260	0.01083	0.00476	0.00433
14	0.01056	0.08876	0.73322	0.01417	0.02150	0.01257	0.01816	0.01618	0.01080	0.01592	0.00905	0.01063	0.00651	0.00484	0.00475	0.00158	0.00742	0.00371	0.00217	0.00751
15	0.06891	0.01042	0.01222	0.00955	0.01341	0.05841	0.00783	0.10774	0.01540	0.61434	0.01785	0.01586	0.01147	0.00617	0.00501	0.00157	0.00479	0.00485	0.00580	0.00838
16	0.01056	0.08876	0.73322	0.01417	0.02150	0.01257	0.01816	0.01618	0.01080	0.01592	0.00905	0.01063	0.00651	0.00484	0.00475	0.00158	0.00742	0.00371	0.00217	0.00751
17	0.01917	0.02445	0.01454	0.01322	0.01586	0.79907	0.00991	0.02049	0.01454	0.01256	0.00793	0.00925	0.00661	0.00529	0.00463	0.00132	0.00925	0.00330	0.00264	0.00595
18	0.01154	0.00720	0.01036	0.03554	0.02987	0.00722	0.03062	0.01416	0.03628	0.16805	0.02344	0.09952	0.02338	0.01155	0.00685	0.00211	0.03586	0.43588	0.00478	0.00579
19	0.01073	0.00909	0.01512	0.74497	0.03360	0.01110	0.01373	0.01404	0.01061	0.07391	0.00999	0.01398	0.00730	0.00523	0.00513	0.00170	0.00665	0.00461	0.00260	0.00594
20	0.00625	0.00447	0.00595	0.00714	0.00744	0.00417	0.00476	0.00714	0.00982	0.01310	0.02828	0.81633	0.03394	0.01608	0.00655	0.00208	0.00298	0.01459	0.00476	0.00417
21	0.01051	0.07655	0.74497	0.01426	0.02164	0.01244	0.01832	0.01619	0.01081	0.01599	0.00908	0.01067	0.00651	0.00484	0.00478	0.00159	0.00745	0.00373	0.00217	0.00752
22	0.01282	0.01305	0.01745	0.32575	0.11346	0.14322	0.11576	0.08264	0.01250	0.01571	0.00994	0.03159	0.00803	0.00556	0.00580	0.00164	0.05106	0.00480	0.02280	0.00640
23	0.01130	0.26003	0.56840	0.01291	0.01956	0.01438	0.01597	0.01599	0.01071	0.01502	0.00860	0.01007	0.00652	0.00473	0.00441	0.00147	0.00697	0.00348	0.00217	0.00729

[dist]
# distance from previous block
# <min> <max>
1	4

[block]
# block no. 3 follows, 48 sequences, length 33
# corresponding to MSA columns:
# 354-386
name=unknown_D
#
# <colnr> <probs for GDERKNQSTAVLIFYWHMCP>
#	G	D	E	R	K	N	Q	S	T	A	V	L	I	F	Y	W	H	M	C	P
0	0.06272	0.01273	0.02588	0.05217	0.02433	0.01204	0.60295	0.01565	0.01164	0.01662	0.01053	0.03588	0.00833	0.00467	0.00566	0.00165	0.00771	0.00577	0.00272	0.08037
1	0.00746	0.00497	0.00560	0.00560	0.00560	0.00497	0.00311	0.00746	0.00746	0.00995	0.01617	0.03358	0.01865	0.81967	0.02612	0.00497	0.00497	0.00746	0.00311	0.00311
2	0.01719	0.01188	0.01326	0.01054	0.01372	0.01295	0.00846	0.56585	0.01984	0.05906	0.01230	0.03076	0.00948	0.00878	0.00822	0.17570	0.00529	0.00483	0.00458	0.00729
3	0.01939	0.03134	0.16680	0.01063	0.01530	0.01008	0.01016	0.12786	0.04615	0.48312	0.01669	0.01530	0.01090	0.00601	0.00506	0.00158	0.00519	0.00479	0.00522	0.00843
4	0.01260	0.01209	0.02065	0.05711	0.76282	0.01217	0.01570	0.01566	0.01164	0.01664	0.00963	0.01273	0.00809	0.00459	0.00508	0.00153	0.00612	0.00457	0.00253	0.00805
5	0.01050	0.07467	0.74677	0.01427	0.02166	0.01242	0.01834	0.01620	0.01081	0.01600	0.00908	0.01068	0.00650	0.00485	0.00478	0.00159	0.00746	0.00373	0.00217	0.00752
6	0.00606	0.00520	0.00520	0.00520	0.00693	0.00433	0.00390	0.00736	0.01170	0.01386	0.05198	0.04938	0.78558	0.01299	0.00606	0.00173	0.00260	0.01083	0.00476	0.00433
7	0.00627	0.00521	0.00548	0.00541	0.00705	0.00442	0.00406	0.00775	0.01217	0.01499	0.17558	0.04752	0.66128	0.01257	0.00606	0.00171	0.00257	0.01057	0.00491	0.00442
8	0.00644	0.00519	0.00573	0.00564	0.00717	0.00448	0.00421	0.00807	0.01250	0.01590	0.27590	0.06953	0.53658	0.01232	0.00608	0.00171	0.00256	0.01047	0.00504	0.00448
9	0.01131	0.01078	0.01832	0.38861	0.44137	0.01183	0.01506	0.01453	0.01103	0.01508	0.00941	0.01315	0.00753	0.00483	0.00510	0.00161	0.00644	0.00457	0.00242	0.00701
10	0.00677	0.00525	0.00618	0.00603	0.00747	0.00466	0.00457	0.00870	0.01316	0.01739	0.42890	0.04404	0.37362	0.01175	0.00610	0.00170	0.00260	0.04128	0.00522	0.00461
11	0.01065	0.04728	0.67110	0.01581	0.05585	0.01226	0.08398	0.01622	0.01097	0.01617	0.00927	0.01110	0.00669	0.00480	0.00494	0.00161	0.00755	0.00399	0.00222	0.00752
12	0.00733	0.00548	0.00817	0.00817	0.00906	0.00637	0.00632	0.00911	0.00822	0.01185	0.01381	0.02055	0.01300	0.06136	0.77669	0.00815	0.01349	0.00556	0.00276	0.00454
13	0.01270	0.01219	0.02083	0.03149	0.78767	0.01219	0.01575	0.01575	0.01168	0.01676	0.00965	0.01270	0.00813	0.00457	0.00508	0.00152	0.00610	0.00457	0.00254	0.00813
14	0.00834	0.00691	0.00990	0.00933	0.00992	0.00865	0.00733	0.00981	0.00807	0.01184	0.01219	0.01915	0.01183	0.10517	0.52629	0.00640	0.21609	0.00543	0.00265	0.00470
15	0.00988	0.00508	0.00512	0.00500	0.00629	0.00513	0.00378	0.03579	0.01118	0.01954	0.01660	0.01892	0.01301	0.00598	0.00364	0.00121	0.00249	0.00478	0.82168	0.00491
16	0.01064	0.00912	0.01064	0.00760	0.01216	0.00684	0.00608	0.01292	0.01064	0.01672	0.00912	0.01064	0.00760	0.00380	0.00380	0.00076	0.00380	0.00304	0.00304	0.85104
17	0.01917	0.02445	0.01454	0.01322	0.01586	0.79907	0.00991	0.02049	0.01454	0.01256	0.00793	0.00925	0.00661	0.00529	0.00463	0.00132	0.00925	0.00330	0.00264	0.00595
18	0.00625	0.00447	0.00595	0.00714	0.00744	0.00417	0.00476	0.00714	0.00982	0.01310	0.02828	0.81633	0.03394	0.01608	0.00655	0.00208	0.00298	0.01459	0.00476	0.00417
19	0.01276	0.01102	0.01160	0.01044	0.01334	0.01276	0.00812	0.02727	0.77840	0.02146	0.02088	0.01914	0.01566	0.00696	0.00522	0.00174	0.00406	0.00580	0.00522	0.00812
20	0.00610	0.00520	0.00525	0.00524	0.00695	0.00435	0.00393	0.00744	0.01178	0.01407	0.07501	0.04903	0.76243	0.01292	0.00606	0.00173	0.00259	0.01078	0.00479	0.00435
21	0.00606	0.00520	0.00520	0.00520	0.00693	0.00433	0.00390	0.00736	0.01170	0.01386	0.05198	0.04938	0.78558	0.01299	0.00606	0.00173	0.00260	0.01083	0.00476	0.00433
22	0.01372	0.82276	0.02689	0.00878	0.01317	0.02030	0.00878	0.01536	0.01043	0.01207	0.00713	0.00823	0.00658	0.00439	0.00329	0.00110	0.00549	0.00274	0.00219	0.00658
23	0.01276	0.01102	0.01160	0.01044	0.01334	0.01276	0.00812	0.02727	0.77840	0.02146	0.02088	0.01914	0.01566	0.00696	0.00522	0.00174	0.00406	0.00580	0.00522	0.00812
24	0.01064	0.00912	0.01064	0.00760	0.01216	0.00684	0.00608	0.01292	0.01064	0.01672	0.00912	0.01064	0.00760	0.00380	0.00380	0.00076	0.00380	0.00304	0.00304	0.85104
25	0.85592	0.00992	0.00754	0.00675	0.00992	0.01151	0.00556	0.01508	0.00873	0.02302	0.00714	0.00834	0.00556	0.00476	0.00318	0.00159	0.00397	0.00278	0.00318	0.00556
26	0.00625	0.00447	0.00595	0.00714	0.00744	0.00417	0.00476	0.00714	0.00982	0.01310	0.02828	0.81633	0.03394	0.01608	0.00655	0.00208	0.00298	0.01459	0.00476	0.00417
27	0.00646	0.00541	0.00564	0.00555	0.00725	0.00469	0.00417	0.00837	0.03879	0.01502	0.14835	0.04686	0.66074	0.01245	0.00603	0.00172	0.00263	0.01045	0.00490	0.00453
28	0.01902	0.00873	0.01117	0.00905	0.01233	0.00811	0.00727	0.13337	0.01517	0.51647	0.02160	0.15306	0.04456	0.00822	0.00542	0.00167	0.00426	0.00689	0.00584	0.00779
29	0.01321	0.00904	0.01090	0.00792	0.01235	0.00699	0.00638	0.01543	0.01148	0.17772	0.01143	0.01206	0.00866	0.00433	0.00408	0.00093	0.00392	0.00348	0.00373	0.67594
30	0.02226	0.00882	0.01186	0.00913	0.01308	0.00770	0.00751	0.02469	0.04117	0.73918	0.01990	0.01730	0.01264	0.00629	0.00512	0.00157	0.00434	0.00511	0.00620	0.03613
31	0.01064	0.00912	0.01064	0.00760	0.01216	0.00684	0.00608	0.01292	0.01064	0.01672	0.00912	0.01064	0.00760	0.00380	0.00380	0.00076	0.00380	0.00304	0.00304	0.85104
32	0.69336	0.01033	0.00928	0.00784	0.01122	0.01162	0.03092	0.07962	0.01060	0.08311	0.00870	0.00956	0.00645	0.00499	0.00359	0.00159	0.00429	0.00322	0.00357	0.00611

[dist]
# distance from previous block
# <min> <max>
0	4

[block]
# block no. 4 follows, 48 sequences, length 7
# corresponding to MSA columns:
# 391-397
name=unknown_E
#
# <colnr> <probs for GDERKNQSTAVLIFYWHMCP>
#	G	D	E	R	K	N	Q	S	T	A	V	L	I	F	Y	W	H	M	C	P
0	0.01182	0.01031	0.01538	0.48455	0.10824	0.01199	0.01274	0.15912	0.01301	0.01730	0.01060	0.04979	0.00860	0.00584	0.00549	0.00166	0.02977	0.00498	0.00300	0.03583
1	0.01230	0.01190	0.02067	0.12649	0.65386	0.01214	0.05632	0.01546	0.01153	0.01630	0.00963	0.01288	0.00795	0.00463	0.00514	0.00156	0.00633	0.00465	0.00251	0.00776
2	0.01849	0.01860	0.01375	0.01202	0.01456	0.48903	0.00925	0.05178	0.01390	0.16337	0.01077	0.01239	0.00849	0.04644	0.00714	0.00166	0.09443	0.00405	0.00344	0.00643
3	0.01139	0.00964	0.01415	0.35419	0.04458	0.01122	0.04644	0.04716	0.15947	0.05520	0.07675	0.01760	0.02957	0.00647	0.00618	0.00172	0.06980	0.00543	0.02660	0.00643
4	0.01597	0.01033	0.01254	0.01026	0.01341	0.01088	0.03625	0.20576	0.20997	0.22158	0.10094	0.05325	0.03481	0.00748	0.00575	0.00167	0.02995	0.00618	0.00531	0.00769
5	0.01002	0.00583	0.00757	0.00780	0.00902	0.00552	0.00557	0.01224	0.07381	0.16381	0.02612	0.59690	0.02834	0.01345	0.00617	0.00196	0.00333	0.01205	0.00511	0.00537
6	0.01098	0.01203	0.02559	0.01883	0.02308	0.01128	0.62168	0.01464	0.01167	0.01579	0.01383	0.16856	0.01283	0.00659	0.00615	0.00180	0.00756	0.00770	0.00301	0.00639

[dist]
# distance from previous block
# <min> <max>
0	1

[block]
# block no. 5 follows, 48 sequences, length 38
# corresponding to MSA columns:
# 399-436
name=unknown_F
#
# <colnr> <probs for GDERKNQSTAVLIFYWHMCP>
#	G	D	E	R	K	N	Q	S	T	A	V	L	I	F	Y	W	H	M	C	P
0	0.07976	0.02485	0.01358	0.01073	0.01393	0.10020	0.04919	0.23489	0.02764	0.19854	0.12915	0.01682	0.01503	0.00671	0.00581	0.00159	0.05440	0.00522	0.00470	0.00726
1	0.01327	0.01282	0.02527	0.01836	0.02286	0.01247	0.56130	0.08914	0.01314	0.06526	0.01145	0.01417	0.00851	0.00495	0.00623	0.00169	0.04388	0.00570	0.06253	0.00700
2	0.02251	0.00955	0.01241	0.00952	0.01351	0.00876	0.00786	0.13324	0.01606	0.68105	0.01909	0.01672	0.01212	0.00632	0.00516	0.00158	0.00455	0.00508	0.00617	0.00873
3	0.01145	0.00936	0.01497	0.59499	0.04319	0.01103	0.03850	0.06781	0.01168	0.06983	0.01074	0.01424	0.00791	0.00531	0.00505	0.00165	0.00630	0.00467	0.06517	0.00614
4	0.02015	0.00950	0.01485	0.01125	0.01523	0.00846	0.13981	0.03667	0.01415	0.60022	0.01881	0.05980	0.01292	0.00652	0.00539	0.00164	0.00506	0.00581	0.00559	0.00817
5	0.00797	0.00540	0.00709	0.00658	0.00791	0.00496	0.00496	0.01038	0.01453	0.05540	0.75041	0.03739	0.04680	0.01030	0.00601	0.00161	0.00251	0.00909	0.00568	0.00502
6	0.01029	0.02654	0.79309	0.01462	0.02221	0.01192	0.01896	0.01625	0.01083	0.01625	0.00921	0.01083	0.00650	0.00487	0.00487	0.00162	0.00758	0.00379	0.00217	0.00758
7	0.01857	0.05665	0.06973	0.02568	0.01578	0.01283	0.03233	0.34059	0.09201	0.26013	0.01496	0.01430	0.01028	0.00604	0.00506	0.00156	0.00534	0.00478	0.00502	0.00836
8	0.00632	0.00460	0.00598	0.00705	0.00753	0.00426	0.00483	0.00731	0.01009	0.01327	0.03052	0.71004	0.10635	0.01570	0.00653	0.00206	0.00301	0.04559	0.00476	0.00421
9	0.00721	0.00524	0.00678	0.00640	0.00763	0.00482	0.00480	0.00958	0.01440	0.02027	0.75184	0.03883	0.08172	0.01060	0.00605	0.00162	0.00243	0.00935	0.00561	0.00482
10	0.00962	0.00903	0.01511	0.76491	0.03400	0.01128	0.01390	0.01291	0.01019	0.01309	0.00964	0.03766	0.00765	0.00555	0.00544	0.00173	0.02541	0.00486	0.00235	0.00565
11	0.05982	0.01126	0.01329	0.01087	0.03442	0.08130	0.04048	0.09921	0.06782	0.50126	0.01705	0.01561	0.01129	0.00607	0.00506	0.00157	0.00513	0.00489	0.00540	0.00819
12	0.01270	0.01219	0.02083	0.03149	0.78767	0.01219	0.01575	0.01575	0.01168	0.01676	0.00965	0.01270	0.00813	0.00457	0.00508	0.00152	0.00610	0.00457	0.00254	0.00813
13	0.00895	0.00596	0.00805	0.00880	0.01022	0.00576	0.00753	0.01110	0.01193	0.06966	0.02994	0.07986	0.12661	0.01354	0.00680	0.00222	0.00436	0.57894	0.00485	0.00494
14	0.01314	0.01399	0.06013	0.02069	0.07524	0.01271	0.60023	0.05756	0.01283	0.06460	0.01099	0.01378	0.00810	0.00459	0.00584	0.00169	0.00801	0.00573	0.00294	0.00724
15	0.01157	0.01202	0.01729	0.01424	0.01529	0.06234	0.12900	0.01330	0.00940	0.01358	0.06212	0.01342	0.00982	0.00813	0.01365	0.00206	0.57942	0.00500	0.00256	0.00578
16	0.01200	0.01141	0.01910	0.17370	0.59359	0.01167	0.01479	0.01506	0.01135	0.01608	0.00952	0.01274	0.00785	0.00462	0.00500	0.00150	0.00607	0.00446	0.00253	0.06697
17	0.01069	0.11806	0.70502	0.01395	0.02117	0.01288	0.01779	0.01615	0.01079	0.01577	0.00897	0.01053	0.00651	0.00482	0.00469	0.00156	0.00734	0.00367	0.00217	0.00747
18	0.00803	0.00584	0.00701	0.00695	0.00755	0.00625	0.00464	0.01039	0.10787	0.01213	0.01715	0.08844	0.01811	0.47490	0.19801	0.00508	0.00670	0.00734	0.00343	0.00418
19	0.00615	0.00520	0.00531	0.00529	0.00698	0.00437	0.00396	0.00753	0.01189	0.01433	0.10354	0.04860	0.73373	0.01282	0.00606	0.00172	0.00259	0.01072	0.00483	0.00437
20	0.00610	0.00520	0.00525	0.00524	0.00695	0.00435	0.00393	0.00743	0.01178	0.01406	0.07413	0.04905	0.76330	0.01292	0.00606	0.00173	0.00259	0.01078	0.00479	0.00435
21	0.00625	0.00447	0.00595	0.00714	0.00744	0.00417	0.00476	0.00714	0.00982	0.01310	0.02828	0.81633	0.03394	0.01608	0.00655	0.00208	0.00298	0.01459	0.00476	0.00417
22	0.00956	0.00478	0.00478	0.00478	0.00598	0.00478	0.00359	0.01196	0.01076	0.01913	0.01674	0.01913	0.01315	0.00598	0.00359	0.00120	0.00239	0.00478	0.84816	0.00478
23	0.00625	0.00447	0.00595	0.00714	0.00744	0.00417	0.00476	0.00714	0.00982	0.01310	0.02828	0.81633	0.03394	0.01608	0.00655	0.00208	0.00298	0.01459	0.00476	0.00417
24	0.01029	0.02654	0.79309	0.01462	0.02221	0.01192	0.01896	0.01625	0.01083	0.01625	0.00921	0.01083	0.00650	0.00487	0.00487	0.00162	0.00758	0.00379	0.00217	0.00758
25	0.01372	0.82276	0.02689	0.00878	0.01317	0.02030	0.00878	0.01536	0.01043	0.01207	0.00713	0.00823	0.00658	0.00439	0.00329	0.00110	0.00549	0.00274	0.00219	0.00658
26	0.01222	0.00854	0.00756	0.00685	0.00867	0.09782	0.00528	0.13139	0.01328	0.02044	0.01504	0.01693	0.01171	0.00593	0.00395	0.00126	0.00369	0.00459	0.61933	0.00553
27	0.01945	0.01613	0.01525	0.01205	0.01590	0.15208	0.00978	0.64015	0.02246	0.02890	0.01156	0.01179	0.00836	0.00601	0.00504	0.00150	0.00627	0.00439	0.00470	0.00824
28	0.01372	0.82276	0.02689	0.00878	0.01317	0.02030	0.00878	0.01536	0.01043	0.01207	0.00713	0.00823	0.00658	0.00439	0.00329	0.00110	0.00549	0.00274	0.00219	0.00658
29	0.00891	0.00446	0.00668	0.00668	0.00668	0.00446	0.00446	0.00668	0.00668	0.00891	0.00891	0.01560	0.00891	0.01783	0.02005	0.85071	0.00446	0.00446	0.00223	0.00223
30	0.01928	0.01489	0.01523	0.01185	0.01583	0.06362	0.00971	0.70263	0.04601	0.03081	0.01231	0.01234	0.00880	0.00613	0.00510	0.00153	0.00582	0.00457	0.00498	0.00854
31	0.01793	0.02264	0.01366	0.01246	0.01502	0.72398	0.00935	0.01925	0.01427	0.01268	0.01209	0.01304	0.08021	0.00602	0.00476	0.00136	0.00862	0.00402	0.00284	0.00580
32	0.02302	0.00873	0.01191	0.00913	0.01310	0.00754	0.00754	0.02501	0.01469	0.79122	0.02024	0.01746	0.01270	0.00635	0.00516	0.00159	0.00437	0.00516	0.00635	0.00873
33	0.01256	0.01079	0.01145	0.01040	0.01322	0.01245	0.00813	0.02650	0.74323	0.02118	0.02117	0.02092	0.01630	0.00729	0.00531	0.00177	0.00409	0.04008	0.00520	0.00797
34	0.01276	0.01102	0.01160	0.01044	0.01334	0.01276	0.00812	0.02727	0.77840	0.02146	0.02088	0.01914	0.01566	0.00696	0.00522	0.00174	0.00406	0.00580	0.00522	0.00812
35	0.00969	0.00912	0.01539	0.80734	0.03534	0.01140	0.01425	0.01311	0.01026	0.01311	0.00912	0.01368	0.00684	0.00513	0.00513	0.00171	0.00684	0.00456	0.00228	0.00570
36	0.02965	0.00932	0.01521	0.76157	0.03409	0.01156	0.01389	0.03905	0.01070	0.01400	0.00918	0.01351	0.00687	0.00516	0.00508	0.00170	0.00673	0.00452	0.00240	0.00580
37	0.00693	0.00510	0.00643	0.00637	0.00746	0.00466	0.00464	0.00886	0.01313	0.01806	0.53175	0.16946	0.14987	0.03588	0.00673	0.00181	0.00261	0.01033	0.00530	0.00461

[dist]
# distance from previous block
# <min> <max>
0	3

[block]
# block no. 6 follows, 48 sequences, length 36
# corresponding to MSA columns:
# 440-475
name=unknown_G
#
# <colnr> <probs for GDERKNQSTAVLIFYWHMCP>
#	G	D	E	R	K	N	Q	S	T	A	V	L	I	F	Y	W	H	M	C	P
0	0.00777	0.00542	0.00646	0.00620	0.00775	0.00484	0.00476	0.00974	0.01313	0.05633	0.38933	0.04165	0.32267	0.01122	0.00595	0.00168	0.00272	0.05183	0.04571	0.00483
1	0.01372	0.82276	0.02689	0.00878	0.01317	0.02030	0.00878	0.01536	0.01043	0.01207	0.00713	0.00823	0.00658	0.00439	0.00329	0.00110	0.00549	0.00274	0.00219	0.00658
2	0.01064	0.00912	0.01064	0.00760	0.01216	0.00684	0.00608	0.01292	0.01064	0.01672	0.00912	0.01064	0.00760	0.00380	0.00380	0.00076	0.00380	0.00304	0.00304	0.85104
3	0.01177	0.16143	0.58564	0.01343	0.02004	0.05688	0.01632	0.04944	0.01155	0.01604	0.00892	0.01037	0.00662	0.00487	0.00460	0.00151	0.00723	0.00362	0.00233	0.00737
4	0.00625	0.00449	0.00593	0.00709	0.00743	0.00417	0.00474	0.00715	0.00988	0.01312	0.02894	0.79512	0.05472	0.01599	0.00654	0.00207	0.00297	0.01448	0.00476	0.00417
5	0.01795	0.01215	0.01422	0.08944	0.03208	0.01317	0.00957	0.46885	0.06334	0.15927	0.05636	0.01517	0.01179	0.00634	0.00519	0.00158	0.00528	0.00503	0.00504	0.00817
6	0.00969	0.00912	0.01539	0.80734	0.03534	0.01140	0.01425	0.01311	0.01026	0.01311	0.00912	0.01368	0.00684	0.00513	0.00513	0.00171	0.00684	0.00456	0.00228	0.00570
7	0.01276	0.01102	0.01160	0.01044	0.01334	0.01276	0.00812	0.02727	0.77840	0.02146	0.02088	0.01914	0.01566	0.00696	0.00522	0.00174	0.00406	0.00580	0.00522	0.00812
8	0.00709	0.00524	0.00661	0.00627	0.00756	0.00477	0.00470	0.00934	0.01411	0.01959	0.67699	0.03996	0.15700	0.01086	0.00605	0.00163	0.00245	0.00951	0.00552	0.00477
9	0.00670	0.00515	0.00615	0.00621	0.00749	0.00460	0.00463	0.00845	0.01260	0.01660	0.35013	0.15508	0.33548	0.01246	0.00618	0.00177	0.00269	0.04797	0.00513	0.00454
10	0.00723	0.00524	0.00681	0.00642	0.00765	0.00483	0.00482	0.00962	0.01445	0.02039	0.76452	0.03864	0.06897	0.01056	0.00605	0.00162	0.00243	0.00932	0.00562	0.00483
11	0.01975	0.01398	0.01516	0.01162	0.01572	0.01534	0.00960	0.71923	0.02348	0.08458	0.01286	0.01267	0.00900	0.00617	0.00513	0.00154	0.00556	0.00466	0.00522	0.00873
12	0.01276	0.01102	0.01160	0.01044	0.01334	0.01276	0.00812	0.02727	0.77840	0.02146	0.02088	0.01914	0.01566	0.00696	0.00522	0.00174	0.00406	0.00580	0.00522	0.00812
13	0.01270	0.01219	0.02083	0.03149	0.78767	0.01219	0.01575	0.01575	0.01168	0.01676	0.00965	0.01270	0.00813	0.00457	0.00508	0.00152	0.00610	0.00457	0.00254	0.00813
14	0.00644	0.00454	0.00590	0.00691	0.00716	0.00429	0.00451	0.00719	0.00946	0.01262	0.02642	0.69639	0.03159	0.13921	0.00955	0.00253	0.00328	0.01350	0.00451	0.00401
15	0.01372	0.82276	0.02689	0.00878	0.01317	0.02030	0.00878	0.01536	0.01043	0.01207	0.00713	0.00823	0.00658	0.00439	0.00329	0.00110	0.00549	0.00274	0.00219	0.00658
16	0.01276	0.01102	0.01160	0.01044	0.01334	0.01276	0.00812	0.02727	0.77840	0.02146	0.02088	0.01914	0.01566	0.00696	0.00522	0.00174	0.00406	0.00580	0.00522	0.00812
17	0.01167	0.01114	0.01897	0.29649	0.53071	0.01192	0.01524	0.01485	0.01120	0.01552	0.00947	0.01303	0.00769	0.00476	0.00510	0.00159	0.00635	0.00457	0.00245	0.00730
18	0.00606	0.00520	0.00520	0.00520	0.00693	0.00433	0.00390	0.00736	0.01170	0.01386	0.05198	0.04938	0.78558	0.01299	0.00606	0.00173	0.00260	0.01083	0.00476	0.00433
19	0.01038	0.00884	0.01036	0.00757	0.01188	0.00668	0.00600	0.01257	0.01059	0.01650	0.01027	0.05899	0.00918	0.00454	0.00396	0.00084	0.00375	0.00373	0.00314	0.80022
20	0.01211	0.01384	0.03028	0.02163	0.02682	0.01298	0.76903	0.01644	0.01211	0.01644	0.01038	0.01384	0.00779	0.00433	0.00606	0.00173	0.00865	0.00606	0.00260	0.00692
21	0.00746	0.00497	0.00560	0.00560	0.00560	0.00497	0.00311	0.00746	0.00746	0.00995	0.01617	0.03358	0.01865	0.81967	0.02612	0.00497	0.00497	0.00746	0.00311	0.00311
22	0.04969	0.00984	0.01242	0.00956	0.01353	0.00926	0.00789	0.16574	0.01628	0.62243	0.01831	0.01619	0.01171	0.00626	0.00509	0.00158	0.00460	0.00498	0.00602	0.00863
23	0.00967	0.00852	0.01392	0.69586	0.03126	0.01048	0.01277	0.01295	0.01033	0.01395	0.01018	0.01444	0.00772	0.00525	0.00492	0.00164	0.00622	0.00459	0.11978	0.00557
24	0.01924	0.01059	0.01288	0.03502	0.01452	0.01023	0.00820	0.25270	0.03151	0.38784	0.01559	0.01465	0.01049	0.00584	0.00492	0.00144	0.00474	0.00463	0.00527	0.14970
25	0.05944	0.01362	0.05343	0.01130	0.01533	0.01399	0.00968	0.52935	0.02031	0.16644	0.01309	0.01293	0.00909	0.00619	0.00554	0.00159	0.04075	0.00458	0.00498	0.00838
26	0.01372	0.82276	0.02689	0.00878	0.01317	0.02030	0.00878	0.01536	0.01043	0.01207	0.00713	0.00823	0.00658	0.00439	0.00329	0.00110	0.00549	0.00274	0.00219	0.00658
27	0.00739	0.00522	0.00674	0.00636	0.00757	0.00484	0.00477	0.00981	0.01432	0.02050	0.74264	0.03727	0.04647	0.01024	0.00592	0.00159	0.00242	0.00903	0.05206	0.00484
28	0.01029	0.02654	0.79309	0.01462	0.02221	0.01192	0.01896	0.01625	0.01083	0.01625	0.00921	0.01083	0.00650	0.00487	0.00487	0.00162	0.00758	0.00379	0.00217	0.00758
29	0.00731	0.00525	0.00691	0.00694	0.00798	0.00493	0.00526	0.00944	0.01327	0.01847	0.55211	0.12629	0.04258	0.05047	0.00722	0.00194	0.00295	0.12072	0.00529	0.00467
30	0.00746	0.00500	0.00571	0.00571	0.00575	0.00504	0.00325	0.00754	0.00750	0.01004	0.01606	0.03299	0.01840	0.78539	0.06005	0.00512	0.00536	0.00738	0.00309	0.00317
31	0.00645	0.00461	0.00618	0.00737	0.00776	0.00434	0.00511	0.00749	0.01002	0.01332	0.02817	0.74189	0.03350	0.01589	0.00660	0.00211	0.00315	0.08707	0.00476	0.00422
32	0.01476	0.01215	0.01583	0.20442	0.10090	0.01417	0.01161	0.36539	0.01644	0.02231	0.01065	0.02904	0.00839	0.00643	0.00715	0.00171	0.14290	0.00478	0.00368	0.00732
33	0.01064	0.00912	0.01064	0.00760	0.01216	0.00684	0.00608	0.01292	0.01064	0.01672	0.00912	0.01064	0.00760	0.00380	0.00380	0.00076	0.00380	0.00304	0.00304	0.85104
34	0.01141	0.00958	0.01105	0.00796	0.01249	0.00763	0.00640	0.07866	0.01181	0.01808	0.00940	0.01079	0.00770	0.00400	0.00392	0.00083	0.00396	0.00318	0.00322	0.77795
35	0.01881	0.00975	0.01191	0.00954	0.01318	0.00953	0.00772	0.09356	0.21266	0.45196	0.04562	0.01777	0.01405	0.00649	0.00513	0.00158	0.00431	0.00530	0.00574	0.05541

[dist]
# distance from previous block
# <min> <max>
0	1

[block]
# block no. 7 follows, 48 sequences, length 37
# corresponding to MSA columns:
# 477-513
name=unknown_H
#
# <colnr> <probs for GDERKNQSTAVLIFYWHMCP>
#	G	D	E	R	K	N	Q	S	T	A	V	L	I	F	Y	W	H	M	C	P
0	0.01102	0.00774	0.00910	0.00869	0.01060	0.00815	0.00656	0.01774	0.32008	0.10893	0.11197	0.28877	0.02563	0.01056	0.00581	0.00184	0.00356	0.03162	0.00524	0.00639
1	0.00675	0.05453	0.00722	0.00719	0.00773	0.00518	0.00495	0.00766	0.00978	0.01292	0.02655	0.73896	0.03172	0.04405	0.00705	0.00213	0.00320	0.01361	0.00455	0.00428
2	0.01430	0.67232	0.08220	0.00942	0.01400	0.01875	0.00953	0.06211	0.01151	0.05382	0.00828	0.00915	0.00702	0.00464	0.00362	0.00119	0.00559	0.00306	0.00259	0.00690
3	0.60694	0.00957	0.00833	0.00732	0.01034	0.01062	0.00597	0.07300	0.01048	0.02223	0.04500	0.01413	0.00986	0.03473	0.00456	0.00169	0.00410	0.04930	0.00352	0.06829
4	0.06445	0.08111	0.01111	0.00838	0.01069	0.05772	0.00648	0.19688	0.10973	0.01937	0.01481	0.01962	0.02814	0.21549	0.01003	0.00235	0.00483	0.00529	0.12752	0.00599
5	0.00673	0.00518	0.00626	0.00686	0.00803	0.00471	0.00527	0.00824	0.01136	0.01437	0.07715	0.25941	0.35418	0.01400	0.00645	0.00198	0.00322	0.19739	0.00480	0.00441
6	0.00625	0.00447	0.00595	0.00714	0.00744	0.00417	0.00476	0.00714	0.00982	0.01310	0.02828	0.81633	0.03394	0.01608	0.00655	0.00208	0.00298	0.01459	0.00476	0.00417
7	0.82699	0.01008	0.00781	0.00692	0.01013	0.01166	0.00570	0.04121	0.00926	0.02334	0.00732	0.00847	0.00567	0.00481	0.00324	0.00159	0.00403	0.00284	0.00324	0.00567
