[name]
unknown

[dist]
# distance from previous block
# <min> <max>
0	40

[block]
# block no. 0 follows, 45 sequences, length 12
# corresponding to MSA columns:
# 510-521
name=unknown_A
#
# <colnr> <probs for GDERKNQSTAVLIFYWHMCP>
#	G	D	E	R	K	N	Q	S	T	A	V	L	I	F	Y	W	H	M	C	P
0	0.00806	0.00588	0.00789	0.00891	0.01011	0.00571	0.00749	0.01021	0.01221	0.01578	0.05854	0.14356	0.13181	0.01475	0.00717	0.00232	0.00435	0.53542	0.00499	0.00483
1	0.00665	0.00524	0.00600	0.00626	0.00755	0.00459	0.00452	0.00813	0.01230	0.01571	0.19358	0.25435	0.42818	0.01394	0.00648	0.00189	0.00279	0.01207	0.00517	0.00459
2	0.01620	0.01348	0.01808	0.01356	0.01806	0.01380	0.17036	0.37818	0.09889	0.02589	0.01276	0.01365	0.00946	0.00564	0.00532	0.00152	0.00603	0.00497	0.00439	0.16977
3	0.01043	0.00954	0.11222	0.00862	0.01142	0.00709	0.00774	0.01428	0.06960	0.10449	0.44532	0.03201	0.06336	0.00931	0.00592	0.00168	0.00376	0.03051	0.00527	0.04745
4	0.01266	0.12443	0.49081	0.01433	0.02082	0.04100	0.07387	0.01858	0.07920	0.05858	0.01112	0.01233	0.00813	0.00528	0.00502	0.00164	0.00729	0.00426	0.00285	0.00780
5	0.01200	0.25555	0.47265	0.01403	0.02047	0.01528	0.07378	0.01657	0.01118	0.01557	0.00899	0.01080	0.00694	0.00509	0.00524	0.00157	0.04063	0.00386	0.00231	0.00749
6	0.02230	0.01163	0.11567	0.01032	0.01498	0.00850	0.00949	0.02493	0.01482	0.67924	0.01963	0.01734	0.01242	0.00644	0.00536	0.00167	0.00502	0.00521	0.00606	0.00897
7	0.00976	0.00618	0.00778	0.00796	0.00928	0.00595	0.00573	0.01266	0.09960	0.11823	0.09284	0.49737	0.07818	0.01364	0.00642	0.00200	0.00337	0.01215	0.00534	0.00555
8	0.02977	0.04006	0.12547	0.10954	0.04473	0.07256	0.17142	0.07163	0.01374	0.21773	0.01285	0.01411	0.00905	0.00568	0.00588	0.00170	0.03759	0.00497	0.00381	0.00769
9	0.01203	0.00766	0.00893	0.00841	0.02718	0.00733	0.00635	0.01644	0.16849	0.18894	0.03648	0.09306	0.34965	0.01082	0.00600	0.00183	0.00364	0.03490	0.00540	0.00647
10	0.01041	0.00614	0.00778	0.00703	0.00892	0.00546	0.00539	0.01255	0.01444	0.16305	0.45674	0.06499	0.19437	0.01091	0.00618	0.00173	0.00298	0.00943	0.00582	0.00570
11	0.00913	0.00553	0.00751	0.00846	0.03137	0.00511	0.00566	0.01025	0.01094	0.11650	0.02749	0.65466	0.03123	0.03970	0.00725	0.00219	0.00347	0.01340	0.00508	0.00509

[dist]
# distance from previous block
# <min> <max>
4	25

[block]
# block no. 1 follows, 45 sequences, length 48
# corresponding to MSA columns:
# 547-593,601
name=unknown_B
#
# <colnr> <probs for GDERKNQSTAVLIFYWHMCP>
#	G	D	E	R	K	N	Q	S	T	A	V	L	I	F	Y	W	H	M	C	P
0	0.03386	0.01007	0.01676	0.58634	0.12690	0.01185	0.04116	0.01475	0.01111	0.04831	0.01024	0.01429	0.00774	0.00540	0.00553	0.00175	0.02166	0.00481	0.02102	0.00644
1	0.00885	0.00575	0.00771	0.06118	0.01052	0.00555	0.00600	0.02692	0.01114	0.07910	0.02607	0.61297	0.02941	0.01413	0.00638	0.00202	0.00357	0.01270	0.04336	0.02667
2	0.01399	0.01247	0.12676	0.01000	0.01492	0.00885	0.03405	0.05608	0.03226	0.15818	0.01259	0.01331	0.00931	0.00497	0.00458	0.00121	0.00488	0.00405	0.04237	0.43517
3	0.01285	0.01054	0.03189	0.04530	0.01457	0.00884	0.00782	0.07512	0.01243	0.07649	0.01056	0.01200	0.00834	0.00476	0.00503	0.00108	0.04763	0.00366	0.00352	0.60757
4	0.00858	0.00678	0.02470	0.05947	0.01085	0.00651	0.00657	0.02432	0.01349	0.03578	0.43252	0.07099	0.13731	0.01137	0.00758	0.04053	0.04725	0.04520	0.00503	0.00516
5	0.03872	0.02628	0.09046	0.04685	0.01527	0.01155	0.00958	0.09154	0.32318	0.12859	0.05844	0.02251	0.05152	0.00765	0.00551	0.00178	0.00487	0.05291	0.00500	0.00778
6	0.00754	0.00558	0.00740	0.04318	0.00929	0.00528	0.00546	0.00988	0.01430	0.01996	0.62242	0.12580	0.08073	0.01150	0.00635	0.00175	0.00282	0.01018	0.00560	0.00500
7	0.01408	0.01207	0.04896	0.04616	0.01576	0.00999	0.00855	0.15631	0.01449	0.04093	0.01141	0.01308	0.00910	0.00526	0.00480	0.00124	0.00501	0.00398	0.00392	0.57490
8	0.00761	0.00554	0.00680	0.00768	0.00837	0.00500	0.00521	0.00823	0.01112	0.01455	0.03440	0.60520	0.18738	0.01668	0.00777	0.04097	0.00344	0.01410	0.00515	0.00480
9	0.01151	0.05027	0.01549	0.04876	0.01477	0.01341	0.04238	0.01282	0.00998	0.01448	0.02700	0.08672	0.05424	0.02700	0.07224	0.00279	0.43618	0.00641	0.00323	0.05031
10	0.01370	0.44776	0.29035	0.01297	0.01875	0.01756	0.07445	0.01696	0.01187	0.01561	0.02593	0.01203	0.00879	0.00552	0.00474	0.00158	0.00700	0.00400	0.00272	0.00771
11	0.02274	0.00954	0.01250	0.00966	0.01367	0.00863	0.00795	0.10179	0.01632	0.66012	0.04857	0.01919	0.02973	0.00692	0.00545	0.00166	0.00460	0.00562	0.00645	0.00889
12	0.00760	0.00558	0.00741	0.00791	0.00862	0.00536	0.02436	0.04813	0.01125	0.01505	0.06870	0.62303	0.04914	0.08062	0.00840	0.00235	0.00355	0.01347	0.00485	0.00464
13	0.79227	0.06528	0.00927	0.00720	0.01061	0.01267	0.00604	0.01580	0.00926	0.02330	0.00747	0.00871	0.00589	0.00496	0.00333	0.00163	0.00426	0.00290	0.00325	0.00589
14	0.01104	0.00942	0.01520	0.02179	0.43952	0.00927	0.01151	0.01326	0.01145	0.04197	0.01765	0.27600	0.01863	0.05336	0.00708	0.00201	0.00515	0.02526	0.00364	0.00680
15	0.00759	0.00582	0.00700	0.00668	0.00817	0.00541	0.00501	0.01054	0.05930	0.01959	0.52757	0.05944	0.23481	0.01156	0.00629	0.00174	0.00270	0.01003	0.00562	0.00512
16	0.00660	0.00472	0.00628	0.00743	0.00780	0.00440	0.00499	0.00762	0.01055	0.01413	0.07057	0.76564	0.03634	0.01650	0.00682	0.00215	0.00308	0.01495	0.00503	0.00440
17	0.02408	0.00914	0.01246	0.00955	0.01370	0.00789	0.00789	0.02616	0.01536	0.78158	0.02118	0.01827	0.01329	0.00664	0.00540	0.00166	0.00457	0.00540	0.00664	0.00914
18	0.01119	0.02483	0.61728	0.01692	0.02430	0.01271	0.18315	0.01704	0.01163	0.01704	0.00990	0.01203	0.00710	0.00497	0.00537	0.00172	0.00818	0.00449	0.00237	0.00778
19	0.01438	0.77249	0.04996	0.00948	0.01412	0.03952	0.00953	0.01623	0.01102	0.01277	0.00755	0.00872	0.00689	0.00463	0.00353	0.00117	0.00590	0.00292	0.00231	0.00690
20	0.00679	0.00542	0.00608	0.00599	0.00754	0.00471	0.00446	0.00853	0.01317	0.01690	0.30305	0.08288	0.48986	0.01284	0.00636	0.00179	0.00267	0.01095	0.00531	0.00471
21	0.01103	0.00997	0.01563	0.47108	0.04806	0.01201	0.04741	0.01566	0.10336	0.03211	0.06666	0.01674	0.01174	0.00644	0.00684	0.00183	0.09528	0.00537	0.01640	0.00638
22	0.02408	0.00914	0.01246	0.00955	0.01370	0.00789	0.00789	0.02616	0.01536	0.78158	0.02118	0.01827	0.01329	0.00664	0.00540	0.00166	0.00457	0.00540	0.00664	0.00914
23	0.04276	0.01007	0.01159	0.02161	0.01343	0.00831	0.00687	0.08301	0.01245	0.03551	0.01002	0.01141	0.00808	0.00432	0.00413	0.00094	0.00423	0.00340	0.00345	0.70442
24	0.01410	0.75904	0.08145	0.00962	0.01444	0.02062	0.00994	0.01614	0.01094	0.01294	0.00762	0.00880	0.00688	0.00463	0.00356	0.00119	0.00590	0.00295	0.00229	0.00696
25	0.01159	0.00981	0.01138	0.00817	0.01292	0.00762	0.00655	0.05039	0.01183	0.01830	0.00971	0.01122	0.00801	0.00410	0.00404	0.00084	0.00407	0.00326	0.00329	0.80291
26	0.00700	0.00529	0.00701	0.00788	0.00820	0.00537	0.00543	0.00793	0.01009	0.01355	0.02816	0.68987	0.05793	0.04503	0.00844	0.00229	0.06736	0.01401	0.00471	0.00445
27	0.01113	0.00954	0.01113	0.00795	0.01272	0.00716	0.00636	0.01352	0.01113	0.01749	0.00954	0.01113	0.00795	0.00398	0.00398	0.00080	0.00398	0.00318	0.00318	0.84417
28	0.01211	0.00983	0.01145	0.00825	0.01297	0.00770	0.00663	0.05501	0.01206	0.04620	0.01015	0.01149	0.00821	0.00421	0.00410	0.00087	0.00410	0.00335	0.00343	0.76786
29	0.00771	0.00559	0.00782	0.00782	0.00850	0.00627	0.00571	0.00907	0.00839	0.01187	0.01511	0.02516	0.01519	0.26368	0.56908	0.00764	0.01172	0.00635	0.00298	0.00435
30	0.01134	0.00952	0.01304	0.30300	0.02181	0.00897	0.00962	0.01415	0.01117	0.05018	0.01006	0.01264	0.00789	0.00461	0.00456	0.00120	0.00519	0.00387	0.00304	0.49412
31	0.02408	0.00914	0.01246	0.00955	0.01370	0.00789	0.00789	0.02616	0.01536	0.78158	0.02118	0.01827	0.01329	0.00664	0.00540	0.00166	0.00457	0.00540	0.00664	0.00914
32	0.02041	0.01504	0.01611	0.01235	0.01665	0.01665	0.01020	0.75997	0.02524	0.03383	0.01289	0.01289	0.00913	0.00644	0.00537	0.00161	0.00591	0.00483	0.00537	0.00913
33	0.00718	0.00576	0.00644	0.00622	0.00788	0.00517	0.00468	0.00967	0.05073	0.01762	0.33248	0.04561	0.45676	0.01227	0.00630	0.00176	0.00272	0.01044	0.00537	0.00493
34	0.01329	0.01275	0.02179	0.03295	0.77787	0.01275	0.01647	0.01647	0.01222	0.01754	0.01010	0.01329	0.00850	0.00478	0.00531	0.00159	0.00638	0.00478	0.00266	0.00850
35	0.01435	0.81458	0.02813	0.00918	0.01378	0.02124	0.00918	0.01607	0.01091	0.01263	0.00746	0.00861	0.00689	0.00459	0.00344	0.00115	0.00574	0.00287	0.00230	0.00689
36	0.84927	0.01038	0.00789	0.00706	0.01038	0.01204	0.00581	0.01578	0.00914	0.02408	0.00747	0.00872	0.00581	0.00498	0.00332	0.00166	0.00415	0.00291	0.00332	0.00581
37	0.00768	0.00571	0.00842	0.00842	0.00930	0.00659	0.00645	0.00945	0.00856	0.01230	0.01457	0.02216	0.01388	0.09912	0.73186	0.00837	0.01368	0.00591	0.00290	0.00468
38	0.02408	0.00914	0.01246	0.00955	0.01370	0.00789	0.00789	0.02616	0.01536	0.78158	0.02118	0.01827	0.01329	0.00664	0.00540	0.00166	0.00457	0.00540	0.00664	0.00914
39	0.00760	0.00549	0.00718	0.00675	0.00802	0.00506	0.00506	0.01013	0.01519	0.02153	0.77503	0.04010	0.05065	0.01097	0.00633	0.00169	0.00253	0.00971	0.00591	0.00506
40	0.00738	0.00548	0.00687	0.00652	0.00788	0.00497	0.00489	0.00970	0.01467	0.02029	0.64810	0.04213	0.17835	0.01144	0.00633	0.00171	0.00257	0.00999	0.00575	0.00497
41	0.02380	0.00958	0.01273	0.00976	0.01393	0.00855	0.00807	0.08186	0.01611	0.72483	0.02055	0.01786	0.01297	0.00663	0.00540	0.00166	0.00467	0.00536	0.00655	0.00913
42	0.02137	0.01349	0.01515	0.01162	0.01587	0.01435	0.00960	0.56755	0.02265	0.22991	0.01506	0.01430	0.01022	0.00650	0.00538	0.00162	0.00556	0.00498	0.00570	0.00913
43	0.01435	0.81458	0.02813	0.00918	0.01378	0.02124	0.00918	0.01607	0.01091	0.01263	0.00746	0.00861	0.00689	0.00459	0.00344	0.00115	0.00574	0.00287	0.00230	0.00689
44	0.84927	0.01038	0.00789	0.00706	0.01038	0.01204	0.00581	0.01578	0.00914	0.02408	0.00747	0.00872	0.00581	0.00498	0.00332	0.00166	0.00415	0.00291	0.00332	0.00581
45	0.01113	0.00954	0.01113	0.00795	0.01272	0.00716	0.00636	0.01352	0.01113	0.01749	0.00954	0.01113	0.00795	0.00398	0.00398	0.00080	0.00398	0.00318	0.00318	0.84417
46	0.84927	0.01038	0.00789	0.00706	0.01038	0.01204	0.00581	0.01578	0.00914	0.02408	0.00747	0.00872	0.00581	0.00498	0.00332	0.00166	0.00415	0.00291	0.00332	0.00581
47	0.01078	0.08272	0.66987	0.01421	0.02139	0.01253	0.01794	0.01641	0.01160	0.01703	0.06791	0.01333	0.01015	0.00551	0.00507	0.00166	0.00736	0.00433	0.00255	0.00764

[dist]
# distance from previous block
# <min> <max>
0	12

[block]
# block no. 2 follows, 45 sequences, length 36
# corresponding to MSA columns:
# 616-618,622-654
name=unknown_C
#
# <colnr> <probs for GDERKNQSTAVLIFYWHMCP>
#	G	D	E	R	K	N	Q	S	T	A	V	L	I	F	Y	W	H	M	C	P
0	0.46870	0.01023	0.01025	0.00841	0.01212	0.01075	0.00693	0.07279	0.01271	0.31998	0.01320	0.01274	0.00896	0.00573	0.00428	0.00166	0.00444	0.00401	0.00476	0.00734
1	0.00854	0.05386	0.06758	0.00809	0.00993	0.00702	0.00664	0.06296	0.01296	0.01743	0.21990	0.35674	0.12277	0.01260	0.00622	0.00187	0.00363	0.01105	0.00489	0.00532
2	0.74036	0.05822	0.01078	0.00829	0.01184	0.01269	0.05957	0.01590	0.00949	0.02292	0.00771	0.00912	0.00604	0.00493	0.00354	0.00164	0.00459	0.00315	0.00322	0.00598
3	0.00737	0.00544	0.00690	0.00671	0.00799	0.00497	0.00503	0.00962	0.01433	0.01978	0.59411	0.09706	0.15397	0.01189	0.00640	0.00177	0.00268	0.03336	0.00568	0.00493
4	0.01131	0.01061	0.05599	0.02786	0.01395	0.01040	0.06140	0.03406	0.37353	0.03389	0.18230	0.02705	0.11775	0.00846	0.00579	0.00178	0.00435	0.00733	0.00507	0.00712
5	0.00730	0.00532	0.00686	0.00681	0.00792	0.00488	0.00498	0.00942	0.01399	0.01945	0.57379	0.19838	0.09615	0.01235	0.00644	0.00180	0.00266	0.01096	0.00566	0.00488
6	0.01406	0.01308	0.09295	0.01190	0.01571	0.01252	0.06286	0.06854	0.48451	0.08970	0.03388	0.01965	0.04203	0.00705	0.00552	0.00178	0.00501	0.00599	0.00503	0.00824
7	0.01258	0.01040	0.01191	0.00864	0.01333	0.00864	0.00696	0.13006	0.01333	0.02004	0.01006	0.01141	0.00813	0.00436	0.00419	0.00092	0.00428	0.00344	0.00352	0.71379
8	0.80037	0.01007	0.00772	0.00694	0.01014	0.01163	0.00569	0.01559	0.00926	0.02385	0.00806	0.00938	0.00628	0.00506	0.00335	0.00164	0.00406	0.00303	0.05214	0.00577
9	0.01417	0.01171	0.01243	0.01099	0.01414	0.01342	0.00860	0.08051	0.69308	0.04566	0.02119	0.01947	0.01578	0.00720	0.00545	0.00180	0.00438	0.00596	0.00549	0.00856
10	0.00755	0.00548	0.00710	0.00670	0.00799	0.00504	0.00502	0.01003	0.01507	0.02124	0.74576	0.04057	0.08011	0.01108	0.00633	0.00169	0.00254	0.00977	0.00587	0.00504
11	0.02195	0.00866	0.01177	0.00919	0.01297	0.00752	0.00752	0.02409	0.01534	0.68321	0.11875	0.02110	0.01812	0.00720	0.00552	0.00166	0.00430	0.00596	0.00655	0.00861
12	0.00767	0.00575	0.00863	0.00863	0.00959	0.00671	0.00671	0.00959	0.00863	0.01246	0.01438	0.02109	0.01342	0.04026	0.79008	0.00863	0.01438	0.00575	0.00288	0.00479
13	0.00741	0.00548	0.00692	0.00656	0.00791	0.00499	0.00492	0.00977	0.01476	0.02049	0.66881	0.04180	0.15752	0.01136	0.00633	0.00171	0.00256	0.00995	0.00577	0.00499
14	0.01365	0.01168	0.01231	0.01099	0.01407	0.01349	0.00857	0.05983	0.73637	0.02294	0.02146	0.01972	0.01608	0.00725	0.00546	0.00181	0.00432	0.00602	0.00546	0.00852
15	0.01335	0.01153	0.01214	0.01092	0.01396	0.01335	0.00850	0.02852	0.76817	0.02245	0.02185	0.02003	0.01639	0.00728	0.00546	0.00182	0.00425	0.00607	0.00546	0.00850
16	0.84927	0.01038	0.00789	0.00706	0.01038	0.01204	0.00581	0.01578	0.00914	0.02408	0.00747	0.00872	0.00581	0.00498	0.00332	0.00166	0.00415	0.00291	0.00332	0.00581
17	0.84927	0.01038	0.00789	0.00706	0.01038	0.01204	0.00581	0.01578	0.00914	0.02408	0.00747	0.00872	0.00581	0.00498	0.00332	0.00166	0.00415	0.00291	0.00332	0.00581
18	0.01120	0.00975	0.01201	0.00858	0.01338	0.00743	0.03855	0.01367	0.01120	0.01748	0.00960	0.01127	0.00796	0.00400	0.00408	0.00084	0.00419	0.00332	0.00316	0.80834
19	0.00661	0.00545	0.00581	0.00572	0.00742	0.00465	0.00429	0.00822	0.01287	0.01600	0.20858	0.04919	0.62055	0.01303	0.00634	0.00179	0.00268	0.01098	0.00518	0.00465
20	0.01113	0.00954	0.01113	0.00795	0.01272	0.00716	0.00636	0.01352	0.01113	0.01749	0.00954	0.01113	0.00795	0.00398	0.00398	0.00080	0.00398	0.00318	0.00318	0.84417
21	0.01374	0.60786	0.10200	0.04538	0.01569	0.06287	0.01044	0.01600	0.01106	0.01314	0.00822	0.00992	0.00727	0.00677	0.04883	0.00167	0.00674	0.00326	0.00236	0.00679
22	0.84927	0.01038	0.00789	0.00706	0.01038	0.01204	0.00581	0.01578	0.00914	0.02408	0.00747	0.00872	0.00581	0.00498	0.00332	0.00166	0.00415	0.00291	0.00332	0.00581
23	0.02408	0.00914	0.01246	0.00955	0.01370	0.00789	0.00789	0.02616	0.01536	0.78158	0.02118	0.01827	0.01329	0.00664	0.00540	0.00166	0.00457	0.00540	0.00664	0.00914
24	0.01435	0.81458	0.02813	0.00918	0.01378	0.02124	0.00918	0.01607	0.01091	0.01263	0.00746	0.00861	0.00689	0.00459	0.00344	0.00115	0.00574	0.00287	0.00230	0.00689
25	0.02372	0.00971	0.01282	0.00982	0.01399	0.00875	0.00812	0.09805	0.01633	0.70832	0.02037	0.01774	0.01288	0.00662	0.00540	0.00166	0.00470	0.00534	0.00652	0.00913
26	0.00760	0.00549	0.00718	0.00675	0.00802	0.00506	0.00506	0.01013	0.01519	0.02153	0.77503	0.04010	0.05065	0.01097	0.00633	0.00169	0.00253	0.00971	0.00591	0.00506
27	0.00750	0.00546	0.00705	0.00670	0.00797	0.00501	0.00501	0.00992	0.01489	0.02091	0.71295	0.06147	0.09248	0.01128	0.00635	0.00171	0.00256	0.00995	0.00583	0.00501
28	0.01267	0.01448	0.03167	0.02262	0.02805	0.01357	0.75837	0.01719	0.01267	0.01719	0.01086	0.01448	0.00814	0.00452	0.00633	0.00181	0.00905	0.00633	0.00271	0.00724
29	0.00753	0.00548	0.00708	0.00668	0.00798	0.00503	0.00501	0.00999	0.01503	0.02112	0.73376	0.04076	0.09217	0.01112	0.00633	0.00170	0.00254	0.00980	0.00586	0.00503
30	0.01077	0.02777	0.78354	0.01530	0.02323	0.01247	0.01983	0.01700	0.01133	0.01700	0.00963	0.01133	0.00680	0.00510	0.00510	0.00170	0.00793	0.00397	0.00227	0.00793
31	0.01518	0.70038	0.02626	0.00986	0.01419	0.13248	0.00936	0.01685	0.01153	0.01270	0.00758	0.00877	0.00689	0.00473	0.00365	0.00118	0.00631	0.00296	0.00236	0.00679
32	0.01402	0.01186	0.01251	0.01106	0.01421	0.01366	0.00866	0.09762	0.69799	0.02353	0.02100	0.01935	0.01570	0.00720	0.00545	0.00180	0.00440	0.00595	0.00545	0.00856
33	0.01109	0.04173	0.56558	0.01747	0.15407	0.01206	0.01767	0.01630	0.01143	0.01699	0.01083	0.04436	0.00858	0.00556	0.00511	0.00167	0.00717	0.00459	0.04001	0.00773
34	0.03575	0.01131	0.07685	0.02695	0.08320	0.00962	0.18930	0.06230	0.01318	0.03130	0.14221	0.11712	0.06554	0.00784	0.00576	0.00167	0.00549	0.00736	0.00392	0.10331
35	0.00711	0.00545	0.00660	0.00643	0.00783	0.00494	0.00481	0.00912	0.01354	0.01815	0.44114	0.07682	0.30623	0.01387	0.05202	0.00216	0.00331	0.01030	0.00536	0.00483

[dist]
# distance from previous block
# <min> <max>
0	6

[block]
# block no. 3 follows, 45 sequences, length 77
# corresponding to MSA columns:
# 662-671,673-688,690-740
name=unknown_D
#
# <colnr> <probs for GDERKNQSTAVLIFYWHMCP>
#	G	D	E	R	K	N	Q	S	T	A	V	L	I	F	Y	W	H	M	C	P
0	0.34442	0.08769	0.38459	0.01146	0.01701	0.01318	0.01307	0.01630	0.01032	0.01930	0.00850	0.01008	0.00642	0.00516	0.00467	0.00166	0.03307	0.00348	0.00269	0.00693
1	0.01500	0.01152	0.01380	0.04582	0.05274	0.01212	0.03011	0.35789	0.07473	0.03943	0.05857	0.11385	0.03220	0.02207	0.00590	0.00170	0.00510	0.00655	0.00477	0.09612
2	0.01355	0.02715	0.02080	0.09182	0.63286	0.03305	0.01556	0.05398	0.01280	0.01785	0.01009	0.01313	0.00835	0.00492	0.00525	0.00158	0.00645	0.00469	0.00278	0.02335
3	0.01054	0.00992	0.01679	0.62376	0.12626	0.01184	0.03373	0.01398	0.01101	0.01439	0.01065	0.01672	0.00867	0.00589	0.00575	0.00182	0.02341	0.04605	0.00257	0.00625
4	0.00749	0.00548	0.00702	0.00664	0.00795	0.00502	0.00498	0.00992	0.01493	0.02091	0.71140	0.04112	0.11467	0.01121	0.00633	0.00170	0.00255	0.00985	0.00583	0.00502
5	0.01112	0.01114	0.04379	0.53707	0.26386	0.01220	0.01555	0.01467	0.01121	0.01500	0.00971	0.01390	0.00756	0.00518	0.00534	0.00173	0.00694	0.00475	0.00246	0.00681
6	0.00646	0.00544	0.00560	0.00556	0.00732	0.00458	0.00417	0.00792	0.01250	0.01514	0.11956	0.05061	0.71011	0.01336	0.00634	0.00180	0.00270	0.01118	0.00507	0.00458
7	0.00739	0.00537	0.00707	0.00828	0.02523	0.00516	0.00550	0.04548	0.01107	0.01480	0.02832	0.75036	0.03358	0.01603	0.00674	0.00214	0.00333	0.01450	0.00495	0.00469
8	0.01047	0.00781	0.01070	0.01206	0.14851	0.00759	0.00766	0.04999	0.05419	0.06749	0.45405	0.03246	0.09656	0.00939	0.00600	0.00168	0.00362	0.00825	0.00524	0.00627
9	0.09255	0.01269	0.02355	0.13335	0.16612	0.01289	0.36932	0.01709	0.04143	0.04470	0.01092	0.01398	0.00833	0.00503	0.00590	0.00176	0.02479	0.00541	0.00295	0.00724
10	0.01413	0.00928	0.01079	0.00934	0.01223	0.00962	0.00732	0.02238	0.36392	0.19468	0.20490	0.02496	0.04331	0.00806	0.00562	0.00171	0.00385	0.00682	0.00574	0.04133
11	0.01632	0.01297	0.01470	0.10280	0.09449	0.07634	0.01031	0.25254	0.14432	0.09526	0.01451	0.03961	0.01111	0.00638	0.00525	0.00160	0.00570	0.00518	0.01984	0.07077
12	0.01231	0.01411	0.12564	0.05385	0.36232	0.01152	0.10019	0.03443	0.01215	0.01758	0.01053	0.03224	0.00874	0.00499	0.00517	0.00149	0.00635	0.00478	0.00283	0.17878
13	0.84927	0.01038	0.00789	0.00706	0.01038	0.01204	0.00581	0.01578	0.00914	0.02408	0.00747	0.00872	0.00581	0.00498	0.00332	0.00166	0.00415	0.00291	0.00332	0.00581
14	0.01116	0.01052	0.01415	0.02864	0.01446	0.08198	0.14119	0.01506	0.10066	0.03469	0.27009	0.07296	0.04279	0.03233	0.00806	0.00191	0.10131	0.00762	0.00435	0.00606
15	0.01435	0.81458	0.02813	0.00918	0.01378	0.02124	0.00918	0.01607	0.01091	0.01263	0.00746	0.00861	0.00689	0.00459	0.00344	0.00115	0.00574	0.00287	0.00230	0.00689
16	0.00638	0.00544	0.00548	0.00547	0.00727	0.00455	0.00410	0.00777	0.01231	0.01468	0.07284	0.05136	0.75711	0.01353	0.00634	0.00181	0.00271	0.01129	0.00501	0.00455
17	0.01014	0.00954	0.01610	0.79845	0.03697	0.01193	0.01491	0.01371	0.01073	0.01371	0.00954	0.01431	0.00716	0.00537	0.00537	0.00179	0.00716	0.00477	0.00239	0.00596
18	0.01470	0.01324	0.03017	0.07494	0.01625	0.15903	0.02398	0.03796	0.01286	0.11354	0.01090	0.01214	0.00837	0.00483	0.00455	0.00116	0.00566	0.00377	0.00351	0.44844
19	0.00760	0.00549	0.00718	0.00675	0.00802	0.00506	0.00506	0.01013	0.01519	0.02153	0.77503	0.04010	0.05065	0.01097	0.00633	0.00169	0.00253	0.00971	0.00591	0.00506
20	0.84927	0.01038	0.00789	0.00706	0.01038	0.01204	0.00581	0.01578	0.00914	0.02408	0.00747	0.00872	0.00581	0.00498	0.00332	0.00166	0.00415	0.00291	0.00332	0.00581
21	0.01093	0.00659	0.00706	0.00651	0.00802	0.00684	0.00486	0.12314	0.01287	0.02019	0.04393	0.03450	0.02927	0.12333	0.04589	0.00227	0.00399	0.00585	0.49864	0.00534
22	0.01435	0.81458	0.02813	0.00918	0.01378	0.02124	0.00918	0.01607	0.01091	0.01263	0.00746	0.00861	0.00689	0.00459	0.00344	0.00115	0.00574	0.00287	0.00230	0.00689
23	0.00648	0.00546	0.00562	0.00564	0.00741	0.00461	0.00427	0.00793	0.01238	0.01490	0.08909	0.05137	0.71646	0.01350	0.00638	0.00183	0.00278	0.03428	0.00503	0.00457
24	0.01398	0.02182	0.50770	0.01563	0.06433	0.01176	0.07360	0.03806	0.01266	0.17131	0.01216	0.01312	0.00837	0.00538	0.00527	0.00169	0.00720	0.00450	0.00328	0.00819
25	0.01304	0.01341	0.05225	0.05296	0.65788	0.01280	0.08542	0.01648	0.01219	0.01738	0.01013	0.01335	0.00836	0.00479	0.00540	0.00162	0.00671	0.00489	0.00264	0.00829
26	0.25477	0.55831	0.02190	0.00872	0.01289	0.04282	0.00825	0.01616	0.01053	0.01594	0.00749	0.00868	0.00658	0.00473	0.00345	0.00130	0.00541	0.00290	0.00261	0.00656
27	0.02008	0.09956	0.01435	0.00999	0.01386	0.01115	0.00831	0.11377	0.12942	0.45193	0.01874	0.03419	0.01303	0.00766	0.02744	0.00183	0.00506	0.00538	0.00568	0.00856
28	0.00908	0.00738	0.00880	0.02338	0.04788	0.00740	0.00656	0.04224	0.15185	0.01872	0.22700	0.08443	0.27235	0.01117	0.00618	0.00183	0.00351	0.05925	0.00516	0.00582
29	0.00747	0.00548	0.00700	0.00662	0.00794	0.00501	0.00496	0.00988	0.01489	0.02080	0.70055	0.04129	0.12559	0.01124	0.00633	0.00170	0.00255	0.00988	0.00581	0.00501
30	0.00659	0.00471	0.00629	0.00753	0.00787	0.00440	0.00507	0.00756	0.01033	0.01376	0.02956	0.78960	0.03539	0.01677	0.00687	0.00219	0.00316	0.03299	0.00498	0.00437
31	0.01328	0.01240	0.01902	0.09596	0.52818	0.02756	0.01445	0.05434	0.11478	0.01849	0.01295	0.01576	0.02571	0.00561	0.00539	0.00166	0.00610	0.01701	0.00323	0.00812
32	0.02016	0.01313	0.01485	0.03946	0.01637	0.01410	0.00964	0.50931	0.07043	0.19871	0.01592	0.01528	0.02388	0.00663	0.00540	0.00165	0.00549	0.00515	0.00555	0.00890
33	0.78523	0.03184	0.03303	0.00748	0.01099	0.01238	0.00643	0.03018	0.00956	0.02375	0.00765	0.00888	0.00594	0.00500	0.00342	0.00165	0.00435	0.00298	0.00330	0.00597
34	0.01119	0.09886	0.66853	0.01502	0.02240	0.01339	0.04958	0.01685	0.01129	0.01653	0.00944	0.01122	0.00687	0.00511	0.00524	0.00167	0.02278	0.00398	0.00229	0.00777
35	0.01062	0.01019	0.01593	0.37428	0.12209	0.03352	0.05436	0.01335	0.01078	0.01439	0.01351	0.11388	0.03856	0.00760	0.00747	0.00188	0.12814	0.00636	0.01699	0.00609
36	0.00659	0.00514	0.00598	0.00641	0.00756	0.00454	0.00456	0.00794	0.01186	0.01513	0.14083	0.34661	0.38871	0.01451	0.00654	0.00194	0.00285	0.01265	0.00511	0.00454
37	0.82500	0.01052	0.00813	0.00721	0.01056	0.01218	0.00594	0.03757	0.00961	0.02437	0.00763	0.00884	0.00591	0.00503	0.00338	0.00166	0.00420	0.00296	0.00338	0.00591
38	0.01973	0.01008	0.01247	0.00956	0.01374	0.00919	0.00781	0.12162	0.06447	0.44677	0.01746	0.01612	0.01176	0.00606	0.00505	0.00146	0.00455	0.00487	0.02353	0.19369
39	0.02113	0.01186	0.01399	0.01067	0.01495	0.01181	0.00879	0.35912	0.01944	0.36580	0.01626	0.01512	0.01087	0.00629	0.00525	0.00155	0.00512	0.00492	0.00572	0.09134
40	0.01086	0.02723	0.75646	0.01593	0.05006	0.01248	0.01971	0.01698	0.01136	0.01702	0.00965	0.01140	0.00686	0.00509	0.00511	0.00170	0.00788	0.00400	0.00228	0.00795
41	0.00648	0.00544	0.00563	0.00558	0.00733	0.00459	0.00419	0.00797	0.01256	0.01527	0.13352	0.05039	0.69607	0.01331	0.00634	0.00180	0.00270	0.01115	0.00509	0.00459
42	0.84927	0.01038	0.00789	0.00706	0.01038	0.01204	0.00581	0.01578	0.00914	0.02408	0.00747	0.00872	0.00581	0.00498	0.00332	0.00166	0.00415	0.00291	0.00332	0.00581
43	0.00654	0.00467	0.00623	0.00747	0.00779	0.00436	0.00498	0.00747	0.01028	0.01370	0.02959	0.80785	0.03550	0.01682	0.00685	0.00218	0.00311	0.01526	0.00498	0.00436
44	0.00654	0.00467	0.00623	0.00747	0.00779	0.00436	0.00498	0.00747	0.01028	0.01370	0.02959	0.80785	0.03550	0.01682	0.00685	0.00218	0.00311	0.01526	0.00498	0.00436
45	0.02408	0.00914	0.01246	0.00955	0.01370	0.00789	0.00789	0.02616	0.01536	0.78158	0.02118	0.01827	0.01329	0.00664	0.00540	0.00166	0.00457	0.00540	0.00664	0.00914
46	0.01395	0.01183	0.01247	0.01105	0.01419	0.01363	0.00864	0.09059	0.70513	0.02342	0.02109	0.01942	0.01577	0.00721	0.00545	0.00180	0.00439	0.00596	0.00545	0.00855
47	0.00941	0.00594	0.00788	0.00738	0.00894	0.00548	0.00574	0.01188	0.01491	0.09906	0.61720	0.04006	0.04468	0.01094	0.00635	0.00177	0.00300	0.08805	0.00588	0.00547
48	0.84927	0.01038	0.00789	0.00706	0.01038	0.01204	0.00581	0.01578	0.00914	0.02408	0.00747	0.00872	0.00581	0.00498	0.00332	0.00166	0.00415	0.00291	0.00332	0.00581
49	0.00826	0.00597	0.00770	0.02376	0.00912	0.00569	0.00559	0.01138	0.05201	0.03668	0.65038	0.03931	0.07596	0.01083	0.00629	0.00173	0.00285	0.03542	0.00576	0.00531
50	0.01206	0.00964	0.01079	0.01000	0.01247	0.01068	0.00788	0.05084	0.46721	0.04016	0.14371	0.06013	0.02426	0.00923	0.00592	0.00189	0.00409	0.10624	0.00547	0.00734
51	0.01207	0.00927	0.01146	0.01189	0.06645	0.03157	0.00901	0.03051	0.20547	0.08314	0.05569	0.06062	0.04060	0.01056	0.00714	0.00206	0.06276	0.27826	0.00486	0.00661
52	0.00799	0.00556	0.00729	0.00684	0.00816	0.00512	0.00513	0.01047	0.01509	0.04050	0.73895	0.05715	0.04936	0.01100	0.00632	0.00170	0.00260	0.00973	0.00591	0.00515
53	0.01314	0.01360	0.06459	0.03196	0.73547	0.01274	0.01666	0.01650	0.01217	0.01751	0.01007	0.01318	0.00841	0.00480	0.00530	0.00160	0.00646	0.00474	0.00264	0.00847
54	0.00877	0.00575	0.00755	0.00695	0.00842	0.00527	0.00527	0.01127	0.01521	0.07563	0.72137	0.03854	0.04799	0.01067	0.00626	0.00169	0.00268	0.00940	0.00596	0.00535
55	0.00789	0.00600	0.00909	0.00873	0.00971	0.00674	0.03548	0.00960	0.00865	0.01232	0.01464	0.02306	0.01418	0.16118	0.63852	0.00782	0.01272	0.00610	0.00293	0.00464
56	0.01088	0.00936	0.01166	0.12518	0.01610	0.00777	0.00755	0.01342	0.01106	0.01692	0.01006	0.02592	0.00844	0.00446	0.00423	0.00098	0.00440	0.00367	0.02025	0.68771
57	0.01264	0.01011	0.01365	0.30049	0.04782	0.01161	0.01107	0.09597	0.21943	0.05952	0.01650	0.03819	0.01356	0.00826	0.02780	0.00203	0.00588	0.07959	0.01885	0.00705
58	0.01113	0.00954	0.01113	0.00795	0.01272	0.00716	0.00636	0.01352	0.01113	0.01749	0.00954	0.01113	0.00795	0.00398	0.00398	0.00080	0.00398	0.00318	0.00318	0.84417
59	0.01323	0.01124	0.01316	0.03082	0.11064	0.01259	0.00941	0.04986	0.55736	0.03574	0.06692	0.02056	0.03005	0.00722	0.00551	0.00177	0.00451	0.00614	0.00508	0.00819
60	0.00690	0.00546	0.00621	0.00603	0.00759	0.00477	0.00452	0.00879	0.01356	0.01764	0.37609	0.04650	0.45202	0.01242	0.00634	0.00176	0.00264	0.01061	0.00540	0.00477
61	0.19026	0.00939	0.01154	0.00905	0.01303	0.00873	0.00747	0.02407	0.01411	0.62904	0.01842	0.01635	0.01178	0.00631	0.00498	0.00166	0.00448	0.00490	0.00597	0.00847
62	0.00792	0.00558	0.00712	0.00668	0.00809	0.00508	0.00503	0.01030	0.01485	0.04223	0.66894	0.04084	0.13485	0.01116	0.00631	0.00170	0.00261	0.00978	0.00582	0.00512
63	0.00740	0.00494	0.00639	0.00726	0.00772	0.00462	0.00482	0.00826	0.01018	0.04320	0.02816	0.64397	0.05401	0.13041	0.00972	0.00258	0.00346	0.01369	0.00480	0.00439
64	0.02041	0.01504	0.01611	0.01235	0.01665	0.01665	0.01020	0.75997	0.02524	0.03383	0.01289	0.01289	0.00913	0.00644	0.00537	0.00161	0.00591	0.00483	0.00537	0.00913
65	0.01335	0.01153	0.01214	0.01092	0.01396	0.01335	0.00850	0.02852	0.76817	0.02245	0.02185	0.02003	0.01639	0.00728	0.00546	0.00182	0.00425	0.00607	0.00546	0.00850
66	0.84927	0.01038	0.00789	0.00706	0.01038	0.01204	0.00581	0.01578	0.00914	0.02408	0.00747	0.00872	0.00581	0.00498	0.00332	0.00166	0.00415	0.00291	0.00332	0.00581
67	0.01435	0.81458	0.02813	0.00918	0.01378	0.02124	0.00918	0.01607	0.01091	0.01263	0.00746	0.00861	0.00689	0.00459	0.00344	0.00115	0.00574	0.00287	0.00230	0.00689
68	0.01077	0.02777	0.78354	0.01530	0.02323	0.01247	0.01983	0.01700	0.01133	0.01700	0.00963	0.01133	0.00680	0.00510	0.00510	0.00170	0.00793	0.00397	0.00227	0.00793
69	0.00654	0.00467	0.00623	0.00747	0.00779	0.00436	0.00498	0.00747	0.01028	0.01370	0.02959	0.80785	0.03550	0.01682	0.00685	0.00218	0.00311	0.01526	0.00498	0.00436
70	0.00825	0.00579	0.00745	0.00690	0.00833	0.00537	0.00522	0.02685	0.01533	0.04073	0.71666	0.03932	0.07166	0.01085	0.00629	0.00169	0.00266	0.00954	0.00589	0.00524
71	0.01179	0.13097	0.56337	0.01534	0.02235	0.04006	0.10988	0.01705	0.01157	0.01631	0.00945	0.01131	0.00698	0.00498	0.00502	0.00163	0.00784	0.00410	0.00234	0.00765
72	0.01122	0.00951	0.01115	0.00811	0.01268	0.00740	0.00649	0.03444	0.01141	0.01771	0.00987	0.01167	0.00825	0.00583	0.04277	0.00120	0.00454	0.00335	0.00323	0.77916
73	0.01573	0.05649	0.03332	0.01123	0.01480	0.01268	0.05438	0.14199	0.35088	0.14991	0.03456	0.01905	0.02605	0.04649	0.00648	0.00188	0.00502	0.00579	0.00512	0.00813
74	0.01359	0.04328	0.05018	0.01044	0.01366	0.04769	0.00859	0.02430	0.50296	0.08326	0.07313	0.02202	0.06829	0.00761	0.00545	0.00175	0.00455	0.00627	0.00515	0.00786
75	0.36188	0.01262	0.09313	0.05758	0.17678	0.01166	0.04193	0.01784	0.02297	0.14075	0.01089	0.01218	0.00800	0.00525	0.00453	0.00167	0.00545	0.00410	0.00355	0.00724
76	0.03083	0.05015	0.01247	0.06913	0.01408	0.03480	0.00833	0.15647	0.20739	0.02088	0.04236	0.03518	0.01386	0.04984	0.02650	0.00203	0.07408	0.00556	0.13919	0.00685

[dist]
# distance from previous block
# <min> <max>
0	1

[block]
# block no. 4 follows, 45 sequences, length 48
# corresponding to MSA columns:
# 742-746,748-763,765-791
name=unknown_E
#
# <colnr> <probs for GDERKNQSTAVLIFYWHMCP>
#	G	D	E	R	K	N	Q	S	T	A	V	L	I	F	Y	W	H	M	C	P
0	0.00654	0.00467	0.00623	0.00747	0.00779	0.00436	0.00498	0.00747	0.01028	0.01370	0.02959	0.80785	0.03550	0.01682	0.00685	0.00218	0.00311	0.01526	0.00498	0.00436
1	0.26691	0.04856	0.01492	0.01149	0.01532	0.14594	0.05282	0.33867	0.01741	0.02557	0.01015	0.01102	0.00761	0.00566	0.00465	0.00158	0.00620	0.00403	0.00404	0.00744
2	0.01031	0.00958	0.01608	0.73256	0.07678	0.01176	0.01466	0.01383	0.01083	0.01411	0.00981	0.01443	0.00743	0.00536	0.00532	0.00176	0.00697	0.00478	0.02757	0.00607
3	0.84927	0.01038	0.00789	0.00706	0.01038	0.01204	0.00581	0.01578	0.00914	0.02408	0.00747	0.00872	0.00581	0.00498	0.00332	0.00166	0.00415	0.00291	0.00332	0.00581
4	0.01266	0.01423	0.03027	0.02282	0.07394	0.01367	0.67346	0.01693	0.01241	0.01699	0.01061	0.01426	0.00811	0.00479	0.00686	0.00182	0.05006	0.00615	0.00269	0.00725
5	0.00634	0.00544	0.00544	0.00544	0.00725	0.00453	0.00408	0.00770	0.01224	0.01450	0.05438	0.05166	0.77569	0.01359	0.00634	0.00181	0.00272	0.01133	0.00498	0.00453
6	0.01014	0.00954	0.01610	0.79845	0.03697	0.01193	0.01491	0.01371	0.01073	0.01371	0.00954	0.01431	0.00716	0.00537	0.00537	0.00179	0.00716	0.00477	0.00239	0.00596
7	0.01435	0.81458	0.02813	0.00918	0.01378	0.02124	0.00918	0.01607	0.01091	0.01263	0.00746	0.00861	0.00689	0.00459	0.00344	0.00115	0.00574	0.00287	0.00230	0.00689
8	0.02041	0.01504	0.01611	0.01235	0.01665	0.01665	0.01020	0.75997	0.02524	0.03383	0.01289	0.01289	0.00913	0.00644	0.00537	0.00161	0.00591	0.00483	0.00537	0.00913
9	0.02005	0.02558	0.01521	0.01383	0.01659	0.78980	0.01037	0.02143	0.01521	0.01314	0.00830	0.00968	0.00691	0.00553	0.00484	0.00138	0.00968	0.00346	0.00277	0.00622
10	0.01014	0.00954	0.01610	0.79845	0.03697	0.01193	0.01491	0.01371	0.01073	0.01371	0.00954	0.01431	0.00716	0.00537	0.00537	0.00179	0.00716	0.00477	0.00239	0.00596
11	0.04716	0.00950	0.01244	0.00953	0.01370	0.00842	0.00786	0.06324	0.01545	0.67580	0.01966	0.01729	0.01254	0.00643	0.00525	0.00161	0.00459	0.00517	0.00628	0.05808
12	0.00865	0.00618	0.00865	0.00989	0.01112	0.00618	0.00865	0.01112	0.01236	0.01606	0.02842	0.06055	0.03089	0.01483	0.00741	0.00247	0.00494	0.74174	0.00494	0.00494
13	0.00655	0.00486	0.00613	0.00714	0.00776	0.00444	0.00490	0.00761	0.01071	0.01392	0.03441	0.64112	0.18021	0.01614	0.00677	0.00212	0.00308	0.03274	0.00498	0.00441
14	0.00710	0.00513	0.00659	0.00745	0.00807	0.00485	0.00518	0.02435	0.01108	0.01470	0.07997	0.59479	0.08962	0.05711	0.00785	0.00228	0.00333	0.06107	0.00496	0.00450
15	0.02255	0.00962	0.01253	0.00978	0.01377	0.00883	0.00802	0.06912	0.08337	0.65308	0.03721	0.01859	0.01414	0.00678	0.00542	0.00167	0.00457	0.00552	0.00645	0.00899
16	0.02408	0.00914	0.01246	0.00955	0.01370	0.00789	0.00789	0.02616	0.01536	0.78158	0.02118	0.01827	0.01329	0.00664	0.00540	0.00166	0.00457	0.00540	0.00664	0.00914
17	0.02003	0.00855	0.01115	0.00885	0.01229	0.00773	0.00719	0.06829	0.01552	0.54665	0.12618	0.02119	0.01833	0.00720	0.00535	0.00162	0.00414	0.00593	0.09569	0.00812
18	0.01030	0.00793	0.01067	0.01053	0.05348	0.00789	0.05129	0.03178	0.14084	0.06091	0.18257	0.08644	0.16115	0.01086	0.00630	0.00191	0.00414	0.14979	0.00509	0.00612
19	0.01294	0.01626	0.09460	0.02149	0.02697	0.05906	0.65168	0.01743	0.01271	0.01694	0.01061	0.01393	0.00796	0.00463	0.00614	0.00178	0.00899	0.00596	0.00268	0.00724
20	0.01195	0.01433	0.09186	0.01838	0.02189	0.01419	0.39793	0.01530	0.01087	0.01552	0.01003	0.04100	0.00859	0.00676	0.01030	0.00201	0.29391	0.00585	0.00262	0.00671
21	0.01319	0.01476	0.03957	0.02182	0.16940	0.08188	0.36822	0.01647	0.01179	0.01595	0.00961	0.01316	0.00784	0.00576	0.00850	0.00185	0.18514	0.00537	0.00262	0.00710
22	0.01001	0.00500	0.00500	0.00500	0.00625	0.00500	0.00375	0.01251	0.01126	0.02001	0.01751	0.02001	0.01376	0.00625	0.00375	0.00125	0.00250	0.00500	0.84115	0.00500
23	0.01350	0.01498	0.10556	0.04550	0.54047	0.05325	0.01555	0.04018	0.08467	0.01811	0.01114	0.01353	0.00897	0.00516	0.00528	0.00162	0.00652	0.00475	0.00296	0.00828
24	0.00802	0.00562	0.00693	0.00664	0.00805	0.00517	0.00496	0.01049	0.03000	0.04024	0.52026	0.09330	0.16861	0.01135	0.00617	0.00172	0.00269	0.00990	0.05475	0.00510
25	0.00783	0.00600	0.00735	0.00725	0.00849	0.00583	0.00536	0.03783	0.03253	0.01811	0.34577	0.24474	0.19792	0.01277	0.00683	0.00187	0.03212	0.01108	0.00530	0.00503
26	0.01466	0.77121	0.02742	0.00944	0.01393	0.06349	0.00925	0.01637	0.01114	0.01266	0.00751	0.00867	0.00689	0.00464	0.00352	0.00116	0.00596	0.00290	0.00232	0.00685
27	0.00665	0.00472	0.00620	0.00733	0.00761	0.00444	0.00483	0.00750	0.01006	0.01341	0.02845	0.73848	0.03407	0.08814	0.00869	0.00245	0.00330	0.01459	0.00483	0.00426
28	0.84927	0.01038	0.00789	0.00706	0.01038	0.01204	0.00581	0.01578	0.00914	0.02408	0.00747	0.00872	0.00581	0.00498	0.00332	0.00166	0.00415	0.00291	0.00332	0.00581
29	0.00635	0.00541	0.00547	0.00551	0.00727	0.00453	0.00411	0.00770	0.01216	0.01447	0.05347	0.07932	0.74862	0.01371	0.00636	0.00183	0.00273	0.01147	0.00498	0.00453
30	0.01907	0.00822	0.01090	0.00876	0.01211	0.00729	0.00708	0.02171	0.04362	0.54337	0.18900	0.02498	0.06354	0.00800	0.00566	0.00168	0.00401	0.00670	0.00635	0.00796
31	0.11113	0.01089	0.03832	0.41489	0.14845	0.01186	0.02495	0.03463	0.01118	0.01668	0.00961	0.01316	0.00750	0.00529	0.00541	0.00167	0.03483	0.00443	0.02402	0.07109
32	0.01435	0.81458	0.02813	0.00918	0.01378	0.02124	0.00918	0.01607	0.01091	0.01263	0.00746	0.00861	0.00689	0.00459	0.00344	0.00115	0.00574	0.00287	0.00230	0.00689
33	0.01444	0.48422	0.04437	0.01078	0.03477	0.12087	0.00951	0.01861	0.14026	0.01511	0.05234	0.01263	0.01095	0.00554	0.00423	0.00135	0.00592	0.00395	0.00310	0.00705
34	0.01138	0.02445	0.62689	0.05545	0.12442	0.01237	0.01887	0.01698	0.01152	0.03455	0.00996	0.01190	0.00719	0.00511	0.00515	0.00169	0.00761	0.00415	0.00243	0.00794
35	0.02824	0.08560	0.42488	0.03054	0.10833	0.01248	0.07099	0.01798	0.01210	0.12674	0.02564	0.01312	0.00885	0.00531	0.00512	0.00165	0.00699	0.00446	0.00307	0.00791
36	0.02707	0.03284	0.42029	0.03647	0.01984	0.03269	0.02916	0.14654	0.01392	0.06460	0.02976	0.01307	0.00895	0.00593	0.00606	0.00170	0.06655	0.00446	0.03239	0.00772
37	0.00691	0.00539	0.00703	0.00748	0.00845	0.00496	0.02850	0.00851	0.03016	0.01467	0.07612	0.52767	0.22418	0.01505	0.00664	0.00204	0.00320	0.01344	0.00498	0.00464
38	0.06858	0.08861	0.39155	0.03606	0.11105	0.11898	0.02780	0.03290	0.03253	0.01704	0.00990	0.01213	0.00769	0.00531	0.00491	0.00161	0.00736	0.01586	0.00266	0.00747
39	0.01323	0.05825	0.14569	0.30130	0.18595	0.03186	0.01452	0.05563	0.04504	0.08117	0.01121	0.01367	0.00838	0.00541	0.00520	0.00167	0.00670	0.00461	0.00307	0.00743
40	0.00812	0.00689	0.00857	0.02508	0.05444	0.00694	0.00638	0.01073	0.05505	0.01690	0.23999	0.05449	0.37198	0.01154	0.00728	0.00184	0.07670	0.02694	0.00483	0.00529
41	0.00713	0.00505	0.00671	0.00779	0.00831	0.00481	0.00558	0.00829	0.01059	0.01403	0.04268	0.55476	0.04799	0.07322	0.00869	0.01891	0.00365	0.16262	0.00482	0.00438
42	0.01449	0.61151	0.06140	0.01020	0.01454	0.11904	0.02458	0.01648	0.01177	0.01352	0.05282	0.01085	0.00948	0.00511	0.00393	0.00125	0.00623	0.00347	0.00258	0.00675
43	0.04572	0.01619	0.18096	0.05139	0.18052	0.09290	0.01293	0.08433	0.06112	0.13225	0.06220	0.01521	0.01179	0.00604	0.00550	0.00165	0.02278	0.00490	0.00381	0.00780
44	0.02220	0.00872	0.01185	0.00923	0.01305	0.00757	0.00757	0.02433	0.01534	0.69461	0.10744	0.02077	0.01756	0.00714	0.00550	0.00166	0.00433	0.00589	0.00656	0.00867
45	0.00709	0.00515	0.00593	0.00622	0.00685	0.00481	0.00403	0.00784	0.01006	0.01303	0.07885	0.23785	0.22037	0.35039	0.01531	0.00333	0.00386	0.01075	0.00431	0.00398
46	0.02001	0.03026	0.03463	0.07480	0.01737	0.03613	0.01005	0.42669	0.02012	0.23683	0.01467	0.01440	0.01004	0.00631	0.00528	0.00162	0.00573	0.00488	0.02154	0.00863
47	0.02022	0.01366	0.01541	0.05802	0.01729	0.01486	0.01006	0.57781	0.04179	0.15424	0.01427	0.01403	0.00988	0.00643	0.00538	0.00163	0.00572	0.00495	0.00540	0.00893

[dist]
# distance from previous block
# <min> <max>
0	4

[block]
# block no. 5 follows, 45 sequences, length 51
# corresponding to MSA columns:
# 796-819,826-852
name=unknown_F
#
# <colnr> <probs for GDERKNQSTAVLIFYWHMCP>
#	G	D	E	R	K	N	Q	S	T	A	V	L	I	F	Y	W	H	M	C	P
0	0.61479	0.14879	0.01203	0.00793	0.01151	0.05648	0.00675	0.03109	0.01017	0.02149	0.00770	0.00892	0.00620	0.00494	0.00349	0.00153	0.00476	0.00298	0.00315	0.03530
1	0.01080	0.00633	0.00740	0.00664	0.00892	0.00542	0.00515	0.01252	0.01346	0.19966	0.16271	0.04178	0.47578	0.01150	0.00612	0.00176	0.00313	0.00964	0.00553	0.00572
2	0.01522	0.61275	0.02493	0.01039	0.01432	0.16295	0.00958	0.01684	0.01152	0.01274	0.00759	0.00903	0.00690	0.00510	0.00469	0.00128	0.06198	0.00311	0.00239	0.00669
3	0.00651	0.00547	0.00567	0.00569	0.00744	0.00463	0.00431	0.00800	0.01245	0.01506	0.10509	0.05114	0.69791	0.01345	0.00638	0.00183	0.00278	0.03656	0.00505	0.00458
4	0.00650	0.00484	0.00606	0.00703	0.00767	0.00440	0.00479	0.00752	0.01070	0.01388	0.03494	0.64461	0.19529	0.01612	0.00674	0.00210	0.00303	0.01441	0.00498	0.00440
5	0.00662	0.00492	0.00612	0.00700	0.00768	0.00449	0.00481	0.00770	0.01082	0.01405	0.05644	0.57353	0.19971	0.04346	0.00745	0.00220	0.00312	0.03055	0.00495	0.00439
6	0.01367	0.01147	0.01208	0.01071	0.01377	0.01314	0.00838	0.09222	0.65788	0.02316	0.02189	0.02033	0.03812	0.00736	0.00543	0.00179	0.00430	0.00608	0.02989	0.00833
7	0.02015	0.01491	0.01596	0.01230	0.01655	0.01653	0.01014	0.73307	0.05256	0.03341	0.01322	0.01315	0.00940	0.00647	0.00537	0.00162	0.00585	0.00488	0.00537	0.00911
8	0.84927	0.01038	0.00789	0.00706	0.01038	0.01204	0.00581	0.01578	0.00914	0.02408	0.00747	0.00872	0.00581	0.00498	0.00332	0.00166	0.00415	0.00291	0.00332	0.00581
9	0.84927	0.01038	0.00789	0.00706	0.01038	0.01204	0.00581	0.01578	0.00914	0.02408	0.00747	0.00872	0.00581	0.00498	0.00332	0.00166	0.00415	0.00291	0.00332	0.00581
10	0.00760	0.00549	0.00718	0.00675	0.00802	0.00506	0.00506	0.01013	0.01519	0.02153	0.77503	0.04010	0.05065	0.01097	0.00633	0.00169	0.00253	0.00971	0.00591	0.00506
11	0.02041	0.01504	0.01611	0.01235	0.01665	0.01665	0.01020	0.75997	0.02524	0.03383	0.01289	0.01289	0.00913	0.00644	0.00537	0.00161	0.00591	0.00483	0.00537	0.00913
12	0.00865	0.00618	0.00865	0.00989	0.01112	0.00618	0.00865	0.01112	0.01236	0.01606	0.02842	0.06055	0.03089	0.01483	0.00741	0.00247	0.00494	0.74174	0.00494	0.00494
13	0.84927	0.01038	0.00789	0.00706	0.01038	0.01204	0.00581	0.01578	0.00914	0.02408	0.00747	0.00872	0.00581	0.00498	0.00332	0.00166	0.00415	0.00291	0.00332	0.00581
