[name]
unknown

[dist]
# distance from previous block
# <min> <max>
0	27

[block]
# block no. 0 follows, 42 sequences, length 24
# corresponding to MSA columns:
# 1104-1127
name=unknown_A
#
# <colnr> <probs for GDERKNQSTAVLIFYWHMCP>
#	G	D	E	R	K	N	Q	S	T	A	V	L	I	F	Y	W	H	M	C	P
0	0.02857	0.10511	0.08586	0.06911	0.01612	0.03169	0.02341	0.13708	0.08942	0.02068	0.11377	0.05170	0.08725	0.00871	0.00594	0.00179	0.01637	0.07101	0.00443	0.03197
1	0.01501	0.53043	0.04367	0.01022	0.01451	0.05858	0.00955	0.09493	0.05758	0.01653	0.01319	0.05325	0.04920	0.00641	0.00442	0.00142	0.00591	0.00462	0.00326	0.00730
2	0.05474	0.00993	0.04810	0.02166	0.01289	0.00843	0.00760	0.09187	0.01398	0.07638	0.11691	0.06794	0.09811	0.01016	0.05140	0.00196	0.00498	0.02592	0.00451	0.27250
3	0.01084	0.09057	0.01112	0.00861	0.01093	0.00945	0.00672	0.07718	0.14403	0.03573	0.12623	0.22204	0.17967	0.01153	0.00613	0.00186	0.00390	0.00985	0.00517	0.02845
4	0.03669	0.20349	0.07820	0.01099	0.01524	0.05055	0.00991	0.15972	0.01436	0.01975	0.01107	0.05806	0.00973	0.00634	0.00591	0.00145	0.07670	0.00457	0.00351	0.22375
5	0.10126	0.01332	0.01764	0.04387	0.08081	0.10054	0.13547	0.01542	0.01134	0.01654	0.01197	0.08279	0.02599	0.00776	0.00931	0.00192	0.23731	0.00587	0.00309	0.07780
6	0.00848	0.00609	0.00761	0.00828	0.00903	0.00600	0.00570	0.08673	0.01229	0.01641	0.02836	0.66971	0.03328	0.06306	0.00829	0.00241	0.00371	0.01437	0.00516	0.00503
7	0.01167	0.01000	0.01167	0.00834	0.01334	0.00750	0.00667	0.01417	0.01167	0.01834	0.01000	0.01167	0.00834	0.00417	0.00417	0.00083	0.00417	0.00333	0.00333	0.83663
8	0.00698	0.00502	0.00680	0.00796	0.00836	0.00483	0.00542	0.00807	0.01059	0.01423	0.02932	0.71585	0.03475	0.02025	0.08949	0.00301	0.00452	0.01494	0.00499	0.00462
9	0.04813	0.01443	0.13450	0.11240	0.06026	0.01186	0.15468	0.07617	0.01381	0.14814	0.01282	0.01457	0.00926	0.00562	0.00573	0.00167	0.02394	0.00502	0.03166	0.11532
10	0.00730	0.00548	0.00768	0.00832	0.00896	0.00513	0.03791	0.00841	0.01080	0.01431	0.03031	0.63869	0.07366	0.08869	0.00911	0.00254	0.00376	0.02938	0.00495	0.00462
11	0.05553	0.00738	0.00851	0.00820	0.00970	0.00764	0.00616	0.08807	0.01333	0.01824	0.11366	0.28091	0.25202	0.02718	0.00795	0.00209	0.07186	0.01113	0.00501	0.00544
12	0.05660	0.01039	0.01574	0.34796	0.20303	0.01103	0.01274	0.01448	0.01177	0.01670	0.01503	0.01802	0.08857	0.00612	0.00535	0.00164	0.00606	0.00534	0.00306	0.15036
13	0.01907	0.01452	0.01760	0.01328	0.01793	0.01522	0.08836	0.51520	0.04489	0.06017	0.01342	0.01388	0.00969	0.00621	0.00553	0.00160	0.00615	0.00505	0.00506	0.12717
14	0.01270	0.18306	0.32840	0.01645	0.02221	0.01585	0.19777	0.01706	0.01167	0.01632	0.00956	0.01218	0.00754	0.00573	0.00718	0.00179	0.11977	0.00465	0.00251	0.00760
15	0.01026	0.09225	0.01060	0.00809	0.01045	0.00839	0.00625	0.01380	0.11412	0.05550	0.08341	0.22794	0.19829	0.03410	0.00664	0.00189	0.00382	0.00972	0.00489	0.09958
16	0.00720	0.00587	0.00640	0.00641	0.00808	0.00519	0.00475	0.00936	0.04149	0.01682	0.18622	0.12990	0.52476	0.01384	0.00667	0.00192	0.00292	0.01179	0.00543	0.00500
17	0.01291	0.01044	0.01209	0.00884	0.01369	0.00846	0.00709	0.05911	0.05168	0.04968	0.01137	0.01257	0.00909	0.00461	0.00440	0.00098	0.00433	0.00369	0.00374	0.71124
18	0.01238	0.01026	0.01192	0.00863	0.01355	0.00807	0.00691	0.04153	0.03368	0.03518	0.01076	0.01216	0.00875	0.00442	0.00430	0.00091	0.00426	0.00353	0.00356	0.76523
19	0.02403	0.00976	0.01287	0.00997	0.01415	0.00876	0.00820	0.06785	0.03256	0.67433	0.02152	0.01897	0.01378	0.00695	0.00557	0.00172	0.00475	0.00562	0.04931	0.00934
20	0.01167	0.01000	0.01167	0.00834	0.01334	0.00750	0.00667	0.01417	0.01167	0.01834	0.01000	0.01167	0.00834	0.00417	0.00417	0.00083	0.00417	0.00333	0.00333	0.83663
21	0.01779	0.01930	0.01463	0.05287	0.01729	0.39474	0.01024	0.03858	0.31423	0.04092	0.01498	0.01510	0.01150	0.00658	0.00539	0.00167	0.00749	0.00489	0.00419	0.00762
22	0.01088	0.00902	0.01383	0.46231	0.02695	0.01015	0.01165	0.01384	0.01175	0.05281	0.09241	0.05666	0.01509	0.06144	0.00750	0.00201	0.02368	0.00612	0.00341	0.10849
23	0.13873	0.12637	0.01681	0.09061	0.01765	0.01619	0.01002	0.41881	0.01932	0.02734	0.01224	0.04137	0.00976	0.02404	0.00559	0.00175	0.00591	0.00494	0.00447	0.00807

[dist]
# distance from previous block
# <min> <max>
0	6

[block]
# block no. 1 follows, 42 sequences, length 36
# corresponding to MSA columns:
# 1134-1155,1158-1171
name=unknown_B
#
# <colnr> <probs for GDERKNQSTAVLIFYWHMCP>
#	G	D	E	R	K	N	Q	S	T	A	V	L	I	F	Y	W	H	M	C	P
0	0.14731	0.01715	0.21974	0.01405	0.05238	0.04837	0.07672	0.03251	0.09354	0.03306	0.02124	0.01330	0.00925	0.00585	0.00608	0.00169	0.06822	0.00451	0.00335	0.13168
1	0.01705	0.01391	0.01705	0.14820	0.02115	0.04167	0.07174	0.40620	0.01971	0.02652	0.01228	0.01415	0.00919	0.02066	0.00588	0.00168	0.00647	0.00497	0.02395	0.11759
2	0.01983	0.01095	0.01286	0.01041	0.01415	0.01115	0.00842	0.18258	0.18408	0.34655	0.03548	0.01988	0.03469	0.00732	0.00557	0.00174	0.00475	0.00591	0.07484	0.00885
3	0.00883	0.00600	0.00679	0.00664	0.00850	0.00515	0.00495	0.01037	0.01311	0.09862	0.10714	0.17106	0.50485	0.01378	0.00663	0.00194	0.00311	0.01173	0.00550	0.00530
4	0.01672	0.63922	0.02651	0.01007	0.01480	0.02044	0.00964	0.10667	0.01367	0.08297	0.00979	0.01047	0.00810	0.00524	0.00404	0.00131	0.00593	0.00349	0.00320	0.00772
5	0.00917	0.00507	0.00693	0.00697	0.00698	0.00506	0.00443	0.00762	0.00772	0.01029	0.01301	0.04945	0.01408	0.26794	0.02361	0.54470	0.00501	0.00630	0.00284	0.00282
6	0.00752	0.00601	0.00930	0.00942	0.01037	0.00559	0.08306	0.00892	0.01112	0.01478	0.02995	0.68774	0.06210	0.01615	0.00711	0.00223	0.00390	0.01486	0.00497	0.00489
7	0.01167	0.01000	0.01167	0.00834	0.01334	0.00750	0.00667	0.01417	0.01167	0.01834	0.01000	0.01167	0.00834	0.00417	0.00417	0.00083	0.00417	0.00333	0.00333	0.83663
8	0.01458	0.51464	0.11580	0.07581	0.01795	0.09064	0.01179	0.01704	0.01169	0.01396	0.00833	0.01021	0.00725	0.00541	0.00523	0.00145	0.06513	0.00351	0.00246	0.00713
9	0.00793	0.00535	0.00621	0.00647	0.00653	0.00528	0.00376	0.00812	0.00869	0.01158	0.02031	0.18454	0.02371	0.65008	0.02448	0.00484	0.00503	0.00970	0.00376	0.00364
10	0.21450	0.01046	0.01198	0.00962	0.01347	0.01043	0.00786	0.13654	0.01595	0.41039	0.05286	0.05283	0.01433	0.00723	0.00526	0.00176	0.00474	0.00564	0.00582	0.00833
11	0.78146	0.04786	0.00946	0.00770	0.01123	0.03409	0.00639	0.01672	0.00984	0.02438	0.00786	0.00916	0.00618	0.00522	0.00353	0.00171	0.00459	0.00306	0.00342	0.00616
12	0.00998	0.00686	0.00924	0.00901	0.01026	0.00751	0.00684	0.07178	0.01135	0.05463	0.01916	0.20678	0.01928	0.05617	0.40852	0.00579	0.03095	0.00832	0.04206	0.00551
13	0.01995	0.01419	0.01561	0.01186	0.01644	0.01486	0.00976	0.55354	0.02289	0.09484	0.01361	0.01366	0.00972	0.00630	0.00537	0.00154	0.00570	0.00480	0.00533	0.16004
14	0.00978	0.00489	0.00733	0.00733	0.00733	0.00489	0.00489	0.00733	0.00733	0.00978	0.00978	0.01711	0.00978	0.01955	0.02199	0.83627	0.00489	0.00489	0.00244	0.00244
15	0.00763	0.00566	0.00676	0.00676	0.00818	0.00502	0.00496	0.00949	0.01378	0.03462	0.33932	0.18876	0.32139	0.01361	0.00672	0.00192	0.00289	0.01183	0.00566	0.00505
16	0.02511	0.00980	0.01320	0.01012	0.01448	0.00860	0.00836	0.05349	0.01648	0.74443	0.02189	0.01895	0.01377	0.00696	0.00566	0.00174	0.00484	0.00564	0.00692	0.00958
17	0.00804	0.00603	0.00904	0.00904	0.01005	0.00703	0.00703	0.01005	0.00904	0.01306	0.01507	0.02211	0.01407	0.04221	0.77992	0.00904	0.01507	0.00603	0.00301	0.00502
18	0.53129	0.01052	0.01017	0.00846	0.01227	0.01117	0.00697	0.03613	0.01228	0.29310	0.01311	0.01283	0.00898	0.00588	0.00431	0.00174	0.00455	0.00403	0.00478	0.00742
19	0.02491	0.01012	0.01339	0.01027	0.01464	0.00907	0.00848	0.09043	0.01701	0.70674	0.02144	0.01866	0.01355	0.00695	0.00566	0.00174	0.00491	0.00561	0.00685	0.00958
20	0.17298	0.01448	0.01506	0.01174	0.01605	0.01599	0.00970	0.56886	0.02271	0.07901	0.01300	0.01305	0.00920	0.00649	0.00524	0.00170	0.00577	0.00473	0.00532	0.00893
21	0.02034	0.01515	0.01629	0.01270	0.01698	0.01684	0.01043	0.66317	0.08998	0.03375	0.01438	0.01443	0.01037	0.00790	0.02892	0.00193	0.00631	0.00521	0.00556	0.00938
22	0.00856	0.00543	0.00695	0.00761	0.00833	0.00502	0.00514	0.00953	0.01097	0.07662	0.03014	0.56734	0.08423	0.13390	0.01023	0.00269	0.00369	0.01368	0.00510	0.00482
23	0.00692	0.00503	0.00653	0.00760	0.00813	0.00464	0.00515	0.00806	0.01132	0.01504	0.08690	0.68141	0.09869	0.01690	0.00710	0.00222	0.00319	0.01523	0.00530	0.00464
24	0.00816	0.00596	0.00769	0.00722	0.00861	0.00559	0.00543	0.01125	0.04015	0.02260	0.73992	0.04135	0.05193	0.01138	0.00661	0.00177	0.00271	0.01005	0.00618	0.00543
25	0.00703	0.00572	0.00623	0.00610	0.00784	0.00491	0.00458	0.00882	0.01373	0.01735	0.26282	0.05063	0.55769	0.01345	0.00665	0.00186	0.00279	0.01138	0.00551	0.00491
26	0.01954	0.01396	0.01588	0.09387	0.01886	0.01540	0.01067	0.54088	0.06056	0.09264	0.01515	0.05053	0.01137	0.00720	0.00571	0.00175	0.00599	0.00568	0.00540	0.00896
27	0.01260	0.01273	0.01927	0.01585	0.01697	0.01652	0.12285	0.01558	0.07134	0.01505	0.00928	0.01346	0.00837	0.00890	0.01563	0.00233	0.60859	0.00530	0.00279	0.00660
28	0.00913	0.00560	0.00679	0.00702	0.00767	0.00531	0.00455	0.00987	0.01023	0.07589	0.02528	0.31486	0.06903	0.36643	0.01646	0.00359	0.00432	0.01092	0.04256	0.00451
29	0.01282	0.01007	0.01204	0.00877	0.01349	0.00801	0.00706	0.01524	0.01190	0.08050	0.01089	0.01232	0.00876	0.00466	0.00495	0.00098	0.04036	0.00360	0.00360	0.72998
30	0.02061	0.01672	0.01621	0.01279	0.01695	0.11734	0.01040	0.61558	0.02439	0.03159	0.01505	0.01510	0.04704	0.00700	0.00561	0.00167	0.00655	0.00522	0.00525	0.00893
31	0.01214	0.01084	0.01188	0.00864	0.01354	0.04612	0.00688	0.01459	0.01188	0.01811	0.00994	0.01159	0.00828	0.00425	0.00421	0.00086	0.00447	0.00335	0.00331	0.79510
32	0.00857	0.00653	0.00837	0.04722	0.01097	0.00621	0.00632	0.05382	0.01196	0.01618	0.02733	0.54052	0.07013	0.01520	0.02829	0.00223	0.00410	0.02514	0.00482	0.10609
33	0.01750	0.01452	0.01626	0.21251	0.02236	0.07853	0.01167	0.41761	0.01992	0.02623	0.01194	0.01367	0.00883	0.00636	0.00592	0.00169	0.03468	0.00484	0.02535	0.04960
34	0.12503	0.11577	0.10222	0.02552	0.05236	0.01475	0.10644	0.15183	0.08920	0.02193	0.01149	0.01293	0.00888	0.00570	0.00552	0.00163	0.03650	0.00456	0.00366	0.10409
35	0.13412	0.12796	0.17534	0.01220	0.01671	0.04539	0.03677	0.06309	0.09080	0.08626	0.01192	0.01312	0.00912	0.00705	0.02584	0.00189	0.08530	0.00440	0.00361	0.04913

[dist]
# distance from previous block
# <min> <max>
0	12

[block]
# block no. 2 follows, 42 sequences, length 14
# corresponding to MSA columns:
# 1184-1197
name=unknown_C
#
# <colnr> <probs for GDERKNQSTAVLIFYWHMCP>
#	G	D	E	R	K	N	Q	S	T	A	V	L	I	F	Y	W	H	M	C	P
0	0.04559	0.07349	0.01454	0.10066	0.09082	0.01132	0.02881	0.07565	0.06544	0.06411	0.11083	0.19692	0.02132	0.00957	0.00684	0.00190	0.06292	0.00810	0.00441	0.00678
1	0.01132	0.04414	0.05627	0.00860	0.01126	0.08040	0.00719	0.05256	0.03028	0.06312	0.09806	0.08891	0.29616	0.02340	0.00636	0.00184	0.00450	0.03541	0.05312	0.02710
2	0.62072	0.01213	0.04334	0.00872	0.01263	0.01276	0.00752	0.10514	0.01239	0.10545	0.01014	0.01085	0.00739	0.00560	0.00405	0.00174	0.00479	0.00361	0.00406	0.00698
3	0.01250	0.01059	0.01241	0.05080	0.01510	0.00905	0.00763	0.06626	0.08035	0.01978	0.01142	0.01282	0.00918	0.00474	0.00449	0.00105	0.00451	0.00382	0.00367	0.65985
4	0.00754	0.00554	0.00621	0.00624	0.00709	0.00514	0.00409	0.00846	0.01101	0.01422	0.13542	0.09571	0.27877	0.37136	0.01666	0.00352	0.00403	0.01025	0.00454	0.00421
5	0.00811	0.00545	0.00627	0.00634	0.00640	0.00547	0.00365	0.00824	0.00835	0.01117	0.01830	0.07513	0.02106	0.73157	0.05779	0.00544	0.00573	0.00850	0.00349	0.00353
6	0.01115	0.01080	0.01921	0.59185	0.03479	0.01271	0.13994	0.01491	0.01151	0.01523	0.01046	0.01516	0.00796	0.00570	0.00630	0.00188	0.04240	0.00529	0.03631	0.00644
7	0.01322	0.01501	0.03224	0.02318	0.02853	0.01441	0.70227	0.01776	0.01300	0.01776	0.01114	0.01501	0.00847	0.00505	0.00736	0.00193	0.05680	0.00654	0.00282	0.00750
8	0.01108	0.00682	0.00859	0.00764	0.00959	0.00633	0.00585	0.05128	0.01590	0.13232	0.51437	0.03827	0.11889	0.03919	0.00723	0.00191	0.00328	0.00935	0.00608	0.00603
9	0.00727	0.00541	0.00613	0.00645	0.00729	0.00496	0.00427	0.00815	0.01088	0.01385	0.06550	0.23956	0.30115	0.27743	0.01411	0.00318	0.00382	0.01164	0.00466	0.00428
10	0.01274	0.22106	0.52714	0.01467	0.02186	0.01528	0.05557	0.01787	0.01197	0.03871	0.00995	0.01156	0.00742	0.00523	0.00499	0.00164	0.00770	0.00405	0.00254	0.00804
11	0.00777	0.00591	0.00736	0.00784	0.00898	0.00543	0.00548	0.00985	0.05144	0.01590	0.08348	0.56141	0.09825	0.01506	0.00673	0.00205	0.00334	0.01348	0.00514	0.08511
12	0.03785	0.01286	0.01519	0.11555	0.01869	0.01390	0.01030	0.37317	0.01869	0.05593	0.01255	0.03637	0.00976	0.00663	0.00638	0.00163	0.07007	0.00499	0.00448	0.17502
13	0.22371	0.04919	0.01254	0.04080	0.01411	0.01183	0.00807	0.11913	0.08454	0.19522	0.03798	0.01858	0.07984	0.00712	0.00543	0.00172	0.02782	0.00537	0.00489	0.05212

[dist]
# distance from previous block
# <min> <max>
0	11

[block]
# block no. 3 follows, 42 sequences, length 8
# corresponding to MSA columns:
# 1235-1242
name=unknown_D
#
# <colnr> <probs for GDERKNQSTAVLIFYWHMCP>
#	G	D	E	R	K	N	Q	S	T	A	V	L	I	F	Y	W	H	M	C	P
0	0.03840	0.08683	0.01307	0.00905	0.01288	0.00967	0.00736	0.04318	0.05169	0.15447	0.08321	0.08911	0.01640	0.00709	0.00533	0.00140	0.02248	0.00577	0.00452	0.33809
1	0.00785	0.00566	0.00742	0.00716	0.00838	0.00523	0.00530	0.01033	0.01540	0.02172	0.68832	0.12028	0.05146	0.01214	0.00669	0.00182	0.00272	0.01078	0.00609	0.00523
2	0.01815	0.01468	0.03628	0.01394	0.07887	0.07740	0.01052	0.30557	0.20984	0.10243	0.06075	0.01741	0.01424	0.00702	0.00566	0.00174	0.00582	0.00561	0.00527	0.00881
3	0.02282	0.01151	0.01406	0.01086	0.01508	0.01131	0.00894	0.27960	0.01973	0.46592	0.06549	0.01860	0.01485	0.00718	0.00571	0.00172	0.00515	0.00573	0.00645	0.00931
4	0.00902	0.00600	0.00778	0.00720	0.00875	0.00547	0.00545	0.01157	0.01577	0.07079	0.67792	0.04120	0.08883	0.01136	0.00657	0.00178	0.00280	0.00998	0.00619	0.00556
5	0.13063	0.01187	0.01323	0.01044	0.01438	0.01237	0.00857	0.32864	0.01934	0.27065	0.06055	0.01691	0.01341	0.00689	0.00531	0.00169	0.00506	0.00530	0.05617	0.00859
6	0.00966	0.00493	0.00724	0.00724	0.00724	0.00493	0.00478	0.00739	0.00739	0.00986	0.01036	0.01856	0.01056	0.07718	0.02248	0.77509	0.00493	0.00513	0.00251	0.00251
7	0.01952	0.01325	0.01432	0.01122	0.01509	0.01440	0.00919	0.55240	0.02284	0.08479	0.01508	0.01538	0.01084	0.00673	0.00530	0.00162	0.00539	0.00514	0.16878	0.00872

[dist]
# distance from previous block
# <min> <max>
0	4

[block]
# block no. 4 follows, 42 sequences, length 19
# corresponding to MSA columns:
# 1258-1276
name=unknown_E
#
# <colnr> <probs for GDERKNQSTAVLIFYWHMCP>
#	G	D	E	R	K	N	Q	S	T	A	V	L	I	F	Y	W	H	M	C	P
0	0.16698	0.01490	0.01536	0.01196	0.01629	0.01660	0.00988	0.61851	0.02346	0.03365	0.01250	0.01274	0.00895	0.00648	0.00525	0.00170	0.00587	0.00471	0.00525	0.00895
1	0.06597	0.11689	0.09193	0.03105	0.04041	0.01254	0.00972	0.20989	0.01648	0.03394	0.16837	0.05123	0.07844	0.00898	0.01960	0.00185	0.00535	0.02558	0.00459	0.00719
2	0.80343	0.01082	0.00850	0.00752	0.01105	0.01242	0.00620	0.01706	0.00989	0.06045	0.00851	0.00961	0.00646	0.00531	0.00359	0.00174	0.00437	0.00317	0.00365	0.00626
3	0.01194	0.10300	0.50192	0.05789	0.02333	0.01373	0.08987	0.04441	0.01236	0.01758	0.01109	0.04332	0.00878	0.00688	0.02846	0.00197	0.00808	0.00489	0.00269	0.00782
4	0.00704	0.00514	0.00663	0.00749	0.00815	0.00473	0.00515	0.00838	0.01194	0.01598	0.17061	0.58432	0.11135	0.01616	0.00703	0.00215	0.00311	0.01451	0.00541	0.00473
5	0.02525	0.00958	0.01306	0.01001	0.01437	0.00827	0.00827	0.02743	0.01611	0.77102	0.02220	0.01915	0.01393	0.00697	0.00566	0.00174	0.00479	0.00566	0.00697	0.00958
6	0.02062	0.00855	0.01158	0.00923	0.01277	0.00748	0.00748	0.02292	0.01606	0.57056	0.22092	0.02528	0.02442	0.00818	0.00592	0.00175	0.00422	0.00687	0.00676	0.00843
7	0.14898	0.01013	0.01239	0.00975	0.01385	0.00960	0.00802	0.07498	0.03268	0.56352	0.04494	0.01806	0.01385	0.00686	0.00536	0.00174	0.00474	0.00539	0.00629	0.00888
8	0.01722	0.00975	0.01171	0.00994	0.01287	0.00977	0.00779	0.24516	0.01748	0.25214	0.04146	0.25487	0.02070	0.01024	0.00605	0.00187	0.00459	0.00871	0.04997	0.00771
9	0.44435	0.22034	0.12091	0.01031	0.01493	0.03254	0.05377	0.01702	0.01074	0.02041	0.00838	0.00988	0.00670	0.00512	0.00400	0.00161	0.00577	0.00342	0.00300	0.00679
10	0.02051	0.09880	0.01736	0.01382	0.01713	0.59890	0.01073	0.12594	0.01703	0.01683	0.00931	0.01052	0.00758	0.00584	0.00502	0.00146	0.00919	0.00377	0.00324	0.00703
11	0.01358	0.00908	0.00993	0.03292	0.01166	0.00985	0.00689	0.22961	0.07255	0.02407	0.01778	0.02019	0.03331	0.04053	0.06491	0.00225	0.00503	0.00562	0.38349	0.00672
12	0.00714	0.00568	0.00640	0.00631	0.00792	0.00494	0.00470	0.00898	0.01384	0.01782	0.31113	0.08938	0.46897	0.01344	0.00667	0.00187	0.00280	0.01148	0.00558	0.00494
13	0.06635	0.00800	0.00954	0.08500	0.01242	0.00870	0.00684	0.14169	0.01289	0.01909	0.04464	0.06262	0.01539	0.14188	0.07062	0.11850	0.00562	0.00630	0.15847	0.00543
14	0.00726	0.00534	0.00681	0.00736	0.00828	0.00490	0.00524	0.00890	0.01282	0.01722	0.27193	0.42032	0.14886	0.01508	0.00695	0.00207	0.00307	0.03720	0.00554	0.00486
15	0.00847	0.00595	0.00733	0.00719	0.00746	0.00643	0.00469	0.00907	0.00853	0.01190	0.01662	0.03174	0.01815	0.56656	0.18653	0.00589	0.05053	0.00743	0.03555	0.00397
16	0.01858	0.01442	0.01975	0.01571	0.04735	0.03812	0.17236	0.35050	0.04879	0.12402	0.01439	0.03593	0.01073	0.00676	0.00667	0.00181	0.05488	0.00578	0.00480	0.00865
17	0.01130	0.00946	0.01250	0.06959	0.01441	0.01015	0.00864	0.01326	0.01051	0.04159	0.01271	0.08834	0.01210	0.04175	0.07333	0.00241	0.22523	0.00566	0.03618	0.30089
18	0.04156	0.34164	0.06128	0.01065	0.01475	0.12690	0.00963	0.03845	0.08244	0.11605	0.09263	0.01544	0.01397	0.00631	0.00476	0.00150	0.00603	0.00464	0.00390	0.00747

[dist]
# distance from previous block
# <min> <max>
0	13

[block]
# block no. 5 follows, 42 sequences, length 43
# corresponding to MSA columns:
# 1299-1307,1312-1337,1372-1379
name=unknown_F
#
# <colnr> <probs for GDERKNQSTAVLIFYWHMCP>
#	G	D	E	R	K	N	Q	S	T	A	V	L	I	F	Y	W	H	M	C	P
0	0.65234	0.01100	0.00914	0.00795	0.01141	0.01247	0.00651	0.11095	0.01210	0.02558	0.01345	0.01417	0.08179	0.00632	0.00408	0.00175	0.00444	0.00419	0.00393	0.00641
1	0.02043	0.01519	0.01637	0.01249	0.01704	0.01647	0.01030	0.67555	0.02499	0.03377	0.01316	0.01333	0.00945	0.00650	0.00548	0.00160	0.00599	0.00489	0.00540	0.09159
2	0.00837	0.00566	0.00648	0.00655	0.00671	0.00567	0.00385	0.02824	0.00902	0.01203	0.01937	0.13651	0.02237	0.67730	0.02519	0.00494	0.00519	0.00913	0.00371	0.00373
3	0.13986	0.00849	0.00845	0.00752	0.00981	0.03337	0.00589	0.09805	0.01337	0.09652	0.01602	0.01838	0.01249	0.03410	0.06087	0.00215	0.00473	0.00503	0.41863	0.00626
4	0.00978	0.00489	0.00733	0.00733	0.00733	0.00489	0.00489	0.00733	0.00733	0.00978	0.00978	0.01711	0.00978	0.01955	0.02199	0.83627	0.00489	0.00489	0.00244	0.00244
5	0.03021	0.01410	0.09031	0.08239	0.09654	0.01353	0.01165	0.37468	0.01898	0.02593	0.03683	0.14834	0.01498	0.00830	0.00585	0.00182	0.00594	0.00694	0.00464	0.00805
6	0.01207	0.01282	0.02586	0.01934	0.02371	0.01228	0.52576	0.01717	0.08653	0.01784	0.01644	0.17187	0.01511	0.00760	0.00666	0.00198	0.00775	0.00848	0.00361	0.00712
7	0.01606	0.03811	0.01605	0.16946	0.09485	0.27042	0.01167	0.04142	0.19840	0.04156	0.03777	0.01556	0.01169	0.00636	0.00544	0.00169	0.00724	0.00501	0.00380	0.00746
8	0.01800	0.00953	0.01366	0.01086	0.01408	0.00908	0.08076	0.10662	0.03713	0.34006	0.11143	0.02062	0.01709	0.00982	0.00913	0.16806	0.00516	0.00612	0.00536	0.00740
9	0.04249	0.03810	0.02705	0.00871	0.01134	0.00910	0.00706	0.13045	0.07225	0.08378	0.35467	0.04702	0.12557	0.00995	0.00609	0.00177	0.00387	0.00839	0.00567	0.00668
10	0.00707	0.00529	0.00655	0.00745	0.00829	0.00484	0.00529	0.00829	0.01145	0.01471	0.03737	0.49874	0.23079	0.04512	0.00788	0.00233	0.00342	0.08534	0.00515	0.00464
11	0.01033	0.00883	0.03554	0.02726	0.01307	0.00834	0.08033	0.01574	0.16245	0.04828	0.37173	0.11732	0.05685	0.01034	0.00642	0.00187	0.00413	0.00929	0.00546	0.00643
12	0.01239	0.01808	0.22739	0.01956	0.02484	0.01410	0.40274	0.01695	0.01223	0.01739	0.03796	0.01480	0.00960	0.00601	0.00827	0.00196	0.13967	0.00582	0.00278	0.00746
13	0.03242	0.01342	0.06745	0.03586	0.01598	0.01369	0.01004	0.28400	0.24346	0.04735	0.01791	0.09397	0.01461	0.00804	0.00612	0.00184	0.03313	0.00646	0.04598	0.00828
14	0.01179	0.00882	0.00972	0.00892	0.01066	0.00964	0.00637	0.05542	0.31249	0.04572	0.03267	0.04959	0.01918	0.35503	0.03678	0.00364	0.00522	0.00739	0.00468	0.00628
15	0.01612	0.01291	0.01977	0.04775	0.36663	0.03317	0.08610	0.04757	0.12404	0.15278	0.01533	0.01659	0.02308	0.00597	0.00572	0.00175	0.00634	0.00556	0.00410	0.00871
16	0.00758	0.00574	0.00698	0.00667	0.00817	0.00514	0.00500	0.00987	0.01501	0.02039	0.55482	0.04563	0.26379	0.01232	0.00664	0.00181	0.00271	0.01068	0.00591	0.00514
17	0.01261	0.09323	0.42874	0.01370	0.01969	0.01296	0.03680	0.01943	0.13930	0.06616	0.01496	0.09175	0.01231	0.00699	0.00549	0.00180	0.00675	0.00577	0.00354	0.00801
18	0.02218	0.01116	0.01333	0.01066	0.01468	0.03747	0.00864	0.09336	0.16094	0.51519	0.03742	0.01918	0.01479	0.00713	0.00567	0.00176	0.00499	0.00577	0.00644	0.00924
19	0.00726	0.00571	0.00638	0.00627	0.00779	0.00503	0.00461	0.00896	0.01335	0.01713	0.27568	0.04879	0.45269	0.09155	0.00885	0.00222	0.00309	0.02449	0.00535	0.00480
20	0.07507	0.01631	0.19631	0.05487	0.11502	0.01282	0.06789	0.12202	0.08304	0.17968	0.01428	0.01494	0.01010	0.00601	0.00549	0.00177	0.00648	0.00506	0.00427	0.00857
21	0.00978	0.00489	0.00733	0.00733	0.00733	0.00489	0.00489	0.00733	0.00733	0.00978	0.00978	0.01711	0.00978	0.01955	0.02199	0.83627	0.00489	0.00489	0.00244	0.00244
22	0.01400	0.01209	0.01273	0.01145	0.01463	0.01400	0.00891	0.02990	0.75695	0.02354	0.02291	0.02100	0.01718	0.00764	0.00573	0.00191	0.00445	0.00636	0.00573	0.00891
23	0.67857	0.01276	0.08471	0.00861	0.01266	0.01253	0.00784	0.04042	0.01078	0.07525	0.00921	0.01023	0.00684	0.00540	0.00388	0.00174	0.00483	0.00340	0.00368	0.00666
24	0.02078	0.01434	0.01557	0.01204	0.01626	0.01563	0.00991	0.62426	0.02433	0.09650	0.01466	0.01463	0.01036	0.00676	0.00549	0.00166	0.00577	0.00513	0.07673	0.00920
25	0.81831	0.01102	0.00852	0.00756	0.01107	0.01276	0.00623	0.03764	0.01006	0.02554	0.00800	0.00927	0.00619	0.00527	0.00354	0.00174	0.00441	0.00311	0.00354	0.00619
26	0.01528	0.77475	0.02895	0.00982	0.01456	0.05228	0.00968	0.01707	0.01161	0.01326	0.00786	0.00907	0.00722	0.00485	0.00367	0.00121	0.00618	0.00303	0.00243	0.00719
27	0.84197	0.01088	0.00827	0.00740	0.01088	0.01262	0.00609	0.01654	0.00958	0.02525	0.00784	0.00914	0.00609	0.00522	0.00348	0.00174	0.00435	0.00305	0.00348	0.00609
28	0.00677	0.00552	0.00600	0.00637	0.00785	0.00475	0.00464	0.00811	0.01231	0.01504	0.04970	0.24259	0.56110	0.01514	0.00682	0.00202	0.00302	0.03230	0.00522	0.00472
29	0.00706	0.00557	0.00637	0.00647	0.00793	0.00488	0.00474	0.00876	0.01335	0.01717	0.25505	0.18231	0.43223	0.01406	0.00674	0.00193	0.00287	0.01212	0.00550	0.00488
30	0.02083	0.01040	0.01292	0.01028	0.01403	0.01007	0.00834	0.19577	0.04235	0.43822	0.11113	0.06425	0.01908	0.00809	0.00586	0.00177	0.00477	0.00667	0.00642	0.00875
31	0.35008	0.00933	0.00976	0.00825	0.01146	0.00962	0.00667	0.04815	0.01373	0.24270	0.19081	0.02033	0.01984	0.00731	0.00496	0.00173	0.00411	0.00563	0.02845	0.00705
32	0.84197	0.01088	0.00827	0.00740	0.01088	0.01262	0.00609	0.01654	0.00958	0.02525	0.00784	0.00914	0.00609	0.00522	0.00348	0.00174	0.00435	0.00305	0.00348	0.00609
33	0.05171	0.01024	0.05267	0.00931	0.01236	0.00950	0.00786	0.14031	0.11685	0.09113	0.05320	0.06381	0.27491	0.01063	0.00615	0.00191	0.00441	0.07083	0.00531	0.00690
34	0.15814	0.16095	0.39352	0.01333	0.01948	0.09054	0.03638	0.01814	0.01195	0.03670	0.00951	0.01101	0.00719	0.00530	0.00474	0.00164	0.00735	0.00382	0.00275	0.00757
35	0.00772	0.00579	0.00717	0.00696	0.00835	0.00531	0.00517	0.01025	0.02976	0.02037	0.54138	0.11329	0.19257	0.01253	0.00667	0.00185	0.00279	0.01097	0.00590	0.00520
36	0.01282	0.00812	0.00964	0.00834	0.01068	0.02509	0.00651	0.10306	0.01692	0.15579	0.45085	0.03505	0.11372	0.01028	0.00631	0.00176	0.00365	0.00878	0.00609	0.00655
37	0.00826	0.00587	0.00766	0.00860	0.00935	0.00576	0.00640	0.03622	0.01171	0.01548	0.02829	0.44056	0.03254	0.11694	0.01006	0.00277	0.00426	0.23950	0.00499	0.00480
38	0.00978	0.00489	0.00733	0.00733	0.00733	0.00489	0.00489	0.00733	0.00733	0.00978	0.00978	0.01711	0.00978	0.01955	0.02199	0.83627	0.00489	0.00489	0.00244	0.00244
39	0.01460	0.01217	0.01845	0.16054	0.40912	0.03997	0.01414	0.01860	0.06606	0.11438	0.03829	0.01752	0.03893	0.00613	0.00566	0.00174	0.00629	0.00555	0.00368	0.00817
40	0.01206	0.01197	0.01787	0.59112	0.16684	0.07523	0.01553	0.01555	0.01191	0.01504	0.01000	0.01442	0.00773	0.00553	0.00557	0.00180	0.00757	0.00489	0.00258	0.00675
41	0.09755	0.01377	0.01630	0.13224	0.24846	0.13020	0.01223	0.06711	0.05525	0.08311	0.04828	0.04626	0.01231	0.00648	0.00543	0.00172	0.00646	0.00542	0.00380	0.00763
42	0.04618	0.02247	0.25333	0.01597	0.04769	0.24974	0.10730	0.11248	0.01518	0.01902	0.01263	0.01413	0.04681	0.00603	0.00547	0.00168	0.00827	0.00482	0.00322	0.00759

[dist]
# distance from previous block
# <min> <max>
0	3

[block]
# block no. 6 follows, 42 sequences, length 32
# corresponding to MSA columns:
# 1406-1414,1417-1427,1440-1451
name=unknown_G
#
# <colnr> <probs for GDERKNQSTAVLIFYWHMCP>
#	G	D	E	R	K	N	Q	S	T	A	V	L	I	F	Y	W	H	M	C	P
0	0.01585	0.01305	0.04416	0.14842	0.12825	0.01333	0.09709	0.18393	0.12024	0.10908	0.01525	0.01669	0.02343	0.00771	0.03639	0.00208	0.00683	0.00560	0.00432	0.00829
1	0.11523	0.01426	0.01489	0.01173	0.01580	0.01582	0.00962	0.58399	0.04646	0.03263	0.01383	0.03238	0.01033	0.00686	0.00533	0.00170	0.00566	0.00514	0.04955	0.00880
2	0.00959	0.00495	0.00719	0.00719	0.00719	0.00495	0.00472	0.00743	0.00743	0.00991	0.01070	0.01939	0.01101	0.11017	0.02276	0.74008	0.00495	0.00527	0.00256	0.00256
3	0.03583	0.02382	0.49470	0.01752	0.04586	0.01381	0.16418	0.10239	0.01381	0.02013	0.01070	0.01271	0.00772	0.00538	0.00559	0.00179	0.00815	0.00475	0.00289	0.00827
4	0.00824	0.00581	0.00688	0.00701	0.00855	0.00513	0.00523	0.00989	0.01308	0.06348	0.16660	0.22646	0.37850	0.01421	0.00678	0.00200	0.00319	0.05832	0.00550	0.00513
5	0.04360	0.00924	0.01184	0.00963	0.01327	0.00847	0.00775	0.05233	0.06299	0.53874	0.02470	0.11119	0.06326	0.00864	0.00584	0.00182	0.00451	0.00719	0.00643	0.00856
6	0.00967	0.00496	0.00744	0.00744	0.00750	0.00502	0.00502	0.00750	0.00744	0.00998	0.01011	0.01742	0.01004	0.02096	0.06925	0.78469	0.00552	0.00496	0.00248	0.00260
7	0.01313	0.01266	0.02207	0.25604	0.44002	0.01335	0.10101	0.04171	0.01288	0.01775	0.01061	0.01438	0.00847	0.00522	0.00571	0.00176	0.00723	0.00520	0.00281	0.00799
8	0.01054	0.00723	0.00821	0.00757	0.00860	0.00745	0.00512	0.13850	0.01264	0.01730	0.10424	0.09206	0.02301	0.44504	0.01893	0.03030	0.00493	0.00823	0.04524	0.00486
9	0.01373	0.01288	0.02007	0.13507	0.31954	0.02741	0.11150	0.09579	0.09279	0.01981	0.01549	0.01771	0.06357	0.00619	0.00578	0.00175	0.00663	0.00581	0.00355	0.02492
10	0.08530	0.00989	0.02949	0.04624	0.01414	0.00864	0.00775	0.03562	0.03682	0.24008	0.02812	0.01713	0.01213	0.00605	0.00484	0.00142	0.00450	0.02394	0.10068	0.28721
11	0.01358	0.23871	0.17839	0.06592	0.15234	0.03423	0.11481	0.01878	0.09843	0.01702	0.01117	0.01310	0.00885	0.00535	0.00513	0.00163	0.00709	0.00462	0.00293	0.00791
12	0.00947	0.00814	0.03270	0.01023	0.01214	0.00774	0.09423	0.01203	0.01353	0.04275	0.36474	0.12197	0.08044	0.01302	0.05551	0.00237	0.07510	0.02107	0.01709	0.00573
13	0.01212	0.00979	0.01258	0.00935	0.01388	0.00768	0.05276	0.01459	0.01195	0.06378	0.01293	0.09096	0.01157	0.00572	0.00471	0.00110	0.00445	0.00495	0.00371	0.65143
14	0.01328	0.01518	0.03321	0.02372	0.02941	0.01423	0.74668	0.01803	0.01328	0.01803	0.01139	0.01518	0.00854	0.00474	0.00664	0.00190	0.00949	0.00664	0.00285	0.00759
15	0.01765	0.08140	0.01541	0.01168	0.01523	0.14162	0.00940	0.25297	0.20437	0.07465	0.10207	0.01813	0.01622	0.00722	0.00551	0.00168	0.00590	0.00561	0.00508	0.00821
16	0.00708	0.00518	0.00681	0.00780	0.00839	0.00496	0.00542	0.00825	0.01080	0.01430	0.03147	0.59059	0.10813	0.03826	0.09711	0.00311	0.00470	0.03807	0.00492	0.00464
17	0.01129	0.00650	0.00840	0.00753	0.00951	0.00582	0.00578	0.01365	0.01546	0.17354	0.50872	0.05761	0.13182	0.01107	0.00645	0.00179	0.00313	0.00961	0.00621	0.00609
18	0.02162	0.01494	0.01632	0.01256	0.01701	0.01629	0.01036	0.64385	0.04665	0.12028	0.01479	0.01438	0.01030	0.00681	0.00564	0.00170	0.00598	0.00517	0.00579	0.00955
19	0.02280	0.01119	0.01375	0.01073	0.01495	0.01091	0.00881	0.20058	0.08600	0.50578	0.02110	0.01890	0.03322	0.00717	0.00568	0.00175	0.00504	0.00575	0.00648	0.00939
20	0.01522	0.01270	0.01341	0.01170	0.01510	0.01457	0.00920	0.14857	0.63630	0.02551	0.02135	0.01976	0.01592	0.00749	0.00571	0.00187	0.00474	0.00615	0.00571	0.00902
21	0.01033	0.00665	0.01028	0.06556	0.01144	0.00745	0.03596	0.00927	0.00816	0.01129	0.00982	0.01637	0.00940	0.01626	0.01915	0.60611	0.10869	0.00498	0.02933	0.00350
22	0.01761	0.01288	0.01387	0.01107	0.01433	0.01412	0.00868	0.52700	0.04467	0.02850	0.01494	0.02001	0.01273	0.22025	0.01181	0.00271	0.00594	0.00594	0.00504	0.00790
23	0.01160	0.00766	0.00888	0.00796	0.01018	0.00733	0.00609	0.11057	0.03931	0.11513	0.20721	0.11571	0.26951	0.04801	0.00742	0.00202	0.00371	0.00986	0.00566	0.00619
24	0.01393	0.13121	0.38690	0.01553	0.02184	0.01410	0.14594	0.03207	0.01266	0.10449	0.01178	0.02887	0.00885	0.00583	0.00599	0.00176	0.04220	0.00490	0.00312	0.00803
25	0.80596	0.01083	0.00848	0.00752	0.01104	0.01243	0.00619	0.01702	0.00987	0.05813	0.00847	0.00958	0.00644	0.00530	0.00358	0.00174	0.00437	0.00316	0.00364	0.00625
26	0.01127	0.00937	0.01101	0.00841	0.01256	0.00747	0.00656	0.04215	0.01195	0.01815	0.01299	0.10402	0.01231	0.03446	0.02813	0.00144	0.00451	0.00512	0.00364	0.65451
27	0.01374	0.00845	0.01015	0.00871	0.01091	0.00842	0.00660	0.17248	0.01644	0.14809	0.28933	0.07675	0.02987	0.16227	0.01052	0.00249	0.00435	0.00828	0.00561	0.00654
28	0.02403	0.00931	0.01267	0.00981	0.01395	0.00806	0.00806	0.02624	0.01609	0.71819	0.07457	0.02077	0.01670	0.00729	0.00573	0.00174	0.00464	0.00598	0.00691	0.00928
29	0.01616	0.01136	0.01265	0.01096	0.01432	0.01248	0.00864	0.05949	0.53289	0.17137	0.06857	0.02162	0.01845	0.00771	0.00577	0.00186	0.00448	0.00641	0.00600	0.00884
30	0.07067	0.00904	0.01189	0.00939	0.01320	0.00805	0.00767	0.02408	0.01569	0.60670	0.14061	0.02224	0.01976	0.00759	0.00569	0.00175	0.00442	0.00623	0.00664	0.00869
31	0.01917	0.10470	0.08105	0.01071	0.01550	0.02420	0.00960	0.11022	0.06275	0.33432	0.01608	0.01530	0.01113	0.00607	0.00512	0.00152	0.00536	0.00475	0.00508	0.15738

[dist]
# distance from previous block
# <min> <max>
4	26

[block]
# block no. 7 follows, 42 sequences, length 15
# corresponding to MSA columns:
# 1548-1562
name=unknown_H
#
# <colnr> <probs for GDERKNQSTAVLIFYWHMCP>
#	G	D	E	R	K	N	Q	S	T	A	V	L	I	F	Y	W	H	M	C	P
0	0.09010	0.13203	0.07177	0.03228	0.05569	0.14495	0.01070	0.17555	0.01562	0.06610	0.02533	0.01467	0.04333	0.00658	0.00590	0.00165	0.06030	0.00469	0.03525	0.00751
1	0.08556	0.11475	0.23997	0.01456	0.08270	0.07650	0.04905	0.03271	0.03824	0.10527	0.01379	0.09778	0.01172	0.00687	0.00529	0.00173	0.00663	0.00562	0.00360	0.00765
2	0.16353	0.01405	0.16308	0.01074	0.01531	0.01089	0.01024	0.12241	0.01494	0.28209	0.04013	0.04306	0.01280	0.03463	0.00604	0.00187	0.00546	0.00536	0.02114	0.02225
3	0.20858	0.01385	0.01289	0.02934	0.01455	0.10720	0.00878	0.29864	0.03375	0.02606	0.04225	0.03936	0.01157	0.00694	0.00561	0.00170	0.04342	0.00501	0.08308	0.00739
4	0.04703	0.03968	0.04833	0.07203	0.50946	0.01255	0.01472	0.01664	0.02996	0.01867	0.06830	0.01571	0.01213	0.00556	0.00540	0.00163	0.00614	0.00514	0.00314	0.06780
5	0.03546	0.00907	0.01143	0.05370	0.01341	0.00932	0.03761	0.10277	0.01361	0.10202	0.01554	0.05201	0.01248	0.00757	0.02115	0.00169	0.06803	0.00545	0.29777	0.12991
6	0.00857	0.00644	0.00802	0.00750	0.00905	0.00623	0.00566	0.01262	0.09598	0.02241	0.65917	0.04019	0.07417	0.01118	0.00654	0.00179	0.00286	0.00982	0.00611	0.00568
7	0.00814	0.00583	0.00743	0.00804	0.00881	0.00565	0.00564	0.05510	0.01253	0.01692	0.14843	0.54282	0.03675	0.06726	0.00843	0.00239	0.00358	0.04602	0.00529	0.00496
8	0.00968	0.00601	0.00790	0.00729	0.00879	0.00550	0.00547	0.01166	0.01482	0.09034	0.56798	0.03799	0.09061	0.01213	0.00821	0.09205	0.00311	0.00929	0.00580	0.00536
9	0.03085	0.00614	0.00726	0.00703	0.00808	0.00647	0.00506	0.04861	0.01061	0.01629	0.01754	0.02501	0.04451	0.19511	0.19289	0.09443	0.00665	0.00625	0.26651	0.00470
10	0.01060	0.00966	0.01769	0.01429	0.01659	0.01007	0.26204	0.01276	0.01089	0.01526	0.04425	0.11119	0.01558	0.01591	0.13855	0.12270	0.10720	0.03055	0.02857	0.00565
11	0.06616	0.05908	0.01513	0.08172	0.01707	0.15047	0.00984	0.31227	0.04827	0.02322	0.01283	0.01459	0.02831	0.00924	0.03642	0.09222	0.00694	0.00481	0.00410	0.00730
12	0.01548	0.53019	0.05129	0.01213	0.01673	0.13778	0.08981	0.01821	0.03856	0.01454	0.02395	0.01104	0.00862	0.00521	0.00436	0.00137	0.00699	0.00380	0.00272	0.00721
13	0.40927	0.04549	0.09426	0.02656	0.04017	0.01220	0.00918	0.06227	0.01256	0.18564	0.01177	0.01227	0.00839	0.00564	0.00444	0.00168	0.00519	0.00397	0.00415	0.04490
14	0.03584	0.06736	0.08034	0.03296	0.31194	0.03295	0.01268	0.04293	0.03866	0.09953	0.02980	0.08393	0.07322	0.00746	0.00592	0.00175	0.02465	0.00640	0.00385	0.00783

[dist]
# distance from previous block
# <min> <max>
0	1

[block]
# block no. 8 follows, 42 sequences, length 24
# corresponding to MSA columns:
# 1564-1570,1576-1592
name=unknown_I
#
# <colnr> <probs for GDERKNQSTAVLIFYWHMCP>
#	G	D	E	R	K	N	Q	S	T	A	V	L	I	F	Y	W	H	M	C	P
0	0.36661	0.06502	0.21892	0.04003	0.05040	0.01334	0.02422	0.07792	0.01213	0.02192	0.01121	0.03780	0.02739	0.00600	0.00460	0.00174	0.00592	0.00439	0.00332	0.00713
1	0.00831	0.00653	0.00890	0.00876	0.00946	0.00746	0.00654	0.00970	0.00962	0.01341	0.04194	0.13790	0.08465	0.15951	0.35590	0.00580	0.10886	0.00831	0.00361	0.00481
2	0.01186	0.01289	0.15581	0.04642	0.01586	0.01026	0.04136	0.08201	0.08336	0.05800	0.17359	0.11207	0.05545	0.00944	0.00724	0.02217	0.05594	0.00766	0.00453	0.03408
3	0.04882	0.01538	0.12438	0.02621	0.44693	0.03167	0.08426	0.01818	0.04408	0.04913	0.01236	0.01640	0.01017	0.00577	0.00566	0.00176	0.00691	0.04037	0.00318	0.00838
4	0.01552	0.00843	0.01037	0.00880	0.01153	0.00810	0.00688	0.08170	0.08280	0.27851	0.22552	0.06055	0.08683	0.05931	0.00747	0.00202	0.00407	0.00797	0.02634	0.00727
5	0.01173	0.07481	0.49875	0.01672	0.08737	0.01320	0.05091	0.01741	0.04033	0.01777	0.03602	0.01688	0.01095	0.00636	0.00588	0.00182	0.02810	0.05420	0.00288	0.00792
6	0.00686	0.00490	0.00653	0.00784	0.00816	0.00457	0.00522	0.00784	0.01077	0.01437	0.03102	0.79855	0.03722	0.01763	0.00718	0.00229	0.00326	0.01600	0.00522	0.00457
7	0.05381	0.00990	0.01334	0.05242	0.01462	0.02854	0.08500	0.01429	0.01158	0.03938	0.07357	0.03330	0.01403	0.04572	0.00848	0.00179	0.14380	0.00549	0.14676	0.20420
8	0.01231	0.01231	0.01724	0.01477	0.01477	0.01724	0.01231	0.01354	0.00862	0.01354	0.00739	0.01231	0.00739	0.00985	0.01847	0.00246	0.79192	0.00492	0.00246	0.00616
9	0.01167	0.01000	0.01167	0.00834	0.01334	0.00750	0.00667	0.01417	0.01167	0.01834	0.01000	0.01167	0.00834	0.00417	0.00417	0.00083	0.00417	0.00333	0.00333	0.83663
10	0.01170	0.01181	0.02277	0.03722	0.05838	0.01166	0.39601	0.04551	0.01280	0.01740	0.01694	0.22342	0.01686	0.00894	0.00744	0.00204	0.05622	0.03250	0.00363	0.00674
11	0.01287	0.01104	0.04467	0.09455	0.01684	0.00878	0.00853	0.04787	0.01259	0.06868	0.01097	0.01262	0.00862	0.00468	0.00454	0.00109	0.00484	0.00378	0.00355	0.61889
12	0.00762	0.00574	0.00704	0.00672	0.00820	0.00516	0.00504	0.00995	0.01511	0.02063	0.57826	0.04522	0.24020	0.01223	0.00664	0.00180	0.00271	0.01062	0.00594	0.00516
13	0.01681	0.01234	0.01370	0.03661	0.01525	0.01349	0.00912	0.48055	0.05037	0.02916	0.07294	0.13920	0.01767	0.00880	0.00585	0.00178	0.00523	0.00722	0.05584	0.00807
14	0.00992	0.00689	0.00931	0.01019	0.01170	0.00693	0.00872	0.01333	0.06317	0.04802	0.05777	0.08756	0.03162	0.01459	0.00748	0.00247	0.00494	0.59444	0.00533	0.00559
15	0.00684	0.00571	0.00598	0.00604	0.00783	0.00485	0.00457	0.00837	0.01296	0.01570	0.09921	0.07768	0.66733	0.01424	0.00671	0.00193	0.00295	0.04101	0.00528	0.00480
16	0.01319	0.01586	0.06932	0.02334	0.02917	0.01417	0.71125	0.01802	0.01321	0.01802	0.01132	0.01502	0.00847	0.00477	0.00658	0.00189	0.00943	0.00652	0.00282	0.00763
17	0.00978	0.00489	0.00733	0.00733	0.00733	0.00489	0.00489	0.00733	0.00733	0.00978	0.00978	0.01711	0.00978	0.01955	0.02199	0.83627	0.00489	0.00489	0.00244	0.00244
18	0.01063	0.01000	0.01688	0.78870	0.03876	0.01250	0.01563	0.01438	0.01125	0.01438	0.01000	0.01500	0.00750	0.00563	0.00563	0.00188	0.00750	0.00500	0.00250	0.00625
19	0.01167	0.01000	0.01167	0.00834	0.01334	0.00750	0.00667	0.01417	0.01167	0.01834	0.01000	0.01167	0.00834	0.00417	0.00417	0.00083	0.00417	0.00333	0.00333	0.83663
20	0.01361	0.00990	0.01165	0.06042	0.01404	0.01058	0.00822	0.29876	0.01716	0.02349	0.05233	0.18572	0.01972	0.04767	0.03854	0.02133	0.00537	0.05445	0.07001	0.03701
21	0.06508	0.01240	0.04959	0.03916	0.01522	0.04399	0.00914	0.12994	0.23959	0.16179	0.06094	0.06295	0.04867	0.00794	0.00565	0.00179	0.00507	0.00647	0.00532	0.02929
22	0.34553	0.01026	0.03842	0.05890	0.03135	0.03966	0.00767	0.01537	0.01162	0.10248	0.06820	0.14727	0.04970	0.02894	0.00574	0.00195	0.00472	0.02173	0.00430	0.00620
23	0.04515	0.01277	0.09740	0.14473	0.13701	0.03016	0.02470	0.04860	0.13233	0.03897	0.01546	0.01855	0.02980	0.02989	0.02156	0.00197	0.00604	0.02165	0.10256	0.04070

[dist]
# distance from previous block
# <min> <max>
2	6

[block]
# block no. 9 follows, 42 sequences, length 32
# corresponding to MSA columns:
# 1618-1625,1630-1637,1641-1656
name=unknown_J
#
# <colnr> <probs for GDERKNQSTAVLIFYWHMCP>
#	G	D	E	R	K	N	Q	S	T	A	V	L	I	F	Y	W	H	M	C	P
0	0.18655	0.08844	0.01469	0.10507	0.01683	0.01144	0.06731	0.01833	0.06842	0.16595	0.08410	0.01905	0.05909	0.00675	0.00513	0.00168	0.00515	0.00553	0.00439	0.06611
1	0.07538	0.01250	0.01593	0.09348	0.20891	0.03650	0.01144	0.21683	0.01581	0.03872	0.01330	0.08896	0.01168	0.02514	0.00633	0.00178	0.02801	0.00581	0.00398	0.08952
2	0.01096	0.01337	0.15467	0.02896	0.06992	0.02820	0.03224	0.01361	0.01026	0.01509	0.01212	0.04141	0.01130	0.09212	0.15071	0.00358	0.22176	0.00563	0.04588	0.03821
3	0.01601	0.01144	0.01362	0.01147	0.03759	0.01176	0.02933	0.29775	0.09204	0.10194	0.14383	0.06539	0.05263	0.00826	0.00584	0.00170	0.00490	0.00691	0.00546	0.08214
4	0.01181	0.00957	0.01424	0.25911	0.04648	0.01032	0.04978	0.08242	0.04240	0.04138	0.07909	0.04445	0.01591	0.01155	0.08296	0.04347	0.00685	0.06111	0.00381	0.08331
5	0.01074	0.01012	0.01708	0.76325	0.06334	0.01253	0.01568	0.01448	0.01131	0.01451	0.01002	0.01497	0.00755	0.00561	0.00562	0.00187	0.00747	0.00500	0.00251	0.00634
6	0.01302	0.11700	0.15765	0.01304	0.01658	0.12524	0.04596	0.01566	0.01150	0.01523	0.01136	0.09624	0.01082	0.00836	0.02507	0.00192	0.19442	0.00544	0.00294	0.11254
7	0.00765	0.00575	0.00711	0.00696	0.00838	0.00521	0.00527	0.00992	0.01475	0.02003	0.51169	0.07840	0.23064	0.01269	0.00673	0.00187	0.00288	0.05308	0.00585	0.00513
8	0.00686	0.00490	0.00653	0.00784	0.00816	0.00457	0.00522	0.00784	0.01077	0.01437	0.03102	0.79855	0.03722	0.01763	0.00718	0.00229	0.00326	0.01600	0.00522	0.00457
9	0.00748	0.00534	0.00724	0.00854	0.00914	0.00511	0.00630	0.00891	0.01139	0.01506	0.03068	0.59251	0.03587	0.01705	0.00735	0.00237	0.00380	0.21592	0.00521	0.00474
10	0.01400	0.01209	0.01273	0.01145	0.01463	0.01400	0.00891	0.02990	0.75695	0.02354	0.02291	0.02100	0.01718	0.00764	0.00573	0.00191	0.00445	0.00636	0.00573	0.00891
11	0.01193	0.00664	0.00679	0.00626	0.00800	0.00686	0.00483	0.11035	0.01374	0.02290	0.01772	0.01999	0.01378	0.00658	0.00416	0.00136	0.00309	0.00522	0.72398	0.00582
12	0.01240	0.00709	0.00729	0.00660	0.00847	0.00739	0.00512	0.14216	0.01437	0.02352	0.01751	0.01967	0.01357	0.00659	0.00423	0.00138	0.00325	0.00521	0.68816	0.00600
13	0.00819	0.00588	0.00807	0.08499	0.01163	0.00588	0.00654	0.02855	0.01150	0.03413	0.04712	0.62251	0.03286	0.03441	0.00747	0.00229	0.00389	0.03409	0.00499	0.00500
