[name]
unknown

[dist]
# distance from previous block
# <min> <max>
12	210

[block]
# block no. 0 follows, 43 sequences, length 74
# corresponding to MSA columns:
# 230-259,266-284,290-304,307-316
name=unknown_A
#
# <colnr> <probs for GDERKNQSTAVLIFYWHMCP>
#	G	D	E	R	K	N	Q	S	T	A	V	L	I	F	Y	W	H	M	C	P
0	0.12439	0.03489	0.05444	0.02952	0.03362	0.01372	0.04188	0.31927	0.07025	0.09875	0.02563	0.01397	0.01020	0.00605	0.00511	0.00160	0.00561	0.00473	0.00466	0.10172
1	0.05727	0.01432	0.05590	0.04907	0.04975	0.06085	0.01048	0.33688	0.01912	0.22347	0.01448	0.01442	0.01004	0.00628	0.00532	0.00164	0.00595	0.00485	0.02003	0.03989
2	0.14582	0.03563	0.01496	0.13278	0.05035	0.07511	0.03708	0.17710	0.05348	0.12953	0.07167	0.01587	0.01256	0.00645	0.00541	0.00171	0.01743	0.00509	0.00440	0.00756
3	0.36212	0.04386	0.01277	0.01034	0.03761	0.04681	0.00819	0.18149	0.01504	0.19473	0.01231	0.01242	0.00873	0.00584	0.00453	0.00164	0.00517	0.00411	0.00457	0.02772
4	0.03007	0.09647	0.01394	0.07408	0.01524	0.03873	0.00860	0.07758	0.20218	0.15990	0.13566	0.03792	0.03239	0.00753	0.00544	0.00167	0.00484	0.00617	0.00505	0.04654
5	0.01239	0.01179	0.01599	0.05423	0.01573	0.04279	0.04307	0.07163	0.01057	0.01528	0.00955	0.01440	0.00880	0.03058	0.12074	0.00321	0.49018	0.00511	0.01778	0.00617
6	0.00792	0.00591	0.00879	0.00879	0.00974	0.00686	0.00678	0.00982	0.00887	0.01277	0.01494	0.02233	0.01409	0.07166	0.75363	0.00876	0.01446	0.00602	0.00298	0.00488
7	0.00674	0.00484	0.00640	0.00765	0.00802	0.00450	0.00511	0.00772	0.01066	0.01416	0.03126	0.78019	0.05771	0.01726	0.00705	0.00224	0.00320	0.01563	0.00514	0.00450
8	0.02401	0.01008	0.01319	0.01014	0.01438	0.00917	0.00836	0.11479	0.01709	0.66788	0.03752	0.01868	0.01405	0.00693	0.00559	0.00171	0.00483	0.00560	0.00668	0.00933
9	0.01371	0.01316	0.02248	0.03399	0.77081	0.01316	0.01700	0.01700	0.01261	0.01809	0.01042	0.01371	0.00877	0.00493	0.00548	0.00164	0.00658	0.00493	0.00274	0.00877
10	0.01107	0.00726	0.00890	0.16921	0.01438	0.00806	0.00714	0.05080	0.07720	0.01988	0.01638	0.01912	0.01277	0.00789	0.03824	0.00180	0.00444	0.00523	0.51435	0.00588
11	0.00776	0.00566	0.00729	0.00688	0.00822	0.00519	0.00516	0.01029	0.01548	0.02175	0.72249	0.04213	0.09794	0.01149	0.00653	0.00175	0.00263	0.01012	0.00604	0.00519
12	0.00683	0.00487	0.00644	0.00762	0.00795	0.00456	0.00507	0.00780	0.01063	0.01420	0.04931	0.74861	0.03633	0.05135	0.00797	0.00237	0.00329	0.01526	0.00509	0.00447
13	0.01117	0.01059	0.01752	0.58160	0.16209	0.01268	0.01518	0.01457	0.01115	0.01487	0.00975	0.01430	0.00764	0.00571	0.00646	0.00183	0.06733	0.00488	0.00253	0.02816
14	0.68509	0.01088	0.00909	0.00773	0.01141	0.01204	0.00634	0.05962	0.01068	0.02454	0.00833	0.00958	0.00649	0.00509	0.00364	0.00159	0.00437	0.00315	0.00353	0.11679
15	0.05657	0.01522	0.01615	0.01247	0.01683	0.01689	0.01029	0.70305	0.04299	0.03419	0.01328	0.01329	0.00945	0.00660	0.00545	0.00167	0.00597	0.00493	0.00545	0.00925
16	0.01556	0.00737	0.00988	0.00828	0.01093	0.00655	0.00655	0.01796	0.01576	0.36364	0.42937	0.03115	0.03477	0.00930	0.00610	0.00173	0.00357	0.00800	0.00644	0.00713
17	0.00773	0.00563	0.00727	0.00693	0.00822	0.00517	0.00517	0.01021	0.01532	0.02151	0.70186	0.07198	0.08883	0.01170	0.00655	0.00177	0.00265	0.01033	0.00601	0.00517
18	0.00722	0.00563	0.00840	0.00881	0.00961	0.00523	0.06204	0.00849	0.01088	0.01445	0.03016	0.70921	0.06620	0.01624	0.00701	0.00220	0.00366	0.01487	0.00496	0.00473
19	0.01267	0.01375	0.02603	0.01962	0.02285	0.01526	0.43839	0.01587	0.01113	0.01587	0.00954	0.01375	0.00792	0.00679	0.01146	0.00210	0.34165	0.00582	0.00264	0.00687
20	0.01183	0.00655	0.00868	0.00765	0.00965	0.00591	0.00591	0.01434	0.01572	0.19897	0.59264	0.03608	0.04320	0.01027	0.00631	0.00174	0.00311	0.00897	0.00627	0.00621
21	0.01473	0.00707	0.00949	0.00832	0.01068	0.00630	0.00643	0.01682	0.01475	0.33502	0.31125	0.18141	0.03308	0.01064	0.00624	0.00183	0.00361	0.00928	0.00623	0.00684
22	0.01042	0.01075	0.07497	0.11005	0.01821	0.01072	0.11998	0.04205	0.01076	0.01533	0.01225	0.01730	0.01059	0.02178	0.34977	0.00498	0.10741	0.00550	0.02107	0.02611
23	0.74485	0.01055	0.00871	0.00760	0.01113	0.01190	0.00626	0.01758	0.01021	0.11599	0.00943	0.01019	0.00694	0.00535	0.00369	0.00171	0.00434	0.00331	0.00384	0.00641
24	0.01121	0.01024	0.01451	0.11494	0.01609	0.01373	0.01091	0.01301	0.00928	0.01434	0.00983	0.01462	0.00890	0.01215	0.09702	0.00290	0.50399	0.00501	0.11150	0.00583
25	0.00728	0.00533	0.00607	0.00642	0.00710	0.00496	0.00419	0.00801	0.01020	0.01302	0.03287	0.23362	0.25465	0.34756	0.01580	0.00345	0.00404	0.02698	0.00439	0.00409
26	0.01046	0.00984	0.01661	0.79205	0.03814	0.01230	0.01538	0.01415	0.01107	0.01415	0.00984	0.01477	0.00738	0.00554	0.00554	0.00185	0.00738	0.00492	0.00246	0.00615
27	0.02044	0.01497	0.01604	0.01236	0.01660	0.01655	0.01017	0.71342	0.02521	0.03395	0.01353	0.01400	0.00979	0.02314	0.00595	0.00173	0.00597	0.00506	0.03196	0.00916
28	0.01228	0.01175	0.07054	0.04115	0.01527	0.00893	0.00835	0.08907	0.01294	0.01948	0.01065	0.02907	0.00882	0.00480	0.00446	0.00105	0.00473	0.00386	0.00345	0.63935
29	0.01750	0.11801	0.01703	0.01196	0.01561	0.03331	0.00993	0.41041	0.15750	0.02654	0.01384	0.01464	0.01064	0.02292	0.03362	0.00201	0.06640	0.00501	0.00472	0.00841
30	0.01874	0.01371	0.01481	0.01174	0.01552	0.01510	0.00953	0.60925	0.04694	0.03143	0.01525	0.07467	0.01224	0.02223	0.01786	0.00187	0.00576	0.00593	0.04880	0.00862
31	0.01426	0.06858	0.01361	0.11534	0.03317	0.15428	0.00905	0.10906	0.01394	0.07641	0.07039	0.05646	0.02745	0.08543	0.09188	0.03732	0.00725	0.00599	0.00385	0.00629
32	0.01452	0.74912	0.08612	0.00996	0.01496	0.02122	0.01032	0.01666	0.01129	0.01337	0.00787	0.00910	0.00710	0.00478	0.00368	0.00123	0.00610	0.00305	0.00237	0.00719
33	0.00737	0.00563	0.00668	0.00642	0.00789	0.00503	0.00477	0.00942	0.01423	0.01904	0.47204	0.04560	0.31749	0.04510	0.00743	0.00194	0.00280	0.01056	0.00563	0.00494
34	0.00775	0.00566	0.00728	0.00687	0.00822	0.00519	0.00515	0.01028	0.01546	0.02171	0.71840	0.04220	0.10207	0.01151	0.00653	0.00175	0.00263	0.01013	0.00603	0.00519
35	0.00770	0.00522	0.00615	0.00650	0.00659	0.00513	0.00385	0.00796	0.00875	0.01167	0.02104	0.24636	0.02466	0.58906	0.02239	0.00451	0.00478	0.01016	0.00385	0.00367
36	0.64052	0.00985	0.00831	0.00731	0.01057	0.01098	0.00598	0.01711	0.01046	0.11277	0.01071	0.01166	0.00796	0.00551	0.00374	0.00166	0.00412	0.00358	0.11090	0.00629
37	0.01371	0.01316	0.02248	0.03399	0.77081	0.01316	0.01700	0.01700	0.01261	0.01809	0.01042	0.01371	0.00877	0.00493	0.00548	0.00164	0.00658	0.00493	0.00274	0.00877
38	0.04555	0.02755	0.72559	0.01563	0.02355	0.01287	0.03886	0.01749	0.01164	0.01785	0.00988	0.01167	0.00701	0.00524	0.00522	0.00176	0.00805	0.00411	0.00240	0.00808
39	0.01395	0.01233	0.01300	0.01225	0.04430	0.03390	0.00914	0.02875	0.71179	0.02272	0.02170	0.02011	0.01633	0.00736	0.00561	0.00186	0.00462	0.00614	0.00545	0.00870
40	0.02000	0.01423	0.01528	0.01185	0.01594	0.01563	0.00974	0.65285	0.02421	0.05367	0.01404	0.01424	0.01005	0.00663	0.00536	0.00162	0.00568	0.00502	0.09498	0.00896
41	0.00666	0.00526	0.00600	0.00656	0.00774	0.00461	0.00464	0.00789	0.01179	0.01473	0.05825	0.38389	0.43151	0.01544	0.00678	0.00204	0.00298	0.01345	0.00516	0.00461
42	0.01111	0.02865	0.77667	0.01579	0.02397	0.01286	0.02046	0.01754	0.01169	0.01754	0.00994	0.01169	0.00702	0.00526	0.00526	0.00175	0.00818	0.00409	0.00234	0.00818
43	0.00684	0.00489	0.00653	0.00782	0.00818	0.00458	0.00531	0.00787	0.01070	0.01424	0.03047	0.76970	0.03642	0.01726	0.00709	0.00226	0.00329	0.04686	0.00514	0.00452
44	0.00887	0.00589	0.00773	0.00714	0.00863	0.00540	0.00540	0.01146	0.01569	0.06802	0.72247	0.04000	0.04991	0.01105	0.00647	0.00174	0.00274	0.00975	0.00614	0.00548
45	0.00930	0.02831	0.00798	0.00689	0.00882	0.00611	0.00529	0.03653	0.01449	0.07825	0.35287	0.04246	0.33724	0.03257	0.00691	0.00187	0.00314	0.00993	0.00557	0.00548
46	0.00706	0.00564	0.00632	0.00619	0.00784	0.00491	0.00467	0.00892	0.01373	0.01761	0.31297	0.04916	0.49534	0.01307	0.00656	0.00184	0.00278	0.02501	0.00549	0.00488
47	0.54186	0.20253	0.04330	0.00867	0.01262	0.04165	0.00779	0.05617	0.01106	0.02190	0.00812	0.00934	0.00652	0.00515	0.00370	0.00158	0.00512	0.00316	0.00323	0.00654
48	0.01263	0.22173	0.55723	0.01396	0.02111	0.01491	0.01719	0.01772	0.01177	0.04969	0.00991	0.01131	0.00733	0.00520	0.00485	0.00161	0.00747	0.00388	0.00254	0.00797
49	0.01465	0.79045	0.02856	0.00946	0.01412	0.02157	0.00942	0.01643	0.01120	0.01303	0.00786	0.00918	0.00726	0.00557	0.02128	0.00136	0.00613	0.00303	0.00238	0.00706
50	0.84448	0.01071	0.00814	0.00728	0.01071	0.01242	0.00600	0.01628	0.00943	0.02485	0.00771	0.00900	0.00600	0.00514	0.00343	0.00171	0.00428	0.00300	0.00343	0.00600
51	0.00842	0.00734	0.00739	0.00704	0.00865	0.06891	0.00525	0.01042	0.01435	0.01852	0.42297	0.04307	0.31253	0.03242	0.00697	0.00186	0.00336	0.01005	0.00541	0.00507
52	0.00761	0.00548	0.00721	0.00721	0.00829	0.00508	0.00529	0.00984	0.01444	0.02023	0.58162	0.21663	0.04820	0.01280	0.00668	0.00188	0.00281	0.02777	0.00585	0.00506
53	0.01289	0.01621	0.11148	0.02222	0.04741	0.01390	0.61231	0.01805	0.04018	0.01785	0.01139	0.01472	0.00855	0.00493	0.00654	0.00186	0.02287	0.00619	0.00285	0.00760
54	0.02087	0.01542	0.01652	0.01271	0.01711	0.01709	0.01048	0.73422	0.04446	0.03461	0.01353	0.01348	0.00961	0.00667	0.00554	0.00167	0.00605	0.00502	0.00554	0.00940
55	0.00720	0.00561	0.00653	0.00636	0.00790	0.00494	0.00475	0.00919	0.01407	0.01854	0.40988	0.07363	0.38594	0.01280	0.00656	0.00182	0.00272	0.01100	0.00562	0.00494
56	0.01069	0.00560	0.00567	0.00551	0.00688	0.00567	0.00413	0.04340	0.01209	0.02090	0.01785	0.02088	0.01420	0.03413	0.00478	0.00145	0.00282	0.00525	0.77283	0.00528
57	0.01149	0.11017	0.69853	0.01513	0.02295	0.01381	0.01931	0.01744	0.01165	0.01707	0.00970	0.01140	0.00703	0.00521	0.00508	0.00169	0.00795	0.00397	0.00234	0.00807
58	0.01307	0.01494	0.03268	0.02334	0.02894	0.01401	0.75070	0.01774	0.01307	0.01774	0.01120	0.01494	0.00840	0.00467	0.00654	0.00187	0.00934	0.00654	0.00280	0.00747
59	0.01509	0.07534	0.01418	0.01025	0.01430	0.09474	0.00828	0.13775	0.12915	0.05892	0.02979	0.01428	0.01103	0.00710	0.03674	0.00161	0.00568	0.00440	0.00412	0.32724
60	0.00859	0.00644	0.00809	0.00784	0.00929	0.00635	0.00596	0.01272	0.11080	0.02116	0.54727	0.10922	0.04470	0.01169	0.00655	0.00187	0.00309	0.06688	0.00587	0.00561
61	0.00805	0.00539	0.00615	0.00615	0.00619	0.00543	0.00350	0.00813	0.00809	0.01082	0.01735	0.03567	0.01989	0.77524	0.05797	0.00551	0.00574	0.00797	0.00334	0.00342
62	0.84448	0.01071	0.00814	0.00728	0.01071	0.01242	0.00600	0.01628	0.00943	0.02485	0.00771	0.00900	0.00600	0.00514	0.00343	0.00171	0.00428	0.00300	0.00343	0.00600
63	0.01106	0.00907	0.00960	0.00882	0.01141	0.00963	0.00680	0.02008	0.40805	0.04597	0.07289	0.03427	0.30950	0.01020	0.00603	0.00186	0.00369	0.00853	0.00551	0.00703
64	0.00666	0.00562	0.00577	0.00573	0.00755	0.00473	0.00430	0.00818	0.01290	0.01562	0.12089	0.05221	0.70337	0.01378	0.00654	0.00186	0.00279	0.01154	0.00523	0.00473
65	0.01363	0.01308	0.02235	0.05093	0.75444	0.01314	0.01696	0.01693	0.01258	0.01801	0.01040	0.01373	0.00874	0.00495	0.00548	0.00165	0.00660	0.00493	0.00274	0.00871
66	0.01481	0.80869	0.02902	0.00948	0.01421	0.02191	0.00948	0.01658	0.01125	0.01303	0.00770	0.00888	0.00711	0.00474	0.00355	0.00118	0.00592	0.00296	0.00237	0.00711
67	0.00692	0.00522	0.00642	0.00711	0.00805	0.00472	0.00504	0.00828	0.01192	0.01549	0.13030	0.45739	0.25129	0.01554	0.00687	0.00209	0.00310	0.04431	0.00526	0.00467
68	0.19383	0.00961	0.01182	0.03414	0.01402	0.00909	0.00783	0.02404	0.01427	0.57797	0.01845	0.01672	0.01192	0.00645	0.00509	0.00171	0.00466	0.00501	0.02486	0.00851
69	0.00746	0.00565	0.00687	0.00657	0.00804	0.00506	0.00492	0.00971	0.01477	0.02006	0.55688	0.04491	0.26461	0.01212	0.00654	0.00178	0.00267	0.01051	0.00581	0.00506
70	0.00676	0.00497	0.00634	0.00737	0.00796	0.00455	0.00501	0.00785	0.01109	0.01456	0.06196	0.66269	0.14531	0.01663	0.00697	0.00217	0.00313	0.01493	0.00518	0.00455
71	0.04836	0.07227	0.01567	0.10626	0.01798	0.05048	0.08318	0.01508	0.01171	0.01722	0.00966	0.01185	0.00789	0.00451	0.00450	0.00115	0.00549	0.00379	0.00305	0.50992
72	0.01016	0.00599	0.00973	0.02897	0.01000	0.00601	0.06618	0.02364	0.00818	0.01092	0.00983	0.01655	0.00946	0.01743	0.01966	0.73148	0.00527	0.00496	0.00250	0.00306
73	0.01873	0.02222	0.01599	0.11417	0.01963	0.55880	0.01140	0.08240	0.01541	0.01543	0.00903	0.01105	0.00737	0.00608	0.00615	0.00158	0.07100	0.00396	0.00300	0.00661

[dist]
# distance from previous block
# <min> <max>
0	19

[block]
# block no. 1 follows, 43 sequences, length 26
# corresponding to MSA columns:
# 336-361
name=unknown_B
#
# <colnr> <probs for GDERKNQSTAVLIFYWHMCP>
#	G	D	E	R	K	N	Q	S	T	A	V	L	I	F	Y	W	H	M	C	P
0	0.00977	0.00869	0.04551	0.01074	0.02830	0.00791	0.06696	0.01420	0.12506	0.03721	0.08646	0.16133	0.15133	0.01220	0.00669	0.00210	0.00462	0.20995	0.00496	0.00601
1	0.00974	0.01178	0.14231	0.04892	0.04367	0.00899	0.15894	0.01278	0.01153	0.01583	0.03569	0.20068	0.04800	0.01328	0.07537	0.03794	0.00688	0.09329	0.00367	0.02069
2	0.68982	0.01196	0.06141	0.00841	0.01191	0.01258	0.00743	0.03382	0.01015	0.02383	0.03468	0.01060	0.00785	0.00567	0.00457	0.00176	0.05043	0.00348	0.00344	0.00621
3	0.01336	0.01280	0.02185	0.11541	0.69212	0.01307	0.01682	0.01669	0.01245	0.01767	0.01036	0.01382	0.00862	0.00500	0.00549	0.00167	0.00667	0.00493	0.00271	0.00849
4	0.01440	0.72335	0.11082	0.01017	0.01528	0.02092	0.01068	0.01669	0.01130	0.01352	0.00794	0.00919	0.00710	0.00480	0.00374	0.00125	0.00617	0.00309	0.00237	0.00723
5	0.00755	0.00514	0.00668	0.00765	0.00833	0.00473	0.00528	0.00866	0.01111	0.04609	0.03293	0.66516	0.11561	0.01649	0.00697	0.00219	0.00329	0.03621	0.00521	0.00474
6	0.00675	0.00482	0.00643	0.00771	0.00803	0.00450	0.00514	0.00771	0.01060	0.01414	0.03053	0.80175	0.03663	0.01735	0.00707	0.00225	0.00321	0.01574	0.00514	0.00450
7	0.01037	0.00621	0.00808	0.00737	0.00913	0.00561	0.00561	0.01273	0.01521	0.14004	0.55912	0.08030	0.09625	0.01114	0.00641	0.00177	0.00299	0.00975	0.00610	0.00581
8	0.00909	0.00587	0.00759	0.00722	0.00869	0.00533	0.00538	0.01130	0.01465	0.08805	0.52516	0.15640	0.10992	0.01208	0.00653	0.00183	0.00291	0.01064	0.00593	0.00544
9	0.00721	0.00558	0.00663	0.00727	0.00830	0.00521	0.00510	0.00937	0.06191	0.01535	0.07025	0.48378	0.26297	0.01539	0.00679	0.00208	0.00314	0.01360	0.00522	0.00487
10	0.02105	0.01551	0.01662	0.01274	0.01717	0.01717	0.01053	0.75235	0.02604	0.03490	0.01330	0.01330	0.00942	0.00665	0.00554	0.00166	0.00609	0.00499	0.00554	0.00942
11	0.01481	0.80869	0.02902	0.00948	0.01421	0.02191	0.00948	0.01658	0.01125	0.01303	0.00770	0.00888	0.00711	0.00474	0.00355	0.00118	0.00592	0.00296	0.00237	0.00711
12	0.02105	0.01551	0.01662	0.01274	0.01717	0.01717	0.01053	0.75235	0.02604	0.03490	0.01330	0.01330	0.00942	0.00665	0.00554	0.00166	0.00609	0.00499	0.00554	0.00942
13	0.84448	0.01071	0.00814	0.00728	0.01071	0.01242	0.00600	0.01628	0.00943	0.02485	0.00771	0.00900	0.00600	0.00514	0.00343	0.00171	0.00428	0.00300	0.00343	0.00600
14	0.01406	0.01383	0.02214	0.03300	0.73266	0.05213	0.01668	0.01726	0.01277	0.01786	0.01032	0.01352	0.00869	0.00497	0.00546	0.00163	0.00675	0.00487	0.00275	0.00865
15	0.00675	0.00482	0.00643	0.00771	0.00803	0.00450	0.00514	0.00771	0.01060	0.01414	0.03053	0.80175	0.03663	0.01735	0.00707	0.00225	0.00321	0.01574	0.00514	0.00450
16	0.02105	0.01551	0.01662	0.01274	0.01717	0.01717	0.01053	0.75235	0.02604	0.03490	0.01330	0.01330	0.00942	0.00665	0.00554	0.00166	0.00609	0.00499	0.00554	0.00942
17	0.00763	0.00528	0.00630	0.00657	0.00690	0.00510	0.00409	0.00827	0.00988	0.01326	0.11831	0.23467	0.05977	0.46799	0.01908	0.00396	0.00435	0.01044	0.00424	0.00394
18	0.00675	0.00482	0.00643	0.00771	0.00803	0.00450	0.00514	0.00771	0.01060	0.01414	0.03053	0.80175	0.03663	0.01735	0.00707	0.00225	0.00321	0.01574	0.00514	0.00450
19	0.01471	0.01164	0.01328	0.09439	0.01679	0.03230	0.00953	0.17111	0.34568	0.06416	0.01763	0.01835	0.01343	0.01274	0.13581	0.00299	0.00696	0.00570	0.00483	0.00796
20	0.00805	0.00537	0.00604	0.00604	0.00604	0.00537	0.00336	0.00805	0.00805	0.01074	0.01745	0.03624	0.02013	0.80536	0.02819	0.00537	0.00537	0.00805	0.00336	0.00336
21	0.01283	0.00835	0.00780	0.00706	0.00898	0.06040	0.00545	0.13743	0.01431	0.02255	0.01662	0.01869	0.01291	0.00643	0.00423	0.00136	0.00368	0.00502	0.63993	0.00596
22	0.04671	0.01851	0.01345	0.01176	0.01469	0.40293	0.00901	0.16981	0.01680	0.01956	0.06463	0.03172	0.04262	0.02489	0.00568	0.00160	0.00727	0.00504	0.05352	0.03979
23	0.01156	0.08073	0.66175	0.01595	0.04196	0.01355	0.04384	0.01778	0.03120	0.01740	0.01017	0.01189	0.00737	0.00526	0.00520	0.00172	0.00793	0.00417	0.00245	0.00812
24	0.00878	0.00627	0.00875	0.01003	0.01124	0.00625	0.00867	0.01122	0.01260	0.01641	0.02941	0.11305	0.03220	0.01544	0.00761	0.00253	0.00497	0.68443	0.00510	0.00506
25	0.01283	0.01330	0.01686	0.01452	0.01475	0.08048	0.01200	0.01406	0.00908	0.01335	0.00738	0.01194	0.00726	0.00936	0.01708	0.00234	0.73013	0.00474	0.00246	0.00609

[dist]
# distance from previous block
# <min> <max>
0	4

[block]
# block no. 2 follows, 43 sequences, length 11
# corresponding to MSA columns:
# 366-376
name=unknown_C
#
# <colnr> <probs for GDERKNQSTAVLIFYWHMCP>
#	G	D	E	R	K	N	Q	S	T	A	V	L	I	F	Y	W	H	M	C	P
0	0.01065	0.01004	0.01696	0.74730	0.08140	0.01236	0.01548	0.01432	0.01116	0.01438	0.00988	0.01470	0.00746	0.00550	0.00553	0.00183	0.00734	0.00492	0.00248	0.00631
1	0.00805	0.00537	0.00604	0.00604	0.00604	0.00537	0.00336	0.00805	0.00805	0.01074	0.01745	0.03624	0.02013	0.80536	0.02819	0.00537	0.00537	0.00805	0.00336	0.00336
2	0.00898	0.00635	0.00743	0.00730	0.00810	0.00639	0.00487	0.08623	0.01151	0.01540	0.08625	0.22501	0.06789	0.38921	0.04157	0.00381	0.00483	0.00995	0.00435	0.00456
3	0.01716	0.00997	0.01224	0.00915	0.01362	0.00840	0.00743	0.08156	0.01457	0.30463	0.05108	0.01585	0.01250	0.00570	0.00489	0.00127	0.00443	0.00461	0.00495	0.41599
4	0.00740	0.00554	0.00688	0.00692	0.00819	0.00503	0.00514	0.00945	0.01397	0.01888	0.44172	0.17048	0.22016	0.01315	0.00668	0.00189	0.00287	0.04500	0.00566	0.00497
5	0.06272	0.02916	0.01414	0.01148	0.01493	0.04920	0.06600	0.07944	0.34332	0.14979	0.10252	0.02025	0.01780	0.00726	0.00559	0.00177	0.00505	0.00610	0.00534	0.00812
6	0.01380	0.01474	0.01956	0.01600	0.01755	0.12426	0.14287	0.04107	0.01092	0.01489	0.00836	0.01236	0.00753	0.00814	0.01382	0.00216	0.51785	0.00497	0.00266	0.00648
7	0.00771	0.00615	0.00684	0.00658	0.00834	0.00560	0.00495	0.03116	0.04556	0.01827	0.28976	0.07195	0.45165	0.01275	0.00649	0.00183	0.00292	0.01085	0.00549	0.00516
8	0.01256	0.01717	0.17319	0.02065	0.02595	0.01421	0.50601	0.01708	0.01216	0.01708	0.01040	0.01392	0.00798	0.00549	0.00794	0.00192	0.12041	0.00583	0.00266	0.00741
9	0.00691	0.00504	0.00655	0.00769	0.00826	0.00468	0.00536	0.00806	0.01101	0.01444	0.03329	0.65495	0.11823	0.01680	0.00706	0.00223	0.00333	0.07640	0.00514	0.00457
10	0.02148	0.01483	0.01620	0.01242	0.01683	0.01616	0.01026	0.67108	0.02490	0.11778	0.01425	0.01392	0.00990	0.00667	0.00554	0.00167	0.00594	0.00505	0.00569	0.00942

[dist]
# distance from previous block
# <min> <max>
0	1

[block]
# block no. 3 follows, 43 sequences, length 17
# corresponding to MSA columns:
# 378-383,385-395
name=unknown_D
#
# <colnr> <probs for GDERKNQSTAVLIFYWHMCP>
#	G	D	E	R	K	N	Q	S	T	A	V	L	I	F	Y	W	H	M	C	P
0	0.01677	0.06553	0.08085	0.01817	0.20734	0.18140	0.01265	0.22375	0.04575	0.02140	0.01301	0.01429	0.04195	0.00622	0.00563	0.00162	0.02709	0.00481	0.00370	0.00805
1	0.01156	0.00956	0.01108	0.00814	0.01266	0.00746	0.00647	0.03752	0.01193	0.01862	0.01118	0.03911	0.00959	0.00478	0.00423	0.00093	0.00404	0.00388	0.05609	0.73116
2	0.84448	0.01071	0.00814	0.00728	0.01071	0.01242	0.00600	0.01628	0.00943	0.02485	0.00771	0.00900	0.00600	0.00514	0.00343	0.00171	0.00428	0.00300	0.00343	0.00600
3	0.02069	0.02640	0.01569	0.01427	0.01712	0.78313	0.01070	0.02212	0.01569	0.01355	0.00856	0.00999	0.00713	0.00571	0.00499	0.00143	0.00999	0.00357	0.00285	0.00642
4	0.01482	0.01077	0.01223	0.01022	0.01342	0.01100	0.00813	0.33590	0.03627	0.05670	0.04174	0.19470	0.04167	0.00956	0.00585	0.00173	0.00478	0.05062	0.00514	0.13474
5	0.01004	0.00914	0.01471	0.61849	0.03189	0.01105	0.01342	0.01382	0.03832	0.01490	0.03717	0.05515	0.05174	0.00733	0.00582	0.00190	0.00657	0.04943	0.00310	0.00601
6	0.05106	0.22828	0.01874	0.06121	0.01557	0.09186	0.02248	0.01519	0.02561	0.01450	0.03685	0.01471	0.05061	0.00827	0.02484	0.00197	0.30428	0.00476	0.00285	0.00633
7	0.01203	0.01416	0.07477	0.05070	0.02538	0.01288	0.53440	0.01605	0.01222	0.01675	0.01286	0.09035	0.01126	0.03095	0.00787	0.00204	0.05825	0.00714	0.00298	0.00696
8	0.00736	0.00562	0.00698	0.00741	0.00860	0.00492	0.00518	0.00866	0.01126	0.01511	0.06404	0.54975	0.15020	0.01489	0.00659	0.00199	0.00323	0.01328	0.00495	0.11001
9	0.80710	0.01065	0.00835	0.00740	0.01087	0.01223	0.00610	0.01677	0.00972	0.05904	0.00836	0.00945	0.00635	0.00522	0.00353	0.00171	0.00430	0.00312	0.00358	0.00615
10	0.01057	0.01006	0.01728	0.75994	0.03776	0.01238	0.04610	0.01430	0.01116	0.01430	0.00990	0.01477	0.00743	0.00550	0.00558	0.00185	0.00746	0.00499	0.00248	0.00621
11	0.00875	0.00664	0.00933	0.04489	0.05189	0.00660	0.00864	0.01113	0.01259	0.01637	0.05746	0.11570	0.11678	0.01420	0.00723	0.00234	0.00477	0.49454	0.00490	0.00525
12	0.00675	0.00482	0.00643	0.00771	0.00803	0.00450	0.00514	0.00771	0.01060	0.01414	0.03053	0.80175	0.03663	0.01735	0.00707	0.00225	0.00321	0.01574	0.00514	0.00450
13	0.02320	0.00979	0.01280	0.01007	0.01418	0.00898	0.00823	0.02735	0.12701	0.66252	0.02195	0.01912	0.01419	0.00695	0.00558	0.00174	0.00466	0.00567	0.00667	0.00933
14	0.00775	0.00596	0.00699	0.00661	0.00825	0.00539	0.00499	0.03334	0.01480	0.01974	0.46106	0.04520	0.33522	0.01225	0.00651	0.00179	0.00280	0.01052	0.00570	0.00514
15	0.01484	0.68672	0.07512	0.01033	0.01502	0.06712	0.01033	0.01687	0.01146	0.01336	0.00788	0.00923	0.00711	0.00499	0.00422	0.00127	0.03151	0.00313	0.00240	0.00710
16	0.01841	0.01421	0.01654	0.08587	0.01899	0.01554	0.03504	0.54620	0.04236	0.02983	0.01265	0.01348	0.00922	0.00633	0.00576	0.00163	0.02665	0.00489	0.00486	0.09155

[dist]
# distance from previous block
# <min> <max>
0	13

[block]
# block no. 4 follows, 43 sequences, length 20
# corresponding to MSA columns:
# 409-412,414-429
name=unknown_E
#
# <colnr> <probs for GDERKNQSTAVLIFYWHMCP>
#	G	D	E	R	K	N	Q	S	T	A	V	L	I	F	Y	W	H	M	C	P
0	0.01579	0.11631	0.16565	0.08583	0.01919	0.12252	0.01228	0.25613	0.04019	0.02179	0.02823	0.06758	0.01117	0.00677	0.00529	0.00165	0.00682	0.00525	0.00384	0.00772
1	0.62332	0.01200	0.01042	0.00875	0.01245	0.01370	0.00721	0.21398	0.01389	0.02755	0.00921	0.01015	0.00692	0.00555	0.00399	0.00170	0.00477	0.00353	0.00399	0.00692
2	0.03010	0.00976	0.04626	0.14314	0.01538	0.04889	0.00831	0.09921	0.01341	0.06705	0.01619	0.08548	0.01350	0.00866	0.03804	0.00190	0.00521	0.00590	0.33735	0.00625
3	0.00942	0.00562	0.00683	0.00665	0.00703	0.00556	0.00410	0.00945	0.00867	0.06776	0.01726	0.05919	0.01879	0.59553	0.06073	0.09672	0.00563	0.00768	0.00356	0.00382
4	0.02582	0.00568	0.00654	0.00644	0.00795	0.00508	0.00478	0.00923	0.01374	0.01834	0.37003	0.11213	0.36862	0.01291	0.00652	0.00184	0.00279	0.01110	0.00553	0.00493
5	0.02485	0.00943	0.01285	0.00985	0.01414	0.00814	0.00814	0.02699	0.01585	0.77465	0.02185	0.01885	0.01371	0.00685	0.00557	0.00171	0.00471	0.00557	0.00685	0.00943
6	0.01223	0.00735	0.00921	0.00806	0.01029	0.00699	0.00627	0.05066	0.07254	0.17237	0.48189	0.03471	0.08468	0.01009	0.00623	0.00175	0.00334	0.00871	0.00613	0.00650
7	0.02107	0.01463	0.01597	0.01234	0.01668	0.01598	0.01016	0.63104	0.06576	0.11696	0.01477	0.01433	0.01031	0.00672	0.00555	0.00168	0.00584	0.00512	0.00569	0.00938
8	0.02465	0.00974	0.01305	0.01000	0.01430	0.00861	0.00826	0.06466	0.01638	0.73624	0.02141	0.01856	0.01349	0.00684	0.00557	0.00171	0.00478	0.00554	0.00679	0.00942
9	0.00792	0.00589	0.00869	0.00869	0.00960	0.00681	0.00666	0.00975	0.00884	0.01270	0.01503	0.02284	0.01431	0.09846	0.72713	0.00864	0.01413	0.00609	0.00300	0.00483
10	0.01107	0.02633	0.68121	0.01534	0.02255	0.01293	0.01916	0.01690	0.01157	0.01735	0.03862	0.01286	0.00876	0.00588	0.00643	0.00181	0.07646	0.00438	0.00249	0.00789
11	0.04558	0.68786	0.05066	0.00965	0.01417	0.05160	0.00949	0.01647	0.01124	0.01354	0.00822	0.01019	0.00762	0.03890	0.00471	0.00141	0.00608	0.00324	0.00247	0.00691
12	0.01265	0.01305	0.09628	0.38227	0.10756	0.01270	0.12314	0.04525	0.01236	0.06398	0.01106	0.01457	0.00827	0.00568	0.00627	0.00182	0.04811	0.00512	0.02271	0.00713
13	0.00739	0.00522	0.00624	0.00667	0.00710	0.00496	0.00425	0.00810	0.01007	0.01331	0.08255	0.31927	0.11226	0.36866	0.01641	0.00356	0.00409	0.01143	0.00441	0.00406
14	0.05326	0.00935	0.01250	0.00967	0.01382	0.00819	0.00797	0.02606	0.01562	0.72313	0.04614	0.01925	0.01472	0.00694	0.00553	0.00171	0.00463	0.00563	0.00671	0.00916
15	0.00710	0.00517	0.00657	0.00744	0.00810	0.00481	0.00519	0.00830	0.01123	0.01479	0.08948	0.51441	0.13529	0.08310	0.00880	0.00245	0.00345	0.07474	0.00506	0.00453
16	0.00786	0.00544	0.00622	0.00615	0.00656	0.00527	0.00375	0.00844	0.00978	0.01306	0.14467	0.03887	0.10357	0.59238	0.02237	0.00441	0.00465	0.00876	0.00399	0.00380
17	0.01734	0.02929	0.01722	0.10487	0.05135	0.01568	0.03186	0.45346	0.01981	0.02693	0.01160	0.01316	0.00872	0.00654	0.00698	0.00171	0.10394	0.00484	0.00437	0.07033
18	0.00831	0.00637	0.00814	0.04733	0.01054	0.00633	0.00630	0.01181	0.08710	0.01911	0.37749	0.19338	0.10821	0.01247	0.00660	0.00195	0.00338	0.07426	0.00550	0.00541
19	0.07180	0.01558	0.05177	0.01240	0.01686	0.01637	0.01058	0.65245	0.02405	0.03313	0.03221	0.01367	0.01019	0.00661	0.00542	0.00167	0.00599	0.00495	0.00527	0.00904

[dist]
# distance from previous block
# <min> <max>
24	52

[block]
# block no. 5 follows, 43 sequences, length 16
# corresponding to MSA columns:
# 581-596
name=unknown_F
#
# <colnr> <probs for GDERKNQSTAVLIFYWHMCP>
#	G	D	E	R	K	N	Q	S	T	A	V	L	I	F	Y	W	H	M	C	P
0	0.02920	0.01014	0.01486	0.26999	0.19592	0.01118	0.01189	0.05683	0.09961	0.01819	0.08944	0.02261	0.06720	0.05499	0.00706	0.00201	0.00576	0.02252	0.00374	0.00686
1	0.01361	0.01210	0.01340	0.01136	0.01438	0.08341	0.06968	0.10978	0.28022	0.03269	0.02037	0.06231	0.07092	0.07005	0.05102	0.00241	0.00600	0.00668	0.00460	0.06502
2	0.03619	0.07309	0.03763	0.01187	0.01574	0.11316	0.00991	0.39261	0.07642	0.06735	0.05566	0.01531	0.01226	0.00855	0.04749	0.00202	0.00667	0.00505	0.00480	0.00823
3	0.07128	0.00624	0.00663	0.00646	0.00844	0.00561	0.00498	0.01013	0.01285	0.05920	0.12654	0.06878	0.52462	0.01283	0.00633	0.00189	0.00315	0.05371	0.00521	0.00512
4	0.02988	0.00994	0.01285	0.25647	0.01997	0.01152	0.00991	0.19852	0.03136	0.02048	0.01280	0.01669	0.01026	0.04934	0.00840	0.06526	0.05681	0.00513	0.16802	0.00640
5	0.84448	0.01071	0.00814	0.00728	0.01071	0.01242	0.00600	0.01628	0.00943	0.02485	0.00771	0.00900	0.00600	0.00514	0.00343	0.00171	0.00428	0.00300	0.00343	0.00600
6	0.01417	0.01158	0.01238	0.01106	0.01420	0.01322	0.00862	0.02872	0.69877	0.06260	0.04543	0.02120	0.01783	0.00760	0.00566	0.00187	0.00435	0.00634	0.00571	0.00869
7	0.00670	0.00562	0.00582	0.00577	0.00757	0.00474	0.00433	0.00824	0.01298	0.01580	0.13866	0.05192	0.68548	0.01371	0.00654	0.00186	0.00278	0.01149	0.00525	0.00474
8	0.00962	0.00481	0.00722	0.00722	0.00722	0.00481	0.00481	0.00722	0.00722	0.00962	0.00962	0.01684	0.00962	0.01924	0.02165	0.83886	0.00481	0.00481	0.00241	0.00241
9	0.02064	0.01574	0.01636	0.01272	0.01702	0.04677	0.01044	0.68435	0.06589	0.03343	0.01362	0.01357	0.00974	0.00666	0.00552	0.00166	0.00615	0.00500	0.00544	0.00927
10	0.00868	0.00627	0.00861	0.00980	0.01108	0.00619	0.00847	0.01110	0.01266	0.01637	0.03117	0.08932	0.08172	0.01529	0.00755	0.00249	0.00487	0.65820	0.00510	0.00505
11	0.01119	0.00669	0.00743	0.07975	0.01062	0.00715	0.00569	0.05541	0.06907	0.02102	0.01737	0.01969	0.01350	0.00646	0.00425	0.00141	0.00336	0.00521	0.64896	0.00576
12	0.00805	0.00537	0.00604	0.00604	0.00604	0.00537	0.00336	0.00805	0.00805	0.01074	0.01745	0.03624	0.02013	0.80536	0.02819	0.00537	0.00537	0.00805	0.00336	0.00336
13	0.00690	0.00565	0.00612	0.00619	0.00789	0.00487	0.00472	0.00853	0.01298	0.01603	0.14892	0.07588	0.59590	0.01386	0.00664	0.00191	0.00296	0.06401	0.00527	0.00477
14	0.08216	0.01427	0.01560	0.06859	0.01791	0.01570	0.01026	0.58434	0.02264	0.04930	0.01263	0.01311	0.00905	0.00632	0.00530	0.00163	0.00591	0.00475	0.00506	0.05548
15	0.01352	0.03009	0.03169	0.03222	0.25598	0.07914	0.06411	0.05985	0.16566	0.01876	0.01630	0.03967	0.03529	0.00903	0.04692	0.00218	0.02735	0.06081	0.00379	0.00765

[dist]
# distance from previous block
# <min> <max>
2	10

[block]
# block no. 6 follows, 43 sequences, length 13
# corresponding to MSA columns:
# 617-629
name=unknown_G
#
# <colnr> <probs for GDERKNQSTAVLIFYWHMCP>
#	G	D	E	R	K	N	Q	S	T	A	V	L	I	F	Y	W	H	M	C	P
0	0.08234	0.05956	0.14628	0.02411	0.41873	0.03491	0.03760	0.07213	0.01332	0.01953	0.03371	0.01348	0.00950	0.00534	0.00523	0.00165	0.00664	0.00470	0.00303	0.00819
1	0.16993	0.15627	0.41490	0.01235	0.01841	0.04186	0.01432	0.01740	0.01147	0.04335	0.00986	0.01130	0.00740	0.00527	0.00456	0.00161	0.00675	0.00377	0.04178	0.00742
2	0.01122	0.02566	0.01224	0.03067	0.01249	0.06253	0.00866	0.06759	0.01078	0.01509	0.01269	0.03487	0.01191	0.07324	0.31752	0.00494	0.22281	0.00563	0.05383	0.00565
3	0.03175	0.07975	0.01470	0.01227	0.03358	0.32266	0.00935	0.09443	0.01417	0.05411	0.01257	0.07295	0.01142	0.03394	0.13828	0.00294	0.04585	0.00529	0.00349	0.00650
4	0.01199	0.00972	0.01139	0.00843	0.01296	0.00765	0.00669	0.04854	0.01224	0.04168	0.01192	0.07107	0.01056	0.00530	0.00444	0.00099	0.00415	0.00437	0.00364	0.71228
5	0.00736	0.00556	0.00680	0.00667	0.00803	0.00500	0.00493	0.00947	0.01429	0.01934	0.49206	0.12537	0.24945	0.01271	0.00659	0.00183	0.00273	0.01109	0.00573	0.00500
6	0.00703	0.00501	0.00666	0.00775	0.00821	0.00471	0.00533	0.00821	0.01111	0.01490	0.09577	0.66020	0.03716	0.04314	0.00777	0.00233	0.00335	0.06162	0.00516	0.00456
7	0.02485	0.00943	0.01285	0.00985	0.01414	0.00814	0.00814	0.02699	0.01585	0.77465	0.02185	0.01885	0.01371	0.00685	0.00557	0.00171	0.00471	0.00557	0.00685	0.00943
8	0.00769	0.00615	0.00700	0.00700	0.00873	0.00566	0.00546	0.01048	0.06200	0.01750	0.22313	0.04966	0.43433	0.01314	0.00665	0.00194	0.00321	0.11974	0.00540	0.00514
9	0.00692	0.00534	0.00632	0.00667	0.00786	0.00474	0.00478	0.00845	0.01263	0.01637	0.21436	0.31447	0.34208	0.01456	0.00673	0.00197	0.00290	0.01273	0.00537	0.00474
10	0.00740	0.00559	0.00730	0.04436	0.00995	0.00532	0.00609	0.00908	0.01209	0.01583	0.13596	0.38545	0.18241	0.01496	0.00692	0.00214	0.00357	0.13564	0.00514	0.00481
11	0.01791	0.02137	0.01614	0.01430	0.01628	0.50711	0.01116	0.04494	0.01371	0.01423	0.00831	0.01080	0.00726	0.00704	0.00930	0.00176	0.26514	0.00403	0.00281	0.00641
12	0.01061	0.01000	0.01689	0.75612	0.07287	0.01235	0.01546	0.01429	0.01115	0.01434	0.00987	0.01472	0.00745	0.00551	0.00553	0.00184	0.00734	0.00492	0.00247	0.00628

[dist]
# distance from previous block
# <min> <max>
1	5

[block]
# block no. 7 follows, 43 sequences, length 25
# corresponding to MSA columns:
# 635-652,664-670
name=unknown_H
#
# <colnr> <probs for GDERKNQSTAVLIFYWHMCP>
#	G	D	E	R	K	N	Q	S	T	A	V	L	I	F	Y	W	H	M	C	P
0	0.02064	0.01418	0.03948	0.03616	0.01686	0.04374	0.01030	0.43355	0.02075	0.22498	0.01491	0.01505	0.01043	0.02383	0.00666	0.00179	0.04732	0.00511	0.00537	0.00886
1	0.01117	0.14616	0.04552	0.00859	0.01084	0.00933	0.00716	0.02470	0.02916	0.09250	0.12250	0.19744	0.04841	0.06143	0.10274	0.00284	0.01727	0.00831	0.04798	0.00593
2	0.01010	0.00755	0.01071	0.12955	0.01487	0.00796	0.03033	0.05817	0.01322	0.05972	0.17739	0.27063	0.06074	0.01193	0.00714	0.00202	0.04582	0.07163	0.00483	0.00572
3	0.02018	0.02439	0.01552	0.01391	0.01691	0.66173	0.01054	0.08137	0.07448	0.01602	0.01003	0.01108	0.00808	0.00592	0.00509	0.00148	0.00924	0.00389	0.00329	0.00684
4	0.01206	0.23031	0.58338	0.01415	0.02145	0.01520	0.01762	0.01729	0.01158	0.01637	0.00936	0.01097	0.00704	0.00513	0.00482	0.00161	0.00760	0.00380	0.00235	0.00791
5	0.00676	0.00494	0.00636	0.00744	0.00797	0.00454	0.00503	0.00783	0.01100	0.01449	0.05683	0.68859	0.12432	0.01676	0.00699	0.00219	0.00315	0.01508	0.00517	0.00454
6	0.01111	0.00704	0.00881	0.00852	0.01018	0.00681	0.00641	0.10383	0.01442	0.11197	0.17087	0.36534	0.07487	0.01323	0.00660	0.00201	0.00375	0.06273	0.00558	0.00591
7	0.00702	0.00505	0.00660	0.00774	0.00824	0.00474	0.00537	0.00812	0.01081	0.01425	0.03133	0.64098	0.08140	0.05822	0.00820	0.00242	0.00349	0.08647	0.00504	0.00451
8	0.00726	0.00523	0.00663	0.00722	0.00774	0.00512	0.00485	0.00821	0.01002	0.01335	0.04541	0.39425	0.10368	0.22408	0.12707	0.00399	0.00543	0.01176	0.00438	0.00430
9	0.41612	0.01646	0.25579	0.07193	0.06512	0.01236	0.01216	0.01716	0.01083	0.06296	0.00954	0.01115	0.00703	0.00529	0.00442	0.00173	0.00594	0.00376	0.00315	0.00707
10	0.00924	0.00527	0.00728	0.00736	0.00763	0.00549	0.00509	0.00851	0.00849	0.01217	0.01441	0.13427	0.01488	0.05906	0.05418	0.48004	0.04059	0.00670	0.11591	0.00343
11	0.01822	0.22290	0.01818	0.01210	0.01545	0.45202	0.00975	0.03191	0.03765	0.05680	0.04432	0.01328	0.03299	0.00609	0.00480	0.00143	0.00788	0.00416	0.00329	0.00678
12	0.01169	0.00884	0.01002	0.02801	0.01204	0.00905	0.00711	0.10159	0.19940	0.06296	0.15711	0.05152	0.22330	0.01020	0.00609	0.00182	0.00395	0.04665	0.00542	0.04323
13	0.01409	0.01490	0.07398	0.18056	0.32355	0.09003	0.01478	0.10436	0.01384	0.01837	0.01159	0.01445	0.03130	0.00599	0.00639	0.00174	0.06439	0.00494	0.00305	0.00772
14	0.01396	0.14822	0.41129	0.01559	0.09556	0.01432	0.01582	0.06981	0.06742	0.07978	0.01174	0.01279	0.00863	0.00553	0.00508	0.00165	0.00696	0.00434	0.00321	0.00830
15	0.13254	0.03396	0.07424	0.16382	0.04361	0.06022	0.06982	0.01500	0.01065	0.01643	0.01035	0.05405	0.00914	0.00720	0.00873	0.00192	0.22771	0.00513	0.04913	0.00635
16	0.09895	0.03343	0.06332	0.01100	0.03679	0.03196	0.00905	0.17820	0.13432	0.16992	0.07116	0.02078	0.07657	0.03258	0.00613	0.00184	0.00509	0.00595	0.00509	0.00786
17	0.00832	0.00584	0.00672	0.00662	0.00836	0.00508	0.00499	0.00998	0.01316	0.07589	0.17541	0.14746	0.45964	0.01347	0.00657	0.00191	0.00306	0.03693	0.00544	0.00514
18	0.01257	0.06924	0.01897	0.03790	0.01727	0.04227	0.18677	0.06800	0.01167	0.01631	0.01117	0.01594	0.00979	0.06035	0.10334	0.00296	0.23696	0.00543	0.06672	0.00636
19	0.00862	0.00652	0.00861	0.02897	0.00977	0.00681	0.00621	0.01063	0.01315	0.03658	0.42457	0.09918	0.10436	0.06793	0.05254	0.00252	0.09332	0.00945	0.00507	0.00519
20	0.00719	0.00584	0.00642	0.00656	0.00812	0.00527	0.00481	0.00953	0.05966	0.01611	0.12805	0.20885	0.48580	0.01402	0.00660	0.00194	0.00297	0.01202	0.00528	0.00496
21	0.01932	0.01360	0.01505	0.01183	0.01573	0.01494	0.00971	0.59054	0.02281	0.07831	0.01418	0.01493	0.01039	0.01094	0.10108	0.00254	0.00696	0.00515	0.03324	0.00873
22	0.05918	0.01342	0.07871	0.10955	0.02258	0.01279	0.29170	0.10554	0.04384	0.01955	0.01220	0.02614	0.00957	0.00772	0.04076	0.02267	0.04420	0.00564	0.06720	0.00705
23	0.00809	0.00577	0.00811	0.00811	0.00892	0.00651	0.00603	0.00972	0.00890	0.01293	0.01555	0.02454	0.01510	0.18953	0.58638	0.00773	0.01221	0.00630	0.05493	0.00465
24	0.01555	0.06063	0.01324	0.03477	0.01389	0.01145	0.00826	0.27395	0.04958	0.12658	0.15075	0.12113	0.02176	0.02829	0.00634	0.00182	0.00478	0.01869	0.00534	0.03318

[dist]
# distance from previous block
# <min> <max>
2	8

[block]
# block no. 8 follows, 43 sequences, length 45
# corresponding to MSA columns:
# 689-733
name=unknown_I
#
# <colnr> <probs for GDERKNQSTAVLIFYWHMCP>
#	G	D	E	R	K	N	Q	S	T	A	V	L	I	F	Y	W	H	M	C	P
0	0.72475	0.01116	0.00922	0.00796	0.01153	0.01274	0.00656	0.09326	0.01142	0.05711	0.00888	0.00985	0.00667	0.00537	0.00374	0.00171	0.00449	0.00331	0.00379	0.00650
1	0.01352	0.01028	0.01211	0.00883	0.01356	0.00838	0.00712	0.07108	0.01295	0.09292	0.01122	0.01235	0.00881	0.00467	0.00463	0.00100	0.01966	0.00366	0.00378	0.67944
2	0.00702	0.00507	0.00657	0.00766	0.00809	0.00481	0.00512	0.00836	0.03042	0.01436	0.04429	0.71177	0.04707	0.06092	0.00819	0.00240	0.00335	0.01489	0.00507	0.00456
3	0.02285	0.00885	0.01213	0.00951	0.01328	0.00772	0.00772	0.02453	0.01495	0.67683	0.03870	0.01919	0.01422	0.00825	0.00726	0.08875	0.00467	0.00560	0.00637	0.00859
4	0.00912	0.00814	0.01095	0.01032	0.01080	0.01002	0.00804	0.01031	0.00982	0.01373	0.02308	0.26537	0.13710	0.03642	0.07638	0.00290	0.33908	0.00948	0.00377	0.00519
5	0.01672	0.15240	0.10747	0.01391	0.05828	0.10806	0.01188	0.27230	0.05854	0.02219	0.01109	0.01237	0.00867	0.00637	0.00661	0.00166	0.10227	0.00442	0.01681	0.00798
6	0.00685	0.00556	0.00608	0.00608	0.00770	0.00479	0.00451	0.00849	0.01315	0.01653	0.21469	0.10989	0.54896	0.01368	0.00658	0.00187	0.00279	0.01163	0.00536	0.00479
7	0.01367	0.00847	0.01028	0.00883	0.01129	0.00837	0.00690	0.17169	0.03205	0.15903	0.35290	0.11046	0.06252	0.01018	0.00619	0.00178	0.00384	0.00873	0.00597	0.00685
8	0.01356	0.19986	0.51531	0.01371	0.02064	0.01448	0.01653	0.03402	0.01233	0.09505	0.01074	0.01184	0.00778	0.00534	0.00492	0.00162	0.00728	0.00401	0.00288	0.00810
9	0.00752	0.00565	0.00696	0.00664	0.00808	0.00509	0.00498	0.00984	0.01493	0.02044	0.59383	0.04429	0.22742	0.01198	0.00654	0.00177	0.00266	0.01042	0.00586	0.00509
10	0.01152	0.00997	0.01179	0.00856	0.01320	0.00792	0.00687	0.01391	0.01132	0.01778	0.00970	0.01152	0.00815	0.00441	0.00489	0.00091	0.04827	0.00337	0.00323	0.79270
11	0.07697	0.02846	0.05948	0.02652	0.01682	0.06747	0.09783	0.01629	0.01063	0.09411	0.00979	0.01301	0.00815	0.00874	0.03520	0.00229	0.41364	0.00485	0.00304	0.00670
12	0.03257	0.01074	0.01226	0.01047	0.01337	0.01133	0.00827	0.35287	0.03856	0.12332	0.02032	0.23469	0.01920	0.03698	0.00680	0.00201	0.00496	0.04829	0.00546	0.00754
13	0.09917	0.03687	0.01176	0.02548	0.01269	0.04299	0.00768	0.12725	0.02289	0.01894	0.01256	0.03172	0.01112	0.06107	0.21842	0.00370	0.04814	0.00498	0.03252	0.17007
14	0.84448	0.01071	0.00814	0.00728	0.01071	0.01242	0.00600	0.01628	0.00943	0.02485	0.00771	0.00900	0.00600	0.00514	0.00343	0.00171	0.00428	0.00300	0.00343	0.00600
15	0.00781	0.00541	0.00637	0.00658	0.00673	0.00542	0.00398	0.00811	0.00876	0.01167	0.02130	0.19152	0.05100	0.58779	0.03523	0.00461	0.02059	0.00965	0.00376	0.00372
16	0.04882	0.00860	0.01148	0.00930	0.01283	0.00760	0.00748	0.02297	0.01488	0.59918	0.06515	0.13036	0.01889	0.00853	0.00576	0.00179	0.00437	0.00717	0.00645	0.00838
17	0.00741	0.00516	0.00631	0.00684	0.00715	0.00495	0.00433	0.00811	0.00998	0.01336	0.08946	0.37245	0.05533	0.36492	0.01634	0.00357	0.00410	0.01171	0.00444	0.00406
18	0.00701	0.00502	0.00669	0.00769	0.00821	0.00469	0.00530	0.00831	0.01152	0.01557	0.15214	0.64722	0.03902	0.01628	0.00700	0.00218	0.00319	0.04303	0.00530	0.00464
19	0.00930	0.00640	0.00725	0.00700	0.00752	0.00654	0.00440	0.08549	0.01028	0.01371	0.01854	0.10658	0.02086	0.62900	0.02335	0.00462	0.00524	0.02601	0.00379	0.00414
20	0.01007	0.00932	0.01555	0.71050	0.03501	0.01149	0.01432	0.01348	0.01103	0.01415	0.01199	0.09659	0.01042	0.00677	0.00570	0.00189	0.00695	0.00605	0.00274	0.00598
21	0.01274	0.02954	0.04434	0.00826	0.01128	0.00718	0.00693	0.01551	0.04191	0.20804	0.19299	0.05188	0.21121	0.00985	0.00593	0.00171	0.00387	0.03828	0.00541	0.09315
22	0.74028	0.05462	0.00968	0.00763	0.01120	0.01278	0.00638	0.02833	0.01014	0.06622	0.00859	0.00961	0.00654	0.00524	0.00359	0.00168	0.00443	0.00317	0.00359	0.00630
23	0.01430	0.70134	0.13192	0.01034	0.01556	0.02067	0.01099	0.01672	0.01131	0.01365	0.00801	0.00927	0.00709	0.00481	0.00379	0.00126	0.00623	0.00312	0.00236	0.00726
24	0.01594	0.00746	0.00968	0.00830	0.01110	0.00652	0.00657	0.01788	0.01449	0.39345	0.14393	0.11249	0.18356	0.01044	0.00615	0.00184	0.00384	0.03311	0.00614	0.00711
25	0.00759	0.00554	0.00736	0.00890	0.05070	0.00511	0.00573	0.00879	0.01118	0.03494	0.03327	0.61679	0.15172	0.01584	0.00686	0.00214	0.00338	0.01422	0.00505	0.00490
26	0.00684	0.00495	0.00647	0.00750	0.00802	0.00458	0.00509	0.00799	0.01121	0.01495	0.10171	0.68132	0.08576	0.01657	0.00698	0.00218	0.00313	0.01494	0.00523	0.00458
27	0.00843	0.00602	0.00833	0.00948	0.01058	0.00593	0.00793	0.01068	0.01256	0.01653	0.08508	0.20185	0.03431	0.01539	0.00745	0.00243	0.00455	0.54228	0.00518	0.00499
28	0.01513	0.76565	0.02829	0.00974	0.01437	0.06380	0.00954	0.01689	0.01150	0.01306	0.00775	0.00894	0.00711	0.00479	0.00363	0.00120	0.00615	0.00299	0.00240	0.00707
