[name]
unknown

[dist]
# distance from previous block
# <min> <max>
0	1

[block]
# block no. 0 follows, 44 sequences, length 9
# corresponding to MSA columns:
# 318-326
name=unknown_A
#
# <colnr> <probs for GDERKNQSTAVLIFYWHMCP>
#	G	D	E	R	K	N	Q	S	T	A	V	L	I	F	Y	W	H	M	C	P
0	0.01202	0.00689	0.00958	0.00997	0.01184	0.00663	0.00863	0.01444	0.01318	0.17340	0.02735	0.05264	0.02769	0.01335	0.00711	0.00234	0.00494	0.58672	0.00538	0.00590
1	0.17904	0.01028	0.01372	0.01412	0.17008	0.00984	0.00941	0.02253	0.01374	0.47766	0.01653	0.01566	0.01105	0.00604	0.00506	0.00167	0.00494	0.00487	0.00527	0.00850
2	0.01534	0.01157	0.01811	0.02372	0.47238	0.01085	0.01297	0.01819	0.01286	0.17458	0.01247	0.01412	0.00953	0.00509	0.00516	0.00148	0.00563	0.00468	0.00363	0.16764
3	0.01518	0.00956	0.01276	0.17090	0.01831	0.00850	0.00873	0.01776	0.01256	0.25321	0.01336	0.01422	0.00959	0.00517	0.00478	0.00129	0.00489	0.00426	0.00416	0.41080
4	0.01225	0.01257	0.01503	0.44437	0.06706	0.17072	0.01306	0.01519	0.01223	0.01447	0.01312	0.02247	0.01189	0.00729	0.00573	0.00185	0.00733	0.14432	0.00301	0.00605
5	0.01544	0.01210	0.02006	0.06363	0.59581	0.01197	0.01500	0.01848	0.01295	0.16263	0.01237	0.01451	0.00950	0.00524	0.00542	0.00164	0.00616	0.00498	0.00346	0.00864
6	0.22828	0.16399	0.01845	0.01153	0.01604	0.01291	0.17238	0.01665	0.03093	0.05499	0.00993	0.01152	0.00784	0.00476	0.00440	0.00140	0.00560	0.00399	0.00322	0.22118
7	0.01231	0.01143	0.01902	0.02667	0.56253	0.01128	0.04606	0.01496	0.01153	0.01641	0.01158	0.01768	0.01073	0.15804	0.00965	0.00229	0.00626	0.00544	0.00284	0.04327
8	0.22355	0.01869	0.01361	0.01330	0.08037	0.40838	0.00945	0.05333	0.03158	0.01795	0.01059	0.01184	0.03355	0.00570	0.00462	0.00150	0.00731	0.00388	0.00323	0.04756

[dist]
# distance from previous block
# <min> <max>
5	20

[block]
# block no. 1 follows, 44 sequences, length 30
# corresponding to MSA columns:
# 347-376
name=unknown_B
#
# <colnr> <probs for GDERKNQSTAVLIFYWHMCP>
#	G	D	E	R	K	N	Q	S	T	A	V	L	I	F	Y	W	H	M	C	P
0	0.12266	0.01334	0.01409	0.01103	0.01519	0.01437	0.00903	0.46197	0.09936	0.06141	0.01329	0.01333	0.00966	0.00614	0.00503	0.00156	0.00529	0.00461	0.00498	0.11365
1	0.60503	0.01249	0.12365	0.02228	0.01264	0.01135	0.00808	0.01516	0.00982	0.02193	0.01119	0.09065	0.02464	0.00648	0.00411	0.00175	0.00471	0.00459	0.00340	0.00605
2	0.07158	0.00895	0.01153	0.00899	0.01289	0.00793	0.00737	0.02377	0.01455	0.61132	0.01960	0.01772	0.01277	0.00645	0.00510	0.00159	0.00437	0.00516	0.09038	0.05799
3	0.00935	0.00766	0.01067	0.09061	0.11283	0.00787	0.00810	0.01357	0.11021	0.01967	0.40524	0.11198	0.05061	0.00994	0.00614	0.00178	0.00385	0.00884	0.00503	0.00606
4	0.00764	0.00557	0.00718	0.00678	0.00810	0.00511	0.00509	0.01014	0.01526	0.02144	0.72954	0.04141	0.09368	0.01130	0.00643	0.00172	0.00258	0.00996	0.00595	0.00511
5	0.00934	0.00852	0.01440	0.30752	0.05200	0.00943	0.10056	0.01189	0.01103	0.01471	0.04064	0.31750	0.01979	0.01015	0.00679	0.00199	0.04523	0.00926	0.00359	0.00566
6	0.01278	0.01335	0.01657	0.01429	0.01457	0.09447	0.01179	0.01399	0.00907	0.01314	0.00728	0.01172	0.00714	0.00915	0.01658	0.00229	0.71876	0.00464	0.00243	0.00600
7	0.01287	0.01471	0.03217	0.02298	0.02849	0.01379	0.75460	0.01746	0.01287	0.01746	0.01103	0.01471	0.00827	0.00460	0.00643	0.00184	0.00919	0.00643	0.00276	0.00735
8	0.01339	0.01285	0.02195	0.05767	0.75098	0.01293	0.01668	0.01664	0.01237	0.01769	0.01024	0.01353	0.00859	0.00488	0.00540	0.00163	0.00650	0.00486	0.00269	0.00855
9	0.00664	0.00474	0.00633	0.00759	0.00791	0.00443	0.00506	0.00759	0.01044	0.01392	0.03005	0.80485	0.03606	0.01708	0.00696	0.00221	0.00316	0.01550	0.00506	0.00443
10	0.01053	0.00523	0.00536	0.00527	0.00658	0.00518	0.00393	0.01295	0.01142	0.04435	0.01788	0.02091	0.01420	0.03970	0.00486	0.00145	0.00272	0.00521	0.77713	0.00514
11	0.00673	0.00485	0.00638	0.00744	0.00791	0.00450	0.00503	0.00785	0.01098	0.01468	0.09965	0.70490	0.06607	0.01640	0.00689	0.00215	0.00309	0.01482	0.00515	0.00450
12	0.02091	0.01457	0.01588	0.01222	0.01653	0.01592	0.01008	0.66344	0.04399	0.10920	0.01418	0.01383	0.00989	0.00659	0.00546	0.00165	0.00582	0.00500	0.00559	0.00926
13	0.00665	0.00553	0.00581	0.00574	0.00749	0.00469	0.00431	0.00823	0.01292	0.01590	0.17328	0.05053	0.65340	0.01337	0.00644	0.00182	0.00273	0.01123	0.00522	0.00469
14	0.01445	0.78518	0.05399	0.00954	0.01432	0.02127	0.00969	0.01636	0.01109	0.01298	0.00765	0.00884	0.00699	0.00468	0.00356	0.00119	0.00591	0.00295	0.00233	0.00703
15	0.00815	0.00600	0.00765	0.00845	0.00956	0.00587	0.00676	0.01039	0.03920	0.01518	0.03147	0.16629	0.14839	0.11943	0.00986	0.00270	0.00439	0.39065	0.00483	0.00477
16	0.01354	0.28495	0.24509	0.01662	0.16976	0.06273	0.03785	0.01705	0.01204	0.03373	0.03247	0.01203	0.00887	0.00514	0.00470	0.00148	0.00679	0.00406	0.00268	0.02843
17	0.01646	0.01645	0.01782	0.03886	0.37809	0.27523	0.01300	0.01883	0.01362	0.09279	0.01195	0.06046	0.01020	0.00606	0.00534	0.00159	0.00725	0.00510	0.00328	0.00760
18	0.01090	0.01077	0.01969	0.59172	0.03447	0.01244	0.18070	0.01468	0.01130	0.01483	0.01010	0.01463	0.00762	0.00536	0.00588	0.00182	0.02292	0.00520	0.01863	0.00633
19	0.01044	0.00979	0.01656	0.40656	0.02704	0.01109	0.13835	0.01487	0.08725	0.01558	0.01497	0.15618	0.01369	0.00769	0.00612	0.00189	0.02329	0.00715	0.02526	0.00622
20	0.00661	0.00543	0.00582	0.00593	0.00752	0.00464	0.00437	0.00806	0.01250	0.01540	0.13000	0.14698	0.59999	0.01393	0.00651	0.00187	0.00279	0.01183	0.00516	0.00464
21	0.00847	0.00861	0.08731	0.00985	0.01144	0.00822	0.00851	0.01074	0.00898	0.01311	0.01354	0.01995	0.01255	0.05376	0.62257	0.00741	0.08129	0.00562	0.00282	0.00525
22	0.84691	0.01054	0.00801	0.00717	0.01054	0.01223	0.00590	0.01603	0.00928	0.02446	0.00759	0.00886	0.00590	0.00506	0.00337	0.00169	0.00422	0.00295	0.00337	0.00590
23	0.00826	0.00636	0.00929	0.00907	0.00995	0.00763	0.00710	0.01012	0.00881	0.01294	0.01409	0.02081	0.01318	0.05306	0.67037	0.00782	0.08609	0.00576	0.03435	0.00494
24	0.01356	0.01171	0.01233	0.01109	0.01418	0.01356	0.00863	0.02897	0.76455	0.02281	0.02219	0.02034	0.01664	0.00740	0.00555	0.00185	0.00431	0.00616	0.00555	0.00863
25	0.01107	0.05771	0.75185	0.01530	0.02323	0.01300	0.01974	0.01723	0.01149	0.01710	0.00970	0.01141	0.00691	0.00516	0.00512	0.00171	0.00797	0.00399	0.00230	0.00802
26	0.00675	0.00492	0.00639	0.00752	0.00805	0.00456	0.00519	0.00784	0.01078	0.01415	0.03266	0.67953	0.11433	0.01661	0.00694	0.00219	0.00323	0.05882	0.00506	0.00448
27	0.01258	0.17618	0.32961	0.03740	0.27624	0.01455	0.04609	0.01684	0.01177	0.01651	0.00956	0.01183	0.00757	0.00495	0.00498	0.00159	0.00711	0.00420	0.00246	0.00797
28	0.00718	0.00554	0.00652	0.00639	0.00785	0.00493	0.00479	0.00913	0.01374	0.01816	0.40387	0.07208	0.35562	0.02946	0.00694	0.00188	0.00280	0.03278	0.00548	0.00485
29	0.01440	0.00939	0.03918	0.00950	0.01226	0.00869	0.03081	0.13820	0.05575	0.20684	0.16644	0.12963	0.05361	0.09012	0.00817	0.00214	0.00451	0.00807	0.00540	0.00690

[dist]
# distance from previous block
# <min> <max>
2	6

[block]
# block no. 2 follows, 44 sequences, length 34
# corresponding to MSA columns:
# 409-442
name=unknown_C
#
# <colnr> <probs for GDERKNQSTAVLIFYWHMCP>
#	G	D	E	R	K	N	Q	S	T	A	V	L	I	F	Y	W	H	M	C	P
0	0.07687	0.01445	0.01153	0.01043	0.03418	0.25424	0.00781	0.12385	0.01496	0.01833	0.02445	0.02436	0.25618	0.00818	0.00529	0.00154	0.00582	0.00628	0.00402	0.09720
1	0.57355	0.14733	0.05023	0.09376	0.01471	0.01382	0.00819	0.01591	0.00987	0.02099	0.00793	0.00959	0.00629	0.00504	0.00371	0.00161	0.00501	0.00320	0.00304	0.00621
2	0.00863	0.03518	0.00865	0.04577	0.01057	0.00763	0.00600	0.03148	0.12035	0.01644	0.08247	0.03991	0.46220	0.04093	0.03720	0.00221	0.02480	0.00932	0.00476	0.00549
3	0.00742	0.00536	0.00669	0.00670	0.00764	0.00498	0.00471	0.00912	0.01291	0.01771	0.42917	0.18365	0.11963	0.14789	0.01015	0.00243	0.00316	0.01076	0.00527	0.00464
4	0.58509	0.01014	0.00949	0.00797	0.01162	0.01089	0.00658	0.01938	0.01129	0.26440	0.01202	0.01194	0.00832	0.00560	0.00405	0.00169	0.00435	0.00376	0.00445	0.00698
5	0.00664	0.00474	0.00633	0.00759	0.00791	0.00443	0.00506	0.00759	0.01044	0.01392	0.03005	0.80485	0.03606	0.01708	0.00696	0.00221	0.00316	0.01550	0.00506	0.00443
6	0.01177	0.01169	0.01639	0.01410	0.01414	0.01632	0.01173	0.01299	0.00837	0.01310	0.00744	0.01229	0.00741	0.01075	0.04746	0.00263	0.76828	0.00481	0.00241	0.00592
7	0.02446	0.00928	0.01265	0.00970	0.01392	0.00801	0.00801	0.02657	0.01560	0.77817	0.02151	0.01856	0.01350	0.00675	0.00548	0.00169	0.00464	0.00548	0.00675	0.00928
8	0.01381	0.42672	0.31436	0.01222	0.01797	0.10146	0.01359	0.01728	0.01172	0.01458	0.00851	0.00992	0.00696	0.00496	0.00430	0.00141	0.00712	0.00341	0.00237	0.00733
9	0.10996	0.04037	0.01465	0.01290	0.01581	0.64351	0.00981	0.04007	0.01484	0.01529	0.00870	0.01008	0.00715	0.00558	0.00470	0.00143	0.00883	0.00352	0.02644	0.00633
10	0.00745	0.00532	0.00725	0.00851	0.00918	0.00512	0.00646	0.00898	0.01123	0.01482	0.02960	0.52549	0.03430	0.01632	0.00717	0.00233	0.00386	0.28690	0.00505	0.00465
11	0.24691	0.01183	0.02930	0.01064	0.01371	0.08071	0.08872	0.01841	0.19669	0.02111	0.16230	0.02146	0.03955	0.00737	0.00522	0.00175	0.00504	0.02830	0.00437	0.00660
12	0.00644	0.00552	0.00552	0.00552	0.00736	0.00460	0.00414	0.00782	0.01243	0.01473	0.05523	0.05247	0.77218	0.01381	0.00644	0.00184	0.00276	0.01151	0.00506	0.00460
13	0.02780	0.10437	0.32227	0.21449	0.02418	0.01402	0.01514	0.14074	0.03337	0.01900	0.01083	0.03079	0.00832	0.00575	0.00513	0.00169	0.00699	0.00457	0.00303	0.00752
14	0.01842	0.01640	0.01619	0.13631	0.07906	0.20681	0.01141	0.34985	0.01900	0.06081	0.01168	0.01294	0.00865	0.00602	0.00529	0.00160	0.00706	0.00458	0.02003	0.00791
15	0.00722	0.00555	0.00660	0.00634	0.00784	0.00493	0.00475	0.00932	0.01426	0.01907	0.49116	0.04532	0.33354	0.01219	0.00644	0.00176	0.00265	0.01050	0.00563	0.00493
16	0.01053	0.00792	0.00914	0.00885	0.01032	0.00845	0.00639	0.12486	0.17158	0.01820	0.02282	0.35639	0.02401	0.13514	0.03346	0.02658	0.00455	0.01018	0.00481	0.00583
17	0.00772	0.00557	0.00729	0.00686	0.00814	0.00514	0.00514	0.01029	0.01543	0.02186	0.77152	0.04072	0.05144	0.01115	0.00643	0.00171	0.00257	0.00986	0.00600	0.00514
18	0.01426	0.69341	0.12297	0.01023	0.01527	0.03947	0.01072	0.01658	0.01124	0.01340	0.00788	0.00912	0.00699	0.00475	0.00375	0.00124	0.00621	0.00307	0.00234	0.00711
19	0.84691	0.01054	0.00801	0.00717	0.01054	0.01223	0.00590	0.01603	0.00928	0.02446	0.00759	0.00886	0.00590	0.00506	0.00337	0.00169	0.00422	0.00295	0.00337	0.00590
20	0.03830	0.04256	0.59403	0.01548	0.04835	0.01241	0.05242	0.01821	0.01197	0.10027	0.01102	0.01235	0.00772	0.00530	0.00518	0.00171	0.00751	0.00427	0.00285	0.00809
21	0.01321	0.03787	0.01266	0.00955	0.03407	0.00883	0.02194	0.05240	0.06439	0.10228	0.05066	0.01585	0.04079	0.00546	0.00464	0.00115	0.00433	0.00450	0.00403	0.51136
22	0.01982	0.01008	0.01237	0.01011	0.01380	0.01000	0.00815	0.04451	0.27335	0.46401	0.05744	0.02010	0.01629	0.00718	0.00555	0.00174	0.00446	0.00591	0.00627	0.00886
23	0.01128	0.08000	0.51854	0.04059	0.10403	0.01275	0.05356	0.01646	0.01195	0.01730	0.07354	0.01422	0.01091	0.00559	0.00526	0.00168	0.00730	0.00467	0.00268	0.00770
24	0.00792	0.00533	0.00618	0.00618	0.00626	0.00541	0.00359	0.00808	0.00800	0.01074	0.01697	0.03451	0.01931	0.74548	0.08998	0.00557	0.00605	0.00776	0.00327	0.00343
25	0.01148	0.09778	0.63055	0.01579	0.02326	0.01359	0.09914	0.01720	0.01162	0.01688	0.00972	0.01161	0.00706	0.00507	0.00516	0.00169	0.00798	0.00419	0.00235	0.00788
26	0.00853	0.00711	0.01141	0.03748	0.01242	0.00776	0.08822	0.01072	0.01034	0.01455	0.12025	0.06261	0.04237	0.06341	0.43215	0.00579	0.04914	0.00712	0.00347	0.00517
27	0.01011	0.00725	0.00883	0.00826	0.00942	0.00783	0.00594	0.14663	0.01174	0.01600	0.01699	0.11062	0.01763	0.32468	0.26813	0.00541	0.00822	0.00752	0.00377	0.00504
28	0.01274	0.00965	0.01145	0.00825	0.01303	0.00735	0.00663	0.01513	0.01177	0.10056	0.01098	0.01209	0.00867	0.00433	0.00419	0.00090	0.00410	0.00348	0.00361	0.75109
29	0.01182	0.01166	0.01672	0.06759	0.01642	0.01516	0.04628	0.01376	0.02421	0.01408	0.00809	0.01234	0.00751	0.00839	0.01474	0.00214	0.60473	0.00471	0.00256	0.09709
30	0.01095	0.00914	0.01235	0.01055	0.01249	0.04860	0.07473	0.05690	0.01064	0.01500	0.01176	0.01655	0.01047	0.02031	0.28050	0.14664	0.08787	0.00504	0.04388	0.11561
31	0.02669	0.01280	0.02367	0.02055	0.14987	0.03979	0.39499	0.01712	0.01266	0.09972	0.01389	0.09582	0.01182	0.00746	0.03153	0.00204	0.02206	0.00678	0.00343	0.00732
32	0.10581	0.01521	0.02647	0.01200	0.01466	0.24683	0.06638	0.04340	0.01294	0.06759	0.06920	0.01682	0.04115	0.05686	0.00854	0.00191	0.13292	0.00511	0.00353	0.05266
33	0.01151	0.01043	0.07953	0.02461	0.02957	0.02261	0.12136	0.06153	0.02619	0.09143	0.25392	0.17383	0.02827	0.00979	0.00623	0.00184	0.00497	0.03113	0.00483	0.00641

[dist]
# distance from previous block
# <min> <max>
7	14

[block]
# block no. 3 follows, 44 sequences, length 30
# corresponding to MSA columns:
# 457-486
name=unknown_D
#
# <colnr> <probs for GDERKNQSTAVLIFYWHMCP>
#	G	D	E	R	K	N	Q	S	T	A	V	L	I	F	Y	W	H	M	C	P
0	0.00871	0.00845	0.10007	0.00787	0.01017	0.00611	0.00695	0.01157	0.01460	0.05487	0.55864	0.03764	0.13223	0.01055	0.00624	0.00173	0.00335	0.00916	0.00548	0.00562
1	0.01809	0.10972	0.01656	0.01201	0.03323	0.03900	0.00973	0.47344	0.09218	0.04638	0.01443	0.04725	0.01139	0.00693	0.00526	0.00162	0.00567	0.01892	0.02975	0.00843
2	0.01659	0.09180	0.01398	0.01025	0.01346	0.12145	0.00833	0.31949	0.07325	0.02453	0.01388	0.01476	0.01059	0.00624	0.00473	0.00147	0.00543	0.00466	0.23768	0.00742
3	0.01284	0.00947	0.01107	0.00894	0.01251	0.00856	0.00699	0.10504	0.09292	0.08681	0.04342	0.16302	0.01640	0.00763	0.00513	0.00139	0.00414	0.00648	0.00450	0.39275
4	0.01869	0.01509	0.01656	0.01681	0.18192	0.12099	0.01129	0.31708	0.10856	0.11691	0.01394	0.01426	0.01022	0.00617	0.00538	0.00163	0.00627	0.00492	0.00465	0.00865
5	0.01910	0.01542	0.01508	0.01216	0.01598	0.10803	0.00980	0.50750	0.13819	0.04405	0.01458	0.03082	0.01090	0.00679	0.00540	0.00165	0.00603	0.00517	0.02475	0.00862
6	0.02446	0.00928	0.01265	0.00970	0.01392	0.00801	0.00801	0.02657	0.01560	0.77817	0.02151	0.01856	0.01350	0.00675	0.00548	0.00169	0.00464	0.00548	0.00675	0.00928
7	0.12298	0.00973	0.01228	0.00954	0.01366	0.00896	0.00788	0.06140	0.01534	0.65092	0.01942	0.01712	0.01238	0.00654	0.00523	0.00168	0.00466	0.00515	0.00628	0.00887
8	0.01432	0.69365	0.11837	0.01022	0.01523	0.04387	0.01066	0.01660	0.01126	0.01337	0.00787	0.00911	0.00699	0.00476	0.00374	0.00124	0.00622	0.00307	0.00234	0.00710
9	0.01952	0.00900	0.01261	0.01194	0.10392	0.00811	0.00840	0.02198	0.02809	0.51895	0.13148	0.02257	0.03484	0.03532	0.00641	0.00181	0.00453	0.00628	0.00597	0.00827
10	0.02235	0.00900	0.01211	0.00944	0.01331	0.00791	0.00773	0.04466	0.01586	0.66697	0.11129	0.02107	0.01793	0.00727	0.00560	0.00169	0.00443	0.00599	0.00662	0.00878
11	0.22502	0.00805	0.00862	0.00754	0.01012	0.00839	0.00603	0.05717	0.01242	0.18552	0.04702	0.01763	0.01310	0.01047	0.09823	0.00240	0.00506	0.00491	0.26589	0.00641
12	0.01783	0.01224	0.01451	0.10554	0.01786	0.01333	0.01015	0.44624	0.02023	0.12483	0.02926	0.03825	0.01326	0.00864	0.02930	0.00198	0.00601	0.07725	0.00514	0.00815
13	0.01412	0.12244	0.07294	0.00951	0.01286	0.01053	0.00842	0.05700	0.12490	0.18442	0.18998	0.04387	0.05709	0.00839	0.00555	0.00170	0.00449	0.04384	0.02073	0.00721
14	0.00779	0.00584	0.00876	0.00876	0.00974	0.00681	0.00681	0.00974	0.00876	0.01266	0.01460	0.02142	0.01363	0.04089	0.78680	0.00876	0.01460	0.00584	0.00292	0.00487
15	0.00798	0.00622	0.00736	0.00734	0.00883	0.00599	0.00550	0.01156	0.10792	0.01837	0.31423	0.17908	0.23429	0.01265	0.00648	0.00190	0.00308	0.05044	0.00547	0.00530
16	0.09949	0.01351	0.01488	0.10568	0.01825	0.01520	0.01019	0.50803	0.08685	0.02931	0.01345	0.03724	0.01015	0.00666	0.00530	0.00170	0.00574	0.00514	0.00488	0.00835
17	0.01823	0.01055	0.01267	0.01028	0.01346	0.01089	0.00825	0.28724	0.01793	0.27954	0.07653	0.11291	0.01750	0.03496	0.00705	0.00188	0.04444	0.00685	0.02090	0.00793
18	0.00663	0.00478	0.00629	0.00750	0.00788	0.00444	0.00502	0.00760	0.01052	0.01395	0.03115	0.77200	0.06820	0.01694	0.00694	0.00220	0.00315	0.01532	0.00506	0.00444
19	0.01329	0.18579	0.30837	0.03204	0.07880	0.09792	0.10349	0.03508	0.03724	0.01642	0.01136	0.01304	0.03299	0.00542	0.00504	0.00159	0.00744	0.00445	0.00272	0.00750
20	0.01161	0.01272	0.10847	0.41988	0.18243	0.01223	0.01502	0.06431	0.02851	0.01680	0.01243	0.01717	0.02995	0.00608	0.00553	0.00179	0.00683	0.03833	0.00292	0.00700
21	0.01093	0.02820	0.78016	0.01554	0.02360	0.01266	0.02014	0.01727	0.01151	0.01727	0.00978	0.01151	0.00691	0.00518	0.00518	0.00173	0.00806	0.00403	0.00230	0.00806
22	0.01193	0.08641	0.01112	0.00901	0.01103	0.00887	0.00704	0.12392	0.03863	0.10206	0.02490	0.39574	0.05256	0.01250	0.00622	0.00197	0.00422	0.08067	0.00505	0.00615
23	0.04030	0.02667	0.11635	0.00927	0.01218	0.00844	0.00835	0.03993	0.10455	0.09434	0.32864	0.08974	0.04680	0.00964	0.00595	0.00179	0.00414	0.04124	0.00518	0.00650
24	0.01335	0.01010	0.01184	0.00859	0.01334	0.00811	0.00693	0.07450	0.01288	0.09371	0.01112	0.01216	0.00870	0.00450	0.00429	0.00096	0.00425	0.00359	0.00375	0.69333
25	0.01925	0.02588	0.10725	0.01417	0.01766	0.66678	0.01168	0.04687	0.01533	0.01455	0.00875	0.01015	0.00709	0.00560	0.00497	0.00145	0.00948	0.00362	0.00284	0.00663
26	0.00670	0.00477	0.00631	0.00752	0.00782	0.00447	0.00498	0.00761	0.01032	0.01376	0.02946	0.76983	0.03532	0.05310	0.00790	0.00235	0.00326	0.01515	0.00498	0.00438
27	0.00660	0.00490	0.00617	0.00718	0.00780	0.00446	0.00488	0.00764	0.01083	0.01408	0.03502	0.65617	0.18152	0.01643	0.00686	0.00214	0.00308	0.01471	0.00506	0.00446
28	0.00654	0.00553	0.00565	0.00562	0.00742	0.00464	0.00422	0.00801	0.01265	0.01526	0.10838	0.05160	0.71870	0.01361	0.00644	0.00183	0.00275	0.01138	0.00513	0.00464
29	0.01588	0.01615	0.01346	0.01226	0.01450	0.31430	0.00964	0.12147	0.05573	0.04069	0.01559	0.10334	0.01499	0.00905	0.00723	0.00185	0.10201	0.12138	0.00399	0.00650

[dist]
# distance from previous block
# <min> <max>
21	171

[block]
# block no. 4 follows, 44 sequences, length 141
# corresponding to MSA columns:
# 774-790,805-808,815-837,841-847,849,852-878,891-900,905-924,974-1005
name=unknown_E
#
# <colnr> <probs for GDERKNQSTAVLIFYWHMCP>
#	G	D	E	R	K	N	Q	S	T	A	V	L	I	F	Y	W	H	M	C	P
0	0.01435	0.03601	0.05220	0.01344	0.13152	0.08689	0.00945	0.03610	0.08705	0.14659	0.14703	0.03653	0.01888	0.03694	0.00670	0.02440	0.00524	0.02277	0.00445	0.08346
1	0.01366	0.04932	0.03730	0.02246	0.40445	0.07678	0.02673	0.08859	0.04245	0.01940	0.11630	0.03885	0.02693	0.00650	0.00550	0.00163	0.00601	0.00579	0.00361	0.00774
2	0.01279	0.01396	0.04306	0.02325	0.18072	0.01322	0.48518	0.01806	0.08608	0.01792	0.01265	0.04457	0.01018	0.00540	0.00613	0.00181	0.00790	0.00637	0.00309	0.00765
3	0.01948	0.05406	0.01564	0.01358	0.01649	0.68232	0.01030	0.02227	0.08846	0.01425	0.00974	0.01082	0.00796	0.00576	0.00492	0.00144	0.00914	0.00375	0.00306	0.00657
4	0.00881	0.00693	0.02780	0.00768	0.00935	0.00633	0.00597	0.03907	0.07170	0.03492	0.51099	0.13903	0.08749	0.01141	0.00635	0.00180	0.00310	0.01001	0.00568	0.00558
5	0.01241	0.01173	0.01984	0.12923	0.60445	0.01201	0.01539	0.01548	0.01203	0.01693	0.01212	0.09093	0.01114	0.00613	0.00556	0.00170	0.00626	0.00590	0.00289	0.00789
6	0.00816	0.00643	0.00896	0.08657	0.07039	0.00646	0.00712	0.03413	0.02438	0.01558	0.07246	0.52774	0.08286	0.01390	0.00655	0.00205	0.00387	0.01251	0.00470	0.00520
7	0.00729	0.00555	0.00665	0.00638	0.00782	0.00496	0.00476	0.00939	0.01422	0.01915	0.50875	0.04461	0.29652	0.03154	0.00696	0.00185	0.00270	0.01037	0.00562	0.00491
8	0.01059	0.00993	0.01599	0.62055	0.03206	0.01270	0.01412	0.01373	0.01045	0.01402	0.00952	0.01427	0.00750	0.00624	0.00770	0.00190	0.15409	0.00484	0.03378	0.00600
9	0.00655	0.00553	0.00568	0.00564	0.00743	0.00465	0.00423	0.00804	0.01269	0.01535	0.11806	0.05144	0.70896	0.01357	0.00644	0.00183	0.00274	0.01136	0.00514	0.00465
10	0.09659	0.51094	0.07496	0.01039	0.01473	0.16656	0.00987	0.01727	0.01187	0.01457	0.02500	0.00987	0.00788	0.00507	0.00394	0.00131	0.00652	0.00326	0.00261	0.00679
11	0.00780	0.00579	0.00849	0.00849	0.00937	0.00667	0.00647	0.00956	0.00868	0.01245	0.01485	0.02281	0.01423	0.11586	0.71265	0.00842	0.01369	0.00604	0.00296	0.00471
12	0.00915	0.00533	0.00775	0.08385	0.01010	0.00544	0.00565	0.00796	0.00828	0.01081	0.01591	0.02136	0.11390	0.01670	0.01742	0.63001	0.00467	0.00568	0.01693	0.00308
13	0.00734	0.00540	0.00688	0.00684	0.00800	0.00493	0.00500	0.00944	0.01406	0.01939	0.53452	0.19465	0.13798	0.01266	0.00654	0.00183	0.00271	0.01119	0.00570	0.00493
14	0.01170	0.13750	0.59983	0.01641	0.09558	0.01395	0.01828	0.01708	0.01154	0.01669	0.00952	0.01131	0.00709	0.00508	0.00496	0.00164	0.00759	0.00395	0.00235	0.00796
15	0.01320	0.01293	0.02132	0.09713	0.59054	0.03108	0.04366	0.01628	0.01197	0.01690	0.00989	0.01339	0.00832	0.00537	0.00665	0.00171	0.08408	0.00488	0.00265	0.00805
16	0.02143	0.00942	0.01236	0.01020	0.03131	0.00861	0.00811	0.04682	0.08195	0.59585	0.02350	0.02207	0.06382	0.00749	0.00562	0.00174	0.00458	0.03003	0.00634	0.00876
17	0.01096	0.04433	0.68834	0.09157	0.02474	0.01281	0.01941	0.01692	0.01144	0.01684	0.00972	0.01174	0.00694	0.00519	0.00517	0.00172	0.00793	0.00408	0.00231	0.00784
18	0.01587	0.01146	0.01261	0.01087	0.01421	0.01271	0.00859	0.09718	0.54787	0.14875	0.04380	0.01997	0.01647	0.00732	0.00555	0.00180	0.00448	0.00604	0.00575	0.00869
19	0.84691	0.01054	0.00801	0.00717	0.01054	0.01223	0.00590	0.01603	0.00928	0.02446	0.00759	0.00886	0.00590	0.00506	0.00337	0.00169	0.00422	0.00295	0.00337	0.00590
20	0.00669	0.00549	0.00584	0.00583	0.00747	0.00470	0.00431	0.00821	0.01271	0.01572	0.16681	0.07889	0.60949	0.03496	0.00704	0.00193	0.00281	0.01130	0.00516	0.00465
21	0.01260	0.01308	0.01629	0.01409	0.01440	0.09154	0.01161	0.01384	0.00906	0.01313	0.00755	0.01206	0.00738	0.01028	0.04424	0.00252	0.69324	0.00469	0.00245	0.00596
22	0.00789	0.00530	0.00599	0.00599	0.00605	0.00530	0.00339	0.00796	0.00805	0.01071	0.01807	0.03584	0.03832	0.77518	0.04065	0.00526	0.00539	0.00798	0.00334	0.00336
23	0.06451	0.20781	0.10879	0.07970	0.06483	0.07883	0.08351	0.01575	0.02785	0.01672	0.13361	0.01742	0.01526	0.00738	0.02880	0.00181	0.01828	0.01924	0.00324	0.00667
24	0.31641	0.25182	0.10292	0.01197	0.07846	0.12782	0.01010	0.01715	0.01122	0.01803	0.00818	0.00965	0.00673	0.00502	0.00401	0.00149	0.00613	0.00330	0.00281	0.00676
25	0.01793	0.21589	0.01875	0.03666	0.03080	0.48130	0.01046	0.03839	0.04552	0.01423	0.00894	0.01038	0.00752	0.00561	0.00512	0.00142	0.03796	0.00362	0.00284	0.00668
26	0.00775	0.00559	0.00695	0.00674	0.00814	0.00504	0.00504	0.00988	0.01423	0.03766	0.50433	0.11078	0.21883	0.01227	0.00648	0.00180	0.00277	0.02497	0.00570	0.00505
27	0.00766	0.00525	0.00702	0.00787	0.00861	0.00492	0.00570	0.00913	0.01171	0.03856	0.14568	0.54133	0.04828	0.01550	0.00691	0.00216	0.00338	0.12032	0.00525	0.00478
28	0.01169	0.01159	0.01623	0.01400	0.01403	0.01614	0.01162	0.01289	0.00841	0.01313	0.00793	0.03261	0.00806	0.01052	0.03677	0.00254	0.75838	0.00507	0.00247	0.00590
29	0.01454	0.01220	0.01288	0.01129	0.01455	0.01402	0.00887	0.12868	0.66324	0.02439	0.02094	0.01935	0.01563	0.00728	0.00553	0.00182	0.00455	0.00599	0.00553	0.00872
30	0.01635	0.57343	0.02466	0.01066	0.01486	0.20576	0.00968	0.06295	0.01302	0.01427	0.00812	0.00927	0.00714	0.00501	0.00396	0.00125	0.00681	0.00318	0.00264	0.00697
31	0.02042	0.02434	0.01559	0.01382	0.01686	0.66870	0.01051	0.13420	0.01701	0.01656	0.00914	0.01033	0.00737	0.00576	0.00500	0.00144	0.00924	0.00373	0.00321	0.00677
32	0.01287	0.01471	0.03217	0.02298	0.02849	0.01379	0.75460	0.01746	0.01287	0.01746	0.01103	0.01471	0.00827	0.00460	0.00643	0.00184	0.00919	0.00643	0.00276	0.00735
33	0.00704	0.00572	0.00633	0.00665	0.00822	0.00512	0.00506	0.00902	0.03974	0.01510	0.04646	0.17521	0.52761	0.01427	0.00664	0.00199	0.00318	0.10679	0.00507	0.00478
34	0.01030	0.00969	0.01635	0.79530	0.03755	0.01211	0.01514	0.01393	0.01090	0.01393	0.00969	0.01453	0.00727	0.00545	0.00545	0.00182	0.00727	0.00484	0.00242	0.00606
35	0.01030	0.00969	0.01635	0.79530	0.03755	0.01211	0.01514	0.01393	0.01090	0.01393	0.00969	0.01453	0.00727	0.00545	0.00545	0.00182	0.00727	0.00484	0.00242	0.00606
36	0.02383	0.00914	0.01245	0.00959	0.01370	0.00791	0.00791	0.02596	0.01560	0.74980	0.04964	0.01939	0.01492	0.00691	0.00552	0.00169	0.00456	0.00565	0.00672	0.00912
37	0.01083	0.01026	0.01605	0.50718	0.02869	0.01338	0.01366	0.01362	0.01007	0.01390	0.00915	0.01388	0.00748	0.00684	0.00952	0.00199	0.26957	0.00483	0.03312	0.00599
38	0.01016	0.00508	0.00508	0.00508	0.00635	0.00508	0.00381	0.01270	0.01143	0.02033	0.01778	0.02033	0.01397	0.00635	0.00381	0.00127	0.00254	0.00508	0.83867	0.00508
39	0.00947	0.00473	0.00710	0.00710	0.00710	0.00473	0.00473	0.00710	0.00710	0.00947	0.00947	0.01657	0.00947	0.01894	0.02131	0.84138	0.00473	0.00473	0.00237	0.00237
40	0.00793	0.00529	0.00595	0.00595	0.00595	0.00529	0.00330	0.00793	0.00793	0.01057	0.01718	0.03568	0.01982	0.80840	0.02775	0.00529	0.00529	0.00793	0.00330	0.00330
41	0.01130	0.00969	0.01130	0.00807	0.01292	0.00727	0.00646	0.01373	0.01130	0.01776	0.00969	0.01130	0.00807	0.00404	0.00404	0.00081	0.00404	0.00323	0.00323	0.84173
42	0.01016	0.00508	0.00508	0.00508	0.00635	0.00508	0.00381	0.01270	0.01143	0.02033	0.01778	0.02033	0.01397	0.00635	0.00381	0.00127	0.00254	0.00508	0.83867	0.00508
43	0.00943	0.00644	0.00822	0.00892	0.04410	0.00592	0.00675	0.01135	0.01272	0.09019	0.07263	0.08925	0.32072	0.03098	0.00718	0.00214	0.00395	0.25865	0.00511	0.00537
44	0.01432	0.78146	0.02783	0.00931	0.01383	0.02102	0.00923	0.01608	0.01099	0.01282	0.00784	0.00922	0.00725	0.00602	0.03288	0.00145	0.00616	0.00302	0.00235	0.00692
45	0.01609	0.46055	0.06651	0.01078	0.01533	0.04856	0.01013	0.18611	0.08827	0.03489	0.01071	0.01127	0.00859	0.00547	0.00434	0.00139	0.00598	0.00383	0.00346	0.00775
46	0.06106	0.08330	0.08387	0.01164	0.01547	0.22330	0.01000	0.21523	0.05700	0.07836	0.01502	0.01589	0.06262	0.03658	0.00592	0.00171	0.00667	0.00487	0.00408	0.00741
47	0.01323	0.01283	0.10586	0.01101	0.01414	0.03682	0.00951	0.24496	0.13688	0.02193	0.01855	0.21908	0.01751	0.01316	0.09595	0.00265	0.00637	0.00780	0.00460	0.00716
48	0.01289	0.01448	0.02884	0.02112	0.02554	0.03438	0.59634	0.01676	0.01209	0.01654	0.01024	0.01406	0.00803	0.00555	0.00854	0.00193	0.15687	0.00605	0.00269	0.00707
49	0.01113	0.00957	0.01472	0.49411	0.02795	0.01106	0.03961	0.05618	0.01184	0.01656	0.01108	0.01494	0.00853	0.00564	0.00556	0.00165	0.03590	0.00478	0.13143	0.08777
50	0.01034	0.00575	0.00622	0.00598	0.00713	0.00622	0.00460	0.01274	0.01113	0.01962	0.01675	0.01950	0.01331	0.00666	0.00519	0.00138	0.08029	0.00505	0.75698	0.00517
51	0.01303	0.00868	0.00956	0.00844	0.03335	0.00869	0.00636	0.20410	0.01506	0.02320	0.01549	0.04621	0.01247	0.00638	0.00444	0.00133	0.00382	0.00512	0.43173	0.14253
52	0.00786	0.00554	0.00723	0.00723	0.00767	0.00598	0.00490	0.00875	0.00831	0.01152	0.01601	0.02920	0.01701	0.45963	0.37268	0.00687	0.00952	0.00698	0.00313	0.00401
53	0.01497	0.75878	0.02768	0.00965	0.01419	0.07308	0.00941	0.01669	0.01137	0.01286	0.00764	0.00882	0.00700	0.00473	0.00359	0.00118	0.00610	0.00296	0.00236	0.00695
54	0.00688	0.00492	0.00660	0.00786	0.00829	0.00463	0.00548	0.00800	0.01067	0.01418	0.02992	0.72193	0.03554	0.01685	0.00702	0.00225	0.00337	0.09606	0.00506	0.00449
55	0.01093	0.02820	0.78016	0.01554	0.02360	0.01266	0.02014	0.01727	0.01151	0.01727	0.00978	0.01151	0.00691	0.00518	0.00518	0.00173	0.00806	0.00403	0.00230	0.00806
56	0.00791	0.00534	0.00622	0.00622	0.00632	0.00543	0.00365	0.00810	0.00801	0.01077	0.01693	0.03428	0.01922	0.73343	0.10189	0.00562	0.00620	0.00772	0.00327	0.00346
57	0.01356	0.01171	0.01233	0.01109	0.01418	0.01356	0.00863	0.02897	0.76455	0.02281	0.02219	0.02034	0.01664	0.00740	0.00555	0.00185	0.00431	0.00616	0.00555	0.00863
58	0.00772	0.00557	0.00729	0.00686	0.00814	0.00514	0.00514	0.01029	0.01543	0.02186	0.77152	0.04072	0.05144	0.01115	0.00643	0.00171	0.00257	0.00986	0.00600	0.00514
59	0.02011	0.12784	0.01578	0.01033	0.01465	0.05995	0.00868	0.18858	0.01662	0.34606	0.01514	0.01435	0.01045	0.00595	0.00495	0.00146	0.00536	0.00455	0.00508	0.12411
60	0.01568	0.01364	0.01712	0.04207	0.01749	0.09434	0.11162	0.15327	0.10890	0.09393	0.03278	0.01665	0.01152	0.00747	0.00883	0.00190	0.20930	0.03203	0.00405	0.00740
61	0.01817	0.13533	0.01916	0.01468	0.03352	0.54104	0.08326	0.01996	0.01410	0.01375	0.00853	0.01035	0.00718	0.00560	0.00563	0.00147	0.05519	0.00381	0.00271	0.00655
62	0.00697	0.00494	0.00647	0.00740	0.00772	0.00479	0.00490	0.00784	0.00984	0.01321	0.02638	0.59771	0.03116	0.16105	0.07961	0.00334	0.00455	0.01329	0.00456	0.00427
63	0.00771	0.00564	0.00728	0.00706	0.00839	0.00521	0.00541	0.01018	0.01489	0.02071	0.63779	0.04376	0.11105	0.01176	0.00654	0.00180	0.00283	0.08110	0.00583	0.00509
64	0.02446	0.00928	0.01265	0.00970	0.01392	0.00801	0.00801	0.02657	0.01560	0.77817	0.02151	0.01856	0.01350	0.00675	0.00548	0.00169	0.00464	0.00548	0.00675	0.00928
65	0.00821	0.00570	0.00731	0.00683	0.00828	0.00520	0.00515	0.01065	0.01514	0.04894	0.67401	0.04106	0.12045	0.01124	0.00640	0.00173	0.00267	0.00986	0.00594	0.00524
66	0.02072	0.01527	0.01636	0.01254	0.01691	0.01691	0.01036	0.75622	0.02563	0.03436	0.01309	0.01309	0.00927	0.00654	0.00545	0.00164	0.00600	0.00491	0.00545	0.00927
67	0.01686	0.01729	0.01355	0.01197	0.01492	0.33253	0.00922	0.11445	0.25810	0.03849	0.10179	0.01740	0.01568	0.00697	0.00537	0.00162	0.00661	0.00532	0.00448	0.00737
68	0.84691	0.01054	0.00801	0.00717	0.01054	0.01223	0.00590	0.01603	0.00928	0.02446	0.00759	0.00886	0.00590	0.00506	0.00337	0.00169	0.00422	0.00295	0.00337	0.00590
69	0.01500	0.17513	0.09274	0.05205	0.11944	0.07564	0.01145	0.19088	0.10622	0.02030	0.01415	0.01558	0.04866	0.03274	0.00579	0.00170	0.00620	0.00489	0.00371	0.00771
70	0.00664	0.00474	0.00633	0.00759	0.00791	0.00443	0.00506	0.00759	0.01044	0.01392	0.03005	0.80485	0.03606	0.01708	0.00696	0.00221	0.00316	0.01550	0.00506	0.00443
71	0.00699	0.00514	0.00697	0.00829	0.02248	0.00497	0.00555	0.00806	0.01060	0.01423	0.04777	0.73194	0.03507	0.01646	0.00721	0.00220	0.02376	0.03274	0.00497	0.00458
72	0.00806	0.00624	0.00928	0.00912	0.01003	0.00746	0.00715	0.00996	0.00873	0.01269	0.01412	0.02080	0.01321	0.03884	0.73656	0.00835	0.06582	0.00577	0.00289	0.00494
73	0.01287	0.01471	0.03217	0.02298	0.02849	0.01379	0.75460	0.01746	0.01287	0.01746	0.01103	0.01471	0.00827	0.00460	0.00643	0.00184	0.00919	0.00643	0.00276	0.00735
74	0.00925	0.00593	0.00768	0.00703	0.00865	0.00538	0.00535	0.01169	0.01522	0.09519	0.64292	0.03947	0.10341	0.01092	0.00634	0.00172	0.00279	0.00956	0.00600	0.00551
75	0.00723	0.00497	0.00663	0.00768	0.00804	0.00475	0.00529	0.00801	0.01018	0.01352	0.02706	0.58306	0.03188	0.09429	0.01016	0.06737	0.00371	0.09724	0.00468	0.00423
76	0.01796	0.01385	0.01443	0.02789	0.01579	0.04327	0.00950	0.48643	0.18716	0.02935	0.01528	0.01525	0.01120	0.00666	0.00531	0.00165	0.00548	0.00515	0.07982	0.00858
77	0.01414	0.01451	0.07308	0.02959	0.61768	0.02829	0.03320	0.08912	0.01371	0.01930	0.01048	0.01328	0.00854	0.00505	0.00540	0.00163	0.00666	0.00482	0.00294	0.00858
78	0.01463	0.50360	0.21612	0.01103	0.01640	0.03486	0.01191	0.01757	0.01169	0.08872	0.00964	0.01065	0.00773	0.00566	0.01805	0.00150	0.00652	0.00351	0.00278	0.00743
79	0.01541	0.59406	0.03766	0.00966	0.01393	0.08022	0.00917	0.01731	0.01221	0.08841	0.06806	0.01231	0.01106	0.00545	0.00406	0.00129	0.00582	0.00377	0.00308	0.00704
80	0.01154	0.01178	0.08664	0.00928	0.01414	0.00872	0.00816	0.01582	0.09816	0.01820	0.01109	0.01238	0.00893	0.00465	0.00461	0.00105	0.02098	0.00368	0.00339	0.64680
81	0.01369	0.01098	0.01407	0.01057	0.01508	0.00989	0.08037	0.08298	0.14194	0.07880	0.01317	0.01390	0.01008	0.00510	0.00477	0.00123	0.00481	0.00437	0.00405	0.48017
82	0.01074	0.01014	0.01745	0.60954	0.09835	0.01204	0.06894	0.01428	0.01109	0.01472	0.01018	0.01476	0.00784	0.00620	0.02199	0.00194	0.02503	0.00499	0.03348	0.00631
83	0.01342	0.01288	0.02200	0.05091	0.75753	0.01293	0.01670	0.01667	0.01238	0.01772	0.01024	0.01352	0.00860	0.00487	0.00540	0.00162	0.00649	0.00486	0.00269	0.00858
84	0.01299	0.01111	0.01184	0.01068	0.01359	0.01274	0.00829	0.02714	0.69137	0.02271	0.09539	0.02233	0.02004	0.00776	0.00563	0.00184	0.00414	0.00652	0.00559	0.00829
85	0.00798	0.00563	0.00810	0.00810	0.00880	0.00634	0.00598	0.00916	0.00845	0.01197	0.01456	0.02349	0.01433	0.17578	0.57650	0.08947	0.01198	0.00611	0.00293	0.00434
86	0.00965	0.00600	0.00782	0.00712	0.00875	0.00547	0.00540	0.01206	0.01517	0.11046	0.63900	0.03844	0.07328	0.02898	0.00681	0.00180	0.00288	0.00936	0.00599	0.00557
87	0.00779	0.00584	0.00876	0.00876	0.00974	0.00681	0.00681	0.00974	0.00876	0.01266	0.01460	0.02142	0.01363	0.04089	0.78680	0.00876	0.01460	0.00584	0.00292	0.00487
88	0.01198	0.01343	0.10728	0.35055	0.34716	0.01266	0.03332	0.02945	0.01193	0.01642	0.01003	0.01372	0.00787	0.00517	0.00542	0.00172	0.00704	0.00479	0.00259	0.00747
89	0.00681	0.00490	0.00646	0.00742	0.00793	0.00455	0.00505	0.00804	0.01131	0.01524	0.15268	0.66051	0.05679	0.01602	0.00686	0.00212	0.00306	0.01447	0.00522	0.00455
90	0.01917	0.28731	0.01944	0.01110	0.01520	0.16987	0.00950	0.18364	0.03556	0.18101	0.01231	0.01231	0.00914	0.00578	0.00469	0.00145	0.00637	0.00411	0.00414	0.00789
91	0.01074	0.00767	0.00887	0.00806	0.01026	0.00770	0.00620	0.01666	0.22784	0.09448	0.33192	0.03527	0.19203	0.01022	0.00609	0.00178	0.00331	0.00873	0.00574	0.00642
92	0.01130	0.00969	0.01130	0.00807	0.01292	0.00727	0.00646	0.01373	0.01130	0.01776	0.00969	0.01130	0.00807	0.00404	0.00404	0.00081	0.00404	0.00323	0.00323	0.84173
93	0.00814	0.00617	0.00758	0.00712	0.00864	0.00590	0.00537	0.01183	0.08826	0.02113	0.61569	0.04009	0.13119	0.01109	0.00635	0.00174	0.00276	0.00969	0.00585	0.00542
94	0.02043	0.01400	0.01428	0.01155	0.01542	0.10853	0.00930	0.29118	0.16806	0.26369	0.01697	0.01585	0.01179	0.00666	0.00541	0.00167	0.00571	0.00517	0.00555	0.00878
95	0.02166	0.00937	0.01236	0.00935	0.01370	0.00785	0.00768	0.02383	0.01469	0.61617	0.01899	0.01701	0.01234	0.00617	0.00517	0.00150	0.00451	0.00500	0.00600	0.18663
96	0.17106	0.01216	0.05065	0.33647	0.04619	0.01255	0.24539	0.01550	0.01119	0.01719	0.00972	0.01340	0.00738	0.00535	0.00567	0.01872	0.00725	0.00495	0.00271	0.00650
97	0.00922	0.00475	0.00694	0.00706	0.00715	0.00472	0.00473	0.00739	0.00762	0.01038	0.01184	0.09374	0.01226	0.01821	0.01914	0.72276	0.00449	0.00580	0.03911	0.00269
98	0.00659	0.00553	0.00573	0.00568	0.00745	0.00466	0.00426	0.00811	0.01277	0.01555	0.13786	0.05111	0.68903	0.01350	0.00644	0.00183	0.00274	0.01132	0.00517	0.00466
99	0.02007	0.01491	0.01625	0.01251	0.01674	0.01646	0.02285	0.70580	0.04281	0.03315	0.01338	0.01390	0.00972	0.02817	0.00607	0.00174	0.00599	0.00505	0.00535	0.00906
100	0.00664	0.00474	0.00633	0.00759	0.00791	0.00443	0.00506	0.00759	0.01044	0.01392	0.03005	0.80485	0.03606	0.01708	0.00696	0.00221	0.00316	0.01550	0.00506	0.00443
101	0.01688	0.00761	0.01019	0.00838	0.01130	0.00671	0.00669	0.01917	0.01545	0.43709	0.34109	0.02885	0.04918	0.00880	0.00591	0.00170	0.00371	0.00750	0.00639	0.00740
102	0.00959	0.00600	0.00782	0.00712	0.00877	0.00545	0.00543	0.01205	0.01531	0.10878	0.65190	0.03871	0.08037	0.01076	0.00632	0.00172	0.00282	0.00943	0.00604	0.00560
103	0.38484	0.00983	0.01062	0.00859	0.01244	0.00986	0.00709	0.02195	0.01283	0.44792	0.01541	0.01431	0.01017	0.00601	0.00456	0.00169	0.00445	0.00437	0.00527	0.00780
104	0.01194	0.00979	0.01185	0.00849	0.01332	0.00745	0.02375	0.01440	0.01154	0.05246	0.01026	0.01171	0.00833	0.00417	0.00416	0.00087	0.00418	0.00341	0.00338	0.78454
105	0.00768	0.00518	0.00602	0.00627	0.00633	0.00512	0.00365	0.00786	0.00842	0.01123	0.01971	0.18702	0.02302	0.65270	0.02366	0.00468	0.00487	0.00942	0.00365	0.00352
106	0.01080	0.04072	0.65362	0.01519	0.04072	0.01214	0.03542	0.01656	0.01194	0.01765	0.08419	0.01443	0.01133	0.00573	0.00530	0.00171	0.00746	0.00465	0.00268	0.00775
107	0.00698	0.00554	0.00627	0.00609	0.00770	0.00483	0.00457	0.00887	0.01370	0.01776	0.35993	0.04747	0.46559	0.01267	0.00644	0.00179	0.00268	0.01081	0.00546	0.00483
108	0.00684	0.00499	0.00650	0.00752	0.00789	0.00478	0.00505	0.00776	0.01034	0.01373	0.03017	0.69036	0.07841	0.06903	0.00856	0.00240	0.02189	0.01451	0.00488	0.00440
109	0.01229	0.01003	0.01166	0.00840	0.01320	0.00789	0.00675	0.06053	0.01233	0.04172	0.01026	0.01164	0.00831	0.00428	0.00417	0.00089	0.00418	0.00340	0.00348	0.76460
110	0.01458	0.81168	0.02857	0.00933	0.01399	0.02157	0.00933	0.01632	0.01108	0.01283	0.00758	0.00875	0.00700	0.00466	0.00350	0.00117	0.00583	0.00292	0.00233	0.00700
111	0.01270	0.01225	0.01729	0.19370	0.03573	0.07011	0.12446	0.09895	0.01317	0.01766	0.08509	0.01673	0.02693	0.00774	0.02629	0.00197	0.17095	0.00552	0.00331	0.05947
112	0.01443	0.01609	0.01955	0.01591	0.01835	0.21459	0.19444	0.01806	0.09277	0.01528	0.01023	0.01319	0.00856	0.00778	0.02759	0.00208	0.29647	0.00503	0.00294	0.00666
113	0.06907	0.09351	0.01316	0.01001	0.01280	0.25214	0.02565	0.06073	0.01388	0.09085	0.05192	0.03326	0.13639	0.06265	0.00666	0.00181	0.00606	0.00591	0.04733	0.00622
114	0.25277	0.01053	0.00955	0.00831	0.01112	0.06368	0.00643	0.09803	0.09759	0.02089	0.04046	0.02079	0.10170	0.09940	0.00731	0.00200	0.00460	0.00551	0.05158	0.08774
115	0.01145	0.00820	0.00972	0.00907	0.01079	0.04565	0.02964	0.09550	0.01325	0.10728	0.04410	0.37688	0.11872	0.04749	0.01993	0.00222	0.02855	0.01081	0.00495	0.00578
116	0.00682	0.00540	0.00616	0.00634	0.00774	0.00473	0.00466	0.00841	0.01270	0.01619	0.20894	0.20125	0.44596	0.01390	0.00657	0.00190	0.00285	0.02950	0.00527	0.00470
117	0.01985	0.01483	0.01587	0.01237	0.01657	0.01650	0.01015	0.66719	0.11608	0.03294	0.01420	0.01398	0.01017	0.00665	0.00547	0.00166	0.00579	0.00506	0.00547	0.00919
118	0.01268	0.01322	0.01613	0.01398	0.01436	0.10498	0.01149	0.01394	0.00919	0.01312	0.00770	0.01220	0.00749	0.01078	0.05777	0.00262	0.66527	0.00468	0.00246	0.00595
119	0.00778	0.00577	0.00742	0.00819	0.00940	0.00546	0.00663	0.00973	0.01235	0.01596	0.10739	0.17225	0.20552	0.03611	0.00763	0.00231	0.00398	0.36624	0.00509	0.00480
120	0.01045	0.00536	0.00539	0.00528	0.00664	0.00540	0.00399	0.03277	0.01182	0.02070	0.01766	0.02013	0.01385	0.00636	0.00386	0.00128	0.00263	0.00508	0.81618	0.00519
121	0.00743	0.00531	0.00700	0.00808	0.00865	0.00511	0.00575	0.03074	0.01116	0.01482	0.02903	0.64727	0.03412	0.03617	0.00752	0.00232	0.00359	0.12627	0.00502	0.00464
122	0.01397	0.01121	0.01270	0.00944	0.01403	0.01005	0.00768	0.23035	0.01553	0.02256	0.01132	0.01349	0.00920	0.00513	0.00457	0.00111	0.00464	0.02807	0.00394	0.57102
123	0.11720	0.01119	0.01315	0.01036	0.01402	0.03906	0.03652	0.12565	0.01423	0.21352	0.03619	0.02999	0.01124	0.00713	0.02437	0.00171	0.07815	0.00479	0.00447	0.20706
124	0.01728	0.24120	0.01878	0.01207	0.01512	0.32133	0.00999	0.05322	0.02761	0.07549	0.00979	0.01134	0.00811	0.00752	0.03875	0.00182	0.11675	0.00389	0.00311	0.00682
125	0.00831	0.00601	0.00768	0.00850	0.02417	0.00592	0.00581	0.07420	0.01194	0.01600	0.06202	0.56968	0.03210	0.08914	0.00874	0.00243	0.00375	0.05377	0.00493	0.00490
126	0.01700	0.01229	0.01469	0.04256	0.08980	0.01288	0.00983	0.38851	0.05366	0.09671	0.01551	0.10622	0.01287	0.00736	0.00548	0.00164	0.00535	0.00607	0.00491	0.09665
127	0.01301	0.01246	0.02125	0.14933	0.66233	0.01283	0.01649	0.01631	0.01218	0.01722	0.01017	0.01365	0.00843	0.00495	0.00541	0.00165	0.00660	0.00486	0.00266	0.00824
128	0.00674	0.00484	0.00643	0.00766	0.00806	0.00452	0.00523	0.00778	0.01059	0.01406	0.03060	0.74939	0.05363	0.01690	0.00697	0.00222	0.00325	0.05160	0.00506	0.00446
129	0.03242	0.02739	0.06439	0.41157	0.05333	0.01268	0.23592	0.01520	0.01142	0.01559	0.01014	0.01423	0.00774	0.00549	0.00617	0.01615	0.02674	0.00519	0.02169	0.00656
130	0.01843	0.02288	0.01726	0.01496	0.01763	0.60163	0.08341	0.02012	0.01419	0.01371	0.00850	0.01061	0.00716	0.00608	0.00691	0.00159	0.12184	0.00398	0.00274	0.00637
131	0.01399	0.01192	0.01257	0.01118	0.01434	0.01376	0.00873	0.07254	0.72027	0.02350	0.02164	0.01991	0.01620	0.00735	0.00554	0.00184	0.00442	0.00609	0.00554	0.00867
132	0.00807	0.00575	0.00737	0.00717	0.00859	0.00529	0.00556	0.01046	0.01464	0.03768	0.55636	0.04460	0.14669	0.01193	0.00656	0.00184	0.00297	0.10755	0.00576	0.00515
133	0.23587	0.04127	0.29051	0.01169	0.01662	0.01266	0.01234	0.07362	0.01227	0.12726	0.01201	0.01298	0.02843	0.00612	0.00599	0.00175	0.08339	0.00426	0.00354	0.00742
