[name]
unknown

[dist]
# distance from previous block
# <min> <max>
0	176

[block]
# block no. 0 follows, 48 sequences, length 105
# corresponding to MSA columns:
# 244-287,291-316,318-320,322-325,338-355,358-361,364-369
name=unknown_A
#
# <colnr> <probs for GDERKNQSTAVLIFYWHMCP>
#	G	D	E	R	K	N	Q	S	T	A	V	L	I	F	Y	W	H	M	C	P
0	0.00680	0.00526	0.00632	0.00695	0.00820	0.00479	0.00546	0.00834	0.01133	0.01417	0.03912	0.21590	0.38733	0.01402	0.00649	0.00201	0.00335	0.24498	0.00475	0.00442
1	0.01398	0.10617	0.36533	0.01386	0.03349	0.15952	0.04903	0.12506	0.01340	0.02909	0.00934	0.01077	0.00704	0.00523	0.00522	0.00153	0.03804	0.00388	0.00278	0.00726
2	0.00733	0.00548	0.00818	0.00818	0.00907	0.00638	0.00633	0.00912	0.00823	0.01186	0.01381	0.02051	0.01298	0.05929	0.77875	0.00816	0.01351	0.00555	0.00276	0.00454
3	0.01372	0.82276	0.02689	0.00878	0.01317	0.02030	0.00878	0.01536	0.01043	0.01207	0.00713	0.00823	0.00658	0.00439	0.00329	0.00110	0.00549	0.00274	0.00219	0.00658
4	0.00726	0.00524	0.00686	0.00646	0.00767	0.00484	0.00484	0.00968	0.01452	0.02058	0.78496	0.03833	0.04841	0.01049	0.00605	0.00161	0.00242	0.00928	0.00565	0.00484
5	0.00717	0.00517	0.00677	0.00652	0.00764	0.00478	0.00483	0.00944	0.01408	0.01986	0.71281	0.11251	0.04703	0.01102	0.00610	0.00166	0.00247	0.00979	0.00556	0.00478
6	0.00619	0.00520	0.00537	0.00533	0.00701	0.00438	0.00399	0.00760	0.01198	0.01454	0.12636	0.04826	0.71078	0.01274	0.00606	0.00172	0.00258	0.01067	0.00485	0.00438
7	0.00718	0.00524	0.00675	0.00637	0.00762	0.00481	0.00478	0.00953	0.01434	0.02014	0.73769	0.03904	0.09596	0.01065	0.00605	0.00162	0.00243	0.00938	0.00559	0.00481
8	0.85592	0.00992	0.00754	0.00675	0.00992	0.01151	0.00556	0.01508	0.00873	0.02302	0.00714	0.00834	0.00556	0.00476	0.00318	0.00159	0.00397	0.00278	0.00318	0.00556
9	0.10701	0.00885	0.01147	0.00889	0.01278	0.00794	0.00734	0.02401	0.01409	0.71376	0.01892	0.01654	0.01198	0.00619	0.00496	0.00159	0.00433	0.00492	0.00603	0.00841
10	0.85592	0.00992	0.00754	0.00675	0.00992	0.01151	0.00556	0.01508	0.00873	0.02302	0.00714	0.00834	0.00556	0.00476	0.00318	0.00159	0.00397	0.00278	0.00318	0.00556
11	0.01064	0.00912	0.01064	0.00760	0.01216	0.00684	0.00608	0.01292	0.01064	0.01672	0.00912	0.01064	0.00760	0.00380	0.00380	0.00076	0.00380	0.00304	0.00304	0.85104
12	0.02294	0.00887	0.01199	0.00919	0.01317	0.00774	0.00759	0.04267	0.01491	0.77324	0.02006	0.01734	0.01261	0.00635	0.00516	0.00159	0.00440	0.00515	0.00632	0.00873
13	0.85592	0.00992	0.00754	0.00675	0.00992	0.01151	0.00556	0.01508	0.00873	0.02302	0.00714	0.00834	0.00556	0.00476	0.00318	0.00159	0.00397	0.00278	0.00318	0.00556
14	0.00625	0.00447	0.00595	0.00714	0.00744	0.00417	0.00476	0.00714	0.00982	0.01310	0.02828	0.81633	0.03394	0.01608	0.00655	0.00208	0.00298	0.01459	0.00476	0.00417
15	0.04980	0.01332	0.01457	0.01120	0.01525	0.01443	0.00925	0.62572	0.02208	0.15209	0.01339	0.01299	0.00924	0.00614	0.00507	0.00155	0.00538	0.00464	0.00526	0.00861
16	0.02302	0.00873	0.01191	0.00913	0.01310	0.00754	0.00754	0.02501	0.01469	0.79122	0.02024	0.01746	0.01270	0.00635	0.00516	0.00159	0.00437	0.00516	0.00635	0.00873
17	0.02302	0.00873	0.01191	0.00913	0.01310	0.00754	0.00754	0.02501	0.01469	0.79122	0.02024	0.01746	0.01270	0.00635	0.00516	0.00159	0.00437	0.00516	0.00635	0.00873
18	0.00606	0.00520	0.00520	0.00520	0.00693	0.00433	0.00390	0.00736	0.01170	0.01386	0.05198	0.04938	0.78558	0.01299	0.00606	0.00173	0.00260	0.01083	0.00476	0.00433
19	0.00987	0.00930	0.01571	0.76118	0.08010	0.01145	0.01434	0.01327	0.01034	0.01333	0.00915	0.01362	0.00692	0.00510	0.00513	0.00170	0.00680	0.00456	0.00230	0.00584
20	0.00636	0.00451	0.00592	0.00701	0.00728	0.00424	0.00462	0.00717	0.00962	0.01283	0.02723	0.74851	0.03261	0.08570	0.00824	0.00233	0.00315	0.01397	0.00462	0.00408
21	0.01270	0.01219	0.02083	0.03149	0.78767	0.01219	0.01575	0.01575	0.01168	0.01676	0.00965	0.01270	0.00813	0.00457	0.00508	0.00152	0.00610	0.00457	0.00254	0.00813
22	0.01211	0.01384	0.03028	0.02163	0.02682	0.01298	0.76903	0.01644	0.01211	0.01644	0.01038	0.01384	0.00779	0.00433	0.00606	0.00173	0.00865	0.00606	0.00260	0.00692
23	0.00685	0.00506	0.00700	0.00864	0.04660	0.00481	0.00579	0.00807	0.01023	0.01361	0.02762	0.65580	0.04553	0.01518	0.00654	0.00209	0.00337	0.11809	0.00465	0.00445
24	0.01015	0.00535	0.00541	0.00520	0.00656	0.00544	0.00395	0.05655	0.01155	0.01991	0.01648	0.01873	0.01289	0.00599	0.00368	0.00122	0.00258	0.00477	0.79861	0.00501
25	0.01175	0.04311	0.01957	0.41627	0.04871	0.01203	0.22177	0.06283	0.01190	0.05393	0.01090	0.04466	0.00859	0.00541	0.00537	0.00168	0.00692	0.00532	0.00285	0.00642
26	0.01233	0.03574	0.49581	0.04634	0.02169	0.01143	0.13844	0.01717	0.01153	0.12541	0.01134	0.03045	0.00822	0.00525	0.00512	0.00164	0.00713	0.00461	0.00289	0.00747
27	0.01435	0.01446	0.08686	0.15823	0.35902	0.13164	0.01375	0.03726	0.01248	0.10751	0.01058	0.01273	0.00808	0.00506	0.00501	0.00154	0.00662	0.00438	0.00300	0.00741
28	0.15468	0.42902	0.03730	0.01064	0.04444	0.22207	0.00905	0.01669	0.01128	0.01430	0.00749	0.00875	0.00648	0.00470	0.00373	0.00127	0.00629	0.00299	0.00249	0.00633
29	0.01318	0.00826	0.01054	0.04174	0.06602	0.00827	0.00739	0.04450	0.17196	0.21536	0.21742	0.04613	0.09370	0.02488	0.00594	0.00172	0.00388	0.00707	0.00521	0.00681
30	0.01350	0.76376	0.05708	0.00917	0.01354	0.01981	0.00927	0.01530	0.01036	0.01225	0.00720	0.00844	0.00659	0.00456	0.00381	0.00116	0.03258	0.00284	0.00220	0.00659
31	0.00639	0.00457	0.00594	0.00693	0.00727	0.00431	0.00460	0.00723	0.00964	0.01279	0.02781	0.68638	0.06559	0.09621	0.02631	0.00249	0.00340	0.01351	0.00455	0.00408
32	0.01934	0.01429	0.01531	0.01177	0.01585	0.01584	0.00971	0.75246	0.04249	0.03207	0.01253	0.01249	0.00889	0.00618	0.00514	0.00154	0.00561	0.00465	0.00514	0.00871
33	0.00724	0.00524	0.00682	0.00643	0.00765	0.00483	0.00482	0.00963	0.01446	0.02043	0.76874	0.03857	0.06473	0.01055	0.00605	0.00162	0.00242	0.00931	0.00563	0.00483
34	0.00956	0.00478	0.00478	0.00478	0.00598	0.00478	0.00359	0.01196	0.01076	0.01913	0.01674	0.01913	0.01315	0.00598	0.00359	0.00120	0.00239	0.00478	0.84816	0.00478
35	0.00726	0.00524	0.00686	0.00646	0.00767	0.00484	0.00484	0.00968	0.01452	0.02058	0.78496	0.03833	0.04841	0.01049	0.00605	0.00161	0.00242	0.00928	0.00565	0.00484
36	0.00696	0.00501	0.00659	0.00666	0.00760	0.00464	0.00482	0.00893	0.01313	0.01836	0.56024	0.26938	0.04411	0.01215	0.00620	0.00175	0.00259	0.01086	0.00539	0.00464
37	0.01044	0.06074	0.76018	0.01437	0.02182	0.01228	0.01852	0.01621	0.01082	0.01607	0.00912	0.01072	0.00650	0.00485	0.00481	0.00160	0.00749	0.00375	0.00217	0.00754
38	0.01270	0.01219	0.02083	0.03149	0.78767	0.01219	0.01575	0.01575	0.01168	0.01676	0.00965	0.01270	0.00813	0.00457	0.00508	0.00152	0.00610	0.00457	0.00254	0.00813
39	0.82631	0.00988	0.00770	0.00683	0.01004	0.01137	0.00563	0.01544	0.00894	0.05033	0.00761	0.00866	0.00581	0.00482	0.00325	0.00159	0.00398	0.00286	0.00329	0.00567
40	0.02160	0.00955	0.01230	0.00939	0.01342	0.00866	0.00774	0.12883	0.01571	0.62666	0.01830	0.01623	0.01176	0.00613	0.00505	0.00152	0.00450	0.00493	0.00593	0.07177
41	0.01061	0.05186	0.68302	0.01520	0.02241	0.01231	0.10156	0.01624	0.01096	0.01613	0.00927	0.01108	0.00664	0.00480	0.00495	0.00162	0.00763	0.00401	0.00221	0.00748
42	0.00714	0.00517	0.00673	0.00649	0.00763	0.00476	0.00481	0.00938	0.01401	0.01970	0.69509	0.11255	0.06509	0.01108	0.00610	0.00166	0.00248	0.00982	0.00554	0.00476
43	0.85592	0.00992	0.00754	0.00675	0.00992	0.01151	0.00556	0.01508	0.00873	0.02302	0.00714	0.00834	0.00556	0.00476	0.00318	0.00159	0.00397	0.00278	0.00318	0.00556
44	0.08834	0.00905	0.01170	0.00905	0.01296	0.00819	0.00747	0.05397	0.01459	0.70057	0.01890	0.01654	0.01198	0.00622	0.00500	0.00159	0.00439	0.00495	0.00605	0.00848
45	0.01123	0.01123	0.01572	0.01347	0.01347	0.01572	0.01123	0.01235	0.00786	0.01235	0.00674	0.01123	0.00674	0.00898	0.01684	0.00225	0.81028	0.00449	0.00225	0.00561
46	0.00625	0.00521	0.00546	0.00540	0.00705	0.00441	0.00405	0.00773	0.01214	0.01493	0.16826	0.04763	0.66864	0.01260	0.00606	0.00171	0.00257	0.01058	0.00490	0.00441
47	0.00621	0.00472	0.00572	0.00649	0.00728	0.00423	0.00448	0.00726	0.01052	0.01348	0.04974	0.55087	0.28055	0.01496	0.00638	0.00196	0.00284	0.01326	0.00478	0.00423
48	0.01951	0.01437	0.01540	0.01181	0.01591	0.01591	0.00975	0.77056	0.02412	0.03234	0.01232	0.01232	0.00873	0.00616	0.00513	0.00154	0.00565	0.00462	0.00513	0.00873
49	0.85592	0.00992	0.00754	0.00675	0.00992	0.01151	0.00556	0.01508	0.00873	0.02302	0.00714	0.00834	0.00556	0.00476	0.00318	0.00159	0.00397	0.00278	0.00318	0.00556
50	0.01917	0.02445	0.01454	0.01322	0.01586	0.79907	0.00991	0.02049	0.01454	0.01256	0.00793	0.00925	0.00661	0.00529	0.00463	0.00132	0.00925	0.00330	0.00264	0.00595
51	0.00722	0.00524	0.00680	0.00641	0.00764	0.00482	0.00481	0.00961	0.01443	0.02035	0.76036	0.03870	0.07316	0.01057	0.00605	0.00162	0.00243	0.00933	0.00562	0.00482
52	0.00740	0.00497	0.00571	0.00577	0.00581	0.00499	0.00331	0.00751	0.00761	0.01018	0.01668	0.07195	0.01921	0.75202	0.05263	0.00495	0.00519	0.00775	0.00318	0.00321
53	0.01038	0.04685	0.77354	0.01448	0.02198	0.01213	0.01870	0.01623	0.01082	0.01614	0.00916	0.01077	0.00650	0.00486	0.00483	0.00161	0.00753	0.00376	0.00217	0.00756
54	0.01064	0.00912	0.01064	0.00760	0.01216	0.00684	0.00608	0.01292	0.01064	0.01672	0.00912	0.01064	0.00760	0.00380	0.00380	0.00076	0.00380	0.00304	0.00304	0.85104
55	0.00940	0.00871	0.01453	0.73102	0.03269	0.01074	0.01335	0.01264	0.01041	0.01341	0.04110	0.05921	0.01000	0.00595	0.00525	0.00173	0.00645	0.00530	0.00255	0.00558
56	0.02282	0.00906	0.01211	0.00928	0.01326	0.00803	0.00767	0.06816	0.01523	0.74729	0.01978	0.01717	0.01247	0.00634	0.00516	0.00158	0.00444	0.00513	0.00628	0.00873
57	0.00625	0.00447	0.00595	0.00714	0.00744	0.00417	0.00476	0.00714	0.00982	0.01310	0.02828	0.81633	0.03394	0.01608	0.00655	0.00208	0.00298	0.01459	0.00476	0.00417
58	0.01541	0.53761	0.02240	0.01020	0.01403	0.23839	0.00911	0.04413	0.04271	0.01330	0.00809	0.00910	0.00703	0.00481	0.00381	0.00120	0.00649	0.00309	0.00255	0.00654
59	0.01029	0.02654	0.79309	0.01462	0.02221	0.01192	0.01896	0.01625	0.01083	0.01625	0.00921	0.01083	0.00650	0.00487	0.00487	0.00162	0.00758	0.00379	0.00217	0.00758
60	0.00625	0.00447	0.00595	0.00714	0.00744	0.00417	0.00476	0.00714	0.00982	0.01310	0.02828	0.81633	0.03394	0.01608	0.00655	0.00208	0.00298	0.01459	0.00476	0.00417
61	0.00645	0.00478	0.00573	0.00634	0.00700	0.00437	0.00426	0.00736	0.01010	0.01306	0.06249	0.45055	0.22973	0.15164	0.00973	0.00246	0.00319	0.01218	0.00452	0.00406
62	0.01064	0.00912	0.01064	0.00760	0.01216	0.00684	0.00608	0.01292	0.01064	0.01672	0.00912	0.01064	0.00760	0.00380	0.00380	0.00076	0.00380	0.00304	0.00304	0.85104
63	0.01285	0.10674	0.05320	0.06470	0.09807	0.12863	0.24225	0.01583	0.02523	0.01455	0.00952	0.02978	0.00804	0.00572	0.00715	0.00166	0.14702	0.00483	0.01771	0.00651
64	0.00891	0.00446	0.00668	0.00668	0.00668	0.00446	0.00446	0.00668	0.00668	0.00891	0.00891	0.01560	0.00891	0.01783	0.02005	0.85071	0.00446	0.00446	0.00223	0.00223
65	0.01147	0.01093	0.01860	0.34953	0.47927	0.01187	0.01513	0.01467	0.01110	0.01527	0.00943	0.01310	0.00760	0.00480	0.00510	0.00160	0.00640	0.00457	0.00243	0.00713
66	0.01200	0.10459	0.17626	0.03806	0.07110	0.02975	0.41416	0.01600	0.01140	0.01554	0.00946	0.01232	0.00732	0.00477	0.00605	0.00165	0.05520	0.00497	0.00244	0.00696
67	0.01086	0.09717	0.58023	0.01516	0.02193	0.01277	0.14444	0.01608	0.01097	0.01582	0.00929	0.01126	0.00684	0.00532	0.01879	0.00171	0.00768	0.00411	0.00225	0.00733
68	0.17270	0.14333	0.37878	0.01349	0.03824	0.01342	0.10905	0.01575	0.01044	0.01678	0.00856	0.01040	0.00655	0.00486	0.00493	0.00157	0.03805	0.00377	0.00243	0.00690
69	0.02165	0.00949	0.01221	0.00948	0.01335	0.00883	0.00779	0.11356	0.06539	0.63714	0.03308	0.01734	0.01306	0.00644	0.00518	0.00159	0.00446	0.00521	0.00612	0.00862
70	0.01064	0.00912	0.01064	0.00760	0.01216	0.00684	0.00608	0.01292	0.01064	0.01672	0.00912	0.01064	0.00760	0.00380	0.00380	0.00076	0.00380	0.00304	0.00304	0.85104
71	0.00625	0.00521	0.00545	0.00539	0.00704	0.00441	0.00404	0.00772	0.01212	0.01488	0.16312	0.04770	0.67381	0.01262	0.00606	0.00171	0.00257	0.01059	0.00490	0.00441
72	0.01308	0.12239	0.22554	0.12039	0.09891	0.09891	0.01311	0.09648	0.08092	0.01701	0.01027	0.01199	0.00794	0.00537	0.00520	0.00154	0.03814	0.00410	0.02159	0.00711
73	0.00759	0.00578	0.00704	0.00663	0.00808	0.00551	0.00500	0.01097	0.08588	0.01959	0.59676	0.03828	0.16238	0.01056	0.00598	0.00164	0.00260	0.00920	0.00547	0.00507
74	0.01133	0.00924	0.01081	0.00777	0.01229	0.00711	0.00623	0.03340	0.01114	0.04541	0.00961	0.01093	0.00782	0.00396	0.00388	0.00081	0.00387	0.00316	0.00322	0.79801
75	0.00969	0.00590	0.00771	0.00694	0.00860	0.00543	0.00532	0.01235	0.03404	0.13232	0.65460	0.03481	0.04240	0.00980	0.00590	0.00161	0.00274	0.00859	0.00574	0.00549
76	0.01795	0.01360	0.01452	0.01149	0.01532	0.01519	0.00938	0.59930	0.19791	0.02983	0.01429	0.01389	0.01032	0.00634	0.00515	0.00159	0.00528	0.00489	0.00515	0.00859
77	0.01877	0.01486	0.04603	0.01181	0.01581	0.05403	0.00995	0.64444	0.02214	0.05686	0.01255	0.03196	0.00926	0.00637	0.00534	0.00156	0.02022	0.00478	0.00487	0.00838
78	0.01372	0.82276	0.02689	0.00878	0.01317	0.02030	0.00878	0.01536	0.01043	0.01207	0.00713	0.00823	0.00658	0.00439	0.00329	0.00110	0.00549	0.00274	0.00219	0.00658
79	0.01306	0.04441	0.02033	0.06778	0.66372	0.07011	0.01498	0.01595	0.01177	0.01609	0.00940	0.01232	0.00789	0.00464	0.00498	0.00150	0.00634	0.00441	0.00252	0.00779
80	0.00746	0.00497	0.00560	0.00560	0.00560	0.00497	0.00311	0.00746	0.00746	0.00995	0.01617	0.03358	0.01865	0.81967	0.02612	0.00497	0.00497	0.00746	0.00311	0.00311
81	0.00882	0.00455	0.00680	0.00684	0.00691	0.00459	0.00465	0.00691	0.00690	0.00923	0.00964	0.01694	0.00965	0.01875	0.05838	0.78646	0.00492	0.02431	0.00232	0.00241
82	0.00688	0.00480	0.00610	0.00674	0.00701	0.00474	0.00440	0.00757	0.00885	0.01187	0.02233	0.42115	0.02607	0.32308	0.08590	0.00375	0.00477	0.03622	0.00395	0.00382
83	0.00625	0.00447	0.00595	0.00714	0.00744	0.00417	0.00476	0.00714	0.00982	0.01310	0.02828	0.81633	0.03394	0.01608	0.00655	0.00208	0.00298	0.01459	0.00476	0.00417
84	0.01392	0.01160	0.01225	0.01068	0.01378	0.01330	0.00840	0.15487	0.64891	0.02333	0.01941	0.01797	0.01447	0.00682	0.00521	0.00171	0.00433	0.00560	0.00521	0.00823
85	0.01226	0.01565	0.20292	0.05356	0.50415	0.01229	0.06156	0.04593	0.01195	0.01711	0.00968	0.01235	0.00770	0.00471	0.00509	0.00157	0.00661	0.00448	0.00255	0.00786
86	0.05208	0.24801	0.05156	0.01446	0.13201	0.37672	0.01064	0.01804	0.02742	0.01384	0.00824	0.00971	0.00696	0.00492	0.00428	0.00132	0.00731	0.00338	0.00255	0.00655
87	0.01030	0.00975	0.01598	0.58821	0.07055	0.01204	0.03821	0.03155	0.01038	0.01377	0.00940	0.03291	0.00763	0.00592	0.00687	0.00178	0.12159	0.00485	0.00243	0.00589
88	0.02271	0.00890	0.01206	0.00927	0.01317	0.00789	0.00766	0.04066	0.01475	0.75924	0.01980	0.01723	0.01250	0.00640	0.00540	0.00160	0.02073	0.00513	0.00624	0.00867
89	0.00701	0.00499	0.00575	0.00583	0.00657	0.00467	0.00388	0.00744	0.00933	0.01187	0.04830	0.09530	0.30545	0.30908	0.05033	0.10370	0.00420	0.00885	0.00379	0.00365
90	0.01670	0.01259	0.01433	0.05049	0.01606	0.01334	0.02526	0.47538	0.09647	0.05630	0.01271	0.01300	0.00926	0.00573	0.00492	0.00143	0.00522	0.00450	0.00461	0.16170
91	0.00636	0.00459	0.00602	0.00712	0.00754	0.00428	0.00486	0.00734	0.00998	0.01319	0.02932	0.72043	0.07556	0.03147	0.00693	0.00213	0.00308	0.05089	0.00473	0.00418
92	0.01064	0.00912	0.01064	0.00760	0.01216	0.00684	0.00608	0.01292	0.01064	0.01672	0.00912	0.01064	0.00760	0.00380	0.00380	0.00076	0.00380	0.00304	0.00304	0.85104
93	0.01822	0.01350	0.01414	0.01100	0.01477	0.03523	0.00902	0.65134	0.02212	0.03002	0.01258	0.01290	0.00910	0.00605	0.00492	0.00148	0.00535	0.00456	0.09302	0.03067
94	0.01064	0.00912	0.01064	0.00760	0.01216	0.00684	0.00608	0.01292	0.01064	0.01672	0.00912	0.01064	0.00760	0.00380	0.00380	0.00076	0.00380	0.00304	0.00304	0.85104
95	0.00769	0.00515	0.00578	0.00571	0.00579	0.00518	0.00323	0.02191	0.00778	0.01037	0.01609	0.03318	0.01847	0.80427	0.02572	0.00491	0.00499	0.00741	0.00315	0.00322
96	0.04294	0.50450	0.02268	0.04235	0.01527	0.15820	0.04697	0.05725	0.01183	0.01390	0.00778	0.00925	0.00675	0.00486	0.00436	0.00128	0.03758	0.00325	0.00249	0.00650
97	0.01917	0.02445	0.01454	0.01322	0.01586	0.79907	0.00991	0.02049	0.01454	0.01256	0.00793	0.00925	0.00661	0.00529	0.00463	0.00132	0.00925	0.00330	0.00264	0.00595
98	0.01240	0.01284	0.04617	0.08021	0.53840	0.03906	0.05573	0.01532	0.01116	0.01574	0.00919	0.01245	0.00773	0.00523	0.00671	0.00164	0.11552	0.00457	0.00248	0.00746
99	0.85592	0.00992	0.00754	0.00675	0.00992	0.01151	0.00556	0.01508	0.00873	0.02302	0.00714	0.00834	0.00556	0.00476	0.00318	0.00159	0.00397	0.00278	0.00318	0.00556
100	0.01885	0.02385	0.01485	0.01413	0.05417	0.76002	0.01020	0.02025	0.01440	0.01277	0.00802	0.00942	0.00668	0.00525	0.00465	0.00133	0.00910	0.00337	0.00264	0.00606
101	0.00734	0.00547	0.00811	0.00811	0.00899	0.00634	0.00625	0.00908	0.00821	0.01181	0.01386	0.02082	0.01312	0.07725	0.76097	0.00808	0.01331	0.00560	0.00277	0.00451
102	0.00723	0.00524	0.00682	0.00643	0.00765	0.00483	0.00482	0.00963	0.01446	0.02042	0.76759	0.03859	0.06588	0.01055	0.00605	0.00162	0.00242	0.00932	0.00563	0.00483
103	0.00640	0.00547	0.00553	0.00550	0.00726	0.00475	0.00413	0.00835	0.04970	0.01422	0.04991	0.06499	0.73060	0.01276	0.00603	0.00174	0.00268	0.01066	0.00479	0.00452
104	0.01951	0.01437	0.01540	0.01181	0.01591	0.01591	0.00975	0.77056	0.02412	0.03234	0.01232	0.01232	0.00873	0.00616	0.00513	0.00154	0.00565	0.00462	0.00513	0.00873

[dist]
# distance from previous block
# <min> <max>
0	20

[block]
# block no. 1 follows, 48 sequences, length 32
# corresponding to MSA columns:
# 390-421
name=unknown_B
#
# <colnr> <probs for GDERKNQSTAVLIFYWHMCP>
#	G	D	E	R	K	N	Q	S	T	A	V	L	I	F	Y	W	H	M	C	P
0	0.00625	0.00447	0.00595	0.00714	0.00744	0.00417	0.00476	0.00714	0.00982	0.01310	0.02828	0.81633	0.03394	0.01608	0.00655	0.00208	0.00298	0.01459	0.00476	0.00417
1	0.05844	0.01417	0.01503	0.01157	0.01563	0.01571	0.00956	0.73539	0.02341	0.03190	0.01208	0.01213	0.00858	0.00609	0.00504	0.00154	0.00557	0.00453	0.00504	0.00858
2	0.01197	0.01481	0.08838	0.02109	0.02647	0.01290	0.71190	0.01642	0.01201	0.01642	0.01029	0.01361	0.00769	0.00437	0.00597	0.00172	0.00857	0.00588	0.00256	0.00697
3	0.00639	0.00455	0.00604	0.00712	0.00747	0.00427	0.00480	0.00736	0.01003	0.01342	0.06522	0.73620	0.03408	0.04030	0.00713	0.00216	0.00305	0.03147	0.00476	0.00418
4	0.00775	0.00575	0.00728	0.00681	0.00816	0.00554	0.00513	0.01123	0.08171	0.02065	0.71775	0.03664	0.04553	0.01018	0.00598	0.00162	0.00256	0.00897	0.00561	0.00513
5	0.00966	0.00884	0.01480	0.75703	0.03352	0.01097	0.01361	0.01283	0.01013	0.01309	0.00930	0.01389	0.00707	0.00564	0.00567	0.03449	0.00664	0.00456	0.02272	0.00554
6	0.00891	0.00446	0.00668	0.00668	0.00668	0.00446	0.00446	0.00668	0.00668	0.00891	0.00891	0.01560	0.00891	0.01783	0.02005	0.85071	0.00446	0.00446	0.00223	0.00223
7	0.00727	0.00519	0.00712	0.00831	0.00905	0.00505	0.00653	0.00891	0.01083	0.01424	0.02772	0.43301	0.03171	0.01511	0.00682	0.00222	0.00386	0.38785	0.00474	0.00445
8	0.61765	0.00972	0.00888	0.00749	0.01090	0.01058	0.00618	0.03639	0.01067	0.22391	0.01069	0.01082	0.00750	0.00521	0.00374	0.00159	0.00411	0.00345	0.00405	0.00646
9	0.11770	0.00978	0.02522	0.01094	0.02795	0.00973	0.11034	0.08661	0.12574	0.14603	0.14218	0.02433	0.04338	0.00765	0.00542	0.00172	0.00472	0.08911	0.00469	0.00676
10	0.01257	0.01294	0.06105	0.03062	0.74780	0.01218	0.01591	0.01577	0.01164	0.01674	0.00963	0.01260	0.00804	0.00459	0.00507	0.00153	0.00617	0.00453	0.00252	0.00810
11	0.02302	0.00873	0.01191	0.00913	0.01310	0.00754	0.00754	0.02501	0.01469	0.79122	0.02024	0.01746	0.01270	0.00635	0.00516	0.00159	0.00437	0.00516	0.00635	0.00873
12	0.01029	0.02654	0.79309	0.01462	0.02221	0.01192	0.01896	0.01625	0.01083	0.01625	0.00921	0.01083	0.00650	0.00487	0.00487	0.00162	0.00758	0.00379	0.00217	0.00758
13	0.01038	0.02595	0.75758	0.01495	0.02242	0.01197	0.05387	0.01626	0.01089	0.01626	0.00926	0.01097	0.00656	0.00485	0.00493	0.00163	0.00763	0.00390	0.00219	0.00755
14	0.00633	0.00452	0.00598	0.00707	0.00740	0.00422	0.00472	0.00727	0.00997	0.01335	0.06250	0.75760	0.03415	0.03961	0.00711	0.00215	0.00301	0.01413	0.00475	0.00417
15	0.85592	0.00992	0.00754	0.00675	0.00992	0.01151	0.00556	0.01508	0.00873	0.02302	0.00714	0.00834	0.00556	0.00476	0.00318	0.00159	0.00397	0.00278	0.00318	0.00556
16	0.00763	0.00568	0.00715	0.00671	0.00807	0.00542	0.00505	0.01093	0.07247	0.02038	0.69773	0.03731	0.07525	0.01032	0.00599	0.00163	0.00255	0.00908	0.00558	0.00507
17	0.01029	0.02654	0.79309	0.01462	0.02221	0.01192	0.01896	0.01625	0.01083	0.01625	0.00921	0.01083	0.00650	0.00487	0.00487	0.00162	0.00758	0.00379	0.00217	0.00758
18	0.00628	0.00521	0.00550	0.00543	0.00706	0.00442	0.00407	0.00778	0.01221	0.01508	0.18449	0.04738	0.65232	0.01254	0.00606	0.00171	0.00257	0.01055	0.00492	0.00442
19	0.00733	0.00550	0.00825	0.00825	0.00916	0.00641	0.00641	0.00916	0.00825	0.01191	0.01374	0.02016	0.01283	0.03848	0.79934	0.00825	0.01374	0.00550	0.00275	0.00458
20	0.01110	0.00939	0.01089	0.00782	0.01236	0.00731	0.00627	0.05238	0.01134	0.01753	0.00929	0.01073	0.00766	0.00392	0.00387	0.00080	0.00390	0.00312	0.00315	0.80717
21	0.85592	0.00992	0.00754	0.00675	0.00992	0.01151	0.00556	0.01508	0.00873	0.02302	0.00714	0.00834	0.00556	0.00476	0.00318	0.00159	0.00397	0.00278	0.00318	0.00556
22	0.00746	0.00497	0.00560	0.00560	0.00560	0.00497	0.00311	0.00746	0.00746	0.00995	0.01617	0.03358	0.01865	0.81967	0.02612	0.00497	0.00497	0.00746	0.00311	0.00311
23	0.02261	0.00939	0.01232	0.00944	0.01343	0.00852	0.00780	0.11222	0.01579	0.70245	0.01932	0.01686	0.01224	0.00633	0.00516	0.00158	0.00452	0.00510	0.00621	0.00873
24	0.02257	0.00863	0.01176	0.00905	0.01294	0.00746	0.00746	0.02457	0.01468	0.76916	0.04213	0.01806	0.01372	0.00647	0.00519	0.00159	0.00431	0.00528	0.00633	0.00862
25	0.05177	0.01405	0.01507	0.01211	0.03912	0.03030	0.00967	0.66709	0.02250	0.06856	0.01234	0.01237	0.00874	0.00605	0.00505	0.00154	0.00560	0.00455	0.00499	0.00853
26	0.01029	0.02654	0.79309	0.01462	0.02221	0.01192	0.01896	0.01625	0.01083	0.01625	0.00921	0.01083	0.00650	0.00487	0.00487	0.00162	0.00758	0.00379	0.00217	0.00758
27	0.00656	0.00536	0.00581	0.00567	0.00730	0.00469	0.00426	0.00851	0.03247	0.01587	0.24931	0.04560	0.56622	0.01216	0.00604	0.00170	0.00259	0.01028	0.00502	0.00457
28	0.00625	0.00449	0.00593	0.00709	0.00743	0.00417	0.00474	0.00715	0.00988	0.01312	0.02900	0.79296	0.05684	0.01598	0.00653	0.00207	0.00297	0.01447	0.00476	0.00417
29	0.00777	0.00568	0.00804	0.00793	0.00874	0.00660	0.00607	0.00945	0.00841	0.01247	0.01390	0.02084	0.01308	0.10628	0.60701	0.00692	0.05328	0.00556	0.08745	0.00452
30	0.03976	0.60438	0.04307	0.00976	0.01389	0.15061	0.00918	0.05350	0.01175	0.01358	0.00758	0.00867	0.00666	0.00465	0.00364	0.00118	0.00614	0.00296	0.00244	0.00658
31	0.01601	0.03365	0.36111	0.01226	0.03153	0.03056	0.01299	0.07135	0.03711	0.30561	0.02871	0.01413	0.01008	0.00568	0.00500	0.00159	0.00602	0.00451	0.00411	0.00800

[dist]
# distance from previous block
# <min> <max>
0	4

[block]
# block no. 2 follows, 48 sequences, length 32
# corresponding to MSA columns:
# 426-457
name=unknown_C
#
# <colnr> <probs for GDERKNQSTAVLIFYWHMCP>
#	G	D	E	R	K	N	Q	S	T	A	V	L	I	F	Y	W	H	M	C	P
0	0.05030	0.26090	0.03907	0.02779	0.01684	0.27996	0.13442	0.01689	0.01173	0.01356	0.00798	0.01000	0.00677	0.00524	0.00580	0.00145	0.09881	0.00373	0.00246	0.00628
1	0.01237	0.01365	0.10960	0.15427	0.25758	0.10017	0.01257	0.04032	0.06128	0.04862	0.01612	0.01835	0.10355	0.00631	0.00519	0.00161	0.00609	0.02225	0.00320	0.00690
2	0.00726	0.00524	0.00686	0.00646	0.00767	0.00484	0.00484	0.00968	0.01452	0.02058	0.78496	0.03833	0.04841	0.01049	0.00605	0.00161	0.00242	0.00928	0.00565	0.00484
3	0.00882	0.00677	0.00790	0.04072	0.01003	0.00675	0.00574	0.01347	0.17553	0.05163	0.31923	0.03590	0.27736	0.01015	0.00580	0.00168	0.00310	0.00867	0.00516	0.00558
4	0.85592	0.00992	0.00754	0.00675	0.00992	0.01151	0.00556	0.01508	0.00873	0.02302	0.00714	0.00834	0.00556	0.00476	0.00318	0.00159	0.00397	0.00278	0.00318	0.00556
5	0.00638	0.00521	0.00564	0.00553	0.00713	0.00447	0.00415	0.00798	0.01245	0.01565	0.24707	0.04644	0.58938	0.01233	0.00606	0.00170	0.00255	0.01042	0.00500	0.00447
6	0.24523	0.00896	0.01075	0.04594	0.01313	0.00871	0.00724	0.02132	0.01288	0.52529	0.03941	0.01547	0.01159	0.00599	0.00465	0.00159	0.00432	0.00462	0.00529	0.00762
7	0.01276	0.01102	0.01160	0.01044	0.01334	0.01276	0.00812	0.02727	0.77840	0.02146	0.02088	0.01914	0.01566	0.00696	0.00522	0.00174	0.00406	0.00580	0.00522	0.00812
8	0.01849	0.02253	0.01508	0.03317	0.07277	0.67088	0.01043	0.06985	0.01487	0.01419	0.00838	0.00981	0.00687	0.00529	0.00471	0.00136	0.00873	0.00351	0.00279	0.00629
9	0.01372	0.82276	0.02689	0.00878	0.01317	0.02030	0.00878	0.01536	0.01043	0.01207	0.00713	0.00823	0.00658	0.00439	0.00329	0.00110	0.00549	0.00274	0.00219	0.00658
10	0.00810	0.00580	0.00804	0.00896	0.01014	0.00573	0.00771	0.01048	0.01226	0.01621	0.15154	0.05467	0.03263	0.01357	0.00692	0.00224	0.00435	0.63105	0.00488	0.00474
11	0.85592	0.00992	0.00754	0.00675	0.00992	0.01151	0.00556	0.01508	0.00873	0.02302	0.00714	0.00834	0.00556	0.00476	0.00318	0.00159	0.00397	0.00278	0.00318	0.00556
12	0.00643	0.00521	0.00571	0.00558	0.00716	0.00449	0.00419	0.00807	0.01256	0.01592	0.27671	0.04599	0.55957	0.01223	0.00606	0.00170	0.00254	0.01035	0.00504	0.00449
13	0.05897	0.01021	0.01260	0.00970	0.01367	0.00983	0.00801	0.21275	0.01681	0.56570	0.01766	0.01576	0.01138	0.00623	0.00507	0.00158	0.00467	0.00492	0.00590	0.00859
14	0.01249	0.01198	0.02045	0.08499	0.73579	0.01214	0.01564	0.01557	0.01159	0.01651	0.00961	0.01277	0.00804	0.00461	0.00508	0.00154	0.00615	0.00457	0.00252	0.00796
15	0.01425	0.74468	0.02568	0.00921	0.01343	0.09648	0.00889	0.01587	0.01083	0.01212	0.00721	0.00833	0.00659	0.00448	0.00342	0.00112	0.00586	0.00280	0.00224	0.00652
16	0.82852	0.00976	0.00745	0.00668	0.00980	0.01129	0.00549	0.01498	0.00880	0.02290	0.00746	0.00868	0.00580	0.00480	0.00319	0.00157	0.00392	0.00284	0.03053	0.00553
17	0.01817	0.01335	0.01426	0.01115	0.01493	0.01479	0.00914	0.64978	0.08615	0.03041	0.01338	0.01342	0.00965	0.00621	0.00502	0.00153	0.00526	0.00473	0.07030	0.00837
18	0.01204	0.01151	0.01963	0.20270	0.62165	0.01202	0.01542	0.01517	0.01137	0.01596	0.00953	0.01292	0.00784	0.00469	0.00509	0.00156	0.00626	0.00457	0.00248	0.00759
19	0.01194	0.01142	0.01945	0.22753	0.59757	0.01199	0.01537	0.01508	0.01132	0.01584	0.00952	0.01295	0.00780	0.00471	0.00509	0.00157	0.00628	0.00457	0.00247	0.00751
20	0.01157	0.18013	0.59261	0.01330	0.02003	0.01381	0.01637	0.06641	0.01164	0.01651	0.00901	0.01043	0.00666	0.00487	0.00459	0.00152	0.00705	0.00364	0.00237	0.00747
21	0.01611	0.01782	0.01308	0.01176	0.01455	0.41216	0.00898	0.05456	0.33705	0.01718	0.01481	0.01468	0.03236	0.00625	0.00494	0.00152	0.00672	0.00462	0.00390	0.00694
22	0.00744	0.00505	0.00597	0.00597	0.00609	0.00518	0.00357	0.00770	0.00757	0.01022	0.01583	0.03171	0.01784	0.71072	0.13396	0.00543	0.00620	0.00719	0.00306	0.00331
23	0.01211	0.01384	0.03028	0.02163	0.02682	0.01298	0.76903	0.01644	0.01211	0.01644	0.01038	0.01384	0.00779	0.00433	0.00606	0.00173	0.00865	0.00606	0.00260	0.00692
24	0.01061	0.00961	0.01390	0.36529	0.05268	0.01057	0.01090	0.04325	0.01065	0.01505	0.00946	0.03365	0.00791	0.00554	0.00633	0.00148	0.11443	0.00434	0.00270	0.27164
25	0.85592	0.00992	0.00754	0.00675	0.00992	0.01151	0.00556	0.01508	0.00873	0.02302	0.00714	0.00834	0.00556	0.00476	0.00318	0.00159	0.00397	0.00278	0.00318	0.00556
26	0.00724	0.00529	0.00683	0.00659	0.00784	0.00488	0.00504	0.00956	0.01406	0.01958	0.66099	0.04085	0.11000	0.01100	0.00614	0.00168	0.00262	0.06950	0.00550	0.00479
27	0.01226	0.11465	0.60909	0.01328	0.02005	0.01232	0.01638	0.01724	0.01127	0.11208	0.01034	0.01136	0.00728	0.00500	0.00473	0.00156	0.00695	0.00384	0.00269	0.00761
28	0.00625	0.00459	0.00587	0.00685	0.00737	0.00421	0.00464	0.00724	0.01020	0.01339	0.04972	0.68871	0.14114	0.01550	0.00647	0.00202	0.00291	0.01393	0.00478	0.00421
29	0.01173	0.01120	0.01908	0.28077	0.54595	0.01194	0.01527	0.01490	0.01123	0.01559	0.00948	0.01301	0.00771	0.00475	0.00510	0.00158	0.00633	0.00457	0.00246	0.00735
30	0.85592	0.00992	0.00754	0.00675	0.00992	0.01151	0.00556	0.01508	0.00873	0.02302	0.00714	0.00834	0.00556	0.00476	0.00318	0.00159	0.00397	0.00278	0.00318	0.00556
31	0.01012	0.00965	0.01631	0.67071	0.10187	0.01176	0.03527	0.01340	0.01031	0.01349	0.00907	0.01346	0.00698	0.00527	0.00581	0.00172	0.05195	0.00460	0.00231	0.00595

[dist]
# distance from previous block
# <min> <max>
0	8

[block]
# block no. 3 follows, 48 sequences, length 181
# corresponding to MSA columns:
# 466-646
name=unknown_D
#
# <colnr> <probs for GDERKNQSTAVLIFYWHMCP>
#	G	D	E	R	K	N	Q	S	T	A	V	L	I	F	Y	W	H	M	C	P
0	0.00664	0.00516	0.00607	0.00615	0.00747	0.00458	0.00460	0.00835	0.01247	0.01626	0.31126	0.14938	0.37620	0.01258	0.00618	0.00177	0.00271	0.05257	0.00508	0.00452
1	0.01309	0.01171	0.01175	0.01058	0.01347	0.05295	0.00821	0.02692	0.73936	0.02101	0.02022	0.01864	0.01520	0.00688	0.00519	0.00172	0.00433	0.00567	0.00509	0.00801
2	0.00633	0.00450	0.00593	0.00704	0.00732	0.00422	0.00466	0.00717	0.00967	0.01289	0.02750	0.76563	0.03295	0.06812	0.00782	0.00227	0.00311	0.01413	0.00466	0.00410
3	0.00653	0.00458	0.00587	0.00679	0.00702	0.00435	0.00438	0.00722	0.00928	0.01237	0.02549	0.63585	0.03041	0.20136	0.01106	0.00275	0.00344	0.01294	0.00438	0.00392
4	0.09306	0.00906	0.01168	0.00903	0.01294	0.00821	0.00746	0.05367	0.01456	0.69646	0.01883	0.01649	0.01194	0.00621	0.00499	0.00159	0.00438	0.00494	0.00603	0.00846
5	0.01029	0.02654	0.79309	0.01462	0.02221	0.01192	0.01896	0.01625	0.01083	0.01625	0.00921	0.01083	0.00650	0.00487	0.00487	0.00162	0.00758	0.00379	0.00217	0.00758
6	0.85592	0.00992	0.00754	0.00675	0.00992	0.01151	0.00556	0.01508	0.00873	0.02302	0.00714	0.00834	0.00556	0.00476	0.00318	0.00159	0.00397	0.00278	0.00318	0.00556
7	0.00956	0.00478	0.00478	0.00478	0.00598	0.00478	0.00359	0.01196	0.01076	0.01913	0.01674	0.01913	0.01315	0.00598	0.00359	0.00120	0.00239	0.00478	0.84816	0.00478
8	0.00969	0.00912	0.01539	0.80734	0.03534	0.01140	0.01425	0.01311	0.01026	0.01311	0.00912	0.01368	0.00684	0.00513	0.00513	0.00171	0.00684	0.00456	0.00228	0.00570
9	0.85592	0.00992	0.00754	0.00675	0.00992	0.01151	0.00556	0.01508	0.00873	0.02302	0.00714	0.00834	0.00556	0.00476	0.00318	0.00159	0.00397	0.00278	0.00318	0.00556
10	0.01918	0.01390	0.01505	0.01161	0.01560	0.01534	0.00957	0.72282	0.02330	0.05316	0.01259	0.01274	0.00898	0.00729	0.03286	0.00178	0.00589	0.00467	0.00508	0.00858
11	0.00624	0.00450	0.00592	0.00706	0.00742	0.00418	0.00472	0.00715	0.00991	0.01313	0.02936	0.78146	0.06811	0.01594	0.00653	0.00207	0.00296	0.01442	0.00476	0.00418
12	0.01951	0.01437	0.01540	0.01181	0.01591	0.01591	0.00975	0.77056	0.02412	0.03234	0.01232	0.01232	0.00873	0.00616	0.00513	0.00154	0.00565	0.00462	0.00513	0.00873
13	0.01051	0.04237	0.71722	0.01505	0.02238	0.01218	0.07743	0.01625	0.01092	0.01618	0.00926	0.01101	0.00660	0.00482	0.00493	0.00162	0.00762	0.00395	0.00220	0.00751
14	0.01295	0.01343	0.04645	0.06330	0.55950	0.07247	0.04194	0.01721	0.09054	0.01672	0.01066	0.01312	0.00866	0.00490	0.00509	0.00155	0.00631	0.00463	0.00280	0.00778
15	0.00634	0.00512	0.00566	0.00587	0.00728	0.00444	0.00436	0.00774	0.01171	0.01456	0.12880	0.17557	0.54216	0.01328	0.00619	0.00181	0.00274	0.04715	0.00486	0.00438
16	0.00658	0.00532	0.00594	0.00628	0.00780	0.00468	0.00494	0.00809	0.01161	0.01416	0.04496	0.09596	0.56994	0.01344	0.00633	0.00190	0.00310	0.17981	0.00476	0.00441
17	0.02783	0.02764	0.01831	0.29918	0.43338	0.01231	0.01438	0.06283	0.02492	0.01658	0.00973	0.01295	0.00777	0.00491	0.00503	0.00159	0.00624	0.00452	0.00266	0.00724
18	0.01397	0.10225	0.07892	0.07107	0.41603	0.16356	0.02683	0.01678	0.01204	0.03809	0.00931	0.01164	0.00760	0.00480	0.00481	0.00146	0.00679	0.00412	0.00259	0.00735
19	0.00806	0.00646	0.00922	0.00881	0.00943	0.00789	0.00681	0.00949	0.00806	0.01171	0.01282	0.02049	0.01257	0.14651	0.54518	0.00668	0.15695	0.00560	0.00271	0.00455
20	0.05377	0.01682	0.01862	0.02230	0.38196	0.30386	0.08025	0.03340	0.01291	0.01579	0.00902	0.01132	0.00743	0.00486	0.00491	0.00147	0.00739	0.00415	0.00267	0.00711
21	0.00625	0.00447	0.00595	0.00714	0.00744	0.00417	0.00476	0.00714	0.00982	0.01310	0.02828	0.81633	0.03394	0.01608	0.00655	0.00208	0.00298	0.01459	0.00476	0.00417
22	0.00969	0.00912	0.01539	0.80734	0.03534	0.01140	0.01425	0.01311	0.01026	0.01311	0.00912	0.01368	0.00684	0.00513	0.00513	0.00171	0.00684	0.00456	0.00228	0.00570
23	0.01080	0.07662	0.65071	0.02913	0.06412	0.01219	0.01745	0.01606	0.01090	0.03159	0.00979	0.03065	0.00740	0.00513	0.00483	0.00160	0.00717	0.00407	0.00234	0.00745
24	0.01326	0.01413	0.08030	0.07899	0.50700	0.05817	0.07031	0.08417	0.01284	0.01762	0.00978	0.01247	0.00786	0.00480	0.00512	0.00155	0.00659	0.00455	0.00274	0.00776
25	0.46770	0.00866	0.00826	0.00721	0.00994	0.00935	0.00580	0.05570	0.01194	0.10936	0.23702	0.01838	0.01910	0.00670	0.00435	0.00159	0.00365	0.00505	0.00436	0.00588
26	0.10044	0.02885	0.03904	0.03301	0.07150	0.13438	0.34518	0.02791	0.01167	0.01616	0.00939	0.01270	0.00761	0.00529	0.00655	0.00167	0.09912	0.01813	0.00269	0.02871
27	0.33698	0.00921	0.01020	0.00822	0.01182	0.00914	0.00677	0.03639	0.01263	0.46515	0.03523	0.01446	0.01086	0.00586	0.00443	0.00159	0.00419	0.00436	0.00511	0.00743
28	0.01190	0.05186	0.10063	0.02010	0.02538	0.01304	0.64924	0.01618	0.01187	0.01615	0.01048	0.02926	0.00813	0.00461	0.00583	0.00170	0.00829	0.00586	0.00258	0.00691
29	0.01154	0.01169	0.01543	0.01319	0.01351	0.04853	0.01093	0.01272	0.00827	0.01256	0.00690	0.01112	0.00677	0.00859	0.01572	0.00214	0.73940	0.00437	0.00230	0.04432
30	0.01211	0.01384	0.03028	0.02163	0.02682	0.01298	0.76903	0.01644	0.01211	0.01644	0.01038	0.01384	0.00779	0.00433	0.00606	0.00173	0.00865	0.00606	0.00260	0.00692
31	0.01307	0.01118	0.01178	0.01050	0.01346	0.01291	0.00820	0.06128	0.74388	0.02196	0.02049	0.01883	0.01535	0.00692	0.00522	0.00173	0.00413	0.00575	0.00522	0.00815
32	0.00733	0.00550	0.00825	0.00825	0.00916	0.00641	0.00641	0.00916	0.00825	0.01191	0.01374	0.02016	0.01283	0.03848	0.79934	0.00825	0.01374	0.00550	0.00275	0.00458
33	0.02302	0.00873	0.01191	0.00913	0.01310	0.00754	0.00754	0.02501	0.01469	0.79122	0.02024	0.01746	0.01270	0.00635	0.00516	0.00159	0.00437	0.00516	0.00635	0.00873
34	0.00624	0.00451	0.00591	0.00703	0.00741	0.00418	0.00471	0.00716	0.00994	0.01315	0.02973	0.76943	0.07990	0.01589	0.00652	0.00206	0.00295	0.01436	0.00476	0.00418
35	0.85592	0.00992	0.00754	0.00675	0.00992	0.01151	0.00556	0.01508	0.00873	0.02302	0.00714	0.00834	0.00556	0.00476	0.00318	0.00159	0.00397	0.00278	0.00318	0.00556
36	0.00610	0.00520	0.00524	0.00523	0.00695	0.00435	0.00392	0.00742	0.01177	0.01404	0.07124	0.04909	0.76622	0.01293	0.00606	0.00173	0.00259	0.01079	0.00479	0.00435
37	0.01270	0.01219	0.02083	0.03149	0.78767	0.01219	0.01575	0.01575	0.01168	0.01676	0.00965	0.01270	0.00813	0.00457	0.00508	0.00152	0.00610	0.00457	0.00254	0.00813
38	0.01029	0.02654	0.79309	0.01462	0.02221	0.01192	0.01896	0.01625	0.01083	0.01625	0.00921	0.01083	0.00650	0.00487	0.00487	0.00162	0.00758	0.00379	0.00217	0.00758
39	0.00722	0.00524	0.00680	0.00641	0.00764	0.00482	0.00481	0.00960	0.01442	0.02032	0.75738	0.03874	0.07615	0.01058	0.00605	0.00162	0.00243	0.00934	0.00562	0.00482
40	0.00891	0.00446	0.00668	0.00668	0.00668	0.00446	0.00446	0.00668	0.00668	0.00891	0.00891	0.01560	0.00891	0.01783	0.02005	0.85071	0.00446	0.00446	0.00223	0.00223
41	0.01029	0.02654	0.79309	0.01462	0.02221	0.01192	0.01896	0.01625	0.01083	0.01625	0.00921	0.01083	0.00650	0.00487	0.00487	0.00162	0.00758	0.00379	0.00217	0.00758
42	0.00624	0.00520	0.00544	0.00538	0.00704	0.00440	0.00403	0.00770	0.01210	0.01483	0.15725	0.04779	0.67971	0.01264	0.00606	0.00172	0.00257	0.01061	0.00489	0.00440
43	0.01276	0.55098	0.27053	0.01071	0.01611	0.01753	0.01204	0.03276	0.01087	0.01386	0.00791	0.00915	0.00661	0.00458	0.00384	0.00128	0.00616	0.00312	0.00225	0.00695
44	0.02592	0.04133	0.56659	0.01368	0.05152	0.01105	0.01575	0.01638	0.01127	0.08087	0.04031	0.01241	0.00880	0.00510	0.00479	0.00153	0.00662	0.00405	0.00276	0.07927
45	0.26724	0.08744	0.15155	0.02918	0.04957	0.04183	0.01012	0.18550	0.01365	0.09106	0.01018	0.01100	0.00747	0.00524	0.00429	0.00152	0.00549	0.00375	0.01677	0.00712
46	0.01270	0.01219	0.02083	0.03149	0.78767	0.01219	0.01575	0.01575	0.01168	0.01676	0.00965	0.01270	0.00813	0.00457	0.00508	0.00152	0.00610	0.00457	0.00254	0.00813
47	0.01107	0.01100	0.01542	0.01327	0.01330	0.01535	0.01104	0.01222	0.00787	0.01233	0.00701	0.01158	0.00697	0.01014	0.04758	0.00248	0.77899	0.00453	0.00226	0.00557
48	0.01272	0.08144	0.13192	0.04813	0.28662	0.11829	0.14914	0.01622	0.02623	0.01562	0.02806	0.01394	0.03841	0.00517	0.00508	0.00153	0.00692	0.00477	0.00268	0.00711
49	0.01176	0.00927	0.01087	0.00787	0.01235	0.00724	0.00632	0.03394	0.02641	0.07022	0.01020	0.01132	0.00814	0.00410	0.00396	0.00086	0.00389	0.00328	0.00336	0.75465
50	0.85592	0.00992	0.00754	0.00675	0.00992	0.01151	0.00556	0.01508	0.00873	0.02302	0.00714	0.00834	0.00556	0.00476	0.00318	0.00159	0.00397	0.00278	0.00318	0.00556
51	0.01673	0.01168	0.08785	0.01016	0.01372	0.01053	0.00882	0.27438	0.04794	0.25780	0.01622	0.06751	0.01270	0.07276	0.06500	0.00237	0.00575	0.00568	0.00486	0.00756
52	0.00745	0.00548	0.00701	0.00664	0.00790	0.00517	0.00497	0.01034	0.04924	0.02019	0.70600	0.06823	0.06070	0.01060	0.00603	0.00164	0.00252	0.00936	0.00558	0.00496
53	0.00636	0.00472	0.00591	0.00664	0.00734	0.00430	0.00457	0.00752	0.01076	0.01416	0.12980	0.54773	0.18770	0.02875	0.00673	0.00200	0.00286	0.01302	0.00485	0.00427
54	0.01123	0.01123	0.01572	0.01347	0.01347	0.01572	0.01123	0.01235	0.00786	0.01235	0.00674	0.01123	0.00674	0.00898	0.01684	0.00225	0.81028	0.00449	0.00225	0.00561
55	0.01276	0.01102	0.01160	0.01044	0.01334	0.01276	0.00812	0.02727	0.77840	0.02146	0.02088	0.01914	0.01566	0.00696	0.00522	0.00174	0.00406	0.00580	0.00522	0.00812
56	0.00660	0.00479	0.00623	0.00677	0.00749	0.00442	0.00474	0.00807	0.01163	0.01583	0.30091	0.48789	0.08784	0.01387	0.00634	0.00189	0.00275	0.01244	0.00508	0.00442
57	0.85592	0.00992	0.00754	0.00675	0.00992	0.01151	0.00556	0.01508	0.00873	0.02302	0.00714	0.00834	0.00556	0.00476	0.00318	0.00159	0.00397	0.00278	0.00318	0.00556
58	0.00885	0.00450	0.00674	0.00674	0.00678	0.00453	0.00453	0.00678	0.00674	0.00903	0.00910	0.01577	0.00906	0.01862	0.05005	0.81828	0.00481	0.00450	0.00225	0.00232
59	0.01064	0.00912	0.01064	0.00760	0.01216	0.00684	0.00608	0.01292	0.01064	0.01672	0.00912	0.01064	0.00760	0.00380	0.00380	0.00076	0.00380	0.00304	0.00304	0.85104
60	0.00625	0.00448	0.00594	0.00710	0.00743	0.00417	0.00474	0.00715	0.00987	0.01312	0.02881	0.79908	0.05083	0.01601	0.00654	0.00208	0.00297	0.01450	0.00476	0.00417
61	0.01391	0.79489	0.02646	0.00893	0.01326	0.04749	0.00882	0.01554	0.01057	0.01209	0.00716	0.00827	0.00659	0.00442	0.00334	0.00111	0.00562	0.00276	0.00221	0.00656
62	0.01244	0.01141	0.01648	0.08763	0.04381	0.02874	0.13804	0.13156	0.08027	0.01786	0.01176	0.01624	0.00996	0.00788	0.03836	0.00198	0.18015	0.05598	0.00332	0.10613
63	0.01300	0.01311	0.02010	0.07385	0.61109	0.08112	0.04453	0.01588	0.01169	0.01597	0.00937	0.01243	0.00784	0.00486	0.00562	0.00156	0.04332	0.00451	0.00252	0.00763
64	0.01276	0.01102	0.01160	0.01044	0.01334	0.01276	0.00812	0.02727	0.77840	0.02146	0.02088	0.01914	0.01566	0.00696	0.00522	0.00174	0.00406	0.00580	0.00522	0.00812
65	0.00733	0.00550	0.00825	0.00825	0.00916	0.00641	0.00641	0.00916	0.00825	0.01191	0.01374	0.02016	0.01283	0.03848	0.79934	0.00825	0.01374	0.00550	0.00275	0.00458
66	0.85592	0.00992	0.00754	0.00675	0.00992	0.01151	0.00556	0.01508	0.00873	0.02302	0.00714	0.00834	0.00556	0.00476	0.00318	0.00159	0.00397	0.00278	0.00318	0.00556
67	0.85592	0.00992	0.00754	0.00675	0.00992	0.01151	0.00556	0.01508	0.00873	0.02302	0.00714	0.00834	0.00556	0.00476	0.00318	0.00159	0.00397	0.00278	0.00318	0.00556
68	0.05194	0.01399	0.01485	0.01152	0.01552	0.01554	0.00949	0.69410	0.07100	0.03129	0.01265	0.01259	0.00904	0.00616	0.00506	0.00155	0.00548	0.00462	0.00506	0.00856
