[name]
unknown

[dist]
# distance from previous block
# <min> <max>
0	95

[block]
# block no. 0 follows, 53 sequences, length 41
# corresponding to MSA columns:
# 107-147
name=unknown_A
#
# <colnr> <probs for GDERKNQSTAVLIFYWHMCP>
#	G	D	E	R	K	N	Q	S	T	A	V	L	I	F	Y	W	H	M	C	P
0	0.01627	0.02009	0.01268	0.01139	0.01395	0.67413	0.00856	0.01758	0.01288	0.01218	0.00854	0.05303	0.00764	0.00530	0.00432	0.00121	0.00771	0.00362	0.00261	0.10631
1	0.01930	0.00799	0.01064	0.00816	0.01172	0.00682	0.00664	0.02108	0.01287	0.66945	0.01743	0.01633	0.01157	0.05021	0.00571	0.00156	0.00404	0.00469	0.00539	0.10840
2	0.00695	0.00593	0.00662	0.00623	0.00768	0.00588	0.00481	0.04955	0.01113	0.01393	0.07523	0.07909	0.58997	0.01136	0.00681	0.00167	0.09933	0.00919	0.00422	0.00441
3	0.00959	0.00911	0.01578	0.39719	0.15029	0.01034	0.10975	0.01248	0.00990	0.01329	0.01079	0.01764	0.00946	0.00752	0.04946	0.00200	0.06255	0.09473	0.00249	0.00565
4	0.00968	0.00736	0.01031	0.03286	0.06277	0.00855	0.00753	0.04493	0.00941	0.08230	0.01521	0.24920	0.01582	0.06574	0.13769	0.00295	0.22195	0.00728	0.00337	0.00508
5	0.00671	0.00501	0.00641	0.00720	0.00785	0.00504	0.00509	0.00916	0.10164	0.01319	0.02474	0.64218	0.02829	0.01499	0.04953	0.00223	0.00353	0.05844	0.00438	0.00437
6	0.71879	0.00914	0.00751	0.00677	0.00958	0.01060	0.00550	0.01509	0.10069	0.02072	0.00850	0.00955	0.00665	0.00637	0.04690	0.00183	0.00420	0.00306	0.00316	0.00541
7	0.00830	0.00567	0.00653	0.00617	0.00671	0.00590	0.00398	0.09895	0.00892	0.01204	0.01459	0.05281	0.01593	0.60521	0.08558	0.03347	0.00527	0.00658	0.01374	0.00365
8	0.06062	0.23012	0.13973	0.10726	0.06892	0.10014	0.02449	0.07021	0.09530	0.01523	0.00916	0.01059	0.00727	0.00490	0.00458	0.00139	0.03739	0.00362	0.00267	0.00642
9	0.00589	0.00477	0.00523	0.00529	0.00665	0.00411	0.00390	0.00726	0.01121	0.01407	0.19499	0.13623	0.55972	0.01198	0.00570	0.00163	0.00243	0.01021	0.00460	0.00411
10	0.01026	0.00980	0.04805	0.16348	0.44747	0.00958	0.01194	0.01293	0.01022	0.01471	0.01138	0.05212	0.02112	0.04980	0.00570	0.00162	0.00521	0.00491	0.10338	0.00631
11	0.01275	0.61416	0.05116	0.01063	0.01490	0.03524	0.14201	0.04652	0.01061	0.01286	0.00745	0.00883	0.00641	0.00418	0.00366	0.00116	0.00577	0.00320	0.00223	0.00629
12	0.00745	0.00504	0.00661	0.00613	0.00738	0.00463	0.00463	0.00968	0.01354	0.05568	0.76343	0.03480	0.04355	0.00959	0.00560	0.00150	0.00234	0.00847	0.00529	0.00468
13	0.01188	0.04823	0.13182	0.11047	0.02248	0.03933	0.39069	0.10618	0.04235	0.01647	0.00969	0.01209	0.00726	0.00461	0.00533	0.00155	0.02553	0.00477	0.00268	0.00657
14	0.07402	0.04407	0.01180	0.01102	0.09593	0.01994	0.01914	0.12908	0.36390	0.02020	0.01484	0.01496	0.01131	0.00569	0.00438	0.00145	0.00411	0.00463	0.14265	0.00687
15	0.00993	0.00806	0.00954	0.00700	0.01086	0.00617	0.00557	0.01206	0.01047	0.04284	0.10210	0.01317	0.01172	0.00435	0.00383	0.00083	0.00341	0.00358	0.00322	0.73128
16	0.05531	0.03073	0.38863	0.01702	0.23184	0.01110	0.04178	0.05686	0.01127	0.09663	0.00980	0.01121	0.00716	0.00464	0.00457	0.00147	0.00612	0.00391	0.00272	0.00723
17	0.04803	0.80078	0.02430	0.00810	0.01214	0.01857	0.00805	0.01430	0.00965	0.01167	0.00665	0.00767	0.00609	0.00410	0.00306	0.00104	0.00505	0.00256	0.00208	0.00609
18	0.00566	0.00479	0.00490	0.00498	0.00649	0.00402	0.00369	0.00684	0.01076	0.01286	0.04668	0.10761	0.73978	0.01233	0.00568	0.00164	0.00245	0.01036	0.00444	0.00402
19	0.00854	0.00952	0.18767	0.00888	0.01121	0.00612	0.03391	0.01065	0.00992	0.09829	0.02097	0.52947	0.02290	0.01128	0.00559	0.00178	0.00406	0.01011	0.00398	0.00514
20	0.06359	0.04646	0.02637	0.01522	0.19383	0.39567	0.01008	0.07529	0.02259	0.09353	0.00929	0.01038	0.00724	0.00489	0.00438	0.00133	0.00676	0.00360	0.00299	0.00650
21	0.02144	0.00813	0.01109	0.00850	0.01220	0.00702	0.00702	0.02329	0.01368	0.80552	0.01886	0.01627	0.01183	0.00592	0.00481	0.00148	0.00407	0.00481	0.00592	0.00813
22	0.01356	0.23571	0.05403	0.04483	0.24697	0.11808	0.01091	0.12363	0.07900	0.01618	0.00935	0.01070	0.00756	0.00473	0.00424	0.00132	0.00578	0.00372	0.00282	0.00689
23	0.00945	0.00894	0.01526	0.68375	0.13122	0.01067	0.03606	0.01260	0.00979	0.01282	0.00869	0.01270	0.00663	0.00470	0.00478	0.00156	0.00627	0.00429	0.01419	0.00562
24	0.00580	0.00424	0.00546	0.00644	0.00688	0.00390	0.00434	0.00668	0.00936	0.01228	0.02895	0.73663	0.12221	0.01464	0.00605	0.00190	0.00273	0.01318	0.00444	0.00390
25	0.00591	0.00485	0.00520	0.00512	0.00662	0.00415	0.00384	0.00737	0.01151	0.01438	0.22469	0.04358	0.62308	0.01156	0.00565	0.00159	0.00238	0.00975	0.00463	0.00415
26	0.00694	0.00464	0.00525	0.00524	0.00527	0.00463	0.00295	0.00702	0.00716	0.00959	0.04027	0.03142	0.01827	0.80560	0.02373	0.00453	0.00456	0.00701	0.00297	0.00295
27	0.00991	0.00850	0.00991	0.00708	0.01133	0.00637	0.00566	0.01203	0.00991	0.01557	0.00850	0.00991	0.00708	0.00354	0.00354	0.00071	0.00354	0.00283	0.00283	0.86124
28	0.86579	0.00924	0.00702	0.00629	0.00924	0.01072	0.00518	0.01405	0.00813	0.02144	0.00666	0.00776	0.00518	0.00444	0.00296	0.00148	0.00370	0.00259	0.00296	0.00518
29	0.00676	0.00489	0.00639	0.00601	0.00714	0.00451	0.00451	0.00902	0.01353	0.01917	0.79969	0.03570	0.04510	0.00977	0.00564	0.00150	0.00225	0.00864	0.00526	0.00451
30	0.80518	0.01034	0.06367	0.00680	0.01005	0.01075	0.00606	0.01413	0.00827	0.02100	0.00679	0.00793	0.00524	0.00444	0.00307	0.00148	0.00394	0.00265	0.00289	0.00531
31	0.01998	0.00845	0.01099	0.00851	0.01207	0.00763	0.00700	0.10181	0.01440	0.66844	0.02018	0.01787	0.06726	0.00634	0.00486	0.00148	0.00408	0.00513	0.00569	0.00784
32	0.00722	0.00473	0.00557	0.00565	0.00595	0.00482	0.00362	0.00783	0.00768	0.01083	0.01560	0.02993	0.01690	0.59003	0.10641	0.00438	0.00522	0.06047	0.10382	0.00334
33	0.30834	0.00829	0.00942	0.00816	0.03703	0.00826	0.00627	0.02816	0.01104	0.41337	0.01358	0.01414	0.00962	0.06424	0.00609	0.03487	0.00405	0.00415	0.00441	0.00650
34	0.01542	0.01021	0.01445	0.01079	0.01457	0.00970	0.15020	0.21865	0.01433	0.24487	0.01292	0.01420	0.00947	0.06353	0.00609	0.00156	0.00505	0.00459	0.00415	0.17523
35	0.02019	0.00808	0.01090	0.00841	0.01207	0.00693	0.00695	0.02207	0.01333	0.72418	0.01833	0.01703	0.01200	0.00598	0.00477	0.00145	0.00404	0.02926	0.00565	0.06840
36	0.00807	0.00597	0.00779	0.00848	0.00970	0.00613	0.00715	0.01143	0.10305	0.01478	0.05419	0.04722	0.03966	0.07022	0.00760	0.00227	0.00423	0.58303	0.00438	0.00467
37	0.01244	0.49580	0.20890	0.01058	0.04000	0.03725	0.01074	0.06962	0.03744	0.01396	0.00797	0.00906	0.00659	0.00449	0.00388	0.00122	0.01804	0.00310	0.00235	0.00656
38	0.00900	0.00699	0.06370	0.00686	0.00883	0.00561	0.00574	0.04078	0.01306	0.11081	0.49491	0.03182	0.13328	0.04000	0.00613	0.00163	0.00304	0.00778	0.00490	0.00514
39	0.00678	0.00558	0.00620	0.00694	0.00750	0.06122	0.00477	0.00782	0.01001	0.01300	0.11659	0.66181	0.04665	0.01359	0.00591	0.00183	0.00312	0.01219	0.00439	0.00408
40	0.01375	0.01632	0.06785	0.06829	0.07357	0.33852	0.10139	0.05424	0.10478	0.01461	0.02186	0.01211	0.00849	0.00727	0.06207	0.00186	0.01989	0.00415	0.00284	0.00613

[dist]
# distance from previous block
# <min> <max>
2	71

[block]
# block no. 1 follows, 53 sequences, length 32
# corresponding to MSA columns:
# 219-250
name=unknown_B
#
# <colnr> <probs for GDERKNQSTAVLIFYWHMCP>
#	G	D	E	R	K	N	Q	S	T	A	V	L	I	F	Y	W	H	M	C	P
0	0.77352	0.06221	0.00850	0.04206	0.01047	0.01124	0.00572	0.01399	0.00830	0.02039	0.00674	0.00798	0.00529	0.00443	0.00304	0.00145	0.00391	0.00266	0.00286	0.00524
1	0.00713	0.00511	0.00712	0.00807	0.00891	0.00514	0.00660	0.00889	0.01007	0.01330	0.02386	0.23602	0.02645	0.03622	0.10006	0.00283	0.00498	0.48083	0.00416	0.00422
2	0.03812	0.02938	0.01036	0.07199	0.01259	0.00752	0.00688	0.01873	0.07784	0.46448	0.08822	0.02124	0.11774	0.00693	0.00490	0.00151	0.00387	0.00572	0.00510	0.00688
3	0.03631	0.17225	0.55973	0.01231	0.01841	0.01230	0.04286	0.01548	0.01024	0.06535	0.00886	0.01007	0.00646	0.00452	0.00428	0.00142	0.00645	0.00348	0.00232	0.00688
4	0.01870	0.00840	0.01094	0.00827	0.01209	0.00715	0.00679	0.04721	0.01313	0.59871	0.01624	0.01465	0.01062	0.00537	0.00452	0.00130	0.00399	0.00434	0.00517	0.20242
5	0.00587	0.00424	0.00556	0.00651	0.00692	0.00393	0.00440	0.00682	0.00953	0.01269	0.07723	0.73407	0.07559	0.01448	0.00605	0.00189	0.00272	0.01307	0.00449	0.00393
6	0.00940	0.00683	0.00960	0.15399	0.17606	0.00716	0.00763	0.02767	0.01057	0.01628	0.04269	0.01840	0.07355	0.00582	0.00418	0.00132	0.00375	0.00496	0.41484	0.00530
7	0.01287	0.20723	0.20441	0.01126	0.05261	0.01309	0.01058	0.10269	0.21908	0.07868	0.01259	0.01348	0.00966	0.00541	0.00439	0.00143	0.00517	0.02479	0.00347	0.00713
8	0.00692	0.00526	0.00786	0.00781	0.00864	0.00620	0.00609	0.00861	0.00767	0.01111	0.01263	0.01856	0.01180	0.03513	0.79224	0.00754	0.03399	0.00510	0.00255	0.00429
9	0.00591	0.00480	0.00524	0.00524	0.00664	0.00413	0.00389	0.00732	0.01134	0.01423	0.21161	0.10559	0.57376	0.01182	0.00568	0.00162	0.00241	0.01005	0.00462	0.00413
10	0.01121	0.01681	0.36264	0.09892	0.15178	0.01084	0.16445	0.01540	0.01072	0.08264	0.01002	0.01248	0.00744	0.00469	0.00487	0.00153	0.00665	0.01747	0.00254	0.00690
11	0.01504	0.01452	0.06077	0.07825	0.15618	0.18632	0.11820	0.17144	0.01402	0.10855	0.01060	0.01243	0.00800	0.00507	0.00481	0.00145	0.00649	0.01769	0.00329	0.00689
12	0.14075	0.68836	0.02202	0.00801	0.01188	0.03999	0.00776	0.01441	0.00958	0.01279	0.00667	0.00771	0.00599	0.00416	0.00309	0.00110	0.00500	0.00258	0.00219	0.00597
13	0.00931	0.00880	0.01477	0.72800	0.09742	0.01081	0.01330	0.01240	0.00960	0.01248	0.00847	0.01259	0.00647	0.00485	0.00512	0.00159	0.03212	0.00425	0.00214	0.00550
14	0.01044	0.00881	0.01020	0.00733	0.01155	0.00691	0.00588	0.06174	0.01072	0.01651	0.00869	0.01001	0.00715	0.00368	0.00362	0.00075	0.00365	0.00293	0.00296	0.80648
15	0.00695	0.00463	0.00521	0.00521	0.00521	0.00463	0.00290	0.00695	0.00695	0.00927	0.01506	0.03128	0.01738	0.83203	0.02433	0.00463	0.00463	0.00695	0.00290	0.00290
16	0.00597	0.00425	0.00565	0.00672	0.00704	0.00400	0.00456	0.00685	0.00917	0.01221	0.02587	0.75632	0.03086	0.04470	0.00679	0.00205	0.00293	0.05577	0.00438	0.00388
17	0.86579	0.00924	0.00702	0.00629	0.00924	0.01072	0.00518	0.01405	0.00813	0.02144	0.00666	0.00776	0.00518	0.00444	0.00296	0.00148	0.00370	0.00259	0.00296	0.00518
18	0.00577	0.00485	0.00501	0.00497	0.00653	0.00409	0.00373	0.00710	0.01118	0.01359	0.13036	0.04488	0.71790	0.01185	0.00565	0.00160	0.00240	0.00993	0.00453	0.00409
19	0.00891	0.00445	0.00445	0.00445	0.00557	0.00445	0.00334	0.01114	0.01002	0.01782	0.01559	0.01782	0.01225	0.00557	0.00334	0.00111	0.00223	0.00445	0.85856	0.00445
20	0.00582	0.00416	0.00555	0.00666	0.00693	0.00388	0.00444	0.00666	0.00915	0.01220	0.02634	0.82891	0.03161	0.01497	0.00610	0.00194	0.00277	0.01359	0.00444	0.00388
21	0.86579	0.00924	0.00702	0.00629	0.00924	0.01072	0.00518	0.01405	0.00813	0.02144	0.00666	0.00776	0.00518	0.00444	0.00296	0.00148	0.00370	0.00259	0.00296	0.00518
22	0.00597	0.00427	0.00572	0.00682	0.00717	0.00401	0.00469	0.00691	0.00930	0.01237	0.02626	0.76768	0.03129	0.01483	0.00614	0.00196	0.00290	0.07334	0.00443	0.00392
23	0.01128	0.01289	0.02820	0.02015	0.02498	0.01209	0.78485	0.01531	0.01128	0.01531	0.00967	0.01289	0.00725	0.00403	0.00564	0.00161	0.00806	0.00564	0.00242	0.00645
24	0.00581	0.00421	0.00549	0.00651	0.00689	0.00389	0.00437	0.00667	0.00929	0.01226	0.02809	0.76706	0.09233	0.01475	0.00606	0.00192	0.00275	0.01331	0.00444	0.00389
25	0.00582	0.00416	0.00555	0.00666	0.00693	0.00388	0.00444	0.00666	0.00915	0.01220	0.02634	0.82891	0.03161	0.01497	0.00610	0.00194	0.00277	0.01359	0.00444	0.00388
26	0.00695	0.00463	0.00521	0.00521	0.00521	0.00463	0.00290	0.00695	0.00695	0.00927	0.01506	0.03128	0.01738	0.83203	0.02433	0.00463	0.00463	0.00695	0.00290	0.00290
27	0.01099	0.36722	0.45161	0.01152	0.01726	0.01444	0.03789	0.01479	0.00997	0.01350	0.00779	0.00915	0.00613	0.00433	0.00395	0.00131	0.00627	0.00319	0.00204	0.00665
28	0.26633	0.01150	0.01174	0.03746	0.01336	0.01291	0.00783	0.48589	0.01691	0.02577	0.01008	0.01113	0.00754	0.02400	0.03585	0.00176	0.00512	0.00388	0.00403	0.00690
29	0.05088	0.01323	0.01406	0.01082	0.01461	0.01466	0.00893	0.75648	0.02192	0.02979	0.01129	0.01133	0.00801	0.00569	0.00471	0.00144	0.00520	0.00424	0.00471	0.00801
30	0.00988	0.05314	0.71580	0.01312	0.01973	0.01145	0.01652	0.01592	0.07197	0.01538	0.00937	0.01061	0.00673	0.00468	0.00451	0.00150	0.00673	0.00364	0.00224	0.00707
31	0.00959	0.02472	0.80726	0.01362	0.02069	0.01110	0.01766	0.01514	0.01009	0.01514	0.00858	0.01009	0.00605	0.00454	0.00454	0.00151	0.00706	0.00353	0.00202	0.00706

[dist]
# distance from previous block
# <min> <max>
0	1

[block]
# block no. 2 follows, 53 sequences, length 18
# corresponding to MSA columns:
# 252-269
name=unknown_C
#
# <colnr> <probs for GDERKNQSTAVLIFYWHMCP>
#	G	D	E	R	K	N	Q	S	T	A	V	L	I	F	Y	W	H	M	C	P
0	0.81872	0.05480	0.00802	0.00639	0.00941	0.01117	0.00534	0.01406	0.00822	0.02088	0.00665	0.00776	0.00523	0.00442	0.00296	0.00145	0.00378	0.00259	0.00291	0.00523
1	0.25282	0.04456	0.01025	0.00759	0.01097	0.00875	0.02641	0.02494	0.02186	0.01684	0.00887	0.03727	0.00767	0.00614	0.04531	0.00144	0.03711	0.00342	0.00290	0.42489
2	0.00745	0.00521	0.00646	0.00601	0.00727	0.00493	0.00454	0.04291	0.01342	0.01925	0.64876	0.03307	0.06949	0.00922	0.00535	0.00146	0.00239	0.00805	0.10013	0.00464
3	0.01210	0.05237	0.26944	0.05861	0.27866	0.07006	0.07474	0.09821	0.01199	0.01636	0.00894	0.01095	0.00690	0.00456	0.00465	0.00144	0.00648	0.00398	0.00250	0.00706
4	0.86579	0.00924	0.00702	0.00629	0.00924	0.01072	0.00518	0.01405	0.00813	0.02144	0.00666	0.00776	0.00518	0.00444	0.00296	0.00148	0.00370	0.00259	0.00296	0.00518
5	0.00597	0.00426	0.00572	0.00682	0.00717	0.00401	0.00469	0.00691	0.00930	0.01237	0.02626	0.76806	0.03129	0.01484	0.00614	0.00196	0.00290	0.07297	0.00443	0.00392
6	0.86579	0.00924	0.00702	0.00629	0.00924	0.01072	0.00518	0.01405	0.00813	0.02144	0.00666	0.00776	0.00518	0.00444	0.00296	0.00148	0.00370	0.00259	0.00296	0.00518
7	0.00603	0.00450	0.00562	0.00610	0.00688	0.00408	0.00428	0.00732	0.01067	0.01417	0.23295	0.45394	0.19998	0.01300	0.00588	0.00176	0.00256	0.01155	0.00465	0.00408
8	0.00574	0.00485	0.00496	0.00493	0.00651	0.00407	0.00370	0.00703	0.01110	0.01340	0.10681	0.04520	0.74158	0.01192	0.00565	0.00161	0.00241	0.00998	0.00450	0.00407
9	0.00991	0.00850	0.00991	0.00708	0.01133	0.00637	0.00566	0.01203	0.00991	0.01557	0.00850	0.00991	0.00708	0.00354	0.00354	0.00071	0.00354	0.00283	0.00283	0.86124
10	0.86579	0.00924	0.00702	0.00629	0.00924	0.01072	0.00518	0.01405	0.00813	0.02144	0.00666	0.00776	0.00518	0.00444	0.00296	0.00148	0.00370	0.00259	0.00296	0.00518
11	0.05407	0.00688	0.00825	0.02457	0.00969	0.00691	0.00574	0.04629	0.13719	0.13839	0.42872	0.02754	0.06991	0.00824	0.00520	0.00152	0.00307	0.00704	0.00505	0.00572
12	0.00664	0.00488	0.00622	0.00588	0.00706	0.00446	0.00441	0.00878	0.01323	0.01847	0.71563	0.03685	0.12959	0.01003	0.00564	0.00152	0.00227	0.00881	0.00517	0.00446
13	0.44085	0.04375	0.01059	0.11815	0.05394	0.01104	0.00753	0.04721	0.11383	0.09693	0.01012	0.01096	0.00752	0.00493	0.00381	0.00149	0.00433	0.00356	0.00339	0.00608
14	0.00956	0.00923	0.01583	0.62691	0.10032	0.01111	0.06970	0.01261	0.00963	0.01269	0.00845	0.01249	0.00654	0.00496	0.00569	0.00162	0.07056	0.00435	0.00216	0.00559
15	0.00695	0.00463	0.00521	0.00521	0.00521	0.00463	0.00290	0.00695	0.00695	0.00927	0.01506	0.03128	0.01738	0.83203	0.02433	0.00463	0.00463	0.00695	0.00290	0.00290
16	0.01271	0.70307	0.05492	0.03730	0.01345	0.05315	0.00876	0.01494	0.04246	0.01182	0.00735	0.00841	0.00649	0.00427	0.00332	0.00110	0.00533	0.00280	0.00218	0.00618
17	0.08122	0.01210	0.05282	0.00996	0.01352	0.01240	0.00845	0.45842	0.11819	0.08212	0.07433	0.01415	0.01177	0.00596	0.00468	0.00146	0.00469	0.00462	0.00459	0.02454

[dist]
# distance from previous block
# <min> <max>
0	2

[block]
# block no. 3 follows, 53 sequences, length 19
# corresponding to MSA columns:
# 272-290
name=unknown_D
#
# <colnr> <probs for GDERKNQSTAVLIFYWHMCP>
#	G	D	E	R	K	N	Q	S	T	A	V	L	I	F	Y	W	H	M	C	P
0	0.03213	0.07213	0.06234	0.01382	0.14589	0.32459	0.00982	0.08416	0.04043	0.07661	0.01107	0.08526	0.00960	0.00584	0.00455	0.00139	0.00634	0.00454	0.00314	0.00636
1	0.83264	0.04133	0.00773	0.00636	0.00936	0.01104	0.00529	0.01406	0.00820	0.02105	0.00665	0.00776	0.00521	0.00442	0.00296	0.00146	0.00375	0.00259	0.00292	0.00521
2	0.00634	0.00454	0.00548	0.00601	0.00658	0.00431	0.00403	0.00744	0.02398	0.01231	0.04718	0.44075	0.15512	0.18033	0.02797	0.00251	0.00330	0.01072	0.04727	0.00383
3	0.00901	0.00787	0.01187	0.48964	0.04576	0.00878	0.01013	0.01203	0.03514	0.02792	0.04330	0.01796	0.11255	0.00585	0.00472	0.00146	0.00506	0.00505	0.03302	0.11289
4	0.00676	0.00489	0.00639	0.00601	0.00714	0.00451	0.00451	0.00902	0.01353	0.01917	0.79969	0.03570	0.04510	0.00977	0.00564	0.00150	0.00225	0.00864	0.00526	0.00451
5	0.00991	0.00850	0.00991	0.00708	0.01133	0.00637	0.00566	0.01203	0.00991	0.01557	0.00850	0.00991	0.00708	0.00354	0.00354	0.00071	0.00354	0.00283	0.00283	0.86124
6	0.01049	0.01054	0.01512	0.01282	0.01299	0.01455	0.03811	0.01164	0.00746	0.01164	0.00640	0.01054	0.00631	0.00821	0.01533	0.00207	0.79417	0.00423	0.00210	0.00527
7	0.00565	0.00484	0.00484	0.00484	0.00646	0.00403	0.00363	0.00686	0.01089	0.01291	0.04842	0.04600	0.80027	0.01210	0.00565	0.00161	0.00242	0.01009	0.00444	0.00403
8	0.86579	0.00924	0.00702	0.00629	0.00924	0.01072	0.00518	0.01405	0.00813	0.02144	0.00666	0.00776	0.00518	0.00444	0.00296	0.00148	0.00370	0.00259	0.00296	0.00518
9	0.00830	0.00415	0.00623	0.00623	0.00623	0.00415	0.00415	0.00623	0.00623	0.00830	0.00830	0.01453	0.00830	0.01660	0.01868	0.86094	0.00415	0.00415	0.00208	0.00208
10	0.01785	0.02278	0.01354	0.01231	0.01478	0.81284	0.00924	0.01909	0.01354	0.01170	0.00739	0.00862	0.00616	0.00493	0.00431	0.00123	0.00862	0.00308	0.00246	0.00554
11	0.09367	0.03799	0.02609	0.00866	0.01209	0.06070	0.00720	0.04542	0.04145	0.54854	0.02866	0.04400	0.01178	0.00603	0.00461	0.00147	0.00438	0.00478	0.00509	0.00739
12	0.00595	0.00431	0.00562	0.00645	0.00693	0.00398	0.00440	0.00700	0.00988	0.01323	0.13690	0.66761	0.08194	0.01406	0.00601	0.00186	0.00268	0.01267	0.00455	0.00398
13	0.01172	0.07896	0.10814	0.01728	0.10526	0.04070	0.39227	0.03499	0.01118	0.04614	0.01097	0.04080	0.02843	0.00506	0.00562	0.00154	0.04663	0.00517	0.00265	0.00648
14	0.00697	0.00589	0.00736	0.00664	0.00844	0.00533	0.05149	0.00939	0.06692	0.01463	0.16899	0.10806	0.41502	0.04032	0.00617	0.00168	0.00302	0.00896	0.00433	0.06040
15	0.06352	0.01089	0.06154	0.10204	0.21965	0.01070	0.03780	0.03315	0.24132	0.13284	0.02932	0.01451	0.01065	0.00537	0.00472	0.00152	0.00493	0.00467	0.00371	0.00715
16	0.01165	0.01218	0.05804	0.08496	0.50894	0.03798	0.09490	0.03623	0.02885	0.01541	0.00927	0.01208	0.00757	0.00538	0.02664	0.00165	0.03441	0.00438	0.00246	0.00704
17	0.07255	0.54580	0.11742	0.00882	0.01316	0.03818	0.00895	0.04203	0.01023	0.01355	0.00725	0.00835	0.00622	0.00420	0.00338	0.00111	0.00520	0.00278	0.00229	0.08852
18	0.01660	0.01212	0.01311	0.01034	0.01390	0.01328	0.00844	0.54838	0.17448	0.07424	0.01420	0.01372	0.02647	0.00596	0.00478	0.00146	0.00478	0.00463	0.00480	0.03432

[dist]
# distance from previous block
# <min> <max>
0	1

[block]
# block no. 4 follows, 53 sequences, length 6
# corresponding to MSA columns:
# 292-297
name=unknown_E
#
# <colnr> <probs for GDERKNQSTAVLIFYWHMCP>
#	G	D	E	R	K	N	Q	S	T	A	V	L	I	F	Y	W	H	M	C	P
0	0.25181	0.06173	0.12319	0.01126	0.03110	0.02774	0.15470	0.05037	0.07094	0.05236	0.02639	0.02812	0.00850	0.00489	0.00423	0.00143	0.00524	0.00410	0.00308	0.07880
1	0.00574	0.00450	0.00520	0.00575	0.00670	0.00396	0.00404	0.00676	0.01002	0.01255	0.03731	0.43993	0.41351	0.01355	0.00588	0.00178	0.00260	0.01185	0.00444	0.00396
2	0.00610	0.00436	0.00586	0.00697	0.00737	0.00412	0.00492	0.00713	0.00942	0.01251	0.02619	0.71493	0.03101	0.01471	0.00617	0.00198	0.00301	0.12484	0.00443	0.00396
3	0.01377	0.40105	0.07454	0.01161	0.04372	0.07863	0.10361	0.07495	0.01146	0.08251	0.00870	0.00990	0.00697	0.00473	0.00468	0.00129	0.05514	0.00353	0.00268	0.00651
4	0.32103	0.38191	0.05737	0.00847	0.01218	0.01416	0.06711	0.01415	0.00930	0.01584	0.00751	0.00883	0.00623	0.00432	0.00332	0.00126	0.00475	0.00297	0.05351	0.00576
5	0.00891	0.00543	0.00681	0.00632	0.00790	0.00489	0.00487	0.01071	0.01232	0.14101	0.38462	0.03636	0.21584	0.05957	0.00672	0.00177	0.00291	0.07323	0.00495	0.00486

[dist]
# distance from previous block
# <min> <max>
5	44

[block]
# block no. 5 follows, 53 sequences, length 6
# corresponding to MSA columns:
# 343-348
name=unknown_F
#
# <colnr> <probs for GDERKNQSTAVLIFYWHMCP>
#	G	D	E	R	K	N	Q	S	T	A	V	L	I	F	Y	W	H	M	C	P
0	0.00687	0.00494	0.00678	0.00678	0.00732	0.00549	0.00485	0.00796	0.00742	0.01043	0.01362	0.02333	0.01393	0.32586	0.52577	0.00657	0.00983	0.00579	0.00268	0.00377
1	0.00653	0.00449	0.00549	0.00590	0.00605	0.00445	0.00366	0.00695	0.00780	0.01045	0.01902	0.32101	0.02221	0.48298	0.06864	0.00385	0.00448	0.00925	0.00344	0.00334
2	0.00642	0.00462	0.00608	0.00625	0.00706	0.00428	0.00448	0.00816	0.01193	0.01663	0.51799	0.32463	0.04019	0.01167	0.00581	0.00166	0.00244	0.01044	0.00496	0.00428
3	0.01130	0.31077	0.01843	0.01096	0.01245	0.01620	0.00963	0.01253	0.00819	0.01141	0.00641	0.00944	0.00622	0.00681	0.01109	0.00170	0.52526	0.00359	0.00207	0.00556
4	0.01817	0.01339	0.01434	0.01100	0.01482	0.01482	0.00908	0.78627	0.02247	0.03012	0.01148	0.01148	0.00813	0.00574	0.00478	0.00143	0.00526	0.00430	0.00478	0.00813
5	0.00641	0.00499	0.00649	0.00649	0.00756	0.00518	0.00492	0.00782	0.00880	0.01164	0.02592	0.02950	0.29945	0.07863	0.46802	0.00527	0.00849	0.00705	0.00327	0.00409

[dist]
# distance from previous block
# <min> <max>
1	2

[block]
# block no. 6 follows, 53 sequences, length 58
# corresponding to MSA columns:
# 351-391,405-421
name=unknown_G
#
# <colnr> <probs for GDERKNQSTAVLIFYWHMCP>
#	G	D	E	R	K	N	Q	S	T	A	V	L	I	F	Y	W	H	M	C	P
0	0.02050	0.00793	0.01076	0.00832	0.01187	0.00686	0.00685	0.02235	0.01362	0.75575	0.05308	0.01770	0.02908	0.00621	0.00486	0.00148	0.00396	0.00508	0.00586	0.00790
1	0.00798	0.00637	0.00736	0.00762	0.00888	0.02703	0.00591	0.01172	0.15507	0.01494	0.11663	0.18655	0.11829	0.06869	0.00714	0.00204	0.00362	0.23493	0.00444	0.00478
2	0.01011	0.00999	0.07292	0.00802	0.01250	0.00709	0.02695	0.03035	0.01025	0.01587	0.00860	0.01004	0.00703	0.00368	0.00370	0.00081	0.00397	0.00299	0.00280	0.75231
3	0.01657	0.09988	0.01490	0.01049	0.01416	0.01478	0.00874	0.58019	0.14712	0.02647	0.01227	0.01211	0.00897	0.00569	0.00461	0.00142	0.00500	0.00430	0.00450	0.00783
4	0.01207	0.39280	0.15224	0.00950	0.01359	0.12258	0.00940	0.01436	0.01049	0.01309	0.05634	0.01034	0.00867	0.00468	0.00408	0.00115	0.02948	0.00326	0.00241	0.12948
5	0.01408	0.18228	0.33290	0.01134	0.02988	0.01149	0.04274	0.03623	0.01151	0.25288	0.02330	0.01202	0.00852	0.00495	0.00439	0.00140	0.00567	0.00391	0.00334	0.00717
6	0.01785	0.02278	0.01354	0.01231	0.01478	0.81284	0.00924	0.01909	0.01354	0.01170	0.00739	0.00862	0.00616	0.00493	0.00431	0.00123	0.00862	0.00308	0.00246	0.00554
7	0.01163	0.01189	0.06510	0.20158	0.44711	0.04075	0.02787	0.07504	0.01147	0.01565	0.00930	0.01264	0.00759	0.00494	0.00505	0.01852	0.00598	0.01856	0.00252	0.00682
8	0.01152	0.49916	0.32837	0.01084	0.03608	0.01568	0.01203	0.01464	0.00989	0.01287	0.00746	0.00872	0.00614	0.00427	0.00368	0.00122	0.00588	0.00298	0.00204	0.00653
9	0.00830	0.00415	0.00623	0.00623	0.00623	0.00415	0.00415	0.00623	0.00623	0.00830	0.00830	0.01453	0.00830	0.01660	0.01868	0.86094	0.00415	0.00415	0.00208	0.00208
10	0.00628	0.00487	0.00571	0.00550	0.00684	0.00430	0.00412	0.00807	0.01237	0.01642	0.47038	0.04022	0.37612	0.01079	0.00564	0.00155	0.00233	0.00928	0.00490	0.00430
11	0.01392	0.01025	0.01134	0.00953	0.01215	0.01113	0.00751	0.50929	0.03696	0.02394	0.01660	0.28249	0.01607	0.00882	0.00522	0.00161	0.00440	0.00741	0.00467	0.00671
12	0.01923	0.01169	0.01329	0.01019	0.01397	0.01230	0.00842	0.53917	0.01962	0.28125	0.01387	0.01303	0.00933	0.00580	0.00479	0.00145	0.00487	0.00447	0.00515	0.00813
13	0.01102	0.00945	0.01001	0.00907	0.01158	0.01074	0.00703	0.02275	0.67581	0.01935	0.07502	0.02138	0.08151	0.00717	0.00498	0.00161	0.00357	0.00601	0.00486	0.00707
14	0.07002	0.00617	0.00616	0.00563	0.00729	0.00652	0.00437	0.11204	0.04172	0.01975	0.01459	0.01630	0.01131	0.00555	0.00356	0.00120	0.00278	0.00434	0.65561	0.00510
15	0.01487	0.06798	0.14962	0.01388	0.08281	0.45144	0.04091	0.03116	0.05698	0.01352	0.00850	0.00987	0.00682	0.00491	0.00470	0.00135	0.02848	0.00351	0.00252	0.00619
16	0.00683	0.00512	0.00768	0.00768	0.00853	0.00597	0.00597	0.00853	0.00768	0.01110	0.01280	0.01878	0.01195	0.03585	0.81308	0.00768	0.01280	0.00512	0.00256	0.00427
17	0.80686	0.00917	0.00731	0.00644	0.00945	0.01046	0.00531	0.01469	0.00852	0.07617	0.00751	0.00836	0.00564	0.00454	0.00309	0.00148	0.00372	0.00274	0.00316	0.00538
18	0.23676	0.40709	0.11533	0.00857	0.01250	0.02764	0.02278	0.01458	0.04272	0.01521	0.04042	0.01026	0.01998	0.00470	0.00351	0.00127	0.00488	0.00323	0.00258	0.00595
19	0.01396	0.18057	0.24769	0.01266	0.06977	0.15370	0.01178	0.20384	0.03245	0.01757	0.00898	0.01000	0.00690	0.00484	0.00429	0.00134	0.00634	0.00354	0.00287	0.00692
20	0.00695	0.00463	0.00521	0.00521	0.00521	0.00463	0.00290	0.00695	0.00695	0.00927	0.01506	0.03128	0.01738	0.83203	0.02433	0.00463	0.00463	0.00695	0.00290	0.00290
21	0.00589	0.00485	0.00517	0.00509	0.00660	0.00414	0.00382	0.00732	0.01145	0.01424	0.20802	0.04381	0.63984	0.01161	0.00565	0.00159	0.00239	0.00978	0.00461	0.00414
22	0.02017	0.01019	0.01236	0.00948	0.01322	0.01007	0.00783	0.32130	0.01711	0.50267	0.01597	0.01440	0.01039	0.00585	0.00480	0.00146	0.00453	0.00461	0.00547	0.00813
23	0.01848	0.01196	0.01335	0.01034	0.01405	0.01283	0.00851	0.55801	0.07427	0.20743	0.01373	0.01302	0.00943	0.00583	0.00479	0.00146	0.00488	0.00450	0.00505	0.00809
24	0.00622	0.00482	0.00567	0.00556	0.00684	0.00426	0.00413	0.00794	0.01210	0.01602	0.42651	0.09544	0.36502	0.01113	0.00567	0.00158	0.00236	0.00960	0.00485	0.00426
25	0.02785	0.01122	0.01768	0.35855	0.07165	0.04274	0.19922	0.14726	0.04617	0.01674	0.00972	0.01247	0.00728	0.00480	0.00494	0.00154	0.00647	0.00457	0.00281	0.00631
26	0.00989	0.00918	0.01538	0.43362	0.31057	0.01027	0.01311	0.01283	0.01022	0.01371	0.01072	0.01741	0.00937	0.00561	0.00498	0.00160	0.00588	0.09716	0.00249	0.00602
27	0.86579	0.00924	0.00702	0.00629	0.00924	0.01072	0.00518	0.01405	0.00813	0.02144	0.00666	0.00776	0.00518	0.00444	0.00296	0.00148	0.00370	0.00259	0.00296	0.00518
28	0.01727	0.02256	0.07087	0.01236	0.01520	0.72419	0.00984	0.04839	0.01364	0.01266	0.00763	0.00884	0.00623	0.00493	0.00434	0.00126	0.00838	0.00316	0.00252	0.00575
29	0.00658	0.00488	0.00613	0.00582	0.00703	0.00443	0.00437	0.00867	0.01310	0.01814	0.67636	0.03739	0.16907	0.01015	0.00564	0.00152	0.00228	0.00888	0.00513	0.00443
30	0.01016	0.01060	0.05726	0.01248	0.01369	0.01250	0.09036	0.04150	0.00876	0.01295	0.00905	0.01471	0.00858	0.01132	0.11101	0.00268	0.50798	0.05658	0.00244	0.00539
31	0.05711	0.00818	0.01092	0.00841	0.01208	0.00718	0.00695	0.02290	0.01345	0.77240	0.01834	0.01591	0.01155	0.00585	0.00473	0.00148	0.00405	0.00471	0.00579	0.00801
32	0.00763	0.00561	0.00687	0.00642	0.00777	0.00554	0.00486	0.01145	0.12207	0.01919	0.63747	0.03199	0.03861	0.00903	0.00537	0.00149	0.00247	0.00791	0.06333	0.00493
33	0.01128	0.01289	0.02820	0.02015	0.02498	0.01209	0.78485	0.01531	0.01128	0.01531	0.00967	0.01289	0.00725	0.00403	0.00564	0.00161	0.00806	0.00564	0.00242	0.00645
34	0.00705	0.00460	0.00528	0.00528	0.00528	0.00460	0.00298	0.00690	0.00690	0.00920	0.01459	0.03011	0.01674	0.77512	0.02393	0.06440	0.00460	0.00676	0.00284	0.00284
35	0.01046	0.01046	0.01464	0.01255	0.01255	0.01464	0.01046	0.01150	0.00732	0.01150	0.00627	0.01046	0.00627	0.00837	0.01569	0.00209	0.82328	0.00418	0.00209	0.00523
36	0.00991	0.00850	0.00991	0.00708	0.01133	0.00637	0.00566	0.01203	0.00991	0.01557	0.00850	0.00991	0.00708	0.00354	0.00354	0.00071	0.00354	0.00283	0.00283	0.86124
37	0.00959	0.02472	0.80726	0.01362	0.02069	0.01110	0.01766	0.01514	0.01009	0.01514	0.00858	0.01009	0.00605	0.00454	0.00454	0.00151	0.00706	0.00353	0.00202	0.00706
38	0.01183	0.01136	0.01940	0.02934	0.80221	0.01136	0.01467	0.01467	0.01088	0.01562	0.00899	0.01183	0.00757	0.00426	0.00473	0.00142	0.00568	0.00426	0.00237	0.00757
39	0.01817	0.01339	0.01434	0.01100	0.01482	0.01482	0.00908	0.78627	0.02247	0.03012	0.01148	0.01148	0.00813	0.00574	0.00478	0.00143	0.00526	0.00430	0.00478	0.00813
40	0.86579	0.00924	0.00702	0.00629	0.00924	0.01072	0.00518	0.01405	0.00813	0.02144	0.00666	0.00776	0.00518	0.00444	0.00296	0.00148	0.00370	0.00259	0.00296	0.00518
41	0.01450	0.36579	0.12820	0.00882	0.01288	0.01244	0.00875	0.01678	0.01145	0.26980	0.09481	0.01376	0.01209	0.00535	0.00411	0.00129	0.00474	0.00407	0.00363	0.00674
42	0.00952	0.00669	0.00827	0.00791	0.03755	0.00670	0.00579	0.01433	0.19594	0.09536	0.47353	0.02930	0.07258	0.00855	0.00534	0.00153	0.00292	0.00743	0.00508	0.00566
43	0.86579	0.00924	0.00702	0.00629	0.00924	0.01072	0.00518	0.01405	0.00813	0.02144	0.00666	0.00776	0.00518	0.00444	0.00296	0.00148	0.00370	0.00259	0.00296	0.00518
44	0.00582	0.00416	0.00555	0.00666	0.00693	0.00388	0.00444	0.00666	0.00915	0.01220	0.02634	0.82891	0.03161	0.01497	0.00610	0.00194	0.00277	0.01359	0.00444	0.00388
45	0.04395	0.19498	0.01624	0.01018	0.01393	0.04901	0.00866	0.51404	0.04521	0.04311	0.01053	0.01073	0.00782	0.00533	0.00433	0.00134	0.00524	0.00386	0.00405	0.00746
46	0.00611	0.00483	0.00539	0.00530	0.00661	0.00423	0.00389	0.00757	0.01145	0.01470	0.29292	0.06032	0.47859	0.06863	0.00696	0.00180	0.00253	0.00948	0.00460	0.00411
47	0.00595	0.00430	0.00545	0.00629	0.00671	0.00399	0.00419	0.00677	0.00923	0.01215	0.04750	0.63760	0.11658	0.09977	0.00794	0.00217	0.00291	0.01238	0.00430	0.00381
48	0.01045	0.00967	0.04371	0.53203	0.11584	0.01078	0.03738	0.03209	0.01009	0.05843	0.00910	0.01261	0.00692	0.00533	0.00592	0.02395	0.06317	0.00429	0.00244	0.00581
49	0.12699	0.01110	0.01358	0.52348	0.08168	0.13975	0.01162	0.01374	0.01010	0.01363	0.00810	0.01134	0.00626	0.00472	0.00445	0.00151	0.00632	0.00383	0.00231	0.00549
50	0.00695	0.00465	0.00530	0.00530	0.00533	0.00468	0.00301	0.00701	0.00698	0.00933	0.01498	0.03083	0.01718	0.80331	0.05277	0.00474	0.00493	0.00688	0.00288	0.00295
51	0.00582	0.00416	0.00555	0.00666	0.00693	0.00388	0.00444	0.00666	0.00915	0.01220	0.02634	0.82891	0.03161	0.01497	0.00610	0.00194	0.00277	0.01359	0.00444	0.00388
52	0.11399	0.13676	0.08949	0.00997	0.01286	0.14218	0.03417	0.12185	0.01155	0.01602	0.00978	0.04766	0.00856	0.02312	0.08718	0.00211	0.07853	0.00415	0.04429	0.00580
53	0.11991	0.03517	0.01020	0.00725	0.01124	0.00773	0.00588	0.02780	0.03997	0.05428	0.00917	0.01020	0.00734	0.00394	0.00358	0.00090	0.00368	0.00301	0.00308	0.63567
54	0.03351	0.04511	0.12252	0.01861	0.33675	0.19125	0.01215	0.07950	0.01243	0.04125	0.04261	0.01241	0.00902	0.00499	0.00458	0.00140	0.00621	0.01606	0.00281	0.00682
55	0.01513	0.01156	0.04358	0.05914	0.03983	0.01221	0.00908	0.41830	0.09698	0.08689	0.01258	0.04344	0.00968	0.00693	0.00641	0.06151	0.05069	0.00475	0.00419	0.00710
56	0.07768	0.01231	0.05536	0.01192	0.07539	0.04252	0.04551	0.32257	0.06234	0.11748	0.01161	0.01217	0.00849	0.00629	0.03147	0.00162	0.02075	0.00418	0.00398	0.07636
57	0.14744	0.03058	0.03995	0.06917	0.04147	0.02256	0.04050	0.08912	0.07027	0.15273	0.10377	0.05013	0.05520	0.00725	0.01692	0.00164	0.01522	0.03589	0.00404	0.00616

[dist]
# distance from previous block
# <min> <max>
1	25

[block]
# block no. 7 follows, 53 sequences, length 30
# corresponding to MSA columns:
# 447-476
name=unknown_H
#
# <colnr> <probs for GDERKNQSTAVLIFYWHMCP>
#	G	D	E	R	K	N	Q	S	T	A	V	L	I	F	Y	W	H	M	C	P
0	0.00910	0.00864	0.01478	0.79479	0.03266	0.01067	0.03809	0.01231	0.00961	0.01231	0.00853	0.01275	0.00640	0.00475	0.00481	0.00159	0.00643	0.00429	0.00213	0.00535
1	0.00676	0.00489	0.00639	0.00601	0.00714	0.00451	0.00451	0.00902	0.01353	0.01917	0.79969	0.03570	0.04510	0.00977	0.00564	0.00150	0.00225	0.00864	0.00526	0.00451
2	0.00565	0.00484	0.00484	0.00484	0.00646	0.00403	0.00363	0.00686	0.01089	0.01291	0.04842	0.04600	0.80027	0.01210	0.00565	0.00161	0.00242	0.01009	0.00444	0.00403
3	0.02144	0.00813	0.01109	0.00850	0.01220	0.00702	0.00702	0.02329	0.01368	0.80552	0.01886	0.01627	0.01183	0.00592	0.00481	0.00148	0.00407	0.00481	0.00592	0.00813
4	0.00891	0.00445	0.00445	0.00445	0.00557	0.00445	0.00334	0.01114	0.01002	0.01782	0.01559	0.01782	0.01225	0.00557	0.00334	0.00111	0.00223	0.00445	0.85856	0.00445
5	0.00582	0.00416	0.00555	0.00666	0.00693	0.00388	0.00444	0.00666	0.00915	0.01220	0.02634	0.82891	0.03161	0.01497	0.00610	0.00194	0.00277	0.01359	0.00444	0.00388
6	0.01278	0.83490	0.02505	0.00818	0.01227	0.01891	0.00818	0.01431	0.00971	0.01125	0.00664	0.00767	0.00613	0.00409	0.00307	0.00102	0.00511	0.00256	0.00204	0.00613
7	0.00676	0.00489	0.00639	0.00601	0.00714	0.00451	0.00451	0.00902	0.01353	0.01917	0.79969	0.03570	0.04510	0.00977	0.00564	0.00150	0.00225	0.00864	0.00526	0.00451
8	0.00903	0.00850	0.01434	0.82054	0.03292	0.01062	0.01327	0.01221	0.00956	0.01221	0.00850	0.01274	0.00637	0.00478	0.00478	0.00159	0.00637	0.00425	0.00212	0.00531
9	0.01681	0.01034	0.01182	0.00963	0.01297	0.01097	0.00777	0.22109	0.32544	0.29363	0.01719	0.01565	0.01197	0.00610	0.00482	0.00152	0.00426	0.00491	0.00521	0.00791
10	0.01761	0.06231	0.01410	0.01211	0.01465	0.77419	0.00918	0.01885	0.01336	0.01168	0.00735	0.00857	0.00616	0.00488	0.00425	0.00122	0.00845	0.00305	0.00244	0.00557
11	0.01278	0.83490	0.02505	0.00818	0.01227	0.01891	0.00818	0.01431	0.00971	0.01125	0.00664	0.00767	0.00613	0.00409	0.00307	0.00102	0.00511	0.00256	0.00204	0.00613
12	0.01368	0.01338	0.03339	0.06434	0.44655	0.13998	0.04333	0.09381	0.01246	0.05692	0.00941	0.01153	0.00748	0.00474	0.00501	0.00143	0.02854	0.00414	0.00278	0.00709
13	0.86579	0.00924	0.00702	0.00629	0.00924	0.01072	0.00518	0.01405	0.00813	0.02144	0.00666	0.00776	0.00518	0.00444	0.00296	0.00148	0.00370	0.00259	0.00296	0.00518
14	0.01303	0.79537	0.02449	0.00838	0.01239	0.05756	0.00823	0.01454	0.00990	0.01127	0.00668	0.00771	0.00613	0.00413	0.00313	0.00103	0.00528	0.00258	0.00206	0.00610
15	0.00582	0.00416	0.00555	0.00666	0.00693	0.00388	0.00444	0.00666	0.00915	0.01220	0.02634	0.82891	0.03161	0.01497	0.00610	0.00194	0.00277	0.01359	0.00444	0.00388
16	0.00676	0.00489	0.00639	0.00601	0.00714	0.00451	0.00451	0.00902	0.01353	0.01917	0.79969	0.03570	0.04510	0.00977	0.00564	0.00150	0.00225	0.00864	0.00526	0.00451
17	0.00676	0.00489	0.00639	0.00601	0.00714	0.00451	0.00451	0.00902	0.01353	0.01917	0.79969	0.03570	0.04510	0.00977	0.00564	0.00150	0.00225	0.00864	0.00526	0.00451
18	0.01189	0.01027	0.01081	0.00973	0.01243	0.01189	0.00757	0.02540	0.79357	0.01999	0.01945	0.01783	0.01459	0.00648	0.00486	0.00162	0.00378	0.00540	0.00486	0.00757
19	0.01183	0.01136	0.01940	0.02934	0.80221	0.01136	0.01467	0.01467	0.01088	0.01562	0.00899	0.01183	0.00757	0.00426	0.00473	0.00142	0.00568	0.00426	0.00237	0.00757
20	0.86579	0.00924	0.00702	0.00629	0.00924	0.01072	0.00518	0.01405	0.00813	0.02144	0.00666	0.00776	0.00518	0.00444	0.00296	0.00148	0.00370	0.00259	0.00296	0.00518
21	0.01278	0.83490	0.02505	0.00818	0.01227	0.01891	0.00818	0.01431	0.00971	0.01125	0.00664	0.00767	0.00613	0.00409	0.00307	0.00102	0.00511	0.00256	0.00204	0.00613
22	0.01178	0.01293	0.02720	0.01948	0.02424	0.01229	0.72855	0.07126	0.01209	0.01639	0.00980	0.01279	0.00732	0.00415	0.00558	0.00160	0.00785	0.00554	0.00259	0.00657
23	0.00683	0.00512	0.00768	0.00768	0.00853	0.00597	0.00597	0.00853	0.00768	0.01110	0.01280	0.01878	0.01195	0.03585	0.81308	0.00768	0.01280	0.00512	0.00256	0.00427
24	0.01278	0.83490	0.02505	0.00818	0.01227	0.01891	0.00818	0.01431	0.00971	0.01125	0.00664	0.00767	0.00613	0.00409	0.00307	0.00102	0.00511	0.00256	0.00204	0.00613
25	0.00676	0.00489	0.00639	0.00601	0.00714	0.00451	0.00451	0.00902	0.01353	0.01917	0.79969	0.03570	0.04510	0.00977	0.00564	0.00150	0.00225	0.00864	0.00526	0.00451
26	0.00903	0.00850	0.01434	0.82054	0.03292	0.01062	0.01327	0.01221	0.00956	0.01221	0.00850	0.01274	0.00637	0.00478	0.00478	0.00159	0.00637	0.00425	0.00212	0.00531
27	0.01011	0.15737	0.67920	0.01273	0.01931	0.01238	0.01611	0.01500	0.01003	0.01450	0.00826	0.00969	0.00607	0.00447	0.00430	0.00143	0.00674	0.00337	0.00202	0.00691
28	0.01199	0.01209	0.01757	0.03158	0.09016	0.07945	0.16844	0.04876	0.02819	0.03340	0.00821	0.01134	0.00700	0.00652	0.01043	0.00179	0.42015	0.00445	0.00250	0.00598
29	0.05452	0.05078	0.01215	0.02692	0.01321	0.01264	0.00791	0.18589	0.51575	0.04311	0.01627	0.01535	0.01210	0.00606	0.00466	0.00154	0.00422	0.00486	0.00459	0.00747

[dist]
# distance from previous block
# <min> <max>
4	12

[block]
# block no. 8 follows, 53 sequences, length 71
# corresponding to MSA columns:
# 490-560
name=unknown_I
#
# <colnr> <probs for GDERKNQSTAVLIFYWHMCP>
#	G	D	E	R	K	N	Q	S	T	A	V	L	I	F	Y	W	H	M	C	P
0	0.00676	0.00489	0.00639	0.00601	0.00714	0.00451	0.00451	0.00902	0.01353	0.01917	0.79969	0.03570	0.04510	0.00977	0.00564	0.00150	0.00225	0.00864	0.00526	0.00451
1	0.00903	0.00850	0.01434	0.82054	0.03292	0.01062	0.01327	0.01221	0.00956	0.01221	0.00850	0.01274	0.00637	0.00478	0.00478	0.00159	0.00637	0.00425	0.00212	0.00531
2	0.01753	0.02286	0.04467	0.01236	0.01501	0.78140	0.00957	0.01893	0.01341	0.01183	0.00743	0.00868	0.00615	0.00491	0.00432	0.00124	0.00856	0.00310	0.00245	0.00560
3	0.00582	0.00416	0.00555	0.00666	0.00693	0.00388	0.00444	0.00666	0.00915	0.01220	0.02634	0.82891	0.03161	0.01497	0.00610	0.00194	0.00277	0.01359	0.00444	0.00388
4	0.86579	0.00924	0.00702	0.00629	0.00924	0.01072	0.00518	0.01405	0.00813	0.02144	0.00666	0.00776	0.00518	0.00444	0.00296	0.00148	0.00370	0.00259	0.00296	0.00518
5	0.01171	0.01118	0.01905	0.02873	0.77868	0.01118	0.01446	0.01453	0.01089	0.01558	0.00948	0.01308	0.00816	0.00452	0.00479	0.00144	0.00564	0.02700	0.00243	0.00748
6	0.00991	0.00850	0.00991	0.00708	0.01133	0.00637	0.00566	0.01203	0.00991	0.01557	0.00850	0.00991	0.00708	0.00354	0.00354	0.00071	0.00354	0.00283	0.00283	0.86124
7	0.00676	0.00489	0.00639	0.00601	0.00714	0.00451	0.00451	0.00902	0.01353	0.01917	0.79969	0.03570	0.04510	0.00977	0.00564	0.00150	0.00225	0.00864	0.00526	0.00451
8	0.01097	0.36519	0.46074	0.01148	0.01724	0.01441	0.03095	0.01479	0.00996	0.01350	0.00779	0.00913	0.00611	0.00434	0.00395	0.00131	0.00627	0.00317	0.00204	0.00666
9	0.00582	0.00416	0.00555	0.00666	0.00693	0.00388	0.00444	0.00666	0.00915	0.01220	0.02634	0.82891	0.03161	0.01497	0.00610	0.00194	0.00277	0.01359	0.00444	0.00388
10	0.02144	0.00813	0.01109	0.00850	0.01220	0.00702	0.00702	0.02329	0.01368	0.80552	0.01886	0.01627	0.01183	0.00592	0.00481	0.00148	0.00407	0.00481	0.00592	0.00813
11	0.54068	0.01003	0.02249	0.08446	0.01293	0.01106	0.00700	0.14820	0.01133	0.09963	0.00890	0.00976	0.00647	0.00484	0.00365	0.00148	0.00431	0.00328	0.00347	0.00602
12	0.01112	0.01196	0.02445	0.17558	0.07734	0.01185	0.55737	0.04171	0.01131	0.01525	0.00946	0.01274	0.00713	0.00425	0.00538	0.00159	0.00748	0.00523	0.00244	0.00636
13	0.00683	0.00512	0.00768	0.00768	0.00853	0.00597	0.00597	0.00853	0.00768	0.01110	0.01280	0.01878	0.01195	0.03585	0.81308	0.00768	0.01280	0.00512	0.00256	0.00427
14	0.00686	0.00498	0.00699	0.00699	0.00760	0.00560	0.00511	0.00809	0.00748	0.01058	0.01344	0.02228	0.01347	0.25901	0.59200	0.00683	0.01051	0.00563	0.00265	0.00388
15	0.01058	0.03634	0.12056	0.02103	0.47237	0.01026	0.02379	0.03152	0.02695	0.01548	0.03249	0.03899	0.10036	0.00598	0.00490	0.00149	0.00526	0.03202	0.00285	0.00678
16	0.01212	0.63820	0.16290	0.00992	0.01459	0.01709	0.06099	0.01452	0.00988	0.01220	0.00718	0.00844	0.00619	0.00416	0.00350	0.00115	0.00565	0.00293	0.00206	0.00632
17	0.86579	0.00924	0.00702	0.00629	0.00924	0.01072	0.00518	0.01405	0.00813	0.02144	0.00666	0.00776	0.00518	0.00444	0.00296	0.00148	0.00370	0.00259	0.00296	0.00518
18	0.02144	0.00813	0.01109	0.00850	0.01220	0.00702	0.00702	0.02329	0.01368	0.80552	0.01886	0.01627	0.01183	0.00592	0.00481	0.00148	0.00407	0.00481	0.00592	0.00813
19	0.01278	0.83490	0.02505	0.00818	0.01227	0.01891	0.00818	0.01431	0.00971	0.01125	0.00664	0.00767	0.00613	0.00409	0.00307	0.00102	0.00511	0.00256	0.00204	0.00613
20	0.00959	0.02472	0.80726	0.01362	0.02069	0.01110	0.01766	0.01514	0.01009	0.01514	0.00858	0.01009	0.00605	0.00454	0.00454	0.00151	0.00706	0.00353	0.00202	0.00706
