[name]
unknown

[dist]
# distance from previous block
# <min> <max>
119	408

[block]
# block no. 0 follows, 43 sequences, length 7
# corresponding to MSA columns:
# 482-488
name=unknown_A
#
# <colnr> <probs for GDERKNQSTAVLIFYWHMCP>
#	G	D	E	R	K	N	Q	S	T	A	V	L	I	F	Y	W	H	M	C	P
0	0.01419	0.01094	0.01287	0.00957	0.01399	0.00981	0.00777	0.13963	0.01406	0.07951	0.01117	0.01241	0.00877	0.00516	0.00550	0.00115	0.06319	0.00386	0.00388	0.57258
1	0.01254	0.01361	0.02787	0.02034	0.02523	0.01291	0.57892	0.01664	0.01264	0.01744	0.01227	0.01816	0.01016	0.00571	0.00701	0.00185	0.05094	0.06290	0.00301	0.08987
2	0.50450	0.01027	0.00980	0.00801	0.01192	0.01051	0.00656	0.01806	0.01119	0.18127	0.01112	0.01157	0.00806	0.00529	0.00401	0.00153	0.00434	0.00360	0.00412	0.17427
3	0.01016	0.00794	0.00975	0.00878	0.01114	0.00735	0.00678	0.07621	0.01254	0.01773	0.05635	0.25223	0.02259	0.04858	0.03500	0.00213	0.02914	0.10313	0.00436	0.27812
4	0.00939	0.00481	0.00715	0.00725	0.00728	0.00479	0.00484	0.00725	0.00748	0.00997	0.01126	0.07848	0.01174	0.01909	0.02050	0.77316	0.00468	0.00567	0.00262	0.00257
5	0.09023	0.00644	0.00756	0.00788	0.00908	0.00636	0.00573	0.04017	0.01143	0.01653	0.06653	0.37278	0.05314	0.13167	0.00968	0.00257	0.00401	0.10912	0.00468	0.04442
6	0.01295	0.01332	0.02473	0.05937	0.02344	0.01418	0.41161	0.07328	0.01260	0.01756	0.01058	0.01448	0.00852	0.00842	0.05965	0.00240	0.19118	0.00580	0.00294	0.03299

[dist]
# distance from previous block
# <min> <max>
4	9

[block]
# block no. 1 follows, 43 sequences, length 9
# corresponding to MSA columns:
# 508-516
name=unknown_B
#
# <colnr> <probs for GDERKNQSTAVLIFYWHMCP>
#	G	D	E	R	K	N	Q	S	T	A	V	L	I	F	Y	W	H	M	C	P
0	0.04236	0.01168	0.01893	0.01424	0.01826	0.01121	0.26365	0.09264	0.01324	0.05186	0.01330	0.09218	0.01180	0.03993	0.00742	0.00178	0.06156	0.00621	0.00364	0.22410
1	0.01133	0.01114	0.01755	0.58908	0.03303	0.05511	0.07827	0.01452	0.01114	0.01416	0.00969	0.01442	0.00755	0.00641	0.00726	0.04061	0.06515	0.00498	0.00251	0.00610
2	0.01293	0.00952	0.01132	0.00852	0.01283	0.00770	0.00678	0.04249	0.03130	0.10485	0.06800	0.05138	0.01362	0.00573	0.00467	0.00111	0.00410	0.00475	0.00412	0.59427
3	0.01415	0.01049	0.01309	0.00962	0.01421	0.00890	0.03467	0.06984	0.01308	0.12512	0.01171	0.01281	0.00903	0.00496	0.00516	0.00112	0.04148	0.00392	0.00389	0.59276
4	0.00784	0.00545	0.00656	0.00665	0.00698	0.00555	0.00419	0.00836	0.00869	0.01164	0.02046	0.08736	0.07031	0.55887	0.16299	0.00556	0.00678	0.00844	0.00353	0.00381
5	0.09675	0.00873	0.01131	0.01006	0.01223	0.02386	0.08324	0.09140	0.01300	0.01877	0.07465	0.36344	0.05482	0.01163	0.00643	0.00193	0.02327	0.02271	0.00458	0.06718
6	0.10056	0.01232	0.01643	0.01222	0.01690	0.01177	0.15009	0.18496	0.05639	0.02284	0.01138	0.01281	0.00877	0.00509	0.00491	0.00137	0.00560	0.00443	0.00385	0.35732
7	0.00854	0.00648	0.00920	0.00895	0.00975	0.00771	0.00690	0.01027	0.00895	0.01322	0.01452	0.02216	0.01382	0.11501	0.57007	0.00732	0.09601	0.00599	0.06021	0.00491
8	0.01296	0.01068	0.01423	0.01035	0.01507	0.00895	0.08430	0.04637	0.01242	0.06832	0.01081	0.01243	0.00860	0.00469	0.00512	0.00109	0.03920	0.00391	0.00352	0.62696

[dist]
# distance from previous block
# <min> <max>
1	6

[block]
# block no. 2 follows, 43 sequences, length 7
# corresponding to MSA columns:
# 523-529
name=unknown_C
#
# <colnr> <probs for GDERKNQSTAVLIFYWHMCP>
#	G	D	E	R	K	N	Q	S	T	A	V	L	I	F	Y	W	H	M	C	P
0	0.50208	0.01073	0.00978	0.00860	0.01187	0.03276	0.00706	0.08099	0.03234	0.11392	0.06122	0.01774	0.01282	0.00686	0.00454	0.00178	0.00462	0.06924	0.00438	0.00666
1	0.01289	0.01084	0.01186	0.00902	0.01323	0.03911	0.00710	0.13148	0.01373	0.01992	0.01207	0.06331	0.01080	0.04832	0.00585	0.00131	0.00466	0.00461	0.00375	0.57615
2	0.00779	0.00542	0.00685	0.00708	0.00739	0.00562	0.00460	0.00847	0.00872	0.01189	0.01908	0.16749	0.02141	0.46821	0.22041	0.00574	0.00744	0.00886	0.00357	0.00397
3	0.15000	0.01102	0.01315	0.00998	0.01437	0.03704	0.07560	0.04549	0.01238	0.08701	0.01168	0.04628	0.00959	0.00530	0.00457	0.00126	0.00492	0.00436	0.00374	0.45226
4	0.01186	0.00862	0.01119	0.09828	0.05329	0.00918	0.00832	0.17298	0.01400	0.05137	0.01989	0.24847	0.02059	0.13152	0.06424	0.00297	0.00581	0.05686	0.00446	0.00610
5	0.07166	0.01034	0.01200	0.00930	0.01323	0.00957	0.00747	0.08090	0.04104	0.06775	0.01233	0.06261	0.01056	0.00605	0.00578	0.00129	0.07490	0.00460	0.00385	0.49474
6	0.01441	0.00833	0.01071	0.00950	0.01188	0.00835	0.00775	0.06489	0.04044	0.24589	0.15082	0.05893	0.11710	0.01067	0.00741	0.00198	0.07479	0.14370	0.00561	0.00684

[dist]
# distance from previous block
# <min> <max>
32	68

[block]
# block no. 3 follows, 43 sequences, length 8
# corresponding to MSA columns:
# 599-606
name=unknown_D
#
# <colnr> <probs for GDERKNQSTAVLIFYWHMCP>
#	G	D	E	R	K	N	Q	S	T	A	V	L	I	F	Y	W	H	M	C	P
0	0.05462	0.06931	0.01532	0.01076	0.01494	0.01132	0.07420	0.16119	0.01464	0.07318	0.03143	0.06967	0.01175	0.00625	0.00537	0.00139	0.03099	0.00514	0.00405	0.33447
1	0.41926	0.05112	0.03801	0.00905	0.01279	0.01239	0.00777	0.09118	0.01221	0.07677	0.03556	0.01192	0.00899	0.00577	0.00509	0.00160	0.05918	0.00383	0.00380	0.13372
2	0.01161	0.06578	0.01087	0.00886	0.01138	0.00981	0.00692	0.01879	0.30852	0.07996	0.09727	0.13066	0.19648	0.01040	0.00596	0.00185	0.00384	0.00880	0.00536	0.00688
3	0.11455	0.58120	0.08185	0.01048	0.01534	0.01951	0.04440	0.05046	0.01183	0.01601	0.00829	0.00959	0.00713	0.00491	0.00390	0.00134	0.00606	0.00331	0.00266	0.00718
4	0.01551	0.19801	0.02113	0.01548	0.08883	0.13349	0.08828	0.11793	0.06734	0.01784	0.01039	0.01252	0.00863	0.00724	0.02801	0.00188	0.15233	0.00455	0.00321	0.00738
5	0.21094	0.09761	0.07196	0.13190	0.14827	0.05961	0.07421	0.09157	0.01291	0.01984	0.00955	0.01191	0.00751	0.00539	0.00515	0.00168	0.02538	0.00427	0.00308	0.00726
6	0.07624	0.03575	0.03893	0.02340	0.41015	0.09435	0.01364	0.08305	0.06121	0.06437	0.01152	0.01344	0.00912	0.00564	0.00571	0.00167	0.03541	0.00470	0.00344	0.00826
7	0.06178	0.06788	0.03874	0.01745	0.12711	0.04389	0.16792	0.01524	0.01129	0.01637	0.03101	0.05409	0.01142	0.00748	0.00917	0.00191	0.23033	0.03890	0.00301	0.04500

[dist]
# distance from previous block
# <min> <max>
1	20

[block]
# block no. 4 follows, 43 sequences, length 80
# corresponding to MSA columns:
# 632-649,652,654-673,679-711,713-720
name=unknown_E
#
# <colnr> <probs for GDERKNQSTAVLIFYWHMCP>
#	G	D	E	R	K	N	Q	S	T	A	V	L	I	F	Y	W	H	M	C	P
0	0.01882	0.05347	0.06372	0.01173	0.01602	0.03918	0.07466	0.12104	0.10794	0.32506	0.01875	0.01791	0.04002	0.00666	0.00545	0.00168	0.00556	0.00553	0.04148	0.02533
1	0.01632	0.03030	0.03519	0.01000	0.01346	0.01046	0.00823	0.14701	0.16364	0.23104	0.11828	0.07885	0.05250	0.00836	0.00572	0.00173	0.00452	0.00696	0.00566	0.05177
2	0.09602	0.01080	0.01210	0.01102	0.05203	0.06516	0.02911	0.08134	0.11765	0.15973	0.17582	0.05153	0.03584	0.03766	0.00641	0.00184	0.00482	0.00666	0.00510	0.03936
3	0.10816	0.01866	0.01371	0.01239	0.03245	0.39776	0.00934	0.11722	0.06453	0.05881	0.05580	0.01602	0.05855	0.00676	0.00516	0.00158	0.00727	0.00487	0.00398	0.00696
4	0.01424	0.11011	0.36296	0.01750	0.10636	0.13433	0.10294	0.01859	0.01275	0.05506	0.01029	0.01209	0.00775	0.00525	0.00522	0.00164	0.00799	0.00434	0.00275	0.00783
5	0.02914	0.13313	0.09488	0.07270	0.03882	0.01402	0.34591	0.03221	0.01262	0.03991	0.04414	0.04048	0.01094	0.00579	0.00615	0.00173	0.03677	0.00579	0.00308	0.03177
6	0.01198	0.00883	0.03492	0.00925	0.01143	0.00833	0.00721	0.18015	0.03334	0.08083	0.08042	0.40155	0.05932	0.01244	0.00635	0.00195	0.00415	0.01089	0.00530	0.03135
7	0.01433	0.55314	0.21564	0.01143	0.01689	0.07781	0.01233	0.01725	0.01170	0.01420	0.00833	0.00967	0.00709	0.00494	0.00409	0.00135	0.00680	0.00329	0.00240	0.00733
8	0.02151	0.03966	0.01372	0.01027	0.01429	0.00977	0.02627	0.07390	0.09478	0.54445	0.06056	0.02008	0.03042	0.00716	0.00559	0.00172	0.00478	0.00589	0.00630	0.00891
9	0.00962	0.00481	0.00722	0.00722	0.00722	0.00481	0.00481	0.00722	0.00722	0.00962	0.00962	0.01684	0.00962	0.01924	0.02165	0.83886	0.00481	0.00481	0.00241	0.00241
10	0.01480	0.01227	0.01306	0.01147	0.01474	0.01403	0.00907	0.15096	0.60392	0.02487	0.02127	0.02124	0.01629	0.00771	0.00571	0.00187	0.00470	0.03771	0.00560	0.00872
11	0.02485	0.00943	0.01285	0.00985	0.01414	0.00814	0.00814	0.02699	0.01585	0.77465	0.02185	0.01885	0.01371	0.00685	0.00557	0.00171	0.00471	0.00557	0.00685	0.00943
12	0.01197	0.01187	0.01656	0.01422	0.01422	0.01653	0.01179	0.01313	0.00847	0.01323	0.00765	0.01302	0.00775	0.03936	0.01855	0.00253	0.76577	0.00497	0.00246	0.00596
13	0.01293	0.01236	0.02107	0.21576	0.59514	0.01295	0.01661	0.01631	0.01224	0.01715	0.01028	0.01396	0.00844	0.00508	0.00550	0.00169	0.00677	0.00493	0.00267	0.00814
14	0.01544	0.01212	0.01301	0.01133	0.01469	0.01373	0.00892	0.11090	0.62093	0.08188	0.02144	0.01969	0.01582	0.00737	0.00562	0.00184	0.00460	0.00606	0.00572	0.00889
15	0.01222	0.19549	0.56994	0.01399	0.02111	0.01445	0.01728	0.01741	0.01184	0.03942	0.03217	0.01218	0.00857	0.00538	0.00494	0.00163	0.00743	0.00407	0.00259	0.00790
16	0.01758	0.03614	0.04675	0.01113	0.01498	0.01263	0.00927	0.09257	0.42182	0.24363	0.02052	0.01873	0.01458	0.00706	0.00553	0.00178	0.00484	0.00575	0.00574	0.00894
17	0.84448	0.01071	0.00814	0.00728	0.01071	0.01242	0.00600	0.01628	0.00943	0.02485	0.00771	0.00900	0.00600	0.00514	0.00343	0.00171	0.00428	0.00300	0.00343	0.00600
18	0.01255	0.00761	0.00892	0.00786	0.01015	0.03518	0.00609	0.01526	0.04389	0.20920	0.38038	0.03615	0.18373	0.01039	0.00620	0.00175	0.00352	0.00885	0.00596	0.00635
19	0.00742	0.00557	0.00687	0.00670	0.00806	0.00502	0.00497	0.00958	0.01445	0.01967	0.52376	0.11407	0.22845	0.01255	0.00658	0.00182	0.00272	0.01096	0.00577	0.00502
20	0.00791	0.00593	0.00890	0.00890	0.00989	0.00692	0.00692	0.00989	0.00890	0.01286	0.01483	0.02176	0.01385	0.04154	0.78341	0.00890	0.01483	0.00593	0.00297	0.00494
21	0.00791	0.00593	0.00890	0.00890	0.00989	0.00692	0.00692	0.00989	0.00890	0.01286	0.01483	0.02176	0.01385	0.04154	0.78341	0.00890	0.01483	0.00593	0.00297	0.00494
22	0.00791	0.00593	0.00890	0.00890	0.00989	0.00692	0.00692	0.00989	0.00890	0.01286	0.01483	0.02176	0.01385	0.04154	0.78341	0.00890	0.01483	0.00593	0.00297	0.00494
23	0.02069	0.02640	0.01569	0.01427	0.01712	0.78313	0.01070	0.02212	0.01569	0.01355	0.00856	0.00999	0.00713	0.00571	0.00499	0.00143	0.00999	0.00357	0.00285	0.00642
24	0.02350	0.01159	0.01419	0.01088	0.01522	0.01135	0.00899	0.28477	0.01947	0.51176	0.01881	0.01688	0.01218	0.00678	0.00556	0.00170	0.00520	0.00536	0.00639	0.00942
25	0.00753	0.00550	0.00700	0.00748	0.00839	0.00515	0.00531	0.03061	0.01284	0.01732	0.25547	0.45876	0.11279	0.01484	0.00682	0.00205	0.00312	0.02868	0.00544	0.00489
26	0.01378	0.01190	0.01252	0.01127	0.01440	0.01378	0.00877	0.02943	0.76081	0.02317	0.02254	0.02066	0.01691	0.00751	0.00564	0.00188	0.00438	0.00626	0.00564	0.00877
27	0.78628	0.01074	0.00889	0.04216	0.03193	0.01244	0.00670	0.01621	0.00958	0.02420	0.00788	0.00937	0.00613	0.00515	0.00357	0.00172	0.00448	0.00313	0.00337	0.00608
28	0.01123	0.02414	0.57799	0.04024	0.06668	0.01254	0.08745	0.01689	0.01206	0.01772	0.05914	0.01414	0.01019	0.00566	0.00570	0.00177	0.02113	0.00479	0.00265	0.00786
29	0.02105	0.01551	0.01662	0.01274	0.01717	0.01717	0.01053	0.75235	0.02604	0.03490	0.01330	0.01330	0.00942	0.00665	0.00554	0.00166	0.00609	0.00499	0.00554	0.00942
30	0.01378	0.01190	0.01252	0.01127	0.01440	0.01378	0.00877	0.02943	0.76081	0.02317	0.02254	0.02066	0.01691	0.00751	0.00564	0.00188	0.00438	0.00626	0.00564	0.00877
31	0.00791	0.00593	0.00890	0.00890	0.00989	0.00692	0.00692	0.00989	0.00890	0.01286	0.01483	0.02176	0.01385	0.04154	0.78341	0.00890	0.01483	0.00593	0.00297	0.00494
32	0.01251	0.18957	0.46864	0.01573	0.02259	0.03768	0.14449	0.01751	0.01196	0.01651	0.00965	0.01162	0.00728	0.00506	0.00512	0.00164	0.00796	0.00426	0.00244	0.00778
33	0.01331	0.01282	0.02208	0.12280	0.66377	0.01308	0.03750	0.01668	0.01244	0.01762	0.01037	0.01387	0.00860	0.00500	0.00552	0.00167	0.00675	0.00498	0.00271	0.00843
34	0.01148	0.00984	0.01148	0.00820	0.01312	0.00738	0.00656	0.01395	0.01148	0.01805	0.00984	0.01148	0.00820	0.00410	0.00410	0.00082	0.00410	0.00328	0.00328	0.83922
35	0.01735	0.01038	0.01262	0.00970	0.01385	0.00941	0.00784	0.13717	0.02878	0.28002	0.01606	0.06719	0.01232	0.00656	0.00546	0.00142	0.02689	0.00527	0.00501	0.32669
36	0.63545	0.03784	0.02552	0.00797	0.01143	0.03764	0.00671	0.05740	0.01102	0.04565	0.00934	0.01055	0.00717	0.00539	0.00374	0.00165	0.00458	0.00340	0.07125	0.00631
37	0.00804	0.00544	0.00641	0.00641	0.00653	0.00557	0.00381	0.00829	0.00816	0.01101	0.01712	0.03439	0.01933	0.70748	0.12497	0.00582	0.00658	0.00778	0.00331	0.00356
38	0.05375	0.01294	0.04870	0.10893	0.50510	0.03203	0.01493	0.02840	0.01248	0.01779	0.01389	0.01739	0.06378	0.00607	0.00576	0.00172	0.02289	0.02259	0.00300	0.00784
39	0.69997	0.01081	0.02963	0.02294	0.01162	0.01182	0.00666	0.03159	0.01032	0.04260	0.03762	0.04524	0.00937	0.00599	0.00389	0.00174	0.00439	0.00399	0.00368	0.00612
40	0.01111	0.02865	0.77667	0.01579	0.02397	0.01286	0.02046	0.01754	0.01169	0.01754	0.00994	0.01169	0.00702	0.00526	0.00526	0.00175	0.00818	0.00409	0.00234	0.00818
41	0.01423	0.01017	0.01208	0.00907	0.01345	0.00864	0.00728	0.09899	0.01364	0.12923	0.01319	0.06140	0.01087	0.00573	0.00499	0.00117	0.02268	0.00461	0.00415	0.55444
42	0.07168	0.35820	0.27495	0.01206	0.01737	0.04658	0.01311	0.01729	0.01142	0.05014	0.00909	0.01060	0.00732	0.00550	0.00551	0.00155	0.07393	0.00364	0.00266	0.00738
43	0.01406	0.01438	0.02232	0.09632	0.55730	0.09048	0.09006	0.01734	0.01283	0.01726	0.01026	0.01355	0.00845	0.00504	0.00554	0.00166	0.00727	0.00496	0.00273	0.00818
44	0.00893	0.00602	0.00778	0.00716	0.00878	0.00544	0.00541	0.01139	0.01520	0.06775	0.63430	0.06761	0.07879	0.01111	0.00640	0.00173	0.00283	0.00977	0.00596	0.03765
45	0.01681	0.01059	0.01245	0.01006	0.01373	0.01057	0.00808	0.13480	0.19160	0.23912	0.06169	0.02018	0.05491	0.00799	0.02317	0.00178	0.02306	0.00582	0.00544	0.14817
46	0.01524	0.00872	0.01087	0.00954	0.01228	0.00865	0.00770	0.07902	0.13789	0.25289	0.22422	0.05058	0.02766	0.00971	0.00620	0.00189	0.00423	0.11930	0.00603	0.00740
47	0.01305	0.01474	0.03174	0.02335	0.05653	0.01380	0.70341	0.01761	0.01301	0.01776	0.01114	0.01480	0.00841	0.00466	0.00643	0.00183	0.00910	0.00639	0.00281	0.02943
48	0.01354	0.01045	0.01229	0.02793	0.01427	0.00867	0.00734	0.09831	0.01345	0.07653	0.01113	0.01232	0.00873	0.00463	0.00441	0.00101	0.00445	0.00369	0.00378	0.66307
49	0.01320	0.01096	0.01144	0.01025	0.01309	0.03695	0.00796	0.05142	0.50714	0.05079	0.13233	0.02584	0.08763	0.00852	0.00582	0.00183	0.00425	0.00712	0.00561	0.00787
50	0.01228	0.01004	0.01172	0.00843	0.01331	0.00777	0.00676	0.04182	0.01217	0.04355	0.01037	0.01179	0.00843	0.00429	0.00420	0.00088	0.00420	0.00342	0.00348	0.78110
51	0.00825	0.00597	0.00737	0.00693	0.00844	0.00552	0.00519	0.01105	0.04271	0.03855	0.57626	0.04199	0.17382	0.03497	0.00712	0.00188	0.00284	0.01000	0.00585	0.00531
52	0.02077	0.01471	0.01599	0.01236	0.01663	0.01610	0.01017	0.67641	0.02479	0.08326	0.01451	0.04307	0.01072	0.00706	0.00560	0.00169	0.00590	0.00543	0.00561	0.00924
53	0.00970	0.00595	0.00816	0.00840	0.00916	0.00610	0.00639	0.01074	0.07602	0.01379	0.05744	0.03214	0.01926	0.01634	0.01489	0.45385	0.00469	0.22187	0.02113	0.00398
54	0.01186	0.13945	0.53478	0.01381	0.02050	0.01371	0.01665	0.04461	0.04587	0.01809	0.06415	0.01489	0.01127	0.00597	0.00518	0.00169	0.00715	0.01963	0.00293	0.00783
55	0.01462	0.09612	0.02078	0.12124	0.37558	0.14480	0.04012	0.04657	0.01315	0.01669	0.01001	0.01302	0.00833	0.00663	0.03447	0.00188	0.02094	0.00459	0.00280	0.00766
56	0.00689	0.00496	0.00636	0.00738	0.00791	0.00459	0.00498	0.00799	0.01100	0.01467	0.06785	0.65701	0.10663	0.03595	0.00744	0.00224	0.00318	0.01465	0.02377	0.00454
57	0.05777	0.01040	0.01214	0.02475	0.01380	0.03256	0.00786	0.11376	0.03885	0.30151	0.08657	0.03730	0.04456	0.00715	0.00556	0.00156	0.02020	0.00573	0.00531	0.17266
58	0.80421	0.01077	0.00835	0.00748	0.01089	0.01249	0.00613	0.01692	0.04585	0.02477	0.00843	0.00956	0.00653	0.00526	0.00353	0.00172	0.00429	0.00316	0.00353	0.00613
59	0.01378	0.01190	0.01252	0.01127	0.01440	0.01378	0.00877	0.02943	0.76081	0.02317	0.02254	0.02066	0.01691	0.00751	0.00564	0.00188	0.00438	0.00626	0.00564	0.00877
60	0.01488	0.77325	0.04354	0.00972	0.01448	0.04115	0.00973	0.01674	0.01138	0.01313	0.00777	0.00897	0.00711	0.00477	0.00362	0.00120	0.00607	0.00300	0.00238	0.00711
61	0.00962	0.00481	0.00722	0.00722	0.00722	0.00481	0.00481	0.00722	0.00722	0.00962	0.00962	0.01684	0.00962	0.01924	0.02165	0.83886	0.00481	0.00481	0.00241	0.00241
62	0.01833	0.01104	0.04205	0.01088	0.01463	0.01038	0.04051	0.12573	0.15619	0.34269	0.11357	0.05383	0.01901	0.00780	0.00579	0.00177	0.00485	0.00659	0.00593	0.00844
63	0.00769	0.00577	0.00701	0.00770	0.00863	0.00552	0.00537	0.04542	0.04072	0.01567	0.03419	0.59135	0.17265	0.01581	0.00684	0.00213	0.00332	0.01408	0.00518	0.00494
64	0.00777	0.00566	0.00731	0.00690	0.00823	0.00520	0.00517	0.01032	0.01552	0.02184	0.73177	0.04198	0.08860	0.01146	0.00653	0.00175	0.00262	0.01010	0.00605	0.00520
65	0.01633	0.01240	0.01367	0.04547	0.01604	0.01396	0.00940	0.19380	0.49027	0.09599	0.01981	0.01855	0.01448	0.00717	0.00560	0.00181	0.00494	0.00585	0.00559	0.00886
66	0.01341	0.01148	0.01225	0.01119	0.01418	0.01322	0.00878	0.02808	0.70478	0.02267	0.02305	0.02379	0.01803	0.00810	0.00579	0.00193	0.00444	0.06074	0.00560	0.00849
67	0.05125	0.04454	0.01607	0.01341	0.01682	0.49809	0.01044	0.24572	0.01851	0.02051	0.00996	0.01093	0.00779	0.00595	0.00506	0.00150	0.00847	0.00396	0.00369	0.00734
68	0.01481	0.80869	0.02902	0.00948	0.01421	0.02191	0.00948	0.01658	0.01125	0.01303	0.00770	0.00888	0.00711	0.00474	0.00355	0.00118	0.00592	0.00296	0.00237	0.00711
69	0.84448	0.01071	0.00814	0.00728	0.01071	0.01242	0.00600	0.01628	0.00943	0.02485	0.00771	0.00900	0.00600	0.00514	0.00343	0.00171	0.00428	0.00300	0.00343	0.00600
70	0.01334	0.01299	0.02280	0.10594	0.63627	0.01315	0.08026	0.01679	0.01250	0.01768	0.01043	0.01392	0.00861	0.00497	0.00558	0.00168	0.00690	0.00507	0.00272	0.00841
71	0.01347	0.01307	0.02101	0.07658	0.65291	0.04344	0.01604	0.01667	0.01276	0.01781	0.03994	0.01565	0.01076	0.00545	0.00555	0.00167	0.00658	0.01941	0.00291	0.00831
72	0.00792	0.00591	0.00877	0.00877	0.00971	0.00685	0.00676	0.00981	0.00886	0.01276	0.01495	0.02242	0.01413	0.07667	0.74868	0.00874	0.01440	0.00603	0.00298	0.00487
73	0.00791	0.00593	0.00890	0.00890	0.00989	0.00692	0.00692	0.00989	0.00890	0.01286	0.01483	0.02176	0.01385	0.04154	0.78341	0.00890	0.01483	0.00593	0.00297	0.00494
74	0.00803	0.00610	0.00912	0.00906	0.01002	0.00720	0.00707	0.00998	0.00889	0.01287	0.01463	0.02149	0.01366	0.04066	0.76237	0.00872	0.03629	0.00590	0.00295	0.00498
75	0.01924	0.21912	0.01898	0.01309	0.01641	0.59560	0.01040	0.02075	0.01460	0.01343	0.00835	0.00972	0.00713	0.00547	0.00464	0.00137	0.00899	0.00342	0.00273	0.00659
76	0.04154	0.01764	0.01460	0.01255	0.01584	0.29109	0.00983	0.17735	0.22415	0.08751	0.01452	0.01447	0.01087	0.00664	0.00579	0.00167	0.03663	0.00482	0.00454	0.00794
77	0.01386	0.01273	0.02161	0.09767	0.67915	0.01289	0.01652	0.01714	0.01260	0.04698	0.01081	0.01400	0.00884	0.00506	0.00549	0.00166	0.00658	0.00496	0.00288	0.00857
78	0.01456	0.01392	0.01486	0.01281	0.01610	0.11226	0.08276	0.04423	0.54632	0.02140	0.01966	0.03383	0.01525	0.00729	0.00570	0.00183	0.00563	0.01841	0.00498	0.00821
79	0.01373	0.01399	0.04467	0.03234	0.68324	0.02878	0.06732	0.01717	0.01268	0.01796	0.01042	0.01366	0.00866	0.00494	0.00554	0.00166	0.00688	0.00499	0.00274	0.00862

[dist]
# distance from previous block
# <min> <max>
0	48

[block]
# block no. 5 follows, 43 sequences, length 14
# corresponding to MSA columns:
# 769-782
name=unknown_F
#
# <colnr> <probs for GDERKNQSTAVLIFYWHMCP>
#	G	D	E	R	K	N	Q	S	T	A	V	L	I	F	Y	W	H	M	C	P
0	0.00921	0.00634	0.00789	0.00769	0.00918	0.00608	0.00568	0.01261	0.09263	0.07058	0.37412	0.24446	0.10707	0.01249	0.00652	0.00190	0.00312	0.01102	0.00575	0.00564
1	0.02056	0.01527	0.01634	0.01264	0.01699	0.01694	0.01041	0.70323	0.07596	0.03411	0.01392	0.01380	0.00993	0.00671	0.00555	0.00168	0.00598	0.00507	0.00555	0.00937
2	0.01968	0.01419	0.01516	0.01177	0.01580	0.01564	0.00968	0.65776	0.02419	0.03308	0.01391	0.01424	0.01003	0.00662	0.00533	0.00161	0.00564	0.00501	0.11179	0.00887
3	0.00962	0.00481	0.00722	0.00722	0.00722	0.00481	0.00481	0.00722	0.00722	0.00962	0.00962	0.01684	0.00962	0.01924	0.02165	0.83886	0.00481	0.00481	0.00241	0.00241
4	0.01302	0.01480	0.03191	0.02291	0.02824	0.01415	0.71442	0.01752	0.01285	0.01752	0.01101	0.01480	0.00835	0.00492	0.00711	0.00189	0.04794	0.00645	0.00278	0.00740
5	0.00692	0.00549	0.00621	0.00632	0.00778	0.00479	0.00463	0.00856	0.01308	0.01671	0.23747	0.17528	0.45941	0.01388	0.00663	0.00190	0.00282	0.01193	0.00539	0.00479
6	0.01148	0.00984	0.01148	0.00820	0.01312	0.00738	0.00656	0.01395	0.01148	0.01805	0.00984	0.01148	0.00820	0.00410	0.00410	0.00082	0.00410	0.00328	0.00328	0.83922
7	0.03231	0.01345	0.01344	0.01097	0.01471	0.14929	0.03155	0.13600	0.06996	0.15300	0.04520	0.01935	0.04052	0.00689	0.00532	0.00153	0.00573	0.05013	0.00464	0.19601
8	0.01138	0.08564	0.72204	0.01532	0.02326	0.01352	0.01966	0.01747	0.01166	0.01721	0.00978	0.01149	0.00702	0.00522	0.00514	0.00171	0.00802	0.00401	0.00234	0.00811
9	0.00774	0.00562	0.00728	0.00694	0.00823	0.00517	0.00518	0.01022	0.01533	0.02155	0.70505	0.07447	0.08304	0.01170	0.00656	0.00177	0.00265	0.01033	0.00601	0.00517
10	0.03539	0.01102	0.03705	0.03713	0.08812	0.01072	0.00958	0.05304	0.23186	0.32122	0.02036	0.03550	0.02794	0.00721	0.00555	0.00177	0.00490	0.01926	0.03383	0.00854
11	0.01158	0.12875	0.68072	0.01498	0.02272	0.01402	0.01905	0.01742	0.01164	0.01696	0.00965	0.01133	0.00703	0.00519	0.00504	0.00168	0.00789	0.00395	0.00234	0.00805
12	0.00739	0.00544	0.00770	0.00830	0.00893	0.00514	0.03778	0.00841	0.01054	0.01398	0.02841	0.59028	0.05738	0.09267	0.00966	0.03468	0.00386	0.06020	0.00476	0.00448
13	0.05456	0.01103	0.03974	0.30601	0.25637	0.02744	0.01344	0.01490	0.01203	0.04037	0.04846	0.07109	0.03965	0.00709	0.00566	0.00181	0.00623	0.03398	0.00328	0.00688

[dist]
# distance from previous block
# <min> <max>
15	21

[block]
# block no. 6 follows, 43 sequences, length 6
# corresponding to MSA columns:
# 818-823
name=unknown_G
#
# <colnr> <probs for GDERKNQSTAVLIFYWHMCP>
#	G	D	E	R	K	N	Q	S	T	A	V	L	I	F	Y	W	H	M	C	P
0	0.00915	0.00864	0.06370	0.00925	0.01135	0.00733	0.04539	0.05801	0.06548	0.01766	0.12379	0.31545	0.13311	0.05502	0.00763	0.00214	0.00420	0.02698	0.00485	0.03086
1	0.12960	0.04659	0.06193	0.01048	0.01433	0.08403	0.00890	0.10202	0.21319	0.11320	0.01857	0.01807	0.07662	0.00688	0.00510	0.00165	0.00527	0.00529	0.00463	0.07364
2	0.01428	0.31169	0.35946	0.01320	0.01912	0.16344	0.01460	0.01807	0.01230	0.01514	0.00886	0.01035	0.00707	0.00516	0.00459	0.00148	0.00771	0.00358	0.00245	0.00746
3	0.01342	0.01334	0.02094	0.10042	0.56198	0.06718	0.05331	0.01653	0.01258	0.01713	0.01158	0.06478	0.01032	0.00584	0.00561	0.00170	0.00682	0.00562	0.00288	0.00802
4	0.57257	0.03603	0.08695	0.00868	0.01249	0.01225	0.00788	0.06797	0.01147	0.05005	0.04914	0.04305	0.01026	0.00611	0.00415	0.00172	0.00474	0.00421	0.00376	0.00651
5	0.01539	0.01340	0.07827	0.01085	0.01487	0.01254	0.00937	0.37560	0.06765	0.02646	0.09624	0.02028	0.06803	0.04544	0.00659	0.00177	0.00526	0.00591	0.00489	0.12120

[dist]
# distance from previous block
# <min> <max>
0	3

[block]
# block no. 7 follows, 43 sequences, length 19
# corresponding to MSA columns:
# 847-850,860-874
name=unknown_H
#
# <colnr> <probs for GDERKNQSTAVLIFYWHMCP>
#	G	D	E	R	K	N	Q	S	T	A	V	L	I	F	Y	W	H	M	C	P
0	0.01932	0.09425	0.03519	0.01257	0.01657	0.20756	0.01039	0.39395	0.08203	0.04012	0.01325	0.01349	0.02377	0.00641	0.00523	0.00158	0.00687	0.00466	0.00452	0.00828
1	0.00831	0.00540	0.00689	0.00752	0.00846	0.00492	0.00527	0.00949	0.01145	0.07562	0.05219	0.54746	0.15495	0.04526	0.00766	0.00226	0.00338	0.03336	0.00524	0.00492
2	0.01956	0.13213	0.01734	0.01200	0.01593	0.16371	0.00985	0.38191	0.05484	0.08846	0.01288	0.01369	0.00976	0.03616	0.00600	0.00170	0.00659	0.00464	0.00460	0.00825
3	0.01911	0.00988	0.01309	0.01256	0.10671	0.00943	0.00882	0.03727	0.13947	0.43796	0.02362	0.02247	0.08848	0.03734	0.00651	0.00188	0.00475	0.00629	0.00582	0.00854
4	0.01188	0.01008	0.01170	0.00839	0.01329	0.00779	0.00673	0.04445	0.01209	0.01874	0.00999	0.01156	0.00825	0.00421	0.00416	0.00086	0.00418	0.00335	0.00337	0.80493
5	0.02485	0.00943	0.01285	0.00985	0.01414	0.00814	0.00814	0.02699	0.01585	0.77465	0.02185	0.01885	0.01371	0.00685	0.00557	0.00171	0.00471	0.00557	0.00685	0.00943
6	0.01032	0.00625	0.00747	0.00685	0.00871	0.00552	0.00511	0.01202	0.01346	0.14979	0.25020	0.05909	0.31995	0.10977	0.00905	0.00225	0.00341	0.00978	0.00550	0.00550
7	0.01729	0.11678	0.04111	0.01486	0.01874	0.29750	0.16174	0.09737	0.06106	0.05377	0.01154	0.03242	0.00929	0.00607	0.00581	0.00162	0.03740	0.00488	0.00346	0.00731
8	0.01342	0.01465	0.10656	0.01160	0.01523	0.07723	0.00999	0.02554	0.54299	0.02098	0.02264	0.02141	0.07817	0.00763	0.00561	0.00182	0.00519	0.00623	0.00495	0.00815
9	0.84448	0.01071	0.00814	0.00728	0.01071	0.01242	0.00600	0.01628	0.00943	0.02485	0.00771	0.00900	0.00600	0.00514	0.00343	0.00171	0.00428	0.00300	0.00343	0.00600
10	0.77545	0.01060	0.00854	0.00750	0.01100	0.01206	0.00618	0.01718	0.00997	0.08800	0.00890	0.00983	0.00665	0.00529	0.00361	0.00171	0.00432	0.00322	0.00372	0.00629
11	0.01191	0.01074	0.01664	0.63035	0.03357	0.01330	0.01451	0.10523	0.01270	0.01664	0.01005	0.01436	0.00762	0.00602	0.00660	0.00187	0.07358	0.00492	0.00284	0.00655
12	0.01505	0.59942	0.13421	0.01078	0.01597	0.02004	0.01117	0.10757	0.01314	0.01637	0.00871	0.00983	0.00738	0.00505	0.00404	0.00132	0.00627	0.00337	0.00276	0.00755
13	0.02387	0.01099	0.01382	0.01060	0.01492	0.01046	0.00875	0.21334	0.01847	0.58461	0.01965	0.01742	0.01261	0.00680	0.00556	0.00170	0.00507	0.00542	0.00652	0.00942
14	0.01202	0.00886	0.01240	0.01093	0.01356	0.00885	0.09906	0.01767	0.19870	0.11528	0.05856	0.12727	0.13464	0.01087	0.00646	0.00202	0.00472	0.14618	0.00523	0.00673
15	0.05723	0.01090	0.01241	0.00976	0.01376	0.01063	0.00792	0.21000	0.08500	0.23528	0.02088	0.01991	0.10464	0.00712	0.00530	0.00156	0.00466	0.00566	0.00532	0.17205
16	0.03889	0.00618	0.00839	0.10478	0.01220	0.00648	0.00673	0.00935	0.01062	0.01475	0.05300	0.55914	0.02975	0.04715	0.00806	0.00227	0.04180	0.01260	0.00454	0.02331
17	0.01237	0.01250	0.01751	0.49201	0.20332	0.10741	0.01480	0.01565	0.01217	0.01529	0.03808	0.01492	0.00935	0.00563	0.00549	0.00174	0.00734	0.00495	0.00271	0.00675
18	0.05597	0.01250	0.01566	0.01208	0.01642	0.01264	0.09772	0.22503	0.18271	0.09253	0.01478	0.01499	0.01089	0.00594	0.00524	0.00154	0.00541	0.00500	0.00471	0.20824

[dist]
# distance from previous block
# <min> <max>
3	8

[block]
# block no. 8 follows, 43 sequences, length 20
# corresponding to MSA columns:
# 905,906,908-925
name=unknown_I
#
# <colnr> <probs for GDERKNQSTAVLIFYWHMCP>
#	G	D	E	R	K	N	Q	S	T	A	V	L	I	F	Y	W	H	M	C	P
0	0.01932	0.01448	0.01540	0.01182	0.01615	0.03558	0.00965	0.57809	0.02274	0.05235	0.01301	0.01374	0.00960	0.02874	0.00594	0.00163	0.00583	0.00479	0.00510	0.13603
1	0.02105	0.01551	0.01662	0.01274	0.01717	0.01717	0.01053	0.75235	0.02604	0.03490	0.01330	0.01330	0.00942	0.00665	0.00554	0.00166	0.00609	0.00499	0.00554	0.00942
2	0.02391	0.00963	0.01282	0.00997	0.01416	0.00862	0.00819	0.02720	0.07877	0.71118	0.02191	0.01900	0.01398	0.00691	0.00558	0.00173	0.00468	0.00563	0.00675	0.00937
3	0.00675	0.00482	0.00643	0.00771	0.00803	0.00450	0.00514	0.00771	0.01060	0.01414	0.03053	0.80175	0.03663	0.01735	0.00707	0.00225	0.00321	0.01574	0.00514	0.00450
4	0.01481	0.80869	0.02902	0.00948	0.01421	0.02191	0.00948	0.01658	0.01125	0.01303	0.00770	0.00888	0.00711	0.00474	0.00355	0.00118	0.00592	0.00296	0.00237	0.00711
5	0.00708	0.00506	0.00681	0.00809	0.00856	0.00479	0.00572	0.00829	0.01093	0.01451	0.03034	0.68857	0.03590	0.01704	0.00716	0.00230	0.00350	0.12563	0.00513	0.00459
6	0.00705	0.00563	0.00631	0.00614	0.00779	0.00489	0.00460	0.00892	0.01381	0.01778	0.33270	0.04866	0.49021	0.01298	0.00654	0.00182	0.00273	0.01104	0.00551	0.00489
7	0.01371	0.01316	0.02248	0.03399	0.77081	0.01316	0.01700	0.01700	0.01261	0.01809	0.01042	0.01371	0.00877	0.00493	0.00548	0.00164	0.00658	0.00493	0.00274	0.00877
8	0.01356	0.01301	0.02221	0.06903	0.73695	0.01312	0.01692	0.01687	0.01254	0.01791	0.01039	0.01376	0.00871	0.00496	0.00549	0.00165	0.00662	0.00493	0.00273	0.00865
9	0.01371	0.01316	0.02248	0.03399	0.77081	0.01316	0.01700	0.01700	0.01261	0.01809	0.01042	0.01371	0.00877	0.00493	0.00548	0.00164	0.00658	0.00493	0.00274	0.00877
10	0.00675	0.00482	0.00643	0.00771	0.00803	0.00450	0.00514	0.00771	0.01060	0.01414	0.03053	0.80175	0.03663	0.01735	0.00707	0.00225	0.00321	0.01574	0.00514	0.00450
11	0.01283	0.01411	0.02692	0.02016	0.02441	0.05333	0.53104	0.01665	0.01263	0.01686	0.01292	0.02042	0.01120	0.00667	0.00796	0.00200	0.10083	0.09905	0.00305	0.00695
12	0.01440	0.72205	0.11207	0.01018	0.01530	0.02091	0.01070	0.01669	0.01130	0.01353	0.00795	0.00920	0.00710	0.00480	0.00374	0.00125	0.00617	0.00309	0.00237	0.00723
13	0.01984	0.01249	0.01428	0.01102	0.01513	0.01282	0.00898	0.42140	0.02031	0.21929	0.01534	0.01596	0.01106	0.04922	0.03003	0.00199	0.00574	0.00513	0.00542	0.10453
14	0.79145	0.01059	0.00820	0.00736	0.01073	0.01223	0.00603	0.01645	0.03401	0.02449	0.00969	0.01075	0.02998	0.00549	0.00360	0.00172	0.00424	0.00337	0.00355	0.00605
15	0.06056	0.00951	0.01146	0.00979	0.01301	0.00955	0.00784	0.04185	0.22261	0.34397	0.09527	0.07086	0.02031	0.00851	0.00578	0.00184	0.00436	0.04878	0.00602	0.00810
16	0.01276	0.01073	0.01269	0.00925	0.01407	0.00896	0.02645	0.10408	0.03830	0.02025	0.01072	0.01210	0.00865	0.00454	0.00439	0.00098	0.00449	0.00367	0.00362	0.68930
17	0.05659	0.03121	0.01067	0.00872	0.01153	0.00900	0.00694	0.12884	0.06775	0.12665	0.23760	0.06943	0.11119	0.00942	0.00582	0.00172	0.00398	0.02957	0.00544	0.06792
18	0.01667	0.01136	0.01252	0.01067	0.01392	0.03450	0.00842	0.15422	0.32413	0.18922	0.08617	0.07763	0.01912	0.00822	0.00577	0.00181	0.00469	0.00683	0.00581	0.00834
19	0.01760	0.01324	0.01449	0.01127	0.01531	0.01404	0.00918	0.51303	0.05979	0.03022	0.10966	0.01699	0.01509	0.00692	0.00546	0.00156	0.00527	0.00544	0.00529	0.13016

[dist]
# distance from previous block
# <min> <max>
5	14

[block]
# block no. 9 follows, 43 sequences, length 8
# corresponding to MSA columns:
# 1011-1018
name=unknown_J
#
# <colnr> <probs for GDERKNQSTAVLIFYWHMCP>
#	G	D	E	R	K	N	Q	S	T	A	V	L	I	F	Y	W	H	M	C	P
0	0.01341	0.00813	0.00996	0.00889	0.01111	0.00797	0.00680	0.16414	0.01611	0.16647	0.21123	0.27263	0.05707	0.01152	0.00632	0.00189	0.00392	0.01001	0.00579	0.00664
1	0.01824	0.09078	0.01545	0.01267	0.01555	0.61070	0.00970	0.01969	0.01489	0.01370	0.01502	0.01585	0.11179	0.00677	0.00508	0.00147	0.00865	0.00463	0.00313	0.00624
2	0.58036	0.01105	0.00961	0.00849	0.01179	0.01265	0.00685	0.10287	0.11471	0.02509	0.01188	0.06265	0.00989	0.00644	0.00421	0.00177	0.00444	0.00451	0.00409	0.00668
3	0.18424	0.01220	0.01311	0.01054	0.01430	0.01302	0.03228	0.29870	0.11947	0.02604	0.01379	0.04816	0.01124	0.04675	0.00615	0.00179	0.00514	0.00517	0.00457	0.13334
4	0.01380	0.08210	0.05869	0.23253	0.36655	0.01422	0.01520	0.11729	0.01388	0.01888	0.01040	0.01342	0.00825	0.00533	0.00533	0.00167	0.00675	0.00473	0.00300	0.00798
5	0.03562	0.06444	0.01514	0.01126	0.01501	0.11690	0.07231	0.08941	0.07441	0.24442	0.07202	0.02015	0.07887	0.00713	0.00546	0.00162	0.00566	0.00585	0.00495	0.05937
6	0.01147	0.00796	0.00916	0.00863	0.01059	0.02997	0.00652	0.03527	0.15047	0.11635	0.22876	0.22066	0.10095	0.01159	0.00633	0.00191	0.00374	0.02769	0.00565	0.00633
7	0.08454	0.32945	0.42048	0.01261	0.01904	0.01633	0.01495	0.01706	0.01133	0.01642	0.00888	0.01037	0.00696	0.00505	0.00444	0.00153	0.00697	0.00356	0.00244	0.00758

[dist]
# distance from previous block
# <min> <max>
11	18

[block]
# block no. 10 follows, 43 sequences, length 25
# corresponding to MSA columns:
# 1050-1056,1076-1093
name=unknown_K
#
# <colnr> <probs for GDERKNQSTAVLIFYWHMCP>
#	G	D	E	R	K	N	Q	S	T	A	V	L	I	F	Y	W	H	M	C	P
0	0.01888	0.05600	0.04855	0.01411	0.03157	0.52592	0.03260	0.09661	0.03966	0.01672	0.00972	0.01101	0.00781	0.00565	0.00502	0.00145	0.00868	0.00389	0.00320	0.06295
1	0.54465	0.11422	0.08301	0.02688	0.01311	0.01302	0.00810	0.01670	0.01065	0.06695	0.05182	0.01179	0.00934	0.00556	0.00397	0.00165	0.00486	0.00369	0.00352	0.00651
2	0.05900	0.50750	0.07859	0.01039	0.01493	0.11400	0.00999	0.01821	0.01235	0.09202	0.03179	0.01121	0.00905	0.00533	0.00415	0.00135	0.00629	0.00360	0.00305	0.00722
3	0.58936	0.04100	0.00999	0.00797	0.01150	0.01195	0.00660	0.05929	0.01163	0.13797	0.02690	0.01191	0.00874	0.00566	0.00396	0.00167	0.00441	0.00374	0.03905	0.00670
4	0.01838	0.08049	0.02914	0.01294	0.01599	0.53147	0.01014	0.05536	0.03376	0.02884	0.05276	0.02890	0.01081	0.00635	0.00543	0.00148	0.03156	0.00435	0.00331	0.03853
5	0.00935	0.00676	0.02277	0.00888	0.01027	0.00629	0.00710	0.05254	0.01313	0.05117	0.12034	0.31083	0.06665	0.03017	0.00741	0.00227	0.00413	0.25932	0.00526	0.00535
6	0.02080	0.01538	0.01648	0.01269	0.01708	0.01705	0.01046	0.72672	0.05208	0.03449	0.01362	0.01356	0.00968	0.00668	0.00554	0.00167	0.00603	0.00503	0.00554	0.00940
7	0.04072	0.65451	0.13272	0.01041	0.01554	0.03950	0.01094	0.01685	0.01137	0.01405	0.00804	0.00931	0.00706	0.00485	0.00383	0.00129	0.00629	0.00314	0.00241	0.00721
8	0.02024	0.01511	0.01617	0.01258	0.01687	0.01680	0.01033	0.67193	0.10778	0.03360	0.01433	0.01412	0.01025	0.00674	0.00555	0.00169	0.00590	0.00513	0.00555	0.00935
9	0.02052	0.01525	0.01632	0.01263	0.01697	0.01693	0.01040	0.69921	0.08005	0.03404	0.01398	0.01384	0.00997	0.00671	0.00555	0.00168	0.00597	0.00508	0.00555	0.00937
10	0.02105	0.01551	0.01662	0.01274	0.01717	0.01717	0.01053	0.75235	0.02604	0.03490	0.01330	0.01330	0.00942	0.00665	0.00554	0.00166	0.00609	0.00499	0.00554	0.00942
11	0.01507	0.77341	0.02842	0.00969	0.01435	0.05624	0.00953	0.01683	0.01145	0.01305	0.00774	0.00893	0.00711	0.00478	0.00362	0.00120	0.00611	0.00299	0.00239	0.00708
12	0.02105	0.01551	0.01662	0.01274	0.01717	0.01717	0.01053	0.75235	0.02604	0.03490	0.01330	0.01330	0.00942	0.00665	0.00554	0.00166	0.00609	0.00499	0.00554	0.00942
13	0.01202	0.22190	0.59145	0.01422	0.02155	0.01510	0.01774	0.01730	0.01158	0.01642	0.00938	0.01100	0.00704	0.00513	0.00484	0.00161	0.00762	0.00381	0.00235	0.00792
14	0.01450	0.74378	0.09124	0.01000	0.01503	0.02116	0.01039	0.01666	0.01129	0.01341	0.00789	0.00912	0.00710	0.00478	0.00370	0.00123	0.00611	0.00306	0.00237	0.00720
15	0.03267	0.12026	0.42900	0.01252	0.01836	0.01235	0.01446	0.01740	0.05588	0.06795	0.14908	0.01766	0.01625	0.00653	0.00527	0.00168	0.00634	0.00522	0.00354	0.00757
16	0.01316	0.48885	0.30235	0.01169	0.01754	0.01789	0.01333	0.01668	0.01160	0.01507	0.04045	0.01128	0.00897	0.00521	0.00431	0.00142	0.00661	0.00367	0.00251	0.00742
17	0.06559	0.01468	0.01559	0.02818	0.01652	0.05088	0.01022	0.49022	0.06781	0.02877	0.01239	0.01316	0.00924	0.00676	0.00677	0.00171	0.09642	0.00478	0.00476	0.05555
18	0.72124	0.01013	0.00838	0.03730	0.01150	0.01163	0.00627	0.01556	0.01017	0.02415	0.09075	0.01275	0.01110	0.00583	0.00385	0.00172	0.00422	0.00384	0.00368	0.00592
19	0.01148	0.00984	0.01148	0.00820	0.01312	0.00738	0.00656	0.01395	0.01148	0.01805	0.00984	0.01148	0.00820	0.00410	0.00410	0.00082	0.00410	0.00328	0.00328	0.83922
20	0.01685	0.01342	0.01425	0.01189	0.01557	0.01521	0.00951	0.33472	0.45052	0.02812	0.01864	0.01755	0.01374	0.00715	0.00560	0.00179	0.00511	0.00572	0.00560	0.00904
21	0.01355	0.01403	0.05554	0.03126	0.67760	0.04106	0.01639	0.01683	0.01268	0.01777	0.01224	0.01513	0.04035	0.00536	0.00550	0.00165	0.00662	0.00513	0.00283	0.00849
22	0.01111	0.02865	0.77667	0.01579	0.02397	0.01286	0.02046	0.01754	0.01169	0.01754	0.00994	0.01169	0.00702	0.00526	0.00526	0.00175	0.00818	0.00409	0.00234	0.00818
23	0.01192	0.18225	0.55220	0.01492	0.02207	0.01458	0.07523	0.01721	0.01180	0.01676	0.02668	0.01206	0.00816	0.00525	0.00505	0.00165	0.00770	0.00419	0.00247	0.00785
24	0.01006	0.00562	0.00644	0.08635	0.00984	0.00584	0.00516	0.01262	0.01148	0.01947	0.01820	0.08152	0.01526	0.00722	0.00429	0.00142	0.00312	0.00597	0.68490	0.00521

[dist]
# distance from previous block
# <min> <max>
0	3

[block]
# block no. 11 follows, 43 sequences, length 29
# corresponding to MSA columns:
# 1097-1125
name=unknown_L
#
# <colnr> <probs for GDERKNQSTAVLIFYWHMCP>
#	G	D	E	R	K	N	Q	S	T	A	V	L	I	F	Y	W	H	M	C	P
0	0.00805	0.00537	0.00604	0.00604	0.00604	0.00537	0.00336	0.00805	0.00805	0.01074	0.01745	0.03624	0.02013	0.80536	0.02819	0.00537	0.00537	0.00805	0.00336	0.00336
1	0.01356	0.01301	0.02222	0.06758	0.73835	0.01312	0.01693	0.01687	0.01254	0.01792	0.01039	0.01375	0.00871	0.00496	0.00549	0.00165	0.00662	0.00493	0.00273	0.00866
2	0.01183	0.09528	0.68984	0.01507	0.02284	0.01350	0.01915	0.01773	0.01178	0.03937	0.01010	0.01166	0.00722	0.00526	0.00512	0.00170	0.00789	0.00404	0.00247	0.00813
3	0.00892	0.00637	0.00892	0.01020	0.01147	0.00637	0.00892	0.01147	0.01275	0.01657	0.02932	0.06247	0.03187	0.01530	0.00765	0.00255	0.00510	0.73354	0.00510	0.00510
4	0.00675	0.00482	0.00643	0.00771	0.00803	0.00450	0.00514	0.00771	0.01060	0.01414	0.03053	0.80175	0.03663	0.01735	0.00707	0.00225	0.00321	0.01574	0.00514	0.00450
5	0.01371	0.01316	0.02248	0.03399	0.77081	0.01316	0.01700	0.01700	0.01261	0.01809	0.01042	0.01371	0.00877	0.00493	0.00548	0.00164	0.00658	0.00493	0.00274	0.00877
6	0.01111	0.02865	0.77667	0.01579	0.02397	0.01286	0.02046	0.01754	0.01169	0.01754	0.00994	0.01169	0.00702	0.00526	0.00526	0.00175	0.00818	0.00409	0.00234	0.00818
7	0.01068	0.01007	0.01702	0.73979	0.08865	0.01236	0.01549	0.01435	0.01118	0.01442	0.00988	0.01469	0.00748	0.00550	0.00553	0.00183	0.00733	0.00492	0.00248	0.00633
8	0.81080	0.01068	0.00848	0.03898	0.01182	0.01242	0.00638	0.01619	0.00949	0.02442	0.00780	0.00923	0.00605	0.00516	0.00351	0.00172	0.00441	0.00308	0.00339	0.00600
9	0.00752	0.00565	0.00696	0.00663	0.00808	0.00509	0.00498	0.00984	0.01493	0.02043	0.59335	0.04430	0.22790	0.01199	0.00654	0.00177	0.00266	0.01043	0.00586	0.00509
10	0.02422	0.00926	0.01263	0.00978	0.01392	0.00801	0.00804	0.02632	0.01567	0.74805	0.02215	0.04623	0.01451	0.00722	0.00562	0.00173	0.00466	0.00593	0.00679	0.00925
11	0.01148	0.00984	0.01148	0.00820	0.01312	0.00738	0.00656	0.01395	0.01148	0.01805	0.00984	0.01148	0.00820	0.00410	0.00410	0.00082	0.00410	0.00328	0.00328	0.83922
12	0.00805	0.00537	0.00604	0.00604	0.00604	0.00537	0.00336	0.00805	0.00805	0.01074	0.01745	0.03624	0.02013	0.80536	0.02819	0.00537	0.00537	0.00805	0.00336	0.00336
13	0.02105	0.01551	0.01662	0.01274	0.01717	0.01717	0.01053	0.75235	0.02604	0.03490	0.01330	0.01330	0.00942	0.00665	0.00554	0.00166	0.00609	0.00499	0.00554	0.00942
14	0.01371	0.01316	0.02248	0.03399	0.77081	0.01316	0.01700	0.01700	0.01261	0.01809	0.01042	0.01371	0.00877	0.00493	0.00548	0.00164	0.00658	0.00493	0.00274	0.00877
15	0.00962	0.00481	0.00722	0.00722	0.00722	0.00481	0.00481	0.00722	0.00722	0.00962	0.00962	0.01684	0.00962	0.01924	0.02165	0.83886	0.00481	0.00481	0.00241	0.00241
16	0.01155	0.12208	0.68712	0.01503	0.02280	0.01395	0.01915	0.01742	0.01164	0.01700	0.00967	0.01136	0.00703	0.00520	0.00506	0.00169	0.00791	0.00396	0.00234	0.00806
17	0.01359	0.01304	0.02227	0.06051	0.74519	0.01313	0.01694	0.01690	0.01256	0.01796	0.01040	0.01374	0.00872	0.00496	0.00548	0.00165	0.00661	0.00493	0.00273	0.00868
18	0.01097	0.02769	0.74448	0.01542	0.02331	0.01254	0.01982	0.01724	0.01186	0.01773	0.04165	0.01293	0.00891	0.00552	0.00531	0.00175	0.00795	0.00434	0.00250	0.00806
19	0.00675	0.00482	0.00643	0.00771	0.00803	0.00450	0.00514	0.00771	0.01060	0.01414	0.03053	0.80175	0.03663	0.01735	0.00707	0.00225	0.00321	0.01574	0.00514	0.00450
20	0.01148	0.00984	0.01148	0.00820	0.01312	0.00738	0.00656	0.01395	0.01148	0.01805	0.00984	0.01148	0.00820	0.00410	0.00410	0.00082	0.00410	0.00328	0.00328	0.83922
21	0.01371	0.01316	0.02248	0.03399	0.77081	0.01316	0.01700	0.01700	0.01261	0.01809	0.01042	0.01371	0.00877	0.00493	0.00548	0.00164	0.00658	0.00493	0.00274	0.00877
22	0.00662	0.00558	0.00565	0.00569	0.00743	0.00470	0.00420	0.00795	0.01235	0.01474	0.05353	0.07446	0.71175	0.05148	0.00758	0.00205	0.00294	0.01164	0.00506	0.00461
