[name]
unknown

[dist]
# distance from previous block
# <min> <max>
0	57

[block]
# block no. 0 follows, 50 sequences, length 24
# corresponding to MSA columns:
# 57-80
name=unknown_A
#
# <colnr> <probs for GDERKNQSTAVLIFYWHMCP>
#	G	D	E	R	K	N	Q	S	T	A	V	L	I	F	Y	W	H	M	C	P
0	0.05350	0.09731	0.09412	0.00900	0.01174	0.00841	0.04055	0.01372	0.04242	0.13341	0.13586	0.17130	0.05226	0.00925	0.00539	0.00170	0.00428	0.10564	0.00430	0.00583
1	0.12870	0.07040	0.27033	0.01107	0.05623	0.01038	0.02001	0.01530	0.09248	0.03532	0.12942	0.01664	0.04493	0.00597	0.00460	0.00148	0.00500	0.00480	0.00335	0.07359
2	0.01047	0.04083	0.02881	0.12908	0.01446	0.00781	0.04016	0.05056	0.01182	0.09956	0.04352	0.02625	0.26330	0.00798	0.00533	0.01520	0.00427	0.03446	0.00387	0.16225
3	0.07444	0.17980	0.08984	0.01017	0.01342	0.01033	0.12332	0.01295	0.01130	0.04127	0.17448	0.11063	0.01989	0.00762	0.00502	0.00155	0.00482	0.06590	0.00359	0.03966
4	0.19038	0.12558	0.34607	0.01174	0.03057	0.03060	0.04054	0.04888	0.04180	0.05519	0.00959	0.01111	0.00726	0.00501	0.00444	0.00151	0.01604	0.01403	0.00282	0.00683
5	0.10064	0.06597	0.12983	0.00886	0.01299	0.00981	0.00822	0.08178	0.08551	0.01772	0.01192	0.01302	0.04582	0.00573	0.00505	0.05201	0.00454	0.00386	0.00320	0.33354
6	0.01557	0.01879	0.01249	0.05008	0.01475	0.55891	0.00876	0.01836	0.09807	0.01337	0.01558	0.01612	0.12564	0.00643	0.00479	0.00141	0.00735	0.00464	0.00314	0.00576
7	0.01400	0.01287	0.13174	0.07540	0.04790	0.01151	0.04741	0.08014	0.34641	0.15461	0.01600	0.01567	0.01152	0.00594	0.00503	0.00162	0.00514	0.00501	0.00436	0.00772
8	0.00940	0.00783	0.12425	0.00609	0.00818	0.00569	0.00573	0.01224	0.01046	0.01816	0.01516	0.01737	0.01180	0.00565	0.00367	0.00122	0.00308	0.00450	0.72446	0.00506
9	0.00898	0.00551	0.00643	0.00596	0.00738	0.00495	0.00426	0.01017	0.01108	0.13152	0.16845	0.03687	0.31368	0.24969	0.01148	0.00257	0.00343	0.00846	0.00454	0.00459
10	0.00941	0.00886	0.01495	0.81285	0.03433	0.01107	0.01384	0.01274	0.00997	0.01274	0.00886	0.01329	0.00664	0.00498	0.00498	0.00166	0.00664	0.00443	0.00221	0.00554
11	0.68157	0.05821	0.00959	0.12807	0.01354	0.01167	0.00686	0.01438	0.00880	0.02028	0.00723	0.00887	0.00565	0.00466	0.00338	0.00153	0.00436	0.00296	0.00290	0.00548
12	0.00895	0.00471	0.00495	0.00489	0.00605	0.00465	0.00367	0.01128	0.01100	0.01879	0.13293	0.02139	0.01793	0.00647	0.00384	0.00122	0.00233	0.00530	0.72497	0.00465
13	0.13739	0.00540	0.00505	0.00493	0.00638	0.00563	0.00377	0.01207	0.01016	0.01915	0.01486	0.01700	0.01166	0.00563	0.00342	0.00122	0.00255	0.00435	0.72460	0.00476
14	0.01429	0.01029	0.01340	0.21978	0.05784	0.01153	0.00995	0.21219	0.14131	0.13694	0.01361	0.01533	0.01018	0.04009	0.04487	0.00205	0.03031	0.00489	0.00406	0.00708
15	0.10756	0.01351	0.01415	0.01095	0.01484	0.01501	0.00904	0.69679	0.02186	0.03046	0.01144	0.01156	0.00815	0.00584	0.00479	0.00150	0.00531	0.00430	0.00479	0.00815
16	0.03167	0.15498	0.09473	0.02242	0.03974	0.06699	0.07157	0.09766	0.09468	0.22904	0.01323	0.02344	0.00963	0.00548	0.00466	0.00146	0.00555	0.00444	0.00397	0.02467
17	0.01551	0.09675	0.01542	0.10899	0.06077	0.01225	0.04777	0.19930	0.13456	0.18819	0.01389	0.01454	0.01015	0.01865	0.03945	0.00185	0.00560	0.00472	0.00422	0.00744
18	0.00790	0.00539	0.00614	0.00581	0.00755	0.00464	0.00441	0.00946	0.01222	0.09749	0.21561	0.07542	0.50679	0.01152	0.00582	0.00166	0.00268	0.00975	0.00499	0.00476
19	0.01041	0.00935	0.01052	0.06850	0.01327	0.05428	0.00660	0.01267	0.01093	0.01613	0.09120	0.01331	0.01145	0.00456	0.00407	0.00093	0.00409	0.00372	0.00314	0.65088
20	0.00641	0.00486	0.00670	0.09171	0.01005	0.00480	0.00554	0.00757	0.00972	0.01278	0.02713	0.68209	0.08348	0.01429	0.00618	0.00196	0.00326	0.01289	0.00437	0.00422
21	0.01426	0.01084	0.01338	0.01117	0.01278	0.05215	0.00917	0.12966	0.01233	0.16561	0.09273	0.01502	0.01230	0.00775	0.01057	0.00183	0.39961	0.00494	0.01748	0.00641
22	0.00716	0.09138	0.00814	0.00675	0.00781	0.00593	0.00497	0.00856	0.01107	0.01483	0.26215	0.42616	0.08077	0.03311	0.00633	0.00183	0.00301	0.01097	0.00459	0.00448
23	0.01309	0.00950	0.01183	0.00911	0.02302	0.00861	0.01886	0.07512	0.01174	0.14501	0.01073	0.01180	0.00826	0.00492	0.00555	0.00113	0.09966	0.00367	0.01465	0.51374

[dist]
# distance from previous block
# <min> <max>
0	13

[block]
# block no. 1 follows, 50 sequences, length 21
# corresponding to MSA columns:
# 94-114
name=unknown_B
#
# <colnr> <probs for GDERKNQSTAVLIFYWHMCP>
#	G	D	E	R	K	N	Q	S	T	A	V	L	I	F	Y	W	H	M	C	P
0	0.01436	0.04094	0.07769	0.11446	0.01764	0.01259	0.08359	0.38083	0.01645	0.03449	0.01173	0.01479	0.00928	0.09927	0.00725	0.00189	0.00581	0.00482	0.04515	0.00696
1	0.00846	0.00538	0.00716	0.00696	0.00795	0.00548	0.00506	0.00975	0.00948	0.08956	0.10389	0.10380	0.07190	0.22294	0.31437	0.00488	0.00740	0.00738	0.00373	0.00447
2	0.01592	0.08937	0.01417	0.03607	0.01429	0.01185	0.04434	0.21453	0.19262	0.21306	0.01733	0.06089	0.03969	0.00670	0.00499	0.00156	0.00474	0.00552	0.00478	0.00757
3	0.00706	0.00563	0.00819	0.09773	0.08757	0.00561	0.00664	0.00846	0.00996	0.01326	0.03952	0.59504	0.07014	0.01308	0.00603	0.00190	0.00357	0.01184	0.00417	0.00461
4	0.18522	0.00817	0.00823	0.02048	0.00994	0.05190	0.00599	0.13374	0.01204	0.01804	0.05516	0.42854	0.02210	0.01079	0.00532	0.00177	0.00388	0.00924	0.00426	0.00519
5	0.03470	0.10160	0.04066	0.01133	0.03810	0.01296	0.05159	0.34005	0.02628	0.05119	0.01248	0.10070	0.01074	0.00660	0.00552	0.00149	0.05573	0.00524	0.00395	0.08907
6	0.01019	0.01125	0.13899	0.00847	0.01297	0.00739	0.00789	0.01328	0.02948	0.03071	0.09532	0.01364	0.01184	0.00469	0.00416	0.00100	0.00416	0.00384	0.00320	0.58752
7	0.00594	0.00486	0.00524	0.00555	0.00686	0.00417	0.00401	0.00710	0.01088	0.01327	0.04446	0.25081	0.59276	0.01341	0.00601	0.00177	0.00262	0.01148	0.00463	0.00417
8	0.01923	0.00890	0.01187	0.00944	0.01260	0.00877	0.00777	0.09405	0.01381	0.55968	0.01694	0.01617	0.01141	0.00983	0.09406	0.00231	0.08520	0.00493	0.00528	0.00774
9	0.01026	0.09087	0.06030	0.53098	0.09738	0.01248	0.01338	0.01327	0.00988	0.01304	0.00847	0.01227	0.00670	0.00526	0.00604	0.00164	0.09541	0.00421	0.00222	0.00593
10	0.86003	0.00964	0.00733	0.00655	0.00964	0.01118	0.00540	0.01465	0.00848	0.02236	0.00694	0.00810	0.00540	0.00463	0.00308	0.00154	0.00386	0.00270	0.00308	0.00540
11	0.04805	0.01021	0.01212	0.00924	0.01321	0.00974	0.00758	0.23511	0.03370	0.37212	0.01480	0.01389	0.01003	0.00556	0.00466	0.00137	0.00446	0.00437	0.00503	0.18475
12	0.01078	0.02172	0.63434	0.01288	0.01913	0.01033	0.01581	0.01565	0.01078	0.09233	0.01204	0.10030	0.00984	0.00607	0.00494	0.00162	0.00657	0.00497	0.00278	0.00711
13	0.01928	0.01343	0.01463	0.01122	0.01519	0.01467	0.00927	0.70446	0.02255	0.10532	0.01271	0.01245	0.00885	0.00600	0.00499	0.00150	0.00536	0.00454	0.00510	0.00848
14	0.01035	0.00734	0.00867	0.00781	0.00982	0.00757	0.00602	0.01662	0.27608	0.09659	0.43460	0.02917	0.05141	0.00869	0.00552	0.00161	0.00308	0.00751	0.00539	0.00615
15	0.00705	0.00510	0.00666	0.00627	0.00745	0.00470	0.00470	0.00941	0.01411	0.01999	0.79110	0.03723	0.04703	0.01019	0.00588	0.00157	0.00235	0.00901	0.00549	0.00470
16	0.00729	0.00542	0.00757	0.00744	0.00812	0.00611	0.00552	0.00869	0.00841	0.01196	0.08869	0.02397	0.01688	0.21660	0.51584	0.00642	0.04178	0.00610	0.00300	0.00418
17	0.02743	0.08099	0.42522	0.13375	0.01964	0.01073	0.01380	0.01374	0.01005	0.02665	0.01121	0.09159	0.00974	0.00942	0.09275	0.00230	0.00719	0.00493	0.00252	0.00634
18	0.37142	0.00896	0.00980	0.00790	0.01144	0.00893	0.00652	0.02027	0.01186	0.47432	0.01436	0.01327	0.00945	0.00553	0.00421	0.00154	0.00408	0.00405	0.00488	0.00720
19	0.00953	0.00829	0.01167	0.41941	0.02227	0.00955	0.00991	0.07302	0.09477	0.01541	0.03062	0.04585	0.18130	0.00809	0.02422	0.00181	0.00528	0.00627	0.01708	0.00564
20	0.00644	0.00453	0.00584	0.00662	0.00689	0.00437	0.00433	0.00718	0.00900	0.01207	0.04027	0.56814	0.02852	0.21343	0.05553	0.00303	0.00394	0.01188	0.00415	0.00384

[dist]
# distance from previous block
# <min> <max>
0	1

[block]
# block no. 2 follows, 50 sequences, length 55
# corresponding to MSA columns:
# 131-185
name=unknown_C
#
# <colnr> <probs for GDERKNQSTAVLIFYWHMCP>
#	G	D	E	R	K	N	Q	S	T	A	V	L	I	F	Y	W	H	M	C	P
0	0.21567	0.33136	0.03071	0.00999	0.01382	0.10426	0.08901	0.01661	0.01085	0.11114	0.00904	0.01001	0.00710	0.00516	0.01537	0.00144	0.00573	0.00342	0.00295	0.00637
1	0.67095	0.08758	0.02261	0.00709	0.01040	0.01152	0.00608	0.01553	0.00932	0.09540	0.02127	0.00946	0.00687	0.00483	0.00335	0.00150	0.00407	0.00304	0.00331	0.00581
2	0.01116	0.03050	0.09769	0.33106	0.27816	0.01155	0.06919	0.02728	0.02622	0.03306	0.01008	0.01391	0.00800	0.00502	0.00502	0.00159	0.00640	0.02480	0.00256	0.00674
3	0.01232	0.08992	0.01611	0.36298	0.19063	0.01149	0.01194	0.01607	0.07738	0.11968	0.01250	0.01458	0.03257	0.00534	0.00484	0.00155	0.00568	0.00463	0.00311	0.00669
4	0.00779	0.00528	0.00680	0.00632	0.00768	0.00481	0.00477	0.01004	0.01391	0.06159	0.69238	0.03696	0.10240	0.01016	0.00583	0.00158	0.00247	0.00891	0.00546	0.00487
5	0.02236	0.00848	0.01157	0.00887	0.01272	0.00733	0.00733	0.02429	0.01427	0.79719	0.01966	0.01697	0.01234	0.00617	0.00501	0.00154	0.00424	0.00501	0.00617	0.00848
6	0.01295	0.00642	0.00844	0.00718	0.00945	0.00569	0.00565	0.01504	0.01393	0.32403	0.42248	0.03025	0.10005	0.00883	0.00554	0.00157	0.00311	0.00758	0.00568	0.00614
7	0.01234	0.01184	0.02023	0.03059	0.79373	0.01184	0.01530	0.01530	0.01135	0.01628	0.00938	0.01234	0.00790	0.00444	0.00493	0.00148	0.00592	0.00444	0.00247	0.00790
8	0.01182	0.01132	0.01931	0.16756	0.66077	0.01171	0.01504	0.01485	0.01111	0.01566	0.00929	0.01250	0.00768	0.00454	0.00494	0.00151	0.00605	0.00444	0.00242	0.00748
9	0.01003	0.00846	0.00985	0.00719	0.01119	0.00647	0.00562	0.01203	0.01003	0.01560	0.00953	0.01252	0.00844	0.08433	0.00582	0.00114	0.00380	0.00337	0.00296	0.77160
10	0.00821	0.00708	0.00943	0.07414	0.14505	0.00700	0.00715	0.01140	0.08771	0.01599	0.20272	0.03340	0.33104	0.03056	0.00608	0.00170	0.00360	0.00809	0.00426	0.00539
11	0.00605	0.00442	0.00570	0.00672	0.00717	0.00407	0.00453	0.00697	0.00975	0.01281	0.03014	0.73177	0.12104	0.01527	0.00631	0.00198	0.00285	0.01375	0.00463	0.00407
12	0.01804	0.01227	0.01403	0.07232	0.01617	0.01308	0.00917	0.53401	0.01984	0.15118	0.01270	0.01273	0.00886	0.00574	0.00488	0.00145	0.00523	0.00444	0.00479	0.07907
13	0.01196	0.01040	0.01149	0.08886	0.01492	0.01208	0.00838	0.02470	0.69110	0.01989	0.01985	0.01874	0.03198	0.00672	0.00508	0.00169	0.00418	0.00563	0.00478	0.00758
14	0.01818	0.01274	0.01437	0.01208	0.05969	0.01384	0.00934	0.54420	0.11689	0.12585	0.01383	0.01345	0.00977	0.00602	0.00500	0.00153	0.00516	0.00469	0.00500	0.00837
15	0.01224	0.27421	0.36347	0.07389	0.01928	0.05224	0.06254	0.01598	0.01083	0.05919	0.00894	0.01043	0.00680	0.00467	0.00435	0.00141	0.00664	0.00362	0.00241	0.00687
16	0.01257	0.63635	0.17691	0.00983	0.01452	0.01794	0.01056	0.01497	0.01010	0.01253	0.00731	0.00861	0.00639	0.00455	0.00406	0.00121	0.03998	0.00294	0.00213	0.00655
17	0.00610	0.00466	0.00563	0.00637	0.00720	0.00419	0.00449	0.00718	0.01029	0.01310	0.03570	0.50627	0.30573	0.01445	0.00622	0.00191	0.00284	0.04890	0.00463	0.00413
18	0.01373	0.65037	0.02360	0.00950	0.01314	0.11421	0.00890	0.01524	0.01037	0.01181	0.00699	0.00840	0.00641	0.00481	0.00465	0.00120	0.08536	0.00290	0.00219	0.00623
19	0.01128	0.01087	0.01798	0.34611	0.47190	0.02701	0.01460	0.01435	0.01085	0.01477	0.00913	0.01266	0.00736	0.00467	0.00495	0.00155	0.00627	0.00441	0.00237	0.00690
20	0.00723	0.00490	0.00578	0.00578	0.00590	0.00502	0.00345	0.00747	0.00735	0.00992	0.01539	0.03086	0.01736	0.71887	0.13029	0.00526	0.00598	0.00699	0.00297	0.00321
21	0.01076	0.01070	0.01524	0.09163	0.01517	0.01486	0.01119	0.01207	0.00786	0.01207	0.00677	0.01114	0.00655	0.00836	0.01524	0.00213	0.73625	0.00437	0.00218	0.00546
22	0.01242	0.01016	0.01553	0.13355	0.33823	0.01073	0.02357	0.09025	0.07353	0.07732	0.05677	0.01558	0.01147	0.00913	0.09767	0.00229	0.00639	0.00497	0.00337	0.00706
23	0.01065	0.02350	0.63200	0.01513	0.02176	0.04548	0.12995	0.01589	0.01079	0.01556	0.00900	0.01090	0.00651	0.00477	0.00519	0.00160	0.02797	0.00401	0.00219	0.00716
24	0.00607	0.00434	0.00578	0.00694	0.00723	0.00405	0.00463	0.00694	0.00954	0.01272	0.02747	0.82157	0.03297	0.01562	0.00636	0.00202	0.00289	0.01417	0.00463	0.00405
25	0.01249	0.01234	0.02571	0.12637	0.02586	0.01188	0.59767	0.01635	0.01177	0.09225	0.01086	0.01377	0.00791	0.00450	0.00568	0.00166	0.00776	0.00560	0.00284	0.00674
26	0.00634	0.00453	0.00608	0.00716	0.00758	0.00427	0.00501	0.00744	0.00998	0.01332	0.06425	0.69857	0.03317	0.01515	0.00640	0.00203	0.00305	0.09688	0.00466	0.00414
27	0.00677	0.00484	0.00648	0.00755	0.00811	0.00466	0.00551	0.02219	0.01025	0.01359	0.02693	0.62822	0.03151	0.01501	0.00646	0.00208	0.00334	0.18764	0.00463	0.00426
28	0.01042	0.00631	0.00674	0.00633	0.00786	0.00656	0.00480	0.13711	0.03628	0.01975	0.01761	0.15564	0.01562	0.00755	0.00428	0.00138	0.00299	0.00629	0.54120	0.00527
29	0.01304	0.01708	0.22583	0.01855	0.27228	0.11716	0.02424	0.08148	0.13602	0.01758	0.01125	0.01302	0.00879	0.00524	0.00489	0.00153	0.00638	0.01515	0.00304	0.00746
30	0.00612	0.00437	0.00583	0.00699	0.00730	0.00409	0.00470	0.00702	0.00959	0.01277	0.02745	0.80446	0.03287	0.01557	0.00637	0.00203	0.00293	0.03085	0.00463	0.00406
31	0.01402	0.48872	0.10939	0.01122	0.05210	0.11458	0.01028	0.09040	0.01194	0.01440	0.00785	0.00911	0.00667	0.00477	0.00429	0.00125	0.03668	0.00318	0.00248	0.00667
32	0.01092	0.01096	0.01559	0.01327	0.01339	0.01521	0.02856	0.01209	0.00773	0.01209	0.00662	0.01096	0.00657	0.00862	0.01612	0.00217	0.79706	0.00440	0.00219	0.00548
33	0.01026	0.01005	0.07111	0.00809	0.01257	0.00702	0.01909	0.01261	0.01022	0.01589	0.00888	0.01060	0.00736	0.00434	0.00446	0.03590	0.00408	0.00311	0.00285	0.74153
34	0.50699	0.01263	0.00993	0.05842	0.01291	0.18566	0.00715	0.02909	0.01076	0.11334	0.00885	0.00975	0.00659	0.00497	0.00378	0.00149	0.00523	0.00323	0.00332	0.00591
35	0.00614	0.00488	0.00552	0.00574	0.00698	0.00425	0.00416	0.00749	0.01138	0.01441	0.17360	0.24143	0.47051	0.01296	0.00601	0.00175	0.00259	0.01118	0.00478	0.00425
36	0.01807	0.00759	0.01002	0.00810	0.01114	0.00678	0.00652	0.04329	0.01380	0.55297	0.10395	0.07998	0.01761	0.00728	0.00506	0.00154	0.00378	0.00609	0.08906	0.00736
37	0.01165	0.01070	0.01565	0.13306	0.33287	0.01121	0.02598	0.01789	0.24050	0.01712	0.01248	0.01408	0.00981	0.00510	0.00483	0.00147	0.00518	0.00462	0.00327	0.12252
38	0.00750	0.00478	0.00637	0.00705	0.00772	0.00442	0.00490	0.00861	0.01036	0.07374	0.10161	0.64742	0.03236	0.03011	0.00660	0.00200	0.00302	0.03218	0.00480	0.00445
39	0.00704	0.00508	0.00643	0.03635	0.00825	0.00474	0.00482	0.00890	0.01225	0.02685	0.40411	0.20348	0.18190	0.01131	0.00580	0.00167	0.00268	0.00992	0.05389	0.00455
40	0.20996	0.00874	0.01062	0.00835	0.01203	0.00819	0.00689	0.02213	0.01297	0.62367	0.01682	0.01498	0.01078	0.00582	0.00458	0.00154	0.00416	0.00449	0.00548	0.00779
41	0.02236	0.00848	0.01157	0.00887	0.01272	0.00733	0.00733	0.02429	0.01427	0.79719	0.01966	0.01697	0.01234	0.00617	0.00501	0.00154	0.00424	0.00501	0.00617	0.00848
42	0.01189	0.01181	0.01511	0.12769	0.01649	0.07371	0.01112	0.07151	0.00967	0.01361	0.00738	0.01119	0.00670	0.00771	0.01296	0.00199	0.57702	0.00430	0.00243	0.00572
43	0.03828	0.00861	0.01155	0.00888	0.01272	0.00756	0.00733	0.03913	0.01434	0.76712	0.01927	0.01670	0.01213	0.00614	0.00498	0.00154	0.00426	0.00496	0.00609	0.00842
44	0.01130	0.01038	0.01647	0.19631	0.38831	0.01145	0.01286	0.06780	0.01130	0.01571	0.01122	0.09266	0.01036	0.00644	0.00646	0.00167	0.10014	0.01966	0.00281	0.00669
45	0.01034	0.00886	0.01034	0.00738	0.01181	0.00664	0.00591	0.01255	0.01034	0.01624	0.00886	0.01034	0.00738	0.00369	0.00369	0.00074	0.00369	0.00295	0.00295	0.85530
46	0.01034	0.00886	0.01034	0.00738	0.01181	0.00664	0.00591	0.01255	0.01034	0.01624	0.00886	0.01034	0.00738	0.00369	0.00369	0.00074	0.00369	0.00295	0.00295	0.85530
47	0.01744	0.11646	0.06084	0.01224	0.01543	0.57792	0.00997	0.09355	0.02611	0.01437	0.00830	0.00940	0.00675	0.00512	0.00441	0.00130	0.00805	0.00334	0.00277	0.00624
48	0.00712	0.00534	0.00801	0.00801	0.00890	0.00623	0.00623	0.00890	0.00801	0.01157	0.01335	0.01958	0.01246	0.03738	0.80507	0.00801	0.01335	0.00534	0.00267	0.00445
49	0.00740	0.00679	0.06801	0.00856	0.00994	0.00566	0.00741	0.00943	0.01047	0.01391	0.02537	0.26995	0.07031	0.01605	0.09112	0.00273	0.00512	0.36295	0.00421	0.00461
50	0.00720	0.00502	0.00608	0.00648	0.00680	0.00503	0.00424	0.00824	0.03748	0.01152	0.02018	0.25164	0.02307	0.46868	0.03536	0.00375	0.00443	0.08743	0.00370	0.00368
51	0.00706	0.00480	0.00565	0.00576	0.00595	0.00471	0.00347	0.00750	0.00849	0.01148	0.12253	0.14117	0.02408	0.60359	0.02012	0.00401	0.00423	0.00844	0.00357	0.00339
52	0.00731	0.00498	0.00601	0.00613	0.00635	0.00510	0.00391	0.00776	0.00776	0.01042	0.01646	0.03330	0.01845	0.64659	0.12117	0.00498	0.00588	0.08095	0.00313	0.00335
53	0.01099	0.14011	0.37200	0.01461	0.11407	0.01196	0.07551	0.01499	0.01063	0.01534	0.00877	0.01057	0.00683	0.00438	0.00442	0.00134	0.00626	0.00366	0.00235	0.17120
54	0.00700	0.00493	0.00622	0.00652	0.00677	0.00508	0.00427	0.00761	0.00811	0.01099	0.01859	0.24387	0.02124	0.43836	0.14894	0.00448	0.02167	0.02828	0.00342	0.00362

[dist]
# distance from previous block
# <min> <max>
0	1

[block]
# block no. 3 follows, 50 sequences, length 28
# corresponding to MSA columns:
# 187-214
name=unknown_D
#
# <colnr> <probs for GDERKNQSTAVLIFYWHMCP>
#	G	D	E	R	K	N	Q	S	T	A	V	L	I	F	Y	W	H	M	C	P
0	0.01119	0.11840	0.65764	0.01320	0.01997	0.01225	0.01654	0.01624	0.01072	0.06595	0.00940	0.01065	0.00671	0.00477	0.00457	0.00152	0.00693	0.00365	0.00237	0.00733
1	0.01553	0.01347	0.02546	0.01200	0.06267	0.14400	0.00919	0.29027	0.01565	0.07096	0.01162	0.01358	0.01990	0.01702	0.02494	0.00166	0.09953	0.02088	0.02635	0.10532
2	0.54088	0.00935	0.00919	0.11896	0.01357	0.01043	0.00688	0.01438	0.02846	0.03767	0.00852	0.02629	0.00685	0.00497	0.00395	0.00148	0.02580	0.00338	0.00307	0.12594
3	0.01836	0.01926	0.01371	0.01194	0.01489	0.51210	0.00919	0.14586	0.09904	0.09196	0.01092	0.01129	0.00828	0.00555	0.00469	0.00139	0.00741	0.00386	0.00358	0.00671
4	0.00773	0.00480	0.00642	0.00707	0.00778	0.00442	0.00489	0.00883	0.01040	0.08897	0.09433	0.67458	0.03222	0.01423	0.00619	0.00194	0.00297	0.01283	0.00485	0.00453
5	0.06206	0.00961	0.01179	0.00944	0.01257	0.00986	0.00766	0.14244	0.08863	0.43652	0.01639	0.01637	0.01150	0.06105	0.00729	0.00183	0.07726	0.00496	0.00515	0.00763
6	0.13733	0.11957	0.27697	0.08549	0.03920	0.03569	0.07716	0.01473	0.00988	0.01528	0.00807	0.01041	0.00641	0.00529	0.00630	0.00161	0.13810	0.00378	0.00233	0.00639
7	0.01387	0.01025	0.01692	0.07371	0.46022	0.01008	0.04143	0.01650	0.01182	0.19480	0.01345	0.07139	0.01113	0.00589	0.00514	0.00157	0.00543	0.02541	0.00351	0.00747
8	0.00640	0.00466	0.00606	0.00687	0.00751	0.00433	0.00488	0.00767	0.01062	0.01414	0.14825	0.54965	0.10960	0.01430	0.00629	0.00195	0.00294	0.08491	0.00476	0.00422
9	0.01054	0.01037	0.01457	0.01260	0.01268	0.01440	0.01045	0.01170	0.00767	0.01195	0.00720	0.01174	0.00711	0.01149	0.09238	0.00274	0.73837	0.00446	0.00223	0.00536
10	0.01029	0.00816	0.09348	0.05990	0.01167	0.00631	0.00725	0.01294	0.01329	0.16147	0.48186	0.06253	0.03305	0.00876	0.00556	0.00159	0.00354	0.00763	0.00500	0.00571
11	0.01099	0.10553	0.38174	0.09827	0.02188	0.01307	0.16829	0.03664	0.01076	0.01515	0.00880	0.01121	0.00669	0.00502	0.00596	0.00161	0.08514	0.00418	0.00229	0.00679
12	0.14697	0.02199	0.61644	0.06895	0.02054	0.01148	0.01600	0.01539	0.01016	0.01663	0.00862	0.01033	0.00619	0.00474	0.00449	0.00158	0.00675	0.00358	0.00227	0.00692
13	0.00855	0.00438	0.00650	0.00648	0.00656	0.00435	0.00435	0.00669	0.00700	0.00942	0.06094	0.01663	0.01122	0.01684	0.01857	0.79795	0.00420	0.00464	0.00239	0.00233
14	0.01520	0.01299	0.01283	0.08582	0.04472	0.15535	0.00894	0.26352	0.12809	0.07547	0.05351	0.01731	0.07889	0.00658	0.00501	0.00152	0.00548	0.00519	0.01660	0.00700
15	0.01013	0.00859	0.01001	0.00725	0.01139	0.00652	0.00571	0.01220	0.01013	0.01580	0.00932	0.01182	0.00810	0.05856	0.00514	0.00101	0.00377	0.00324	0.00296	0.79834
16	0.07951	0.05765	0.03727	0.01054	0.01410	0.03037	0.00878	0.35094	0.31302	0.02473	0.01432	0.01389	0.01061	0.00603	0.00476	0.00155	0.00489	0.00464	0.00458	0.00781
17	0.03944	0.00545	0.00623	0.00616	0.00739	0.00520	0.00447	0.00907	0.07154	0.01396	0.12511	0.10065	0.35381	0.02342	0.00915	0.19908	0.00314	0.00849	0.00412	0.00410
18	0.08425	0.23186	0.05268	0.11366	0.03486	0.10100	0.18823	0.01586	0.04004	0.03401	0.00931	0.02280	0.00758	0.00531	0.01432	0.00154	0.02955	0.00419	0.00262	0.00631
19	0.01363	0.04560	0.09820	0.01640	0.03119	0.01144	0.43424	0.01718	0.01191	0.17528	0.02565	0.01411	0.00919	0.00501	0.00586	0.00162	0.04226	0.00530	0.02895	0.00699
20	0.01355	0.00675	0.00892	0.00777	0.01005	0.00618	0.00615	0.01621	0.05325	0.33548	0.32660	0.09069	0.02895	0.00904	0.00559	0.00165	0.00339	0.05781	0.00562	0.00635
21	0.00619	0.00446	0.00584	0.00676	0.00720	0.00414	0.00457	0.00722	0.01008	0.01349	0.11030	0.68861	0.06878	0.02877	0.00661	0.00201	0.00285	0.01333	0.00469	0.00411
22	0.03770	0.01099	0.11640	0.10574	0.07791	0.00950	0.01006	0.09536	0.09433	0.11549	0.06659	0.04332	0.06990	0.00774	0.00533	0.00170	0.00494	0.11632	0.00411	0.00657
23	0.00605	0.00494	0.00537	0.00562	0.00699	0.00425	0.00414	0.00732	0.01113	0.01366	0.07802	0.19995	0.58317	0.01314	0.00602	0.00177	0.00266	0.03694	0.00467	0.00421
24	0.07208	0.00886	0.01067	0.00890	0.01208	0.00879	0.00715	0.04637	0.21056	0.43002	0.02024	0.07480	0.03379	0.00723	0.00507	0.00163	0.00405	0.02463	0.00547	0.00762
25	0.01064	0.00762	0.01049	0.09631	0.01340	0.00780	0.06074	0.08016	0.07630	0.10161	0.07030	0.13986	0.12895	0.05818	0.03910	0.00216	0.00471	0.06220	0.02381	0.00566
26	0.01212	0.11537	0.17908	0.05328	0.02066	0.03867	0.32272	0.01573	0.01109	0.06554	0.01013	0.01252	0.00771	0.00572	0.02739	0.00174	0.04907	0.00468	0.04015	0.00662
27	0.00619	0.00451	0.00583	0.00666	0.00721	0.00415	0.00455	0.00729	0.01034	0.01377	0.13218	0.63878	0.11098	0.01459	0.00625	0.00193	0.00278	0.01311	0.00474	0.00415

[dist]
# distance from previous block
# <min> <max>
0	5

[block]
# block no. 4 follows, 50 sequences, length 45
# corresponding to MSA columns:
# 220-247,258-274
name=unknown_E
#
# <colnr> <probs for GDERKNQSTAVLIFYWHMCP>
#	G	D	E	R	K	N	Q	S	T	A	V	L	I	F	Y	W	H	M	C	P
0	0.05843	0.00853	0.01138	0.00877	0.01259	0.00749	0.00724	0.02388	0.01402	0.76383	0.01912	0.01658	0.01204	0.00610	0.00493	0.00154	0.00422	0.00491	0.00604	0.00835
1	0.01378	0.06111	0.07002	0.03588	0.49877	0.08157	0.02684	0.08798	0.01272	0.05006	0.00974	0.01187	0.00779	0.00473	0.00481	0.00146	0.00619	0.00423	0.00282	0.00761
2	0.06600	0.00863	0.01123	0.00875	0.01244	0.00781	0.00720	0.04234	0.03986	0.68119	0.04806	0.01719	0.01328	0.00625	0.00494	0.00155	0.00417	0.00505	0.00591	0.00816
3	0.00620	0.00443	0.00593	0.00704	0.00740	0.00416	0.00481	0.00718	0.00976	0.01303	0.04706	0.76061	0.03310	0.01538	0.00638	0.00203	0.00297	0.05379	0.00465	0.00409
4	0.01294	0.01223	0.04618	0.05384	0.04021	0.01117	0.53243	0.01661	0.01195	0.13566	0.01259	0.03616	0.00978	0.00526	0.00571	0.00169	0.00730	0.03827	0.00320	0.00682
5	0.00822	0.00586	0.00833	0.00815	0.00924	0.02099	0.00636	0.01000	0.00849	0.05711	0.01361	0.01924	0.01234	0.03498	0.74398	0.00751	0.01274	0.00528	0.00287	0.00471
6	0.00629	0.00452	0.00598	0.00688	0.00737	0.00421	0.00475	0.00743	0.01032	0.01388	0.13884	0.65982	0.05337	0.01469	0.00630	0.00196	0.00287	0.04162	0.00475	0.00417
7	0.01123	0.01151	0.01592	0.01347	0.01381	0.04436	0.04859	0.01248	0.00808	0.01220	0.00676	0.01096	0.00659	0.00837	0.01540	0.00212	0.74601	0.00439	0.00221	0.00553
8	0.01589	0.06952	0.04345	0.05444	0.04933	0.40372	0.00930	0.03957	0.01313	0.11004	0.01394	0.01470	0.08458	0.00642	0.01596	0.00149	0.01662	0.00437	0.02737	0.00616
9	0.00991	0.00985	0.03127	0.04609	0.10540	0.10441	0.05052	0.05189	0.01122	0.01434	0.02012	0.36832	0.07746	0.01043	0.00644	0.00178	0.06243	0.00906	0.00368	0.00536
10	0.86003	0.00964	0.00733	0.00655	0.00964	0.01118	0.00540	0.01465	0.00848	0.02236	0.00694	0.00810	0.00540	0.00463	0.00308	0.00154	0.00386	0.00270	0.00308	0.00540
11	0.00621	0.00504	0.00537	0.00530	0.00675	0.00435	0.00389	0.00756	0.01151	0.01432	0.18025	0.04478	0.59429	0.07943	0.00750	0.00192	0.00268	0.00998	0.00465	0.00420
12	0.00772	0.00521	0.00672	0.00637	0.00766	0.00475	0.00476	0.00982	0.01348	0.06203	0.61764	0.10471	0.10891	0.01065	0.00587	0.00162	0.00252	0.00937	0.00538	0.00481
13	0.01091	0.01091	0.01527	0.01309	0.01309	0.01527	0.01091	0.01200	0.00763	0.01200	0.00654	0.01091	0.00654	0.00872	0.01636	0.00218	0.81570	0.00436	0.00218	0.00545
14	0.00941	0.00886	0.01495	0.81285	0.03433	0.01107	0.01384	0.01274	0.00997	0.01274	0.00886	0.01329	0.00664	0.00498	0.00498	0.00166	0.00664	0.00443	0.00221	0.00554
15	0.01333	0.82783	0.02612	0.00853	0.01279	0.01972	0.00853	0.01493	0.01013	0.01173	0.00693	0.00800	0.00640	0.00426	0.00320	0.00107	0.00533	0.00267	0.00213	0.00640
16	0.00688	0.00508	0.00644	0.00624	0.00745	0.00464	0.00470	0.00899	0.01337	0.01845	0.61100	0.07489	0.15914	0.01096	0.00595	0.00164	0.00250	0.04181	0.00528	0.00459
17	0.01234	0.01184	0.02023	0.03059	0.79373	0.01184	0.01530	0.01530	0.01135	0.01628	0.00938	0.01234	0.00790	0.00444	0.00493	0.00148	0.00592	0.00444	0.00247	0.00790
18	0.01103	0.00927	0.01071	0.00771	0.01210	0.00735	0.00619	0.07378	0.01138	0.01746	0.00911	0.01047	0.00747	0.00387	0.00380	0.00080	0.00384	0.00308	0.00312	0.78748
19	0.05386	0.00895	0.01167	0.00898	0.01282	0.00810	0.00742	0.08242	0.01476	0.70831	0.01858	0.01624	0.01178	0.00610	0.00494	0.00154	0.00432	0.00488	0.00596	0.00837
20	0.01862	0.02376	0.01413	0.01284	0.01541	0.80482	0.00963	0.01990	0.01413	0.01220	0.00770	0.00899	0.00642	0.00514	0.00449	0.00128	0.00899	0.00321	0.00257	0.00578
21	0.02262	0.00515	0.00570	0.00554	0.00706	0.00453	0.00417	0.00815	0.01235	0.01611	0.33045	0.04314	0.49439	0.01155	0.00583	0.00164	0.00248	0.00980	0.00492	0.00442
22	0.00607	0.00434	0.00578	0.00694	0.00723	0.00405	0.00463	0.00694	0.00954	0.01272	0.02747	0.82157	0.03297	0.01562	0.00636	0.00202	0.00289	0.01417	0.00463	0.00405
23	0.00606	0.00438	0.00574	0.00682	0.00720	0.00406	0.00457	0.00695	0.00966	0.01277	0.02894	0.77233	0.08126	0.01543	0.00633	0.00200	0.00287	0.01394	0.00463	0.00406
24	0.06792	0.69108	0.03946	0.00872	0.01284	0.03845	0.00852	0.01572	0.05502	0.01304	0.00776	0.00869	0.00684	0.00446	0.00336	0.00115	0.00529	0.00287	0.00237	0.00642
25	0.03077	0.01465	0.20907	0.26263	0.22217	0.03413	0.02734	0.06339	0.02548	0.04918	0.00982	0.01230	0.00738	0.00491	0.00487	0.00157	0.00645	0.00425	0.00268	0.00697
26	0.01445	0.22229	0.08425	0.02747	0.11440	0.28659	0.06328	0.04753	0.02389	0.01449	0.05011	0.01143	0.00905	0.00506	0.00445	0.00134	0.00690	0.00387	0.00269	0.00648
27	0.05669	0.00517	0.00647	0.00695	0.00752	0.00521	0.00476	0.04040	0.00927	0.01307	0.02065	0.48321	0.02379	0.10484	0.05980	0.12991	0.00414	0.01032	0.00389	0.00395
28	0.01272	0.07524	0.01388	0.04079	0.01368	0.09834	0.07935	0.11762	0.05364	0.06189	0.04582	0.07273	0.01273	0.03830	0.06821	0.00218	0.09733	0.00547	0.08404	0.00603
29	0.01340	0.00876	0.01065	0.00776	0.01204	0.00682	0.00627	0.01554	0.01134	0.21519	0.01161	0.01202	0.00865	0.00432	0.00403	0.00094	0.00383	0.00348	0.00377	0.63957
30	0.00971	0.00903	0.01305	0.08300	0.05501	0.01182	0.00973	0.01118	0.00824	0.01226	0.00989	0.06081	0.00983	0.05023	0.15437	0.00323	0.46171	0.00525	0.01645	0.00521
31	0.00611	0.00441	0.00578	0.00681	0.00721	0.00409	0.00459	0.00706	0.00984	0.01308	0.06157	0.74659	0.07400	0.01522	0.00632	0.00199	0.00285	0.01375	0.00466	0.00409
32	0.02110	0.00938	0.01199	0.00931	0.01310	0.00881	0.00765	0.12328	0.07828	0.63338	0.01870	0.01644	0.01207	0.00619	0.00501	0.00155	0.00438	0.00499	0.00592	0.00843
33	0.01333	0.82783	0.02612	0.00853	0.01279	0.01972	0.00853	0.01493	0.01013	0.01173	0.00693	0.00800	0.00640	0.00426	0.00320	0.00107	0.00533	0.00267	0.00213	0.00640
34	0.00725	0.00483	0.00544	0.00544	0.00544	0.00483	0.00302	0.00725	0.00725	0.00966	0.01571	0.03262	0.01812	0.82483	0.02537	0.00483	0.00483	0.00725	0.00302	0.00302
35	0.86003	0.00964	0.00733	0.00655	0.00964	0.01118	0.00540	0.01465	0.00848	0.02236	0.00694	0.00810	0.00540	0.00463	0.00308	0.00154	0.00386	0.00270	0.00308	0.00540
36	0.00607	0.00434	0.00578	0.00694	0.00723	0.00405	0.00463	0.00694	0.00954	0.01272	0.02747	0.82157	0.03297	0.01562	0.00636	0.00202	0.00289	0.01417	0.00463	0.00405
37	0.02227	0.00863	0.01166	0.00894	0.01280	0.00755	0.00738	0.04460	0.01451	0.77653	0.01946	0.01683	0.01223	0.00616	0.00501	0.00154	0.00427	0.00500	0.00614	0.00848
38	0.01090	0.02825	0.42775	0.01129	0.01619	0.00934	0.01283	0.01549	0.05147	0.11035	0.03568	0.05552	0.06172	0.00726	0.00517	0.00168	0.00567	0.09917	0.02759	0.00669
39	0.00811	0.04115	0.01053	0.05197	0.03098	0.00759	0.04137	0.01001	0.00854	0.01212	0.01235	0.01836	0.01149	0.07466	0.56741	0.00622	0.02535	0.00513	0.00264	0.05402
40	0.03100	0.01200	0.09272	0.07752	0.38212	0.01056	0.10929	0.01544	0.01171	0.09665	0.08284	0.01583	0.02907	0.00537	0.00511	0.00155	0.00580	0.00512	0.00314	0.00716
41	0.01321	0.03697	0.09312	0.06752	0.43883	0.06805	0.03423	0.07050	0.04504	0.04850	0.01039	0.01286	0.00830	0.00499	0.00505	0.00151	0.01645	0.01414	0.00288	0.00748
42	0.01386	0.54921	0.02202	0.00979	0.01341	0.13883	0.04287	0.01549	0.01086	0.04530	0.00902	0.05620	0.00835	0.00583	0.01826	0.00135	0.02684	0.00375	0.00254	0.00621
43	0.00604	0.00448	0.00564	0.00656	0.00713	0.00408	0.00446	0.00698	0.00990	0.01287	0.03205	0.66772	0.18386	0.01502	0.00627	0.00196	0.00282	0.01344	0.00463	0.00408
44	0.01204	0.01174	0.07244	0.23417	0.44460	0.01133	0.01420	0.03443	0.02709	0.06097	0.01039	0.02623	0.00829	0.00498	0.00497	0.00155	0.00602	0.00460	0.00274	0.00722

[dist]
# distance from previous block
# <min> <max>
6	28

[block]
# block no. 5 follows, 50 sequences, length 62
# corresponding to MSA columns:
# 303-331,333-365
name=unknown_F
#
# <colnr> <probs for GDERKNQSTAVLIFYWHMCP>
#	G	D	E	R	K	N	Q	S	T	A	V	L	I	F	Y	W	H	M	C	P
0	0.16694	0.01032	0.01589	0.31868	0.36576	0.01143	0.01294	0.01422	0.01031	0.01607	0.00874	0.01191	0.00697	0.00468	0.00461	0.00156	0.00581	0.00412	0.00249	0.00655
1	0.01746	0.01410	0.07951	0.01132	0.01538	0.01411	0.00983	0.57861	0.09794	0.07235	0.01333	0.03044	0.00973	0.00618	0.00501	0.00154	0.00536	0.00478	0.00481	0.00823
2	0.01557	0.01132	0.01386	0.16279	0.01807	0.01247	0.02944	0.39426	0.09525	0.10205	0.05820	0.02823	0.02305	0.00633	0.00511	0.00157	0.00524	0.00518	0.00454	0.00747
3	0.77597	0.00952	0.00775	0.00679	0.00995	0.01079	0.00559	0.01562	0.00906	0.10013	0.00822	0.00899	0.00609	0.00478	0.00328	0.00154	0.00389	0.00293	0.00339	0.00571
4	0.01372	0.01058	0.01734	0.02433	0.56703	0.01036	0.01306	0.01642	0.01190	0.15957	0.01307	0.01785	0.01092	0.00575	0.00516	0.00158	0.00547	0.08486	0.00337	0.00765
5	0.01034	0.00886	0.01034	0.00738	0.01181	0.00664	0.00591	0.01255	0.01034	0.01624	0.00886	0.01034	0.00738	0.00369	0.00369	0.00074	0.00369	0.00295	0.00295	0.85530
6	0.01430	0.01165	0.01234	0.01053	0.01369	0.01328	0.00835	0.24413	0.56399	0.02391	0.01787	0.01667	0.01326	0.00654	0.00505	0.00163	0.00439	0.00530	0.00505	0.00806
7	0.86003	0.00964	0.00733	0.00655	0.00964	0.01118	0.00540	0.01465	0.00848	0.02236	0.00694	0.00810	0.00540	0.00463	0.00308	0.00154	0.00386	0.00270	0.00308	0.00540
8	0.86003	0.00964	0.00733	0.00655	0.00964	0.01118	0.00540	0.01465	0.00848	0.02236	0.00694	0.00810	0.00540	0.00463	0.00308	0.00154	0.00386	0.00270	0.00308	0.00540
9	0.00725	0.00483	0.00544	0.00544	0.00544	0.00483	0.00302	0.00725	0.00725	0.00966	0.01571	0.03262	0.01812	0.82483	0.02537	0.00483	0.00483	0.00725	0.00302	0.00302
10	0.01081	0.01100	0.01739	0.01421	0.01519	0.01418	0.15105	0.01252	0.00842	0.01270	0.00764	0.01194	0.00712	0.00978	0.06644	0.00247	0.61452	0.00471	0.00228	0.00562
11	0.01234	0.01184	0.02023	0.03059	0.79373	0.01184	0.01530	0.01530	0.01135	0.01628	0.00938	0.01234	0.00790	0.00444	0.00493	0.00148	0.00592	0.00444	0.00247	0.00790
12	0.01111	0.01217	0.08428	0.28800	0.40022	0.01164	0.09138	0.01455	0.01086	0.01503	0.00924	0.01261	0.00731	0.00462	0.00503	0.00157	0.00653	0.00452	0.00236	0.00695
13	0.01544	0.01815	0.01321	0.01204	0.01387	0.50921	0.00931	0.03591	0.01249	0.01279	0.01004	0.01578	0.00953	0.05351	0.00813	0.00176	0.15636	0.08413	0.00280	0.00550
14	0.00782	0.00559	0.00776	0.00874	0.00984	0.00553	0.00748	0.01004	0.01164	0.01533	0.10772	0.09788	0.03088	0.01349	0.00675	0.00220	0.00426	0.63778	0.00469	0.00457
15	0.00695	0.00501	0.00657	0.00634	0.00742	0.00463	0.00470	0.00914	0.01362	0.01922	0.70995	0.12059	0.04554	0.01077	0.00593	0.00162	0.00241	0.00956	0.00540	0.00463
16	0.86003	0.00964	0.00733	0.00655	0.00964	0.01118	0.00540	0.01465	0.00848	0.02236	0.00694	0.00810	0.00540	0.00463	0.00308	0.00154	0.00386	0.00270	0.00308	0.00540
17	0.01294	0.01098	0.01158	0.01025	0.01317	0.01265	0.00802	0.08902	0.72131	0.02173	0.01959	0.01804	0.01465	0.00670	0.00506	0.00167	0.00407	0.00554	0.00506	0.00794
18	0.00632	0.00450	0.00597	0.00703	0.00739	0.00425	0.00482	0.00728	0.00966	0.01286	0.04053	0.69859	0.03202	0.06154	0.00748	0.00220	0.00313	0.07583	0.00455	0.00405
19	0.00809	0.00751	0.09038	0.00688	0.00912	0.00540	0.00598	0.00989	0.01114	0.09224	0.04784	0.15496	0.46144	0.01296	0.05136	0.00207	0.00388	0.00947	0.00442	0.00497
20	0.00712	0.00534	0.00801	0.00801	0.00890	0.00623	0.00623	0.00890	0.00801	0.01157	0.01335	0.01958	0.01246	0.03738	0.80507	0.00801	0.01335	0.00534	0.00267	0.00445
21	0.00803	0.00574	0.00803	0.00918	0.01033	0.00574	0.00803	0.01033	0.01147	0.01492	0.02639	0.05622	0.02869	0.01377	0.00688	0.00229	0.00459	0.76018	0.00459	0.00459
22	0.02200	0.00907	0.01193	0.00914	0.01301	0.00819	0.00755	0.10430	0.01524	0.71580	0.01885	0.01643	0.01193	0.00615	0.00501	0.00154	0.00437	0.00496	0.00604	0.00848
23	0.01034	0.00886	0.01034	0.00738	0.01181	0.00664	0.00591	0.01255	0.01034	0.01624	0.00886	0.01034	0.00738	0.00369	0.00369	0.00074	0.00369	0.00295	0.00295	0.85530
24	0.01000	0.02578	0.79900	0.01421	0.02157	0.01158	0.01842	0.01579	0.01052	0.01579	0.00895	0.01052	0.00631	0.00474	0.00474	0.00158	0.00737	0.00368	0.00210	0.00737
25	0.00650	0.00505	0.00591	0.00574	0.00712	0.00446	0.00429	0.00831	0.01272	0.01682	0.43287	0.06721	0.38217	0.01146	0.00590	0.00163	0.00245	0.00986	0.00507	0.00446
26	0.00607	0.00434	0.00578	0.00694	0.00723	0.00405	0.00463	0.00694	0.00954	0.01272	0.02747	0.82157	0.03297	0.01562	0.00636	0.00202	0.00289	0.01417	0.00463	0.00405
27	0.00979	0.00884	0.01317	0.35873	0.14441	0.03026	0.01135	0.01358	0.08438	0.01445	0.01520	0.10732	0.01450	0.00782	0.00547	0.00178	0.00556	0.14436	0.00323	0.00581
28	0.01180	0.01130	0.01926	0.17427	0.65425	0.01170	0.01503	0.01483	0.01110	0.01563	0.00928	0.01251	0.00767	0.00454	0.00494	0.00151	0.00605	0.00444	0.00242	0.00746
29	0.01057	0.18993	0.39554	0.24484	0.03631	0.01315	0.01495	0.01471	0.01029	0.01405	0.00850	0.01082	0.00645	0.00470	0.00449	0.00149	0.00670	0.00370	0.00215	0.00664
30	0.00714	0.00563	0.00665	0.00640	0.00807	0.00498	0.00491	0.00925	0.03212	0.01611	0.27562	0.10589	0.31029	0.01112	0.00577	0.00164	0.00287	0.08589	0.00473	0.09494
31	0.01284	0.01098	0.01539	0.01235	0.01435	0.01298	0.09073	0.15795	0.01172	0.06125	0.00951	0.01269	0.00804	0.03210	0.04754	0.00216	0.38822	0.00457	0.00310	0.09151
32	0.09869	0.01121	0.01156	0.01003	0.01309	0.01285	0.00793	0.16500	0.56514	0.02297	0.01740	0.01631	0.01298	0.00640	0.00486	0.00164	0.00422	0.00513	0.00486	0.00775
33	0.00947	0.03883	0.48407	0.01140	0.01624	0.01001	0.01309	0.01432	0.07397	0.01449	0.01160	0.01645	0.01001	0.17707	0.07566	0.00278	0.00701	0.00469	0.00259	0.00624
34	0.08366	0.01081	0.01688	0.02335	0.54699	0.01059	0.01241	0.01571	0.01127	0.09969	0.01067	0.03279	0.00874	0.00485	0.00470	0.00143	0.00527	0.00445	0.00302	0.09270
35	0.01983	0.01255	0.01409	0.01080	0.01476	0.01337	0.00892	0.58378	0.02108	0.22807	0.01394	0.01325	0.00947	0.00603	0.00499	0.00151	0.00517	0.00462	0.00529	0.00848
36	0.01333	0.82783	0.02612	0.00853	0.01279	0.01972	0.00853	0.01493	0.01013	0.01173	0.00693	0.00800	0.00640	0.00426	0.00320	0.00107	0.00533	0.00267	0.00213	0.00640
37	0.00697	0.00509	0.00654	0.00618	0.00739	0.00467	0.00463	0.00924	0.01390	0.01950	0.73567	0.03804	0.10277	0.01037	0.00588	0.00158	0.00236	0.00913	0.00542	0.00467
38	0.00712	0.00534	0.00801	0.00801	0.00890	0.00623	0.00623	0.00890	0.00801	0.01157	0.01335	0.01958	0.01246	0.03738	0.80507	0.00801	0.01335	0.00534	0.00267	0.00445
39	0.04423	0.01211	0.01367	0.01051	0.01443	0.01277	0.00868	0.51730	0.02011	0.27312	0.01425	0.01344	0.00961	0.00600	0.00494	0.00151	0.00505	0.00460	0.00531	0.00839
40	0.00710	0.00487	0.00594	0.00606	0.00626	0.00500	0.00377	0.00752	0.00763	0.01034	0.01653	0.11409	0.01867	0.59562	0.16515	0.00511	0.00618	0.00764	0.00313	0.00339
41	0.47297	0.00910	0.00929	0.00762	0.01106	0.00940	0.00629	0.01911	0.01116	0.38039	0.01282	0.01220	0.00861	0.00534	0.00398	0.00154	0.00403	0.00377	0.00451	0.00682
42	0.00609	0.00507	0.00532	0.00530	0.00690	0.00431	0.00400	0.00752	0.01172	0.01435	0.14638	0.04675	0.67814	0.01233	0.00591	0.00168	0.00255	0.02666	0.00474	0.00428
43	0.01353	0.01056	0.01152	0.00987	0.01265	0.01172	0.00780	0.30394	0.32119	0.02371	0.09544	0.10992	0.01811	0.00793	0.00530	0.00165	0.00425	0.01858	0.00502	0.00730
44	0.00677	0.00561	0.00601	0.00592	0.00757	0.00513	0.00447	0.00948	0.08929	0.01513	0.15055	0.07616	0.55737	0.01185	0.00585	0.00170	0.00271	0.02898	0.00479	0.00465
45	0.01822	0.02063	0.01308	0.01176	0.01434	0.65812	0.00889	0.01965	0.01383	0.09151	0.00962	0.01059	0.00754	0.00530	0.00446	0.00130	0.00796	0.00351	0.07374	0.00596
46	0.01000	0.02578	0.79900	0.01421	0.02157	0.01158	0.01842	0.01579	0.01052	0.01579	0.00895	0.01052	0.00631	0.00474	0.00474	0.00158	0.00737	0.00368	0.00210	0.00737
47	0.00788	0.00494	0.00640	0.00686	0.00778	0.00448	0.00482	0.00906	0.01071	0.09691	0.10594	0.56797	0.11984	0.01372	0.00612	0.00189	0.00294	0.01226	0.00488	0.00460
48	0.01047	0.00546	0.00706	0.00703	0.00835	0.00497	0.00508	0.01175	0.01087	0.20683	0.03739	0.46370	0.06000	0.04379	0.00646	0.00191	0.00322	0.01043	0.09005	0.00518
49	0.01346	0.01047	0.01130	0.01001	0.01294	0.01186	0.00783	0.02625	0.70285	0.10336	0.02022	0.01842	0.01491	0.00670	0.00507	0.00167	0.00398	0.00557	0.00519	0.00795
50	0.81149	0.00959	0.00776	0.05257	0.01105	0.01118	0.00588	0.01454	0.00857	0.02181	0.00705	0.00839	0.00547	0.00465	0.00319	0.00155	0.00401	0.00280	0.00303	0.00541
51	0.00886	0.00704	0.00819	0.00756	0.00933	0.00735	0.00577	0.01523	0.28140	0.02000	0.49105	0.03124	0.06873	0.00911	0.00560	0.00162	0.00291	0.00791	0.00531	0.00579
52	0.00848	0.00546	0.00713	0.00659	0.00806	0.00508	0.00504	0.01062	0.01320	0.09643	0.55575	0.03441	0.11556	0.01292	0.09073	0.00226	0.00373	0.00838	0.00517	0.00501
53	0.01034	0.00886	0.01034	0.00738	0.01181	0.00664	0.00591	0.01255	0.01034	0.01624	0.00886	0.01034	0.00738	0.00369	0.00369	0.00074	0.00369	0.00295	0.00295	0.85530
54	0.00714	0.00524	0.00752	0.00752	0.00824	0.00597	0.00562	0.00859	0.00787	0.01121	0.01380	0.02205	0.01353	0.18667	0.65725	0.00741	0.01174	0.00570	0.00274	0.00418
55	0.01501	0.01129	0.01221	0.01034	0.01355	0.01264	0.00822	0.21141	0.51963	0.10137	0.01817	0.01680	0.01326	0.00651	0.00504	0.00163	0.00435	0.00529	0.00516	0.00809
56	0.01333	0.82783	0.02612	0.00853	0.01279	0.01972	0.00853	0.01493	0.01013	0.01173	0.00693	0.00800	0.00640	0.00426	0.00320	0.00107	0.00533	0.00267	0.00213	0.00640
57	0.00745	0.00580	0.00850	0.25778	0.01551	0.00631	0.00735	0.00925	0.00982	0.01337	0.02113	0.46243	0.04413	0.01118	0.00561	0.00181	0.00399	0.01002	0.09398	0.00458
58	0.01217	0.00899	0.01384	0.47659	0.06788	0.01037	0.01161	0.01623	0.09302	0.15779	0.01230	0.01479	0.00900	0.00728	0.05086	0.00200	0.02090	0.00472	0.00328	0.00639
59	0.01712	0.00931	0.01306	0.15907	0.09974	0.00941	0.00947	0.02161	0.15236	0.42986	0.01670	0.01609	0.01134	0.00587	0.00501	0.00158	0.00481	0.00496	0.00485	0.00777
60	0.01248	0.15592	0.50594	0.01287	0.01875	0.15848	0.01487	0.01665	0.01123	0.03695	0.00870	0.01001	0.00652	0.00477	0.00445	0.00144	0.00724	0.00347	0.00231	0.00695
61	0.01863	0.00960	0.01092	0.00888	0.01205	0.09186	0.00712	0.02121	0.05445	0.53048	0.16012	0.01993	0.01823	0.00683	0.00512	0.00153	0.00438	0.00559	0.00560	0.00747

[dist]
# distance from previous block
# <min> <max>
0	1

[block]
# block no. 6 follows, 50 sequences, length 29
# corresponding to MSA columns:
# 367-395
name=unknown_G
#
