[name]
unknown

[dist]
# distance from previous block
# <min> <max>
0	1

[block]
# block no. 0 follows, 50 sequences, length 23
# corresponding to MSA columns:
# 1-23
name=unknown_A
#
# <colnr> <probs for GDERKNQSTAVLIFYWHMCP>
#	G	D	E	R	K	N	Q	S	T	A	V	L	I	F	Y	W	H	M	C	P
0	0.00951	0.00706	0.00862	0.00940	0.01079	0.05784	0.00810	0.01172	0.01180	0.05764	0.02481	0.05100	0.02634	0.01279	0.00663	0.00219	0.00486	0.66949	0.00454	0.00488
1	0.01748	0.04991	0.03762	0.01311	0.01601	0.59824	0.06894	0.01916	0.01335	0.06366	0.00861	0.00997	0.00690	0.00529	0.00525	0.00138	0.05270	0.00359	0.00275	0.00608
2	0.00716	0.00520	0.00730	0.00730	0.00794	0.00584	0.00534	0.00844	0.00780	0.01104	0.01400	0.02319	0.01403	0.25545	0.58915	0.00713	0.01099	0.00587	0.00277	0.00405
3	0.00990	0.00946	0.01630	0.57586	0.13283	0.01108	0.07108	0.01311	0.01044	0.01383	0.05265	0.01443	0.00913	0.00527	0.00549	0.00165	0.03434	0.00479	0.00245	0.00589
4	0.00742	0.00643	0.06676	0.00617	0.00675	0.00533	0.00427	0.00790	0.00758	0.01024	0.01559	0.05812	0.01772	0.73355	0.02312	0.00448	0.00496	0.00721	0.00300	0.00339
5	0.01407	0.01437	0.04541	0.01776	0.04452	0.05688	0.45332	0.22647	0.01494	0.01991	0.01031	0.01259	0.00769	0.00492	0.00584	0.00162	0.03385	0.00520	0.00318	0.00717
6	0.01863	0.02336	0.01416	0.01279	0.01541	0.77324	0.00962	0.05019	0.01450	0.01297	0.00788	0.00911	0.00650	0.00517	0.00451	0.00129	0.00885	0.00326	0.00266	0.00589
7	0.00607	0.00434	0.00578	0.00694	0.00723	0.00405	0.00463	0.00694	0.00954	0.01272	0.02747	0.82157	0.03297	0.01562	0.00636	0.00202	0.00289	0.01417	0.00463	0.00405
8	0.00614	0.00439	0.00584	0.00690	0.00724	0.00409	0.00463	0.00710	0.00984	0.01320	0.07718	0.77051	0.03388	0.01526	0.00633	0.00199	0.00286	0.01383	0.00468	0.00409
9	0.86003	0.00964	0.00733	0.00655	0.00964	0.01118	0.00540	0.01465	0.00848	0.02236	0.00694	0.00810	0.00540	0.00463	0.00308	0.00154	0.00386	0.00270	0.00308	0.00540
10	0.02236	0.00848	0.01157	0.00887	0.01272	0.00733	0.00733	0.02429	0.01427	0.79719	0.01966	0.01697	0.01234	0.00617	0.00501	0.00154	0.00424	0.00501	0.00617	0.00848
11	0.01034	0.00886	0.01034	0.00738	0.01181	0.00664	0.00591	0.01255	0.01034	0.01624	0.00886	0.01034	0.00738	0.00369	0.00369	0.00074	0.00369	0.00295	0.00295	0.85530
12	0.00713	0.00529	0.00775	0.00775	0.00856	0.00609	0.00591	0.00874	0.00793	0.01138	0.01359	0.02088	0.01302	0.11562	0.72761	0.00769	0.01250	0.00553	0.00271	0.00431
13	0.00941	0.00886	0.01495	0.81285	0.03433	0.01107	0.01384	0.01274	0.00997	0.01274	0.00886	0.01329	0.00664	0.00498	0.00498	0.00166	0.00664	0.00443	0.00221	0.00554
14	0.86003	0.00964	0.00733	0.00655	0.00964	0.01118	0.00540	0.01465	0.00848	0.02236	0.00694	0.00810	0.00540	0.00463	0.00308	0.00154	0.00386	0.00270	0.00308	0.00540
15	0.86003	0.00964	0.00733	0.00655	0.00964	0.01118	0.00540	0.01465	0.00848	0.02236	0.00694	0.00810	0.00540	0.00463	0.00308	0.00154	0.00386	0.00270	0.00308	0.00540
16	0.01756	0.10050	0.01510	0.01207	0.01493	0.59454	0.00935	0.07853	0.08491	0.01443	0.00911	0.01000	0.00738	0.00527	0.00446	0.00132	0.00790	0.00348	0.00294	0.00624
17	0.01384	0.00656	0.00868	0.00764	0.00988	0.00586	0.00590	0.01579	0.02902	0.37331	0.17647	0.23491	0.07123	0.00985	0.00559	0.00169	0.00340	0.00856	0.00551	0.00630
18	0.00956	0.00566	0.00724	0.00679	0.00831	0.00524	0.00510	0.01192	0.04042	0.14196	0.41349	0.18170	0.07595	0.01035	0.00567	0.00164	0.00282	0.00908	0.05183	0.00526
19	0.00679	0.00497	0.00579	0.00581	0.00680	0.00454	0.00412	0.00778	0.01061	0.01373	0.19957	0.06765	0.32702	0.19346	0.01135	0.06834	0.00327	0.05023	0.00427	0.00391
20	0.01582	0.01032	0.01287	0.01099	0.04105	0.01110	0.02867	0.19296	0.18191	0.23487	0.08970	0.03238	0.01488	0.00697	0.00634	0.00164	0.08956	0.00552	0.00492	0.00752
21	0.30167	0.07420	0.05903	0.01289	0.07534	0.18496	0.11921	0.08789	0.01204	0.01848	0.00833	0.00988	0.00654	0.00477	0.00422	0.00146	0.00624	0.00362	0.00290	0.00634
22	0.07147	0.19521	0.01595	0.01096	0.01413	0.47431	0.00878	0.04500	0.03143	0.01396	0.00803	0.00916	0.00671	0.00487	0.00409	0.00123	0.00721	0.00314	0.00268	0.07167

[dist]
# distance from previous block
# <min> <max>
0	2

[block]
# block no. 1 follows, 50 sequences, length 115
# corresponding to MSA columns:
# 26-69,96-126,130-157,161-172
name=unknown_B
#
# <colnr> <probs for GDERKNQSTAVLIFYWHMCP>
#	G	D	E	R	K	N	Q	S	T	A	V	L	I	F	Y	W	H	M	C	P
0	0.01056	0.01282	0.15107	0.02949	0.02847	0.06990	0.18054	0.02572	0.04470	0.04181	0.10827	0.18173	0.03092	0.00804	0.00615	0.00171	0.05135	0.00725	0.00352	0.00599
1	0.00607	0.00434	0.00578	0.00694	0.00723	0.00405	0.00463	0.00694	0.00954	0.01272	0.02747	0.82157	0.03297	0.01562	0.00636	0.00202	0.00289	0.01417	0.00463	0.00405
2	0.00612	0.00473	0.00553	0.00602	0.00697	0.00423	0.00422	0.00722	0.01048	0.01331	0.07977	0.38658	0.36885	0.04997	0.02049	0.00207	0.00296	0.01181	0.00457	0.00412
3	0.01673	0.01262	0.01352	0.01077	0.01431	0.01397	0.00875	0.58503	0.14945	0.02806	0.01571	0.04918	0.04511	0.00682	0.00510	0.00156	0.00499	0.00536	0.00497	0.00800
4	0.01278	0.00955	0.01112	0.00812	0.01243	0.00797	0.00656	0.12313	0.01261	0.09697	0.01039	0.01124	0.00804	0.00427	0.00401	0.00093	0.00400	0.00338	0.00357	0.64895
5	0.00686	0.00506	0.00641	0.00614	0.00734	0.00461	0.00458	0.00900	0.01355	0.01882	0.66100	0.07209	0.14451	0.01074	0.00590	0.00160	0.00240	0.00943	0.00534	0.00461
6	0.84421	0.00962	0.00741	0.00660	0.00970	0.01111	0.00543	0.01483	0.00859	0.03700	0.00718	0.00826	0.00553	0.00466	0.00312	0.00154	0.00386	0.00274	0.00314	0.00546
7	0.01863	0.02334	0.01416	0.01278	0.01541	0.77116	0.00962	0.05219	0.01452	0.01302	0.00789	0.00912	0.00651	0.00517	0.00452	0.00129	0.00884	0.00326	0.00267	0.00589
8	0.00941	0.00886	0.01495	0.81285	0.03433	0.01107	0.01384	0.01274	0.00997	0.01274	0.00886	0.01329	0.00664	0.00498	0.00498	0.00166	0.00664	0.00443	0.00221	0.00554
9	0.00686	0.00509	0.00639	0.00606	0.00732	0.00462	0.00455	0.00902	0.01364	0.01887	0.66437	0.03907	0.17446	0.01061	0.00588	0.00159	0.00238	0.00927	0.00534	0.00462
10	0.08529	0.01173	0.01301	0.01027	0.01396	0.01252	0.00847	0.45691	0.06123	0.21699	0.01456	0.01524	0.01046	0.00631	0.00493	0.00156	0.00493	0.03848	0.00511	0.00803
11	0.00964	0.00830	0.04653	0.00950	0.01191	0.00743	0.11921	0.06418	0.06087	0.05752	0.40974	0.08927	0.06721	0.00890	0.00571	0.00163	0.00392	0.00807	0.00477	0.00568
12	0.01111	0.00944	0.01012	0.00919	0.01167	0.01063	0.00711	0.02248	0.61051	0.02021	0.14395	0.02354	0.07309	0.00770	0.00525	0.00167	0.00360	0.00650	0.00511	0.00714
13	0.01377	0.66189	0.08370	0.00946	0.01381	0.08607	0.00942	0.04896	0.01109	0.01294	0.00737	0.00845	0.00648	0.00445	0.00351	0.00114	0.00581	0.00287	0.00229	0.00651
14	0.00611	0.00437	0.00582	0.00691	0.00724	0.00408	0.00463	0.00705	0.00974	0.01304	0.06023	0.78792	0.03357	0.01538	0.00634	0.00200	0.00287	0.01395	0.00466	0.00408
15	0.02382	0.00933	0.01191	0.04931	0.04651	0.04168	0.07507	0.09735	0.13941	0.08999	0.10163	0.13214	0.12597	0.00854	0.00568	0.00167	0.02190	0.00740	0.00442	0.00625
16	0.01265	0.02541	0.14089	0.03215	0.43013	0.03335	0.03808	0.01619	0.03776	0.09446	0.01218	0.04909	0.01025	0.00565	0.00506	0.00157	0.00589	0.03876	0.00305	0.00741
17	0.01792	0.01361	0.01449	0.01134	0.01485	0.04348	0.00929	0.65235	0.02119	0.04091	0.01173	0.01261	0.00869	0.02993	0.02184	0.00175	0.05688	0.00454	0.00464	0.00796
18	0.01226	0.04349	0.22965	0.01551	0.08210	0.01286	0.17592	0.12729	0.10989	0.01843	0.03892	0.01343	0.00963	0.00559	0.00615	0.00163	0.08209	0.00480	0.00315	0.00719
19	0.01546	0.01209	0.01261	0.01052	0.01378	0.03562	0.00840	0.32556	0.40426	0.05352	0.01645	0.01562	0.01209	0.00635	0.00497	0.00158	0.00466	0.00505	0.03345	0.00798
20	0.00997	0.00850	0.01081	0.01014	0.05172	0.04196	0.06752	0.11661	0.05478	0.01740	0.16444	0.18118	0.14714	0.02258	0.00692	0.03039	0.03985	0.00833	0.00428	0.00548
21	0.01258	0.01013	0.01076	0.00966	0.01239	0.01157	0.00752	0.02522	0.69059	0.05398	0.01994	0.01853	0.01490	0.00666	0.00494	0.00164	0.00383	0.00553	0.07198	0.00766
22	0.00612	0.00437	0.00575	0.00684	0.00714	0.00409	0.00454	0.00696	0.00948	0.01260	0.02742	0.77109	0.04777	0.05117	0.00719	0.00214	0.00297	0.01379	0.00456	0.00401
23	0.01049	0.00896	0.01056	0.03049	0.01253	0.00695	0.00621	0.02837	0.01060	0.01646	0.00892	0.01045	0.00738	0.00378	0.00376	0.00078	0.00381	0.00303	0.00297	0.81349
24	0.04442	0.02235	0.00649	0.00594	0.00692	0.00585	0.00409	0.04458	0.02173	0.01478	0.12394	0.07887	0.10420	0.34974	0.01345	0.00290	0.00373	0.00743	0.13441	0.00418
25	0.01063	0.03654	0.44726	0.01569	0.02159	0.02846	0.26483	0.01539	0.01083	0.01547	0.00968	0.01214	0.00725	0.00668	0.05659	0.00200	0.00798	0.00450	0.01962	0.00686
26	0.01817	0.01539	0.01455	0.01179	0.01518	0.21465	0.03521	0.37681	0.07885	0.11628	0.01217	0.01234	0.00884	0.00591	0.00539	0.00150	0.04075	0.00436	0.00432	0.00756
27	0.12658	0.01166	0.01240	0.00994	0.01335	0.01265	0.00806	0.49994	0.03059	0.06581	0.01362	0.11198	0.01136	0.00692	0.00486	0.00154	0.00479	0.00543	0.00467	0.04385
28	0.08020	0.01197	0.01328	0.04001	0.03687	0.01357	0.00899	0.37777	0.22502	0.05370	0.01363	0.01373	0.01005	0.00620	0.00559	0.00160	0.05843	0.00467	0.01701	0.00771
29	0.01647	0.06331	0.05202	0.01361	0.01684	0.54370	0.12239	0.05087	0.01355	0.01369	0.00849	0.01024	0.00693	0.00635	0.03879	0.00164	0.00867	0.00374	0.00263	0.00608
30	0.00621	0.00502	0.00553	0.00549	0.00695	0.00433	0.00408	0.00774	0.01199	0.01517	0.24767	0.09227	0.54577	0.01215	0.00592	0.00167	0.00250	0.01034	0.00486	0.00433
31	0.01383	0.00946	0.01210	0.25620	0.01880	0.01055	0.00922	0.17881	0.13649	0.13672	0.01422	0.01531	0.01030	0.00580	0.00475	0.00153	0.00487	0.00476	0.14947	0.00682
32	0.00962	0.00864	0.01359	0.62316	0.02858	0.01056	0.01210	0.02523	0.06319	0.01439	0.07167	0.01569	0.01072	0.00567	0.00531	0.00165	0.02883	0.00488	0.04089	0.00563
33	0.00614	0.00485	0.00553	0.00592	0.00708	0.00426	0.00429	0.00737	0.01091	0.01368	0.09149	0.29759	0.45419	0.02339	0.00632	0.00185	0.00275	0.04352	0.00466	0.00419
34	0.02041	0.00853	0.03329	0.00855	0.01218	0.00713	0.00721	0.02249	0.01378	0.68205	0.03403	0.01734	0.01289	0.00617	0.00487	0.00151	0.00410	0.00502	0.09047	0.00799
35	0.01215	0.00642	0.00831	0.00734	0.00935	0.00595	0.00567	0.02654	0.04987	0.25681	0.37880	0.12633	0.03111	0.00922	0.00552	0.00160	0.00312	0.00801	0.04190	0.00598
36	0.01895	0.01396	0.01496	0.01147	0.01546	0.01546	0.00947	0.77711	0.02344	0.03141	0.01197	0.01197	0.00848	0.00598	0.00499	0.00150	0.00548	0.00449	0.00499	0.00848
37	0.01054	0.00902	0.01051	0.00761	0.01192	0.00707	0.00609	0.02469	0.03243	0.01654	0.00920	0.01060	0.00761	0.00389	0.00394	0.00080	0.01566	0.00307	0.00303	0.80578
38	0.01405	0.60023	0.02239	0.00919	0.01307	0.08941	0.00853	0.09232	0.04679	0.01452	0.04262	0.01025	0.00879	0.00489	0.00370	0.00118	0.00548	0.00331	0.00274	0.00654
39	0.81092	0.00981	0.00772	0.00680	0.00994	0.01131	0.00560	0.04751	0.00921	0.03481	0.00735	0.00840	0.00564	0.00471	0.00320	0.00154	0.00393	0.00281	0.00321	0.00558
40	0.05037	0.09304	0.01269	0.06431	0.02575	0.08782	0.00801	0.08545	0.26383	0.07052	0.16751	0.01867	0.01785	0.00667	0.00488	0.00153	0.00462	0.00540	0.00436	0.00673
41	0.00707	0.00499	0.00595	0.00614	0.00627	0.00508	0.00380	0.00738	0.00799	0.01067	0.01948	0.22924	0.04913	0.55687	0.01952	0.00390	0.04068	0.00897	0.00344	0.00343
42	0.00623	0.00451	0.00593	0.00702	0.00747	0.00421	0.00487	0.00725	0.00983	0.01296	0.02885	0.70525	0.08097	0.01526	0.00638	0.00203	0.00302	0.07925	0.00462	0.00411
43	0.00616	0.00453	0.00570	0.00650	0.00708	0.00415	0.00442	0.00716	0.01007	0.01321	0.08215	0.60037	0.16590	0.04903	0.00705	0.00205	0.00287	0.01289	0.00462	0.00408
44	0.01817	0.01105	0.01268	0.01008	0.01365	0.01161	0.00820	0.33797	0.17281	0.28317	0.05502	0.01622	0.01303	0.00641	0.00506	0.00155	0.00461	0.00512	0.00542	0.00817
45	0.00749	0.00529	0.00642	0.00605	0.00744	0.00481	0.00452	0.00963	0.02581	0.04859	0.50566	0.03843	0.23905	0.04713	0.00667	0.00174	0.00261	0.00905	0.01891	0.00470
46	0.01333	0.82783	0.02612	0.00853	0.01279	0.01972	0.00853	0.01493	0.01013	0.01173	0.00693	0.00800	0.00640	0.00426	0.00320	0.00107	0.00533	0.00267	0.00213	0.00640
47	0.02843	0.28837	0.29547	0.01253	0.07746	0.02962	0.01234	0.04920	0.07906	0.04201	0.03484	0.01159	0.00883	0.00502	0.00429	0.00140	0.00589	0.00380	0.00280	0.00706
48	0.01483	0.14064	0.07082	0.04834	0.13248	0.28219	0.06447	0.05423	0.01271	0.05966	0.02314	0.04590	0.00899	0.00548	0.00479	0.00142	0.01614	0.00433	0.00290	0.00655
49	0.38080	0.03149	0.01178	0.01023	0.02954	0.27020	0.01993	0.11287	0.01245	0.03245	0.00845	0.02178	0.00680	0.00525	0.00431	0.00147	0.02756	0.00344	0.00317	0.00604
50	0.00952	0.00901	0.01497	0.75588	0.03282	0.01137	0.01363	0.01268	0.00980	0.01268	0.00869	0.01312	0.00664	0.00525	0.00579	0.00170	0.06427	0.00442	0.00221	0.00553
51	0.03318	0.00707	0.00841	0.00699	0.00955	0.00671	0.00560	0.07260	0.01299	0.35308	0.01721	0.01719	0.01212	0.00595	0.00424	0.00136	0.00341	0.00475	0.41100	0.00658
52	0.00664	0.00520	0.00733	0.00764	0.00835	0.00507	0.03914	0.00784	0.01005	0.01345	0.08778	0.58966	0.10409	0.01469	0.02934	0.00212	0.04053	0.01235	0.00443	0.00431
53	0.00689	0.00476	0.00588	0.00618	0.00643	0.00474	0.00391	0.00747	0.00844	0.01142	0.07156	0.25367	0.02370	0.46242	0.09713	0.00414	0.00497	0.00912	0.00361	0.00357
54	0.00910	0.00566	0.00653	0.00598	0.00788	0.00488	0.00456	0.01063	0.01223	0.15363	0.18601	0.03975	0.47717	0.04564	0.00656	0.00177	0.00289	0.00911	0.00500	0.00501
55	0.01830	0.02289	0.01418	0.04157	0.01609	0.74977	0.00978	0.04506	0.01429	0.01286	0.00789	0.00924	0.00650	0.00516	0.00453	0.00130	0.00879	0.00330	0.00264	0.00586
56	0.00662	0.00492	0.00680	0.08972	0.00998	0.00486	0.00552	0.00777	0.01000	0.01330	0.10084	0.58343	0.07231	0.01390	0.00672	0.03946	0.00327	0.01203	0.00435	0.00419
57	0.03459	0.00932	0.01374	0.39737	0.08441	0.01026	0.01099	0.03569	0.01046	0.04095	0.00955	0.03142	0.00775	0.00526	0.00561	0.00146	0.07369	0.00427	0.00271	0.21050
58	0.00956	0.00887	0.01484	0.66717	0.06545	0.01069	0.03853	0.01307	0.03223	0.01343	0.01029	0.04825	0.00831	0.00547	0.00502	0.00165	0.00629	0.00494	0.03029	0.00566
59	0.00985	0.00949	0.01613	0.64549	0.06503	0.01164	0.06196	0.01298	0.00990	0.01302	0.00872	0.01301	0.00675	0.00530	0.00621	0.00171	0.09036	0.00452	0.00224	0.00571
60	0.02989	0.00693	0.00930	0.04199	0.01110	0.00644	0.02808	0.01515	0.04027	0.27918	0.32086	0.02929	0.12827	0.00861	0.00549	0.00160	0.00350	0.02265	0.00530	0.00612
61	0.00687	0.00506	0.00650	0.00642	0.00754	0.00459	0.00468	0.00877	0.01260	0.01755	0.51543	0.24183	0.08429	0.01147	0.00591	0.00166	0.00256	0.01019	0.00510	0.04099
62	0.00607	0.00434	0.00578	0.00694	0.00723	0.00405	0.00463	0.00694	0.00954	0.01272	0.02747	0.82157	0.03297	0.01562	0.00636	0.00202	0.00289	0.01417	0.00463	0.00405
63	0.01091	0.01091	0.01527	0.01309	0.01309	0.01527	0.01091	0.01200	0.00763	0.01200	0.00654	0.01091	0.00654	0.00872	0.01636	0.00218	0.81570	0.00436	0.00218	0.00545
64	0.00988	0.00950	0.01505	0.56262	0.02768	0.01239	0.01292	0.01250	0.00924	0.01250	0.00813	0.01254	0.00661	0.00615	0.00854	0.00182	0.25978	0.00441	0.00220	0.00551
65	0.00663	0.00506	0.00587	0.00619	0.00728	0.00462	0.00460	0.00789	0.01064	0.01344	0.09028	0.13847	0.37165	0.15560	0.00955	0.00238	0.00334	0.14805	0.00440	0.00409
66	0.01615	0.01315	0.01374	0.07541	0.03401	0.08307	0.00940	0.37244	0.25308	0.05595	0.01414	0.01405	0.01035	0.00604	0.00497	0.00155	0.00537	0.00474	0.00457	0.00781
67	0.00726	0.00485	0.00548	0.00550	0.00552	0.00485	0.00311	0.00730	0.00732	0.00976	0.01589	0.03303	0.01830	0.81081	0.02505	0.00479	0.00483	0.02026	0.00305	0.00305
68	0.01267	0.02975	0.01988	0.02884	0.72308	0.05088	0.01472	0.01574	0.02722	0.01608	0.00946	0.01221	0.00794	0.00452	0.00488	0.00147	0.00602	0.00437	0.00252	0.00776
69	0.32040	0.11241	0.06401	0.04047	0.09221	0.03160	0.00905	0.03680	0.02149	0.08285	0.00901	0.01068	0.00713	0.00657	0.03653	0.00181	0.10411	0.00360	0.00301	0.00627
70	0.01278	0.00953	0.01253	0.12009	0.11134	0.02462	0.00850	0.02471	0.01132	0.14880	0.01078	0.01210	0.00818	0.00444	0.00428	0.00111	0.00459	0.00371	0.00336	0.46322
71	0.00738	0.00547	0.00703	0.00638	0.00789	0.00490	0.00482	0.00972	0.01373	0.01961	0.71241	0.03453	0.04304	0.00954	0.00566	0.00148	0.00249	0.00840	0.00523	0.09027
72	0.09358	0.01197	0.01289	0.06492	0.01506	0.06723	0.00874	0.29937	0.10103	0.19982	0.01347	0.01350	0.00956	0.00670	0.02372	0.00171	0.04015	0.00449	0.00456	0.00753
73	0.02018	0.02075	0.01162	0.00890	0.01235	0.00830	0.00735	0.08571	0.01438	0.61361	0.02883	0.01655	0.01219	0.00627	0.00538	0.00153	0.04063	0.00493	0.07259	0.00796
74	0.01024	0.00564	0.00715	0.00676	0.00841	0.00503	0.00506	0.01185	0.01213	0.19901	0.21042	0.25941	0.17917	0.01109	0.00571	0.00170	0.00298	0.00966	0.04327	0.00530
75	0.04046	0.01179	0.07408	0.21374	0.43261	0.01123	0.04753	0.01519	0.01104	0.06683	0.01013	0.02546	0.00807	0.00488	0.00494	0.00155	0.00608	0.00458	0.00268	0.00713
76	0.00725	0.00483	0.00544	0.00544	0.00544	0.00483	0.00302	0.00725	0.00725	0.00966	0.01571	0.03262	0.01812	0.82483	0.02537	0.00483	0.00483	0.00725	0.00302	0.00302
77	0.01894	0.01416	0.01494	0.01150	0.01546	0.03158	0.00948	0.76165	0.02325	0.03102	0.01188	0.01191	0.00843	0.00597	0.00498	0.00149	0.00556	0.00446	0.00494	0.00842
78	0.01034	0.00886	0.01034	0.00738	0.01181	0.00664	0.00591	0.01255	0.01034	0.01624	0.00886	0.01034	0.00738	0.00369	0.00369	0.00074	0.00369	0.00295	0.00295	0.85530
79	0.01386	0.65565	0.02296	0.00892	0.01274	0.13560	0.00837	0.01546	0.01074	0.01223	0.00764	0.00882	0.00681	0.00449	0.00341	0.00110	0.00568	0.00287	0.05645	0.00619
80	0.81059	0.00981	0.00772	0.00681	0.00994	0.01131	0.00561	0.04827	0.00923	0.03434	0.00735	0.00840	0.00564	0.00471	0.00320	0.00154	0.00393	0.00281	0.00321	0.00558
81	0.04157	0.01218	0.04262	0.08136	0.22151	0.02446	0.13130	0.18874	0.02320	0.11169	0.04472	0.01391	0.00998	0.00540	0.00534	0.00156	0.02458	0.00485	0.00363	0.00740
82	0.00751	0.00562	0.00718	0.03505	0.00879	0.01683	0.00542	0.04254	0.00956	0.01281	0.02061	0.39822	0.02335	0.18134	0.15617	0.00365	0.01536	0.04193	0.00382	0.00423
83	0.00622	0.00496	0.00527	0.00533	0.00657	0.00434	0.00376	0.00728	0.01062	0.01308	0.08409	0.10341	0.54944	0.16236	0.00952	0.00228	0.00297	0.01011	0.00438	0.00400
84	0.02236	0.00848	0.01157	0.00887	0.01272	0.00733	0.00733	0.02429	0.01427	0.79719	0.01966	0.01697	0.01234	0.00617	0.00501	0.00154	0.00424	0.00501	0.00617	0.00848
85	0.00876	0.00542	0.00701	0.00642	0.00779	0.00499	0.00481	0.01089	0.01348	0.10091	0.62351	0.03408	0.03997	0.07116	0.00717	0.00180	0.00274	0.00830	0.03583	0.00497
86	0.36795	0.00890	0.00957	0.00778	0.01120	0.00897	0.00640	0.03544	0.01190	0.42598	0.01409	0.01327	0.00941	0.00551	0.00415	0.00152	0.00402	0.00403	0.04288	0.00704
87	0.00957	0.00645	0.00793	0.00730	0.00904	0.00634	0.00561	0.02283	0.14059	0.09940	0.46718	0.07379	0.07945	0.00970	0.00571	0.00164	0.00296	0.03356	0.00536	0.00560
88	0.86003	0.00964	0.00733	0.00655	0.00964	0.01118	0.00540	0.01465	0.00848	0.02236	0.00694	0.00810	0.00540	0.00463	0.00308	0.00154	0.00386	0.00270	0.00308	0.00540
89	0.01181	0.01130	0.01928	0.17181	0.65664	0.01170	0.01503	0.01483	0.01110	0.01564	0.00928	0.01251	0.00767	0.00454	0.00494	0.00151	0.00605	0.00444	0.00242	0.00747
90	0.00636	0.00465	0.00634	0.00770	0.03396	0.00436	0.00499	0.00740	0.00993	0.01336	0.08099	0.73849	0.03311	0.01485	0.00628	0.00197	0.00296	0.01347	0.00461	0.00423
91	0.00673	0.00490	0.00634	0.00637	0.00735	0.00450	0.00463	0.00863	0.01276	0.01772	0.54909	0.24045	0.08844	0.01174	0.00600	0.00169	0.00250	0.01044	0.00521	0.00450
92	0.01160	0.01458	0.10047	0.02038	0.02564	0.01251	0.70571	0.01595	0.01165	0.01595	0.00998	0.01318	0.00745	0.00425	0.00578	0.00167	0.00831	0.00568	0.00248	0.00678
93	0.00626	0.00504	0.00558	0.00549	0.00697	0.00436	0.00410	0.00786	0.01217	0.01550	0.28292	0.06671	0.53565	0.01194	0.00590	0.00166	0.00248	0.01015	0.00490	0.00436
94	0.00862	0.00435	0.00653	0.00653	0.00655	0.00437	0.00437	0.00655	0.00653	0.00873	0.00877	0.01525	0.00875	0.01778	0.03758	0.83547	0.00454	0.00435	0.00218	0.00222
95	0.01023	0.00928	0.03159	0.59347	0.11383	0.01050	0.02942	0.01337	0.01036	0.04869	0.01051	0.04905	0.00842	0.00545	0.00500	0.00163	0.00619	0.00491	0.03219	0.00590
96	0.01782	0.01238	0.01352	0.01068	0.01433	0.01354	0.00872	0.52230	0.16170	0.12082	0.01457	0.01401	0.01033	0.00614	0.00495	0.00153	0.00494	0.00477	0.03471	0.00824
97	0.01034	0.00886	0.01034	0.00738	0.01181	0.00664	0.00591	0.01255	0.01034	0.01624	0.00886	0.01034	0.00738	0.00369	0.00369	0.00074	0.00369	0.00295	0.00295	0.85530
98	0.64475	0.01050	0.03392	0.00762	0.01094	0.01136	0.00646	0.07484	0.07202	0.07429	0.00930	0.00990	0.00691	0.00501	0.00357	0.00155	0.00413	0.00326	0.00356	0.00610
99	0.00728	0.00496	0.00586	0.00598	0.00630	0.00488	0.00373	0.00774	0.00802	0.01096	0.01758	0.14709	0.01997	0.58052	0.05352	0.00418	0.00478	0.04175	0.03182	0.03309
100	0.03999	0.07417	0.01622	0.44750	0.19901	0.01167	0.01263	0.04639	0.01095	0.04279	0.01011	0.04886	0.00833	0.00536	0.00483	0.00157	0.00598	0.00470	0.00266	0.00629
101	0.01148	0.01094	0.01856	0.20976	0.59354	0.01143	0.01461	0.01449	0.01109	0.01550	0.02500	0.01350	0.01850	0.00478	0.00498	0.00153	0.00597	0.00461	0.00250	0.00724
102	0.01173	0.04918	0.50087	0.01358	0.01959	0.01132	0.10751	0.04102	0.03942	0.09410	0.03412	0.01359	0.03087	0.00529	0.00493	0.00157	0.00664	0.00449	0.00293	0.00725
103	0.00749	0.00503	0.00601	0.00590	0.00639	0.00492	0.00381	0.00824	0.00924	0.02906	0.18484	0.03426	0.05842	0.53655	0.05006	0.00396	0.00451	0.03392	0.00373	0.00366
104	0.01138	0.00738	0.00773	0.00712	0.00829	0.06885	0.00494	0.04461	0.01018	0.14982	0.01673	0.06247	0.01677	0.46687	0.01650	0.00341	0.00488	0.04746	0.03999	0.00463
105	0.03094	0.00877	0.01061	0.00777	0.01201	0.00692	0.00628	0.01577	0.01136	0.22752	0.01174	0.01208	0.00868	0.00438	0.00404	0.00097	0.00384	0.00350	0.00383	0.60898
106	0.00730	0.00492	0.00575	0.00591	0.00606	0.00491	0.00365	0.00759	0.00781	0.01037	0.01731	0.06066	0.01981	0.70569	0.02264	0.00445	0.00474	0.09395	0.00325	0.00323
107	0.01104	0.01840	0.38835	0.05195	0.04990	0.01231	0.19927	0.01529	0.01045	0.04014	0.00916	0.01169	0.00692	0.00534	0.00705	0.00171	0.14736	0.00444	0.00237	0.00685
108	0.00653	0.00495	0.00690	0.07702	0.00978	0.00504	0.00564	0.00761	0.00951	0.01270	0.02515	0.72396	0.02979	0.01446	0.00658	0.00200	0.03082	0.01299	0.00433	0.00423
109	0.00725	0.00631	0.03308	0.00768	0.02171	0.00598	0.00588	0.00907	0.01159	0.01601	0.35722	0.20796	0.14784	0.01253	0.04218	0.00203	0.08694	0.00949	0.00454	0.00469
110	0.01004	0.00953	0.01592	0.61907	0.16858	0.01149	0.01390	0.01314	0.01006	0.01332	0.00880	0.01296	0.00686	0.00514	0.00574	0.00166	0.06115	0.00443	0.00226	0.00595
111	0.01262	0.01082	0.01140	0.01019	0.01305	0.01250	0.00794	0.05198	0.75887	0.02121	0.02000	0.01837	0.01499	0.00674	0.00507	0.00168	0.00400	0.00560	0.00507	0.00791
112	0.00710	0.00491	0.00604	0.00614	0.00639	0.00507	0.00390	0.00759	0.00768	0.01042	0.01673	0.09739	0.03033	0.56480	0.19968	0.00526	0.00656	0.00746	0.00310	0.00345
113	0.17953	0.00919	0.01057	0.00838	0.01198	0.00886	0.00683	0.07308	0.07948	0.37776	0.04801	0.01492	0.01172	0.00571	0.00448	0.00143	0.00407	0.00445	0.00489	0.13465
114	0.22655	0.30605	0.03955	0.01046	0.01411	0.10319	0.09341	0.04135	0.01082	0.04919	0.00811	0.00951	0.00661	0.00488	0.00464	0.00140	0.05782	0.00339	0.00273	0.00624

[dist]
# distance from previous block
# <min> <max>
0	1

[block]
# block no. 2 follows, 50 sequences, length 13
# corresponding to MSA columns:
# 174-186
name=unknown_C
#
# <colnr> <probs for GDERKNQSTAVLIFYWHMCP>
#	G	D	E	R	K	N	Q	S	T	A	V	L	I	F	Y	W	H	M	C	P
0	0.03212	0.22878	0.04844	0.01122	0.01391	0.16283	0.03729	0.01613	0.02595	0.10270	0.00924	0.01111	0.00764	0.00768	0.05066	0.00190	0.21953	0.00384	0.00281	0.00623
1	0.07771	0.46749	0.03562	0.00883	0.01288	0.01543	0.00825	0.09797	0.01243	0.18582	0.02855	0.01111	0.00878	0.00504	0.00387	0.00127	0.00497	0.00354	0.00346	0.00698
2	0.07542	0.14156	0.05959	0.04532	0.27603	0.01280	0.03551	0.03102	0.17868	0.06069	0.01263	0.01365	0.02547	0.00525	0.00460	0.00149	0.00526	0.00445	0.00329	0.00729
3	0.00758	0.00527	0.00651	0.00610	0.00755	0.00472	0.00461	0.00963	0.01341	0.06033	0.55909	0.03890	0.23651	0.01060	0.00584	0.00160	0.00250	0.00918	0.00530	0.00478
4	0.01050	0.00881	0.00983	0.03503	0.01195	0.00991	0.00711	0.02042	0.52763	0.01886	0.09628	0.18307	0.02163	0.00883	0.00541	0.00175	0.00366	0.00766	0.00493	0.00673
5	0.01706	0.08233	0.01225	0.00868	0.01193	0.01025	0.00720	0.23327	0.03963	0.30058	0.05100	0.01604	0.01248	0.00608	0.00459	0.00142	0.00422	0.00479	0.16884	0.00736
6	0.00630	0.00459	0.00582	0.00667	0.00721	0.00426	0.00459	0.00729	0.00987	0.01294	0.05400	0.57440	0.13712	0.08351	0.00793	0.00222	0.00309	0.05963	0.00452	0.00404
7	0.06343	0.50941	0.12967	0.00950	0.01397	0.06232	0.00962	0.01661	0.01089	0.12090	0.00901	0.00964	0.00715	0.00466	0.00373	0.00124	0.00559	0.00316	0.00276	0.00672
8	0.00866	0.00433	0.00649	0.00649	0.00649	0.00433	0.00433	0.00649	0.00649	0.00866	0.00866	0.01515	0.00866	0.01732	0.01948	0.85498	0.00433	0.00433	0.00216	0.00216
9	0.01831	0.10637	0.01623	0.01113	0.01515	0.01594	0.00937	0.69057	0.02192	0.02918	0.01140	0.01152	0.00824	0.00579	0.00478	0.00145	0.00547	0.00428	0.00466	0.00824
10	0.01134	0.01016	0.01040	0.00810	0.01180	0.09727	0.00632	0.03840	0.01131	0.03475	0.02989	0.09294	0.01097	0.00535	0.00418	0.00099	0.00425	0.00436	0.00328	0.60392
11	0.01261	0.65685	0.11208	0.00894	0.01342	0.01743	0.00929	0.01475	0.01020	0.01273	0.00768	0.00889	0.00673	0.00436	0.00341	0.00111	0.00534	0.00289	0.04107	0.05023
12	0.08253	0.01329	0.01358	0.01064	0.01429	0.04301	0.00872	0.63442	0.02099	0.02907	0.01175	0.01205	0.00849	0.00584	0.00471	0.00147	0.00525	0.00432	0.06773	0.00786

[dist]
# distance from previous block
# <min> <max>
0	10

[block]
# block no. 3 follows, 50 sequences, length 20
# corresponding to MSA columns:
# 197-216
name=unknown_D
#
# <colnr> <probs for GDERKNQSTAVLIFYWHMCP>
#	G	D	E	R	K	N	Q	S	T	A	V	L	I	F	Y	W	H	M	C	P
0	0.03282	0.14921	0.04660	0.08734	0.09976	0.13885	0.01901	0.03803	0.05514	0.14148	0.01276	0.05634	0.01060	0.00737	0.03889	0.00175	0.00607	0.02909	0.02231	0.00658
1	0.00833	0.00546	0.00753	0.00732	0.00797	0.00596	0.00530	0.05400	0.00834	0.01154	0.01222	0.01996	0.01200	0.16192	0.38401	0.26771	0.00867	0.00530	0.00271	0.00375
2	0.00615	0.00460	0.00571	0.00639	0.00713	0.00417	0.00443	0.00729	0.01054	0.01378	0.12519	0.53627	0.22177	0.01422	0.00619	0.00189	0.00274	0.01265	0.00473	0.00417
3	0.00915	0.00533	0.00674	0.00682	0.00816	0.00474	0.00494	0.01038	0.01107	0.16174	0.06337	0.44747	0.21516	0.01287	0.00597	0.00183	0.00304	0.01133	0.00496	0.00495
4	0.01624	0.00707	0.00943	0.00770	0.01046	0.00625	0.00618	0.01834	0.01397	0.47902	0.28678	0.02409	0.02439	0.00754	0.00522	0.00153	0.00347	0.00638	0.05902	0.00693
5	0.72364	0.00993	0.00831	0.00716	0.01038	0.01127	0.00590	0.08192	0.01022	0.08142	0.00834	0.00910	0.00619	0.00486	0.00340	0.00154	0.00403	0.00303	0.00348	0.00590
6	0.06025	0.01072	0.01141	0.00919	0.01231	0.01167	0.00746	0.42814	0.08113	0.08175	0.01402	0.01434	0.01023	0.00595	0.00452	0.00143	0.00438	0.00457	0.21924	0.00730
7	0.01182	0.01223	0.06305	0.13367	0.64963	0.01173	0.01528	0.01498	0.01112	0.01578	0.00928	0.01236	0.00764	0.00453	0.00493	0.00151	0.00610	0.00440	0.00241	0.00755
8	0.01333	0.82783	0.02612	0.00853	0.01279	0.01972	0.00853	0.01493	0.01013	0.01173	0.00693	0.00800	0.00640	0.00426	0.00320	0.00107	0.00533	0.00267	0.00213	0.00640
9	0.04267	0.00462	0.00580	0.00676	0.00720	0.00441	0.00453	0.00730	0.00942	0.01297	0.02674	0.70763	0.05994	0.06579	0.00740	0.00217	0.00304	0.01311	0.00446	0.00405
10	0.01390	0.00982	0.01098	0.00953	0.01240	0.01074	0.00750	0.06338	0.51570	0.16087	0.11042	0.02015	0.01809	0.00702	0.00515	0.00164	0.00389	0.00586	0.00531	0.00765
11	0.03206	0.00680	0.00876	0.00751	0.00986	0.00628	0.00589	0.01653	0.05380	0.34236	0.30357	0.08967	0.02680	0.00839	0.00531	0.00157	0.00329	0.00719	0.05794	0.00640
12	0.00959	0.00904	0.01528	0.76453	0.08123	0.01112	0.01393	0.01289	0.01005	0.01295	0.00889	0.01323	0.00672	0.00495	0.00498	0.00165	0.00660	0.00443	0.00223	0.00568
13	0.00653	0.00495	0.00625	0.00670	0.00756	0.00455	0.00471	0.00775	0.01049	0.01405	0.13781	0.52270	0.15553	0.01355	0.00628	0.00184	0.02038	0.01201	0.00460	0.05177
14	0.00697	0.00476	0.00572	0.00598	0.00612	0.00476	0.00364	0.00731	0.00783	0.01051	0.01819	0.21060	0.02104	0.57921	0.08246	0.00445	0.00506	0.00867	0.00336	0.00337
15	0.04482	0.00864	0.00921	0.00769	0.01019	0.00902	0.00604	0.24851	0.06261	0.02153	0.01430	0.01670	0.02238	0.06931	0.03617	0.00181	0.00423	0.00469	0.29558	0.10655
16	0.00755	0.00514	0.00672	0.00697	0.00793	0.00483	0.00509	0.02739	0.01202	0.04797	0.32628	0.39661	0.05221	0.01269	0.00611	0.00182	0.00290	0.06011	0.00503	0.00463
17	0.01299	0.12988	0.04517	0.09299	0.30947	0.14825	0.06048	0.01544	0.01106	0.01404	0.00837	0.01107	0.00707	0.00511	0.00610	0.00151	0.10788	0.00403	0.00237	0.00671
18	0.03258	0.01131	0.03034	0.16121	0.32704	0.03882	0.01189	0.07427	0.01183	0.03121	0.02441	0.01235	0.00826	0.00487	0.00513	0.00140	0.03840	0.00416	0.00284	0.16768
19	0.11854	0.03972	0.02445	0.00884	0.04119	0.05765	0.02061	0.07622	0.02378	0.01614	0.03867	0.29464	0.14311	0.03613	0.00600	0.00183	0.00410	0.03919	0.00403	0.00516

[dist]
# distance from previous block
# <min> <max>
5	12

[block]
# block no. 4 follows, 50 sequences, length 16
# corresponding to MSA columns:
# 229-244
name=unknown_E
#
# <colnr> <probs for GDERKNQSTAVLIFYWHMCP>
#	G	D	E	R	K	N	Q	S	T	A	V	L	I	F	Y	W	H	M	C	P
0	0.00666	0.00458	0.00561	0.00619	0.00634	0.00444	0.00383	0.00709	0.00840	0.01120	0.02162	0.42927	0.02559	0.41799	0.01581	0.00342	0.00386	0.01073	0.00383	0.00354
1	0.05198	0.00692	0.00832	0.00798	0.00967	0.00695	0.00604	0.11026	0.05495	0.13015	0.06361	0.39827	0.02430	0.01124	0.00567	0.00181	0.00358	0.05745	0.03523	0.00563
2	0.79427	0.00955	0.00766	0.00674	0.00988	0.01088	0.00555	0.01541	0.00894	0.08319	0.00794	0.00879	0.00594	0.00475	0.00324	0.00154	0.00389	0.00288	0.00333	0.00564
3	0.01091	0.01091	0.01527	0.01309	0.01309	0.01527	0.01091	0.01200	0.00763	0.01200	0.00654	0.01091	0.00654	0.00872	0.01636	0.00218	0.81570	0.00436	0.00218	0.00545
4	0.00977	0.00922	0.01559	0.71796	0.12645	0.01117	0.01402	0.01305	0.01013	0.01317	0.00892	0.01317	0.00680	0.00492	0.00498	0.00164	0.00656	0.00443	0.00225	0.00582
5	0.01445	0.50756	0.15825	0.00991	0.01452	0.07817	0.01017	0.01680	0.01110	0.12454	0.00916	0.00980	0.00723	0.00469	0.00383	0.00124	0.00582	0.00322	0.00274	0.00682
6	0.05465	0.00904	0.01166	0.00920	0.01242	0.00867	0.06579	0.13795	0.06020	0.18766	0.21804	0.02035	0.03325	0.00672	0.00502	0.00143	0.00411	0.00573	0.00476	0.14333
7	0.00685	0.00526	0.00632	0.00636	0.00756	0.00491	0.00465	0.00931	0.06135	0.01659	0.36471	0.22724	0.23661	0.01191	0.00595	0.00172	0.00263	0.01043	0.00503	0.00462
8	0.00826	0.00671	0.00718	0.00687	0.00816	0.06779	0.00511	0.01089	0.04913	0.01842	0.53896	0.10974	0.05889	0.00989	0.00560	0.00157	0.00300	0.00861	0.07035	0.00485
9	0.70274	0.00918	0.00784	0.00692	0.00992	0.01038	0.00567	0.01526	0.00908	0.10627	0.00883	0.00995	0.00670	0.00732	0.06505	0.00204	0.00463	0.00316	0.00339	0.00566
10	0.01250	0.00679	0.00848	0.00729	0.00945	0.00646	0.00572	0.06169	0.05376	0.23153	0.39634	0.02687	0.02928	0.00811	0.00524	0.00151	0.00313	0.00692	0.11280	0.00612
11	0.00864	0.00643	0.00840	0.00755	0.00828	0.00674	0.05346	0.06753	0.00904	0.01220	0.01504	0.02931	0.01641	0.59380	0.06011	0.00429	0.04259	0.04310	0.00316	0.00393
12	0.00728	0.00479	0.00551	0.00555	0.00556	0.00478	0.00315	0.00720	0.00729	0.00972	0.01575	0.06071	0.01815	0.75066	0.02435	0.05144	0.00473	0.00734	0.00303	0.00301
13	0.30895	0.00965	0.00996	0.00833	0.01145	0.01041	0.00677	0.11672	0.12644	0.21901	0.01554	0.01508	0.05254	0.00611	0.00466	0.00157	0.02708	0.00450	0.03838	0.00685
14	0.07667	0.01051	0.07267	0.05471	0.07413	0.01006	0.00854	0.17124	0.13923	0.02035	0.14586	0.03947	0.11122	0.02530	0.01686	0.00175	0.00452	0.00623	0.00423	0.00644
15	0.01465	0.38286	0.12911	0.00994	0.01433	0.14070	0.00964	0.01690	0.01143	0.12335	0.00934	0.01002	0.00733	0.00468	0.00393	0.00120	0.00587	0.00326	0.00285	0.09861

[dist]
# distance from previous block
# <min> <max>
2	17

[block]
# block no. 5 follows, 50 sequences, length 21
# corresponding to MSA columns:
# 262-282
name=unknown_F
#
# <colnr> <probs for GDERKNQSTAVLIFYWHMCP>
#	G	D	E	R	K	N	Q	S	T	A	V	L	I	F	Y	W	H	M	C	P
0	0.01197	0.04553	0.02934	0.01979	0.02950	0.16800	0.00711	0.05125	0.06939	0.01616	0.01511	0.04189	0.07262	0.01973	0.00514	0.00135	0.03627	0.00479	0.18720	0.16785
1	0.18159	0.00936	0.01292	0.28375	0.15861	0.02362	0.01055	0.01367	0.01003	0.04827	0.01080	0.05596	0.00931	0.00606	0.00554	0.00165	0.07020	0.02969	0.05254	0.00589
2	0.01093	0.00599	0.00787	0.00719	0.00898	0.00545	0.00555	0.01311	0.02691	0.21743	0.39633	0.14196	0.07260	0.01016	0.00576	0.00167	0.00306	0.04799	0.00544	0.00561
3	0.00721	0.00525	0.00776	0.00776	0.00855	0.00604	0.00592	0.00867	0.00788	0.01129	0.01326	0.02020	0.01263	0.08762	0.71255	0.05278	0.01232	0.00541	0.00267	0.00424
4	0.01388	0.01144	0.01210	0.01044	0.01352	0.01309	0.00825	0.19594	0.61286	0.02324	0.01841	0.01710	0.01369	0.00659	0.00505	0.00165	0.00429	0.00538	0.00505	0.00802
5	0.00643	0.00493	0.00580	0.00585	0.00702	0.00440	0.00424	0.00797	0.01188	0.01560	0.32357	0.17545	0.34251	0.05332	0.00695	0.00186	0.00264	0.01041	0.00487	0.00431
6	0.01871	0.01191	0.01339	0.01053	0.01428	0.01272	0.00861	0.44062	0.15624	0.23614	0.01552	0.01449	0.01072	0.00617	0.00501	0.00154	0.00488	0.00483	0.00532	0.00837
7	0.01058	0.00937	0.01596	0.54759	0.16127	0.01072	0.05367	0.01376	0.01077	0.05495	0.05533	0.01473	0.00957	0.00522	0.00508	0.00162	0.00624	0.00481	0.00267	0.00611
8	0.01351	0.79928	0.02569	0.00868	0.01289	0.04759	0.00857	0.01510	0.01027	0.01174	0.00696	0.00803	0.00640	0.00430	0.00324	0.00107	0.00546	0.00268	0.00215	0.00637
9	0.68120	0.00859	0.00676	0.00615	0.00883	0.00981	0.00500	0.01401	0.00890	0.02157	0.00890	0.01030	0.00695	0.00488	0.00317	0.00146	0.00353	0.00311	0.18164	0.00524
10	0.04337	0.00766	0.01020	0.00851	0.01121	0.00745	0.00683	0.06229	0.01229	0.43934	0.01661	0.01799	0.01221	0.05611	0.26026	0.00376	0.00723	0.00512	0.00474	0.00683
11	0.00617	0.00478	0.00565	0.00623	0.00723	0.00426	0.00449	0.00737	0.01068	0.01353	0.07213	0.39430	0.36688	0.01393	0.00617	0.00187	0.00282	0.06266	0.00466	0.00418
12	0.00803	0.00572	0.00684	0.00654	0.00677	0.00628	0.00429	0.02622	0.00798	0.01121	0.01480	0.04684	0.01630	0.59847	0.06336	0.00431	0.09490	0.00675	0.06075	0.00363
13	0.01565	0.01247	0.06170	0.01068	0.01409	0.01287	0.00909	0.36039	0.22092	0.09096	0.03391	0.01496	0.01151	0.00639	0.00565	0.00158	0.05542	0.00490	0.04908	0.00777
14	0.00866	0.00433	0.00649	0.00649	0.00649	0.00433	0.00433	0.00649	0.00649	0.00866	0.00866	0.01515	0.00866	0.01732	0.01948	0.85498	0.00433	0.00433	0.00216	0.00216
15	0.23592	0.03756	0.03801	0.05974	0.03278	0.17183	0.02883	0.05934	0.17034	0.01876	0.06371	0.01359	0.01109	0.00565	0.00438	0.00150	0.00535	0.00426	0.03104	0.00628
16	0.00732	0.00515	0.00686	0.00705	0.00775	0.00545	0.00507	0.02891	0.00902	0.01263	0.03684	0.22704	0.04248	0.15409	0.34186	0.03320	0.00762	0.00805	0.04944	0.00416
17	0.08732	0.03560	0.10127	0.01045	0.02931	0.04798	0.02937	0.20520	0.09472	0.06645	0.10998	0.03700	0.06041	0.00688	0.00531	0.00156	0.03370	0.00546	0.02528	0.00675
18	0.22132	0.10586	0.22282	0.01055	0.01518	0.03732	0.06169	0.05878	0.01121	0.10413	0.00982	0.01123	0.00741	0.02928	0.00481	0.00153	0.00558	0.00370	0.00310	0.07468
19	0.13395	0.06981	0.09015	0.01133	0.07226	0.13436	0.00911	0.14072	0.03841	0.08334	0.03852	0.01509	0.04554	0.03200	0.00519	0.00155	0.00548	0.01857	0.00360	0.05102
20	0.07340	0.22832	0.20583	0.02510	0.01642	0.12131	0.06279	0.09639	0.01248	0.06208	0.03246	0.01107	0.00818	0.00507	0.00454	0.00141	0.01971	0.00378	0.00292	0.00676

[dist]
# distance from previous block
# <min> <max>
14	134

[block]
# block no. 6 follows, 50 sequences, length 15
# corresponding to MSA columns:
# 418-432
name=unknown_G
#
# <colnr> <probs for GDERKNQSTAVLIFYWHMCP>
#	G	D	E	R	K	N	Q	S	T	A	V	L	I	F	Y	W	H	M	C	P
0	0.09152	0.16657	0.17400	0.06524	0.08536	0.03836	0.02546	0.02771	0.01076	0.04735	0.03144	0.12523	0.01159	0.00630	0.00453	0.00146	0.00534	0.00517	0.00299	0.07362
1	0.03313	0.07983	0.22215	0.11104	0.07337	0.04307	0.01176	0.08870	0.04204	0.04336	0.05661	0.06679	0.01144	0.00613	0.00529	0.00153	0.04179	0.00490	0.00314	0.05393
2	0.12192	0.16006	0.07595	0.04625	0.05770	0.06682	0.08621	0.11088	0.06381	0.01775	0.01129	0.01279	0.03684	0.01998	0.00473	0.00145	0.00557	0.00414	0.01749	0.07836
3	0.14915	0.06610	0.18041	0.12210	0.03607	0.01180	0.05995	0.12616	0.06246	0.01892	0.05593	0.01419	0.02131	0.02739	0.00514	0.00163	0.00555	0.00449	0.02474	0.00651
4	0.19948	0.07953	0.07084	0.06753	0.01266	0.02367	0.00762	0.03341	0.10209	0.01719	0.06211	0.07682	0.04562	0.05467	0.00615	0.00173	0.04052	0.00533	0.04702	0.04602
5	0.06566	0.00932	0.04598	0.08737	0.02697	0.04882	0.04541	0.01259	0.03657	0.03058	0.01184	0.05076	0.01059	0.04832	0.24916	0.00349	0.00767	0.00483	0.00293	0.20113
6	0.00683	0.00516	0.00724	0.04208	0.00921	0.00492	0.02876	0.00807	0.00989	0.01332	0.07459	0.57226	0.02951	0.07802	0.00768	0.00215	0.00347	0.05334	0.00432	0.03916
7	0.07471	0.08388	0.01385	0.01074	0.01228	0.02740	0.00889	0.05813	0.10058	0.06342	0.02678	0.04968	0.01030	0.00900	0.04563	0.00211	0.37726	0.00485	0.01446	0.00605
8	0.18885	0.00981	0.01294	0.18134	0.22528	0.03861	0.01013	0.01411	0.06190	0.01652	0.06209	0.06637	0.01202	0.03208	0.00597	0.01510	0.03270	0.00512	0.00306	0.00602
9	0.50607	0.00943	0.03315	0.08928	0.01313	0.00997	0.02339	0.01518	0.02525	0.11487	0.02961	0.06146	0.01019	0.00603	0.00407	0.00162	0.00433	0.03358	0.00358	0.00580
10	0.01248	0.01220	0.03716	0.12243	0.49166	0.03913	0.04528	0.04823	0.03294	0.03122	0.00966	0.01248	0.00785	0.00503	0.00587	0.00157	0.07036	0.00448	0.00266	0.00731
11	0.00866	0.00433	0.00649	0.00649	0.00649	0.00433	0.00433	0.00649	0.00649	0.00866	0.00866	0.01515	0.00866	0.01732	0.01948	0.85498	0.00433	0.00433	0.00216	0.00216
12	0.04500	0.01720	0.40725	0.13616	0.06566	0.01047	0.03734	0.03297	0.01109	0.03616	0.09390	0.01464	0.01141	0.00726	0.05081	0.00195	0.00674	0.00459	0.00277	0.00662
13	0.00619	0.00447	0.00589	0.00699	0.00741	0.00417	0.00481	0.00717	0.00976	0.01291	0.02858	0.73156	0.07161	0.01534	0.00637	0.00202	0.00298	0.06304	0.00462	0.00409
14	0.01049	0.00968	0.09695	0.03241	0.01349	0.00808	0.09643	0.07537	0.07455	0.09130	0.05968	0.30088	0.05882	0.00992	0.00572	0.00178	0.00457	0.03966	0.00430	0.00592

[dist]
# distance from previous block
# <min> <max>
0	1

[block]
# block no. 7 follows, 50 sequences, length 6
# corresponding to MSA columns:
# 434-439
name=unknown_H
#
# <colnr> <probs for GDERKNQSTAVLIFYWHMCP>
#	G	D	E	R	K	N	Q	S	T	A	V	L	I	F	Y	W	H	M	C	P
0	0.01234	0.01184	0.02023	0.03059	0.79373	0.01184	0.01530	0.01530	0.01135	0.01628	0.00938	0.01234	0.00790	0.00444	0.00493	0.00148	0.00592	0.00444	0.00247	0.00790
1	0.01257	0.34277	0.06402	0.04263	0.01437	0.09231	0.01008	0.03780	0.01004	0.01273	0.00756	0.01010	0.00683	0.00760	0.04940	0.00187	0.26540	0.00358	0.00231	0.00602
2	0.11358	0.03284	0.00822	0.00730	0.00846	0.04812	0.00532	0.05388	0.00925	0.01381	0.01353	0.06424	0.01384	0.31188	0.20042	0.00426	0.03451	0.00587	0.04624	0.00443
3	0.00738	0.00485	0.00555	0.00549	0.00574	0.00480	0.00329	0.00788	0.00844	0.01178	0.12309	0.03218	0.02171	0.64948	0.02100	0.00410	0.00430	0.00729	0.06826	0.00338
4	0.09103	0.01094	0.01140	0.01124	0.05774	0.13786	0.00862	0.06771	0.03403	0.12441	0.01641	0.06415	0.01552	0.00875	0.00659	0.00181	0.09284	0.22893	0.00400	0.00601
5	0.01297	0.01222	0.02546	0.01851	0.02311	0.01140	0.61595	0.01673	0.01209	0.12404	0.01254	0.01690	0.00969	0.00514	0.00583	0.00170	0.00756	0.05816	0.00317	0.00682

[dist]
# distance from previous block
# <min> <max>
0	2

[block]
# block no. 8 follows, 50 sequences, length 29
# corresponding to MSA columns:
# 442-470
name=unknown_I
#
# <colnr> <probs for GDERKNQSTAVLIFYWHMCP>
#	G	D	E	R	K	N	Q	S	T	A	V	L	I	F	Y	W	H	M	C	P
0	0.16434	0.00977	0.01170	0.00998	0.05887	0.00947	0.02973	0.08328	0.03871	0.10302	0.01053	0.02205	0.00828	0.00527	0.00521	0.01928	0.05612	0.00380	0.00350	0.34711
1	0.05786	0.00938	0.02495	0.00919	0.01292	0.00861	0.00768	0.08814	0.07380	0.59972	0.01851	0.01738	0.01233	0.00634	0.00498	0.00157	0.00437	0.02839	0.00573	0.00816
