[name]
unknown

[dist]
# distance from previous block
# <min> <max>
0	40

[block]
# block no. 0 follows, 46 sequences, length 14
# corresponding to MSA columns:
# 40-53
name=unknown_A
#
# <colnr> <probs for GDERKNQSTAVLIFYWHMCP>
#	G	D	E	R	K	N	Q	S	T	A	V	L	I	F	Y	W	H	M	C	P
0	0.08236	0.09938	0.20864	0.06394	0.04880	0.10436	0.15070	0.08076	0.02567	0.01770	0.01160	0.01451	0.03030	0.00565	0.00508	0.00163	0.00710	0.03184	0.00297	0.00702
1	0.15487	0.14842	0.01531	0.08282	0.06426	0.10368	0.02356	0.04281	0.12049	0.02973	0.01422	0.01522	0.07244	0.00615	0.00510	0.00154	0.03878	0.00460	0.00341	0.05260
2	0.01356	0.03472	0.03549	0.20911	0.05995	0.05345	0.07261	0.07255	0.07210	0.09732	0.01259	0.01438	0.02273	0.00573	0.00542	0.02354	0.00591	0.00464	0.00350	0.18072
3	0.07206	0.01019	0.01142	0.07701	0.01440	0.02452	0.00814	0.17748	0.19728	0.11013	0.07197	0.07240	0.01646	0.00758	0.00524	0.00169	0.00456	0.02664	0.08362	0.00720
4	0.00679	0.00522	0.00621	0.00629	0.00756	0.00464	0.00459	0.00851	0.01285	0.01694	0.34349	0.20010	0.33179	0.01298	0.00634	0.00181	0.00268	0.01129	0.00528	0.00464
5	0.01036	0.00972	0.01605	0.70798	0.08757	0.01187	0.01447	0.01443	0.04873	0.01420	0.01004	0.01430	0.00759	0.00534	0.00529	0.00175	0.00685	0.00476	0.00252	0.00617
6	0.00690	0.00522	0.00625	0.00629	0.00746	0.00470	0.00453	0.00856	0.01263	0.01679	0.35340	0.18182	0.28395	0.06817	0.00776	0.00203	0.00284	0.01094	0.00518	0.00457
7	0.00685	0.03273	0.03484	0.00769	0.00841	0.00514	0.00557	0.00798	0.01018	0.01358	0.02770	0.75514	0.03300	0.01574	0.00657	0.00210	0.00332	0.01422	0.00472	0.00450
8	0.01068	0.00608	0.00655	0.04542	0.00871	0.00622	0.00483	0.06906	0.01209	0.02032	0.01618	0.01853	0.01264	0.00604	0.00390	0.00127	0.00301	0.00483	0.70306	0.04056
9	0.01126	0.01030	0.01419	0.32663	0.02296	0.03022	0.03767	0.04514	0.01143	0.01610	0.00945	0.01240	0.00751	0.00485	0.00519	0.00132	0.03914	0.00401	0.00285	0.38741
10	0.01249	0.01234	0.01973	0.16626	0.48959	0.05317	0.06710	0.01558	0.01184	0.01620	0.01049	0.04249	0.00898	0.00523	0.00528	0.00159	0.00654	0.00505	0.00269	0.04735
11	0.00955	0.00842	0.01203	0.07303	0.19057	0.03538	0.02984	0.03870	0.01137	0.01513	0.02166	0.41179	0.05895	0.02681	0.00682	0.00197	0.02813	0.01020	0.00395	0.00570
12	0.01021	0.00858	0.01214	0.01042	0.01249	0.00885	0.11061	0.12298	0.06037	0.01869	0.14200	0.25717	0.12504	0.01097	0.00698	0.00188	0.06047	0.00964	0.00465	0.00587
13	0.00755	0.00555	0.00663	0.00689	0.00818	0.00496	0.00488	0.00916	0.03332	0.04126	0.04968	0.43260	0.26116	0.03557	0.00684	0.00198	0.00313	0.01208	0.00483	0.06374

[dist]
# distance from previous block
# <min> <max>
3	20

[block]
# block no. 1 follows, 46 sequences, length 12
# corresponding to MSA columns:
# 74-85
name=unknown_B
#
# <colnr> <probs for GDERKNQSTAVLIFYWHMCP>
#	G	D	E	R	K	N	Q	S	T	A	V	L	I	F	Y	W	H	M	C	P
0	0.37227	0.03157	0.01008	0.04641	0.01239	0.02424	0.00686	0.11793	0.04000	0.06604	0.01612	0.04504	0.09800	0.00669	0.00439	0.00159	0.00436	0.00497	0.03533	0.05571
1	0.00714	0.00555	0.00722	0.00776	0.00820	0.00577	0.00546	0.00811	0.01007	0.01350	0.05191	0.55563	0.11198	0.07255	0.00935	0.00233	0.09583	0.01270	0.00451	0.00443
2	0.01084	0.01081	0.02071	0.23959	0.02513	0.01118	0.34981	0.04024	0.01151	0.01540	0.01247	0.07392	0.01102	0.07252	0.06882	0.00258	0.00796	0.00646	0.00289	0.00613
3	0.00918	0.00459	0.00689	0.00689	0.00689	0.00459	0.00459	0.00689	0.00689	0.00918	0.00918	0.01607	0.00918	0.01837	0.02066	0.84619	0.00459	0.00459	0.00230	0.00230
4	0.00650	0.00467	0.00608	0.00718	0.00754	0.00435	0.00477	0.00739	0.01009	0.01337	0.02973	0.73154	0.07207	0.05801	0.00777	0.00228	0.00315	0.01445	0.00482	0.00425
5	0.00653	0.00533	0.00577	0.00573	0.00733	0.00457	0.00427	0.00810	0.01261	0.01577	0.21246	0.08033	0.58690	0.01295	0.00627	0.00177	0.00265	0.01097	0.00511	0.00457
6	0.85155	0.01022	0.00777	0.00695	0.01022	0.01186	0.00573	0.01554	0.00900	0.02372	0.00736	0.00859	0.00573	0.00491	0.00327	0.00164	0.00409	0.00286	0.00327	0.00573
7	0.02063	0.01395	0.01533	0.01176	0.01597	0.01512	0.00971	0.65446	0.02342	0.14449	0.01390	0.01348	0.00960	0.00638	0.00529	0.00159	0.00562	0.00484	0.00547	0.00899
8	0.01137	0.00982	0.01208	0.00866	0.01337	0.00769	0.04140	0.04127	0.01155	0.01781	0.00958	0.01118	0.00788	0.00403	0.00407	0.00086	0.00422	0.00334	0.00319	0.77664
9	0.00860	0.00642	0.00842	0.17307	0.01297	0.00694	0.00618	0.04547	0.00946	0.01250	0.01667	0.13668	0.01835	0.49512	0.01854	0.00384	0.00528	0.00794	0.00336	0.00419
10	0.00730	0.00503	0.00612	0.00649	0.00677	0.00488	0.00411	0.00797	0.00948	0.01279	0.11631	0.27452	0.02824	0.44433	0.01753	0.00370	0.00416	0.03235	0.00410	0.00381
11	0.01017	0.00789	0.00950	0.00787	0.01100	0.00643	0.00598	0.03697	0.01129	0.04512	0.01681	0.28963	0.01751	0.00850	0.00500	0.00132	0.00371	0.00741	0.00395	0.49395

[dist]
# distance from previous block
# <min> <max>
0	2

[block]
# block no. 2 follows, 46 sequences, length 12
# corresponding to MSA columns:
# 96-107
name=unknown_C
#
# <colnr> <probs for GDERKNQSTAVLIFYWHMCP>
#	G	D	E	R	K	N	Q	S	T	A	V	L	I	F	Y	W	H	M	C	P
0	0.00781	0.00560	0.00699	0.00719	0.00771	0.00568	0.00485	0.04055	0.01043	0.01419	0.12274	0.34615	0.02855	0.28732	0.05192	0.00338	0.02980	0.01058	0.00428	0.00429
1	0.01416	0.01187	0.01223	0.01085	0.01393	0.04061	0.00847	0.05681	0.67957	0.05835	0.02066	0.01900	0.01538	0.00705	0.00535	0.00176	0.00445	0.00581	0.00534	0.00834
2	0.00698	0.00538	0.00638	0.00613	0.00759	0.00478	0.00460	0.00901	0.01379	0.01841	0.48635	0.04408	0.34371	0.01185	0.00624	0.00171	0.00257	0.01020	0.00545	0.00478
3	0.01185	0.00665	0.00833	0.00740	0.00949	0.00609	0.00567	0.01457	0.05949	0.22104	0.32827	0.07831	0.16201	0.04827	0.00695	0.00188	0.00331	0.00872	0.00565	0.00604
4	0.02014	0.01295	0.01454	0.01122	0.01524	0.01379	0.00924	0.55419	0.02210	0.19964	0.06066	0.01549	0.01237	0.00666	0.00535	0.00160	0.00532	0.00517	0.00560	0.00875
5	0.01597	0.01014	0.01159	0.00985	0.01300	0.01074	0.00778	0.08248	0.39293	0.24370	0.06434	0.02163	0.05008	0.03364	0.00614	0.00183	0.00427	0.00617	0.00564	0.00807
6	0.00706	0.00492	0.00594	0.00646	0.00674	0.00472	0.00404	0.00761	0.00923	0.01224	0.04866	0.37121	0.07116	0.39708	0.01633	0.00353	0.00401	0.01112	0.00412	0.00381
7	0.01036	0.00982	0.01660	0.70186	0.08535	0.01189	0.03817	0.01423	0.03339	0.01412	0.00983	0.01420	0.00744	0.00528	0.00531	0.00175	0.00697	0.00479	0.00247	0.00615
8	0.01051	0.00592	0.00614	0.00561	0.00736	0.00576	0.00430	0.05242	0.01181	0.02018	0.01619	0.01843	0.01271	0.00594	0.00380	0.00120	0.00279	0.00473	0.71180	0.09240
9	0.00683	0.00537	0.00621	0.00664	0.00781	0.00492	0.00473	0.00885	0.05409	0.01499	0.10461	0.37760	0.34984	0.01419	0.00641	0.00193	0.00291	0.01241	0.00501	0.00465
10	0.01163	0.01156	0.01594	0.09471	0.04792	0.03443	0.01164	0.01320	0.00891	0.01334	0.00754	0.01179	0.00708	0.00815	0.01426	0.00208	0.60839	0.00449	0.00240	0.07052
11	0.14862	0.08093	0.01431	0.01092	0.01402	0.03253	0.03122	0.18756	0.20089	0.04889	0.01482	0.01725	0.01208	0.08112	0.04638	0.00248	0.03860	0.00525	0.00451	0.00762

[dist]
# distance from previous block
# <min> <max>
0	9

[block]
# block no. 3 follows, 46 sequences, length 27
# corresponding to MSA columns:
# 117-143
name=unknown_D
#
# <colnr> <probs for GDERKNQSTAVLIFYWHMCP>
#	G	D	E	R	K	N	Q	S	T	A	V	L	I	F	Y	W	H	M	C	P
0	0.01151	0.00940	0.01099	0.00804	0.01251	0.00734	0.00641	0.04485	0.01163	0.03934	0.01072	0.04622	0.00921	0.00464	0.00414	0.00090	0.00397	0.00378	0.00340	0.75101
1	0.04008	0.72897	0.02613	0.00936	0.01358	0.05000	0.00909	0.01590	0.01074	0.01282	0.00736	0.00865	0.00676	0.00476	0.00402	0.00120	0.03867	0.00292	0.00231	0.00669
2	0.00727	0.00519	0.00697	0.00733	0.00780	0.00548	0.00507	0.00830	0.00872	0.01201	0.01928	0.25497	0.02138	0.26970	0.33003	0.00562	0.00817	0.00901	0.00355	0.00413
3	0.01496	0.06789	0.03690	0.02642	0.01517	0.05189	0.06778	0.18847	0.09229	0.11326	0.05526	0.09739	0.01441	0.00723	0.00575	0.00160	0.03729	0.00598	0.00440	0.09567
4	0.01340	0.03298	0.02005	0.17328	0.42090	0.02822	0.06554	0.08135	0.01277	0.03669	0.01012	0.01317	0.00811	0.00528	0.00600	0.00165	0.05522	0.00475	0.00288	0.00764
5	0.01060	0.02735	0.78682	0.01507	0.02288	0.01228	0.01953	0.01674	0.01116	0.01674	0.00949	0.01116	0.00670	0.00502	0.00502	0.00167	0.00781	0.00391	0.00223	0.00781
6	0.04126	0.01251	0.01432	0.01100	0.01515	0.01303	0.00909	0.46752	0.02081	0.31654	0.01564	0.01459	0.01046	0.00639	0.00525	0.00161	0.00528	0.00492	0.00571	0.00892
7	0.01335	0.55112	0.24937	0.01101	0.01642	0.05248	0.01217	0.01633	0.01105	0.01372	0.00801	0.00931	0.00676	0.00471	0.00393	0.00130	0.00646	0.00317	0.00227	0.00706
8	0.01292	0.44218	0.30379	0.01171	0.01733	0.01690	0.03104	0.05551	0.01161	0.01522	0.00870	0.01020	0.00710	0.00588	0.02838	0.00159	0.00679	0.00349	0.00244	0.00722
9	0.00696	0.00508	0.00614	0.00680	0.00780	0.00454	0.00484	0.00814	0.01107	0.03539	0.03784	0.47077	0.30824	0.01502	0.00655	0.00201	0.00305	0.05029	0.00495	0.00452
10	0.01048	0.01020	0.01817	0.65851	0.07462	0.01200	0.11293	0.01410	0.01090	0.01416	0.00960	0.01406	0.00725	0.00515	0.00541	0.00175	0.00725	0.00490	0.00241	0.00617
11	0.11485	0.01056	0.01169	0.01113	0.06495	0.01162	0.00808	0.11517	0.34918	0.08095	0.05119	0.02030	0.02786	0.07768	0.00707	0.00202	0.00454	0.01889	0.00483	0.00745
12	0.00682	0.00504	0.00636	0.00732	0.00788	0.00480	0.00496	0.00849	0.05046	0.01392	0.03049	0.67858	0.09868	0.04025	0.00725	0.00219	0.00316	0.01399	0.00488	0.00449
13	0.00652	0.00472	0.00617	0.00717	0.00765	0.00437	0.00486	0.00760	0.01067	0.01422	0.09635	0.69454	0.08391	0.01586	0.00667	0.00208	0.00299	0.01430	0.00499	0.00437
14	0.00858	0.00686	0.00833	0.00743	0.00984	0.00565	0.00555	0.01031	0.01102	0.01578	0.08047	0.29909	0.07563	0.03159	0.00601	0.00159	0.00349	0.04096	0.00417	0.36764
15	0.01197	0.01165	0.01874	0.37115	0.42323	0.04207	0.01531	0.01521	0.01150	0.01544	0.00963	0.01339	0.00773	0.00499	0.00524	0.00165	0.00674	0.00465	0.00250	0.00718
16	0.85155	0.01022	0.00777	0.00695	0.01022	0.01186	0.00573	0.01554	0.00900	0.02372	0.00736	0.00859	0.00573	0.00491	0.00327	0.00164	0.00409	0.00286	0.00327	0.00573
17	0.00758	0.00508	0.00580	0.00591	0.00593	0.00505	0.00335	0.00766	0.00790	0.01053	0.01775	0.10260	0.02060	0.74433	0.02514	0.00486	0.00494	0.00833	0.00335	0.00330
18	0.01258	0.24088	0.33609	0.01244	0.01731	0.08506	0.01352	0.02929	0.01115	0.01498	0.00897	0.01100	0.00729	0.00653	0.02831	0.00175	0.11300	0.00377	0.03917	0.00692
19	0.00697	0.00535	0.00638	0.00619	0.00760	0.00476	0.00462	0.00896	0.01365	0.01824	0.47106	0.07786	0.32515	0.01204	0.00626	0.00173	0.00259	0.01041	0.00543	0.00476
20	0.00655	0.00530	0.00581	0.00583	0.00736	0.00457	0.00432	0.00811	0.01255	0.01579	0.21674	0.11485	0.54758	0.01308	0.00629	0.00179	0.00267	0.01113	0.00512	0.00457
21	0.85155	0.01022	0.00777	0.00695	0.01022	0.01186	0.00573	0.01554	0.00900	0.02372	0.00736	0.00859	0.00573	0.00491	0.00327	0.00164	0.00409	0.00286	0.00327	0.00573
22	0.10354	0.00920	0.01176	0.00918	0.01308	0.00840	0.00755	0.04316	0.02870	0.65400	0.04272	0.01764	0.01346	0.00652	0.00515	0.00164	0.00442	0.00521	0.00615	0.00854
23	0.00653	0.00474	0.00613	0.00710	0.00760	0.00438	0.00480	0.00760	0.01064	0.01413	0.09202	0.66647	0.10107	0.03117	0.00705	0.00213	0.00303	0.01410	0.00495	0.00434
24	0.00842	0.00581	0.00711	0.00679	0.00820	0.00546	0.00506	0.01005	0.01233	0.07774	0.26484	0.11947	0.28973	0.07438	0.04978	0.00240	0.03269	0.00981	0.00499	0.00494
25	0.00867	0.00624	0.00750	0.00685	0.00851	0.00587	0.00521	0.07033	0.01491	0.04159	0.51192	0.03918	0.20938	0.03231	0.00669	0.00178	0.00293	0.00937	0.00552	0.00526
26	0.45443	0.09471	0.05967	0.00966	0.03423	0.02738	0.04073	0.03565	0.03981	0.06484	0.02461	0.01146	0.00829	0.00537	0.00429	0.00159	0.02531	0.00373	0.04780	0.00642

[dist]
# distance from previous block
# <min> <max>
2	10

[block]
# block no. 4 follows, 46 sequences, length 18
# corresponding to MSA columns:
# 154-171
name=unknown_E
#
# <colnr> <probs for GDERKNQSTAVLIFYWHMCP>
#	G	D	E	R	K	N	Q	S	T	A	V	L	I	F	Y	W	H	M	C	P
0	0.06610	0.17612	0.01483	0.04138	0.01365	0.19126	0.00846	0.08037	0.04947	0.01640	0.03879	0.05774	0.11038	0.00768	0.00579	0.00159	0.06348	0.02853	0.02182	0.00615
1	0.05439	0.00877	0.01154	0.00908	0.01279	0.00787	0.00742	0.02382	0.04703	0.64286	0.09916	0.01993	0.01675	0.00695	0.00533	0.00165	0.00426	0.00569	0.00629	0.00842
2	0.19211	0.01076	0.01388	0.18502	0.07737	0.02241	0.05672	0.14257	0.04480	0.08325	0.02775	0.04002	0.02396	0.03195	0.00601	0.02018	0.00557	0.00513	0.00378	0.00675
3	0.04508	0.06688	0.25664	0.13672	0.22800	0.01249	0.05501	0.01609	0.01133	0.04827	0.01016	0.01267	0.00780	0.00515	0.00535	0.00163	0.03151	0.00438	0.03747	0.00736
4	0.02311	0.00902	0.01221	0.00933	0.01345	0.00774	0.00770	0.02517	0.01493	0.74812	0.02031	0.01766	0.01283	0.00642	0.00525	0.00159	0.00447	0.00521	0.00638	0.04912
5	0.06109	0.00595	0.00681	0.00660	0.00828	0.00548	0.00494	0.01059	0.02719	0.07960	0.24597	0.17554	0.31852	0.01202	0.00605	0.00179	0.00296	0.01030	0.00520	0.00510
6	0.02874	0.15426	0.31855	0.05070	0.03093	0.17179	0.01381	0.04978	0.01247	0.06281	0.00952	0.01102	0.00726	0.00542	0.00541	0.00155	0.05221	0.00382	0.00277	0.00719
7	0.01976	0.00866	0.01214	0.00972	0.01317	0.00783	0.03867	0.05326	0.01434	0.56894	0.02078	0.12449	0.01566	0.00987	0.05486	0.00214	0.00515	0.00666	0.00588	0.00802
8	0.06180	0.00977	0.01201	0.00948	0.01322	0.00942	0.00775	0.13462	0.07304	0.51063	0.05148	0.01787	0.01395	0.00665	0.00518	0.00162	0.00448	0.00533	0.04326	0.00843
9	0.06729	0.00853	0.01272	0.42569	0.02392	0.00989	0.04370	0.05031	0.01118	0.01632	0.01284	0.07881	0.01110	0.04613	0.00608	0.00184	0.00562	0.00565	0.15673	0.00565
10	0.02528	0.01429	0.09127	0.23979	0.21707	0.12674	0.02457	0.04842	0.01283	0.07130	0.04282	0.01563	0.01040	0.00580	0.00527	0.00165	0.00678	0.02992	0.00313	0.00704
11	0.00699	0.00507	0.00653	0.00745	0.00812	0.00478	0.00540	0.00824	0.01068	0.01397	0.04966	0.47014	0.12298	0.08921	0.00865	0.00243	0.00357	0.16700	0.00477	0.00435
12	0.01123	0.01063	0.01668	0.62128	0.09958	0.03540	0.03752	0.05146	0.03639	0.01518	0.01001	0.01399	0.00758	0.00533	0.00530	0.00173	0.00696	0.00475	0.00264	0.00637
13	0.01316	0.01520	0.12986	0.05628	0.47812	0.03954	0.07376	0.06303	0.01262	0.01768	0.00989	0.01273	0.00798	0.00509	0.00581	0.00164	0.04228	0.00467	0.00271	0.00795
14	0.01029	0.00741	0.00978	0.11523	0.01342	0.00796	0.00752	0.10160	0.01227	0.06447	0.03768	0.28259	0.09167	0.05592	0.03522	0.02985	0.05198	0.05538	0.00433	0.00542
15	0.00670	0.00490	0.00661	0.04155	0.00898	0.00471	0.00541	0.00778	0.01023	0.01354	0.02874	0.70597	0.05665	0.03318	0.00713	0.00219	0.00334	0.04326	0.00476	0.00437
16	0.12895	0.00991	0.01039	0.00902	0.01125	0.03599	0.00703	0.24831	0.02738	0.02120	0.01360	0.04205	0.01206	0.12860	0.15626	0.00340	0.03199	0.00539	0.09108	0.00614
17	0.35422	0.06392	0.06938	0.08103	0.01582	0.04622	0.07091	0.07763	0.01161	0.02015	0.05914	0.01297	0.00987	0.00770	0.05377	0.00206	0.02985	0.00422	0.00326	0.00626

[dist]
# distance from previous block
# <min> <max>
3	9

[block]
# block no. 5 follows, 46 sequences, length 10
# corresponding to MSA columns:
# 181-190
name=unknown_F
#
# <colnr> <probs for GDERKNQSTAVLIFYWHMCP>
#	G	D	E	R	K	N	Q	S	T	A	V	L	I	F	Y	W	H	M	C	P
0	0.01123	0.07664	0.15895	0.10075	0.03813	0.01225	0.11468	0.01446	0.02632	0.03888	0.01181	0.06679	0.01049	0.04600	0.03750	0.00220	0.17032	0.00552	0.05075	0.00634
1	0.19497	0.09832	0.08324	0.03186	0.08787	0.08900	0.02296	0.03007	0.01165	0.01787	0.11233	0.05502	0.01425	0.00742	0.02226	0.02862	0.00550	0.00498	0.00333	0.07849
2	0.00773	0.00591	0.00726	0.00771	0.00894	0.00576	0.00587	0.01080	0.09277	0.01635	0.15977	0.29337	0.17741	0.01357	0.00653	0.00202	0.00339	0.16474	0.00510	0.00500
3	0.00773	0.00609	0.00675	0.00638	0.00813	0.00556	0.00483	0.06786	0.01390	0.01792	0.27641	0.07420	0.46078	0.01215	0.00619	0.00175	0.00288	0.01031	0.00522	0.00498
4	0.85155	0.01022	0.00777	0.00695	0.01022	0.01186	0.00573	0.01554	0.00900	0.02372	0.00736	0.00859	0.00573	0.00491	0.00327	0.00164	0.00409	0.00286	0.00327	0.00573
5	0.17646	0.00894	0.01089	0.00863	0.01239	0.00827	0.00709	0.02243	0.01375	0.58250	0.02092	0.01883	0.07203	0.00678	0.00501	0.00165	0.00428	0.00532	0.00581	0.00803
6	0.01252	0.00801	0.00968	0.00824	0.01042	0.00814	0.00651	0.17178	0.01644	0.11630	0.41933	0.02819	0.03152	0.00882	0.00607	0.00162	0.03245	0.00738	0.09024	0.00635
7	0.04068	0.00741	0.00925	0.00808	0.01042	0.00715	0.00640	0.05680	0.04567	0.25700	0.23991	0.04437	0.02553	0.04271	0.03106	0.00204	0.00408	0.06381	0.09113	0.00650
8	0.07663	0.64533	0.07566	0.00957	0.01415	0.04548	0.00957	0.04673	0.01136	0.01444	0.00774	0.00887	0.00679	0.00469	0.00362	0.00123	0.00582	0.00300	0.00247	0.00684
9	0.01507	0.00906	0.01079	0.00915	0.01198	0.00891	0.00716	0.21191	0.04344	0.21965	0.04470	0.23910	0.07141	0.00972	0.00571	0.00173	0.00421	0.00827	0.00536	0.06267

[dist]
# distance from previous block
# <min> <max>
0	5

[block]
# block no. 6 follows, 46 sequences, length 13
# corresponding to MSA columns:
# 196-208
name=unknown_G
#
# <colnr> <probs for GDERKNQSTAVLIFYWHMCP>
#	G	D	E	R	K	N	Q	S	T	A	V	L	I	F	Y	W	H	M	C	P
0	0.08183	0.01344	0.02896	0.01098	0.01460	0.06696	0.00896	0.30492	0.26666	0.09533	0.01693	0.01621	0.03719	0.00667	0.00516	0.00166	0.00522	0.00517	0.00503	0.00816
1	0.60558	0.06185	0.01106	0.03534	0.06853	0.02631	0.00740	0.06492	0.01078	0.04196	0.02085	0.01012	0.00717	0.00512	0.00375	0.00160	0.00464	0.00336	0.00338	0.00628
2	0.03960	0.43983	0.13323	0.01216	0.05861	0.07784	0.02619	0.01742	0.07189	0.02839	0.00929	0.01054	0.00772	0.00515	0.00472	0.00140	0.04269	0.00358	0.00268	0.00707
3	0.00738	0.00556	0.00643	0.00627	0.00784	0.00495	0.00471	0.00945	0.02901	0.03779	0.32223	0.09174	0.40939	0.01232	0.00625	0.00177	0.00275	0.02399	0.00530	0.00486
4	0.01121	0.01253	0.07932	0.32700	0.11563	0.01322	0.14460	0.01449	0.01053	0.01461	0.00911	0.01317	0.00732	0.00600	0.00830	0.00187	0.19727	0.00489	0.00242	0.00651
5	0.00766	0.00523	0.00629	0.00627	0.00649	0.00537	0.00386	0.00809	0.00816	0.01109	0.05104	0.03247	0.01960	0.64585	0.15621	0.00554	0.00654	0.00743	0.00326	0.00354
6	0.00796	0.00575	0.00704	0.02906	0.00760	0.00616	0.00448	0.00840	0.00835	0.01137	0.05615	0.07949	0.02030	0.61428	0.04672	0.00455	0.06747	0.00785	0.00334	0.00369
7	0.00856	0.00616	0.00798	0.03380	0.03699	0.00597	0.00592	0.02580	0.03861	0.04040	0.37560	0.14872	0.10886	0.05646	0.00729	0.00196	0.00333	0.04611	0.03630	0.00519
8	0.01749	0.01231	0.01363	0.01088	0.01431	0.01351	0.00881	0.52291	0.05868	0.07769	0.01423	0.01580	0.01084	0.05572	0.09614	0.00257	0.00644	0.00513	0.03490	0.00800
9	0.06005	0.06440	0.19139	0.18560	0.17008	0.06276	0.08433	0.05769	0.01215	0.02707	0.00960	0.01222	0.00740	0.00517	0.00538	0.00164	0.02882	0.00438	0.00269	0.00718
10	0.06736	0.10105	0.01510	0.01076	0.01449	0.05306	0.00890	0.41695	0.07022	0.02556	0.01348	0.06382	0.01124	0.00682	0.00500	0.00155	0.00541	0.03157	0.00451	0.07317
11	0.44157	0.08850	0.21380	0.00995	0.03035	0.01234	0.00994	0.01623	0.03106	0.04598	0.03043	0.01190	0.02823	0.00539	0.00407	0.00161	0.00519	0.00374	0.00317	0.00655
12	0.11327	0.08403	0.07662	0.01532	0.14389	0.24328	0.02813	0.15633	0.01482	0.01938	0.02972	0.01158	0.00853	0.00540	0.00472	0.00148	0.00686	0.00402	0.00326	0.02934

[dist]
# distance from previous block
# <min> <max>
9	16

[block]
# block no. 7 follows, 46 sequences, length 29
# corresponding to MSA columns:
# 226-240,243-256
name=unknown_H
#
# <colnr> <probs for GDERKNQSTAVLIFYWHMCP>
#	G	D	E	R	K	N	Q	S	T	A	V	L	I	F	Y	W	H	M	C	P
0	0.01414	0.51278	0.14743	0.03527	0.01656	0.10976	0.03326	0.03061	0.03143	0.01399	0.00842	0.00975	0.00710	0.00484	0.00404	0.00131	0.00656	0.00334	0.00246	0.00694
1	0.01460	0.20900	0.12208	0.01521	0.11199	0.23629	0.04442	0.03313	0.01215	0.01443	0.00872	0.01096	0.00739	0.00705	0.04227	0.00183	0.09525	0.00389	0.00255	0.00679
2	0.01216	0.00990	0.01128	0.00840	0.01254	0.00851	0.00663	0.13149	0.03417	0.01925	0.01094	0.01369	0.00931	0.08030	0.00633	0.00134	0.00434	0.00390	0.00354	0.61198
3	0.19041	0.11445	0.51554	0.01262	0.01890	0.01327	0.01520	0.01629	0.01058	0.01764	0.00873	0.01031	0.00651	0.00504	0.00474	0.00162	0.02491	0.00358	0.00246	0.00720
4	0.01328	0.01280	0.07598	0.21587	0.43794	0.02832	0.01500	0.01686	0.02868	0.08824	0.01102	0.01372	0.00850	0.00512	0.00523	0.00163	0.00644	0.00470	0.00295	0.00773
5	0.00852	0.00689	0.02996	0.00831	0.00944	0.00716	0.00636	0.02977	0.08074	0.01410	0.01771	0.16357	0.01792	0.15556	0.35123	0.00529	0.03134	0.00757	0.04360	0.00497
6	0.00697	0.00512	0.00654	0.00675	0.00773	0.00468	0.00485	0.00878	0.01293	0.01770	0.43226	0.31040	0.12944	0.01312	0.00642	0.00185	0.00272	0.01166	0.00539	0.00468
7	0.00956	0.00506	0.00727	0.00715	0.00736	0.00512	0.00486	0.04173	0.00786	0.01049	0.01028	0.05298	0.01038	0.01773	0.01930	0.76795	0.00458	0.00509	0.00256	0.00270
8	0.01075	0.04478	0.65996	0.08940	0.05920	0.01246	0.01866	0.01639	0.01114	0.01636	0.00945	0.01146	0.00681	0.00502	0.00502	0.00166	0.00762	0.00399	0.00226	0.00763
9	0.01436	0.01515	0.01675	0.20402	0.25878	0.22653	0.01284	0.03670	0.13107	0.01634	0.01120	0.01337	0.00886	0.00547	0.00514	0.00159	0.00701	0.00455	0.00308	0.00718
10	0.74708	0.00966	0.00775	0.00707	0.01008	0.01103	0.00571	0.01509	0.00929	0.04603	0.00981	0.08402	0.00869	0.00605	0.00366	0.00168	0.00401	0.00408	0.00352	0.00569
11	0.01081	0.00585	0.00595	0.00561	0.00712	0.00600	0.00429	0.08270	0.01238	0.02098	0.01682	0.01905	0.01312	0.00618	0.00384	0.00127	0.00278	0.00491	0.76503	0.00531
12	0.00652	0.00466	0.00613	0.00723	0.00758	0.00435	0.00481	0.00745	0.01018	0.01358	0.05000	0.73867	0.04914	0.05304	0.00765	0.00226	0.00314	0.01446	0.00485	0.00427
13	0.00641	0.00470	0.00603	0.00709	0.00760	0.00432	0.00479	0.00739	0.01038	0.01360	0.03247	0.70716	0.13642	0.01613	0.00668	0.00210	0.00301	0.01450	0.00491	0.00432
14	0.01008	0.00934	0.01498	0.48891	0.04298	0.01178	0.02359	0.01276	0.00984	0.01336	0.00996	0.03342	0.00846	0.00987	0.08194	0.02087	0.17181	0.00505	0.01530	0.00569
15	0.01014	0.00520	0.00523	0.00513	0.00644	0.00524	0.00387	0.03300	0.01147	0.02008	0.01712	0.01952	0.01342	0.00616	0.00374	0.00124	0.00256	0.00492	0.82048	0.00504
16	0.01234	0.02088	0.46067	0.01705	0.07134	0.01203	0.18433	0.01733	0.01191	0.08768	0.03006	0.01333	0.00878	0.00525	0.00563	0.00170	0.02441	0.00477	0.00285	0.00769
17	0.00672	0.00485	0.00643	0.00759	0.00810	0.00455	0.00537	0.00788	0.01051	0.01386	0.03022	0.66684	0.07214	0.01613	0.00680	0.00217	0.00330	0.11727	0.00490	0.00438
18	0.02645	0.01340	0.15554	0.01078	0.01573	0.00954	0.06225	0.06164	0.01199	0.05458	0.01041	0.02395	0.00830	0.00490	0.00510	0.00122	0.04275	0.00395	0.00322	0.47430
19	0.00672	0.00515	0.00584	0.00613	0.00717	0.00462	0.00427	0.00784	0.01108	0.01404	0.10738	0.22981	0.38076	0.15719	0.01009	0.00247	0.00324	0.02725	0.00469	0.00425
20	0.01412	0.01452	0.02052	0.06318	0.57510	0.13399	0.04986	0.03499	0.01276	0.01680	0.00975	0.01262	0.00807	0.00488	0.00521	0.00156	0.00693	0.00458	0.00269	0.00787
21	0.00672	0.00480	0.00637	0.00732	0.00780	0.00450	0.00504	0.00791	0.01084	0.01462	0.13658	0.64268	0.03645	0.03837	0.00727	0.00218	0.00313	0.04803	0.00499	0.00439
22	0.01096	0.00940	0.01096	0.00783	0.01253	0.00705	0.00626	0.01331	0.01096	0.01723	0.00940	0.01096	0.00783	0.00392	0.00392	0.00078	0.00392	0.00313	0.00313	0.84653
23	0.00757	0.00529	0.00650	0.00678	0.00756	0.00497	0.00463	0.02484	0.01127	0.03163	0.18331	0.36028	0.12449	0.18340	0.01079	0.00261	0.00343	0.01144	0.00478	0.00443
24	0.00773	0.00558	0.00810	0.00810	0.00902	0.00641	0.00622	0.00956	0.00865	0.01272	0.01451	0.02138	0.01354	0.07598	0.69708	0.00780	0.01285	0.00571	0.06441	0.00466
25	0.00802	0.00547	0.00731	0.00740	0.00826	0.00559	0.00537	0.00943	0.01014	0.04458	0.13159	0.16309	0.05950	0.19368	0.27695	0.00484	0.00730	0.04292	0.00404	0.00453
26	0.01342	0.01140	0.02552	0.02279	0.01436	0.04582	0.02910	0.13086	0.01355	0.05603	0.01044	0.01165	0.00819	0.00455	0.00434	0.00104	0.00476	0.00363	0.00357	0.58501
27	0.01443	0.00901	0.04462	0.00877	0.01186	0.00775	0.00723	0.08532	0.05067	0.26462	0.17872	0.12698	0.05818	0.00873	0.00557	0.00163	0.00400	0.00743	0.00536	0.09913
28	0.03966	0.19668	0.01872	0.01544	0.15658	0.24210	0.01080	0.11751	0.08520	0.01748	0.01008	0.01139	0.00823	0.00554	0.00521	0.00147	0.04350	0.00398	0.00319	0.00725

[dist]
# distance from previous block
# <min> <max>
0	2

[block]
# block no. 8 follows, 46 sequences, length 33
# corresponding to MSA columns:
# 259-263,278-305
name=unknown_I
#
# <colnr> <probs for GDERKNQSTAVLIFYWHMCP>
#	G	D	E	R	K	N	Q	S	T	A	V	L	I	F	Y	W	H	M	C	P
0	0.05032	0.01061	0.01163	0.00973	0.03669	0.05078	0.00751	0.06497	0.09619	0.07158	0.01452	0.01690	0.04421	0.00592	0.00496	0.00127	0.02513	0.04569	0.00388	0.42750
1	0.01842	0.02677	0.01545	0.01312	0.07181	0.06791	0.00994	0.49510	0.07745	0.07239	0.01343	0.03031	0.01004	0.00631	0.00519	0.00155	0.00575	0.00490	0.00484	0.04932
2	0.12342	0.66742	0.04277	0.03406	0.01408	0.01924	0.00904	0.01574	0.01052	0.01405	0.00747	0.00874	0.00665	0.00461	0.00348	0.00123	0.00554	0.00292	0.00240	0.00664
3	0.01349	0.03338	0.01007	0.00819	0.01077	0.00779	0.00656	0.10182	0.03228	0.22794	0.21679	0.04485	0.16763	0.01154	0.06017	0.00216	0.00448	0.02814	0.00541	0.00654
4	0.03117	0.01844	0.39704	0.01552	0.12868	0.01143	0.01469	0.01617	0.06421	0.03323	0.13464	0.01672	0.01470	0.00644	0.00627	0.00172	0.07330	0.00514	0.00320	0.00728
5	0.13075	0.07739	0.24309	0.04854	0.16500	0.03973	0.01317	0.05648	0.01249	0.14880	0.01117	0.01228	0.00812	0.00526	0.00476	0.00159	0.00620	0.00413	0.00337	0.00768
6	0.01020	0.00761	0.01133	0.14867	0.04783	0.00764	0.06021	0.01290	0.04055	0.09503	0.05541	0.11479	0.20421	0.01059	0.00645	0.02022	0.00471	0.13159	0.00437	0.00570
7	0.00800	0.00531	0.00679	0.00685	0.00741	0.00551	0.00466	0.00901	0.00898	0.03026	0.05486	0.12406	0.02032	0.37239	0.25156	0.00526	0.00727	0.00783	0.05954	0.00413
8	0.01333	0.01024	0.02784	0.02532	0.02958	0.01054	0.02559	0.29047	0.07666	0.04739	0.12797	0.17009	0.02208	0.02524	0.01917	0.00197	0.00486	0.05978	0.00500	0.00688
9	0.01517	0.11357	0.03651	0.19526	0.03675	0.04546	0.05893	0.30456	0.01624	0.02145	0.01041	0.01249	0.00797	0.00591	0.00613	0.00163	0.07813	0.00452	0.02156	0.00735
10	0.01874	0.00853	0.02468	0.00915	0.01235	0.00749	0.00738	0.04031	0.04926	0.53079	0.02247	0.20854	0.01827	0.00895	0.00566	0.00177	0.00423	0.00764	0.00599	0.00781
11	0.01021	0.00742	0.00833	0.00764	0.00984	0.00739	0.00587	0.01577	0.23073	0.09300	0.20662	0.05307	0.30238	0.01042	0.00592	0.00175	0.00325	0.00883	0.00541	0.00614
12	0.03827	0.30742	0.47069	0.01263	0.01899	0.03781	0.01511	0.01651	0.01105	0.01532	0.00862	0.01008	0.00670	0.00485	0.00438	0.00147	0.00698	0.00348	0.00229	0.00733
13	0.01903	0.03821	0.09387	0.01077	0.01474	0.01105	0.00962	0.19811	0.01614	0.38808	0.03496	0.05825	0.01287	0.00710	0.00615	0.00169	0.06034	0.00553	0.00526	0.00823
14	0.01168	0.00742	0.00893	0.00801	0.01022	0.00731	0.00618	0.01675	0.19002	0.16540	0.33056	0.07534	0.12090	0.00978	0.00589	0.00173	0.00332	0.00842	0.00570	0.00643
15	0.01314	0.00776	0.03384	0.00792	0.01063	0.00661	0.00655	0.01604	0.06405	0.27789	0.15426	0.03512	0.27370	0.01005	0.00590	0.00176	0.00368	0.05908	0.00555	0.00648
16	0.07779	0.01117	0.03683	0.03570	0.01492	0.01083	0.00876	0.17257	0.12619	0.42224	0.01766	0.01619	0.01181	0.00639	0.00517	0.00165	0.00487	0.00507	0.00563	0.00854
17	0.01281	0.06908	0.05964	0.06107	0.49322	0.04179	0.10403	0.01627	0.02748	0.01649	0.01073	0.04389	0.00922	0.00525	0.00526	0.00160	0.00661	0.00510	0.00272	0.00773
18	0.00700	0.00484	0.00597	0.00664	0.00681	0.00467	0.00414	0.00751	0.00902	0.01203	0.02351	0.46079	0.02787	0.37622	0.01584	0.00349	0.00400	0.01172	0.00414	0.00380
19	0.01195	0.01175	0.01898	0.38038	0.38103	0.04716	0.04277	0.01524	0.01152	0.01536	0.00964	0.01343	0.00769	0.00500	0.00527	0.00166	0.00687	0.00470	0.00250	0.00709
20	0.03128	0.58533	0.11651	0.01019	0.01492	0.04752	0.01032	0.06833	0.04596	0.01508	0.00864	0.00964	0.00732	0.00487	0.00386	0.00128	0.00597	0.00325	0.00264	0.00709
21	0.01233	0.00999	0.01155	0.00836	0.01299	0.00811	0.00673	0.09757	0.01263	0.03981	0.01008	0.01135	0.00810	0.00426	0.00411	0.00090	0.00414	0.00337	0.00347	0.73018
22	0.01271	0.04715	0.06081	0.10286	0.10929	0.09649	0.25768	0.03646	0.01188	0.01579	0.01014	0.01351	0.00819	0.00758	0.05575	0.00213	0.09894	0.00501	0.04094	0.00670
23	0.01041	0.00630	0.00813	0.00742	0.00921	0.00586	0.00573	0.01334	0.05243	0.14716	0.51894	0.06636	0.07393	0.01043	0.00611	0.00172	0.00305	0.04192	0.00580	0.00577
24	0.01472	0.00902	0.01076	0.00909	0.01189	0.00919	0.00719	0.11703	0.20103	0.22069	0.29743	0.02560	0.02677	0.00823	0.00566	0.00168	0.00386	0.00696	0.00583	0.00737
25	0.00770	0.00539	0.00734	0.00742	0.00811	0.00593	0.00538	0.00909	0.00862	0.01247	0.01609	0.07876	0.01627	0.23197	0.47791	0.00659	0.01012	0.00676	0.07374	0.00432
26	0.00718	0.00536	0.00678	0.00750	0.00845	0.00507	0.00557	0.00917	0.03954	0.01536	0.12758	0.41285	0.16239	0.01458	0.00665	0.00206	0.00331	0.15088	0.00503	0.00467
27	0.00948	0.00583	0.00733	0.00685	0.00853	0.00520	0.00517	0.01145	0.01373	0.13189	0.40928	0.13275	0.20929	0.01147	0.00616	0.00175	0.00290	0.00996	0.00561	0.00538
28	0.01082	0.02604	0.71915	0.01660	0.08993	0.01230	0.01924	0.01670	0.01124	0.01679	0.00953	0.01133	0.00685	0.00499	0.00504	0.00166	0.00768	0.00398	0.00227	0.00786
29	0.35900	0.01050	0.01098	0.06295	0.01402	0.01175	0.02309	0.06435	0.22492	0.11566	0.04350	0.01479	0.01159	0.00607	0.00454	0.00169	0.00451	0.00460	0.00440	0.00707
30	0.01105	0.00823	0.01036	0.03183	0.01207	0.00800	0.03103	0.14126	0.05057	0.05310	0.06563	0.36397	0.02304	0.01061	0.00578	0.00172	0.00408	0.00939	0.00467	0.15362
31	0.01580	0.13955	0.01768	0.06248	0.11434	0.24749	0.03822	0.15197	0.06423	0.01810	0.02931	0.02881	0.03748	0.00606	0.00496	0.00150	0.00681	0.00471	0.00344	0.00708
32	0.01392	0.01402	0.16025	0.06380	0.22754	0.02758	0.06676	0.01835	0.07435	0.15872	0.05094	0.01757	0.02528	0.00607	0.00538	0.00166	0.00602	0.02866	0.00376	0.02937

[dist]
# distance from previous block
# <min> <max>
2	6

[block]
# block no. 9 follows, 46 sequences, length 14
# corresponding to MSA columns:
# 312-325
name=unknown_J
#
# <colnr> <probs for GDERKNQSTAVLIFYWHMCP>
#	G	D	E	R	K	N	Q	S	T	A	V	L	I	F	Y	W	H	M	C	P
0	0.10204	0.01077	0.03471	0.07630	0.08481	0.01077	0.17193	0.03701	0.01169	0.05279	0.07688	0.05448	0.01306	0.00738	0.02858	0.00186	0.08869	0.00563	0.03424	0.09639
1	0.01344	0.00994	0.01147	0.00886	0.01263	0.00919	0.00713	0.17659	0.03986	0.08997	0.08125	0.01848	0.08519	0.00643	0.00521	0.00128	0.02830	0.00513	0.00435	0.38531
2	0.00870	0.00601	0.00727	0.00686	0.00851	0.00557	0.00517	0.01159	0.06693	0.07697	0.41014	0.10530	0.23806	0.01141	0.00615	0.00174	0.00286	0.00988	0.00552	0.00533
3	0.00660	0.00528	0.00590	0.00593	0.00740	0.00458	0.00438	0.00819	0.01259	0.01602	0.24225	0.13698	0.49912	0.01308	0.00630	0.00180	0.00267	0.01119	0.00515	0.00458
4	0.00738	0.00565	0.00803	0.00792	0.00899	0.00525	0.06910	0.00879	0.01068	0.01447	0.05197	0.45378	0.15361	0.08039	0.00800	0.00220	0.00360	0.01190	0.08376	0.00455
5	0.01085	0.01004	0.01530	0.38507	0.02468	0.01207	0.05681	0.01482	0.08205	0.01510	0.01063	0.01421	0.00846	0.00622	0.00776	0.00177	0.18027	0.00478	0.06129	0.07782
6	0.59418	0.01244	0.08200	0.00829	0.01173	0.05829	0.00731	0.04343	0.01022	0.04474	0.00901	0.01154	0.00738	0.07410	0.00568	0.00192	0.00493	0.00355	0.00331	0.00595
7	0.05152	0.04607	0.03264	0.08006	0.11806	0.12748	0.01035	0.20798	0.06390	0.07037	0.08371	0.04263	0.01394	0.00673	0.00522	0.00161	0.00589	0.02039	0.00414	0.00732
8	0.03996	0.35461	0.22510	0.01320	0.03138	0.03030	0.14000	0.01611	0.01135	0.02997	0.02637	0.04060	0.00906	0.00529	0.00458	0.00147	0.00662	0.00438	0.00263	0.00701
9	0.00663	0.00482	0.00627	0.00725	0.00775	0.00456	0.00497	0.00766	0.01016	0.01342	0.02988	0.62542	0.10294	0.05723	0.05496	0.00265	0.00387	0.04058	0.00470	0.00430
10	0.08244	0.38188	0.02003	0.01214	0.09066	0.13616	0.00956	0.07692	0.01271	0.01599	0.01155	0.01559	0.03307	0.00609	0.00439	0.00143	0.00604	0.07364	0.00302	0.00668
11	0.01054	0.00765	0.00879	0.03061	0.00990	0.00808	0.00575	0.17036	0.05949	0.01769	0.10572	0.13406	0.02218	0.36842	0.01524	0.00327	0.00469	0.00808	0.00429	0.00518
12	0.16387	0.16476	0.06391	0.05759	0.05683	0.06468	0.11113	0.01547	0.03397	0.01672	0.05773	0.01395	0.02310	0.00741	0.04469	0.00192	0.06247	0.00453	0.00297	0.03229
13	0.01466	0.05959	0.04852	0.08914	0.05160	0.03358	0.00959	0.14093	0.10994	0.15427	0.03528	0.01983	0.05076	0.01003	0.07966	0.00228	0.00615	0.04218	0.00438	0.03762

[dist]
# distance from previous block
# <min> <max>
5	16

[block]
# block no. 10 follows, 46 sequences, length 15
# corresponding to MSA columns:
# 343-357
name=unknown_K
#
# <colnr> <probs for GDERKNQSTAVLIFYWHMCP>
#	G	D	E	R	K	N	Q	S	T	A	V	L	I	F	Y	W	H	M	C	P
0	0.11393	0.36284	0.05305	0.08442	0.01569	0.03284	0.00945	0.10119	0.07211	0.01763	0.03813	0.02982	0.01036	0.00633	0.01686	0.00157	0.00563	0.01811	0.00323	0.00679
1	0.05267	0.00994	0.01314	0.03309	0.13044	0.00975	0.02434	0.04704	0.15203	0.26247	0.03996	0.02022	0.07221	0.00681	0.00525	0.00161	0.00466	0.02310	0.00485	0.08640
2	0.01350	0.07005	0.10956	0.02251	0.41136	0.04502	0.01401	0.10199	0.04352	0.01841	0.01246	0.01522	0.03887	0.00581	0.00562	0.00161	0.03591	0.02364	0.00310	0.00784
3	0.09343	0.07688	0.01182	0.00900	0.01192	0.05966	0.00731	0.17574	0.05191	0.11891	0.06338	0.05620	0.15771	0.03124	0.00593	0.00177	0.00468	0.05116	0.00471	0.00663
4	0.02832	0.00532	0.00718	0.02905	0.00892	0.00509	0.02270	0.00854	0.01115	0.01536	0.18725	0.52422	0.06213	0.04995	0.00738	0.00213	0.00329	0.01261	0.00486	0.00454
5	0.01496	0.01101	0.01403	0.04217	0.01536	0.01131	0.07933	0.30436	0.06054	0.08808	0.01594	0.13437	0.01390	0.04194	0.00632	0.00176	0.00520	0.00649	0.02595	0.10698
6	0.01010	0.00581	0.00741	0.00657	0.00819	0.00573	0.07536	0.01275	0.01122	0.01945	0.01663	0.01919	0.01303	0.00600	0.00394	0.00128	0.00307	0.00505	0.76410	0.00514
7	0.04309	0.01355	0.01500	0.01206	0.03837	0.01468	0.00959	0.60221	0.02221	0.12458	0.01361	0.01403	0.00975	0.03516	0.00601	0.00172	0.00560	0.00488	0.00523	0.00867
8	0.02877	0.07184	0.07884	0.01277	0.04535	0.05613	0.03725	0.08409	0.01096	0.01542	0.01019	0.01411	0.00902	0.01659	0.24116	0.00381	0.24999	0.00471	0.00280	0.00619
9	0.00745	0.00502	0.00584	0.00608	0.00614	0.00496	0.00354	0.00762	0.00816	0.01088	0.01909	0.18576	0.02229	0.65886	0.02298	0.00455	0.00472	0.00912	0.00354	0.00342
10	0.01074	0.00657	0.00709	0.00658	0.00792	0.00690	0.00484	0.12193	0.01234	0.01930	0.01714	0.08416	0.01545	0.15560	0.00880	0.00210	0.02444	0.00621	0.47672	0.00518
11	0.01290	0.01006	0.01157	0.02675	0.04266	0.02273	0.00787	0.28649	0.03209	0.02176	0.01921	0.26453	0.04688	0.00956	0.00561	0.00167	0.00458	0.02792	0.00460	0.14058
12	0.03537	0.11315	0.16040	0.09017	0.20682	0.12064	0.03274	0.06487	0.06306	0.04841	0.01059	0.01231	0.00821	0.00524	0.00491	0.00155	0.00678	0.00426	0.00302	0.00751
13	0.01593	0.06459	0.01589	0.04443	0.15500	0.16028	0.01047	0.28643	0.03300	0.02154	0.01385	0.08874	0.03197	0.00690	0.00519	0.00157	0.00617	0.00555	0.02510	0.00740
14	0.01282	0.01201	0.01917	0.16528	0.43870	0.02556	0.05881	0.08580	0.01275	0.01750	0.01140	0.01500	0.02841	0.03685	0.00662	0.00179	0.03612	0.00506	0.00290	0.00747

[dist]
# distance from previous block
# <min> <max>
4	11

[block]
# block no. 11 follows, 46 sequences, length 14
# corresponding to MSA columns:
# 369-382
name=unknown_L
#
# <colnr> <probs for GDERKNQSTAVLIFYWHMCP>
#	G	D	E	R	K	N	Q	S	T	A	V	L	I	F	Y	W	H	M	C	P
0	0.02816	0.01236	0.13533	0.18838	0.06202	0.05232	0.03547	0.01635	0.01291	0.17627	0.17530	0.03845	0.01839	0.00702	0.00548	0.00169	0.00565	0.01758	0.00410	0.00678
1	0.01153	0.02331	0.55993	0.01773	0.09220	0.01265	0.14253	0.04732	0.01202	0.01750	0.00986	0.01191	0.00716	0.00495	0.00526	0.00168	0.00778	0.00440	0.00247	0.00780
2	0.01644	0.03932	0.01366	0.01196	0.01437	0.46261	0.00912	0.10894	0.03230	0.01577	0.01424	0.12737	0.05026	0.00779	0.00589	0.00158	0.05298	0.00574	0.00349	0.00618
3	0.02135	0.00917	0.01207	0.00925	0.01337	0.00794	0.00758	0.02409	0.05265	0.63623	0.01924	0.01707	0.01249	0.00620	0.00512	0.00152	0.00440	0.00504	0.00599	0.12922
4	0.01363	0.70395	0.13670	0.00991	0.01491	0.01968	0.01055	0.01596	0.01080	0.01306	0.00766	0.00887	0.00677	0.00459	0.00363	0.00121	0.00596	0.00298	0.00226	0.00693
5	0.01284	0.00925	0.01264	0.04595	0.17991	0.00874	0.00894	0.01679	0.10444	0.14999	0.10786	0.02286	0.10312	0.00713	0.00529	0.00152	0.00441	0.02387	0.00440	0.17004
6	0.00647	0.00536	0.00566	0.00559	0.00728	0.00456	0.00419	0.00802	0.01257	0.01552	0.18359	0.04883	0.64828	0.01293	0.00625	0.00176	0.00264	0.01087	0.00507	0.00456
7	0.01293	0.01564	0.16367	0.06349	0.11390	0.01281	0.37379	0.05775	0.01268	0.05747	0.01114	0.02780	0.00852	0.00525	0.00620	0.00175	0.03932	0.00551	0.00294	0.00743
8	0.00705	0.00526	0.00655	0.00649	0.00770	0.00476	0.00477	0.00904	0.01355	0.01846	0.50060	0.16730	0.20444	0.01230	0.00632	0.00177	0.00263	0.01079	0.00548	0.00476
9	0.01581	0.01298	0.01386	0.01149	0.01497	0.04979	0.03598	0.29472	0.37907	0.04121	0.01903	0.01816	0.05464	0.00702	0.00540	0.00169	0.00512	0.00569	0.00512	0.00825
10	0.00728	0.00547	0.00669	0.00648	0.00782	0.00492	0.00480	0.00922	0.01325	0.01802	0.45603	0.09926	0.21564	0.06138	0.00751	0.00194	0.00287	0.03380	0.00526	0.03236
11	0.00772	0.00603	0.00698	0.00787	0.00843	0.04589	0.00558	0.00880	0.01037	0.01338	0.02584	0.50566	0.03014	0.14291	0.00996	0.00263	0.00407	0.14890	0.00451	0.00432
12	0.00935	0.00713	0.00932	0.00886	0.01006	0.00730	0.04519	0.13180	0.01229	0.01644	0.02365	0.47046	0.05044	0.13150	0.00982	0.00247	0.03300	0.01131	0.00451	0.00511
13	0.01888	0.02162	0.01735	0.01452	0.01788	0.54459	0.11806	0.12692	0.01604	0.04131	0.00959	0.01094	0.00750	0.00547	0.00507	0.00146	0.00875	0.00407	0.00321	0.00677

[dist]
# distance from previous block
# <min> <max>
6	10

[block]
# block no. 12 follows, 46 sequences, length 10
# corresponding to MSA columns:
# 394-403
name=unknown_M
#
# <colnr> <probs for GDERKNQSTAVLIFYWHMCP>
#	G	D	E	R	K	N	Q	S	T	A	V	L	I	F	Y	W	H	M	C	P
0	0.09220	0.01098	0.01175	0.01014	0.03150	0.03447	0.00789	0.16136	0.23011	0.13817	0.03143	0.01767	0.03107	0.00657	0.00495	0.00157	0.00453	0.01878	0.06700	0.08786
1	0.01948	0.00885	0.01136	0.00908	0.01259	0.00817	0.00737	0.06342	0.08254	0.53299	0.11807	0.02256	0.06406	0.00754	0.00549	0.00166	0.00418	0.00623	0.00618	0.00816
2	0.01096	0.00940	0.01096	0.00783	0.01253	0.00705	0.00626	0.01331	0.01096	0.01723	0.00940	0.01096	0.00783	0.00392	0.00392	0.00078	0.00392	0.00313	0.00313	0.84653
3	0.03378	0.00686	0.00814	0.00754	0.00944	0.00673	0.00591	0.06098	0.07039	0.06511	0.36604	0.03764	0.18959	0.01160	0.03095	0.00197	0.00361	0.07269	0.00536	0.00563
4	0.01796	0.00769	0.01039	0.00848	0.01152	0.00675	0.00679	0.02007	0.01480	0.51645	0.24411	0.06939	0.02515	0.00837	0.00567	0.00167	0.00383	0.00712	0.00624	0.00755
5	0.01101	0.05534	0.55911	0.01692	0.10393	0.01238	0.08573	0.01626	0.01141	0.01666	0.03389	0.01269	0.00854	0.00602	0.02620	0.00183	0.00766	0.00439	0.00244	0.00760
6	0.00756	0.00561	0.00825	0.00825	0.00910	0.00647	0.00630	0.00928	0.00842	0.01209	0.01439	0.02203	0.01376	0.11036	0.72330	0.00819	0.01334	0.00585	0.00287	0.00458
7	0.00767	0.00539	0.00632	0.00633	0.00686	0.00539	0.00408	0.00885	0.03467	0.01275	0.09057	0.09451	0.09364	0.47927	0.09275	0.00436	0.00524	0.00842	0.02900	0.00394
8	0.01096	0.00940	0.01096	0.00783	0.01253	0.00705	0.00626	0.01331	0.01096	0.01723	0.00940	0.01096	0.00783	0.00392	0.00392	0.00078	0.00392	0.00313	0.00313	0.84653
9	0.07509	0.00853	0.01119	0.00883	0.01244	0.00762	0.00722	0.02271	0.01471	0.62001	0.13445	0.02063	0.01817	0.00708	0.00532	0.00164	0.00417	0.00580	0.00622	0.00818

[dist]
# distance from previous block
# <min> <max>
3	6

[block]
# block no. 13 follows, 46 sequences, length 41
# corresponding to MSA columns:
# 410-450
name=unknown_N
#
# <colnr> <probs for GDERKNQSTAVLIFYWHMCP>
#	G	D	E	R	K	N	Q	S	T	A	V	L	I	F	Y	W	H	M	C	P
0	0.00720	0.00543	0.00655	0.00736	0.00795	0.02876	0.00508	0.00844	0.01097	0.01474	0.13052	0.59222	0.04975	0.03163	0.01970	0.00218	0.00341	0.02749	0.03615	0.00447
1	0.00938	0.00790	0.01099	0.12139	0.01464	0.04715	0.08056	0.03288	0.01193	0.04397	0.09588	0.38129	0.08194	0.01173	0.00622	0.00191	0.00462	0.02597	0.00438	0.00529
