[name]
unknown

[dist]
# distance from previous block
# <min> <max>
0	32

[block]
# block no. 0 follows, 44 sequences, length 9
# corresponding to MSA columns:
# 34-42
name=unknown_A
#
# <colnr> <probs for GDERKNQSTAVLIFYWHMCP>
#	G	D	E	R	K	N	Q	S	T	A	V	L	I	F	Y	W	H	M	C	P
0	0.01782	0.00994	0.01344	0.01101	0.01444	0.00961	0.06401	0.15561	0.04733	0.33770	0.02092	0.12312	0.01748	0.00888	0.00596	0.00184	0.00506	0.10000	0.00563	0.03020
1	0.01616	0.01076	0.01261	0.00948	0.01396	0.00966	0.00768	0.15269	0.07196	0.19283	0.01392	0.01395	0.01017	0.00536	0.00474	0.00124	0.00455	0.00427	0.00460	0.43941
2	0.01029	0.00862	0.01023	0.00797	0.01183	0.00665	0.00616	0.01240	0.01112	0.01693	0.01410	0.18326	0.01414	0.00686	0.00467	0.00111	0.00385	0.00589	0.00363	0.66029
3	0.01105	0.01029	0.01644	0.61539	0.11161	0.01239	0.01447	0.01614	0.10739	0.01547	0.01135	0.01517	0.00861	0.00564	0.00546	0.00180	0.00681	0.00501	0.00285	0.00665
4	0.00653	0.00543	0.00571	0.00585	0.00747	0.00461	0.00431	0.00791	0.01232	0.01496	0.08620	0.14808	0.64368	0.01410	0.00651	0.00188	0.00280	0.01194	0.00511	0.00461
5	0.00664	0.00474	0.00633	0.00759	0.00791	0.00443	0.00506	0.00759	0.01044	0.01392	0.03005	0.80485	0.03606	0.01708	0.00696	0.00221	0.00316	0.01550	0.00506	0.00443
6	0.00682	0.00485	0.00637	0.00741	0.00778	0.00455	0.00493	0.00782	0.01062	0.01426	0.08455	0.68938	0.03598	0.07661	0.00849	0.00241	0.00328	0.01450	0.00500	0.00440
7	0.01210	0.00634	0.00697	0.00638	0.00797	0.00632	0.00470	0.04876	0.03683	0.11370	0.01805	0.02288	0.01497	0.16897	0.00900	0.00217	0.00358	0.00574	0.49901	0.00556
8	0.84691	0.01054	0.00801	0.00717	0.01054	0.01223	0.00590	0.01603	0.00928	0.02446	0.00759	0.00886	0.00590	0.00506	0.00337	0.00169	0.00422	0.00295	0.00337	0.00590

[dist]
# distance from previous block
# <min> <max>
0	1

[block]
# block no. 1 follows, 44 sequences, length 7
# corresponding to MSA columns:
# 44-50
name=unknown_B
#
# <colnr> <probs for GDERKNQSTAVLIFYWHMCP>
#	G	D	E	R	K	N	Q	S	T	A	V	L	I	F	Y	W	H	M	C	P
0	0.01086	0.00649	0.00847	0.00757	0.00957	0.00575	0.00576	0.01311	0.01441	0.15379	0.46875	0.13735	0.03867	0.01052	0.00611	0.00169	0.00315	0.00924	0.00575	0.08299
1	0.00935	0.00806	0.00948	0.03150	0.01081	0.06534	0.02573	0.04736	0.01127	0.01472	0.04170	0.47212	0.02657	0.10841	0.01024	0.00247	0.08416	0.01141	0.00432	0.00497
2	0.84691	0.01054	0.00801	0.00717	0.01054	0.01223	0.00590	0.01603	0.00928	0.02446	0.00759	0.00886	0.00590	0.00506	0.00337	0.00169	0.00422	0.00295	0.00337	0.00590
3	0.01157	0.01110	0.01525	0.54931	0.03007	0.06958	0.01322	0.01644	0.11295	0.01532	0.01150	0.01508	0.00881	0.00601	0.00609	0.00180	0.05408	0.00493	0.04052	0.00637
4	0.00688	0.00494	0.00639	0.00726	0.00775	0.00460	0.00489	0.00799	0.01100	0.01476	0.13035	0.60413	0.07081	0.08065	0.00856	0.00238	0.00324	0.01393	0.00504	0.00444
5	0.01686	0.06118	0.01772	0.01573	0.07951	0.39276	0.03891	0.06094	0.01347	0.01499	0.00854	0.01104	0.00737	0.00662	0.00861	0.00171	0.23043	0.00413	0.00281	0.00666
6	0.01261	0.01232	0.02451	0.01807	0.02209	0.01198	0.49741	0.01595	0.01199	0.07028	0.01463	0.01959	0.05076	0.11427	0.01021	0.00234	0.07440	0.00670	0.00321	0.00668

[dist]
# distance from previous block
# <min> <max>
0	7

[block]
# block no. 2 follows, 44 sequences, length 29
# corresponding to MSA columns:
# 58-63,66-88
name=unknown_C
#
# <colnr> <probs for GDERKNQSTAVLIFYWHMCP>
#	G	D	E	R	K	N	Q	S	T	A	V	L	I	F	Y	W	H	M	C	P
0	0.00731	0.00541	0.00691	0.00788	0.00849	0.00529	0.00539	0.00964	0.07947	0.01503	0.05719	0.70452	0.03486	0.01597	0.00681	0.00216	0.00325	0.01443	0.00514	0.00484
1	0.00910	0.00721	0.00701	0.00686	0.00725	0.07668	0.00425	0.00949	0.00900	0.01156	0.04183	0.03227	0.01922	0.64331	0.06977	0.00492	0.00610	0.00740	0.02299	0.00378
2	0.01287	0.01220	0.02069	0.03110	0.70443	0.01218	0.01567	0.01590	0.01223	0.01746	0.01206	0.08573	0.01114	0.00597	0.00554	0.00167	0.00617	0.00583	0.00291	0.00825
3	0.01125	0.01020	0.01635	0.72385	0.03566	0.01255	0.01470	0.08169	0.01225	0.01579	0.01000	0.01440	0.00745	0.00555	0.00545	0.00180	0.00715	0.00485	0.00270	0.00635
4	0.00821	0.00612	0.00765	0.00718	0.00862	0.00590	0.00538	0.01185	0.08353	0.02143	0.66039	0.03914	0.07194	0.03037	0.00687	0.00182	0.00280	0.00953	0.00586	0.00540
5	0.01569	0.01388	0.01964	0.01691	0.09935	0.05278	0.19983	0.27305	0.07944	0.03695	0.04197	0.06126	0.01256	0.00682	0.00638	0.00176	0.04343	0.00613	0.00423	0.00792
6	0.01946	0.01626	0.08587	0.01274	0.01737	0.01634	0.01116	0.65065	0.06306	0.03219	0.01326	0.01332	0.00944	0.00646	0.00543	0.00166	0.00610	0.00489	0.00517	0.00913
7	0.00772	0.00557	0.00729	0.00686	0.00814	0.00514	0.00514	0.01029	0.01543	0.02186	0.77152	0.04072	0.05144	0.01115	0.00643	0.00171	0.00257	0.00986	0.00600	0.00514
8	0.02026	0.02367	0.01554	0.01370	0.01680	0.62641	0.01046	0.15647	0.03586	0.01743	0.00962	0.01069	0.00767	0.00583	0.00503	0.00146	0.00899	0.00383	0.00336	0.00692
9	0.01338	0.01327	0.02394	0.03157	0.63987	0.01310	0.14981	0.01686	0.01250	0.01775	0.01039	0.01371	0.00857	0.00481	0.00558	0.00166	0.00697	0.00514	0.00271	0.00840
10	0.02122	0.01448	0.01587	0.01217	0.01651	0.01574	0.01005	0.66036	0.02432	0.13208	0.01420	0.01381	0.00983	0.00657	0.00546	0.00164	0.00582	0.00498	0.00562	0.00927
11	0.02114	0.01130	0.01287	0.01046	0.01428	0.06559	0.00842	0.04742	0.21635	0.50017	0.02051	0.01825	0.01375	0.00683	0.00546	0.00171	0.00496	0.00551	0.00611	0.00889
12	0.84691	0.01054	0.00801	0.00717	0.01054	0.01223	0.00590	0.01603	0.00928	0.02446	0.00759	0.00886	0.00590	0.00506	0.00337	0.00169	0.00422	0.00295	0.00337	0.00590
13	0.01136	0.00986	0.01203	0.00859	0.01346	0.00749	0.03237	0.01386	0.01136	0.01775	0.00974	0.01142	0.00808	0.00406	0.00412	0.00084	0.00422	0.00334	0.00321	0.81283
14	0.00793	0.00529	0.00595	0.00595	0.00595	0.00529	0.00330	0.00793	0.00793	0.01057	0.01718	0.03568	0.01982	0.80840	0.02775	0.00529	0.00529	0.00793	0.00330	0.00330
15	0.01417	0.69021	0.02677	0.01009	0.01404	0.02083	0.00972	0.01584	0.01066	0.01287	0.00752	0.00923	0.00702	0.00541	0.00568	0.00135	0.12622	0.00320	0.00234	0.00684
16	0.02433	0.00948	0.01278	0.00980	0.01402	0.00831	0.00809	0.05134	0.01594	0.75292	0.02122	0.01837	0.01335	0.00674	0.00548	0.00169	0.00469	0.00546	0.00670	0.00928
17	0.00733	0.00496	0.00661	0.00761	0.00813	0.00460	0.00517	0.00843	0.01097	0.04059	0.08256	0.72357	0.03638	0.01630	0.00687	0.00216	0.00317	0.01475	0.00519	0.00464
18	0.00695	0.00495	0.00616	0.00699	0.00736	0.00466	0.00453	0.00770	0.00999	0.01315	0.02912	0.54192	0.09962	0.21614	0.01215	0.00295	0.00366	0.01322	0.00462	0.00416
19	0.01016	0.00508	0.00508	0.00508	0.00635	0.00508	0.00381	0.01270	0.01143	0.02033	0.01778	0.02033	0.01397	0.00635	0.00381	0.00127	0.00254	0.00508	0.83867	0.00508
20	0.00772	0.00557	0.00729	0.00686	0.00814	0.00514	0.00514	0.01029	0.01543	0.02186	0.77152	0.04072	0.05144	0.01115	0.00643	0.00171	0.00257	0.00986	0.00600	0.00514
21	0.84691	0.01054	0.00801	0.00717	0.01054	0.01223	0.00590	0.01603	0.00928	0.02446	0.00759	0.00886	0.00590	0.00506	0.00337	0.00169	0.00422	0.00295	0.00337	0.00590
22	0.01287	0.01471	0.03217	0.02298	0.02849	0.01379	0.75460	0.01746	0.01287	0.01746	0.01103	0.01471	0.00827	0.00460	0.00643	0.00184	0.00919	0.00643	0.00276	0.00735
23	0.00793	0.00529	0.00595	0.00595	0.00595	0.00529	0.00330	0.00793	0.00793	0.01057	0.01718	0.03568	0.01982	0.80840	0.02775	0.00529	0.00529	0.00793	0.00330	0.00330
24	0.00793	0.00529	0.00595	0.00595	0.00595	0.00529	0.00330	0.00793	0.00793	0.01057	0.01718	0.03568	0.01982	0.80840	0.02775	0.00529	0.00529	0.00793	0.00330	0.00330
25	0.01293	0.01042	0.01201	0.00871	0.01348	0.00857	0.00702	0.11246	0.01333	0.04161	0.01048	0.01175	0.00839	0.00445	0.00427	0.00094	0.00431	0.00352	0.00362	0.70775
26	0.01430	0.55330	0.09485	0.00999	0.01488	0.06168	0.00994	0.01657	0.01151	0.03211	0.00848	0.00969	0.00731	0.00472	0.00386	0.00119	0.00596	0.00316	0.00260	0.13390
27	0.01827	0.06448	0.17163	0.01297	0.01797	0.06310	0.01221	0.48820	0.03795	0.04234	0.01218	0.01259	0.00877	0.00613	0.00525	0.00162	0.00658	0.00457	0.00450	0.00870
28	0.07040	0.01124	0.06768	0.00954	0.01364	0.00956	0.00823	0.10639	0.08322	0.19792	0.11477	0.01850	0.02967	0.00654	0.00508	0.00147	0.00453	0.00528	0.00486	0.23149

[dist]
# distance from previous block
# <min> <max>
2	7

[block]
# block no. 3 follows, 44 sequences, length 36
# corresponding to MSA columns:
# 96-131
name=unknown_D
#
# <colnr> <probs for GDERKNQSTAVLIFYWHMCP>
#	G	D	E	R	K	N	Q	S	T	A	V	L	I	F	Y	W	H	M	C	P
0	0.02704	0.02928	0.00775	0.00751	0.00881	0.00558	0.00536	0.00919	0.01123	0.01562	0.11564	0.53131	0.06780	0.01385	0.00630	0.00191	0.00329	0.01236	0.00481	0.11536
1	0.13766	0.32504	0.32889	0.01161	0.01732	0.03446	0.01312	0.01684	0.01117	0.03152	0.00918	0.02466	0.00746	0.00522	0.00430	0.00151	0.00652	0.00367	0.00262	0.00724
2	0.07264	0.13586	0.61911	0.01406	0.02130	0.01387	0.01760	0.01704	0.01129	0.01717	0.00932	0.01093	0.00685	0.00510	0.00481	0.00165	0.00747	0.00379	0.00238	0.00775
3	0.00824	0.00546	0.00673	0.00698	0.00748	0.00530	0.00467	0.00913	0.01019	0.03586	0.12258	0.18416	0.02833	0.43388	0.01790	0.00379	0.00447	0.09641	0.00430	0.00414
4	0.01478	0.01186	0.06741	0.01080	0.01365	0.10807	0.00933	0.06920	0.05772	0.18682	0.02237	0.10544	0.03549	0.01040	0.00623	0.00199	0.00558	0.25109	0.00499	0.00680
5	0.16498	0.42687	0.09264	0.04601	0.01562	0.08959	0.01002	0.01748	0.01152	0.06923	0.00894	0.01008	0.00726	0.00506	0.00400	0.00140	0.00611	0.00335	0.00288	0.00695
6	0.00779	0.00584	0.00876	0.00876	0.00974	0.00681	0.00681	0.00974	0.00876	0.01266	0.01460	0.02142	0.01363	0.04089	0.78680	0.00876	0.01460	0.00584	0.00292	0.00487
7	0.00775	0.00555	0.00643	0.00641	0.00777	0.00493	0.00461	0.00921	0.01243	0.05020	0.21077	0.17087	0.36510	0.10266	0.00887	0.00225	0.00315	0.01111	0.00516	0.00476
8	0.01167	0.13888	0.56137	0.05024	0.02228	0.01402	0.03626	0.01784	0.06658	0.01688	0.01040	0.01198	0.00768	0.00526	0.00501	0.00166	0.00745	0.00412	0.00256	0.00784
9	0.80913	0.01134	0.04292	0.00755	0.01113	0.01225	0.00655	0.01608	0.00938	0.02413	0.00769	0.00898	0.00595	0.00507	0.00346	0.00169	0.00439	0.00300	0.00333	0.00600
10	0.07004	0.04827	0.07238	0.58189	0.05012	0.01290	0.01435	0.05860	0.01175	0.01617	0.00967	0.01354	0.00728	0.00542	0.00519	0.00176	0.00695	0.00457	0.00266	0.00649
11	0.01950	0.01305	0.05023	0.04884	0.08703	0.01283	0.01059	0.34244	0.04532	0.25658	0.03034	0.01605	0.01160	0.02297	0.00593	0.00175	0.00564	0.00524	0.00528	0.00879
12	0.01446	0.06458	0.04550	0.01648	0.11310	0.02729	0.20550	0.03399	0.05643	0.12379	0.03677	0.01484	0.01068	0.00561	0.00617	0.00158	0.05848	0.00512	0.00365	0.15597
13	0.00709	0.00554	0.00636	0.00616	0.00767	0.00488	0.00457	0.00897	0.01364	0.01786	0.38493	0.04637	0.40910	0.04406	0.00728	0.00192	0.00277	0.01060	0.00543	0.00480
14	0.01130	0.00969	0.01130	0.00807	0.01292	0.00727	0.00646	0.01373	0.01130	0.01776	0.00969	0.01130	0.00807	0.00404	0.00404	0.00081	0.00404	0.00323	0.00323	0.84173
15	0.00659	0.00524	0.00593	0.00647	0.00769	0.00458	0.00464	0.00783	0.01165	0.01445	0.04455	0.34952	0.46079	0.01513	0.00668	0.00201	0.00298	0.03368	0.00506	0.00455
16	0.01161	0.00987	0.01147	0.00822	0.01305	0.00758	0.00659	0.03764	0.01177	0.01830	0.00980	0.01136	0.00811	0.00412	0.00408	0.00083	0.00410	0.00328	0.00330	0.81492
17	0.01328	0.01147	0.01206	0.01087	0.01391	0.01321	0.00845	0.02813	0.73474	0.02249	0.02350	0.02161	0.04658	0.00765	0.00558	0.00185	0.00425	0.00638	0.00553	0.00847
18	0.00779	0.00584	0.00876	0.00876	0.00974	0.00681	0.00681	0.00974	0.00876	0.01266	0.01460	0.02142	0.01363	0.04089	0.78680	0.00876	0.01460	0.00584	0.00292	0.00487
19	0.00793	0.00529	0.00595	0.00595	0.00595	0.00529	0.00330	0.00793	0.00793	0.01057	0.01718	0.03568	0.01982	0.80840	0.02775	0.00529	0.00529	0.00793	0.00330	0.00330
20	0.00874	0.00746	0.00775	0.00734	0.00954	0.00744	0.00560	0.01458	0.24797	0.01766	0.08561	0.04175	0.49477	0.01165	0.00616	0.00184	0.00324	0.00974	0.00527	0.00589
21	0.84691	0.01054	0.00801	0.00717	0.01054	0.01223	0.00590	0.01603	0.00928	0.02446	0.00759	0.00886	0.00590	0.00506	0.00337	0.00169	0.00422	0.00295	0.00337	0.00590
22	0.01458	0.81168	0.02857	0.00933	0.01399	0.02157	0.00933	0.01632	0.01108	0.01283	0.00758	0.00875	0.00700	0.00466	0.00350	0.00117	0.00583	0.00292	0.00233	0.00700
23	0.00780	0.00580	0.00856	0.00856	0.00947	0.00671	0.00657	0.00961	0.00870	0.01251	0.01478	0.02242	0.01406	0.09485	0.73343	0.00852	0.01395	0.00599	0.00295	0.00476
24	0.84691	0.01054	0.00801	0.00717	0.01054	0.01223	0.00590	0.01603	0.00928	0.02446	0.00759	0.00886	0.00590	0.00506	0.00337	0.00169	0.00422	0.00295	0.00337	0.00590
25	0.01220	0.00868	0.06557	0.00824	0.01125	0.00663	0.00703	0.01485	0.01439	0.19128	0.39099	0.02986	0.07496	0.00881	0.00577	0.00158	0.00367	0.00755	0.00543	0.13127
26	0.52279	0.01027	0.00970	0.00822	0.01171	0.01116	0.00672	0.05371	0.05509	0.20098	0.05310	0.01370	0.01091	0.00599	0.00425	0.00170	0.00432	0.00419	0.00453	0.00697
27	0.02392	0.01015	0.01319	0.01011	0.01435	0.00931	0.00836	0.13292	0.01707	0.66975	0.02028	0.01776	0.01288	0.00672	0.00548	0.00168	0.00484	0.00540	0.00656	0.00928
28	0.01525	0.01067	0.01178	0.00908	0.01331	0.06474	0.00722	0.01821	0.05696	0.21177	0.01428	0.04995	0.01117	0.00564	0.00469	0.00120	0.00459	0.00456	0.00432	0.48061
29	0.01326	0.01235	0.02033	0.21329	0.54354	0.01304	0.01589	0.07020	0.01302	0.01810	0.01033	0.01371	0.00836	0.00512	0.00541	0.00167	0.00663	0.00486	0.00283	0.00807
30	0.00724	0.00539	0.00655	0.00669	0.00774	0.00489	0.00470	0.00874	0.01224	0.01642	0.28194	0.26548	0.19875	0.11630	0.00928	0.00233	0.00317	0.01145	0.00510	0.02558
31	0.00668	0.00478	0.00636	0.00756	0.00792	0.00446	0.00506	0.00770	0.01063	0.01423	0.05904	0.77497	0.03666	0.01685	0.00694	0.00219	0.00314	0.01528	0.00510	0.00446
32	0.01837	0.01240	0.01388	0.01119	0.01472	0.01328	0.00900	0.51428	0.02132	0.12367	0.01755	0.17274	0.01518	0.00869	0.00576	0.00176	0.00526	0.00711	0.00554	0.00830
33	0.01821	0.01148	0.06688	0.01402	0.12838	0.00974	0.03851	0.06979	0.04039	0.37803	0.05922	0.01923	0.03231	0.00666	0.00550	0.00164	0.00521	0.02010	0.00519	0.06952
34	0.02223	0.00977	0.01261	0.00990	0.01386	0.00906	0.00810	0.08238	0.08662	0.60830	0.06202	0.01951	0.01554	0.00703	0.00554	0.00170	0.00460	0.00574	0.00649	0.00899
35	0.05700	0.01135	0.01345	0.06800	0.01596	0.01189	0.00904	0.32832	0.03346	0.25939	0.05115	0.08629	0.01470	0.00762	0.00555	0.00173	0.00515	0.00618	0.00553	0.00826

[dist]
# distance from previous block
# <min> <max>
0	3

[block]
# block no. 4 follows, 44 sequences, length 42
# corresponding to MSA columns:
# 136-145,147-162,164-179
name=unknown_E
#
# <colnr> <probs for GDERKNQSTAVLIFYWHMCP>
#	G	D	E	R	K	N	Q	S	T	A	V	L	I	F	Y	W	H	M	C	P
0	0.12610	0.06934	0.10276	0.01039	0.01478	0.01155	0.00946	0.16458	0.01547	0.31667	0.01583	0.06420	0.01169	0.00672	0.00507	0.00165	0.00522	0.00524	0.00499	0.03828
1	0.02007	0.10081	0.01690	0.01363	0.03654	0.54871	0.02852	0.02174	0.01489	0.13356	0.01051	0.01131	0.00811	0.00566	0.00491	0.00144	0.00851	0.00387	0.00338	0.00694
2	0.01040	0.01023	0.01805	0.28984	0.07332	0.03016	0.20957	0.01345	0.01146	0.01507	0.01563	0.22635	0.01549	0.00918	0.02535	0.00208	0.00688	0.00812	0.00326	0.00611
3	0.84691	0.01054	0.00801	0.00717	0.01054	0.01223	0.00590	0.01603	0.00928	0.02446	0.00759	0.00886	0.00590	0.00506	0.00337	0.00169	0.00422	0.00295	0.00337	0.00590
4	0.00793	0.00529	0.00595	0.00595	0.00595	0.00529	0.00330	0.00793	0.00793	0.01057	0.01718	0.03568	0.01982	0.80840	0.02775	0.00529	0.00529	0.00793	0.00330	0.00330
5	0.01548	0.01289	0.01959	0.02668	0.54169	0.03280	0.01447	0.11365	0.01454	0.09607	0.01264	0.01626	0.01030	0.00580	0.00551	0.00167	0.00624	0.04162	0.00358	0.00854
6	0.00958	0.00739	0.00937	0.00956	0.01158	0.00719	0.00802	0.01359	0.10773	0.01718	0.02614	0.08577	0.05616	0.01241	0.00666	0.00212	0.00459	0.46338	0.00481	0.13676
7	0.19757	0.56920	0.08741	0.00938	0.01404	0.01876	0.00949	0.01634	0.01072	0.01576	0.00777	0.00900	0.00675	0.00479	0.00361	0.00133	0.00566	0.00302	0.00256	0.00685
8	0.84691	0.01054	0.00801	0.00717	0.01054	0.01223	0.00590	0.01603	0.00928	0.02446	0.00759	0.00886	0.00590	0.00506	0.00337	0.00169	0.00422	0.00295	0.00337	0.00590
9	0.00690	0.00513	0.00616	0.00673	0.00748	0.00473	0.00456	0.00793	0.01082	0.01403	0.08051	0.40040	0.23540	0.15124	0.02991	0.00277	0.00367	0.01252	0.00477	0.00434
10	0.01208	0.01642	0.22510	0.11766	0.34365	0.01230	0.08503	0.01625	0.01196	0.01712	0.01064	0.01446	0.00860	0.00524	0.00542	0.00167	0.00705	0.02605	0.00267	0.06065
11	0.00707	0.00547	0.00644	0.00637	0.00779	0.00484	0.00471	0.00897	0.01364	0.01802	0.39188	0.12499	0.35440	0.01289	0.00649	0.00182	0.00271	0.01114	0.00551	0.00484
12	0.01099	0.00604	0.00626	0.02113	0.00788	0.00624	0.00460	0.06645	0.02809	0.02126	0.01738	0.01969	0.01356	0.00637	0.00400	0.00132	0.00292	0.00509	0.74525	0.00547
13	0.03380	0.27259	0.11969	0.03619	0.01615	0.11449	0.01060	0.03547	0.01183	0.01558	0.00866	0.01047	0.00730	0.00525	0.00549	0.00134	0.08054	0.00350	0.00272	0.20834
14	0.02037	0.02598	0.01545	0.01404	0.01685	0.78652	0.01053	0.02177	0.01545	0.01334	0.00843	0.00983	0.00702	0.00562	0.00492	0.00140	0.00983	0.00351	0.00281	0.00632
15	0.00664	0.00474	0.00633	0.00759	0.00791	0.00443	0.00506	0.00759	0.01044	0.01392	0.03005	0.80485	0.03606	0.01708	0.00696	0.00221	0.00316	0.01550	0.00506	0.00443
16	0.00797	0.00568	0.00738	0.00732	0.00772	0.00620	0.00497	0.00880	0.00829	0.01150	0.01587	0.02917	0.01694	0.46981	0.34341	0.00666	0.02819	0.00698	0.00312	0.00402
17	0.00939	0.00482	0.00713	0.00713	0.00724	0.00488	0.00483	0.00750	0.00738	0.01011	0.01013	0.01703	0.00992	0.01982	0.06903	0.75460	0.00527	0.00482	0.03635	0.00264
18	0.00664	0.00474	0.00633	0.00759	0.00791	0.00443	0.00506	0.00759	0.01044	0.01392	0.03005	0.80485	0.03606	0.01708	0.00696	0.00221	0.00316	0.01550	0.00506	0.00443
19	0.01259	0.01203	0.02050	0.24882	0.56610	0.01272	0.01628	0.01594	0.01199	0.01671	0.01010	0.01379	0.00825	0.00503	0.00541	0.00168	0.00670	0.00485	0.00262	0.00791
20	0.82525	0.01067	0.00823	0.00731	0.01071	0.01235	0.00602	0.03543	0.00971	0.02472	0.00774	0.00897	0.00599	0.00510	0.00343	0.00169	0.00426	0.00300	0.00343	0.00599
21	0.04725	0.01512	0.01609	0.01237	0.01670	0.01676	0.01022	0.73245	0.02511	0.03404	0.01291	0.01295	0.00916	0.00650	0.00539	0.00164	0.00594	0.00485	0.00539	0.00916
22	0.71756	0.01142	0.00892	0.00785	0.01126	0.06158	0.00640	0.01737	0.01026	0.09362	0.00894	0.00982	0.00668	0.00525	0.00367	0.00167	0.00462	0.00322	0.00365	0.00624
23	0.01222	0.01182	0.01885	0.17574	0.48193	0.04055	0.03215	0.01525	0.01215	0.01646	0.01436	0.05751	0.05851	0.00641	0.00561	0.00172	0.00638	0.02194	0.00297	0.00747
24	0.00784	0.00526	0.00602	0.00609	0.00616	0.00523	0.00349	0.00800	0.00839	0.01124	0.04861	0.08454	0.02213	0.72597	0.02557	0.00495	0.00504	0.00849	0.00352	0.00345
25	0.01552	0.01480	0.02906	0.01257	0.04847	0.14844	0.00955	0.15677	0.37590	0.02223	0.01780	0.03574	0.03320	0.00701	0.00539	0.00168	0.00567	0.00559	0.00472	0.04987
26	0.00674	0.00478	0.00630	0.00747	0.00776	0.00449	0.00493	0.00762	0.01025	0.01367	0.02910	0.74830	0.03486	0.07525	0.00849	0.00244	0.00332	0.01494	0.00493	0.00435
27	0.01197	0.01194	0.01615	0.01475	0.06196	0.05326	0.03786	0.01327	0.00907	0.01326	0.00884	0.01508	0.00891	0.11165	0.01731	0.00264	0.57848	0.00518	0.00256	0.00586
28	0.84691	0.01054	0.00801	0.00717	0.01054	0.01223	0.00590	0.01603	0.00928	0.02446	0.00759	0.00886	0.00590	0.00506	0.00337	0.00169	0.00422	0.00295	0.00337	0.00590
29	0.00664	0.00474	0.00633	0.00759	0.00791	0.00443	0.00506	0.00759	0.01044	0.01392	0.03005	0.80485	0.03606	0.01708	0.00696	0.00221	0.00316	0.01550	0.00506	0.00443
30	0.01961	0.01447	0.01587	0.06174	0.01775	0.01609	0.01038	0.67693	0.02408	0.03246	0.01308	0.01350	0.00935	0.00647	0.00538	0.00163	0.00593	0.00491	0.04148	0.00889
31	0.00751	0.00556	0.00701	0.00665	0.00802	0.00506	0.00498	0.00989	0.01495	0.02072	0.65719	0.04260	0.16648	0.01157	0.00643	0.00173	0.00260	0.01012	0.00585	0.00506
32	0.01906	0.00825	0.01100	0.00888	0.01214	0.00736	0.00713	0.02172	0.04217	0.52450	0.22676	0.02513	0.02416	0.02841	0.00631	0.00179	0.00408	0.00677	0.00641	0.00797
33	0.00779	0.00584	0.00876	0.00876	0.00974	0.00681	0.00681	0.00974	0.00876	0.01266	0.01460	0.02142	0.01363	0.04089	0.78680	0.00876	0.01460	0.00584	0.00292	0.00487
34	0.00663	0.00478	0.00629	0.00751	0.00788	0.00444	0.00502	0.00760	0.01052	0.01395	0.03109	0.77362	0.06661	0.01694	0.00694	0.00220	0.00315	0.01533	0.00506	0.00444
35	0.02072	0.01527	0.01636	0.01254	0.01691	0.01691	0.01036	0.75622	0.02563	0.03436	0.01309	0.01309	0.00927	0.00654	0.00545	0.00164	0.00600	0.00491	0.00545	0.00927
36	0.84691	0.01054	0.00801	0.00717	0.01054	0.01223	0.00590	0.01603	0.00928	0.02446	0.00759	0.00886	0.00590	0.00506	0.00337	0.00169	0.00422	0.00295	0.00337	0.00590
37	0.01077	0.01011	0.01703	0.59893	0.18729	0.01189	0.01496	0.01418	0.01119	0.01473	0.01084	0.05445	0.00901	0.00592	0.00552	0.00180	0.00690	0.00539	0.00261	0.00650
38	0.01201	0.03576	0.03609	0.21781	0.20936	0.01311	0.26182	0.01560	0.01165	0.01595	0.01037	0.01439	0.00832	0.00749	0.05591	0.00223	0.05706	0.00537	0.00263	0.00710
39	0.14713	0.01229	0.01274	0.01023	0.01391	0.01326	0.00830	0.43047	0.04857	0.02791	0.01707	0.05812	0.07819	0.00735	0.00515	0.00163	0.00498	0.00567	0.02523	0.07179
40	0.04601	0.01170	0.01347	0.01044	0.01448	0.01155	0.02764	0.33760	0.01772	0.07847	0.01426	0.10210	0.01206	0.00684	0.00512	0.00145	0.00498	0.00558	0.00465	0.27388
41	0.15824	0.25062	0.15810	0.01112	0.01585	0.06566	0.01089	0.18210	0.04337	0.02109	0.02999	0.01160	0.00884	0.00558	0.00447	0.00152	0.00611	0.00392	0.00345	0.00748

[dist]
# distance from previous block
# <min> <max>
1	10

[block]
# block no. 5 follows, 44 sequences, length 24
# corresponding to MSA columns:
# 199-216,222-227
name=unknown_F
#
# <colnr> <probs for GDERKNQSTAVLIFYWHMCP>
#	G	D	E	R	K	N	Q	S	T	A	V	L	I	F	Y	W	H	M	C	P
0	0.01039	0.00789	0.00853	0.00765	0.00901	0.03405	0.00528	0.11546	0.01133	0.01515	0.01727	0.02863	0.05462	0.46739	0.10483	0.00443	0.00633	0.00687	0.00363	0.08124
1	0.84691	0.01054	0.00801	0.00717	0.01054	0.01223	0.00590	0.01603	0.00928	0.02446	0.00759	0.00886	0.00590	0.00506	0.00337	0.00169	0.00422	0.00295	0.00337	0.00590
2	0.09656	0.01048	0.01204	0.03888	0.09054	0.01153	0.00865	0.03778	0.38819	0.08325	0.04183	0.01998	0.04704	0.00706	0.00521	0.00173	0.00441	0.00582	0.08128	0.00774
3	0.00809	0.00622	0.00910	0.00894	0.00977	0.00739	0.00691	0.00984	0.00867	0.01253	0.01428	0.02182	0.01364	0.09585	0.67703	0.00806	0.06821	0.00592	0.00291	0.00483
4	0.01867	0.01511	0.01491	0.01201	0.01571	0.09395	0.00962	0.51506	0.13972	0.02875	0.01433	0.01546	0.01093	0.06213	0.00696	0.00190	0.00607	0.00517	0.00505	0.00846
5	0.05493	0.01803	0.23586	0.04662	0.02654	0.01334	0.48917	0.01721	0.01224	0.01765	0.01047	0.01352	0.00774	0.00481	0.00590	0.00180	0.00856	0.00554	0.00265	0.00743
6	0.01416	0.77079	0.02740	0.00914	0.01366	0.02071	0.00907	0.01589	0.01115	0.01292	0.01000	0.01096	0.04581	0.00513	0.00365	0.00120	0.00567	0.00335	0.00247	0.00687
7	0.01458	0.81168	0.02857	0.00933	0.01399	0.02157	0.00933	0.01632	0.01108	0.01283	0.00758	0.00875	0.00700	0.00466	0.00350	0.00117	0.00583	0.00292	0.00233	0.00700
8	0.00800	0.00569	0.00708	0.00666	0.00817	0.00512	0.00502	0.01030	0.01478	0.04561	0.59085	0.04253	0.20672	0.01158	0.00640	0.00174	0.00268	0.01007	0.00582	0.00516
9	0.05036	0.75481	0.02724	0.00925	0.01384	0.02079	0.00915	0.01660	0.01113	0.03497	0.00797	0.00903	0.00713	0.00474	0.00355	0.00120	0.00573	0.00299	0.00250	0.00701
10	0.02264	0.00942	0.01245	0.00971	0.01368	0.00850	0.00796	0.05790	0.05403	0.65738	0.07033	0.01986	0.01596	0.00706	0.00555	0.00169	0.00455	0.00578	0.00658	0.00897
11	0.00664	0.00474	0.00633	0.00759	0.00791	0.00443	0.00506	0.00759	0.01044	0.01392	0.03005	0.80485	0.03606	0.01708	0.00696	0.00221	0.00316	0.01550	0.00506	0.00443
12	0.01030	0.00969	0.01635	0.79530	0.03755	0.01211	0.01514	0.01393	0.01090	0.01393	0.00969	0.01453	0.00727	0.00545	0.00545	0.00182	0.00727	0.00484	0.00242	0.00606
13	0.02446	0.00928	0.01265	0.00970	0.01392	0.00801	0.00801	0.02657	0.01560	0.77817	0.02151	0.01856	0.01350	0.00675	0.00548	0.00169	0.00464	0.00548	0.00675	0.00928
14	0.00693	0.00504	0.00624	0.00702	0.00766	0.00465	0.00478	0.00785	0.01065	0.01383	0.05044	0.49381	0.18585	0.10770	0.00969	0.02782	0.00342	0.03750	0.00480	0.00431
15	0.02429	0.00954	0.01282	0.00983	0.01405	0.00841	0.00812	0.05884	0.01605	0.74527	0.02114	0.01831	0.01331	0.00674	0.00548	0.00168	0.00470	0.00546	0.00669	0.00928
16	0.01143	0.13509	0.67762	0.01469	0.02229	0.01388	0.01867	0.01714	0.01145	0.01666	0.00948	0.01113	0.00692	0.00511	0.00495	0.00165	0.00775	0.00388	0.00231	0.00791
17	0.01170	0.17897	0.61257	0.01456	0.02189	0.01441	0.04021	0.01709	0.01147	0.01641	0.00940	0.01107	0.00696	0.00506	0.00489	0.00162	0.00766	0.00389	0.00232	0.00783
18	0.01273	0.01084	0.01359	0.01104	0.06684	0.00917	0.03958	0.10901	0.01328	0.01988	0.01022	0.01183	0.00828	0.00444	0.00441	0.00101	0.00468	0.00369	0.00346	0.64201
19	0.67023	0.03804	0.10567	0.03207	0.01305	0.01241	0.00806	0.01599	0.00981	0.02281	0.02636	0.01013	0.00720	0.00522	0.00374	0.00168	0.00480	0.00331	0.00324	0.00619
20	0.02428	0.00608	0.00649	0.00633	0.00813	0.00555	0.00476	0.01012	0.07032	0.01703	0.20286	0.07052	0.52281	0.01268	0.00633	0.00182	0.00288	0.01070	0.00526	0.00505
21	0.00801	0.00598	0.00740	0.00698	0.00837	0.00568	0.00519	0.01122	0.06665	0.02066	0.61187	0.04019	0.11698	0.05194	0.00746	0.00192	0.00285	0.00966	0.00574	0.00524
22	0.01458	0.81168	0.02857	0.00933	0.01399	0.02157	0.00933	0.01632	0.01108	0.01283	0.00758	0.00875	0.00700	0.00466	0.00350	0.00117	0.00583	0.00292	0.00233	0.00700
23	0.00675	0.00499	0.00620	0.00711	0.00776	0.00458	0.00485	0.00777	0.01075	0.01393	0.03449	0.56944	0.19172	0.07108	0.00830	0.00236	0.00328	0.03530	0.00494	0.00440

[dist]
# distance from previous block
# <min> <max>
0	8

[block]
# block no. 6 follows, 44 sequences, length 7
# corresponding to MSA columns:
# 236-242
name=unknown_G
#
# <colnr> <probs for GDERKNQSTAVLIFYWHMCP>
#	G	D	E	R	K	N	Q	S	T	A	V	L	I	F	Y	W	H	M	C	P
0	0.72884	0.01290	0.06464	0.00825	0.01193	0.06596	0.00726	0.01651	0.00987	0.02317	0.00781	0.00912	0.00605	0.00511	0.00361	0.00167	0.00489	0.00307	0.00326	0.00609
1	0.00753	0.00556	0.00706	0.00685	0.00817	0.00508	0.00517	0.00985	0.01463	0.02021	0.60041	0.08204	0.15022	0.01199	0.00651	0.00179	0.00274	0.04337	0.00578	0.00503
2	0.01276	0.01010	0.01167	0.01070	0.03176	0.01126	0.00810	0.11316	0.34866	0.04161	0.18385	0.07782	0.02361	0.00919	0.00704	0.02755	0.05128	0.00729	0.00527	0.00732
3	0.01926	0.05958	0.01692	0.01618	0.11090	0.62062	0.01124	0.05427	0.01534	0.01483	0.00883	0.01039	0.00732	0.00552	0.00494	0.00143	0.00906	0.00371	0.00289	0.00677
4	0.37939	0.01020	0.01274	0.36486	0.06008	0.01196	0.01073	0.01574	0.01054	0.06412	0.00950	0.01222	0.00710	0.00533	0.00454	0.00174	0.00573	0.00405	0.00311	0.00631
5	0.02024	0.00911	0.01180	0.00949	0.01309	0.00846	0.00768	0.02451	0.13338	0.54616	0.13386	0.02215	0.01967	0.00751	0.00563	0.00172	0.00428	0.00624	0.00645	0.00856
6	0.01584	0.37045	0.01976	0.01012	0.03245	0.01511	0.00871	0.06306	0.08993	0.15919	0.03995	0.01398	0.01130	0.00679	0.02989	0.00160	0.00545	0.00427	0.00393	0.09819

[dist]
# distance from previous block
# <min> <max>
0	1

[block]
# block no. 7 follows, 44 sequences, length 105
# corresponding to MSA columns:
# 244-247,249-291,293,298-334,338-357
name=unknown_H
#
# <colnr> <probs for GDERKNQSTAVLIFYWHMCP>
#	G	D	E	R	K	N	Q	S	T	A	V	L	I	F	Y	W	H	M	C	P
0	0.04238	0.01496	0.01593	0.01233	0.01660	0.01661	0.01015	0.69891	0.06337	0.03350	0.01341	0.01335	0.00956	0.00655	0.00540	0.00165	0.00586	0.00492	0.00540	0.00915
1	0.04465	0.39700	0.08944	0.01307	0.07408	0.20615	0.01111	0.07809	0.01341	0.01588	0.00864	0.00998	0.00727	0.00512	0.00429	0.00136	0.00701	0.00347	0.00276	0.00720
2	0.01078	0.05824	0.00923	0.00728	0.00966	0.00691	0.00576	0.01327	0.04569	0.14119	0.23126	0.05593	0.31484	0.01080	0.00599	0.00172	0.00338	0.02299	0.00536	0.03971
3	0.01145	0.00938	0.01126	0.03996	0.01365	0.00732	0.00678	0.01382	0.01139	0.04454	0.01134	0.05950	0.00992	0.00498	0.00432	0.00096	0.00414	0.00411	0.00343	0.72774
4	0.03633	0.01154	0.01216	0.00967	0.01342	0.10185	0.00771	0.07484	0.02723	0.24948	0.08568	0.03643	0.01454	0.00645	0.00532	0.00141	0.02365	0.00509	0.00475	0.27247
5	0.54858	0.03083	0.12121	0.02766	0.01539	0.01262	0.10487	0.01616	0.01025	0.02177	0.02602	0.01090	0.00748	0.00525	0.00444	0.00172	0.02151	0.00379	0.00314	0.00641
6	0.00817	0.00576	0.00679	0.00659	0.00820	0.00511	0.00497	0.00998	0.01336	0.06352	0.29152	0.07966	0.37639	0.04707	0.00738	0.00199	0.00306	0.05004	0.00540	0.00503
7	0.01706	0.06381	0.01485	0.01107	0.01477	0.01398	0.00906	0.48395	0.03498	0.04500	0.01584	0.13251	0.01393	0.00807	0.00550	0.00166	0.00531	0.02823	0.00503	0.07541
8	0.01394	0.69265	0.07641	0.00972	0.01429	0.03517	0.00979	0.01594	0.01115	0.01320	0.00918	0.05996	0.00885	0.00551	0.00386	0.00127	0.00589	0.00381	0.00251	0.00689
9	0.01639	0.01162	0.01320	0.01011	0.01430	0.01125	0.00818	0.33382	0.01796	0.10727	0.03010	0.06754	0.01201	0.00645	0.00505	0.00137	0.00486	0.00517	0.00475	0.31859
10	0.01690	0.01241	0.01440	0.01150	0.01479	0.01361	0.03375	0.43471	0.06510	0.07469	0.05949	0.04009	0.05509	0.05897	0.00801	0.00198	0.06534	0.00617	0.00508	0.00792
11	0.57806	0.05906	0.00962	0.02601	0.01128	0.02667	0.00636	0.01644	0.05832	0.03776	0.01152	0.01289	0.03409	0.02188	0.00428	0.00171	0.00435	0.00383	0.06983	0.00606
12	0.15014	0.01189	0.01248	0.04685	0.01453	0.03115	0.00855	0.35524	0.06708	0.02595	0.01325	0.01505	0.01027	0.02480	0.10858	0.00263	0.00655	0.00483	0.08280	0.00739
13	0.01488	0.74217	0.04551	0.00968	0.01441	0.02106	0.00965	0.06376	0.01202	0.01431	0.00798	0.00909	0.00714	0.00480	0.00366	0.00121	0.00589	0.00307	0.00253	0.00717
14	0.01663	0.06334	0.01455	0.01023	0.01455	0.01251	0.00843	0.35290	0.01826	0.08512	0.04301	0.01419	0.01096	0.02144	0.00532	0.00140	0.00506	0.00451	0.00458	0.29299
15	0.01148	0.00923	0.01001	0.00918	0.01158	0.02524	0.00708	0.02030	0.39284	0.05390	0.22018	0.04845	0.12306	0.00951	0.00595	0.00182	0.00378	0.02379	0.00558	0.00702
16	0.00835	0.00579	0.00702	0.00658	0.00825	0.00514	0.00498	0.01048	0.01441	0.06787	0.47700	0.04334	0.29700	0.01178	0.00637	0.00176	0.00277	0.01015	0.00573	0.00522
17	0.02220	0.01290	0.01490	0.01142	0.01572	0.01339	0.00943	0.46783	0.02167	0.32835	0.01642	0.01525	0.01094	0.00662	0.00547	0.00166	0.00546	0.00514	0.00597	0.00927
18	0.01127	0.04161	0.72201	0.01568	0.02347	0.02913	0.04789	0.01735	0.01164	0.01711	0.00976	0.01155	0.00696	0.00516	0.00519	0.00171	0.00810	0.00409	0.00233	0.00797
19	0.00664	0.00476	0.00630	0.00754	0.00789	0.00443	0.00504	0.00760	0.01049	0.01394	0.03071	0.78502	0.05545	0.01699	0.00694	0.00220	0.00315	0.01539	0.00506	0.00443
20	0.01132	0.00637	0.00844	0.00747	0.00939	0.00576	0.00576	0.01379	0.01547	0.18455	0.61019	0.03596	0.04328	0.01020	0.00623	0.00171	0.00302	0.00892	0.00616	0.00603
21	0.03703	0.00995	0.01405	0.01174	0.04644	0.00934	0.06585	0.07003	0.06073	0.47804	0.07640	0.02175	0.01654	0.00730	0.00570	0.00175	0.00499	0.04805	0.00589	0.00844
22	0.01066	0.02670	0.73057	0.01503	0.02259	0.01213	0.01918	0.01665	0.01144	0.01705	0.01108	0.06235	0.00877	0.00594	0.00529	0.00176	0.00774	0.00476	0.00248	0.00782
23	0.00657	0.00542	0.00578	0.00592	0.00750	0.00462	0.00435	0.00799	0.01239	0.01519	0.10905	0.15601	0.61229	0.01405	0.00651	0.00188	0.00280	0.01193	0.00514	0.00462
24	0.01349	0.01295	0.02213	0.03346	0.77440	0.01295	0.01673	0.01673	0.01241	0.01781	0.01025	0.01349	0.00864	0.00486	0.00540	0.00162	0.00648	0.00486	0.00270	0.00864
25	0.01130	0.00969	0.01130	0.00807	0.01292	0.00727	0.00646	0.01373	0.01130	0.01776	0.00969	0.01130	0.00807	0.00404	0.00404	0.00081	0.00404	0.00323	0.00323	0.84173
26	0.01030	0.00969	0.01635	0.79530	0.03755	0.01211	0.01514	0.01393	0.01090	0.01393	0.00969	0.01453	0.00727	0.00545	0.00545	0.00182	0.00727	0.00484	0.00242	0.00606
27	0.00779	0.00584	0.00876	0.00876	0.00974	0.00681	0.00681	0.00974	0.00876	0.01266	0.01460	0.02142	0.01363	0.04089	0.78680	0.00876	0.01460	0.00584	0.00292	0.00487
28	0.01193	0.01193	0.01670	0.01431	0.01431	0.01670	0.01193	0.01312	0.00835	0.01312	0.00716	0.01193	0.00716	0.00954	0.01789	0.00239	0.79843	0.00477	0.00239	0.00596
29	0.00673	0.00551	0.00578	0.00573	0.00734	0.00473	0.00419	0.00814	0.01241	0.01525	0.14094	0.04955	0.61750	0.08226	0.00829	0.00212	0.00296	0.01099	0.00503	0.00456
30	0.02446	0.00928	0.01265	0.00970	0.01392	0.00801	0.00801	0.02657	0.01560	0.77817	0.02151	0.01856	0.01350	0.00675	0.00548	0.00169	0.00464	0.00548	0.00675	0.00928
31	0.84691	0.01054	0.00801	0.00717	0.01054	0.01223	0.00590	0.01603	0.00928	0.02446	0.00759	0.00886	0.00590	0.00506	0.00337	0.00169	0.00422	0.00295	0.00337	0.00590
32	0.01640	0.01281	0.01369	0.01152	0.01508	0.01446	0.00918	0.27259	0.48662	0.05724	0.01911	0.01784	0.01404	0.00708	0.00551	0.00177	0.00489	0.00572	0.00556	0.00887
33	0.01213	0.01245	0.06702	0.04526	0.50683	0.02746	0.01456	0.01533	0.01252	0.01737	0.04289	0.02386	0.04012	0.00719	0.00581	0.00179	0.00615	0.13038	0.00327	0.00760
34	0.77898	0.02626	0.00870	0.00741	0.01083	0.01230	0.00612	0.01675	0.02967	0.05111	0.00848	0.00951	0.00648	0.00518	0.00351	0.00168	0.00427	0.00313	0.00353	0.00612
35	0.00815	0.00572	0.00721	0.00680	0.00829	0.00518	0.00515	0.01050	0.01484	0.04946	0.59995	0.04240	0.17731	0.01153	0.00642	0.00175	0.00274	0.02553	0.00584	0.00520
36	0.00797	0.00557	0.00692	0.00688	0.00714	0.00593	0.00443	0.00852	0.00816	0.01119	0.01628	0.03132	0.01788	0.58357	0.23436	0.00618	0.02344	0.00730	0.00318	0.00378
37	0.00781	0.00577	0.00842	0.00842	0.00928	0.00663	0.00639	0.00952	0.00866	0.01240	0.01491	0.02313	0.01438	0.13334	0.69537	0.00834	0.01348	0.00609	0.00297	0.00468
38	0.04746	0.11947	0.01499	0.00980	0.01407	0.01071	0.00832	0.08407	0.01561	0.59062	0.01850	0.01648	0.01204	0.00640	0.00515	0.00161	0.00490	0.00501	0.00594	0.00886
39	0.01030	0.00969	0.01635	0.79530	0.03755	0.01211	0.01514	0.01393	0.01090	0.01393	0.00969	0.01453	0.00727	0.00545	0.00545	0.00182	0.00727	0.00484	0.00242	0.00606
40	0.01098	0.02791	0.76413	0.01570	0.02370	0.01269	0.03588	0.01727	0.01154	0.01727	0.00981	0.01158	0.00694	0.00517	0.00521	0.00173	0.00808	0.00408	0.00231	0.00804
41	0.01130	0.00969	0.01130	0.00807	0.01292	0.00727	0.00646	0.01373	0.01130	0.01776	0.00969	0.01130	0.00807	0.00404	0.00404	0.00081	0.00404	0.00323	0.00323	0.84173
42	0.00779	0.00584	0.00876	0.00876	0.00974	0.00681	0.00681	0.00974	0.00876	0.01266	0.01460	0.02142	0.01363	0.04089	0.78680	0.00876	0.01460	0.00584	0.00292	0.00487
43	0.01490	0.01010	0.01144	0.00966	0.01247	0.01059	0.00763	0.29618	0.08498	0.10579	0.14374	0.10239	0.06989	0.03774	0.00662	0.00188	0.00447	0.02428	0.03798	0.00729
44	0.02037	0.02577	0.01547	0.01401	0.01686	0.77092	0.01053	0.03665	0.01566	0.01377	0.00852	0.00990	0.00707	0.00564	0.00493	0.00141	0.00975	0.00354	0.00286	0.00638
45	0.01301	0.18736	0.01417	0.00913	0.02732	0.05995	0.00736	0.06625	0.02895	0.09884	0.24702	0.04165	0.10784	0.00833	0.00534	0.00153	0.00445	0.00681	0.00465	0.06003
46	0.07311	0.53245	0.14104	0.01055	0.01560	0.01895	0.01088	0.11188	0.01290	0.01710	0.00863	0.00974	0.00720	0.00501	0.00400	0.00135	0.00608	0.00335	0.00280	0.00738
47	0.02319	0.01063	0.01342	0.01032	0.01450	0.01008	0.00851	0.20086	0.01800	0.58312	0.03635	0.01775	0.01334	0.00680	0.00550	0.00168	0.00492	0.00544	0.00642	0.00918
48	0.01247	0.00888	0.02618	0.00902	0.01160	0.02482	0.02372	0.07070	0.10677	0.13422	0.37708	0.07550	0.03230	0.00927	0.00595	0.00170	0.00388	0.00804	0.00559	0.05232
49	0.01193	0.01193	0.01670	0.01431	0.01431	0.01670	0.01193	0.01312	0.00835	0.01312	0.00716	0.01193	0.00716	0.00954	0.01789	0.00239	0.79843	0.00477	0.00239	0.00596
50	0.00873	0.00581	0.00753	0.00696	0.00847	0.00530	0.00527	0.01120	0.01527	0.07061	0.68037	0.03998	0.09162	0.01102	0.00637	0.00172	0.00272	0.00967	0.00599	0.00538
51	0.01356	0.01171	0.01233	0.01109	0.01418	0.01356	0.00863	0.02897	0.76455	0.02281	0.02219	0.02034	0.01664	0.00740	0.00555	0.00185	0.00431	0.00616	0.00555	0.00863
52	0.01030	0.00969	0.01635	0.79530	0.03755	0.01211	0.01514	0.01393	0.01090	0.01393	0.00969	0.01453	0.00727	0.00545	0.00545	0.00182	0.00727	0.00484	0.00242	0.00606
53	0.00793	0.00529	0.00595	0.00595	0.00595	0.00529	0.00330	0.00793	0.00793	0.01057	0.01718	0.03568	0.01982	0.80840	0.02775	0.00529	0.00529	0.00793	0.00330	0.00330
54	0.00659	0.00519	0.00587	0.00639	0.00752	0.00456	0.00448	0.00773	0.01140	0.01420	0.04316	0.35892	0.43621	0.05249	0.00766	0.00216	0.00304	0.01297	0.00498	0.00447
55	0.81869	0.01050	0.00817	0.00726	0.01066	0.01209	0.00598	0.01639	0.00950	0.05033	0.00807	0.00919	0.00616	0.00512	0.00345	0.00169	0.00423	0.00304	0.00349	0.00602
56	0.00671	0.00480	0.00639	0.00754	0.00792	0.00447	0.00507	0.00776	0.01076	0.01443	0.07756	0.75588	0.03704	0.01670	0.00692	0.00218	0.00313	0.01514	0.00512	0.00447
57	0.07708	0.00950	0.01244	0.00960	0.01377	0.00849	0.00793	0.04304	0.01543	0.71239	0.02042	0.01781	0.01291	0.00663	0.00535	0.00169	0.00464	0.00531	0.00650	0.00906
58	0.01693	0.01388	0.01571	0.01267	0.04217	0.11165	0.08310	0.23645	0.03931	0.10426	0.01266	0.01347	0.00941	0.00555	0.00505	0.00140	0.00597	0.00454	0.03802	0.22778
59	0.00772	0.00557	0.00729	0.00686	0.00814	0.00514	0.00514	0.01029	0.01543	0.02186	0.77152	0.04072	0.05144	0.01115	0.00643	0.00171	0.00257	0.00986	0.00600	0.00514
60	0.84691	0.01054	0.00801	0.00717	0.01054	0.01223	0.00590	0.01603	0.00928	0.02446	0.00759	0.00886	0.00590	0.00506	0.00337	0.00169	0.00422	0.00295	0.00337	0.00590
61	0.02037	0.02598	0.01545	0.01404	0.01685	0.78652	0.01053	0.02177	0.01545	0.01334	0.00843	0.00983	0.00702	0.00562	0.00492	0.00140	0.00983	0.00351	0.00281	0.00632
62	0.01404	0.06395	0.02150	0.08866	0.60166	0.01359	0.01552	0.06536	0.01315	0.03571	0.01048	0.01336	0.00858	0.00505	0.00529	0.00161	0.00642	0.00475	0.00293	0.00839
63	0.01409	0.35225	0.27755	0.01367	0.06636	0.11011	0.01357	0.03480	0.04266	0.01559	0.00931	0.01068	0.00752	0.00512	0.00448	0.00145	0.00704	0.00366	0.00260	0.00749
64	0.01349	0.01295	0.02213	0.03346	0.77440	0.01295	0.01673	0.01673	0.01241	0.01781	0.01025	0.01349	0.00864	0.00486	0.00540	0.00162	0.00648	0.00486	0.00270	0.00864
65	0.01265	0.01435	0.03125	0.02243	0.02776	0.01345	0.72782	0.01711	0.01278	0.01734	0.01171	0.04293	0.00926	0.00504	0.00645	0.00185	0.00898	0.00676	0.00284	0.00725
66	0.01340	0.01286	0.02196	0.05630	0.75231	0.01293	0.01668	0.01665	0.01237	0.01769	0.01024	0.01352	0.00859	0.00488	0.00540	0.00163	0.00650	0.00486	0.00269	0.00856
67	0.00793	0.00529	0.00595	0.00595	0.00595	0.00529	0.00330	0.00793	0.00793	0.01057	0.01718	0.03568	0.01982	0.80840	0.02775	0.00529	0.00529	0.00793	0.00330	0.00330
68	0.00769	0.00566	0.00619	0.00624	0.00798	0.00484	0.00466	0.00908	0.01232	0.06356	0.04835	0.17059	0.58636	0.01391	0.00649	0.00191	0.00301	0.03111	0.00517	0.00489
69	0.01193	0.01193	0.01670	0.01431	0.01431	0.01670	0.01193	0.01312	0.00835	0.01312	0.00716	0.01193	0.00716	0.00954	0.01789	0.00239	0.79843	0.00477	0.00239	0.00596
70	0.02446	0.00928	0.01265	0.00970	0.01392	0.00801	0.00801	0.02657	0.01560	0.77817	0.02151	0.01856	0.01350	0.00675	0.00548	0.00169	0.00464	0.00548	0.00675	0.00928
71	0.00654	0.00525	0.00584	0.00628	0.00757	0.00455	0.00449	0.00780	0.01180	0.01460	0.06202	0.31541	0.49898	0.01489	0.00662	0.00197	0.00290	0.01287	0.00508	0.00455
72	0.02075	0.01468	0.01589	0.01221	0.01650	0.01610	0.01008	0.69433	0.02470	0.08174	0.01372	0.01359	0.00964	0.00655	0.00542	0.00163	0.00584	0.00495	0.02249	0.00919
73	0.01130	0.00969	0.01130	0.00807	0.01292	0.00727	0.00646	0.01373	0.01130	0.01776	0.00969	0.01130	0.00807	0.00404	0.00404	0.00081	0.00404	0.00323	0.00323	0.84173
74	0.01349	0.01194	0.01215	0.01096	0.01398	0.03971	0.00850	0.02783	0.70693	0.02214	0.02312	0.02134	0.04836	0.00761	0.00556	0.00183	0.00444	0.00630	0.00543	0.00838
75	0.01130	0.00969	0.01130	0.00807	0.01292	0.00727	0.00646	0.01373	0.01130	0.01776	0.00969	0.01130	0.00807	0.00404	0.00404	0.00081	0.00404	0.00323	0.00323	0.84173
76	0.05377	0.01006	0.01275	0.00998	0.01406	0.00945	0.00819	0.08585	0.09075	0.61424	0.02037	0.01793	0.01318	0.00673	0.00541	0.00170	0.00470	0.00541	0.00640	0.00909
77	0.02046	0.01459	0.01574	0.01212	0.01635	0.01603	0.00999	0.69367	0.02461	0.06688	0.01365	0.01363	0.00965	0.00655	0.00539	0.00162	0.00580	0.00494	0.03923	0.00910
