[name]
unknown

[dist]
# distance from previous block
# <min> <max>
0	66

[block]
# block no. 0 follows, 45 sequences, length 13
# corresponding to MSA columns:
# 67-79
name=unknown_A
#
# <colnr> <probs for GDERKNQSTAVLIFYWHMCP>
#	G	D	E	R	K	N	Q	S	T	A	V	L	I	F	Y	W	H	M	C	P
0	0.00837	0.00598	0.00832	0.00956	0.01067	0.00593	0.00816	0.01063	0.01208	0.01575	0.02858	0.16116	0.03151	0.01510	0.00734	0.00243	0.00470	0.64393	0.00495	0.00486
1	0.00863	0.00634	0.00754	0.00722	0.00885	0.00609	0.00541	0.01237	0.11527	0.05048	0.38212	0.13748	0.20840	0.01165	0.00625	0.00180	0.00296	0.01012	0.00555	0.00548
2	0.01286	0.07721	0.07677	0.07833	0.03752	0.12827	0.25538	0.01602	0.01198	0.01550	0.01051	0.04269	0.00887	0.00684	0.03821	0.00184	0.03837	0.00507	0.00278	0.13495
3	0.00849	0.00613	0.00766	0.00823	0.00912	0.00609	0.00584	0.10893	0.01238	0.01651	0.02729	0.66992	0.03176	0.01534	0.00668	0.00212	0.00357	0.04390	0.00503	0.00503
4	0.00755	0.00514	0.00613	0.00638	0.00651	0.00515	0.00385	0.00787	0.00835	0.01121	0.01922	0.18593	0.02221	0.59857	0.07935	0.00486	0.00547	0.00912	0.00356	0.00358
5	0.00707	0.00481	0.00598	0.00688	0.00741	0.00451	0.00464	0.00819	0.01040	0.01440	0.02903	0.59438	0.08784	0.06645	0.00772	0.00222	0.00314	0.01310	0.11744	0.00439
6	0.01523	0.01273	0.03102	0.01374	0.04097	0.01346	0.12663	0.36846	0.06171	0.02460	0.01536	0.14342	0.01360	0.00802	0.00660	0.00179	0.06314	0.00682	0.02506	0.00764
7	0.06702	0.01771	0.33899	0.01707	0.18348	0.01106	0.04239	0.01729	0.01234	0.12096	0.08479	0.01540	0.01228	0.00574	0.00520	0.00165	0.00631	0.00489	0.00340	0.03204
8	0.01214	0.01068	0.01254	0.03115	0.01441	0.03245	0.03552	0.06085	0.05842	0.01855	0.01051	0.01195	0.00849	0.00444	0.00431	0.00099	0.00457	0.00363	0.00340	0.66098
9	0.03248	0.02672	0.03570	0.02711	0.07311	0.10201	0.00884	0.09847	0.12475	0.12064	0.01784	0.03220	0.08305	0.02555	0.00560	0.00158	0.00527	0.00537	0.00427	0.16944
10	0.03130	0.09311	0.07248	0.01897	0.01126	0.00876	0.02444	0.05536	0.03929	0.03074	0.03960	0.03531	0.11446	0.05910	0.01187	0.28953	0.00486	0.00584	0.00336	0.05038
11	0.11728	0.18466	0.04748	0.01148	0.06855	0.17093	0.00900	0.07363	0.03133	0.01854	0.13608	0.01575	0.01488	0.00619	0.00462	0.00145	0.00571	0.00465	0.04610	0.03168
12	0.12157	0.20876	0.24220	0.01037	0.01496	0.03175	0.01097	0.01575	0.01138	0.06036	0.05289	0.01522	0.05574	0.00610	0.00501	0.00153	0.03850	0.00445	0.06066	0.03184

[dist]
# distance from previous block
# <min> <max>
1	12

[block]
# block no. 1 follows, 45 sequences, length 20
# corresponding to MSA columns:
# 93-112
name=unknown_B
#
# <colnr> <probs for GDERKNQSTAVLIFYWHMCP>
#	G	D	E	R	K	N	Q	S	T	A	V	L	I	F	Y	W	H	M	C	P
0	0.01504	0.28400	0.18870	0.01085	0.01555	0.04015	0.01098	0.07122	0.04914	0.14993	0.07613	0.01483	0.01248	0.00705	0.03034	0.00172	0.00611	0.00453	0.00375	0.00750
1	0.06795	0.01277	0.01315	0.01056	0.01412	0.09588	0.00846	0.30299	0.01812	0.27798	0.03686	0.03490	0.01256	0.06091	0.00674	0.00186	0.00556	0.00534	0.00526	0.00800
2	0.04633	0.00814	0.00962	0.00832	0.01074	0.00809	0.00644	0.09118	0.10257	0.17514	0.25073	0.05678	0.08062	0.07352	0.02583	0.00214	0.00411	0.00757	0.00540	0.02673
3	0.02555	0.06087	0.27470	0.09128	0.33411	0.05602	0.01634	0.03023	0.01199	0.01681	0.00959	0.01216	0.00758	0.00511	0.00539	0.00163	0.02602	0.00430	0.00254	0.00778
4	0.01319	0.03806	0.15392	0.03091	0.03393	0.03552	0.09017	0.06720	0.01342	0.14308	0.11025	0.14216	0.01910	0.00853	0.00637	0.00181	0.04413	0.03707	0.00426	0.00689
5	0.02298	0.00829	0.01252	0.44316	0.06458	0.00943	0.01094	0.01225	0.03584	0.01445	0.02263	0.07730	0.20389	0.00862	0.00612	0.02541	0.00551	0.00715	0.00335	0.00561
6	0.00786	0.00646	0.00894	0.08279	0.08236	0.00627	0.01752	0.00961	0.01153	0.01497	0.09620	0.24891	0.25296	0.06636	0.00779	0.00216	0.00398	0.06385	0.00445	0.00501
7	0.01706	0.03787	0.01475	0.06410	0.01649	0.04850	0.02240	0.37720	0.07167	0.08606	0.01376	0.03745	0.01056	0.02119	0.00554	0.00159	0.00556	0.00501	0.02278	0.12046
8	0.00700	0.00492	0.00646	0.00749	0.00786	0.00471	0.00501	0.00814	0.03469	0.01356	0.02747	0.69812	0.03248	0.04820	0.00857	0.05897	0.00334	0.01395	0.00475	0.00431
9	0.00663	0.00474	0.00632	0.00747	0.00780	0.00449	0.00500	0.00758	0.01012	0.01354	0.02848	0.74674	0.03398	0.04429	0.04279	0.00257	0.00369	0.01458	0.00483	0.00434
10	0.03620	0.13428	0.05491	0.06688	0.08814	0.36365	0.05038	0.06817	0.04198	0.01587	0.00938	0.01111	0.00761	0.00544	0.00512	0.00149	0.02561	0.00396	0.00291	0.00690
11	0.01363	0.10563	0.13145	0.06058	0.42480	0.10171	0.05386	0.01698	0.01224	0.01622	0.00955	0.01219	0.00782	0.00491	0.00508	0.00156	0.00708	0.00438	0.00256	0.00780
12	0.00729	0.00497	0.00656	0.00737	0.00801	0.00459	0.00507	0.00852	0.01124	0.04121	0.14044	0.64238	0.06123	0.01550	0.00671	0.00208	0.00307	0.01397	0.00518	0.00463
13	0.12659	0.08173	0.59556	0.01362	0.02055	0.01319	0.01680	0.04276	0.01149	0.01825	0.00929	0.01083	0.00675	0.00509	0.00475	0.00165	0.00718	0.00377	0.00252	0.00761
14	0.01828	0.06772	0.01641	0.01318	0.07246	0.01544	0.01011	0.50864	0.10499	0.05878	0.01395	0.03223	0.01050	0.00648	0.00525	0.00160	0.00558	0.00506	0.00496	0.02837
15	0.00875	0.00683	0.00924	0.00815	0.00997	0.00649	0.06056	0.04401	0.01378	0.04214	0.34171	0.09708	0.26002	0.03062	0.00720	0.00188	0.03135	0.00980	0.00514	0.00530
16	0.00644	0.00529	0.00567	0.00589	0.00739	0.00452	0.00430	0.00778	0.01201	0.01469	0.08452	0.19492	0.59985	0.01408	0.00644	0.00188	0.00279	0.01200	0.00503	0.00452
17	0.01017	0.00731	0.01254	0.13610	0.09124	0.00758	0.08915	0.01020	0.00885	0.01194	0.01011	0.03061	0.00934	0.01341	0.01483	0.50658	0.00564	0.00508	0.01518	0.00413
18	0.05603	0.01385	0.01552	0.06577	0.05257	0.01535	0.01036	0.60537	0.02221	0.03031	0.01310	0.05126	0.01009	0.00673	0.00535	0.00165	0.00580	0.00524	0.00493	0.00851
19	0.00905	0.00553	0.00721	0.00737	0.00856	0.00501	0.00530	0.01059	0.01241	0.11404	0.23009	0.43758	0.09923	0.01368	0.00648	0.00195	0.00311	0.01218	0.00544	0.00517

[dist]
# distance from previous block
# <min> <max>
1	9

[block]
# block no. 2 follows, 45 sequences, length 15
# corresponding to MSA columns:
# 122-136
name=unknown_C
#
# <colnr> <probs for GDERKNQSTAVLIFYWHMCP>
#	G	D	E	R	K	N	Q	S	T	A	V	L	I	F	Y	W	H	M	C	P
0	0.07843	0.00978	0.01582	0.65208	0.07049	0.01180	0.03384	0.01394	0.01077	0.01486	0.01075	0.01491	0.02970	0.00553	0.00525	0.00177	0.00679	0.00485	0.00256	0.00607
1	0.01760	0.01252	0.01388	0.01121	0.01463	0.03252	0.00910	0.49950	0.02024	0.09137	0.01447	0.04829	0.01138	0.01357	0.16087	0.00302	0.00745	0.00547	0.00490	0.00800
2	0.01077	0.02777	0.78354	0.01530	0.02323	0.01247	0.01983	0.01700	0.01133	0.01700	0.00963	0.01133	0.00680	0.00510	0.00510	0.00170	0.00793	0.00397	0.00227	0.00793
3	0.02158	0.00928	0.01201	0.00937	0.01315	0.00850	0.00768	0.10787	0.01621	0.59261	0.07358	0.01932	0.01550	0.00690	0.00535	0.00163	0.00444	0.00561	0.06081	0.00858
4	0.01032	0.00973	0.01643	0.75388	0.08010	0.01197	0.01500	0.01388	0.01082	0.01394	0.00957	0.01425	0.00723	0.00533	0.00536	0.00178	0.00711	0.00477	0.00240	0.00611
5	0.00688	0.00490	0.00652	0.00760	0.00806	0.00463	0.00529	0.00803	0.01071	0.01431	0.07748	0.64931	0.03535	0.04962	0.00773	0.00230	0.00335	0.08854	0.00497	0.00442
6	0.00932	0.00466	0.00699	0.00699	0.00699	0.00466	0.00466	0.00699	0.00699	0.00932	0.00932	0.01632	0.00932	0.01865	0.02098	0.84382	0.00466	0.00466	0.00233	0.00233
7	0.00654	0.00467	0.00623	0.00747	0.00779	0.00436	0.00498	0.00747	0.01028	0.01370	0.02959	0.80785	0.03550	0.01682	0.00685	0.00218	0.00311	0.01526	0.00498	0.00436
8	0.01078	0.00575	0.00583	0.00555	0.00703	0.00587	0.00423	0.06843	0.01230	0.02105	0.01717	0.01948	0.01341	0.00627	0.00387	0.00128	0.00276	0.00499	0.77862	0.00531
9	0.01797	0.03695	0.04039	0.06264	0.16123	0.38070	0.01195	0.17009	0.01622	0.03772	0.00999	0.01153	0.00783	0.00556	0.00506	0.00150	0.00788	0.00411	0.00333	0.00737
10	0.01754	0.03535	0.01305	0.01053	0.01408	0.01203	0.00845	0.08604	0.43374	0.27706	0.02047	0.01852	0.01448	0.00692	0.00537	0.00173	0.00453	0.00565	0.00575	0.00871
11	0.00694	0.00532	0.00638	0.00654	0.00780	0.00476	0.00482	0.00869	0.01293	0.01703	0.31896	0.21194	0.31466	0.01336	0.00649	0.00187	0.00282	0.03867	0.00533	0.00471
12	0.02168	0.01300	0.01485	0.01138	0.01563	0.01362	0.00940	0.50622	0.02182	0.29240	0.01575	0.01475	0.01057	0.00651	0.00538	0.00163	0.00544	0.00503	0.00581	0.00913
13	0.28656	0.01282	0.09807	0.03722	0.01446	0.01228	0.00912	0.20593	0.09097	0.03915	0.01346	0.04823	0.01099	0.00671	0.00475	0.00171	0.00504	0.04128	0.05418	0.00709
14	0.00791	0.00582	0.00684	0.00688	0.00829	0.00539	0.00514	0.01018	0.04989	0.04045	0.20232	0.14750	0.31452	0.08179	0.00825	0.00219	0.00330	0.08331	0.00511	0.00490

[dist]
# distance from previous block
# <min> <max>
0	1

[block]
# block no. 3 follows, 45 sequences, length 20
# corresponding to MSA columns:
# 138,139,143-160
name=unknown_D
#
# <colnr> <probs for GDERKNQSTAVLIFYWHMCP>
#	G	D	E	R	K	N	Q	S	T	A	V	L	I	F	Y	W	H	M	C	P
0	0.01581	0.01153	0.01229	0.01003	0.01311	0.02774	0.00801	0.44431	0.03982	0.02725	0.07780	0.08112	0.01577	0.02573	0.00576	0.00166	0.00481	0.00613	0.14025	0.03107
1	0.00662	0.00529	0.00593	0.00611	0.00750	0.00459	0.00445	0.00811	0.01238	0.01564	0.18304	0.20685	0.48704	0.01378	0.00645	0.00187	0.00277	0.01185	0.00516	0.00459
2	0.01668	0.07490	0.01473	0.01106	0.01479	0.03420	0.00904	0.28962	0.29215	0.08380	0.01659	0.01704	0.01255	0.00674	0.00523	0.00163	0.00514	0.03070	0.00505	0.05836
3	0.01197	0.00983	0.01217	0.06824	0.03125	0.00909	0.00789	0.07415	0.03224	0.04083	0.01157	0.05088	0.01006	0.02947	0.02058	0.00146	0.06448	0.00448	0.00347	0.50589
4	0.01093	0.01039	0.03042	0.44726	0.02720	0.02216	0.06847	0.05686	0.01149	0.01551	0.03280	0.03727	0.01002	0.00851	0.05498	0.00225	0.10482	0.00535	0.03722	0.00609
5	0.04484	0.23251	0.07351	0.05082	0.05249	0.07007	0.09008	0.01555	0.01104	0.03157	0.05426	0.01292	0.00986	0.00646	0.00816	0.00171	0.22031	0.00449	0.00276	0.00661
6	0.01258	0.01415	0.03039	0.05991	0.07016	0.01345	0.68194	0.01699	0.01255	0.01705	0.01075	0.01441	0.00812	0.00458	0.00623	0.00180	0.00881	0.00617	0.00270	0.00725
7	0.01124	0.00898	0.01388	0.45586	0.02584	0.01059	0.03082	0.04904	0.01170	0.06150	0.03030	0.08462	0.01190	0.00698	0.00618	0.00178	0.05996	0.00590	0.10690	0.00605
8	0.01435	0.32995	0.25465	0.03034	0.01838	0.07558	0.05034	0.08603	0.01286	0.04357	0.00938	0.01078	0.00737	0.00522	0.00492	0.00148	0.03082	0.00379	0.00279	0.00741
9	0.00664	0.00490	0.00622	0.00705	0.00773	0.00448	0.00485	0.00785	0.01123	0.01484	0.12951	0.58589	0.15805	0.01554	0.00670	0.00206	0.00298	0.01391	0.00510	0.00448
10	0.00776	0.00518	0.00587	0.00592	0.00593	0.00517	0.00332	0.00779	0.00790	0.01053	0.01739	0.06399	0.02011	0.78167	0.02656	0.00509	0.00513	0.00808	0.00332	0.00329
11	0.00877	0.00728	0.03744	0.06923	0.01243	0.00681	0.00795	0.01209	0.06837	0.03012	0.16623	0.15725	0.09017	0.01253	0.00662	0.00209	0.00427	0.29009	0.00490	0.00537
12	0.01596	0.17907	0.07791	0.06797	0.15556	0.19814	0.01195	0.08690	0.08063	0.06044	0.01099	0.01225	0.00860	0.00546	0.00483	0.00150	0.00687	0.00417	0.00328	0.00752
13	0.00681	0.00484	0.00627	0.00731	0.00767	0.00457	0.00490	0.00770	0.01009	0.01339	0.02848	0.64670	0.05321	0.12494	0.00965	0.00260	0.00347	0.04844	0.00475	0.00424
14	0.00663	0.00472	0.00625	0.00739	0.00773	0.00442	0.00493	0.00759	0.01039	0.01391	0.05975	0.74943	0.03557	0.04424	0.00754	0.00227	0.00316	0.01477	0.00496	0.00435
15	0.04416	0.02955	0.06559	0.53809	0.13064	0.01249	0.01450	0.03617	0.04810	0.01580	0.01018	0.01387	0.00776	0.00536	0.00522	0.00173	0.00678	0.00467	0.00268	0.00665
16	0.01686	0.01424	0.06017	0.02433	0.01609	0.04177	0.01031	0.46036	0.13151	0.02745	0.01609	0.03579	0.01322	0.00770	0.00564	0.00176	0.00576	0.09776	0.00500	0.00819
17	0.01441	0.01354	0.04231	0.09768	0.42859	0.06186	0.04931	0.07830	0.02948	0.06392	0.01106	0.01342	0.00868	0.00513	0.00526	0.00157	0.00649	0.00471	0.00318	0.06109
18	0.01305	0.04206	0.01447	0.08052	0.09458	0.07779	0.04001	0.03664	0.02905	0.06284	0.04248	0.03472	0.01084	0.00529	0.00472	0.00124	0.00529	0.00446	0.00345	0.39651
19	0.01274	0.01076	0.01455	0.16461	0.04591	0.02830	0.08035	0.19327	0.10575	0.02016	0.03173	0.17198	0.02645	0.00867	0.00629	0.03110	0.00558	0.00727	0.00416	0.03038

[dist]
# distance from previous block
# <min> <max>
0	44

[block]
# block no. 4 follows, 45 sequences, length 36
# corresponding to MSA columns:
# 205-222,225-242
name=unknown_E
#
# <colnr> <probs for GDERKNQSTAVLIFYWHMCP>
#	G	D	E	R	K	N	Q	S	T	A	V	L	I	F	Y	W	H	M	C	P
0	0.01419	0.01276	0.01950	0.12511	0.54814	0.06524	0.01493	0.01719	0.01252	0.08353	0.01130	0.01470	0.00917	0.00530	0.00534	0.00163	0.00651	0.02191	0.00303	0.00800
1	0.01048	0.01130	0.08291	0.28247	0.07200	0.01147	0.08031	0.01391	0.04676	0.01479	0.01378	0.09725	0.02961	0.00827	0.00829	0.03719	0.13236	0.03773	0.00300	0.00613
2	0.09968	0.32599	0.03753	0.02625	0.01458	0.01411	0.07914	0.03220	0.01162	0.09088	0.02814	0.11124	0.01215	0.00661	0.00485	0.00149	0.02252	0.00531	0.00342	0.07230
3	0.00693	0.00498	0.00635	0.00697	0.00756	0.00464	0.00472	0.00814	0.01122	0.01513	0.20121	0.48287	0.08518	0.11699	0.00932	0.00243	0.00322	0.01277	0.00497	0.00439
4	0.01963	0.00808	0.01092	0.00889	0.01218	0.00705	0.00712	0.02159	0.01462	0.58258	0.10538	0.12427	0.03598	0.00859	0.00571	0.00173	0.00412	0.00728	0.00631	0.00797
5	0.08435	0.01325	0.04024	0.01302	0.08197	0.01350	0.01001	0.40030	0.05854	0.17933	0.03060	0.01455	0.01082	0.00628	0.00521	0.00163	0.00542	0.00491	0.00511	0.02100
6	0.01221	0.01365	0.02924	0.10322	0.02835	0.01311	0.65687	0.01652	0.01239	0.01672	0.01131	0.03954	0.00891	0.00500	0.00625	0.00182	0.00866	0.00645	0.00275	0.00702
7	0.00665	0.00481	0.00619	0.00717	0.00764	0.00446	0.00481	0.00765	0.01055	0.01398	0.06856	0.65846	0.10007	0.06209	0.00796	0.00230	0.00317	0.01421	0.00493	0.00435
8	0.00672	0.00481	0.00633	0.00733	0.00782	0.00447	0.00500	0.00778	0.01079	0.01439	0.09576	0.66793	0.07825	0.01612	0.00707	0.01866	0.00311	0.02824	0.00501	0.00440
9	0.01220	0.01341	0.03891	0.25436	0.02824	0.05019	0.38528	0.01681	0.06190	0.01602	0.01079	0.01432	0.00823	0.00534	0.00663	0.00182	0.06039	0.00555	0.00277	0.00681
10	0.00809	0.00580	0.00790	0.00899	0.01001	0.00569	0.00743	0.01012	0.01183	0.01545	0.04990	0.20173	0.05980	0.05138	0.00814	0.00249	0.00445	0.52116	0.00490	0.00474
11	0.00692	0.00535	0.00639	0.00696	0.00819	0.00483	0.00527	0.00844	0.01188	0.01504	0.09191	0.27576	0.36732	0.01460	0.00669	0.00204	0.00324	0.14950	0.00504	0.00459
12	0.00799	0.00519	0.00582	0.00580	0.00595	0.00518	0.00335	0.00828	0.00831	0.01155	0.03772	0.03394	0.01986	0.71903	0.02469	0.00476	0.00489	0.00761	0.07659	0.00346
13	0.01253	0.30667	0.41440	0.01381	0.02014	0.04027	0.09013	0.01683	0.01144	0.01534	0.00894	0.01063	0.00697	0.00487	0.00463	0.00150	0.00732	0.00380	0.00234	0.00744
14	0.01399	0.01327	0.01979	0.07837	0.56590	0.05789	0.01492	0.08202	0.04791	0.01865	0.01117	0.01454	0.00927	0.00536	0.00535	0.00163	0.00645	0.02229	0.00307	0.00818
15	0.01202	0.01201	0.07669	0.37835	0.11855	0.01230	0.04637	0.12832	0.01309	0.01763	0.01122	0.01589	0.00901	0.00886	0.07431	0.00236	0.02277	0.03044	0.00301	0.00683
16	0.01152	0.00977	0.01134	0.00813	0.01289	0.00755	0.00652	0.04477	0.01172	0.01818	0.00968	0.01120	0.00800	0.00408	0.00403	0.00083	0.00406	0.00325	0.00327	0.80920
17	0.01193	0.03842	0.07197	0.18727	0.16421	0.01340	0.21778	0.02833	0.01161	0.01612	0.04326	0.01447	0.00957	0.00593	0.00765	0.00182	0.14130	0.00529	0.00272	0.00694
18	0.01252	0.01289	0.05351	0.09464	0.55187	0.01234	0.10127	0.01594	0.01207	0.01701	0.01122	0.03397	0.00970	0.00545	0.00554	0.00168	0.00669	0.03103	0.00276	0.00789
19	0.01630	0.00741	0.00995	0.00848	0.01120	0.00652	0.00667	0.01828	0.01416	0.42452	0.19220	0.17551	0.02618	0.00967	0.00589	0.00176	0.00382	0.02410	0.00602	0.03134
20	0.79841	0.01032	0.00829	0.03340	0.01136	0.01192	0.00617	0.01600	0.00936	0.04485	0.00792	0.00917	0.00607	0.00504	0.00345	0.00167	0.00426	0.00304	0.00338	0.00591
21	0.01504	0.06929	0.01504	0.10928	0.03189	0.01330	0.00968	0.32481	0.01678	0.04981	0.01457	0.07524	0.04290	0.02558	0.00681	0.00172	0.07487	0.00565	0.00419	0.09357
22	0.00671	0.00526	0.00599	0.00620	0.00747	0.00463	0.00445	0.00814	0.01217	0.01554	0.19131	0.22770	0.42180	0.04893	0.00738	0.00202	0.00288	0.01178	0.00509	0.00454
23	0.00659	0.00501	0.00605	0.00676	0.00765	0.00451	0.00472	0.00776	0.01116	0.01430	0.07057	0.48197	0.28907	0.03252	0.00711	0.00210	0.00304	0.02968	0.00499	0.00444
24	0.02336	0.00897	0.01222	0.00943	0.01345	0.00777	0.00777	0.02545	0.01536	0.74815	0.05434	0.01923	0.01493	0.00683	0.00544	0.00166	0.00448	0.00559	0.00661	0.00896
25	0.01303	0.01256	0.01991	0.14347	0.57869	0.03615	0.01536	0.01727	0.07820	0.01727	0.01099	0.01392	0.00895	0.00511	0.00532	0.00164	0.00641	0.00485	0.00287	0.00806
26	0.01290	0.08291	0.01981	0.29111	0.39013	0.08202	0.01476	0.01593	0.01186	0.01541	0.00952	0.01291	0.00776	0.00503	0.00513	0.00160	0.00688	0.00449	0.00254	0.00729
27	0.05883	0.08168	0.01347	0.00972	0.01305	0.01334	0.00804	0.41535	0.04043	0.02683	0.01365	0.01464	0.01033	0.00730	0.03073	0.00172	0.00515	0.00467	0.22356	0.00752
28	0.01000	0.00909	0.01279	0.08866	0.08081	0.04433	0.02885	0.01189	0.00949	0.01330	0.01234	0.04761	0.01183	0.08327	0.31291	0.00479	0.18923	0.00575	0.01757	0.00547
29	0.00773	0.00594	0.00793	0.03064	0.04347	0.00567	0.00677	0.00966	0.01218	0.01593	0.13896	0.23098	0.19871	0.01378	0.00674	0.00209	0.00379	0.24920	0.00493	0.00491
30	0.00671	0.00479	0.00642	0.00767	0.00805	0.00450	0.00527	0.00776	0.01044	0.01389	0.02949	0.74847	0.03514	0.01666	0.00690	0.00220	0.00326	0.07299	0.00498	0.00441
31	0.01069	0.02412	0.62939	0.12950	0.04990	0.01223	0.01868	0.01635	0.01136	0.01664	0.02677	0.01247	0.00789	0.00526	0.00517	0.00171	0.00765	0.00424	0.00238	0.00760
32	0.01370	0.06771	0.06973	0.07495	0.42284	0.11739	0.07964	0.01725	0.03752	0.01641	0.01099	0.01356	0.02408	0.00517	0.00523	0.00159	0.00702	0.00474	0.00275	0.00770
33	0.00781	0.00520	0.00585	0.00585	0.00585	0.00520	0.00325	0.00781	0.00781	0.01041	0.01691	0.03513	0.01952	0.81135	0.02732	0.00520	0.00520	0.00781	0.00325	0.00325
34	0.00781	0.00520	0.00585	0.00585	0.00585	0.00520	0.00325	0.00781	0.00781	0.01041	0.01691	0.03513	0.01952	0.81135	0.02732	0.00520	0.00520	0.00781	0.00325	0.00325
35	0.01324	0.01659	0.20703	0.09157	0.18345	0.01303	0.22713	0.08250	0.04925	0.04677	0.01136	0.01372	0.00847	0.00517	0.00557	0.00171	0.00738	0.00511	0.00307	0.00785

[dist]
# distance from previous block
# <min> <max>
2	21

[block]
# block no. 5 follows, 45 sequences, length 10
# corresponding to MSA columns:
# 264-273
name=unknown_F
#
# <colnr> <probs for GDERKNQSTAVLIFYWHMCP>
#	G	D	E	R	K	N	Q	S	T	A	V	L	I	F	Y	W	H	M	C	P
0	0.01300	0.03649	0.04203	0.16209	0.40315	0.08359	0.01410	0.01742	0.09806	0.01671	0.01210	0.03787	0.01025	0.00584	0.00533	0.00166	0.00648	0.02324	0.00304	0.00757
1	0.01032	0.00986	0.01683	0.72917	0.03558	0.01220	0.04871	0.01384	0.01071	0.01384	0.00949	0.01421	0.00720	0.00550	0.00594	0.00181	0.04154	0.00484	0.00240	0.00602
2	0.00650	0.00539	0.00570	0.00573	0.00738	0.00458	0.00426	0.00797	0.01245	0.01527	0.13709	0.10297	0.63919	0.01351	0.00638	0.00182	0.00272	0.01141	0.00509	0.00458
3	0.00826	0.00601	0.00754	0.00818	0.00916	0.00589	0.00607	0.07639	0.01215	0.01597	0.02955	0.48854	0.09607	0.04305	0.00751	0.00226	0.00378	0.16378	0.00495	0.00489
4	0.05100	0.03673	0.08756	0.01933	0.04131	0.01271	0.52587	0.01592	0.01197	0.01690	0.01238	0.09810	0.01078	0.00604	0.00634	0.00182	0.02864	0.00676	0.00293	0.00691
5	0.00922	0.00470	0.00691	0.00691	0.00691	0.00470	0.00456	0.00705	0.00705	0.00940	0.00985	0.01763	0.01003	0.07380	0.02142	0.78548	0.00470	0.00488	0.00240	0.00240
6	0.00781	0.00520	0.00585	0.00585	0.00585	0.00520	0.00325	0.00781	0.00781	0.01041	0.01691	0.03513	0.01952	0.81135	0.02732	0.00520	0.00520	0.00781	0.00325	0.00325
7	0.12582	0.15189	0.01784	0.01160	0.01588	0.01670	0.04443	0.50144	0.02011	0.02815	0.01116	0.01169	0.00827	0.00585	0.00482	0.00155	0.00580	0.00432	0.00445	0.00823
8	0.01456	0.03968	0.04441	0.04207	0.04342	0.29154	0.00982	0.05956	0.04389	0.01570	0.06376	0.01620	0.01219	0.08649	0.00938	0.00200	0.14437	0.00491	0.04990	0.00614
9	0.00945	0.00650	0.00714	0.00673	0.00741	0.00678	0.00427	0.07374	0.06677	0.01398	0.01698	0.03104	0.01799	0.62621	0.02217	0.00437	0.00500	0.00723	0.06195	0.00427

[dist]
# distance from previous block
# <min> <max>
4	11

[block]
# block no. 6 follows, 45 sequences, length 143
# corresponding to MSA columns:
# 285-359,362-381,384,400-407,409-447
name=unknown_G
#
# <colnr> <probs for GDERKNQSTAVLIFYWHMCP>
#	G	D	E	R	K	N	Q	S	T	A	V	L	I	F	Y	W	H	M	C	P
0	0.19831	0.01131	0.01658	0.19638	0.32269	0.01236	0.04147	0.01677	0.08608	0.01854	0.01092	0.02681	0.00883	0.00540	0.00496	0.00169	0.00589	0.00473	0.00306	0.00721
1	0.01253	0.01216	0.01941	0.11795	0.55483	0.04478	0.03147	0.01550	0.01198	0.01655	0.01172	0.08498	0.01070	0.00594	0.00543	0.00165	0.00632	0.00567	0.00285	0.02757
2	0.84927	0.01038	0.00789	0.00706	0.01038	0.01204	0.00581	0.01578	0.00914	0.02408	0.00747	0.00872	0.00581	0.00498	0.00332	0.00166	0.00415	0.00291	0.00332	0.00581
3	0.02227	0.00902	0.01241	0.00966	0.01349	0.00794	0.02453	0.04040	0.01497	0.68103	0.02096	0.05445	0.01435	0.04074	0.00640	0.00183	0.00466	0.00595	0.00631	0.00863
4	0.03073	0.01128	0.01896	0.37136	0.43247	0.01237	0.01554	0.01524	0.01149	0.01599	0.00979	0.01364	0.00785	0.00505	0.00529	0.00168	0.00667	0.00474	0.00255	0.00732
5	0.04099	0.00930	0.01245	0.00956	0.01370	0.00818	0.00790	0.04296	0.01546	0.74865	0.02070	0.01795	0.01304	0.00660	0.00535	0.00166	0.00459	0.00533	0.00655	0.00907
6	0.00654	0.00478	0.00612	0.00719	0.00768	0.00440	0.00483	0.00751	0.01046	0.01373	0.03235	0.69850	0.12593	0.03351	0.00723	0.00220	0.00311	0.01462	0.00495	0.00436
7	0.02093	0.01383	0.01532	0.01179	0.01602	0.01491	0.00972	0.60314	0.04138	0.17529	0.01468	0.01408	0.01009	0.00650	0.00538	0.00163	0.00561	0.00497	0.00561	0.00911
8	0.01231	0.01374	0.02934	0.09264	0.05171	0.01318	0.64972	0.01662	0.01242	0.01681	0.01117	0.03382	0.00874	0.00491	0.00623	0.00181	0.00865	0.00636	0.00274	0.00709
9	0.00779	0.00527	0.00617	0.00617	0.00628	0.00538	0.00365	0.00801	0.00790	0.01064	0.01662	0.03352	0.01882	0.72287	0.11485	0.00560	0.00626	0.00757	0.00321	0.00343
10	0.02356	0.00997	0.01297	0.00995	0.01412	0.00913	0.00822	0.13009	0.01676	0.67568	0.02000	0.01751	0.01270	0.00662	0.00539	0.00165	0.00476	0.00532	0.00646	0.00913
11	0.00781	0.00520	0.00585	0.00585	0.00585	0.00520	0.00325	0.00781	0.00781	0.01041	0.01691	0.03513	0.01952	0.81135	0.02732	0.00520	0.00520	0.00781	0.00325	0.00325
12	0.00994	0.00649	0.00890	0.00945	0.07574	0.00600	0.00643	0.01220	0.01408	0.11324	0.45127	0.12382	0.09675	0.01089	0.00622	0.00177	0.00327	0.03229	0.00551	0.00574
13	0.01930	0.02433	0.01532	0.01385	0.01637	0.71996	0.01050	0.02067	0.01458	0.01312	0.00818	0.00987	0.00693	0.00588	0.00599	0.00147	0.08119	0.00357	0.00273	0.00619
14	0.01014	0.00954	0.01610	0.79845	0.03697	0.01193	0.01491	0.01371	0.01073	0.01371	0.00954	0.01431	0.00716	0.00537	0.00537	0.00179	0.00716	0.00477	0.00239	0.00596
15	0.01403	0.74352	0.09635	0.00974	0.01463	0.02045	0.01015	0.01616	0.01095	0.01302	0.00766	0.00886	0.00688	0.00464	0.00359	0.00120	0.00594	0.00297	0.00229	0.00698
16	0.00812	0.07936	0.00859	0.00692	0.00892	0.02443	0.00554	0.01046	0.05242	0.01547	0.10460	0.06414	0.48419	0.01227	0.00614	0.00182	0.00348	0.09325	0.00479	0.00508
17	0.00980	0.00507	0.00533	0.00533	0.00655	0.00516	0.00402	0.01224	0.01102	0.01933	0.01723	0.02011	0.01373	0.00932	0.07477	0.00192	0.00357	0.00507	0.76545	0.00498
18	0.00932	0.00466	0.00699	0.00699	0.00699	0.00466	0.00466	0.00699	0.00699	0.00932	0.00932	0.01632	0.00932	0.01865	0.02098	0.84382	0.00466	0.00466	0.00233	0.00233
19	0.01110	0.08070	0.66205	0.01477	0.02175	0.01343	0.01837	0.01657	0.01102	0.01633	0.00925	0.01118	0.00683	0.00545	0.00612	0.00172	0.07945	0.00396	0.00228	0.00767
20	0.01077	0.02777	0.78354	0.01530	0.02323	0.01247	0.01983	0.01700	0.01133	0.01700	0.00963	0.01133	0.00680	0.00510	0.00510	0.00170	0.00793	0.00397	0.00227	0.00793
21	0.00654	0.00467	0.00623	0.00747	0.00779	0.00436	0.00498	0.00747	0.01028	0.01370	0.02959	0.80785	0.03550	0.01682	0.00685	0.00218	0.00311	0.01526	0.00498	0.00436
22	0.01077	0.02777	0.78354	0.01530	0.02323	0.01247	0.01983	0.01700	0.01133	0.01700	0.00963	0.01133	0.00680	0.00510	0.00510	0.00170	0.00793	0.00397	0.00227	0.00793
23	0.00932	0.00466	0.00699	0.00699	0.00699	0.00466	0.00466	0.00699	0.00699	0.00932	0.00932	0.01632	0.00932	0.01865	0.02098	0.84382	0.00466	0.00466	0.00233	0.00233
24	0.01302	0.01267	0.02110	0.13196	0.64839	0.03068	0.03133	0.01624	0.01211	0.01693	0.01000	0.01336	0.00828	0.00487	0.00533	0.00162	0.00661	0.00478	0.00263	0.00809
25	0.84927	0.01038	0.00789	0.00706	0.01038	0.01204	0.00581	0.01578	0.00914	0.02408	0.00747	0.00872	0.00581	0.00498	0.00332	0.00166	0.00415	0.00291	0.00332	0.00581
26	0.01312	0.01258	0.02148	0.07379	0.73834	0.01271	0.01639	0.01633	0.01214	0.01733	0.01007	0.01334	0.00843	0.00481	0.00532	0.00160	0.00642	0.00478	0.00264	0.00837
27	0.01174	0.01174	0.01644	0.01409	0.01409	0.01644	0.01174	0.01292	0.00822	0.01292	0.00705	0.01174	0.00705	0.00940	0.01762	0.00235	0.80153	0.00470	0.00235	0.00587
28	0.77441	0.01080	0.00863	0.00754	0.01095	0.01246	0.00621	0.08299	0.01059	0.02496	0.00796	0.00910	0.00611	0.00511	0.00351	0.00166	0.00431	0.00308	0.00351	0.00611
29	0.01252	0.01421	0.03097	0.02219	0.02749	0.01336	0.73527	0.01696	0.01255	0.01705	0.01097	0.01468	0.00831	0.00562	0.03042	0.00202	0.00921	0.00632	0.00272	0.00716
30	0.02074	0.01450	0.01578	0.01210	0.01638	0.01586	0.00999	0.69370	0.02435	0.10136	0.01364	0.01337	0.00950	0.00646	0.00537	0.00162	0.00579	0.00488	0.00548	0.00913
31	0.01113	0.00954	0.01113	0.00795	0.01272	0.00716	0.00636	0.01352	0.01113	0.01749	0.00954	0.01113	0.00795	0.00398	0.00398	0.00080	0.00398	0.00318	0.00318	0.84417
32	0.02408	0.00914	0.01246	0.00955	0.01370	0.00789	0.00789	0.02616	0.01536	0.78158	0.02118	0.01827	0.01329	0.00664	0.00540	0.00166	0.00457	0.00540	0.00664	0.00914
33	0.00847	0.00626	0.00811	0.00817	0.00959	0.00618	0.00657	0.01212	0.08225	0.01979	0.45868	0.04509	0.04098	0.01192	0.00661	0.00196	0.00349	0.25286	0.00555	0.00533
34	0.00760	0.00549	0.00718	0.00675	0.00802	0.00506	0.00506	0.01013	0.01519	0.02153	0.77503	0.04010	0.05065	0.01097	0.00633	0.00169	0.00253	0.00971	0.00591	0.00506
35	0.02408	0.00914	0.01246	0.00955	0.01370	0.00789	0.00789	0.02616	0.01536	0.78158	0.02118	0.01827	0.01329	0.00664	0.00540	0.00166	0.00457	0.00540	0.00664	0.00914
36	0.01399	0.01185	0.01250	0.01105	0.01420	0.01365	0.00865	0.09458	0.70107	0.02348	0.02104	0.01938	0.01573	0.00721	0.00545	0.00180	0.00440	0.00596	0.00545	0.00855
37	0.01329	0.01275	0.02179	0.03295	0.77787	0.01275	0.01647	0.01647	0.01222	0.01754	0.01010	0.01329	0.00850	0.00478	0.00531	0.00159	0.00638	0.00478	0.00266	0.00850
38	0.01113	0.00954	0.01113	0.00795	0.01272	0.00716	0.00636	0.01352	0.01113	0.01749	0.00954	0.01113	0.00795	0.00398	0.00398	0.00080	0.00398	0.00318	0.00318	0.84417
39	0.01174	0.01174	0.01644	0.01409	0.01409	0.01644	0.01174	0.01292	0.00822	0.01292	0.00705	0.01174	0.00705	0.00940	0.01762	0.00235	0.80153	0.00470	0.00235	0.00587
40	0.00767	0.00575	0.00863	0.00863	0.00959	0.00671	0.00671	0.00959	0.00863	0.01246	0.01438	0.02109	0.01342	0.04026	0.79008	0.00863	0.01438	0.00575	0.00288	0.00479
41	0.00771	0.00516	0.00588	0.00598	0.00600	0.00514	0.00339	0.00778	0.00800	0.01066	0.01789	0.09461	0.02075	0.75019	0.02575	0.00497	0.00504	0.00838	0.00339	0.00334
42	0.00931	0.03818	0.01075	0.06830	0.01252	0.00815	0.04361	0.09072	0.01196	0.01609	0.02282	0.52614	0.02583	0.01308	0.00706	0.00202	0.05562	0.01155	0.02094	0.00534
43	0.01391	0.69328	0.09529	0.00983	0.01454	0.03859	0.01008	0.01604	0.01096	0.01303	0.00794	0.00936	0.00713	0.00603	0.03382	0.00149	0.00637	0.00309	0.00233	0.00689
44	0.00654	0.00469	0.00621	0.00742	0.00777	0.00436	0.00496	0.00748	0.01033	0.01372	0.03021	0.78889	0.05406	0.01674	0.00684	0.00217	0.00310	0.01516	0.00498	0.00436
45	0.01435	0.81458	0.02813	0.00918	0.01378	0.02124	0.00918	0.01607	0.01091	0.01263	0.00746	0.00861	0.00689	0.00459	0.00344	0.00115	0.00574	0.00287	0.00230	0.00689
46	0.00745	0.00548	0.00697	0.00660	0.00793	0.00500	0.00495	0.00985	0.01485	0.02071	0.69171	0.04143	0.13448	0.01128	0.00633	0.00170	0.00255	0.00990	0.00580	0.00500
47	0.00972	0.01269	0.15704	0.01471	0.01830	0.00956	0.28866	0.01296	0.01131	0.01558	0.01843	0.34787	0.01939	0.00993	0.00661	0.00196	0.02596	0.00962	0.00358	0.00612
48	0.01107	0.01164	0.03943	0.50745	0.06324	0.01249	0.24703	0.01499	0.01141	0.01503	0.00998	0.01425	0.00751	0.00507	0.00566	0.00179	0.00773	0.00524	0.00250	0.00651
49	0.01335	0.01153	0.01214	0.01092	0.01396	0.01335	0.00850	0.02852	0.76817	0.02245	0.02185	0.02003	0.01639	0.00728	0.00546	0.00182	0.00425	0.00607	0.00546	0.00850
50	0.00744	0.00548	0.00695	0.00658	0.00792	0.00500	0.00494	0.00982	0.01482	0.02063	0.68265	0.04158	0.14360	0.01131	0.00633	0.00170	0.00256	0.00992	0.00579	0.00500
51	0.01151	0.11645	0.64513	0.01515	0.04076	0.03298	0.03254	0.01700	0.01143	0.01642	0.00939	0.01109	0.00688	0.00503	0.00493	0.00163	0.00771	0.00390	0.00230	0.00777
52	0.02005	0.02558	0.01521	0.01383	0.01659	0.78980	0.01037	0.02143	0.01521	0.01314	0.00830	0.00968	0.00691	0.00553	0.00484	0.00138	0.00968	0.00346	0.00277	0.00622
53	0.00781	0.00520	0.00585	0.00585	0.00585	0.00520	0.00325	0.00781	0.00781	0.01041	0.01691	0.03513	0.01952	0.81135	0.02732	0.00520	0.00520	0.00781	0.00325	0.00325
54	0.00656	0.00471	0.00623	0.00741	0.00778	0.00438	0.00496	0.00754	0.01043	0.01389	0.04646	0.77239	0.05415	0.01661	0.00683	0.00216	0.00309	0.01504	0.00500	0.00438
55	0.01147	0.16865	0.59299	0.01447	0.02156	0.01399	0.05894	0.01674	0.01139	0.01629	0.02136	0.01147	0.00758	0.00507	0.00489	0.00161	0.00751	0.00399	0.00235	0.00766
56	0.01378	0.01547	0.01262	0.01169	0.01334	0.36039	0.00902	0.01536	0.01154	0.01283	0.01067	0.01472	0.00965	0.02055	0.33462	0.00454	0.11630	0.00458	0.00276	0.00558
57	0.00760	0.00549	0.00718	0.00675	0.00802	0.00506	0.00506	0.01013	0.01519	0.02153	0.77503	0.04010	0.05065	0.01097	0.00633	0.00169	0.00253	0.00971	0.00591	0.00506
58	0.01110	0.00954	0.01129	0.03256	0.01348	0.00730	0.00663	0.01352	0.01112	0.01737	0.00954	0.01123	0.00793	0.00402	0.00402	0.00083	0.00407	0.00323	0.00316	0.81807
59	0.01252	0.23810	0.48065	0.01318	0.01962	0.01497	0.01566	0.08362	0.01251	0.01730	0.01006	0.01263	0.00796	0.00546	0.00477	0.00157	0.00704	0.03206	0.00266	0.00764
60	0.00781	0.00520	0.00585	0.00585	0.00585	0.00520	0.00325	0.00781	0.00781	0.01041	0.01691	0.03513	0.01952	0.81135	0.02732	0.00520	0.00520	0.00781	0.00325	0.00325
61	0.00957	0.00489	0.00720	0.00711	0.00721	0.00493	0.00479	0.02372	0.00740	0.00987	0.00940	0.01624	0.00932	0.01838	0.02063	0.82511	0.00469	0.00467	0.00240	0.00248
62	0.01864	0.01388	0.01555	0.01204	0.01590	0.01520	0.03816	0.64565	0.02283	0.03060	0.01357	0.03385	0.01066	0.07931	0.00742	0.00196	0.00590	0.00541	0.00507	0.00841
63	0.02041	0.01504	0.01611	0.01235	0.01665	0.01665	0.01020	0.75997	0.02524	0.03383	0.01289	0.01289	0.00913	0.00644	0.00537	0.00161	0.00591	0.00483	0.00537	0.00913
64	0.01470	0.18163	0.20595	0.03403	0.08950	0.17161	0.01278	0.10946	0.03067	0.01745	0.02642	0.01267	0.02709	0.00568	0.00511	0.00151	0.02551	0.00419	0.00303	0.02101
65	0.01077	0.02777	0.78354	0.01530	0.02323	0.01247	0.01983	0.01700	0.01133	0.01700	0.00963	0.01133	0.00680	0.00510	0.00510	0.00170	0.00793	0.00397	0.00227	0.00793
66	0.00722	0.00497	0.00608	0.00663	0.00683	0.00481	0.00412	0.00776	0.00927	0.01241	0.05694	0.38722	0.02820	0.41339	0.01705	0.00367	0.00413	0.01129	0.00416	0.00384
67	0.02175	0.01005	0.01327	0.08126	0.01621	0.00964	0.00893	0.14476	0.01647	0.56624	0.01899	0.01833	0.01259	0.00675	0.00545	0.00169	0.00503	0.02788	0.00600	0.00872
68	0.01167	0.21754	0.55752	0.01346	0.02024	0.02763	0.01652	0.01659	0.01144	0.01605	0.03846	0.01175	0.00851	0.00521	0.00474	0.00156	0.00722	0.00391	0.00242	0.00754
69	0.02003	0.01475	0.01579	0.01217	0.01637	0.01633	0.01003	0.72755	0.04224	0.03328	0.01319	0.01320	0.00939	0.00646	0.00534	0.00161	0.00580	0.00487	0.02258	0.00903
70	0.00692	0.00501	0.00654	0.00710	0.00784	0.00463	0.00497	0.00847	0.01219	0.01663	0.30632	0.48545	0.07897	0.01449	0.00663	0.00198	0.00288	0.01301	0.00533	0.00463
71	0.01292	0.01460	0.10940	0.08065	0.60722	0.02964	0.03462	0.01648	0.01210	0.01712	0.00999	0.01308	0.00817	0.00487	0.00531	0.00162	0.00674	0.00470	0.00260	0.00819
72	0.09263	0.64958	0.09415	0.00965	0.01438	0.03747	0.00986	0.01625	0.01088	0.01411	0.00768	0.00889	0.00678	0.00470	0.00361	0.00125	0.00588	0.00299	0.00240	0.00687
73	0.84927	0.01038	0.00789	0.00706	0.01038	0.01204	0.00581	0.01578	0.00914	0.02408	0.00747	0.00872	0.00581	0.00498	0.00332	0.00166	0.00415	0.00291	0.00332	0.00581
74	0.01221	0.26035	0.46973	0.01415	0.02077	0.01527	0.08944	0.03100	0.01161	0.01604	0.00917	0.01086	0.00700	0.00492	0.00473	0.00154	0.00735	0.00389	0.00238	0.00758
75	0.00650	0.00542	0.00551	0.00550	0.00714	0.00460	0.00403	0.00777	0.01190	0.01428	0.06672	0.04991	0.69158	0.08558	0.00824	0.00212	0.00294	0.01098	0.00485	0.00443
76	0.00685	0.00480	0.00611	0.00706	0.00736	0.00454	0.00460	0.00765	0.00986	0.01321	0.02747	0.62252	0.04995	0.17156	0.01077	0.00274	0.00350	0.01350	0.02178	0.00416
77	0.01151	0.00964	0.01443	0.01263	0.05618	0.00982	0.16338	0.14179	0.06932	0.01771	0.01703	0.15194	0.01714	0.26805	0.01292	0.00292	0.00578	0.00792	0.00392	0.00597
78	0.00687	0.00536	0.00630	0.00677	0.00805	0.00479	0.00510	0.00840	0.01203	0.01521	0.11327	0.24859	0.40033	0.01437	0.00664	0.00200	0.00314	0.12314	0.00507	0.00460
79	0.01435	0.81458	0.02813	0.00918	0.01378	0.02124	0.00918	0.01607	0.01091	0.01263	0.00746	0.00861	0.00689	0.00459	0.00344	0.00115	0.00574	0.00287	0.00230	0.00689
80	0.01413	0.01193	0.01343	0.16952	0.03711	0.08129	0.01003	0.09753	0.31362	0.07368	0.03512	0.01754	0.01312	0.00962	0.07625	0.00235	0.00643	0.00543	0.00439	0.00748
81	0.02697	0.01712	0.17562	0.03821	0.41896	0.08837	0.07403	0.04812	0.01281	0.01769	0.00994	0.01252	0.00792	0.00497	0.00525	0.00160	0.00713	0.00455	0.00272	0.02550
82	0.00777	0.00536	0.00666	0.00666	0.00693	0.00564	0.00425	0.00832	0.00804	0.01100	0.01618	0.03107	0.01775	0.58850	0.24777	0.00619	0.00786	0.00721	0.00314	0.00370
83	0.00781	0.00520	0.00585	0.00585	0.00585	0.00520	0.00325	0.00781	0.00781	0.01041	0.01691	0.03513	0.01952	0.81135	0.02732	0.00520	0.00520	0.00781	0.00325	0.00325
84	0.00773	0.00610	0.00782	0.02445	0.00903	0.00610	0.00568	0.00986	0.01366	0.01883	0.51197	0.07084	0.19243	0.01148	0.00735	0.00180	0.07485	0.00970	0.00528	0.00502
85	0.01487	0.32999	0.14947	0.02992	0.05300	0.19619	0.06177	0.04649	0.02536	0.01505	0.00936	0.02841	0.00794	0.00531	0.00455	0.00143	0.00722	0.00396	0.00268	0.00704
86	0.00944	0.01006	0.08417	0.01314	0.03881	0.00859	0.20121	0.01210	0.01086	0.01508	0.03337	0.19407	0.01910	0.10030	0.10707	0.00315	0.02443	0.08017	0.02929	0.00561
87	0.00769	0.00517	0.00594	0.00606	0.00610	0.00516	0.00348	0.00781	0.00805	0.01075	0.01801	0.10463	0.02084	0.72439	0.04052	0.00500	0.00520	0.00844	0.00340	0.00338
88	0.00731	0.00572	0.00715	0.00778	0.04262	0.00523	0.00532	0.00936	0.02738	0.01724	0.31738	0.22902	0.27299	0.01287	0.00640	0.00185	0.00294	0.01128	0.00524	0.00495
89	0.06531	0.32263	0.12418	0.09580	0.06408	0.01517	0.02422	0.04845	0.01116	0.01538	0.00954	0.01225	0.00811	0.01067	0.13003	0.00261	0.02707	0.00400	0.00263	0.00671
90	0.00699	0.00517	0.00708	0.07874	0.01022	0.00513	0.00570	0.00807	0.01007	0.01337	0.02648	0.65709	0.03131	0.09711	0.00881	0.00245	0.00369	0.01355	0.00457	0.00439
91	0.00846	0.00604	0.00843	0.00967	0.01082	0.00601	0.00832	0.01079	0.01217	0.01585	0.02853	0.12804	0.03131	0.01501	0.00736	0.00245	0.00478	0.67613	0.00495	0.00489
92	0.00773	0.00575	0.00852	0.00866	0.00962	0.00658	0.00678	0.00964	0.00899	0.01278	0.01607	0.04436	0.01565	0.05057	0.68697	0.00785	0.01309	0.07249	0.00312	0.00477
93	0.08766	0.03436	0.33245	0.05606	0.30185	0.02953	0.01614	0.01675	0.03007	0.01761	0.01060	0.01277	0.02075	0.00518	0.00502	0.00165	0.00679	0.00435	0.00265	0.00776
94	0.03081	0.29643	0.44732	0.01416	0.06150	0.01551	0.03287	0.01663	0.01122	0.01569	0.00889	0.01052	0.00693	0.00489	0.00453	0.00151	0.00704	0.00367	0.00233	0.00754
95	0.01557	0.43795	0.08635	0.01358	0.09766	0.23885	0.01119	0.01772	0.01231	0.01366	0.00816	0.00964	0.00706	0.00492	0.00418	0.00131	0.00711	0.00333	0.00247	0.00696
96	0.01282	0.00925	0.01110	0.08073	0.01394	0.00995	0.00804	0.28567	0.01615	0.03895	0.05032	0.23509	0.02059	0.06150	0.02426	0.00222	0.00501	0.06778	0.04023	0.00641
97	0.01266	0.04139	0.15594	0.20157	0.28002	0.03030	0.01518	0.07969	0.01243	0.01719	0.00981	0.01292	0.00782	0.00623	0.02146	0.00184	0.07881	0.00456	0.00272	0.00746
98	0.01344	0.58473	0.21571	0.01076	0.01610	0.01865	0.01181	0.03141	0.01126	0.01415	0.00826	0.00965	0.00705	0.00552	0.02082	0.00146	0.00648	0.00325	0.00236	0.00715
99	0.00925	0.00585	0.00746	0.00708	0.00867	0.00528	0.00538	0.01135	0.01402	0.10862	0.44296	0.12377	0.17169	0.01174	0.00633	0.00180	0.00298	0.04471	0.00569	0.00537
100	0.00932	0.00466	0.00699	0.00699	0.00699	0.00466	0.00466	0.00699	0.00699	0.00932	0.00932	0.01632	0.00932	0.01865	0.02098	0.84382	0.00466	0.00466	0.00233	0.00233
101	0.01227	0.16244	0.35677	0.04344	0.01938	0.02657	0.07170	0.01622	0.01148	0.07153	0.01241	0.08517	0.01077	0.00668	0.00580	0.00170	0.04746	0.02810	0.00297	0.00715
102	0.01010	0.00608	0.00775	0.00720	0.00892	0.00551	0.00544	0.01239	0.02772	0.14560	0.42441	0.14747	0.14764	0.01141	0.00624	0.00177	0.00301	0.00996	0.00576	0.00562
103	0.00712	0.00571	0.00640	0.00624	0.00785	0.00512	0.00467	0.00952	0.04821	0.01733	0.30791	0.07511	0.45457	0.01250	0.00632	0.00178	0.00274	0.01066	0.00534	0.00490
104	0.03353	0.18666	0.38558	0.01377	0.03758	0.16135	0.01469	0.07736	0.01307	0.01691	0.00916	0.01058	0.00705	0.00518	0.00470	0.00152	0.00753	0.00371	0.00265	0.00746
105	0.01166	0.15152	0.54385	0.01456	0.02132	0.03756	0.08032	0.01673	0.01165	0.01638	0.03995	0.01227	0.00869	0.00522	0.00498	0.00161	0.00752	0.00421	0.00247	0.00754
106	0.00780	0.00523	0.00597	0.00597	0.00601	0.00527	0.00339	0.00788	0.00784	0.01049	0.01681	0.03456	0.01927	0.78013	0.05820	0.00534	0.00558	0.00772	0.00324	0.00331
107	0.00657	0.00477	0.00617	0.00724	0.00770	0.00441	0.00487	0.00755	0.01051	0.01387	0.04624	0.70655	0.10502	0.03207	0.00720	0.00220	0.00311	0.01464	0.00497	0.00437
108	0.04646	0.01009	0.06111	0.03956	0.05773	0.03740	0.00928	0.08140	0.07175	0.05068	0.02302	0.09703	0.07736	0.02352	0.00690	0.02248	0.00514	0.26847	0.00446	0.00613
109	0.01246	0.17393	0.48057	0.01402	0.02021	0.10149	0.04702	0.01694	0.01164	0.01555	0.00967	0.03526	0.00777	0.00550	0.00517	0.00160	0.02725	0.00417	0.00243	0.00735
110	0.01096	0.02433	0.61152	0.01623	0.02340	0.01232	0.15280	0.01672	0.01175	0.01724	0.04531	0.01323	0.00907	0.00527	0.00538	0.00172	0.00789	0.00466	0.00252	0.00767
111	0.01659	0.01465	0.03684	0.01366	0.01816	0.06252	0.16235	0.38281	0.03522	0.02536	0.01184	0.01300	0.00880	0.00556	0.00525	0.00150	0.00639	0.00478	0.02408	0.15065
112	0.00781	0.00520	0.00585	0.00585	0.00585	0.00520	0.00325	0.00781	0.00781	0.01041	0.01691	0.03513	0.01952	0.81135	0.02732	0.00520	0.00520	0.00781	0.00325	0.00325
113	0.01992	0.01466	0.01572	0.01210	0.01623	0.01621	0.00994	0.73110	0.02457	0.03293	0.01304	0.01374	0.00953	0.03733	0.00621	0.00175	0.00588	0.00495	0.00529	0.00890
114	0.01551	0.02880	0.01263	0.00997	0.01287	0.01242	0.00789	0.44569	0.03582	0.02605	0.08286	0.02009	0.01528	0.14669	0.04637	0.00254	0.00562	0.00582	0.05984	0.00721
115	0.00654	0.00467	0.00623	0.00747	0.00779	0.00436	0.00498	0.00747	0.01028	0.01370	0.02959	0.80785	0.03550	0.01682	0.00685	0.00218	0.00311	0.01526	0.00498	0.00436
116	0.01287	0.00773	0.00812	0.00717	0.00929	0.00817	0.00562	0.15796	0.08888	0.05213	0.01719	0.01858	0.01311	0.00641	0.00429	0.00139	0.00341	0.00509	0.56628	0.00630
117	0.04793	0.03934	0.06058	0.07309	0.05997	0.04805	0.46862	0.03391	0.01226	0.01694	0.01003	0.01336	0.00777	0.00516	0.00687	0.00179	0.07906	0.00549	0.00271	0.00705
118	0.01154	0.01151	0.01617	0.17081	0.01863	0.03422	0.01223	0.01321	0.00890	0.01307	0.00774	0.01241	0.00721	0.00918	0.03202	0.00235	0.60583	0.00471	0.00238	0.00587
119	0.00717	0.00535	0.00671	0.00763	0.00827	0.00520	0.00521	0.00940	0.07879	0.01447	0.03011	0.67397	0.07828	0.03314	0.00714	0.00219	0.00324	0.01403	0.00499	0.00472
