[name]
unknown

[dist]
# distance from previous block
# <min> <max>
5	14

[block]
# block no. 0 follows, 44 sequences, length 79
# corresponding to MSA columns:
# 109-132,134-151,153-173,179-194
name=unknown_A
#
# <colnr> <probs for GDERKNQSTAVLIFYWHMCP>
#	G	D	E	R	K	N	Q	S	T	A	V	L	I	F	Y	W	H	M	C	P
0	0.02037	0.02598	0.01545	0.01404	0.01685	0.78652	0.01053	0.02177	0.01545	0.01334	0.00843	0.00983	0.00702	0.00562	0.00492	0.00140	0.00983	0.00351	0.00281	0.00632
1	0.00704	0.00532	0.00650	0.00669	0.00785	0.00478	0.00483	0.00880	0.01313	0.01752	0.35195	0.26408	0.25440	0.01362	0.00659	0.00189	0.00280	0.01196	0.00546	0.00478
2	0.01570	0.00874	0.01074	0.00927	0.01212	0.00869	0.00727	0.02180	0.24018	0.30713	0.19330	0.09801	0.02520	0.00891	0.00586	0.00179	0.00393	0.00762	0.00606	0.00769
3	0.01984	0.03704	0.01369	0.01047	0.01378	0.01116	0.00854	0.15798	0.05598	0.41341	0.01745	0.01815	0.01252	0.08231	0.00895	0.00209	0.09747	0.00547	0.00547	0.00822
4	0.01030	0.00969	0.01635	0.79530	0.03755	0.01211	0.01514	0.01393	0.01090	0.01393	0.00969	0.01453	0.00727	0.00545	0.00545	0.00182	0.00727	0.00484	0.00242	0.00606
5	0.00688	0.00529	0.00630	0.00657	0.00777	0.00471	0.00473	0.00848	0.01269	0.01659	0.25981	0.28484	0.32762	0.01404	0.00660	0.00192	0.00283	0.01227	0.00534	0.00471
6	0.00815	0.00570	0.00692	0.08010	0.00891	0.00593	0.00442	0.00849	0.00821	0.01089	0.01647	0.03369	0.01864	0.73297	0.02565	0.00496	0.00547	0.00764	0.00322	0.00356
7	0.01449	0.16506	0.37818	0.01402	0.01997	0.07392	0.06722	0.07367	0.01317	0.08880	0.01063	0.01190	0.00783	0.00547	0.00541	0.00162	0.03358	0.00419	0.00304	0.00782
8	0.01030	0.00969	0.01635	0.79530	0.03755	0.01211	0.01514	0.01393	0.01090	0.01393	0.00969	0.01453	0.00727	0.00545	0.00545	0.00182	0.00727	0.00484	0.00242	0.00606
9	0.01269	0.01597	0.10244	0.02228	0.02803	0.01368	0.68560	0.01744	0.01274	0.01744	0.01091	0.01441	0.00814	0.00465	0.00632	0.00183	0.00908	0.00621	0.00271	0.00742
10	0.00695	0.00560	0.00609	0.00613	0.00762	0.00496	0.00445	0.00875	0.03281	0.01563	0.15546	0.13049	0.51088	0.07003	0.00799	0.00211	0.00300	0.01130	0.00509	0.00468
11	0.01240	0.00951	0.01309	0.30331	0.03999	0.01084	0.01048	0.17533	0.01414	0.04442	0.01552	0.15952	0.01413	0.00927	0.03285	0.00204	0.02742	0.00688	0.09237	0.00649
12	0.01437	0.01179	0.01296	0.07688	0.01616	0.01354	0.00920	0.15775	0.52314	0.02399	0.01924	0.01855	0.01437	0.00702	0.00542	0.00177	0.00476	0.00576	0.05502	0.00832
13	0.01266	0.01006	0.01219	0.00995	0.05852	0.00821	0.00737	0.06576	0.01269	0.06214	0.03017	0.02684	0.01009	0.00482	0.00441	0.00101	0.00430	0.00396	0.00365	0.65119
14	0.01484	0.00990	0.01356	0.26462	0.02140	0.00966	0.00992	0.05255	0.03345	0.21167	0.01321	0.01454	0.00949	0.00540	0.00497	0.00143	0.00534	0.00449	0.00403	0.29554
15	0.01204	0.01013	0.01170	0.00842	0.01323	0.00802	0.00676	0.07163	0.01242	0.01906	0.00996	0.01144	0.00817	0.00423	0.00415	0.00087	0.00419	0.00336	0.00340	0.77681
16	0.73962	0.01177	0.00905	0.00795	0.01137	0.05655	0.00649	0.07041	0.01082	0.02455	0.00804	0.00922	0.00621	0.00520	0.00361	0.00167	0.00467	0.00313	0.00349	0.00617
17	0.01812	0.01100	0.01269	0.01065	0.01424	0.01166	0.00850	0.07149	0.43635	0.30999	0.02139	0.01923	0.01501	0.00710	0.00552	0.00177	0.00454	0.00583	0.00600	0.00891
18	0.01947	0.01392	0.01620	0.01266	0.01662	0.03579	0.05430	0.44099	0.11322	0.15156	0.01500	0.01482	0.01063	0.00671	0.00622	0.00172	0.05088	0.00520	0.00527	0.00881
19	0.00771	0.00582	0.00698	0.00667	0.00814	0.00533	0.00498	0.03406	0.01443	0.01945	0.47301	0.08886	0.26419	0.02773	0.00685	0.00185	0.00283	0.01049	0.00559	0.00504
20	0.01475	0.01668	0.01623	0.08759	0.01739	0.28800	0.01174	0.01625	0.01110	0.01327	0.00784	0.01143	0.00712	0.00777	0.01214	0.00199	0.44574	0.00433	0.00254	0.00610
21	0.01182	0.00924	0.01203	0.26340	0.01962	0.01075	0.00962	0.10132	0.14814	0.01952	0.03250	0.04910	0.01319	0.00823	0.03494	0.00197	0.03709	0.00572	0.20530	0.00652
22	0.01742	0.00799	0.01032	0.00847	0.01148	0.00727	0.00678	0.04548	0.03426	0.42467	0.23279	0.02591	0.04886	0.00819	0.00562	0.00166	0.00384	0.00687	0.08456	0.00755
23	0.01030	0.00969	0.01635	0.79530	0.03755	0.01211	0.01514	0.01393	0.01090	0.01393	0.00969	0.01453	0.00727	0.00545	0.00545	0.00182	0.00727	0.00484	0.00242	0.00606
24	0.05909	0.01322	0.09068	0.30412	0.06555	0.02863	0.17044	0.01610	0.05620	0.01633	0.01085	0.02781	0.00860	0.00595	0.00678	0.00184	0.08862	0.00523	0.01720	0.00675
25	0.00773	0.00520	0.00600	0.00620	0.00625	0.00515	0.00357	0.00788	0.00831	0.01109	0.01916	0.15387	0.02232	0.68681	0.02455	0.00481	0.00496	0.00909	0.00357	0.00348
26	0.00801	0.00577	0.00842	0.00842	0.00942	0.00665	0.00653	0.01001	0.00901	0.01338	0.01490	0.02131	0.01366	0.03764	0.71324	0.00806	0.01347	0.00577	0.08143	0.00489
27	0.01093	0.02820	0.78016	0.01554	0.02360	0.01266	0.02014	0.01727	0.01151	0.01727	0.00978	0.01151	0.00691	0.00518	0.00518	0.00173	0.00806	0.00403	0.00230	0.00806
28	0.01918	0.02409	0.01482	0.01355	0.01619	0.71327	0.01018	0.02064	0.01482	0.01328	0.00901	0.01092	0.00764	0.00893	0.07837	0.00210	0.01028	0.00373	0.00282	0.00618
29	0.00675	0.00511	0.00625	0.00700	0.00789	0.00461	0.00493	0.00801	0.01150	0.01485	0.09237	0.48669	0.26397	0.01555	0.00678	0.00207	0.00307	0.04290	0.00513	0.00456
30	0.00778	0.00555	0.00718	0.00678	0.00802	0.00515	0.00504	0.01025	0.01505	0.02139	0.72490	0.04006	0.04935	0.04219	0.00720	0.00184	0.00268	0.00968	0.02483	0.00507
31	0.01130	0.00969	0.01130	0.00807	0.01292	0.00727	0.00646	0.01373	0.01130	0.01776	0.00969	0.01130	0.00807	0.00404	0.00404	0.00081	0.00404	0.00323	0.00323	0.84173
32	0.03646	0.03686	0.01631	0.01267	0.01670	0.17281	0.01029	0.57503	0.02290	0.02938	0.01190	0.01224	0.00870	0.00628	0.00526	0.00158	0.00674	0.00454	0.00480	0.00855
33	0.00985	0.00789	0.01071	0.00983	0.01051	0.00991	0.00779	0.02564	0.00933	0.01435	0.01283	0.01912	0.01196	0.09048	0.31428	0.00491	0.27525	0.00552	0.14462	0.00522
34	0.01356	0.01171	0.01233	0.01109	0.01418	0.01356	0.00863	0.02897	0.76455	0.02281	0.02219	0.02034	0.01664	0.00740	0.00555	0.00185	0.00431	0.00616	0.00555	0.00863
35	0.00699	0.00612	0.02944	0.00649	0.00816	0.00499	0.00504	0.00883	0.01307	0.01689	0.26988	0.14043	0.43792	0.01314	0.00646	0.00184	0.00291	0.01127	0.00527	0.00485
36	0.00860	0.00684	0.00932	0.00906	0.00994	0.02667	0.00702	0.01037	0.00896	0.01293	0.01406	0.02110	0.01327	0.08456	0.61102	0.00742	0.08697	0.00578	0.04118	0.00492
37	0.01404	0.69570	0.13983	0.01025	0.01541	0.02025	0.01093	0.01646	0.01114	0.01348	0.00791	0.00915	0.00698	0.00474	0.00375	0.00125	0.00616	0.00308	0.00233	0.00715
38	0.00771	0.00563	0.00694	0.00657	0.00806	0.00506	0.00494	0.00997	0.01466	0.03480	0.57204	0.04332	0.23667	0.01175	0.00641	0.00175	0.00266	0.01020	0.00577	0.00509
39	0.01223	0.29200	0.50778	0.01389	0.03912	0.01567	0.01641	0.01693	0.01139	0.01578	0.00905	0.01063	0.00698	0.00500	0.00462	0.00153	0.00727	0.00367	0.00232	0.00771
40	0.01074	0.00563	0.00569	0.00549	0.00692	0.00572	0.00417	0.05301	0.01220	0.02109	0.01753	0.01993	0.01372	0.00636	0.00390	0.00129	0.00273	0.00507	0.79350	0.00531
41	0.01130	0.00969	0.01130	0.00807	0.01292	0.00727	0.00646	0.01373	0.01130	0.01776	0.00969	0.01130	0.00807	0.00404	0.00404	0.00081	0.00404	0.00323	0.00323	0.84173
42	0.01458	0.81168	0.02857	0.00933	0.01399	0.02157	0.00933	0.01632	0.01108	0.01283	0.00758	0.00875	0.00700	0.00466	0.00350	0.00117	0.00583	0.00292	0.00233	0.00700
43	0.01106	0.01085	0.01606	0.01365	0.01433	0.01428	0.06830	0.01264	0.00898	0.01347	0.01120	0.01580	0.04938	0.01427	0.13621	0.00331	0.57231	0.00543	0.00264	0.00583
44	0.01704	0.01229	0.01342	0.01089	0.01418	0.01350	0.00874	0.51169	0.06552	0.02849	0.01539	0.08304	0.01262	0.00922	0.02981	0.04958	0.00551	0.00593	0.08525	0.00789
45	0.00782	0.00527	0.00606	0.00612	0.00633	0.00519	0.00363	0.00790	0.00844	0.01110	0.02082	0.06963	0.09047	0.63480	0.04358	0.05241	0.00516	0.00836	0.00348	0.00346
46	0.01024	0.00950	0.01590	0.76213	0.03623	0.01182	0.01465	0.01378	0.01085	0.01399	0.01002	0.01510	0.00767	0.02254	0.00589	0.00188	0.00713	0.00492	0.01978	0.00598
47	0.01331	0.01277	0.02180	0.07674	0.73254	0.01291	0.01664	0.01657	0.01233	0.01759	0.01022	0.01355	0.00856	0.00489	0.00540	0.00163	0.00652	0.00486	0.00268	0.00849
48	0.00785	0.00530	0.00592	0.00592	0.00602	0.00525	0.00335	0.00792	0.00816	0.01078	0.01913	0.03654	0.05845	0.76761	0.02665	0.00511	0.00516	0.00811	0.00339	0.00337
49	0.01373	0.01180	0.01242	0.01113	0.01424	0.01364	0.00867	0.04621	0.74703	0.02308	0.02197	0.02017	0.01647	0.00738	0.00555	0.00184	0.00435	0.00613	0.00555	0.00864
50	0.01485	0.45811	0.17915	0.01137	0.01637	0.10790	0.01164	0.08646	0.01319	0.01612	0.03396	0.01091	0.00867	0.00527	0.00429	0.00137	0.00666	0.00363	0.00280	0.00729
51	0.01458	0.81168	0.02857	0.00933	0.01399	0.02157	0.00933	0.01632	0.01108	0.01283	0.00758	0.00875	0.00700	0.00466	0.00350	0.00117	0.00583	0.00292	0.00233	0.00700
52	0.84691	0.01054	0.00801	0.00717	0.01054	0.01223	0.00590	0.01603	0.00928	0.02446	0.00759	0.00886	0.00590	0.00506	0.00337	0.00169	0.00422	0.00295	0.00337	0.00590
53	0.01176	0.01251	0.02456	0.09044	0.10246	0.02720	0.45003	0.01535	0.01217	0.01638	0.01395	0.15024	0.01294	0.00699	0.00658	0.00188	0.02705	0.00759	0.00311	0.00681
54	0.00780	0.00579	0.00849	0.00849	0.00937	0.00667	0.00648	0.00956	0.00868	0.01246	0.01485	0.02279	0.01422	0.11465	0.71385	0.00843	0.01371	0.00604	0.00296	0.00472
55	0.00672	0.00478	0.00630	0.00749	0.00778	0.00448	0.00495	0.00761	0.01028	0.01371	0.02924	0.75632	0.03503	0.06701	0.00827	0.00241	0.00330	0.01502	0.00495	0.00436
56	0.00687	0.00554	0.00612	0.00597	0.00763	0.00478	0.00448	0.00865	0.01344	0.01713	0.29633	0.04851	0.52959	0.01291	0.00644	0.00180	0.00270	0.01095	0.00538	0.00478
57	0.01826	0.01146	0.01266	0.01013	0.01362	0.01220	0.00823	0.38476	0.08465	0.16375	0.01651	0.01643	0.01179	0.00661	0.00508	0.00158	0.00478	0.00516	0.20414	0.00822
58	0.00793	0.00529	0.00595	0.00595	0.00595	0.00529	0.00330	0.00793	0.00793	0.01057	0.01718	0.03568	0.01982	0.80840	0.02775	0.00529	0.00529	0.00793	0.00330	0.00330
59	0.09791	0.01461	0.01534	0.01195	0.01615	0.01627	0.00984	0.64325	0.06822	0.03274	0.01312	0.01312	0.00940	0.00646	0.00526	0.00165	0.00573	0.00480	0.00526	0.00892
60	0.01038	0.00977	0.01650	0.77626	0.05597	0.01213	0.01518	0.01400	0.01094	0.01403	0.00970	0.01451	0.00730	0.00544	0.00545	0.00181	0.00725	0.00485	0.00243	0.00612
61	0.01977	0.02320	0.01528	0.01357	0.01661	0.61052	0.01033	0.12110	0.08719	0.01705	0.01035	0.01126	0.00823	0.00591	0.00505	0.00148	0.00880	0.00395	0.00342	0.00693
62	0.01238	0.01230	0.01674	0.03062	0.01569	0.07114	0.09583	0.05573	0.01049	0.01469	0.00994	0.03522	0.00948	0.05911	0.08309	0.00293	0.45032	0.00544	0.00281	0.00604
63	0.01278	0.01454	0.03165	0.04857	0.02879	0.01373	0.73010	0.01735	0.01280	0.01735	0.01099	0.01470	0.00824	0.00462	0.00640	0.00184	0.00913	0.00638	0.00275	0.00731
64	0.01320	0.48983	0.27515	0.01216	0.03257	0.01817	0.01319	0.01645	0.01108	0.01441	0.00833	0.00994	0.00701	0.00513	0.00495	0.00143	0.05391	0.00343	0.00233	0.00732
65	0.00676	0.00486	0.00641	0.00746	0.00792	0.00451	0.00505	0.00790	0.01105	0.01482	0.11330	0.70005	0.05703	0.01633	0.00689	0.00215	0.00309	0.01477	0.00517	0.00451
66	0.00662	0.00549	0.00580	0.00581	0.00750	0.00466	0.00432	0.00813	0.01270	0.01560	0.14632	0.09369	0.63727	0.01365	0.00647	0.00185	0.00276	0.01152	0.00518	0.00466
67	0.00761	0.00557	0.00715	0.00675	0.00808	0.00510	0.00506	0.01009	0.01519	0.02129	0.71454	0.04166	0.10877	0.01136	0.00643	0.00172	0.00259	0.00999	0.00593	0.00510
68	0.00779	0.00584	0.00876	0.00876	0.00974	0.00681	0.00681	0.00974	0.00876	0.01266	0.01460	0.02142	0.01363	0.04089	0.78680	0.00876	0.01460	0.00584	0.00292	0.00487
69	0.01030	0.00969	0.01635	0.79530	0.03755	0.01211	0.01514	0.01393	0.01090	0.01393	0.00969	0.01453	0.00727	0.00545	0.00545	0.00182	0.00727	0.00484	0.00242	0.00606
70	0.01079	0.00901	0.01048	0.00775	0.01185	0.00696	0.00597	0.01284	0.01079	0.01666	0.01084	0.01505	0.00988	0.12764	0.00768	0.00150	0.00423	0.00395	0.00324	0.71290
71	0.01367	0.01190	0.01381	0.05345	0.15293	0.05818	0.00998	0.10586	0.30666	0.04131	0.02192	0.06571	0.10504	0.00794	0.00565	0.00177	0.00514	0.00671	0.00465	0.00773
72	0.11331	0.00546	0.00722	0.00711	0.00753	0.00566	0.00488	0.00821	0.00737	0.01133	0.00924	0.01562	0.00903	0.01722	0.01908	0.73727	0.00467	0.00451	0.00249	0.00281
73	0.00696	0.00507	0.00664	0.00759	0.00819	0.00463	0.00512	0.00799	0.01044	0.01410	0.02850	0.73928	0.03396	0.03176	0.00718	0.00218	0.00326	0.01457	0.00491	0.05768
74	0.09614	0.01461	0.01428	0.01172	0.01548	0.07708	0.00943	0.40809	0.24659	0.02825	0.01495	0.01462	0.01100	0.00659	0.00524	0.00169	0.00563	0.00499	0.00507	0.00852
75	0.08669	0.00596	0.00707	0.00698	0.00764	0.00642	0.00472	0.00933	0.00854	0.01288	0.03813	0.02879	0.01750	0.46581	0.26530	0.00594	0.00806	0.00686	0.00327	0.00410
76	0.01837	0.01369	0.01495	0.01162	0.01551	0.01500	0.00954	0.57118	0.03813	0.03026	0.01299	0.01357	0.00956	0.00648	0.00590	0.00158	0.05052	0.00478	0.06940	0.08695
77	0.01071	0.00648	0.00701	0.00666	0.00816	0.00672	0.00499	0.08598	0.05352	0.02053	0.06359	0.09543	0.01828	0.05395	0.03181	0.00193	0.00359	0.00657	0.50858	0.00552
78	0.01374	0.02980	0.01890	0.04337	0.48448	0.09823	0.01371	0.01721	0.05174	0.01738	0.02707	0.01389	0.00978	0.00533	0.00556	0.00154	0.03159	0.00469	0.02571	0.08629

[dist]
# distance from previous block
# <min> <max>
5	9

[block]
# block no. 1 follows, 44 sequences, length 22
# corresponding to MSA columns:
# 208,209,255-274
name=unknown_B
#
# <colnr> <probs for GDERKNQSTAVLIFYWHMCP>
#	G	D	E	R	K	N	Q	S	T	A	V	L	I	F	Y	W	H	M	C	P
0	0.00673	0.00481	0.00640	0.00753	0.00793	0.00449	0.00507	0.00781	0.01084	0.01455	0.08955	0.74353	0.03729	0.01660	0.00692	0.00217	0.00312	0.01505	0.00514	0.00449
1	0.01215	0.01022	0.01175	0.00855	0.01329	0.00829	0.00686	0.07392	0.04242	0.01930	0.01046	0.01181	0.00851	0.00437	0.00421	0.00092	0.00421	0.00348	0.00350	0.74178
2	0.01467	0.02835	0.01482	0.06967	0.01684	0.01061	0.07940	0.14313	0.07482	0.12194	0.01434	0.06881	0.01156	0.00617	0.00512	0.00143	0.00519	0.00532	0.00427	0.30355
3	0.07697	0.01399	0.09496	0.12399	0.43226	0.03317	0.05137	0.01680	0.04056	0.01777	0.01109	0.01514	0.00920	0.00548	0.00535	0.00171	0.00664	0.03289	0.00288	0.00778
4	0.02300	0.00916	0.01233	0.00956	0.01354	0.00805	0.00785	0.04717	0.01589	0.69515	0.08144	0.02017	0.01641	0.00709	0.00556	0.00169	0.00451	0.00582	0.00665	0.00895
5	0.01452	0.01442	0.03968	0.20482	0.36899	0.11483	0.04284	0.07255	0.01357	0.04660	0.01054	0.01341	0.00828	0.00529	0.00539	0.00165	0.00714	0.00474	0.00300	0.00774
6	0.01219	0.01162	0.01977	0.34450	0.47356	0.01261	0.01608	0.01559	0.01180	0.01623	0.01002	0.01392	0.00808	0.00510	0.00542	0.00170	0.00680	0.00485	0.00259	0.00758
7	0.00793	0.00529	0.00595	0.00595	0.00595	0.00529	0.00330	0.00793	0.00793	0.01057	0.01718	0.03568	0.01982	0.80840	0.02775	0.00529	0.00529	0.00793	0.00330	0.00330
8	0.01272	0.41163	0.41234	0.01250	0.01890	0.01702	0.01485	0.01680	0.01130	0.01509	0.00870	0.01016	0.00695	0.00493	0.00436	0.00145	0.00697	0.00348	0.00232	0.00754
9	0.02102	0.01480	0.01607	0.01232	0.01667	0.01621	0.01018	0.69914	0.02485	0.09254	0.01375	0.01352	0.00960	0.00656	0.00546	0.00164	0.00589	0.00495	0.00555	0.00927
10	0.00821	0.00590	0.00728	0.00710	0.00727	0.00644	0.00460	0.00865	0.00811	0.01114	0.01594	0.03129	0.01773	0.60914	0.16323	0.00569	0.06802	0.00731	0.00316	0.00379
11	0.00793	0.00529	0.00595	0.00595	0.00595	0.00529	0.00330	0.00793	0.00793	0.01057	0.01718	0.03568	0.01982	0.80840	0.02775	0.00529	0.00529	0.00793	0.00330	0.00330
12	0.01513	0.01398	0.01466	0.01508	0.13305	0.10521	0.01030	0.10539	0.47854	0.02217	0.01772	0.01724	0.01346	0.00670	0.00544	0.00174	0.00549	0.00551	0.00477	0.00843
13	0.01184	0.01397	0.07258	0.08118	0.02654	0.01251	0.56677	0.01604	0.01235	0.01677	0.01304	0.10534	0.01131	0.00613	0.00634	0.00187	0.00828	0.00721	0.00297	0.00696
14	0.00662	0.00484	0.00623	0.00734	0.00784	0.00445	0.00495	0.00762	0.01068	0.01402	0.03312	0.71308	0.12584	0.01668	0.00690	0.00217	0.00311	0.01501	0.00506	0.00445
15	0.00818	0.00629	0.00926	0.00907	0.00998	0.00752	0.00711	0.01009	0.00881	0.01293	0.01413	0.02065	0.01314	0.03740	0.70328	0.00804	0.07457	0.00574	0.02883	0.00496
16	0.01570	0.01041	0.01178	0.06984	0.01430	0.01125	0.00810	0.32146	0.06394	0.08516	0.06524	0.01809	0.01410	0.00677	0.00502	0.00156	0.00461	0.00540	0.25982	0.00743
17	0.00803	0.00640	0.00788	0.03781	0.03032	0.00611	0.00580	0.01130	0.07284	0.01930	0.43960	0.04104	0.27058	0.01129	0.00630	0.00177	0.00305	0.00975	0.00545	0.00538
18	0.01678	0.01361	0.01381	0.01087	0.01503	0.08661	0.00872	0.29181	0.13572	0.06921	0.01349	0.01367	0.01008	0.00580	0.00497	0.00139	0.00540	0.00447	0.00458	0.27398
19	0.00664	0.00474	0.00633	0.00759	0.00791	0.00443	0.00506	0.00759	0.01044	0.01392	0.03005	0.80485	0.03606	0.01708	0.00696	0.00221	0.00316	0.01550	0.00506	0.00443
20	0.05516	0.00914	0.01201	0.00939	0.01332	0.00815	0.00769	0.02469	0.04404	0.64323	0.07939	0.01981	0.01616	0.00699	0.00544	0.00168	0.00443	0.00570	0.00643	0.02713
21	0.01990	0.01486	0.01590	0.01238	0.01659	0.01652	0.01016	0.67243	0.11077	0.03303	0.01414	0.01392	0.01012	0.00664	0.00546	0.00166	0.00581	0.00505	0.00546	0.00920

[dist]
# distance from previous block
# <min> <max>
1	5

[block]
# block no. 2 follows, 44 sequences, length 27
# corresponding to MSA columns:
# 280-306
name=unknown_C
#
# <colnr> <probs for GDERKNQSTAVLIFYWHMCP>
#	G	D	E	R	K	N	Q	S	T	A	V	L	I	F	Y	W	H	M	C	P
0	0.08224	0.02094	0.01434	0.01262	0.01579	0.52925	0.00968	0.05858	0.05014	0.13948	0.01135	0.01182	0.00854	0.00589	0.00495	0.00150	0.00813	0.00398	0.00375	0.00702
1	0.01164	0.02546	0.63660	0.01657	0.02411	0.01271	0.13871	0.01757	0.01185	0.03954	0.01033	0.01223	0.00732	0.00513	0.00539	0.00174	0.00814	0.00446	0.00251	0.00798
2	0.03971	0.00759	0.00979	0.00926	0.01082	0.00800	0.05023	0.03857	0.16792	0.01712	0.07893	0.30740	0.02523	0.10663	0.09421	0.00311	0.00534	0.00986	0.00461	0.00566
3	0.00648	0.00540	0.00565	0.00586	0.00745	0.00457	0.00429	0.00779	0.01210	0.01460	0.05115	0.17429	0.65299	0.01434	0.00653	0.00190	0.00283	0.01215	0.00506	0.00457
4	0.01045	0.00545	0.00556	0.00543	0.00680	0.00553	0.00411	0.03762	0.01184	0.02058	0.01754	0.02011	0.01381	0.00732	0.02568	0.00149	0.00299	0.00510	0.78737	0.00522
5	0.01340	0.01351	0.04992	0.03281	0.74687	0.01294	0.01686	0.01675	0.01238	0.01779	0.01024	0.01342	0.00857	0.00487	0.00539	0.00162	0.00653	0.00483	0.00268	0.00861
6	0.01458	0.81168	0.02857	0.00933	0.01399	0.02157	0.00933	0.01632	0.01108	0.01283	0.00758	0.00875	0.00700	0.00466	0.00350	0.00117	0.00583	0.00292	0.00233	0.00700
7	0.00803	0.00526	0.00590	0.00593	0.00602	0.00525	0.00337	0.00820	0.00819	0.01122	0.01751	0.05257	0.01985	0.74277	0.02585	0.00498	0.00507	0.00794	0.05263	0.00343
8	0.00772	0.00520	0.00601	0.00621	0.00626	0.00515	0.00359	0.00787	0.00833	0.01111	0.01926	0.16022	0.02245	0.68027	0.02438	0.00479	0.00494	0.00915	0.00359	0.00349
9	0.00667	0.00477	0.00635	0.00757	0.00791	0.00445	0.00506	0.00767	0.01059	0.01415	0.05220	0.78201	0.03652	0.01690	0.00694	0.00220	0.00315	0.01533	0.00509	0.00445
10	0.00834	0.00628	0.00881	0.00882	0.00990	0.00711	0.00674	0.03731	0.04457	0.01412	0.01740	0.14792	0.01724	0.03424	0.59612	0.00712	0.01196	0.00739	0.00348	0.00513
11	0.01169	0.00734	0.00953	0.00936	0.01114	0.00743	0.00760	0.01507	0.09185	0.15038	0.07803	0.13517	0.07311	0.04084	0.00799	0.00226	0.04423	0.28568	0.00526	0.00604
12	0.01144	0.05780	0.65842	0.01610	0.05993	0.01311	0.03193	0.03010	0.01175	0.01735	0.00975	0.01159	0.00709	0.00522	0.00536	0.00169	0.02208	0.00408	0.00240	0.02282
13	0.22869	0.05306	0.01381	0.01116	0.03165	0.11405	0.00882	0.29453	0.11152	0.02560	0.01212	0.01264	0.00915	0.00602	0.00470	0.00161	0.00567	0.00430	0.04325	0.00763
14	0.18967	0.01777	0.01442	0.08788	0.01727	0.35848	0.02989	0.05296	0.01299	0.01689	0.00887	0.02384	0.00747	0.00620	0.00652	0.00166	0.11709	0.00403	0.00300	0.02309
15	0.01170	0.01517	0.14765	0.12748	0.05468	0.01279	0.39662	0.01595	0.01210	0.01676	0.04621	0.04376	0.01086	0.00588	0.00679	0.00185	0.05772	0.00615	0.00284	0.00704
16	0.00769	0.00530	0.00654	0.00674	0.00697	0.00543	0.00425	0.00821	0.00849	0.01150	0.01878	0.15755	0.02129	0.53627	0.16679	0.00544	0.00669	0.00876	0.00352	0.00378
17	0.71103	0.00974	0.00790	0.00712	0.01015	0.01108	0.00578	0.01510	0.01027	0.02404	0.13129	0.01402	0.01328	0.00605	0.00387	0.00169	0.00395	0.00407	0.00380	0.00578
18	0.00671	0.00504	0.00622	0.00696	0.00779	0.00455	0.00483	0.00795	0.01152	0.01502	0.11986	0.52115	0.23147	0.01555	0.00676	0.00206	0.00299	0.01382	0.00517	0.00455
19	0.00829	0.00525	0.00581	0.00581	0.00601	0.00525	0.00339	0.00870	0.00850	0.01215	0.01728	0.03319	0.01887	0.67853	0.02387	0.00464	0.00484	0.00747	0.13857	0.00359
20	0.02347	0.00906	0.01234	0.00953	0.01358	0.00784	0.00784	0.02561	0.01559	0.73355	0.06576	0.01986	0.01573	0.00701	0.00554	0.00169	0.00452	0.00574	0.00670	0.00903
21	0.01356	0.01171	0.01233	0.01109	0.01418	0.01356	0.00863	0.02897	0.76455	0.02281	0.02219	0.02034	0.01664	0.00740	0.00555	0.00185	0.00431	0.00616	0.00555	0.00863
22	0.02045	0.01525	0.01691	0.01290	0.01731	0.01680	0.03599	0.73078	0.02519	0.03378	0.01302	0.01314	0.00924	0.00648	0.00549	0.00164	0.00611	0.00496	0.00536	0.00921
23	0.01472	0.01229	0.01298	0.01133	0.01462	0.01410	0.00891	0.14673	0.64490	0.02468	0.02072	0.01917	0.01545	0.00726	0.00553	0.00181	0.00459	0.00596	0.00553	0.00873
24	0.05888	0.01054	0.01560	0.01182	0.01615	0.00965	0.12887	0.06418	0.02917	0.49331	0.01815	0.01796	0.01228	0.00638	0.00550	0.00168	0.00540	0.02611	0.00557	0.06281
25	0.01221	0.01217	0.02268	0.04520	0.02202	0.01109	0.41184	0.01572	0.01212	0.03741	0.01186	0.06029	0.00992	0.00539	0.00599	0.00155	0.02942	0.00585	0.00312	0.26415
26	0.01166	0.20485	0.01427	0.00863	0.01150	0.02603	0.02682	0.14592	0.01455	0.01838	0.10803	0.07518	0.25550	0.04746	0.00656	0.00180	0.00452	0.00782	0.00438	0.00612

[dist]
# distance from previous block
# <min> <max>
4	9

[block]
# block no. 3 follows, 44 sequences, length 70
# corresponding to MSA columns:
# 389-407,443-465,471-498
name=unknown_D
#
# <colnr> <probs for GDERKNQSTAVLIFYWHMCP>
#	G	D	E	R	K	N	Q	S	T	A	V	L	I	F	Y	W	H	M	C	P
0	0.04318	0.00979	0.01070	0.00939	0.01220	0.01051	0.00736	0.09850	0.34478	0.09012	0.16306	0.02745	0.13234	0.00879	0.00575	0.00178	0.00397	0.00732	0.00558	0.00743
1	0.35401	0.06266	0.18028	0.09475	0.01876	0.04459	0.09022	0.01634	0.01080	0.01949	0.00882	0.01084	0.00676	0.00502	0.00442	0.00163	0.00622	0.00379	0.00288	0.05774
2	0.77574	0.04429	0.04297	0.00763	0.01126	0.01263	0.00667	0.01609	0.00945	0.02366	0.00769	0.00897	0.00599	0.00505	0.00346	0.00167	0.00445	0.00300	0.00328	0.00604
3	0.07003	0.00935	0.01239	0.00956	0.01373	0.00825	0.00790	0.02598	0.01525	0.73641	0.02074	0.01802	0.01307	0.00665	0.00537	0.00169	0.00462	0.00534	0.00656	0.00909
4	0.00716	0.00561	0.00650	0.00640	0.00790	0.00501	0.00475	0.00932	0.02955	0.01792	0.36253	0.11353	0.37855	0.01281	0.00646	0.00182	0.00275	0.01103	0.00548	0.00491
5	0.01230	0.01187	0.03735	0.01440	0.01769	0.01195	0.21888	0.01494	0.01102	0.05649	0.01133	0.06770	0.01005	0.00695	0.00924	0.00174	0.24759	0.00559	0.00313	0.22977
6	0.81717	0.01071	0.00831	0.00736	0.01077	0.01240	0.00606	0.04268	0.00987	0.02482	0.00779	0.00901	0.00603	0.00511	0.00345	0.00169	0.00428	0.00302	0.00345	0.00603
7	0.00747	0.00554	0.00695	0.00664	0.00800	0.00503	0.00497	0.00979	0.01478	0.02041	0.62698	0.06149	0.17825	0.01176	0.00645	0.00175	0.00262	0.01029	0.00581	0.00503
8	0.01130	0.00969	0.01130	0.00807	0.01292	0.00727	0.00646	0.01373	0.01130	0.01776	0.00969	0.01130	0.00807	0.00404	0.00404	0.00081	0.00404	0.00323	0.00323	0.84173
9	0.01896	0.01337	0.01463	0.01148	0.01531	0.01461	0.00940	0.59913	0.02290	0.07104	0.04714	0.03584	0.01243	0.00827	0.03388	0.00190	0.00583	0.00547	0.04983	0.00858
10	0.00757	0.00572	0.00609	0.00589	0.00774	0.00486	0.00442	0.00906	0.01275	0.05563	0.12366	0.04895	0.63526	0.03949	0.00710	0.00193	0.00293	0.01090	0.00519	0.00486
11	0.01159	0.16874	0.64534	0.01442	0.02187	0.01426	0.01820	0.01710	0.01143	0.01647	0.00939	0.01101	0.00692	0.00509	0.00488	0.00163	0.00766	0.00383	0.00231	0.00787
12	0.01308	0.01241	0.02079	0.05757	0.68109	0.01253	0.01577	0.01673	0.03960	0.01807	0.05088	0.01521	0.01114	0.00530	0.00546	0.00164	0.00622	0.00517	0.00297	0.00836
13	0.00644	0.00552	0.00552	0.00552	0.00736	0.00460	0.00414	0.00782	0.01243	0.01473	0.05523	0.05247	0.77218	0.01381	0.00644	0.00184	0.00276	0.01151	0.00506	0.00460
14	0.01339	0.01161	0.01253	0.05126	0.01537	0.01349	0.00896	0.02820	0.72594	0.02235	0.02155	0.02004	0.01616	0.00730	0.00554	0.00185	0.00447	0.00610	0.00539	0.00850
15	0.00768	0.00525	0.00595	0.00607	0.00625	0.00515	0.00354	0.00789	0.00855	0.01124	0.02162	0.11105	0.08484	0.66529	0.02395	0.00470	0.00487	0.00896	0.00362	0.00352
16	0.01027	0.00961	0.01339	0.01196	0.01229	0.01273	0.00971	0.01164	0.00923	0.01374	0.05953	0.09963	0.04520	0.01532	0.13119	0.00326	0.51606	0.00664	0.00308	0.00553
17	0.00761	0.00502	0.00670	0.00766	0.00823	0.00465	0.00522	0.00871	0.01097	0.05349	0.06911	0.72387	0.03572	0.01623	0.00685	0.00216	0.00321	0.01469	0.00520	0.00471
18	0.00708	0.00510	0.00665	0.00718	0.00791	0.00473	0.00500	0.00863	0.01232	0.01684	0.31088	0.46309	0.06812	0.04093	0.00743	0.00211	0.00300	0.01297	0.00536	0.00467
19	0.01030	0.00969	0.01635	0.79530	0.03755	0.01211	0.01514	0.01393	0.01090	0.01393	0.00969	0.01453	0.00727	0.00545	0.00545	0.00182	0.00727	0.00484	0.00242	0.00606
20	0.00674	0.00481	0.00643	0.00770	0.00805	0.00451	0.00522	0.00775	0.01053	0.01402	0.03000	0.77264	0.03585	0.01699	0.00698	0.00223	0.00324	0.04679	0.00506	0.00445
21	0.03086	0.11654	0.52557	0.01399	0.03748	0.01286	0.01635	0.01847	0.01214	0.13668	0.02314	0.01274	0.00866	0.00545	0.00502	0.00165	0.00706	0.00421	0.00309	0.00805
22	0.01458	0.81168	0.02857	0.00933	0.01399	0.02157	0.00933	0.01632	0.01108	0.01283	0.00758	0.00875	0.00700	0.00466	0.00350	0.00117	0.00583	0.00292	0.00233	0.00700
23	0.84691	0.01054	0.00801	0.00717	0.01054	0.01223	0.00590	0.01603	0.00928	0.02446	0.00759	0.00886	0.00590	0.00506	0.00337	0.00169	0.00422	0.00295	0.00337	0.00590
24	0.01080	0.04584	0.12057	0.00858	0.01136	0.00735	0.00782	0.01354	0.01388	0.12792	0.39322	0.06058	0.08379	0.04931	0.00708	0.00191	0.00402	0.02118	0.00516	0.00609
25	0.00731	0.00601	0.00696	0.01995	0.03368	0.00540	0.00516	0.00952	0.03286	0.01719	0.26910	0.04616	0.49639	0.01240	0.00637	0.00180	0.00294	0.01054	0.00524	0.00503
26	0.00756	0.00562	0.00717	0.00808	0.00880	0.00554	0.00568	0.01021	0.08964	0.01542	0.06832	0.63342	0.03453	0.01562	0.00682	0.00217	0.00337	0.06191	0.00516	0.00494
27	0.03281	0.75190	0.02728	0.00930	0.01392	0.02065	0.00919	0.01686	0.01128	0.05384	0.00832	0.00927	0.00732	0.00478	0.00360	0.00120	0.00573	0.00305	0.00259	0.00709
28	0.01128	0.06366	0.53205	0.11117	0.08479	0.01297	0.05710	0.01663	0.01165	0.01679	0.02664	0.01271	0.00815	0.00526	0.00524	0.00171	0.00766	0.00439	0.00246	0.00771
29	0.01249	0.01166	0.01931	0.36323	0.41402	0.01280	0.01570	0.05491	0.01246	0.01701	0.01016	0.01392	0.00808	0.00520	0.00542	0.00171	0.00679	0.00485	0.00273	0.00755
30	0.01151	0.00703	0.00876	0.00771	0.00980	0.00664	0.00598	0.05749	0.04818	0.15077	0.49146	0.03513	0.10351	0.01012	0.00613	0.00171	0.00322	0.00873	0.01991	0.00619
31	0.00787	0.00529	0.00610	0.00615	0.00621	0.00533	0.00355	0.00801	0.00806	0.01080	0.01751	0.06293	0.02009	0.74030	0.06587	0.00535	0.00569	0.00810	0.00335	0.00342
32	0.01119	0.00998	0.01429	0.14266	0.01707	0.03190	0.07158	0.02433	0.01070	0.01595	0.04462	0.06444	0.01248	0.00813	0.01008	0.00192	0.31045	0.00584	0.18657	0.00583
33	0.01829	0.14765	0.01769	0.01334	0.01605	0.55970	0.01054	0.01972	0.01378	0.01323	0.00812	0.00995	0.00704	0.00601	0.00649	0.00150	0.11827	0.00359	0.00268	0.00638
34	0.01458	0.81168	0.02857	0.00933	0.01399	0.02157	0.00933	0.01632	0.01108	0.01283	0.00758	0.00875	0.00700	0.00466	0.00350	0.00117	0.00583	0.00292	0.00233	0.00700
35	0.00797	0.00539	0.00648	0.00648	0.00672	0.00558	0.00402	0.00845	0.00821	0.01131	0.01668	0.03232	0.01839	0.62839	0.17870	0.00585	0.00706	0.00742	0.03090	0.00367
36	0.00713	0.00555	0.00647	0.00624	0.00778	0.00489	0.00468	0.00915	0.01404	0.01857	0.44055	0.04615	0.38446	0.01238	0.00644	0.00177	0.00266	0.01062	0.00557	0.00489
37	0.01857	0.02299	0.01572	0.01410	0.01631	0.62276	0.01083	0.01993	0.01394	0.01330	0.00816	0.01028	0.00705	0.00645	0.00768	0.00161	0.17758	0.00378	0.00272	0.00624
38	0.00682	0.00490	0.00647	0.00752	0.00797	0.00454	0.00505	0.00787	0.01067	0.01435	0.07042	0.72864	0.03598	0.03568	0.00738	0.00223	0.00320	0.01477	0.00504	0.02051
39	0.06509	0.01041	0.01246	0.00997	0.01386	0.02847	0.00810	0.06310	0.14779	0.51826	0.03655	0.01823	0.01402	0.00678	0.00536	0.00169	0.00470	0.00545	0.00612	0.02356
40	0.01216	0.01177	0.01652	0.01405	0.01450	0.01597	0.02966	0.05417	0.00945	0.01437	0.00808	0.01270	0.00774	0.01136	0.06861	0.00276	0.68253	0.00489	0.00260	0.00611
41	0.01992	0.02110	0.01519	0.01303	0.01629	0.47564	0.01010	0.27662	0.01877	0.02104	0.01057	0.01155	0.00819	0.00598	0.00504	0.00148	0.00810	0.00408	0.05004	0.00728
42	0.01037	0.00758	0.01019	0.00975	0.01188	0.00736	0.04736	0.07114	0.02906	0.05818	0.07092	0.04792	0.18591	0.01251	0.00679	0.00213	0.00465	0.37701	0.00506	0.02423
43	0.84691	0.01054	0.00801	0.00717	0.01054	0.01223	0.00590	0.01603	0.00928	0.02446	0.00759	0.00886	0.00590	0.00506	0.00337	0.00169	0.00422	0.00295	0.00337	0.00590
44	0.01263	0.00666	0.00886	0.00769	0.00984	0.00599	0.00599	0.01506	0.01548	0.24364	0.55159	0.03422	0.04031	0.00986	0.00615	0.00171	0.00318	0.00858	0.00622	0.00636
45	0.00791	0.00535	0.00630	0.00630	0.00642	0.00548	0.00374	0.00815	0.00803	0.01083	0.01686	0.03390	0.01905	0.71279	0.12231	0.00572	0.00645	0.00767	0.00326	0.00350
46	0.00683	0.00493	0.00651	0.00770	0.00819	0.00461	0.00535	0.00795	0.01074	0.01418	0.03133	0.69444	0.07641	0.01671	0.00698	0.00222	0.00331	0.08204	0.00506	0.00449
47	0.00801	0.00617	0.00918	0.00906	0.00998	0.00734	0.00709	0.00992	0.00874	0.01268	0.01421	0.02091	0.01328	0.03922	0.74584	0.00842	0.05636	0.00578	0.00289	0.00493
48	0.01376	0.63596	0.19713	0.01072	0.01615	0.01957	0.01175	0.01654	0.01117	0.01382	0.00807	0.00937	0.00698	0.00478	0.00388	0.00129	0.00633	0.00316	0.00233	0.00723
49	0.01458	0.81168	0.02857	0.00933	0.01399	0.02157	0.00933	0.01632	0.01108	0.01283	0.00758	0.00875	0.00700	0.00466	0.00350	0.00117	0.00583	0.00292	0.00233	0.00700
50	0.00664	0.00474	0.00633	0.00759	0.00791	0.00443	0.00506	0.00759	0.01044	0.01392	0.03005	0.80485	0.03606	0.01708	0.00696	0.00221	0.00316	0.01550	0.00506	0.00443
51	0.00672	0.00486	0.00638	0.00752	0.00797	0.00451	0.00511	0.00779	0.01077	0.01429	0.05635	0.71814	0.07724	0.01665	0.00693	0.00218	0.00317	0.03386	0.00509	0.00448
52	0.02153	0.00928	0.01179	0.00924	0.01297	0.00858	0.00757	0.11237	0.01609	0.55711	0.01985	0.01820	0.01307	0.00665	0.00519	0.00161	0.00444	0.00534	0.15056	0.00855
53	0.00659	0.00553	0.00573	0.00568	0.00745	0.00467	0.00426	0.00811	0.01278	0.01556	0.13887	0.05110	0.68802	0.01350	0.00644	0.00183	0.00274	0.01131	0.00517	0.00467
54	0.00750	0.00539	0.00716	0.00746	0.00844	0.00505	0.00554	0.00956	0.01352	0.01871	0.45143	0.28386	0.04426	0.01347	0.00672	0.00196	0.00304	0.09641	0.00559	0.00490
55	0.02072	0.01527	0.01636	0.01254	0.01691	0.01691	0.01036	0.75622	0.02563	0.03436	0.01309	0.01309	0.00927	0.00654	0.00545	0.00164	0.00600	0.00491	0.00545	0.00927
56	0.00679	0.00497	0.00637	0.00721	0.00787	0.00456	0.00496	0.00805	0.01148	0.01527	0.14993	0.58786	0.13316	0.01573	0.00681	0.00209	0.00302	0.01410	0.00521	0.00456
57	0.01015	0.00950	0.01581	0.72324	0.03506	0.01185	0.01447	0.01355	0.01078	0.01390	0.01073	0.05823	0.00886	0.00624	0.00599	0.00186	0.03582	0.00543	0.00257	0.00596
58	0.00828	0.00646	0.00841	0.00836	0.00920	0.03486	0.00621	0.00979	0.00883	0.01224	0.01492	0.02400	0.01469	0.20125	0.59849	0.00776	0.01247	0.00620	0.00300	0.00459
59	0.01287	0.01471	0.03217	0.02298	0.02849	0.01379	0.75460	0.01746	0.01287	0.01746	0.01103	0.01471	0.00827	0.00460	0.00643	0.00184	0.00919	0.00643	0.00276	0.00735
60	0.01194	0.01013	0.01251	0.16577	0.06459	0.01160	0.00972	0.02141	0.40680	0.01963	0.02041	0.02219	0.05579	0.00746	0.00565	0.00180	0.01623	0.03768	0.09135	0.00734
61	0.00663	0.00550	0.00580	0.00579	0.00749	0.00467	0.00432	0.00816	0.01278	0.01571	0.15565	0.07789	0.64372	0.01355	0.00646	0.00184	0.00275	0.01142	0.00520	0.00467
62	0.01177	0.01171	0.01663	0.01423	0.01437	0.01622	0.02510	0.01305	0.00845	0.01318	0.00755	0.01239	0.00746	0.01081	0.05100	0.00265	0.75023	0.00485	0.00242	0.00594
63	0.00657	0.00545	0.00575	0.00585	0.00749	0.00463	0.00432	0.00801	0.01248	0.01525	0.11334	0.12844	0.63581	0.01392	0.00649	0.00187	0.00279	0.01177	0.00514	0.00463
64	0.00671	0.00479	0.00629	0.00746	0.00779	0.00448	0.00494	0.00761	0.01034	0.01375	0.02986	0.74661	0.05044	0.06085	0.00810	0.00238	0.00327	0.01500	0.00496	0.00437
65	0.01287	0.01471	0.03217	0.02298	0.02849	0.01379	0.75460	0.01746	0.01287	0.01746	0.01103	0.01471	0.00827	0.00460	0.00643	0.00184	0.00919	0.00643	0.00276	0.00735
66	0.00654	0.00553	0.00566	0.00562	0.00742	0.00464	0.00422	0.00801	0.01265	0.01527	0.10933	0.05158	0.71774	0.01361	0.00644	0.00183	0.00275	0.01138	0.00513	0.00464
67	0.01030	0.00969	0.01635	0.79530	0.03755	0.01211	0.01514	0.01393	0.01090	0.01393	0.00969	0.01453	0.00727	0.00545	0.00545	0.00182	0.00727	0.00484	0.00242	0.00606
68	0.01442	0.65222	0.14751	0.01033	0.01552	0.01957	0.01099	0.01692	0.01134	0.04669	0.00853	0.00961	0.00726	0.00484	0.00385	0.00128	0.00613	0.00320	0.00252	0.00726
69	0.10846	0.01465	0.01540	0.01192	0.01617	0.01623	0.00984	0.66294	0.02369	0.04833	0.01268	0.01275	0.00900	0.00639	0.00523	0.00164	0.00578	0.00471	0.00526	0.00891

[dist]
# distance from previous block
# <min> <max>
0	1

[block]
# block no. 4 follows, 44 sequences, length 27
# corresponding to MSA columns:
# 500-526
name=unknown_E
#
# <colnr> <probs for GDERKNQSTAVLIFYWHMCP>
#	G	D	E	R	K	N	Q	S	T	A	V	L	I	F	Y	W	H	M	C	P
0	0.84691	0.01054	0.00801	0.00717	0.01054	0.01223	0.00590	0.01603	0.00928	0.02446	0.00759	0.00886	0.00590	0.00506	0.00337	0.00169	0.00422	0.00295	0.00337	0.00590
1	0.01649	0.07680	0.01579	0.08666	0.01749	0.42439	0.01052	0.03651	0.08823	0.01480	0.01112	0.05980	0.00983	0.00689	0.00661	0.00164	0.10202	0.00477	0.00316	0.00649
2	0.00691	0.00489	0.00621	0.00715	0.00746	0.00462	0.00464	0.00767	0.00999	0.01323	0.02837	0.60758	0.06422	0.18661	0.01139	0.00286	0.00360	0.01370	0.00468	0.00419
3	0.00765	0.00552	0.00723	0.00690	0.00813	0.00510	0.00514	0.01012	0.01513	0.02138	0.72653	0.08708	0.05051	0.01151	0.00646	0.00174	0.00261	0.01020	0.00594	0.00510
4	0.01365	0.62790	0.16188	0.01054	0.01558	0.01941	0.01124	0.01621	0.01102	0.01362	0.00818	0.00971	0.00719	0.00599	0.02826	0.00153	0.02540	0.00325	0.00235	0.00710
5	0.00890	0.00585	0.00756	0.00697	0.00853	0.00532	0.00528	0.01134	0.01520	0.07945	0.65626	0.03996	0.10646	0.01102	0.00636	0.00172	0.00275	0.00966	0.00598	0.00542
6	0.01042	0.00992	0.01709	0.75915	0.03712	0.01219	0.04975	0.01409	0.01099	0.01409	0.00975	0.01454	0.00731	0.00541	0.00550	0.00182	0.00736	0.00492	0.00244	0.00612
7	0.01979	0.01160	0.01389	0.10680	0.04598	0.06815	0.00969	0.08085	0.14909	0.40813	0.01815	0.01713	0.01231	0.00653	0.00544	0.00170	0.00546	0.00531	0.00546	0.00853
8	0.00652	0.00553	0.00563	0.00560	0.00741	0.00463	0.00420	0.00797	0.01261	0.01515	0.09784	0.05177	0.72931	0.01365	0.00644	0.00183	0.00275	0.01141	0.00512	0.00463
9	0.84691	0.01054	0.00801	0.00717	0.01054	0.01223	0.00590	0.01603	0.00928	0.02446	0.00759	0.00886	0.00590	0.00506	0.00337	0.00169	0.00422	0.00295	0.00337	0.00590
10	0.01573	0.07822	0.21196	0.01139	0.01631	0.01119	0.02557	0.06857	0.07630	0.23994	0.01607	0.01625	0.03402	0.00876	0.06524	0.00213	0.00642	0.00494	0.00431	0.08667
11	0.00829	0.00597	0.00726	0.00703	0.00713	0.00652	0.00449	0.00861	0.00806	0.01103	0.01596	0.03194	0.01798	0.65237	0.10667	0.00538	0.08103	0.00741	0.00318	0.00372
12	0.01016	0.00508	0.00508	0.00508	0.00635	0.00508	0.00381	0.01270	0.01143	0.02033	0.01778	0.02033	0.01397	0.00635	0.00381	0.00127	0.00254	0.00508	0.83867	0.00508
13	0.01066	0.01044	0.01869	0.63279	0.03483	0.01231	0.13492	0.01433	0.01115	0.01448	0.01034	0.03352	0.00812	0.00569	0.00594	0.00184	0.02585	0.00536	0.00254	0.00623
14	0.01110	0.06444	0.74539	0.01525	0.02315	0.01307	0.01964	0.01722	0.01149	0.01706	0.00968	0.01138	0.00691	0.00516	0.00510	0.00170	0.00795	0.00398	0.00230	0.00801
15	0.01458	0.81168	0.02857	0.00933	0.01399	0.02157	0.00933	0.01632	0.01108	0.01283	0.00758	0.00875	0.00700	0.00466	0.00350	0.00117	0.00583	0.00292	0.00233	0.00700
16	0.01458	0.81168	0.02857	0.00933	0.01399	0.02157	0.00933	0.01632	0.01108	0.01283	0.00758	0.00875	0.00700	0.00466	0.00350	0.00117	0.00583	0.00292	0.00233	0.00700
17	0.01168	0.02656	0.70232	0.01568	0.02342	0.01251	0.06072	0.01771	0.01178	0.05289	0.01040	0.01202	0.00729	0.00522	0.00526	0.00173	0.00796	0.00423	0.00254	0.00807
18	0.00664	0.00474	0.00633	0.00759	0.00791	0.00443	0.00506	0.00759	0.01044	0.01392	0.03005	0.80485	0.03606	0.01708	0.00696	0.00221	0.00316	0.01550	0.00506	0.00443
19	0.00775	0.00526	0.00619	0.00630	0.00649	0.00521	0.00378	0.00816	0.00896	0.01209	0.08976	0.12821	0.02459	0.61837	0.04282	0.00467	0.00501	0.00897	0.00376	0.00365
20	0.00672	0.00487	0.00635	0.00739	0.00789	0.00450	0.00500	0.00783	0.01098	0.01463	0.09268	0.69059	0.08769	0.01637	0.00688	0.00215	0.00309	0.01476	0.00514	0.00450
21	0.01800	0.02099	0.01697	0.01452	0.01729	0.49394	0.08066	0.09773	0.01504	0.01590	0.00929	0.01146	0.00771	0.00779	0.04348	0.00194	0.11344	0.00421	0.00303	0.00662
22	0.01966	0.01428	0.01549	0.01203	0.01598	0.01576	0.00983	0.68561	0.02389	0.03201	0.01275	0.01342	0.00929	0.00771	0.00695	0.08079	0.00588	0.00489	0.00516	0.00862
23	0.01566	0.01535	0.01813	0.01471	0.01727	0.15391	0.12502	0.21701	0.01515	0.01965	0.01098	0.06040	0.00963	0.00772	0.00975	0.00191	0.27170	0.00549	0.00352	0.00705
24	0.09189	0.01106	0.01281	0.01026	0.01402	0.01137	0.00835	0.23915	0.10182	0.33760	0.05669	0.03502	0.01441	0.00775	0.02101	0.00184	0.00503	0.00563	0.00579	0.00850
25	0.01303	0.08983	0.03183	0.02169	0.02713	0.01452	0.68435	0.01736	0.01270	0.01703	0.01070	0.01414	0.00815	0.00460	0.00616	0.00177	0.00887	0.00610	0.00272	0.00732
26	0.06138	0.02905	0.05731	0.03767	0.01287	0.02629	0.00787	0.09341	0.03876	0.20180	0.13374	0.04625	0.01866	0.02763	0.05318	0.00214	0.00512	0.00611	0.13387	0.00690

[dist]
# distance from previous block
# <min> <max>
0	1048

[block]
# block no. 5 follows, 44 sequences, length 27
# corresponding to MSA columns:
# 1623-1635,1638-1651
name=unknown_F
#
# <colnr> <probs for GDERKNQSTAVLIFYWHMCP>
#	G	D	E	R	K	N	Q	S	T	A	V	L	I	F	Y	W	H	M	C	P
0	0.06929	0.03431	0.11495	0.01270	0.01687	0.11558	0.09305	0.08999	0.12546	0.14087	0.02833	0.01632	0.02591	0.00744	0.03017	0.00190	0.02170	0.01550	0.00419	0.03545
1	0.08682	0.02330	0.04701	0.03929	0.01815	0.01175	0.19784	0.11472	0.09554	0.07181	0.01409	0.03776	0.01145	0.02551	0.03855	0.00204	0.00646	0.03402	0.00394	0.11995
2	0.28719	0.05603	0.19521	0.04161	0.01647	0.07120	0.06096	0.04287	0.02244	0.03953	0.03863	0.01293	0.00937	0.00556	0.00453	0.00163	0.00596	0.00418	0.07694	0.00675
3	0.15753	0.03799	0.01376	0.01136	0.01476	0.27529	0.00897	0.19339	0.09687	0.03645	0.03661	0.01301	0.01017	0.00665	0.01849	0.00166	0.00672	0.00429	0.00401	0.05204
4	0.01708	0.01309	0.01593	0.05314	0.01741	0.01391	0.07514	0.46075	0.04939	0.03882	0.02659	0.02824	0.01091	0.01813	0.00568	0.00163	0.00576	0.00525	0.05046	0.09270
5	0.00772	0.00529	0.00600	0.00604	0.00629	0.00517	0.00357	0.00803	0.00886	0.01172	0.06170	0.07763	0.08876	0.65414	0.02364	0.00463	0.00481	0.00874	0.00370	0.00358
6	0.00689	0.00503	0.00670	0.00778	0.00807	0.00492	0.00525	0.00781	0.01026	0.01376	0.02869	0.74538	0.03435	0.04756	0.00817	0.00234	0.03290	0.01480	0.00489	0.00444
7	0.17953	0.01343	0.01386	0.01083	0.01500	0.01455	0.00889	0.47620	0.05905	0.02964	0.01205	0.01241	0.00884	0.00597	0.00487	0.00155	0.00531	0.00437	0.00476	0.11890
8	0.84691	0.01054	0.00801	0.00717	0.01054	0.01223	0.00590	0.01603	0.00928	0.02446	0.00759	0.00886	0.00590	0.00506	0.00337	0.00169	0.00422	0.00295	0.00337	0.00590
9	0.00656	0.00537	0.00580	0.00609	0.00758	0.00461	0.00446	0.00790	0.01207	0.01475	0.06512	0.21418	0.58200	0.01448	0.00658	0.00193	0.00289	0.02794	0.00508	0.00459
