[name]
unknown

[dist]
# distance from previous block
# <min> <max>
0	208

[block]
# block no. 0 follows, 46 sequences, length 9
# corresponding to MSA columns:
# 491-499
name=unknown_A
#
# <colnr> <probs for GDERKNQSTAVLIFYWHMCP>
#	G	D	E	R	K	N	Q	S	T	A	V	L	I	F	Y	W	H	M	C	P
0	0.07030	0.03040	0.09441	0.01453	0.12612	0.05240	0.05376	0.15178	0.10984	0.09463	0.06681	0.01821	0.04251	0.00668	0.00552	0.00167	0.02135	0.02735	0.00419	0.00755
1	0.06023	0.01536	0.14607	0.03055	0.09522	0.11175	0.04645	0.11557	0.09389	0.05785	0.06610	0.01804	0.04950	0.00717	0.01982	0.00176	0.00623	0.02640	0.00384	0.02820
2	0.16077	0.03609	0.16426	0.01374	0.10616	0.14193	0.03418	0.03276	0.05768	0.06709	0.03479	0.04491	0.03471	0.00625	0.00509	0.00162	0.02183	0.00487	0.02440	0.00688
3	0.12803	0.06862	0.09873	0.06271	0.08801	0.07439	0.03073	0.11825	0.04708	0.09165	0.01305	0.01528	0.03295	0.00610	0.00526	0.00160	0.03076	0.03309	0.00366	0.05005
4	0.07559	0.14658	0.09851	0.10776	0.15429	0.12722	0.01179	0.03695	0.01228	0.08252	0.02962	0.01235	0.00878	0.00537	0.00506	0.00150	0.03159	0.00409	0.00306	0.04509
5	0.08377	0.14073	0.11626	0.03897	0.11349	0.09261	0.01140	0.22167	0.01536	0.06285	0.01040	0.01149	0.00790	0.00534	0.00467	0.00148	0.00622	0.00400	0.00354	0.04785
6	0.18701	0.06212	0.37901	0.04247	0.08151	0.04415	0.01417	0.06923	0.01201	0.04862	0.00958	0.01106	0.00706	0.00512	0.00462	0.00161	0.00657	0.00382	0.00289	0.00736
7	0.00722	0.00555	0.00666	0.00676	0.00806	0.00515	0.00501	0.00965	0.05151	0.01721	0.31980	0.20726	0.26988	0.01283	0.00636	0.00185	0.00287	0.04626	0.00528	0.00484
8	0.00769	0.00513	0.00577	0.00577	0.00577	0.00513	0.00320	0.00769	0.00769	0.01025	0.01666	0.03460	0.01922	0.81421	0.02691	0.00513	0.00513	0.00769	0.00320	0.00320

[dist]
# distance from previous block
# <min> <max>
0	2

[block]
# block no. 1 follows, 46 sequences, length 66
# corresponding to MSA columns:
# 502-545,564-575,579-588
name=unknown_B
#
# <colnr> <probs for GDERKNQSTAVLIFYWHMCP>
#	G	D	E	R	K	N	Q	S	T	A	V	L	I	F	Y	W	H	M	C	P
0	0.06052	0.01190	0.08994	0.01034	0.01478	0.00991	0.00924	0.15278	0.01614	0.54187	0.01767	0.01595	0.01139	0.00628	0.00519	0.00163	0.00504	0.00496	0.00574	0.00872
1	0.04022	0.03178	0.04521	0.01129	0.01567	0.01418	0.00962	0.52942	0.02097	0.12653	0.01303	0.01294	0.00918	0.00600	0.00505	0.00151	0.00549	0.00454	0.00500	0.09236
2	0.12109	0.00696	0.00728	0.03409	0.00931	0.00727	0.00526	0.06701	0.02356	0.09733	0.01580	0.01741	0.01198	0.00603	0.00399	0.00138	0.00330	0.00469	0.55044	0.00581
3	0.01804	0.03290	0.05185	0.07746	0.01805	0.01562	0.01070	0.58169	0.09159	0.02939	0.01296	0.01329	0.00933	0.00623	0.00524	0.00161	0.00586	0.00478	0.00484	0.00857
4	0.00769	0.00513	0.00577	0.00577	0.00577	0.00513	0.00320	0.00769	0.00769	0.01025	0.01666	0.03460	0.01922	0.81421	0.02691	0.00513	0.00513	0.00769	0.00320	0.00320
5	0.05660	0.03332	0.15341	0.01190	0.01625	0.01322	0.02172	0.29416	0.05159	0.19325	0.01374	0.02723	0.00987	0.00647	0.00615	0.00169	0.07186	0.00484	0.00457	0.00818
6	0.01618	0.28053	0.15777	0.01163	0.01653	0.03033	0.01136	0.34454	0.04507	0.02273	0.01061	0.01124	0.00808	0.00553	0.00461	0.00146	0.00612	0.00399	0.00371	0.00798
7	0.00678	0.00463	0.00601	0.00712	0.00752	0.00436	0.00479	0.00786	0.01022	0.01412	0.02795	0.73185	0.03283	0.01552	0.00644	0.00206	0.00301	0.01402	0.08856	0.00436
8	0.85155	0.01022	0.00777	0.00695	0.01022	0.01186	0.00573	0.01554	0.00900	0.02372	0.00736	0.00859	0.00573	0.00491	0.00327	0.00164	0.00409	0.00286	0.00327	0.00573
9	0.00644	0.00460	0.00613	0.00736	0.00767	0.00429	0.00491	0.00736	0.01012	0.01350	0.02914	0.81076	0.03497	0.01656	0.00675	0.00215	0.00307	0.01503	0.00491	0.00429
10	0.01360	0.15190	0.05362	0.01218	0.01453	0.03487	0.02410	0.05552	0.01073	0.07844	0.00894	0.01154	0.00763	0.00714	0.01085	0.00180	0.40514	0.00419	0.00291	0.09039
11	0.01346	0.01304	0.11983	0.00999	0.01484	0.01009	0.00908	0.15146	0.08730	0.06209	0.01180	0.01253	0.00897	0.00497	0.00453	0.00120	0.00486	0.00393	0.00380	0.45224
12	0.01489	0.01238	0.01354	0.07881	0.08729	0.09039	0.00962	0.06290	0.37896	0.10707	0.01679	0.01686	0.01260	0.02218	0.00563	0.00171	0.00528	0.00523	0.00457	0.05330
13	0.00674	0.00484	0.00644	0.00748	0.00800	0.00454	0.00525	0.00797	0.01082	0.01447	0.09955	0.64576	0.05361	0.01575	0.00674	0.00212	0.00318	0.08730	0.00499	0.00442
14	0.01294	0.00688	0.00765	0.00670	0.00874	0.00688	0.00525	0.11539	0.01390	0.12893	0.09306	0.02049	0.01649	0.00670	0.00439	0.00138	0.00320	0.00542	0.52953	0.00605
15	0.01589	0.31698	0.09116	0.01433	0.09326	0.08188	0.12098	0.01858	0.01242	0.17045	0.01110	0.01204	0.00839	0.00507	0.00465	0.00144	0.00649	0.00417	0.00326	0.00748
16	0.01176	0.01294	0.04095	0.01742	0.02010	0.01438	0.35281	0.01454	0.01031	0.01479	0.01042	0.01423	0.03582	0.00712	0.01159	0.00204	0.39422	0.00558	0.00257	0.00640
17	0.00641	0.00470	0.00603	0.00709	0.00760	0.00432	0.00479	0.00739	0.01039	0.01360	0.03248	0.70671	0.13685	0.01613	0.00668	0.00210	0.00301	0.01450	0.00491	0.00432
18	0.01119	0.01302	0.10148	0.19319	0.14617	0.01234	0.21373	0.01474	0.01146	0.01602	0.08620	0.01583	0.01174	0.00607	0.00735	0.00180	0.12266	0.00550	0.00281	0.00671
19	0.09654	0.26410	0.47905	0.01243	0.01879	0.01484	0.01497	0.01635	0.01082	0.01615	0.00863	0.01009	0.00663	0.00486	0.00435	0.00151	0.00679	0.00348	0.00235	0.00729
20	0.09118	0.01218	0.01637	0.38602	0.23541	0.10373	0.01342	0.01591	0.01156	0.05152	0.00975	0.01295	0.00754	0.00517	0.00502	0.00164	0.00673	0.00441	0.00275	0.00672
21	0.00768	0.00549	0.00753	0.00858	0.00948	0.00534	0.00688	0.00958	0.01172	0.01553	0.10325	0.32485	0.03398	0.01492	0.00700	0.00225	0.00399	0.41229	0.00498	0.00468
22	0.78139	0.01061	0.00845	0.00739	0.01074	0.01224	0.00609	0.07867	0.01034	0.02453	0.00781	0.00893	0.00600	0.00503	0.00344	0.00163	0.00424	0.00302	0.00344	0.00600
23	0.00768	0.00515	0.00589	0.00589	0.00594	0.00519	0.00336	0.00777	0.00773	0.01034	0.01654	0.03395	0.01894	0.77814	0.06259	0.00528	0.00555	0.00759	0.00319	0.00327
24	0.01321	0.03052	0.35995	0.01725	0.07355	0.01250	0.22507	0.05081	0.05374	0.09441	0.01175	0.01333	0.00843	0.00516	0.00542	0.00169	0.00737	0.00489	0.00312	0.00784
25	0.08736	0.00937	0.01141	0.00913	0.01257	0.00907	0.00740	0.13013	0.04764	0.43638	0.14638	0.02048	0.01834	0.02300	0.00573	0.00171	0.00432	0.00582	0.00586	0.00791
26	0.01096	0.00940	0.01096	0.00783	0.01253	0.00705	0.00626	0.01331	0.01096	0.01723	0.00940	0.01096	0.00783	0.00392	0.00392	0.00078	0.00392	0.00313	0.00313	0.84653
27	0.01315	0.01136	0.01195	0.01076	0.01375	0.01315	0.00837	0.02809	0.77168	0.02211	0.02152	0.01972	0.01614	0.00717	0.00538	0.00179	0.00418	0.00598	0.00538	0.00837
28	0.01050	0.00825	0.01275	0.14077	0.02718	0.00909	0.07857	0.01291	0.03590	0.09135	0.05471	0.30935	0.03410	0.01059	0.00795	0.00198	0.13517	0.00908	0.00404	0.00576
29	0.00707	0.00539	0.00650	0.00622	0.00765	0.00481	0.00467	0.00919	0.01400	0.01891	0.53844	0.04326	0.29131	0.01166	0.00624	0.00170	0.00255	0.01009	0.00552	0.00481
30	0.01248	0.01426	0.03119	0.02228	0.02763	0.01337	0.76203	0.01693	0.01248	0.01693	0.01070	0.01426	0.00802	0.00446	0.00624	0.00178	0.00891	0.00624	0.00267	0.00713
31	0.02156	0.00966	0.01382	0.04387	0.12540	0.00882	0.00931	0.04080	0.01473	0.62651	0.01864	0.01701	0.01207	0.00622	0.00530	0.00163	0.00489	0.00519	0.00578	0.00878
32	0.01332	0.01409	0.06976	0.12932	0.02681	0.01305	0.50628	0.08440	0.01340	0.05949	0.01117	0.01412	0.00817	0.00489	0.00590	0.00175	0.00807	0.00571	0.00305	0.00726
33	0.02217	0.00969	0.01248	0.00977	0.01373	0.00903	0.00800	0.07806	0.10814	0.63883	0.02036	0.01783	0.01317	0.00661	0.00532	0.00165	0.00455	0.00536	0.00631	0.00892
34	0.00629	0.00536	0.00542	0.00540	0.00717	0.00448	0.00405	0.00767	0.01216	0.01454	0.08022	0.05046	0.75227	0.01329	0.00625	0.00178	0.00267	0.01110	0.00494	0.00448
35	0.01096	0.00940	0.01096	0.00783	0.01253	0.00705	0.00626	0.01331	0.01096	0.01723	0.00940	0.01096	0.00783	0.00392	0.00392	0.00078	0.00392	0.00313	0.00313	0.84653
36	0.00907	0.00620	0.00831	0.08620	0.01124	0.00603	0.00616	0.01174	0.03316	0.08099	0.52635	0.07137	0.08327	0.02863	0.00654	0.00178	0.00325	0.00895	0.00536	0.00538
37	0.00916	0.00592	0.00713	0.00692	0.00874	0.00525	0.00544	0.01097	0.01297	0.11776	0.18839	0.08117	0.38269	0.01231	0.00631	0.00186	0.00324	0.12327	0.00530	0.00522
38	0.00666	0.00483	0.00633	0.00736	0.00791	0.00450	0.00514	0.00783	0.01073	0.01420	0.07505	0.64416	0.09316	0.01582	0.00672	0.00211	0.00315	0.07498	0.00496	0.00440
39	0.02021	0.01384	0.01517	0.01172	0.01586	0.01506	0.00965	0.62497	0.06397	0.13337	0.01426	0.01378	0.00993	0.00642	0.00530	0.00160	0.00555	0.00490	0.00546	0.00896
40	0.82927	0.01020	0.00798	0.02799	0.01092	0.01186	0.00596	0.01549	0.00904	0.02345	0.00741	0.00873	0.00576	0.00492	0.00332	0.00164	0.00417	0.00291	0.00325	0.00573
41	0.01039	0.01008	0.01785	0.68243	0.06278	0.01196	0.10181	0.01401	0.01085	0.01404	0.00957	0.01408	0.00721	0.00517	0.00539	0.00176	0.00724	0.00488	0.00240	0.00611
42	0.01249	0.30062	0.02032	0.01215	0.01377	0.01789	0.01066	0.01384	0.00905	0.01262	0.00709	0.01046	0.00688	0.00756	0.01234	0.00189	0.51798	0.00398	0.00229	0.00614
43	0.00936	0.00580	0.00770	0.00729	0.00878	0.00534	0.00559	0.01165	0.01428	0.10927	0.55566	0.11381	0.04254	0.01118	0.00626	0.00177	0.00298	0.06962	0.00574	0.00538
44	0.00644	0.00460	0.00613	0.00736	0.00767	0.00429	0.00491	0.00736	0.01012	0.01350	0.02914	0.81076	0.03497	0.01656	0.00675	0.00215	0.00307	0.01503	0.00491	0.00429
45	0.00748	0.00540	0.00707	0.00665	0.00790	0.00499	0.00499	0.00998	0.01496	0.02120	0.77844	0.03949	0.04988	0.01081	0.00624	0.00166	0.00249	0.00956	0.00582	0.00499
46	0.01764	0.02123	0.01619	0.09539	0.14886	0.56459	0.01168	0.03606	0.01426	0.01419	0.00870	0.01066	0.00715	0.00533	0.00491	0.00144	0.00865	0.00379	0.00273	0.00655
47	0.02356	0.00925	0.01243	0.00953	0.01362	0.00815	0.00787	0.05792	0.01555	0.75214	0.02050	0.01776	0.01291	0.00653	0.00532	0.00163	0.00456	0.00529	0.00649	0.00900
48	0.08888	0.05521	0.11409	0.04691	0.01541	0.00953	0.00946	0.02213	0.01358	0.51681	0.03048	0.01589	0.01159	0.00607	0.00500	0.00161	0.00503	0.00481	0.00521	0.02229
49	0.01315	0.01136	0.01195	0.01076	0.01375	0.01315	0.00837	0.02809	0.77168	0.02211	0.02152	0.01972	0.01614	0.00717	0.00538	0.00179	0.00418	0.00598	0.00538	0.00837
50	0.85155	0.01022	0.00777	0.00695	0.01022	0.01186	0.00573	0.01554	0.00900	0.02372	0.00736	0.00859	0.00573	0.00491	0.00327	0.00164	0.00409	0.00286	0.00327	0.00573
51	0.01486	0.01221	0.01292	0.01110	0.01440	0.01395	0.00878	0.20944	0.58754	0.02488	0.01934	0.01799	0.01438	0.00697	0.00536	0.00174	0.00459	0.00568	0.00536	0.00852
52	0.85155	0.01022	0.00777	0.00695	0.01022	0.01186	0.00573	0.01554	0.00900	0.02372	0.00736	0.00859	0.00573	0.00491	0.00327	0.00164	0.00409	0.00286	0.00327	0.00573
53	0.01308	0.01256	0.02146	0.03245	0.78123	0.01256	0.01622	0.01622	0.01204	0.01727	0.00994	0.01308	0.00837	0.00471	0.00523	0.00157	0.00628	0.00471	0.00262	0.00837
54	0.01315	0.01136	0.01195	0.01076	0.01375	0.01315	0.00837	0.02809	0.77168	0.02211	0.02152	0.01972	0.01614	0.00717	0.00538	0.00179	0.00418	0.00598	0.00538	0.00837
55	0.00729	0.00521	0.00647	0.00681	0.00791	0.00471	0.00494	0.00884	0.01218	0.03943	0.23744	0.34595	0.23374	0.01378	0.00646	0.00192	0.00293	0.04408	0.00520	0.00469
56	0.01928	0.00878	0.01139	0.00906	0.01247	0.00810	0.00735	0.09569	0.03329	0.51231	0.19886	0.02258	0.02143	0.00754	0.00553	0.00164	0.00415	0.00628	0.00622	0.00804
57	0.00755	0.00566	0.00850	0.00850	0.00944	0.00661	0.00661	0.00944	0.00850	0.01227	0.01416	0.02077	0.01322	0.03965	0.79326	0.00850	0.01416	0.00566	0.00283	0.00472
58	0.00642	0.00468	0.00606	0.00716	0.00762	0.00431	0.00482	0.00738	0.01031	0.01357	0.03157	0.73496	0.10919	0.01625	0.00670	0.00211	0.00303	0.01464	0.00491	0.00431
59	0.02310	0.00894	0.01213	0.00936	0.01335	0.00779	0.00771	0.02539	0.02838	0.75131	0.04093	0.01859	0.01411	0.00667	0.00534	0.00164	0.00444	0.00544	0.00650	0.00888
60	0.01096	0.00940	0.01096	0.00783	0.01253	0.00705	0.00626	0.01331	0.01096	0.01723	0.00940	0.01096	0.00783	0.00392	0.00392	0.00078	0.00392	0.00313	0.00313	0.84653
61	0.00645	0.00525	0.00572	0.00583	0.00733	0.00451	0.00429	0.00790	0.01219	0.01517	0.15484	0.15919	0.56596	0.01347	0.00632	0.00182	0.00271	0.01149	0.00504	0.00451
62	0.00695	0.00541	0.00646	0.00627	0.00772	0.00492	0.00472	0.00887	0.01304	0.01727	0.38381	0.04262	0.36652	0.01482	0.08475	0.00240	0.00374	0.00987	0.00512	0.00473
63	0.01350	0.05707	0.01664	0.01342	0.01440	0.10584	0.01112	0.08875	0.01070	0.01479	0.00768	0.01128	0.00712	0.00827	0.01394	0.00207	0.59015	0.00440	0.00265	0.00620
64	0.05121	0.01028	0.01597	0.01477	0.09095	0.01179	0.12332	0.03275	0.01064	0.07895	0.01403	0.18496	0.01389	0.00964	0.02277	0.00212	0.29516	0.00712	0.00344	0.00625
65	0.00642	0.00468	0.00606	0.00716	0.00762	0.00431	0.00482	0.00738	0.01031	0.01357	0.03157	0.73496	0.10919	0.01625	0.00670	0.00211	0.00303	0.01464	0.00491	0.00431

[dist]
# distance from previous block
# <min> <max>
0	2

[block]
# block no. 2 follows, 46 sequences, length 14
# corresponding to MSA columns:
# 591-604
name=unknown_C
#
# <colnr> <probs for GDERKNQSTAVLIFYWHMCP>
#	G	D	E	R	K	N	Q	S	T	A	V	L	I	F	Y	W	H	M	C	P
0	0.06877	0.01317	0.02609	0.01899	0.02364	0.01281	0.57005	0.04329	0.01258	0.05879	0.01288	0.01559	0.04392	0.00533	0.00654	0.00179	0.04960	0.00606	0.00310	0.00701
1	0.22244	0.01056	0.01214	0.02880	0.16833	0.05044	0.00925	0.08809	0.04795	0.04980	0.01717	0.06932	0.05508	0.00811	0.00525	0.00180	0.00506	0.13986	0.00399	0.00655
2	0.01038	0.04926	0.01236	0.20031	0.01704	0.00950	0.03554	0.06154	0.01102	0.04594	0.01543	0.01965	0.06182	0.04125	0.28273	0.00415	0.03514	0.00556	0.07576	0.00564
3	0.01405	0.22258	0.22123	0.04540	0.05767	0.05011	0.05650	0.14559	0.10334	0.01885	0.01094	0.01207	0.00841	0.00536	0.00478	0.00153	0.00652	0.00421	0.00321	0.00765
4	0.01156	0.01066	0.01410	0.05270	0.09845	0.03512	0.06819	0.01419	0.01132	0.01687	0.00952	0.01157	0.00783	0.00417	0.00434	0.00102	0.00492	0.00364	0.00299	0.61685
5	0.01077	0.01020	0.01728	0.60545	0.22628	0.01195	0.01507	0.01420	0.01094	0.01447	0.00954	0.01384	0.00739	0.00514	0.00527	0.00171	0.00685	0.00470	0.00242	0.00651
6	0.00720	0.00566	0.00654	0.00633	0.00786	0.00515	0.00474	0.00977	0.05245	0.01793	0.39430	0.07353	0.36539	0.01197	0.00622	0.00174	0.00268	0.01029	0.00536	0.00491
7	0.01287	0.12913	0.27285	0.01632	0.05634	0.08525	0.21679	0.01850	0.10919	0.01657	0.01096	0.01267	0.00836	0.00510	0.00516	0.00161	0.00744	0.00465	0.00282	0.00743
8	0.00998	0.00940	0.01586	0.80150	0.03641	0.01175	0.01468	0.01351	0.01057	0.01351	0.00940	0.01409	0.00705	0.00529	0.00529	0.00176	0.00705	0.00470	0.00235	0.00587
9	0.01868	0.01383	0.01453	0.01169	0.01532	0.06616	0.00949	0.42276	0.17578	0.13020	0.01501	0.01459	0.01076	0.00664	0.00592	0.00166	0.04836	0.00499	0.00515	0.00850
10	0.01339	0.44625	0.13352	0.01128	0.01507	0.01792	0.01121	0.03477	0.01060	0.03654	0.00809	0.01007	0.00706	0.00595	0.00741	0.00155	0.21647	0.00358	0.00248	0.00679
11	0.85155	0.01022	0.00777	0.00695	0.01022	0.01186	0.00573	0.01554	0.00900	0.02372	0.00736	0.00859	0.00573	0.00491	0.00327	0.00164	0.00409	0.00286	0.00327	0.00573
12	0.01364	0.01125	0.01197	0.01070	0.01374	0.01290	0.00834	0.02798	0.73650	0.05759	0.02149	0.01964	0.01600	0.00714	0.00538	0.00179	0.00420	0.00595	0.00543	0.00840
13	0.00764	0.00543	0.00686	0.05921	0.00859	0.00567	0.00468	0.00829	0.00839	0.01124	0.01822	0.12016	0.03968	0.53574	0.13375	0.00496	0.00626	0.00813	0.00333	0.00376

[dist]
# distance from previous block
# <min> <max>
0	4

[block]
# block no. 3 follows, 46 sequences, length 106
# corresponding to MSA columns:
# 609-643,648-661,674-730
name=unknown_D
#
# <colnr> <probs for GDERKNQSTAVLIFYWHMCP>
#	G	D	E	R	K	N	Q	S	T	A	V	L	I	F	Y	W	H	M	C	P
0	0.09815	0.00911	0.01186	0.00919	0.01320	0.00814	0.00759	0.02484	0.01458	0.71645	0.01964	0.01715	0.01242	0.00640	0.00513	0.00164	0.00446	0.00510	0.00625	0.00870
1	0.00647	0.00467	0.00613	0.00723	0.00765	0.00433	0.00486	0.00747	0.01040	0.01381	0.05702	0.74228	0.07578	0.01619	0.00670	0.00211	0.00303	0.01463	0.00494	0.00433
2	0.00736	0.00540	0.00689	0.00652	0.00782	0.00493	0.00489	0.00973	0.01467	0.02049	0.70458	0.04065	0.12419	0.01107	0.00624	0.00168	0.00251	0.00972	0.00573	0.00493
3	0.00642	0.00470	0.00603	0.00709	0.00760	0.00432	0.00479	0.00739	0.01038	0.01360	0.03240	0.70931	0.13431	0.01614	0.00668	0.00210	0.00302	0.01451	0.00491	0.00432
4	0.00828	0.00558	0.00732	0.00679	0.00817	0.00512	0.00512	0.01075	0.01497	0.05875	0.74120	0.03843	0.04807	0.01060	0.00619	0.00166	0.00259	0.00935	0.00586	0.00519
5	0.01096	0.00940	0.01096	0.00783	0.01253	0.00705	0.00626	0.01331	0.01096	0.01723	0.00940	0.01096	0.00783	0.00392	0.00392	0.00078	0.00392	0.00313	0.00313	0.84653
6	0.01315	0.01136	0.01195	0.01076	0.01375	0.01315	0.00837	0.02809	0.77168	0.02211	0.02152	0.01972	0.01614	0.00717	0.00538	0.00179	0.00418	0.00598	0.00538	0.00837
7	0.01024	0.00975	0.01591	0.67190	0.03270	0.01248	0.01417	0.01338	0.01016	0.01338	0.00899	0.01368	0.00703	0.00594	0.00727	0.00185	0.13827	0.00469	0.00234	0.00586
8	0.01060	0.02735	0.78682	0.01507	0.02288	0.01228	0.01953	0.01674	0.01116	0.01674	0.00949	0.01116	0.00670	0.00502	0.00502	0.00167	0.00781	0.00391	0.00223	0.00781
9	0.00644	0.00460	0.00613	0.00736	0.00767	0.00429	0.00491	0.00736	0.01012	0.01350	0.02914	0.81076	0.03497	0.01656	0.00675	0.00215	0.00307	0.01503	0.00491	0.00429
10	0.00964	0.00497	0.00512	0.00508	0.00632	0.00493	0.00381	0.01211	0.01144	0.01984	0.08569	0.02149	0.01682	0.00658	0.00392	0.00127	0.00247	0.00534	0.76823	0.00493
11	0.00791	0.00590	0.00759	0.00842	0.00943	0.00589	0.00648	0.01095	0.09279	0.01565	0.06936	0.40252	0.05859	0.01447	0.00674	0.00217	0.00375	0.26142	0.00499	0.00497
12	0.01248	0.01426	0.03119	0.02228	0.02763	0.01337	0.76203	0.01693	0.01248	0.01693	0.01070	0.01426	0.00802	0.00446	0.00624	0.00178	0.00891	0.00624	0.00267	0.00713
13	0.00742	0.00540	0.00698	0.00659	0.00786	0.00496	0.00494	0.00986	0.01482	0.02086	0.74281	0.04005	0.08573	0.01093	0.00624	0.00167	0.00250	0.00964	0.00577	0.00496
14	0.00863	0.00838	0.07899	0.00933	0.01086	0.00816	0.00794	0.01139	0.04637	0.01360	0.01403	0.03598	0.01295	0.07121	0.49783	0.00616	0.09039	0.00567	0.05692	0.00521
15	0.22858	0.09271	0.47445	0.01201	0.01794	0.01251	0.01422	0.01584	0.01051	0.01799	0.00981	0.05354	0.00798	0.00557	0.00452	0.00164	0.00640	0.00414	0.00265	0.00699
16	0.00826	0.00688	0.00728	0.00697	0.00881	0.01961	0.00525	0.03884	0.12714	0.01733	0.17800	0.11033	0.42187	0.01187	0.00610	0.00178	0.00314	0.01007	0.00512	0.00532
17	0.01332	0.00634	0.00853	0.00812	0.00993	0.00568	0.00601	0.01472	0.01212	0.31755	0.02562	0.48179	0.02589	0.01240	0.00612	0.00193	0.00362	0.01099	0.02318	0.00616
18	0.01173	0.04208	0.24649	0.08958	0.02615	0.01324	0.43247	0.01639	0.01172	0.01629	0.01000	0.01308	0.00748	0.00486	0.00610	0.00175	0.03566	0.00527	0.00249	0.00716
19	0.02708	0.01250	0.02225	0.09956	0.58269	0.01260	0.13304	0.01608	0.01192	0.01699	0.00997	0.01328	0.00815	0.00473	0.00536	0.00162	0.00673	0.00492	0.00261	0.00791
20	0.00663	0.00474	0.00632	0.00735	0.00780	0.00443	0.00503	0.00778	0.01076	0.01448	0.11805	0.69621	0.03660	0.01582	0.00670	0.00210	0.00305	0.03675	0.00501	0.00439
21	0.08279	0.00539	0.00661	0.00708	0.00798	0.00522	0.00501	0.00901	0.01172	0.01712	0.29019	0.46792	0.03757	0.01349	0.00626	0.00193	0.00296	0.01202	0.00508	0.00467
22	0.01153	0.01152	0.01697	0.08592	0.05413	0.01551	0.03940	0.01312	0.00867	0.01317	0.00744	0.01197	0.00706	0.00850	0.01526	0.00221	0.66462	0.00470	0.00234	0.00597
23	0.01007	0.00924	0.01504	0.70245	0.03321	0.01109	0.01354	0.01345	0.01062	0.01406	0.00967	0.01401	0.00734	0.00519	0.00511	0.00166	0.00661	0.00457	0.03166	0.08143
24	0.00764	0.00513	0.00588	0.00591	0.00596	0.00515	0.00338	0.00774	0.00779	0.01042	0.01695	0.05786	0.01948	0.76159	0.05419	0.00516	0.00539	0.00784	0.00324	0.00329
25	0.01092	0.01081	0.01488	0.01285	0.01306	0.01477	0.01065	0.01210	0.00858	0.01291	0.01260	0.01634	0.10062	0.00975	0.01600	0.00225	0.70725	0.00542	0.00263	0.00562
26	0.00918	0.00459	0.00689	0.00689	0.00689	0.00459	0.00459	0.00689	0.00689	0.00918	0.00918	0.01607	0.00918	0.01837	0.02066	0.84619	0.00459	0.00459	0.00230	0.00230
27	0.00641	0.00517	0.00571	0.00598	0.00734	0.00447	0.00433	0.00774	0.01182	0.01470	0.11251	0.24351	0.52388	0.01397	0.00637	0.00187	0.00276	0.01200	0.00499	0.00447
28	0.00748	0.00540	0.00707	0.00665	0.00790	0.00499	0.00499	0.00998	0.01496	0.02120	0.77844	0.03949	0.04988	0.01081	0.00624	0.00166	0.00249	0.00956	0.00582	0.00499
29	0.01116	0.00957	0.01105	0.00809	0.01264	0.00760	0.00645	0.01464	0.07936	0.01767	0.01049	0.01175	0.00858	0.00421	0.00405	0.00087	0.00394	0.00339	0.00333	0.77116
30	0.77679	0.01064	0.00850	0.00742	0.01078	0.01227	0.00611	0.08280	0.01042	0.02458	0.00784	0.00896	0.00602	0.00504	0.00345	0.00163	0.00424	0.00303	0.00345	0.00602
31	0.00921	0.00717	0.01043	0.00954	0.01090	0.00820	0.04405	0.07778	0.01017	0.01452	0.01370	0.01996	0.01258	0.07429	0.57858	0.00683	0.05401	0.00564	0.02724	0.00520
32	0.00664	0.00533	0.00592	0.00586	0.00740	0.00462	0.00436	0.00831	0.01284	0.01637	0.27537	0.08851	0.51434	0.01277	0.00627	0.00177	0.00264	0.01088	0.00519	0.00462
33	0.00869	0.00628	0.00864	0.00977	0.01105	0.00634	0.00851	0.01158	0.03982	0.01605	0.02776	0.05818	0.02990	0.01433	0.00723	0.00241	0.00484	0.71872	0.00489	0.00500
34	0.85155	0.01022	0.00777	0.00695	0.01022	0.01186	0.00573	0.01554	0.00900	0.02372	0.00736	0.00859	0.00573	0.00491	0.00327	0.00164	0.00409	0.00286	0.00327	0.00573
35	0.85155	0.01022	0.00777	0.00695	0.01022	0.01186	0.00573	0.01554	0.00900	0.02372	0.00736	0.00859	0.00573	0.00491	0.00327	0.00164	0.00409	0.00286	0.00327	0.00573
36	0.01060	0.02735	0.78682	0.01507	0.02288	0.01228	0.01953	0.01674	0.01116	0.01674	0.00949	0.01116	0.00670	0.00502	0.00502	0.00167	0.00781	0.00391	0.00223	0.00781
37	0.01872	0.02122	0.01621	0.01644	0.14192	0.52266	0.01117	0.15627	0.01631	0.01738	0.00929	0.01069	0.00747	0.00549	0.00494	0.00144	0.00832	0.00387	0.00318	0.00702
38	0.01044	0.00987	0.01669	0.68754	0.14678	0.01187	0.01491	0.01391	0.01079	0.01406	0.00948	0.01394	0.00724	0.00520	0.00528	0.00173	0.00693	0.00470	0.00239	0.00624
39	0.04420	0.01438	0.02623	0.01127	0.01510	0.14259	0.00919	0.29090	0.10230	0.26633	0.01530	0.01448	0.01059	0.00629	0.00516	0.00159	0.00582	0.00478	0.00516	0.00833
40	0.01308	0.01256	0.02146	0.03245	0.78123	0.01256	0.01622	0.01622	0.01204	0.01727	0.00994	0.01308	0.00837	0.00471	0.00523	0.00157	0.00628	0.00471	0.00262	0.00837
41	0.01060	0.02735	0.78682	0.01507	0.02288	0.01228	0.01953	0.01674	0.01116	0.01674	0.00949	0.01116	0.00670	0.00502	0.00502	0.00167	0.00781	0.00391	0.00223	0.00781
42	0.01308	0.01256	0.02146	0.03245	0.78123	0.01256	0.01622	0.01622	0.01204	0.01727	0.00994	0.01308	0.00837	0.00471	0.00523	0.00157	0.00628	0.00471	0.00262	0.00837
43	0.02372	0.00900	0.01227	0.00941	0.01350	0.00777	0.00777	0.02576	0.01513	0.78489	0.02086	0.01799	0.01309	0.00654	0.00532	0.00164	0.00450	0.00532	0.00654	0.00900
44	0.00998	0.00940	0.01586	0.80150	0.03641	0.01175	0.01468	0.01351	0.01057	0.01351	0.00940	0.01409	0.00705	0.00529	0.00529	0.00176	0.00705	0.00470	0.00235	0.00587
45	0.00644	0.00460	0.00613	0.00736	0.00767	0.00429	0.00491	0.00736	0.01012	0.01350	0.02914	0.81076	0.03497	0.01656	0.00675	0.00215	0.00307	0.01503	0.00491	0.00429
46	0.00998	0.00940	0.01586	0.80150	0.03641	0.01175	0.01468	0.01351	0.01057	0.01351	0.00940	0.01409	0.00705	0.00529	0.00529	0.00176	0.00705	0.00470	0.00235	0.00587
47	0.01308	0.01256	0.02146	0.03245	0.78123	0.01256	0.01622	0.01622	0.01204	0.01727	0.00994	0.01308	0.00837	0.00471	0.00523	0.00157	0.00628	0.00471	0.00262	0.00837
48	0.85155	0.01022	0.00777	0.00695	0.01022	0.01186	0.00573	0.01554	0.00900	0.02372	0.00736	0.00859	0.00573	0.00491	0.00327	0.00164	0.00409	0.00286	0.00327	0.00573
49	0.00651	0.00537	0.00573	0.00564	0.00730	0.00458	0.00423	0.00810	0.01268	0.01578	0.21018	0.04842	0.62153	0.01283	0.00625	0.00176	0.00264	0.01081	0.00511	0.00458
50	0.01756	0.01303	0.01388	0.01109	0.01475	0.01449	0.00902	0.53124	0.17711	0.02955	0.01500	0.01490	0.01095	0.00650	0.00514	0.00159	0.00512	0.00503	0.09563	0.00842
51	0.00631	0.00525	0.00551	0.00568	0.00724	0.00445	0.00417	0.00762	0.01185	0.01435	0.06882	0.16004	0.65301	0.01378	0.00632	0.00183	0.00273	0.01167	0.00493	0.00445
52	0.00644	0.00460	0.00613	0.00736	0.00767	0.00429	0.00491	0.00736	0.01012	0.01350	0.02914	0.81076	0.03497	0.01656	0.00675	0.00215	0.00307	0.01503	0.00491	0.00429
53	0.00685	0.00538	0.00619	0.00599	0.00751	0.00472	0.00449	0.00875	0.01347	0.01765	0.40609	0.04534	0.42445	0.01213	0.00624	0.00173	0.00259	0.01038	0.00535	0.00472
54	0.02361	0.00917	0.01238	0.00949	0.01358	0.00803	0.00784	0.04835	0.01543	0.76188	0.02061	0.01783	0.01296	0.00654	0.00532	0.00163	0.00454	0.00530	0.00650	0.00900
55	0.01315	0.01136	0.01195	0.01076	0.01375	0.01315	0.00837	0.02809	0.77168	0.02211	0.02152	0.01972	0.01614	0.00717	0.00538	0.00179	0.00418	0.00598	0.00538	0.00837
56	0.01096	0.00940	0.01096	0.00783	0.01253	0.00705	0.00626	0.01331	0.01096	0.01723	0.00940	0.01096	0.00783	0.00392	0.00392	0.00078	0.00392	0.00313	0.00313	0.84653
57	0.85155	0.01022	0.00777	0.00695	0.01022	0.01186	0.00573	0.01554	0.00900	0.02372	0.00736	0.00859	0.00573	0.00491	0.00327	0.00164	0.00409	0.00286	0.00327	0.00573
58	0.00998	0.00940	0.01586	0.80150	0.03641	0.01175	0.01468	0.01351	0.01057	0.01351	0.00940	0.01409	0.00705	0.00529	0.00529	0.00176	0.00705	0.00470	0.00235	0.00587
59	0.00644	0.00460	0.00613	0.00736	0.00767	0.00429	0.00491	0.00736	0.01012	0.01350	0.02914	0.81076	0.03497	0.01656	0.00675	0.00215	0.00307	0.01503	0.00491	0.00429
60	0.00644	0.00460	0.00613	0.00736	0.00767	0.00429	0.00491	0.00736	0.01012	0.01350	0.02914	0.81076	0.03497	0.01656	0.00675	0.00215	0.00307	0.01503	0.00491	0.00429
61	0.01413	0.81739	0.02770	0.00905	0.01357	0.02092	0.00905	0.01583	0.01074	0.01244	0.00735	0.00848	0.00678	0.00452	0.00339	0.00113	0.00565	0.00283	0.00226	0.00678
62	0.01157	0.01157	0.01619	0.01388	0.01388	0.01619	0.01157	0.01272	0.00810	0.01272	0.00694	0.01157	0.00694	0.00925	0.01735	0.00231	0.80453	0.00463	0.00231	0.00578
63	0.00644	0.00460	0.00613	0.00736	0.00767	0.00429	0.00491	0.00736	0.01012	0.01350	0.02914	0.81076	0.03497	0.01656	0.00675	0.00215	0.00307	0.01503	0.00491	0.00429
64	0.01303	0.01263	0.02218	0.11266	0.53296	0.01282	0.14088	0.05651	0.01265	0.01768	0.01016	0.01337	0.00820	0.00482	0.00541	0.00163	0.00678	0.00497	0.00274	0.00793
65	0.01659	0.01932	0.01491	0.01375	0.03507	0.47452	0.01054	0.05453	0.01346	0.01426	0.00992	0.01478	0.00911	0.00722	0.00810	0.00171	0.20261	0.07054	0.00294	0.00613
66	0.01315	0.01136	0.01195	0.01076	0.01375	0.01315	0.00837	0.02809	0.77168	0.02211	0.02152	0.01972	0.01614	0.00717	0.00538	0.00179	0.00418	0.00598	0.00538	0.00837
67	0.01986	0.01438	0.08406	0.01173	0.01611	0.05499	0.02587	0.35703	0.06151	0.27655	0.01529	0.01455	0.01039	0.00625	0.00527	0.00161	0.00574	0.00489	0.00524	0.00866
68	0.02010	0.01481	0.01587	0.01216	0.01639	0.01639	0.01005	0.76360	0.02486	0.03332	0.01269	0.01269	0.00899	0.00635	0.00529	0.00159	0.00582	0.00476	0.00529	0.00899
69	0.00769	0.00513	0.00577	0.00577	0.00577	0.00513	0.00320	0.00769	0.00769	0.01025	0.01666	0.03460	0.01922	0.81421	0.02691	0.00513	0.00513	0.00769	0.00320	0.00320
70	0.00995	0.00944	0.02891	0.07268	0.07436	0.09114	0.03465	0.03650	0.02684	0.01742	0.27831	0.23256	0.02986	0.01034	0.00601	0.00178	0.00459	0.02458	0.00448	0.00560
71	0.00907	0.00801	0.01134	0.03492	0.01167	0.01016	0.00844	0.01070	0.00926	0.01346	0.08276	0.05909	0.05638	0.02148	0.31165	0.00457	0.32244	0.00633	0.00310	0.00516
72	0.01473	0.22001	0.01779	0.01308	0.10310	0.04864	0.00974	0.15794	0.27653	0.02039	0.01429	0.02713	0.01145	0.00617	0.00483	0.00153	0.00532	0.01679	0.00406	0.02647
73	0.01857	0.02300	0.01448	0.03569	0.01634	0.68715	0.00988	0.03229	0.01454	0.01343	0.00865	0.01068	0.00735	0.03404	0.00553	0.00148	0.00894	0.00360	0.00279	0.05156
74	0.00649	0.00463	0.00619	0.00741	0.00774	0.00433	0.00499	0.00744	0.01017	0.01355	0.02911	0.79408	0.03486	0.01652	0.00676	0.00215	0.00311	0.03125	0.00491	0.00431
75	0.01056	0.01027	0.01818	0.60651	0.07415	0.01207	0.12125	0.01410	0.01084	0.01428	0.00965	0.01407	0.00736	0.00529	0.00583	0.00177	0.03623	0.00492	0.01650	0.00617
76	0.00918	0.00459	0.00689	0.00689	0.00689	0.00459	0.00459	0.00689	0.00689	0.00918	0.00918	0.01607	0.00918	0.01837	0.02066	0.84619	0.00459	0.00459	0.00230	0.00230
77	0.00643	0.00514	0.00575	0.00606	0.00737	0.00447	0.00437	0.00776	0.01178	0.01474	0.11829	0.26875	0.49242	0.01405	0.00639	0.00188	0.00277	0.01211	0.00500	0.00447
78	0.00684	0.00538	0.00617	0.00598	0.00750	0.00471	0.00448	0.00873	0.01345	0.01759	0.40073	0.04542	0.42985	0.01215	0.00624	0.00173	0.00259	0.01039	0.00535	0.00471
79	0.00758	0.00508	0.00580	0.00591	0.00594	0.00505	0.00336	0.00766	0.00791	0.01054	0.01778	0.10438	0.02064	0.74249	0.02509	0.00486	0.00494	0.00835	0.00336	0.00330
80	0.01413	0.81739	0.02770	0.00905	0.01357	0.02092	0.00905	0.01583	0.01074	0.01244	0.00735	0.00848	0.00678	0.00452	0.00339	0.00113	0.00565	0.00283	0.00226	0.00678
81	0.01060	0.02735	0.78682	0.01507	0.02288	0.01228	0.01953	0.01674	0.01116	0.01674	0.00949	0.01116	0.00670	0.00502	0.00502	0.00167	0.00781	0.00391	0.00223	0.00781
82	0.02372	0.00900	0.01227	0.00941	0.01350	0.00777	0.00777	0.02576	0.01513	0.78489	0.02086	0.01799	0.01309	0.00654	0.00532	0.00164	0.00450	0.00532	0.00654	0.00900
83	0.01413	0.81739	0.02770	0.00905	0.01357	0.02092	0.00905	0.01583	0.01074	0.01244	0.00735	0.00848	0.00678	0.00452	0.00339	0.00113	0.00565	0.00283	0.00226	0.00678
84	0.01181	0.01006	0.01505	0.59310	0.03041	0.01208	0.01304	0.15149	0.01326	0.01758	0.01081	0.01495	0.00821	0.00569	0.00522	0.00171	0.00650	0.01721	0.05544	0.00637
85	0.00630	0.00516	0.00556	0.00587	0.00728	0.00442	0.00425	0.00753	0.01155	0.01408	0.04727	0.24651	0.58751	0.01421	0.00638	0.00188	0.00278	0.01215	0.00491	0.00442
86	0.00649	0.00462	0.00612	0.00730	0.00760	0.00432	0.00485	0.00737	0.01003	0.01338	0.02868	0.78250	0.03439	0.04560	0.00748	0.00226	0.00314	0.01476	0.00485	0.00425
87	0.01151	0.23075	0.59138	0.01352	0.02048	0.01450	0.01683	0.01651	0.01105	0.01563	0.00894	0.01047	0.00672	0.00489	0.00460	0.00153	0.00726	0.00363	0.00224	0.00755
88	0.00670	0.00487	0.00653	0.00767	0.00802	0.00471	0.00529	0.00771	0.01019	0.01361	0.02850	0.74595	0.03397	0.01626	0.00705	0.00217	0.02393	0.05767	0.00484	0.00437
89	0.85155	0.01022	0.00777	0.00695	0.01022	0.01186	0.00573	0.01554	0.00900	0.02372	0.00736	0.00859	0.00573	0.00491	0.00327	0.00164	0.00409	0.00286	0.00327	0.00573
90	0.00773	0.00525	0.00641	0.00641	0.00668	0.00548	0.00406	0.00829	0.00801	0.01109	0.01606	0.03065	0.01754	0.59408	0.21475	0.00581	0.00725	0.00709	0.03371	0.00364
91	0.63524	0.05740	0.16724	0.00872	0.01298	0.01243	0.00871	0.01580	0.00953	0.02169	0.00779	0.00911	0.00598	0.00491	0.00363	0.00162	0.00493	0.00307	0.00301	0.00621
92	0.01286	0.01389	0.09027	0.03089	0.71305	0.01254	0.01652	0.01627	0.01196	0.01722	0.00990	0.01291	0.00822	0.00474	0.00521	0.00158	0.00642	0.00464	0.00258	0.00832
93	0.01442	0.28936	0.37631	0.01191	0.01787	0.01428	0.01365	0.01824	0.01182	0.16922	0.01105	0.01163	0.00801	0.00516	0.00453	0.00148	0.00642	0.00383	0.00311	0.00770
94	0.00663	0.00541	0.00588	0.00594	0.00748	0.00473	0.00439	0.00841	0.02994	0.01545	0.16382	0.14594	0.55095	0.01325	0.00629	0.00181	0.00273	0.01128	0.00506	0.00461
95	0.01138	0.02452	0.59852	0.04291	0.02237	0.08217	0.07012	0.01670	0.01176	0.01652	0.04725	0.01273	0.00894	0.00531	0.00515	0.00166	0.00776	0.00433	0.00249	0.00741
96	0.01419	0.22028	0.32319	0.01390	0.03485	0.01442	0.10954	0.08451	0.01294	0.10837	0.01075	0.01187	0.00789	0.00512	0.00483	0.00154	0.00681	0.00419	0.00309	0.00772
97	0.00625	0.00536	0.00536	0.00536	0.00714	0.00446	0.00402	0.00759	0.01205	0.01428	0.05355	0.05088	0.77909	0.01339	0.00625	0.00179	0.00268	0.01116	0.00491	0.00446
98	0.00642	0.00468	0.00606	0.00716	0.00762	0.00431	0.00482	0.00738	0.01031	0.01357	0.03156	0.73552	0.10865	0.01625	0.00670	0.00211	0.00303	0.01465	0.00491	0.00431
99	0.04373	0.31211	0.17258	0.01370	0.09207	0.18660	0.01200	0.05805	0.03588	0.01569	0.00893	0.01027	0.00730	0.00504	0.00436	0.00139	0.00690	0.00356	0.00269	0.00713
100	0.00786	0.00810	0.07763	0.02222	0.01005	0.01980	0.00684	0.00940	0.01040	0.01385	0.07160	0.31400	0.17136	0.11901	0.02649	0.00253	0.08970	0.01030	0.00410	0.00477
101	0.00645	0.00468	0.00606	0.00715	0.00758	0.00433	0.00479	0.00739	0.01024	0.01350	0.03107	0.72636	0.10155	0.03280	0.00712	0.00218	0.00307	0.01453	0.00487	0.00429
102	0.74366	0.07163	0.00966	0.00747	0.01081	0.05483	0.00622	0.01586	0.00945	0.02229	0.00740	0.00863	0.00586	0.00491	0.00336	0.00158	0.00450	0.00289	0.00317	0.00583
103	0.01811	0.05357	0.01707	0.08346	0.01852	0.01586	0.05104	0.57997	0.06181	0.02903	0.01249	0.01307	0.00903	0.00610	0.00525	0.00160	0.00600	0.00480	0.00474	0.00847
104	0.07435	0.01001	0.01566	0.49345	0.16680	0.01162	0.01336	0.01421	0.02312	0.01532	0.01056	0.01479	0.02136	0.00556	0.00554	0.00170	0.03464	0.01766	0.00264	0.04764
105	0.02828	0.03753	0.02182	0.04760	0.14261	0.12078	0.30055	0.05498	0.09225	0.04142	0.01218	0.04113	0.00978	0.00552	0.00552	0.00165	0.00727	0.00552	0.00327	0.02033

[dist]
# distance from previous block
# <min> <max>
2	17

[block]
# block no. 4 follows, 46 sequences, length 21
# corresponding to MSA columns:
# 754-774
name=unknown_E
#
# <colnr> <probs for GDERKNQSTAVLIFYWHMCP>
#	G	D	E	R	K	N	Q	S	T	A	V	L	I	F	Y	W	H	M	C	P
0	0.01192	0.00723	0.00907	0.00866	0.04329	0.00701	0.00613	0.07801	0.02461	0.15937	0.19569	0.04371	0.09536	0.20322	0.03523	0.00273	0.00446	0.03719	0.02131	0.00577
1	0.01367	0.01376	0.07174	0.11602	0.07455	0.02782	0.29052	0.13336	0.04747	0.05018	0.02375	0.01411	0.00918	0.00518	0.00550	0.00162	0.00700	0.00522	0.00338	0.08597
2	0.00991	0.00937	0.01572	0.56782	0.10256	0.01086	0.05351	0.01315	0.01104	0.01420	0.01550	0.01970	0.10473	0.00642	0.00550	0.00176	0.00647	0.02302	0.00277	0.00598
3	0.01215	0.01309	0.02790	0.02010	0.02493	0.01231	0.66680	0.01635	0.01230	0.01728	0.01152	0.01494	0.00872	0.00467	0.00592	0.00171	0.00810	0.00607	0.10827	0.00685
4	0.01695	0.02030	0.01406	0.01270	0.01508	0.53716	0.00971	0.02025	0.12347	0.01433	0.01289	0.01392	0.05807	0.00666	0.00644	0.00156	0.10251	0.00442	0.00320	0.00630
5	0.00981	0.00563	0.00730	0.00747	0.00879	0.00506	0.00541	0.01113	0.01169	0.16084	0.07592	0.48660	0.13992	0.01381	0.00638	0.00197	0.00329	0.02846	0.00527	0.00527
6	0.00644	0.00460	0.00613	0.00736	0.00767	0.00429	0.00491	0.00736	0.01012	0.01350	0.02914	0.81076	0.03497	0.01656	0.00675	0.00215	0.00307	0.01503	0.00491	0.00429
7	0.00659	0.00466	0.00609	0.00717	0.00744	0.00439	0.00471	0.00740	0.00983	0.01311	0.02766	0.71890	0.03310	0.11097	0.00913	0.00250	0.00331	0.01416	0.00471	0.00416
8	0.02010	0.01481	0.01587	0.01216	0.01639	0.01639	0.01005	0.76360	0.02486	0.03332	0.01269	0.01269	0.00899	0.00635	0.00529	0.00159	0.00582	0.00476	0.00529	0.00899
9	0.02372	0.00900	0.01227	0.00941	0.01350	0.00777	0.00777	0.02576	0.01513	0.78489	0.02086	0.01799	0.01309	0.00654	0.00532	0.00164	0.00450	0.00532	0.00654	0.00900
10	0.01315	0.01136	0.01195	0.01076	0.01375	0.01315	0.00837	0.02809	0.77168	0.02211	0.02152	0.01972	0.01614	0.00717	0.00538	0.00179	0.00418	0.00598	0.00538	0.00837
11	0.00644	0.00460	0.00613	0.00736	0.00767	0.00429	0.00491	0.00736	0.01012	0.01350	0.02914	0.81076	0.03497	0.01656	0.00675	0.00215	0.00307	0.01503	0.00491	0.00429
12	0.01840	0.05936	0.01506	0.01293	0.01579	0.62818	0.00985	0.02202	0.14023	0.01444	0.01035	0.01117	0.00835	0.00569	0.00481	0.00142	0.00847	0.00380	0.00314	0.00653
13	0.01182	0.09702	0.56909	0.01324	0.02011	0.01213	0.01614	0.01681	0.01135	0.06604	0.01001	0.01133	0.00726	0.00494	0.00475	0.00151	0.00691	0.00380	0.00263	0.11312
14	0.11781	0.01169	0.01871	0.17006	0.54804	0.01232	0.01462	0.01564	0.01139	0.01739	0.00952	0.01270	0.00780	0.00484	0.00500	0.00161	0.00615	0.00448	0.00265	0.00758
15	0.00819	0.00615	0.00768	0.00717	0.00863	0.00601	0.00541	0.01225	0.10999	0.02131	0.68339	0.03701	0.04564	0.01035	0.00613	0.00168	0.00271	0.00911	0.00576	0.00541
16	0.01876	0.07338	0.04886	0.01241	0.01560	0.56781	0.00991	0.02043	0.01440	0.11009	0.01221	0.01282	0.04909	0.00593	0.00484	0.00142	0.00821	0.00405	0.00327	0.00652
17	0.01133	0.03854	0.03345	0.25137	0.07927	0.01408	0.09352	0.01385	0.00983	0.01400	0.00863	0.01282	0.00735	0.00689	0.01058	0.00196	0.35795	0.00476	0.02362	0.00620
18	0.00656	0.00465	0.00610	0.00721	0.00749	0.00437	0.00475	0.00739	0.00989	0.01319	0.02797	0.73785	0.03349	0.09149	0.00864	0.00243	0.00326	0.01434	0.00475	0.00419
19	0.02359	0.00920	0.01239	0.00950	0.01359	0.00807	0.00785	0.05109	0.01546	0.75909	0.02058	0.01781	0.01295	0.00654	0.00532	0.00163	0.00454	0.00530	0.00650	0.00900
20	0.01525	0.01795	0.14886	0.02201	0.35688	0.20931	0.02833	0.01833	0.01282	0.08502	0.01034	0.01229	0.00808	0.00522	0.00541	0.00156	0.02740	0.00433	0.00293	0.00768

[dist]
# distance from previous block
# <min> <max>
0	1

[block]
# block no. 5 follows, 46 sequences, length 16
# corresponding to MSA columns:
# 776-781,783-792
name=unknown_F
#
# <colnr> <probs for GDERKNQSTAVLIFYWHMCP>
#	G	D	E	R	K	N	Q	S	T	A	V	L	I	F	Y	W	H	M	C	P
0	0.01862	0.01402	0.01586	0.12704	0.01931	0.01572	0.01072	0.65444	0.02278	0.03043	0.01221	0.01290	0.00871	0.00619	0.00529	0.00161	0.00600	0.00475	0.00486	0.00854
1	0.00674	0.00482	0.00648	0.00771	0.00815	0.00455	0.00543	0.00788	0.01042	0.01383	0.02897	0.70145	0.03430	0.01628	0.00683	0.00219	0.00333	0.12136	0.00490	0.00438
2	0.01236	0.15377	0.32949	0.05002	0.08315	0.01309	0.02882	0.01812	0.12217	0.05780	0.03489	0.01392	0.01022	0.00553	0.00484	0.00157	0.00619	0.00447	0.04205	0.00751
3	0.01722	0.30347	0.01975	0.01299	0.05836	0.45616	0.01009	0.01916	0.03334	0.01325	0.00833	0.00963	0.00714	0.00513	0.00432	0.00130	0.00784	0.00334	0.00263	0.00655
4	0.01096	0.00940	0.01096	0.00783	0.01253	0.00705	0.00626	0.01331	0.01096	0.01723	0.00940	0.01096	0.00783	0.00392	0.00392	0.00078	0.00392	0.00313	0.00313	0.84653
5	0.00908	0.00575	0.00744	0.00688	0.00843	0.00521	0.00521	0.01135	0.01449	0.10265	0.59910	0.07908	0.10322	0.01086	0.00616	0.00170	0.00276	0.00952	0.00578	0.00534
6	0.01006	0.00801	0.01007	0.01097	0.05243	0.00856	0.00844	0.01652	0.26297	0.01789	0.04461	0.11587	0.02548	0.01171	0.00648	0.00213	0.00448	0.37221	0.00495	0.00616
7	0.00674	0.00537	0.00603	0.00587	0.00744	0.00467	0.00440	0.00854	0.01321	0.01703	0.34125	0.04636	0.48968	0.01236	0.00624	0.00174	0.00260	0.01052	0.00527	0.00467
8	0.72871	0.00952	0.00767	0.00691	0.00989	0.01086	0.00562	0.01473	0.00987	0.02335	0.11958	0.01309	0.01215	0.00577	0.00370	0.00164	0.00386	0.00384	0.00364	0.00562
9	0.00679	0.00488	0.00643	0.00733	0.00790	0.00457	0.00514	0.00805	0.01100	0.01475	0.13865	0.58653	0.06411	0.03783	0.00727	0.00217	0.00318	0.07402	0.00499	0.00442
10	0.01373	0.52336	0.17812	0.01031	0.01548	0.01731	0.01092	0.05076	0.01164	0.04009	0.00865	0.00975	0.00717	0.00472	0.00392	0.00125	0.00591	0.00324	0.00261	0.08105
11	0.02696	0.18299	0.19447	0.01231	0.04690	0.10321	0.02866	0.12730	0.01375	0.04396	0.02357	0.01168	0.00847	0.00516	0.00454	0.00137	0.00627	0.00388	0.02501	0.12953
12	0.04107	0.01476	0.15340	0.04813	0.36745	0.01223	0.07900	0.05372	0.06503	0.04129	0.01133	0.01391	0.00893	0.00518	0.00520	0.00160	0.00636	0.01580	0.00307	0.05255
13	0.01244	0.04004	0.04188	0.13546	0.35960	0.10628	0.03390	0.01551	0.02958	0.01575	0.01523	0.01737	0.10377	0.00598	0.00521	0.00156	0.00628	0.00526	0.00294	0.04597
14	0.01171	0.15030	0.10193	0.01134	0.06911	0.04570	0.00946	0.07214	0.06483	0.01710	0.03577	0.08785	0.08474	0.00788	0.00515	0.00156	0.00512	0.08250	0.00370	0.13209
15	0.01322	0.12906	0.06797	0.03770	0.03111	0.01181	0.18031	0.06489	0.02389	0.09862	0.01323	0.09343	0.01145	0.02519	0.00603	0.00162	0.03213	0.00568	0.01785	0.13480

[dist]
# distance from previous block
# <min> <max>
7	47

[block]
# block no. 6 follows, 46 sequences, length 37
# corresponding to MSA columns:
# 840-876
name=unknown_G
#
# <colnr> <probs for GDERKNQSTAVLIFYWHMCP>
#	G	D	E	R	K	N	Q	S	T	A	V	L	I	F	Y	W	H	M	C	P
0	0.02717	0.05274	0.06743	0.04599	0.01645	0.12546	0.04637	0.21200	0.01546	0.11626	0.01170	0.01336	0.00895	0.04281	0.00639	0.00163	0.03875	0.00440	0.00388	0.14279
1	0.18791	0.01124	0.01254	0.01125	0.06517	0.01194	0.00841	0.27812	0.06700	0.17103	0.01499	0.08248	0.01193	0.02018	0.00534	0.00171	0.00485	0.00546	0.00483	0.02362
