[name]
unknown

[dist]
# distance from previous block
# <min> <max>
0	50

[block]
# block no. 0 follows, 47 sequences, length 53
# corresponding to MSA columns:
# 51-80,82-95,108-116
name=unknown_A
#
# <colnr> <probs for GDERKNQSTAVLIFYWHMCP>
#	G	D	E	R	K	N	Q	S	T	A	V	L	I	F	Y	W	H	M	C	P
0	0.24909	0.12097	0.22815	0.00995	0.01444	0.01161	0.01035	0.03517	0.01161	0.12946	0.07426	0.01608	0.01217	0.00613	0.00453	0.00160	0.00527	0.04877	0.00362	0.00678
1	0.01049	0.00720	0.00914	0.00866	0.03187	0.00680	0.00625	0.03622	0.05273	0.10639	0.12626	0.30030	0.03830	0.04397	0.00700	0.00182	0.03644	0.00897	0.00463	0.15656
2	0.01213	0.01031	0.01349	0.11476	0.04307	0.00988	0.04902	0.13855	0.04664	0.01938	0.05698	0.02814	0.01113	0.00537	0.00495	0.00126	0.02177	0.00451	0.00356	0.40508
3	0.02682	0.07888	0.54517	0.01514	0.08676	0.01258	0.01648	0.06208	0.01214	0.08158	0.01032	0.01158	0.00739	0.00509	0.00486	0.00159	0.00696	0.00399	0.00279	0.00780
4	0.00926	0.00687	0.00779	0.00710	0.00925	0.00645	0.00553	0.04898	0.09603	0.06340	0.21329	0.03850	0.35606	0.01069	0.00588	0.00169	0.00320	0.04889	0.00510	0.05603
5	0.01286	0.00656	0.00873	0.00766	0.00976	0.00594	0.00602	0.01501	0.01411	0.27850	0.41382	0.03311	0.03341	0.06056	0.00721	0.00191	0.00348	0.06950	0.00573	0.00612
6	0.03794	0.29390	0.12231	0.08465	0.04657	0.04572	0.06421	0.09649	0.03006	0.11592	0.01064	0.01171	0.00805	0.00514	0.00452	0.00145	0.00617	0.00401	0.00324	0.00731
7	0.01150	0.00683	0.00922	0.00799	0.00953	0.00658	0.05062	0.02690	0.01092	0.17751	0.08796	0.04095	0.06462	0.37855	0.01557	0.00326	0.02742	0.03964	0.01931	0.00512
8	0.04873	0.00958	0.01232	0.00949	0.01347	0.00883	0.00783	0.12023	0.01595	0.65447	0.03145	0.01711	0.01273	0.00644	0.00518	0.00161	0.00455	0.00516	0.00617	0.00870
9	0.00990	0.00910	0.01499	0.71785	0.03300	0.01138	0.01366	0.01320	0.01032	0.01363	0.00960	0.01409	0.00732	0.00545	0.00569	0.00173	0.04586	0.00464	0.05286	0.00572
10	0.03345	0.03679	0.03936	0.01410	0.07905	0.47228	0.01039	0.11071	0.01488	0.05382	0.01014	0.03835	0.00845	0.00657	0.02026	0.00160	0.03573	0.00419	0.00322	0.00666
11	0.00887	0.00562	0.00686	0.00668	0.00713	0.00572	0.00431	0.00934	0.00861	0.07555	0.01826	0.12587	0.03172	0.55660	0.06851	0.00443	0.04027	0.00806	0.00360	0.00398
12	0.03749	0.01088	0.01320	0.01017	0.01421	0.01073	0.00839	0.27655	0.03550	0.50026	0.01759	0.01582	0.01146	0.00636	0.00519	0.00160	0.00486	0.00502	0.00594	0.00879
13	0.01019	0.00595	0.00783	0.00700	0.00874	0.00539	0.00538	0.01254	0.01469	0.15762	0.62524	0.03544	0.06344	0.00997	0.00598	0.00164	0.00281	0.00872	0.00583	0.00560
14	0.00792	0.00568	0.00784	0.00901	0.01005	0.00560	0.00757	0.01000	0.01158	0.01509	0.02845	0.20944	0.05034	0.01474	0.00706	0.00232	0.00438	0.58345	0.00480	0.00467
15	0.00934	0.00573	0.00752	0.00691	0.00846	0.00521	0.00524	0.01161	0.01440	0.11896	0.61983	0.08288	0.06257	0.01051	0.00606	0.00167	0.00275	0.00924	0.00575	0.00537
16	0.01028	0.00971	0.01643	0.69085	0.14597	0.01169	0.01469	0.01370	0.01063	0.01385	0.00934	0.01374	0.00713	0.00512	0.00520	0.00171	0.00683	0.00463	0.00235	0.00615
17	0.00822	0.00575	0.00680	0.00635	0.00804	0.00515	0.00482	0.02874	0.01369	0.06963	0.39152	0.05884	0.35025	0.01144	0.00607	0.00170	0.00276	0.00979	0.00537	0.00505
18	0.01187	0.01331	0.07253	0.07577	0.04908	0.02676	0.40347	0.06014	0.01271	0.01745	0.10926	0.01655	0.01299	0.00590	0.00698	0.00176	0.08770	0.00596	0.00310	0.00671
19	0.85377	0.01007	0.00765	0.00685	0.01007	0.01168	0.00564	0.01531	0.00886	0.02336	0.00725	0.00846	0.00564	0.00483	0.00322	0.00161	0.00403	0.00282	0.00322	0.00564
20	0.01080	0.00926	0.01080	0.00771	0.01234	0.00694	0.00617	0.01311	0.01080	0.01697	0.00926	0.01080	0.00771	0.00386	0.00386	0.00077	0.00386	0.00309	0.00309	0.84882
21	0.01392	0.82012	0.02729	0.00891	0.01337	0.02061	0.00891	0.01559	0.01058	0.01225	0.00724	0.00835	0.00668	0.00446	0.00334	0.00111	0.00557	0.00278	0.00223	0.00668
22	0.01080	0.00926	0.01080	0.00771	0.01234	0.00694	0.00617	0.01311	0.01080	0.01697	0.00926	0.01080	0.00771	0.00386	0.00386	0.00077	0.00386	0.00309	0.00309	0.84882
23	0.01289	0.01237	0.02114	0.03196	0.78450	0.01237	0.01598	0.01598	0.01186	0.01701	0.00980	0.01289	0.00825	0.00464	0.00516	0.00155	0.00619	0.00464	0.00258	0.00825
24	0.65866	0.01044	0.00920	0.03198	0.01183	0.01181	0.00657	0.10067	0.01122	0.09375	0.00911	0.00992	0.00670	0.00515	0.00369	0.00161	0.00435	0.00331	0.00371	0.00630
25	0.00714	0.00549	0.00787	0.14322	0.01254	0.00563	0.00663	0.00872	0.01066	0.01424	0.10978	0.55949	0.03122	0.01371	0.00637	0.00201	0.00370	0.04249	0.00450	0.00459
26	0.01289	0.01237	0.02114	0.03196	0.78450	0.01237	0.01598	0.01598	0.01186	0.01701	0.00980	0.01289	0.00825	0.00464	0.00516	0.00155	0.00619	0.00464	0.00258	0.00825
27	0.00832	0.00597	0.00830	0.00946	0.01067	0.00595	0.00826	0.01069	0.01198	0.01554	0.02834	0.05848	0.05293	0.01435	0.00716	0.00238	0.00473	0.72692	0.00480	0.00478
28	0.01011	0.00967	0.01675	0.72472	0.06803	0.01170	0.05872	0.01362	0.01059	0.01367	0.00935	0.01385	0.00706	0.00513	0.00526	0.00173	0.00702	0.00472	0.00234	0.00597
29	0.02511	0.01305	0.01774	0.37940	0.24256	0.14148	0.05890	0.01585	0.02852	0.01480	0.00952	0.01291	0.00751	0.00506	0.00514	0.00162	0.00714	0.00451	0.00255	0.00665
30	0.01188	0.01221	0.01586	0.03849	0.01453	0.06733	0.01140	0.01310	0.00850	0.01257	0.00699	0.01134	0.00683	0.00874	0.01590	0.00220	0.72960	0.00448	0.00231	0.00572
31	0.02271	0.00874	0.01192	0.00928	0.01318	0.00758	0.00769	0.02474	0.01478	0.75439	0.02085	0.01951	0.01364	0.00679	0.00532	0.00165	0.00445	0.03771	0.00637	0.00869
32	0.00757	0.00505	0.00568	0.00568	0.00568	0.00505	0.00316	0.00757	0.00757	0.01010	0.01641	0.03408	0.01893	0.81698	0.02651	0.00505	0.00505	0.00757	0.00316	0.00316
33	0.01085	0.01049	0.01448	0.01253	0.01253	0.01439	0.01021	0.01182	0.00792	0.01218	0.00821	0.01464	0.00857	0.12478	0.01844	0.00268	0.69257	0.00499	0.00240	0.00533
34	0.01015	0.01026	0.01861	0.01489	0.01704	0.01116	0.30476	0.01249	0.01030	0.01440	0.01520	0.26598	0.01598	0.00954	0.00950	0.00202	0.24033	0.00842	0.00323	0.00575
35	0.01033	0.00859	0.01155	0.01041	0.01157	0.01066	0.00838	0.10325	0.04775	0.01521	0.01213	0.01689	0.01091	0.02507	0.44201	0.00550	0.23590	0.00520	0.00306	0.00563
36	0.01314	0.03464	0.10556	0.09253	0.06693	0.16314	0.21746	0.01612	0.01153	0.02783	0.01019	0.01306	0.02734	0.00596	0.00774	0.00174	0.17111	0.00483	0.00260	0.00655
37	0.01941	0.01539	0.01525	0.01197	0.01590	0.09663	0.00976	0.65772	0.04197	0.03022	0.01234	0.01248	0.00889	0.00618	0.00513	0.00154	0.00601	0.00458	0.02018	0.00848
38	0.85377	0.01007	0.00765	0.00685	0.01007	0.01168	0.00564	0.01531	0.00886	0.02336	0.00725	0.00846	0.00564	0.00483	0.00322	0.00161	0.00403	0.00282	0.00322	0.00564
39	0.01337	0.08109	0.07351	0.05367	0.27804	0.09846	0.01181	0.13085	0.04035	0.01807	0.01695	0.01810	0.13078	0.00644	0.00511	0.00155	0.00593	0.00534	0.00338	0.00721
40	0.01343	0.01108	0.01179	0.01054	0.01353	0.01271	0.00822	0.02757	0.74052	0.05664	0.02117	0.01935	0.01576	0.00704	0.00530	0.00176	0.00414	0.00586	0.00535	0.00827
41	0.01312	0.01099	0.01170	0.01054	0.01347	0.01264	0.00823	0.02719	0.73540	0.04260	0.02134	0.02036	0.01616	0.00723	0.00534	0.00178	0.00415	0.02428	0.00532	0.00817
42	0.00633	0.00457	0.00600	0.00714	0.00752	0.00424	0.00478	0.00726	0.01008	0.01334	0.03008	0.77001	0.07713	0.01614	0.00662	0.00209	0.00300	0.01459	0.00483	0.00424
43	0.01980	0.01459	0.01563	0.01198	0.01615	0.01615	0.00990	0.76713	0.02448	0.03282	0.01250	0.01250	0.00886	0.00625	0.00521	0.00156	0.00573	0.00469	0.00521	0.00886
44	0.02336	0.00886	0.01209	0.00927	0.01329	0.00765	0.00765	0.02538	0.01491	0.78810	0.02055	0.01773	0.01289	0.00645	0.00524	0.00161	0.00443	0.00524	0.00645	0.00886
45	0.01980	0.01459	0.01563	0.01198	0.01615	0.01615	0.00990	0.76713	0.02448	0.03282	0.01250	0.01250	0.00886	0.00625	0.00521	0.00156	0.00573	0.00469	0.00521	0.00886
46	0.74693	0.00992	0.00822	0.00716	0.01049	0.01116	0.00590	0.01660	0.00964	0.12176	0.00896	0.00965	0.00657	0.00504	0.00348	0.00161	0.00408	0.00313	0.00364	0.00605
47	0.00748	0.00545	0.00694	0.00763	0.00852	0.00527	0.00583	0.00929	0.02987	0.01453	0.08868	0.25426	0.12162	0.13556	0.00971	0.00257	0.00389	0.27378	0.00465	0.00444
48	0.00653	0.00460	0.00592	0.00697	0.00743	0.00428	0.00470	0.00756	0.01016	0.01371	0.02969	0.71237	0.08572	0.01548	0.00643	0.00204	0.00296	0.01394	0.05523	0.00428
49	0.00727	0.00518	0.00659	0.00722	0.00779	0.00499	0.00490	0.04480	0.01100	0.01483	0.11984	0.59146	0.03328	0.10442	0.00873	0.00236	0.00331	0.01284	0.00478	0.00442
50	0.01137	0.00943	0.01086	0.00795	0.01220	0.00763	0.00629	0.07979	0.01179	0.01789	0.01006	0.01261	0.00862	0.06209	0.00559	0.00115	0.00411	0.00355	0.00328	0.71376
51	0.02878	0.20056	0.03951	0.12420	0.10609	0.04811	0.02426	0.12051	0.03302	0.07815	0.01162	0.02869	0.00947	0.00565	0.00466	0.00145	0.00568	0.02701	0.03229	0.07028
52	0.18392	0.03105	0.01242	0.00990	0.01346	0.06260	0.00800	0.24671	0.18492	0.06195	0.03943	0.01392	0.01105	0.00596	0.00465	0.00152	0.00489	0.00448	0.00446	0.09469

[dist]
# distance from previous block
# <min> <max>
8	26

[block]
# block no. 1 follows, 47 sequences, length 21
# corresponding to MSA columns:
# 144-164
name=unknown_B
#
# <colnr> <probs for GDERKNQSTAVLIFYWHMCP>
#	G	D	E	R	K	N	Q	S	T	A	V	L	I	F	Y	W	H	M	C	P
0	0.10123	0.07140	0.01095	0.00845	0.01114	0.00883	0.00688	0.04837	0.07224	0.25385	0.16512	0.07835	0.02205	0.03684	0.00609	0.00182	0.00409	0.08051	0.00512	0.00663
1	0.00662	0.00480	0.00616	0.00683	0.00746	0.00444	0.00469	0.00787	0.01109	0.01490	0.19898	0.53040	0.10464	0.05634	0.00752	0.00213	0.00297	0.01288	0.00495	0.00434
2	0.00959	0.00584	0.00755	0.00683	0.00851	0.00526	0.00522	0.01187	0.01449	0.13230	0.60095	0.03688	0.11386	0.01028	0.00601	0.00165	0.00276	0.00896	0.00575	0.00544
3	0.00682	0.00501	0.00641	0.00679	0.00770	0.00460	0.00488	0.00847	0.01225	0.01660	0.34092	0.36682	0.13886	0.01350	0.00640	0.00188	0.00281	0.03953	0.00520	0.00455
4	0.01325	0.01134	0.01194	0.01066	0.01366	0.01309	0.00832	0.05994	0.74233	0.02227	0.02082	0.01913	0.01559	0.00703	0.00530	0.00176	0.00419	0.00584	0.00530	0.00827
5	0.01092	0.04509	0.00911	0.00728	0.00936	0.00687	0.00573	0.06860	0.01480	0.12532	0.47636	0.03151	0.08087	0.00919	0.00562	0.00157	0.00315	0.00787	0.05803	0.02277
6	0.02295	0.00953	0.01250	0.00958	0.01363	0.00864	0.00791	0.11162	0.01602	0.70029	0.01961	0.01712	0.01242	0.00642	0.00523	0.00161	0.00458	0.00517	0.00630	0.00886
7	0.01980	0.01459	0.01563	0.01198	0.01615	0.01615	0.00990	0.76713	0.02448	0.03282	0.01250	0.01250	0.00886	0.00625	0.00521	0.00156	0.00573	0.00469	0.00521	0.00886
8	0.00676	0.00512	0.00623	0.00633	0.00750	0.00459	0.00460	0.00850	0.01274	0.01701	0.38114	0.22462	0.27040	0.01276	0.00626	0.00179	0.00265	0.01117	0.00525	0.00459
9	0.00715	0.00528	0.00659	0.00637	0.00759	0.00482	0.00472	0.00920	0.01358	0.01866	0.56430	0.07480	0.17409	0.05595	0.00731	0.00188	0.00270	0.02493	0.00538	0.00469
10	0.01062	0.02573	0.71877	0.01551	0.02298	0.01220	0.08926	0.01651	0.01112	0.01651	0.00946	0.01128	0.00672	0.00490	0.00506	0.00166	0.00780	0.00406	0.00224	0.00763
11	0.01158	0.00948	0.01105	0.00795	0.01254	0.00737	0.00638	0.04664	0.01153	0.04125	0.00974	0.01109	0.00792	0.00404	0.00396	0.00083	0.00396	0.00322	0.00328	0.78619
12	0.00757	0.00505	0.00568	0.00568	0.00568	0.00505	0.00316	0.00757	0.00757	0.01010	0.01641	0.03408	0.01893	0.81698	0.02651	0.00505	0.00505	0.00757	0.00316	0.00316
13	0.00656	0.00469	0.00626	0.00731	0.00775	0.00439	0.00504	0.00770	0.01054	0.01416	0.10159	0.69684	0.03562	0.01566	0.00663	0.00208	0.00306	0.05486	0.00492	0.00433
14	0.01368	0.01017	0.01199	0.09563	0.01503	0.01088	0.00832	0.28795	0.10945	0.05942	0.19816	0.04950	0.04547	0.00774	0.00545	0.00161	0.00453	0.00645	0.00495	0.05360
15	0.01272	0.00961	0.02991	0.01124	0.01431	0.03665	0.17053	0.03418	0.01210	0.17658	0.01921	0.23124	0.04560	0.05796	0.00694	0.00188	0.00517	0.00798	0.00425	0.11193
16	0.06527	0.01550	0.17218	0.10896	0.06938	0.03295	0.37007	0.01587	0.01153	0.01654	0.01016	0.02958	0.00793	0.00489	0.00542	0.00166	0.00757	0.00519	0.00262	0.04674
17	0.02971	0.10266	0.01875	0.02721	0.01635	0.01413	0.15696	0.09497	0.01124	0.01610	0.00912	0.01243	0.00785	0.00940	0.08007	0.00235	0.30065	0.00460	0.00280	0.08264
18	0.01071	0.01021	0.01530	0.58528	0.05115	0.04039	0.02973	0.01538	0.10873	0.01443	0.01092	0.01492	0.00849	0.02950	0.00624	0.00184	0.03305	0.00486	0.00275	0.00612
19	0.13876	0.15695	0.19265	0.01127	0.01569	0.09012	0.04633	0.08892	0.04922	0.07738	0.02598	0.06320	0.01027	0.00604	0.00464	0.00155	0.00599	0.00466	0.00342	0.00697
20	0.04841	0.09321	0.01496	0.01241	0.07069	0.21560	0.00925	0.15566	0.15208	0.04728	0.01444	0.01478	0.05612	0.00621	0.00513	0.00149	0.02675	0.00462	0.00386	0.04703

[dist]
# distance from previous block
# <min> <max>
3	34

[block]
# block no. 2 follows, 47 sequences, length 17
# corresponding to MSA columns:
# 199-215
name=unknown_C
#
# <colnr> <probs for GDERKNQSTAVLIFYWHMCP>
#	G	D	E	R	K	N	Q	S	T	A	V	L	I	F	Y	W	H	M	C	P
0	0.01155	0.01078	0.01784	0.13281	0.20201	0.01087	0.17033	0.06922	0.03531	0.01683	0.01315	0.07860	0.02790	0.05622	0.00691	0.00181	0.02137	0.00594	0.00315	0.10740
1	0.01076	0.01108	0.08130	0.00847	0.01294	0.03962	0.00738	0.01339	0.01140	0.01717	0.09103	0.01373	0.01196	0.00474	0.00423	0.00097	0.00428	0.00384	0.00327	0.64845
2	0.01137	0.06979	0.33592	0.16146	0.21194	0.01271	0.05957	0.01620	0.04254	0.01600	0.00986	0.01234	0.00753	0.00494	0.00503	0.00162	0.00697	0.00433	0.00247	0.00741
3	0.00646	0.00462	0.00609	0.00722	0.00758	0.00433	0.00487	0.00739	0.01000	0.01327	0.02880	0.73807	0.05261	0.04679	0.00741	0.00223	0.00315	0.04011	0.00477	0.00421
4	0.00640	0.00520	0.00568	0.00574	0.00723	0.00447	0.00424	0.00788	0.01217	0.01523	0.18351	0.13827	0.55964	0.01309	0.00621	0.00178	0.00265	0.01115	0.00500	0.00447
5	0.01304	0.01029	0.01207	0.03481	0.01386	0.00970	0.00761	0.13434	0.10266	0.06081	0.01180	0.01287	0.00923	0.00611	0.02914	0.00139	0.04264	0.00398	0.00379	0.47985
6	0.62836	0.03625	0.14526	0.00881	0.01290	0.02942	0.02395	0.01590	0.00962	0.03879	0.00800	0.00924	0.00607	0.00488	0.00367	0.00160	0.00494	0.00313	0.00307	0.00614
7	0.01821	0.00913	0.01138	0.00926	0.01259	0.00886	0.00746	0.07567	0.17115	0.44464	0.15219	0.02138	0.01951	0.00729	0.00540	0.00164	0.00412	0.00606	0.00600	0.00805
8	0.01110	0.01233	0.09395	0.21297	0.09341	0.01136	0.26702	0.03103	0.01138	0.01592	0.01125	0.01607	0.00916	0.05261	0.00703	0.00189	0.03378	0.02059	0.08073	0.00642
9	0.00626	0.00520	0.00547	0.00556	0.00714	0.00442	0.00411	0.00762	0.01188	0.01447	0.10172	0.12635	0.65523	0.01333	0.00620	0.00179	0.00266	0.01126	0.00490	0.00442
10	0.01281	0.61498	0.10556	0.00960	0.01385	0.01801	0.00979	0.01499	0.01085	0.01350	0.07775	0.01158	0.01054	0.00534	0.00457	0.00129	0.05227	0.00360	0.00255	0.00657
11	0.00836	0.00562	0.00674	0.00628	0.00793	0.00497	0.00474	0.01027	0.01344	0.08760	0.41020	0.04114	0.32628	0.03521	0.00667	0.00178	0.00278	0.00959	0.00538	0.00502
12	0.00719	0.00513	0.00696	0.00813	0.00878	0.00495	0.00620	0.00866	0.01070	0.01411	0.02791	0.49273	0.03224	0.03795	0.00742	0.00231	0.00378	0.30564	0.00477	0.00442
13	0.00820	0.00592	0.00755	0.04473	0.00947	0.00578	0.00552	0.01104	0.06210	0.04172	0.45996	0.10081	0.09872	0.08402	0.00794	0.00203	0.00320	0.03111	0.00516	0.00503
14	0.01096	0.14520	0.67628	0.01396	0.02117	0.01336	0.01770	0.01636	0.01093	0.01586	0.00903	0.01060	0.00661	0.00487	0.00471	0.00157	0.00738	0.00369	0.00220	0.00755
15	0.30073	0.06636	0.17337	0.01210	0.06024	0.02715	0.06887	0.01530	0.02095	0.03388	0.06339	0.01368	0.03334	0.00593	0.00566	0.00166	0.08351	0.00437	0.00308	0.00642
16	0.05809	0.01837	0.28580	0.04539	0.18051	0.09666	0.09400	0.01728	0.07131	0.01688	0.01087	0.01274	0.01934	0.00511	0.00500	0.00158	0.00692	0.00440	0.00276	0.04699

[dist]
# distance from previous block
# <min> <max>
0	12

[block]
# block no. 3 follows, 47 sequences, length 31
# corresponding to MSA columns:
# 231-261
name=unknown_D
#
# <colnr> <probs for GDERKNQSTAVLIFYWHMCP>
#	G	D	E	R	K	N	Q	S	T	A	V	L	I	F	Y	W	H	M	C	P
0	0.03213	0.07026	0.04949	0.02881	0.25672	0.09776	0.06611	0.16075	0.03415	0.05026	0.03273	0.01426	0.00995	0.00581	0.00573	0.00159	0.04866	0.02388	0.00342	0.00753
1	0.36426	0.01390	0.16915	0.01185	0.06951	0.02128	0.03290	0.01731	0.06275	0.10019	0.01075	0.01254	0.00820	0.00568	0.00524	0.00169	0.06175	0.02087	0.00339	0.00679
2	0.08263	0.04607	0.01235	0.00980	0.01308	0.12531	0.00784	0.05840	0.18992	0.21567	0.05051	0.01700	0.04360	0.00651	0.00518	0.00154	0.02463	0.00500	0.00465	0.08032
3	0.01114	0.00933	0.01211	0.00903	0.01313	0.00764	0.06969	0.05376	0.01179	0.03203	0.03551	0.08007	0.01154	0.00539	0.00445	0.00106	0.00424	0.00469	0.02074	0.60266
4	0.04849	0.01027	0.04958	0.11382	0.03361	0.06979	0.04958	0.06379	0.01143	0.01696	0.01278	0.03870	0.01089	0.05646	0.07060	0.00228	0.06292	0.00506	0.24553	0.02748
5	0.00896	0.00452	0.00676	0.00680	0.00681	0.00451	0.00453	0.00680	0.00689	0.00919	0.00969	0.04210	0.00988	0.01803	0.01990	0.82061	0.00447	0.00486	0.00235	0.00233
6	0.00833	0.00612	0.00831	0.00814	0.00920	0.00604	0.03901	0.03965	0.01135	0.04446	0.11615	0.41277	0.10389	0.08694	0.00875	0.00225	0.04261	0.03658	0.00464	0.00481
7	0.01397	0.01317	0.10259	0.03297	0.01561	0.04203	0.03503	0.16815	0.08971	0.07920	0.03211	0.01393	0.02049	0.00539	0.00474	0.00131	0.00517	0.00436	0.00392	0.31615
8	0.14204	0.00944	0.01143	0.00898	0.01272	0.00902	0.00739	0.10681	0.01495	0.54235	0.03640	0.01639	0.01230	0.00628	0.00490	0.00159	0.00439	0.00491	0.03958	0.00814
9	0.01133	0.01580	0.21302	0.16679	0.11819	0.01287	0.25060	0.01538	0.01100	0.01550	0.00943	0.01277	0.00730	0.00533	0.00698	0.00177	0.11169	0.00490	0.00241	0.00694
10	0.00643	0.00460	0.00612	0.00719	0.00757	0.00429	0.00484	0.00746	0.01037	0.01392	0.09102	0.74948	0.03566	0.01585	0.00661	0.00208	0.00297	0.01436	0.00491	0.00429
11	0.00669	0.00562	0.03706	0.00748	0.00831	0.00471	0.00555	0.00804	0.01065	0.01421	0.08878	0.61748	0.09205	0.01507	0.00653	0.00205	0.00324	0.05721	0.00480	0.00447
12	0.01833	0.01009	0.01373	0.13799	0.08412	0.01023	0.00983	0.11919	0.08608	0.40039	0.01708	0.01764	0.01191	0.00641	0.00530	0.00166	0.00514	0.03163	0.00513	0.00812
13	0.00687	0.00496	0.00657	0.00738	0.00809	0.00466	0.00537	0.00835	0.01136	0.01524	0.18274	0.49788	0.07392	0.01470	0.00661	0.00205	0.00317	0.13060	0.00501	0.00447
14	0.00778	0.00543	0.00706	0.00661	0.00794	0.00501	0.00499	0.01014	0.01440	0.04329	0.69440	0.03840	0.09005	0.01147	0.02846	0.00183	0.00285	0.00928	0.00562	0.00499
15	0.03753	0.71521	0.08549	0.00943	0.01405	0.03976	0.00965	0.01579	0.01067	0.01291	0.00742	0.00859	0.00665	0.00453	0.00350	0.00118	0.00579	0.00288	0.00227	0.00672
16	0.00697	0.00531	0.00641	0.00614	0.00754	0.00474	0.00460	0.00906	0.01380	0.01866	0.54405	0.04256	0.28822	0.01148	0.00615	0.00168	0.00252	0.00993	0.00544	0.00474
17	0.01190	0.00972	0.01166	0.00848	0.01301	0.00785	0.02613	0.05358	0.04245	0.04933	0.01040	0.01160	0.00832	0.00423	0.00410	0.00091	0.00412	0.00345	0.00341	0.71534
18	0.04286	0.00936	0.02725	0.02344	0.01317	0.00887	0.02719	0.05444	0.15712	0.38166	0.14723	0.03430	0.03487	0.00740	0.00540	0.00166	0.00425	0.00622	0.00564	0.00769
19	0.01996	0.01316	0.01460	0.01127	0.01527	0.01417	0.00926	0.58554	0.04482	0.17506	0.01439	0.01423	0.01008	0.02637	0.00574	0.00166	0.00542	0.00490	0.00540	0.00870
20	0.07852	0.01206	0.01342	0.01053	0.01435	0.01281	0.00860	0.41944	0.08192	0.24220	0.01524	0.01499	0.01068	0.03398	0.00581	0.00172	0.00509	0.00491	0.00535	0.00839
21	0.01266	0.17006	0.06336	0.02293	0.01216	0.01017	0.00786	0.03375	0.06461	0.17120	0.10411	0.21164	0.04961	0.00917	0.00571	0.00168	0.03074	0.00766	0.00448	0.00642
22	0.02155	0.00934	0.01195	0.00927	0.01307	0.00863	0.00762	0.13174	0.01595	0.60892	0.01972	0.01769	0.02665	0.00652	0.00514	0.00158	0.00444	0.00524	0.06649	0.00849
23	0.00709	0.00495	0.00644	0.00694	0.00774	0.00455	0.00487	0.00855	0.01176	0.03547	0.27208	0.49276	0.08926	0.01403	0.00642	0.00192	0.00285	0.01257	0.00516	0.00458
24	0.01112	0.01190	0.03706	0.04748	0.02198	0.01135	0.48797	0.04514	0.01216	0.01650	0.03628	0.15351	0.03209	0.00716	0.00662	0.00183	0.04258	0.00762	0.00322	0.00640
25	0.01932	0.03908	0.01555	0.01163	0.01569	0.01566	0.00961	0.67680	0.04905	0.06116	0.01302	0.01317	0.00935	0.01963	0.00551	0.00162	0.00561	0.00474	0.00513	0.00867
26	0.00644	0.00473	0.00606	0.00698	0.00757	0.00434	0.00480	0.00755	0.01063	0.01402	0.08842	0.63396	0.13800	0.01542	0.00655	0.00204	0.00297	0.03029	0.00490	0.00432
27	0.00685	0.00526	0.00631	0.00661	0.00777	0.00481	0.00483	0.00879	0.03496	0.01593	0.23562	0.28995	0.29158	0.01339	0.00633	0.00187	0.00286	0.04660	0.00508	0.00461
28	0.16077	0.11045	0.41987	0.03341	0.04274	0.01324	0.05173	0.04974	0.04115	0.01811	0.00941	0.01093	0.00703	0.00498	0.00456	0.00159	0.00657	0.00382	0.00267	0.00723
29	0.14153	0.01037	0.01199	0.00976	0.01284	0.04022	0.00798	0.10446	0.03633	0.37205	0.06895	0.01625	0.01301	0.00741	0.02130	0.00181	0.10624	0.00498	0.00501	0.00751
30	0.03472	0.10284	0.07449	0.03561	0.01585	0.01534	0.01053	0.38742	0.01693	0.02329	0.01086	0.04213	0.00886	0.00678	0.00732	0.00167	0.16553	0.00469	0.00386	0.03129

[dist]
# distance from previous block
# <min> <max>
0	6

[block]
# block no. 4 follows, 47 sequences, length 13
# corresponding to MSA columns:
# 268-280
name=unknown_E
#
# <colnr> <probs for GDERKNQSTAVLIFYWHMCP>
#	G	D	E	R	K	N	Q	S	T	A	V	L	I	F	Y	W	H	M	C	P
0	0.15967	0.01174	0.01410	0.01156	0.01388	0.04674	0.07651	0.14500	0.06182	0.01891	0.01034	0.01408	0.00897	0.09107	0.01057	0.00212	0.24149	0.00469	0.00333	0.05340
1	0.25993	0.01486	0.14566	0.02545	0.01527	0.04501	0.00997	0.27301	0.03147	0.08682	0.03772	0.01245	0.00928	0.00575	0.00460	0.00160	0.00549	0.00418	0.00408	0.00740
2	0.00893	0.00457	0.00669	0.00669	0.00669	0.00457	0.00441	0.00685	0.00685	0.00913	0.00965	0.01732	0.00986	0.08350	0.02086	0.77943	0.00457	0.00477	0.00233	0.00233
3	0.01154	0.23229	0.51173	0.01404	0.02064	0.01442	0.09470	0.01628	0.01102	0.01541	0.00892	0.01063	0.00676	0.00476	0.00465	0.00152	0.00726	0.00381	0.00225	0.00736
4	0.11360	0.00612	0.00711	0.00665	0.00831	0.00586	0.00502	0.01116	0.01297	0.08203	0.43134	0.09547	0.14333	0.04057	0.00651	0.00181	0.00298	0.00883	0.00518	0.00513
5	0.64997	0.11090	0.01064	0.00745	0.01083	0.01290	0.00632	0.07678	0.01043	0.02261	0.00804	0.00918	0.00632	0.00495	0.00342	0.00153	0.00430	0.00304	0.03438	0.00600
6	0.07819	0.00580	0.00748	0.00726	0.00789	0.00615	0.00508	0.01007	0.10242	0.01179	0.01041	0.01568	0.00962	0.01564	0.01709	0.67445	0.00443	0.00455	0.00272	0.00328
7	0.01697	0.01255	0.01447	0.07579	0.01659	0.01399	0.00971	0.53295	0.01993	0.05358	0.01237	0.01369	0.00924	0.01029	0.10394	0.00243	0.03840	0.00476	0.00454	0.03382
8	0.00676	0.00495	0.00654	0.00733	0.00771	0.00485	0.00500	0.00781	0.01032	0.01400	0.12057	0.63348	0.03412	0.06754	0.00831	0.00225	0.03618	0.01324	0.00473	0.00431
9	0.01876	0.01209	0.10876	0.01035	0.01413	0.06019	0.00931	0.03620	0.01402	0.48191	0.09794	0.01798	0.01498	0.00685	0.00622	0.00165	0.07024	0.00532	0.00523	0.00786
10	0.01503	0.09701	0.01726	0.01201	0.01564	0.02820	0.10286	0.23629	0.04450	0.07073	0.01114	0.01282	0.00873	0.02416	0.00710	0.00158	0.12311	0.00448	0.00374	0.16363
11	0.02322	0.02334	0.10731	0.02371	0.07454	0.01961	0.00874	0.03003	0.03969	0.07153	0.13782	0.08749	0.01945	0.13151	0.12000	0.00315	0.06259	0.00672	0.00376	0.00580
12	0.06257	0.09029	0.05383	0.01212	0.03216	0.28761	0.02397	0.07963	0.05481	0.03805	0.01348	0.02074	0.01233	0.00739	0.00561	0.00166	0.03677	0.15707	0.00352	0.00639

[dist]
# distance from previous block
# <min> <max>
6	93

[block]
# block no. 5 follows, 47 sequences, length 8
# corresponding to MSA columns:
# 383-390
name=unknown_F
#
# <colnr> <probs for GDERKNQSTAVLIFYWHMCP>
#	G	D	E	R	K	N	Q	S	T	A	V	L	I	F	Y	W	H	M	C	P
0	0.01401	0.04311	0.03108	0.05416	0.29731	0.17591	0.02659	0.01733	0.06119	0.04993	0.01158	0.01529	0.00977	0.00556	0.00498	0.00147	0.00634	0.05149	0.00312	0.11978
1	0.01490	0.01054	0.01177	0.01002	0.02913	0.01124	0.00762	0.38726	0.06274	0.07358	0.04497	0.07858	0.07295	0.14989	0.00916	0.00225	0.00490	0.00667	0.00484	0.00700
2	0.04325	0.00879	0.01060	0.05543	0.01318	0.00921	0.00752	0.04416	0.26967	0.23206	0.04754	0.19886	0.01932	0.00890	0.00554	0.00178	0.00411	0.00763	0.00528	0.00718
3	0.01218	0.00942	0.01004	0.00900	0.01158	0.01040	0.00700	0.06666	0.46703	0.04734	0.06782	0.02350	0.10236	0.00775	0.00520	0.00166	0.00373	0.00642	0.12370	0.00720
4	0.01176	0.01045	0.01586	0.55912	0.10289	0.01240	0.01350	0.12082	0.07029	0.01705	0.01067	0.01401	0.00801	0.00544	0.00521	0.00170	0.00649	0.00473	0.00297	0.00664
5	0.00662	0.00514	0.00597	0.00632	0.00750	0.00459	0.00463	0.00800	0.01154	0.01466	0.13509	0.24345	0.39649	0.05512	0.00741	0.00206	0.00302	0.07315	0.00486	0.00439
6	0.02144	0.00830	0.01107	0.00864	0.01228	0.00726	0.00709	0.02351	0.01434	0.67984	0.02004	0.01796	0.01296	0.00639	0.00501	0.00156	0.00415	0.00518	0.12468	0.00830
7	0.00670	0.00513	0.00602	0.00611	0.00729	0.00458	0.00440	0.00823	0.01219	0.01596	0.29250	0.19191	0.33881	0.06727	0.00762	0.00201	0.00281	0.01096	0.00503	0.00446

[dist]
# distance from previous block
# <min> <max>
5	88

[block]
# block no. 6 follows, 47 sequences, length 82
# corresponding to MSA columns:
# 488-529,560-584,586-588,617-628
name=unknown_G
#
# <colnr> <probs for GDERKNQSTAVLIFYWHMCP>
#	G	D	E	R	K	N	Q	S	T	A	V	L	I	F	Y	W	H	M	C	P
0	0.01905	0.01241	0.01387	0.01082	0.01467	0.01317	0.00885	0.50804	0.05231	0.18097	0.01514	0.04572	0.01107	0.00663	0.00518	0.00156	0.00513	0.00520	0.03283	0.03739
1	0.10030	0.01192	0.06618	0.01047	0.01467	0.01063	0.07292	0.18795	0.05643	0.04525	0.04899	0.02729	0.01091	0.00623	0.02261	0.00150	0.00517	0.00453	0.00387	0.29219
2	0.01257	0.00954	0.01190	0.03530	0.02851	0.00985	0.02951	0.22472	0.04711	0.03212	0.03340	0.08035	0.03511	0.00990	0.02873	0.06577	0.03240	0.11465	0.02098	0.13758
3	0.01374	0.01337	0.01609	0.04311	0.03870	0.15100	0.16611	0.17801	0.03025	0.01892	0.01715	0.05804	0.10281	0.00769	0.02196	0.00172	0.00649	0.02639	0.01637	0.07205
4	0.01293	0.01298	0.03638	0.16929	0.32038	0.05993	0.12842	0.09284	0.01291	0.01730	0.01124	0.02961	0.02673	0.00555	0.00585	0.00165	0.04075	0.00513	0.00289	0.00724
5	0.01021	0.00964	0.01630	0.70926	0.12813	0.01167	0.01465	0.01364	0.01059	0.01376	0.00932	0.01376	0.00710	0.00514	0.00520	0.00171	0.00685	0.00463	0.00235	0.00609
6	0.85377	0.01007	0.00765	0.00685	0.01007	0.01168	0.00564	0.01531	0.00886	0.02336	0.00725	0.00846	0.00564	0.00483	0.00322	0.00161	0.00403	0.00282	0.00322	0.00564
7	0.01416	0.70389	0.05662	0.00944	0.01387	0.05792	0.00935	0.04411	0.01140	0.01338	0.02161	0.00922	0.00753	0.00470	0.00359	0.00117	0.00579	0.00305	0.00242	0.00674
8	0.00985	0.00730	0.00835	0.00782	0.00922	0.00744	0.00549	0.12548	0.09033	0.01634	0.01970	0.27905	0.02119	0.28648	0.01285	0.00289	0.00431	0.00893	0.00423	0.07274
9	0.00634	0.00456	0.00602	0.00718	0.00754	0.00424	0.00480	0.00726	0.01004	0.01332	0.02952	0.78755	0.05995	0.01621	0.00663	0.00210	0.00301	0.01467	0.00483	0.00424
10	0.00733	0.00493	0.00643	0.00709	0.00783	0.00452	0.00492	0.00857	0.01110	0.05289	0.14747	0.59627	0.09167	0.01471	0.00646	0.00199	0.00297	0.01321	0.00505	0.00458
11	0.04369	0.00830	0.01051	0.00853	0.01173	0.00767	0.00688	0.05047	0.06573	0.46907	0.17222	0.02414	0.08227	0.00780	0.00543	0.00164	0.00392	0.00647	0.00595	0.00758
12	0.00824	0.00562	0.00748	0.00768	0.00896	0.00529	0.00613	0.01044	0.01319	0.05163	0.38195	0.12504	0.07824	0.01242	0.00650	0.00194	0.00339	0.25558	0.00531	0.00495
13	0.85377	0.01007	0.00765	0.00685	0.01007	0.01168	0.00564	0.01531	0.00886	0.02336	0.00725	0.00846	0.00564	0.00483	0.00322	0.00161	0.00403	0.00282	0.00322	0.00564
14	0.01991	0.01440	0.01551	0.01189	0.01606	0.01587	0.00982	0.74291	0.02417	0.05749	0.01277	0.01267	0.00899	0.00626	0.00521	0.00156	0.00569	0.00471	0.00525	0.00886
15	0.01080	0.00926	0.01080	0.00771	0.01234	0.00694	0.00617	0.01311	0.01080	0.01697	0.00926	0.01080	0.00771	0.00386	0.00386	0.00077	0.00386	0.00309	0.00309	0.84882
16	0.00757	0.00505	0.00568	0.00568	0.00568	0.00505	0.00316	0.00757	0.00757	0.01010	0.01641	0.03408	0.01893	0.81698	0.02651	0.00505	0.00505	0.00757	0.00316	0.00316
17	0.85377	0.01007	0.00765	0.00685	0.01007	0.01168	0.00564	0.01531	0.00886	0.02336	0.00725	0.00846	0.00564	0.00483	0.00322	0.00161	0.00403	0.00282	0.00322	0.00564
18	0.00846	0.00562	0.00671	0.00633	0.00802	0.00493	0.00478	0.01027	0.01319	0.09826	0.33377	0.09299	0.36396	0.01169	0.00609	0.00172	0.00278	0.01002	0.00536	0.00506
19	0.00639	0.00457	0.00610	0.00731	0.00763	0.00427	0.00492	0.00734	0.01002	0.01335	0.02868	0.79550	0.03434	0.01627	0.00666	0.00212	0.00306	0.03241	0.00483	0.00424
20	0.01980	0.01459	0.01563	0.01198	0.01615	0.01615	0.00990	0.76713	0.02448	0.03282	0.01250	0.01250	0.00886	0.00625	0.00521	0.00156	0.00573	0.00469	0.00521	0.00886
21	0.01080	0.00926	0.01080	0.00771	0.01234	0.00694	0.00617	0.01311	0.01080	0.01697	0.00926	0.01080	0.00771	0.00386	0.00386	0.00077	0.00386	0.00309	0.00309	0.84882
22	0.05123	0.00702	0.00826	0.00788	0.00937	0.00719	0.00593	0.12578	0.04170	0.01949	0.27382	0.22648	0.03142	0.09034	0.00803	0.00215	0.00368	0.06996	0.00496	0.00532
23	0.01188	0.01220	0.01588	0.01366	0.01382	0.06270	0.01131	0.01303	0.00838	0.01255	0.00691	0.01127	0.00683	0.00889	0.01635	0.00222	0.75963	0.00449	0.00230	0.00572
24	0.00757	0.00505	0.00568	0.00568	0.00568	0.00505	0.00316	0.00757	0.00757	0.01010	0.01641	0.03408	0.01893	0.81698	0.02651	0.00505	0.00505	0.00757	0.00316	0.00316
25	0.00939	0.00638	0.00788	0.00726	0.00802	0.00652	0.02606	0.06751	0.00972	0.05107	0.01766	0.10416	0.03306	0.55120	0.04695	0.00421	0.02729	0.00779	0.00362	0.00423
26	0.01945	0.02482	0.01476	0.01342	0.01610	0.79608	0.01006	0.02079	0.01476	0.01275	0.00805	0.00939	0.00671	0.00537	0.00470	0.00134	0.00939	0.00335	0.00268	0.00604
27	0.01979	0.01485	0.01561	0.01202	0.01615	0.03648	0.00990	0.74768	0.02423	0.03230	0.01239	0.01242	0.00880	0.00623	0.00520	0.00156	0.00583	0.00465	0.00514	0.00878
28	0.00651	0.00522	0.00582	0.00587	0.00734	0.00453	0.00436	0.00807	0.01235	0.01562	0.22140	0.12860	0.51546	0.01295	0.00622	0.00178	0.00268	0.02567	0.00505	0.00451
29	0.01941	0.01429	0.01532	0.01178	0.01582	0.01580	0.00969	0.74319	0.02395	0.03210	0.01263	0.01318	0.00917	0.03180	0.00588	0.00167	0.00571	0.00478	0.00514	0.00868
30	0.00901	0.00636	0.00804	0.00755	0.00913	0.00625	0.00587	0.02915	0.09296	0.05316	0.56126	0.03701	0.04056	0.01099	0.02323	0.00187	0.00327	0.08329	0.00555	0.00549
31	0.85377	0.01007	0.00765	0.00685	0.01007	0.01168	0.00564	0.01531	0.00886	0.02336	0.00725	0.00846	0.00564	0.00483	0.00322	0.00161	0.00403	0.00282	0.00322	0.00564
32	0.01712	0.01130	0.01240	0.00997	0.01326	0.03814	0.00807	0.37957	0.04454	0.17102	0.11682	0.01888	0.03749	0.00812	0.03108	0.00179	0.00508	0.00563	0.06204	0.00769
33	0.00681	0.00524	0.00622	0.00611	0.00747	0.00465	0.00453	0.00869	0.01321	0.01757	0.43201	0.10808	0.33636	0.01212	0.00619	0.00173	0.00258	0.01049	0.00530	0.00465
34	0.06080	0.01015	0.01264	0.00974	0.01376	0.00966	0.00804	0.18416	0.01668	0.59077	0.01821	0.01618	0.01169	0.00633	0.00514	0.00160	0.00469	0.00501	0.00603	0.00871
35	0.01945	0.02482	0.01476	0.01342	0.01610	0.79608	0.01006	0.02079	0.01476	0.01275	0.00805	0.00939	0.00671	0.00537	0.00470	0.00134	0.00939	0.00335	0.00268	0.00604
36	0.01102	0.00659	0.00703	0.00648	0.00809	0.00691	0.00494	0.12322	0.04823	0.02024	0.01703	0.04176	0.02801	0.02831	0.03136	0.04360	0.00356	0.00535	0.55286	0.00540
37	0.00776	0.00526	0.00749	0.00769	0.00848	0.00579	0.00581	0.00914	0.00882	0.01288	0.01614	0.12455	0.01597	0.02928	0.49480	0.09507	0.00991	0.03003	0.10075	0.00437
38	0.01154	0.00979	0.01143	0.00837	0.01271	0.00817	0.00674	0.06988	0.02371	0.01801	0.00957	0.01109	0.00788	0.00435	0.00464	0.00092	0.04379	0.00332	0.00324	0.73083
39	0.01504	0.01043	0.01214	0.00897	0.01339	0.00920	0.00729	0.19038	0.01468	0.15283	0.01195	0.01238	0.00887	0.00486	0.00441	0.00110	0.00439	0.00383	0.00415	0.50972
40	0.21642	0.05323	0.01333	0.07589	0.04609	0.13587	0.00895	0.18068	0.05301	0.05521	0.01072	0.01196	0.00819	0.00572	0.00508	0.00156	0.04771	0.00402	0.05956	0.00680
41	0.01765	0.01348	0.05264	0.03373	0.01596	0.01358	0.00966	0.50145	0.06290	0.09613	0.01370	0.04048	0.01021	0.00633	0.00512	0.00153	0.00538	0.00495	0.00487	0.09025
42	0.03738	0.03836	0.01286	0.01106	0.04586	0.04992	0.03114	0.26725	0.04316	0.03508	0.11162	0.16729	0.01911	0.00916	0.01787	0.00179	0.03835	0.02023	0.01973	0.02279
43	0.01346	0.11893	0.01732	0.18652	0.11574	0.16847	0.04985	0.05560	0.04401	0.01544	0.01061	0.01302	0.02270	0.00616	0.02135	0.00164	0.04968	0.00433	0.03157	0.05361
44	0.08585	0.01093	0.01380	0.13875	0.18447	0.04307	0.01021	0.16049	0.02879	0.05836	0.07915	0.01757	0.06158	0.00630	0.00502	0.00156	0.00523	0.00524	0.03754	0.04607
45	0.01926	0.01304	0.01447	0.01107	0.01523	0.01376	0.00911	0.55187	0.04136	0.15140	0.01368	0.01334	0.00957	0.00606	0.00508	0.00149	0.00529	0.00464	0.00519	0.09508
46	0.00633	0.00459	0.00599	0.00711	0.00752	0.00424	0.00477	0.00727	0.01011	0.01335	0.03044	0.75848	0.08842	0.01609	0.00661	0.00209	0.00299	0.01453	0.00483	0.00424
47	0.00661	0.00473	0.00634	0.00745	0.00790	0.00445	0.00521	0.00776	0.01045	0.01396	0.07107	0.69203	0.03481	0.01580	0.00667	0.00212	0.00317	0.09026	0.00488	0.00433
48	0.00778	0.00572	0.00757	0.00845	0.00969	0.00551	0.00712	0.00988	0.01200	0.01550	0.08164	0.10995	0.16595	0.01406	0.00690	0.00221	0.00413	0.51637	0.00487	0.00469
49	0.02336	0.00886	0.01209	0.00927	0.01329	0.00765	0.00765	0.02538	0.01491	0.78810	0.02055	0.01773	0.01289	0.00645	0.00524	0.00161	0.00443	0.00524	0.00645	0.00886
50	0.01392	0.82012	0.02729	0.00891	0.01337	0.02061	0.00891	0.01559	0.01058	0.01225	0.00724	0.00835	0.00668	0.00446	0.00334	0.00111	0.00557	0.00278	0.00223	0.00668
51	0.00656	0.00533	0.00585	0.00592	0.00750	0.00462	0.00453	0.00815	0.01230	0.01530	0.17016	0.07000	0.57525	0.01296	0.00626	0.00180	0.00281	0.07524	0.00498	0.00451
52	0.01009	0.00965	0.01604	0.68435	0.03283	0.01217	0.03267	0.01329	0.01015	0.01329	0.00898	0.01357	0.00695	0.00568	0.00674	0.00181	0.10897	0.00466	0.00232	0.00580
53	0.02482	0.00530	0.00530	0.00515	0.00651	0.00539	0.00390	0.03986	0.01138	0.01998	0.01665	0.01897	0.01305	0.00605	0.00369	0.00123	0.00258	0.00481	0.80036	0.00501
54	0.00634	0.00453	0.00604	0.00725	0.00755	0.00423	0.00483	0.00725	0.00997	0.01329	0.02870	0.81358	0.03444	0.01632	0.00665	0.00211	0.00302	0.01480	0.00483	0.00423
55	0.01080	0.00926	0.01080	0.00771	0.01234	0.00694	0.00617	0.01311	0.01080	0.01697	0.00926	0.01080	0.00771	0.00386	0.00386	0.00077	0.00386	0.00309	0.00309	0.84882
56	0.85377	0.01007	0.00765	0.00685	0.01007	0.01168	0.00564	0.01531	0.00886	0.02336	0.00725	0.00846	0.00564	0.00483	0.00322	0.00161	0.00403	0.00282	0.00322	0.00564
57	0.02595	0.00643	0.00864	0.00959	0.01098	0.00654	0.00831	0.01214	0.05617	0.03082	0.02666	0.05467	0.02834	0.01362	0.00697	0.00233	0.00473	0.67719	0.00482	0.00509
58	0.01045	0.02694	0.79000	0.01484	0.02254	0.01209	0.01924	0.01649	0.01099	0.01649	0.00935	0.01099	0.00660	0.00495	0.00495	0.00165	0.00770	0.00385	0.00220	0.00770
59	0.85377	0.01007	0.00765	0.00685	0.01007	0.01168	0.00564	0.01531	0.00886	0.02336	0.00725	0.00846	0.00564	0.00483	0.00322	0.00161	0.00403	0.00282	0.00322	0.00564
60	0.37870	0.01038	0.01050	0.00854	0.01207	0.01107	0.00702	0.18318	0.01416	0.24412	0.01283	0.01270	0.00892	0.00569	0.00426	0.00158	0.00442	0.00405	0.05859	0.00722
61	0.01080	0.00926	0.01080	0.00771	0.01234	0.00694	0.00617	0.01311	0.01080	0.01697	0.00926	0.01080	0.00771	0.00386	0.00386	0.00077	0.00386	0.00309	0.00309	0.84882
62	0.00773	0.00539	0.00706	0.00663	0.00791	0.00496	0.00498	0.01014	0.01465	0.03895	0.74792	0.05459	0.04797	0.01067	0.00613	0.00165	0.00252	0.00943	0.00573	0.00499
63	0.00737	0.00498	0.00580	0.00598	0.00609	0.00491	0.00351	0.00763	0.00831	0.01115	0.05628	0.16002	0.02293	0.64795	0.02230	0.00441	0.00459	0.00883	0.00355	0.00342
64	0.27522	0.41893	0.01888	0.00890	0.01280	0.07429	0.00805	0.08583	0.01174	0.03383	0.00807	0.00904	0.00669	0.00485	0.00362	0.00134	0.00536	0.00307	0.00293	0.00656
65	0.05319	0.06617	0.39801	0.11655	0.20293	0.01251	0.01616	0.01625	0.02684	0.03035	0.00966	0.01182	0.00729	0.00494	0.00486	0.00160	0.00681	0.00409	0.00250	0.00746
66	0.01458	0.01588	0.01675	0.03708	0.04535	0.26449	0.08657	0.06750	0.01205	0.01489	0.00859	0.01156	0.00737	0.00684	0.00986	0.00179	0.33034	0.00436	0.03793	0.00622
67	0.27251	0.01087	0.02765	0.00918	0.01304	0.02651	0.00771	0.14308	0.01456	0.40256	0.01474	0.01377	0.00979	0.00588	0.00461	0.00160	0.00469	0.00435	0.00511	0.00781
68	0.05388	0.04664	0.09756	0.06162	0.01515	0.04550	0.07091	0.06802	0.02721	0.03871	0.01183	0.01485	0.00952	0.00643	0.00714	0.00165	0.17107	0.01931	0.22681	0.00620
69	0.00647	0.00461	0.00598	0.00702	0.00734	0.00432	0.00463	0.00729	0.00978	0.01299	0.02820	0.70728	0.05725	0.09980	0.00870	0.00241	0.00322	0.01393	0.00466	0.00412
70	0.00839	0.00603	0.00690	0.00647	0.00825	0.00557	0.00492	0.01142	0.08113	0.06518	0.32361	0.04016	0.36406	0.01104	0.00594	0.00169	0.00281	0.00939	0.03182	0.00522
71	0.85377	0.01007	0.00765	0.00685	0.01007	0.01168	0.00564	0.01531	0.00886	0.02336	0.00725	0.00846	0.00564	0.00483	0.00322	0.00161	0.00403	0.00282	0.00322	0.00564
72	0.00694	0.00531	0.00646	0.00683	0.00810	0.00483	0.00527	0.00868	0.01221	0.01580	0.20791	0.18187	0.32615	0.01341	0.00646	0.00193	0.00312	0.16913	0.00503	0.00457
73	0.00640	0.00457	0.00610	0.00731	0.00764	0.00428	0.00493	0.00734	0.01002	0.01335	0.02867	0.79367	0.03433	0.01626	0.00666	0.00212	0.00307	0.03419	0.00483	0.00424
74	0.01099	0.00874	0.00942	0.00882	0.01107	0.02669	0.00694	0.07352	0.29133	0.04262	0.02949	0.05723	0.22846	0.01056	0.00658	0.04376	0.00405	0.11856	0.00490	0.00626
75	0.01133	0.01093	0.01608	0.57135	0.14283	0.06384	0.01385	0.04608	0.02811	0.01483	0.01054	0.01424	0.02329	0.00538	0.00519	0.00168	0.00679	0.00471	0.00262	0.00632
76	0.01080	0.00926	0.01080	0.00771	0.01234	0.00694	0.00617	0.01311	0.01080	0.01697	0.00926	0.01080	0.00771	0.00386	0.00386	0.00077	0.00386	0.00309	0.00309	0.84882
77	0.00634	0.00455	0.00602	0.00720	0.00754	0.00423	0.00481	0.00726	0.01002	0.01331	0.02929	0.79497	0.05268	0.01624	0.00663	0.00211	0.00301	0.01471	0.00483	0.00423
78	0.00974	0.00911	0.01529	0.77438	0.03481	0.01132	0.01410	0.01317	0.01058	0.01359	0.03838	0.01483	0.00853	0.00541	0.00524	0.00173	0.00677	0.00481	0.00244	0.00575
79	0.01226	0.01395	0.03017	0.02164	0.02671	0.01327	0.73715	0.01652	0.01213	0.01652	0.01040	0.01395	0.00786	0.00457	0.00656	0.00178	0.03889	0.00609	0.00262	0.00697
80	0.01203	0.01113	0.01884	0.25635	0.51898	0.01181	0.01499	0.01516	0.01137	0.03322	0.01004	0.01357	0.00815	0.00614	0.03500	0.00186	0.00666	0.00469	0.00260	0.00741
81	0.26485	0.05599	0.01218	0.00973	0.01299	0.14805	0.00787	0.11422	0.12205	0.13257	0.03292	0.01472	0.01085	0.00615	0.00455	0.00158	0.00532	0.03225	0.00422	0.00696

[dist]
# distance from previous block
# <min> <max>
5	7

[block]
# block no. 7 follows, 47 sequences, length 20
# corresponding to MSA columns:
# 643-662
name=unknown_H
#
# <colnr> <probs for GDERKNQSTAVLIFYWHMCP>
#	G	D	E	R	K	N	Q	S	T	A	V	L	I	F	Y	W	H	M	C	P
0	0.00666	0.00474	0.00627	0.00730	0.00771	0.00448	0.00502	0.00771	0.01022	0.01365	0.06669	0.65199	0.03369	0.07386	0.00811	0.00233	0.00329	0.07730	0.00476	0.00424
1	0.00839	0.00552	0.00718	0.00673	0.00812	0.00504	0.00505	0.01065	0.01426	0.07556	0.63408	0.09207	0.08567	0.01088	0.00611	0.00168	0.00265	0.00958	0.00567	0.00512
2	0.00671	0.00538	0.00604	0.00612	0.00769	0.00472	0.00475	0.00841	0.01248	0.01568	0.19991	0.04896	0.52992	0.01282	0.00629	0.00182	0.00289	0.10984	0.00502	0.00456
3	0.01288	0.01021	0.01144	0.00920	0.01303	0.00987	0.00728	0.03907	0.34873	0.07535	0.01542	0.01515	0.01173	0.00552	0.00463	0.00129	0.00406	0.00452	0.00436	0.39625
4	0.01059	0.00618	0.00818	0.00767	0.00837	0.00649	0.00542	0.09752	0.06398	0.01275	0.01032	0.01570	0.00951	0.01591	0.01750	0.68835	0.00464	0.00464	0.00283	0.00346
5	0.08002	0.33609	0.29300	0.01259	0.05659	0.11203	0.01280	0.01655	0.01117	0.01494	0.00822	0.00966	0.00665	0.00478	0.00416	0.00139	0.00670	0.00333	0.00237	0.00696
6	0.05603	0.00829	0.01099	0.00868	0.01218	0.00734	0.00708	0.02221	0.01462	0.62007	0.15428	0.02107	0.01898	0.00712	0.00531	0.00162	0.00407	0.00587	0.00618	0.00803
