[name]
unknown

[dist]
# distance from previous block
# <min> <max>
0	117

[block]
# block no. 0 follows, 41 sequences, length 40
# corresponding to MSA columns:
# 160-165,167-200
name=unknown_A
#
# <colnr> <probs for GDERKNQSTAVLIFYWHMCP>
#	G	D	E	R	K	N	Q	S	T	A	V	L	I	F	Y	W	H	M	C	P
0	0.09170	0.00769	0.00996	0.04675	0.03406	0.00792	0.00905	0.03379	0.01315	0.01873	0.04632	0.05010	0.04556	0.01295	0.00695	0.00233	0.00512	0.49679	0.02985	0.03122
1	0.57988	0.01134	0.01075	0.14424	0.01664	0.03192	0.00828	0.03534	0.01108	0.06685	0.00944	0.01115	0.00710	0.00551	0.00417	0.00176	0.00520	0.00368	0.00361	0.03208
2	0.00727	0.00552	0.00671	0.00719	0.00832	0.00497	0.00518	0.00888	0.01297	0.01698	0.21431	0.34433	0.27597	0.01523	0.00702	0.00208	0.00312	0.04349	0.00554	0.00491
3	0.01386	0.01741	0.15455	0.11014	0.36657	0.09353	0.08180	0.01809	0.03117	0.01769	0.01139	0.01535	0.00931	0.00568	0.00575	0.00177	0.00770	0.02719	0.00289	0.00816
4	0.00699	0.00580	0.00612	0.00604	0.00787	0.00493	0.00453	0.00866	0.01359	0.01676	0.18095	0.05289	0.63716	0.01400	0.00676	0.00191	0.00286	0.01177	0.00548	0.00493
5	0.42738	0.00961	0.02209	0.00925	0.05476	0.01009	0.00688	0.03491	0.01281	0.02413	0.27016	0.02270	0.04154	0.00781	0.00496	0.00177	0.00401	0.00607	0.02292	0.00617
6	0.78569	0.01178	0.03104	0.00798	0.01170	0.01302	0.00680	0.04302	0.01042	0.02582	0.00824	0.00953	0.00635	0.00537	0.00367	0.00177	0.00461	0.00320	0.00359	0.00639
7	0.04020	0.01815	0.22136	0.08420	0.10432	0.01391	0.34407	0.01837	0.05030	0.01845	0.01143	0.01445	0.00860	0.00534	0.00627	0.00188	0.02227	0.00561	0.00290	0.00793
8	0.00741	0.00580	0.00672	0.00653	0.00814	0.00510	0.00488	0.00946	0.01451	0.01906	0.39795	0.06965	0.39787	0.01323	0.00677	0.00188	0.00281	0.01135	0.00579	0.00510
9	0.01195	0.09303	0.66412	0.01686	0.06711	0.01408	0.01998	0.01800	0.01209	0.01776	0.01010	0.01196	0.00736	0.00537	0.00530	0.00176	0.00816	0.00418	0.00244	0.00840
10	0.01222	0.01162	0.01972	0.46741	0.34611	0.01308	0.01659	0.01586	0.01211	0.01634	0.01042	0.01479	0.00823	0.00546	0.00569	0.00182	0.00727	0.00509	0.00266	0.00750
11	0.00788	0.00643	0.02974	0.00739	0.00889	0.00546	0.00572	0.01031	0.01499	0.02076	0.55416	0.14219	0.13938	0.01268	0.00678	0.00188	0.00297	0.01116	0.00593	0.00532
12	0.01932	0.23996	0.01978	0.01312	0.01659	0.52807	0.01054	0.03813	0.01520	0.01463	0.03042	0.01102	0.00876	0.00581	0.00481	0.00142	0.00884	0.00374	0.00297	0.00686
13	0.76483	0.01094	0.00885	0.00777	0.01139	0.01243	0.00640	0.01783	0.01034	0.09361	0.00930	0.01022	0.00692	0.00547	0.00374	0.00177	0.00447	0.00334	0.00386	0.00652
14	0.01532	0.03643	0.02006	0.22721	0.35123	0.05430	0.03325	0.06095	0.03146	0.09672	0.01214	0.01483	0.00930	0.00567	0.00564	0.00175	0.00697	0.00510	0.00344	0.00824
15	0.03186	0.04946	0.48538	0.04327	0.04433	0.01388	0.03429	0.10939	0.05108	0.04355	0.01178	0.01336	0.00856	0.00679	0.02692	0.00199	0.00785	0.00461	0.00322	0.00843
16	0.00699	0.00502	0.00664	0.00788	0.00829	0.00467	0.00528	0.00804	0.01114	0.01483	0.05010	0.75608	0.05850	0.01767	0.00727	0.00230	0.00329	0.01600	0.00533	0.00467
17	0.01952	0.01449	0.01574	0.05894	0.01791	0.03281	0.01043	0.49159	0.14680	0.07412	0.01572	0.01608	0.01147	0.02674	0.00628	0.00185	0.00601	0.00545	0.01893	0.00911
18	0.00817	0.00613	0.00919	0.00919	0.01021	0.00715	0.00715	0.01021	0.00919	0.01328	0.01532	0.02247	0.01430	0.04290	0.77631	0.00919	0.01532	0.00613	0.00306	0.00511
19	0.07851	0.03955	0.10819	0.04190	0.05584	0.07062	0.06867	0.21837	0.03807	0.14151	0.04289	0.01590	0.02377	0.00647	0.00553	0.00172	0.00654	0.00524	0.00456	0.02615
20	0.01314	0.22963	0.49651	0.04003	0.02225	0.03530	0.03165	0.01814	0.01219	0.03755	0.00999	0.01165	0.00751	0.00535	0.00501	0.00165	0.00779	0.00403	0.00258	0.00807
21	0.00832	0.00555	0.00624	0.00624	0.00624	0.00555	0.00347	0.00832	0.00832	0.01109	0.01802	0.03743	0.02080	0.79898	0.02911	0.00555	0.00555	0.00832	0.00347	0.00347
22	0.01330	0.00701	0.00926	0.00804	0.01033	0.00628	0.00626	0.01581	0.01613	0.24541	0.51426	0.03621	0.06749	0.01041	0.00645	0.00180	0.00335	0.00903	0.00650	0.00667
23	0.01240	0.18545	0.54902	0.03941	0.06960	0.01519	0.01844	0.01777	0.01202	0.01710	0.00982	0.01171	0.00739	0.00531	0.00510	0.00169	0.00785	0.00407	0.00245	0.00820
24	0.01250	0.01239	0.01865	0.53135	0.22443	0.07276	0.01594	0.01602	0.01222	0.01562	0.01022	0.01458	0.00797	0.00557	0.00566	0.00182	0.00762	0.00498	0.00265	0.00707
25	0.00846	0.00638	0.00906	0.00892	0.00967	0.00742	0.00670	0.01003	0.00899	0.01285	0.01543	0.02500	0.01526	0.19844	0.57639	0.00804	0.05851	0.00652	0.00312	0.00483
26	0.00788	0.00563	0.00769	0.00901	0.00974	0.00544	0.00690	0.00955	0.01185	0.01563	0.03102	0.49767	0.03583	0.01706	0.00754	0.00245	0.00411	0.30481	0.00529	0.00490
27	0.01829	0.03332	0.10224	0.07024	0.16609	0.01149	0.01245	0.08854	0.03624	0.30668	0.03776	0.01990	0.01365	0.00700	0.00580	0.00181	0.00597	0.04882	0.00498	0.00875
28	0.05819	0.01238	0.01962	0.04173	0.42258	0.01196	0.07331	0.03827	0.01290	0.01922	0.01184	0.05921	0.01042	0.00572	0.00544	0.00159	0.00617	0.00542	0.00322	0.18081
29	0.02138	0.02686	0.01624	0.01468	0.01768	0.74929	0.01105	0.04827	0.01659	0.01478	0.00901	0.01044	0.00745	0.00593	0.00518	0.00148	0.01017	0.00374	0.00304	0.00674
30	0.01193	0.01375	0.08701	0.14720	0.10723	0.01239	0.34615	0.01591	0.01251	0.01719	0.01413	0.12791	0.01277	0.00708	0.00656	0.00194	0.02048	0.00740	0.02329	0.00717
31	0.01186	0.01017	0.01186	0.00847	0.01356	0.00762	0.00678	0.01440	0.01186	0.01864	0.01017	0.01186	0.00847	0.00424	0.00424	0.00085	0.00424	0.00339	0.00339	0.83395
32	0.00805	0.00581	0.00761	0.00723	0.00854	0.00537	0.00539	0.01069	0.01599	0.02262	0.73229	0.07163	0.05335	0.01193	0.00677	0.00182	0.00272	0.01057	0.00626	0.00537
33	0.00789	0.00575	0.00742	0.00718	0.00846	0.00528	0.00532	0.01032	0.01543	0.02156	0.63683	0.12277	0.09931	0.01253	0.00681	0.00186	0.00278	0.01108	0.00613	0.00528
34	0.00692	0.00517	0.00644	0.00746	0.00816	0.00469	0.00508	0.00802	0.01144	0.01480	0.03771	0.62206	0.20703	0.01712	0.00717	0.00223	0.00322	0.01528	0.00531	0.00469
35	0.01525	0.01281	0.01393	0.03522	0.03349	0.01469	0.00973	0.13646	0.60518	0.02534	0.02117	0.01985	0.01582	0.00750	0.00580	0.00190	0.00494	0.00620	0.00564	0.00907
36	0.71605	0.12949	0.01163	0.00786	0.01160	0.01430	0.00673	0.01686	0.01002	0.02384	0.00796	0.00927	0.00637	0.00525	0.00356	0.00169	0.00468	0.00309	0.00338	0.00637
37	0.00697	0.00498	0.00664	0.00796	0.00830	0.00465	0.00531	0.00796	0.01095	0.01460	0.03153	0.79525	0.03783	0.01792	0.00730	0.00232	0.00332	0.01626	0.00531	0.00465
38	0.01112	0.00875	0.01063	0.01095	0.01300	0.00949	0.00915	0.01890	0.29457	0.01971	0.02762	0.04810	0.02704	0.01274	0.00711	0.00237	0.00499	0.45156	0.00548	0.00671
39	0.01587	0.50206	0.13792	0.01152	0.01660	0.01962	0.01172	0.10998	0.01369	0.05329	0.00971	0.01088	0.00797	0.00563	0.00518	0.00148	0.05219	0.00374	0.00308	0.00786

[dist]
# distance from previous block
# <min> <max>
0	3

[block]
# block no. 1 follows, 41 sequences, length 11
# corresponding to MSA columns:
# 204-214
name=unknown_B
#
# <colnr> <probs for GDERKNQSTAVLIFYWHMCP>
#	G	D	E	R	K	N	Q	S	T	A	V	L	I	F	Y	W	H	M	C	P
0	0.06051	0.42393	0.10279	0.01118	0.01580	0.04544	0.01084	0.11563	0.01364	0.03654	0.00973	0.01158	0.00823	0.03040	0.00599	0.00161	0.05538	0.00385	0.00314	0.03380
1	0.00994	0.00497	0.00745	0.00745	0.00745	0.00497	0.00497	0.00745	0.00745	0.00994	0.00994	0.01739	0.00994	0.01987	0.02235	0.83358	0.00497	0.00497	0.00248	0.00248
2	0.03262	0.01035	0.01701	0.60031	0.09303	0.01213	0.03810	0.01461	0.01170	0.01556	0.01327	0.01744	0.05614	0.00613	0.00570	0.00185	0.00710	0.00547	0.00281	0.03866
3	0.02432	0.01038	0.01352	0.01043	0.01473	0.00949	0.00859	0.12106	0.01774	0.63612	0.05629	0.01982	0.01546	0.00727	0.00580	0.00176	0.00495	0.00589	0.00686	0.00953
4	0.01261	0.00741	0.00878	0.10396	0.01251	0.00800	0.00667	0.07973	0.01339	0.06470	0.01697	0.01945	0.01305	0.00671	0.00502	0.00151	0.03315	0.00530	0.57494	0.00614
5	0.01414	0.01745	0.20106	0.10614	0.25702	0.04796	0.01571	0.05453	0.14111	0.04321	0.01306	0.01493	0.00998	0.00605	0.00606	0.00181	0.03277	0.00508	0.00348	0.00846
6	0.01536	0.72055	0.02862	0.01032	0.01482	0.05258	0.01001	0.01714	0.01162	0.01350	0.00796	0.00944	0.00735	0.00526	0.00470	0.00132	0.05653	0.00321	0.00247	0.00724
7	0.00994	0.00497	0.00745	0.00745	0.00745	0.00497	0.00497	0.00745	0.00745	0.00994	0.00994	0.01739	0.00994	0.01987	0.02235	0.83358	0.00497	0.00497	0.00248	0.00248
8	0.00926	0.00714	0.00901	0.00894	0.03564	0.00711	0.00642	0.01413	0.13858	0.02247	0.56938	0.08173	0.04540	0.01117	0.00659	0.00185	0.00318	0.00986	0.00604	0.00609
9	0.01584	0.04310	0.01346	0.01078	0.01381	0.01224	0.02284	0.23892	0.18190	0.10239	0.04138	0.11885	0.01775	0.06596	0.02600	0.02571	0.00534	0.00728	0.02868	0.00778
10	0.03274	0.13802	0.12994	0.02786	0.03791	0.01310	0.02502	0.11858	0.03656	0.13416	0.01377	0.05819	0.01103	0.00642	0.00541	0.00155	0.02308	0.00507	0.00410	0.17748

[dist]
# distance from previous block
# <min> <max>
9	14

[block]
# block no. 2 follows, 41 sequences, length 39
# corresponding to MSA columns:
# 230-245,247-269
name=unknown_C
#
# <colnr> <probs for GDERKNQSTAVLIFYWHMCP>
#	G	D	E	R	K	N	Q	S	T	A	V	L	I	F	Y	W	H	M	C	P
0	0.02258	0.01327	0.01531	0.01183	0.01628	0.01375	0.00973	0.41141	0.06722	0.31460	0.01763	0.01636	0.01187	0.00695	0.00571	0.00173	0.00560	0.00543	0.00620	0.02656
1	0.01592	0.04066	0.03611	0.09322	0.01893	0.03584	0.05606	0.08870	0.39583	0.10786	0.01857	0.01824	0.01366	0.00705	0.00608	0.00187	0.02589	0.00585	0.00506	0.00861
2	0.01451	0.01503	0.01676	0.06464	0.01715	0.15032	0.01195	0.05537	0.04925	0.01579	0.00917	0.01279	0.00816	0.00846	0.01350	0.00214	0.48302	0.00479	0.00296	0.04423
3	0.00832	0.00555	0.00624	0.00624	0.00624	0.00555	0.00347	0.00832	0.00832	0.01109	0.01802	0.03743	0.02080	0.79898	0.02911	0.00555	0.00555	0.00832	0.00347	0.00347
4	0.58717	0.01156	0.03089	0.00831	0.01236	0.01186	0.00702	0.04778	0.01123	0.05822	0.00936	0.01051	0.00717	0.00526	0.00392	0.00159	0.00460	0.00339	0.00373	0.16406
5	0.03407	0.03558	0.01901	0.02238	0.34855	0.09214	0.01325	0.19262	0.05442	0.08238	0.01348	0.04276	0.01083	0.00636	0.00560	0.00171	0.00657	0.00540	0.00412	0.00876
6	0.01983	0.01489	0.01614	0.01225	0.01693	0.01578	0.01008	0.60318	0.02399	0.03268	0.01304	0.01337	0.00948	0.00636	0.00543	0.00155	0.00590	0.00481	0.00527	0.16902
7	0.01139	0.01085	0.02957	0.26701	0.29101	0.01133	0.03919	0.01504	0.04150	0.01689	0.03642	0.13549	0.05412	0.00800	0.00605	0.00189	0.00626	0.00738	0.00345	0.00715
8	0.00806	0.00582	0.00761	0.00722	0.00854	0.00537	0.00539	0.01070	0.01602	0.02267	0.73688	0.06689	0.05345	0.01189	0.00676	0.00182	0.00272	0.01053	0.00626	0.00537
9	0.01350	0.01543	0.03375	0.02411	0.02989	0.01446	0.74253	0.01832	0.01350	0.01832	0.01157	0.01543	0.00868	0.00482	0.00675	0.00193	0.00964	0.00675	0.00289	0.00771
10	0.00810	0.00585	0.00765	0.00720	0.00855	0.00540	0.00540	0.01079	0.01619	0.02294	0.76028	0.04273	0.05397	0.01169	0.00675	0.00180	0.00270	0.01034	0.00630	0.00540
11	0.02566	0.00973	0.01327	0.01018	0.01460	0.00841	0.00841	0.02788	0.01637	0.76726	0.02257	0.01947	0.01416	0.00708	0.00575	0.00177	0.00487	0.00575	0.00708	0.00973
12	0.01516	0.77538	0.05584	0.01002	0.01503	0.02231	0.01018	0.01716	0.01164	0.01362	0.00803	0.00928	0.00734	0.00491	0.00373	0.00124	0.00620	0.00310	0.00245	0.00738
13	0.01066	0.00533	0.00533	0.00533	0.00666	0.00533	0.00400	0.01333	0.01200	0.02132	0.01866	0.02132	0.01466	0.00666	0.00400	0.00133	0.00267	0.00533	0.83073	0.00533
14	0.32713	0.17314	0.01564	0.03666	0.01460	0.01541	0.00860	0.20563	0.01510	0.07359	0.01102	0.01206	0.00842	0.00711	0.03134	0.00190	0.00573	0.00403	0.02537	0.00752
15	0.01652	0.01367	0.01552	0.03356	0.08840	0.04126	0.02539	0.18649	0.43057	0.05699	0.01887	0.01823	0.01403	0.00710	0.00577	0.00184	0.00553	0.00589	0.00532	0.00905
16	0.01102	0.01039	0.01755	0.73610	0.08681	0.01277	0.01599	0.01481	0.01154	0.01488	0.01021	0.01518	0.00772	0.00568	0.00571	0.00189	0.00757	0.00508	0.00256	0.00653
17	0.01191	0.11911	0.68370	0.01555	0.02359	0.01437	0.01982	0.01800	0.01202	0.01757	0.01000	0.01174	0.00726	0.00537	0.00523	0.00174	0.00818	0.00409	0.00242	0.00832
18	0.00830	0.00561	0.00658	0.00658	0.00669	0.00573	0.00389	0.00853	0.00842	0.01134	0.01771	0.03572	0.02005	0.71260	0.11448	0.00596	0.00666	0.00807	0.00342	0.00365
19	0.01497	0.01266	0.01335	0.01179	0.01516	0.01457	0.00923	0.10098	0.68117	0.02513	0.02234	0.02059	0.01670	0.00767	0.00581	0.00192	0.00470	0.00634	0.00581	0.00912
20	0.01510	0.76308	0.06761	0.01012	0.01519	0.02216	0.01036	0.01718	0.01165	0.01369	0.00807	0.00932	0.00734	0.00492	0.00376	0.00125	0.00624	0.00312	0.00245	0.00740
21	0.01346	0.01531	0.03306	0.02372	0.02926	0.01459	0.71153	0.01813	0.01330	0.01813	0.01140	0.01531	0.00863	0.00504	0.00726	0.00195	0.04272	0.00668	0.00288	0.00765
22	0.01392	0.01335	0.02278	0.08870	0.71158	0.01353	0.01744	0.01734	0.01291	0.01840	0.01072	0.01423	0.00896	0.00514	0.00567	0.00171	0.00685	0.00510	0.00281	0.00887
23	0.01080	0.01017	0.01716	0.78523	0.03940	0.01271	0.01589	0.01461	0.01144	0.01461	0.01017	0.01525	0.00762	0.00572	0.00572	0.00191	0.00762	0.00508	0.00254	0.00635
24	0.00783	0.00803	0.08650	0.02875	0.01075	0.00601	0.00708	0.00986	0.01231	0.01655	0.17000	0.38198	0.15034	0.05430	0.00800	0.00227	0.00393	0.02531	0.00503	0.00521
25	0.01197	0.13099	0.67233	0.01545	0.02343	0.01451	0.01964	0.01798	0.01202	0.01750	0.00996	0.01170	0.00726	0.00536	0.00520	0.00173	0.00815	0.00407	0.00242	0.00831
26	0.00922	0.00658	0.00922	0.01053	0.01185	0.00658	0.00922	0.01185	0.01317	0.01712	0.03029	0.06452	0.03292	0.01580	0.00790	0.00263	0.00527	0.72480	0.00527	0.00527
27	0.01864	0.01404	0.01512	0.01220	0.01602	0.01557	0.00981	0.52211	0.16358	0.03111	0.01714	0.07860	0.01386	0.03686	0.00672	0.00195	0.00569	0.00641	0.00563	0.00896
28	0.00827	0.00595	0.00791	0.00787	0.00917	0.00560	0.00613	0.01089	0.01540	0.02148	0.59044	0.07664	0.04926	0.01273	0.00699	0.00198	0.00322	0.14865	0.00606	0.00534
29	0.03786	0.01380	0.01795	0.05512	0.01936	0.01464	0.11262	0.41230	0.04744	0.13166	0.01585	0.04785	0.01206	0.00724	0.00595	0.00182	0.00638	0.02598	0.00527	0.00883
30	0.01263	0.19907	0.53558	0.01486	0.02209	0.04189	0.04425	0.01784	0.01219	0.01689	0.01083	0.01247	0.02440	0.00551	0.00511	0.00168	0.00792	0.00422	0.00252	0.00803
31	0.00831	0.00559	0.00646	0.00646	0.00653	0.00566	0.00374	0.00846	0.00838	0.01125	0.01782	0.03632	0.02031	0.74285	0.08459	0.00582	0.00627	0.00816	0.00344	0.00359
32	0.00788	0.00592	0.00690	0.00660	0.00830	0.00520	0.00497	0.00997	0.01469	0.03738	0.40715	0.04804	0.39051	0.01291	0.00673	0.00186	0.00285	0.01106	0.00585	0.00523
33	0.01714	0.33946	0.19239	0.01244	0.01776	0.13377	0.01253	0.10066	0.01462	0.09429	0.01076	0.01157	0.00829	0.00561	0.00474	0.00151	0.00718	0.00393	0.00336	0.00800
34	0.01188	0.01270	0.05420	0.14843	0.06022	0.01425	0.16841	0.01479	0.01065	0.01526	0.01017	0.01501	0.00876	0.01217	0.11533	0.00311	0.30977	0.00551	0.00268	0.00667
35	0.00993	0.00500	0.00731	0.00731	0.00738	0.00500	0.00488	0.00778	0.00771	0.01057	0.01062	0.01814	0.01048	0.04059	0.02158	0.76709	0.00486	0.00508	0.04603	0.00266
36	0.00929	0.02610	0.00882	0.00854	0.02486	0.00649	0.00609	0.01204	0.06037	0.05029	0.24280	0.34972	0.07701	0.01310	0.00656	0.00194	0.00345	0.01161	0.01896	0.06198
37	0.22797	0.05351	0.06880	0.10239	0.09692	0.05169	0.05796	0.01764	0.02683	0.09212	0.01242	0.05528	0.01045	0.00689	0.00639	0.00187	0.07757	0.02254	0.00358	0.00716
38	0.09612	0.14085	0.07249	0.04631	0.04166	0.07864	0.00954	0.03489	0.01215	0.03751	0.02925	0.16041	0.06324	0.05010	0.02038	0.00217	0.06189	0.03230	0.00376	0.00634

[dist]
# distance from previous block
# <min> <max>
0	19

[block]
# block no. 3 follows, 41 sequences, length 46
# corresponding to MSA columns:
# 398-443
name=unknown_D
#
# <colnr> <probs for GDERKNQSTAVLIFYWHMCP>
#	G	D	E	R	K	N	Q	S	T	A	V	L	I	F	Y	W	H	M	C	P
0	0.13764	0.05210	0.14486	0.06705	0.21178	0.02730	0.08701	0.05544	0.01316	0.03479	0.04901	0.04152	0.01146	0.00608	0.00538	0.00174	0.00660	0.00530	0.00336	0.03840
1	0.01842	0.06289	0.01638	0.04071	0.01707	0.01569	0.01022	0.49879	0.06234	0.02979	0.01455	0.01698	0.01134	0.00828	0.03232	0.00194	0.00626	0.04359	0.02326	0.06918
2	0.00825	0.00588	0.00744	0.00788	0.00882	0.00562	0.00557	0.05037	0.01342	0.01842	0.23554	0.49057	0.05992	0.01503	0.00692	0.00209	0.00328	0.01345	0.03635	0.00517
3	0.00746	0.00546	0.00710	0.00793	0.00868	0.00495	0.00537	0.00860	0.01108	0.01505	0.04877	0.68282	0.03519	0.04295	0.00776	0.00229	0.00346	0.01474	0.00511	0.07523
4	0.00817	0.00613	0.00919	0.00919	0.01021	0.00715	0.00715	0.01021	0.00919	0.01328	0.01532	0.02247	0.01430	0.04290	0.77631	0.00919	0.01532	0.00613	0.00306	0.00511
5	0.00697	0.00498	0.00664	0.00796	0.00830	0.00465	0.00531	0.00796	0.01095	0.01460	0.03153	0.79525	0.03783	0.01792	0.00730	0.00232	0.00332	0.01626	0.00531	0.00465
6	0.01416	0.01359	0.02322	0.03511	0.76330	0.01359	0.01755	0.01755	0.01302	0.01869	0.01076	0.01416	0.00906	0.00510	0.00566	0.00170	0.00680	0.00510	0.00283	0.00906
7	0.01529	0.80242	0.02997	0.00979	0.01468	0.02263	0.00979	0.01713	0.01162	0.01346	0.00795	0.00918	0.00734	0.00489	0.00367	0.00122	0.00612	0.00306	0.00245	0.00734
8	0.00994	0.00497	0.00745	0.00745	0.00745	0.00497	0.00497	0.00745	0.00745	0.00994	0.00994	0.01739	0.00994	0.01987	0.02235	0.83358	0.00497	0.00497	0.00248	0.00248
9	0.01251	0.01251	0.01752	0.01502	0.01502	0.01752	0.01251	0.01377	0.00876	0.01377	0.00751	0.01251	0.00751	0.01001	0.01877	0.00250	0.78851	0.00501	0.00250	0.00626
10	0.00827	0.00553	0.00625	0.00630	0.00631	0.00551	0.00353	0.00831	0.00841	0.01121	0.01848	0.06301	0.02137	0.77262	0.02838	0.00544	0.00547	0.00859	0.00353	0.00351
11	0.00848	0.00612	0.00787	0.00733	0.00874	0.00575	0.00549	0.03121	0.01626	0.02296	0.71788	0.04176	0.05177	0.03441	0.00737	0.00191	0.00288	0.01014	0.00620	0.00546
12	0.01416	0.01359	0.02322	0.03511	0.76330	0.01359	0.01755	0.01755	0.01302	0.01869	0.01076	0.01416	0.00906	0.00510	0.00566	0.00170	0.00680	0.00510	0.00283	0.00906
13	0.01161	0.05825	0.74192	0.01606	0.02438	0.01363	0.02071	0.01808	0.01206	0.01794	0.01018	0.01197	0.00725	0.00541	0.00537	0.00179	0.00837	0.00418	0.00242	0.00841
14	0.00817	0.00613	0.00919	0.00919	0.01021	0.00715	0.00715	0.01021	0.00919	0.01328	0.01532	0.02247	0.01430	0.04290	0.77631	0.00919	0.01532	0.00613	0.00306	0.00511
15	0.01166	0.00995	0.01165	0.00845	0.01334	0.00750	0.00672	0.01414	0.01182	0.01847	0.01105	0.04409	0.00968	0.00480	0.00436	0.00091	0.00420	0.00392	0.00347	0.79983
16	0.03146	0.27611	0.36090	0.01385	0.02009	0.11186	0.04222	0.01880	0.01264	0.04918	0.00988	0.01132	0.00763	0.00537	0.00486	0.00158	0.00774	0.00392	0.00274	0.00785
17	0.00818	0.00611	0.00908	0.00908	0.01007	0.00709	0.00702	0.01014	0.00916	0.01320	0.01542	0.02302	0.01454	0.07048	0.74906	0.00906	0.01496	0.00621	0.00308	0.00505
18	0.01043	0.00905	0.03783	0.01011	0.04291	0.02486	0.02528	0.03347	0.13237	0.04123	0.36278	0.09845	0.12655	0.01088	0.00647	0.00187	0.00393	0.00950	0.00558	0.00642
19	0.02504	0.00960	0.01307	0.01007	0.01439	0.00830	0.00830	0.02727	0.01636	0.74070	0.04889	0.02030	0.01558	0.00724	0.00579	0.00177	0.00479	0.00592	0.00705	0.00958
20	0.00817	0.00613	0.00919	0.00919	0.01021	0.00715	0.00715	0.01021	0.00919	0.01328	0.01532	0.02247	0.01430	0.04290	0.77631	0.00919	0.01532	0.00613	0.00306	0.00511
21	0.01337	0.03064	0.03684	0.16331	0.05242	0.03472	0.06769	0.05255	0.37016	0.02071	0.03594	0.04838	0.03317	0.00744	0.00588	0.00189	0.00587	0.00648	0.00456	0.00798
22	0.01423	0.01229	0.01293	0.01164	0.01487	0.01423	0.00905	0.03039	0.75297	0.02393	0.02328	0.02134	0.01746	0.00776	0.00582	0.00194	0.00453	0.00647	0.00582	0.00905
23	0.01186	0.01017	0.01186	0.00847	0.01356	0.00762	0.00678	0.01440	0.01186	0.01864	0.01017	0.01186	0.00847	0.00424	0.00424	0.00085	0.00424	0.00339	0.00339	0.83395
24	0.01001	0.00827	0.01105	0.04932	0.02886	0.00823	0.03587	0.03098	0.09153	0.01802	0.09264	0.26631	0.06669	0.01177	0.00696	0.00196	0.03663	0.08793	0.00477	0.13220
25	0.02579	0.06570	0.00848	0.00693	0.00768	0.00719	0.00449	0.02645	0.00954	0.01305	0.01841	0.12424	0.02079	0.56794	0.02216	0.00443	0.00520	0.00849	0.02768	0.02537
26	0.00831	0.00556	0.00630	0.00628	0.00633	0.00554	0.00355	0.00842	0.00864	0.01158	0.04856	0.03765	0.02216	0.76659	0.02819	0.00539	0.00543	0.00840	0.00358	0.00355
27	0.01435	0.00996	0.01127	0.08375	0.01430	0.04182	0.00810	0.14584	0.06919	0.09131	0.08246	0.06160	0.03157	0.00806	0.00611	0.00172	0.04860	0.00645	0.25659	0.00695
28	0.01529	0.80242	0.02997	0.00979	0.01468	0.02263	0.00979	0.01713	0.01162	0.01346	0.00795	0.00918	0.00734	0.00489	0.00367	0.00122	0.00612	0.00306	0.00245	0.00734
29	0.01529	0.80242	0.02997	0.00979	0.01468	0.02263	0.00979	0.01713	0.01162	0.01346	0.00795	0.00918	0.00734	0.00489	0.00367	0.00122	0.00612	0.00306	0.00245	0.00734
30	0.00994	0.00497	0.00745	0.00745	0.00745	0.00497	0.00497	0.00745	0.00745	0.00994	0.00994	0.01739	0.00994	0.01987	0.02235	0.83358	0.00497	0.00497	0.00248	0.00248
31	0.00697	0.00498	0.00664	0.00796	0.00830	0.00465	0.00531	0.00796	0.01095	0.01460	0.03153	0.79525	0.03783	0.01792	0.00730	0.00232	0.00332	0.01626	0.00531	0.00465
32	0.02137	0.02726	0.01621	0.01474	0.01768	0.77602	0.01105	0.02284	0.01621	0.01400	0.00884	0.01031	0.00737	0.00589	0.00516	0.00147	0.01031	0.00368	0.00295	0.00663
33	0.00771	0.00564	0.00717	0.00800	0.00886	0.00527	0.00582	0.00907	0.01153	0.01512	0.04823	0.42070	0.13238	0.10577	0.00975	0.00265	0.00393	0.16147	0.00506	0.02586
34	0.00817	0.00613	0.00919	0.00919	0.01021	0.00715	0.00715	0.01021	0.00919	0.01328	0.01532	0.02247	0.01430	0.04290	0.77631	0.00919	0.01532	0.00613	0.00306	0.00511
35	0.00697	0.00498	0.00664	0.00796	0.00830	0.00465	0.00531	0.00796	0.01095	0.01460	0.03153	0.79525	0.03783	0.01792	0.00730	0.00232	0.00332	0.01626	0.00531	0.00465
36	0.01550	0.77643	0.02951	0.00995	0.01478	0.04790	0.00983	0.01732	0.01178	0.01348	0.00798	0.00921	0.00734	0.00493	0.00372	0.00123	0.00626	0.00308	0.00246	0.00732
37	0.04802	0.01763	0.01731	0.01670	0.12764	0.21880	0.02843	0.28419	0.04598	0.02388	0.01173	0.01322	0.00913	0.00654	0.00658	0.00172	0.07487	0.00476	0.03473	0.00814
38	0.00950	0.00793	0.01115	0.01040	0.01093	0.00996	0.00809	0.01093	0.00891	0.01303	0.01347	0.02219	0.01344	0.16929	0.41537	0.00654	0.24456	0.00619	0.00297	0.00515
39	0.01245	0.01166	0.01701	0.28737	0.06356	0.03789	0.07181	0.05412	0.01234	0.01712	0.01100	0.03678	0.00922	0.00706	0.02160	0.00187	0.11981	0.00516	0.02302	0.17917
40	0.00863	0.00635	0.00843	0.00950	0.01088	0.00615	0.00809	0.01096	0.01303	0.01667	0.03563	0.10008	0.17211	0.01566	0.00765	0.00248	0.00472	0.55255	0.00528	0.00515
41	0.01288	0.01321	0.01849	0.01558	0.01604	0.04366	0.05822	0.01437	0.00932	0.01406	0.00781	0.01262	0.00758	0.00954	0.01755	0.00243	0.71268	0.00507	0.00254	0.00636
42	0.03504	0.05152	0.10660	0.28321	0.06670	0.20506	0.01356	0.01869	0.06539	0.04216	0.01349	0.01574	0.04645	0.00628	0.00546	0.00174	0.00766	0.00496	0.00319	0.00710
43	0.03588	0.69438	0.04761	0.00995	0.01463	0.04041	0.00983	0.01689	0.01173	0.01414	0.02696	0.01058	0.00871	0.00643	0.03065	0.00155	0.00648	0.00339	0.00260	0.00720
44	0.01441	0.01169	0.01385	0.08815	0.01709	0.01129	0.00896	0.22422	0.01591	0.02276	0.01183	0.03260	0.00976	0.02715	0.00610	0.00143	0.03439	0.00457	0.00399	0.43986
45	0.04271	0.65127	0.09350	0.01065	0.01557	0.04878	0.01081	0.01729	0.01166	0.01431	0.00817	0.00960	0.00730	0.00517	0.00441	0.00135	0.03434	0.00326	0.00250	0.00734

[dist]
# distance from previous block
# <min> <max>
1	3

[block]
# block no. 4 follows, 41 sequences, length 19
# corresponding to MSA columns:
# 580-597,599
name=unknown_E
#
# <colnr> <probs for GDERKNQSTAVLIFYWHMCP>
#	G	D	E	R	K	N	Q	S	T	A	V	L	I	F	Y	W	H	M	C	P
0	0.01599	0.01736	0.02499	0.09166	0.06209	0.18024	0.35224	0.11129	0.01536	0.01910	0.01089	0.01388	0.00839	0.00566	0.00669	0.00182	0.04596	0.00556	0.00321	0.00761
1	0.04665	0.13718	0.26155	0.01659	0.12539	0.01457	0.03889	0.01626	0.01148	0.01698	0.02997	0.01340	0.00930	0.00822	0.05043	0.00218	0.13628	0.00456	0.00276	0.05737
2	0.01479	0.03320	0.01737	0.13153	0.24546	0.18773	0.01281	0.05287	0.08650	0.01785	0.04641	0.01621	0.01190	0.01008	0.08846	0.00250	0.00819	0.00521	0.00342	0.00751
3	0.01906	0.16899	0.06521	0.01497	0.04302	0.50462	0.04519	0.04593	0.01525	0.01526	0.00912	0.01069	0.00755	0.00564	0.00501	0.00148	0.00914	0.00384	0.00291	0.00711
4	0.05031	0.15876	0.52949	0.01563	0.02297	0.01498	0.09610	0.01791	0.01204	0.01769	0.00991	0.01182	0.00737	0.00527	0.00519	0.00172	0.00800	0.00425	0.00252	0.00808
5	0.00725	0.00612	0.00631	0.00621	0.00815	0.00534	0.00467	0.00954	0.04986	0.01655	0.11966	0.05227	0.66041	0.01390	0.00671	0.00192	0.00296	0.01164	0.00543	0.00509
6	0.01922	0.01822	0.01459	0.01239	0.01574	0.29852	0.00971	0.29941	0.08286	0.02448	0.01350	0.01430	0.01028	0.00655	0.00525	0.00159	0.00708	0.00474	0.13374	0.00783
7	0.01115	0.00580	0.00585	0.00567	0.00715	0.00587	0.00430	0.04521	0.01265	0.02197	0.01844	0.02099	0.01445	0.00667	0.00407	0.00135	0.00282	0.00532	0.79474	0.00552
8	0.02198	0.05904	0.01729	0.01252	0.01709	0.01660	0.01044	0.59509	0.02445	0.14552	0.01475	0.01435	0.01027	0.00679	0.00561	0.00170	0.00607	0.00512	0.00574	0.00959
9	0.01529	0.80242	0.02997	0.00979	0.01468	0.02263	0.00979	0.01713	0.01162	0.01346	0.00795	0.00918	0.00734	0.00489	0.00367	0.00122	0.00612	0.00306	0.00245	0.00734
10	0.00817	0.00613	0.00919	0.00919	0.01021	0.00715	0.00715	0.01021	0.00919	0.01328	0.01532	0.02247	0.01430	0.04290	0.77631	0.00919	0.01532	0.00613	0.00306	0.00511
11	0.01080	0.01017	0.01716	0.78523	0.03940	0.01271	0.01589	0.01461	0.01144	0.01461	0.01017	0.01525	0.00762	0.00572	0.00572	0.00191	0.00762	0.00508	0.00254	0.00635
12	0.00832	0.00555	0.00624	0.00624	0.00624	0.00555	0.00347	0.00832	0.00832	0.01109	0.01802	0.03743	0.02080	0.79898	0.02911	0.00555	0.00555	0.00832	0.00347	0.00347
13	0.00810	0.00585	0.00765	0.00720	0.00855	0.00540	0.00540	0.01079	0.01619	0.02294	0.76028	0.04273	0.05397	0.01169	0.00675	0.00180	0.00270	0.01034	0.00630	0.00540
14	0.00817	0.00613	0.00919	0.00919	0.01021	0.00715	0.00715	0.01021	0.00919	0.01328	0.01532	0.02247	0.01430	0.04290	0.77631	0.00919	0.01532	0.00613	0.00306	0.00511
15	0.00889	0.00648	0.00877	0.00991	0.01131	0.00635	0.00858	0.01137	0.01315	0.01690	0.03392	0.06328	0.12861	0.01563	0.00775	0.00254	0.00496	0.63113	0.00527	0.00521
16	0.83938	0.01106	0.00841	0.00752	0.01106	0.01283	0.00619	0.01681	0.00973	0.02566	0.00796	0.00929	0.00619	0.00531	0.00354	0.00177	0.00442	0.00310	0.00354	0.00619
17	0.12339	0.01136	0.04970	0.01009	0.01427	0.01020	0.00861	0.11295	0.04670	0.36530	0.10337	0.01923	0.01652	0.00707	0.00544	0.00170	0.00485	0.00563	0.00578	0.07782
18	0.01416	0.01359	0.02322	0.03511	0.76330	0.01359	0.01755	0.01755	0.01302	0.01869	0.01076	0.01416	0.00906	0.00510	0.00566	0.00170	0.00680	0.00510	0.00283	0.00906

[dist]
# distance from previous block
# <min> <max>
0	19

[block]
# block no. 5 follows, 41 sequences, length 90
# corresponding to MSA columns:
# 619-668,671,698-710,713-738
name=unknown_F
#
# <colnr> <probs for GDERKNQSTAVLIFYWHMCP>
#	G	D	E	R	K	N	Q	S	T	A	V	L	I	F	Y	W	H	M	C	P
0	0.83938	0.01106	0.00841	0.00752	0.01106	0.01283	0.00619	0.01681	0.00973	0.02566	0.00796	0.00929	0.00619	0.00531	0.00354	0.00177	0.00442	0.00310	0.00354	0.00619
1	0.01699	0.01366	0.01449	0.01220	0.01593	0.01552	0.00972	0.29316	0.48569	0.02839	0.01977	0.01854	0.01461	0.00743	0.00578	0.00186	0.00518	0.00598	0.00578	0.00930
2	0.00994	0.00497	0.00745	0.00745	0.00745	0.00497	0.00497	0.00745	0.00745	0.00994	0.00994	0.01739	0.00994	0.01987	0.02235	0.83358	0.00497	0.00497	0.00248	0.00248
3	0.01423	0.01229	0.01293	0.01164	0.01487	0.01423	0.00905	0.03039	0.75297	0.02393	0.02328	0.02134	0.01746	0.00776	0.00582	0.00194	0.00453	0.00647	0.00582	0.00905
4	0.01186	0.01017	0.01186	0.00847	0.01356	0.00762	0.00678	0.01440	0.01186	0.01864	0.01017	0.01186	0.00847	0.00424	0.00424	0.00085	0.00424	0.00339	0.00339	0.83395
5	0.00705	0.00501	0.00661	0.00787	0.00818	0.00470	0.00520	0.00798	0.01080	0.01440	0.03076	0.75214	0.03686	0.06235	0.00854	0.00251	0.00345	0.01581	0.00520	0.00458
6	0.01251	0.01251	0.01752	0.01502	0.01502	0.01752	0.01251	0.01377	0.00876	0.01377	0.00751	0.01251	0.00751	0.01001	0.01877	0.00250	0.78851	0.00501	0.00250	0.00626
7	0.02534	0.00981	0.01326	0.01022	0.01461	0.00857	0.00842	0.02795	0.03687	0.74658	0.02259	0.01952	0.01425	0.00710	0.00575	0.00177	0.00486	0.00577	0.00704	0.00972
8	0.01529	0.80242	0.02997	0.00979	0.01468	0.02263	0.00979	0.01713	0.01162	0.01346	0.00795	0.00918	0.00734	0.00489	0.00367	0.00122	0.00612	0.00306	0.00245	0.00734
9	0.00810	0.00585	0.00765	0.00720	0.00855	0.00540	0.00540	0.01079	0.01619	0.02294	0.76028	0.04273	0.05397	0.01169	0.00675	0.00180	0.00270	0.01034	0.00630	0.00540
10	0.00832	0.00555	0.00624	0.00624	0.00624	0.00555	0.00347	0.00832	0.00832	0.01109	0.01802	0.03743	0.02080	0.79898	0.02911	0.00555	0.00555	0.00832	0.00347	0.00347
11	0.01075	0.01005	0.01690	0.76023	0.03851	0.01251	0.01567	0.01453	0.01149	0.01470	0.01082	0.01684	0.00844	0.00604	0.00579	0.00193	0.00755	0.02831	0.00263	0.00632
12	0.02174	0.01602	0.01717	0.01316	0.01774	0.01774	0.01087	0.74423	0.02689	0.03605	0.01373	0.01373	0.00973	0.00687	0.00572	0.00172	0.00629	0.00515	0.00572	0.00973
13	0.00818	0.00611	0.00909	0.00909	0.01007	0.00709	0.00702	0.01015	0.00916	0.01320	0.01542	0.02300	0.01453	0.06940	0.75012	0.00906	0.01498	0.00621	0.00308	0.00505
14	0.02174	0.01602	0.01717	0.01316	0.01774	0.01774	0.01087	0.74423	0.02689	0.03605	0.01373	0.01373	0.00973	0.00687	0.00572	0.00172	0.00629	0.00515	0.00572	0.00973
15	0.00994	0.00497	0.00745	0.00745	0.00745	0.00497	0.00497	0.00745	0.00745	0.00994	0.00994	0.01739	0.00994	0.01987	0.02235	0.83358	0.00497	0.00497	0.00248	0.00248
16	0.02174	0.01602	0.01717	0.01316	0.01774	0.01774	0.01087	0.74423	0.02689	0.03605	0.01373	0.01373	0.00973	0.00687	0.00572	0.00172	0.00629	0.00515	0.00572	0.00973
17	0.02555	0.00991	0.01338	0.01026	0.01469	0.00867	0.00848	0.04772	0.01666	0.74701	0.02232	0.01931	0.01404	0.00707	0.00575	0.00177	0.00491	0.00574	0.00704	0.00973
18	0.02137	0.02726	0.01621	0.01474	0.01768	0.77602	0.01105	0.02284	0.01621	0.01400	0.00884	0.01031	0.00737	0.00589	0.00516	0.00147	0.01031	0.00368	0.00295	0.00663
19	0.00805	0.00585	0.00759	0.00715	0.00852	0.00538	0.00536	0.01071	0.01609	0.02269	0.73747	0.04313	0.07693	0.01178	0.00675	0.00180	0.00270	0.01040	0.00626	0.00538
20	0.01058	0.00536	0.00547	0.00547	0.00679	0.00539	0.00411	0.01322	0.01190	0.02104	0.01854	0.02136	0.01465	0.00793	0.03107	0.00161	0.00311	0.00536	0.80172	0.00532
21	0.83938	0.01106	0.00841	0.00752	0.01106	0.01283	0.00619	0.01681	0.00973	0.02566	0.00796	0.00929	0.00619	0.00531	0.00354	0.00177	0.00442	0.00310	0.00354	0.00619
22	0.01316	0.01249	0.02078	0.25708	0.50182	0.01337	0.01654	0.01747	0.05792	0.01780	0.01135	0.01492	0.00915	0.00545	0.00569	0.00178	0.00690	0.00518	0.00293	0.00825
23	0.01416	0.01359	0.02322	0.03511	0.76330	0.01359	0.01755	0.01755	0.01302	0.01869	0.01076	0.01416	0.00906	0.00510	0.00566	0.00170	0.00680	0.00510	0.00283	0.00906
24	0.01156	0.01155	0.02185	0.22287	0.16200	0.01181	0.26649	0.01506	0.01234	0.01664	0.01518	0.17644	0.01450	0.00782	0.00639	0.00196	0.00728	0.00798	0.00329	0.00697
25	0.00994	0.00497	0.00745	0.00745	0.00745	0.00497	0.00497	0.00745	0.00745	0.00994	0.00994	0.01739	0.00994	0.01987	0.02235	0.83358	0.00497	0.00497	0.00248	0.00248
26	0.00762	0.00569	0.00771	0.00839	0.00889	0.00594	0.00592	0.00881	0.01030	0.01401	0.02641	0.49562	0.05307	0.08389	0.18643	0.00415	0.04528	0.01262	0.00451	0.00475
27	0.00818	0.00549	0.00628	0.00642	0.00646	0.00545	0.00366	0.00828	0.00860	0.01146	0.01945	0.11742	0.02259	0.71654	0.02681	0.00521	0.00531	0.00916	0.00366	0.00359
28	0.00697	0.00498	0.00664	0.00796	0.00830	0.00465	0.00531	0.00796	0.01095	0.01460	0.03153	0.79525	0.03783	0.01792	0.00730	0.00232	0.00332	0.01626	0.00531	0.00465
29	0.01623	0.07173	0.01529	0.01041	0.01527	0.01265	0.00861	0.29554	0.01772	0.04166	0.01165	0.01255	0.00900	0.00536	0.00480	0.00123	0.00518	0.00409	0.00430	0.43672
30	0.01186	0.01017	0.01186	0.00847	0.01356	0.00762	0.00678	0.01440	0.01186	0.01864	0.01017	0.01186	0.00847	0.00424	0.00424	0.00085	0.00424	0.00339	0.00339	0.83395
31	0.01998	0.03824	0.01705	0.01281	0.01721	0.03839	0.02788	0.60145	0.02406	0.03215	0.01401	0.05148	0.01085	0.00710	0.00565	0.00167	0.00621	0.00551	0.00531	0.06298
32	0.01350	0.01543	0.03375	0.02411	0.02989	0.01446	0.74253	0.01832	0.01350	0.01832	0.01157	0.01543	0.00868	0.00482	0.00675	0.00193	0.00964	0.00675	0.00289	0.00771
33	0.01582	0.01138	0.01348	0.06842	0.01545	0.01280	0.02349	0.31447	0.01771	0.04205	0.01438	0.01670	0.01112	0.02605	0.00738	0.00179	0.10263	0.00527	0.25642	0.02319
34	0.01288	0.01314	0.01780	0.03344	0.01611	0.05065	0.03359	0.01433	0.00936	0.01404	0.00781	0.01255	0.00756	0.00945	0.01719	0.00239	0.69542	0.00496	0.00255	0.02477
35	0.00741	0.00534	0.00723	0.05694	0.01014	0.00521	0.00588	0.00863	0.01097	0.01482	0.02928	0.69335	0.03448	0.03514	0.00757	0.00233	0.00361	0.01488	0.04205	0.00476
36	0.00818	0.00588	0.00727	0.00699	0.00850	0.00528	0.00522	0.01043	0.01501	0.04192	0.50830	0.10356	0.22680	0.01274	0.00676	0.00187	0.00286	0.01110	0.00600	0.00532
37	0.00825	0.00562	0.00671	0.00675	0.00692	0.00577	0.00409	0.00860	0.00854	0.01154	0.01803	0.05876	0.02032	0.65784	0.14383	0.00601	0.00699	0.00823	0.00346	0.00376
38	0.01529	0.80242	0.02997	0.00979	0.01468	0.02263	0.00979	0.01713	0.01162	0.01346	0.00795	0.00918	0.00734	0.00489	0.00367	0.00122	0.00612	0.00306	0.00245	0.00734
39	0.01080	0.01017	0.01716	0.78523	0.03940	0.01271	0.01589	0.01461	0.01144	0.01461	0.01017	0.01525	0.00762	0.00572	0.00572	0.00191	0.00762	0.00508	0.00254	0.00635
40	0.01789	0.02166	0.01467	0.01348	0.01583	0.56100	0.01023	0.01948	0.01422	0.01382	0.01026	0.01321	0.00896	0.01458	0.18257	0.00330	0.05130	0.00431	0.00295	0.00626
41	0.03180	0.00632	0.00854	0.00972	0.01086	0.00629	0.00807	0.01105	0.01256	0.01682	0.04779	0.21604	0.03343	0.03544	0.00815	0.00260	0.00478	0.51942	0.00521	0.00512
42	0.01356	0.01298	0.02213	0.16939	0.63372	0.01343	0.01726	0.01703	0.01274	0.01796	0.01065	0.01435	0.00880	0.00521	0.00567	0.00174	0.00694	0.00509	0.00278	0.00858
43	0.02105	0.02026	0.01643	0.01368	0.01734	0.33918	0.01081	0.38174	0.02115	0.04291	0.01178	0.01266	0.00892	0.00765	0.02981	0.00187	0.02558	0.00457	0.00442	0.00819
44	0.01778	0.01263	0.01340	0.01083	0.01435	0.01390	0.00876	0.45571	0.11261	0.03052	0.01626	0.01675	0.01204	0.00692	0.00526	0.00164	0.00508	0.00536	0.23175	0.00844
45	0.00806	0.00585	0.00760	0.00716	0.00852	0.00538	0.00537	0.01073	0.01611	0.02274	0.74185	0.04305	0.07252	0.01177	0.00675	0.00180	0.00270	0.01039	0.00627	0.00538
46	0.00817	0.00613	0.00919	0.00919	0.01021	0.00715	0.00715	0.01021	0.00919	0.01328	0.01532	0.02247	0.01430	0.04290	0.77631	0.00919	0.01532	0.00613	0.00306	0.00511
47	0.01909	0.31919	0.02143	0.01281	0.01655	0.46494	0.01057	0.04634	0.01486	0.01458	0.00868	0.01001	0.00744	0.00555	0.00462	0.00139	0.00859	0.00350	0.00286	0.00701
48	0.00691	0.00575	0.00603	0.00607	0.00784	0.00487	0.00451	0.00845	0.01322	0.01614	0.12624	0.10170	0.64374	0.01443	0.00679	0.00194	0.00290	0.01217	0.00541	0.00487
49	0.01010	0.00858	0.00804	0.00785	0.00837	0.10740	0.00506	0.01059	0.00964	0.01209	0.01703	0.06830	0.01891	0.56253	0.08351	0.00499	0.02420	0.00778	0.02086	0.00417
50	0.09693	0.37051	0.23873	0.01164	0.01736	0.01702	0.01259	0.05034	0.01281	0.10882	0.01065	0.01148	0.00813	0.00544	0.00451	0.00154	0.00648	0.00382	0.00325	0.00794
51	0.01394	0.52919	0.29137	0.01209	0.01824	0.01933	0.01380	0.01748	0.01178	0.01510	0.00877	0.01020	0.00731	0.00508	0.00429	0.00143	0.00694	0.00347	0.00244	0.00773
52	0.00788	0.00584	0.00735	0.00697	0.00841	0.00531	0.00523	0.01038	0.01568	0.02173	0.64677	0.04472	0.16823	0.01214	0.00675	0.00182	0.00273	0.01062	0.00614	0.00531
53	0.02056	0.04554	0.01675	0.01284	0.01702	0.16662	0.01042	0.51410	0.02297	0.02951	0.01256	0.01307	0.00929	0.00647	0.00540	0.00159	0.00685	0.00470	0.03386	0.04986
54	0.03012	0.04524	0.55003	0.01732	0.05005	0.05162	0.11206	0.01865	0.01259	0.04464	0.01071	0.01262	0.00773	0.00541	0.00553	0.00179	0.00837	0.00456	0.00271	0.00826
55	0.01689	0.01357	0.01679	0.01841	0.22175	0.03244	0.01183	0.19616	0.28727	0.07947	0.01732	0.01815	0.01318	0.00691	0.00578	0.00181	0.00575	0.02240	0.00498	0.00912
56	0.01314	0.03540	0.04178	0.05390	0.39422	0.01319	0.20760	0.01731	0.04379	0.01818	0.01430	0.05209	0.03292	0.00634	0.00607	0.00183	0.00719	0.02944	0.00320	0.00810
57	0.00827	0.00559	0.00640	0.00640	0.00652	0.00562	0.00371	0.00843	0.00850	0.01134	0.01898	0.03703	0.04115	0.73168	0.07327	0.00566	0.00606	0.00829	0.00349	0.00360
58	0.01236	0.01046	0.01213	0.00871	0.01377	0.00814	0.00698	0.05125	0.01262	0.01952	0.01035	0.01196	0.00854	0.00437	0.00431	0.00089	0.00434	0.00348	0.00351	0.79234
59	0.59869	0.05336	0.14490	0.00936	0.01369	0.03516	0.00907	0.01693	0.01038	0.02287	0.00876	0.01081	0.00699	0.03355	0.00484	0.00188	0.00543	0.00350	0.00327	0.00657
60	0.00827	0.00553	0.00625	0.00630	0.00631	0.00551	0.00353	0.00831	0.00841	0.01122	0.01850	0.06438	0.02140	0.77121	0.02834	0.00543	0.00547	0.00860	0.00353	0.00351
61	0.01595	0.01806	0.12221	0.04235	0.37063	0.13872	0.08000	0.07149	0.01459	0.05520	0.01122	0.01361	0.00877	0.00549	0.00565	0.00171	0.00774	0.00493	0.00321	0.00848
62	0.01404	0.01618	0.11591	0.05221	0.59085	0.04879	0.04343	0.01781	0.01303	0.01827	0.01062	0.01380	0.00870	0.00518	0.00565	0.00172	0.00729	0.00498	0.00278	0.00875
63	0.02066	0.01098	0.01322	0.01088	0.01479	0.01113	0.00874	0.04600	0.33313	0.43046	0.02266	0.02014	0.01547	0.00737	0.00578	0.00184	0.00475	0.00604	0.00651	0.00944
64	0.00921	0.01043	0.10735	0.00919	0.02938	0.00814	0.00791	0.01454	0.16681	0.01824	0.10027	0.04048	0.43332	0.01146	0.00637	0.00190	0.00404	0.00958	0.00506	0.00632
65	0.00994	0.00497	0.00745	0.00745	0.00745	0.00497	0.00497	0.00745	0.00745	0.00994	0.00994	0.01739	0.00994	0.01987	0.02235	0.83358	0.00497	0.00497	0.00248	0.00248
66	0.00773	0.00528	0.00699	0.00796	0.00842	0.00504	0.00545	0.00862	0.02785	0.01418	0.02882	0.57142	0.06444	0.03536	0.01008	0.13021	0.00373	0.04914	0.00484	0.00443
67	0.01166	0.05413	0.72682	0.01656	0.04290	0.01359	0.02068	0.01807	0.01209	0.01798	0.01020	0.01203	0.00729	0.00541	0.00538	0.00179	0.00834	0.00421	0.00243	0.00843
68	0.01066	0.00533	0.00533	0.00533	0.00666	0.00533	0.00400	0.01333	0.01200	0.02132	0.01866	0.02132	0.01466	0.00666	0.00400	0.00133	0.00267	0.00533	0.83073	0.00533
69	0.01097	0.00945	0.00982	0.00909	0.01175	0.01012	0.00700	0.02071	0.42988	0.02023	0.03842	0.03606	0.34211	0.01070	0.00623	0.00194	0.00382	0.00891	0.00560	0.00721
70	0.01350	0.01543	0.03375	0.02411	0.02989	0.01446	0.74253	0.01832	0.01350	0.01832	0.01157	0.01543	0.00868	0.00482	0.00675	0.00193	0.00964	0.00675	0.00289	0.00771
71	0.01246	0.12575	0.60612	0.01509	0.02256	0.03912	0.01860	0.04050	0.01258	0.01785	0.01065	0.03444	0.00823	0.00579	0.00527	0.00174	0.00800	0.00444	0.00262	0.00818
72	0.01393	0.01586	0.13789	0.05713	0.06104	0.01255	0.35264	0.03839	0.01345	0.07475	0.01189	0.01446	0.00883	0.00509	0.00589	0.00168	0.00779	0.00547	0.00328	0.15798
73	0.18001	0.05791	0.01529	0.01312	0.01627	0.59491	0.01005	0.02142	0.01475	0.01624	0.00863	0.01007	0.00714	0.00574	0.00478	0.00152	0.00899	0.00354	0.00304	0.00658
74	0.01166	0.06696	0.73359	0.01599	0.02427	0.01374	0.02058	0.01807	0.01205	0.01789	0.01015	0.01194	0.00725	0.00541	0.00535	0.00178	0.00834	0.00417	0.00242	0.00840
75	0.00721	0.00599	0.00632	0.00621	0.00807	0.00519	0.00466	0.00929	0.03431	0.01702	0.18172	0.05192	0.61460	0.01380	0.00673	0.00191	0.00291	0.01161	0.00550	0.00505
76	0.00676	0.00579	0.00579	0.00579	0.00773	0.00483	0.00435	0.00821	0.01304	0.01545	0.05794	0.05505	0.76098	0.01449	0.00676	0.00193	0.00290	0.01207	0.00531	0.00483
77	0.00832	0.00555	0.00624	0.00624	0.00624	0.00555	0.00347	0.00832	0.00832	0.01109	0.01802	0.03743	0.02080	0.79898	0.02911	0.00555	0.00555	0.00832	0.00347	0.00347
78	0.00810	0.00585	0.00765	0.00720	0.00855	0.00540	0.00540	0.01079	0.01619	0.02294	0.76028	0.04273	0.05397	0.01169	0.00675	0.00180	0.00270	0.01034	0.00630	0.00540
79	0.01186	0.01017	0.01186	0.00847	0.01356	0.00762	0.00678	0.01440	0.01186	0.01864	0.01017	0.01186	0.00847	0.00424	0.00424	0.00085	0.00424	0.00339	0.00339	0.83395
