[name]
unknown

[dist]
# distance from previous block
# <min> <max>
0	23

[block]
# block no. 0 follows, 43 sequences, length 18
# corresponding to MSA columns:
# 23-40
name=unknown_A
#
# <colnr> <probs for GDERKNQSTAVLIFYWHMCP>
#	G	D	E	R	K	N	Q	S	T	A	V	L	I	F	Y	W	H	M	C	P
0	0.01469	0.06231	0.08989	0.03288	0.01594	0.03458	0.03787	0.11309	0.04098	0.11824	0.05673	0.01798	0.01314	0.00663	0.00596	0.00155	0.05267	0.04713	0.02457	0.21319
1	0.12512	0.44217	0.07970	0.08688	0.01737	0.05629	0.02733	0.03122	0.01141	0.01565	0.00829	0.01017	0.00707	0.00531	0.00497	0.00148	0.05655	0.00351	0.00262	0.00690
2	0.01146	0.01110	0.01448	0.10335	0.01587	0.05825	0.01078	0.01294	0.00942	0.01326	0.01073	0.01904	0.01081	0.11664	0.05862	0.00305	0.46298	0.04884	0.00277	0.00561
3	0.01272	0.01200	0.02025	0.12726	0.60279	0.01227	0.01563	0.01599	0.01272	0.01800	0.08515	0.01657	0.01289	0.00564	0.00559	0.00168	0.00629	0.00543	0.00304	0.00809
4	0.00761	0.00614	0.00956	0.02875	0.01102	0.00597	0.07921	0.00901	0.01080	0.01447	0.02748	0.68324	0.03233	0.01560	0.00728	0.00221	0.02542	0.01427	0.00477	0.00487
5	0.06340	0.00606	0.00615	0.00585	0.00753	0.00605	0.00448	0.03544	0.01240	0.04833	0.06476	0.02405	0.09022	0.00742	0.00437	0.00143	0.00290	0.00596	0.59774	0.00545
6	0.84448	0.01071	0.00814	0.00728	0.01071	0.01242	0.00600	0.01628	0.00943	0.02485	0.00771	0.00900	0.00600	0.00514	0.00343	0.00171	0.00428	0.00300	0.00343	0.00600
7	0.00801	0.00556	0.00701	0.00701	0.00734	0.00589	0.00456	0.00867	0.00834	0.01145	0.01657	0.03135	0.01801	0.54753	0.28312	0.00656	0.00856	0.00734	0.00322	0.00389
8	0.00824	0.00533	0.00695	0.00758	0.00824	0.00500	0.00518	0.00937	0.01121	0.06015	0.11735	0.52061	0.03446	0.13701	0.01018	0.00265	0.00362	0.03706	0.00508	0.00473
9	0.01048	0.00972	0.08588	0.18945	0.01737	0.00866	0.01992	0.05828	0.02778	0.01813	0.01852	0.12540	0.05943	0.00901	0.02884	0.00188	0.00514	0.00679	0.25110	0.04824
10	0.01559	0.00848	0.01059	0.00910	0.01190	0.00826	0.00714	0.02094	0.18772	0.30695	0.27013	0.07226	0.02858	0.00910	0.00599	0.00179	0.00385	0.00780	0.00622	0.00759
11	0.03105	0.00601	0.00767	0.00723	0.00875	0.00554	0.00542	0.01153	0.01479	0.08335	0.56399	0.12580	0.08449	0.01162	0.00643	0.00180	0.00291	0.01020	0.00593	0.00548
12	0.00697	0.00499	0.00662	0.00756	0.00808	0.00465	0.00516	0.00827	0.01163	0.01578	0.18032	0.64728	0.03980	0.01613	0.00696	0.00215	0.00309	0.01458	0.00534	0.00465
13	0.01750	0.01269	0.04566	0.03545	0.17424	0.01240	0.03754	0.22343	0.08362	0.19562	0.08969	0.01810	0.01497	0.00672	0.00567	0.00171	0.00561	0.00574	0.00502	0.00862
14	0.01068	0.00718	0.00878	0.00789	0.01006	0.00663	0.00609	0.05262	0.04121	0.09766	0.33112	0.09416	0.13474	0.03294	0.00682	0.00185	0.00352	0.05236	0.00551	0.08818
15	0.01509	0.07361	0.04398	0.05934	0.07982	0.10712	0.00994	0.14066	0.07057	0.04837	0.01155	0.01330	0.00915	0.00683	0.00656	0.08410	0.00597	0.00431	0.00364	0.20607
16	0.03264	0.03052	0.07201	0.01173	0.01596	0.06808	0.04633	0.29284	0.03753	0.05211	0.08682	0.01583	0.01334	0.00638	0.00546	0.00152	0.01936	0.00505	0.02402	0.16248
17	0.01491	0.11046	0.01610	0.03987	0.01589	0.05590	0.06556	0.07615	0.03439	0.12055	0.01293	0.05358	0.01054	0.00573	0.00484	0.00131	0.00540	0.00474	0.00390	0.34726

[dist]
# distance from previous block
# <min> <max>
2	32

[block]
# block no. 1 follows, 43 sequences, length 10
# corresponding to MSA columns:
# 73-82
name=unknown_B
#
# <colnr> <probs for GDERKNQSTAVLIFYWHMCP>
#	G	D	E	R	K	N	Q	S	T	A	V	L	I	F	Y	W	H	M	C	P
0	0.01443	0.02874	0.06030	0.04941	0.01560	0.03003	0.03304	0.09222	0.05385	0.14565	0.01686	0.09666	0.04331	0.00699	0.00522	0.00147	0.00506	0.00586	0.00436	0.29097
1	0.00917	0.00693	0.00819	0.03823	0.00994	0.00657	0.00545	0.06554	0.01185	0.01606	0.09768	0.16590	0.12598	0.27327	0.01331	0.00291	0.00432	0.00904	0.00430	0.12537
2	0.34840	0.05801	0.01163	0.00985	0.03094	0.14158	0.00756	0.07582	0.01263	0.07501	0.01274	0.11237	0.01148	0.00751	0.00514	0.02854	0.00539	0.00525	0.03377	0.00639
3	0.04619	0.03673	0.03499	0.01190	0.01585	0.01401	0.04386	0.26307	0.29209	0.12621	0.04439	0.01750	0.01398	0.00692	0.00552	0.00175	0.00529	0.00563	0.00539	0.00872
4	0.01191	0.01091	0.04012	0.21386	0.04743	0.01041	0.05391	0.08384	0.06251	0.01866	0.01405	0.07265	0.02895	0.00634	0.00521	0.00151	0.00553	0.00553	0.03730	0.26935
5	0.00985	0.00516	0.00534	0.00542	0.00652	0.00514	0.00390	0.01206	0.01118	0.01920	0.01884	0.07440	0.01630	0.08903	0.00658	0.00177	0.00291	0.00616	0.69531	0.00493
6	0.01298	0.06195	0.09643	0.08748	0.01798	0.01304	0.08977	0.11907	0.01255	0.05235	0.01199	0.01732	0.01046	0.12432	0.08876	0.00309	0.16506	0.00546	0.00329	0.00664
7	0.00705	0.00550	0.00638	0.00665	0.00795	0.00482	0.00472	0.00840	0.01196	0.01540	0.12115	0.32051	0.35675	0.05135	0.00763	0.00211	0.00311	0.01244	0.00508	0.04102
8	0.01331	0.00936	0.01190	0.00994	0.01178	0.01004	0.05559	0.15659	0.05625	0.09461	0.01606	0.02554	0.01528	0.39862	0.01786	0.00358	0.07684	0.00671	0.00415	0.00598
9	0.20157	0.01420	0.03372	0.06310	0.01637	0.10767	0.00936	0.21500	0.07987	0.12626	0.01285	0.01324	0.00931	0.00600	0.00490	0.00162	0.00583	0.00440	0.00447	0.07027

[dist]
# distance from previous block
# <min> <max>
3	13

[block]
# block no. 2 follows, 43 sequences, length 10
# corresponding to MSA columns:
# 97-106
name=unknown_C
#
# <colnr> <probs for GDERKNQSTAVLIFYWHMCP>
#	G	D	E	R	K	N	Q	S	T	A	V	L	I	F	Y	W	H	M	C	P
0	0.00996	0.03786	0.00938	0.00807	0.00989	0.00758	0.00624	0.07099	0.06118	0.04775	0.38120	0.13603	0.13283	0.01150	0.00661	0.00184	0.02148	0.02820	0.00555	0.00585
1	0.00968	0.02908	0.04286	0.03547	0.01119	0.00733	0.00680	0.05636	0.04295	0.04241	0.33835	0.14666	0.12433	0.02866	0.00667	0.00185	0.00371	0.00945	0.00521	0.05098
2	0.00675	0.00482	0.00643	0.00771	0.00803	0.00450	0.00514	0.00771	0.01060	0.01414	0.03053	0.80175	0.03663	0.01735	0.00707	0.00225	0.00321	0.01574	0.00514	0.00450
3	0.01561	0.01045	0.01190	0.01003	0.01280	0.01108	0.00795	0.33625	0.04387	0.09421	0.05783	0.05903	0.04587	0.09150	0.02604	0.04698	0.00529	0.06447	0.04170	0.00715
4	0.03556	0.00953	0.01235	0.00956	0.01353	0.00802	0.06582	0.03004	0.04221	0.05136	0.03653	0.14094	0.01465	0.00684	0.00498	0.00129	0.00442	0.00600	0.00393	0.50244
5	0.00732	0.00573	0.00663	0.00683	0.00824	0.00521	0.00508	0.00939	0.03706	0.01654	0.19117	0.18753	0.38211	0.03904	0.00738	0.00208	0.00316	0.06932	0.00529	0.00488
6	0.07157	0.07452	0.05756	0.06823	0.07756	0.10081	0.06172	0.12626	0.10150	0.03325	0.03818	0.03530	0.01150	0.00629	0.00543	0.00162	0.02340	0.00508	0.03291	0.06729
7	0.08361	0.13568	0.14858	0.01373	0.07671	0.15539	0.01175	0.17965	0.01533	0.02061	0.01028	0.01172	0.00807	0.00638	0.02378	0.00168	0.00703	0.00402	0.02496	0.06104
8	0.11136	0.04393	0.12487	0.05970	0.06835	0.08345	0.05095	0.11051	0.04538	0.12083	0.03184	0.01676	0.06383	0.00664	0.00578	0.00173	0.03732	0.00521	0.00400	0.00756
9	0.08407	0.05064	0.04543	0.06157	0.07097	0.08917	0.03589	0.15045	0.07869	0.09203	0.01622	0.01693	0.07003	0.00663	0.00556	0.00164	0.02897	0.00519	0.02923	0.06069

[dist]
# distance from previous block
# <min> <max>
12	108

[block]
# block no. 3 follows, 43 sequences, length 27
# corresponding to MSA columns:
# 218-244
name=unknown_D
#
# <colnr> <probs for GDERKNQSTAVLIFYWHMCP>
#	G	D	E	R	K	N	Q	S	T	A	V	L	I	F	Y	W	H	M	C	P
0	0.17718	0.01383	0.01414	0.01255	0.06484	0.06186	0.00950	0.40960	0.03826	0.02791	0.01229	0.01345	0.00931	0.00897	0.06687	0.00222	0.00653	0.00463	0.03806	0.00799
1	0.07626	0.01082	0.12002	0.04123	0.01362	0.00886	0.00918	0.03138	0.12754	0.01856	0.07598	0.10191	0.16164	0.01093	0.00620	0.00201	0.00473	0.16828	0.00463	0.00620
2	0.09263	0.01384	0.01485	0.01158	0.01567	0.01510	0.00952	0.57194	0.02296	0.09184	0.07259	0.01556	0.01281	0.00690	0.00543	0.00168	0.00555	0.00525	0.00550	0.00879
3	0.00817	0.00609	0.00752	0.00723	0.00856	0.00584	0.00533	0.01141	0.07369	0.02019	0.53350	0.09102	0.10197	0.07388	0.00821	0.00209	0.00306	0.02126	0.00569	0.00527
4	0.00750	0.00547	0.00705	0.00703	0.00816	0.00502	0.00513	0.00965	0.01431	0.01986	0.54945	0.21270	0.10225	0.01288	0.00665	0.00187	0.00276	0.01142	0.00581	0.00502
5	0.01253	0.04946	0.07992	0.15755	0.02186	0.07269	0.12622	0.01520	0.01059	0.01448	0.00888	0.01296	0.00761	0.00816	0.03228	0.00223	0.35346	0.00491	0.00253	0.00650
6	0.01270	0.01418	0.02968	0.02163	0.02632	0.01399	0.62948	0.01679	0.01241	0.01705	0.01150	0.04631	0.00940	0.00580	0.00799	0.00195	0.10609	0.00670	0.00285	0.00718
7	0.00673	0.00503	0.00621	0.00715	0.00785	0.00456	0.00487	0.00778	0.01105	0.01427	0.03661	0.59842	0.21862	0.03388	0.00740	0.00222	0.00316	0.01456	0.00510	0.00452
8	0.01224	0.01256	0.01949	0.15391	0.05765	0.04159	0.13416	0.01459	0.01015	0.01442	0.00877	0.01331	0.00772	0.00862	0.03348	0.00233	0.44093	0.00513	0.00254	0.00642
9	0.01948	0.07408	0.01448	0.01165	0.06160	0.03730	0.00889	0.11192	0.06770	0.37729	0.04654	0.01934	0.01423	0.00803	0.00676	0.06726	0.00520	0.03468	0.00541	0.00816
10	0.00692	0.00495	0.00660	0.00775	0.00819	0.00463	0.00530	0.00808	0.01109	0.01487	0.08823	0.71211	0.03766	0.01680	0.00705	0.00222	0.00324	0.04451	0.00521	0.00458
11	0.01138	0.00971	0.07037	0.00908	0.01161	0.03438	0.00775	0.06283	0.07296	0.08725	0.42470	0.03465	0.06415	0.01008	0.00625	0.00180	0.00406	0.06505	0.00557	0.00638
12	0.05483	0.01117	0.01268	0.07250	0.01568	0.07264	0.00897	0.11743	0.06897	0.31392	0.09586	0.02354	0.01782	0.00792	0.00574	0.00179	0.00532	0.07986	0.00551	0.00785
13	0.04868	0.01572	0.01966	0.05267	0.25334	0.18345	0.10299	0.04663	0.01290	0.02979	0.00981	0.01287	0.00816	0.00699	0.02703	0.00196	0.15235	0.00477	0.00292	0.00732
14	0.02988	0.01507	0.07055	0.08544	0.49947	0.07385	0.01568	0.07550	0.01350	0.01866	0.01024	0.01317	0.00836	0.00541	0.00596	0.00169	0.04169	0.00473	0.00292	0.00823
15	0.01050	0.00629	0.00738	0.05855	0.00968	0.00695	0.00566	0.02813	0.01142	0.01932	0.01632	0.01953	0.01307	0.00944	0.06711	0.00203	0.06603	0.00518	0.63204	0.00537
16	0.00911	0.00576	0.00760	0.00796	0.00916	0.00532	0.00594	0.01085	0.01279	0.09228	0.20797	0.38290	0.08862	0.01433	0.00684	0.00209	0.00346	0.11622	0.00554	0.00526
17	0.01323	0.01599	0.13621	0.16188	0.32253	0.07424	0.07442	0.03640	0.01257	0.01702	0.01038	0.01419	0.00845	0.00569	0.00639	0.00177	0.05973	0.01848	0.00274	0.00769
18	0.00706	0.00565	0.00633	0.00620	0.00786	0.00491	0.00468	0.00893	0.01372	0.01759	0.30993	0.04925	0.49528	0.01309	0.00657	0.00184	0.00279	0.02796	0.00548	0.00488
19	0.01165	0.12349	0.12229	0.01076	0.01419	0.02471	0.04780	0.01581	0.08620	0.04569	0.18200	0.02342	0.04755	0.02260	0.02397	0.00191	0.06718	0.03093	0.03602	0.06187
20	0.25032	0.00981	0.01112	0.00895	0.01269	0.00969	0.00734	0.07591	0.01456	0.43389	0.05049	0.01682	0.01301	0.00654	0.00492	0.00169	0.00448	0.00499	0.05475	0.00803
21	0.01075	0.00985	0.01634	0.63503	0.05358	0.01186	0.04706	0.01486	0.04422	0.01518	0.01118	0.01582	0.00859	0.02157	0.00593	0.00188	0.00696	0.00513	0.05794	0.00628
22	0.00762	0.00562	0.00712	0.00681	0.00816	0.00512	0.00508	0.01001	0.01507	0.02092	0.64313	0.07240	0.14850	0.01192	0.00655	0.00178	0.00266	0.01046	0.00593	0.00512
23	0.00931	0.00631	0.00878	0.00828	0.00980	0.00587	0.03842	0.01178	0.03417	0.08333	0.38603	0.27162	0.06849	0.01256	0.00661	0.00192	0.00337	0.02218	0.00566	0.00553
24	0.06176	0.02785	0.11933	0.25473	0.14549	0.01175	0.01273	0.05077	0.07032	0.01733	0.01224	0.01712	0.01026	0.10783	0.00843	0.01678	0.00635	0.00517	0.03698	0.00677
25	0.00940	0.00643	0.00841	0.06947	0.01109	0.00612	0.00616	0.02317	0.01489	0.07985	0.51504	0.03877	0.15385	0.02483	0.00674	0.00183	0.00329	0.00940	0.00566	0.00558
26	0.02832	0.07766	0.14124	0.01220	0.01628	0.01181	0.09791	0.17786	0.01590	0.08096	0.15047	0.10207	0.02011	0.00818	0.00578	0.00176	0.00567	0.02345	0.01506	0.00732

[dist]
# distance from previous block
# <min> <max>
0	14

[block]
# block no. 4 follows, 43 sequences, length 20
# corresponding to MSA columns:
# 259-278
name=unknown_E
#
# <colnr> <probs for GDERKNQSTAVLIFYWHMCP>
#	G	D	E	R	K	N	Q	S	T	A	V	L	I	F	Y	W	H	M	C	P
0	0.03494	0.07557	0.47345	0.01474	0.02129	0.01266	0.10377	0.03285	0.01274	0.08226	0.07320	0.01489	0.01149	0.00581	0.00538	0.00172	0.00727	0.00491	0.00318	0.00786
1	0.01412	0.01251	0.15860	0.03236	0.01498	0.00897	0.00976	0.03827	0.08117	0.21116	0.19200	0.02352	0.06124	0.00764	0.00561	0.00164	0.00480	0.00639	0.00500	0.11024
2	0.01033	0.00902	0.01487	0.59630	0.04694	0.01092	0.01336	0.01354	0.01094	0.03571	0.01249	0.08032	0.01076	0.01082	0.09827	0.00271	0.00783	0.00595	0.00287	0.00602
3	0.01579	0.00738	0.00978	0.00820	0.01074	0.00660	0.00636	0.01787	0.01485	0.37126	0.33112	0.03027	0.03048	0.10377	0.00866	0.00216	0.00392	0.00771	0.00612	0.00696
4	0.00877	0.00576	0.00759	0.00729	0.00862	0.00529	0.00540	0.01105	0.01478	0.07050	0.58600	0.17659	0.04690	0.01211	0.00656	0.00183	0.00286	0.01075	0.00597	0.00537
5	0.00957	0.00598	0.00784	0.00734	0.00888	0.00545	0.00551	0.01190	0.01502	0.10472	0.57833	0.12817	0.06661	0.01161	0.00649	0.00180	0.00292	0.01024	0.00604	0.00559
6	0.00731	0.00507	0.00661	0.00768	0.00827	0.00479	0.00542	0.00866	0.01118	0.01529	0.06068	0.60724	0.05447	0.01590	0.00683	0.00217	0.00333	0.09104	0.07342	0.00465
7	0.00828	0.00570	0.00706	0.00679	0.00805	0.00522	0.00490	0.01016	0.01367	0.04996	0.45187	0.10369	0.16188	0.12684	0.00967	0.00233	0.00318	0.01029	0.00550	0.00498
8	0.01503	0.77936	0.02852	0.00966	0.01432	0.05046	0.00952	0.01679	0.01142	0.01305	0.00773	0.00893	0.00711	0.00477	0.00361	0.00119	0.00608	0.00298	0.00239	0.00708
9	0.00766	0.00558	0.00720	0.00694	0.00820	0.00513	0.00515	0.01005	0.01503	0.02102	0.65617	0.10842	0.09867	0.01203	0.00658	0.00179	0.00268	0.01063	0.00595	0.00513
10	0.00792	0.00590	0.00875	0.00875	0.00969	0.00684	0.00673	0.00979	0.00886	0.01274	0.01497	0.02253	0.01418	0.08209	0.74331	0.00871	0.01433	0.00605	0.00299	0.00486
11	0.00686	0.00502	0.00646	0.00745	0.00806	0.00462	0.00512	0.00804	0.01131	0.01495	0.09410	0.63472	0.12495	0.01642	0.00697	0.00217	0.00315	0.02982	0.00522	0.00459
12	0.01158	0.00993	0.01153	0.00833	0.01318	0.00765	0.00666	0.01460	0.04295	0.01826	0.01038	0.01187	0.00857	0.00424	0.00417	0.00086	0.00411	0.00341	0.00338	0.80434
13	0.10738	0.00652	0.00710	0.00677	0.00873	0.00601	0.00514	0.01043	0.01287	0.03070	0.24609	0.12216	0.31433	0.01178	0.00607	0.00180	0.00314	0.02516	0.00511	0.06271
14	0.05262	0.13908	0.09628	0.01141	0.01580	0.02830	0.04222	0.10958	0.03447	0.29545	0.01691	0.02033	0.01300	0.00716	0.00540	0.00173	0.00577	0.09151	0.00487	0.00811
15	0.00980	0.00583	0.00749	0.00748	0.00870	0.00532	0.00531	0.01125	0.01245	0.12723	0.20620	0.35246	0.09516	0.10791	0.00919	0.00239	0.00351	0.01163	0.00541	0.00527
16	0.00952	0.00485	0.00692	0.00700	0.00718	0.00483	0.00472	0.00792	0.00795	0.01122	0.01193	0.06634	0.01185	0.01760	0.01862	0.68687	0.00444	0.00554	0.10183	0.00286
17	0.01889	0.01356	0.01454	0.01177	0.01558	0.03521	0.00962	0.46050	0.14702	0.10032	0.01684	0.01867	0.01277	0.00738	0.00562	0.00174	0.00557	0.05556	0.04008	0.00875
18	0.71022	0.01136	0.04090	0.00775	0.01156	0.01184	0.00667	0.01606	0.00977	0.02373	0.00806	0.00941	0.00630	0.00502	0.00358	0.00161	0.00443	0.00308	0.00336	0.10529
19	0.12774	0.00637	0.00851	0.07186	0.01072	0.00672	0.00607	0.01042	0.00844	0.06498	0.01022	0.01571	0.00921	0.01528	0.01666	0.59497	0.00494	0.00462	0.00286	0.00370

[dist]
# distance from previous block
# <min> <max>
0	2

[block]
# block no. 5 follows, 43 sequences, length 8
# corresponding to MSA columns:
# 281-288
name=unknown_F
#
# <colnr> <probs for GDERKNQSTAVLIFYWHMCP>
#	G	D	E	R	K	N	Q	S	T	A	V	L	I	F	Y	W	H	M	C	P
0	0.01242	0.01347	0.02727	0.11736	0.05700	0.01369	0.50970	0.01641	0.01240	0.01701	0.04620	0.01579	0.01023	0.00568	0.00772	0.00191	0.09955	0.00624	0.00287	0.00709
1	0.00917	0.10556	0.01011	0.09736	0.01077	0.00822	0.00551	0.00982	0.00880	0.01142	0.01536	0.03036	0.01704	0.61353	0.02251	0.00444	0.00567	0.00706	0.00313	0.00414
2	0.01112	0.00855	0.01034	0.00815	0.01153	0.00712	0.00623	0.01318	0.06649	0.01601	0.01073	0.01371	0.00926	0.00870	0.00925	0.24127	0.00433	0.00394	0.00321	0.53688
3	0.01204	0.01112	0.01883	0.34226	0.40846	0.01213	0.01534	0.01503	0.01154	0.01579	0.01012	0.01440	0.00827	0.00635	0.00682	0.07004	0.00676	0.00492	0.00260	0.00718
4	0.21620	0.01261	0.01289	0.01045	0.01390	0.01412	0.00848	0.43361	0.01898	0.02880	0.01300	0.04717	0.01048	0.04134	0.00639	0.00186	0.03258	0.00511	0.06433	0.00771
5	0.48848	0.01119	0.01279	0.11693	0.06115	0.01234	0.06071	0.05887	0.01154	0.06955	0.00970	0.01145	0.00729	0.00530	0.00434	0.00170	0.00532	0.00391	0.00354	0.04391
6	0.01897	0.01057	0.01271	0.01014	0.01394	0.01039	0.00820	0.16063	0.14607	0.34797	0.11190	0.02029	0.01777	0.00725	0.00557	0.00166	0.00460	0.00594	0.00600	0.07943
7	0.01364	0.00979	0.01159	0.01007	0.01247	0.01064	0.00803	0.16264	0.14116	0.10467	0.15664	0.08561	0.10636	0.01000	0.00752	0.00191	0.09567	0.03917	0.00535	0.00709

[dist]
# distance from previous block
# <min> <max>
0	1

[block]
# block no. 6 follows, 43 sequences, length 24
# corresponding to MSA columns:
# 290-313
name=unknown_G
#
# <colnr> <probs for GDERKNQSTAVLIFYWHMCP>
#	G	D	E	R	K	N	Q	S	T	A	V	L	I	F	Y	W	H	M	C	P
0	0.02272	0.00895	0.01217	0.00949	0.01341	0.00778	0.00778	0.02492	0.01583	0.68063	0.11507	0.02166	0.01853	0.00741	0.00569	0.00172	0.00445	0.00613	0.00676	0.00890
1	0.16325	0.00996	0.01190	0.00941	0.01334	0.00955	0.00773	0.09922	0.01566	0.50581	0.04982	0.01900	0.04669	0.00703	0.00528	0.00172	0.00462	0.00552	0.00603	0.00846
2	0.02204	0.01070	0.01332	0.01034	0.01436	0.01031	0.00849	0.22388	0.01862	0.49372	0.09722	0.01968	0.01655	0.00726	0.00566	0.00170	0.00487	0.00587	0.00642	0.00899
3	0.09477	0.00576	0.00693	0.00747	0.00845	0.00559	0.00525	0.00968	0.01153	0.03893	0.16005	0.51142	0.05962	0.03911	0.00719	0.00217	0.00331	0.01272	0.00513	0.00490
4	0.00791	0.00530	0.00617	0.00644	0.00657	0.00524	0.00385	0.00823	0.00875	0.01180	0.02014	0.17245	0.02324	0.61919	0.02313	0.00462	0.00490	0.03082	0.02759	0.00366
5	0.01376	0.01194	0.01837	0.32753	0.29687	0.01325	0.01460	0.14631	0.01433	0.03646	0.01146	0.03573	0.00919	0.00594	0.00578	0.00176	0.02047	0.00525	0.00328	0.00770
6	0.01212	0.01212	0.01696	0.01454	0.01454	0.01696	0.01212	0.01333	0.00848	0.01333	0.00727	0.01212	0.00727	0.00969	0.01818	0.00242	0.79523	0.00485	0.00242	0.00606
7	0.00765	0.00528	0.00688	0.00741	0.00827	0.00485	0.00520	0.00919	0.01248	0.04073	0.26210	0.49100	0.08836	0.01492	0.00682	0.00205	0.00305	0.01337	0.00549	0.00489
8	0.02011	0.01501	0.01662	0.08227	0.01905	0.01674	0.01096	0.68648	0.02470	0.03305	0.01299	0.01343	0.00924	0.00655	0.00554	0.00168	0.00621	0.00498	0.00527	0.00913
9	0.01178	0.00781	0.00681	0.00651	0.00808	0.08673	0.00492	0.04368	0.01256	0.02030	0.01681	0.01927	0.01326	0.00721	0.02252	0.00150	0.00378	0.00501	0.69601	0.00546
10	0.01624	0.51077	0.04532	0.01204	0.04547	0.24169	0.01043	0.01812	0.01264	0.01359	0.00859	0.01065	0.00772	0.00527	0.00419	0.00132	0.00717	0.01925	0.00258	0.00696
11	0.00944	0.00493	0.00739	0.00739	0.00749	0.00503	0.00503	0.00749	0.00739	0.00996	0.01016	0.01735	0.01006	0.02156	0.10100	0.75241	0.00585	0.00493	0.00246	0.00267
12	0.12461	0.15144	0.44049	0.04506	0.04913	0.01412	0.03626	0.01745	0.01153	0.04828	0.00980	0.01145	0.00728	0.00521	0.00480	0.00166	0.00709	0.00395	0.00271	0.00769
13	0.01496	0.01465	0.22423	0.09457	0.06413	0.01016	0.03585	0.04037	0.02904	0.24081	0.04149	0.09517	0.03208	0.00770	0.00577	0.00182	0.00600	0.02902	0.00443	0.00777
14	0.01042	0.00959	0.01613	0.75190	0.03656	0.01192	0.01484	0.01380	0.01088	0.01392	0.00983	0.01487	0.00750	0.00624	0.00636	0.04466	0.00725	0.00492	0.00246	0.00596
15	0.01662	0.01526	0.01498	0.13905	0.03494	0.18209	0.01070	0.29825	0.05621	0.02331	0.08496	0.01798	0.03735	0.00717	0.00585	0.00170	0.02305	0.01868	0.00437	0.00749
16	0.01792	0.05256	0.01756	0.01295	0.01702	0.01380	0.11897	0.35426	0.06807	0.13869	0.01617	0.08684	0.01293	0.02132	0.00611	0.00179	0.00593	0.00628	0.00506	0.02578
17	0.00765	0.00562	0.00732	0.00808	0.00915	0.00529	0.00628	0.00952	0.01259	0.01659	0.17100	0.29372	0.15339	0.01502	0.00708	0.00220	0.00367	0.25566	0.00530	0.00486
18	0.00682	0.00487	0.00649	0.00766	0.00805	0.00455	0.00515	0.00789	0.01094	0.01467	0.07888	0.75188	0.03765	0.01696	0.00703	0.00222	0.00317	0.01537	0.00520	0.00455
19	0.01559	0.16888	0.06931	0.01328	0.05325	0.06845	0.09744	0.10265	0.05409	0.12802	0.07660	0.04519	0.01517	0.00705	0.00542	0.00166	0.00609	0.04161	0.02270	0.00755
20	0.08692	0.10341	0.02862	0.02627	0.03715	0.09766	0.08575	0.14140	0.03713	0.05202	0.01322	0.03993	0.01180	0.14877	0.06416	0.00280	0.00705	0.00555	0.00371	0.00668
21	0.18430	0.12278	0.09034	0.09344	0.07903	0.06507	0.01052	0.01671	0.01191	0.09522	0.03483	0.06274	0.01198	0.00673	0.00512	0.00167	0.01874	0.03693	0.00356	0.04838
22	0.07715	0.10645	0.10301	0.02583	0.15306	0.03419	0.01080	0.09188	0.04055	0.01763	0.01251	0.09543	0.01159	0.00989	0.02345	0.14865	0.02249	0.00559	0.00330	0.00656
23	0.02528	0.05489	0.08884	0.05682	0.06725	0.06905	0.01018	0.12104	0.06008	0.03802	0.04499	0.15035	0.04548	0.01300	0.10518	0.00271	0.02892	0.00712	0.00402	0.00679

[dist]
# distance from previous block
# <min> <max>
1	101

[block]
# block no. 7 follows, 43 sequences, length 23
# corresponding to MSA columns:
# 420-442
name=unknown_H
#
# <colnr> <probs for GDERKNQSTAVLIFYWHMCP>
#	G	D	E	R	K	N	Q	S	T	A	V	L	I	F	Y	W	H	M	C	P
0	0.12536	0.31308	0.09994	0.01025	0.01435	0.10713	0.00962	0.07441	0.01298	0.01760	0.04632	0.06689	0.04667	0.00668	0.00457	0.00150	0.00592	0.00492	0.00332	0.02849
1	0.11027	0.08572	0.16695	0.08542	0.21282	0.03061	0.09409	0.02890	0.03701	0.01791	0.01123	0.03073	0.00946	0.03634	0.00609	0.00185	0.00679	0.01746	0.00295	0.00742
2	0.05797	0.06968	0.01506	0.07199	0.01636	0.09030	0.02323	0.29196	0.01769	0.08069	0.08250	0.01659	0.01349	0.00972	0.07255	0.00226	0.01935	0.00522	0.03589	0.00751
3	0.00797	0.00714	0.00879	0.00785	0.00999	0.02483	0.07370	0.01026	0.03583	0.01638	0.12891	0.07066	0.53100	0.01237	0.00643	0.00184	0.00362	0.01062	0.02665	0.00517
4	0.01036	0.00767	0.07889	0.00828	0.00930	0.00631	0.00653	0.05198	0.00877	0.01189	0.01022	0.01703	0.00984	0.05263	0.01948	0.67469	0.00522	0.00490	0.00263	0.00339
5	0.01786	0.08065	0.04617	0.01282	0.01596	0.45187	0.01024	0.12506	0.04627	0.01716	0.01207	0.08457	0.01084	0.00826	0.03459	0.00183	0.00838	0.00507	0.00351	0.00684
6	0.00857	0.00673	0.00815	0.00794	0.00934	0.03496	0.03523	0.01084	0.03341	0.01744	0.20422	0.29610	0.12942	0.01323	0.02898	0.00206	0.00383	0.01079	0.11488	0.02388
7	0.16563	0.01289	0.01342	0.01080	0.01465	0.01417	0.00878	0.38622	0.14304	0.08699	0.01464	0.01487	0.01074	0.02448	0.00560	0.00176	0.00521	0.00492	0.03003	0.03116
8	0.04888	0.57644	0.09035	0.01019	0.01501	0.04123	0.01017	0.01836	0.04555	0.08482	0.00990	0.01062	0.00811	0.00515	0.00402	0.00134	0.00599	0.00347	0.00299	0.00743
9	0.01032	0.00516	0.00516	0.00516	0.00645	0.00516	0.00387	0.01290	0.01161	0.02065	0.01807	0.02065	0.01420	0.00645	0.00387	0.00129	0.00258	0.00516	0.83611	0.00516
10	0.01221	0.01238	0.01842	0.01535	0.01587	0.01669	0.08044	0.01374	0.00891	0.01374	0.00763	0.01238	0.00737	0.00923	0.01710	0.00237	0.72253	0.00500	0.00246	0.00619
11	0.00899	0.00657	0.00815	0.00742	0.00905	0.00630	0.00566	0.07893	0.01646	0.02297	0.65737	0.03946	0.08927	0.01104	0.00644	0.00174	0.00295	0.00965	0.00599	0.00558
12	0.00725	0.00543	0.00689	0.00760	0.00803	0.00539	0.00515	0.00812	0.01030	0.01364	0.03002	0.54425	0.11748	0.14410	0.01108	0.00272	0.05004	0.01339	0.00469	0.00443
13	0.69435	0.07562	0.01014	0.00778	0.01119	0.05816	0.00646	0.01651	0.01003	0.02306	0.00819	0.00953	0.00650	0.00520	0.00355	0.00164	0.00468	0.00312	0.03821	0.00608
14	0.01032	0.00516	0.00516	0.00516	0.00645	0.00516	0.00387	0.01290	0.01161	0.02065	0.01807	0.02065	0.01420	0.00645	0.00387	0.00129	0.00258	0.00516	0.83611	0.00516
15	0.01386	0.01760	0.17859	0.02671	0.44248	0.06793	0.10843	0.04533	0.01320	0.01825	0.01039	0.01317	0.00827	0.00509	0.00554	0.00168	0.00748	0.00487	0.00278	0.00835
16	0.00812	0.00638	0.00904	0.04432	0.01130	0.00632	0.04463	0.01087	0.06730	0.01632	0.12546	0.47115	0.05631	0.01434	0.00684	0.00214	0.00390	0.08501	0.00506	0.00520
17	0.02945	0.01155	0.01640	0.05299	0.01552	0.01573	0.02794	0.01315	0.00887	0.01377	0.00905	0.06512	0.00924	0.00979	0.01623	0.00236	0.66863	0.00558	0.00264	0.00599
18	0.01241	0.01014	0.01228	0.03346	0.01344	0.07662	0.10060	0.06931	0.03345	0.01944	0.01501	0.05216	0.01243	0.00790	0.03618	0.00176	0.03097	0.00548	0.35350	0.10345
19	0.06956	0.10743	0.01595	0.05938	0.04459	0.16517	0.00990	0.22273	0.03849	0.04345	0.06054	0.03804	0.03868	0.00719	0.00578	0.00166	0.03938	0.02065	0.00413	0.00731
20	0.04635	0.00958	0.02988	0.02676	0.01286	0.00889	0.00754	0.13953	0.03760	0.18290	0.12359	0.14084	0.05552	0.03481	0.00642	0.00181	0.00440	0.00756	0.00522	0.11793
21	0.06428	0.01206	0.01317	0.01019	0.01439	0.01202	0.00823	0.32699	0.06411	0.02590	0.04184	0.04528	0.01195	0.00626	0.00498	0.00139	0.00488	0.00492	0.00457	0.32259
22	0.16774	0.30361	0.07369	0.08304	0.04655	0.03066	0.01009	0.09564	0.01295	0.01885	0.05329	0.03724	0.03388	0.00619	0.00452	0.00154	0.00568	0.00458	0.00332	0.00694

[dist]
# distance from previous block
# <min> <max>
0	10

[block]
# block no. 8 follows, 43 sequences, length 18
# corresponding to MSA columns:
# 454-471
name=unknown_I
#
# <colnr> <probs for GDERKNQSTAVLIFYWHMCP>
#	G	D	E	R	K	N	Q	S	T	A	V	L	I	F	Y	W	H	M	C	P
0	0.06300	0.04122	0.11181	0.01317	0.06056	0.07593	0.01107	0.33000	0.03711	0.05462	0.01293	0.02660	0.02120	0.00616	0.00514	0.00156	0.00615	0.00471	0.00430	0.11276
1	0.03805	0.01574	0.04674	0.11333	0.44580	0.17426	0.01493	0.01749	0.01297	0.01680	0.01074	0.01509	0.00920	0.00566	0.00542	0.00167	0.00731	0.03824	0.00285	0.00771
2	0.01375	0.04589	0.05112	0.19849	0.46116	0.05013	0.01574	0.06576	0.01322	0.01790	0.01027	0.01346	0.00829	0.00523	0.00539	0.00167	0.00693	0.00476	0.00284	0.00803
3	0.01401	0.01319	0.06844	0.30112	0.26635	0.05971	0.01455	0.04609	0.01319	0.09740	0.04424	0.01545	0.01049	0.00577	0.00551	0.00172	0.00680	0.00508	0.00331	0.00758
4	0.03455	0.00829	0.01216	0.15233	0.01675	0.00873	0.07459	0.09370	0.01259	0.01721	0.02140	0.43892	0.02346	0.01197	0.00657	0.00202	0.01859	0.01081	0.00434	0.03103
5	0.00805	0.00539	0.00615	0.00615	0.00619	0.00543	0.00350	0.00813	0.00809	0.01082	0.01735	0.03567	0.01988	0.77493	0.05828	0.00551	0.00575	0.00797	0.00334	0.00342
6	0.01367	0.25312	0.38236	0.01572	0.10041	0.11306	0.01567	0.01778	0.01217	0.01579	0.00917	0.01088	0.00725	0.00513	0.00476	0.00154	0.00758	0.00379	0.00246	0.00771
7	0.00673	0.00488	0.00636	0.00755	0.00799	0.00451	0.00507	0.00773	0.01076	0.01420	0.03245	0.74529	0.09185	0.01710	0.00703	0.00222	0.00318	0.01544	0.00514	0.00451
8	0.01279	0.01323	0.01677	0.01425	0.01499	0.08666	0.03221	0.01422	0.00946	0.01374	0.00783	0.01219	0.00750	0.00961	0.03413	0.00238	0.63487	0.00471	0.00254	0.05592
9	0.01309	0.11954	0.55490	0.01422	0.02125	0.01389	0.01716	0.05273	0.05737	0.06874	0.01137	0.01244	0.00818	0.00550	0.00511	0.00169	0.00736	0.00423	0.00299	0.00823
10	0.00686	0.00566	0.00605	0.00623	0.00786	0.00492	0.00463	0.00859	0.02826	0.01538	0.08181	0.15797	0.59522	0.01428	0.00663	0.00194	0.00296	0.03478	0.00519	0.00477
11	0.00805	0.00537	0.00604	0.00604	0.00604	0.00537	0.00336	0.00805	0.00805	0.01074	0.01745	0.03624	0.02013	0.80536	0.02819	0.00537	0.00537	0.00805	0.00336	0.00336
12	0.01379	0.01299	0.02187	0.09058	0.60293	0.01324	0.05759	0.06583	0.01342	0.01885	0.01107	0.01502	0.00925	0.00533	0.00560	0.00170	0.00673	0.02278	0.00297	0.00845
13	0.05261	0.01439	0.01465	0.01181	0.01563	0.05408	0.00956	0.48621	0.16966	0.03008	0.04771	0.01587	0.01267	0.00691	0.00544	0.00169	0.00561	0.00531	0.03142	0.00868
14	0.00675	0.00482	0.00643	0.00771	0.00803	0.00450	0.00514	0.00771	0.01060	0.01414	0.03053	0.80175	0.03663	0.01735	0.00707	0.00225	0.00321	0.01574	0.00514	0.00450
15	0.01148	0.00984	0.01148	0.00820	0.01312	0.00738	0.00656	0.01395	0.01148	0.01805	0.00984	0.01148	0.00820	0.00410	0.00410	0.00082	0.00410	0.00328	0.00328	0.83922
16	0.15719	0.01466	0.01458	0.01159	0.01561	0.04904	0.00948	0.53263	0.06696	0.03117	0.01286	0.01310	0.00935	0.00640	0.00512	0.00166	0.00575	0.00468	0.02959	0.00855
17	0.00944	0.00670	0.00857	0.00781	0.00960	0.00633	0.00600	0.01157	0.01355	0.07201	0.37422	0.10884	0.13185	0.01255	0.04289	0.00210	0.05102	0.02482	0.00525	0.09491

[dist]
# distance from previous block
# <min> <max>
0	1

[block]
# block no. 9 follows, 43 sequences, length 7
# corresponding to MSA columns:
# 473-479
name=unknown_J
#
# <colnr> <probs for GDERKNQSTAVLIFYWHMCP>
#	G	D	E	R	K	N	Q	S	T	A	V	L	I	F	Y	W	H	M	C	P
0	0.22539	0.06923	0.03407	0.08255	0.03678	0.01184	0.02968	0.04969	0.13367	0.11463	0.06260	0.06109	0.03401	0.00733	0.00512	0.00177	0.00497	0.02407	0.00441	0.00711
1	0.05327	0.01438	0.06233	0.10150	0.21195	0.15749	0.02810	0.01713	0.07330	0.01737	0.07280	0.04514	0.01515	0.00856	0.03587	0.00204	0.00696	0.06614	0.00352	0.00697
2	0.01402	0.11442	0.17508	0.09070	0.16202	0.08654	0.04589	0.09384	0.05415	0.01815	0.01141	0.04535	0.00949	0.00618	0.00597	0.00170	0.04929	0.00498	0.00313	0.00767
3	0.25414	0.07973	0.15609	0.06249	0.11483	0.04784	0.01152	0.04672	0.01187	0.01944	0.03197	0.05096	0.01114	0.00785	0.03512	0.00201	0.00633	0.03980	0.00326	0.00686
4	0.09997	0.06712	0.01519	0.12125	0.17299	0.07929	0.02815	0.01575	0.05882	0.01790	0.10287	0.05955	0.01824	0.00806	0.00564	0.00182	0.00580	0.11119	0.00378	0.00663
5	0.01147	0.00876	0.01044	0.05712	0.01305	0.00845	0.00724	0.10555	0.06867	0.04150	0.05304	0.09406	0.08640	0.11326	0.00863	0.00212	0.00460	0.08155	0.00444	0.21963
6	0.05027	0.23426	0.04986	0.01110	0.01417	0.07425	0.07579	0.01446	0.01145	0.01549	0.06710	0.09616	0.01460	0.01147	0.09840	0.00248	0.07821	0.00582	0.03024	0.04441

[dist]
# distance from previous block
# <min> <max>
0	3

[block]
# block no. 10 follows, 43 sequences, length 8
# corresponding to MSA columns:
# 483-490
name=unknown_K
#
# <colnr> <probs for GDERKNQSTAVLIFYWHMCP>
#	G	D	E	R	K	N	Q	S	T	A	V	L	I	F	Y	W	H	M	C	P
0	0.12082	0.01212	0.01210	0.01023	0.01336	0.07075	0.00817	0.28248	0.06404	0.03998	0.03526	0.04309	0.08716	0.01293	0.12622	0.00280	0.00681	0.00591	0.00457	0.04121
1	0.01567	0.01167	0.01277	0.01091	0.01408	0.01280	0.00859	0.28998	0.29400	0.07069	0.02189	0.14323	0.05097	0.00901	0.00587	0.00185	0.00477	0.00750	0.00557	0.00818
2	0.01114	0.01006	0.01602	0.51692	0.13926	0.01181	0.01384	0.03864	0.04667	0.01599	0.01274	0.01674	0.03354	0.00816	0.05466	0.00224	0.00724	0.00528	0.03245	0.00660
3	0.00735	0.00566	0.00677	0.00694	0.00838	0.00509	0.00533	0.00928	0.01347	0.01755	0.28851	0.12151	0.35127	0.01362	0.00675	0.00196	0.00311	0.11707	0.00546	0.00491
4	0.01114	0.01224	0.07801	0.08782	0.10128	0.07208	0.11682	0.04045	0.04079	0.01659	0.02216	0.18364	0.11976	0.01055	0.02998	0.00211	0.00634	0.03799	0.00384	0.00641
5	0.01233	0.01040	0.01247	0.08287	0.01589	0.00881	0.00779	0.08657	0.01288	0.01934	0.01018	0.01197	0.00824	0.00449	0.00438	0.00100	0.00461	0.00360	0.00343	0.67874
6	0.06742	0.21641	0.14387	0.01161	0.04898	0.01363	0.01063	0.11139	0.02801	0.12012	0.05458	0.06643	0.01389	0.00703	0.00502	0.00163	0.00555	0.03027	0.03602	0.00752
7	0.08270	0.37443	0.15655	0.01083	0.01546	0.09126	0.01082	0.01806	0.09272	0.01646	0.04696	0.01388	0.03738	0.00590	0.00446	0.00148	0.00616	0.00422	0.00312	0.00715

[dist]
# distance from previous block
# <min> <max>
1	5

[block]
# block no. 11 follows, 43 sequences, length 151
# corresponding to MSA columns:
# 501-540,543-582,622-644,646-693
name=unknown_L
#
# <colnr> <probs for GDERKNQSTAVLIFYWHMCP>
#	G	D	E	R	K	N	Q	S	T	A	V	L	I	F	Y	W	H	M	C	P
0	0.06533	0.02725	0.01201	0.02779	0.01292	0.02181	0.04104	0.14003	0.01421	0.12004	0.03247	0.11116	0.01487	0.02082	0.02508	0.00189	0.05872	0.00633	0.18604	0.06016
1	0.18616	0.05707	0.06981	0.14085	0.08200	0.02671	0.07329	0.08304	0.07132	0.04646	0.03799	0.01435	0.01021	0.00698	0.03020	0.00194	0.02309	0.00477	0.00355	0.03021
2	0.01738	0.01331	0.01427	0.02807	0.01573	0.03209	0.00940	0.42462	0.19168	0.04640	0.03253	0.04951	0.02993	0.00768	0.00595	0.02032	0.00541	0.00588	0.00528	0.04455
3	0.84448	0.01071	0.00814	0.00728	0.01071	0.01242	0.00600	0.01628	0.00943	0.02485	0.00771	0.00900	0.00600	0.00514	0.00343	0.00171	0.00428	0.00300	0.00343	0.00600
4	0.00690	0.00565	0.00608	0.00626	0.00792	0.00489	0.00477	0.00841	0.01253	0.01523	0.07573	0.08735	0.61065	0.03609	0.00729	0.00205	0.00313	0.08926	0.00512	0.00470
5	0.01007	0.00551	0.00776	0.00755	0.00788	0.00576	0.00527	0.03552	0.00843	0.01181	0.01075	0.01721	0.01021	0.01877	0.06623	0.66091	0.02713	0.00492	0.07516	0.00316
6	0.01378	0.45200	0.12821	0.01072	0.01507	0.03523	0.01069	0.07801	0.01298	0.01662	0.09554	0.03548	0.01325	0.00640	0.00533	0.00148	0.05441	0.00458	0.00315	0.00709
7	0.00696	0.00521	0.00647	0.00703	0.00796	0.00472	0.00494	0.00843	0.01231	0.01627	0.21360	0.43980	0.21591	0.01511	0.00681	0.00204	0.00297	0.01340	0.00537	0.00472
8	0.01626	0.01256	0.01357	0.01056	0.01488	0.03663	0.00850	0.25715	0.15727	0.07821	0.01416	0.01427	0.01059	0.00581	0.00499	0.00137	0.00503	0.00456	0.00470	0.32892
9	0.01481	0.80869	0.02902	0.00948	0.01421	0.02191	0.00948	0.01658	0.01125	0.01303	0.00770	0.00888	0.00711	0.00474	0.00355	0.00118	0.00592	0.00296	0.00237	0.00711
10	0.01400	0.63933	0.19135	0.01085	0.01633	0.01995	0.01186	0.01679	0.01135	0.01401	0.00819	0.00949	0.00709	0.00485	0.00392	0.00131	0.00641	0.00321	0.00236	0.00734
11	0.00719	0.00558	0.00654	0.00642	0.00791	0.00493	0.00477	0.00915	0.01396	0.01843	0.40073	0.10192	0.36665	0.01295	0.00658	0.00184	0.00274	0.01117	0.00561	0.00493
12	0.00684	0.00495	0.00648	0.00761	0.00810	0.00459	0.00519	0.00794	0.01100	0.01458	0.06158	0.69975	0.08730	0.01683	0.00703	0.00221	0.00321	0.03508	0.00518	0.00456
13	0.00996	0.00861	0.00869	0.00813	0.01031	0.04233	0.00619	0.05963	0.18992	0.01812	0.07006	0.06973	0.38498	0.03108	0.05502	0.00237	0.00451	0.00929	0.00505	0.00601
14	0.11853	0.01684	0.01521	0.01588	0.15342	0.27025	0.01061	0.18274	0.01612	0.04494	0.01231	0.08074	0.01071	0.00739	0.01900	0.00177	0.00712	0.00523	0.00383	0.00737
15	0.00684	0.00562	0.00602	0.00592	0.00766	0.00480	0.00444	0.00852	0.01332	0.01662	0.21898	0.05057	0.60466	0.01341	0.00654	0.00184	0.00276	0.01131	0.00536	0.00480
16	0.00697	0.00499	0.00662	0.00784	0.00827	0.00469	0.00540	0.00805	0.01077	0.01428	0.03065	0.70101	0.05208	0.03737	0.00765	0.00235	0.00342	0.07797	0.00509	0.00453
17	0.01701	0.01440	0.08007	0.01223	0.03243	0.08106	0.01029	0.22106	0.18523	0.13949	0.04867	0.02175	0.03186	0.00775	0.00574	0.00179	0.00574	0.07004	0.00516	0.00823
18	0.01472	0.02791	0.01714	0.13408	0.22182	0.01240	0.04349	0.12990	0.08639	0.10049	0.07455	0.03536	0.01443	0.00681	0.00596	0.00175	0.02415	0.02059	0.00420	0.02386
19	0.00675	0.00482	0.00643	0.00771	0.00803	0.00450	0.00514	0.00771	0.01060	0.01414	0.03053	0.80175	0.03663	0.01735	0.00707	0.00225	0.00321	0.01574	0.00514	0.00450
20	0.25088	0.11575	0.01437	0.04510	0.07795	0.12135	0.00888	0.09547	0.01318	0.05037	0.01142	0.04787	0.00955	0.00619	0.00477	0.00159	0.02294	0.00448	0.09109	0.00679
21	0.01341	0.01022	0.01192	0.00887	0.01345	0.00851	0.00710	0.07674	0.05301	0.08548	0.01251	0.03805	0.01016	0.00516	0.00453	0.00107	0.00431	0.00418	0.00396	0.62736
22	0.03070	0.00896	0.01289	0.10626	0.17649	0.00905	0.01005	0.05966	0.01385	0.10888	0.12134	0.08728	0.10712	0.00965	0.00615	0.00189	0.00495	0.11348	0.00462	0.00674
23	0.02785	0.64398	0.13296	0.01044	0.01562	0.02005	0.01097	0.04048	0.01186	0.03087	0.00850	0.00964	0.00729	0.00492	0.00390	0.00130	0.00619	0.00324	0.00258	0.00736
24	0.00679	0.00486	0.00647	0.00768	0.00804	0.00453	0.00514	0.00783	0.01082	0.01448	0.06182	0.76948	0.03729	0.01710	0.00705	0.00223	0.00319	0.01550	0.00518	0.00453
25	0.00981	0.00800	0.01081	0.00950	0.01140	0.00812	0.07099	0.08102	0.06966	0.01951	0.26302	0.15372	0.14333	0.05427	0.02394	0.00222	0.04013	0.00969	0.00505	0.00581
26	0.01298	0.01191	0.01664	0.53969	0.08892	0.06437	0.01410	0.12562	0.01376	0.01774	0.01058	0.01433	0.00800	0.00570	0.00544	0.00176	0.00715	0.00485	0.02964	0.00683
27	0.00866	0.00586	0.00737	0.00706	0.00858	0.00537	0.00544	0.01105	0.01471	0.05462	0.51381	0.04275	0.15694	0.01158	0.00642	0.00180	0.00295	0.07279	0.05692	0.00532
28	0.02206	0.01366	0.08096	0.01158	0.01627	0.01234	0.01022	0.33072	0.01977	0.39812	0.01722	0.01590	0.01132	0.00663	0.00553	0.00170	0.00560	0.00520	0.00591	0.00931
29	0.05169	0.01068	0.04389	0.01025	0.01447	0.00930	0.00874	0.09480	0.03005	0.59237	0.02049	0.04200	0.01392	0.00723	0.00557	0.00175	0.00493	0.02257	0.00631	0.00899
30	0.01295	0.01016	0.01125	0.01007	0.01280	0.01124	0.00782	0.03533	0.50905	0.06639	0.22000	0.02594	0.02598	0.00847	0.00587	0.00183	0.00396	0.00720	0.00583	0.00788
31	0.01032	0.00516	0.00516	0.00516	0.00645	0.00516	0.00387	0.01290	0.01161	0.02065	0.01807	0.02065	0.01420	0.00645	0.00387	0.00129	0.00258	0.00516	0.83611	0.00516
32	0.01093	0.01042	0.01681	0.55941	0.03123	0.01334	0.03198	0.01400	0.01049	0.01419	0.00943	0.01425	0.00754	0.00658	0.00869	0.00198	0.20491	0.00495	0.02273	0.00614
33	0.01135	0.01105	0.01548	0.01355	0.01364	0.01517	0.01114	0.01260	0.00870	0.01337	0.00985	0.08272	0.01032	0.01255	0.06965	0.00285	0.67157	0.00589	0.00270	0.00584
34	0.00799	0.00583	0.00711	0.00786	0.00863	0.00583	0.00540	0.01094	0.10989	0.01551	0.02834	0.57961	0.04768	0.07100	0.00816	0.00235	0.00347	0.01320	0.05616	0.00503
35	0.01063	0.01002	0.01693	0.75126	0.07757	0.01235	0.01547	0.01430	0.01116	0.01436	0.00987	0.01471	0.00746	0.00550	0.00553	0.00183	0.00734	0.00492	0.00248	0.00629
36	0.01758	0.01194	0.01283	0.01058	0.01371	0.05075	0.00833	0.33845	0.06752	0.15352	0.01740	0.08917	0.01454	0.09885	0.03304	0.00236	0.00573	0.00646	0.03946	0.00778
37	0.00684	0.00491	0.00652	0.00778	0.00818	0.00459	0.00529	0.00789	0.01074	0.01427	0.03102	0.75218	0.05210	0.01719	0.00708	0.00225	0.00329	0.04822	0.00514	0.00453
38	0.09403	0.01003	0.01242	0.00981	0.01377	0.00955	0.00803	0.08938	0.07106	0.54230	0.06577	0.01902	0.01526	0.00701	0.00544	0.00172	0.00464	0.00562	0.00630	0.00882
39	0.06962	0.00955	0.01226	0.02663	0.01380	0.00925	0.02832	0.10801	0.04478	0.39307	0.11969	0.05909	0.01946	0.03609	0.00651	0.00190	0.00470	0.02343	0.00589	0.00796
40	0.01772	0.01256	0.01395	0.01118	0.01494	0.01329	0.00899	0.44422	0.08696	0.09362	0.01701	0.12817	0.01427	0.00804	0.00563	0.00169	0.00521	0.00654	0.00538	0.09064
41	0.00720	0.00579	0.00634	0.00626	0.00794	0.00508	0.00466	0.02657	0.01344	0.01695	0.20740	0.11492	0.53082	0.01355	0.00656	0.00187	0.00288	0.01152	0.00536	0.00489
42	0.00862	0.00621	0.00831	0.00921	0.01039	0.00616	0.00766	0.01109	0.02885	0.01649	0.09485	0.10243	0.06604	0.08365	0.00921	0.00266	0.00467	0.51347	0.00505	0.00498
43	0.01148	0.00984	0.01148	0.00820	0.01312	0.00738	0.00656	0.01395	0.01148	0.01805	0.00984	0.01148	0.00820	0.00410	0.00410	0.00082	0.00410	0.00328	0.00328	0.83922
44	0.01247	0.00723	0.00746	0.00668	0.00860	0.00757	0.00520	0.16099	0.01450	0.02350	0.01711	0.01918	0.01324	0.00649	0.00421	0.00136	0.00328	0.00513	0.66977	0.00601
45	0.00930	0.00668	0.00884	0.00972	0.01123	0.00666	0.00832	0.01251	0.05930	0.03435	0.03163	0.07092	0.10989	0.01452	0.00735	0.00241	0.00477	0.58106	0.00518	0.00537
46	0.01469	0.01499	0.02034	0.02817	0.55755	0.12892	0.01511	0.01868	0.07805	0.01764	0.01105	0.01368	0.00917	0.00549	0.00600	0.00167	0.04267	0.00484	0.00300	0.00830
47	0.00693	0.00503	0.00671	0.00781	0.00819	0.00481	0.00529	0.00800	0.01087	0.01462	0.07536	0.73828	0.03697	0.01682	0.00727	0.00222	0.01996	0.01516	0.00514	0.00458
48	0.01359	0.01319	0.02086	0.08013	0.62657	0.04398	0.01573	0.01676	0.01254	0.01765	0.01025	0.01343	0.00857	0.00493	0.00535	0.00158	0.00655	0.00473	0.00277	0.08083
49	0.00675	0.00482	0.00643	0.00771	0.00803	0.00450	0.00514	0.00771	0.01060	0.01414	0.03053	0.80175	0.03663	0.01735	0.00707	0.00225	0.00321	0.01574	0.00514	0.00450
50	0.00805	0.00540	0.00619	0.00619	0.00624	0.00545	0.00354	0.00815	0.00810	0.01085	0.01731	0.03549	0.01981	0.76559	0.06751	0.00555	0.00586	0.00794	0.00334	0.00344
51	0.01312	0.01048	0.01365	0.00984	0.01475	0.00841	0.07166	0.04454	0.01256	0.08222	0.01111	0.01248	0.00873	0.00448	0.00449	0.00102	0.00469	0.00382	0.00363	0.66433
52	0.01212	0.01212	0.01696	0.01454	0.01454	0.01696	0.01212	0.01333	0.00848	0.01333	0.00727	0.01212	0.00727	0.00969	0.01818	0.00242	0.79523	0.00485	0.00242	0.00606
