[name]
unknown

[dist]
# distance from previous block
# <min> <max>
0	69

[block]
# block no. 0 follows, 49 sequences, length 53
# corresponding to MSA columns:
# 72-116,121-128
name=unknown_A
#
# <colnr> <probs for GDERKNQSTAVLIFYWHMCP>
#	G	D	E	R	K	N	Q	S	T	A	V	L	I	F	Y	W	H	M	C	P
0	0.02743	0.00786	0.00955	0.06640	0.04853	0.04166	0.00749	0.03843	0.02704	0.15802	0.02762	0.09061	0.21236	0.01021	0.00579	0.00181	0.00434	0.19211	0.00457	0.01818
1	0.07980	0.06068	0.04869	0.09056	0.12015	0.01066	0.07453	0.04345	0.07915	0.13187	0.05382	0.02838	0.02212	0.00565	0.00494	0.00148	0.01651	0.00484	0.00366	0.11908
2	0.02621	0.10098	0.24732	0.01158	0.01604	0.01101	0.08408	0.07040	0.04828	0.11557	0.06073	0.09553	0.01331	0.00719	0.02103	0.00170	0.01597	0.00556	0.00359	0.04391
3	0.00964	0.00572	0.00725	0.00725	0.00862	0.00535	0.00531	0.01185	0.05967	0.14775	0.12444	0.41601	0.10427	0.01226	0.00593	0.00183	0.00313	0.02252	0.03595	0.00525
4	0.02420	0.00635	0.04144	0.00729	0.00867	0.00539	0.00560	0.02632	0.01077	0.10301	0.10231	0.32699	0.12119	0.04370	0.00865	0.12219	0.00357	0.02327	0.00441	0.00468
5	0.00929	0.00532	0.00811	0.04242	0.00886	0.00544	0.03299	0.03650	0.00761	0.01014	0.00917	0.01560	0.00892	0.03870	0.01822	0.72832	0.00470	0.00454	0.00234	0.00278
6	0.00929	0.00573	0.00697	0.00656	0.00762	0.00552	0.00455	0.01048	0.02365	0.11397	0.11356	0.08234	0.11464	0.37652	0.05262	0.00344	0.01813	0.02203	0.00411	0.01826
7	0.01150	0.00689	0.00824	0.00742	0.00876	0.00697	0.00527	0.11901	0.03291	0.13069	0.03225	0.09095	0.01736	0.37911	0.02920	0.06910	0.00477	0.03064	0.00404	0.00494
8	0.19767	0.00774	0.00893	0.00789	0.01037	0.00766	0.00615	0.06718	0.01242	0.28529	0.08053	0.25007	0.01964	0.00902	0.00513	0.00171	0.00375	0.00757	0.00499	0.00631
9	0.01012	0.00589	0.00739	0.00685	0.00862	0.00529	0.00519	0.01219	0.03187	0.18096	0.30136	0.17454	0.20802	0.01094	0.00585	0.00170	0.00297	0.00949	0.00535	0.00543
10	0.02095	0.00913	0.01183	0.00917	0.01288	0.00841	0.00753	0.13128	0.01580	0.62288	0.07999	0.01812	0.01476	0.00656	0.00515	0.00156	0.00433	0.00533	0.00603	0.00830
11	0.01387	0.01036	0.01131	0.00994	0.01286	0.01159	0.00777	0.04418	0.62180	0.12653	0.03482	0.01923	0.01557	0.02973	0.00573	0.00178	0.00408	0.00571	0.00524	0.00790
12	0.01248	0.00611	0.00684	0.00610	0.00797	0.00597	0.00471	0.04555	0.03621	0.17862	0.01788	0.01957	0.02967	0.04564	0.00509	0.00148	0.00307	0.00507	0.55628	0.00569
13	0.00671	0.00508	0.00592	0.00591	0.00719	0.00455	0.00438	0.00839	0.01219	0.01613	0.32042	0.10497	0.35504	0.05108	0.00692	0.00185	0.00272	0.04032	0.03579	0.00442
14	0.01252	0.01201	0.02053	0.03104	0.79074	0.01201	0.01552	0.01552	0.01151	0.01652	0.00951	0.01252	0.00801	0.00451	0.00501	0.00150	0.00601	0.00451	0.00250	0.00801
15	0.00780	0.00494	0.00647	0.00696	0.00776	0.00454	0.00484	0.00898	0.01078	0.08260	0.14074	0.56550	0.06730	0.04690	0.00702	0.00204	0.00304	0.01233	0.00489	0.00457
16	0.00618	0.00442	0.00589	0.00702	0.00734	0.00412	0.00470	0.00710	0.00979	0.01308	0.04602	0.80034	0.03379	0.01571	0.00644	0.00204	0.00292	0.01425	0.00471	0.00412
17	0.00619	0.00442	0.00590	0.00702	0.00734	0.00413	0.00470	0.00712	0.00983	0.01314	0.05194	0.79426	0.03390	0.01567	0.00644	0.00204	0.00292	0.01421	0.00472	0.00413
18	0.00647	0.00513	0.00574	0.00559	0.00703	0.00448	0.00414	0.00809	0.01234	0.01588	0.31733	0.04398	0.48335	0.04983	0.00690	0.00181	0.00261	0.00996	0.00494	0.00439
19	0.01049	0.00899	0.01049	0.00749	0.01198	0.00674	0.00599	0.01273	0.01049	0.01648	0.00899	0.01049	0.00749	0.00374	0.00374	0.00075	0.00374	0.00300	0.00300	0.85320
20	0.01783	0.01163	0.01296	0.01038	0.01396	0.01253	0.00843	0.37576	0.21977	0.20042	0.01630	0.01534	0.01147	0.00631	0.00502	0.00157	0.00473	0.00499	0.04231	0.00827
21	0.00763	0.00584	0.00859	0.00842	0.00935	0.00691	0.00660	0.02419	0.00842	0.01215	0.01321	0.01932	0.01230	0.03601	0.75187	0.00774	0.04872	0.00536	0.00273	0.00464
22	0.01031	0.00998	0.01558	0.44840	0.06601	0.01299	0.01292	0.01275	0.00923	0.01281	0.00807	0.01246	0.00677	0.00655	0.00970	0.00189	0.33115	0.00447	0.00225	0.00571
23	0.01922	0.01416	0.01518	0.01163	0.01568	0.01568	0.00961	0.77388	0.02378	0.03187	0.01214	0.01214	0.00860	0.00607	0.00506	0.00152	0.00556	0.00455	0.00506	0.00860
24	0.01258	0.01086	0.01143	0.01029	0.01315	0.01258	0.00800	0.02687	0.78161	0.02115	0.02058	0.01887	0.01544	0.00686	0.00515	0.00172	0.00400	0.00572	0.00515	0.00800
25	0.01352	0.82533	0.02650	0.00865	0.01298	0.02001	0.00865	0.01514	0.01027	0.01190	0.00703	0.00811	0.00649	0.00433	0.00324	0.00108	0.00541	0.00270	0.00216	0.00649
26	0.00729	0.00488	0.00553	0.00560	0.00561	0.00486	0.00315	0.00734	0.00748	0.00997	0.01657	0.07482	0.01918	0.77947	0.02471	0.00475	0.00480	0.00773	0.00315	0.00312
27	0.01062	0.14001	0.68645	0.01359	0.02062	0.01292	0.01725	0.01589	0.01062	0.01543	0.00878	0.01031	0.00642	0.00474	0.00458	0.00153	0.00718	0.00359	0.00214	0.00733
28	0.00730	0.00534	0.00692	0.00641	0.00775	0.00486	0.00483	0.00968	0.01414	0.02011	0.75365	0.03657	0.04594	0.01005	0.00587	0.00155	0.00245	0.00887	0.00545	0.04226
29	0.01104	0.01097	0.01527	0.01302	0.01322	0.01510	0.01084	0.01219	0.00787	0.01236	0.00674	0.01104	0.00668	0.00862	0.01603	0.00215	0.77727	0.00436	0.00225	0.04299
30	0.00955	0.00899	0.01517	0.81013	0.03483	0.01123	0.01404	0.01292	0.01011	0.01292	0.00899	0.01348	0.00674	0.00506	0.00506	0.00169	0.00674	0.00449	0.00225	0.00562
31	0.01384	0.01579	0.01395	0.01244	0.01367	0.34803	0.00984	0.01513	0.01059	0.01220	0.00812	0.01149	0.00744	0.01145	0.12341	0.00267	0.35789	0.00407	0.00245	0.00553
32	0.00878	0.00439	0.00659	0.00659	0.00659	0.00439	0.00439	0.00659	0.00659	0.00878	0.00878	0.01537	0.00878	0.01757	0.01976	0.85288	0.00439	0.00439	0.00220	0.00220
33	0.00646	0.00453	0.00600	0.00712	0.00752	0.00427	0.00492	0.00752	0.00988	0.01334	0.02729	0.72400	0.03221	0.01526	0.00637	0.00204	0.00304	0.07242	0.04167	0.00418
34	0.02255	0.00882	0.01187	0.00910	0.01302	0.00775	0.00752	0.05372	0.01483	0.76466	0.01965	0.01701	0.01237	0.00625	0.00508	0.00156	0.00435	0.00506	0.00621	0.00861
35	0.00656	0.00514	0.00604	0.00645	0.00757	0.00464	0.00457	0.00826	0.04195	0.01398	0.06869	0.43701	0.31072	0.01365	0.00610	0.00184	0.00285	0.01199	0.00469	0.03730
36	0.01258	0.01086	0.01143	0.01029	0.01315	0.01258	0.00800	0.02687	0.78161	0.02115	0.02058	0.01887	0.01544	0.00686	0.00515	0.00172	0.00400	0.00572	0.00515	0.00800
37	0.01266	0.01218	0.01508	0.01282	0.01363	0.06732	0.01058	0.12676	0.01060	0.01512	0.00780	0.01143	0.00715	0.00930	0.04403	0.00227	0.60819	0.00440	0.00268	0.00597
38	0.01972	0.01342	0.01443	0.01117	0.01511	0.04277	0.00918	0.59174	0.03707	0.17288	0.01361	0.01311	0.00939	0.00609	0.00505	0.00152	0.00543	0.00463	0.00519	0.00849
39	0.00616	0.00440	0.00587	0.00704	0.00733	0.00411	0.00469	0.00704	0.00968	0.01291	0.02787	0.81899	0.03344	0.01584	0.00645	0.00205	0.00293	0.01438	0.00469	0.00411
40	0.01084	0.00920	0.01068	0.00766	0.01213	0.00710	0.00614	0.04365	0.01103	0.01710	0.00912	0.01055	0.00753	0.00384	0.00380	0.00078	0.00382	0.00306	0.00308	0.81889
41	0.00900	0.00551	0.00714	0.00736	0.00855	0.00506	0.00524	0.01070	0.04015	0.12511	0.06744	0.56872	0.05696	0.01320	0.00605	0.00188	0.00316	0.01181	0.00491	0.04206
42	0.01705	0.01220	0.01456	0.12561	0.04720	0.01337	0.01000	0.45312	0.06449	0.11760	0.01276	0.01326	0.00909	0.00591	0.00530	0.00154	0.02542	0.00461	0.00455	0.04235
43	0.01168	0.04593	0.04960	0.20977	0.15179	0.04130	0.35144	0.01523	0.01123	0.01498	0.00941	0.01282	0.00733	0.00474	0.00584	0.00164	0.04118	0.00501	0.00243	0.00665
44	0.04174	0.00460	0.00662	0.00659	0.00671	0.00466	0.00443	0.00691	0.00667	0.00932	0.00872	0.01509	0.00866	0.01707	0.01912	0.81984	0.00437	0.00433	0.00223	0.00232
45	0.00722	0.00542	0.00813	0.00813	0.00903	0.00632	0.00632	0.00903	0.00813	0.01174	0.01354	0.01987	0.01264	0.03792	0.80225	0.00813	0.01354	0.00542	0.00271	0.00451
46	0.01267	0.00935	0.01035	0.00900	0.01124	0.01017	0.00683	0.23850	0.22372	0.04874	0.07479	0.10520	0.01817	0.17506	0.02120	0.00242	0.00456	0.00685	0.00468	0.00649
47	0.01312	0.73076	0.11757	0.00933	0.01403	0.01903	0.00984	0.01524	0.01032	0.01238	0.00727	0.00842	0.00648	0.00438	0.00343	0.00114	0.00565	0.00283	0.00216	0.00661
48	0.01403	0.03163	0.38628	0.02573	0.01773	0.04503	0.03215	0.04726	0.05648	0.21568	0.01548	0.01550	0.06255	0.00589	0.00498	0.00158	0.00610	0.00474	0.00368	0.00748
49	0.01446	0.01180	0.01250	0.01067	0.01387	0.01346	0.00846	0.23897	0.56643	0.02420	0.01818	0.01696	0.01349	0.00664	0.00512	0.00166	0.00445	0.00539	0.00512	0.00817
50	0.01937	0.01392	0.01503	0.01152	0.01556	0.01532	0.00952	0.74112	0.02337	0.06520	0.01248	0.01236	0.00877	0.00608	0.00506	0.00152	0.00551	0.00458	0.00511	0.00860
51	0.01075	0.01318	0.15261	0.01252	0.01763	0.00924	0.22060	0.01416	0.01091	0.01625	0.00970	0.02636	0.00783	0.00430	0.00460	0.00119	0.00570	0.00416	0.00276	0.45557
52	0.00881	0.00441	0.00651	0.00651	0.00656	0.00441	0.00435	0.00681	0.00676	0.00922	0.00912	0.01552	0.00897	0.01706	0.01905	0.81564	0.00430	0.00441	0.03928	0.00231

[dist]
# distance from previous block
# <min> <max>
0	1

[block]
# block no. 1 follows, 49 sequences, length 30
# corresponding to MSA columns:
# 130-159
name=unknown_B
#
# <colnr> <probs for GDERKNQSTAVLIFYWHMCP>
#	G	D	E	R	K	N	Q	S	T	A	V	L	I	F	Y	W	H	M	C	P
0	0.01241	0.01071	0.01136	0.01006	0.01305	0.01210	0.00784	0.02571	0.71825	0.02077	0.01963	0.01818	0.01478	0.00660	0.00503	0.00164	0.00398	0.00549	0.00497	0.07745
1	0.00616	0.00440	0.00587	0.00704	0.00733	0.00411	0.00469	0.00704	0.00968	0.01291	0.02787	0.81899	0.03344	0.01584	0.00645	0.00205	0.00293	0.01438	0.00469	0.00411
2	0.01352	0.82533	0.02650	0.00865	0.01298	0.02001	0.00865	0.01514	0.01027	0.01190	0.00703	0.00811	0.00649	0.00433	0.00324	0.00108	0.00541	0.00270	0.00216	0.00649
3	0.00722	0.00542	0.00813	0.00813	0.00903	0.00632	0.00632	0.00903	0.00813	0.01174	0.01354	0.01987	0.01264	0.03792	0.80225	0.00813	0.01354	0.00542	0.00271	0.00451
4	0.01049	0.00899	0.01049	0.00749	0.01198	0.00674	0.00599	0.01273	0.01049	0.01648	0.00899	0.01049	0.00749	0.00374	0.00374	0.00075	0.00374	0.00300	0.00300	0.85320
5	0.01049	0.00899	0.01049	0.00749	0.01198	0.00674	0.00599	0.01273	0.01049	0.01648	0.00899	0.01049	0.00749	0.00374	0.00374	0.00075	0.00374	0.00300	0.00300	0.85320
6	0.00702	0.00476	0.00561	0.00595	0.00603	0.00468	0.00352	0.00727	0.00801	0.01068	0.01930	0.25478	0.02263	0.59480	0.02030	0.00410	0.00435	0.00933	0.00352	0.00336
7	0.00735	0.00490	0.00552	0.00552	0.00552	0.00490	0.00306	0.00735	0.00735	0.00980	0.01593	0.03309	0.01838	0.82229	0.02574	0.00490	0.00490	0.00735	0.00306	0.00306
8	0.02269	0.00861	0.01174	0.00900	0.01291	0.00743	0.00743	0.02464	0.01447	0.79425	0.01995	0.01721	0.01252	0.00626	0.00509	0.00156	0.00430	0.00509	0.00626	0.00861
9	0.00789	0.00583	0.00861	0.00829	0.00898	0.00675	0.02045	0.00895	0.00798	0.01146	0.01285	0.04063	0.01251	0.09413	0.50898	0.12678	0.07950	0.00558	0.01967	0.00419
10	0.00729	0.00491	0.00568	0.00574	0.00580	0.00495	0.00333	0.00744	0.00750	0.01006	0.01633	0.06764	0.01873	0.74032	0.07014	0.00496	0.00532	0.00756	0.00312	0.00320
11	0.01177	0.02270	0.57732	0.01488	0.02152	0.01248	0.11473	0.13222	0.01285	0.01847	0.00969	0.01128	0.00691	0.00493	0.00499	0.00160	0.00732	0.00415	0.00264	0.00756
12	0.00921	0.00814	0.01301	0.45137	0.06535	0.00989	0.01114	0.01142	0.00937	0.01251	0.01123	0.09123	0.01047	0.04550	0.07378	0.06217	0.09090	0.00562	0.00256	0.00515
13	0.00808	0.00509	0.00611	0.00625	0.00693	0.00477	0.00408	0.00872	0.00932	0.07844	0.02524	0.28976	0.13354	0.37366	0.01485	0.00323	0.00387	0.00992	0.00410	0.00405
14	0.00616	0.00440	0.00587	0.00704	0.00733	0.00411	0.00469	0.00704	0.00968	0.01291	0.02787	0.81899	0.03344	0.01584	0.00645	0.00205	0.00293	0.01438	0.00469	0.00411
15	0.02020	0.01260	0.01421	0.01089	0.01490	0.01336	0.00900	0.56281	0.02115	0.24664	0.01434	0.01357	0.00970	0.00612	0.00507	0.00153	0.00521	0.00470	0.00540	0.00860
16	0.00755	0.00593	0.00809	0.00775	0.00881	0.00576	0.05854	0.04130	0.01052	0.01385	0.06577	0.33943	0.16442	0.17641	0.02805	0.00264	0.02069	0.02590	0.00418	0.00439
17	0.00940	0.00658	0.00771	0.00646	0.00834	0.00570	0.00444	0.01041	0.00920	0.06114	0.04713	0.02434	0.01545	0.44800	0.01585	0.00309	0.00435	0.00575	0.00335	0.30331
18	0.02269	0.00861	0.01174	0.00900	0.01291	0.00743	0.00743	0.02464	0.01447	0.79425	0.01995	0.01721	0.01252	0.00626	0.00509	0.00156	0.00430	0.00509	0.00626	0.00861
19	0.03049	0.01236	0.01367	0.07243	0.01568	0.08820	0.02717	0.25019	0.07818	0.07542	0.01188	0.03508	0.00935	0.00661	0.01769	0.00160	0.10251	0.00458	0.00389	0.14301
20	0.00861	0.00531	0.00716	0.02964	0.02830	0.00509	0.00522	0.00943	0.00973	0.09554	0.04146	0.44624	0.03699	0.16289	0.02660	0.05864	0.00391	0.01055	0.00425	0.00444
21	0.00735	0.00517	0.00638	0.00624	0.00751	0.00465	0.00459	0.00914	0.01269	0.04984	0.42561	0.16557	0.23348	0.03086	0.00648	0.00177	0.00266	0.01017	0.00517	0.00466
22	0.08291	0.75832	0.02493	0.00849	0.01272	0.01930	0.00839	0.01512	0.01014	0.01278	0.00703	0.00812	0.00641	0.00436	0.00324	0.00112	0.00528	0.00271	0.00224	0.00641
23	0.08178	0.00919	0.01050	0.00782	0.01198	0.00771	0.00629	0.04575	0.03816	0.10140	0.02980	0.01205	0.00918	0.00446	0.00400	0.00099	0.00387	0.00351	0.00358	0.60796
24	0.04945	0.01054	0.01577	0.05892	0.05088	0.01118	0.17767	0.07224	0.18453	0.10786	0.03629	0.04116	0.08000	0.00688	0.00629	0.00171	0.07167	0.00602	0.00404	0.00689
25	0.00689	0.00551	0.00638	0.00656	0.00819	0.00482	0.00515	0.00844	0.01122	0.01414	0.03887	0.14930	0.44445	0.01274	0.00610	0.00182	0.00320	0.18758	0.00455	0.07409
26	0.00866	0.00615	0.00767	0.00710	0.00857	0.00599	0.00536	0.07317	0.04661	0.04016	0.58646	0.12297	0.04064	0.01036	0.00589	0.00164	0.00283	0.00911	0.00543	0.00524
27	0.01360	0.35564	0.05253	0.03201	0.01440	0.08536	0.00986	0.10266	0.04507	0.01514	0.03014	0.01091	0.00831	0.00599	0.00700	0.00150	0.19684	0.00377	0.00277	0.00649
28	0.00642	0.00482	0.00615	0.00679	0.00745	0.00455	0.00474	0.00762	0.01067	0.01419	0.15241	0.54632	0.15829	0.01428	0.00658	0.00193	0.02509	0.01266	0.00477	0.00428
29	0.01010	0.00974	0.01494	0.09633	0.03837	0.02365	0.13735	0.01255	0.02449	0.01442	0.04421	0.09301	0.04977	0.00878	0.04355	0.00197	0.21440	0.00595	0.00300	0.15342

[dist]
# distance from previous block
# <min> <max>
6	11

[block]
# block no. 2 follows, 49 sequences, length 28
# corresponding to MSA columns:
# 171-198
name=unknown_C
#
# <colnr> <probs for GDERKNQSTAVLIFYWHMCP>
#	G	D	E	R	K	N	Q	S	T	A	V	L	I	F	Y	W	H	M	C	P
0	0.01286	0.06917	0.06799	0.03948	0.03761	0.17068	0.02682	0.07631	0.01190	0.04011	0.01132	0.06324	0.01051	0.12355	0.00820	0.00186	0.04518	0.00484	0.00310	0.17527
1	0.01633	0.01090	0.01310	0.03482	0.06375	0.01110	0.00873	0.29692	0.09228	0.18571	0.01502	0.04115	0.01154	0.00637	0.00500	0.00149	0.00481	0.03869	0.00473	0.13759
2	0.01209	0.00743	0.00944	0.00828	0.01035	0.00764	0.00651	0.01656	0.16182	0.20201	0.34389	0.02614	0.02767	0.01117	0.07985	0.00225	0.04845	0.00692	0.00520	0.00632
3	0.00653	0.00498	0.00601	0.00610	0.00726	0.00445	0.00444	0.00821	0.01233	0.01638	0.36816	0.21784	0.29415	0.01241	0.00608	0.00173	0.00257	0.01084	0.00508	0.00445
4	0.00738	0.00502	0.00680	0.00721	0.00800	0.00498	0.00518	0.00870	0.00994	0.05124	0.09493	0.41510	0.07196	0.04882	0.22587	0.00374	0.00591	0.01051	0.00425	0.00447
5	0.00732	0.00502	0.00611	0.00611	0.00631	0.00522	0.00380	0.00773	0.00753	0.01024	0.01539	0.03009	0.01708	0.64400	0.20224	0.00564	0.00687	0.00691	0.00298	0.00339
6	0.01028	0.01090	0.02268	0.01709	0.02078	0.01023	0.53993	0.01358	0.01134	0.01530	0.01553	0.22337	0.01529	0.00769	0.00614	0.00182	0.00691	0.04192	0.00320	0.00602
7	0.00955	0.00899	0.01517	0.81013	0.03483	0.01123	0.01404	0.01292	0.01011	0.01292	0.00899	0.01348	0.00674	0.00506	0.00506	0.00169	0.00674	0.00449	0.00225	0.00562
8	0.08044	0.00565	0.00661	0.00667	0.00803	0.00533	0.00489	0.01027	0.01098	0.10018	0.11395	0.31219	0.18429	0.06017	0.00694	0.00199	0.00319	0.03908	0.03437	0.00480
9	0.01574	0.01244	0.01322	0.01093	0.01436	0.01406	0.00877	0.38285	0.42047	0.02626	0.01656	0.01566	0.01218	0.00648	0.00510	0.00162	0.00475	0.00516	0.00510	0.00829
10	0.00781	0.00532	0.00693	0.00644	0.00777	0.00487	0.00486	0.01014	0.01422	0.05474	0.72801	0.03723	0.07191	0.01024	0.00593	0.00159	0.00248	0.00902	0.00557	0.00493
11	0.01060	0.00630	0.00743	0.00685	0.00903	0.00560	0.00549	0.03601	0.01267	0.19223	0.06253	0.04074	0.44079	0.01108	0.00585	0.00175	0.00335	0.11747	0.01876	0.00547
12	0.01005	0.00565	0.00725	0.00682	0.00820	0.00515	0.00494	0.01153	0.01195	0.17399	0.28134	0.20505	0.08445	0.14939	0.00927	0.00226	0.00334	0.00927	0.00503	0.00508
13	0.01930	0.01289	0.01425	0.01105	0.01498	0.01394	0.00909	0.57806	0.08402	0.16815	0.01424	0.01360	0.00986	0.00617	0.00507	0.00154	0.00521	0.00474	0.00528	0.00855
14	0.01327	0.76560	0.08401	0.00908	0.01364	0.01939	0.00940	0.01521	0.01030	0.01220	0.00718	0.00830	0.00648	0.00436	0.00336	0.00112	0.00556	0.00278	0.00216	0.00656
15	0.00718	0.00506	0.00639	0.00695	0.00756	0.00488	0.00475	0.04574	0.01086	0.01482	0.13643	0.56270	0.03216	0.09265	0.00809	0.00221	0.00316	0.01213	0.03195	0.00435
16	0.00904	0.00572	0.00692	0.00667	0.00789	0.00557	0.00489	0.06657	0.01244	0.05553	0.26980	0.20232	0.04746	0.08577	0.00761	0.01657	0.00314	0.02145	0.15977	0.00487
17	0.00623	0.00445	0.00583	0.00690	0.00721	0.00416	0.00457	0.00707	0.00958	0.01274	0.02771	0.75262	0.05068	0.06488	0.00762	0.00222	0.00304	0.01386	0.00459	0.00405
18	0.00660	0.00482	0.00623	0.00685	0.00739	0.00465	0.00474	0.00770	0.01014	0.01360	0.12859	0.49430	0.09334	0.10318	0.04780	0.00258	0.01776	0.03110	0.00449	0.00415
19	0.05610	0.00608	0.00782	0.00745	0.00872	0.00633	0.00552	0.01156	0.03222	0.12816	0.03561	0.11997	0.04372	0.17057	0.28169	0.03515	0.01773	0.00690	0.01380	0.00488
20	0.47613	0.01019	0.00998	0.00817	0.01168	0.01097	0.00674	0.14731	0.01287	0.24464	0.01160	0.01145	0.00802	0.00538	0.00402	0.00156	0.00431	0.00372	0.00435	0.00690
21	0.01083	0.00648	0.00805	0.00712	0.00909	0.00601	0.00550	0.07149	0.01432	0.16877	0.40882	0.08317	0.16019	0.00998	0.00576	0.00163	0.00307	0.00859	0.00546	0.00568
22	0.00873	0.03191	0.00922	0.03409	0.01001	0.00731	0.00659	0.03025	0.00917	0.04011	0.03879	0.13882	0.01546	0.02443	0.39067	0.10207	0.07349	0.00653	0.01773	0.00463
23	0.00979	0.00916	0.04083	0.44631	0.06911	0.04476	0.01118	0.01214	0.01020	0.03590	0.01379	0.15394	0.03486	0.00820	0.00652	0.07298	0.00578	0.00631	0.00288	0.00534
24	0.00762	0.00525	0.00722	0.00758	0.00842	0.00498	0.03179	0.02553	0.01029	0.05153	0.02648	0.61281	0.06944	0.03916	0.04262	0.00232	0.00376	0.01235	0.02632	0.00453
25	0.06746	0.00981	0.01089	0.00936	0.01236	0.01059	0.00741	0.07728	0.40807	0.20988	0.04169	0.04298	0.01502	0.00686	0.00499	0.00164	0.00402	0.00562	0.04643	0.00766
26	0.01186	0.00986	0.01515	0.40467	0.13243	0.01124	0.03846	0.10813	0.03020	0.05401	0.02730	0.03219	0.00950	0.00571	0.00544	0.00163	0.03428	0.00494	0.05656	0.00645
27	0.05976	0.12246	0.01616	0.09484	0.15069	0.22210	0.01028	0.11689	0.03753	0.03414	0.02815	0.01177	0.00852	0.00555	0.00499	0.02648	0.00634	0.00395	0.00308	0.03632

[dist]
# distance from previous block
# <min> <max>
3	13

[block]
# block no. 3 follows, 49 sequences, length 81
# corresponding to MSA columns:
# 212-292
name=unknown_D
#
# <colnr> <probs for GDERKNQSTAVLIFYWHMCP>
#	G	D	E	R	K	N	Q	S	T	A	V	L	I	F	Y	W	H	M	C	P
0	0.07038	0.00980	0.01393	0.18421	0.13844	0.02382	0.06559	0.07619	0.09744	0.05410	0.02834	0.07094	0.03079	0.03850	0.00636	0.02059	0.00541	0.05527	0.00358	0.00634
1	0.01258	0.01204	0.08522	0.28147	0.29102	0.01159	0.02586	0.10253	0.01256	0.07005	0.01098	0.03162	0.00869	0.00540	0.00509	0.00160	0.00616	0.01538	0.00302	0.00713
2	0.08666	0.00975	0.01557	0.51222	0.04721	0.01095	0.09321	0.03027	0.01056	0.01512	0.00903	0.01258	0.00690	0.00478	0.00481	0.00155	0.00624	0.00430	0.00253	0.11579
3	0.03296	0.01077	0.01236	0.14670	0.10731	0.11931	0.00904	0.05227	0.05386	0.17954	0.07195	0.03156	0.02621	0.11508	0.00781	0.00200	0.00551	0.00546	0.00392	0.00638
4	0.00635	0.00457	0.00604	0.00703	0.00751	0.00426	0.00486	0.00745	0.01025	0.01367	0.09183	0.68169	0.06421	0.01516	0.00642	0.00202	0.00297	0.05476	0.00476	0.00420
5	0.01153	0.00636	0.00784	0.00714	0.00927	0.00568	0.00558	0.02443	0.02886	0.24408	0.12168	0.13544	0.29922	0.01084	0.00581	0.00174	0.00332	0.06018	0.00527	0.00575
6	0.00819	0.00465	0.00629	0.00662	0.00700	0.00454	0.00448	0.00801	0.00847	0.03754	0.01752	0.30473	0.01910	0.08534	0.04438	0.33283	0.00408	0.00831	0.08444	0.00350
7	0.03992	0.00698	0.00846	0.00750	0.00954	0.00679	0.00574	0.05048	0.08926	0.19275	0.29834	0.10009	0.07697	0.06246	0.00685	0.00185	0.00340	0.00785	0.01881	0.00595
8	0.00769	0.00508	0.00660	0.00726	0.00793	0.00481	0.00501	0.03717	0.01058	0.05724	0.05630	0.66726	0.03116	0.05128	0.00719	0.00212	0.00320	0.02285	0.00475	0.00451
9	0.00726	0.00519	0.00664	0.00630	0.00756	0.00474	0.00472	0.00947	0.01385	0.03239	0.66998	0.06740	0.12408	0.01073	0.00597	0.00162	0.00246	0.00943	0.00545	0.00476
10	0.00994	0.00616	0.00736	0.00685	0.00868	0.00561	0.00518	0.06080	0.01295	0.14838	0.17442	0.20376	0.30745	0.01145	0.00587	0.00172	0.00310	0.00983	0.00515	0.00535
11	0.00886	0.00501	0.00658	0.00647	0.00676	0.00507	0.00428	0.04427	0.00802	0.01100	0.01210	0.05773	0.01255	0.21237	0.01882	0.50895	0.00437	0.00561	0.05822	0.00297
12	0.01882	0.01467	0.01514	0.01180	0.01556	0.06717	0.00969	0.68853	0.02240	0.02966	0.01160	0.01189	0.00837	0.00615	0.00557	0.00154	0.04394	0.00446	0.00476	0.00828
13	0.01128	0.00896	0.01057	0.00759	0.01204	0.00679	0.00609	0.01351	0.01075	0.06742	0.00971	0.01093	0.00782	0.00391	0.00383	0.00080	0.00378	0.00313	0.00321	0.79788
14	0.47744	0.00912	0.00902	0.00778	0.01091	0.00971	0.00645	0.05288	0.01142	0.23352	0.03929	0.01665	0.01130	0.00629	0.00423	0.00164	0.00412	0.07755	0.00431	0.00638
15	0.00616	0.00440	0.00587	0.00704	0.00733	0.00411	0.00469	0.00704	0.00968	0.01291	0.02787	0.81899	0.03344	0.01584	0.00645	0.00205	0.00293	0.01438	0.00469	0.00411
16	0.00667	0.00487	0.00616	0.00691	0.00757	0.00458	0.00490	0.00798	0.01993	0.01367	0.09133	0.46946	0.13127	0.09629	0.00835	0.00229	0.00327	0.10571	0.00460	0.00419
17	0.00813	0.00557	0.00657	0.00669	0.00835	0.00494	0.00532	0.00970	0.01168	0.08861	0.04018	0.11437	0.46181	0.01273	0.00618	0.00188	0.00328	0.19442	0.00484	0.00477
18	0.00716	0.00517	0.00676	0.00636	0.00755	0.00477	0.00477	0.00954	0.01431	0.02028	0.78808	0.03777	0.04771	0.01034	0.00596	0.00159	0.00239	0.00914	0.00557	0.00477
19	0.01352	0.82533	0.02650	0.00865	0.01298	0.02001	0.00865	0.01514	0.01027	0.01190	0.00703	0.00811	0.00649	0.00433	0.00324	0.00108	0.00541	0.00270	0.00216	0.00649
20	0.01122	0.01112	0.01548	0.01324	0.01332	0.01549	0.01103	0.02699	0.00806	0.01255	0.00674	0.01108	0.00668	0.00880	0.01637	0.00220	0.79733	0.00443	0.00227	0.00559
21	0.00673	0.00509	0.00624	0.00635	0.00756	0.00461	0.00478	0.00853	0.01249	0.01662	0.37346	0.16450	0.27231	0.01229	0.00614	0.00177	0.00273	0.07822	0.00508	0.00450
22	0.01106	0.01106	0.01549	0.01328	0.01328	0.01549	0.01106	0.01217	0.00774	0.01217	0.00664	0.01106	0.00664	0.00885	0.01659	0.00221	0.81303	0.00443	0.00221	0.00553
23	0.00735	0.00490	0.00552	0.00552	0.00552	0.00490	0.00306	0.00735	0.00735	0.00980	0.01593	0.03309	0.01838	0.82229	0.02574	0.00490	0.00490	0.00735	0.00306	0.00306
24	0.01194	0.01364	0.02984	0.02131	0.02643	0.01279	0.77238	0.01620	0.01194	0.01620	0.01023	0.01364	0.00767	0.00426	0.00597	0.00171	0.00853	0.00597	0.00256	0.00682
25	0.00722	0.00542	0.00813	0.00813	0.00903	0.00632	0.00632	0.00903	0.00813	0.01174	0.01354	0.01987	0.01264	0.03792	0.80225	0.00813	0.01354	0.00542	0.00271	0.00451
26	0.01889	0.02410	0.01433	0.01303	0.01563	0.80199	0.00977	0.02019	0.01433	0.01238	0.00782	0.00912	0.00651	0.00521	0.00456	0.00130	0.00912	0.00326	0.00261	0.00586
27	0.85801	0.00978	0.00743	0.00665	0.00978	0.01134	0.00548	0.01486	0.00861	0.02269	0.00704	0.00821	0.00548	0.00469	0.00313	0.00156	0.00391	0.00274	0.00313	0.00548
28	0.00732	0.00504	0.00598	0.00608	0.00643	0.00499	0.00392	0.00793	0.00873	0.01167	0.09504	0.04991	0.05878	0.58045	0.04985	0.00424	0.00481	0.08174	0.00356	0.00352
29	0.00639	0.00457	0.00610	0.00712	0.00756	0.00429	0.00493	0.00751	0.01027	0.01378	0.10287	0.69193	0.03457	0.01518	0.00644	0.00203	0.00299	0.06248	0.00478	0.00421
30	0.00656	0.00479	0.00613	0.00705	0.00768	0.00448	0.00506	0.00769	0.01013	0.01319	0.03026	0.51908	0.14194	0.07119	0.00782	0.00225	0.00332	0.14264	0.00457	0.00415
31	0.85801	0.00978	0.00743	0.00665	0.00978	0.01134	0.00548	0.01486	0.00861	0.02269	0.00704	0.00821	0.00548	0.00469	0.00313	0.00156	0.00391	0.00274	0.00313	0.00548
32	0.00667	0.00481	0.00585	0.00623	0.00712	0.00436	0.00442	0.00745	0.01042	0.01337	0.11339	0.28763	0.31280	0.03715	0.00866	0.12150	0.00306	0.03675	0.00439	0.00396
33	0.00674	0.00511	0.00685	0.00763	0.00790	0.00530	0.00532	0.00763	0.00942	0.01274	0.02519	0.68602	0.02999	0.05321	0.00838	0.00221	0.08306	0.02870	0.00437	0.00421
34	0.00653	0.00468	0.00614	0.00699	0.00751	0.00439	0.00488	0.00771	0.01046	0.01403	0.13891	0.57492	0.05948	0.05737	0.00743	0.00215	0.00309	0.07440	0.00473	0.00420
35	0.00787	0.00494	0.00613	0.00646	0.00745	0.00451	0.00458	0.00897	0.01064	0.07011	0.08398	0.40797	0.19226	0.01324	0.00680	0.05755	0.00295	0.01093	0.08822	0.00445
36	0.01956	0.01362	0.01484	0.01137	0.01541	0.01487	0.00940	0.69989	0.02286	0.10715	0.01291	0.01264	0.00899	0.00609	0.00506	0.00152	0.00544	0.00461	0.00518	0.00860
37	0.00631	0.00471	0.00590	0.00672	0.00746	0.00430	0.00475	0.00747	0.01049	0.01362	0.07152	0.54543	0.20948	0.01472	0.00636	0.00197	0.00294	0.06690	0.00474	0.00422
38	0.10198	0.01162	0.01294	0.01046	0.01366	0.01300	0.00856	0.39815	0.09318	0.12029	0.01313	0.01370	0.00968	0.00933	0.08282	0.00224	0.06846	0.00462	0.00457	0.00759
39	0.02745	0.00639	0.00820	0.00723	0.00888	0.00612	0.00525	0.01412	0.01024	0.29570	0.01729	0.05066	0.01552	0.34541	0.13495	0.00394	0.00586	0.00632	0.02507	0.00542
40	0.00900	0.00521	0.00695	0.00745	0.00844	0.00477	0.00534	0.01016	0.01066	0.14141	0.02728	0.61253	0.05484	0.01405	0.00625	0.00198	0.00326	0.06062	0.00495	0.00489
41	0.01115	0.01666	0.33836	0.10124	0.04620	0.01124	0.12448	0.03374	0.01122	0.05534	0.04403	0.01438	0.00966	0.00571	0.00620	0.00166	0.08624	0.01748	0.05826	0.00674
42	0.01261	0.12759	0.39387	0.06623	0.02104	0.03220	0.13887	0.04188	0.01169	0.09258	0.01013	0.01166	0.00733	0.00486	0.00483	0.00154	0.00699	0.00416	0.00273	0.00722
43	0.74270	0.01051	0.02715	0.02064	0.01208	0.01149	0.08163	0.01499	0.00900	0.02175	0.00743	0.00889	0.00573	0.00466	0.00348	0.00158	0.00449	0.00311	0.00304	0.00566
44	0.01113	0.01092	0.01627	0.50583	0.15312	0.07777	0.04913	0.02979	0.01084	0.01380	0.00903	0.01297	0.00710	0.00564	0.00602	0.04113	0.02667	0.00446	0.00239	0.00598
45	0.01275	0.65257	0.02319	0.00880	0.01273	0.01756	0.00847	0.01446	0.01027	0.01257	0.00850	0.01169	0.00808	0.00511	0.00417	0.00118	0.04335	0.05220	0.00241	0.08994
46	0.00633	0.00452	0.00599	0.00691	0.00733	0.00422	0.00467	0.00741	0.01030	0.01391	0.13799	0.68799	0.03518	0.03306	0.00681	0.00205	0.00290	0.01346	0.00478	0.00418
47	0.01125	0.00606	0.00801	0.00793	0.00958	0.00559	0.00613	0.01309	0.03066	0.22847	0.04023	0.35446	0.08945	0.01228	0.00610	0.00193	0.00363	0.15445	0.00514	0.00557
48	0.72058	0.00995	0.00836	0.00721	0.01047	0.01124	0.00594	0.06555	0.01018	0.09948	0.00865	0.00936	0.00638	0.00494	0.00345	0.00156	0.00406	0.00309	0.00356	0.00599
49	0.73606	0.00961	0.00806	0.00699	0.01024	0.01077	0.00576	0.01629	0.00946	0.13533	0.00893	0.00953	0.00650	0.00492	0.00341	0.00156	0.00397	0.00308	0.00359	0.00593
50	0.00792	0.00511	0.00612	0.00605	0.00678	0.00485	0.00405	0.00897	0.01025	0.05070	0.20936	0.12604	0.08696	0.36693	0.01453	0.00309	0.00369	0.02142	0.05308	0.00408
51	0.00784	0.00510	0.00662	0.00673	0.00769	0.00475	0.00479	0.00931	0.01152	0.07113	0.29929	0.33643	0.07857	0.08507	0.03928	0.00232	0.00341	0.01065	0.00490	0.00460
52	0.00735	0.00490	0.00552	0.00552	0.00552	0.00490	0.00306	0.00735	0.00735	0.00980	0.01593	0.03309	0.01838	0.82229	0.02574	0.00490	0.00490	0.00735	0.00306	0.00306
53	0.02224	0.00932	0.01218	0.00933	0.01326	0.00849	0.00771	0.12059	0.01566	0.69662	0.01895	0.01656	0.01202	0.00623	0.00508	0.00156	0.00446	0.00502	0.00610	0.00860
54	0.01067	0.00645	0.00807	0.00710	0.00903	0.00605	0.00553	0.07279	0.01468	0.14987	0.49225	0.03321	0.11280	0.00951	0.00570	0.00159	0.00301	0.01936	0.02668	0.00566
55	0.00618	0.00442	0.00589	0.00703	0.00734	0.00412	0.00470	0.00709	0.00977	0.01305	0.04289	0.80355	0.03373	0.01573	0.00644	0.00204	0.00292	0.01427	0.00471	0.00412
56	0.00628	0.00458	0.00592	0.00675	0.00731	0.00422	0.00462	0.00741	0.01051	0.01400	0.13532	0.63313	0.11176	0.01477	0.00634	0.00195	0.00282	0.01328	0.00481	0.00422
57	0.01065	0.00753	0.00686	0.00650	0.00772	0.09566	0.00498	0.01277	0.01074	0.01746	0.01454	0.01699	0.01161	0.00611	0.00494	0.00129	0.08317	0.00452	0.67103	0.00492
58	0.01048	0.00756	0.00839	0.00760	0.00885	0.00805	0.00535	0.17657	0.08772	0.01615	0.01654	0.04602	0.01699	0.49312	0.01754	0.00362	0.00490	0.05582	0.00384	0.00489
59	0.01252	0.01201	0.02053	0.03104	0.79074	0.01201	0.01552	0.01552	0.01151	0.01652	0.00951	0.01252	0.00801	0.00451	0.00501	0.00150	0.00601	0.00451	0.00250	0.00801
60	0.01106	0.01106	0.01549	0.01328	0.01328	0.01549	0.01106	0.01217	0.00774	0.01217	0.00664	0.01106	0.00664	0.00885	0.01659	0.00221	0.81303	0.00443	0.00221	0.00553
61	0.00613	0.00451	0.00576	0.00676	0.00726	0.00413	0.00457	0.00707	0.00995	0.01302	0.03128	0.70653	0.14371	0.01540	0.00638	0.00200	0.00288	0.01383	0.00469	0.00413
62	0.00735	0.00490	0.00552	0.00552	0.00552	0.00490	0.00306	0.00735	0.00735	0.00980	0.01593	0.03309	0.01838	0.82229	0.02574	0.00490	0.00490	0.00735	0.00306	0.00306
63	0.01732	0.00729	0.00991	0.00847	0.01123	0.00642	0.00670	0.01900	0.01299	0.53596	0.02251	0.24324	0.01922	0.00933	0.00557	0.00174	0.00394	0.04629	0.00574	0.00715
64	0.00714	0.00517	0.00673	0.00643	0.00749	0.00494	0.00474	0.00918	0.01282	0.01802	0.59541	0.03572	0.07012	0.09373	0.09769	0.00266	0.00390	0.00861	0.00496	0.00455
65	0.03953	0.00866	0.01164	0.00897	0.01285	0.00759	0.00740	0.02448	0.02606	0.76675	0.01970	0.01705	0.01242	0.00624	0.00505	0.00157	0.00429	0.00505	0.00618	0.00853
66	0.10406	0.00872	0.01132	0.00877	0.01260	0.00781	0.00724	0.02369	0.01390	0.71908	0.01869	0.01633	0.01183	0.00611	0.00489	0.00156	0.00426	0.00486	0.00595	0.00830
67	0.01049	0.00899	0.01049	0.00749	0.01198	0.00674	0.00599	0.01273	0.01049	0.01648	0.00899	0.01049	0.00749	0.00374	0.00374	0.00075	0.00374	0.00300	0.00300	0.85320
68	0.00961	0.00569	0.00746	0.00678	0.00839	0.00515	0.00517	0.01179	0.01397	0.14673	0.59042	0.07839	0.07040	0.01007	0.00585	0.00162	0.00274	0.00883	0.00560	0.00534
69	0.00736	0.00544	0.00806	0.00817	0.00911	0.00624	0.00644	0.00923	0.00853	0.01222	0.01491	0.02352	0.01427	0.03488	0.70688	0.00741	0.01243	0.07959	0.02076	0.00453
70	0.00887	0.00527	0.00613	0.00586	0.00625	0.00515	0.00350	0.00906	0.00806	0.08727	0.01633	0.03152	0.01780	0.74170	0.02370	0.00457	0.00484	0.00713	0.00338	0.00361
71	0.00867	0.00553	0.00722	0.00666	0.00814	0.00504	0.00510	0.01096	0.01411	0.09623	0.65275	0.03688	0.07868	0.01017	0.00591	0.00162	0.00266	0.03300	0.00556	0.00512
72	0.00761	0.00592	0.00858	0.00833	0.00910	0.00702	0.00646	0.00925	0.00844	0.01220	0.06376	0.02111	0.01475	0.08890	0.61741	0.00689	0.09115	0.00570	0.00287	0.00453
73	0.00614	0.00447	0.00580	0.00687	0.00729	0.00412	0.00462	0.00706	0.00985	0.01298	0.02995	0.75028	0.10081	0.01557	0.00641	0.00202	0.00290	0.01405	0.00469	0.00412
74	0.00634	0.00448	0.00581	0.00681	0.00706	0.00423	0.00445	0.00709	0.00933	0.01244	0.02608	0.70132	0.03119	0.13659	0.00934	0.00248	0.00323	0.01332	0.00445	0.00395
75	0.01108	0.00907	0.01483	0.71209	0.03221	0.01096	0.01329	0.03212	0.01087	0.09053	0.01014	0.01382	0.00736	0.00520	0.00506	0.00167	0.00647	0.00455	0.00271	0.00598
76	0.01099	0.01096	0.01547	0.05177	0.01432	0.01528	0.01121	0.01221	0.00786	0.01221	0.00675	0.01118	0.00664	0.00867	0.01604	0.00219	0.77408	0.00443	0.00221	0.00554
77	0.00766	0.00595	0.00871	0.00849	0.00929	0.00715	0.00664	0.00937	0.00813	0.01191	0.01299	0.01928	0.01219	0.05286	0.68660	0.00730	0.09201	0.00535	0.02352	0.00459
78	0.01061	0.00512	0.00549	0.00521	0.00663	0.00499	0.00395	0.01287	0.01103	0.09525	0.04238	0.01967	0.01420	0.02616	0.00431	0.00132	0.00261	0.00496	0.71818	0.00506
79	0.01011	0.00730	0.01032	0.29779	0.04816	0.03467	0.00845	0.02071	0.00955	0.02965	0.01077	0.01510	0.00890	0.00925	0.00941	0.27318	0.00505	0.00448	0.18261	0.00454
80	0.59310	0.01112	0.06103	0.00959	0.07173	0.01119	0.00757	0.05680	0.01047	0.11370	0.00917	0.00999	0.00674	0.00495	0.00372	0.00156	0.00444	0.00332	0.00349	0.00634

[dist]
# distance from previous block
# <min> <max>
3	17

[block]
# block no. 4 follows, 49 sequences, length 68
# corresponding to MSA columns:
# 314-339,341-382
name=unknown_E
#
# <colnr> <probs for GDERKNQSTAVLIFYWHMCP>
#	G	D	E	R	K	N	Q	S	T	A	V	L	I	F	Y	W	H	M	C	P
0	0.00910	0.00617	0.00713	0.00668	0.00787	0.00597	0.00462	0.08288	0.01085	0.05235	0.05943	0.15716	0.11787	0.35608	0.01418	0.00304	0.00409	0.02366	0.02087	0.05000
1	0.30489	0.00940	0.01090	0.18643	0.03215	0.01051	0.00829	0.12985	0.01211	0.10293	0.04481	0.05231	0.01044	0.00672	0.00540	0.05368	0.00479	0.00464	0.00367	0.00607
2	0.00974	0.00919	0.01552	0.75935	0.08410	0.01129	0.01414	0.01309	0.01020	0.01315	0.00902	0.01342	0.00682	0.00502	0.00505	0.00167	0.00669	0.00449	0.00226	0.00577
3	0.00666	0.00465	0.00584	0.00646	0.00674	0.00444	0.00415	0.00740	0.00936	0.01260	0.10036	0.47563	0.02981	0.28695	0.01290	0.00297	0.00354	0.01148	0.00423	0.00382
4	0.00907	0.00611	0.00737	0.00706	0.00830	0.00602	0.00510	0.08312	0.03748	0.05526	0.26344	0.24855	0.05623	0.13362	0.00882	0.00220	0.00337	0.00942	0.04449	0.00497
5	0.01026	0.00642	0.00790	0.00750	0.00932	0.00610	0.00583	0.02772	0.08654	0.14866	0.20672	0.16121	0.18409	0.01105	0.00592	0.00178	0.00332	0.09886	0.00521	0.00558
6	0.00735	0.00527	0.00705	0.00803	0.00888	0.00513	0.00640	0.00900	0.01075	0.01404	0.04008	0.27850	0.07623	0.08049	0.00828	0.00241	0.00400	0.41922	0.00455	0.00434
7	0.69504	0.00955	0.00827	0.00711	0.01039	0.01058	0.00586	0.01677	0.00975	0.17322	0.00956	0.00997	0.00685	0.00500	0.00351	0.00156	0.00399	0.00320	0.00374	0.00609
8	0.05993	0.00937	0.01110	0.00902	0.01216	0.00939	0.00728	0.22590	0.03972	0.33816	0.07360	0.07359	0.01568	0.02396	0.00552	0.00166	0.00430	0.02141	0.05082	0.00743
9	0.14404	0.00786	0.00906	0.00777	0.01031	0.00780	0.00622	0.10966	0.01422	0.21067	0.27322	0.04096	0.08543	0.00840	0.00526	0.00162	0.00362	0.04247	0.00517	0.00624
10	0.00838	0.00541	0.00712	0.00661	0.00798	0.00496	0.00499	0.01066	0.01411	0.08322	0.68899	0.07336	0.04415	0.01027	0.00592	0.00161	0.00257	0.00906	0.00558	0.00505
11	0.11677	0.00658	0.00763	0.00700	0.00899	0.00636	0.00541	0.01317	0.05492	0.15312	0.29923	0.11446	0.15301	0.00978	0.00548	0.00167	0.00313	0.02263	0.00511	0.00555
12	0.01978	0.00900	0.01153	0.00912	0.01263	0.00840	0.00745	0.13900	0.02654	0.55570	0.06527	0.05089	0.03181	0.00715	0.00524	0.00160	0.00430	0.02068	0.00589	0.00802
13	0.00700	0.00516	0.00654	0.00620	0.00746	0.00471	0.00465	0.00924	0.01395	0.01941	0.69126	0.03920	0.14507	0.01066	0.00597	0.00161	0.00241	0.00935	0.00545	0.00471
14	0.00765	0.00539	0.00606	0.00600	0.00638	0.00546	0.00366	0.00903	0.07129	0.01154	0.05461	0.07032	0.05377	0.64382	0.02135	0.00421	0.00451	0.00778	0.00350	0.00365
15	0.09653	0.00831	0.01047	0.00848	0.01174	0.00771	0.00685	0.05649	0.02558	0.53266	0.07367	0.09246	0.03156	0.00742	0.00511	0.00161	0.00403	0.00611	0.00567	0.00754
16	0.01599	0.00769	0.00999	0.00838	0.01111	0.00713	0.00669	0.07174	0.04043	0.41205	0.21402	0.10419	0.02392	0.00854	0.00551	0.00165	0.00377	0.03444	0.00575	0.00702
17	0.02183	0.00968	0.01236	0.00951	0.01342	0.00906	0.00785	0.16275	0.03262	0.63720	0.01852	0.01631	0.01186	0.00624	0.00508	0.00156	0.00453	0.00500	0.00601	0.00859
18	0.00735	0.00513	0.00655	0.00661	0.00698	0.00544	0.00445	0.00809	0.00785	0.01075	0.01570	0.02987	0.01700	0.51127	0.28966	0.00586	0.00784	0.04694	0.00303	0.00364
19	0.68036	0.00917	0.00790	0.00699	0.00996	0.01035	0.00572	0.01520	0.00932	0.09817	0.03208	0.01094	0.00802	0.00773	0.06876	0.00210	0.00469	0.00338	0.00348	0.00569
20	0.01049	0.00899	0.01049	0.00749	0.01198	0.00674	0.00599	0.01273	0.01049	0.01648	0.00899	0.01049	0.00749	0.00374	0.00374	0.00075	0.00374	0.00300	0.00300	0.85320
21	0.00724	0.00492	0.00548	0.00548	0.00562	0.00485	0.00313	0.00735	0.00769	0.01012	0.01882	0.03436	0.08138	0.75609	0.02412	0.00464	0.00471	0.00762	0.00320	0.00316
22	0.00736	0.00498	0.00631	0.00646	0.00740	0.00457	0.00462	0.00852	0.01129	0.04130	0.27201	0.26673	0.17456	0.05397	0.00842	0.08326	0.00301	0.02626	0.00470	0.00428
23	0.00790	0.00616	0.00895	0.07380	0.01133	0.00724	0.00703	0.01053	0.05020	0.01301	0.05120	0.01983	0.01383	0.03016	0.60183	0.00650	0.03860	0.00548	0.03157	0.00485
24	0.01038	0.00847	0.01184	0.05349	0.01258	0.02217	0.00886	0.01196	0.00893	0.07621	0.01223	0.05758	0.01158	0.01870	0.27639	0.00409	0.34425	0.04200	0.00296	0.00534
25	0.80366	0.02681	0.00840	0.00775	0.04385	0.01155	0.00598	0.01490	0.00877	0.02220	0.00715	0.00840	0.00561	0.00468	0.00321	0.00155	0.00403	0.00281	0.00308	0.00561
26	0.01281	0.01323	0.02836	0.02031	0.02532	0.01235	0.70982	0.01689	0.01214	0.07982	0.01103	0.01393	0.00807	0.00443	0.00590	0.00169	0.00818	0.00590	0.00286	0.00697
27	0.00782	0.00561	0.00680	0.00716	0.00874	0.00511	0.00591	0.00959	0.01173	0.05623	0.03890	0.05062	0.41625	0.01296	0.00637	0.00197	0.00357	0.33522	0.00476	0.00467
28	0.05701	0.01238	0.03637	0.03015	0.07056	0.01142	0.49992	0.03062	0.01161	0.01671	0.01070	0.05192	0.00879	0.00485	0.00542	0.00156	0.00708	0.00561	0.00279	0.12453
29	0.01287	0.04065	0.02824	0.01988	0.02487	0.01259	0.68402	0.01685	0.01209	0.07968	0.01092	0.01375	0.00803	0.00443	0.00580	0.00167	0.00807	0.00579	0.00285	0.00695
30	0.00703	0.00506	0.00669	0.00674	0.00775	0.00472	0.00503	0.00910	0.01314	0.01834	0.56883	0.20067	0.04324	0.01177	0.00615	0.00175	0.00268	0.07136	0.00531	0.00462
31	0.00743	0.00511	0.00608	0.00638	0.00738	0.00467	0.00454	0.00848	0.01034	0.05483	0.04744	0.27306	0.28142	0.17974	0.01022	0.00251	0.00343	0.07821	0.00446	0.00425
32	0.01424	0.01214	0.01607	0.15050	0.10617	0.06802	0.06124	0.19473	0.01374	0.08172	0.01100	0.04761	0.00898	0.00659	0.00766	0.00172	0.18261	0.00498	0.00341	0.00685
33	0.00966	0.00921	0.01587	0.77250	0.03443	0.01131	0.05022	0.01308	0.01020	0.01308	0.00905	0.01349	0.00679	0.00502	0.00510	0.00169	0.00683	0.00456	0.00226	0.00567
34	0.00702	0.00502	0.00686	0.00802	0.00869	0.00485	0.00619	0.00853	0.01053	0.01387	0.02740	0.48909	0.03156	0.01503	0.00668	0.00217	0.00368	0.33578	0.00468	0.00434
35	0.00735	0.00490	0.00552	0.00552	0.00552	0.00490	0.00306	0.00735	0.00735	0.00980	0.01593	0.03309	0.01838	0.82229	0.02574	0.00490	0.00490	0.00735	0.00306	0.00306
36	0.01049	0.00899	0.01049	0.00749	0.01198	0.00674	0.00599	0.01273	0.01049	0.01648	0.00899	0.01049	0.00749	0.00374	0.00374	0.00075	0.00374	0.00300	0.00300	0.85320
37	0.00735	0.00490	0.00552	0.00552	0.00552	0.00490	0.00306	0.00735	0.00735	0.00980	0.01593	0.03309	0.01838	0.82229	0.02574	0.00490	0.00490	0.00735	0.00306	0.00306
38	0.77236	0.09249	0.00937	0.00685	0.01010	0.01222	0.00580	0.01489	0.00877	0.02159	0.00704	0.00820	0.00558	0.00466	0.00314	0.00152	0.00406	0.00273	0.00303	0.00558
39	0.00955	0.00899	0.01517	0.81013	0.03483	0.01123	0.01404	0.01292	0.01011	0.01292	0.00899	0.01348	0.00674	0.00506	0.00506	0.00169	0.00674	0.00449	0.00225	0.00562
40	0.85801	0.00978	0.00743	0.00665	0.00978	0.01134	0.00548	0.01486	0.00861	0.02269	0.00704	0.00821	0.00548	0.00469	0.00313	0.00156	0.00391	0.00274	0.00313	0.00548
41	0.00616	0.00440	0.00587	0.00704	0.00733	0.00411	0.00469	0.00704	0.00968	0.01291	0.02787	0.81899	0.03344	0.01584	0.00645	0.00205	0.00293	0.01438	0.00469	0.00411
42	0.01010	0.00584	0.00617	0.00586	0.00731	0.00602	0.00450	0.07442	0.04538	0.01958	0.05824	0.02170	0.01556	0.03636	0.00484	0.00144	0.00290	0.04176	0.62690	0.00511
43	0.01106	0.01106	0.01549	0.01328	0.01328	0.01549	0.01106	0.01217	0.00774	0.01217	0.00664	0.01106	0.00664	0.00885	0.01659	0.00221	0.81303	0.00443	0.00221	0.00553
44	0.02269	0.00861	0.01174	0.00900	0.01291	0.00743	0.00743	0.02464	0.01447	0.79425	0.01995	0.01721	0.01252	0.00626	0.00509	0.00156	0.00430	0.00509	0.00626	0.00861
