[name]
unknown

[dist]
# distance from previous block
# <min> <max>
0	50

[block]
# block no. 0 follows, 44 sequences, length 34
# corresponding to MSA columns:
# 76-109
name=unknown_A
#
# <colnr> <probs for GDERKNQSTAVLIFYWHMCP>
#	G	D	E	R	K	N	Q	S	T	A	V	L	I	F	Y	W	H	M	C	P
0	0.00871	0.00657	0.00813	0.00816	0.00885	0.04511	0.00593	0.00959	0.00891	0.01198	0.01533	0.04056	0.01569	0.22562	0.40059	0.11637	0.01001	0.04658	0.00309	0.00422
1	0.01356	0.01171	0.01233	0.01109	0.01418	0.01356	0.00863	0.02897	0.76455	0.02281	0.02219	0.02034	0.01664	0.00740	0.00555	0.00185	0.00431	0.00616	0.00555	0.00863
2	0.01345	0.01612	0.06785	0.01805	0.02167	0.13909	0.36482	0.01667	0.01222	0.01594	0.05145	0.01447	0.01009	0.00639	0.00897	0.00189	0.20568	0.00559	0.00283	0.00676
3	0.00947	0.00473	0.00710	0.00710	0.00710	0.00473	0.00473	0.00710	0.00710	0.00947	0.00947	0.01657	0.00947	0.01894	0.02131	0.84138	0.00473	0.00473	0.00237	0.00237
4	0.84691	0.01054	0.00801	0.00717	0.01054	0.01223	0.00590	0.01603	0.00928	0.02446	0.00759	0.00886	0.00590	0.00506	0.00337	0.00169	0.00422	0.00295	0.00337	0.00590
5	0.01299	0.12007	0.07248	0.02078	0.02632	0.01475	0.61671	0.01730	0.01256	0.01684	0.01051	0.01375	0.00803	0.00464	0.00598	0.00174	0.00869	0.00584	0.00268	0.00734
6	0.01897	0.01669	0.01658	0.03069	0.01723	0.16338	0.02696	0.47489	0.02056	0.02642	0.01121	0.01237	0.00847	0.00674	0.00719	0.00171	0.12280	0.00465	0.00437	0.00811
7	0.00679	0.00493	0.00641	0.00733	0.00790	0.00455	0.00501	0.00801	0.01133	0.01516	0.14262	0.63566	0.09224	0.01595	0.00684	0.00211	0.00305	0.01436	0.00520	0.00455
8	0.00746	0.00566	0.00799	0.11113	0.01217	0.00571	0.00677	0.00912	0.01132	0.01508	0.11091	0.52214	0.04831	0.01461	0.00675	0.00213	0.00382	0.08930	0.00482	0.00479
9	0.00732	0.00556	0.00674	0.00644	0.00790	0.00498	0.00483	0.00952	0.01450	0.01965	0.54920	0.04437	0.27514	0.01197	0.00643	0.00175	0.00263	0.01037	0.00571	0.00498
10	0.01274	0.00731	0.00816	0.00714	0.00926	0.00732	0.00559	0.13619	0.01500	0.10086	0.15972	0.02436	0.05808	0.00769	0.00487	0.00149	0.00335	0.00631	0.41837	0.00619
11	0.84691	0.01054	0.00801	0.00717	0.01054	0.01223	0.00590	0.01603	0.00928	0.02446	0.00759	0.00886	0.00590	0.00506	0.00337	0.00169	0.00422	0.00295	0.00337	0.00590
12	0.02121	0.01448	0.01587	0.01217	0.01651	0.01574	0.01005	0.66043	0.02432	0.13200	0.01419	0.01381	0.00983	0.00657	0.00546	0.00164	0.00582	0.00498	0.00562	0.00927
13	0.01307	0.21596	0.36025	0.01186	0.02886	0.01301	0.01323	0.01708	0.01204	0.09835	0.04882	0.01420	0.01077	0.00566	0.00468	0.00152	0.00612	0.00434	0.11277	0.00740
14	0.01482	0.00976	0.01212	0.06083	0.01492	0.00813	0.00756	0.03546	0.02706	0.20928	0.01298	0.01356	0.00958	0.00494	0.00456	0.00114	0.00446	0.00400	0.00416	0.54068
15	0.08615	0.00742	0.00904	0.00809	0.01046	0.00701	0.00627	0.03805	0.03052	0.25394	0.19642	0.18451	0.10732	0.01057	0.00595	0.00183	0.00367	0.02063	0.00567	0.00649
16	0.00673	0.00482	0.00630	0.00742	0.00779	0.00450	0.00494	0.00768	0.01048	0.01395	0.04828	0.72071	0.05810	0.06041	0.00807	0.00236	0.00325	0.01482	0.00499	0.00439
17	0.84691	0.01054	0.00801	0.00717	0.01054	0.01223	0.00590	0.01603	0.00928	0.02446	0.00759	0.00886	0.00590	0.00506	0.00337	0.00169	0.00422	0.00295	0.00337	0.00590
18	0.04405	0.01373	0.01526	0.11468	0.01873	0.04617	0.01039	0.49208	0.02104	0.11781	0.01392	0.04326	0.01032	0.00674	0.00543	0.00168	0.00600	0.00525	0.00502	0.00845
19	0.11903	0.00549	0.00722	0.00711	0.00755	0.00572	0.00489	0.00827	0.00739	0.01143	0.00922	0.01556	0.00900	0.01712	0.01896	0.73152	0.00467	0.00450	0.00250	0.00283
20	0.01814	0.16362	0.01704	0.01255	0.01560	0.56351	0.00984	0.02023	0.04532	0.01409	0.04801	0.01250	0.02550	0.00597	0.00480	0.00140	0.00838	0.00400	0.00304	0.00644
21	0.00982	0.00604	0.00787	0.00717	0.00885	0.00547	0.00546	0.01223	0.01518	0.12058	0.61699	0.05560	0.08580	0.01085	0.00632	0.00173	0.00287	0.00950	0.00603	0.00564
22	0.01318	0.01287	0.05841	0.15409	0.56729	0.01243	0.01609	0.01657	0.01226	0.04830	0.01107	0.01498	0.00910	0.00530	0.00545	0.00168	0.00657	0.02336	0.00286	0.00812
23	0.01440	0.01259	0.02309	0.06103	0.39937	0.01226	0.23159	0.01784	0.01284	0.11723	0.01253	0.03831	0.00993	0.00542	0.00576	0.00172	0.00697	0.00572	0.00331	0.00810
24	0.71918	0.01035	0.00873	0.00756	0.01107	0.01158	0.00623	0.01766	0.01026	0.14152	0.00975	0.01036	0.00708	0.00532	0.00370	0.00169	0.00428	0.00335	0.00390	0.00643
25	0.00790	0.00642	0.00934	0.00883	0.01038	0.00573	0.07341	0.00950	0.01121	0.01529	0.07762	0.51104	0.08216	0.02701	0.00681	0.00199	0.00379	0.01227	0.00464	0.11466
26	0.03754	0.00734	0.01023	0.04838	0.01227	0.00707	0.04052	0.05368	0.01245	0.18928	0.05552	0.36101	0.02355	0.01235	0.00764	0.08258	0.00430	0.00984	0.00493	0.01951
27	0.00713	0.00509	0.00689	0.00815	0.00868	0.00485	0.00591	0.00843	0.01092	0.01446	0.02978	0.63585	0.03499	0.01662	0.00709	0.00228	0.00359	0.17969	0.00505	0.00456
28	0.02805	0.01310	0.01561	0.03968	0.15692	0.02878	0.01094	0.32408	0.19931	0.03887	0.03818	0.01818	0.01322	0.00693	0.00556	0.00173	0.00559	0.04198	0.00481	0.00846
29	0.01115	0.00908	0.01049	0.00768	0.01206	0.00698	0.00611	0.01359	0.01132	0.01810	0.01075	0.01249	0.00885	0.00434	0.00401	0.00087	0.00384	0.00347	0.11290	0.73190
30	0.01347	0.00907	0.01128	0.08065	0.01371	0.00964	0.00778	0.18468	0.02778	0.12110	0.25295	0.02673	0.04266	0.11967	0.00957	0.00224	0.04829	0.00712	0.00504	0.00655
31	0.01221	0.01257	0.01851	0.01528	0.01612	0.03933	0.11350	0.01385	0.00917	0.01366	0.00798	0.01285	0.00763	0.02893	0.01618	0.00235	0.64627	0.00504	0.00247	0.00610
32	0.12160	0.01866	0.28878	0.03137	0.02402	0.01328	0.35806	0.01697	0.01171	0.01808	0.00997	0.01271	0.00742	0.00507	0.00603	0.00180	0.03941	0.00504	0.00266	0.00733
33	0.58274	0.10492	0.05229	0.00832	0.01220	0.02655	0.00742	0.01761	0.01055	0.12147	0.00955	0.01028	0.00710	0.00525	0.00379	0.00162	0.00476	0.00335	0.00363	0.00660

[dist]
# distance from previous block
# <min> <max>
0	2

[block]
# block no. 1 follows, 44 sequences, length 15
# corresponding to MSA columns:
# 112-126
name=unknown_B
#
# <colnr> <probs for GDERKNQSTAVLIFYWHMCP>
#	G	D	E	R	K	N	Q	S	T	A	V	L	I	F	Y	W	H	M	C	P
0	0.01509	0.33631	0.19003	0.08356	0.01910	0.16644	0.01258	0.08868	0.01341	0.01608	0.00895	0.01051	0.00723	0.00522	0.00451	0.00144	0.00725	0.00364	0.00273	0.00723
1	0.01236	0.04729	0.51224	0.01493	0.02155	0.01232	0.10409	0.05372	0.01297	0.06807	0.07789	0.01491	0.01154	0.00579	0.00542	0.00171	0.00731	0.00493	0.00313	0.00782
2	0.00664	0.00474	0.00633	0.00759	0.00791	0.00443	0.00506	0.00759	0.01044	0.01392	0.03005	0.80485	0.03606	0.01708	0.00696	0.00221	0.00316	0.01550	0.00506	0.00443
3	0.00676	0.00552	0.00588	0.00580	0.00744	0.00474	0.00429	0.00830	0.01277	0.01588	0.19034	0.04935	0.59539	0.05434	0.00754	0.00199	0.00286	0.01101	0.00515	0.00464
4	0.00947	0.00473	0.00710	0.00710	0.00710	0.00473	0.00473	0.00710	0.00710	0.00947	0.00947	0.01657	0.00947	0.01894	0.02131	0.84138	0.00473	0.00473	0.00237	0.00237
5	0.04306	0.01120	0.05323	0.07342	0.01575	0.01135	0.07200	0.19006	0.12506	0.02228	0.01515	0.03021	0.01197	0.03019	0.05052	0.00214	0.01931	0.00545	0.21065	0.00699
6	0.63745	0.01003	0.00891	0.00766	0.01110	0.01101	0.00629	0.01785	0.01087	0.17593	0.05048	0.01248	0.00982	0.00572	0.00396	0.00169	0.00422	0.00382	0.00419	0.00654
7	0.01449	0.02869	0.01500	0.14778	0.04259	0.01305	0.04527	0.28898	0.14183	0.02389	0.08389	0.05705	0.01565	0.03581	0.00640	0.00186	0.00557	0.00622	0.01842	0.00755
8	0.00731	0.00565	0.00668	0.00655	0.00801	0.00512	0.00486	0.00965	0.03584	0.01844	0.40874	0.11826	0.31982	0.01261	0.00646	0.00181	0.00275	0.01091	0.00554	0.00497
9	0.03856	0.11141	0.03225	0.01128	0.01565	0.01500	0.00962	0.42364	0.06143	0.16802	0.01413	0.01376	0.01000	0.00622	0.00511	0.00156	0.00554	0.00470	0.00510	0.04700
10	0.00775	0.00570	0.00728	0.00700	0.00829	0.00534	0.00520	0.01055	0.04017	0.02081	0.64248	0.11027	0.08519	0.01169	0.00645	0.00177	0.00269	0.01033	0.00585	0.00517
11	0.01382	0.08369	0.01349	0.00893	0.01346	0.03105	0.00734	0.10374	0.01356	0.07837	0.02805	0.01331	0.02562	0.00501	0.00440	0.00107	0.00458	0.00390	0.00377	0.54282
12	0.03212	0.05098	0.07998	0.01083	0.05880	0.02436	0.00880	0.11119	0.06635	0.14175	0.10000	0.02078	0.08028	0.00707	0.00516	0.00153	0.00470	0.00575	0.07913	0.11045
13	0.44713	0.10654	0.05654	0.06324	0.01464	0.01318	0.02712	0.03133	0.03217	0.08783	0.02964	0.01178	0.00853	0.00566	0.00479	0.00168	0.04418	0.00385	0.00353	0.00663
14	0.08439	0.00580	0.00630	0.00622	0.00658	0.00601	0.00374	0.00877	0.00810	0.01196	0.01615	0.03240	0.01819	0.69066	0.06956	0.00516	0.00573	0.00735	0.00329	0.00363

[dist]
# distance from previous block
# <min> <max>
0	5

[block]
# block no. 2 follows, 44 sequences, length 19
# corresponding to MSA columns:
# 132-135,138-149,163-165
name=unknown_C
#
# <colnr> <probs for GDERKNQSTAVLIFYWHMCP>
#	G	D	E	R	K	N	Q	S	T	A	V	L	I	F	Y	W	H	M	C	P
0	0.17070	0.06368	0.16410	0.02731	0.04829	0.03958	0.09105	0.14445	0.11680	0.03486	0.01193	0.01300	0.00893	0.00563	0.00494	0.00166	0.00621	0.00452	0.01719	0.02518
1	0.01152	0.00750	0.00779	0.00705	0.00898	0.00783	0.00538	0.13235	0.09403	0.02125	0.02256	0.02485	0.11745	0.07534	0.00664	0.00181	0.00355	0.00629	0.43191	0.00592
2	0.03382	0.09810	0.50646	0.01447	0.02128	0.01287	0.07968	0.01861	0.01217	0.13563	0.01145	0.01255	0.00803	0.00532	0.00513	0.00168	0.00732	0.00433	0.00306	0.00803
3	0.00779	0.00584	0.00876	0.00876	0.00974	0.00681	0.00681	0.00974	0.00876	0.01266	0.01460	0.02142	0.01363	0.04089	0.78680	0.00876	0.01460	0.00584	0.00292	0.00487
4	0.01664	0.01476	0.01524	0.20314	0.05100	0.15787	0.01114	0.31966	0.03773	0.02318	0.01197	0.01373	0.00898	0.00604	0.00520	0.00161	0.00667	0.00468	0.08327	0.00750
5	0.00779	0.00584	0.00876	0.00876	0.00974	0.00681	0.00681	0.00974	0.00876	0.01266	0.01460	0.02142	0.01363	0.04089	0.78680	0.00876	0.01460	0.00584	0.00292	0.00487
6	0.00823	0.00596	0.00838	0.00820	0.00923	0.00671	0.00636	0.01033	0.01031	0.01531	0.15686	0.02452	0.02050	0.02989	0.51519	0.00628	0.04387	0.00646	0.10241	0.00499
7	0.00749	0.00539	0.00708	0.00702	0.00809	0.00499	0.00513	0.00971	0.01436	0.02016	0.61242	0.20468	0.04814	0.01242	0.00654	0.00182	0.00270	0.01107	0.00580	0.00499
8	0.00772	0.00557	0.00729	0.00686	0.00814	0.00514	0.00514	0.01029	0.01543	0.02186	0.77152	0.04072	0.05144	0.01115	0.00643	0.00171	0.00257	0.00986	0.00600	0.00514
9	0.01501	0.75209	0.02757	0.00969	0.01421	0.07959	0.00942	0.01674	0.01141	0.01287	0.00764	0.00883	0.00700	0.00474	0.00361	0.00118	0.00613	0.00296	0.00237	0.00694
10	0.01570	0.65291	0.07369	0.00977	0.01459	0.01916	0.00983	0.01778	0.01172	0.11753	0.00962	0.01026	0.00788	0.00498	0.00387	0.00127	0.00581	0.00334	0.00293	0.00737
11	0.04327	0.10378	0.06203	0.20873	0.13123	0.12182	0.04083	0.08064	0.02532	0.04774	0.01106	0.04564	0.00914	0.00607	0.00569	0.00167	0.04019	0.00489	0.00314	0.00711
12	0.12506	0.01015	0.01547	0.29073	0.28310	0.01121	0.01253	0.01414	0.01086	0.01635	0.01168	0.06539	0.01071	0.09174	0.00763	0.00213	0.00611	0.00559	0.00291	0.00653
13	0.01990	0.02157	0.01527	0.05421	0.04604	0.56333	0.01058	0.03975	0.04389	0.11876	0.01098	0.01188	0.00840	0.00582	0.00508	0.00149	0.00856	0.00403	0.00349	0.00696
14	0.05159	0.00601	0.00734	0.00685	0.00847	0.00557	0.00519	0.01106	0.01457	0.06275	0.56800	0.05561	0.15441	0.01111	0.00623	0.00174	0.00281	0.00963	0.00575	0.00532
15	0.00911	0.00545	0.00719	0.00773	0.00871	0.00496	0.00542	0.01032	0.01149	0.11861	0.06534	0.61971	0.07453	0.01521	0.00670	0.00210	0.00331	0.01364	0.00534	0.00513
16	0.01261	0.01002	0.01653	0.59793	0.12155	0.01165	0.01436	0.01599	0.01172	0.11866	0.01137	0.01496	0.00828	0.00556	0.00545	0.00178	0.00682	0.00493	0.00305	0.00680
17	0.01142	0.00723	0.00942	0.06704	0.01115	0.00775	0.00642	0.14131	0.03023	0.01472	0.01151	0.01850	0.01087	0.12314	0.01778	0.49377	0.00521	0.00525	0.00313	0.00416
18	0.01143	0.13510	0.67761	0.01469	0.02229	0.01388	0.01867	0.01714	0.01145	0.01666	0.00948	0.01113	0.00692	0.00511	0.00495	0.00165	0.00775	0.00388	0.00231	0.00791

[dist]
# distance from previous block
# <min> <max>
0	1

[block]
# block no. 3 follows, 44 sequences, length 14
# corresponding to MSA columns:
# 167-176,180-182,199
name=unknown_D
#
# <colnr> <probs for GDERKNQSTAVLIFYWHMCP>
#	G	D	E	R	K	N	Q	S	T	A	V	L	I	F	Y	W	H	M	C	P
0	0.79696	0.01020	0.00791	0.00719	0.01039	0.01177	0.00585	0.01552	0.00935	0.02383	0.00893	0.05618	0.00770	0.00578	0.00359	0.00172	0.00415	0.00370	0.00347	0.00582
1	0.01393	0.01784	0.21003	0.02188	0.31068	0.11059	0.06424	0.04287	0.01320	0.04840	0.01229	0.01740	0.01037	0.00613	0.00556	0.00172	0.00725	0.07472	0.00310	0.00781
2	0.01247	0.01266	0.05864	0.13946	0.45590	0.02597	0.01477	0.01645	0.05330	0.01727	0.01231	0.01778	0.01065	0.00593	0.00548	0.00168	0.00633	0.06697	0.00303	0.06295
3	0.01086	0.01033	0.01708	0.61780	0.12256	0.01272	0.01497	0.01417	0.01080	0.01430	0.00948	0.01412	0.00742	0.00584	0.00683	0.00186	0.09524	0.00484	0.00245	0.00635
4	0.01294	0.01357	0.05272	0.11302	0.45147	0.09641	0.01442	0.01596	0.01251	0.01664	0.04272	0.01907	0.01228	0.03378	0.00633	0.00183	0.00668	0.06720	0.00301	0.00743
5	0.00693	0.00494	0.00655	0.00758	0.00804	0.00464	0.00520	0.00810	0.01100	0.01478	0.11007	0.65107	0.03684	0.04723	0.00774	0.00230	0.00328	0.05411	0.00509	0.00449
6	0.01302	0.07679	0.01198	0.04456	0.01267	0.00989	0.00748	0.18807	0.03115	0.10043	0.17859	0.22108	0.06133	0.01034	0.00592	0.00179	0.00428	0.00885	0.00519	0.00661
7	0.00673	0.00492	0.00633	0.00729	0.00787	0.00452	0.00497	0.00789	0.01116	0.01481	0.10766	0.64346	0.12010	0.01611	0.00685	0.00212	0.00306	0.01448	0.00516	0.00452
8	0.01203	0.01033	0.01265	0.01064	0.07783	0.00853	0.00769	0.05501	0.01211	0.01856	0.00986	0.01161	0.00816	0.00439	0.00460	0.00096	0.02540	0.00350	0.00329	0.70285
9	0.01238	0.17157	0.38720	0.08142	0.04746	0.05682	0.07413	0.01674	0.01156	0.01576	0.00926	0.01149	0.00717	0.00527	0.00562	0.00163	0.04917	0.00410	0.00242	0.02882
10	0.52633	0.01192	0.04509	0.00861	0.01184	0.06269	0.00719	0.02886	0.09990	0.03828	0.02748	0.07382	0.01095	0.00653	0.00425	0.00172	0.00467	0.00467	0.01889	0.00633
11	0.00732	0.00565	0.00729	0.07367	0.01028	0.00540	0.00565	0.00909	0.01247	0.01657	0.27783	0.27349	0.21078	0.05033	0.00751	0.00207	0.00332	0.01145	0.00506	0.00479
12	0.01435	0.01410	0.08639	0.14228	0.09616	0.05208	0.22219	0.04872	0.07476	0.11328	0.01315	0.03192	0.00994	0.00568	0.00564	0.00171	0.00705	0.00549	0.00358	0.05153
13	0.20883	0.27216	0.15458	0.01018	0.01447	0.05755	0.01013	0.04917	0.01188	0.01807	0.06136	0.01417	0.05165	0.00612	0.00490	0.00155	0.03913	0.00425	0.00313	0.00670

[dist]
# distance from previous block
# <min> <max>
0	1

[block]
# block no. 4 follows, 44 sequences, length 14
# corresponding to MSA columns:
# 201-214
name=unknown_E
#
# <colnr> <probs for GDERKNQSTAVLIFYWHMCP>
#	G	D	E	R	K	N	Q	S	T	A	V	L	I	F	Y	W	H	M	C	P
0	0.73557	0.01070	0.00859	0.00769	0.01103	0.01241	0.00627	0.01775	0.11019	0.02424	0.00954	0.01039	0.00734	0.00537	0.00366	0.00171	0.00423	0.00338	0.00366	0.00627
1	0.01467	0.14750	0.27509	0.01415	0.03750	0.01366	0.10634	0.02047	0.12639	0.15327	0.01351	0.01411	0.00979	0.00573	0.00546	0.00167	0.02419	0.00477	0.00366	0.00807
2	0.01165	0.00937	0.02843	0.11465	0.01564	0.00958	0.03683	0.11535	0.12978	0.05266	0.30414	0.04297	0.05323	0.00902	0.00603	0.00179	0.00452	0.04262	0.00511	0.00663
3	0.01023	0.00607	0.00786	0.00730	0.00900	0.00546	0.00551	0.01236	0.01440	0.14671	0.46062	0.15174	0.11830	0.01157	0.00635	0.00180	0.00303	0.01014	0.00589	0.00567
4	0.01145	0.09450	0.61002	0.01538	0.02239	0.01381	0.06585	0.01689	0.01133	0.01658	0.00948	0.01151	0.00702	0.00542	0.00605	0.00173	0.06634	0.00414	0.00234	0.00776
5	0.00783	0.00602	0.00704	0.00732	0.00843	0.00589	0.00514	0.01091	0.11202	0.01599	0.13608	0.33996	0.19238	0.10841	0.00906	0.00238	0.00340	0.01171	0.00505	0.00499
6	0.01083	0.01031	0.01560	0.33786	0.02334	0.01363	0.01261	0.01294	0.00948	0.01337	0.00952	0.05036	0.00877	0.00920	0.03009	0.02754	0.39089	0.00533	0.00254	0.00580
7	0.05994	0.76802	0.02745	0.00921	0.01380	0.02106	0.00914	0.01631	0.01098	0.01346	0.00758	0.00875	0.00694	0.00469	0.00349	0.00119	0.00574	0.00292	0.00239	0.00694
8	0.01063	0.00679	0.00809	0.00825	0.00932	0.04197	0.00582	0.04115	0.01147	0.11615	0.02419	0.50421	0.02671	0.04510	0.00916	0.10551	0.00406	0.01156	0.00480	0.00506
9	0.00947	0.00473	0.00710	0.00710	0.00710	0.00473	0.00473	0.00710	0.00710	0.00947	0.00947	0.01657	0.00947	0.01894	0.02131	0.84138	0.00473	0.00473	0.00237	0.00237
10	0.12434	0.01400	0.02800	0.02076	0.04632	0.01355	0.60923	0.01763	0.03743	0.01859	0.01092	0.01408	0.00824	0.00476	0.00597	0.00181	0.00829	0.00592	0.00293	0.00724
11	0.12612	0.18088	0.03085	0.01012	0.01367	0.05587	0.00855	0.08600	0.27602	0.06241	0.08287	0.01672	0.01478	0.00660	0.00485	0.00162	0.00500	0.00505	0.00446	0.00756
12	0.48669	0.01029	0.01068	0.11335	0.01529	0.01131	0.00787	0.04884	0.01182	0.22010	0.01173	0.01232	0.00820	0.00561	0.00429	0.00170	0.00481	0.00395	0.00421	0.00694
13	0.06828	0.08065	0.01540	0.01112	0.01519	0.03085	0.00920	0.36690	0.14985	0.14128	0.01492	0.01442	0.01071	0.00635	0.00512	0.00161	0.00538	0.00483	0.00513	0.04283

[dist]
# distance from previous block
# <min> <max>
0	2

[block]
# block no. 5 follows, 44 sequences, length 21
# corresponding to MSA columns:
# 217-237
name=unknown_F
#
# <colnr> <probs for GDERKNQSTAVLIFYWHMCP>
#	G	D	E	R	K	N	Q	S	T	A	V	L	I	F	Y	W	H	M	C	P
0	0.01245	0.31878	0.44036	0.01382	0.02041	0.01607	0.07503	0.01693	0.01146	0.01563	0.00906	0.01074	0.00705	0.00494	0.00465	0.00153	0.00732	0.00381	0.00235	0.00761
1	0.03688	0.03179	0.01268	0.00992	0.01363	0.06114	0.00804	0.05431	0.12591	0.47911	0.05474	0.02023	0.05226	0.00722	0.00545	0.00169	0.00483	0.00580	0.00596	0.00844
2	0.00673	0.00491	0.00634	0.00729	0.00787	0.00452	0.00497	0.00790	0.01117	0.01483	0.10983	0.64467	0.11665	0.01611	0.00685	0.00212	0.00306	0.01448	0.00516	0.00452
3	0.00909	0.00700	0.00830	0.00730	0.00935	0.00597	0.00515	0.01035	0.00996	0.01433	0.01708	0.16572	0.01862	0.30500	0.01352	0.00280	0.00439	0.04352	0.00368	0.33886
4	0.01114	0.00730	0.00855	0.00795	0.00918	0.00758	0.00551	0.06286	0.11205	0.09446	0.03859	0.14219	0.02084	0.39908	0.03055	0.00367	0.02047	0.00829	0.00441	0.00533
5	0.01124	0.01046	0.01706	0.61201	0.15349	0.01244	0.01493	0.03359	0.05205	0.01553	0.01054	0.01464	0.00804	0.00549	0.00545	0.00178	0.00695	0.00492	0.00271	0.00669
6	0.02045	0.01548	0.08054	0.01238	0.01703	0.01523	0.01084	0.58532	0.02295	0.14328	0.01406	0.01377	0.00970	0.00646	0.00543	0.00165	0.00597	0.00492	0.00538	0.00917
7	0.02428	0.00957	0.01283	0.00984	0.01406	0.00845	0.00813	0.06237	0.01610	0.74168	0.02110	0.01829	0.01329	0.00674	0.00548	0.00168	0.00471	0.00545	0.00668	0.00928
8	0.00792	0.00533	0.00618	0.00618	0.00627	0.00542	0.00360	0.00808	0.00800	0.01075	0.01696	0.03447	0.01930	0.74336	0.09208	0.00558	0.00608	0.00775	0.00327	0.00344
9	0.01428	0.01221	0.02051	0.11500	0.61409	0.01235	0.01565	0.01745	0.01258	0.09643	0.01136	0.01413	0.00899	0.00512	0.00541	0.00165	0.00637	0.00492	0.00309	0.00842
10	0.01670	0.31053	0.02150	0.01612	0.16713	0.33188	0.01128	0.01896	0.03274	0.01429	0.00884	0.01044	0.00759	0.00516	0.00451	0.00137	0.00755	0.00363	0.00268	0.00709
11	0.00772	0.00557	0.00729	0.00686	0.00814	0.00514	0.00514	0.01029	0.01543	0.02186	0.77152	0.04072	0.05144	0.01115	0.00643	0.00171	0.00257	0.00986	0.00600	0.00514
12	0.00667	0.00543	0.00591	0.00601	0.00756	0.00467	0.00442	0.00818	0.01264	0.01575	0.16576	0.15159	0.55875	0.01382	0.00651	0.00187	0.00279	0.01178	0.00521	0.00467
13	0.09514	0.00583	0.00616	0.00607	0.00642	0.00601	0.00357	0.00877	0.00807	0.01201	0.01618	0.03289	0.01837	0.72489	0.02521	0.00491	0.00517	0.00741	0.00331	0.00357
14	0.23746	0.01226	0.01473	0.22216	0.03697	0.07443	0.07977	0.06844	0.09031	0.01971	0.01094	0.01326	0.00842	0.00579	0.00550	0.00174	0.04577	0.00453	0.04117	0.00665
15	0.13994	0.09786	0.07790	0.12115	0.11103	0.09144	0.03057	0.09462	0.06143	0.05802	0.01109	0.02465	0.00874	0.00588	0.00549	0.00167	0.04332	0.00449	0.00340	0.00730
16	0.12536	0.02691	0.09393	0.01135	0.02791	0.06410	0.00975	0.22378	0.13253	0.11799	0.04762	0.01540	0.01201	0.00705	0.00590	0.04286	0.00555	0.00491	0.01729	0.00778
17	0.11290	0.02596	0.11764	0.03744	0.06050	0.04847	0.00946	0.09112	0.04915	0.09464	0.01332	0.06156	0.01143	0.05865	0.00953	0.16002	0.00559	0.00534	0.02096	0.00630
18	0.05971	0.11041	0.07597	0.01231	0.06374	0.13010	0.00985	0.12821	0.15639	0.02010	0.01398	0.05310	0.01160	0.02062	0.00556	0.00166	0.02202	0.00510	0.09230	0.00726
19	0.01118	0.00852	0.01049	0.01119	0.07528	0.04250	0.00774	0.09881	0.01358	0.06107	0.12262	0.31255	0.02747	0.04682	0.00791	0.00214	0.04371	0.08571	0.00482	0.00590
20	0.10825	0.09996	0.13726	0.01459	0.13472	0.08291	0.02652	0.13553	0.03329	0.03748	0.01253	0.03333	0.02287	0.00597	0.00482	0.00157	0.00603	0.00468	0.09029	0.00740

[dist]
# distance from previous block
# <min> <max>
15	25

[block]
# block no. 6 follows, 44 sequences, length 14
# corresponding to MSA columns:
# 318-331
name=unknown_G
#
# <colnr> <probs for GDERKNQSTAVLIFYWHMCP>
#	G	D	E	R	K	N	Q	S	T	A	V	L	I	F	Y	W	H	M	C	P
0	0.00812	0.00627	0.00749	0.00682	0.00869	0.00554	0.00513	0.02871	0.01400	0.01922	0.42489	0.07317	0.22468	0.03278	0.00672	0.00175	0.00299	0.00953	0.00529	0.10822
1	0.00896	0.00696	0.00861	0.10459	0.01232	0.03923	0.00667	0.01113	0.01347	0.05130	0.36207	0.18568	0.12988	0.01158	0.00633	0.00184	0.00374	0.02522	0.00514	0.00528
2	0.00808	0.00562	0.00726	0.00693	0.00826	0.00514	0.00516	0.01041	0.01479	0.04535	0.63286	0.10955	0.09657	0.01171	0.00645	0.00177	0.00271	0.01033	0.00588	0.00518
3	0.01184	0.01258	0.02443	0.22698	0.02777	0.01355	0.40363	0.01553	0.01165	0.01592	0.03609	0.01507	0.00929	0.00590	0.00815	0.00192	0.14445	0.00584	0.00272	0.00669
4	0.00777	0.00522	0.00599	0.00615	0.00619	0.00518	0.00352	0.00789	0.00824	0.01098	0.01877	0.13055	0.02182	0.71079	0.02518	0.00491	0.00502	0.00886	0.00352	0.00344
5	0.01155	0.01296	0.11181	0.11298	0.43943	0.01121	0.01465	0.01496	0.01235	0.01723	0.06810	0.02099	0.08292	0.00668	0.00564	0.00172	0.00608	0.03807	0.00317	0.00749
6	0.00667	0.00553	0.00583	0.00576	0.00750	0.00470	0.00432	0.00826	0.01296	0.01599	0.18175	0.05039	0.64487	0.01334	0.00644	0.00182	0.00273	0.01122	0.00523	0.00470
7	0.01422	0.01008	0.01159	0.14068	0.01574	0.04464	0.00847	0.20284	0.01520	0.06993	0.03262	0.01729	0.01194	0.02701	0.00623	0.00167	0.05535	0.00512	0.30273	0.00664
8	0.01226	0.00696	0.00671	0.00626	0.00804	0.05499	0.00478	0.01458	0.01229	0.11290	0.02077	0.02212	0.07664	0.00698	0.00431	0.00138	0.00328	0.00557	0.61355	0.00564
9	0.01335	0.01038	0.01204	0.00875	0.01350	0.00855	0.00706	0.10991	0.01342	0.06825	0.01088	0.01200	0.00857	0.00453	0.00431	0.00097	0.00433	0.00359	0.00374	0.68187
10	0.01300	0.06542	0.01578	0.36252	0.05806	0.18971	0.01203	0.03410	0.03833	0.01509	0.05860	0.01549	0.01101	0.00913	0.07731	0.00230	0.00797	0.00487	0.00297	0.00629
11	0.00731	0.00798	0.10174	0.00791	0.00974	0.00561	0.00670	0.00932	0.01196	0.01593	0.16343	0.37793	0.22669	0.01373	0.00651	0.00197	0.00356	0.01206	0.00488	0.00505
12	0.07485	0.03313	0.41304	0.12788	0.06577	0.01248	0.04604	0.01627	0.01148	0.03880	0.05124	0.01376	0.00966	0.00580	0.00600	0.00177	0.05733	0.00460	0.00277	0.00733
13	0.13694	0.05336	0.30048	0.06333	0.06327	0.03368	0.02569	0.09941	0.01325	0.07801	0.02486	0.01256	0.00858	0.00545	0.00489	0.00162	0.00647	0.00421	0.00333	0.06062

[dist]
# distance from previous block
# <min> <max>
2	8

[block]
# block no. 7 follows, 44 sequences, length 24
# corresponding to MSA columns:
# 341-364
name=unknown_H
#
# <colnr> <probs for GDERKNQSTAVLIFYWHMCP>
#	G	D	E	R	K	N	Q	S	T	A	V	L	I	F	Y	W	H	M	C	P
0	0.01769	0.01361	0.01533	0.09610	0.01837	0.03662	0.02439	0.42721	0.16720	0.06525	0.01497	0.02928	0.01108	0.00666	0.00546	0.00168	0.00580	0.00531	0.00501	0.03295
1	0.00749	0.00554	0.00699	0.00668	0.00802	0.00504	0.00499	0.00983	0.01483	0.02055	0.64103	0.06494	0.16039	0.01172	0.00645	0.00175	0.00262	0.01027	0.00583	0.00504
2	0.00817	0.00592	0.00819	0.00818	0.00916	0.00654	0.00633	0.01008	0.01006	0.01450	0.09272	0.02892	0.04765	0.09401	0.45368	0.00609	0.03461	0.07298	0.07739	0.00482
3	0.00765	0.00557	0.00719	0.00679	0.00810	0.00511	0.00509	0.01016	0.01527	0.02148	0.73297	0.04136	0.09023	0.01129	0.00643	0.00172	0.00258	0.00995	0.00595	0.00511
4	0.00960	0.00754	0.00872	0.07917	0.01225	0.00769	0.00661	0.01467	0.20035	0.05861	0.03723	0.15090	0.36253	0.01154	0.00615	0.00189	0.00372	0.00983	0.00504	0.00597
5	0.84691	0.01054	0.00801	0.00717	0.01054	0.01223	0.00590	0.01603	0.00928	0.02446	0.00759	0.00886	0.00590	0.00506	0.00337	0.00169	0.00422	0.00295	0.00337	0.00590
6	0.01922	0.01597	0.01554	0.01252	0.01636	0.11685	0.01011	0.51573	0.15384	0.02911	0.01395	0.01391	0.01023	0.00664	0.00568	0.00166	0.02397	0.00494	0.00506	0.00870
7	0.01626	0.01351	0.01283	0.05369	0.01499	0.15525	0.00863	0.23723	0.05471	0.07361	0.04244	0.01666	0.03335	0.02248	0.00572	0.00158	0.01995	0.00502	0.11768	0.09441
8	0.03184	0.01116	0.02613	0.01089	0.01442	0.02794	0.06158	0.19739	0.08474	0.15010	0.04625	0.15899	0.01671	0.00816	0.00558	0.00166	0.00500	0.00701	0.00496	0.12948
9	0.01499	0.01521	0.12731	0.04323	0.31455	0.03348	0.12346	0.08266	0.05036	0.10886	0.01269	0.01500	0.00965	0.00556	0.00556	0.00170	0.00682	0.01705	0.00354	0.00831
10	0.00667	0.00479	0.00633	0.00751	0.00790	0.00445	0.00504	0.00767	0.01063	0.01416	0.05093	0.76344	0.05663	0.01683	0.00693	0.00219	0.00314	0.01524	0.00509	0.00445
11	0.84691	0.01054	0.00801	0.00717	0.01054	0.01223	0.00590	0.01603	0.00928	0.02446	0.00759	0.00886	0.00590	0.00506	0.00337	0.00169	0.00422	0.00295	0.00337	0.00590
12	0.06017	0.01527	0.02162	0.13072	0.21896	0.16094	0.22594	0.03834	0.01304	0.01703	0.01028	0.01390	0.00830	0.00536	0.00579	0.00171	0.02367	0.01891	0.00285	0.00721
13	0.08551	0.00526	0.00718	0.00711	0.00741	0.00542	0.00484	0.00791	0.00730	0.01083	0.00930	0.01587	0.00915	0.01768	0.01968	0.76514	0.00469	0.00457	0.00246	0.00269
14	0.01373	0.15945	0.02172	0.10877	0.40759	0.09284	0.04671	0.01658	0.01248	0.01620	0.04644	0.01374	0.01008	0.00526	0.00510	0.00155	0.00672	0.00468	0.00278	0.00759
15	0.01272	0.00963	0.01029	0.08005	0.01334	0.10522	0.00738	0.01580	0.06206	0.14804	0.30995	0.05928	0.09982	0.00921	0.00588	0.00169	0.00446	0.00779	0.00516	0.03221
16	0.01335	0.03927	0.20842	0.01928	0.06055	0.02944	0.37539	0.08502	0.05495	0.01892	0.01123	0.01370	0.00842	0.00526	0.00619	0.00177	0.03267	0.00542	0.00302	0.00776
17	0.02984	0.38868	0.04388	0.12541	0.01837	0.19489	0.01069	0.03251	0.01260	0.06811	0.00924	0.01077	0.00753	0.00530	0.00462	0.00141	0.02276	0.00363	0.00285	0.00690
18	0.59964	0.01030	0.00949	0.00800	0.01163	0.01117	0.00659	0.03593	0.01141	0.23393	0.01158	0.01165	0.00809	0.00556	0.00401	0.00169	0.00438	0.00370	0.00436	0.00692
19	0.00749	0.00572	0.00786	0.00959	0.07744	0.00537	0.00600	0.00893	0.01157	0.01563	0.16205	0.51131	0.09279	0.04246	0.00741	0.00215	0.00340	0.01295	0.00495	0.00491
20	0.01426	0.01220	0.03698	0.10948	0.51291	0.01172	0.01461	0.01740	0.01253	0.11244	0.01154	0.01399	0.00900	0.00509	0.00528	0.00158	0.00614	0.00477	0.00321	0.08486
21	0.00756	0.00543	0.00709	0.00811	0.00872	0.00524	0.00573	0.04428	0.01141	0.01518	0.02909	0.68320	0.03424	0.01634	0.00695	0.00222	0.00351	0.09590	0.00508	0.00473
22	0.03689	0.03312	0.01495	0.03649	0.02833	0.17575	0.01977	0.33336	0.03888	0.08923	0.06328	0.01574	0.01240	0.03129	0.03478	0.00198	0.01639	0.00508	0.00456	0.00772
23	0.00952	0.00809	0.01194	0.04084	0.08146	0.03505	0.04940	0.01177	0.00980	0.01406	0.01345	0.01907	0.01209	0.02877	0.51589	0.00631	0.05568	0.00555	0.06575	0.00552

[dist]
# distance from previous block
# <min> <max>
0	1

[block]
# block no. 8 follows, 44 sequences, length 20
# corresponding to MSA columns:
# 366-385
name=unknown_I
#
# <colnr> <probs for GDERKNQSTAVLIFYWHMCP>
#	G	D	E	R	K	N	Q	S	T	A	V	L	I	F	Y	W	H	M	C	P
0	0.03478	0.00872	0.01081	0.00901	0.01209	0.00840	0.00716	0.03440	0.15583	0.37546	0.20393	0.02569	0.05239	0.02841	0.00628	0.00182	0.00404	0.00690	0.00610	0.00775
1	0.74306	0.04559	0.00886	0.00724	0.01050	0.01208	0.00599	0.01558	0.00985	0.02374	0.06861	0.01140	0.00959	0.00553	0.00362	0.00167	0.00416	0.00350	0.00354	0.00589
2	0.17811	0.37511	0.16197	0.01054	0.01539	0.03769	0.01075	0.10074	0.01252	0.01840	0.00883	0.01015	0.00720	0.00605	0.02509	0.00164	0.00629	0.00345	0.00292	0.00716
3	0.01725	0.10397	0.01587	0.01114	0.01473	0.01512	0.00919	0.51310	0.02037	0.02718	0.01337	0.03597	0.01097	0.06787	0.09648	0.00268	0.00684	0.00528	0.00464	0.00795
4	0.00873	0.00685	0.00769	0.00742	0.00916	0.00668	0.00557	0.07039	0.09323	0.01835	0.18382	0.16867	0.32453	0.03489	0.00698	0.00198	0.00335	0.03097	0.00528	0.00545
5	0.00947	0.00473	0.00710	0.00710	0.00710	0.00473	0.00473	0.00710	0.00710	0.00947	0.00947	0.01657	0.00947	0.01894	0.02131	0.84138	0.00473	0.00473	0.00237	0.00237
6	0.01151	0.01692	0.26915	0.03218	0.12858	0.01200	0.21656	0.01522	0.01120	0.01596	0.01097	0.05317	0.00931	0.00748	0.00847	0.09752	0.06872	0.00553	0.00264	0.00692
7	0.09726	0.00869	0.01069	0.00859	0.01209	0.00799	0.00699	0.04964	0.01469	0.49516	0.05945	0.02251	0.10095	0.00757	0.00531	0.00167	0.00417	0.00609	0.07261	0.00790
8	0.01327	0.39429	0.20147	0.01113	0.01571	0.06379	0.01150	0.03018	0.01161	0.03490	0.01153	0.07485	0.02243	0.00797	0.04186	0.00184	0.03723	0.00468	0.00283	0.00693
9	0.01041	0.00607	0.00669	0.00629	0.00769	0.00611	0.00466	0.07075	0.01288	0.03296	0.15270	0.04576	0.02155	0.09949	0.02010	0.00199	0.00338	0.00654	0.47870	0.00527
10	0.01025	0.09847	0.01068	0.00800	0.01007	0.00809	0.00635	0.07089	0.01436	0.05306	0.34605	0.17154	0.07231	0.01091	0.00601	0.00174	0.00362	0.04655	0.00517	0.04588
11	0.00729	0.00548	0.00680	0.00732	0.00847	0.00504	0.00556	0.00899	0.01240	0.01617	0.18563	0.25572	0.25211	0.03424	0.00734	0.00214	0.00337	0.16602	0.00520	0.00472
12	0.06989	0.10273	0.01823	0.22604	0.08447	0.01311	0.09124	0.11024	0.03194	0.01884	0.01024	0.01272	0.00802	0.00509	0.00490	0.00149	0.00615	0.00438	0.00317	0.17711
13	0.01350	0.01122	0.01864	0.28934	0.41614	0.01190	0.01483	0.01666	0.01214	0.10295	0.01153	0.01502	0.00903	0.02698	0.00603	0.00179	0.00650	0.00501	0.00308	0.00769
14	0.14200	0.16330	0.02749	0.01028	0.01429	0.01457	0.00883	0.26702	0.07678	0.15423	0.04257	0.01437	0.01133	0.00696	0.02146	0.00174	0.00542	0.00464	0.00470	0.00802
15	0.01305	0.45515	0.31306	0.01162	0.01735	0.01703	0.01321	0.01651	0.01132	0.03335	0.00984	0.04827	0.00852	0.00551	0.00435	0.00144	0.00652	0.00401	0.00256	0.00733
16	0.00848	0.00598	0.00670	0.00665	0.00702	0.00617	0.00403	0.01030	0.09434	0.01220	0.01865	0.08804	0.02060	0.66144	0.02376	0.00468	0.00503	0.00826	0.00368	0.00399
17	0.01179	0.00998	0.01156	0.00830	0.01312	0.00776	0.00666	0.05177	0.01204	0.01862	0.00986	0.01140	0.00814	0.00417	0.00411	0.00085	0.00414	0.00332	0.00334	0.79908
18	0.00686	0.00535	0.00602	0.00620	0.00744	0.00473	0.00439	0.00819	0.01201	0.01526	0.16295	0.19794	0.42258	0.10458	0.00897	0.00229	0.00310	0.01162	0.00502	0.00451
19	0.01344	0.01477	0.10859	0.09435	0.48891	0.01325	0.09155	0.07570	0.01328	0.01870	0.01046	0.01345	0.00833	0.00505	0.00549	0.00167	0.00696	0.00493	0.00286	0.00827

[dist]
# distance from previous block
# <min> <max>
0	35

[block]
# block no. 9 follows, 44 sequences, length 10
# corresponding to MSA columns:
# 421-430
name=unknown_J
#
# <colnr> <probs for GDERKNQSTAVLIFYWHMCP>
#	G	D	E	R	K	N	Q	S	T	A	V	L	I	F	Y	W	H	M	C	P
0	0.00780	0.00581	0.00858	0.00858	0.00950	0.00672	0.00659	0.00962	0.00871	0.01252	0.01477	0.02232	0.01402	0.08935	0.73888	0.00854	0.01401	0.00597	0.00294	0.00477
1	0.01353	0.01185	0.01995	0.22348	0.53052	0.01236	0.01566	0.01678	0.01228	0.07516	0.01098	0.01414	0.00866	0.00515	0.00542	0.00167	0.00653	0.00490	0.00294	0.00804
2	0.00779	0.00584	0.00876	0.00876	0.00974	0.00681	0.00681	0.00974	0.00876	0.01266	0.01460	0.02142	0.01363	0.04089	0.78680	0.00876	0.01460	0.00584	0.00292	0.00487
3	0.03338	0.00612	0.00650	0.00622	0.00762	0.00625	0.00460	0.06891	0.01207	0.01928	0.04580	0.05783	0.07547	0.10633	0.04960	0.00230	0.00388	0.00650	0.47620	0.00514
4	0.01184	0.01137	0.01943	0.05768	0.37752	0.01181	0.12327	0.01521	0.03913	0.01715	0.07125	0.11124	0.01525	0.00735	0.00706	0.00182	0.08422	0.00680	0.00330	0.00729
5	0.01094	0.00849	0.01111	0.03968	0.08658	0.00907	0.00807	0.15156	0.01438	0.01994	0.18174	0.02636	0.11044	0.01729	0.21127	0.00356	0.02887	0.00700	0.04746	0.00618
6	0.22387	0.15793	0.01706	0.04310	0.01586	0.09383	0.07481	0.17478	0.01424	0.02140	0.00983	0.01141	0.00775	0.00558	0.00504	0.00156	0.04128	0.00401	0.04862	0.02805
7	0.01417	0.07641	0.06092	0.09431	0.43330	0.09960	0.07780	0.04793	0.01306	0.01722	0.00996	0.01280	0.00812	0.00504	0.00528	0.00160	0.00716	0.00465	0.00276	0.00791
8	0.04407	0.05785	0.09041	0.01231	0.04782	0.06078	0.05021	0.06618	0.05133	0.36583	0.05022	0.01868	0.01371	0.00674	0.00542	0.00169	0.00568	0.03779	0.00507	0.00820
9	0.59815	0.03450	0.03991	0.01095	0.06184	0.01254	0.08086	0.03871	0.01051	0.02263	0.00926	0.04233	0.00771	0.00553	0.00408	0.00170	0.00505	0.00402	0.00333	0.00637

[dist]
# distance from previous block
# <min> <max>
0	1

[block]
# block no. 10 follows, 44 sequences, length 7
# corresponding to MSA columns:
# 433-439
name=unknown_K
#
# <colnr> <probs for GDERKNQSTAVLIFYWHMCP>
#	G	D	E	R	K	N	Q	S	T	A	V	L	I	F	Y	W	H	M	C	P
0	0.01079	0.13849	0.01153	0.00782	0.01009	0.00925	0.00617	0.06459	0.06115	0.05672	0.17684	0.10681	0.16153	0.11771	0.00863	0.00215	0.00407	0.00830	0.00466	0.03269
1	0.09033	0.01131	0.01226	0.01018	0.01334	0.01229	0.00814	0.33771	0.13717	0.05950	0.18498	0.06185	0.02115	0.00814	0.00558	0.00172	0.00460	0.00662	0.00544	0.00769
2	0.00906	0.00977	0.13392	0.00893	0.01138	0.00695	0.00790	0.03860	0.01182	0.03845	0.11932	0.28011	0.07590	0.07396	0.08481	0.00278	0.00536	0.00952	0.00432	0.06713
3	0.01153	0.15616	0.65741	0.01452	0.02203	0.01412	0.01838	0.01711	0.01144	0.01654	0.00942	0.01106	0.00692	0.00510	0.00490	0.00163	0.00769	0.00385	0.00231	0.00788
4	0.01135	0.01051	0.03715	0.00897	0.01108	0.10423	0.00703	0.08111	0.11807	0.01957	0.24101	0.08927	0.08990	0.06632	0.02541	0.00212	0.00474	0.00796	0.05818	0.00600
5	0.62808	0.08952	0.01140	0.13610	0.01529	0.01313	0.00775	0.01571	0.00972	0.02159	0.00793	0.00977	0.00623	0.00509	0.00373	0.00166	0.00487	0.00326	0.00312	0.00604
6	0.23482	0.01266	0.08833	0.01035	0.01461	0.01123	0.04491	0.11474	0.01302	0.11159	0.01116	0.01271	0.00850	0.02964	0.00589	0.00161	0.04682	0.00410	0.00382	0.21947

[dist]
# distance from previous block
# <min> <max>
0	1

[block]
# block no. 11 follows, 44 sequences, length 6
# corresponding to MSA columns:
# 441-446
name=unknown_L
#
# <colnr> <probs for GDERKNQSTAVLIFYWHMCP>
#	G	D	E	R	K	N	Q	S	T	A	V	L	I	F	Y	W	H	M	C	P
0	0.00950	0.00867	0.01414	0.62564	0.03114	0.01047	0.01291	0.01258	0.01093	0.01398	0.01566	0.13726	0.05980	0.00775	0.00574	0.00188	0.00636	0.00689	0.00299	0.00572
1	0.01119	0.10094	0.51569	0.01318	0.01931	0.05452	0.01567	0.01608	0.01244	0.01750	0.15583	0.01676	0.01548	0.00630	0.00524	0.00165	0.00688	0.00501	0.00304	0.00730
2	0.00802	0.00513	0.00645	0.00707	0.00791	0.00477	0.00494	0.00947	0.01151	0.04718	0.11433	0.51361	0.08461	0.01412	0.00632	0.00197	0.00303	0.01258	0.13217	0.00482
3	0.01780	0.10483	0.01504	0.01063	0.01420	0.06943	0.00867	0.31309	0.04702	0.15783	0.03801	0.07855	0.03085	0.04028	0.00624	0.00176	0.00548	0.00593	0.00496	0.02938
4	0.00860	0.00612	0.00761	0.00719	0.00887	0.00534	0.00525	0.01041	0.01269	0.05251	0.29366	0.25232	0.11814	0.05113	0.00722	0.00191	0.00321	0.01033	0.00511	0.13236
5	0.04502	0.44632	0.08078	0.01110	0.01542	0.08296	0.01052	0.15875	0.01401	0.01777	0.00885	0.01012	0.00740	0.00552	0.00518	0.00143	0.06493	0.00357	0.00301	0.00734

[dist]
# distance from previous block
# <min> <max>
0	5

[block]
# block no. 12 follows, 44 sequences, length 14
# corresponding to MSA columns:
# 452-465
name=unknown_M
#
# <colnr> <probs for GDERKNQSTAVLIFYWHMCP>
#	G	D	E	R	K	N	Q	S	T	A	V	L	I	F	Y	W	H	M	C	P
0	0.10192	0.01317	0.01503	0.04990	0.18407	0.09087	0.01095	0.20220	0.06249	0.02182	0.03038	0.01964	0.02454	0.02757	0.00661	0.00186	0.04549	0.08012	0.00399	0.00738
1	0.03159	0.01533	0.14373	0.01662	0.13346	0.05219	0.16050	0.05758	0.01282	0.01841	0.01118	0.01326	0.02553	0.00493	0.00508	0.00141	0.00649	0.00454	0.00305	0.28227
2	0.01617	0.01218	0.01521	0.01146	0.01574	0.01197	0.06889	0.29872	0.01713	0.09439	0.01258	0.03305	0.00971	0.00591	0.00571	0.00141	0.04732	0.00473	0.00437	0.31335
3	0.01275	0.01371	0.07846	0.31813	0.13530	0.08145	0.04277	0.05922	0.12546	0.01775	0.05213	0.01590	0.01131	0.00598	0.00548	0.00173	0.00676	0.00519	0.00333	0.00719
4	0.00798	0.00599	0.00858	0.00871	0.00958	0.00672	0.00674	0.00979	0.00978	0.01377	0.07480	0.09471	0.02063	0.08280	0.48912	0.00645	0.04233	0.09313	0.00359	0.00481
5	0.00683	0.00544	0.00612	0.00616	0.00765	0.00473	0.00454	0.00849	0.01302	0.01664	0.25401	0.14386	0.47632	0.01347	0.00650	0.00185	0.00276	0.01154	0.00533	0.00473
6	0.00778	0.00565	0.00666	0.00655	0.00763	0.00535	0.00461	0.02790	0.01226	0.01653	0.26703	0.11365	0.21335	0.20401	0.04514	0.00293	0.00393	0.00987	0.03456	0.00459
7	0.00944	0.00621	0.00855	0.04761	0.01079	0.00630	0.00668	0.01097	0.01161	0.09838	0.10940	0.47797	0.03146	0.01401	0.00748	0.00212	0.05979	0.07093	0.00503	0.00528
8	0.02037	0.01474	0.01592	0.06761	0.01805	0.05177	0.01046	0.59193	0.02305	0.11079	0.01352	0.01362	0.00947	0.00645	0.00543	0.00164	0.00612	0.00490	0.00525	0.00891
9	0.01458	0.81168	0.02857	0.00933	0.01399	0.02157	0.00933	0.01632	0.01108	0.01283	0.00758	0.00875	0.00700	0.00466	0.00350	0.00117	0.00583	0.00292	0.00233	0.00700
10	0.84691	0.01054	0.00801	0.00717	0.01054	0.01223	0.00590	0.01603	0.00928	0.02446	0.00759	0.00886	0.00590	0.00506	0.00337	0.00169	0.00422	0.00295	0.00337	0.00590
11	0.01248	0.00818	0.01028	0.00972	0.01181	0.00833	0.00787	0.09592	0.06608	0.12821	0.02440	0.17196	0.04989	0.03727	0.00769	0.00217	0.04183	0.25290	0.00510	0.04792
12	0.00747	0.00524	0.00660	0.00726	0.00769	0.00513	0.00494	0.00833	0.00977	0.01294	0.02532	0.34186	0.05992	0.31799	0.05376	0.00373	0.00477	0.10888	0.00428	0.00411
13	0.01127	0.01044	0.01733	0.67643	0.05996	0.01256	0.05165	0.06663	0.01209	0.01568	0.01002	0.01441	0.00750	0.00547	0.00550	0.00180	0.00725	0.00493	0.00266	0.00643

[dist]
# distance from previous block
# <min> <max>
0	1

[block]
# block no. 13 follows, 44 sequences, length 85
# corresponding to MSA columns:
# 467-551
name=unknown_N
#
# <colnr> <probs for GDERKNQSTAVLIFYWHMCP>
#	G	D	E	R	K	N	Q	S	T	A	V	L	I	F	Y	W	H	M	C	P
0	0.14299	0.13298	0.38857	0.02772	0.01878	0.01351	0.01408	0.06625	0.01255	0.11879	0.01089	0.01180	0.00779	0.00539	0.00472	0.00163	0.00655	0.00397	0.00326	0.00777
1	0.01092	0.01030	0.11140	0.04547	0.04424	0.00825	0.01025	0.05424	0.02644	0.07105	0.03972	0.08888	0.06904	0.01145	0.00654	0.00211	0.00526	0.35296	0.00459	0.02689
2	0.01097	0.00924	0.01097	0.00833	0.01271	0.00714	0.00677	0.01341	0.01147	0.01757	0.01221	0.01790	0.01114	0.00549	0.00450	0.00103	0.00417	0.09971	0.00347	0.73182
3	0.00947	0.00473	0.00710	0.00710	0.00710	0.00473	0.00473	0.00710	0.00710	0.00947	0.00947	0.01657	0.00947	0.01894	0.02131	0.84138	0.00473	0.00473	0.00237	0.00237
4	0.01080	0.01020	0.01726	0.67565	0.15328	0.01224	0.01539	0.01437	0.01114	0.01454	0.00978	0.01437	0.00748	0.00536	0.00544	0.00179	0.00714	0.00485	0.00247	0.00646
5	0.84691	0.01054	0.00801	0.00717	0.01054	0.01223	0.00590	0.01603	0.00928	0.02446	0.00759	0.00886	0.00590	0.00506	0.00337	0.00169	0.00422	0.00295	0.00337	0.00590
6	0.02366	0.00937	0.01254	0.00967	0.01377	0.00827	0.00797	0.05686	0.01594	0.71539	0.03660	0.01882	0.01411	0.00682	0.00547	0.00168	0.00461	0.00554	0.02381	0.00911
7	0.84691	0.01054	0.00801	0.00717	0.01054	0.01223	0.00590	0.01603	0.00928	0.02446	0.00759	0.00886	0.00590	0.00506	0.00337	0.00169	0.00422	0.00295	0.00337	0.00590
8	0.00802	0.00566	0.00736	0.00694	0.00830	0.00521	0.00525	0.01053	0.01523	0.03666	0.70689	0.04130	0.08156	0.01127	0.00644	0.00174	0.00268	0.02780	0.00595	0.00520
9	0.02430	0.00953	0.01281	0.00982	0.01404	0.00839	0.00811	0.05713	0.01602	0.74701	0.02116	0.01833	0.01332	0.00674	0.00548	0.00168	0.00470	0.00546	0.00669	0.00928
10	0.00695	0.00544	0.00630	0.00630	0.00773	0.00478	0.00464	0.00873	0.01330	0.01733	0.32347	0.14685	0.40225	0.01323	0.00651	0.00184	0.00274	0.01141	0.00542	0.00478
