[name]
unknown

[dist]
# distance from previous block
# <min> <max>
0	29

[block]
# block no. 0 follows, 41 sequences, length 31
# corresponding to MSA columns:
# 227-257
name=unknown_A
#
# <colnr> <probs for GDERKNQSTAVLIFYWHMCP>
#	G	D	E	R	K	N	Q	S	T	A	V	L	I	F	Y	W	H	M	C	P
0	0.14412	0.06341	0.24718	0.03238	0.01679	0.01137	0.01194	0.03565	0.03679	0.13679	0.08101	0.03883	0.04753	0.00779	0.00551	0.00185	0.00581	0.06351	0.00427	0.00746
1	0.04270	0.08960	0.30931	0.01227	0.01799	0.01226	0.01321	0.07229	0.03878	0.17881	0.01577	0.03168	0.03377	0.00657	0.00531	0.00169	0.00626	0.01707	0.03048	0.06418
2	0.12681	0.10258	0.16855	0.01175	0.01656	0.04947	0.01129	0.21269	0.05411	0.05123	0.02812	0.01500	0.03081	0.01823	0.03381	0.00198	0.00655	0.00476	0.00408	0.05161
3	0.02984	0.29749	0.26209	0.01289	0.01864	0.01631	0.05311	0.08325	0.04111	0.07773	0.04784	0.01375	0.01076	0.00586	0.00498	0.00160	0.00672	0.00451	0.00345	0.00807
4	0.10707	0.09275	0.35387	0.03478	0.02016	0.01280	0.08352	0.01795	0.01222	0.10391	0.01365	0.01578	0.03934	0.04649	0.00647	0.00194	0.00701	0.00494	0.00332	0.02205
5	0.09145	0.03711	0.19469	0.07922	0.01906	0.01236	0.08007	0.03823	0.16642	0.01931	0.01898	0.07655	0.08124	0.03109	0.00676	0.00201	0.02761	0.00663	0.00389	0.00730
6	0.03474	0.01104	0.03760	0.35528	0.07988	0.04216	0.01219	0.09648	0.01331	0.01764	0.01653	0.17883	0.03516	0.03621	0.00680	0.00206	0.00636	0.00758	0.00365	0.00651
7	0.13215	0.04586	0.13109	0.01268	0.01768	0.03936	0.03163	0.36405	0.01954	0.13191	0.01322	0.01344	0.00929	0.00630	0.00532	0.00173	0.00638	0.00473	0.00482	0.00881
8	0.09103	0.01353	0.06598	0.13156	0.03987	0.03913	0.01111	0.21079	0.03346	0.25079	0.04534	0.01644	0.01213	0.00665	0.00554	0.00177	0.00602	0.00527	0.00508	0.00850
9	0.03454	0.00696	0.00828	0.00791	0.00962	0.00686	0.00603	0.03288	0.09518	0.02162	0.45510	0.09452	0.13616	0.01196	0.00662	0.00191	0.00326	0.04889	0.00589	0.00580
10	0.00824	0.00556	0.00622	0.00622	0.00631	0.00551	0.00351	0.00831	0.00856	0.01131	0.02007	0.03834	0.05884	0.75866	0.02796	0.00536	0.00541	0.00851	0.00356	0.00354
11	0.01975	0.01133	0.01481	0.01172	0.01558	0.01130	0.06261	0.21918	0.07300	0.32911	0.07145	0.07720	0.01734	0.00903	0.02739	0.00203	0.00560	0.00683	0.00601	0.00872
12	0.01212	0.01930	0.30105	0.11170	0.02715	0.01343	0.31108	0.01715	0.01238	0.01756	0.01148	0.03561	0.00894	0.00582	0.00666	0.00190	0.04647	0.00575	0.02686	0.00760
13	0.00697	0.00498	0.00664	0.00796	0.00830	0.00465	0.00531	0.00796	0.01095	0.01460	0.03153	0.79525	0.03783	0.01792	0.00730	0.00232	0.00332	0.01626	0.00531	0.00465
14	0.05699	0.01453	0.02185	0.07499	0.59146	0.08067	0.04157	0.01784	0.01306	0.01838	0.01044	0.01368	0.00867	0.00520	0.00555	0.00170	0.00713	0.00493	0.00286	0.00850
15	0.04004	0.01187	0.04350	0.01040	0.01424	0.03165	0.00869	0.10873	0.02774	0.10790	0.08125	0.04481	0.01444	0.00694	0.00669	0.00150	0.09474	0.00527	0.00435	0.33525
16	0.00941	0.00778	0.01101	0.01049	0.01111	0.00970	0.00825	0.01108	0.00952	0.01412	0.01587	0.14637	0.01617	0.02692	0.38004	0.00562	0.24156	0.00741	0.05219	0.00539
17	0.01297	0.00815	0.00843	0.00760	0.00975	0.00874	0.00591	0.12852	0.13930	0.02403	0.01868	0.02016	0.01438	0.00688	0.00457	0.00149	0.00354	0.00549	0.56478	0.00663
18	0.00772	0.00579	0.00716	0.00773	0.00874	0.00547	0.00554	0.00998	0.05038	0.01689	0.17781	0.40356	0.16501	0.04455	0.00787	0.00227	0.00340	0.05962	0.00546	0.00505
19	0.01397	0.10352	0.42314	0.04209	0.02240	0.03611	0.08625	0.01913	0.03273	0.10154	0.01248	0.01395	0.02053	0.00594	0.00604	0.00179	0.04235	0.00475	0.00315	0.00815
20	0.00734	0.00535	0.00696	0.00815	0.00863	0.00514	0.00550	0.00911	0.04895	0.01508	0.03110	0.75562	0.03679	0.01740	0.00722	0.00230	0.00338	0.01576	0.00534	0.00487
21	0.00703	0.00503	0.00659	0.00782	0.00818	0.00470	0.00519	0.00799	0.01087	0.01444	0.03155	0.73618	0.05661	0.05797	0.00841	0.00248	0.00342	0.01574	0.00521	0.00459
22	0.05457	0.24500	0.39613	0.01385	0.02032	0.06907	0.03691	0.04992	0.01292	0.03824	0.00993	0.01137	0.00757	0.00540	0.00488	0.00162	0.00757	0.00396	0.00280	0.00797
23	0.00720	0.00529	0.00738	0.00832	0.00885	0.00494	0.02378	0.00839	0.01132	0.01518	0.07379	0.73156	0.03805	0.01723	0.00725	0.00228	0.00344	0.01568	0.00531	0.00477
24	0.01024	0.00792	0.00993	0.03013	0.01140	0.00857	0.00724	0.12048	0.03199	0.01905	0.12545	0.41495	0.05053	0.03072	0.00859	0.00222	0.08791	0.01175	0.00510	0.00582
25	0.01264	0.01381	0.02881	0.21715	0.03173	0.01376	0.53814	0.01710	0.01291	0.01728	0.01175	0.03620	0.00919	0.00540	0.00650	0.00193	0.00896	0.00658	0.00287	0.00729
26	0.01985	0.02317	0.01629	0.01522	0.05526	0.55295	0.01112	0.10313	0.05257	0.01710	0.01040	0.01234	0.00861	0.02957	0.00668	0.00171	0.04926	0.00426	0.00339	0.00711
27	0.01211	0.01040	0.01281	0.11707	0.01733	0.00874	0.00821	0.04401	0.01241	0.01878	0.01031	0.01241	0.00840	0.00455	0.00450	0.00103	0.00479	0.00370	0.00337	0.68504
28	0.04197	0.01607	0.08329	0.10495	0.30900	0.09662	0.10098	0.03644	0.04645	0.01810	0.01078	0.01383	0.00868	0.00589	0.00691	0.00182	0.08224	0.00505	0.00299	0.00795
29	0.01487	0.01403	0.02026	0.04974	0.42568	0.07794	0.06631	0.05519	0.03557	0.04636	0.01361	0.01591	0.04259	0.00573	0.00561	0.00164	0.00673	0.00529	0.00339	0.09354
30	0.01764	0.19728	0.02055	0.03695	0.04499	0.23356	0.05231	0.07398	0.03900	0.08227	0.01073	0.01243	0.00864	0.00650	0.00735	0.00170	0.13885	0.00441	0.00341	0.00746

[dist]
# distance from previous block
# <min> <max>
1	7

[block]
# block no. 1 follows, 41 sequences, length 45
# corresponding to MSA columns:
# 265-309
name=unknown_B
#
# <colnr> <probs for GDERKNQSTAVLIFYWHMCP>
#	G	D	E	R	K	N	Q	S	T	A	V	L	I	F	Y	W	H	M	C	P
0	0.04679	0.01379	0.01554	0.01268	0.03956	0.01479	0.01004	0.44173	0.08218	0.11765	0.01481	0.01495	0.01070	0.00775	0.02826	0.00190	0.02962	0.00512	0.00533	0.08681
1	0.01667	0.01183	0.03519	0.01071	0.01407	0.01197	0.00864	0.23842	0.18725	0.14193	0.06600	0.02296	0.01717	0.13557	0.00958	0.00239	0.00528	0.02042	0.00544	0.03852
2	0.00704	0.00539	0.00639	0.00709	0.00810	0.00483	0.00497	0.00827	0.01190	0.01513	0.06417	0.43181	0.32161	0.04603	0.00792	0.00228	0.00327	0.03380	0.00527	0.00471
3	0.01473	0.01168	0.01400	0.10466	0.01754	0.01199	0.00940	0.21295	0.07974	0.04441	0.04942	0.01630	0.01227	0.03550	0.00693	0.00165	0.05330	0.00502	0.00432	0.29419
4	0.01752	0.01655	0.18313	0.02788	0.02032	0.01347	0.13115	0.15379	0.01569	0.21538	0.01393	0.01495	0.00980	0.00663	0.00757	0.00188	0.11319	0.00530	0.00435	0.02752
5	0.00759	0.00540	0.00723	0.00847	0.00901	0.00516	0.00612	0.00891	0.01131	0.01498	0.03038	0.57375	0.03559	0.06655	0.00882	0.00260	0.00392	0.18431	0.00518	0.00472
6	0.01089	0.00668	0.00864	0.00868	0.00990	0.00660	0.00625	0.01280	0.04794	0.14164	0.02874	0.47923	0.07286	0.07310	0.00925	0.00244	0.05080	0.01250	0.00533	0.00574
7	0.01537	0.11290	0.09474	0.11329	0.02214	0.04391	0.16067	0.06664	0.01330	0.11843	0.01194	0.02840	0.00932	0.00671	0.00814	0.00189	0.15582	0.00532	0.00347	0.00760
8	0.00790	0.00539	0.00644	0.00686	0.00710	0.00529	0.00423	0.00841	0.00943	0.01271	0.02343	0.28004	0.04732	0.47604	0.04830	0.00443	0.00504	0.01081	0.02685	0.00400
9	0.00699	0.00508	0.00661	0.00776	0.00826	0.00469	0.00523	0.00809	0.01132	0.01498	0.06053	0.70686	0.09770	0.01741	0.00724	0.00227	0.00326	0.01570	0.00535	0.00469
10	0.01137	0.01082	0.01853	0.63616	0.03603	0.01302	0.08679	0.03680	0.01199	0.01559	0.01085	0.03515	0.00856	0.00615	0.00639	0.00194	0.03905	0.00553	0.00274	0.00654
11	0.01514	0.03991	0.01814	0.28609	0.11425	0.06412	0.04510	0.18120	0.06870	0.03404	0.01204	0.01481	0.00923	0.00681	0.00677	0.04246	0.02481	0.00512	0.00365	0.00761
12	0.02060	0.01336	0.01500	0.01189	0.01603	0.01431	0.00969	0.40542	0.16309	0.20507	0.05178	0.01787	0.01427	0.00731	0.00579	0.00178	0.00546	0.00578	0.00609	0.00940
13	0.01468	0.01196	0.01398	0.01024	0.01520	0.01066	0.02926	0.21894	0.01612	0.02351	0.01121	0.01249	0.00883	0.00499	0.00473	0.00112	0.00497	0.00398	0.00403	0.57911
14	0.01687	0.01137	0.01329	0.00991	0.01469	0.01012	0.00805	0.16903	0.04293	0.17845	0.01397	0.01418	0.01024	0.00550	0.00492	0.00126	0.00480	0.00436	0.00473	0.46132
15	0.01530	0.18198	0.03057	0.01198	0.01557	0.03077	0.04818	0.16603	0.04194	0.05697	0.06087	0.01532	0.01226	0.00901	0.05377	0.00210	0.13047	0.00498	0.00392	0.10800
16	0.02128	0.08920	0.01626	0.01139	0.01562	0.01396	0.00951	0.31483	0.06900	0.30227	0.05108	0.01722	0.01363	0.00709	0.00582	0.00172	0.01954	0.00549	0.00588	0.00919
17	0.00696	0.00500	0.00661	0.00790	0.00828	0.00465	0.00528	0.00797	0.01101	0.01463	0.03234	0.77257	0.05998	0.01781	0.00728	0.00231	0.00331	0.01613	0.00531	0.00465
18	0.01333	0.01511	0.03274	0.02351	0.02905	0.01433	0.70735	0.01801	0.01328	0.01809	0.01159	0.01556	0.00881	0.00598	0.02817	0.00214	0.02574	0.00670	0.00289	0.00761
19	0.01355	0.01101	0.01271	0.00968	0.01400	0.00989	0.00773	0.17233	0.01492	0.02185	0.01295	0.08945	0.01160	0.00637	0.00539	0.00124	0.03318	0.00510	0.00405	0.54300
20	0.00872	0.00543	0.00607	0.00621	0.00656	0.00540	0.00379	0.00945	0.00946	0.01386	0.01964	0.11585	0.02121	0.52947	0.02089	0.00421	0.00463	0.00848	0.19664	0.00403
21	0.00807	0.00544	0.00631	0.00655	0.00661	0.00538	0.00380	0.00825	0.00880	0.01173	0.02047	0.17487	0.02388	0.65733	0.02516	0.00496	0.00514	0.00976	0.00380	0.00368
22	0.01511	0.69908	0.02831	0.01047	0.01478	0.03745	0.01012	0.01687	0.01140	0.01350	0.00792	0.00957	0.00736	0.00548	0.00537	0.00137	0.09288	0.00329	0.00246	0.00721
23	0.00818	0.00611	0.00908	0.00908	0.01007	0.00709	0.00701	0.01014	0.00916	0.01320	0.01542	0.02302	0.01454	0.07065	0.74889	0.00906	0.01496	0.00621	0.00308	0.00505
24	0.01382	0.01080	0.01184	0.01059	0.01356	0.01200	0.00824	0.02619	0.54930	0.07964	0.14921	0.02588	0.04668	0.00859	0.00600	0.00190	0.00419	0.00725	0.00598	0.00835
25	0.00810	0.00534	0.00713	0.00811	0.00875	0.00495	0.00560	0.00933	0.01166	0.05504	0.08100	0.68092	0.03754	0.01686	0.00720	0.00227	0.00342	0.03634	0.00547	0.00498
26	0.00816	0.00548	0.00629	0.00644	0.00648	0.00544	0.00368	0.00828	0.00863	0.01151	0.01962	0.12736	0.02282	0.70630	0.02652	0.00516	0.00528	0.00926	0.00368	0.00361
27	0.01186	0.01017	0.01186	0.00847	0.01356	0.00762	0.00678	0.01440	0.01186	0.01864	0.01017	0.01186	0.00847	0.00424	0.00424	0.00085	0.00424	0.00339	0.00339	0.83395
28	0.00697	0.00498	0.00664	0.00796	0.00830	0.00465	0.00531	0.00796	0.01095	0.01460	0.03153	0.79525	0.03783	0.01792	0.00730	0.00232	0.00332	0.01626	0.00531	0.00465
29	0.00704	0.00502	0.00665	0.00789	0.00824	0.00469	0.00526	0.00806	0.01102	0.01474	0.05201	0.75101	0.03778	0.04110	0.00794	0.00240	0.00337	0.01585	0.00528	0.00463
30	0.00738	0.00539	0.00726	0.00846	0.00887	0.00527	0.00594	0.00854	0.01110	0.01482	0.03059	0.69654	0.03632	0.01744	0.00775	0.00236	0.02999	0.08600	0.00521	0.00476
31	0.00702	0.00502	0.00669	0.00793	0.00831	0.00468	0.00531	0.00810	0.01121	0.01501	0.06716	0.75846	0.03862	0.01762	0.00727	0.00230	0.00329	0.01597	0.00536	0.00468
32	0.00704	0.00501	0.00662	0.00788	0.00819	0.00469	0.00522	0.00798	0.01082	0.01443	0.03085	0.75754	0.03698	0.05678	0.00839	0.00248	0.00343	0.01587	0.00522	0.00459
33	0.04318	0.72173	0.05320	0.01011	0.01500	0.04964	0.01009	0.01736	0.01174	0.01404	0.00806	0.00932	0.00730	0.00496	0.00378	0.00127	0.00629	0.00312	0.00250	0.00731
34	0.04624	0.00959	0.01289	0.03347	0.01496	0.00863	0.00854	0.02598	0.03419	0.64832	0.04247	0.02195	0.01583	0.00756	0.00582	0.00182	0.00489	0.04096	0.00670	0.00918
35	0.02555	0.00992	0.01339	0.01026	0.01469	0.00868	0.00848	0.04899	0.01668	0.74570	0.02231	0.01930	0.01403	0.00707	0.00575	0.00177	0.00491	0.00573	0.00704	0.00973
36	0.00815	0.00608	0.00760	0.00718	0.00868	0.00566	0.00539	0.01119	0.04380	0.02197	0.63788	0.04357	0.14757	0.01192	0.00671	0.00182	0.00279	0.01043	0.00615	0.00546
37	0.06041	0.23398	0.14760	0.04304	0.02069	0.06561	0.18335	0.04144	0.01345	0.09247	0.03839	0.01382	0.01004	0.00561	0.00523	0.00165	0.00733	0.00484	0.00335	0.00771
38	0.05546	0.03639	0.00828	0.00686	0.00896	0.00834	0.00542	0.13074	0.01425	0.02362	0.01693	0.01904	0.01317	0.00656	0.00424	0.00141	0.00346	0.00510	0.62560	0.00615
39	0.01096	0.01033	0.01745	0.74915	0.07422	0.01275	0.01597	0.01476	0.01151	0.01481	0.01019	0.01520	0.00769	0.00569	0.00572	0.00190	0.00758	0.00508	0.00256	0.00648
40	0.04262	0.01554	0.01756	0.01653	0.13945	0.03934	0.01170	0.52919	0.07899	0.03134	0.01366	0.01415	0.01004	0.00657	0.00564	0.00172	0.00631	0.00514	0.00511	0.00938
41	0.05548	0.01542	0.11568	0.01564	0.04828	0.01331	0.19089	0.18573	0.07853	0.04680	0.03607	0.02738	0.01136	0.00605	0.00568	0.00169	0.00667	0.00553	0.00411	0.12972
42	0.16807	0.01247	0.01938	0.04354	0.14029	0.01246	0.21058	0.07935	0.02864	0.06240	0.03478	0.02955	0.01109	0.03200	0.00627	0.00185	0.00648	0.00554	0.00374	0.09152
43	0.03247	0.04116	0.04562	0.02558	0.43499	0.21785	0.02807	0.01916	0.01382	0.04224	0.01078	0.01327	0.00880	0.00544	0.00538	0.00162	0.00757	0.00465	0.03338	0.00814
44	0.10084	0.03090	0.06044	0.01009	0.03687	0.08047	0.00808	0.03809	0.01441	0.15109	0.19799	0.10126	0.10265	0.00947	0.00583	0.00179	0.00476	0.00784	0.03040	0.00672

[dist]
# distance from previous block
# <min> <max>
1	14

[block]
# block no. 2 follows, 41 sequences, length 94
# corresponding to MSA columns:
# 338-366,394-411,414-460
name=unknown_C
#
# <colnr> <probs for GDERKNQSTAVLIFYWHMCP>
#	G	D	E	R	K	N	Q	S	T	A	V	L	I	F	Y	W	H	M	C	P
0	0.21342	0.01023	0.01169	0.05814	0.08777	0.02584	0.00906	0.01849	0.18223	0.04950	0.08043	0.08276	0.01992	0.00904	0.00574	0.00198	0.00491	0.11722	0.00468	0.00696
1	0.08792	0.05218	0.06635	0.01000	0.03046	0.00999	0.00849	0.06551	0.01296	0.04451	0.03729	0.01480	0.01085	0.00686	0.03568	0.00154	0.00529	0.02273	0.00369	0.47290
2	0.01198	0.01169	0.01384	0.01238	0.02832	0.11201	0.06764	0.04125	0.01223	0.01613	0.04964	0.13601	0.09271	0.03644	0.07280	0.00269	0.20318	0.00774	0.03515	0.03618
3	0.03554	0.09339	0.09044	0.16755	0.25621	0.01330	0.01385	0.01819	0.10425	0.04990	0.03251	0.04435	0.02954	0.00667	0.00557	0.00178	0.00628	0.01930	0.00354	0.00785
4	0.00758	0.00576	0.00697	0.00682	0.00827	0.00515	0.00506	0.00974	0.01475	0.01986	0.47635	0.11045	0.27620	0.01310	0.00680	0.00189	0.00281	0.01139	0.00590	0.00515
5	0.02147	0.01566	0.01685	0.01300	0.01751	0.01731	0.01071	0.68899	0.06308	0.05523	0.01445	0.01427	0.01024	0.00692	0.00573	0.00173	0.00617	0.00523	0.00576	0.00969
6	0.01529	0.80242	0.02997	0.00979	0.01468	0.02263	0.00979	0.01713	0.01162	0.01346	0.00795	0.00918	0.00734	0.00489	0.00367	0.00122	0.00612	0.00306	0.00245	0.00734
7	0.05020	0.01154	0.01488	0.10402	0.16848	0.03431	0.01082	0.15186	0.03998	0.15689	0.04713	0.02159	0.10494	0.00842	0.02624	0.00196	0.00587	0.00623	0.02670	0.00794
8	0.00793	0.00584	0.00742	0.00702	0.00844	0.00533	0.00527	0.01047	0.01580	0.02201	0.67342	0.04425	0.14141	0.01204	0.00675	0.00182	0.00272	0.01056	0.00617	0.00533
9	0.04670	0.00938	0.01262	0.01008	0.01411	0.00829	0.00837	0.02563	0.01586	0.65679	0.03741	0.02413	0.01659	0.00799	0.00592	0.00186	0.00485	0.07754	0.00678	0.00910
10	0.01147	0.02959	0.76934	0.01630	0.02476	0.01328	0.02113	0.01811	0.01208	0.01811	0.01026	0.01208	0.00725	0.00543	0.00543	0.00181	0.00845	0.00423	0.00242	0.00845
11	0.62462	0.05887	0.01041	0.00806	0.01167	0.01270	0.00672	0.04535	0.01144	0.09885	0.03322	0.01189	0.00894	0.00576	0.00396	0.00172	0.00453	0.00373	0.03086	0.00670
12	0.13810	0.00751	0.00883	0.00786	0.01013	0.00732	0.00612	0.01515	0.04074	0.14573	0.48235	0.03333	0.05502	0.00989	0.00606	0.00180	0.00339	0.00839	0.00597	0.00635
13	0.00721	0.00524	0.00680	0.00762	0.00831	0.00483	0.00526	0.00863	0.01231	0.01657	0.20018	0.56632	0.09708	0.01623	0.00713	0.00217	0.00314	0.01459	0.00554	0.00483
14	0.01470	0.01317	0.05000	0.04358	0.06783	0.03548	0.20578	0.07607	0.05278	0.10990	0.01591	0.08149	0.01380	0.00889	0.02471	0.00218	0.11468	0.05744	0.00406	0.00755
15	0.01066	0.00533	0.00533	0.00533	0.00666	0.00533	0.00400	0.01333	0.01200	0.02132	0.01866	0.02132	0.01466	0.00666	0.00400	0.00133	0.00267	0.00533	0.83073	0.00533
16	0.00696	0.00500	0.00661	0.00789	0.00828	0.00465	0.00528	0.00797	0.01102	0.01463	0.03239	0.77109	0.06144	0.01781	0.00728	0.00231	0.00330	0.01612	0.00531	0.00465
17	0.01147	0.02959	0.76934	0.01630	0.02476	0.01328	0.02113	0.01811	0.01208	0.01811	0.01026	0.01208	0.00725	0.00543	0.00543	0.00181	0.00845	0.00423	0.00242	0.00845
18	0.01154	0.02421	0.57236	0.01533	0.02233	0.01199	0.07321	0.01726	0.01282	0.04310	0.10621	0.03695	0.01429	0.00656	0.00576	0.00183	0.00756	0.00556	0.00317	0.00795
19	0.00705	0.00504	0.00671	0.00791	0.00831	0.00470	0.00532	0.00816	0.01132	0.01519	0.08288	0.74222	0.03897	0.01748	0.00726	0.00229	0.00327	0.01584	0.00538	0.00470
20	0.00705	0.00499	0.00661	0.00791	0.00826	0.00466	0.00528	0.00808	0.01097	0.01474	0.03126	0.77928	0.03735	0.01769	0.00723	0.00230	0.00331	0.01604	0.02234	0.00466
21	0.01445	0.01363	0.01937	0.08411	0.45076	0.05294	0.01454	0.06094	0.16138	0.02004	0.01500	0.01694	0.03802	0.00616	0.00572	0.00176	0.00642	0.00555	0.00367	0.00861
22	0.01416	0.01359	0.02322	0.03511	0.76330	0.01359	0.01755	0.01755	0.01302	0.01869	0.01076	0.01416	0.00906	0.00510	0.00566	0.00170	0.00680	0.00510	0.00283	0.00906
23	0.01066	0.00533	0.00533	0.00533	0.00666	0.00533	0.00400	0.01333	0.01200	0.02132	0.01866	0.02132	0.01466	0.00666	0.00400	0.00133	0.00267	0.00533	0.83073	0.00533
24	0.01142	0.01077	0.01611	0.23185	0.02151	0.03180	0.06309	0.01385	0.01042	0.01490	0.01132	0.04398	0.01015	0.01250	0.10788	0.00301	0.30547	0.00570	0.06813	0.00612
25	0.00701	0.00510	0.00657	0.00768	0.00819	0.00471	0.00517	0.00807	0.01122	0.01480	0.05190	0.68241	0.11006	0.03821	0.00781	0.00236	0.00332	0.01548	0.00529	0.00465
26	0.55843	0.01208	0.00997	0.02947	0.01281	0.06694	0.00727	0.03302	0.12434	0.02401	0.03988	0.03825	0.01095	0.00642	0.00435	0.00180	0.00488	0.00445	0.00402	0.00666
27	0.02174	0.01602	0.01717	0.01316	0.01774	0.01774	0.01087	0.74423	0.02689	0.03605	0.01373	0.01373	0.00973	0.00687	0.00572	0.00172	0.00629	0.00515	0.00572	0.00973
28	0.00877	0.00598	0.00772	0.00726	0.00876	0.00546	0.00545	0.01126	0.01569	0.05734	0.63293	0.07970	0.10799	0.01200	0.00673	0.00183	0.00285	0.01056	0.00621	0.00552
29	0.01719	0.48132	0.07179	0.01194	0.01637	0.28673	0.01095	0.01920	0.01326	0.01394	0.00841	0.00976	0.00734	0.00528	0.00430	0.00135	0.00774	0.00335	0.00262	0.00716
30	0.01350	0.01543	0.03375	0.02411	0.02989	0.01446	0.74253	0.01832	0.01350	0.01832	0.01157	0.01543	0.00868	0.00482	0.00675	0.00193	0.00964	0.00675	0.00289	0.00771
31	0.00902	0.00640	0.00879	0.00998	0.01112	0.00638	0.00845	0.01131	0.01257	0.01639	0.02912	0.09774	0.03195	0.09408	0.00999	0.00291	0.00520	0.61845	0.00509	0.00506
32	0.00899	0.00606	0.00765	0.00717	0.00874	0.00548	0.00537	0.01134	0.01534	0.06942	0.55985	0.06629	0.16252	0.03158	0.00726	0.00193	0.00296	0.01045	0.00609	0.00552
33	0.01092	0.00711	0.02707	0.00801	0.01006	0.00610	0.00637	0.01354	0.01566	0.13571	0.54620	0.06481	0.06078	0.01107	0.00656	0.00182	0.00332	0.03290	0.00616	0.02583
34	0.00764	0.00572	0.00714	0.00755	0.00869	0.00530	0.00554	0.00975	0.02934	0.01792	0.27593	0.31624	0.19412	0.01476	0.00702	0.00209	0.00321	0.07133	0.00564	0.00508
35	0.00857	0.00622	0.00796	0.00889	0.00981	0.00619	0.00649	0.01168	0.09982	0.03030	0.03016	0.56199	0.03411	0.01614	0.00720	0.00232	0.00383	0.13754	0.00540	0.00537
36	0.01433	0.01387	0.02266	0.03373	0.71702	0.03178	0.01708	0.01817	0.04130	0.01877	0.01119	0.01434	0.00934	0.00522	0.00566	0.00170	0.00679	0.00511	0.00295	0.00900
37	0.01471	0.01418	0.02273	0.03353	0.70777	0.04157	0.01706	0.04535	0.01367	0.01918	0.01080	0.01400	0.00902	0.00519	0.00565	0.00169	0.00690	0.00505	0.00295	0.00900
38	0.00696	0.00501	0.00661	0.00789	0.00828	0.00465	0.00528	0.00797	0.01102	0.01463	0.03244	0.76956	0.06293	0.01780	0.00728	0.00231	0.00330	0.01612	0.00531	0.00465
39	0.01531	0.01248	0.01310	0.01154	0.01495	0.03183	0.00903	0.04685	0.64160	0.07628	0.02223	0.02045	0.01651	0.00753	0.00575	0.00188	0.00472	0.00622	0.00576	0.03599
40	0.01370	0.01172	0.01358	0.11117	0.04521	0.08617	0.00998	0.19599	0.01475	0.01956	0.01330	0.01804	0.01141	0.05608	0.28971	0.00466	0.04711	0.00550	0.02566	0.00671
41	0.66006	0.01077	0.00948	0.00811	0.01184	0.01186	0.00668	0.01925	0.01120	0.18909	0.01118	0.01153	0.00795	0.00570	0.00403	0.00177	0.00452	0.00368	0.00432	0.00697
42	0.02566	0.00973	0.01327	0.01018	0.01460	0.00841	0.00841	0.02788	0.01637	0.76726	0.02257	0.01947	0.01416	0.00708	0.00575	0.00177	0.00487	0.00575	0.00708	0.00973
43	0.00847	0.00623	0.00804	0.00881	0.00994	0.00608	0.00681	0.02834	0.04114	0.01737	0.11866	0.35376	0.09685	0.01554	0.00729	0.00230	0.00398	0.24970	0.00544	0.00525
44	0.00697	0.00498	0.00664	0.00796	0.00830	0.00465	0.00531	0.00796	0.01095	0.01460	0.03153	0.79525	0.03783	0.01792	0.00730	0.00232	0.00332	0.01626	0.00531	0.00465
45	0.02011	0.01491	0.01605	0.01245	0.01680	0.01627	0.01020	0.62856	0.05650	0.03347	0.01454	0.03530	0.01088	0.00703	0.00563	0.00168	0.00591	0.00540	0.02752	0.06077
46	0.01214	0.01016	0.01189	0.00851	0.01358	0.00764	0.00681	0.01468	0.01195	0.03398	0.01042	0.01202	0.00859	0.00429	0.00427	0.00087	0.00425	0.00344	0.00346	0.81706
47	0.03401	0.01318	0.01451	0.01186	0.01546	0.01433	0.00960	0.53171	0.02255	0.05462	0.01808	0.15897	0.01623	0.00936	0.00609	0.00188	0.00561	0.04783	0.00562	0.00848
48	0.01267	0.10190	0.61913	0.01547	0.03764	0.01371	0.01882	0.01843	0.01241	0.06325	0.02866	0.01302	0.00882	0.00562	0.00532	0.00175	0.00784	0.00437	0.00280	0.00836
49	0.02551	0.00997	0.01342	0.01029	0.01472	0.00876	0.00850	0.05509	0.01677	0.73948	0.02223	0.01925	0.01399	0.00707	0.00575	0.00177	0.00492	0.00573	0.00703	0.00973
50	0.02229	0.01514	0.01662	0.01274	0.01730	0.01644	0.01053	0.64420	0.02542	0.13815	0.01497	0.01453	0.01035	0.00690	0.00573	0.00172	0.00609	0.00523	0.00591	0.00973
51	0.01147	0.02959	0.76934	0.01630	0.02476	0.01328	0.02113	0.01811	0.01208	0.01811	0.01026	0.01208	0.00725	0.00543	0.00543	0.00181	0.00845	0.00423	0.00242	0.00845
52	0.01147	0.02959	0.76934	0.01630	0.02476	0.01328	0.02113	0.01811	0.01208	0.01811	0.01026	0.01208	0.00725	0.00543	0.00543	0.00181	0.00845	0.00423	0.00242	0.00845
53	0.00828	0.00553	0.00625	0.00629	0.00630	0.00552	0.00352	0.00831	0.00840	0.01120	0.01843	0.06007	0.02130	0.77565	0.02846	0.00545	0.00548	0.00856	0.00352	0.00350
54	0.01080	0.01005	0.01687	0.76611	0.03859	0.01253	0.01559	0.01458	0.01145	0.01478	0.01037	0.01540	0.00780	0.00574	0.00568	0.00189	0.00750	0.00509	0.02285	0.00633
55	0.08334	0.05038	0.57391	0.01494	0.02211	0.01309	0.05010	0.03473	0.01225	0.01883	0.01237	0.04806	0.02905	0.00622	0.00540	0.00182	0.00765	0.00497	0.00282	0.00795
56	0.81425	0.01102	0.00856	0.00760	0.01117	0.01269	0.00626	0.01716	0.00994	0.04857	0.00842	0.00961	0.00644	0.00536	0.00361	0.00177	0.00444	0.00318	0.00365	0.00630
57	0.00799	0.00596	0.00679	0.00650	0.00830	0.00518	0.00490	0.00995	0.01438	0.04698	0.32664	0.04895	0.46068	0.01313	0.00672	0.00187	0.00290	0.01117	0.00576	0.00523
58	0.00693	0.00568	0.00611	0.00626	0.00790	0.00486	0.00460	0.00844	0.01306	0.01611	0.12737	0.16390	0.57954	0.01471	0.00684	0.00198	0.00294	0.01251	0.00541	0.00486
59	0.01201	0.01131	0.01908	0.39904	0.35646	0.01252	0.01587	0.01544	0.01210	0.01641	0.01195	0.07031	0.01041	0.00631	0.00581	0.00184	0.00695	0.00589	0.00287	0.00743
60	0.01095	0.00561	0.00564	0.00553	0.00695	0.00565	0.00418	0.03231	0.01238	0.02171	0.01853	0.02113	0.01453	0.00667	0.00404	0.00134	0.00276	0.00533	0.80930	0.00545
61	0.00813	0.00548	0.00635	0.00650	0.00660	0.00542	0.00379	0.00837	0.00899	0.01204	0.05048	0.13716	0.02440	0.66387	0.02532	0.00497	0.00514	0.00944	0.00382	0.00370
62	0.01213	0.01153	0.01956	0.48752	0.32670	0.01306	0.01655	0.01578	0.01207	0.01623	0.01040	0.01482	0.00819	0.00547	0.00570	0.00182	0.00730	0.00509	0.00266	0.00743
63	0.02496	0.01013	0.01343	0.01038	0.01475	0.00909	0.00855	0.05993	0.05090	0.70029	0.02221	0.01930	0.01411	0.00710	0.00575	0.00178	0.00492	0.00576	0.00696	0.00970
64	0.00783	0.00565	0.00759	0.00877	0.00959	0.00540	0.00671	0.00952	0.01208	0.01589	0.06020	0.45851	0.07383	0.01672	0.00747	0.00240	0.00399	0.27761	0.00533	0.00491
65	0.00711	0.00525	0.00653	0.00736	0.00807	0.00480	0.00501	0.00827	0.01162	0.01523	0.09562	0.53851	0.18067	0.06728	0.00856	0.00241	0.00333	0.01444	0.00527	0.00467
66	0.00990	0.00717	0.00876	0.00904	0.01023	0.00725	0.00650	0.15139	0.01411	0.01884	0.02803	0.62367	0.03223	0.01571	0.00701	0.00221	0.00395	0.03295	0.00539	0.00565
67	0.19737	0.01724	0.01750	0.13863	0.02161	0.24058	0.12243	0.14237	0.01543	0.02106	0.01011	0.01225	0.00775	0.00574	0.00523	0.00172	0.00781	0.00450	0.00348	0.00718
68	0.00755	0.00541	0.00708	0.00821	0.00871	0.00516	0.00559	0.03492	0.01158	0.01544	0.03085	0.75150	0.03670	0.01747	0.00726	0.00231	0.00347	0.03062	0.00532	0.00484
69	0.01093	0.01033	0.01667	0.11607	0.01904	0.03337	0.18217	0.01363	0.01179	0.01644	0.05485	0.15735	0.03800	0.01140	0.06037	0.00245	0.12096	0.00790	0.06975	0.04652
70	0.04410	0.01019	0.01206	0.00928	0.01341	0.00902	0.03102	0.08477	0.03730	0.02078	0.01311	0.04333	0.01117	0.00584	0.00494	0.00122	0.01982	0.02117	0.10343	0.50404
71	0.01066	0.00533	0.00533	0.00533	0.00666	0.00533	0.00400	0.01333	0.01200	0.02132	0.01866	0.02132	0.01466	0.00666	0.00400	0.00133	0.00267	0.00533	0.83073	0.00533
72	0.01911	0.01441	0.01522	0.01207	0.01594	0.03682	0.00972	0.58298	0.02346	0.03124	0.01625	0.08154	0.02980	0.05390	0.00718	0.00196	0.00598	0.00634	0.00541	0.03067
73	0.03905	0.40422	0.05989	0.01062	0.01485	0.11436	0.00978	0.10462	0.01464	0.03753	0.07950	0.01621	0.06013	0.00658	0.00472	0.00147	0.00620	0.00475	0.00358	0.00729
74	0.06992	0.13450	0.17322	0.05881	0.17432	0.06684	0.05761	0.05099	0.03410	0.04069	0.01197	0.01607	0.00994	0.00645	0.00576	0.02174	0.00705	0.04904	0.00322	0.00775
75	0.02031	0.01431	0.01560	0.01222	0.01628	0.01562	0.00992	0.58778	0.05186	0.08722	0.01566	0.04321	0.01209	0.06195	0.00740	0.00201	0.00597	0.00585	0.00566	0.00909
76	0.01066	0.00533	0.00533	0.00533	0.00666	0.00533	0.00400	0.01333	0.01200	0.02132	0.01866	0.02132	0.01466	0.00666	0.00400	0.00133	0.00267	0.00533	0.83073	0.00533
77	0.03780	0.01332	0.01408	0.01126	0.01514	0.04126	0.00905	0.41479	0.06145	0.04277	0.06327	0.07954	0.03445	0.00785	0.00565	0.00165	0.00541	0.00627	0.00525	0.12971
78	0.01066	0.00533	0.00533	0.00533	0.00666	0.00533	0.00400	0.01333	0.01200	0.02132	0.01866	0.02132	0.01466	0.00666	0.00400	0.00133	0.00267	0.00533	0.83073	0.00533
79	0.01495	0.01584	0.04166	0.06682	0.58716	0.12537	0.01653	0.01814	0.01332	0.01771	0.01038	0.01356	0.00867	0.00534	0.00581	0.00169	0.02087	0.00486	0.00282	0.00851
80	0.03378	0.01544	0.07717	0.08371	0.02812	0.01429	0.53485	0.04507	0.01334	0.01853	0.01157	0.03169	0.00905	0.00559	0.00713	0.00195	0.05177	0.00641	0.00299	0.00754
81	0.03832	0.00910	0.00979	0.00862	0.01150	0.00913	0.00680	0.11564	0.15814	0.11182	0.03876	0.03736	0.38479	0.01099	0.00624	0.00189	0.00401	0.02449	0.00563	0.00696
82	0.01217	0.03558	0.01123	0.00943	0.01193	0.03779	0.00719	0.10775	0.15919	0.02031	0.09427	0.15609	0.06316	0.08827	0.00845	0.00213	0.02160	0.00816	0.02684	0.11844
83	0.52533	0.06736	0.01006	0.00788	0.01096	0.01166	0.00644	0.03590	0.01156	0.04269	0.11140	0.06590	0.04129	0.00815	0.02124	0.00193	0.00450	0.00539	0.00414	0.00620
84	0.00861	0.00574	0.00736	0.00793	0.00847	0.00563	0.00536	0.05325	0.01120	0.01510	0.03921	0.50430	0.02948	0.10529	0.01198	0.13536	0.00399	0.01250	0.02474	0.00451
85	0.01212	0.01032	0.01200	0.00859	0.01366	0.00789	0.00688	0.03341	0.01225	0.01909	0.01026	0.01191	0.00850	0.00430	0.00427	0.00087	0.00429	0.00343	0.00345	0.81249
86	0.01421	0.01081	0.05698	0.01174	0.01501	0.00983	0.08323	0.05527	0.16825	0.16722	0.04739	0.18644	0.03684	0.01020	0.00639	0.00200	0.00515	0.07679	0.00535	0.03090
87	0.00929	0.00672	0.00827	0.00864	0.00985	0.00662	0.00616	0.05023	0.08605	0.03665	0.05061	0.54091	0.04811	0.04058	0.00762	0.00228	0.00378	0.03656	0.00533	0.03576
88	0.01233	0.00879	0.01098	0.01038	0.03622	0.00865	0.02330	0.17653	0.01541	0.06644	0.05356	0.35072	0.08427	0.01251	0.00682	0.01982	0.00442	0.02467	0.00521	0.06896
89	0.03236	0.16009	0.28045	0.01353	0.05353	0.03066	0.01347	0.08125	0.07458	0.08922	0.03219	0.04358	0.03102	0.00660	0.00526	0.00168	0.00646	0.00519	0.00378	0.03511
90	0.05218	0.01388	0.02871	0.15271	0.03180	0.13804	0.01042	0.18231	0.08674	0.02093	0.01806	0.09095	0.05790	0.04619	0.00696	0.00203	0.00644	0.04240	0.00429	0.00707
91	0.11283	0.06430	0.04401	0.13950	0.10765	0.04230	0.05404	0.07037	0.14587	0.03901	0.06783	0.01807	0.03918	0.00666	0.00544	0.00176	0.00599	0.00558	0.00403	0.02557
92	0.06312	0.25209	0.11166	0.01266	0.04356	0.09754	0.01125	0.18769	0.05979	0.02078	0.01142	0.01327	0.00930	0.03357	0.04721	0.00210	0.00720	0.00437	0.00360	0.00781
93	0.00974	0.00787	0.00949	0.03804	0.03365	0.03904	0.00723	0.05082	0.02898	0.01619	0.02488	0.35002	0.06121	0.08742	0.06830	0.00298	0.03260	0.07416	0.02506	0.03230

[dist]
# distance from previous block
# <min> <max>
2	9

[block]
# block no. 3 follows, 41 sequences, length 31
# corresponding to MSA columns:
# 485-515
name=unknown_D
#
# <colnr> <probs for GDERKNQSTAVLIFYWHMCP>
#	G	D	E	R	K	N	Q	S	T	A	V	L	I	F	Y	W	H	M	C	P
0	0.03459	0.00994	0.04873	0.04917	0.04284	0.03679	0.00922	0.06377	0.01155	0.01643	0.01636	0.13530	0.01628	0.05610	0.26369	0.00457	0.10530	0.03446	0.03900	0.00592
1	0.09770	0.16776	0.09158	0.05156	0.07797	0.01397	0.03120	0.06233	0.01241	0.04751	0.02936	0.05037	0.02844	0.02347	0.05619	0.00226	0.08721	0.00527	0.00340	0.06004
2	0.01782	0.03123	0.06674	0.01118	0.01475	0.04959	0.00934	0.30519	0.03871	0.15813	0.01716	0.08215	0.01460	0.14559	0.00984	0.00243	0.00596	0.00656	0.00510	0.00791
3	0.01282	0.04063	0.41031	0.03671	0.11780	0.04215	0.09238	0.03428	0.03424	0.03504	0.02939	0.05205	0.01072	0.00631	0.00592	0.00182	0.02084	0.00543	0.00305	0.00809
4	0.07773	0.03921	0.09615	0.03016	0.01730	0.02795	0.05660	0.15736	0.10226	0.02271	0.01223	0.01336	0.00940	0.00549	0.00498	0.00144	0.00574	0.00441	0.00394	0.31159
5	0.23259	0.03548	0.29986	0.09951	0.11812	0.05053	0.01469	0.01726	0.01180	0.01965	0.02899	0.01259	0.00849	0.00554	0.00495	0.00175	0.00688	0.00422	0.00293	0.02415
6	0.01160	0.05545	0.74460	0.01608	0.02442	0.01360	0.02075	0.01808	0.01206	0.01796	0.01019	0.01198	0.00725	0.00542	0.00538	0.00179	0.00838	0.00419	0.00242	0.00842
7	0.01066	0.00533	0.00533	0.00533	0.00666	0.00533	0.00400	0.01333	0.01200	0.02132	0.01866	0.02132	0.01466	0.00666	0.00400	0.00133	0.00267	0.00533	0.83073	0.00533
8	0.00697	0.00498	0.00664	0.00796	0.00830	0.00465	0.00531	0.00796	0.01095	0.01460	0.03153	0.79525	0.03783	0.01792	0.00730	0.00232	0.00332	0.01626	0.00531	0.00465
9	0.00712	0.00521	0.00669	0.00758	0.00827	0.00478	0.00521	0.00843	0.01201	0.01598	0.14618	0.59049	0.12790	0.01655	0.00715	0.00220	0.00317	0.01485	0.00546	0.00478
10	0.02450	0.01075	0.03378	0.01054	0.01502	0.00932	0.00890	0.09284	0.01722	0.66238	0.03906	0.01930	0.01452	0.00713	0.00576	0.00177	0.00504	0.00577	0.00681	0.00960
11	0.00831	0.00559	0.00645	0.00645	0.00653	0.00566	0.00373	0.00846	0.00838	0.01125	0.01783	0.03635	0.02032	0.74411	0.08334	0.00581	0.00625	0.00816	0.00344	0.00358
12	0.00697	0.00498	0.00664	0.00796	0.00830	0.00465	0.00531	0.00796	0.01095	0.01460	0.03153	0.79525	0.03783	0.01792	0.00730	0.00232	0.00332	0.01626	0.00531	0.00465
13	0.01300	0.01446	0.03068	0.16493	0.03165	0.01414	0.60808	0.01764	0.01312	0.01764	0.01131	0.01540	0.00848	0.00499	0.00656	0.00192	0.00927	0.00644	0.00283	0.00746
14	0.02138	0.01584	0.01696	0.01309	0.01760	0.01757	0.01078	0.70938	0.06234	0.03546	0.01420	0.01410	0.01010	0.00691	0.00573	0.00173	0.00621	0.00521	0.00573	0.00969
15	0.01307	0.05230	0.20867	0.02163	0.05773	0.01465	0.47222	0.01797	0.01283	0.01785	0.01087	0.01416	0.00824	0.00524	0.00685	0.00189	0.04740	0.00583	0.00274	0.00786
16	0.03371	0.10104	0.01541	0.01152	0.01503	0.18658	0.00921	0.13376	0.20972	0.11589	0.01858	0.01871	0.06139	0.03677	0.00630	0.00183	0.00625	0.00555	0.00478	0.00797
17	0.02566	0.00973	0.01327	0.01018	0.01460	0.00841	0.00841	0.02788	0.01637	0.76726	0.02257	0.01947	0.01416	0.00708	0.00575	0.00177	0.00487	0.00575	0.00708	0.00973
18	0.01968	0.01403	0.01532	0.01212	0.01610	0.01525	0.00985	0.59363	0.02397	0.07136	0.01793	0.10564	0.04178	0.00844	0.00594	0.00180	0.00575	0.00672	0.00573	0.00896
19	0.02071	0.00928	0.01217	0.00963	0.01345	0.00827	0.00781	0.04051	0.05225	0.52070	0.16433	0.02343	0.02155	0.00781	0.00585	0.00172	0.00442	0.00651	0.00659	0.06302
20	0.04860	0.01016	0.01330	0.01029	0.01466	0.00919	0.00848	0.06110	0.04469	0.68338	0.02176	0.01898	0.01385	0.00704	0.00569	0.00177	0.00491	0.00567	0.00687	0.00961
21	0.00792	0.00582	0.00741	0.00706	0.00845	0.00531	0.00528	0.01043	0.01570	0.02188	0.66287	0.06541	0.13078	0.01218	0.00676	0.00183	0.00274	0.01070	0.00616	0.00531
22	0.83938	0.01106	0.00841	0.00752	0.01106	0.01283	0.00619	0.01681	0.00973	0.02566	0.00796	0.00929	0.00619	0.00531	0.00354	0.00177	0.00442	0.00310	0.00354	0.00619
23	0.01262	0.01273	0.01715	0.01478	0.01491	0.04089	0.01226	0.01391	0.00901	0.01375	0.00786	0.01284	0.00777	0.01118	0.04814	0.00273	0.73370	0.00501	0.00254	0.00622
24	0.00994	0.00497	0.00745	0.00745	0.00745	0.00497	0.00497	0.00745	0.00745	0.00994	0.00994	0.01739	0.00994	0.01987	0.02235	0.83358	0.00497	0.00497	0.00248	0.00248
25	0.00696	0.00502	0.00660	0.00786	0.00827	0.00465	0.00526	0.00798	0.01105	0.01464	0.03276	0.76069	0.07160	0.01776	0.00728	0.00230	0.00330	0.01607	0.00531	0.00465
26	0.02113	0.01556	0.01673	0.01294	0.01735	0.01719	0.01064	0.71366	0.02623	0.03516	0.01447	0.04618	0.01089	0.00733	0.00579	0.00174	0.00617	0.00561	0.00570	0.00952
27	0.00705	0.00513	0.00657	0.00761	0.00816	0.00473	0.00513	0.00813	0.01131	0.01492	0.06524	0.64794	0.12116	0.04798	0.00807	0.00238	0.00333	0.01521	0.00528	0.00465
28	0.00697	0.00498	0.00664	0.00796	0.00830	0.00465	0.00531	0.00796	0.01095	0.01460	0.03153	0.79525	0.03783	0.01792	0.00730	0.00232	0.00332	0.01626	0.00531	0.00465
29	0.00697	0.00498	0.00664	0.00796	0.00830	0.00465	0.00531	0.00796	0.01095	0.01460	0.03153	0.79525	0.03783	0.01792	0.00730	0.00232	0.00332	0.01626	0.00531	0.00465
30	0.01434	0.01449	0.02457	0.03100	0.55162	0.04644	0.16187	0.01850	0.04597	0.01864	0.01139	0.01456	0.00928	0.00519	0.00587	0.00175	0.00742	0.00543	0.00298	0.00869

[dist]
# distance from previous block
# <min> <max>
0	9

[block]
# block no. 4 follows, 41 sequences, length 29
# corresponding to MSA columns:
# 525-553
name=unknown_E
#
# <colnr> <probs for GDERKNQSTAVLIFYWHMCP>
#	G	D	E	R	K	N	Q	S	T	A	V	L	I	F	Y	W	H	M	C	P
0	0.02415	0.01095	0.01390	0.01071	0.01505	0.01031	0.00883	0.18237	0.01864	0.58069	0.04861	0.01911	0.01471	0.00721	0.00578	0.00176	0.00509	0.00580	0.00676	0.00957
1	0.01370	0.50543	0.28445	0.01201	0.01799	0.01882	0.01360	0.01721	0.01169	0.01506	0.00903	0.01068	0.00757	0.00652	0.03356	0.00173	0.00727	0.00358	0.00246	0.00764
2	0.01384	0.00958	0.01026	0.00936	0.01183	0.05509	0.00710	0.01951	0.22010	0.17313	0.08411	0.15526	0.14676	0.04842	0.00735	0.00210	0.00439	0.00907	0.00566	0.00708
3	0.01147	0.02959	0.76934	0.01630	0.02476	0.01328	0.02113	0.01811	0.01208	0.01811	0.01026	0.01208	0.00725	0.00543	0.00543	0.00181	0.00845	0.00423	0.00242	0.00845
4	0.02466	0.00980	0.01316	0.01015	0.01444	0.00864	0.00836	0.05615	0.01679	0.70171	0.05774	0.02036	0.01590	0.00729	0.00580	0.00177	0.00482	0.00595	0.00699	0.00953
5	0.06319	0.01196	0.01452	0.01145	0.01554	0.01217	0.03416	0.26983	0.07092	0.32786	0.06715	0.02003	0.01553	0.00748	0.00581	0.00180	0.00534	0.03016	0.00609	0.00900
6	0.01094	0.01031	0.01741	0.75405	0.06948	0.01274	0.01595	0.01474	0.01150	0.01478	0.01019	0.01520	0.00768	0.00569	0.00572	0.00190	0.00759	0.00508	0.00255	0.00647
7	0.83938	0.01106	0.00841	0.00752	0.01106	0.01283	0.00619	0.01681	0.00973	0.02566	0.00796	0.00929	0.00619	0.00531	0.00354	0.00177	0.00442	0.00310	0.00354	0.00619
8	0.01247	0.01274	0.02005	0.01639	0.01747	0.01644	0.14586	0.01436	0.00972	0.01463	0.00923	0.04484	0.00895	0.00938	0.01610	0.00239	0.61404	0.00578	0.00269	0.00646
9	0.01091	0.01022	0.01790	0.44967	0.02986	0.01177	0.13690	0.01418	0.01166	0.01565	0.04445	0.07881	0.01257	0.00764	0.00745	0.03287	0.05741	0.00648	0.03740	0.00622
10	0.83938	0.01106	0.00841	0.00752	0.01106	0.01283	0.00619	0.01681	0.00973	0.02566	0.00796	0.00929	0.00619	0.00531	0.00354	0.00177	0.00442	0.00310	0.00354	0.00619
11	0.02172	0.01670	0.01711	0.01326	0.01773	0.06367	0.01088	0.70053	0.02625	0.03471	0.01344	0.01353	0.00958	0.00681	0.00569	0.00170	0.00654	0.00506	0.00555	0.00954
12	0.07486	0.01032	0.01322	0.01026	0.01460	0.00949	0.00846	0.07467	0.04158	0.64832	0.02111	0.01853	0.01349	0.00698	0.00562	0.00177	0.00492	0.00557	0.00673	0.00949
13	0.04048	0.13015	0.02066	0.09712	0.27238	0.15397	0.03457	0.08327	0.04505	0.01861	0.01081	0.01315	0.00879	0.00567	0.00546	0.00164	0.02146	0.00460	0.02428	0.00789
14	0.00710	0.00523	0.00665	0.00752	0.00825	0.00478	0.00517	0.00841	0.01203	0.01594	0.14135	0.57286	0.15072	0.01649	0.00714	0.00219	0.00316	0.01476	0.00545	0.00478
15	0.01080	0.01017	0.01716	0.78523	0.03940	0.01271	0.01589	0.01461	0.01144	0.01461	0.01017	0.01525	0.00762	0.00572	0.00572	0.00191	0.00762	0.00508	0.00254	0.00635
16	0.00964	0.00788	0.01105	0.03013	0.18691	0.00739	0.00829	0.01205	0.01412	0.04067	0.27174	0.03977	0.29812	0.01100	0.00647	0.00185	0.00397	0.02771	0.00504	0.00620
17	0.01147	0.02959	0.76934	0.01630	0.02476	0.01328	0.02113	0.01811	0.01208	0.01811	0.01026	0.01208	0.00725	0.00543	0.00543	0.00181	0.00845	0.00423	0.00242	0.00845
18	0.02449	0.01053	0.01366	0.01052	0.01486	0.00968	0.00867	0.13295	0.01792	0.63420	0.04626	0.01941	0.01485	0.00720	0.00578	0.00176	0.00500	0.00582	0.00685	0.00959
19	0.00794	0.00542	0.00632	0.00664	0.00679	0.00530	0.00394	0.00823	0.00913	0.01210	0.02275	0.22025	0.05241	0.58206	0.02304	0.00464	0.00491	0.01037	0.00398	0.00380
20	0.00970	0.00789	0.02616	0.01040	0.03796	0.00790	0.00774	0.08022	0.01275	0.01706	0.02716	0.36560	0.07768	0.07596	0.00976	0.00253	0.06781	0.14535	0.00482	0.00554
21	0.01698	0.01186	0.01315	0.01137	0.01491	0.01307	0.00897	0.05430	0.56706	0.18685	0.02280	0.02067	0.01647	0.00758	0.00580	0.00190	0.00466	0.00627	0.00609	0.00923
22	0.00697	0.00498	0.00664	0.00796	0.00830	0.00465	0.00531	0.00796	0.01095	0.01460	0.03153	0.79525	0.03783	0.01792	0.00730	0.00232	0.00332	0.01626	0.00531	0.00465
23	0.01080	0.01017	0.01716	0.78523	0.03940	0.01271	0.01589	0.01461	0.01144	0.01461	0.01017	0.01525	0.00762	0.00572	0.00572	0.00191	0.00762	0.00508	0.00254	0.00635
24	0.00771	0.00586	0.00704	0.00690	0.00844	0.00525	0.00525	0.00979	0.01454	0.01930	0.41820	0.04839	0.32400	0.01327	0.00723	0.02306	0.00302	0.06191	0.00575	0.00509
25	0.00697	0.00498	0.00664	0.00796	0.00830	0.00465	0.00531	0.00796	0.01095	0.01460	0.03153	0.79525	0.03783	0.01792	0.00730	0.00232	0.00332	0.01626	0.00531	0.00465
26	0.00783	0.00584	0.00728	0.00692	0.00838	0.00529	0.00519	0.01029	0.01557	0.02147	0.62276	0.04514	0.19241	0.01224	0.00675	0.00182	0.00274	0.01068	0.00610	0.00529
27	0.07417	0.01008	0.01300	0.01007	0.01436	0.00916	0.00830	0.07021	0.01649	0.65813	0.02104	0.01856	0.01342	0.00695	0.00557	0.00175	0.00487	0.00554	0.02892	0.00940
28	0.01416	0.01359	0.02322	0.03511	0.76330	0.01359	0.01755	0.01755	0.01302	0.01869	0.01076	0.01416	0.00906	0.00510	0.00566	0.00170	0.00680	0.00510	0.00283	0.00906

[dist]
# distance from previous block
# <min> <max>
0	35

[block]
# block no. 5 follows, 41 sequences, length 35
# corresponding to MSA columns:
# 589-615,627-634
name=unknown_F
#
# <colnr> <probs for GDERKNQSTAVLIFYWHMCP>
#	G	D	E	R	K	N	Q	S	T	A	V	L	I	F	Y	W	H	M	C	P
0	0.00843	0.00594	0.00762	0.00714	0.00863	0.00542	0.00538	0.01100	0.01590	0.04150	0.67609	0.04327	0.11847	0.01183	0.00672	0.00181	0.00277	0.01039	0.00623	0.00546
1	0.83938	0.01106	0.00841	0.00752	0.01106	0.01283	0.00619	0.01681	0.00973	0.02566	0.00796	0.00929	0.00619	0.00531	0.00354	0.00177	0.00442	0.00310	0.00354	0.00619
2	0.01627	0.01381	0.01397	0.01203	0.01555	0.05326	0.00949	0.20710	0.51628	0.02623	0.02106	0.01975	0.03396	0.00762	0.00579	0.00186	0.00522	0.00614	0.00564	0.00899
3	0.02544	0.01009	0.01349	0.01035	0.01478	0.00893	0.00855	0.06829	0.01696	0.72601	0.02207	0.01914	0.01391	0.00707	0.00575	0.00177	0.00495	0.00572	0.00700	0.00973
4	0.01524	0.77741	0.03009	0.01024	0.01516	0.02237	0.03307	0.01717	0.01168	0.01361	0.00807	0.00937	0.00738	0.00489	0.00377	0.00125	0.00623	0.00318	0.00246	0.00735
5	0.02388	0.01003	0.02762	0.01017	0.01444	0.00859	0.00850	0.05126	0.01664	0.66935	0.07948	0.02094	0.01697	0.00740	0.00582	0.00177	0.00482	0.00606	0.00688	0.00937
