[name]
unknown

[dist]
# distance from previous block
# <min> <max>
0	17

[block]
# block no. 0 follows, 46 sequences, length 39
# corresponding to MSA columns:
# 17-55
name=unknown_A
#
# <colnr> <probs for GDERKNQSTAVLIFYWHMCP>
#	G	D	E	R	K	N	Q	S	T	A	V	L	I	F	Y	W	H	M	C	P
0	0.00722	0.00480	0.00643	0.00741	0.00788	0.00449	0.00507	0.00799	0.01015	0.03538	0.02808	0.67602	0.05515	0.01624	0.00778	0.06706	0.00328	0.04051	0.00475	0.00430
1	0.01087	0.08812	0.72842	0.01460	0.02216	0.01294	0.01873	0.01667	0.01113	0.01641	0.00932	0.01096	0.00670	0.00498	0.00490	0.00163	0.00765	0.00382	0.00223	0.00773
2	0.01413	0.81739	0.02770	0.00905	0.01357	0.02092	0.00905	0.01583	0.01074	0.01244	0.00735	0.00848	0.00678	0.00452	0.00339	0.00113	0.00565	0.00283	0.00226	0.00678
3	0.00769	0.00513	0.00577	0.00577	0.00577	0.00513	0.00320	0.00769	0.00769	0.01025	0.01666	0.03460	0.01922	0.81421	0.02691	0.00513	0.00513	0.00769	0.00320	0.00320
4	0.85155	0.01022	0.00777	0.00695	0.01022	0.01186	0.00573	0.01554	0.00900	0.02372	0.00736	0.00859	0.00573	0.00491	0.00327	0.00164	0.00409	0.00286	0.00327	0.00573
5	0.01248	0.01426	0.03119	0.02228	0.02763	0.01337	0.76203	0.01693	0.01248	0.01693	0.01070	0.01426	0.00802	0.00446	0.00624	0.00178	0.00891	0.00624	0.00267	0.00713
6	0.01224	0.01162	0.01932	0.24035	0.52927	0.01238	0.01530	0.01625	0.06039	0.01656	0.01054	0.01379	0.00851	0.00502	0.00526	0.00164	0.00635	0.00479	0.00272	0.00769
7	0.00748	0.00540	0.00707	0.00665	0.00790	0.00499	0.00499	0.00998	0.01496	0.02120	0.77844	0.03949	0.04988	0.01081	0.00624	0.00166	0.00249	0.00956	0.00582	0.00499
8	0.01393	0.79244	0.02711	0.00903	0.01344	0.02048	0.00897	0.01563	0.01067	0.01243	0.00756	0.00886	0.00698	0.00560	0.02767	0.00136	0.00591	0.00291	0.00228	0.00672
9	0.00644	0.00460	0.00613	0.00736	0.00767	0.00429	0.00491	0.00736	0.01012	0.01350	0.02914	0.81076	0.03497	0.01656	0.00675	0.00215	0.00307	0.01503	0.00491	0.00429
10	0.01315	0.01136	0.01195	0.01076	0.01375	0.01315	0.00837	0.02809	0.77168	0.02211	0.02152	0.01972	0.01614	0.00717	0.00538	0.00179	0.00418	0.00598	0.00538	0.00837
11	0.01128	0.00976	0.01672	0.67005	0.05318	0.01157	0.06290	0.01474	0.01108	0.07317	0.01038	0.01438	0.00761	0.00531	0.00535	0.00175	0.00695	0.00485	0.00270	0.00626
12	0.00998	0.00940	0.01586	0.80150	0.03641	0.01175	0.01468	0.01351	0.01057	0.01351	0.00940	0.01409	0.00705	0.00529	0.00529	0.00176	0.00705	0.00470	0.00235	0.00587
13	0.00626	0.00530	0.00542	0.00551	0.00718	0.00445	0.00409	0.00757	0.01190	0.01422	0.05168	0.10933	0.72184	0.01363	0.00629	0.00181	0.00271	0.01146	0.00491	0.00445
14	0.00998	0.00940	0.01586	0.80150	0.03641	0.01175	0.01468	0.01351	0.01057	0.01351	0.00940	0.01409	0.00705	0.00529	0.00529	0.00176	0.00705	0.00470	0.00235	0.00587
15	0.01060	0.02735	0.78682	0.01507	0.02288	0.01228	0.01953	0.01674	0.01116	0.01674	0.00949	0.01116	0.00670	0.00502	0.00502	0.00167	0.00781	0.00391	0.00223	0.00781
16	0.00733	0.00540	0.00685	0.00649	0.00780	0.00492	0.00487	0.00967	0.01460	0.02032	0.68678	0.04093	0.14209	0.01113	0.00624	0.00168	0.00252	0.00976	0.00570	0.00492
17	0.00644	0.00460	0.00613	0.00736	0.00767	0.00429	0.00491	0.00736	0.01012	0.01350	0.02914	0.81076	0.03497	0.01656	0.00675	0.00215	0.00307	0.01503	0.00491	0.00429
18	0.00990	0.00558	0.00743	0.00759	0.00880	0.00507	0.00544	0.01128	0.01185	0.16240	0.13951	0.52309	0.05386	0.01370	0.00638	0.00197	0.00325	0.01225	0.00536	0.00530
19	0.01975	0.02520	0.01498	0.01362	0.01634	0.79299	0.01021	0.02111	0.01498	0.01294	0.00817	0.00953	0.00681	0.00545	0.00477	0.00136	0.00953	0.00340	0.00272	0.00613
20	0.00755	0.00566	0.00850	0.00850	0.00944	0.00661	0.00661	0.00944	0.00850	0.01227	0.01416	0.02077	0.01322	0.03965	0.79326	0.00850	0.01416	0.00566	0.00283	0.00472
21	0.01096	0.00940	0.01096	0.00783	0.01253	0.00705	0.00626	0.01331	0.01096	0.01723	0.00940	0.01096	0.00783	0.00392	0.00392	0.00078	0.00392	0.00313	0.00313	0.84653
22	0.01060	0.02735	0.78682	0.01507	0.02288	0.01228	0.01953	0.01674	0.01116	0.01674	0.00949	0.01116	0.00670	0.00502	0.00502	0.00167	0.00781	0.00391	0.00223	0.00781
23	0.85155	0.01022	0.00777	0.00695	0.01022	0.01186	0.00573	0.01554	0.00900	0.02372	0.00736	0.00859	0.00573	0.00491	0.00327	0.00164	0.00409	0.00286	0.00327	0.00573
24	0.01315	0.01136	0.01195	0.01076	0.01375	0.01315	0.00837	0.02809	0.77168	0.02211	0.02152	0.01972	0.01614	0.00717	0.00538	0.00179	0.00418	0.00598	0.00538	0.00837
25	0.01368	0.01162	0.01225	0.01087	0.01395	0.01340	0.00850	0.08467	0.71423	0.02298	0.02084	0.01918	0.01559	0.00711	0.00537	0.00178	0.00431	0.00588	0.00537	0.00842
26	0.01008	0.00601	0.00771	0.00694	0.00874	0.00539	0.00532	0.01233	0.01458	0.15044	0.54625	0.03744	0.14723	0.01045	0.00608	0.00168	0.00286	0.00906	0.00581	0.00560
27	0.00647	0.00462	0.00616	0.00734	0.00767	0.00431	0.00491	0.00744	0.01027	0.01373	0.05165	0.78759	0.03541	0.01639	0.00673	0.00213	0.00305	0.01486	0.00493	0.00431
28	0.01264	0.01210	0.02065	0.14386	0.67333	0.01244	0.01600	0.01583	0.01183	0.01673	0.00986	0.01323	0.00818	0.00479	0.00524	0.00160	0.00639	0.00471	0.00258	0.00801
29	0.01060	0.02735	0.78682	0.01507	0.02288	0.01228	0.01953	0.01674	0.01116	0.01674	0.00949	0.01116	0.00670	0.00502	0.00502	0.00167	0.00781	0.00391	0.00223	0.00781
30	0.00655	0.00468	0.00625	0.00743	0.00779	0.00438	0.00504	0.00757	0.01035	0.01382	0.05222	0.75952	0.03526	0.01631	0.00675	0.00214	0.00312	0.04154	0.00493	0.00434
31	0.00640	0.00536	0.00556	0.00551	0.00723	0.00453	0.00414	0.00788	0.01241	0.01513	0.14232	0.04948	0.68979	0.01307	0.00625	0.00177	0.00266	0.01096	0.00502	0.00453
32	0.01248	0.01426	0.03119	0.02228	0.02763	0.01337	0.76203	0.01693	0.01248	0.01693	0.01070	0.01426	0.00802	0.00446	0.00624	0.00178	0.00891	0.00624	0.00267	0.00713
33	0.01975	0.02520	0.01498	0.01362	0.01634	0.79299	0.01021	0.02111	0.01498	0.01294	0.00817	0.00953	0.00681	0.00545	0.00477	0.00136	0.00953	0.00340	0.00272	0.00613
34	0.02372	0.00900	0.01227	0.00941	0.01350	0.00777	0.00777	0.02576	0.01513	0.78489	0.02086	0.01799	0.01309	0.00654	0.00532	0.00164	0.00450	0.00532	0.00654	0.00900
35	0.01413	0.81739	0.02770	0.00905	0.01357	0.02092	0.00905	0.01583	0.01074	0.01244	0.00735	0.00848	0.00678	0.00452	0.00339	0.00113	0.00565	0.00283	0.00226	0.00678
36	0.01413	0.81739	0.02770	0.00905	0.01357	0.02092	0.00905	0.01583	0.01074	0.01244	0.00735	0.00848	0.00678	0.00452	0.00339	0.00113	0.00565	0.00283	0.00226	0.00678
37	0.02372	0.00900	0.01227	0.00941	0.01350	0.00777	0.00777	0.02576	0.01513	0.78489	0.02086	0.01799	0.01309	0.00654	0.00532	0.00164	0.00450	0.00532	0.00654	0.00900
38	0.85155	0.01022	0.00777	0.00695	0.01022	0.01186	0.00573	0.01554	0.00900	0.02372	0.00736	0.00859	0.00573	0.00491	0.00327	0.00164	0.00409	0.00286	0.00327	0.00573

[dist]
# distance from previous block
# <min> <max>
0	6

[block]
# block no. 1 follows, 46 sequences, length 215
# corresponding to MSA columns:
# 62-177,179-190,192-198,214-293
name=unknown_B
#
# <colnr> <probs for GDERKNQSTAVLIFYWHMCP>
#	G	D	E	R	K	N	Q	S	T	A	V	L	I	F	Y	W	H	M	C	P
0	0.02372	0.00900	0.01227	0.00941	0.01350	0.00777	0.00777	0.02576	0.01513	0.78489	0.02086	0.01799	0.01309	0.00654	0.00532	0.00164	0.00450	0.00532	0.00654	0.00900
1	0.02974	0.01152	0.01295	0.07844	0.03749	0.01318	0.00925	0.11303	0.55606	0.05016	0.01883	0.01796	0.01400	0.00678	0.00531	0.00175	0.00469	0.00561	0.00504	0.00820
2	0.01253	0.01162	0.01731	0.22630	0.30504	0.03326	0.04518	0.01880	0.21008	0.03183	0.01335	0.02913	0.01055	0.00576	0.00534	0.00169	0.00604	0.00526	0.00339	0.00754
3	0.00745	0.00540	0.00703	0.00662	0.00788	0.00498	0.00497	0.00992	0.01490	0.02104	0.76210	0.03975	0.06632	0.01087	0.00624	0.00167	0.00250	0.00960	0.00580	0.00498
4	0.01127	0.00860	0.01226	0.35021	0.08598	0.00979	0.01017	0.09674	0.01239	0.01811	0.01273	0.01634	0.00996	0.02643	0.00528	0.00163	0.00520	0.00486	0.29603	0.00603
5	0.00668	0.00473	0.00617	0.00711	0.00746	0.00445	0.00471	0.00762	0.01024	0.01376	0.09116	0.65263	0.03435	0.11140	0.00911	0.00246	0.00326	0.01369	0.00478	0.00422
6	0.00985	0.00493	0.00493	0.00493	0.00616	0.00493	0.00370	0.01232	0.01109	0.01971	0.01725	0.01971	0.01355	0.00616	0.00370	0.00123	0.00246	0.00493	0.84356	0.00493
7	0.00649	0.00464	0.00617	0.00733	0.00768	0.00432	0.00491	0.00747	0.01033	0.01383	0.06122	0.77774	0.03560	0.01632	0.00673	0.00213	0.00304	0.01479	0.00495	0.00432
8	0.01413	0.81739	0.02770	0.00905	0.01357	0.02092	0.00905	0.01583	0.01074	0.01244	0.00735	0.00848	0.00678	0.00452	0.00339	0.00113	0.00565	0.00283	0.00226	0.00678
9	0.01001	0.01088	0.08102	0.69705	0.03406	0.01177	0.01481	0.01364	0.01054	0.01376	0.00972	0.02946	0.00756	0.00560	0.00563	0.00178	0.02947	0.00483	0.00239	0.00600
10	0.00998	0.00940	0.01586	0.80150	0.03641	0.01175	0.01468	0.01351	0.01057	0.01351	0.00940	0.01409	0.00705	0.00529	0.00529	0.00176	0.00705	0.00470	0.00235	0.00587
11	0.01449	0.01115	0.01267	0.07390	0.05105	0.06078	0.00880	0.25877	0.06340	0.08070	0.17149	0.08116	0.02001	0.02866	0.00636	0.00175	0.02239	0.00661	0.00479	0.02106
12	0.01173	0.01184	0.01617	0.01387	0.01393	0.03182	0.01154	0.01289	0.00823	0.01273	0.00696	0.01153	0.00694	0.00918	0.01710	0.00229	0.78854	0.00460	0.00232	0.00579
13	0.71137	0.01019	0.00880	0.05550	0.01221	0.01161	0.00651	0.03405	0.00989	0.06914	0.00847	0.00964	0.00638	0.00504	0.00358	0.00162	0.00433	0.00317	0.00346	0.02503
14	0.04544	0.01110	0.02664	0.03403	0.01406	0.01173	0.00842	0.23653	0.25079	0.11514	0.16769	0.02066	0.01956	0.00740	0.00543	0.00168	0.00451	0.00607	0.00535	0.00777
15	0.14138	0.30036	0.23164	0.02613	0.01668	0.07725	0.02975	0.03221	0.02870	0.05848	0.00929	0.01043	0.00724	0.00501	0.00423	0.00146	0.00633	0.00354	0.00282	0.00705
16	0.01951	0.01452	0.01553	0.01204	0.01617	0.01612	0.00991	0.70126	0.08816	0.03237	0.01344	0.01329	0.00960	0.00642	0.00530	0.00160	0.00568	0.00486	0.00530	0.00894
17	0.00644	0.00462	0.00612	0.00731	0.00765	0.00430	0.00489	0.00737	0.01017	0.01351	0.02974	0.79206	0.05327	0.01648	0.00674	0.00214	0.00306	0.01493	0.00491	0.00430
18	0.00858	0.00519	0.00690	0.00753	0.00837	0.00475	0.00524	0.00971	0.01098	0.10746	0.06082	0.66283	0.05126	0.01502	0.00654	0.00206	0.00321	0.01352	0.00514	0.00490
19	0.01898	0.01278	0.01437	0.01129	0.01507	0.01387	0.00926	0.54952	0.03539	0.14139	0.01424	0.01459	0.01024	0.01043	0.10092	0.00244	0.00660	0.00497	0.00518	0.00846
20	0.04510	0.30543	0.05980	0.01062	0.04274	0.08050	0.00917	0.09691	0.03154	0.04039	0.00950	0.01056	0.00774	0.00481	0.00411	0.00120	0.00555	0.00345	0.00311	0.22777
21	0.08779	0.01297	0.03523	0.01616	0.20874	0.03035	0.01077	0.26686	0.07087	0.12321	0.01279	0.01339	0.00940	0.00565	0.00499	0.00154	0.00548	0.00456	0.00430	0.07493
22	0.00649	0.00463	0.00619	0.00741	0.00774	0.00433	0.00499	0.00744	0.01017	0.01355	0.02911	0.79444	0.03487	0.01652	0.00676	0.00215	0.00311	0.03091	0.00491	0.00431
23	0.05067	0.00994	0.01268	0.00975	0.01384	0.00924	0.00806	0.13978	0.01643	0.64311	0.01914	0.01686	0.01221	0.00646	0.00524	0.00163	0.00469	0.00515	0.00624	0.00889
24	0.01231	0.01548	0.12173	0.01996	0.02553	0.01279	0.59034	0.03502	0.01250	0.01734	0.01049	0.01357	0.00787	0.00453	0.00588	0.00168	0.00829	0.00566	0.00272	0.07633
25	0.00897	0.00467	0.00673	0.00673	0.00673	0.00467	0.00440	0.00700	0.00700	0.00933	0.01023	0.01868	0.01059	0.13030	0.02154	0.72789	0.00467	0.00503	0.00242	0.00242
26	0.01248	0.01426	0.03119	0.02228	0.02763	0.01337	0.76203	0.01693	0.01248	0.01693	0.01070	0.01426	0.00802	0.00446	0.00624	0.00178	0.00891	0.00624	0.00267	0.00713
27	0.85155	0.01022	0.00777	0.00695	0.01022	0.01186	0.00573	0.01554	0.00900	0.02372	0.00736	0.00859	0.00573	0.00491	0.00327	0.00164	0.00409	0.00286	0.00327	0.00573
28	0.01096	0.00940	0.01096	0.00783	0.01253	0.00705	0.00626	0.01331	0.01096	0.01723	0.00940	0.01096	0.00783	0.00392	0.00392	0.00078	0.00392	0.00313	0.00313	0.84653
29	0.03850	0.01054	0.01312	0.01008	0.01419	0.01010	0.00833	0.21795	0.01755	0.57447	0.01847	0.01643	0.01188	0.00646	0.00527	0.00162	0.00483	0.00512	0.00615	0.00893
30	0.00644	0.00460	0.00613	0.00736	0.00767	0.00429	0.00491	0.00736	0.01012	0.01350	0.02914	0.81076	0.03497	0.01656	0.00675	0.00215	0.00307	0.01503	0.00491	0.00429
31	0.00646	0.00462	0.00615	0.00735	0.00767	0.00431	0.00491	0.00741	0.01022	0.01365	0.04454	0.79490	0.03527	0.01644	0.00674	0.00214	0.00306	0.01492	0.00493	0.00431
32	0.02202	0.00862	0.01173	0.00912	0.01291	0.00748	0.00748	0.02412	0.01511	0.70522	0.09990	0.02024	0.01693	0.00699	0.00541	0.00164	0.00429	0.00576	0.00647	0.00858
33	0.00781	0.00591	0.00844	0.00831	0.00902	0.00689	0.00627	0.00931	0.00832	0.01193	0.01420	0.02278	0.01396	0.18045	0.60733	0.00752	0.05822	0.00598	0.00287	0.00450
34	0.01975	0.02520	0.01498	0.01362	0.01634	0.79299	0.01021	0.02111	0.01498	0.01294	0.00817	0.00953	0.00681	0.00545	0.00477	0.00136	0.00953	0.00340	0.00272	0.00613
35	0.01543	0.63405	0.02476	0.01010	0.01421	0.19960	0.00932	0.01705	0.01172	0.01255	0.00754	0.00872	0.00679	0.00474	0.00371	0.00118	0.00655	0.00296	0.00237	0.00663
36	0.02341	0.00949	0.01257	0.00964	0.01374	0.00850	0.00796	0.08831	0.01596	0.72119	0.02016	0.01754	0.01274	0.00653	0.00531	0.00163	0.00461	0.00527	0.00644	0.00900
37	0.02711	0.00887	0.09147	0.00826	0.01072	0.00711	0.00720	0.01417	0.10607	0.08170	0.47523	0.03267	0.07605	0.00949	0.00589	0.00170	0.00351	0.02142	0.00532	0.00601
38	0.00769	0.00513	0.00577	0.00577	0.00577	0.00513	0.00320	0.00769	0.00769	0.01025	0.01666	0.03460	0.01922	0.81421	0.02691	0.00513	0.00513	0.00769	0.00320	0.00320
39	0.01413	0.01183	0.01325	0.01269	0.07904	0.01336	0.00920	0.15254	0.55154	0.02359	0.04672	0.01868	0.01549	0.00695	0.00538	0.00173	0.00458	0.00579	0.00515	0.00835
40	0.01120	0.16088	0.65851	0.01405	0.02131	0.01374	0.01776	0.01659	0.01109	0.01601	0.00913	0.01071	0.00671	0.00494	0.00475	0.00158	0.00745	0.00372	0.00224	0.00764
41	0.01240	0.23833	0.49878	0.01338	0.01994	0.01498	0.03421	0.07981	0.01224	0.01699	0.00921	0.01065	0.00695	0.00499	0.00464	0.00152	0.00709	0.00375	0.00251	0.00762
42	0.01413	0.81739	0.02770	0.00905	0.01357	0.02092	0.00905	0.01583	0.01074	0.01244	0.00735	0.00848	0.00678	0.00452	0.00339	0.00113	0.00565	0.00283	0.00226	0.00678
43	0.00769	0.00513	0.00577	0.00577	0.00577	0.00513	0.00320	0.00769	0.00769	0.01025	0.01666	0.03460	0.01922	0.81421	0.02691	0.00513	0.00513	0.00769	0.00320	0.00320
44	0.01184	0.00851	0.07539	0.00865	0.01134	0.00662	0.03927	0.01458	0.01446	0.20526	0.46934	0.03124	0.06333	0.00911	0.00591	0.00167	0.00371	0.00797	0.00552	0.00627
45	0.02010	0.01481	0.01587	0.01216	0.01639	0.01639	0.01005	0.76360	0.02486	0.03332	0.01269	0.01269	0.00899	0.00635	0.00529	0.00159	0.00582	0.00476	0.00529	0.00899
46	0.00625	0.00536	0.00536	0.00536	0.00714	0.00446	0.00402	0.00759	0.01205	0.01428	0.05355	0.05088	0.77909	0.01339	0.00625	0.00179	0.00268	0.01116	0.00491	0.00446
47	0.02018	0.01467	0.01578	0.01210	0.01632	0.01619	0.00999	0.74579	0.02462	0.05147	0.01289	0.01282	0.00909	0.00635	0.00529	0.00159	0.00579	0.00477	0.00532	0.00899
48	0.01016	0.00957	0.01617	0.75858	0.07799	0.01179	0.01477	0.01366	0.01065	0.01372	0.00943	0.01404	0.00712	0.00525	0.00528	0.00175	0.00700	0.00470	0.00236	0.00601
49	0.00628	0.00536	0.00540	0.00539	0.00716	0.00448	0.00404	0.00764	0.01212	0.01445	0.07106	0.05060	0.76148	0.01333	0.00625	0.00178	0.00267	0.01112	0.00493	0.00448
50	0.85155	0.01022	0.00777	0.00695	0.01022	0.01186	0.00573	0.01554	0.00900	0.02372	0.00736	0.00859	0.00573	0.00491	0.00327	0.00164	0.00409	0.00286	0.00327	0.00573
51	0.51129	0.33820	0.01587	0.00780	0.01158	0.01554	0.00707	0.01566	0.00971	0.01914	0.00736	0.00854	0.00616	0.00475	0.00332	0.00143	0.00473	0.00285	0.00286	0.00616
52	0.02010	0.01481	0.01587	0.01216	0.01639	0.01639	0.01005	0.76360	0.02486	0.03332	0.01269	0.01269	0.00899	0.00635	0.00529	0.00159	0.00582	0.00476	0.00529	0.00899
53	0.17102	0.01181	0.01505	0.08866	0.24370	0.04740	0.02543	0.14715	0.01423	0.08432	0.07662	0.01543	0.02504	0.00593	0.00499	0.00161	0.00553	0.00492	0.00382	0.00733
54	0.01308	0.01256	0.02146	0.03245	0.78123	0.01256	0.01622	0.01622	0.01204	0.01727	0.00994	0.01308	0.00837	0.00471	0.00523	0.00157	0.00628	0.00471	0.00262	0.00837
55	0.01097	0.01049	0.01649	0.14306	0.01837	0.01313	0.10693	0.01309	0.01006	0.02980	0.09407	0.05391	0.01329	0.00846	0.01198	0.00206	0.42912	0.00590	0.00296	0.00588
56	0.47100	0.01157	0.01085	0.00900	0.01259	0.01297	0.00738	0.23668	0.07878	0.08688	0.01120	0.01148	0.00815	0.00565	0.00420	0.00163	0.00464	0.00388	0.00430	0.00717
57	0.01252	0.03406	0.03111	0.02196	0.02728	0.01356	0.74347	0.01691	0.01243	0.01682	0.01061	0.01412	0.00799	0.00446	0.00617	0.00177	0.00883	0.00615	0.00266	0.00712
58	0.02093	0.00874	0.01161	0.00918	0.01284	0.00785	0.00748	0.02403	0.07363	0.63337	0.11268	0.02073	0.01778	0.00711	0.00543	0.00165	0.00423	0.00588	0.00637	0.00846
59	0.08220	0.00664	0.00832	0.00771	0.00864	0.00703	0.00553	0.11474	0.02410	0.01406	0.00976	0.01503	0.00899	0.01532	0.01673	0.63948	0.00471	0.00449	0.00286	0.00365
60	0.01308	0.01256	0.02146	0.03245	0.78123	0.01256	0.01622	0.01622	0.01204	0.01727	0.00994	0.01308	0.00837	0.00471	0.00523	0.00157	0.00628	0.00471	0.00262	0.00837
61	0.01315	0.01136	0.01195	0.01076	0.01375	0.01315	0.00837	0.02809	0.77168	0.02211	0.02152	0.01972	0.01614	0.00717	0.00538	0.00179	0.00418	0.00598	0.00538	0.00837
62	0.85155	0.01022	0.00777	0.00695	0.01022	0.01186	0.00573	0.01554	0.00900	0.02372	0.00736	0.00859	0.00573	0.00491	0.00327	0.00164	0.00409	0.00286	0.00327	0.00573
63	0.00998	0.00940	0.01586	0.80150	0.03641	0.01175	0.01468	0.01351	0.01057	0.01351	0.00940	0.01409	0.00705	0.00529	0.00529	0.00176	0.00705	0.00470	0.00235	0.00587
64	0.00769	0.00513	0.00577	0.00577	0.00577	0.00513	0.00320	0.00769	0.00769	0.01025	0.01666	0.03460	0.01922	0.81421	0.02691	0.00513	0.00513	0.00769	0.00320	0.00320
65	0.85155	0.01022	0.00777	0.00695	0.01022	0.01186	0.00573	0.01554	0.00900	0.02372	0.00736	0.00859	0.00573	0.00491	0.00327	0.00164	0.00409	0.00286	0.00327	0.00573
66	0.00740	0.00540	0.00696	0.00657	0.00785	0.00496	0.00493	0.00983	0.01478	0.02077	0.73291	0.04020	0.09568	0.01097	0.00624	0.00167	0.00251	0.00966	0.00576	0.00496
67	0.85155	0.01022	0.00777	0.00695	0.01022	0.01186	0.00573	0.01554	0.00900	0.02372	0.00736	0.00859	0.00573	0.00491	0.00327	0.00164	0.00409	0.00286	0.00327	0.00573
68	0.00769	0.00513	0.00577	0.00577	0.00577	0.00513	0.00320	0.00769	0.00769	0.01025	0.01666	0.03460	0.01922	0.81421	0.02691	0.00513	0.00513	0.00769	0.00320	0.00320
69	0.01975	0.02520	0.01498	0.01362	0.01634	0.79299	0.01021	0.02111	0.01498	0.01294	0.00817	0.00953	0.00681	0.00545	0.00477	0.00136	0.00953	0.00340	0.00272	0.00613
70	0.02010	0.01481	0.01587	0.01216	0.01639	0.01639	0.01005	0.76360	0.02486	0.03332	0.01269	0.01269	0.00899	0.00635	0.00529	0.00159	0.00582	0.00476	0.00529	0.00899
71	0.00748	0.00540	0.00707	0.00665	0.00790	0.00499	0.00499	0.00998	0.01496	0.02120	0.77844	0.03949	0.04988	0.01081	0.00624	0.00166	0.00249	0.00956	0.00582	0.00499
72	0.00755	0.00566	0.00850	0.00850	0.00944	0.00661	0.00661	0.00944	0.00850	0.01227	0.01416	0.02077	0.01322	0.03965	0.79326	0.00850	0.01416	0.00566	0.00283	0.00472
73	0.01157	0.01157	0.01619	0.01388	0.01388	0.01619	0.01157	0.01272	0.00810	0.01272	0.00694	0.01157	0.00694	0.00925	0.01735	0.00231	0.80453	0.00463	0.00231	0.00578
74	0.00648	0.00463	0.00618	0.00741	0.00773	0.00433	0.00498	0.00743	0.01016	0.01354	0.02912	0.79613	0.03488	0.01652	0.00676	0.00215	0.00310	0.02925	0.00491	0.00431
75	0.01370	0.01163	0.01226	0.01087	0.01396	0.01341	0.00850	0.08650	0.71238	0.02300	0.02082	0.01917	0.01557	0.00711	0.00537	0.00178	0.00431	0.00588	0.00537	0.00842
76	0.01403	0.79352	0.05064	0.00923	0.01385	0.02066	0.00936	0.01586	0.01075	0.01257	0.00741	0.00856	0.00678	0.00454	0.00344	0.00115	0.00572	0.00286	0.00226	0.00682
77	0.00664	0.00482	0.00632	0.00745	0.00797	0.00449	0.00521	0.00775	0.01049	0.01380	0.03098	0.67139	0.09422	0.01610	0.00677	0.00215	0.00322	0.09095	0.00490	0.00437
78	0.01096	0.00940	0.01096	0.00783	0.01253	0.00705	0.00626	0.01331	0.01096	0.01723	0.00940	0.01096	0.00783	0.00392	0.00392	0.00078	0.00392	0.00313	0.00313	0.84653
79	0.02010	0.01481	0.01587	0.01216	0.01639	0.01639	0.01005	0.76360	0.02486	0.03332	0.01269	0.01269	0.00899	0.00635	0.00529	0.00159	0.00582	0.00476	0.00529	0.00899
80	0.00769	0.00513	0.00577	0.00577	0.00577	0.00513	0.00320	0.00769	0.00769	0.01025	0.01666	0.03460	0.01922	0.81421	0.02691	0.00513	0.00513	0.00769	0.00320	0.00320
81	0.00748	0.00540	0.00707	0.00665	0.00790	0.00499	0.00499	0.00998	0.01496	0.02120	0.77844	0.03949	0.04988	0.01081	0.00624	0.00166	0.00249	0.00956	0.00582	0.00499
82	0.02010	0.01481	0.01587	0.01216	0.01639	0.01639	0.01005	0.76360	0.02486	0.03332	0.01269	0.01269	0.00899	0.00635	0.00529	0.00159	0.00582	0.00476	0.00529	0.00899
83	0.75492	0.06204	0.00941	0.00743	0.01076	0.05346	0.00617	0.01585	0.00942	0.02244	0.00740	0.00863	0.00585	0.00491	0.00336	0.00159	0.00447	0.00289	0.00318	0.00581
84	0.01313	0.01250	0.02042	0.12457	0.64422	0.02678	0.01566	0.04798	0.01246	0.01742	0.00996	0.01313	0.00821	0.00486	0.00523	0.00159	0.00641	0.00469	0.00270	0.00806
85	0.00823	0.00666	0.00980	0.00941	0.01019	0.00823	0.00745	0.01000	0.00843	0.01235	0.01294	0.01921	0.01215	0.03450	0.66171	0.00745	0.14816	0.00549	0.00274	0.00490
86	0.00989	0.00596	0.00769	0.00700	0.00874	0.00537	0.00537	0.01214	0.01448	0.14074	0.53885	0.05257	0.13467	0.01064	0.00612	0.00170	0.00289	0.02384	0.00578	0.00554
87	0.00748	0.00540	0.00707	0.00665	0.00790	0.00499	0.00499	0.00998	0.01496	0.02120	0.77844	0.03949	0.04988	0.01081	0.00624	0.00166	0.00249	0.00956	0.00582	0.00499
88	0.00686	0.00487	0.00637	0.00741	0.00782	0.00463	0.00512	0.00786	0.01012	0.01339	0.02800	0.59870	0.05073	0.11800	0.00938	0.00255	0.00355	0.10573	0.00469	0.00423
89	0.00769	0.00513	0.00577	0.00577	0.00577	0.00513	0.00320	0.00769	0.00769	0.01025	0.01666	0.03460	0.01922	0.81421	0.02691	0.00513	0.00513	0.00769	0.00320	0.00320
90	0.01413	0.81739	0.02770	0.00905	0.01357	0.02092	0.00905	0.01583	0.01074	0.01244	0.00735	0.00848	0.00678	0.00452	0.00339	0.00113	0.00565	0.00283	0.00226	0.00678
91	0.01096	0.00940	0.01096	0.00783	0.01253	0.00705	0.00626	0.01331	0.01096	0.01723	0.00940	0.01096	0.00783	0.00392	0.00392	0.00078	0.00392	0.00313	0.00313	0.84653
92	0.01234	0.01386	0.02899	0.02105	0.02561	0.01378	0.65169	0.01631	0.01183	0.01631	0.01014	0.01386	0.00786	0.00516	0.00787	0.00186	0.12589	0.00600	0.00262	0.00693
93	0.71337	0.00935	0.00730	0.00662	0.00956	0.01072	0.00539	0.01501	0.00934	0.02306	0.00898	0.01041	0.00701	0.00511	0.00334	0.00157	0.00382	0.00320	0.14122	0.00559
94	0.01385	0.04476	0.09494	0.01026	0.04081	0.03032	0.04047	0.03545	0.01384	0.24285	0.23809	0.02595	0.08673	0.05001	0.00669	0.00182	0.00464	0.00684	0.00493	0.00676
95	0.00768	0.00569	0.00808	0.00802	0.00873	0.00651	0.00597	0.00913	0.00831	0.01183	0.01454	0.02361	0.01440	0.21099	0.60390	0.00760	0.03160	0.00609	0.00290	0.00441
96	0.00644	0.00460	0.00613	0.00736	0.00767	0.00429	0.00491	0.00736	0.01012	0.01350	0.02914	0.81076	0.03497	0.01656	0.00675	0.00215	0.00307	0.01503	0.00491	0.00429
97	0.01096	0.00940	0.01096	0.00783	0.01253	0.00705	0.00626	0.01331	0.01096	0.01723	0.00940	0.01096	0.00783	0.00392	0.00392	0.00078	0.00392	0.00313	0.00313	0.84653
98	0.01829	0.02225	0.01583	0.08777	0.06864	0.62152	0.02527	0.05180	0.01476	0.01422	0.00864	0.01041	0.00705	0.00540	0.00490	0.00143	0.00892	0.00372	0.00279	0.00639
99	0.00727	0.00540	0.00678	0.00643	0.00777	0.00490	0.00482	0.00957	0.01447	0.02002	0.65528	0.04142	0.17378	0.01125	0.00624	0.00168	0.00253	0.00983	0.00566	0.00490
100	0.01951	0.01452	0.01553	0.01204	0.01617	0.01612	0.00991	0.70126	0.08816	0.03237	0.01344	0.01329	0.00960	0.00642	0.00530	0.00160	0.00568	0.00486	0.00530	0.00894
101	0.02107	0.01006	0.01255	0.00993	0.01379	0.00974	0.00810	0.11526	0.15321	0.54176	0.03395	0.01806	0.01382	0.00671	0.00534	0.00166	0.00456	0.00545	0.00617	0.00881
102	0.02152	0.01006	0.01266	0.00992	0.01377	0.00960	0.00811	0.18924	0.03562	0.54792	0.01959	0.06873	0.01368	0.00717	0.00541	0.00166	0.00469	0.00584	0.00613	0.00867
103	0.01975	0.02520	0.01498	0.01362	0.01634	0.79299	0.01021	0.02111	0.01498	0.01294	0.00817	0.00953	0.00681	0.00545	0.00477	0.00136	0.00953	0.00340	0.00272	0.00613
104	0.01096	0.00940	0.01096	0.00783	0.01253	0.00705	0.00626	0.01331	0.01096	0.01723	0.00940	0.01096	0.00783	0.00392	0.00392	0.00078	0.00392	0.00313	0.00313	0.84653
105	0.85155	0.01022	0.00777	0.00695	0.01022	0.01186	0.00573	0.01554	0.00900	0.02372	0.00736	0.00859	0.00573	0.00491	0.00327	0.00164	0.00409	0.00286	0.00327	0.00573
106	0.01308	0.01256	0.02146	0.03245	0.78123	0.01256	0.01622	0.01622	0.01204	0.01727	0.00994	0.01308	0.00837	0.00471	0.00523	0.00157	0.00628	0.00471	0.00262	0.00837
107	0.00998	0.00940	0.01586	0.80150	0.03641	0.01175	0.01468	0.01351	0.01057	0.01351	0.00940	0.01409	0.00705	0.00529	0.00529	0.00176	0.00705	0.00470	0.00235	0.00587
108	0.00638	0.00525	0.00561	0.00575	0.00728	0.00448	0.00423	0.00776	0.01202	0.01476	0.11154	0.15767	0.61175	0.01362	0.00632	0.00183	0.00272	0.01157	0.00499	0.00448
109	0.01335	0.58405	0.23013	0.01078	0.01613	0.04033	0.01188	0.01622	0.01097	0.01360	0.00794	0.00923	0.00676	0.00468	0.00387	0.00128	0.00634	0.00313	0.00227	0.00704
110	0.00762	0.00540	0.00713	0.00713	0.00761	0.00587	0.00491	0.00857	0.00809	0.01126	0.01541	0.02767	0.01621	0.42629	0.41072	0.00681	0.00965	0.00667	0.00302	0.00396
111	0.00776	0.00573	0.00729	0.00684	0.00820	0.00543	0.00515	0.01092	0.05712	0.02104	0.71429	0.03873	0.07003	0.01068	0.00619	0.00167	0.00259	0.00941	0.00577	0.00516
112	0.11617	0.01368	0.01385	0.03489	0.01549	0.07364	0.00914	0.43220	0.07223	0.12466	0.01433	0.01416	0.02917	0.00634	0.00505	0.00161	0.00558	0.00475	0.00492	0.00814
113	0.01939	0.01535	0.01541	0.01215	0.01613	0.08190	0.00990	0.62857	0.09723	0.03049	0.01317	0.01311	0.00951	0.00635	0.00525	0.00159	0.00597	0.00476	0.00508	0.00869
114	0.04918	0.08195	0.01589	0.01139	0.01540	0.01578	0.00947	0.57172	0.08340	0.05089	0.01344	0.03434	0.01008	0.00649	0.00510	0.00158	0.00550	0.00492	0.00499	0.00851
115	0.02234	0.00869	0.01183	0.00917	0.01302	0.00753	0.00753	0.02443	0.01512	0.72016	0.08507	0.01982	0.01621	0.00690	0.00539	0.00164	0.00433	0.00568	0.00648	0.00866
116	0.00655	0.00511	0.00577	0.00617	0.00727	0.00453	0.00434	0.00768	0.01111	0.01392	0.07095	0.28950	0.42144	0.09719	0.00856	0.00225	0.00309	0.02549	0.00477	0.00431
117	0.01730	0.01467	0.06489	0.01320	0.06449	0.03384	0.01057	0.50379	0.12162	0.02823	0.03548	0.02946	0.01169	0.00670	0.00536	0.00164	0.00569	0.01804	0.00487	0.00845
118	0.00893	0.00813	0.01195	0.11038	0.01489	0.04135	0.10700	0.01081	0.01076	0.01401	0.03526	0.31051	0.07765	0.07615	0.00883	0.00226	0.06510	0.07709	0.00388	0.00505
119	0.00801	0.00630	0.00920	0.00894	0.00972	0.00760	0.00697	0.00971	0.00840	0.01220	0.01349	0.02055	0.01286	0.08220	0.66017	0.00760	0.10285	0.00567	0.00280	0.00475
120	0.01304	0.03371	0.06629	0.13221	0.34730	0.08321	0.05070	0.04487	0.01225	0.01663	0.00958	0.01239	0.00779	0.00499	0.00548	0.00151	0.03643	0.00437	0.00272	0.11454
121	0.01413	0.81739	0.02770	0.00905	0.01357	0.02092	0.00905	0.01583	0.01074	0.01244	0.00735	0.00848	0.00678	0.00452	0.00339	0.00113	0.00565	0.00283	0.00226	0.00678
122	0.01248	0.01426	0.03119	0.02228	0.02763	0.01337	0.76203	0.01693	0.01248	0.01693	0.01070	0.01426	0.00802	0.00446	0.00624	0.00178	0.00891	0.00624	0.00267	0.00713
123	0.00757	0.00498	0.00593	0.00617	0.00623	0.00492	0.00365	0.00756	0.00810	0.01080	0.01847	0.18500	0.02145	0.59057	0.02243	0.07583	0.00468	0.00886	0.00346	0.00334
124	0.01483	0.01021	0.01176	0.01038	0.03211	0.01080	0.00782	0.36806	0.02958	0.08821	0.01867	0.23581	0.01805	0.09538	0.00803	0.00214	0.00484	0.02134	0.00499	0.00698
125	0.01096	0.00940	0.01096	0.00783	0.01253	0.00705	0.00626	0.01331	0.01096	0.01723	0.00940	0.01096	0.00783	0.00392	0.00392	0.00078	0.00392	0.00313	0.00313	0.84653
126	0.00757	0.00560	0.00815	0.00815	0.00897	0.00642	0.00618	0.00922	0.00839	0.01202	0.01448	0.02253	0.01398	0.13807	0.69588	0.00807	0.01301	0.00592	0.00288	0.00453
127	0.00952	0.00532	0.00598	0.06438	0.00862	0.00543	0.00466	0.01204	0.01148	0.01927	0.09862	0.02216	0.03577	0.00677	0.00415	0.00133	0.00281	0.00556	0.67113	0.00499
128	0.02236	0.00886	0.01194	0.00928	0.01316	0.00779	0.00762	0.02488	0.04121	0.71204	0.06706	0.01936	0.01543	0.00682	0.00537	0.00164	0.00437	0.00560	0.00646	0.00873
129	0.00769	0.00513	0.00577	0.00577	0.00577	0.00513	0.00320	0.00769	0.00769	0.01025	0.01666	0.03460	0.01922	0.81421	0.02691	0.00513	0.00513	0.00769	0.00320	0.00320
130	0.82625	0.03461	0.00837	0.00702	0.01032	0.01213	0.00583	0.01555	0.00905	0.02338	0.00736	0.00858	0.00576	0.00490	0.00328	0.00162	0.00414	0.00286	0.00324	0.00576
131	0.00985	0.00493	0.00493	0.00493	0.00616	0.00493	0.00370	0.01232	0.01109	0.01971	0.01725	0.01971	0.01355	0.00616	0.00370	0.00123	0.00246	0.00493	0.84356	0.00493
132	0.01466	0.74374	0.02652	0.00947	0.01383	0.09269	0.00915	0.01632	0.01114	0.01248	0.00743	0.00858	0.00679	0.00461	0.00352	0.00115	0.00601	0.00288	0.00230	0.00672
133	0.00843	0.00603	0.00840	0.00947	0.01069	0.00599	0.00822	0.01087	0.01241	0.01628	0.09160	0.05793	0.03207	0.01428	0.00721	0.00237	0.00467	0.68326	0.00495	0.00488
134	0.01201	0.01281	0.07167	0.20753	0.45836	0.01228	0.08380	0.01577	0.02730	0.01637	0.01094	0.01417	0.02309	0.00506	0.00535	0.00165	0.00669	0.00494	0.00264	0.00757
135	0.10283	0.01258	0.01332	0.05985	0.04752	0.07365	0.00915	0.27398	0.11970	0.12375	0.05230	0.01673	0.04579	0.00670	0.00533	0.00164	0.01757	0.00520	0.00473	0.00769
136	0.01289	0.01215	0.07813	0.00962	0.01450	0.00958	0.02189	0.17196	0.01394	0.02057	0.01012	0.01140	0.00798	0.00453	0.00434	0.00105	0.00474	0.00360	0.00350	0.58352
137	0.00762	0.00512	0.00588	0.00594	0.00599	0.00514	0.00341	0.00774	0.00784	0.01048	0.01717	0.07186	0.01977	0.74705	0.05397	0.00510	0.00536	0.00797	0.00327	0.00331
138	0.05230	0.01228	0.01641	0.01264	0.01629	0.06305	0.14034	0.11330	0.02647	0.21181	0.01258	0.01357	0.00918	0.00601	0.00700	0.00160	0.13049	0.00472	0.00407	0.14590
139	0.85155	0.01022	0.00777	0.00695	0.01022	0.01186	0.00573	0.01554	0.00900	0.02372	0.00736	0.00859	0.00573	0.00491	0.00327	0.00164	0.00409	0.00286	0.00327	0.00573
140	0.01315	0.01136	0.01195	0.01076	0.01375	0.01315	0.00837	0.02809	0.77168	0.02211	0.02152	0.01972	0.01614	0.00717	0.00538	0.00179	0.00418	0.00598	0.00538	0.00837
141	0.00661	0.00474	0.00632	0.00752	0.00793	0.00445	0.00519	0.00767	0.01034	0.01371	0.02959	0.72990	0.05141	0.01632	0.00678	0.00216	0.00321	0.07687	0.00490	0.00435
142	0.00769	0.00513	0.00577	0.00577	0.00577	0.00513	0.00320	0.00769	0.00769	0.01025	0.01666	0.03460	0.01922	0.81421	0.02691	0.00513	0.00513	0.00769	0.00320	0.00320
143	0.00998	0.00940	0.01586	0.80150	0.03641	0.01175	0.01468	0.01351	0.01057	0.01351	0.00940	0.01409	0.00705	0.00529	0.00529	0.00176	0.00705	0.00470	0.00235	0.00587
144	0.00765	0.00511	0.00578	0.00581	0.00582	0.00510	0.00325	0.00768	0.00775	0.01034	0.01699	0.05544	0.01964	0.79279	0.02637	0.00505	0.00507	0.00788	0.00325	0.00323
145	0.01096	0.00940	0.01096	0.00783	0.01253	0.00705	0.00626	0.01331	0.01096	0.01723	0.00940	0.01096	0.00783	0.00392	0.00392	0.00078	0.00392	0.00313	0.00313	0.84653
146	0.00644	0.00460	0.00613	0.00736	0.00767	0.00429	0.00491	0.00736	0.01012	0.01350	0.02914	0.81076	0.03497	0.01656	0.00675	0.00215	0.00307	0.01503	0.00491	0.00429
147	0.00998	0.00940	0.01586	0.80150	0.03641	0.01175	0.01468	0.01351	0.01057	0.01351	0.00940	0.01409	0.00705	0.00529	0.00529	0.00176	0.00705	0.00470	0.00235	0.00587
148	0.01901	0.02156	0.01478	0.01300	0.01604	0.55217	0.00996	0.16188	0.10851	0.01789	0.01064	0.01136	0.00835	0.00583	0.00494	0.00146	0.00819	0.00397	0.00353	0.00694
149	0.01887	0.01235	0.13900	0.01039	0.01490	0.00923	0.00964	0.05026	0.09425	0.47248	0.03306	0.03004	0.01295	0.00643	0.00522	0.00161	0.00496	0.00524	0.00540	0.06372
150	0.01419	0.36691	0.26138	0.01141	0.01653	0.07169	0.01221	0.03403	0.01186	0.09164	0.01034	0.03987	0.00847	0.00553	0.00466	0.00144	0.02376	0.00398	0.00288	0.00722
151	0.01248	0.01426	0.03119	0.02228	0.02763	0.01337	0.76203	0.01693	0.01248	0.01693	0.01070	0.01426	0.00802	0.00446	0.00624	0.00178	0.00891	0.00624	0.00267	0.00713
152	0.03763	0.00903	0.01213	0.00935	0.01336	0.00792	0.00771	0.03743	0.01518	0.74208	0.03757	0.01823	0.01372	0.00661	0.00530	0.00164	0.00447	0.00536	0.00645	0.00885
153	0.05732	0.00993	0.01268	0.07676	0.01544	0.00973	0.00850	0.16363	0.01631	0.48686	0.07312	0.01781	0.01416	0.00664	0.00529	0.00164	0.00480	0.00536	0.00575	0.00829
154	0.01336	0.01145	0.02759	0.21037	0.01911	0.06108	0.00993	0.20171	0.13774	0.03842	0.11452	0.03388	0.04934	0.00738	0.00547	0.00169	0.00541	0.02382	0.02081	0.00693
155	0.02010	0.01481	0.01587	0.01216	0.01639	0.01639	0.01005	0.76360	0.02486	0.03332	0.01269	0.01269	0.00899	0.00635	0.00529	0.00159	0.00582	0.00476	0.00529	0.00899
156	0.01214	0.01149	0.01940	0.32396	0.44873	0.01241	0.03639	0.04256	0.01196	0.01642	0.00986	0.01349	0.00788	0.00498	0.00528	0.00165	0.00663	0.00475	0.00261	0.00741
157	0.00644	0.00462	0.00611	0.00730	0.00765	0.00430	0.00488	0.00737	0.01018	0.01352	0.02988	0.78780	0.05745	0.01647	0.00673	0.00214	0.00306	0.01491	0.00491	0.00430
158	0.02010	0.01481	0.01587	0.01216	0.01639	0.01639	0.01005	0.76360	0.02486	0.03332	0.01269	0.01269	0.00899	0.00635	0.00529	0.00159	0.00582	0.00476	0.00529	0.00899
159	0.01086	0.01030	0.01745	0.58295	0.24808	0.01198	0.01512	0.01428	0.01099	0.01458	0.00955	0.01381	0.00742	0.00512	0.00527	0.00171	0.00683	0.00470	0.00243	0.00658
160	0.01343	0.01381	0.02959	0.02119	0.02643	0.01289	0.69810	0.01768	0.01270	0.08203	0.01156	0.01458	0.00845	0.00463	0.00616	0.00177	0.00854	0.00616	0.00300	0.00729
161	0.05825	0.01011	0.02559	0.00987	0.01322	0.00996	0.00819	0.14072	0.04565	0.41088	0.12482	0.01915	0.01678	0.00727	0.00636	0.00170	0.07227	0.00566	0.00561	0.00796
162	0.00755	0.00566	0.00850	0.00850	0.00944	0.00661	0.00661	0.00944	0.00850	0.01227	0.01416	0.02077	0.01322	0.03965	0.79326	0.00850	0.01416	0.00566	0.00283	0.00472
163	0.03253	0.00972	0.02512	0.00959	0.01191	0.01027	0.00746	0.18051	0.25219	0.03442	0.04118	0.22904	0.02072	0.07451	0.00748	0.00212	0.00438	0.03515	0.00496	0.00674
164	0.01144	0.03981	0.55828	0.01341	0.02019	0.01152	0.02954	0.04821	0.01192	0.03727	0.02845	0.01205	0.00821	0.00506	0.00488	0.00151	0.00685	0.00401	0.00272	0.14467
165	0.01374	0.56531	0.18360	0.01068	0.01570	0.07115	0.01127	0.01690	0.04370	0.01378	0.00846	0.00959	0.00717	0.00480	0.00391	0.00129	0.00630	0.00322	0.00242	0.00702
166	0.01474	0.73545	0.02648	0.00939	0.01386	0.03409	0.00915	0.07931	0.01201	0.01422	0.00782	0.00886	0.00697	0.00469	0.00358	0.00117	0.00574	0.00300	0.00253	0.00696
167	0.00662	0.00539	0.00589	0.00596	0.00757	0.00466	0.00455	0.00820	0.01242	0.01539	0.15724	0.07679	0.58608	0.01322	0.00635	0.00183	0.00284	0.06938	0.00504	0.00457
168	0.01526	0.01137	0.01379	0.09308	0.01652	0.01239	0.03666	0.43617	0.01868	0.04649	0.01649	0.20460	0.01521	0.00952	0.02683	0.00193	0.00559	0.00731	0.00477	0.00736
169	0.01758	0.01337	0.04669	0.01107	0.01468	0.04170	0.00921	0.50034	0.02036	0.09206	0.03227	0.09506	0.01321	0.03844	0.00622	0.00177	0.00546	0.00598	0.02658	0.00795
170	0.00761	0.00543	0.00747	0.00869	0.00951	0.00530	0.00693	0.00938	0.01127	0.01480	0.02849	0.38953	0.03242	0.01546	0.00706	0.00231	0.00408	0.42476	0.00489	0.00462
171	0.00738	0.00500	0.00586	0.00616	0.00623	0.00492	0.00362	0.00761	0.00828	0.01105	0.01972	0.22491	0.02308	0.61863	0.02196	0.00439	0.00462	0.00949	0.00362	0.00347
172	0.06132	0.07416	0.04493	0.04363	0.04093	0.00961	0.00803	0.11068	0.02850	0.18243	0.15605	0.14761	0.03794	0.02327	0.00584	0.00175	0.00442	0.00731	0.00484	0.00673
173	0.01349	0.07784	0.05135	0.01988	0.04402	0.01354	0.56947	0.01742	0.01235	0.08152	0.01110	0.01390	0.00828	0.00484	0.00628	0.00173	0.03707	0.00572	0.00294	0.00726
174	0.00655	0.00465	0.00610	0.00723	0.00751	0.00436	0.00476	0.00739	0.00992	0.01322	0.02808	0.74497	0.03363	0.08417	0.00846	0.00240	0.00324	0.01441	0.00476	0.00420
175	0.00896	0.00581	0.00812	0.00788	0.00885	0.00633	0.00584	0.01038	0.00885	0.07725	0.01536	0.02404	0.01473	0.23346	0.53194	0.00706	0.01105	0.00615	0.00324	0.00470
176	0.01103	0.02234	0.53271	0.08304	0.07538	0.03319	0.07074	0.01614	0.01138	0.01641	0.03759	0.01277	0.00853	0.00539	0.00571	0.00170	0.04169	0.00442	0.00245	0.00740
177	0.01060	0.02735	0.78682	0.01507	0.02288	0.01228	0.01953	0.01674	0.01116	0.01674	0.00949	0.01116	0.00670	0.00502	0.00502	0.00167	0.00781	0.00391	0.00223	0.00781
178	0.50041	0.01002	0.01025	0.00985	0.07649	0.01064	0.00721	0.03902	0.01147	0.22577	0.01330	0.01340	0.04112	0.00573	0.00417	0.00164	0.00437	0.00408	0.00421	0.00686
179	0.00815	0.00615	0.00751	0.00699	0.00853	0.00592	0.00529	0.03146	0.07901	0.02075	0.60474	0.03849	0.13543	0.01070	0.00614	0.00169	0.00275	0.00932	0.00566	0.00532
180	0.00767	0.00567	0.00769	0.00757	0.00801	0.00584	0.03692	0.00840	0.00870	0.01180	0.01923	0.24951	0.02194	0.42489	0.11965	0.00448	0.03513	0.00932	0.00358	0.00397
181	0.01692	0.08188	0.01455	0.01095	0.01439	0.11505	0.00885	0.28119	0.20530	0.09499	0.04889	0.03601	0.03374	0.00693	0.00519	0.00160	0.00546	0.00540	0.00484	0.00787
182	0.00698	0.00498	0.00675	0.00797	0.00851	0.00476	0.00584	0.00829	0.01065	0.01409	0.02884	0.61714	0.03379	0.01606	0.00689	0.00222	0.00353	0.20336	0.00490	0.00444
183	0.00644	0.00460	0.00613	0.00736	0.00767	0.00429	0.00491	0.00736	0.01012	0.01350	0.02914	0.81076	0.03497	0.01656	0.00675	0.00215	0.00307	0.01503	0.00491	0.00429
184	0.00768	0.00517	0.00600	0.00600	0.00608	0.00525	0.00349	0.00784	0.00776	0.01042	0.01645	0.03342	0.01871	0.74856	0.09187	0.00541	0.00589	0.00752	0.00317	0.00333
185	0.00644	0.00460	0.00613	0.00736	0.00767	0.00429	0.00491	0.00736	0.01012	0.01350	0.02914	0.81076	0.03497	0.01656	0.00675	0.00215	0.00307	0.01503	0.00491	0.00429
186	0.01308	0.01256	0.02146	0.03245	0.78123	0.01256	0.01622	0.01622	0.01204	0.01727	0.00994	0.01308	0.00837	0.00471	0.00523	0.00157	0.00628	0.00471	0.00262	0.00837
187	0.01913	0.01841	0.01461	0.01220	0.01555	0.34417	0.00961	0.38903	0.01957	0.02360	0.01114	0.01192	0.00843	0.00595	0.00494	0.00146	0.00712	0.00420	0.07149	0.00745
188	0.00732	0.00540	0.00684	0.00648	0.00780	0.00492	0.00486	0.00966	0.01458	0.02028	0.68192	0.04101	0.14698	0.01115	0.00624	0.00168	0.00252	0.00977	0.00570	0.00492
189	0.00724	0.00852	0.13436	0.00848	0.01027	0.00573	0.00738	0.00920	0.01080	0.01454	0.05957	0.52870	0.11374	0.01399	0.00641	0.00202	0.00386	0.04575	0.00450	0.00495
190	0.01689	0.02791	0.01397	0.07298	0.03642	0.01315	0.00929	0.42014	0.08339	0.09224	0.04223	0.01569	0.01181	0.00722	0.02416	0.00175	0.00540	0.00508	0.09233	0.00796
191	0.00663	0.00526	0.00595	0.00602	0.00743	0.00459	0.00442	0.00823	0.01259	0.01613	0.25541	0.15940	0.46299	0.01312	0.00632	0.00180	0.00268	0.01127	0.00517	0.00459
192	0.01060	0.02735	0.78682	0.01507	0.02288	0.01228	0.01953	0.01674	0.01116	0.01674	0.00949	0.01116	0.00670	0.00502	0.00502	0.00167	0.00781	0.00391	0.00223	0.00781
193	0.00807	0.00585	0.00774	0.00856	0.00973	0.00570	0.00716	0.01014	0.01196	0.01555	0.09362	0.05444	0.12221	0.09139	0.00898	0.00255	0.00442	0.52247	0.00479	0.00467
194	0.00754	0.00568	0.00837	0.00842	0.00927	0.00656	0.00646	0.00928	0.00860	0.01232	0.01536	0.08796	0.01512	0.06049	0.68800	0.00773	0.02867	0.00650	0.00301	0.00466
195	0.00899	0.01179	0.20295	0.00937	0.01253	0.00802	0.00912	0.01414	0.13106	0.01909	0.34880	0.07277	0.09906	0.00941	0.00585	0.00174	0.00418	0.02031	0.00470	0.00613
196	0.00918	0.00459	0.00689	0.00689	0.00689	0.00459	0.00459	0.00689	0.00689	0.00918	0.00918	0.01607	0.00918	0.01837	0.02066	0.84619	0.00459	0.00459	0.00230	0.00230
197	0.10482	0.41229	0.22958	0.01099	0.01600	0.05559	0.01172	0.04821	0.01138	0.01576	0.00818	0.00956	0.00675	0.00500	0.00448	0.00141	0.03550	0.00330	0.00252	0.00697
198	0.03261	0.10489	0.01329	0.00946	0.02910	0.01024	0.00760	0.12881	0.04606	0.26853	0.16403	0.03977	0.03766	0.00725	0.00516	0.00152	0.00433	0.00592	0.00514	0.07862
199	0.68217	0.09289	0.03892	0.03008	0.01200	0.01269	0.01985	0.01542	0.00932	0.02165	0.00759	0.00906	0.00601	0.00512	0.00377	0.01690	0.00456	0.00304	0.00308	0.00588
200	0.01157	0.19256	0.22124	0.01099	0.01500	0.01154	0.02544	0.04646	0.01224	0.05914	0.05116	0.06986	0.01748	0.02197	0.00585	0.00184	0.00572	0.20978	0.00367	0.00648
201	0.03221	0.05364	0.08001	0.01151	0.03194	0.06248	0.03069	0.24720	0.08049	0.07464	0.01312	0.04212	0.01041	0.00605	0.00493	0.00145	0.00552	0.01874	0.00415	0.18869
