[name]
unknown

[dist]
# distance from previous block
# <min> <max>
0	84

[block]
# block no. 0 follows, 50 sequences, length 17
# corresponding to MSA columns:
# 95-111
name=unknown_A
#
# <colnr> <probs for GDERKNQSTAVLIFYWHMCP>
#	G	D	E	R	K	N	Q	S	T	A	V	L	I	F	Y	W	H	M	C	P
0	0.00865	0.00805	0.06016	0.04492	0.04031	0.04234	0.00707	0.02310	0.01175	0.04903	0.17022	0.19736	0.20536	0.01091	0.00605	0.00176	0.02264	0.08091	0.00435	0.00507
1	0.62701	0.01179	0.05820	0.00986	0.06693	0.04479	0.03799	0.06250	0.01011	0.02142	0.00770	0.00904	0.00595	0.00471	0.00360	0.00153	0.00471	0.00314	0.00306	0.00595
2	0.01095	0.00595	0.00780	0.00690	0.00877	0.00533	0.00533	0.01305	0.01376	0.22299	0.50481	0.06805	0.08713	0.00954	0.00567	0.00159	0.00288	0.00830	0.00557	0.00563
3	0.00929	0.00465	0.00465	0.00465	0.00581	0.00465	0.00348	0.01161	0.01045	0.01858	0.01626	0.01858	0.01278	0.00581	0.00348	0.00116	0.00232	0.00465	0.85250	0.00465
4	0.01231	0.00943	0.08432	0.00852	0.01157	0.00770	0.00742	0.09307	0.06598	0.17748	0.25086	0.05470	0.06454	0.00793	0.00526	0.00152	0.00388	0.02994	0.00484	0.09872
5	0.10820	0.00896	0.01399	0.49877	0.02605	0.01020	0.07076	0.01364	0.01023	0.06333	0.01042	0.04606	0.00826	0.00534	0.00476	0.00158	0.00583	0.00470	0.03111	0.05781
6	0.00929	0.00465	0.00465	0.00465	0.00581	0.00465	0.00348	0.01161	0.01045	0.01858	0.01626	0.01858	0.01278	0.00581	0.00348	0.00116	0.00232	0.00465	0.85250	0.00465
7	0.00730	0.00664	0.05511	0.00607	0.00814	0.00512	0.00507	0.00943	0.03445	0.04699	0.13966	0.04095	0.56128	0.01111	0.00566	0.00164	0.00291	0.00930	0.03842	0.00477
8	0.00674	0.00469	0.00571	0.00625	0.00653	0.00453	0.00401	0.00730	0.00866	0.01143	0.02306	0.35807	0.06716	0.40128	0.01543	0.00336	0.00390	0.05442	0.00386	0.00360
9	0.00941	0.00886	0.01495	0.81285	0.03433	0.01107	0.01384	0.01274	0.00997	0.01274	0.00886	0.01329	0.00664	0.00498	0.00498	0.00166	0.00664	0.00443	0.00221	0.00554
10	0.00644	0.00458	0.00578	0.00655	0.00693	0.00433	0.00436	0.00724	0.00934	0.01236	0.04596	0.53401	0.08059	0.20074	0.01070	0.00265	0.00337	0.04591	0.00428	0.00386
11	0.00920	0.00575	0.00702	0.03339	0.00820	0.00568	0.00461	0.05051	0.00993	0.09266	0.06507	0.18536	0.04894	0.43354	0.01593	0.00335	0.00426	0.00836	0.00394	0.00430
12	0.54622	0.01017	0.00923	0.00853	0.04343	0.04344	0.00652	0.06044	0.03838	0.13373	0.01044	0.03111	0.00797	0.00533	0.00377	0.00153	0.00424	0.00368	0.02564	0.00618
13	0.00930	0.00604	0.00775	0.00784	0.04379	0.00571	0.00561	0.01205	0.06133	0.10676	0.36049	0.12396	0.12873	0.01005	0.00563	0.00164	0.00300	0.03712	0.05788	0.00533
14	0.01031	0.01148	0.13119	0.19531	0.01902	0.01058	0.07382	0.03805	0.01026	0.04232	0.05859	0.01577	0.01080	0.06679	0.07961	0.00247	0.16242	0.00493	0.00279	0.05348
15	0.30325	0.08148	0.15077	0.03563	0.03436	0.02817	0.00938	0.13673	0.03992	0.05615	0.03909	0.01140	0.00859	0.00517	0.00412	0.00147	0.00506	0.00373	0.00338	0.04217
16	0.06663	0.02713	0.02076	0.08887	0.01336	0.00980	0.03581	0.07928	0.02648	0.02880	0.04575	0.07093	0.07505	0.08546	0.02090	0.00202	0.15952	0.00579	0.04232	0.09535

[dist]
# distance from previous block
# <min> <max>
13	63

[block]
# block no. 1 follows, 50 sequences, length 13
# corresponding to MSA columns:
# 177-189
name=unknown_B
#
# <colnr> <probs for GDERKNQSTAVLIFYWHMCP>
#	G	D	E	R	K	N	Q	S	T	A	V	L	I	F	Y	W	H	M	C	P
0	0.05374	0.17951	0.18509	0.03376	0.04808	0.02540	0.01034	0.06314	0.04040	0.17168	0.02604	0.03786	0.01097	0.00601	0.00456	0.00149	0.00527	0.04481	0.04496	0.00691
1	0.03797	0.24074	0.13613	0.03903	0.06915	0.01316	0.04350	0.06101	0.05613	0.03958	0.02496	0.02365	0.00920	0.02450	0.00541	0.00146	0.04766	0.01528	0.00292	0.10855
2	0.03865	0.03302	0.07089	0.03944	0.02514	0.12761	0.06624	0.09619	0.03167	0.10130	0.08124	0.17551	0.01662	0.02010	0.01731	0.00172	0.00544	0.00662	0.00391	0.04139
3	0.00886	0.00723	0.01131	0.00932	0.01146	0.00683	0.15793	0.01121	0.03338	0.03841	0.09203	0.07828	0.12913	0.13604	0.10990	0.00286	0.00560	0.00717	0.06928	0.07378
4	0.00990	0.00608	0.00774	0.00980	0.16244	0.00608	0.00583	0.01235	0.01063	0.01813	0.01489	0.01734	0.01181	0.00554	0.00377	0.00122	0.00304	0.00461	0.68352	0.00529
5	0.01513	0.01010	0.01190	0.07960	0.05197	0.03340	0.00820	0.21662	0.08653	0.19915	0.04311	0.01900	0.10285	0.00669	0.00497	0.00150	0.00459	0.00544	0.04454	0.05471
6	0.00756	0.00932	0.16379	0.00770	0.01023	0.00612	0.00732	0.02535	0.01226	0.01677	0.30628	0.09847	0.24495	0.01013	0.00564	0.00165	0.00357	0.03008	0.02769	0.00511
7	0.00885	0.00474	0.00505	0.00497	0.00613	0.00466	0.00373	0.01118	0.01118	0.01886	0.17029	0.02229	0.01959	0.00668	0.00396	0.00124	0.00233	0.00551	0.68412	0.00466
8	0.00903	0.00660	0.00837	0.00814	0.00928	0.00672	0.02897	0.16038	0.01201	0.01608	0.02176	0.51353	0.02459	0.09234	0.02886	0.02926	0.00408	0.01078	0.00435	0.00486
9	0.86003	0.00964	0.00733	0.00655	0.00964	0.01118	0.00540	0.01465	0.00848	0.02236	0.00694	0.00810	0.00540	0.00463	0.00308	0.00154	0.00386	0.00270	0.00308	0.00540
10	0.00951	0.00896	0.00749	0.00702	0.00890	0.16361	0.00530	0.01100	0.01255	0.05634	0.17112	0.03666	0.46236	0.01036	0.00556	0.00158	0.00387	0.00851	0.00445	0.00484
11	0.00703	0.00564	0.00767	0.00816	0.00839	0.00628	0.00587	0.00795	0.00916	0.01258	0.02331	0.66042	0.02771	0.01425	0.00835	0.00206	0.16447	0.01222	0.00414	0.00433
12	0.17973	0.01195	0.04110	0.01613	0.02010	0.01158	0.48549	0.01458	0.01064	0.01670	0.01098	0.09306	0.00959	0.00568	0.00591	0.00171	0.05016	0.00594	0.00282	0.00614

[dist]
# distance from previous block
# <min> <max>
3	70

[block]
# block no. 2 follows, 50 sequences, length 45
# corresponding to MSA columns:
# 340-363,365-385
name=unknown_C
#
# <colnr> <probs for GDERKNQSTAVLIFYWHMCP>
#	G	D	E	R	K	N	Q	S	T	A	V	L	I	F	Y	W	H	M	C	P
0	0.00747	0.00534	0.00650	0.00654	0.00735	0.00519	0.00453	0.03227	0.01013	0.01396	0.13297	0.25655	0.07695	0.24881	0.04942	0.00293	0.01568	0.03094	0.04493	0.04155
1	0.11529	0.00855	0.01016	0.00876	0.03562	0.00837	0.00676	0.08181	0.08318	0.31647	0.13387	0.01882	0.02827	0.00652	0.00474	0.00148	0.00384	0.00529	0.06899	0.05320
2	0.01375	0.00879	0.04561	0.00893	0.01144	0.00817	0.00731	0.14383	0.05529	0.24260	0.10843	0.23929	0.02143	0.00943	0.00587	0.00172	0.02943	0.02706	0.00506	0.00656
3	0.01225	0.00820	0.01133	0.04771	0.02641	0.00826	0.06810	0.12711	0.05332	0.14740	0.14759	0.08681	0.04105	0.08025	0.02210	0.01436	0.00467	0.08247	0.00457	0.00605
4	0.00839	0.00561	0.00640	0.00598	0.00784	0.00492	0.00458	0.01014	0.02538	0.11714	0.14943	0.05233	0.52071	0.01257	0.04426	0.00196	0.00328	0.00930	0.00487	0.00491
5	0.01711	0.01990	0.05004	0.08052	0.05670	0.00986	0.00896	0.16985	0.06245	0.35626	0.03249	0.04055	0.01215	0.01966	0.00530	0.00160	0.00478	0.00516	0.03905	0.00762
6	0.01311	0.14017	0.32593	0.09427	0.02043	0.05695	0.11885	0.02870	0.01153	0.12878	0.01033	0.01170	0.00745	0.00487	0.00472	0.00150	0.00674	0.00409	0.00284	0.00704
7	0.09827	0.00730	0.00893	0.00818	0.01028	0.00723	0.02020	0.04752	0.09429	0.19974	0.07547	0.31894	0.02226	0.01003	0.00544	0.00175	0.00366	0.03246	0.00488	0.02316
8	0.00829	0.00540	0.00679	0.00629	0.00781	0.00484	0.00477	0.01035	0.01347	0.09420	0.54978	0.05407	0.19418	0.01041	0.00581	0.00160	0.00258	0.00904	0.00536	0.00496
9	0.01213	0.01163	0.01957	0.13151	0.44157	0.02236	0.13683	0.08095	0.01229	0.01683	0.01172	0.02686	0.04260	0.00516	0.00516	0.00155	0.00623	0.00508	0.00279	0.00719
10	0.02733	0.01188	0.05434	0.18943	0.23333	0.02021	0.24698	0.01596	0.01148	0.10904	0.01136	0.01387	0.02166	0.00486	0.00522	0.00159	0.00664	0.00498	0.00291	0.00695
11	0.12601	0.08454	0.43459	0.01388	0.03888	0.01266	0.11841	0.05618	0.01099	0.01709	0.00875	0.01053	0.00653	0.00482	0.00499	0.00156	0.03634	0.00386	0.00246	0.00694
12	0.52894	0.02418	0.04465	0.03796	0.01217	0.04181	0.00754	0.04846	0.00961	0.04811	0.00799	0.00972	0.00634	0.00650	0.03353	0.00185	0.11855	0.00331	0.00303	0.00574
13	0.08367	0.00912	0.01312	0.01123	0.01212	0.01152	0.07633	0.01135	0.00810	0.01287	0.00943	0.01537	0.00919	0.11563	0.17711	0.00361	0.40777	0.00491	0.00249	0.00505
14	0.08473	0.02943	0.26894	0.01604	0.02114	0.01186	0.36807	0.01530	0.02240	0.01635	0.03442	0.03745	0.00905	0.00516	0.00563	0.00165	0.03798	0.00515	0.00261	0.00663
15	0.00735	0.00535	0.00601	0.00599	0.00707	0.00501	0.00424	0.02205	0.02485	0.03043	0.08425	0.06769	0.33625	0.29175	0.01264	0.00282	0.00362	0.07436	0.00418	0.00410
16	0.01357	0.57985	0.09845	0.00925	0.01347	0.03130	0.00930	0.01562	0.01050	0.08084	0.00857	0.00956	0.00713	0.00473	0.00416	0.00121	0.04258	0.00312	0.02862	0.02816
17	0.19315	0.13024	0.07899	0.00993	0.01388	0.03511	0.00890	0.33130	0.05779	0.06092	0.01075	0.01114	0.00795	0.00538	0.00427	0.00145	0.00516	0.00384	0.02261	0.00725
18	0.00717	0.00485	0.00568	0.00574	0.00583	0.00491	0.00339	0.00738	0.00744	0.00999	0.01613	0.07370	0.01842	0.71298	0.09223	0.00496	0.00547	0.00745	0.00308	0.00320
19	0.05725	0.01154	0.01305	0.07995	0.01542	0.01258	0.00872	0.47210	0.03824	0.13913	0.01319	0.01391	0.00950	0.03363	0.00550	0.00162	0.00507	0.00461	0.05737	0.00764
20	0.00621	0.00444	0.00574	0.00669	0.00703	0.00415	0.00443	0.00705	0.00951	0.01264	0.04838	0.68629	0.06340	0.09879	0.00829	0.00229	0.00306	0.01316	0.00449	0.00397
21	0.00995	0.02431	0.73075	0.08373	0.02268	0.01153	0.01802	0.01552	0.01048	0.01552	0.00894	0.01076	0.00634	0.00476	0.00476	0.00159	0.00730	0.00375	0.00211	0.00721
22	0.00733	0.00515	0.00653	0.00621	0.00747	0.00469	0.00463	0.00940	0.01337	0.04288	0.61238	0.07990	0.14314	0.02716	0.00627	0.00167	0.00251	0.00933	0.00530	0.00469
23	0.01683	0.01234	0.01343	0.01058	0.01408	0.01353	0.00863	0.59398	0.08197	0.04528	0.12231	0.01615	0.01451	0.00664	0.00512	0.00152	0.00490	0.00523	0.00509	0.00790
24	0.00638	0.00481	0.00594	0.00646	0.00739	0.00436	0.00468	0.00778	0.01115	0.01461	0.19129	0.38246	0.24673	0.01351	0.00617	0.00186	0.00282	0.07253	0.00480	0.00427
25	0.01060	0.00885	0.01036	0.00742	0.01183	0.00666	0.00594	0.01281	0.01042	0.03332	0.00910	0.01048	0.00749	0.00375	0.00372	0.00076	0.00370	0.00300	0.00302	0.83678
26	0.01502	0.01017	0.01287	0.00963	0.01373	0.00930	0.06203	0.17993	0.04812	0.19954	0.01376	0.01384	0.03085	0.00517	0.00455	0.00122	0.00452	0.00429	0.00424	0.35722
27	0.01128	0.00673	0.00808	0.00720	0.00931	0.00632	0.00555	0.05617	0.07470	0.19862	0.20915	0.11707	0.23478	0.02461	0.00597	0.00171	0.00324	0.00850	0.00521	0.00581
28	0.00743	0.00607	0.00670	0.00655	0.00817	0.00589	0.00489	0.01138	0.16290	0.01617	0.19609	0.14336	0.38307	0.01137	0.00579	0.00171	0.00282	0.00974	0.00489	0.00501
29	0.01199	0.00734	0.01054	0.00930	0.01145	0.00704	0.07833	0.03942	0.08623	0.21339	0.10019	0.30354	0.02400	0.01031	0.00580	0.00179	0.00400	0.06436	0.00496	0.00604
30	0.02715	0.04106	0.32640	0.01075	0.01520	0.02419	0.01145	0.01700	0.07933	0.17436	0.17436	0.01794	0.01676	0.00647	0.00540	0.00158	0.03457	0.00520	0.00391	0.00692
31	0.01553	0.01863	0.01454	0.24929	0.05081	0.52359	0.01105	0.01775	0.02914	0.01270	0.00838	0.01059	0.00673	0.00510	0.00467	0.00141	0.00807	0.00367	0.00251	0.00583
32	0.01097	0.19743	0.51974	0.01397	0.02033	0.01349	0.12660	0.01563	0.01062	0.01493	0.00868	0.01040	0.00651	0.00456	0.00457	0.00148	0.00708	0.00378	0.00217	0.00706
33	0.01200	0.01179	0.01754	0.41320	0.03732	0.10096	0.15663	0.03678	0.01114	0.05158	0.00933	0.01270	0.00713	0.00534	0.00634	0.00167	0.09537	0.00459	0.00258	0.00604
34	0.01882	0.00904	0.01153	0.02050	0.02672	0.00857	0.00750	0.15728	0.02755	0.50331	0.08067	0.03369	0.05777	0.00694	0.00515	0.00156	0.00426	0.00569	0.00565	0.00781
35	0.00698	0.00527	0.00646	0.00669	0.00776	0.00501	0.00492	0.00934	0.06098	0.01581	0.27924	0.26299	0.18505	0.04646	0.00687	0.00193	0.00294	0.07588	0.00486	0.00454
36	0.00937	0.00691	0.01044	0.31780	0.01811	0.00794	0.00854	0.05721	0.02387	0.01244	0.01150	0.11614	0.01103	0.01129	0.01101	0.33376	0.02001	0.00565	0.00272	0.00426
37	0.01144	0.02190	0.00872	0.00789	0.00958	0.00714	0.00593	0.16042	0.01291	0.12691	0.02162	0.38286	0.04276	0.02861	0.00660	0.03937	0.00372	0.02451	0.07159	0.00554
38	0.02363	0.00696	0.00985	0.04441	0.01115	0.00842	0.01872	0.01129	0.07583	0.01294	0.01332	0.01813	0.02535	0.02685	0.52579	0.00585	0.12973	0.00522	0.02155	0.00500
39	0.00730	0.00545	0.00763	0.07805	0.01104	0.00548	0.00701	0.00911	0.01067	0.01394	0.04022	0.33462	0.06683	0.01357	0.00646	0.00210	0.00400	0.36766	0.00441	0.00446
40	0.08558	0.02751	0.06484	0.08355	0.51337	0.02764	0.05445	0.01480	0.01092	0.01616	0.00993	0.05082	0.00862	0.00505	0.00484	0.00153	0.00592	0.00473	0.00258	0.00715
41	0.06416	0.05264	0.07636	0.13511	0.20346	0.11615	0.11619	0.01536	0.05370	0.01525	0.01378	0.01566	0.08970	0.00559	0.00491	0.00153	0.00626	0.00493	0.00281	0.00645
42	0.01318	0.08267	0.04307	0.11337	0.52166	0.01205	0.01371	0.03132	0.01160	0.09518	0.01019	0.01247	0.00804	0.00470	0.00479	0.00147	0.00582	0.00432	0.00283	0.00756
43	0.00799	0.07739	0.01040	0.00855	0.00979	0.00770	0.04016	0.00966	0.00854	0.01185	0.01404	0.05984	0.01392	0.10355	0.52172	0.00606	0.03530	0.04610	0.00283	0.00460
44	0.23052	0.01178	0.09804	0.07464	0.03123	0.01091	0.04293	0.09198	0.01165	0.14406	0.02007	0.01182	0.00804	0.00541	0.00554	0.00153	0.08769	0.00395	0.00348	0.10474

[dist]
# distance from previous block
# <min> <max>
1	29

[block]
# block no. 3 follows, 50 sequences, length 22
# corresponding to MSA columns:
# 415-436
name=unknown_D
#
# <colnr> <probs for GDERKNQSTAVLIFYWHMCP>
#	G	D	E	R	K	N	Q	S	T	A	V	L	I	F	Y	W	H	M	C	P
0	0.08691	0.04983	0.19100	0.08081	0.10210	0.02552	0.17814	0.06824	0.01172	0.05252	0.01103	0.01302	0.02612	0.00508	0.00504	0.00155	0.02388	0.00452	0.05624	0.00673
1	0.01006	0.00803	0.01019	0.04808	0.07109	0.02544	0.04582	0.02702	0.16666	0.03161	0.10445	0.05311	0.10010	0.07164	0.00701	0.00182	0.03420	0.00651	0.17147	0.00569
2	0.00774	0.00632	0.00699	0.00690	0.00844	0.01829	0.00530	0.02870	0.10153	0.01574	0.15842	0.10380	0.35832	0.04001	0.00675	0.00187	0.01536	0.09999	0.00470	0.00485
3	0.09054	0.08751	0.01460	0.01025	0.01406	0.01454	0.00857	0.56830	0.01968	0.02750	0.01114	0.01152	0.00818	0.00560	0.00452	0.00141	0.00509	0.00410	0.04667	0.04621
4	0.00932	0.00622	0.00758	0.00714	0.00880	0.00601	0.00540	0.01301	0.12914	0.10697	0.35358	0.15489	0.13859	0.01045	0.00575	0.00168	0.00295	0.02183	0.00524	0.00544
5	0.01240	0.06447	0.02061	0.02917	0.74337	0.01235	0.01486	0.01527	0.01127	0.01599	0.00922	0.01206	0.00780	0.00443	0.00482	0.00145	0.00588	0.00433	0.00245	0.00780
6	0.01218	0.48263	0.33226	0.01093	0.01636	0.04294	0.01249	0.01543	0.01042	0.01335	0.00776	0.00903	0.00636	0.00448	0.00385	0.00128	0.00626	0.00309	0.00214	0.00676
7	0.03474	0.00750	0.00989	0.00795	0.01101	0.00660	0.00641	0.01951	0.01374	0.55282	0.17035	0.02347	0.08009	0.02565	0.00566	0.00163	0.00375	0.00622	0.00578	0.00724
8	0.00623	0.00447	0.00586	0.00675	0.00718	0.00416	0.00456	0.00726	0.01007	0.01353	0.12077	0.67623	0.05647	0.04262	0.00694	0.00205	0.00288	0.01320	0.00468	0.00410
9	0.01128	0.01077	0.01833	0.31209	0.52046	0.01157	0.01477	0.01438	0.01085	0.01501	0.00919	0.01268	0.00745	0.00464	0.00495	0.00155	0.00618	0.00444	0.00238	0.00705
10	0.00855	0.00573	0.00731	0.00732	0.00818	0.00578	0.00531	0.05319	0.01057	0.05427	0.09773	0.30118	0.07615	0.13441	0.02539	0.08114	0.04063	0.06855	0.00420	0.00439
11	0.01292	0.00846	0.00989	0.00883	0.01099	0.00878	0.00676	0.26497	0.06350	0.12174	0.02062	0.37983	0.02060	0.01041	0.00558	0.00175	0.00398	0.00902	0.02503	0.00634
12	0.00746	0.00507	0.00629	0.00646	0.00757	0.00463	0.00469	0.00883	0.01111	0.06480	0.18314	0.29604	0.23542	0.06480	0.03934	0.00224	0.00338	0.03954	0.00472	0.00448
13	0.06476	0.00869	0.00993	0.06034	0.01240	0.02110	0.02046	0.09474	0.22098	0.08116	0.12602	0.08554	0.13481	0.00842	0.00527	0.00165	0.00393	0.01819	0.01532	0.00627
14	0.03210	0.07573	0.05215	0.01280	0.13018	0.15542	0.00923	0.04288	0.07233	0.07525	0.01070	0.01195	0.00846	0.00575	0.02443	0.00143	0.02902	0.00382	0.03727	0.20908
15	0.01344	0.01076	0.01432	0.04699	0.01566	0.01020	0.11031	0.23308	0.02704	0.06057	0.01141	0.04473	0.00911	0.00514	0.00461	0.00123	0.00497	0.00446	0.00371	0.36825
16	0.00609	0.00440	0.00576	0.00680	0.00720	0.00408	0.00458	0.00702	0.00979	0.01298	0.05052	0.75076	0.08106	0.01527	0.00632	0.00199	0.00285	0.01379	0.00465	0.00408
17	0.06549	0.02048	0.52973	0.02897	0.06595	0.01115	0.10076	0.01566	0.01090	0.04780	0.04970	0.01248	0.00883	0.00499	0.00484	0.00158	0.00677	0.00425	0.00258	0.00707
18	0.01453	0.05505	0.07974	0.07834	0.21407	0.07132	0.04610	0.08808	0.11070	0.14551	0.01296	0.01483	0.00988	0.00557	0.00494	0.00154	0.00580	0.02997	0.00365	0.00742
19	0.01200	0.00788	0.01167	0.01062	0.03557	0.00786	0.09084	0.06057	0.04693	0.18668	0.02066	0.32583	0.02060	0.01038	0.00649	0.00185	0.05414	0.07887	0.00456	0.00601
20	0.00711	0.00514	0.00665	0.00751	0.00815	0.00502	0.00536	0.04745	0.02679	0.01413	0.02639	0.66940	0.03081	0.01471	0.00633	0.00202	0.00326	0.10470	0.00465	0.00442
21	0.40713	0.14187	0.04534	0.00841	0.01176	0.13347	0.00728	0.01637	0.01074	0.11104	0.05795	0.01121	0.00920	0.00519	0.00379	0.00143	0.00498	0.00349	0.00333	0.00602

[dist]
# distance from previous block
# <min> <max>
3	14

[block]
# block no. 4 follows, 50 sequences, length 16
# corresponding to MSA columns:
# 451-465,469
name=unknown_E
#
# <colnr> <probs for GDERKNQSTAVLIFYWHMCP>
#	G	D	E	R	K	N	Q	S	T	A	V	L	I	F	Y	W	H	M	C	P
0	0.26024	0.08467	0.02823	0.01035	0.04799	0.04905	0.03891	0.20910	0.03356	0.09474	0.02348	0.01163	0.00848	0.00523	0.00419	0.00143	0.00493	0.00388	0.03462	0.04529
1	0.03438	0.01196	0.02883	0.01096	0.01406	0.11530	0.09814	0.16082	0.10500	0.11224	0.09526	0.03645	0.03245	0.03662	0.00594	0.00168	0.00537	0.05105	0.00429	0.03920
2	0.12665	0.04224	0.01343	0.03584	0.01445	0.08226	0.00854	0.37455	0.01737	0.19349	0.01232	0.01227	0.00864	0.00572	0.00479	0.00149	0.01771	0.00419	0.01645	0.00758
3	0.03017	0.07060	0.05004	0.01074	0.01461	0.05827	0.00915	0.45622	0.06201	0.11828	0.01301	0.04039	0.00973	0.00608	0.00482	0.00147	0.00536	0.00465	0.00457	0.02984
4	0.00760	0.00518	0.00616	0.00611	0.00653	0.00525	0.00391	0.03572	0.00893	0.01230	0.09138	0.11271	0.02135	0.52414	0.09583	0.00427	0.00515	0.00775	0.03602	0.00369
5	0.01104	0.00932	0.01470	0.54055	0.02707	0.01173	0.01250	0.01368	0.00982	0.08892	0.00935	0.01307	0.00717	0.00601	0.00775	0.00178	0.20270	0.00447	0.00259	0.00580
6	0.00629	0.00494	0.00524	0.00532	0.00669	0.00430	0.00387	0.00758	0.01107	0.01395	0.09891	0.11967	0.56458	0.06462	0.00704	0.00188	0.00268	0.01019	0.05699	0.00418
7	0.01248	0.00896	0.01340	0.50706	0.02587	0.01036	0.01130	0.05037	0.08680	0.15759	0.01249	0.01471	0.00894	0.00546	0.00491	0.00161	0.00565	0.00467	0.05097	0.00638
8	0.00769	0.00480	0.00629	0.00696	0.00768	0.00440	0.00479	0.00865	0.01004	0.08904	0.02776	0.67022	0.07737	0.04038	0.00681	0.00205	0.00306	0.01283	0.00473	0.00446
9	0.01237	0.01038	0.01173	0.01180	0.08841	0.03021	0.00835	0.06881	0.50459	0.04188	0.05367	0.07963	0.01699	0.00748	0.00523	0.00168	0.00423	0.03045	0.00475	0.00736
10	0.00714	0.00524	0.00752	0.00750	0.00826	0.00593	0.00563	0.00865	0.00816	0.01163	0.04897	0.02255	0.01497	0.16731	0.63901	0.00719	0.01143	0.00582	0.00286	0.00422
11	0.01456	0.01223	0.06086	0.01409	0.15194	0.01230	0.01006	0.21194	0.31513	0.08975	0.04353	0.01587	0.01260	0.00611	0.00503	0.00158	0.00485	0.00509	0.00452	0.00794
12	0.01107	0.01137	0.04460	0.03101	0.04744	0.04737	0.05090	0.02843	0.00898	0.02565	0.00866	0.03151	0.00810	0.01134	0.10587	0.00271	0.51212	0.00473	0.00246	0.00567
13	0.12739	0.07735	0.02521	0.02738	0.03413	0.01071	0.00752	0.18501	0.06390	0.10182	0.04527	0.08118	0.01242	0.03260	0.00518	0.00152	0.00443	0.00504	0.00403	0.14790
14	0.01306	0.36471	0.09797	0.03200	0.09290	0.11675	0.01013	0.06714	0.03865	0.01465	0.02628	0.05486	0.02729	0.00573	0.00427	0.00135	0.00580	0.01716	0.00281	0.00650
15	0.02981	0.15448	0.01492	0.02662	0.03383	0.06048	0.00826	0.16708	0.01482	0.35441	0.02886	0.02964	0.01072	0.00581	0.00462	0.00141	0.00497	0.00451	0.00462	0.04013

[dist]
# distance from previous block
# <min> <max>
28	90

[block]
# block no. 5 follows, 50 sequences, length 42
# corresponding to MSA columns:
# 639-641,646-684
name=unknown_F
#
# <colnr> <probs for GDERKNQSTAVLIFYWHMCP>
#	G	D	E	R	K	N	Q	S	T	A	V	L	I	F	Y	W	H	M	C	P
0	0.01100	0.00769	0.00832	0.02345	0.00961	0.06395	0.00571	0.06457	0.07248	0.10855	0.12321	0.19291	0.03305	0.14990	0.00949	0.04319	0.00411	0.00778	0.05584	0.00519
1	0.01097	0.00974	0.01321	0.02521	0.02571	0.00871	0.10202	0.05523	0.07678	0.01702	0.01116	0.04692	0.00954	0.00505	0.00484	0.00114	0.03533	0.01720	0.00324	0.52099
2	0.00840	0.00714	0.02129	0.03044	0.02191	0.00599	0.03383	0.01913	0.01007	0.01434	0.01838	0.33541	0.04208	0.06811	0.00660	0.00169	0.00380	0.02234	0.00367	0.32536
3	0.04716	0.07461	0.35664	0.01272	0.06882	0.02858	0.01282	0.07720	0.01236	0.18653	0.01128	0.01184	0.00794	0.00502	0.00458	0.00145	0.00594	0.00391	0.00335	0.06722
4	0.01358	0.01185	0.05545	0.07981	0.41548	0.02853	0.07424	0.01695	0.03994	0.14363	0.01168	0.01398	0.00899	0.00498	0.00499	0.00151	0.00584	0.01753	0.00320	0.04784
5	0.01013	0.00745	0.03067	0.00778	0.02528	0.00627	0.00606	0.02547	0.04605	0.10776	0.36889	0.06169	0.05608	0.00801	0.00517	0.00139	0.00325	0.00692	0.00470	0.21097
6	0.06830	0.05032	0.07482	0.09221	0.06445	0.15298	0.00966	0.17657	0.05059	0.01786	0.01261	0.08040	0.02579	0.03691	0.06313	0.00211	0.00649	0.00512	0.00337	0.00632
7	0.01195	0.02798	0.24286	0.02854	0.18599	0.04632	0.06351	0.06687	0.06646	0.05440	0.07260	0.01600	0.01202	0.07492	0.00672	0.00182	0.00602	0.00495	0.00318	0.00691
8	0.07724	0.00896	0.01050	0.07567	0.01353	0.00755	0.00658	0.03125	0.01048	0.01684	0.00892	0.01061	0.00729	0.00397	0.00378	0.00091	0.00397	0.00313	0.01901	0.67983
9	0.03404	0.00558	0.00617	0.00559	0.00737	0.00538	0.00434	0.01437	0.01121	0.18289	0.01674	0.01797	0.01249	0.00585	0.00380	0.00125	0.00277	0.00467	0.65205	0.00547
10	0.01115	0.03139	0.04878	0.11063	0.02588	0.02354	0.03128	0.06832	0.14533	0.01597	0.01399	0.01607	0.06541	0.00780	0.02438	0.00189	0.27304	0.00504	0.07402	0.00611
11	0.00682	0.00473	0.00613	0.02693	0.00775	0.00455	0.00473	0.00811	0.01030	0.01432	0.16784	0.46854	0.03140	0.10409	0.00814	0.00218	0.00312	0.03971	0.07644	0.00416
12	0.01138	0.04871	0.06448	0.07183	0.01317	0.00927	0.00784	0.11035	0.15437	0.09068	0.16739	0.09383	0.11933	0.00839	0.00531	0.00162	0.00410	0.00708	0.00458	0.00631
13	0.00787	0.00591	0.00702	0.01648	0.00836	0.00584	0.00513	0.05838	0.05208	0.01596	0.20631	0.13224	0.20604	0.13124	0.04629	0.00248	0.00385	0.06803	0.01583	0.00466
14	0.01133	0.01085	0.07944	0.01189	0.05074	0.01071	0.05994	0.15590	0.08133	0.03010	0.06066	0.19001	0.01681	0.03074	0.00806	0.00189	0.15338	0.02615	0.00386	0.00621
15	0.01127	0.00575	0.00625	0.00572	0.00745	0.00567	0.00440	0.01443	0.07177	0.12157	0.01681	0.01834	0.01284	0.01743	0.00413	0.00129	0.00278	0.00476	0.63829	0.02906
16	0.00964	0.00779	0.00908	0.08252	0.01147	0.08624	0.02244	0.04927	0.00975	0.01312	0.01287	0.05406	0.01213	0.09819	0.25964	0.13356	0.00773	0.01384	0.10222	0.00445
17	0.00992	0.00946	0.01584	0.64146	0.11913	0.01155	0.02744	0.01302	0.00996	0.01314	0.00874	0.01298	0.00680	0.00522	0.00596	0.00168	0.07520	0.00445	0.00225	0.00582
18	0.02345	0.06120	0.08046	0.04921	0.01546	0.01164	0.06960	0.15722	0.23448	0.04418	0.04570	0.02260	0.01506	0.00734	0.00530	0.00170	0.00514	0.13910	0.00423	0.00694
19	0.01211	0.00956	0.01174	0.00859	0.01278	0.00809	0.03379	0.08626	0.01181	0.07443	0.00989	0.01111	0.00782	0.00431	0.00450	0.00096	0.03675	0.00341	0.00333	0.64876
20	0.00679	0.00537	0.00613	0.00609	0.00752	0.00492	0.00459	0.00909	0.05434	0.01576	0.26704	0.09046	0.40569	0.03653	0.00653	0.00181	0.00278	0.05918	0.00486	0.00454
21	0.00766	0.00593	0.00822	0.00793	0.00844	0.00702	0.00591	0.00883	0.00774	0.01107	0.01314	0.02225	0.01333	0.26404	0.47255	0.00631	0.11700	0.00577	0.00271	0.00416
22	0.00669	0.00500	0.00593	0.00591	0.00696	0.00456	0.00424	0.00818	0.01160	0.01541	0.33961	0.10222	0.26658	0.15663	0.00943	0.00225	0.00297	0.03696	0.00469	0.00420
23	0.68578	0.00940	0.00779	0.00685	0.00976	0.01068	0.00556	0.06918	0.00996	0.03969	0.04352	0.01109	0.00834	0.03496	0.00422	0.00165	0.00390	0.00339	0.02874	0.00555
24	0.86003	0.00964	0.00733	0.00655	0.00964	0.01118	0.00540	0.01465	0.00848	0.02236	0.00694	0.00810	0.00540	0.00463	0.00308	0.00154	0.00386	0.00270	0.00308	0.00540
25	0.00935	0.00848	0.01423	0.74447	0.03197	0.01050	0.01304	0.01221	0.00967	0.01239	0.00884	0.01345	0.00682	0.00603	0.00621	0.07402	0.00645	0.00442	0.00221	0.00525
26	0.00712	0.00534	0.00801	0.00801	0.00890	0.00623	0.00623	0.00890	0.00801	0.01157	0.01335	0.01958	0.01246	0.03738	0.80507	0.00801	0.01335	0.00534	0.00267	0.00445
27	0.00623	0.00446	0.00581	0.00671	0.00710	0.00417	0.00449	0.00718	0.00983	0.01315	0.09222	0.67004	0.06076	0.07332	0.00767	0.00218	0.00297	0.01310	0.00458	0.00404
28	0.01234	0.01184	0.02023	0.03059	0.79373	0.01184	0.01530	0.01530	0.01135	0.01628	0.00938	0.01234	0.00790	0.00444	0.00493	0.00148	0.00592	0.00444	0.00247	0.00790
29	0.00702	0.00529	0.00759	0.07061	0.00999	0.00583	0.00596	0.00845	0.00854	0.01177	0.01782	0.22743	0.03687	0.12694	0.42030	0.00542	0.00881	0.00790	0.00323	0.00425
30	0.01772	0.08188	0.01524	0.04883	0.01553	0.01446	0.00920	0.58011	0.02050	0.08851	0.04943	0.01330	0.01037	0.00601	0.00488	0.00147	0.00528	0.00459	0.00473	0.00798
31	0.00941	0.00886	0.01495	0.81285	0.03433	0.01107	0.01384	0.01274	0.00997	0.01274	0.00886	0.01329	0.00664	0.00498	0.00498	0.00166	0.00664	0.00443	0.00221	0.00554
32	0.23577	0.01831	0.01290	0.03481	0.07535	0.47959	0.00909	0.05210	0.01275	0.01603	0.00786	0.00927	0.00637	0.00498	0.00420	0.00139	0.00720	0.00327	0.00279	0.00596
33	0.00729	0.00549	0.00679	0.00646	0.00779	0.00522	0.00484	0.01036	0.07414	0.01894	0.60653	0.07472	0.13163	0.01047	0.00584	0.00161	0.00252	0.00917	0.00531	0.00486
34	0.01713	0.01289	0.01398	0.01061	0.01469	0.01360	0.00872	0.61586	0.02067	0.02821	0.01131	0.01162	0.00825	0.00550	0.00471	0.00134	0.00511	0.00416	0.00456	0.18707
35	0.01176	0.01345	0.02941	0.02101	0.02605	0.01261	0.77563	0.01597	0.01176	0.01597	0.01008	0.01345	0.00756	0.00420	0.00588	0.00168	0.00840	0.00588	0.00252	0.00672
36	0.01655	0.01221	0.01319	0.01073	0.01423	0.01357	0.00866	0.41249	0.33250	0.08731	0.01596	0.01506	0.01152	0.00632	0.00502	0.00158	0.00476	0.00500	0.00511	0.00824
37	0.00967	0.00821	0.01196	0.44311	0.02308	0.00873	0.00983	0.01251	0.01015	0.01470	0.01000	0.01321	0.00782	0.00472	0.00436	0.00130	0.00508	0.00401	0.13380	0.26374
38	0.00866	0.00433	0.00649	0.00649	0.00649	0.00433	0.00433	0.00649	0.00649	0.00866	0.00866	0.01515	0.00866	0.01732	0.01948	0.85498	0.00433	0.00433	0.00216	0.00216
39	0.00663	0.00531	0.00590	0.00589	0.00733	0.00479	0.00441	0.00869	0.04653	0.01508	0.20570	0.08122	0.47875	0.05062	0.00686	0.00186	0.00280	0.05243	0.00476	0.00444
40	0.00671	0.06979	0.00704	0.00573	0.00755	0.00558	0.00456	0.00814	0.01141	0.01377	0.08061	0.04501	0.62949	0.01195	0.00576	0.00168	0.00291	0.07340	0.00447	0.00444
41	0.04416	0.60713	0.04374	0.07760	0.01554	0.01781	0.04376	0.07471	0.01118	0.01404	0.00768	0.00907	0.00660	0.00448	0.00365	0.00121	0.00559	0.00313	0.00242	0.00649

[dist]
# distance from previous block
# <min> <max>
0	3

[block]
# block no. 6 follows, 50 sequences, length 6
# corresponding to MSA columns:
# 688-693
name=unknown_G
#
# <colnr> <probs for GDERKNQSTAVLIFYWHMCP>
#	G	D	E	R	K	N	Q	S	T	A	V	L	I	F	Y	W	H	M	C	P
0	0.01018	0.08032	0.49830	0.01483	0.10348	0.01129	0.05933	0.01477	0.01117	0.01615	0.12087	0.01453	0.01239	0.00542	0.00487	0.00153	0.00640	0.00458	0.00265	0.00693
1	0.00984	0.00912	0.01442	0.69794	0.03127	0.01126	0.01299	0.01470	0.12087	0.01390	0.01050	0.01405	0.00787	0.00524	0.00500	0.00167	0.00626	0.00460	0.00262	0.00587
2	0.00782	0.00619	0.00851	0.01018	0.10689	0.00589	0.00714	0.00995	0.01201	0.01583	0.19791	0.04449	0.22249	0.01153	0.00617	0.00188	0.00375	0.31194	0.00453	0.00493
3	0.86003	0.00964	0.00733	0.00655	0.00964	0.01118	0.00540	0.01465	0.00848	0.02236	0.00694	0.00810	0.00540	0.00463	0.00308	0.00154	0.00386	0.00270	0.00308	0.00540
4	0.01066	0.13470	0.51956	0.10243	0.10662	0.01269	0.01619	0.01528	0.01050	0.01494	0.00870	0.01067	0.00654	0.00466	0.00457	0.00151	0.00684	0.00371	0.00216	0.00709
5	0.35634	0.01096	0.09641	0.00859	0.01247	0.00959	0.00780	0.01960	0.04957	0.36233	0.01342	0.01278	0.00904	0.00542	0.00421	0.00155	0.00442	0.00397	0.00443	0.00709

[dist]
# distance from previous block
# <min> <max>
3	7

[block]
# block no. 7 follows, 50 sequences, length 53
# corresponding to MSA columns:
# 702-748,775-780
name=unknown_H
#
# <colnr> <probs for GDERKNQSTAVLIFYWHMCP>
#	G	D	E	R	K	N	Q	S	T	A	V	L	I	F	Y	W	H	M	C	P
0	0.01015	0.02483	0.74931	0.01395	0.02103	0.01163	0.01775	0.01646	0.05936	0.01610	0.00966	0.01103	0.00688	0.00486	0.00476	0.00159	0.00715	0.00381	0.00229	0.00740
1	0.00925	0.00618	0.00701	0.00669	0.02342	0.00551	0.00497	0.05838	0.01245	0.12748	0.05774	0.10761	0.53202	0.01132	0.00573	0.00167	0.00305	0.00951	0.00485	0.00516
2	0.00611	0.00492	0.00544	0.00561	0.00694	0.00425	0.00409	0.00746	0.01142	0.01432	0.15961	0.19946	0.52722	0.01284	0.00598	0.00173	0.00257	0.01101	0.00476	0.00425
3	0.57278	0.06341	0.12289	0.00834	0.02516	0.01137	0.00775	0.02874	0.00965	0.06055	0.02342	0.00988	0.00705	0.00486	0.00356	0.00151	0.00447	0.00319	0.02546	0.00597
4	0.27476	0.03261	0.10904	0.04331	0.02659	0.11904	0.00932	0.18551	0.03025	0.11019	0.01026	0.01089	0.00745	0.00524	0.00427	0.00150	0.00557	0.00371	0.00364	0.00685
5	0.07106	0.02667	0.01171	0.01027	0.02881	0.28515	0.00782	0.08822	0.03039	0.14558	0.15848	0.04043	0.01636	0.00717	0.01658	0.00156	0.02313	0.00516	0.01921	0.00625
6	0.00719	0.00535	0.00614	0.00587	0.00744	0.00476	0.00442	0.00928	0.03533	0.04707	0.33791	0.05892	0.42959	0.01131	0.00584	0.00164	0.00257	0.00965	0.00504	0.00468
7	0.00741	0.00535	0.00699	0.06484	0.00953	0.00538	0.00545	0.05633	0.01060	0.01441	0.06322	0.58573	0.02837	0.05962	0.00709	0.00206	0.00338	0.01171	0.04811	0.00444
8	0.05540	0.09365	0.03027	0.05962	0.01430	0.00936	0.05863	0.04806	0.02346	0.07195	0.02279	0.05751	0.00971	0.00504	0.00422	0.00114	0.00451	0.00420	0.00327	0.42290
9	0.01094	0.00728	0.00982	0.01061	0.11069	0.00716	0.00729	0.02383	0.02257	0.16539	0.06416	0.07957	0.24879	0.02773	0.02515	0.00197	0.06391	0.10296	0.00443	0.00576
10	0.00864	0.00510	0.00551	0.00541	0.00620	0.00516	0.00367	0.03896	0.00962	0.01513	0.01677	0.04801	0.03031	0.32200	0.04067	0.00286	0.00382	0.00606	0.42195	0.00414
11	0.01157	0.01010	0.01765	0.32972	0.15640	0.02203	0.17268	0.01457	0.01101	0.09462	0.01206	0.09142	0.01017	0.00593	0.00546	0.00166	0.01793	0.00572	0.00297	0.00635
12	0.57029	0.00963	0.00888	0.00749	0.01071	0.01055	0.00615	0.09457	0.01141	0.17061	0.05025	0.01168	0.00918	0.00535	0.00379	0.00154	0.00402	0.00365	0.00399	0.00627
13	0.01302	0.72975	0.02476	0.09126	0.01505	0.03241	0.00909	0.01479	0.01018	0.01184	0.00714	0.00856	0.00642	0.00435	0.00340	0.00113	0.00553	0.00286	0.00215	0.00630
14	0.23036	0.07392	0.01372	0.01087	0.03731	0.19043	0.00855	0.31783	0.03628	0.02268	0.00952	0.01022	0.00725	0.00530	0.00427	0.00143	0.00582	0.00365	0.00369	0.00691
15	0.00957	0.00615	0.00851	0.00801	0.00938	0.00678	0.00626	0.05904	0.00974	0.09389	0.01418	0.01930	0.01245	0.06232	0.59349	0.00640	0.01092	0.00529	0.05326	0.00507
16	0.01234	0.01184	0.02023	0.03059	0.79373	0.01184	0.01530	0.01530	0.01135	0.01628	0.00938	0.01234	0.00790	0.00444	0.00493	0.00148	0.00592	0.00444	0.00247	0.00790
17	0.00721	0.00484	0.00556	0.00569	0.00575	0.00482	0.00333	0.00736	0.00757	0.01007	0.01689	0.08336	0.01949	0.74045	0.02341	0.00455	0.00470	0.03862	0.00319	0.00315
18	0.01244	0.01296	0.01471	0.01268	0.01336	0.14579	0.01037	0.05259	0.00979	0.01336	0.03925	0.01172	0.00829	0.00805	0.01337	0.00197	0.60678	0.00437	0.00253	0.00563
19	0.02161	0.00970	0.01232	0.00944	0.01333	0.00913	0.00780	0.19115	0.01630	0.62746	0.01796	0.01586	0.01148	0.00613	0.00501	0.00153	0.00452	0.00490	0.00591	0.00848
20	0.02201	0.00905	0.01192	0.00914	0.01301	0.00816	0.00755	0.10166	0.01521	0.71849	0.01887	0.01645	0.01194	0.00615	0.00501	0.00154	0.00437	0.00496	0.00605	0.00848
21	0.86003	0.00964	0.00733	0.00655	0.00964	0.01118	0.00540	0.01465	0.00848	0.02236	0.00694	0.00810	0.00540	0.00463	0.00308	0.00154	0.00386	0.00270	0.00308	0.00540
22	0.00937	0.00877	0.01474	0.78860	0.03361	0.01091	0.01367	0.01266	0.01001	0.01280	0.00939	0.01458	0.00731	0.00525	0.00504	0.00168	0.00658	0.02723	0.00229	0.00551
23	0.01000	0.02578	0.79900	0.01421	0.02157	0.01158	0.01842	0.01579	0.01052	0.01579	0.00895	0.01052	0.00631	0.00474	0.00474	0.00158	0.00737	0.00368	0.00210	0.00737
24	0.01333	0.82783	0.02612	0.00853	0.01279	0.01972	0.00853	0.01493	0.01013	0.01173	0.00693	0.00800	0.00640	0.00426	0.00320	0.00107	0.00533	0.00267	0.00213	0.00640
25	0.00625	0.00515	0.00556	0.00577	0.00733	0.00446	0.00450	0.00767	0.01134	0.01369	0.04605	0.06561	0.65029	0.01287	0.00606	0.00179	0.00287	0.13385	0.00462	0.00427
26	0.01343	0.81170	0.02588	0.00862	0.01285	0.03547	0.00855	0.01503	0.01021	0.01174	0.00695	0.00802	0.00640	0.00428	0.00322	0.00107	0.00540	0.00268	0.00214	0.00638
27	0.00705	0.00510	0.00666	0.00627	0.00745	0.00470	0.00470	0.00941	0.01411	0.01999	0.79110	0.03723	0.04703	0.01019	0.00588	0.00157	0.00235	0.00901	0.00549	0.00470
28	0.00948	0.00900	0.01539	0.78896	0.03408	0.01112	0.03682	0.01283	0.01002	0.01283	0.00890	0.01329	0.00667	0.00496	0.00501	0.00166	0.00670	0.00447	0.00222	0.00557
29	0.00803	0.00574	0.00803	0.00918	0.01033	0.00574	0.00803	0.01033	0.01147	0.01492	0.02639	0.05622	0.02869	0.01377	0.00688	0.00229	0.00459	0.76018	0.00459	0.00459
30	0.00607	0.00434	0.00578	0.00694	0.00723	0.00405	0.00463	0.00694	0.00954	0.01272	0.02747	0.82157	0.03297	0.01562	0.00636	0.00202	0.00289	0.01417	0.00463	0.00405
31	0.77360	0.01008	0.00811	0.00706	0.01024	0.01162	0.00582	0.09301	0.01002	0.02329	0.00746	0.00849	0.00571	0.00477	0.00328	0.00154	0.00402	0.00288	0.00328	0.00571
32	0.06931	0.01395	0.09434	0.05229	0.01618	0.01366	0.00995	0.47782	0.10595	0.02612	0.01193	0.01229	0.00866	0.00566	0.00477	0.00149	0.00535	0.00432	0.00431	0.06168
33	0.86003	0.00964	0.00733	0.00655	0.00964	0.01118	0.00540	0.01465	0.00848	0.02236	0.00694	0.00810	0.00540	0.00463	0.00308	0.00154	0.00386	0.00270	0.00308	0.00540
34	0.00941	0.00886	0.01495	0.81285	0.03433	0.01107	0.01384	0.01274	0.00997	0.01274	0.00886	0.01329	0.00664	0.00498	0.00498	0.00166	0.00664	0.00443	0.00221	0.00554
35	0.01034	0.00886	0.01034	0.00738	0.01181	0.00664	0.00591	0.01255	0.01034	0.01624	0.00886	0.01034	0.00738	0.00369	0.00369	0.00074	0.00369	0.00295	0.00295	0.85530
36	0.00725	0.00483	0.00544	0.00544	0.00544	0.00483	0.00302	0.00725	0.00725	0.00966	0.01571	0.03262	0.01812	0.82483	0.02537	0.00483	0.00483	0.00725	0.00302	0.00302
37	0.00778	0.00488	0.00635	0.00691	0.00775	0.00444	0.00482	0.00887	0.01045	0.09379	0.06838	0.61792	0.11061	0.01405	0.00615	0.00192	0.00296	0.01258	0.00483	0.00455
38	0.00785	0.00579	0.00704	0.00681	0.00808	0.00556	0.00502	0.08729	0.01335	0.01814	0.39072	0.24899	0.14097	0.02355	0.00621	0.00175	0.00288	0.01013	0.00505	0.00482
39	0.01018	0.02451	0.71991	0.01491	0.02203	0.01168	0.09623	0.01580	0.01065	0.01580	0.00906	0.01082	0.00644	0.00468	0.00485	0.00159	0.00747	0.00391	0.00215	0.00730
40	0.00639	0.00500	0.00579	0.00575	0.00708	0.00440	0.00425	0.00806	0.01231	0.01609	0.35490	0.12273	0.40558	0.01192	0.00593	0.00167	0.00249	0.01027	0.00498	0.00440
41	0.01183	0.01159	0.02158	0.01629	0.01965	0.01192	0.43445	0.09176	0.01201	0.03945	0.01253	0.13208	0.01137	0.00687	0.00757	0.00179	0.14106	0.00668	0.00313	0.00635
42	0.01808	0.10639	0.01536	0.01240	0.01514	0.72413	0.00952	0.01939	0.01371	0.01215	0.00763	0.00889	0.00642	0.00505	0.00436	0.00126	0.00861	0.00315	0.00252	0.00584
43	0.01801	0.00884	0.01122	0.00858	0.01235	0.00779	0.00701	0.09827	0.01433	0.47729	0.08312	0.01673	0.01384	0.00595	0.00479	0.00136	0.00408	0.00485	0.00527	0.19632
44	0.00982	0.00929	0.01564	0.69406	0.13187	0.01127	0.01397	0.01305	0.01009	0.01318	0.00887	0.01311	0.00680	0.00500	0.00523	0.00165	0.02458	0.00443	0.00225	0.00584
45	0.01151	0.01072	0.02737	0.19588	0.05312	0.03853	0.15829	0.12999	0.02985	0.01720	0.05256	0.04473	0.03200	0.01918	0.03073	0.00189	0.07093	0.01617	0.05324	0.00613
46	0.00834	0.02312	0.00732	0.00645	0.00830	0.00528	0.00488	0.01010	0.01159	0.05904	0.22916	0.17946	0.18239	0.02049	0.00560	0.00155	0.00295	0.02205	0.06615	0.14577
47	0.01138	0.01010	0.01076	0.00818	0.01217	0.05796	0.00648	0.05391	0.09099	0.01740	0.04226	0.01229	0.00981	0.00448	0.00404	0.00094	0.00409	0.00357	0.00336	0.63582
48	0.01639	0.01166	0.01303	0.01048	0.03095	0.01232	0.00834	0.51990	0.01967	0.07596	0.09266	0.03208	0.01324	0.00638	0.00494	0.00144	0.00476	0.00505	0.03452	0.08624
49	0.01368	0.05293	0.31277	0.01329	0.06283	0.01139	0.05906	0.13214	0.01322	0.14566	0.02822	0.01433	0.00960	0.00562	0.00523	0.00154	0.02990	0.03403	0.00347	0.05110
50	0.01343	0.00875	0.05724	0.00913	0.02221	0.00736	0.04478	0.03389	0.07566	0.28524	0.15167	0.08861	0.11339	0.00828	0.00539	0.00160	0.00401	0.02289	0.00499	0.04148
51	0.03008	0.17429	0.15263	0.00959	0.01316	0.01175	0.00908	0.16528	0.07166	0.05788	0.01647	0.15585	0.05859	0.04482	0.00578	0.00170	0.00492	0.00623	0.00376	0.00649
52	0.00813	0.00771	0.08886	0.00772	0.00985	0.00580	0.03779	0.01033	0.01186	0.06504	0.26927	0.11489	0.23908	0.03586	0.04750	0.00209	0.00402	0.02466	0.00450	0.00503

[dist]
# distance from previous block
# <min> <max>
0	3

[block]
# block no. 8 follows, 50 sequences, length 9
# corresponding to MSA columns:
# 784-792
name=unknown_I
#
# <colnr> <probs for GDERKNQSTAVLIFYWHMCP>
#	G	D	E	R	K	N	Q	S	T	A	V	L	I	F	Y	W	H	M	C	P
0	0.01380	0.01231	0.07780	0.01939	0.27406	0.03464	0.20314	0.01715	0.03057	0.17383	0.01302	0.05762	0.01024	0.00548	0.00519	0.00157	0.00608	0.00539	0.03143	0.00730
1	0.01159	0.11853	0.27357	0.08712	0.07494	0.01167	0.16443	0.01526	0.01090	0.08282	0.01144	0.07319	0.00955	0.02677	0.00549	0.00165	0.00647	0.00511	0.00279	0.00672
2	0.00664	0.00517	0.00616	0.00664	0.00795	0.00469	0.00526	0.00824	0.01132	0.01421	0.08469	0.15091	0.41263	0.01322	0.00626	0.00191	0.00320	0.24189	0.00467	0.00433
3	0.01208	0.02084	0.54987	0.01363	0.01987	0.01100	0.08370	0.03738	0.03812	0.12346	0.03527	0.01281	0.00888	0.00516	0.00493	0.00158	0.00671	0.00432	0.00298	0.00743
4	0.04457	0.08199	0.20161	0.05283	0.06221	0.04459	0.01107	0.07921	0.05561	0.19923	0.03595	0.01555	0.03501	0.00602	0.00520	0.00155	0.03402	0.02285	0.00377	0.00716
5	0.01469	0.01208	0.07144	0.07706	0.42292	0.03573	0.01282	0.01817	0.05433	0.21245	0.01244	0.01368	0.00917	0.00508	0.00494	0.00152	0.00564	0.00456	0.00350	0.00777
6	0.00607	0.00496	0.00535	0.00546	0.00689	0.00425	0.00402	0.00742	0.01148	0.01421	0.14303	0.14811	0.59605	0.01270	0.00595	0.00171	0.00255	0.01080	0.00474	0.00425
7	0.01673	0.02217	0.08181	0.01243	0.01521	0.66309	0.00994	0.01837	0.01340	0.01256	0.00960	0.08274	0.00882	0.00605	0.00468	0.00138	0.00829	0.00424	0.00271	0.00576
8	0.03691	0.03243	0.08472	0.04691	0.03157	0.25224	0.00987	0.23623	0.02851	0.10610	0.01146	0.02723	0.00872	0.00664	0.02921	0.00165	0.00666	0.00424	0.03173	0.00696

[dist]
# distance from previous block
# <min> <max>
0	2

[block]
# block no. 9 follows, 50 sequences, length 20
# corresponding to MSA columns:
# 795-799,903-917
name=unknown_J
#
# <colnr> <probs for GDERKNQSTAVLIFYWHMCP>
#	G	D	E	R	K	N	Q	S	T	A	V	L	I	F	Y	W	H	M	C	P
0	0.01143	0.18298	0.39549	0.02688	0.10476	0.03820	0.02935	0.01612	0.06298	0.01513	0.00927	0.01082	0.00720	0.00481	0.00476	0.00145	0.02836	0.00372	0.00241	0.04388
1	0.08472	0.13619	0.05444	0.03474	0.17085	0.08415	0.08606	0.12487	0.04408	0.07088	0.03098	0.01219	0.00889	0.00506	0.00457	0.00143	0.00585	0.00419	0.00327	0.03260
2	0.20479	0.01168	0.01677	0.06668	0.41864	0.04332	0.06941	0.01592	0.06157	0.01750	0.00945	0.01177	0.00763	0.00475	0.00478	0.00154	0.01989	0.00418	0.00277	0.00698
3	0.12234	0.00607	0.00749	0.00745	0.00852	0.00644	0.00548	0.02002	0.00926	0.07871	0.01875	0.33023	0.04228	0.04456	0.11933	0.10479	0.05154	0.00843	0.00379	0.00453
4	0.00702	0.00507	0.00663	0.00630	0.00744	0.00468	0.00470	0.00931	0.01393	0.01971	0.76151	0.06763	0.04649	0.01040	0.00590	0.00159	0.00237	0.00921	0.00545	0.00468
5	0.13343	0.00904	0.01323	0.32368	0.14607	0.00996	0.01071	0.01520	0.01071	0.16695	0.01208	0.04050	0.00966	0.03470	0.00573	0.00174	0.01976	0.02722	0.00332	0.00630
