[name]
unknown

[dist]
# distance from previous block
# <min> <max>
0	56

[block]
# block no. 0 follows, 40 sequences, length 17
# corresponding to MSA columns:
# 67-75,77-84
name=unknown_A
#
# <colnr> <probs for GDERKNQSTAVLIFYWHMCP>
#	G	D	E	R	K	N	Q	S	T	A	V	L	I	F	Y	W	H	M	C	P
0	0.01191	0.03142	0.14815	0.01159	0.01493	0.01074	0.01076	0.10309	0.16028	0.02059	0.02445	0.18678	0.05037	0.01157	0.00662	0.00215	0.00545	0.17706	0.00494	0.00715
1	0.01477	0.08830	0.40533	0.10346	0.02464	0.01346	0.08982	0.01976	0.01311	0.15417	0.01265	0.01412	0.00885	0.00575	0.00560	0.00181	0.00775	0.00484	0.00339	0.00842
2	0.56513	0.03954	0.03256	0.00810	0.01129	0.03327	0.00670	0.01604	0.01085	0.04196	0.08000	0.01630	0.01288	0.09674	0.00706	0.00222	0.00483	0.00457	0.00385	0.00612
3	0.00724	0.00513	0.00670	0.00790	0.00819	0.00483	0.00518	0.00814	0.01083	0.01444	0.03048	0.70534	0.03647	0.10743	0.00997	0.00274	0.00363	0.01561	0.00518	0.00459
4	0.01971	0.01405	0.01605	0.10070	0.01931	0.01549	0.01085	0.53527	0.02322	0.08070	0.01549	0.06446	0.01196	0.00757	0.00586	0.00180	0.00613	0.00600	0.03639	0.00900
5	0.03088	0.00877	0.01062	0.00967	0.01162	0.00925	0.02100	0.12165	0.08906	0.04643	0.18691	0.23673	0.09661	0.03440	0.00808	0.00214	0.05392	0.01032	0.00547	0.00647
6	0.00826	0.00670	0.00742	0.00710	0.00902	0.00625	0.00537	0.01197	0.10226	0.01942	0.30063	0.04745	0.42107	0.01291	0.00675	0.00192	0.00307	0.01097	0.00582	0.00563
7	0.01084	0.00542	0.00542	0.00542	0.00678	0.00542	0.00407	0.01355	0.01220	0.02168	0.01897	0.02168	0.01491	0.00678	0.00407	0.00136	0.00271	0.00542	0.82791	0.00542
8	0.06019	0.01337	0.01435	0.01149	0.01569	0.08801	0.00931	0.17485	0.10255	0.41969	0.01910	0.01740	0.01279	0.00703	0.00569	0.00178	0.00574	0.00547	0.00618	0.00934
9	0.67339	0.08655	0.01127	0.00836	0.01211	0.01427	0.00702	0.04488	0.06004	0.02518	0.00935	0.01042	0.00731	0.00558	0.00385	0.00176	0.00474	0.00345	0.00373	0.00674
10	0.00715	0.00520	0.00661	0.00770	0.00823	0.00481	0.00515	0.00815	0.01123	0.01473	0.03462	0.64928	0.12957	0.06739	0.00877	0.00252	0.00346	0.01547	0.00528	0.00467
11	0.77791	0.01259	0.06249	0.00828	0.01224	0.01308	0.00738	0.01719	0.01007	0.02554	0.00826	0.00965	0.00637	0.00541	0.00374	0.00180	0.00479	0.00323	0.00352	0.00646
12	0.05003	0.03338	0.02385	0.00874	0.01156	0.00936	0.00709	0.14211	0.04566	0.10123	0.08811	0.04561	0.25175	0.02472	0.07024	0.00250	0.00518	0.00817	0.06394	0.00679
13	0.01446	0.00867	0.03347	0.05808	0.01347	0.00749	0.00758	0.03568	0.01420	0.25350	0.11000	0.14520	0.13547	0.06280	0.00781	0.00211	0.00448	0.00886	0.00555	0.07112
14	0.01179	0.10067	0.42004	0.10421	0.04463	0.01360	0.09968	0.01680	0.01222	0.01719	0.01268	0.09680	0.01099	0.00679	0.00574	0.00186	0.00779	0.00591	0.00286	0.00775
15	0.01163	0.05599	0.66486	0.01618	0.04324	0.01329	0.01983	0.01783	0.01258	0.01861	0.06352	0.01445	0.01080	0.00595	0.00556	0.00182	0.00805	0.00472	0.00275	0.00835
16	0.01657	0.63007	0.05457	0.01092	0.01586	0.07210	0.01058	0.10075	0.01393	0.01652	0.00890	0.01004	0.00774	0.00529	0.00414	0.00134	0.00661	0.00344	0.00290	0.00773

[dist]
# distance from previous block
# <min> <max>
3	4

[block]
# block no. 1 follows, 40 sequences, length 11
# corresponding to MSA columns:
# 93-103
name=unknown_B
#
# <colnr> <probs for GDERKNQSTAVLIFYWHMCP>
#	G	D	E	R	K	N	Q	S	T	A	V	L	I	F	Y	W	H	M	C	P
0	0.01119	0.01079	0.01551	0.36744	0.02612	0.05848	0.06150	0.01413	0.01227	0.01602	0.06724	0.11450	0.05159	0.00834	0.00701	0.00190	0.06392	0.00716	0.00346	0.08143
1	0.01009	0.06634	0.01224	0.00947	0.01175	0.00914	0.06185	0.01250	0.03352	0.05005	0.14712	0.04000	0.37208	0.01180	0.00811	0.00198	0.10048	0.03065	0.00489	0.00594
2	0.54671	0.06165	0.01063	0.00854	0.01182	0.10615	0.00692	0.01666	0.01169	0.02283	0.08133	0.01615	0.06636	0.00673	0.00435	0.00174	0.00507	0.00458	0.00385	0.00625
3	0.00832	0.00619	0.00915	0.00915	0.01013	0.00716	0.00703	0.01026	0.00929	0.01336	0.01575	0.02382	0.01496	0.09167	0.72511	0.00911	0.01494	0.00637	0.00314	0.00509
4	0.01492	0.06997	0.01345	0.03119	0.01406	0.01199	0.00839	0.15417	0.21027	0.10504	0.21059	0.04227	0.07103	0.00903	0.00606	0.00183	0.00458	0.00752	0.00577	0.00789
5	0.01311	0.01232	0.02046	0.08618	0.53162	0.01239	0.03546	0.01673	0.03757	0.01834	0.01392	0.11068	0.01296	0.00688	0.00593	0.00180	0.00642	0.00659	0.00330	0.04737
6	0.35749	0.01582	0.08241	0.06970	0.01705	0.10820	0.01064	0.10780	0.03030	0.02259	0.00962	0.01162	0.00756	0.00646	0.00672	0.00188	0.11941	0.00410	0.00352	0.00710
7	0.01484	0.20443	0.36887	0.01534	0.07123	0.03242	0.01584	0.07299	0.06929	0.06473	0.01192	0.01299	0.00892	0.00577	0.00519	0.00169	0.00728	0.00441	0.00330	0.00855
8	0.01185	0.10343	0.01505	0.01159	0.01289	0.05983	0.00943	0.03455	0.01039	0.01424	0.01185	0.01812	0.01139	0.08429	0.30619	0.00516	0.26536	0.00548	0.00296	0.00594
9	0.01084	0.00542	0.00542	0.00542	0.00678	0.00542	0.00407	0.01355	0.01220	0.02168	0.01897	0.02168	0.01491	0.00678	0.00407	0.00136	0.00271	0.00542	0.82791	0.00542
10	0.00723	0.00517	0.00687	0.00800	0.00847	0.00482	0.00541	0.00845	0.01179	0.01589	0.12151	0.69940	0.04049	0.01744	0.00735	0.00230	0.00330	0.01579	0.00552	0.00482

[dist]
# distance from previous block
# <min> <max>
0	30

[block]
# block no. 2 follows, 40 sequences, length 135
# corresponding to MSA columns:
# 141-204,207-225,227-250,253-280
name=unknown_C
#
# <colnr> <probs for GDERKNQSTAVLIFYWHMCP>
#	G	D	E	R	K	N	Q	S	T	A	V	L	I	F	Y	W	H	M	C	P
0	0.01580	0.63744	0.12801	0.01087	0.01630	0.02066	0.01140	0.01836	0.01223	0.06972	0.00950	0.01050	0.00796	0.00521	0.00413	0.00137	0.00644	0.00347	0.00283	0.00779
1	0.02196	0.02598	0.01642	0.01464	0.01784	0.67665	0.01110	0.08068	0.01735	0.05077	0.01003	0.01120	0.00800	0.00613	0.00532	0.00153	0.00990	0.00396	0.00342	0.00714
2	0.00709	0.00506	0.00675	0.00810	0.00843	0.00472	0.00540	0.00810	0.01113	0.01484	0.03205	0.79184	0.03846	0.01822	0.00742	0.00236	0.00337	0.01653	0.00540	0.00472
3	0.01407	0.01349	0.02302	0.10599	0.69157	0.01373	0.01769	0.01757	0.01309	0.01861	0.01088	0.01450	0.00907	0.00524	0.00576	0.00175	0.00699	0.00518	0.00285	0.00895
4	0.01534	0.74102	0.02954	0.01034	0.01495	0.02263	0.01016	0.01716	0.01160	0.01370	0.00805	0.00958	0.00748	0.00536	0.00487	0.00134	0.06377	0.00326	0.00249	0.00738
5	0.00707	0.00513	0.00668	0.00792	0.00839	0.00474	0.00532	0.00812	0.01130	0.01491	0.03420	0.73309	0.09582	0.01794	0.00738	0.00233	0.00334	0.01619	0.00540	0.00474
6	0.00985	0.00948	0.01822	0.01493	0.01757	0.00888	0.31032	0.01248	0.01221	0.01642	0.02361	0.46889	0.02613	0.01268	0.00719	0.00219	0.00605	0.01251	0.00438	0.00602
7	0.01098	0.01034	0.01744	0.78165	0.04005	0.01292	0.01615	0.01486	0.01163	0.01486	0.01034	0.01550	0.00775	0.00581	0.00581	0.00194	0.00775	0.00517	0.00258	0.00646
8	0.00849	0.00573	0.00681	0.00681	0.00701	0.00590	0.00414	0.00889	0.00869	0.01188	0.01789	0.03520	0.01992	0.65505	0.14966	0.00614	0.00718	0.00802	0.02274	0.00384
9	0.00727	0.00519	0.00696	0.00831	0.00872	0.00488	0.00572	0.00841	0.01131	0.01505	0.03195	0.73386	0.03806	0.01805	0.00747	0.00239	0.00353	0.07271	0.00539	0.00477
10	0.01098	0.01034	0.01744	0.78165	0.04005	0.01292	0.01615	0.01486	0.01163	0.01486	0.01034	0.01550	0.00775	0.00581	0.00581	0.00194	0.00775	0.00517	0.00258	0.00646
11	0.01098	0.01034	0.01744	0.78165	0.04005	0.01292	0.01615	0.01486	0.01163	0.01486	0.01034	0.01550	0.00775	0.00581	0.00581	0.00194	0.00775	0.00517	0.00258	0.00646
12	0.01555	0.79913	0.03047	0.00995	0.01493	0.02301	0.00995	0.01741	0.01182	0.01368	0.00808	0.00933	0.00746	0.00498	0.00373	0.00124	0.00622	0.00311	0.00249	0.00746
13	0.01578	0.67898	0.02842	0.01075	0.01518	0.07832	0.01027	0.01757	0.01193	0.01375	0.00812	0.00969	0.00748	0.00547	0.00507	0.00137	0.06871	0.00331	0.00253	0.00732
14	0.01206	0.01034	0.01206	0.00861	0.01378	0.00775	0.00689	0.01464	0.01206	0.01895	0.01034	0.01206	0.00861	0.00431	0.00431	0.00086	0.00431	0.00345	0.00345	0.83118
15	0.01271	0.01793	0.21151	0.04149	0.02633	0.01332	0.42834	0.03882	0.01405	0.01958	0.10308	0.01820	0.01413	0.00600	0.00647	0.00191	0.00848	0.00658	0.00332	0.00776
16	0.01563	0.01450	0.05392	0.11684	0.03643	0.04325	0.08579	0.15818	0.32564	0.04120	0.01756	0.01885	0.01328	0.00709	0.00599	0.00191	0.00638	0.02411	0.00482	0.00862
17	0.01098	0.01034	0.01744	0.78165	0.04005	0.01292	0.01615	0.01486	0.01163	0.01486	0.01034	0.01550	0.00775	0.00581	0.00581	0.00194	0.00775	0.00517	0.00258	0.00646
18	0.01367	0.36078	0.37392	0.01315	0.01958	0.04188	0.01521	0.02989	0.01267	0.01678	0.04610	0.01251	0.00979	0.00564	0.00481	0.00157	0.00731	0.00409	0.00274	0.00791
19	0.00802	0.00594	0.00748	0.00710	0.00856	0.00540	0.00532	0.01057	0.01597	0.02215	0.64908	0.04536	0.16281	0.01232	0.00686	0.00185	0.00277	0.01079	0.00625	0.00540
20	0.00846	0.00564	0.00634	0.00634	0.00634	0.00564	0.00352	0.00846	0.00846	0.01128	0.01832	0.03805	0.02114	0.79563	0.02960	0.00564	0.00564	0.00846	0.00352	0.00352
21	0.01362	0.01272	0.02142	0.03185	0.64447	0.01272	0.01654	0.01696	0.01326	0.01875	0.01399	0.02226	0.01294	0.00685	0.00611	0.00187	0.00667	0.11510	0.00326	0.00862
22	0.01341	0.01584	0.06165	0.02343	0.02908	0.01443	0.66705	0.01816	0.01345	0.01837	0.01223	0.03967	0.00966	0.00549	0.00717	0.00198	0.03119	0.00701	0.00299	0.00773
23	0.00827	0.00588	0.00753	0.00734	0.00868	0.00537	0.00542	0.01060	0.01529	0.03646	0.55323	0.15938	0.12861	0.01308	0.00693	0.00193	0.00291	0.01154	0.00615	0.00540
24	0.13815	0.00665	0.00628	0.00601	0.00781	0.00699	0.00463	0.03675	0.01231	0.02283	0.01714	0.01956	0.01343	0.00657	0.00405	0.00144	0.00310	0.00507	0.67556	0.00569
25	0.01536	0.01365	0.02264	0.08190	0.59136	0.03107	0.05215	0.01876	0.01354	0.08565	0.01197	0.01493	0.00952	0.00541	0.00581	0.00175	0.00701	0.00529	0.00325	0.00897
26	0.01010	0.00505	0.00758	0.00758	0.00758	0.00505	0.00505	0.00758	0.00758	0.01010	0.01010	0.01768	0.01010	0.02020	0.02273	0.83081	0.00505	0.00505	0.00253	0.00253
27	0.02034	0.04821	0.01806	0.01822	0.13923	0.62602	0.01228	0.02217	0.01581	0.01500	0.00928	0.01109	0.00777	0.00583	0.00528	0.00153	0.00978	0.00396	0.00296	0.00717
28	0.00909	0.00741	0.00776	0.00734	0.00953	0.00707	0.00559	0.06538	0.10302	0.01881	0.08805	0.08345	0.52189	0.01317	0.00664	0.00195	0.00341	0.01103	0.02361	0.00583
29	0.01036	0.00644	0.00822	0.00751	0.00937	0.00579	0.00573	0.01281	0.01589	0.11977	0.53854	0.05635	0.15715	0.01182	0.00674	0.00186	0.00308	0.01028	0.00633	0.00597
30	0.12579	0.02868	0.01613	0.13073	0.03535	0.01531	0.01100	0.40888	0.02062	0.13089	0.01371	0.01434	0.00966	0.00655	0.00549	0.00178	0.00617	0.00500	0.00510	0.00884
31	0.01362	0.01349	0.02260	0.22594	0.45869	0.03745	0.08397	0.01719	0.01283	0.01758	0.01069	0.01462	0.00869	0.00551	0.00629	0.00182	0.03272	0.00529	0.00280	0.00820
32	0.01534	0.66299	0.02785	0.01061	0.01492	0.06098	0.01013	0.01715	0.01172	0.01373	0.00841	0.01022	0.00777	0.00704	0.03682	0.00170	0.06939	0.00343	0.00254	0.00724
33	0.00705	0.00521	0.00659	0.00770	0.00833	0.00476	0.00522	0.00814	0.01152	0.01500	0.03693	0.65811	0.16904	0.01758	0.00732	0.00229	0.00330	0.01576	0.00540	0.00476
34	0.00730	0.00582	0.00654	0.00654	0.00816	0.00506	0.00484	0.00911	0.01400	0.01791	0.26588	0.12718	0.47265	0.01423	0.00692	0.00196	0.00293	0.01218	0.00570	0.00506
35	0.01206	0.01034	0.01206	0.00861	0.01378	0.00775	0.00689	0.01464	0.01206	0.01895	0.01034	0.01206	0.00861	0.00431	0.00431	0.00086	0.00431	0.00345	0.00345	0.83118
36	0.00722	0.00603	0.00633	0.00648	0.00825	0.00527	0.00477	0.00924	0.04332	0.01593	0.05323	0.17026	0.61346	0.01499	0.00692	0.00203	0.00308	0.01271	0.00542	0.00506
37	0.00689	0.00583	0.00595	0.00605	0.00790	0.00490	0.00449	0.00833	0.01310	0.01565	0.05700	0.10830	0.70589	0.01498	0.00691	0.00199	0.00298	0.01258	0.00540	0.00490
38	0.01228	0.02695	0.59722	0.01629	0.02370	0.06902	0.07085	0.01819	0.01303	0.01851	0.06997	0.01488	0.01127	0.00602	0.00571	0.00182	0.00835	0.00494	0.00285	0.00816
39	0.01192	0.01174	0.01447	0.07415	0.01557	0.08976	0.01071	0.01358	0.01012	0.01390	0.01208	0.03342	0.02613	0.05067	0.21533	0.00430	0.37756	0.00578	0.00290	0.00592
40	0.00960	0.00632	0.00841	0.02967	0.00995	0.00716	0.00645	0.01177	0.01040	0.01652	0.01624	0.02189	0.01417	0.04169	0.39138	0.02530	0.04788	0.00586	0.31406	0.00527
41	0.01405	0.01498	0.02997	0.09418	0.02902	0.01507	0.55020	0.07546	0.01420	0.01932	0.01145	0.01528	0.00871	0.00560	0.00772	0.00199	0.07552	0.00642	0.00310	0.00775
42	0.04129	0.29861	0.17435	0.01284	0.01743	0.13431	0.01262	0.05377	0.04362	0.03217	0.02738	0.01227	0.00922	0.00631	0.00648	0.00166	0.10081	0.00417	0.00309	0.00761
43	0.01512	0.71421	0.11163	0.01068	0.01606	0.02196	0.01122	0.01752	0.01187	0.01420	0.00834	0.00965	0.00745	0.00504	0.00393	0.00131	0.00648	0.00324	0.00248	0.00759
44	0.01131	0.01042	0.01599	0.47263	0.02908	0.01325	0.01356	0.01482	0.04540	0.01503	0.01129	0.01714	0.00953	0.06599	0.02416	0.00247	0.18762	0.00549	0.02855	0.00629
45	0.01989	0.08179	0.10072	0.01429	0.01843	0.43337	0.01214	0.17795	0.05266	0.01999	0.01085	0.01188	0.00848	0.00617	0.00532	0.00159	0.00880	0.00422	0.00365	0.00780
46	0.00778	0.00541	0.00704	0.00814	0.00874	0.00507	0.00553	0.00921	0.02874	0.03600	0.03292	0.71601	0.07262	0.01750	0.00732	0.00232	0.00343	0.01579	0.00546	0.00498
47	0.00805	0.00580	0.00763	0.00757	0.00875	0.00538	0.00560	0.01047	0.01537	0.02155	0.59770	0.18375	0.05112	0.01320	0.00700	0.00196	0.00295	0.03463	0.00618	0.00534
48	0.00706	0.00528	0.00656	0.00755	0.00830	0.00478	0.00516	0.00822	0.01176	0.01523	0.05395	0.59851	0.21203	0.01724	0.00728	0.00225	0.00326	0.01538	0.00542	0.00478
49	0.02100	0.02581	0.01617	0.01461	0.01769	0.67136	0.01102	0.04722	0.09075	0.01598	0.01063	0.01173	0.00860	0.00622	0.00533	0.00155	0.00976	0.00408	0.00338	0.00709
50	0.02332	0.00996	0.01282	0.01003	0.01414	0.00908	0.00822	0.08849	0.03314	0.58761	0.02362	0.02125	0.05062	0.00753	0.00575	0.00177	0.00479	0.00609	0.07248	0.00928
51	0.00823	0.00594	0.00777	0.00732	0.00869	0.00549	0.00549	0.01097	0.01646	0.02332	0.75629	0.04344	0.05487	0.01189	0.00686	0.00183	0.00274	0.01052	0.00640	0.00549
52	0.01439	0.01382	0.02360	0.03569	0.75936	0.01382	0.01785	0.01785	0.01324	0.01900	0.01094	0.01439	0.00921	0.00518	0.00576	0.00173	0.00691	0.00518	0.00288	0.00921
53	0.00804	0.00594	0.00751	0.00712	0.00857	0.00541	0.00534	0.01061	0.01602	0.02227	0.66025	0.04516	0.15156	0.01228	0.00686	0.00185	0.00277	0.01076	0.00626	0.00541
54	0.00749	0.00535	0.00722	0.00856	0.00908	0.00507	0.00611	0.00880	0.01154	0.01530	0.03183	0.66239	0.03757	0.01783	0.00753	0.00242	0.00373	0.14195	0.00539	0.00484
55	0.00820	0.00594	0.00773	0.00729	0.00867	0.00548	0.00547	0.01092	0.01640	0.02316	0.74204	0.04369	0.06921	0.01195	0.00686	0.00183	0.00275	0.01055	0.00638	0.00548
56	0.00846	0.00564	0.00634	0.00634	0.00634	0.00564	0.00352	0.00846	0.00846	0.01128	0.01832	0.03805	0.02114	0.79563	0.02960	0.00564	0.00564	0.00846	0.00352	0.00352
57	0.00709	0.00506	0.00675	0.00810	0.00843	0.00472	0.00540	0.00810	0.01113	0.01484	0.03205	0.79184	0.03846	0.01822	0.00742	0.00236	0.00337	0.01653	0.00540	0.00472
58	0.01482	0.01267	0.01335	0.01191	0.01526	0.01463	0.00929	0.06379	0.71539	0.02490	0.02322	0.02134	0.01739	0.00785	0.00591	0.00196	0.00469	0.00651	0.00591	0.00924
59	0.00937	0.00669	0.00937	0.01071	0.01205	0.00669	0.00937	0.01205	0.01339	0.01740	0.03079	0.06560	0.03347	0.01606	0.00803	0.00268	0.00535	0.72021	0.00535	0.00535
60	0.01206	0.01034	0.01206	0.00861	0.01378	0.00775	0.00689	0.01464	0.01206	0.01895	0.01034	0.01206	0.00861	0.00431	0.00431	0.00086	0.00431	0.00345	0.00345	0.83118
61	0.00725	0.00586	0.00644	0.00639	0.00811	0.00505	0.00476	0.00904	0.01400	0.01771	0.24453	0.09063	0.53158	0.01415	0.00690	0.00195	0.00291	0.01202	0.00567	0.00505
62	0.01308	0.31039	0.49759	0.01416	0.02144	0.01697	0.01728	0.01805	0.01211	0.01669	0.00958	0.01120	0.00740	0.00532	0.00487	0.00162	0.00773	0.00386	0.00247	0.00818
63	0.01312	0.01063	0.01261	0.02275	0.01451	0.00859	0.00747	0.04515	0.01280	0.05395	0.01099	0.01257	0.00889	0.00474	0.00488	0.00101	0.02654	0.00371	0.00368	0.72141
64	0.07577	0.04593	0.01579	0.01229	0.01636	0.01645	0.01006	0.42009	0.24802	0.03062	0.01681	0.01738	0.01267	0.00734	0.00568	0.00183	0.00567	0.02653	0.00555	0.00920
65	0.02211	0.01629	0.01745	0.01338	0.01803	0.01803	0.01105	0.73997	0.02734	0.03665	0.01396	0.01396	0.00989	0.00698	0.00582	0.00175	0.00640	0.00524	0.00582	0.00989
66	0.01683	0.21446	0.08077	0.01383	0.05928	0.19485	0.01139	0.11717	0.13239	0.01938	0.02754	0.01464	0.01104	0.03785	0.00641	0.00178	0.02408	0.00472	0.00374	0.00787
67	0.07324	0.63557	0.05744	0.01131	0.01636	0.03650	0.06831	0.01764	0.01195	0.01515	0.00849	0.00998	0.00749	0.00504	0.00407	0.00137	0.00656	0.00347	0.00261	0.00744
68	0.00736	0.00590	0.00652	0.00637	0.00808	0.00512	0.00474	0.00921	0.01416	0.01807	0.28587	0.05134	0.50556	0.03685	0.00754	0.00203	0.00296	0.01159	0.00567	0.00506
69	0.01664	0.01153	0.01318	0.01018	0.01445	0.03256	0.00817	0.16929	0.01636	0.16345	0.05139	0.06320	0.01402	0.00682	0.00558	0.00142	0.02206	0.00547	0.00489	0.36932
70	0.03906	0.01492	0.05146	0.02153	0.02680	0.01377	0.58391	0.05296	0.01397	0.01935	0.01378	0.09431	0.01177	0.00639	0.00673	0.00198	0.00878	0.00758	0.00334	0.00760
71	0.01373	0.01569	0.03431	0.02451	0.03039	0.01471	0.73824	0.01863	0.01373	0.01863	0.01176	0.01569	0.00882	0.00490	0.00686	0.00196	0.00980	0.00686	0.00294	0.00784
72	0.00753	0.00603	0.00680	0.00712	0.00866	0.00544	0.00529	0.00971	0.04409	0.01659	0.10469	0.22985	0.44689	0.01514	0.00704	0.00210	0.00327	0.06312	0.00550	0.00512
73	0.01166	0.03008	0.76550	0.01657	0.02517	0.01351	0.02149	0.01842	0.01228	0.01842	0.01044	0.01228	0.00737	0.00552	0.00552	0.00184	0.00859	0.00430	0.00246	0.00859
74	0.00831	0.00610	0.00891	0.00901	0.00996	0.00696	0.00688	0.01024	0.00953	0.01377	0.01700	0.07967	0.01656	0.07039	0.66224	0.00843	0.01387	0.00705	0.03002	0.00510
75	0.00709	0.00506	0.00675	0.00810	0.00843	0.00472	0.00540	0.00810	0.01113	0.01484	0.03205	0.79184	0.03846	0.01822	0.00742	0.00236	0.00337	0.01653	0.00540	0.00472
76	0.01046	0.00629	0.01044	0.06613	0.01180	0.00640	0.06440	0.00900	0.00837	0.01113	0.01025	0.01736	0.00983	0.01792	0.02021	0.70339	0.00563	0.00520	0.00256	0.00324
77	0.30529	0.26174	0.03427	0.02724	0.05250	0.05747	0.07635	0.01765	0.01150	0.03342	0.00895	0.01091	0.00741	0.00567	0.00549	0.00168	0.06842	0.00388	0.00306	0.00709
78	0.00740	0.00536	0.00670	0.00753	0.00813	0.00499	0.00507	0.00848	0.01144	0.01507	0.08492	0.50648	0.13453	0.13676	0.01073	0.00278	0.00366	0.03014	0.00518	0.00463
79	0.01412	0.01354	0.02311	0.09525	0.70193	0.01375	0.01771	0.01761	0.01311	0.01867	0.01089	0.01448	0.00909	0.00523	0.00576	0.00174	0.00698	0.00518	0.00286	0.00899
80	0.06153	0.01314	0.01472	0.01154	0.01561	0.01388	0.00937	0.42175	0.04032	0.22377	0.03975	0.01821	0.01335	0.06699	0.00756	0.00207	0.00571	0.00574	0.00592	0.00908
81	0.06402	0.01122	0.01386	0.01086	0.01515	0.01081	0.00895	0.19159	0.01855	0.51704	0.02061	0.04076	0.01416	0.00761	0.00584	0.00183	0.00523	0.02587	0.00660	0.00945
82	0.00734	0.00567	0.00667	0.00702	0.00831	0.00505	0.00508	0.00894	0.01317	0.01698	0.19369	0.27739	0.35266	0.03254	0.00758	0.00216	0.00317	0.03606	0.00556	0.00496
83	0.01390	0.01136	0.01229	0.01125	0.01416	0.01287	0.00865	0.04540	0.59331	0.04713	0.02469	0.13983	0.02063	0.00943	0.00614	0.00202	0.00447	0.00805	0.00588	0.00856
84	0.03242	0.07498	0.06966	0.22548	0.02061	0.06109	0.01084	0.09364	0.02853	0.01835	0.03046	0.04260	0.01330	0.10258	0.04081	0.00254	0.00679	0.02146	0.09733	0.00652
85	0.02074	0.13858	0.01912	0.01301	0.01743	0.15801	0.01080	0.47583	0.02251	0.02847	0.01204	0.01255	0.00904	0.00641	0.00535	0.00160	0.00707	0.00458	0.00472	0.03214
86	0.01468	0.44364	0.06076	0.01075	0.01464	0.14176	0.00989	0.01682	0.01324	0.01564	0.13042	0.05374	0.01665	0.00708	0.00519	0.00150	0.02814	0.00519	0.00335	0.00692
87	0.01602	0.00961	0.01132	0.00971	0.01286	0.00960	0.00772	0.07480	0.20720	0.24429	0.14668	0.03143	0.15134	0.00971	0.00628	0.00190	0.00428	0.03100	0.00626	0.00799
88	0.00871	0.00642	0.00751	0.00722	0.00906	0.00583	0.00554	0.01147	0.04721	0.05011	0.33979	0.04843	0.36138	0.01304	0.00685	0.00195	0.00317	0.05483	0.00590	0.00557
89	0.11705	0.01030	0.01249	0.00978	0.01416	0.00936	0.00799	0.02391	0.07620	0.43681	0.01867	0.01799	0.01285	0.00659	0.00530	0.00163	0.00473	0.01973	0.00581	0.18865
90	0.00857	0.00655	0.00797	0.00749	0.00893	0.02687	0.00562	0.01125	0.01638	0.02287	0.71764	0.04284	0.07146	0.01180	0.00681	0.00182	0.00296	0.01037	0.00628	0.00551
91	0.00705	0.00590	0.00613	0.00607	0.00796	0.00498	0.00455	0.00868	0.01366	0.01668	0.14806	0.05436	0.66723	0.01436	0.00687	0.00195	0.00292	0.01205	0.00553	0.00498
92	0.00833	0.00607	0.00792	0.00780	0.00920	0.00565	0.00608	0.01098	0.01573	0.02181	0.58724	0.04802	0.09742	0.01278	0.00706	0.00198	0.00320	0.13113	0.00616	0.00543
93	0.02157	0.01588	0.01699	0.01311	0.01763	0.01758	0.01080	0.69959	0.04711	0.03588	0.01437	0.01440	0.01025	0.00700	0.00577	0.00174	0.00624	0.00528	0.02905	0.00974
94	0.00755	0.00569	0.00751	0.00846	0.00883	0.00574	0.00582	0.00856	0.01095	0.01467	0.03086	0.67070	0.06711	0.04960	0.00918	0.00249	0.06121	0.01516	0.00511	0.00480
95	0.00709	0.00506	0.00675	0.00810	0.00843	0.00472	0.00540	0.00810	0.01113	0.01484	0.03205	0.79184	0.03846	0.01822	0.00742	0.00236	0.00337	0.01653	0.00540	0.00472
96	0.01182	0.02902	0.71147	0.01716	0.02555	0.01359	0.07445	0.01843	0.01238	0.01843	0.01053	0.01253	0.00747	0.00548	0.00562	0.00185	0.00868	0.00449	0.00249	0.00854
97	0.07222	0.32048	0.02269	0.06069	0.05736	0.01830	0.04651	0.22179	0.05159	0.05949	0.01169	0.01271	0.00908	0.00588	0.00491	0.00159	0.00632	0.00443	0.00395	0.00832
98	0.01206	0.01034	0.01206	0.00861	0.01378	0.00775	0.00689	0.01464	0.01206	0.01895	0.01034	0.01206	0.00861	0.00431	0.00431	0.00086	0.00431	0.00345	0.00345	0.83118
99	0.00709	0.00506	0.00675	0.00810	0.00843	0.00472	0.00540	0.00810	0.01113	0.01484	0.03205	0.79184	0.03846	0.01822	0.00742	0.00236	0.00337	0.01653	0.00540	0.00472
100	0.01246	0.15320	0.58836	0.01614	0.02393	0.01514	0.07684	0.01827	0.01232	0.01767	0.01016	0.01207	0.00750	0.00539	0.00534	0.00175	0.00831	0.00431	0.00250	0.00835
101	0.01743	0.02022	0.01705	0.13802	0.02074	0.40728	0.01244	0.04483	0.01392	0.01507	0.00899	0.01206	0.00766	0.00720	0.00932	0.00188	0.23187	0.00441	0.00290	0.00670
102	0.00725	0.00518	0.00694	0.00829	0.00870	0.00487	0.00569	0.00839	0.01130	0.01503	0.03196	0.73817	0.03809	0.01806	0.00747	0.00239	0.00352	0.06853	0.00539	0.00477
103	0.01290	0.06492	0.67578	0.01581	0.02393	0.01359	0.01999	0.01909	0.01258	0.07269	0.01124	0.01269	0.00789	0.00562	0.00546	0.00181	0.00822	0.00435	0.00280	0.00864
104	0.03569	0.00910	0.01153	0.22305	0.01871	0.01020	0.00914	0.15889	0.01480	0.02180	0.01694	0.12140	0.01482	0.00892	0.02366	0.00193	0.00530	0.00676	0.28083	0.00653
105	0.23791	0.19871	0.25458	0.01316	0.06026	0.03328	0.01299	0.01906	0.05632	0.04993	0.01056	0.01178	0.00812	0.00557	0.00463	0.00168	0.00649	0.00395	0.00321	0.00779
106	0.03227	0.01140	0.02938	0.01085	0.01434	0.01152	0.00879	0.15559	0.23568	0.22073	0.11966	0.08456	0.02162	0.00881	0.00608	0.00189	0.00476	0.00736	0.00614	0.00859
107	0.00864	0.00597	0.00683	0.00665	0.00709	0.00574	0.00393	0.00892	0.00894	0.01215	0.01870	0.09168	0.02142	0.67501	0.02594	0.00501	0.00536	0.00865	0.00366	0.06969
108	0.01625	0.01453	0.01492	0.01425	0.07523	0.08321	0.01035	0.13481	0.51665	0.02483	0.01988	0.01895	0.01497	0.00737	0.00583	0.00188	0.00558	0.00601	0.00540	0.00909
109	0.01237	0.17003	0.63174	0.01537	0.02330	0.01523	0.01939	0.01823	0.01219	0.01755	0.01001	0.01174	0.00738	0.00542	0.00520	0.00173	0.00816	0.00408	0.00246	0.00839
110	0.01474	0.67129	0.09513	0.01060	0.01564	0.02095	0.01095	0.01711	0.01197	0.01438	0.00997	0.01375	0.00938	0.00584	0.00421	0.00140	0.00637	0.05621	0.00270	0.00741
111	0.01555	0.79913	0.03047	0.00995	0.01493	0.02301	0.00995	0.01741	0.01182	0.01368	0.00808	0.00933	0.00746	0.00498	0.00373	0.00124	0.00622	0.00311	0.00249	0.00746
112	0.07119	0.00551	0.00765	0.00758	0.00785	0.00564	0.00514	0.00828	0.00775	0.01128	0.00995	0.01707	0.00982	0.01911	0.02131	0.76955	0.00501	0.00491	0.00260	0.00280
113	0.01412	0.01354	0.02311	0.09525	0.70193	0.01375	0.01771	0.01761	0.01311	0.01867	0.01089	0.01448	0.00909	0.00523	0.00576	0.00174	0.00698	0.00518	0.00286	0.00899
114	0.00760	0.00543	0.00734	0.00869	0.00925	0.00517	0.00630	0.00899	0.01164	0.01543	0.03177	0.62706	0.03733	0.01773	0.00756	0.00243	0.00382	0.17619	0.00539	0.00487
115	0.00823	0.00587	0.00752	0.00719	0.00832	0.00549	0.00518	0.01051	0.01508	0.02123	0.62263	0.06350	0.04923	0.13255	0.01037	0.00243	0.00321	0.01037	0.00593	0.00516
116	0.01373	0.01569	0.03431	0.02451	0.03039	0.01471	0.73824	0.01863	0.01373	0.01863	0.01176	0.01569	0.00882	0.00490	0.00686	0.00196	0.00980	0.00686	0.00294	0.00784
117	0.00709	0.00506	0.00675	0.00810	0.00843	0.00472	0.00540	0.00810	0.01113	0.01484	0.03205	0.79184	0.03846	0.01822	0.00742	0.00236	0.00337	0.01653	0.00540	0.00472
118	0.00819	0.00588	0.00761	0.00728	0.00849	0.00546	0.00533	0.01063	0.01556	0.02194	0.66177	0.07980	0.05137	0.07477	0.00870	0.00216	0.00301	0.01065	0.00612	0.00529
119	0.00721	0.00517	0.00680	0.00793	0.00839	0.00481	0.00533	0.00835	0.01158	0.01550	0.09348	0.69053	0.05949	0.03587	0.00788	0.00238	0.00336	0.01572	0.00544	0.00476
120	0.01463	0.01257	0.01324	0.01187	0.01518	0.01454	0.00924	0.04633	0.73315	0.02459	0.02346	0.02153	0.01758	0.00787	0.00591	0.00197	0.00464	0.00655	0.00591	0.00922
121	0.00715	0.00509	0.00673	0.00801	0.00833	0.00477	0.00531	0.00811	0.01100	0.01467	0.03138	0.75478	0.03761	0.05643	0.00851	0.00252	0.00349	0.01613	0.00531	0.00466
122	0.00823	0.00561	0.00634	0.00645	0.00662	0.00551	0.00374	0.00842	0.00902	0.01189	0.02242	0.09955	0.07690	0.67586	0.02615	0.00510	0.00526	0.00938	0.00381	0.00372
123	0.01098	0.01034	0.01744	0.78165	0.04005	0.01292	0.01615	0.01486	0.01163	0.01486	0.01034	0.01550	0.00775	0.00581	0.00581	0.00194	0.00775	0.00517	0.00258	0.00646
124	0.02172	0.02772	0.01648	0.01498	0.01798	0.77228	0.01124	0.02322	0.01648	0.01423	0.00899	0.01049	0.00749	0.00599	0.00524	0.00150	0.01049	0.00375	0.00300	0.00674
125	0.00743	0.00568	0.00685	0.00723	0.00847	0.00509	0.00527	0.00916	0.01345	0.01759	0.23870	0.29033	0.29860	0.01515	0.00710	0.00209	0.00315	0.04797	0.00567	0.00503
126	0.00709	0.00506	0.00675	0.00810	0.00843	0.00472	0.00540	0.00810	0.01113	0.01484	0.03205	0.79184	0.03846	0.01822	0.00742	0.00236	0.00337	0.01653	0.00540	0.00472
127	0.02588	0.01024	0.01371	0.01051	0.01502	0.00906	0.00868	0.06657	0.01722	0.72434	0.02246	0.01948	0.01415	0.00719	0.00585	0.00180	0.00503	0.00582	0.00712	0.00990
128	0.00726	0.00591	0.00642	0.00629	0.00809	0.00507	0.00472	0.00909	0.01416	0.01785	0.25539	0.05244	0.55918	0.01393	0.00687	0.00193	0.00289	0.01178	0.00568	0.00507
129	0.01378	0.07300	0.02967	0.02107	0.04043	0.03067	0.50871	0.01774	0.01291	0.01764	0.01080	0.01443	0.00854	0.00553	0.00785	0.00188	0.10306	0.00600	0.00290	0.07337
130	0.03532	0.54637	0.25228	0.01190	0.01793	0.01988	0.01335	0.01771	0.01191	0.01543	0.00880	0.01022	0.00740	0.00515	0.00427	0.00144	0.00689	0.00347	0.00251	0.00778
131	0.00860	0.00704	0.00737	0.00677	0.00907	0.00623	0.00513	0.06733	0.01420	0.01773	0.07935	0.04799	0.57756	0.05010	0.00767	0.00203	0.00344	0.01080	0.00524	0.06633
132	0.01789	0.01346	0.01460	0.01177	0.01559	0.01458	0.00938	0.42102	0.17505	0.04348	0.01710	0.05570	0.01382	0.07046	0.00769	0.00206	0.00561	0.00619	0.00546	0.07910
133	0.01178	0.00866	0.01016	0.00947	0.01173	0.00864	0.00707	0.09741	0.14978	0.05854	0.06163	0.37154	0.04568	0.01238	0.00646	0.00197	0.00410	0.01087	0.00545	0.10667
134	0.03017	0.01297	0.02154	0.01669	0.02006	0.02806	0.29369	0.08473	0.02760	0.03398	0.01639	0.11910	0.05011	0.00858	0.00921	0.00206	0.17334	0.00757	0.00375	0.04040

[dist]
# distance from previous block
# <min> <max>
4	9

[block]
# block no. 3 follows, 40 sequences, length 30
# corresponding to MSA columns:
# 294-322,325
name=unknown_D
#
# <colnr> <probs for GDERKNQSTAVLIFYWHMCP>
#	G	D	E	R	K	N	Q	S	T	A	V	L	I	F	Y	W	H	M	C	P
0	0.01257	0.01564	0.11701	0.05486	0.02548	0.01414	0.41754	0.01674	0.01218	0.01710	0.01130	0.01560	0.00905	0.01027	0.09556	0.00288	0.13582	0.00611	0.00282	0.00733
1	0.00938	0.00591	0.00716	0.00715	0.00770	0.00582	0.00455	0.00996	0.00974	0.06441	0.02234	0.15172	0.05628	0.51626	0.09258	0.00505	0.00604	0.00948	0.00411	0.00437
2	0.00895	0.00566	0.00736	0.00800	0.00890	0.00519	0.00554	0.01020	0.01208	0.08356	0.08961	0.57564	0.08810	0.05188	0.00821	0.00239	0.00354	0.01441	0.00556	0.00521
3	0.01561	0.01092	0.01231	0.01036	0.01301	0.01195	0.00812	0.35479	0.01838	0.04272	0.01676	0.07132	0.01474	0.12093	0.11837	0.00336	0.02326	0.00660	0.11917	0.00731
4	0.00748	0.00548	0.00722	0.02260	0.00924	0.00524	0.00570	0.00918	0.03390	0.01592	0.09786	0.66936	0.05501	0.01702	0.00728	0.00228	0.00343	0.01538	0.00545	0.00496
5	0.01306	0.01096	0.01764	0.54837	0.13831	0.01279	0.01519	0.01771	0.06957	0.08147	0.01256	0.01620	0.00932	0.00601	0.00582	0.00190	0.00714	0.00534	0.00329	0.00736
6	0.01546	0.71837	0.08367	0.01059	0.01577	0.04624	0.01083	0.01767	0.01200	0.01404	0.00829	0.00958	0.00746	0.00505	0.00391	0.00130	0.00653	0.00322	0.00250	0.00752
7	0.05029	0.05312	0.02016	0.36858	0.09644	0.01427	0.10590	0.13220	0.01483	0.07153	0.01181	0.01490	0.00874	0.00586	0.00574	0.00184	0.00731	0.00525	0.00353	0.00772
8	0.00821	0.00556	0.00639	0.00658	0.00669	0.00548	0.00382	0.00840	0.00899	0.01193	0.02158	0.14594	0.04726	0.65986	0.02571	0.00505	0.00523	0.00973	0.00385	0.00374
9	0.00713	0.00516	0.00674	0.00790	0.00841	0.00478	0.00533	0.00826	0.01156	0.01534	0.07140	0.70205	0.08916	0.01765	0.00736	0.00231	0.00331	0.01592	0.00545	0.00478
10	0.01186	0.06989	0.72745	0.01623	0.02464	0.01400	0.02089	0.01836	0.01225	0.01817	0.01031	0.01212	0.00737	0.00550	0.00543	0.00181	0.00847	0.00424	0.00246	0.00854
11	0.00741	0.00557	0.00747	0.06149	0.01059	0.00536	0.00605	0.00878	0.01174	0.01550	0.08202	0.61449	0.10876	0.01658	0.00722	0.00226	0.00359	0.01492	0.00527	0.00491
12	0.00744	0.00531	0.00715	0.00850	0.00899	0.00503	0.00601	0.00870	0.01148	0.01524	0.03186	0.68028	0.03769	0.01789	0.00752	0.00241	0.00368	0.12462	0.00539	0.00482
13	0.01001	0.00685	0.00760	0.00714	0.00767	0.00705	0.00438	0.09150	0.01060	0.01416	0.01783	0.03532	0.01986	0.70610	0.02690	0.00520	0.00572	0.00809	0.00378	0.00425
14	0.01383	0.01523	0.05064	0.32276	0.13204	0.11120	0.16395	0.03625	0.01316	0.01678	0.01046	0.01439	0.00817	0.00588	0.00684	0.00189	0.06109	0.00530	0.00283	0.00733
15	0.01166	0.03008	0.76550	0.01657	0.02517	0.01351	0.02149	0.01842	0.01228	0.01842	0.01044	0.01228	0.00737	0.00552	0.00552	0.00184	0.00859	0.00430	0.00246	0.00859
16	0.02114	0.02590	0.01623	0.01461	0.01764	0.68239	0.01104	0.07495	0.01695	0.01583	0.00965	0.01130	0.00799	0.00778	0.04024	0.00187	0.01042	0.00397	0.00321	0.00690
17	0.00812	0.00592	0.00764	0.00725	0.00863	0.00544	0.00542	0.01075	0.01615	0.02268	0.69865	0.06189	0.09524	0.01220	0.00687	0.00185	0.00277	0.01076	0.00632	0.00544
18	0.00953	0.00692	0.00945	0.01065	0.01204	0.00701	0.00918	0.01284	0.05130	0.01764	0.03048	0.09641	0.03288	0.01574	0.00790	0.00263	0.00523	0.65127	0.00539	0.00552
19	0.01495	0.68049	0.14386	0.01097	0.01651	0.02154	0.01173	0.01757	0.01189	0.01441	0.00845	0.00978	0.00745	0.00506	0.00401	0.00134	0.00659	0.00329	0.00248	0.00764
20	0.00714	0.00536	0.00663	0.00745	0.00831	0.00485	0.00515	0.00845	0.01221	0.01591	0.11095	0.52692	0.22618	0.01669	0.00722	0.00221	0.00320	0.01483	0.00550	0.00485
21	0.00725	0.00580	0.00630	0.00635	0.00789	0.00505	0.00458	0.00873	0.01308	0.01635	0.15750	0.11890	0.51477	0.09054	0.00913	0.00234	0.00322	0.01202	0.00537	0.00484
22	0.00719	0.00528	0.00676	0.00779	0.00846	0.00485	0.00536	0.00844	0.01188	0.01565	0.08869	0.61503	0.14160	0.01721	0.00732	0.00227	0.00332	0.03260	0.00547	0.00482
23	0.01139	0.00663	0.00865	0.00781	0.00976	0.00598	0.00597	0.01387	0.01603	0.15930	0.53905	0.07408	0.09550	0.01151	0.00670	0.00186	0.00319	0.01005	0.00643	0.00623
24	0.00715	0.00547	0.00658	0.00731	0.00834	0.00490	0.00515	0.00849	0.01233	0.01581	0.09162	0.45318	0.30103	0.01646	0.00720	0.00219	0.00323	0.03326	0.00547	0.00486
25	0.01589	0.01262	0.01346	0.01164	0.01515	0.01419	0.00919	0.16089	0.53044	0.05973	0.02428	0.02255	0.06742	0.00816	0.00596	0.00192	0.00484	0.00669	0.00592	0.00907
26	0.01373	0.01569	0.03431	0.02451	0.03039	0.01471	0.73824	0.01863	0.01373	0.01863	0.01176	0.01569	0.00882	0.00490	0.00686	0.00196	0.00980	0.00686	0.00294	0.00784
27	0.01326	0.01341	0.01811	0.01531	0.01636	0.05696	0.06989	0.01660	0.09372	0.01553	0.01025	0.01436	0.00921	0.01092	0.05305	0.00271	0.55519	0.00538	0.00301	0.00677
28	0.00932	0.00678	0.00799	0.00754	0.00946	0.00635	0.00578	0.01290	0.08526	0.05885	0.37753	0.04535	0.29325	0.01241	0.00677	0.00192	0.00320	0.03747	0.00601	0.00586
29	0.43721	0.17380	0.09945	0.02375	0.01425	0.01445	0.00908	0.01827	0.03062	0.07602	0.01045	0.01156	0.00801	0.00560	0.00413	0.00168	0.00532	0.00371	0.04555	0.00709

[dist]
# distance from previous block
# <min> <max>
0	3

[block]
# block no. 4 follows, 40 sequences, length 32
# corresponding to MSA columns:
# 329-360
name=unknown_E
#
# <colnr> <probs for GDERKNQSTAVLIFYWHMCP>
#	G	D	E	R	K	N	Q	S	T	A	V	L	I	F	Y	W	H	M	C	P
0	0.40062	0.03345	0.04079	0.06893	0.02888	0.02867	0.00908	0.15286	0.04479	0.03710	0.03922	0.01326	0.00993	0.00654	0.01456	0.00183	0.00554	0.00431	0.00409	0.05556
1	0.07141	0.00676	0.00915	0.00905	0.01010	0.00778	0.00690	0.01074	0.00976	0.01485	0.05026	0.08590	0.01794	0.09948	0.51817	0.00722	0.04870	0.00716	0.00350	0.00517
2	0.00724	0.00517	0.00666	0.00779	0.00816	0.00484	0.00513	0.00815	0.01090	0.01445	0.03156	0.66826	0.06784	0.11227	0.01009	0.00274	0.00363	0.01537	0.00517	0.00459
3	0.01192	0.01130	0.01892	0.55616	0.10531	0.01358	0.06073	0.03315	0.01205	0.01607	0.01046	0.01521	0.00813	0.00616	0.00712	0.00196	0.08251	0.00527	0.01712	0.00687
4	0.01347	0.01613	0.08483	0.02007	0.02386	0.04298	0.38339	0.01704	0.01190	0.01671	0.01001	0.01412	0.00821	0.00697	0.01129	0.00215	0.30090	0.00588	0.00276	0.00731
5	0.01509	0.70877	0.11683	0.01073	0.01613	0.02189	0.01131	0.01753	0.01187	0.01424	0.00836	0.00967	0.00745	0.00504	0.00394	0.00131	0.00650	0.00325	0.00248	0.00760
6	0.02086	0.02608	0.01732	0.01742	0.10510	0.68316	0.01201	0.02259	0.01610	0.01479	0.00922	0.01095	0.00769	0.00590	0.00530	0.00153	0.01007	0.00391	0.00298	0.00703
7	0.00763	0.00566	0.00760	0.00858	0.00888	0.00575	0.00590	0.00854	0.01080	0.01456	0.02926	0.69251	0.03492	0.03819	0.00929	0.02406	0.06290	0.01515	0.00506	0.00476
8	0.00714	0.00510	0.00680	0.00806	0.00845	0.00476	0.00540	0.00823	0.01139	0.01525	0.06631	0.75644	0.03924	0.01792	0.00740	0.00234	0.00334	0.01625	0.00545	0.00476
9	0.00712	0.00520	0.00661	0.00772	0.00826	0.00479	0.00518	0.00815	0.01129	0.01479	0.03502	0.65718	0.13432	0.05452	0.00840	0.00246	0.00342	0.01558	0.00531	0.00469
10	0.00726	0.00519	0.00695	0.00830	0.00872	0.00488	0.00571	0.00841	0.01131	0.01505	0.03195	0.73487	0.03807	0.01805	0.00747	0.00239	0.00353	0.07173	0.00539	0.00477
11	0.01177	0.05107	0.74544	0.01639	0.02489	0.01376	0.02117	0.01839	0.01226	0.01829	0.01037	0.01220	0.00737	0.00551	0.00548	0.00183	0.00853	0.00426	0.00246	0.00856
12	0.00827	0.00700	0.00730	0.00715	0.00921	0.00661	0.00537	0.01240	0.14360	0.01739	0.07075	0.10547	0.55105	0.01370	0.00674	0.00199	0.00327	0.01154	0.00552	0.00567
13	0.00829	0.00581	0.00709	0.00708	0.00753	0.00597	0.00458	0.00901	0.00934	0.01261	0.04847	0.03592	0.07675	0.52373	0.20789	0.00612	0.00774	0.00828	0.00368	0.00411
14	0.01237	0.01230	0.01604	0.01407	0.01445	0.05986	0.01155	0.01381	0.00944	0.01391	0.00930	0.01461	0.00900	0.01660	0.16862	0.00384	0.58614	0.00524	0.00268	0.00615
15	0.00966	0.00834	0.01078	0.01039	0.01143	0.05664	0.00815	0.01161	0.00974	0.01360	0.01424	0.02089	0.01329	0.03736	0.63674	0.00806	0.10466	0.00594	0.00304	0.00543
16	0.00721	0.00588	0.00640	0.00662	0.00822	0.00515	0.00483	0.00905	0.03118	0.01632	0.10532	0.21134	0.53192	0.01509	0.00697	0.00204	0.00306	0.01291	0.00549	0.00502
17	0.00817	0.00555	0.00656	0.00684	0.00695	0.00553	0.00408	0.00847	0.00904	0.01210	0.02099	0.19084	0.02436	0.60275	0.05925	0.00514	0.00563	0.01000	0.00389	0.00384
18	0.01001	0.00827	0.02479	0.03933	0.06120	0.02740	0.00900	0.05409	0.01350	0.01769	0.04257	0.29682	0.05138	0.01459	0.00729	0.00234	0.00502	0.30388	0.00504	0.00579
19	0.72159	0.01146	0.00923	0.02635	0.01207	0.03298	0.00684	0.01690	0.01017	0.02478	0.00865	0.01032	0.00682	0.00570	0.00439	0.00181	0.03884	0.00340	0.04142	0.00628
20	0.01329	0.01484	0.03163	0.14481	0.03193	0.01442	0.62351	0.01803	0.01339	0.01803	0.01154	0.01566	0.00865	0.00505	0.00670	0.00196	0.00948	0.00659	0.00288	0.00762
21	0.01296	0.35096	0.21994	0.07226	0.07811	0.01633	0.01364	0.01645	0.01231	0.01617	0.04602	0.05458	0.01283	0.00682	0.00510	0.00166	0.00667	0.04671	0.00301	0.00748
22	0.01278	0.01025	0.01210	0.00903	0.01384	0.00808	0.00731	0.04224	0.01292	0.04940	0.01264	0.01678	0.01091	0.00548	0.00473	0.00108	0.00450	0.06169	0.00384	0.70040
23	0.07699	0.13144	0.57520	0.01533	0.02293	0.01480	0.05014	0.01819	0.01209	0.01839	0.00999	0.01181	0.00736	0.00541	0.00519	0.00176	0.00801	0.00416	0.00257	0.00823
24	0.00784	0.00563	0.00732	0.00820	0.00885	0.00536	0.00564	0.03789	0.01250	0.01686	0.12877	0.65989	0.03952	0.01692	0.00728	0.00227	0.00341	0.01527	0.00555	0.00503
25	0.00726	0.00585	0.00647	0.00644	0.00812	0.00505	0.00478	0.00905	0.01398	0.01773	0.24779	0.10503	0.51364	0.01420	0.00691	0.00196	0.00292	0.01210	0.00567	0.00505
26	0.02373	0.00958	0.01281	0.00999	0.01413	0.00840	0.00819	0.04491	0.01676	0.65280	0.08180	0.02311	0.05058	0.00790	0.00597	0.00181	0.00472	0.00648	0.00702	0.00933
27	0.01562	0.01335	0.01982	0.21344	0.39449	0.06019	0.01533	0.06068	0.01421	0.10196	0.01261	0.03045	0.00995	0.00598	0.00579	0.00179	0.00702	0.00539	0.00352	0.00841
28	0.05243	0.01046	0.04851	0.01005	0.01402	0.00888	0.00852	0.06536	0.01648	0.50201	0.14770	0.02343	0.02071	0.03616	0.00677	0.00194	0.00484	0.00653	0.00648	0.00871
29	0.01494	0.04006	0.01520	0.01198	0.01452	0.02812	0.02004	0.15429	0.01420	0.07653	0.01392	0.01650	0.03805	0.01171	0.09159	0.00266	0.25577	0.00528	0.05140	0.12324
30	0.01323	0.13082	0.06737	0.04264	0.05666	0.08999	0.09318	0.07836	0.04276	0.01814	0.05165	0.18478	0.02933	0.03829	0.00692	0.00201	0.00640	0.03654	0.00403	0.00690
31	0.01485	0.05363	0.13520	0.06768	0.44239	0.10516	0.01658	0.01870	0.02732	0.03356	0.01133	0.02726	0.00935	0.00568	0.00560	0.00172	0.00746	0.00502	0.00299	0.00853

[dist]
# distance from previous block
# <min> <max>
2	8

[block]
# block no. 5 follows, 40 sequences, length 16
# corresponding to MSA columns:
# 404-419
name=unknown_F
#
# <colnr> <probs for GDERKNQSTAVLIFYWHMCP>
#	G	D	E	R	K	N	Q	S	T	A	V	L	I	F	Y	W	H	M	C	P
0	0.13247	0.31948	0.11790	0.01555	0.13084	0.07206	0.05442	0.01813	0.01255	0.03708	0.03440	0.01236	0.00939	0.00550	0.00470	0.00157	0.00675	0.00417	0.00302	0.00768
1	0.09700	0.01153	0.01317	0.01241	0.08469	0.03466	0.00892	0.11590	0.12824	0.19586	0.05714	0.02265	0.11002	0.00783	0.00566	0.00175	0.00499	0.00634	0.00535	0.07591
2	0.05355	0.11654	0.18388	0.02003	0.18837	0.04078	0.15940	0.01838	0.04115	0.03894	0.05830	0.01625	0.02694	0.00598	0.00565	0.00176	0.00729	0.00546	0.00329	0.00806
3	0.03290	0.02855	0.02938	0.01232	0.05840	0.03699	0.00946	0.10122	0.20055	0.25891	0.02020	0.01912	0.04671	0.00705	0.00560	0.00170	0.00523	0.00570	0.00552	0.11448
4	0.02044	0.01477	0.01595	0.01254	0.01676	0.01631	0.01026	0.57779	0.10366	0.06009	0.01567	0.01567	0.01131	0.00794	0.02389	0.00193	0.00615	0.00544	0.05399	0.00944
5	0.07274	0.00715	0.00843	0.00800	0.00988	0.00679	0.00596	0.05364	0.01434	0.04607	0.28723	0.26485	0.10467	0.01256	0.00649	0.00192	0.00350	0.01094	0.00555	0.06930
6	0.03197	0.23068	0.12941	0.01304	0.01762	0.20335	0.01208	0.13489	0.04098	0.07600	0.01123	0.01218	0.00871	0.00618	0.00574	0.00162	0.04848	0.00421	0.00364	0.00800
7	0.05590	0.06883	0.01741	0.01258	0.01712	0.01723	0.01048	0.56448	0.06673	0.08942	0.01456	0.01435	0.01037	0.00685	0.00559	0.00173	0.00609	0.00513	0.00561	0.00953
8	0.00719	0.00511	0.00672	0.00796	0.00827	0.00479	0.00525	0.00812	0.01093	0.01457	0.03099	0.73374	0.03713	0.07813	0.00913	0.00261	0.00355	0.01591	0.00525	0.00463
9	0.01299	0.01466	0.10336	0.23503	0.38292	0.01391	0.05527	0.01682	0.01236	0.01737	0.01049	0.01439	0.00846	0.00579	0.00690	0.00188	0.07142	0.00516	0.00273	0.00809
