[name]
unknown

[dist]
# distance from previous block
# <min> <max>
10	75

[block]
# block no. 0 follows, 43 sequences, length 12
# corresponding to MSA columns:
# 668-679
name=unknown_A
#
# <colnr> <probs for GDERKNQSTAVLIFYWHMCP>
#	G	D	E	R	K	N	Q	S	T	A	V	L	I	F	Y	W	H	M	C	P
0	0.05348	0.13583	0.09300	0.01151	0.04098	0.16472	0.00970	0.01671	0.01299	0.09854	0.10179	0.09624	0.04087	0.00782	0.00593	0.00163	0.04962	0.00607	0.00386	0.04869
1	0.01017	0.00954	0.10145	0.01204	0.12883	0.00747	0.00842	0.01238	0.01182	0.04994	0.19257	0.08310	0.02427	0.20015	0.01175	0.03546	0.00478	0.00760	0.08258	0.00570
2	0.04296	0.39077	0.06774	0.00991	0.01380	0.08393	0.00918	0.01720	0.01209	0.12811	0.05360	0.01375	0.01112	0.00836	0.03625	0.08068	0.00625	0.00417	0.00336	0.00679
3	0.01490	0.11856	0.39800	0.01600	0.10086	0.01359	0.03941	0.07299	0.01352	0.14310	0.01196	0.01296	0.00854	0.00551	0.00519	0.00166	0.00704	0.00443	0.00338	0.00839
4	0.00828	0.00625	0.00829	0.00777	0.00894	0.00593	0.05717	0.00965	0.01097	0.01456	0.09838	0.04176	0.19103	0.34916	0.01575	0.00341	0.00463	0.10637	0.04725	0.00445
5	0.01509	0.16359	0.01930	0.16014	0.18608	0.10494	0.03593	0.04192	0.03304	0.09102	0.01109	0.01357	0.00881	0.00676	0.00664	0.08056	0.00667	0.00454	0.00318	0.00714
6	0.00979	0.00749	0.02437	0.08144	0.01347	0.00719	0.05946	0.02432	0.03328	0.07087	0.02584	0.29938	0.09440	0.11161	0.03693	0.00273	0.00514	0.08232	0.00452	0.00545
7	0.01109	0.00847	0.00889	0.00835	0.00974	0.06177	0.00585	0.11020	0.01236	0.04430	0.02062	0.25039	0.03895	0.29594	0.04166	0.00336	0.00535	0.00921	0.00429	0.04922
8	0.01199	0.03978	0.03454	0.00817	0.01022	0.00918	0.00642	0.15822	0.06982	0.02046	0.06960	0.03904	0.01752	0.20561	0.04212	0.00278	0.00492	0.00638	0.23723	0.00598
9	0.09746	0.08444	0.48106	0.03342	0.06716	0.01265	0.01578	0.01616	0.01122	0.01736	0.02800	0.01440	0.00933	0.08081	0.00715	0.00204	0.00709	0.00448	0.00267	0.00734
10	0.08426	0.47743	0.11121	0.06640	0.04227	0.03479	0.01125	0.08603	0.01267	0.01686	0.00875	0.01023	0.00730	0.00510	0.00416	0.00141	0.00627	0.00350	0.00278	0.00733
11	0.00912	0.00631	0.00703	0.00673	0.00728	0.00639	0.00418	0.07824	0.01017	0.01346	0.02017	0.07472	0.06712	0.63945	0.02360	0.00464	0.00516	0.00839	0.00377	0.00407

[dist]
# distance from previous block
# <min> <max>
4	7

[block]
# block no. 1 follows, 43 sequences, length 6
# corresponding to MSA columns:
# 687-692
name=unknown_B
#
# <colnr> <probs for GDERKNQSTAVLIFYWHMCP>
#	G	D	E	R	K	N	Q	S	T	A	V	L	I	F	Y	W	H	M	C	P
0	0.12708	0.05626	0.07611	0.06898	0.27463	0.01405	0.01317	0.09891	0.04743	0.01992	0.01127	0.01521	0.00949	0.00641	0.00673	0.00180	0.10102	0.04059	0.00329	0.00766
1	0.00942	0.04620	0.00965	0.00930	0.05493	0.00698	0.00666	0.01203	0.03907	0.05192	0.35104	0.11137	0.10669	0.05616	0.00766	0.00208	0.00372	0.10426	0.00526	0.00560
2	0.05545	0.01205	0.01307	0.01072	0.01421	0.01300	0.00855	0.34107	0.19000	0.05332	0.07593	0.06831	0.01646	0.03009	0.00616	0.00180	0.00493	0.00624	0.00529	0.07337
3	0.20787	0.03100	0.01364	0.05431	0.01579	0.07232	0.03830	0.09554	0.08351	0.25402	0.01448	0.01436	0.01017	0.00600	0.00492	0.00164	0.00546	0.00461	0.00474	0.06731
4	0.44692	0.07904	0.03362	0.00874	0.01233	0.01282	0.00745	0.13867	0.01333	0.08219	0.07009	0.01430	0.01156	0.04171	0.00536	0.00183	0.00479	0.00433	0.00413	0.00681
5	0.01231	0.01018	0.01097	0.02326	0.06048	0.07532	0.00775	0.09060	0.11145	0.05259	0.02411	0.05639	0.15325	0.12597	0.07146	0.00287	0.01853	0.04375	0.01768	0.03109

[dist]
# distance from previous block
# <min> <max>
1	110

[block]
# block no. 2 follows, 43 sequences, length 25
# corresponding to MSA columns:
# 816-833,836-842
name=unknown_C
#
# <colnr> <probs for GDERKNQSTAVLIFYWHMCP>
#	G	D	E	R	K	N	Q	S	T	A	V	L	I	F	Y	W	H	M	C	P
0	0.04339	0.11062	0.01946	0.01627	0.12291	0.21322	0.11799	0.12015	0.03292	0.01890	0.01117	0.01391	0.00919	0.01962	0.00551	0.00160	0.00721	0.01950	0.04279	0.05365
1	0.06103	0.01387	0.01341	0.07074	0.06952	0.16904	0.00955	0.10114	0.19509	0.06627	0.06317	0.05164	0.01478	0.00709	0.00534	0.00168	0.00584	0.00569	0.04795	0.02717
2	0.01498	0.01626	0.08255	0.02366	0.38518	0.13730	0.04975	0.03650	0.11917	0.04346	0.01328	0.01501	0.02637	0.00574	0.00549	0.00167	0.00693	0.00508	0.00339	0.00823
3	0.05410	0.15443	0.49415	0.01456	0.04183	0.01423	0.03974	0.01838	0.05345	0.05030	0.01073	0.01206	0.00791	0.00534	0.00497	0.00166	0.00725	0.00414	0.00280	0.00798
4	0.00774	0.00566	0.00721	0.00813	0.00887	0.00548	0.00575	0.04062	0.03294	0.01554	0.03088	0.64042	0.07523	0.01625	0.00698	0.00222	0.00351	0.07653	0.00517	0.00489
5	0.00962	0.00481	0.00722	0.00722	0.00722	0.00481	0.00481	0.00722	0.00722	0.00962	0.00962	0.01684	0.00962	0.01924	0.02165	0.83886	0.00481	0.00481	0.00241	0.00241
6	0.00926	0.00615	0.00771	0.00711	0.00881	0.00561	0.00540	0.01198	0.03481	0.08670	0.56407	0.04085	0.16778	0.01128	0.00643	0.00176	0.00287	0.00981	0.00599	0.00559
7	0.01452	0.69360	0.11911	0.01037	0.01547	0.04100	0.01084	0.01685	0.01142	0.01359	0.00799	0.00925	0.00710	0.00483	0.00380	0.00126	0.00630	0.00311	0.00238	0.00722
8	0.01339	0.01283	0.02173	0.03274	0.73705	0.01278	0.01643	0.01660	0.01261	0.01796	0.01244	0.01546	0.04238	0.00534	0.00553	0.00165	0.00641	0.00523	0.00285	0.00859
9	0.00878	0.00720	0.01056	0.01006	0.01085	0.00899	0.00799	0.01060	0.00881	0.01295	0.01328	0.01978	0.01249	0.03500	0.62621	0.00757	0.17515	0.00571	0.00286	0.00517
10	0.01251	0.01262	0.05880	0.16823	0.47791	0.01238	0.01529	0.01669	0.06407	0.01724	0.01213	0.01709	0.01036	0.05012	0.00682	0.00194	0.00654	0.02843	0.00298	0.00784
11	0.01148	0.00984	0.01148	0.00820	0.01312	0.00738	0.00656	0.01395	0.01148	0.01805	0.00984	0.01148	0.00820	0.00410	0.00410	0.00082	0.00410	0.00328	0.00328	0.83922
12	0.01342	0.01176	0.01594	0.31293	0.02392	0.05942	0.04012	0.09821	0.02690	0.05916	0.01195	0.05596	0.00998	0.00739	0.00853	0.00193	0.19208	0.00554	0.03821	0.00667
13	0.01680	0.01243	0.01347	0.01105	0.01430	0.01366	0.00875	0.47554	0.11317	0.02818	0.01717	0.11640	0.01490	0.07680	0.00763	0.00207	0.00532	0.00678	0.03754	0.00803
14	0.00783	0.00678	0.04976	0.00821	0.00924	0.00570	0.00613	0.04476	0.01135	0.01515	0.02878	0.60331	0.07048	0.08089	0.00862	0.00244	0.00382	0.02703	0.00486	0.00487
15	0.03439	0.02129	0.47267	0.01428	0.05123	0.01152	0.01572	0.05635	0.01298	0.13395	0.01297	0.05456	0.00986	0.00611	0.00530	0.00169	0.00682	0.00493	0.00346	0.06993
16	0.01132	0.05137	0.71530	0.01599	0.02394	0.01319	0.05832	0.01752	0.01175	0.01741	0.00994	0.01178	0.00709	0.00522	0.00528	0.00174	0.00818	0.00419	0.00236	0.00812
17	0.00675	0.00482	0.00643	0.00771	0.00803	0.00450	0.00514	0.00771	0.01060	0.01414	0.03053	0.80175	0.03663	0.01735	0.00707	0.00225	0.00321	0.01574	0.00514	0.00450
18	0.02402	0.01026	0.01331	0.01026	0.01452	0.00944	0.00846	0.11692	0.04091	0.65901	0.02081	0.01822	0.01328	0.00685	0.00557	0.00171	0.00487	0.00552	0.00665	0.00940
19	0.00784	0.00566	0.00740	0.00697	0.00827	0.00523	0.00523	0.01045	0.01568	0.02221	0.76789	0.04137	0.05226	0.01132	0.00653	0.00174	0.00261	0.01002	0.00610	0.00523
20	0.01294	0.01370	0.01965	0.01608	0.01729	0.07469	0.14300	0.01478	0.00984	0.01413	0.00807	0.01246	0.00746	0.00850	0.01511	0.00225	0.59615	0.00505	0.00252	0.00634
21	0.01365	0.01341	0.02223	0.09368	0.65418	0.03871	0.04911	0.01697	0.01261	0.01761	0.01034	0.01372	0.00859	0.00500	0.00552	0.00166	0.00688	0.00496	0.00273	0.00843
22	0.01371	0.01316	0.02248	0.03399	0.77081	0.01316	0.01700	0.01700	0.01261	0.01809	0.01042	0.01371	0.00877	0.00493	0.00548	0.00164	0.00658	0.00493	0.00274	0.00877
23	0.01371	0.01316	0.02248	0.03399	0.77081	0.01316	0.01700	0.01700	0.01261	0.01809	0.01042	0.01371	0.00877	0.00493	0.00548	0.00164	0.00658	0.00493	0.00274	0.00877
24	0.00779	0.00566	0.00734	0.00692	0.00825	0.00521	0.00519	0.01037	0.01557	0.02196	0.74370	0.04178	0.07661	0.01141	0.00653	0.00175	0.00262	0.01007	0.00606	0.00521

[dist]
# distance from previous block
# <min> <max>
0	25

[block]
# block no. 3 follows, 43 sequences, length 14
# corresponding to MSA columns:
# 868-881
name=unknown_D
#
# <colnr> <probs for GDERKNQSTAVLIFYWHMCP>
#	G	D	E	R	K	N	Q	S	T	A	V	L	I	F	Y	W	H	M	C	P
0	0.08849	0.09534	0.61942	0.01494	0.04203	0.01363	0.01806	0.01732	0.01147	0.01783	0.00955	0.01125	0.00698	0.00520	0.00495	0.00170	0.00758	0.00391	0.00245	0.00790
1	0.01166	0.13707	0.58213	0.01515	0.02238	0.01394	0.07632	0.01715	0.01189	0.01710	0.03892	0.01270	0.00888	0.00537	0.00517	0.00168	0.00774	0.00435	0.00252	0.00786
2	0.00775	0.00566	0.00728	0.00687	0.00822	0.00519	0.00516	0.01028	0.01547	0.02171	0.71916	0.04219	0.10130	0.01151	0.00653	0.00175	0.00263	0.01013	0.00603	0.00519
3	0.01399	0.01387	0.02104	0.09489	0.61868	0.07343	0.01602	0.01768	0.04419	0.01762	0.01073	0.01380	0.00887	0.00515	0.00546	0.00165	0.00682	0.00488	0.00285	0.00837
4	0.02751	0.00945	0.01217	0.05745	0.14571	0.03528	0.00927	0.05213	0.09723	0.08290	0.07937	0.15730	0.10578	0.01030	0.00617	0.00192	0.00482	0.09376	0.00475	0.00672
5	0.00962	0.00481	0.00722	0.00722	0.00722	0.00481	0.00481	0.00722	0.00722	0.00962	0.00962	0.01684	0.00962	0.01924	0.02165	0.83886	0.00481	0.00481	0.00241	0.00241
6	0.00754	0.00518	0.00631	0.00690	0.00708	0.00504	0.00431	0.00804	0.00930	0.01238	0.02335	0.35653	0.02746	0.44670	0.01860	0.00396	0.00446	0.03879	0.00417	0.00390
7	0.01143	0.05140	0.68466	0.01672	0.05399	0.01321	0.05783	0.01750	0.01179	0.01743	0.00995	0.01186	0.00716	0.00520	0.00528	0.00174	0.00811	0.00422	0.00238	0.00814
8	0.01201	0.06589	0.63917	0.01634	0.05471	0.01360	0.04575	0.05737	0.01254	0.01829	0.01008	0.01184	0.00728	0.00528	0.00525	0.00172	0.00793	0.00421	0.00255	0.00820
9	0.01196	0.01034	0.01605	0.52222	0.11998	0.01212	0.01381	0.09532	0.01299	0.01757	0.01157	0.01628	0.00905	0.00593	0.00543	0.00177	0.00664	0.02423	0.08003	0.00671
10	0.00761	0.00606	0.00920	0.00909	0.01012	0.00566	0.08300	0.00906	0.01116	0.01486	0.07413	0.54664	0.08337	0.07552	0.00857	0.00240	0.00400	0.02995	0.00482	0.00479
11	0.04203	0.11618	0.01861	0.17814	0.26747	0.03214	0.02474	0.05589	0.03777	0.02958	0.01503	0.01950	0.06336	0.00670	0.00562	0.00173	0.01900	0.05590	0.00330	0.00730
12	0.06123	0.05267	0.01224	0.02875	0.01328	0.04741	0.00782	0.05679	0.17413	0.23221	0.01969	0.02206	0.04505	0.08285	0.03742	0.00232	0.00536	0.03345	0.03680	0.02847
13	0.01706	0.01187	0.01416	0.01216	0.06635	0.01188	0.00914	0.33057	0.01814	0.12959	0.01448	0.05518	0.01143	0.00919	0.06498	0.00205	0.00598	0.00529	0.00478	0.20572

[dist]
# distance from previous block
# <min> <max>
5	15

[block]
# block no. 4 follows, 43 sequences, length 14
# corresponding to MSA columns:
# 950-963
name=unknown_E
#
# <colnr> <probs for GDERKNQSTAVLIFYWHMCP>
#	G	D	E	R	K	N	Q	S	T	A	V	L	I	F	Y	W	H	M	C	P
0	0.00681	0.00492	0.00645	0.00755	0.00802	0.00456	0.00510	0.00791	0.01105	0.01472	0.08118	0.71072	0.07700	0.01677	0.00700	0.00219	0.00315	0.01514	0.00521	0.00456
1	0.00712	0.00516	0.00673	0.00733	0.00809	0.00477	0.00512	0.00869	0.01251	0.01704	0.29292	0.49130	0.08258	0.01503	0.00685	0.00205	0.00298	0.01349	0.00548	0.00477
2	0.00691	0.00542	0.00625	0.00648	0.00781	0.00476	0.00469	0.00848	0.01283	0.01648	0.21922	0.24516	0.40731	0.01425	0.00668	0.00194	0.00287	0.01234	0.00537	0.00476
3	0.01581	0.01167	0.01279	0.01101	0.01435	0.01296	0.00870	0.12511	0.51847	0.12201	0.06830	0.02075	0.01772	0.00755	0.00567	0.00182	0.00454	0.00624	0.00581	0.00872
4	0.84448	0.01071	0.00814	0.00728	0.01071	0.01242	0.00600	0.01628	0.00943	0.02485	0.00771	0.00900	0.00600	0.00514	0.00343	0.00171	0.00428	0.00300	0.00343	0.00600
5	0.01222	0.01335	0.04584	0.07018	0.02474	0.01187	0.46969	0.01619	0.01242	0.01744	0.01143	0.04216	0.00926	0.00506	0.00585	0.00162	0.00765	0.00588	0.00297	0.21419
6	0.02157	0.01093	0.01342	0.01041	0.01466	0.01045	0.00852	0.16838	0.09882	0.47240	0.01906	0.01723	0.01267	0.00661	0.00543	0.00163	0.00489	0.00530	0.00611	0.09149
7	0.84448	0.01071	0.00814	0.00728	0.01071	0.01242	0.00600	0.01628	0.00943	0.02485	0.00771	0.00900	0.00600	0.00514	0.00343	0.00171	0.00428	0.00300	0.00343	0.00600
8	0.00936	0.00634	0.00803	0.00734	0.00901	0.00594	0.00559	0.03219	0.03620	0.06968	0.63636	0.03934	0.09127	0.01097	0.00642	0.00175	0.00290	0.00960	0.00606	0.00567
9	0.84448	0.01071	0.00814	0.00728	0.01071	0.01242	0.00600	0.01628	0.00943	0.02485	0.00771	0.00900	0.00600	0.00514	0.00343	0.00171	0.00428	0.00300	0.00343	0.00600
10	0.01371	0.01316	0.02248	0.03399	0.77081	0.01316	0.01700	0.01700	0.01261	0.01809	0.01042	0.01371	0.00877	0.00493	0.00548	0.00164	0.00658	0.00493	0.00274	0.00877
11	0.01997	0.01498	0.01601	0.01252	0.01676	0.01667	0.01027	0.64525	0.13490	0.03317	0.01467	0.01439	0.01053	0.00678	0.00555	0.00169	0.00584	0.00518	0.00555	0.00932
12	0.02113	0.01015	0.04327	0.00999	0.01398	0.00877	0.00843	0.02525	0.11252	0.56993	0.09709	0.02108	0.01776	0.00733	0.00566	0.00174	0.00460	0.00605	0.00644	0.00886
13	0.01523	0.01149	0.01244	0.01093	0.01418	0.01292	0.00858	0.05493	0.61866	0.11237	0.02196	0.02018	0.01616	0.00737	0.00556	0.00183	0.00442	0.00609	0.03596	0.00874

[dist]
# distance from previous block
# <min> <max>
0	7

[block]
# block no. 5 follows, 43 sequences, length 10
# corresponding to MSA columns:
# 971-980
name=unknown_F
#
# <colnr> <probs for GDERKNQSTAVLIFYWHMCP>
#	G	D	E	R	K	N	Q	S	T	A	V	L	I	F	Y	W	H	M	C	P
0	0.00739	0.00559	0.00648	0.00629	0.00757	0.00504	0.00451	0.00908	0.01316	0.01742	0.36516	0.04495	0.31639	0.15470	0.01042	0.00244	0.00318	0.01029	0.00525	0.00468
1	0.02731	0.01084	0.03097	0.13423	0.12015	0.01298	0.03624	0.01404	0.01025	0.01585	0.01050	0.01465	0.00899	0.00866	0.03933	0.00222	0.33951	0.00497	0.15199	0.00633
2	0.01481	0.00884	0.01122	0.00944	0.01215	0.00869	0.02550	0.14851	0.05616	0.21292	0.30753	0.11083	0.03025	0.00964	0.00612	0.00179	0.00409	0.00833	0.00598	0.00720
3	0.00931	0.00727	0.00790	0.00736	0.00939	0.00695	0.00559	0.14163	0.01503	0.01915	0.11780	0.16282	0.44327	0.01295	0.00645	0.00188	0.00344	0.01095	0.00531	0.00555
4	0.02183	0.01020	0.01271	0.00995	0.01385	0.00974	0.00815	0.17005	0.04015	0.50897	0.04730	0.01879	0.01441	0.00696	0.00545	0.00167	0.00471	0.00560	0.08065	0.00887
5	0.01720	0.03178	0.03379	0.02880	0.08308	0.01355	0.01017	0.43237	0.01996	0.07761	0.01632	0.15490	0.01434	0.00825	0.00571	0.00174	0.00554	0.00683	0.00503	0.03304
6	0.01410	0.06284	0.12464	0.01330	0.04110	0.03122	0.05983	0.01668	0.01172	0.15144	0.01568	0.02984	0.07742	0.00768	0.00918	0.00184	0.24084	0.00549	0.00361	0.08154
7	0.00936	0.00686	0.00814	0.00827	0.00950	0.00684	0.00590	0.14126	0.01348	0.01778	0.02984	0.53048	0.11914	0.05587	0.00783	0.00226	0.00379	0.01293	0.00512	0.00534
8	0.51093	0.04356	0.03134	0.05025	0.14940	0.08171	0.00937	0.01712	0.01091	0.03920	0.00876	0.01050	0.00691	0.00520	0.00414	0.00166	0.00552	0.00357	0.00322	0.00672
9	0.01623	0.00761	0.00993	0.00841	0.01089	0.00692	0.00642	0.03949	0.01425	0.37630	0.19172	0.09692	0.02557	0.15197	0.00998	0.00242	0.00426	0.00792	0.00586	0.00694

[dist]
# distance from previous block
# <min> <max>
0	6

[block]
# block no. 6 follows, 43 sequences, length 13
# corresponding to MSA columns:
# 987-990,992-1000
name=unknown_G
#
# <colnr> <probs for GDERKNQSTAVLIFYWHMCP>
#	G	D	E	R	K	N	Q	S	T	A	V	L	I	F	Y	W	H	M	C	P
0	0.01411	0.00994	0.01126	0.01025	0.01294	0.01079	0.00786	0.04870	0.43839	0.14094	0.02402	0.20618	0.02084	0.00972	0.00596	0.00193	0.00422	0.00837	0.00571	0.00788
1	0.01376	0.01119	0.01271	0.00928	0.01409	0.00972	0.00751	0.18984	0.01495	0.02206	0.01067	0.01192	0.00849	0.00471	0.00444	0.00102	0.00458	0.00369	0.00382	0.64155
2	0.01167	0.00859	0.00928	0.00852	0.01083	0.00926	0.00656	0.02025	0.36328	0.04730	0.14820	0.02709	0.09240	0.00848	0.00545	0.00171	0.00352	0.00711	0.20353	0.00696
3	0.01376	0.01119	0.01271	0.00928	0.01409	0.00972	0.00751	0.18984	0.01495	0.02206	0.01067	0.01192	0.00849	0.00471	0.00444	0.00102	0.00458	0.00369	0.00382	0.64155
4	0.01168	0.00978	0.01104	0.01019	0.01262	0.01118	0.00791	0.02260	0.49902	0.02040	0.08267	0.02356	0.04087	0.01612	0.19101	0.00354	0.00668	0.00665	0.00502	0.00745
5	0.00716	0.00543	0.00698	0.00733	0.00838	0.00525	0.00534	0.00877	0.01160	0.01546	0.16241	0.29276	0.21978	0.02121	0.19177	0.00365	0.00577	0.01137	0.00479	0.00478
6	0.00962	0.00481	0.00722	0.00722	0.00722	0.00481	0.00481	0.00722	0.00722	0.00962	0.00962	0.01684	0.00962	0.01924	0.02165	0.83886	0.00481	0.00481	0.00241	0.00241
7	0.01463	0.01495	0.07728	0.02014	0.04493	0.01322	0.50999	0.05833	0.04316	0.10024	0.01275	0.01513	0.00927	0.00515	0.00615	0.00179	0.00815	0.00603	0.00348	0.03522
8	0.01158	0.02538	0.59944	0.01759	0.02516	0.01313	0.19441	0.01759	0.01202	0.01759	0.01024	0.01247	0.00735	0.00512	0.00557	0.00178	0.00846	0.00467	0.00245	0.00801
9	0.01194	0.01125	0.01481	0.01301	0.01386	0.01486	0.01060	0.01666	0.18780	0.01566	0.01239	0.04154	0.01116	0.01238	0.08564	0.00289	0.50804	0.00565	0.00333	0.00655
10	0.00764	0.00590	0.00714	0.00781	0.00862	0.02993	0.00558	0.00920	0.01238	0.01650	0.22767	0.48018	0.07567	0.01505	0.00688	0.00209	0.00339	0.06823	0.00532	0.00481
11	0.01071	0.00980	0.01381	0.01264	0.01309	0.01290	0.01056	0.01236	0.00956	0.01403	0.01369	0.02560	0.01414	0.01593	0.13345	0.00345	0.48690	0.17859	0.00314	0.00566
12	0.02136	0.01861	0.01431	0.01231	0.01559	0.42486	0.00956	0.02351	0.03939	0.29707	0.01518	0.01485	0.03014	0.00654	0.00569	0.00159	0.03276	0.00466	0.00448	0.00756

[dist]
# distance from previous block
# <min> <max>
1	9

[block]
# block no. 7 follows, 43 sequences, length 29
# corresponding to MSA columns:
# 1012-1040
name=unknown_H
#
# <colnr> <probs for GDERKNQSTAVLIFYWHMCP>
#	G	D	E	R	K	N	Q	S	T	A	V	L	I	F	Y	W	H	M	C	P
0	0.01840	0.01345	0.01430	0.01155	0.01525	0.04512	0.00932	0.43487	0.14785	0.09973	0.09097	0.04244	0.01611	0.00758	0.00568	0.00172	0.00540	0.00604	0.00561	0.00862
1	0.74829	0.01211	0.06606	0.00808	0.01186	0.01251	0.00720	0.01691	0.03997	0.02423	0.00848	0.00967	0.00652	0.00525	0.00365	0.00172	0.00458	0.00321	0.00343	0.00627
2	0.04153	0.00619	0.00728	0.00747	0.00896	0.00571	0.00542	0.01011	0.04672	0.01635	0.09649	0.39751	0.19466	0.01375	0.00642	0.00195	0.00332	0.03738	0.00499	0.08779
3	0.11005	0.01469	0.06929	0.19274	0.17484	0.08225	0.16145	0.04302	0.01240	0.01776	0.00982	0.01305	0.00772	0.00552	0.00630	0.00178	0.06244	0.00485	0.00283	0.00719
4	0.00791	0.00593	0.00890	0.00890	0.00989	0.00692	0.00692	0.00989	0.00890	0.01286	0.01483	0.02176	0.01385	0.04154	0.78341	0.00890	0.01483	0.00593	0.00297	0.00494
5	0.01185	0.00943	0.01085	0.01042	0.02965	0.01010	0.00817	0.11818	0.26486	0.02179	0.11905	0.03682	0.12649	0.01062	0.00635	0.00199	0.00441	0.18658	0.00541	0.00696
6	0.02105	0.01551	0.01662	0.01274	0.01717	0.01717	0.01053	0.75235	0.02604	0.03490	0.01330	0.01330	0.00942	0.00665	0.00554	0.00166	0.00609	0.00499	0.00554	0.00942
7	0.01371	0.01316	0.02248	0.03399	0.77081	0.01316	0.01700	0.01700	0.01261	0.01809	0.01042	0.01371	0.00877	0.00493	0.00548	0.00164	0.00658	0.00493	0.00274	0.00877
8	0.00675	0.00482	0.00643	0.00771	0.00803	0.00450	0.00514	0.00771	0.01060	0.01414	0.03053	0.80175	0.03663	0.01735	0.00707	0.00225	0.00321	0.01574	0.00514	0.00450
9	0.01401	0.64018	0.19053	0.01084	0.01632	0.01996	0.01185	0.01679	0.01135	0.01400	0.00818	0.00949	0.00709	0.00485	0.00392	0.00131	0.00641	0.00321	0.00236	0.00734
10	0.01148	0.10612	0.70241	0.01516	0.02300	0.01376	0.01937	0.01744	0.01165	0.01709	0.00972	0.01141	0.00702	0.00521	0.00509	0.00170	0.00796	0.00398	0.00234	0.00808
11	0.00805	0.00537	0.00604	0.00604	0.00604	0.00537	0.00336	0.00805	0.00805	0.01074	0.01745	0.03624	0.02013	0.80536	0.02819	0.00537	0.00537	0.00805	0.00336	0.00336
12	0.01131	0.10407	0.62609	0.01477	0.02203	0.01324	0.03580	0.01694	0.01189	0.01728	0.04429	0.01441	0.00986	0.00578	0.00525	0.00172	0.00764	0.02717	0.00261	0.00783
13	0.08595	0.01979	0.01445	0.01250	0.01584	0.43922	0.00969	0.12207	0.04840	0.14709	0.02602	0.01290	0.00972	0.00617	0.00510	0.00156	0.00774	0.00429	0.00412	0.00738
14	0.00805	0.00537	0.00604	0.00604	0.00604	0.00537	0.00336	0.00805	0.00805	0.01074	0.01745	0.03624	0.02013	0.80536	0.02819	0.00537	0.00537	0.00805	0.00336	0.00336
15	0.00808	0.00568	0.00727	0.00698	0.00833	0.00518	0.00519	0.01038	0.01485	0.04211	0.59689	0.11753	0.12656	0.01208	0.00656	0.00181	0.00275	0.01064	0.00592	0.00521
16	0.03705	0.13458	0.62950	0.01462	0.02204	0.03620	0.01824	0.01750	0.01168	0.01703	0.00953	0.01118	0.00700	0.00520	0.00497	0.00167	0.00781	0.00389	0.00239	0.00792
17	0.01311	0.01218	0.01896	0.35403	0.34938	0.02915	0.01531	0.08005	0.04106	0.01796	0.01084	0.01430	0.00851	0.00545	0.00551	0.00174	0.00687	0.00495	0.00297	0.00766
18	0.01052	0.00725	0.00826	0.00763	0.00989	0.00686	0.00598	0.04120	0.10312	0.10821	0.16880	0.04244	0.38114	0.01175	0.00636	0.00187	0.00348	0.06362	0.00558	0.00603
19	0.03552	0.01174	0.09185	0.69143	0.03591	0.01236	0.01560	0.01455	0.01109	0.01481	0.00979	0.01429	0.00730	0.00550	0.00545	0.00183	0.00737	0.00478	0.00248	0.00635
20	0.01359	0.01304	0.02227	0.06142	0.74431	0.01313	0.01694	0.01689	0.01256	0.01795	0.01040	0.01375	0.00872	0.00496	0.00548	0.00165	0.00661	0.00493	0.00273	0.00868
21	0.00793	0.00585	0.00846	0.00846	0.00930	0.00668	0.00638	0.00961	0.00877	0.01253	0.01524	0.02398	0.01481	0.15866	0.66761	0.00836	0.01338	0.00626	0.00303	0.00470
22	0.49944	0.01137	0.01054	0.00857	0.01251	0.01216	0.00703	0.15171	0.01315	0.05796	0.00976	0.01069	0.00738	0.00530	0.00404	0.00153	0.00460	0.00353	0.00394	0.16480
23	0.00798	0.00572	0.00738	0.00804	0.00883	0.00553	0.00573	0.05141	0.01246	0.01680	0.15334	0.54425	0.03683	0.03804	0.00754	0.00224	0.00350	0.07419	0.00527	0.00492
24	0.00768	0.00608	0.00702	0.00735	0.00874	0.00577	0.00540	0.01069	0.09469	0.01640	0.11285	0.30359	0.32304	0.01424	0.00669	0.00203	0.00323	0.05408	0.00529	0.00515
25	0.01560	0.01145	0.01327	0.02825	0.01463	0.01135	0.00838	0.26953	0.01654	0.08280	0.01292	0.03326	0.01028	0.02629	0.00637	0.00149	0.05848	0.00472	0.04692	0.32748
26	0.06520	0.01136	0.01321	0.01035	0.01424	0.01116	0.03784	0.27522	0.03497	0.04577	0.03236	0.10559	0.01351	0.02567	0.00571	0.00156	0.00494	0.00586	0.00452	0.28095
27	0.04764	0.01270	0.01338	0.01106	0.01447	0.03163	0.00887	0.37103	0.20823	0.04550	0.09112	0.01997	0.01651	0.03250	0.00628	0.00185	0.00515	0.02338	0.03051	0.00822
28	0.01342	0.02301	0.01200	0.03287	0.03143	0.06312	0.00794	0.22207	0.07960	0.02075	0.01907	0.14655	0.06018	0.11275	0.04582	0.00251	0.00573	0.00737	0.00445	0.08936

[dist]
# distance from previous block
# <min> <max>
1	25

[block]
# block no. 8 follows, 43 sequences, length 52
# corresponding to MSA columns:
# 1088-1128,1130-1140
name=unknown_I
#
# <colnr> <probs for GDERKNQSTAVLIFYWHMCP>
#	G	D	E	R	K	N	Q	S	T	A	V	L	I	F	Y	W	H	M	C	P
0	0.04741	0.01256	0.05529	0.21427	0.29445	0.01213	0.11231	0.01611	0.02774	0.01738	0.01106	0.01535	0.00905	0.00537	0.00545	0.00167	0.00674	0.02905	0.00289	0.10370
1	0.01644	0.01296	0.03197	0.02212	0.32194	0.01250	0.12826	0.14151	0.01537	0.15579	0.01377	0.04351	0.01067	0.00595	0.00567	0.00168	0.00639	0.00562	0.00406	0.04380
2	0.08015	0.01208	0.01380	0.05530	0.01599	0.04036	0.04146	0.24259	0.03611	0.02303	0.01321	0.09504	0.01152	0.00672	0.00533	0.00149	0.01973	0.00545	0.00415	0.27649
3	0.01053	0.00792	0.00959	0.00988	0.06988	0.02030	0.00689	0.03792	0.07848	0.07823	0.23807	0.05377	0.26634	0.03311	0.00721	0.00193	0.02512	0.03352	0.00525	0.00608
4	0.00702	0.00566	0.00629	0.00633	0.00799	0.00493	0.00483	0.00877	0.01324	0.01664	0.20733	0.07232	0.53400	0.01364	0.00665	0.00191	0.00296	0.06934	0.00535	0.00482
5	0.00737	0.00521	0.00670	0.00745	0.00821	0.00480	0.00520	0.00870	0.01176	0.03048	0.15062	0.53316	0.12171	0.03502	0.00743	0.00220	0.00322	0.04075	0.00528	0.00473
6	0.00692	0.00496	0.00658	0.00759	0.00807	0.00462	0.00515	0.00815	0.01142	0.01544	0.14925	0.67931	0.03915	0.01638	0.00698	0.00217	0.00312	0.01482	0.00529	0.00462
7	0.00668	0.00562	0.00580	0.00575	0.00756	0.00473	0.00432	0.00821	0.01295	0.01573	0.13163	0.05203	0.69256	0.01374	0.00654	0.00186	0.00278	0.01151	0.00524	0.00473
8	0.01468	0.78240	0.05422	0.00969	0.01454	0.02161	0.00985	0.01662	0.01127	0.01318	0.00778	0.00898	0.00710	0.00476	0.00361	0.00120	0.00600	0.00300	0.00237	0.00714
9	0.01481	0.80869	0.02902	0.00948	0.01421	0.02191	0.00948	0.01658	0.01125	0.01303	0.00770	0.00888	0.00711	0.00474	0.00355	0.00118	0.00592	0.00296	0.00237	0.00711
10	0.00687	0.00514	0.00642	0.00739	0.00817	0.00469	0.00521	0.00807	0.01128	0.01454	0.03679	0.55721	0.21831	0.01636	0.00698	0.00218	0.00326	0.07142	0.00514	0.00459
11	0.01148	0.00984	0.01148	0.00820	0.01312	0.00738	0.00656	0.01395	0.01148	0.01805	0.00984	0.01148	0.00820	0.00410	0.00410	0.00082	0.00410	0.00328	0.00328	0.83922
12	0.00801	0.00573	0.00773	0.00764	0.00881	0.00532	0.02067	0.01006	0.01369	0.03352	0.44096	0.23836	0.07584	0.04658	0.00763	0.00208	0.00322	0.05351	0.00558	0.00505
13	0.01475	0.00971	0.01123	0.00992	0.01287	0.01024	0.00785	0.02375	0.39050	0.19606	0.13123	0.02776	0.06740	0.00878	0.00593	0.00186	0.00416	0.05213	0.00592	0.00794
14	0.02026	0.02150	0.01606	0.01488	0.06506	0.50275	0.01090	0.13124	0.01669	0.09192	0.01063	0.01171	0.00824	0.00612	0.00585	0.00156	0.04960	0.00413	0.00362	0.00730
15	0.68660	0.01215	0.06941	0.02678	0.01263	0.01241	0.00755	0.05199	0.01069	0.02441	0.03746	0.01080	0.00806	0.00547	0.00384	0.00172	0.00469	0.00350	0.00352	0.00631
16	0.07819	0.01220	0.01743	0.45274	0.22803	0.07307	0.01460	0.03040	0.01201	0.01641	0.00980	0.01363	0.00766	0.00538	0.00531	0.00175	0.00710	0.00467	0.00270	0.00692
17	0.03104	0.09045	0.01297	0.00933	0.01210	0.00954	0.03192	0.04466	0.02837	0.23556	0.28521	0.04308	0.07280	0.00896	0.00661	0.00174	0.05591	0.00739	0.00542	0.00694
18	0.05712	0.01079	0.01367	0.07209	0.01643	0.01060	0.00909	0.18741	0.01748	0.49978	0.03587	0.01740	0.01283	0.00674	0.00549	0.00171	0.00517	0.00538	0.00605	0.00892
19	0.00860	0.03616	0.00948	0.08212	0.01121	0.00723	0.03088	0.00974	0.00906	0.01226	0.01655	0.08674	0.01776	0.42576	0.19715	0.00529	0.00770	0.00757	0.01436	0.00438
20	0.32334	0.01509	0.18665	0.06479	0.03444	0.01203	0.08653	0.03881	0.01213	0.16027	0.01154	0.01264	0.00814	0.00550	0.00480	0.00174	0.00607	0.00431	0.00373	0.00744
21	0.01060	0.00999	0.01687	0.75872	0.07036	0.01234	0.01545	0.01428	0.01114	0.01432	0.00987	0.01472	0.00744	0.00551	0.00553	0.00184	0.00735	0.00492	0.00247	0.00627
22	0.00675	0.00482	0.00643	0.00771	0.00803	0.00450	0.00514	0.00771	0.01060	0.01414	0.03053	0.80175	0.03663	0.01735	0.00707	0.00225	0.00321	0.01574	0.00514	0.00450
23	0.11465	0.01297	0.03864	0.17716	0.07100	0.05964	0.29917	0.01622	0.01208	0.01780	0.01159	0.04081	0.00934	0.00561	0.00551	0.00176	0.00727	0.00560	0.08646	0.00672
24	0.01502	0.09792	0.01958	0.20471	0.23933	0.19926	0.02709	0.05422	0.03153	0.01631	0.00989	0.01268	0.00804	0.00556	0.00568	0.00163	0.03691	0.00446	0.00286	0.00732
25	0.01117	0.00598	0.00607	0.00576	0.00730	0.00611	0.00440	0.07129	0.01275	0.02177	0.01769	0.02007	0.01382	0.00647	0.00400	0.00132	0.00286	0.00515	0.77052	0.00550
26	0.00679	0.00486	0.00639	0.00759	0.00794	0.00454	0.00505	0.00773	0.01057	0.01404	0.03075	0.75310	0.05616	0.04614	0.00783	0.00235	0.00328	0.01535	0.00508	0.00446
27	0.01152	0.01197	0.07456	0.03166	0.06923	0.01230	0.05769	0.01810	0.24487	0.01770	0.03776	0.09532	0.05762	0.02697	0.03490	0.00231	0.17746	0.00702	0.00401	0.00701
28	0.09568	0.04144	0.00963	0.00862	0.01046	0.00833	0.02112	0.06863	0.09085	0.01811	0.04148	0.41263	0.08438	0.02670	0.00649	0.00202	0.00393	0.01089	0.00481	0.03379
29	0.00688	0.00491	0.00651	0.00763	0.00800	0.00462	0.00511	0.00790	0.01068	0.01432	0.06236	0.71792	0.03611	0.05095	0.02555	0.00251	0.00354	0.01494	0.00506	0.00449
30	0.01050	0.00687	0.00847	0.00766	0.00960	0.00651	0.00587	0.04601	0.06156	0.10632	0.48449	0.06574	0.13669	0.01095	0.00635	0.00178	0.00316	0.00949	0.00597	0.00600
31	0.03967	0.04757	0.02344	0.23885	0.09345	0.01315	0.33045	0.01581	0.01200	0.01662	0.01228	0.01587	0.03656	0.00559	0.00629	0.00180	0.03997	0.00573	0.03801	0.00689
32	0.01837	0.01350	0.01472	0.01176	0.01541	0.01488	0.00949	0.58687	0.05790	0.03039	0.01516	0.08087	0.01243	0.02665	0.02854	0.03741	0.00594	0.00604	0.00526	0.00842
33	0.01394	0.00986	0.01115	0.00980	0.01265	0.01055	0.00766	0.05041	0.40563	0.13634	0.20087	0.02671	0.06308	0.00862	0.00588	0.00181	0.00400	0.00728	0.00590	0.00784
34	0.01190	0.01234	0.02454	0.23574	0.02842	0.01280	0.42492	0.01571	0.01195	0.01632	0.01136	0.03416	0.00906	0.00599	0.00724	0.02336	0.05636	0.00609	0.04506	0.00670
35	0.00759	0.00586	0.00660	0.00655	0.00802	0.00538	0.00481	0.00996	0.05062	0.01720	0.24172	0.10669	0.37332	0.07546	0.00817	0.00213	0.00311	0.02559	0.03627	0.00494
36	0.01148	0.00984	0.01148	0.00820	0.01312	0.00738	0.00656	0.01395	0.01148	0.01805	0.00984	0.01148	0.00820	0.00410	0.00410	0.00082	0.00410	0.00328	0.00328	0.83922
37	0.01401	0.01151	0.01231	0.01102	0.01412	0.01314	0.00858	0.02848	0.69395	0.05718	0.05561	0.02150	0.01833	0.00765	0.00567	0.00186	0.00432	0.00640	0.00571	0.00864
38	0.01499	0.00726	0.00961	0.00811	0.01072	0.00643	0.00640	0.01733	0.01556	0.34162	0.40728	0.03253	0.07963	0.00959	0.00612	0.00174	0.00352	0.00823	0.00636	0.00698
39	0.00681	0.00562	0.00597	0.00589	0.00764	0.00479	0.00441	0.00846	0.01324	0.01643	0.20055	0.05088	0.62321	0.01348	0.00654	0.00184	0.00277	0.01135	0.00534	0.00479
40	0.00864	0.00634	0.00774	0.00800	0.00913	0.00618	0.00572	0.09962	0.01346	0.01796	0.13962	0.51369	0.11315	0.01480	0.00675	0.00206	0.00344	0.01315	0.00533	0.00523
41	0.00707	0.00548	0.00611	0.00636	0.00782	0.00474	0.00461	0.00846	0.01238	0.03055	0.10249	0.25203	0.50324	0.01457	0.00667	0.00196	0.00294	0.01252	0.00525	0.00477
42	0.01472	0.01277	0.01303	0.01152	0.01477	0.04230	0.00900	0.09802	0.66351	0.02393	0.02115	0.01957	0.01583	0.00737	0.00560	0.00184	0.00475	0.00604	0.00552	0.00874
43	0.01385	0.34684	0.26330	0.01313	0.01818	0.09889	0.03944	0.01709	0.01157	0.01472	0.00857	0.01052	0.00715	0.00565	0.00625	0.00158	0.10984	0.00375	0.00243	0.00725
44	0.07499	0.00686	0.00906	0.02654	0.01056	0.00796	0.00693	0.03871	0.00999	0.01574	0.01429	0.01980	0.01274	0.03065	0.54218	0.00664	0.03785	0.00550	0.11773	0.00529
45	0.28388	0.11903	0.01571	0.01099	0.01399	0.02627	0.06702	0.06860	0.01188	0.07838	0.04146	0.01304	0.00974	0.00659	0.00734	0.00178	0.17444	0.00440	0.03875	0.00672
46	0.01515	0.03386	0.02064	0.11499	0.50396	0.07288	0.03494	0.01821	0.01302	0.10239	0.01145	0.01403	0.00899	0.00527	0.00544	0.00165	0.00678	0.00489	0.00317	0.00829
47	0.08325	0.07724	0.02384	0.01002	0.01375	0.04356	0.00832	0.16994	0.08361	0.23777	0.11865	0.01950	0.03736	0.00718	0.00530	0.00163	0.00493	0.00567	0.00531	0.04315
48	0.05033	0.43431	0.21503	0.01355	0.05008	0.01757	0.09847	0.01683	0.01165	0.01565	0.02549	0.01121	0.00825	0.00503	0.00447	0.00146	0.00677	0.00390	0.00256	0.00740
49	0.02017	0.01523	0.01577	0.01242	0.01651	0.05823	0.01012	0.61546	0.06155	0.05985	0.01459	0.04871	0.01104	0.00712	0.00558	0.00169	0.00604	0.00547	0.00543	0.00900
50	0.18662	0.01283	0.02973	0.01012	0.01395	0.10543	0.00834	0.12340	0.03250	0.31383	0.04410	0.01696	0.04384	0.00671	0.00510	0.00166	0.00537	0.00507	0.00517	0.02926
51	0.03565	0.64144	0.08384	0.01180	0.04113	0.02009	0.06898	0.01675	0.01143	0.01421	0.00823	0.00973	0.00723	0.00479	0.00398	0.00131	0.00634	0.00339	0.00244	0.00724

[dist]
# distance from previous block
# <min> <max>
0	11

[block]
# block no. 9 follows, 43 sequences, length 71
# corresponding to MSA columns:
# 1174-1215,1227-1255
name=unknown_J
#
# <colnr> <probs for GDERKNQSTAVLIFYWHMCP>
#	G	D	E	R	K	N	Q	S	T	A	V	L	I	F	Y	W	H	M	C	P
0	0.01315	0.18505	0.55344	0.01395	0.02107	0.01426	0.01708	0.01823	0.01199	0.08759	0.01060	0.01179	0.00766	0.00530	0.00494	0.00163	0.00740	0.00400	0.00277	0.00808
1	0.00734	0.00513	0.00662	0.00756	0.00805	0.00483	0.00506	0.00856	0.02346	0.02754	0.05698	0.65255	0.05691	0.09054	0.00896	0.00250	0.00343	0.01435	0.00505	0.00458
2	0.01152	0.01519	0.16944	0.01811	0.05439	0.01173	0.36367	0.03257	0.01265	0.01762	0.05174	0.14877	0.01511	0.00744	0.00657	0.00188	0.02829	0.00759	0.00333	0.02239
3	0.01431	0.01121	0.01446	0.01195	0.01493	0.01180	0.09596	0.34338	0.05560	0.02479	0.06373	0.27181	0.02105	0.01021	0.00622	0.00189	0.00525	0.00903	0.00512	0.00731
4	0.01751	0.01201	0.01336	0.01088	0.01423	0.01288	0.00870	0.46767	0.03259	0.09841	0.01878	0.14156	0.04133	0.03527	0.02179	0.00202	0.00541	0.00713	0.03042	0.00805
5	0.00673	0.00487	0.00637	0.00757	0.00800	0.00451	0.00508	0.00773	0.01073	0.01419	0.03219	0.75302	0.08429	0.01713	0.00703	0.00222	0.00319	0.01548	0.00514	0.00451
6	0.01148	0.02243	0.48058	0.01695	0.02333	0.01307	0.19360	0.01677	0.01195	0.01746	0.05507	0.01428	0.01006	0.00590	0.00687	0.00184	0.08293	0.00510	0.00268	0.00764
7	0.05146	0.07055	0.01785	0.25368	0.06301	0.13279	0.03770	0.26701	0.01696	0.02182	0.01066	0.01283	0.00807	0.00581	0.00526	0.00166	0.00714	0.00457	0.00363	0.00755
8	0.10117	0.00973	0.01246	0.00968	0.01383	0.00887	0.00798	0.05687	0.01568	0.65755	0.03502	0.01814	0.01357	0.00677	0.00539	0.00171	0.00469	0.00539	0.00646	0.00902
9	0.84448	0.01071	0.00814	0.00728	0.01071	0.01242	0.00600	0.01628	0.00943	0.02485	0.00771	0.00900	0.00600	0.00514	0.00343	0.00171	0.00428	0.00300	0.00343	0.00600
10	0.04989	0.00946	0.01271	0.00978	0.01403	0.00827	0.00807	0.02666	0.01566	0.75174	0.02142	0.01855	0.01347	0.00680	0.00550	0.00171	0.00470	0.00549	0.00675	0.00932
11	0.01211	0.00782	0.00999	0.07970	0.01240	0.00889	0.00741	0.05622	0.01190	0.08898	0.01645	0.08914	0.01423	0.03377	0.04818	0.00220	0.14323	0.00620	0.34525	0.00593
12	0.01340	0.01285	0.02193	0.10505	0.70214	0.01308	0.01685	0.01673	0.01247	0.01772	0.01036	0.01381	0.00864	0.00499	0.00549	0.00166	0.00665	0.00493	0.00272	0.00853
13	0.00747	0.00566	0.00690	0.00673	0.00818	0.00509	0.00509	0.00967	0.01448	0.01952	0.49642	0.06526	0.26969	0.01249	0.00660	0.00183	0.00281	0.04534	0.00573	0.00503
14	0.05094	0.01238	0.01359	0.01075	0.01475	0.08402	0.00875	0.19531	0.03011	0.45671	0.05205	0.01742	0.01362	0.00685	0.00548	0.00168	0.00542	0.00537	0.00599	0.00882
15	0.00801	0.00535	0.00605	0.00610	0.00611	0.00534	0.00342	0.00804	0.00814	0.01086	0.01791	0.06296	0.02071	0.77786	0.02745	0.00526	0.00529	0.00832	0.00342	0.00340
16	0.02051	0.02605	0.01587	0.01478	0.03653	0.76330	0.01086	0.02198	0.01562	0.01367	0.00861	0.01008	0.00718	0.00569	0.00501	0.00143	0.00990	0.00360	0.00285	0.00648
17	0.01180	0.08472	0.01313	0.00832	0.01323	0.00874	0.00684	0.01419	0.01146	0.01758	0.00964	0.01124	0.00810	0.00416	0.00405	0.00085	0.00427	0.00325	0.00320	0.76123
18	0.00691	0.00560	0.00613	0.00605	0.00772	0.00482	0.00452	0.00863	0.01340	0.01693	0.25116	0.07433	0.54765	0.01339	0.00656	0.00185	0.00277	0.01136	0.00541	0.00482
19	0.01378	0.01190	0.01252	0.01127	0.01440	0.01378	0.00877	0.02943	0.76081	0.02317	0.02254	0.02066	0.01691	0.00751	0.00564	0.00188	0.00438	0.00626	0.00564	0.00877
20	0.01456	0.02820	0.04026	0.01453	0.15255	0.09660	0.00992	0.07995	0.08688	0.11936	0.20917	0.02327	0.05192	0.00856	0.02277	0.00185	0.02101	0.00652	0.00474	0.00738
21	0.04953	0.02297	0.01506	0.01337	0.01644	0.61012	0.01019	0.07324	0.01604	0.08676	0.01027	0.01132	0.00804	0.00677	0.02487	0.00167	0.00914	0.00389	0.00344	0.00686
22	0.02112	0.01637	0.01643	0.01281	0.01709	0.08873	0.01048	0.66467	0.02480	0.05252	0.01308	0.01313	0.00932	0.00657	0.00549	0.00164	0.00642	0.00487	0.00532	0.00914
23	0.00663	0.00563	0.00573	0.00575	0.00759	0.00473	0.00434	0.00809	0.01270	0.01518	0.07298	0.05322	0.73397	0.01399	0.00657	0.00188	0.00285	0.02830	0.00517	0.00470
24	0.01321	0.01219	0.02023	0.07319	0.63531	0.01238	0.01543	0.01683	0.03489	0.01826	0.01147	0.01463	0.00945	0.00519	0.00534	0.00163	0.00618	0.00500	0.08092	0.00829
25	0.01328	0.01272	0.02170	0.13428	0.67388	0.01305	0.01678	0.01662	0.01241	0.01757	0.01034	0.01385	0.00859	0.00501	0.00549	0.00167	0.00669	0.00493	0.00270	0.00843
26	0.01099	0.00854	0.00951	0.00875	0.01112	0.00896	0.00677	0.01890	0.33520	0.05915	0.22176	0.03473	0.20103	0.01021	0.00613	0.00185	0.00360	0.03028	0.00569	0.00683
27	0.00674	0.00484	0.00640	0.00765	0.00802	0.00450	0.00511	0.00772	0.01066	0.01416	0.03129	0.77926	0.05862	0.01725	0.00705	0.00224	0.00320	0.01562	0.00514	0.00450
28	0.01534	0.01245	0.01528	0.08529	0.01770	0.03278	0.07637	0.33604	0.11456	0.02507	0.07258	0.05751	0.03099	0.06067	0.00734	0.00202	0.00586	0.01970	0.00481	0.00765
29	0.01169	0.01042	0.01701	0.55952	0.16344	0.01220	0.01480	0.01593	0.05590	0.04277	0.01176	0.01663	0.00921	0.00591	0.00560	0.00183	0.00689	0.02870	0.00294	0.00685
30	0.00671	0.00559	0.00585	0.00584	0.00759	0.00474	0.00436	0.00824	0.01292	0.01580	0.14031	0.07619	0.65921	0.01381	0.00656	0.00187	0.00280	0.01162	0.00526	0.00474
31	0.01212	0.00610	0.00665	0.02720	0.00846	0.00611	0.00485	0.04362	0.01257	0.09171	0.01801	0.02003	0.01378	0.00647	0.00414	0.00136	0.00305	0.00519	0.70284	0.00576
32	0.01329	0.01328	0.02002	0.35199	0.28047	0.08525	0.08497	0.05361	0.01297	0.01681	0.01022	0.01390	0.00803	0.00532	0.00556	0.00173	0.00748	0.00496	0.00278	0.00735
33	0.01174	0.02102	0.41176	0.01914	0.10683	0.01287	0.20628	0.01685	0.01222	0.01767	0.04858	0.01527	0.01034	0.00579	0.00634	0.00182	0.04526	0.01971	0.00275	0.00776
34	0.01117	0.02827	0.75811	0.01623	0.04235	0.01287	0.02038	0.01753	0.01172	0.01755	0.00995	0.01174	0.00706	0.00525	0.00527	0.00175	0.00815	0.00411	0.00235	0.00820
35	0.03981	0.01242	0.02157	0.18581	0.16709	0.01354	0.22690	0.06141	0.01250	0.01754	0.01186	0.02853	0.02445	0.00646	0.00775	0.00191	0.12625	0.02406	0.00299	0.00713
36	0.01076	0.00711	0.00886	0.07526	0.03452	0.00776	0.00677	0.08271	0.01234	0.01919	0.01740	0.05791	0.03425	0.01407	0.15837	0.00297	0.02540	0.00595	0.41268	0.00570
37	0.04690	0.27544	0.09389	0.01454	0.10700	0.20150	0.01164	0.09780	0.03702	0.01755	0.02888	0.01173	0.00897	0.00561	0.00490	0.00148	0.02063	0.00399	0.00311	0.00744
38	0.00962	0.00681	0.00852	0.00780	0.00969	0.00638	0.00592	0.01332	0.08841	0.06256	0.49719	0.10987	0.04063	0.01068	0.00623	0.00173	0.00315	0.02188	0.00572	0.08390
39	0.06649	0.01165	0.01284	0.01115	0.03687	0.01236	0.00857	0.13630	0.36488	0.10323	0.01898	0.01811	0.03763	0.00679	0.00528	0.00165	0.00465	0.00549	0.00516	0.13193
40	0.01753	0.04854	0.17389	0.01100	0.01573	0.01058	0.01059	0.05444	0.11621	0.33269	0.07054	0.01812	0.01468	0.00666	0.00537	0.00166	0.00528	0.00539	0.02458	0.05653
41	0.01187	0.15575	0.55744	0.01442	0.02138	0.01383	0.04274	0.01711	0.01188	0.03128	0.02647	0.01466	0.00940	0.00582	0.00518	0.00170	0.00751	0.04110	0.00266	0.00779
42	0.01233	0.09884	0.10294	0.01585	0.02006	0.01283	0.31530	0.06117	0.05677	0.01729	0.01395	0.11936	0.01264	0.00880	0.02536	0.06652	0.02300	0.00683	0.00332	0.00683
43	0.00723	0.00610	0.00636	0.00649	0.00801	0.02851	0.00475	0.00874	0.01283	0.01594	0.16545	0.19109	0.49102	0.01396	0.00659	0.00191	0.00307	0.01193	0.00523	0.00478
44	0.01528	0.50842	0.10404	0.01105	0.01542	0.03952	0.01091	0.03203	0.01178	0.08538	0.00934	0.01066	0.00778	0.00572	0.00595	0.00148	0.11142	0.00363	0.00287	0.00733
45	0.01158	0.00915	0.03282	0.01263	0.01513	0.00846	0.19903	0.01384	0.01199	0.13208	0.02288	0.39611	0.03917	0.01165	0.00731	0.00206	0.05254	0.01079	0.00457	0.00621
46	0.00701	0.00581	0.00620	0.00633	0.00810	0.00507	0.00487	0.00887	0.02885	0.01554	0.07666	0.07342	0.62852	0.01402	0.00666	0.00195	0.00309	0.08904	0.00518	0.00482
47	0.02485	0.00943	0.01285	0.00985	0.01414	0.00814	0.00814	0.02699	0.01585	0.77465	0.02185	0.01885	0.01371	0.00685	0.00557	0.00171	0.00471	0.00557	0.00685	0.00943
48	0.01386	0.01499	0.09023	0.10598	0.37488	0.06705	0.04043	0.07213	0.09740	0.01897	0.01353	0.01568	0.03841	0.00584	0.00553	0.00171	0.00672	0.00523	0.00331	0.00812
49	0.04187	0.01255	0.08485	0.01090	0.01533	0.01086	0.00964	0.19054	0.05497	0.43370	0.06258	0.01809	0.01435	0.00691	0.00554	0.00172	0.00520	0.00553	0.00594	0.00894
50	0.02057	0.01504	0.01610	0.01240	0.01669	0.01663	0.01022	0.71871	0.02538	0.03426	0.01351	0.01363	0.00964	0.00664	0.00546	0.00165	0.00593	0.00499	0.04333	0.00922
51	0.84448	0.01071	0.00814	0.00728	0.01071	0.01242	0.00600	0.01628	0.00943	0.02485	0.00771	0.00900	0.00600	0.00514	0.00343	0.00171	0.00428	0.00300	0.00343	0.00600
52	0.84448	0.01071	0.00814	0.00728	0.01071	0.01242	0.00600	0.01628	0.00943	0.02485	0.00771	0.00900	0.00600	0.00514	0.00343	0.00171	0.00428	0.00300	0.00343	0.00600
53	0.01481	0.80869	0.02902	0.00948	0.01421	0.02191	0.00948	0.01658	0.01125	0.01303	0.00770	0.00888	0.00711	0.00474	0.00355	0.00118	0.00592	0.00296	0.00237	0.00711
