[name]
unknown

[dist]
# distance from previous block
# <min> <max>
0	81

[block]
# block no. 0 follows, 53 sequences, length 17
# corresponding to MSA columns:
# 106-122
name=unknown_A
#
# <colnr> <probs for GDERKNQSTAVLIFYWHMCP>
#	G	D	E	R	K	N	Q	S	T	A	V	L	I	F	Y	W	H	M	C	P
0	0.01817	0.01339	0.01434	0.01100	0.01482	0.01482	0.00908	0.78627	0.02247	0.03012	0.01148	0.01148	0.00813	0.00574	0.00478	0.00143	0.00526	0.00430	0.00478	0.00813
1	0.00991	0.00850	0.00991	0.00708	0.01133	0.00637	0.00566	0.01203	0.00991	0.01557	0.00850	0.00991	0.00708	0.00354	0.00354	0.00071	0.00354	0.00283	0.00283	0.86124
2	0.02144	0.00813	0.01109	0.00850	0.01220	0.00702	0.00702	0.02329	0.01368	0.80552	0.01886	0.01627	0.01183	0.00592	0.00481	0.00148	0.00407	0.00481	0.00592	0.00813
3	0.00959	0.02472	0.80726	0.01362	0.02069	0.01110	0.01766	0.01514	0.01009	0.01514	0.00858	0.01009	0.00605	0.00454	0.00454	0.00151	0.00706	0.00353	0.00202	0.00706
4	0.00695	0.00463	0.00521	0.00521	0.00521	0.00463	0.00290	0.00695	0.00695	0.00927	0.01506	0.03128	0.01738	0.83203	0.02433	0.00463	0.00463	0.00695	0.00290	0.00290
5	0.00695	0.00463	0.00521	0.00521	0.00521	0.00463	0.00290	0.00695	0.00695	0.00927	0.01506	0.03128	0.01738	0.83203	0.02433	0.00463	0.00463	0.00695	0.00290	0.00290
6	0.02003	0.00927	0.01318	0.00996	0.01379	0.00851	0.08354	0.11910	0.01456	0.62990	0.01702	0.01533	0.01091	0.00571	0.00489	0.00149	0.00461	0.00482	0.00543	0.00797
7	0.01045	0.24390	0.59564	0.01215	0.01841	0.01321	0.01509	0.01491	0.00999	0.01408	0.00805	0.00944	0.00608	0.00442	0.00414	0.00138	0.00654	0.00327	0.00203	0.00681
8	0.01785	0.02278	0.01354	0.01231	0.01478	0.81284	0.00924	0.01909	0.01354	0.01170	0.00739	0.00862	0.00616	0.00493	0.00431	0.00123	0.00862	0.00308	0.00246	0.00554
9	0.01166	0.01118	0.01909	0.07817	0.75473	0.01131	0.01458	0.01452	0.01080	0.01540	0.00896	0.01189	0.00750	0.00429	0.00473	0.00143	0.00572	0.00426	0.00235	0.00743
10	0.10062	0.02037	0.01276	0.01152	0.01409	0.65836	0.00873	0.04438	0.06145	0.01378	0.00820	0.00920	0.00665	0.00500	0.00423	0.00129	0.00773	0.00321	0.00274	0.00572
11	0.00565	0.00484	0.00484	0.00484	0.00646	0.00403	0.00363	0.00686	0.01089	0.01291	0.04842	0.04600	0.80027	0.01210	0.00565	0.00161	0.00242	0.01009	0.00444	0.00403
12	0.02144	0.00813	0.01109	0.00850	0.01220	0.00702	0.00702	0.02329	0.01368	0.80552	0.01886	0.01627	0.01183	0.00592	0.00481	0.00148	0.00407	0.00481	0.00592	0.00813
13	0.86579	0.00924	0.00702	0.00629	0.00924	0.01072	0.00518	0.01405	0.00813	0.02144	0.00666	0.00776	0.00518	0.00444	0.00296	0.00148	0.00370	0.00259	0.00296	0.00518
14	0.00695	0.00463	0.00521	0.00521	0.00521	0.00463	0.00290	0.00695	0.00695	0.00927	0.01506	0.03128	0.01738	0.83203	0.02433	0.00463	0.00463	0.00695	0.00290	0.00290
15	0.01247	0.75548	0.10173	0.00871	0.01309	0.01815	0.00911	0.01439	0.00975	0.01163	0.00683	0.00790	0.00613	0.00413	0.00321	0.00107	0.00530	0.00265	0.00204	0.00622
16	0.01785	0.02278	0.01354	0.01231	0.01478	0.81284	0.00924	0.01909	0.01354	0.01170	0.00739	0.00862	0.00616	0.00493	0.00431	0.00123	0.00862	0.00308	0.00246	0.00554

[dist]
# distance from previous block
# <min> <max>
0	10

[block]
# block no. 1 follows, 53 sequences, length 89
# corresponding to MSA columns:
# 133-221
name=unknown_B
#
# <colnr> <probs for GDERKNQSTAVLIFYWHMCP>
#	G	D	E	R	K	N	Q	S	T	A	V	L	I	F	Y	W	H	M	C	P
0	0.01142	0.00845	0.01007	0.00727	0.01144	0.00646	0.00584	0.01351	0.01041	0.11921	0.00985	0.01075	0.00770	0.00385	0.00371	0.00081	0.00361	0.00309	0.00324	0.74932
1	0.86579	0.00924	0.00702	0.00629	0.00924	0.01072	0.00518	0.01405	0.00813	0.02144	0.00666	0.00776	0.00518	0.00444	0.00296	0.00148	0.00370	0.00259	0.00296	0.00518
2	0.01183	0.01136	0.01940	0.02934	0.80221	0.01136	0.01467	0.01467	0.01088	0.01562	0.00899	0.01183	0.00757	0.00426	0.00473	0.00142	0.00568	0.00426	0.00237	0.00757
3	0.01493	0.01026	0.01088	0.00871	0.01158	0.01120	0.00708	0.51508	0.01812	0.02582	0.01292	0.01369	0.00957	0.00568	0.00428	0.00132	0.00420	0.00436	0.30349	0.00684
4	0.00582	0.00416	0.00555	0.00666	0.00693	0.00388	0.00444	0.00666	0.00915	0.01220	0.02634	0.82891	0.03161	0.01497	0.00610	0.00194	0.00277	0.01359	0.00444	0.00388
5	0.00683	0.00512	0.00768	0.00768	0.00853	0.00597	0.00597	0.00853	0.00768	0.01110	0.01280	0.01878	0.01195	0.03585	0.81308	0.00768	0.01280	0.00512	0.00256	0.00427
6	0.01189	0.01027	0.01081	0.00973	0.01243	0.01189	0.00757	0.02540	0.79357	0.01999	0.01945	0.01783	0.01459	0.00648	0.00486	0.00162	0.00378	0.00540	0.00486	0.00757
7	0.01189	0.01027	0.01081	0.00973	0.01243	0.01189	0.00757	0.02540	0.79357	0.01999	0.01945	0.01783	0.01459	0.00648	0.00486	0.00162	0.00378	0.00540	0.00486	0.00757
8	0.00661	0.00480	0.00624	0.00622	0.00724	0.00444	0.00464	0.00857	0.01252	0.01739	0.58503	0.16535	0.08481	0.01095	0.00577	0.00162	0.00248	0.05591	0.00503	0.00437
9	0.00903	0.00850	0.01434	0.82054	0.03292	0.01062	0.01327	0.01221	0.00956	0.01221	0.00850	0.01274	0.00637	0.00478	0.00478	0.00159	0.00637	0.00425	0.00212	0.00531
10	0.00959	0.02472	0.80726	0.01362	0.02069	0.01110	0.01766	0.01514	0.01009	0.01514	0.00858	0.01009	0.00605	0.00454	0.00454	0.00151	0.00706	0.00353	0.00202	0.00706
11	0.00599	0.00423	0.00550	0.00645	0.00668	0.00399	0.00421	0.00670	0.00883	0.01177	0.02470	0.71273	0.02954	0.13398	0.00876	0.00233	0.00304	0.01262	0.00421	0.00374
12	0.00669	0.00488	0.00628	0.00593	0.00709	0.00448	0.00445	0.00887	0.01335	0.01874	0.74786	0.03641	0.09720	0.00993	0.00564	0.00151	0.00227	0.00874	0.00520	0.00448
13	0.00959	0.02472	0.80726	0.01362	0.02069	0.01110	0.01766	0.01514	0.01009	0.01514	0.00858	0.01009	0.00605	0.00454	0.00454	0.00151	0.00706	0.00353	0.00202	0.00706
14	0.01785	0.02278	0.01354	0.01231	0.01478	0.81284	0.00924	0.01909	0.01354	0.01170	0.00739	0.00862	0.00616	0.00493	0.00431	0.00123	0.00862	0.00308	0.00246	0.00554
15	0.06841	0.00990	0.01192	0.00919	0.01288	0.00977	0.00759	0.27075	0.01622	0.50891	0.01576	0.01423	0.01025	0.00577	0.00469	0.00146	0.00443	0.00452	0.00538	0.00796
16	0.00582	0.00416	0.00555	0.00666	0.00693	0.00388	0.00444	0.00666	0.00915	0.01220	0.02634	0.82891	0.03161	0.01497	0.00610	0.00194	0.00277	0.01359	0.00444	0.00388
17	0.01278	0.83490	0.02505	0.00818	0.01227	0.01891	0.00818	0.01431	0.00971	0.01125	0.00664	0.00767	0.00613	0.00409	0.00307	0.00102	0.00511	0.00256	0.00204	0.00613
18	0.01872	0.01250	0.01380	0.01058	0.01438	0.01351	0.00874	0.65796	0.02099	0.16053	0.01272	0.01228	0.00875	0.00577	0.00479	0.00144	0.00506	0.00439	0.00497	0.00813
19	0.02099	0.00832	0.01114	0.00860	0.01226	0.00736	0.00708	0.03696	0.04587	0.75946	0.01875	0.01625	0.01188	0.00594	0.00481	0.00148	0.00408	0.00482	0.00585	0.00811
20	0.00959	0.02472	0.80726	0.01362	0.02069	0.01110	0.01766	0.01514	0.01009	0.01514	0.00858	0.01009	0.00605	0.00454	0.00454	0.00151	0.00706	0.00353	0.00202	0.00706
21	0.01842	0.01299	0.01410	0.01081	0.01462	0.01423	0.00893	0.72870	0.02181	0.08863	0.01203	0.01184	0.00841	0.00575	0.00478	0.00144	0.00517	0.00434	0.00487	0.00813
22	0.00568	0.00485	0.00489	0.00491	0.00651	0.00406	0.00370	0.00691	0.01090	0.01293	0.04804	0.04613	0.78764	0.01212	0.00566	0.00162	0.00245	0.02251	0.00444	0.00404
23	0.12982	0.01233	0.01291	0.01006	0.01372	0.03128	0.00829	0.56147	0.01917	0.13641	0.01178	0.01159	0.00821	0.00557	0.00453	0.00144	0.00496	0.00412	0.00465	0.00768
24	0.00973	0.02106	0.61212	0.01317	0.01917	0.02281	0.07493	0.01529	0.05929	0.01577	0.08182	0.01311	0.01026	0.00511	0.00474	0.00152	0.00652	0.00427	0.00253	0.00679
25	0.00582	0.00416	0.00555	0.00666	0.00693	0.00388	0.00444	0.00666	0.00915	0.01220	0.02634	0.82891	0.03161	0.01497	0.00610	0.00194	0.00277	0.01359	0.00444	0.00388
26	0.00991	0.00850	0.00991	0.00708	0.01133	0.00637	0.00566	0.01203	0.00991	0.01557	0.00850	0.00991	0.00708	0.00354	0.00354	0.00071	0.00354	0.00283	0.00283	0.86124
27	0.00999	0.20592	0.15075	0.00832	0.01135	0.02054	0.00803	0.02990	0.02526	0.06191	0.24590	0.06328	0.04850	0.03103	0.04510	0.01448	0.00470	0.00588	0.00360	0.00556
28	0.00613	0.00486	0.00551	0.00535	0.00675	0.00424	0.00401	0.00780	0.01204	0.01563	0.37498	0.04152	0.47201	0.01109	0.00564	0.00157	0.00235	0.00946	0.00480	0.00424
29	0.01019	0.17709	0.66015	0.01260	0.01910	0.01257	0.01588	0.01498	0.01002	0.01440	0.00821	0.00964	0.00607	0.00446	0.00426	0.00142	0.00670	0.00335	0.00202	0.00689
30	0.00597	0.00484	0.00529	0.00521	0.00666	0.00417	0.00389	0.00746	0.01160	0.01465	0.25892	0.05902	0.57261	0.01151	0.00565	0.00159	0.00238	0.00975	0.00467	0.00417
31	0.01305	0.00977	0.01064	0.00938	0.01219	0.01092	0.00735	0.02446	0.65469	0.13260	0.02036	0.01857	0.04115	0.00660	0.00488	0.00160	0.00378	0.00548	0.00500	0.00753
32	0.00579	0.00485	0.00504	0.00499	0.00654	0.00409	0.00374	0.00713	0.01123	0.01370	0.14298	0.04470	0.70522	0.01181	0.00565	0.00160	0.00240	0.00991	0.00454	0.00409
33	0.00959	0.02472	0.80726	0.01362	0.02069	0.01110	0.01766	0.01514	0.01009	0.01514	0.00858	0.01009	0.00605	0.00454	0.00454	0.00151	0.00706	0.00353	0.00202	0.00706
34	0.00972	0.05800	0.77513	0.01340	0.02034	0.01142	0.01727	0.01510	0.01008	0.01498	0.00850	0.00999	0.00606	0.00452	0.00448	0.00149	0.00698	0.00349	0.00202	0.00703
35	0.00593	0.00487	0.00528	0.00523	0.00672	0.00422	0.00395	0.00737	0.01124	0.01399	0.18204	0.04316	0.61979	0.01267	0.03850	0.00185	0.00284	0.02170	0.00451	0.00414
36	0.25032	0.01154	0.04809	0.02037	0.03062	0.06321	0.00770	0.18618	0.20072	0.02138	0.08129	0.02422	0.02309	0.00595	0.00435	0.00150	0.00447	0.00455	0.00395	0.00648
37	0.01087	0.01034	0.01777	0.08284	0.59822	0.01040	0.05704	0.01362	0.01086	0.01534	0.05938	0.06981	0.01146	0.00537	0.00494	0.00148	0.00545	0.00525	0.00267	0.00690
38	0.01709	0.01247	0.01343	0.01060	0.01393	0.04239	0.00867	0.57022	0.05335	0.09679	0.03771	0.03132	0.01028	0.00624	0.00545	0.00149	0.05159	0.00469	0.00466	0.00763
39	0.01146	0.01142	0.03776	0.14435	0.53065	0.01128	0.13814	0.01458	0.01079	0.03002	0.00920	0.01218	0.00739	0.00434	0.00488	0.00148	0.00616	0.00447	0.00240	0.00705
40	0.00740	0.00482	0.00598	0.00599	0.00634	0.00492	0.00384	0.00790	0.00760	0.04232	0.01596	0.11272	0.01759	0.55430	0.17768	0.00482	0.00603	0.00720	0.00312	0.00348
41	0.01635	0.05570	0.11817	0.01232	0.01538	0.65187	0.01033	0.01815	0.01275	0.01212	0.00748	0.00883	0.00615	0.00494	0.00462	0.00129	0.03226	0.00315	0.00238	0.00576
42	0.01583	0.06966	0.04660	0.05130	0.05987	0.06288	0.00942	0.35932	0.15626	0.10145	0.01265	0.01268	0.00919	0.00554	0.00464	0.00144	0.00523	0.00432	0.00420	0.00752
43	0.00723	0.00521	0.00713	0.00812	0.00910	0.00510	0.00680	0.00914	0.01077	0.01406	0.05811	0.18959	0.06688	0.01332	0.00643	0.00210	0.00393	0.56824	0.00444	0.00430
44	0.00606	0.00522	0.00586	0.09130	0.00921	0.00476	0.00462	0.00743	0.01059	0.01269	0.04283	0.04188	0.68430	0.04467	0.00632	0.00173	0.00293	0.00934	0.00413	0.00412
45	0.86579	0.00924	0.00702	0.00629	0.00924	0.01072	0.00518	0.01405	0.00813	0.02144	0.00666	0.00776	0.00518	0.00444	0.00296	0.00148	0.00370	0.00259	0.00296	0.00518
46	0.00592	0.00426	0.00561	0.00651	0.00694	0.00395	0.00441	0.00691	0.00969	0.01297	0.10919	0.71301	0.06430	0.01431	0.00603	0.00188	0.00270	0.01292	0.00452	0.00395
47	0.02069	0.00754	0.04816	0.05993	0.09734	0.00676	0.00714	0.02378	0.05689	0.08033	0.38791	0.02856	0.13927	0.00831	0.00527	0.00152	0.00344	0.00721	0.00446	0.00548
48	0.01407	0.57514	0.07305	0.00897	0.01302	0.07970	0.00871	0.01637	0.04244	0.11609	0.00895	0.00944	0.00722	0.00452	0.00356	0.00116	0.00533	0.00307	0.00270	0.00647
49	0.00952	0.00917	0.01468	0.44411	0.02377	0.01171	0.05541	0.01189	0.00887	0.01225	0.00865	0.04524	0.00753	0.00642	0.00866	0.00177	0.29148	0.00469	0.01891	0.00527
50	0.06551	0.14209	0.49312	0.01166	0.01712	0.01143	0.05270	0.01415	0.01042	0.01550	0.11200	0.01308	0.01119	0.00513	0.00442	0.00144	0.00597	0.00410	0.00253	0.00643
51	0.00903	0.00850	0.01434	0.82054	0.03292	0.01062	0.01327	0.01221	0.00956	0.01221	0.00850	0.01274	0.00637	0.00478	0.00478	0.00159	0.00637	0.00425	0.00212	0.00531
52	0.00722	0.00574	0.00804	0.06114	0.09588	0.00552	0.00607	0.00930	0.01215	0.01674	0.47857	0.12121	0.13469	0.00973	0.00554	0.00156	0.00298	0.00862	0.00454	0.00477
53	0.01278	0.83490	0.02505	0.00818	0.01227	0.01891	0.00818	0.01431	0.00971	0.01125	0.00664	0.00767	0.00613	0.00409	0.00307	0.00102	0.00511	0.00256	0.00204	0.00613
54	0.01196	0.07063	0.50549	0.01258	0.01837	0.01152	0.05780	0.07005	0.07787	0.10254	0.01076	0.01152	0.00762	0.00488	0.00458	0.00149	0.00627	0.00394	0.00290	0.00720
55	0.01405	0.01678	0.39372	0.01365	0.07510	0.00980	0.09182	0.01796	0.01152	0.29004	0.01229	0.01265	0.00830	0.00495	0.00476	0.00150	0.00602	0.00424	0.00344	0.00741
56	0.00582	0.00416	0.00555	0.00666	0.00693	0.00388	0.00444	0.00666	0.00915	0.01220	0.02634	0.82891	0.03161	0.01497	0.00610	0.00194	0.00277	0.01359	0.00444	0.00388
57	0.00683	0.00512	0.00768	0.00768	0.00853	0.00597	0.00597	0.00853	0.00768	0.01110	0.01280	0.01878	0.01195	0.03585	0.81308	0.00768	0.01280	0.00512	0.00256	0.00427
58	0.05268	0.60166	0.02273	0.00940	0.01347	0.01626	0.09019	0.01558	0.01033	0.11634	0.00857	0.00935	0.00696	0.00434	0.00356	0.00117	0.00522	0.00318	0.00263	0.00639
59	0.01278	0.83490	0.02505	0.00818	0.01227	0.01891	0.00818	0.01431	0.00971	0.01125	0.00664	0.00767	0.00613	0.00409	0.00307	0.00102	0.00511	0.00256	0.00204	0.00613
60	0.00690	0.00497	0.00633	0.00628	0.00671	0.00533	0.00427	0.00764	0.00750	0.01025	0.01631	0.02714	0.06910	0.45914	0.31726	0.00550	0.02654	0.00642	0.00286	0.00354
61	0.00959	0.02472	0.80726	0.01362	0.02069	0.01110	0.01766	0.01514	0.01009	0.01514	0.00858	0.01009	0.00605	0.00454	0.00454	0.00151	0.00706	0.00353	0.00202	0.00706
62	0.01405	0.01151	0.01202	0.01019	0.01326	0.02715	0.00809	0.27477	0.52682	0.02317	0.01662	0.01558	0.01232	0.00621	0.00483	0.00155	0.00435	0.00500	0.00479	0.00771
63	0.01392	0.16143	0.29317	0.01016	0.01484	0.01078	0.01083	0.02773	0.06058	0.26410	0.07517	0.01414	0.01156	0.00545	0.00447	0.00142	0.00516	0.00429	0.00372	0.00708
64	0.06045	0.05166	0.01897	0.02699	0.71833	0.01169	0.01381	0.01462	0.01067	0.01573	0.00874	0.01139	0.00736	0.00426	0.00455	0.00140	0.00554	0.00408	0.00238	0.00736
65	0.01941	0.02270	0.06589	0.00869	0.01242	0.00731	0.00760	0.02150	0.01323	0.68187	0.05056	0.04044	0.01330	0.00622	0.00483	0.00149	0.00418	0.00510	0.00551	0.00775
66	0.00983	0.00931	0.01578	0.59461	0.25259	0.01083	0.01367	0.01291	0.00994	0.01318	0.00864	0.01248	0.00671	0.00463	0.00477	0.00154	0.00617	0.00425	0.00219	0.00596
67	0.02266	0.02235	0.65861	0.01511	0.05942	0.01123	0.11389	0.01512	0.01025	0.01528	0.00871	0.01049	0.00627	0.00446	0.00467	0.00152	0.00707	0.00382	0.00210	0.00698
68	0.01173	0.01126	0.01923	0.05614	0.77615	0.01133	0.01462	0.01459	0.01084	0.01550	0.00897	0.01186	0.00753	0.00428	0.00473	0.00143	0.00570	0.00426	0.00236	0.00749
69	0.00903	0.00850	0.01434	0.82054	0.03292	0.01062	0.01327	0.01221	0.00956	0.01221	0.00850	0.01274	0.00637	0.00478	0.00478	0.00159	0.00637	0.00425	0.00212	0.00531
70	0.00586	0.00419	0.00559	0.00670	0.00699	0.00391	0.00450	0.00672	0.00919	0.01224	0.02632	0.81364	0.03153	0.01494	0.00611	0.00195	0.00281	0.02849	0.00444	0.00389
71	0.02003	0.00818	0.01141	0.00983	0.06644	0.00719	0.00742	0.02194	0.01340	0.71148	0.04275	0.03188	0.01295	0.00609	0.00485	0.00148	0.00410	0.00505	0.00562	0.00790
72	0.01156	0.01229	0.07415	0.05098	0.67729	0.01136	0.06274	0.01467	0.01081	0.01546	0.00899	0.01180	0.00741	0.00428	0.00478	0.00144	0.00594	0.00429	0.00234	0.00740
73	0.00981	0.02442	0.79247	0.01353	0.02053	0.01102	0.01746	0.01529	0.01016	0.02982	0.00877	0.01021	0.00616	0.00457	0.00455	0.00151	0.00701	0.00356	0.00209	0.00708
74	0.02144	0.00813	0.01109	0.00850	0.01220	0.00702	0.00702	0.02329	0.01368	0.80552	0.01886	0.01627	0.01183	0.00592	0.00481	0.00148	0.00407	0.00481	0.00592	0.00813
75	0.00992	0.00947	0.01614	0.55620	0.25597	0.01095	0.03155	0.01298	0.00994	0.01326	0.00862	0.01244	0.00674	0.00468	0.00500	0.00155	0.02213	0.00428	0.00220	0.00599
76	0.01325	0.09650	0.12510	0.00975	0.06078	0.03426	0.00822	0.01551	0.02061	0.27021	0.08671	0.04833	0.04882	0.11680	0.00737	0.00189	0.00465	0.02102	0.00400	0.00622
77	0.01261	0.01130	0.02202	0.02796	0.05906	0.01076	0.49518	0.06986	0.01222	0.11978	0.01271	0.05782	0.01033	0.00551	0.00549	0.00162	0.00672	0.04924	0.00325	0.00658
78	0.01114	0.02255	0.70281	0.01295	0.01957	0.01057	0.01626	0.01621	0.01056	0.11883	0.00993	0.01090	0.00681	0.00472	0.00458	0.00151	0.00667	0.00370	0.00253	0.00720
79	0.00879	0.00791	0.01043	0.13583	0.16366	0.03219	0.00826	0.02704	0.09041	0.01457	0.04811	0.08831	0.27440	0.00879	0.00530	0.00162	0.00419	0.06107	0.00370	0.00542
80	0.01191	0.01112	0.02220	0.01638	0.02033	0.02525	0.54773	0.01514	0.01139	0.11856	0.02806	0.12419	0.01185	0.00588	0.00557	0.00163	0.00672	0.00662	0.00320	0.00627
81	0.01950	0.00948	0.05720	0.00947	0.01333	0.00790	0.04586	0.02261	0.07656	0.65811	0.01787	0.01588	0.01150	0.00579	0.00484	0.00150	0.00441	0.00482	0.00544	0.00794
82	0.01183	0.01129	0.01887	0.02812	0.75308	0.01139	0.01423	0.01534	0.05957	0.01589	0.00964	0.01220	0.00801	0.00440	0.00474	0.00143	0.00556	0.00433	0.00252	0.00757
83	0.07563	0.01762	0.01324	0.01145	0.01421	0.49628	0.05252	0.09329	0.01365	0.09927	0.01030	0.06203	0.00857	0.00566	0.00451	0.00136	0.00706	0.00416	0.00322	0.00599
84	0.15275	0.00740	0.00894	0.00747	0.01028	0.00693	0.00598	0.02971	0.01207	0.44876	0.06069	0.12433	0.08922	0.00763	0.00480	0.00155	0.00361	0.00628	0.00506	0.00653
85	0.01846	0.01001	0.05175	0.01237	0.13972	0.00882	0.00896	0.09816	0.03960	0.52486	0.01615	0.02608	0.01086	0.00571	0.00480	0.00148	0.00457	0.00475	0.00498	0.00791
86	0.12185	0.00704	0.00898	0.01028	0.11613	0.00718	0.00663	0.07974	0.01084	0.07704	0.03301	0.44836	0.02113	0.01042	0.00542	0.00172	0.01570	0.00915	0.00409	0.00529
87	0.66510	0.06649	0.00964	0.03339	0.04953	0.01144	0.00638	0.05824	0.00940	0.04375	0.00746	0.00857	0.00576	0.00453	0.00327	0.00145	0.00408	0.00288	0.00303	0.00562
88	0.01278	0.01069	0.01789	0.09863	0.63285	0.01074	0.01358	0.01553	0.01111	0.11473	0.01019	0.01247	0.00800	0.00451	0.00475	0.00144	0.00554	0.00433	0.00279	0.00744

[dist]
# distance from previous block
# <min> <max>
7	20

[block]
# block no. 2 follows, 53 sequences, length 86
# corresponding to MSA columns:
# 247-332
name=unknown_C
#
# <colnr> <probs for GDERKNQSTAVLIFYWHMCP>
#	G	D	E	R	K	N	Q	S	T	A	V	L	I	F	Y	W	H	M	C	P
0	0.07015	0.13102	0.55190	0.01202	0.01797	0.01196	0.02719	0.01589	0.04708	0.05896	0.00928	0.01036	0.00675	0.00463	0.00428	0.00145	0.00626	0.00353	0.00244	0.00688
1	0.01840	0.00972	0.01247	0.01212	0.13501	0.05163	0.00841	0.02203	0.12420	0.52854	0.01679	0.01539	0.01126	0.00569	0.00478	0.00148	0.00452	0.00471	0.00503	0.00783
2	0.01647	0.01168	0.01230	0.00976	0.01302	0.05410	0.00791	0.50832	0.01865	0.11126	0.04123	0.05700	0.01128	0.00627	0.00471	0.00141	0.00478	0.00491	0.06852	0.03642
3	0.00690	0.00471	0.00566	0.00566	0.00584	0.00483	0.00347	0.00727	0.00733	0.00995	0.04162	0.04348	0.01770	0.66130	0.15049	0.00497	0.00584	0.00683	0.00295	0.00319
4	0.00688	0.00491	0.00659	0.00659	0.00707	0.00538	0.00462	0.00784	0.00736	0.01029	0.01380	0.02429	0.01434	0.38685	0.46535	0.00634	0.00920	0.00593	0.00271	0.00366
5	0.01029	0.00978	0.01661	0.46484	0.37877	0.01095	0.01390	0.01332	0.01015	0.01374	0.00872	0.01233	0.00691	0.00454	0.00476	0.00151	0.00606	0.00425	0.00223	0.00633
6	0.00665	0.00488	0.00623	0.00589	0.00707	0.00446	0.00442	0.00880	0.01326	0.01853	0.72274	0.03676	0.12245	0.01001	0.00564	0.00151	0.00227	0.00879	0.00518	0.00446
7	0.01188	0.01017	0.01070	0.00958	0.01228	0.01168	0.00747	0.05432	0.73182	0.02010	0.02031	0.01872	0.04614	0.00668	0.00489	0.00161	0.00379	0.00555	0.00484	0.00744
8	0.00842	0.00455	0.00490	0.00481	0.00593	0.00447	0.00361	0.01065	0.01083	0.01813	0.19565	0.02193	0.01979	0.00653	0.00387	0.00120	0.00223	0.00542	0.66260	0.00447
9	0.01164	0.01116	0.01905	0.08394	0.74912	0.01131	0.01457	0.01450	0.01079	0.01538	0.00896	0.01189	0.00749	0.00429	0.00474	0.00143	0.00573	0.00426	0.00235	0.00741
10	0.01278	0.83490	0.02505	0.00818	0.01227	0.01891	0.00818	0.01431	0.00971	0.01125	0.00664	0.00767	0.00613	0.00409	0.00307	0.00102	0.00511	0.00256	0.00204	0.00613
11	0.01785	0.02278	0.01354	0.01231	0.01478	0.81284	0.00924	0.01909	0.01354	0.01170	0.00739	0.00862	0.00616	0.00493	0.00431	0.00123	0.00862	0.00308	0.00246	0.00554
12	0.86579	0.00924	0.00702	0.00629	0.00924	0.01072	0.00518	0.01405	0.00813	0.02144	0.00666	0.00776	0.00518	0.00444	0.00296	0.00148	0.00370	0.00259	0.00296	0.00518
13	0.01083	0.00955	0.01600	0.39260	0.36262	0.01047	0.01325	0.01374	0.01043	0.05636	0.01015	0.01471	0.00830	0.00506	0.00486	0.00154	0.00584	0.04473	0.00255	0.00639
14	0.86579	0.00924	0.00702	0.00629	0.00924	0.01072	0.00518	0.01405	0.00813	0.02144	0.00666	0.00776	0.00518	0.00444	0.00296	0.00148	0.00370	0.00259	0.00296	0.00518
15	0.00770	0.00550	0.00770	0.00880	0.00990	0.00550	0.00770	0.00990	0.01100	0.01430	0.02531	0.05391	0.02751	0.01320	0.00660	0.00220	0.00440	0.77004	0.00440	0.00440
16	0.01122	0.00866	0.01090	0.00785	0.01207	0.00671	0.04256	0.01341	0.01038	0.10093	0.00967	0.01074	0.00760	0.00382	0.00378	0.00083	0.00381	0.00318	0.00315	0.72873
17	0.01046	0.01046	0.01464	0.01255	0.01255	0.01464	0.01046	0.01150	0.00732	0.01150	0.00627	0.01046	0.00627	0.00837	0.01569	0.00209	0.82328	0.00418	0.00209	0.00523
18	0.01216	0.63251	0.09634	0.05342	0.05579	0.03273	0.00960	0.01424	0.00998	0.01212	0.02893	0.00918	0.00729	0.00435	0.00348	0.00114	0.00538	0.00301	0.00216	0.00620
19	0.01270	0.81578	0.04351	0.00831	0.01247	0.01873	0.00840	0.01433	0.00972	0.01134	0.00669	0.00772	0.00613	0.00410	0.00310	0.00103	0.00516	0.00258	0.00204	0.00616
20	0.00565	0.00484	0.00484	0.00484	0.00646	0.00403	0.00363	0.00686	0.01089	0.01291	0.04842	0.04600	0.80027	0.01210	0.00565	0.00161	0.00242	0.01009	0.00444	0.00403
21	0.00991	0.00850	0.00991	0.00708	0.01133	0.00637	0.00566	0.01203	0.00991	0.01557	0.00850	0.00991	0.00708	0.00354	0.00354	0.00071	0.00354	0.00283	0.00283	0.86124
22	0.01742	0.09190	0.01452	0.01196	0.01456	0.74526	0.00915	0.01868	0.01322	0.01166	0.00732	0.00854	0.00615	0.00485	0.00420	0.00121	0.00832	0.00303	0.00243	0.00559
23	0.00770	0.00550	0.00770	0.00880	0.00990	0.00550	0.00770	0.00990	0.01100	0.01430	0.02531	0.05391	0.02751	0.01320	0.00660	0.00220	0.00440	0.77004	0.00440	0.00440
24	0.00647	0.00443	0.00536	0.00583	0.00595	0.00431	0.00356	0.00682	0.00789	0.01052	0.01989	0.37304	0.02348	0.48194	0.01652	0.00348	0.00384	0.00979	0.00356	0.00332
25	0.86579	0.00924	0.00702	0.00629	0.00924	0.01072	0.00518	0.01405	0.00813	0.02144	0.00666	0.00776	0.00518	0.00444	0.00296	0.00148	0.00370	0.00259	0.00296	0.00518
26	0.00909	0.00853	0.01426	0.80290	0.03247	0.01065	0.01315	0.01250	0.02661	0.01238	0.00873	0.01285	0.00655	0.00482	0.00478	0.00159	0.00632	0.00427	0.00218	0.00536
27	0.00676	0.00489	0.00639	0.00601	0.00714	0.00451	0.00451	0.00902	0.01353	0.01917	0.79969	0.03570	0.04510	0.00977	0.00564	0.00150	0.00225	0.00864	0.00526	0.00451
28	0.00582	0.00416	0.00555	0.00666	0.00693	0.00388	0.00444	0.00666	0.00915	0.01220	0.02634	0.82891	0.03161	0.01497	0.00610	0.00194	0.00277	0.01359	0.00444	0.00388
29	0.01817	0.01339	0.01434	0.01100	0.01482	0.01482	0.00908	0.78627	0.02247	0.03012	0.01148	0.01148	0.00813	0.00574	0.00478	0.00143	0.00526	0.00430	0.00478	0.00813
30	0.86579	0.00924	0.00702	0.00629	0.00924	0.01072	0.00518	0.01405	0.00813	0.02144	0.00666	0.00776	0.00518	0.00444	0.00296	0.00148	0.00370	0.00259	0.00296	0.00518
31	0.01189	0.01027	0.01081	0.00973	0.01243	0.01189	0.00757	0.02540	0.79357	0.01999	0.01945	0.01783	0.01459	0.00648	0.00486	0.00162	0.00378	0.00540	0.00486	0.00757
32	0.01183	0.01136	0.01940	0.02934	0.80221	0.01136	0.01467	0.01467	0.01088	0.01562	0.00899	0.01183	0.00757	0.00426	0.00473	0.00142	0.00568	0.00426	0.00237	0.00757
33	0.00683	0.00512	0.00768	0.00768	0.00853	0.00597	0.00597	0.00853	0.00768	0.01110	0.01280	0.01878	0.01195	0.03585	0.81308	0.00768	0.01280	0.00512	0.00256	0.00427
34	0.86579	0.00924	0.00702	0.00629	0.00924	0.01072	0.00518	0.01405	0.00813	0.02144	0.00666	0.00776	0.00518	0.00444	0.00296	0.00148	0.00370	0.00259	0.00296	0.00518
35	0.00598	0.00428	0.00568	0.00655	0.00697	0.00398	0.00445	0.00704	0.00986	0.01333	0.15142	0.70061	0.03379	0.01413	0.00603	0.00187	0.00269	0.01279	0.00457	0.00398
36	0.01109	0.01060	0.01806	0.23924	0.59812	0.01116	0.01430	0.01402	0.01053	0.01471	0.00886	0.01207	0.00725	0.00440	0.00474	0.00147	0.00586	0.00426	0.00230	0.00697
37	0.01128	0.01289	0.02820	0.02015	0.02498	0.01209	0.78485	0.01531	0.01128	0.01531	0.00967	0.01289	0.00725	0.00403	0.00564	0.00161	0.00806	0.00564	0.00242	0.00645
38	0.01189	0.01027	0.01081	0.00973	0.01243	0.01189	0.00757	0.02540	0.79357	0.01999	0.01945	0.01783	0.01459	0.00648	0.00486	0.00162	0.00378	0.00540	0.00486	0.00757
39	0.00903	0.00850	0.01434	0.82054	0.03292	0.01062	0.01327	0.01221	0.00956	0.01221	0.00850	0.01274	0.00637	0.00478	0.00478	0.00159	0.00637	0.00425	0.00212	0.00531
40	0.86579	0.00924	0.00702	0.00629	0.00924	0.01072	0.00518	0.01405	0.00813	0.02144	0.00666	0.00776	0.00518	0.00444	0.00296	0.00148	0.00370	0.00259	0.00296	0.00518
41	0.01183	0.01136	0.01940	0.02934	0.80221	0.01136	0.01467	0.01467	0.01088	0.01562	0.00899	0.01183	0.00757	0.00426	0.00473	0.00142	0.00568	0.00426	0.00237	0.00757
42	0.00695	0.00465	0.00531	0.00531	0.00534	0.00468	0.00301	0.00701	0.00698	0.00934	0.01498	0.03081	0.01717	0.80230	0.05378	0.00475	0.00494	0.00688	0.00288	0.00295
43	0.86579	0.00924	0.00702	0.00629	0.00924	0.01072	0.00518	0.01405	0.00813	0.02144	0.00666	0.00776	0.00518	0.00444	0.00296	0.00148	0.00370	0.00259	0.00296	0.00518
44	0.00582	0.00416	0.00555	0.00666	0.00693	0.00388	0.00444	0.00666	0.00915	0.01220	0.02634	0.82891	0.03161	0.01497	0.00610	0.00194	0.00277	0.01359	0.00444	0.00388
45	0.86579	0.00924	0.00702	0.00629	0.00924	0.01072	0.00518	0.01405	0.00813	0.02144	0.00666	0.00776	0.00518	0.00444	0.00296	0.00148	0.00370	0.00259	0.00296	0.00518
46	0.02111	0.00867	0.01143	0.00876	0.01247	0.00782	0.00724	0.10144	0.01458	0.72610	0.01810	0.01578	0.01145	0.00590	0.00480	0.00147	0.00419	0.00475	0.00580	0.00813
47	0.01183	0.01136	0.01940	0.02934	0.80221	0.01136	0.01467	0.01467	0.01088	0.01562	0.00899	0.01183	0.00757	0.00426	0.00473	0.00142	0.00568	0.00426	0.00237	0.00757
48	0.00770	0.00550	0.00770	0.00880	0.00990	0.00550	0.00770	0.00990	0.01100	0.01430	0.02531	0.05391	0.02751	0.01320	0.00660	0.00220	0.00440	0.77004	0.00440	0.00440
49	0.02144	0.00813	0.01109	0.00850	0.01220	0.00702	0.00702	0.02329	0.01368	0.80552	0.01886	0.01627	0.01183	0.00592	0.00481	0.00148	0.00407	0.00481	0.00592	0.00813
50	0.00582	0.00416	0.00555	0.00666	0.00693	0.00388	0.00444	0.00666	0.00915	0.01220	0.02634	0.82891	0.03161	0.01497	0.00610	0.00194	0.00277	0.01359	0.00444	0.00388
51	0.00565	0.00484	0.00484	0.00484	0.00646	0.00403	0.00363	0.00686	0.01089	0.01291	0.04842	0.04600	0.80027	0.01210	0.00565	0.00161	0.00242	0.01009	0.00444	0.00403
52	0.00830	0.00415	0.00623	0.00623	0.00623	0.00415	0.00415	0.00623	0.00623	0.00830	0.00830	0.01453	0.00830	0.01660	0.01868	0.86094	0.00415	0.00415	0.00208	0.00208
53	0.01828	0.01321	0.01423	0.01091	0.01473	0.01456	0.00901	0.76028	0.02217	0.05654	0.01173	0.01164	0.00825	0.00574	0.00478	0.00144	0.00522	0.00432	0.00482	0.00813
54	0.01183	0.01136	0.01940	0.02934	0.80221	0.01136	0.01467	0.01467	0.01088	0.01562	0.00899	0.01183	0.00757	0.00426	0.00473	0.00142	0.00568	0.00426	0.00237	0.00757
55	0.00807	0.00626	0.00980	0.00996	0.01145	0.00618	0.08730	0.01046	0.01103	0.01441	0.02371	0.04971	0.02543	0.01226	0.00650	0.00214	0.00478	0.69175	0.00420	0.00461
56	0.01719	0.01290	0.01379	0.01080	0.01445	0.01436	0.00885	0.66751	0.14283	0.02854	0.01272	0.01247	0.00914	0.00585	0.00479	0.00146	0.00503	0.00448	0.00479	0.00804
57	0.01189	0.01027	0.01081	0.00973	0.01243	0.01189	0.00757	0.02540	0.79357	0.01999	0.01945	0.01783	0.01459	0.00648	0.00486	0.00162	0.00378	0.00540	0.00486	0.00757
58	0.84882	0.00933	0.00717	0.00638	0.00936	0.01080	0.00525	0.02951	0.00842	0.02162	0.00675	0.00784	0.00524	0.00446	0.00299	0.00148	0.00373	0.00262	0.00299	0.00524
59	0.00601	0.00446	0.00632	0.00711	0.00755	0.00416	0.03102	0.00695	0.00922	0.01231	0.02578	0.80111	0.03078	0.01460	0.00608	0.00193	0.00295	0.01332	0.00437	0.00397
60	0.00991	0.00850	0.00991	0.00708	0.01133	0.00637	0.00566	0.01203	0.00991	0.01557	0.00850	0.00991	0.00708	0.00354	0.00354	0.00071	0.00354	0.00283	0.00283	0.86124
61	0.00572	0.00483	0.00486	0.00486	0.00639	0.00407	0.00359	0.00686	0.01068	0.01272	0.04663	0.04521	0.75826	0.05611	0.00665	0.00178	0.00254	0.00992	0.00436	0.00397
62	0.01020	0.13728	0.61630	0.01367	0.06230	0.01238	0.01582	0.01482	0.00995	0.01444	0.00822	0.00986	0.00616	0.00464	0.00487	0.00147	0.04521	0.00347	0.00204	0.00687
63	0.00571	0.00484	0.00492	0.00490	0.00649	0.00406	0.00368	0.00697	0.01103	0.01324	0.08810	0.04545	0.76039	0.01198	0.00565	0.00161	0.00241	0.01001	0.00448	0.00406
64	0.01454	0.01118	0.01309	0.06696	0.09269	0.02446	0.00902	0.39301	0.15668	0.04504	0.01329	0.06116	0.01058	0.00687	0.00572	0.05448	0.00491	0.00503	0.00419	0.00712
65	0.01817	0.01339	0.01434	0.01100	0.01482	0.01482	0.00908	0.78627	0.02247	0.03012	0.01148	0.01148	0.00813	0.00574	0.00478	0.00143	0.00526	0.00430	0.00478	0.00813
66	0.01924	0.01167	0.01328	0.01018	0.01397	0.01228	0.00841	0.53747	0.01961	0.28298	0.01388	0.01304	0.00934	0.00580	0.00479	0.00145	0.00487	0.00447	0.00515	0.00813
67	0.00831	0.00657	0.00970	0.09584	0.01326	0.00688	0.05107	0.01161	0.07748	0.01452	0.02220	0.08074	0.02323	0.01131	0.00618	0.00204	0.00468	0.54540	0.00409	0.00486
68	0.01096	0.01120	0.05763	0.16112	0.44170	0.04577	0.01250	0.01378	0.01059	0.01486	0.01013	0.01316	0.02347	0.00467	0.00456	0.00137	0.00552	0.01514	0.04765	0.09422
69	0.53241	0.02832	0.02327	0.00981	0.07739	0.10587	0.00732	0.13441	0.01129	0.02085	0.00771	0.00882	0.00598	0.00468	0.00358	0.00143	0.00477	0.00307	0.00310	0.00593
70	0.01188	0.01238	0.02478	0.01821	0.03695	0.01205	0.61681	0.09826	0.01227	0.01691	0.01005	0.01290	0.00759	0.00446	0.00577	0.00158	0.03671	0.00535	0.04861	0.00650
71	0.06282	0.05327	0.01383	0.01240	0.07177	0.48773	0.00903	0.09411	0.02671	0.09389	0.00921	0.00999	0.00713	0.00499	0.00430	0.00129	0.00702	0.00344	0.00309	0.02399
72	0.00773	0.00571	0.00757	0.00734	0.00823	0.00642	0.00544	0.05011	0.05045	0.01211	0.01366	0.02151	0.01327	0.23478	0.52680	0.00625	0.00985	0.00556	0.00289	0.00430
73	0.00878	0.00713	0.00786	0.05064	0.01017	0.01970	0.00575	0.04078	0.22365	0.03516	0.15480	0.07217	0.30835	0.00934	0.00529	0.00159	0.00323	0.00790	0.02229	0.00540
74	0.01693	0.01277	0.01365	0.01075	0.01435	0.01424	0.00879	0.63652	0.17424	0.02813	0.01305	0.01273	0.00940	0.00588	0.00480	0.00147	0.00497	0.00452	0.00480	0.00802
75	0.00737	0.00616	0.04430	0.05131	0.00820	0.00594	0.00488	0.00803	0.00734	0.01001	0.01369	0.02687	0.01509	0.62258	0.10160	0.00449	0.04960	0.00631	0.00273	0.00349
76	0.00848	0.00457	0.00500	0.00500	0.00601	0.00470	0.00373	0.01051	0.00950	0.01632	0.01513	0.01868	0.01247	0.05395	0.13084	0.00232	0.00401	0.00469	0.67975	0.00434
77	0.00890	0.00816	0.01350	0.58927	0.11732	0.00962	0.01192	0.01180	0.01012	0.01336	0.09585	0.06645	0.01232	0.00590	0.00495	0.00158	0.00562	0.00532	0.00264	0.00539
78	0.00582	0.00416	0.00555	0.00666	0.00693	0.00388	0.00444	0.00666	0.00915	0.01220	0.02634	0.82891	0.03161	0.01497	0.00610	0.00194	0.00277	0.01359	0.00444	0.00388
79	0.01278	0.83490	0.02505	0.00818	0.01227	0.01891	0.00818	0.01431	0.00971	0.01125	0.00664	0.00767	0.00613	0.00409	0.00307	0.00102	0.00511	0.00256	0.00204	0.00613
80	0.00566	0.00479	0.00490	0.00499	0.00649	0.00402	0.00370	0.00684	0.01075	0.01285	0.04664	0.10893	0.73848	0.01234	0.00569	0.00164	0.00245	0.01037	0.00444	0.00402
81	0.01320	0.76763	0.02409	0.00852	0.01248	0.08467	0.00827	0.01471	0.01003	0.01128	0.00671	0.00775	0.00614	0.00416	0.00317	0.00104	0.00540	0.00260	0.00208	0.00608
82	0.00576	0.00488	0.00500	0.00506	0.00665	0.00412	0.00386	0.00703	0.01090	0.01299	0.04714	0.04644	0.75757	0.01217	0.00570	0.00165	0.00253	0.05208	0.00444	0.00406
83	0.01070	0.01254	0.09670	0.01316	0.01430	0.04404	0.06333	0.01242	0.00810	0.01214	0.00678	0.01051	0.00631	0.00755	0.01344	0.00197	0.65419	0.00417	0.00212	0.00551
84	0.01044	0.01005	0.01739	0.41295	0.38899	0.01104	0.05340	0.01351	0.01026	0.01395	0.00878	0.01233	0.00697	0.00450	0.00480	0.00151	0.00614	0.00432	0.00225	0.00642
85	0.01746	0.02212	0.01360	0.01233	0.01466	0.77000	0.00930	0.01868	0.01321	0.01169	0.00733	0.00872	0.00616	0.00511	0.00492	0.00128	0.05234	0.00314	0.00244	0.00552

[dist]
# distance from previous block
# <min> <max>
0	4

[block]
# block no. 3 follows, 53 sequences, length 61
# corresponding to MSA columns:
# 337-387,397-406
name=unknown_D
#
# <colnr> <probs for GDERKNQSTAVLIFYWHMCP>
#	G	D	E	R	K	N	Q	S	T	A	V	L	I	F	Y	W	H	M	C	P
0	0.00699	0.00769	0.09684	0.00732	0.00965	0.00555	0.06255	0.00907	0.01128	0.02797	0.17838	0.07782	0.46038	0.01028	0.00553	0.00160	0.00337	0.00885	0.00420	0.00470
1	0.00991	0.00850	0.00991	0.00708	0.01133	0.00637	0.00566	0.01203	0.00991	0.01557	0.00850	0.00991	0.00708	0.00354	0.00354	0.00071	0.00354	0.00283	0.00283	0.86124
2	0.01298	0.01467	0.01414	0.01239	0.01326	0.29319	0.00996	0.01410	0.00950	0.01156	0.00677	0.00995	0.00633	0.00761	0.02465	0.00188	0.52568	0.00381	0.00223	0.00532
3	0.00629	0.00487	0.00573	0.00551	0.00685	0.00431	0.00413	0.00810	0.01240	0.01650	0.47883	0.04010	0.36763	0.01077	0.00564	0.00155	0.00233	0.00926	0.00491	0.00431
4	0.01046	0.01046	0.01464	0.01255	0.01255	0.01464	0.01046	0.01150	0.00732	0.01150	0.00627	0.01046	0.00627	0.00837	0.01569	0.00209	0.82328	0.00418	0.00209	0.00523
5	0.00770	0.00708	0.06602	0.00919	0.08134	0.00587	0.00653	0.05124	0.01104	0.02559	0.15587	0.41021	0.10502	0.02699	0.00599	0.00177	0.00342	0.01006	0.00422	0.00485
6	0.01088	0.01222	0.11879	0.01296	0.01451	0.01323	0.07811	0.01281	0.00842	0.05570	0.00814	0.03460	0.00737	0.00755	0.01249	0.00194	0.57768	0.00453	0.00239	0.00569
7	0.01022	0.02363	0.70415	0.01470	0.07746	0.05711	0.01696	0.01533	0.01035	0.01497	0.00854	0.01013	0.00617	0.00454	0.00454	0.00149	0.00705	0.00356	0.00207	0.00701
8	0.01135	0.01094	0.01903	0.02701	0.68726	0.01086	0.07024	0.01413	0.01079	0.01534	0.01031	0.07161	0.00930	0.00502	0.00490	0.00147	0.00564	0.00504	0.00252	0.00722
9	0.00890	0.00869	0.04053	0.47861	0.10309	0.00945	0.03536	0.01224	0.05250	0.01317	0.01282	0.17899	0.01210	0.00686	0.00507	0.00165	0.00550	0.00623	0.00277	0.00546
10	0.04114	0.22908	0.27537	0.01080	0.05257	0.01207	0.01089	0.05854	0.01072	0.03532	0.00843	0.00965	0.00664	0.00426	0.00388	0.00118	0.00532	0.00318	0.00253	0.21843
11	0.01742	0.03525	0.01369	0.01239	0.02843	0.74657	0.00921	0.03976	0.01359	0.01228	0.00792	0.02617	0.00678	0.00514	0.00435	0.00125	0.00829	0.00335	0.00256	0.00562
12	0.07413	0.12871	0.03027	0.01884	0.40821	0.03418	0.01101	0.01502	0.06882	0.01558	0.00960	0.01217	0.00814	0.00459	0.00425	0.00130	0.00509	0.02498	0.00267	0.12244
13	0.01156	0.30935	0.37362	0.01164	0.01697	0.02547	0.05824	0.05775	0.06597	0.01488	0.00887	0.01000	0.00687	0.00456	0.00412	0.00134	0.00612	0.00348	0.00241	0.00677
14	0.12289	0.02447	0.04299	0.22504	0.17553	0.03503	0.05854	0.01380	0.00970	0.05757	0.00929	0.02289	0.01768	0.00554	0.00660	0.00161	0.15802	0.00425	0.00257	0.00600
15	0.00830	0.00415	0.00623	0.00623	0.00623	0.00415	0.00415	0.00623	0.00623	0.00830	0.00830	0.01453	0.00830	0.01660	0.01868	0.86094	0.00415	0.00415	0.00208	0.00208
16	0.01027	0.01014	0.01444	0.10435	0.01476	0.01402	0.01066	0.01158	0.00762	0.01168	0.00667	0.01083	0.00638	0.00791	0.01425	0.00202	0.71734	0.00419	0.01565	0.00523
17	0.86579	0.00924	0.00702	0.00629	0.00924	0.01072	0.00518	0.01405	0.00813	0.02144	0.00666	0.00776	0.00518	0.00444	0.00296	0.00148	0.00370	0.00259	0.00296	0.00518
18	0.02121	0.00852	0.01133	0.00869	0.01239	0.00760	0.00718	0.07909	0.01432	0.74882	0.01832	0.01592	0.01156	0.00590	0.00480	0.00148	0.00415	0.00477	0.00583	0.00813
19	0.00954	0.02324	0.74855	0.01295	0.01958	0.01061	0.01661	0.01484	0.01009	0.01533	0.00909	0.01066	0.00651	0.00462	0.00445	0.00148	0.00671	0.00360	0.06465	0.00687
20	0.00571	0.00459	0.00511	0.00552	0.00663	0.00398	0.00393	0.00678	0.01024	0.01265	0.04016	0.33904	0.51256	0.01318	0.00582	0.00174	0.00255	0.01140	0.00444	0.00398
21	0.01301	0.01315	0.03733	0.01745	0.02193	0.01285	0.54927	0.21425	0.01404	0.01902	0.01002	0.01241	0.00743	0.00460	0.00569	0.00158	0.03089	0.00522	0.00301	0.00686
22	0.00657	0.00483	0.00615	0.00593	0.00705	0.00441	0.00440	0.00860	0.01291	0.01794	0.65677	0.09489	0.13093	0.01042	0.00567	0.00155	0.00231	0.00917	0.00511	0.00441
23	0.00759	0.00604	0.00696	0.00652	0.00811	0.00599	0.00495	0.01202	0.18142	0.01778	0.44344	0.03441	0.22714	0.00964	0.00547	0.00156	0.00263	0.00830	0.00497	0.00505
24	0.00565	0.00484	0.00484	0.00484	0.00646	0.00403	0.00363	0.00686	0.01089	0.01291	0.04842	0.04600	0.80027	0.01210	0.00565	0.00161	0.00242	0.01009	0.00444	0.00403
25	0.01105	0.02268	0.70910	0.01299	0.01964	0.01060	0.01635	0.01614	0.01053	0.11258	0.00984	0.01085	0.00677	0.00471	0.00457	0.00151	0.00669	0.00369	0.00250	0.00720
26	0.86579	0.00924	0.00702	0.00629	0.00924	0.01072	0.00518	0.01405	0.00813	0.02144	0.00666	0.00776	0.00518	0.00444	0.00296	0.00148	0.00370	0.00259	0.00296	0.00518
27	0.01785	0.02278	0.01354	0.01231	0.01478	0.81284	0.00924	0.01909	0.01354	0.01170	0.00739	0.00862	0.00616	0.00493	0.00431	0.00123	0.00862	0.00308	0.00246	0.00554
28	0.00830	0.00415	0.00623	0.00623	0.00623	0.00415	0.00415	0.00623	0.00623	0.00830	0.00830	0.01453	0.00830	0.01660	0.01868	0.86094	0.00415	0.00415	0.00208	0.00208
29	0.01198	0.01074	0.01345	0.01129	0.01433	0.01200	0.12125	0.04596	0.65687	0.01960	0.01779	0.01693	0.01333	0.00610	0.00497	0.00161	0.00445	0.00541	0.00450	0.00742
30	0.01115	0.00951	0.01035	0.00943	0.01186	0.01102	0.00733	0.02293	0.67868	0.01869	0.01848	0.01797	0.01420	0.01078	0.12302	0.00251	0.00510	0.00536	0.00453	0.00708
31	0.00724	0.00572	0.00846	0.00823	0.00899	0.00695	0.00648	0.00887	0.00764	0.01114	0.01207	0.01784	0.01131	0.03275	0.72333	0.00705	0.10403	0.00502	0.00251	0.00438
32	0.00912	0.00859	0.01451	0.79336	0.05934	0.01064	0.01332	0.01230	0.00960	0.01233	0.00851	0.01271	0.00641	0.00476	0.00478	0.00159	0.00635	0.00425	0.00213	0.00539
33	0.01809	0.01334	0.01477	0.01134	0.01514	0.05747	0.05339	0.62325	0.02046	0.10641	0.01189	0.01188	0.00834	0.00561	0.00481	0.00144	0.00548	0.00436	0.00463	0.00789
34	0.01145	0.01091	0.01856	0.05376	0.73172	0.01102	0.01412	0.01424	0.01066	0.01525	0.00919	0.01226	0.00778	0.00609	0.05111	0.00178	0.00611	0.00431	0.00237	0.00731
35	0.00593	0.00486	0.00523	0.00517	0.00667	0.00416	0.00390	0.00738	0.01146	0.01428	0.20873	0.04395	0.62397	0.01163	0.00566	0.00160	0.00242	0.02425	0.00461	0.00414
36	0.00599	0.00433	0.00555	0.00633	0.00679	0.00402	0.00426	0.00695	0.00961	0.01280	0.11052	0.61837	0.09780	0.07387	0.00734	0.00206	0.00282	0.01227	0.00441	0.00389
37	0.01221	0.01191	0.01482	0.07262	0.07226	0.08678	0.01067	0.12164	0.01045	0.01450	0.00747	0.01070	0.00663	0.00712	0.01152	0.00183	0.51439	0.00411	0.00253	0.00584
38	0.00683	0.00512	0.00768	0.00768	0.00853	0.00597	0.00597	0.00853	0.00768	0.01110	0.01280	0.01878	0.01195	0.03585	0.81308	0.00768	0.01280	0.00512	0.00256	0.00427
39	0.00727	0.00519	0.00721	0.00831	0.00922	0.00513	0.00696	0.00916	0.01058	0.01382	0.02554	0.23102	0.02845	0.01361	0.00649	0.00214	0.00403	0.59717	0.00441	0.00428
40	0.00919	0.00882	0.01535	0.76205	0.03234	0.01073	0.06966	0.01244	0.00968	0.01244	0.00858	0.01275	0.00644	0.00472	0.00484	0.00159	0.00649	0.00435	0.00215	0.00539
41	0.01128	0.01289	0.02820	0.02015	0.02498	0.01209	0.78485	0.01531	0.01128	0.01531	0.00967	0.01289	0.00725	0.00403	0.00564	0.00161	0.00806	0.00564	0.00242	0.00645
42	0.00715	0.00523	0.00700	0.00794	0.00900	0.00507	0.00667	0.00903	0.01074	0.01382	0.02882	0.15602	0.14103	0.01328	0.00640	0.00208	0.00389	0.55815	0.00441	0.00428
43	0.02144	0.00813	0.01109	0.00850	0.01220	0.00702	0.00702	0.02329	0.01368	0.80552	0.01886	0.01627	0.01183	0.00592	0.00481	0.00148	0.00407	0.00481	0.00592	0.00813
44	0.00664	0.00488	0.00622	0.00588	0.00706	0.00446	0.00441	0.00878	0.01323	0.01847	0.71555	0.03686	0.12967	0.01003	0.00564	0.00152	0.00227	0.00881	0.00517	0.00446
45	0.00577	0.00485	0.00502	0.00497	0.00653	0.00409	0.00373	0.00710	0.01119	0.01361	0.13255	0.04485	0.71570	0.01184	0.00565	0.00160	0.00240	0.00993	0.00453	0.00409
46	0.01189	0.01027	0.01081	0.00973	0.01243	0.01189	0.00757	0.02540	0.79357	0.01999	0.01945	0.01783	0.01459	0.00648	0.00486	0.00162	0.00378	0.00540	0.00486	0.00757
