[name]
unknown

[dist]
# distance from previous block
# <min> <max>
3	138

[block]
# block no. 0 follows, 45 sequences, length 69
# corresponding to MSA columns:
# 148-167,169-187,190-219
name=unknown_A
#
# <colnr> <probs for GDERKNQSTAVLIFYWHMCP>
#	G	D	E	R	K	N	Q	S	T	A	V	L	I	F	Y	W	H	M	C	P
0	0.01252	0.01243	0.02138	0.06699	0.04872	0.05761	0.36536	0.03186	0.01296	0.04899	0.08646	0.04260	0.03845	0.00610	0.00599	0.00165	0.01971	0.00629	0.00342	0.11052
1	0.01137	0.01037	0.01639	0.17480	0.34320	0.01034	0.03125	0.01407	0.01120	0.01589	0.02703	0.01659	0.01049	0.11298	0.00806	0.00197	0.00589	0.00502	0.00286	0.17021
2	0.02326	0.00652	0.00907	0.03106	0.11309	0.00623	0.00703	0.01050	0.01199	0.04933	0.15397	0.34767	0.14049	0.01268	0.00635	0.00194	0.00369	0.05494	0.00480	0.00537
3	0.00912	0.00642	0.00737	0.00714	0.00794	0.00650	0.00473	0.10867	0.01132	0.01511	0.06234	0.21559	0.05650	0.43751	0.01749	0.00367	0.00455	0.00942	0.00417	0.00446
4	0.12553	0.01167	0.01163	0.01047	0.01353	0.02912	0.00818	0.02667	0.65097	0.02248	0.01964	0.01830	0.01477	0.00694	0.00516	0.00179	0.00435	0.00559	0.00512	0.00809
5	0.01331	0.00928	0.01235	0.11468	0.01621	0.00817	0.03387	0.02668	0.02860	0.16621	0.08107	0.01696	0.03408	0.00569	0.00485	0.00127	0.00456	0.00482	0.00410	0.41323
6	0.01132	0.07289	0.63618	0.01730	0.12382	0.01303	0.01874	0.01687	0.01143	0.01681	0.00957	0.01143	0.00703	0.00503	0.00503	0.00165	0.00759	0.00401	0.00232	0.00795
7	0.12781	0.01113	0.01185	0.01012	0.01348	0.01226	0.00806	0.11809	0.40901	0.15283	0.03633	0.01854	0.03303	0.00700	0.00519	0.00174	0.00442	0.00559	0.00536	0.00815
8	0.00652	0.00475	0.00615	0.00726	0.00773	0.00438	0.00489	0.00750	0.01048	0.01379	0.03220	0.72803	0.11363	0.01648	0.00680	0.00214	0.00307	0.01485	0.00498	0.00438
9	0.01101	0.01021	0.01623	0.53430	0.16000	0.01201	0.01398	0.01601	0.11260	0.01571	0.02778	0.02595	0.00992	0.00579	0.00541	0.00176	0.00648	0.00519	0.00295	0.00670
10	0.12924	0.01195	0.01285	0.01048	0.01396	0.01309	0.00846	0.37348	0.12360	0.11586	0.01533	0.04973	0.01191	0.03519	0.04869	0.00218	0.00560	0.00542	0.00504	0.00796
11	0.02360	0.00901	0.01228	0.00949	0.01354	0.00779	0.00781	0.02564	0.01522	0.76036	0.02141	0.04010	0.01390	0.00693	0.00544	0.00168	0.00453	0.00567	0.00660	0.00900
12	0.02170	0.00892	0.01192	0.00931	0.01308	0.00792	0.00762	0.05814	0.01580	0.64493	0.12184	0.02095	0.01810	0.00721	0.00552	0.00166	0.00436	0.00595	0.00649	0.00859
13	0.01286	0.01232	0.02103	0.13555	0.67856	0.01264	0.01626	0.01610	0.01202	0.01702	0.01002	0.01342	0.00832	0.00486	0.00532	0.00162	0.00648	0.00478	0.00262	0.00816
14	0.01267	0.01448	0.03167	0.02262	0.02805	0.01357	0.75837	0.01719	0.01267	0.01719	0.01086	0.01448	0.00814	0.00452	0.00633	0.00181	0.00905	0.00633	0.00271	0.00724
15	0.02068	0.01404	0.01539	0.01182	0.01604	0.01523	0.00976	0.64607	0.02362	0.13377	0.01409	0.01376	0.00978	0.00647	0.00534	0.00161	0.00566	0.00491	0.02292	0.00904
16	0.01163	0.01679	0.25247	0.12188	0.02461	0.01227	0.29436	0.06002	0.03186	0.01734	0.01230	0.07405	0.01026	0.02823	0.00637	0.00188	0.00759	0.00603	0.00295	0.00709
17	0.43741	0.01020	0.01223	0.31260	0.07840	0.01191	0.01017	0.01538	0.01019	0.04456	0.00892	0.01152	0.00678	0.00517	0.00432	0.00171	0.00549	0.00384	0.00302	0.00618
18	0.00854	0.00509	0.00540	0.00554	0.00680	0.00481	0.00407	0.01056	0.01159	0.01796	0.07317	0.13425	0.19778	0.00968	0.00493	0.00153	0.00264	0.00815	0.48271	0.00481
19	0.00956	0.00820	0.01069	0.03600	0.01150	0.04267	0.02442	0.01080	0.01010	0.03786	0.04337	0.38686	0.02287	0.06125	0.03107	0.00249	0.23125	0.01002	0.00392	0.00511
20	0.00766	0.01783	0.00752	0.02435	0.00897	0.00572	0.00544	0.01038	0.06285	0.01797	0.37630	0.29309	0.11628	0.01272	0.00638	0.00187	0.00301	0.01126	0.00535	0.00505
21	0.00733	0.00548	0.00682	0.00668	0.00796	0.00503	0.00493	0.00967	0.02846	0.01917	0.52471	0.14480	0.18470	0.01218	0.00639	0.00178	0.00268	0.01069	0.00560	0.00494
22	0.01113	0.00954	0.01113	0.00795	0.01272	0.00716	0.00636	0.01352	0.01113	0.01749	0.00954	0.01113	0.00795	0.00398	0.00398	0.00080	0.00398	0.00318	0.00318	0.84417
23	0.00816	0.04131	0.00857	0.00737	0.00909	0.00621	0.00554	0.01000	0.01234	0.01714	0.29368	0.26385	0.11004	0.01150	0.00633	0.00170	0.02842	0.01000	0.00482	0.14393
24	0.01429	0.01088	0.01603	0.44253	0.03933	0.01244	0.03618	0.16320	0.02328	0.12096	0.01187	0.01444	0.00855	0.00585	0.00581	0.00173	0.03526	0.00489	0.00362	0.02887
25	0.00654	0.00467	0.00623	0.00747	0.00779	0.00436	0.00498	0.00747	0.01028	0.01370	0.02959	0.80785	0.03550	0.01682	0.00685	0.00218	0.00311	0.01526	0.00498	0.00436
26	0.01070	0.11745	0.01771	0.69266	0.03386	0.01317	0.01414	0.01403	0.01076	0.01357	0.00926	0.01355	0.00712	0.00526	0.00511	0.00170	0.00697	0.00452	0.00237	0.00609
27	0.01065	0.00996	0.01606	0.66834	0.03360	0.01217	0.03758	0.01581	0.11232	0.01500	0.01123	0.01508	0.00842	0.00560	0.00541	0.00179	0.00683	0.00499	0.00281	0.00634
28	0.02399	0.00929	0.01255	0.00962	0.01378	0.00812	0.00795	0.04549	0.01562	0.76188	0.02096	0.01813	0.01318	0.00664	0.00540	0.00166	0.00460	0.00538	0.00661	0.00914
29	0.00634	0.00544	0.00544	0.00544	0.00725	0.00453	0.00408	0.00770	0.01224	0.01450	0.05438	0.05166	0.77569	0.01359	0.00634	0.00181	0.00272	0.01133	0.00498	0.00453
30	0.01405	0.01419	0.07828	0.02886	0.61912	0.01325	0.01589	0.11617	0.01390	0.01968	0.01044	0.01309	0.00846	0.00503	0.00531	0.00160	0.00643	0.00473	0.00299	0.00854
31	0.01274	0.01215	0.02049	0.16652	0.62374	0.01263	0.01595	0.01637	0.03589	0.01702	0.01037	0.01368	0.00852	0.00496	0.00533	0.00164	0.00645	0.00482	0.00270	0.00806
32	0.00768	0.00561	0.00788	0.00788	0.00861	0.00630	0.00580	0.00911	0.00848	0.01198	0.01566	0.02510	0.02721	0.23305	0.58634	0.00766	0.01189	0.00636	0.00300	0.00440
33	0.00652	0.00474	0.00616	0.00729	0.00774	0.00438	0.00490	0.00750	0.01045	0.01377	0.03183	0.73955	0.10236	0.01653	0.00681	0.00215	0.00308	0.01490	0.00498	0.00438
34	0.03139	0.01272	0.12076	0.54646	0.07668	0.01223	0.09487	0.01474	0.01107	0.01501	0.00968	0.01373	0.00726	0.00520	0.00538	0.00176	0.00734	0.00478	0.00244	0.00651
35	0.06165	0.16900	0.60047	0.01370	0.02075	0.01403	0.01707	0.01676	0.01112	0.01663	0.00911	0.01068	0.00676	0.00500	0.00469	0.00160	0.00731	0.00370	0.00234	0.00762
36	0.01138	0.01369	0.10307	0.05740	0.06595	0.01183	0.44702	0.01543	0.01181	0.01627	0.01245	0.03026	0.01048	0.01024	0.11123	0.00274	0.00907	0.05005	0.00284	0.00681
37	0.01348	0.23433	0.40437	0.01369	0.01996	0.01534	0.07082	0.11657	0.01328	0.03650	0.00986	0.01122	0.00739	0.00514	0.00479	0.00155	0.00708	0.00400	0.00283	0.00779
38	0.01384	0.15321	0.23339	0.01686	0.18364	0.08954	0.01375	0.11609	0.01396	0.01848	0.05459	0.01515	0.01108	0.00593	0.00505	0.00157	0.00668	0.03646	0.00315	0.00758
39	0.05047	0.01247	0.03671	0.00997	0.01401	0.11344	0.02722	0.04765	0.07111	0.09668	0.03115	0.01607	0.01133	0.00573	0.00474	0.00129	0.00519	0.04823	0.00388	0.39266
40	0.01187	0.01440	0.11823	0.01357	0.01496	0.08116	0.01209	0.01379	0.00927	0.01340	0.00836	0.01281	0.00782	0.02618	0.08677	0.00281	0.53937	0.00465	0.00244	0.00603
41	0.00792	0.00579	0.00773	0.00875	0.00991	0.00560	0.00727	0.00996	0.01203	0.01554	0.04789	0.18924	0.14136	0.01491	0.00714	0.00231	0.00425	0.49266	0.00498	0.00478
42	0.01354	0.01388	0.01945	0.18640	0.48341	0.12383	0.01507	0.01646	0.01217	0.01592	0.00959	0.01291	0.00794	0.00521	0.00580	0.00164	0.04205	0.00459	0.00260	0.00754
43	0.01142	0.01066	0.01770	0.55288	0.24416	0.01234	0.01516	0.04361	0.01172	0.01557	0.00983	0.01397	0.00761	0.00524	0.00535	0.00173	0.00689	0.00478	0.00258	0.00680
44	0.01495	0.01599	0.01994	0.04817	0.56154	0.21362	0.01486	0.01768	0.01296	0.01630	0.00962	0.01238	0.00806	0.00499	0.00519	0.00154	0.00725	0.00444	0.00268	0.00785
45	0.00760	0.00549	0.00718	0.00675	0.00802	0.00506	0.00506	0.01013	0.01519	0.02153	0.77503	0.04010	0.05065	0.01097	0.00633	0.00169	0.00253	0.00971	0.00591	0.00506
46	0.00877	0.00656	0.00857	0.08974	0.01198	0.00679	0.00671	0.10898	0.01233	0.01640	0.02528	0.61942	0.02904	0.01425	0.00650	0.00206	0.00391	0.01278	0.00477	0.00516
47	0.02207	0.01025	0.01711	0.47255	0.02906	0.01166	0.12991	0.09180	0.01252	0.01656	0.01286	0.10890	0.01138	0.00691	0.00571	0.00183	0.00676	0.02273	0.00313	0.00628
48	0.00654	0.00467	0.00623	0.00747	0.00779	0.00436	0.00498	0.00747	0.01028	0.01370	0.02959	0.80785	0.03550	0.01682	0.00685	0.00218	0.00311	0.01526	0.00498	0.00436
49	0.01976	0.01455	0.01557	0.01205	0.01619	0.01612	0.00992	0.70353	0.05710	0.03288	0.01343	0.01343	0.00960	0.00647	0.00532	0.00161	0.00572	0.00489	0.03290	0.00897
50	0.01228	0.01855	0.37135	0.04059	0.03893	0.01172	0.12300	0.04910	0.02441	0.07774	0.01191	0.01592	0.00955	0.11356	0.00906	0.00222	0.05479	0.00510	0.00302	0.00719
51	0.01942	0.12212	0.01762	0.01189	0.01620	0.01718	0.01002	0.64220	0.04165	0.03071	0.01238	0.01249	0.00901	0.00622	0.00511	0.00155	0.00584	0.00460	0.00496	0.00881
52	0.00761	0.00512	0.00591	0.00611	0.00615	0.00507	0.00352	0.00775	0.00819	0.01092	0.01887	0.15470	0.02199	0.68840	0.02415	0.00474	0.00488	0.00896	0.00352	0.00342
53	0.01682	0.05572	0.06886	0.12055	0.08594	0.23980	0.06932	0.19807	0.01608	0.05267	0.01065	0.01231	0.00807	0.00557	0.00516	0.00156	0.00748	0.00441	0.01353	0.00742
54	0.14534	0.05484	0.24958	0.16174	0.04831	0.03747	0.14782	0.03573	0.01174	0.04481	0.00986	0.01221	0.00731	0.00510	0.00503	0.00169	0.00712	0.00441	0.00280	0.00709
55	0.00841	0.00569	0.00641	0.00635	0.00810	0.00488	0.00471	0.00976	0.01217	0.10193	0.04518	0.21270	0.52726	0.01350	0.00635	0.00188	0.00302	0.01151	0.00517	0.00502
56	0.01329	0.01275	0.02179	0.03295	0.77787	0.01275	0.01647	0.01647	0.01222	0.01754	0.01010	0.01329	0.00850	0.00478	0.00531	0.00159	0.00638	0.00478	0.00266	0.00850
57	0.14766	0.51668	0.11714	0.00974	0.01427	0.02948	0.01937	0.01572	0.01073	0.01514	0.00912	0.05694	0.00844	0.00546	0.00389	0.00137	0.00570	0.00381	0.00263	0.00669
58	0.01262	0.00928	0.01021	0.00876	0.01144	0.05483	0.00681	0.03808	0.17593	0.12332	0.34295	0.02641	0.02880	0.00821	0.00559	0.00157	0.00389	0.00697	0.00534	0.11900
59	0.11258	0.02032	0.01337	0.01212	0.01459	0.54947	0.00922	0.01876	0.01410	0.01550	0.11090	0.01377	0.01266	0.00643	0.00563	0.00151	0.05553	0.00431	0.00323	0.00600
60	0.01036	0.00656	0.00862	0.04254	0.01086	0.00629	0.01923	0.05300	0.02922	0.13164	0.02934	0.47662	0.12774	0.01334	0.00638	0.00199	0.00374	0.01184	0.00511	0.00558
61	0.01276	0.01297	0.10565	0.01468	0.01838	0.05665	0.26250	0.01608	0.02357	0.11852	0.01761	0.17446	0.01658	0.00868	0.00655	0.00192	0.03236	0.08951	0.00391	0.00667
62	0.00751	0.00580	0.00839	0.01097	0.11111	0.00554	0.00664	0.00880	0.01060	0.01429	0.02694	0.67767	0.03174	0.01514	0.00666	0.00211	0.00361	0.03687	0.00467	0.00493
63	0.04165	0.11736	0.01348	0.00888	0.01285	0.01020	0.00738	0.03672	0.10898	0.21886	0.05709	0.01731	0.03643	0.00611	0.00473	0.00135	0.00435	0.01566	0.00455	0.27607
64	0.01624	0.03993	0.20687	0.01117	0.01578	0.01095	0.01091	0.09041	0.15550	0.27355	0.01954	0.05240	0.05828	0.00715	0.00539	0.00171	0.00534	0.00581	0.00489	0.00816
65	0.01697	0.01240	0.03592	0.01083	0.01474	0.01250	0.00893	0.32034	0.19022	0.13509	0.01658	0.06263	0.01274	0.00692	0.00529	0.00159	0.00497	0.00557	0.00517	0.12059
66	0.01583	0.01052	0.01214	0.01037	0.01343	0.01146	0.00825	0.06711	0.40917	0.21966	0.06367	0.02116	0.04955	0.00768	0.00625	0.00179	0.05203	0.00617	0.00558	0.00818
67	0.01907	0.01275	0.01425	0.01134	0.01514	0.01374	0.00925	0.49557	0.09029	0.15639	0.01647	0.06327	0.01263	0.00791	0.01826	0.00181	0.00548	0.02222	0.00552	0.00862
68	0.01239	0.01394	0.12199	0.26528	0.38815	0.01271	0.03033	0.06025	0.01243	0.01726	0.01005	0.01334	0.00789	0.00510	0.00532	0.00167	0.00685	0.00470	0.00268	0.00766

[dist]
# distance from previous block
# <min> <max>
9	30

[block]
# block no. 1 follows, 45 sequences, length 100
# corresponding to MSA columns:
# 301-319,321-350,367-383,385-397,410-430
name=unknown_B
#
# <colnr> <probs for GDERKNQSTAVLIFYWHMCP>
#	G	D	E	R	K	N	Q	S	T	A	V	L	I	F	Y	W	H	M	C	P
0	0.03989	0.01286	0.10476	0.31588	0.02615	0.01215	0.16802	0.10374	0.03540	0.01840	0.01164	0.02922	0.00893	0.00563	0.00535	0.00172	0.00679	0.00521	0.08149	0.00678
1	0.04631	0.01288	0.01478	0.08980	0.03119	0.01414	0.01003	0.42618	0.13540	0.14129	0.01494	0.01480	0.01055	0.00642	0.00532	0.00167	0.00553	0.00504	0.00516	0.00860
2	0.03067	0.01229	0.02191	0.06415	0.39727	0.01198	0.19721	0.01833	0.01279	0.16159	0.01230	0.01449	0.00920	0.00510	0.00555	0.00167	0.00669	0.00525	0.00342	0.00813
3	0.01014	0.00954	0.01610	0.79845	0.03697	0.01193	0.01491	0.01371	0.01073	0.01371	0.00954	0.01431	0.00716	0.00537	0.00537	0.00179	0.00716	0.00477	0.00239	0.00596
4	0.00910	0.00476	0.00697	0.00693	0.00706	0.00472	0.00466	0.00733	0.00783	0.01057	0.08544	0.01929	0.01375	0.04375	0.01973	0.73302	0.00447	0.00526	0.00272	0.00263
5	0.01329	0.01275	0.02179	0.03295	0.77787	0.01275	0.01647	0.01647	0.01222	0.01754	0.01010	0.01329	0.00850	0.00478	0.00531	0.00159	0.00638	0.00478	0.00266	0.00850
6	0.09002	0.00590	0.00592	0.00583	0.00767	0.00533	0.00440	0.00878	0.01220	0.01625	0.13359	0.07488	0.58586	0.01256	0.00606	0.00180	0.00285	0.01045	0.00493	0.00471
7	0.01301	0.09212	0.02320	0.15121	0.35610	0.01382	0.18404	0.04491	0.03787	0.01714	0.01042	0.01347	0.00833	0.00495	0.00538	0.00164	0.00696	0.00499	0.00279	0.00767
8	0.01780	0.01340	0.01444	0.01162	0.01530	0.01486	0.00939	0.55799	0.15317	0.02985	0.01610	0.09290	0.01301	0.00762	0.00553	0.00170	0.00534	0.00608	0.00535	0.00855
9	0.01899	0.01042	0.03149	0.00984	0.01346	0.00988	0.00817	0.20603	0.05723	0.38114	0.11904	0.04133	0.01784	0.00742	0.00548	0.00166	0.00457	0.00608	0.04169	0.00822
10	0.00833	0.08589	0.01056	0.00868	0.01000	0.00815	0.00696	0.01023	0.00885	0.01248	0.01369	0.01985	0.01277	0.03672	0.71214	0.00789	0.01352	0.00547	0.00282	0.00500
11	0.73550	0.01023	0.00866	0.03749	0.01172	0.01163	0.00637	0.01673	0.00981	0.09875	0.00891	0.00988	0.00661	0.00516	0.00361	0.00167	0.00431	0.00322	0.00362	0.00615
12	0.01409	0.71387	0.04906	0.01068	0.01545	0.02024	0.08371	0.01621	0.01109	0.01320	0.00786	0.00927	0.00701	0.00460	0.00378	0.00123	0.00613	0.00324	0.00234	0.00695
13	0.00878	0.00903	0.08417	0.00754	0.01026	0.00714	0.00660	0.09506	0.04971	0.01773	0.08553	0.04109	0.53440	0.01149	0.00607	0.00177	0.00366	0.00952	0.00484	0.00561
14	0.76644	0.01062	0.00927	0.00962	0.08643	0.01211	0.00687	0.01585	0.00944	0.02344	0.00773	0.00917	0.00608	0.00496	0.00352	0.00165	0.00437	0.00309	0.00326	0.00608
15	0.00683	0.00486	0.00644	0.00761	0.00799	0.00460	0.00523	0.00786	0.01032	0.01372	0.02864	0.68346	0.03400	0.06838	0.00824	0.00241	0.00343	0.08676	0.00487	0.00435
16	0.01275	0.01272	0.03854	0.08615	0.45800	0.01267	0.12665	0.01789	0.11789	0.01782	0.01242	0.01603	0.01016	0.00548	0.00556	0.00171	0.00653	0.02996	0.00311	0.00798
17	0.00767	0.00575	0.00863	0.00863	0.00959	0.00671	0.00671	0.00959	0.00863	0.01246	0.01438	0.02109	0.01342	0.04026	0.79008	0.00863	0.01438	0.00575	0.00288	0.00479
18	0.03852	0.01064	0.03203	0.50351	0.04636	0.01224	0.04147	0.03046	0.17243	0.01663	0.01278	0.01661	0.00988	0.00601	0.00541	0.00180	0.00642	0.02690	0.00322	0.00667
19	0.01320	0.56228	0.27036	0.01115	0.01681	0.01843	0.01260	0.01637	0.01104	0.01403	0.00816	0.00948	0.00686	0.00476	0.00398	0.00133	0.00644	0.00322	0.00229	0.00722
20	0.10800	0.58695	0.07761	0.00921	0.01347	0.01790	0.00915	0.01525	0.01067	0.01435	0.00981	0.08801	0.00960	0.00588	0.00389	0.00135	0.00546	0.00418	0.00268	0.00659
21	0.01200	0.02534	0.58227	0.01637	0.02338	0.08967	0.14181	0.01747	0.01194	0.01665	0.00970	0.01169	0.00704	0.00505	0.00528	0.00169	0.00829	0.00431	0.00239	0.00765
22	0.01376	0.01144	0.01215	0.01087	0.01395	0.01314	0.00847	0.02843	0.73946	0.05141	0.02182	0.01996	0.01627	0.00726	0.00546	0.00181	0.00426	0.00604	0.00551	0.00852
23	0.01114	0.00674	0.02411	0.00738	0.00951	0.00573	0.00586	0.01328	0.01415	0.19439	0.36846	0.08562	0.19891	0.01086	0.00614	0.00175	0.00323	0.02113	0.00573	0.00590
24	0.02408	0.00914	0.01246	0.00955	0.01370	0.00789	0.00789	0.02616	0.01536	0.78158	0.02118	0.01827	0.01329	0.00664	0.00540	0.00166	0.00457	0.00540	0.00664	0.00914
25	0.00767	0.00575	0.00863	0.00863	0.00959	0.00671	0.00671	0.00959	0.00863	0.01246	0.01438	0.02109	0.01342	0.04026	0.79008	0.00863	0.01438	0.00575	0.00288	0.00479
26	0.00743	0.00548	0.00695	0.00658	0.00792	0.00500	0.00494	0.00981	0.01481	0.02061	0.68081	0.04161	0.14545	0.01132	0.00633	0.00170	0.00256	0.00992	0.00579	0.00500
27	0.02408	0.00914	0.01246	0.00955	0.01370	0.00789	0.00789	0.02616	0.01536	0.78158	0.02118	0.01827	0.01329	0.00664	0.00540	0.00166	0.00457	0.00540	0.00664	0.00914
28	0.02102	0.01405	0.01550	0.01188	0.01616	0.01518	0.00982	0.63749	0.02359	0.15863	0.01427	0.01379	0.00982	0.00648	0.00537	0.00162	0.00568	0.00493	0.00558	0.00913
29	0.01014	0.00954	0.01610	0.79845	0.03697	0.01193	0.01491	0.01371	0.01073	0.01371	0.00954	0.01431	0.00716	0.00537	0.00537	0.00179	0.00716	0.00477	0.00239	0.00596
30	0.00865	0.00618	0.00865	0.00989	0.01112	0.00618	0.00865	0.01112	0.01236	0.01606	0.02842	0.06055	0.03089	0.01483	0.00741	0.00247	0.00494	0.74174	0.00494	0.00494
31	0.01113	0.00954	0.01113	0.00795	0.01272	0.00716	0.00636	0.01352	0.01113	0.01749	0.00954	0.01113	0.00795	0.00398	0.00398	0.00080	0.00398	0.00318	0.00318	0.84417
32	0.02389	0.00944	0.01265	0.00969	0.01385	0.00834	0.00801	0.06391	0.01587	0.74312	0.02075	0.01799	0.01307	0.00663	0.00540	0.00166	0.00464	0.00537	0.00658	0.00913
33	0.00778	0.00558	0.00694	0.00655	0.00801	0.00503	0.00493	0.01005	0.01456	0.04095	0.59805	0.04200	0.20678	0.01142	0.00631	0.00171	0.00263	0.00994	0.00573	0.00506
34	0.00776	0.00558	0.00774	0.00774	0.00843	0.00623	0.00564	0.00913	0.00845	0.01204	0.01519	0.02515	0.01520	0.26369	0.55049	0.00746	0.01144	0.00633	0.02198	0.00435
35	0.10297	0.01388	0.01487	0.01150	0.01568	0.01516	0.00950	0.59988	0.02248	0.12085	0.01333	0.01311	0.00929	0.00632	0.00517	0.00162	0.00558	0.00471	0.00532	0.00880
36	0.02221	0.00872	0.01186	0.00923	0.01306	0.00757	0.00757	0.02434	0.01534	0.69539	0.10666	0.02075	0.01752	0.00713	0.00550	0.00166	0.00434	0.00589	0.00656	0.00867
37	0.00931	0.00501	0.00538	0.00550	0.00663	0.00492	0.00404	0.01161	0.01152	0.01933	0.09416	0.12580	0.02028	0.00811	0.00442	0.00142	0.00259	0.00682	0.64822	0.00492
38	0.00965	0.00862	0.01229	0.03251	0.01218	0.01130	0.00905	0.01113	0.00844	0.01257	0.01099	0.01751	0.01069	0.07849	0.35448	0.00527	0.38160	0.00537	0.00264	0.00522
39	0.01014	0.00954	0.01610	0.79845	0.03697	0.01193	0.01491	0.01371	0.01073	0.01371	0.00954	0.01431	0.00716	0.00537	0.00537	0.00179	0.00716	0.00477	0.00239	0.00596
40	0.00748	0.00548	0.00701	0.00663	0.00795	0.00501	0.00497	0.00990	0.01491	0.02085	0.70605	0.04120	0.12005	0.01122	0.00633	0.00170	0.00255	0.00986	0.00582	0.00501
41	0.00660	0.00470	0.00621	0.00739	0.00769	0.00440	0.00490	0.00749	0.01015	0.01354	0.02896	0.76960	0.03471	0.05615	0.00786	0.00233	0.00322	0.01489	0.00490	0.00431
42	0.02811	0.01210	0.01577	0.22958	0.16562	0.02818	0.01191	0.27976	0.05065	0.02231	0.01531	0.01698	0.07458	0.00644	0.00538	0.00167	0.00598	0.00536	0.01676	0.00755
43	0.01077	0.02777	0.78354	0.01530	0.02323	0.01247	0.01983	0.01700	0.01133	0.01700	0.00963	0.01133	0.00680	0.00510	0.00510	0.00170	0.00793	0.00397	0.00227	0.00793
44	0.00740	0.00548	0.00690	0.00655	0.00790	0.00498	0.00491	0.00975	0.01473	0.02043	0.66237	0.04190	0.16399	0.01138	0.00633	0.00171	0.00256	0.00996	0.00576	0.00498
45	0.01139	0.01023	0.01623	0.63890	0.08241	0.01237	0.01424	0.08780	0.01224	0.01609	0.01005	0.01419	0.00759	0.00552	0.00554	0.00176	0.02043	0.00478	0.02185	0.00642
46	0.01014	0.00954	0.01610	0.79845	0.03697	0.01193	0.01491	0.01371	0.01073	0.01371	0.00954	0.01431	0.00716	0.00537	0.00537	0.00179	0.00716	0.00477	0.00239	0.00596
47	0.01014	0.00954	0.01610	0.79845	0.03697	0.01193	0.01491	0.01371	0.01073	0.01371	0.00954	0.01431	0.00716	0.00537	0.00537	0.00179	0.00716	0.00477	0.00239	0.00596
48	0.00736	0.00532	0.00684	0.00745	0.00820	0.00505	0.00519	0.03994	0.01211	0.01639	0.20178	0.57229	0.06203	0.01492	0.00665	0.00203	0.00309	0.01341	0.00521	0.00473
49	0.01113	0.00954	0.01113	0.00795	0.01272	0.00716	0.00636	0.01352	0.01113	0.01749	0.00954	0.01113	0.00795	0.00398	0.00398	0.00080	0.00398	0.00318	0.00318	0.84417
50	0.40706	0.36505	0.08672	0.00874	0.01303	0.01612	0.00856	0.01602	0.01011	0.01842	0.00766	0.00891	0.00637	0.00482	0.00354	0.00144	0.00519	0.00299	0.00278	0.00648
51	0.00781	0.00520	0.00585	0.00585	0.00585	0.00520	0.00325	0.00781	0.00781	0.01041	0.01691	0.03513	0.01952	0.81135	0.02732	0.00520	0.00520	0.00781	0.00325	0.00325
52	0.01943	0.01298	0.01552	0.01412	0.11201	0.01375	0.01025	0.43269	0.08096	0.19076	0.03244	0.01529	0.01147	0.00645	0.00540	0.00164	0.00547	0.00516	0.00532	0.00891
53	0.01113	0.00954	0.01113	0.00795	0.01272	0.00716	0.00636	0.01352	0.01113	0.01749	0.00954	0.01113	0.00795	0.00398	0.00398	0.00080	0.00398	0.00318	0.00318	0.84417
54	0.03654	0.01121	0.01372	0.01210	0.06784	0.01159	0.00912	0.19361	0.17137	0.33842	0.04304	0.01739	0.01355	0.00678	0.00572	0.00170	0.02657	0.00543	0.00562	0.00867
55	0.02959	0.01202	0.01914	0.28948	0.45527	0.02980	0.01527	0.05481	0.01241	0.01714	0.00996	0.01344	0.00799	0.00509	0.00528	0.00166	0.00664	0.00471	0.00272	0.00757
56	0.00749	0.00541	0.00708	0.00682	0.00800	0.00500	0.00506	0.00987	0.01471	0.02075	0.70117	0.11617	0.04915	0.01155	0.00638	0.00174	0.00259	0.01026	0.00582	0.00500
57	0.00654	0.00467	0.00623	0.00747	0.00779	0.00436	0.00498	0.00747	0.01028	0.01370	0.02959	0.80785	0.03550	0.01682	0.00685	0.00218	0.00311	0.01526	0.00498	0.00436
58	0.01435	0.81458	0.02813	0.00918	0.01378	0.02124	0.00918	0.01607	0.01091	0.01263	0.00746	0.00861	0.00689	0.00459	0.00344	0.00115	0.00574	0.00287	0.00230	0.00689
59	0.00781	0.00520	0.00585	0.00585	0.00585	0.00520	0.00325	0.00781	0.00781	0.01041	0.01691	0.03513	0.01952	0.81135	0.02732	0.00520	0.00520	0.00781	0.00325	0.00325
60	0.84927	0.01038	0.00789	0.00706	0.01038	0.01204	0.00581	0.01578	0.00914	0.02408	0.00747	0.00872	0.00581	0.00498	0.00332	0.00166	0.00415	0.00291	0.00332	0.00581
61	0.02320	0.01056	0.01334	0.01023	0.01441	0.01000	0.00845	0.20341	0.01775	0.60096	0.01917	0.01697	0.01228	0.00660	0.00539	0.00165	0.00489	0.00526	0.00634	0.00913
62	0.84927	0.01038	0.00789	0.00706	0.01038	0.01204	0.00581	0.01578	0.00914	0.02408	0.00747	0.00872	0.00581	0.00498	0.00332	0.00166	0.00415	0.00291	0.00332	0.00581
63	0.01253	0.01080	0.01177	0.00983	0.01350	0.01107	0.00771	0.02299	0.48892	0.02062	0.01731	0.01675	0.01327	0.00606	0.00491	0.00144	0.00415	0.00500	0.00462	0.31675
64	0.70602	0.01119	0.00931	0.00797	0.01146	0.01284	0.00657	0.14440	0.01192	0.02577	0.00841	0.00944	0.00639	0.00524	0.00368	0.00165	0.00446	0.00324	0.00368	0.00639
65	0.01948	0.01457	0.01559	0.01216	0.01629	0.01621	0.00998	0.66363	0.12309	0.03233	0.01407	0.01383	0.01008	0.00655	0.00538	0.00164	0.00569	0.00500	0.00538	0.00905
66	0.13284	0.00912	0.01158	0.00908	0.01297	0.00830	0.00747	0.02397	0.01453	0.64256	0.05747	0.01811	0.01418	0.00664	0.00517	0.00166	0.00441	0.00529	0.00617	0.00849
67	0.00729	0.00505	0.00616	0.00675	0.00701	0.00489	0.00432	0.00786	0.00924	0.01224	0.02407	0.35541	0.05194	0.40993	0.01700	0.00368	0.00425	0.05493	0.00412	0.00385
68	0.00932	0.00466	0.00699	0.00699	0.00699	0.00466	0.00466	0.00699	0.00699	0.00932	0.00932	0.01632	0.00932	0.01865	0.02098	0.84382	0.00466	0.00466	0.00233	0.00233
69	0.02408	0.00914	0.01246	0.00955	0.01370	0.00789	0.00789	0.02616	0.01536	0.78158	0.02118	0.01827	0.01329	0.00664	0.00540	0.00166	0.00457	0.00540	0.00664	0.00914
70	0.00798	0.00598	0.00759	0.00810	0.00924	0.00589	0.00619	0.01113	0.08724	0.01715	0.21568	0.30439	0.08543	0.01371	0.00669	0.00207	0.00351	0.19167	0.00525	0.00510
71	0.01152	0.01167	0.01748	0.56559	0.09105	0.08899	0.07690	0.01489	0.01152	0.01434	0.01029	0.01555	0.00823	0.00563	0.00547	0.00176	0.00742	0.03288	0.00257	0.00626
72	0.01248	0.04114	0.63711	0.01460	0.02171	0.01226	0.03265	0.01793	0.01172	0.10675	0.01089	0.01217	0.00760	0.00540	0.00553	0.00171	0.03340	0.00418	0.00279	0.00797
73	0.00794	0.00608	0.00737	0.00693	0.00826	0.02835	0.00520	0.01041	0.01513	0.02112	0.73595	0.03946	0.06578	0.01087	0.00629	0.00168	0.00275	0.00956	0.00579	0.00509
74	0.00932	0.00466	0.00699	0.00699	0.00699	0.00466	0.00466	0.00699	0.00699	0.00932	0.00932	0.01632	0.00932	0.01865	0.02098	0.84382	0.00466	0.00466	0.00233	0.00233
75	0.01113	0.00954	0.01113	0.00795	0.01272	0.00716	0.00636	0.01352	0.01113	0.01749	0.00954	0.01113	0.00795	0.00398	0.00398	0.00080	0.00398	0.00318	0.00318	0.84417
76	0.14626	0.01219	0.03138	0.22927	0.31466	0.03813	0.04723	0.01550	0.01106	0.01697	0.00921	0.01259	0.00748	0.00542	0.00618	0.00173	0.08059	0.00448	0.00266	0.00701
77	0.01789	0.01321	0.01433	0.01145	0.01508	0.01457	0.00929	0.59481	0.06855	0.03004	0.01527	0.09256	0.01246	0.00864	0.03159	0.00190	0.00572	0.00598	0.02829	0.00836
78	0.00775	0.00529	0.00675	0.00711	0.00815	0.00481	0.00510	0.00931	0.01232	0.05494	0.24825	0.40671	0.15700	0.01405	0.00656	0.00196	0.00300	0.03074	0.00533	0.00485
79	0.01199	0.02513	0.60085	0.01721	0.09761	0.06164	0.05329	0.03999	0.01215	0.01733	0.00975	0.01162	0.00711	0.00511	0.00517	0.00167	0.00788	0.00415	0.00245	0.00789
80	0.01183	0.01130	0.01903	0.36980	0.38900	0.01254	0.03047	0.01549	0.03253	0.01583	0.01009	0.01390	0.00807	0.00526	0.00576	0.00172	0.03265	0.00484	0.00261	0.00727
81	0.00722	0.00542	0.00654	0.00634	0.00761	0.00490	0.00463	0.00915	0.01354	0.01831	0.47949	0.07437	0.24919	0.07992	0.00814	0.00204	0.00284	0.01023	0.00539	0.00473
82	0.02005	0.02558	0.01521	0.01383	0.01659	0.78980	0.01037	0.02143	0.01521	0.01314	0.00830	0.00968	0.00691	0.00553	0.00484	0.00138	0.00968	0.00346	0.00277	0.00622
83	0.00661	0.00488	0.00619	0.00706	0.00772	0.00446	0.00484	0.00778	0.01109	0.01461	0.10760	0.60525	0.16085	0.01570	0.00672	0.00207	0.00299	0.01405	0.00507	0.00446
84	0.00745	0.00548	0.00697	0.00660	0.00793	0.00500	0.00495	0.00985	0.01485	0.02070	0.69047	0.04145	0.13573	0.01128	0.00633	0.00170	0.00255	0.00990	0.00580	0.00500
85	0.01077	0.02777	0.78354	0.01530	0.02323	0.01247	0.01983	0.01700	0.01133	0.01700	0.00963	0.01133	0.00680	0.00510	0.00510	0.00170	0.00793	0.00397	0.00227	0.00793
86	0.01113	0.00954	0.01113	0.00795	0.01272	0.00716	0.00636	0.01352	0.01113	0.01749	0.00954	0.01113	0.00795	0.00398	0.00398	0.00080	0.00398	0.00318	0.00318	0.84417
87	0.02041	0.01504	0.01611	0.01235	0.01665	0.01665	0.01020	0.75997	0.02524	0.03383	0.01289	0.01289	0.00913	0.00644	0.00537	0.00161	0.00591	0.00483	0.00537	0.00913
88	0.01254	0.01496	0.10193	0.02371	0.23505	0.01277	0.42424	0.01671	0.01230	0.01729	0.01043	0.01359	0.00810	0.00461	0.00576	0.00167	0.00783	0.00544	0.00269	0.06839
89	0.01813	0.06840	0.10654	0.01192	0.01671	0.01511	0.01078	0.51529	0.02080	0.06376	0.01220	0.01250	0.00878	0.00593	0.00507	0.00151	0.00588	0.00446	0.00464	0.09158
90	0.00865	0.00618	0.00865	0.00989	0.01112	0.00618	0.00865	0.01112	0.01236	0.01606	0.02842	0.06055	0.03089	0.01483	0.00741	0.00247	0.00494	0.74174	0.00494	0.00494
91	0.01362	0.01366	0.02901	0.02088	0.02603	0.01274	0.66165	0.01779	0.01287	0.09283	0.01244	0.03840	0.00947	0.00510	0.00626	0.00181	0.00843	0.00651	0.00317	0.00734
92	0.01030	0.00976	0.01613	0.72073	0.03470	0.01237	0.01459	0.01364	0.01048	0.01364	0.00929	0.01406	0.00714	0.00577	0.00658	0.00184	0.08587	0.00476	0.00238	0.00595
93	0.02329	0.00896	0.01220	0.00942	0.01343	0.00775	0.00775	0.02539	0.01536	0.74507	0.05739	0.01932	0.01508	0.00685	0.00544	0.00166	0.00447	0.00561	0.00661	0.00894
94	0.66445	0.00990	0.00819	0.00721	0.01037	0.01121	0.00589	0.05301	0.01052	0.06348	0.00966	0.01078	0.00732	0.00529	0.00358	0.00161	0.00406	0.00338	0.10402	0.00605
95	0.03633	0.01207	0.02387	0.31287	0.04465	0.01252	0.41030	0.01548	0.01185	0.01615	0.02974	0.02891	0.00926	0.00524	0.00587	0.00180	0.00787	0.00586	0.00273	0.00664
96	0.03301	0.05401	0.01618	0.01243	0.02848	0.08190	0.01003	0.56565	0.09587	0.02952	0.01298	0.01305	0.00948	0.00631	0.00521	0.00159	0.00603	0.00471	0.00493	0.00865
97	0.00654	0.00467	0.00623	0.00747	0.00779	0.00436	0.00498	0.00747	0.01028	0.01370	0.02959	0.80785	0.03550	0.01682	0.00685	0.00218	0.00311	0.01526	0.00498	0.00436
98	0.00681	0.00525	0.00620	0.00675	0.00787	0.00472	0.00494	0.00816	0.01158	0.01467	0.08461	0.31443	0.36058	0.04512	0.00744	0.00214	0.00319	0.09606	0.00497	0.00450
99	0.01286	0.10779	0.02720	0.06892	0.23329	0.01423	0.40141	0.01654	0.01210	0.01643	0.01007	0.01337	0.00801	0.00479	0.00597	0.00169	0.02992	0.00536	0.00262	0.00743

[dist]
# distance from previous block
# <min> <max>
0	4

[block]
# block no. 2 follows, 45 sequences, length 19
# corresponding to MSA columns:
# 435-440,452-454,495-503,516
name=unknown_C
#
# <colnr> <probs for GDERKNQSTAVLIFYWHMCP>
#	G	D	E	R	K	N	Q	S	T	A	V	L	I	F	Y	W	H	M	C	P
0	0.40462	0.34414	0.01680	0.00846	0.01219	0.08327	0.00754	0.01629	0.01047	0.01826	0.00787	0.00912	0.00661	0.00491	0.00352	0.00141	0.00524	0.00301	0.03002	0.00627
1	0.00725	0.00559	0.00812	0.00832	0.00928	0.00517	0.05196	0.00876	0.01137	0.01536	0.14910	0.57026	0.05850	0.01468	0.00668	0.00205	0.00345	0.03699	0.00495	0.02217
2	0.01321	0.01297	0.02300	0.03168	0.68595	0.01285	0.10742	0.01656	0.01228	0.01749	0.01019	0.01343	0.00846	0.00475	0.00544	0.00162	0.00670	0.00497	0.00266	0.00835
3	0.17410	0.21120	0.01728	0.01236	0.05252	0.40339	0.00953	0.03540	0.01311	0.01575	0.00813	0.00949	0.00683	0.00519	0.00426	0.00139	0.00745	0.00331	0.00281	0.00648
4	0.00686	0.00474	0.00625	0.00722	0.00764	0.00441	0.00486	0.00744	0.01006	0.01324	0.02947	0.63859	0.10298	0.01673	0.00853	0.10532	0.00327	0.01359	0.00466	0.00413
5	0.01113	0.00954	0.01113	0.00795	0.01272	0.00716	0.00636	0.01352	0.01113	0.01749	0.00954	0.01113	0.00795	0.00398	0.00398	0.00080	0.00398	0.00318	0.00318	0.84417
6	0.00692	0.00506	0.00664	0.03786	0.00873	0.00483	0.00516	0.00809	0.01078	0.01440	0.12052	0.56222	0.08060	0.09134	0.00865	0.00237	0.00338	0.01322	0.00483	0.00441
7	0.00641	0.00544	0.00552	0.00550	0.00729	0.00456	0.00413	0.00782	0.01238	0.01485	0.09013	0.05109	0.73972	0.01346	0.00634	0.00181	0.00271	0.01125	0.00503	0.00456
8	0.01223	0.01274	0.02198	0.01914	0.11220	0.01507	0.25149	0.01472	0.01014	0.01485	0.00864	0.01281	0.00758	0.00727	0.01249	0.00208	0.45020	0.00523	0.00250	0.00663
9	0.17289	0.01418	0.01460	0.01138	0.01549	0.01580	0.00940	0.62306	0.02228	0.03204	0.01189	0.01212	0.00852	0.00618	0.00499	0.00162	0.00558	0.00448	0.00499	0.00852
10	0.00818	0.00643	0.00932	0.00903	0.00978	0.00776	0.00700	0.00982	0.00850	0.01232	0.01372	0.02128	0.01322	0.11012	0.62253	0.00753	0.11000	0.00582	0.00285	0.00478
11	0.12451	0.30857	0.09153	0.01017	0.01457	0.09082	0.00949	0.06291	0.09132	0.03393	0.01013	0.01096	0.00814	0.00515	0.00416	0.00136	0.00574	0.00358	0.00319	0.10978
12	0.02014	0.01572	0.01591	0.01241	0.01655	0.07503	0.01016	0.67962	0.04934	0.03188	0.01284	0.01288	0.00920	0.00640	0.00533	0.00160	0.00614	0.00477	0.00518	0.00889
13	0.00641	0.00519	0.00569	0.00609	0.00742	0.00448	0.00437	0.00763	0.01161	0.01425	0.04646	0.29311	0.53935	0.01462	0.00651	0.00193	0.00285	0.01258	0.00498	0.00448
14	0.01128	0.01382	0.09848	0.01895	0.02361	0.01166	0.53981	0.01527	0.01207	0.01649	0.01442	0.17006	0.01339	0.00699	0.00632	0.00187	0.00778	0.00786	0.00312	0.00674
15	0.01818	0.11082	0.09149	0.01062	0.01477	0.01204	0.00953	0.18532	0.07877	0.30853	0.01736	0.09075	0.01331	0.00722	0.00527	0.00165	0.00518	0.00582	0.00513	0.00823
16	0.00654	0.00467	0.00623	0.00747	0.00779	0.00436	0.00498	0.00747	0.01028	0.01370	0.02959	0.80785	0.03550	0.01682	0.00685	0.00218	0.00311	0.01526	0.00498	0.00436
17	0.05366	0.01513	0.01421	0.04265	0.01596	0.16941	0.00981	0.23863	0.24660	0.02261	0.01413	0.01528	0.01098	0.00689	0.00642	0.00173	0.08209	0.02177	0.00437	0.00768
18	0.01198	0.01199	0.02183	0.29545	0.31526	0.01282	0.18528	0.01552	0.01163	0.01593	0.00994	0.01385	0.00789	0.00513	0.00611	0.00174	0.04273	0.00513	0.00256	0.00722

[dist]
# distance from previous block
# <min> <max>
3	12

[block]
# block no. 3 follows, 45 sequences, length 74
# corresponding to MSA columns:
# 529-536,544-556,581-594,597-635
name=unknown_D
#
# <colnr> <probs for GDERKNQSTAVLIFYWHMCP>
#	G	D	E	R	K	N	Q	S	T	A	V	L	I	F	Y	W	H	M	C	P
0	0.01332	0.01308	0.02093	0.10454	0.67015	0.05097	0.01602	0.01646	0.01223	0.01696	0.00996	0.01321	0.00830	0.00488	0.00530	0.00160	0.00661	0.00472	0.00264	0.00815
1	0.03837	0.01376	0.01577	0.05197	0.03539	0.01561	0.01050	0.53067	0.04529	0.06895	0.01252	0.01324	0.00913	0.00672	0.00686	0.00172	0.10545	0.00484	0.00480	0.00845
2	0.03899	0.26418	0.45610	0.01248	0.01895	0.01461	0.01487	0.01635	0.01111	0.01595	0.00890	0.01040	0.00690	0.00484	0.00443	0.00145	0.00677	0.00353	0.00240	0.08679
3	0.01021	0.00968	0.01655	0.77620	0.03672	0.01197	0.03623	0.01381	0.01079	0.01381	0.00958	0.01432	0.00718	0.00534	0.00539	0.00179	0.00721	0.00482	0.00239	0.00600
4	0.11694	0.01861	0.34001	0.07249	0.18642	0.01244	0.12337	0.01638	0.01143	0.01779	0.01012	0.01335	0.00788	0.00520	0.00518	0.00171	0.00715	0.02343	0.00263	0.00748
5	0.01174	0.01174	0.01644	0.01409	0.01409	0.01644	0.01174	0.01292	0.00822	0.01292	0.00705	0.01174	0.00705	0.00940	0.01762	0.00235	0.80153	0.00470	0.00235	0.00587
6	0.01426	0.79527	0.04667	0.00933	0.01401	0.02102	0.00945	0.01610	0.01092	0.01274	0.00752	0.00868	0.00689	0.00460	0.00348	0.00116	0.00579	0.00290	0.00230	0.00691
7	0.00654	0.00467	0.00623	0.00747	0.00779	0.00436	0.00498	0.00747	0.01028	0.01370	0.02959	0.80785	0.03550	0.01682	0.00685	0.00218	0.00311	0.01526	0.00498	0.00436
8	0.00760	0.00549	0.00718	0.00675	0.00802	0.00506	0.00506	0.01013	0.01519	0.02153	0.77503	0.04010	0.05065	0.01097	0.00633	0.00169	0.00253	0.00971	0.00591	0.00506
9	0.00646	0.00546	0.00560	0.00561	0.00738	0.00460	0.00424	0.00790	0.01237	0.01485	0.08496	0.05139	0.72505	0.01351	0.00637	0.00182	0.00277	0.03009	0.00502	0.00457
10	0.02323	0.01050	0.01330	0.01020	0.01438	0.00992	0.00842	0.19600	0.01765	0.60851	0.01926	0.01702	0.01233	0.00660	0.00539	0.00165	0.00488	0.00527	0.00635	0.00913
11	0.02041	0.01504	0.01611	0.01235	0.01665	0.01665	0.01020	0.75997	0.02524	0.03383	0.01289	0.01289	0.00913	0.00644	0.00537	0.00161	0.00591	0.00483	0.00537	0.00913
12	0.00767	0.00575	0.00863	0.00863	0.00959	0.00671	0.00671	0.00959	0.00863	0.01246	0.01438	0.02109	0.01342	0.04026	0.79008	0.00863	0.01438	0.00575	0.00288	0.00479
13	0.01196	0.00690	0.00887	0.00780	0.00990	0.00650	0.00604	0.01558	0.08658	0.19753	0.52918	0.03314	0.03875	0.00962	0.00603	0.00169	0.00317	0.00837	0.00604	0.00633
14	0.00654	0.00467	0.00623	0.00747	0.00779	0.00436	0.00498	0.00747	0.01028	0.01370	0.02959	0.80785	0.03550	0.01682	0.00685	0.00218	0.00311	0.01526	0.00498	0.00436
15	0.84927	0.01038	0.00789	0.00706	0.01038	0.01204	0.00581	0.01578	0.00914	0.02408	0.00747	0.00872	0.00581	0.00498	0.00332	0.00166	0.00415	0.00291	0.00332	0.00581
16	0.01077	0.02777	0.78354	0.01530	0.02323	0.01247	0.01983	0.01700	0.01133	0.01700	0.00963	0.01133	0.00680	0.00510	0.00510	0.00170	0.00793	0.00397	0.00227	0.00793
17	0.00653	0.00537	0.00575	0.00581	0.00740	0.00459	0.00430	0.00801	0.01245	0.01537	0.14877	0.12176	0.60822	0.01355	0.00639	0.00183	0.00273	0.01148	0.00511	0.00459
18	0.01143	0.00972	0.01129	0.00809	0.01285	0.00746	0.00649	0.03776	0.01159	0.01802	0.00965	0.01119	0.00799	0.00406	0.00402	0.00082	0.00404	0.00323	0.00325	0.81705
19	0.01974	0.01470	0.01573	0.01222	0.01639	0.01633	0.01004	0.69066	0.09564	0.03275	0.01374	0.01356	0.00982	0.00652	0.00538	0.00163	0.00575	0.00495	0.00538	0.00907
20	0.00683	0.00493	0.00645	0.00748	0.00802	0.00461	0.00522	0.00801	0.01082	0.01435	0.07621	0.61869	0.08157	0.04106	0.00749	0.00225	0.00329	0.08328	0.00498	0.00443
21	0.01497	0.08978	0.02185	0.02514	0.46817	0.04234	0.07480	0.16201	0.01479	0.02007	0.01039	0.01273	0.00839	0.00510	0.00521	0.00157	0.00656	0.00469	0.00316	0.00829
22	0.01435	0.81458	0.02813	0.00918	0.01378	0.02124	0.00918	0.01607	0.01091	0.01263	0.00746	0.00861	0.00689	0.00459	0.00344	0.00115	0.00574	0.00287	0.00230	0.00689
23	0.01014	0.00954	0.01610	0.79845	0.03697	0.01193	0.01491	0.01371	0.01073	0.01371	0.00954	0.01431	0.00716	0.00537	0.00537	0.00179	0.00716	0.00477	0.00239	0.00596
24	0.00638	0.00544	0.00549	0.00548	0.00727	0.00455	0.00411	0.00778	0.01233	0.01472	0.07705	0.05130	0.75288	0.01351	0.00634	0.00181	0.00271	0.01128	0.00501	0.00455
25	0.01433	0.01179	0.01252	0.01102	0.01421	0.01351	0.00864	0.09777	0.67630	0.04518	0.02098	0.01930	0.01561	0.00718	0.00545	0.00180	0.00441	0.00593	0.00549	0.00857
26	0.00712	0.00561	0.00647	0.00641	0.00795	0.00502	0.00487	0.00927	0.02923	0.01736	0.31954	0.07172	0.41613	0.01267	0.00641	0.00182	0.00284	0.05938	0.00534	0.00484
27	0.00958	0.00592	0.00776	0.00709	0.00870	0.00538	0.00539	0.01199	0.01503	0.11500	0.64764	0.05598	0.06233	0.01064	0.00623	0.00170	0.00280	0.00935	0.00596	0.00554
28	0.01014	0.00954	0.01610	0.79845	0.03697	0.01193	0.01491	0.01371	0.01073	0.01371	0.00954	0.01431	0.00716	0.00537	0.00537	0.00179	0.00716	0.00477	0.00239	0.00596
29	0.01267	0.01448	0.03167	0.02262	0.02805	0.01357	0.75837	0.01719	0.01267	0.01719	0.01086	0.01448	0.00814	0.00452	0.00633	0.00181	0.00905	0.00633	0.00271	0.00724
30	0.00654	0.00467	0.00623	0.00747	0.00779	0.00436	0.00498	0.00747	0.01028	0.01370	0.02959	0.80785	0.03550	0.01682	0.00685	0.00218	0.00311	0.01526	0.00498	0.00436
31	0.00932	0.00466	0.00699	0.00699	0.00699	0.00466	0.00466	0.00699	0.00699	0.00932	0.00932	0.01632	0.00932	0.01865	0.02098	0.84382	0.00466	0.00466	0.00233	0.00233
32	0.03867	0.56538	0.11969	0.01049	0.01532	0.07054	0.01059	0.08703	0.01255	0.01554	0.00830	0.00943	0.00706	0.00490	0.00392	0.00129	0.00625	0.00323	0.00264	0.00716
33	0.00687	0.00513	0.00737	0.00813	0.00869	0.00491	0.03227	0.00802	0.01021	0.01371	0.02747	0.70473	0.03243	0.01860	0.08105	0.00278	0.00440	0.01404	0.00470	0.00450
34	0.01335	0.01153	0.01214	0.01092	0.01396	0.01335	0.00850	0.02852	0.76817	0.02245	0.02185	0.02003	0.01639	0.00728	0.00546	0.00182	0.00425	0.00607	0.00546	0.00850
35	0.18989	0.11507	0.05204	0.27475	0.10967	0.01383	0.07028	0.08356	0.01209	0.01847	0.00931	0.01203	0.00723	0.00514	0.00475	0.00164	0.00632	0.00423	0.00290	0.00682
36	0.01435	0.81458	0.02813	0.00918	0.01378	0.02124	0.00918	0.01607	0.01091	0.01263	0.00746	0.00861	0.00689	0.00459	0.00344	0.00115	0.00574	0.00287	0.00230	0.00689
37	0.00725	0.00540	0.00674	0.00657	0.00785	0.00489	0.00486	0.00939	0.01412	0.01936	0.55895	0.11942	0.19126	0.01207	0.00639	0.00176	0.00263	0.01058	0.00563	0.00489
38	0.00654	0.00467	0.00623	0.00747	0.00779	0.00436	0.00498	0.00747	0.01028	0.01370	0.02959	0.80785	0.03550	0.01682	0.00685	0.00218	0.00311	0.01526	0.00498	0.00436
39	0.00757	0.00549	0.00714	0.00672	0.00800	0.00505	0.00504	0.01007	0.01513	0.02137	0.75863	0.04036	0.06715	0.01103	0.00633	0.00169	0.00254	0.00974	0.00589	0.00505
40	0.00654	0.00467	0.00623	0.00747	0.00779	0.00436	0.00498	0.00747	0.01028	0.01370	0.02959	0.80785	0.03550	0.01682	0.00685	0.00218	0.00311	0.01526	0.00498	0.00436
41	0.00709	0.00533	0.00657	0.00663	0.00785	0.00481	0.00488	0.00900	0.01338	0.01802	0.42237	0.19634	0.23506	0.01291	0.00646	0.00184	0.00275	0.02847	0.00546	0.00478
42	0.01077	0.02777	0.78354	0.01530	0.02323	0.01247	0.01983	0.01700	0.01133	0.01700	0.00963	0.01133	0.00680	0.00510	0.00510	0.00170	0.00793	0.00397	0.00227	0.00793
43	0.01113	0.00954	0.01113	0.00795	0.01272	0.00716	0.00636	0.01352	0.01113	0.01749	0.00954	0.01113	0.00795	0.00398	0.00398	0.00080	0.00398	0.00318	0.00318	0.84417
44	0.84927	0.01038	0.00789	0.00706	0.01038	0.01204	0.00581	0.01578	0.00914	0.02408	0.00747	0.00872	0.00581	0.00498	0.00332	0.00166	0.00415	0.00291	0.00332	0.00581
45	0.01358	0.01164	0.01227	0.01097	0.01405	0.01346	0.00855	0.05217	0.74416	0.02282	0.02156	0.01980	0.01615	0.00726	0.00546	0.00181	0.00430	0.00603	0.00546	0.00852
46	0.01113	0.00954	0.01113	0.00795	0.01272	0.00716	0.00636	0.01352	0.01113	0.01749	0.00954	0.01113	0.00795	0.00398	0.00398	0.00080	0.00398	0.00318	0.00318	0.84417
47	0.01215	0.01348	0.04546	0.01813	0.02090	0.01498	0.36216	0.01504	0.01040	0.01504	0.00891	0.01302	0.00755	0.00699	0.01197	0.00208	0.40721	0.00544	0.00252	0.00657
48	0.84927	0.01038	0.00789	0.00706	0.01038	0.01204	0.00581	0.01578	0.00914	0.02408	0.00747	0.00872	0.00581	0.00498	0.00332	0.00166	0.00415	0.00291	0.00332	0.00581
49	0.01985	0.01295	0.01451	0.01129	0.01517	0.01390	0.00922	0.54483	0.02165	0.17444	0.01476	0.01553	0.01070	0.05373	0.04024	0.00213	0.00597	0.00515	0.00539	0.00861
