[name]
unknown

[dist]
# distance from previous block
# <min> <max>
1	118

[block]
# block no. 0 follows, 43 sequences, length 18
# corresponding to MSA columns:
# 126-143
name=unknown_A
#
# <colnr> <probs for GDERKNQSTAVLIFYWHMCP>
#	G	D	E	R	K	N	Q	S	T	A	V	L	I	F	Y	W	H	M	C	P
0	0.01430	0.08684	0.24979	0.10872	0.07399	0.01362	0.03592	0.16183	0.03014	0.05625	0.01128	0.01287	0.00837	0.00546	0.00514	0.00158	0.00666	0.00442	0.00342	0.10940
1	0.09709	0.08649	0.24371	0.01437	0.11233	0.01209	0.02638	0.03005	0.03413	0.09920	0.01128	0.01250	0.00847	0.00516	0.00478	0.00148	0.00602	0.00410	0.00334	0.18703
2	0.01271	0.00933	0.04826	0.07689	0.01398	0.00865	0.00815	0.14979	0.01586	0.12478	0.23638	0.17247	0.07913	0.01036	0.00617	0.00184	0.00436	0.00893	0.00535	0.00663
3	0.01303	0.04121	0.24294	0.10549	0.06359	0.01397	0.33335	0.08484	0.01357	0.01875	0.01074	0.01360	0.00797	0.00513	0.00583	0.00178	0.00826	0.00533	0.00287	0.00776
4	0.00966	0.00583	0.00950	0.00869	0.00927	0.00584	0.06949	0.00843	0.00793	0.01069	0.01074	0.01837	0.01058	0.07065	0.09089	0.63632	0.00616	0.00527	0.00255	0.00314
5	0.00882	0.05979	0.07987	0.00818	0.01055	0.00716	0.00708	0.01150	0.01392	0.01958	0.46767	0.10336	0.05002	0.02556	0.00651	0.00177	0.00366	0.03221	0.00508	0.07771
6	0.01222	0.01063	0.01492	0.01358	0.13290	0.00879	0.07263	0.01494	0.01190	0.04043	0.01107	0.03776	0.00939	0.00479	0.00467	0.00111	0.00493	0.00429	0.00332	0.58573
7	0.00688	0.00496	0.00645	0.00746	0.00796	0.00460	0.00504	0.00799	0.01111	0.01482	0.09955	0.66240	0.08203	0.04117	0.00765	0.00228	0.00320	0.01473	0.00517	0.00454
8	0.01354	0.03845	0.18229	0.06607	0.04668	0.03357	0.35650	0.07649	0.02683	0.03185	0.01103	0.01375	0.00827	0.00531	0.00635	0.00178	0.03998	0.00540	0.00301	0.03286
9	0.09319	0.03112	0.08167	0.03797	0.11486	0.17601	0.01163	0.22606	0.05530	0.02241	0.01134	0.01277	0.00875	0.00609	0.00572	0.00165	0.04649	0.00445	0.04478	0.00773
10	0.01341	0.01427	0.01677	0.01450	0.01493	0.13263	0.01190	0.01466	0.00957	0.01336	0.00746	0.01180	0.00725	0.00909	0.01619	0.00227	0.67668	0.00465	0.00249	0.00611
11	0.01164	0.01016	0.01350	0.04712	0.01553	0.00846	0.07556	0.05016	0.01225	0.01833	0.01193	0.08047	0.01070	0.00549	0.00472	0.00113	0.00476	0.00482	0.00347	0.60979
12	0.00953	0.02872	0.00807	0.00711	0.00883	0.00582	0.00538	0.01153	0.01408	0.10376	0.39412	0.12796	0.20853	0.03305	0.00698	0.00191	0.00313	0.01031	0.00567	0.00549
13	0.00804	0.00539	0.00612	0.00610	0.00618	0.00536	0.00347	0.00820	0.00852	0.01144	0.06305	0.03655	0.02209	0.75712	0.02687	0.00515	0.00520	0.00817	0.00352	0.00347
14	0.01733	0.01260	0.01510	0.01472	0.13302	0.01359	0.01022	0.32896	0.17288	0.09945	0.01604	0.01696	0.01208	0.03998	0.02918	0.00205	0.00574	0.00546	0.04602	0.00860
15	0.06411	0.01472	0.09315	0.06296	0.08765	0.08318	0.01135	0.16405	0.09174	0.06050	0.01395	0.08605	0.01181	0.00733	0.00657	0.00177	0.07872	0.00569	0.00402	0.05070
16	0.03119	0.01044	0.01323	0.16770	0.03086	0.03302	0.00964	0.07666	0.10888	0.23718	0.07490	0.05461	0.02699	0.00739	0.00597	0.00174	0.03095	0.00608	0.00490	0.06769
17	0.11830	0.07833	0.01446	0.04503	0.08392	0.05190	0.02849	0.13895	0.08401	0.07253	0.02499	0.01746	0.03567	0.07539	0.00693	0.00191	0.00543	0.00516	0.05767	0.05347

[dist]
# distance from previous block
# <min> <max>
1	19

[block]
# block no. 1 follows, 43 sequences, length 9
# corresponding to MSA columns:
# 163-171
name=unknown_B
#
# <colnr> <probs for GDERKNQSTAVLIFYWHMCP>
#	G	D	E	R	K	N	Q	S	T	A	V	L	I	F	Y	W	H	M	C	P
0	0.20055	0.01054	0.01291	0.01059	0.02828	0.01047	0.07405	0.10806	0.01298	0.03554	0.03356	0.09140	0.03491	0.00776	0.02536	0.00173	0.03896	0.00559	0.00388	0.25287
1	0.17367	0.01128	0.02942	0.25941	0.14602	0.01195	0.03391	0.04952	0.06152	0.04222	0.01161	0.03946	0.00933	0.00579	0.00505	0.00168	0.00591	0.00488	0.00336	0.09401
2	0.13892	0.02263	0.01474	0.01305	0.01621	0.56582	0.01000	0.12305	0.01624	0.01815	0.00910	0.01031	0.00729	0.00576	0.00485	0.00150	0.00863	0.00368	0.00331	0.00678
3	0.09626	0.00620	0.00741	0.00795	0.00896	0.00621	0.00558	0.04629	0.01128	0.04530	0.02591	0.59279	0.02980	0.05188	0.02895	0.00247	0.00395	0.01286	0.00490	0.00505
4	0.01163	0.00701	0.00877	0.00850	0.01036	0.00663	0.00655	0.07882	0.01387	0.15383	0.07312	0.31640	0.15397	0.01331	0.00662	0.00205	0.00391	0.11315	0.00553	0.00598
5	0.02307	0.00918	0.01230	0.00960	0.01358	0.00811	0.00787	0.02577	0.04413	0.68209	0.05806	0.02008	0.01573	0.00708	0.00556	0.00171	0.00452	0.00580	0.03672	0.00904
6	0.01055	0.00630	0.00875	0.00827	0.00878	0.00687	0.00596	0.06892	0.00916	0.01262	0.01060	0.01689	0.01005	0.01964	0.10345	0.59811	0.05823	0.00496	0.02828	0.00358
7	0.01481	0.80869	0.02902	0.00948	0.01421	0.02191	0.00948	0.01658	0.01125	0.01303	0.00770	0.00888	0.00711	0.00474	0.00355	0.00118	0.00592	0.00296	0.00237	0.00711
8	0.47058	0.01037	0.01039	0.00884	0.01207	0.01152	0.00724	0.01936	0.06094	0.21412	0.04485	0.01394	0.01078	0.00641	0.00558	0.00179	0.07541	0.00433	0.00447	0.00702

[dist]
# distance from previous block
# <min> <max>
1	2

[block]
# block no. 2 follows, 43 sequences, length 27
# corresponding to MSA columns:
# 174-191,195-203
name=unknown_C
#
# <colnr> <probs for GDERKNQSTAVLIFYWHMCP>
#	G	D	E	R	K	N	Q	S	T	A	V	L	I	F	Y	W	H	M	C	P
0	0.22517	0.01432	0.01452	0.01139	0.01557	0.01600	0.00940	0.56989	0.02192	0.03241	0.01191	0.01223	0.00857	0.00627	0.00502	0.00167	0.00565	0.00449	0.00502	0.00857
1	0.01053	0.00994	0.01620	0.64688	0.03345	0.01261	0.01446	0.01374	0.01069	0.01403	0.01041	0.04987	0.00869	0.00666	0.00739	0.00195	0.11847	0.00540	0.00258	0.00606
2	0.00679	0.00488	0.00645	0.00762	0.00803	0.00454	0.00512	0.00784	0.01089	0.01453	0.06537	0.74651	0.05692	0.01698	0.00703	0.00222	0.00317	0.01537	0.00519	0.00454
3	0.00845	0.00623	0.00878	0.00863	0.00960	0.00710	0.00653	0.03891	0.00945	0.01341	0.01516	0.02359	0.01461	0.15423	0.63993	0.00809	0.01308	0.00621	0.00313	0.00488
4	0.01100	0.00627	0.00823	0.00763	0.00903	0.00602	0.00555	0.01262	0.01227	0.15789	0.25731	0.09358	0.02946	0.21979	0.13491	0.00384	0.00570	0.00849	0.00496	0.00543
5	0.00962	0.00481	0.00722	0.00722	0.00722	0.00481	0.00481	0.00722	0.00722	0.00962	0.00962	0.01684	0.00962	0.01924	0.02165	0.83886	0.00481	0.00481	0.00241	0.00241
6	0.01586	0.66864	0.02664	0.01033	0.01474	0.15819	0.00970	0.01757	0.01205	0.01312	0.00785	0.00908	0.00711	0.00491	0.00381	0.00123	0.00665	0.00307	0.00246	0.00698
7	0.01623	0.01237	0.01392	0.01065	0.01484	0.02351	0.02569	0.34974	0.03273	0.05681	0.01390	0.02708	0.02587	0.05487	0.00648	0.00162	0.00529	0.00494	0.00456	0.29891
8	0.03716	0.04745	0.19343	0.04905	0.08737	0.11638	0.01264	0.15402	0.04216	0.04159	0.09101	0.01617	0.01335	0.00857	0.05289	0.00211	0.01825	0.00509	0.00376	0.00756
9	0.09863	0.01551	0.14851	0.06320	0.21566	0.05580	0.03259	0.07292	0.03807	0.18646	0.01307	0.01410	0.00941	0.00571	0.00527	0.00170	0.00642	0.00475	0.00393	0.00827
10	0.09435	0.01138	0.01786	0.24383	0.10106	0.03177	0.15305	0.04345	0.02175	0.01747	0.01161	0.04472	0.00969	0.00827	0.05160	0.00223	0.06923	0.00551	0.05454	0.00662
11	0.08328	0.00602	0.00647	0.00643	0.00784	0.00602	0.00473	0.02725	0.01194	0.04747	0.09467	0.18443	0.03666	0.04234	0.00591	0.00177	0.00314	0.00790	0.41045	0.00526
12	0.00918	0.00554	0.00737	0.00782	0.00882	0.00507	0.00551	0.01056	0.01211	0.11043	0.14724	0.56848	0.05045	0.01502	0.00679	0.00209	0.00330	0.01348	0.00551	0.00523
13	0.01200	0.01203	0.01643	0.06777	0.01594	0.03741	0.01199	0.01338	0.00896	0.01343	0.00853	0.04784	0.00860	0.00964	0.01644	0.00235	0.68341	0.00531	0.00256	0.00600
14	0.01021	0.00913	0.01472	0.53723	0.02916	0.01126	0.02502	0.01323	0.01051	0.01418	0.01118	0.01709	0.00932	0.06455	0.08498	0.00280	0.07082	0.00527	0.05355	0.00579
15	0.00698	0.00533	0.00641	0.00677	0.00790	0.00476	0.00483	0.00855	0.01271	0.01664	0.24154	0.32921	0.29933	0.01453	0.00674	0.00198	0.00290	0.01274	0.00540	0.00476
16	0.06989	0.01625	0.12844	0.01234	0.01706	0.01511	0.01125	0.48745	0.06673	0.06955	0.01364	0.01381	0.00971	0.00641	0.00531	0.00168	0.00599	0.00485	0.03572	0.00883
17	0.00729	0.00539	0.00680	0.00697	0.00807	0.00491	0.00503	0.00919	0.01360	0.01851	0.42164	0.27820	0.16670	0.01363	0.00670	0.00192	0.00283	0.01206	0.00564	0.00491
18	0.01128	0.08963	0.02023	0.60013	0.03441	0.01351	0.12433	0.01493	0.01139	0.01457	0.00983	0.01421	0.00751	0.00533	0.00549	0.00178	0.00753	0.00497	0.00250	0.00644
19	0.00804	0.00646	0.00880	0.13926	0.01313	0.00701	0.00693	0.00934	0.01024	0.01348	0.02569	0.35486	0.11739	0.17709	0.01200	0.00279	0.06774	0.01096	0.00411	0.00469
20	0.37001	0.09105	0.06023	0.18363	0.01878	0.01378	0.00991	0.12542	0.01267	0.02218	0.00956	0.01154	0.00731	0.00547	0.00435	0.00167	0.00558	0.00387	0.03621	0.00675
21	0.01501	0.43901	0.25930	0.01177	0.01742	0.06428	0.01284	0.01825	0.01212	0.08981	0.00985	0.01081	0.00773	0.00517	0.00437	0.00143	0.00676	0.00361	0.00283	0.00763
22	0.09584	0.01021	0.01250	0.00942	0.01367	0.00894	0.05224	0.07440	0.01276	0.10123	0.01235	0.03443	0.01024	0.06026	0.00619	0.00149	0.00473	0.00449	0.00389	0.47073
23	0.01279	0.25320	0.32387	0.01311	0.04740	0.02749	0.01366	0.08854	0.01292	0.01738	0.01267	0.12876	0.01176	0.00704	0.00506	0.00164	0.00654	0.00561	0.00311	0.00743
24	0.09613	0.01029	0.01262	0.01086	0.07382	0.00912	0.00796	0.01634	0.01182	0.13237	0.01131	0.01257	0.00880	0.00507	0.00534	0.00122	0.05889	0.00384	0.00373	0.50791
25	0.04800	0.06568	0.08185	0.01164	0.01571	0.01409	0.01019	0.19635	0.27451	0.16220	0.01692	0.01622	0.01221	0.00682	0.00592	0.00176	0.04093	0.00524	0.00511	0.00866
26	0.06788	0.01432	0.01372	0.01202	0.04220	0.13194	0.00902	0.38965	0.01887	0.02491	0.01420	0.09325	0.01275	0.09874	0.00848	0.02391	0.00620	0.00605	0.00452	0.00736

[dist]
# distance from previous block
# <min> <max>
0	10

[block]
# block no. 3 follows, 43 sequences, length 51
# corresponding to MSA columns:
# 214-250,265-278
name=unknown_D
#
# <colnr> <probs for GDERKNQSTAVLIFYWHMCP>
#	G	D	E	R	K	N	Q	S	T	A	V	L	I	F	Y	W	H	M	C	P
0	0.00947	0.00668	0.00810	0.00750	0.00922	0.00634	0.00567	0.08380	0.01557	0.05165	0.44867	0.12812	0.17419	0.01187	0.00646	0.00181	0.00315	0.01031	0.00579	0.00563
1	0.00966	0.01210	0.19837	0.01008	0.01292	0.00818	0.00942	0.09902	0.01284	0.01759	0.05378	0.39682	0.05736	0.06591	0.00782	0.00223	0.00489	0.01065	0.00441	0.00596
2	0.05181	0.00985	0.01317	0.01028	0.01412	0.00934	0.00851	0.03932	0.01510	0.65907	0.01975	0.01774	0.01272	0.00707	0.00674	0.00178	0.08298	0.00540	0.00627	0.00897
3	0.02236	0.09857	0.01522	0.01038	0.01466	0.01151	0.00872	0.14350	0.06839	0.51915	0.01895	0.01698	0.01251	0.00663	0.00535	0.00166	0.00505	0.00524	0.00606	0.00912
4	0.01518	0.01165	0.01386	0.01342	0.11671	0.01235	0.00933	0.37172	0.04478	0.02664	0.16527	0.02385	0.08691	0.04472	0.00684	0.00187	0.00505	0.00676	0.01536	0.00773
5	0.01181	0.06496	0.01252	0.00842	0.01302	0.00886	0.00685	0.03849	0.05141	0.01831	0.01360	0.01467	0.05998	0.00508	0.00436	0.00100	0.00422	0.00404	0.00354	0.65488
6	0.01773	0.01289	0.01395	0.01102	0.01447	0.01399	0.00873	0.53217	0.03924	0.04082	0.01444	0.01853	0.01197	0.18158	0.01045	0.00245	0.00580	0.00564	0.00500	0.03913
7	0.01317	0.09575	0.20990	0.02706	0.51096	0.01395	0.01711	0.01709	0.01225	0.01746	0.01003	0.01273	0.00817	0.00500	0.00524	0.00163	0.00691	0.00453	0.00260	0.00846
8	0.01000	0.00781	0.00947	0.00934	0.03771	0.00804	0.00686	0.01627	0.22977	0.03374	0.41216	0.05203	0.08263	0.01044	0.00630	0.00184	0.00347	0.05001	0.00572	0.00639
9	0.00715	0.00508	0.00674	0.00782	0.00829	0.00481	0.00544	0.00833	0.01101	0.01473	0.08038	0.61711	0.03608	0.06994	0.00852	0.00246	0.00352	0.09297	0.00508	0.00454
10	0.01099	0.01096	0.02115	0.09390	0.08783	0.01067	0.34584	0.01450	0.01281	0.01728	0.09173	0.09563	0.04577	0.00836	0.00655	0.00196	0.00688	0.10696	0.00370	0.00654
11	0.01495	0.00914	0.01119	0.00871	0.01275	0.00753	0.00698	0.03489	0.02565	0.24128	0.01890	0.07296	0.06414	0.00700	0.00509	0.00135	0.00422	0.03069	0.00475	0.41782
12	0.01508	0.51991	0.12309	0.01092	0.01591	0.01928	0.01098	0.11843	0.08753	0.01761	0.01022	0.01102	0.00838	0.00534	0.00425	0.00139	0.00609	0.00371	0.00312	0.00773
13	0.01111	0.00831	0.00976	0.02372	0.02061	0.00835	0.00689	0.08140	0.15465	0.05725	0.21167	0.09142	0.14742	0.04011	0.00694	0.00193	0.00391	0.04659	0.00532	0.06264
14	0.01434	0.13583	0.19353	0.01541	0.04737	0.02428	0.21170	0.01816	0.01278	0.12510	0.03540	0.01412	0.01000	0.00529	0.00529	0.00156	0.00693	0.00490	0.00337	0.11463
15	0.00731	0.00554	0.00685	0.00741	0.00851	0.00507	0.00538	0.00907	0.02622	0.01592	0.13438	0.41527	0.21347	0.01498	0.00681	0.00207	0.00325	0.07805	0.00522	0.02921
16	0.14155	0.34587	0.04947	0.01149	0.01568	0.16370	0.06505	0.01849	0.05656	0.02834	0.00939	0.01068	0.00777	0.00527	0.00454	0.00144	0.02112	0.00368	0.00295	0.03694
17	0.00945	0.00680	0.00798	0.00741	0.00808	0.00719	0.00490	0.07164	0.00986	0.01344	0.01659	0.03098	0.02804	0.58141	0.09957	0.00505	0.04781	0.00730	0.00348	0.03305
18	0.05528	0.06622	0.12602	0.01081	0.01457	0.01076	0.06035	0.05742	0.10580	0.03143	0.21088	0.02429	0.06668	0.00790	0.00590	0.00168	0.02625	0.02412	0.00439	0.08927
19	0.00765	0.00561	0.00717	0.00687	0.00818	0.00513	0.00512	0.01006	0.01511	0.02107	0.65867	0.08252	0.12235	0.01191	0.00656	0.00178	0.00266	0.01048	0.00595	0.00513
20	0.01418	0.11636	0.01780	0.06561	0.01741	0.16628	0.09805	0.06605	0.11740	0.01763	0.08764	0.07043	0.01532	0.00758	0.00696	0.00176	0.09692	0.00603	0.00375	0.00685
21	0.01351	0.01265	0.01910	0.11861	0.19863	0.04139	0.10815	0.12674	0.01336	0.01835	0.01081	0.01457	0.00898	0.01098	0.11071	0.00280	0.15506	0.00521	0.00311	0.00727
22	0.00674	0.00560	0.00591	0.00605	0.00776	0.00477	0.00456	0.00822	0.01261	0.01528	0.08178	0.10493	0.65032	0.01421	0.00664	0.00193	0.00295	0.04984	0.00518	0.00471
23	0.01972	0.01451	0.05509	0.01202	0.01634	0.01481	0.01024	0.49564	0.11391	0.13296	0.01562	0.01518	0.01099	0.00670	0.00547	0.00169	0.00566	0.00518	0.03916	0.00910
24	0.00695	0.00539	0.00608	0.00635	0.00751	0.00479	0.00444	0.00819	0.01185	0.01501	0.12639	0.23495	0.40270	0.12258	0.00963	0.00243	0.00323	0.01200	0.00501	0.00451
25	0.02072	0.02532	0.01579	0.01412	0.01713	0.70730	0.01068	0.09441	0.01672	0.01567	0.00903	0.01032	0.00736	0.00580	0.00505	0.00145	0.00960	0.00371	0.00312	0.00672
26	0.02753	0.01075	0.01590	0.48368	0.10190	0.03843	0.02378	0.03121	0.07077	0.05965	0.04182	0.01761	0.04111	0.00628	0.00558	0.00180	0.00659	0.00547	0.00333	0.00679
27	0.01777	0.21535	0.01857	0.01228	0.01583	0.31152	0.01004	0.13536	0.15692	0.01855	0.01170	0.01230	0.00933	0.00605	0.00516	0.00151	0.02640	0.00418	0.00367	0.00749
28	0.84448	0.01071	0.00814	0.00728	0.01071	0.01242	0.00600	0.01628	0.00943	0.02485	0.00771	0.00900	0.00600	0.00514	0.00343	0.00171	0.00428	0.00300	0.00343	0.00600
29	0.01742	0.01456	0.05623	0.19633	0.02224	0.01551	0.01204	0.47895	0.08366	0.02811	0.01309	0.01418	0.00944	0.00639	0.00553	0.00173	0.00636	0.00503	0.00465	0.00853
30	0.02073	0.01121	0.01358	0.01078	0.01461	0.01137	0.00880	0.28926	0.04440	0.37497	0.01838	0.04647	0.01313	0.01063	0.08262	0.00243	0.00615	0.00580	0.00588	0.00877
31	0.00700	0.00507	0.00664	0.00757	0.00819	0.00471	0.00526	0.00832	0.01162	0.01555	0.14666	0.60316	0.08556	0.01611	0.00698	0.00216	0.00318	0.04633	0.00529	0.00465
32	0.00946	0.00596	0.00759	0.00793	0.00900	0.00567	0.00556	0.01162	0.06217	0.10127	0.09040	0.51081	0.05907	0.07584	0.00837	0.00235	0.00356	0.01273	0.00531	0.00532
33	0.00686	0.00496	0.00641	0.00743	0.00792	0.00460	0.00500	0.00793	0.01100	0.01461	0.08183	0.65990	0.09523	0.04855	0.00785	0.00231	0.00323	0.01472	0.00513	0.00452
34	0.01452	0.00906	0.03786	0.00876	0.01142	0.02848	0.00708	0.08511	0.01550	0.24316	0.30302	0.02987	0.06613	0.08934	0.02390	0.00223	0.00449	0.00765	0.00566	0.00678
35	0.84448	0.01071	0.00814	0.00728	0.01071	0.01242	0.00600	0.01628	0.00943	0.02485	0.00771	0.00900	0.00600	0.00514	0.00343	0.00171	0.00428	0.00300	0.00343	0.00600
36	0.01755	0.16553	0.09306	0.01183	0.01627	0.01609	0.01069	0.44316	0.01995	0.04925	0.01391	0.09235	0.01163	0.00724	0.00529	0.00164	0.00594	0.00562	0.00462	0.00836
37	0.17308	0.35485	0.10783	0.01073	0.01501	0.01755	0.01040	0.09002	0.06277	0.01869	0.00947	0.01078	0.00779	0.00574	0.00552	0.00157	0.08413	0.00371	0.00311	0.00726
38	0.45021	0.03033	0.01148	0.03367	0.01350	0.07281	0.00776	0.12601	0.03622	0.10729	0.01103	0.01238	0.00838	0.03457	0.00544	0.00183	0.02208	0.00400	0.00406	0.00693
39	0.00678	0.00496	0.00640	0.00753	0.00806	0.00457	0.00513	0.00784	0.01090	0.01430	0.03352	0.69329	0.12307	0.01690	0.00702	0.00221	0.00322	0.03462	0.00514	0.00454
40	0.01300	0.00867	0.01055	0.13153	0.01488	0.02408	0.00794	0.13729	0.01400	0.09420	0.01916	0.02482	0.06486	0.08881	0.07626	0.00268	0.00582	0.05614	0.19905	0.00624
41	0.00767	0.00562	0.00719	0.00686	0.00819	0.00514	0.00512	0.01009	0.01517	0.02116	0.66725	0.07331	0.12289	0.01184	0.00656	0.00178	0.00266	0.01041	0.00596	0.00514
42	0.00799	0.00578	0.00779	0.00886	0.00987	0.00558	0.00713	0.00995	0.01226	0.01607	0.08258	0.29572	0.08756	0.01559	0.00731	0.00235	0.00416	0.40340	0.00518	0.00489
43	0.01053	0.18355	0.01414	0.00963	0.01149	0.06425	0.00793	0.01234	0.00984	0.01292	0.01250	0.01796	0.01171	0.04769	0.50019	0.00627	0.05361	0.00511	0.00281	0.00554
44	0.00864	0.00539	0.00713	0.00777	0.00864	0.00494	0.00541	0.00990	0.01170	0.09026	0.10377	0.62183	0.06226	0.01559	0.00685	0.00213	0.00329	0.01402	0.00541	0.00506
45	0.01056	0.00808	0.01226	0.01075	0.01221	0.00902	0.08077	0.03962	0.01035	0.06543	0.01538	0.07543	0.01484	0.15160	0.34702	0.00555	0.11535	0.00681	0.00345	0.00553
46	0.40026	0.05685	0.17273	0.01097	0.04317	0.01288	0.01027	0.09004	0.01234	0.07470	0.00995	0.01101	0.00739	0.00533	0.00430	0.00163	0.00547	0.00369	0.00355	0.06347
47	0.03468	0.01099	0.01643	0.49926	0.07587	0.01307	0.01371	0.10531	0.01275	0.01743	0.01000	0.01388	0.00773	0.00593	0.00660	0.00179	0.08272	0.00476	0.00294	0.06417
48	0.01541	0.01171	0.01330	0.01279	0.08850	0.03817	0.00906	0.17190	0.28168	0.10153	0.09374	0.02220	0.04468	0.06145	0.00722	0.00200	0.00501	0.00639	0.00524	0.00803
49	0.10185	0.01504	0.01524	0.01200	0.01607	0.05530	0.00984	0.60033	0.02294	0.03170	0.01264	0.01316	0.00922	0.00786	0.03674	0.00194	0.00641	0.00476	0.01828	0.00868
50	0.01546	0.02509	0.08957	0.01325	0.08157	0.04213	0.01042	0.09966	0.30326	0.12750	0.08677	0.01912	0.01640	0.00700	0.00554	0.00172	0.00524	0.00578	0.00501	0.03951

[dist]
# distance from previous block
# <min> <max>
2	7

[block]
# block no. 4 follows, 43 sequences, length 18
# corresponding to MSA columns:
# 298-315
name=unknown_E
#
# <colnr> <probs for GDERKNQSTAVLIFYWHMCP>
#	G	D	E	R	K	N	Q	S	T	A	V	L	I	F	Y	W	H	M	C	P
0	0.01673	0.02747	0.01472	0.01287	0.05331	0.11532	0.04496	0.10732	0.29372	0.14540	0.09276	0.01934	0.01677	0.00713	0.00562	0.00173	0.00558	0.00591	0.00516	0.00819
1	0.05528	0.00713	0.00816	0.04514	0.01069	0.00706	0.00599	0.01331	0.10918	0.07319	0.15241	0.09869	0.31406	0.04547	0.02784	0.00219	0.00388	0.00949	0.00513	0.00572
2	0.00978	0.00775	0.00833	0.00753	0.00979	0.00756	0.00582	0.13805	0.06838	0.02022	0.16966	0.06042	0.44196	0.01191	0.00632	0.00182	0.00346	0.00996	0.00541	0.00587
3	0.01013	0.00520	0.00533	0.00530	0.00659	0.00517	0.00397	0.01272	0.01192	0.02077	0.07512	0.02222	0.01709	0.00682	0.00407	0.00132	0.00258	0.00553	0.77295	0.00517
4	0.01139	0.01042	0.01689	0.69825	0.07192	0.01270	0.01510	0.06853	0.01225	0.01587	0.01013	0.01461	0.00760	0.00559	0.00553	0.00182	0.00725	0.00493	0.00270	0.00652
5	0.01349	0.01081	0.01180	0.01046	0.01335	0.01205	0.00821	0.10777	0.48363	0.04246	0.15806	0.02551	0.04031	0.00847	0.00587	0.00184	0.00425	0.02794	0.00571	0.00801
6	0.01259	0.00812	0.01104	0.00926	0.01159	0.00798	0.04746	0.07043	0.01547	0.16738	0.38534	0.03266	0.11937	0.00993	0.00713	0.00180	0.06191	0.00840	0.00564	0.00648
7	0.01544	0.01221	0.01466	0.04125	0.11431	0.01300	0.01004	0.33542	0.12499	0.02532	0.01658	0.14210	0.01463	0.00800	0.00566	0.00171	0.00530	0.00674	0.00480	0.08783
8	0.00814	0.00576	0.00709	0.00675	0.00829	0.00516	0.00506	0.01032	0.01459	0.05131	0.50323	0.08210	0.24731	0.01218	0.00652	0.00180	0.00278	0.01058	0.00582	0.00521
9	0.61035	0.01034	0.00949	0.00802	0.01169	0.01120	0.00661	0.01934	0.01126	0.23904	0.01175	0.01181	0.00820	0.00563	0.00404	0.00171	0.00441	0.00373	0.00441	0.00698
10	0.14371	0.01385	0.01463	0.01133	0.01564	0.01495	0.00934	0.52481	0.02156	0.08912	0.01283	0.01293	0.00914	0.00623	0.00511	0.00160	0.00555	0.00459	0.00514	0.07794
11	0.01407	0.08927	0.18200	0.06770	0.03646	0.01413	0.31899	0.07369	0.01348	0.07382	0.01130	0.01367	0.00836	0.00533	0.00612	0.00175	0.03509	0.00525	0.00315	0.02639
12	0.00817	0.00662	0.00781	0.10921	0.01218	0.00633	0.00615	0.01074	0.05562	0.04183	0.07239	0.08252	0.53567	0.01236	0.00635	0.00188	0.00357	0.01042	0.00492	0.00528
13	0.00795	0.00594	0.00804	0.00814	0.00878	0.00657	0.00592	0.00923	0.00929	0.01296	0.02037	0.18057	0.06069	0.19603	0.36221	0.00589	0.05778	0.00856	0.02049	0.00457
14	0.01226	0.00957	0.02989	0.00873	0.01112	0.00925	0.00662	0.19264	0.05719	0.01938	0.01611	0.05629	0.01575	0.33081	0.01454	0.00307	0.00516	0.02374	0.03314	0.14474
15	0.22814	0.11638	0.01536	0.01150	0.03413	0.15721	0.00913	0.23050	0.08567	0.02354	0.01155	0.03315	0.00925	0.00618	0.00470	0.00161	0.00611	0.00437	0.00403	0.00749
16	0.25810	0.06198	0.06175	0.10007	0.13533	0.10337	0.02354	0.07147	0.02709	0.01966	0.00971	0.01206	0.00780	0.00738	0.04452	0.00205	0.03985	0.00414	0.00314	0.00698
17	0.12192	0.06207	0.07204	0.01455	0.08300	0.30859	0.01124	0.16030	0.05343	0.02021	0.01024	0.01150	0.00806	0.00589	0.00538	0.00160	0.03498	0.00408	0.00349	0.00742

[dist]
# distance from previous block
# <min> <max>
0	2

[block]
# block no. 5 follows, 43 sequences, length 27
# corresponding to MSA columns:
# 318-341,359-361
name=unknown_F
#
# <colnr> <probs for GDERKNQSTAVLIFYWHMCP>
#	G	D	E	R	K	N	Q	S	T	A	V	L	I	F	Y	W	H	M	C	P
0	0.01988	0.09059	0.01771	0.01391	0.03225	0.41249	0.03879	0.21895	0.03387	0.05453	0.01081	0.01168	0.00834	0.00591	0.00512	0.00151	0.00812	0.00419	0.00377	0.00757
1	0.22123	0.04832	0.01037	0.00813	0.01091	0.00926	0.00646	0.06182	0.01344	0.18830	0.19857	0.03806	0.03609	0.06793	0.00749	0.03395	0.00421	0.00627	0.00494	0.02426
2	0.00681	0.00564	0.00605	0.00617	0.00785	0.00476	0.00451	0.00817	0.01215	0.01493	0.04862	0.20862	0.58004	0.01427	0.00654	0.00190	0.00295	0.01216	0.00506	0.04280
3	0.01185	0.01073	0.01812	0.55524	0.12983	0.01260	0.06014	0.01559	0.02658	0.04979	0.01067	0.01481	0.00810	0.00572	0.00624	0.00185	0.04752	0.00508	0.00278	0.00677
4	0.01111	0.00815	0.00927	0.00863	0.01087	0.00839	0.00661	0.01794	0.28315	0.08660	0.18611	0.12109	0.18449	0.01088	0.00621	0.00189	0.00359	0.02268	0.00567	0.00667
5	0.00720	0.00516	0.00675	0.00787	0.00832	0.00490	0.00531	0.03127	0.01109	0.01479	0.02998	0.77680	0.03577	0.01701	0.00702	0.00223	0.00330	0.01540	0.00515	0.00465
6	0.01290	0.01481	0.04788	0.07248	0.07684	0.01382	0.64072	0.01746	0.01288	0.01753	0.01104	0.01478	0.00833	0.00475	0.00638	0.00185	0.00901	0.00628	0.00277	0.00749
7	0.01257	0.00686	0.00891	0.00778	0.00999	0.00622	0.00605	0.01533	0.03622	0.22821	0.48843	0.03552	0.09500	0.01020	0.00624	0.00175	0.00325	0.00882	0.00622	0.00644
8	0.01726	0.01250	0.04302	0.01105	0.01455	0.01270	0.00913	0.42410	0.05442	0.10526	0.01816	0.16987	0.01576	0.00875	0.00574	0.00177	0.00518	0.00720	0.05549	0.00812
9	0.00962	0.00481	0.00722	0.00722	0.00722	0.00481	0.00481	0.00722	0.00722	0.00962	0.00962	0.01684	0.00962	0.01924	0.02165	0.83886	0.00481	0.00481	0.00241	0.00241
10	0.01212	0.01212	0.01696	0.01454	0.01454	0.01696	0.01212	0.01333	0.00848	0.01333	0.00727	0.01212	0.00727	0.00969	0.01818	0.00242	0.79523	0.00485	0.00242	0.00606
11	0.01148	0.00984	0.01148	0.00820	0.01312	0.00738	0.00656	0.01395	0.01148	0.01805	0.00984	0.01148	0.00820	0.00410	0.00410	0.00082	0.00410	0.00328	0.00328	0.83922
12	0.01943	0.06851	0.01745	0.01536	0.01746	0.02957	0.01106	0.06241	0.01631	0.02312	0.02278	0.03305	0.02154	0.13996	0.40642	0.00752	0.04781	0.00866	0.02138	0.01020
13	0.01911	0.01406	0.01526	0.01189	0.01586	0.01542	0.00975	0.64313	0.02451	0.03304	0.12438	0.01743	0.01572	0.00734	0.00569	0.00167	0.00558	0.00573	0.00562	0.00880
14	0.01490	0.48094	0.05552	0.02829	0.01536	0.10288	0.01023	0.08259	0.01331	0.01580	0.01163	0.01755	0.01097	0.00661	0.00461	0.00149	0.00640	0.11085	0.00311	0.00697
15	0.02423	0.01970	0.01935	0.01747	0.02115	0.09179	0.01272	0.15663	0.41613	0.03137	0.04035	0.03118	0.03731	0.02909	0.00994	0.00353	0.00839	0.00874	0.00810	0.01282
16	0.01165	0.01127	0.01578	0.01390	0.01409	0.01540	0.01165	0.01306	0.00911	0.01381	0.01052	0.01953	0.01089	0.01052	0.01663	0.00244	0.67891	0.11212	0.00282	0.00592
17	0.00904	0.00818	0.00776	0.00827	0.00908	0.11930	0.00566	0.01008	0.01148	0.01420	0.07839	0.48116	0.07617	0.12314	0.00959	0.00250	0.00444	0.01225	0.00463	0.00469
18	0.65028	0.01324	0.12169	0.00876	0.01296	0.01211	0.00831	0.01740	0.01032	0.08920	0.00927	0.01025	0.00682	0.00531	0.00388	0.00172	0.00490	0.00338	0.00357	0.00662
19	0.00703	0.00563	0.00629	0.00612	0.00778	0.00488	0.00459	0.00889	0.01377	0.01769	0.32439	0.04880	0.49857	0.01301	0.00654	0.00182	0.00273	0.01106	0.00550	0.00488
20	0.00692	0.00498	0.00679	0.00789	0.00831	0.00486	0.00540	0.00803	0.01035	0.01395	0.02822	0.68692	0.03328	0.02091	0.12136	0.00323	0.00492	0.01430	0.00482	0.00456
21	0.01842	0.01375	0.01501	0.01220	0.01601	0.01519	0.01009	0.55942	0.10932	0.03084	0.01673	0.02139	0.01359	0.00802	0.00586	0.00182	0.00575	0.11239	0.00549	0.00871
22	0.01863	0.01391	0.01484	0.01164	0.01564	0.01520	0.00953	0.61454	0.05275	0.03151	0.01996	0.01947	0.12147	0.00777	0.00569	0.00170	0.00554	0.00602	0.00549	0.00869
23	0.01481	0.80869	0.02902	0.00948	0.01421	0.02191	0.00948	0.01658	0.01125	0.01303	0.00770	0.00888	0.00711	0.00474	0.00355	0.00118	0.00592	0.00296	0.00237	0.00711
24	0.12088	0.01230	0.01364	0.01094	0.01468	0.01334	0.00896	0.40086	0.03925	0.16509	0.01464	0.01522	0.01063	0.01166	0.11980	0.00275	0.00686	0.00502	0.00514	0.00832
25	0.00777	0.00552	0.00717	0.00701	0.00817	0.00512	0.00516	0.01014	0.01477	0.02096	0.63069	0.15252	0.04850	0.01202	0.00651	0.00180	0.00270	0.01067	0.03767	0.00512
26	0.00988	0.00683	0.00762	0.00714	0.00781	0.00705	0.00453	0.11760	0.01087	0.01452	0.01770	0.08352	0.01965	0.63564	0.02346	0.00462	0.00533	0.00811	0.00380	0.00432

[dist]
# distance from previous block
# <min> <max>
0	2

[block]
# block no. 6 follows, 43 sequences, length 6
# corresponding to MSA columns:
# 364-369
name=unknown_G
#
# <colnr> <probs for GDERKNQSTAVLIFYWHMCP>
#	G	D	E	R	K	N	Q	S	T	A	V	L	I	F	Y	W	H	M	C	P
0	0.01046	0.00984	0.01661	0.79205	0.03814	0.01230	0.01538	0.01415	0.01107	0.01415	0.00984	0.01477	0.00738	0.00554	0.00554	0.00185	0.00738	0.00492	0.00246	0.00615
1	0.00700	0.00510	0.00662	0.00757	0.00823	0.00472	0.00530	0.00831	0.01155	0.01535	0.12144	0.58795	0.11125	0.01616	0.00699	0.00217	0.00322	0.06115	0.00525	0.00464
2	0.00779	0.00535	0.00655	0.00679	0.00700	0.00544	0.00423	0.00827	0.00866	0.01170	0.01951	0.17786	0.02228	0.54116	0.13908	0.00532	0.00640	0.00918	0.00363	0.00381
3	0.01428	0.46053	0.02134	0.00997	0.01354	0.16975	0.00887	0.01589	0.01225	0.01351	0.01694	0.01762	0.15018	0.00694	0.00517	0.00143	0.04753	0.00482	0.00299	0.00646
4	0.00695	0.00498	0.00661	0.00757	0.00808	0.00464	0.00516	0.00823	0.01156	0.01565	0.16905	0.65890	0.03957	0.01622	0.00697	0.00215	0.00310	0.01467	0.00532	0.00464
5	0.02159	0.01465	0.01609	0.01233	0.01674	0.01590	0.01019	0.64961	0.02460	0.13968	0.01451	0.01408	0.01003	0.00668	0.00554	0.00167	0.00590	0.00507	0.00573	0.00942

[dist]
# distance from previous block
# <min> <max>
0	1

[block]
# block no. 7 follows, 43 sequences, length 15
# corresponding to MSA columns:
# 371,376-389
name=unknown_H
#
# <colnr> <probs for GDERKNQSTAVLIFYWHMCP>
#	G	D	E	R	K	N	Q	S	T	A	V	L	I	F	Y	W	H	M	C	P
0	0.06317	0.58171	0.02452	0.00997	0.01439	0.09758	0.00930	0.03799	0.01247	0.09149	0.00937	0.01013	0.00778	0.00513	0.00395	0.00131	0.00613	0.00334	0.00302	0.00727
1	0.01060	0.00680	0.00912	0.00961	0.05700	0.00620	0.00653	0.01271	0.03217	0.12656	0.16437	0.39154	0.04754	0.01245	0.00635	0.00190	0.00363	0.01110	0.00527	0.07856
2	0.11459	0.08403	0.37836	0.01154	0.01665	0.01112	0.01305	0.01470	0.01182	0.01808	0.10078	0.09266	0.06803	0.00799	0.00538	0.00178	0.00593	0.03326	0.00346	0.00679
3	0.01287	0.01410	0.07739	0.11588	0.05144	0.01295	0.40254	0.10597	0.01415	0.01914	0.02945	0.07710	0.02733	0.00639	0.00621	0.00185	0.00777	0.00682	0.00336	0.00730
4	0.01437	0.00975	0.01178	0.00856	0.01334	0.00755	0.00690	0.01676	0.01243	0.18128	0.01243	0.01307	0.00939	0.00470	0.00442	0.00101	0.00423	0.00377	0.00405	0.66019
5	0.01111	0.02865	0.77667	0.01579	0.02397	0.01286	0.02046	0.01754	0.01169	0.01754	0.00994	0.01169	0.00702	0.00526	0.00526	0.00175	0.00818	0.00409	0.00234	0.00818
6	0.01307	0.01494	0.03268	0.02334	0.02894	0.01401	0.75070	0.01774	0.01307	0.01774	0.01120	0.01494	0.00840	0.00467	0.00654	0.00187	0.00934	0.00654	0.00280	0.00747
7	0.01180	0.02767	0.73798	0.01548	0.02347	0.01262	0.01984	0.01802	0.01190	0.05588	0.01054	0.01206	0.00735	0.00534	0.00528	0.00175	0.00801	0.00417	0.00257	0.00825
8	0.00802	0.00581	0.00826	0.00826	0.00908	0.00658	0.00617	0.00966	0.00884	0.01274	0.01542	0.02433	0.01499	0.17810	0.62042	0.00800	0.01271	0.00629	0.03165	0.00467
9	0.00846	0.00674	0.00995	0.00964	0.01050	0.00823	0.00760	0.01034	0.00885	0.01292	0.01385	0.02050	0.01299	0.03739	0.68375	0.00806	0.11648	0.00579	0.00290	0.00509
10	0.00674	0.00487	0.00638	0.00759	0.00800	0.00451	0.00509	0.00773	0.01072	0.01419	0.03206	0.75681	0.08058	0.01715	0.00704	0.00223	0.00319	0.01550	0.00514	0.00451
11	0.01307	0.01494	0.03268	0.02334	0.02894	0.01401	0.75070	0.01774	0.01307	0.01774	0.01120	0.01494	0.00840	0.00467	0.00654	0.00187	0.00934	0.00654	0.00280	0.00747
12	0.01236	0.00981	0.01190	0.05707	0.01475	0.00774	0.00722	0.01487	0.01177	0.07086	0.01069	0.01220	0.00854	0.00438	0.00429	0.00095	0.00435	0.00354	0.00348	0.72922
13	0.04793	0.00996	0.10854	0.00875	0.01157	0.00769	0.00782	0.05791	0.03797	0.08741	0.39993	0.06186	0.11076	0.00998	0.00608	0.00177	0.00390	0.00851	0.00537	0.00629
14	0.03691	0.05319	0.38397	0.01435	0.03584	0.01209	0.07834	0.05930	0.01218	0.01766	0.01428	0.17891	0.01357	0.00809	0.00645	0.00188	0.05580	0.00680	0.00321	0.00719

[dist]
# distance from previous block
# <min> <max>
1	4

[block]
# block no. 8 follows, 43 sequences, length 66
# corresponding to MSA columns:
# 430-446,450-498
name=unknown_I
#
# <colnr> <probs for GDERKNQSTAVLIFYWHMCP>
#	G	D	E	R	K	N	Q	S	T	A	V	L	I	F	Y	W	H	M	C	P
0	0.10674	0.01089	0.01657	0.32073	0.10419	0.01265	0.06647	0.01474	0.01078	0.01652	0.00963	0.01347	0.00778	0.00604	0.00748	0.00180	0.15087	0.00467	0.03745	0.08052
1	0.01776	0.01953	0.01491	0.02770	0.06226	0.42394	0.01010	0.11453	0.09330	0.01780	0.01146	0.01369	0.00950	0.05838	0.00662	0.00173	0.00782	0.00441	0.00354	0.08103
2	0.02181	0.00987	0.01336	0.07964	0.01625	0.00940	0.00897	0.07195	0.01554	0.58029	0.02041	0.01879	0.03764	0.00704	0.00618	0.00174	0.04339	0.00560	0.00603	0.02609
3	0.09233	0.01170	0.01308	0.01054	0.01435	0.01226	0.00854	0.26014	0.16241	0.22570	0.06257	0.03233	0.01474	0.00710	0.00540	0.00170	0.00487	0.00564	0.00564	0.04898
4	0.01861	0.01282	0.01416	0.01130	0.01486	0.01384	0.00905	0.53364	0.02173	0.09912	0.01643	0.10599	0.01388	0.07890	0.00773	0.00206	0.00557	0.00654	0.00542	0.00832
5	0.00967	0.00638	0.00723	0.00680	0.00880	0.00567	0.00515	0.01182	0.04419	0.12026	0.11951	0.07361	0.46172	0.06512	0.00786	0.00210	0.00336	0.02991	0.00538	0.00547
6	0.01018	0.00628	0.00802	0.18351	0.01387	0.00690	0.00669	0.01297	0.01130	0.01863	0.01598	0.01939	0.01263	0.00872	0.05922	0.00195	0.00453	0.00516	0.58870	0.00537
7	0.01312	0.00990	0.01169	0.00854	0.01330	0.00778	0.00685	0.01620	0.04878	0.10480	0.01184	0.01278	0.00926	0.00458	0.00434	0.00097	0.00419	0.00369	0.00381	0.70357
8	0.00928	0.00601	0.00781	0.00722	0.00883	0.00548	0.00552	0.01177	0.01541	0.08800	0.63527	0.04074	0.09538	0.01121	0.00648	0.00177	0.00288	0.02931	0.00607	0.00556
9	0.10085	0.44913	0.02151	0.00961	0.01404	0.01684	0.00883	0.06792	0.02785	0.21797	0.01211	0.01206	0.00909	0.00552	0.00425	0.00142	0.00542	0.00385	0.00394	0.00780
10	0.00794	0.00532	0.00607	0.00619	0.00622	0.00529	0.00351	0.00802	0.00828	0.01104	0.01861	0.10430	0.02160	0.73530	0.02631	0.00509	0.00518	0.00874	0.00351	0.00346
11	0.01914	0.01364	0.01495	0.01170	0.01556	0.01488	0.00953	0.59849	0.02337	0.06808	0.08102	0.01728	0.01402	0.04202	0.02860	0.00203	0.00593	0.00562	0.00549	0.00866
12	0.00803	0.00546	0.00649	0.00649	0.00664	0.00561	0.00391	0.00834	0.00819	0.01107	0.01704	0.03398	0.01915	0.68601	0.14620	0.00592	0.00685	0.00772	0.00330	0.00360
13	0.84448	0.01071	0.00814	0.00728	0.01071	0.01242	0.00600	0.01628	0.00943	0.02485	0.00771	0.00900	0.00600	0.00514	0.00343	0.00171	0.00428	0.00300	0.00343	0.00600
14	0.69639	0.01168	0.02701	0.02334	0.01239	0.01296	0.00710	0.10751	0.01165	0.03578	0.00868	0.00983	0.00657	0.00536	0.00380	0.00171	0.00466	0.00334	0.00369	0.00652
15	0.01357	0.45258	0.26056	0.01297	0.01869	0.03677	0.08178	0.01703	0.01159	0.01489	0.00873	0.01043	0.00720	0.00505	0.00479	0.00146	0.02834	0.00371	0.00241	0.00743
16	0.01212	0.01212	0.01696	0.01454	0.01454	0.01696	0.01212	0.01333	0.00848	0.01333	0.00727	0.01212	0.00727	0.00969	0.01818	0.00242	0.79523	0.00485	0.00242	0.00606
17	0.00682	0.00487	0.00651	0.00779	0.00814	0.00456	0.00526	0.00783	0.01067	0.01421	0.03049	0.77842	0.03648	0.01729	0.00709	0.00226	0.00327	0.03840	0.00514	0.00452
18	0.00962	0.00481	0.00722	0.00722	0.00722	0.00481	0.00481	0.00722	0.00722	0.00962	0.00962	0.01684	0.00962	0.01924	0.02165	0.83886	0.00481	0.00481	0.00241	0.00241
19	0.01435	0.71330	0.12046	0.01025	0.01541	0.02081	0.01082	0.01670	0.01131	0.01358	0.00797	0.00923	0.00710	0.00480	0.00376	0.00125	0.00620	0.00310	0.00237	0.00724
20	0.01098	0.01018	0.01685	0.61328	0.14732	0.01213	0.01488	0.01492	0.03599	0.01522	0.01101	0.03148	0.00871	0.00578	0.00552	0.00181	0.00694	0.00520	0.02523	0.00658
21	0.00805	0.00537	0.00604	0.00604	0.00604	0.00537	0.00336	0.00805	0.00805	0.01074	0.01745	0.03624	0.02013	0.80536	0.02819	0.00537	0.00537	0.00805	0.00336	0.00336
22	0.01878	0.01439	0.01534	0.01228	0.01631	0.01611	0.00998	0.52690	0.25518	0.03124	0.01618	0.01559	0.01175	0.00692	0.00557	0.00173	0.00556	0.00538	0.00557	0.00922
23	0.00776	0.00566	0.00730	0.00689	0.00823	0.00519	0.00517	0.01030	0.01550	0.02178	0.72559	0.04208	0.09482	0.01148	0.00653	0.00175	0.00262	0.01012	0.00604	0.00519
24	0.00805	0.00537	0.00604	0.00604	0.00604	0.00537	0.00336	0.00805	0.00805	0.01074	0.01745	0.03624	0.02013	0.80536	0.02819	0.00537	0.00537	0.00805	0.00336	0.00336
25	0.00718	0.00558	0.00636	0.00625	0.00768	0.00494	0.00456	0.00890	0.01330	0.01732	0.32299	0.07576	0.40111	0.08348	0.00848	0.00215	0.00298	0.01088	0.00535	0.00476
26	0.00737	0.00505	0.00674	0.00778	0.00831	0.00470	0.00533	0.00853	0.01116	0.03537	0.08263	0.70653	0.03699	0.01658	0.00701	0.00221	0.00326	0.03449	0.00525	0.00470
27	0.00817	0.00540	0.00655	0.00655	0.00669	0.00554	0.00399	0.00824	0.00810	0.01094	0.01638	0.03245	0.01830	0.62635	0.13550	0.07998	0.00667	0.00746	0.00322	0.00350
28	0.03495	0.01572	0.01577	0.01250	0.01662	0.08277	0.01017	0.56442	0.10972	0.05970	0.01419	0.01400	0.01019	0.00665	0.00547	0.00167	0.00615	0.00500	0.00533	0.00902
29	0.01551	0.71488	0.02742	0.01005	0.01456	0.11320	0.00962	0.01725	0.01179	0.01309	0.00780	0.00902	0.00711	0.00485	0.00373	0.00121	0.00641	0.00303	0.00243	0.00702
30	0.84448	0.01071	0.00814	0.00728	0.01071	0.01242	0.00600	0.01628	0.00943	0.02485	0.00771	0.00900	0.00600	0.00514	0.00343	0.00171	0.00428	0.00300	0.00343	0.00600
31	0.02152	0.01413	0.01570	0.01209	0.01642	0.01518	0.00996	0.59764	0.02377	0.17820	0.01528	0.02901	0.01076	0.00689	0.00557	0.00168	0.00577	0.00530	0.00579	0.00933
32	0.00761	0.00603	0.00680	0.00665	0.00829	0.00549	0.00496	0.02768	0.04225	0.01802	0.28132	0.12140	0.41736	0.01305	0.00653	0.00186	0.00292	0.01118	0.00548	0.00511
33	0.00782	0.00578	0.00842	0.00854	0.00938	0.00657	0.00644	0.00953	0.00898	0.01278	0.01647	0.09241	0.01644	0.10823	0.64632	0.00799	0.01295	0.00700	0.00320	0.00476
34	0.00967	0.00645	0.00752	0.00680	0.00906	0.00548	0.00520	0.01151	0.01352	0.11583	0.20491	0.08091	0.40524	0.01178	0.00622	0.00175	0.00315	0.00998	0.00541	0.07961
35	0.00673	0.00489	0.00635	0.00752	0.00798	0.00451	0.00506	0.00773	0.01078	0.01421	0.03282	0.73473	0.10217	0.01705	0.00702	0.00222	0.00318	0.01538	0.00514	0.00451
36	0.01032	0.00516	0.00516	0.00516	0.00645	0.00516	0.00387	0.01290	0.01161	0.02065	0.01807	0.02065	0.01420	0.00645	0.00387	0.00129	0.00258	0.00516	0.83611	0.00516
37	0.01148	0.00984	0.01148	0.00820	0.01312	0.00738	0.00656	0.01395	0.01148	0.01805	0.00984	0.01148	0.00820	0.00410	0.00410	0.00082	0.00410	0.00328	0.00328	0.83922
38	0.00748	0.00565	0.00691	0.00659	0.00805	0.00507	0.00494	0.00976	0.01483	0.02020	0.57098	0.04467	0.25042	0.01207	0.00654	0.00178	0.00267	0.01048	0.00583	0.00507
39	0.00846	0.00580	0.00757	0.00705	0.00848	0.00533	0.00532	0.01103	0.01562	0.05073	0.72451	0.04076	0.06583	0.01121	0.00650	0.00174	0.00270	0.00988	0.00611	0.00537
40	0.01148	0.00984	0.01148	0.00820	0.01312	0.00738	0.00656	0.01395	0.01148	0.01805	0.00984	0.01148	0.00820	0.00410	0.00410	0.00082	0.00410	0.00328	0.00328	0.83922
41	0.00802	0.00538	0.00603	0.00603	0.00608	0.00535	0.00338	0.00805	0.00817	0.01084	0.01839	0.03666	0.03835	0.78611	0.02766	0.00528	0.00531	0.00814	0.00340	0.00339
42	0.80190	0.01076	0.00874	0.02600	0.03284	0.01244	0.00652	0.01625	0.00955	0.02441	0.00784	0.00926	0.00611	0.00514	0.00353	0.00171	0.00442	0.00310	0.00339	0.00608
43	0.09395	0.01487	0.01563	0.01210	0.01638	0.01650	0.00999	0.67163	0.02426	0.03372	0.01290	0.01307	0.00921	0.00651	0.00532	0.00166	0.00586	0.00481	0.02260	0.00903
44	0.00966	0.07836	0.00963	0.00787	0.00953	0.00709	0.00614	0.01190	0.03140	0.07329	0.29136	0.19714	0.09725	0.05244	0.00751	0.00208	0.00367	0.09291	0.00527	0.00548
45	0.00838	0.00610	0.00816	0.00800	0.00873	0.00689	0.00589	0.00981	0.00907	0.01314	0.01726	0.02638	0.05015	0.23976	0.42306	0.00650	0.06103	0.00663	0.08047	0.00460
46	0.01648	0.01596	0.01886	0.09847	0.35094	0.17080	0.01385	0.19336	0.01630	0.02077	0.01104	0.01390	0.00890	0.00576	0.00544	0.00164	0.00721	0.01874	0.00345	0.00812
47	0.05185	0.00746	0.01083	0.10802	0.08113	0.00818	0.00808	0.01176	0.00949	0.06344	0.01176	0.04581	0.01058	0.01270	0.01382	0.38367	0.07528	0.00525	0.07617	0.00473
48	0.01389	0.03956	0.46232	0.04969	0.07687	0.01207	0.03741	0.01922	0.03720	0.15297	0.01315	0.01527	0.00956	0.00592	0.00543	0.00176	0.00716	0.02893	0.00340	0.00823
49	0.01969	0.01358	0.01567	0.01234	0.01594	0.01519	0.01018	0.49619	0.02108	0.14611	0.01387	0.01445	0.01002	0.00897	0.04892	0.00216	0.11664	0.00511	0.00517	0.00871
50	0.00690	0.00555	0.00615	0.00615	0.00774	0.00480	0.00456	0.00859	0.01325	0.01679	0.24101	0.11609	0.51575	0.01361	0.00659	0.00187	0.00279	0.01161	0.00539	0.00480
51	0.02354	0.05006	0.16504	0.01157	0.03894	0.00841	0.06846	0.01194	0.01187	0.01655	0.11820	0.36250	0.02730	0.01178	0.00634	0.00199	0.00499	0.05037	0.00427	0.00590
52	0.01209	0.04859	0.68886	0.01534	0.02310	0.01349	0.01928	0.08284	0.01296	0.01896	0.01018	0.01176	0.00723	0.00537	0.00524	0.00173	0.00794	0.00414	0.00262	0.00827
53	0.00674	0.00541	0.00606	0.00653	0.00788	0.00472	0.00477	0.00807	0.01200	0.01479	0.04655	0.28897	0.49673	0.01514	0.00677	0.00203	0.00306	0.05399	0.00514	0.00464
54	0.00928	0.00652	0.00947	0.00906	0.01024	0.00741	0.00710	0.01131	0.01026	0.06424	0.11837	0.02365	0.01870	0.03307	0.57665	0.00703	0.06226	0.00640	0.00362	0.00535
55	0.05060	0.01996	0.15108	0.08671	0.15989	0.25553	0.01371	0.13139	0.04537	0.01927	0.01052	0.01230	0.00814	0.00566	0.00523	0.00163	0.00775	0.00434	0.00325	0.00768
56	0.01435	0.75594	0.02770	0.00944	0.01393	0.02093	0.00931	0.01614	0.01110	0.01302	0.00817	0.00973	0.00755	0.00716	0.05481	0.00169	0.00651	0.00316	0.00241	0.00697
57	0.02042	0.00851	0.01152	0.00942	0.01292	0.00748	0.00776	0.02264	0.01537	0.57403	0.11121	0.02766	0.04517	0.00859	0.00595	0.00182	0.00445	0.09031	0.00651	0.00828
58	0.06850	0.01674	0.08605	0.01540	0.01819	0.18348	0.15724	0.01646	0.01164	0.01558	0.01099	0.01552	0.02910	0.00752	0.01004	0.00198	0.28590	0.04031	0.00285	0.00652
59	0.01360	0.01143	0.03529	0.01277	0.01602	0.01180	0.12361	0.03890	0.34406	0.09374	0.06303	0.03954	0.03307	0.00845	0.00669	0.00195	0.04369	0.08962	0.00502	0.00772
