[name]
unknown

[dist]
# distance from previous block
# <min> <max>
27	130

[block]
# block no. 0 follows, 45 sequences, length 53
# corresponding to MSA columns:
# 188-224,226-241
name=unknown_A
#
# <colnr> <probs for GDERKNQSTAVLIFYWHMCP>
#	G	D	E	R	K	N	Q	S	T	A	V	L	I	F	Y	W	H	M	C	P
0	0.10769	0.01348	0.10896	0.02497	0.05152	0.05138	0.00991	0.19783	0.04576	0.16764	0.07747	0.05575	0.03096	0.00786	0.02347	0.00184	0.00560	0.00567	0.00465	0.00759
1	0.19551	0.13932	0.08756	0.01245	0.08097	0.03152	0.04653	0.10723	0.03821	0.10941	0.02620	0.02839	0.00967	0.00564	0.00459	0.00153	0.00552	0.00437	0.00374	0.06165
2	0.13662	0.05696	0.09617	0.02942	0.09479	0.08441	0.02958	0.20190	0.05897	0.08567	0.01230	0.01421	0.00946	0.00595	0.00495	0.00161	0.00605	0.03059	0.00396	0.03642
3	0.07236	0.10128	0.34837	0.01477	0.06591	0.02825	0.09278	0.03496	0.01248	0.16199	0.01165	0.01264	0.00827	0.00529	0.00501	0.00163	0.00682	0.00436	0.00332	0.00786
4	0.05711	0.00561	0.00782	0.00736	0.00813	0.00552	0.00518	0.01020	0.00830	0.12021	0.01091	0.01618	0.00970	0.01619	0.01780	0.67797	0.00462	0.00467	0.00300	0.00349
5	0.69039	0.01031	0.00881	0.03715	0.01185	0.01166	0.00643	0.01680	0.05088	0.06066	0.00911	0.01013	0.00691	0.00515	0.00365	0.00163	0.00428	0.00329	0.00356	0.04733
6	0.01319	0.01282	0.01974	0.02829	0.62718	0.05413	0.01464	0.01617	0.01241	0.01747	0.04365	0.01406	0.01022	0.00502	0.00520	0.00151	0.00615	0.00477	0.00286	0.09053
7	0.00760	0.00549	0.00718	0.00675	0.00802	0.00506	0.00506	0.01013	0.01519	0.02153	0.77503	0.04010	0.05065	0.01097	0.00633	0.00169	0.00253	0.00971	0.00591	0.00506
8	0.01852	0.01422	0.01695	0.12497	0.02016	0.01581	0.05157	0.61319	0.02249	0.03006	0.01230	0.01318	0.00879	0.00619	0.00542	0.00165	0.00626	0.00491	0.00480	0.00857
9	0.17112	0.00936	0.01164	0.00911	0.01311	0.00863	0.00752	0.02431	0.01425	0.64661	0.01874	0.01657	0.01196	0.00635	0.00503	0.00166	0.00449	0.00495	0.00605	0.00854
10	0.00760	0.00549	0.00718	0.00675	0.00802	0.00506	0.00506	0.01013	0.01519	0.02153	0.77503	0.04010	0.05065	0.01097	0.00633	0.00169	0.00253	0.00971	0.00591	0.00506
11	0.00654	0.00467	0.00623	0.00747	0.00779	0.00436	0.00498	0.00747	0.01028	0.01370	0.02959	0.80785	0.03550	0.01682	0.00685	0.00218	0.00311	0.01526	0.00498	0.00436
12	0.00781	0.00520	0.00585	0.00585	0.00585	0.00520	0.00325	0.00781	0.00781	0.01041	0.01691	0.03513	0.01952	0.81135	0.02732	0.00520	0.00520	0.00781	0.00325	0.00325
13	0.01435	0.81458	0.02813	0.00918	0.01378	0.02124	0.00918	0.01607	0.01091	0.01263	0.00746	0.00861	0.00689	0.00459	0.00344	0.00115	0.00574	0.00287	0.00230	0.00689
14	0.00865	0.00618	0.00865	0.00989	0.01112	0.00618	0.00865	0.01112	0.01236	0.01606	0.02842	0.06055	0.03089	0.01483	0.00741	0.00247	0.00494	0.74174	0.00494	0.00494
15	0.01435	0.81458	0.02813	0.00918	0.01378	0.02124	0.00918	0.01607	0.01091	0.01263	0.00746	0.00861	0.00689	0.00459	0.00344	0.00115	0.00574	0.00287	0.00230	0.00689
16	0.84927	0.01038	0.00789	0.00706	0.01038	0.01204	0.00581	0.01578	0.00914	0.02408	0.00747	0.00872	0.00581	0.00498	0.00332	0.00166	0.00415	0.00291	0.00332	0.00581
17	0.00760	0.00549	0.00718	0.00675	0.00802	0.00506	0.00506	0.01013	0.01519	0.02153	0.77503	0.04010	0.05065	0.01097	0.00633	0.00169	0.00253	0.00971	0.00591	0.00506
18	0.00654	0.00467	0.00623	0.00747	0.00779	0.00436	0.00498	0.00747	0.01028	0.01370	0.02959	0.80785	0.03550	0.01682	0.00685	0.00218	0.00311	0.01526	0.00498	0.00436
19	0.01001	0.00500	0.00500	0.00500	0.00625	0.00500	0.00375	0.01251	0.01126	0.02001	0.01751	0.02001	0.01376	0.00625	0.00375	0.00125	0.00250	0.00500	0.84115	0.00500
20	0.01814	0.22666	0.05642	0.01272	0.01620	0.55568	0.01054	0.01985	0.01392	0.01320	0.00815	0.00949	0.00690	0.00527	0.00450	0.00134	0.00859	0.00333	0.00262	0.00648
21	0.02041	0.01504	0.01611	0.01235	0.01665	0.01665	0.01020	0.75997	0.02524	0.03383	0.01289	0.01289	0.00913	0.00644	0.00537	0.00161	0.00591	0.00483	0.00537	0.00913
22	0.01077	0.02777	0.78354	0.01530	0.02323	0.01247	0.01983	0.01700	0.01133	0.01700	0.00963	0.01133	0.00680	0.00510	0.00510	0.00170	0.00793	0.00397	0.00227	0.00793
23	0.05322	0.15644	0.50757	0.01407	0.03394	0.04830	0.03149	0.01667	0.01130	0.01637	0.02330	0.01133	0.00766	0.00531	0.00533	0.00162	0.04232	0.00391	0.00243	0.00743
24	0.01050	0.00842	0.01046	0.08975	0.01398	0.00728	0.00698	0.04004	0.01150	0.03073	0.01483	0.19485	0.01459	0.00731	0.00485	0.00128	0.00412	0.00630	0.04057	0.48166
25	0.02041	0.01504	0.01611	0.01235	0.01665	0.01665	0.01020	0.75997	0.02524	0.03383	0.01289	0.01289	0.00913	0.00644	0.00537	0.00161	0.00591	0.00483	0.00537	0.00913
26	0.01014	0.00954	0.01610	0.79845	0.03697	0.01193	0.01491	0.01371	0.01073	0.01371	0.00954	0.01431	0.00716	0.00537	0.00537	0.00179	0.00716	0.00477	0.00239	0.00596
27	0.01063	0.08871	0.01750	0.23386	0.16400	0.01106	0.10635	0.01344	0.01136	0.01512	0.01546	0.16852	0.01539	0.00821	0.00575	0.00182	0.00603	0.08094	0.01957	0.00627
28	0.02408	0.00914	0.01246	0.00955	0.01370	0.00789	0.00789	0.02616	0.01536	0.78158	0.02118	0.01827	0.01329	0.00664	0.00540	0.00166	0.00457	0.00540	0.00664	0.00914
29	0.23306	0.00945	0.01130	0.00892	0.01286	0.00894	0.00736	0.02353	0.01379	0.58975	0.01771	0.01585	0.01139	0.00622	0.00487	0.00166	0.00446	0.00477	0.00580	0.00829
30	0.00755	0.00549	0.00711	0.00671	0.00799	0.00505	0.00503	0.01004	0.01509	0.02128	0.74935	0.04051	0.07649	0.01107	0.00633	0.00169	0.00254	0.00977	0.00588	0.00505
31	0.01460	0.64760	0.12173	0.01008	0.01506	0.01932	0.01049	0.04320	0.01169	0.05188	0.00861	0.00958	0.00727	0.00482	0.00382	0.00126	0.00596	0.00320	0.00262	0.00721
32	0.00736	0.00530	0.00696	0.00691	0.00797	0.00491	0.00505	0.00954	0.01410	0.01978	0.60859	0.21153	0.04727	0.01228	0.00645	0.00180	0.00266	0.01095	0.00570	0.00491
33	0.00781	0.00520	0.00585	0.00585	0.00585	0.00520	0.00325	0.00781	0.00781	0.01041	0.01691	0.03513	0.01952	0.81135	0.02732	0.00520	0.00520	0.00781	0.00325	0.00325
34	0.02217	0.02851	0.01348	0.02927	0.05583	0.00900	0.00865	0.02497	0.05260	0.65114	0.01974	0.01764	0.01277	0.00655	0.00559	0.00167	0.02014	0.00531	0.00608	0.00888
35	0.05197	0.02691	0.74542	0.01489	0.02260	0.01245	0.01914	0.01694	0.01123	0.01735	0.00953	0.01120	0.00675	0.00509	0.00501	0.00170	0.00775	0.00391	0.00232	0.00783
36	0.00866	0.00637	0.00904	0.01074	0.04861	0.00633	0.00865	0.01103	0.01219	0.01592	0.02818	0.11601	0.04646	0.01446	0.00724	0.00239	0.00482	0.63300	0.00483	0.00506
37	0.84927	0.01038	0.00789	0.00706	0.01038	0.01204	0.00581	0.01578	0.00914	0.02408	0.00747	0.00872	0.00581	0.00498	0.00332	0.00166	0.00415	0.00291	0.00332	0.00581
38	0.00761	0.00548	0.00717	0.00679	0.00797	0.00514	0.00504	0.00998	0.01450	0.02052	0.70029	0.03899	0.04732	0.05580	0.04200	0.00219	0.00320	0.00943	0.00563	0.00495
39	0.01312	0.09921	0.32351	0.01543	0.03862	0.04797	0.15942	0.06823	0.08722	0.03084	0.01117	0.01273	0.00838	0.00532	0.00544	0.00163	0.02329	0.00459	0.00302	0.04087
40	0.00838	0.00579	0.00748	0.00695	0.00839	0.00539	0.00525	0.01121	0.03551	0.05142	0.71043	0.03892	0.06280	0.01076	0.00627	0.00169	0.00266	0.00947	0.00591	0.00531
41	0.01329	0.01124	0.01219	0.04947	0.01493	0.01296	0.00870	0.02728	0.69664	0.03944	0.02195	0.02041	0.03280	0.00731	0.00548	0.00182	0.00436	0.00611	0.00533	0.00830
42	0.03532	0.00897	0.08486	0.00831	0.01099	0.00708	0.00720	0.01435	0.07026	0.10460	0.48268	0.03035	0.03526	0.00896	0.00578	0.00163	0.00357	0.00772	0.00532	0.06678
43	0.01243	0.32893	0.44397	0.01324	0.01967	0.03297	0.04789	0.01675	0.01131	0.01525	0.00882	0.01039	0.00690	0.00489	0.00451	0.00149	0.00718	0.00364	0.00231	0.00746
44	0.01435	0.81458	0.02813	0.00918	0.01378	0.02124	0.00918	0.01607	0.01091	0.01263	0.00746	0.00861	0.00689	0.00459	0.00344	0.00115	0.00574	0.00287	0.00230	0.00689
45	0.00781	0.00520	0.00585	0.00585	0.00585	0.00520	0.00325	0.00781	0.00781	0.01041	0.01691	0.03513	0.01952	0.81135	0.02732	0.00520	0.00520	0.00781	0.00325	0.00325
46	0.00760	0.00555	0.00675	0.00643	0.00792	0.00496	0.00483	0.00973	0.01419	0.03827	0.51836	0.05827	0.27383	0.01179	0.00632	0.00174	0.00265	0.01021	0.00562	0.00499
47	0.01113	0.00954	0.01113	0.00795	0.01272	0.00716	0.00636	0.01352	0.01113	0.01749	0.00954	0.01113	0.00795	0.00398	0.00398	0.00080	0.00398	0.00318	0.00318	0.84417
48	0.00780	0.00522	0.00594	0.00594	0.00597	0.00525	0.00335	0.00786	0.00783	0.01047	0.01684	0.03471	0.01933	0.78853	0.04990	0.00531	0.00548	0.00775	0.00324	0.00330
49	0.03188	0.00685	0.00899	0.00992	0.01140	0.00709	0.00856	0.01307	0.09132	0.01695	0.02717	0.05491	0.02870	0.01377	0.00710	0.00238	0.00485	0.64480	0.00495	0.00534
50	0.84927	0.01038	0.00789	0.00706	0.01038	0.01204	0.00581	0.01578	0.00914	0.02408	0.00747	0.00872	0.00581	0.00498	0.00332	0.00166	0.00415	0.00291	0.00332	0.00581
51	0.01272	0.01082	0.01167	0.01079	0.01358	0.01239	0.00852	0.02620	0.66708	0.02160	0.02273	0.02545	0.01833	0.00829	0.00572	0.00191	0.00434	0.10446	0.00539	0.00802
52	0.84927	0.01038	0.00789	0.00706	0.01038	0.01204	0.00581	0.01578	0.00914	0.02408	0.00747	0.00872	0.00581	0.00498	0.00332	0.00166	0.00415	0.00291	0.00332	0.00581

[dist]
# distance from previous block
# <min> <max>
0	2

[block]
# block no. 1 follows, 45 sequences, length 14
# corresponding to MSA columns:
# 244-257
name=unknown_B
#
# <colnr> <probs for GDERKNQSTAVLIFYWHMCP>
#	G	D	E	R	K	N	Q	S	T	A	V	L	I	F	Y	W	H	M	C	P
0	0.01077	0.02777	0.78354	0.01530	0.02323	0.01247	0.01983	0.01700	0.01133	0.01700	0.00963	0.01133	0.00680	0.00510	0.00510	0.00170	0.00793	0.00397	0.00227	0.00793
1	0.02326	0.00895	0.01219	0.00941	0.01342	0.00775	0.00775	0.02536	0.01536	0.74361	0.05884	0.01936	0.01515	0.00686	0.00544	0.00166	0.00447	0.00561	0.00661	0.00893
2	0.01803	0.02208	0.01570	0.04148	0.11858	0.61049	0.01110	0.01976	0.01424	0.01370	0.00897	0.01104	0.00755	0.00765	0.05528	0.00189	0.00946	0.00382	0.00275	0.00643
3	0.00781	0.00520	0.00585	0.00585	0.00585	0.00520	0.00325	0.00781	0.00781	0.01041	0.01691	0.03513	0.01952	0.81135	0.02732	0.00520	0.00520	0.00781	0.00325	0.00325
4	0.00654	0.00467	0.00623	0.00747	0.00779	0.00436	0.00498	0.00747	0.01028	0.01370	0.02959	0.80785	0.03550	0.01682	0.00685	0.00218	0.00311	0.01526	0.00498	0.00436
5	0.84927	0.01038	0.00789	0.00706	0.01038	0.01204	0.00581	0.01578	0.00914	0.02408	0.00747	0.00872	0.00581	0.00498	0.00332	0.00166	0.00415	0.00291	0.00332	0.00581
6	0.84927	0.01038	0.00789	0.00706	0.01038	0.01204	0.00581	0.01578	0.00914	0.02408	0.00747	0.00872	0.00581	0.00498	0.00332	0.00166	0.00415	0.00291	0.00332	0.00581
7	0.00760	0.00549	0.00718	0.00675	0.00802	0.00506	0.00506	0.01013	0.01519	0.02153	0.77503	0.04010	0.05065	0.01097	0.00633	0.00169	0.00253	0.00971	0.00591	0.00506
8	0.02408	0.00914	0.01246	0.00955	0.01370	0.00789	0.00789	0.02616	0.01536	0.78158	0.02118	0.01827	0.01329	0.00664	0.00540	0.00166	0.00457	0.00540	0.00664	0.00914
9	0.06906	0.01361	0.01568	0.17045	0.06365	0.04654	0.01110	0.44906	0.01961	0.07115	0.01202	0.01312	0.00865	0.00602	0.00522	0.00164	0.00615	0.00468	0.00446	0.00814
10	0.01076	0.00690	0.00971	0.01055	0.10657	0.00639	0.00692	0.01310	0.01423	0.13961	0.45795	0.11474	0.06054	0.01021	0.00611	0.00173	0.00341	0.00904	0.00549	0.00605
11	0.01223	0.01141	0.01919	0.02825	0.63301	0.01155	0.01448	0.01510	0.01151	0.01649	0.01101	0.01537	0.00969	0.04513	0.11982	0.00277	0.00748	0.00505	0.00271	0.00774
12	0.73645	0.01191	0.06618	0.00862	0.01241	0.01217	0.05307	0.01596	0.00951	0.02314	0.00784	0.00927	0.00603	0.00496	0.00364	0.00167	0.00473	0.00319	0.00321	0.00606
13	0.00746	0.00544	0.00701	0.00670	0.00795	0.00499	0.00499	0.00983	0.01474	0.02065	0.68760	0.08005	0.09959	0.01145	0.00636	0.00172	0.00257	0.01010	0.00580	0.00499

[dist]
# distance from previous block
# <min> <max>
0	1

[block]
# block no. 2 follows, 45 sequences, length 69
# corresponding to MSA columns:
# 259-279,282-329
name=unknown_C
#
# <colnr> <probs for GDERKNQSTAVLIFYWHMCP>
#	G	D	E	R	K	N	Q	S	T	A	V	L	I	F	Y	W	H	M	C	P
0	0.52103	0.26825	0.05187	0.00818	0.01207	0.01487	0.00759	0.01578	0.00980	0.01979	0.00775	0.00912	0.00639	0.00573	0.02284	0.00167	0.00509	0.00302	0.00293	0.00623
1	0.00791	0.00517	0.00593	0.00593	0.00593	0.00517	0.00335	0.00775	0.00775	0.01033	0.01640	0.03385	0.01882	0.75744	0.02689	0.06224	0.00517	0.00759	0.00319	0.00319
2	0.01642	0.53019	0.02353	0.01078	0.01479	0.25876	0.00960	0.05524	0.01296	0.01386	0.00799	0.00916	0.00701	0.00498	0.00397	0.00124	0.00697	0.00315	0.00260	0.00680
3	0.01191	0.00980	0.01113	0.00886	0.01268	0.00905	0.00699	0.03117	0.24852	0.03785	0.09767	0.01729	0.01542	0.00588	0.00476	0.00125	0.00395	0.00488	0.00431	0.45662
4	0.01158	0.15653	0.49612	0.01303	0.01922	0.04652	0.01540	0.01704	0.06314	0.01660	0.05200	0.01470	0.04405	0.00587	0.00496	0.00161	0.00687	0.00453	0.00282	0.00742
5	0.01977	0.01062	0.01463	0.01240	0.06676	0.01018	0.06617	0.15777	0.04686	0.43282	0.03716	0.03425	0.05117	0.00699	0.00556	0.00168	0.00510	0.00594	0.00566	0.00850
6	0.02341	0.00897	0.01218	0.00940	0.01338	0.00778	0.00770	0.02540	0.01505	0.74946	0.02100	0.01897	0.01355	0.04016	0.00631	0.00181	0.00459	0.00550	0.00650	0.00889
7	0.01329	0.01275	0.02179	0.03295	0.77787	0.01275	0.01647	0.01647	0.01222	0.01754	0.01010	0.01329	0.00850	0.00478	0.00531	0.00159	0.00638	0.00478	0.00266	0.00850
8	0.01356	0.01358	0.08721	0.08751	0.60420	0.01234	0.01607	0.01697	0.01225	0.06917	0.01077	0.01353	0.00858	0.00498	0.00531	0.00162	0.00645	0.00475	0.00287	0.00830
9	0.01028	0.00968	0.01635	0.76431	0.07001	0.01196	0.01498	0.01384	0.01080	0.01389	0.00957	0.01427	0.00722	0.00534	0.00536	0.00178	0.00712	0.00477	0.00240	0.00608
10	0.00781	0.00520	0.00585	0.00585	0.00585	0.00520	0.00325	0.00781	0.00781	0.01041	0.01691	0.03513	0.01952	0.81135	0.02732	0.00520	0.00520	0.00781	0.00325	0.00325
11	0.00781	0.00520	0.00585	0.00585	0.00585	0.00520	0.00325	0.00781	0.00781	0.01041	0.01691	0.03513	0.01952	0.81135	0.02732	0.00520	0.00520	0.00781	0.00325	0.00325
12	0.01102	0.06060	0.71209	0.01542	0.02308	0.01290	0.05794	0.01697	0.01138	0.01682	0.00960	0.01138	0.00687	0.00505	0.00509	0.00168	0.00790	0.00404	0.00229	0.00785
13	0.00640	0.00544	0.00552	0.00550	0.00728	0.00456	0.00412	0.00781	0.01237	0.01481	0.08652	0.05114	0.74335	0.01348	0.00634	0.00181	0.00271	0.01126	0.00503	0.00456
14	0.00767	0.00575	0.00863	0.00863	0.00959	0.00671	0.00671	0.00959	0.00863	0.01246	0.01438	0.02109	0.01342	0.04026	0.79008	0.00863	0.01438	0.00575	0.00288	0.00479
15	0.00650	0.00483	0.00607	0.00705	0.00768	0.00440	0.00480	0.00752	0.01068	0.01387	0.03470	0.65171	0.18833	0.01615	0.00675	0.00210	0.00303	0.01445	0.00498	0.00440
16	0.07086	0.44584	0.17922	0.01106	0.01609	0.01710	0.04440	0.07479	0.01216	0.04084	0.00949	0.02471	0.00797	0.01944	0.00460	0.00147	0.00615	0.00379	0.00282	0.00718
17	0.01329	0.01275	0.02179	0.03295	0.77787	0.01275	0.01647	0.01647	0.01222	0.01754	0.01010	0.01329	0.00850	0.00478	0.00531	0.00159	0.00638	0.00478	0.00266	0.00850
18	0.00768	0.00572	0.00848	0.00848	0.00939	0.00663	0.00653	0.00949	0.00858	0.01235	0.01451	0.02182	0.01374	0.08052	0.75025	0.00845	0.01390	0.00586	0.00290	0.00471
19	0.02408	0.00914	0.01246	0.00955	0.01370	0.00789	0.00789	0.02616	0.01536	0.78158	0.02118	0.01827	0.01329	0.00664	0.00540	0.00166	0.00457	0.00540	0.00664	0.00914
20	0.01269	0.01211	0.02059	0.02948	0.65431	0.01193	0.04607	0.01574	0.01205	0.01726	0.01143	0.06726	0.01030	0.00555	0.00539	0.00160	0.00614	0.00548	0.00285	0.05180
21	0.01108	0.00951	0.01125	0.00845	0.02812	0.00721	0.00654	0.01346	0.01114	0.01742	0.00995	0.02687	0.00850	0.00424	0.00406	0.00084	0.00401	0.00345	0.00321	0.81070
22	0.01804	0.19176	0.08589	0.01295	0.01659	0.54125	0.01095	0.03700	0.01419	0.01385	0.00835	0.00968	0.00695	0.00532	0.00458	0.00137	0.00861	0.00341	0.00268	0.00658
23	0.01997	0.01440	0.01547	0.01192	0.01606	0.01586	0.00983	0.70539	0.02431	0.05084	0.01331	0.01337	0.00946	0.00644	0.00529	0.00159	0.00571	0.00485	0.04701	0.00892
24	0.84927	0.01038	0.00789	0.00706	0.01038	0.01204	0.00581	0.01578	0.00914	0.02408	0.00747	0.00872	0.00581	0.00498	0.00332	0.00166	0.00415	0.00291	0.00332	0.00581
25	0.00639	0.00526	0.00563	0.00592	0.00738	0.00449	0.00429	0.00765	0.01177	0.01431	0.04846	0.23207	0.59909	0.01436	0.00647	0.00190	0.00281	0.01227	0.00498	0.00449
26	0.84927	0.01038	0.00789	0.00706	0.01038	0.01204	0.00581	0.01578	0.00914	0.02408	0.00747	0.00872	0.00581	0.00498	0.00332	0.00166	0.00415	0.00291	0.00332	0.00581
27	0.00778	0.00532	0.00643	0.00643	0.00662	0.00551	0.00397	0.00817	0.00798	0.01083	0.01639	0.03223	0.01826	0.65214	0.18481	0.00591	0.00710	0.00738	0.00317	0.00357
28	0.01208	0.00990	0.01150	0.00829	0.01301	0.00782	0.00666	0.06460	0.01220	0.03750	0.01006	0.01143	0.00816	0.00421	0.00411	0.00087	0.00412	0.00335	0.00341	0.76672
29	0.84927	0.01038	0.00789	0.00706	0.01038	0.01204	0.00581	0.01578	0.00914	0.02408	0.00747	0.00872	0.00581	0.00498	0.00332	0.00166	0.00415	0.00291	0.00332	0.00581
30	0.02408	0.00914	0.01246	0.00955	0.01370	0.00789	0.00789	0.02616	0.01536	0.78158	0.02118	0.01827	0.01329	0.00664	0.00540	0.00166	0.00457	0.00540	0.00664	0.00914
31	0.00673	0.00479	0.00635	0.00740	0.00773	0.00459	0.00494	0.00764	0.00994	0.01332	0.02742	0.68497	0.03258	0.09138	0.06036	0.00288	0.00405	0.01395	0.00468	0.00429
32	0.01166	0.13925	0.64441	0.01437	0.02162	0.04609	0.01793	0.01705	0.01143	0.01622	0.00927	0.01088	0.00682	0.00505	0.00485	0.00161	0.00769	0.00379	0.00229	0.00771
33	0.00653	0.00471	0.00619	0.00737	0.00776	0.00437	0.00494	0.00749	0.01037	0.01374	0.03082	0.77020	0.07235	0.01666	0.00683	0.00216	0.00309	0.01506	0.00498	0.00437
34	0.00669	0.00545	0.00591	0.00580	0.00746	0.00468	0.00435	0.00837	0.01304	0.01642	0.25109	0.04850	0.57778	0.01288	0.00634	0.00178	0.00267	0.01089	0.00524	0.00468
35	0.01239	0.01052	0.01238	0.01122	0.01376	0.04922	0.05935	0.12221	0.26033	0.02043	0.03993	0.10446	0.03963	0.01010	0.00619	0.00198	0.00508	0.20902	0.00494	0.00684
36	0.01319	0.01958	0.35368	0.01793	0.02428	0.01243	0.35144	0.01817	0.01241	0.10715	0.01155	0.01357	0.00817	0.00502	0.00569	0.00174	0.00804	0.00520	0.00298	0.00776
37	0.00984	0.00504	0.00515	0.00512	0.00637	0.00501	0.00384	0.01235	0.01152	0.02012	0.06903	0.02138	0.01627	0.00657	0.00393	0.00128	0.00250	0.00532	0.78434	0.00501
38	0.01329	0.01275	0.02179	0.03295	0.77787	0.01275	0.01647	0.01647	0.01222	0.01754	0.01010	0.01329	0.00850	0.00478	0.00531	0.00159	0.00638	0.00478	0.00266	0.00850
39	0.03365	0.01792	0.09497	0.14643	0.08527	0.22843	0.01242	0.25957	0.01695	0.03850	0.01057	0.01215	0.00792	0.00571	0.00515	0.00159	0.00734	0.00432	0.00359	0.00755
40	0.01786	0.01294	0.03436	0.07352	0.28850	0.08504	0.01210	0.09183	0.01471	0.27731	0.01479	0.01539	0.02522	0.00587	0.00532	0.00162	0.00605	0.00498	0.00430	0.00829
41	0.84927	0.01038	0.00789	0.00706	0.01038	0.01204	0.00581	0.01578	0.00914	0.02408	0.00747	0.00872	0.00581	0.00498	0.00332	0.00166	0.00415	0.00291	0.00332	0.00581
42	0.00654	0.00467	0.00623	0.00747	0.00779	0.00436	0.00498	0.00747	0.01028	0.01370	0.02959	0.80785	0.03550	0.01682	0.00685	0.00218	0.00311	0.01526	0.00498	0.00436
43	0.01329	0.01275	0.02179	0.03295	0.77787	0.01275	0.01647	0.01647	0.01222	0.01754	0.01010	0.01329	0.00850	0.00478	0.00531	0.00159	0.00638	0.00478	0.00266	0.00850
44	0.00862	0.00566	0.00745	0.00701	0.00838	0.00519	0.00525	0.01097	0.01474	0.07248	0.65379	0.11068	0.04669	0.01123	0.00632	0.00173	0.00273	0.00994	0.00587	0.00528
45	0.02408	0.00914	0.01246	0.00955	0.01370	0.00789	0.00789	0.02616	0.01536	0.78158	0.02118	0.01827	0.01329	0.00664	0.00540	0.00166	0.00457	0.00540	0.00664	0.00914
46	0.00753	0.00548	0.00709	0.00669	0.00798	0.00504	0.00502	0.01001	0.01505	0.02118	0.73916	0.04067	0.08674	0.01110	0.00633	0.00169	0.00254	0.00979	0.00586	0.00504
47	0.02326	0.00895	0.01219	0.00941	0.01342	0.00775	0.00775	0.02536	0.01536	0.74375	0.05871	0.01936	0.01515	0.00686	0.00544	0.00166	0.00447	0.00561	0.00661	0.00893
48	0.02041	0.01504	0.01611	0.01235	0.01665	0.01665	0.01020	0.75997	0.02524	0.03383	0.01289	0.01289	0.00913	0.00644	0.00537	0.00161	0.00591	0.00483	0.00537	0.00913
49	0.02041	0.01504	0.01611	0.01235	0.01665	0.01665	0.01020	0.75997	0.02524	0.03383	0.01289	0.01289	0.00913	0.00644	0.00537	0.00161	0.00591	0.00483	0.00537	0.00913
50	0.02408	0.00914	0.01246	0.00955	0.01370	0.00789	0.00789	0.02616	0.01536	0.78158	0.02118	0.01827	0.01329	0.00664	0.00540	0.00166	0.00457	0.00540	0.00664	0.00914
51	0.01435	0.81458	0.02813	0.00918	0.01378	0.02124	0.00918	0.01607	0.01091	0.01263	0.00746	0.00861	0.00689	0.00459	0.00344	0.00115	0.00574	0.00287	0.00230	0.00689
52	0.00980	0.00909	0.01519	0.72533	0.03427	0.01123	0.01399	0.01314	0.01069	0.01371	0.01139	0.08767	0.00978	0.00643	0.00550	0.00183	0.00678	0.00574	0.00263	0.00581
53	0.00669	0.00545	0.00592	0.00580	0.00746	0.00468	0.00435	0.00837	0.01305	0.01644	0.25339	0.04847	0.57546	0.01287	0.00634	0.00178	0.00267	0.01088	0.00524	0.00468
54	0.01329	0.01275	0.02179	0.03295	0.77787	0.01275	0.01647	0.01647	0.01222	0.01754	0.01010	0.01329	0.00850	0.00478	0.00531	0.00159	0.00638	0.00478	0.00266	0.00850
55	0.00760	0.00549	0.00718	0.00675	0.00802	0.00506	0.00506	0.01013	0.01519	0.02153	0.77503	0.04010	0.05065	0.01097	0.00633	0.00169	0.00253	0.00971	0.00591	0.00506
56	0.01471	0.70029	0.05109	0.01037	0.03300	0.08839	0.00981	0.01658	0.01133	0.01293	0.00767	0.00891	0.00693	0.00470	0.00367	0.00120	0.00617	0.00300	0.00235	0.00690
57	0.02408	0.00914	0.01246	0.00955	0.01370	0.00789	0.00789	0.02616	0.01536	0.78158	0.02118	0.01827	0.01329	0.00664	0.00540	0.00166	0.00457	0.00540	0.00664	0.00914
58	0.02005	0.02558	0.01521	0.01383	0.01659	0.78980	0.01037	0.02143	0.01521	0.01314	0.00830	0.00968	0.00691	0.00553	0.00484	0.00138	0.00968	0.00346	0.00277	0.00622
59	0.00654	0.00467	0.00623	0.00747	0.00779	0.00436	0.00498	0.00747	0.01028	0.01370	0.02959	0.80785	0.03550	0.01682	0.00685	0.00218	0.00311	0.01526	0.00498	0.00436
60	0.02295	0.00970	0.01328	0.01137	0.06840	0.00873	0.00862	0.05824	0.02967	0.67948	0.02003	0.01771	0.01282	0.00651	0.00539	0.00166	0.00475	0.00534	0.00628	0.00908
61	0.02408	0.00914	0.01246	0.00955	0.01370	0.00789	0.00789	0.02616	0.01536	0.78158	0.02118	0.01827	0.01329	0.00664	0.00540	0.00166	0.00457	0.00540	0.00664	0.00914
62	0.02397	0.00932	0.01257	0.00964	0.01380	0.00817	0.00796	0.04972	0.01568	0.75758	0.02091	0.01810	0.01315	0.00664	0.00540	0.00166	0.00461	0.00538	0.00660	0.00914
63	0.79174	0.01092	0.00814	0.00731	0.01056	0.04642	0.00597	0.01595	0.00946	0.02350	0.00776	0.00904	0.00606	0.00504	0.00340	0.00164	0.00436	0.00298	0.02395	0.00581
64	0.00661	0.00470	0.00621	0.00739	0.00768	0.00440	0.00489	0.00749	0.01015	0.01353	0.02892	0.76750	0.03467	0.05830	0.00792	0.00234	0.00322	0.01487	0.00489	0.00430
65	0.01225	0.01043	0.01282	0.00925	0.01400	0.00857	0.04833	0.09677	0.01279	0.01929	0.00999	0.01151	0.00809	0.00428	0.00426	0.00094	0.00447	0.00354	0.00340	0.70503
66	0.00831	0.00674	0.01031	0.00943	0.01110	0.00625	0.10955	0.02726	0.01218	0.02866	0.13939	0.38676	0.14589	0.01303	0.00655	0.00197	0.00398	0.04816	0.00481	0.01969
67	0.01815	0.01363	0.01520	0.01242	0.03077	0.01507	0.02677	0.47181	0.24786	0.06693	0.01590	0.01535	0.01149	0.00663	0.00542	0.00168	0.00542	0.00527	0.00535	0.00888
68	0.01040	0.00977	0.00930	0.00998	0.01130	0.16747	0.00795	0.01222	0.01240	0.01481	0.02509	0.24655	0.04203	0.01341	0.00671	0.00216	0.00540	0.38351	0.00450	0.00505

[dist]
# distance from previous block
# <min> <max>
0	26

[block]
# block no. 3 follows, 45 sequences, length 32
# corresponding to MSA columns:
# 356-387
name=unknown_D
#
# <colnr> <probs for GDERKNQSTAVLIFYWHMCP>
#	G	D	E	R	K	N	Q	S	T	A	V	L	I	F	Y	W	H	M	C	P
0	0.00781	0.00520	0.00585	0.00585	0.00585	0.00520	0.00325	0.00781	0.00781	0.01041	0.01691	0.03513	0.01952	0.81135	0.02732	0.00520	0.00520	0.00781	0.00325	0.00325
1	0.01435	0.81458	0.02813	0.00918	0.01378	0.02124	0.00918	0.01607	0.01091	0.01263	0.00746	0.00861	0.00689	0.00459	0.00344	0.00115	0.00574	0.00287	0.00230	0.00689
2	0.02345	0.00899	0.01225	0.00944	0.01348	0.00778	0.00778	0.02554	0.01536	0.75234	0.05018	0.01911	0.01473	0.00681	0.00543	0.00166	0.00449	0.00556	0.00662	0.00898
3	0.00644	0.00544	0.00557	0.00554	0.00731	0.00457	0.00415	0.00788	0.01245	0.01502	0.10787	0.05080	0.72187	0.01340	0.00634	0.00180	0.00271	0.01121	0.00505	0.00457
4	0.00755	0.00549	0.00711	0.00671	0.00799	0.00505	0.00503	0.01005	0.01509	0.02128	0.74997	0.04050	0.07586	0.01107	0.00633	0.00169	0.00254	0.00976	0.00588	0.00505
5	0.02012	0.01486	0.01595	0.01221	0.01652	0.01635	0.01008	0.73673	0.02480	0.03332	0.01278	0.01283	0.00909	0.00637	0.00533	0.00159	0.00585	0.00478	0.00530	0.03512
6	0.02408	0.00914	0.01246	0.00955	0.01370	0.00789	0.00789	0.02616	0.01536	0.78158	0.02118	0.01827	0.01329	0.00664	0.00540	0.00166	0.00457	0.00540	0.00664	0.00914
7	0.01435	0.81458	0.02813	0.00918	0.01378	0.02124	0.00918	0.01607	0.01091	0.01263	0.00746	0.00861	0.00689	0.00459	0.00344	0.00115	0.00574	0.00287	0.00230	0.00689
8	0.02155	0.00873	0.01174	0.00933	0.01298	0.00770	0.00756	0.04730	0.01514	0.65052	0.04776	0.10190	0.01678	0.00786	0.00558	0.00171	0.00439	0.00657	0.00640	0.00849
9	0.00781	0.00520	0.00585	0.00585	0.00585	0.00520	0.00325	0.00781	0.00781	0.01041	0.01691	0.03513	0.01952	0.81135	0.02732	0.00520	0.00520	0.00781	0.00325	0.00325
10	0.01100	0.02635	0.71193	0.01696	0.09417	0.01249	0.01952	0.01695	0.01142	0.01705	0.00968	0.01152	0.00696	0.00507	0.00512	0.00169	0.00779	0.00404	0.00230	0.00799
11	0.01861	0.02306	0.01597	0.07325	0.09827	0.65104	0.01135	0.02035	0.01457	0.01364	0.00858	0.01040	0.00710	0.00544	0.00493	0.00143	0.00915	0.00369	0.00273	0.00644
12	0.00654	0.00467	0.00623	0.00747	0.00779	0.00436	0.00498	0.00747	0.01028	0.01370	0.02959	0.80785	0.03550	0.01682	0.00685	0.00218	0.00311	0.01526	0.00498	0.00436
13	0.01329	0.01275	0.02179	0.03295	0.77787	0.01275	0.01647	0.01647	0.01222	0.01754	0.01010	0.01329	0.00850	0.00478	0.00531	0.00159	0.00638	0.00478	0.00266	0.00850
14	0.01113	0.00954	0.01113	0.00795	0.01272	0.00716	0.00636	0.01352	0.01113	0.01749	0.00954	0.01113	0.00795	0.00398	0.00398	0.00080	0.00398	0.00318	0.00318	0.84417
15	0.02384	0.00953	0.01270	0.00974	0.01390	0.00847	0.00804	0.07486	0.01602	0.73196	0.02063	0.01791	0.01301	0.00663	0.00540	0.00166	0.00466	0.00536	0.00656	0.00913
16	0.01113	0.00954	0.01113	0.00795	0.01272	0.00716	0.00636	0.01352	0.01113	0.01749	0.00954	0.01113	0.00795	0.00398	0.00398	0.00080	0.00398	0.00318	0.00318	0.84417
17	0.01435	0.81458	0.02813	0.00918	0.01378	0.02124	0.00918	0.01607	0.01091	0.01263	0.00746	0.00861	0.00689	0.00459	0.00344	0.00115	0.00574	0.00287	0.00230	0.00689
18	0.00634	0.00544	0.00544	0.00544	0.00725	0.00453	0.00408	0.00770	0.01224	0.01450	0.05438	0.05166	0.77569	0.01359	0.00634	0.00181	0.00272	0.01133	0.00498	0.00453
19	0.00781	0.00520	0.00585	0.00585	0.00585	0.00520	0.00325	0.00781	0.00781	0.01041	0.01691	0.03513	0.01952	0.81135	0.02732	0.00520	0.00520	0.00781	0.00325	0.00325
20	0.00652	0.00476	0.00614	0.00725	0.00773	0.00438	0.00488	0.00750	0.01049	0.01379	0.03233	0.72416	0.11742	0.01646	0.00680	0.00214	0.00307	0.01482	0.00498	0.00438
21	0.02383	0.00954	0.01271	0.00974	0.01390	0.00849	0.00805	0.07623	0.01604	0.73056	0.02061	0.01790	0.01300	0.00663	0.00540	0.00166	0.00466	0.00536	0.00656	0.00913
22	0.02408	0.00914	0.01246	0.00955	0.01370	0.00789	0.00789	0.02616	0.01536	0.78158	0.02118	0.01827	0.01329	0.00664	0.00540	0.00166	0.00457	0.00540	0.00664	0.00914
23	0.02097	0.01412	0.01555	0.01192	0.01619	0.01529	0.00985	0.64660	0.02371	0.14936	0.01417	0.01372	0.00977	0.00647	0.00537	0.00162	0.00570	0.00492	0.00557	0.00913
24	0.01336	0.01323	0.02107	0.10665	0.64377	0.05802	0.03283	0.01651	0.01226	0.01690	0.00995	0.01320	0.00827	0.00488	0.00531	0.00161	0.00671	0.00474	0.00264	0.00809
25	0.01293	0.01055	0.00960	0.00847	0.01106	0.12369	0.00658	0.13089	0.04536	0.10119	0.03419	0.05283	0.38227	0.01009	0.00575	0.00169	0.00452	0.00817	0.03400	0.00618
26	0.00654	0.00467	0.00623	0.00747	0.00779	0.00436	0.00498	0.00747	0.01028	0.01370	0.02959	0.80785	0.03550	0.01682	0.00685	0.00218	0.00311	0.01526	0.00498	0.00436
27	0.28864	0.25373	0.03280	0.01023	0.01388	0.26640	0.00873	0.04278	0.01221	0.01734	0.00796	0.00919	0.00662	0.00510	0.00396	0.00142	0.00655	0.00316	0.00289	0.00642
28	0.00745	0.00540	0.00702	0.00678	0.00797	0.00498	0.00502	0.00978	0.01460	0.02050	0.67553	0.11797	0.07354	0.01165	0.00638	0.00174	0.00260	0.01032	0.00578	0.00498
29	0.01203	0.11797	0.01352	0.00841	0.01291	0.00972	0.00696	0.06493	0.03094	0.01792	0.01144	0.02840	0.02988	0.00484	0.00416	0.00098	0.00430	0.00379	0.00335	0.61354
30	0.01234	0.01059	0.01235	0.00980	0.01375	0.01016	0.03623	0.06003	0.29947	0.02028	0.03274	0.01639	0.03135	0.00578	0.00482	0.00131	0.00432	0.00484	0.00425	0.40919
31	0.06047	0.12212	0.01764	0.03498	0.01677	0.09150	0.03656	0.45678	0.04410	0.02632	0.01138	0.01209	0.00852	0.00605	0.00537	0.00157	0.03089	0.00443	0.00433	0.00810

[dist]
# distance from previous block
# <min> <max>
0	1

[block]
# block no. 4 follows, 45 sequences, length 58
# corresponding to MSA columns:
# 389-398,406-453
name=unknown_E
#
# <colnr> <probs for GDERKNQSTAVLIFYWHMCP>
#	G	D	E	R	K	N	Q	S	T	A	V	L	I	F	Y	W	H	M	C	P
0	0.01080	0.02595	0.70063	0.01574	0.03931	0.01226	0.05630	0.01674	0.01156	0.01719	0.03790	0.01259	0.00852	0.00528	0.00521	0.00170	0.00776	0.00431	0.00243	0.00781
1	0.01001	0.00500	0.00500	0.00500	0.00625	0.00500	0.00375	0.01251	0.01126	0.02001	0.01751	0.02001	0.01376	0.00625	0.00375	0.00125	0.00250	0.00500	0.84115	0.00500
2	0.00671	0.00540	0.00598	0.00595	0.00750	0.00467	0.00442	0.00838	0.01294	0.01644	0.25705	0.09936	0.52021	0.01307	0.00637	0.00180	0.00269	0.01113	0.00525	0.00467
3	0.00760	0.00549	0.00718	0.00675	0.00802	0.00506	0.00506	0.01013	0.01519	0.02153	0.77503	0.04010	0.05065	0.01097	0.00633	0.00169	0.00253	0.00971	0.00591	0.00506
4	0.00640	0.00544	0.00552	0.00550	0.00729	0.00456	0.00413	0.00782	0.01238	0.01484	0.08894	0.05111	0.74092	0.01347	0.00634	0.00181	0.00271	0.01125	0.00503	0.00456
5	0.01077	0.02777	0.78354	0.01530	0.02323	0.01247	0.01983	0.01700	0.01133	0.01700	0.00963	0.01133	0.00680	0.00510	0.00510	0.00170	0.00793	0.00397	0.00227	0.00793
6	0.01435	0.81458	0.02813	0.00918	0.01378	0.02124	0.00918	0.01607	0.01091	0.01263	0.00746	0.00861	0.00689	0.00459	0.00344	0.00115	0.00574	0.00287	0.00230	0.00689
7	0.02408	0.00914	0.01246	0.00955	0.01370	0.00789	0.00789	0.02616	0.01536	0.78158	0.02118	0.01827	0.01329	0.00664	0.00540	0.00166	0.00457	0.00540	0.00664	0.00914
8	0.00660	0.00473	0.00635	0.00753	0.00788	0.00448	0.00507	0.00758	0.01019	0.01364	0.02880	0.76716	0.03436	0.01803	0.04735	0.00251	0.00370	0.01477	0.00487	0.00438
9	0.02408	0.00914	0.01246	0.00955	0.01370	0.00789	0.00789	0.02616	0.01536	0.78158	0.02118	0.01827	0.01329	0.00664	0.00540	0.00166	0.00457	0.00540	0.00664	0.00914
10	0.84927	0.01038	0.00789	0.00706	0.01038	0.01204	0.00581	0.01578	0.00914	0.02408	0.00747	0.00872	0.00581	0.00498	0.00332	0.00166	0.00415	0.00291	0.00332	0.00581
11	0.00749	0.00545	0.00705	0.00671	0.00797	0.00501	0.00501	0.00991	0.01486	0.02088	0.71062	0.06866	0.08759	0.01132	0.00635	0.00171	0.00256	0.00999	0.00583	0.00501
12	0.01267	0.01448	0.03167	0.02262	0.02805	0.01357	0.75837	0.01719	0.01267	0.01719	0.01086	0.01448	0.00814	0.00452	0.00633	0.00181	0.00905	0.00633	0.00271	0.00724
13	0.02408	0.00914	0.01246	0.00955	0.01370	0.00789	0.00789	0.02616	0.01536	0.78158	0.02118	0.01827	0.01329	0.00664	0.00540	0.00166	0.00457	0.00540	0.00664	0.00914
14	0.02408	0.00914	0.01246	0.00955	0.01370	0.00789	0.00789	0.02616	0.01536	0.78158	0.02118	0.01827	0.01329	0.00664	0.00540	0.00166	0.00457	0.00540	0.00664	0.00914
15	0.01274	0.01302	0.03420	0.14109	0.49309	0.05414	0.09816	0.01598	0.01210	0.01650	0.01097	0.05324	0.00951	0.00549	0.00548	0.00167	0.00683	0.00539	0.00274	0.00765
16	0.02390	0.00942	0.01264	0.00969	0.01385	0.00832	0.00800	0.06202	0.01585	0.74505	0.02077	0.01801	0.01308	0.00663	0.00540	0.00166	0.00463	0.00537	0.00658	0.00913
17	0.02408	0.00914	0.01246	0.00955	0.01370	0.00789	0.00789	0.02616	0.01536	0.78158	0.02118	0.01827	0.01329	0.00664	0.00540	0.00166	0.00457	0.00540	0.00664	0.00914
18	0.17764	0.01634	0.13150	0.06134	0.18550	0.11589	0.17112	0.01693	0.01173	0.01769	0.00928	0.01187	0.00731	0.00513	0.00554	0.00168	0.03924	0.00444	0.00273	0.00708
19	0.00855	0.00615	0.00851	0.00969	0.01095	0.00611	0.00845	0.01097	0.01235	0.01600	0.02955	0.06016	0.06333	0.01477	0.00737	0.00244	0.00485	0.70993	0.00494	0.00492
20	0.01014	0.00954	0.01610	0.79845	0.03697	0.01193	0.01491	0.01371	0.01073	0.01371	0.00954	0.01431	0.00716	0.00537	0.00537	0.00179	0.00716	0.00477	0.00239	0.00596
21	0.01001	0.00500	0.00500	0.00500	0.00625	0.00500	0.00375	0.01251	0.01126	0.02001	0.01751	0.02001	0.01376	0.00625	0.00375	0.00125	0.00250	0.00500	0.84115	0.00500
22	0.00639	0.00544	0.00550	0.00549	0.00728	0.00455	0.00411	0.00779	0.01234	0.01476	0.08093	0.05123	0.74898	0.01350	0.00634	0.00181	0.00271	0.01127	0.00502	0.00455
23	0.06473	0.00937	0.01222	0.00947	0.01348	0.00845	0.00780	0.06300	0.01556	0.67720	0.04752	0.01831	0.01406	0.00671	0.00533	0.00166	0.00454	0.00540	0.00638	0.00882
24	0.00753	0.00546	0.00710	0.00674	0.00799	0.00503	0.00504	0.00999	0.01498	0.02112	0.73497	0.06277	0.06865	0.01121	0.00635	0.00171	0.00255	0.00991	0.00586	0.00503
25	0.01332	0.01159	0.01402	0.05388	0.14458	0.01304	0.01026	0.06010	0.53550	0.02147	0.01909	0.01993	0.01484	0.00704	0.00551	0.00180	0.00486	0.03613	0.00481	0.00825
26	0.01335	0.01153	0.01214	0.01092	0.01396	0.01335	0.00850	0.02852	0.76817	0.02245	0.02185	0.02003	0.01639	0.00728	0.00546	0.00182	0.00425	0.00607	0.00546	0.00850
27	0.01407	0.01189	0.01254	0.01107	0.01423	0.01369	0.00867	0.10343	0.69209	0.02362	0.02093	0.01930	0.01564	0.00720	0.00545	0.00180	0.00442	0.00594	0.00545	0.00856
28	0.00657	0.00471	0.00620	0.00737	0.00772	0.00439	0.00491	0.00749	0.01027	0.01364	0.02996	0.76476	0.05664	0.03837	0.00739	0.00225	0.00316	0.01494	0.00494	0.00433
29	0.03636	0.07406	0.09404	0.01231	0.02956	0.01545	0.01079	0.49210	0.07268	0.07536	0.01307	0.01313	0.00938	0.00614	0.00514	0.00159	0.00584	0.00465	0.00479	0.02356
30	0.05057	0.07681	0.63064	0.01398	0.02103	0.01258	0.01740	0.01707	0.01131	0.05527	0.01014	0.01174	0.00733	0.00643	0.03385	0.00192	0.00768	0.00398	0.00256	0.00771
31	0.01362	0.24853	0.40577	0.01221	0.01836	0.01392	0.01415	0.01772	0.01186	0.12415	0.02727	0.01215	0.00875	0.00525	0.00464	0.00149	0.00653	0.00394	0.00302	0.04665
32	0.01406	0.01085	0.05656	0.07053	0.08996	0.01038	0.00949	0.05595	0.24951	0.17349	0.05788	0.02380	0.13857	0.00780	0.00559	0.00174	0.00470	0.00655	0.00495	0.00764
33	0.00653	0.00469	0.00620	0.00741	0.00777	0.00437	0.00496	0.00748	0.01034	0.01373	0.03034	0.78473	0.05813	0.01672	0.00684	0.00217	0.00310	0.01514	0.00498	0.00437
34	0.01424	0.01285	0.05858	0.02218	0.31561	0.02352	0.18520	0.04561	0.02956	0.12069	0.01429	0.03596	0.01193	0.00636	0.00579	0.00176	0.00660	0.07782	0.00363	0.00782
35	0.01513	0.09379	0.15665	0.01482	0.05534	0.03855	0.16631	0.12696	0.06490	0.11608	0.03471	0.01427	0.01033	0.00556	0.00526	0.00158	0.00654	0.00493	0.00378	0.06450
36	0.13156	0.00998	0.03994	0.00943	0.01362	0.00860	0.00805	0.02447	0.01440	0.65463	0.01896	0.01677	0.01207	0.00637	0.00512	0.00166	0.00464	0.00502	0.00605	0.00866
37	0.39542	0.03255	0.09100	0.01065	0.03302	0.07437	0.00921	0.21327	0.01454	0.06600	0.01000	0.01079	0.00737	0.00550	0.00433	0.00162	0.00555	0.00375	0.00385	0.00721
38	0.01113	0.00954	0.01113	0.00795	0.01272	0.00716	0.00636	0.01352	0.01113	0.01749	0.00954	0.01113	0.00795	0.00398	0.00398	0.00080	0.00398	0.00318	0.00318	0.84417
39	0.01895	0.01395	0.01596	0.01236	0.01645	0.01522	0.04839	0.58082	0.09601	0.06888	0.04726	0.01512	0.01180	0.00663	0.00547	0.00165	0.00569	0.00527	0.00533	0.00879
40	0.00691	0.00494	0.00641	0.00735	0.00783	0.00465	0.00505	0.00798	0.01057	0.01406	0.07678	0.57964	0.06739	0.10389	0.00910	0.00249	0.00344	0.07232	0.00485	0.00434
41	0.00694	0.00574	0.00612	0.00597	0.00773	0.00506	0.00449	0.00920	0.04909	0.01633	0.20101	0.04777	0.59019	0.01275	0.00630	0.00179	0.00275	0.01074	0.00520	0.00483
42	0.01028	0.00969	0.01636	0.76283	0.07144	0.01196	0.01498	0.01384	0.01080	0.01389	0.00957	0.01426	0.00722	0.00534	0.00536	0.00178	0.00712	0.00477	0.00240	0.00608
43	0.03269	0.10418	0.03433	0.04510	0.50021	0.12112	0.01422	0.01678	0.01237	0.01635	0.01035	0.01442	0.00905	0.00537	0.00509	0.00157	0.00669	0.03967	0.00274	0.00770
44	0.01489	0.38310	0.19467	0.01184	0.01657	0.19109	0.01189	0.05188	0.01266	0.01492	0.02491	0.01043	0.00793	0.00527	0.00467	0.00139	0.02874	0.00354	0.00262	0.00701
45	0.00634	0.00544	0.00544	0.00544	0.00725	0.00453	0.00408	0.00770	0.01224	0.01450	0.05438	0.05166	0.77569	0.01359	0.00634	0.00181	0.00272	0.01133	0.00498	0.00453
46	0.60133	0.01131	0.01044	0.00874	0.01232	0.01275	0.02875	0.14718	0.04767	0.06184	0.00985	0.01060	0.00731	0.00541	0.00397	0.00166	0.00463	0.00361	0.00392	0.00672
47	0.01754	0.18955	0.05395	0.05326	0.01724	0.38653	0.01084	0.13892	0.01516	0.01658	0.00893	0.01039	0.00728	0.00565	0.00531	0.00145	0.04779	0.00371	0.00302	0.00688
48	0.00675	0.00545	0.00600	0.00586	0.00750	0.00470	0.00440	0.00849	0.01319	0.01677	0.28692	0.04793	0.54173	0.01275	0.00634	0.00177	0.00266	0.01081	0.00528	0.00470
49	0.01784	0.01356	0.01455	0.01171	0.01546	0.01511	0.00947	0.53417	0.20909	0.02983	0.01609	0.06107	0.01247	0.00726	0.00548	0.00170	0.00533	0.00575	0.00537	0.00869
50	0.00652	0.00493	0.00602	0.00683	0.00763	0.00444	0.00471	0.00764	0.01105	0.01422	0.06328	0.55068	0.26140	0.01563	0.00668	0.00205	0.00297	0.01387	0.00502	0.00444
51	0.01504	0.25071	0.13491	0.03785	0.05731	0.20260	0.06552	0.06518	0.02983	0.01562	0.00906	0.01089	0.00743	0.00549	0.00570	0.00152	0.07161	0.00392	0.00273	0.00706
52	0.01426	0.79518	0.04675	0.00934	0.01401	0.02102	0.00945	0.01610	0.01092	0.01274	0.00752	0.00868	0.00689	0.00460	0.00349	0.00116	0.00579	0.00290	0.00230	0.00691
53	0.00637	0.00544	0.00548	0.00547	0.00727	0.00454	0.00410	0.00776	0.01231	0.01467	0.07184	0.05138	0.75812	0.01353	0.00634	0.00181	0.00271	0.01129	0.00501	0.00454
54	0.00688	0.00523	0.00754	0.00816	0.00882	0.00486	0.04391	0.00806	0.01062	0.01414	0.05125	0.71690	0.06149	0.01589	0.00679	0.00213	0.00339	0.01449	0.00489	0.00454
55	0.05285	0.03845	0.05262	0.02283	0.01430	0.14737	0.00911	0.16251	0.18885	0.01982	0.01500	0.01689	0.03072	0.03676	0.16486	0.00315	0.00783	0.00512	0.00397	0.00698
56	0.68380	0.00930	0.00761	0.00710	0.00988	0.01057	0.00565	0.01428	0.00961	0.02244	0.04925	0.12712	0.01241	0.00701	0.00399	0.00174	0.00392	0.00505	0.00369	0.00556
57	0.63231	0.02747	0.01169	0.02920	0.05143	0.01238	0.07785	0.04519	0.01040	0.02288	0.00850	0.01014	0.00660	0.00503	0.00385	0.00165	0.00485	0.00351	0.02888	0.00622

[dist]
# distance from previous block
# <min> <max>
17	199

[block]
# block no. 5 follows, 45 sequences, length 54
# corresponding to MSA columns:
# 655-708
name=unknown_F
#
# <colnr> <probs for GDERKNQSTAVLIFYWHMCP>
#	G	D	E	R	K	N	Q	S	T	A	V	L	I	F	Y	W	H	M	C	P
0	0.01363	0.01059	0.02808	0.01081	0.05250	0.03230	0.00793	0.30263	0.01658	0.04317	0.08632	0.18753	0.02011	0.13712	0.00922	0.00229	0.00500	0.00789	0.00471	0.02159
1	0.04420	0.03964	0.01169	0.04730	0.01337	0.09600	0.00770	0.13522	0.05174	0.08111	0.08418	0.12252	0.06253	0.03269	0.01860	0.00182	0.00512	0.02636	0.00444	0.11375
2	0.40208	0.01266	0.10683	0.00938	0.01303	0.04994	0.03449	0.04834	0.02873	0.08020	0.02752	0.06338	0.06060	0.00718	0.01557	0.00179	0.00511	0.00505	0.02172	0.00640
3	0.61436	0.03368	0.00959	0.10451	0.01372	0.01149	0.00701	0.01485	0.00958	0.02138	0.00931	0.06216	0.00810	0.00574	0.00385	0.00164	0.00449	0.00396	0.00328	0.05729
4	0.03210	0.00515	0.00636	0.00693	0.00732	0.00508	0.00452	0.00814	0.00958	0.01327	0.07067	0.41322	0.02853	0.29584	0.06545	0.00362	0.00458	0.01131	0.00425	0.00409
5	0.08845	0.01187	0.02144	0.03412	0.02062	0.01173	0.40703	0.10997	0.01349	0.01928	0.03332	0.17396	0.01458	0.00746	0.00602	0.00184	0.00680	0.00767	0.00364	0.00669
6	0.45965	0.02688	0.00916	0.00785	0.01083	0.01087	0.00632	0.01759	0.15769	0.06472	0.11594	0.01825	0.06158	0.00684	0.00444	0.00169	0.00392	0.00508	0.00435	0.00636
7	0.01653	0.01287	0.01426	0.06975	0.01676	0.01434	0.00963	0.42373	0.23830	0.02752	0.03296	0.03917	0.01277	0.00692	0.00541	0.00167	0.00528	0.00554	0.00509	0.04149
8	0.01014	0.00954	0.01610	0.79845	0.03697	0.01193	0.01491	0.01371	0.01073	0.01371	0.00954	0.01431	0.00716	0.00537	0.00537	0.00179	0.00716	0.00477	0.00239	0.00596
9	0.01014	0.00954	0.01610	0.79845	0.03697	0.01193	0.01491	0.01371	0.01073	0.01371	0.00954	0.01431	0.00716	0.00537	0.00537	0.00179	0.00716	0.00477	0.00239	0.00596
