[name]
unknown

[dist]
# distance from previous block
# <min> <max>
0	27

[block]
# block no. 0 follows, 47 sequences, length 12
# corresponding to MSA columns:
# 27-38
name=unknown_A
#
# <colnr> <probs for GDERKNQSTAVLIFYWHMCP>
#	G	D	E	R	K	N	Q	S	T	A	V	L	I	F	Y	W	H	M	C	P
0	0.01353	0.00995	0.01221	0.01033	0.01315	0.01031	0.05132	0.24837	0.13041	0.07618	0.03186	0.21634	0.01847	0.02472	0.00608	0.00180	0.00465	0.04917	0.00486	0.06630
1	0.01611	0.08284	0.06873	0.01188	0.06851	0.01226	0.00953	0.22832	0.13196	0.17378	0.05638	0.05518	0.01371	0.00669	0.00511	0.00157	0.00500	0.00544	0.00473	0.04229
2	0.01207	0.00870	0.01001	0.00915	0.01155	0.00921	0.00703	0.02020	0.38759	0.11257	0.11596	0.16904	0.02307	0.00920	0.00563	0.00177	0.00376	0.02949	0.00528	0.04871
3	0.00983	0.00926	0.01562	0.80447	0.03587	0.01157	0.01446	0.01331	0.01041	0.01331	0.00926	0.01388	0.00694	0.00521	0.00521	0.00174	0.00694	0.00463	0.00231	0.00579
4	0.01150	0.01221	0.02392	0.16333	0.08962	0.01281	0.42195	0.01501	0.01115	0.01531	0.01023	0.03134	0.00834	0.00650	0.03065	0.00201	0.11930	0.00570	0.00257	0.00659
5	0.00983	0.00926	0.01562	0.80447	0.03587	0.01157	0.01446	0.01331	0.01041	0.01331	0.00926	0.01388	0.00694	0.00521	0.00521	0.00174	0.00694	0.00463	0.00231	0.00579
6	0.01000	0.00933	0.01533	0.64634	0.08539	0.01118	0.01359	0.01319	0.01044	0.01375	0.01008	0.04876	0.00828	0.00570	0.00555	0.00170	0.03072	0.00499	0.00249	0.05320
7	0.04858	0.01012	0.01289	0.09110	0.01593	0.00953	0.04543	0.13822	0.03268	0.13785	0.01289	0.05779	0.01025	0.00563	0.00471	0.00131	0.00478	0.00470	0.00401	0.35162
8	0.10905	0.03406	0.02645	0.01027	0.01326	0.03371	0.10319	0.04718	0.12731	0.12388	0.03414	0.15575	0.05870	0.03188	0.00615	0.01547	0.00479	0.00700	0.00432	0.05345
9	0.01259	0.00957	0.04346	0.08965	0.04871	0.00841	0.02456	0.05726	0.05413	0.14486	0.10156	0.07281	0.04147	0.02310	0.00550	0.00150	0.00451	0.00587	0.00421	0.24628
10	0.01698	0.04520	0.04742	0.02708	0.01477	0.01199	0.00893	0.34977	0.03203	0.17362	0.06766	0.01541	0.01241	0.00750	0.03731	0.00175	0.00542	0.00487	0.00480	0.11508
11	0.04709	0.45733	0.05566	0.01047	0.01490	0.01733	0.05171	0.15383	0.06717	0.03980	0.00990	0.01067	0.00796	0.00504	0.00411	0.00132	0.00562	0.00367	0.00319	0.03320

[dist]
# distance from previous block
# <min> <max>
17	34

[block]
# block no. 1 follows, 47 sequences, length 80
# corresponding to MSA columns:
# 77-92,95-158
name=unknown_B
#
# <colnr> <probs for GDERKNQSTAVLIFYWHMCP>
#	G	D	E	R	K	N	Q	S	T	A	V	L	I	F	Y	W	H	M	C	P
0	0.08956	0.09675	0.21630	0.07393	0.05335	0.02383	0.07036	0.01650	0.08732	0.05586	0.11470	0.01629	0.01387	0.01788	0.00565	0.00167	0.03097	0.00501	0.00338	0.00681
1	0.06010	0.37367	0.16497	0.04255	0.02929	0.03834	0.01077	0.07552	0.06400	0.01617	0.01082	0.07256	0.00960	0.00587	0.00432	0.00144	0.00578	0.00440	0.00295	0.00688
2	0.10233	0.01377	0.15298	0.13833	0.28097	0.01144	0.06491	0.01549	0.03475	0.01719	0.02399	0.01339	0.02119	0.00503	0.00490	0.00156	0.00611	0.00449	0.00277	0.08441
3	0.64144	0.01072	0.00937	0.08136	0.01318	0.03743	0.00698	0.07805	0.01077	0.03980	0.02562	0.01022	0.00720	0.00517	0.00373	0.00161	0.00459	0.00336	0.00341	0.00599
4	0.00669	0.00487	0.00620	0.00686	0.00753	0.00451	0.00477	0.00795	0.01103	0.01473	0.17811	0.48635	0.12289	0.07297	0.00796	0.00220	0.00308	0.04207	0.00489	0.00433
5	0.36066	0.01163	0.01191	0.17761	0.05392	0.07097	0.00913	0.11919	0.07120	0.02087	0.01004	0.01231	0.00784	0.00577	0.00472	0.02044	0.00541	0.01659	0.00340	0.00638
6	0.00881	0.00461	0.00661	0.00661	0.00661	0.00461	0.00431	0.00691	0.00691	0.00921	0.01021	0.01871	0.01061	0.14410	0.02132	0.71545	0.00461	0.00500	0.00240	0.00240
7	0.09303	0.00693	0.00855	0.03242	0.01006	0.00706	0.02933	0.01301	0.08046	0.11145	0.05326	0.19354	0.02089	0.27789	0.01254	0.00291	0.00441	0.03286	0.00425	0.00515
8	0.04831	0.00738	0.00776	0.00786	0.00914	0.06684	0.00559	0.01126	0.05941	0.04021	0.08498	0.43830	0.02703	0.08261	0.00772	0.00212	0.00389	0.02256	0.00448	0.06254
9	0.01298	0.00884	0.01062	0.00784	0.01210	0.00688	0.00630	0.01517	0.01177	0.17345	0.02710	0.01535	0.06238	0.00513	0.00433	0.00102	0.00387	0.00417	0.00393	0.60678
10	0.00750	0.00504	0.00609	0.00640	0.00673	0.00489	0.00407	0.00809	0.00915	0.02571	0.07299	0.25046	0.04372	0.47261	0.01794	0.00375	0.00424	0.04289	0.00396	0.00377
11	0.00871	0.00586	0.00711	0.00722	0.00825	0.00565	0.00509	0.06745	0.01152	0.05760	0.07698	0.37163	0.12158	0.17585	0.01040	0.00257	0.00371	0.04343	0.00467	0.00472
12	0.01784	0.00766	0.01003	0.00826	0.01127	0.00678	0.00659	0.03564	0.01399	0.51072	0.07695	0.11317	0.07739	0.00836	0.00541	0.00165	0.00387	0.00703	0.06999	0.00740
13	0.00634	0.00453	0.00604	0.00725	0.00755	0.00423	0.00483	0.00725	0.00997	0.01329	0.02870	0.81358	0.03444	0.01632	0.00665	0.00211	0.00302	0.01480	0.00483	0.00423
14	0.53620	0.00867	0.00770	0.00706	0.00965	0.00961	0.00565	0.03735	0.01041	0.05716	0.07138	0.07039	0.01355	0.03326	0.00481	0.00177	0.00386	0.03938	0.06658	0.00556
15	0.00857	0.00562	0.00732	0.00768	0.00893	0.00532	0.00598	0.01023	0.01148	0.08041	0.09287	0.23172	0.16658	0.05283	0.06630	0.00265	0.00444	0.22141	0.00480	0.00485
16	0.01019	0.00616	0.00790	0.00803	0.00931	0.00592	0.00581	0.06280	0.03687	0.13537	0.04213	0.57586	0.02896	0.01363	0.00629	0.00198	0.00349	0.02875	0.00514	0.00542
17	0.01004	0.00947	0.01600	0.75167	0.08703	0.01162	0.01457	0.01349	0.01051	0.01356	0.00929	0.01382	0.00703	0.00517	0.00520	0.00172	0.00689	0.00463	0.00233	0.00595
18	0.00848	0.00714	0.01026	0.00968	0.01031	0.00892	0.00767	0.01010	0.00882	0.01291	0.06553	0.08048	0.01538	0.02679	0.45840	0.00568	0.23924	0.00626	0.00300	0.00493
19	0.00787	0.00568	0.00769	0.00867	0.00971	0.00562	0.00720	0.00983	0.01128	0.01468	0.02831	0.14606	0.08722	0.06702	0.04501	0.00276	0.00486	0.52134	0.00460	0.00458
20	0.01980	0.01459	0.01563	0.01198	0.01615	0.01615	0.00990	0.76713	0.02448	0.03282	0.01250	0.01250	0.00886	0.00625	0.00521	0.00156	0.00573	0.00469	0.00521	0.00886
21	0.02251	0.00888	0.01196	0.00922	0.01313	0.00779	0.00760	0.04787	0.01520	0.72876	0.05572	0.01855	0.01445	0.00663	0.00528	0.00161	0.00438	0.00541	0.00637	0.00868
22	0.01360	0.01075	0.01195	0.01082	0.03700	0.01201	0.00814	0.19370	0.40131	0.03977	0.05423	0.08080	0.01701	0.06306	0.00706	0.00196	0.01778	0.00650	0.00501	0.00754
23	0.01696	0.01255	0.01364	0.01092	0.01428	0.01384	0.00878	0.57875	0.06450	0.02813	0.01448	0.06969	0.01198	0.07123	0.04378	0.00220	0.00578	0.00571	0.00492	0.00787
24	0.01945	0.02482	0.01476	0.01342	0.01610	0.79608	0.01006	0.02079	0.01476	0.01275	0.00805	0.00939	0.00671	0.00537	0.00470	0.00134	0.00939	0.00335	0.00268	0.00604
25	0.00680	0.00610	0.00581	0.00588	0.00752	0.04122	0.00434	0.00807	0.01178	0.01392	0.04788	0.13690	0.65940	0.01319	0.00614	0.00178	0.00300	0.01108	0.00474	0.00445
26	0.00639	0.00528	0.00561	0.00553	0.00718	0.00450	0.00414	0.00794	0.01243	0.01541	0.19597	0.04791	0.63833	0.01269	0.00615	0.00173	0.00260	0.01068	0.00501	0.00450
27	0.01139	0.01139	0.01595	0.01367	0.01367	0.01595	0.01139	0.01253	0.00798	0.01253	0.00684	0.01139	0.00684	0.00911	0.01709	0.00228	0.80745	0.00456	0.00228	0.00570
28	0.01392	0.82012	0.02729	0.00891	0.01337	0.02061	0.00891	0.01559	0.01058	0.01225	0.00724	0.00835	0.00668	0.00446	0.00334	0.00111	0.00557	0.00278	0.00223	0.00668
29	0.00971	0.00485	0.00485	0.00485	0.00607	0.00485	0.00364	0.01213	0.01092	0.01942	0.01699	0.01942	0.01335	0.00607	0.00364	0.00121	0.00243	0.00485	0.84589	0.00485
30	0.01392	0.82012	0.02729	0.00891	0.01337	0.02061	0.00891	0.01559	0.01058	0.01225	0.00724	0.00835	0.00668	0.00446	0.00334	0.00111	0.00557	0.00278	0.00223	0.00668
31	0.01045	0.02694	0.79000	0.01484	0.02254	0.01209	0.01924	0.01649	0.01099	0.01649	0.00935	0.01099	0.00660	0.00495	0.00495	0.00165	0.00770	0.00385	0.00220	0.00770
32	0.00857	0.00646	0.00793	0.00731	0.00888	0.00643	0.00555	0.03585	0.12583	0.02138	0.64714	0.03525	0.04305	0.00999	0.00599	0.00165	0.00280	0.00876	0.00565	0.00552
33	0.00756	0.00509	0.00586	0.00586	0.00593	0.00515	0.00338	0.00769	0.00763	0.01023	0.01624	0.03315	0.01853	0.76382	0.07912	0.00528	0.00566	0.00744	0.00313	0.00326
34	0.01945	0.02482	0.01476	0.01342	0.01610	0.79608	0.01006	0.02079	0.01476	0.01275	0.00805	0.00939	0.00671	0.00537	0.00470	0.00134	0.00939	0.00335	0.00268	0.00604
35	0.00745	0.00554	0.00816	0.00816	0.00902	0.00640	0.00625	0.00917	0.00831	0.01194	0.01414	0.02151	0.01348	0.09924	0.73679	0.00811	0.01326	0.00573	0.00282	0.00453
36	0.00905	0.00452	0.00678	0.00678	0.00678	0.00452	0.00452	0.00678	0.00678	0.00905	0.00905	0.01583	0.00905	0.01809	0.02035	0.84848	0.00452	0.00452	0.00226	0.00226
37	0.01045	0.02694	0.79000	0.01484	0.02254	0.01209	0.01924	0.01649	0.01099	0.01649	0.00935	0.01099	0.00660	0.00495	0.00495	0.00165	0.00770	0.00385	0.00220	0.00770
38	0.01080	0.00926	0.01080	0.00771	0.01234	0.00694	0.00617	0.01311	0.01080	0.01697	0.00926	0.01080	0.00771	0.00386	0.00386	0.00077	0.00386	0.00309	0.00309	0.84882
39	0.00634	0.00453	0.00604	0.00725	0.00755	0.00423	0.00483	0.00725	0.00997	0.01329	0.02870	0.81358	0.03444	0.01632	0.00665	0.00211	0.00302	0.01480	0.00483	0.00423
40	0.01139	0.01139	0.01595	0.01367	0.01367	0.01595	0.01139	0.01253	0.00798	0.01253	0.00684	0.01139	0.00684	0.00911	0.01709	0.00228	0.80745	0.00456	0.00228	0.00570
41	0.00749	0.00537	0.00730	0.00730	0.00785	0.00593	0.00517	0.00861	0.00805	0.01129	0.01493	0.02590	0.01538	0.34959	0.48904	0.00704	0.01040	0.00638	0.00294	0.00405
42	0.00637	0.00458	0.00604	0.00716	0.00754	0.00426	0.00480	0.00733	0.01018	0.01354	0.05143	0.76268	0.06274	0.01603	0.00661	0.00209	0.00299	0.01451	0.00486	0.00426
43	0.00644	0.00468	0.00608	0.00700	0.00753	0.00432	0.00477	0.00755	0.01065	0.01419	0.11262	0.66295	0.10115	0.01543	0.00655	0.00203	0.00293	0.01389	0.00493	0.00432
44	0.00802	0.00643	0.00947	0.00914	0.00994	0.00789	0.00722	0.00977	0.00831	0.01215	0.01291	0.01914	0.01212	0.03469	0.68281	0.00748	0.12956	0.00543	0.00272	0.00480
45	0.16282	0.01219	0.01769	0.11599	0.50845	0.05029	0.01359	0.01572	0.01123	0.01743	0.00914	0.01202	0.00753	0.00485	0.00501	0.00158	0.02020	0.00425	0.00266	0.00734
46	0.01820	0.01360	0.01471	0.01158	0.01539	0.01514	0.00948	0.63403	0.10592	0.03019	0.01356	0.01381	0.00991	0.00858	0.05929	0.00205	0.00612	0.00488	0.00505	0.00850
47	0.85377	0.01007	0.00765	0.00685	0.01007	0.01168	0.00564	0.01531	0.00886	0.02336	0.00725	0.00846	0.00564	0.00483	0.00322	0.00161	0.00403	0.00282	0.00322	0.00564
48	0.00739	0.00497	0.00573	0.00591	0.00595	0.00493	0.00340	0.00753	0.00792	0.01056	0.01820	0.14765	0.02119	0.70032	0.02361	0.00462	0.00475	0.00863	0.00340	0.00331
49	0.01229	0.01405	0.03073	0.02195	0.02722	0.01317	0.76558	0.01668	0.01229	0.01668	0.01054	0.01405	0.00790	0.00439	0.00615	0.00176	0.00878	0.00615	0.00263	0.00702
50	0.01317	0.01129	0.01190	0.01064	0.01362	0.01305	0.00829	0.05089	0.75152	0.02213	0.02092	0.01921	0.01568	0.00704	0.00530	0.00176	0.00417	0.00585	0.00530	0.00826
51	0.00905	0.00452	0.00678	0.00678	0.00678	0.00452	0.00452	0.00678	0.00678	0.00905	0.00905	0.01583	0.00905	0.01809	0.02035	0.84848	0.00452	0.00452	0.00226	0.00226
52	0.01045	0.02694	0.79000	0.01484	0.02254	0.01209	0.01924	0.01649	0.01099	0.01649	0.00935	0.01099	0.00660	0.00495	0.00495	0.00165	0.00770	0.00385	0.00220	0.00770
53	0.00775	0.00603	0.00896	0.00878	0.00964	0.00724	0.00689	0.00955	0.00834	0.01212	0.01340	0.01976	0.01254	0.03674	0.73606	0.00790	0.07533	0.00550	0.00275	0.00473
54	0.01980	0.01459	0.01563	0.01198	0.01615	0.01615	0.00990	0.76713	0.02448	0.03282	0.01250	0.01250	0.00886	0.00625	0.00521	0.00156	0.00573	0.00469	0.00521	0.00886
55	0.03630	0.01359	0.01479	0.01132	0.01549	0.01462	0.00933	0.63024	0.02229	0.09589	0.01283	0.01274	0.00905	0.00605	0.00507	0.00151	0.00544	0.00457	0.00511	0.07377
56	0.01233	0.08956	0.37983	0.01665	0.02270	0.09612	0.27635	0.01694	0.01181	0.01580	0.00944	0.01166	0.00707	0.00476	0.00520	0.00161	0.00807	0.00450	0.00240	0.00720
57	0.00771	0.00530	0.00616	0.00608	0.00611	0.00551	0.00359	0.00782	0.00762	0.01026	0.01596	0.03272	0.01826	0.75754	0.05525	0.00507	0.03523	0.00739	0.00311	0.00331
58	0.10817	0.00915	0.01173	0.00910	0.01305	0.00831	0.00751	0.04585	0.01457	0.68802	0.01895	0.01663	0.01203	0.00628	0.00503	0.00161	0.00443	0.00497	0.00608	0.00853
59	0.00634	0.00453	0.00604	0.00725	0.00755	0.00423	0.00483	0.00725	0.00997	0.01329	0.02870	0.81358	0.03444	0.01632	0.00665	0.00211	0.00302	0.01480	0.00483	0.00423
60	0.00983	0.00926	0.01562	0.80447	0.03587	0.01157	0.01446	0.01331	0.01041	0.01331	0.00926	0.01388	0.00694	0.00521	0.00521	0.00174	0.00694	0.00463	0.00231	0.00579
61	0.01980	0.01459	0.01563	0.01198	0.01615	0.01615	0.00990	0.76713	0.02448	0.03282	0.01250	0.01250	0.00886	0.00625	0.00521	0.00156	0.00573	0.00469	0.00521	0.00886
62	0.00744	0.00558	0.00837	0.00837	0.00930	0.00651	0.00651	0.00930	0.00837	0.01209	0.01395	0.02046	0.01302	0.03906	0.79635	0.00837	0.01395	0.00558	0.00279	0.00465
63	0.00634	0.00453	0.00604	0.00725	0.00755	0.00423	0.00483	0.00725	0.00997	0.01329	0.02870	0.81358	0.03444	0.01632	0.00665	0.00211	0.00302	0.01480	0.00483	0.00423
64	0.00744	0.00558	0.00837	0.00837	0.00930	0.00651	0.00651	0.00930	0.00837	0.01209	0.01395	0.02046	0.01302	0.03906	0.79635	0.00837	0.01395	0.00558	0.00279	0.00465
65	0.00647	0.00514	0.00584	0.00632	0.00747	0.00460	0.00449	0.00804	0.03470	0.01408	0.05341	0.38173	0.42051	0.01432	0.00634	0.00191	0.00285	0.01247	0.00486	0.00445
66	0.07258	0.00582	0.00637	0.00699	0.00768	0.03185	0.00472	0.00849	0.00990	0.01378	0.04957	0.50796	0.08043	0.15752	0.00981	0.00253	0.00363	0.01177	0.00437	0.00424
67	0.00697	0.00491	0.00575	0.00615	0.00649	0.00469	0.00383	0.00745	0.00895	0.01170	0.02541	0.29840	0.12629	0.44015	0.01710	0.00362	0.00404	0.01046	0.00394	0.00368
68	0.01139	0.01139	0.01595	0.01367	0.01367	0.01595	0.01139	0.01253	0.00798	0.01253	0.00684	0.01139	0.00684	0.00911	0.01709	0.00228	0.80745	0.00456	0.00228	0.00570
69	0.04674	0.01490	0.25653	0.01313	0.08882	0.02645	0.01198	0.01921	0.03444	0.30287	0.01482	0.01624	0.01071	0.00928	0.08505	0.00232	0.00668	0.02803	0.00409	0.00769
70	0.00786	0.00511	0.00661	0.00711	0.00802	0.00467	0.00502	0.00915	0.01128	0.07444	0.14171	0.51910	0.12023	0.02796	0.00676	0.00202	0.00308	0.03011	0.00506	0.00470
71	0.00825	0.00562	0.00710	0.00658	0.00808	0.00506	0.00494	0.01041	0.01388	0.06541	0.56973	0.06239	0.13959	0.03593	0.00667	0.00175	0.00274	0.00929	0.00547	0.03111
72	0.38794	0.00955	0.01014	0.00824	0.01184	0.00974	0.00679	0.05499	0.01269	0.39257	0.03815	0.01407	0.01065	0.00586	0.00438	0.00161	0.00425	0.00428	0.00495	0.00732
73	0.26869	0.00900	0.01206	0.20862	0.11230	0.00995	0.03444	0.01373	0.00981	0.06549	0.01059	0.04110	0.00913	0.06251	0.00799	0.10593	0.00530	0.00470	0.00303	0.00562
74	0.01080	0.00926	0.01080	0.00771	0.01234	0.00694	0.00617	0.01311	0.01080	0.01697	0.00926	0.01080	0.00771	0.00386	0.00386	0.00077	0.00386	0.00309	0.00309	0.84882
75	0.02260	0.00964	0.01251	0.00964	0.01366	0.00887	0.00795	0.11735	0.03996	0.67046	0.01957	0.01713	0.01249	0.00644	0.00524	0.00161	0.00458	0.00519	0.00626	0.00884
76	0.01960	0.01343	0.01475	0.01143	0.01540	0.01457	0.00939	0.64197	0.02265	0.12335	0.01423	0.05042	0.01054	0.00674	0.00528	0.00159	0.00545	0.00523	0.00534	0.00864
77	0.02431	0.00535	0.00774	0.00798	0.02517	0.00531	0.02313	0.02240	0.00898	0.01234	0.07449	0.22030	0.01913	0.03277	0.03977	0.43985	0.00446	0.01964	0.00335	0.00354
78	0.00709	0.00478	0.00617	0.00680	0.00738	0.00446	0.00472	0.00739	0.00966	0.01249	0.02874	0.40038	0.18567	0.04110	0.01040	0.19985	0.00345	0.05149	0.00418	0.00380
79	0.00951	0.00621	0.00729	0.00691	0.00764	0.01996	0.00459	0.04483	0.00927	0.07184	0.01637	0.05444	0.01724	0.53876	0.15871	0.00505	0.00661	0.00707	0.00349	0.00421

[dist]
# distance from previous block
# <min> <max>
0	5

[block]
# block no. 2 follows, 47 sequences, length 34
# corresponding to MSA columns:
# 164-197
name=unknown_C
#
# <colnr> <probs for GDERKNQSTAVLIFYWHMCP>
#	G	D	E	R	K	N	Q	S	T	A	V	L	I	F	Y	W	H	M	C	P
0	0.14413	0.14872	0.26767	0.01098	0.01581	0.02747	0.01153	0.01699	0.05910	0.08002	0.01011	0.01123	0.00771	0.00532	0.00528	0.00150	0.06833	0.00372	0.00302	0.10135
1	0.01255	0.01202	0.02052	0.11848	0.70066	0.01228	0.01581	0.01568	0.01170	0.01660	0.00974	0.01300	0.00810	0.00470	0.00516	0.00157	0.00627	0.00464	0.00255	0.00797
2	0.00742	0.00536	0.00700	0.00671	0.00792	0.00498	0.00509	0.00981	0.01439	0.02024	0.70793	0.04028	0.06069	0.02450	0.00655	0.00175	0.00265	0.05627	0.00561	0.00487
3	0.01001	0.00937	0.01599	0.40640	0.12312	0.01092	0.07747	0.01302	0.01024	0.01385	0.01076	0.01625	0.00907	0.01233	0.16371	0.00309	0.05902	0.02691	0.00254	0.00594
4	0.01075	0.00647	0.00831	0.00740	0.00928	0.00611	0.00570	0.01420	0.08110	0.15970	0.57775	0.03337	0.03968	0.00957	0.00590	0.00164	0.00296	0.00835	0.00582	0.00592
5	0.00757	0.00505	0.00568	0.00568	0.00568	0.00505	0.00316	0.00757	0.00757	0.01010	0.01641	0.03408	0.01893	0.81698	0.02651	0.00505	0.00505	0.00757	0.00316	0.00316
6	0.00779	0.00613	0.00896	0.00881	0.00957	0.00734	0.00685	0.00945	0.00845	0.01221	0.01449	0.08889	0.01431	0.04862	0.62545	0.00708	0.10169	0.00631	0.00292	0.00470
7	0.01994	0.00954	0.01207	0.00983	0.02633	0.00910	0.00774	0.18175	0.01600	0.49558	0.01901	0.08278	0.01412	0.06298	0.00681	0.00188	0.00467	0.00605	0.00575	0.00808
8	0.00716	0.00525	0.00671	0.00648	0.00769	0.00480	0.00481	0.00937	0.01403	0.01953	0.64253	0.10781	0.12161	0.01140	0.00619	0.00169	0.00252	0.01005	0.00556	0.00480
9	0.01008	0.00951	0.01607	0.74125	0.09713	0.01164	0.01459	0.01352	0.01053	0.01361	0.00930	0.01380	0.00705	0.00516	0.00520	0.00172	0.00688	0.00463	0.00234	0.00599
10	0.00649	0.00489	0.00582	0.00649	0.00728	0.00444	0.00448	0.00748	0.01042	0.01329	0.03548	0.44293	0.28650	0.10276	0.00867	0.00232	0.00317	0.03824	0.00465	0.00419
11	0.08535	0.00648	0.00747	0.00668	0.00811	0.00625	0.00458	0.01282	0.00987	0.21158	0.01918	0.02874	0.06878	0.48238	0.01760	0.00364	0.00464	0.00679	0.00412	0.00493
12	0.00645	0.00457	0.00601	0.00712	0.00740	0.00430	0.00470	0.00728	0.00977	0.01303	0.02770	0.74979	0.03317	0.08184	0.00827	0.00236	0.00319	0.01421	0.00470	0.00414
13	0.64161	0.00976	0.00879	0.00747	0.01089	0.01065	0.00615	0.01788	0.01041	0.21875	0.01065	0.01083	0.00749	0.00525	0.00374	0.00161	0.00413	0.00344	0.00405	0.00646
14	0.03333	0.00493	0.00614	0.00683	0.00748	0.00465	0.00466	0.00795	0.01065	0.01461	0.14595	0.54034	0.09984	0.07754	0.00797	0.00222	0.00309	0.01269	0.00479	0.00431
15	0.00680	0.00508	0.00631	0.00668	0.00769	0.00463	0.00486	0.00840	0.01209	0.01607	0.28118	0.30991	0.21846	0.02806	0.00676	0.00195	0.00290	0.06256	0.00510	0.00451
16	0.01980	0.01459	0.01563	0.01198	0.01615	0.01615	0.00990	0.76713	0.02448	0.03282	0.01250	0.01250	0.00886	0.00625	0.00521	0.00156	0.00573	0.00469	0.00521	0.00886
17	0.01629	0.00813	0.01036	0.00864	0.01155	0.00772	0.00687	0.02073	0.15300	0.40092	0.25289	0.03879	0.02488	0.00802	0.00555	0.00166	0.00375	0.00680	0.00599	0.00746
18	0.01091	0.00741	0.00893	0.00795	0.00983	0.00752	0.00621	0.08599	0.02443	0.12915	0.15191	0.11462	0.29114	0.02177	0.00747	0.00184	0.09340	0.00884	0.00495	0.00573
19	0.01578	0.01102	0.01221	0.01024	0.01347	0.01204	0.00816	0.21469	0.37877	0.14415	0.08098	0.01898	0.01627	0.00702	0.00529	0.00166	0.00439	0.00574	0.03102	0.00812
20	0.01180	0.33484	0.49392	0.01254	0.01898	0.01540	0.01523	0.01614	0.01083	0.01485	0.00853	0.00997	0.00663	0.00476	0.00432	0.00144	0.00687	0.00344	0.00221	0.00730
21	0.08773	0.00991	0.01172	0.00959	0.01320	0.01001	0.00775	0.04720	0.26937	0.44652	0.01944	0.01738	0.01319	0.00652	0.00509	0.00166	0.00433	0.00524	0.00576	0.00839
22	0.01223	0.00728	0.00909	0.00804	0.00996	0.00725	0.00614	0.06662	0.12185	0.15732	0.28937	0.02632	0.04151	0.02579	0.00902	0.17044	0.00377	0.01721	0.00499	0.00580
23	0.00634	0.00453	0.00604	0.00725	0.00755	0.00423	0.00483	0.00725	0.00997	0.01329	0.02870	0.81358	0.03444	0.01632	0.00665	0.00211	0.00302	0.01480	0.00483	0.00423
24	0.00903	0.00558	0.00717	0.00660	0.00807	0.00515	0.00501	0.01144	0.01433	0.08764	0.62970	0.03487	0.04197	0.00977	0.00578	0.00159	0.00263	0.00854	0.09989	0.00525
25	0.01226	0.00682	0.00876	0.00759	0.00974	0.00633	0.00592	0.06163	0.01496	0.22236	0.45207	0.05479	0.07901	0.01017	0.02228	0.00179	0.00345	0.00819	0.00575	0.00614
26	0.02192	0.01089	0.09921	0.00989	0.01433	0.00815	0.00895	0.02438	0.01447	0.70169	0.01929	0.01697	0.01219	0.00628	0.00520	0.00162	0.00480	0.00508	0.00597	0.00873
27	0.00957	0.00582	0.00752	0.00761	0.00887	0.00549	0.00550	0.01192	0.06440	0.13209	0.18205	0.46740	0.04525	0.01298	0.00623	0.00191	0.00319	0.01158	0.00529	0.00535
28	0.02023	0.01450	0.01512	0.01172	0.01578	0.06444	0.00962	0.62485	0.02264	0.12832	0.01325	0.01298	0.00924	0.00622	0.00518	0.00156	0.00580	0.00467	0.00521	0.00868
29	0.01108	0.01173	0.08053	0.51640	0.13475	0.01202	0.06212	0.06594	0.01177	0.01564	0.01039	0.01405	0.02059	0.00527	0.00525	0.00169	0.00686	0.00478	0.00260	0.00654
30	0.01079	0.00979	0.01606	0.16583	0.43969	0.01009	0.01259	0.01314	0.01102	0.01506	0.01574	0.07262	0.09658	0.00768	0.00671	0.07552	0.00556	0.00604	0.00291	0.00657
31	0.00820	0.09667	0.00984	0.00797	0.00910	0.00763	0.00621	0.00968	0.00889	0.01212	0.01578	0.07519	0.01624	0.17625	0.44555	0.00602	0.00987	0.07111	0.00310	0.00459
32	0.68574	0.00982	0.00891	0.00935	0.07771	0.01111	0.00685	0.01486	0.00947	0.02194	0.00975	0.01448	0.00859	0.00589	0.00384	0.00169	0.00430	0.08660	0.00334	0.00577
33	0.01381	0.01347	0.01877	0.09945	0.51194	0.10005	0.01402	0.08161	0.01308	0.01756	0.00975	0.01243	0.00797	0.00487	0.00503	0.00149	0.00643	0.00440	0.00283	0.06104

[dist]
# distance from previous block
# <min> <max>
0	2

[block]
# block no. 3 follows, 47 sequences, length 41
# corresponding to MSA columns:
# 200-240
name=unknown_D
#
# <colnr> <probs for GDERKNQSTAVLIFYWHMCP>
#	G	D	E	R	K	N	Q	S	T	A	V	L	I	F	Y	W	H	M	C	P
0	0.00905	0.00533	0.00710	0.00760	0.00860	0.00488	0.00545	0.01030	0.01110	0.12967	0.05975	0.59021	0.05663	0.01438	0.00643	0.00203	0.00330	0.05809	0.00511	0.00499
1	0.15274	0.00991	0.01192	0.00929	0.01322	0.00956	0.00767	0.13475	0.01539	0.55549	0.01726	0.01549	0.01115	0.00616	0.00492	0.00160	0.00456	0.00478	0.00576	0.00836
2	0.01395	0.00974	0.01172	0.12829	0.01552	0.01078	0.00850	0.26278	0.11379	0.05796	0.01456	0.01796	0.01156	0.00830	0.00722	0.11989	0.00493	0.04708	0.12889	0.00657
3	0.00714	0.00543	0.00768	0.00780	0.00879	0.00597	0.00597	0.00883	0.00905	0.01250	0.02117	0.10090	0.13015	0.03301	0.60248	0.00678	0.01121	0.00727	0.00329	0.00457
4	0.01396	0.00909	0.01055	0.00939	0.01203	0.00961	0.00728	0.04005	0.38205	0.20070	0.09273	0.15094	0.02115	0.00875	0.00558	0.00177	0.00390	0.00750	0.00553	0.00744
5	0.00821	0.00513	0.00683	0.00729	0.00815	0.00471	0.00512	0.00957	0.01152	0.08926	0.19844	0.56190	0.03571	0.01409	0.00640	0.00196	0.00303	0.01267	0.00519	0.00483
6	0.01758	0.00775	0.01051	0.00908	0.01199	0.00699	0.00747	0.03355	0.01395	0.49152	0.05679	0.10407	0.02035	0.00936	0.00585	0.00184	0.00431	0.17386	0.00586	0.00733
7	0.00859	0.00643	0.00835	0.00919	0.01044	0.00662	0.00753	0.01248	0.12566	0.01597	0.02688	0.23009	0.02892	0.01374	0.00678	0.00224	0.00428	0.46574	0.00488	0.00518
8	0.00836	0.00604	0.00748	0.00796	0.00884	0.00601	0.00559	0.12091	0.01214	0.01621	0.02628	0.69376	0.03062	0.01481	0.00643	0.00203	0.00343	0.01329	0.00489	0.00492
9	0.01306	0.00584	0.00663	0.00594	0.00784	0.00554	0.00463	0.01538	0.01190	0.20805	0.01786	0.01900	0.01324	0.00616	0.00403	0.00131	0.00292	0.00495	0.63989	0.00584
10	0.08791	0.00523	0.00614	0.00678	0.00732	0.00518	0.00448	0.00821	0.00945	0.01376	0.05502	0.50392	0.02832	0.22048	0.01139	0.00280	0.00361	0.01157	0.00429	0.00412
11	0.09676	0.01150	0.01233	0.01035	0.01378	0.01274	0.00829	0.19844	0.40661	0.14562	0.01773	0.01649	0.01280	0.00656	0.00507	0.00168	0.00454	0.00521	0.00526	0.00823
12	0.02033	0.01373	0.01510	0.01158	0.01572	0.01488	0.00956	0.65618	0.02305	0.14579	0.01371	0.01328	0.00946	0.00628	0.00521	0.00157	0.00554	0.00477	0.00539	0.00886
13	0.85377	0.01007	0.00765	0.00685	0.01007	0.01168	0.00564	0.01531	0.00886	0.02336	0.00725	0.00846	0.00564	0.00483	0.00322	0.00161	0.00403	0.00282	0.00322	0.00564
14	0.00982	0.00563	0.00605	0.00611	0.00749	0.00580	0.00479	0.01342	0.08431	0.01907	0.01897	0.02530	0.01608	0.00741	0.00433	0.00144	0.00294	0.11633	0.63953	0.00517
15	0.00756	0.00509	0.00590	0.00590	0.00598	0.00517	0.00343	0.00772	0.00764	0.01026	0.01620	0.03295	0.01844	0.75228	0.09054	0.00532	0.00579	0.00741	0.00313	0.00328
16	0.01137	0.00752	0.00808	0.00740	0.00862	0.03993	0.00500	0.01429	0.14267	0.12862	0.01751	0.02805	0.01699	0.52068	0.01872	0.00381	0.00498	0.00675	0.00400	0.00502
17	0.02327	0.00901	0.01218	0.00934	0.01337	0.00787	0.00771	0.04460	0.01515	0.76853	0.02034	0.01759	0.01279	0.00644	0.00524	0.00161	0.00446	0.00522	0.00641	0.00886
18	0.02033	0.01373	0.01510	0.01158	0.01572	0.01488	0.00956	0.65618	0.02305	0.14579	0.01371	0.01328	0.00946	0.00628	0.00521	0.00157	0.00554	0.00477	0.00539	0.00886
19	0.01295	0.01119	0.01178	0.01060	0.01354	0.01295	0.00824	0.02767	0.77509	0.02178	0.02120	0.01943	0.01590	0.00707	0.00530	0.00177	0.00412	0.00589	0.00530	0.00824
20	0.02002	0.01358	0.01493	0.01151	0.01561	0.01474	0.00949	0.62312	0.05661	0.14530	0.01409	0.01359	0.00977	0.00632	0.00522	0.00158	0.00546	0.00482	0.00540	0.00883
21	0.00752	0.00502	0.00570	0.00575	0.00577	0.00501	0.00323	0.00756	0.00769	0.01025	0.01698	0.07051	0.01966	0.77956	0.02558	0.00491	0.00495	0.00791	0.00323	0.00321
22	0.00634	0.00453	0.00604	0.00725	0.00755	0.00423	0.00483	0.00725	0.00997	0.01329	0.02870	0.81358	0.03444	0.01632	0.00665	0.00211	0.00302	0.01480	0.00483	0.00423
23	0.01080	0.00926	0.01080	0.00771	0.01234	0.00694	0.00617	0.01311	0.01080	0.01697	0.00926	0.01080	0.00771	0.00386	0.00386	0.00077	0.00386	0.00309	0.00309	0.84882
24	0.01980	0.01459	0.01563	0.01198	0.01615	0.01615	0.00990	0.76713	0.02448	0.03282	0.01250	0.01250	0.00886	0.00625	0.00521	0.00156	0.00573	0.00469	0.00521	0.00886
25	0.01793	0.01366	0.01458	0.01160	0.01544	0.01528	0.00945	0.56531	0.22935	0.02981	0.01488	0.01439	0.01078	0.00647	0.00523	0.00162	0.00529	0.00502	0.00523	0.00869
26	0.00757	0.00505	0.00568	0.00568	0.00568	0.00505	0.00316	0.00757	0.00757	0.01010	0.01641	0.03408	0.01893	0.81698	0.02651	0.00505	0.00505	0.00757	0.00316	0.00316
27	0.02040	0.01362	0.01503	0.01153	0.01567	0.01472	0.00952	0.64241	0.02287	0.15982	0.01386	0.01338	0.00953	0.00628	0.00521	0.00157	0.00551	0.00478	0.00542	0.00886
28	0.00839	0.00599	0.00839	0.00959	0.01079	0.00599	0.00839	0.01079	0.01199	0.01558	0.02757	0.05874	0.02997	0.01439	0.00719	0.00240	0.00480	0.74945	0.00480	0.00480
29	0.00744	0.00558	0.00837	0.00837	0.00930	0.00651	0.00651	0.00930	0.00837	0.01209	0.01395	0.02046	0.01302	0.03906	0.79635	0.00837	0.01395	0.00558	0.00279	0.00465
30	0.10039	0.00849	0.01056	0.00844	0.01192	0.00788	0.00689	0.02254	0.05079	0.56249	0.01877	0.01717	0.01241	0.00626	0.00481	0.00156	0.00408	0.00498	0.13164	0.00792
31	0.00713	0.00534	0.00669	0.00692	0.00816	0.00491	0.00536	0.00908	0.01282	0.01706	0.34241	0.14614	0.23389	0.01280	0.00642	0.00188	0.00305	0.16007	0.00519	0.00467
32	0.01617	0.01279	0.01359	0.01125	0.01477	0.01446	0.00902	0.37561	0.42191	0.02698	0.01711	0.01617	0.01258	0.00668	0.00526	0.00167	0.00488	0.00532	0.00526	0.00853
33	0.00848	0.00500	0.00644	0.00709	0.00788	0.00465	0.00493	0.00972	0.01059	0.08846	0.02617	0.61853	0.02922	0.01384	0.00606	0.00193	0.00307	0.01240	0.13079	0.00477
34	0.02092	0.01279	0.01452	0.01113	0.01525	0.01348	0.00919	0.53431	0.02148	0.26989	0.01503	0.01414	0.01012	0.00631	0.00522	0.00158	0.00532	0.00486	0.00560	0.00886
35	0.02067	0.01318	0.01476	0.01132	0.01545	0.01406	0.00935	0.58511	0.02213	0.21817	0.01448	0.01378	0.00985	0.00630	0.00522	0.00157	0.00541	0.00482	0.00551	0.00886
36	0.25926	0.00921	0.01083	0.00858	0.01238	0.00880	0.00708	0.02252	0.01319	0.57086	0.01677	0.01509	0.01083	0.00599	0.00466	0.00161	0.00432	0.00455	0.00553	0.00795
37	0.01188	0.00595	0.00799	0.00787	0.00937	0.00536	0.00571	0.01313	0.01152	0.26408	0.02579	0.53900	0.02713	0.03049	0.00662	0.00202	0.00352	0.01155	0.00532	0.00571
38	0.00938	0.00646	0.00752	0.00717	0.00805	0.00659	0.00484	0.12166	0.01141	0.02893	0.08488	0.20605	0.02331	0.41691	0.03115	0.00357	0.00463	0.00885	0.00411	0.00453
39	0.00634	0.00453	0.00604	0.00725	0.00755	0.00423	0.00483	0.00725	0.00997	0.01329	0.02870	0.81358	0.03444	0.01632	0.00665	0.00211	0.00302	0.01480	0.00483	0.00423
40	0.01120	0.00647	0.00815	0.00785	0.00921	0.00626	0.00562	0.08372	0.01183	0.16508	0.02283	0.41349	0.02426	0.16006	0.03644	0.00271	0.00429	0.01035	0.00481	0.00539

[dist]
# distance from previous block
# <min> <max>
0	1

[block]
# block no. 4 follows, 47 sequences, length 34
# corresponding to MSA columns:
# 242-275
name=unknown_E
#
# <colnr> <probs for GDERKNQSTAVLIFYWHMCP>
#	G	D	E	R	K	N	Q	S	T	A	V	L	I	F	Y	W	H	M	C	P
0	0.21319	0.20866	0.27024	0.05459	0.01761	0.09801	0.03982	0.01629	0.01081	0.01656	0.00825	0.00986	0.00647	0.00484	0.00419	0.00149	0.00650	0.00343	0.00252	0.00666
1	0.01249	0.01202	0.01995	0.13390	0.64993	0.02684	0.01547	0.01558	0.01172	0.01640	0.01016	0.01417	0.00862	0.00499	0.00521	0.00159	0.00631	0.02428	0.00260	0.00779
2	0.01025	0.00919	0.01152	0.00956	0.01183	0.03002	0.00767	0.01203	0.00944	0.01423	0.00997	0.01406	0.00913	0.03940	0.20621	0.00322	0.22208	0.00425	0.00279	0.36315
3	0.05515	0.00973	0.03665	0.01074	0.06022	0.00834	0.00845	0.02418	0.02868	0.67251	0.01903	0.01689	0.01218	0.00624	0.00514	0.00161	0.00462	0.00507	0.00593	0.00865
4	0.03765	0.00717	0.00912	0.00876	0.01071	0.00711	0.00714	0.04295	0.07756	0.15637	0.12483	0.07436	0.02501	0.03033	0.00738	0.04761	0.00423	0.28641	0.01713	0.01817
5	0.03706	0.00882	0.01175	0.00913	0.01296	0.00783	0.00750	0.03752	0.03122	0.69797	0.06633	0.01879	0.01495	0.00668	0.00526	0.00162	0.00432	0.00545	0.00630	0.00855
6	0.00764	0.00524	0.00662	0.00631	0.00753	0.00488	0.00472	0.01004	0.01407	0.02038	0.64738	0.05158	0.06053	0.01020	0.00581	0.00159	0.00247	0.00894	0.11919	0.00488
7	0.04121	0.01062	0.01290	0.01001	0.01394	0.01044	0.00823	0.25865	0.03396	0.48949	0.03013	0.02997	0.01247	0.00660	0.00522	0.00161	0.00477	0.00525	0.00592	0.00863
8	0.00941	0.00576	0.00751	0.00687	0.00847	0.00522	0.00522	0.01167	0.01437	0.12377	0.60070	0.07172	0.08803	0.01049	0.00604	0.00166	0.00276	0.00919	0.00573	0.00538
9	0.05394	0.00932	0.01152	0.00903	0.01266	0.00885	0.00741	0.14657	0.01572	0.52822	0.01820	0.01672	0.01199	0.00630	0.00494	0.00155	0.00436	0.00500	0.11951	0.00819
10	0.01935	0.00797	0.01080	0.00858	0.01191	0.00697	0.00697	0.02148	0.01486	0.59556	0.21158	0.02304	0.02199	0.00750	0.00546	0.00162	0.00394	0.00629	0.00627	0.00787
11	0.01561	0.00786	0.00987	0.00834	0.01109	0.00741	0.00654	0.01951	0.13555	0.37840	0.16406	0.06225	0.08560	0.05538	0.00679	0.00188	0.00384	0.00717	0.00573	0.00712
12	0.74159	0.00991	0.00825	0.00717	0.01051	0.01114	0.00591	0.01667	0.00968	0.12668	0.00905	0.00971	0.00662	0.00505	0.00349	0.00161	0.00408	0.00315	0.00366	0.00608
13	0.00752	0.00548	0.00709	0.00666	0.00794	0.00513	0.00500	0.01032	0.03554	0.02091	0.76094	0.03837	0.04823	0.01055	0.00612	0.00164	0.00250	0.00932	0.00572	0.00500
14	0.00744	0.00622	0.00661	0.00659	0.00831	0.00592	0.00489	0.01113	0.14920	0.01547	0.05800	0.17070	0.50544	0.01255	0.00608	0.00182	0.00296	0.01067	0.00494	0.00507
15	0.00648	0.00481	0.00604	0.00674	0.00749	0.00438	0.00467	0.00773	0.01116	0.01473	0.16055	0.53011	0.18661	0.01473	0.00646	0.00196	0.00285	0.01313	0.00499	0.00438
16	0.85377	0.01007	0.00765	0.00685	0.01007	0.01168	0.00564	0.01531	0.00886	0.02336	0.00725	0.00846	0.00564	0.00483	0.00322	0.00161	0.00403	0.00282	0.00322	0.00564
17	0.00905	0.00452	0.00678	0.00678	0.00678	0.00452	0.00452	0.00678	0.00678	0.00905	0.00905	0.01583	0.00905	0.01809	0.02035	0.84848	0.00452	0.00452	0.00226	0.00226
18	0.01080	0.00926	0.01080	0.00771	0.01234	0.00694	0.00617	0.01311	0.01080	0.01697	0.00926	0.01080	0.00771	0.00386	0.00386	0.00077	0.00386	0.00309	0.00309	0.84882
19	0.00757	0.00505	0.00568	0.00568	0.00568	0.00505	0.00316	0.00757	0.00757	0.01010	0.01641	0.03408	0.01893	0.81698	0.02651	0.00505	0.00505	0.00757	0.00316	0.00316
20	0.02049	0.01347	0.01494	0.01145	0.01559	0.01449	0.00946	0.62195	0.02261	0.18065	0.01408	0.01353	0.00965	0.00629	0.00521	0.00157	0.00548	0.00480	0.00545	0.00886
21	0.14825	0.00627	0.00631	0.00598	0.00799	0.00588	0.00457	0.01014	0.01175	0.06324	0.12852	0.05639	0.48477	0.03027	0.00611	0.00180	0.00302	0.00910	0.00473	0.00490
22	0.00632	0.00463	0.00594	0.00698	0.00748	0.00425	0.00472	0.00728	0.01023	0.01340	0.03195	0.71045	0.13548	0.01589	0.00658	0.00207	0.00297	0.01429	0.00483	0.00425
23	0.01745	0.00742	0.00980	0.00798	0.01091	0.00658	0.00641	0.01963	0.01433	0.48882	0.21397	0.02335	0.02219	0.00746	0.00525	0.00156	0.00366	0.00625	0.11967	0.00732
24	0.01088	0.00611	0.00737	0.00671	0.00778	0.00590	0.00448	0.01224	0.04456	0.16423	0.11161	0.03081	0.02133	0.52254	0.01888	0.00381	0.00457	0.00727	0.00421	0.00472
25	0.00744	0.00496	0.00638	0.00705	0.00785	0.00452	0.00489	0.00860	0.01093	0.06102	0.09542	0.59639	0.13543	0.01481	0.00645	0.00200	0.00301	0.01325	0.00501	0.00459
26	0.01080	0.00926	0.01080	0.00771	0.01234	0.00694	0.00617	0.01311	0.01080	0.01697	0.00926	0.01080	0.00771	0.00386	0.00386	0.00077	0.00386	0.00309	0.00309	0.84882
27	0.00705	0.00523	0.00677	0.00671	0.00784	0.00495	0.00498	0.00903	0.01275	0.01757	0.45933	0.15232	0.15035	0.01570	0.11297	0.00264	0.00412	0.00993	0.00507	0.00470
28	0.12530	0.00941	0.00994	0.00898	0.01153	0.01051	0.00699	0.02118	0.45037	0.03990	0.22256	0.02311	0.02332	0.00771	0.00524	0.00171	0.00367	0.00640	0.00516	0.00702
29	0.00704	0.00516	0.00625	0.00621	0.00727	0.00472	0.00443	0.00870	0.01242	0.01687	0.40008	0.14304	0.20718	0.12021	0.00890	0.00218	0.00292	0.01015	0.02183	0.00447
30	0.00786	0.00841	0.11369	0.00897	0.01073	0.00712	0.00789	0.01010	0.00864	0.01248	0.01357	0.02055	0.01274	0.11245	0.61224	0.00713	0.01221	0.00555	0.00275	0.00491
31	0.01885	0.01260	0.01376	0.01070	0.01445	0.01362	0.00879	0.57766	0.02152	0.12009	0.01406	0.01405	0.00994	0.00625	0.00500	0.00152	0.00513	0.00478	0.11893	0.00832
32	0.00634	0.00453	0.00604	0.00725	0.00755	0.00423	0.00483	0.00725	0.00997	0.01329	0.02870	0.81358	0.03444	0.01632	0.00665	0.00211	0.00302	0.01480	0.00483	0.00423
33	0.01128	0.00733	0.00961	0.13998	0.01393	0.00743	0.00721	0.04315	0.04234	0.16319	0.15806	0.06207	0.21689	0.04668	0.02832	0.00205	0.02206	0.00783	0.00472	0.00586

[dist]
# distance from previous block
# <min> <max>
0	1

[block]
# block no. 5 follows, 47 sequences, length 46
# corresponding to MSA columns:
# 277-306,312-327
name=unknown_F
#
# <colnr> <probs for GDERKNQSTAVLIFYWHMCP>
#	G	D	E	R	K	N	Q	S	T	A	V	L	I	F	Y	W	H	M	C	P
0	0.38110	0.01022	0.01311	0.26328	0.19095	0.01163	0.01068	0.01465	0.01009	0.01857	0.00950	0.01212	0.02456	0.00510	0.00435	0.00164	0.00539	0.00398	0.00283	0.00624
1	0.24502	0.01174	0.01448	0.20162	0.13575	0.03723	0.03436	0.17177	0.01332	0.02096	0.00943	0.01163	0.00724	0.00521	0.00479	0.00159	0.01848	0.00408	0.00327	0.04807
2	0.00832	0.00549	0.00631	0.00615	0.00638	0.00556	0.00368	0.04734	0.00845	0.01127	0.01584	0.05091	0.01789	0.68094	0.02432	0.08222	0.00499	0.00732	0.00322	0.00340
3	0.04112	0.00977	0.01570	0.06713	0.44952	0.00983	0.02547	0.01322	0.01130	0.01608	0.07914	0.04230	0.08382	0.04087	0.00737	0.06638	0.00530	0.00599	0.00312	0.00658
4	0.01196	0.01204	0.03187	0.17221	0.27129	0.01216	0.23658	0.04753	0.01209	0.01675	0.03331	0.02823	0.00951	0.00529	0.00595	0.00166	0.03992	0.00533	0.00280	0.04353
5	0.01335	0.00726	0.00928	0.00798	0.01035	0.00688	0.00625	0.01729	0.11569	0.27212	0.43168	0.02939	0.03286	0.00880	0.00573	0.00165	0.00332	0.00758	0.00591	0.00665
6	0.00902	0.00540	0.00627	0.00601	0.00638	0.00529	0.00357	0.00921	0.00825	0.08152	0.01679	0.03258	0.01838	0.74257	0.02455	0.00473	0.00499	0.00736	0.00346	0.00368
7	0.00782	0.00514	0.00658	0.00720	0.00814	0.00469	0.00516	0.00903	0.01092	0.07287	0.05099	0.52437	0.16450	0.02827	0.00682	0.00207	0.00322	0.07259	0.00495	0.00466
8	0.01938	0.01110	0.01313	0.01041	0.01410	0.01151	0.00851	0.32132	0.09822	0.33355	0.01679	0.01606	0.01160	0.00943	0.07786	0.00223	0.00579	0.00512	0.00549	0.00841
9	0.75122	0.00960	0.00772	0.00689	0.00996	0.01094	0.00563	0.01511	0.00958	0.04601	0.07875	0.01153	0.00985	0.00542	0.00355	0.00161	0.00390	0.00350	0.00355	0.00567
10	0.01327	0.00685	0.00880	0.00795	0.00997	0.00640	0.00597	0.01596	0.07857	0.29140	0.15185	0.23882	0.04409	0.08588	0.00779	0.00209	0.00370	0.00894	0.00544	0.00625
11	0.01060	0.00642	0.00840	0.00846	0.04947	0.00593	0.00587	0.03357	0.01301	0.15857	0.27638	0.19281	0.12390	0.07339	0.00758	0.00200	0.00345	0.00942	0.00519	0.00559
12	0.01390	0.01087	0.01182	0.01020	0.01342	0.01190	0.00806	0.09454	0.53748	0.08049	0.02020	0.01965	0.03393	0.00699	0.00522	0.00166	0.00425	0.02493	0.00515	0.08533
13	0.01706	0.01266	0.01375	0.01109	0.01452	0.01392	0.00893	0.58764	0.07457	0.02877	0.01583	0.14766	0.01365	0.00800	0.00546	0.00167	0.00516	0.00647	0.00515	0.00804
14	0.00824	0.00537	0.00678	0.00684	0.00811	0.00483	0.00500	0.00986	0.01240	0.08707	0.27488	0.31317	0.19722	0.01288	0.00626	0.00184	0.00292	0.02612	0.00527	0.00492
15	0.09220	0.00791	0.00888	0.00784	0.01004	0.00811	0.00598	0.08806	0.11466	0.15065	0.14477	0.08615	0.05392	0.11244	0.00794	0.00208	0.00386	0.00699	0.08134	0.00617
16	0.00733	0.00571	0.00673	0.00723	0.00828	0.00558	0.00510	0.01038	0.12228	0.01492	0.06003	0.47957	0.20157	0.03135	0.00675	0.00203	0.00312	0.01229	0.00490	0.00486
17	0.00735	0.00551	0.00689	0.00767	0.00848	0.00543	0.00549	0.00997	0.09358	0.01465	0.05053	0.54113	0.08549	0.03987	0.00714	0.00216	0.00336	0.09573	0.00485	0.00473
18	0.06981	0.00742	0.00956	0.00791	0.01070	0.00672	0.00632	0.01799	0.01437	0.40929	0.32765	0.02652	0.04706	0.00821	0.00550	0.00163	0.00356	0.00692	0.00591	0.00695
19	0.00708	0.00519	0.00658	0.00700	0.00786	0.00474	0.00482	0.00841	0.02224	0.01453	0.13740	0.51115	0.07332	0.07138	0.00805	0.02166	0.00318	0.01202	0.00466	0.06872
20	0.01980	0.01459	0.01563	0.01198	0.01615	0.01615	0.00990	0.76713	0.02448	0.03282	0.01250	0.01250	0.00886	0.00625	0.00521	0.00156	0.00573	0.00469	0.00521	0.00886
21	0.01112	0.00606	0.00782	0.00711	0.00883	0.00547	0.00531	0.01289	0.01312	0.20915	0.34182	0.14005	0.10326	0.09442	0.00810	0.00206	0.00331	0.00907	0.00544	0.00557
22	0.00820	0.00520	0.00681	0.00713	0.00808	0.00482	0.00504	0.00955	0.01136	0.08584	0.18169	0.46674	0.08605	0.04833	0.03764	0.00231	0.00351	0.01191	0.00502	0.00478
23	0.01137	0.00653	0.00805	0.00713	0.00923	0.00602	0.00553	0.01437	0.06820	0.19774	0.36640	0.03379	0.18152	0.00968	0.00574	0.00164	0.00307	0.00827	0.04976	0.00596
24	0.01392	0.82012	0.02729	0.00891	0.01337	0.02061	0.00891	0.01559	0.01058	0.01225	0.00724	0.00835	0.00668	0.00446	0.00334	0.00111	0.00557	0.00278	0.00223	0.00668
25	0.00965	0.00794	0.01142	0.16736	0.01567	0.00968	0.00895	0.08012	0.01022	0.01435	0.01199	0.01752	0.01073	0.04779	0.41971	0.00534	0.12465	0.00521	0.01631	0.00537
26	0.00966	0.03241	0.08310	0.03350	0.01279	0.02783	0.04183	0.03545	0.00966	0.01377	0.01301	0.07929	0.01259	0.09262	0.27801	0.00436	0.16462	0.00592	0.04425	0.00533
27	0.00848	0.00578	0.00749	0.00743	0.00834	0.00628	0.00555	0.04416	0.00964	0.01401	0.01622	0.02684	0.01591	0.22395	0.37233	0.00557	0.00872	0.07421	0.13457	0.00452
28	0.00744	0.00558	0.00837	0.00837	0.00930	0.00651	0.00651	0.00930	0.00837	0.01209	0.01395	0.02046	0.01302	0.03906	0.79635	0.00837	0.01395	0.00558	0.00279	0.00465
29	0.56749	0.01113	0.02324	0.03730	0.18525	0.02294	0.02040	0.02912	0.01017	0.03976	0.00839	0.01005	0.00656	0.00487	0.00389	0.00160	0.00484	0.00345	0.00313	0.00642
30	0.01095	0.01042	0.01747	0.51338	0.21732	0.01196	0.05376	0.01524	0.06921	0.01504	0.01037	0.01407	0.00800	0.00517	0.00525	0.00169	0.00664	0.00481	0.00262	0.00664
31	0.00925	0.00514	0.00720	0.00716	0.00745	0.00528	0.00488	0.00873	0.07750	0.01046	0.01129	0.06205	0.01114	0.01698	0.01818	0.72206	0.00440	0.00524	0.00269	0.00292
32	0.01279	0.01135	0.01362	0.01251	0.05492	0.01278	0.06637	0.02588	0.66219	0.02113	0.03445	0.01905	0.01553	0.00680	0.00537	0.00175	0.00455	0.00591	0.00496	0.00809
33	0.01658	0.01167	0.01295	0.01038	0.01350	0.01265	0.00829	0.52925	0.02004	0.05462	0.07225	0.05827	0.01401	0.05485	0.00797	0.07955	0.00514	0.00575	0.00489	0.00738
34	0.01980	0.01459	0.01563	0.01198	0.01615	0.01615	0.00990	0.76713	0.02448	0.03282	0.01250	0.01250	0.00886	0.00625	0.00521	0.00156	0.00573	0.00469	0.00521	0.00886
