[name]
unknown

[dist]
# distance from previous block
# <min> <max>
21	150

[block]
# block no. 0 follows, 48 sequences, length 20
# corresponding to MSA columns:
# 177-196
name=unknown_A
#
# <colnr> <probs for GDERKNQSTAVLIFYWHMCP>
#	G	D	E	R	K	N	Q	S	T	A	V	L	I	F	Y	W	H	M	C	P
0	0.11024	0.06302	0.01647	0.05271	0.01658	0.01101	0.18027	0.07007	0.03469	0.14929	0.04169	0.02954	0.01078	0.01902	0.01953	0.00169	0.03910	0.00494	0.00373	0.12563
1	0.09901	0.01132	0.06180	0.00895	0.01328	0.03255	0.00768	0.08992	0.04892	0.15432	0.01170	0.01214	0.00868	0.00484	0.00427	0.00118	0.00451	0.00372	0.00387	0.41734
2	0.07819	0.01342	0.14570	0.07866	0.03063	0.01149	0.01042	0.18050	0.13374	0.17916	0.01400	0.01456	0.01008	0.03003	0.00552	0.00168	0.00534	0.00464	0.00430	0.04794
3	0.10079	0.01113	0.01148	0.01003	0.02378	0.07912	0.00781	0.14715	0.19019	0.20857	0.03544	0.10785	0.01498	0.00754	0.00514	0.00166	0.00473	0.02031	0.00496	0.00733
4	0.01415	0.01042	0.01214	0.02764	0.05899	0.01133	0.00837	0.15998	0.36128	0.10931	0.14951	0.02050	0.01905	0.00717	0.00533	0.00165	0.00428	0.00601	0.00519	0.00769
5	0.00630	0.00509	0.00560	0.00573	0.00714	0.00439	0.00420	0.00772	0.01188	0.01488	0.17324	0.17080	0.53896	0.01306	0.00614	0.00177	0.00263	0.01117	0.00492	0.00439
6	0.01831	0.01288	0.01462	0.01243	0.06495	0.01395	0.00953	0.52532	0.10508	0.11930	0.04084	0.01461	0.01130	0.00632	0.00517	0.00157	0.00524	0.00497	0.00514	0.00849
7	0.00646	0.00521	0.00575	0.00562	0.00718	0.00450	0.00421	0.00814	0.01264	0.01610	0.29650	0.04569	0.53966	0.01216	0.00606	0.00169	0.00254	0.01031	0.00506	0.00450
8	0.01372	0.82276	0.02689	0.00878	0.01317	0.02030	0.00878	0.01536	0.01043	0.01207	0.00713	0.00823	0.00658	0.00439	0.00329	0.00110	0.00549	0.00274	0.00219	0.00658
9	0.00969	0.00912	0.01539	0.80734	0.03534	0.01140	0.01425	0.01311	0.01026	0.01311	0.00912	0.01368	0.00684	0.00513	0.00513	0.00171	0.00684	0.00456	0.00228	0.00570
10	0.10324	0.01353	0.01424	0.01113	0.01505	0.01501	0.00915	0.62116	0.07596	0.05155	0.01263	0.01255	0.00901	0.00608	0.00494	0.00156	0.00533	0.00453	0.00498	0.00836
11	0.65537	0.03321	0.00935	0.00761	0.01097	0.01191	0.00631	0.09173	0.03326	0.08694	0.00914	0.00980	0.00679	0.00509	0.00360	0.00157	0.00421	0.00325	0.00366	0.00624
12	0.00625	0.00447	0.00595	0.00714	0.00744	0.00417	0.00476	0.00714	0.00982	0.01310	0.02828	0.81633	0.03394	0.01608	0.00655	0.00208	0.00298	0.01459	0.00476	0.00417
13	0.00973	0.00794	0.01168	0.09008	0.01364	0.00928	0.06186	0.07569	0.01017	0.01460	0.01238	0.01829	0.01121	0.09872	0.33543	0.00474	0.12741	0.00535	0.07657	0.00524
14	0.01674	0.01978	0.01595	0.09469	0.07321	0.51232	0.05978	0.05217	0.06501	0.01462	0.00937	0.01107	0.00752	0.00537	0.00508	0.00146	0.02265	0.00394	0.00287	0.00640
15	0.01198	0.01028	0.06632	0.00848	0.01284	0.00764	0.00726	0.04254	0.03815	0.09509	0.01201	0.06383	0.01006	0.00512	0.00429	0.00105	0.00415	0.00421	0.00358	0.59112
16	0.01088	0.00898	0.01143	0.00884	0.01257	0.00757	0.05556	0.05021	0.05452	0.03893	0.01362	0.14993	0.01279	0.00631	0.00460	0.00117	0.00409	0.00551	0.00362	0.53888
17	0.01140	0.27292	0.53523	0.01300	0.01953	0.01454	0.03591	0.01598	0.01074	0.01496	0.00860	0.01011	0.00656	0.00471	0.00442	0.00146	0.00696	0.00353	0.00219	0.00726
18	0.01107	0.01101	0.01568	0.09331	0.01567	0.01528	0.01153	0.01243	0.00810	0.01243	0.00698	0.01147	0.00675	0.00859	0.01566	0.00219	0.72948	0.00450	0.00225	0.00562
19	0.01879	0.01227	0.01372	0.01078	0.01446	0.01312	0.00877	0.53426	0.04079	0.17774	0.01531	0.07116	0.01170	0.02550	0.00572	0.00167	0.00515	0.00553	0.00530	0.00826

[dist]
# distance from previous block
# <min> <max>
5	15

[block]
# block no. 1 follows, 48 sequences, length 13
# corresponding to MSA columns:
# 212-224
name=unknown_B
#
# <colnr> <probs for GDERKNQSTAVLIFYWHMCP>
#	G	D	E	R	K	N	Q	S	T	A	V	L	I	F	Y	W	H	M	C	P
0	0.03083	0.40845	0.15137	0.14219	0.01780	0.01494	0.01112	0.01437	0.01075	0.01391	0.04096	0.01645	0.01087	0.00597	0.00441	0.00146	0.00582	0.08937	0.00265	0.00630
1	0.01663	0.01279	0.01365	0.01099	0.01464	0.01420	0.00889	0.47182	0.27495	0.02773	0.01517	0.01472	0.01112	0.00633	0.00507	0.00157	0.00496	0.00496	0.02800	0.04183
2	0.15218	0.04545	0.47227	0.01181	0.01785	0.01112	0.01384	0.01670	0.01089	0.10599	0.01005	0.01108	0.00716	0.00490	0.00447	0.00151	0.00618	0.00367	0.00290	0.08995
3	0.00693	0.00495	0.00673	0.00792	0.00851	0.00475	0.00594	0.00832	0.01049	0.01386	0.02791	0.56142	0.03246	0.01544	0.00673	0.00218	0.00356	0.26280	0.00475	0.00435
4	0.01018	0.00666	0.00803	0.00709	0.00901	0.00631	0.00547	0.09795	0.01488	0.10617	0.44109	0.03518	0.19077	0.03050	0.00636	0.00171	0.00311	0.00856	0.00542	0.00557
5	0.15268	0.01267	0.04658	0.02628	0.60971	0.03353	0.01401	0.01578	0.01124	0.01767	0.00917	0.01181	0.00760	0.00463	0.00474	0.00153	0.00588	0.00421	0.00263	0.00762
6	0.01123	0.01123	0.01572	0.01347	0.01347	0.01572	0.01123	0.01235	0.00786	0.01235	0.00674	0.01123	0.00674	0.00898	0.01684	0.00225	0.81028	0.00449	0.00225	0.00561
7	0.00624	0.00450	0.00592	0.00705	0.00742	0.00418	0.00472	0.00715	0.00991	0.01313	0.02937	0.78096	0.06860	0.01593	0.00653	0.00207	0.00296	0.01441	0.00476	0.00418
8	0.01282	0.10497	0.02152	0.02889	0.69902	0.01312	0.01495	0.01570	0.01154	0.01623	0.00936	0.01219	0.00795	0.00455	0.00488	0.00148	0.00603	0.00436	0.00250	0.00795
9	0.17242	0.01179	0.01318	0.14237	0.01744	0.02910	0.00928	0.33171	0.04902	0.15571	0.01245	0.01291	0.00875	0.00578	0.00477	0.00159	0.00533	0.00438	0.00446	0.00756
10	0.00896	0.00570	0.00649	0.00614	0.00805	0.00487	0.00465	0.01039	0.01213	0.14310	0.08367	0.12966	0.53306	0.01210	0.00597	0.00174	0.00292	0.01023	0.00508	0.00507
11	0.00643	0.00532	0.00571	0.00590	0.00754	0.00459	0.00462	0.00791	0.01171	0.01411	0.04786	0.05079	0.66016	0.01319	0.00623	0.00184	0.00295	0.13398	0.00476	0.00440
12	0.01385	0.01104	0.01833	0.17257	0.51877	0.01127	0.01411	0.01679	0.01192	0.14456	0.01131	0.01367	0.00865	0.00497	0.00510	0.00157	0.00595	0.00467	0.00312	0.00777

[dist]
# distance from previous block
# <min> <max>
0	48

[block]
# block no. 2 follows, 48 sequences, length 48
# corresponding to MSA columns:
# 273-320
name=unknown_C
#
# <colnr> <probs for GDERKNQSTAVLIFYWHMCP>
#	G	D	E	R	K	N	Q	S	T	A	V	L	I	F	Y	W	H	M	C	P
0	0.00746	0.00497	0.00560	0.00560	0.00560	0.00497	0.00311	0.00746	0.00746	0.00995	0.01617	0.03358	0.01865	0.81967	0.02612	0.00497	0.00497	0.00746	0.00311	0.00311
1	0.04087	0.00911	0.01473	0.69207	0.03202	0.01098	0.01321	0.01448	0.01069	0.09841	0.01026	0.01391	0.00743	0.00525	0.00506	0.00169	0.00647	0.00456	0.00276	0.00603
2	0.74611	0.01051	0.00857	0.00741	0.01071	0.01209	0.00611	0.11426	0.01075	0.02424	0.00782	0.00886	0.00597	0.00495	0.00343	0.00158	0.00419	0.00302	0.00343	0.00597
3	0.85592	0.00992	0.00754	0.00675	0.00992	0.01151	0.00556	0.01508	0.00873	0.02302	0.00714	0.00834	0.00556	0.00476	0.00318	0.00159	0.00397	0.00278	0.00318	0.00556
4	0.01161	0.00969	0.01116	0.00806	0.01257	0.00783	0.00648	0.09564	0.01211	0.01842	0.00947	0.01082	0.00772	0.00406	0.00395	0.00085	0.00400	0.00321	0.00327	0.75908
5	0.00606	0.00520	0.00520	0.00520	0.00693	0.00433	0.00390	0.00736	0.01170	0.01386	0.05198	0.04938	0.78558	0.01299	0.00606	0.00173	0.00260	0.01083	0.00476	0.00433
6	0.01744	0.01323	0.01426	0.01106	0.01507	0.01428	0.00904	0.57221	0.11917	0.02882	0.01298	0.01297	0.00946	0.00594	0.00496	0.00146	0.00519	0.00456	0.00486	0.12303
7	0.00699	0.00516	0.00654	0.00635	0.00754	0.00470	0.00470	0.00910	0.01366	0.01889	0.60683	0.11781	0.14987	0.01140	0.00610	0.00168	0.00250	0.01003	0.00544	0.00470
8	0.07694	0.00943	0.01200	0.00927	0.01320	0.00871	0.00765	0.10576	0.01533	0.65828	0.01852	0.01631	0.01180	0.00623	0.00503	0.00158	0.00448	0.00495	0.00601	0.00852
9	0.01038	0.02604	0.76596	0.01522	0.04910	0.01193	0.01885	0.01623	0.01086	0.01627	0.00922	0.01090	0.00656	0.00486	0.00488	0.00162	0.00753	0.00382	0.00218	0.00760
10	0.00733	0.00550	0.00825	0.00825	0.00916	0.00641	0.00641	0.00916	0.00825	0.01191	0.01374	0.02016	0.01283	0.03848	0.79934	0.00825	0.01374	0.00550	0.00275	0.00458
11	0.00816	0.00583	0.00811	0.00912	0.01031	0.00579	0.00789	0.01053	0.01211	0.01593	0.10990	0.05574	0.03159	0.01377	0.00697	0.00228	0.00447	0.67192	0.00483	0.00474
12	0.01091	0.02334	0.63047	0.10158	0.05001	0.01213	0.01773	0.06507	0.01167	0.01697	0.00942	0.01131	0.00674	0.00498	0.00493	0.00163	0.00732	0.00396	0.00239	0.00747
13	0.01029	0.02654	0.79309	0.01462	0.02221	0.01192	0.01896	0.01625	0.01083	0.01625	0.00921	0.01083	0.00650	0.00487	0.00487	0.00162	0.00758	0.00379	0.00217	0.00758
14	0.00751	0.00519	0.00663	0.00627	0.00748	0.00483	0.00470	0.00993	0.01411	0.02042	0.70109	0.03623	0.04456	0.01000	0.00578	0.00157	0.00242	0.00879	0.09763	0.00483
15	0.00625	0.00447	0.00595	0.00714	0.00744	0.00417	0.00476	0.00714	0.00982	0.01310	0.02828	0.81633	0.03394	0.01608	0.00655	0.00208	0.00298	0.01459	0.00476	0.00417
16	0.01259	0.01087	0.01144	0.01031	0.01318	0.01255	0.00801	0.02676	0.75880	0.02127	0.02168	0.01992	0.03535	0.00712	0.00524	0.00174	0.00402	0.00593	0.00521	0.00802
17	0.01917	0.02445	0.01454	0.01322	0.01586	0.79907	0.00991	0.02049	0.01454	0.01256	0.00793	0.00925	0.00661	0.00529	0.00463	0.00132	0.00925	0.00330	0.00264	0.00595
18	0.01064	0.00912	0.01064	0.00760	0.01216	0.00684	0.00608	0.01292	0.01064	0.01672	0.00912	0.01064	0.00760	0.00380	0.00380	0.00076	0.00380	0.00304	0.00304	0.85104
19	0.01303	0.01501	0.10526	0.03978	0.43157	0.08060	0.12722	0.04284	0.03257	0.01672	0.00983	0.01249	0.00791	0.00493	0.00563	0.00159	0.03815	0.00463	0.00266	0.00758
20	0.01991	0.06930	0.01402	0.01007	0.01360	0.01120	0.00843	0.19251	0.01568	0.45656	0.01592	0.01498	0.01071	0.00644	0.00625	0.00160	0.09267	0.00478	0.02722	0.00813
21	0.85592	0.00992	0.00754	0.00675	0.00992	0.01151	0.00556	0.01508	0.00873	0.02302	0.00714	0.00834	0.00556	0.00476	0.00318	0.00159	0.00397	0.00278	0.00318	0.00556
22	0.00743	0.00512	0.00631	0.00631	0.00656	0.00536	0.00400	0.00792	0.00767	0.01048	0.01552	0.02997	0.01709	0.60964	0.23401	0.00585	0.00733	0.00693	0.00301	0.00350
23	0.00733	0.00550	0.00825	0.00825	0.00916	0.00641	0.00641	0.00916	0.00825	0.01191	0.01374	0.02016	0.01283	0.03848	0.79934	0.00825	0.01374	0.00550	0.00275	0.00458
24	0.00700	0.00550	0.00649	0.00699	0.00849	0.00500	0.00574	0.00874	0.01174	0.01449	0.04150	0.05297	0.46632	0.01349	0.00650	0.00200	0.00350	0.32428	0.00475	0.00450
25	0.01813	0.02278	0.01463	0.09992	0.01799	0.71308	0.01039	0.01968	0.01407	0.01262	0.00806	0.00974	0.00663	0.00527	0.00468	0.00136	0.00899	0.00344	0.00260	0.00592
26	0.10240	0.00970	0.01497	0.66702	0.05155	0.02762	0.02905	0.01361	0.01026	0.01435	0.00892	0.01298	0.00675	0.00506	0.00492	0.00168	0.00659	0.00437	0.00240	0.00578
27	0.01372	0.82276	0.02689	0.00878	0.01317	0.02030	0.00878	0.01536	0.01043	0.01207	0.00713	0.00823	0.00658	0.00439	0.00329	0.00110	0.00549	0.00274	0.00219	0.00658
28	0.00726	0.00524	0.00686	0.00646	0.00767	0.00484	0.00484	0.00968	0.01452	0.02058	0.78496	0.03833	0.04841	0.01049	0.00605	0.00161	0.00242	0.00928	0.00565	0.00484
29	0.00746	0.00497	0.00560	0.00560	0.00560	0.00497	0.00311	0.00746	0.00746	0.00995	0.01617	0.03358	0.01865	0.81967	0.02612	0.00497	0.00497	0.00746	0.00311	0.00311
30	0.85592	0.00992	0.00754	0.00675	0.00992	0.01151	0.00556	0.01508	0.00873	0.02302	0.00714	0.00834	0.00556	0.00476	0.00318	0.00159	0.00397	0.00278	0.00318	0.00556
31	0.01811	0.01148	0.10128	0.09729	0.01676	0.00979	0.00983	0.07665	0.12431	0.43795	0.01742	0.01692	0.01181	0.00627	0.00517	0.00164	0.00506	0.01900	0.00515	0.00811
32	0.24017	0.10478	0.25178	0.02883	0.04460	0.01340	0.10777	0.09994	0.01181	0.01930	0.00887	0.01055	0.00674	0.00496	0.00474	0.00158	0.02658	0.00384	0.00284	0.00690
33	0.85592	0.00992	0.00754	0.00675	0.00992	0.01151	0.00556	0.01508	0.00873	0.02302	0.00714	0.00834	0.00556	0.00476	0.00318	0.00159	0.00397	0.00278	0.00318	0.00556
34	0.01372	0.82276	0.02689	0.00878	0.01317	0.02030	0.00878	0.01536	0.01043	0.01207	0.00713	0.00823	0.00658	0.00439	0.00329	0.00110	0.00549	0.00274	0.00219	0.00658
35	0.00746	0.00497	0.00560	0.00560	0.00560	0.00497	0.00311	0.00746	0.00746	0.00995	0.01617	0.03358	0.01865	0.81967	0.02612	0.00497	0.00497	0.00746	0.00311	0.00311
36	0.00644	0.00521	0.00571	0.00559	0.00716	0.00449	0.00419	0.00808	0.01257	0.01594	0.27930	0.04595	0.55697	0.01222	0.00606	0.00170	0.00254	0.01035	0.00504	0.00449
37	0.01276	0.01102	0.01160	0.01044	0.01334	0.01276	0.00812	0.02727	0.77840	0.02146	0.02088	0.01914	0.01566	0.00696	0.00522	0.00174	0.00406	0.00580	0.00522	0.00812
38	0.01951	0.01437	0.01540	0.01181	0.01591	0.01591	0.00975	0.77056	0.02412	0.03234	0.01232	0.01232	0.00873	0.00616	0.00513	0.00154	0.00565	0.00462	0.00513	0.00873
39	0.01064	0.00912	0.01064	0.00760	0.01216	0.00684	0.00608	0.01292	0.01064	0.01672	0.00912	0.01064	0.00760	0.00380	0.00380	0.00076	0.00380	0.00304	0.00304	0.85104
40	0.01071	0.12486	0.69847	0.01390	0.02109	0.01295	0.01770	0.01614	0.01078	0.01573	0.00895	0.01051	0.00651	0.00481	0.00468	0.00156	0.00732	0.00366	0.00217	0.00746
41	0.00703	0.00524	0.00653	0.00621	0.00752	0.00474	0.00466	0.00923	0.01397	0.01926	0.64120	0.04050	0.19300	0.01098	0.00605	0.00164	0.00246	0.00958	0.00548	0.00474
42	0.01951	0.01437	0.01540	0.01181	0.01591	0.01591	0.00975	0.77056	0.02412	0.03234	0.01232	0.01232	0.00873	0.00616	0.00513	0.00154	0.00565	0.00462	0.00513	0.00873
43	0.01211	0.01384	0.03028	0.02163	0.02682	0.01298	0.76903	0.01644	0.01211	0.01644	0.01038	0.01384	0.00779	0.00433	0.00606	0.00173	0.00865	0.00606	0.00260	0.00692
44	0.00816	0.00583	0.00811	0.00912	0.01031	0.00579	0.00789	0.01053	0.01211	0.01593	0.10990	0.05574	0.03159	0.01377	0.00697	0.00228	0.00447	0.67192	0.00483	0.00474
45	0.00746	0.00497	0.00560	0.00560	0.00560	0.00497	0.00311	0.00746	0.00746	0.00995	0.01617	0.03358	0.01865	0.81967	0.02612	0.00497	0.00497	0.00746	0.00311	0.00311
46	0.85592	0.00992	0.00754	0.00675	0.00992	0.01151	0.00556	0.01508	0.00873	0.02302	0.00714	0.00834	0.00556	0.00476	0.00318	0.00159	0.00397	0.00278	0.00318	0.00556
47	0.01029	0.02654	0.79309	0.01462	0.02221	0.01192	0.01896	0.01625	0.01083	0.01625	0.00921	0.01083	0.00650	0.00487	0.00487	0.00162	0.00758	0.00379	0.00217	0.00758

[dist]
# distance from previous block
# <min> <max>
0	4

[block]
# block no. 3 follows, 48 sequences, length 75
# corresponding to MSA columns:
# 325-364,374-408
name=unknown_D
#
# <colnr> <probs for GDERKNQSTAVLIFYWHMCP>
#	G	D	E	R	K	N	Q	S	T	A	V	L	I	F	Y	W	H	M	C	P
0	0.00792	0.00566	0.00784	0.00890	0.00996	0.00559	0.00752	0.01008	0.01176	0.01546	0.08713	0.15913	0.03162	0.01414	0.00693	0.00227	0.00431	0.59432	0.00480	0.00466
1	0.00678	0.00522	0.00621	0.00616	0.00747	0.00470	0.00454	0.00879	0.02638	0.01708	0.39641	0.15111	0.31625	0.01213	0.00611	0.00173	0.00259	0.01053	0.00519	0.00462
2	0.81685	0.00990	0.00765	0.00681	0.00996	0.01145	0.00560	0.03187	0.00912	0.02314	0.00749	0.00868	0.00581	0.00482	0.00323	0.00158	0.00397	0.00287	0.02359	0.00561
3	0.00711	0.00524	0.00665	0.00630	0.00757	0.00478	0.00472	0.00939	0.01417	0.01973	0.69214	0.03973	0.14176	0.01081	0.00605	0.00163	0.00244	0.00948	0.00554	0.00478
4	0.00891	0.00446	0.00668	0.00668	0.00668	0.00446	0.00446	0.00668	0.00668	0.00891	0.00891	0.01560	0.00891	0.01783	0.02005	0.85071	0.00446	0.00446	0.00223	0.00223
5	0.01967	0.00938	0.01177	0.00941	0.01300	0.00903	0.00764	0.07788	0.17023	0.53111	0.06907	0.01878	0.01532	0.00673	0.00523	0.00162	0.00427	0.00552	0.00599	0.00836
6	0.00938	0.00619	0.00837	0.00889	0.01036	0.00609	0.00754	0.01217	0.04395	0.07754	0.14003	0.06780	0.04365	0.01273	0.00667	0.00215	0.00425	0.52203	0.00501	0.00518
7	0.00957	0.00518	0.00544	0.00536	0.00661	0.00520	0.00401	0.04269	0.01147	0.01929	0.06454	0.08294	0.01677	0.00706	0.00404	0.00131	0.00257	0.00583	0.69525	0.00490
8	0.00675	0.00523	0.00792	0.00833	0.00904	0.00490	0.06515	0.00795	0.01004	0.01341	0.02685	0.73760	0.03178	0.01511	0.00652	0.00206	0.00346	0.02890	0.00459	0.00440
9	0.00910	0.00499	0.00740	0.00722	0.00722	0.00535	0.00499	0.00713	0.00678	0.00918	0.00874	0.01525	0.00874	0.01713	0.01980	0.78375	0.06806	0.00446	0.00223	0.00250
10	0.01050	0.02443	0.67673	0.01510	0.02195	0.01227	0.07807	0.01598	0.01072	0.01598	0.00912	0.01110	0.00662	0.00513	0.00583	0.00168	0.06517	0.00402	0.00221	0.00739
11	0.01297	0.01344	0.02883	0.02064	0.02573	0.01255	0.70893	0.01711	0.01231	0.07759	0.01116	0.01413	0.00817	0.00449	0.00598	0.00172	0.00831	0.00598	0.00289	0.00706
12	0.00801	0.00572	0.00797	0.00911	0.01019	0.00568	0.00778	0.01021	0.01165	0.01522	0.04556	0.14462	0.03049	0.01430	0.00700	0.00231	0.00447	0.65027	0.00475	0.00466
13	0.83610	0.01031	0.02595	0.00693	0.01021	0.01152	0.00587	0.01511	0.00878	0.02286	0.00719	0.00839	0.00558	0.00477	0.00322	0.00159	0.00405	0.00280	0.00315	0.00560
14	0.01221	0.01279	0.02542	0.18964	0.06774	0.01283	0.50790	0.07521	0.01264	0.01700	0.01023	0.01363	0.00768	0.00466	0.00573	0.00170	0.00789	0.00554	0.00273	0.00686
15	0.01064	0.00912	0.01064	0.00760	0.01216	0.00684	0.00608	0.01292	0.01064	0.01672	0.00912	0.01064	0.00760	0.00380	0.00380	0.00076	0.00380	0.00304	0.00304	0.85104
16	0.09596	0.06496	0.26654	0.06591	0.21819	0.05048	0.02777	0.05656	0.01201	0.08040	0.01001	0.01169	0.00751	0.00497	0.00473	0.00155	0.00641	0.00405	0.00290	0.00741
17	0.01243	0.01405	0.12752	0.21674	0.30979	0.06459	0.02702	0.03428	0.07231	0.03980	0.01097	0.01400	0.00864	0.00527	0.00510	0.00161	0.00650	0.01928	0.00286	0.00725
18	0.00703	0.00513	0.00657	0.00642	0.00753	0.00471	0.00471	0.00909	0.01350	0.01876	0.60280	0.14421	0.11025	0.02828	0.00654	0.00176	0.00256	0.01009	0.00540	0.00467
19	0.01858	0.02260	0.01450	0.07573	0.01729	0.70432	0.01016	0.02009	0.01421	0.04466	0.00853	0.00994	0.00688	0.00532	0.00469	0.00136	0.00886	0.00348	0.00277	0.00604
20	0.00634	0.00457	0.00600	0.00699	0.00744	0.00424	0.00473	0.00739	0.01035	0.01384	0.10043	0.70825	0.06961	0.01541	0.00648	0.00202	0.00291	0.01392	0.00485	0.00424
21	0.00694	0.00523	0.00641	0.00612	0.00747	0.00470	0.00459	0.00906	0.01376	0.01876	0.58685	0.04132	0.24766	0.01117	0.00606	0.00165	0.00247	0.00970	0.00541	0.00470
22	0.01029	0.02654	0.79309	0.01462	0.02221	0.01192	0.01896	0.01625	0.01083	0.01625	0.00921	0.01083	0.00650	0.00487	0.00487	0.00162	0.00758	0.00379	0.00217	0.00758
23	0.00635	0.00451	0.00593	0.00702	0.00730	0.00423	0.00463	0.00717	0.00964	0.01285	0.02732	0.75455	0.03273	0.07950	0.00809	0.00231	0.00313	0.01402	0.00463	0.00408
24	0.85592	0.00992	0.00754	0.00675	0.00992	0.01151	0.00556	0.01508	0.00873	0.02302	0.00714	0.00834	0.00556	0.00476	0.00318	0.00159	0.00397	0.00278	0.00318	0.00556
25	0.01064	0.00912	0.01064	0.00760	0.01216	0.00684	0.00608	0.01292	0.01064	0.01672	0.00912	0.01064	0.00760	0.00380	0.00380	0.00076	0.00380	0.00304	0.00304	0.85104
26	0.85592	0.00992	0.00754	0.00675	0.00992	0.01151	0.00556	0.01508	0.00873	0.02302	0.00714	0.00834	0.00556	0.00476	0.00318	0.00159	0.00397	0.00278	0.00318	0.00556
27	0.00969	0.00912	0.01539	0.80734	0.03534	0.01140	0.01425	0.01311	0.01026	0.01311	0.00912	0.01368	0.00684	0.00513	0.00513	0.00171	0.00684	0.00456	0.00228	0.00570
28	0.85592	0.00992	0.00754	0.00675	0.00992	0.01151	0.00556	0.01508	0.00873	0.02302	0.00714	0.00834	0.00556	0.00476	0.00318	0.00159	0.00397	0.00278	0.00318	0.00556
29	0.01339	0.01088	0.01162	0.01036	0.01333	0.01244	0.00809	0.02713	0.73160	0.06863	0.02084	0.01904	0.01548	0.00692	0.00522	0.00173	0.00408	0.00576	0.00529	0.00816
30	0.00625	0.00447	0.00595	0.00714	0.00744	0.00417	0.00476	0.00714	0.00982	0.01310	0.02828	0.81633	0.03394	0.01608	0.00655	0.00208	0.00298	0.01459	0.00476	0.00417
31	0.00766	0.00552	0.00754	0.00865	0.00966	0.00540	0.00718	0.00961	0.01134	0.01473	0.02891	0.23615	0.07572	0.01455	0.00690	0.00226	0.00419	0.53471	0.00474	0.00457
32	0.02188	0.00848	0.01154	0.00894	0.01270	0.00735	0.00735	0.02390	0.01467	0.73542	0.07562	0.01898	0.01529	0.00665	0.00522	0.00159	0.00423	0.00546	0.00630	0.00845
33	0.01372	0.82276	0.02689	0.00878	0.01317	0.02030	0.00878	0.01536	0.01043	0.01207	0.00713	0.00823	0.00658	0.00439	0.00329	0.00110	0.00549	0.00274	0.00219	0.00658
34	0.00628	0.00448	0.00595	0.00711	0.00740	0.00419	0.00472	0.00715	0.00977	0.01303	0.02800	0.79815	0.03358	0.03473	0.00700	0.00215	0.00302	0.01442	0.00472	0.00414
35	0.00637	0.00458	0.00606	0.00721	0.00762	0.00428	0.00494	0.00737	0.01002	0.01327	0.02919	0.73828	0.06461	0.01583	0.00656	0.00209	0.00307	0.05968	0.00476	0.00421
36	0.00972	0.00917	0.01540	0.78980	0.03486	0.01150	0.01418	0.01309	0.01021	0.01309	0.00907	0.01363	0.00684	0.00522	0.00539	0.00172	0.02459	0.00456	0.00228	0.00570
37	0.82280	0.01010	0.00785	0.00695	0.01016	0.01168	0.00572	0.04499	0.00934	0.02339	0.00735	0.00849	0.00568	0.00482	0.00325	0.00159	0.00404	0.00285	0.00325	0.00568
38	0.01773	0.01066	0.01233	0.01009	0.01357	0.01120	0.00812	0.18410	0.30713	0.30549	0.04985	0.01785	0.01443	0.00671	0.00521	0.00164	0.00444	0.00546	0.00563	0.00834
39	0.02020	0.01326	0.01471	0.01128	0.01536	0.01426	0.00932	0.62371	0.02227	0.18181	0.01388	0.01333	0.00951	0.00620	0.00514	0.00155	0.00539	0.00473	0.00537	0.00873
40	0.01266	0.01229	0.02141	0.03089	0.74105	0.01224	0.06190	0.01579	0.01171	0.01674	0.00970	0.01277	0.00811	0.00456	0.00514	0.00154	0.00625	0.00466	0.00254	0.00805
41	0.00743	0.00500	0.00569	0.00577	0.00586	0.00497	0.00336	0.00757	0.00777	0.01031	0.01767	0.05394	0.03662	0.75244	0.02449	0.00474	0.00486	0.03505	0.00325	0.00322
42	0.06248	0.01264	0.13839	0.12308	0.32232	0.01060	0.05997	0.01425	0.01167	0.01716	0.14558	0.03288	0.01510	0.00596	0.00520	0.00161	0.00575	0.00545	0.00308	0.00684
43	0.03508	0.09067	0.03063	0.01603	0.16795	0.42062	0.01095	0.05066	0.01349	0.06218	0.00909	0.01059	0.00735	0.00534	0.00526	0.00143	0.04933	0.00373	0.00290	0.00673
44	0.00746	0.00497	0.00560	0.00560	0.00560	0.00497	0.00311	0.00746	0.00746	0.00995	0.01617	0.03358	0.01865	0.81967	0.02612	0.00497	0.00497	0.00746	0.00311	0.00311
45	0.01253	0.01077	0.01196	0.07354	0.02889	0.01239	0.00863	0.06050	0.63019	0.02097	0.03284	0.01958	0.04036	0.00699	0.00525	0.00172	0.00432	0.00585	0.00493	0.00778
46	0.01343	0.11589	0.26341	0.01896	0.25880	0.03302	0.04993	0.15290	0.01361	0.01874	0.00968	0.01147	0.00748	0.00494	0.00484	0.00151	0.00660	0.00415	0.00286	0.00777
47	0.02039	0.01227	0.01402	0.01082	0.01482	0.01288	0.00891	0.47847	0.05750	0.29240	0.01546	0.01442	0.01043	0.00626	0.00515	0.00157	0.00513	0.00486	0.00556	0.00870
48	0.00634	0.00459	0.00600	0.00696	0.00743	0.00425	0.00472	0.00741	0.01041	0.01390	0.10632	0.69132	0.08072	0.01532	0.00647	0.00202	0.00290	0.01382	0.00485	0.00425
49	0.01418	0.04405	0.03406	0.07856	0.01707	0.15528	0.05319	0.15569	0.01268	0.01648	0.00846	0.01131	0.00714	0.00696	0.01015	0.00182	0.35931	0.00432	0.00287	0.00641
50	0.00640	0.00518	0.00569	0.00563	0.00715	0.00446	0.00419	0.00799	0.01239	0.01566	0.25127	0.08010	0.55104	0.01245	0.00608	0.00172	0.00257	0.01057	0.00501	0.00446
51	0.01220	0.01285	0.01557	0.01344	0.01377	0.11204	0.01106	0.01335	0.00868	0.01237	0.00688	0.01098	0.00672	0.00853	0.01534	0.00213	0.71178	0.00434	0.00229	0.00565
52	0.00702	0.00501	0.00680	0.00795	0.00857	0.00483	0.00601	0.00843	0.01050	0.01385	0.02758	0.51834	0.03194	0.03500	0.00722	0.00226	0.00367	0.28597	0.00471	0.00435
53	0.00712	0.00524	0.00666	0.00631	0.00758	0.00478	0.00473	0.00941	0.01419	0.01977	0.69737	0.03965	0.13650	0.01079	0.00605	0.00163	0.00244	0.00946	0.00554	0.00478
54	0.01029	0.02654	0.79309	0.01462	0.02221	0.01192	0.01896	0.01625	0.01083	0.01625	0.00921	0.01083	0.00650	0.00487	0.00487	0.00162	0.00758	0.00379	0.00217	0.00758
55	0.00914	0.00487	0.00516	0.00509	0.00629	0.00479	0.00382	0.01154	0.01145	0.01940	0.15776	0.02265	0.01962	0.00681	0.00404	0.00127	0.00240	0.00561	0.69350	0.00479
56	0.01951	0.01437	0.01540	0.01181	0.01591	0.01591	0.00975	0.77056	0.02412	0.03234	0.01232	0.01232	0.00873	0.00616	0.00513	0.00154	0.00565	0.00462	0.00513	0.00873
57	0.01064	0.00912	0.01064	0.00760	0.01216	0.00684	0.00608	0.01292	0.01064	0.01672	0.00912	0.01064	0.00760	0.00380	0.00380	0.00076	0.00380	0.00304	0.00304	0.85104
58	0.01846	0.00960	0.01167	0.00961	0.01308	0.00963	0.00772	0.02561	0.32875	0.45809	0.03696	0.01860	0.01469	0.00669	0.00520	0.00165	0.00420	0.00551	0.00587	0.00840
59	0.00625	0.00447	0.00595	0.00714	0.00744	0.00417	0.00476	0.00714	0.00982	0.01310	0.02828	0.81633	0.03394	0.01608	0.00655	0.00208	0.00298	0.01459	0.00476	0.00417
60	0.01152	0.01243	0.02544	0.23148	0.10008	0.01248	0.49803	0.01549	0.01158	0.01558	0.00998	0.01369	0.00757	0.00456	0.00572	0.00171	0.00793	0.00552	0.00251	0.00671
61	0.01261	0.06374	0.11023	0.02781	0.63736	0.02742	0.01558	0.01587	0.01156	0.01634	0.00941	0.01215	0.00782	0.00461	0.00494	0.00151	0.00629	0.00435	0.00248	0.00793
62	0.00641	0.00473	0.00600	0.00670	0.00740	0.00432	0.00464	0.00765	0.01100	0.01461	0.17260	0.54801	0.15801	0.01454	0.00638	0.00194	0.00281	0.01299	0.00493	0.00432
63	0.01211	0.01384	0.03028	0.02163	0.02682	0.01298	0.76903	0.01644	0.01211	0.01644	0.01038	0.01384	0.00779	0.00433	0.00606	0.00173	0.00865	0.00606	0.00260	0.00692
64	0.01115	0.00971	0.04512	0.01171	0.02900	0.01106	0.03957	0.05894	0.00992	0.07529	0.01123	0.01544	0.00980	0.01984	0.32412	0.00447	0.29987	0.00499	0.00296	0.00583
65	0.03226	0.02712	0.04291	0.09172	0.12831	0.12366	0.20421	0.12014	0.03221	0.04952	0.01116	0.04737	0.00907	0.00577	0.00592	0.00164	0.05167	0.00517	0.00320	0.00698
66	0.01597	0.01623	0.01379	0.01360	0.09281	0.31215	0.00959	0.04536	0.34466	0.06094	0.01452	0.01443	0.01108	0.00602	0.00497	0.00154	0.00631	0.00465	0.00403	0.00735
67	0.00625	0.00447	0.00595	0.00714	0.00744	0.00417	0.00476	0.00714	0.00982	0.01310	0.02828	0.81633	0.03394	0.01608	0.00655	0.00208	0.00298	0.01459	0.00476	0.00417
68	0.01208	0.01304	0.08344	0.08991	0.58352	0.01197	0.07338	0.01547	0.01154	0.01636	0.01018	0.01413	0.00854	0.00492	0.00520	0.00159	0.00643	0.02804	0.00256	0.00769
69	0.00956	0.00478	0.00478	0.00478	0.00598	0.00478	0.00359	0.01196	0.01076	0.01913	0.01674	0.01913	0.01315	0.00598	0.00359	0.00120	0.00239	0.00478	0.84816	0.00478
70	0.00962	0.01044	0.14696	0.00947	0.01249	0.00766	0.05481	0.03184	0.07546	0.06193	0.30136	0.03195	0.14604	0.00919	0.00579	0.00171	0.00425	0.06846	0.00463	0.00594
71	0.01369	0.55366	0.14280	0.01022	0.01480	0.08625	0.01040	0.04711	0.02856	0.01380	0.00825	0.00950	0.00706	0.00571	0.02803	0.00145	0.00637	0.00318	0.00244	0.00674
72	0.02762	0.06476	0.48639	0.01449	0.10892	0.01111	0.01494	0.01510	0.01121	0.01679	0.08516	0.01387	0.01111	0.00534	0.00477	0.00151	0.00627	0.00434	0.03745	0.05885
73	0.09170	0.25814	0.15905	0.01067	0.01499	0.12415	0.01036	0.08283	0.02702	0.05945	0.02227	0.01073	0.00796	0.00520	0.00470	0.00138	0.03920	0.00357	0.00300	0.06362
74	0.07333	0.13064	0.02976	0.00970	0.01274	0.18639	0.00798	0.11004	0.10514	0.01838	0.12653	0.03169	0.05714	0.00686	0.00479	0.00146	0.00534	0.02009	0.00388	0.05813

[dist]
# distance from previous block
# <min> <max>
0	41

[block]
# block no. 4 follows, 48 sequences, length 22
# corresponding to MSA columns:
# 450-471
name=unknown_E
#
# <colnr> <probs for GDERKNQSTAVLIFYWHMCP>
#	G	D	E	R	K	N	Q	S	T	A	V	L	I	F	Y	W	H	M	C	P
0	0.01137	0.04206	0.01638	0.41313	0.15821	0.02895	0.04335	0.02791	0.01079	0.04594	0.01004	0.01451	0.00823	0.06369	0.00723	0.00187	0.05420	0.00470	0.00264	0.03480
1	0.06345	0.01075	0.01192	0.04237	0.06719	0.03229	0.00835	0.13772	0.32154	0.08335	0.04529	0.02002	0.09389	0.00705	0.00512	0.00163	0.00448	0.00576	0.01546	0.02235
2	0.00940	0.00692	0.00821	0.06249	0.01080	0.00683	0.00599	0.06631	0.08754	0.06865	0.26283	0.05131	0.31240	0.01024	0.00580	0.00168	0.00332	0.00870	0.00503	0.00555
3	0.01754	0.01314	0.01439	0.04570	0.01592	0.01460	0.00945	0.61812	0.08841	0.02918	0.01407	0.07068	0.01106	0.00690	0.00524	0.00160	0.00537	0.00544	0.00499	0.00822
4	0.05616	0.01123	0.05950	0.09707	0.11470	0.01122	0.04000	0.09624	0.23588	0.06413	0.07094	0.03222	0.01525	0.00697	0.00532	0.00171	0.00510	0.06494	0.00422	0.00719
5	0.06723	0.00498	0.00595	0.00679	0.00750	0.00474	0.00466	0.00775	0.00998	0.01386	0.03005	0.62669	0.14418	0.03199	0.00665	0.00206	0.00303	0.01302	0.00461	0.00427
6	0.01692	0.01046	0.01185	0.00971	0.01295	0.01108	0.00777	0.23623	0.24187	0.23585	0.02915	0.01764	0.01327	0.04162	0.00595	0.00173	0.00447	0.00532	0.07823	0.00791
7	0.75364	0.01035	0.00857	0.06488	0.02705	0.03518	0.00651	0.01512	0.00907	0.02187	0.00736	0.00883	0.00573	0.00480	0.00340	0.00159	0.00438	0.00296	0.00308	0.00563
8	0.01631	0.01081	0.01197	0.01004	0.01328	0.03197	0.00800	0.14508	0.36605	0.22986	0.08397	0.01896	0.01629	0.00692	0.00525	0.00165	0.00440	0.00567	0.00548	0.00805
9	0.04619	0.00965	0.01137	0.00945	0.05793	0.00826	0.00698	0.10468	0.01220	0.01862	0.01079	0.06675	0.00951	0.00502	0.00420	0.00103	0.00411	0.00411	0.00339	0.60575
10	0.00712	0.00524	0.00667	0.00631	0.00758	0.00478	0.00473	0.00941	0.01420	0.01979	0.69968	0.03961	0.13418	0.01078	0.00605	0.00163	0.00244	0.00946	0.00555	0.00478
11	0.01648	0.01197	0.01347	0.01085	0.01387	0.01342	0.00880	0.48575	0.05629	0.06703	0.01364	0.03474	0.01088	0.05618	0.04139	0.00212	0.08554	0.01499	0.03501	0.00757
12	0.00891	0.00446	0.00668	0.00668	0.00668	0.00446	0.00446	0.00668	0.00668	0.00891	0.00891	0.01560	0.00891	0.01783	0.02005	0.85071	0.00446	0.00446	0.00223	0.00223
13	0.01096	0.01083	0.01520	0.01311	0.01317	0.01507	0.01089	0.01213	0.00789	0.01232	0.00722	0.01185	0.00716	0.01103	0.07111	0.00266	0.75504	0.00456	0.00228	0.00554
14	0.01923	0.05685	0.01235	0.00916	0.01268	0.00892	0.00758	0.07409	0.06554	0.52052	0.04074	0.02058	0.01458	0.03883	0.00601	0.00174	0.00448	0.05707	0.00562	0.02344
15	0.06434	0.13125	0.03479	0.01006	0.01349	0.01317	0.00852	0.12266	0.36161	0.10863	0.01692	0.01807	0.01311	0.00669	0.00491	0.00163	0.00465	0.05321	0.00466	0.00766
16	0.00625	0.00447	0.00595	0.00714	0.00744	0.00417	0.00476	0.00714	0.00982	0.01310	0.02828	0.81633	0.03394	0.01608	0.00655	0.00208	0.00298	0.01459	0.00476	0.00417
17	0.01036	0.11220	0.62375	0.01343	0.01999	0.01218	0.03097	0.01539	0.01082	0.01566	0.02567	0.06701	0.00927	0.00570	0.00486	0.00160	0.00695	0.00458	0.00243	0.00717
18	0.01214	0.04429	0.21886	0.01895	0.04707	0.01318	0.46880	0.06070	0.01232	0.01708	0.00997	0.01271	0.00746	0.00470	0.00587	0.00168	0.02921	0.00521	0.00261	0.00718
19	0.00716	0.00524	0.00672	0.00635	0.00760	0.00480	0.00476	0.00949	0.01429	0.02001	0.72326	0.03926	0.11047	0.01070	0.00605	0.00162	0.00244	0.00941	0.00557	0.00480
20	0.01134	0.00955	0.01101	0.00798	0.01246	0.00766	0.00640	0.06770	0.03294	0.01797	0.00968	0.01100	0.00790	0.00406	0.00394	0.00084	0.00394	0.00323	0.00325	0.76716
21	0.01668	0.01260	0.01391	0.12441	0.01748	0.05939	0.00959	0.40751	0.09313	0.09542	0.01388	0.04979	0.01067	0.02279	0.00556	0.00165	0.00557	0.00516	0.00459	0.03022

[dist]
# distance from previous block
# <min> <max>
1	2

[block]
# block no. 5 follows, 48 sequences, length 19
# corresponding to MSA columns:
# 475-493
name=unknown_F
#
# <colnr> <probs for GDERKNQSTAVLIFYWHMCP>
#	G	D	E	R	K	N	Q	S	T	A	V	L	I	F	Y	W	H	M	C	P
0	0.01064	0.00912	0.01064	0.00760	0.01216	0.00684	0.00608	0.01292	0.01064	0.01672	0.00912	0.01064	0.00760	0.00380	0.00380	0.00076	0.00380	0.00304	0.00304	0.85104
1	0.01269	0.01063	0.01144	0.01034	0.01312	0.01212	0.00817	0.08215	0.62555	0.02169	0.04268	0.02287	0.01739	0.00769	0.00542	0.00178	0.00420	0.07715	0.00518	0.00775
2	0.00609	0.00511	0.00529	0.00542	0.00699	0.00431	0.00400	0.00734	0.01148	0.01377	0.04922	0.13857	0.69818	0.01335	0.00612	0.00177	0.00264	0.01127	0.00476	0.00431
3	0.00742	0.00546	0.00585	0.00560	0.00745	0.00462	0.00425	0.00888	0.01218	0.07157	0.11818	0.04600	0.65991	0.01227	0.00600	0.00171	0.00271	0.01027	0.00496	0.00470
4	0.00614	0.00516	0.00532	0.00536	0.00699	0.00435	0.00399	0.00747	0.01174	0.01416	0.08810	0.08864	0.70899	0.01303	0.00609	0.00174	0.00261	0.01095	0.00481	0.00435
5	0.08326	0.00855	0.01110	0.00866	0.01238	0.00764	0.00713	0.02338	0.01398	0.68200	0.01904	0.01691	0.01221	0.00621	0.00491	0.00156	0.00420	0.00496	0.06369	0.00823
6	0.01123	0.01123	0.01572	0.01347	0.01347	0.01572	0.01123	0.01235	0.00786	0.01235	0.00674	0.01123	0.00674	0.00898	0.01684	0.00225	0.81028	0.00449	0.00225	0.00561
7	0.01029	0.02654	0.79309	0.01462	0.02221	0.01192	0.01896	0.01625	0.01083	0.01625	0.00921	0.01083	0.00650	0.00487	0.00487	0.00162	0.00758	0.00379	0.00217	0.00758
8	0.00746	0.00497	0.00560	0.00560	0.00560	0.00497	0.00311	0.00746	0.00746	0.00995	0.01617	0.03358	0.01865	0.81967	0.02612	0.00497	0.00497	0.00746	0.00311	0.00311
9	0.00728	0.00531	0.00752	0.00761	0.00829	0.00595	0.00560	0.00866	0.00820	0.01159	0.01532	0.08145	0.01560	0.20129	0.57834	0.00710	0.01111	0.00658	0.00297	0.00424
10	0.01372	0.82276	0.02689	0.00878	0.01317	0.02030	0.00878	0.01536	0.01043	0.01207	0.00713	0.00823	0.00658	0.00439	0.00329	0.00110	0.00549	0.00274	0.00219	0.00658
11	0.02302	0.00873	0.01191	0.00913	0.01310	0.00754	0.00754	0.02501	0.01469	0.79122	0.02024	0.01746	0.01270	0.00635	0.00516	0.00159	0.00437	0.00516	0.00635	0.00873
12	0.00625	0.00447	0.00595	0.00714	0.00744	0.00417	0.00476	0.00714	0.00982	0.01310	0.02828	0.81633	0.03394	0.01608	0.00655	0.00208	0.00298	0.01459	0.00476	0.00417
13	0.01064	0.00912	0.01064	0.00760	0.01216	0.00684	0.00608	0.01292	0.01064	0.01672	0.00912	0.01064	0.00760	0.00380	0.00380	0.00076	0.00380	0.00304	0.00304	0.85104
14	0.00692	0.00523	0.00638	0.00609	0.00745	0.00469	0.00457	0.00901	0.01371	0.01863	0.57279	0.04153	0.26179	0.01121	0.00606	0.00165	0.00247	0.00973	0.00539	0.00469
15	0.01098	0.01087	0.01542	0.06757	0.01481	0.01508	0.01125	0.01228	0.00804	0.01238	0.00716	0.01172	0.00697	0.00981	0.04499	0.00243	0.72586	0.00453	0.00227	0.00558
16	0.01211	0.01384	0.03028	0.02163	0.02682	0.01298	0.76903	0.01644	0.01211	0.01644	0.01038	0.01384	0.00779	0.00433	0.00606	0.00173	0.00865	0.00606	0.00260	0.00692
17	0.00746	0.00497	0.00560	0.00560	0.00560	0.00497	0.00311	0.00746	0.00746	0.00995	0.01617	0.03358	0.01865	0.81967	0.02612	0.00497	0.00497	0.00746	0.00311	0.00311
18	0.01211	0.01384	0.03028	0.02163	0.02682	0.01298	0.76903	0.01644	0.01211	0.01644	0.01038	0.01384	0.00779	0.00433	0.00606	0.00173	0.00865	0.00606	0.00260	0.00692

[dist]
# distance from previous block
# <min> <max>
2	2

[block]
# block no. 6 follows, 48 sequences, length 14
# corresponding to MSA columns:
# 501-514
name=unknown_G
#
# <colnr> <probs for GDERKNQSTAVLIFYWHMCP>
#	G	D	E	R	K	N	Q	S	T	A	V	L	I	F	Y	W	H	M	C	P
0	0.01697	0.08584	0.07958	0.01124	0.01566	0.01483	0.00994	0.52689	0.05100	0.02704	0.01160	0.01193	0.00851	0.00567	0.00480	0.00143	0.00552	0.00426	0.00440	0.10289
1	0.01018	0.00915	0.01444	0.62830	0.03001	0.01120	0.01279	0.07277	0.01122	0.01461	0.01123	0.09562	0.00976	0.00650	0.00577	0.00176	0.04056	0.00559	0.00276	0.00578
2	0.85592	0.00992	0.00754	0.00675	0.00992	0.01151	0.00556	0.01508	0.00873	0.02302	0.00714	0.00834	0.00556	0.00476	0.00318	0.00159	0.00397	0.00278	0.00318	0.00556
3	0.00884	0.00448	0.00663	0.00663	0.00663	0.00448	0.00439	0.00672	0.00672	0.00896	0.00927	0.01648	0.00939	0.05740	0.02035	0.80897	0.00448	0.00460	0.00227	0.00227
4	0.01052	0.00596	0.00608	0.00573	0.00727	0.00620	0.00438	0.06678	0.07282	0.02025	0.01676	0.01865	0.01304	0.00607	0.00383	0.00126	0.00275	0.00485	0.72148	0.00533
5	0.01029	0.02654	0.79309	0.01462	0.02221	0.01192	0.01896	0.01625	0.01083	0.01625	0.00921	0.01083	0.00650	0.00487	0.00487	0.00162	0.00758	0.00379	0.00217	0.00758
6	0.01245	0.01194	0.02038	0.09520	0.72589	0.01213	0.01562	0.01553	0.01157	0.01646	0.00961	0.01278	0.00802	0.00462	0.00508	0.00154	0.00616	0.00457	0.00252	0.00793
7	0.00764	0.00546	0.00753	0.00858	0.00953	0.00535	0.00704	0.00960	0.01149	0.01516	0.08780	0.26309	0.03223	0.01440	0.00686	0.00223	0.00406	0.49256	0.00481	0.00458
8	0.00706	0.00524	0.00657	0.00624	0.00754	0.00475	0.00468	0.00928	0.01404	0.01942	0.65866	0.04023	0.17543	0.01092	0.00605	0.00163	0.00245	0.00955	0.00550	0.00475
9	0.01363	0.75127	0.02554	0.00893	0.01318	0.01964	0.00872	0.01641	0.07806	0.01290	0.00834	0.00919	0.00738	0.00462	0.00346	0.00115	0.00536	0.00301	0.00246	0.00672
10	0.00702	0.00533	0.00677	0.00669	0.00774	0.00508	0.00494	0.00889	0.01281	0.01758	0.47479	0.19857	0.16623	0.01199	0.00661	0.00176	0.03695	0.01042	0.00518	0.00465
11	0.11041	0.09503	0.07601	0.01016	0.01430	0.01179	0.02596	0.15074	0.10101	0.33051	0.01507	0.01421	0.01034	0.00585	0.00475	0.00155	0.00498	0.00454	0.00482	0.00796
12	0.03113	0.11190	0.53923	0.01289	0.01939	0.01207	0.03241	0.01663	0.01109	0.08423	0.00992	0.01112	0.00715	0.00485	0.00462	0.00149	0.00670	0.00376	0.00264	0.07677
13	0.04984	0.59566	0.11511	0.00988	0.01443	0.08812	0.00998	0.04147	0.01123	0.01376	0.00763	0.00877	0.00661	0.00460	0.00366	0.00122	0.00601	0.00298	0.00237	0.00667

[dist]
# distance from previous block
# <min> <max>
1	15

[block]
# block no. 7 follows, 48 sequences, length 13
# corresponding to MSA columns:
# 615-627
name=unknown_H
#
# <colnr> <probs for GDERKNQSTAVLIFYWHMCP>
#	G	D	E	R	K	N	Q	S	T	A	V	L	I	F	Y	W	H	M	C	P
0	0.06223	0.01275	0.05231	0.01286	0.07732	0.03439	0.02809	0.32134	0.07749	0.06398	0.01402	0.03660	0.01163	0.00702	0.00591	0.00167	0.05374	0.08092	0.00430	0.04142
1	0.00724	0.00488	0.00566	0.00588	0.00594	0.00483	0.00341	0.00740	0.00790	0.01053	0.01839	0.17721	0.02146	0.67221	0.02253	0.00444	0.00461	0.00877	0.00341	0.00330
2	0.01112	0.01029	0.01729	0.54212	0.04595	0.03379	0.13150	0.01440	0.01082	0.05207	0.00999	0.01382	0.00751	0.00527	0.00576	0.00170	0.04442	0.00479	0.03134	0.00606
3	0.00739	0.00502	0.00587	0.00600	0.00617	0.00501	0.00365	0.00771	0.00810	0.01081	0.03535	0.08169	0.03786	0.66415	0.05417	0.00466	0.00508	0.04455	0.00337	0.00338
4	0.00726	0.00524	0.00686	0.00646	0.00767	0.00484	0.00484	0.00968	0.01452	0.02058	0.78496	0.03833	0.04841	0.01049	0.00605	0.00161	0.00242	0.00928	0.00565	0.00484
5	0.00625	0.00447	0.00595	0.00714	0.00744	0.00417	0.00476	0.00714	0.00982	0.01310	0.02828	0.81633	0.03394	0.01608	0.00655	0.00208	0.00298	0.01459	0.00476	0.00417
6	0.01889	0.01391	0.01496	0.01159	0.01552	0.01536	0.00952	0.73487	0.02346	0.03144	0.01307	0.04991	0.00990	0.00662	0.00520	0.00157	0.00552	0.00509	0.00512	0.00851
7	0.01153	0.00943	0.01205	0.06198	0.09335	0.00792	0.00775	0.03792	0.01133	0.05495	0.01048	0.03887	0.00879	0.00458	0.00422	0.00101	0.00429	0.00384	0.00323	0.61248
8	0.12495	0.01230	0.02247	0.04884	0.02138	0.01299	0.44141	0.01581	0.05124	0.01670	0.01027	0.01413	0.00828	0.00565	0.00752	0.00182	0.14906	0.02593	0.00280	0.00646
9	0.01077	0.00911	0.01068	0.00778	0.01213	0.00713	0.00622	0.03862	0.01097	0.01700	0.00947	0.01120	0.00791	0.00571	0.04581	0.00118	0.00439	0.00322	0.00310	0.77760
10	0.01320	0.01124	0.01185	0.01053	0.01351	0.01297	0.00823	0.07535	0.72961	0.02217	0.02033	0.01870	0.01521	0.00691	0.00522	0.00173	0.00416	0.00572	0.00522	0.00816
11	0.01184	0.00890	0.01058	0.00778	0.01203	0.00698	0.00623	0.01447	0.03490	0.10062	0.05726	0.01330	0.01085	0.00457	0.00413	0.00093	0.00379	0.00373	0.00362	0.68350
12	0.02187	0.00986	0.01252	0.00968	0.01362	0.00932	0.00797	0.15947	0.05519	0.61536	0.01885	0.01662	0.01214	0.00635	0.00516	0.00159	0.00458	0.00510	0.00607	0.00870

[dist]
# distance from previous block
# <min> <max>
0	1

[block]
# block no. 8 follows, 48 sequences, length 13
# corresponding to MSA columns:
# 629-641
name=unknown_I
#
# <colnr> <probs for GDERKNQSTAVLIFYWHMCP>
#	G	D	E	R	K	N	Q	S	T	A	V	L	I	F	Y	W	H	M	C	P
0	0.01203	0.00982	0.01293	0.01380	0.14640	0.02748	0.02759	0.03683	0.21153	0.08443	0.04499	0.17036	0.04747	0.00876	0.00715	0.00181	0.11838	0.00727	0.00422	0.00674
1	0.00662	0.00481	0.00631	0.00724	0.00787	0.00450	0.00520	0.00791	0.01074	0.01424	0.10708	0.56708	0.09636	0.01499	0.00653	0.00205	0.00314	0.11816	0.00485	0.00433
2	0.00781	0.00582	0.00807	0.00802	0.00881	0.00658	0.00599	0.03898	0.00897	0.01262	0.01586	0.13408	0.01630	0.14779	0.51523	0.00642	0.03795	0.00700	0.00316	0.00451
3	0.00639	0.00458	0.00608	0.00705	0.00747	0.00426	0.00477	0.00750	0.01049	0.01416	0.13527	0.70632	0.03598	0.01529	0.00648	0.00202	0.00290	0.01384	0.00489	0.00426
4	0.03373	0.00814	0.01057	0.03993	0.07453	0.00800	0.00800	0.08057	0.05826	0.08987	0.06389	0.15472	0.02080	0.00957	0.00568	0.00175	0.00436	0.19760	0.00446	0.12557
5	0.01207	0.01215	0.04387	0.16792	0.60080	0.01207	0.04556	0.01532	0.01142	0.01609	0.00957	0.01286	0.00784	0.00467	0.00512	0.00157	0.00637	0.00460	0.00248	0.00763
6	0.00969	0.00912	0.01539	0.80734	0.03534	0.01140	0.01425	0.01311	0.01026	0.01311	0.00912	0.01368	0.00684	0.00513	0.00513	0.00171	0.00684	0.00456	0.00228	0.00570
