[name]
unknown

[dist]
# distance from previous block
# <min> <max>
0	110

[block]
# block no. 0 follows, 47 sequences, length 20
# corresponding to MSA columns:
# 110-129
name=unknown_A
#
# <colnr> <probs for GDERKNQSTAVLIFYWHMCP>
#	G	D	E	R	K	N	Q	S	T	A	V	L	I	F	Y	W	H	M	C	P
0	0.14741	0.28965	0.01759	0.01081	0.04925	0.08335	0.00883	0.13534	0.12585	0.03289	0.01146	0.01338	0.00945	0.00575	0.00431	0.00147	0.00544	0.03717	0.00355	0.00706
1	0.03419	0.01167	0.05281	0.02824	0.08469	0.01041	0.18584	0.10481	0.02830	0.04362	0.06004	0.01475	0.01113	0.00726	0.05536	0.00183	0.00625	0.00487	0.00344	0.25051
2	0.01513	0.34241	0.19203	0.01202	0.01705	0.07657	0.07785	0.07987	0.01285	0.11365	0.01018	0.01105	0.00774	0.00503	0.00444	0.00141	0.00649	0.00383	0.00307	0.00734
3	0.01452	0.39233	0.20722	0.01084	0.01590	0.07676	0.01127	0.06473	0.01229	0.08325	0.00945	0.01032	0.00741	0.00490	0.00415	0.00131	0.00618	0.00344	0.00287	0.06084
4	0.00807	0.00752	0.07539	0.00692	0.00916	0.00560	0.00591	0.01039	0.03216	0.06510	0.19243	0.10110	0.43776	0.01160	0.00600	0.00174	0.00323	0.00984	0.00490	0.00516
5	0.04542	0.00974	0.01664	0.50484	0.02896	0.01104	0.13517	0.03062	0.01123	0.06414	0.01161	0.06498	0.00939	0.00589	0.00533	0.00173	0.00657	0.00550	0.02509	0.00612
6	0.01758	0.02187	0.08288	0.01380	0.05038	0.54361	0.01078	0.11322	0.01522	0.01583	0.01012	0.06124	0.00880	0.00610	0.00493	0.00145	0.00823	0.00435	0.00309	0.00652
7	0.00634	0.00453	0.00604	0.00725	0.00755	0.00423	0.00483	0.00725	0.00997	0.01329	0.02870	0.81358	0.03444	0.01632	0.00665	0.00211	0.00302	0.01480	0.00483	0.00423
8	0.01080	0.00926	0.01080	0.00771	0.01234	0.00694	0.00617	0.01311	0.01080	0.01697	0.00926	0.01080	0.00771	0.00386	0.00386	0.00077	0.00386	0.00309	0.00309	0.84882
9	0.00615	0.00528	0.00528	0.00528	0.00703	0.00440	0.00396	0.00747	0.01187	0.01407	0.05276	0.05012	0.78238	0.01319	0.00615	0.00176	0.00264	0.01099	0.00484	0.00440
10	0.01392	0.82012	0.02729	0.00891	0.01337	0.02061	0.00891	0.01559	0.01058	0.01225	0.00724	0.00835	0.00668	0.00446	0.00334	0.00111	0.00557	0.00278	0.00223	0.00668
11	0.00615	0.00528	0.00528	0.00528	0.00703	0.00440	0.00396	0.00747	0.01187	0.01407	0.05276	0.05012	0.78238	0.01319	0.00615	0.00176	0.00264	0.01099	0.00484	0.00440
12	0.01834	0.01131	0.01218	0.01023	0.01365	0.07947	0.00813	0.02601	0.35629	0.37566	0.01974	0.01776	0.01370	0.00663	0.00522	0.00166	0.00473	0.00536	0.00560	0.00834
13	0.00791	0.00546	0.00661	0.00650	0.00684	0.00572	0.00414	0.03099	0.00827	0.01125	0.01572	0.03026	0.01725	0.61151	0.20489	0.00572	0.00714	0.00702	0.00313	0.00368
14	0.10280	0.01228	0.01364	0.01060	0.01459	0.01299	0.00874	0.44270	0.04180	0.26467	0.01472	0.01392	0.00999	0.00620	0.00503	0.00159	0.00512	0.00471	0.00540	0.00852
15	0.01049	0.00993	0.01681	0.63809	0.19710	0.01174	0.01479	0.01388	0.01072	0.01410	0.00937	0.01367	0.00722	0.00508	0.00520	0.00169	0.00678	0.00463	0.00237	0.00632
16	0.00634	0.00453	0.00604	0.00725	0.00755	0.00423	0.00483	0.00725	0.00997	0.01329	0.02870	0.81358	0.03444	0.01632	0.00665	0.00211	0.00302	0.01480	0.00483	0.00423
17	0.54756	0.01030	0.01171	0.00939	0.01307	0.01092	0.10505	0.01787	0.01074	0.20360	0.01083	0.01138	0.00765	0.00516	0.00408	0.00163	0.00474	0.00383	0.00391	0.00658
18	0.07699	0.19645	0.56469	0.01294	0.01959	0.01390	0.01595	0.01621	0.01074	0.01612	0.00873	0.01023	0.00654	0.00483	0.00447	0.00153	0.00695	0.00354	0.00229	0.00732
19	0.00935	0.00514	0.00790	0.00875	0.06746	0.00514	0.00542	0.00750	0.00718	0.00967	0.00910	0.01560	0.00898	0.01704	0.01917	0.78240	0.00465	0.00453	0.00229	0.00273

[dist]
# distance from previous block
# <min> <max>
0	2

[block]
# block no. 1 follows, 47 sequences, length 162
# corresponding to MSA columns:
# 132-189,193-201,203-276,279-297,300,301
name=unknown_B
#
# <colnr> <probs for GDERKNQSTAVLIFYWHMCP>
#	G	D	E	R	K	N	Q	S	T	A	V	L	I	F	Y	W	H	M	C	P
0	0.01585	0.75411	0.04174	0.01050	0.01499	0.02086	0.00990	0.01696	0.01217	0.01482	0.03212	0.01257	0.01013	0.00620	0.00450	0.00158	0.00627	0.00380	0.00314	0.00781
1	0.00983	0.00926	0.01562	0.80447	0.03587	0.01157	0.01446	0.01331	0.01041	0.01331	0.00926	0.01388	0.00694	0.00521	0.00521	0.00174	0.00694	0.00463	0.00231	0.00579
2	0.01250	0.01197	0.02043	0.13153	0.68801	0.01227	0.01579	0.01564	0.01167	0.01654	0.00973	0.01302	0.00808	0.00471	0.00516	0.00157	0.00628	0.00464	0.00254	0.00793
3	0.01043	0.00986	0.01670	0.65380	0.18188	0.01173	0.01476	0.01383	0.01069	0.01403	0.00936	0.01369	0.00720	0.00510	0.00520	0.00170	0.00679	0.00463	0.00237	0.00627
4	0.00655	0.00529	0.00582	0.00569	0.00728	0.00456	0.00427	0.00824	0.01280	0.01628	0.28967	0.04647	0.54408	0.01236	0.00615	0.00172	0.00258	0.01048	0.00513	0.00456
5	0.01131	0.00933	0.01091	0.00783	0.01243	0.00711	0.00627	0.02574	0.01114	0.03959	0.00964	0.01103	0.00788	0.00397	0.00392	0.00081	0.00390	0.00317	0.00322	0.81079
6	0.09644	0.01098	0.01526	0.01168	0.01557	0.01098	0.12937	0.20014	0.01586	0.33965	0.04535	0.01582	0.01176	0.00723	0.03200	0.00186	0.02194	0.00519	0.00500	0.00791
7	0.01370	0.77970	0.05462	0.00909	0.01362	0.02007	0.00923	0.01554	0.01066	0.01253	0.01843	0.00889	0.00729	0.00456	0.00344	0.00114	0.00560	0.00292	0.00228	0.00669
8	0.00901	0.00455	0.00682	0.00682	0.00684	0.00457	0.00457	0.00684	0.00682	0.00911	0.00915	0.01593	0.00913	0.01855	0.03716	0.83028	0.00473	0.00455	0.00227	0.00231
9	0.00983	0.00926	0.01562	0.80447	0.03587	0.01157	0.01446	0.01331	0.01041	0.01331	0.00926	0.01388	0.00694	0.00521	0.00521	0.00174	0.00694	0.00463	0.00231	0.00579
10	0.01289	0.01237	0.02114	0.03196	0.78450	0.01237	0.01598	0.01598	0.01186	0.01701	0.00980	0.01289	0.00825	0.00464	0.00516	0.00155	0.00619	0.00464	0.00258	0.00825
11	0.01069	0.01013	0.01716	0.58874	0.24493	0.01179	0.01489	0.01405	0.01082	0.01434	0.00941	0.01361	0.00731	0.00505	0.00519	0.00168	0.00673	0.00463	0.00239	0.00647
12	0.00672	0.00485	0.00640	0.00719	0.00782	0.00452	0.00508	0.00811	0.01129	0.01525	0.20502	0.55314	0.06276	0.01475	0.00655	0.00201	0.00300	0.06605	0.00504	0.00444
13	0.03481	0.01068	0.01272	0.00996	0.01387	0.04173	0.00815	0.15341	0.06868	0.56135	0.01848	0.01646	0.01203	0.00639	0.00518	0.00160	0.00483	0.00507	0.00595	0.00865
14	0.09432	0.01040	0.01237	0.00966	0.01346	0.01031	0.00794	0.24187	0.01718	0.44324	0.07158	0.01689	0.01366	0.00655	0.00512	0.00160	0.00464	0.00516	0.00575	0.00829
15	0.00730	0.00583	0.00631	0.00619	0.00771	0.02626	0.00460	0.00898	0.01281	0.03215	0.29449	0.11245	0.43168	0.01226	0.00614	0.00174	0.00283	0.01047	0.00511	0.00469
16	0.01053	0.01013	0.01711	0.58196	0.11617	0.01219	0.05985	0.01400	0.02455	0.01401	0.00939	0.01365	0.00730	0.00550	0.00638	0.00177	0.08220	0.00474	0.00241	0.00617
17	0.01833	0.00918	0.01195	0.00999	0.03369	0.00891	0.00785	0.09348	0.05345	0.45429	0.11737	0.03599	0.03612	0.00744	0.00617	0.00166	0.05783	0.00598	0.00565	0.02468
18	0.01122	0.01088	0.01768	0.36324	0.33038	0.03975	0.04957	0.01429	0.01120	0.01492	0.01115	0.08158	0.00985	0.00590	0.00534	0.00168	0.00648	0.00553	0.00266	0.00670
19	0.00658	0.00551	0.00625	0.05888	0.00909	0.00494	0.00484	0.00819	0.01209	0.01496	0.15311	0.08398	0.58847	0.01245	0.00611	0.00176	0.00292	0.01053	0.00480	0.00455
20	0.01762	0.06539	0.01425	0.05858	0.01539	0.01267	0.00888	0.35499	0.08068	0.20097	0.01689	0.06301	0.03962	0.00699	0.00520	0.00160	0.00506	0.00559	0.00506	0.02157
21	0.01732	0.01140	0.01557	0.01733	0.26354	0.01158	0.01086	0.19124	0.09914	0.24878	0.01563	0.03880	0.01166	0.00628	0.00528	0.00162	0.00523	0.01563	0.00472	0.00840
22	0.01887	0.04173	0.22484	0.01135	0.01643	0.01049	0.02525	0.11764	0.01488	0.44116	0.01584	0.01484	0.01036	0.00591	0.00511	0.00160	0.00560	0.00472	0.00492	0.00844
23	0.00741	0.00498	0.00573	0.00589	0.00593	0.00494	0.00338	0.00753	0.00790	0.01053	0.01807	0.13954	0.02103	0.70866	0.02382	0.00465	0.00477	0.00855	0.00338	0.00330
24	0.01860	0.01184	0.01380	0.01077	0.01470	0.01222	0.02313	0.37831	0.09932	0.23246	0.01586	0.03199	0.01148	0.00649	0.00519	0.00156	0.00503	0.01836	0.00530	0.08359
25	0.05080	0.01301	0.01417	0.01115	0.01503	0.01419	0.00912	0.52786	0.11905	0.13397	0.01482	0.02872	0.01066	0.00651	0.00518	0.00161	0.00523	0.00503	0.00531	0.00857
26	0.00636	0.00455	0.00606	0.00724	0.00756	0.00424	0.00484	0.00730	0.01006	0.01344	0.04295	0.79893	0.03472	0.01621	0.00664	0.00211	0.00301	0.01470	0.00485	0.00424
27	0.01080	0.00926	0.01080	0.00771	0.01234	0.00694	0.00617	0.01311	0.01080	0.01697	0.00926	0.01080	0.00771	0.00386	0.00386	0.00077	0.00386	0.00309	0.00309	0.84882
28	0.01167	0.01109	0.01892	0.22293	0.52952	0.01163	0.02983	0.01473	0.01138	0.01583	0.01096	0.06773	0.00970	0.00557	0.00529	0.00164	0.00621	0.00536	0.00267	0.00734
29	0.01425	0.51998	0.09673	0.01037	0.01469	0.03522	0.01016	0.11327	0.06335	0.01597	0.00904	0.01009	0.00758	0.00521	0.00473	0.00134	0.05463	0.00346	0.00283	0.00709
30	0.00767	0.00580	0.00664	0.00669	0.00812	0.00538	0.00489	0.04687	0.03999	0.03204	0.13940	0.28823	0.36284	0.01313	0.00621	0.00184	0.00298	0.01137	0.00502	0.00487
31	0.01381	0.69089	0.02543	0.00967	0.01350	0.04836	0.00926	0.01540	0.01041	0.01230	0.00722	0.00877	0.00670	0.00507	0.00509	0.00127	0.10503	0.00302	0.00225	0.00654
32	0.01089	0.00934	0.01084	0.00784	0.01239	0.00721	0.00626	0.01376	0.04456	0.01718	0.00978	0.01118	0.00807	0.00400	0.00392	0.00082	0.00387	0.00321	0.00318	0.81169
33	0.00951	0.00666	0.00857	0.00809	0.00917	0.00729	0.00597	0.12580	0.01060	0.01457	0.01458	0.07411	0.01452	0.19164	0.36125	0.11448	0.00888	0.00633	0.00331	0.00465
34	0.00721	0.00492	0.00576	0.00607	0.00621	0.00481	0.00362	0.00749	0.00835	0.01106	0.02089	0.23538	0.05055	0.58172	0.02066	0.00417	0.00444	0.00956	0.00365	0.00348
35	0.01006	0.01025	0.01968	0.04363	0.01890	0.01044	0.37316	0.01279	0.01092	0.01496	0.02989	0.27434	0.01711	0.00907	0.00779	0.00194	0.11713	0.00875	0.00335	0.00585
36	0.04209	0.01200	0.01193	0.01062	0.01364	0.06493	0.00828	0.04186	0.64178	0.06346	0.01964	0.01816	0.01463	0.00683	0.00518	0.00172	0.00452	0.00556	0.00512	0.00806
37	0.00634	0.00454	0.00603	0.00722	0.00754	0.00423	0.00482	0.00726	0.01000	0.01331	0.02912	0.80034	0.04742	0.01626	0.00664	0.00211	0.00301	0.01474	0.00483	0.00423
38	0.01346	0.52334	0.17756	0.01059	0.01541	0.01792	0.01109	0.06663	0.06360	0.01513	0.00895	0.01002	0.00744	0.00502	0.00442	0.00134	0.03495	0.00340	0.00263	0.00710
39	0.01242	0.00920	0.01123	0.02821	0.01285	0.00812	0.02320	0.12567	0.01375	0.08866	0.11704	0.05965	0.04187	0.00639	0.00480	0.00123	0.00410	0.00537	0.00418	0.42207
40	0.01124	0.19364	0.60175	0.01385	0.02078	0.01393	0.04410	0.01631	0.01095	0.01561	0.00894	0.01055	0.00666	0.00482	0.00465	0.00154	0.00729	0.00371	0.00222	0.00746
41	0.37297	0.05898	0.11786	0.00902	0.01264	0.06463	0.00831	0.03704	0.06237	0.07098	0.11447	0.01454	0.01309	0.00613	0.00452	0.01321	0.00486	0.00433	0.00372	0.00634
42	0.00717	0.00608	0.00628	0.00609	0.00797	0.00559	0.00461	0.01038	0.11503	0.01564	0.10580	0.04510	0.62138	0.01216	0.00604	0.00175	0.00282	0.01018	0.00497	0.00496
43	0.81887	0.04373	0.00847	0.00693	0.01021	0.01205	0.00578	0.01532	0.00893	0.02290	0.00725	0.00846	0.00568	0.00482	0.00323	0.00159	0.00409	0.00282	0.00318	0.00568
44	0.00745	0.00555	0.00824	0.00824	0.00913	0.00644	0.00635	0.00922	0.00833	0.01199	0.01407	0.02110	0.01330	0.07595	0.75984	0.00821	0.01353	0.00567	0.00281	0.00458
45	0.00798	0.00577	0.00724	0.00826	0.00880	0.00532	0.00558	0.00888	0.02759	0.01500	0.04840	0.73765	0.04585	0.01655	0.00715	0.00233	0.00355	0.02776	0.00528	0.00507
46	0.01052	0.04322	0.77434	0.01472	0.02235	0.01227	0.01903	0.01647	0.01099	0.01641	0.00930	0.01094	0.00660	0.00494	0.00491	0.00164	0.00765	0.00383	0.00220	0.00768
47	0.02128	0.00853	0.01151	0.00898	0.01265	0.00747	0.00735	0.03774	0.01507	0.67674	0.11640	0.02030	0.01738	0.00697	0.00535	0.00161	0.00421	0.00575	0.00633	0.00836
48	0.01262	0.01210	0.02065	0.10029	0.71828	0.01230	0.01585	0.01575	0.01173	0.01669	0.00975	0.01298	0.00813	0.00469	0.00516	0.00156	0.00625	0.00464	0.00255	0.00803
49	0.01231	0.01228	0.02123	0.14132	0.47104	0.02511	0.13209	0.01545	0.01139	0.01592	0.00952	0.01302	0.00784	0.00512	0.00645	0.00167	0.08344	0.00484	0.00252	0.00742
50	0.00626	0.00527	0.00543	0.00542	0.00711	0.00444	0.00405	0.00766	0.01207	0.01461	0.11216	0.06394	0.70772	0.01304	0.00616	0.00176	0.00263	0.01094	0.00491	0.00444
51	0.00796	0.00628	0.00971	0.16401	0.01443	0.00746	0.00800	0.01014	0.00882	0.01248	0.01310	0.01915	0.01184	0.03172	0.62451	0.00692	0.01233	0.00538	0.02088	0.00488
52	0.06028	0.37272	0.21151	0.01143	0.01640	0.10004	0.03019	0.10084	0.02419	0.01652	0.00873	0.00989	0.00702	0.00493	0.00418	0.00137	0.00649	0.00345	0.00271	0.00708
53	0.00714	0.00608	0.00647	0.00657	0.02459	0.00556	0.00477	0.01007	0.09793	0.01540	0.09207	0.06044	0.61991	0.01222	0.00605	0.00175	0.00288	0.01026	0.00489	0.00494
54	0.00634	0.00453	0.00604	0.00725	0.00755	0.00423	0.00483	0.00725	0.00997	0.01329	0.02870	0.81358	0.03444	0.01632	0.00665	0.00211	0.00302	0.01480	0.00483	0.00423
55	0.00915	0.00532	0.00714	0.00761	0.00859	0.00488	0.00542	0.01040	0.01116	0.13433	0.08071	0.60425	0.03195	0.01430	0.00641	0.00201	0.00327	0.04292	0.00515	0.00502
56	0.01370	0.05988	0.19197	0.08736	0.35646	0.09849	0.01488	0.03873	0.01234	0.06315	0.01005	0.01220	0.00782	0.00498	0.00497	0.00154	0.00679	0.00426	0.00277	0.00765
57	0.01773	0.01300	0.01409	0.01127	0.01492	0.01434	0.00913	0.55611	0.14617	0.05846	0.01554	0.07828	0.01223	0.00720	0.00534	0.00164	0.00520	0.00572	0.00524	0.00838
58	0.01565	0.01476	0.01279	0.01133	0.01434	0.21411	0.00878	0.07068	0.48985	0.06473	0.01725	0.01633	0.01293	0.00654	0.00513	0.00164	0.00559	0.00513	0.00469	0.00775
59	0.01216	0.01033	0.01215	0.00919	0.01346	0.00924	0.03297	0.09126	0.16043	0.01947	0.01194	0.01275	0.00942	0.00474	0.00435	0.00108	0.00426	0.00389	0.00371	0.57319
60	0.01106	0.15603	0.64478	0.01407	0.02117	0.01351	0.03795	0.01635	0.01096	0.01581	0.00903	0.01065	0.00665	0.00485	0.00472	0.00156	0.00738	0.00374	0.00222	0.00751
61	0.01877	0.01407	0.01505	0.01177	0.01576	0.01567	0.00965	0.65579	0.13750	0.03116	0.01381	0.01355	0.00992	0.00637	0.00522	0.00159	0.00549	0.00487	0.00522	0.00876
62	0.00983	0.00926	0.01562	0.80447	0.03587	0.01157	0.01446	0.01331	0.01041	0.01331	0.00926	0.01388	0.00694	0.00521	0.00521	0.00174	0.00694	0.00463	0.00231	0.00579
63	0.07512	0.02384	0.01428	0.01298	0.01570	0.74374	0.00977	0.02043	0.01436	0.01345	0.00800	0.00933	0.00664	0.00533	0.00460	0.00136	0.00903	0.00332	0.00272	0.00601
64	0.00645	0.00517	0.00542	0.00553	0.00682	0.00451	0.00388	0.00747	0.01087	0.01323	0.04359	0.11404	0.56853	0.16948	0.01015	0.00243	0.00314	0.01066	0.00451	0.00414
65	0.00750	0.00502	0.00570	0.00578	0.00579	0.00500	0.00326	0.00755	0.00772	0.01029	0.01716	0.08142	0.01987	0.76836	0.02530	0.00487	0.00493	0.00801	0.00326	0.00322
66	0.85377	0.01007	0.00765	0.00685	0.01007	0.01168	0.00564	0.01531	0.00886	0.02336	0.00725	0.00846	0.00564	0.00483	0.00322	0.00161	0.00403	0.00282	0.00322	0.00564
67	0.00983	0.00926	0.01562	0.80447	0.03587	0.01157	0.01446	0.01331	0.01041	0.01331	0.00926	0.01388	0.00694	0.00521	0.00521	0.00174	0.00694	0.00463	0.00231	0.00579
68	0.00738	0.00480	0.00641	0.00737	0.00790	0.00444	0.00501	0.00835	0.01027	0.06035	0.02821	0.76525	0.03313	0.01572	0.00656	0.00208	0.00311	0.01422	0.00493	0.00451
69	0.01854	0.01396	0.01492	0.01173	0.01567	0.01557	0.00960	0.63191	0.16175	0.03080	0.01409	0.01377	0.01014	0.00640	0.00523	0.00160	0.00544	0.00491	0.00523	0.00874
70	0.85377	0.01007	0.00765	0.00685	0.01007	0.01168	0.00564	0.01531	0.00886	0.02336	0.00725	0.00846	0.00564	0.00483	0.00322	0.00161	0.00403	0.00282	0.00322	0.00564
71	0.01979	0.09072	0.01429	0.00991	0.01372	0.01148	0.00831	0.23763	0.01679	0.41160	0.01860	0.01726	0.06333	0.00675	0.00553	0.00158	0.03388	0.00520	0.00541	0.00823
72	0.02240	0.00950	0.01239	0.00954	0.01356	0.00864	0.00786	0.09583	0.04327	0.67309	0.01958	0.01715	0.01251	0.00640	0.00521	0.00160	0.00453	0.00517	0.00622	0.02557
73	0.85377	0.01007	0.00765	0.00685	0.01007	0.01168	0.00564	0.01531	0.00886	0.02336	0.00725	0.00846	0.00564	0.00483	0.00322	0.00161	0.00403	0.00282	0.00322	0.00564
74	0.01334	0.03368	0.33854	0.01216	0.01725	0.01041	0.06275	0.06913	0.04117	0.17083	0.15984	0.01821	0.01655	0.00645	0.00531	0.00163	0.00581	0.00545	0.00406	0.00743
75	0.00905	0.00452	0.00678	0.00678	0.00678	0.00452	0.00452	0.00678	0.00678	0.00905	0.00905	0.01583	0.00905	0.01809	0.02035	0.84848	0.00452	0.00452	0.00226	0.00226
76	0.01113	0.18208	0.64081	0.01368	0.02074	0.01376	0.01722	0.01632	0.01091	0.01566	0.00893	0.01048	0.00661	0.00485	0.00463	0.00154	0.00728	0.00364	0.00220	0.00750
77	0.07810	0.01076	0.01254	0.00986	0.01370	0.03296	0.00807	0.19200	0.06085	0.48232	0.03332	0.01621	0.01223	0.00638	0.00510	0.00160	0.00478	0.00502	0.00576	0.00844
78	0.00630	0.00528	0.00548	0.00543	0.00712	0.00446	0.00407	0.00775	0.01221	0.01488	0.13946	0.04878	0.69517	0.01289	0.00615	0.00174	0.00262	0.01080	0.00494	0.00446
79	0.00737	0.00532	0.00696	0.00655	0.00778	0.00491	0.00491	0.00983	0.01474	0.02088	0.78175	0.03890	0.04914	0.01065	0.00614	0.00164	0.00246	0.00942	0.00573	0.00491
80	0.01117	0.01055	0.01776	0.53770	0.14280	0.01231	0.07939	0.05974	0.01153	0.01529	0.00953	0.01355	0.00733	0.00530	0.00584	0.00172	0.04473	0.00476	0.00255	0.00644
81	0.02204	0.03042	0.01337	0.00998	0.01404	0.01026	0.00828	0.21737	0.02953	0.56089	0.01814	0.01617	0.01174	0.00636	0.00518	0.00159	0.00479	0.00504	0.00600	0.00880
82	0.00750	0.00534	0.00714	0.00714	0.00765	0.00584	0.00498	0.00851	0.00801	0.01118	0.01507	0.02666	0.01571	0.39325	0.44583	0.00686	0.00990	0.00649	0.00296	0.00397
83	0.01059	0.05976	0.75844	0.01460	0.02216	0.01245	0.01881	0.01645	0.01098	0.01632	0.00926	0.01089	0.00660	0.00493	0.00488	0.00163	0.00761	0.00380	0.00220	0.00765
84	0.01289	0.01237	0.02114	0.03196	0.78450	0.01237	0.01598	0.01598	0.01186	0.01701	0.00980	0.01289	0.00825	0.00464	0.00516	0.00155	0.00619	0.00464	0.00258	0.00825
85	0.06936	0.62906	0.15772	0.00980	0.01473	0.01854	0.01048	0.01573	0.01054	0.01373	0.00760	0.00882	0.00660	0.00457	0.00361	0.00124	0.00583	0.00297	0.00229	0.00679
86	0.01057	0.00890	0.01251	0.02833	0.01217	0.01150	0.00908	0.01190	0.00881	0.06422	0.01240	0.11790	0.01248	0.04506	0.17169	0.00353	0.44428	0.00624	0.00302	0.00542
87	0.00653	0.00511	0.00592	0.00610	0.00736	0.00450	0.00443	0.00806	0.01219	0.01573	0.24484	0.23229	0.40186	0.01326	0.00627	0.00181	0.00268	0.01149	0.00508	0.00450
88	0.00785	0.00582	0.00819	0.00759	0.00823	0.00604	0.05612	0.00871	0.00813	0.01114	0.01527	0.02864	0.01641	0.52899	0.25531	0.00582	0.00796	0.00688	0.00301	0.00387
89	0.00633	0.00458	0.00599	0.00712	0.00752	0.00424	0.00477	0.00727	0.01010	0.01335	0.03034	0.76155	0.08541	0.01610	0.00661	0.00209	0.00300	0.01454	0.00483	0.00424
90	0.82369	0.01003	0.00781	0.00694	0.01019	0.01154	0.00571	0.01567	0.00908	0.05106	0.00773	0.00880	0.00590	0.00489	0.00330	0.00161	0.00404	0.00291	0.00334	0.00576
91	0.01051	0.04171	0.77579	0.01473	0.02237	0.01225	0.01905	0.01648	0.01099	0.01641	0.00931	0.01095	0.00660	0.00494	0.00492	0.00164	0.00766	0.00383	0.00220	0.00768
92	0.02330	0.00897	0.01215	0.00931	0.01335	0.00781	0.00769	0.03872	0.01508	0.77452	0.02040	0.01763	0.01282	0.00644	0.00524	0.00161	0.00445	0.00523	0.00642	0.00886
93	0.02336	0.00886	0.01209	0.00927	0.01329	0.00765	0.00765	0.02538	0.01491	0.78810	0.02055	0.01773	0.01289	0.00645	0.00524	0.00161	0.00443	0.00524	0.00645	0.00886
94	0.01179	0.01321	0.02839	0.02057	0.02531	0.01250	0.68696	0.01582	0.01201	0.01631	0.01194	0.07945	0.01005	0.00547	0.00642	0.00180	0.02561	0.00682	0.00281	0.00677
95	0.00706	0.05989	0.00712	0.00587	0.00776	0.00590	0.00451	0.00900	0.04764	0.01428	0.05858	0.07288	0.63290	0.03569	0.00653	0.00182	0.00298	0.01022	0.00465	0.00470
96	0.00756	0.00560	0.00732	0.00825	0.00943	0.00535	0.00683	0.00948	0.01163	0.01488	0.03334	0.17940	0.19766	0.01443	0.00687	0.00221	0.00403	0.46629	0.00481	0.00461
97	0.00749	0.00547	0.00674	0.00637	0.00780	0.00497	0.00479	0.00985	0.02559	0.03463	0.58353	0.04082	0.22039	0.01111	0.00611	0.00167	0.00256	0.00965	0.00553	0.00492
98	0.01207	0.01355	0.02871	0.07359	0.02687	0.01325	0.66407	0.01617	0.01187	0.01617	0.01020	0.01386	0.00777	0.00477	0.00683	0.00179	0.06309	0.00594	0.00259	0.00685
99	0.01776	0.02215	0.01374	0.01266	0.01507	0.68944	0.00947	0.01911	0.01400	0.01274	0.00983	0.06380	0.00899	0.00839	0.05878	0.00187	0.00928	0.00427	0.00283	0.00582
100	0.00816	0.00607	0.00752	0.00702	0.00847	0.00595	0.00531	0.01219	0.11262	0.02096	0.66155	0.03583	0.04382	0.01005	0.00596	0.00164	0.00267	0.00883	0.03004	0.00534
101	0.01898	0.07843	0.01559	0.01301	0.01587	0.70278	0.00995	0.04662	0.02764	0.01357	0.00837	0.00960	0.00694	0.00536	0.00463	0.00134	0.00891	0.00340	0.00278	0.00622
102	0.00744	0.00558	0.00837	0.00837	0.00930	0.00651	0.00651	0.00930	0.00837	0.01209	0.01395	0.02046	0.01302	0.03906	0.79635	0.00837	0.01395	0.00558	0.00279	0.00465
103	0.01108	0.17199	0.65052	0.01376	0.02086	0.01365	0.01735	0.01633	0.01092	0.01572	0.00896	0.01051	0.00661	0.00486	0.00465	0.00155	0.00731	0.00365	0.00220	0.00751
104	0.00624	0.00528	0.00539	0.00536	0.00708	0.00443	0.00402	0.00763	0.01206	0.01452	0.10139	0.04937	0.73346	0.01302	0.00615	0.00175	0.00263	0.01089	0.00490	0.00443
105	0.01080	0.00926	0.01080	0.00771	0.01234	0.00694	0.00617	0.01311	0.01080	0.01697	0.00926	0.01080	0.00771	0.00386	0.00386	0.00077	0.00386	0.00309	0.00309	0.84882
106	0.00870	0.05558	0.00959	0.00823	0.00945	0.00780	0.00636	0.06106	0.00948	0.01320	0.01383	0.02130	0.01327	0.15584	0.57440	0.00695	0.01149	0.00566	0.00298	0.00483
107	0.01109	0.01255	0.05223	0.01818	0.02206	0.01190	0.51891	0.01456	0.01134	0.01560	0.01322	0.15243	0.01234	0.00703	0.00746	0.00188	0.10048	0.00738	0.00296	0.00641
108	0.01210	0.01157	0.01972	0.23093	0.59168	0.01217	0.01559	0.01529	0.01149	0.01606	0.00966	0.01315	0.00791	0.00479	0.00517	0.00160	0.00638	0.00464	0.00251	0.00761
109	0.01250	0.01197	0.02043	0.13153	0.68801	0.01227	0.01579	0.01564	0.01167	0.01654	0.00973	0.01302	0.00808	0.00471	0.00516	0.00157	0.00628	0.00464	0.00254	0.00793
110	0.01203	0.01468	0.08163	0.02098	0.02619	0.01299	0.68152	0.01639	0.01205	0.01650	0.01071	0.02909	0.00829	0.00477	0.00634	0.00177	0.02832	0.00612	0.00264	0.00698
111	0.00725	0.00541	0.00680	0.00670	0.00803	0.00495	0.00519	0.00945	0.01374	0.01869	0.52116	0.04405	0.20396	0.01171	0.00629	0.00177	0.00282	0.11184	0.00541	0.00479
112	0.01351	0.01275	0.02548	0.01912	0.05087	0.02818	0.55529	0.01727	0.01277	0.12082	0.05909	0.03566	0.01172	0.00537	0.00597	0.00172	0.00759	0.00632	0.00339	0.00710
113	0.01263	0.01211	0.02066	0.09831	0.72021	0.01230	0.01585	0.01575	0.01173	0.01669	0.00975	0.01297	0.00814	0.00469	0.00516	0.00156	0.00625	0.00464	0.00256	0.00804
114	0.00848	0.00682	0.00748	0.00717	0.00898	0.00680	0.00542	0.02866	0.19609	0.01679	0.12678	0.08484	0.38006	0.01180	0.00693	0.05827	0.00323	0.02516	0.00489	0.00534
115	0.01221	0.01386	0.03001	0.04316	0.02717	0.01318	0.72938	0.01650	0.01215	0.01650	0.01042	0.01399	0.00785	0.00451	0.00635	0.00177	0.02533	0.00607	0.00262	0.00696
116	0.01229	0.01405	0.03073	0.02195	0.02722	0.01317	0.76558	0.01668	0.01229	0.01668	0.01054	0.01405	0.00790	0.00439	0.00615	0.00176	0.00878	0.00615	0.00263	0.00702
117	0.01193	0.01347	0.02923	0.02106	0.02602	0.01263	0.71938	0.01611	0.01215	0.01648	0.01164	0.06261	0.00951	0.00511	0.00618	0.00178	0.00843	0.00667	0.00277	0.00685
118	0.00660	0.00472	0.00632	0.00743	0.00787	0.00444	0.00517	0.00774	0.01045	0.01397	0.07433	0.69643	0.03492	0.01579	0.00667	0.00211	0.00315	0.08271	0.00489	0.00432
119	0.02068	0.00945	0.01201	0.00959	0.01330	0.00897	0.00779	0.06603	0.15358	0.58000	0.02051	0.04554	0.01397	0.00689	0.00530	0.00165	0.00440	0.00566	0.00611	0.00859
120	0.01122	0.20376	0.61997	0.01352	0.02049	0.01399	0.01694	0.01629	0.01090	0.01555	0.00888	0.01041	0.00662	0.00484	0.00459	0.00153	0.00722	0.00361	0.00221	0.00747
121	0.00732	0.00525	0.00678	0.00767	0.00826	0.00509	0.00535	0.05365	0.01095	0.01458	0.02742	0.69913	0.03230	0.03033	0.00696	0.00215	0.00334	0.06412	0.00482	0.00453
122	0.01191	0.36025	0.46949	0.01235	0.01868	0.01567	0.01490	0.01611	0.01082	0.01471	0.00846	0.00988	0.00663	0.00474	0.00427	0.00142	0.00680	0.00340	0.00221	0.00727
123	0.01030	0.00975	0.01638	0.67139	0.13602	0.01184	0.01456	0.01364	0.01052	0.01378	0.00924	0.01366	0.00711	0.00527	0.00563	0.00173	0.03609	0.00463	0.00235	0.00611
124	0.01233	0.01181	0.02014	0.17233	0.64847	0.01223	0.01571	0.01550	0.01160	0.01634	0.00970	0.01307	0.00801	0.00474	0.00516	0.00158	0.00632	0.00464	0.00253	0.00780
125	0.01045	0.02694	0.79000	0.01484	0.02254	0.01209	0.01924	0.01649	0.01099	0.01649	0.00935	0.01099	0.00660	0.00495	0.00495	0.00165	0.00770	0.00385	0.00220	0.00770
126	0.02063	0.00912	0.01178	0.00926	0.01294	0.00841	0.00756	0.08971	0.06117	0.59043	0.08567	0.01997	0.03481	0.00699	0.00534	0.00162	0.00432	0.00573	0.00617	0.00838
127	0.01314	0.64197	0.19859	0.01024	0.01543	0.01869	0.01123	0.01580	0.01067	0.01320	0.00771	0.00895	0.00666	0.00457	0.00370	0.00123	0.00605	0.00302	0.00222	0.00691
128	0.00670	0.00553	0.00589	0.00582	0.00742	0.00498	0.00432	0.00860	0.04384	0.01441	0.09062	0.04505	0.60203	0.06817	0.06133	0.00242	0.00362	0.01008	0.00466	0.00453
129	0.01313	0.01301	0.02033	0.08224	0.68218	0.06573	0.01548	0.01613	0.01196	0.01648	0.00964	0.01272	0.00806	0.00473	0.00513	0.00155	0.00646	0.00455	0.00257	0.00793
130	0.01004	0.00946	0.01599	0.75293	0.08581	0.01162	0.01456	0.01348	0.01051	0.01355	0.00929	0.01382	0.00703	0.00517	0.00520	0.00172	0.00689	0.00463	0.00233	0.00595
131	0.01757	0.01721	0.01395	0.01194	0.01492	0.32381	0.00930	0.33286	0.05109	0.02163	0.01299	0.10939	0.01140	0.00722	0.00540	0.00156	0.02110	0.00544	0.00411	0.00709
132	0.02172	0.00863	0.01165	0.00905	0.01281	0.00755	0.00743	0.03818	0.01507	0.69808	0.09524	0.01971	0.01638	0.00685	0.00533	0.00161	0.00426	0.00564	0.00635	0.00847
133	0.07691	0.00977	0.01186	0.00932	0.01304	0.03026	0.00763	0.11209	0.01563	0.56206	0.08128	0.01800	0.01475	0.00663	0.00516	0.00160	0.00453	0.00530	0.00592	0.00824
134	0.00799	0.00552	0.00806	0.00820	0.00920	0.00510	0.05127	0.00937	0.01098	0.06707	0.09839	0.60440	0.05311	0.01427	0.00647	0.00201	0.00343	0.02545	0.00489	0.00479
135	0.02004	0.01420	0.01539	0.01180	0.01596	0.01557	0.00975	0.71658	0.02383	0.08429	0.01305	0.01286	0.00913	0.00626	0.00521	0.00157	0.00564	0.00473	0.00529	0.00886
136	0.02305	0.00879	0.01198	0.00921	0.01318	0.00760	0.00760	0.02507	0.01490	0.77282	0.03571	0.01815	0.01361	0.00653	0.00526	0.00161	0.00439	0.00532	0.00643	0.00878
137	0.01923	0.01016	0.01333	0.01047	0.01426	0.00990	0.05840	0.12185	0.15308	0.45174	0.02089	0.01907	0.05930	0.00680	0.00536	0.00165	0.00473	0.00569	0.00572	0.00836
138	0.01205	0.01151	0.01962	0.24474	0.57830	0.01215	0.01556	0.01525	0.01146	0.01599	0.00965	0.01316	0.00789	0.00480	0.00517	0.00160	0.00639	0.00464	0.00251	0.00757
139	0.00744	0.00557	0.00831	0.00831	0.00922	0.00648	0.00644	0.00926	0.00835	0.01205	0.01400	0.02075	0.01314	0.05546	0.78011	0.00830	0.01376	0.00562	0.00280	0.00462
140	0.01446	0.01053	0.07341	0.01222	0.06570	0.00894	0.10612	0.09098	0.01486	0.24285	0.25012	0.02360	0.03538	0.00746	0.00565	0.00165	0.00486	0.01908	0.00498	0.00714
141	0.01111	0.09322	0.57533	0.01572	0.02266	0.01304	0.16433	0.01645	0.01121	0.01616	0.00940	0.01136	0.00686	0.00480	0.00504	0.00162	0.00772	0.00421	0.00229	0.00748
142	0.02302	0.00942	0.01243	0.00953	0.01357	0.00848	0.00787	0.09744	0.01584	0.71473	0.01976	0.01722	0.01250	0.00643	0.00523	0.00161	0.00456	0.00518	0.00633	0.00886
143	0.00971	0.00485	0.00485	0.00485	0.00607	0.00485	0.00364	0.01213	0.01092	0.01942	0.01699	0.01942	0.01335	0.00607	0.00364	0.00121	0.00243	0.00485	0.84589	0.00485
144	0.01185	0.01534	0.13151	0.08108	0.04095	0.01294	0.57900	0.01630	0.01188	0.01632	0.01019	0.01355	0.00764	0.00462	0.00610	0.00175	0.02375	0.00566	0.00254	0.00702
145	0.01064	0.07215	0.74652	0.01450	0.02202	0.01258	0.01865	0.01644	0.01097	0.01625	0.00923	0.01084	0.00660	0.00492	0.00486	0.00162	0.00758	0.00379	0.00220	0.00764
146	0.00634	0.00453	0.00604	0.00725	0.00755	0.00423	0.00483	0.00725	0.00997	0.01329	0.02870	0.81358	0.03444	0.01632	0.00665	0.00211	0.00302	0.01480	0.00483	0.00423
147	0.85377	0.01007	0.00765	0.00685	0.01007	0.01168	0.00564	0.01531	0.00886	0.02336	0.00725	0.00846	0.00564	0.00483	0.00322	0.00161	0.00403	0.00282	0.00322	0.00564
148	0.00638	0.00468	0.00599	0.00694	0.00750	0.00429	0.00472	0.00744	0.01052	0.01386	0.07768	0.66357	0.13621	0.01555	0.00655	0.00204	0.00294	0.01396	0.00489	0.00429
149	0.01236	0.01387	0.02968	0.02304	0.10965	0.01308	0.68398	0.01661	0.01224	0.01672	0.01046	0.01392	0.00794	0.00442	0.00604	0.00173	0.00850	0.00598	0.00263	0.00716
150	0.85377	0.01007	0.00765	0.00685	0.01007	0.01168	0.00564	0.01531	0.00886	0.02336	0.00725	0.00846	0.00564	0.00483	0.00322	0.00161	0.00403	0.00282	0.00322	0.00564
151	0.01255	0.01390	0.04585	0.01461	0.17963	0.21388	0.00963	0.01697	0.15186	0.01622	0.06162	0.02363	0.20271	0.00771	0.00535	0.00159	0.00564	0.00631	0.00381	0.00653
152	0.01842	0.17429	0.01714	0.01254	0.01559	0.63330	0.00984	0.03591	0.01418	0.01309	0.00799	0.00926	0.00675	0.00521	0.00445	0.00130	0.00859	0.00328	0.00265	0.00622
153	0.00730	0.00532	0.00686	0.00647	0.00773	0.00488	0.00486	0.00968	0.01457	0.02047	0.73748	0.03958	0.09367	0.01080	0.00614	0.00165	0.00247	0.00951	0.00568	0.00488
154	0.01010	0.00953	0.01610	0.73702	0.10123	0.01164	0.01460	0.01354	0.01054	0.01363	0.00930	0.01380	0.00706	0.00516	0.00520	0.00172	0.00688	0.00463	0.00234	0.00600
155	0.01316	0.01041	0.06787	0.07138	0.01499	0.00972	0.04685	0.21126	0.01478	0.11894	0.04517	0.26166	0.01900	0.02464	0.00642	0.00187	0.02225	0.02844	0.00459	0.00660
156	0.01045	0.02694	0.79000	0.01484	0.02254	0.01209	0.01924	0.01649	0.01099	0.01649	0.00935	0.01099	0.00660	0.00495	0.00495	0.00165	0.00770	0.00385	0.00220	0.00770
157	0.00634	0.00453	0.00604	0.00725	0.00755	0.00423	0.00483	0.00725	0.00997	0.01329	0.02870	0.81358	0.03444	0.01632	0.00665	0.00211	0.00302	0.01480	0.00483	0.00423
158	0.00681	0.00522	0.00699	0.00860	0.06043	0.00484	0.00546	0.00800	0.01061	0.01401	0.06540	0.60520	0.14949	0.01478	0.00645	0.00200	0.00315	0.01327	0.00472	0.00456
159	0.06741	0.03602	0.59626	0.01355	0.02006	0.01143	0.03007	0.01645	0.01119	0.06367	0.01145	0.01538	0.00896	0.00583	0.00504	0.00170	0.00699	0.06844	0.00276	0.00735
160	0.01280	0.01033	0.01121	0.01012	0.01274	0.01162	0.00780	0.12874	0.50673	0.03381	0.02142	0.17375	0.01848	0.00875	0.00555	0.00180	0.00414	0.00745	0.00521	0.00755
161	0.13012	0.00925	0.01163	0.00907	0.01298	0.00854	0.00748	0.04954	0.02545	0.65257	0.01857	0.01638	0.01186	0.00624	0.00498	0.00161	0.00442	0.00492	0.00597	0.00844

[dist]
# distance from previous block
# <min> <max>
0	1

[block]
# block no. 2 follows, 47 sequences, length 39
# corresponding to MSA columns:
# 303-341
name=unknown_C
#
# <colnr> <probs for GDERKNQSTAVLIFYWHMCP>
#	G	D	E	R	K	N	Q	S	T	A	V	L	I	F	Y	W	H	M	C	P
0	0.02798	0.04964	0.01908	0.08434	0.46204	0.09278	0.04232	0.05325	0.04593	0.01704	0.01167	0.01462	0.03093	0.00537	0.00511	0.00156	0.00636	0.01953	0.00292	0.00752
1	0.01664	0.01281	0.01401	0.01140	0.01471	0.01446	0.00921	0.49280	0.18866	0.02748	0.01539	0.07924	0.01237	0.00744	0.00611	0.00170	0.05666	0.00577	0.00501	0.00814
2	0.00634	0.00453	0.00604	0.00725	0.00755	0.00423	0.00483	0.00725	0.00997	0.01329	0.02870	0.81358	0.03444	0.01632	0.00665	0.00211	0.00302	0.01480	0.00483	0.00423
3	0.01080	0.00926	0.01080	0.00771	0.01234	0.00694	0.00617	0.01311	0.01080	0.01697	0.00926	0.01080	0.00771	0.00386	0.00386	0.00077	0.00386	0.00309	0.00309	0.84882
4	0.08916	0.03016	0.01389	0.01090	0.01457	0.09294	0.00885	0.44464	0.04898	0.12092	0.01441	0.04613	0.02783	0.00663	0.00504	0.00158	0.00555	0.00503	0.00486	0.00794
5	0.01125	0.00957	0.01021	0.00930	0.01185	0.01067	0.00719	0.02244	0.56588	0.02057	0.12616	0.02638	0.12953	0.00841	0.00553	0.00175	0.00369	0.00708	0.00529	0.00725
6	0.00753	0.00506	0.00567	0.00567	0.00572	0.00503	0.00318	0.00757	0.00770	0.01022	0.01751	0.03457	0.04211	0.79258	0.02589	0.00495	0.00498	0.00768	0.00321	0.00319
7	0.03049	0.01330	0.01435	0.10816	0.03514	0.08511	0.01006	0.38513	0.09205	0.09745	0.01418	0.01663	0.01086	0.00663	0.00528	0.00164	0.00585	0.05522	0.00463	0.00783
8	0.04669	0.01372	0.08577	0.28888	0.28028	0.07862	0.05365	0.04963	0.02370	0.01637	0.00966	0.01273	0.00755	0.00503	0.00509	0.00162	0.00684	0.00448	0.00265	0.00703
9	0.00652	0.00527	0.00571	0.00568	0.00719	0.00456	0.00420	0.00800	0.01214	0.01518	0.19226	0.06226	0.56414	0.05984	0.00737	0.00195	0.00280	0.02557	0.00491	0.00443
10	0.00658	0.00476	0.00624	0.00713	0.00770	0.00442	0.00495	0.00781	0.01089	0.01458	0.14235	0.61559	0.08396	0.01519	0.00657	0.00203	0.00299	0.04694	0.00497	0.00437
11	0.02872	0.10101	0.56873	0.01469	0.02149	0.01328	0.09794	0.06463	0.01192	0.01729	0.00943	0.01111	0.00687	0.00492	0.00490	0.00160	0.00741	0.00403	0.00246	0.00756
12	0.01037	0.00635	0.00870	0.00865	0.05860	0.00583	0.00608	0.01276	0.01447	0.14838	0.58763	0.05180	0.04012	0.00969	0.00594	0.00164	0.00304	0.00854	0.00563	0.00577
13	0.00647	0.00492	0.00595	0.00647	0.00742	0.00441	0.00456	0.00779	0.01147	0.01492	0.17285	0.41906	0.28641	0.01425	0.00639	0.00191	0.00279	0.01256	0.00500	0.00441
14	0.01767	0.03279	0.01399	0.01285	0.04941	0.54106	0.00942	0.09970	0.03699	0.01620	0.01011	0.01144	0.00812	0.00555	0.00463	0.00137	0.00775	0.00381	0.11077	0.00636
15	0.25629	0.10401	0.01448	0.01030	0.01404	0.09807	0.00855	0.37300	0.03500	0.02545	0.01015	0.01072	0.00764	0.00557	0.00438	0.00151	0.00558	0.00383	0.00405	0.00739
16	0.08476	0.62689	0.08280	0.01009	0.01471	0.03181	0.05804	0.01579	0.01065	0.01380	0.00762	0.00894	0.00667	0.00454	0.00365	0.00124	0.00587	0.00309	0.00234	0.00668
17	0.01625	0.01396	0.06339	0.01102	0.01496	0.05676	0.00946	0.46994	0.03042	0.02613	0.01558	0.01776	0.06247	0.00685	0.00518	0.00153	0.00550	0.05215	0.01961	0.10109
18	0.00742	0.00545	0.00702	0.00699	0.00823	0.00510	0.00539	0.00984	0.02488	0.01894	0.53645	0.09249	0.11724	0.01177	0.00632	0.00180	0.00289	0.12150	0.00544	0.00485
19	0.18060	0.01164	0.01215	0.00999	0.01327	0.01280	0.00803	0.42619	0.05538	0.06130	0.01472	0.13135	0.01270	0.01978	0.00536	0.00172	0.00485	0.00595	0.00479	0.00743
20	0.06588	0.01401	0.12212	0.22396	0.13975	0.02854	0.22060	0.06333	0.01221	0.02984	0.01073	0.01359	0.02159	0.00507	0.00530	0.00167	0.00710	0.00493	0.00279	0.00696
21	0.03682	0.00942	0.01231	0.00948	0.01349	0.00855	0.00782	0.08843	0.03106	0.69534	0.01965	0.01716	0.01249	0.00641	0.00520	0.00161	0.00453	0.00516	0.00626	0.00880
22	0.06171	0.00612	0.00680	0.00706	0.00876	0.00584	0.00569	0.01018	0.05589	0.01570	0.05647	0.06986	0.42495	0.01269	0.00624	0.00195	0.00346	0.23104	0.00477	0.00483
23	0.04505	0.09246	0.69451	0.01402	0.02127	0.01279	0.01783	0.01637	0.01087	0.01642	0.00908	0.01067	0.00657	0.00490	0.00474	0.00160	0.00737	0.00372	0.00224	0.00753
24	0.00767	0.00570	0.00808	0.00808	0.00881	0.00650	0.00611	0.00916	0.00844	0.01193	0.01514	0.02555	0.01517	0.19641	0.55767	0.00707	0.03873	0.05642	0.00298	0.00439
25	0.00744	0.00558	0.00837	0.00837	0.00930	0.00651	0.00651	0.00930	0.00837	0.01209	0.01395	0.02046	0.01302	0.03906	0.79635	0.00837	0.01395	0.00558	0.00279	0.00465
26	0.01667	0.01366	0.01809	0.01421	0.03700	0.01467	0.16892	0.44830	0.15195	0.02687	0.01361	0.01416	0.00994	0.00596	0.00539	0.00163	0.00605	0.00521	0.01942	0.00828
27	0.01896	0.08657	0.02714	0.01122	0.01467	0.30410	0.00905	0.05655	0.14275	0.25572	0.01429	0.01374	0.01027	0.00594	0.00487	0.00149	0.00644	0.00438	0.00436	0.00750
28	0.00754	0.00513	0.00609	0.00606	0.00626	0.00522	0.00368	0.00793	0.00816	0.01107	0.06804	0.03276	0.02027	0.66819	0.11823	0.00522	0.00595	0.00746	0.00329	0.00346
29	0.00769	0.00568	0.00705	0.00664	0.00803	0.00538	0.00500	0.01082	0.06269	0.02030	0.64593	0.03806	0.11058	0.01050	0.00601	0.00164	0.00258	0.00919	0.03113	0.00508
30	0.01235	0.01116	0.01761	0.34992	0.32769	0.02367	0.02579	0.06657	0.04671	0.03588	0.01088	0.01459	0.00862	0.00534	0.00524	0.00166	0.00639	0.01985	0.00291	0.00716
31	0.01238	0.56471	0.06738	0.00909	0.01291	0.01648	0.00889	0.01437	0.01033	0.02853	0.02836	0.01202	0.00920	0.01198	0.17083	0.00270	0.00736	0.00365	0.00252	0.00631
32	0.05166	0.00755	0.00976	0.00801	0.01096	0.00680	0.00643	0.01956	0.01391	0.48114	0.16343	0.05749	0.02046	0.00757	0.00519	0.00159	0.00373	0.00631	0.11118	0.00728
33	0.01139	0.01139	0.01595	0.01367	0.01367	0.01595	0.01139	0.01253	0.00798	0.01253	0.00684	0.01139	0.00684	0.00911	0.01709	0.00228	0.80745	0.00456	0.00228	0.00570
34	0.01458	0.01139	0.01224	0.01065	0.01382	0.01289	0.00838	0.11225	0.62757	0.08502	0.02015	0.01850	0.01485	0.00692	0.00528	0.00173	0.00433	0.00570	0.00538	0.00836
35	0.12166	0.11294	0.58531	0.01310	0.01969	0.01307	0.01613	0.01615	0.01060	0.01684	0.00878	0.01038	0.00649	0.00497	0.00480	0.00160	0.02427	0.00361	0.00234	0.00727
36	0.01435	0.11551	0.07861	0.02359	0.46813	0.05886	0.01402	0.11567	0.01353	0.03490	0.00993	0.01203	0.00802	0.00493	0.00490	0.00149	0.00631	0.00429	0.00294	0.00798
37	0.01310	0.38893	0.23193	0.01485	0.14889	0.07492	0.01301	0.01620	0.01126	0.01433	0.00873	0.01097	0.00741	0.00489	0.00427	0.00138	0.00652	0.01889	0.00237	0.00714
38	0.05873	0.06696	0.17524	0.11225	0.37745	0.06562	0.02974	0.01596	0.01148	0.01620	0.00972	0.01230	0.01616	0.00491	0.00490	0.00156	0.00665	0.00428	0.00252	0.00739

[dist]
# distance from previous block
# <min> <max>
1	3

[block]
# block no. 3 follows, 47 sequences, length 23
# corresponding to MSA columns:
# 357-369,373-382
name=unknown_D
#
# <colnr> <probs for GDERKNQSTAVLIFYWHMCP>
#	G	D	E	R	K	N	Q	S	T	A	V	L	I	F	Y	W	H	M	C	P
0	0.18594	0.03805	0.04565	0.12377	0.07426	0.01038	0.06283	0.04056	0.06709	0.08760	0.07624	0.08262	0.04131	0.01693	0.00561	0.02011	0.00501	0.00590	0.00380	0.00634
1	0.01415	0.05244	0.01137	0.00886	0.01168	0.02200	0.00710	0.20859	0.09492	0.14789	0.15411	0.07576	0.12234	0.00859	0.00544	0.00163	0.00413	0.00711	0.03499	0.00691
2	0.00720	0.00529	0.00674	0.00643	0.00769	0.00483	0.00480	0.00947	0.01426	0.01985	0.67322	0.06522	0.13335	0.01112	0.00616	0.00167	0.00250	0.00977	0.00560	0.00483
3	0.00645	0.00465	0.00611	0.00710	0.00756	0.00431	0.00481	0.00754	0.01056	0.01414	0.11074	0.69926	0.06633	0.01558	0.00657	0.00205	0.00295	0.01407	0.00493	0.00431
4	0.01134	0.01111	0.04614	0.02626	0.01652	0.01016	0.19414	0.06626	0.05946	0.01721	0.01338	0.09601	0.02963	0.00669	0.00653	0.01989	0.07549	0.00574	0.00335	0.28473
5	0.01840	0.02124	0.01446	0.01319	0.03282	0.57540	0.00985	0.08448	0.13405	0.03130	0.01076	0.01146	0.00848	0.00571	0.00485	0.00144	0.00809	0.00393	0.00338	0.00672
6	0.00634	0.00453	0.00604	0.00725	0.00755	0.00423	0.00483	0.00725	0.00997	0.01329	0.02870	0.81358	0.03444	0.01632	0.00665	0.00211	0.00302	0.01480	0.00483	0.00423
7	0.03190	0.01082	0.01741	0.31044	0.31971	0.01176	0.05144	0.06359	0.03569	0.01674	0.01338	0.01622	0.06703	0.00567	0.00526	0.00165	0.00618	0.00519	0.00293	0.00697
8	0.06932	0.28290	0.08501	0.01250	0.04473	0.17826	0.05739	0.08609	0.01253	0.01581	0.00868	0.01052	0.00727	0.00690	0.04380	0.00177	0.06341	0.00371	0.00273	0.00668
9	0.00755	0.00517	0.00645	0.00687	0.00796	0.00467	0.00497	0.00893	0.01153	0.06030	0.13801	0.41533	0.23458	0.01402	0.00639	0.00194	0.00302	0.05259	0.00505	0.00467
10	0.00987	0.00948	0.01651	0.49043	0.04265	0.01097	0.12880	0.01300	0.01057	0.01396	0.01302	0.07006	0.04659	0.00750	0.03063	0.00199	0.05459	0.00589	0.01769	0.00579
11	0.01333	0.07115	0.55446	0.01404	0.04705	0.03372	0.01615	0.01815	0.01181	0.15553	0.01122	0.01207	0.00780	0.00519	0.00490	0.00160	0.00697	0.00405	0.00299	0.00782
12	0.01671	0.01945	0.01484	0.08501	0.04983	0.49603	0.01056	0.07959	0.01405	0.01464	0.01016	0.01209	0.03452	0.00679	0.02277	0.00167	0.09811	0.00408	0.00289	0.00622
13	0.01121	0.00924	0.01099	0.03225	0.01310	0.00711	0.00648	0.01355	0.01093	0.04415	0.00966	0.01114	0.00787	0.00399	0.00395	0.00083	0.00397	0.00321	0.00318	0.79319
14	0.01080	0.00926	0.01080	0.00771	0.01234	0.00694	0.00617	0.01311	0.01080	0.01697	0.00926	0.01080	0.00771	0.00386	0.00386	0.00077	0.00386	0.00309	0.00309	0.84882
15	0.01742	0.04690	0.06513	0.01121	0.01528	0.04174	0.00963	0.50933	0.03657	0.05652	0.01278	0.02961	0.00974	0.03232	0.00569	0.00161	0.00562	0.00476	0.02486	0.06328
16	0.00709	0.00530	0.00666	0.00745	0.00818	0.00516	0.00518	0.00949	0.08414	0.01478	0.08640	0.61914	0.07773	0.01477	0.00646	0.00203	0.00310	0.02730	0.00495	0.00469
