[name]
unknown

[dist]
# distance from previous block
# <min> <max>
2	140

[block]
# block no. 0 follows, 45 sequences, length 13
# corresponding to MSA columns:
# 142,143,150-160
name=unknown_A
#
# <colnr> <probs for GDERKNQSTAVLIFYWHMCP>
#	G	D	E	R	K	N	Q	S	T	A	V	L	I	F	Y	W	H	M	C	P
0	0.01322	0.03298	0.14098	0.20528	0.32557	0.01332	0.04231	0.12802	0.01368	0.01889	0.01028	0.01309	0.00796	0.00521	0.00530	0.00166	0.00682	0.00467	0.00293	0.00783
1	0.03678	0.19396	0.27499	0.09388	0.02010	0.02671	0.06333	0.01755	0.01184	0.13442	0.03025	0.01298	0.00905	0.00559	0.00550	0.00161	0.04661	0.00433	0.00313	0.00738
2	0.00744	0.00539	0.00648	0.00654	0.00787	0.00479	0.00478	0.00912	0.01287	0.04357	0.29330	0.23597	0.31576	0.01326	0.00643	0.00186	0.00282	0.01155	0.00536	0.00483
3	0.13122	0.03353	0.06088	0.25305	0.11304	0.03291	0.16419	0.10291	0.01299	0.03088	0.01008	0.01291	0.00762	0.00519	0.00519	0.00170	0.00691	0.00472	0.00303	0.00705
4	0.10027	0.28907	0.05711	0.05839	0.03438	0.04104	0.02676	0.04570	0.09025	0.14854	0.01197	0.01269	0.00911	0.00597	0.00522	0.02846	0.02006	0.00412	0.00363	0.00727
5	0.01032	0.01142	0.09475	0.62517	0.03272	0.01142	0.01442	0.01403	0.01084	0.01450	0.00955	0.01363	0.00721	0.00518	0.00518	0.00166	0.00686	0.00450	0.00247	0.10416
6	0.01341	0.02447	0.56346	0.01497	0.02176	0.09226	0.06717	0.01854	0.01229	0.10600	0.01093	0.01219	0.00766	0.00529	0.00519	0.00167	0.00780	0.00424	0.00286	0.00785
7	0.04559	0.00886	0.01110	0.09269	0.01439	0.00939	0.00803	0.07931	0.14213	0.20421	0.04893	0.16895	0.01898	0.06307	0.00757	0.00208	0.03009	0.03278	0.00500	0.00687
8	0.75236	0.01093	0.00885	0.00768	0.01111	0.01258	0.00633	0.10278	0.01102	0.02522	0.00811	0.00921	0.00620	0.00515	0.00356	0.00166	0.00436	0.00313	0.00356	0.00620
9	0.03434	0.04119	0.12242	0.12325	0.21784	0.02837	0.02418	0.13021	0.01389	0.05968	0.03337	0.01399	0.00966	0.02087	0.00549	0.00161	0.00615	0.00461	0.00337	0.10552
10	0.00754	0.00672	0.04573	0.00758	0.00888	0.00575	0.00577	0.01008	0.07472	0.01497	0.07553	0.39039	0.19200	0.09636	0.00864	0.00234	0.00360	0.03379	0.00476	0.00487
11	0.04077	0.01095	0.01510	0.38574	0.06337	0.03484	0.01205	0.12885	0.01354	0.11429	0.01197	0.04007	0.00921	0.00619	0.00594	0.00172	0.04996	0.00503	0.00355	0.04686
12	0.01566	0.01048	0.01222	0.00949	0.01348	0.00976	0.00761	0.21023	0.04957	0.16830	0.01527	0.09562	0.01251	0.00660	0.00498	0.00136	0.00452	0.00541	0.00470	0.34225

[dist]
# distance from previous block
# <min> <max>
0	2

[block]
# block no. 1 follows, 45 sequences, length 11
# corresponding to MSA columns:
# 167-177
name=unknown_B
#
# <colnr> <probs for GDERKNQSTAVLIFYWHMCP>
#	G	D	E	R	K	N	Q	S	T	A	V	L	I	F	Y	W	H	M	C	P
0	0.00840	0.00612	0.00681	0.00667	0.00734	0.00626	0.00426	0.01087	0.11690	0.01330	0.06831	0.06875	0.08448	0.54604	0.02027	0.00409	0.00460	0.00830	0.00395	0.00427
1	0.01709	0.01187	0.09721	0.01090	0.01488	0.01006	0.04842	0.14754	0.06629	0.31564	0.05873	0.02046	0.07303	0.00993	0.07068	0.00227	0.00595	0.00595	0.00518	0.00793
2	0.01836	0.01661	0.01455	0.10670	0.01816	0.28761	0.01019	0.17207	0.14815	0.13355	0.01366	0.01397	0.01000	0.00617	0.00520	0.00160	0.00690	0.00464	0.00430	0.00761
3	0.04039	0.01082	0.01524	0.38815	0.02542	0.05950	0.04752	0.04519	0.01239	0.17968	0.01299	0.05750	0.01007	0.00656	0.00630	0.00179	0.06471	0.00541	0.00362	0.00674
4	0.01100	0.00697	0.00807	0.00717	0.00933	0.00644	0.00550	0.08652	0.01435	0.14173	0.20041	0.05917	0.34659	0.06345	0.00748	0.00197	0.00347	0.00924	0.00538	0.00577
5	0.01360	0.01147	0.01752	0.25554	0.28204	0.01241	0.03503	0.15088	0.03101	0.05198	0.07468	0.01614	0.01207	0.00590	0.00546	0.00168	0.00616	0.00530	0.00357	0.00756
6	0.01894	0.01224	0.01471	0.01320	0.09240	0.01279	0.00969	0.42535	0.02003	0.20355	0.04257	0.08112	0.01367	0.00734	0.00553	0.00167	0.00529	0.00600	0.00538	0.00853
7	0.03184	0.09075	0.01596	0.29495	0.02257	0.08288	0.01110	0.14559	0.03040	0.06162	0.01079	0.01316	0.00829	0.00695	0.03539	0.00183	0.03748	0.00438	0.00336	0.09071
8	0.01046	0.00974	0.01570	0.71962	0.03467	0.01207	0.01427	0.01520	0.08655	0.01459	0.01077	0.01488	0.00808	0.00556	0.00538	0.00179	0.00686	0.00490	0.00269	0.00622
9	0.01066	0.00697	0.00823	0.00774	0.00966	0.00676	0.00580	0.01476	0.15284	0.13336	0.16558	0.18970	0.21083	0.04352	0.00698	0.00198	0.00343	0.00981	0.00542	0.00598
10	0.01778	0.01201	0.07766	0.05645	0.01626	0.01108	0.03604	0.21460	0.01617	0.29760	0.01679	0.09194	0.01290	0.00745	0.00623	0.00174	0.05472	0.00602	0.03858	0.00796

[dist]
# distance from previous block
# <min> <max>
0	1

[block]
# block no. 2 follows, 45 sequences, length 8
# corresponding to MSA columns:
# 179-186
name=unknown_C
#
# <colnr> <probs for GDERKNQSTAVLIFYWHMCP>
#	G	D	E	R	K	N	Q	S	T	A	V	L	I	F	Y	W	H	M	C	P
0	0.01921	0.01554	0.01739	0.01351	0.01766	0.11470	0.10620	0.45233	0.07246	0.09629	0.01341	0.01366	0.00959	0.00616	0.00543	0.00163	0.00656	0.00499	0.00482	0.00847
1	0.00726	0.00550	0.00678	0.00763	0.00840	0.00535	0.00527	0.00978	0.09266	0.01474	0.03141	0.64122	0.11293	0.01544	0.00665	0.00210	0.00319	0.01384	0.00504	0.00483
2	0.03434	0.06295	0.06525	0.01406	0.01788	0.04726	0.25226	0.02985	0.06019	0.05836	0.01480	0.16051	0.01368	0.00740	0.00620	0.00171	0.04527	0.00689	0.00357	0.09753
3	0.00690	0.00488	0.00607	0.00687	0.00718	0.00462	0.00442	0.00759	0.00968	0.01279	0.02744	0.53278	0.07797	0.24990	0.01283	0.00304	0.00370	0.01282	0.00447	0.00405
4	0.02058	0.01660	0.01570	0.01244	0.01644	0.15926	0.01008	0.57473	0.02273	0.07938	0.01258	0.01265	0.00899	0.00629	0.00527	0.00157	0.00652	0.00462	0.00497	0.00859
5	0.14776	0.02012	0.01399	0.01227	0.01543	0.46245	0.00948	0.15792	0.07812	0.01943	0.01014	0.01098	0.00793	0.00576	0.00475	0.00150	0.00768	0.00384	0.00356	0.00688
6	0.01072	0.00985	0.01345	0.12760	0.01653	0.03114	0.04749	0.04954	0.01090	0.01523	0.01493	0.01827	0.09194	0.01365	0.15821	0.00303	0.19799	0.00541	0.00307	0.16103
7	0.01330	0.01253	0.02000	0.02887	0.63639	0.01286	0.01500	0.01871	0.15222	0.01845	0.01227	0.01453	0.00996	0.00525	0.00534	0.00164	0.00598	0.00502	0.00318	0.00850

[dist]
# distance from previous block
# <min> <max>
6	18

[block]
# block no. 3 follows, 45 sequences, length 9
# corresponding to MSA columns:
# 205-213
name=unknown_D
#
# <colnr> <probs for GDERKNQSTAVLIFYWHMCP>
#	G	D	E	R	K	N	Q	S	T	A	V	L	I	F	Y	W	H	M	C	P
0	0.01242	0.05137	0.01622	0.36230	0.10775	0.09603	0.01259	0.01773	0.16280	0.01571	0.01210	0.03212	0.00974	0.00620	0.00612	0.00175	0.06212	0.00503	0.00312	0.00678
1	0.43796	0.01051	0.00966	0.00817	0.01147	0.01153	0.00666	0.20211	0.01407	0.05559	0.01879	0.01876	0.16105	0.00714	0.00453	0.00168	0.00432	0.00518	0.00431	0.00653
2	0.16237	0.01289	0.01176	0.01010	0.01318	0.16602	0.00792	0.14781	0.01508	0.23192	0.01626	0.15243	0.01389	0.00788	0.00518	0.00169	0.00550	0.00621	0.00478	0.00714
3	0.01285	0.00788	0.00939	0.00798	0.01049	0.00754	0.00630	0.14426	0.01629	0.17416	0.32033	0.03369	0.20708	0.00993	0.00598	0.00170	0.00358	0.00837	0.00574	0.00647
4	0.01898	0.01882	0.01380	0.01180	0.01521	0.45943	0.00908	0.02133	0.05003	0.16815	0.01173	0.01214	0.00882	0.00556	0.00483	0.00136	0.00740	0.00392	0.00374	0.15386
5	0.01687	0.01319	0.01529	0.01532	0.16702	0.05135	0.01017	0.42019	0.01878	0.04887	0.01307	0.01688	0.01085	0.14723	0.00918	0.00223	0.00602	0.00529	0.00437	0.00783
6	0.00704	0.00502	0.00673	0.00787	0.00839	0.00478	0.00566	0.00831	0.01077	0.01433	0.05441	0.60430	0.03453	0.04471	0.00768	0.00233	0.00354	0.16021	0.00494	0.00446
7	0.01266	0.15401	0.02726	0.05549	0.02318	0.01541	0.44215	0.01598	0.01138	0.01537	0.00944	0.01289	0.00766	0.00555	0.00804	0.00180	0.16700	0.00533	0.00255	0.00684
8	0.00726	0.00534	0.00679	0.00672	0.00788	0.00488	0.00493	0.00936	0.01397	0.01929	0.55529	0.17617	0.13755	0.01232	0.00642	0.00179	0.00266	0.01088	0.00563	0.00488

[dist]
# distance from previous block
# <min> <max>
0	1

[block]
# block no. 4 follows, 45 sequences, length 29
# corresponding to MSA columns:
# 215-243
name=unknown_E
#
# <colnr> <probs for GDERKNQSTAVLIFYWHMCP>
#	G	D	E	R	K	N	Q	S	T	A	V	L	I	F	Y	W	H	M	C	P
0	0.01404	0.77620	0.02707	0.00903	0.01340	0.02048	0.00890	0.01568	0.01076	0.01252	0.00791	0.00987	0.00749	0.04285	0.00458	0.00134	0.00572	0.00310	0.00234	0.00672
1	0.00842	0.00744	0.04448	0.04774	0.01078	0.03540	0.00665	0.05506	0.01149	0.01533	0.02532	0.61930	0.02914	0.01420	0.00640	0.00203	0.00394	0.01270	0.03917	0.00500
2	0.01353	0.01113	0.01183	0.01060	0.01363	0.01267	0.00826	0.02742	0.69653	0.05808	0.02336	0.02145	0.05233	0.00755	0.00550	0.00181	0.00419	0.00629	0.00550	0.00834
3	0.01091	0.06030	0.75230	0.01505	0.02284	0.01283	0.01939	0.01696	0.01132	0.01682	0.00954	0.01122	0.00680	0.00508	0.00503	0.00168	0.00784	0.00392	0.00227	0.00789
4	0.63635	0.01183	0.02867	0.02592	0.03293	0.04904	0.03540	0.04713	0.01075	0.06769	0.00883	0.01001	0.00665	0.00515	0.00385	0.00165	0.00491	0.00340	0.00349	0.00634
5	0.01014	0.00954	0.01610	0.79845	0.03697	0.01193	0.01491	0.01371	0.01073	0.01371	0.00954	0.01431	0.00716	0.00537	0.00537	0.00179	0.00716	0.00477	0.00239	0.00596
6	0.00767	0.00575	0.00863	0.00863	0.00959	0.00671	0.00671	0.00959	0.00863	0.01246	0.01438	0.02109	0.01342	0.04026	0.79008	0.00863	0.01438	0.00575	0.00288	0.00479
7	0.00654	0.00467	0.00623	0.00747	0.00779	0.00436	0.00498	0.00747	0.01028	0.01370	0.02959	0.80785	0.03550	0.01682	0.00685	0.00218	0.00311	0.01526	0.00498	0.00436
8	0.00653	0.00469	0.00621	0.00741	0.00777	0.00437	0.00496	0.00748	0.01034	0.01373	0.03033	0.78529	0.05758	0.01672	0.00684	0.00217	0.00310	0.01514	0.00498	0.00437
9	0.02105	0.01401	0.01547	0.01186	0.01613	0.01512	0.00980	0.63187	0.02351	0.16436	0.01433	0.01383	0.00985	0.00648	0.00537	0.00162	0.00567	0.00493	0.00559	0.00913
10	0.67227	0.01080	0.00929	0.00792	0.01143	0.01217	0.00653	0.10321	0.01161	0.09935	0.00944	0.01014	0.00693	0.00532	0.00376	0.00166	0.00440	0.00337	0.00388	0.00652
11	0.05920	0.00971	0.01258	0.00969	0.01382	0.00884	0.00800	0.09037	0.01597	0.68317	0.01986	0.01739	0.01260	0.00655	0.00531	0.00166	0.00467	0.00524	0.00639	0.00899
12	0.02078	0.01443	0.01573	0.01206	0.01634	0.01575	0.00997	0.68469	0.02423	0.11054	0.01374	0.01344	0.00956	0.00646	0.00537	0.00162	0.00577	0.00489	0.00550	0.00913
13	0.01435	0.81458	0.02813	0.00918	0.01378	0.02124	0.00918	0.01607	0.01091	0.01263	0.00746	0.00861	0.00689	0.00459	0.00344	0.00115	0.00574	0.00287	0.00230	0.00689
14	0.43251	0.00994	0.01027	0.00841	0.01213	0.01027	0.00693	0.03847	0.02906	0.37194	0.01421	0.01345	0.00955	0.00583	0.00437	0.00166	0.00439	0.00417	0.00494	0.00748
15	0.02041	0.01504	0.01611	0.01235	0.01665	0.01665	0.01020	0.75997	0.02524	0.03383	0.01289	0.01289	0.00913	0.00644	0.00537	0.00161	0.00591	0.00483	0.00537	0.00913
16	0.01519	0.00714	0.00951	0.00805	0.01063	0.00632	0.00634	0.01736	0.01484	0.37642	0.34361	0.07701	0.06584	0.00942	0.00593	0.00171	0.00353	0.00810	0.00615	0.00690
17	0.09904	0.00967	0.01230	0.00952	0.01361	0.00889	0.00786	0.07706	0.01549	0.65970	0.01934	0.01702	0.01231	0.00648	0.00521	0.00166	0.00462	0.00513	0.00625	0.00883
18	0.00793	0.00574	0.00713	0.00673	0.00812	0.00541	0.00506	0.01097	0.05049	0.02091	0.63097	0.03872	0.10435	0.01069	0.00612	0.00168	0.00263	0.00935	0.06183	0.00518
19	0.00795	0.00589	0.00805	0.00792	0.00848	0.00670	0.00573	0.00912	0.00831	0.01174	0.01489	0.02567	0.01528	0.31880	0.46983	0.00703	0.05488	0.00644	0.00298	0.00429
20	0.01435	0.81458	0.02813	0.00918	0.01378	0.02124	0.00918	0.01607	0.01091	0.01263	0.00746	0.00861	0.00689	0.00459	0.00344	0.00115	0.00574	0.00287	0.00230	0.00689
21	0.00842	0.00660	0.00776	0.00732	0.00900	0.00652	0.00553	0.01309	0.15757	0.02015	0.47454	0.05964	0.18139	0.01093	0.00618	0.00175	0.00291	0.00948	0.00562	0.00560
22	0.01216	0.01341	0.02867	0.02154	0.06014	0.01261	0.64808	0.01616	0.01230	0.01671	0.01207	0.06952	0.01010	0.00584	0.00679	0.02889	0.00838	0.00683	0.00286	0.00694
23	0.01164	0.03380	0.01671	0.39411	0.03838	0.09830	0.07847	0.01449	0.01115	0.01437	0.03842	0.01479	0.00942	0.00777	0.04440	0.00211	0.12340	0.00494	0.03729	0.00603
24	0.04411	0.00969	0.01236	0.04874	0.01471	0.00886	0.00802	0.05000	0.07836	0.48306	0.01772	0.01638	0.01185	0.00607	0.00507	0.00151	0.00459	0.00491	0.00552	0.16846
25	0.01496	0.01162	0.01298	0.01120	0.01451	0.01304	0.02855	0.08202	0.61591	0.10104	0.02082	0.01917	0.01531	0.00708	0.00547	0.00179	0.00453	0.00592	0.00550	0.00858
26	0.03050	0.43397	0.14041	0.04464	0.06521	0.04011	0.01137	0.08067	0.03075	0.01590	0.00928	0.01139	0.00792	0.03835	0.00537	0.00155	0.01900	0.00374	0.00274	0.00714
27	0.00911	0.00644	0.00900	0.00870	0.00991	0.00722	0.00678	0.05102	0.01031	0.04260	0.05351	0.04454	0.01651	0.06972	0.55826	0.00678	0.02809	0.03657	0.01979	0.00515
28	0.01224	0.20573	0.54439	0.01345	0.02019	0.03465	0.01637	0.01708	0.01158	0.04413	0.02769	0.01161	0.00810	0.00519	0.00476	0.00156	0.00723	0.00389	0.00253	0.00763

[dist]
# distance from previous block
# <min> <max>
0	4

[block]
# block no. 5 follows, 45 sequences, length 14
# corresponding to MSA columns:
# 253-264,267,268
name=unknown_F
#
# <colnr> <probs for GDERKNQSTAVLIFYWHMCP>
#	G	D	E	R	K	N	Q	S	T	A	V	L	I	F	Y	W	H	M	C	P
0	0.54884	0.07426	0.01120	0.00849	0.01197	0.07395	0.00703	0.11669	0.01225	0.04885	0.01046	0.01126	0.03508	0.00557	0.00391	0.00160	0.00491	0.00360	0.00365	0.00644
1	0.07418	0.00653	0.00861	0.07685	0.03943	0.00668	0.00659	0.01095	0.01088	0.07971	0.07901	0.41381	0.04794	0.08188	0.00829	0.00226	0.02599	0.01071	0.00453	0.00517
2	0.00834	0.00673	0.00710	0.00664	0.00857	0.00637	0.00501	0.07461	0.07194	0.01730	0.12702	0.04344	0.51785	0.06601	0.00761	0.00201	0.00326	0.00994	0.00504	0.00521
3	0.04875	0.00972	0.01279	0.03393	0.01431	0.00945	0.00840	0.07927	0.01501	0.58491	0.01841	0.01693	0.01202	0.00676	0.00633	0.00171	0.07354	0.00518	0.03409	0.00851
4	0.01216	0.01147	0.01909	0.04915	0.63169	0.01143	0.01448	0.01515	0.01241	0.01748	0.07315	0.01871	0.07804	0.00604	0.00548	0.00163	0.00578	0.00573	0.00310	0.00782
5	0.01174	0.01174	0.01644	0.01409	0.01409	0.01644	0.01174	0.01292	0.00822	0.01292	0.00705	0.01174	0.00705	0.00940	0.01762	0.00235	0.80153	0.00470	0.00235	0.00587
6	0.01241	0.08342	0.12722	0.21691	0.37114	0.01337	0.03179	0.03464	0.02810	0.01659	0.01000	0.01302	0.00797	0.00504	0.00516	0.00163	0.00673	0.00456	0.00263	0.00764
7	0.01514	0.01034	0.01190	0.07082	0.03351	0.04051	0.00813	0.18734	0.01500	0.12835	0.01395	0.01524	0.01042	0.00603	0.00538	0.00144	0.04949	0.00463	0.23306	0.13932
8	0.00649	0.00509	0.00588	0.00642	0.00753	0.00448	0.00454	0.00772	0.01149	0.01449	0.07871	0.39352	0.40473	0.01492	0.00657	0.00197	0.00289	0.01303	0.00503	0.00448
9	0.00803	0.00523	0.00614	0.00625	0.00645	0.00513	0.00372	0.00832	0.00867	0.03187	0.04579	0.15954	0.02303	0.63350	0.02269	0.00450	0.00476	0.00901	0.00372	0.00365
10	0.01032	0.00779	0.01067	0.01210	0.13550	0.00779	0.00779	0.04618	0.07784	0.05804	0.34433	0.15578	0.04698	0.01031	0.00632	0.00180	0.01790	0.03127	0.00509	0.00619
11	0.00757	0.00570	0.00703	0.00674	0.00813	0.00529	0.00503	0.01036	0.04675	0.01993	0.57774	0.07960	0.17696	0.01157	0.00632	0.00174	0.00267	0.01012	0.00568	0.00508
12	0.01488	0.74133	0.02693	0.00962	0.01404	0.09259	0.00930	0.01657	0.01131	0.01268	0.00754	0.00871	0.00689	0.00468	0.00357	0.00117	0.00611	0.00292	0.00234	0.00683
13	0.01279	0.01225	0.02089	0.15345	0.66124	0.01262	0.01623	0.01604	0.01199	0.01694	0.01001	0.01345	0.00829	0.00487	0.00532	0.00162	0.00650	0.00478	0.00261	0.00810

[dist]
# distance from previous block
# <min> <max>
0	1

[block]
# block no. 6 follows, 45 sequences, length 41
# corresponding to MSA columns:
# 285-325
name=unknown_G
#
# <colnr> <probs for GDERKNQSTAVLIFYWHMCP>
#	G	D	E	R	K	N	Q	S	T	A	V	L	I	F	Y	W	H	M	C	P
0	0.01189	0.01192	0.01631	0.01384	0.01448	0.04126	0.04950	0.01417	0.05472	0.01429	0.05953	0.01421	0.01057	0.00899	0.01512	0.00221	0.63297	0.00516	0.00281	0.00606
1	0.01174	0.08038	0.46012	0.03046	0.02169	0.04687	0.13175	0.01660	0.01165	0.01662	0.00984	0.01186	0.00736	0.00492	0.00501	0.00156	0.00744	0.00420	0.02845	0.09148
2	0.08933	0.01417	0.01784	0.05398	0.04395	0.16584	0.18068	0.01607	0.03928	0.01537	0.01019	0.02757	0.00897	0.04944	0.04338	0.00232	0.20744	0.00511	0.00285	0.00623
3	0.69266	0.01046	0.00902	0.02399	0.01164	0.01179	0.00647	0.05527	0.01073	0.11303	0.00940	0.01017	0.00689	0.00526	0.00371	0.00166	0.00435	0.00334	0.00380	0.00638
4	0.01174	0.01174	0.01644	0.01409	0.01409	0.01644	0.01174	0.01292	0.00822	0.01292	0.00705	0.01174	0.00705	0.00940	0.01762	0.00235	0.80153	0.00470	0.00235	0.00587
5	0.01259	0.01217	0.02093	0.07795	0.63544	0.01220	0.06003	0.01576	0.01216	0.01708	0.01307	0.01599	0.05970	0.00539	0.00545	0.00163	0.00634	0.00531	0.00280	0.00800
6	0.00771	0.00560	0.00785	0.00785	0.00854	0.00629	0.00574	0.00909	0.00840	0.01189	0.01509	0.02501	0.01512	0.25590	0.57677	0.00767	0.01181	0.00633	0.00298	0.00436
7	0.02245	0.00986	0.01270	0.00985	0.01385	0.00914	0.00809	0.12855	0.03872	0.61717	0.05691	0.01863	0.01462	0.00685	0.00544	0.00166	0.00465	0.00555	0.00639	0.00892
8	0.00700	0.00546	0.00635	0.00613	0.00765	0.00481	0.00460	0.00898	0.01379	0.01819	0.43316	0.04558	0.39460	0.01222	0.00634	0.00175	0.00262	0.01048	0.00547	0.00481
9	0.01993	0.01480	0.01584	0.01226	0.01647	0.01643	0.01009	0.71105	0.07492	0.03307	0.01349	0.01337	0.00961	0.00650	0.00538	0.00162	0.00580	0.00492	0.00538	0.00909
10	0.01784	0.01270	0.01431	0.01238	0.05685	0.01383	0.00954	0.44165	0.15330	0.09339	0.01607	0.01735	0.01207	0.00690	0.00537	0.00167	0.00525	0.03980	0.06122	0.00851
11	0.02008	0.00825	0.01117	0.00887	0.01232	0.00720	0.00720	0.02227	0.01532	0.59704	0.20422	0.02357	0.02236	0.00770	0.00562	0.00167	0.00407	0.00644	0.00647	0.00815
12	0.00993	0.00821	0.01008	0.00856	0.01107	0.03333	0.08096	0.07920	0.02943	0.05698	0.12922	0.03924	0.46101	0.01096	0.00614	0.00176	0.00398	0.00936	0.00492	0.00566
13	0.00932	0.00466	0.00699	0.00699	0.00699	0.00466	0.00466	0.00699	0.00699	0.00932	0.00932	0.01632	0.00932	0.01865	0.02098	0.84382	0.00466	0.00466	0.00233	0.00233
14	0.00767	0.00575	0.00863	0.00863	0.00959	0.00671	0.00671	0.00959	0.00863	0.01246	0.01438	0.02109	0.01342	0.04026	0.79008	0.00863	0.01438	0.00575	0.00288	0.00479
15	0.01113	0.00954	0.01113	0.00795	0.01272	0.00716	0.00636	0.01352	0.01113	0.01749	0.00954	0.01113	0.00795	0.00398	0.00398	0.00080	0.00398	0.00318	0.00318	0.84417
16	0.00705	0.00547	0.00642	0.00618	0.00768	0.00483	0.00464	0.00907	0.01391	0.01847	0.46139	0.04513	0.36620	0.01211	0.00634	0.00174	0.00261	0.01041	0.00551	0.00483
17	0.01435	0.81458	0.02813	0.00918	0.01378	0.02124	0.00918	0.01607	0.01091	0.01263	0.00746	0.00861	0.00689	0.00459	0.00344	0.00115	0.00574	0.00287	0.00230	0.00689
18	0.01335	0.01153	0.01214	0.01092	0.01396	0.01335	0.00850	0.02852	0.76817	0.02245	0.02185	0.02003	0.01639	0.00728	0.00546	0.00182	0.00425	0.00607	0.00546	0.00850
19	0.84927	0.01038	0.00789	0.00706	0.01038	0.01204	0.00581	0.01578	0.00914	0.02408	0.00747	0.00872	0.00581	0.00498	0.00332	0.00166	0.00415	0.00291	0.00332	0.00581
20	0.00654	0.00467	0.00623	0.00747	0.00779	0.00436	0.00498	0.00747	0.01028	0.01370	0.02959	0.80785	0.03550	0.01682	0.00685	0.00218	0.00311	0.01526	0.00498	0.00436
21	0.00781	0.00520	0.00585	0.00585	0.00585	0.00520	0.00325	0.00781	0.00781	0.01041	0.01691	0.03513	0.01952	0.81135	0.02732	0.00520	0.00520	0.00781	0.00325	0.00325
22	0.00737	0.00553	0.00686	0.00667	0.00807	0.00502	0.00509	0.00961	0.01426	0.01939	0.54214	0.04447	0.22678	0.01191	0.00642	0.00178	0.00276	0.06535	0.00561	0.00493
23	0.01377	0.01174	0.01238	0.01101	0.01412	0.01355	0.00860	0.07238	0.72362	0.02314	0.02131	0.01960	0.01595	0.00723	0.00546	0.00181	0.00435	0.00599	0.00546	0.00853
24	0.71548	0.01018	0.00863	0.00746	0.01092	0.01137	0.00615	0.01746	0.01015	0.14690	0.00970	0.01027	0.00703	0.00525	0.00366	0.00166	0.00422	0.00331	0.00386	0.00635
25	0.02041	0.01504	0.01611	0.01235	0.01665	0.01665	0.01020	0.75997	0.02524	0.03383	0.01289	0.01289	0.00913	0.00644	0.00537	0.00161	0.00591	0.00483	0.00537	0.00913
26	0.00768	0.00543	0.00716	0.00723	0.00769	0.00586	0.00495	0.00862	0.00832	0.01153	0.01639	0.06838	0.01750	0.41167	0.38117	0.00664	0.00937	0.00723	0.00317	0.00403
27	0.01435	0.81458	0.02813	0.00918	0.01378	0.02124	0.00918	0.01607	0.01091	0.01263	0.00746	0.00861	0.00689	0.00459	0.00344	0.00115	0.00574	0.00287	0.00230	0.00689
28	0.01239	0.06064	0.01898	0.01588	0.06671	0.03868	0.09174	0.01446	0.02896	0.01392	0.00810	0.01211	0.00749	0.00811	0.01405	0.00213	0.57205	0.00477	0.00250	0.00633
29	0.00939	0.02564	0.01147	0.01127	0.06192	0.00965	0.00826	0.01191	0.05441	0.01354	0.01343	0.03645	0.01266	0.07188	0.43993	0.00583	0.17285	0.00574	0.01833	0.00544
30	0.00702	0.00543	0.00639	0.00622	0.00768	0.00481	0.00464	0.00898	0.01372	0.01819	0.43498	0.07715	0.36079	0.01234	0.00636	0.00176	0.00264	0.01063	0.00547	0.00481
31	0.01580	0.01753	0.01934	0.02583	0.49442	0.30207	0.01420	0.01832	0.01334	0.01590	0.00943	0.01194	0.00791	0.00506	0.00514	0.00152	0.00761	0.00429	0.00270	0.00765
32	0.00767	0.00540	0.00698	0.00670	0.00790	0.00501	0.00498	0.01009	0.01463	0.02091	0.67976	0.09023	0.04742	0.01108	0.00621	0.00169	0.00257	0.00980	0.05593	0.00501
33	0.00932	0.00466	0.00699	0.00699	0.00699	0.00466	0.00466	0.00699	0.00699	0.00932	0.00932	0.01632	0.00932	0.01865	0.02098	0.84382	0.00466	0.00466	0.00233	0.00233
34	0.01435	0.81458	0.02813	0.00918	0.01378	0.02124	0.00918	0.01607	0.01091	0.01263	0.00746	0.00861	0.00689	0.00459	0.00344	0.00115	0.00574	0.00287	0.00230	0.00689
35	0.01335	0.01153	0.01214	0.01092	0.01396	0.01335	0.00850	0.02852	0.76817	0.02245	0.02185	0.02003	0.01639	0.00728	0.00546	0.00182	0.00425	0.00607	0.00546	0.00850
36	0.02005	0.02558	0.01521	0.01383	0.01659	0.78980	0.01037	0.02143	0.01521	0.01314	0.00830	0.00968	0.00691	0.00553	0.00484	0.00138	0.00968	0.00346	0.00277	0.00622
37	0.01499	0.01249	0.01287	0.01116	0.01438	0.03971	0.00883	0.19554	0.53231	0.02453	0.01939	0.01908	0.01470	0.00720	0.00542	0.00176	0.00478	0.02453	0.02795	0.00838
38	0.01382	0.01034	0.01171	0.01037	0.01303	0.01159	0.00812	0.06441	0.45600	0.11321	0.06061	0.09434	0.03800	0.00854	0.00646	0.00185	0.05746	0.00701	0.00536	0.00777
39	0.01262	0.01429	0.03095	0.04394	0.05153	0.01350	0.71526	0.01708	0.01260	0.01711	0.01080	0.01444	0.00813	0.00456	0.00628	0.00180	0.00892	0.00624	0.00270	0.00724
40	0.03189	0.00617	0.00800	0.00719	0.00895	0.00568	0.00552	0.01272	0.01506	0.13760	0.64011	0.03595	0.04379	0.01016	0.00611	0.00168	0.00288	0.00887	0.00595	0.00571

[dist]
# distance from previous block
# <min> <max>
0	1

[block]
# block no. 7 follows, 45 sequences, length 110
# corresponding to MSA columns:
# 327-436
name=unknown_H
#
# <colnr> <probs for GDERKNQSTAVLIFYWHMCP>
#	G	D	E	R	K	N	Q	S	T	A	V	L	I	F	Y	W	H	M	C	P
0	0.00878	0.01020	0.16729	0.00857	0.01133	0.00667	0.00818	0.01202	0.01432	0.04649	0.56972	0.03377	0.06215	0.00969	0.00605	0.00169	0.00372	0.00843	0.00516	0.00578
1	0.00797	0.00575	0.00777	0.00842	0.00957	0.00554	0.00688	0.01024	0.01303	0.01750	0.27283	0.14384	0.06375	0.01377	0.00696	0.00216	0.00386	0.39001	0.00526	0.00490
2	0.01629	0.29444	0.06294	0.01317	0.01721	0.32706	0.10070	0.03355	0.05991	0.01464	0.00932	0.01068	0.00768	0.00519	0.00460	0.00140	0.00775	0.00382	0.00279	0.00686
3	0.00780	0.00522	0.00594	0.00594	0.00597	0.00525	0.00336	0.00786	0.00783	0.01047	0.01684	0.03471	0.01933	0.78814	0.05028	0.00531	0.00548	0.00774	0.00324	0.00330
4	0.01366	0.06709	0.06316	0.02914	0.63907	0.01354	0.01578	0.06239	0.01289	0.01819	0.01007	0.01284	0.00834	0.00489	0.00518	0.00157	0.00639	0.00461	0.00278	0.00840
5	0.00845	0.00604	0.00842	0.00966	0.01081	0.00601	0.00830	0.01078	0.01216	0.01584	0.02853	0.13099	0.03133	0.01502	0.00736	0.00244	0.00477	0.67326	0.00495	0.00489
6	0.01113	0.00954	0.01113	0.00795	0.01272	0.00716	0.00636	0.01352	0.01113	0.01749	0.00954	0.01113	0.00795	0.00398	0.00398	0.00080	0.00398	0.00318	0.00318	0.84417
7	0.75285	0.01125	0.05022	0.00766	0.01128	0.01181	0.00670	0.01649	0.00964	0.07048	0.00844	0.00945	0.00633	0.00509	0.00355	0.00166	0.00438	0.00312	0.00347	0.00613
8	0.01329	0.01275	0.02179	0.03295	0.77787	0.01275	0.01647	0.01647	0.01222	0.01754	0.01010	0.01329	0.00850	0.00478	0.00531	0.00159	0.00638	0.00478	0.00266	0.00850
9	0.00757	0.00549	0.00714	0.00673	0.00800	0.00505	0.00505	0.01008	0.01514	0.02139	0.76120	0.04032	0.06457	0.01102	0.00633	0.00169	0.00254	0.00974	0.00589	0.00505
10	0.00838	0.00672	0.00969	0.00929	0.00998	0.00823	0.00723	0.00998	0.00847	0.01233	0.01338	0.02090	0.01294	0.11264	0.58074	0.00721	0.14848	0.00578	0.00282	0.00482
11	0.13831	0.01129	0.01482	0.31310	0.10629	0.02680	0.01166	0.13929	0.06126	0.10856	0.01195	0.01387	0.00872	0.00569	0.00506	0.00170	0.00598	0.00464	0.00374	0.00727
12	0.01349	0.00988	0.01096	0.00964	0.01249	0.01069	0.00754	0.06276	0.44214	0.11686	0.14441	0.02564	0.09344	0.00835	0.00567	0.00177	0.00396	0.00700	0.00563	0.00769
13	0.02357	0.00996	0.01297	0.00994	0.01411	0.00911	0.00821	0.12877	0.01674	0.67703	0.02002	0.01752	0.01271	0.00662	0.00539	0.00165	0.00475	0.00532	0.00647	0.00913
14	0.00865	0.00618	0.00865	0.00989	0.01112	0.00618	0.00865	0.01112	0.01236	0.01606	0.02842	0.06055	0.03089	0.01483	0.00741	0.00247	0.00494	0.74174	0.00494	0.00494
15	0.02041	0.01504	0.01611	0.01235	0.01665	0.01665	0.01020	0.75997	0.02524	0.03383	0.01289	0.01289	0.00913	0.00644	0.00537	0.00161	0.00591	0.00483	0.00537	0.00913
16	0.01629	0.01307	0.01504	0.01137	0.01579	0.03906	0.05850	0.36208	0.05838	0.04423	0.01209	0.01277	0.00906	0.00546	0.00492	0.00134	0.00543	0.00438	0.00436	0.30638
17	0.00694	0.00526	0.00643	0.00678	0.00791	0.00475	0.00497	0.00859	0.01252	0.01648	0.26302	0.28921	0.27109	0.01391	0.00657	0.00194	0.00294	0.06078	0.00526	0.00467
18	0.02366	0.00982	0.01288	0.00987	0.01404	0.00890	0.00816	0.11081	0.01650	0.69532	0.02022	0.01765	0.01281	0.00662	0.00539	0.00166	0.00472	0.00533	0.00650	0.00913
19	0.01359	0.01065	0.01220	0.02904	0.04702	0.01188	0.00879	0.04696	0.52997	0.08093	0.06779	0.02377	0.01867	0.00789	0.00566	0.00184	0.00443	0.06557	0.00535	0.00801
20	0.01810	0.01343	0.01447	0.01167	0.01551	0.01495	0.00945	0.45443	0.29058	0.07431	0.01659	0.01576	0.01197	0.00676	0.00540	0.00169	0.00523	0.00531	0.00548	0.00890
21	0.01176	0.01180	0.01677	0.01427	0.01439	0.01638	0.02767	0.01301	0.00832	0.01301	0.00713	0.01180	0.00707	0.00929	0.01738	0.00234	0.78462	0.00473	0.00236	0.00590
22	0.00940	0.00704	0.00921	0.01005	0.01158	0.00733	0.00863	0.01391	0.13353	0.01709	0.02737	0.05405	0.02857	0.01362	0.00710	0.00237	0.00483	0.62379	0.00503	0.00551
23	0.00654	0.00467	0.00623	0.00747	0.00779	0.00436	0.00498	0.00747	0.01028	0.01370	0.02959	0.80785	0.03550	0.01682	0.00685	0.00218	0.00311	0.01526	0.00498	0.00436
24	0.00644	0.00544	0.00557	0.00554	0.00731	0.00457	0.00415	0.00789	0.01246	0.01504	0.10952	0.05077	0.72021	0.01339	0.00634	0.00180	0.00270	0.01120	0.00506	0.00457
25	0.04378	0.00917	0.01235	0.00949	0.01362	0.00799	0.00784	0.02591	0.01522	0.76350	0.02085	0.01804	0.01311	0.00660	0.00535	0.00166	0.00456	0.00534	0.00656	0.00906
26	0.01909	0.00899	0.01149	0.00935	0.01278	0.00851	0.00753	0.02389	0.16757	0.49788	0.15044	0.02236	0.02031	0.00751	0.00557	0.00170	0.00415	0.00627	0.00628	0.00831
27	0.81200	0.01024	0.00797	0.00710	0.01040	0.01179	0.00584	0.01587	0.00941	0.04006	0.02582	0.00966	0.00703	0.00516	0.00344	0.00166	0.00412	0.00312	0.00345	0.00587
28	0.01642	0.01306	0.01387	0.01154	0.01513	0.01479	0.00924	0.34689	0.44480	0.02741	0.01795	0.01692	0.01323	0.00692	0.00542	0.00173	0.00497	0.00553	0.00542	0.00877
29	0.06593	0.02179	0.51811	0.01334	0.01991	0.01171	0.01573	0.05913	0.02559	0.18016	0.01232	0.01287	0.00840	0.00553	0.00507	0.00169	0.00682	0.00429	0.00348	0.00813
30	0.01435	0.81458	0.02813	0.00918	0.01378	0.02124	0.00918	0.01607	0.01091	0.01263	0.00746	0.00861	0.00689	0.00459	0.00344	0.00115	0.00574	0.00287	0.00230	0.00689
31	0.00812	0.00613	0.00765	0.00702	0.00866	0.00569	0.00531	0.01136	0.06127	0.02094	0.63869	0.03755	0.08479	0.01042	0.00612	0.00164	0.00274	0.00914	0.00565	0.06111
32	0.01211	0.01335	0.02834	0.11175	0.02796	0.01289	0.62224	0.01639	0.01242	0.01672	0.01188	0.01753	0.00954	0.00531	0.00629	0.00185	0.00856	0.05511	0.00283	0.00694
33	0.00753	0.00548	0.00708	0.00668	0.00798	0.00504	0.00501	0.01000	0.01503	0.02114	0.73597	0.04072	0.08996	0.01112	0.00633	0.00170	0.00254	0.00980	0.00586	0.00504
34	0.01017	0.00959	0.01611	0.78228	0.03650	0.01202	0.01484	0.01370	0.01068	0.01370	0.00949	0.01426	0.00715	0.00545	0.00562	0.00180	0.02353	0.00477	0.00238	0.00596
35	0.00654	0.00467	0.00623	0.00747	0.00779	0.00436	0.00498	0.00747	0.01028	0.01370	0.02959	0.80785	0.03550	0.01682	0.00685	0.00218	0.00311	0.01526	0.00498	0.00436
36	0.01001	0.00500	0.00500	0.00500	0.00625	0.00500	0.00375	0.01251	0.01126	0.02001	0.01751	0.02001	0.01376	0.00625	0.00375	0.00125	0.00250	0.00500	0.84115	0.00500
37	0.01435	0.81458	0.02813	0.00918	0.01378	0.02124	0.00918	0.01607	0.01091	0.01263	0.00746	0.00861	0.00689	0.00459	0.00344	0.00115	0.00574	0.00287	0.00230	0.00689
38	0.00648	0.00542	0.00566	0.00572	0.00741	0.00459	0.00429	0.00791	0.01231	0.01492	0.09699	0.09213	0.67501	0.01363	0.00639	0.00184	0.00278	0.02691	0.00504	0.00456
39	0.02326	0.01045	0.01327	0.01017	0.01436	0.00984	0.00840	0.18965	0.01756	0.61499	0.01933	0.01707	0.01236	0.00660	0.00539	0.00165	0.00487	0.00527	0.00636	0.00913
40	0.01994	0.01480	0.01585	0.01226	0.01647	0.01643	0.01009	0.71127	0.07470	0.03307	0.01348	0.01336	0.00961	0.00650	0.00538	0.00162	0.00580	0.00492	0.00538	0.00909
41	0.84927	0.01038	0.00789	0.00706	0.01038	0.01204	0.00581	0.01578	0.00914	0.02408	0.00747	0.00872	0.00581	0.00498	0.00332	0.00166	0.00415	0.00291	0.00332	0.00581
42	0.07505	0.00921	0.01218	0.00940	0.01350	0.00815	0.00776	0.02552	0.01498	0.73480	0.02033	0.01768	0.01283	0.00654	0.00527	0.00166	0.00454	0.00524	0.00644	0.00893
43	0.00804	0.00519	0.00574	0.00574	0.00594	0.00516	0.00333	0.00837	0.00833	0.01167	0.01787	0.03369	0.03671	0.69523	0.02398	0.00465	0.00482	0.00755	0.10450	0.00349
44	0.01889	0.01119	0.01296	0.01062	0.01433	0.01174	0.00855	0.15586	0.33624	0.32862	0.02001	0.01807	0.01387	0.00688	0.00542	0.00172	0.00467	0.00558	0.00592	0.00886
45	0.01177	0.01181	0.01680	0.01429	0.01442	0.01637	0.02941	0.01302	0.00833	0.01302	0.00714	0.01181	0.00707	0.00928	0.01735	0.00234	0.78278	0.00474	0.00236	0.00590
46	0.01379	0.01175	0.01238	0.01101	0.01412	0.01356	0.00860	0.07370	0.72228	0.02316	0.02129	0.01959	0.01594	0.00723	0.00546	0.00181	0.00435	0.00599	0.00546	0.00854
47	0.00654	0.00467	0.00623	0.00747	0.00779	0.00436	0.00498	0.00747	0.01028	0.01370	0.02959	0.80785	0.03550	0.01682	0.00685	0.00218	0.00311	0.01526	0.00498	0.00436
48	0.01940	0.01385	0.01507	0.01173	0.01575	0.01516	0.00963	0.62528	0.06403	0.07858	0.06462	0.01542	0.01254	0.00680	0.00544	0.00163	0.00551	0.00526	0.00549	0.00882
49	0.84927	0.01038	0.00789	0.00706	0.01038	0.01204	0.00581	0.01578	0.00914	0.02408	0.00747	0.00872	0.00581	0.00498	0.00332	0.00166	0.00415	0.00291	0.00332	0.00581
50	0.01174	0.01174	0.01644	0.01409	0.01409	0.01644	0.01174	0.01292	0.00822	0.01292	0.00705	0.01174	0.00705	0.00940	0.01762	0.00235	0.80153	0.00470	0.00235	0.00587
51	0.01025	0.00970	0.01612	0.74246	0.03534	0.01225	0.01468	0.01366	0.01055	0.01366	0.00936	0.01413	0.00715	0.00565	0.00624	0.00183	0.06386	0.00477	0.00238	0.00596
52	0.01435	0.81458	0.02813	0.00918	0.01378	0.02124	0.00918	0.01607	0.01091	0.01263	0.00746	0.00861	0.00689	0.00459	0.00344	0.00115	0.00574	0.00287	0.00230	0.00689
53	0.74337	0.01022	0.00848	0.00738	0.01081	0.01151	0.00608	0.01711	0.00993	0.12130	0.00923	0.00995	0.00677	0.00520	0.00359	0.00166	0.00421	0.00323	0.00375	0.00624
54	0.00728	0.00547	0.00674	0.00642	0.00783	0.00493	0.00482	0.00952	0.01445	0.01975	0.59293	0.04302	0.23387	0.01164	0.00633	0.00172	0.00258	0.01012	0.00568	0.00493
55	0.00857	0.00585	0.00820	0.00925	0.01026	0.00582	0.00777	0.01025	0.01147	0.01494	0.02627	0.10398	0.04053	0.01547	0.00925	0.11981	0.00475	0.57845	0.00458	0.00453
56	0.01945	0.01239	0.01396	0.01116	0.01506	0.01326	0.00907	0.34781	0.23153	0.24088	0.01774	0.01641	0.01234	0.00674	0.00540	0.00168	0.00506	0.00534	0.00575	0.00895
57	0.00757	0.00529	0.00697	0.00705	0.00805	0.00489	0.00509	0.00956	0.01358	0.03364	0.51456	0.29293	0.04493	0.01282	0.00648	0.00185	0.00276	0.01146	0.00562	0.00491
58	0.01131	0.02414	0.58994	0.01676	0.04616	0.01271	0.13988	0.01773	0.05832	0.01738	0.01060	0.01244	0.00766	0.00513	0.00533	0.00172	0.00784	0.00451	0.00255	0.00787
59	0.00932	0.00466	0.00699	0.00699	0.00699	0.00466	0.00466	0.00699	0.00699	0.00932	0.00932	0.01632	0.00932	0.01865	0.02098	0.84382	0.00466	0.00466	0.00233	0.00233
60	0.02041	0.01504	0.01611	0.01235	0.01665	0.01665	0.01020	0.75997	0.02524	0.03383	0.01289	0.01289	0.00913	0.00644	0.00537	0.00161	0.00591	0.00483	0.00537	0.00913
61	0.01670	0.01106	0.01178	0.01015	0.01332	0.06818	0.00798	0.04655	0.34528	0.27059	0.02300	0.06923	0.06618	0.00793	0.00554	0.00175	0.00463	0.00654	0.00559	0.00804
62	0.01957	0.01441	0.01541	0.01195	0.01605	0.01596	0.00983	0.68767	0.06490	0.03261	0.01358	0.01359	0.00972	0.00648	0.00530	0.00161	0.00567	0.00491	0.04188	0.00891
63	0.01968	0.01540	0.01528	0.01201	0.01595	0.09184	0.00979	0.63764	0.02332	0.03088	0.01274	0.01305	0.00922	0.00634	0.00521	0.00156	0.00605	0.00471	0.06076	0.00857
64	0.01077	0.02777	0.78354	0.01530	0.02323	0.01247	0.01983	0.01700	0.01133	0.01700	0.00963	0.01133	0.00680	0.00510	0.00510	0.00170	0.00793	0.00397	0.00227	0.00793
65	0.00917	0.00473	0.00694	0.00694	0.00695	0.00474	0.00459	0.00711	0.00709	0.00947	0.01001	0.01788	0.01020	0.08093	0.03634	0.76223	0.00489	0.00493	0.00241	0.00245
66	0.00768	0.00588	0.00709	0.00672	0.00823	0.00549	0.00506	0.01077	0.06462	0.01991	0.55265	0.04152	0.22166	0.01135	0.00628	0.00173	0.00269	0.00985	0.00566	0.00517
67	0.00660	0.00472	0.00628	0.00744	0.00780	0.00440	0.00499	0.00762	0.01054	0.01412	0.06979	0.76644	0.03632	0.01650	0.00682	0.00215	0.00308	0.01496	0.00503	0.00440
68	0.00779	0.00576	0.00773	0.00810	0.00934	0.00571	0.00655	0.00996	0.01229	0.01650	0.22735	0.06451	0.14087	0.01880	0.16474	0.00340	0.00584	0.27510	0.00479	0.00487
69	0.01473	0.01222	0.01291	0.01120	0.01448	0.01399	0.00883	0.17134	0.62311	0.02468	0.02010	0.01863	0.01497	0.00712	0.00544	0.00178	0.00457	0.00583	0.00544	0.00862
70	0.84927	0.01038	0.00789	0.00706	0.01038	0.01204	0.00581	0.01578	0.00914	0.02408	0.00747	0.00872	0.00581	0.00498	0.00332	0.00166	0.00415	0.00291	0.00332	0.00581
71	0.79409	0.01069	0.00844	0.00741	0.01080	0.01235	0.00611	0.06532	0.01021	0.02473	0.00783	0.00900	0.00603	0.00508	0.00346	0.00166	0.00427	0.00303	0.00346	0.00603
72	0.01001	0.00522	0.00553	0.04264	0.00771	0.00533	0.00428	0.01257	0.01123	0.01971	0.01713	0.01974	0.01345	0.00621	0.00383	0.00128	0.00272	0.00499	0.80137	0.00505
73	0.01435	0.81458	0.02813	0.00918	0.01378	0.02124	0.00918	0.01607	0.01091	0.01263	0.00746	0.00861	0.00689	0.00459	0.00344	0.00115	0.00574	0.00287	0.00230	0.00689
74	0.80457	0.01063	0.00833	0.00734	0.01072	0.01229	0.00605	0.05591	0.01000	0.02461	0.00777	0.00894	0.00599	0.00506	0.00343	0.00166	0.00425	0.00301	0.00343	0.00599
75	0.02408	0.00914	0.01246	0.00955	0.01370	0.00789	0.00789	0.02616	0.01536	0.78158	0.02118	0.01827	0.01329	0.00664	0.00540	0.00166	0.00457	0.00540	0.00664	0.00914
76	0.00634	0.00544	0.00544	0.00544	0.00725	0.00453	0.00408	0.00770	0.01224	0.01450	0.05438	0.05166	0.77569	0.01359	0.00634	0.00181	0.00272	0.01133	0.00498	0.00453
77	0.01014	0.00954	0.01610	0.79845	0.03697	0.01193	0.01491	0.01371	0.01073	0.01371	0.00954	0.01431	0.00716	0.00537	0.00537	0.00179	0.00716	0.00477	0.00239	0.00596
78	0.00781	0.00520	0.00585	0.00585	0.00585	0.00520	0.00325	0.00781	0.00781	0.01041	0.01691	0.03513	0.01952	0.81135	0.02732	0.00520	0.00520	0.00781	0.00325	0.00325
79	0.00932	0.00466	0.00699	0.00699	0.00699	0.00466	0.00466	0.00699	0.00699	0.00932	0.00932	0.01632	0.00932	0.01865	0.02098	0.84382	0.00466	0.00466	0.00233	0.00233
80	0.01435	0.81458	0.02813	0.00918	0.01378	0.02124	0.00918	0.01607	0.01091	0.01263	0.00746	0.00861	0.00689	0.00459	0.00344	0.00115	0.00574	0.00287	0.00230	0.00689
81	0.00634	0.00544	0.00544	0.00544	0.00725	0.00453	0.00408	0.00770	0.01224	0.01450	0.05438	0.05166	0.77569	0.01359	0.00634	0.00181	0.00272	0.01133	0.00498	0.00453
82	0.01014	0.00954	0.01610	0.79845	0.03697	0.01193	0.01491	0.01371	0.01073	0.01371	0.00954	0.01431	0.00716	0.00537	0.00537	0.00179	0.00716	0.00477	0.00239	0.00596
83	0.01014	0.00954	0.01610	0.79845	0.03697	0.01193	0.01491	0.01371	0.01073	0.01371	0.00954	0.01431	0.00716	0.00537	0.00537	0.00179	0.00716	0.00477	0.00239	0.00596
84	0.02339	0.00916	0.01239	0.00946	0.01365	0.00785	0.00781	0.02548	0.01514	0.74038	0.02055	0.01789	0.01300	0.00650	0.00532	0.00161	0.00454	0.00528	0.00646	0.05417
85	0.84927	0.01038	0.00789	0.00706	0.01038	0.01204	0.00581	0.01578	0.00914	0.02408	0.00747	0.00872	0.00581	0.00498	0.00332	0.00166	0.00415	0.00291	0.00332	0.00581
86	0.01070	0.00567	0.00574	0.00549	0.00695	0.00578	0.00418	0.06227	0.01219	0.02093	0.01720	0.01954	0.01345	0.00627	0.00386	0.00127	0.00273	0.00499	0.78551	0.00528
87	0.00807	0.00565	0.00662	0.00646	0.00648	0.00598	0.00389	0.00818	0.00785	0.01062	0.01620	0.03328	0.01856	0.74192	0.04254	0.00509	0.05841	0.00756	0.00318	0.00346
88	0.01058	0.00974	0.01658	0.38208	0.12326	0.01075	0.10944	0.04759	0.01176	0.01570	0.01430	0.18143	0.01364	0.00766	0.00577	0.00183	0.00631	0.00719	0.01814	0.00625
89	0.00785	0.00556	0.00716	0.00671	0.00808	0.00508	0.00505	0.01029	0.01498	0.03692	0.70572	0.04050	0.10372	0.01108	0.00631	0.00170	0.00259	0.00974	0.00586	0.00511
90	0.00654	0.00467	0.00623	0.00747	0.00779	0.00436	0.00498	0.00747	0.01028	0.01370	0.02959	0.80785	0.03550	0.01682	0.00685	0.00218	0.00311	0.01526	0.00498	0.00436
91	0.01460	0.78069	0.02757	0.00938	0.01390	0.05426	0.00924	0.01630	0.01109	0.01265	0.00750	0.00866	0.00689	0.00463	0.00350	0.00116	0.00591	0.00290	0.00232	0.00686
92	0.01253	0.01421	0.03083	0.06447	0.02854	0.01349	0.71827	0.01701	0.01257	0.01701	0.01079	0.01447	0.00809	0.00457	0.00628	0.00181	0.00895	0.00625	0.00270	0.00717
93	0.01730	0.01370	0.01468	0.01185	0.01497	0.05677	0.00960	0.51231	0.02049	0.02738	0.05428	0.07120	0.01310	0.02669	0.00759	0.00182	0.10782	0.00582	0.00479	0.00786
94	0.01223	0.01295	0.02216	0.20609	0.08449	0.06481	0.30730	0.01554	0.01165	0.01561	0.03420	0.01451	0.00915	0.00587	0.00775	0.00183	0.14041	0.00545	0.02138	0.00662
95	0.01809	0.01397	0.01468	0.01179	0.01562	0.02970	0.00956	0.51452	0.24310	0.02979	0.01554	0.01509	0.01133	0.00667	0.00535	0.00166	0.00541	0.00517	0.02416	0.00880
96	0.01234	0.01395	0.03030	0.02181	0.02696	0.01308	0.71774	0.01667	0.01254	0.01701	0.01187	0.05727	0.00962	0.00519	0.00636	0.00183	0.00873	0.00682	0.00284	0.00708
97	0.00713	0.00520	0.00674	0.00760	0.00833	0.00481	0.00537	0.00830	0.01054	0.01405	0.02891	0.57977	0.07256	0.06527	0.00802	0.00231	0.00350	0.10716	0.00477	0.04967
98	0.80381	0.01132	0.04994	0.00751	0.01108	0.01206	0.00657	0.01585	0.00925	0.02370	0.00759	0.00886	0.00587	0.00499	0.00342	0.00166	0.00436	0.00296	0.00326	0.00593
99	0.01020	0.00946	0.01571	0.69045	0.05179	0.01149	0.02587	0.02614	0.01124	0.01454	0.04763	0.01646	0.02195	0.01877	0.00580	0.00183	0.00682	0.00519	0.00267	0.00599
100	0.01014	0.00954	0.01610	0.79845	0.03697	0.01193	0.01491	0.01371	0.01073	0.01371	0.00954	0.01431	0.00716	0.00537	0.00537	0.00179	0.00716	0.00477	0.00239	0.00596
101	0.01187	0.01019	0.01230	0.00900	0.01344	0.00860	0.02377	0.06720	0.01199	0.01835	0.00964	0.01137	0.00798	0.00453	0.00504	0.00098	0.05732	0.00347	0.00327	0.70968
102	0.01204	0.01070	0.01157	0.00857	0.01313	0.05022	0.00682	0.03984	0.05069	0.01806	0.01022	0.01157	0.00837	0.00431	0.00415	0.00091	0.00436	0.00340	0.00335	0.72773
103	0.00714	0.00544	0.00644	0.00654	0.00774	0.00483	0.00460	0.00851	0.01163	0.01539	0.18844	0.27691	0.25792	0.11169	0.00893	0.00225	0.00319	0.01126	0.00485	0.05629
104	0.00871	0.00643	0.00828	0.05696	0.01092	0.00657	0.00636	0.07070	0.05278	0.02899	0.04358	0.54889	0.04398	0.01543	0.04871	0.00239	0.00428	0.01218	0.00479	0.01911
105	0.04364	0.04901	0.21070	0.01926	0.26343	0.01242	0.05590	0.06954	0.06441	0.04360	0.01198	0.04718	0.00975	0.00565	0.00515	0.00160	0.00625	0.00496	0.00322	0.07236
106	0.05938	0.01201	0.01635	0.39081	0.02640	0.05392	0.07373	0.19673	0.01446	0.01958	0.01049	0.01358	0.00790	0.00594	0.00591	0.01625	0.03211	0.00475	0.03297	0.00675
107	0.01684	0.06221	0.01513	0.01182	0.03313	0.01436	0.02170	0.31613	0.30233	0.08508	0.03540	0.01641	0.01302	0.00665	0.00530	0.00165	0.00510	0.00533	0.00517	0.02723
