[name]
unknown

[dist]
# distance from previous block
# <min> <max>
0	53

[block]
# block no. 0 follows, 44 sequences, length 28
# corresponding to MSA columns:
# 60-87
name=unknown_A
#
# <colnr> <probs for GDERKNQSTAVLIFYWHMCP>
#	G	D	E	R	K	N	Q	S	T	A	V	L	I	F	Y	W	H	M	C	P
0	0.10548	0.07053	0.13605	0.03533	0.07808	0.05042	0.06065	0.14783	0.01421	0.05309	0.01185	0.04731	0.00977	0.00598	0.00498	0.00155	0.00609	0.02212	0.00359	0.13511
1	0.07916	0.09957	0.08728	0.03183	0.10718	0.09266	0.01003	0.05825	0.01278	0.08298	0.05159	0.01879	0.07643	0.06251	0.00733	0.00187	0.05378	0.00533	0.03625	0.02443
2	0.18730	0.05066	0.06851	0.01066	0.07743	0.01019	0.00802	0.07358	0.01164	0.10229	0.01269	0.01817	0.01126	0.21100	0.01080	0.02152	0.00523	0.00497	0.00367	0.10042
3	0.09893	0.02844	0.03893	0.01003	0.04276	0.00934	0.02528	0.09933	0.01295	0.12644	0.03027	0.06890	0.01301	0.10709	0.00803	0.01816	0.00485	0.00545	0.00408	0.24774
4	0.05161	0.14531	0.16525	0.01215	0.04588	0.01326	0.02746	0.16838	0.01487	0.12481	0.04833	0.03755	0.01175	0.00713	0.02409	0.00175	0.02307	0.00494	0.03092	0.04148
5	0.05286	0.36058	0.18500	0.01132	0.01628	0.07661	0.01150	0.11741	0.03036	0.04255	0.04171	0.01193	0.00953	0.00552	0.00446	0.00145	0.00636	0.00392	0.00320	0.00746
6	0.00745	0.00543	0.00708	0.00775	0.00827	0.00539	0.00530	0.02290	0.01036	0.01404	0.04255	0.57408	0.03066	0.11933	0.06927	0.00306	0.02683	0.01289	0.00459	0.02277
7	0.01335	0.09019	0.28470	0.11445	0.06677	0.05810	0.08426	0.07024	0.02975	0.05192	0.03302	0.01344	0.00925	0.00545	0.00519	0.00162	0.00711	0.00458	0.00307	0.05354
8	0.00779	0.00584	0.00876	0.00876	0.00974	0.00681	0.00681	0.00974	0.00876	0.01266	0.01460	0.02142	0.01363	0.04089	0.78680	0.00876	0.01460	0.00584	0.00292	0.00487
9	0.01012	0.01060	0.04054	0.01577	0.01893	0.00972	0.37859	0.01313	0.01176	0.01590	0.01942	0.32501	0.02046	0.01024	0.00695	0.00204	0.02562	0.05539	0.00377	0.00605
10	0.01898	0.01429	0.01555	0.04272	0.01707	0.01586	0.01011	0.60783	0.11354	0.03131	0.01407	0.01446	0.01028	0.02362	0.00591	0.00173	0.00579	0.00509	0.00525	0.02655
11	0.84691	0.01054	0.00801	0.00717	0.01054	0.01223	0.00590	0.01603	0.00928	0.02446	0.00759	0.00886	0.00590	0.00506	0.00337	0.00169	0.00422	0.00295	0.00337	0.00590
12	0.00764	0.00519	0.00600	0.00624	0.00636	0.00510	0.00366	0.00786	0.00854	0.01133	0.02080	0.17948	0.04711	0.63539	0.02319	0.00460	0.00481	0.00945	0.00369	0.00355
13	0.77610	0.01105	0.00872	0.00777	0.01093	0.03400	0.00638	0.01602	0.00940	0.02350	0.00759	0.00906	0.00601	0.00533	0.00425	0.00172	0.04989	0.00307	0.00330	0.00592
14	0.02037	0.02598	0.01545	0.01404	0.01685	0.78652	0.01053	0.02177	0.01545	0.01334	0.00843	0.00983	0.00702	0.00562	0.00492	0.00140	0.00983	0.00351	0.00281	0.00632
15	0.01349	0.04585	0.01653	0.01335	0.01454	0.01636	0.01111	0.13656	0.06910	0.01759	0.03161	0.01347	0.00951	0.00873	0.01397	0.00215	0.55115	0.00497	0.00323	0.00673
16	0.00785	0.00539	0.00631	0.00642	0.00647	0.00548	0.00380	0.00803	0.00831	0.01113	0.01877	0.14705	0.02183	0.67053	0.02444	0.00476	0.02741	0.00894	0.00353	0.00354
17	0.01940	0.01563	0.07273	0.04331	0.01798	0.01603	0.01124	0.61321	0.02292	0.06195	0.01282	0.01321	0.00911	0.00653	0.00593	0.00168	0.03751	0.00486	0.00503	0.00893
18	0.02042	0.01512	0.01619	0.01248	0.01679	0.01677	0.01029	0.72569	0.05665	0.03387	0.01347	0.01339	0.00958	0.00658	0.00546	0.00165	0.00593	0.00496	0.00546	0.00924
19	0.01093	0.02820	0.78016	0.01554	0.02360	0.01266	0.02014	0.01727	0.01151	0.01727	0.00978	0.01151	0.00691	0.00518	0.00518	0.00173	0.00806	0.00403	0.00230	0.00806
20	0.02446	0.00928	0.01265	0.00970	0.01392	0.00801	0.00801	0.02657	0.01560	0.77817	0.02151	0.01856	0.01350	0.00675	0.00548	0.00169	0.00464	0.00548	0.00675	0.00928
21	0.00711	0.00570	0.00682	0.00745	0.03812	0.00507	0.00517	0.00878	0.01272	0.01633	0.20767	0.19063	0.42060	0.01351	0.00653	0.00189	0.00301	0.03283	0.00518	0.00486
22	0.05847	0.03147	0.01341	0.01086	0.06025	0.00888	0.03698	0.01845	0.01304	0.28329	0.06959	0.01608	0.01303	0.00580	0.00524	0.00137	0.02699	0.00475	0.00457	0.31748
23	0.81750	0.01116	0.03518	0.00746	0.01100	0.01225	0.00641	0.01607	0.00936	0.02421	0.00767	0.00895	0.00594	0.00506	0.00344	0.00169	0.00435	0.00299	0.00334	0.00598
24	0.02294	0.01082	0.01350	0.01045	0.01463	0.01042	0.00860	0.19689	0.06241	0.55984	0.01958	0.01739	0.01270	0.00674	0.00548	0.00168	0.00494	0.00539	0.00637	0.00924
25	0.00664	0.00474	0.00633	0.00759	0.00791	0.00443	0.00506	0.00759	0.01044	0.01392	0.03005	0.80485	0.03606	0.01708	0.00696	0.00221	0.00316	0.01550	0.00506	0.00443
26	0.01130	0.00969	0.01130	0.00807	0.01292	0.00727	0.00646	0.01373	0.01130	0.01776	0.00969	0.01130	0.00807	0.00404	0.00404	0.00081	0.00404	0.00323	0.00323	0.84173
27	0.01232	0.01257	0.08375	0.29801	0.02577	0.04170	0.17009	0.03607	0.02726	0.07392	0.09010	0.05288	0.01397	0.00665	0.00616	0.00181	0.03065	0.00613	0.00345	0.00672

[dist]
# distance from previous block
# <min> <max>
0	1

[block]
# block no. 1 follows, 44 sequences, length 49
# corresponding to MSA columns:
# 89-137
name=unknown_B
#
# <colnr> <probs for GDERKNQSTAVLIFYWHMCP>
#	G	D	E	R	K	N	Q	S	T	A	V	L	I	F	Y	W	H	M	C	P
0	0.65125	0.14075	0.01196	0.00791	0.01157	0.01409	0.00679	0.07050	0.01077	0.02330	0.00799	0.00915	0.00633	0.00511	0.00355	0.00160	0.00461	0.00309	0.00336	0.00633
1	0.01283	0.01460	0.03159	0.02265	0.02796	0.01390	0.72679	0.01730	0.01270	0.01730	0.01088	0.01460	0.00823	0.00478	0.00686	0.00186	0.03875	0.00637	0.00274	0.00730
2	0.02038	0.02540	0.01550	0.01396	0.01686	0.74489	0.01052	0.06149	0.01600	0.01448	0.00868	0.01001	0.00714	0.00567	0.00494	0.00142	0.00962	0.00359	0.00295	0.00648
3	0.02066	0.01719	0.01620	0.01281	0.01690	0.15468	0.01039	0.62474	0.02381	0.03060	0.01225	0.01251	0.00887	0.00638	0.00536	0.00159	0.00669	0.00466	0.00498	0.00874
4	0.01130	0.00969	0.01130	0.00807	0.01292	0.00727	0.00646	0.01373	0.01130	0.01776	0.00969	0.01130	0.00807	0.00404	0.00404	0.00081	0.00404	0.00323	0.00323	0.84173
5	0.00664	0.00474	0.00633	0.00759	0.00791	0.00443	0.00506	0.00759	0.01044	0.01392	0.03005	0.80485	0.03606	0.01708	0.00696	0.00221	0.00316	0.01550	0.00506	0.00443
6	0.03123	0.00654	0.00726	0.00731	0.00857	0.02979	0.00538	0.00984	0.03063	0.01648	0.21399	0.23849	0.26992	0.04133	0.00769	0.00205	0.03780	0.02580	0.00500	0.00490
7	0.01016	0.00508	0.00508	0.00508	0.00635	0.00508	0.00381	0.01270	0.01143	0.02033	0.01778	0.02033	0.01397	0.00635	0.00381	0.00127	0.00254	0.00508	0.83867	0.00508
8	0.01130	0.00969	0.01130	0.00807	0.01292	0.00727	0.00646	0.01373	0.01130	0.01776	0.00969	0.01130	0.00807	0.00404	0.00404	0.00081	0.00404	0.00323	0.00323	0.84173
9	0.00769	0.00544	0.00718	0.02567	0.00841	0.00574	0.00517	0.00872	0.00897	0.01241	0.01926	0.21485	0.02123	0.32434	0.27157	0.00550	0.00781	0.00891	0.02692	0.00420
10	0.84691	0.01054	0.00801	0.00717	0.01054	0.01223	0.00590	0.01603	0.00928	0.02446	0.00759	0.00886	0.00590	0.00506	0.00337	0.00169	0.00422	0.00295	0.00337	0.00590
11	0.00664	0.00474	0.00633	0.00759	0.00791	0.00443	0.00506	0.00759	0.01044	0.01392	0.03005	0.80485	0.03606	0.01708	0.00696	0.00221	0.00316	0.01550	0.00506	0.00443
12	0.00779	0.00584	0.00876	0.00876	0.00974	0.00681	0.00681	0.00974	0.00876	0.01266	0.01460	0.02142	0.01363	0.04089	0.78680	0.00876	0.01460	0.00584	0.00292	0.00487
13	0.02435	0.00946	0.01276	0.00978	0.01401	0.00828	0.00808	0.04815	0.01590	0.75618	0.02126	0.01839	0.01337	0.00674	0.00548	0.00169	0.00468	0.00547	0.00671	0.00928
14	0.01093	0.02820	0.78016	0.01554	0.02360	0.01266	0.02014	0.01727	0.01151	0.01727	0.00978	0.01151	0.00691	0.00518	0.00518	0.00173	0.00806	0.00403	0.00230	0.00806
15	0.01287	0.01471	0.03217	0.02298	0.02849	0.01379	0.75460	0.01746	0.01287	0.01746	0.01103	0.01471	0.00827	0.00460	0.00643	0.00184	0.00919	0.00643	0.00276	0.00735
16	0.00649	0.00535	0.00570	0.00598	0.00748	0.00456	0.00435	0.00777	0.01198	0.01455	0.04964	0.21948	0.60877	0.01453	0.00656	0.00192	0.00285	0.01239	0.00506	0.00456
17	0.02072	0.01527	0.01636	0.01254	0.01691	0.01691	0.01036	0.75622	0.02563	0.03436	0.01309	0.01309	0.00927	0.00654	0.00545	0.00164	0.00600	0.00491	0.00545	0.00927
18	0.84691	0.01054	0.00801	0.00717	0.01054	0.01223	0.00590	0.01603	0.00928	0.02446	0.00759	0.00886	0.00590	0.00506	0.00337	0.00169	0.00422	0.00295	0.00337	0.00590
19	0.01423	0.01204	0.01270	0.01123	0.01443	0.01387	0.00879	0.09672	0.69571	0.02388	0.02134	0.01966	0.01596	0.00732	0.00554	0.00183	0.00447	0.00605	0.00554	0.00869
20	0.02042	0.01423	0.01560	0.01192	0.01630	0.01527	0.00983	0.62517	0.02353	0.11075	0.01372	0.01353	0.00962	0.00638	0.00535	0.00158	0.00571	0.00484	0.00542	0.07083
21	0.00793	0.00529	0.00595	0.00595	0.00595	0.00529	0.00330	0.00793	0.00793	0.01057	0.01718	0.03568	0.01982	0.80840	0.02775	0.00529	0.00529	0.00793	0.00330	0.00330
22	0.01356	0.01171	0.01233	0.01109	0.01418	0.01356	0.00863	0.02897	0.76455	0.02281	0.02219	0.02034	0.01664	0.00740	0.00555	0.00185	0.00431	0.00616	0.00555	0.00863
23	0.01951	0.01316	0.01456	0.01161	0.01560	0.01430	0.00944	0.41988	0.22331	0.17384	0.01716	0.01610	0.01207	0.00681	0.00548	0.00170	0.00528	0.00536	0.00573	0.00910
24	0.01141	0.00979	0.01135	0.00822	0.01298	0.00757	0.00656	0.01445	0.04708	0.01800	0.01028	0.01173	0.00848	0.00420	0.00411	0.00086	0.00405	0.00337	0.00334	0.80216
25	0.01030	0.00969	0.01635	0.79530	0.03755	0.01211	0.01514	0.01393	0.01090	0.01393	0.00969	0.01453	0.00727	0.00545	0.00545	0.00182	0.00727	0.00484	0.00242	0.00606
26	0.01490	0.01297	0.01899	0.02571	0.50709	0.06478	0.01402	0.01853	0.06516	0.10605	0.01278	0.04223	0.01053	0.00603	0.00622	0.00170	0.05534	0.00530	0.00344	0.00824
27	0.00939	0.00778	0.01230	0.15546	0.01662	0.00830	0.09083	0.02751	0.02823	0.03861	0.03684	0.44385	0.02433	0.01216	0.00723	0.00206	0.05779	0.01095	0.00423	0.00552
28	0.02038	0.02549	0.01549	0.01398	0.01686	0.75106	0.01053	0.05560	0.01592	0.01431	0.00864	0.00998	0.00713	0.00566	0.00494	0.00142	0.00965	0.00358	0.00293	0.00646
29	0.01058	0.01090	0.02087	0.03569	0.01994	0.02751	0.40569	0.01352	0.01169	0.01563	0.01766	0.28828	0.01828	0.04400	0.00783	0.00212	0.03072	0.00947	0.00356	0.00607
30	0.01012	0.00911	0.01497	0.69381	0.03351	0.01122	0.01365	0.01342	0.01071	0.01404	0.01069	0.01640	0.00855	0.06396	0.00698	0.00204	0.00686	0.00508	0.04907	0.00580
31	0.01923	0.01453	0.01552	0.01224	0.01634	0.01621	0.01000	0.60442	0.17987	0.03195	0.01499	0.01460	0.01081	0.00672	0.00547	0.00168	0.00565	0.00517	0.00547	0.00914
32	0.00947	0.00473	0.00710	0.00710	0.00710	0.00473	0.00473	0.00710	0.00710	0.00947	0.00947	0.01657	0.00947	0.01894	0.02131	0.84138	0.00473	0.00473	0.00237	0.00237
33	0.00700	0.00496	0.00656	0.00770	0.00809	0.00471	0.00530	0.00803	0.01043	0.01386	0.02867	0.64908	0.03398	0.09336	0.00903	0.00254	0.00357	0.09386	0.00489	0.00438
34	0.00779	0.00584	0.00876	0.00876	0.00974	0.00681	0.00681	0.00974	0.00876	0.01266	0.01460	0.02142	0.01363	0.04089	0.78680	0.00876	0.01460	0.00584	0.00292	0.00487
35	0.01030	0.00969	0.01635	0.79530	0.03755	0.01211	0.01514	0.01393	0.01090	0.01393	0.00969	0.01453	0.00727	0.00545	0.00545	0.00182	0.00727	0.00484	0.00242	0.00606
36	0.00673	0.00570	0.00583	0.00577	0.00761	0.00489	0.00434	0.00859	0.03378	0.01544	0.10301	0.05077	0.70193	0.01345	0.00642	0.00183	0.00279	0.01124	0.00514	0.00475
37	0.01338	0.01284	0.02192	0.06043	0.74831	0.01292	0.01668	0.01663	0.01236	0.01767	0.01023	0.01353	0.00859	0.00488	0.00540	0.00163	0.00650	0.00486	0.00269	0.00854
38	0.01130	0.00969	0.01130	0.00807	0.01292	0.00727	0.00646	0.01373	0.01130	0.01776	0.00969	0.01130	0.00807	0.00404	0.00404	0.00081	0.00404	0.00323	0.00323	0.84173
39	0.02072	0.01527	0.01636	0.01254	0.01691	0.01691	0.01036	0.75622	0.02563	0.03436	0.01309	0.01309	0.00927	0.00654	0.00545	0.00164	0.00600	0.00491	0.00545	0.00927
40	0.00885	0.00582	0.00765	0.00705	0.00854	0.00534	0.00534	0.01140	0.01544	0.07329	0.72052	0.03922	0.04886	0.01085	0.00637	0.00171	0.00271	0.00956	0.00605	0.00543
41	0.05026	0.01154	0.01216	0.01086	0.01401	0.01324	0.00848	0.02829	0.69618	0.05875	0.02152	0.01976	0.01603	0.00726	0.00545	0.00183	0.00433	0.00599	0.00551	0.00854
42	0.01193	0.01193	0.01670	0.01431	0.01431	0.01670	0.01193	0.01312	0.00835	0.01312	0.00716	0.01193	0.00716	0.00954	0.01789	0.00239	0.79843	0.00477	0.00239	0.00596
43	0.01119	0.05676	0.71127	0.01600	0.04435	0.01303	0.03885	0.01722	0.01155	0.01712	0.00975	0.01155	0.00699	0.00514	0.00516	0.00171	0.00796	0.00407	0.00233	0.00802
44	0.01130	0.00969	0.01130	0.00807	0.01292	0.00727	0.00646	0.01373	0.01130	0.01776	0.00969	0.01130	0.00807	0.00404	0.00404	0.00081	0.00404	0.00323	0.00323	0.84173
45	0.00793	0.00529	0.00595	0.00595	0.00595	0.00529	0.00330	0.00793	0.00793	0.01057	0.01718	0.03568	0.01982	0.80840	0.02775	0.00529	0.00529	0.00793	0.00330	0.00330
46	0.01200	0.01166	0.01960	0.12320	0.32135	0.01299	0.10345	0.01462	0.01100	0.01554	0.01173	0.01555	0.04447	0.00782	0.02644	0.03574	0.19782	0.00536	0.00270	0.00698
47	0.01191	0.00961	0.01181	0.00861	0.01324	0.00739	0.02954	0.01432	0.01156	0.06146	0.01130	0.04628	0.00961	0.00478	0.00432	0.00095	0.00419	0.00399	0.00350	0.73164
48	0.00999	0.00926	0.01548	0.71855	0.03474	0.01147	0.01423	0.01340	0.01078	0.01387	0.01100	0.05758	0.00910	0.00762	0.03946	0.00214	0.00736	0.00546	0.00259	0.00592

[dist]
# distance from previous block
# <min> <max>
3	4

[block]
# block no. 2 follows, 44 sequences, length 10
# corresponding to MSA columns:
# 142-151
name=unknown_C
#
# <colnr> <probs for GDERKNQSTAVLIFYWHMCP>
#	G	D	E	R	K	N	Q	S	T	A	V	L	I	F	Y	W	H	M	C	P
0	0.12777	0.05571	0.16826	0.11241	0.09203	0.01049	0.01118	0.01451	0.02497	0.04258	0.02602	0.15451	0.01354	0.00793	0.00582	0.03686	0.00550	0.00620	0.00336	0.08035
1	0.01354	0.01406	0.01850	0.25428	0.34889	0.15110	0.01462	0.01641	0.01224	0.01551	0.01006	0.01435	0.00846	0.00576	0.00622	0.00171	0.05990	0.02454	0.00268	0.00718
2	0.00685	0.00495	0.00615	0.00702	0.00748	0.00461	0.00462	0.00768	0.01026	0.01343	0.03115	0.56548	0.13278	0.15814	0.01061	0.00271	0.00349	0.01360	0.00475	0.00425
3	0.01040	0.00608	0.00779	0.00726	0.00889	0.00549	0.00539	0.01231	0.01379	0.15420	0.38098	0.15859	0.12698	0.06742	0.00784	0.00205	0.00325	0.01003	0.00568	0.00558
4	0.31378	0.01296	0.01295	0.01035	0.01430	0.01438	0.00852	0.40699	0.04437	0.09340	0.01216	0.01230	0.00869	0.00606	0.00472	0.00167	0.00519	0.00431	0.00483	0.00806
5	0.01090	0.14138	0.52950	0.01306	0.01940	0.01265	0.01584	0.01588	0.01215	0.01742	0.14567	0.01632	0.01488	0.00617	0.00515	0.00164	0.00674	0.00490	0.00297	0.00738
6	0.00766	0.00533	0.00587	0.00587	0.00620	0.00516	0.00345	0.00791	0.00873	0.01131	0.02398	0.03868	0.15436	0.66631	0.02394	0.00467	0.00483	0.00857	0.00362	0.00354
7	0.01646	0.43137	0.02231	0.01147	0.01508	0.26906	0.00996	0.04949	0.03508	0.01422	0.00848	0.00989	0.00740	0.00555	0.00532	0.00139	0.07446	0.00345	0.00272	0.00683
8	0.03611	0.13380	0.03804	0.12338	0.20611	0.06200	0.20954	0.04836	0.01297	0.06302	0.01059	0.01314	0.00823	0.00508	0.00531	0.00163	0.00725	0.00487	0.00300	0.00755
9	0.01726	0.17724	0.01744	0.03704	0.01581	0.01566	0.00948	0.39509	0.07785	0.06020	0.04527	0.03500	0.01193	0.00652	0.00506	0.00154	0.00548	0.00501	0.00466	0.05647

[dist]
# distance from previous block
# <min> <max>
2	4

[block]
# block no. 3 follows, 44 sequences, length 16
# corresponding to MSA columns:
# 156-171
name=unknown_D
#
# <colnr> <probs for GDERKNQSTAVLIFYWHMCP>
#	G	D	E	R	K	N	Q	S	T	A	V	L	I	F	Y	W	H	M	C	P
0	0.01581	0.01131	0.01398	0.08615	0.08123	0.01212	0.00971	0.33666	0.04251	0.09580	0.15868	0.04541	0.01884	0.02407	0.02128	0.00191	0.00539	0.00635	0.00506	0.00775
1	0.01860	0.00949	0.01163	0.00963	0.01302	0.00930	0.00766	0.04177	0.22695	0.42849	0.03959	0.04858	0.05777	0.04367	0.00662	0.00192	0.00441	0.00653	0.00606	0.00832
2	0.01542	0.01561	0.01318	0.01190	0.01491	0.22499	0.00915	0.02700	0.55964	0.02022	0.01842	0.01747	0.01401	0.00691	0.00537	0.00173	0.00582	0.00544	0.00480	0.00800
3	0.01130	0.00969	0.01130	0.00807	0.01292	0.00727	0.00646	0.01373	0.01130	0.01776	0.00969	0.01130	0.00807	0.00404	0.00404	0.00081	0.00404	0.00323	0.00323	0.84173
4	0.01448	0.01266	0.01281	0.01135	0.01453	0.04847	0.00886	0.09111	0.66752	0.02337	0.02079	0.01925	0.01558	0.00724	0.00551	0.00181	0.00471	0.00594	0.00542	0.00858
5	0.01265	0.01428	0.03081	0.08932	0.02927	0.01364	0.69108	0.01716	0.01270	0.01716	0.01091	0.01469	0.00819	0.00467	0.00635	0.00184	0.00903	0.00630	0.00273	0.00724
6	0.00663	0.00479	0.00628	0.00748	0.00788	0.00444	0.00501	0.00760	0.01055	0.01396	0.03143	0.76357	0.07644	0.01690	0.00693	0.00219	0.00314	0.01528	0.00506	0.00444
7	0.01030	0.00969	0.01635	0.79530	0.03755	0.01211	0.01514	0.01393	0.01090	0.01393	0.00969	0.01453	0.00727	0.00545	0.00545	0.00182	0.00727	0.00484	0.00242	0.00606
8	0.00947	0.00473	0.00710	0.00710	0.00710	0.00473	0.00473	0.00710	0.00710	0.00947	0.00947	0.01657	0.00947	0.01894	0.02131	0.84138	0.00473	0.00473	0.00237	0.00237
9	0.01232	0.01141	0.01890	0.27718	0.44279	0.01225	0.01530	0.04235	0.01242	0.01703	0.01177	0.01794	0.01017	0.00599	0.00560	0.00176	0.00659	0.06780	0.00291	0.00751
10	0.01130	0.00969	0.01130	0.00807	0.01292	0.00727	0.00646	0.01373	0.01130	0.01776	0.00969	0.01130	0.00807	0.00404	0.00404	0.00081	0.00404	0.00323	0.00323	0.84173
11	0.01381	0.00940	0.07418	0.05011	0.01349	0.00765	0.00822	0.01727	0.05862	0.25266	0.28349	0.06536	0.02763	0.00881	0.00586	0.00172	0.00422	0.03627	0.00546	0.05578
12	0.01349	0.55875	0.24606	0.01191	0.04152	0.01871	0.01270	0.01661	0.01125	0.01427	0.00830	0.00970	0.00702	0.00482	0.00405	0.00134	0.00650	0.00330	0.00234	0.00736
13	0.00910	0.00603	0.00706	0.00661	0.00829	0.00544	0.00491	0.02658	0.01350	0.08745	0.28928	0.06729	0.32062	0.08696	0.00827	0.00210	0.00318	0.00984	0.03227	0.00520
14	0.01198	0.05156	0.01226	0.00820	0.01301	0.00804	0.00667	0.01436	0.01146	0.04688	0.01004	0.01145	0.00823	0.00417	0.00407	0.00086	0.00415	0.00330	0.00332	0.76599
15	0.01261	0.38317	0.24945	0.01288	0.05654	0.01622	0.03187	0.01583	0.01116	0.01488	0.00988	0.05725	0.00887	0.00578	0.00515	0.00148	0.04741	0.00429	0.00257	0.05272

[dist]
# distance from previous block
# <min> <max>
0	2

[block]
# block no. 4 follows, 44 sequences, length 131
# corresponding to MSA columns:
# 174-285,288-306
name=unknown_E
#
# <colnr> <probs for GDERKNQSTAVLIFYWHMCP>
#	G	D	E	R	K	N	Q	S	T	A	V	L	I	F	Y	W	H	M	C	P
0	0.01719	0.03301	0.03734	0.02825	0.01590	0.01417	0.00988	0.36400	0.14859	0.09255	0.01508	0.03447	0.01155	0.00705	0.00633	0.00170	0.06596	0.01875	0.00492	0.07329
1	0.01180	0.04277	0.04767	0.00940	0.01441	0.00849	0.05269	0.01450	0.01149	0.03407	0.00995	0.01158	0.00811	0.00421	0.00424	0.00094	0.00461	0.00350	0.00320	0.70237
2	0.01190	0.01021	0.01169	0.07088	0.03910	0.01157	0.00861	0.02309	0.52746	0.02034	0.03951	0.12964	0.05474	0.00888	0.00579	0.00189	0.00434	0.00764	0.00514	0.00759
3	0.01458	0.81168	0.02857	0.00933	0.01399	0.02157	0.00933	0.01632	0.01108	0.01283	0.00758	0.00875	0.00700	0.00466	0.00350	0.00117	0.00583	0.00292	0.00233	0.00700
4	0.00793	0.00529	0.00595	0.00595	0.00595	0.00529	0.00330	0.00793	0.00793	0.01057	0.01718	0.03568	0.01982	0.80840	0.02775	0.00529	0.00529	0.00793	0.00330	0.00330
5	0.00698	0.00554	0.00626	0.00608	0.00769	0.00483	0.00456	0.00886	0.01368	0.01771	0.35495	0.04755	0.47060	0.01269	0.00644	0.00179	0.00268	0.01082	0.00546	0.00483
6	0.01451	0.69819	0.04076	0.01015	0.01452	0.02052	0.02696	0.01638	0.01103	0.03207	0.00801	0.00942	0.00720	0.00510	0.00474	0.00130	0.06646	0.00322	0.00246	0.00700
7	0.84691	0.01054	0.00801	0.00717	0.01054	0.01223	0.00590	0.01603	0.00928	0.02446	0.00759	0.00886	0.00590	0.00506	0.00337	0.00169	0.00422	0.00295	0.00337	0.00590
8	0.00664	0.00477	0.00630	0.00753	0.00789	0.00443	0.00504	0.00760	0.01049	0.01394	0.03075	0.78383	0.05662	0.01699	0.00694	0.00220	0.00315	0.01539	0.00506	0.00443
9	0.00891	0.00673	0.00948	0.00896	0.01007	0.00757	0.02502	0.06211	0.00993	0.01397	0.01510	0.04252	0.01473	0.17461	0.53993	0.00716	0.02865	0.00638	0.00321	0.00497
10	0.01377	0.01182	0.01245	0.01114	0.01426	0.01366	0.00868	0.05035	0.74282	0.02315	0.02192	0.02013	0.01643	0.00737	0.00554	0.00184	0.00436	0.00613	0.00554	0.00865
11	0.00730	0.00564	0.00672	0.00669	0.00821	0.00506	0.00518	0.00935	0.01376	0.01806	0.36619	0.04848	0.36016	0.01280	0.00658	0.00187	0.00297	0.10460	0.00547	0.00489
12	0.01016	0.00508	0.00508	0.00508	0.00635	0.00508	0.00381	0.01270	0.01143	0.02033	0.01778	0.02033	0.01397	0.00635	0.00381	0.00127	0.00254	0.00508	0.83867	0.00508
13	0.84691	0.01054	0.00801	0.00717	0.01054	0.01223	0.00590	0.01603	0.00928	0.02446	0.00759	0.00886	0.00590	0.00506	0.00337	0.00169	0.00422	0.00295	0.00337	0.00590
14	0.02420	0.00970	0.01291	0.00990	0.01413	0.00864	0.00818	0.07787	0.01631	0.72587	0.02092	0.01817	0.01320	0.00673	0.00548	0.00168	0.00473	0.00544	0.00666	0.00928
15	0.84691	0.01054	0.00801	0.00717	0.01054	0.01223	0.00590	0.01603	0.00928	0.02446	0.00759	0.00886	0.00590	0.00506	0.00337	0.00169	0.00422	0.00295	0.00337	0.00590
16	0.02072	0.01527	0.01636	0.01254	0.01691	0.01691	0.01036	0.75622	0.02563	0.03436	0.01309	0.01309	0.00927	0.00654	0.00545	0.00164	0.00600	0.00491	0.00545	0.00927
17	0.01967	0.01441	0.01560	0.01196	0.01626	0.01560	0.00985	0.66006	0.02400	0.04844	0.03740	0.01396	0.01063	0.00651	0.00538	0.00158	0.00571	0.00495	0.00533	0.07273
18	0.00795	0.00539	0.00646	0.00646	0.00667	0.00557	0.00397	0.00836	0.00815	0.01115	0.01670	0.03269	0.01854	0.64818	0.17019	0.00586	0.00699	0.00748	0.01961	0.00363
19	0.00679	0.00487	0.00648	0.00772	0.00813	0.00456	0.00530	0.00786	0.01063	0.01410	0.03054	0.73539	0.05255	0.01686	0.00699	0.00223	0.00328	0.06619	0.00506	0.00447
20	0.01030	0.00969	0.01635	0.79530	0.03755	0.01211	0.01514	0.01393	0.01090	0.01393	0.00969	0.01453	0.00727	0.00545	0.00545	0.00182	0.00727	0.00484	0.00242	0.00606
21	0.01193	0.01193	0.01670	0.01431	0.01431	0.01670	0.01193	0.01312	0.00835	0.01312	0.00716	0.01193	0.00716	0.00954	0.01789	0.00239	0.79843	0.00477	0.00239	0.00596
22	0.84691	0.01054	0.00801	0.00717	0.01054	0.01223	0.00590	0.01603	0.00928	0.02446	0.00759	0.00886	0.00590	0.00506	0.00337	0.00169	0.00422	0.00295	0.00337	0.00590
23	0.00786	0.00555	0.00729	0.00729	0.00775	0.00601	0.00498	0.00879	0.00833	0.01156	0.01595	0.02889	0.01687	0.44285	0.38927	0.00694	0.00972	0.00693	0.00312	0.00405
24	0.02326	0.00905	0.01236	0.00973	0.01372	0.00788	0.00807	0.02540	0.01537	0.71997	0.02207	0.02184	0.01486	0.00738	0.00564	0.00175	0.00467	0.06141	0.00662	0.00895
25	0.00656	0.00553	0.00569	0.00565	0.00744	0.00465	0.00424	0.00806	0.01271	0.01540	0.12321	0.05135	0.70378	0.01355	0.00644	0.00183	0.00274	0.01135	0.00515	0.00465
26	0.01193	0.01193	0.01670	0.01431	0.01431	0.01670	0.01193	0.01312	0.00835	0.01312	0.00716	0.01193	0.00716	0.00954	0.01789	0.00239	0.79843	0.00477	0.00239	0.00596
27	0.00861	0.00622	0.00854	0.00970	0.01099	0.00615	0.00843	0.01103	0.01254	0.01619	0.03088	0.06081	0.08796	0.01496	0.00745	0.00246	0.00485	0.68223	0.00502	0.00499
28	0.00779	0.00584	0.00876	0.00876	0.00974	0.00681	0.00681	0.00974	0.00876	0.01266	0.01460	0.02142	0.01363	0.04089	0.78680	0.00876	0.01460	0.00584	0.00292	0.00487
29	0.01732	0.01005	0.01192	0.01001	0.01334	0.01034	0.00797	0.05908	0.33023	0.31875	0.12855	0.02222	0.02004	0.00764	0.00564	0.00176	0.00427	0.00637	0.00608	0.00841
30	0.02446	0.00928	0.01265	0.00970	0.01392	0.00801	0.00801	0.02657	0.01560	0.77817	0.02151	0.01856	0.01350	0.00675	0.00548	0.00169	0.00464	0.00548	0.00675	0.00928
31	0.02022	0.02568	0.01538	0.01398	0.01680	0.77029	0.01049	0.02192	0.03117	0.01354	0.00872	0.01005	0.00722	0.00566	0.00493	0.00141	0.00972	0.00357	0.00287	0.00637
32	0.01322	0.01264	0.02129	0.04724	0.71892	0.01271	0.01613	0.01671	0.03047	0.01776	0.01185	0.01482	0.03125	0.00519	0.00543	0.00164	0.00633	0.00508	0.00283	0.00847
33	0.09521	0.01476	0.01551	0.01202	0.01627	0.01640	0.00992	0.67209	0.04167	0.03319	0.01281	0.01288	0.00914	0.00643	0.00527	0.00165	0.00580	0.00476	0.00527	0.00895
34	0.00879	0.00628	0.00879	0.01004	0.01130	0.00628	0.00879	0.01130	0.01255	0.01632	0.02887	0.06150	0.03138	0.01506	0.00753	0.00251	0.00502	0.73770	0.00502	0.00502
35	0.02872	0.38080	0.29655	0.01434	0.10330	0.01662	0.01399	0.03345	0.01173	0.01581	0.00948	0.01207	0.00796	0.00526	0.00449	0.00148	0.00665	0.02721	0.00254	0.00753
36	0.18412	0.17287	0.01655	0.01165	0.01505	0.42631	0.00937	0.07588	0.01416	0.01707	0.00845	0.00968	0.00697	0.00539	0.00438	0.00143	0.00765	0.00339	0.00303	0.00659
37	0.01289	0.00782	0.00826	0.02532	0.00980	0.00830	0.00577	0.20479	0.01509	0.02380	0.01638	0.01832	0.01260	0.00638	0.00427	0.00138	0.00354	0.00503	0.60406	0.00619
38	0.02420	0.00934	0.01264	0.00973	0.01392	0.00815	0.00803	0.02663	0.03356	0.76006	0.02152	0.01860	0.01357	0.00676	0.00548	0.00169	0.00463	0.00550	0.00672	0.00926
39	0.00773	0.00520	0.00600	0.00619	0.00624	0.00516	0.00357	0.00788	0.00831	0.01107	0.01911	0.15141	0.02226	0.68934	0.02462	0.00482	0.00497	0.00907	0.00357	0.00347
40	0.01125	0.00540	0.00566	0.00543	0.00693	0.00531	0.00413	0.01376	0.01175	0.07822	0.01807	0.02019	0.01394	0.00638	0.00394	0.00130	0.00270	0.00511	0.77512	0.00540
41	0.02038	0.02547	0.01549	0.01397	0.01686	0.74982	0.01053	0.05679	0.01593	0.01434	0.00865	0.00999	0.00713	0.00566	0.00494	0.00142	0.00965	0.00358	0.00294	0.00646
42	0.02446	0.00928	0.01265	0.00970	0.01392	0.00801	0.00801	0.02657	0.01560	0.77817	0.02151	0.01856	0.01350	0.00675	0.00548	0.00169	0.00464	0.00548	0.00675	0.00928
43	0.01458	0.81168	0.02857	0.00933	0.01399	0.02157	0.00933	0.01632	0.01108	0.01283	0.00758	0.00875	0.00700	0.00466	0.00350	0.00117	0.00583	0.00292	0.00233	0.00700
44	0.84691	0.01054	0.00801	0.00717	0.01054	0.01223	0.00590	0.01603	0.00928	0.02446	0.00759	0.00886	0.00590	0.00506	0.00337	0.00169	0.00422	0.00295	0.00337	0.00590
45	0.01458	0.81168	0.02857	0.00933	0.01399	0.02157	0.00933	0.01632	0.01108	0.01283	0.00758	0.00875	0.00700	0.00466	0.00350	0.00117	0.00583	0.00292	0.00233	0.00700
46	0.00790	0.00527	0.00595	0.00598	0.00599	0.00527	0.00334	0.00792	0.00799	0.01065	0.01748	0.05348	0.02020	0.79008	0.02727	0.00521	0.00524	0.00810	0.00334	0.00333
47	0.00664	0.00474	0.00633	0.00759	0.00791	0.00443	0.00506	0.00759	0.01044	0.01392	0.03005	0.80485	0.03606	0.01708	0.00696	0.00221	0.00316	0.01550	0.00506	0.00443
48	0.00670	0.00547	0.00584	0.00586	0.00744	0.00470	0.00430	0.00815	0.01249	0.01544	0.14939	0.10006	0.58835	0.05233	0.00751	0.00202	0.00289	0.01137	0.00510	0.00460
49	0.00772	0.00557	0.00729	0.00686	0.00814	0.00514	0.00514	0.01029	0.01543	0.02186	0.77152	0.04072	0.05144	0.01115	0.00643	0.00171	0.00257	0.00986	0.00600	0.00514
50	0.01130	0.00969	0.01130	0.00807	0.01292	0.00727	0.00646	0.01373	0.01130	0.01776	0.00969	0.01130	0.00807	0.00404	0.00404	0.00081	0.00404	0.00323	0.00323	0.84173
51	0.01287	0.01471	0.03217	0.02298	0.02849	0.01379	0.75460	0.01746	0.01287	0.01746	0.01103	0.01471	0.00827	0.00460	0.00643	0.00184	0.00919	0.00643	0.00276	0.00735
52	0.01333	0.01475	0.10671	0.02270	0.25063	0.01290	0.29399	0.01903	0.11883	0.05294	0.01315	0.03327	0.01030	0.00552	0.00583	0.00176	0.00721	0.00582	0.00332	0.00802
53	0.84691	0.01054	0.00801	0.00717	0.01054	0.01223	0.00590	0.01603	0.00928	0.02446	0.00759	0.00886	0.00590	0.00506	0.00337	0.00169	0.00422	0.00295	0.00337	0.00590
54	0.01104	0.01032	0.01724	0.65968	0.15007	0.01236	0.01527	0.03216	0.01149	0.01501	0.00986	0.01434	0.00753	0.00539	0.00544	0.00178	0.00712	0.00485	0.00254	0.00653
55	0.00667	0.00476	0.00635	0.00757	0.00791	0.00445	0.00506	0.00766	0.01056	0.01411	0.04776	0.78659	0.03643	0.01694	0.00695	0.00220	0.00315	0.01536	0.00508	0.00445
56	0.00923	0.00533	0.00751	0.02527	0.00839	0.00537	0.00526	0.03887	0.00900	0.01204	0.03894	0.19548	0.01698	0.03417	0.01670	0.55305	0.00443	0.00741	0.00324	0.00331
57	0.00649	0.00550	0.00559	0.00561	0.00740	0.00461	0.00419	0.00789	0.01246	0.01492	0.07566	0.07095	0.73258	0.01381	0.00646	0.00185	0.00277	0.01156	0.00509	0.00461
58	0.01376	0.01320	0.08247	0.01315	0.07309	0.01321	0.01026	0.02688	0.60847	0.05277	0.02013	0.01895	0.01502	0.00698	0.00550	0.00181	0.00483	0.00584	0.00509	0.00860
59	0.01356	0.01171	0.01233	0.01109	0.01418	0.01356	0.00863	0.02897	0.76455	0.02281	0.02219	0.02034	0.01664	0.00740	0.00555	0.00185	0.00431	0.00616	0.00555	0.00863
60	0.01093	0.02820	0.78016	0.01554	0.02360	0.01266	0.02014	0.01727	0.01151	0.01727	0.00978	0.01151	0.00691	0.00518	0.00518	0.00173	0.00806	0.00403	0.00230	0.00806
61	0.00999	0.00510	0.00515	0.00515	0.00632	0.00510	0.00377	0.01234	0.01117	0.01958	0.01774	0.02150	0.01442	0.06762	0.00564	0.00158	0.00275	0.00530	0.77486	0.00495
62	0.84691	0.01054	0.00801	0.00717	0.01054	0.01223	0.00590	0.01603	0.00928	0.02446	0.00759	0.00886	0.00590	0.00506	0.00337	0.00169	0.00422	0.00295	0.00337	0.00590
63	0.01174	0.01110	0.01880	0.41510	0.38001	0.01232	0.01568	0.01515	0.01166	0.01581	0.01057	0.01556	0.00868	0.00548	0.00549	0.00175	0.00683	0.02842	0.00263	0.00722
64	0.00677	0.00484	0.00648	0.00774	0.00812	0.00454	0.00529	0.00782	0.01057	0.01406	0.02998	0.75928	0.03577	0.01696	0.00699	0.00223	0.00328	0.05977	0.00506	0.00446
65	0.01127	0.01295	0.07013	0.01879	0.07470	0.02900	0.43346	0.01484	0.01226	0.01658	0.03302	0.21474	0.01620	0.00798	0.00638	0.00190	0.00727	0.00848	0.00338	0.00667
66	0.00759	0.00557	0.00711	0.00673	0.00807	0.00509	0.00505	0.01005	0.01514	0.02116	0.70120	0.04188	0.12219	0.01141	0.00643	0.00173	0.00259	0.01002	0.00591	0.00509
67	0.01710	0.01232	0.01318	0.01041	0.01405	0.01325	0.00847	0.49330	0.05430	0.02912	0.01553	0.01599	0.03499	0.00658	0.00505	0.00152	0.00497	0.00508	0.17241	0.07237
68	0.01130	0.00969	0.01130	0.00807	0.01292	0.00727	0.00646	0.01373	0.01130	0.01776	0.00969	0.01130	0.00807	0.00404	0.00404	0.00081	0.00404	0.00323	0.00323	0.84173
69	0.84691	0.01054	0.00801	0.00717	0.01054	0.01223	0.00590	0.01603	0.00928	0.02446	0.00759	0.00886	0.00590	0.00506	0.00337	0.00169	0.00422	0.00295	0.00337	0.00590
70	0.01102	0.04654	0.76256	0.01539	0.02337	0.01287	0.01989	0.01724	0.01150	0.01716	0.00973	0.01145	0.00691	0.00517	0.00514	0.00171	0.00800	0.00400	0.00230	0.00803
71	0.00707	0.00564	0.00595	0.00586	0.00769	0.00478	0.00444	0.00862	0.01284	0.03453	0.13198	0.05051	0.66079	0.01336	0.00644	0.00184	0.00283	0.02485	0.00521	0.00479
72	0.01291	0.00683	0.00891	0.00772	0.00999	0.00615	0.00602	0.01549	0.02889	0.25545	0.47472	0.03433	0.09043	0.00991	0.00612	0.00172	0.00326	0.00855	0.00616	0.00645
73	0.00734	0.00556	0.00676	0.00646	0.00791	0.00498	0.00484	0.00955	0.01453	0.01973	0.55770	0.04423	0.26659	0.01194	0.00643	0.00175	0.00263	0.01035	0.00572	0.00498
74	0.00664	0.00504	0.00612	0.00690	0.00775	0.00452	0.00477	0.00781	0.01133	0.01459	0.07711	0.52582	0.27047	0.01573	0.00677	0.00207	0.00300	0.01393	0.00511	0.00452
75	0.01142	0.01007	0.01290	0.00921	0.01411	0.00777	0.06361	0.01401	0.01142	0.01774	0.00979	0.01156	0.00809	0.00408	0.00422	0.00089	0.00443	0.00347	0.00319	0.77800
76	0.01237	0.01389	0.02990	0.02164	0.02665	0.01313	0.68319	0.01663	0.01260	0.01711	0.01241	0.07501	0.01037	0.00564	0.00669	0.00188	0.02376	0.00709	0.00293	0.00710
77	0.84691	0.01054	0.00801	0.00717	0.01054	0.01223	0.00590	0.01603	0.00928	0.02446	0.00759	0.00886	0.00590	0.00506	0.00337	0.00169	0.00422	0.00295	0.00337	0.00590
78	0.00796	0.00537	0.00628	0.00641	0.00655	0.00540	0.00390	0.00825	0.00837	0.01117	0.01826	0.05451	0.02082	0.69931	0.05596	0.00514	0.00559	0.06376	0.00346	0.00352
79	0.01030	0.00969	0.01635	0.79530	0.03755	0.01211	0.01514	0.01393	0.01090	0.01393	0.00969	0.01453	0.00727	0.00545	0.00545	0.00182	0.00727	0.00484	0.00242	0.00606
80	0.00793	0.00529	0.00595	0.00595	0.00595	0.00529	0.00330	0.00793	0.00793	0.01057	0.01718	0.03568	0.01982	0.80840	0.02775	0.00529	0.00529	0.00793	0.00330	0.00330
81	0.02139	0.02735	0.01366	0.01039	0.01435	0.02897	0.00854	0.24917	0.01858	0.44235	0.09131	0.01863	0.01561	0.00704	0.00551	0.00166	0.00500	0.00563	0.00610	0.00876
82	0.00739	0.00556	0.00684	0.00652	0.00795	0.00501	0.00489	0.00966	0.01467	0.02005	0.59009	0.04370	0.23400	0.01182	0.00643	0.00175	0.00262	0.01028	0.00576	0.00501
83	0.03879	0.49570	0.10598	0.01089	0.01549	0.13842	0.01058	0.06659	0.01276	0.03051	0.00875	0.00997	0.00738	0.00582	0.02081	0.00148	0.00682	0.00338	0.00274	0.00713
84	0.00664	0.00474	0.00633	0.00759	0.00791	0.00443	0.00506	0.00759	0.01044	0.01392	0.03005	0.80485	0.03606	0.01708	0.00696	0.00221	0.00316	0.01550	0.00506	0.00443
85	0.01119	0.00957	0.01118	0.00806	0.01279	0.00720	0.00643	0.01357	0.01128	0.01767	0.01020	0.03112	0.00877	0.00436	0.00411	0.00084	0.00402	0.00354	0.00328	0.82083
86	0.01458	0.81168	0.02857	0.00933	0.01399	0.02157	0.00933	0.01632	0.01108	0.01283	0.00758	0.00875	0.00700	0.00466	0.00350	0.00117	0.00583	0.00292	0.00233	0.00700
87	0.76346	0.01056	0.00858	0.00750	0.01096	0.01202	0.00618	0.03531	0.01017	0.08228	0.00879	0.00970	0.00657	0.00523	0.00359	0.00169	0.00429	0.00319	0.00368	0.00625
88	0.01193	0.01013	0.01239	0.01063	0.08184	0.00828	0.00758	0.01541	0.06903	0.03270	0.01092	0.01233	0.00888	0.00442	0.00430	0.00098	0.00429	0.00364	0.00343	0.68689
89	0.02072	0.01527	0.01636	0.01254	0.01691	0.01691	0.01036	0.75622	0.02563	0.03436	0.01309	0.01309	0.00927	0.00654	0.00545	0.00164	0.00600	0.00491	0.00545	0.00927
90	0.01022	0.00955	0.01602	0.76992	0.03653	0.01189	0.01476	0.01374	0.01081	0.01382	0.00993	0.01521	0.00767	0.03127	0.00617	0.00193	0.00720	0.00494	0.00245	0.00597
91	0.84691	0.01054	0.00801	0.00717	0.01054	0.01223	0.00590	0.01603	0.00928	0.02446	0.00759	0.00886	0.00590	0.00506	0.00337	0.00169	0.00422	0.00295	0.00337	0.00590
92	0.00779	0.00584	0.00876	0.00876	0.00974	0.00681	0.00681	0.00974	0.00876	0.01266	0.01460	0.02142	0.01363	0.04089	0.78680	0.00876	0.01460	0.00584	0.00292	0.00487
93	0.00754	0.00555	0.00706	0.00672	0.00805	0.00506	0.00502	0.00993	0.01495	0.02082	0.66860	0.06104	0.13614	0.01161	0.00644	0.00174	0.00261	0.01019	0.00587	0.00506
94	0.02258	0.00976	0.01268	0.00993	0.01387	0.00896	0.00811	0.12557	0.01659	0.61739	0.02100	0.07787	0.01464	0.00751	0.00559	0.00172	0.00471	0.00617	0.00644	0.00891
95	0.01093	0.02820	0.78016	0.01554	0.02360	0.01266	0.02014	0.01727	0.01151	0.01727	0.00978	0.01151	0.00691	0.00518	0.00518	0.00173	0.00806	0.00403	0.00230	0.00806
96	0.00713	0.00579	0.00636	0.00617	0.00788	0.00513	0.00464	0.00945	0.04333	0.01732	0.28196	0.04745	0.51263	0.01270	0.00640	0.00180	0.00276	0.01077	0.00538	0.00494
97	0.00792	0.00534	0.00620	0.00620	0.00629	0.00542	0.00362	0.00809	0.00800	0.01076	0.01694	0.03439	0.01926	0.73905	0.09634	0.00560	0.00613	0.00774	0.00327	0.00344
98	0.78380	0.01090	0.00865	0.00758	0.01103	0.01259	0.00624	0.07257	0.01053	0.02522	0.00801	0.00918	0.00616	0.00517	0.00353	0.00168	0.00435	0.00310	0.00353	0.00616
99	0.07956	0.01143	0.02955	0.01051	0.01396	0.01216	0.00849	0.04410	0.49757	0.18285	0.02034	0.01871	0.01470	0.00699	0.00532	0.00178	0.00446	0.00567	0.02336	0.00848
100	0.01193	0.01193	0.01670	0.01431	0.01431	0.01670	0.01193	0.01312	0.00835	0.01312	0.00716	0.01193	0.00716	0.00954	0.01789	0.00239	0.79843	0.00477	0.00239	0.00596
101	0.00782	0.00524	0.00598	0.00608	0.00611	0.00522	0.00345	0.00790	0.00813	0.01084	0.01822	0.09822	0.02114	0.74406	0.02606	0.00504	0.00511	0.00854	0.00345	0.00339
102	0.01283	0.01500	0.04857	0.02281	0.02839	0.01376	0.73849	0.01746	0.01284	0.01746	0.01100	0.01464	0.00824	0.00461	0.00641	0.00184	0.00917	0.00638	0.00275	0.00737
103	0.00664	0.00474	0.00633	0.00759	0.00791	0.00443	0.00506	0.00759	0.01044	0.01392	0.03005	0.80485	0.03606	0.01708	0.00696	0.00221	0.00316	0.01550	0.00506	0.00443
104	0.01130	0.00969	0.01130	0.00807	0.01292	0.00727	0.00646	0.01373	0.01130	0.01776	0.00969	0.01130	0.00807	0.00404	0.00404	0.00081	0.00404	0.00323	0.00323	0.84173
105	0.01421	0.73398	0.10311	0.00994	0.01494	0.02069	0.01040	0.01642	0.01112	0.01327	0.00780	0.00902	0.00699	0.00472	0.00366	0.00122	0.00605	0.00303	0.00233	0.00710
106	0.00664	0.00474	0.00633	0.00759	0.00791	0.00443	0.00506	0.00759	0.01044	0.01392	0.03005	0.80485	0.03606	0.01708	0.00696	0.00221	0.00316	0.01550	0.00506	0.00443
107	0.84691	0.01054	0.00801	0.00717	0.01054	0.01223	0.00590	0.01603	0.00928	0.02446	0.00759	0.00886	0.00590	0.00506	0.00337	0.00169	0.00422	0.00295	0.00337	0.00590
108	0.01084	0.00919	0.01081	0.00803	0.01242	0.00698	0.00632	0.01311	0.01122	0.01738	0.01173	0.09074	0.01088	0.00534	0.00433	0.00095	0.00395	0.00446	0.00341	0.75792
109	0.00644	0.00552	0.00552	0.00552	0.00736	0.00460	0.00414	0.00782	0.01243	0.01473	0.05523	0.05247	0.77218	0.01381	0.00644	0.00184	0.00276	0.01151	0.00506	0.00460
110	0.84691	0.01054	0.00801	0.00717	0.01054	0.01223	0.00590	0.01603	0.00928	0.02446	0.00759	0.00886	0.00590	0.00506	0.00337	0.00169	0.00422	0.00295	0.00337	0.00590
111	0.02437	0.00942	0.01274	0.00977	0.01399	0.00823	0.00807	0.04417	0.01585	0.76022	0.02130	0.01842	0.01339	0.00674	0.00548	0.00169	0.00467	0.00547	0.00672	0.00928
112	0.02037	0.02598	0.01545	0.01404	0.01685	0.78652	0.01053	0.02177	0.01545	0.01334	0.00843	0.00983	0.00702	0.00562	0.00492	0.00140	0.00983	0.00351	0.00281	0.00632
113	0.84691	0.01054	0.00801	0.00717	0.01054	0.01223	0.00590	0.01603	0.00928	0.02446	0.00759	0.00886	0.00590	0.00506	0.00337	0.00169	0.00422	0.00295	0.00337	0.00590
114	0.00664	0.00474	0.00633	0.00759	0.00791	0.00443	0.00506	0.00759	0.01044	0.01392	0.03005	0.80485	0.03606	0.01708	0.00696	0.00221	0.00316	0.01550	0.00506	0.00443
115	0.02446	0.00928	0.01265	0.00970	0.01392	0.00801	0.00801	0.02657	0.01560	0.77817	0.02151	0.01856	0.01350	0.00675	0.00548	0.00169	0.00464	0.00548	0.00675	0.00928
116	0.04215	0.03212	0.07243	0.01074	0.01528	0.01089	0.00947	0.19602	0.01737	0.50884	0.01796	0.01626	0.01166	0.00649	0.00535	0.00167	0.00524	0.00511	0.00591	0.00905
117	0.01471	0.01010	0.01196	0.00891	0.01330	0.00862	0.00719	0.12245	0.01444	0.15496	0.07046	0.01509	0.01252	0.00542	0.00468	0.00115	0.00431	0.00438	0.00438	0.51094
118	0.07430	0.00985	0.01588	0.71270	0.05715	0.01215	0.01448	0.01417	0.01082	0.01485	0.00955	0.01407	0.00720	0.00540	0.00529	0.00180	0.00701	0.00470	0.00250	0.00612
119	0.01418	0.71665	0.08546	0.01002	0.01474	0.02068	0.01027	0.01626	0.01099	0.01318	0.00773	0.00910	0.00700	0.00492	0.00426	0.00126	0.04088	0.00308	0.00233	0.00703
120	0.00793	0.00529	0.00595	0.00595	0.00595	0.00529	0.00330	0.00793	0.00793	0.01057	0.01718	0.03568	0.01982	0.80840	0.02775	0.00529	0.00529	0.00793	0.00330	0.00330
121	0.00700	0.00657	0.06551	0.00823	0.00916	0.00512	0.00626	0.00839	0.01047	0.01414	0.02807	0.72236	0.03320	0.01684	0.02860	0.00236	0.00386	0.01435	0.00479	0.00472
122	0.01308	0.00807	0.00992	0.00849	0.01089	0.00794	0.00666	0.11745	0.07409	0.16468	0.47001	0.03123	0.03590	0.00941	0.00605	0.00171	0.00356	0.00808	0.00603	0.00675
123	0.01130	0.00969	0.01130	0.00807	0.01292	0.00727	0.00646	0.01373	0.01130	0.01776	0.00969	0.01130	0.00807	0.00404	0.00404	0.00081	0.00404	0.00323	0.00323	0.84173
124	0.01171	0.00987	0.01129	0.02657	0.04604	0.01095	0.00811	0.02240	0.48822	0.02181	0.21436	0.02692	0.04408	0.00855	0.00583	0.00182	0.00400	0.02450	0.00545	0.00750
125	0.02446	0.00928	0.01265	0.00970	0.01392	0.00801	0.00801	0.02657	0.01560	0.77817	0.02151	0.01856	0.01350	0.00675	0.00548	0.00169	0.00464	0.00548	0.00675	0.00928
126	0.00979	0.00507	0.00727	0.00716	0.00733	0.00512	0.00483	0.02936	0.00783	0.01064	0.01008	0.01709	0.00989	0.03785	0.02034	0.76419	0.00470	0.00483	0.03393	0.00270
127	0.00790	0.00541	0.00657	0.00657	0.00679	0.00563	0.00409	0.00833	0.00811	0.01104	0.01660	0.03250	0.01844	0.63733	0.19693	0.00606	0.00736	0.00746	0.00322	0.00365
128	0.02865	0.04967	0.72763	0.01516	0.02292	0.02853	0.01935	0.01730	0.01153	0.01721	0.00965	0.01134	0.00689	0.00517	0.00509	0.00170	0.00795	0.00396	0.00234	0.00795
129	0.01381	0.29757	0.25226	0.01491	0.02055	0.11099	0.18448	0.01754	0.01216	0.01528	0.00914	0.01108	0.00727	0.00492	0.00485	0.00152	0.00776	0.00413	0.00248	0.00731
130	0.19918	0.06606	0.06963	0.03284	0.16170	0.01194	0.01007	0.09509	0.02834	0.10214	0.04248	0.01631	0.05235	0.00628	0.00501	0.00163	0.01841	0.00491	0.06836	0.00728

[dist]
# distance from previous block
# <min> <max>
0	1

[block]
# block no. 5 follows, 44 sequences, length 34
# corresponding to MSA columns:
# 308,310-342
name=unknown_F
#
# <colnr> <probs for GDERKNQSTAVLIFYWHMCP>
#	G	D	E	R	K	N	Q	S	T	A	V	L	I	F	Y	W	H	M	C	P
0	0.01491	0.01124	0.01295	0.01059	0.01347	0.01230	0.00850	0.30126	0.06789	0.04759	0.02965	0.06992	0.01301	0.03850	0.02557	0.00195	0.11876	0.00574	0.07277	0.12344
