[name]
unknown

[dist]
# distance from previous block
# <min> <max>
8	28

[block]
# block no. 0 follows, 46 sequences, length 65
# corresponding to MSA columns:
# 34-88,95-104
name=unknown_A
#
# <colnr> <probs for GDERKNQSTAVLIFYWHMCP>
#	G	D	E	R	K	N	Q	S	T	A	V	L	I	F	Y	W	H	M	C	P
0	0.16952	0.07299	0.02859	0.01232	0.10661	0.11579	0.00887	0.05162	0.10959	0.13167	0.04951	0.01637	0.05189	0.00742	0.03206	0.00181	0.00562	0.00486	0.00405	0.01885
1	0.19309	0.18539	0.06950	0.00945	0.01270	0.02601	0.00855	0.04923	0.01213	0.12288	0.14773	0.01613	0.01525	0.00672	0.00607	0.00161	0.10235	0.00477	0.00385	0.00658
2	0.17600	0.02465	0.01112	0.00877	0.01207	0.00999	0.00714	0.18468	0.01578	0.23159	0.19169	0.02010	0.03293	0.00714	0.00505	0.00159	0.00421	0.00567	0.00521	0.04463
3	0.13086	0.00837	0.00913	0.00812	0.01044	0.02716	0.00626	0.06777	0.09335	0.10378	0.28427	0.12055	0.02735	0.02625	0.00590	0.00174	0.00373	0.00756	0.00506	0.05236
4	0.09901	0.01148	0.01252	0.00950	0.01379	0.01116	0.00773	0.28483	0.04375	0.06743	0.01147	0.01207	0.00864	0.00516	0.00448	0.00124	0.00466	0.00392	0.00420	0.38298
5	0.04017	0.01241	0.01398	0.05593	0.03467	0.06962	0.05176	0.15701	0.32123	0.11328	0.01822	0.03301	0.04112	0.00685	0.00535	0.00170	0.00531	0.00568	0.00483	0.00788
6	0.00648	0.00470	0.00613	0.00717	0.00764	0.00435	0.00485	0.00752	0.01053	0.01398	0.07271	0.71129	0.09111	0.01601	0.00668	0.00209	0.00301	0.01444	0.00496	0.00435
7	0.01332	0.01076	0.01214	0.00911	0.01345	0.00975	0.00733	0.21023	0.05776	0.02159	0.01161	0.03886	0.00952	0.00516	0.00445	0.00110	0.00440	0.00412	0.00388	0.55146
8	0.00759	0.00567	0.00723	0.00814	0.00901	0.00561	0.00605	0.01029	0.08678	0.01495	0.02956	0.51048	0.07615	0.01498	0.00671	0.00216	0.00358	0.18529	0.00495	0.00485
9	0.00755	0.00566	0.00850	0.00850	0.00944	0.00661	0.00661	0.00944	0.00850	0.01227	0.01416	0.02077	0.01322	0.03965	0.79326	0.00850	0.01416	0.00566	0.00283	0.00472
10	0.01084	0.00961	0.01525	0.51873	0.04170	0.01121	0.05499	0.10432	0.01238	0.01618	0.01309	0.14318	0.01189	0.00719	0.00558	0.00180	0.00634	0.00647	0.00315	0.00611
11	0.01548	0.01345	0.10722	0.01088	0.01469	0.01247	0.00968	0.37648	0.10663	0.06207	0.14081	0.01850	0.01681	0.00756	0.01807	0.00173	0.00522	0.00564	0.04880	0.00783
12	0.02068	0.00849	0.01142	0.00904	0.01271	0.00729	0.00731	0.02261	0.01422	0.63496	0.02103	0.11426	0.01538	0.00758	0.00539	0.00164	0.00428	0.00634	0.00610	0.06926
13	0.01096	0.00940	0.01096	0.00783	0.01253	0.00705	0.00626	0.01331	0.01096	0.01723	0.00940	0.01096	0.00783	0.00392	0.00392	0.00078	0.00392	0.00313	0.00313	0.84653
14	0.11546	0.05686	0.06206	0.01109	0.01526	0.04135	0.12894	0.05140	0.01237	0.08663	0.05524	0.01558	0.05404	0.00570	0.00509	0.00141	0.02678	0.00476	0.00359	0.24640
15	0.00862	0.00734	0.05195	0.00860	0.00996	0.00645	0.00675	0.10075	0.01247	0.01678	0.06765	0.54493	0.03054	0.01413	0.00650	0.00206	0.00383	0.09067	0.00485	0.00517
16	0.01109	0.13069	0.67596	0.01439	0.02173	0.01343	0.02934	0.01663	0.01113	0.01618	0.00923	0.01086	0.00673	0.00495	0.00483	0.00160	0.00755	0.00380	0.00224	0.00767
17	0.00733	0.00540	0.00686	0.00649	0.00781	0.00492	0.00487	0.00968	0.01461	0.02036	0.68995	0.04088	0.13890	0.01112	0.00624	0.00168	0.00252	0.00976	0.00571	0.00492
18	0.01288	0.01051	0.01565	0.59126	0.03092	0.01249	0.01332	0.17126	0.01382	0.06145	0.01074	0.01402	0.00780	0.00558	0.00529	0.00172	0.00665	0.00475	0.00320	0.00670
19	0.00642	0.00469	0.00604	0.00712	0.00760	0.00431	0.00480	0.00739	0.01036	0.01359	0.03212	0.71799	0.12581	0.01617	0.00669	0.00210	0.00302	0.01456	0.00491	0.00431
20	0.01097	0.11017	0.70723	0.01444	0.02190	0.01318	0.01843	0.01665	0.01112	0.01629	0.00926	0.01088	0.00671	0.00497	0.00485	0.00162	0.00759	0.00379	0.00224	0.00771
21	0.01270	0.44697	0.37027	0.01177	0.01777	0.01679	0.01376	0.01641	0.01101	0.02741	0.00854	0.00985	0.00685	0.00478	0.00416	0.00138	0.00661	0.00336	0.00232	0.00729
22	0.00763	0.00513	0.00575	0.00575	0.00582	0.00510	0.00324	0.00768	0.00786	0.01041	0.01812	0.03524	0.04930	0.78251	0.02609	0.00499	0.00503	0.00783	0.00327	0.00325
23	0.01060	0.02735	0.78682	0.01507	0.02288	0.01228	0.01953	0.01674	0.01116	0.01674	0.00949	0.01116	0.00670	0.00502	0.00502	0.00167	0.00781	0.00391	0.00223	0.00781
24	0.00867	0.00731	0.01239	0.01089	0.01263	0.00689	0.18262	0.03127	0.01124	0.03123	0.03658	0.51437	0.05211	0.04621	0.00737	0.00214	0.00461	0.01195	0.00437	0.00516
25	0.00960	0.00579	0.00754	0.00719	0.00802	0.00598	0.00498	0.01052	0.00889	0.10554	0.01628	0.02762	0.01632	0.43845	0.29850	0.00591	0.00828	0.00667	0.00348	0.00445
26	0.02372	0.00900	0.01227	0.00941	0.01350	0.00777	0.00777	0.02576	0.01513	0.78489	0.02086	0.01799	0.01309	0.00654	0.00532	0.00164	0.00450	0.00532	0.00654	0.00900
27	0.00661	0.00525	0.00599	0.00639	0.00772	0.00462	0.00477	0.00804	0.01177	0.01470	0.09215	0.24042	0.46851	0.01414	0.00648	0.00193	0.00299	0.08806	0.00496	0.00450
28	0.01404	0.78703	0.02727	0.00923	0.01358	0.02074	0.00914	0.01571	0.01064	0.01245	0.00733	0.00860	0.00679	0.00470	0.00392	0.00118	0.03576	0.00289	0.00226	0.00675
29	0.00998	0.00940	0.01586	0.80150	0.03641	0.01175	0.01468	0.01351	0.01057	0.01351	0.00940	0.01409	0.00705	0.00529	0.00529	0.00176	0.00705	0.00470	0.00235	0.00587
30	0.00646	0.00461	0.00613	0.00733	0.00763	0.00431	0.00488	0.00737	0.01008	0.01344	0.02891	0.79644	0.03467	0.03128	0.00712	0.00220	0.00311	0.01489	0.00488	0.00427
31	0.01009	0.00950	0.01604	0.77559	0.06151	0.01177	0.01473	0.01360	0.01062	0.01363	0.00941	0.01406	0.00709	0.00527	0.00528	0.00176	0.00702	0.00470	0.00236	0.00596
32	0.00748	0.00540	0.00707	0.00665	0.00790	0.00499	0.00499	0.00998	0.01496	0.02120	0.77844	0.03949	0.04988	0.01081	0.00624	0.00166	0.00249	0.00956	0.00582	0.00499
33	0.00644	0.00460	0.00613	0.00736	0.00767	0.00429	0.00491	0.00736	0.01012	0.01350	0.02914	0.81076	0.03497	0.01656	0.00675	0.00215	0.00307	0.01503	0.00491	0.00429
34	0.01265	0.01214	0.02064	0.04166	0.71564	0.01211	0.02730	0.01572	0.01202	0.01705	0.01238	0.01522	0.05130	0.00520	0.00531	0.00159	0.00613	0.00509	0.00274	0.00810
35	0.74513	0.01007	0.00842	0.02289	0.01110	0.01141	0.00612	0.01661	0.00969	0.10611	0.00887	0.00972	0.00655	0.00509	0.00353	0.00164	0.00419	0.00317	0.00361	0.00608
36	0.00656	0.00529	0.00585	0.00597	0.00746	0.00459	0.00444	0.00809	0.01233	0.01545	0.17730	0.14192	0.53632	0.01336	0.00634	0.00183	0.00276	0.03453	0.00507	0.00455
37	0.01841	0.11403	0.10394	0.01203	0.01669	0.01623	0.01093	0.56662	0.02131	0.05098	0.01192	0.01216	0.00858	0.00598	0.00503	0.00154	0.00598	0.00444	0.00461	0.00859
38	0.01396	0.69715	0.11260	0.00990	0.01473	0.05051	0.01027	0.01614	0.01096	0.01294	0.00762	0.00882	0.00678	0.00462	0.00363	0.00120	0.00605	0.00297	0.00228	0.00687
39	0.55230	0.01015	0.00879	0.00782	0.01084	0.05373	0.00625	0.01670	0.01058	0.15953	0.01251	0.10827	0.01069	0.00666	0.00415	0.00168	0.00434	0.00482	0.00403	0.00616
40	0.00768	0.00615	0.00913	0.09978	0.10538	0.00617	0.00743	0.00920	0.01047	0.01401	0.02493	0.59977	0.03998	0.01377	0.00640	0.00203	0.00393	0.02447	0.00434	0.00498
41	0.02084	0.01313	0.01474	0.01132	0.01546	0.01396	0.00934	0.55971	0.02210	0.22678	0.01488	0.01419	0.01013	0.00639	0.00527	0.00159	0.00542	0.00491	0.02093	0.00892
42	0.01036	0.00978	0.01654	0.70762	0.12734	0.01184	0.01487	0.01384	0.01075	0.01397	0.00946	0.01397	0.00721	0.00522	0.00528	0.00174	0.00695	0.00470	0.00238	0.00618
43	0.82934	0.01019	0.00789	0.00702	0.01031	0.01175	0.00578	0.01581	0.00916	0.04415	0.00772	0.00884	0.00592	0.00495	0.00333	0.00164	0.00410	0.00293	0.00336	0.00581
44	0.01193	0.01115	0.01866	0.15095	0.56864	0.01152	0.01439	0.01475	0.01127	0.01582	0.01068	0.01587	0.00949	0.10363	0.00789	0.00203	0.00626	0.00507	0.00265	0.00735
45	0.01276	0.01285	0.01890	0.28687	0.45141	0.09543	0.01507	0.01584	0.01186	0.01555	0.00957	0.01304	0.00776	0.00498	0.00520	0.00161	0.00688	0.00457	0.00254	0.00730
46	0.01231	0.00971	0.01147	0.00836	0.01283	0.00787	0.00674	0.05072	0.01183	0.07090	0.01026	0.01155	0.00822	0.00440	0.00455	0.00093	0.03189	0.00341	0.00344	0.71861
47	0.01296	0.35672	0.37103	0.01319	0.05179	0.08149	0.01422	0.01670	0.01135	0.01465	0.00850	0.00999	0.00682	0.00484	0.00433	0.00142	0.00699	0.00345	0.00230	0.00727
48	0.01090	0.04074	0.68017	0.01583	0.02328	0.01257	0.10998	0.01675	0.01131	0.01668	0.00959	0.01149	0.00686	0.00494	0.00514	0.00168	0.00791	0.00417	0.00229	0.00771
49	0.00805	0.00583	0.00789	0.00873	0.00994	0.00567	0.00735	0.01033	0.01254	0.01653	0.16338	0.09805	0.08939	0.01395	0.00700	0.00223	0.00418	0.51908	0.00504	0.00483
50	0.05197	0.16703	0.46829	0.01503	0.05182	0.01385	0.10717	0.01676	0.01128	0.03659	0.00946	0.01119	0.00706	0.00488	0.00481	0.00158	0.00723	0.00402	0.00247	0.00750
51	0.01516	0.19803	0.02105	0.02104	0.37062	0.09881	0.02464	0.10153	0.04367	0.04192	0.01028	0.01204	0.00836	0.00508	0.00479	0.00146	0.00634	0.00424	0.00308	0.00784
52	0.00837	0.00593	0.00851	0.01058	0.10258	0.00562	0.00660	0.00980	0.01107	0.05760	0.08086	0.58329	0.03141	0.01406	0.00647	0.00202	0.00357	0.04175	0.00478	0.00513
53	0.00874	0.00569	0.00742	0.00682	0.00832	0.00519	0.00517	0.01115	0.01486	0.08246	0.68839	0.03821	0.07609	0.01057	0.00616	0.00167	0.00266	0.00928	0.00584	0.00529
54	0.02941	0.10650	0.04983	0.07713	0.08674	0.12210	0.00996	0.16610	0.03816	0.01830	0.01512	0.16530	0.02520	0.00928	0.03645	0.00193	0.00621	0.02590	0.00373	0.00665
55	0.01379	0.38767	0.26097	0.01151	0.01688	0.01691	0.01239	0.12314	0.07901	0.01758	0.01000	0.01089	0.00788	0.00517	0.00434	0.00142	0.00622	0.00371	0.00295	0.00755
56	0.00658	0.00478	0.00640	0.00753	0.00783	0.00461	0.00508	0.00750	0.01007	0.01347	0.02855	0.78969	0.03423	0.01637	0.00703	0.00215	0.02419	0.01475	0.00484	0.00433
57	0.00883	0.00469	0.00687	0.00688	0.00705	0.00462	0.00466	0.00729	0.00805	0.01088	0.10417	0.06184	0.01554	0.01735	0.01815	0.69751	0.00425	0.00576	0.00287	0.00273
58	0.01255	0.11014	0.02103	0.19367	0.52861	0.01341	0.01502	0.01560	0.01157	0.01588	0.00951	0.01274	0.00790	0.00481	0.00502	0.00156	0.00637	0.00448	0.00252	0.00765
59	0.01483	0.01327	0.14011	0.01466	0.10274	0.01085	0.10270	0.02125	0.20499	0.21400	0.06459	0.01907	0.01458	0.00654	0.00551	0.00172	0.00558	0.03051	0.00454	0.00796
60	0.01461	0.01675	0.01459	0.01301	0.01435	0.35733	0.01028	0.01596	0.01119	0.01275	0.00849	0.01195	0.00776	0.01181	0.11996	0.00276	0.34387	0.00423	0.00257	0.00579
61	0.00827	0.00590	0.00823	0.00945	0.01055	0.00587	0.00808	0.01051	0.01192	0.01554	0.02813	0.15133	0.03098	0.01484	0.00723	0.00240	0.00465	0.65645	0.00487	0.00480
62	0.01077	0.01010	0.01704	0.59002	0.16801	0.01181	0.03820	0.02990	0.01126	0.01480	0.01037	0.01576	0.00832	0.00556	0.00539	0.00175	0.00685	0.03513	0.00257	0.00639
63	0.01255	0.02995	0.01484	0.01244	0.01351	0.01326	0.03532	0.01478	0.05212	0.10787	0.01271	0.07841	0.01193	0.01021	0.03355	0.00231	0.48696	0.04771	0.00337	0.00619
64	0.06151	0.01137	0.03132	0.01208	0.01632	0.01044	0.17362	0.10316	0.02783	0.11320	0.05432	0.01440	0.01096	0.00542	0.00556	0.00141	0.04448	0.00476	0.00384	0.29399

[dist]
# distance from previous block
# <min> <max>
0	1

[block]
# block no. 1 follows, 46 sequences, length 75
# corresponding to MSA columns:
# 106-164,166-181
name=unknown_B
#
# <colnr> <probs for GDERKNQSTAVLIFYWHMCP>
#	G	D	E	R	K	N	Q	S	T	A	V	L	I	F	Y	W	H	M	C	P
0	0.01812	0.00963	0.01234	0.07103	0.01503	0.00898	0.00811	0.11719	0.03569	0.39698	0.07806	0.01744	0.01413	0.00628	0.00512	0.00148	0.00459	0.00514	0.00531	0.16936
1	0.01862	0.06168	0.07545	0.01143	0.01573	0.01424	0.01003	0.45876	0.07209	0.15351	0.04489	0.01476	0.01149	0.00640	0.00520	0.00159	0.00550	0.00495	0.00511	0.00857
2	0.01219	0.03862	0.62046	0.01449	0.02150	0.01237	0.04627	0.07534	0.01259	0.06350	0.02764	0.01239	0.00827	0.00531	0.00511	0.00166	0.00735	0.00425	0.00282	0.00787
3	0.01039	0.02405	0.06176	0.00977	0.01221	0.02438	0.05219	0.01581	0.18219	0.05148	0.29919	0.07251	0.02987	0.02656	0.00645	0.00188	0.00428	0.10386	0.00498	0.00619
4	0.00789	0.00637	0.00845	0.00814	0.00966	0.00611	0.05016	0.01101	0.08833	0.01666	0.20286	0.23998	0.21081	0.02944	0.00682	0.00198	0.00352	0.08173	0.00499	0.00510
5	0.01799	0.04258	0.01637	0.10989	0.01938	0.63236	0.05520	0.01980	0.01419	0.01323	0.00845	0.01034	0.00691	0.00535	0.00488	0.00143	0.00910	0.00372	0.00266	0.00617
6	0.01308	0.01256	0.02146	0.03245	0.78123	0.01256	0.01622	0.01622	0.01204	0.01727	0.00994	0.01308	0.00837	0.00471	0.00523	0.00157	0.00628	0.00471	0.00262	0.00837
7	0.01413	0.81739	0.02770	0.00905	0.01357	0.02092	0.00905	0.01583	0.01074	0.01244	0.00735	0.00848	0.00678	0.00452	0.00339	0.00113	0.00565	0.00283	0.00226	0.00678
8	0.00734	0.00633	0.00659	0.00664	0.02229	0.01971	0.00487	0.00992	0.07167	0.01576	0.13449	0.04578	0.59448	0.01231	0.00615	0.00177	0.00300	0.02098	0.00497	0.00494
9	0.00641	0.00536	0.00558	0.00553	0.00724	0.00453	0.00414	0.00790	0.01243	0.01519	0.14867	0.04938	0.68340	0.01305	0.00625	0.00177	0.00265	0.01095	0.00503	0.00453
10	0.02010	0.01481	0.01587	0.01216	0.01639	0.01639	0.01005	0.76360	0.02486	0.03332	0.01269	0.01269	0.00899	0.00635	0.00529	0.00159	0.00582	0.00476	0.00529	0.00899
11	0.01157	0.01157	0.01619	0.01388	0.01388	0.01619	0.01157	0.01272	0.00810	0.01272	0.00694	0.01157	0.00694	0.00925	0.01735	0.00231	0.80453	0.00463	0.00231	0.00578
12	0.00767	0.00519	0.00610	0.00610	0.00621	0.00531	0.00362	0.00790	0.00779	0.01050	0.01635	0.03291	0.01849	0.71996	0.12016	0.00554	0.00622	0.00744	0.00316	0.00339
13	0.00792	0.00550	0.00721	0.00673	0.00805	0.00506	0.00506	0.01040	0.01497	0.04185	0.75796	0.03891	0.04889	0.01069	0.00621	0.00166	0.00255	0.00945	0.00584	0.00510
14	0.00644	0.00460	0.00613	0.00736	0.00767	0.00429	0.00491	0.00736	0.01012	0.01350	0.02914	0.81076	0.03497	0.01656	0.00675	0.00215	0.00307	0.01503	0.00491	0.00429
15	0.00998	0.00940	0.01586	0.80150	0.03641	0.01175	0.01468	0.01351	0.01057	0.01351	0.00940	0.01409	0.00705	0.00529	0.00529	0.00176	0.00705	0.00470	0.00235	0.00587
16	0.00644	0.00460	0.00613	0.00736	0.00767	0.00429	0.00491	0.00736	0.01012	0.01350	0.02914	0.81076	0.03497	0.01656	0.00675	0.00215	0.00307	0.01503	0.00491	0.00429
17	0.00972	0.00590	0.00778	0.00703	0.00867	0.00537	0.00537	0.01216	0.01499	0.12666	0.67382	0.03652	0.04480	0.01022	0.00611	0.00166	0.00277	0.00897	0.00592	0.00554
18	0.00779	0.00601	0.00895	0.00881	0.00970	0.00718	0.00690	0.00963	0.00847	0.01230	0.01373	0.02022	0.01285	0.03785	0.74736	0.00813	0.06091	0.00560	0.00280	0.00478
19	0.00985	0.00493	0.00493	0.00493	0.00616	0.00493	0.00370	0.01232	0.01109	0.01971	0.01725	0.01971	0.01355	0.00616	0.00370	0.00123	0.00246	0.00493	0.84356	0.00493
20	0.00998	0.00940	0.01586	0.80150	0.03641	0.01175	0.01468	0.01351	0.01057	0.01351	0.00940	0.01409	0.00705	0.00529	0.00529	0.00176	0.00705	0.00470	0.00235	0.00587
21	0.01396	0.01211	0.02844	0.01102	0.01426	0.01353	0.00881	0.11889	0.66353	0.02339	0.02018	0.01868	0.01506	0.00703	0.00536	0.00177	0.00446	0.00578	0.00530	0.00843
22	0.01113	0.14475	0.67401	0.01417	0.02150	0.01356	0.01797	0.01661	0.01110	0.01610	0.00917	0.01076	0.00671	0.00495	0.00478	0.00159	0.00749	0.00375	0.00224	0.00766
23	0.01178	0.28964	0.53479	0.01307	0.01979	0.01515	0.01605	0.01644	0.01102	0.01531	0.00878	0.01027	0.00673	0.00486	0.00448	0.00149	0.00710	0.00355	0.00224	0.00747
24	0.00644	0.00460	0.00613	0.00736	0.00767	0.00429	0.00491	0.00736	0.01012	0.01350	0.02914	0.81076	0.03497	0.01656	0.00675	0.00215	0.00307	0.01503	0.00491	0.00429
25	0.01030	0.00972	0.01644	0.72201	0.11340	0.01183	0.01484	0.01379	0.01072	0.01390	0.00945	0.01399	0.00718	0.00523	0.00528	0.00174	0.00697	0.00470	0.00238	0.00613
26	0.01260	0.01206	0.02057	0.15378	0.66373	0.01243	0.01598	0.01580	0.01181	0.01668	0.00986	0.01324	0.00816	0.00480	0.00524	0.00160	0.00640	0.00471	0.00257	0.00798
27	0.00918	0.00459	0.00689	0.00689	0.00689	0.00459	0.00459	0.00689	0.00689	0.00918	0.00918	0.01607	0.00918	0.01837	0.02066	0.84619	0.00459	0.00459	0.00230	0.00230
28	0.00763	0.00510	0.00578	0.00584	0.00585	0.00509	0.00328	0.00767	0.00779	0.01039	0.01720	0.06853	0.01991	0.77933	0.02603	0.00500	0.00504	0.00801	0.00328	0.00325
29	0.00656	0.00469	0.00628	0.00750	0.00786	0.00440	0.00512	0.00757	0.01024	0.01363	0.02907	0.76633	0.03470	0.01645	0.00678	0.00216	0.00317	0.05825	0.00491	0.00433
30	0.01963	0.01504	0.06134	0.01266	0.03708	0.01538	0.01060	0.64185	0.02294	0.09050	0.01307	0.01303	0.00916	0.00624	0.00527	0.00160	0.00584	0.00475	0.00513	0.00890
31	0.00913	0.00747	0.01125	0.01111	0.01289	0.02455	0.10000	0.01172	0.01226	0.01581	0.02686	0.05250	0.06886	0.01310	0.00706	0.00229	0.00534	0.59811	0.00456	0.00515
32	0.01060	0.02735	0.78682	0.01507	0.02288	0.01228	0.01953	0.01674	0.01116	0.01674	0.00949	0.01116	0.00670	0.00502	0.00502	0.00167	0.00781	0.00391	0.00223	0.00781
33	0.01333	0.01106	0.01149	0.01028	0.01314	0.02439	0.00803	0.07812	0.61611	0.02242	0.02034	0.01968	0.01544	0.00710	0.00522	0.00172	0.00421	0.01710	0.09286	0.00796
34	0.01815	0.07292	0.01326	0.00997	0.01354	0.01097	0.00817	0.03838	0.30976	0.38181	0.02021	0.01957	0.01444	0.00696	0.00527	0.00169	0.00450	0.03634	0.00566	0.00841
35	0.00644	0.00460	0.00613	0.00736	0.00767	0.00429	0.00491	0.00736	0.01012	0.01350	0.02914	0.81076	0.03497	0.01656	0.00675	0.00215	0.00307	0.01503	0.00491	0.00429
36	0.00768	0.00514	0.00586	0.00586	0.00589	0.00517	0.00332	0.00775	0.00771	0.01032	0.01657	0.03414	0.01902	0.78866	0.05219	0.00524	0.00542	0.00762	0.00319	0.00325
37	0.00998	0.00940	0.01586	0.80150	0.03641	0.01175	0.01468	0.01351	0.01057	0.01351	0.00940	0.01409	0.00705	0.00529	0.00529	0.00176	0.00705	0.00470	0.00235	0.00587
38	0.01013	0.00786	0.01069	0.00986	0.01081	0.03007	0.00781	0.01173	0.00904	0.07251	0.01290	0.01881	0.01185	0.07451	0.47496	0.00605	0.20667	0.00544	0.00301	0.00526
39	0.00998	0.00940	0.01586	0.80150	0.03641	0.01175	0.01468	0.01351	0.01057	0.01351	0.00940	0.01409	0.00705	0.00529	0.00529	0.00176	0.00705	0.00470	0.00235	0.00587
40	0.00769	0.00514	0.00582	0.00582	0.00584	0.00516	0.00327	0.00772	0.00770	0.01029	0.01661	0.03431	0.01910	0.79835	0.04260	0.00519	0.00531	0.00765	0.00320	0.00323
41	0.01035	0.00981	0.01583	0.54275	0.11580	0.03200	0.04498	0.01346	0.01085	0.01419	0.01173	0.09946	0.01037	0.00649	0.00565	0.00177	0.02107	0.00584	0.02156	0.00602
42	0.01085	0.04709	0.01000	0.07862	0.01215	0.02862	0.00701	0.04548	0.01154	0.11992	0.02256	0.40141	0.03939	0.05878	0.00789	0.01484	0.03157	0.04233	0.00450	0.00545
43	0.01007	0.02122	0.54286	0.04099	0.06626	0.01089	0.04881	0.01493	0.01107	0.01609	0.01308	0.15473	0.01193	0.00705	0.00541	0.00176	0.00689	0.00607	0.00276	0.00712
44	0.01673	0.01418	0.01449	0.03443	0.07558	0.12005	0.00980	0.35229	0.15010	0.04363	0.01468	0.07584	0.01192	0.00693	0.00530	0.00161	0.00580	0.00554	0.00459	0.03652
45	0.01263	0.00936	0.01116	0.00868	0.01243	0.00818	0.02061	0.11770	0.03377	0.09018	0.01635	0.10695	0.05830	0.02476	0.00530	0.00133	0.00419	0.00564	0.00411	0.44837
46	0.07670	0.14685	0.60998	0.01351	0.02047	0.01357	0.01685	0.01651	0.01093	0.01663	0.00899	0.01055	0.00663	0.00494	0.00464	0.00159	0.00719	0.00366	0.00232	0.00749
47	0.01798	0.01290	0.11951	0.01098	0.02898	0.01072	0.00978	0.25034	0.01727	0.30790	0.08426	0.01875	0.05376	0.00691	0.00536	0.00162	0.00511	0.00556	0.00526	0.02704
48	0.01250	0.01420	0.03087	0.02262	0.05249	0.01334	0.73743	0.01691	0.01246	0.01695	0.01067	0.01422	0.00803	0.00446	0.00621	0.00178	0.00883	0.00619	0.00267	0.00717
49	0.01049	0.00991	0.01677	0.67596	0.15800	0.01188	0.01493	0.01395	0.01081	0.01412	0.00949	0.01393	0.00726	0.00519	0.00528	0.00173	0.00692	0.00470	0.00239	0.00628
50	0.01852	0.00915	0.02892	0.04481	0.02702	0.00822	0.02847	0.04131	0.04424	0.49114	0.03733	0.06189	0.03199	0.00805	0.00568	0.00177	0.00475	0.09319	0.00569	0.00786
51	0.00672	0.00487	0.00603	0.00672	0.00726	0.00453	0.00447	0.00766	0.01036	0.01364	0.09058	0.49559	0.14395	0.15987	0.01028	0.00259	0.00334	0.01269	0.00467	0.00418
52	0.00773	0.00563	0.00740	0.00821	0.00929	0.00542	0.00666	0.00964	0.01186	0.01547	0.10856	0.17017	0.13510	0.06290	0.00815	0.00238	0.00406	0.41185	0.00488	0.00464
53	0.11722	0.05121	0.14045	0.01084	0.01537	0.01151	0.02682	0.11686	0.10898	0.32417	0.01557	0.01477	0.01061	0.00601	0.00496	0.00164	0.00528	0.00471	0.00485	0.00819
54	0.07679	0.11235	0.62263	0.01374	0.02070	0.03386	0.01706	0.01666	0.01105	0.01671	0.00905	0.01062	0.00663	0.00497	0.00470	0.00160	0.00733	0.00369	0.00233	0.00749
55	0.00936	0.00749	0.00760	0.00723	0.00765	0.06770	0.00465	0.04211	0.00911	0.01174	0.01553	0.05075	0.01739	0.63266	0.03729	0.00449	0.05290	0.00720	0.00324	0.00389
56	0.22185	0.25667	0.03685	0.08578	0.08831	0.08738	0.12351	0.01626	0.01108	0.01660	0.00841	0.01048	0.00688	0.00479	0.00430	0.00149	0.00635	0.00377	0.00266	0.00660
57	0.00655	0.00475	0.00635	0.00750	0.00780	0.00454	0.00505	0.00747	0.01008	0.01348	0.02867	0.79393	0.03437	0.01641	0.00697	0.00215	0.01995	0.01481	0.00485	0.00433
58	0.01163	0.00966	0.01146	0.00829	0.01292	0.00757	0.01800	0.03409	0.03161	0.03850	0.01013	0.01148	0.00823	0.00415	0.00406	0.00087	0.00406	0.00336	0.00333	0.76659
59	0.00770	0.00557	0.00802	0.00802	0.00889	0.00637	0.00611	0.00944	0.00857	0.01252	0.01458	0.02203	0.01381	0.11210	0.67266	0.00774	0.01260	0.00581	0.05286	0.00459
60	0.01289	0.01262	0.02030	0.15211	0.63110	0.04656	0.01572	0.01601	0.01194	0.01649	0.00978	0.01309	0.00810	0.00483	0.00522	0.00159	0.00654	0.00465	0.00258	0.00788
61	0.02068	0.00928	0.01228	0.00990	0.03400	0.00818	0.00786	0.06667	0.01503	0.57846	0.04711	0.01854	0.01389	0.00652	0.00523	0.00155	0.00449	0.02381	0.00588	0.11064
62	0.00701	0.00518	0.00655	0.00663	0.00772	0.00472	0.00481	0.00891	0.01323	0.01808	0.46710	0.24446	0.16059	0.01273	0.00637	0.00181	0.00267	0.01125	0.00544	0.00472
63	0.03460	0.03475	0.01354	0.01053	0.01429	0.07569	0.00851	0.32544	0.15110	0.07705	0.01670	0.01638	0.06638	0.00652	0.00504	0.00150	0.00520	0.00505	0.00473	0.12701
64	0.10167	0.01503	0.01409	0.09812	0.03729	0.22552	0.01002	0.13188	0.05106	0.01814	0.01045	0.01244	0.02200	0.00688	0.02128	0.00175	0.14282	0.00423	0.00327	0.07207
65	0.07031	0.00975	0.01210	0.00951	0.01333	0.00927	0.00778	0.12138	0.06116	0.53322	0.05536	0.02898	0.01428	0.00676	0.00523	0.00163	0.00450	0.00544	0.00599	0.02401
66	0.01060	0.02735	0.78682	0.01507	0.02288	0.01228	0.01953	0.01674	0.01116	0.01674	0.00949	0.01116	0.00670	0.00502	0.00502	0.00167	0.00781	0.00391	0.00223	0.00781
67	0.00745	0.00524	0.00652	0.00673	0.00699	0.00542	0.00433	0.00802	0.00843	0.01141	0.01936	0.19639	0.03531	0.48186	0.15292	0.00495	0.02250	0.00890	0.00351	0.00377
68	0.01055	0.02595	0.72672	0.07638	0.02394	0.01224	0.01915	0.01649	0.01112	0.01649	0.00948	0.01139	0.00672	0.00504	0.00504	0.00168	0.00775	0.00397	0.00224	0.00766
69	0.07631	0.01393	0.07376	0.01113	0.01521	0.05048	0.00961	0.33046	0.12487	0.19286	0.03774	0.01509	0.01160	0.00639	0.00515	0.00163	0.00541	0.00493	0.00509	0.00833
70	0.00754	0.00569	0.00733	0.00719	0.00833	0.00553	0.00543	0.00984	0.02595	0.01875	0.50964	0.14830	0.11797	0.01197	0.00684	0.00182	0.03783	0.05375	0.00538	0.00492
71	0.01268	0.01345	0.08062	0.05098	0.68147	0.01234	0.01623	0.01605	0.01193	0.01709	0.01038	0.01422	0.00880	0.00502	0.00527	0.00161	0.00638	0.02465	0.00264	0.00817
72	0.01272	0.50007	0.33260	0.01146	0.01731	0.01745	0.01326	0.01620	0.01091	0.01417	0.00821	0.00956	0.00675	0.00472	0.00405	0.00135	0.00652	0.00326	0.00225	0.00720
73	0.01281	0.07501	0.02057	0.10853	0.58712	0.03377	0.01498	0.01579	0.01187	0.01632	0.01050	0.01495	0.00912	0.00525	0.00518	0.00159	0.00633	0.03987	0.00267	0.00776
74	0.00644	0.00460	0.00613	0.00736	0.00767	0.00429	0.00491	0.00736	0.01012	0.01350	0.02914	0.81076	0.03497	0.01656	0.00675	0.00215	0.00307	0.01503	0.00491	0.00429

[dist]
# distance from previous block
# <min> <max>
0	4

[block]
# block no. 2 follows, 46 sequences, length 10
# corresponding to MSA columns:
# 186-195
name=unknown_C
#
# <colnr> <probs for GDERKNQSTAVLIFYWHMCP>
#	G	D	E	R	K	N	Q	S	T	A	V	L	I	F	Y	W	H	M	C	P
0	0.16957	0.01307	0.04396	0.00983	0.01261	0.16757	0.00792	0.15365	0.01462	0.07646	0.10813	0.16659	0.01809	0.00834	0.00519	0.00167	0.00531	0.00668	0.00435	0.00638
1	0.01384	0.01344	0.02578	0.01891	0.02353	0.05777	0.55992	0.01752	0.01277	0.11407	0.01335	0.07966	0.01080	0.00577	0.00608	0.00177	0.00791	0.00667	0.00335	0.00708
2	0.00741	0.00540	0.00697	0.00658	0.00785	0.00496	0.00493	0.00984	0.01480	0.02080	0.73684	0.04014	0.09173	0.01096	0.00624	0.00167	0.00250	0.00965	0.00577	0.00496
3	0.02053	0.00932	0.01199	0.00962	0.01328	0.00876	0.00787	0.07080	0.11179	0.56184	0.06210	0.02107	0.01606	0.00723	0.00547	0.00169	0.00445	0.04143	0.00620	0.00850
4	0.11699	0.00950	0.01483	0.70047	0.03308	0.01176	0.01354	0.01377	0.01037	0.01481	0.00914	0.01339	0.00688	0.00524	0.00503	0.00175	0.00667	0.00446	0.00247	0.00585
5	0.01953	0.01410	0.01525	0.01184	0.01589	0.01552	0.00972	0.68079	0.05226	0.06289	0.01390	0.03942	0.01028	0.00672	0.00534	0.00161	0.00561	0.00517	0.00533	0.00881
6	0.00780	0.00622	0.00703	0.00701	0.00845	0.00601	0.00521	0.04585	0.05861	0.01575	0.08532	0.21003	0.38751	0.05773	0.00777	0.00208	0.02586	0.04603	0.00484	0.00490
7	0.48251	0.04752	0.01337	0.01039	0.01401	0.12675	0.10304	0.04749	0.01156	0.08668	0.00928	0.01042	0.00699	0.00511	0.00413	0.00159	0.00567	0.00366	0.00343	0.00642
8	0.06502	0.01295	0.02580	0.01876	0.02344	0.01234	0.56998	0.03607	0.01214	0.01739	0.01101	0.04337	0.00891	0.00544	0.00651	0.02542	0.02482	0.00599	0.00288	0.07177
9	0.01441	0.01083	0.01203	0.00961	0.01331	0.01080	0.00768	0.25399	0.15457	0.07106	0.01819	0.06390	0.07537	0.00697	0.00507	0.00144	0.00445	0.00567	0.00469	0.25597

[dist]
# distance from previous block
# <min> <max>
6	45

[block]
# block no. 3 follows, 46 sequences, length 50
# corresponding to MSA columns:
# 243-292
name=unknown_D
#
# <colnr> <probs for GDERKNQSTAVLIFYWHMCP>
#	G	D	E	R	K	N	Q	S	T	A	V	L	I	F	Y	W	H	M	C	P
0	0.01272	0.01210	0.02064	0.10025	0.69798	0.01231	0.01583	0.01578	0.01179	0.01676	0.00988	0.01324	0.00827	0.00506	0.00558	0.02017	0.00631	0.00471	0.00259	0.00802
1	0.00893	0.00572	0.00753	0.00690	0.00840	0.00524	0.00524	0.01138	0.01498	0.08909	0.71110	0.03758	0.04661	0.01043	0.00615	0.00166	0.00267	0.00918	0.00588	0.00534
2	0.01099	0.00949	0.01119	0.00810	0.01259	0.00745	0.00650	0.01329	0.01084	0.01703	0.00929	0.01099	0.00779	0.00415	0.00450	0.00085	0.03901	0.00320	0.00310	0.80968
3	0.00774	0.00511	0.00580	0.00580	0.00580	0.00511	0.00325	0.00766	0.00766	0.01022	0.01641	0.03399	0.01889	0.78811	0.02670	0.03271	0.00511	0.00759	0.00317	0.00317
4	0.01060	0.02735	0.78682	0.01507	0.02288	0.01228	0.01953	0.01674	0.01116	0.01674	0.00949	0.01116	0.00670	0.00502	0.00502	0.00167	0.00781	0.00391	0.00223	0.00781
5	0.01209	0.08128	0.63605	0.01441	0.02156	0.01253	0.04532	0.01749	0.01153	0.08473	0.01039	0.01169	0.00732	0.00510	0.00498	0.00164	0.00741	0.00404	0.00263	0.00782
6	0.00748	0.00540	0.00707	0.00665	0.00790	0.00499	0.00499	0.00998	0.01496	0.02120	0.77844	0.03949	0.04988	0.01081	0.00624	0.00166	0.00249	0.00956	0.00582	0.00499
7	0.01084	0.00919	0.01074	0.00788	0.01228	0.00704	0.00625	0.02719	0.01117	0.01729	0.01075	0.06334	0.00963	0.00479	0.00413	0.00089	0.00390	0.00394	0.00329	0.77548
8	0.01206	0.35321	0.47371	0.01258	0.01904	0.01584	0.01521	0.01637	0.01099	0.01497	0.00861	0.01006	0.00673	0.00482	0.00435	0.00145	0.00692	0.00346	0.00224	0.00739
9	0.00644	0.00460	0.00613	0.00736	0.00767	0.00429	0.00491	0.00736	0.01012	0.01350	0.02914	0.81076	0.03497	0.01656	0.00675	0.00215	0.00307	0.01503	0.00491	0.00429
10	0.00748	0.00540	0.00707	0.00665	0.00790	0.00499	0.00499	0.00998	0.01496	0.02120	0.77844	0.03949	0.04988	0.01081	0.00624	0.00166	0.00249	0.00956	0.00582	0.00499
11	0.11307	0.00933	0.01190	0.00923	0.01324	0.00850	0.00763	0.04951	0.01480	0.67731	0.01912	0.01680	0.01215	0.00636	0.00509	0.00163	0.00450	0.00503	0.00615	0.00864
12	0.44324	0.01301	0.01119	0.00947	0.01293	0.08455	0.00766	0.22725	0.10434	0.02524	0.01061	0.01114	0.00797	0.00563	0.00422	0.00162	0.00508	0.00381	0.00404	0.00699
13	0.00998	0.00940	0.01586	0.80150	0.03641	0.01175	0.01468	0.01351	0.01057	0.01351	0.00940	0.01409	0.00705	0.00529	0.00529	0.00176	0.00705	0.00470	0.00235	0.00587
14	0.01053	0.00995	0.01684	0.66670	0.16697	0.01189	0.01495	0.01398	0.01083	0.01417	0.00949	0.01392	0.00728	0.00518	0.00528	0.00173	0.00691	0.00470	0.00240	0.00631
15	0.00748	0.00540	0.00707	0.00665	0.00790	0.00499	0.00499	0.00998	0.01496	0.02120	0.77844	0.03949	0.04988	0.01081	0.00624	0.00166	0.00249	0.00956	0.00582	0.00499
16	0.00743	0.00521	0.00669	0.00690	0.00725	0.00545	0.00456	0.00819	0.00835	0.01144	0.01797	0.16110	0.01998	0.43548	0.26516	0.00569	0.00763	0.00829	0.00337	0.00387
17	0.00659	0.00514	0.00602	0.00653	0.00769	0.00457	0.00477	0.00796	0.01159	0.01467	0.10119	0.32940	0.38932	0.01444	0.00651	0.00196	0.00298	0.06922	0.00498	0.00447
18	0.01261	0.01121	0.01703	0.10076	0.03204	0.01270	0.15706	0.18904	0.01366	0.01881	0.01370	0.16315	0.01305	0.00844	0.00857	0.00192	0.19497	0.00694	0.01776	0.00656
19	0.01379	0.01294	0.04739	0.04449	0.55291	0.01224	0.13353	0.01714	0.01232	0.08536	0.01101	0.01366	0.00865	0.00486	0.00539	0.00162	0.00661	0.00498	0.00296	0.00816
20	0.85155	0.01022	0.00777	0.00695	0.01022	0.01186	0.00573	0.01554	0.00900	0.02372	0.00736	0.00859	0.00573	0.00491	0.00327	0.00164	0.00409	0.00286	0.00327	0.00573
21	0.01098	0.02563	0.01188	0.01061	0.01144	0.13696	0.00827	0.01211	0.00933	0.01216	0.01116	0.03443	0.01105	0.11151	0.26301	0.04644	0.26002	0.00530	0.00270	0.00502
22	0.02372	0.00900	0.01227	0.00941	0.01350	0.00777	0.00777	0.02576	0.01513	0.78489	0.02086	0.01799	0.01309	0.00654	0.00532	0.00164	0.00450	0.00532	0.00654	0.00900
23	0.00757	0.00558	0.00808	0.00808	0.00889	0.00638	0.00609	0.00918	0.00837	0.01197	0.01454	0.02286	0.01412	0.15662	0.67752	0.00799	0.01280	0.00597	0.00289	0.00449
24	0.00728	0.00540	0.00679	0.00644	0.00778	0.00490	0.00483	0.00959	0.01449	0.02008	0.66105	0.04133	0.16798	0.01123	0.00624	0.00168	0.00252	0.00982	0.00567	0.00490
25	0.02168	0.00957	0.01241	0.00944	0.01362	0.00844	0.00777	0.08968	0.01544	0.61490	0.01859	0.01658	0.01202	0.00617	0.00513	0.00152	0.00454	0.00497	0.00597	0.12157
26	0.08087	0.00714	0.00980	0.17080	0.01588	0.00765	0.00921	0.01170	0.01154	0.01596	0.02365	0.04439	0.07036	0.01157	0.00641	0.00215	0.00509	0.46873	0.00418	0.02293
27	0.01768	0.18260	0.01760	0.01211	0.01537	0.35514	0.00986	0.20447	0.03101	0.01807	0.00952	0.01080	0.00775	0.00686	0.03122	0.00167	0.05420	0.00382	0.00330	0.00695
28	0.01248	0.01426	0.03119	0.02228	0.02763	0.01337	0.76203	0.01693	0.01248	0.01693	0.01070	0.01426	0.00802	0.00446	0.00624	0.00178	0.00891	0.00624	0.00267	0.00713
29	0.00939	0.00572	0.00752	0.00712	0.00857	0.00520	0.00531	0.01148	0.01393	0.12083	0.50767	0.19182	0.06188	0.01147	0.00622	0.00176	0.00288	0.01014	0.00571	0.00537
30	0.02257	0.00687	0.00804	0.00737	0.00902	0.03511	0.00560	0.01277	0.06736	0.07310	0.62175	0.03524	0.05454	0.01001	0.00601	0.00166	0.00304	0.00871	0.00567	0.00554
31	0.01998	0.01404	0.01527	0.01181	0.01595	0.01537	0.00972	0.64640	0.07282	0.10294	0.01403	0.01365	0.00984	0.00642	0.00530	0.00160	0.00559	0.00489	0.00541	0.00895
32	0.00642	0.00467	0.00606	0.00718	0.00762	0.00431	0.00483	0.00738	0.01030	0.01357	0.03136	0.74159	0.10270	0.01627	0.00670	0.00211	0.00303	0.01468	0.00491	0.00431
33	0.00886	0.00569	0.00746	0.00689	0.00837	0.00520	0.00521	0.01123	0.01474	0.08865	0.66745	0.06647	0.06197	0.01070	0.00617	0.00168	0.00270	0.00942	0.00583	0.00531
34	0.01052	0.00652	0.00827	0.00732	0.00920	0.00609	0.00565	0.06137	0.01544	0.12967	0.57291	0.03545	0.09043	0.01008	0.00604	0.00166	0.00301	0.00875	0.00583	0.00578
35	0.05544	0.01255	0.01375	0.01182	0.01504	0.06422	0.07540	0.04483	0.59760	0.02142	0.01875	0.01784	0.01410	0.00668	0.00531	0.00175	0.00499	0.00565	0.00486	0.00800
36	0.01190	0.01293	0.02582	0.01895	0.02316	0.01280	0.54032	0.01548	0.01154	0.01613	0.01089	0.05252	0.00915	0.00575	0.00780	0.00179	0.13273	0.00614	0.00277	0.08140
37	0.00768	0.00515	0.00587	0.00587	0.00590	0.00518	0.00333	0.00775	0.00772	0.01033	0.01656	0.03408	0.01900	0.78545	0.05537	0.00525	0.00546	0.00761	0.00319	0.00326
38	0.00998	0.00940	0.01586	0.80150	0.03641	0.01175	0.01468	0.01351	0.01057	0.01351	0.00940	0.01409	0.00705	0.00529	0.00529	0.00176	0.00705	0.00470	0.00235	0.00587
39	0.01912	0.01320	0.01433	0.01118	0.01505	0.01440	0.00917	0.59161	0.05989	0.09831	0.01428	0.01417	0.01013	0.00639	0.00515	0.00157	0.00531	0.00489	0.08327	0.00858
40	0.01369	0.01339	0.01393	0.05151	0.01496	0.21872	0.04631	0.01534	0.01145	0.08191	0.01392	0.09577	0.02871	0.02721	0.04697	0.00228	0.24048	0.05422	0.00334	0.00589
41	0.00641	0.00472	0.00601	0.00704	0.00758	0.00432	0.00477	0.00740	0.01043	0.01362	0.03302	0.68988	0.15333	0.01606	0.00667	0.00209	0.00301	0.01441	0.00491	0.00432
42	0.02010	0.01481	0.01587	0.01216	0.01639	0.01639	0.01005	0.76360	0.02486	0.03332	0.01269	0.01269	0.00899	0.00635	0.00529	0.00159	0.00582	0.00476	0.00529	0.00899
43	0.01304	0.01267	0.02210	0.03178	0.73192	0.01261	0.06503	0.01627	0.01207	0.01725	0.00999	0.01316	0.00835	0.00469	0.00530	0.00158	0.00645	0.00481	0.00262	0.00829
44	0.02263	0.01004	0.01283	0.00991	0.01397	0.00940	0.00816	0.14323	0.05369	0.62803	0.01959	0.01724	0.01258	0.00654	0.00531	0.00164	0.00469	0.00526	0.00629	0.00897
45	0.00644	0.00460	0.00613	0.00736	0.00767	0.00429	0.00491	0.00736	0.01012	0.01350	0.02914	0.81076	0.03497	0.01656	0.00675	0.00215	0.00307	0.01503	0.00491	0.00429
46	0.00816	0.00618	0.00720	0.00672	0.00843	0.00581	0.00511	0.03543	0.06796	0.03314	0.43403	0.04077	0.29881	0.01122	0.00613	0.00171	0.00282	0.00963	0.00547	0.00525
47	0.00704	0.00520	0.00665	0.00766	0.00821	0.00508	0.00521	0.00920	0.07782	0.01426	0.02846	0.74044	0.03329	0.01573	0.00663	0.00212	0.00317	0.01422	0.00495	0.00466
48	0.01315	0.01136	0.01195	0.01076	0.01375	0.01315	0.00837	0.02809	0.77168	0.02211	0.02152	0.01972	0.01614	0.00717	0.00538	0.00179	0.00418	0.00598	0.00538	0.00837
49	0.01908	0.02211	0.01450	0.05224	0.01679	0.64982	0.01006	0.02063	0.01449	0.08156	0.00962	0.01101	0.00766	0.00704	0.03940	0.00172	0.00916	0.00374	0.00305	0.00631

[dist]
# distance from previous block
# <min> <max>
0	7

[block]
# block no. 4 follows, 46 sequences, length 37
# corresponding to MSA columns:
# 300-336
name=unknown_E
#
# <colnr> <probs for GDERKNQSTAVLIFYWHMCP>
#	G	D	E	R	K	N	Q	S	T	A	V	L	I	F	Y	W	H	M	C	P
0	0.01068	0.00977	0.01586	0.74734	0.03504	0.01206	0.01436	0.06498	0.01155	0.01487	0.00962	0.01400	0.00718	0.00536	0.00529	0.00175	0.00696	0.00470	0.00255	0.00609
1	0.01331	0.01341	0.02113	0.09580	0.60518	0.07464	0.06679	0.01643	0.01218	0.01658	0.00981	0.01297	0.00811	0.00480	0.00527	0.00158	0.00679	0.00471	0.00261	0.00790
2	0.00918	0.00459	0.00689	0.00689	0.00689	0.00459	0.00459	0.00689	0.00689	0.00918	0.00918	0.01607	0.00918	0.01837	0.02066	0.84619	0.00459	0.00459	0.00230	0.00230
3	0.01404	0.01242	0.01238	0.01104	0.01406	0.06670	0.00864	0.08973	0.63077	0.02223	0.02006	0.01976	0.01536	0.00723	0.00539	0.00177	0.00471	0.03037	0.00517	0.00815
4	0.01932	0.01272	0.01562	0.01203	0.01607	0.01338	0.07322	0.42863	0.08924	0.21436	0.01545	0.01544	0.01088	0.03112	0.00605	0.00174	0.00559	0.00522	0.00532	0.00860
5	0.01226	0.00970	0.01157	0.01169	0.06536	0.01059	0.00877	0.07881	0.36774	0.04312	0.08628	0.03120	0.02172	0.00925	0.00596	0.00192	0.00451	0.20724	0.00511	0.00720
6	0.00647	0.00532	0.00556	0.00557	0.00711	0.00455	0.00407	0.00779	0.01188	0.01452	0.11156	0.07471	0.63092	0.07700	0.00791	0.00205	0.00287	0.01088	0.00485	0.00440
7	0.08379	0.01130	0.06865	0.44628	0.13907	0.01161	0.02425	0.03847	0.01165	0.08737	0.02221	0.01398	0.00839	0.00537	0.00512	0.00170	0.00642	0.00464	0.00300	0.00675
8	0.01276	0.06411	0.56651	0.01330	0.02012	0.01161	0.01611	0.01774	0.01171	0.13039	0.01105	0.01202	0.00774	0.00513	0.00489	0.00156	0.00688	0.00399	0.00295	0.07942
9	0.01287	0.01364	0.02755	0.08306	0.08221	0.01329	0.57181	0.08009	0.01331	0.01803	0.01102	0.02755	0.00851	0.00491	0.00602	0.00175	0.00821	0.00603	0.00290	0.00723
10	0.01060	0.02735	0.78682	0.01507	0.02288	0.01228	0.01953	0.01674	0.01116	0.01674	0.00949	0.01116	0.00670	0.00502	0.00502	0.00167	0.00781	0.00391	0.00223	0.00781
11	0.01403	0.01347	0.08123	0.04273	0.60879	0.01228	0.01547	0.04892	0.01275	0.08327	0.01094	0.01335	0.00864	0.00497	0.00523	0.00159	0.00625	0.00470	0.00303	0.00836
12	0.03120	0.60447	0.04457	0.01020	0.01395	0.06436	0.00973	0.01565	0.01054	0.01286	0.00739	0.00911	0.00679	0.00536	0.00576	0.00136	0.13463	0.00318	0.00232	0.00659
13	0.00998	0.00940	0.01586	0.80150	0.03641	0.01175	0.01468	0.01351	0.01057	0.01351	0.00940	0.01409	0.00705	0.00529	0.00529	0.00176	0.00705	0.00470	0.00235	0.00587
14	0.00644	0.00460	0.00613	0.00736	0.00767	0.00429	0.00491	0.00736	0.01012	0.01350	0.02914	0.81076	0.03497	0.01656	0.00675	0.00215	0.00307	0.01503	0.00491	0.00429
15	0.01543	0.01111	0.01224	0.01052	0.01376	0.01229	0.00832	0.11072	0.53037	0.14834	0.05268	0.01948	0.01626	0.00713	0.00540	0.00174	0.00435	0.00588	0.00558	0.00840
16	0.01096	0.00940	0.01096	0.00783	0.01253	0.00705	0.00626	0.01331	0.01096	0.01723	0.00940	0.01096	0.00783	0.00392	0.00392	0.00078	0.00392	0.00313	0.00313	0.84653
17	0.00636	0.00536	0.00551	0.00547	0.00721	0.00451	0.00410	0.00780	0.01231	0.01489	0.11719	0.04988	0.71507	0.01316	0.00625	0.00177	0.00266	0.01102	0.00499	0.00451
18	0.00733	0.00534	0.00689	0.00663	0.00784	0.00490	0.00493	0.00963	0.01441	0.02018	0.67668	0.10152	0.09109	0.01142	0.00628	0.00171	0.00255	0.01009	0.00569	0.00490
19	0.01060	0.02735	0.78682	0.01507	0.02288	0.01228	0.01953	0.01674	0.01116	0.01674	0.00949	0.01116	0.00670	0.00502	0.00502	0.00167	0.00781	0.00391	0.00223	0.00781
20	0.03977	0.00945	0.01238	0.00954	0.01357	0.00853	0.00787	0.08813	0.01583	0.69048	0.03479	0.01778	0.01331	0.00658	0.00529	0.00163	0.00456	0.00530	0.00636	0.00885
21	0.00647	0.00463	0.00616	0.00734	0.00768	0.00432	0.00491	0.00745	0.01028	0.01374	0.05322	0.78598	0.03544	0.01638	0.00673	0.00213	0.00305	0.01485	0.00494	0.00432
22	0.04743	0.01327	0.01412	0.01101	0.01482	0.01460	0.00904	0.62679	0.02236	0.04729	0.01326	0.01356	0.00954	0.00628	0.00502	0.00154	0.00530	0.00473	0.11168	0.00836
23	0.01537	0.01396	0.01531	0.01398	0.07666	0.12238	0.07371	0.15014	0.36334	0.04630	0.02757	0.01709	0.01297	0.00654	0.00539	0.00168	0.00578	0.01930	0.00458	0.00796
24	0.03523	0.03683	0.01528	0.19565	0.02018	0.01401	0.01054	0.44279	0.01921	0.11027	0.01270	0.01363	0.00901	0.00603	0.00514	0.00161	0.00580	0.00471	0.03339	0.00799
25	0.00755	0.00566	0.00850	0.00850	0.00944	0.00661	0.00661	0.00944	0.00850	0.01227	0.01416	0.02077	0.01322	0.03965	0.79326	0.00850	0.01416	0.00566	0.00283	0.00472
26	0.00657	0.00468	0.00607	0.00713	0.00744	0.00439	0.00470	0.00740	0.00990	0.01316	0.02839	0.70572	0.05227	0.10444	0.00896	0.00247	0.00328	0.01412	0.00472	0.00418
27	0.78568	0.01013	0.00813	0.00715	0.01048	0.01153	0.00589	0.01635	0.00948	0.08428	0.00843	0.00934	0.00631	0.00504	0.00343	0.00164	0.00412	0.00306	0.00353	0.00599
28	0.01096	0.00940	0.01096	0.00783	0.01253	0.00705	0.00626	0.01331	0.01096	0.01723	0.00940	0.01096	0.00783	0.00392	0.00392	0.00078	0.00392	0.00313	0.00313	0.84653
29	0.01430	0.79334	0.02732	0.00918	0.01365	0.04436	0.00908	0.01599	0.01087	0.01245	0.00737	0.00851	0.00679	0.00455	0.00343	0.00114	0.00577	0.00284	0.00228	0.00676
30	0.00756	0.00565	0.00842	0.00842	0.00934	0.00657	0.00652	0.00939	0.00847	0.01222	0.01423	0.02114	0.01338	0.06039	0.77273	0.00841	0.01392	0.00572	0.00284	0.00468
31	0.01985	0.01496	0.01571	0.01215	0.01630	0.03626	0.00999	0.71921	0.05028	0.03241	0.01288	0.01285	0.00918	0.00635	0.00528	0.00159	0.00586	0.00477	0.00523	0.00890
32	0.01262	0.08306	0.06814	0.02080	0.08519	0.01388	0.54814	0.01754	0.06432	0.01692	0.01103	0.01389	0.00843	0.00470	0.00579	0.00171	0.00804	0.00569	0.00280	0.00732
33	0.01291	0.01074	0.01296	0.00943	0.01406	0.00927	0.04401	0.16724	0.01388	0.02051	0.01014	0.01148	0.00808	0.00444	0.00431	0.00100	0.00455	0.00362	0.00355	0.63383
34	0.01306	0.01367	0.08260	0.15975	0.29033	0.07173	0.02702	0.10594	0.05494	0.01867	0.07241	0.01686	0.01242	0.00605	0.00537	0.00165	0.00632	0.03047	0.00335	0.00737
35	0.03387	0.14267	0.45069	0.01539	0.10603	0.01399	0.01570	0.07672	0.06442	0.01802	0.01024	0.01162	0.00771	0.00516	0.00480	0.00158	0.00681	0.00402	0.00277	0.00780
36	0.07821	0.00850	0.01056	0.07756	0.06487	0.03269	0.00760	0.04021	0.02598	0.08386	0.01393	0.03748	0.01298	0.23000	0.12687	0.00363	0.08187	0.00577	0.05191	0.00550

[dist]
# distance from previous block
# <min> <max>
0	3

[block]
