[name]
unknown

[dist]
# distance from previous block
# <min> <max>
0	5

[block]
# block no. 0 follows, 45 sequences, length 14
# corresponding to MSA columns:
# 5-18
name=unknown_A
#
# <colnr> <probs for GDERKNQSTAVLIFYWHMCP>
#	G	D	E	R	K	N	Q	S	T	A	V	L	I	F	Y	W	H	M	C	P
0	0.00832	0.00587	0.00789	0.00887	0.00978	0.00584	0.00725	0.01016	0.01125	0.01471	0.02608	0.10841	0.02883	0.18247	0.01156	0.00303	0.00487	0.53567	0.00459	0.00455
1	0.01904	0.02305	0.01477	0.01333	0.01619	0.64295	0.01008	0.04896	0.13114	0.01531	0.01054	0.01138	0.00845	0.00583	0.00495	0.00146	0.00871	0.00391	0.00327	0.00668
2	0.01456	0.01198	0.01274	0.01103	0.01424	0.01365	0.00869	0.18147	0.57638	0.02480	0.05553	0.01947	0.01648	0.00728	0.00548	0.00177	0.00452	0.00598	0.00546	0.00847
3	0.02096	0.01004	0.01346	0.01068	0.01393	0.01029	0.00883	0.05851	0.03904	0.55931	0.01783	0.01670	0.01188	0.00723	0.00797	0.00181	0.17221	0.00525	0.00564	0.00843
4	0.01435	0.81458	0.02813	0.00918	0.01378	0.02124	0.00918	0.01607	0.01091	0.01263	0.00746	0.00861	0.00689	0.00459	0.00344	0.00115	0.00574	0.00287	0.00230	0.00689
5	0.00730	0.00545	0.00678	0.00650	0.00785	0.00493	0.00485	0.00952	0.01440	0.01977	0.59673	0.07008	0.20257	0.01173	0.00635	0.00173	0.00259	0.01025	0.00568	0.00493
6	0.02408	0.00914	0.01246	0.00955	0.01370	0.00789	0.00789	0.02616	0.01536	0.78158	0.02118	0.01827	0.01329	0.00664	0.00540	0.00166	0.00457	0.00540	0.00664	0.00914
7	0.02408	0.00914	0.01246	0.00955	0.01370	0.00789	0.00789	0.02616	0.01536	0.78158	0.02118	0.01827	0.01329	0.00664	0.00540	0.00166	0.00457	0.00540	0.00664	0.00914
8	0.01279	0.02509	0.62216	0.01468	0.02185	0.01335	0.01781	0.17324	0.01426	0.02054	0.01032	0.01166	0.00729	0.00538	0.00516	0.00168	0.00751	0.00415	0.00292	0.00818
9	0.00803	0.00536	0.00664	0.00637	0.00762	0.00501	0.00476	0.01048	0.01413	0.02076	0.57166	0.05930	0.06423	0.01024	0.00580	0.00161	0.00255	0.00893	0.18150	0.00501
10	0.01540	0.01183	0.01954	0.06684	0.57961	0.01169	0.01459	0.01837	0.01281	0.17801	0.01240	0.01439	0.00944	0.00520	0.00533	0.00162	0.00604	0.00491	0.00348	0.00851
11	0.01071	0.00638	0.00650	0.00625	0.00787	0.00676	0.00475	0.01588	0.17043	0.02053	0.01842	0.02002	0.01431	0.00647	0.00411	0.00137	0.00287	0.00523	0.66541	0.00574
12	0.00654	0.00467	0.00623	0.00747	0.00779	0.00436	0.00498	0.00747	0.01028	0.01370	0.02959	0.80785	0.03550	0.01682	0.00685	0.00218	0.00311	0.01526	0.00498	0.00436
13	0.01047	0.00988	0.01670	0.71729	0.11552	0.01201	0.01507	0.01401	0.01089	0.01412	0.00960	0.01420	0.00730	0.00530	0.00536	0.00177	0.00707	0.00477	0.00241	0.00623

[dist]
# distance from previous block
# <min> <max>
0	1

[block]
# block no. 1 follows, 45 sequences, length 16
# corresponding to MSA columns:
# 20-35
name=unknown_B
#
# <colnr> <probs for GDERKNQSTAVLIFYWHMCP>
#	G	D	E	R	K	N	Q	S	T	A	V	L	I	F	Y	W	H	M	C	P
0	0.01130	0.01085	0.01786	0.52771	0.22763	0.03176	0.04399	0.01473	0.01132	0.01500	0.00992	0.01409	0.00772	0.00521	0.00533	0.00171	0.00696	0.00481	0.02542	0.00665
1	0.00680	0.00486	0.00641	0.00727	0.00777	0.00453	0.00494	0.00804	0.01122	0.01522	0.18405	0.62239	0.03811	0.04228	0.00743	0.00218	0.00306	0.01386	0.00512	0.00447
2	0.00638	0.00528	0.00560	0.00586	0.00736	0.00450	0.00427	0.00766	0.01183	0.01434	0.04923	0.20878	0.62189	0.01426	0.00645	0.00189	0.00280	0.01215	0.00498	0.00450
3	0.84927	0.01038	0.00789	0.00706	0.01038	0.01204	0.00581	0.01578	0.00914	0.02408	0.00747	0.00872	0.00581	0.00498	0.00332	0.00166	0.00415	0.00291	0.00332	0.00581
4	0.01183	0.00676	0.00934	0.00967	0.01147	0.00650	0.00830	0.01413	0.01282	0.17492	0.02651	0.05086	0.02683	0.04144	0.00770	0.00240	0.00487	0.56266	0.00524	0.00575
5	0.00997	0.00853	0.01421	0.63400	0.03074	0.01042	0.01278	0.01232	0.00996	0.01280	0.00950	0.01473	0.00761	0.00813	0.00861	0.17674	0.00664	0.00475	0.00237	0.00521
6	0.00873	0.00488	0.00545	0.00591	0.00682	0.00477	0.00421	0.01066	0.01090	0.01769	0.02196	0.30999	0.02176	0.01014	0.00489	0.00159	0.00273	0.00878	0.53338	0.00477
7	0.02219	0.01217	0.01434	0.01099	0.01522	0.01240	0.00908	0.40413	0.02045	0.39643	0.01691	0.01550	0.01115	0.00654	0.00538	0.00164	0.00526	0.00511	0.00599	0.00913
8	0.02005	0.02558	0.01521	0.01383	0.01659	0.78980	0.01037	0.02143	0.01521	0.01314	0.00830	0.00968	0.00691	0.00553	0.00484	0.00138	0.00968	0.00346	0.00277	0.00622
9	0.00728	0.00547	0.00673	0.00642	0.00782	0.00493	0.00481	0.00951	0.01444	0.01973	0.59080	0.04305	0.23600	0.01164	0.00633	0.00172	0.00258	0.01012	0.00567	0.00493
10	0.00770	0.00564	0.00805	0.00805	0.00881	0.00640	0.00599	0.00922	0.00846	0.01203	0.01490	0.02401	0.01469	0.20047	0.63160	0.00792	0.01247	0.00618	0.00295	0.00447
11	0.05495	0.77547	0.02714	0.00908	0.01361	0.02079	0.00902	0.01606	0.01082	0.01319	0.00746	0.00862	0.00684	0.00461	0.00344	0.00117	0.00566	0.00287	0.00235	0.00684
12	0.00648	0.00490	0.00599	0.00686	0.00762	0.00441	0.00471	0.00754	0.01087	0.01394	0.03709	0.57894	0.25956	0.01584	0.00670	0.00207	0.00299	0.01407	0.00498	0.00441
13	0.01735	0.18057	0.01757	0.01137	0.01537	0.03869	0.00956	0.39910	0.21025	0.02596	0.01390	0.01372	0.01044	0.00625	0.00498	0.00156	0.00556	0.00470	0.00468	0.00842
14	0.01180	0.17681	0.01466	0.00821	0.01294	0.01008	0.00695	0.01405	0.01108	0.01648	0.00911	0.01061	0.00773	0.00410	0.00387	0.00087	0.00434	0.00312	0.00300	0.67020
15	0.01329	0.01275	0.02179	0.03295	0.77787	0.01275	0.01647	0.01647	0.01222	0.01754	0.01010	0.01329	0.00850	0.00478	0.00531	0.00159	0.00638	0.00478	0.00266	0.00850

[dist]
# distance from previous block
# <min> <max>
0	1

[block]
# block no. 2 follows, 45 sequences, length 39
# corresponding to MSA columns:
# 37-75
name=unknown_C
#
# <colnr> <probs for GDERKNQSTAVLIFYWHMCP>
#	G	D	E	R	K	N	Q	S	T	A	V	L	I	F	Y	W	H	M	C	P
0	0.01335	0.01153	0.01214	0.01092	0.01396	0.01335	0.00850	0.02852	0.76817	0.02245	0.02185	0.02003	0.01639	0.00728	0.00546	0.00182	0.00425	0.00607	0.00546	0.00850
1	0.00755	0.00563	0.00837	0.00850	0.00939	0.00645	0.00652	0.00936	0.00881	0.01260	0.01604	0.10686	0.01583	0.03770	0.70470	0.00792	0.01315	0.00679	0.00311	0.00475
2	0.00745	0.00540	0.00712	0.00753	0.00856	0.00507	0.00573	0.00946	0.01307	0.01783	0.37380	0.25990	0.08053	0.01355	0.00670	0.00199	0.00320	0.16287	0.00540	0.00481
3	0.00737	0.00516	0.00585	0.00604	0.00638	0.00496	0.00365	0.00774	0.00891	0.01158	0.02493	0.15787	0.14405	0.55912	0.02075	0.00419	0.00448	0.00953	0.00380	0.00363
4	0.01329	0.01275	0.02179	0.03295	0.77787	0.01275	0.01647	0.01647	0.01222	0.01754	0.01010	0.01329	0.00850	0.00478	0.00531	0.00159	0.00638	0.00478	0.00266	0.00850
5	0.00675	0.00476	0.00617	0.00721	0.00747	0.00450	0.00470	0.00753	0.00988	0.01317	0.02753	0.68231	0.03291	0.14590	0.01018	0.00267	0.00345	0.01405	0.00470	0.00418
6	0.01127	0.00735	0.00952	0.00975	0.01161	0.00742	0.00820	0.04595	0.09549	0.10863	0.02699	0.10682	0.04701	0.01280	0.00680	0.00223	0.00466	0.46633	0.00522	0.00595
7	0.01763	0.02115	0.01627	0.13498	0.12450	0.54769	0.01189	0.03638	0.01435	0.01430	0.00884	0.01095	0.00722	0.00542	0.00500	0.00148	0.00876	0.00387	0.00275	0.00656
8	0.02041	0.01504	0.01611	0.01235	0.01665	0.01665	0.01020	0.75997	0.02524	0.03383	0.01289	0.01289	0.00913	0.00644	0.00537	0.00161	0.00591	0.00483	0.00537	0.00913
9	0.11076	0.01453	0.01521	0.01177	0.01596	0.01614	0.00972	0.67884	0.02348	0.03277	0.01230	0.01243	0.00877	0.00628	0.00515	0.00162	0.00572	0.00462	0.00515	0.00877
10	0.84927	0.01038	0.00789	0.00706	0.01038	0.01204	0.00581	0.01578	0.00914	0.02408	0.00747	0.00872	0.00581	0.00498	0.00332	0.00166	0.00415	0.00291	0.00332	0.00581
11	0.00904	0.00607	0.00778	0.00714	0.00896	0.00539	0.02568	0.01106	0.01372	0.10116	0.35315	0.09209	0.29993	0.01171	0.00629	0.00178	0.00309	0.02513	0.00549	0.00533
12	0.01450	0.01169	0.01248	0.01097	0.01417	0.01333	0.00860	0.08839	0.66699	0.06397	0.02108	0.01935	0.01563	0.00718	0.00545	0.00179	0.00440	0.00593	0.00552	0.00858
13	0.01145	0.02657	0.71279	0.01530	0.02293	0.01277	0.03904	0.06595	0.01228	0.01811	0.00988	0.01152	0.00699	0.00517	0.00515	0.00170	0.00783	0.00409	0.00248	0.00799
14	0.02041	0.01504	0.01611	0.01235	0.01665	0.01665	0.01020	0.75997	0.02524	0.03383	0.01289	0.01289	0.00913	0.00644	0.00537	0.00161	0.00591	0.00483	0.00537	0.00913
15	0.84927	0.01038	0.00789	0.00706	0.01038	0.01204	0.00581	0.01578	0.00914	0.02408	0.00747	0.00872	0.00581	0.00498	0.00332	0.00166	0.00415	0.00291	0.00332	0.00581
16	0.01077	0.02777	0.78354	0.01530	0.02323	0.01247	0.01983	0.01700	0.01133	0.01700	0.00963	0.01133	0.00680	0.00510	0.00510	0.00170	0.00793	0.00397	0.00227	0.00793
17	0.16536	0.01422	0.01467	0.01143	0.01555	0.01584	0.00944	0.62982	0.02242	0.03213	0.01194	0.01216	0.00855	0.00619	0.00501	0.00162	0.00560	0.00450	0.00501	0.00855
18	0.01077	0.02777	0.78354	0.01530	0.02323	0.01247	0.01983	0.01700	0.01133	0.01700	0.00963	0.01133	0.00680	0.00510	0.00510	0.00170	0.00793	0.00397	0.00227	0.00793
19	0.01266	0.01211	0.02066	0.18522	0.63049	0.01259	0.01616	0.01593	0.01193	0.01678	0.00999	0.01349	0.00823	0.00490	0.00532	0.00163	0.00653	0.00478	0.00260	0.00800
20	0.01073	0.00698	0.00872	0.00778	0.00971	0.00679	0.00599	0.04561	0.09772	0.11284	0.57090	0.03416	0.04071	0.00986	0.00608	0.00170	0.00310	0.00859	0.00593	0.00610
21	0.00738	0.00546	0.00685	0.00773	0.00832	0.00540	0.00524	0.00979	0.09272	0.01442	0.02781	0.66537	0.03225	0.07397	0.00820	0.00236	0.00339	0.01371	0.00491	0.00473
22	0.00678	0.00486	0.00644	0.00731	0.00784	0.00452	0.00500	0.00808	0.01140	0.01549	0.19980	0.63254	0.03896	0.01548	0.00673	0.00207	0.00298	0.01399	0.00519	0.00452
23	0.00654	0.00467	0.00623	0.00747	0.00779	0.00436	0.00498	0.00747	0.01028	0.01370	0.02959	0.80785	0.03550	0.01682	0.00685	0.00218	0.00311	0.01526	0.00498	0.00436
24	0.00799	0.00573	0.00787	0.00904	0.01004	0.00562	0.00745	0.01002	0.01186	0.01552	0.04794	0.26190	0.05223	0.01524	0.00721	0.00236	0.00433	0.50790	0.00498	0.00478
25	0.01077	0.02777	0.78354	0.01530	0.02323	0.01247	0.01983	0.01700	0.01133	0.01700	0.00963	0.01133	0.00680	0.00510	0.00510	0.00170	0.00793	0.00397	0.00227	0.00793
26	0.02041	0.01504	0.01611	0.01235	0.01665	0.01665	0.01020	0.75997	0.02524	0.03383	0.01289	0.01289	0.00913	0.00644	0.00537	0.00161	0.00591	0.00483	0.00537	0.00913
27	0.84927	0.01038	0.00789	0.00706	0.01038	0.01204	0.00581	0.01578	0.00914	0.02408	0.00747	0.00872	0.00581	0.00498	0.00332	0.00166	0.00415	0.00291	0.00332	0.00581
28	0.01025	0.00607	0.00803	0.00720	0.00894	0.00552	0.00552	0.01271	0.01522	0.14401	0.65355	0.03658	0.04463	0.01028	0.00618	0.00168	0.00286	0.00901	0.00603	0.00572
29	0.01014	0.00954	0.01610	0.79845	0.03697	0.01193	0.01491	0.01371	0.01073	0.01371	0.00954	0.01431	0.00716	0.00537	0.00537	0.00179	0.00716	0.00477	0.00239	0.00596
30	0.00685	0.00482	0.00621	0.00720	0.00747	0.00458	0.00471	0.00763	0.00982	0.01308	0.02696	0.63208	0.03212	0.17974	0.01106	0.00281	0.00359	0.03052	0.00463	0.00415
31	0.01174	0.01174	0.01644	0.01409	0.01409	0.01644	0.01174	0.01292	0.00822	0.01292	0.00705	0.01174	0.00705	0.00940	0.01762	0.00235	0.80153	0.00470	0.00235	0.00587
32	0.01337	0.01134	0.01209	0.01092	0.01390	0.01303	0.00859	0.06116	0.68407	0.02256	0.02187	0.02237	0.01701	0.00774	0.00559	0.00185	0.00437	0.05447	0.00542	0.00829
33	0.01335	0.01153	0.01214	0.01092	0.01396	0.01335	0.00850	0.02852	0.76817	0.02245	0.02185	0.02003	0.01639	0.00728	0.00546	0.00182	0.00425	0.00607	0.00546	0.00850
34	0.01667	0.08956	0.15342	0.01272	0.01754	0.01156	0.13834	0.10025	0.01469	0.28136	0.06113	0.01773	0.04762	0.00637	0.00542	0.00165	0.00598	0.00553	0.00453	0.00793
35	0.00769	0.00566	0.00818	0.00818	0.00898	0.00647	0.00615	0.00930	0.00849	0.01213	0.01479	0.02335	0.01440	0.16472	0.66696	0.00807	0.01290	0.00608	0.00294	0.00454
36	0.01195	0.00726	0.00923	0.00832	0.01035	0.00700	0.00657	0.10221	0.01568	0.15019	0.40814	0.09905	0.03583	0.01063	0.00623	0.00181	0.00361	0.09402	0.00578	0.00617
37	0.01014	0.00954	0.01610	0.79845	0.03697	0.01193	0.01491	0.01371	0.01073	0.01371	0.00954	0.01431	0.00716	0.00537	0.00537	0.00179	0.00716	0.00477	0.00239	0.00596
38	0.01396	0.72881	0.11048	0.00985	0.01481	0.02028	0.01035	0.01617	0.01095	0.01311	0.00770	0.00891	0.00688	0.00465	0.00362	0.00121	0.00598	0.00299	0.00229	0.00700

[dist]
# distance from previous block
# <min> <max>
0	1

[block]
# block no. 3 follows, 45 sequences, length 71
# corresponding to MSA columns:
# 77-109,113-132,152-169
name=unknown_D
#
# <colnr> <probs for GDERKNQSTAVLIFYWHMCP>
#	G	D	E	R	K	N	Q	S	T	A	V	L	I	F	Y	W	H	M	C	P
0	0.01329	0.01275	0.02179	0.03295	0.77787	0.01275	0.01647	0.01647	0.01222	0.01754	0.01010	0.01329	0.00850	0.00478	0.00531	0.00159	0.00638	0.00478	0.00266	0.00850
1	0.02075	0.01478	0.01567	0.01245	0.03108	0.05833	0.01002	0.60484	0.02309	0.13386	0.01370	0.01345	0.00956	0.00639	0.00534	0.00160	0.00594	0.00483	0.00535	0.00896
2	0.01671	0.12704	0.01570	0.01194	0.01502	0.38270	0.00942	0.06133	0.22249	0.01715	0.04579	0.01476	0.01195	0.00633	0.00496	0.00152	0.00706	0.01733	0.00376	0.00702
3	0.01326	0.01193	0.01479	0.01251	0.01587	0.01338	0.11029	0.02699	0.66562	0.02174	0.02036	0.01927	0.01527	0.00691	0.00558	0.00182	0.00490	0.00610	0.00509	0.00833
4	0.01113	0.00954	0.01113	0.00795	0.01272	0.00716	0.00636	0.01352	0.01113	0.01749	0.00954	0.01113	0.00795	0.00398	0.00398	0.00080	0.00398	0.00318	0.00318	0.84417
5	0.02041	0.01504	0.01611	0.01235	0.01665	0.01665	0.01020	0.75997	0.02524	0.03383	0.01289	0.01289	0.00913	0.00644	0.00537	0.00161	0.00591	0.00483	0.00537	0.00913
6	0.73579	0.01070	0.00978	0.01057	0.11456	0.01214	0.00726	0.01587	0.00955	0.02320	0.00783	0.00934	0.00618	0.00496	0.00359	0.00165	0.00445	0.00316	0.00323	0.00618
7	0.00781	0.00520	0.00585	0.00585	0.00585	0.00520	0.00325	0.00781	0.00781	0.01041	0.01691	0.03513	0.01952	0.81135	0.02732	0.00520	0.00520	0.00781	0.00325	0.00325
8	0.01426	0.01344	0.01256	0.01132	0.01432	0.11875	0.00875	0.02756	0.66596	0.02119	0.02001	0.01862	0.01510	0.00704	0.00538	0.00176	0.00499	0.00571	0.00510	0.00819
9	0.00892	0.00528	0.00707	0.00776	0.00859	0.00484	0.00538	0.01001	0.01097	0.11794	0.02844	0.70067	0.03249	0.01544	0.00665	0.00211	0.00331	0.01392	0.00521	0.00501
10	0.01329	0.01275	0.02179	0.03295	0.77787	0.01275	0.01647	0.01647	0.01222	0.01754	0.01010	0.01329	0.00850	0.00478	0.00531	0.00159	0.00638	0.00478	0.00266	0.00850
11	0.00653	0.00471	0.00619	0.00738	0.00776	0.00437	0.00494	0.00748	0.01037	0.01374	0.03074	0.77260	0.07001	0.01667	0.00683	0.00216	0.00310	0.01508	0.00498	0.00437
12	0.01014	0.00954	0.01610	0.79845	0.03697	0.01193	0.01491	0.01371	0.01073	0.01371	0.00954	0.01431	0.00716	0.00537	0.00537	0.00179	0.00716	0.00477	0.00239	0.00596
13	0.01259	0.01180	0.01989	0.04521	0.65889	0.01184	0.01538	0.01569	0.01221	0.01726	0.01257	0.01972	0.01151	0.00616	0.00560	0.00172	0.00620	0.10482	0.00296	0.00797
14	0.01174	0.01174	0.01644	0.01409	0.01409	0.01644	0.01174	0.01292	0.00822	0.01292	0.00705	0.01174	0.00705	0.00940	0.01762	0.00235	0.80153	0.00470	0.00235	0.00587
15	0.00644	0.00530	0.00566	0.00588	0.00739	0.00452	0.00429	0.00777	0.01199	0.01466	0.08112	0.19409	0.60416	0.01409	0.00644	0.00188	0.00279	0.01200	0.00502	0.00452
16	0.01014	0.00954	0.01610	0.79845	0.03697	0.01193	0.01491	0.01371	0.01073	0.01371	0.00954	0.01431	0.00716	0.00537	0.00537	0.00179	0.00716	0.00477	0.00239	0.00596
17	0.14631	0.01236	0.01193	0.01058	0.01374	0.05448	0.00830	0.08148	0.55219	0.02308	0.01818	0.01715	0.01367	0.00676	0.00508	0.00176	0.00465	0.00534	0.00497	0.00800
18	0.01111	0.01053	0.01786	0.56201	0.26581	0.01218	0.01539	0.01457	0.01119	0.01490	0.00971	0.01399	0.00757	0.00519	0.00535	0.00173	0.00692	0.00477	0.00247	0.00675
19	0.01014	0.00954	0.01610	0.79845	0.03697	0.01193	0.01491	0.01371	0.01073	0.01371	0.00954	0.01431	0.00716	0.00537	0.00537	0.00179	0.00716	0.00477	0.00239	0.00596
20	0.00654	0.00467	0.00623	0.00747	0.00779	0.00436	0.00498	0.00747	0.01028	0.01370	0.02959	0.80785	0.03550	0.01682	0.00685	0.00218	0.00311	0.01526	0.00498	0.00436
21	0.01203	0.02747	0.67925	0.01510	0.02233	0.11798	0.01855	0.01760	0.01186	0.01648	0.00945	0.01111	0.00682	0.00516	0.00506	0.00166	0.00817	0.00390	0.00233	0.00770
22	0.12793	0.67117	0.02482	0.00910	0.01344	0.05335	0.00878	0.01627	0.01085	0.01421	0.00750	0.00867	0.00674	0.00469	0.00349	0.00123	0.00570	0.00290	0.00246	0.00671
23	0.00757	0.00549	0.00713	0.00672	0.00800	0.00505	0.00504	0.01007	0.01513	0.02136	0.75832	0.04037	0.06746	0.01103	0.00633	0.00169	0.00254	0.00975	0.00589	0.00505
24	0.01159	0.01193	0.01666	0.65827	0.03382	0.11759	0.04656	0.01491	0.01143	0.01379	0.00943	0.01369	0.00717	0.00535	0.00534	0.00173	0.00758	0.00466	0.00245	0.00605
25	0.01214	0.01339	0.02866	0.02096	0.02584	0.01261	0.66036	0.01640	0.01263	0.01705	0.01316	0.02050	0.01112	0.00587	0.00648	0.00190	0.00851	0.10247	0.00301	0.00694
26	0.00682	0.00490	0.00653	0.00774	0.00822	0.00461	0.00545	0.00798	0.01062	0.01405	0.03019	0.68309	0.05770	0.01645	0.00691	0.00221	0.00335	0.11375	0.00498	0.00444
27	0.84927	0.01038	0.00789	0.00706	0.01038	0.01204	0.00581	0.01578	0.00914	0.02408	0.00747	0.00872	0.00581	0.00498	0.00332	0.00166	0.00415	0.00291	0.00332	0.00581
28	0.00977	0.00617	0.00879	0.00838	0.00986	0.00660	0.00656	0.01169	0.01016	0.11744	0.05197	0.02432	0.08460	0.03199	0.57801	0.00676	0.01147	0.00638	0.00371	0.00537
29	0.01435	0.81458	0.02813	0.00918	0.01378	0.02124	0.00918	0.01607	0.01091	0.01263	0.00746	0.00861	0.00689	0.00459	0.00344	0.00115	0.00574	0.00287	0.00230	0.00689
30	0.01014	0.00954	0.01610	0.79845	0.03697	0.01193	0.01491	0.01371	0.01073	0.01371	0.00954	0.01431	0.00716	0.00537	0.00537	0.00179	0.00716	0.00477	0.00239	0.00596
31	0.00906	0.00598	0.00682	0.00641	0.00842	0.00515	0.00496	0.01077	0.01316	0.11988	0.17035	0.04556	0.51736	0.01226	0.00626	0.00180	0.00304	0.04211	0.00536	0.00526
32	0.00691	0.00546	0.00623	0.00603	0.00760	0.00477	0.00453	0.00880	0.01358	0.01769	0.38139	0.04641	0.44669	0.01241	0.00634	0.00176	0.00263	0.01059	0.00540	0.00477
33	0.01015	0.11449	0.01019	0.00795	0.00950	0.00724	0.00604	0.01157	0.01169	0.11879	0.11529	0.48361	0.03036	0.01304	0.00615	0.00192	0.00364	0.02798	0.00496	0.00545
34	0.00776	0.00518	0.00587	0.00592	0.00593	0.00517	0.00332	0.00779	0.00790	0.01053	0.01739	0.06449	0.02012	0.78116	0.02654	0.00509	0.00512	0.00809	0.00332	0.00329
35	0.01276	0.01408	0.02902	0.02104	0.02614	0.01354	0.65658	0.01873	0.11522	0.01791	0.01235	0.01523	0.00926	0.00490	0.00622	0.00181	0.00840	0.00630	0.00309	0.00741
36	0.00781	0.00520	0.00585	0.00585	0.00585	0.00520	0.00325	0.00781	0.00781	0.01041	0.01691	0.03513	0.01952	0.81135	0.02732	0.00520	0.00520	0.00781	0.00325	0.00325
37	0.84927	0.01038	0.00789	0.00706	0.01038	0.01204	0.00581	0.01578	0.00914	0.02408	0.00747	0.00872	0.00581	0.00498	0.00332	0.00166	0.00415	0.00291	0.00332	0.00581
38	0.00934	0.00566	0.00746	0.00797	0.00899	0.00532	0.00567	0.01116	0.04412	0.11869	0.05494	0.61039	0.03203	0.01474	0.00660	0.00209	0.00341	0.04093	0.00526	0.00524
39	0.84927	0.01038	0.00789	0.00706	0.01038	0.01204	0.00581	0.01578	0.00914	0.02408	0.00747	0.00872	0.00581	0.00498	0.00332	0.00166	0.00415	0.00291	0.00332	0.00581
40	0.01805	0.13659	0.14666	0.01100	0.01571	0.01266	0.01053	0.19204	0.02832	0.28602	0.04743	0.01602	0.01213	0.00633	0.00510	0.00158	0.00553	0.01914	0.00479	0.02436
41	0.09410	0.02059	0.01380	0.01247	0.01524	0.52572	0.00949	0.05812	0.11702	0.01646	0.01119	0.04584	0.00945	0.00633	0.00515	0.00153	0.02317	0.00437	0.00340	0.00655
42	0.02154	0.01183	0.11710	0.01043	0.01501	0.00889	0.00955	0.02508	0.06664	0.62554	0.01966	0.01745	0.01262	0.00648	0.00536	0.00168	0.00500	0.00525	0.00597	0.00893
43	0.01175	0.01184	0.01506	0.01312	0.01341	0.07090	0.01072	0.01295	0.00874	0.01276	0.00835	0.01371	0.00830	0.05472	0.08943	0.00302	0.62820	0.00487	0.00248	0.00566
44	0.00879	0.00729	0.01033	0.00970	0.01026	0.00912	0.00756	0.01022	0.00840	0.01228	0.01277	0.02063	0.01259	0.14542	0.46890	0.00643	0.22589	0.00577	0.00279	0.00486
45	0.00709	0.00536	0.00655	0.00647	0.00777	0.00482	0.00477	0.00907	0.01368	0.01844	0.46663	0.14764	0.25707	0.01252	0.00641	0.00179	0.00267	0.01093	0.00552	0.00482
46	0.00652	0.00541	0.00571	0.00571	0.00738	0.00460	0.00426	0.00802	0.01254	0.01542	0.15102	0.08621	0.64191	0.01339	0.00637	0.00181	0.00271	0.01130	0.00511	0.00460
47	0.00654	0.00467	0.00623	0.00747	0.00779	0.00436	0.00498	0.00747	0.01028	0.01370	0.02959	0.80785	0.03550	0.01682	0.00685	0.00218	0.00311	0.01526	0.00498	0.00436
48	0.01077	0.02777	0.78354	0.01530	0.02323	0.01247	0.01983	0.01700	0.01133	0.01700	0.00963	0.01133	0.00680	0.00510	0.00510	0.00170	0.00793	0.00397	0.00227	0.00793
49	0.00654	0.00467	0.00623	0.00747	0.00779	0.00436	0.00498	0.00747	0.01028	0.01370	0.02959	0.80785	0.03550	0.01682	0.00685	0.00218	0.00311	0.01526	0.00498	0.00436
50	0.00767	0.00575	0.00863	0.00863	0.00959	0.00671	0.00671	0.00959	0.00863	0.01246	0.01438	0.02109	0.01342	0.04026	0.79008	0.00863	0.01438	0.00575	0.00288	0.00479
51	0.02389	0.00945	0.01265	0.00970	0.01386	0.00836	0.00801	0.06525	0.01589	0.74175	0.02074	0.01798	0.01307	0.00663	0.00540	0.00166	0.00464	0.00537	0.00658	0.00913
52	0.01264	0.01440	0.03120	0.02236	0.02762	0.01366	0.73534	0.01706	0.01253	0.01706	0.01074	0.01440	0.00811	0.00468	0.00668	0.00183	0.03349	0.00628	0.00270	0.00720
53	0.84927	0.01038	0.00789	0.00706	0.01038	0.01204	0.00581	0.01578	0.00914	0.02408	0.00747	0.00872	0.00581	0.00498	0.00332	0.00166	0.00415	0.00291	0.00332	0.00581
54	0.02005	0.02558	0.01521	0.01383	0.01659	0.78980	0.01037	0.02143	0.01521	0.01314	0.00830	0.00968	0.00691	0.00553	0.00484	0.00138	0.00968	0.00346	0.00277	0.00622
55	0.00643	0.00540	0.00559	0.00563	0.00733	0.00456	0.00419	0.00784	0.01232	0.01490	0.09803	0.09122	0.69101	0.01360	0.00637	0.00182	0.00273	0.01144	0.00504	0.00456
56	0.00662	0.00502	0.00612	0.00675	0.00765	0.00451	0.00472	0.00790	0.01154	0.01501	0.13836	0.47219	0.26410	0.01504	0.00663	0.00200	0.00291	0.01330	0.00511	0.00451
57	0.00654	0.00467	0.00623	0.00747	0.00779	0.00436	0.00498	0.00747	0.01028	0.01370	0.02959	0.80785	0.03550	0.01682	0.00685	0.00218	0.00311	0.01526	0.00498	0.00436
58	0.01314	0.01033	0.01102	0.00996	0.01273	0.01169	0.00777	0.02556	0.60507	0.05354	0.03553	0.02113	0.01683	0.00733	0.00528	0.00175	0.00401	0.02046	0.11895	0.00791
59	0.01435	0.81458	0.02813	0.00918	0.01378	0.02124	0.00918	0.01607	0.01091	0.01263	0.00746	0.00861	0.00689	0.00459	0.00344	0.00115	0.00574	0.00287	0.00230	0.00689
60	0.05037	0.01363	0.01546	0.11864	0.01887	0.01521	0.01049	0.58049	0.02183	0.06267	0.01262	0.01335	0.00902	0.00706	0.02416	0.00181	0.00616	0.00480	0.00488	0.00847
61	0.01245	0.24209	0.48333	0.01339	0.01970	0.03037	0.01583	0.05264	0.01180	0.01632	0.00903	0.01065	0.00695	0.00526	0.00532	0.00157	0.04955	0.00374	0.00244	0.00756
62	0.00817	0.00567	0.00756	0.00743	0.00777	0.00626	0.00512	0.00860	0.00801	0.01112	0.01446	0.02634	0.01530	0.38709	0.29691	0.12010	0.05081	0.00648	0.00295	0.00381
63	0.01214	0.01130	0.01178	0.11764	0.01627	0.11523	0.00943	0.01956	0.30884	0.01802	0.04831	0.03058	0.03738	0.00917	0.00596	0.00193	0.00547	0.20980	0.00454	0.00664
64	0.00733	0.00548	0.00680	0.00647	0.00785	0.00495	0.00485	0.00961	0.01456	0.02001	0.61964	0.04259	0.20699	0.01154	0.00633	0.00172	0.00257	0.01006	0.00571	0.00495
65	0.00750	0.00541	0.00730	0.00848	0.00930	0.00521	0.00663	0.00917	0.01134	0.01484	0.03037	0.42248	0.07281	0.01573	0.00708	0.00230	0.00394	0.35052	0.00496	0.00464
66	0.01335	0.01153	0.01214	0.01092	0.01396	0.01335	0.00850	0.02852	0.76817	0.02245	0.02185	0.02003	0.01639	0.00728	0.00546	0.00182	0.00425	0.00607	0.00546	0.00850
67	0.00654	0.00467	0.00623	0.00747	0.00779	0.00436	0.00498	0.00747	0.01028	0.01370	0.02959	0.80785	0.03550	0.01682	0.00685	0.00218	0.00311	0.01526	0.00498	0.00436
68	0.00654	0.00467	0.00623	0.00747	0.00779	0.00436	0.00498	0.00747	0.01028	0.01370	0.02959	0.80785	0.03550	0.01682	0.00685	0.00218	0.00311	0.01526	0.00498	0.00436
69	0.01014	0.00954	0.01610	0.79845	0.03697	0.01193	0.01491	0.01371	0.01073	0.01371	0.00954	0.01431	0.00716	0.00537	0.00537	0.00179	0.00716	0.00477	0.00239	0.00596
70	0.01850	0.01397	0.01507	0.01162	0.01587	0.01506	0.00953	0.59188	0.09114	0.03057	0.01325	0.01330	0.00963	0.00619	0.00519	0.00152	0.00549	0.00472	0.00508	0.12242

[dist]
# distance from previous block
# <min> <max>
0	7

[block]
# block no. 4 follows, 45 sequences, length 34
# corresponding to MSA columns:
# 177-210
name=unknown_E
#
# <colnr> <probs for GDERKNQSTAVLIFYWHMCP>
#	G	D	E	R	K	N	Q	S	T	A	V	L	I	F	Y	W	H	M	C	P
0	0.00694	0.00495	0.00628	0.00696	0.00743	0.00468	0.00463	0.00792	0.01043	0.01398	0.11668	0.49323	0.07856	0.17881	0.03037	0.00288	0.00373	0.01260	0.00469	0.00424
1	0.01916	0.00811	0.01091	0.00885	0.01210	0.00717	0.00711	0.02154	0.03195	0.55147	0.17895	0.07895	0.02272	0.00828	0.00570	0.00171	0.00403	0.00701	0.00635	0.00793
2	0.00681	0.00549	0.00615	0.00654	0.00806	0.00483	0.00507	0.00833	0.01202	0.01471	0.04641	0.14440	0.54353	0.01422	0.00661	0.00198	0.00319	0.15209	0.00498	0.00459
3	0.00840	0.00600	0.00836	0.00960	0.01072	0.00596	0.00821	0.01068	0.01211	0.01578	0.02856	0.15051	0.03145	0.01507	0.00735	0.00244	0.00472	0.65428	0.00495	0.00487
4	0.12098	0.01320	0.01433	0.01111	0.01525	0.01419	0.00917	0.51123	0.02116	0.19483	0.01403	0.01355	0.00963	0.00631	0.00513	0.00163	0.00541	0.00472	0.00540	0.00873
5	0.01163	0.01182	0.01636	0.60224	0.07745	0.10594	0.01423	0.01475	0.01118	0.01382	0.00925	0.01351	0.00720	0.00564	0.00617	0.00177	0.06384	0.00461	0.00244	0.00614
6	0.01174	0.01174	0.01644	0.01409	0.01409	0.01644	0.01174	0.01292	0.00822	0.01292	0.00705	0.01174	0.00705	0.00940	0.01762	0.00235	0.80153	0.00470	0.00235	0.00587
7	0.01076	0.01137	0.06357	0.51754	0.06915	0.01171	0.09134	0.01437	0.01103	0.01490	0.00965	0.01365	0.00740	0.00517	0.00558	0.00167	0.02668	0.00469	0.00252	0.10724
8	0.00767	0.00575	0.00863	0.00863	0.00959	0.00671	0.00671	0.00959	0.00863	0.01246	0.01438	0.02109	0.01342	0.04026	0.79008	0.00863	0.01438	0.00575	0.00288	0.00479
9	0.01113	0.00954	0.01113	0.00795	0.01272	0.00716	0.00636	0.01352	0.01113	0.01749	0.00954	0.01113	0.00795	0.00398	0.00398	0.00080	0.00398	0.00318	0.00318	0.84417
10	0.00825	0.00666	0.00839	0.10232	0.01206	0.00674	0.00647	0.01205	0.10436	0.01847	0.36417	0.07653	0.22056	0.01086	0.00616	0.00178	0.00341	0.02022	0.00514	0.00542
11	0.01217	0.06722	0.64460	0.01480	0.02188	0.11488	0.01805	0.01753	0.01182	0.01627	0.00935	0.01098	0.00682	0.00513	0.00498	0.00163	0.00805	0.00384	0.00233	0.00766
12	0.01398	0.00982	0.01162	0.10428	0.01512	0.05642	0.03244	0.11896	0.05039	0.17942	0.04245	0.06622	0.21513	0.03392	0.02381	0.00199	0.00514	0.00743	0.00481	0.00666
13	0.01024	0.00551	0.00564	0.00546	0.00671	0.00559	0.00400	0.04805	0.01152	0.01952	0.01722	0.02149	0.01423	0.10318	0.00667	0.00174	0.00299	0.00533	0.69991	0.00499
14	0.01014	0.00954	0.01610	0.79845	0.03697	0.01193	0.01491	0.01371	0.01073	0.01371	0.00954	0.01431	0.00716	0.00537	0.00537	0.00179	0.00716	0.00477	0.00239	0.00596
15	0.00958	0.00726	0.00877	0.00816	0.00976	0.00746	0.00617	0.10171	0.09095	0.02102	0.40864	0.19062	0.06292	0.01129	0.00656	0.00182	0.02630	0.00980	0.00548	0.00576
16	0.00828	0.00599	0.00713	0.00685	0.00685	0.00656	0.00427	0.00842	0.00786	0.01071	0.01573	0.03231	0.01801	0.71481	0.02615	0.00486	0.10107	0.00743	0.00314	0.00357
17	0.01120	0.02246	0.51994	0.01588	0.08207	0.05826	0.06187	0.01626	0.01227	0.01746	0.11805	0.01566	0.01324	0.00590	0.00535	0.00168	0.00722	0.00496	0.00287	0.00743
18	0.01025	0.00965	0.01630	0.77199	0.06258	0.01195	0.01496	0.01381	0.01078	0.01385	0.00956	0.01428	0.00720	0.00535	0.00536	0.00178	0.00713	0.00477	0.00239	0.00605
19	0.01243	0.01043	0.01118	0.01007	0.01273	0.01182	0.00775	0.04689	0.59733	0.02184	0.11246	0.02364	0.03249	0.05616	0.00689	0.00200	0.00413	0.00666	0.00537	0.00772
20	0.01459	0.26721	0.01832	0.01212	0.06846	0.03771	0.00947	0.08370	0.38091	0.03070	0.01532	0.01502	0.01190	0.00612	0.00479	0.00156	0.00517	0.00478	0.00419	0.00798
21	0.03353	0.00805	0.01031	0.01066	0.08993	0.00783	0.00724	0.04803	0.07323	0.18165	0.07425	0.09795	0.12488	0.12421	0.02264	0.00239	0.00453	0.05243	0.00486	0.02140
22	0.01608	0.04096	0.17561	0.01271	0.02768	0.01198	0.07005	0.12400	0.17395	0.21254	0.01686	0.04620	0.01265	0.00677	0.00546	0.00173	0.00576	0.02609	0.00469	0.00822
23	0.01542	0.06089	0.02039	0.02702	0.58506	0.01234	0.01439	0.01830	0.01274	0.16349	0.01206	0.01396	0.00932	0.00513	0.00522	0.00158	0.00599	0.00478	0.00340	0.00853
24	0.00670	0.00485	0.00635	0.00743	0.00794	0.00451	0.00512	0.00783	0.01078	0.01428	0.06893	0.67429	0.08859	0.01618	0.00682	0.00215	0.00316	0.05462	0.00503	0.00444
25	0.01193	0.01266	0.06716	0.01964	0.18529	0.01151	0.29595	0.06774	0.01342	0.01849	0.10621	0.03495	0.06129	0.00695	0.00649	0.01347	0.02567	0.03065	0.00349	0.00704
26	0.02872	0.08657	0.19508	0.05909	0.01729	0.02851	0.01129	0.04229	0.08948	0.33533	0.04195	0.01599	0.01206	0.00618	0.00515	0.00164	0.00566	0.00492	0.00465	0.00814
27	0.01991	0.00940	0.01194	0.00969	0.01323	0.00895	0.00784	0.08679	0.11798	0.50539	0.05938	0.07614	0.01719	0.00783	0.00560	0.00173	0.00444	0.02198	0.00618	0.00841
28	0.00677	0.00484	0.00637	0.00750	0.00790	0.00455	0.00513	0.00778	0.01034	0.01371	0.02948	0.68127	0.05660	0.06495	0.00813	0.00238	0.00337	0.06973	0.00487	0.00434
29	0.01368	0.01343	0.10689	0.07456	0.10495	0.04295	0.03579	0.07393	0.26068	0.08139	0.03674	0.02123	0.03546	0.00720	0.00559	0.00178	0.00565	0.06600	0.00436	0.00771
30	0.11587	0.06040	0.06778	0.01046	0.02723	0.01198	0.00895	0.26595	0.01593	0.08812	0.01420	0.05030	0.01202	0.03688	0.01654	0.00182	0.00531	0.06191	0.03162	0.09672
31	0.01455	0.06117	0.02986	0.10790	0.05701	0.02522	0.10799	0.27288	0.01593	0.03228	0.01234	0.01695	0.01037	0.11419	0.00825	0.00206	0.00627	0.02175	0.00378	0.07923
32	0.01404	0.06331	0.07675	0.04351	0.18655	0.09541	0.01170	0.09758	0.06713	0.05817	0.04769	0.02956	0.04997	0.00790	0.03053	0.00191	0.10210	0.00533	0.00358	0.00728
33	0.01376	0.11270	0.19490	0.07054	0.10876	0.07464	0.03998	0.06803	0.07822	0.06859	0.02463	0.05702	0.01085	0.00610	0.00510	0.00159	0.00638	0.00504	0.00341	0.04977

[dist]
# distance from previous block
# <min> <max>
24	66

[block]
# block no. 5 follows, 45 sequences, length 36
# corresponding to MSA columns:
# 281-316
name=unknown_F
#
# <colnr> <probs for GDERKNQSTAVLIFYWHMCP>
#	G	D	E	R	K	N	Q	S	T	A	V	L	I	F	Y	W	H	M	C	P
0	0.19351	0.00931	0.01056	0.04935	0.01300	0.00943	0.00715	0.08754	0.04993	0.20814	0.02547	0.05896	0.01262	0.06745	0.04034	0.00214	0.00495	0.00529	0.02741	0.11746
1	0.01335	0.01153	0.01214	0.01092	0.01396	0.01335	0.00850	0.02852	0.76817	0.02245	0.02185	0.02003	0.01639	0.00728	0.00546	0.00182	0.00425	0.00607	0.00546	0.00850
2	0.00681	0.00486	0.00639	0.00725	0.00773	0.00454	0.00491	0.00801	0.01110	0.01505	0.17397	0.61677	0.03759	0.05853	0.00785	0.00225	0.00311	0.01378	0.00507	0.00444
3	0.01267	0.01213	0.02068	0.18191	0.63369	0.01259	0.01617	0.01594	0.01193	0.01679	0.00999	0.01349	0.00824	0.00490	0.00532	0.00163	0.00653	0.00478	0.00260	0.00801
4	0.01376	0.01556	0.16174	0.01116	0.01472	0.13455	0.01013	0.10732	0.16731	0.05854	0.10769	0.02158	0.03617	0.08696	0.00763	0.00203	0.00591	0.02594	0.00427	0.00700
5	0.01132	0.00629	0.00803	0.00726	0.00925	0.00558	0.00556	0.01332	0.01408	0.20811	0.35639	0.12295	0.18845	0.01109	0.00616	0.00176	0.00314	0.00959	0.00580	0.00589
6	0.00653	0.00471	0.00619	0.00738	0.00776	0.00437	0.00494	0.00749	0.01037	0.01374	0.03079	0.77107	0.07150	0.01666	0.00683	0.00216	0.00310	0.01507	0.00498	0.00437
7	0.60655	0.00883	0.00721	0.00667	0.00934	0.00998	0.00534	0.01448	0.00988	0.02267	0.04520	0.05156	0.01084	0.00608	0.00371	0.00161	0.00371	0.00423	0.16656	0.00555
8	0.05514	0.13728	0.48638	0.01743	0.16806	0.01376	0.01692	0.01670	0.01133	0.01684	0.00930	0.01119	0.00709	0.00496	0.00481	0.00160	0.00712	0.00391	0.00240	0.00778
9	0.10259	0.00942	0.01177	0.00924	0.01309	0.00880	0.00759	0.07335	0.03261	0.58669	0.03339	0.01753	0.01309	0.00655	0.00513	0.00164	0.00446	0.00520	0.04935	0.00851
10	0.00685	0.00480	0.00614	0.00708	0.00732	0.00457	0.00456	0.00756	0.00968	0.01290	0.02650	0.61955	0.03161	0.21043	0.01184	0.00292	0.00362	0.01344	0.00456	0.00409
11	0.69105	0.01077	0.00912	0.00780	0.01131	0.01216	0.00643	0.09461	0.01129	0.07717	0.00902	0.00986	0.00671	0.00523	0.00369	0.00164	0.00436	0.00329	0.00376	0.02072
12	0.00770	0.00564	0.00809	0.00809	0.00886	0.00642	0.00604	0.00924	0.00847	0.01206	0.01487	0.02382	0.01461	0.19031	0.64165	0.00796	0.01259	0.00615	0.00295	0.00449
13	0.84927	0.01038	0.00789	0.00706	0.01038	0.01204	0.00581	0.01578	0.00914	0.02408	0.00747	0.00872	0.00581	0.00498	0.00332	0.00166	0.00415	0.00291	0.00332	0.00581
14	0.01120	0.00960	0.01116	0.00805	0.01276	0.00735	0.00643	0.01399	0.03519	0.01765	0.00993	0.01141	0.00822	0.00408	0.00402	0.00083	0.00398	0.00327	0.00325	0.81761
15	0.06481	0.01006	0.01395	0.01048	0.01484	0.00891	0.07922	0.05545	0.01439	0.48528	0.01681	0.01576	0.01117	0.00582	0.00510	0.00150	0.00492	0.00490	0.00536	0.17127
16	0.00679	0.00491	0.00642	0.00719	0.00781	0.00454	0.00495	0.00813	0.01158	0.01565	0.21257	0.57998	0.07911	0.01522	0.00670	0.00204	0.00295	0.01370	0.00521	0.00454
17	0.01649	0.01085	0.01228	0.00993	0.01304	0.01142	0.00795	0.40224	0.01961	0.12596	0.16362	0.06322	0.01992	0.04741	0.00663	0.00182	0.00471	0.00657	0.04874	0.00758
18	0.01146	0.18088	0.63654	0.01411	0.02139	0.01417	0.01776	0.01682	0.01125	0.01615	0.00921	0.01080	0.00682	0.00500	0.00478	0.00159	0.00751	0.00375	0.00227	0.00773
19	0.01143	0.01132	0.01638	0.16673	0.01854	0.01556	0.01236	0.01307	0.00871	0.01307	0.00753	0.01224	0.00707	0.00861	0.01523	0.00224	0.64694	0.00471	0.00236	0.00589
20	0.01002	0.00620	0.00711	0.00659	0.00878	0.00532	0.00515	0.01166	0.01306	0.16437	0.09848	0.04483	0.53277	0.01212	0.00622	0.00181	0.00319	0.05145	0.00537	0.00549
21	0.00986	0.00616	0.00689	0.00631	0.00855	0.00521	0.00487	0.01142	0.01300	0.16414	0.08519	0.04456	0.58983	0.01211	0.00616	0.00178	0.00307	0.01009	0.00536	0.00546
22	0.00741	0.00591	0.00886	0.16179	0.01403	0.00610	0.02828	0.00897	0.01047	0.01382	0.02557	0.61815	0.04170	0.01419	0.00654	0.00209	0.00406	0.01290	0.00441	0.00476
23	0.01363	0.58197	0.03691	0.00972	0.01365	0.04237	0.00936	0.04892	0.01198	0.01435	0.01185	0.01899	0.01166	0.00671	0.00438	0.00144	0.00576	0.14678	0.00296	0.00661
24	0.02355	0.00967	0.01275	0.00981	0.01395	0.00872	0.00809	0.08574	0.03288	0.70407	0.02052	0.01787	0.01302	0.00664	0.00540	0.00166	0.00467	0.00537	0.00651	0.00912
25	0.80955	0.01081	0.00827	0.00734	0.01068	0.02736	0.00603	0.03701	0.00971	0.02415	0.00764	0.00886	0.00593	0.00504	0.00341	0.00165	0.00431	0.00297	0.00337	0.00592
26	0.00650	0.00482	0.00607	0.00708	0.00768	0.00439	0.00481	0.00752	0.01066	0.01386	0.03441	0.66069	0.17954	0.01619	0.00675	0.00211	0.00304	0.01450	0.00498	0.00439
27	0.00954	0.00729	0.01110	0.00940	0.01158	0.00674	0.11528	0.01251	0.04424	0.07234	0.38968	0.12842	0.11989	0.01043	0.00624	0.00176	0.00382	0.00948	0.00520	0.02506
28	0.01237	0.16657	0.01477	0.00848	0.01319	0.01053	0.00717	0.06369	0.01203	0.01763	0.00936	0.01076	0.00782	0.00426	0.00396	0.00092	0.00445	0.00323	0.00315	0.62566
29	0.26165	0.01824	0.01319	0.01142	0.01471	0.35769	0.00895	0.19323	0.03912	0.02147	0.00955	0.01047	0.00741	0.00564	0.00454	0.00153	0.00702	0.00370	0.00362	0.00686
30	0.01280	0.01021	0.02225	0.01044	0.01308	0.01095	0.00854	0.16364	0.31199	0.03276	0.06333	0.07630	0.03754	0.00986	0.00607	0.00195	0.00461	0.19118	0.00527	0.00722
31	0.01539	0.01205	0.01997	0.02839	0.62916	0.01181	0.01480	0.01836	0.01283	0.16622	0.01225	0.01426	0.00943	0.00514	0.00533	0.00161	0.00602	0.00490	0.00343	0.00863
32	0.01059	0.00608	0.00784	0.00733	0.00897	0.00552	0.00551	0.01247	0.01346	0.16640	0.34896	0.14874	0.11169	0.07908	0.00805	0.00210	0.00337	0.04276	0.00556	0.00554
33	0.19394	0.05567	0.01429	0.01399	0.16177	0.05940	0.00939	0.18159	0.07007	0.03707	0.01164	0.01283	0.00901	0.00553	0.00454	0.00151	0.00524	0.00423	0.08303	0.06524
34	0.01387	0.05400	0.08681	0.02068	0.33776	0.08478	0.01299	0.05306	0.19024	0.02919	0.01380	0.05527	0.01146	0.00618	0.00528	0.00165	0.00608	0.00535	0.00357	0.00798
35	0.08987	0.36003	0.08230	0.00974	0.01414	0.02679	0.00927	0.06028	0.01191	0.05420	0.02608	0.01095	0.00842	0.00518	0.00473	0.00130	0.04829	0.00352	0.00305	0.16995

[dist]
# distance from previous block
# <min> <max>
0	6

[block]
# block no. 6 follows, 45 sequences, length 44
# corresponding to MSA columns:
# 323-366
name=unknown_G
#
# <colnr> <probs for GDERKNQSTAVLIFYWHMCP>
#	G	D	E	R	K	N	Q	S	T	A	V	L	I	F	Y	W	H	M	C	P
0	0.00686	0.00493	0.00620	0.00689	0.00756	0.00452	0.00471	0.00775	0.01080	0.01415	0.10396	0.49026	0.18405	0.05008	0.00861	0.06358	0.00318	0.01284	0.00480	0.00427
1	0.03333	0.58206	0.11069	0.01036	0.01522	0.03836	0.01047	0.11573	0.01294	0.01622	0.00845	0.00952	0.00715	0.00493	0.00392	0.00129	0.00607	0.00327	0.00274	0.00727
2	0.07810	0.45337	0.15650	0.04102	0.05036	0.07666	0.01130	0.02749	0.01148	0.01495	0.00950	0.01087	0.02850	0.00510	0.00410	0.00137	0.00630	0.00353	0.00255	0.00694
3	0.05805	0.18009	0.08971	0.01273	0.05464	0.25509	0.01064	0.04264	0.01347	0.15921	0.02312	0.01208	0.00890	0.00578	0.00541	0.00151	0.05224	0.00401	0.00348	0.00722
4	0.01475	0.05599	0.09747	0.01440	0.07153	0.08510	0.09670	0.06002	0.30583	0.08453	0.01622	0.01760	0.01246	0.00647	0.00542	0.00172	0.00606	0.03552	0.00427	0.00794
5	0.00705	0.00542	0.00627	0.00644	0.00767	0.00489	0.00461	0.02369	0.01233	0.01593	0.19821	0.25319	0.35676	0.06330	0.00776	0.00209	0.00301	0.01170	0.00508	0.00461
6	0.04973	0.03514	0.10162	0.04033	0.03382	0.01357	0.39921	0.01746	0.09849	0.01726	0.01183	0.03843	0.00950	0.00591	0.00722	0.00185	0.10267	0.00583	0.00302	0.00711
7	0.01603	0.04511	0.01224	0.07020	0.01416	0.00955	0.00800	0.15523	0.03741	0.27706	0.16092	0.13140	0.02198	0.00867	0.00568	0.00172	0.00447	0.00734	0.00548	0.00734
8	0.00654	0.00467	0.00623	0.00747	0.00779	0.00436	0.00498	0.00747	0.01028	0.01370	0.02959	0.80785	0.03550	0.01682	0.00685	0.00218	0.00311	0.01526	0.00498	0.00436
9	0.12801	0.00749	0.00881	0.00815	0.01035	0.00746	0.00643	0.03359	0.06735	0.16377	0.23333	0.13388	0.06549	0.01029	0.00585	0.00185	0.00371	0.09267	0.00536	0.00615
10	0.05145	0.01726	0.25837	0.01767	0.07537	0.01221	0.28123	0.03936	0.01271	0.13429	0.01218	0.02808	0.00894	0.00543	0.00579	0.00174	0.02157	0.00529	0.00331	0.00775
11	0.04364	0.01079	0.01335	0.01026	0.01443	0.01040	0.00847	0.22730	0.01792	0.55748	0.01856	0.01656	0.01196	0.00655	0.00534	0.00165	0.00492	0.00518	0.00621	0.00905
12	0.00715	0.00538	0.00662	0.00650	0.00780	0.00485	0.00480	0.00920	0.01387	0.01883	0.50460	0.13130	0.23479	0.01232	0.00639	0.00178	0.00265	0.01076	0.00557	0.00485
13	0.16572	0.03487	0.05677	0.01389	0.15692	0.02709	0.00975	0.09302	0.10939	0.15381	0.04565	0.01823	0.07917	0.00666	0.00505	0.00166	0.00501	0.00536	0.00440	0.00759
14	0.01329	0.01122	0.01822	0.29570	0.28713	0.03155	0.07101	0.02920	0.01260	0.10442	0.06310	0.01603	0.01138	0.00565	0.00548	0.00169	0.00646	0.00527	0.00329	0.00731
15	0.00761	0.00522	0.00581	0.00584	0.00605	0.00511	0.00338	0.00779	0.00836	0.01094	0.02146	0.05191	0.10673	0.70436	0.02452	0.00476	0.00488	0.00835	0.00348	0.00342
16	0.01127	0.13875	0.67698	0.01444	0.02190	0.01370	0.01833	0.01687	0.01127	0.01638	0.00933	0.01095	0.00681	0.00503	0.00487	0.00162	0.00762	0.00381	0.00227	0.00779
17	0.03246	0.77513	0.02733	0.00927	0.01378	0.04263	0.00915	0.01622	0.01099	0.01289	0.00749	0.00864	0.00687	0.00463	0.00348	0.00117	0.00582	0.00289	0.00233	0.00685
18	0.00932	0.00466	0.00699	0.00699	0.00699	0.00466	0.00466	0.00699	0.00699	0.00932	0.00932	0.01632	0.00932	0.01865	0.02098	0.84382	0.00466	0.00466	0.00233	0.00233
19	0.00687	0.00486	0.00639	0.00749	0.00785	0.00461	0.00510	0.00782	0.01017	0.01353	0.02803	0.65520	0.03327	0.10797	0.00925	0.00255	0.00351	0.07646	0.00478	0.00428
20	0.01144	0.05639	0.45582	0.01494	0.02098	0.01199	0.14726	0.01634	0.01210	0.04925	0.09978	0.01644	0.01293	0.00605	0.00581	0.00173	0.03009	0.02031	0.00301	0.00736
21	0.13310	0.56383	0.03849	0.00941	0.01381	0.03285	0.00899	0.08808	0.01229	0.04519	0.00856	0.00947	0.00719	0.00493	0.00374	0.00130	0.00560	0.00319	0.00291	0.00705
22	0.00726	0.00547	0.00671	0.00640	0.00781	0.00492	0.00480	0.00948	0.01440	0.01963	0.58077	0.04321	0.24610	0.01168	0.00633	0.00172	0.00258	0.01014	0.00566	0.00492
23	0.00769	0.00648	0.00680	0.00661	0.00856	0.00610	0.00505	0.01148	0.13821	0.01645	0.10740	0.04574	0.56509	0.01237	0.00623	0.00183	0.00303	0.03450	0.00514	0.00525
