[name]
unknown

[dist]
# distance from previous block
# <min> <max>
0	47

[block]
# block no. 0 follows, 45 sequences, length 25
# corresponding to MSA columns:
# 47,48,64-86
name=unknown_A
#
# <colnr> <probs for GDERKNQSTAVLIFYWHMCP>
#	G	D	E	R	K	N	Q	S	T	A	V	L	I	F	Y	W	H	M	C	P
0	0.00865	0.00618	0.00865	0.00989	0.01112	0.00618	0.00865	0.01112	0.01236	0.01606	0.02842	0.06055	0.03089	0.01483	0.00741	0.00247	0.00494	0.74174	0.00494	0.00494
1	0.00667	0.00472	0.00619	0.00731	0.00759	0.00444	0.00481	0.00751	0.01003	0.01337	0.02832	0.73067	0.03391	0.09617	0.00890	0.00248	0.00332	0.01452	0.00481	0.00425
2	0.04243	0.00701	0.01071	0.14787	0.01521	0.00711	0.06751	0.01162	0.01097	0.09369	0.02254	0.47419	0.02450	0.03046	0.00673	0.00208	0.00454	0.01103	0.00441	0.00540
3	0.01995	0.01481	0.01585	0.01226	0.01647	0.01643	0.01009	0.71273	0.07322	0.03310	0.01347	0.01335	0.00960	0.00650	0.00538	0.00162	0.00580	0.00491	0.00538	0.00909
4	0.01113	0.00954	0.01113	0.00795	0.01272	0.00716	0.00636	0.01352	0.01113	0.01749	0.00954	0.01113	0.00795	0.00398	0.00398	0.00080	0.00398	0.00318	0.00318	0.84417
5	0.84927	0.01038	0.00789	0.00706	0.01038	0.01204	0.00581	0.01578	0.00914	0.02408	0.00747	0.00872	0.00581	0.00498	0.00332	0.00166	0.00415	0.00291	0.00332	0.00581
6	0.01223	0.01258	0.01633	0.06203	0.01567	0.07058	0.01184	0.01357	0.00887	0.01298	0.00729	0.01176	0.00704	0.00888	0.01597	0.00225	0.69724	0.00461	0.00238	0.00590
7	0.02041	0.01504	0.01611	0.01235	0.01665	0.01665	0.01020	0.75997	0.02524	0.03383	0.01289	0.01289	0.00913	0.00644	0.00537	0.00161	0.00591	0.00483	0.00537	0.00913
8	0.01113	0.00954	0.01113	0.00795	0.01272	0.00716	0.00636	0.01352	0.01113	0.01749	0.00954	0.01113	0.00795	0.00398	0.00398	0.00080	0.00398	0.00318	0.00318	0.84417
9	0.00985	0.00915	0.01531	0.73494	0.03463	0.01132	0.01411	0.01321	0.01070	0.01371	0.01115	0.07802	0.00943	0.00629	0.00549	0.00182	0.00683	0.00561	0.00259	0.00583
10	0.01194	0.03309	0.01886	0.11544	0.01924	0.04719	0.13616	0.01399	0.00971	0.01376	0.00878	0.03755	0.00813	0.00802	0.01293	0.00211	0.48927	0.00521	0.00251	0.00610
11	0.00658	0.00492	0.00611	0.00692	0.00768	0.00446	0.00477	0.00774	0.01115	0.01453	0.09570	0.56347	0.21531	0.01557	0.00669	0.00205	0.00297	0.01386	0.00506	0.00446
12	0.01907	0.01445	0.03431	0.01189	0.01613	0.01532	0.00995	0.62515	0.06167	0.05226	0.03745	0.01414	0.01082	0.00649	0.00533	0.00159	0.00564	0.00497	0.00525	0.04814
13	0.01620	0.01259	0.01381	0.01070	0.01486	0.01300	0.00869	0.40627	0.12751	0.02661	0.01321	0.01363	0.00995	0.00684	0.02862	0.00161	0.00534	0.00454	0.00465	0.26139
14	0.01327	0.01065	0.01205	0.00887	0.01338	0.00930	0.00716	0.18919	0.01446	0.02144	0.01065	0.01191	0.00846	0.00465	0.00429	0.00101	0.00437	0.00364	0.03779	0.61346
15	0.01762	0.01358	0.01545	0.01168	0.01610	0.01411	0.04126	0.52619	0.04118	0.02882	0.01222	0.01272	0.00899	0.00578	0.00507	0.00143	0.00553	0.00453	0.00472	0.21301
16	0.01423	0.01091	0.01244	0.00923	0.01377	0.00973	0.00746	0.19324	0.04718	0.06836	0.01158	0.01237	0.00892	0.00487	0.00446	0.00109	0.00448	0.00383	0.00401	0.55782
17	0.03853	0.01296	0.01407	0.01073	0.01497	0.01345	0.00879	0.50576	0.02048	0.04673	0.01235	0.01282	0.00907	0.00580	0.00490	0.00140	0.00520	0.00440	0.04405	0.21355
18	0.01550	0.04325	0.03638	0.00930	0.01327	0.00977	0.00777	0.18549	0.01536	0.19247	0.03415	0.06289	0.07367	0.02056	0.00543	0.00147	0.00458	0.00563	0.00470	0.25836
19	0.01437	0.01107	0.01338	0.01114	0.03767	0.01142	0.03878	0.33070	0.04002	0.03779	0.06452	0.01909	0.07402	0.01196	0.12486	0.00259	0.00649	0.00565	0.00448	0.14000
20	0.01473	0.01409	0.10673	0.01335	0.05219	0.01299	0.07302	0.31835	0.10939	0.02461	0.07660	0.07489	0.01488	0.00722	0.00578	0.00169	0.02056	0.00609	0.00452	0.04832
21	0.01402	0.20293	0.04358	0.03467	0.04247	0.03251	0.03261	0.10209	0.11071	0.09742	0.06940	0.07463	0.04412	0.03964	0.00625	0.00174	0.02135	0.00599	0.00415	0.01971
22	0.01523	0.14337	0.08229	0.01085	0.01505	0.10612	0.00960	0.21140	0.06983	0.03650	0.04719	0.01357	0.01080	0.00704	0.03541	0.00165	0.00616	0.00432	0.00383	0.16979
23	0.09225	0.02995	0.03283	0.12704	0.01710	0.04979	0.07920	0.06892	0.09255	0.04717	0.07307	0.11806	0.04786	0.03000	0.00635	0.00183	0.02601	0.00674	0.00398	0.04931
24	0.01268	0.09467	0.01547	0.02360	0.01483	0.09654	0.10762	0.07060	0.07817	0.03615	0.03657	0.15363	0.05986	0.00793	0.00561	0.00157	0.02256	0.00683	0.00388	0.15122

[dist]
# distance from previous block
# <min> <max>
4	22

[block]
# block no. 1 follows, 45 sequences, length 70
# corresponding to MSA columns:
# 109-178
name=unknown_B
#
# <colnr> <probs for GDERKNQSTAVLIFYWHMCP>
#	G	D	E	R	K	N	Q	S	T	A	V	L	I	F	Y	W	H	M	C	P
0	0.01417	0.02925	0.01471	0.01276	0.07446	0.03428	0.07904	0.11624	0.19588	0.09627	0.05460	0.06839	0.04354	0.00706	0.00539	0.00159	0.00506	0.00613	0.00456	0.13663
1	0.07007	0.01168	0.01351	0.05190	0.07213	0.06037	0.02489	0.12403	0.12250	0.10397	0.06102	0.03917	0.01315	0.00646	0.00562	0.00155	0.04086	0.00517	0.00428	0.16766
2	0.05247	0.01267	0.01624	0.21707	0.09374	0.07941	0.07213	0.16343	0.02661	0.04276	0.03212	0.01371	0.00935	0.00545	0.00511	0.00153	0.00631	0.00463	0.00351	0.14175
3	0.01594	0.01541	0.01533	0.06496	0.15027	0.21739	0.01059	0.15719	0.06090	0.03967	0.01175	0.01307	0.02154	0.00551	0.00496	0.00141	0.00648	0.00432	0.00360	0.17973
4	0.01353	0.01290	0.01585	0.22287	0.17135	0.10672	0.01180	0.10193	0.02783	0.01779	0.01003	0.01262	0.00799	0.00525	0.00543	0.00146	0.03680	0.00426	0.00308	0.21054
5	0.01277	0.01129	0.01806	0.34556	0.30695	0.04079	0.04757	0.01585	0.01187	0.07660	0.01202	0.01524	0.03115	0.00577	0.00576	0.02102	0.00665	0.00504	0.00293	0.00710
6	0.02994	0.01191	0.01766	0.35878	0.29249	0.05784	0.01426	0.04786	0.01232	0.06470	0.01042	0.01368	0.00806	0.00542	0.00568	0.00170	0.03247	0.00470	0.00292	0.00720
7	0.01379	0.02734	0.03932	0.38424	0.02613	0.08724	0.03619	0.15273	0.01382	0.05029	0.01051	0.01363	0.00801	0.00728	0.03655	0.00201	0.07627	0.00471	0.00318	0.00677
8	0.01505	0.01129	0.01346	0.01060	0.01431	0.06006	0.04679	0.12172	0.01421	0.15066	0.03645	0.01804	0.01225	0.00651	0.00603	0.00145	0.06655	0.07053	0.00421	0.31986
9	0.01418	0.01307	0.11137	0.15846	0.18650	0.03570	0.01247	0.03338	0.13622	0.15639	0.01734	0.01812	0.07027	0.00642	0.00540	0.00170	0.00585	0.00547	0.00398	0.00771
10	0.00839	0.00579	0.00749	0.00688	0.00841	0.00524	0.00520	0.01086	0.01497	0.05368	0.69407	0.03848	0.06916	0.01062	0.00621	0.00166	0.00268	0.00934	0.00582	0.03507
11	0.00654	0.00467	0.00623	0.00747	0.00779	0.00436	0.00498	0.00747	0.01028	0.01370	0.02959	0.80785	0.03550	0.01682	0.00685	0.00218	0.00311	0.01526	0.00498	0.00436
12	0.01435	0.81458	0.02813	0.00918	0.01378	0.02124	0.00918	0.01607	0.01091	0.01263	0.00746	0.00861	0.00689	0.00459	0.00344	0.00115	0.00574	0.00287	0.00230	0.00689
13	0.01077	0.02777	0.78354	0.01530	0.02323	0.01247	0.01983	0.01700	0.01133	0.01700	0.00963	0.01133	0.00680	0.00510	0.00510	0.00170	0.00793	0.00397	0.00227	0.00793
14	0.01435	0.81458	0.02813	0.00918	0.01378	0.02124	0.00918	0.01607	0.01091	0.01263	0.00746	0.00861	0.00689	0.00459	0.00344	0.00115	0.00574	0.00287	0.00230	0.00689
15	0.01559	0.01164	0.01265	0.01092	0.01425	0.01304	0.00862	0.11571	0.58157	0.12236	0.02069	0.01895	0.01512	0.00710	0.00544	0.00177	0.00449	0.00583	0.00560	0.00866
16	0.00767	0.00575	0.00863	0.00863	0.00959	0.00671	0.00671	0.00959	0.00863	0.01246	0.01438	0.02109	0.01342	0.04026	0.79008	0.00863	0.01438	0.00575	0.00288	0.00479
17	0.00834	0.00565	0.00741	0.00688	0.00827	0.00519	0.00519	0.01085	0.01520	0.05565	0.74119	0.03912	0.04897	0.01078	0.00629	0.00169	0.00262	0.00951	0.00594	0.00525
18	0.02028	0.02955	0.16642	0.01084	0.01560	0.03269	0.01037	0.05859	0.01493	0.52450	0.04816	0.01706	0.01298	0.00643	0.00532	0.00165	0.00540	0.00515	0.00548	0.00860
19	0.02333	0.00918	0.01237	0.00953	0.01358	0.00806	0.00785	0.04867	0.01567	0.72878	0.04991	0.01894	0.01459	0.00680	0.00543	0.00166	0.00453	0.00555	0.00658	0.00898
20	0.00644	0.00539	0.00560	0.00566	0.00734	0.00456	0.00420	0.00785	0.01230	0.01491	0.10021	0.09984	0.68005	0.01363	0.00638	0.00183	0.00273	0.01148	0.00505	0.00456
21	0.01077	0.02777	0.78354	0.01530	0.02323	0.01247	0.01983	0.01700	0.01133	0.01700	0.00963	0.01133	0.00680	0.00510	0.00510	0.00170	0.00793	0.00397	0.00227	0.00793
22	0.02949	0.01208	0.02036	0.21150	0.54028	0.01268	0.04211	0.03663	0.01219	0.01721	0.01002	0.01347	0.00814	0.00496	0.00532	0.00165	0.00660	0.00480	0.00268	0.00782
23	0.00634	0.00544	0.00544	0.00544	0.00725	0.00453	0.00408	0.00770	0.01224	0.01450	0.05438	0.05166	0.77569	0.01359	0.00634	0.00181	0.00272	0.01133	0.00498	0.00453
24	0.00650	0.00544	0.00565	0.00560	0.00734	0.00460	0.00420	0.00800	0.01259	0.01535	0.14126	0.05027	0.68828	0.01328	0.00634	0.00180	0.00270	0.01113	0.00510	0.00460
25	0.01077	0.02777	0.78354	0.01530	0.02323	0.01247	0.01983	0.01700	0.01133	0.01700	0.00963	0.01133	0.00680	0.00510	0.00510	0.00170	0.00793	0.00397	0.00227	0.00793
26	0.01014	0.00954	0.01610	0.79845	0.03697	0.01193	0.01491	0.01371	0.01073	0.01371	0.00954	0.01431	0.00716	0.00537	0.00537	0.00179	0.00716	0.00477	0.00239	0.00596
27	0.01435	0.81458	0.02813	0.00918	0.01378	0.02124	0.00918	0.01607	0.01091	0.01263	0.00746	0.00861	0.00689	0.00459	0.00344	0.00115	0.00574	0.00287	0.00230	0.00689
28	0.00777	0.00535	0.00659	0.00659	0.00685	0.00561	0.00417	0.00828	0.00802	0.01096	0.01624	0.03139	0.01789	0.60593	0.23053	0.00612	0.00765	0.00726	0.00315	0.00366
29	0.00781	0.00520	0.00585	0.00585	0.00585	0.00520	0.00325	0.00781	0.00781	0.01041	0.01691	0.03513	0.01952	0.81135	0.02732	0.00520	0.00520	0.00781	0.00325	0.00325
30	0.01113	0.00954	0.01113	0.00795	0.01272	0.00716	0.00636	0.01352	0.01113	0.01749	0.00954	0.01113	0.00795	0.00398	0.00398	0.00080	0.00398	0.00318	0.00318	0.84417
31	0.01435	0.81458	0.02813	0.00918	0.01378	0.02124	0.00918	0.01607	0.01091	0.01263	0.00746	0.00861	0.00689	0.00459	0.00344	0.00115	0.00574	0.00287	0.00230	0.00689
32	0.00639	0.00527	0.00561	0.00588	0.00737	0.00449	0.00428	0.00765	0.01181	0.01433	0.04897	0.21672	0.61412	0.01430	0.00645	0.00189	0.00281	0.01219	0.00498	0.00449
33	0.01451	0.01127	0.01272	0.00949	0.01400	0.01036	0.00768	0.23666	0.05845	0.05202	0.01168	0.01243	0.00898	0.00500	0.00453	0.00113	0.00459	0.00392	0.00409	0.51648
34	0.01283	0.01228	0.02096	0.14475	0.66966	0.01263	0.01625	0.01607	0.01201	0.01698	0.01002	0.01344	0.00831	0.00487	0.00532	0.00162	0.00649	0.00478	0.00262	0.00813
35	0.00654	0.00467	0.00623	0.00747	0.00779	0.00436	0.00498	0.00747	0.01028	0.01370	0.02959	0.80785	0.03550	0.01682	0.00685	0.00218	0.00311	0.01526	0.00498	0.00436
36	0.01037	0.01000	0.01756	0.72598	0.03614	0.01208	0.08436	0.01404	0.01091	0.01404	0.00966	0.01433	0.00725	0.00529	0.00546	0.00179	0.00733	0.00492	0.00242	0.00608
37	0.01509	0.71281	0.02646	0.00978	0.01414	0.12038	0.00934	0.01677	0.01146	0.01269	0.00757	0.00875	0.00689	0.00471	0.00362	0.00118	0.00625	0.00295	0.00236	0.00680
38	0.01030	0.00970	0.01639	0.75968	0.07449	0.01197	0.01499	0.01385	0.01081	0.01391	0.00957	0.01426	0.00722	0.00534	0.00536	0.00178	0.00712	0.00477	0.00240	0.00609
39	0.00680	0.00499	0.00668	0.00773	0.00804	0.00491	0.00525	0.00775	0.01010	0.01357	0.02801	0.73816	0.03344	0.03472	0.02962	0.00243	0.03419	0.01442	0.00478	0.00441
40	0.01368	0.66750	0.16934	0.01033	0.01554	0.01960	0.01118	0.01625	0.01099	0.01345	0.00787	0.00912	0.00687	0.00469	0.00375	0.00125	0.00615	0.00308	0.00229	0.00708
41	0.00932	0.00466	0.00699	0.00699	0.00699	0.00466	0.00466	0.00699	0.00699	0.00932	0.00932	0.01632	0.00932	0.01865	0.02098	0.84382	0.00466	0.00466	0.00233	0.00233
42	0.00653	0.00473	0.00617	0.00732	0.00775	0.00437	0.00492	0.00749	0.01042	0.01376	0.03143	0.75174	0.09042	0.01658	0.00681	0.00215	0.00308	0.01497	0.00498	0.00437
43	0.01130	0.02403	0.57198	0.01736	0.02459	0.01278	0.22765	0.01705	0.01171	0.01705	0.00998	0.01222	0.00718	0.00494	0.00545	0.00173	0.00825	0.00463	0.00239	0.00774
44	0.02408	0.00914	0.01246	0.00955	0.01370	0.00789	0.00789	0.02616	0.01536	0.78158	0.02118	0.01827	0.01329	0.00664	0.00540	0.00166	0.00457	0.00540	0.00664	0.00914
45	0.00805	0.00587	0.00719	0.00679	0.00832	0.00545	0.00511	0.01096	0.05425	0.04006	0.54659	0.05859	0.19990	0.01135	0.00628	0.00173	0.00273	0.00987	0.00569	0.00523
46	0.01129	0.01072	0.01818	0.51858	0.30784	0.01223	0.01548	0.01472	0.01128	0.01511	0.00974	0.01394	0.00765	0.00515	0.00535	0.00172	0.00687	0.00477	0.00248	0.00689
47	0.01601	0.01285	0.01363	0.01146	0.01497	0.01459	0.00914	0.30370	0.48867	0.02673	0.01848	0.01734	0.01366	0.00697	0.00543	0.00174	0.00487	0.00560	0.00543	0.00873
48	0.51521	0.01007	0.01098	0.26418	0.01927	0.01189	0.00901	0.01559	0.00996	0.05993	0.00885	0.01110	0.00667	0.00529	0.00441	0.00172	0.02300	0.00368	0.00317	0.00604
49	0.01435	0.81458	0.02813	0.00918	0.01378	0.02124	0.00918	0.01607	0.01091	0.01263	0.00746	0.00861	0.00689	0.00459	0.00344	0.00115	0.00574	0.00287	0.00230	0.00689
50	0.01113	0.00954	0.01113	0.00795	0.01272	0.00716	0.00636	0.01352	0.01113	0.01749	0.00954	0.01113	0.00795	0.00398	0.00398	0.00080	0.00398	0.00318	0.00318	0.84417
51	0.00723	0.00537	0.00675	0.00670	0.00792	0.00489	0.00496	0.00930	0.01382	0.01890	0.51015	0.16195	0.17913	0.01245	0.00644	0.00181	0.00272	0.02907	0.00557	0.00486
52	0.00979	0.00976	0.01883	0.06839	0.01921	0.00929	0.35608	0.01286	0.01235	0.01663	0.14007	0.20509	0.07917	0.00914	0.00639	0.00188	0.00603	0.00921	0.00390	0.00593
53	0.00656	0.00539	0.00580	0.00603	0.00760	0.00464	0.00453	0.00797	0.01207	0.01467	0.06603	0.14679	0.61511	0.01402	0.00648	0.00190	0.00292	0.06195	0.00500	0.00455
54	0.01024	0.00964	0.01628	0.77433	0.06032	0.01195	0.01496	0.01380	0.01078	0.01384	0.00956	0.01428	0.00720	0.00535	0.00537	0.00178	0.00713	0.00477	0.00239	0.00604
55	0.01387	0.70842	0.13005	0.01001	0.01505	0.02006	0.01062	0.01620	0.01096	0.01322	0.00776	0.00898	0.00688	0.00466	0.00367	0.00122	0.00604	0.00302	0.00229	0.00703
56	0.02281	0.00898	0.01213	0.00942	0.01337	0.00787	0.00774	0.02526	0.03530	0.71602	0.06628	0.01962	0.01560	0.00692	0.00546	0.00167	0.00444	0.00567	0.00657	0.00887
57	0.01267	0.01448	0.03167	0.02262	0.02805	0.01357	0.75837	0.01719	0.01267	0.01719	0.01086	0.01448	0.00814	0.00452	0.00633	0.00181	0.00905	0.00633	0.00271	0.00724
58	0.00671	0.00479	0.00642	0.00766	0.00805	0.00450	0.00527	0.00776	0.01044	0.01389	0.02949	0.74930	0.03514	0.01666	0.00690	0.00220	0.00326	0.07218	0.00498	0.00441
59	0.01413	0.01448	0.02132	0.03008	0.65083	0.11302	0.04423	0.01714	0.01263	0.01696	0.00989	0.01287	0.00828	0.00487	0.00529	0.00158	0.00691	0.00467	0.00267	0.00816
60	0.00634	0.00544	0.00544	0.00544	0.00725	0.00453	0.00408	0.00770	0.01224	0.01450	0.05438	0.05166	0.77569	0.01359	0.00634	0.00181	0.00272	0.01133	0.00498	0.00453
61	0.00673	0.00537	0.00632	0.03030	0.00867	0.00485	0.00512	0.00812	0.01155	0.01435	0.04238	0.30370	0.43745	0.01454	0.00658	0.00199	0.00319	0.07932	0.00490	0.00455
62	0.01139	0.15320	0.56289	0.07604	0.02302	0.01390	0.05512	0.01660	0.01128	0.01604	0.00934	0.01128	0.00691	0.00501	0.00491	0.00162	0.00757	0.00397	0.00230	0.00757
63	0.01014	0.00954	0.01610	0.79845	0.03697	0.01193	0.01491	0.01371	0.01073	0.01371	0.00954	0.01431	0.00716	0.00537	0.00537	0.00179	0.00716	0.00477	0.00239	0.00596
64	0.00995	0.00929	0.01560	0.75839	0.03549	0.01154	0.01440	0.01340	0.01071	0.01371	0.01056	0.05450	0.00859	0.00595	0.00544	0.00181	0.00695	0.00530	0.00252	0.00588
65	0.39898	0.01001	0.01179	0.29986	0.02084	0.01151	0.00958	0.03503	0.01103	0.13040	0.01036	0.01227	0.00748	0.00540	0.00443	0.00171	0.00537	0.00400	0.00351	0.00643
66	0.31870	0.04628	0.04182	0.16421	0.16170	0.04220	0.02611	0.03852	0.01140	0.06979	0.01010	0.02954	0.00801	0.00544	0.00455	0.00165	0.00572	0.00424	0.00322	0.00680
67	0.05103	0.01071	0.01684	0.10293	0.43337	0.01082	0.01278	0.03192	0.01252	0.11732	0.03101	0.08125	0.05081	0.00669	0.00544	0.00169	0.00558	0.00607	0.00361	0.00761
68	0.07495	0.01070	0.04695	0.01235	0.06573	0.02596	0.10232	0.07094	0.02917	0.24564	0.23291	0.02221	0.02185	0.00728	0.00560	0.00168	0.00498	0.00640	0.00505	0.00733
69	0.01339	0.01131	0.02894	0.17224	0.08258	0.09023	0.00989	0.10188	0.02932	0.09889	0.12040	0.08033	0.06273	0.00767	0.00551	0.00164	0.00545	0.00648	0.00420	0.06693

[dist]
# distance from previous block
# <min> <max>
3	15

[block]
# block no. 2 follows, 45 sequences, length 6
# corresponding to MSA columns:
# 203-208
name=unknown_C
#
# <colnr> <probs for GDERKNQSTAVLIFYWHMCP>
#	G	D	E	R	K	N	Q	S	T	A	V	L	I	F	Y	W	H	M	C	P
0	0.01305	0.05909	0.01676	0.06645	0.23930	0.04518	0.06808	0.01706	0.09572	0.08126	0.01773	0.04066	0.09922	0.00651	0.00528	0.00156	0.00553	0.00578	0.00367	0.11209
1	0.04554	0.01034	0.01105	0.00967	0.01239	0.01132	0.00743	0.15665	0.35879	0.02201	0.04973	0.07784	0.04942	0.09641	0.00785	0.00211	0.00443	0.00676	0.00495	0.05531
2	0.01345	0.05813	0.04226	0.27369	0.07214	0.03820	0.13497	0.04264	0.01227	0.10043	0.01091	0.01356	0.00821	0.00535	0.00583	0.00161	0.04668	0.00472	0.00313	0.11179
3	0.01335	0.01153	0.01214	0.01092	0.01396	0.01335	0.00850	0.02852	0.76817	0.02245	0.02185	0.02003	0.01639	0.00728	0.00546	0.00182	0.00425	0.00607	0.00546	0.00850
4	0.01113	0.00954	0.01113	0.00795	0.01272	0.00716	0.00636	0.01352	0.01113	0.01749	0.00954	0.01113	0.00795	0.00398	0.00398	0.00080	0.00398	0.00318	0.00318	0.84417
5	0.61639	0.01006	0.00947	0.07133	0.01319	0.01120	0.00696	0.01769	0.01051	0.17496	0.01039	0.01108	0.00742	0.00535	0.00390	0.00167	0.00448	0.00356	0.00391	0.00649

[dist]
# distance from previous block
# <min> <max>
25	39

[block]
# block no. 3 follows, 45 sequences, length 48
# corresponding to MSA columns:
# 264-311
name=unknown_D
#
# <colnr> <probs for GDERKNQSTAVLIFYWHMCP>
#	G	D	E	R	K	N	Q	S	T	A	V	L	I	F	Y	W	H	M	C	P
0	0.21105	0.11800	0.15942	0.01160	0.03159	0.07375	0.04560	0.10060	0.04504	0.05284	0.04804	0.01291	0.00999	0.00638	0.02273	0.00172	0.00614	0.00421	0.00348	0.03491
1	0.18406	0.34727	0.13392	0.00992	0.01435	0.04747	0.00983	0.05023	0.03438	0.05217	0.04950	0.02592	0.01012	0.00559	0.00417	0.00146	0.00561	0.00394	0.00319	0.00691
2	0.27253	0.20402	0.08504	0.01027	0.03544	0.05068	0.00909	0.09270	0.04815	0.06669	0.03080	0.02296	0.00928	0.00557	0.00423	0.00151	0.00534	0.00394	0.00354	0.03824
3	0.20181	0.24370	0.13436	0.01029	0.02935	0.01434	0.00978	0.12100	0.01338	0.05972	0.10333	0.01410	0.01267	0.00591	0.00443	0.00151	0.00530	0.00433	0.00363	0.00705
4	0.03266	0.02489	0.02788	0.00674	0.00845	0.00572	0.00534	0.01005	0.01412	0.01962	0.54451	0.04039	0.21775	0.01111	0.00615	0.00170	0.00284	0.00958	0.00543	0.00508
5	0.01573	0.54776	0.11348	0.01029	0.01512	0.05446	0.01035	0.04560	0.01229	0.11666	0.00979	0.01043	0.00782	0.00504	0.00404	0.00131	0.00603	0.00344	0.00301	0.00736
6	0.03862	0.09710	0.07947	0.00947	0.01264	0.01012	0.02249	0.03265	0.16189	0.15124	0.19443	0.07724	0.04917	0.03228	0.00613	0.00180	0.00441	0.00702	0.00491	0.00692
7	0.02006	0.04245	0.01553	0.01212	0.02996	0.12955	0.00967	0.45467	0.02063	0.14972	0.01332	0.01363	0.00960	0.02532	0.00571	0.00163	0.00619	0.00468	0.00493	0.03064
8	0.00708	0.00519	0.00698	0.00792	0.00842	0.00508	0.00566	0.00837	0.01095	0.01475	0.10545	0.61359	0.03550	0.01572	0.00725	0.00217	0.03214	0.09826	0.00498	0.00455
9	0.09824	0.01347	0.01461	0.03552	0.04438	0.01486	0.00966	0.47951	0.14072	0.02895	0.01341	0.01359	0.00982	0.00620	0.00511	0.00161	0.00542	0.00475	0.00487	0.05530
10	0.00654	0.00467	0.00623	0.00747	0.00779	0.00436	0.00498	0.00747	0.01028	0.01370	0.02959	0.80785	0.03550	0.01682	0.00685	0.00218	0.00311	0.01526	0.00498	0.00436
11	0.01435	0.81458	0.02813	0.00918	0.01378	0.02124	0.00918	0.01607	0.01091	0.01263	0.00746	0.00861	0.00689	0.00459	0.00344	0.00115	0.00574	0.00287	0.00230	0.00689
12	0.09815	0.09641	0.42796	0.01609	0.03876	0.01353	0.20171	0.01682	0.01142	0.01738	0.00952	0.01164	0.00708	0.00489	0.00507	0.00167	0.00758	0.00436	0.00250	0.00746
13	0.00781	0.00520	0.00585	0.00585	0.00585	0.00520	0.00325	0.00781	0.00781	0.01041	0.01691	0.03513	0.01952	0.81135	0.02732	0.00520	0.00520	0.00781	0.00325	0.00325
14	0.00756	0.00514	0.00611	0.00643	0.00659	0.00506	0.00394	0.00795	0.00878	0.01172	0.04137	0.20936	0.02449	0.57381	0.02122	0.00430	0.00465	0.04410	0.00379	0.00363
15	0.06949	0.01011	0.01510	0.65950	0.03258	0.03337	0.01354	0.04562	0.01138	0.01550	0.00979	0.01394	0.00738	0.00542	0.00515	0.00174	0.00679	0.00461	0.03292	0.00606
16	0.01051	0.00992	0.01692	0.66380	0.11820	0.01186	0.03598	0.01403	0.01101	0.01432	0.01030	0.01581	0.00816	0.00561	0.00546	0.00179	0.00705	0.03051	0.00251	0.00625
17	0.00780	0.00587	0.00857	0.00850	0.00933	0.00684	0.00650	0.00950	0.00853	0.01226	0.01442	0.02226	0.01386	0.11907	0.68822	0.00809	0.03685	0.00593	0.00290	0.00467
18	0.01335	0.01153	0.01214	0.01092	0.01396	0.01335	0.00850	0.02852	0.76817	0.02245	0.02185	0.02003	0.01639	0.00728	0.00546	0.00182	0.00425	0.00607	0.00546	0.00850
19	0.02041	0.01504	0.01611	0.01235	0.01665	0.01665	0.01020	0.75997	0.02524	0.03383	0.01289	0.01289	0.00913	0.00644	0.00537	0.00161	0.00591	0.00483	0.00537	0.00913
20	0.01077	0.02777	0.78354	0.01530	0.02323	0.01247	0.01983	0.01700	0.01133	0.01700	0.00963	0.01133	0.00680	0.00510	0.00510	0.00170	0.00793	0.00397	0.00227	0.00793
21	0.01435	0.81458	0.02813	0.00918	0.01378	0.02124	0.00918	0.01607	0.01091	0.01263	0.00746	0.00861	0.00689	0.00459	0.00344	0.00115	0.00574	0.00287	0.00230	0.00689
22	0.02005	0.02558	0.01521	0.01383	0.01659	0.78980	0.01037	0.02143	0.01521	0.01314	0.00830	0.00968	0.00691	0.00553	0.00484	0.00138	0.00968	0.00346	0.00277	0.00622
23	0.01291	0.23504	0.39172	0.01337	0.01916	0.01460	0.06755	0.01696	0.01132	0.07625	0.01009	0.01208	0.00781	0.02824	0.00624	0.00170	0.06072	0.00411	0.00269	0.00743
24	0.02041	0.01504	0.01611	0.01235	0.01665	0.01665	0.01020	0.75997	0.02524	0.03383	0.01289	0.01289	0.00913	0.00644	0.00537	0.00161	0.00591	0.00483	0.00537	0.00913
25	0.00781	0.00520	0.00585	0.00585	0.00585	0.00520	0.00325	0.00781	0.00781	0.01041	0.01691	0.03513	0.01952	0.81135	0.02732	0.00520	0.00520	0.00781	0.00325	0.00325
26	0.02018	0.04332	0.01649	0.01230	0.01654	0.04706	0.01017	0.70514	0.02435	0.03228	0.01252	0.01261	0.00896	0.00634	0.00528	0.00159	0.00605	0.00471	0.00516	0.00894
27	0.01294	0.01269	0.02024	0.19714	0.58081	0.05058	0.01584	0.01612	0.01205	0.01650	0.00989	0.01333	0.00813	0.00495	0.00530	0.00163	0.00671	0.00472	0.00260	0.00784
28	0.00636	0.00538	0.00550	0.00559	0.00729	0.00452	0.00414	0.00769	0.01209	0.01444	0.05257	0.10683	0.72168	0.01383	0.00638	0.00184	0.00275	0.01162	0.00498	0.00452
29	0.00688	0.00509	0.00651	0.00747	0.00825	0.00471	0.00543	0.00819	0.01111	0.01443	0.05136	0.51990	0.17669	0.01573	0.00684	0.00215	0.00333	0.13641	0.00500	0.00451
30	0.01137	0.07492	0.70565	0.01487	0.02238	0.04590	0.01879	0.01713	0.01147	0.01657	0.00945	0.01110	0.00681	0.00509	0.00499	0.00165	0.00788	0.00388	0.00229	0.00780
31	0.01312	0.01259	0.02149	0.07283	0.73927	0.01271	0.01639	0.01633	0.01215	0.01734	0.01007	0.01334	0.00843	0.00481	0.00532	0.00160	0.00642	0.00478	0.00264	0.00837
32	0.00831	0.02918	0.02949	0.00713	0.00876	0.00581	0.00567	0.01092	0.01497	0.04133	0.71194	0.03782	0.04720	0.01051	0.00619	0.00167	0.00283	0.00924	0.00572	0.00530
33	0.02005	0.02558	0.01521	0.01383	0.01659	0.78980	0.01037	0.02143	0.01521	0.01314	0.00830	0.00968	0.00691	0.00553	0.00484	0.00138	0.00968	0.00346	0.00277	0.00622
34	0.01085	0.01041	0.01751	0.57890	0.14016	0.01258	0.04169	0.01415	0.01075	0.01430	0.00941	0.01390	0.00737	0.00567	0.00668	0.00182	0.09024	0.00482	0.00243	0.00636
35	0.01250	0.01214	0.02125	0.21058	0.54545	0.01263	0.07518	0.01589	0.01191	0.01662	0.01003	0.01362	0.00816	0.00490	0.00541	0.00166	0.00677	0.00490	0.00260	0.00781
36	0.01099	0.01046	0.01790	0.58842	0.22210	0.01217	0.03306	0.01449	0.01115	0.01475	0.00971	0.01406	0.00752	0.00520	0.00538	0.00174	0.00701	0.00481	0.00246	0.00663
37	0.01227	0.01256	0.05597	0.23982	0.51970	0.01262	0.01608	0.01565	0.01167	0.01634	0.00984	0.01343	0.00802	0.00508	0.00566	0.00167	0.02862	0.00474	0.00256	0.00771
38	0.01093	0.04755	0.73604	0.01542	0.02317	0.01273	0.04709	0.01698	0.01137	0.01689	0.00962	0.01138	0.00685	0.00507	0.00510	0.00169	0.00792	0.00403	0.00228	0.00788
39	0.01157	0.01097	0.01845	0.45017	0.35539	0.01232	0.01543	0.01525	0.02939	0.01557	0.01007	0.01401	0.00796	0.00516	0.00535	0.00171	0.00675	0.00481	0.00258	0.00712
40	0.00770	0.00562	0.00795	0.00795	0.00867	0.00634	0.00587	0.00915	0.00843	0.01196	0.01500	0.02452	0.01491	0.22854	0.60383	0.00779	0.01214	0.00625	0.00297	0.00442
41	0.36712	0.03475	0.09613	0.04417	0.05092	0.01156	0.03151	0.06032	0.01232	0.22607	0.01200	0.01242	0.00840	0.00551	0.00446	0.00165	0.00519	0.00407	0.00410	0.00733
42	0.00869	0.00703	0.00967	0.00911	0.00955	0.00860	0.00688	0.00985	0.00828	0.01195	0.01338	0.02307	0.01372	0.26542	0.37374	0.00608	0.20140	0.00612	0.00286	0.00459
43	0.00654	0.00467	0.00623	0.00747	0.00779	0.00436	0.00498	0.00747	0.01028	0.01370	0.02959	0.80785	0.03550	0.01682	0.00685	0.00218	0.00311	0.01526	0.00498	0.00436
44	0.01074	0.00912	0.00898	0.00908	0.01050	0.11149	0.00655	0.04511	0.12091	0.05192	0.02504	0.50093	0.04229	0.01295	0.00624	0.00197	0.00433	0.01137	0.00485	0.00564
45	0.02648	0.06687	0.66401	0.01465	0.02193	0.01258	0.04679	0.01650	0.01136	0.01679	0.01163	0.01316	0.04305	0.00545	0.00509	0.00168	0.00755	0.00433	0.00243	0.00765
46	0.45820	0.04725	0.01168	0.03747	0.06422	0.04513	0.00774	0.10338	0.01196	0.02245	0.00890	0.01033	0.00699	0.00505	0.00394	0.00149	0.00486	0.00343	0.02106	0.12448
47	0.10982	0.07205	0.44164	0.01293	0.01904	0.01227	0.04236	0.05274	0.01248	0.12254	0.04506	0.01327	0.00969	0.00557	0.00494	0.00165	0.00660	0.00435	0.00331	0.00769

[dist]
# distance from previous block
# <min> <max>
3	9

[block]
# block no. 4 follows, 45 sequences, length 6
# corresponding to MSA columns:
# 345-350
name=unknown_E
#
# <colnr> <probs for GDERKNQSTAVLIFYWHMCP>
#	G	D	E	R	K	N	Q	S	T	A	V	L	I	F	Y	W	H	M	C	P
0	0.01062	0.06236	0.37440	0.01286	0.01811	0.06509	0.09557	0.01475	0.01228	0.01644	0.09134	0.02231	0.16674	0.00732	0.00550	0.00168	0.00649	0.00617	0.00325	0.00672
1	0.15036	0.33391	0.10609	0.00932	0.01312	0.01442	0.00893	0.01602	0.09608	0.01710	0.08471	0.10150	0.01509	0.00697	0.00449	0.00154	0.00497	0.00538	0.00346	0.00656
2	0.04168	0.09009	0.06844	0.01079	0.01435	0.10277	0.00924	0.18258	0.17339	0.09098	0.12507	0.03646	0.01693	0.00712	0.00524	0.00162	0.00539	0.00563	0.00470	0.00756
3	0.01525	0.10259	0.12229	0.02323	0.43807	0.01267	0.01438	0.01846	0.01259	0.17156	0.01199	0.01352	0.00907	0.00518	0.00510	0.00157	0.00615	0.00459	0.00337	0.00838
4	0.01202	0.01362	0.08349	0.40168	0.22927	0.10198	0.01479	0.01536	0.01168	0.01495	0.01043	0.04779	0.00869	0.00571	0.00533	0.00170	0.00713	0.00501	0.00260	0.00677
5	0.01540	0.60740	0.10955	0.00992	0.01481	0.01828	0.01017	0.01768	0.01162	0.12762	0.00975	0.01035	0.00783	0.00495	0.00392	0.00129	0.00581	0.00337	0.00294	0.00734

[dist]
# distance from previous block
# <min> <max>
1	2

[block]
# block no. 5 follows, 45 sequences, length 66
# corresponding to MSA columns:
# 353-418
name=unknown_F
#
# <colnr> <probs for GDERKNQSTAVLIFYWHMCP>
#	G	D	E	R	K	N	Q	S	T	A	V	L	I	F	Y	W	H	M	C	P
0	0.00776	0.02061	0.00824	0.00713	0.00921	0.00608	0.04859	0.03601	0.02993	0.01690	0.19361	0.04435	0.52803	0.01199	0.00624	0.00177	0.00325	0.01022	0.00502	0.00509
1	0.01335	0.01153	0.01214	0.01092	0.01396	0.01335	0.00850	0.02852	0.76817	0.02245	0.02185	0.02003	0.01639	0.00728	0.00546	0.00182	0.00425	0.00607	0.00546	0.00850
2	0.01435	0.81458	0.02813	0.00918	0.01378	0.02124	0.00918	0.01607	0.01091	0.01263	0.00746	0.00861	0.00689	0.00459	0.00344	0.00115	0.00574	0.00287	0.00230	0.00689
3	0.84927	0.01038	0.00789	0.00706	0.01038	0.01204	0.00581	0.01578	0.00914	0.02408	0.00747	0.00872	0.00581	0.00498	0.00332	0.00166	0.00415	0.00291	0.00332	0.00581
4	0.00768	0.00570	0.00835	0.00835	0.00921	0.00656	0.00636	0.00941	0.00854	0.01226	0.01463	0.02249	0.01403	0.11723	0.71394	0.00829	0.01346	0.00596	0.00291	0.00464
5	0.84927	0.01038	0.00789	0.00706	0.01038	0.01204	0.00581	0.01578	0.00914	0.02408	0.00747	0.00872	0.00581	0.00498	0.00332	0.00166	0.00415	0.00291	0.00332	0.00581
6	0.01354	0.01162	0.01224	0.01096	0.01403	0.01344	0.00854	0.04786	0.74853	0.02276	0.02161	0.01984	0.01619	0.00726	0.00546	0.00182	0.00429	0.00604	0.00546	0.00851
7	0.02041	0.01504	0.01611	0.01235	0.01665	0.01665	0.01020	0.75997	0.02524	0.03383	0.01289	0.01289	0.00913	0.00644	0.00537	0.00161	0.00591	0.00483	0.00537	0.00913
8	0.22332	0.35525	0.01806	0.00951	0.01297	0.17086	0.00827	0.01627	0.01104	0.01557	0.00849	0.01040	0.00744	0.00931	0.10147	0.00225	0.00721	0.00335	0.00272	0.00623
9	0.01267	0.01448	0.03167	0.02262	0.02805	0.01357	0.75837	0.01719	0.01267	0.01719	0.01086	0.01448	0.00814	0.00452	0.00633	0.00181	0.00905	0.00633	0.00271	0.00724
10	0.01113	0.00954	0.01113	0.00795	0.01272	0.00716	0.00636	0.01352	0.01113	0.01749	0.00954	0.01113	0.00795	0.00398	0.00398	0.00080	0.00398	0.00318	0.00318	0.84417
11	0.00995	0.00847	0.04438	0.00783	0.01093	0.00660	0.00635	0.01267	0.03796	0.04967	0.22171	0.08602	0.06742	0.05148	0.00640	0.00156	0.00373	0.00685	0.00435	0.35567
12	0.02080	0.01345	0.01499	0.01154	0.01567	0.01439	0.00948	0.57743	0.02255	0.19484	0.01481	0.01476	0.01036	0.03196	0.00607	0.00174	0.00559	0.00505	0.00558	0.00894
13	0.01403	0.01187	0.01252	0.01106	0.01422	0.01367	0.00866	0.09878	0.69681	0.02355	0.02099	0.01934	0.01569	0.00720	0.00545	0.00180	0.00441	0.00595	0.00545	0.00856
14	0.00654	0.00467	0.00623	0.00747	0.00779	0.00436	0.00498	0.00747	0.01028	0.01370	0.02959	0.80785	0.03550	0.01682	0.00685	0.00218	0.00311	0.01526	0.00498	0.00436
15	0.01184	0.25627	0.54999	0.01366	0.02057	0.01504	0.03042	0.01673	0.01123	0.01573	0.00902	0.01060	0.00685	0.00494	0.00464	0.00154	0.00732	0.00369	0.00228	0.00762
16	0.69135	0.01071	0.00882	0.00783	0.01114	0.01239	0.00637	0.04097	0.12958	0.02413	0.00991	0.01064	0.00759	0.00539	0.00372	0.00168	0.00422	0.00347	0.00372	0.00634
17	0.01136	0.00528	0.00767	0.00728	0.00788	0.00511	0.00507	0.00978	0.00827	0.11487	0.01120	0.01670	0.01000	0.01662	0.01831	0.70242	0.00458	0.00477	0.02947	0.00334
18	0.01519	0.01461	0.02006	0.02787	0.58668	0.12710	0.01482	0.06092	0.01356	0.05269	0.01050	0.01296	0.00852	0.00507	0.00525	0.00157	0.00675	0.00462	0.00301	0.00823
19	0.00769	0.00566	0.00816	0.00816	0.00896	0.00646	0.00613	0.00929	0.00849	0.01212	0.01480	0.02345	0.01444	0.16971	0.66202	0.00805	0.01284	0.00610	0.00294	0.00453
20	0.01333	0.01063	0.01213	0.05395	0.04924	0.01194	0.00875	0.06259	0.50543	0.05630	0.04903	0.02142	0.02894	0.00739	0.00543	0.00177	0.00442	0.02748	0.06196	0.00789
21	0.02276	0.00935	0.01244	0.00948	0.01370	0.00808	0.00781	0.04641	0.01526	0.68819	0.01985	0.01744	0.01267	0.00639	0.00526	0.00158	0.00455	0.00517	0.00628	0.08733
22	0.01329	0.01275	0.02179	0.03295	0.77787	0.01275	0.01647	0.01647	0.01222	0.01754	0.01010	0.01329	0.00850	0.00478	0.00531	0.00159	0.00638	0.00478	0.00266	0.00850
23	0.02005	0.02558	0.01521	0.01383	0.01659	0.78980	0.01037	0.02143	0.01521	0.01314	0.00830	0.00968	0.00691	0.00553	0.00484	0.00138	0.00968	0.00346	0.00277	0.00622
24	0.00654	0.00467	0.00623	0.00747	0.00779	0.00436	0.00498	0.00747	0.01028	0.01370	0.02959	0.80785	0.03550	0.01682	0.00685	0.00218	0.00311	0.01526	0.00498	0.00436
25	0.00654	0.00467	0.00623	0.00747	0.00779	0.00436	0.00498	0.00747	0.01028	0.01370	0.02959	0.80785	0.03550	0.01682	0.00685	0.00218	0.00311	0.01526	0.00498	0.00436
26	0.00865	0.00618	0.00865	0.00989	0.01112	0.00618	0.00865	0.01112	0.01236	0.01606	0.02842	0.06055	0.03089	0.01483	0.00741	0.00247	0.00494	0.74174	0.00494	0.00494
27	0.00767	0.00575	0.00863	0.00863	0.00959	0.00671	0.00671	0.00959	0.00863	0.01246	0.01438	0.02109	0.01342	0.04026	0.79008	0.00863	0.01438	0.00575	0.00288	0.00479
28	0.01247	0.16871	0.01767	0.01245	0.01370	0.08261	0.01052	0.01386	0.00939	0.01283	0.00812	0.01209	0.00778	0.01187	0.10749	0.00279	0.48287	0.00436	0.00244	0.00597
29	0.01327	0.01039	0.01199	0.00873	0.01339	0.00869	0.00705	0.13213	0.01358	0.05993	0.01068	0.01178	0.00842	0.00450	0.00427	0.00097	0.00431	0.00356	0.00371	0.66865
30	0.06614	0.00960	0.01232	0.00963	0.01365	0.00885	0.00791	0.05139	0.07577	0.65511	0.02023	0.01773	0.01300	0.00660	0.00529	0.00167	0.00457	0.00530	0.00633	0.00891
31	0.01387	0.68431	0.10869	0.01062	0.01561	0.01986	0.05393	0.01624	0.01105	0.01336	0.00789	0.00924	0.00695	0.00464	0.00379	0.00125	0.00617	0.00319	0.00232	0.00702
32	0.01134	0.01141	0.01679	0.64588	0.05361	0.08963	0.05309	0.01472	0.01133	0.01405	0.00963	0.01393	0.00733	0.00534	0.00534	0.00174	0.00741	0.00473	0.01662	0.00611
33	0.67409	0.09475	0.05227	0.00786	0.01160	0.01280	0.00703	0.01642	0.00976	0.06203	0.00830	0.00935	0.00637	0.00504	0.00354	0.00161	0.00454	0.00309	0.00333	0.00621
34	0.01152	0.19315	0.62476	0.01401	0.02125	0.01431	0.01759	0.01680	0.01124	0.01608	0.00918	0.01076	0.00682	0.00499	0.00475	0.00158	0.00747	0.00374	0.00227	0.00771
35	0.01635	0.00741	0.00992	0.00831	0.01108	0.00655	0.00663	0.01843	0.01472	0.42484	0.27336	0.04966	0.06659	0.00927	0.00621	0.02019	0.00377	0.03348	0.00611	0.00712
36	0.01372	0.00963	0.01151	0.00837	0.01301	0.00756	0.00675	0.03758	0.01230	0.15448	0.01172	0.01246	0.00894	0.00452	0.00427	0.00097	0.00414	0.00362	0.00386	0.67059
37	0.00654	0.00467	0.00623	0.00747	0.00779	0.00436	0.00498	0.00747	0.01028	0.01370	0.02959	0.80785	0.03550	0.01682	0.00685	0.00218	0.00311	0.01526	0.00498	0.00436
38	0.01335	0.01153	0.01214	0.01092	0.01396	0.01335	0.00850	0.02852	0.76817	0.02245	0.02185	0.02003	0.01639	0.00728	0.00546	0.00182	0.00425	0.00607	0.00546	0.00850
39	0.01161	0.09509	0.56420	0.01486	0.02171	0.01313	0.08607	0.01764	0.05901	0.03285	0.01101	0.02991	0.00831	0.00543	0.00513	0.00168	0.00743	0.00450	0.00266	0.00776
40	0.05685	0.05036	0.55156	0.04940	0.02125	0.01195	0.01649	0.01830	0.01186	0.14611	0.01139	0.01241	0.00786	0.00535	0.00501	0.00168	0.00706	0.00415	0.00307	0.00790
41	0.01077	0.02777	0.78354	0.01530	0.02323	0.01247	0.01983	0.01700	0.01133	0.01700	0.00963	0.01133	0.00680	0.00510	0.00510	0.00170	0.00793	0.00397	0.00227	0.00793
42	0.01032	0.00962	0.01605	0.46782	0.13333	0.01093	0.06101	0.01396	0.03807	0.01499	0.01507	0.06929	0.05128	0.00711	0.00571	0.00184	0.00643	0.05791	0.00303	0.00624
43	0.02165	0.01323	0.13456	0.01079	0.01545	0.05726	0.00998	0.04085	0.01494	0.59639	0.01837	0.01652	0.01177	0.00633	0.00532	0.00165	0.00545	0.00504	0.00568	0.00876
44	0.00947	0.03579	0.44424	0.01162	0.01668	0.00955	0.01344	0.01399	0.01270	0.01838	0.28850	0.05064	0.03729	0.00778	0.00559	0.00170	0.00566	0.00655	0.00373	0.00668
45	0.01009	0.00942	0.01582	0.72066	0.06918	0.01155	0.01444	0.01350	0.01078	0.01389	0.01065	0.05728	0.00875	0.00596	0.00544	0.00180	0.00690	0.00534	0.00254	0.00599
46	0.00691	0.00507	0.00651	0.00737	0.00812	0.00470	0.00529	0.00825	0.01130	0.01486	0.10745	0.50691	0.14983	0.02820	0.00712	0.00216	0.00326	0.10713	0.00504	0.00451
47	0.01322	0.01417	0.09599	0.02681	0.54730	0.04102	0.01527	0.03590	0.01231	0.03401	0.01128	0.06025	0.00992	0.00591	0.00609	0.00168	0.05269	0.00529	0.00290	0.00799
48	0.65233	0.01032	0.00897	0.00768	0.01112	0.01151	0.00632	0.06336	0.01110	0.13374	0.01010	0.01071	0.00735	0.00535	0.00376	0.00164	0.00427	0.00345	0.03044	0.00647
49	0.00862	0.00615	0.00788	0.00812	0.00953	0.00558	0.00599	0.03426	0.01137	0.04152	0.02542	0.52262	0.02887	0.01382	0.00638	0.00197	0.00365	0.11600	0.00476	0.13747
50	0.01308	0.01220	0.05379	0.01074	0.01435	0.01243	0.00882	0.04831	0.58449	0.02173	0.01896	0.01793	0.01431	0.00662	0.00520	0.00165	0.00446	0.00546	0.00493	0.14054
51	0.01321	0.01268	0.02166	0.05029	0.76108	0.01274	0.01644	0.01641	0.01219	0.01745	0.01008	0.01331	0.00847	0.00480	0.00532	0.00160	0.00639	0.00478	0.00265	0.00845
52	0.01168	0.02517	0.65677	0.01452	0.02170	0.01255	0.01798	0.10016	0.01310	0.01913	0.04993	0.01301	0.00935	0.00556	0.00519	0.00169	0.00742	0.00436	0.00281	0.00792
53	0.00657	0.00545	0.00575	0.00568	0.00739	0.00463	0.00426	0.00814	0.01277	0.01577	0.18461	0.04957	0.64467	0.01312	0.00634	0.00179	0.00269	0.01104	0.00515	0.00463
54	0.01693	0.19052	0.05893	0.01169	0.01535	0.27063	0.00996	0.22831	0.01674	0.01982	0.07269	0.04121	0.01211	0.00641	0.00490	0.00147	0.00685	0.00468	0.00371	0.00712
55	0.01099	0.01020	0.01701	0.36891	0.31827	0.01136	0.01420	0.01407	0.01127	0.01527	0.01231	0.07533	0.01119	0.00731	0.02220	0.00193	0.02307	0.04552	0.00283	0.00674
56	0.12271	0.01134	0.01306	0.05711	0.05632	0.01214	0.00893	0.26985	0.10508	0.11860	0.10164	0.01713	0.01471	0.00715	0.01735	0.00173	0.00507	0.00529	0.00487	0.04993
57	0.02009	0.02458	0.01530	0.01369	0.01660	0.71597	0.01036	0.09196	0.01617	0.01511	0.00874	0.00999	0.00713	0.00562	0.00489	0.00140	0.00932	0.00359	0.00301	0.00650
58	0.01335	0.01153	0.01214	0.01092	0.01396	0.01335	0.00850	0.02852	0.76817	0.02245	0.02185	0.02003	0.01639	0.00728	0.00546	0.00182	0.00425	0.00607	0.00546	0.00850
59	0.01022	0.00963	0.01625	0.77818	0.05659	0.01195	0.01495	0.01379	0.01077	0.01382	0.00956	0.01428	0.00719	0.00535	0.00537	0.00178	0.00714	0.00477	0.00239	0.00603
60	0.00761	0.00512	0.00591	0.00610	0.00615	0.00508	0.00352	0.00776	0.00818	0.01091	0.01885	0.15321	0.02196	0.68993	0.02419	0.00474	0.00488	0.00895	0.00352	0.00342
61	0.01191	0.01209	0.01653	0.03858	0.01508	0.04342	0.02804	0.01324	0.00868	0.01306	0.00767	0.02668	0.00760	0.00916	0.01633	0.00228	0.71643	0.00489	0.00242	0.00589
62	0.74551	0.01131	0.05334	0.00770	0.01135	0.01179	0.00677	0.01654	0.00968	0.07411	0.00851	0.00951	0.00637	0.00510	0.00356	0.00166	0.00440	0.00313	0.00348	0.00616
63	0.01306	0.01252	0.02137	0.08898	0.72364	0.01269	0.01636	0.01627	0.01211	0.01726	0.01006	0.01336	0.00840	0.00483	0.00532	0.00161	0.00643	0.00478	0.00264	0.00832
64	0.01148	0.00750	0.00939	0.00927	0.01126	0.00752	0.00760	0.05473	0.11434	0.12061	0.06521	0.12453	0.09837	0.01218	0.00656	0.00210	0.00432	0.32159	0.00532	0.00611
65	0.00970	0.04885	0.00953	0.00886	0.01040	0.00743	0.00724	0.06218	0.02410	0.02855	0.04039	0.11615	0.05793	0.13908	0.00993	0.00263	0.00473	0.37811	0.00458	0.02963

[dist]
# distance from previous block
# <min> <max>
7	12

[block]
# block no. 6 follows, 45 sequences, length 16
# corresponding to MSA columns:
# 431-446
name=unknown_G
#
# <colnr> <probs for GDERKNQSTAVLIFYWHMCP>
#	G	D	E	R	K	N	Q	S	T	A	V	L	I	F	Y	W	H	M	C	P
0	0.01666	0.07455	0.06927	0.03308	0.03005	0.04568	0.01011	0.26519	0.19712	0.10643	0.01517	0.01584	0.01134	0.00640	0.00517	0.00160	0.00554	0.02474	0.00469	0.06137
1	0.01082	0.03970	0.00875	0.00746	0.00912	0.00627	0.00568	0.01264	0.01309	0.15512	0.33265	0.10296	0.06413	0.13992	0.00956	0.00234	0.00371	0.06532	0.00527	0.00549
2	0.01727	0.01740	0.30778	0.01346	0.06142	0.01126	0.01324	0.13718	0.01503	0.29660	0.01435	0.01419	0.00966	0.00581	0.00522	0.00163	0.00614	0.00464	0.00440	0.04334
3	0.00731	0.00557	0.00678	0.00675	0.00820	0.00504	0.00524	0.00942	0.01374	0.01826	0.41238	0.04716	0.30238	0.01246	0.00649	0.00185	0.00295	0.11770	0.00544	0.00486
4	0.00657	0.00471	0.00619	0.00735	0.00771	0.00439	0.00490	0.00749	0.01027	0.01363	0.03005	0.75750	0.06070	0.04149	0.00747	0.00226	0.00317	0.01489	0.00493	0.00433
5	0.00767	0.00575	0.00863	0.00863	0.00959	0.00671	0.00671	0.00959	0.00863	0.01246	0.01438	0.02109	0.01342	0.04026	0.79008	0.00863	0.01438	0.00575	0.00288	0.00479
6	0.01522	0.01150	0.01271	0.01201	0.05754	0.04091	0.00893	0.02646	0.53842	0.15016	0.02083	0.02063	0.01566	0.00728	0.00550	0.00179	0.00465	0.03604	0.00538	0.00837
7	0.01074	0.00907	0.01065	0.00818	0.01230	0.00721	0.00650	0.01370	0.05137	0.01737	0.01287	0.07768	0.01190	0.00579	0.00448	0.00106	0.00398	0.04649	0.00355	0.68512
8	0.00940	0.00592	0.00756	0.00690	0.00859	0.00533	0.00526	0.01171	0.01479	0.11204	0.58079	0.03913	0.15024	0.01083	0.00622	0.00170	0.00280	0.00942	0.00586	0.00548
9	0.01872	0.00931	0.01247	0.00982	0.01313	0.00895	0.00806	0.02073	0.01355	0.47673	0.08189	0.01802	0.01468	0.00708	0.00729	0.00165	0.13594	0.00533	0.00536	0.13130
10	0.74841	0.01055	0.00892	0.00791	0.01083	0.01257	0.00653	0.01543	0.00903	0.02274	0.00742	0.00908	0.00596	0.00551	0.00504	0.00174	0.10017	0.00312	0.00320	0.00582
11	0.25348	0.01138	0.01200	0.00979	0.01353	0.01223	0.00798	0.20245	0.15892	0.24204	0.01543	0.01460	0.01076	0.00625	0.00482	0.00168	0.00472	0.00469	0.00517	0.00808
12	0.01502	0.01236	0.01308	0.01126	0.01459	0.01413	0.00890	0.20138	0.59259	0.02514	0.01973	0.01834	0.01467	0.00708	0.00544	0.00177	0.00464	0.00578	0.00544	0.00865
