[name]
unknown

[dist]
# distance from previous block
# <min> <max>
8	53

[block]
# block no. 0 follows, 47 sequences, length 9
# corresponding to MSA columns:
# 72-80
name=unknown_A
#
# <colnr> <probs for GDERKNQSTAVLIFYWHMCP>
#	G	D	E	R	K	N	Q	S	T	A	V	L	I	F	Y	W	H	M	C	P
0	0.07746	0.07773	0.07052	0.00894	0.01299	0.00987	0.00784	0.04070	0.12413	0.13553	0.06200	0.02862	0.02811	0.00582	0.00455	0.00132	0.00436	0.00463	0.00409	0.29079
1	0.03438	0.03610	0.11276	0.08402	0.01541	0.03524	0.00928	0.06163	0.05846	0.13302	0.03682	0.09322	0.06348	0.00760	0.00519	0.00158	0.00498	0.05795	0.00409	0.14478
2	0.03065	0.03260	0.12860	0.00962	0.01288	0.04141	0.00862	0.11343	0.06393	0.10575	0.12125	0.13116	0.01938	0.06889	0.00692	0.00188	0.00484	0.02023	0.00436	0.07359
3	0.01341	0.20676	0.25463	0.01112	0.01655	0.01377	0.01165	0.18130	0.01383	0.01921	0.00953	0.01066	0.00738	0.00486	0.00437	0.00130	0.00585	0.00360	0.00308	0.20713
4	0.01331	0.01092	0.07445	0.04257	0.01421	0.00925	0.00836	0.10817	0.08863	0.12855	0.12882	0.01723	0.01549	0.00611	0.00512	0.00136	0.02108	0.00497	0.00431	0.29710
5	0.01327	0.01211	0.07511	0.06722	0.42513	0.02763	0.02723	0.03171	0.01207	0.11061	0.04407	0.01675	0.01147	0.09434	0.00755	0.00196	0.00596	0.00518	0.00326	0.00738
6	0.07231	0.01207	0.01833	0.02505	0.55160	0.01208	0.01339	0.09800	0.01290	0.01919	0.00985	0.01228	0.00807	0.00473	0.00487	0.00146	0.00570	0.00433	0.00297	0.11083
7	0.01105	0.09885	0.01713	0.52220	0.12563	0.01283	0.01329	0.01565	0.10404	0.01470	0.01056	0.01383	0.00817	0.00528	0.00501	0.00165	0.00635	0.00458	0.00270	0.00650
8	0.01293	0.09875	0.01645	0.46040	0.07041	0.01215	0.01218	0.07180	0.01215	0.10979	0.01069	0.01337	0.00791	0.00523	0.00491	0.00156	0.00613	0.00440	0.00310	0.06570

[dist]
# distance from previous block
# <min> <max>
2	12

[block]
# block no. 1 follows, 47 sequences, length 19
# corresponding to MSA columns:
# 93-111
name=unknown_B
#
# <colnr> <probs for GDERKNQSTAVLIFYWHMCP>
#	G	D	E	R	K	N	Q	S	T	A	V	L	I	F	Y	W	H	M	C	P
0	0.61076	0.00971	0.00885	0.00880	0.06479	0.01091	0.00636	0.05696	0.01035	0.02221	0.07274	0.01352	0.01065	0.06854	0.00553	0.00187	0.00423	0.00397	0.00349	0.00575
1	0.00796	0.00536	0.00614	0.00591	0.00731	0.00504	0.00444	0.01054	0.03674	0.01902	0.38055	0.03509	0.19560	0.00976	0.00540	0.00155	0.00254	0.00833	0.24784	0.00489
2	0.01304	0.15011	0.46305	0.01336	0.01920	0.17437	0.01511	0.03821	0.01212	0.01549	0.00944	0.01188	0.00748	0.00531	0.00473	0.00152	0.00756	0.02842	0.00247	0.00713
3	0.02212	0.00890	0.01196	0.00911	0.01320	0.00758	0.00751	0.02416	0.01450	0.71159	0.01942	0.01704	0.01238	0.00619	0.00510	0.00153	0.00437	0.00502	0.00611	0.09221
4	0.01829	0.08426	0.01652	0.01530	0.11503	0.58526	0.01067	0.04777	0.01443	0.03386	0.00870	0.01009	0.00714	0.00526	0.00468	0.00137	0.00842	0.00357	0.00282	0.00655
5	0.04411	0.30666	0.46117	0.01291	0.03454	0.01512	0.02770	0.01612	0.01081	0.01527	0.00855	0.01005	0.00665	0.00475	0.00434	0.00146	0.00679	0.00349	0.00226	0.00726
6	0.01154	0.00549	0.00610	0.00565	0.00728	0.00528	0.00434	0.01391	0.01183	0.13381	0.08101	0.02078	0.01625	0.00650	0.00409	0.00131	0.00273	0.00529	0.65135	0.00545
7	0.00684	0.00551	0.00611	0.00627	0.00784	0.00491	0.00488	0.00864	0.02577	0.01490	0.10676	0.04957	0.54249	0.04392	0.00711	0.00199	0.00313	0.14398	0.00485	0.00453
8	0.01265	0.01263	0.03962	0.04788	0.41917	0.01262	0.14229	0.01897	0.20382	0.01803	0.01276	0.01471	0.01003	0.00523	0.00536	0.00165	0.00617	0.00519	0.00325	0.00795
9	0.00672	0.00515	0.00585	0.00591	0.00704	0.00461	0.00416	0.00801	0.01152	0.01485	0.21403	0.14730	0.37303	0.15697	0.00986	0.00237	0.00308	0.01052	0.00475	0.00427
10	0.00821	0.00651	0.00906	0.07428	0.01084	0.00771	0.00668	0.00942	0.00830	0.01166	0.01416	0.06813	0.01479	0.29129	0.31195	0.00545	0.12772	0.00654	0.00291	0.00437
11	0.00678	0.00489	0.00622	0.00714	0.00761	0.00466	0.00486	0.00799	0.02644	0.01325	0.02844	0.59017	0.08212	0.12316	0.00928	0.00250	0.00341	0.06226	0.00462	0.00422
12	0.00917	0.00572	0.00754	0.00686	0.00840	0.00522	0.00522	0.01157	0.01476	0.10703	0.69628	0.03652	0.04507	0.01017	0.00604	0.00163	0.00268	0.00895	0.00581	0.00536
13	0.01575	0.01261	0.01540	0.17803	0.11893	0.04832	0.01117	0.38810	0.01775	0.04178	0.01170	0.01358	0.00880	0.00811	0.06122	0.00206	0.00666	0.00469	0.02772	0.00761
14	0.01710	0.01418	0.01454	0.11165	0.04155	0.12984	0.01012	0.33547	0.16186	0.07817	0.01363	0.01400	0.00996	0.00610	0.00513	0.00159	0.00600	0.00475	0.01650	0.00786
15	0.03062	0.01435	0.18218	0.03689	0.29041	0.01074	0.05570	0.03268	0.01221	0.13586	0.01275	0.01420	0.03422	0.00521	0.00502	0.00151	0.00594	0.00463	0.00330	0.11158
16	0.03024	0.26002	0.37872	0.01418	0.07829	0.01434	0.05701	0.01691	0.01129	0.07948	0.00971	0.01103	0.00733	0.00487	0.00454	0.00148	0.00666	0.00382	0.00264	0.00745
17	0.01163	0.25030	0.49240	0.01392	0.02044	0.01462	0.09642	0.01626	0.01102	0.01531	0.00888	0.01057	0.00676	0.00475	0.00462	0.00151	0.00721	0.00379	0.00225	0.00734
18	0.00825	0.00557	0.00745	0.00741	0.00861	0.00533	0.00574	0.01039	0.01301	0.05352	0.44801	0.09500	0.03834	0.05532	0.06884	0.00252	0.00407	0.15253	0.00516	0.00491

[dist]
# distance from previous block
# <min> <max>
0	11

[block]
# block no. 2 follows, 47 sequences, length 11
# corresponding to MSA columns:
# 123-133
name=unknown_C
#
# <colnr> <probs for GDERKNQSTAVLIFYWHMCP>
#	G	D	E	R	K	N	Q	S	T	A	V	L	I	F	Y	W	H	M	C	P
0	0.01443	0.06040	0.06258	0.09397	0.01635	0.05807	0.00906	0.12676	0.04083	0.12637	0.03718	0.01336	0.00999	0.00525	0.00461	0.00128	0.00518	0.00414	0.00382	0.30636
1	0.04395	0.17857	0.23361	0.01147	0.01637	0.13401	0.01153	0.07450	0.06679	0.09254	0.01082	0.01148	0.00814	0.00521	0.00451	0.00141	0.00635	0.00380	0.00325	0.08167
2	0.09832	0.06223	0.07849	0.08012	0.01560	0.07703	0.00931	0.26195	0.01583	0.06802	0.03464	0.01579	0.06040	0.00629	0.00476	0.00153	0.00541	0.00479	0.09251	0.00699
3	0.01012	0.00793	0.05459	0.00772	0.00953	0.00704	0.00601	0.05563	0.07720	0.08327	0.07522	0.08671	0.10475	0.29439	0.07214	0.00337	0.00514	0.00761	0.00416	0.02747
4	0.01218	0.00867	0.01054	0.02551	0.03389	0.00886	0.03696	0.20074	0.03585	0.02191	0.08694	0.04675	0.01667	0.00726	0.00490	0.00148	0.00411	0.06821	0.28351	0.08507
5	0.00752	0.00551	0.00620	0.00621	0.00730	0.00527	0.00433	0.00972	0.06497	0.01525	0.16808	0.14197	0.24846	0.20307	0.01078	0.00252	0.00332	0.00953	0.07552	0.00448
6	0.01292	0.27801	0.21712	0.01302	0.04826	0.07856	0.05718	0.04570	0.01158	0.01522	0.03078	0.01117	0.00819	0.00539	0.00581	0.00147	0.09516	0.00386	0.00257	0.05802
7	0.01142	0.04155	0.01172	0.00800	0.01259	0.00799	0.00648	0.05475	0.01154	0.01766	0.00936	0.01080	0.00774	0.00401	0.00391	0.00083	0.00403	0.00316	0.00317	0.76931
8	0.00800	0.00857	0.10292	0.00877	0.01095	0.00641	0.07055	0.01056	0.01260	0.01750	0.39855	0.10271	0.09794	0.09527	0.00821	0.00208	0.00401	0.02465	0.00460	0.00513
9	0.01169	0.52380	0.01967	0.00808	0.01102	0.01503	0.00728	0.01296	0.00988	0.01195	0.01156	0.01989	0.01211	0.22907	0.01006	0.00231	0.00536	0.07003	0.00271	0.00554
10	0.00921	0.00637	0.00767	0.00789	0.00915	0.00640	0.00563	0.01307	0.17008	0.08025	0.02747	0.48387	0.08075	0.05744	0.00731	0.00214	0.00345	0.01147	0.00497	0.00541

[dist]
# distance from previous block
# <min> <max>
5	7

[block]
# block no. 3 follows, 47 sequences, length 11
# corresponding to MSA columns:
# 141-151
name=unknown_D
#
# <colnr> <probs for GDERKNQSTAVLIFYWHMCP>
#	G	D	E	R	K	N	Q	S	T	A	V	L	I	F	Y	W	H	M	C	P
0	0.01430	0.69806	0.07671	0.00955	0.01412	0.06053	0.00961	0.01626	0.01098	0.03883	0.00787	0.00890	0.00689	0.00460	0.00358	0.00118	0.00587	0.00297	0.00239	0.00679
1	0.68386	0.01347	0.16528	0.00846	0.01258	0.01177	0.00838	0.01555	0.00929	0.02198	0.00767	0.00897	0.00583	0.00486	0.00357	0.00162	0.00477	0.00303	0.00302	0.00605
2	0.01216	0.01160	0.01770	0.14667	0.48421	0.03480	0.01366	0.01677	0.11904	0.01678	0.01419	0.01640	0.06180	0.00567	0.00524	0.00162	0.00587	0.00521	0.00308	0.00754
3	0.00629	0.00528	0.00546	0.00541	0.00711	0.00445	0.00406	0.00773	0.01218	0.01480	0.13117	0.04891	0.70352	0.01292	0.00615	0.00175	0.00262	0.01082	0.00493	0.00445
4	0.00799	0.00616	0.00898	0.00963	0.06153	0.00697	0.00666	0.00953	0.00843	0.01204	0.01389	0.02237	0.01366	0.19403	0.55584	0.00700	0.04196	0.00588	0.00283	0.00463
5	0.85377	0.01007	0.00765	0.00685	0.01007	0.01168	0.00564	0.01531	0.00886	0.02336	0.00725	0.00846	0.00564	0.00483	0.00322	0.00161	0.00403	0.00282	0.00322	0.00564
6	0.00744	0.00558	0.00837	0.00837	0.00930	0.00651	0.00651	0.00930	0.00837	0.01209	0.01395	0.02046	0.01302	0.03906	0.79635	0.00837	0.01395	0.00558	0.00279	0.00465
7	0.01194	0.01380	0.09919	0.10753	0.28099	0.01248	0.27663	0.01646	0.05743	0.01672	0.02911	0.01419	0.00923	0.00504	0.00580	0.00168	0.02636	0.00527	0.00276	0.00736
8	0.45154	0.24656	0.01468	0.00870	0.01218	0.16466	0.00743	0.01644	0.01049	0.01812	0.00740	0.00861	0.00615	0.00483	0.00354	0.00142	0.00550	0.00291	0.00283	0.00602
9	0.00634	0.00453	0.00604	0.00725	0.00755	0.00423	0.00483	0.00725	0.00997	0.01329	0.02870	0.81358	0.03444	0.01632	0.00665	0.00211	0.00302	0.01480	0.00483	0.00423
10	0.01242	0.01438	0.12941	0.05550	0.62432	0.01234	0.04365	0.01599	0.01170	0.01680	0.00974	0.01270	0.00796	0.00469	0.00516	0.00158	0.00652	0.00458	0.00252	0.00804

[dist]
# distance from previous block
# <min> <max>
0	9

[block]
# block no. 4 follows, 47 sequences, length 20
# corresponding to MSA columns:
# 161-180
name=unknown_E
#
# <colnr> <probs for GDERKNQSTAVLIFYWHMCP>
#	G	D	E	R	K	N	Q	S	T	A	V	L	I	F	Y	W	H	M	C	P
0	0.00635	0.00528	0.00555	0.00548	0.00716	0.00448	0.00411	0.00786	0.01234	0.01518	0.17172	0.04829	0.66273	0.01277	0.00615	0.00174	0.00261	0.01073	0.00498	0.00448
1	0.01475	0.12043	0.09676	0.01324	0.07707	0.24924	0.01055	0.04747	0.25155	0.01701	0.01418	0.01450	0.03913	0.00601	0.00485	0.00152	0.00643	0.00457	0.00355	0.00720
2	0.00664	0.00524	0.00599	0.00592	0.00736	0.00459	0.00439	0.00838	0.01286	0.01668	0.33614	0.10090	0.44155	0.01242	0.00619	0.00174	0.00259	0.01065	0.00519	0.00459
3	0.00858	0.00469	0.00657	0.00659	0.00664	0.00472	0.00428	0.00708	0.00710	0.00950	0.01140	0.03763	0.01208	0.20758	0.05100	0.59893	0.00497	0.00551	0.00255	0.00261
4	0.00668	0.00514	0.00605	0.00638	0.00752	0.00461	0.00466	0.00810	0.01164	0.01496	0.17120	0.24568	0.35333	0.06120	0.00757	0.00208	0.00302	0.07088	0.00489	0.00440
5	0.01805	0.01586	0.01662	0.01318	0.01660	0.14886	0.06474	0.48322	0.01970	0.02548	0.01083	0.01193	0.00815	0.00635	0.00680	0.00164	0.11542	0.00455	0.00419	0.00781
6	0.01711	0.01095	0.01245	0.02419	0.01383	0.01160	0.00822	0.33122	0.14524	0.19634	0.04737	0.05832	0.04051	0.00732	0.00529	0.00163	0.00465	0.00593	0.04988	0.00795
7	0.00960	0.00957	0.00832	0.00820	0.02868	0.15624	0.00595	0.01213	0.06582	0.01588	0.19898	0.06133	0.37855	0.01061	0.00581	0.00166	0.00409	0.00880	0.00460	0.00518
8	0.01764	0.01324	0.01425	0.01138	0.01505	0.01469	0.00923	0.58967	0.14144	0.02951	0.01517	0.07801	0.01202	0.00719	0.00534	0.00164	0.00526	0.00569	0.00519	0.00839
9	0.00745	0.00500	0.00572	0.00584	0.00587	0.00497	0.00333	0.00754	0.00782	0.01042	0.01766	0.11315	0.02051	0.73576	0.02449	0.00475	0.00484	0.00831	0.00333	0.00326
10	0.01078	0.02415	0.01559	0.02849	0.07567	0.01369	0.03823	0.01239	0.00861	0.01296	0.00867	0.01340	0.00821	0.01437	0.16988	0.00338	0.52855	0.00480	0.00242	0.00576
11	0.05555	0.01032	0.01249	0.00987	0.01371	0.01020	0.00807	0.15912	0.13839	0.49711	0.01865	0.01667	0.01234	0.00644	0.00516	0.00163	0.00460	0.00514	0.00590	0.00863
12	0.00776	0.00608	0.00889	0.00875	0.00951	0.00726	0.00678	0.00942	0.00843	0.01217	0.01447	0.08368	0.01427	0.05643	0.63006	0.00714	0.09501	0.00627	0.00291	0.00468
13	0.01777	0.00789	0.01056	0.00867	0.01169	0.00720	0.00696	0.04050	0.03092	0.49911	0.16540	0.06619	0.02097	0.01042	0.06884	0.00219	0.00477	0.00659	0.00587	0.00750
14	0.01324	0.59850	0.15972	0.01043	0.01506	0.03619	0.01095	0.01562	0.01054	0.01303	0.00759	0.00908	0.00668	0.00494	0.00475	0.00131	0.07025	0.00313	0.00224	0.00677
15	0.00622	0.00522	0.00541	0.00549	0.00711	0.00441	0.00407	0.00756	0.01184	0.01430	0.08230	0.11078	0.69083	0.01333	0.00619	0.00178	0.00266	0.01123	0.00487	0.00441
16	0.01585	0.01174	0.01368	0.06929	0.05867	0.01297	0.00946	0.27282	0.31174	0.10438	0.05152	0.01706	0.01367	0.00662	0.00529	0.00166	0.00494	0.00542	0.00504	0.00818
17	0.00753	0.00522	0.00656	0.00656	0.00686	0.00553	0.00425	0.00814	0.00783	0.01075	0.01560	0.02962	0.01700	0.56247	0.27837	0.00614	0.00796	0.00692	0.00304	0.00364
18	0.01259	0.13178	0.27088	0.02960	0.06036	0.01242	0.21144	0.01650	0.01179	0.10076	0.01408	0.02880	0.06427	0.00567	0.00520	0.00161	0.00678	0.00521	0.00304	0.00720
19	0.03680	0.01726	0.18860	0.01397	0.07295	0.02855	0.01233	0.51461	0.02002	0.02746	0.01140	0.01204	0.00819	0.00580	0.00509	0.00158	0.00623	0.00443	0.00426	0.00843

[dist]
# distance from previous block
# <min> <max>
3	6

[block]
# block no. 5 follows, 47 sequences, length 21
# corresponding to MSA columns:
# 187-207
name=unknown_F
#
# <colnr> <probs for GDERKNQSTAVLIFYWHMCP>
#	G	D	E	R	K	N	Q	S	T	A	V	L	I	F	Y	W	H	M	C	P
0	0.41911	0.07524	0.01147	0.17824	0.01599	0.01121	0.01917	0.01494	0.01050	0.07322	0.09327	0.01395	0.01149	0.00565	0.00417	0.00159	0.00466	0.00420	0.02601	0.00590
1	0.51308	0.04170	0.02693	0.05513	0.15223	0.01135	0.00831	0.01448	0.00972	0.02000	0.01020	0.09730	0.00938	0.00606	0.00409	0.00164	0.00460	0.00457	0.00317	0.00605
2	0.01409	0.01516	0.02049	0.07833	0.47060	0.18866	0.10458	0.01697	0.01247	0.01577	0.00946	0.01231	0.00777	0.00481	0.00517	0.00154	0.00727	0.00453	0.00259	0.00744
3	0.56313	0.01037	0.01113	0.00886	0.01264	0.01080	0.09703	0.01498	0.00971	0.02112	0.00810	0.00966	0.00638	0.00456	0.00372	0.00144	0.00456	0.00328	0.00312	0.19543
4	0.00929	0.00678	0.00795	0.00766	0.05104	0.00567	0.00545	0.01101	0.01212	0.09933	0.06808	0.03697	0.48648	0.01019	0.00558	0.00155	0.00324	0.00852	0.00461	0.15848
5	0.01318	0.19645	0.01533	0.01021	0.01350	0.01471	0.00840	0.02491	0.60000	0.01960	0.01800	0.01689	0.01379	0.00647	0.00485	0.00162	0.00445	0.00518	0.00460	0.00789
6	0.01509	0.60638	0.05128	0.01017	0.01433	0.20141	0.00954	0.01684	0.01157	0.01252	0.00750	0.00869	0.00669	0.00469	0.00371	0.00119	0.00654	0.00296	0.00233	0.00657
7	0.00641	0.00484	0.00593	0.00659	0.00743	0.00436	0.00459	0.00762	0.01109	0.01442	0.12492	0.49998	0.25349	0.01474	0.00644	0.00195	0.00284	0.01306	0.00494	0.00436
8	0.01161	0.01136	0.03674	0.06530	0.44318	0.06613	0.01269	0.01401	0.01144	0.01540	0.01379	0.11398	0.01358	0.00802	0.00646	0.05381	0.00586	0.08686	0.00305	0.00671
9	0.01603	0.01324	0.12111	0.01102	0.01521	0.02091	0.02996	0.26766	0.03847	0.17955	0.02460	0.03667	0.01107	0.00942	0.08420	0.00220	0.00631	0.00499	0.00446	0.10293
10	0.01598	0.03163	0.01412	0.01375	0.14765	0.00910	0.05548	0.06046	0.03114	0.31199	0.06140	0.02253	0.03567	0.00819	0.00675	0.07072	0.00499	0.08650	0.00472	0.00724
11	0.00649	0.00462	0.00610	0.00711	0.00747	0.00433	0.00475	0.00748	0.01024	0.01375	0.08945	0.71005	0.03484	0.05734	0.00763	0.00223	0.00308	0.01399	0.00482	0.00423
12	0.01234	0.01464	0.09780	0.02491	0.30094	0.01278	0.42487	0.01641	0.01201	0.01678	0.01016	0.01334	0.00791	0.00453	0.00568	0.00167	0.00774	0.00539	0.00257	0.00753
13	0.01615	0.05362	0.07496	0.05272	0.10945	0.26961	0.01063	0.08012	0.03920	0.12613	0.10387	0.01542	0.01334	0.00611	0.00505	0.00150	0.00657	0.00477	0.00378	0.00702
14	0.00707	0.00595	0.00711	0.00698	0.00827	0.00599	0.00538	0.00853	0.01109	0.01417	0.09561	0.10403	0.46120	0.01596	0.10233	0.00265	0.09175	0.03694	0.00438	0.00461
15	0.00729	0.00493	0.00576	0.00604	0.00611	0.00486	0.00354	0.00750	0.00812	0.01083	0.01921	0.21179	0.02247	0.63444	0.02198	0.00438	0.00459	0.00922	0.00354	0.00340
16	0.50097	0.01173	0.10296	0.00854	0.01254	0.01051	0.00788	0.01850	0.01095	0.25416	0.01153	0.01157	0.00795	0.00534	0.00404	0.00162	0.00459	0.00368	0.00408	0.00686
17	0.01237	0.19143	0.45518	0.01290	0.01876	0.10793	0.01474	0.01752	0.07362	0.01551	0.01016	0.02949	0.00803	0.00533	0.00465	0.00152	0.00705	0.00399	0.00258	0.00725
18	0.01540	0.19993	0.08000	0.01115	0.01508	0.09683	0.00986	0.23106	0.22676	0.02111	0.01342	0.03432	0.01058	0.00613	0.00477	0.00152	0.00572	0.00465	0.00403	0.00768
19	0.00764	0.00567	0.00692	0.00733	0.00838	0.00542	0.00531	0.06973	0.01216	0.01600	0.11392	0.47197	0.17623	0.01416	0.00641	0.00197	0.00322	0.05786	0.00496	0.00475
20	0.00826	0.00645	0.00745	0.00711	0.00860	0.00646	0.00523	0.01269	0.17141	0.01812	0.35369	0.09017	0.17275	0.09859	0.00822	0.00209	0.00316	0.00915	0.00513	0.00527

[dist]
# distance from previous block
# <min> <max>
0	1

[block]
# block no. 6 follows, 47 sequences, length 16
# corresponding to MSA columns:
# 209-224
name=unknown_G
#
# <colnr> <probs for GDERKNQSTAVLIFYWHMCP>
#	G	D	E	R	K	N	Q	S	T	A	V	L	I	F	Y	W	H	M	C	P
0	0.01511	0.25120	0.22030	0.01285	0.04408	0.20181	0.01224	0.12624	0.04029	0.01695	0.00932	0.01043	0.00736	0.00516	0.00448	0.00141	0.00703	0.00365	0.00288	0.00722
1	0.01200	0.01204	0.04547	0.23500	0.56162	0.01215	0.01569	0.01529	0.01145	0.01602	0.00964	0.01309	0.00785	0.00480	0.00516	0.00160	0.00644	0.00461	0.00250	0.00758
2	0.01312	0.47410	0.26591	0.01239	0.06079	0.06641	0.01264	0.01623	0.01105	0.01389	0.00810	0.00951	0.00675	0.00468	0.00404	0.00132	0.00651	0.00326	0.00227	0.00705
3	0.01399	0.19741	0.30641	0.01174	0.03451	0.01206	0.02520	0.01746	0.01204	0.20112	0.05725	0.06400	0.01238	0.00622	0.00486	0.00155	0.00582	0.00501	0.00361	0.00737
4	0.00757	0.00505	0.00568	0.00568	0.00568	0.00505	0.00316	0.00757	0.00757	0.01010	0.01641	0.03408	0.01893	0.81698	0.02651	0.00505	0.00505	0.00757	0.00316	0.00316
5	0.00679	0.00504	0.00628	0.00694	0.00775	0.00466	0.00487	0.02510	0.01132	0.01490	0.12797	0.53146	0.18144	0.01472	0.00647	0.00198	0.00298	0.02990	0.00496	0.00447
6	0.01233	0.07949	0.17755	0.09581	0.09812	0.02610	0.32269	0.06321	0.01236	0.01681	0.01019	0.02733	0.00799	0.00505	0.00563	0.00166	0.02274	0.00512	0.00267	0.00715
7	0.01436	0.01181	0.01391	0.01421	0.13702	0.01312	0.00978	0.16632	0.46750	0.04191	0.01790	0.01824	0.01370	0.00673	0.00532	0.00171	0.00479	0.02855	0.00486	0.00827
8	0.00723	0.00500	0.00585	0.00608	0.00632	0.00492	0.00370	0.00759	0.00839	0.01110	0.02132	0.18173	0.07867	0.56622	0.06032	0.00442	0.00494	0.00909	0.00358	0.00353
9	0.01565	0.01213	0.01408	0.06203	0.07325	0.01310	0.00961	0.44577	0.08310	0.02583	0.01628	0.05751	0.05574	0.00717	0.00532	0.00161	0.00524	0.03092	0.00465	0.06101
10	0.01313	0.01037	0.01454	0.03563	0.17534	0.01080	0.06602	0.08720	0.22830	0.09132	0.18890	0.02113	0.02007	0.00699	0.00551	0.00166	0.00477	0.00624	0.00465	0.00745
11	0.03137	0.18256	0.40470	0.01330	0.01905	0.06317	0.07208	0.07226	0.01204	0.01652	0.00941	0.01125	0.00727	0.00708	0.05469	0.00195	0.00762	0.00393	0.00255	0.00718
12	0.01499	0.05925	0.01390	0.14352	0.05444	0.14881	0.00952	0.16970	0.09472	0.06787	0.03969	0.01496	0.01107	0.00596	0.00482	0.00150	0.00573	0.00468	0.12795	0.00691
13	0.01456	0.25440	0.07817	0.01169	0.01492	0.14583	0.05435	0.01658	0.01138	0.11066	0.01086	0.06180	0.00947	0.00740	0.02744	0.00176	0.15450	0.00462	0.00304	0.00656
14	0.01047	0.00632	0.00775	0.00722	0.00858	0.00640	0.00527	0.06754	0.01091	0.11169	0.02027	0.08968	0.08285	0.24119	0.19604	0.00415	0.00642	0.00715	0.10504	0.00505
15	0.00779	0.00676	0.00670	0.00649	0.00803	0.05487	0.00467	0.00933	0.02554	0.01456	0.13392	0.12809	0.38457	0.12274	0.00876	0.00215	0.00352	0.00968	0.00448	0.05735

[dist]
# distance from previous block
# <min> <max>
3	6

[block]
# block no. 7 follows, 47 sequences, length 6
# corresponding to MSA columns:
# 250-255
name=unknown_H
#
# <colnr> <probs for GDERKNQSTAVLIFYWHMCP>
#	G	D	E	R	K	N	Q	S	T	A	V	L	I	F	Y	W	H	M	C	P
0	0.06519	0.10651	0.13519	0.01389	0.08834	0.30912	0.01128	0.07274	0.06846	0.04398	0.01056	0.03305	0.00857	0.00563	0.00470	0.00148	0.00711	0.00412	0.00314	0.00696
1	0.61383	0.01099	0.04625	0.00788	0.01156	0.01125	0.00682	0.06599	0.01077	0.10467	0.00925	0.00999	0.00681	0.00504	0.00369	0.00155	0.00435	0.00327	0.00364	0.06239
2	0.06199	0.02071	0.42313	0.01495	0.07135	0.08248	0.06487	0.04555	0.07318	0.04804	0.01138	0.03939	0.00878	0.00559	0.00502	0.00164	0.00696	0.00457	0.00297	0.00743
3	0.01155	0.00824	0.03558	0.00957	0.06567	0.00742	0.00707	0.03899	0.10233	0.15117	0.30992	0.03039	0.15616	0.00897	0.00568	0.00163	0.00361	0.00768	0.00521	0.03315
4	0.00678	0.00503	0.00627	0.00675	0.00766	0.00462	0.00486	0.00824	0.01163	0.01541	0.22401	0.35526	0.19914	0.05278	0.00742	0.00208	0.00303	0.06961	0.00498	0.00443
5	0.01145	0.03829	0.04567	0.06509	0.17150	0.01198	0.16594	0.01511	0.06152	0.01624	0.05605	0.03715	0.01146	0.00623	0.00736	0.00167	0.14967	0.00533	0.02606	0.09623

[dist]
# distance from previous block
# <min> <max>
5	27

[block]
# block no. 8 follows, 47 sequences, length 9
# corresponding to MSA columns:
# 301-309
name=unknown_I
#
# <colnr> <probs for GDERKNQSTAVLIFYWHMCP>
#	G	D	E	R	K	N	Q	S	T	A	V	L	I	F	Y	W	H	M	C	P
0	0.09195	0.09946	0.08509	0.00923	0.01297	0.04636	0.00820	0.08863	0.11431	0.08356	0.06147	0.01667	0.04996	0.01956	0.00493	0.00147	0.00473	0.00476	0.05026	0.14643
1	0.01552	0.06296	0.09266	0.01216	0.06266	0.01336	0.01004	0.40283	0.05559	0.04090	0.03614	0.04588	0.04852	0.02857	0.00570	0.00164	0.00539	0.00537	0.00441	0.04968
2	0.03508	0.35619	0.08689	0.01075	0.01485	0.04260	0.05614	0.09041	0.10125	0.06421	0.01256	0.06808	0.01085	0.00618	0.00454	0.00147	0.00563	0.02181	0.00344	0.00706
3	0.03650	0.05656	0.00942	0.03181	0.01011	0.00713	0.00622	0.01179	0.01244	0.10151	0.32006	0.16463	0.07805	0.01160	0.03702	0.00199	0.04355	0.03282	0.00483	0.02194
4	0.01111	0.02107	0.46543	0.06615	0.06490	0.01241	0.25160	0.01633	0.01141	0.01638	0.00973	0.01222	0.00711	0.00477	0.00535	0.00168	0.00791	0.00465	0.00236	0.00740
5	0.00794	0.00550	0.00687	0.00642	0.00791	0.00495	0.00485	0.01014	0.01415	0.05889	0.59045	0.04015	0.20034	0.01096	0.00610	0.00166	0.00260	0.00953	0.00558	0.00501
6	0.00708	0.00522	0.00627	0.00611	0.00718	0.00479	0.00434	0.00870	0.01241	0.01677	0.42174	0.07802	0.21492	0.17179	0.01022	0.00237	0.00304	0.00968	0.00497	0.00441
7	0.00989	0.00925	0.01570	0.65011	0.03179	0.01120	0.06097	0.01324	0.01073	0.01416	0.05720	0.01553	0.00981	0.00566	0.00571	0.00173	0.03639	0.00502	0.03012	0.00578
8	0.00756	0.00547	0.00726	0.00803	0.00903	0.00526	0.00643	0.00945	0.01180	0.01560	0.15683	0.21214	0.09690	0.05348	0.00776	0.00229	0.00386	0.37139	0.00488	0.00458

[dist]
# distance from previous block
# <min> <max>
4	6

[block]
# block no. 9 follows, 47 sequences, length 37
# corresponding to MSA columns:
# 316-352
name=unknown_J
#
# <colnr> <probs for GDERKNQSTAVLIFYWHMCP>
#	G	D	E	R	K	N	Q	S	T	A	V	L	I	F	Y	W	H	M	C	P
0	0.03121	0.00764	0.00940	0.00802	0.01057	0.00727	0.00634	0.05444	0.09146	0.25237	0.32841	0.02930	0.09468	0.00882	0.00565	0.00164	0.00350	0.01957	0.00568	0.02403
1	0.42098	0.00932	0.01073	0.22070	0.04183	0.01066	0.00859	0.01536	0.01004	0.10575	0.01011	0.01231	0.00765	0.00811	0.07322	0.00223	0.00576	0.00391	0.01671	0.00603
2	0.01104	0.01090	0.07264	0.01322	0.05623	0.02630	0.15142	0.01332	0.01052	0.06720	0.01453	0.17622	0.01440	0.08250	0.02676	0.00222	0.14405	0.00703	0.00334	0.09614
3	0.00716	0.00458	0.00625	0.00703	0.00729	0.00435	0.00469	0.00720	0.00919	0.01225	0.04386	0.53509	0.04231	0.03386	0.01092	0.24121	0.00347	0.01152	0.00410	0.00367
4	0.00834	0.00691	0.01010	0.00958	0.01030	0.00867	0.00763	0.01004	0.00828	0.01219	0.01232	0.01839	0.01161	0.03221	0.61822	0.00698	0.19533	0.00535	0.00267	0.00489
5	0.01808	0.01432	0.01427	0.01255	0.06719	0.13488	0.00943	0.41549	0.06037	0.09252	0.03408	0.01414	0.01066	0.00617	0.00504	0.00152	0.00578	0.00473	0.07085	0.00792
6	0.01006	0.00927	0.01491	0.62750	0.03038	0.01176	0.01323	0.01311	0.01008	0.01362	0.00943	0.01390	0.00738	0.00586	0.00691	0.00178	0.12851	0.00463	0.06197	0.00571
7	0.00652	0.00465	0.00597	0.00694	0.00728	0.00436	0.00457	0.00735	0.00980	0.01301	0.04032	0.65989	0.06573	0.12622	0.00935	0.00249	0.00327	0.01355	0.00462	0.00410
8	0.00954	0.00995	0.07792	0.00914	0.01166	0.06107	0.06238	0.05033	0.05518	0.01909	0.39776	0.03222	0.16418	0.00936	0.00585	0.00165	0.00414	0.00813	0.00478	0.00567
9	0.01138	0.00946	0.01097	0.00802	0.01236	0.00765	0.00642	0.08287	0.01236	0.01873	0.06602	0.01301	0.01085	0.00458	0.00415	0.00091	0.00393	0.00370	0.00348	0.70916
10	0.00665	0.00471	0.00621	0.00729	0.00764	0.00447	0.00497	0.00759	0.00989	0.01316	0.02731	0.66596	0.03243	0.10015	0.00878	0.00245	0.00339	0.07812	0.00465	0.00417
11	0.00919	0.00651	0.00771	0.00715	0.00891	0.00625	0.00543	0.06295	0.07083	0.06554	0.37041	0.11838	0.21854	0.01104	0.00602	0.00172	0.00303	0.00953	0.00540	0.00547
12	0.00693	0.00525	0.00681	0.00748	0.00810	0.00509	0.00522	0.00796	0.01000	0.01343	0.02779	0.62269	0.08554	0.04679	0.00784	0.00215	0.04649	0.03309	0.00454	0.04682
13	0.00663	0.00465	0.00596	0.00689	0.00713	0.00442	0.00445	0.00732	0.00942	0.01256	0.02589	0.63541	0.03090	0.19933	0.01119	0.00279	0.00348	0.01315	0.00445	0.00398
14	0.00674	0.00479	0.00634	0.00714	0.00748	0.00474	0.00479	0.00763	0.00928	0.01252	0.02414	0.54664	0.02825	0.16737	0.13309	0.00363	0.00509	0.01204	0.00421	0.00410
15	0.00692	0.00531	0.00634	0.00608	0.00750	0.00472	0.00456	0.00896	0.01368	0.01836	0.51193	0.04305	0.32053	0.01159	0.00615	0.00168	0.00252	0.01000	0.00540	0.00472
16	0.01290	0.53690	0.28071	0.01099	0.01648	0.03665	0.01238	0.01602	0.01082	0.01367	0.00796	0.00926	0.00665	0.00464	0.00391	0.00130	0.00637	0.00315	0.00223	0.00700
17	0.85377	0.01007	0.00765	0.00685	0.01007	0.01168	0.00564	0.01531	0.00886	0.02336	0.00725	0.00846	0.00564	0.00483	0.00322	0.00161	0.00403	0.00282	0.00322	0.00564
18	0.20806	0.01257	0.01321	0.01035	0.01428	0.01366	0.00855	0.46795	0.01929	0.16309	0.01273	0.01251	0.00884	0.00597	0.00477	0.00158	0.00512	0.00436	0.00498	0.00813
19	0.01720	0.01769	0.05471	0.07934	0.01841	0.26938	0.05132	0.29894	0.10352	0.02170	0.01150	0.01239	0.00862	0.00580	0.00509	0.00154	0.00711	0.00442	0.00386	0.00745
20	0.01188	0.00895	0.01086	0.02511	0.01273	0.00709	0.00653	0.01415	0.01105	0.09906	0.01081	0.01231	0.00864	0.00674	0.06196	0.00144	0.00472	0.00353	0.00341	0.67904
21	0.00634	0.00528	0.00553	0.00547	0.00715	0.00448	0.00410	0.00784	0.01231	0.01512	0.16491	0.04839	0.66958	0.01280	0.00615	0.00174	0.00261	0.01075	0.00497	0.00448
22	0.01350	0.72324	0.12044	0.00964	0.01449	0.01957	0.01017	0.01570	0.01063	0.01277	0.00750	0.00868	0.00667	0.00452	0.00354	0.00118	0.00583	0.00291	0.00222	0.00681
23	0.00966	0.06265	0.00950	0.00749	0.00958	0.00801	0.00590	0.11772	0.07057	0.02019	0.36809	0.05898	0.21137	0.01012	0.00578	0.00164	0.00331	0.00858	0.00515	0.00569
24	0.04461	0.18576	0.13900	0.01032	0.01410	0.01320	0.00967	0.02020	0.34286	0.03343	0.02848	0.07560	0.02715	0.00711	0.00492	0.00164	0.00489	0.02579	0.00404	0.00723
25	0.01328	0.67261	0.16913	0.01001	0.01507	0.01902	0.01083	0.01576	0.01066	0.01304	0.00763	0.00884	0.00667	0.00455	0.00364	0.00121	0.00596	0.00298	0.00222	0.00687
26	0.01198	0.01026	0.01235	0.06735	0.01474	0.00984	0.00796	0.09777	0.07862	0.01837	0.01038	0.01203	0.00840	0.00509	0.00572	0.00119	0.09502	0.00379	0.00337	0.52577
27	0.14269	0.12884	0.01650	0.26321	0.08217	0.01248	0.07891	0.06818	0.01150	0.01715	0.01091	0.06705	0.00936	0.00581	0.00469	0.00159	0.00572	0.00493	0.06206	0.00625
28	0.00905	0.00452	0.00678	0.00678	0.00678	0.00452	0.00452	0.00678	0.00678	0.00905	0.00905	0.01583	0.00905	0.01809	0.02035	0.84848	0.00452	0.00452	0.00226	0.00226
29	0.05299	0.10929	0.55540	0.01319	0.01929	0.01249	0.02641	0.01536	0.01064	0.01593	0.01061	0.08064	0.00902	0.00605	0.00538	0.00166	0.04138	0.00470	0.00249	0.00708
30	0.00685	0.00509	0.00648	0.00727	0.00818	0.00472	0.00544	0.00831	0.01125	0.01462	0.09759	0.40821	0.20192	0.01470	0.00662	0.00206	0.00329	0.17805	0.00490	0.00445
31	0.00724	0.00529	0.00747	0.00769	0.00836	0.00580	0.00563	0.00864	0.00870	0.01221	0.03398	0.17841	0.01892	0.15457	0.50500	0.00648	0.01018	0.00778	0.00331	0.00434
32	0.00820	0.00519	0.00678	0.00707	0.00797	0.00478	0.00496	0.00958	0.01162	0.08279	0.23853	0.45135	0.05646	0.07000	0.00776	0.00213	0.00312	0.01185	0.00511	0.00475
33	0.01072	0.00627	0.00801	0.00767	0.00931	0.00591	0.00569	0.01352	0.08032	0.17654	0.22958	0.32957	0.07242	0.01176	0.00607	0.00183	0.00324	0.01038	0.00545	0.00574
34	0.00707	0.00534	0.00639	0.00640	0.00766	0.00490	0.00469	0.00931	0.03855	0.01740	0.37307	0.19216	0.25813	0.01224	0.00614	0.00176	0.00268	0.01067	0.03069	0.00474
35	0.01175	0.01591	0.19834	0.11124	0.24073	0.01258	0.28463	0.01598	0.01158	0.01627	0.00984	0.01296	0.00757	0.00477	0.00571	0.00168	0.02365	0.00500	0.00248	0.00736
36	0.05743	0.01232	0.07246	0.11542	0.45913	0.01173	0.01379	0.02774	0.07826	0.02709	0.01367	0.01580	0.06142	0.00558	0.00513	0.00161	0.00581	0.00503	0.00304	0.00753

[dist]
# distance from previous block
# <min> <max>
1	11

[block]
# block no. 10 follows, 47 sequences, length 78
# corresponding to MSA columns:
# 364-441
name=unknown_K
#
# <colnr> <probs for GDERKNQSTAVLIFYWHMCP>
#	G	D	E	R	K	N	Q	S	T	A	V	L	I	F	Y	W	H	M	C	P
0	0.01159	0.01116	0.02993	0.24900	0.20659	0.03896	0.09255	0.07787	0.04518	0.01674	0.01549	0.07381	0.06736	0.00685	0.00552	0.00172	0.00616	0.03361	0.00325	0.00667
1	0.00651	0.00477	0.00612	0.00688	0.00753	0.00438	0.00474	0.00775	0.01109	0.01479	0.17064	0.57520	0.13067	0.01488	0.00649	0.00198	0.00287	0.01333	0.00500	0.00438
2	0.00774	0.00519	0.00675	0.00732	0.00817	0.00486	0.00518	0.00944	0.03289	0.05889	0.16113	0.54669	0.07193	0.01428	0.00644	0.00199	0.00308	0.03818	0.00509	0.00475
3	0.78344	0.01045	0.00833	0.00728	0.01058	0.01206	0.00600	0.07871	0.01018	0.02416	0.00769	0.00880	0.00591	0.00495	0.00339	0.00161	0.00417	0.00298	0.00339	0.00591
4	0.00757	0.00505	0.00568	0.00568	0.00568	0.00505	0.00316	0.00757	0.00757	0.01010	0.01641	0.03408	0.01893	0.81698	0.02651	0.00505	0.00505	0.00757	0.00316	0.00316
5	0.01890	0.00911	0.01120	0.00914	0.01255	0.00889	0.00737	0.03797	0.21693	0.47855	0.02015	0.01829	0.01367	0.00656	0.00506	0.00160	0.00413	0.00535	0.10635	0.00822
6	0.02027	0.01026	0.01223	0.00987	0.01357	0.03657	0.00798	0.05445	0.22143	0.52445	0.01998	0.01770	0.01334	0.00657	0.00523	0.00164	0.00457	0.00533	0.00596	0.00860
7	0.00807	0.00543	0.00696	0.00666	0.00800	0.00493	0.00496	0.01016	0.01379	0.06580	0.55235	0.14101	0.12929	0.01143	0.00616	0.00171	0.00267	0.01005	0.00555	0.00500
8	0.00798	0.00638	0.00955	0.05403	0.01125	0.00776	0.00746	0.00985	0.00845	0.01220	0.01296	0.01916	0.01205	0.03410	0.67231	0.00737	0.09420	0.00542	0.00271	0.00482
9	0.01150	0.01233	0.08200	0.49351	0.09847	0.03972	0.04324	0.07487	0.01179	0.01554	0.00942	0.01312	0.00721	0.00545	0.00599	0.00172	0.06048	0.00458	0.00258	0.00647
10	0.00757	0.00505	0.00568	0.00568	0.00568	0.00505	0.00316	0.00757	0.00757	0.01010	0.01641	0.03408	0.01893	0.81698	0.02651	0.00505	0.00505	0.00757	0.00316	0.00316
11	0.00777	0.00592	0.00843	0.00825	0.00893	0.00695	0.00623	0.00921	0.00818	0.01173	0.01388	0.02242	0.01370	0.18853	0.58605	0.00725	0.07341	0.00589	0.00282	0.00444
12	0.01111	0.01042	0.01505	0.18613	0.05248	0.01356	0.01145	0.05527	0.01020	0.01474	0.07343	0.01473	0.01084	0.00916	0.04178	0.00226	0.45368	0.00503	0.00278	0.00590
13	0.00753	0.00571	0.00854	0.00849	0.00940	0.00672	0.00662	0.00937	0.00836	0.01210	0.01379	0.02026	0.01288	0.03839	0.77895	0.00823	0.03166	0.00556	0.00278	0.00467
14	0.01080	0.00926	0.01080	0.00771	0.01234	0.00694	0.00617	0.01311	0.01080	0.01697	0.00926	0.01080	0.00771	0.00386	0.00386	0.00077	0.00386	0.00309	0.00309	0.84882
15	0.07337	0.46837	0.19290	0.01078	0.01578	0.05291	0.02516	0.07941	0.01195	0.01582	0.00825	0.00945	0.00680	0.00478	0.00396	0.00133	0.00618	0.00327	0.00257	0.00699
16	0.04777	0.08611	0.01645	0.08382	0.03799	0.01580	0.01019	0.56679	0.03898	0.02818	0.01168	0.01229	0.00852	0.00592	0.00497	0.00154	0.00574	0.00447	0.00454	0.00824
17	0.01443	0.01198	0.02665	0.01143	0.03741	0.02666	0.00888	0.27056	0.36688	0.02393	0.01853	0.10735	0.01547	0.00790	0.00545	0.00174	0.00477	0.02709	0.00502	0.00785
18	0.00983	0.00926	0.01562	0.80447	0.03587	0.01157	0.01446	0.01331	0.01041	0.01331	0.00926	0.01388	0.00694	0.00521	0.00521	0.00174	0.00694	0.00463	0.00231	0.00579
19	0.00810	0.00512	0.00691	0.00775	0.00851	0.00479	0.00559	0.00934	0.01077	0.07911	0.04245	0.62188	0.03226	0.01509	0.00660	0.00210	0.00339	0.12053	0.00498	0.00472
20	0.00983	0.00926	0.01562	0.80447	0.03587	0.01157	0.01446	0.01331	0.01041	0.01331	0.00926	0.01388	0.00694	0.00521	0.00521	0.00174	0.00694	0.00463	0.00231	0.00579
21	0.00628	0.00479	0.00578	0.00657	0.00737	0.00429	0.00453	0.00733	0.01063	0.01356	0.03702	0.54964	0.29302	0.01523	0.00648	0.00199	0.00289	0.01349	0.00483	0.00429
22	0.21224	0.01338	0.01369	0.01072	0.01467	0.01488	0.00885	0.57276	0.02061	0.05200	0.01152	0.01172	0.00823	0.00593	0.00475	0.00158	0.00530	0.00427	0.00479	0.00811
23	0.01229	0.01405	0.03073	0.02195	0.02722	0.01317	0.76558	0.01668	0.01229	0.01668	0.01054	0.01405	0.00790	0.00439	0.00615	0.00176	0.00878	0.00615	0.00263	0.00702
24	0.00622	0.00524	0.00540	0.00545	0.00710	0.00441	0.00405	0.00757	0.01189	0.01433	0.08438	0.09288	0.70682	0.01325	0.00618	0.00177	0.00265	0.01114	0.00488	0.00441
25	0.00649	0.00464	0.00617	0.00715	0.00759	0.00433	0.00485	0.00761	0.01064	0.01436	0.13489	0.70435	0.03652	0.01552	0.00658	0.00205	0.00294	0.01404	0.00496	0.00433
26	0.00731	0.00532	0.00687	0.00649	0.00774	0.00489	0.00486	0.00971	0.01459	0.02053	0.74393	0.03948	0.08717	0.01078	0.00614	0.00164	0.00247	0.00950	0.00569	0.00489
27	0.00649	0.00462	0.00615	0.00731	0.00764	0.00435	0.00495	0.00744	0.00998	0.01328	0.02817	0.74583	0.03362	0.04710	0.00744	0.00224	0.00319	0.05121	0.00477	0.00422
28	0.01080	0.00926	0.01080	0.00771	0.01234	0.00694	0.00617	0.01311	0.01080	0.01697	0.00926	0.01080	0.00771	0.00386	0.00386	0.00077	0.00386	0.00309	0.00309	0.84882
29	0.01172	0.00963	0.01107	0.00827	0.01246	0.00806	0.00658	0.12363	0.01277	0.01899	0.01190	0.07013	0.02320	0.00528	0.00430	0.00100	0.00405	0.00431	0.00356	0.64910
30	0.00797	0.00617	0.00877	0.00850	0.00917	0.00737	0.00649	0.00945	0.00823	0.01194	0.01356	0.02161	0.01326	0.16347	0.56259	0.00697	0.10693	0.00577	0.01723	0.00453
31	0.01229	0.01405	0.03073	0.02195	0.02722	0.01317	0.76558	0.01668	0.01229	0.01668	0.01054	0.01405	0.00790	0.00439	0.00615	0.00176	0.00878	0.00615	0.00263	0.00702
32	0.32687	0.01053	0.01332	0.28975	0.06415	0.02837	0.02737	0.01430	0.00962	0.01722	0.00812	0.01127	0.00653	0.00570	0.00655	0.00177	0.14606	0.00395	0.00268	0.00589
33	0.01310	0.01343	0.09931	0.06971	0.45114	0.01181	0.13583	0.01661	0.01202	0.08167	0.01136	0.01493	0.00909	0.00515	0.00537	0.00164	0.00660	0.03050	0.00294	0.00779
34	0.85377	0.01007	0.00765	0.00685	0.01007	0.01168	0.00564	0.01531	0.00886	0.02336	0.00725	0.00846	0.00564	0.00483	0.00322	0.00161	0.00403	0.00282	0.00322	0.00564
35	0.00884	0.00774	0.01022	0.00971	0.01032	0.03915	0.00757	0.01025	0.00869	0.01229	0.01396	0.12868	0.01439	0.07013	0.39861	0.00537	0.22966	0.00661	0.00295	0.00485
36	0.85377	0.01007	0.00765	0.00685	0.01007	0.01168	0.00564	0.01531	0.00886	0.02336	0.00725	0.00846	0.00564	0.00483	0.00322	0.00161	0.00403	0.00282	0.00322	0.00564
37	0.03829	0.01029	0.01374	0.34526	0.02258	0.01214	0.01091	0.22939	0.03053	0.01966	0.01265	0.09797	0.01088	0.00707	0.00617	0.00174	0.06999	0.00570	0.04854	0.00649
38	0.00939	0.00814	0.01221	0.20484	0.08141	0.00968	0.02014	0.01162	0.03046	0.01298	0.01252	0.04921	0.01210	0.17492	0.17712	0.00387	0.14108	0.00585	0.01723	0.00523
39	0.00651	0.00468	0.00622	0.00738	0.00781	0.00438	0.00511	0.00756	0.01020	0.01351	0.02940	0.72476	0.05872	0.01605	0.00668	0.00213	0.00316	0.07663	0.00483	0.00428
40	0.00678	0.00495	0.00638	0.00725	0.00786	0.00467	0.00507	0.00828	0.02902	0.01436	0.10249	0.58549	0.08823	0.03964	0.00718	0.00215	0.00316	0.06777	0.00488	0.00441
41	0.08163	0.02511	0.70261	0.01465	0.04271	0.01207	0.01800	0.01638	0.01084	0.01709	0.00918	0.01083	0.00656	0.00493	0.00481	0.00164	0.00734	0.00378	0.00230	0.00754
42	0.02944	0.00810	0.00999	0.00839	0.01099	0.00789	0.00664	0.11861	0.06503	0.25369	0.36792	0.04441	0.02948	0.00857	0.00565	0.00164	0.00365	0.00729	0.00578	0.00685
43	0.00679	0.00504	0.00635	0.00669	0.00767	0.00460	0.00484	0.00845	0.01229	0.01652	0.33045	0.33490	0.18092	0.01341	0.00638	0.00187	0.00279	0.04029	0.00519	0.00455
44	0.01671	0.01949	0.01387	0.07919	0.01670	0.53052	0.00985	0.07612	0.03743	0.01452	0.00976	0.01193	0.00810	0.01040	0.12056	0.00243	0.00941	0.00397	0.00294	0.00610
45	0.02885	0.11222	0.08195	0.07315	0.05548	0.18624	0.01121	0.19357	0.03275	0.01849	0.02344	0.01188	0.00839	0.00661	0.02005	0.00170	0.11968	0.00417	0.00322	0.00696
46	0.00744	0.00561	0.00702	0.00688	0.00814	0.00540	0.00514	0.01016	0.05620	0.01798	0.44744	0.11223	0.15420	0.03447	0.07333	0.00239	0.00374	0.03221	0.00514	0.00489
47	0.02214	0.00864	0.01155	0.00895	0.01274	0.00759	0.00736	0.03929	0.01476	0.70798	0.02008	0.01776	0.01285	0.00641	0.00510	0.00158	0.00429	0.00519	0.07721	0.00852
48	0.00813	0.00785	0.05052	0.00849	0.01081	0.00661	0.08594	0.02628	0.05364	0.01783	0.31967	0.05393	0.30911	0.01046	0.00603	0.00171	0.00363	0.00919	0.00484	0.00533
49	0.04762	0.01414	0.08045	0.01163	0.01595	0.01379	0.02431	0.46475	0.08749	0.16511	0.01423	0.01382	0.00988	0.00616	0.00515	0.00160	0.00552	0.00479	0.00507	0.00856
50	0.01146	0.08132	0.52859	0.12807	0.05262	0.07876	0.01691	0.01631	0.01123	0.01543	0.00909	0.01115	0.00673	0.00497	0.00485	0.00159	0.00752	0.00387	0.00227	0.00723
51	0.18327	0.17392	0.01586	0.01157	0.02735	0.47929	0.00907	0.01863	0.01274	0.01482	0.00777	0.00907	0.00652	0.00507	0.00415	0.00135	0.00755	0.00316	0.00270	0.00612
52	0.00817	0.00543	0.00666	0.00642	0.00773	0.00507	0.00483	0.01018	0.01281	0.04894	0.40166	0.03760	0.15998	0.07966	0.03806	0.00220	0.00336	0.05091	0.10554	0.00481
53	0.00910	0.00625	0.00900	0.00859	0.00962	0.00718	0.00665	0.01073	0.00881	0.07737	0.01420	0.02086	0.01311	0.10929	0.59598	0.00702	0.07254	0.00567	0.00309	0.00494
54	0.01392	0.82012	0.02729	0.00891	0.01337	0.02061	0.00891	0.01559	0.01058	0.01225	0.00724	0.00835	0.00668	0.00446	0.00334	0.00111	0.00557	0.00278	0.00223	0.00668
55	0.00691	0.00496	0.00617	0.00650	0.00716	0.00464	0.00440	0.00813	0.01108	0.01498	0.25804	0.32995	0.10875	0.19151	0.01084	0.00258	0.00326	0.01119	0.00474	0.00422
56	0.01316	0.01129	0.01189	0.01064	0.01362	0.01305	0.00829	0.05026	0.75216	0.02212	0.02093	0.01922	0.01568	0.00704	0.00530	0.00176	0.00417	0.00585	0.00530	0.00826
57	0.00765	0.00571	0.00677	0.00648	0.00794	0.00530	0.00486	0.01027	0.05637	0.03196	0.42002	0.04127	0.27278	0.06519	0.00748	0.00194	0.00290	0.03500	0.00524	0.00489
58	0.01045	0.02694	0.79000	0.01484	0.02254	0.01209	0.01924	0.01649	0.01099	0.01649	0.00935	0.01099	0.00660	0.00495	0.00495	0.00165	0.00770	0.00385	0.00220	0.00770
59	0.01152	0.27241	0.55395	0.01301	0.01970	0.01473	0.01604	0.01621	0.01087	0.01518	0.00869	0.01018	0.00662	0.00480	0.00445	0.00148	0.00704	0.00352	0.00221	0.00738
60	0.01080	0.00926	0.01080	0.00771	0.01234	0.00694	0.00617	0.01311	0.01080	0.01697	0.00926	0.01080	0.00771	0.00386	0.00386	0.00077	0.00386	0.00309	0.00309	0.84882
61	0.01354	0.01147	0.06137	0.01046	0.01343	0.01133	0.02144	0.34059	0.12456	0.02371	0.06761	0.23952	0.01945	0.00935	0.00568	0.00176	0.00471	0.00797	0.00492	0.00711
62	0.01280	0.52885	0.17456	0.01056	0.03640	0.01690	0.01076	0.03069	0.01105	0.01410	0.00957	0.01073	0.03356	0.00484	0.00389	0.00123	0.00576	0.00339	0.00246	0.07791
63	0.01274	0.05759	0.03569	0.01380	0.08435	0.06211	0.08888	0.17495	0.01311	0.01768	0.01125	0.01477	0.00956	0.01702	0.27142	0.00390	0.09658	0.00491	0.00316	0.00652
64	0.00680	0.00476	0.00607	0.00695	0.00722	0.00456	0.00457	0.00754	0.00942	0.01253	0.02522	0.55391	0.02987	0.23899	0.01220	0.00295	0.00369	0.05443	0.00436	0.00396
65	0.01258	0.01446	0.02932	0.02116	0.02618	0.05736	0.70717	0.01672	0.01238	0.01639	0.01077	0.03017	0.00838	0.00469	0.00607	0.00174	0.00870	0.00616	0.00268	0.00691
66	0.01070	0.01103	0.03709	0.09789	0.04286	0.05114	0.06895	0.01272	0.00929	0.01314	0.01012	0.01464	0.02260	0.01497	0.19609	0.00351	0.37009	0.00497	0.00250	0.00570
67	0.00677	0.00500	0.00634	0.00664	0.00758	0.00456	0.00474	0.00843	0.01239	0.01680	0.36838	0.35276	0.15378	0.01331	0.00635	0.00185	0.00271	0.01183	0.00524	0.00456
68	0.00983	0.00926	0.01562	0.80447	0.03587	0.01157	0.01446	0.01331	0.01041	0.01331	0.00926	0.01388	0.00694	0.00521	0.00521	0.00174	0.00694	0.00463	0.00231	0.00579
