[name]
unknown

[dist]
# distance from previous block
# <min> <max>
0	76

[block]
# block no. 0 follows, 53 sequences, length 7
# corresponding to MSA columns:
# 84-90
name=unknown_A
#
# <colnr> <probs for GDERKNQSTAVLIFYWHMCP>
#	G	D	E	R	K	N	Q	S	T	A	V	L	I	F	Y	W	H	M	C	P
0	0.01197	0.15057	0.09098	0.03649	0.05260	0.01203	0.28498	0.10067	0.01214	0.05500	0.02657	0.04943	0.01090	0.00583	0.00502	0.00154	0.00614	0.07767	0.00307	0.00640
1	0.11796	0.04300	0.26410	0.07810	0.11413	0.03657	0.01164	0.01544	0.09765	0.05463	0.01162	0.08910	0.00984	0.00590	0.00486	0.00155	0.02978	0.00476	0.00295	0.00642
2	0.00861	0.00527	0.00736	0.00718	0.00828	0.00565	0.00548	0.01022	0.00872	0.10074	0.01520	0.09605	0.01413	0.06936	0.51218	0.00553	0.00924	0.00591	0.10028	0.00461
3	0.00870	0.00777	0.09741	0.09999	0.01206	0.00664	0.00733	0.01053	0.00871	0.08686	0.01435	0.10344	0.01395	0.21142	0.28495	0.00440	0.00764	0.00612	0.00304	0.00470
4	0.10967	0.21368	0.11804	0.01062	0.02928	0.08529	0.02646	0.06806	0.01115	0.14733	0.00939	0.01039	0.00718	0.00532	0.00574	0.00144	0.12789	0.00357	0.00304	0.00646
5	0.03329	0.10718	0.19973	0.11576	0.07802	0.06951	0.19063	0.05341	0.01130	0.06603	0.00926	0.01124	0.00696	0.00463	0.00488	0.00147	0.02343	0.00413	0.00260	0.00656
6	0.00695	0.00544	0.00750	0.00765	0.00857	0.00533	0.04744	0.00960	0.09893	0.01428	0.13798	0.57603	0.03033	0.01265	0.00587	0.00182	0.00310	0.01150	0.00450	0.00453

[dist]
# distance from previous block
# <min> <max>
2	8

[block]
# block no. 1 follows, 53 sequences, length 6
# corresponding to MSA columns:
# 99-104
name=unknown_B
#
# <colnr> <probs for GDERKNQSTAVLIFYWHMCP>
#	G	D	E	R	K	N	Q	S	T	A	V	L	I	F	Y	W	H	M	C	P
0	0.05100	0.09826	0.04326	0.07501	0.01372	0.10823	0.02443	0.08258	0.08487	0.06844	0.07650	0.07896	0.01312	0.00717	0.02294	0.00160	0.06946	0.00508	0.03856	0.03681
1	0.42348	0.12230	0.07615	0.03133	0.01184	0.03508	0.00736	0.03122	0.02659	0.07992	0.00928	0.04396	0.00758	0.00520	0.00401	0.00143	0.03265	0.00356	0.02217	0.02487
2	0.00597	0.00460	0.00545	0.00577	0.00679	0.00409	0.00413	0.00728	0.01087	0.01409	0.21314	0.32848	0.34695	0.01261	0.00581	0.00171	0.00251	0.01103	0.00463	0.00409
3	0.01088	0.01244	0.11225	0.24623	0.26775	0.06481	0.04515	0.03834	0.05507	0.01500	0.04060	0.05004	0.00989	0.00535	0.00484	0.00151	0.00596	0.00480	0.00268	0.00642
4	0.00644	0.00477	0.00600	0.00591	0.00699	0.00434	0.00435	0.00830	0.01243	0.01707	0.55770	0.15595	0.17018	0.01094	0.00571	0.00159	0.00236	0.00963	0.00500	0.00434
5	0.01265	0.04248	0.09431	0.12931	0.36621	0.07361	0.01251	0.06029	0.01166	0.08010	0.01059	0.01250	0.02735	0.00479	0.00461	0.00140	0.00579	0.00417	0.00280	0.04288

[dist]
# distance from previous block
# <min> <max>
0	2

[block]
# block no. 2 follows, 53 sequences, length 35
# corresponding to MSA columns:
# 107-141
name=unknown_C
#
# <colnr> <probs for GDERKNQSTAVLIFYWHMCP>
#	G	D	E	R	K	N	Q	S	T	A	V	L	I	F	Y	W	H	M	C	P
0	0.06715	0.13448	0.08494	0.01119	0.05455	0.17843	0.00926	0.22868	0.07927	0.01905	0.06567	0.01280	0.02343	0.00552	0.00438	0.00136	0.00564	0.00411	0.00346	0.00663
1	0.28747	0.13695	0.05225	0.04294	0.02517	0.06549	0.00779	0.11218	0.07798	0.06470	0.05543	0.01169	0.00944	0.00514	0.00392	0.00139	0.00469	0.00370	0.00339	0.02830
2	0.12906	0.12379	0.18471	0.07419	0.07100	0.04318	0.02168	0.03906	0.06260	0.04606	0.02212	0.01243	0.00844	0.04177	0.05775	0.00199	0.04734	0.00395	0.00276	0.00613
3	0.00963	0.04399	0.01171	0.05867	0.12024	0.00977	0.00821	0.04258	0.10079	0.01384	0.03475	0.05457	0.04183	0.16324	0.05793	0.00261	0.16170	0.05549	0.00315	0.00532
4	0.78950	0.00918	0.00768	0.07879	0.01135	0.01071	0.00590	0.01389	0.00826	0.02062	0.00682	0.00821	0.00528	0.00447	0.00312	0.00149	0.00394	0.00274	0.00288	0.00519
5	0.01104	0.01053	0.01767	0.09421	0.66615	0.01064	0.01357	0.01377	0.01077	0.01509	0.01246	0.01495	0.07805	0.00500	0.00482	0.00145	0.00545	0.00478	0.00253	0.00706
6	0.77253	0.00912	0.00747	0.00653	0.00957	0.01031	0.00538	0.01507	0.00875	0.10804	0.00800	0.00870	0.00591	0.00460	0.00316	0.00148	0.00374	0.00283	0.00328	0.00550
7	0.00738	0.07895	0.00809	0.00637	0.00777	0.00602	0.00492	0.00986	0.04545	0.01756	0.58968	0.10602	0.07463	0.00972	0.00542	0.00151	0.00263	0.00849	0.00484	0.00470
8	0.00718	0.00509	0.00678	0.00668	0.00725	0.00565	0.00482	0.00837	0.00796	0.01154	0.05926	0.02351	0.01549	0.29485	0.40549	0.00554	0.03944	0.00584	0.07539	0.00388
9	0.01938	0.00811	0.01083	0.00854	0.01191	0.00740	0.00700	0.05173	0.04627	0.65902	0.03035	0.01668	0.01234	0.00866	0.07679	0.00204	0.00485	0.00490	0.00552	0.00771
10	0.04044	0.16298	0.13311	0.04569	0.01513	0.16209	0.02787	0.09862	0.15050	0.06317	0.03072	0.01275	0.02611	0.00536	0.00437	0.00139	0.00573	0.00407	0.00330	0.00660
11	0.01115	0.01010	0.06145	0.19409	0.22092	0.00994	0.01098	0.09460	0.08162	0.05629	0.02889	0.06143	0.03354	0.02597	0.00550	0.00167	0.00517	0.07695	0.00337	0.00637
12	0.02662	0.42527	0.13975	0.00947	0.01353	0.08205	0.00938	0.08392	0.03856	0.04911	0.07256	0.01145	0.00998	0.00500	0.00389	0.00124	0.00537	0.00359	0.00286	0.00639
13	0.00679	0.00466	0.00525	0.00527	0.00547	0.00459	0.00309	0.00698	0.00743	0.00976	0.01873	0.05170	0.09862	0.70678	0.04244	0.00434	0.00457	0.00739	0.00308	0.00307
14	0.05520	0.11066	0.14488	0.04546	0.25274	0.01931	0.06613	0.01610	0.05369	0.11498	0.01076	0.01282	0.00837	0.00483	0.00449	0.00141	0.00552	0.02390	0.00296	0.04577
15	0.03106	0.02150	0.62442	0.01435	0.06177	0.01104	0.06923	0.01588	0.04430	0.04845	0.00953	0.01091	0.00681	0.00463	0.00461	0.00152	0.00671	0.00383	0.00237	0.00707
16	0.52336	0.17354	0.12612	0.00801	0.01179	0.03131	0.00778	0.03238	0.02088	0.01849	0.00725	0.00834	0.00572	0.00446	0.00331	0.00139	0.00461	0.00281	0.00270	0.00575
17	0.01044	0.26878	0.50102	0.01172	0.01747	0.01311	0.03631	0.01454	0.01021	0.01420	0.05399	0.01093	0.00838	0.00469	0.00419	0.00137	0.00622	0.00359	0.00223	0.00662
18	0.00699	0.00523	0.00667	0.04048	0.00870	0.00519	0.00513	0.00953	0.09104	0.01434	0.13133	0.53764	0.02900	0.01215	0.00565	0.00175	0.00296	0.01090	0.04149	0.03383
19	0.00643	0.00485	0.00595	0.00572	0.00695	0.00436	0.00427	0.00836	0.01267	0.01726	0.57230	0.06580	0.24641	0.01057	0.00566	0.00155	0.00232	0.00920	0.00501	0.00436
20	0.00597	0.00422	0.00550	0.00646	0.00670	0.00398	0.00423	0.00669	0.00886	0.01181	0.02483	0.72186	0.02970	0.12462	0.00855	0.00230	0.00302	0.01270	0.00423	0.00375
21	0.01030	0.00945	0.01464	0.07250	0.47553	0.00961	0.01118	0.01392	0.09178	0.01541	0.01803	0.01984	0.15920	0.00619	0.00489	0.00149	0.00475	0.01626	0.03846	0.00658
22	0.01156	0.52636	0.32294	0.01025	0.01547	0.01594	0.01179	0.01463	0.00986	0.01273	0.00738	0.00859	0.00610	0.00426	0.00363	0.00121	0.00585	0.00293	0.00203	0.00649
23	0.01040	0.04746	0.07944	0.11425	0.02096	0.01040	0.37366	0.01379	0.01068	0.01498	0.04490	0.01275	0.00868	0.00430	0.00483	0.00135	0.00629	0.00463	0.00256	0.21367
24	0.00828	0.00662	0.00836	0.00815	0.03174	0.00574	0.00654	0.01032	0.01060	0.01457	0.02250	0.03598	0.13936	0.00937	0.00532	0.00156	0.00383	0.36027	0.00380	0.30710
25	0.00591	0.00420	0.00554	0.00655	0.00682	0.00394	0.00434	0.00672	0.00909	0.01214	0.03967	0.76251	0.03093	0.06812	0.00728	0.00211	0.00288	0.01307	0.00435	0.00383
26	0.00789	0.00510	0.00666	0.00618	0.00741	0.00469	0.00460	0.00993	0.01300	0.07932	0.66707	0.05776	0.04039	0.06080	0.00675	0.00171	0.00256	0.00839	0.00514	0.00467
27	0.58024	0.00996	0.00869	0.00737	0.01051	0.05664	0.00602	0.05157	0.01040	0.20494	0.00977	0.00997	0.00693	0.00487	0.00355	0.00146	0.00414	0.00321	0.00370	0.00602
28	0.01426	0.00756	0.00914	0.00775	0.01016	0.02056	0.00614	0.08252	0.04709	0.33797	0.06917	0.11748	0.10935	0.00802	0.00538	0.00153	0.03603	0.00661	0.09693	0.00634
29	0.01128	0.01289	0.02820	0.02015	0.02498	0.01209	0.78485	0.01531	0.01128	0.01531	0.00967	0.01289	0.00725	0.00403	0.00564	0.00161	0.00806	0.00564	0.00242	0.00645
30	0.01052	0.04979	0.08626	0.01276	0.01377	0.01442	0.04303	0.01211	0.00784	0.01197	0.00664	0.01040	0.00629	0.00765	0.01370	0.00197	0.67920	0.00411	0.00210	0.00548
31	0.01296	0.01197	0.10094	0.00975	0.01321	0.01098	0.00861	0.35099	0.06039	0.02161	0.03492	0.07384	0.06364	0.00665	0.00535	0.00142	0.05169	0.00522	0.01542	0.14045
32	0.01564	0.13367	0.05116	0.02565	0.01432	0.01378	0.00908	0.41690	0.02835	0.04980	0.01354	0.10169	0.01183	0.04204	0.00653	0.00182	0.04688	0.00552	0.00435	0.00745
33	0.01889	0.02250	0.01435	0.01290	0.01555	0.72806	0.00966	0.08808	0.01500	0.01445	0.00892	0.01049	0.00744	0.00576	0.00485	0.00146	0.00863	0.00358	0.00307	0.00636
34	0.01223	0.01067	0.01788	0.12933	0.57197	0.01108	0.02732	0.01494	0.01076	0.08526	0.00966	0.01228	0.00771	0.00471	0.00540	0.00149	0.05317	0.00433	0.00264	0.00717

[dist]
# distance from previous block
# <min> <max>
0	34

[block]
# block no. 3 follows, 53 sequences, length 16
# corresponding to MSA columns:
# 176-191
name=unknown_D
#
# <colnr> <probs for GDERKNQSTAVLIFYWHMCP>
#	G	D	E	R	K	N	Q	S	T	A	V	L	I	F	Y	W	H	M	C	P
0	0.05949	0.00748	0.03929	0.07499	0.01140	0.02452	0.00647	0.01323	0.01186	0.22605	0.16804	0.04028	0.24418	0.00862	0.00518	0.00157	0.00365	0.04357	0.00456	0.00555
1	0.01187	0.51215	0.03492	0.00827	0.01165	0.03085	0.00774	0.09267	0.01121	0.01362	0.01518	0.01563	0.15854	0.00606	0.00450	0.00125	0.05088	0.00430	0.00280	0.00589
2	0.01238	0.00568	0.00688	0.00601	0.00792	0.00526	0.00470	0.01449	0.01183	0.26180	0.16687	0.02077	0.01842	0.00648	0.00423	0.00130	0.00280	0.00537	0.43121	0.00560
3	0.00982	0.00565	0.00743	0.05279	0.00959	0.00538	0.00543	0.01154	0.04090	0.18681	0.07112	0.39232	0.08158	0.08771	0.00733	0.00201	0.00342	0.00964	0.00455	0.00500
4	0.00958	0.00551	0.00729	0.00649	0.00811	0.00499	0.00499	0.01176	0.01356	0.16987	0.65004	0.03198	0.03872	0.00903	0.00548	0.00150	0.00260	0.00791	0.00539	0.00520
5	0.00891	0.00445	0.00445	0.00445	0.00557	0.00445	0.00334	0.01114	0.01002	0.01782	0.01559	0.01782	0.01225	0.00557	0.00334	0.00111	0.00223	0.00445	0.85856	0.00445
6	0.11831	0.01169	0.01601	0.01213	0.01591	0.01227	0.19326	0.37644	0.01622	0.11491	0.01140	0.01234	0.00821	0.00690	0.05045	0.00184	0.00603	0.00452	0.00400	0.00715
7	0.00945	0.00775	0.01058	0.10058	0.01236	0.03051	0.03743	0.03516	0.00864	0.04880	0.01150	0.01917	0.01123	0.26460	0.18390	0.00390	0.19181	0.00529	0.00273	0.00461
8	0.01068	0.00617	0.00635	0.00571	0.00734	0.00644	0.00444	0.15969	0.01241	0.02018	0.01480	0.01660	0.01146	0.00560	0.00362	0.00118	0.00281	0.00443	0.69493	0.00516
9	0.00683	0.00462	0.00542	0.00553	0.00562	0.00465	0.00327	0.00703	0.00723	0.00970	0.01607	0.11290	0.01847	0.69224	0.07721	0.00457	0.00501	0.00751	0.00303	0.00309
10	0.01163	0.00854	0.01417	0.53463	0.04693	0.00965	0.06522	0.01455	0.01053	0.16492	0.01104	0.01374	0.00790	0.00498	0.00475	0.00154	0.00576	0.00447	0.05913	0.00593
11	0.00689	0.00478	0.00596	0.00588	0.00628	0.00489	0.00385	0.00768	0.00836	0.01155	0.16496	0.02951	0.02155	0.50761	0.18602	0.00467	0.00589	0.00689	0.00328	0.00349
12	0.00606	0.00473	0.00551	0.00559	0.00678	0.00417	0.00409	0.00756	0.01146	0.01491	0.30095	0.19252	0.39486	0.01186	0.00573	0.00164	0.00243	0.01026	0.00472	0.00417
13	0.82163	0.00946	0.00741	0.00653	0.00953	0.01094	0.00538	0.05428	0.00888	0.02190	0.00691	0.00796	0.00533	0.00450	0.00305	0.00148	0.00378	0.00268	0.00305	0.00533
14	0.01576	0.05854	0.01380	0.00998	0.01381	0.01319	0.00825	0.53082	0.08372	0.02542	0.01130	0.01149	0.00835	0.00529	0.00445	0.00129	0.00480	0.00401	0.00426	0.17147
15	0.00711	0.00589	0.00636	0.00615	0.00783	0.00566	0.00468	0.01088	0.16132	0.01540	0.17519	0.06011	0.47288	0.01072	0.00554	0.00162	0.00272	0.03049	0.00467	0.00480

[dist]
# distance from previous block
# <min> <max>
0	1

[block]
# block no. 4 follows, 53 sequences, length 17
# corresponding to MSA columns:
# 193-209
name=unknown_E
#
# <colnr> <probs for GDERKNQSTAVLIFYWHMCP>
#	G	D	E	R	K	N	Q	S	T	A	V	L	I	F	Y	W	H	M	C	P
0	0.01044	0.02284	0.67942	0.01391	0.02053	0.01149	0.07691	0.08025	0.01123	0.01642	0.00891	0.01043	0.00632	0.00460	0.00465	0.00151	0.00699	0.00376	0.00228	0.00711
1	0.01014	0.00714	0.01040	0.05977	0.07995	0.00715	0.05868	0.07658	0.02619	0.11137	0.01908	0.38882	0.02005	0.08262	0.00730	0.00199	0.01443	0.00896	0.00403	0.00534
2	0.01204	0.01219	0.02510	0.01823	0.02238	0.01197	0.62424	0.01552	0.01100	0.08156	0.01003	0.01288	0.00752	0.00472	0.00680	0.00166	0.10767	0.00539	0.00267	0.00644
3	0.00568	0.00472	0.00497	0.00517	0.00654	0.00401	0.00378	0.00682	0.01058	0.01278	0.04448	0.18574	0.66307	0.01262	0.00573	0.00167	0.00248	0.01071	0.00444	0.00401
4	0.61089	0.00928	0.00959	0.00786	0.01113	0.01001	0.06654	0.01621	0.00962	0.19564	0.00961	0.01006	0.00682	0.00473	0.00358	0.00149	0.00412	0.00332	0.00357	0.00593
5	0.00951	0.00903	0.01419	0.59390	0.02720	0.01158	0.01231	0.01286	0.05690	0.01253	0.00868	0.01255	0.00685	0.00567	0.00718	0.00170	0.18534	0.00430	0.00228	0.00543
6	0.01180	0.00973	0.01621	0.36664	0.37490	0.01051	0.01313	0.01467	0.01066	0.11100	0.00999	0.01277	0.00758	0.00469	0.00476	0.00150	0.00578	0.00432	0.00270	0.00667
7	0.00777	0.00467	0.00625	0.00686	0.00758	0.00429	0.00476	0.00877	0.00984	0.10968	0.04847	0.70563	0.02959	0.01371	0.00593	0.00187	0.00292	0.01236	0.00464	0.00442
8	0.00777	0.00751	0.07130	0.13476	0.01336	0.00733	0.00810	0.02798	0.00893	0.01238	0.01438	0.12417	0.01438	0.06223	0.35647	0.00449	0.04634	0.07055	0.00289	0.00468
9	0.01059	0.00627	0.00846	0.12542	0.01203	0.00634	0.00636	0.05880	0.01067	0.17243	0.01890	0.31297	0.01909	0.11715	0.00814	0.02304	0.00401	0.03051	0.04376	0.00507
10	0.01065	0.11251	0.05553	0.01617	0.19503	0.05504	0.20413	0.01318	0.01047	0.01401	0.01219	0.17616	0.01196	0.00640	0.00507	0.00147	0.01825	0.00607	0.00278	0.07293
11	0.08605	0.07131	0.11489	0.11007	0.01651	0.09382	0.08110	0.15317	0.03676	0.01731	0.07237	0.01447	0.01084	0.07516	0.00647	0.00173	0.02432	0.00452	0.00312	0.00602
12	0.04303	0.05774	0.04583	0.00777	0.00962	0.00727	0.00635	0.01212	0.07162	0.11138	0.09771	0.30293	0.08512	0.01015	0.00593	0.00169	0.05346	0.04055	0.00423	0.02552
13	0.34984	0.14970	0.03725	0.09894	0.03332	0.01209	0.11261	0.04529	0.01022	0.09768	0.00880	0.01015	0.00662	0.00456	0.00388	0.00143	0.00506	0.00353	0.00297	0.00605
14	0.02240	0.01810	0.05846	0.07701	0.02410	0.00800	0.00744	0.15473	0.01303	0.09418	0.14633	0.19437	0.04136	0.00813	0.00503	0.00149	0.00400	0.00698	0.00416	0.11072
15	0.04510	0.01252	0.07970	0.03757	0.05090	0.05033	0.00914	0.36171	0.01651	0.18942	0.01249	0.01264	0.00876	0.00544	0.00455	0.00141	0.00506	0.00421	0.07112	0.02143
16	0.12245	0.01121	0.15811	0.00921	0.02498	0.02400	0.02407	0.08107	0.05386	0.08338	0.03138	0.11525	0.04038	0.00693	0.00484	0.00151	0.02741	0.02425	0.12263	0.03308

[dist]
# distance from previous block
# <min> <max>
1	84

[block]
# block no. 5 follows, 53 sequences, length 33
# corresponding to MSA columns:
# 294-326
name=unknown_F
#
# <colnr> <probs for GDERKNQSTAVLIFYWHMCP>
#	G	D	E	R	K	N	Q	S	T	A	V	L	I	F	Y	W	H	M	C	P
0	0.09331	0.04545	0.05937	0.00932	0.05908	0.13557	0.00712	0.04722	0.03508	0.04304	0.13666	0.03481	0.16500	0.08271	0.00678	0.00176	0.02279	0.00600	0.00361	0.00530
1	0.01227	0.03361	0.06122	0.00921	0.01272	0.02196	0.02758	0.12227	0.11700	0.08625	0.08753	0.01427	0.01216	0.00547	0.00511	0.00125	0.05783	0.00431	0.00374	0.30424
2	0.00743	0.00525	0.00658	0.00678	0.00780	0.00497	0.00484	0.04774	0.03211	0.04038	0.19250	0.49576	0.07867	0.01234	0.00575	0.00174	0.00286	0.01101	0.00464	0.03084
3	0.01140	0.00991	0.04728	0.00822	0.01213	0.00834	0.00691	0.15048	0.06365	0.03123	0.05920	0.01266	0.01028	0.00546	0.02578	0.00118	0.00420	0.00375	0.00347	0.52447
4	0.01061	0.02731	0.23241	0.07415	0.16950	0.03100	0.11325	0.03884	0.06114	0.01551	0.01120	0.06384	0.00958	0.00545	0.00481	0.00148	0.00592	0.03132	0.00274	0.08994
5	0.23260	0.12187	0.41132	0.04848	0.03781	0.01179	0.01253	0.01462	0.00961	0.02916	0.00838	0.01042	0.00646	0.00468	0.00401	0.00146	0.00576	0.02029	0.00240	0.00635
6	0.00960	0.05773	0.00908	0.06019	0.01030	0.00697	0.00592	0.05249	0.05828	0.09970	0.41933	0.10026	0.05072	0.03115	0.00579	0.00161	0.00325	0.00760	0.00472	0.00530
7	0.00687	0.00589	0.04817	0.03207	0.00860	0.00482	0.00535	0.00865	0.01130	0.03724	0.31445	0.28874	0.18720	0.01136	0.00568	0.00167	0.00289	0.01000	0.00458	0.00447
8	0.02467	0.04165	0.38710	0.01216	0.02913	0.01068	0.06009	0.11187	0.04547	0.13378	0.02672	0.04507	0.01011	0.00574	0.00478	0.00153	0.00584	0.03322	0.00334	0.00702
9	0.06117	0.01259	0.07752	0.01146	0.06304	0.01224	0.00932	0.47338	0.01785	0.13884	0.01288	0.06563	0.00985	0.00611	0.00475	0.00148	0.00501	0.00483	0.00445	0.00757
10	0.00585	0.00418	0.00557	0.00664	0.00694	0.00390	0.00444	0.00672	0.00927	0.01238	0.04658	0.80815	0.03197	0.01484	0.00609	0.00193	0.00276	0.01346	0.00446	0.00390
11	0.00920	0.00668	0.03363	0.07629	0.05139	0.00619	0.00765	0.01125	0.01074	0.09944	0.02363	0.10025	0.10714	0.05311	0.00676	0.00201	0.00427	0.35142	0.03399	0.00497
12	0.05908	0.07415	0.01483	0.01191	0.02863	0.38022	0.04474	0.18865	0.07506	0.01712	0.00921	0.01022	0.00728	0.00529	0.00503	0.00138	0.05403	0.00367	0.00313	0.00636
13	0.78101	0.05169	0.04692	0.00674	0.00995	0.01115	0.00594	0.01412	0.00831	0.02062	0.00675	0.00787	0.00527	0.00442	0.00304	0.00146	0.00393	0.00263	0.00287	0.00532
14	0.08141	0.14757	0.27917	0.01167	0.03788	0.07843	0.04812	0.05271	0.09352	0.10987	0.01058	0.01119	0.00778	0.00488	0.00429	0.00141	0.00584	0.00377	0.00305	0.00685
15	0.00784	0.00595	0.03164	0.04523	0.02406	0.00547	0.00616	0.00970	0.03023	0.06292	0.12288	0.39256	0.04575	0.05337	0.00692	0.00198	0.01571	0.12270	0.00431	0.00460
16	0.01332	0.01109	0.06966	0.07703	0.13134	0.01065	0.04654	0.20797	0.07761	0.11701	0.09451	0.01740	0.03432	0.00624	0.00529	0.00153	0.02963	0.02890	0.00398	0.01599
17	0.00582	0.00416	0.00555	0.00666	0.00693	0.00388	0.00444	0.00666	0.00915	0.01220	0.02634	0.82891	0.03161	0.01497	0.00610	0.00194	0.00277	0.01359	0.00444	0.00388
18	0.00991	0.00850	0.00991	0.00708	0.01133	0.00637	0.00566	0.01203	0.00991	0.01557	0.00850	0.00991	0.00708	0.00354	0.00354	0.00071	0.00354	0.00283	0.00283	0.86124
19	0.05306	0.00795	0.05792	0.00832	0.00945	0.04456	0.00677	0.00986	0.00825	0.01217	0.01292	0.10629	0.01301	0.12833	0.33600	0.00452	0.12790	0.00580	0.04246	0.00447
20	0.05968	0.01224	0.01304	0.01033	0.01388	0.01355	0.00843	0.54528	0.18182	0.06022	0.01316	0.01279	0.00947	0.00580	0.00469	0.00147	0.00480	0.00445	0.00473	0.02018
21	0.01322	0.38175	0.16555	0.02543	0.14050	0.07194	0.01110	0.06296	0.01127	0.06323	0.00851	0.00969	0.00683	0.00448	0.00393	0.00125	0.00578	0.00332	0.00253	0.00673
22	0.04092	0.03664	0.05406	0.04581	0.35074	0.01139	0.18126	0.01412	0.02320	0.01505	0.00959	0.03896	0.00824	0.00506	0.00583	0.00151	0.08249	0.01285	0.00250	0.05978
23	0.00696	0.00461	0.00526	0.00528	0.00533	0.00458	0.00301	0.00691	0.00707	0.00938	0.01596	0.04368	0.04222	0.74990	0.02314	0.04937	0.00451	0.00701	0.00293	0.00291
24	0.01188	0.06034	0.01209	0.08147	0.01383	0.00907	0.03078	0.14220	0.03800	0.06802	0.02302	0.06560	0.01007	0.00524	0.00421	0.00114	0.00424	0.00434	0.03870	0.37574
25	0.05947	0.00473	0.00625	0.00703	0.00761	0.00456	0.02260	0.00744	0.00921	0.01293	0.02469	0.72833	0.02924	0.01400	0.00591	0.00192	0.00302	0.04272	0.00430	0.00404
26	0.00997	0.00844	0.00984	0.00718	0.01123	0.00651	0.00571	0.03513	0.01025	0.01586	0.00942	0.04827	0.00826	0.00414	0.00370	0.00079	0.00356	0.00338	0.00297	0.79542
27	0.01340	0.03833	0.10222	0.01102	0.05369	0.01087	0.04487	0.28910	0.02360	0.04588	0.01029	0.02229	0.00792	0.00478	0.00433	0.00120	0.00492	0.00387	0.00351	0.30390
28	0.01018	0.00757	0.05755	0.00702	0.00970	0.00591	0.00592	0.02460	0.02231	0.14523	0.30669	0.02550	0.12266	0.00753	0.00487	0.00133	0.00320	0.00638	0.04391	0.18193
29	0.00686	0.00503	0.00602	0.00588	0.00704	0.00471	0.00435	0.00909	0.04375	0.01644	0.42515	0.07662	0.20570	0.07443	0.00698	0.00180	0.00264	0.03531	0.05784	0.00436
30	0.01354	0.03212	0.07421	0.00999	0.05281	0.00958	0.00818	0.22598	0.01382	0.12105	0.01165	0.05430	0.00927	0.00576	0.01891	0.00130	0.00463	0.00421	0.00374	0.32495
31	0.05382	0.00471	0.00459	0.00455	0.00576	0.00478	0.00344	0.01129	0.00992	0.01801	0.01512	0.01729	0.01188	0.00551	0.00332	0.00113	0.00230	0.00436	0.81372	0.00449
32	0.01031	0.00860	0.01131	0.14687	0.03978	0.00834	0.01931	0.08917	0.01128	0.02672	0.07099	0.06975	0.01182	0.00563	0.00503	0.00121	0.05365	0.00464	0.01888	0.38671

[dist]
# distance from previous block
# <min> <max>
5	6

[block]
# block no. 6 follows, 53 sequences, length 24
# corresponding to MSA columns:
# 333-356
name=unknown_G
#
# <colnr> <probs for GDERKNQSTAVLIFYWHMCP>
#	G	D	E	R	K	N	Q	S	T	A	V	L	I	F	Y	W	H	M	C	P
0	0.00806	0.00646	0.00817	0.03296	0.00926	0.02627	0.00598	0.05304	0.01032	0.01430	0.18475	0.16037	0.05218	0.08293	0.20167	0.00337	0.10032	0.00741	0.02764	0.00453
1	0.00685	0.00503	0.00720	0.00720	0.00789	0.00571	0.00537	0.00823	0.00754	0.01074	0.01324	0.02122	0.01301	0.19139	0.65899	0.00709	0.01121	0.00548	0.00263	0.00400
2	0.01035	0.00488	0.00522	0.00492	0.00633	0.00475	0.00376	0.01253	0.01044	0.10831	0.01597	0.01764	0.01220	0.00561	0.00351	0.00116	0.00244	0.00450	0.76061	0.00488
3	0.06247	0.01317	0.01396	0.01075	0.01453	0.01461	0.00888	0.74591	0.02172	0.02967	0.01122	0.01128	0.00797	0.00567	0.00469	0.00144	0.00518	0.00421	0.00469	0.00797
4	0.02577	0.13193	0.20864	0.01861	0.30224	0.02577	0.08043	0.01467	0.01036	0.03433	0.00911	0.01215	0.00756	0.00494	0.00539	0.00148	0.06885	0.02857	0.00239	0.00680
5	0.01445	0.00913	0.01105	0.00986	0.05215	0.00939	0.00742	0.29024	0.04791	0.19512	0.11915	0.11216	0.03061	0.02078	0.02499	0.00174	0.00438	0.02786	0.00484	0.00677
6	0.01035	0.00488	0.00522	0.00492	0.00633	0.00475	0.00376	0.01253	0.01044	0.10831	0.01597	0.01764	0.01220	0.00561	0.00351	0.00116	0.00244	0.00450	0.76061	0.00488
7	0.01844	0.01139	0.16408	0.00957	0.01382	0.00803	0.00914	0.03326	0.03657	0.59566	0.01697	0.01611	0.01119	0.00587	0.00481	0.00151	0.00466	0.02605	0.00507	0.00781
8	0.01304	0.18249	0.26045	0.01167	0.03471	0.07431	0.04126	0.09239	0.10182	0.08425	0.01146	0.01207	0.02685	0.00520	0.00468	0.00141	0.02802	0.00397	0.00308	0.00688
9	0.01554	0.01373	0.20621	0.04147	0.01499	0.07391	0.00996	0.12503	0.01347	0.31786	0.02722	0.03092	0.06176	0.01988	0.00511	0.00154	0.00528	0.00486	0.00419	0.00707
10	0.01655	0.46284	0.01890	0.00843	0.01235	0.01388	0.00774	0.04980	0.01186	0.33693	0.01184	0.01134	0.00855	0.00490	0.00385	0.00123	0.00469	0.00355	0.00374	0.00703
11	0.00830	0.00415	0.00623	0.00623	0.00623	0.00415	0.00415	0.00623	0.00623	0.00830	0.00830	0.01453	0.00830	0.01660	0.01868	0.86094	0.00415	0.00415	0.00208	0.00208
12	0.01289	0.06046	0.42820	0.03550	0.04540	0.02785	0.03223	0.06058	0.03610	0.16715	0.01088	0.01166	0.00765	0.00505	0.00501	0.00150	0.03775	0.00394	0.00305	0.00715
13	0.17729	0.04265	0.01242	0.05563	0.01375	0.04415	0.04829	0.27862	0.06065	0.05348	0.02391	0.07073	0.02954	0.02011	0.00517	0.00158	0.02536	0.02639	0.00387	0.00639
14	0.00981	0.00881	0.07049	0.00864	0.01021	0.00888	0.00717	0.14530	0.02357	0.01497	0.01266	0.01895	0.02385	0.21459	0.21638	0.00389	0.13209	0.00520	0.05952	0.00503
15	0.01160	0.01209	0.12006	0.01223	0.01360	0.01329	0.01102	0.01334	0.00842	0.10320	0.00803	0.01108	0.00688	0.00757	0.01295	0.00194	0.62019	0.00417	0.00252	0.00581
16	0.01566	0.01148	0.01473	0.05780	0.04818	0.01227	0.09785	0.46995	0.01778	0.08473	0.01231	0.03179	0.00914	0.00564	0.00477	0.00145	0.00522	0.00472	0.08723	0.00730
17	0.00623	0.00464	0.00621	0.00711	0.00747	0.00462	0.00501	0.00719	0.00924	0.01234	0.02572	0.70172	0.05072	0.01439	0.00667	0.00196	0.04944	0.07104	0.00430	0.00400
18	0.00597	0.00426	0.00571	0.00682	0.00716	0.00401	0.00469	0.00690	0.00929	0.01236	0.02626	0.76940	0.03130	0.01484	0.00614	0.00196	0.00290	0.07167	0.00443	0.00392
19	0.00891	0.00445	0.00445	0.00445	0.00557	0.00445	0.00334	0.01114	0.01002	0.01782	0.01559	0.01782	0.01225	0.00557	0.00334	0.00111	0.00223	0.00445	0.85856	0.00445
20	0.01308	0.04085	0.01067	0.00866	0.01156	0.00966	0.00690	0.02113	0.42781	0.18864	0.06422	0.01987	0.06603	0.00669	0.00480	0.00150	0.00371	0.01669	0.00481	0.07273
21	0.76838	0.01080	0.00777	0.00698	0.00988	0.10287	0.00564	0.01463	0.00876	0.02032	0.00674	0.00786	0.00529	0.00449	0.00311	0.00145	0.00426	0.00264	0.00290	0.00522
22	0.02244	0.03565	0.21998	0.03618	0.06238	0.00934	0.02295	0.07261	0.05273	0.01672	0.04034	0.03125	0.00931	0.00476	0.00423	0.00119	0.00487	0.00391	0.00293	0.34624
23	0.08478	0.01113	0.03526	0.22650	0.14616	0.09028	0.01008	0.09408	0.02481	0.05782	0.00986	0.01187	0.00755	0.00478	0.00432	0.00136	0.00537	0.00388	0.06564	0.10448

[dist]
# distance from previous block
# <min> <max>
0	42

[block]
# block no. 7 follows, 53 sequences, length 26
# corresponding to MSA columns:
# 422-447
name=unknown_H
#
# <colnr> <probs for GDERKNQSTAVLIFYWHMCP>
#	G	D	E	R	K	N	Q	S	T	A	V	L	I	F	Y	W	H	M	C	P
0	0.05068	0.00925	0.03526	0.07750	0.05019	0.01809	0.13123	0.14051	0.01244	0.06910	0.05808	0.22166	0.04591	0.01836	0.00543	0.00163	0.00477	0.00722	0.01274	0.02996
1	0.01250	0.09890	0.01478	0.27556	0.05756	0.09417	0.02212	0.18842	0.01301	0.01678	0.04820	0.01276	0.00903	0.00571	0.00548	0.02737	0.04485	0.00420	0.04258	0.00601
2	0.04944	0.00985	0.05332	0.46204	0.13347	0.01055	0.03537	0.01413	0.10149	0.01433	0.01192	0.01514	0.04372	0.00535	0.00479	0.00158	0.00572	0.01922	0.00267	0.00593
3	0.01276	0.14105	0.25851	0.06889	0.10085	0.01128	0.01167	0.09028	0.01180	0.14912	0.01204	0.08973	0.00988	0.00581	0.00457	0.00146	0.00547	0.00476	0.00323	0.00683
4	0.02021	0.00939	0.04981	0.00992	0.05179	0.00789	0.00803	0.06703	0.01388	0.68338	0.01745	0.01547	0.01113	0.00576	0.00479	0.00148	0.00436	0.00469	0.00549	0.00805
5	0.00782	0.00470	0.00627	0.00688	0.00764	0.00431	0.00480	0.00881	0.00980	0.11220	0.02592	0.69411	0.04766	0.01373	0.00594	0.00188	0.00296	0.02553	0.00462	0.00443
6	0.05605	0.00873	0.07341	0.13847	0.01488	0.00798	0.07167	0.04239	0.04741	0.08255	0.14143	0.19875	0.04660	0.02363	0.00579	0.00170	0.02193	0.00734	0.00384	0.00545
7	0.05317	0.01205	0.08355	0.05329	0.35181	0.02444	0.12760	0.04994	0.03398	0.06575	0.01074	0.05109	0.00883	0.00500	0.00478	0.00146	0.00571	0.00475	0.00289	0.04917
8	0.00683	0.00458	0.00525	0.00537	0.00540	0.00455	0.00307	0.00692	0.00720	0.00959	0.01632	0.12006	0.01896	0.74108	0.02230	0.00433	0.00443	0.00769	0.00307	0.00301
9	0.00770	0.00649	0.00897	0.13864	0.10779	0.00657	0.00711	0.01011	0.04942	0.01443	0.17401	0.03116	0.30499	0.01023	0.02977	0.04422	0.00395	0.03577	0.00382	0.00485
10	0.02695	0.06757	0.38839	0.01540	0.09705	0.04949	0.14481	0.12374	0.01222	0.01704	0.00901	0.01068	0.00669	0.00458	0.00465	0.00147	0.00674	0.00397	0.00255	0.00700
11	0.00957	0.00899	0.01226	0.01070	0.01070	0.01211	0.00855	0.01035	0.00723	0.01094	0.00849	0.01571	0.00908	0.21634	0.01787	0.00273	0.61657	0.00488	0.00229	0.00464
12	0.02083	0.00852	0.01126	0.00870	0.01236	0.00768	0.00716	0.06586	0.04940	0.72688	0.01847	0.01607	0.01175	0.00593	0.00481	0.00148	0.00412	0.00481	0.00581	0.00811
13	0.01478	0.12879	0.01544	0.16646	0.07699	0.46944	0.01010	0.01657	0.01197	0.01220	0.00785	0.00978	0.00647	0.00475	0.00423	0.00128	0.00731	0.00336	0.02651	0.00570
14	0.17594	0.14454	0.47523	0.03560	0.01731	0.01237	0.01330	0.04770	0.01017	0.01631	0.00803	0.00941	0.00600	0.00451	0.00403	0.00143	0.00602	0.00325	0.00233	0.00655
15	0.01221	0.00995	0.01047	0.00927	0.01192	0.01137	0.00725	0.10350	0.62560	0.02081	0.01819	0.01717	0.01365	0.00630	0.00469	0.00155	0.00376	0.00518	0.09988	0.00728
16	0.01785	0.02278	0.01354	0.01231	0.01478	0.81284	0.00924	0.01909	0.01354	0.01170	0.00739	0.00862	0.00616	0.00493	0.00431	0.00123	0.00862	0.00308	0.00246	0.00554
17	0.01245	0.64032	0.08411	0.00868	0.01294	0.05513	0.00869	0.01435	0.00995	0.01205	0.00704	0.00815	0.00623	0.00410	0.00329	0.00104	0.00526	0.00269	0.00215	0.10136
18	0.00580	0.00485	0.00505	0.00500	0.00655	0.00410	0.00375	0.00715	0.01125	0.01376	0.15023	0.04460	0.69793	0.01179	0.00565	0.00160	0.00240	0.00989	0.00455	0.00410
19	0.00695	0.00463	0.00521	0.00521	0.00521	0.00463	0.00290	0.00695	0.00695	0.00927	0.01506	0.03128	0.01738	0.83203	0.02433	0.00463	0.00463	0.00695	0.00290	0.00290
20	0.00715	0.00783	0.09632	0.00799	0.00948	0.00660	0.00677	0.00871	0.00938	0.01272	0.02521	0.37320	0.20142	0.01191	0.02103	0.00188	0.13491	0.00951	0.00369	0.04430
21	0.00690	0.00463	0.00593	0.00638	0.00706	0.00426	0.00437	0.00796	0.00993	0.05126	0.14763	0.51444	0.07908	0.10431	0.00793	0.00211	0.00295	0.01126	0.00444	0.01715
22	0.01981	0.00777	0.01057	0.00823	0.01164	0.00674	0.00674	0.02170	0.01366	0.71799	0.10577	0.01843	0.01553	0.00634	0.00490	0.00148	0.00387	0.00523	0.00584	0.00773
23	0.05986	0.00844	0.01106	0.00852	0.01219	0.00757	0.00704	0.05940	0.01385	0.73258	0.01795	0.01565	0.01135	0.00584	0.00472	0.00148	0.00411	0.00468	0.00573	0.00800
24	0.01128	0.01121	0.02036	0.15230	0.52547	0.01139	0.16843	0.01441	0.01075	0.01502	0.00905	0.01219	0.00732	0.00429	0.00492	0.00149	0.00626	0.00453	0.00234	0.00699
25	0.01342	0.00645	0.00858	0.00721	0.00951	0.00580	0.00570	0.01575	0.03112	0.36949	0.43431	0.02664	0.02959	0.00798	0.00525	0.00150	0.00310	0.00686	0.00554	0.00619

[dist]
# distance from previous block
# <min> <max>
0	21

[block]
# block no. 8 follows, 53 sequences, length 14
# corresponding to MSA columns:
# 469-482
name=unknown_I
#
# <colnr> <probs for GDERKNQSTAVLIFYWHMCP>
#	G	D	E	R	K	N	Q	S	T	A	V	L	I	F	Y	W	H	M	C	P
0	0.00583	0.00466	0.00522	0.00548	0.00667	0.00405	0.00396	0.00705	0.01071	0.01344	0.12931	0.26256	0.49900	0.01263	0.00577	0.00169	0.00250	0.01089	0.00453	0.00405
1	0.01707	0.00931	0.01112	0.00895	0.01208	0.00937	0.00722	0.26071	0.07910	0.35967	0.05399	0.08750	0.01422	0.00687	0.00490	0.00150	0.00415	0.00564	0.03924	0.00739
2	0.09455	0.01100	0.08028	0.00961	0.04435	0.07052	0.00765	0.20587	0.01254	0.06820	0.01239	0.01850	0.01120	0.22302	0.07826	0.00282	0.00591	0.03416	0.00346	0.00570
3	0.01094	0.00917	0.00996	0.00910	0.01148	0.01035	0.00713	0.04303	0.59338	0.01957	0.12033	0.02338	0.03834	0.00753	0.00511	0.00164	0.00364	0.06418	0.00487	0.00686
4	0.00810	0.00542	0.00624	0.00613	0.00765	0.00496	0.00463	0.03914	0.02436	0.08432	0.09150	0.20193	0.37021	0.01120	0.00550	0.00165	0.00285	0.04980	0.06975	0.00467
5	0.00684	0.00497	0.00641	0.00705	0.00772	0.00490	0.00499	0.06178	0.01011	0.01348	0.02502	0.63624	0.06147	0.01597	0.07714	0.00241	0.00388	0.04108	0.00429	0.00424
6	0.01082	0.00998	0.04320	0.58389	0.11437	0.03890	0.03281	0.01389	0.01027	0.08268	0.00946	0.01272	0.00699	0.00480	0.00477	0.00155	0.00624	0.00427	0.00250	0.00591
7	0.01313	0.00676	0.00937	0.02191	0.01054	0.00695	0.00659	0.01537	0.04305	0.32917	0.01534	0.01755	0.01183	0.03622	0.36726	0.00434	0.03758	0.00497	0.03610	0.00598
8	0.01076	0.06883	0.10476	0.33976	0.21782	0.01072	0.01257	0.01369	0.01020	0.07262	0.01060	0.07429	0.00895	0.00549	0.00490	0.00153	0.01886	0.00480	0.00263	0.00623
9	0.01336	0.07561	0.01778	0.09510	0.48099	0.14965	0.01257	0.01579	0.01133	0.06985	0.00918	0.01135	0.00741	0.00452	0.00454	0.00138	0.00609	0.00396	0.00259	0.00695
10	0.00898	0.00714	0.06437	0.03842	0.07972	0.00598	0.00697	0.02961	0.01040	0.10833	0.05675	0.49687	0.02411	0.03140	0.00606	0.00183	0.00370	0.01006	0.00419	0.00510
11	0.04230	0.01037	0.03792	0.12173	0.49046	0.01031	0.02985	0.04548	0.01084	0.01550	0.01147	0.13030	0.01080	0.00595	0.00489	0.00153	0.00534	0.00556	0.00275	0.00665
12	0.03784	0.05838	0.19597	0.08341	0.02871	0.16251	0.03068	0.03743	0.02183	0.21382	0.04110	0.03644	0.01988	0.00558	0.00460	0.00144	0.00591	0.00442	0.00346	0.00659
13	0.05531	0.01239	0.05093	0.07232	0.01549	0.12247	0.06191	0.17109	0.05119	0.22272	0.02105	0.03783	0.02219	0.00579	0.00495	0.00146	0.02384	0.00464	0.00403	0.03840

[dist]
# distance from previous block
# <min> <max>
2	37

[block]
# block no. 9 follows, 53 sequences, length 20
# corresponding to MSA columns:
# 526-545
name=unknown_J
#
# <colnr> <probs for GDERKNQSTAVLIFYWHMCP>
#	G	D	E	R	K	N	Q	S	T	A	V	L	I	F	Y	W	H	M	C	P
0	0.03198	0.17203	0.09412	0.02281	0.04014	0.06966	0.10029	0.08147	0.02956	0.14720	0.04105	0.01467	0.04647	0.00562	0.00490	0.00141	0.03610	0.01362	0.04043	0.00648
1	0.02368	0.17268	0.01445	0.04538	0.03776	0.01155	0.02899	0.18820	0.04804	0.14776	0.02229	0.04065	0.03431	0.04617	0.01568	0.00160	0.02666	0.00468	0.03170	0.05778
2	0.03763	0.18818	0.16620	0.02224	0.04633	0.11149	0.00979	0.07396	0.03270	0.05576	0.01116	0.01259	0.03571	0.00765	0.06739	0.00185	0.04443	0.00391	0.06488	0.00617
3	0.00991	0.05103	0.03676	0.06847	0.01281	0.00887	0.09529	0.13151	0.02683	0.01492	0.01470	0.16056	0.02348	0.20642	0.01058	0.03065	0.03652	0.01849	0.02156	0.02065
4	0.01733	0.05762	0.01431	0.01038	0.01407	0.04841	0.04822	0.38613	0.01700	0.22073	0.01249	0.01256	0.00883	0.01766	0.00514	0.00143	0.02255	0.00426	0.00444	0.07644
5	0.00993	0.00531	0.00697	0.00685	0.00818	0.00483	0.00504	0.01132	0.01098	0.20242	0.13757	0.39941	0.05731	0.03369	0.00608	0.00179	0.00307	0.03528	0.04895	0.00501
6	0.00684	0.12559	0.00840	0.00688	0.00771	0.00608	0.00498	0.00777	0.00923	0.01206	0.02346	0.70886	0.02789	0.01338	0.00566	0.00181	0.00311	0.01198	0.00409	0.00421
7	0.03498	0.00571	0.00828	0.00794	0.00927	0.00535	0.06164	0.01043	0.01048	0.12949	0.10591	0.46491	0.02692	0.03374	0.00626	0.00188	0.00348	0.06403	0.00451	0.00481
8	0.01099	0.05978	0.44546	0.03624	0.08906	0.01029	0.02816	0.01499	0.01023	0.10938	0.01039	0.01226	0.00778	0.00923	0.12273	0.00238	0.00731	0.00399	0.00261	0.00672
9	0.08269	0.00821	0.01080	0.00834	0.01199	0.00729	0.00689	0.02262	0.01328	0.74865	0.01797	0.01565	0.01135	0.00581	0.00467	0.00148	0.00404	0.00465	0.00570	0.00792
10	0.00841	0.00479	0.00741	0.12526	0.01013	0.00510	0.00548	0.00710	0.00671	0.00887	0.00833	0.01427	0.00802	0.01488	0.01665	0.73532	0.00448	0.00417	0.00208	0.00255
11	0.01066	0.01443	0.22851	0.17995	0.40618	0.01118	0.05196	0.01434	0.01043	0.01481	0.00882	0.01160	0.00692	0.00442	0.00473	0.00149	0.00630	0.00413	0.00223	0.00694
12	0.00991	0.00850	0.00991	0.00708	0.01133	0.00637	0.00566	0.01203	0.00991	0.01557	0.00850	0.00991	0.00708	0.00354	0.00354	0.00071	0.00354	0.00283	0.00283	0.86124
13	0.00648	0.00485	0.00625	0.00636	0.00725	0.00485	0.00468	0.00786	0.00959	0.01288	0.15761	0.13194	0.19246	0.12829	0.26503	0.00399	0.00610	0.03573	0.00378	0.00403
14	0.01792	0.01066	0.01238	0.00971	0.01317	0.01106	0.00801	0.44144	0.01838	0.28405	0.07174	0.01684	0.01296	0.00645	0.00494	0.00149	0.00461	0.04134	0.00517	0.00769
15	0.00723	0.00539	0.00729	0.00765	0.00874	0.00545	0.00632	0.00925	0.01116	0.01501	0.23572	0.04254	0.10510	0.01473	0.10355	0.00261	0.03162	0.37190	0.00434	0.00441
16	0.66136	0.00850	0.00731	0.00645	0.00921	0.00947	0.00525	0.01418	0.00944	0.09435	0.12372	0.01264	0.01163	0.00535	0.00352	0.00148	0.00352	0.00368	0.00357	0.00536
17	0.01001	0.00688	0.02899	0.00817	0.00911	0.00743	0.00637	0.01076	0.00817	0.12658	0.01210	0.01865	0.01130	0.19849	0.22139	0.13159	0.17148	0.00511	0.00295	0.00447
18	0.01271	0.01303	0.01854	0.02685	0.68711	0.12851	0.01387	0.01531	0.01127	0.01504	0.00876	0.01136	0.00736	0.00436	0.00467	0.00139	0.00611	0.00409	0.00238	0.00727
19	0.07967	0.00912	0.03253	0.44028	0.15240	0.00986	0.01150	0.01425	0.01028	0.12969	0.01070	0.03836	0.00821	0.00517	0.00463	0.00153	0.00550	0.00448	0.02579	0.00606

[dist]
# distance from previous block
# <min> <max>
0	10

[block]
# block no. 10 follows, 53 sequences, length 13
# corresponding to MSA columns:
# 556-568
name=unknown_K
#
# <colnr> <probs for GDERKNQSTAVLIFYWHMCP>
#	G	D	E	R	K	N	Q	S	T	A	V	L	I	F	Y	W	H	M	C	P
0	0.00833	0.00714	0.01099	0.42877	0.04331	0.00803	0.00944	0.02511	0.01029	0.01388	0.11435	0.19578	0.01719	0.00762	0.00507	0.00159	0.00473	0.00680	0.02607	0.05550
1	0.00830	0.00415	0.00623	0.00623	0.00623	0.00415	0.00415	0.00623	0.00623	0.00830	0.00830	0.01453	0.00830	0.01660	0.01868	0.86094	0.00415	0.00415	0.00208	0.00208
2	0.00830	0.00415	0.00623	0.00623	0.00623	0.00415	0.00415	0.00623	0.00623	0.00830	0.00830	0.01453	0.00830	0.01660	0.01868	0.86094	0.00415	0.00415	0.00208	0.00208
3	0.01116	0.42284	0.42289	0.01095	0.01655	0.01494	0.01300	0.01473	0.00990	0.01322	0.00763	0.00890	0.00609	0.00432	0.00382	0.00127	0.00610	0.00305	0.00203	0.00661
4	0.01088	0.00620	0.00696	0.00643	0.00806	0.00631	0.00489	0.09622	0.06623	0.10469	0.01753	0.15483	0.01534	0.03024	0.02052	0.00159	0.00323	0.00617	0.42835	0.00533
5	0.00692	0.00548	0.00647	0.00580	0.00762	0.00467	0.00441	0.00881	0.01203	0.01646	0.41407	0.03478	0.29147	0.00950	0.00529	0.00141	0.00253	0.00814	0.00457	0.14957
6	0.01871	0.00798	0.01054	0.00827	0.01154	0.00718	0.00675	0.07777	0.01431	0.61440	0.15066	0.01921	0.01719	0.00656	0.00495	0.00148	0.00385	0.00542	0.00572	0.00752
7	0.00840	0.00583	0.00744	0.00820	0.04648	0.00586	0.00554	0.01156	0.14260	0.06100	0.05971	0.48179	0.02487	0.01175	0.00612	0.04007	0.00317	0.01004	0.05467	0.00492
8	0.15508	0.00870	0.00946	0.00706	0.01102	0.00735	0.00567	0.01297	0.04455	0.01677	0.00867	0.00990	0.00709	0.00382	0.00350	0.00088	0.00358	0.00291	0.00294	0.67807
9	0.03255	0.31874	0.20218	0.00903	0.01298	0.02621	0.00925	0.01335	0.00996	0.06082	0.01234	0.14940	0.02701	0.02268	0.00456	0.00139	0.00495	0.00506	0.00284	0.07469
10	0.15699	0.59948	0.11416	0.00850	0.01275	0.01660	0.00879	0.01436	0.00949	0.01343	0.00687	0.00797	0.00596	0.00420	0.00322	0.00116	0.00510	0.00268	0.00220	0.00608
11	0.00729	0.00824	0.14193	0.00727	0.00943	0.00562	0.00677	0.00997	0.01223	0.01734	0.48151	0.04870	0.11201	0.00918	0.00538	0.00154	0.00322	0.05256	0.05492	0.00487
12	0.15683	0.54671	0.10725	0.00851	0.01264	0.01596	0.00865	0.01418	0.00944	0.01362	0.00694	0.00812	0.00601	0.00427	0.00352	0.00116	0.02388	0.00272	0.00224	0.04735

[dist]
# distance from previous block
# <min> <max>
0	4

[block]
# block no. 11 follows, 53 sequences, length 26
# corresponding to MSA columns:
# 573-598
name=unknown_L
#
# <colnr> <probs for GDERKNQSTAVLIFYWHMCP>
#	G	D	E	R	K	N	Q	S	T	A	V	L	I	F	Y	W	H	M	C	P
0	0.06031	0.43211	0.23900	0.01052	0.01535	0.03262	0.04978	0.08415	0.01104	0.01481	0.00778	0.00897	0.00629	0.00440	0.00378	0.00125	0.00581	0.00315	0.00236	0.00652
1	0.01134	0.02227	0.68969	0.01287	0.01943	0.01050	0.01609	0.01634	0.01062	0.13185	0.01010	0.01100	0.00691	0.00474	0.00458	0.00151	0.00662	0.00372	0.00259	0.00722
2	0.06185	0.13526	0.08253	0.08188	0.01429	0.00972	0.00842	0.03240	0.02666	0.40062	0.05535	0.03742	0.01184	0.00577	0.00448	0.00143	0.00456	0.00461	0.00433	0.01657
3	0.01444	0.02879	0.27587	0.01246	0.05782	0.01146	0.04055	0.25309	0.04935	0.15550	0.02123	0.03684	0.00939	0.00556	0.00476	0.00149	0.00560	0.00453	0.00380	0.00746
4	0.00678	0.00456	0.00526	0.00543	0.00547	0.00452	0.00312	0.00691	0.00728	0.00970	0.01673	0.14907	0.01948	0.71137	0.02164	0.00424	0.00436	0.00793	0.00312	0.00304
5	0.00903	0.00850	0.01434	0.82054	0.03292	0.01062	0.01327	0.01221	0.00956	0.01221	0.00850	0.01274	0.00637	0.00478	0.00478	0.00159	0.00637	0.00425	0.00212	0.00531
6	0.01153	0.06583	0.06690	0.02418	0.01583	0.03211	0.22371	0.04199	0.04424	0.10736	0.01645	0.05998	0.01528	0.00781	0.00551	0.00173	0.00568	0.24424	0.00366	0.00598
7	0.01187	0.01398	0.10435	0.01811	0.03369	0.01225	0.57458	0.09631	0.05366	0.01709	0.01026	0.01271	0.00761	0.00439	0.00539	0.00158	0.00741	0.00526	0.00275	0.00676
8	0.00652	0.00534	0.00678	0.12617	0.01086	0.00521	0.00572	0.00803	0.01022	0.01271	0.03396	0.17882	0.40665	0.04939	0.00659	0.00189	0.00344	0.11348	0.00402	0.00419
9	0.01039	0.01011	0.01719	0.34069	0.30253	0.01150	0.07564	0.01319	0.00986	0.01361	0.00874	0.01282	0.00723	0.00521	0.00647	0.00162	0.12686	0.01789	0.00227	0.00618
10	0.01184	0.24062	0.42438	0.01183	0.01727	0.06288	0.04006	0.03971	0.05215	0.04397	0.00907	0.01013	0.00685	0.00462	0.00420	0.00137	0.00633	0.00348	0.00245	0.00680
11	0.00588	0.00428	0.00557	0.00657	0.00701	0.00396	0.00449	0.00681	0.00939	0.01235	0.02837	0.72417	0.10331	0.01463	0.00608	0.00192	0.00281	0.04405	0.00444	0.00392
12	0.01899	0.00741	0.00979	0.00771	0.01090	0.00652	0.00630	0.02091	0.01296	0.65119	0.01822	0.01657	0.01191	0.00585	0.00452	0.00141	0.00371	0.00474	0.17297	0.00741
13	0.01112	0.04832	0.03983	0.00900	0.01115	0.03056	0.12051	0.07664	0.01052	0.11689	0.01488	0.04194	0.03660	0.34739	0.02420	0.00286	0.00523	0.00594	0.04135	0.00507
14	0.05287	0.11222	0.15970	0.01039	0.01405	0.01207	0.03841	0.03440	0.37418	0.04550	0.02507	0.01602	0.02219	0.00602	0.00491	0.00155	0.02781	0.03197	0.00376	0.00691
15	0.01865	0.01261	0.01386	0.01063	0.01444	0.01367	0.00878	0.67360	0.02117	0.14463	0.01257	0.01218	0.00868	0.00576	0.00479	0.00144	0.00508	0.00438	0.00495	0.00813
